bloco_id,USER_FINISHED,DATE_FINISHED,itens,n_items,total_done,duracao_bloco,delta_tempo
10107129ARAUJOJ_2025-04-06_G02,10107129ARAUJOJ,2025-04-06,122962,1,20,0,1346.0
10107129ARAUJOJ_2025-04-07_G02,10107129ARAUJOJ,2025-04-07,181280,1,1,0,127.0
10107129ARAUJOJ_2025-04-07_G03,10107129ARAUJOJ,2025-04-07,180026,1,6,0,1178.0
10107129ARAUJOJ_2025-04-07_G04,10107129ARAUJOJ,2025-04-07,120272,1,2,0,862.0
10107129ARAUJOJ_2025-04-07_G05,10107129ARAUJOJ,2025-04-07,122985,1,18,0,510.0
10107129ARAUJOJ_2025-04-07_G06,10107129ARAUJOJ,2025-04-07,121928,1,6,0,67.0
10107129ARAUJOJ_2025-04-07_G07,10107129ARAUJOJ,2025-04-07,121760,1,6,0,112.0
10107129ARAUJOJ_2025-04-07_G08,10107129ARAUJOJ,2025-04-07,124248,1,6,0,211.0
10107129ARAUJOJ_2025-04-07_G09,10107129ARAUJOJ,2025-04-07,124248,1,20,0,361.0
10107129ARAUJOJ_2025-04-07_G10,10107129ARAUJOJ,2025-04-07,123561,1,4,0,83.0
10107129ARAUJOJ_2025-04-07_G11,10107129ARAUJOJ,2025-04-07,123343,1,12,0,613.0
10107129ARAUJOJ_2025-04-07_G12,10107129ARAUJOJ,2025-04-07,123344,1,2,0,159.0
10107129ARAUJOJ_2025-04-07_G13,10107129ARAUJOJ,2025-04-07,122985,1,2,0,139.0
10107129ARAUJOJ_2025-04-07_G14,10107129ARAUJOJ,2025-04-07,122985,1,4,0,157.0
10107129ARAUJOJ_2025-04-07_G15,10107129ARAUJOJ,2025-04-07,124247,1,4,0,106.0
10107129ARAUJOJ_2025-04-07_G16,10107129ARAUJOJ,2025-04-07,120271,1,4,0,140.0
10107129ARAUJOJ_2025-04-07_G17,10107129ARAUJOJ,2025-04-07,123561,1,16,0,362.0
10107129ARAUJOJ_2025-04-07_G18,10107129ARAUJOJ,2025-04-07,122983,1,4,0,60.0
10107129ARAUJOJ_2025-04-07_G19,10107129ARAUJOJ,2025-04-07,122983,1,2,0,100.0
10107129ARAUJOJ_2025-04-07_G21,10107129ARAUJOJ,2025-04-07,123153,1,200,0,3008.0
10107129ARAUJOJ_2025-04-07_G22,10107129ARAUJOJ,2025-04-07,123345,1,200,0,61.0
10107129ARAUJOJ_2025-04-07_G23,10107129ARAUJOJ,2025-04-07,123947,1,100,0,2011.0
10107129ARAUJOJ_2025-04-07_G24,10107129ARAUJOJ,2025-04-07,"120339, 122673",2,22,18,954.0
10107129ARAUJOJ_2025-04-10_G02,10107129ARAUJOJ,2025-04-10,121760,1,4,0,88.0
10107129ARAUJOJ_2025-04-10_G03,10107129ARAUJOJ,2025-04-10,123153,1,4,0,215.0
10107129ARAUJOJ_2025-04-10_G04,10107129ARAUJOJ,2025-04-10,122671,1,4,0,72.0
10107129ARAUJOJ_2025-04-10_G05,10107129ARAUJOJ,2025-04-10,124475,1,2,0,124.0
10107129ARAUJOJ_2025-04-10_G06,10107129ARAUJOJ,2025-04-10,123909,1,10,0,483.0
10107129ARAUJOJ_2025-04-10_G07,10107129ARAUJOJ,2025-04-10,123345,1,6,0,394.0
10107129ARAUJOJ_2025-04-11_G02,10107129ARAUJOJ,2025-04-11,124476,1,6,0,176.0
10107129ARAUJOJ_2025-04-11_G03,10107129ARAUJOJ,2025-04-11,122185,1,12,0,299.0
10107129ARAUJOJ_2025-04-11_G04,10107129ARAUJOJ,2025-04-11,123562,1,4,0,148.0
10107129ARAUJOJ_2025-04-11_G05,10107129ARAUJOJ,2025-04-11,124475,1,16,0,352.0
10107129ARAUJOJ_2025-04-11_G06,10107129ARAUJOJ,2025-04-11,124371,1,4,0,87.0
10107129ARAUJOJ_2025-04-11_G07,10107129ARAUJOJ,2025-04-11,123822,1,25,0,526.0
10107129ARAUJOJ_2025-04-11_G08,10107129ARAUJOJ,2025-04-11,121651,1,12,0,234.0
10107129ARAUJOJ_2025-04-11_G09,10107129ARAUJOJ,2025-04-11,122983,1,50,0,278.0
10107129ARAUJOJ_2025-04-11_G10,10107129ARAUJOJ,2025-04-11,123343,1,4,0,276.0
10107129ARAUJOJ_2025-04-13_G02,10107129ARAUJOJ,2025-04-13,123080,1,4,0,93.0
10107129ARAUJOJ_2025-04-13_G03,10107129ARAUJOJ,2025-04-13,122982,1,5,0,182.0
10107129ARAUJOJ_2025-04-14_G02,10107129ARAUJOJ,2025-04-14,181057,1,2,0,708.0
10107129ARAUJOJ_2025-04-14_G03,10107129ARAUJOJ,2025-04-14,180024,1,1,0,652.0
10107129ARAUJOJ_2025-04-14_G04,10107129ARAUJOJ,2025-04-14,180024,1,1,0,54.0
10107129ARAUJOJ_2025-04-14_G05,10107129ARAUJOJ,2025-04-14,123345,1,40,0,862.0
10107129ARAUJOJ_2025-04-14_G06,10107129ARAUJOJ,2025-04-14,124476,1,8,0,190.0
10107129ARAUJOJ_2025-04-14_G07,10107129ARAUJOJ,2025-04-14,121760,1,6,0,231.0
10107129ARAUJOJ_2025-04-14_G08,10107129ARAUJOJ,2025-04-14,124370,1,8,0,163.0
10107129ARAUJOJ_2025-04-14_G09,10107129ARAUJOJ,2025-04-14,123909,1,6,0,71.0
10107129ARAUJOJ_2025-04-14_G10,10107129ARAUJOJ,2025-04-14,123909,1,10,0,70.0
10107129ARAUJOJ_2025-04-14_G11,10107129ARAUJOJ,2025-04-14,123343,1,4,0,330.0
10107129ARAUJOJ_2025-04-14_G12,10107129ARAUJOJ,2025-04-14,123345,1,8,0,372.0
10107129ARAUJOJ_2025-04-14_G13,10107129ARAUJOJ,2025-04-14,121760,1,8,0,190.0
10107129ARAUJOJ_2025-04-14_G14,10107129ARAUJOJ,2025-04-14,123561,1,3,0,75.0
10107129ARAUJOJ_2025-04-14_G15,10107129ARAUJOJ,2025-04-14,123344,1,26,0,1355.0
10107129ARAUJOJ_2025-04-14_G16,10107129ARAUJOJ,2025-04-14,123345,1,2,0,65.0
10107129ARAUJOJ_2025-04-14_G17,10107129ARAUJOJ,2025-04-14,124248,1,4,0,152.0
10107129ARAUJOJ_2025-04-14_G19,10107129ARAUJOJ,2025-04-14,121760,1,38,0,961.0
10107129ARAUJOJ_2025-04-14_G20,10107129ARAUJOJ,2025-04-14,124370,1,50,0,999.0
10107129ARAUJOJ_2025-04-14_G21,10107129ARAUJOJ,2025-04-14,123345,1,7,0,125.0
10107129ARAUJOJ_2025-04-14_G22,10107129ARAUJOJ,2025-04-14,124370,1,10,0,376.0
10107129ARAUJOJ_2025-04-14_G23,10107129ARAUJOJ,2025-04-14,121760,1,6,0,227.0
10107129ARAUJOJ_2025-04-14_G24,10107129ARAUJOJ,2025-04-14,120272,1,4,0,323.0
10107129ARAUJOJ_2025-04-14_G25,10107129ARAUJOJ,2025-04-14,121760,1,2,0,156.0
10107129ARAUJOJ_2025-04-14_G26,10107129ARAUJOJ,2025-04-14,124248,1,2,0,128.0
10107129ARAUJOJ_2025-04-14_G27,10107129ARAUJOJ,2025-04-14,122647,1,20,0,428.0
10107129ARAUJOJ_2025-04-14_G28,10107129ARAUJOJ,2025-04-14,123344,1,1,0,56.0
10107129ARAUJOJ_2025-04-14_G29,10107129ARAUJOJ,2025-04-14,121760,1,4,0,409.0
10107129ARAUJOJ_2025-04-14_G30,10107129ARAUJOJ,2025-04-14,124594,1,17,0,690.0
10107129ARAUJOJ_2025-04-15_G02,10107129ARAUJOJ,2025-04-15,122671,1,4,0,142.0
10107129ARAUJOJ_2025-04-15_G03,10107129ARAUJOJ,2025-04-15,121760,1,50,0,1197.0
10107129ARAUJOJ_2025-04-15_G04,10107129ARAUJOJ,2025-04-15,122647,1,7,0,75.0
10107129ARAUJOJ_2025-04-15_G05,10107129ARAUJOJ,2025-04-15,122673,1,160,0,2217.0
10107129ARAUJOJ_2025-04-15_G06,10107129ARAUJOJ,2025-04-15,122988,1,12,0,93.0
10107129ARAUJOJ_2025-04-15_G07,10107129ARAUJOJ,2025-04-15,123345,1,60,0,511.0
10107129ARAUJOJ_2025-04-15_G08,10107129ARAUJOJ,2025-04-15,123343,1,10,0,234.0
10107129ARAUJOJ_2025-04-15_G09,10107129ARAUJOJ,2025-04-15,123344,1,2,0,570.0
10107129ARAUJOJ_2025-04-15_G10,10107129ARAUJOJ,2025-04-15,124370,1,2,0,144.0
10107129ARAUJOJ_2025-04-15_G11,10107129ARAUJOJ,2025-04-15,124248,1,2,0,110.0
10107129ARAUJOJ_2025-04-15_G12,10107129ARAUJOJ,2025-04-15,122962,1,3,0,265.0
10107129ARAUJOJ_2025-04-15_G13,10107129ARAUJOJ,2025-04-15,122673,1,10,0,379.0
10107129ARAUJOJ_2025-04-15_G14,10107129ARAUJOJ,2025-04-15,123153,1,6,0,128.0
10107129ARAUJOJ_2025-04-15_G15,10107129ARAUJOJ,2025-04-15,122673,1,4,0,107.0
10107129ARAUJOJ_2025-04-15_G16,10107129ARAUJOJ,2025-04-15,121651,1,2,0,231.0
10107129ARAUJOJ_2025-04-15_G17,10107129ARAUJOJ,2025-04-15,123343,1,6,0,335.0
10107129ARAUJOJ_2025-04-15_G18,10107129ARAUJOJ,2025-04-15,122647,1,10,0,393.0
10107129ARAUJOJ_2025-04-15_G19,10107129ARAUJOJ,2025-04-15,121760,1,2,0,224.0
10107129ARAUJOJ_2025-04-15_G20,10107129ARAUJOJ,2025-04-15,123343,1,6,0,556.0
10107129ARAUJOJ_2025-04-18_G02,10107129ARAUJOJ,2025-04-18,120272,1,6,0,347.0
10107129ARAUJOJ_2025-04-18_G03,10107129ARAUJOJ,2025-04-18,122962,1,100,0,1342.0
10107129ARAUJOJ_2025-04-18_G04,10107129ARAUJOJ,2025-04-18,124370,1,50,0,946.0
10107129ARAUJOJ_2025-04-18_G05,10107129ARAUJOJ,2025-04-18,124486,1,80,0,926.0
10107129ARAUJOJ_2025-04-18_G06,10107129ARAUJOJ,2025-04-18,122673,1,15,0,206.0
10107129ARAUJOJ_2025-04-18_G07,10107129ARAUJOJ,2025-04-18,122985,1,38,0,848.0
10107129ARAUJOJ_2025-04-18_G08,10107129ARAUJOJ,2025-04-18,121760,1,8,0,131.0
10107129ARAUJOJ_2025-04-18_G09,10107129ARAUJOJ,2025-04-18,120271,1,2,0,71.0
10107129ARAUJOJ_2025-04-18_G10,10107129ARAUJOJ,2025-04-18,123562,1,2,0,58.0
10107129ARAUJOJ_2025-04-18_G11,10107129ARAUJOJ,2025-04-18,122983,1,8,0,173.0
10107129ARAUJOJ_2025-04-18_G12,10107129ARAUJOJ,2025-04-18,123560,1,2,0,91.0
10107129ARAUJOJ_2025-04-18_G13,10107129ARAUJOJ,2025-04-18,122985,1,8,0,186.0
10107129ARAUJOJ_2025-04-18_G14,10107129ARAUJOJ,2025-04-18,123560,1,6,0,123.0
10107129ARAUJOJ_2025-04-18_G15,10107129ARAUJOJ,2025-04-18,123560,1,3,0,108.0
10107129ARAUJOJ_2025-04-18_G16,10107129ARAUJOJ,2025-04-18,122185,1,4,0,126.0
10107129ARAUJOJ_2025-04-18_G17,10107129ARAUJOJ,2025-04-18,123562,1,2,0,56.0
10107129ARAUJOJ_2025-04-18_G18,10107129ARAUJOJ,2025-04-18,123561,1,5,0,164.0
10107129ARAUJOJ_2025-04-18_G19,10107129ARAUJOJ,2025-04-18,123561,1,4,0,70.0
10107129ARAUJOJ_2025-04-18_G20,10107129ARAUJOJ,2025-04-18,123561,1,4,0,113.0
10107129ARAUJOJ_2025-04-18_G21,10107129ARAUJOJ,2025-04-18,123561,1,24,0,551.0
10107129ARAUJOJ_2025-04-18_G22,10107129ARAUJOJ,2025-04-18,123561,1,8,0,128.0
10107129ARAUJOJ_2025-04-18_G23,10107129ARAUJOJ,2025-04-18,120339,1,6,0,98.0
10107129ARAUJOJ_2025-04-18_G24,10107129ARAUJOJ,2025-04-18,122983,1,2,0,129.0
10107129ARAUJOJ_2025-04-18_G25,10107129ARAUJOJ,2025-04-18,123822,1,13,0,216.0
10107129ARAUJOJ_2025-04-18_G26,10107129ARAUJOJ,2025-04-18,122962,1,40,0,519.0
10107129ARAUJOJ_2025-04-24_G02,10107129ARAUJOJ,2025-04-24,122962,1,56,0,1033.0
10107129ARAUJOJ_2025-04-24_G03,10107129ARAUJOJ,2025-04-24,124475,1,16,0,631.0
10107129ARAUJOJ_2025-04-24_G04,10107129ARAUJOJ,2025-04-24,124475,1,4,0,156.0
10107129ARAUJOJ_2025-04-24_G05,10107129ARAUJOJ,2025-04-24,122962,1,40,0,743.0
10107129ARAUJOJ_2025-04-24_G06,10107129ARAUJOJ,2025-04-24,122647,1,40,0,676.0
10107129ARAUJOJ_2025-04-24_G07,10107129ARAUJOJ,2025-04-24,122984,1,20,0,284.0
10107129ARAUJOJ_2025-04-24_G08,10107129ARAUJOJ,2025-04-24,124248,1,12,0,245.0
10107129ARAUJOJ_2025-04-24_G09,10107129ARAUJOJ,2025-04-24,123909,1,4,0,162.0
10107129ARAUJOJ_2025-04-27_G02,10107129ARAUJOJ,2025-04-27,122962,1,20,0,399.0
10107129ARAUJOJ_2025-04-27_G03,10107129ARAUJOJ,2025-04-27,121760,1,20,0,403.0
10107129ARAUJOJ_2025-04-27_G04,10107129ARAUJOJ,2025-04-27,123153,1,56,0,850.0
10107129ARAUJOJ_2025-04-27_G05,10107129ARAUJOJ,2025-04-27,124475,1,12,0,485.0
10107129ARAUJOJ_2025-04-28_G02,10107129ARAUJOJ,2025-04-28,122647,1,50,0,670.0
10107129ARAUJOJ_2025-04-28_G03,10107129ARAUJOJ,2025-04-28,121760,1,7,0,1187.0
10107129ARAUJOJ_2025-04-28_G04,10107129ARAUJOJ,2025-04-28,123344,1,2,0,74.0
10107129ARAUJOJ_2025-04-28_G05,10107129ARAUJOJ,2025-04-28,123344,1,3,0,154.0
10107129ARAUJOJ_2025-04-28_G06,10107129ARAUJOJ,2025-04-28,121760,1,2,0,137.0
10107129ARAUJOJ_2025-04-28_G07,10107129ARAUJOJ,2025-04-28,123343,1,6,0,289.0
10107129ARAUJOJ_2025-04-28_G08,10107129ARAUJOJ,2025-04-28,120389,1,10,0,395.0
10107129ARAUJOJ_2025-04-28_G09,10107129ARAUJOJ,2025-04-28,122673,1,26,0,743.0
10107129ARAUJOJ_2025-04-28_G10,10107129ARAUJOJ,2025-04-28,122962,1,16,0,229.0
10107129ARAUJOJ_2025-04-28_G11,10107129ARAUJOJ,2025-04-28,120389,1,18,0,538.0
10107129ARAUJOJ_2025-04-28_G12,10107129ARAUJOJ,2025-04-28,123343,1,5,0,185.0
10107129ARAUJOJ_2025-04-28_G14,10107129ARAUJOJ,2025-04-28,124248,1,40,0,368.0
10107129ARAUJOJ_2025-04-28_G15,10107129ARAUJOJ,2025-04-28,123909,1,9,0,762.0
10107129ARAUJOJ_2025-04-28_G16,10107129ARAUJOJ,2025-04-28,121760,1,8,0,234.0
10107129ARAUJOJ_2025-04-28_G17,10107129ARAUJOJ,2025-04-28,122703,1,6,0,183.0
10107129ARAUJOJ_2025-04-28_G18,10107129ARAUJOJ,2025-04-28,123561,1,2,0,186.0
10107129ARAUJOJ_2025-04-28_G19,10107129ARAUJOJ,2025-04-28,121651,1,3,0,177.0
10107129ARAUJOJ_2025-04-28_G20,10107129ARAUJOJ,2025-04-28,123344,1,20,0,391.0
10107129ARAUJOJ_2025-04-28_G21,10107129ARAUJOJ,2025-04-28,123344,1,28,0,1314.0
10107129ARAUJOJ_2025-04-28_G22,10107129ARAUJOJ,2025-04-28,123343,1,1,0,109.0
10107129ARAUJOJ_2025-04-28_G23,10107129ARAUJOJ,2025-04-28,123345,1,56,0,635.0
10107129ARAUJOJ_2025-04-28_G24,10107129ARAUJOJ,2025-04-28,181056,1,4,0,169.0
10107129ARAUJOJ_2025-04-28_G25,10107129ARAUJOJ,2025-04-28,180054,1,2,0,565.0
10107129ARAUJOJ_2025-04-28_G26,10107129ARAUJOJ,2025-04-28,181280,1,6,0,187.0
10107129ARAUJOJ_2025-04-28_G27,10107129ARAUJOJ,2025-04-28,181887,1,42,0,1361.0
10107129ARAUJOJ_2025-04-28_G28,10107129ARAUJOJ,2025-04-28,181057,1,2,0,114.0
10107129ARAUJOJ_2025-04-28_G29,10107129ARAUJOJ,2025-04-28,181057,1,6,0,398.0
10107129ARAUJOJ_2025-05-01_G02,10107129ARAUJOJ,2025-05-01,124264,1,20,0,297.0
10107129ARAUJOJ_2025-05-01_G03,10107129ARAUJOJ,2025-05-01,124264,1,7,0,161.0
10107129ARAUJOJ_2025-05-01_G04,10107129ARAUJOJ,2025-05-01,124248,1,48,0,995.0
10107129ARAUJOJ_2025-05-01_G06,10107129ARAUJOJ,2025-05-01,120321,1,8,0,239.0
10107129ARAUJOJ_2025-06-13_G02,10107129ARAUJOJ,2025-06-13,120028,1,28,0,441.0
10107129ARAUJOJ_2025-06-13_G03,10107129ARAUJOJ,2025-06-13,181280,1,2,0,240.0
10107129ARAUJOJ_2025-06-13_G04,10107129ARAUJOJ,2025-06-13,124248,1,4,0,235.0
10107129ARAUJOJ_2025-06-13_G05,10107129ARAUJOJ,2025-06-13,124248,1,3,0,263.0
10107129ARAUJOJ_2025-06-13_G06,10107129ARAUJOJ,2025-06-13,124476,1,4,0,54.0
10107129ARAUJOJ_2025-06-13_G07,10107129ARAUJOJ,2025-06-13,123343,1,7,0,679.0
10107129ARAUJOJ_2025-06-13_G08,10107129ARAUJOJ,2025-06-13,181057,1,2,0,124.0
10107129ARAUJOJ_2025-06-13_G09,10107129ARAUJOJ,2025-06-13,181057,1,6,0,413.0
10107129ARAUJOJ_2025-06-13_G10,10107129ARAUJOJ,2025-06-13,181056,1,5,0,255.0
10107129ARAUJOJ_2025-06-13_G11,10107129ARAUJOJ,2025-06-13,124476,1,2,0,70.0
10107129ARAUJOJ_2025-06-13_G12,10107129ARAUJOJ,2025-06-13,181056,1,8,0,156.0
10107129ARAUJOJ_2025-06-13_G13,10107129ARAUJOJ,2025-06-13,122988,1,10,0,101.0
10107129ARAUJOJ_2025-06-13_G14,10107129ARAUJOJ,2025-06-13,120028,1,2,0,116.0
10107129ARAUJOJ_2025-06-13_G15,10107129ARAUJOJ,2025-06-13,120028,1,61,0,513.0
10107129ARAUJOJ_2025-06-13_G16,10107129ARAUJOJ,2025-06-13,120028,1,12,0,255.0
10107129ARAUJOJ_2025-06-22_G02,10107129ARAUJOJ,2025-06-22,123345,1,6,0,517.0
10107129ARAUJOJ_2025-06-22_G03,10107129ARAUJOJ,2025-06-22,124594,1,2,0,100.0
10107129ARAUJOJ_2025-06-22_G04,10107129ARAUJOJ,2025-06-22,124370,1,4,0,140.0
10107129ARAUJOJ_2025-06-22_G05,10107129ARAUJOJ,2025-06-22,124475,1,6,0,174.0
10107129ARAUJOJ_2025-06-22_G06,10107129ARAUJOJ,2025-06-22,124371,1,4,0,268.0
10107129ARAUJOJ_2025-06-22_G07,10107129ARAUJOJ,2025-06-22,124621,1,290,0,3375.0
10107129ARAUJOJ_2025-06-22_G08,10107129ARAUJOJ,2025-06-22,124264,1,100,0,2489.0
10107129ARAUJOJ_2025-06-22_G09,10107129ARAUJOJ,2025-06-22,124486,1,12,0,680.0
10107129ARAUJOJ_2025-06-23_G02,10107129ARAUJOJ,2025-06-23,123343,1,12,0,718.0
10107129ARAUJOJ_2025-06-23_G03,10107129ARAUJOJ,2025-06-23,124476,1,10,0,708.0
10107129ARAUJOJ_2025-06-23_G04,10107129ARAUJOJ,2025-06-23,123343,1,2,0,233.0
10107129ARAUJOJ_2025-06-23_G06,10107129ARAUJOJ,2025-06-23,124264,1,36,0,1243.0
10107129ARAUJOJ_2025-06-23_G07,10107129ARAUJOJ,2025-06-23,124264,1,19,0,425.0
10107129ARAUJOJ_2025-06-23_G08,10107129ARAUJOJ,2025-06-23,124264,1,4,0,80.0
10107129ARAUJOJ_2025-06-23_G09,10107129ARAUJOJ,2025-06-23,121651,1,1,0,1488.0
10107129ARAUJOJ_2025-06-23_G10,10107129ARAUJOJ,2025-06-23,"123909, 123345",2,4,11,201.0
10107129ARAUJOJ_2025-07-21_G02,10107129ARAUJOJ,2025-07-21,122703,1,64,0,1168.0
10107129ARAUJOJ_2025-07-21_G03,10107129ARAUJOJ,2025-07-21,124486,1,10,0,35.0
10107129ARAUJOJ_2025-07-21_G04,10107129ARAUJOJ,2025-07-21,122984,1,6,0,201.0
10107129ARAUJOJ_2025-07-21_G05,10107129ARAUJOJ,2025-07-21,122962,1,9,0,143.0
10107129ARAUJOJ_2025-07-21_G06,10107129ARAUJOJ,2025-07-21,123909,1,7,0,213.0
10107129ARAUJOJ_2025-07-30_G02,10107129ARAUJOJ,2025-07-30,110515,1,1,0,144.0
10107129ARAUJOJ_2025-07-30_G03,10107129ARAUJOJ,2025-07-30,111462,1,2,0,111.0
10107129ARAUJOJ_2025-07-30_G04,10107129ARAUJOJ,2025-07-30,117785,1,5,0,110.0
10107129ARAUJOJ_2025-07-30_G05,10107129ARAUJOJ,2025-07-30,118299,1,100,0,202.0
10107129ARAUJOJ_2025-07-30_G06,10107129ARAUJOJ,2025-07-30,110376,1,1,0,116.0
10107129ARAUJOJ_2025-07-30_G07,10107129ARAUJOJ,2025-07-30,141457,1,60,0,370.0
10107129ARAUJOJ_2025-07-30_G08,10107129ARAUJOJ,2025-07-30,111602,1,6,0,141.0
10107129ARAUJOJ_2025-07-30_G09,10107129ARAUJOJ,2025-07-30,141458,1,50,0,1065.0
10107129ARAUJOJ_2025-07-30_G10,10107129ARAUJOJ,2025-07-30,118222,1,30,0,664.0
10107129ARAUJOJ_2025-07-30_G11,10107129ARAUJOJ,2025-07-30,111850,1,4,0,257.0
10107129ARAUJOJ_2025-07-30_G12,10107129ARAUJOJ,2025-07-30,118306,1,2,0,193.0
10107129ARAUJOJ_2025-07-30_G13,10107129ARAUJOJ,2025-07-30,118418,1,4,0,193.0
10107129ARAUJOJ_2025-07-30_G14,10107129ARAUJOJ,2025-07-30,111463,1,11,0,410.0
10107129ARAUJOJ_2025-07-30_G15,10107129ARAUJOJ,2025-07-30,110313,1,2,0,213.0
10107129ARAUJOJ_2025-07-30_G16,10107129ARAUJOJ,2025-07-30,111850,1,2,0,136.0
10107129ARAUJOJ_2025-07-30_G17,10107129ARAUJOJ,2025-07-30,111850,1,4,0,442.0
10107129ARAUJOJ_2025-07-30_G18,10107129ARAUJOJ,2025-07-30,"110534, 118306",2,5,29,113.0
10107129ARAUJOJ_2025-07-30_G19,10107129ARAUJOJ,2025-07-30,105359,1,6,0,137.0
10107129ARAUJOJ_2025-07-30_G20,10107129ARAUJOJ,2025-07-30,110313,1,4,0,146.0
10107129ARAUJOJ_2025-07-30_G21,10107129ARAUJOJ,2025-07-30,111442,1,4,0,95.0
10107129ARAUJOJ_2025-07-30_G22,10107129ARAUJOJ,2025-07-30,110733,1,3,0,163.0
10107129ARAUJOJ_2025-07-30_G23,10107129ARAUJOJ,2025-07-30,110373,1,12,0,209.0
10107129ARAUJOJ_2025-10-16_G02,10107129ARAUJOJ,2025-10-16,118222,1,264,0,72.0
10107129ARAUJOJ_2025-12-02_G02,10107129ARAUJOJ,2025-12-02,123909,1,42,0,743.0
10107129ARAUJOJ_2025-12-02_G03,10107129ARAUJOJ,2025-12-02,122962,3,8,32,2304.0
10107129ARAUJOJ_2025-12-02_G04,10107129ARAUJOJ,2025-12-02,124486,2,6,12,226.0
10107129ARAUJOJ_2025-12-02_G05,10107129ARAUJOJ,2025-12-02,124486,1,80,0,1336.0
10107129ARAUJOJ_2025-12-02_G06,10107129ARAUJOJ,2025-12-02,122984,1,12,0,329.0
10107129ARAUJOJ_2025-12-02_G07,10107129ARAUJOJ,2025-12-02,124248,1,12,0,212.0
10107129ARAUJOJ_2025-12-02_G08,10107129ARAUJOJ,2025-12-02,122983,1,12,0,303.0
10107129ARAUJOJ_2025-12-02_G09,10107129ARAUJOJ,2025-12-02,124247,1,18,0,296.0
10107129ARAUJOJ_2025-12-02_G10,10107129ARAUJOJ,2025-12-02,120008,1,14,0,727.0
10107129ARAUJOJ_2025-12-02_G11,10107129ARAUJOJ,2025-12-02,123520,1,4,0,196.0
10107129ARAUJOJ_2025-12-02_G12,10107129ARAUJOJ,2025-12-02,122962,1,1,0,101.0
10107129ARAUJOJ_2025-12-02_G13,10107129ARAUJOJ,2025-12-02,123153,1,12,0,268.0
10107129ARAUJOJ_2026-03-14_G02,10107129ARAUJOJ,2026-03-14,122647,1,12,0,265.0
10107129ARAUJOJ_2026-03-14_G03,10107129ARAUJOJ,2026-03-14,123080,1,8,0,200.0
10107129ARAUJOJ_2026-03-14_G04,10107129ARAUJOJ,2026-03-14,122671,1,17,0,469.0
10107129ARAUJOJ_2026-03-14_G06,10107129ARAUJOJ,2026-03-14,123345,1,60,0,909.0
10107129ARAUJOJ_2026-03-14_G07,10107129ARAUJOJ,2026-03-14,124729,1,4,0,907.0
10107129ARAUJOJ_2026-03-14_G08,10107129ARAUJOJ,2026-03-14,123344,1,34,0,404.0
10107129ARAUJOJ_2026-03-14_G09,10107129ARAUJOJ,2026-03-14,124248,1,10,0,190.0
10107129ARAUJOJ_2026-03-14_G10,10107129ARAUJOJ,2026-03-14,124486,1,30,0,983.0
10107129ARAUJOJ_2026-03-14_G11,10107129ARAUJOJ,2026-03-14,122962,1,14,0,408.0
10107129ARAUJOJ_2026-03-14_G12,10107129ARAUJOJ,2026-03-14,124486,1,6,0,327.0
10107129ARAUJOJ_2026-03-14_G13,10107129ARAUJOJ,2026-03-14,181052,1,6,0,197.0
10107129ARAUJOJ_2026-03-14_G14,10107129ARAUJOJ,2026-03-14,181056,1,6,0,205.0
10107129ARAUJOJ_2026-03-14_G15,10107129ARAUJOJ,2026-03-14,181056,1,6,0,156.0
10107129ARAUJOJ_2026-03-14_G16,10107129ARAUJOJ,2026-03-14,123343,1,3,0,186.0
10107129ARAUJOJ_2026-03-14_G17,10107129ARAUJOJ,2026-03-14,123343,1,3,0,352.0
10107129ARAUJOJ_2026-03-14_G18,10107129ARAUJOJ,2026-03-14,181056,1,1,0,232.0
10107129ARAUJOJ_2026-03-14_G19,10107129ARAUJOJ,2026-03-14,123343,1,2,0,165.0
10107129ARAUJOJ_2026-03-14_G20,10107129ARAUJOJ,2026-03-14,124624,1,12,0,359.0
10107129ARAUJOJ_2026-03-15_G02,10107129ARAUJOJ,2026-03-15,120028,1,60,0,796.0
10107129ARAUJOJ_2026-03-15_G03,10107129ARAUJOJ,2026-03-15,123909,1,14,0,334.0
10107129ARAUJOJ_2026-03-15_G04,10107129ARAUJOJ,2026-03-15,123822,1,11,0,891.0
10107129ARAUJOJ_2026-03-15_G05,10107129ARAUJOJ,2026-03-15,124729,2,4,23,109.0
10107129ARAUJOJ_2026-03-15_G06,10107129ARAUJOJ,2026-03-15,122185,1,20,0,549.0
10107129ARAUJOJ_2026-03-15_G07,10107129ARAUJOJ,2026-03-15,122962,1,10,0,822.0
10107129ARAUJOJ_2026-03-15_G08,10107129ARAUJOJ,2026-03-15,124475,1,8,0,302.0
10107129ARAUJOJ_2026-03-15_G09,10107129ARAUJOJ,2026-03-15,124371,1,4,0,71.0
10107129ARAUJOJ_2026-03-15_G10,10107129ARAUJOJ,2026-03-15,122671,1,10,0,105.0
10107129ARAUJOJ_2026-03-15_G11,10107129ARAUJOJ,2026-03-15,121760,1,50,0,1064.0
10107129ARAUJOJ_2026-03-15_G12,10107129ARAUJOJ,2026-03-15,124476,1,8,0,99.0
10107129ARAUJOJ_2026-03-15_G13,10107129ARAUJOJ,2026-03-15,124486,1,12,0,155.0
10107129ARAUJOJ_2026-03-15_G14,10107129ARAUJOJ,2026-03-15,121651,1,40,0,702.0
10107129ARAUJOJ_2026-03-15_G15,10107129ARAUJOJ,2026-03-15,123909,1,12,0,93.0
10107129ARAUJOJ_2026-03-15_G16,10107129ARAUJOJ,2026-03-15,123344,1,20,0,555.0
10107129ARAUJOJ_2026-03-16_G02,10107129ARAUJOJ,2026-03-16,124582,1,6,0,115.0
10107129ARAUJOJ_2026-03-16_G03,10107129ARAUJOJ,2026-03-16,124475,1,10,0,214.0
10107129ARAUJOJ_2026-03-16_G04,10107129ARAUJOJ,2026-03-16,124370,1,14,0,476.0
10107129ARAUJOJ_2026-03-16_G05,10107129ARAUJOJ,2026-03-16,122982,1,2,0,57.0
10107129ARAUJOJ_2026-03-16_G06,10107129ARAUJOJ,2026-03-16,121760,1,4,0,99.0
10107129ARAUJOJ_2026-03-16_G07,10107129ARAUJOJ,2026-03-16,122983,1,6,0,100.0
10107129ARAUJOJ_2026-03-16_G08,10107129ARAUJOJ,2026-03-16,122988,1,6,0,267.0
10107129ARAUJOJ_2026-03-16_G09,10107129ARAUJOJ,2026-03-16,124486,1,44,0,1035.0
10107129ARAUJOJ_2026-03-16_G10,10107129ARAUJOJ,2026-03-16,123345,1,23,0,716.0
10107129ARAUJOJ_2026-03-16_G11,10107129ARAUJOJ,2026-03-16,124582,1,8,0,282.0
10107129ARAUJOJ_2026-03-16_G12,10107129ARAUJOJ,2026-03-16,121760,1,8,0,157.0
10107129ARAUJOJ_2026-03-16_G13,10107129ARAUJOJ,2026-03-16,124475,1,3,0,76.0
10107129ARAUJOJ_2026-03-16_G14,10107129ARAUJOJ,2026-03-16,123909,1,7,0,328.0
10107129ARAUJOJ_2026-03-16_G15,10107129ARAUJOJ,2026-03-16,124248,1,4,0,281.0
10107129ARAUJOJ_2026-03-16_G16,10107129ARAUJOJ,2026-03-16,122981,1,4,0,241.0
10107129ARAUJOJ_2026-03-16_G17,10107129ARAUJOJ,2026-03-16,121760,1,20,0,786.0
10107129ARAUJOJ_2026-03-16_G18,10107129ARAUJOJ,2026-03-16,123343,1,3,0,134.0
10107129ARAUJOJ_2026-03-16_G19,10107129ARAUJOJ,2026-03-16,124477,1,6,0,292.0
10107129ARAUJOJ_2026-03-16_G20,10107129ARAUJOJ,2026-03-16,124624,1,8,0,2012.0
10107129ARAUJOJ_2026-03-16_G21,10107129ARAUJOJ,2026-03-16,123560,2,3,22,78.0
10107129ARAUJOJ_2026-03-16_G22,10107129ARAUJOJ,2026-03-16,122983,1,4,0,218.0
10107129ARAUJOJ_2026-03-16_G23,10107129ARAUJOJ,2026-03-16,122983,1,16,0,238.0
10107129ARAUJOJ_2026-03-16_G24,10107129ARAUJOJ,2026-03-16,122983,1,4,0,134.0
10107129ARAUJOJ_2026-03-16_G25,10107129ARAUJOJ,2026-03-16,120028,1,40,0,542.0
10107129ARAUJOJ_2026-03-16_G26,10107129ARAUJOJ,2026-03-16,124729,1,8,0,214.0
10107129ARAUJOJ_2026-03-16_G27,10107129ARAUJOJ,2026-03-16,124433,1,2,0,79.0
10107129ARAUJOJ_2026-03-16_G28,10107129ARAUJOJ,2026-03-16,124486,1,4,0,132.0
10107129ARAUJOJ_2026-03-16_G29,10107129ARAUJOJ,2026-03-16,124248,1,10,0,449.0
10107129ARAUJOJ_2026-03-16_G30,10107129ARAUJOJ,2026-03-16,120339,1,11,0,357.0
10107129ARAUJOJ_2026-03-16_G31,10107129ARAUJOJ,2026-03-16,122962,1,2,0,123.0
10107129ARAUJOJ_2026-03-16_G32,10107129ARAUJOJ,2026-03-16,122962,1,18,0,307.0
10107129ARAUJOJ_2026-03-16_G33,10107129ARAUJOJ,2026-03-16,120272,1,10,0,188.0
10107129ARAUJOJ_2026-03-16_G34,10107129ARAUJOJ,2026-03-16,122185,1,12,0,280.0
10107129ARAUJOJ_2026-03-16_G35,10107129ARAUJOJ,2026-03-16,122962,1,3,0,445.0
10108101LEMESC_2025-12-10_G02,10108101LEMESC,2025-12-10,117808,1,625,0,199.0
10108101LEMESC_2025-12-10_G03,10108101LEMESC,2025-12-10,117808,1,625,0,50.0
10108101LEMESC_2025-12-17_G02,10108101LEMESC,2025-12-17,124486,1,200,0,2620.0
10108101LEMESC_2025-12-17_G03,10108101LEMESC,2025-12-17,123080,1,14,0,1058.0
10108101LEMESC_2025-12-17_G04,10108101LEMESC,2025-12-17,123822,1,20,0,309.0
10108101LEMESC_2025-12-17_G05,10108101LEMESC,2025-12-17,122962,1,8,0,177.0
10108101LEMESC_2025-12-17_G06,10108101LEMESC,2025-12-17,122962,1,19,0,51.0
10108101LEMESC_2025-12-17_G07,10108101LEMESC,2025-12-17,124264,1,100,0,1258.0
10108101LEMESC_2025-12-17_G08,10108101LEMESC,2025-12-17,124247,1,36,0,454.0
10108101LEMESC_2025-12-17_G09,10108101LEMESC,2025-12-17,123080,1,24,0,254.0
10108101LEMESC_2025-12-17_G10,10108101LEMESC,2025-12-17,123080,1,32,0,302.0
10108101LEMESC_2025-12-18_G02,10108101LEMESC,2025-12-18,124486,1,12,0,188.0
10108101LEMESC_2025-12-18_G03,10108101LEMESC,2025-12-18,122962,1,12,0,297.0
10108101LEMESC_2025-12-18_G04,10108101LEMESC,2025-12-18,122673,1,40,0,714.0
10108101LEMESC_2025-12-18_G05,10108101LEMESC,2025-12-18,122673,1,23,0,263.0
10108101LEMESC_2025-12-18_G06,10108101LEMESC,2025-12-18,122673,1,7,0,62.0
10108101LEMESC_2025-12-18_G07,10108101LEMESC,2025-12-18,122673,1,87,0,46.0
10108101LEMESC_2025-12-18_G09,10108101LEMESC,2025-12-18,123492,1,150,0,652.0
10108101LEMESC_2025-12-18_G10,10108101LEMESC,2025-12-18,123492,1,12,0,46.0
10108101LEMESC_2025-12-26_G02,10108101LEMESC,2025-12-26,111469,1,5,0,133.0
10108101LEMESC_2025-12-26_G03,10108101LEMESC,2025-12-26,117820,1,99,0,306.0
10108101LEMESC_2025-12-26_G04,10108101LEMESC,2025-12-26,111441,1,4,0,230.0
10108101LEMESC_2025-12-26_G05,10108101LEMESC,2025-12-26,111469,1,4,0,184.0
10108101LEMESC_2025-12-26_G06,10108101LEMESC,2025-12-26,111469,1,16,0,128.0
10108101LEMESC_2025-12-26_G07,10108101LEMESC,2025-12-26,111447,1,4,0,198.0
10108101LEMESC_2025-12-26_G08,10108101LEMESC,2025-12-26,118290,1,4,0,198.0
10108101LEMESC_2025-12-26_G09,10108101LEMESC,2025-12-26,108759,1,3,0,730.0
10108101LEMESC_2025-12-26_G10,10108101LEMESC,2025-12-26,111569,1,12,0,163.0
10108101LEMESC_2025-12-26_G11,10108101LEMESC,2025-12-26,110895,1,20,0,394.0
10108101LEMESC_2025-12-26_G12,10108101LEMESC,2025-12-26,110747,1,24,0,250.0
10108101LEMESC_2025-12-26_G13,10108101LEMESC,2025-12-26,110374,1,40,0,440.0
10108101LEMESC_2025-12-26_G14,10108101LEMESC,2025-12-26,110375,1,20,0,314.0
10108101LEMESC_2025-12-26_G15,10108101LEMESC,2025-12-26,141066,1,18,0,230.0
10108101LEMESC_2025-12-26_G16,10108101LEMESC,2025-12-26,141047,1,12,0,114.0
10108101LEMESC_2025-12-26_G17,10108101LEMESC,2025-12-26,117854,1,1,0,141.0
10108101LEMESC_2025-12-26_G18,10108101LEMESC,2025-12-26,110754,1,16,0,256.0
10108101LEMESC_2025-12-26_G19,10108101LEMESC,2025-12-26,110751,1,7,0,309.0
10108101LEMESC_2025-12-26_G20,10108101LEMESC,2025-12-26,108711,1,10,0,153.0
10108101LEMESC_2025-12-26_G21,10108101LEMESC,2025-12-26,107236,1,30,0,505.0
10108101LEMESC_2025-12-26_G22,10108101LEMESC,2025-12-26,108795,1,40,0,575.0
10108101LEMESC_2025-12-26_G23,10108101LEMESC,2025-12-26,110373,1,142,0,727.0
10108101LEMESC_2025-12-26_G25,10108101LEMESC,2025-12-26,111330,1,5,0,300.0
10108101LEMESC_2025-12-30_G02,10108101LEMESC,2025-12-30,124586,1,8,0,168.0
10108101LEMESC_2025-12-30_G03,10108101LEMESC,2025-12-30,124248,1,8,0,213.0
10108101LEMESC_2025-12-30_G04,10108101LEMESC,2025-12-30,123313,1,3,0,240.0
10108101LEMESC_2025-12-30_G05,10108101LEMESC,2025-12-30,122982,1,10,0,198.0
10108101LEMESC_2025-12-30_G06,10108101LEMESC,2025-12-30,122981,1,3,0,166.0
10108101LEMESC_2025-12-30_G07,10108101LEMESC,2025-12-30,123313,1,5,0,229.0
10108101LEMESC_2025-12-30_G08,10108101LEMESC,2025-12-30,122647,1,32,0,837.0
10108101LEMESC_2025-12-30_G09,10108101LEMESC,2025-12-30,122962,1,80,0,1391.0
10108101LEMESC_2025-12-30_G10,10108101LEMESC,2025-12-30,122982,1,8,0,201.0
10108101LEMESC_2025-12-30_G11,10108101LEMESC,2025-12-30,122982,1,12,0,324.0
10108101LEMESC_2025-12-30_G12,10108101LEMESC,2025-12-30,122673,1,12,0,170.0
10108101LEMESC_2025-12-30_G13,10108101LEMESC,2025-12-30,124486,1,20,0,756.0
10108101LEMESC_2025-12-30_G14,10108101LEMESC,2025-12-30,124624,1,100,0,389.0
10108101LEMESC_2025-12-30_G15,10108101LEMESC,2025-12-30,123345,1,100,0,587.0
10108101LEMESC_2025-12-30_G16,10108101LEMESC,2025-12-30,123343,1,2,0,250.0
10108101LEMESC_2025-12-30_G17,10108101LEMESC,2025-12-30,124594,1,2,0,59.0
10108101LEMESC_2025-12-30_G18,10108101LEMESC,2025-12-30,"122982, 122703",2,5,16,101.0
10108101LEMESC_2025-12-30_G19,10108101LEMESC,2025-12-30,120339,1,6,0,251.0
10108101LEMESC_2025-12-30_G20,10108101LEMESC,2025-12-30,121760,1,6,0,264.0
10108101LEMESC_2025-12-30_G21,10108101LEMESC,2025-12-30,"123909, 122673",2,3,17,179.0
10108101LEMESC_2025-12-30_G22,10108101LEMESC,2025-12-30,123561,1,6,0,637.0
10108101LEMESC_2025-12-30_G23,10108101LEMESC,2025-12-30,181056,1,2,0,252.0
10108101LEMESC_2025-12-30_G24,10108101LEMESC,2025-12-30,124624,1,2,0,92.0
10108101LEMESC_2025-12-30_G25,10108101LEMESC,2025-12-30,122673,1,30,0,778.0
10108101LEMESC_2025-12-30_G26,10108101LEMESC,2025-12-30,"123345, 122185",2,82,16,1910.0
10108101LEMESC_2025-12-30_G27,10108101LEMESC,2025-12-30,122185,1,12,0,42.0
10108101LEMESC_2025-12-30_G28,10108101LEMESC,2025-12-30,122962,1,35,0,967.0
10108101LEMESC_2025-12-30_G29,10108101LEMESC,2025-12-30,122185,1,60,0,404.0
10108101LEMESC_2025-12-30_G30,10108101LEMESC,2025-12-30,120028,1,25,0,370.0
10108101LEMESC_2025-12-30_G32,10108101LEMESC,2025-12-30,122673,1,10,0,330.0
10108101LEMESC_2025-12-30_G33,10108101LEMESC,2025-12-30,123343,1,2,0,120.0
10108101LEMESC_2025-12-30_G34,10108101LEMESC,2025-12-30,122671,1,8,0,508.0
10108101LEMESC_2025-12-30_G35,10108101LEMESC,2025-12-30,123909,1,10,0,144.0
10108101LEMESC_2025-12-30_G36,10108101LEMESC,2025-12-30,124486,1,6,0,228.0
10108101LEMESC_2025-12-30_G37,10108101LEMESC,2025-12-30,123492,1,4,0,126.0
10108101LEMESC_2025-12-30_G38,10108101LEMESC,2025-12-30,122673,1,6,0,147.0
10108101LEMESC_2025-12-30_G39,10108101LEMESC,2025-12-30,122673,1,6,0,41.0
10108101LEMESC_2025-12-30_G40,10108101LEMESC,2025-12-30,181057,1,6,0,417.0
10108101LEMESC_2025-12-30_G41,10108101LEMESC,2025-12-30,181057,1,4,0,147.0
10108101LEMESC_2025-12-30_G42,10108101LEMESC,2025-12-30,120389,1,4,0,315.0
10108101LEMESC_2025-12-30_G43,10108101LEMESC,2025-12-30,123343,1,2,0,500.0
10108101LEMESC_2025-12-30_G44,10108101LEMESC,2025-12-30,"123345, 123344",2,2,16,200.0
10108101LEMESC_2025-12-30_G45,10108101LEMESC,2025-12-30,120028,1,10,0,424.0
10108101LEMESC_2025-12-30_G46,10108101LEMESC,2025-12-30,122962,1,64,0,320.0
10108101LEMESC_2025-12-30_G47,10108101LEMESC,2025-12-30,120389,1,2,0,356.0
10108101LEMESC_2025-12-30_G48,10108101LEMESC,2025-12-30,120028,1,4,0,68.0
10108101LEMESC_2025-12-30_G49,10108101LEMESC,2025-12-30,124248,1,8,0,202.0
10108101LEMESC_2025-12-30_G50,10108101LEMESC,2025-12-30,120339,1,4,0,122.0
10108101LEMESC_2025-12-30_G51,10108101LEMESC,2025-12-30,123345,1,4,0,172.0
10108101LEMESC_2025-12-30_G52,10108101LEMESC,2025-12-30,120028,1,40,0,552.0
10108101LEMESC_2025-12-30_G53,10108101LEMESC,2025-12-30,122185,1,12,0,129.0
10108101LEMESC_2025-12-30_G54,10108101LEMESC,2025-12-30,122984,1,20,0,349.0
10108101LEMESC_2025-12-30_G55,10108101LEMESC,2025-12-30,124486,1,20,0,70.0
10108101LEMESC_2025-12-30_G56,10108101LEMESC,2025-12-30,122962,1,12,0,241.0
10108101LEMESC_2025-12-30_G57,10108101LEMESC,2025-12-30,120028,1,22,0,194.0
10108101LEMESC_2025-12-30_G58,10108101LEMESC,2025-12-30,123081,1,4,0,179.0
10108108CHAGASR_2025-01-22_G02,10108108CHAGASR,2025-01-22,123909,1,4,0,340.0
10108108CHAGASR_2025-01-22_G03,10108108CHAGASR,2025-01-22,123344,1,16,0,907.0
10108108CHAGASR_2025-01-22_G04,10108108CHAGASR,2025-01-22,121760,1,4,0,182.0
10108108CHAGASR_2025-01-22_G05,10108108CHAGASR,2025-01-22,122982,1,20,0,517.0
10108108CHAGASR_2025-01-22_G06,10108108CHAGASR,2025-01-22,120028,1,20,0,691.0
10108108CHAGASR_2025-01-22_G07,10108108CHAGASR,2025-01-22,122962,1,12,0,156.0
10108108CHAGASR_2025-01-22_G08,10108108CHAGASR,2025-01-22,120028,1,10,0,171.0
10108108CHAGASR_2025-01-22_G09,10108108CHAGASR,2025-01-22,122981,1,10,0,151.0
10108108CHAGASR_2025-01-22_G10,10108108CHAGASR,2025-01-22,123343,1,65,0,732.0
10108108CHAGASR_2025-01-22_G11,10108108CHAGASR,2025-01-22,123343,1,1,0,565.0
10108108CHAGASR_2025-01-22_G12,10108108CHAGASR,2025-01-22,122705,1,3,0,289.0
10108108CHAGASR_2025-01-22_G13,10108108CHAGASR,2025-01-22,123822,1,2,0,83.0
10108108CHAGASR_2025-01-22_G14,10108108CHAGASR,2025-01-22,122983,1,4,0,315.0
10108108CHAGASR_2025-01-30_G02,10108108CHAGASR,2025-01-30,122983,1,10,0,239.0
10108108CHAGASR_2025-01-30_G03,10108108CHAGASR,2025-01-30,121760,1,18,0,455.0
10108108CHAGASR_2025-01-30_G04,10108108CHAGASR,2025-01-30,122962,1,12,0,421.0
10108108CHAGASR_2025-01-30_G05,10108108CHAGASR,2025-01-30,123909,1,20,0,453.0
10108108CHAGASR_2025-01-30_G06,10108108CHAGASR,2025-01-30,120008,1,20,0,654.0
10108108CHAGASR_2025-01-30_G07,10108108CHAGASR,2025-01-30,120008,1,20,0,518.0
10108108CHAGASR_2025-01-30_G08,10108108CHAGASR,2025-01-30,120008,1,1,0,50.0
10108108CHAGASR_2025-01-30_G09,10108108CHAGASR,2025-01-30,123907,1,4,0,175.0
10108108CHAGASR_2025-01-30_G10,10108108CHAGASR,2025-01-30,123153,1,2,0,474.0
10108108CHAGASR_2025-01-31_G02,10108108CHAGASR,2025-01-31,122673,1,6,0,125.0
10108108CHAGASR_2025-01-31_G03,10108108CHAGASR,2025-01-31,122962,1,20,0,180.0
10108108CHAGASR_2025-01-31_G04,10108108CHAGASR,2025-01-31,124486,1,20,0,784.0
10108108CHAGASR_2025-01-31_G05,10108108CHAGASR,2025-01-31,122673,1,15,0,296.0
10108108CHAGASR_2025-01-31_G06,10108108CHAGASR,2025-01-31,123857,1,2,0,1446.0
10108108CHAGASR_2025-01-31_G07,10108108CHAGASR,2025-01-31,122673,1,14,0,281.0
10108108CHAGASR_2025-01-31_G08,10108108CHAGASR,2025-01-31,121651,1,8,0,118.0
10108108CHAGASR_2025-01-31_G09,10108108CHAGASR,2025-01-31,123907,1,8,0,908.0
10108108CHAGASR_2025-01-31_G10,10108108CHAGASR,2025-01-31,122985,1,30,0,449.0
10108108CHAGASR_2025-01-31_G11,10108108CHAGASR,2025-01-31,124370,1,4,0,195.0
10108108CHAGASR_2025-01-31_G12,10108108CHAGASR,2025-01-31,124371,1,2,0,139.0
10108108CHAGASR_2025-01-31_G13,10108108CHAGASR,2025-01-31,122705,1,8,0,165.0
10108108CHAGASR_2025-01-31_G14,10108108CHAGASR,2025-01-31,124247,1,5,0,64.0
10108108CHAGASR_2025-01-31_G15,10108108CHAGASR,2025-01-31,123907,1,2,0,117.0
10108108CHAGASR_2025-01-31_G16,10108108CHAGASR,2025-01-31,122671,1,8,0,197.0
10108108CHAGASR_2025-01-31_G17,10108108CHAGASR,2025-01-31,122671,1,6,0,108.0
10108108CHAGASR_2025-01-31_G18,10108108CHAGASR,2025-01-31,121651,1,20,0,438.0
10108108CHAGASR_2025-01-31_G19,10108108CHAGASR,2025-01-31,121760,1,30,0,1122.0
10108108CHAGASR_2025-01-31_G21,10108108CHAGASR,2025-01-31,123344,1,10,0,249.0
10108108CHAGASR_2025-01-31_G22,10108108CHAGASR,2025-01-31,121760,1,6,0,240.0
10108108CHAGASR_2025-01-31_G23,10108108CHAGASR,2025-01-31,121760,1,3,0,83.0
10108108CHAGASR_2025-01-31_G24,10108108CHAGASR,2025-01-31,121760,1,4,0,212.0
10108108CHAGASR_2025-01-31_G25,10108108CHAGASR,2025-01-31,123344,1,1,0,31.0
10108108CHAGASR_2025-01-31_G26,10108108CHAGASR,2025-01-31,121760,1,4,0,138.0
10108108CHAGASR_2025-01-31_G27,10108108CHAGASR,2025-01-31,123343,1,4,0,534.0
10108108CHAGASR_2025-01-31_G28,10108108CHAGASR,2025-01-31,121760,1,5,0,176.0
10108108CHAGASR_2025-01-31_G29,10108108CHAGASR,2025-01-31,123343,1,14,0,602.0
10108108CHAGASR_2025-01-31_G30,10108108CHAGASR,2025-01-31,121760,1,26,0,724.0
10108108CHAGASR_2025-01-31_G31,10108108CHAGASR,2025-01-31,123343,1,4,0,143.0
10108108CHAGASR_2025-01-31_G32,10108108CHAGASR,2025-01-31,121760,1,40,0,1020.0
10108108CHAGASR_2025-01-31_G33,10108108CHAGASR,2025-01-31,121760,1,6,0,38.0
10108108CHAGASR_2025-01-31_G34,10108108CHAGASR,2025-01-31,123343,1,8,0,397.0
10108108CHAGASR_2025-01-31_G35,10108108CHAGASR,2025-01-31,121760,1,4,0,96.0
10108108CHAGASR_2025-01-31_G36,10108108CHAGASR,2025-01-31,123343,1,2,0,219.0
10108108CHAGASR_2025-01-31_G37,10108108CHAGASR,2025-01-31,121760,1,16,0,317.0
10108108CHAGASR_2025-01-31_G38,10108108CHAGASR,2025-01-31,121760,1,5,0,84.0
10108108CHAGASR_2025-01-31_G39,10108108CHAGASR,2025-01-31,121760,1,33,0,712.0
10108108CHAGASR_2025-01-31_G40,10108108CHAGASR,2025-01-31,121760,1,3,0,126.0
10108108CHAGASR_2025-01-31_G41,10108108CHAGASR,2025-01-31,120339,1,4,0,64.0
10108108CHAGASR_2025-01-31_G42,10108108CHAGASR,2025-01-31,121760,1,20,0,429.0
10108108CHAGASR_2025-01-31_G43,10108108CHAGASR,2025-01-31,123343,1,8,0,332.0
10108108CHAGASR_2025-01-31_G44,10108108CHAGASR,2025-01-31,123343,1,2,0,175.0
10108108CHAGASR_2025-01-31_G46,10108108CHAGASR,2025-01-31,124264,1,112,0,1669.0
10108108CHAGASR_2025-02-25_G02,10108108CHAGASR,2025-02-25,121651,1,16,0,1032.0
10108108CHAGASR_2025-02-25_G03,10108108CHAGASR,2025-02-25,121651,1,24,0,45.0
10108108CHAGASR_2025-02-25_G04,10108108CHAGASR,2025-02-25,122962,1,24,0,581.0
10108108CHAGASR_2025-02-25_G05,10108108CHAGASR,2025-02-25,123153,1,20,0,216.0
10108108CHAGASR_2025-02-25_G06,10108108CHAGASR,2025-02-25,124264,1,48,0,520.0
10108108CHAGASR_2025-02-25_G07,10108108CHAGASR,2025-02-25,123909,1,16,0,223.0
10108108CHAGASR_2025-02-25_G08,10108108CHAGASR,2025-02-25,121760,1,20,0,189.0
10108108CHAGASR_2025-02-25_G09,10108108CHAGASR,2025-02-25,121760,1,10,0,95.0
10108108CHAGASR_2025-02-28_G02,10108108CHAGASR,2025-02-28,124476,1,4,0,152.0
10108108CHAGASR_2025-02-28_G03,10108108CHAGASR,2025-02-28,123344,1,2,0,105.0
10108108CHAGASR_2025-02-28_G04,10108108CHAGASR,2025-02-28,124370,1,4,0,438.0
10108108CHAGASR_2025-02-28_G05,10108108CHAGASR,2025-02-28,122962,1,28,0,396.0
10108108CHAGASR_2025-02-28_G06,10108108CHAGASR,2025-02-28,123344,1,2,0,139.0
10108108CHAGASR_2025-02-28_G08,10108108CHAGASR,2025-02-28,124475,1,16,0,322.0
10108108CHAGASR_2025-02-28_G09,10108108CHAGASR,2025-02-28,122986,1,25,0,437.0
10108108CHAGASR_2025-02-28_G10,10108108CHAGASR,2025-02-28,124476,1,4,0,188.0
10108108CHAGASR_2025-02-28_G12,10108108CHAGASR,2025-02-28,122962,1,100,0,1530.0
10108108CHAGASR_2025-02-28_G13,10108108CHAGASR,2025-02-28,122984,1,50,0,1086.0
10108108CHAGASR_2025-02-28_G14,10108108CHAGASR,2025-02-28,121760,1,50,0,694.0
10108108CHAGASR_2025-02-28_G15,10108108CHAGASR,2025-02-28,120389,1,2,0,680.0
10108108CHAGASR_2025-02-28_G16,10108108CHAGASR,2025-02-28,124486,1,100,0,751.0
10108108CHAGASR_2025-02-28_G17,10108108CHAGASR,2025-02-28,124287,1,300,0,3203.0
10108108CHAGASR_2025-03-01_G02,10108108CHAGASR,2025-03-01,123822,1,35,0,438.0
10108108CHAGASR_2025-03-01_G03,10108108CHAGASR,2025-03-01,124486,1,5,0,58.0
10108108CHAGASR_2025-03-01_G04,10108108CHAGASR,2025-03-01,123345,1,7,0,65.0
10108108CHAGASR_2025-05-12_G02,10108108CHAGASR,2025-05-12,120271,1,8,0,85.0
10108108CHAGASR_2025-05-12_G03,10108108CHAGASR,2025-05-12,123909,1,4,0,82.0
10108108CHAGASR_2025-05-12_G04,10108108CHAGASR,2025-05-12,122962,1,16,0,285.0
10108108CHAGASR_2025-05-12_G05,10108108CHAGASR,2025-05-12,122984,1,8,0,97.0
10108108CHAGASR_2025-05-12_G06,10108108CHAGASR,2025-05-12,120339,1,2,0,57.0
10108108CHAGASR_2025-05-12_G07,10108108CHAGASR,2025-05-12,123313,1,4,0,855.0
10108108CHAGASR_2025-05-12_G08,10108108CHAGASR,2025-05-12,122647,1,8,0,214.0
10108108CHAGASR_2025-05-12_G09,10108108CHAGASR,2025-05-12,"122673, 122647",3,26,2,639.0
10108108CHAGASR_2025-05-12_G10,10108108CHAGASR,2025-05-12,181057,1,4,0,149.0
10108108CHAGASR_2025-05-12_G11,10108108CHAGASR,2025-05-12,181887,1,6,0,186.0
10108108CHAGASR_2025-05-12_G12,10108108CHAGASR,2025-05-12,181056,1,5,0,166.0
10108108CHAGASR_2025-05-12_G13,10108108CHAGASR,2025-05-12,122673,1,8,0,301.0
10108108CHAGASR_2025-05-12_G14,10108108CHAGASR,2025-05-12,122671,1,20,0,366.0
10108108CHAGASR_2025-05-12_G15,10108108CHAGASR,2025-05-12,123909,1,10,0,182.0
10108108CHAGASR_2025-05-12_G16,10108108CHAGASR,2025-05-12,122673,1,30,0,255.0
10108108CHAGASR_2025-05-12_G17,10108108CHAGASR,2025-05-12,123153,1,20,0,248.0
10108108CHAGASR_2025-05-12_G18,10108108CHAGASR,2025-05-12,124476,1,6,0,134.0
10108108CHAGASR_2025-05-12_G19,10108108CHAGASR,2025-05-12,121760,1,6,0,114.0
10108108CHAGASR_2025-05-12_G20,10108108CHAGASR,2025-05-12,124476,1,16,0,257.0
10108108CHAGASR_2025-05-12_G21,10108108CHAGASR,2025-05-12,124247,1,4,0,41.0
10108108CHAGASR_2025-05-13_G02,10108108CHAGASR,2025-05-13,124486,1,30,0,429.0
10108108CHAGASR_2025-05-13_G03,10108108CHAGASR,2025-05-13,122962,1,40,0,667.0
10108108CHAGASR_2025-05-22_G02,10108108CHAGASR,2025-05-22,121651,1,14,0,214.0
10108108CHAGASR_2025-05-22_G03,10108108CHAGASR,2025-05-22,124247,1,8,0,101.0
10108108CHAGASR_2025-05-22_G04,10108108CHAGASR,2025-05-22,121760,1,30,0,560.0
10108108CHAGASR_2025-05-22_G05,10108108CHAGASR,2025-05-22,123081,1,26,0,389.0
10108108CHAGASR_2025-05-22_G06,10108108CHAGASR,2025-05-22,123345,1,27,0,485.0
10108108CHAGASR_2025-05-22_G07,10108108CHAGASR,2025-05-22,122967,1,10,0,73.0
10108108CHAGASR_2025-05-22_G08,10108108CHAGASR,2025-05-22,122967,1,10,0,133.0
10108108CHAGASR_2025-05-23_G02,10108108CHAGASR,2025-05-23,123520,1,2,0,197.0
10108108CHAGASR_2025-05-23_G03,10108108CHAGASR,2025-05-23,124264,1,8,0,117.0
10108108CHAGASR_2025-05-23_G04,10108108CHAGASR,2025-05-23,121760,1,6,0,159.0
10108108CHAGASR_2025-05-26_G02,10108108CHAGASR,2025-05-26,123948,1,300,0,2585.0
10108108CHAGASR_2025-05-29_G02,10108108CHAGASR,2025-05-29,123521,1,2,0,122.0
10108108CHAGASR_2025-05-29_G03,10108108CHAGASR,2025-05-29,122984,1,30,0,522.0
10108108CHAGASR_2025-05-29_G04,10108108CHAGASR,2025-05-29,124371,1,11,0,202.0
10108108CHAGASR_2025-05-29_G05,10108108CHAGASR,2025-05-29,124371,1,7,0,91.0
10108108CHAGASR_2025-05-29_G06,10108108CHAGASR,2025-05-29,124247,1,4,0,107.0
10108108CHAGASR_2025-05-29_G07,10108108CHAGASR,2025-05-29,122983,1,28,0,408.0
10108108CHAGASR_2025-05-29_G08,10108108CHAGASR,2025-05-29,124370,1,100,0,1262.0
10108108CHAGASR_2025-05-30_G02,10108108CHAGASR,2025-05-30,123153,1,20,0,614.0
10108108CHAGASR_2025-05-30_G03,10108108CHAGASR,2025-05-30,123313,2,12,21,368.0
10108108CHAGASR_2025-05-30_G04,10108108CHAGASR,2025-05-30,123313,1,8,0,86.0
10108108CHAGASR_2025-05-30_G05,10108108CHAGASR,2025-05-30,122185,1,10,0,372.0
10108108CHAGASR_2025-05-30_G06,10108108CHAGASR,2025-05-30,124370,1,6,0,140.0
10108108CHAGASR_2025-05-30_G07,10108108CHAGASR,2025-05-30,122985,1,1,0,131.0
10108108CHAGASR_2025-05-30_G08,10108108CHAGASR,2025-05-30,124477,1,3,0,166.0
10108108CHAGASR_2025-05-30_G09,10108108CHAGASR,2025-05-30,122984,1,2,0,115.0
10108108CHAGASR_2025-05-30_G10,10108108CHAGASR,2025-05-30,123344,1,2,0,84.0
10108108CHAGASR_2025-05-30_G11,10108108CHAGASR,2025-05-30,122962,1,10,0,157.0
10108108CHAGASR_2025-05-30_G12,10108108CHAGASR,2025-05-30,123492,1,10,0,139.0
10108108CHAGASR_2025-05-30_G13,10108108CHAGASR,2025-05-30,122962,1,8,0,159.0
10108108CHAGASR_2025-05-30_G14,10108108CHAGASR,2025-05-30,124486,1,2,0,90.0
10108108CHAGASR_2025-05-30_G15,10108108CHAGASR,2025-05-30,181235,1,6,0,709.0
10108108CHAGASR_2025-05-30_G16,10108108CHAGASR,2025-05-30,181057,1,20,0,567.0
10108108CHAGASR_2025-05-30_G17,10108108CHAGASR,2025-05-30,181887,1,50,0,375.0
10108108CHAGASR_2025-05-30_G18,10108108CHAGASR,2025-05-30,122185,1,140,0,1975.0
10108108CHAGASR_2025-05-30_G19,10108108CHAGASR,2025-05-30,122984,1,2,0,995.0
10108108CHAGASR_2025-05-30_G20,10108108CHAGASR,2025-05-30,124371,1,1,0,73.0
10108108CHAGASR_2025-05-30_G21,10108108CHAGASR,2025-05-30,181057,1,3,0,162.0
10108108CHAGASR_2025-05-30_G22,10108108CHAGASR,2025-05-30,122984,1,6,0,111.0
10108108CHAGASR_2025-05-30_G23,10108108CHAGASR,2025-05-30,122189,1,4,0,117.0
10108108CHAGASR_2025-05-30_G24,10108108CHAGASR,2025-05-30,123822,1,19,0,815.0
10108108CHAGASR_2025-05-30_G25,10108108CHAGASR,2025-05-30,122962,1,8,0,113.0
10108108CHAGASR_2025-05-30_G26,10108108CHAGASR,2025-05-30,122185,1,10,0,186.0
10108108CHAGASR_2025-05-30_G27,10108108CHAGASR,2025-05-30,123908,1,2,0,1470.0
10108108CHAGASR_2025-05-30_G28,10108108CHAGASR,2025-05-30,124548,1,9,0,274.0
10108108CHAGASR_2025-05-31_G02,10108108CHAGASR,2025-05-31,181235,1,4,0,248.0
10108108CHAGASR_2025-05-31_G03,10108108CHAGASR,2025-05-31,"124486, 122984",2,51,28,468.0
10108108CHAGASR_2025-05-31_G04,10108108CHAGASR,2025-05-31,122984,1,3,0,71.0
10108108CHAGASR_2025-05-31_G06,10108108CHAGASR,2025-05-31,121760,1,10,0,210.0
10108108CHAGASR_2025-05-31_G07,10108108CHAGASR,2025-05-31,123344,1,20,0,50.0
10108108CHAGASR_2025-05-31_G08,10108108CHAGASR,2025-05-31,123344,1,2,0,43.0
10108108CHAGASR_2025-05-31_G09,10108108CHAGASR,2025-05-31,181887,1,4,0,777.0
10108108CHAGASR_2025-05-31_G10,10108108CHAGASR,2025-05-31,123344,1,8,0,230.0
10108108CHAGASR_2025-05-31_G11,10108108CHAGASR,2025-05-31,124477,1,4,0,118.0
10108108CHAGASR_2025-05-31_G12,10108108CHAGASR,2025-05-31,123344,1,2,0,138.0
10108108CHAGASR_2025-05-31_G13,10108108CHAGASR,2025-05-31,124248,1,38,0,545.0
10108108CHAGASR_2025-05-31_G14,10108108CHAGASR,2025-05-31,123345,1,36,0,708.0
10108108CHAGASR_2025-05-31_G15,10108108CHAGASR,2025-05-31,122962,1,16,0,168.0
10108108CHAGASR_2025-05-31_G16,10108108CHAGASR,2025-05-31,123909,1,2,0,99.0
10108108CHAGASR_2025-05-31_G17,10108108CHAGASR,2025-05-31,121760,1,11,0,160.0
10108108CHAGASR_2025-05-31_G18,10108108CHAGASR,2025-05-31,121651,1,10,0,209.0
10108108CHAGASR_2025-05-31_G19,10108108CHAGASR,2025-05-31,123344,4,18,29,1167.0
10108108CHAGASR_2025-05-31_G20,10108108CHAGASR,2025-05-31,123345,1,2,0,571.0
10108108CHAGASR_2025-05-31_G21,10108108CHAGASR,2025-05-31,123345,1,10,0,243.0
10108108CHAGASR_2025-05-31_G22,10108108CHAGASR,2025-05-31,122962,1,14,0,172.0
10108108CHAGASR_2025-05-31_G23,10108108CHAGASR,2025-05-31,122982,2,5,30,78.0
10108108CHAGASR_2025-05-31_G24,10108108CHAGASR,2025-05-31,122984,1,8,0,121.0
10108108CHAGASR_2025-05-31_G25,10108108CHAGASR,2025-05-31,122984,1,20,0,267.0
10108108CHAGASR_2025-05-31_G26,10108108CHAGASR,2025-05-31,123344,2,3,14,88.0
10108108CHAGASR_2025-05-31_G27,10108108CHAGASR,2025-05-31,123344,1,59,0,561.0
10108108CHAGASR_2025-05-31_G28,10108108CHAGASR,2025-05-31,123344,1,17,0,69.0
10108108CHAGASR_2025-05-31_G29,10108108CHAGASR,2025-05-31,123344,1,11,0,236.0
10108108CHAGASR_2025-06-12_G02,10108108CHAGASR,2025-06-12,124486,1,4,0,114.0
10108108CHAGASR_2025-06-12_G03,10108108CHAGASR,2025-06-12,123345,1,30,0,362.0
10108108CHAGASR_2025-06-12_G04,10108108CHAGASR,2025-06-12,124486,1,32,0,353.0
10108108CHAGASR_2025-06-12_G05,10108108CHAGASR,2025-06-12,124248,1,8,0,63.0
10108108CHAGASR_2025-06-12_G06,10108108CHAGASR,2025-06-12,123345,1,12,0,240.0
10108108CHAGASR_2025-06-15_G02,10108108CHAGASR,2025-06-15,124486,1,6,0,140.0
10108108CHAGASR_2025-06-15_G03,10108108CHAGASR,2025-06-15,122962,1,10,0,48.0
10108108CHAGASR_2025-06-15_G04,10108108CHAGASR,2025-06-15,121651,1,33,0,408.0
10108108CHAGASR_2025-06-15_G05,10108108CHAGASR,2025-06-15,121760,1,20,0,425.0
10108108CHAGASR_2025-06-15_G06,10108108CHAGASR,2025-06-15,123345,1,29,0,369.0
10108108CHAGASR_2025-06-15_G07,10108108CHAGASR,2025-06-15,124370,1,2,0,101.0
10108108CHAGASR_2025-06-15_G08,10108108CHAGASR,2025-06-15,122962,1,6,0,64.0
10108108CHAGASR_2025-06-15_G09,10108108CHAGASR,2025-06-15,124371,1,10,0,181.0
10108108CHAGASR_2025-06-15_G10,10108108CHAGASR,2025-06-15,124371,1,10,0,100.0
10108108CHAGASR_2025-06-15_G11,10108108CHAGASR,2025-06-15,124248,1,10,0,135.0
10108108CHAGASR_2025-06-15_G12,10108108CHAGASR,2025-06-15,121651,1,20,0,266.0
10108108CHAGASR_2025-06-15_G13,10108108CHAGASR,2025-06-15,122671,1,12,0,256.0
10108108CHAGASR_2025-06-15_G14,10108108CHAGASR,2025-06-15,124486,1,3,0,53.0
10108108CHAGASR_2025-06-15_G15,10108108CHAGASR,2025-06-15,122962,1,16,0,180.0
10108108CHAGASR_2025-06-15_G16,10108108CHAGASR,2025-06-15,122703,1,20,0,235.0
10108108CHAGASR_2025-06-15_G17,10108108CHAGASR,2025-06-15,123909,1,10,0,124.0
10108108CHAGASR_2025-06-15_G18,10108108CHAGASR,2025-06-15,124371,2,10,27,262.0
10108108CHAGASR_2025-06-15_G19,10108108CHAGASR,2025-06-15,121651,1,50,0,231.0
10108108CHAGASR_2025-06-26_G02,10108108CHAGASR,2025-06-26,123130,1,200,0,1918.0
10108108CHAGASR_2025-06-28_G02,10108108CHAGASR,2025-06-28,124486,1,9,0,116.0
10108108CHAGASR_2025-06-28_G03,10108108CHAGASR,2025-06-28,120287,1,10,0,96.0
10108108CHAGASR_2025-06-28_G05,10108108CHAGASR,2025-06-28,123130,1,100,0,1145.0
10108108CHAGASR_2025-06-28_G06,10108108CHAGASR,2025-06-28,122962,1,16,0,257.0
10108108CHAGASR_2025-06-28_G07,10108108CHAGASR,2025-06-28,122673,1,16,0,376.0
10108108CHAGASR_2025-06-28_G08,10108108CHAGASR,2025-06-28,121760,2,8,20,144.0
10108108CHAGASR_2025-06-28_G09,10108108CHAGASR,2025-06-28,120339,1,2,0,295.0
10108108CHAGASR_2025-06-28_G10,10108108CHAGASR,2025-06-28,123153,1,1,0,2381.0
10108108CHAGASR_2025-06-28_G11,10108108CHAGASR,2025-06-28,123153,1,19,0,468.0
10108108CHAGASR_2025-06-28_G12,10108108CHAGASR,2025-06-28,123153,1,20,0,210.0
10108108CHAGASR_2025-06-28_G13,10108108CHAGASR,2025-06-28,123909,1,8,0,202.0
10108108CHAGASR_2025-06-28_G14,10108108CHAGASR,2025-06-28,124486,1,2,0,65.0
10108108CHAGASR_2025-06-28_G15,10108108CHAGASR,2025-06-28,120028,1,50,0,673.0
10108108CHAGASR_2025-06-28_G16,10108108CHAGASR,2025-06-28,122982,1,6,0,95.0
10108108CHAGASR_2025-06-28_G17,10108108CHAGASR,2025-06-28,123521,1,4,0,109.0
10108108CHAGASR_2025-06-28_G18,10108108CHAGASR,2025-06-28,123520,1,2,0,148.0
10108108CHAGASR_2025-06-28_G19,10108108CHAGASR,2025-06-28,122986,1,1,0,71.0
10108108CHAGASR_2025-06-28_G20,10108108CHAGASR,2025-06-28,122982,1,30,0,179.0
10108108CHAGASR_2025-06-28_G21,10108108CHAGASR,2025-06-28,124475,1,6,0,173.0
10108108CHAGASR_2025-06-28_G22,10108108CHAGASR,2025-06-28,120272,1,13,0,224.0
10108108CHAGASR_2025-06-28_G23,10108108CHAGASR,2025-06-28,122981,1,1,0,46.0
10108108CHAGASR_2025-06-28_G24,10108108CHAGASR,2025-06-28,123313,1,6,0,187.0
10108108CHAGASR_2025-06-28_G25,10108108CHAGASR,2025-06-28,123343,1,4,0,224.0
10108108CHAGASR_2025-06-28_G26,10108108CHAGASR,2025-06-28,122962,1,40,0,554.0
10108108CHAGASR_2025-06-28_G27,10108108CHAGASR,2025-06-28,122986,1,8,0,85.0
10108108CHAGASR_2025-06-28_G28,10108108CHAGASR,2025-06-28,122986,1,6,0,113.0
10108108CHAGASR_2025-06-28_G29,10108108CHAGASR,2025-06-28,121923,1,6,0,45.0
10108108CHAGASR_2025-06-28_G30,10108108CHAGASR,2025-06-28,123343,1,8,0,158.0
10108108CHAGASR_2025-06-28_G31,10108108CHAGASR,2025-06-28,123521,1,5,0,177.0
10108108CHAGASR_2025-06-28_G32,10108108CHAGASR,2025-06-28,122962,1,30,0,405.0
10108108CHAGASR_2025-06-29_G02,10108108CHAGASR,2025-06-29,124248,1,114,0,2194.0
10108108CHAGASR_2025-06-29_G03,10108108CHAGASR,2025-06-29,122981,1,12,0,65.0
10108108CHAGASR_2025-06-29_G04,10108108CHAGASR,2025-06-29,124248,1,2,0,701.0
10108108CHAGASR_2025-06-29_G05,10108108CHAGASR,2025-06-29,121651,1,3,0,87.0
10108108CHAGASR_2025-06-29_G06,10108108CHAGASR,2025-06-29,122981,1,4,0,61.0
10108108CHAGASR_2025-06-29_G07,10108108CHAGASR,2025-06-29,123344,1,10,0,330.0
10108108CHAGASR_2025-06-29_G08,10108108CHAGASR,2025-06-29,122647,1,18,0,913.0
10108108CHAGASR_2025-06-29_G09,10108108CHAGASR,2025-06-29,123153,1,31,0,586.0
10108108CHAGASR_2025-06-29_G10,10108108CHAGASR,2025-06-29,123153,1,10,0,105.0
10108108CHAGASR_2025-06-29_G11,10108108CHAGASR,2025-06-29,124477,1,10,0,701.0
10108108CHAGASR_2025-06-29_G12,10108108CHAGASR,2025-06-29,123345,1,2,0,184.0
10108108CHAGASR_2025-06-29_G13,10108108CHAGASR,2025-06-29,122962,1,8,0,184.0
10108108CHAGASR_2025-06-29_G14,10108108CHAGASR,2025-06-29,123561,1,1,0,65.0
10108108CHAGASR_2025-06-29_G15,10108108CHAGASR,2025-06-29,122984,1,12,0,305.0
10108108CHAGASR_2025-06-29_G16,10108108CHAGASR,2025-06-29,124248,1,3,0,380.0
10108108CHAGASR_2025-06-29_G17,10108108CHAGASR,2025-06-29,123521,1,4,0,62.0
10108108CHAGASR_2025-06-29_G18,10108108CHAGASR,2025-06-29,123521,1,4,0,118.0
10108108CHAGASR_2025-06-29_G19,10108108CHAGASR,2025-06-29,124370,1,30,0,739.0
10108108CHAGASR_2025-06-29_G20,10108108CHAGASR,2025-06-29,121928,1,2,0,62.0
10108108CHAGASR_2025-06-29_G21,10108108CHAGASR,2025-06-29,123521,1,3,0,121.0
10108108CHAGASR_2025-06-30_G02,10108108CHAGASR,2025-06-30,121760,1,30,0,627.0
10108108CHAGASR_2025-06-30_G03,10108108CHAGASR,2025-06-30,123909,1,12,0,222.0
10108108CHAGASR_2025-06-30_G04,10108108CHAGASR,2025-06-30,123909,1,14,0,261.0
10108108CHAGASR_2025-06-30_G05,10108108CHAGASR,2025-06-30,124475,1,8,0,134.0
10108108CHAGASR_2025-06-30_G06,10108108CHAGASR,2025-06-30,124475,1,6,0,138.0
10108108CHAGASR_2025-06-30_G07,10108108CHAGASR,2025-06-30,122962,1,28,0,754.0
10108108CHAGASR_2025-06-30_G08,10108108CHAGASR,2025-06-30,122185,1,4,0,156.0
10108108CHAGASR_2025-06-30_G09,10108108CHAGASR,2025-06-30,121651,1,2,0,95.0
10108108CHAGASR_2025-06-30_G10,10108108CHAGASR,2025-06-30,123344,1,15,0,373.0
10108108CHAGASR_2025-06-30_G11,10108108CHAGASR,2025-06-30,124476,1,5,0,96.0
10108108CHAGASR_2025-06-30_G12,10108108CHAGASR,2025-06-30,124476,1,3,0,42.0
10108108CHAGASR_2025-06-30_G13,10108108CHAGASR,2025-06-30,123343,1,8,0,1127.0
10108108CHAGASR_2025-06-30_G14,10108108CHAGASR,2025-06-30,123345,1,30,0,452.0
10108108CHAGASR_2025-06-30_G15,10108108CHAGASR,2025-06-30,121760,1,15,0,550.0
10108108CHAGASR_2025-06-30_G16,10108108CHAGASR,2025-06-30,121760,1,32,0,374.0
10108108CHAGASR_2025-06-30_G17,10108108CHAGASR,2025-06-30,121928,1,14,0,138.0
10108108CHAGASR_2025-06-30_G18,10108108CHAGASR,2025-06-30,124475,1,20,0,267.0
10108108CHAGASR_2025-06-30_G19,10108108CHAGASR,2025-06-30,124476,1,10,0,117.0
10108108CHAGASR_2025-07-03_G02,10108108CHAGASR,2025-07-03,123560,1,36,0,2125.0
10108108CHAGASR_2025-07-03_G03,10108108CHAGASR,2025-07-03,121651,1,211,0,2235.0
10108108CHAGASR_2025-07-11_G02,10108108CHAGASR,2025-07-11,124477,1,30,0,1108.0
10108108CHAGASR_2025-07-11_G03,10108108CHAGASR,2025-07-11,180054,1,1,0,183.0
10108108CHAGASR_2025-07-11_G04,10108108CHAGASR,2025-07-11,124264,1,64,0,1165.0
10108108CHAGASR_2025-07-11_G05,10108108CHAGASR,2025-07-11,124624,1,12,0,829.0
10108108CHAGASR_2025-07-11_G06,10108108CHAGASR,2025-07-11,122983,1,12,0,253.0
10108108CHAGASR_2025-07-11_G07,10108108CHAGASR,2025-07-11,122647,1,40,0,489.0
10108108CHAGASR_2025-07-11_G08,10108108CHAGASR,2025-07-11,122962,1,40,0,524.0
10108108CHAGASR_2025-07-11_G09,10108108CHAGASR,2025-07-11,124548,1,45,0,590.0
10108108CHAGASR_2025-07-11_G10,10108108CHAGASR,2025-07-11,124486,1,12,0,287.0
10108108CHAGASR_2025-07-11_G11,10108108CHAGASR,2025-07-11,122962,1,40,0,512.0
10108108CHAGASR_2025-07-11_G12,10108108CHAGASR,2025-07-11,122962,1,20,0,461.0
10108108CHAGASR_2025-07-11_G13,10108108CHAGASR,2025-07-11,123909,1,12,0,187.0
10108108CHAGASR_2025-07-11_G14,10108108CHAGASR,2025-07-11,122647,1,12,0,243.0
10108108CHAGASR_2025-07-18_G02,10108108CHAGASR,2025-07-18,124370,1,10,0,327.0
10108108CHAGASR_2025-07-18_G03,10108108CHAGASR,2025-07-18,120339,1,12,0,224.0
10108108CHAGASR_2025-07-18_G04,10108108CHAGASR,2025-07-18,122705,1,32,0,569.0
10108108CHAGASR_2025-07-18_G05,10108108CHAGASR,2025-07-18,120339,1,12,0,512.0
10108108CHAGASR_2025-07-18_G06,10108108CHAGASR,2025-07-18,122984,1,4,0,182.0
10108108CHAGASR_2025-07-18_G07,10108108CHAGASR,2025-07-18,122185,1,12,0,236.0
10108108CHAGASR_2025-07-18_G08,10108108CHAGASR,2025-07-18,123562,1,1,0,71.0
10108108CHAGASR_2025-07-18_G09,10108108CHAGASR,2025-07-18,122988,1,7,0,176.0
10108108CHAGASR_2025-07-18_G11,10108108CHAGASR,2025-07-18,120272,1,159,0,2768.0
10108108CHAGASR_2025-07-23_G02,10108108CHAGASR,2025-07-23,124370,1,14,0,273.0
10108108CHAGASR_2025-07-23_G03,10108108CHAGASR,2025-07-23,122984,1,40,0,879.0
10108108CHAGASR_2025-07-23_G04,10108108CHAGASR,2025-07-23,121651,1,10,0,266.0
10108108CHAGASR_2025-07-23_G05,10108108CHAGASR,2025-07-23,124548,1,30,0,606.0
10108108CHAGASR_2025-07-23_G06,10108108CHAGASR,2025-07-23,122984,1,34,0,2112.0
10108108CHAGASR_2025-07-23_G07,10108108CHAGASR,2025-07-23,181906,1,2,0,453.0
10108108CHAGASR_2025-07-24_G02,10108108CHAGASR,2025-07-24,122962,1,10,0,163.0
10108108CHAGASR_2025-07-24_G03,10108108CHAGASR,2025-07-24,120028,1,10,0,221.0
10108108CHAGASR_2025-07-24_G04,10108108CHAGASR,2025-07-24,124486,1,10,0,190.0
10108108CHAGASR_2025-07-24_G05,10108108CHAGASR,2025-07-24,180091,1,2,0,529.0
10108108CHAGASR_2025-07-24_G06,10108108CHAGASR,2025-07-24,124247,1,16,0,281.0
10108108CHAGASR_2025-07-24_G07,10108108CHAGASR,2025-07-24,123345,1,6,0,294.0
10108108CHAGASR_2025-07-24_G08,10108108CHAGASR,2025-07-24,124247,1,2,0,84.0
10108108CHAGASR_2025-07-24_G09,10108108CHAGASR,2025-07-24,123345,1,2,0,137.0
10108108CHAGASR_2025-07-24_G10,10108108CHAGASR,2025-07-24,124247,1,16,0,297.0
10108108CHAGASR_2025-07-24_G11,10108108CHAGASR,2025-07-24,124624,1,2,0,133.0
10108108CHAGASR_2025-07-24_G12,10108108CHAGASR,2025-07-24,123345,1,4,0,192.0
10108108CHAGASR_2025-07-24_G13,10108108CHAGASR,2025-07-24,122962,1,3,0,176.0
10108108CHAGASR_2025-07-24_G14,10108108CHAGASR,2025-07-24,180025,1,1,0,474.0
10108108CHAGASR_2025-07-24_G15,10108108CHAGASR,2025-07-24,122962,1,24,0,310.0
10108108CHAGASR_2025-07-24_G16,10108108CHAGASR,2025-07-24,124486,1,24,0,542.0
10108108CHAGASR_2025-07-29_G02,10108108CHAGASR,2025-07-29,124247,1,12,0,157.0
10108108CHAGASR_2025-07-29_G03,10108108CHAGASR,2025-07-29,124475,1,50,0,692.0
10108108CHAGASR_2025-07-30_G02,10108108CHAGASR,2025-07-30,124371,2,6,13,110.0
10108108CHAGASR_2025-07-30_G03,10108108CHAGASR,2025-07-30,124371,1,9,0,265.0
10108108CHAGASR_2025-07-30_G04,10108108CHAGASR,2025-07-30,122962,1,8,0,677.0
10108108CHAGASR_2025-07-30_G05,10108108CHAGASR,2025-07-30,122673,1,2,0,56.0
10108108CHAGASR_2025-07-30_G06,10108108CHAGASR,2025-07-30,122673,1,4,0,38.0
10108108CHAGASR_2025-07-30_G07,10108108CHAGASR,2025-07-30,124248,1,8,0,275.0
10108108CHAGASR_2025-07-30_G08,10108108CHAGASR,2025-07-30,124248,1,20,0,433.0
10108108CHAGASR_2025-07-30_G09,10108108CHAGASR,2025-07-30,122962,1,12,0,186.0
10108108CHAGASR_2025-07-30_G10,10108108CHAGASR,2025-07-30,120028,1,10,0,461.0
10108108CHAGASR_2025-07-30_G11,10108108CHAGASR,2025-07-30,124248,1,20,0,322.0
10108108CHAGASR_2025-07-30_G12,10108108CHAGASR,2025-07-30,124371,1,12,0,323.0
10108108CHAGASR_2025-07-30_G13,10108108CHAGASR,2025-07-30,121651,1,22,0,883.0
10108108CHAGASR_2025-07-30_G14,10108108CHAGASR,2025-07-30,123521,2,15,10,562.0
10108108CHAGASR_2025-07-30_G15,10108108CHAGASR,2025-07-30,124248,2,10,9,432.0
10108108CHAGASR_2025-07-30_G16,10108108CHAGASR,2025-07-30,123521,1,29,0,618.0
10108108CHAGASR_2025-07-30_G17,10108108CHAGASR,2025-07-30,122967,1,4,0,254.0
10108108CHAGASR_2025-07-30_G18,10108108CHAGASR,2025-07-30,124248,1,4,0,341.0
10108108CHAGASR_2025-07-30_G19,10108108CHAGASR,2025-07-30,124371,1,4,0,102.0
10108108CHAGASR_2025-07-30_G20,10108108CHAGASR,2025-07-30,124371,1,6,0,87.0
10108108CHAGASR_2025-07-30_G21,10108108CHAGASR,2025-07-30,123909,1,8,0,359.0
10108108CHAGASR_2025-07-30_G22,10108108CHAGASR,2025-07-30,120028,1,22,0,655.0
10108108CHAGASR_2025-07-30_G23,10108108CHAGASR,2025-07-30,124248,2,6,10,95.0
10108108CHAGASR_2025-07-30_G24,10108108CHAGASR,2025-07-30,124371,1,23,0,504.0
10108108CHAGASR_2025-07-30_G25,10108108CHAGASR,2025-07-30,124371,1,14,0,387.0
10108108CHAGASR_2025-07-30_G26,10108108CHAGASR,2025-07-30,121923,1,4,0,468.0
10108108CHAGASR_2025-07-30_G27,10108108CHAGASR,2025-07-30,123822,1,34,0,646.0
10108108CHAGASR_2025-07-31_G02,10108108CHAGASR,2025-07-31,123153,1,20,0,300.0
10108108CHAGASR_2025-07-31_G03,10108108CHAGASR,2025-07-31,120271,1,6,0,312.0
10108108CHAGASR_2025-07-31_G04,10108108CHAGASR,2025-07-31,120339,1,38,0,367.0
10108108CHAGASR_2025-07-31_G05,10108108CHAGASR,2025-07-31,121760,1,14,0,185.0
10108108CHAGASR_2025-07-31_G06,10108108CHAGASR,2025-07-31,122671,1,11,0,112.0
10108108CHAGASR_2025-07-31_G07,10108108CHAGASR,2025-07-31,122185,1,14,0,303.0
10108108CHAGASR_2025-07-31_G08,10108108CHAGASR,2025-07-31,122982,1,14,0,185.0
10108108CHAGASR_2025-07-31_G09,10108108CHAGASR,2025-07-31,122982,1,10,0,162.0
10108108CHAGASR_2025-07-31_G10,10108108CHAGASR,2025-07-31,122984,1,18,0,544.0
10108108CHAGASR_2025-07-31_G11,10108108CHAGASR,2025-07-31,124475,1,8,0,156.0
10108108CHAGASR_2025-07-31_G12,10108108CHAGASR,2025-07-31,124548,1,10,0,234.0
10108108CHAGASR_2025-07-31_G13,10108108CHAGASR,2025-07-31,124370,1,32,0,393.0
10108108CHAGASR_2025-07-31_G14,10108108CHAGASR,2025-07-31,124370,1,42,0,835.0
10108108CHAGASR_2025-07-31_G15,10108108CHAGASR,2025-07-31,122185,1,20,0,398.0
10108108CHAGASR_2025-07-31_G16,10108108CHAGASR,2025-07-31,124371,1,14,0,300.0
10108108CHAGASR_2025-07-31_G17,10108108CHAGASR,2025-07-31,120272,1,120,0,1153.0
10108108CHAGASR_2025-07-31_G18,10108108CHAGASR,2025-07-31,123345,1,43,0,638.0
10108108CHAGASR_2025-07-31_G19,10108108CHAGASR,2025-07-31,122988,1,2,0,100.0
10108108CHAGASR_2025-07-31_G20,10108108CHAGASR,2025-07-31,121760,1,11,0,291.0
10108108CHAGASR_2025-07-31_G21,10108108CHAGASR,2025-07-31,124371,1,6,0,129.0
10108108CHAGASR_2025-07-31_G22,10108108CHAGASR,2025-07-31,124371,1,10,0,121.0
10108108CHAGASR_2025-07-31_G23,10108108CHAGASR,2025-07-31,123492,1,2,0,229.0
10108108CHAGASR_2025-07-31_G24,10108108CHAGASR,2025-07-31,124370,1,3,0,120.0
10108108CHAGASR_2025-07-31_G25,10108108CHAGASR,2025-07-31,121651,1,10,0,295.0
10108108CHAGASR_2025-07-31_G26,10108108CHAGASR,2025-07-31,123521,1,4,0,114.0
10108108CHAGASR_2025-07-31_G27,10108108CHAGASR,2025-07-31,122984,1,48,0,80.0
10108108CHAGASR_2025-07-31_G28,10108108CHAGASR,2025-07-31,124548,1,24,0,570.0
10108108CHAGASR_2025-07-31_G29,10108108CHAGASR,2025-07-31,122988,1,15,0,214.0
10108108CHAGASR_2025-07-31_G30,10108108CHAGASR,2025-07-31,181056,1,6,0,420.0
10108119COSTADR_2025-02-26_G02,10108119COSTADR,2025-02-26,123907,1,12,0,658.0
10108119COSTADR_2025-02-26_G03,10108119COSTADR,2025-02-26,124476,1,16,0,305.0
10108119COSTADR_2025-02-26_G04,10108119COSTADR,2025-02-26,124371,1,20,0,361.0
10108119COSTADR_2025-02-26_G05,10108119COSTADR,2025-02-26,121760,1,30,0,358.0
10108119COSTADR_2025-02-26_G06,10108119COSTADR,2025-02-26,123909,1,5,0,1149.0
10108119COSTADR_2025-02-28_G02,10108119COSTADR,2025-02-28,122962,1,24,0,351.0
10108119COSTADR_2025-02-28_G03,10108119COSTADR,2025-02-28,122962,1,2,0,79.0
10108119COSTADR_2025-02-28_G04,10108119COSTADR,2025-02-28,122962,1,80,0,700.0
10108119COSTADR_2025-02-28_G05,10108119COSTADR,2025-02-28,122982,1,12,0,130.0
10108119COSTADR_2025-02-28_G06,10108119COSTADR,2025-02-28,122984,1,4,0,117.0
10108119COSTADR_2025-02-28_G07,10108119COSTADR,2025-02-28,122703,1,4,0,92.0
10108119COSTADR_2025-02-28_G08,10108119COSTADR,2025-02-28,121651,1,14,0,107.0
10108119COSTADR_2025-02-28_G09,10108119COSTADR,2025-02-28,121651,1,3,0,35.0
10108119COSTADR_2025-02-28_G10,10108119COSTADR,2025-02-28,121760,1,14,0,188.0
10108119COSTADR_2025-02-28_G11,10108119COSTADR,2025-02-28,124370,1,4,0,167.0
10108119COSTADR_2025-02-28_G12,10108119COSTADR,2025-02-28,124370,1,8,0,158.0
10108119COSTADR_2025-02-28_G13,10108119COSTADR,2025-02-28,124370,1,4,0,48.0
10108119COSTADR_2025-02-28_G14,10108119COSTADR,2025-02-28,124247,1,8,0,166.0
10108119COSTADR_2025-02-28_G15,10108119COSTADR,2025-02-28,124371,1,4,0,124.0
10108119COSTADR_2025-02-28_G16,10108119COSTADR,2025-02-28,124371,1,4,0,32.0
10108119COSTADR_2025-02-28_G17,10108119COSTADR,2025-02-28,124371,2,6,18,86.0
10108119COSTADR_2025-02-28_G18,10108119COSTADR,2025-02-28,124486,1,40,0,481.0
10108119COSTADR_2025-02-28_G19,10108119COSTADR,2025-02-28,124486,1,6,0,255.0
10108119COSTADR_2025-02-28_G20,10108119COSTADR,2025-02-28,123344,3,18,39,200.0
10108119COSTADR_2025-02-28_G21,10108119COSTADR,2025-02-28,122703,2,3,9,129.0
10108119COSTADR_2025-02-28_G22,10108119COSTADR,2025-02-28,121760,1,4,0,140.0
10108119COSTADR_2025-02-28_G23,10108119COSTADR,2025-02-28,181887,1,2,0,250.0
10108119COSTADR_2025-02-28_G24,10108119COSTADR,2025-02-28,123081,1,4,0,792.0
10108119COSTADR_2025-02-28_G25,10108119COSTADR,2025-02-28,121928,1,2,0,70.0
10108119COSTADR_2025-02-28_G26,10108119COSTADR,2025-02-28,122962,1,4,0,196.0
10108119COSTADR_2025-02-28_G27,10108119COSTADR,2025-02-28,122962,2,8,8,39.0
10108119COSTADR_2025-02-28_G28,10108119COSTADR,2025-02-28,123907,1,4,0,178.0
10108119COSTADR_2025-02-28_G29,10108119COSTADR,2025-02-28,123907,1,6,0,49.0
10108119COSTADR_2025-02-28_G30,10108119COSTADR,2025-02-28,123907,1,1,0,49.0
10108119COSTADR_2025-02-28_G31,10108119COSTADR,2025-02-28,120389,1,4,0,136.0
10108119COSTADR_2025-02-28_G32,10108119COSTADR,2025-02-28,123909,1,10,0,177.0
10108119COSTADR_2025-02-28_G33,10108119COSTADR,2025-02-28,123909,1,4,0,53.0
10108119COSTADR_2025-02-28_G34,10108119COSTADR,2025-02-28,"123343, 123345",7,18,69,128.0
10108119COSTADR_2025-02-28_G35,10108119COSTADR,2025-02-28,122985,1,10,0,2676.0
10108119COSTADR_2025-02-28_G36,10108119COSTADR,2025-02-28,122671,1,13,0,227.0
10108119COSTADR_2025-02-28_G37,10108119COSTADR,2025-02-28,122962,1,17,0,243.0
10108119COSTADR_2025-02-28_G38,10108119COSTADR,2025-02-28,122984,1,92,0,799.0
10108119COSTADR_2025-02-28_G39,10108119COSTADR,2025-02-28,122673,1,8,0,58.0
10108119COSTADR_2025-02-28_G40,10108119COSTADR,2025-02-28,122673,1,11,0,122.0
10108119COSTADR_2025-02-28_G41,10108119COSTADR,2025-02-28,124475,1,2,0,214.0
10108119COSTADR_2025-02-28_G42,10108119COSTADR,2025-02-28,122185,1,4,0,105.0
10108119COSTADR_2025-02-28_G43,10108119COSTADR,2025-02-28,122185,1,9,0,109.0
10108119COSTADR_2025-02-28_G44,10108119COSTADR,2025-02-28,123561,1,84,0,664.0
10108119COSTADR_2025-02-28_G45,10108119COSTADR,2025-02-28,122962,1,20,0,211.0
10108119COSTADR_2025-02-28_G46,10108119COSTADR,2025-02-28,122647,1,30,0,280.0
10108119COSTADR_2025-02-28_G47,10108119COSTADR,2025-02-28,122647,1,4,0,39.0
10108119COSTADR_2025-02-28_G49,10108119COSTADR,2025-02-28,121651,1,30,0,451.0
10108119COSTADR_2025-02-28_G50,10108119COSTADR,2025-02-28,124247,1,12,0,153.0
10108119COSTADR_2025-02-28_G51,10108119COSTADR,2025-02-28,122962,1,28,0,1031.0
10108119COSTADR_2025-02-28_G52,10108119COSTADR,2025-02-28,124247,1,10,0,135.0
10108119COSTADR_2025-02-28_G53,10108119COSTADR,2025-02-28,120271,1,4,0,70.0
10108119COSTADR_2025-02-28_G54,10108119COSTADR,2025-02-28,122962,1,8,0,212.0
10108119COSTADR_2025-02-28_G55,10108119COSTADR,2025-02-28,122962,1,12,0,455.0
10108119COSTADR_2025-02-28_G56,10108119COSTADR,2025-02-28,120028,1,40,0,1585.0
10108119COSTADR_2025-02-28_G57,10108119COSTADR,2025-02-28,124486,1,75,0,567.0
10108119COSTADR_2025-02-28_G58,10108119COSTADR,2025-02-28,124247,1,10,0,642.0
10108119COSTADR_2025-02-28_G59,10108119COSTADR,2025-02-28,121651,1,21,0,376.0
10108119COSTADR_2025-02-28_G60,10108119COSTADR,2025-02-28,121760,1,24,0,730.0
10108119COSTADR_2025-02-28_G61,10108119COSTADR,2025-02-28,124371,1,12,0,199.0
10108119COSTADR_2025-03-27_G02,10108119COSTADR,2025-03-27,124476,1,10,0,109.0
10108119COSTADR_2025-03-27_G03,10108119COSTADR,2025-03-27,121760,2,7,16,90.0
10108119COSTADR_2025-03-27_G04,10108119COSTADR,2025-03-27,122673,1,4,0,57.0
10108119COSTADR_2025-03-27_G05,10108119COSTADR,2025-03-27,121651,1,2,0,64.0
10108119COSTADR_2025-03-27_G06,10108119COSTADR,2025-03-27,122962,1,4,0,76.0
10108119COSTADR_2025-03-27_G07,10108119COSTADR,2025-03-27,123344,1,3,0,127.0
10108119COSTADR_2025-03-27_G08,10108119COSTADR,2025-03-27,123343,1,2,0,147.0
10108119COSTADR_2025-03-27_G09,10108119COSTADR,2025-03-27,123345,1,2,0,91.0
10108119COSTADR_2025-03-27_G10,10108119COSTADR,2025-03-27,123909,1,48,0,745.0
10108119COSTADR_2025-03-27_G11,10108119COSTADR,2025-03-27,123909,1,1,0,65.0
10108119COSTADR_2025-03-27_G12,10108119COSTADR,2025-03-27,122673,1,4,0,70.0
10108119COSTADR_2025-03-27_G13,10108119COSTADR,2025-03-27,122647,1,50,0,690.0
10108119COSTADR_2025-03-27_G14,10108119COSTADR,2025-03-27,123032,1,50,0,511.0
10108119COSTADR_2025-03-27_G15,10108119COSTADR,2025-03-27,122185,1,10,0,135.0
10108119COSTADR_2025-03-27_G16,10108119COSTADR,2025-03-27,122185,1,10,0,74.0
10108119COSTADR_2025-03-27_G17,10108119COSTADR,2025-03-27,120339,1,7,0,131.0
10108119COSTADR_2025-03-27_G18,10108119COSTADR,2025-03-27,124248,1,18,0,276.0
10108119COSTADR_2025-03-27_G20,10108119COSTADR,2025-03-27,121760,1,1,0,57.0
10108119COSTADR_2025-03-27_G21,10108119COSTADR,2025-03-27,124594,1,4,0,322.0
10108119COSTADR_2025-03-27_G22,10108119COSTADR,2025-03-27,122984,1,10,0,177.0
10108119COSTADR_2025-03-27_G23,10108119COSTADR,2025-03-27,122671,1,4,0,76.0
10108119COSTADR_2025-03-28_G02,10108119COSTADR,2025-03-28,122984,1,20,0,267.0
10108119COSTADR_2025-03-28_G03,10108119COSTADR,2025-03-28,122673,1,12,0,113.0
10108119COSTADR_2025-03-28_G04,10108119COSTADR,2025-03-28,124486,1,2,0,53.0
10108119COSTADR_2025-03-28_G05,10108119COSTADR,2025-03-28,123345,1,10,0,47.0
10108119COSTADR_2025-03-28_G06,10108119COSTADR,2025-03-28,122673,1,4,0,62.0
10108119COSTADR_2025-06-24_G02,10108119COSTADR,2025-06-24,111444,1,2,0,121.0
10108119COSTADR_2025-06-24_G03,10108119COSTADR,2025-06-24,117785,1,7,0,179.0
10108119COSTADR_2025-06-24_G04,10108119COSTADR,2025-06-24,105705,1,8,0,65.0
10108119COSTADR_2025-06-24_G05,10108119COSTADR,2025-06-24,108794,1,5,0,55.0
10108119COSTADR_2025-06-24_G06,10108119COSTADR,2025-06-24,108711,1,10,0,94.0
10108119COSTADR_2025-06-24_G07,10108119COSTADR,2025-06-24,140922,1,4,0,32.0
10108119COSTADR_2025-06-24_G08,10108119COSTADR,2025-06-24,110745,1,4,0,44.0
10108119COSTADR_2025-06-24_G09,10108119COSTADR,2025-06-24,117833,1,16,0,94.0
10108119COSTADR_2025-06-24_G10,10108119COSTADR,2025-06-24,108798,1,4,0,63.0
10108119COSTADR_2025-06-24_G11,10108119COSTADR,2025-06-24,117821,1,2,0,72.0
10108119COSTADR_2025-06-24_G12,10108119COSTADR,2025-06-24,141823,1,8,0,66.0
10108119COSTADR_2025-06-24_G13,10108119COSTADR,2025-06-24,111418,1,8,0,271.0
10108119COSTADR_2025-06-24_G14,10108119COSTADR,2025-06-24,118140,1,8,0,79.0
10108119COSTADR_2025-06-24_G15,10108119COSTADR,2025-06-24,111468,1,4,0,52.0
10108119COSTADR_2025-06-24_G16,10108119COSTADR,2025-06-24,110129,1,3,0,540.0
10108119COSTADR_2025-06-24_G17,10108119COSTADR,2025-06-24,111444,1,2,0,100.0
10108119COSTADR_2025-06-24_G18,10108119COSTADR,2025-06-24,"117785, 105705",2,11,27,139.0
10108119COSTADR_2025-06-24_G19,10108119COSTADR,2025-06-24,111463,1,18,0,130.0
10108119COSTADR_2025-06-24_G20,10108119COSTADR,2025-06-24,108711,1,6,0,72.0
10108119COSTADR_2025-06-24_G21,10108119COSTADR,2025-06-24,117831,1,10,0,79.0
10108119COSTADR_2025-06-24_G22,10108119COSTADR,2025-06-24,117833,1,26,0,111.0
10108119COSTADR_2025-06-24_G23,10108119COSTADR,2025-06-24,111172,1,4,0,69.0
10108119COSTADR_2025-06-24_G24,10108119COSTADR,2025-06-24,111469,1,1,0,41.0
10108119COSTADR_2025-06-24_G25,10108119COSTADR,2025-06-24,111431,1,1,0,33.0
10108119COSTADR_2025-06-24_G26,10108119COSTADR,2025-06-24,109641,1,2,0,47.0
10108119COSTADR_2025-06-24_G27,10108119COSTADR,2025-06-24,111462,1,8,0,87.0
10108119COSTADR_2025-06-24_G28,10108119COSTADR,2025-06-24,109645,1,2,0,90.0
10108119COSTADR_2025-06-24_G29,10108119COSTADR,2025-06-24,117787,1,2,0,49.0
10108119COSTADR_2025-06-24_G30,10108119COSTADR,2025-06-24,118330,1,4,0,100.0
10108119COSTADR_2025-06-24_G31,10108119COSTADR,2025-06-24,111418,1,7,0,229.0
10108119COSTADR_2025-06-24_G32,10108119COSTADR,2025-06-24,118140,1,16,0,91.0
10108119COSTADR_2025-06-24_G33,10108119COSTADR,2025-06-24,111468,1,5,0,52.0
10108119COSTADR_2025-06-24_G34,10108119COSTADR,2025-06-24,117808,1,6,0,286.0
10108119COSTADR_2025-06-24_G35,10108119COSTADR,2025-06-24,109643,1,2,0,76.0
10108119COSTADR_2025-06-24_G36,10108119COSTADR,2025-06-24,118299,1,8,0,78.0
10108119COSTADR_2025-06-24_G37,10108119COSTADR,2025-06-24,110375,1,4,0,57.0
10108119COSTADR_2025-06-24_G38,10108119COSTADR,2025-06-24,141202,1,16,0,187.0
10108119COSTADR_2025-06-24_G39,10108119COSTADR,2025-06-24,110372,1,12,0,90.0
10108119COSTADR_2025-06-24_G40,10108119COSTADR,2025-06-24,117809,1,7,0,41.0
10108119COSTADR_2025-06-24_G41,10108119COSTADR,2025-06-24,118403,1,4,0,134.0
10108119COSTADR_2025-06-24_G42,10108119COSTADR,2025-06-24,108772,1,4,0,48.0
10108119COSTADR_2025-06-24_G43,10108119COSTADR,2025-06-24,110733,1,2,0,41.0
10108119COSTADR_2025-06-24_G44,10108119COSTADR,2025-06-24,117935,1,5,0,83.0
10108119COSTADR_2025-09-19_G02,10108119COSTADR,2025-09-19,109640,1,4,0,174.0
10108119COSTADR_2025-09-19_G03,10108119COSTADR,2025-09-19,110313,1,1,0,520.0
10108119COSTADR_2025-09-19_G04,10108119COSTADR,2025-09-19,111463,1,2,0,445.0
10108119COSTADR_2025-09-19_G05,10108119COSTADR,2025-09-19,110787,1,2,0,120.0
10108119COSTADR_2025-09-19_G06,10108119COSTADR,2025-09-19,117831,1,2,0,135.0
10108119COSTADR_2025-09-19_G07,10108119COSTADR,2025-09-19,108759,1,2,0,891.0
10108119COSTADR_2025-09-19_G08,10108119COSTADR,2025-09-19,117862,1,3,0,191.0
10108119COSTADR_2025-09-19_G09,10108119COSTADR,2025-09-19,110733,1,4,0,163.0
10108119COSTADR_2025-09-19_G10,10108119COSTADR,2025-09-19,117855,1,2,0,79.0
10108119COSTADR_2025-09-19_G11,10108119COSTADR,2025-09-19,111602,1,4,0,122.0
10108119COSTADR_2025-09-19_G12,10108119COSTADR,2025-09-19,111467,1,4,0,84.0
10108119COSTADR_2025-09-19_G13,10108119COSTADR,2025-09-19,110372,2,8,29,270.0
10108119COSTADR_2025-09-19_G14,10108119COSTADR,2025-09-19,117808,1,9,0,120.0
10108119COSTADR_2025-09-19_G15,10108119COSTADR,2025-09-19,110375,1,2,0,199.0
10108119COSTADR_2025-09-19_G16,10108119COSTADR,2025-09-19,117820,1,2,0,114.0
10108119COSTADR_2025-09-19_G17,10108119COSTADR,2025-09-19,118299,1,5,0,126.0
10108119COSTADR_2025-09-22_G02,10108119COSTADR,2025-09-22,110740,1,4,0,631.0
10108119COSTADR_2025-09-22_G03,10108119COSTADR,2025-09-22,117787,1,4,0,354.0
10108119COSTADR_2025-09-22_G04,10108119COSTADR,2025-09-22,141457,1,6,0,403.0
10108119COSTADR_2025-09-22_G05,10108119COSTADR,2025-09-22,118299,1,10,0,351.0
10108119COSTADR_2025-09-22_G06,10108119COSTADR,2025-09-22,117820,1,6,0,130.0
10108119COSTADR_2025-09-22_G07,10108119COSTADR,2025-09-22,108770,1,2,0,1063.0
10108119COSTADR_2025-09-22_G08,10108119COSTADR,2025-09-22,109640,1,2,0,1376.0
10108119COSTADR_2025-09-22_G09,10108119COSTADR,2025-09-22,117821,1,4,0,182.0
10108119COSTADR_2025-09-22_G10,10108119COSTADR,2025-09-22,141458,1,2,0,57.0
10108119COSTADR_2025-09-22_G11,10108119COSTADR,2025-09-22,117808,1,20,0,344.0
10108119COSTADR_2025-09-22_G12,10108119COSTADR,2025-09-22,118299,1,20,0,138.0
10108119COSTADR_2025-09-22_G13,10108119COSTADR,2025-09-22,117832,1,4,0,122.0
10108119COSTADR_2025-09-22_G14,10108119COSTADR,2025-09-22,117809,1,1,0,99.0
10108119COSTADR_2025-09-22_G15,10108119COSTADR,2025-09-22,110747,1,2,0,370.0
10108119COSTADR_2025-09-22_G16,10108119COSTADR,2025-09-22,111876,1,2,0,118.0
10108119COSTADR_2025-09-22_G17,10108119COSTADR,2025-09-22,108711,1,2,0,109.0
10108119COSTADR_2025-09-22_G18,10108119COSTADR,2025-09-22,118140,1,4,0,152.0
10108119COSTADR_2025-09-22_G19,10108119COSTADR,2025-09-22,117808,1,20,0,230.0
10108119COSTADR_2025-09-22_G20,10108119COSTADR,2025-09-22,118299,1,20,0,249.0
10108119COSTADR_2025-09-22_G21,10108119COSTADR,2025-09-22,117820,1,4,0,100.0
10108119COSTADR_2025-09-22_G22,10108119COSTADR,2025-09-22,110895,1,4,0,509.0
10108119COSTADR_2025-09-22_G23,10108119COSTADR,2025-09-22,110733,1,1,0,440.0
10108119COSTADR_2025-09-22_G24,10108119COSTADR,2025-09-22,141456,1,5,0,106.0
10108119COSTADR_2025-09-22_G25,10108119COSTADR,2025-09-22,111532,1,2,0,148.0
10108119COSTADR_2025-09-22_G26,10108119COSTADR,2025-09-22,118140,1,2,0,115.0
10108119COSTADR_2025-09-22_G27,10108119COSTADR,2025-09-22,118299,1,20,0,282.0
10108119COSTADR_2025-09-22_G28,10108119COSTADR,2025-09-22,"117820, 117808",2,28,21,334.0
10108119COSTADR_2025-09-22_G29,10108119COSTADR,2025-09-22,117832,1,4,0,102.0
10108119COSTADR_2025-09-22_G30,10108119COSTADR,2025-09-22,110895,1,4,0,515.0
10108119COSTADR_2025-09-22_G31,10108119COSTADR,2025-09-22,117787,1,4,0,133.0
10108119COSTADR_2025-09-22_G32,10108119COSTADR,2025-09-22,111532,1,2,0,41.0
10108119COSTADR_2025-09-22_G33,10108119COSTADR,2025-09-22,111418,1,4,0,123.0
10108119COSTADR_2025-09-22_G34,10108119COSTADR,2025-09-22,117833,1,4,0,123.0
10108119COSTADR_2025-09-22_G35,10108119COSTADR,2025-09-22,117808,1,15,0,222.0
10108119COSTADR_2025-09-22_G36,10108119COSTADR,2025-09-22,118299,1,20,0,207.0
10108119COSTADR_2025-09-22_G37,10108119COSTADR,2025-09-22,117832,1,4,0,76.0
10108119COSTADR_2025-09-22_G38,10108119COSTADR,2025-09-22,117820,1,8,0,181.0
10108119COSTADR_2025-09-22_G39,10108119COSTADR,2025-09-22,110895,1,2,0,226.0
10108119COSTADR_2025-09-22_G40,10108119COSTADR,2025-09-22,110623,1,4,0,135.0
10108119COSTADR_2025-09-22_G41,10108119COSTADR,2025-09-22,141047,1,2,0,124.0
10108119COSTADR_2025-09-22_G42,10108119COSTADR,2025-09-22,111602,1,5,0,149.0
10108119COSTADR_2025-09-22_G43,10108119COSTADR,2025-09-22,110740,1,4,0,822.0
10108119COSTADR_2025-09-22_G44,10108119COSTADR,2025-09-22,110787,1,3,0,293.0
10108119COSTADR_2025-09-22_G45,10108119COSTADR,2025-09-22,118222,1,2,0,1511.0
10108119COSTADR_2025-09-22_G46,10108119COSTADR,2025-09-22,110747,1,2,0,105.0
10108119COSTADR_2025-09-22_G47,10108119COSTADR,2025-09-22,110895,1,4,0,108.0
10108119COSTADR_2025-09-22_G48,10108119COSTADR,2025-09-22,141047,1,3,0,690.0
10108119COSTADR_2025-09-22_G49,10108119COSTADR,2025-09-22,108701,1,2,0,44.0
10108119COSTADR_2025-09-22_G50,10108119COSTADR,2025-09-22,110741,1,2,0,108.0
10108119COSTADR_2025-09-22_G51,10108119COSTADR,2025-09-22,107629,1,2,0,47.0
10108119COSTADR_2025-09-22_G52,10108119COSTADR,2025-09-22,118298,1,2,0,62.0
10108119COSTADR_2025-09-22_G53,10108119COSTADR,2025-09-22,111530,1,6,0,134.0
10108119COSTADR_2025-09-22_G54,10108119COSTADR,2025-09-22,111650,1,2,0,52.0
10108119COSTADR_2025-09-22_G55,10108119COSTADR,2025-09-22,117935,1,4,0,76.0
10108119COSTADR_2025-09-22_G56,10108119COSTADR,2025-09-22,110733,1,4,0,128.0
10108119COSTADR_2025-09-22_G57,10108119COSTADR,2025-09-22,117853,1,4,0,83.0
10108119COSTADR_2025-09-22_G58,10108119COSTADR,2025-09-22,110756,1,2,0,138.0
10108119COSTADR_2025-09-22_G59,10108119COSTADR,2025-09-22,117855,1,4,0,98.0
10108119COSTADR_2025-09-22_G60,10108119COSTADR,2025-09-22,108361,1,4,0,88.0
10108119COSTADR_2025-09-22_G61,10108119COSTADR,2025-09-22,105242,1,4,0,101.0
10108119COSTADR_2025-09-22_G62,10108119COSTADR,2025-09-22,111602,1,8,0,243.0
10108119COSTADR_2025-09-22_G64,10108119COSTADR,2025-09-22,117786,1,4,0,148.0
10108119COSTADR_2025-09-22_G65,10108119COSTADR,2025-09-22,118094,1,4,0,95.0
10108119COSTADR_2025-09-22_G66,10108119COSTADR,2025-09-22,117837,1,4,0,100.0
10108119COSTADR_2025-09-22_G67,10108119COSTADR,2025-09-22,110753,1,2,0,76.0
10108119COSTADR_2025-09-22_G68,10108119COSTADR,2025-09-22,111172,1,2,0,666.0
10108119COSTADR_2025-09-22_G69,10108119COSTADR,2025-09-22,111469,1,4,0,107.0
10108119COSTADR_2025-09-22_G70,10108119COSTADR,2025-09-22,110743,1,2,0,245.0
10108119COSTADR_2025-09-22_G71,10108119COSTADR,2025-09-22,141456,1,6,0,147.0
10108119COSTADR_2025-09-22_G72,10108119COSTADR,2025-09-22,108795,1,2,0,45.0
10108119COSTADR_2025-09-22_G73,10108119COSTADR,2025-09-22,110751,1,4,0,117.0
10108119COSTADR_2025-09-22_G74,10108119COSTADR,2025-09-22,118317,1,2,0,56.0
10108119COSTADR_2025-09-22_G75,10108119COSTADR,2025-09-22,111463,1,6,0,103.0
10108119COSTADR_2025-09-22_G76,10108119COSTADR,2025-09-22,108711,1,4,0,67.0
10108119COSTADR_2025-09-22_G77,10108119COSTADR,2025-09-22,117838,1,4,0,61.0
10108119COSTADR_2025-09-22_G78,10108119COSTADR,2025-09-22,111743,1,2,0,72.0
10108119COSTADR_2025-09-22_G79,10108119COSTADR,2025-09-22,108798,1,2,0,78.0
10108119COSTADR_2025-09-22_G80,10108119COSTADR,2025-09-22,117787,1,4,0,91.0
10108119COSTADR_2025-09-22_G81,10108119COSTADR,2025-09-22,111532,1,6,0,92.0
10108119COSTADR_2025-09-22_G82,10108119COSTADR,2025-09-22,141823,1,2,0,61.0
10108119COSTADR_2025-09-22_G83,10108119COSTADR,2025-09-22,110787,1,4,0,240.0
10108119COSTADR_2025-09-22_G84,10108119COSTADR,2025-09-22,117785,1,6,0,79.0
10108119COSTADR_2025-09-22_G85,10108119COSTADR,2025-09-22,108794,1,4,0,351.0
10108119COSTADR_2025-09-22_G86,10108119COSTADR,2025-09-22,141457,1,6,0,105.0
10108119COSTADR_2025-09-22_G87,10108119COSTADR,2025-09-22,118140,1,4,0,68.0
10108119COSTADR_2025-09-22_G88,10108119COSTADR,2025-09-22,111418,1,2,0,57.0
10108119COSTADR_2025-09-22_G89,10108119COSTADR,2025-09-22,111466,1,4,0,127.0
10108119COSTADR_2025-09-22_G90,10108119COSTADR,2025-09-22,111462,1,4,0,125.0
10108119COSTADR_2025-09-22_G91,10108119COSTADR,2025-09-22,117833,1,4,0,68.0
10108119COSTADR_2025-09-22_G92,10108119COSTADR,2025-09-22,111468,1,4,0,90.0
10108119COSTADR_2025-09-22_G93,10108119COSTADR,2025-09-22,118330,1,2,0,747.0
10108119COSTADR_2025-09-22_G94,10108119COSTADR,2025-09-22,140922,1,4,0,170.0
10108119COSTADR_2025-09-22_G95,10108119COSTADR,2025-09-22,141458,1,4,0,144.0
10108119COSTADR_2025-09-22_G96,10108119COSTADR,2025-09-22,117831,1,6,0,109.0
10108119COSTADR_2025-09-22_G97,10108119COSTADR,2025-09-22,110745,1,4,0,88.0
10108119COSTADR_2025-09-22_G98,10108119COSTADR,2025-09-22,111465,1,4,0,83.0
10108119COSTADR_2025-09-22_G99,10108119COSTADR,2025-09-22,107830,1,4,0,111.0
10108119COSTADR_2025-09-22_G100,10108119COSTADR,2025-09-22,110374,1,4,0,80.0
10108119COSTADR_2025-09-22_G101,10108119COSTADR,2025-09-22,118299,1,4,0,88.0
10108119COSTADR_2025-09-22_G102,10108119COSTADR,2025-09-22,110371,1,2,0,326.0
10108119COSTADR_2025-09-22_G103,10108119COSTADR,2025-09-22,117832,1,4,0,135.0
10108119COSTADR_2025-09-22_G104,10108119COSTADR,2025-09-22,110373,1,4,0,77.0
10108119COSTADR_2025-09-22_G105,10108119COSTADR,2025-09-22,117820,1,4,0,40.0
10108119COSTADR_2025-09-22_G106,10108119COSTADR,2025-09-22,141202,1,2,0,45.0
10108119COSTADR_2025-09-22_G107,10108119COSTADR,2025-09-22,117809,1,4,0,60.0
10108119COSTADR_2025-09-22_G108,10108119COSTADR,2025-09-22,117830,1,4,0,66.0
10108119COSTADR_2025-09-22_G109,10108119COSTADR,2025-09-22,110376,1,4,0,219.0
10108119COSTADR_2025-09-23_G02,10108119COSTADR,2025-09-23,117853,1,2,0,67.0
10108119COSTADR_2025-09-23_G03,10108119COSTADR,2025-09-23,118317,1,2,0,119.0
10108119COSTADR_2025-09-23_G04,10108119COSTADR,2025-09-23,111463,1,3,0,78.0
10108119COSTADR_2025-09-23_G05,10108119COSTADR,2025-09-23,118140,1,10,0,214.0
10108119COSTADR_2025-09-23_G06,10108119COSTADR,2025-09-23,118222,1,12,0,497.0
10108119COSTADR_2025-09-23_G07,10108119COSTADR,2025-09-23,111418,1,16,0,414.0
10108119COSTADR_2025-09-23_G08,10108119COSTADR,2025-09-23,110373,1,9,0,336.0
10108119COSTADR_2025-09-23_G09,10108119COSTADR,2025-09-23,117820,1,6,0,123.0
10108119COSTADR_2025-09-23_G10,10108119COSTADR,2025-09-23,111530,1,8,0,408.0
10108119COSTADR_2025-09-23_G11,10108119COSTADR,2025-09-23,140911,1,2,0,139.0
10108119COSTADR_2025-09-23_G12,10108119COSTADR,2025-09-23,111441,1,12,0,435.0
10108119COSTADR_2025-09-23_G13,10108119COSTADR,2025-09-23,111441,1,11,0,587.0
10108119COSTADR_2025-09-23_G14,10108119COSTADR,2025-09-23,118222,1,5,0,189.0
10108119COSTADR_2025-09-23_G15,10108119COSTADR,2025-09-23,140923,1,2,0,156.0
10108119COSTADR_2025-09-23_G16,10108119COSTADR,2025-09-23,118094,1,2,0,1164.0
10108119COSTADR_2025-09-23_G17,10108119COSTADR,2025-09-23,111462,1,5,0,118.0
10108119COSTADR_2025-09-23_G18,10108119COSTADR,2025-09-23,110787,1,2,0,104.0
10108119COSTADR_2025-09-23_G19,10108119COSTADR,2025-09-23,111463,1,12,0,191.0
10108119COSTADR_2025-09-23_G20,10108119COSTADR,2025-09-23,160055,1,2,0,90.0
10108119COSTADR_2025-09-23_G21,10108119COSTADR,2025-09-23,105705,1,6,0,126.0
10108119COSTADR_2025-09-23_G22,10108119COSTADR,2025-09-23,110372,1,9,0,175.0
10108119COSTADR_2025-09-23_G23,10108119COSTADR,2025-09-23,117808,1,2,0,50.0
10108119COSTADR_2025-09-23_G24,10108119COSTADR,2025-09-23,117820,1,14,0,280.0
10108119COSTADR_2025-09-23_G25,10108119COSTADR,2025-09-23,118222,1,4,0,220.0
10108119COSTADR_2025-09-23_G26,10108119COSTADR,2025-09-23,118094,1,4,0,119.0
10108119COSTADR_2025-09-23_G27,10108119COSTADR,2025-09-23,111462,1,5,0,122.0
10108119COSTADR_2025-09-23_G28,10108119COSTADR,2025-09-23,111418,1,11,0,365.0
10108119COSTADR_2025-09-23_G29,10108119COSTADR,2025-09-23,117853,1,4,0,244.0
10108119COSTADR_2025-09-23_G30,10108119COSTADR,2025-09-23,110371,1,3,0,110.0
10108119COSTADR_2025-09-23_G31,10108119COSTADR,2025-09-23,117808,1,5,0,225.0
10108119COSTADR_2025-09-23_G32,10108119COSTADR,2025-09-23,111441,1,4,0,67.0
10108119COSTADR_2025-09-23_G33,10108119COSTADR,2025-09-23,105705,1,2,0,77.0
10108119COSTADR_2025-09-23_G34,10108119COSTADR,2025-09-23,111172,1,4,0,150.0
10108119COSTADR_2025-09-23_G35,10108119COSTADR,2025-09-23,140923,1,4,0,213.0
10108119COSTADR_2025-09-23_G36,10108119COSTADR,2025-09-23,110895,2,2,24,1790.0
10108119COSTADR_2025-09-23_G37,10108119COSTADR,2025-09-23,140923,1,5,0,157.0
10108119COSTADR_2025-09-23_G38,10108119COSTADR,2025-09-23,110711,1,2,0,111.0
10108119COSTADR_2025-09-23_G39,10108119COSTADR,2025-09-23,110711,1,4,0,39.0
10108119COSTADR_2025-09-23_G40,10108119COSTADR,2025-09-23,110325,1,2,0,361.0
10108119COSTADR_2025-09-23_G41,10108119COSTADR,2025-09-23,111602,1,3,0,853.0
10108119COSTADR_2025-09-23_G42,10108119COSTADR,2025-09-23,111602,1,8,0,139.0
10108119COSTADR_2025-09-23_G43,10108119COSTADR,2025-09-23,110325,1,5,0,563.0
10108119COSTADR_2025-09-23_G44,10108119COSTADR,2025-09-23,117856,1,8,0,264.0
10108119COSTADR_2025-09-23_G45,10108119COSTADR,2025-09-23,140923,1,4,0,120.0
10108119COSTADR_2025-09-23_G46,10108119COSTADR,2025-09-23,110711,1,6,0,137.0
10108119COSTADR_2025-09-23_G47,10108119COSTADR,2025-09-23,117820,1,30,0,1364.0
10108119COSTADR_2025-09-23_G48,10108119COSTADR,2025-09-23,111602,1,4,0,174.0
10108119COSTADR_2025-09-23_G49,10108119COSTADR,2025-09-23,111602,1,4,0,86.0
10108119COSTADR_2025-09-23_G50,10108119COSTADR,2025-09-23,140923,1,2,0,99.0
10108119COSTADR_2025-09-23_G51,10108119COSTADR,2025-09-23,140923,1,6,0,126.0
10108119COSTADR_2025-09-23_G52,10108119COSTADR,2025-09-23,117855,1,12,0,238.0
10108119COSTADR_2025-09-23_G53,10108119COSTADR,2025-09-23,111467,1,3,0,99.0
10108119COSTADR_2025-09-23_G54,10108119COSTADR,2025-09-23,111172,1,8,0,146.0
10108119COSTADR_2025-09-23_G55,10108119COSTADR,2025-09-23,111743,1,1,0,187.0
10108119COSTADR_2025-09-23_G56,10108119COSTADR,2025-09-23,117785,1,13,0,407.0
10108119COSTADR_2025-09-23_G57,10108119COSTADR,2025-09-23,110373,1,20,0,225.0
10108119COSTADR_2025-09-23_G58,10108119COSTADR,2025-09-23,117820,1,8,0,116.0
10108119COSTADR_2025-09-23_G59,10108119COSTADR,2025-09-23,140923,1,7,0,234.0
10108119COSTADR_2025-09-23_G61,10108119COSTADR,2025-09-23,110711,1,3,0,106.0
10108119COSTADR_2025-09-23_G62,10108119COSTADR,2025-09-23,117856,1,12,0,265.0
10108119COSTADR_2025-09-23_G63,10108119COSTADR,2025-09-23,140923,1,4,0,104.0
10108119COSTADR_2025-09-23_G64,10108119COSTADR,2025-09-23,111330,1,8,0,1299.0
10108119COSTADR_2025-09-23_G65,10108119COSTADR,2025-09-23,111330,1,4,0,392.0
10108119COSTADR_2025-09-23_G66,10108119COSTADR,2025-09-23,117809,1,8,0,152.0
10108119COSTADR_2025-09-23_G67,10108119COSTADR,2025-09-23,118306,1,2,0,169.0
10108119COSTADR_2025-09-23_G68,10108119COSTADR,2025-09-23,117862,1,2,0,119.0
10108119COSTADR_2025-09-23_G69,10108119COSTADR,2025-09-23,105705,1,5,0,141.0
10108119COSTADR_2025-09-23_G70,10108119COSTADR,2025-09-23,118299,1,8,0,161.0
10108119COSTADR_2025-09-23_G71,10108119COSTADR,2025-09-23,140923,1,9,0,223.0
10108119COSTADR_2025-09-23_G72,10108119COSTADR,2025-09-23,111463,1,8,0,207.0
10108119COSTADR_2025-09-23_G73,10108119COSTADR,2025-09-23,109645,1,2,0,72.0
10108119COSTADR_2025-09-23_G74,10108119COSTADR,2025-09-23,110733,1,3,0,182.0
10108119COSTADR_2025-09-23_G75,10108119COSTADR,2025-09-23,111435,1,6,0,116.0
10108119COSTADR_2025-09-23_G76,10108119COSTADR,2025-09-23,108798,1,2,0,76.0
10108119COSTADR_2025-09-23_G77,10108119COSTADR,2025-09-23,111431,1,4,0,171.0
10108119COSTADR_2025-09-23_G78,10108119COSTADR,2025-09-23,141457,1,4,0,205.0
10108119COSTADR_2025-09-23_G79,10108119COSTADR,2025-09-23,118140,1,8,0,881.0
10108119COSTADR_2025-09-23_G80,10108119COSTADR,2025-09-23,111467,1,1,0,56.0
10108119COSTADR_2025-09-23_G81,10108119COSTADR,2025-09-23,118290,1,3,0,189.0
10108119COSTADR_2025-09-23_G82,10108119COSTADR,2025-09-23,111462,1,8,0,116.0
10108119COSTADR_2025-09-23_G83,10108119COSTADR,2025-09-23,117833,1,3,0,50.0
10108119COSTADR_2025-09-23_G84,10108119COSTADR,2025-09-23,117830,1,5,0,144.0
10108119COSTADR_2025-09-23_G85,10108119COSTADR,2025-09-23,111468,1,3,0,140.0
10108119COSTADR_2025-09-23_G86,10108119COSTADR,2025-09-23,118417,1,2,0,157.0
10108119COSTADR_2025-09-23_G87,10108119COSTADR,2025-09-23,118418,1,4,0,153.0
10108119COSTADR_2025-09-23_G88,10108119COSTADR,2025-09-23,118416,1,3,0,180.0
10108119COSTADR_2025-09-24_G02,10108119COSTADR,2025-09-24,111441,1,46,0,995.0
10108119COSTADR_2025-09-24_G03,10108119COSTADR,2025-09-24,108759,1,22,0,296.0
10108119COSTADR_2025-09-24_G04,10108119COSTADR,2025-09-24,111443,1,100,0,1929.0
10108119COSTADR_2025-09-24_G05,10108119COSTADR,2025-09-24,111466,1,22,0,1220.0
10108119COSTADR_2025-09-24_G06,10108119COSTADR,2025-09-24,111466,1,31,0,96.0
10108119COSTADR_2025-09-24_G07,10108119COSTADR,2025-09-24,111443,1,60,0,317.0
10108119COSTADR_2025-09-24_G08,10108119COSTADR,2025-09-24,110711,1,12,0,3161.0
10108119COSTADR_2025-09-24_G09,10108119COSTADR,2025-09-24,110733,1,20,0,195.0
10108119COSTADR_2025-09-24_G10,10108119COSTADR,2025-09-24,111467,1,22,0,181.0
10108119COSTADR_2025-09-24_G11,10108119COSTADR,2025-09-24,108772,1,2,0,73.0
10108119COSTADR_2025-09-24_G12,10108119COSTADR,2025-09-24,108772,1,7,0,108.0
10108119COSTADR_2025-09-24_G13,10108119COSTADR,2025-09-24,111602,1,53,0,580.0
10108119COSTADR_2025-09-24_G14,10108119COSTADR,2025-09-24,107629,1,22,0,843.0
10108119COSTADR_2025-09-24_G15,10108119COSTADR,2025-09-24,118094,1,10,0,310.0
10108119COSTADR_2025-09-24_G16,10108119COSTADR,2025-09-24,110374,1,50,0,502.0
10108119COSTADR_2025-09-24_G17,10108119COSTADR,2025-09-24,117808,1,400,0,846.0
10108119COSTADR_2025-09-24_G18,10108119COSTADR,2025-09-24,118299,1,364,0,857.0
10108119COSTADR_2025-09-24_G19,10108119COSTADR,2025-09-24,117809,1,80,0,868.0
10108119COSTADR_2025-09-24_G20,10108119COSTADR,2025-09-24,117820,1,46,0,453.0
10108119COSTADR_2025-09-24_G22,10108119COSTADR,2025-09-24,111462,1,8,0,108.0
10108119COSTADR_2025-09-24_G23,10108119COSTADR,2025-09-24,141458,1,2,0,163.0
10108119COSTADR_2025-09-24_G24,10108119COSTADR,2025-09-24,110373,1,8,0,94.0
10108119COSTADR_2025-09-24_G25,10108119COSTADR,2025-09-24,117820,1,9,0,72.0
10108119COSTADR_2025-09-24_G26,10108119COSTADR,2025-09-24,117830,1,2,0,58.0
10108119COSTADR_2025-09-24_G27,10108119COSTADR,2025-09-24,111418,1,5,0,137.0
10108119COSTADR_2025-09-24_G28,10108119COSTADR,2025-09-24,108798,1,1,0,197.0
10108119COSTADR_2025-09-24_G29,10108119COSTADR,2025-09-24,111172,1,1,0,105.0
10108119COSTADR_2025-09-24_G30,10108119COSTADR,2025-09-24,111530,1,12,0,147.0
10108119COSTADR_2025-09-24_G31,10108119COSTADR,2025-09-24,110733,1,4,0,66.0
10108119COSTADR_2025-09-24_G32,10108119COSTADR,2025-09-24,111469,1,6,0,125.0
10108119COSTADR_2025-09-24_G33,10108119COSTADR,2025-09-24,105705,1,4,0,67.0
10108119COSTADR_2025-09-24_G34,10108119COSTADR,2025-09-24,141456,1,4,0,71.0
10108119COSTADR_2025-09-24_G35,10108119COSTADR,2025-09-24,140923,1,4,0,74.0
10108119COSTADR_2025-09-24_G36,10108119COSTADR,2025-09-24,110372,1,12,0,499.0
10108119COSTADR_2025-09-24_G37,10108119COSTADR,2025-09-24,117808,1,12,0,128.0
10108119COSTADR_2025-09-24_G38,10108119COSTADR,2025-09-24,111443,1,4,0,189.0
10108119COSTADR_2025-09-24_G39,10108119COSTADR,2025-09-24,118094,1,2,0,162.0
10108119COSTADR_2025-09-24_G40,10108119COSTADR,2025-09-24,117821,1,4,0,216.0
10108119COSTADR_2025-09-24_G41,10108119COSTADR,2025-09-24,110373,1,6,0,102.0
10108119COSTADR_2025-09-24_G42,10108119COSTADR,2025-09-24,117820,1,4,0,54.0
10108119COSTADR_2025-09-24_G43,10108119COSTADR,2025-09-24,117830,1,2,0,243.0
10108119COSTADR_2025-09-24_G44,10108119COSTADR,2025-09-24,117785,1,4,0,103.0
10108119COSTADR_2025-09-24_G45,10108119COSTADR,2025-09-24,110313,1,2,0,100.0
10108119COSTADR_2025-09-24_G46,10108119COSTADR,2025-09-24,108794,1,4,0,100.0
10108119COSTADR_2025-09-24_G47,10108119COSTADR,2025-09-24,111445,1,2,0,172.0
10108119COSTADR_2025-09-24_G48,10108119COSTADR,2025-09-24,118298,1,4,0,115.0
10108119COSTADR_2025-09-24_G49,10108119COSTADR,2025-09-24,117862,1,4,0,231.0
10108119COSTADR_2025-09-24_G50,10108119COSTADR,2025-09-24,118317,1,2,0,36.0
10108119COSTADR_2025-09-24_G51,10108119COSTADR,2025-09-24,117808,1,10,0,95.0
10108119COSTADR_2025-09-24_G52,10108119COSTADR,2025-09-24,111172,1,4,0,141.0
10108119COSTADR_2025-09-24_G53,10108119COSTADR,2025-09-24,111435,1,2,0,59.0
10108119COSTADR_2025-09-24_G54,10108119COSTADR,2025-09-24,111465,1,4,0,68.0
10108119COSTADR_2025-09-24_G55,10108119COSTADR,2025-09-24,110313,1,2,0,370.0
10108119COSTADR_2025-09-24_G56,10108119COSTADR,2025-09-24,118299,1,6,0,441.0
10108119COSTADR_2025-10-18_G02,10108119COSTADR,2025-10-18,111418,1,591,0,1285.0
10108119COSTADR_2025-10-18_G03,10108119COSTADR,2025-10-18,118140,1,225,0,849.0
10108119COSTADR_2025-10-18_G04,10108119COSTADR,2025-10-18,140922,1,180,0,460.0
10108119COSTADR_2025-10-18_G05,10108119COSTADR,2025-10-18,110372,1,600,0,1123.0
10108119COSTADR_2025-10-29_G02,10108119COSTADR,2025-10-29,115234,1,4,0,927.0
10108119COSTADR_2025-10-29_G03,10108119COSTADR,2025-10-29,111530,1,8,0,789.0
10108119COSTADR_2025-10-29_G04,10108119COSTADR,2025-10-29,111182,1,1,0,103.0
10108119COSTADR_2025-10-29_G05,10108119COSTADR,2025-10-29,111182,1,26,0,442.0
10108119COSTADR_2025-10-29_G06,10108119COSTADR,2025-10-29,111182,1,13,0,212.0
10108119COSTADR_2025-10-29_G07,10108119COSTADR,2025-10-29,109640,1,2,0,157.0
10108119COSTADR_2025-10-29_G08,10108119COSTADR,2025-10-29,117808,1,108,0,1068.0
10108119COSTADR_2025-10-29_G09,10108119COSTADR,2025-10-29,140911,1,5,0,779.0
10108119COSTADR_2025-10-29_G10,10108119COSTADR,2025-10-29,111532,1,8,0,220.0
10108119COSTADR_2025-10-29_G11,10108119COSTADR,2025-10-29,141047,1,4,0,1294.0
10108119COSTADR_2025-10-29_G12,10108119COSTADR,2025-10-29,102851,1,7,0,2414.0
10108119COSTADR_2025-10-29_G13,10108119COSTADR,2025-10-29,111356,1,10,0,444.0
10108119COSTADR_2025-10-29_G14,10108119COSTADR,2025-10-29,108410,1,8,0,426.0
10108119COSTADR_2025-10-29_G15,10108119COSTADR,2025-10-29,110583,1,7,0,473.0
10108119COSTADR_2025-10-29_G16,10108119COSTADR,2025-10-29,110583,1,2,0,49.0
10108119COSTADR_2025-10-29_G17,10108119COSTADR,2025-10-29,117948,1,5,0,196.0
10108119COSTADR_2025-10-29_G18,10108119COSTADR,2025-10-29,111775,1,8,0,557.0
10108119COSTADR_2025-10-29_G19,10108119COSTADR,2025-10-29,118286,1,6,0,161.0
10108119COSTADR_2025-10-29_G20,10108119COSTADR,2025-10-29,118286,1,3,0,51.0
10108119COSTADR_2025-10-29_G21,10108119COSTADR,2025-10-29,118195,1,6,0,342.0
10108119COSTADR_2025-10-29_G22,10108119COSTADR,2025-10-29,110813,1,6,0,446.0
10108119COSTADR_2025-10-29_G23,10108119COSTADR,2025-10-29,110081,1,9,0,801.0
10108119COSTADR_2025-10-29_G24,10108119COSTADR,2025-10-29,110816,1,7,0,416.0
10108119COSTADR_2025-10-29_G25,10108119COSTADR,2025-10-29,104308,1,3,0,640.0
10108119COSTADR_2025-10-29_G26,10108119COSTADR,2025-10-29,110841,1,2,0,227.0
10108119COSTADR_2025-10-29_G27,10108119COSTADR,2025-10-29,103149,1,6,0,233.0
10108119COSTADR_2025-10-29_G28,10108119COSTADR,2025-10-29,108031,1,2,0,256.0
10108119COSTADR_2025-10-29_G29,10108119COSTADR,2025-10-29,108031,1,3,0,150.0
10108119COSTADR_2025-10-29_G30,10108119COSTADR,2025-10-29,110112,1,2,0,182.0
10108119COSTADR_2025-10-29_G31,10108119COSTADR,2025-10-29,110311,1,4,0,86.0
10108119COSTADR_2025-10-29_G32,10108119COSTADR,2025-10-29,111780,1,5,0,112.0
10108119COSTADR_2025-10-29_G33,10108119COSTADR,2025-10-29,110534,1,2,0,290.0
10108119COSTADR_2025-10-29_G34,10108119COSTADR,2025-10-29,110534,1,3,0,93.0
10108119COSTADR_2025-10-29_G35,10108119COSTADR,2025-10-29,110354,1,2,0,256.0
10108119COSTADR_2025-10-29_G36,10108119COSTADR,2025-10-29,141370,1,2,0,169.0
10108119COSTADR_2025-10-29_G37,10108119COSTADR,2025-10-29,141370,1,4,0,57.0
10108119COSTADR_2025-10-29_G38,10108119COSTADR,2025-10-29,110464,1,4,0,137.0
10108119COSTADR_2025-10-29_G40,10108119COSTADR,2025-10-29,109495,1,2,0,86.0
10108119COSTADR_2025-10-29_G41,10108119COSTADR,2025-10-29,105368,1,2,0,69.0
10108119COSTADR_2025-10-29_G42,10108119COSTADR,2025-10-29,110579,1,6,0,122.0
10108119COSTADR_2025-10-29_G43,10108119COSTADR,2025-10-29,106865,1,9,0,458.0
10108119COSTADR_2025-10-29_G44,10108119COSTADR,2025-10-29,110064,1,5,0,173.0
10108119COSTADR_2025-10-29_G45,10108119COSTADR,2025-10-29,118198,1,5,0,336.0
10108119COSTADR_2025-10-29_G46,10108119COSTADR,2025-10-29,110552,1,4,0,180.0
10108119COSTADR_2025-10-29_G47,10108119COSTADR,2025-10-29,118290,1,8,0,411.0
10108119COSTADR_2025-10-29_G48,10108119COSTADR,2025-10-29,109384,1,3,0,131.0
10108119COSTADR_2025-10-29_G49,10108119COSTADR,2025-10-29,141249,1,6,0,419.0
10108119COSTADR_2025-10-29_G50,10108119COSTADR,2025-10-29,110516,1,5,0,258.0
10108119COSTADR_2025-10-29_G51,10108119COSTADR,2025-10-29,110442,1,6,0,262.0
10108119COSTADR_2025-10-29_G52,10108119COSTADR,2025-10-29,111404,1,5,0,232.0
10108119COSTADR_2025-10-29_G53,10108119COSTADR,2025-10-29,110874,1,3,0,128.0
10108119COSTADR_2025-10-29_G54,10108119COSTADR,2025-10-29,118110,1,8,0,1214.0
10108119COSTADR_2025-10-29_G55,10108119COSTADR,2025-10-29,106326,1,9,0,1474.0
10108119COSTADR_2025-10-30_G02,10108119COSTADR,2025-10-30,110372,1,6,0,149.0
10108119COSTADR_2025-10-30_G04,10108119COSTADR,2025-10-30,118299,1,50,0,1775.0
10108119COSTADR_2025-10-30_G05,10108119COSTADR,2025-10-30,160054,1,4,0,398.0
10108119COSTADR_2025-10-30_G06,10108119COSTADR,2025-10-30,110374,1,35,0,325.0
10108119COSTADR_2025-10-30_G07,10108119COSTADR,2025-10-30,117830,1,4,0,120.0
10108119COSTADR_2025-10-30_G08,10108119COSTADR,2025-10-30,117830,1,2,0,54.0
10108119COSTADR_2025-10-30_G09,10108119COSTADR,2025-10-30,117830,1,8,0,111.0
10108119COSTADR_2025-10-30_G10,10108119COSTADR,2025-10-30,117830,1,6,0,478.0
10108119COSTADR_2025-10-30_G11,10108119COSTADR,2025-10-30,160051,1,8,0,175.0
10108119COSTADR_2025-10-30_G12,10108119COSTADR,2025-10-30,111418,1,9,0,442.0
10108119COSTADR_2025-10-30_G13,10108119COSTADR,2025-10-30,160056,1,4,0,160.0
10108119COSTADR_2025-10-30_G14,10108119COSTADR,2025-10-30,111462,1,30,0,250.0
10108119COSTADR_2025-10-30_G15,10108119COSTADR,2025-10-30,111532,1,8,0,159.0
10108119COSTADR_2025-10-30_G16,10108119COSTADR,2025-10-30,111532,1,6,0,121.0
10108119COSTADR_2025-10-30_G17,10108119COSTADR,2025-10-30,111418,1,1,0,452.0
10108119COSTADR_2025-10-30_G18,10108119COSTADR,2025-10-30,111418,1,80,0,321.0
10108119COSTADR_2025-10-30_G19,10108119COSTADR,2025-10-30,111462,1,30,0,517.0
10108119COSTADR_2025-10-30_G20,10108119COSTADR,2025-10-30,110787,1,22,0,344.0
10108119COSTADR_2025-10-30_G21,10108119COSTADR,2025-10-30,111469,1,4,0,128.0
10108119COSTADR_2025-10-30_G22,10108119COSTADR,2025-10-30,111469,1,22,0,760.0
10108119COSTADR_2025-10-30_G23,10108119COSTADR,2025-10-30,160057,1,8,0,513.0
10108119COSTADR_2025-10-30_G24,10108119COSTADR,2025-10-30,110895,1,4,0,397.0
10108119COSTADR_2025-10-30_G25,10108119COSTADR,2025-10-30,160050,1,6,0,508.0
10108119COSTADR_2025-10-30_G26,10108119COSTADR,2025-10-30,110895,1,4,0,451.0
10108119COSTADR_2025-10-30_G27,10108119COSTADR,2025-10-30,118222,1,4,0,176.0
10108119COSTADR_2025-10-30_G28,10108119COSTADR,2025-10-30,110623,1,20,0,552.0
10108119COSTADR_2025-10-30_G29,10108119COSTADR,2025-10-30,117856,1,2,0,380.0
10108119COSTADR_2025-10-30_G30,10108119COSTADR,2025-10-30,117856,1,4,0,46.0
10108119COSTADR_2025-10-30_G31,10108119COSTADR,2025-10-30,109640,1,12,0,187.0
10108119COSTADR_2025-10-30_G32,10108119COSTADR,2025-10-30,109640,1,2,0,55.0
10108119COSTADR_2025-10-30_G33,10108119COSTADR,2025-10-30,109640,1,12,0,274.0
10108119COSTADR_2025-10-30_G34,10108119COSTADR,2025-10-30,140923,1,12,0,633.0
10108119COSTADR_2025-10-30_G35,10108119COSTADR,2025-10-30,111602,1,4,0,93.0
10108119COSTADR_2025-10-30_G36,10108119COSTADR,2025-10-30,110339,1,4,0,60.0
10108119COSTADR_2025-11-10_G03,10108119COSTADR,2025-11-10,122988,1,4,0,134.0
10108119COSTADR_2025-11-10_G04,10108119COSTADR,2025-11-10,121760,1,8,0,252.0
10108119COSTADR_2025-11-10_G05,10108119COSTADR,2025-11-10,123345,1,4,0,254.0
10108119COSTADR_2025-11-10_G06,10108119COSTADR,2025-11-10,123344,1,4,0,201.0
10108119COSTADR_2025-11-10_G07,10108119COSTADR,2025-11-10,122984,1,4,0,175.0
10108119COSTADR_2025-11-10_G08,10108119COSTADR,2025-11-10,120028,1,12,0,822.0
10108119COSTADR_2025-11-10_G09,10108119COSTADR,2025-11-10,122962,1,20,0,851.0
10108119COSTADR_2025-11-10_G10,10108119COSTADR,2025-11-10,124486,1,24,0,199.0
10108119COSTADR_2025-11-10_G11,10108119COSTADR,2025-11-10,"122962, 124486",2,24,25,669.0
10108119COSTADR_2025-11-10_G12,10108119COSTADR,2025-11-10,122673,1,9,0,510.0
10108119COSTADR_2025-11-10_G13,10108119COSTADR,2025-11-10,123343,1,6,0,508.0
10108119COSTADR_2025-11-10_G14,10108119COSTADR,2025-11-10,124486,1,10,0,336.0
10108119COSTADR_2025-11-10_G15,10108119COSTADR,2025-11-10,124624,1,4,0,501.0
10108119COSTADR_2025-11-10_G16,10108119COSTADR,2025-11-10,124486,1,11,0,664.0
10108119COSTADR_2026-03-05_G02,10108119COSTADR,2026-03-05,121651,1,30,0,323.0
10108119COSTADR_2026-03-05_G03,10108119COSTADR,2026-03-05,121760,1,40,0,1386.0
10108119COSTADR_2026-03-05_G04,10108119COSTADR,2026-03-05,123521,1,4,0,325.0
10108119COSTADR_2026-03-05_G05,10108119COSTADR,2026-03-05,121923,1,4,0,97.0
10108119COSTADR_2026-03-05_G06,10108119COSTADR,2026-03-05,123345,1,1,0,119.0
10108119COSTADR_2026-03-05_G07,10108119COSTADR,2026-03-05,181057,1,2,0,171.0
10108119COSTADR_2026-03-05_G08,10108119COSTADR,2026-03-05,122984,1,14,0,684.0
10108119COSTADR_2026-03-05_G09,10108119COSTADR,2026-03-05,123345,1,16,0,2603.0
10108119COSTADR_2026-03-10_G02,10108119COSTADR,2026-03-10,123947,1,4,0,104.0
10108119COSTADR_2026-03-10_G03,10108119COSTADR,2026-03-10,124247,1,8,0,246.0
10108119COSTADR_2026-03-10_G04,10108119COSTADR,2026-03-10,124247,1,4,0,107.0
10108119COSTADR_2026-03-10_G05,10108119COSTADR,2026-03-10,124476,1,2,0,273.0
10108119COSTADR_2026-03-10_G06,10108119COSTADR,2026-03-10,122983,1,12,0,178.0
10108119COSTADR_2026-03-10_G08,10108119COSTADR,2026-03-10,121760,1,3,0,105.0
10108119COSTADR_2026-03-10_G09,10108119COSTADR,2026-03-10,124370,1,12,0,288.0
10108119COSTADR_2026-03-10_G10,10108119COSTADR,2026-03-10,123909,1,10,0,59.0
10108119COSTADR_2026-03-10_G11,10108119COSTADR,2026-03-10,121651,1,6,0,314.0
10108119COSTADR_2026-03-10_G12,10108119COSTADR,2026-03-10,121760,1,3,0,82.0
10108119COSTADR_2026-03-10_G13,10108119COSTADR,2026-03-10,123344,1,17,0,90.0
10108119COSTADR_2026-03-10_G14,10108119COSTADR,2026-03-10,123345,2,22,26,35.0
10108119COSTADR_2026-03-10_G15,10108119COSTADR,2026-03-10,123909,1,11,0,190.0
10108119COSTADR_2026-03-10_G16,10108119COSTADR,2026-03-10,122703,1,4,0,2466.0
10108119COSTADR_2026-03-10_G17,10108119COSTADR,2026-03-10,124371,1,8,0,440.0
10108119COSTADR_2026-03-10_G18,10108119COSTADR,2026-03-10,124476,1,4,0,163.0
10108119COSTADR_2026-03-10_G19,10108119COSTADR,2026-03-10,121651,1,4,0,167.0
10108119COSTADR_2026-03-10_G20,10108119COSTADR,2026-03-10,120389,1,11,0,303.0
10108119COSTADR_2026-03-10_G21,10108119COSTADR,2026-03-10,123344,1,10,0,196.0
10108119COSTADR_2026-03-10_G22,10108119COSTADR,2026-03-10,121760,1,10,0,42.0
10108119COSTADR_2026-03-10_G23,10108119COSTADR,2026-03-10,123345,1,4,0,60.0
10108119COSTADR_2026-03-10_G24,10108119COSTADR,2026-03-10,124370,1,8,0,173.0
10108119COSTADR_2026-03-10_G25,10108119COSTADR,2026-03-10,124476,1,4,0,145.0
10108119COSTADR_2026-03-10_G26,10108119COSTADR,2026-03-10,121760,1,2,0,40.0
10108119COSTADR_2026-03-10_G27,10108119COSTADR,2026-03-10,121651,1,3,0,106.0
10108119COSTADR_2026-03-10_G28,10108119COSTADR,2026-03-10,122703,1,8,0,224.0
10108119COSTADR_2026-03-10_G29,10108119COSTADR,2026-03-10,124371,1,16,0,443.0
10108119COSTADR_2026-03-10_G30,10108119COSTADR,2026-03-10,124370,1,10,0,258.0
10108119COSTADR_2026-03-10_G31,10108119COSTADR,2026-03-10,123909,1,4,0,156.0
10108119COSTADR_2026-03-10_G32,10108119COSTADR,2026-03-10,122185,1,1,0,63.0
10108119COSTADR_2026-03-10_G33,10108119COSTADR,2026-03-10,121760,1,3,0,58.0
10108119COSTADR_2026-03-10_G34,10108119COSTADR,2026-03-10,124371,1,4,0,295.0
10108119COSTADR_2026-03-10_G35,10108119COSTADR,2026-03-10,122988,1,6,0,188.0
10108119COSTADR_2026-03-10_G36,10108119COSTADR,2026-03-10,124370,1,10,0,261.0
10108119COSTADR_2026-03-10_G37,10108119COSTADR,2026-03-10,124248,1,14,0,302.0
10108119COSTADR_2026-03-10_G38,10108119COSTADR,2026-03-10,124371,1,2,0,116.0
10108119COSTADR_2026-03-10_G39,10108119COSTADR,2026-03-10,122986,1,1,0,88.0
10108119COSTADR_2026-03-10_G40,10108119COSTADR,2026-03-10,121760,1,1,0,53.0
10108119COSTADR_2026-03-10_G41,10108119COSTADR,2026-03-10,121651,1,12,0,333.0
10108119COSTADR_2026-03-10_G42,10108119COSTADR,2026-03-10,123344,1,2,0,152.0
10108119COSTADR_2026-03-10_G45,10108119COSTADR,2026-03-10,122703,1,8,0,301.0
10108119COSTADR_2026-03-10_G46,10108119COSTADR,2026-03-10,"122981, 124476",2,4,15,195.0
10108119COSTADR_2026-03-10_G47,10108119COSTADR,2026-03-10,121760,1,3,0,170.0
10108119COSTADR_2026-03-10_G48,10108119COSTADR,2026-03-10,124371,1,6,0,90.0
10108119COSTADR_2026-03-10_G49,10108119COSTADR,2026-03-10,"121651, 123909",2,4,17,144.0
10108119COSTADR_2026-03-10_G50,10108119COSTADR,2026-03-10,124371,1,16,0,258.0
10108119COSTADR_2026-03-10_G51,10108119COSTADR,2026-03-10,124370,1,9,0,266.0
10108119COSTADR_2026-03-10_G52,10108119COSTADR,2026-03-10,121651,1,2,0,193.0
10108119COSTADR_2026-03-10_G53,10108119COSTADR,2026-03-10,124475,1,2,0,51.0
10108119COSTADR_2026-03-10_G54,10108119COSTADR,2026-03-10,123909,1,3,0,93.0
10108119COSTADR_2026-03-10_G55,10108119COSTADR,2026-03-10,121760,1,10,0,239.0
10108119COSTADR_2026-03-10_G56,10108119COSTADR,2026-03-10,124476,1,4,0,68.0
10108119COSTADR_2026-03-10_G57,10108119COSTADR,2026-03-10,121651,1,7,0,332.0
10108119COSTADR_2026-03-10_G58,10108119COSTADR,2026-03-10,121760,1,3,0,259.0
10108119COSTADR_2026-03-10_G59,10108119COSTADR,2026-03-10,124475,1,2,0,165.0
10108119COSTADR_2026-03-10_G60,10108119COSTADR,2026-03-10,124371,1,4,0,407.0
10108119COSTADR_2026-03-10_G61,10108119COSTADR,2026-03-10,122671,1,2,0,34.0
10108119COSTADR_2026-03-10_G62,10108119COSTADR,2026-03-10,121651,1,10,0,221.0
10108119COSTADR_2026-03-10_G63,10108119COSTADR,2026-03-10,"121760, 122962",2,47,30,2685.0
10108119COSTADR_2026-03-10_G64,10108119COSTADR,2026-03-10,124484,1,4,0,479.0
10108119COSTADR_2026-03-10_G65,10108119COSTADR,2026-03-10,124370,1,12,0,192.0
10108119COSTADR_2026-03-10_G66,10108119COSTADR,2026-03-10,120028,1,40,0,208.0
10108119COSTADR_2026-03-10_G67,10108119COSTADR,2026-03-10,124476,2,4,13,363.0
10108119COSTADR_2026-03-10_G68,10108119COSTADR,2026-03-10,124486,1,50,0,897.0
10108119COSTADR_2026-03-10_G69,10108119COSTADR,2026-03-10,121651,1,4,0,166.0
10108119COSTADR_2026-03-10_G70,10108119COSTADR,2026-03-10,124475,1,2,0,69.0
10108119COSTADR_2026-03-10_G71,10108119COSTADR,2026-03-10,123909,1,8,0,158.0
10108119COSTADR_2026-03-10_G72,10108119COSTADR,2026-03-10,180024,1,18,0,414.0
10108119COSTADR_2026-03-10_G73,10108119COSTADR,2026-03-10,181052,1,8,0,1651.0
10108119COSTADR_2026-03-10_G74,10108119COSTADR,2026-03-10,180024,1,2,0,498.0
10108119COSTADR_2026-03-10_G75,10108119COSTADR,2026-03-10,124728,1,12,0,362.0
10108119COSTADR_2026-03-10_G76,10108119COSTADR,2026-03-10,124728,1,18,0,262.0
10108119COSTADR_2026-03-10_G77,10108119COSTADR,2026-03-10,122981,1,8,0,102.0
10108119COSTADR_2026-03-10_G78,10108119COSTADR,2026-03-10,122986,1,8,0,151.0
10108119COSTADR_2026-03-10_G79,10108119COSTADR,2026-03-10,122185,1,80,0,447.0
10108119COSTADR_2026-03-10_G80,10108119COSTADR,2026-03-10,124475,1,40,0,977.0
10108119COSTADR_2026-03-10_G81,10108119COSTADR,2026-03-10,123081,1,4,0,1729.0
10108119COSTADR_2026-03-10_G82,10108119COSTADR,2026-03-10,122984,1,80,0,1138.0
10108119COSTADR_2026-03-10_G83,10108119COSTADR,2026-03-10,121923,1,4,0,877.0
10108119COSTADR_2026-03-10_G84,10108119COSTADR,2026-03-10,120271,1,26,0,919.0
10108119COSTADR_2026-03-10_G85,10108119COSTADR,2026-03-10,123492,2,24,27,394.0
10108119COSTADR_2026-03-10_G86,10108119COSTADR,2026-03-10,122981,1,32,0,435.0
10108119COSTADR_2026-03-10_G87,10108119COSTADR,2026-03-10,124433,1,4,0,266.0
10108119COSTADR_2026-03-10_G88,10108119COSTADR,2026-03-10,120389,1,20,0,102.0
10108119COSTADR_2026-03-10_G89,10108119COSTADR,2026-03-10,122673,1,20,0,241.0
10108119COSTADR_2026-03-10_G90,10108119COSTADR,2026-03-10,122982,1,24,0,248.0
10108119COSTADR_2026-03-10_G91,10108119COSTADR,2026-03-10,122988,1,20,0,77.0
10108119COSTADR_2026-03-10_G92,10108119COSTADR,2026-03-10,124248,1,21,0,175.0
10108119COSTADR_2026-03-10_G93,10108119COSTADR,2026-03-10,121651,1,75,0,527.0
10108119COSTADR_2026-03-13_G02,10108119COSTADR,2026-03-13,110733,1,2,0,82.0
10108119COSTADR_2026-03-13_G03,10108119COSTADR,2026-03-13,111469,1,26,0,150.0
10108119COSTADR_2026-03-13_G04,10108119COSTADR,2026-03-13,117820,1,22,0,189.0
10108119COSTADR_2026-03-13_G05,10108119COSTADR,2026-03-13,109643,1,12,0,69.0
10108119COSTADR_2026-03-13_G06,10108119COSTADR,2026-03-13,110325,1,9,0,104.0
10108119COSTADR_2026-03-13_G07,10108119COSTADR,2026-03-13,110372,1,25,0,277.0
10108119COSTADR_2026-03-13_G08,10108119COSTADR,2026-03-13,"111441, 110069, 111438, 110742, 109495, 110754",6,94,53,1517.0
10108119COSTADR_2026-03-13_G09,10108119COSTADR,2026-03-13,108763,1,1,0,71.0
10108119COSTADR_2026-03-13_G10,10108119COSTADR,2026-03-13,"117833, 111743, 141271, 141456, 108798, 111468, 109645, 117808, 110325, 118191, 110375, 118299, 110373, 123947, 121760",16,311,178,57.0
10108119COSTADR_2026-03-13_G11,10108119COSTADR,2026-03-13,"111530, 110750, 111602, 117856, 110756, 141047",6,37,41,55.0
10108119COSTADR_2026-03-14_G02,10108119COSTADR,2026-03-14,114650,1,4,0,209.0
10108119COSTADR_2026-03-14_G03,10108119COSTADR,2026-03-14,140915,1,5,0,135.0
10108119COSTADR_2026-03-14_G04,10108119COSTADR,2026-03-14,118281,1,20,0,261.0
10108119COSTADR_2026-03-14_G05,10108119COSTADR,2026-03-14,118326,1,19,0,120.0
10108119COSTADR_2026-03-14_G06,10108119COSTADR,2026-03-14,118285,1,11,0,127.0
10108479ROCHAJ_2025-01-08_G02,10108479ROCHAJ,2025-01-08,122185,1,12,0,222.0
10108479ROCHAJ_2025-01-08_G03,10108479ROCHAJ,2025-01-08,123561,2,8,9,93.0
10108479ROCHAJ_2025-01-08_G04,10108479ROCHAJ,2025-01-08,120339,2,7,9,97.0
10108479ROCHAJ_2025-01-08_G05,10108479ROCHAJ,2025-01-08,121760,2,4,8,371.0
10108479ROCHAJ_2025-01-08_G06,10108479ROCHAJ,2025-01-08,122983,1,1,0,86.0
10108479ROCHAJ_2025-01-08_G07,10108479ROCHAJ,2025-01-08,123345,1,4,0,232.0
10108479ROCHAJ_2025-01-08_G08,10108479ROCHAJ,2025-01-08,"122671, 124371",2,10,11,225.0
10108479ROCHAJ_2025-01-08_G09,10108479ROCHAJ,2025-01-08,123911,1,4,0,244.0
10108479ROCHAJ_2025-01-08_G10,10108479ROCHAJ,2025-01-08,123343,1,3,0,188.0
10108479ROCHAJ_2025-01-08_G11,10108479ROCHAJ,2025-01-08,120339,1,20,0,689.0
10108479ROCHAJ_2025-01-09_G02,10108479ROCHAJ,2025-01-09,123343,1,1,0,163.0
10108479ROCHAJ_2025-01-09_G03,10108479ROCHAJ,2025-01-09,123153,1,20,0,201.0
10108479ROCHAJ_2025-01-09_G04,10108479ROCHAJ,2025-01-09,123345,1,2,0,131.0
10108479ROCHAJ_2025-01-09_G05,10108479ROCHAJ,2025-01-09,124371,1,8,0,1305.0
10108479ROCHAJ_2025-01-09_G06,10108479ROCHAJ,2025-01-09,121760,1,50,0,570.0
10108479ROCHAJ_2025-01-09_G07,10108479ROCHAJ,2025-01-09,121760,1,20,0,215.0
10108479ROCHAJ_2025-01-09_G08,10108479ROCHAJ,2025-01-09,124370,1,12,0,123.0
10108479ROCHAJ_2025-01-09_G09,10108479ROCHAJ,2025-01-09,120389,1,18,0,265.0
10108479ROCHAJ_2025-01-09_G10,10108479ROCHAJ,2025-01-09,123343,1,5,0,94.0
10108479ROCHAJ_2025-01-09_G11,10108479ROCHAJ,2025-01-09,123313,1,8,0,56.0
10108479ROCHAJ_2025-01-09_G12,10108479ROCHAJ,2025-01-09,122647,1,50,0,1235.0
10108479ROCHAJ_2025-01-09_G14,10108479ROCHAJ,2025-01-09,123907,1,20,0,381.0
10108479ROCHAJ_2025-01-09_G15,10108479ROCHAJ,2025-01-09,122962,1,12,0,384.0
10108479ROCHAJ_2025-01-09_G16,10108479ROCHAJ,2025-01-09,123907,1,38,0,553.0
10108479ROCHAJ_2025-01-09_G17,10108479ROCHAJ,2025-01-09,124248,1,65,0,708.0
10108479ROCHAJ_2025-01-09_G18,10108479ROCHAJ,2025-01-09,122673,1,100,0,1610.0
10108479ROCHAJ_2025-01-09_G19,10108479ROCHAJ,2025-01-09,123344,1,6,0,1776.0
10108479ROCHAJ_2025-01-09_G20,10108479ROCHAJ,2025-01-09,124370,1,2,0,109.0
10108479ROCHAJ_2025-01-09_G21,10108479ROCHAJ,2025-01-09,123343,1,2,0,75.0
10108479ROCHAJ_2025-01-09_G22,10108479ROCHAJ,2025-01-09,123345,1,3,0,137.0
10108479ROCHAJ_2025-01-09_G23,10108479ROCHAJ,2025-01-09,123344,1,6,0,154.0
10108479ROCHAJ_2025-01-09_G24,10108479ROCHAJ,2025-01-09,124370,1,5,0,76.0
10108479ROCHAJ_2025-01-09_G25,10108479ROCHAJ,2025-01-09,123822,1,30,0,380.0
10108479ROCHAJ_2025-01-09_G26,10108479ROCHAJ,2025-01-09,123153,1,10,0,215.0
10108479ROCHAJ_2025-01-09_G27,10108479ROCHAJ,2025-01-09,122673,1,12,0,244.0
10108479ROCHAJ_2025-01-09_G29,10108479ROCHAJ,2025-01-09,121760,1,4,0,211.0
10108479ROCHAJ_2025-01-09_G30,10108479ROCHAJ,2025-01-09,122962,1,100,0,1595.0
10108479ROCHAJ_2025-01-09_G31,10108479ROCHAJ,2025-01-09,122962,1,80,0,592.0
10108479ROCHAJ_2025-01-09_G32,10108479ROCHAJ,2025-01-09,123153,1,38,0,463.0
10108479ROCHAJ_2025-01-09_G33,10108479ROCHAJ,2025-01-09,124264,1,20,0,346.0
10108479ROCHAJ_2025-01-09_G34,10108479ROCHAJ,2025-01-09,120028,1,8,0,162.0
10108479ROCHAJ_2025-01-10_G02,10108479ROCHAJ,2025-01-10,122647,1,20,0,2245.0
10108479ROCHAJ_2025-01-10_G03,10108479ROCHAJ,2025-01-10,122673,1,2,0,67.0
10108479ROCHAJ_2025-01-10_G04,10108479ROCHAJ,2025-01-10,123345,1,2,0,71.0
10108479ROCHAJ_2025-01-10_G05,10108479ROCHAJ,2025-01-10,123153,1,50,0,805.0
10108479ROCHAJ_2025-01-10_G06,10108479ROCHAJ,2025-01-10,123343,1,10,0,138.0
10108479ROCHAJ_2025-01-10_G07,10108479ROCHAJ,2025-01-10,123345,1,10,0,103.0
10108479ROCHAJ_2025-01-10_G08,10108479ROCHAJ,2025-01-10,122673,1,18,0,213.0
10108479ROCHAJ_2025-01-10_G09,10108479ROCHAJ,2025-01-10,122962,1,28,0,248.0
10108479ROCHAJ_2025-01-10_G10,10108479ROCHAJ,2025-01-10,122647,1,20,0,380.0
10108479ROCHAJ_2025-01-10_G12,10108479ROCHAJ,2025-01-10,123907,1,30,0,1780.0
10108479ROCHAJ_2025-01-10_G13,10108479ROCHAJ,2025-01-10,123343,1,20,0,314.0
10108479ROCHAJ_2025-01-10_G14,10108479ROCHAJ,2025-01-10,122673,1,20,0,421.0
10108479ROCHAJ_2025-01-10_G15,10108479ROCHAJ,2025-01-10,123153,1,8,0,222.0
10108479ROCHAJ_2025-01-10_G16,10108479ROCHAJ,2025-01-10,123153,1,30,0,408.0
10108479ROCHAJ_2025-01-10_G17,10108479ROCHAJ,2025-01-10,123153,1,8,0,255.0
10108479ROCHAJ_2025-01-10_G18,10108479ROCHAJ,2025-01-10,123153,1,48,0,808.0
10108479ROCHAJ_2025-01-10_G19,10108479ROCHAJ,2025-01-10,123153,1,40,0,859.0
10108479ROCHAJ_2025-01-10_G20,10108479ROCHAJ,2025-01-10,122982,1,10,0,696.0
10108479ROCHAJ_2025-01-10_G21,10108479ROCHAJ,2025-01-10,121760,1,4,0,2621.0
10108508FERREIRAW_2025-01-09_G02,10108508FERREIRAW,2025-01-09,117835,1,6,0,1739.0
10108508FERREIRAW_2025-01-09_G03,10108508FERREIRAW,2025-01-09,111438,1,4,0,141.0
10108508FERREIRAW_2025-01-09_G04,10108508FERREIRAW,2025-01-09,111441,1,3,0,214.0
10108508FERREIRAW_2025-01-09_G05,10108508FERREIRAW,2025-01-09,109937,1,4,0,110.0
10108508FERREIRAW_2025-01-10_G02,10108508FERREIRAW,2025-01-10,110531,1,2,0,282.0
10108508FERREIRAW_2025-01-10_G03,10108508FERREIRAW,2025-01-10,110752,1,3,0,125.0
10108508FERREIRAW_2025-01-10_G04,10108508FERREIRAW,2025-01-10,"110752, 111650",2,21,19,31.0
10108508FERREIRAW_2025-01-10_G05,10108508FERREIRAW,2025-01-10,109647,1,22,0,1697.0
10108508FERREIRAW_2025-01-10_G06,10108508FERREIRAW,2025-01-10,105242,1,1,0,84.0
10108508FERREIRAW_2025-01-10_G07,10108508FERREIRAW,2025-01-10,141047,1,21,0,743.0
10108508FERREIRAW_2025-01-10_G08,10108508FERREIRAW,2025-01-10,108772,1,20,0,561.0
10108508FERREIRAW_2025-01-10_G09,10108508FERREIRAW,2025-01-10,110339,1,150,0,1090.0
10108508FERREIRAW_2025-01-10_G10,10108508FERREIRAW,2025-01-10,"118403, 110580",2,28,18,452.0
10108508FERREIRAW_2025-01-10_G11,10108508FERREIRAW,2025-01-10,100334,1,20,0,225.0
10108508FERREIRAW_2025-01-10_G13,10108508FERREIRAW,2025-01-10,118222,1,20,0,124.0
10108508FERREIRAW_2025-01-10_G14,10108508FERREIRAW,2025-01-10,111569,2,30,6,292.0
10108508FERREIRAW_2025-01-10_G15,10108508FERREIRAW,2025-01-10,110112,1,2,0,661.0
10108508FERREIRAW_2025-01-10_G16,10108508FERREIRAW,2025-01-10,110895,1,18,0,278.0
10108508FERREIRAW_2025-01-10_G17,10108508FERREIRAW,2025-01-10,110742,1,14,0,268.0
10108508FERREIRAW_2025-01-10_G18,10108508FERREIRAW,2025-01-10,111430,1,20,0,192.0
10108508FERREIRAW_2025-01-10_G19,10108508FERREIRAW,2025-01-10,110754,1,1,0,299.0
10108508FERREIRAW_2025-01-10_G20,10108508FERREIRAW,2025-01-10,"110112, 111441, 118222, 118306, 109471, 110747",6,39,67,863.0
10108508FERREIRAW_2025-01-10_G21,10108508FERREIRAW,2025-01-10,"110376, 117808, 109643, 110371",4,134,43,35.0
10108508FERREIRAW_2025-01-10_G22,10108508FERREIRAW,2025-01-10,111443,1,4,0,2021.0
10108508FERREIRAW_2025-01-10_G23,10108508FERREIRAW,2025-01-10,117821,1,12,0,58.0
10108508FERREIRAW_2025-01-10_G24,10108508FERREIRAW,2025-01-10,118140,1,12,0,85.0
10108508FERREIRAW_2025-01-10_G25,10108508FERREIRAW,2025-01-10,110740,1,8,0,236.0
10108508FERREIRAW_2025-01-10_G26,10108508FERREIRAW,2025-01-10,109641,1,10,0,193.0
10108508FERREIRAW_2025-01-10_G27,10108508FERREIRAW,2025-01-10,111468,1,12,0,300.0
10108508FERREIRAW_2025-01-10_G28,10108508FERREIRAW,2025-01-10,111433,1,2,0,82.0
10108508FERREIRAW_2025-01-10_G29,10108508FERREIRAW,2025-01-10,110787,1,10,0,66.0
10108508FERREIRAW_2025-01-10_G30,10108508FERREIRAW,2025-01-10,111418,1,20,0,126.0
10108508FERREIRAW_2025-01-10_G31,10108508FERREIRAW,2025-01-10,"110751, 111348",2,9,10,160.0
10108508FERREIRAW_2025-01-10_G32,10108508FERREIRAW,2025-01-10,117842,1,4,0,161.0
10108508FERREIRAW_2025-01-10_G33,10108508FERREIRAW,2025-01-10,111442,1,4,0,60.0
10108508FERREIRAW_2025-01-10_G34,10108508FERREIRAW,2025-01-10,117831,1,50,0,477.0
10108508FERREIRAW_2025-01-10_G35,10108508FERREIRAW,2025-01-10,108711,1,30,0,332.0
10108508FERREIRAW_2025-01-10_G36,10108508FERREIRAW,2025-01-10,111172,2,38,26,172.0
10108508FERREIRAW_2025-01-10_G37,10108508FERREIRAW,2025-01-10,110733,1,20,0,237.0
10108508FERREIRAW_2025-01-10_G39,10108508FERREIRAW,2025-01-10,"117834, 111850, 111441, 111430, 110755, 118306, 110747",7,32,76,2381.0
10108508FERREIRAW_2025-01-10_G40,10108508FERREIRAW,2025-01-10,"110339, 111530, 111467, 110515, 109647, 110711, 117808, 117820, 118299, 110371",10,488,124,32.0
10108508FERREIRAW_2025-01-10_G41,10108508FERREIRAW,2025-01-10,117808,1,100,0,113.0
10108508FERREIRAW_2025-01-10_G42,10108508FERREIRAW,2025-01-10,108794,1,5,0,46.0
10108508FERREIRAW_2025-01-10_G43,10108508FERREIRAW,2025-01-10,118140,1,10,0,409.0
10108508FERREIRAW_2025-01-11_G02,10108508FERREIRAW,2025-01-11,109641,1,4,0,168.0
10108508FERREIRAW_2025-01-11_G03,10108508FERREIRAW,2025-01-11,111468,1,8,0,164.0
10108508FERREIRAW_2025-01-11_G04,10108508FERREIRAW,2025-01-11,110787,1,6,0,235.0
10108508FERREIRAW_2025-01-11_G05,10108508FERREIRAW,2025-01-11,117831,1,12,0,1819.0
10108508FERREIRAW_2025-01-11_G06,10108508FERREIRAW,2025-01-11,110751,1,4,0,99.0
10108508FERREIRAW_2025-01-11_G07,10108508FERREIRAW,2025-01-11,108798,1,3,0,92.0
10108508FERREIRAW_2025-01-11_G08,10108508FERREIRAW,2025-01-11,110748,1,3,0,123.0
10108508FERREIRAW_2025-01-11_G09,10108508FERREIRAW,2025-01-11,111743,1,3,0,106.0
10108508FERREIRAW_2025-01-11_G10,10108508FERREIRAW,2025-01-11,111465,1,1,0,89.0
10108508FERREIRAW_2025-01-11_G11,10108508FERREIRAW,2025-01-11,117838,1,2,0,71.0
10108508FERREIRAW_2025-01-11_G12,10108508FERREIRAW,2025-01-11,111442,1,4,0,42.0
10108508FERREIRAW_2025-01-11_G13,10108508FERREIRAW,2025-01-11,117785,1,40,0,858.0
10108508FERREIRAW_2025-01-11_G14,10108508FERREIRAW,2025-01-11,111418,1,20,0,380.0
10108508FERREIRAW_2025-01-11_G16,10108508FERREIRAW,2025-01-11,"111530, 141047",4,66,37,45.0
10108508FERREIRAW_2025-01-11_G18,10108508FERREIRAW,2025-01-11,111443,1,12,0,153.0
10108508FERREIRAW_2025-01-11_G19,10108508FERREIRAW,2025-01-11,"117820, 117808, 117830",4,440,41,240.0
10108508FERREIRAW_2025-01-11_G20,10108508FERREIRAW,2025-01-11,117820,1,100,0,31.0
10108508FERREIRAW_2025-01-11_G21,10108508FERREIRAW,2025-01-11,"111418, 110751",4,200,36,56.0
10108508FERREIRAW_2025-01-11_G22,10108508FERREIRAW,2025-01-11,110748,2,8,8,98.0
10108508FERREIRAW_2025-01-11_G23,10108508FERREIRAW,2025-01-11,108711,1,4,0,186.0
10108508FERREIRAW_2025-01-11_G24,10108508FERREIRAW,2025-01-11,111743,1,10,0,87.0
10108508FERREIRAW_2025-01-11_G25,10108508FERREIRAW,2025-01-11,111462,2,120,7,2128.0
10108508FERREIRAW_2025-01-11_G26,10108508FERREIRAW,2025-01-11,117838,2,6,5,32.0
10108508FERREIRAW_2025-01-11_G27,10108508FERREIRAW,2025-01-11,111442,3,31,19,304.0
10108508FERREIRAW_2025-01-11_G28,10108508FERREIRAW,2025-01-11,"116241, 108711",5,114,54,905.0
10108508FERREIRAW_2025-01-11_G29,10108508FERREIRAW,2025-01-11,117821,1,20,0,455.0
10108508FERREIRAW_2025-01-11_G30,10108508FERREIRAW,2025-01-11,117821,1,20,0,61.0
10108508FERREIRAW_2025-01-12_G02,10108508FERREIRAW,2025-01-12,111441,1,83,0,38.0
10108508FERREIRAW_2025-01-12_G03,10108508FERREIRAW,2025-01-12,111443,1,14,0,610.0
10108508FERREIRAW_2025-01-12_G04,10108508FERREIRAW,2025-01-12,110743,1,105,0,582.0
10108508FERREIRAW_2025-01-13_G02,10108508FERREIRAW,2025-01-13,110515,2,143,22,174.0
10108508FERREIRAW_2025-01-13_G03,10108508FERREIRAW,2025-01-13,110733,1,8,0,638.0
10108508FERREIRAW_2025-01-13_G05,10108508FERREIRAW,2025-01-13,117856,1,12,0,149.0
10108508FERREIRAW_2025-01-13_G06,10108508FERREIRAW,2025-01-13,111602,1,12,0,205.0
10108508FERREIRAW_2025-01-13_G07,10108508FERREIRAW,2025-01-13,117861,1,4,0,2153.0
10108508FERREIRAW_2025-01-13_G08,10108508FERREIRAW,2025-01-13,117786,1,4,0,246.0
10108508FERREIRAW_2025-01-13_G09,10108508FERREIRAW,2025-01-13,110515,1,5,0,45.0
10108508FERREIRAW_2025-01-13_G10,10108508FERREIRAW,2025-01-13,117965,1,6,0,122.0
10108508FERREIRAW_2025-01-13_G11,10108508FERREIRAW,2025-01-13,141047,2,6,6,184.0
10108508FERREIRAW_2025-01-13_G12,10108508FERREIRAW,2025-01-13,110711,1,4,0,98.0
10108508FERREIRAW_2025-01-13_G13,10108508FERREIRAW,2025-01-13,117862,1,6,0,128.0
10108508FERREIRAW_2025-01-13_G14,10108508FERREIRAW,2025-01-13,111598,1,3,0,379.0
10108508FERREIRAW_2025-01-13_G15,10108508FERREIRAW,2025-01-13,110129,1,2,0,74.0
10108508FERREIRAW_2025-01-13_G16,10108508FERREIRAW,2025-01-13,117821,1,2,0,37.0
10108508FERREIRAW_2025-01-13_G17,10108508FERREIRAW,2025-01-13,111532,1,5,0,44.0
10108508FERREIRAW_2025-01-13_G18,10108508FERREIRAW,2025-01-13,108798,1,6,0,148.0
10108508FERREIRAW_2025-01-13_G19,10108508FERREIRAW,2025-01-13,117833,1,11,0,119.0
10108508FERREIRAW_2025-01-13_G20,10108508FERREIRAW,2025-01-13,"105705, 108711",3,10,16,123.0
10108508FERREIRAW_2025-01-14_G02,10108508FERREIRAW,2025-01-14,111468,1,311,0,1110.0
10108508FERREIRAW_2025-01-14_G03,10108508FERREIRAW,2025-01-14,118222,1,223,0,2434.0
10108508FERREIRAW_2025-01-14_G04,10108508FERREIRAW,2025-01-14,118140,1,124,0,465.0
10108508FERREIRAW_2025-01-14_G05,10108508FERREIRAW,2025-01-14,117832,1,518,0,1201.0
10108508FERREIRAW_2025-01-14_G08,10108508FERREIRAW,2025-01-14,"118251, 140922, 111469, 110313",4,12,65,39.0
10108508FERREIRAW_2025-01-14_G09,10108508FERREIRAW,2025-01-14,108711,1,4,0,31.0
10108508FERREIRAW_2025-01-14_G10,10108508FERREIRAW,2025-01-14,140922,1,4,0,40.0
10108508FERREIRAW_2025-01-14_G11,10108508FERREIRAW,2025-01-14,111469,1,8,0,71.0
10108508FERREIRAW_2025-01-14_G12,10108508FERREIRAW,2025-01-14,"110733, 108711, 110755, 117808, 110372, 118299",7,129,121,1636.0
10108508FERREIRAW_2025-01-15_G02,10108508FERREIRAW,2025-01-15,117831,1,8,0,177.0
10108508FERREIRAW_2025-01-15_G03,10108508FERREIRAW,2025-01-15,111463,1,3,0,103.0
10108508FERREIRAW_2025-01-15_G04,10108508FERREIRAW,2025-01-15,111463,1,1,0,35.0
10108508FERREIRAW_2025-01-15_G05,10108508FERREIRAW,2025-01-15,111462,1,7,0,204.0
10108508FERREIRAW_2025-01-15_G06,10108508FERREIRAW,2025-01-15,111418,1,40,0,1299.0
10108508FERREIRAW_2025-01-15_G07,10108508FERREIRAW,2025-01-15,117785,1,44,0,1142.0
10108508FERREIRAW_2025-01-15_G08,10108508FERREIRAW,2025-01-15,140922,1,1,0,240.0
10108508FERREIRAW_2025-01-15_G09,10108508FERREIRAW,2025-01-15,"110711, 118140",2,8,19,32.0
10108508FERREIRAW_2025-01-15_G10,10108508FERREIRAW,2025-01-15,"110733, 108711",2,7,19,74.0
10108508FERREIRAW_2025-01-15_G11,10108508FERREIRAW,2025-01-15,"110733, 111463, 118299",3,73,39,591.0
10108508FERREIRAW_2025-01-15_G12,10108508FERREIRAW,2025-01-15,108711,1,4,0,696.0
10108508FERREIRAW_2025-01-15_G15,10108508FERREIRAW,2025-01-15,"114092, 107830, 110372, 118299, 117832",5,633,50,1647.0
10108508FERREIRAW_2025-01-15_G16,10108508FERREIRAW,2025-01-15,111466,1,96,0,801.0
10108508FERREIRAW_2025-01-15_G17,10108508FERREIRAW,2025-01-15,117821,1,160,0,1685.0
10108508FERREIRAW_2025-01-16_G02,10108508FERREIRAW,2025-01-16,"111850, 109937, 111660",3,20,46,36.0
10108508FERREIRAW_2025-01-16_G03,10108508FERREIRAW,2025-01-16,"118299, 117820, 117808, 110372",6,120,53,40.0
10108508FERREIRAW_2025-01-16_G04,10108508FERREIRAW,2025-01-16,109645,1,10,0,1487.0
10108508FERREIRAW_2025-01-17_G02,10108508FERREIRAW,2025-01-17,111469,2,8,7,194.0
10108508FERREIRAW_2025-01-17_G03,10108508FERREIRAW,2025-01-17,111463,2,8,6,159.0
10108508FERREIRAW_2025-01-17_G04,10108508FERREIRAW,2025-01-17,111602,1,20,0,169.0
10108508FERREIRAW_2025-01-17_G05,10108508FERREIRAW,2025-01-17,111602,1,16,0,31.0
10108508FERREIRAW_2025-01-17_G06,10108508FERREIRAW,2025-01-17,140911,2,6,13,926.0
10108508FERREIRAW_2025-01-17_G07,10108508FERREIRAW,2025-01-17,"117820, 117785",2,77,21,40.0
10108508FERREIRAW_2025-01-17_G08,10108508FERREIRAW,2025-01-17,111602,2,16,26,43.0
10108508FERREIRAW_2025-01-17_G09,10108508FERREIRAW,2025-01-17,"140922, 108711",3,26,25,1324.0
10108508FERREIRAW_2025-01-17_G10,10108508FERREIRAW,2025-01-17,140911,1,6,0,924.0
10108508FERREIRAW_2025-01-17_G11,10108508FERREIRAW,2025-01-17,111602,1,16,0,560.0
10108508FERREIRAW_2025-01-17_G13,10108508FERREIRAW,2025-01-17,"118094, 117786, 109647, 141047, 110711, 117856",6,36,70,69.0
10108508FERREIRAW_2025-01-17_G14,10108508FERREIRAW,2025-01-17,"109747, 117820, 117808, 110371",4,204,52,2231.0
10108508FERREIRAW_2025-01-17_G15,10108508FERREIRAW,2025-01-17,108794,1,7,0,3503.0
10108508FERREIRAW_2025-01-17_G16,10108508FERREIRAW,2025-01-17,117785,1,18,0,397.0
10108508FERREIRAW_2025-01-17_G17,10108508FERREIRAW,2025-01-17,111442,1,1,0,431.0
10108508FERREIRAW_2025-01-17_G18,10108508FERREIRAW,2025-01-17,117831,1,9,0,346.0
10108508FERREIRAW_2025-01-17_G19,10108508FERREIRAW,2025-01-17,109645,1,3,0,145.0
10108508FERREIRAW_2025-01-17_G20,10108508FERREIRAW,2025-01-17,110745,1,4,0,103.0
10108508FERREIRAW_2025-01-17_G21,10108508FERREIRAW,2025-01-17,110745,1,5,0,38.0
10108508FERREIRAW_2025-01-17_G22,10108508FERREIRAW,2025-01-17,110515,1,8,0,278.0
10108508FERREIRAW_2025-01-17_G23,10108508FERREIRAW,2025-01-17,109647,1,9,0,394.0
10108508FERREIRAW_2025-01-17_G24,10108508FERREIRAW,2025-01-17,110745,2,12,8,118.0
10108508FERREIRAW_2025-01-17_G25,10108508FERREIRAW,2025-01-17,160055,1,8,0,88.0
10108508FERREIRAW_2025-01-17_G27,10108508FERREIRAW,2025-01-17,"111620, 111850, 110742, 108770, 118442",5,54,54,46.0
10108508FERREIRAW_2025-01-18_G02,10108508FERREIRAW,2025-01-18,"108361, 111650, 117965, 105242, 117788",5,102,50,2828.0
10108508FERREIRAW_2025-01-18_G03,10108508FERREIRAW,2025-01-18,"109747, 110375",2,40,12,60.0
10108508FERREIRAW_2025-01-18_G04,10108508FERREIRAW,2025-01-18,"117833, 117329",2,38,11,2767.0
10108508FERREIRAW_2025-01-18_G05,10108508FERREIRAW,2025-01-18,111433,1,16,0,489.0
10108508FERREIRAW_2025-01-18_G06,10108508FERREIRAW,2025-01-18,110751,1,15,0,292.0
10108508FERREIRAW_2025-01-18_G07,10108508FERREIRAW,2025-01-18,"108798, 110129",2,70,26,414.0
10108508FERREIRAW_2025-01-18_G08,10108508FERREIRAW,2025-01-18,108711,1,20,0,231.0
10108508FERREIRAW_2025-01-18_G10,10108508FERREIRAW,2025-01-18,"110339, 111530, 117856, 117830, 107830, 110372",6,92,79,444.0
10108508FERREIRAW_2025-01-18_G11,10108508FERREIRAW,2025-01-18,108794,1,4,0,357.0
10108508FERREIRAW_2025-01-18_G12,10108508FERREIRAW,2025-01-18,118140,1,4,0,78.0
10108508FERREIRAW_2025-01-18_G13,10108508FERREIRAW,2025-01-18,117831,1,8,0,927.0
10108508FERREIRAW_2025-01-18_G14,10108508FERREIRAW,2025-01-18,110751,1,8,0,259.0
10108508FERREIRAW_2025-01-18_G15,10108508FERREIRAW,2025-01-18,108711,1,2,0,107.0
10108508FERREIRAW_2025-01-18_G16,10108508FERREIRAW,2025-01-18,111418,1,4,0,2348.0
10108508FERREIRAW_2025-01-18_G17,10108508FERREIRAW,2025-01-18,111469,1,8,0,186.0
10108508FERREIRAW_2025-01-18_G18,10108508FERREIRAW,2025-01-18,"117840, 110375",2,11,13,256.0
10108508FERREIRAW_2025-01-18_G19,10108508FERREIRAW,2025-01-18,118140,1,37,0,686.0
10108508FERREIRAW_2025-01-18_G20,10108508FERREIRAW,2025-01-18,140922,1,1,0,76.0
10108508FERREIRAW_2025-01-18_G21,10108508FERREIRAW,2025-01-18,117831,1,3,0,174.0
10108508FERREIRAW_2025-01-18_G22,10108508FERREIRAW,2025-01-18,110787,1,6,0,54.0
10108508FERREIRAW_2025-01-18_G23,10108508FERREIRAW,2025-01-18,110745,1,4,0,97.0
10108508FERREIRAW_2025-01-18_G24,10108508FERREIRAW,2025-01-18,"116241, 111443",2,8,14,114.0
10108508FERREIRAW_2025-01-18_G25,10108508FERREIRAW,2025-01-18,105705,1,4,0,310.0
10108508FERREIRAW_2025-01-18_G26,10108508FERREIRAW,2025-01-18,111469,1,32,0,400.0
10108508FERREIRAW_2025-01-18_G27,10108508FERREIRAW,2025-01-18,110339,1,4,0,127.0
10108508FERREIRAW_2025-01-18_G28,10108508FERREIRAW,2025-01-18,110371,1,30,0,646.0
10108508FERREIRAW_2025-01-19_G02,10108508FERREIRAW,2025-01-19,115234,1,2,0,168.0
10108508FERREIRAW_2025-01-20_G02,10108508FERREIRAW,2025-01-20,110339,1,6,0,225.0
10108508FERREIRAW_2025-01-20_G03,10108508FERREIRAW,2025-01-20,110752,1,2,0,337.0
10108508FERREIRAW_2025-01-20_G04,10108508FERREIRAW,2025-01-20,117861,1,10,0,158.0
10108508FERREIRAW_2025-01-20_G05,10108508FERREIRAW,2025-01-20,105470,1,2,0,118.0
10108508FERREIRAW_2025-01-20_G06,10108508FERREIRAW,2025-01-20,109647,1,2,0,67.0
10108508FERREIRAW_2025-01-20_G07,10108508FERREIRAW,2025-01-20,118298,1,2,0,893.0
10108508FERREIRAW_2025-01-20_G08,10108508FERREIRAW,2025-01-20,141047,1,7,0,120.0
10108508FERREIRAW_2025-01-20_G09,10108508FERREIRAW,2025-01-20,117788,1,4,0,1494.0
10108508FERREIRAW_2025-01-20_G10,10108508FERREIRAW,2025-01-20,110711,1,24,0,303.0
10108508FERREIRAW_2025-01-20_G11,10108508FERREIRAW,2025-01-20,118094,1,40,0,35.0
10108508FERREIRAW_2025-01-20_G12,10108508FERREIRAW,2025-01-20,111330,1,12,0,227.0
10108508FERREIRAW_2025-01-20_G13,10108508FERREIRAW,2025-01-20,107236,1,8,0,139.0
10108508FERREIRAW_2025-01-20_G14,10108508FERREIRAW,2025-01-20,111433,1,9,0,167.0
10108508FERREIRAW_2025-01-20_G15,10108508FERREIRAW,2025-01-20,118317,1,2,0,38.0
10108508FERREIRAW_2025-01-20_G16,10108508FERREIRAW,2025-01-20,110787,1,15,0,426.0
10108508FERREIRAW_2025-01-20_G17,10108508FERREIRAW,2025-01-20,109645,1,12,0,127.0
10108508FERREIRAW_2025-01-20_G18,10108508FERREIRAW,2025-01-20,110745,1,20,0,181.0
10108508FERREIRAW_2025-01-20_G19,10108508FERREIRAW,2025-01-20,118223,1,4,0,85.0
10108508FERREIRAW_2025-01-20_G20,10108508FERREIRAW,2025-01-20,108711,1,20,0,219.0
10108508FERREIRAW_2025-01-20_G22,10108508FERREIRAW,2025-01-20,117840,1,4,0,61.0
10108508FERREIRAW_2025-01-20_G23,10108508FERREIRAW,2025-01-20,110375,1,7,0,354.0
10108508FERREIRAW_2025-01-20_G24,10108508FERREIRAW,2025-01-20,110371,1,123,0,241.0
10108508FERREIRAW_2025-01-20_G25,10108508FERREIRAW,2025-01-20,118299,1,776,0,642.0
10108508FERREIRAW_2025-01-20_G26,10108508FERREIRAW,2025-01-20,117830,1,15,0,753.0
10108508FERREIRAW_2025-01-20_G27,10108508FERREIRAW,2025-01-20,109643,1,30,0,1082.0
10108508FERREIRAW_2025-01-20_G28,10108508FERREIRAW,2025-01-20,117809,1,41,0,308.0
10108508FERREIRAW_2025-01-20_G29,10108508FERREIRAW,2025-01-20,109747,1,14,0,377.0
10108508FERREIRAW_2025-01-20_G30,10108508FERREIRAW,2025-01-20,118140,1,46,0,549.0
10108508FERREIRAW_2025-01-20_G31,10108508FERREIRAW,2025-01-20,110748,1,8,0,319.0
10108508FERREIRAW_2025-01-20_G32,10108508FERREIRAW,2025-01-20,111418,1,60,0,219.0
10108508FERREIRAW_2025-01-20_G33,10108508FERREIRAW,2025-01-20,111463,1,44,0,353.0
10108508FERREIRAW_2025-01-20_G34,10108508FERREIRAW,2025-01-20,117785,1,200,0,910.0
10108508FERREIRAW_2025-01-20_G35,10108508FERREIRAW,2025-01-20,"117820, 117808, 110372",3,588,21,805.0
10108508FERREIRAW_2025-01-20_G36,10108508FERREIRAW,2025-01-20,117808,1,28,0,1130.0
10108508FERREIRAW_2025-01-20_G37,10108508FERREIRAW,2025-01-20,110371,1,150,0,391.0
10108508FERREIRAW_2025-01-20_G39,10108508FERREIRAW,2025-01-20,118140,1,310,0,2441.0
10108508FERREIRAW_2025-01-20_G40,10108508FERREIRAW,2025-01-20,111442,1,10,0,264.0
10108508FERREIRAW_2025-01-21_G02,10108508FERREIRAW,2025-01-21,109641,1,20,0,431.0
10108508FERREIRAW_2025-01-21_G03,10108508FERREIRAW,2025-01-21,110751,1,10,0,169.0
10108508FERREIRAW_2025-01-21_G04,10108508FERREIRAW,2025-01-21,117785,1,404,0,48.0
10108508FERREIRAW_2025-01-21_G05,10108508FERREIRAW,2025-01-21,111348,1,8,0,233.0
10108508FERREIRAW_2025-01-21_G06,10108508FERREIRAW,2025-01-21,111443,1,4,0,114.0
10108508FERREIRAW_2025-01-21_G07,10108508FERREIRAW,2025-01-21,110129,1,10,0,525.0
10108508FERREIRAW_2025-01-21_G08,10108508FERREIRAW,2025-01-21,108711,1,30,0,109.0
10108508FERREIRAW_2025-01-21_G09,10108508FERREIRAW,2025-01-21,111465,1,10,0,282.0
10108508FERREIRAW_2025-01-21_G10,10108508FERREIRAW,2025-01-21,"110743, 117831",2,40,21,75.0
10108508FERREIRAW_2025-01-21_G11,10108508FERREIRAW,2025-01-21,108798,1,30,0,504.0
10108508FERREIRAW_2025-01-21_G12,10108508FERREIRAW,2025-01-21,"117820, 107830, 110371",3,410,32,1552.0
10108508FERREIRAW_2025-01-21_G13,10108508FERREIRAW,2025-01-21,"117830, 108770",2,156,24,104.0
10108508FERREIRAW_2025-01-21_G15,10108508FERREIRAW,2025-01-21,117831,1,16,0,608.0
10108508FERREIRAW_2025-01-21_G16,10108508FERREIRAW,2025-01-21,111463,1,13,0,168.0
10108508FERREIRAW_2025-01-21_G17,10108508FERREIRAW,2025-01-21,140922,1,2,0,201.0
10108508FERREIRAW_2025-01-21_G18,10108508FERREIRAW,2025-01-21,118317,1,2,0,80.0
10108508FERREIRAW_2025-01-21_G19,10108508FERREIRAW,2025-01-21,105705,1,29,0,215.0
10108508FERREIRAW_2025-01-21_G20,10108508FERREIRAW,2025-01-21,117831,1,90,0,1589.0
10108508FERREIRAW_2025-01-21_G21,10108508FERREIRAW,2025-01-21,117809,1,120,0,1841.0
10108508FERREIRAW_2025-01-21_G22,10108508FERREIRAW,2025-01-21,"117820, 110373",2,82,18,31.0
10108508FERREIRAW_2025-01-21_G23,10108508FERREIRAW,2025-01-21,117832,2,25,6,38.0
10108508FERREIRAW_2025-01-21_G24,10108508FERREIRAW,2025-01-21,110376,1,30,0,1894.0
10108508FERREIRAW_2025-01-21_G25,10108508FERREIRAW,2025-01-21,117830,1,20,0,537.0
10108508FERREIRAW_2025-01-21_G27,10108508FERREIRAW,2025-01-21,"117809, 110372, 110373, 117808, 111466",5,81,62,34.0
10108508FERREIRAW_2025-01-21_G28,10108508FERREIRAW,2025-01-21,110711,1,8,0,2377.0
10108508FERREIRAW_2025-01-21_G29,10108508FERREIRAW,2025-01-21,141047,1,6,0,367.0
10108508FERREIRAW_2025-01-21_G30,10108508FERREIRAW,2025-01-21,"111655, 117855",2,12,17,230.0
10108508FERREIRAW_2025-01-21_G31,10108508FERREIRAW,2025-01-21,111444,1,4,0,115.0
10108508FERREIRAW_2025-01-22_G02,10108508FERREIRAW,2025-01-22,117820,1,300,0,2752.0
10108508FERREIRAW_2025-01-22_G03,10108508FERREIRAW,2025-01-22,109747,1,10,0,271.0
10108508FERREIRAW_2025-01-22_G04,10108508FERREIRAW,2025-01-22,110373,1,100,0,288.0
10108508FERREIRAW_2025-01-22_G05,10108508FERREIRAW,2025-01-22,117809,1,100,0,275.0
10108508FERREIRAW_2025-01-22_G06,10108508FERREIRAW,2025-01-22,110374,1,20,0,236.0
10108508FERREIRAW_2025-01-22_G07,10108508FERREIRAW,2025-01-22,117809,1,250,0,350.0
10108508FERREIRAW_2025-01-22_G08,10108508FERREIRAW,2025-01-22,117836,2,8,6,539.0
10108508FERREIRAW_2025-01-22_G09,10108508FERREIRAW,2025-01-22,111655,1,4,0,132.0
10108508FERREIRAW_2025-01-22_G10,10108508FERREIRAW,2025-01-22,110742,1,8,0,144.0
10108508FERREIRAW_2025-01-22_G11,10108508FERREIRAW,2025-01-22,108770,1,13,0,210.0
10108508FERREIRAW_2025-01-22_G12,10108508FERREIRAW,2025-01-22,103149,1,2,0,66.0
10108508FERREIRAW_2025-01-22_G13,10108508FERREIRAW,2025-01-22,109471,1,1,0,38.0
10108508FERREIRAW_2025-01-22_G14,10108508FERREIRAW,2025-01-22,103148,1,1,0,39.0
10108508FERREIRAW_2025-01-22_G15,10108508FERREIRAW,2025-01-22,111120,1,6,0,126.0
10108508FERREIRAW_2025-01-22_G16,10108508FERREIRAW,2025-01-22,111793,1,2,0,82.0
10108508FERREIRAW_2025-01-22_G17,10108508FERREIRAW,2025-01-22,114102,1,4,0,104.0
10108508FERREIRAW_2025-01-22_G18,10108508FERREIRAW,2025-01-22,111110,1,3,0,109.0
10108508FERREIRAW_2025-01-22_G19,10108508FERREIRAW,2025-01-22,118311,1,4,0,92.0
10108508FERREIRAW_2025-01-22_G20,10108508FERREIRAW,2025-01-22,111356,1,6,0,128.0
10108508FERREIRAW_2025-01-22_G22,10108508FERREIRAW,2025-01-22,117853,2,18,5,277.0
10108508FERREIRAW_2025-01-22_G23,10108508FERREIRAW,2025-01-22,111650,2,6,6,278.0
10108508FERREIRAW_2025-01-22_G24,10108508FERREIRAW,2025-01-22,108772,1,50,0,306.0
10108508FERREIRAW_2025-01-22_G25,10108508FERREIRAW,2025-01-22,111530,1,30,0,581.0
10108508FERREIRAW_2025-01-22_G26,10108508FERREIRAW,2025-01-22,117855,1,24,0,283.0
10108508FERREIRAW_2025-01-22_G27,10108508FERREIRAW,2025-01-22,110092,1,2,0,260.0
10108508FERREIRAW_2025-01-22_G28,10108508FERREIRAW,2025-01-22,"117855, 160055",2,6,22,1716.0
10108508FERREIRAW_2025-01-22_G29,10108508FERREIRAW,2025-01-22,111462,1,47,0,537.0
10108508FERREIRAW_2025-01-22_G30,10108508FERREIRAW,2025-01-22,111469,1,200,0,254.0
10108508FERREIRAW_2025-01-22_G31,10108508FERREIRAW,2025-01-22,111462,1,3,0,103.0
10108508FERREIRAW_2025-01-22_G32,10108508FERREIRAW,2025-01-22,"110681, 109933",2,7,8,3132.0
10108508FERREIRAW_2025-01-22_G33,10108508FERREIRAW,2025-01-22,"100334, 117836",2,20,13,271.0
10108508FERREIRAW_2025-01-22_G34,10108508FERREIRAW,2025-01-22,110454,1,6,0,123.0
10108508FERREIRAW_2025-01-22_G35,10108508FERREIRAW,2025-01-22,111430,1,11,0,153.0
10108508FERREIRAW_2025-01-22_G37,10108508FERREIRAW,2025-01-22,110711,1,20,0,37.0
10108508FERREIRAW_2025-01-22_G38,10108508FERREIRAW,2025-01-22,110841,1,20,0,589.0
10108508FERREIRAW_2025-01-22_G39,10108508FERREIRAW,2025-01-22,111530,1,19,0,1552.0
10108508FERREIRAW_2025-01-23_G02,10108508FERREIRAW,2025-01-23,111530,1,61,0,456.0
10108508FERREIRAW_2025-01-23_G03,10108508FERREIRAW,2025-01-23,117786,1,50,0,171.0
10108508FERREIRAW_2025-01-23_G04,10108508FERREIRAW,2025-01-23,111466,2,100,6,529.0
10108508FERREIRAW_2025-01-23_G05,10108508FERREIRAW,2025-01-23,111463,1,83,0,287.0
10108508FERREIRAW_2025-01-23_G06,10108508FERREIRAW,2025-01-23,117831,1,100,0,272.0
10108508FERREIRAW_2025-01-23_G07,10108508FERREIRAW,2025-01-23,"111532, 111463",2,137,27,1072.0
10108508FERREIRAW_2025-01-23_G08,10108508FERREIRAW,2025-01-23,109747,1,20,0,517.0
10108508FERREIRAW_2025-01-23_G09,10108508FERREIRAW,2025-01-23,117808,1,500,0,1011.0
10108508FERREIRAW_2025-01-23_G10,10108508FERREIRAW,2025-01-23,117830,1,20,0,347.0
10108508FERREIRAW_2025-01-23_G11,10108508FERREIRAW,2025-01-23,117809,1,100,0,443.0
10108508FERREIRAW_2025-01-23_G12,10108508FERREIRAW,2025-01-23,117820,1,130,0,483.0
10108508FERREIRAW_2025-01-23_G13,10108508FERREIRAW,2025-01-23,"110372, 117832",2,170,14,699.0
10108508FERREIRAW_2025-01-23_G15,10108508FERREIRAW,2025-01-23,110733,1,4,0,201.0
10108508FERREIRAW_2025-01-23_G16,10108508FERREIRAW,2025-01-23,111602,1,16,0,377.0
10108508FERREIRAW_2025-01-23_G17,10108508FERREIRAW,2025-01-23,140922,1,6,0,42.0
10108508FERREIRAW_2025-01-23_G18,10108508FERREIRAW,2025-01-23,108711,1,8,0,465.0
10108508FERREIRAW_2025-01-23_G20,10108508FERREIRAW,2025-01-23,108794,1,7,0,155.0
10108508FERREIRAW_2025-01-23_G21,10108508FERREIRAW,2025-01-23,118140,1,8,0,165.0
10108508FERREIRAW_2025-01-23_G22,10108508FERREIRAW,2025-01-23,111466,2,204,6,306.0
10108508FERREIRAW_2025-01-23_G23,10108508FERREIRAW,2025-01-23,111442,1,12,0,103.0
10108508FERREIRAW_2025-01-23_G24,10108508FERREIRAW,2025-01-23,109641,1,16,0,430.0
10108508FERREIRAW_2025-01-23_G25,10108508FERREIRAW,2025-01-23,"118317, 111463",2,29,19,85.0
10108508FERREIRAW_2025-01-23_G26,10108508FERREIRAW,2025-01-23,111348,1,8,0,254.0
10108508FERREIRAW_2025-01-23_G27,10108508FERREIRAW,2025-01-23,111348,2,4,9,244.0
10108508FERREIRAW_2025-01-23_G28,10108508FERREIRAW,2025-01-23,108711,2,20,23,840.0
10108508FERREIRAW_2025-01-23_G29,10108508FERREIRAW,2025-01-23,105705,2,21,7,41.0
10108508FERREIRAW_2025-01-23_G31,10108508FERREIRAW,2025-01-23,118140,1,6,0,286.0
10108508FERREIRAW_2025-01-23_G32,10108508FERREIRAW,2025-01-23,111468,1,1,0,436.0
10108508FERREIRAW_2025-01-23_G33,10108508FERREIRAW,2025-01-23,111463,1,6,0,39.0
10108508FERREIRAW_2025-01-23_G34,10108508FERREIRAW,2025-01-23,110787,2,14,6,392.0
10108508FERREIRAW_2025-01-23_G35,10108508FERREIRAW,2025-01-23,109645,1,4,0,119.0
10108508FERREIRAW_2025-01-23_G36,10108508FERREIRAW,2025-01-23,111348,1,2,0,115.0
10108508FERREIRAW_2025-01-23_G37,10108508FERREIRAW,2025-01-23,111443,1,2,0,63.0
10108508FERREIRAW_2025-01-23_G38,10108508FERREIRAW,2025-01-23,108795,1,6,0,82.0
10108508FERREIRAW_2025-01-23_G39,10108508FERREIRAW,2025-01-23,117833,1,3,0,114.0
10108508FERREIRAW_2025-01-23_G40,10108508FERREIRAW,2025-01-23,117838,1,4,0,102.0
10108508FERREIRAW_2025-01-23_G41,10108508FERREIRAW,2025-01-23,111462,1,1,0,204.0
10108508FERREIRAW_2025-01-23_G42,10108508FERREIRAW,2025-01-23,111466,1,10,0,281.0
10108508FERREIRAW_2025-01-23_G43,10108508FERREIRAW,2025-01-23,"111569, 111468",2,12,25,36.0
10108508FERREIRAW_2025-01-23_G44,10108508FERREIRAW,2025-01-23,118299,1,50,0,289.0
10108508FERREIRAW_2025-01-23_G45,10108508FERREIRAW,2025-01-23,111348,1,4,0,434.0
10108508FERREIRAW_2025-01-24_G02,10108508FERREIRAW,2025-01-24,"111463, 111348, 109643",3,43,43,48.0
10108508FERREIRAW_2025-01-24_G03,10108508FERREIRAW,2025-01-24,111463,1,4,0,1859.0
10108508FERREIRAW_2025-01-24_G04,10108508FERREIRAW,2025-01-24,110372,1,4,0,163.0
10108508FERREIRAW_2025-01-24_G05,10108508FERREIRAW,2025-01-24,118140,1,3,0,134.0
10108508FERREIRAW_2025-01-24_G06,10108508FERREIRAW,2025-01-24,108711,1,4,0,112.0
10108508FERREIRAW_2025-01-24_G07,10108508FERREIRAW,2025-01-24,117833,1,9,0,135.0
10108508FERREIRAW_2025-01-24_G08,10108508FERREIRAW,2025-01-24,111469,1,10,0,298.0
10108508FERREIRAW_2025-01-24_G09,10108508FERREIRAW,2025-01-24,111463,1,2,0,44.0
10108508FERREIRAW_2025-01-24_G10,10108508FERREIRAW,2025-01-24,111569,1,10,0,49.0
10108508FERREIRAW_2025-01-24_G11,10108508FERREIRAW,2025-01-24,"111469, 111463, 118299",4,51,60,93.0
10108508FERREIRAW_2025-01-24_G12,10108508FERREIRAW,2025-01-24,117855,1,8,0,1387.0
10108508FERREIRAW_2025-01-24_G13,10108508FERREIRAW,2025-01-24,111569,1,24,0,280.0
10108508FERREIRAW_2025-01-24_G14,10108508FERREIRAW,2025-01-24,111463,1,5,0,173.0
10108508FERREIRAW_2025-01-24_G15,10108508FERREIRAW,2025-01-24,118140,1,2,0,101.0
10108508FERREIRAW_2025-01-24_G17,10108508FERREIRAW,2025-01-24,"111463, 110751, 111469, 109640",4,47,67,181.0
10108508FERREIRAW_2025-01-24_G18,10108508FERREIRAW,2025-01-24,109640,1,8,0,51.0
10108508FERREIRAW_2025-01-24_G19,10108508FERREIRAW,2025-01-24,111569,1,30,0,979.0
10108508FERREIRAW_2025-01-24_G20,10108508FERREIRAW,2025-01-24,"111469, 117855",2,20,17,679.0
10108508FERREIRAW_2025-01-24_G21,10108508FERREIRAW,2025-01-24,117830,1,4,0,123.0
10108508FERREIRAW_2025-01-24_G22,10108508FERREIRAW,2025-01-24,107254,1,4,0,35.0
10108508FERREIRAW_2025-01-24_G23,10108508FERREIRAW,2025-01-24,"118094, 110339",2,80,18,764.0
10108508FERREIRAW_2025-01-24_G24,10108508FERREIRAW,2025-01-24,111530,1,12,0,2183.0
10108508FERREIRAW_2025-01-24_G25,10108508FERREIRAW,2025-01-24,"110325, 117840, 110371, 109643",4,20,29,1475.0
10108508FERREIRAW_2025-01-24_G26,10108508FERREIRAW,2025-01-24,"108361, 111598, 110313, 117786",4,17,41,42.0
10108508FERREIRAW_2025-01-24_G27,10108508FERREIRAW,2025-01-24,110742,1,6,0,608.0
10108508FERREIRAW_2025-01-24_G28,10108508FERREIRAW,2025-01-24,118306,1,4,0,171.0
10108508FERREIRAW_2025-01-24_G29,10108508FERREIRAW,2025-01-24,110747,1,2,0,384.0
10108508FERREIRAW_2025-01-24_G30,10108508FERREIRAW,2025-01-24,117821,1,8,0,669.0
10108508FERREIRAW_2025-01-24_G32,10108508FERREIRAW,2025-01-24,118004,1,16,0,424.0
10108508FERREIRAW_2025-01-24_G33,10108508FERREIRAW,2025-01-24,111466,1,8,0,149.0
10108508FERREIRAW_2025-01-24_G34,10108508FERREIRAW,2025-01-24,111466,3,12,12,44.0
10108508FERREIRAW_2025-01-24_G35,10108508FERREIRAW,2025-01-24,111469,1,4,0,1157.0
10108508FERREIRAW_2025-01-24_G36,10108508FERREIRAW,2025-01-24,111469,1,8,0,60.0
10108508FERREIRAW_2025-01-24_G37,10108508FERREIRAW,2025-01-24,"111876, 110515",2,22,16,51.0
10108508FERREIRAW_2025-01-24_G38,10108508FERREIRAW,2025-01-24,"110751, 111463",2,54,16,36.0
10108508FERREIRAW_2025-01-25_G02,10108508FERREIRAW,2025-01-25,"111569, 110515",2,14,23,1127.0
10108508FERREIRAW_2025-01-25_G03,10108508FERREIRAW,2025-01-25,"118317, 111469",2,15,23,36.0
10108508FERREIRAW_2025-01-25_G04,10108508FERREIRAW,2025-01-25,"118222, 110515, 117786, 111469, 111463, 117809",6,28,90,31.0
10108508FERREIRAW_2025-01-25_G05,10108508FERREIRAW,2025-01-25,"111602, 120002",2,20,27,3409.0
10108508FERREIRAW_2025-01-25_G06,10108508FERREIRAW,2025-01-25,110515,1,8,0,46.0
10108508FERREIRAW_2025-01-25_G07,10108508FERREIRAW,2025-01-25,"117821, 110787, 110373, 111463",5,57,102,43.0
10108508FERREIRAW_2025-01-25_G08,10108508FERREIRAW,2025-01-25,110515,1,12,0,1360.0
10108508FERREIRAW_2025-01-25_G09,10108508FERREIRAW,2025-01-25,111468,1,4,0,248.0
10108508FERREIRAW_2025-01-25_G11,10108508FERREIRAW,2025-01-25,110374,1,5,0,300.0
10108508FERREIRAW_2025-01-25_G12,10108508FERREIRAW,2025-01-25,110325,1,3,0,218.0
10108508FERREIRAW_2025-01-25_G13,10108508FERREIRAW,2025-01-25,110373,1,7,0,352.0
10108508FERREIRAW_2025-01-25_G14,10108508FERREIRAW,2025-01-25,110371,1,4,0,340.0
10108508FERREIRAW_2025-01-25_G15,10108508FERREIRAW,2025-01-25,"107830, 110372, 117808, 117820",4,75,45,289.0
10108508FERREIRAW_2025-01-25_G16,10108508FERREIRAW,2025-01-25,117808,1,16,0,995.0
10108508FERREIRAW_2025-01-25_G17,10108508FERREIRAW,2025-01-25,111348,1,1,0,454.0
10108508FERREIRAW_2025-01-25_G18,10108508FERREIRAW,2025-01-25,118094,1,6,0,261.0
10108508FERREIRAW_2025-01-26_G02,10108508FERREIRAW,2025-01-26,"118004, 140922, 117831, 110787, 109747, 117820",6,32,94,45.0
10108508FERREIRAW_2025-01-26_G03,10108508FERREIRAW,2025-01-26,111530,1,12,0,33.0
10108508FERREIRAW_2025-01-26_G04,10108508FERREIRAW,2025-01-26,111602,1,12,0,35.0
10108508FERREIRAW_2025-01-26_G05,10108508FERREIRAW,2025-01-26,110112,1,4,0,1329.0
10108508FERREIRAW_2025-01-27_G02,10108508FERREIRAW,2025-01-27,"108711, 111463, 117809, 118299, 117830",5,146,83,33.0
10108508FERREIRAW_2025-01-27_G03,10108508FERREIRAW,2025-01-27,110515,1,5,0,2037.0
10108508FERREIRAW_2025-01-27_G04,10108508FERREIRAW,2025-01-27,110515,1,12,0,156.0
10108508FERREIRAW_2025-01-27_G05,10108508FERREIRAW,2025-01-27,111602,1,8,0,339.0
10108508FERREIRAW_2025-01-27_G06,10108508FERREIRAW,2025-01-27,111530,1,4,0,222.0
10108508FERREIRAW_2025-01-27_G07,10108508FERREIRAW,2025-01-27,111602,1,1,0,31.0
10108508FERREIRAW_2025-01-27_G08,10108508FERREIRAW,2025-01-27,111569,1,6,0,1725.0
10108508FERREIRAW_2025-01-27_G09,10108508FERREIRAW,2025-01-27,"110711, 117862, 118140, 111418, 110787, 110373, 118299, 110372, 117820",10,49,150,44.0
10108508FERREIRAW_2025-01-27_G11,10108508FERREIRAW,2025-01-27,"117853, 110313, 110515, 110711, 141047",6,20,68,35.0
10108508FERREIRAW_2025-01-27_G13,10108508FERREIRAW,2025-01-27,111430,1,4,0,1693.0
10108508FERREIRAW_2025-01-27_G14,10108508FERREIRAW,2025-01-27,110747,1,3,0,217.0
10108508FERREIRAW_2025-01-27_G15,10108508FERREIRAW,2025-01-27,110339,1,2,0,95.0
10108508FERREIRAW_2025-01-27_G16,10108508FERREIRAW,2025-01-27,110752,1,4,0,892.0
10108508FERREIRAW_2025-01-27_G17,10108508FERREIRAW,2025-01-27,110515,1,2,0,100.0
10108508FERREIRAW_2025-01-27_G18,10108508FERREIRAW,2025-01-27,110711,1,2,0,97.0
10108508FERREIRAW_2025-01-27_G19,10108508FERREIRAW,2025-01-27,117808,1,4,0,161.0
10108508FERREIRAW_2025-01-27_G20,10108508FERREIRAW,2025-01-27,110372,1,2,0,113.0
10108508FERREIRAW_2025-01-27_G21,10108508FERREIRAW,2025-01-27,111433,1,4,0,200.0
10108508FERREIRAW_2025-01-27_G22,10108508FERREIRAW,2025-01-27,117831,1,1,0,50.0
10108508FERREIRAW_2025-01-27_G23,10108508FERREIRAW,2025-01-27,108711,1,4,0,133.0
10108508FERREIRAW_2025-01-27_G24,10108508FERREIRAW,2025-01-27,109643,1,9,0,109.0
10108508FERREIRAW_2025-01-28_G02,10108508FERREIRAW,2025-01-28,"111438, 111441, 109640, 111602, 117786, 118004, 117841, 117832, 118299",12,95,166,967.0
10108508FERREIRAW_2025-01-28_G03,10108508FERREIRAW,2025-01-28,"117833, 108798",2,12,25,1813.0
10108508FERREIRAW_2025-01-28_G04,10108508FERREIRAW,2025-01-28,"140922, 111602, 117785",5,29,90,87.0
10108508FERREIRAW_2025-01-28_G05,10108508FERREIRAW,2025-01-28,"110373, 118299",3,58,18,35.0
10108508FERREIRAW_2025-01-28_G06,10108508FERREIRAW,2025-01-28,"111438, 111602, 117786, 111462, 110371, 110373, 117832",7,43,94,1791.0
10108508FERREIRAW_2025-01-28_G07,10108508FERREIRAW,2025-01-28,111602,2,19,25,1183.0
10108508FERREIRAW_2025-01-28_G08,10108508FERREIRAW,2025-01-28,117861,1,2,0,36.0
10108508FERREIRAW_2025-01-28_G09,10108508FERREIRAW,2025-01-28,"120002, 110895, 111602, 118004, 117808",5,16,75,33.0
10108508FERREIRAW_2025-01-28_G11,10108508FERREIRAW,2025-01-28,111418,2,5,6,529.0
10108508FERREIRAW_2025-01-28_G12,10108508FERREIRAW,2025-01-28,110751,1,4,0,209.0
10108508FERREIRAW_2025-01-28_G13,10108508FERREIRAW,2025-01-28,110745,1,2,0,64.0
10108508FERREIRAW_2025-01-28_G14,10108508FERREIRAW,2025-01-28,"118222, 110580, 110515",3,7,38,44.0
10108508FERREIRAW_2025-01-28_G15,10108508FERREIRAW,2025-01-28,"110373, 117830",2,13,19,34.0
10108508FERREIRAW_2025-01-28_G16,10108508FERREIRAW,2025-01-28,117838,1,4,0,593.0
10108508FERREIRAW_2025-01-28_G17,10108508FERREIRAW,2025-01-28,140922,1,4,0,203.0
10108508FERREIRAW_2025-01-28_G18,10108508FERREIRAW,2025-01-28,118140,1,1,0,114.0
10108508FERREIRAW_2025-01-28_G19,10108508FERREIRAW,2025-01-28,117831,1,7,0,62.0
10108508FERREIRAW_2025-01-28_G20,10108508FERREIRAW,2025-01-28,110743,1,2,0,592.0
10108508FERREIRAW_2025-01-28_G21,10108508FERREIRAW,2025-01-28,111418,2,16,11,181.0
10108508FERREIRAW_2025-01-28_G22,10108508FERREIRAW,2025-01-28,110745,1,4,0,222.0
10108508FERREIRAW_2025-01-28_G23,10108508FERREIRAW,2025-01-28,110129,1,4,0,74.0
10108508FERREIRAW_2025-01-28_G24,10108508FERREIRAW,2025-01-28,118140,1,2,0,165.0
10108508FERREIRAW_2025-01-28_G25,10108508FERREIRAW,2025-01-28,111438,1,2,0,85.0
10108508FERREIRAW_2025-01-28_G26,10108508FERREIRAW,2025-01-28,111569,1,4,0,186.0
10108508FERREIRAW_2025-01-28_G27,10108508FERREIRAW,2025-01-28,117786,1,5,0,128.0
10108508FERREIRAW_2025-01-28_G28,10108508FERREIRAW,2025-01-28,"118004, 117785",2,7,19,126.0
10108508FERREIRAW_2025-01-28_G29,10108508FERREIRAW,2025-01-28,111465,1,1,0,33.0
10108508FERREIRAW_2025-01-28_G30,10108508FERREIRAW,2025-01-28,110371,1,4,0,110.0
10108508FERREIRAW_2025-01-28_G31,10108508FERREIRAW,2025-01-28,110373,1,2,0,235.0
10108508FERREIRAW_2025-01-28_G32,10108508FERREIRAW,2025-01-28,117832,1,6,0,252.0
10108508FERREIRAW_2025-01-28_G33,10108508FERREIRAW,2025-01-28,160053,1,6,0,396.0
10108508FERREIRAW_2025-01-28_G34,10108508FERREIRAW,2025-01-28,118299,1,23,0,222.0
10108508FERREIRAW_2025-01-28_G36,10108508FERREIRAW,2025-01-28,"109645, 118285",2,9,14,38.0
10108508FERREIRAW_2025-01-28_G37,10108508FERREIRAW,2025-01-28,"111776, 110833, 111779",3,6,33,39.0
10108508FERREIRAW_2025-01-28_G38,10108508FERREIRAW,2025-01-28,160057,1,1,0,233.0
10108508FERREIRAW_2025-01-28_G39,10108508FERREIRAW,2025-01-28,110834,1,2,0,488.0
10108508FERREIRAW_2025-01-29_G02,10108508FERREIRAW,2025-01-29,"117965, 111530, 117786, 141047",4,45,40,1019.0
10108508FERREIRAW_2025-01-29_G03,10108508FERREIRAW,2025-01-29,111743,1,6,0,47.0
10108508FERREIRAW_2025-01-29_G04,10108508FERREIRAW,2025-01-29,118317,1,9,0,517.0
10108508FERREIRAW_2025-01-29_G05,10108508FERREIRAW,2025-01-29,117831,1,10,0,226.0
10108508FERREIRAW_2025-01-29_G06,10108508FERREIRAW,2025-01-29,108711,1,7,0,220.0
10108508FERREIRAW_2025-01-29_G07,10108508FERREIRAW,2025-01-29,108711,1,20,0,463.0
10108508FERREIRAW_2025-01-29_G08,10108508FERREIRAW,2025-01-29,117821,1,15,0,295.0
10108508FERREIRAW_2025-01-29_G09,10108508FERREIRAW,2025-01-29,110371,1,100,0,173.0
10108508FERREIRAW_2025-01-29_G10,10108508FERREIRAW,2025-01-29,110371,1,80,0,39.0
10108508FERREIRAW_2025-01-29_G11,10108508FERREIRAW,2025-01-29,117808,1,53,0,639.0
10108508FERREIRAW_2025-01-29_G12,10108508FERREIRAW,2025-01-29,107830,1,1,0,99.0
10108508FERREIRAW_2025-01-29_G13,10108508FERREIRAW,2025-01-29,110325,1,14,0,105.0
10108508FERREIRAW_2025-01-29_G14,10108508FERREIRAW,2025-01-29,"111441, 111602",3,32,31,1268.0
10108508FERREIRAW_2025-01-29_G15,10108508FERREIRAW,2025-01-29,"111465, 117841",2,4,13,31.0
10108508FERREIRAW_2025-01-29_G17,10108508FERREIRAW,2025-01-29,110373,1,4,0,591.0
10108508FERREIRAW_2025-01-29_G18,10108508FERREIRAW,2025-01-29,118299,1,190,0,581.0
10108508FERREIRAW_2025-01-29_G19,10108508FERREIRAW,2025-01-29,"111438, 111441",4,22,35,140.0
10108508FERREIRAW_2025-01-29_G20,10108508FERREIRAW,2025-01-29,109640,1,1,0,35.0
10108508FERREIRAW_2025-01-29_G21,10108508FERREIRAW,2025-01-29,"110373, 110371, 118299",3,18,46,813.0
10108508FERREIRAW_2025-01-29_G22,10108508FERREIRAW,2025-01-29,111469,1,4,0,528.0
10108508FERREIRAW_2025-01-29_G23,10108508FERREIRAW,2025-01-29,118222,1,28,0,1251.0
10108508FERREIRAW_2025-01-29_G24,10108508FERREIRAW,2025-01-29,118283,1,12,0,36.0
10108508FERREIRAW_2025-01-29_G25,10108508FERREIRAW,2025-01-29,111602,1,24,0,77.0
10108508FERREIRAW_2025-01-29_G26,10108508FERREIRAW,2025-01-29,117935,1,2,0,482.0
10108508FERREIRAW_2025-01-29_G27,10108508FERREIRAW,2025-01-29,110515,2,78,11,88.0
10108508FERREIRAW_2025-01-29_G28,10108508FERREIRAW,2025-01-29,111442,1,12,0,744.0
10108508FERREIRAW_2025-01-29_G29,10108508FERREIRAW,2025-01-29,110745,1,10,0,237.0
10108508FERREIRAW_2025-01-29_G30,10108508FERREIRAW,2025-01-29,117808,1,867,0,1121.0
10108508FERREIRAW_2025-01-29_G31,10108508FERREIRAW,2025-01-29,118299,1,134,0,343.0
10108508FERREIRAW_2025-01-29_G32,10108508FERREIRAW,2025-01-29,110373,1,300,0,647.0
10108508FERREIRAW_2025-01-29_G33,10108508FERREIRAW,2025-01-29,111418,1,137,0,301.0
10108508FERREIRAW_2025-01-29_G34,10108508FERREIRAW,2025-01-29,"111465, 111466",2,77,24,268.0
10108508FERREIRAW_2025-01-29_G35,10108508FERREIRAW,2025-01-29,111532,1,31,0,311.0
10108508FERREIRAW_2025-01-29_G37,10108508FERREIRAW,2025-01-29,"110339, 117853, 110756, 110313",4,56,52,787.0
10108508FERREIRAW_2025-01-29_G38,10108508FERREIRAW,2025-01-29,"110752, 118094, 108961, 111876, 105470, 109647, 105242",7,121,87,34.0
10108508FERREIRAW_2025-01-29_G39,10108508FERREIRAW,2025-01-29,110711,1,76,0,67.0
10108508FERREIRAW_2025-01-29_G40,10108508FERREIRAW,2025-01-29,110515,1,42,0,307.0
10108508FERREIRAW_2025-01-29_G41,10108508FERREIRAW,2025-01-29,117838,1,8,0,1442.0
10108508FERREIRAW_2025-01-30_G02,10108508FERREIRAW,2025-01-30,110081,1,2,0,70.0
10108508FERREIRAW_2025-01-30_G03,10108508FERREIRAW,2025-01-30,110742,1,8,0,255.0
10108508FERREIRAW_2025-01-30_G04,10108508FERREIRAW,2025-01-30,111354,1,3,0,216.0
10108508FERREIRAW_2025-01-30_G05,10108508FERREIRAW,2025-01-30,109933,1,3,0,234.0
10108508FERREIRAW_2025-01-30_G06,10108508FERREIRAW,2025-01-30,111442,1,8,0,908.0
10108508FERREIRAW_2025-01-30_G07,10108508FERREIRAW,2025-01-30,111468,1,33,0,398.0
10108508FERREIRAW_2025-01-30_G08,10108508FERREIRAW,2025-01-30,111433,1,4,0,449.0
10108508FERREIRAW_2025-01-30_G09,10108508FERREIRAW,2025-01-30,118140,1,38,0,177.0
10108508FERREIRAW_2025-01-30_G10,10108508FERREIRAW,2025-01-30,111466,1,6,0,140.0
10108508FERREIRAW_2025-01-30_G11,10108508FERREIRAW,2025-01-30,110787,1,48,0,64.0
10108508FERREIRAW_2025-01-30_G12,10108508FERREIRAW,2025-01-30,109645,1,14,0,617.0
10108508FERREIRAW_2025-01-30_G13,10108508FERREIRAW,2025-01-30,110751,1,10,0,180.0
10108508FERREIRAW_2025-01-30_G14,10108508FERREIRAW,2025-01-30,110751,1,18,0,178.0
10108508FERREIRAW_2025-01-30_G15,10108508FERREIRAW,2025-01-30,111430,1,16,0,421.0
10108508FERREIRAW_2025-01-30_G16,10108508FERREIRAW,2025-01-30,111441,1,4,0,91.0
10108508FERREIRAW_2025-01-30_G17,10108508FERREIRAW,2025-01-30,114097,1,4,0,350.0
10108508FERREIRAW_2025-01-30_G18,10108508FERREIRAW,2025-01-30,110747,1,7,0,147.0
10108508FERREIRAW_2025-01-30_G19,10108508FERREIRAW,2025-01-30,105272,1,1,0,102.0
10108508FERREIRAW_2025-01-30_G20,10108508FERREIRAW,2025-01-30,116527,1,4,0,150.0
10108508FERREIRAW_2025-01-30_G21,10108508FERREIRAW,2025-01-30,105324,1,4,0,277.0
10108508FERREIRAW_2025-01-30_G22,10108508FERREIRAW,2025-01-30,110448,1,4,0,207.0
10108508FERREIRAW_2025-01-30_G23,10108508FERREIRAW,2025-01-30,109937,1,8,0,239.0
10108508FERREIRAW_2025-01-30_G24,10108508FERREIRAW,2025-01-30,117833,1,120,0,119.0
10108508FERREIRAW_2025-01-30_G25,10108508FERREIRAW,2025-01-30,110743,1,4,0,287.0
10108508FERREIRAW_2025-01-30_G26,10108508FERREIRAW,2025-01-30,117821,1,8,0,81.0
10108508FERREIRAW_2025-01-30_G27,10108508FERREIRAW,2025-01-30,"111469, 111463, 110332",3,53,52,720.0
10108508FERREIRAW_2025-01-30_G28,10108508FERREIRAW,2025-01-30,107236,1,22,0,71.0
10108508FERREIRAW_2025-01-30_G29,10108508FERREIRAW,2025-01-30,105705,1,91,0,585.0
10108508FERREIRAW_2025-01-30_G31,10108508FERREIRAW,2025-01-30,117833,1,8,0,719.0
10108508FERREIRAW_2025-01-30_G32,10108508FERREIRAW,2025-01-30,111462,1,10,0,2018.0
10108508FERREIRAW_2025-01-30_G33,10108508FERREIRAW,2025-01-30,111466,2,40,21,511.0
10108508FERREIRAW_2025-01-30_G34,10108508FERREIRAW,2025-01-30,111418,1,20,0,375.0
10108508FERREIRAW_2025-01-30_G35,10108508FERREIRAW,2025-01-30,117785,1,10,0,118.0
10108508FERREIRAW_2025-01-30_G36,10108508FERREIRAW,2025-01-30,111602,1,6,0,2468.0
10108508FERREIRAW_2025-01-30_G37,10108508FERREIRAW,2025-01-30,118094,1,9,0,189.0
10108508FERREIRAW_2025-01-30_G38,10108508FERREIRAW,2025-01-30,111532,1,19,0,217.0
10108508FERREIRAW_2025-01-30_G39,10108508FERREIRAW,2025-01-30,111532,1,30,0,45.0
10108508FERREIRAW_2025-01-30_G40,10108508FERREIRAW,2025-01-30,110515,1,30,0,463.0
10108508FERREIRAW_2025-01-30_G41,10108508FERREIRAW,2025-01-30,118094,1,4,0,152.0
10108508FERREIRAW_2025-01-30_G42,10108508FERREIRAW,2025-01-30,111182,1,6,0,139.0
10108508FERREIRAW_2025-01-30_G43,10108508FERREIRAW,2025-01-30,111532,1,40,0,206.0
10108508FERREIRAW_2025-01-30_G45,10108508FERREIRAW,2025-01-30,"111739, 111759",2,6,17,57.0
10108508FERREIRAW_2025-01-30_G46,10108508FERREIRAW,2025-01-30,118191,1,8,0,1405.0
10108508FERREIRAW_2025-01-30_G47,10108508FERREIRAW,2025-01-30,118191,1,4,0,389.0
10108508FERREIRAW_2025-01-30_G48,10108508FERREIRAW,2025-01-30,110895,2,26,8,1130.0
10108508FERREIRAW_2025-01-30_G49,10108508FERREIRAW,2025-01-30,111660,1,48,0,192.0
10108508FERREIRAW_2025-01-30_G50,10108508FERREIRAW,2025-01-30,111602,2,60,9,70.0
10108508FERREIRAW_2025-01-31_G02,10108508FERREIRAW,2025-01-31,"118004, 111466, 111743, 111465",6,46,66,1483.0
10108508FERREIRAW_2025-01-31_G03,10108508FERREIRAW,2025-01-31,"117841, 117821",2,7,15,821.0
10108508FERREIRAW_2025-01-31_G04,10108508FERREIRAW,2025-01-31,111463,1,186,0,653.0
10108508FERREIRAW_2025-01-31_G05,10108508FERREIRAW,2025-01-31,111462,1,80,0,990.0
10108508FERREIRAW_2025-01-31_G06,10108508FERREIRAW,2025-01-31,"111532, 109747, 110325",3,138,39,328.0
10108508FERREIRAW_2025-01-31_G07,10108508FERREIRAW,2025-01-31,110373,2,157,6,1007.0
10108508FERREIRAW_2025-01-31_G08,10108508FERREIRAW,2025-01-31,110373,1,100,0,89.0
10108508FERREIRAW_2025-01-31_G09,10108508FERREIRAW,2025-01-31,117832,1,16,0,91.0
10108508FERREIRAW_2025-01-31_G11,10108508FERREIRAW,2025-01-31,111468,1,4,0,991.0
10108508FERREIRAW_2025-01-31_G12,10108508FERREIRAW,2025-01-31,111418,1,5,0,252.0
10108508FERREIRAW_2025-01-31_G13,10108508FERREIRAW,2025-01-31,110751,1,3,0,75.0
10108508FERREIRAW_2025-01-31_G14,10108508FERREIRAW,2025-01-31,108711,1,8,0,167.0
10108508FERREIRAW_2025-01-31_G15,10108508FERREIRAW,2025-01-31,105705,1,4,0,443.0
10108508FERREIRAW_2025-01-31_G16,10108508FERREIRAW,2025-01-31,111469,1,3,0,62.0
10108508FERREIRAW_2025-01-31_G17,10108508FERREIRAW,2025-01-31,"110756, 111530, 110711",4,10,35,485.0
10108508FERREIRAW_2025-01-31_G18,10108508FERREIRAW,2025-01-31,"107830, 108794, 111466, 117838, 117841",5,31,77,40.0
10108508FERREIRAW_2025-01-31_G19,10108508FERREIRAW,2025-01-31,111445,1,4,0,2228.0
10108508FERREIRAW_2025-01-31_G20,10108508FERREIRAW,2025-01-31,"110753, 109640, 110372",3,13,34,53.0
10108508FERREIRAW_2025-01-31_G21,10108508FERREIRAW,2025-01-31,"111532, 109641, 111743, 111418, 110751, 110745, 108798",7,46,61,40.0
10108508FERREIRAW_2025-01-31_G22,10108508FERREIRAW,2025-01-31,"111348, 110743, 111462",3,26,20,72.0
10108508FERREIRAW_2025-01-31_G23,10108508FERREIRAW,2025-01-31,111743,1,4,0,2600.0
10108508FERREIRAW_2025-01-31_G24,10108508FERREIRAW,2025-01-31,117838,1,3,0,64.0
10108508FERREIRAW_2025-01-31_G25,10108508FERREIRAW,2025-01-31,111348,1,4,0,279.0
10108508FERREIRAW_2025-01-31_G26,10108508FERREIRAW,2025-01-31,110372,1,6,0,120.0
10108508FERREIRAW_2025-01-31_G28,10108508FERREIRAW,2025-01-31,110371,1,678,0,2354.0
10108508FERREIRAW_2025-01-31_G29,10108508FERREIRAW,2025-01-31,"111466, 111743, 111443",3,212,34,588.0
10108508FERREIRAW_2025-01-31_G30,10108508FERREIRAW,2025-01-31,118222,1,8,0,446.0
10108508FERREIRAW_2025-02-04_G02,10108508FERREIRAW,2025-02-04,"107236, 111743, 117787",3,165,39,613.0
10108508FERREIRAW_2025-02-04_G03,10108508FERREIRAW,2025-02-04,109747,1,115,0,609.0
10108508FERREIRAW_2025-02-04_G04,10108508FERREIRAW,2025-02-04,110371,1,52,0,1439.0
10108508FERREIRAW_2025-02-27_G02,10108508FERREIRAW,2025-02-27,110372,1,20,0,369.0
10108508FERREIRAW_2025-02-27_G03,10108508FERREIRAW,2025-02-27,114091,1,2,0,187.0
10108508FERREIRAW_2025-02-27_G04,10108508FERREIRAW,2025-02-27,118281,1,2,0,102.0
10108508FERREIRAW_2025-02-27_G05,10108508FERREIRAW,2025-02-27,"118317, 111727, 117855, 111348, 111463, 108794",7,64,134,647.0
10108508FERREIRAW_2025-02-27_G06,10108508FERREIRAW,2025-02-27,117855,1,20,0,1332.0
10108508FERREIRAW_2025-02-28_G02,10108508FERREIRAW,2025-02-28,"118306, 109640, 117855",3,6,32,610.0
10108508FERREIRAW_2025-02-28_G03,10108508FERREIRAW,2025-02-28,109641,1,2,0,391.0
10108508FERREIRAW_2025-02-28_G04,10108508FERREIRAW,2025-02-28,111418,1,2,0,147.0
10108508FERREIRAW_2025-02-28_G05,10108508FERREIRAW,2025-02-28,118140,1,6,0,127.0
10108508FERREIRAW_2025-02-28_G06,10108508FERREIRAW,2025-02-28,108794,1,2,0,41.0
10108508FERREIRAW_2025-02-28_G07,10108508FERREIRAW,2025-02-28,111469,1,2,0,76.0
10108508FERREIRAW_2025-02-28_G08,10108508FERREIRAW,2025-02-28,118299,1,4,0,195.0
10108508FERREIRAW_2025-02-28_G09,10108508FERREIRAW,2025-02-28,108794,1,3,0,315.0
10108508FERREIRAW_2025-02-28_G10,10108508FERREIRAW,2025-02-28,"117820, 117808, 117809",3,39,45,355.0
10108508FERREIRAW_2025-02-28_G11,10108508FERREIRAW,2025-02-28,"117831, 118299, 110375, 117820",4,68,63,40.0
10108508FERREIRAW_2025-02-28_G12,10108508FERREIRAW,2025-02-28,117855,1,10,0,1798.0
10108508FERREIRAW_2025-02-28_G13,10108508FERREIRAW,2025-02-28,109647,1,4,0,208.0
10108508FERREIRAW_2025-02-28_G14,10108508FERREIRAW,2025-02-28,108794,1,10,0,217.0
10108508FERREIRAW_2025-02-28_G15,10108508FERREIRAW,2025-02-28,111463,1,30,0,303.0
10108508FERREIRAW_2025-02-28_G16,10108508FERREIRAW,2025-02-28,118317,1,4,0,64.0
10108508FERREIRAW_2025-02-28_G17,10108508FERREIRAW,2025-02-28,"118299, 117840, 117808, 111876",5,1324,53,1081.0
10108508FERREIRAW_2025-02-28_G19,10108508FERREIRAW,2025-02-28,"117856, 117935, 117833, 111463",4,10,56,53.0
10108508FERREIRAW_2025-02-28_G20,10108508FERREIRAW,2025-02-28,"117856, 117935, 117833",3,12,42,739.0
10108508FERREIRAW_2025-02-28_G21,10108508FERREIRAW,2025-02-28,117856,1,8,0,50.0
10108508FERREIRAW_2025-02-28_G22,10108508FERREIRAW,2025-02-28,117935,1,4,0,31.0
10108508FERREIRAW_2025-02-28_G23,10108508FERREIRAW,2025-02-28,"108772, 117856",2,6,17,34.0
10108508FERREIRAW_2025-02-28_G24,10108508FERREIRAW,2025-02-28,117856,2,14,6,1337.0
10108508FERREIRAW_2025-02-28_G25,10108508FERREIRAW,2025-02-28,117935,2,6,7,803.0
10108508FERREIRAW_2025-02-28_G26,10108508FERREIRAW,2025-02-28,117833,1,7,0,473.0
10108508FERREIRAW_2025-02-28_G27,10108508FERREIRAW,2025-02-28,"117856, 117935",3,15,39,79.0
10108508FERREIRAW_2025-02-28_G28,10108508FERREIRAW,2025-02-28,117833,1,14,0,796.0
10108508FERREIRAW_2025-02-28_G29,10108508FERREIRAW,2025-02-28,111463,1,15,0,349.0
10108508FERREIRAW_2025-02-28_G30,10108508FERREIRAW,2025-02-28,"117833, 111463",2,10,27,161.0
10108508FERREIRAW_2025-02-28_G31,10108508FERREIRAW,2025-02-28,111466,1,4,0,162.0
10108508FERREIRAW_2025-02-28_G33,10108508FERREIRAW,2025-02-28,"111443, 117833",4,92,27,778.0
10108508FERREIRAW_2025-02-28_G34,10108508FERREIRAW,2025-02-28,"116241, 110332",3,3,12,232.0
10108508FERREIRAW_2025-02-28_G35,10108508FERREIRAW,2025-02-28,111442,2,2,5,109.0
10108508FERREIRAW_2025-02-28_G36,10108508FERREIRAW,2025-02-28,110747,2,14,4,267.0
10108508FERREIRAW_2025-02-28_G37,10108508FERREIRAW,2025-02-28,107892,3,8,18,171.0
10108508FERREIRAW_2025-02-28_G39,10108508FERREIRAW,2025-02-28,108798,1,12,0,230.0
10108508FERREIRAW_2025-02-28_G40,10108508FERREIRAW,2025-02-28,110129,1,8,0,182.0
10108508FERREIRAW_2025-02-28_G41,10108508FERREIRAW,2025-02-28,111463,1,150,0,97.0
10108508FERREIRAW_2025-02-28_G42,10108508FERREIRAW,2025-02-28,118140,2,80,15,813.0
10108508FERREIRAW_2025-02-28_G43,10108508FERREIRAW,2025-02-28,108794,1,24,0,54.0
10108508FERREIRAW_2025-02-28_G44,10108508FERREIRAW,2025-02-28,"117821, 111466",5,130,54,289.0
10108508FERREIRAW_2025-04-29_G02,10108508FERREIRAW,2025-04-29,122703,1,2,0,36.0
10108508FERREIRAW_2025-04-29_G03,10108508FERREIRAW,2025-04-29,123344,1,20,0,630.0
10108508FERREIRAW_2025-04-29_G04,10108508FERREIRAW,2025-04-29,124477,1,6,0,266.0
10108508FERREIRAW_2025-04-29_G05,10108508FERREIRAW,2025-04-29,124370,1,10,0,342.0
10108508FERREIRAW_2025-04-30_G02,10108508FERREIRAW,2025-04-30,120339,1,57,0,1928.0
10108508FERREIRAW_2025-04-30_G03,10108508FERREIRAW,2025-04-30,124371,1,14,0,337.0
10108508FERREIRAW_2025-04-30_G04,10108508FERREIRAW,2025-04-30,"109933, 117789, 117853",3,44,37,1285.0
10108508FERREIRAW_2025-04-30_G05,10108508FERREIRAW,2025-04-30,108711,1,41,0,37.0
10108508FERREIRAW_2025-04-30_G06,10108508FERREIRAW,2025-04-30,114092,1,2,0,539.0
10108508FERREIRAW_2025-04-30_G07,10108508FERREIRAW,2025-04-30,114099,1,2,0,135.0
10108508FERREIRAW_2025-04-30_G08,10108508FERREIRAW,2025-04-30,117808,1,823,0,2225.0
10108508FERREIRAW_2025-04-30_G09,10108508FERREIRAW,2025-04-30,118299,1,200,0,725.0
10108508FERREIRAW_2025-04-30_G11,10108508FERREIRAW,2025-04-30,110753,1,4,0,656.0
10108508FERREIRAW_2025-04-30_G12,10108508FERREIRAW,2025-04-30,111530,1,11,0,249.0
10108508FERREIRAW_2025-04-30_G13,10108508FERREIRAW,2025-04-30,108711,1,1,0,122.0
10108508FERREIRAW_2025-04-30_G14,10108508FERREIRAW,2025-04-30,111442,1,5,0,239.0
10108508FERREIRAW_2025-04-30_G15,10108508FERREIRAW,2025-04-30,110740,1,3,0,184.0
10108508FERREIRAW_2025-04-30_G16,10108508FERREIRAW,2025-04-30,107236,1,14,0,381.0
10108508FERREIRAW_2025-04-30_G17,10108508FERREIRAW,2025-04-30,107236,1,50,0,165.0
10108508FERREIRAW_2025-04-30_G18,10108508FERREIRAW,2025-04-30,110129,1,12,0,660.0
10108508FERREIRAW_2025-04-30_G19,10108508FERREIRAW,2025-04-30,109640,2,24,8,38.0
10108508FERREIRAW_2025-04-30_G20,10108508FERREIRAW,2025-04-30,111442,1,45,0,1057.0
10108508FERREIRAW_2025-04-30_G21,10108508FERREIRAW,2025-04-30,110372,1,550,0,1004.0
10108508FERREIRAW_2025-04-30_G22,10108508FERREIRAW,2025-04-30,110371,1,240,0,1055.0
10108508FERREIRAW_2025-06-27_G02,10108508FERREIRAW,2025-06-27,117785,1,4,0,41.0
10108508FERREIRAW_2025-06-27_G03,10108508FERREIRAW,2025-06-27,110751,1,8,0,928.0
10108508FERREIRAW_2025-06-27_G04,10108508FERREIRAW,2025-06-27,105705,1,3,0,75.0
10108508FERREIRAW_2025-06-27_G05,10108508FERREIRAW,2025-06-27,108794,1,16,0,105.0
10108508FERREIRAW_2025-06-27_G06,10108508FERREIRAW,2025-06-27,111463,1,6,0,53.0
10108508FERREIRAW_2025-06-27_G07,10108508FERREIRAW,2025-06-27,117838,1,2,0,190.0
10108508FERREIRAW_2025-06-27_G08,10108508FERREIRAW,2025-06-27,110745,1,12,0,157.0
10108508FERREIRAW_2025-06-27_G09,10108508FERREIRAW,2025-06-27,111466,1,8,0,152.0
10108508FERREIRAW_2025-06-27_G10,10108508FERREIRAW,2025-06-27,117833,1,1,0,116.0
10108508FERREIRAW_2025-06-27_G11,10108508FERREIRAW,2025-06-27,111431,1,1,0,63.0
10108508FERREIRAW_2025-06-27_G12,10108508FERREIRAW,2025-06-27,111462,1,25,0,577.0
10108508FERREIRAW_2025-06-27_G13,10108508FERREIRAW,2025-06-27,110787,1,5,0,95.0
10108508FERREIRAW_2025-06-27_G14,10108508FERREIRAW,2025-06-27,109645,1,6,0,92.0
10108508FERREIRAW_2025-06-27_G15,10108508FERREIRAW,2025-06-27,117787,1,12,0,373.0
10108508FERREIRAW_2025-06-27_G16,10108508FERREIRAW,2025-06-27,111433,1,8,0,139.0
10108508FERREIRAW_2025-06-27_G17,10108508FERREIRAW,2025-06-27,"111418, 111442",2,19,20,88.0
10108508FERREIRAW_2025-06-27_G18,10108508FERREIRAW,2025-06-27,118140,1,13,0,324.0
10108508FERREIRAW_2025-06-27_G19,10108508FERREIRAW,2025-06-27,111465,1,12,0,140.0
10108508FERREIRAW_2025-06-27_G20,10108508FERREIRAW,2025-06-27,110372,1,25,0,95.0
10108508FERREIRAW_2025-06-27_G21,10108508FERREIRAW,2025-06-27,117822,1,4,0,46.0
10108508FERREIRAW_2025-06-27_G22,10108508FERREIRAW,2025-06-27,109643,1,1,0,143.0
10108508FERREIRAW_2025-06-27_G23,10108508FERREIRAW,2025-06-27,107830,1,8,0,127.0
10108508FERREIRAW_2025-06-27_G24,10108508FERREIRAW,2025-06-27,110376,1,5,0,100.0
10108508FERREIRAW_2025-06-27_G25,10108508FERREIRAW,2025-06-27,117832,1,16,0,127.0
10108508FERREIRAW_2025-06-27_G26,10108508FERREIRAW,2025-06-27,"110371, 118299",2,44,30,216.0
10108508FERREIRAW_2025-06-27_G27,10108508FERREIRAW,2025-06-27,110373,1,29,0,323.0
10108508FERREIRAW_2025-06-27_G28,10108508FERREIRAW,2025-06-27,118280,1,20,0,1873.0
10108508FERREIRAW_2025-06-27_G29,10108508FERREIRAW,2025-06-27,118281,1,120,0,344.0
10108508FERREIRAW_2025-06-27_G30,10108508FERREIRAW,2025-06-27,118285,1,10,0,225.0
10108508FERREIRAW_2025-06-27_G31,10108508FERREIRAW,2025-06-27,118326,1,40,0,680.0
10108508FERREIRAW_2025-06-27_G32,10108508FERREIRAW,2025-06-27,"110742, 110747, 100334, 110711, 111466, 110740",6,20,88,756.0
10108508FERREIRAW_2025-06-27_G33,10108508FERREIRAW,2025-06-27,110325,1,3,0,395.0
10108508FERREIRAW_2025-06-27_G34,10108508FERREIRAW,2025-06-27,110373,1,8,0,387.0
10108508FERREIRAW_2025-06-28_G02,10108508FERREIRAW,2025-06-28,110755,1,1,0,125.0
10108508FERREIRAW_2025-06-28_G03,10108508FERREIRAW,2025-06-28,110740,1,2,0,65.0
10108508FERREIRAW_2025-06-28_G04,10108508FERREIRAW,2025-06-28,111569,1,10,0,294.0
10108508FERREIRAW_2025-06-28_G05,10108508FERREIRAW,2025-06-28,111441,1,8,0,208.0
10108508FERREIRAW_2025-06-28_G06,10108508FERREIRAW,2025-06-28,111438,1,11,0,172.0
10108508FERREIRAW_2025-06-28_G07,10108508FERREIRAW,2025-06-28,111469,1,11,0,211.0
10108508FERREIRAW_2025-06-28_G08,10108508FERREIRAW,2025-06-28,111532,1,10,0,166.0
10108508FERREIRAW_2025-06-28_G09,10108508FERREIRAW,2025-06-28,117808,1,1,0,141.0
10108508FERREIRAW_2025-06-28_G10,10108508FERREIRAW,2025-06-28,110325,1,10,0,666.0
10108508FERREIRAW_2025-06-28_G11,10108508FERREIRAW,2025-06-28,117808,1,894,0,360.0
10108508FERREIRAW_2025-06-28_G12,10108508FERREIRAW,2025-06-28,117808,1,100,0,770.0
10108508FERREIRAW_2025-06-28_G13,10108508FERREIRAW,2025-06-28,109643,1,10,0,1433.0
10108508FERREIRAW_2025-06-28_G14,10108508FERREIRAW,2025-06-28,110376,1,10,0,283.0
10108508FERREIRAW_2025-06-28_G15,10108508FERREIRAW,2025-06-28,117832,1,16,0,1188.0
10108508FERREIRAW_2025-06-28_G16,10108508FERREIRAW,2025-06-28,"117809, 110371",2,54,23,151.0
10108508FERREIRAW_2025-07-30_G02,10108508FERREIRAW,2025-07-30,110743,1,100,0,950.0
10108508FERREIRAW_2025-07-30_G03,10108508FERREIRAW,2025-07-30,111740,1,200,0,331.0
10108508FERREIRAW_2025-07-30_G04,10108508FERREIRAW,2025-07-30,118191,1,800,0,910.0
10108508FERREIRAW_2025-07-30_G05,10108508FERREIRAW,2025-07-30,107830,1,200,0,553.0
10108508FERREIRAW_2025-07-30_G06,10108508FERREIRAW,2025-07-30,110733,1,2,0,1209.0
10108508FERREIRAW_2025-07-30_G07,10108508FERREIRAW,2025-07-30,"110313, 109640, 110733",3,37,33,53.0
10108508FERREIRAW_2025-07-30_G08,10108508FERREIRAW,2025-07-30,141456,1,8,0,109.0
10108508FERREIRAW_2025-07-30_G09,10108508FERREIRAW,2025-07-30,"117820, 110372, 111598",3,46,39,196.0
10108508FERREIRAW_2025-07-30_G10,10108508FERREIRAW,2025-07-30,"110787, 110733, 111530, 111532, 110372",9,37,190,1479.0
10108508FERREIRAW_2025-07-30_G11,10108508FERREIRAW,2025-07-30,111602,1,24,0,472.0
10108508FERREIRAW_2025-07-30_G12,10108508FERREIRAW,2025-07-30,141457,1,12,0,1154.0
10108508FERREIRAW_2025-07-30_G13,10108508FERREIRAW,2025-07-30,141458,1,12,0,95.0
10108508FERREIRAW_2025-07-30_G14,10108508FERREIRAW,2025-07-30,141456,1,12,0,112.0
10108508FERREIRAW_2025-07-31_G02,10108508FERREIRAW,2025-07-31,117862,1,10,0,1574.0
10108508FERREIRAW_2025-07-31_G03,10108508FERREIRAW,2025-07-31,111530,1,10,0,230.0
10108508FERREIRAW_2025-07-31_G04,10108508FERREIRAW,2025-07-31,117853,1,4,0,38.0
10108508FERREIRAW_2025-07-31_G05,10108508FERREIRAW,2025-07-31,109647,1,6,0,146.0
10108508FERREIRAW_2025-07-31_G06,10108508FERREIRAW,2025-07-31,111602,1,10,0,149.0
10108508FERREIRAW_2025-07-31_G07,10108508FERREIRAW,2025-07-31,110515,1,20,0,40.0
10108508FERREIRAW_2025-07-31_G08,10108508FERREIRAW,2025-07-31,105705,1,6,0,165.0
10108508FERREIRAW_2025-07-31_G09,10108508FERREIRAW,2025-07-31,111466,1,20,0,682.0
10108508FERREIRAW_2025-07-31_G10,10108508FERREIRAW,2025-07-31,117838,1,2,0,177.0
10108508FERREIRAW_2025-07-31_G11,10108508FERREIRAW,2025-07-31,117821,1,10,0,135.0
10108508FERREIRAW_2025-07-31_G12,10108508FERREIRAW,2025-07-31,"109641, 109645",2,12,25,196.0
10108508FERREIRAW_2025-07-31_G13,10108508FERREIRAW,2025-07-31,110745,1,10,0,334.0
10108508FERREIRAW_2025-07-31_G14,10108508FERREIRAW,2025-07-31,110740,1,8,0,179.0
10108508FERREIRAW_2025-07-31_G15,10108508FERREIRAW,2025-07-31,141457,1,20,0,148.0
10108508FERREIRAW_2025-07-31_G16,10108508FERREIRAW,2025-07-31,111465,1,10,0,141.0
10108508FERREIRAW_2025-07-31_G17,10108508FERREIRAW,2025-07-31,"110895, 111530, 109640, 110515, 110753",5,11,80,850.0
10108508FERREIRAW_2025-07-31_G18,10108508FERREIRAW,2025-07-31,109643,1,4,0,546.0
10108508FERREIRAW_2025-07-31_G19,10108508FERREIRAW,2025-07-31,117809,1,2,0,106.0
10108508FERREIRAW_2025-07-31_G20,10108508FERREIRAW,2025-07-31,110373,1,4,0,336.0
10108508FERREIRAW_2025-07-31_G21,10108508FERREIRAW,2025-07-31,117820,1,4,0,37.0
10108508FERREIRAW_2025-07-31_G22,10108508FERREIRAW,2025-07-31,141202,1,2,0,91.0
10108508FERREIRAW_2025-07-31_G23,10108508FERREIRAW,2025-07-31,105705,1,2,0,288.0
10108508FERREIRAW_2025-07-31_G24,10108508FERREIRAW,2025-07-31,117831,1,4,0,121.0
10108508FERREIRAW_2025-07-31_G25,10108508FERREIRAW,2025-07-31,140922,1,3,0,93.0
10108508FERREIRAW_2025-07-31_G26,10108508FERREIRAW,2025-07-31,111418,1,4,0,72.0
10108508FERREIRAW_2025-07-31_G27,10108508FERREIRAW,2025-07-31,111532,1,2,0,73.0
10108508FERREIRAW_2025-07-31_G28,10108508FERREIRAW,2025-07-31,108794,1,2,0,203.0
10108508FERREIRAW_2025-07-31_G29,10108508FERREIRAW,2025-07-31,141823,1,3,0,92.0
10108508FERREIRAW_2025-07-31_G30,10108508FERREIRAW,2025-07-31,110740,1,2,0,106.0
10108508FERREIRAW_2025-07-31_G31,10108508FERREIRAW,2025-07-31,"111465, 110733",2,5,29,140.0
10108508FERREIRAW_2025-09-07_G02,10108508FERREIRAW,2025-09-07,"110313, 117856, 117855, 118094, 110515",5,20,68,34.0
10108508FERREIRAW_2025-09-07_G03,10108508FERREIRAW,2025-09-07,118140,1,7,0,1173.0
10108508FERREIRAW_2025-09-07_G04,10108508FERREIRAW,2025-09-07,140922,1,2,0,113.0
10108508FERREIRAW_2025-09-07_G05,10108508FERREIRAW,2025-09-07,117787,1,4,0,159.0
10108508FERREIRAW_2025-09-07_G06,10108508FERREIRAW,2025-09-07,141456,1,27,0,394.0
10108508FERREIRAW_2025-09-07_G07,10108508FERREIRAW,2025-09-07,117832,2,12,7,287.0
10108508FERREIRAW_2025-09-07_G08,10108508FERREIRAW,2025-09-07,118299,1,190,0,746.0
10108508FERREIRAW_2025-09-07_G09,10108508FERREIRAW,2025-09-07,117830,1,22,0,135.0
10108508FERREIRAW_2025-09-07_G10,10108508FERREIRAW,2025-09-07,117809,1,20,0,561.0
10108508FERREIRAW_2025-09-07_G11,10108508FERREIRAW,2025-09-07,141457,1,20,0,307.0
10108508FERREIRAW_2025-09-07_G12,10108508FERREIRAW,2025-09-07,111418,1,30,0,38.0
10108508FERREIRAW_2025-09-07_G13,10108508FERREIRAW,2025-09-07,111469,1,30,0,522.0
10108508FERREIRAW_2025-09-07_G14,10108508FERREIRAW,2025-09-07,111462,1,12,0,301.0
10108508FERREIRAW_2025-09-07_G15,10108508FERREIRAW,2025-09-07,117833,1,23,0,117.0
10108508FERREIRAW_2025-09-07_G16,10108508FERREIRAW,2025-09-07,117831,1,20,0,142.0
10108508FERREIRAW_2025-09-07_G17,10108508FERREIRAW,2025-09-07,117820,1,80,0,525.0
10108508FERREIRAW_2025-09-07_G18,10108508FERREIRAW,2025-09-07,111468,1,12,0,276.0
10108508FERREIRAW_2025-09-07_G19,10108508FERREIRAW,2025-09-07,141458,1,29,0,371.0
10108508FERREIRAW_2025-09-07_G20,10108508FERREIRAW,2025-09-07,110740,1,12,0,125.0
10108508FERREIRAW_2025-09-07_G21,10108508FERREIRAW,2025-09-07,117785,1,40,0,372.0
10108508FERREIRAW_2025-09-07_G22,10108508FERREIRAW,2025-09-07,111463,1,30,0,397.0
10108508FERREIRAW_2025-09-07_G23,10108508FERREIRAW,2025-09-07,117808,1,190,0,519.0
10108508FERREIRAW_2025-09-07_G24,10108508FERREIRAW,2025-09-07,110745,2,3,6,103.0
10108508FERREIRAW_2025-09-11_G02,10108508FERREIRAW,2025-09-11,109495,1,1,0,1635.0
10108508FERREIRAW_2025-09-11_G03,10108508FERREIRAW,2025-09-11,140911,1,8,0,395.0
10108508FERREIRAW_2025-09-11_G04,10108508FERREIRAW,2025-09-11,110747,1,4,0,186.0
10108508FERREIRAW_2025-09-11_G05,10108508FERREIRAW,2025-09-11,110754,1,2,0,130.0
10108508FERREIRAW_2025-09-11_G06,10108508FERREIRAW,2025-09-11,111660,1,10,0,139.0
10108508FERREIRAW_2025-09-11_G07,10108508FERREIRAW,2025-09-11,109471,1,3,0,136.0
10108508FERREIRAW_2025-09-11_G08,10108508FERREIRAW,2025-09-11,"109643, 110374, 117820, 110372, 117832, 110373, 110376",7,249,76,1049.0
10108508FERREIRAW_2025-09-11_G09,10108508FERREIRAW,2025-09-11,117808,1,438,0,45.0
10108508FERREIRAW_2025-10-16_G02,10108508FERREIRAW,2025-10-16,117820,7,40,43,350.0
10108508FERREIRAW_2025-10-16_G03,10108508FERREIRAW,2025-10-16,109640,1,6,0,653.0
10108508FERREIRAW_2025-10-16_G04,10108508FERREIRAW,2025-10-16,117785,1,6,0,180.0
10108508FERREIRAW_2025-10-16_G05,10108508FERREIRAW,2025-10-16,"111446, 111463",3,52,33,373.0
10108508FERREIRAW_2025-10-16_G06,10108508FERREIRAW,2025-10-16,"111466, 111443",2,24,28,42.0
10108508FERREIRAW_2025-10-30_G02,10108508FERREIRAW,2025-10-30,118140,1,539,0,1291.0
10108508FERREIRAW_2025-10-30_G03,10108508FERREIRAW,2025-10-30,"109648, 117840, 110372, 110373, 110371, 117820",6,89,68,2953.0
10108508FERREIRAW_2025-10-30_G04,10108508FERREIRAW,2025-10-30,"117856, 111530, 110733, 108772, 111467, 109640, 111602, 117855",8,45,97,75.0
10108508FERREIRAW_2025-10-30_G05,10108508FERREIRAW,2025-10-30,111569,1,4,0,155.0
10108508FERREIRAW_2025-10-30_G06,10108508FERREIRAW,2025-10-30,118306,1,1,0,1503.0
10108508FERREIRAW_2025-10-30_G07,10108508FERREIRAW,2025-10-30,108759,1,4,0,124.0
10108508FERREIRAW_2025-10-30_G08,10108508FERREIRAW,2025-10-30,110755,1,12,0,41.0
10108508FERREIRAW_2025-10-30_G09,10108508FERREIRAW,2025-10-30,111438,1,2,0,149.0
10108508FERREIRAW_2025-10-30_G10,10108508FERREIRAW,2025-10-30,118222,1,12,0,467.0
10108508FERREIRAW_2025-10-30_G11,10108508FERREIRAW,2025-10-30,110742,1,5,0,605.0
10108508FERREIRAW_2025-10-30_G12,10108508FERREIRAW,2025-10-30,105705,1,5,0,605.0
10108508FERREIRAW_2025-10-30_G13,10108508FERREIRAW,2025-10-30,111433,1,4,0,54.0
10108508FERREIRAW_2025-10-30_G14,10108508FERREIRAW,2025-10-30,118140,1,10,0,69.0
10108508FERREIRAW_2025-10-30_G15,10108508FERREIRAW,2025-10-30,111463,1,12,0,147.0
10108508FERREIRAW_2025-10-30_G16,10108508FERREIRAW,2025-10-30,117831,1,6,0,46.0
10108508FERREIRAW_2025-10-30_G17,10108508FERREIRAW,2025-10-30,"111182, 111443",2,5,18,115.0
10108508FERREIRAW_2025-10-30_G18,10108508FERREIRAW,2025-10-30,110740,1,2,0,93.0
10108508FERREIRAW_2025-10-30_G19,10108508FERREIRAW,2025-10-30,111348,1,3,0,81.0
10108508FERREIRAW_2025-10-30_G20,10108508FERREIRAW,2025-10-30,111743,1,1,0,37.0
10108508FERREIRAW_2025-10-30_G21,10108508FERREIRAW,2025-10-30,141457,1,8,0,62.0
10108508FERREIRAW_2025-10-30_G22,10108508FERREIRAW,2025-10-30,111469,1,16,0,255.0
10108508FERREIRAW_2025-10-30_G23,10108508FERREIRAW,2025-10-30,111431,1,4,0,98.0
10108508FERREIRAW_2025-10-30_G24,10108508FERREIRAW,2025-10-30,108794,1,1,0,86.0
10108508FERREIRAW_2025-10-30_G25,10108508FERREIRAW,2025-10-30,111466,1,8,0,364.0
10108508FERREIRAW_2025-10-30_G26,10108508FERREIRAW,2025-10-30,108711,1,2,0,62.0
10108508FERREIRAW_2025-10-30_G27,10108508FERREIRAW,2025-10-30,117833,1,2,0,68.0
10108508FERREIRAW_2025-10-30_G28,10108508FERREIRAW,2025-10-30,117785,1,6,0,33.0
10108508FERREIRAW_2025-10-30_G29,10108508FERREIRAW,2025-10-30,111462,1,8,0,116.0
10108508FERREIRAW_2025-10-30_G30,10108508FERREIRAW,2025-10-30,"111465, 110748",2,5,19,86.0
10108508FERREIRAW_2025-10-30_G31,10108508FERREIRAW,2025-10-30,111418,1,30,0,81.0
10108508FERREIRAW_2025-10-30_G32,10108508FERREIRAW,2025-10-30,"111172, 118140, 111463",3,22,34,36.0
10108508FERREIRAW_2025-10-30_G33,10108508FERREIRAW,2025-10-30,"117838, 140922, 111418, 111466, 108711",5,34,74,300.0
10108508FERREIRAW_2025-10-31_G02,10108508FERREIRAW,2025-10-31,111462,1,8,0,93.0
10108508FERREIRAW_2025-10-31_G03,10108508FERREIRAW,2025-10-31,111465,1,2,0,174.0
10108508FERREIRAW_2025-10-31_G04,10108508FERREIRAW,2025-10-31,111468,1,2,0,62.0
10108508FERREIRAW_2025-10-31_G05,10108508FERREIRAW,2025-10-31,110748,1,4,0,179.0
10108508FERREIRAW_2025-10-31_G06,10108508FERREIRAW,2025-10-31,"105705, 111330, 109641",3,99,31,1200.0
10108508FERREIRAW_2025-10-31_G07,10108508FERREIRAW,2025-10-31,"117862, 117786, 141047",3,119,30,35.0
10108508FERREIRAW_2025-10-31_G08,10108508FERREIRAW,2025-10-31,108771,1,5,0,2424.0
10108508FERREIRAW_2025-10-31_G09,10108508FERREIRAW,2025-10-31,111438,1,4,0,390.0
10108508FERREIRAW_2025-10-31_G10,10108508FERREIRAW,2025-10-31,118283,1,20,0,1810.0
10108508FERREIRAW_2025-10-31_G11,10108508FERREIRAW,2025-10-31,118417,1,5,0,532.0
10108508FERREIRAW_2025-10-31_G12,10108508FERREIRAW,2025-10-31,141916,1,50,0,450.0
10108508FERREIRAW_2025-10-31_G13,10108508FERREIRAW,2025-10-31,111441,1,60,0,694.0
10108508FERREIRAW_2025-11-29_G02,10108508FERREIRAW,2025-11-29,110372,1,7,0,51.0
10108508FERREIRAW_2025-11-29_G03,10108508FERREIRAW,2025-11-29,"111530, 117855",2,6,17,82.0
10108508FERREIRAW_2025-11-29_G04,10108508FERREIRAW,2025-11-29,110787,2,8,7,377.0
10108508FERREIRAW_2025-11-29_G05,10108508FERREIRAW,2025-11-29,111469,1,3,0,122.0
10108508FERREIRAW_2025-11-29_G06,10108508FERREIRAW,2025-11-29,111418,1,4,0,44.0
10108508FERREIRAW_2025-11-29_G07,10108508FERREIRAW,2025-11-29,"111532, 111466",2,5,7,235.0
10108508FERREIRAW_2025-11-29_G08,10108508FERREIRAW,2025-11-29,111465,1,1,0,75.0
10108508FERREIRAW_2025-11-29_G09,10108508FERREIRAW,2025-11-29,118317,1,3,0,145.0
10108508FERREIRAW_2025-11-29_G10,10108508FERREIRAW,2025-11-29,"111530, 117838, 111466, 111438",6,97,84,446.0
10108508FERREIRAW_2025-11-29_G11,10108508FERREIRAW,2025-11-29,118250,1,8,0,283.0
10108508FERREIRAW_2025-11-29_G12,10108508FERREIRAW,2025-11-29,"111438, 110325",3,6,31,2045.0
10108508FERREIRAW_2025-11-29_G13,10108508FERREIRAW,2025-11-29,"140911, 110711, 111602, 111530",5,8,91,36.0
10108508FERREIRAW_2025-11-29_G14,10108508FERREIRAW,2025-11-29,"111418, 111530, 110711, 111602",6,28,66,898.0
10108508FERREIRAW_2025-11-29_G15,10108508FERREIRAW,2025-11-29,"110895, 111602",2,24,24,32.0
10108508FERREIRAW_2025-11-29_G16,10108508FERREIRAW,2025-11-29,117808,1,3,0,1181.0
10108508FERREIRAW_2025-11-29_G17,10108508FERREIRAW,2025-11-29,"118290, 110895, 111441, 110755, 141916, 110747, 118222, 110754",8,45,109,1803.0
10108508FERREIRAW_2025-11-29_G18,10108508FERREIRAW,2025-11-29,"110374, 110372",3,22,32,1152.0
10108508FERREIRAW_2025-11-29_G19,10108508FERREIRAW,2025-11-29,"110372, 117820, 117830, 117808",7,75,78,42.0
10108508FERREIRAW_2025-11-29_G20,10108508FERREIRAW,2025-11-29,110373,1,50,0,48.0
10108508FERREIRAW_2025-11-29_G21,10108508FERREIRAW,2025-11-29,110371,2,24,10,34.0
10108508FERREIRAW_2025-11-29_G22,10108508FERREIRAW,2025-11-29,118140,1,4,0,430.0
10108508FERREIRAW_2025-11-30_G02,10108508FERREIRAW,2025-11-30,117862,3,15,19,3575.0
10108563SOUSAB_2025-03-30_G02,10108563SOUSAB,2025-03-30,122981,1,1,0,247.0
10108563SOUSAB_2025-03-30_G03,10108563SOUSAB,2025-03-30,120271,1,1,0,118.0
10108563SOUSAB_2025-03-30_G04,10108563SOUSAB,2025-03-30,124475,1,20,0,3138.0
10108563SOUSAB_2025-03-30_G05,10108563SOUSAB,2025-03-30,123521,1,1,0,120.0
10108563SOUSAB_2025-03-30_G06,10108563SOUSAB,2025-03-30,120339,1,1,0,141.0
10108563SOUSAB_2025-03-30_G07,10108563SOUSAB,2025-03-30,124433,1,40,0,827.0
10108563SOUSAB_2025-03-30_G08,10108563SOUSAB,2025-03-30,123344,1,11,0,436.0
10108563SOUSAB_2025-03-30_G09,10108563SOUSAB,2025-03-30,123313,1,40,0,353.0
10108563SOUSAB_2025-03-30_G10,10108563SOUSAB,2025-03-30,123313,1,60,0,190.0
10108563SOUSAB_2025-03-30_G11,10108563SOUSAB,2025-03-30,122985,2,6,15,480.0
10108563SOUSAB_2025-03-30_G12,10108563SOUSAB,2025-03-30,121760,1,34,0,606.0
10108563SOUSAB_2025-03-30_G13,10108563SOUSAB,2025-03-30,123343,1,5,0,168.0
10108563SOUSAB_2025-03-30_G14,10108563SOUSAB,2025-03-30,120389,1,2,0,260.0
10108563SOUSAB_2025-03-30_G15,10108563SOUSAB,2025-03-30,123153,1,15,0,423.0
10108563SOUSAB_2025-03-30_G16,10108563SOUSAB,2025-03-30,123343,1,6,0,213.0
10108563SOUSAB_2025-03-30_G17,10108563SOUSAB,2025-03-30,124486,1,8,0,226.0
10108563SOUSAB_2025-03-30_G18,10108563SOUSAB,2025-03-30,123909,1,4,0,217.0
10108563SOUSAB_2025-03-30_G19,10108563SOUSAB,2025-03-30,123032,1,12,0,556.0
10108563SOUSAB_2025-03-30_G20,10108563SOUSAB,2025-03-30,124247,1,8,0,234.0
10108563SOUSAB_2025-03-30_G21,10108563SOUSAB,2025-03-30,122982,1,1,0,175.0
10108563SOUSAB_2025-03-30_G22,10108563SOUSAB,2025-03-30,122988,1,4,0,135.0
10108563SOUSAB_2025-03-30_G23,10108563SOUSAB,2025-03-30,122982,1,5,0,326.0
10108563SOUSAB_2025-03-30_G24,10108563SOUSAB,2025-03-30,122982,1,5,0,52.0
10108563SOUSAB_2025-03-30_G25,10108563SOUSAB,2025-03-30,122982,1,5,0,68.0
10108563SOUSAB_2025-03-30_G26,10108563SOUSAB,2025-03-30,123345,1,4,0,380.0
10108563SOUSAB_2025-03-30_G27,10108563SOUSAB,2025-03-30,122985,1,5,0,154.0
10108563SOUSAB_2025-03-30_G28,10108563SOUSAB,2025-03-30,121760,1,8,0,250.0
10108563SOUSAB_2025-03-30_G29,10108563SOUSAB,2025-03-30,121760,1,6,0,124.0
10108563SOUSAB_2025-03-30_G30,10108563SOUSAB,2025-03-30,123562,1,2,0,93.0
10108563SOUSAB_2025-03-30_G31,10108563SOUSAB,2025-03-30,123562,1,8,0,121.0
10108563SOUSAB_2025-03-30_G32,10108563SOUSAB,2025-03-30,123343,1,4,0,200.0
10108563SOUSAB_2025-03-30_G33,10108563SOUSAB,2025-03-30,121760,2,10,18,114.0
10108563SOUSAB_2025-03-30_G34,10108563SOUSAB,2025-03-30,122673,1,2,0,251.0
10108563SOUSAB_2025-03-30_G35,10108563SOUSAB,2025-03-30,124486,1,1,0,193.0
10108563SOUSAB_2025-03-30_G36,10108563SOUSAB,2025-03-30,123344,1,10,0,238.0
10108563SOUSAB_2025-03-30_G37,10108563SOUSAB,2025-03-30,123313,1,4,0,93.0
10108563SOUSAB_2025-03-30_G38,10108563SOUSAB,2025-03-30,123313,1,5,0,153.0
10108563SOUSAB_2025-03-30_G39,10108563SOUSAB,2025-03-30,123345,1,12,0,289.0
10108563SOUSAB_2025-03-30_G40,10108563SOUSAB,2025-03-30,123343,1,6,0,197.0
10108563SOUSAB_2025-03-30_G41,10108563SOUSAB,2025-03-30,121760,1,6,0,250.0
10108563SOUSAB_2025-03-30_G42,10108563SOUSAB,2025-03-30,123343,1,5,0,273.0
10108563SOUSAB_2025-03-30_G43,10108563SOUSAB,2025-03-30,121760,1,50,0,1575.0
10108563SOUSAB_2025-03-30_G44,10108563SOUSAB,2025-03-30,124371,1,20,0,289.0
10108563SOUSAB_2025-03-30_G45,10108563SOUSAB,2025-03-30,124475,1,20,0,654.0
10108563SOUSAB_2025-03-30_G47,10108563SOUSAB,2025-03-30,121760,1,4,0,301.0
10108563SOUSAB_2025-03-30_G48,10108563SOUSAB,2025-03-30,123343,1,6,0,116.0
10108563SOUSAB_2025-03-30_G49,10108563SOUSAB,2025-03-30,123345,1,2,0,210.0
10108563SOUSAB_2025-03-30_G50,10108563SOUSAB,2025-03-30,120389,1,30,0,578.0
10108563SOUSAB_2025-03-30_G51,10108563SOUSAB,2025-03-30,123889,1,6,0,191.0
10108563SOUSAB_2025-03-30_G52,10108563SOUSAB,2025-03-30,121760,1,10,0,313.0
10108563SOUSAB_2025-03-30_G53,10108563SOUSAB,2025-03-30,123345,1,2,0,274.0
10108563SOUSAB_2025-03-30_G54,10108563SOUSAB,2025-03-30,124371,1,4,0,113.0
10108563SOUSAB_2025-03-30_G55,10108563SOUSAB,2025-03-30,124248,1,5,0,41.0
10108563SOUSAB_2025-03-30_G56,10108563SOUSAB,2025-03-30,124475,1,4,0,188.0
10108563SOUSAB_2025-03-30_G57,10108563SOUSAB,2025-03-30,"123561, 122984",2,42,11,1432.0
10108563SOUSAB_2025-03-30_G58,10108563SOUSAB,2025-03-30,123344,1,2,0,102.0
10108563SOUSAB_2025-03-30_G59,10108563SOUSAB,2025-03-30,123889,1,2,0,201.0
10108563SOUSAB_2025-03-30_G60,10108563SOUSAB,2025-03-30,122647,1,6,0,241.0
10108563SOUSAB_2025-03-30_G61,10108563SOUSAB,2025-03-30,123345,1,4,0,193.0
10108563SOUSAB_2025-03-30_G62,10108563SOUSAB,2025-03-30,124248,1,60,0,614.0
10108563SOUSAB_2025-03-30_G63,10108563SOUSAB,2025-03-30,123344,1,10,0,97.0
10108563SOUSAB_2025-03-30_G64,10108563SOUSAB,2025-03-30,122647,1,10,0,225.0
10108563SOUSAB_2025-03-30_G65,10108563SOUSAB,2025-03-30,120028,1,14,0,266.0
10108563SOUSAB_2025-03-30_G66,10108563SOUSAB,2025-03-30,122189,2,6,12,328.0
10108563SOUSAB_2026-01-05_G02,10108563SOUSAB,2026-01-05,117833,1,5,0,42.0
10108563SOUSAB_2026-01-05_G03,10108563SOUSAB,2026-01-05,"109649, 117862, 110752",4,40,66,49.0
10108563SOUSAB_2026-01-05_G04,10108563SOUSAB,2026-01-05,"111739, 124247, 181056",3,10,25,37.0
10108563SOUSAB_2026-01-05_G05,10108563SOUSAB,2026-01-05,"107892, 124247, 122673",3,33,28,41.0
10108563SOUSAB_2026-01-05_G06,10108563SOUSAB,2026-01-05,111751,1,450,0,187.0
10108563SOUSAB_2026-01-05_G07,10108563SOUSAB,2026-01-05,141261,1,12,0,168.0
10108563SOUSAB_2026-01-05_G08,10108563SOUSAB,2026-01-05,141249,1,6,0,126.0
10108563SOUSAB_2026-01-05_G09,10108563SOUSAB,2026-01-05,181057,1,2,0,91.0
10108563SOUSAB_2026-01-05_G10,10108563SOUSAB,2026-01-05,110711,1,40,0,130.0
10108563SOUSAB_2026-01-12_G02,10108563SOUSAB,2026-01-12,111441,1,14,0,277.0
10108563SOUSAB_2026-01-12_G03,10108563SOUSAB,2026-01-12,109643,1,13,0,429.0
10108563SOUSAB_2026-01-12_G04,10108563SOUSAB,2026-01-12,111463,1,2,0,203.0
10108563SOUSAB_2026-01-12_G05,10108563SOUSAB,2026-01-12,111466,2,42,20,279.0
10108563SOUSAB_2026-01-12_G06,10108563SOUSAB,2026-01-12,117808,1,13,0,437.0
10108563SOUSAB_2026-01-12_G07,10108563SOUSAB,2026-01-12,117830,1,2,0,106.0
10108563SOUSAB_2026-01-12_G08,10108563SOUSAB,2026-01-12,117862,1,4,0,429.0
10108563SOUSAB_2026-01-12_G09,10108563SOUSAB,2026-01-12,110733,1,1,0,202.0
10108563SOUSAB_2026-01-12_G10,10108563SOUSAB,2026-01-12,117855,1,5,0,2685.0
10108563SOUSAB_2026-01-12_G11,10108563SOUSAB,2026-01-12,111430,1,8,0,381.0
10108563SOUSAB_2026-01-12_G12,10108563SOUSAB,2026-01-12,110747,1,10,0,118.0
10108563SOUSAB_2026-01-12_G13,10108563SOUSAB,2026-01-12,111743,1,8,0,187.0
10108563SOUSAB_2026-01-12_G14,10108563SOUSAB,2026-01-12,111462,1,8,0,266.0
10108563SOUSAB_2026-01-12_G15,10108563SOUSAB,2026-01-12,111443,1,8,0,257.0
10108563SOUSAB_2026-01-12_G16,10108563SOUSAB,2026-01-12,111469,1,18,0,154.0
10108563SOUSAB_2026-01-12_G17,10108563SOUSAB,2026-01-12,111418,1,31,0,279.0
10108563SOUSAB_2026-01-12_G18,10108563SOUSAB,2026-01-12,110372,1,18,0,109.0
10108563SOUSAB_2026-01-12_G19,10108563SOUSAB,2026-01-12,110371,1,10,0,149.0
10108563SOUSAB_2026-01-12_G20,10108563SOUSAB,2026-01-12,117820,1,6,0,218.0
10108563SOUSAB_2026-01-12_G21,10108563SOUSAB,2026-01-12,111569,1,2,0,213.0
10108563SOUSAB_2026-01-12_G22,10108563SOUSAB,2026-01-12,110895,1,1,0,86.0
10108563SOUSAB_2026-01-12_G23,10108563SOUSAB,2026-01-12,118290,1,2,0,134.0
10108563SOUSAB_2026-01-12_G24,10108563SOUSAB,2026-01-12,117855,1,4,0,89.0
10108563SOUSAB_2026-01-12_G25,10108563SOUSAB,2026-01-12,111467,1,2,0,120.0
10108563SOUSAB_2026-01-12_G26,10108563SOUSAB,2026-01-12,140923,1,4,0,1019.0
10108563SOUSAB_2026-01-12_G27,10108563SOUSAB,2026-01-12,110313,1,4,0,187.0
10108563SOUSAB_2026-01-12_G28,10108563SOUSAB,2026-01-12,110373,1,2,0,259.0
10108563SOUSAB_2026-01-12_G29,10108563SOUSAB,2026-01-12,118299,1,4,0,41.0
10108563SOUSAB_2026-01-12_G30,10108563SOUSAB,2026-01-12,117830,1,2,0,66.0
10108563SOUSAB_2026-01-12_G31,10108563SOUSAB,2026-01-12,110371,1,2,0,57.0
10108563SOUSAB_2026-01-13_G02,10108563SOUSAB,2026-01-13,141271,1,8,0,109.0
10108563SOUSAB_2026-01-13_G03,10108563SOUSAB,2026-01-13,111441,1,4,0,126.0
10108563SOUSAB_2026-01-13_G04,10108563SOUSAB,2026-01-13,111569,1,2,0,95.0
10108563SOUSAB_2026-01-13_G05,10108563SOUSAB,2026-01-13,111467,1,5,0,82.0
10108563SOUSAB_2026-01-13_G06,10108563SOUSAB,2026-01-13,110313,1,4,0,107.0
10108563SOUSAB_2026-01-13_G07,10108563SOUSAB,2026-01-13,110339,1,4,0,144.0
10108563SOUSAB_2026-01-13_G08,10108563SOUSAB,2026-01-13,109640,1,2,0,114.0
10108563SOUSAB_2026-01-13_G09,10108563SOUSAB,2026-01-13,111532,1,8,0,543.0
10108563SOUSAB_2026-01-13_G10,10108563SOUSAB,2026-01-13,118140,1,4,0,65.0
10108563SOUSAB_2026-01-13_G11,10108563SOUSAB,2026-01-13,117831,1,2,0,49.0
10108563SOUSAB_2026-01-13_G12,10108563SOUSAB,2026-01-13,140922,1,1,0,63.0
10108563SOUSAB_2026-01-13_G13,10108563SOUSAB,2026-01-13,109645,1,1,0,100.0
10108563SOUSAB_2026-01-13_G14,10108563SOUSAB,2026-01-13,111466,1,7,0,68.0
10108563SOUSAB_2026-01-13_G15,10108563SOUSAB,2026-01-13,110745,1,4,0,165.0
10108563SOUSAB_2026-01-13_G16,10108563SOUSAB,2026-01-13,111469,1,8,0,69.0
10108563SOUSAB_2026-01-13_G17,10108563SOUSAB,2026-01-13,111465,1,1,0,113.0
10108563SOUSAB_2026-01-13_G18,10108563SOUSAB,2026-01-13,117809,1,5,0,118.0
10108563SOUSAB_2026-01-13_G19,10108563SOUSAB,2026-01-13,110375,1,4,0,134.0
10108563SOUSAB_2026-01-13_G20,10108563SOUSAB,2026-01-13,110373,1,20,0,308.0
10108563SOUSAB_2026-02-12_G02,10108563SOUSAB,2026-02-12,123344,1,19,0,158.0
10108563SOUSAB_2026-02-12_G03,10108563SOUSAB,2026-02-12,124371,1,2,0,122.0
10108563SOUSAB_2026-02-12_G04,10108563SOUSAB,2026-02-12,123153,1,52,0,589.0
10108563SOUSAB_2026-02-12_G05,10108563SOUSAB,2026-02-12,124475,1,26,0,867.0
10108563SOUSAB_2026-02-14_G02,10108563SOUSAB,2026-02-14,111467,1,64,0,391.0
10108563SOUSAB_2026-02-14_G03,10108563SOUSAB,2026-02-14,108795,1,59,0,1470.0
10108563SOUSAB_2026-02-14_G04,10108563SOUSAB,2026-02-14,117833,1,68,0,386.0
10108563SOUSAB_2026-02-14_G05,10108563SOUSAB,2026-02-14,111172,1,64,0,390.0
10108563SOUSAB_2026-02-14_G06,10108563SOUSAB,2026-02-14,111418,1,247,0,579.0
10108563SOUSAB_2026-02-14_G07,10108563SOUSAB,2026-02-14,111467,1,106,0,599.0
10108563SOUSAB_2026-03-12_G02,10108563SOUSAB,2026-03-12,111602,1,4,0,197.0
10108563SOUSAB_2026-03-12_G03,10108563SOUSAB,2026-03-12,141047,1,4,0,1327.0
10108563SOUSAB_2026-03-12_G04,10108563SOUSAB,2026-03-12,110339,1,4,0,656.0
10108563SOUSAB_2026-03-12_G05,10108563SOUSAB,2026-03-12,111467,1,2,0,208.0
10108563SOUSAB_2026-03-12_G06,10108563SOUSAB,2026-03-12,117786,1,10,0,880.0
10108563SOUSAB_2026-03-12_G07,10108563SOUSAB,2026-03-12,111445,1,10,0,1540.0
10108563SOUSAB_2026-03-12_G09,10108563SOUSAB,2026-03-12,142045,1,47,0,2005.0
10108563SOUSAB_2026-03-13_G02,10108563SOUSAB,2026-03-13,110753,1,2,0,1003.0
10108563SOUSAB_2026-03-13_G03,10108563SOUSAB,2026-03-13,110733,1,5,0,580.0
10108563SOUSAB_2026-03-13_G04,10108563SOUSAB,2026-03-13,117855,1,4,0,473.0
10108563SOUSAB_2026-03-13_G05,10108563SOUSAB,2026-03-13,140922,1,4,0,2768.0
10108563SOUSAB_2026-03-13_G06,10108563SOUSAB,2026-03-13,111743,1,7,0,703.0
10108563SOUSAB_2026-03-13_G07,10108563SOUSAB,2026-03-13,117838,1,3,0,371.0
10108563SOUSAB_2026-03-13_G08,10108563SOUSAB,2026-03-13,109645,1,6,0,1600.0
10108563SOUSAB_2026-03-13_G09,10108563SOUSAB,2026-03-13,111469,1,6,0,2058.0
10108563SOUSAB_2026-03-13_G10,10108563SOUSAB,2026-03-13,111438,1,4,0,2348.0
10108563SOUSAB_2026-03-13_G11,10108563SOUSAB,2026-03-13,118283,1,2,0,136.0
10108563SOUSAB_2026-03-13_G12,10108563SOUSAB,2026-03-13,142045,1,4,0,424.0
10108563SOUSAB_2026-03-13_G13,10108563SOUSAB,2026-03-13,110313,1,4,0,1058.0
10108563SOUSAB_2026-03-13_G14,10108563SOUSAB,2026-03-13,"140923, 117855",3,32,30,2113.0
10108563SOUSAB_2026-03-14_G02,10108563SOUSAB,2026-03-14,110895,1,2,0,1315.0
10108563SOUSAB_2026-03-14_G03,10108563SOUSAB,2026-03-14,111466,1,4,0,262.0
10108563SOUSAB_2026-03-14_G04,10108563SOUSAB,2026-03-14,111466,1,2,0,173.0
10108563SOUSAB_2026-03-14_G05,10108563SOUSAB,2026-03-14,117822,1,4,0,703.0
10108563SOUSAB_2026-03-14_G06,10108563SOUSAB,2026-03-14,118299,1,7,0,362.0
10108563SOUSAB_2026-03-14_G07,10108563SOUSAB,2026-03-14,117853,1,2,0,395.0
10108563SOUSAB_2026-03-14_G08,10108563SOUSAB,2026-03-14,111467,1,11,0,1273.0
10108563SOUSAB_2026-03-14_G09,10108563SOUSAB,2026-03-14,110747,1,4,0,3498.0
10108563SOUSAB_2026-03-14_G10,10108563SOUSAB,2026-03-14,117808,1,10,0,317.0
10108563SOUSAB_2026-03-14_G11,10108563SOUSAB,2026-03-14,110733,1,1,0,145.0
10108563SOUSAB_2026-03-14_G12,10108563SOUSAB,2026-03-14,140923,1,3,0,264.0
10108563SOUSAB_2026-03-14_G13,10108563SOUSAB,2026-03-14,142093,1,3,0,162.0
10108563SOUSAB_2026-03-14_G14,10108563SOUSAB,2026-03-14,117831,1,6,0,240.0
10108563SOUSAB_2026-03-14_G15,10108563SOUSAB,2026-03-14,109649,1,3,0,175.0
10108563SOUSAB_2026-03-14_G16,10108563SOUSAB,2026-03-14,110373,1,6,0,549.0
10108563SOUSAB_2026-03-14_G17,10108563SOUSAB,2026-03-14,110372,1,7,0,192.0
10108563SOUSAB_2026-03-14_G18,10108563SOUSAB,2026-03-14,117785,1,150,0,3141.0
10108563SOUSAB_2026-03-14_G19,10108563SOUSAB,2026-03-14,111462,1,30,0,574.0
10108563SOUSAB_2026-03-14_G20,10108563SOUSAB,2026-03-14,117821,1,12,0,1081.0
10108563SOUSAB_2026-03-14_G21,10108563SOUSAB,2026-03-14,116241,1,30,0,1126.0
10108563SOUSAB_2026-03-16_G02,10108563SOUSAB,2026-03-16,116527,1,4,0,443.0
10108563SOUSAB_2026-03-16_G03,10108563SOUSAB,2026-03-16,117853,1,2,0,200.0
10108563SOUSAB_2026-03-16_G04,10108563SOUSAB,2026-03-16,108772,1,2,0,187.0
10108563SOUSAB_2026-03-16_G05,10108563SOUSAB,2026-03-16,140922,1,12,0,1103.0
10108563SOUSAB_2026-03-16_G06,10108563SOUSAB,2026-03-16,140922,1,4,0,269.0
10108563SOUSAB_2026-03-16_G07,10108563SOUSAB,2026-03-16,111469,1,10,0,458.0
10108563SOUSAB_2026-03-16_G08,10108563SOUSAB,2026-03-16,110332,1,12,0,547.0
10108563SOUSAB_2026-03-16_G09,10108563SOUSAB,2026-03-16,110313,1,16,0,1336.0
10108563SOUSAB_2026-03-16_G10,10108563SOUSAB,2026-03-16,110733,1,4,0,125.0
10108563SOUSAB_2026-03-16_G11,10108563SOUSAB,2026-03-16,111743,1,24,0,1197.0
10108563SOUSAB_2026-03-16_G12,10108563SOUSAB,2026-03-16,141823,1,2,0,142.0
10108563SOUSAB_2026-03-16_G13,10108563SOUSAB,2026-03-16,118306,1,4,0,1816.0
10108563SOUSAB_2026-03-16_G14,10108563SOUSAB,2026-03-16,117842,1,8,0,334.0
10108563SOUSAB_2026-03-16_G15,10108563SOUSAB,2026-03-16,117842,1,6,0,96.0
10108563SOUSAB_2026-03-16_G16,10108563SOUSAB,2026-03-16,117842,1,6,0,158.0
10108563SOUSAB_2026-03-16_G17,10108563SOUSAB,2026-03-16,111463,1,2,0,329.0
10108563SOUSAB_2026-03-16_G18,10108563SOUSAB,2026-03-16,111463,1,2,0,74.0
10108563SOUSAB_2026-03-16_G19,10108563SOUSAB,2026-03-16,141457,1,4,0,123.0
10108563SOUSAB_2026-03-16_G20,10108563SOUSAB,2026-03-16,111469,2,7,22,339.0
10108563SOUSAB_2026-03-16_G21,10108563SOUSAB,2026-03-16,111466,1,7,0,1025.0
10108563SOUSAB_2026-03-16_G22,10108563SOUSAB,2026-03-16,160051,1,11,0,406.0
10108563SOUSAB_2026-03-16_G25,10108563SOUSAB,2026-03-16,109640,1,20,0,614.0
10108563SOUSAB_2026-03-16_G26,10108563SOUSAB,2026-03-16,110895,1,5,0,1156.0
10108563SOUSAB_2026-03-16_G27,10108563SOUSAB,2026-03-16,110733,1,13,0,339.0
10108563SOUSAB_2026-03-16_G28,10108563SOUSAB,2026-03-16,111602,1,7,0,191.0
10108563SOUSAB_2026-03-16_G29,10108563SOUSAB,2026-03-16,142093,1,8,0,1147.0
10108563SOUSAB_2026-03-16_G30,10108563SOUSAB,2026-03-16,111438,1,2,0,1096.0
10108563SOUSAB_2026-03-16_G31,10108563SOUSAB,2026-03-16,111438,1,8,0,327.0
10108563SOUSAB_2026-03-17_G02,10108563SOUSAB,2026-03-17,111418,1,636,0,1879.0
10108563SOUSAB_2026-03-17_G03,10108563SOUSAB,2026-03-17,111569,1,167,0,3545.0
10108563SOUSAB_2026-03-17_G04,10108563SOUSAB,2026-03-17,111330,2,4,15,1486.0
10108563SOUSAB_2026-03-17_G05,10108563SOUSAB,2026-03-17,111435,1,3,0,274.0
10108563SOUSAB_2026-03-17_G06,10108563SOUSAB,2026-03-17,118317,1,12,0,714.0
10108563SOUSAB_2026-03-17_G07,10108563SOUSAB,2026-03-17,140922,1,98,0,3101.0
10108563SOUSAB_2026-03-17_G08,10108563SOUSAB,2026-03-17,118330,1,18,0,914.0
10108563SOUSAB_2026-03-17_G09,10108563SOUSAB,2026-03-17,111438,1,84,0,1380.0
10108563SOUSAB_2026-03-17_G10,10108563SOUSAB,2026-03-17,141166,1,5,0,1570.0
10108563SOUSAB_2026-03-17_G11,10108563SOUSAB,2026-03-17,110752,1,6,0,556.0
10108563SOUSAB_2026-03-17_G12,10108563SOUSAB,2026-03-17,140923,1,4,0,639.0
10108563SOUSAB_2026-03-17_G13,10108563SOUSAB,2026-03-17,117855,1,4,0,161.0
10108563SOUSAB_2026-03-17_G14,10108563SOUSAB,2026-03-17,110733,1,6,0,240.0
10108563SOUSAB_2026-03-17_G15,10108563SOUSAB,2026-03-17,117856,1,6,0,190.0
10108563SOUSAB_2026-03-17_G16,10108563SOUSAB,2026-03-17,110339,1,4,0,110.0
10108563SOUSAB_2026-03-17_G17,10108563SOUSAB,2026-03-17,141047,1,4,0,150.0
10108563SOUSAB_2026-03-17_G18,10108563SOUSAB,2026-03-17,117862,1,4,0,212.0
10108563SOUSAB_2026-03-17_G20,10108563SOUSAB,2026-03-17,117853,1,7,0,612.0
10108563SOUSAB_2026-03-17_G21,10108563SOUSAB,2026-03-17,117834,1,14,0,1154.0
10108563SOUSAB_2026-03-17_G22,10108563SOUSAB,2026-03-17,111445,1,4,0,178.0
10108563SOUSAB_2026-03-17_G23,10108563SOUSAB,2026-03-17,111447,1,4,0,386.0
10108563SOUSAB_2026-03-18_G02,10108563SOUSAB,2026-03-18,117838,1,2,0,286.0
10108563SOUSAB_2026-03-18_G03,10108563SOUSAB,2026-03-18,111462,1,10,0,685.0
10108563SOUSAB_2026-03-18_G04,10108563SOUSAB,2026-03-18,110339,1,4,0,953.0
10108563SOUSAB_2026-03-18_G05,10108563SOUSAB,2026-03-18,108772,1,6,0,349.0
10108563SOUSAB_2026-03-18_G06,10108563SOUSAB,2026-03-18,141066,1,4,0,206.0
10108563SOUSAB_2026-03-18_G07,10108563SOUSAB,2026-03-18,111438,1,7,0,1472.0
10108563SOUSAB_2026-03-18_G08,10108563SOUSAB,2026-03-18,100334,1,2,0,180.0
10108563SOUSAB_2026-03-18_G09,10108563SOUSAB,2026-03-18,111569,1,13,0,523.0
10108563SOUSAB_2026-03-18_G10,10108563SOUSAB,2026-03-18,118306,1,7,0,278.0
10108563SOUSAB_2026-03-18_G12,10108563SOUSAB,2026-03-18,111438,1,6,0,366.0
10108563SOUSAB_2026-03-18_G13,10108563SOUSAB,2026-03-18,111438,1,2,0,117.0
10108563SOUSAB_2026-03-18_G14,10108563SOUSAB,2026-03-18,118306,1,6,0,903.0
10108563SOUSAB_2026-03-21_G02,10108563SOUSAB,2026-03-21,111418,1,7,0,349.0
10108563SOUSAB_2026-03-21_G03,10108563SOUSAB,2026-03-21,142093,1,12,0,356.0
10108563SOUSAB_2026-03-21_G04,10108563SOUSAB,2026-03-21,141271,1,4,0,174.0
10108563SOUSAB_2026-03-21_G05,10108563SOUSAB,2026-03-21,110740,1,1,0,130.0
10108563SOUSAB_2026-03-21_G06,10108563SOUSAB,2026-03-21,111469,1,4,0,125.0
10108563SOUSAB_2026-03-21_G07,10108563SOUSAB,2026-03-21,110373,1,14,0,351.0
10108563SOUSAB_2026-03-21_G08,10108563SOUSAB,2026-03-21,117808,1,14,0,875.0
10108563SOUSAB_2026-03-21_G09,10108563SOUSAB,2026-03-21,117855,1,2,0,675.0
10108563SOUSAB_2026-03-21_G10,10108563SOUSAB,2026-03-21,141271,1,6,0,244.0
10108563SOUSAB_2026-03-21_G11,10108563SOUSAB,2026-03-21,111469,1,10,0,345.0
10108563SOUSAB_2026-03-21_G12,10108563SOUSAB,2026-03-21,110373,1,10,0,700.0
10108563SOUSAB_2026-03-21_G13,10108563SOUSAB,2026-03-21,140922,1,3,0,590.0
10108563SOUSAB_2026-03-21_G14,10108563SOUSAB,2026-03-21,108794,1,4,0,137.0
10108563SOUSAB_2026-03-21_G15,10108563SOUSAB,2026-03-21,117785,1,2,0,1297.0
10108563SOUSAB_2026-03-21_G16,10108563SOUSAB,2026-03-21,111418,1,4,0,176.0
10108563SOUSAB_2026-03-21_G17,10108563SOUSAB,2026-03-21,111433,1,3,0,110.0
10108563SOUSAB_2026-03-21_G18,10108563SOUSAB,2026-03-21,111469,1,3,0,138.0
10108563SOUSAB_2026-03-21_G19,10108563SOUSAB,2026-03-21,110747,1,12,0,1720.0
10108563SOUSAB_2026-03-21_G20,10108563SOUSAB,2026-03-21,111418,1,140,0,1166.0
10108563SOUSAB_2026-03-21_G21,10108563SOUSAB,2026-03-21,117833,1,73,0,1914.0
10108563SOUSAB_2026-03-21_G22,10108563SOUSAB,2026-03-21,110372,1,400,0,2131.0
10108563SOUSAB_2026-03-21_G24,10108563SOUSAB,2026-03-21,117808,1,550,0,398.0
10108563SOUSAB_2026-03-21_G26,10108563SOUSAB,2026-03-21,141271,1,23,0,801.0
10108563SOUSAB_2026-03-23_G02,10108563SOUSAB,2026-03-23,140923,1,8,0,280.0
10108563SOUSAB_2026-03-23_G03,10108563SOUSAB,2026-03-23,111418,1,10,0,194.0
10108563SOUSAB_2026-03-23_G04,10108563SOUSAB,2026-03-23,111463,1,4,0,1463.0
10108563SOUSAB_2026-03-23_G05,10108563SOUSAB,2026-03-23,118299,1,90,0,1292.0
10108563SOUSAB_2026-03-23_G06,10108563SOUSAB,2026-03-23,111467,1,3,0,688.0
10108563SOUSAB_2026-03-23_G07,10108563SOUSAB,2026-03-23,105167,1,8,0,1031.0
10108563SOUSAB_2026-03-23_G08,10108563SOUSAB,2026-03-23,111468,1,1,0,1411.0
10108563SOUSAB_2026-03-23_G09,10108563SOUSAB,2026-03-23,110787,1,1,0,148.0
10108563SOUSAB_2026-03-23_G10,10108563SOUSAB,2026-03-23,110372,1,6,0,441.0
10108563SOUSAB_2026-03-23_G11,10108563SOUSAB,2026-03-23,117808,1,9,0,100.0
10108563SOUSAB_2026-03-23_G12,10108563SOUSAB,2026-03-23,117809,1,4,0,199.0
10108563SOUSAB_2026-03-23_G13,10108563SOUSAB,2026-03-23,118299,1,6,0,99.0
10108563SOUSAB_2026-03-23_G14,10108563SOUSAB,2026-03-23,117820,1,11,0,126.0
10108563SOUSAB_2026-03-23_G15,10108563SOUSAB,2026-03-23,110373,1,8,0,73.0
10108563SOUSAB_2026-03-23_G16,10108563SOUSAB,2026-03-23,111462,1,4,0,126.0
10108563SOUSAB_2026-03-23_G17,10108563SOUSAB,2026-03-23,142093,1,2,0,103.0
10108563SOUSAB_2026-03-23_G18,10108563SOUSAB,2026-03-23,117831,1,4,0,129.0
10108563SOUSAB_2026-03-23_G19,10108563SOUSAB,2026-03-23,111418,1,3,0,124.0
10108563SOUSAB_2026-03-23_G20,10108563SOUSAB,2026-03-23,111469,1,4,0,96.0
10108563SOUSAB_2026-03-23_G21,10108563SOUSAB,2026-03-23,117833,1,6,0,345.0
10108563SOUSAB_2026-03-23_G22,10108563SOUSAB,2026-03-23,111463,1,6,0,101.0
10108563SOUSAB_2026-03-23_G23,10108563SOUSAB,2026-03-23,105705,1,4,0,199.0
10108563SOUSAB_2026-03-23_G24,10108563SOUSAB,2026-03-23,111466,1,4,0,133.0
10108563SOUSAB_2026-03-23_G25,10108563SOUSAB,2026-03-23,118094,1,6,0,506.0
10108563SOUSAB_2026-03-23_G26,10108563SOUSAB,2026-03-23,111602,1,4,0,222.0
10108563SOUSAB_2026-03-23_G27,10108563SOUSAB,2026-03-23,110339,1,8,0,141.0
10108563SOUSAB_2026-03-25_G02,10108563SOUSAB,2026-03-25,141457,1,4,0,123.0
10108563SOUSAB_2026-03-25_G03,10108563SOUSAB,2026-03-25,140922,1,6,0,216.0
10108563SOUSAB_2026-03-25_G04,10108563SOUSAB,2026-03-25,141457,1,11,0,204.0
10108563SOUSAB_2026-03-25_G05,10108563SOUSAB,2026-03-25,108770,1,4,0,642.0
10108563SOUSAB_2026-03-25_G06,10108563SOUSAB,2026-03-25,141457,1,4,0,251.0
10108563SOUSAB_2026-03-25_G07,10108563SOUSAB,2026-03-25,111743,1,7,0,2373.0
10108563SOUSAB_2026-03-25_G08,10108563SOUSAB,2026-03-25,110373,1,9,0,625.0
10108563SOUSAB_2026-03-25_G09,10108563SOUSAB,2026-03-25,110372,1,39,0,238.0
10108563SOUSAB_2026-03-25_G10,10108563SOUSAB,2026-03-25,141202,1,6,0,266.0
10108563SOUSAB_2026-03-25_G11,10108563SOUSAB,2026-03-25,118299,1,15,0,195.0
10108563SOUSAB_2026-03-25_G12,10108563SOUSAB,2026-03-25,110375,1,2,0,120.0
10108563SOUSAB_2026-03-25_G13,10108563SOUSAB,2026-03-25,110325,1,5,0,455.0
10108563SOUSAB_2026-03-25_G14,10108563SOUSAB,2026-03-25,117808,1,22,0,697.0
10108563SOUSAB_2026-03-25_G15,10108563SOUSAB,2026-03-25,117830,1,3,0,766.0
10108563SOUSAB_2026-03-25_G16,10108563SOUSAB,2026-03-25,140922,1,6,0,375.0
10108563SOUSAB_2026-03-25_G17,10108563SOUSAB,2026-03-25,111466,1,4,0,92.0
10108563SOUSAB_2026-03-25_G18,10108563SOUSAB,2026-03-25,111462,1,6,0,116.0
10108563SOUSAB_2026-03-25_G19,10108563SOUSAB,2026-03-25,117838,1,2,0,226.0
10108563SOUSAB_2026-03-25_G20,10108563SOUSAB,2026-03-25,141456,1,5,0,176.0
10108563SOUSAB_2026-03-25_G21,10108563SOUSAB,2026-03-25,108798,1,2,0,49.0
10108563SOUSAB_2026-03-25_G22,10108563SOUSAB,2026-03-25,111468,1,2,0,89.0
10108563SOUSAB_2026-03-25_G23,10108563SOUSAB,2026-03-25,111463,1,6,0,159.0
10108563SOUSAB_2026-03-25_G24,10108563SOUSAB,2026-03-25,110787,1,3,0,1534.0
10108563SOUSAB_2026-03-25_G25,10108563SOUSAB,2026-03-25,111418,1,10,0,695.0
10108563SOUSAB_2026-03-25_G26,10108563SOUSAB,2026-03-25,110740,1,5,0,218.0
10108563SOUSAB_2026-03-25_G27,10108563SOUSAB,2026-03-25,117831,1,2,0,61.0
10108563SOUSAB_2026-03-25_G28,10108563SOUSAB,2026-03-25,117787,1,3,0,410.0
10108563SOUSAB_2026-03-25_G29,10108563SOUSAB,2026-03-25,110313,1,4,0,902.0
10108563SOUSAB_2026-03-25_G30,10108563SOUSAB,2026-03-25,107629,1,2,0,151.0
10108563SOUSAB_2026-03-25_G31,10108563SOUSAB,2026-03-25,118094,1,3,0,136.0
10108563SOUSAB_2026-03-25_G32,10108563SOUSAB,2026-03-25,109647,1,2,0,81.0
10108563SOUSAB_2026-03-25_G33,10108563SOUSAB,2026-03-25,140923,1,3,0,186.0
10108563SOUSAB_2026-03-25_G34,10108563SOUSAB,2026-03-25,117856,1,2,0,77.0
10108563SOUSAB_2026-03-25_G35,10108563SOUSAB,2026-03-25,110339,1,3,0,113.0
10108563SOUSAB_2026-03-25_G36,10108563SOUSAB,2026-03-25,141047,1,3,0,141.0
10108563SOUSAB_2026-03-25_G37,10108563SOUSAB,2026-03-25,111418,1,200,0,2465.0
10108563SOUSAB_2026-03-25_G38,10108563SOUSAB,2026-03-25,117787,1,25,0,1307.0
10108563SOUSAB_2026-03-25_G39,10108563SOUSAB,2026-03-25,117833,1,45,0,583.0
10108563SOUSAB_2026-03-25_G41,10108563SOUSAB,2026-03-25,141457,2,4,16,358.0
10108563SOUSAB_2026-03-25_G42,10108563SOUSAB,2026-03-25,141456,2,5,19,162.0
10108563SOUSAB_2026-03-25_G43,10108563SOUSAB,2026-03-25,111469,1,2,0,132.0
10108563SOUSAB_2026-03-25_G44,10108563SOUSAB,2026-03-25,117831,1,2,0,66.0
10108563SOUSAB_2026-03-25_G45,10108563SOUSAB,2026-03-25,117821,1,2,0,543.0
10108563SOUSAB_2026-03-25_G46,10108563SOUSAB,2026-03-25,117820,1,5,0,234.0
10108563SOUSAB_2026-03-25_G47,10108563SOUSAB,2026-03-25,117820,1,4,0,63.0
10108563SOUSAB_2026-03-25_G48,10108563SOUSAB,2026-03-25,110373,1,5,0,74.0
10108563SOUSAB_2026-03-26_G02,10108563SOUSAB,2026-03-26,141457,1,20,0,328.0
10108563SOUSAB_2026-03-26_G03,10108563SOUSAB,2026-03-26,141456,1,32,0,400.0
10108563SOUSAB_2026-03-26_G04,10108563SOUSAB,2026-03-26,111463,1,30,0,1157.0
10108563SOUSAB_2026-03-26_G05,10108563SOUSAB,2026-03-26,107236,1,12,0,1680.0
10108563SOUSAB_2026-03-26_G06,10108563SOUSAB,2026-03-26,110740,1,12,0,192.0
10108563SOUSAB_2026-03-26_G07,10108563SOUSAB,2026-03-26,111469,1,16,0,347.0
10108563SOUSAB_2026-03-26_G08,10108563SOUSAB,2026-03-26,111466,1,96,0,633.0
10108563SOUSAB_2026-03-26_G09,10108563SOUSAB,2026-03-26,111418,1,28,0,614.0
10108563SOUSAB_2026-03-26_G10,10108563SOUSAB,2026-03-26,111418,1,400,0,1760.0
10108563SOUSAB_2026-03-26_G11,10108563SOUSAB,2026-03-26,107236,1,316,0,787.0
10108563SOUSAB_2026-03-26_G12,10108563SOUSAB,2026-03-26,111530,1,50,0,2349.0
10108563SOUSAB_2026-03-26_G13,10108563SOUSAB,2026-03-26,117853,1,13,0,233.0
10108563SOUSAB_2026-03-26_G14,10108563SOUSAB,2026-03-26,111876,1,5,0,171.0
10108563SOUSAB_2026-03-26_G15,10108563SOUSAB,2026-03-26,111602,1,48,0,798.0
10108563SOUSAB_2026-03-26_G16,10108563SOUSAB,2026-03-26,109640,1,15,0,337.0
10108563SOUSAB_2026-03-26_G17,10108563SOUSAB,2026-03-26,140923,1,50,0,674.0
10108563SOUSAB_2026-03-26_G18,10108563SOUSAB,2026-03-26,111602,1,32,0,677.0
10108563SOUSAB_2026-03-26_G19,10108563SOUSAB,2026-03-26,111876,1,22,0,301.0
10108563SOUSAB_2026-03-26_G20,10108563SOUSAB,2026-03-26,110374,1,80,0,936.0
10108563SOUSAB_2026-03-26_G21,10108563SOUSAB,2026-03-26,109648,1,2,0,321.0
10108563SOUSAB_2026-03-26_G22,10108563SOUSAB,2026-03-26,109643,1,40,0,1019.0
10108563SOUSAB_2026-03-26_G24,10108563SOUSAB,2026-03-26,141202,1,40,0,1162.0
10108563SOUSAB_2026-03-26_G25,10108563SOUSAB,2026-03-26,105705,1,10,0,266.0
10108563SOUSAB_2026-03-26_G26,10108563SOUSAB,2026-03-26,110743,1,9,0,566.0
10108563SOUSAB_2026-03-26_G27,10108563SOUSAB,2026-03-26,109641,1,70,0,440.0
10108563SOUSAB_2026-03-26_G28,10108563SOUSAB,2026-03-26,110787,1,93,0,669.0
10108563SOUSAB_2026-03-26_G29,10108563SOUSAB,2026-03-26,141456,1,40,0,752.0
10108563SOUSAB_2026-03-26_G30,10108563SOUSAB,2026-03-26,141823,1,50,0,638.0
10108563SOUSAB_2026-03-26_G31,10108563SOUSAB,2026-03-26,111463,1,40,0,668.0
10108563SOUSAB_2026-03-26_G32,10108563SOUSAB,2026-03-26,141047,1,8,0,926.0
10108563SOUSAB_2026-03-26_G33,10108563SOUSAB,2026-03-26,117861,1,33,0,300.0
10108563SOUSAB_2026-03-27_G02,10108563SOUSAB,2026-03-27,115234,1,2,0,205.0
10108563SOUSAB_2026-03-27_G03,10108563SOUSAB,2026-03-27,115234,1,2,0,31.0
10108563SOUSAB_2026-03-27_G04,10108563SOUSAB,2026-03-27,110311,1,2,0,183.0
10108563SOUSAB_2026-03-27_G05,10108563SOUSAB,2026-03-27,111615,1,2,0,163.0
10108563SOUSAB_2026-03-27_G06,10108563SOUSAB,2026-03-27,117789,1,4,0,138.0
10108563SOUSAB_2026-03-27_G07,10108563SOUSAB,2026-03-27,117789,1,5,0,168.0
10108563SOUSAB_2026-03-27_G08,10108563SOUSAB,2026-03-27,111430,2,4,11,95.0
10108563SOUSAB_2026-03-27_G09,10108563SOUSAB,2026-03-27,118299,1,108,0,596.0
10108563SOUSAB_2026-03-27_G10,10108563SOUSAB,2026-03-27,110325,1,8,0,1151.0
10108563SOUSAB_2026-03-27_G11,10108563SOUSAB,2026-03-27,109643,1,9,0,962.0
10108563SOUSAB_2026-03-27_G12,10108563SOUSAB,2026-03-27,110753,2,21,11,1462.0
10108563SOUSAB_2026-03-27_G13,10108563SOUSAB,2026-03-27,111439,1,6,0,322.0
10108563SOUSAB_2026-03-27_G14,10108563SOUSAB,2026-03-27,111879,1,4,0,264.0
10108563SOUSAB_2026-03-27_G15,10108563SOUSAB,2026-03-27,111530,3,120,32,436.0
10108563SOUSAB_2026-03-27_G16,10108563SOUSAB,2026-03-27,110733,2,81,20,628.0
10108563SOUSAB_2026-03-27_G17,10108563SOUSAB,2026-03-27,111602,1,65,0,172.0
10108563SOUSAB_2026-03-27_G18,10108563SOUSAB,2026-03-27,140923,1,25,0,701.0
10108563SOUSAB_2026-03-27_G19,10108563SOUSAB,2026-03-27,117862,1,21,0,332.0
10108563SOUSAB_2026-03-27_G20,10108563SOUSAB,2026-03-27,109648,1,25,0,317.0
10108563SOUSAB_2026-03-27_G21,10108563SOUSAB,2026-03-27,110325,1,6,0,575.0
10108563SOUSAB_2026-03-27_G22,10108563SOUSAB,2026-03-27,110372,1,165,0,365.0
10108563SOUSAB_2026-03-27_G23,10108563SOUSAB,2026-03-27,109643,1,74,0,333.0
10108563SOUSAB_2026-03-27_G24,10108563SOUSAB,2026-03-27,110325,1,8,0,2700.0
10108563SOUSAB_2026-03-27_G25,10108563SOUSAB,2026-03-27,117835,1,2,0,470.0
10108563SOUSAB_2026-03-27_G26,10108563SOUSAB,2026-03-27,110373,1,4,0,231.0
10108563SOUSAB_2026-03-27_G27,10108563SOUSAB,2026-03-27,110325,1,7,0,63.0
10108563SOUSAB_2026-03-27_G28,10108563SOUSAB,2026-03-27,110372,1,6,0,270.0
10108563SOUSAB_2026-03-27_G29,10108563SOUSAB,2026-03-27,117808,1,4,0,381.0
10108563SOUSAB_2026-03-27_G30,10108563SOUSAB,2026-03-27,109643,1,2,0,158.0
10108563SOUSAB_2026-03-27_G31,10108563SOUSAB,2026-03-27,117832,1,3,0,86.0
10108563SOUSAB_2026-03-27_G32,10108563SOUSAB,2026-03-27,111462,1,7,0,176.0
10108563SOUSAB_2026-03-27_G33,10108563SOUSAB,2026-03-27,108795,1,2,0,112.0
10108563SOUSAB_2026-03-27_G34,10108563SOUSAB,2026-03-27,111743,1,4,0,84.0
10108563SOUSAB_2026-03-27_G35,10108563SOUSAB,2026-03-27,111463,1,5,0,137.0
10108563SOUSAB_2026-03-27_G36,10108563SOUSAB,2026-03-27,111418,1,10,0,325.0
10108563SOUSAB_2026-03-27_G37,10108563SOUSAB,2026-03-27,117787,1,2,0,107.0
10108563SOUSAB_2026-03-27_G38,10108563SOUSAB,2026-03-27,140923,1,4,0,137.0
10108563SOUSAB_2026-03-27_G39,10108563SOUSAB,2026-03-27,141047,1,2,0,95.0
10108563SOUSAB_2026-03-27_G41,10108563SOUSAB,2026-03-27,141457,1,4,0,64.0
10108563SOUSAB_2026-03-27_G42,10108563SOUSAB,2026-03-27,110787,1,4,0,199.0
10108563SOUSAB_2026-03-27_G43,10108563SOUSAB,2026-03-27,110787,1,59,0,268.0
10108563SOUSAB_2026-03-27_G44,10108563SOUSAB,2026-03-27,110787,1,1,0,1620.0
10108563SOUSAB_2026-03-27_G45,10108563SOUSAB,2026-03-27,140922,1,2,0,124.0
10108563SOUSAB_2026-03-27_G46,10108563SOUSAB,2026-03-27,110755,1,2,0,120.0
10108563SOUSAB_2026-03-27_G47,10108563SOUSAB,2026-03-27,140923,1,4,0,136.0
10108563SOUSAB_2026-03-27_G48,10108563SOUSAB,2026-03-27,110748,1,2,0,436.0
10108563SOUSAB_2026-03-27_G49,10108563SOUSAB,2026-03-27,111850,1,8,0,288.0
10108563SOUSAB_2026-03-27_G50,10108563SOUSAB,2026-03-27,110787,1,10,0,373.0
10108563SOUSAB_2026-03-27_G51,10108563SOUSAB,2026-03-27,110787,1,8,0,102.0
10108563SOUSAB_2026-03-27_G52,10108563SOUSAB,2026-03-27,110787,2,8,11,38.0
10108563SOUSAB_2026-03-27_G53,10108563SOUSAB,2026-03-27,141823,1,2,0,374.0
10108563SOUSAB_2026-03-27_G54,10108563SOUSAB,2026-03-27,117788,1,4,0,192.0
10108563SOUSAB_2026-03-27_G55,10108563SOUSAB,2026-03-27,117831,1,4,0,147.0
10108563SOUSAB_2026-03-27_G56,10108563SOUSAB,2026-03-27,110374,1,4,0,412.0
10108563SOUSAB_2026-03-27_G57,10108563SOUSAB,2026-03-27,117809,1,8,0,334.0
10108563SOUSAB_2026-03-27_G58,10108563SOUSAB,2026-03-27,110373,1,8,0,57.0
10108563SOUSAB_2026-03-27_G59,10108563SOUSAB,2026-03-27,110372,1,8,0,194.0
10108563SOUSAB_2026-03-27_G60,10108563SOUSAB,2026-03-27,118299,1,10,0,175.0
10108563SOUSAB_2026-03-27_G61,10108563SOUSAB,2026-03-27,110371,1,10,0,102.0
10108563SOUSAB_2026-03-27_G62,10108563SOUSAB,2026-03-27,117830,1,4,0,56.0
10108563SOUSAB_2026-03-27_G63,10108563SOUSAB,2026-03-27,117833,1,6,0,130.0
10108563SOUSAB_2026-03-30_G02,10108563SOUSAB,2026-03-30,118094,1,8,0,398.0
10108563SOUSAB_2026-03-30_G03,10108563SOUSAB,2026-03-30,141047,1,11,0,295.0
10108563SOUSAB_2026-03-30_G04,10108563SOUSAB,2026-03-30,111530,1,1,0,170.0
10108563SOUSAB_2026-03-30_G05,10108563SOUSAB,2026-03-30,111530,1,77,0,75.0
10108563SOUSAB_2026-03-30_G06,10108563SOUSAB,2026-03-30,111602,1,6,0,227.0
10108563SOUSAB_2026-03-30_G07,10108563SOUSAB,2026-03-30,111602,1,69,0,37.0
10108563SOUSAB_2026-03-30_G08,10108563SOUSAB,2026-03-30,110372,1,219,0,2186.0
10108563SOUSAB_2026-03-30_G09,10108563SOUSAB,2026-03-30,110375,1,52,0,340.0
10108563SOUSAB_2026-03-30_G10,10108563SOUSAB,2026-03-30,110325,1,10,0,322.0
10108563SOUSAB_2026-03-30_G11,10108563SOUSAB,2026-03-30,110375,1,3,0,219.0
10108563SOUSAB_2026-03-30_G12,10108563SOUSAB,2026-03-30,109640,1,3,0,1090.0
10108563SOUSAB_2026-03-30_G15,10108563SOUSAB,2026-03-30,111418,1,72,0,394.0
10108563SOUSAB_2026-03-30_G16,10108563SOUSAB,2026-03-30,140923,1,61,0,453.0
10108563SOUSAB_2026-03-30_G17,10108563SOUSAB,2026-03-30,117820,1,12,0,853.0
10108563SOUSAB_2026-03-30_G18,10108563SOUSAB,2026-03-30,141202,1,12,0,222.0
10108563SOUSAB_2026-03-30_G19,10108563SOUSAB,2026-03-30,117808,1,24,0,118.0
10108563SOUSAB_2026-03-30_G20,10108563SOUSAB,2026-03-30,109640,1,2,0,230.0
10108563SOUSAB_2026-03-30_G21,10108563SOUSAB,2026-03-30,111602,1,16,0,1059.0
10108563SOUSAB_2026-03-30_G22,10108563SOUSAB,2026-03-30,111443,1,4,0,191.0
10108563SOUSAB_2026-03-30_G23,10108563SOUSAB,2026-03-30,110373,1,8,0,451.0
10108563SOUSAB_2026-03-30_G24,10108563SOUSAB,2026-03-30,110372,1,4,0,152.0
10108563SOUSAB_2026-03-30_G25,10108563SOUSAB,2026-03-30,117808,1,4,0,132.0
10108563SOUSAB_2026-03-30_G26,10108563SOUSAB,2026-03-30,111435,1,4,0,260.0
10108563SOUSAB_2026-03-30_G27,10108563SOUSAB,2026-03-30,140922,1,4,0,175.0
10108563SOUSAB_2026-03-30_G28,10108563SOUSAB,2026-03-30,140923,1,3,0,146.0
10108563SOUSAB_2026-03-30_G29,10108563SOUSAB,2026-03-30,111530,1,1,0,111.0
10108563SOUSAB_2026-03-30_G31,10108563SOUSAB,2026-03-30,117832,1,11,0,663.0
10108563SOUSAB_2026-03-30_G32,10108563SOUSAB,2026-03-30,117822,1,4,0,71.0
10108563SOUSAB_2026-03-30_G33,10108563SOUSAB,2026-03-30,110374,1,20,0,335.0
10108563SOUSAB_2026-03-30_G34,10108563SOUSAB,2026-03-30,117841,1,6,0,113.0
10108563SOUSAB_2026-03-30_G35,10108563SOUSAB,2026-03-30,141456,1,18,0,132.0
10108563SOUSAB_2026-03-30_G36,10108563SOUSAB,2026-03-30,141457,1,4,0,267.0
10108563SOUSAB_2026-03-30_G37,10108563SOUSAB,2026-03-30,108794,1,6,0,79.0
10108563SOUSAB_2026-03-30_G38,10108563SOUSAB,2026-03-30,117786,1,4,0,248.0
10108563SOUSAB_2026-03-30_G39,10108563SOUSAB,2026-03-30,110711,2,12,11,248.0
10108563SOUSAB_2026-03-30_G41,10108563SOUSAB,2026-03-30,110711,1,1,0,249.0
10108563SOUSAB_2026-03-30_G42,10108563SOUSAB,2026-03-30,111602,1,4,0,140.0
10108563SOUSAB_2026-03-30_G43,10108563SOUSAB,2026-03-30,108794,1,6,0,155.0
10108563SOUSAB_2026-03-30_G44,10108563SOUSAB,2026-03-30,111602,1,1,0,218.0
10108563SOUSAB_2026-03-30_G45,10108563SOUSAB,2026-03-30,141916,1,2,0,165.0
10108563SOUSAB_2026-03-30_G46,10108563SOUSAB,2026-03-30,111438,1,3,0,159.0
10108563SOUSAB_2026-03-30_G47,10108563SOUSAB,2026-03-30,116527,1,4,0,265.0
10108563SOUSAB_2026-03-30_G48,10108563SOUSAB,2026-03-30,110742,1,2,0,165.0
10108563SOUSAB_2026-03-30_G49,10108563SOUSAB,2026-03-30,110755,1,2,0,792.0
10108563SOUSAB_2026-03-30_G50,10108563SOUSAB,2026-03-30,142045,1,7,0,223.0
10108563SOUSAB_2026-03-30_G51,10108563SOUSAB,2026-03-30,111430,1,2,0,265.0
10108563SOUSAB_2026-03-30_G52,10108563SOUSAB,2026-03-30,117786,1,2,0,189.0
10108563SOUSAB_2026-03-30_G53,10108563SOUSAB,2026-03-30,110752,1,4,0,97.0
10108563SOUSAB_2026-03-30_G54,10108563SOUSAB,2026-03-30,140923,1,6,0,263.0
10108563SOUSAB_2026-03-30_G55,10108563SOUSAB,2026-03-30,117856,1,4,0,139.0
10108563SOUSAB_2026-03-30_G56,10108563SOUSAB,2026-03-30,141047,1,2,0,133.0
10108563SOUSAB_2026-03-30_G57,10108563SOUSAB,2026-03-30,117862,1,8,0,520.0
10108563SOUSAB_2026-03-30_G58,10108563SOUSAB,2026-03-30,110313,1,5,0,194.0
10108563SOUSAB_2026-03-31_G02,10108563SOUSAB,2026-03-31,106179,1,1,0,288.0
10108563SOUSAB_2026-03-31_G03,10108563SOUSAB,2026-03-31,111354,1,4,0,167.0
10108563SOUSAB_2026-03-31_G04,10108563SOUSAB,2026-03-31,118286,1,4,0,471.0
10108563SOUSAB_2026-03-31_G05,10108563SOUSAB,2026-03-31,110310,1,5,0,306.0
10108563SOUSAB_2026-03-31_G06,10108563SOUSAB,2026-03-31,110841,1,5,0,167.0
10108563SOUSAB_2026-03-31_G07,10108563SOUSAB,2026-03-31,109471,1,4,0,170.0
10108563SOUSAB_2026-03-31_G08,10108563SOUSAB,2026-03-31,110682,1,4,0,102.0
10108563SOUSAB_2026-03-31_G09,10108563SOUSAB,2026-03-31,116527,1,4,0,175.0
10108563SOUSAB_2026-03-31_G10,10108563SOUSAB,2026-03-31,111779,1,4,0,127.0
10108563SOUSAB_2026-03-31_G11,10108563SOUSAB,2026-03-31,105359,1,5,0,385.0
10108563SOUSAB_2026-03-31_G12,10108563SOUSAB,2026-03-31,110533,1,8,0,92.0
10108563SOUSAB_2026-03-31_G13,10108563SOUSAB,2026-03-31,110582,1,4,0,202.0
10108563SOUSAB_2026-03-31_G14,10108563SOUSAB,2026-03-31,118229,1,7,0,258.0
10108563SOUSAB_2026-03-31_G15,10108563SOUSAB,2026-03-31,118299,1,542,0,2354.0
10108563SOUSAB_2026-03-31_G16,10108563SOUSAB,2026-03-31,117840,2,7,11,833.0
10108563SOUSAB_2026-03-31_G17,10108563SOUSAB,2026-03-31,110376,1,20,0,349.0
10108563SOUSAB_2026-03-31_G18,10108563SOUSAB,2026-03-31,109641,1,14,0,121.0
10108563SOUSAB_2026-03-31_G19,10108563SOUSAB,2026-03-31,111468,2,18,22,337.0
10108563SOUSAB_2026-03-31_G20,10108563SOUSAB,2026-03-31,110787,3,66,27,585.0
10108563SOUSAB_2026-03-31_G21,10108563SOUSAB,2026-03-31,141457,1,137,0,715.0
10108563SOUSAB_2026-03-31_G22,10108563SOUSAB,2026-03-31,109645,1,14,0,1800.0
10108563SOUSAB_2026-03-31_G23,10108563SOUSAB,2026-03-31,110895,1,8,0,952.0
10108563SOUSAB_2026-03-31_G24,10108563SOUSAB,2026-03-31,110895,1,4,0,35.0
10108563SOUSAB_2026-03-31_G25,10108563SOUSAB,2026-03-31,108770,2,2,14,389.0
10108563SOUSAB_2026-03-31_G26,10108563SOUSAB,2026-03-31,116527,2,4,11,165.0
10108563SOUSAB_2026-03-31_G27,10108563SOUSAB,2026-03-31,105359,2,2,8,128.0
10108563SOUSAB_2026-03-31_G28,10108563SOUSAB,2026-03-31,110755,2,3,8,169.0
10108563SOUSAB_2026-03-31_G29,10108563SOUSAB,2026-03-31,100334,1,3,0,92.0
10108563SOUSAB_2026-03-31_G30,10108563SOUSAB,2026-03-31,111438,1,4,0,990.0
10108563SOUSAB_2026-03-31_G32,10108563SOUSAB,2026-03-31,141318,1,30,0,203.0
10108563SOUSAB_2026-03-31_G33,10108563SOUSAB,2026-03-31,142045,1,25,0,431.0
10108563SOUSAB_2026-03-31_G34,10108563SOUSAB,2026-03-31,110580,1,2,0,134.0
10108563SOUSAB_2026-03-31_G35,10108563SOUSAB,2026-03-31,111443,1,12,0,902.0
10108563SOUSAB_2026-03-31_G36,10108563SOUSAB,2026-03-31,141458,1,20,0,703.0
10108563SOUSAB_2026-03-31_G37,10108563SOUSAB,2026-03-31,111462,2,50,10,330.0
10108563SOUSAB_2026-03-31_G38,10108563SOUSAB,2026-03-31,117821,1,20,0,138.0
10108563SOUSAB_2026-03-31_G39,10108563SOUSAB,2026-03-31,142093,1,20,0,512.0
10108563SOUSAB_2026-03-31_G40,10108563SOUSAB,2026-03-31,141456,1,28,0,937.0
10108563SOUSAB_2026-03-31_G41,10108563SOUSAB,2026-03-31,141456,1,25,0,414.0
10108563SOUSAB_2026-03-31_G42,10108563SOUSAB,2026-03-31,108794,1,23,0,430.0
10108563SOUSAB_2026-03-31_G43,10108563SOUSAB,2026-03-31,111418,1,50,0,463.0
10108768MARCOLINOA_2025-02-06_G02,10108768MARCOLINOA,2025-02-06,122984,1,24,0,34.0
10108768MARCOLINOA_2025-02-06_G03,10108768MARCOLINOA,2025-02-06,122185,1,50,0,504.0
10108768MARCOLINOA_2025-02-06_G04,10108768MARCOLINOA,2025-02-06,123560,1,1,0,64.0
10108768MARCOLINOA_2025-02-06_G05,10108768MARCOLINOA,2025-02-06,124247,1,24,0,415.0
10108768MARCOLINOA_2025-02-06_G06,10108768MARCOLINOA,2025-02-06,120339,1,16,0,227.0
10108768MARCOLINOA_2025-02-06_G07,10108768MARCOLINOA,2025-02-06,124511,1,40,0,520.0
10108768MARCOLINOA_2025-02-06_G08,10108768MARCOLINOA,2025-02-06,123345,1,12,0,150.0
10108768MARCOLINOA_2025-02-06_G09,10108768MARCOLINOA,2025-02-06,121651,1,20,0,331.0
10108768MARCOLINOA_2025-02-06_G10,10108768MARCOLINOA,2025-02-06,123344,1,12,0,665.0
10108768MARCOLINOA_2025-02-06_G11,10108768MARCOLINOA,2025-02-06,122988,1,16,0,277.0
10108768MARCOLINOA_2025-02-06_G12,10108768MARCOLINOA,2025-02-06,124371,1,4,0,193.0
10108768MARCOLINOA_2025-02-06_G13,10108768MARCOLINOA,2025-02-06,121760,1,20,0,301.0
10108768MARCOLINOA_2025-02-06_G14,10108768MARCOLINOA,2025-02-06,123857,1,2,0,274.0
10108768MARCOLINOA_2025-02-06_G15,10108768MARCOLINOA,2025-02-06,121651,2,10,11,296.0
10108768MARCOLINOA_2025-02-06_G16,10108768MARCOLINOA,2025-02-06,122553,1,89,0,1982.0
10108768MARCOLINOA_2025-02-06_G17,10108768MARCOLINOA,2025-02-06,124248,1,15,0,132.0
10108768MARCOLINOA_2025-02-13_G02,10108768MARCOLINOA,2025-02-13,122647,1,48,0,753.0
10108768MARCOLINOA_2025-02-13_G03,10108768MARCOLINOA,2025-02-13,123909,1,8,0,326.0
10108768MARCOLINOA_2025-02-13_G04,10108768MARCOLINOA,2025-02-13,124486,1,12,0,185.0
10108768MARCOLINOA_2025-02-13_G05,10108768MARCOLINOA,2025-02-13,123909,1,8,0,161.0
10108768MARCOLINOA_2025-02-13_G06,10108768MARCOLINOA,2025-02-13,123343,1,4,0,140.0
10108768MARCOLINOA_2025-02-13_G07,10108768MARCOLINOA,2025-02-13,123345,1,2,0,77.0
10108768MARCOLINOA_2025-02-13_G08,10108768MARCOLINOA,2025-02-13,122962,1,27,0,426.0
10108768MARCOLINOA_2025-02-13_G09,10108768MARCOLINOA,2025-02-13,122962,1,21,0,284.0
10108768MARCOLINOA_2025-02-13_G10,10108768MARCOLINOA,2025-02-13,120028,1,52,0,1006.0
10108768MARCOLINOA_2025-02-13_G11,10108768MARCOLINOA,2025-02-13,122196,1,2,0,84.0
10108768MARCOLINOA_2025-02-13_G12,10108768MARCOLINOA,2025-02-13,120389,1,40,0,493.0
10108768MARCOLINOA_2025-02-13_G13,10108768MARCOLINOA,2025-02-13,123909,1,2,0,105.0
10108768MARCOLINOA_2025-02-13_G14,10108768MARCOLINOA,2025-02-13,124248,1,100,0,2857.0
10108768MARCOLINOA_2025-02-13_G16,10108768MARCOLINOA,2025-02-13,124433,1,22,0,1104.0
10108768MARCOLINOA_2025-02-13_G17,10108768MARCOLINOA,2025-02-13,122962,1,14,0,137.0
10108768MARCOLINOA_2025-02-13_G18,10108768MARCOLINOA,2025-02-13,122671,1,12,0,134.0
10108768MARCOLINOA_2025-02-13_G19,10108768MARCOLINOA,2025-02-13,123909,1,7,0,145.0
10108768MARCOLINOA_2025-02-13_G20,10108768MARCOLINOA,2025-02-13,120028,1,10,0,146.0
10108768MARCOLINOA_2025-02-13_G21,10108768MARCOLINOA,2025-02-13,122673,1,12,0,298.0
10108768MARCOLINOA_2025-02-13_G22,10108768MARCOLINOA,2025-02-13,122647,1,17,0,351.0
10108768MARCOLINOA_2025-02-13_G23,10108768MARCOLINOA,2025-02-13,124486,1,20,0,200.0
10108768MARCOLINOA_2025-02-13_G24,10108768MARCOLINOA,2025-02-13,123822,1,11,0,276.0
10108768MARCOLINOA_2025-02-18_G02,10108768MARCOLINOA,2025-02-18,122673,1,33,0,206.0
10108768MARCOLINOA_2025-02-18_G03,10108768MARCOLINOA,2025-02-18,122962,1,8,0,113.0
10108768MARCOLINOA_2025-02-18_G04,10108768MARCOLINOA,2025-02-18,124486,1,5,0,321.0
10108768MARCOLINOA_2025-02-27_G02,10108768MARCOLINOA,2025-02-27,122981,1,4,0,48.0
10108768MARCOLINOA_2025-02-27_G03,10108768MARCOLINOA,2025-02-27,124248,1,8,0,203.0
10108768MARCOLINOA_2025-02-27_G04,10108768MARCOLINOA,2025-02-27,122984,1,40,0,1373.0
10108768MARCOLINOA_2025-02-27_G05,10108768MARCOLINOA,2025-02-27,124476,1,2,0,1530.0
10108768MARCOLINOA_2025-02-27_G06,10108768MARCOLINOA,2025-02-27,124475,1,2,0,71.0
10108768MARCOLINOA_2025-02-27_G07,10108768MARCOLINOA,2025-02-27,122962,1,4,0,88.0
10108768MARCOLINOA_2025-02-27_G08,10108768MARCOLINOA,2025-02-27,123907,1,8,0,68.0
10108768MARCOLINOA_2025-02-27_G09,10108768MARCOLINOA,2025-02-27,121651,1,10,0,440.0
10108768MARCOLINOA_2025-02-27_G10,10108768MARCOLINOA,2025-02-27,122962,1,32,0,2005.0
10108768MARCOLINOA_2025-02-27_G11,10108768MARCOLINOA,2025-02-27,"122647, 124476, 124475",3,64,27,635.0
10108768MARCOLINOA_2025-02-27_G12,10108768MARCOLINOA,2025-02-27,"124476, 124475",2,4,7,122.0
10108768MARCOLINOA_2025-02-27_G13,10108768MARCOLINOA,2025-02-27,124370,1,40,0,1043.0
10108768MARCOLINOA_2025-02-27_G14,10108768MARCOLINOA,2025-02-27,122962,1,12,0,425.0
10108768MARCOLINOA_2025-02-27_G15,10108768MARCOLINOA,2025-02-27,122673,1,16,0,409.0
10108768MARCOLINOA_2025-02-27_G16,10108768MARCOLINOA,2025-02-27,122673,1,60,0,1200.0
10108768MARCOLINOA_2025-02-27_G17,10108768MARCOLINOA,2025-02-27,122185,1,80,0,544.0
10108768MARCOLINOA_2025-02-27_G18,10108768MARCOLINOA,2025-02-27,122984,1,13,0,108.0
10108768MARCOLINOA_2025-02-27_G19,10108768MARCOLINOA,2025-02-27,122962,1,25,0,1007.0
10108768MARCOLINOA_2025-02-27_G20,10108768MARCOLINOA,2025-02-27,122673,1,40,0,646.0
10108768MARCOLINOA_2025-02-27_G21,10108768MARCOLINOA,2025-02-27,122647,1,30,0,249.0
10108768MARCOLINOA_2025-02-27_G22,10108768MARCOLINOA,2025-02-27,122984,1,40,0,645.0
10108768MARCOLINOA_2025-02-27_G23,10108768MARCOLINOA,2025-02-27,124475,1,16,0,306.0
10108768MARCOLINOA_2025-02-27_G24,10108768MARCOLINOA,2025-02-27,124475,1,4,0,57.0
10108768MARCOLINOA_2025-02-27_G25,10108768MARCOLINOA,2025-02-27,124475,2,4,27,161.0
10108768MARCOLINOA_2025-02-27_G26,10108768MARCOLINOA,2025-02-27,124475,1,2,0,41.0
10108768MARCOLINOA_2025-02-27_G27,10108768MARCOLINOA,2025-02-27,124475,1,8,0,108.0
10108768MARCOLINOA_2025-02-27_G28,10108768MARCOLINOA,2025-02-27,124475,1,4,0,457.0
10108768MARCOLINOA_2025-02-27_G29,10108768MARCOLINOA,2025-02-27,123153,1,2,0,69.0
10108768MARCOLINOA_2025-02-27_G30,10108768MARCOLINOA,2025-02-27,124475,1,2,0,128.0
10108768MARCOLINOA_2025-02-27_G31,10108768MARCOLINOA,2025-02-27,123907,1,8,0,189.0
10108768MARCOLINOA_2025-02-27_G32,10108768MARCOLINOA,2025-02-27,124475,1,16,0,239.0
10108768MARCOLINOA_2025-02-27_G33,10108768MARCOLINOA,2025-02-27,124475,1,2,0,198.0
10108768MARCOLINOA_2025-02-27_G35,10108768MARCOLINOA,2025-02-27,122185,1,50,0,308.0
10108768MARCOLINOA_2025-02-27_G36,10108768MARCOLINOA,2025-02-27,122984,1,20,0,176.0
10108768MARCOLINOA_2025-02-27_G37,10108768MARCOLINOA,2025-02-27,123561,1,32,0,483.0
10108768MARCOLINOA_2025-02-27_G38,10108768MARCOLINOA,2025-02-27,122185,1,21,0,1167.0
10108768MARCOLINOA_2025-02-27_G39,10108768MARCOLINOA,2025-02-27,"124475, 124476",2,14,15,210.0
10108768MARCOLINOA_2025-02-27_G40,10108768MARCOLINOA,2025-02-27,124475,1,12,0,275.0
10108768MARCOLINOA_2025-02-27_G41,10108768MARCOLINOA,2025-02-27,124476,1,4,0,35.0
10108768MARCOLINOA_2025-02-27_G42,10108768MARCOLINOA,2025-02-27,124475,1,16,0,322.0
10108768MARCOLINOA_2025-02-27_G43,10108768MARCOLINOA,2025-02-27,124476,1,8,0,86.0
10108768MARCOLINOA_2025-02-27_G44,10108768MARCOLINOA,2025-02-27,122671,1,20,0,283.0
10108768MARCOLINOA_2025-02-27_G45,10108768MARCOLINOA,2025-02-27,124475,1,8,0,77.0
10108768MARCOLINOA_2025-02-27_G46,10108768MARCOLINOA,2025-02-27,124476,1,4,0,38.0
10108768MARCOLINOA_2025-02-27_G47,10108768MARCOLINOA,2025-02-27,124475,1,8,0,219.0
10108768MARCOLINOA_2025-02-27_G48,10108768MARCOLINOA,2025-02-27,122185,1,6,0,141.0
10108768MARCOLINOA_2025-02-27_G49,10108768MARCOLINOA,2025-02-27,124475,1,2,0,108.0
10108768MARCOLINOA_2025-02-27_G50,10108768MARCOLINOA,2025-02-27,124475,2,4,13,86.0
10108768MARCOLINOA_2025-02-27_G51,10108768MARCOLINOA,2025-02-27,124475,1,3,0,155.0
10108768MARCOLINOA_2025-02-27_G52,10108768MARCOLINOA,2025-02-27,120272,1,8,0,1351.0
10108768MARCOLINOA_2025-02-27_G53,10108768MARCOLINOA,2025-02-27,121928,1,4,0,69.0
10108768MARCOLINOA_2025-02-27_G54,10108768MARCOLINOA,2025-02-27,122981,1,4,0,99.0
10108768MARCOLINOA_2025-02-27_G55,10108768MARCOLINOA,2025-02-27,120271,1,7,0,256.0
10108768MARCOLINOA_2025-02-27_G56,10108768MARCOLINOA,2025-02-27,122982,1,8,0,61.0
10108768MARCOLINOA_2025-02-27_G57,10108768MARCOLINOA,2025-02-27,122984,2,22,22,180.0
10108768MARCOLINOA_2025-02-27_G58,10108768MARCOLINOA,2025-02-27,121760,1,8,0,137.0
10108768MARCOLINOA_2025-02-27_G59,10108768MARCOLINOA,2025-02-27,124247,1,12,0,134.0
10108768MARCOLINOA_2025-02-27_G60,10108768MARCOLINOA,2025-02-27,122647,1,4,0,54.0
10108768MARCOLINOA_2025-02-27_G61,10108768MARCOLINOA,2025-02-27,120389,1,4,0,156.0
10108768MARCOLINOA_2025-02-27_G62,10108768MARCOLINOA,2025-02-27,123909,1,9,0,135.0
10108768MARCOLINOA_2025-02-27_G63,10108768MARCOLINOA,2025-02-27,123344,1,42,0,160.0
10108768MARCOLINOA_2025-02-27_G64,10108768MARCOLINOA,2025-02-27,120339,1,50,0,734.0
10108768MARCOLINOA_2025-02-27_G65,10108768MARCOLINOA,2025-02-27,"123343, 123345",2,110,10,467.0
10108768MARCOLINOA_2025-11-08_G02,10108768MARCOLINOA,2025-11-08,122671,1,16,0,200.0
10108768MARCOLINOA_2025-11-08_G03,10108768MARCOLINOA,2025-11-08,120389,1,16,0,124.0
10108768MARCOLINOA_2025-11-08_G04,10108768MARCOLINOA,2025-11-08,120028,1,68,0,2352.0
10108768MARCOLINOA_2025-11-08_G05,10108768MARCOLINOA,2025-11-08,124486,1,20,0,582.0
10108768MARCOLINOA_2025-11-08_G06,10108768MARCOLINOA,2025-11-08,122962,1,12,0,256.0
10108768MARCOLINOA_2025-11-11_G02,10108768MARCOLINOA,2025-11-11,122962,1,64,0,834.0
10108768MARCOLINOA_2025-11-11_G03,10108768MARCOLINOA,2025-11-11,122647,1,16,0,227.0
10108768MARCOLINOA_2025-11-11_G04,10108768MARCOLINOA,2025-11-11,123909,1,4,0,114.0
10108768MARCOLINOA_2025-11-11_G05,10108768MARCOLINOA,2025-11-11,122647,1,86,0,1581.0
10108768MARCOLINOA_2025-11-11_G06,10108768MARCOLINOA,2025-11-11,122967,1,20,0,188.0
10108768MARCOLINOA_2026-01-21_G03,10108768MARCOLINOA,2026-01-21,122967,1,12,0,130.0
10108768MARCOLINOA_2026-01-21_G04,10108768MARCOLINOA,2026-01-21,120389,1,4,0,114.0
10108768MARCOLINOA_2026-01-21_G05,10108768MARCOLINOA,2026-01-21,120339,1,20,0,247.0
10108768MARCOLINOA_2026-01-21_G06,10108768MARCOLINOA,2026-01-21,124370,1,10,0,146.0
10108768MARCOLINOA_2026-01-21_G07,10108768MARCOLINOA,2026-01-21,122185,1,64,0,759.0
10108768MARCOLINOA_2026-01-21_G08,10108768MARCOLINOA,2026-01-21,124486,1,22,0,495.0
10108768MARCOLINOA_2026-01-21_G09,10108768MARCOLINOA,2026-01-21,120389,1,10,0,261.0
10108768MARCOLINOA_2026-01-21_G10,10108768MARCOLINOA,2026-01-21,120339,1,10,0,123.0
10108768MARCOLINOA_2026-01-21_G11,10108768MARCOLINOA,2026-01-21,124370,1,10,0,107.0
10108768MARCOLINOA_2026-01-21_G12,10108768MARCOLINOA,2026-01-21,122981,1,7,0,146.0
10108768MARCOLINOA_2026-01-21_G13,10108768MARCOLINOA,2026-01-21,122984,1,36,0,420.0
10108768MARCOLINOA_2026-01-21_G14,10108768MARCOLINOA,2026-01-21,124371,1,8,0,98.0
10108768MARCOLINOA_2026-01-21_G15,10108768MARCOLINOA,2026-01-21,120271,1,2,0,44.0
10108768MARCOLINOA_2026-01-21_G16,10108768MARCOLINOA,2026-01-21,122647,1,8,0,115.0
10108768MARCOLINOA_2026-01-21_G17,10108768MARCOLINOA,2026-01-21,121651,1,10,0,229.0
10108768MARCOLINOA_2026-01-21_G18,10108768MARCOLINOA,2026-01-21,120028,1,16,0,105.0
10108768MARCOLINOA_2026-01-21_G19,10108768MARCOLINOA,2026-01-21,123520,1,2,0,65.0
10108768MARCOLINOA_2026-01-21_G20,10108768MARCOLINOA,2026-01-21,123909,1,7,0,99.0
10108768MARCOLINOA_2026-01-21_G21,10108768MARCOLINOA,2026-01-21,124624,1,10,0,305.0
10108768MARCOLINOA_2026-01-21_G22,10108768MARCOLINOA,2026-01-21,124486,1,6,0,761.0
10108768MARCOLINOA_2026-01-21_G23,10108768MARCOLINOA,2026-01-21,121760,1,9,0,168.0
10108768MARCOLINOA_2026-01-21_G24,10108768MARCOLINOA,2026-01-21,124475,1,2,0,113.0
10108768MARCOLINOA_2026-01-21_G25,10108768MARCOLINOA,2026-01-21,122962,1,12,0,77.0
10108768MARCOLINOA_2026-01-21_G26,10108768MARCOLINOA,2026-01-21,123889,1,20,0,279.0
10108768MARCOLINOA_2026-01-21_G27,10108768MARCOLINOA,2026-01-21,124477,1,2,0,134.0
10108768MARCOLINOA_2026-01-21_G28,10108768MARCOLINOA,2026-01-21,123947,1,12,0,134.0
10108768MARCOLINOA_2026-01-21_G29,10108768MARCOLINOA,2026-01-21,124548,1,16,0,512.0
10108768MARCOLINOA_2026-01-21_G30,10108768MARCOLINOA,2026-01-21,122984,1,32,0,546.0
10108768MARCOLINOA_2026-01-21_G31,10108768MARCOLINOA,2026-01-21,124486,1,10,0,260.0
10108768MARCOLINOA_2026-01-21_G32,10108768MARCOLINOA,2026-01-21,122962,1,28,0,319.0
10108768MARCOLINOA_2026-01-21_G33,10108768MARCOLINOA,2026-01-21,124548,1,40,0,306.0
10108768MARCOLINOA_2026-01-21_G34,10108768MARCOLINOA,2026-01-21,124486,1,60,0,1513.0
10108768MARCOLINOA_2026-01-21_G35,10108768MARCOLINOA,2026-01-21,120008,1,12,0,986.0
10108768MARCOLINOA_2026-01-21_G36,10108768MARCOLINOA,2026-01-21,122962,1,40,0,634.0
10108768MARCOLINOA_2026-01-21_G37,10108768MARCOLINOA,2026-01-21,122673,1,4,0,319.0
10108768MARCOLINOA_2026-01-21_G38,10108768MARCOLINOA,2026-01-21,124483,1,10,0,140.0
10108768MARCOLINOA_2026-01-21_G39,10108768MARCOLINOA,2026-01-21,124624,1,4,0,90.0
10108768MARCOLINOA_2026-01-21_G40,10108768MARCOLINOA,2026-01-21,124486,1,12,0,299.0
10108768MARCOLINOA_2026-01-21_G41,10108768MARCOLINOA,2026-01-21,120339,1,6,0,112.0
10108768MARCOLINOA_2026-01-21_G42,10108768MARCOLINOA,2026-01-21,124370,1,12,0,130.0
10108768MARCOLINOA_2026-01-21_G43,10108768MARCOLINOA,2026-01-21,124483,1,2,0,88.0
10108768MARCOLINOA_2026-01-21_G44,10108768MARCOLINOA,2026-01-21,123081,1,30,0,307.0
10108768MARCOLINOA_2026-01-21_G45,10108768MARCOLINOA,2026-01-21,123345,1,7,0,274.0
10108768MARCOLINOA_2026-02-28_G02,10108768MARCOLINOA,2026-02-28,111462,1,5,0,187.0
10108768MARCOLINOA_2026-02-28_G03,10108768MARCOLINOA,2026-02-28,110313,1,8,0,123.0
10108768MARCOLINOA_2026-02-28_G04,10108768MARCOLINOA,2026-02-28,117855,1,10,0,132.0
10108768MARCOLINOA_2026-02-28_G05,10108768MARCOLINOA,2026-02-28,111469,1,4,0,152.0
10108768MARCOLINOA_2026-02-28_G06,10108768MARCOLINOA,2026-02-28,111602,1,12,0,267.0
10108768MARCOLINOA_2026-02-28_G07,10108768MARCOLINOA,2026-02-28,108711,1,8,0,103.0
10108768MARCOLINOA_2026-02-28_G08,10108768MARCOLINOA,2026-02-28,117855,1,6,0,158.0
10108768MARCOLINOA_2026-02-28_G09,10108768MARCOLINOA,2026-02-28,111469,1,4,0,93.0
10108768MARCOLINOA_2026-02-28_G10,10108768MARCOLINOA,2026-02-28,105705,1,49,0,333.0
10108768MARCOLINOA_2026-02-28_G11,10108768MARCOLINOA,2026-02-28,105705,1,2,0,61.0
10108768MARCOLINOA_2026-02-28_G12,10108768MARCOLINOA,2026-02-28,105705,1,2,0,46.0
10108768MARCOLINOA_2026-02-28_G13,10108768MARCOLINOA,2026-02-28,111466,1,4,0,272.0
10108768MARCOLINOA_2026-02-28_G14,10108768MARCOLINOA,2026-02-28,108795,1,3,0,48.0
10108768MARCOLINOA_2026-02-28_G15,10108768MARCOLINOA,2026-02-28,105705,1,4,0,180.0
10108768MARCOLINOA_2026-02-28_G16,10108768MARCOLINOA,2026-02-28,111850,1,7,0,401.0
10108768MARCOLINOA_2026-02-28_G17,10108768MARCOLINOA,2026-02-28,111532,1,30,0,473.0
10108768MARCOLINOA_2026-02-28_G18,10108768MARCOLINOA,2026-02-28,141457,1,4,0,1954.0
10108768MARCOLINOA_2026-02-28_G19,10108768MARCOLINOA,2026-02-28,111532,1,1,0,156.0
10108768MARCOLINOA_2026-02-28_G20,10108768MARCOLINOA,2026-02-28,110755,1,4,0,142.0
10108768MARCOLINOA_2026-02-28_G21,10108768MARCOLINOA,2026-02-28,110313,1,6,0,195.0
10108768MARCOLINOA_2026-02-28_G22,10108768MARCOLINOA,2026-02-28,117821,1,6,0,107.0
10108768MARCOLINOA_2026-02-28_G23,10108768MARCOLINOA,2026-02-28,110895,1,1,0,148.0
10108768MARCOLINOA_2026-02-28_G24,10108768MARCOLINOA,2026-02-28,141823,1,1,0,136.0
10108768MARCOLINOA_2026-02-28_G25,10108768MARCOLINOA,2026-02-28,140923,1,4,0,1071.0
10108768MARCOLINOA_2026-02-28_G26,10108768MARCOLINOA,2026-02-28,107892,1,2,0,105.0
10108768MARCOLINOA_2026-02-28_G27,10108768MARCOLINOA,2026-02-28,107892,1,2,0,43.0
10108768MARCOLINOA_2026-02-28_G28,10108768MARCOLINOA,2026-02-28,111532,1,2,0,122.0
10108768MARCOLINOA_2026-02-28_G29,10108768MARCOLINOA,2026-02-28,111532,1,6,0,85.0
10108768MARCOLINOA_2026-02-28_G30,10108768MARCOLINOA,2026-02-28,111532,1,4,0,59.0
10108768MARCOLINOA_2026-02-28_G31,10108768MARCOLINOA,2026-02-28,111532,1,2,0,46.0
10108768MARCOLINOA_2026-02-28_G32,10108768MARCOLINOA,2026-02-28,109643,1,1,0,508.0
10108768MARCOLINOA_2026-02-28_G33,10108768MARCOLINOA,2026-02-28,111532,1,3,0,95.0
10108768MARCOLINOA_2026-02-28_G34,10108768MARCOLINOA,2026-02-28,117820,1,4,0,221.0
10108768MARCOLINOA_2026-02-28_G35,10108768MARCOLINOA,2026-02-28,142093,1,4,0,274.0
10108768MARCOLINOA_2026-02-28_G36,10108768MARCOLINOA,2026-02-28,110325,1,1,0,95.0
10108768MARCOLINOA_2026-02-28_G37,10108768MARCOLINOA,2026-02-28,111532,1,8,0,158.0
10108768MARCOLINOA_2026-02-28_G38,10108768MARCOLINOA,2026-02-28,111530,1,2,0,99.0
10108768MARCOLINOA_2026-02-28_G39,10108768MARCOLINOA,2026-02-28,111532,1,12,0,155.0
10108768MARCOLINOA_2026-02-28_G40,10108768MARCOLINOA,2026-02-28,110325,1,4,0,117.0
10108768MARCOLINOA_2026-02-28_G41,10108768MARCOLINOA,2026-02-28,111532,1,59,0,539.0
10108768MARCOLINOA_2026-02-28_G42,10108768MARCOLINOA,2026-02-28,110325,1,12,0,291.0
10108768MARCOLINOA_2026-02-28_G43,10108768MARCOLINOA,2026-02-28,111532,1,2,0,268.0
10108768MARCOLINOA_2026-02-28_G44,10108768MARCOLINOA,2026-02-28,140923,1,4,0,91.0
10108768MARCOLINOA_2026-02-28_G45,10108768MARCOLINOA,2026-02-28,111532,1,1,0,32.0
10108768MARCOLINOA_2026-02-28_G46,10108768MARCOLINOA,2026-02-28,110325,1,6,0,138.0
10108768MARCOLINOA_2026-02-28_G47,10108768MARCOLINOA,2026-02-28,111530,1,1,0,349.0
10108768MARCOLINOA_2026-02-28_G48,10108768MARCOLINOA,2026-02-28,108798,1,2,0,228.0
10108768MARCOLINOA_2026-02-28_G49,10108768MARCOLINOA,2026-02-28,111530,1,3,0,83.0
10108768MARCOLINOA_2026-02-28_G50,10108768MARCOLINOA,2026-02-28,111532,1,4,0,182.0
10108768MARCOLINOA_2026-02-28_G51,10108768MARCOLINOA,2026-02-28,"111465, 111469",2,5,26,178.0
10108768MARCOLINOA_2026-02-28_G52,10108768MARCOLINOA,2026-02-28,111532,1,40,0,377.0
10108768MARCOLINOA_2026-02-28_G53,10108768MARCOLINOA,2026-02-28,110374,1,4,0,201.0
10108768MARCOLINOA_2026-02-28_G54,10108768MARCOLINOA,2026-02-28,117809,1,6,0,43.0
10108768MARCOLINOA_2026-02-28_G55,10108768MARCOLINOA,2026-02-28,117820,1,4,0,49.0
10108768MARCOLINOA_2026-02-28_G56,10108768MARCOLINOA,2026-02-28,110376,1,2,0,79.0
10108768MARCOLINOA_2026-02-28_G57,10108768MARCOLINOA,2026-02-28,117832,1,4,0,83.0
10108768MARCOLINOA_2026-02-28_G58,10108768MARCOLINOA,2026-02-28,111530,1,12,0,350.0
10108768MARCOLINOA_2026-02-28_G59,10108768MARCOLINOA,2026-02-28,111530,1,8,0,141.0
10108768MARCOLINOA_2026-03-07_G02,10108768MARCOLINOA,2026-03-07,111445,1,2,0,275.0
10108768MARCOLINOA_2026-03-07_G03,10108768MARCOLINOA,2026-03-07,111569,1,11,0,479.0
10108768MARCOLINOA_2026-03-07_G04,10108768MARCOLINOA,2026-03-07,110755,1,134,0,736.0
10108768MARCOLINOA_2026-03-07_G05,10108768MARCOLINOA,2026-03-07,111438,1,104,0,216.0
10108768MARCOLINOA_2026-03-07_G06,10108768MARCOLINOA,2026-03-07,111441,1,95,0,518.0
10108768MARCOLINOA_2026-03-07_G07,10108768MARCOLINOA,2026-03-07,111444,1,1,0,875.0
10108768MARCOLINOA_2026-03-07_G08,10108768MARCOLINOA,2026-03-07,111442,1,9,0,506.0
10108768MARCOLINOA_2026-03-07_G09,10108768MARCOLINOA,2026-03-07,111443,1,25,0,459.0
10108768MARCOLINOA_2026-03-07_G10,10108768MARCOLINOA,2026-03-07,110751,1,13,0,290.0
10108768MARCOLINOA_2026-03-07_G11,10108768MARCOLINOA,2026-03-07,111431,1,14,0,255.0
10108768MARCOLINOA_2026-03-07_G12,10108768MARCOLINOA,2026-03-07,111462,1,237,0,942.0
10108768MARCOLINOA_2026-03-07_G14,10108768MARCOLINOA,2026-03-07,109643,1,150,0,268.0
10108768MARCOLINOA_2026-03-13_G02,10108768MARCOLINOA,2026-03-13,141352,1,8,0,95.0
10108768MARCOLINOA_2026-03-13_G03,10108768MARCOLINOA,2026-03-13,111530,1,13,0,106.0
10108768MARCOLINOA_2026-03-13_G05,10108768MARCOLINOA,2026-03-13,122647,1,6,0,239.0
10108768MARCOLINOA_2026-03-13_G06,10108768MARCOLINOA,2026-03-13,124371,1,4,0,721.0
10108768MARCOLINOA_2026-03-13_G07,10108768MARCOLINOA,2026-03-13,124486,1,2,0,132.0
10108768MARCOLINOA_2026-03-13_G08,10108768MARCOLINOA,2026-03-13,124486,1,6,0,231.0
10108768MARCOLINOA_2026-03-13_G09,10108768MARCOLINOA,2026-03-13,121651,1,4,0,164.0
10108768MARCOLINOA_2026-03-13_G10,10108768MARCOLINOA,2026-03-13,123909,1,4,0,160.0
10108768MARCOLINOA_2026-03-13_G11,10108768MARCOLINOA,2026-03-13,123345,1,5,0,462.0
10108768MARCOLINOA_2026-03-13_G12,10108768MARCOLINOA,2026-03-13,123345,1,14,0,79.0
10108768MARCOLINOA_2026-03-13_G13,10108768MARCOLINOA,2026-03-13,121760,1,26,0,45.0
10108768MARCOLINOA_2026-03-13_G14,10108768MARCOLINOA,2026-03-13,123344,1,9,0,56.0
10108768MARCOLINOA_2026-03-13_G15,10108768MARCOLINOA,2026-03-13,124486,1,4,0,494.0
10108768MARCOLINOA_2026-03-13_G16,10108768MARCOLINOA,2026-03-13,122962,1,4,0,75.0
10108768MARCOLINOA_2026-03-13_G17,10108768MARCOLINOA,2026-03-13,124475,1,2,0,126.0
10108768MARCOLINOA_2026-03-13_G18,10108768MARCOLINOA,2026-03-13,124371,1,1,0,43.0
10108768MARCOLINOA_2026-03-13_G19,10108768MARCOLINOA,2026-03-13,122671,1,4,0,94.0
10108768MARCOLINOA_2026-03-13_G20,10108768MARCOLINOA,2026-03-13,121651,1,4,0,289.0
10108768MARCOLINOA_2026-03-13_G21,10108768MARCOLINOA,2026-03-13,123909,1,5,0,1203.0
10108768MARCOLINOA_2026-03-13_G22,10108768MARCOLINOA,2026-03-13,"124370, 124475",2,18,17,448.0
10108768MARCOLINOA_2026-03-13_G23,10108768MARCOLINOA,2026-03-13,124371,1,16,0,262.0
10108768MARCOLINOA_2026-03-13_G24,10108768MARCOLINOA,2026-03-13,124371,1,4,0,408.0
10108768MARCOLINOA_2026-03-13_G25,10108768MARCOLINOA,2026-03-13,122962,1,3,0,41.0
10108768MARCOLINOA_2026-03-13_G26,10108768MARCOLINOA,2026-03-13,124370,1,2,0,182.0
10108768MARCOLINOA_2026-03-13_G27,10108768MARCOLINOA,2026-03-13,122962,1,40,0,622.0
10108768MARCOLINOA_2026-03-13_G28,10108768MARCOLINOA,2026-03-13,122962,1,41,0,669.0
10108768MARCOLINOA_2026-03-13_G29,10108768MARCOLINOA,2026-03-13,123345,1,5,0,188.0
10108768MARCOLINOA_2026-03-13_G30,10108768MARCOLINOA,2026-03-13,124486,1,20,0,2020.0
10108768MARCOLINOA_2026-03-13_G31,10108768MARCOLINOA,2026-03-13,124594,1,4,0,201.0
10108768MARCOLINOA_2026-03-14_G02,10108768MARCOLINOA,2026-03-14,140922,1,16,0,148.0
10108768MARCOLINOA_2026-03-14_G03,10108768MARCOLINOA,2026-03-14,141271,1,10,0,123.0
10108768MARCOLINOA_2026-03-14_G04,10108768MARCOLINOA,2026-03-14,111431,1,4,0,141.0
10108768MARCOLINOA_2026-03-14_G05,10108768MARCOLINOA,2026-03-14,117787,1,6,0,108.0
10108768MARCOLINOA_2026-03-14_G06,10108768MARCOLINOA,2026-03-14,142093,1,60,0,878.0
10108768MARCOLINOA_2026-03-14_G07,10108768MARCOLINOA,2026-03-14,"111418, 111469",2,160,9,259.0
10108768MARCOLINOA_2026-03-14_G08,10108768MARCOLINOA,2026-03-14,116241,1,20,0,455.0
10108768MARCOLINOA_2026-03-14_G09,10108768MARCOLINOA,2026-03-14,111462,1,50,0,236.0
10108768MARCOLINOA_2026-03-14_G10,10108768MARCOLINOA,2026-03-14,110373,1,120,0,238.0
10108768MARCOLINOA_2026-03-14_G11,10108768MARCOLINOA,2026-03-14,117808,1,300,0,433.0
10108768MARCOLINOA_2026-03-14_G12,10108768MARCOLINOA,2026-03-14,117840,1,8,0,348.0
10108768MARCOLINOA_2026-03-14_G13,10108768MARCOLINOA,2026-03-14,118299,1,180,0,251.0
10108768MARCOLINOA_2026-03-14_G14,10108768MARCOLINOA,2026-03-14,117830,1,30,0,249.0
10108768MARCOLINOA_2026-03-14_G15,10108768MARCOLINOA,2026-03-14,110371,1,40,0,171.0
10108768MARCOLINOA_2026-03-14_G16,10108768MARCOLINOA,2026-03-14,110372,1,50,0,226.0
10108768MARCOLINOA_2026-03-14_G17,10108768MARCOLINOA,2026-03-14,140923,1,10,0,68.0
10108768MARCOLINOA_2026-03-14_G18,10108768MARCOLINOA,2026-03-14,117855,1,25,0,195.0
10108768MARCOLINOA_2026-03-14_G19,10108768MARCOLINOA,2026-03-14,108772,1,4,0,475.0
10108768MARCOLINOA_2026-03-14_G20,10108768MARCOLINOA,2026-03-14,111467,2,30,14,169.0
10108768MARCOLINOA_2026-03-14_G21,10108768MARCOLINOA,2026-03-14,110733,1,20,0,340.0
10108768MARCOLINOA_2026-03-14_G22,10108768MARCOLINOA,2026-03-14,117834,1,4,0,2303.0
10108768MARCOLINOA_2026-03-14_G23,10108768MARCOLINOA,2026-03-14,117835,1,4,0,101.0
10108768MARCOLINOA_2026-03-14_G24,10108768MARCOLINOA,2026-03-14,114650,1,4,0,153.0
10108768MARCOLINOA_2026-03-14_G25,10108768MARCOLINOA,2026-03-14,142045,1,11,0,79.0
10108768MARCOLINOA_2026-03-14_G26,10108768MARCOLINOA,2026-03-14,110754,1,4,0,172.0
10108768MARCOLINOA_2026-03-14_G27,10108768MARCOLINOA,2026-03-14,110750,1,4,0,178.0
10108768MARCOLINOA_2026-03-14_G28,10108768MARCOLINOA,2026-03-14,110741,1,3,0,78.0
10108768MARCOLINOA_2026-03-14_G29,10108768MARCOLINOA,2026-03-14,107629,1,4,0,47.0
10108768MARCOLINOA_2026-03-14_G30,10108768MARCOLINOA,2026-03-14,109647,1,4,0,70.0
10108768MARCOLINOA_2026-03-14_G31,10108768MARCOLINOA,2026-03-14,110733,1,10,0,94.0
10108768MARCOLINOA_2026-03-14_G32,10108768MARCOLINOA,2026-03-14,111879,1,4,0,156.0
10108768MARCOLINOA_2026-03-14_G33,10108768MARCOLINOA,2026-03-14,100334,1,12,0,191.0
10108768MARCOLINOA_2026-03-14_G34,10108768MARCOLINOA,2026-03-14,117856,1,8,0,128.0
10108768MARCOLINOA_2026-03-14_G35,10108768MARCOLINOA,2026-03-14,108772,1,4,0,98.0
10108768MARCOLINOA_2026-03-14_G36,10108768MARCOLINOA,2026-03-14,140923,1,20,0,95.0
10108768MARCOLINOA_2026-03-14_G37,10108768MARCOLINOA,2026-03-14,110373,1,200,0,453.0
10108768MARCOLINOA_2026-03-14_G38,10108768MARCOLINOA,2026-03-14,141202,1,5,0,169.0
10108768MARCOLINOA_2026-03-14_G39,10108768MARCOLINOA,2026-03-14,117830,1,6,0,89.0
10108768MARCOLINOA_2026-03-14_G40,10108768MARCOLINOA,2026-03-14,117820,1,100,0,261.0
10108768MARCOLINOA_2026-03-14_G41,10108768MARCOLINOA,2026-03-14,110372,1,200,0,479.0
10108768MARCOLINOA_2026-03-14_G42,10108768MARCOLINOA,2026-03-14,111435,1,3,0,455.0
10108768MARCOLINOA_2026-03-14_G43,10108768MARCOLINOA,2026-03-14,118317,1,6,0,186.0
10108768MARCOLINOA_2026-03-14_G44,10108768MARCOLINOA,2026-03-14,117785,1,22,0,60.0
10108768MARCOLINOA_2026-03-14_G45,10108768MARCOLINOA,2026-03-14,117833,1,9,0,169.0
10108768MARCOLINOA_2026-03-14_G46,10108768MARCOLINOA,2026-03-14,117821,1,12,0,33.0
10108768MARCOLINOA_2026-03-14_G47,10108768MARCOLINOA,2026-03-14,108795,1,4,0,110.0
10108768MARCOLINOA_2026-03-14_G48,10108768MARCOLINOA,2026-03-14,111743,1,8,0,50.0
10108768MARCOLINOA_2026-03-14_G49,10108768MARCOLINOA,2026-03-14,109641,1,2,0,129.0
10108768MARCOLINOA_2026-03-14_G50,10108768MARCOLINOA,2026-03-14,107236,1,11,0,51.0
10108768MARCOLINOA_2026-03-14_G51,10108768MARCOLINOA,2026-03-14,111348,1,4,0,283.0
10108768MARCOLINOA_2026-03-14_G52,10108768MARCOLINOA,2026-03-14,117838,1,4,0,104.0
10108768MARCOLINOA_2026-03-14_G53,10108768MARCOLINOA,2026-03-14,111431,1,4,0,82.0
10108768MARCOLINOA_2026-03-14_G54,10108768MARCOLINOA,2026-03-14,117787,1,4,0,35.0
10108768MARCOLINOA_2026-03-14_G55,10108768MARCOLINOA,2026-03-14,141458,1,3,0,156.0
10108768MARCOLINOA_2026-03-14_G56,10108768MARCOLINOA,2026-03-14,116241,1,4,0,212.0
10108768MARCOLINOA_2026-03-14_G57,10108768MARCOLINOA,2026-03-14,117831,1,22,0,185.0
10108768MARCOLINOA_2026-03-14_G58,10108768MARCOLINOA,2026-03-14,111469,1,35,0,230.0
10108768MARCOLINOA_2026-03-14_G59,10108768MARCOLINOA,2026-03-14,142093,1,94,0,210.0
10108768MARCOLINOA_2026-03-14_G60,10108768MARCOLINOA,2026-03-14,111418,1,170,0,264.0
10108768MARCOLINOA_2026-03-14_G61,10108768MARCOLINOA,2026-03-14,110373,1,108,0,790.0
10108768MARCOLINOA_2026-03-14_G62,10108768MARCOLINOA,2026-03-14,111418,1,70,0,828.0
10108768MARCOLINOA_2026-03-14_G64,10108768MARCOLINOA,2026-03-14,140923,1,11,0,184.0
10108768MARCOLINOA_2026-03-14_G65,10108768MARCOLINOA,2026-03-14,118298,1,2,0,144.0
10108768MARCOLINOA_2026-03-14_G66,10108768MARCOLINOA,2026-03-14,117856,1,4,0,80.0
10108768MARCOLINOA_2026-03-14_G67,10108768MARCOLINOA,2026-03-14,117820,1,44,0,253.0
10108768MARCOLINOA_2026-03-14_G68,10108768MARCOLINOA,2026-03-14,117830,1,14,0,245.0
10108768MARCOLINOA_2026-03-14_G69,10108768MARCOLINOA,2026-03-14,117808,1,360,0,213.0
10108768MARCOLINOA_2026-03-14_G70,10108768MARCOLINOA,2026-03-14,110372,1,34,0,384.0
10108768MARCOLINOA_2026-03-14_G71,10108768MARCOLINOA,2026-03-14,118299,1,50,0,544.0
10108768MARCOLINOA_2026-03-14_G72,10108768MARCOLINOA,2026-03-14,142080,1,6,0,71.0
10108768MARCOLINOA_2026-03-14_G73,10108768MARCOLINOA,2026-03-14,117831,1,20,0,178.0
10108768MARCOLINOA_2026-03-14_G74,10108768MARCOLINOA,2026-03-14,111442,1,8,0,70.0
10108768MARCOLINOA_2026-03-14_G76,10108768MARCOLINOA,2026-03-14,111743,1,40,0,381.0
10108768MARCOLINOA_2026-03-14_G77,10108768MARCOLINOA,2026-03-14,141247,1,2,0,204.0
10108768MARCOLINOA_2026-03-14_G78,10108768MARCOLINOA,2026-03-14,141995,1,10,0,477.0
10108768MARCOLINOA_2026-03-14_G79,10108768MARCOLINOA,2026-03-14,110325,1,68,0,2130.0
10108768MARCOLINOA_2026-03-14_G80,10108768MARCOLINOA,2026-03-14,110325,1,16,0,182.0
10108768MARCOLINOA_2026-03-14_G81,10108768MARCOLINOA,2026-03-14,108794,1,39,0,149.0
10108768MARCOLINOA_2026-03-14_G82,10108768MARCOLINOA,2026-03-14,108794,2,75,26,51.0
10108768MARCOLINOA_2026-03-14_G83,10108768MARCOLINOA,2026-03-14,116241,2,18,12,354.0
10108768MARCOLINOA_2026-03-14_G84,10108768MARCOLINOA,2026-03-14,118418,1,3,0,418.0
10108768MARCOLINOA_2026-03-14_G85,10108768MARCOLINOA,2026-03-14,110354,1,4,0,163.0
10108768MARCOLINOA_2026-03-14_G86,10108768MARCOLINOA,2026-03-14,141916,1,16,0,262.0
10108768MARCOLINOA_2026-03-14_G87,10108768MARCOLINOA,2026-03-14,142045,3,442,28,78.0
10108768MARCOLINOA_2026-03-14_G88,10108768MARCOLINOA,2026-03-14,118253,1,12,0,1440.0
10108768MARCOLINOA_2026-03-14_G89,10108768MARCOLINOA,2026-03-14,111602,1,48,0,444.0
10108768MARCOLINOA_2026-03-14_G90,10108768MARCOLINOA,2026-03-14,109645,1,31,0,116.0
10108768MARCOLINOA_2026-03-24_G02,10108768MARCOLINOA,2026-03-24,117834,1,2,0,715.0
10108768MARCOLINOA_2026-03-24_G03,10108768MARCOLINOA,2026-03-24,111602,1,5,0,340.0
10108768MARCOLINOA_2026-03-24_G04,10108768MARCOLINOA,2026-03-24,117862,1,2,0,188.0
10108768MARCOLINOA_2026-03-24_G05,10108768MARCOLINOA,2026-03-24,141457,1,18,0,1011.0
10108768MARCOLINOA_2026-03-24_G06,10108768MARCOLINOA,2026-03-24,111418,1,7,0,333.0
10108768MARCOLINOA_2026-03-24_G07,10108768MARCOLINOA,2026-03-24,141271,1,6,0,201.0
10108768MARCOLINOA_2026-03-24_G08,10108768MARCOLINOA,2026-03-24,117833,1,4,0,630.0
10108768MARCOLINOA_2026-03-24_G09,10108768MARCOLINOA,2026-03-24,111468,1,1,0,159.0
10108768MARCOLINOA_2026-03-24_G10,10108768MARCOLINOA,2026-03-24,111463,1,8,0,450.0
10108768MARCOLINOA_2026-03-24_G11,10108768MARCOLINOA,2026-03-24,110787,1,6,0,173.0
10108768MARCOLINOA_2026-03-24_G12,10108768MARCOLINOA,2026-03-24,141456,1,12,0,1691.0
10108768MARCOLINOA_2026-03-24_G13,10108768MARCOLINOA,2026-03-24,110374,1,2,0,581.0
10108768MARCOLINOA_2026-03-24_G14,10108768MARCOLINOA,2026-03-24,117809,1,2,0,236.0
10108768MARCOLINOA_2026-03-24_G15,10108768MARCOLINOA,2026-03-24,118299,1,6,0,115.0
10108768MARCOLINOA_2026-03-24_G16,10108768MARCOLINOA,2026-03-24,117820,1,3,0,99.0
10108768MARCOLINOA_2026-03-24_G17,10108768MARCOLINOA,2026-03-24,110373,1,8,0,139.0
10108768MARCOLINOA_2026-03-24_G18,10108768MARCOLINOA,2026-03-24,110372,1,18,0,245.0
10108768MARCOLINOA_2026-03-24_G19,10108768MARCOLINOA,2026-03-24,117808,1,8,0,152.0
10108768MARCOLINOA_2026-03-24_G20,10108768MARCOLINOA,2026-03-24,117832,1,6,0,163.0
10108768MARCOLINOA_2026-03-24_G21,10108768MARCOLINOA,2026-03-24,117832,1,6,0,209.0
10108768MARCOLINOA_2026-03-24_G22,10108768MARCOLINOA,2026-03-24,110371,1,3,0,156.0
10108768MARCOLINOA_2026-03-24_G23,10108768MARCOLINOA,2026-03-24,110325,1,2,0,160.0
10108768MARCOLINOA_2026-03-24_G24,10108768MARCOLINOA,2026-03-24,117830,1,6,0,656.0
10108768MARCOLINOA_2026-03-24_G25,10108768MARCOLINOA,2026-03-24,110895,1,12,0,418.0
10108768MARCOLINOA_2026-03-24_G26,10108768MARCOLINOA,2026-03-24,141456,2,24,15,690.0
10108768MARCOLINOA_2026-03-24_G27,10108768MARCOLINOA,2026-03-24,110740,1,10,0,247.0
10108768MARCOLINOA_2026-03-24_G28,10108768MARCOLINOA,2026-03-24,111443,1,4,0,704.0
10108768MARCOLINOA_2026-03-24_G30,10108768MARCOLINOA,2026-03-24,117837,1,4,0,974.0
10108768MARCOLINOA_2026-03-24_G32,10108768MARCOLINOA,2026-03-24,140923,1,4,0,157.0
10108768MARCOLINOA_2026-03-24_G33,10108768MARCOLINOA,2026-03-24,141456,1,8,0,98.0
10108768MARCOLINOA_2026-03-24_G34,10108768MARCOLINOA,2026-03-24,140911,1,2,0,233.0
10108768MARCOLINOA_2026-03-24_G35,10108768MARCOLINOA,2026-03-24,111438,1,4,0,139.0
10108768MARCOLINOA_2026-03-24_G36,10108768MARCOLINOA,2026-03-24,117855,1,4,0,51.0
10108768MARCOLINOA_2026-03-24_G37,10108768MARCOLINOA,2026-03-24,140923,1,1,0,125.0
10108768MARCOLINOA_2026-03-24_G38,10108768MARCOLINOA,2026-03-24,111466,1,2,0,63.0
10108768MARCOLINOA_2026-03-24_G39,10108768MARCOLINOA,2026-03-24,111462,1,4,0,77.0
10108768MARCOLINOA_2026-03-24_G40,10108768MARCOLINOA,2026-03-24,141271,1,4,0,190.0
10108768MARCOLINOA_2026-03-24_G41,10108768MARCOLINOA,2026-03-24,111433,1,4,0,87.0
10108768MARCOLINOA_2026-03-24_G42,10108768MARCOLINOA,2026-03-24,105705,1,4,0,135.0
10108768MARCOLINOA_2026-03-24_G43,10108768MARCOLINOA,2026-03-24,141458,1,10,0,135.0
10108768MARCOLINOA_2026-03-24_G44,10108768MARCOLINOA,2026-03-24,111442,1,4,0,169.0
10108768MARCOLINOA_2026-03-24_G45,10108768MARCOLINOA,2026-03-24,110372,1,6,0,696.0
10108768MARCOLINOA_2026-03-24_G46,10108768MARCOLINOA,2026-03-24,110325,1,6,0,180.0
10108768MARCOLINOA_2026-03-24_G47,10108768MARCOLINOA,2026-03-24,110325,1,2,0,39.0
10108768MARCOLINOA_2026-03-24_G48,10108768MARCOLINOA,2026-03-24,110325,1,16,0,93.0
10108768MARCOLINOA_2026-03-24_G49,10108768MARCOLINOA,2026-03-24,109643,1,2,0,163.0
10108768MARCOLINOA_2026-03-24_G50,10108768MARCOLINOA,2026-03-24,111602,1,4,0,161.0
10108768MARCOLINOA_2026-03-24_G51,10108768MARCOLINOA,2026-03-24,111463,1,7,0,145.0
10108768MARCOLINOA_2026-03-24_G52,10108768MARCOLINOA,2026-03-24,141457,1,2,0,480.0
10108768MARCOLINOA_2026-03-24_G53,10108768MARCOLINOA,2026-03-24,111439,1,4,0,107.0
10108768MARCOLINOA_2026-03-24_G54,10108768MARCOLINOA,2026-03-24,111438,1,4,0,181.0
10108768MARCOLINOA_2026-03-24_G55,10108768MARCOLINOA,2026-03-24,117855,1,2,0,37.0
10108768MARCOLINOA_2026-03-24_G56,10108768MARCOLINOA,2026-03-24,109647,1,2,0,66.0
10108768MARCOLINOA_2026-03-24_G57,10108768MARCOLINOA,2026-03-24,140923,1,1,0,58.0
10108768MARCOLINOA_2026-03-24_G58,10108768MARCOLINOA,2026-03-24,110339,1,2,0,62.0
10108768MARCOLINOA_2026-03-24_G59,10108768MARCOLINOA,2026-03-24,"111330, 140922",2,6,23,121.0
10108768MARCOLINOA_2026-03-24_G60,10108768MARCOLINOA,2026-03-24,111743,1,2,0,54.0
10108768MARCOLINOA_2026-03-24_G61,10108768MARCOLINOA,2026-03-24,109641,1,2,0,98.0
10108768MARCOLINOA_2026-03-24_G62,10108768MARCOLINOA,2026-03-24,105705,1,4,0,307.0
10108768MARCOLINOA_2026-03-24_G63,10108768MARCOLINOA,2026-03-24,100334,1,2,0,167.0
10108768MARCOLINOA_2026-03-24_G64,10108768MARCOLINOA,2026-03-24,110373,1,11,0,1005.0
10108768MARCOLINOA_2026-03-24_G65,10108768MARCOLINOA,2026-03-24,110372,1,6,0,148.0
10108768MARCOLINOA_2026-03-24_G66,10108768MARCOLINOA,2026-03-24,110371,1,14,0,66.0
10108768MARCOLINOA_2026-03-24_G67,10108768MARCOLINOA,2026-03-24,110325,1,5,0,226.0
10108768MARCOLINOA_2026-03-24_G68,10108768MARCOLINOA,2026-03-24,140911,1,2,0,98.0
10108871VENTURAG_2025-01-17_G02,10108871VENTURAG,2025-01-17,117809,1,4,0,122.0
10108871VENTURAG_2025-01-17_G03,10108871VENTURAG,2025-01-17,111530,1,8,0,508.0
10108871VENTURAG_2025-01-17_G04,10108871VENTURAG,2025-01-17,111530,1,8,0,516.0
10108871VENTURAG_2025-01-17_G05,10108871VENTURAG,2025-01-17,118094,1,4,0,569.0
10108871VENTURAG_2025-01-17_G06,10108871VENTURAG,2025-01-17,117786,1,3,0,77.0
10108871VENTURAG_2025-01-17_G07,10108871VENTURAG,2025-01-17,118140,1,2,0,79.0
10108871VENTURAG_2025-01-17_G08,10108871VENTURAG,2025-01-17,110787,1,16,0,125.0
10108871VENTURAG_2025-01-17_G09,10108871VENTURAG,2025-01-17,108711,1,8,0,96.0
10108871VENTURAG_2025-01-17_G10,10108871VENTURAG,2025-01-17,111465,1,3,0,101.0
10108871VENTURAG_2025-01-17_G11,10108871VENTURAG,2025-01-17,110372,1,5,0,72.0
10108871VENTURAG_2025-01-18_G02,10108871VENTURAG,2025-01-18,117785,1,16,0,517.0
10108871VENTURAG_2025-01-18_G03,10108871VENTURAG,2025-01-18,117831,1,2,0,59.0
10108871VENTURAG_2025-01-18_G04,10108871VENTURAG,2025-01-18,117808,1,42,0,555.0
10108871VENTURAG_2025-01-18_G05,10108871VENTURAG,2025-01-18,110733,1,8,0,559.0
10108871VENTURAG_2025-01-18_G06,10108871VENTURAG,2025-01-18,118094,1,12,0,572.0
10108871VENTURAG_2025-01-18_G07,10108871VENTURAG,2025-01-18,111463,1,8,0,266.0
10108871VENTURAG_2025-01-18_G08,10108871VENTURAG,2025-01-18,109747,1,9,0,609.0
10108871VENTURAG_2025-01-18_G09,10108871VENTURAG,2025-01-18,117830,1,4,0,128.0
10108871VENTURAG_2025-01-18_G10,10108871VENTURAG,2025-01-18,117820,1,20,0,261.0
10108871VENTURAG_2025-01-18_G11,10108871VENTURAG,2025-01-18,110372,2,40,10,311.0
10108871VENTURAG_2025-01-18_G12,10108871VENTURAG,2025-01-18,117809,1,13,0,202.0
10108871VENTURAG_2025-01-18_G13,10108871VENTURAG,2025-01-18,110375,1,5,0,248.0
10108871VENTURAG_2025-01-18_G14,10108871VENTURAG,2025-01-18,109643,1,2,0,78.0
10108871VENTURAG_2025-01-18_G15,10108871VENTURAG,2025-01-18,110580,1,1,0,1036.0
10108871VENTURAG_2025-01-18_G16,10108871VENTURAG,2025-01-18,111876,1,1,0,166.0
10108871VENTURAG_2025-01-18_G17,10108871VENTURAG,2025-01-18,117786,1,3,0,85.0
10108871VENTURAG_2025-01-18_G18,10108871VENTURAG,2025-01-18,117856,1,5,0,152.0
10108871VENTURAG_2025-01-18_G19,10108871VENTURAG,2025-01-18,111660,1,3,0,243.0
10108871VENTURAG_2025-01-18_G21,10108871VENTURAG,2025-01-18,111602,1,6,0,565.0
10108871VENTURAG_2025-01-18_G22,10108871VENTURAG,2025-01-18,110339,1,2,0,159.0
10108871VENTURAG_2025-01-18_G23,10108871VENTURAG,2025-01-18,111876,1,2,0,94.0
10108871VENTURAG_2025-01-18_G24,10108871VENTURAG,2025-01-18,110515,1,4,0,88.0
10108871VENTURAG_2025-01-18_G25,10108871VENTURAG,2025-01-18,111444,1,4,0,152.0
10108871VENTURAG_2025-01-18_G26,10108871VENTURAG,2025-01-18,108794,1,10,0,314.0
10108871VENTURAG_2025-01-18_G27,10108871VENTURAG,2025-01-18,118140,1,6,0,85.0
10108871VENTURAG_2025-01-18_G28,10108871VENTURAG,2025-01-18,140922,1,4,0,114.0
10108871VENTURAG_2025-01-18_G29,10108871VENTURAG,2025-01-18,140922,1,4,0,299.0
10108871VENTURAG_2025-01-18_G30,10108871VENTURAG,2025-01-18,109645,1,4,0,398.0
10108871VENTURAG_2025-01-18_G31,10108871VENTURAG,2025-01-18,117785,1,4,0,74.0
10108871VENTURAG_2025-01-18_G32,10108871VENTURAG,2025-01-18,111463,3,12,13,102.0
10108871VENTURAG_2025-01-18_G33,10108871VENTURAG,2025-01-18,110895,1,2,0,294.0
10108871VENTURAG_2025-01-18_G34,10108871VENTURAG,2025-01-18,100334,1,2,0,464.0
10108871VENTURAG_2025-01-18_G35,10108871VENTURAG,2025-01-18,110895,1,6,0,91.0
10108871VENTURAG_2025-01-18_G36,10108871VENTURAG,2025-01-18,115234,1,2,0,126.0
10108871VENTURAG_2025-01-18_G37,10108871VENTURAG,2025-01-18,110464,1,4,0,176.0
10108871VENTURAG_2025-01-18_G38,10108871VENTURAG,2025-01-18,110371,1,16,0,55.0
10108871VENTURAG_2025-01-18_G39,10108871VENTURAG,2025-01-18,118299,1,16,0,614.0
10108871VENTURAG_2025-01-18_G40,10108871VENTURAG,2025-01-18,111602,1,16,0,591.0
10108871VENTURAG_2025-01-18_G41,10108871VENTURAG,2025-01-18,110895,1,10,0,658.0
10108871VENTURAG_2025-01-18_G42,10108871VENTURAG,2025-01-18,110787,1,15,0,907.0
10108871VENTURAG_2025-01-18_G43,10108871VENTURAG,2025-01-18,110895,1,5,0,1000.0
10108871VENTURAG_2025-01-18_G44,10108871VENTURAG,2025-01-18,111530,1,12,0,134.0
10108871VENTURAG_2025-01-18_G45,10108871VENTURAG,2025-01-18,111743,1,3,0,133.0
10108871VENTURAG_2025-01-18_G46,10108871VENTURAG,2025-01-18,110755,1,6,0,107.0
10108871VENTURAG_2025-01-18_G47,10108871VENTURAG,2025-01-18,109471,1,2,0,57.0
10108871VENTURAG_2025-01-18_G48,10108871VENTURAG,2025-01-18,110339,1,8,0,126.0
10108871VENTURAG_2025-01-18_G49,10108871VENTURAG,2025-01-18,108794,1,8,0,66.0
10108871VENTURAG_2025-01-18_G50,10108871VENTURAG,2025-01-18,117787,1,4,0,95.0
10108871VENTURAG_2025-02-14_G02,10108871VENTURAG,2025-02-14,100334,1,6,0,156.0
10108871VENTURAG_2025-02-14_G03,10108871VENTURAG,2025-02-14,116527,1,4,0,558.0
10108871VENTURAG_2025-02-14_G04,10108871VENTURAG,2025-02-14,110339,1,3,0,220.0
10108871VENTURAG_2025-02-14_G05,10108871VENTURAG,2025-02-14,109647,1,8,0,327.0
10108871VENTURAG_2025-02-14_G06,10108871VENTURAG,2025-02-14,110515,1,4,0,99.0
10108871VENTURAG_2025-02-14_G07,10108871VENTURAG,2025-02-14,141047,1,8,0,207.0
10108871VENTURAG_2025-02-14_G08,10108871VENTURAG,2025-02-14,110740,1,2,0,220.0
10108871VENTURAG_2025-02-14_G09,10108871VENTURAG,2025-02-14,117785,1,14,0,572.0
10108871VENTURAG_2025-02-14_G10,10108871VENTURAG,2025-02-14,118140,1,9,0,373.0
10108871VENTURAG_2025-02-14_G11,10108871VENTURAG,2025-02-14,117821,1,7,0,215.0
10108871VENTURAG_2025-02-14_G12,10108871VENTURAG,2025-02-14,111465,1,4,0,79.0
10108871VENTURAG_2025-02-14_G13,10108871VENTURAG,2025-02-14,110374,1,20,0,3112.0
10108871VENTURAG_2025-02-14_G15,10108871VENTURAG,2025-02-14,160054,1,3,0,154.0
10108871VENTURAG_2025-02-14_G16,10108871VENTURAG,2025-02-14,107830,1,5,0,135.0
10108871VENTURAG_2025-02-14_G17,10108871VENTURAG,2025-02-14,160051,1,1,0,739.0
10108871VENTURAG_2025-02-14_G18,10108871VENTURAG,2025-02-14,110375,1,3,0,46.0
10108871VENTURAG_2025-02-14_G19,10108871VENTURAG,2025-02-14,117808,1,21,0,271.0
10108871VENTURAG_2025-02-14_G20,10108871VENTURAG,2025-02-14,117808,1,33,0,87.0
10108871VENTURAG_2025-02-14_G21,10108871VENTURAG,2025-02-14,109747,1,2,0,663.0
10108871VENTURAG_2025-02-14_G22,10108871VENTURAG,2025-02-14,117809,1,2,0,112.0
10108871VENTURAG_2025-02-15_G02,10108871VENTURAG,2025-02-15,118222,1,3,0,1458.0
10108871VENTURAG_2025-02-15_G03,10108871VENTURAG,2025-02-15,117836,1,6,0,194.0
10108871VENTURAG_2025-02-15_G04,10108871VENTURAG,2025-02-15,111438,1,4,0,122.0
10108871VENTURAG_2025-02-15_G05,10108871VENTURAG,2025-02-15,116527,1,6,0,1445.0
10108871VENTURAG_2025-02-15_G06,10108871VENTURAG,2025-02-15,117854,1,12,0,631.0
10108871VENTURAG_2025-02-15_G07,10108871VENTURAG,2025-02-15,117837,1,10,0,213.0
10108871VENTURAG_2025-02-15_G08,10108871VENTURAG,2025-02-15,109640,1,16,0,480.0
10108871VENTURAG_2025-02-15_G09,10108871VENTURAG,2025-02-15,111467,1,10,0,164.0
10108871VENTURAG_2025-02-15_G10,10108871VENTURAG,2025-02-15,110515,1,30,0,374.0
10108871VENTURAG_2025-02-15_G11,10108871VENTURAG,2025-02-15,111530,1,12,0,368.0
10108871VENTURAG_2025-02-15_G12,10108871VENTURAG,2025-02-15,117786,1,50,0,182.0
10108871VENTURAG_2025-02-15_G13,10108871VENTURAG,2025-02-15,101217,1,5,0,131.0
10108871VENTURAG_2025-02-15_G15,10108871VENTURAG,2025-02-15,111530,1,164,0,2589.0
10108871VENTURAG_2025-02-15_G16,10108871VENTURAG,2025-02-15,117831,1,11,0,369.0
10108871VENTURAG_2025-02-15_G17,10108871VENTURAG,2025-02-15,111532,1,100,0,618.0
10108871VENTURAG_2025-02-15_G18,10108871VENTURAG,2025-02-15,109645,1,40,0,719.0
10108871VENTURAG_2025-02-15_G19,10108871VENTURAG,2025-02-15,117821,1,143,0,803.0
10108871VENTURAG_2025-02-15_G20,10108871VENTURAG,2025-02-15,111602,1,122,0,1504.0
10108871VENTURAG_2025-02-15_G21,10108871VENTURAG,2025-02-15,110372,1,50,0,1486.0
10108871VENTURAG_2025-02-15_G22,10108871VENTURAG,2025-02-15,117820,1,30,0,341.0
10108871VENTURAG_2025-02-16_G02,10108871VENTURAG,2025-02-16,110752,1,40,0,1041.0
10108871VENTURAG_2025-02-16_G03,10108871VENTURAG,2025-02-16,110740,1,40,0,773.0
10108871VENTURAG_2025-02-16_G04,10108871VENTURAG,2025-02-16,118140,1,80,0,535.0
10108871VENTURAG_2025-02-17_G02,10108871VENTURAG,2025-02-17,111418,1,120,0,1651.0
10108871VENTURAG_2025-02-17_G03,10108871VENTURAG,2025-02-17,108798,1,40,0,389.0
10108871VENTURAG_2025-02-17_G04,10108871VENTURAG,2025-02-17,110373,1,120,0,859.0
10108871VENTURAG_2025-02-17_G05,10108871VENTURAG,2025-02-17,110371,1,120,0,824.0
10108871VENTURAG_2025-04-03_G02,10108871VENTURAG,2025-04-03,124476,1,30,0,2915.0
10108871VENTURAG_2025-04-03_G03,10108871VENTURAG,2025-04-03,124475,1,182,0,3540.0
10108871VENTURAG_2025-04-07_G02,10108871VENTURAG,2025-04-07,110733,1,100,0,662.0
10108871VENTURAG_2025-04-07_G03,10108871VENTURAG,2025-04-07,110515,1,100,0,734.0
10108871VENTURAG_2025-04-07_G04,10108871VENTURAG,2025-04-07,105705,1,80,0,720.0
10108871VENTURAG_2025-04-07_G05,10108871VENTURAG,2025-04-07,117821,1,100,0,415.0
10108871VENTURAG_2025-10-09_G02,10108871VENTURAG,2025-10-09,123889,1,98,0,1241.0
10108871VENTURAG_2025-10-09_G03,10108871VENTURAG,2025-10-09,123153,1,100,0,826.0
10108871VENTURAG_2025-10-09_G04,10108871VENTURAG,2025-10-09,122195,1,10,0,1090.0
10108871VENTURAG_2025-10-09_G05,10108871VENTURAG,2025-10-09,121651,1,12,0,831.0
10108871VENTURAG_2025-10-09_G06,10108871VENTURAG,2025-10-09,124248,1,10,0,985.0
10108881JORGED_2025-05-27_G02,10108881JORGED,2025-05-27,181057,1,6,0,2328.0
10108881JORGED_2025-05-27_G03,10108881JORGED,2025-05-27,120287,1,3,0,220.0
10108881JORGED_2025-05-27_G04,10108881JORGED,2025-05-27,122673,1,5,0,211.0
10108881JORGED_2025-05-27_G05,10108881JORGED,2025-05-27,122671,1,12,0,1407.0
10108881JORGED_2025-05-27_G06,10108881JORGED,2025-05-27,122673,1,10,0,788.0
10108881JORGED_2025-05-27_G07,10108881JORGED,2025-05-27,122982,1,4,0,1107.0
10108881JORGED_2025-05-27_G08,10108881JORGED,2025-05-27,122988,1,12,0,719.0
10108881JORGED_2025-05-27_G09,10108881JORGED,2025-05-27,124486,1,26,0,845.0
10108881JORGED_2025-05-27_G10,10108881JORGED,2025-05-27,123909,1,6,0,1561.0
10108881JORGED_2025-05-27_G11,10108881JORGED,2025-05-27,122982,1,8,0,379.0
10108881JORGED_2025-05-27_G12,10108881JORGED,2025-05-27,122962,1,12,0,602.0
10108881JORGED_2025-05-27_G14,10108881JORGED,2025-05-27,120389,1,30,0,1114.0
10108881JORGED_2025-05-28_G02,10108881JORGED,2025-05-28,180094,1,2,0,387.0
10108881JORGED_2025-05-28_G04,10108881JORGED,2025-05-28,123948,1,60,0,2307.0
10108881JORGED_2025-05-28_G05,10108881JORGED,2025-05-28,124247,1,10,0,431.0
10108881JORGED_2025-05-28_G06,10108881JORGED,2025-05-28,122983,1,24,0,603.0
10108881JORGED_2025-05-28_G07,10108881JORGED,2025-05-28,124477,1,4,0,865.0
10108881JORGED_2025-05-28_G08,10108881JORGED,2025-05-28,120028,1,1,0,274.0
10108881JORGED_2025-05-28_G09,10108881JORGED,2025-05-28,123822,1,4,0,547.0
10108881JORGED_2025-05-28_G10,10108881JORGED,2025-05-28,123345,1,24,0,1070.0
10108881JORGED_2025-05-28_G11,10108881JORGED,2025-05-28,123343,1,8,0,239.0
10108881JORGED_2025-05-28_G12,10108881JORGED,2025-05-28,123909,1,9,0,746.0
10108881JORGED_2025-05-28_G14,10108881JORGED,2025-05-28,122671,1,8,0,735.0
10108881JORGED_2025-05-28_G15,10108881JORGED,2025-05-28,123822,1,13,0,189.0
10108881JORGED_2025-05-28_G16,10108881JORGED,2025-05-28,124247,1,10,0,305.0
10108881JORGED_2025-05-29_G02,10108881JORGED,2025-05-29,122962,1,20,0,355.0
10108881JORGED_2025-05-29_G03,10108881JORGED,2025-05-29,123344,1,15,0,949.0
10108881JORGED_2025-05-29_G04,10108881JORGED,2025-05-29,123344,1,4,0,35.0
10108881JORGED_2025-05-29_G05,10108881JORGED,2025-05-29,123344,1,20,0,170.0
10108881JORGED_2025-05-29_G06,10108881JORGED,2025-05-29,122962,1,3,0,340.0
10108881JORGED_2025-05-29_G07,10108881JORGED,2025-05-29,121760,1,10,0,1430.0
10108881JORGED_2025-05-29_G08,10108881JORGED,2025-05-29,181057,1,4,0,112.0
10108881JORGED_2025-05-29_G09,10108881JORGED,2025-05-29,122703,1,10,0,331.0
10108881JORGED_2025-05-29_G10,10108881JORGED,2025-05-29,123948,1,12,0,1333.0
10108881JORGED_2025-05-29_G11,10108881JORGED,2025-05-29,120272,1,12,0,325.0
10108881JORGED_2025-05-29_G12,10108881JORGED,2025-05-29,123948,1,4,0,337.0
10108881JORGED_2025-05-29_G13,10108881JORGED,2025-05-29,123948,4,16,35,137.0
10108881JORGED_2025-05-29_G14,10108881JORGED,2025-05-29,123343,1,6,0,1244.0
10108881JORGED_2025-05-29_G15,10108881JORGED,2025-05-29,122984,1,4,0,109.0
10108881JORGED_2025-05-29_G16,10108881JORGED,2025-05-29,122189,1,56,0,1435.0
10108881JORGED_2025-05-29_G17,10108881JORGED,2025-05-29,122196,1,32,0,779.0
10108881JORGED_2025-05-29_G18,10108881JORGED,2025-05-29,124247,1,6,0,697.0
10108881JORGED_2025-05-29_G19,10108881JORGED,2025-05-29,122983,1,17,0,624.0
10108881JORGED_2025-05-29_G20,10108881JORGED,2025-05-29,123344,1,6,0,380.0
10108881JORGED_2025-05-29_G21,10108881JORGED,2025-05-29,123130,1,100,0,2894.0
10108881JORGED_2025-05-29_G23,10108881JORGED,2025-05-29,122671,1,8,0,385.0
10108881JORGED_2025-05-29_G24,10108881JORGED,2025-05-29,123909,1,4,0,157.0
10108881JORGED_2025-05-29_G25,10108881JORGED,2025-05-29,123153,1,30,0,901.0
10108881JORGED_2025-05-29_G26,10108881JORGED,2025-05-29,123130,1,10,0,812.0
10108881JORGED_2025-05-29_G27,10108881JORGED,2025-05-29,181235,1,2,0,383.0
10108970SILVAM_2025-01-10_G02,10108970SILVAM,2025-01-10,111705,1,2,0,190.0
10108970SILVAM_2025-01-10_G03,10108970SILVAM,2025-01-10,110311,1,4,0,172.0
10108970SILVAM_2025-01-10_G04,10108970SILVAM,2025-01-10,114097,1,8,0,152.0
10108970SILVAM_2025-01-10_G05,10108970SILVAM,2025-01-10,118311,1,4,0,126.0
10108970SILVAM_2025-01-10_G06,10108970SILVAM,2025-01-10,108794,1,4,0,157.0
10108970SILVAM_2025-01-10_G07,10108970SILVAM,2025-01-10,118140,1,16,0,262.0
10108970SILVAM_2025-01-10_G08,10108970SILVAM,2025-01-10,111172,1,4,0,164.0
10108970SILVAM_2025-04-20_G02,10108970SILVAM,2025-04-20,122984,1,4,0,89.0
10108970SILVAM_2025-04-20_G03,10108970SILVAM,2025-04-20,181815,1,8,0,378.0
10108970SILVAM_2025-04-20_G04,10108970SILVAM,2025-04-20,123153,1,10,0,128.0
10108970SILVAM_2025-04-20_G05,10108970SILVAM,2025-04-20,123153,1,4,0,151.0
10108970SILVAM_2025-04-20_G06,10108970SILVAM,2025-04-20,122988,1,8,0,139.0
10108970SILVAM_2025-04-20_G07,10108970SILVAM,2025-04-20,122962,1,37,0,631.0
10108970SILVAM_2025-04-20_G08,10108970SILVAM,2025-04-20,120028,1,78,0,1165.0
10108970SILVAM_2025-04-20_G09,10108970SILVAM,2025-04-20,120028,1,2,0,32.0
10108970SILVAM_2025-04-21_G02,10108970SILVAM,2025-04-21,121760,1,2,0,67.0
10108970SILVAM_2025-04-21_G03,10108970SILVAM,2025-04-21,123560,1,4,0,116.0
10108970SILVAM_2025-04-21_G04,10108970SILVAM,2025-04-21,124476,1,8,0,144.0
10108970SILVAM_2025-04-21_G05,10108970SILVAM,2025-04-21,123561,1,4,0,83.0
10108970SILVAM_2025-04-21_G06,10108970SILVAM,2025-04-21,123561,1,8,0,105.0
10108970SILVAM_2025-04-21_G07,10108970SILVAM,2025-04-21,123561,1,10,0,121.0
10108970SILVAM_2025-04-21_G08,10108970SILVAM,2025-04-21,123561,1,4,0,75.0
10108970SILVAM_2025-04-21_G09,10108970SILVAM,2025-04-21,122985,1,5,0,180.0
10108970SILVAM_2025-04-21_G10,10108970SILVAM,2025-04-21,122968,1,2,0,63.0
10108970SILVAM_2025-04-21_G11,10108970SILVAM,2025-04-21,120028,1,10,0,260.0
10108970SILVAM_2025-04-21_G12,10108970SILVAM,2025-04-21,122962,1,16,0,756.0
10108970SILVAM_2025-04-21_G13,10108970SILVAM,2025-04-21,122985,1,2,0,198.0
10108970SILVAM_2025-04-21_G14,10108970SILVAM,2025-04-21,122962,1,12,0,299.0
10108970SILVAM_2025-04-21_G15,10108970SILVAM,2025-04-21,124486,1,20,0,314.0
10108970SILVAM_2025-04-21_G16,10108970SILVAM,2025-04-21,122962,1,52,0,637.0
10108970SILVAM_2025-04-21_G17,10108970SILVAM,2025-04-21,124371,1,12,0,1503.0
10108970SILVAM_2025-04-21_G18,10108970SILVAM,2025-04-21,122962,1,16,0,227.0
10108970SILVAM_2025-04-21_G19,10108970SILVAM,2025-04-21,122647,1,30,0,511.0
10108970SILVAM_2025-04-21_G20,10108970SILVAM,2025-04-21,123822,1,10,0,131.0
10108970SILVAM_2025-04-21_G21,10108970SILVAM,2025-04-21,124371,1,4,0,268.0
10108970SILVAM_2025-04-21_G22,10108970SILVAM,2025-04-21,122984,1,18,0,370.0
10108970SILVAM_2025-04-21_G24,10108970SILVAM,2025-04-21,122962,1,8,0,276.0
10108970SILVAM_2025-04-21_G25,10108970SILVAM,2025-04-21,120339,1,4,0,225.0
10108970SILVAM_2025-04-21_G26,10108970SILVAM,2025-04-21,124371,1,8,0,437.0
10108970SILVAM_2025-04-21_G27,10108970SILVAM,2025-04-21,123344,1,50,0,2207.0
10108970SILVAM_2025-04-21_G28,10108970SILVAM,2025-04-21,123153,1,40,0,377.0
10108970SILVAM_2025-04-21_G29,10108970SILVAM,2025-04-21,121760,1,40,0,745.0
10108970SILVAM_2025-04-21_G30,10108970SILVAM,2025-04-21,124476,1,30,0,501.0
10108970SILVAM_2025-04-21_G31,10108970SILVAM,2025-04-21,124486,1,40,0,325.0
10108970SILVAM_2025-04-21_G32,10108970SILVAM,2025-04-21,120008,1,30,0,842.0
10108970SILVAM_2025-04-21_G33,10108970SILVAM,2025-04-21,123562,1,30,0,238.0
10108970SILVAM_2025-04-21_G34,10108970SILVAM,2025-04-21,123343,1,100,0,563.0
10108970SILVAM_2025-04-21_G35,10108970SILVAM,2025-04-21,123345,1,100,0,600.0
10108970SILVAM_2025-07-30_G02,10108970SILVAM,2025-07-30,117786,1,10,0,146.0
10108970SILVAM_2025-07-30_G03,10108970SILVAM,2025-07-30,118094,1,24,0,609.0
10108970SILVAM_2025-07-30_G04,10108970SILVAM,2025-07-30,117837,1,22,0,686.0
10108970SILVAM_2025-07-30_G05,10108970SILVAM,2025-07-30,110313,1,6,0,80.0
10108970SILVAM_2025-07-30_G06,10108970SILVAM,2025-07-30,117853,1,6,0,218.0
10108970SILVAM_2025-07-30_G07,10108970SILVAM,2025-07-30,111467,1,12,0,144.0
10108970SILVAM_2025-07-30_G08,10108970SILVAM,2025-07-30,117935,1,14,0,217.0
10108970SILVAM_2025-07-30_G09,10108970SILVAM,2025-07-30,111530,1,19,0,722.0
10108970SILVAM_2025-07-30_G10,10108970SILVAM,2025-07-30,117841,1,4,0,441.0
10108970SILVAM_2025-07-30_G11,10108970SILVAM,2025-07-30,141456,1,54,0,262.0
10108970SILVAM_2025-07-30_G12,10108970SILVAM,2025-07-30,117838,1,16,0,630.0
10108970SILVAM_2025-07-30_G13,10108970SILVAM,2025-07-30,141457,1,100,0,1716.0
10108970SILVAM_2025-07-30_G14,10108970SILVAM,2025-07-30,111330,1,39,0,209.0
10109118OLIVEIRAWR_2025-01-31_G02,10109118OLIVEIRAWR,2025-01-31,110747,1,4,0,161.0
10109118OLIVEIRAWR_2025-01-31_G03,10109118OLIVEIRAWR,2025-01-31,111850,1,4,0,185.0
10109118OLIVEIRAWR_2025-01-31_G04,10109118OLIVEIRAWR,2025-01-31,110339,1,4,0,206.0
10109118OLIVEIRAWR_2025-01-31_G05,10109118OLIVEIRAWR,2025-01-31,110313,1,4,0,281.0
10109118OLIVEIRAWR_2025-01-31_G06,10109118OLIVEIRAWR,2025-01-31,110733,2,4,8,654.0
10109118OLIVEIRAWR_2025-01-31_G07,10109118OLIVEIRAWR,2025-01-31,111532,1,4,0,282.0
10109118OLIVEIRAWR_2025-01-31_G08,10109118OLIVEIRAWR,2025-01-31,118004,1,10,0,224.0
10109118OLIVEIRAWR_2025-01-31_G09,10109118OLIVEIRAWR,2025-01-31,115817,1,4,0,153.0
10109118OLIVEIRAWR_2025-01-31_G10,10109118OLIVEIRAWR,2025-01-31,111469,1,4,0,173.0
10109118OLIVEIRAWR_2025-01-31_G11,10109118OLIVEIRAWR,2025-01-31,111463,1,20,0,317.0
10109118OLIVEIRAWR_2025-01-31_G12,10109118OLIVEIRAWR,2025-01-31,111602,1,4,0,40.0
10109118OLIVEIRAWR_2025-01-31_G13,10109118OLIVEIRAWR,2025-01-31,"111876, 110752",2,8,27,408.0
10109118OLIVEIRAWR_2025-01-31_G14,10109118OLIVEIRAWR,2025-01-31,111743,1,2,0,156.0
10109118OLIVEIRAWR_2025-01-31_G15,10109118OLIVEIRAWR,2025-01-31,110787,1,4,0,86.0
10109118OLIVEIRAWR_2025-01-31_G16,10109118OLIVEIRAWR,2025-01-31,117785,1,12,0,166.0
10109118OLIVEIRAWR_2025-01-31_G17,10109118OLIVEIRAWR,2025-01-31,111466,1,20,0,315.0
10109118OLIVEIRAWR_2025-01-31_G18,10109118OLIVEIRAWR,2025-01-31,118004,1,10,0,157.0
10109118OLIVEIRAWR_2025-01-31_G19,10109118OLIVEIRAWR,2025-01-31,110372,1,4,0,182.0
10109118OLIVEIRAWR_2025-01-31_G20,10109118OLIVEIRAWR,2025-01-31,110325,1,4,0,206.0
10109118OLIVEIRAWR_2025-01-31_G21,10109118OLIVEIRAWR,2025-01-31,111441,1,1,0,323.0
10109118OLIVEIRAWR_2025-01-31_G22,10109118OLIVEIRAWR,2025-01-31,109497,1,2,0,94.0
10109118OLIVEIRAWR_2025-01-31_G23,10109118OLIVEIRAWR,2025-01-31,110756,1,3,0,123.0
10109118OLIVEIRAWR_2025-01-31_G24,10109118OLIVEIRAWR,2025-01-31,110752,1,4,0,201.0
10109118OLIVEIRAWR_2025-01-31_G25,10109118OLIVEIRAWR,2025-01-31,111182,1,4,0,210.0
10109118OLIVEIRAWR_2025-01-31_G26,10109118OLIVEIRAWR,2025-01-31,111532,1,4,0,111.0
10109118OLIVEIRAWR_2025-01-31_G27,10109118OLIVEIRAWR,2025-01-31,118140,1,4,0,102.0
10109118OLIVEIRAWR_2025-01-31_G28,10109118OLIVEIRAWR,2025-01-31,111743,1,4,0,171.0
10109118OLIVEIRAWR_2025-01-31_G29,10109118OLIVEIRAWR,2025-01-31,110743,1,4,0,678.0
10109118OLIVEIRAWR_2025-01-31_G30,10109118OLIVEIRAWR,2025-01-31,110372,1,2,0,174.0
10109118OLIVEIRAWR_2025-01-31_G31,10109118OLIVEIRAWR,2025-01-31,110372,1,4,0,394.0
10109118OLIVEIRAWR_2025-01-31_G32,10109118OLIVEIRAWR,2025-01-31,"110325, 118299",2,8,5,81.0
10109118OLIVEIRAWR_2025-01-31_G33,10109118OLIVEIRAWR,2025-01-31,111850,1,7,0,2025.0
10109118OLIVEIRAWR_2025-01-31_G34,10109118OLIVEIRAWR,2025-01-31,111430,1,3,0,141.0
10109118OLIVEIRAWR_2025-01-31_G35,10109118OLIVEIRAWR,2025-01-31,111569,1,4,0,81.0
10109118OLIVEIRAWR_2025-01-31_G36,10109118OLIVEIRAWR,2025-01-31,110534,1,1,0,124.0
10109118OLIVEIRAWR_2025-01-31_G37,10109118OLIVEIRAWR,2025-01-31,105359,1,2,0,108.0
10109118OLIVEIRAWR_2025-01-31_G38,10109118OLIVEIRAWR,2025-01-31,107254,1,2,0,190.0
10109118OLIVEIRAWR_2025-01-31_G39,10109118OLIVEIRAWR,2025-01-31,110743,1,5,0,205.0
10109118OLIVEIRAWR_2025-01-31_G40,10109118OLIVEIRAWR,2025-01-31,111469,1,3,0,79.0
10109118OLIVEIRAWR_2025-01-31_G41,10109118OLIVEIRAWR,2025-01-31,117831,1,8,0,147.0
10109118OLIVEIRAWR_2025-01-31_G42,10109118OLIVEIRAWR,2025-01-31,111418,1,23,0,220.0
10109118OLIVEIRAWR_2025-01-31_G43,10109118OLIVEIRAWR,2025-01-31,110787,1,6,0,72.0
10109118OLIVEIRAWR_2025-01-31_G44,10109118OLIVEIRAWR,2025-01-31,110745,1,4,0,69.0
10109118OLIVEIRAWR_2025-01-31_G45,10109118OLIVEIRAWR,2025-01-31,111443,1,3,0,114.0
10109118OLIVEIRAWR_2025-01-31_G46,10109118OLIVEIRAWR,2025-01-31,108711,1,2,0,69.0
10109118OLIVEIRAWR_2025-01-31_G47,10109118OLIVEIRAWR,2025-01-31,111438,1,4,0,2960.0
10109118OLIVEIRAWR_2025-01-31_G48,10109118OLIVEIRAWR,2025-01-31,110325,1,8,0,123.0
10109118OLIVEIRAWR_2025-01-31_G49,10109118OLIVEIRAWR,2025-01-31,117786,1,20,0,202.0
10109118OLIVEIRAWR_2025-01-31_G50,10109118OLIVEIRAWR,2025-01-31,117809,1,70,0,897.0
10109118OLIVEIRAWR_2025-01-31_G52,10109118OLIVEIRAWR,2025-01-31,110841,1,7,0,306.0
10109118OLIVEIRAWR_2025-01-31_G53,10109118OLIVEIRAWR,2025-01-31,111467,1,16,0,150.0
10109118OLIVEIRAWR_2025-01-31_G54,10109118OLIVEIRAWR,2025-01-31,109640,1,10,0,133.0
10109118OLIVEIRAWR_2025-01-31_G55,10109118OLIVEIRAWR,2025-01-31,110787,1,10,0,401.0
10109118OLIVEIRAWR_2025-01-31_G56,10109118OLIVEIRAWR,2025-01-31,160055,1,4,0,262.0
10109118OLIVEIRAWR_2025-01-31_G57,10109118OLIVEIRAWR,2025-01-31,111330,1,5,0,154.0
10109118OLIVEIRAWR_2025-02-11_G02,10109118OLIVEIRAWR,2025-02-11,111466,1,3,0,62.0
10109118OLIVEIRAWR_2025-02-11_G03,10109118OLIVEIRAWR,2025-02-11,111468,1,1,0,170.0
10109118OLIVEIRAWR_2025-02-11_G04,10109118OLIVEIRAWR,2025-02-11,118140,1,3,0,77.0
10109118OLIVEIRAWR_2025-02-11_G05,10109118OLIVEIRAWR,2025-02-11,111743,1,4,0,80.0
10109118OLIVEIRAWR_2025-02-11_G06,10109118OLIVEIRAWR,2025-02-11,111418,1,16,0,127.0
10109118OLIVEIRAWR_2025-02-11_G07,10109118OLIVEIRAWR,2025-02-11,117838,1,2,0,46.0
10109118OLIVEIRAWR_2025-02-11_G08,10109118OLIVEIRAWR,2025-02-11,117785,2,4,8,41.0
10109118OLIVEIRAWR_2025-02-11_G09,10109118OLIVEIRAWR,2025-02-11,108795,1,1,0,83.0
10109118OLIVEIRAWR_2025-02-11_G10,10109118OLIVEIRAWR,2025-02-11,117787,1,4,0,73.0
10109118OLIVEIRAWR_2025-02-11_G11,10109118OLIVEIRAWR,2025-02-11,117821,1,2,0,66.0
10109118OLIVEIRAWR_2025-02-11_G12,10109118OLIVEIRAWR,2025-02-11,"111462, 118004",2,12,22,103.0
10109118OLIVEIRAWR_2025-02-11_G13,10109118OLIVEIRAWR,2025-02-11,117820,1,4,0,110.0
10109118OLIVEIRAWR_2025-02-11_G14,10109118OLIVEIRAWR,2025-02-11,117809,1,4,0,119.0
10109118OLIVEIRAWR_2025-02-11_G15,10109118OLIVEIRAWR,2025-02-11,"110371, 110325",2,8,5,198.0
10109118OLIVEIRAWR_2025-02-11_G16,10109118OLIVEIRAWR,2025-02-11,117855,1,12,0,715.0
10109118OLIVEIRAWR_2025-02-11_G17,10109118OLIVEIRAWR,2025-02-11,117837,1,4,0,191.0
10109118OLIVEIRAWR_2025-02-11_G18,10109118OLIVEIRAWR,2025-02-11,117837,2,10,6,58.0
10109118OLIVEIRAWR_2025-02-11_G19,10109118OLIVEIRAWR,2025-02-11,117837,1,4,0,294.0
10109118OLIVEIRAWR_2025-02-11_G20,10109118OLIVEIRAWR,2025-02-11,117855,1,8,0,203.0
10109118OLIVEIRAWR_2025-02-28_G02,10109118OLIVEIRAWR,2025-02-28,110515,1,2,0,64.0
10109118OLIVEIRAWR_2025-02-28_G03,10109118OLIVEIRAWR,2025-02-28,110787,1,4,0,156.0
10109118OLIVEIRAWR_2025-02-28_G04,10109118OLIVEIRAWR,2025-02-28,110740,1,4,0,105.0
10109118OLIVEIRAWR_2025-02-28_G05,10109118OLIVEIRAWR,2025-02-28,117831,1,5,0,146.0
10109118OLIVEIRAWR_2025-02-28_G06,10109118OLIVEIRAWR,2025-02-28,117838,1,1,0,123.0
10109118OLIVEIRAWR_2025-02-28_G07,10109118OLIVEIRAWR,2025-02-28,110371,1,3,0,184.0
10109118OLIVEIRAWR_2025-02-28_G08,10109118OLIVEIRAWR,2025-02-28,110372,1,14,0,152.0
10109118OLIVEIRAWR_2025-02-28_G09,10109118OLIVEIRAWR,2025-02-28,110374,1,4,0,106.0
10109118OLIVEIRAWR_2025-02-28_G10,10109118OLIVEIRAWR,2025-02-28,117808,1,4,0,84.0
10109118OLIVEIRAWR_2025-02-28_G11,10109118OLIVEIRAWR,2025-02-28,109747,1,2,0,110.0
10109118OLIVEIRAWR_2025-02-28_G12,10109118OLIVEIRAWR,2025-02-28,117809,1,1,0,50.0
10109118OLIVEIRAWR_2025-02-28_G13,10109118OLIVEIRAWR,2025-02-28,117820,1,60,0,725.0
10109118OLIVEIRAWR_2025-02-28_G14,10109118OLIVEIRAWR,2025-02-28,117830,1,20,0,222.0
10109118OLIVEIRAWR_2025-02-28_G15,10109118OLIVEIRAWR,2025-02-28,107830,1,10,0,162.0
10109118OLIVEIRAWR_2025-02-28_G16,10109118OLIVEIRAWR,2025-02-28,117832,1,20,0,456.0
10109118OLIVEIRAWR_2025-02-28_G17,10109118OLIVEIRAWR,2025-02-28,110895,1,4,0,661.0
10109118OLIVEIRAWR_2025-02-28_G18,10109118OLIVEIRAWR,2025-02-28,111530,1,18,0,206.0
10109118OLIVEIRAWR_2025-02-28_G19,10109118OLIVEIRAWR,2025-02-28,118004,1,10,0,1347.0
10109118OLIVEIRAWR_2025-02-28_G20,10109118OLIVEIRAWR,2025-02-28,111466,1,6,0,178.0
10109118OLIVEIRAWR_2025-02-28_G21,10109118OLIVEIRAWR,2025-02-28,117856,1,4,0,989.0
10109118OLIVEIRAWR_2025-02-28_G22,10109118OLIVEIRAWR,2025-02-28,107236,1,2,0,161.0
10109118OLIVEIRAWR_2025-02-28_G23,10109118OLIVEIRAWR,2025-02-28,117785,1,6,0,106.0
10109118OLIVEIRAWR_2025-02-28_G24,10109118OLIVEIRAWR,2025-02-28,117832,1,1,0,98.0
10109118OLIVEIRAWR_2025-02-28_G25,10109118OLIVEIRAWR,2025-02-28,117809,1,6,0,87.0
10109118OLIVEIRAWR_2025-02-28_G26,10109118OLIVEIRAWR,2025-02-28,110371,1,8,0,198.0
10109118OLIVEIRAWR_2025-02-28_G27,10109118OLIVEIRAWR,2025-02-28,110372,1,9,0,71.0
10109118OLIVEIRAWR_2025-02-28_G28,10109118OLIVEIRAWR,2025-02-28,107830,1,1,0,44.0
10109118OLIVEIRAWR_2025-02-28_G29,10109118OLIVEIRAWR,2025-02-28,118299,1,4,0,102.0
10109118OLIVEIRAWR_2025-02-28_G30,10109118OLIVEIRAWR,2025-02-28,111876,1,32,0,3433.0
10109118OLIVEIRAWR_2025-02-28_G31,10109118OLIVEIRAWR,2025-02-28,110515,2,37,6,215.0
10109118OLIVEIRAWR_2025-02-28_G32,10109118OLIVEIRAWR,2025-02-28,117935,2,140,7,179.0
10109118OLIVEIRAWR_2025-02-28_G33,10109118OLIVEIRAWR,2025-02-28,117808,1,1832,0,2289.0
10109118OLIVEIRAWR_2025-02-28_G34,10109118OLIVEIRAWR,2025-02-28,110733,2,7,9,1148.0
10109118OLIVEIRAWR_2025-02-28_G35,10109118OLIVEIRAWR,2025-02-28,108795,1,8,0,324.0
10109118OLIVEIRAWR_2025-02-28_G36,10109118OLIVEIRAWR,2025-02-28,111182,1,1,0,147.0
10109118OLIVEIRAWR_2025-02-28_G37,10109118OLIVEIRAWR,2025-02-28,117785,1,6,0,134.0
10109118OLIVEIRAWR_2025-02-28_G38,10109118OLIVEIRAWR,2025-02-28,109747,1,1,0,143.0
10109118OLIVEIRAWR_2025-02-28_G39,10109118OLIVEIRAWR,2025-02-28,110325,1,10,0,135.0
10109118OLIVEIRAWR_2025-02-28_G40,10109118OLIVEIRAWR,2025-02-28,117822,1,6,0,68.0
10109118OLIVEIRAWR_2025-02-28_G41,10109118OLIVEIRAWR,2025-02-28,117832,1,2,0,162.0
10109118OLIVEIRAWR_2025-02-28_G42,10109118OLIVEIRAWR,2025-02-28,109640,1,8,0,314.0
10109118OLIVEIRAWR_2025-02-28_G43,10109118OLIVEIRAWR,2025-02-28,107892,1,4,0,369.0
10109118OLIVEIRAWR_2025-02-28_G44,10109118OLIVEIRAWR,2025-02-28,111602,1,6,0,166.0
10109118OLIVEIRAWR_2025-02-28_G45,10109118OLIVEIRAWR,2025-02-28,118317,1,6,0,218.0
10109118OLIVEIRAWR_2025-02-28_G46,10109118OLIVEIRAWR,2025-02-28,117832,1,6,0,107.0
10109118OLIVEIRAWR_2025-02-28_G47,10109118OLIVEIRAWR,2025-02-28,111620,1,4,0,359.0
10109118OLIVEIRAWR_2025-02-28_G48,10109118OLIVEIRAWR,2025-02-28,"107892, 110733",2,10,18,479.0
10109118OLIVEIRAWR_2025-02-28_G49,10109118OLIVEIRAWR,2025-02-28,111602,1,6,0,135.0
10109118OLIVEIRAWR_2025-02-28_G50,10109118OLIVEIRAWR,2025-02-28,118317,1,6,0,129.0
10109118OLIVEIRAWR_2025-02-28_G51,10109118OLIVEIRAWR,2025-02-28,111463,2,26,7,411.0
10109118OLIVEIRAWR_2025-02-28_G52,10109118OLIVEIRAWR,2025-02-28,118317,1,12,0,167.0
10109118OLIVEIRAWR_2025-02-28_G53,10109118OLIVEIRAWR,2025-02-28,109640,1,6,0,192.0
10109118OLIVEIRAWR_2025-02-28_G54,10109118OLIVEIRAWR,2025-02-28,107892,1,4,0,151.0
10109118OLIVEIRAWR_2025-02-28_G56,10109118OLIVEIRAWR,2025-02-28,110740,1,20,0,380.0
10109118OLIVEIRAWR_2025-02-28_G57,10109118OLIVEIRAWR,2025-02-28,111418,1,10,0,150.0
10109118OLIVEIRAWR_2025-02-28_G58,10109118OLIVEIRAWR,2025-02-28,117787,1,7,0,119.0
10109118OLIVEIRAWR_2025-02-28_G59,10109118OLIVEIRAWR,2025-02-28,111532,1,20,0,295.0
10109118OLIVEIRAWR_2025-02-28_G60,10109118OLIVEIRAWR,2025-02-28,110325,1,13,0,634.0
10109118OLIVEIRAWR_2025-02-28_G61,10109118OLIVEIRAWR,2025-02-28,107830,1,7,0,117.0
10109118OLIVEIRAWR_2025-02-28_G62,10109118OLIVEIRAWR,2025-02-28,118299,1,20,0,105.0
10109118OLIVEIRAWR_2025-02-28_G63,10109118OLIVEIRAWR,2025-02-28,117820,1,20,0,182.0
10109118OLIVEIRAWR_2025-03-18_G02,10109118OLIVEIRAWR,2025-03-18,110895,1,3,0,572.0
10109118OLIVEIRAWR_2025-03-18_G03,10109118OLIVEIRAWR,2025-03-18,111430,1,9,0,477.0
10109118OLIVEIRAWR_2025-03-18_G04,10109118OLIVEIRAWR,2025-03-18,111602,1,1,0,136.0
10109118OLIVEIRAWR_2025-03-18_G05,10109118OLIVEIRAWR,2025-03-18,117855,1,3,0,97.0
10109118OLIVEIRAWR_2025-03-18_G06,10109118OLIVEIRAWR,2025-03-18,111530,1,5,0,62.0
10109118OLIVEIRAWR_2025-03-18_G07,10109118OLIVEIRAWR,2025-03-18,140922,1,2,0,96.0
10109118OLIVEIRAWR_2025-03-18_G08,10109118OLIVEIRAWR,2025-03-18,118140,1,2,0,147.0
10109118OLIVEIRAWR_2025-03-18_G09,10109118OLIVEIRAWR,2025-03-18,110787,1,12,0,109.0
10109118OLIVEIRAWR_2025-03-18_G10,10109118OLIVEIRAWR,2025-03-18,110325,1,2,0,228.0
10109118OLIVEIRAWR_2025-03-18_G11,10109118OLIVEIRAWR,2025-03-18,118299,1,2,0,37.0
10109118OLIVEIRAWR_2025-03-18_G12,10109118OLIVEIRAWR,2025-03-18,110373,1,6,0,65.0
10109118OLIVEIRAWR_2025-03-18_G13,10109118OLIVEIRAWR,2025-03-18,111182,1,3,0,251.0
10109118OLIVEIRAWR_2025-03-18_G14,10109118OLIVEIRAWR,2025-03-18,117853,1,2,0,235.0
10109118OLIVEIRAWR_2025-03-18_G15,10109118OLIVEIRAWR,2025-03-18,111418,1,27,0,100.0
10109118OLIVEIRAWR_2025-03-18_G16,10109118OLIVEIRAWR,2025-03-18,111430,1,2,0,232.0
10109118OLIVEIRAWR_2025-03-18_G17,10109118OLIVEIRAWR,2025-03-18,"111441, 111438, 111569, 109937, 118222, 110895",6,21,83,110.0
10109118OLIVEIRAWR_2025-03-18_G18,10109118OLIVEIRAWR,2025-03-18,"117862, 110313, 117935, 111602, 117855, 110515, 111530, 110711",8,23,148,38.0
10109118OLIVEIRAWR_2025-03-18_G19,10109118OLIVEIRAWR,2025-03-18,118299,1,8,0,746.0
10109118OLIVEIRAWR_2025-03-18_G20,10109118OLIVEIRAWR,2025-03-18,110371,1,11,0,417.0
10109118OLIVEIRAWR_2025-03-18_G21,10109118OLIVEIRAWR,2025-03-18,109643,1,1,0,166.0
10109118OLIVEIRAWR_2025-03-18_G22,10109118OLIVEIRAWR,2025-03-18,111532,1,1,0,71.0
10109118OLIVEIRAWR_2025-03-18_G23,10109118OLIVEIRAWR,2025-03-18,118140,1,3,0,60.0
10109118OLIVEIRAWR_2025-03-18_G24,10109118OLIVEIRAWR,2025-03-18,108711,1,1,0,214.0
10109118OLIVEIRAWR_2025-03-18_G25,10109118OLIVEIRAWR,2025-03-18,"110787, 118317",2,7,29,148.0
10109118OLIVEIRAWR_2025-03-18_G26,10109118OLIVEIRAWR,2025-03-18,105705,1,1,0,78.0
10109118OLIVEIRAWR_2025-03-18_G27,10109118OLIVEIRAWR,2025-03-18,118222,1,1,0,205.0
10109118OLIVEIRAWR_2025-03-18_G28,10109118OLIVEIRAWR,2025-03-18,110895,1,4,0,70.0
10109118OLIVEIRAWR_2025-03-18_G29,10109118OLIVEIRAWR,2025-03-18,117856,1,2,0,101.0
10109118OLIVEIRAWR_2025-03-18_G30,10109118OLIVEIRAWR,2025-03-18,110733,1,2,0,59.0
10109118OLIVEIRAWR_2025-03-18_G31,10109118OLIVEIRAWR,2025-03-18,111532,1,3,0,50.0
10109118OLIVEIRAWR_2025-03-18_G32,10109118OLIVEIRAWR,2025-03-18,117831,1,2,0,73.0
10109118OLIVEIRAWR_2025-03-18_G33,10109118OLIVEIRAWR,2025-03-18,117785,1,3,0,62.0
10109118OLIVEIRAWR_2025-03-18_G34,10109118OLIVEIRAWR,2025-03-18,108711,1,3,0,83.0
10109118OLIVEIRAWR_2025-03-18_G35,10109118OLIVEIRAWR,2025-03-18,118299,1,15,0,123.0
10109118OLIVEIRAWR_2025-03-18_G36,10109118OLIVEIRAWR,2025-03-18,"117808, 110373",2,4,28,139.0
10109118OLIVEIRAWR_2025-03-18_G37,10109118OLIVEIRAWR,2025-03-18,117820,1,2,0,59.0
10109118OLIVEIRAWR_2025-03-18_G38,10109118OLIVEIRAWR,2025-03-18,110372,1,5,0,116.0
10109118OLIVEIRAWR_2025-03-18_G39,10109118OLIVEIRAWR,2025-03-18,110374,1,2,0,103.0
10109118OLIVEIRAWR_2025-03-18_G40,10109118OLIVEIRAWR,2025-03-18,110733,1,2,0,285.0
10109118OLIVEIRAWR_2025-03-18_G41,10109118OLIVEIRAWR,2025-03-18,111442,1,8,0,125.0
10109118OLIVEIRAWR_2025-03-18_G42,10109118OLIVEIRAWR,2025-03-18,111532,1,4,0,238.0
10109118OLIVEIRAWR_2025-03-18_G43,10109118OLIVEIRAWR,2025-03-18,117831,1,2,0,89.0
10109118OLIVEIRAWR_2025-03-18_G44,10109118OLIVEIRAWR,2025-03-18,118140,1,2,0,53.0
10109118OLIVEIRAWR_2025-03-18_G45,10109118OLIVEIRAWR,2025-03-18,108711,1,4,0,73.0
10109118OLIVEIRAWR_2025-03-18_G46,10109118OLIVEIRAWR,2025-03-18,118299,1,5,0,281.0
10109118OLIVEIRAWR_2025-03-18_G47,10109118OLIVEIRAWR,2025-03-18,110376,1,1,0,64.0
10109118OLIVEIRAWR_2025-03-18_G48,10109118OLIVEIRAWR,2025-03-18,110373,1,1,0,55.0
10109118OLIVEIRAWR_2025-03-18_G49,10109118OLIVEIRAWR,2025-03-18,117820,1,3,0,35.0
10109118OLIVEIRAWR_2025-03-18_G50,10109118OLIVEIRAWR,2025-03-18,110372,1,4,0,56.0
10109118OLIVEIRAWR_2025-03-18_G51,10109118OLIVEIRAWR,2025-03-18,110371,1,8,0,57.0
10109118OLIVEIRAWR_2025-03-18_G52,10109118OLIVEIRAWR,2025-03-18,109937,1,6,0,195.0
10109118OLIVEIRAWR_2025-03-18_G53,10109118OLIVEIRAWR,2025-03-18,110895,1,2,0,109.0
10109118OLIVEIRAWR_2025-03-18_G54,10109118OLIVEIRAWR,2025-03-18,111466,1,2,0,68.0
10109118OLIVEIRAWR_2025-03-18_G55,10109118OLIVEIRAWR,2025-03-18,118299,1,2,0,65.0
10109118OLIVEIRAWR_2025-03-18_G56,10109118OLIVEIRAWR,2025-03-18,117820,1,2,0,89.0
10109118OLIVEIRAWR_2025-03-18_G57,10109118OLIVEIRAWR,2025-03-18,118140,1,3,0,94.0
10109118OLIVEIRAWR_2025-03-18_G58,10109118OLIVEIRAWR,2025-03-18,111463,1,7,0,160.0
10109118OLIVEIRAWR_2025-03-18_G59,10109118OLIVEIRAWR,2025-03-18,110787,1,4,0,89.0
10109118OLIVEIRAWR_2025-03-18_G60,10109118OLIVEIRAWR,2025-03-18,109937,1,8,0,315.0
10109118OLIVEIRAWR_2025-03-18_G61,10109118OLIVEIRAWR,2025-03-18,110895,1,2,0,136.0
10109118OLIVEIRAWR_2025-03-18_G62,10109118OLIVEIRAWR,2025-03-18,111430,1,2,0,34.0
10109118OLIVEIRAWR_2025-03-18_G63,10109118OLIVEIRAWR,2025-03-18,117853,1,12,0,620.0
10109118OLIVEIRAWR_2025-03-18_G64,10109118OLIVEIRAWR,2025-03-18,111466,1,4,0,190.0
10109118OLIVEIRAWR_2025-03-18_G65,10109118OLIVEIRAWR,2025-03-18,118299,1,2,0,108.0
10109118OLIVEIRAWR_2025-03-18_G66,10109118OLIVEIRAWR,2025-03-18,110376,1,2,0,44.0
10109118OLIVEIRAWR_2025-03-18_G67,10109118OLIVEIRAWR,2025-03-18,117820,1,2,0,73.0
10109118OLIVEIRAWR_2025-03-18_G68,10109118OLIVEIRAWR,2025-03-18,118140,1,2,0,89.0
10109118OLIVEIRAWR_2025-03-18_G69,10109118OLIVEIRAWR,2025-03-18,110787,1,2,0,80.0
10109118OLIVEIRAWR_2025-03-18_G70,10109118OLIVEIRAWR,2025-03-18,111465,1,2,0,60.0
10109118OLIVEIRAWR_2025-03-18_G71,10109118OLIVEIRAWR,2025-03-18,111463,1,14,0,84.0
10109118OLIVEIRAWR_2025-03-18_G72,10109118OLIVEIRAWR,2025-03-18,"110515, 111530",2,5,7,279.0
10109118OLIVEIRAWR_2025-03-18_G73,10109118OLIVEIRAWR,2025-03-18,117832,1,2,0,101.0
10109118OLIVEIRAWR_2025-03-18_G74,10109118OLIVEIRAWR,2025-03-18,118222,1,2,0,233.0
10109118OLIVEIRAWR_2025-03-18_G75,10109118OLIVEIRAWR,2025-03-18,110733,1,1,0,77.0
10109118OLIVEIRAWR_2025-03-18_G76,10109118OLIVEIRAWR,2025-03-18,"117820, 117808",2,2,29,35.0
10109118OLIVEIRAWR_2025-03-18_G77,10109118OLIVEIRAWR,2025-03-18,110372,1,2,0,77.0
10109118OLIVEIRAWR_2025-03-18_G78,10109118OLIVEIRAWR,2025-03-18,117830,1,1,0,53.0
10109118OLIVEIRAWR_2025-03-18_G79,10109118OLIVEIRAWR,2025-03-18,111443,1,2,0,45.0
10109118OLIVEIRAWR_2025-03-18_G80,10109118OLIVEIRAWR,2025-03-18,111532,1,4,0,31.0
10109118OLIVEIRAWR_2025-03-18_G81,10109118OLIVEIRAWR,2025-03-18,117785,1,1,0,87.0
10109118OLIVEIRAWR_2025-03-18_G82,10109118OLIVEIRAWR,2025-03-18,110749,1,16,0,796.0
10109118OLIVEIRAWR_2025-03-18_G83,10109118OLIVEIRAWR,2025-03-18,111439,1,20,0,351.0
10109118OLIVEIRAWR_2025-03-18_G84,10109118OLIVEIRAWR,2025-03-18,111466,1,522,0,407.0
10109118OLIVEIRAWR_2025-03-18_G85,10109118OLIVEIRAWR,2025-03-18,110373,1,834,0,2867.0
10109118OLIVEIRAWR_2025-04-30_G02,10109118OLIVEIRAWR,2025-04-30,117853,1,1,0,269.0
10109118OLIVEIRAWR_2025-04-30_G03,10109118OLIVEIRAWR,2025-04-30,"117853, 107892",3,8,30,120.0
10109118OLIVEIRAWR_2025-04-30_G04,10109118OLIVEIRAWR,2025-04-30,100334,1,4,0,126.0
10109118OLIVEIRAWR_2025-04-30_G05,10109118OLIVEIRAWR,2025-04-30,107236,1,2,0,1113.0
10109118OLIVEIRAWR_2025-04-30_G06,10109118OLIVEIRAWR,2025-04-30,110740,1,4,0,105.0
10109118OLIVEIRAWR_2025-04-30_G07,10109118OLIVEIRAWR,2025-04-30,"111418, 118140",2,8,5,222.0
10109118OLIVEIRAWR_2025-04-30_G08,10109118OLIVEIRAWR,2025-04-30,107830,1,3,0,124.0
10109118OLIVEIRAWR_2025-04-30_G10,10109118OLIVEIRAWR,2025-04-30,110841,1,1,0,402.0
10109118OLIVEIRAWR_2025-04-30_G11,10109118OLIVEIRAWR,2025-04-30,116527,1,4,0,98.0
10109118OLIVEIRAWR_2025-04-30_G12,10109118OLIVEIRAWR,2025-04-30,117861,2,5,7,398.0
10109118OLIVEIRAWR_2025-04-30_G13,10109118OLIVEIRAWR,2025-04-30,110313,1,2,0,140.0
10109118OLIVEIRAWR_2025-04-30_G14,10109118OLIVEIRAWR,2025-04-30,117935,1,4,0,109.0
10109118OLIVEIRAWR_2025-04-30_G15,10109118OLIVEIRAWR,2025-04-30,111466,1,8,0,114.0
10109118OLIVEIRAWR_2025-04-30_G16,10109118OLIVEIRAWR,2025-04-30,111466,1,4,0,36.0
10109118OLIVEIRAWR_2025-04-30_G17,10109118OLIVEIRAWR,2025-04-30,117833,1,4,0,64.0
10109118OLIVEIRAWR_2025-04-30_G18,10109118OLIVEIRAWR,2025-04-30,111172,1,4,0,77.0
10109118OLIVEIRAWR_2025-04-30_G19,10109118OLIVEIRAWR,2025-04-30,110129,1,2,0,142.0
10109118OLIVEIRAWR_2025-04-30_G20,10109118OLIVEIRAWR,2025-04-30,111463,1,10,0,141.0
10109118OLIVEIRAWR_2025-04-30_G21,10109118OLIVEIRAWR,2025-04-30,"108794, 111418",2,8,30,162.0
10109118OLIVEIRAWR_2025-04-30_G22,10109118OLIVEIRAWR,2025-04-30,118140,1,3,0,105.0
10109118OLIVEIRAWR_2025-04-30_G23,10109118OLIVEIRAWR,2025-04-30,"107236, 111743",2,2,14,59.0
10109118OLIVEIRAWR_2025-04-30_G24,10109118OLIVEIRAWR,2025-04-30,110373,1,5,0,515.0
10109118OLIVEIRAWR_2025-04-30_G25,10109118OLIVEIRAWR,2025-04-30,110373,1,8,0,83.0
10109118OLIVEIRAWR_2025-04-30_G26,10109118OLIVEIRAWR,2025-04-30,110372,1,10,0,118.0
10109118OLIVEIRAWR_2025-04-30_G27,10109118OLIVEIRAWR,2025-04-30,110376,1,4,0,92.0
10109118OLIVEIRAWR_2025-04-30_G28,10109118OLIVEIRAWR,2025-04-30,"117830, 109643",2,9,8,77.0
10109118OLIVEIRAWR_2025-04-30_G29,10109118OLIVEIRAWR,2025-04-30,111430,1,2,0,158.0
10109118OLIVEIRAWR_2025-04-30_G30,10109118OLIVEIRAWR,2025-04-30,111569,1,48,0,1290.0
10109118OLIVEIRAWR_2025-04-30_G31,10109118OLIVEIRAWR,2025-04-30,118251,1,20,0,275.0
10109118OLIVEIRAWR_2025-04-30_G32,10109118OLIVEIRAWR,2025-04-30,110339,1,40,0,460.0
10109118OLIVEIRAWR_2025-04-30_G33,10109118OLIVEIRAWR,2025-04-30,117855,1,40,0,230.0
10109118OLIVEIRAWR_2025-04-30_G34,10109118OLIVEIRAWR,2025-04-30,111530,1,8,0,311.0
10109118OLIVEIRAWR_2025-04-30_G35,10109118OLIVEIRAWR,2025-04-30,109647,1,20,0,589.0
10109118OLIVEIRAWR_2025-04-30_G36,10109118OLIVEIRAWR,2025-04-30,141047,1,20,0,199.0
10109118OLIVEIRAWR_2025-04-30_G37,10109118OLIVEIRAWR,2025-04-30,111466,1,12,0,158.0
10109118OLIVEIRAWR_2025-04-30_G38,10109118OLIVEIRAWR,2025-04-30,140922,1,4,0,61.0
10109118OLIVEIRAWR_2025-04-30_G40,10109118OLIVEIRAWR,2025-04-30,111465,1,6,0,56.0
10109118OLIVEIRAWR_2025-04-30_G41,10109118OLIVEIRAWR,2025-04-30,117831,1,80,0,259.0
10109118OLIVEIRAWR_2025-04-30_G42,10109118OLIVEIRAWR,2025-04-30,111463,1,8,0,485.0
10109118OLIVEIRAWR_2025-04-30_G43,10109118OLIVEIRAWR,2025-04-30,111469,1,4,0,51.0
10109118OLIVEIRAWR_2025-04-30_G44,10109118OLIVEIRAWR,2025-04-30,109641,1,20,0,478.0
10109118OLIVEIRAWR_2025-04-30_G45,10109118OLIVEIRAWR,2025-04-30,110740,1,4,0,147.0
10109118OLIVEIRAWR_2025-04-30_G46,10109118OLIVEIRAWR,2025-04-30,117821,1,40,0,452.0
10109118OLIVEIRAWR_2025-04-30_G47,10109118OLIVEIRAWR,2025-04-30,117785,1,320,0,584.0
10109118OLIVEIRAWR_2025-04-30_G48,10109118OLIVEIRAWR,2025-04-30,117785,1,80,0,444.0
10109118OLIVEIRAWR_2025-04-30_G49,10109118OLIVEIRAWR,2025-04-30,110745,1,20,0,903.0
10109118OLIVEIRAWR_2025-05-31_G02,10109118OLIVEIRAWR,2025-05-31,117935,1,5,0,123.0
10109118OLIVEIRAWR_2025-05-31_G03,10109118OLIVEIRAWR,2025-05-31,111602,1,19,0,389.0
10109118OLIVEIRAWR_2025-05-31_G04,10109118OLIVEIRAWR,2025-05-31,117838,1,8,0,211.0
10109118OLIVEIRAWR_2025-05-31_G05,10109118OLIVEIRAWR,2025-05-31,109643,1,12,0,343.0
10109118OLIVEIRAWR_2025-05-31_G06,10109118OLIVEIRAWR,2025-05-31,118299,1,400,0,1861.0
10109118OLIVEIRAWR_2025-05-31_G07,10109118OLIVEIRAWR,2025-05-31,111463,1,45,0,405.0
10109118OLIVEIRAWR_2025-05-31_G08,10109118OLIVEIRAWR,2025-05-31,117831,1,100,0,251.0
10109118OLIVEIRAWR_2025-05-31_G09,10109118OLIVEIRAWR,2025-05-31,117820,1,47,0,1150.0
10109118OLIVEIRAWR_2025-05-31_G10,10109118OLIVEIRAWR,2025-05-31,117808,1,144,0,704.0
10109118OLIVEIRAWR_2025-05-31_G11,10109118OLIVEIRAWR,2025-05-31,117808,1,220,0,688.0
10109118OLIVEIRAWR_2025-05-31_G12,10109118OLIVEIRAWR,2025-05-31,117820,1,65,0,522.0
10109118OLIVEIRAWR_2025-05-31_G13,10109118OLIVEIRAWR,2025-05-31,117820,1,52,0,201.0
10109118OLIVEIRAWR_2025-05-31_G14,10109118OLIVEIRAWR,2025-05-31,117808,1,176,0,1347.0
10109118OLIVEIRAWR_2025-05-31_G15,10109118OLIVEIRAWR,2025-05-31,110787,1,4,0,431.0
10109118OLIVEIRAWR_2025-05-31_G16,10109118OLIVEIRAWR,2025-05-31,109640,1,1,0,161.0
10109118OLIVEIRAWR_2025-05-31_G17,10109118OLIVEIRAWR,2025-05-31,117820,1,96,0,270.0
10109118OLIVEIRAWR_2025-05-31_G18,10109118OLIVEIRAWR,2025-05-31,117808,1,260,0,1051.0
10109118OLIVEIRAWR_2025-05-31_G19,10109118OLIVEIRAWR,2025-05-31,117820,1,96,0,482.0
10109118OLIVEIRAWR_2025-05-31_G20,10109118OLIVEIRAWR,2025-05-31,117808,1,276,0,1799.0
10109118OLIVEIRAWR_2025-05-31_G21,10109118OLIVEIRAWR,2025-05-31,108794,1,10,0,1090.0
10109118OLIVEIRAWR_2025-05-31_G22,10109118OLIVEIRAWR,2025-05-31,117842,1,6,0,156.0
10109118OLIVEIRAWR_2025-05-31_G23,10109118OLIVEIRAWR,2025-05-31,117821,1,10,0,212.0
10109118OLIVEIRAWR_2025-05-31_G24,10109118OLIVEIRAWR,2025-05-31,111465,1,10,0,382.0
10109118OLIVEIRAWR_2025-05-31_G25,10109118OLIVEIRAWR,2025-05-31,111469,1,8,0,199.0
10109118OLIVEIRAWR_2025-05-31_G26,10109118OLIVEIRAWR,2025-05-31,117833,1,20,0,423.0
10109118OLIVEIRAWR_2025-05-31_G27,10109118OLIVEIRAWR,2025-05-31,108798,1,10,0,149.0
10109118OLIVEIRAWR_2025-05-31_G28,10109118OLIVEIRAWR,2025-05-31,108711,1,10,0,77.0
10109118OLIVEIRAWR_2025-05-31_G29,10109118OLIVEIRAWR,2025-05-31,117787,1,20,0,1032.0
10109118OLIVEIRAWR_2025-05-31_G30,10109118OLIVEIRAWR,2025-05-31,110787,3,77,13,47.0
10109118OLIVEIRAWR_2025-05-31_G31,10109118OLIVEIRAWR,2025-05-31,117838,1,10,0,327.0
10109118OLIVEIRAWR_2025-05-31_G32,10109118OLIVEIRAWR,2025-05-31,111468,1,20,0,295.0
10109118OLIVEIRAWR_2025-05-31_G33,10109118OLIVEIRAWR,2025-05-31,108711,1,10,0,151.0
10109118OLIVEIRAWR_2025-05-31_G34,10109118OLIVEIRAWR,2025-05-31,107236,1,16,0,229.0
10109118OLIVEIRAWR_2025-05-31_G35,10109118OLIVEIRAWR,2025-05-31,116241,1,1,0,182.0
10109118OLIVEIRAWR_2025-05-31_G36,10109118OLIVEIRAWR,2025-05-31,117785,1,40,0,570.0
10109118OLIVEIRAWR_2025-05-31_G37,10109118OLIVEIRAWR,2025-05-31,117787,1,20,0,237.0
10109118OLIVEIRAWR_2025-05-31_G38,10109118OLIVEIRAWR,2025-05-31,140922,1,20,0,792.0
10109118OLIVEIRAWR_2025-05-31_G39,10109118OLIVEIRAWR,2025-05-31,118140,1,30,0,454.0
10109118OLIVEIRAWR_2025-05-31_G41,10109118OLIVEIRAWR,2025-05-31,110787,1,4,0,154.0
10109118OLIVEIRAWR_2025-05-31_G42,10109118OLIVEIRAWR,2025-05-31,107236,1,8,0,148.0
10109118OLIVEIRAWR_2025-05-31_G43,10109118OLIVEIRAWR,2025-05-31,108794,1,8,0,341.0
10109118OLIVEIRAWR_2025-05-31_G44,10109118OLIVEIRAWR,2025-05-31,109641,1,7,0,129.0
10109118OLIVEIRAWR_2025-05-31_G45,10109118OLIVEIRAWR,2025-05-31,110743,1,7,0,319.0
10109118OLIVEIRAWR_2025-05-31_G46,10109118OLIVEIRAWR,2025-05-31,111468,1,11,0,124.0
10109118OLIVEIRAWR_2025-05-31_G47,10109118OLIVEIRAWR,2025-05-31,118140,1,12,0,225.0
10109118OLIVEIRAWR_2025-10-24_G02,10109118OLIVEIRAWR,2025-10-24,120008,1,40,0,3460.0
10109118OLIVEIRAWR_2025-10-24_G03,10109118OLIVEIRAWR,2025-10-24,122673,1,20,0,3403.0
10109118OLIVEIRAWR_2025-10-24_G04,10109118OLIVEIRAWR,2025-10-24,120389,1,7,0,136.0
10109118OLIVEIRAWR_2025-10-24_G05,10109118OLIVEIRAWR,2025-10-24,120028,1,8,0,197.0
10109118OLIVEIRAWR_2025-10-24_G06,10109118OLIVEIRAWR,2025-10-24,122647,1,16,0,349.0
10109118OLIVEIRAWR_2025-10-24_G07,10109118OLIVEIRAWR,2025-10-24,123822,1,64,0,2029.0
10109118OLIVEIRAWR_2025-10-24_G08,10109118OLIVEIRAWR,2025-10-24,122673,1,40,0,1069.0
10109118OLIVEIRAWR_2025-10-24_G09,10109118OLIVEIRAWR,2025-10-24,122967,1,60,0,1239.0
10109118OLIVEIRAWR_2025-10-24_G10,10109118OLIVEIRAWR,2025-10-24,123822,1,11,0,327.0
10109118OLIVEIRAWR_2025-10-24_G11,10109118OLIVEIRAWR,2025-10-24,124548,1,24,0,1551.0
10109118OLIVEIRAWR_2025-10-24_G12,10109118OLIVEIRAWR,2025-10-24,122962,2,42,20,607.0
10109118OLIVEIRAWR_2025-10-24_G14,10109118OLIVEIRAWR,2025-10-24,124486,1,20,0,1165.0
10109118OLIVEIRAWR_2025-10-24_G15,10109118OLIVEIRAWR,2025-10-24,120028,1,20,0,612.0
10109118OLIVEIRAWR_2025-10-24_G16,10109118OLIVEIRAWR,2025-10-24,123822,1,16,0,380.0
10109118OLIVEIRAWR_2025-10-24_G17,10109118OLIVEIRAWR,2025-10-24,124486,1,20,0,451.0
10109118OLIVEIRAWR_2025-10-24_G18,10109118OLIVEIRAWR,2025-10-24,122962,1,32,0,853.0
10109118OLIVEIRAWR_2025-10-24_G19,10109118OLIVEIRAWR,2025-10-24,123345,1,6,0,809.0
10109118OLIVEIRAWR_2025-10-31_G02,10109118OLIVEIRAWR,2025-10-31,110895,1,4,0,65.0
10109118OLIVEIRAWR_2025-10-31_G03,10109118OLIVEIRAWR,2025-10-31,141047,1,2,0,90.0
10109118OLIVEIRAWR_2025-10-31_G04,10109118OLIVEIRAWR,2025-10-31,109645,1,1,0,118.0
10109118OLIVEIRAWR_2025-10-31_G05,10109118OLIVEIRAWR,2025-10-31,110374,1,2,0,94.0
10109118OLIVEIRAWR_2025-10-31_G06,10109118OLIVEIRAWR,2025-10-31,110895,1,1,0,187.0
10109118OLIVEIRAWR_2025-10-31_G07,10109118OLIVEIRAWR,2025-10-31,141047,1,4,0,116.0
10109118OLIVEIRAWR_2025-10-31_G08,10109118OLIVEIRAWR,2025-10-31,109645,1,4,0,124.0
10109118OLIVEIRAWR_2025-10-31_G09,10109118OLIVEIRAWR,2025-10-31,110895,1,6,0,680.0
10109118OLIVEIRAWR_2025-10-31_G10,10109118OLIVEIRAWR,2025-10-31,109645,1,15,0,207.0
10109118OLIVEIRAWR_2025-10-31_G11,10109118OLIVEIRAWR,2025-10-31,110374,1,8,0,145.0
10109118OLIVEIRAWR_2025-10-31_G12,10109118OLIVEIRAWR,2025-10-31,111441,1,2,0,649.0
10109118OLIVEIRAWR_2025-10-31_G13,10109118OLIVEIRAWR,2025-10-31,111441,2,11,7,297.0
10109118OLIVEIRAWR_2025-10-31_G14,10109118OLIVEIRAWR,2025-10-31,110374,1,3,0,128.0
10109118OLIVEIRAWR_2025-10-31_G15,10109118OLIVEIRAWR,2025-10-31,141047,1,8,0,153.0
10109118OLIVEIRAWR_2025-10-31_G16,10109118OLIVEIRAWR,2025-10-31,111759,1,6,0,879.0
10109118OLIVEIRAWR_2025-10-31_G17,10109118OLIVEIRAWR,2025-10-31,141140,1,6,0,257.0
10109118OLIVEIRAWR_2025-10-31_G18,10109118OLIVEIRAWR,2025-10-31,141155,1,4,0,111.0
10109118OLIVEIRAWR_2025-10-31_G19,10109118OLIVEIRAWR,2025-10-31,141155,1,6,0,56.0
10109118OLIVEIRAWR_2025-10-31_G20,10109118OLIVEIRAWR,2025-10-31,111742,1,10,0,191.0
10109118OLIVEIRAWR_2025-10-31_G21,10109118OLIVEIRAWR,2025-10-31,111742,1,4,0,61.0
10109118OLIVEIRAWR_2025-10-31_G22,10109118OLIVEIRAWR,2025-10-31,141262,1,20,0,607.0
10109118OLIVEIRAWR_2025-10-31_G23,10109118OLIVEIRAWR,2025-10-31,141262,1,16,0,106.0
10109118OLIVEIRAWR_2025-10-31_G24,10109118OLIVEIRAWR,2025-10-31,111634,1,12,0,101.0
10109118OLIVEIRAWR_2025-10-31_G25,10109118OLIVEIRAWR,2025-10-31,118191,2,86,16,1088.0
10109118OLIVEIRAWR_2025-10-31_G26,10109118OLIVEIRAWR,2025-10-31,111722,2,28,16,312.0
10109118OLIVEIRAWR_2025-10-31_G27,10109118OLIVEIRAWR,2025-10-31,111751,1,4,0,119.0
10109118OLIVEIRAWR_2025-10-31_G28,10109118OLIVEIRAWR,2025-10-31,141261,2,34,7,296.0
10109118OLIVEIRAWR_2025-10-31_G29,10109118OLIVEIRAWR,2025-10-31,110787,1,7,0,739.0
10109118OLIVEIRAWR_2025-10-31_G30,10109118OLIVEIRAWR,2025-10-31,110895,1,2,0,501.0
10109118OLIVEIRAWR_2025-10-31_G31,10109118OLIVEIRAWR,2025-10-31,109647,1,2,0,109.0
10109118OLIVEIRAWR_2025-10-31_G32,10109118OLIVEIRAWR,2025-10-31,111530,1,5,0,123.0
10109118OLIVEIRAWR_2025-10-31_G33,10109118OLIVEIRAWR,2025-10-31,111469,1,6,0,150.0
10109118OLIVEIRAWR_2025-10-31_G34,10109118OLIVEIRAWR,2025-10-31,111467,1,2,0,157.0
10109118OLIVEIRAWR_2025-10-31_G35,10109118OLIVEIRAWR,2025-10-31,140923,1,2,0,147.0
10109118OLIVEIRAWR_2025-10-31_G36,10109118OLIVEIRAWR,2025-10-31,111602,1,3,0,98.0
10109118OLIVEIRAWR_2025-10-31_G37,10109118OLIVEIRAWR,2025-10-31,110339,1,2,0,54.0
10109118OLIVEIRAWR_2025-10-31_G38,10109118OLIVEIRAWR,2025-10-31,"111466, 111462, 117821, 141458, 111532",5,13,29,495.0
10109118OLIVEIRAWR_2025-10-31_G39,10109118OLIVEIRAWR,2025-10-31,"111418, 118317",2,11,4,199.0
10109118OLIVEIRAWR_2025-10-31_G40,10109118OLIVEIRAWR,2025-10-31,117820,1,1,0,891.0
10109118OLIVEIRAWR_2025-10-31_G41,10109118OLIVEIRAWR,2025-10-31,"118299, 117808, 141202, 110373",6,25,33,33.0
10109118OLIVEIRAWR_2025-10-31_G42,10109118OLIVEIRAWR,2025-10-31,109645,1,2,0,347.0
10109118OLIVEIRAWR_2025-10-31_G43,10109118OLIVEIRAWR,2025-10-31,117786,1,2,0,435.0
10109118OLIVEIRAWR_2025-10-31_G44,10109118OLIVEIRAWR,2025-10-31,111418,1,2,0,77.0
10109118OLIVEIRAWR_2025-10-31_G45,10109118OLIVEIRAWR,2025-10-31,"110374, 117830",2,5,9,337.0
10109118OLIVEIRAWR_2025-10-31_G46,10109118OLIVEIRAWR,2025-10-31,"110372, 118299, 117808",5,26,42,267.0
10109118OLIVEIRAWR_2025-10-31_G47,10109118OLIVEIRAWR,2025-10-31,110373,1,2,0,71.0
10109118OLIVEIRAWR_2025-10-31_G48,10109118OLIVEIRAWR,2025-10-31,140923,1,1,0,408.0
10109118OLIVEIRAWR_2025-10-31_G49,10109118OLIVEIRAWR,2025-10-31,111530,1,2,0,66.0
10109118OLIVEIRAWR_2025-10-31_G50,10109118OLIVEIRAWR,2025-10-31,111532,1,1,0,494.0
10109118OLIVEIRAWR_2025-10-31_G51,10109118OLIVEIRAWR,2025-10-31,"111172, 110787",2,3,6,37.0
10109118OLIVEIRAWR_2025-10-31_G52,10109118OLIVEIRAWR,2025-10-31,141458,1,8,0,69.0
10109118OLIVEIRAWR_2025-10-31_G53,10109118OLIVEIRAWR,2025-10-31,117832,1,6,0,1187.0
10109118OLIVEIRAWR_2025-10-31_G54,10109118OLIVEIRAWR,2025-10-31,110372,1,20,0,55.0
10109118OLIVEIRAWR_2025-10-31_G55,10109118OLIVEIRAWR,2025-10-31,"110372, 118299, 117808, 117820",5,36,35,33.0
10109118OLIVEIRAWR_2025-10-31_G56,10109118OLIVEIRAWR,2025-10-31,111436,1,4,0,469.0
10109118OLIVEIRAWR_2025-10-31_G57,10109118OLIVEIRAWR,2025-10-31,141047,2,8,7,185.0
10109118OLIVEIRAWR_2025-10-31_G58,10109118OLIVEIRAWR,2025-10-31,110787,1,10,0,285.0
10109118OLIVEIRAWR_2025-10-31_G59,10109118OLIVEIRAWR,2025-10-31,111418,2,60,6,1206.0
10109118OLIVEIRAWR_2025-10-31_G61,10109118OLIVEIRAWR,2025-10-31,111330,1,6,0,287.0
10109118OLIVEIRAWR_2025-10-31_G62,10109118OLIVEIRAWR,2025-10-31,110747,1,2,0,313.0
10109118OLIVEIRAWR_2025-10-31_G63,10109118OLIVEIRAWR,2025-10-31,111467,1,2,0,78.0
10109118OLIVEIRAWR_2025-10-31_G64,10109118OLIVEIRAWR,2025-10-31,"141458, 117787",2,3,17,359.0
10109118OLIVEIRAWR_2025-10-31_G65,10109118OLIVEIRAWR,2025-10-31,"109641, 111462",2,3,6,46.0
10109118OLIVEIRAWR_2025-10-31_G66,10109118OLIVEIRAWR,2025-10-31,117808,2,20,6,334.0
10109118OLIVEIRAWR_2025-10-31_G67,10109118OLIVEIRAWR,2025-10-31,117830,1,4,0,130.0
10109118OLIVEIRAWR_2025-10-31_G68,10109118OLIVEIRAWR,2025-10-31,117832,1,2,0,66.0
10109118OLIVEIRAWR_2025-10-31_G69,10109118OLIVEIRAWR,2025-10-31,118299,1,30,0,712.0
10109118OLIVEIRAWR_2025-10-31_G70,10109118OLIVEIRAWR,2025-10-31,"109643, 117830, 110372",3,22,15,462.0
10109118OLIVEIRAWR_2025-10-31_G71,10109118OLIVEIRAWR,2025-10-31,110373,1,10,0,186.0
10109118OLIVEIRAWR_2025-10-31_G72,10109118OLIVEIRAWR,2025-10-31,117820,1,4,0,137.0
10109118OLIVEIRAWR_2025-10-31_G73,10109118OLIVEIRAWR,2025-10-31,117808,1,40,0,464.0
10109118OLIVEIRAWR_2025-10-31_G74,10109118OLIVEIRAWR,2025-10-31,110755,1,4,0,547.0
10109118OLIVEIRAWR_2025-10-31_G75,10109118OLIVEIRAWR,2025-10-31,111602,3,5,11,301.0
10109118OLIVEIRAWR_2025-10-31_G76,10109118OLIVEIRAWR,2025-10-31,"110313, 111530",3,5,40,178.0
10109118OLIVEIRAWR_2025-10-31_G77,10109118OLIVEIRAWR,2025-10-31,109645,1,2,0,68.0
10109118OLIVEIRAWR_2025-10-31_G78,10109118OLIVEIRAWR,2025-10-31,109645,2,8,20,31.0
10109118OLIVEIRAWR_2025-10-31_G79,10109118OLIVEIRAWR,2025-10-31,111418,6,34,76,54.0
10109118OLIVEIRAWR_2025-10-31_G80,10109118OLIVEIRAWR,2025-10-31,117785,1,50,0,686.0
10109118OLIVEIRAWR_2025-10-31_G81,10109118OLIVEIRAWR,2025-10-31,117821,1,2,0,399.0
10109118OLIVEIRAWR_2026-03-29_G02,10109118OLIVEIRAWR,2026-03-29,110711,1,8,0,357.0
10109118OLIVEIRAWR_2026-03-29_G03,10109118OLIVEIRAWR,2026-03-29,108794,1,3,0,87.0
10109118OLIVEIRAWR_2026-03-29_G04,10109118OLIVEIRAWR,2026-03-29,111441,1,4,0,224.0
10109154FERRETIA_2025-01-09_G02,10109154FERRETIA,2025-01-09,108794,1,2,0,131.0
10109154FERRETIA_2025-01-09_G03,10109154FERRETIA,2025-01-09,108794,1,2,0,152.0
10109154FERRETIA_2025-01-09_G04,10109154FERRETIA,2025-01-09,118140,1,8,0,164.0
10109154FERRETIA_2025-01-09_G05,10109154FERRETIA,2025-01-09,111532,1,1,0,139.0
10109154FERRETIA_2025-01-09_G06,10109154FERRETIA,2025-01-09,110740,1,4,0,242.0
10109154FERRETIA_2025-01-09_G07,10109154FERRETIA,2025-01-09,109641,1,8,0,85.0
10109154FERRETIA_2025-01-09_G08,10109154FERRETIA,2025-01-09,110787,1,10,0,111.0
10109154FERRETIA_2025-01-09_G09,10109154FERRETIA,2025-01-09,117831,1,5,0,191.0
10109154FERRETIA_2025-01-09_G10,10109154FERRETIA,2025-01-09,111418,1,14,0,154.0
10109154FERRETIA_2025-01-09_G11,10109154FERRETIA,2025-01-09,117833,1,2,0,73.0
10109154FERRETIA_2025-01-09_G12,10109154FERRETIA,2025-01-09,117842,1,2,0,63.0
10109154FERRETIA_2025-01-09_G13,10109154FERRETIA,2025-01-09,105705,1,2,0,80.0
10109154FERRETIA_2025-01-09_G14,10109154FERRETIA,2025-01-09,111462,1,9,0,74.0
10109154FERRETIA_2025-01-09_G15,10109154FERRETIA,2025-01-09,108711,1,4,0,865.0
10109154FERRETIA_2025-01-09_G16,10109154FERRETIA,2025-01-09,111463,1,4,0,774.0
10109154FERRETIA_2025-01-09_G17,10109154FERRETIA,2025-01-09,111466,1,6,0,107.0
10109154FERRETIA_2025-01-09_G18,10109154FERRETIA,2025-01-09,111466,1,12,0,204.0
10109154FERRETIA_2025-01-09_G19,10109154FERRETIA,2025-01-09,111442,1,6,0,100.0
10109154FERRETIA_2025-01-09_G20,10109154FERRETIA,2025-01-09,111442,1,8,0,78.0
10109154FERRETIA_2025-01-09_G21,10109154FERRETIA,2025-01-09,111442,1,8,0,63.0
10109154FERRETIA_2025-01-09_G22,10109154FERRETIA,2025-01-09,117820,1,12,0,261.0
10109154FERRETIA_2025-01-09_G23,10109154FERRETIA,2025-01-09,117809,1,2,0,172.0
10109154FERRETIA_2025-01-09_G24,10109154FERRETIA,2025-01-09,117822,1,4,0,303.0
10109154FERRETIA_2025-01-09_G25,10109154FERRETIA,2025-01-09,117832,1,8,0,111.0
10109154FERRETIA_2025-01-09_G26,10109154FERRETIA,2025-01-09,111462,1,6,0,762.0
10109154FERRETIA_2025-01-16_G02,10109154FERRETIA,2025-01-16,117808,1,23,0,236.0
10109154FERRETIA_2025-01-16_G03,10109154FERRETIA,2025-01-16,117732,1,2,0,168.0
10109154FERRETIA_2025-01-16_G04,10109154FERRETIA,2025-01-16,140911,1,4,0,159.0
10109154FERRETIA_2025-01-16_G05,10109154FERRETIA,2025-01-16,111463,1,98,0,373.0
10109154FERRETIA_2025-01-16_G06,10109154FERRETIA,2025-01-16,117808,1,25,0,469.0
10109154FERRETIA_2025-01-16_G07,10109154FERRETIA,2025-01-16,108711,1,4,0,123.0
10109154FERRETIA_2025-01-16_G08,10109154FERRETIA,2025-01-16,108711,1,8,0,137.0
10109154FERRETIA_2025-01-16_G09,10109154FERRETIA,2025-01-16,111602,1,40,0,487.0
10109154FERRETIA_2025-01-16_G10,10109154FERRETIA,2025-01-16,140922,1,2,0,245.0
10109154FERRETIA_2025-01-16_G11,10109154FERRETIA,2025-01-16,117808,1,6,0,393.0
10109154FERRETIA_2025-01-16_G12,10109154FERRETIA,2025-01-16,117808,1,4,0,83.0
10109154FERRETIA_2025-01-16_G13,10109154FERRETIA,2025-01-16,111602,1,4,0,615.0
10109154FERRETIA_2025-01-16_G14,10109154FERRETIA,2025-01-16,111602,1,1,0,53.0
10109154FERRETIA_2025-01-16_G15,10109154FERRETIA,2025-01-16,111602,1,8,0,105.0
10109154FERRETIA_2025-01-16_G17,10109154FERRETIA,2025-01-16,111660,1,6,0,101.0
10109154FERRETIA_2025-01-16_G18,10109154FERRETIA,2025-01-16,110755,1,4,0,93.0
10109154FERRETIA_2025-01-16_G19,10109154FERRETIA,2025-01-16,118306,1,24,0,449.0
10109154FERRETIA_2025-01-16_G20,10109154FERRETIA,2025-01-16,109937,1,10,0,594.0
10109154FERRETIA_2025-01-16_G21,10109154FERRETIA,2025-01-16,117835,1,20,0,377.0
10109154FERRETIA_2025-01-16_G22,10109154FERRETIA,2025-01-16,141047,1,11,0,377.0
10109154FERRETIA_2025-01-16_G23,10109154FERRETIA,2025-01-16,110733,1,4,0,75.0
10109154FERRETIA_2025-01-16_G24,10109154FERRETIA,2025-01-16,110711,1,4,0,120.0
10109154FERRETIA_2025-01-16_G25,10109154FERRETIA,2025-01-16,111435,1,4,0,171.0
10109154FERRETIA_2025-01-16_G26,10109154FERRETIA,2025-01-16,108794,1,8,0,111.0
10109154FERRETIA_2025-01-16_G27,10109154FERRETIA,2025-01-16,117831,1,13,0,342.0
10109154FERRETIA_2025-01-16_G28,10109154FERRETIA,2025-01-16,108711,1,4,0,250.0
10109154FERRETIA_2025-01-16_G29,10109154FERRETIA,2025-01-16,111465,1,8,0,166.0
10109154FERRETIA_2025-01-16_G30,10109154FERRETIA,2025-01-16,109747,1,4,0,215.0
10109154FERRETIA_2025-01-31_G02,10109154FERRETIA,2025-01-31,111441,1,4,0,128.0
10109154FERRETIA_2025-01-31_G03,10109154FERRETIA,2025-01-31,109640,1,9,0,209.0
10109154FERRETIA_2025-01-31_G04,10109154FERRETIA,2025-01-31,109647,1,3,0,140.0
10109154FERRETIA_2025-01-31_G05,10109154FERRETIA,2025-01-31,110711,1,4,0,102.0
10109154FERRETIA_2025-01-31_G06,10109154FERRETIA,2025-01-31,111418,1,12,0,2376.0
10109154FERRETIA_2025-01-31_G07,10109154FERRETIA,2025-01-31,117841,1,1,0,85.0
10109154FERRETIA_2025-01-31_G08,10109154FERRETIA,2025-01-31,110743,1,4,0,120.0
10109154FERRETIA_2025-01-31_G09,10109154FERRETIA,2025-01-31,111433,1,4,0,535.0
10109154FERRETIA_2025-01-31_G10,10109154FERRETIA,2025-01-31,111465,1,3,0,498.0
10109154FERRETIA_2025-01-31_G11,10109154FERRETIA,2025-01-31,111466,1,20,0,412.0
10109154FERRETIA_2025-01-31_G12,10109154FERRETIA,2025-01-31,110372,1,4,0,525.0
10109154FERRETIA_2025-01-31_G13,10109154FERRETIA,2025-01-31,111468,1,2,0,182.0
10109154FERRETIA_2025-01-31_G14,10109154FERRETIA,2025-01-31,111418,1,12,0,293.0
10109154FERRETIA_2025-01-31_G15,10109154FERRETIA,2025-01-31,109645,1,2,0,52.0
10109154FERRETIA_2025-01-31_G16,10109154FERRETIA,2025-01-31,110751,1,4,0,66.0
10109154FERRETIA_2025-01-31_G17,10109154FERRETIA,2025-01-31,110748,1,4,0,87.0
10109154FERRETIA_2025-01-31_G18,10109154FERRETIA,2025-01-31,111469,1,6,0,102.0
10109154FERRETIA_2025-01-31_G19,10109154FERRETIA,2025-01-31,110515,1,17,0,1920.0
10109154FERRETIA_2025-01-31_G20,10109154FERRETIA,2025-01-31,110787,1,20,0,190.0
10109154FERRETIA_2025-01-31_G21,10109154FERRETIA,2025-01-31,110372,1,217,0,558.0
10109154FERRETIA_2025-01-31_G22,10109154FERRETIA,2025-01-31,118191,1,1352,0,3091.0
10109154FERRETIA_2025-01-31_G23,10109154FERRETIA,2025-01-31,110895,1,2,0,762.0
10109154FERRETIA_2025-01-31_G24,10109154FERRETIA,2025-01-31,110733,1,4,0,138.0
10109154FERRETIA_2025-01-31_G25,10109154FERRETIA,2025-01-31,118140,1,8,0,189.0
10109154FERRETIA_2025-01-31_G26,10109154FERRETIA,2025-01-31,111743,1,4,0,95.0
10109154FERRETIA_2025-01-31_G27,10109154FERRETIA,2025-01-31,108795,1,5,0,196.0
10109154FERRETIA_2025-01-31_G28,10109154FERRETIA,2025-01-31,110325,1,9,0,416.0
10109154FERRETIA_2025-01-31_G29,10109154FERRETIA,2025-01-31,110325,1,6,0,133.0
10109154FERRETIA_2025-01-31_G30,10109154FERRETIA,2025-01-31,111876,1,8,0,464.0
10109154FERRETIA_2025-01-31_G31,10109154FERRETIA,2025-01-31,111182,1,4,0,187.0
10109154FERRETIA_2025-01-31_G33,10109154FERRETIA,2025-01-31,111348,1,4,0,141.0
10109154FERRETIA_2025-01-31_G34,10109154FERRETIA,2025-01-31,117841,1,5,0,146.0
10109154FERRETIA_2025-01-31_G35,10109154FERRETIA,2025-01-31,110371,1,17,0,200.0
10109154FERRETIA_2025-01-31_G36,10109154FERRETIA,2025-01-31,110325,1,25,0,438.0
10109154FERRETIA_2025-01-31_G37,10109154FERRETIA,2025-01-31,100334,1,6,0,838.0
10109154FERRETIA_2025-01-31_G38,10109154FERRETIA,2025-01-31,111850,1,4,0,87.0
10109154FERRETIA_2025-01-31_G39,10109154FERRETIA,2025-01-31,111430,1,5,0,254.0
10109154FERRETIA_2025-01-31_G40,10109154FERRETIA,2025-01-31,118004,2,3,13,177.0
10109154FERRETIA_2025-01-31_G41,10109154FERRETIA,2025-01-31,111468,1,8,0,459.0
10109154FERRETIA_2025-01-31_G42,10109154FERRETIA,2025-01-31,117785,1,6,0,1338.0
10109154FERRETIA_2025-01-31_G43,10109154FERRETIA,2025-01-31,"111348, 140922",2,5,20,550.0
10109154FERRETIA_2025-01-31_G44,10109154FERRETIA,2025-01-31,118004,1,20,0,168.0
10109154FERRETIA_2025-01-31_G45,10109154FERRETIA,2025-01-31,111418,1,35,0,393.0
10109154FERRETIA_2025-01-31_G46,10109154FERRETIA,2025-01-31,110373,1,3,0,260.0
10109154FERRETIA_2025-01-31_G47,10109154FERRETIA,2025-01-31,110373,1,4,0,73.0
10109154FERRETIA_2025-01-31_G48,10109154FERRETIA,2025-01-31,110371,1,4,0,130.0
10109154FERRETIA_2025-01-31_G49,10109154FERRETIA,2025-01-31,110325,1,8,0,209.0
10109154FERRETIA_2025-02-06_G02,10109154FERRETIA,2025-02-06,111532,1,6,0,93.0
10109154FERRETIA_2025-02-06_G03,10109154FERRETIA,2025-02-06,117822,1,1,0,123.0
10109154FERRETIA_2025-02-06_G04,10109154FERRETIA,2025-02-06,111172,1,8,0,207.0
10109154FERRETIA_2025-02-06_G05,10109154FERRETIA,2025-02-06,117822,1,8,0,149.0
10109154FERRETIA_2025-02-06_G06,10109154FERRETIA,2025-02-06,111467,1,4,0,158.0
10109154FERRETIA_2025-02-06_G07,10109154FERRETIA,2025-02-06,111467,1,4,0,36.0
10109154FERRETIA_2025-02-06_G08,10109154FERRETIA,2025-02-06,117787,1,3,0,149.0
10109154FERRETIA_2025-02-06_G09,10109154FERRETIA,2025-02-06,110374,1,2,0,111.0
10109154FERRETIA_2025-02-06_G10,10109154FERRETIA,2025-02-06,110374,1,48,0,206.0
10109154FERRETIA_2025-02-06_G11,10109154FERRETIA,2025-02-06,111530,1,4,0,463.0
10109154FERRETIA_2025-02-06_G12,10109154FERRETIA,2025-02-06,111530,1,2,0,80.0
10109154FERRETIA_2025-02-06_G13,10109154FERRETIA,2025-02-06,111172,1,4,0,135.0
10109154FERRETIA_2025-02-06_G14,10109154FERRETIA,2025-02-06,117822,1,3,0,109.0
10109154FERRETIA_2025-02-06_G15,10109154FERRETIA,2025-02-06,117820,1,8,0,345.0
10109154FERRETIA_2025-02-06_G16,10109154FERRETIA,2025-02-06,111172,1,1,0,186.0
10109154FERRETIA_2025-02-06_G17,10109154FERRETIA,2025-02-06,111467,1,2,0,60.0
10109154FERRETIA_2025-02-06_G18,10109154FERRETIA,2025-02-06,111172,1,4,0,113.0
10109154FERRETIA_2025-02-06_G19,10109154FERRETIA,2025-02-06,111530,1,2,0,108.0
10109154FERRETIA_2025-02-06_G20,10109154FERRETIA,2025-02-06,110895,1,2,0,148.0
10109154FERRETIA_2025-02-06_G21,10109154FERRETIA,2025-02-06,110895,1,3,0,54.0
10109154FERRETIA_2025-02-06_G22,10109154FERRETIA,2025-02-06,111467,1,2,0,453.0
10109154FERRETIA_2025-02-06_G23,10109154FERRETIA,2025-02-06,111466,1,3,0,72.0
10109154FERRETIA_2025-02-06_G24,10109154FERRETIA,2025-02-06,111532,1,2,0,89.0
10109154FERRETIA_2025-02-06_G25,10109154FERRETIA,2025-02-06,110740,1,3,0,34.0
10109154FERRETIA_2025-02-06_G26,10109154FERRETIA,2025-02-06,107629,1,4,0,149.0
10109154FERRETIA_2025-02-06_G27,10109154FERRETIA,2025-02-06,105705,1,8,0,81.0
10109154FERRETIA_2025-02-07_G02,10109154FERRETIA,2025-02-07,160054,1,10,0,201.0
10109154FERRETIA_2025-02-07_G03,10109154FERRETIA,2025-02-07,160053,1,8,0,310.0
10109154FERRETIA_2025-02-07_G04,10109154FERRETIA,2025-02-07,110374,1,150,0,680.0
10109154FERRETIA_2025-02-08_G02,10109154FERRETIA,2025-02-08,111462,1,20,0,180.0
10109154FERRETIA_2025-02-08_G03,10109154FERRETIA,2025-02-08,110371,1,56,0,805.0
10109154FERRETIA_2025-02-08_G04,10109154FERRETIA,2025-02-08,117820,1,119,0,302.0
10109154FERRETIA_2025-02-10_G02,10109154FERRETIA,2025-02-10,111435,1,2,0,97.0
10109154FERRETIA_2025-02-10_G03,10109154FERRETIA,2025-02-10,109937,1,2,0,172.0
10109154FERRETIA_2025-02-10_G04,10109154FERRETIA,2025-02-10,110895,1,4,0,153.0
10109154FERRETIA_2025-02-10_G05,10109154FERRETIA,2025-02-10,111430,1,2,0,72.0
10109154FERRETIA_2025-02-10_G06,10109154FERRETIA,2025-02-10,110747,1,4,0,329.0
10109154FERRETIA_2025-02-10_G07,10109154FERRETIA,2025-02-10,111602,1,7,0,162.0
10109154FERRETIA_2025-02-10_G08,10109154FERRETIA,2025-02-10,110339,1,2,0,80.0
10109154FERRETIA_2025-02-10_G09,10109154FERRETIA,2025-02-10,110515,1,5,0,101.0
10109154FERRETIA_2025-02-10_G10,10109154FERRETIA,2025-02-10,111530,1,1,0,33.0
10109154FERRETIA_2025-02-10_G11,10109154FERRETIA,2025-02-10,110745,1,4,0,75.0
10109154FERRETIA_2025-02-10_G12,10109154FERRETIA,2025-02-10,111348,1,4,0,66.0
10109154FERRETIA_2025-02-10_G13,10109154FERRETIA,2025-02-10,108711,1,3,0,91.0
10109154FERRETIA_2025-02-10_G14,10109154FERRETIA,2025-02-10,111462,1,2,0,78.0
10109154FERRETIA_2025-02-10_G15,10109154FERRETIA,2025-02-10,110371,1,4,0,154.0
10109154FERRETIA_2025-02-10_G16,10109154FERRETIA,2025-02-10,110372,1,4,0,48.0
10109154FERRETIA_2025-02-10_G17,10109154FERRETIA,2025-02-10,110373,1,4,0,97.0
10109154FERRETIA_2025-02-10_G18,10109154FERRETIA,2025-02-10,110374,1,4,0,107.0
10109154FERRETIA_2025-02-10_G19,10109154FERRETIA,2025-02-10,117820,1,2,0,104.0
10109154FERRETIA_2025-02-10_G20,10109154FERRETIA,2025-02-10,110374,1,14,0,2784.0
10109154FERRETIA_2025-02-10_G21,10109154FERRETIA,2025-02-10,110372,1,3,0,93.0
10109154FERRETIA_2025-02-10_G22,10109154FERRETIA,2025-02-10,110373,1,4,0,81.0
10109154FERRETIA_2025-02-10_G23,10109154FERRETIA,2025-02-10,110325,1,8,0,115.0
10109154FERRETIA_2025-02-10_G24,10109154FERRETIA,2025-02-10,109643,1,4,0,105.0
10109154FERRETIA_2025-02-10_G25,10109154FERRETIA,2025-02-10,117820,1,4,0,74.0
10109154FERRETIA_2025-02-10_G26,10109154FERRETIA,2025-02-10,117836,1,8,0,885.0
10109154FERRETIA_2025-02-10_G27,10109154FERRETIA,2025-02-10,117855,1,7,0,144.0
10109154FERRETIA_2025-02-10_G28,10109154FERRETIA,2025-02-10,111467,1,2,0,113.0
10109154FERRETIA_2025-02-10_G29,10109154FERRETIA,2025-02-10,117862,1,4,0,115.0
10109154FERRETIA_2025-02-10_G30,10109154FERRETIA,2025-02-10,118140,1,12,0,121.0
10109154FERRETIA_2025-02-10_G31,10109154FERRETIA,2025-02-10,108711,1,1,0,109.0
10109154FERRETIA_2025-02-10_G32,10109154FERRETIA,2025-02-10,117821,1,2,0,174.0
10109154FERRETIA_2025-02-10_G33,10109154FERRETIA,2025-02-10,117855,1,37,0,343.0
10109154FERRETIA_2025-02-10_G34,10109154FERRETIA,2025-02-10,111172,1,10,0,125.0
10109154FERRETIA_2025-02-10_G35,10109154FERRETIA,2025-02-10,110895,1,7,0,354.0
10109154FERRETIA_2025-02-10_G36,10109154FERRETIA,2025-02-10,111569,1,8,0,88.0
10109154FERRETIA_2025-02-10_G37,10109154FERRETIA,2025-02-10,110464,1,1,0,79.0
10109154FERRETIA_2025-02-10_G38,10109154FERRETIA,2025-02-10,117831,1,4,0,110.0
10109154FERRETIA_2025-02-10_G39,10109154FERRETIA,2025-02-10,118140,1,4,0,94.0
10109154FERRETIA_2025-02-10_G40,10109154FERRETIA,2025-02-10,110787,1,16,0,163.0
10109154FERRETIA_2025-02-10_G41,10109154FERRETIA,2025-02-10,111348,1,1,0,52.0
10109154FERRETIA_2025-02-10_G42,10109154FERRETIA,2025-02-10,117787,1,1,0,104.0
10109154FERRETIA_2025-02-10_G43,10109154FERRETIA,2025-02-10,108711,1,4,0,69.0
10109154FERRETIA_2025-02-10_G44,10109154FERRETIA,2025-02-10,111462,1,4,0,128.0
10109154FERRETIA_2025-02-10_G45,10109154FERRETIA,2025-02-10,110325,1,12,0,411.0
10109154FERRETIA_2025-02-10_G46,10109154FERRETIA,2025-02-10,109747,1,4,0,93.0
10109154FERRETIA_2025-02-10_G47,10109154FERRETIA,2025-02-10,117830,1,8,0,200.0
10109154FERRETIA_2025-02-10_G48,10109154FERRETIA,2025-02-10,109643,1,10,0,1035.0
10109154FERRETIA_2025-02-10_G49,10109154FERRETIA,2025-02-10,110372,1,40,0,525.0
10109154FERRETIA_2025-02-10_G50,10109154FERRETIA,2025-02-10,110373,1,20,0,1243.0
10109154FERRETIA_2025-02-10_G51,10109154FERRETIA,2025-02-10,107830,1,4,0,264.0
10109154FERRETIA_2025-02-10_G52,10109154FERRETIA,2025-02-10,118299,1,30,0,477.0
10109154FERRETIA_2025-02-10_G53,10109154FERRETIA,2025-02-10,117808,1,30,0,164.0
10109154FERRETIA_2025-02-10_G54,10109154FERRETIA,2025-02-10,111850,1,1,0,233.0
10109154FERRETIA_2025-02-10_G55,10109154FERRETIA,2025-02-10,117855,1,14,0,129.0
10109154FERRETIA_2025-02-10_G56,10109154FERRETIA,2025-02-10,117834,1,4,0,121.0
10109154FERRETIA_2025-02-10_G57,10109154FERRETIA,2025-02-10,107629,1,4,0,114.0
10109154FERRETIA_2025-02-10_G58,10109154FERRETIA,2025-02-10,117855,1,20,0,284.0
10109154FERRETIA_2025-02-10_G60,10109154FERRETIA,2025-02-10,109471,1,2,0,49.0
10109154FERRETIA_2025-02-10_G61,10109154FERRETIA,2025-02-10,109640,1,6,0,144.0
10109154FERRETIA_2025-02-10_G62,10109154FERRETIA,2025-02-10,111467,1,8,0,84.0
10109154FERRETIA_2025-02-10_G63,10109154FERRETIA,2025-02-10,117821,1,12,0,188.0
10109154FERRETIA_2025-02-10_G64,10109154FERRETIA,2025-02-10,117820,1,22,0,248.0
10109154FERRETIA_2025-02-10_G65,10109154FERRETIA,2025-02-10,111850,1,2,0,412.0
10109154FERRETIA_2025-02-10_G66,10109154FERRETIA,2025-02-10,109937,1,23,0,245.0
10109154FERRETIA_2025-02-10_G67,10109154FERRETIA,2025-02-10,111569,1,20,0,393.0
10109154FERRETIA_2025-02-10_G68,10109154FERRETIA,2025-02-10,117935,1,1,0,393.0
10109154FERRETIA_2025-02-10_G69,10109154FERRETIA,2025-02-10,117837,1,6,0,187.0
10109154FERRETIA_2025-02-10_G70,10109154FERRETIA,2025-02-10,110580,1,12,0,158.0
10109154FERRETIA_2025-02-10_G71,10109154FERRETIA,2025-02-10,117853,1,21,0,307.0
10109154FERRETIA_2025-02-10_G72,10109154FERRETIA,2025-02-10,111650,1,6,0,135.0
10109154FERRETIA_2025-02-10_G73,10109154FERRETIA,2025-02-10,117855,1,9,0,96.0
10109154FERRETIA_2025-02-10_G74,10109154FERRETIA,2025-02-10,111876,1,8,0,143.0
10109154FERRETIA_2025-02-10_G75,10109154FERRETIA,2025-02-10,118298,1,10,0,160.0
10109154FERRETIA_2025-02-10_G76,10109154FERRETIA,2025-02-10,105242,1,8,0,86.0
10109154FERRETIA_2025-02-10_G77,10109154FERRETIA,2025-02-10,141047,1,10,0,346.0
10109154FERRETIA_2025-02-10_G78,10109154FERRETIA,2025-02-10,107629,1,36,0,251.0
10109154FERRETIA_2025-02-10_G79,10109154FERRETIA,2025-02-10,110711,1,30,0,318.0
10109154FERRETIA_2025-02-10_G80,10109154FERRETIA,2025-02-10,117787,1,20,0,243.0
10109154FERRETIA_2025-02-10_G81,10109154FERRETIA,2025-02-10,117833,1,7,0,98.0
10109154FERRETIA_2025-02-10_G82,10109154FERRETIA,2025-02-10,105705,1,8,0,490.0
10109154FERRETIA_2025-02-10_G83,10109154FERRETIA,2025-02-10,111462,1,69,0,516.0
10109154FERRETIA_2025-02-11_G02,10109154FERRETIA,2025-02-11,110895,1,5,0,150.0
10109154FERRETIA_2025-02-11_G03,10109154FERRETIA,2025-02-11,100334,1,4,0,59.0
10109154FERRETIA_2025-02-11_G04,10109154FERRETIA,2025-02-11,111569,1,2,0,47.0
10109154FERRETIA_2025-02-11_G05,10109154FERRETIA,2025-02-11,118306,1,2,0,55.0
10109154FERRETIA_2025-02-11_G06,10109154FERRETIA,2025-02-11,118094,1,6,0,228.0
10109154FERRETIA_2025-02-11_G07,10109154FERRETIA,2025-02-11,109647,1,2,0,108.0
10109154FERRETIA_2025-02-11_G08,10109154FERRETIA,2025-02-11,111467,1,16,0,373.0
10109154FERRETIA_2025-02-11_G09,10109154FERRETIA,2025-02-11,109747,1,4,0,78.0
10109154FERRETIA_2025-02-11_G10,10109154FERRETIA,2025-02-11,110375,1,3,0,134.0
10109154FERRETIA_2025-02-11_G11,10109154FERRETIA,2025-02-11,117809,1,10,0,176.0
10109154FERRETIA_2025-02-11_G12,10109154FERRETIA,2025-02-11,117820,1,20,0,439.0
10109154FERRETIA_2025-02-11_G13,10109154FERRETIA,2025-02-11,117841,1,2,0,100.0
10109154FERRETIA_2025-02-11_G14,10109154FERRETIA,2025-02-11,111469,1,6,0,99.0
10109154FERRETIA_2025-02-11_G15,10109154FERRETIA,2025-02-11,111466,1,8,0,2864.0
10109154FERRETIA_2025-02-11_G16,10109154FERRETIA,2025-02-11,110373,1,10,0,158.0
10109154FERRETIA_2025-02-11_G17,10109154FERRETIA,2025-02-11,110325,1,4,0,121.0
10109154FERRETIA_2025-02-11_G18,10109154FERRETIA,2025-02-11,109747,1,8,0,66.0
10109154FERRETIA_2025-02-11_G19,10109154FERRETIA,2025-02-11,117808,1,40,0,217.0
10109154FERRETIA_2025-02-11_G20,10109154FERRETIA,2025-02-11,117830,1,8,0,107.0
10109154FERRETIA_2025-02-11_G21,10109154FERRETIA,2025-02-11,117820,1,10,0,142.0
10109154FERRETIA_2025-02-11_G22,10109154FERRETIA,2025-02-11,110895,2,3,12,717.0
10109154FERRETIA_2025-02-11_G23,10109154FERRETIA,2025-02-11,111467,1,8,0,121.0
10109154FERRETIA_2025-02-11_G24,10109154FERRETIA,2025-02-11,111532,1,3,0,101.0
10109154FERRETIA_2025-02-11_G25,10109154FERRETIA,2025-02-11,110740,1,3,0,71.0
10109154FERRETIA_2025-02-11_G26,10109154FERRETIA,2025-02-11,110374,1,7,0,151.0
10109154FERRETIA_2025-02-11_G27,10109154FERRETIA,2025-02-11,111467,1,1,0,99.0
10109154FERRETIA_2025-02-11_G28,10109154FERRETIA,2025-02-11,111530,1,1,0,113.0
10109154FERRETIA_2025-02-11_G29,10109154FERRETIA,2025-02-11,110325,1,4,0,614.0
10109154FERRETIA_2025-02-11_G30,10109154FERRETIA,2025-02-11,117855,1,3,0,895.0
10109154FERRETIA_2025-02-11_G31,10109154FERRETIA,2025-02-11,111530,1,1,0,106.0
10109154FERRETIA_2025-02-11_G32,10109154FERRETIA,2025-02-11,111532,1,4,0,127.0
10109154FERRETIA_2025-02-11_G33,10109154FERRETIA,2025-02-11,110374,1,1,0,59.0
10109154FERRETIA_2025-02-11_G34,10109154FERRETIA,2025-02-11,117855,1,1,0,125.0
10109154FERRETIA_2025-02-11_G35,10109154FERRETIA,2025-02-11,107629,1,4,0,681.0
10109154FERRETIA_2025-02-11_G36,10109154FERRETIA,2025-02-11,111435,1,2,0,152.0
10109154FERRETIA_2025-02-11_G37,10109154FERRETIA,2025-02-11,111466,1,1,0,98.0
10109154FERRETIA_2025-02-11_G38,10109154FERRETIA,2025-02-11,111532,1,2,0,165.0
10109154FERRETIA_2025-02-11_G39,10109154FERRETIA,2025-02-11,111532,1,9,0,66.0
10109154FERRETIA_2025-02-11_G40,10109154FERRETIA,2025-02-11,110740,1,12,0,332.0
10109154FERRETIA_2025-02-11_G41,10109154FERRETIA,2025-02-11,111469,1,6,0,397.0
10109154FERRETIA_2025-02-11_G42,10109154FERRETIA,2025-02-11,118140,1,7,0,134.0
10109154FERRETIA_2025-02-11_G43,10109154FERRETIA,2025-02-11,110372,1,3,0,104.0
10109154FERRETIA_2025-02-11_G44,10109154FERRETIA,2025-02-11,110373,1,11,0,127.0
10109154FERRETIA_2025-02-11_G45,10109154FERRETIA,2025-02-11,110325,1,1,0,98.0
10109154FERRETIA_2025-02-11_G46,10109154FERRETIA,2025-02-11,109643,1,6,0,111.0
10109154FERRETIA_2025-02-11_G47,10109154FERRETIA,2025-02-11,117837,1,2,0,946.0
10109154FERRETIA_2025-02-11_G48,10109154FERRETIA,2025-02-11,111467,1,1,0,138.0
10109154FERRETIA_2025-02-11_G49,10109154FERRETIA,2025-02-11,111467,1,5,0,76.0
10109154FERRETIA_2025-02-11_G50,10109154FERRETIA,2025-02-11,111530,1,11,0,155.0
10109154FERRETIA_2025-02-11_G51,10109154FERRETIA,2025-02-11,111466,1,3,0,103.0
10109154FERRETIA_2025-02-11_G52,10109154FERRETIA,2025-02-11,111532,1,10,0,318.0
10109154FERRETIA_2025-02-11_G53,10109154FERRETIA,2025-02-11,110740,1,7,0,206.0
10109154FERRETIA_2025-02-11_G54,10109154FERRETIA,2025-02-11,110325,1,4,0,132.0
10109154FERRETIA_2025-02-11_G55,10109154FERRETIA,2025-02-11,117855,1,2,0,763.0
10109154FERRETIA_2025-02-11_G56,10109154FERRETIA,2025-02-11,111530,1,4,0,127.0
10109154FERRETIA_2025-02-11_G57,10109154FERRETIA,2025-02-11,111466,1,4,0,121.0
10109154FERRETIA_2025-02-11_G58,10109154FERRETIA,2025-02-11,110374,1,4,0,122.0
10109154FERRETIA_2025-02-11_G59,10109154FERRETIA,2025-02-11,110747,1,2,0,159.0
10109154FERRETIA_2025-02-11_G60,10109154FERRETIA,2025-02-11,111466,1,11,0,153.0
10109154FERRETIA_2025-02-11_G62,10109154FERRETIA,2025-02-11,118094,1,12,0,208.0
10109154FERRETIA_2025-02-11_G63,10109154FERRETIA,2025-02-11,111602,1,5,0,1299.0
10109154FERRETIA_2025-02-11_G64,10109154FERRETIA,2025-02-11,118094,1,8,0,432.0
10109154FERRETIA_2025-02-11_G65,10109154FERRETIA,2025-02-11,110515,1,14,0,196.0
10109154FERRETIA_2025-02-11_G66,10109154FERRETIA,2025-02-11,141047,1,4,0,179.0
10109154FERRETIA_2025-02-11_G67,10109154FERRETIA,2025-02-11,118140,1,10,0,219.0
10109154FERRETIA_2025-02-11_G68,10109154FERRETIA,2025-02-11,110787,1,6,0,163.0
10109154FERRETIA_2025-02-11_G69,10109154FERRETIA,2025-02-11,108711,1,4,0,208.0
10109154FERRETIA_2025-02-11_G70,10109154FERRETIA,2025-02-11,105705,1,2,0,147.0
10109154FERRETIA_2025-02-11_G71,10109154FERRETIA,2025-02-11,110374,1,16,0,1440.0
10109154FERRETIA_2025-02-11_G72,10109154FERRETIA,2025-02-11,117830,1,10,0,169.0
10109154FERRETIA_2025-02-11_G73,10109154FERRETIA,2025-02-11,109643,1,13,0,103.0
10109154FERRETIA_2025-02-11_G74,10109154FERRETIA,2025-02-11,110372,1,30,0,254.0
10109154FERRETIA_2025-02-11_G75,10109154FERRETIA,2025-02-11,118299,1,80,0,625.0
10109154FERRETIA_2025-02-12_G02,10109154FERRETIA,2025-02-12,111467,1,8,0,104.0
10109154FERRETIA_2025-02-12_G03,10109154FERRETIA,2025-02-12,141047,1,2,0,76.0
10109154FERRETIA_2025-02-12_G04,10109154FERRETIA,2025-02-12,117831,1,16,0,188.0
10109154FERRETIA_2025-02-12_G05,10109154FERRETIA,2025-02-12,110371,1,4,0,57.0
10109154FERRETIA_2025-02-12_G06,10109154FERRETIA,2025-02-12,110373,1,28,0,150.0
10109154FERRETIA_2025-02-12_G07,10109154FERRETIA,2025-02-12,110372,1,13,0,462.0
10109154FERRETIA_2025-02-12_G08,10109154FERRETIA,2025-02-12,118094,1,4,0,1417.0
10109154FERRETIA_2025-02-12_G09,10109154FERRETIA,2025-02-12,110339,1,3,0,80.0
10109154FERRETIA_2025-02-12_G10,10109154FERRETIA,2025-02-12,141047,1,6,0,138.0
10109154FERRETIA_2025-02-12_G11,10109154FERRETIA,2025-02-12,111435,1,2,0,275.0
10109154FERRETIA_2025-02-12_G12,10109154FERRETIA,2025-02-12,110740,1,6,0,115.0
10109154FERRETIA_2025-02-12_G13,10109154FERRETIA,2025-02-12,111465,1,2,0,93.0
10109154FERRETIA_2025-02-12_G14,10109154FERRETIA,2025-02-12,110373,1,2,0,363.0
10109154FERRETIA_2025-02-12_G15,10109154FERRETIA,2025-02-12,110372,1,17,0,171.0
10109154FERRETIA_2025-02-12_G16,10109154FERRETIA,2025-02-12,110895,1,6,0,453.0
10109154FERRETIA_2025-02-12_G17,10109154FERRETIA,2025-02-12,111431,1,4,0,219.0
10109154FERRETIA_2025-02-12_G18,10109154FERRETIA,2025-02-12,110515,1,3,0,119.0
10109154FERRETIA_2025-02-12_G19,10109154FERRETIA,2025-02-12,100334,1,4,0,185.0
10109154FERRETIA_2025-02-12_G20,10109154FERRETIA,2025-02-12,111569,1,3,0,70.0
10109154FERRETIA_2025-02-12_G21,10109154FERRETIA,2025-02-12,110515,1,6,0,258.0
10109154FERRETIA_2025-02-12_G22,10109154FERRETIA,2025-02-12,111466,1,8,0,122.0
10109154FERRETIA_2025-02-12_G23,10109154FERRETIA,2025-02-12,111532,1,2,0,71.0
10109154FERRETIA_2025-02-12_G24,10109154FERRETIA,2025-02-12,117785,1,4,0,135.0
10109154FERRETIA_2025-02-12_G25,10109154FERRETIA,2025-02-12,110745,1,4,0,52.0
10109154FERRETIA_2025-02-12_G26,10109154FERRETIA,2025-02-12,117808,1,16,0,103.0
10109154FERRETIA_2025-02-12_G27,10109154FERRETIA,2025-02-12,118299,1,4,0,98.0
10109154FERRETIA_2025-02-12_G28,10109154FERRETIA,2025-02-12,117831,1,16,0,2339.0
10109154FERRETIA_2025-02-12_G29,10109154FERRETIA,2025-02-12,118140,1,5,0,198.0
10109154FERRETIA_2025-02-12_G30,10109154FERRETIA,2025-02-12,111743,1,12,0,190.0
10109154FERRETIA_2025-02-12_G31,10109154FERRETIA,2025-02-12,111418,1,2,0,61.0
10109154FERRETIA_2025-02-12_G32,10109154FERRETIA,2025-02-12,108711,1,7,0,142.0
10109154FERRETIA_2025-02-12_G33,10109154FERRETIA,2025-02-12,111602,1,1,0,188.0
10109154FERRETIA_2025-02-12_G34,10109154FERRETIA,2025-02-12,117837,1,2,0,55.0
10109154FERRETIA_2025-02-12_G35,10109154FERRETIA,2025-02-12,109640,1,2,0,74.0
10109154FERRETIA_2025-02-12_G36,10109154FERRETIA,2025-02-12,111465,1,5,0,131.0
10109154FERRETIA_2025-02-12_G37,10109154FERRETIA,2025-02-12,117837,1,10,0,511.0
10109154FERRETIA_2025-02-12_G38,10109154FERRETIA,2025-02-12,111469,1,2,0,1179.0
10109154FERRETIA_2025-02-12_G39,10109154FERRETIA,2025-02-12,117785,1,3,0,112.0
10109154FERRETIA_2025-02-12_G40,10109154FERRETIA,2025-02-12,111465,1,4,0,109.0
10109154FERRETIA_2025-02-12_G41,10109154FERRETIA,2025-02-12,117837,1,10,0,223.0
10109154FERRETIA_2025-02-12_G42,10109154FERRETIA,2025-02-12,117837,1,8,0,66.0
10109154FERRETIA_2025-02-12_G43,10109154FERRETIA,2025-02-12,117837,1,4,0,52.0
10109154FERRETIA_2025-02-12_G44,10109154FERRETIA,2025-02-12,111467,1,4,0,104.0
10109154FERRETIA_2025-02-12_G45,10109154FERRETIA,2025-02-12,141047,1,5,0,335.0
10109154FERRETIA_2025-02-12_G46,10109154FERRETIA,2025-02-12,111532,1,4,0,198.0
10109154FERRETIA_2025-02-12_G47,10109154FERRETIA,2025-02-12,108798,1,12,0,284.0
10109154FERRETIA_2025-02-12_G48,10109154FERRETIA,2025-02-12,117787,1,3,0,127.0
10109154FERRETIA_2025-02-12_G49,10109154FERRETIA,2025-02-12,110374,1,11,0,131.0
10109154FERRETIA_2025-02-12_G50,10109154FERRETIA,2025-02-12,117837,1,4,0,123.0
10109154FERRETIA_2025-02-12_G51,10109154FERRETIA,2025-02-12,109640,1,1,0,46.0
10109154FERRETIA_2025-02-12_G52,10109154FERRETIA,2025-02-12,108798,1,4,0,114.0
10109154FERRETIA_2025-02-12_G53,10109154FERRETIA,2025-02-12,111602,1,12,0,229.0
10109154FERRETIA_2025-02-12_G54,10109154FERRETIA,2025-02-12,111532,1,7,0,1753.0
10109154FERRETIA_2025-02-12_G55,10109154FERRETIA,2025-02-12,117861,1,4,0,171.0
10109154FERRETIA_2025-02-12_G56,10109154FERRETIA,2025-02-12,110515,1,3,0,132.0
10109154FERRETIA_2025-02-12_G57,10109154FERRETIA,2025-02-12,111465,1,4,0,135.0
10109154FERRETIA_2025-02-12_G58,10109154FERRETIA,2025-02-12,117833,1,2,0,102.0
10109154FERRETIA_2025-02-12_G59,10109154FERRETIA,2025-02-12,109747,1,2,0,143.0
10109154FERRETIA_2025-02-12_G60,10109154FERRETIA,2025-02-12,107830,1,2,0,129.0
10109154FERRETIA_2025-02-12_G61,10109154FERRETIA,2025-02-12,117830,1,10,0,187.0
10109154FERRETIA_2025-02-12_G62,10109154FERRETIA,2025-02-12,111469,1,20,0,399.0
10109154FERRETIA_2025-02-12_G63,10109154FERRETIA,2025-02-12,111435,1,4,0,90.0
10109154FERRETIA_2025-02-12_G64,10109154FERRETIA,2025-02-12,107236,1,9,0,168.0
10109154FERRETIA_2025-02-12_G65,10109154FERRETIA,2025-02-12,111468,1,8,0,107.0
10109154FERRETIA_2025-02-12_G66,10109154FERRETIA,2025-02-12,110787,1,7,0,128.0
10109154FERRETIA_2025-02-12_G67,10109154FERRETIA,2025-02-12,111743,1,1,0,76.0
10109154FERRETIA_2025-02-12_G68,10109154FERRETIA,2025-02-12,117838,1,12,0,103.0
10109154FERRETIA_2025-02-12_G69,10109154FERRETIA,2025-02-12,110745,1,10,0,99.0
10109154FERRETIA_2025-02-12_G70,10109154FERRETIA,2025-02-12,111348,1,2,0,51.0
10109154FERRETIA_2025-02-12_G71,10109154FERRETIA,2025-02-12,108795,1,13,0,190.0
10109154FERRETIA_2025-02-12_G72,10109154FERRETIA,2025-02-12,111418,1,20,0,1263.0
10109154FERRETIA_2025-02-12_G73,10109154FERRETIA,2025-02-12,111418,1,38,0,349.0
10109154FERRETIA_2025-02-12_G75,10109154FERRETIA,2025-02-12,111850,1,15,0,162.0
10109154FERRETIA_2025-02-12_G76,10109154FERRETIA,2025-02-12,110747,1,4,0,159.0
10109154FERRETIA_2025-02-12_G77,10109154FERRETIA,2025-02-12,117835,1,16,0,366.0
10109154FERRETIA_2025-02-12_G78,10109154FERRETIA,2025-02-12,111435,2,40,17,372.0
10109154FERRETIA_2025-02-12_G79,10109154FERRETIA,2025-02-12,111431,1,11,0,141.0
10109154FERRETIA_2025-02-12_G80,10109154FERRETIA,2025-02-12,111418,1,1,0,45.0
10109154FERRETIA_2025-02-12_G81,10109154FERRETIA,2025-02-12,111466,1,100,0,205.0
10109154FERRETIA_2025-02-12_G82,10109154FERRETIA,2025-02-12,107236,1,22,0,357.0
10109154FERRETIA_2025-02-12_G83,10109154FERRETIA,2025-02-12,111442,1,6,0,74.0
10109154FERRETIA_2025-02-13_G02,10109154FERRETIA,2025-02-13,100334,1,1,0,156.0
10109154FERRETIA_2025-02-13_G03,10109154FERRETIA,2025-02-13,160057,1,8,0,118.0
10109154FERRETIA_2025-02-13_G04,10109154FERRETIA,2025-02-13,160057,1,10,0,178.0
10109154FERRETIA_2025-02-13_G05,10109154FERRETIA,2025-02-13,160050,1,2,0,52.0
10109154FERRETIA_2025-02-13_G06,10109154FERRETIA,2025-02-13,117855,1,4,0,182.0
10109154FERRETIA_2025-02-13_G07,10109154FERRETIA,2025-02-13,117861,1,4,0,67.0
10109154FERRETIA_2025-02-13_G08,10109154FERRETIA,2025-02-13,109647,1,9,0,116.0
10109154FERRETIA_2025-02-13_G09,10109154FERRETIA,2025-02-13,107629,1,4,0,417.0
10109154FERRETIA_2025-02-13_G10,10109154FERRETIA,2025-02-13,111418,1,5,0,212.0
10109154FERRETIA_2025-02-13_G11,10109154FERRETIA,2025-02-13,110740,1,3,0,118.0
10109154FERRETIA_2025-02-13_G12,10109154FERRETIA,2025-02-13,117785,1,5,0,104.0
10109154FERRETIA_2025-02-13_G13,10109154FERRETIA,2025-02-13,118223,1,8,0,139.0
10109154FERRETIA_2025-02-13_G14,10109154FERRETIA,2025-02-13,105705,1,6,0,761.0
10109154FERRETIA_2025-02-13_G15,10109154FERRETIA,2025-02-13,111462,1,8,0,112.0
10109154FERRETIA_2025-02-13_G16,10109154FERRETIA,2025-02-13,118317,1,2,0,46.0
10109154FERRETIA_2025-02-13_G17,10109154FERRETIA,2025-02-13,118140,1,20,0,221.0
10109154FERRETIA_2025-02-13_G18,10109154FERRETIA,2025-02-13,117822,1,2,0,130.0
10109154FERRETIA_2025-02-13_G19,10109154FERRETIA,2025-02-13,117822,1,3,0,40.0
10109154FERRETIA_2025-02-13_G20,10109154FERRETIA,2025-02-13,110373,1,6,0,69.0
10109154FERRETIA_2025-02-13_G21,10109154FERRETIA,2025-02-13,110374,1,4,0,116.0
10109154FERRETIA_2025-02-13_G22,10109154FERRETIA,2025-02-13,160054,1,4,0,76.0
10109154FERRETIA_2025-02-13_G23,10109154FERRETIA,2025-02-13,118299,1,6,0,126.0
10109154FERRETIA_2025-02-13_G24,10109154FERRETIA,2025-02-13,160051,1,10,0,111.0
10109154FERRETIA_2025-02-13_G25,10109154FERRETIA,2025-02-13,160051,1,10,0,75.0
10109154FERRETIA_2025-02-13_G26,10109154FERRETIA,2025-02-13,109643,1,10,0,158.0
10109154FERRETIA_2025-02-13_G27,10109154FERRETIA,2025-02-13,109640,1,70,0,530.0
10109154FERRETIA_2025-02-13_G28,10109154FERRETIA,2025-02-13,117820,1,30,0,757.0
10109154FERRETIA_2025-02-13_G29,10109154FERRETIA,2025-02-13,117809,1,8,0,133.0
10109154FERRETIA_2025-02-13_G30,10109154FERRETIA,2025-02-13,109645,1,30,0,260.0
10109154FERRETIA_2025-02-13_G31,10109154FERRETIA,2025-02-13,111469,1,2,0,290.0
10109154FERRETIA_2025-02-13_G32,10109154FERRETIA,2025-02-13,111430,1,2,0,2564.0
10109154FERRETIA_2025-02-13_G33,10109154FERRETIA,2025-02-13,111569,1,9,0,179.0
10109154FERRETIA_2025-02-13_G34,10109154FERRETIA,2025-02-13,109976,1,2,0,267.0
10109154FERRETIA_2025-02-13_G35,10109154FERRETIA,2025-02-13,110711,1,2,0,142.0
10109154FERRETIA_2025-02-13_G36,10109154FERRETIA,2025-02-13,110740,1,4,0,121.0
10109154FERRETIA_2025-02-13_G37,10109154FERRETIA,2025-02-13,110787,1,6,0,97.0
10109154FERRETIA_2025-02-13_G38,10109154FERRETIA,2025-02-13,110372,1,9,0,124.0
10109154FERRETIA_2025-02-13_G39,10109154FERRETIA,2025-02-13,111466,1,8,0,387.0
10109154FERRETIA_2025-02-13_G40,10109154FERRETIA,2025-02-13,118317,1,4,0,113.0
10109154FERRETIA_2025-02-13_G41,10109154FERRETIA,2025-02-13,117832,1,1,0,113.0
10109154FERRETIA_2025-02-13_G42,10109154FERRETIA,2025-02-13,111438,1,1,0,135.0
10109154FERRETIA_2025-02-13_G43,10109154FERRETIA,2025-02-13,108795,1,1,0,119.0
10109154FERRETIA_2025-02-13_G44,10109154FERRETIA,2025-02-13,118317,1,8,0,113.0
10109154FERRETIA_2025-02-13_G45,10109154FERRETIA,2025-02-13,109643,1,5,0,158.0
10109154FERRETIA_2025-02-13_G46,10109154FERRETIA,2025-02-13,100334,1,3,0,374.0
10109154FERRETIA_2025-02-13_G47,10109154FERRETIA,2025-02-13,110372,1,1,0,143.0
10109154FERRETIA_2025-02-13_G48,10109154FERRETIA,2025-02-13,111438,1,5,0,136.0
10109154FERRETIA_2025-02-13_G49,10109154FERRETIA,2025-02-13,110787,1,2,0,78.0
10109154FERRETIA_2025-02-13_G50,10109154FERRETIA,2025-02-13,110373,1,1,0,153.0
10109154FERRETIA_2025-02-13_G51,10109154FERRETIA,2025-02-13,111438,1,4,0,225.0
10109154FERRETIA_2025-02-13_G52,10109154FERRETIA,2025-02-13,110515,1,5,0,245.0
10109154FERRETIA_2025-02-13_G53,10109154FERRETIA,2025-02-13,110711,1,4,0,126.0
10109154FERRETIA_2025-02-13_G54,10109154FERRETIA,2025-02-13,111182,1,8,0,192.0
10109154FERRETIA_2025-02-13_G55,10109154FERRETIA,2025-02-13,110740,1,5,0,146.0
10109154FERRETIA_2025-02-13_G56,10109154FERRETIA,2025-02-13,110787,1,4,0,110.0
10109154FERRETIA_2025-02-13_G57,10109154FERRETIA,2025-02-13,118140,1,6,0,118.0
10109154FERRETIA_2025-02-13_G58,10109154FERRETIA,2025-02-13,110371,1,6,0,151.0
10109154FERRETIA_2025-02-13_G59,10109154FERRETIA,2025-02-13,111438,1,26,0,403.0
10109154FERRETIA_2025-02-13_G60,10109154FERRETIA,2025-02-13,110325,1,6,0,228.0
10109154FERRETIA_2025-02-13_G61,10109154FERRETIA,2025-02-13,117820,1,8,0,125.0
10109154FERRETIA_2025-02-13_G62,10109154FERRETIA,2025-02-13,110374,1,2,0,1210.0
10109154FERRETIA_2025-02-13_G63,10109154FERRETIA,2025-02-13,110372,1,18,0,206.0
10109154FERRETIA_2025-02-13_G64,10109154FERRETIA,2025-02-13,110373,1,26,0,567.0
10109154FERRETIA_2025-02-13_G65,10109154FERRETIA,2025-02-13,111438,1,2,0,558.0
10109154FERRETIA_2025-02-13_G66,10109154FERRETIA,2025-02-13,117786,1,4,0,133.0
10109154FERRETIA_2025-02-13_G67,10109154FERRETIA,2025-02-13,118317,1,3,0,153.0
10109154FERRETIA_2025-02-13_G68,10109154FERRETIA,2025-02-13,117832,1,4,0,188.0
10109154FERRETIA_2025-02-13_G69,10109154FERRETIA,2025-02-13,110787,1,8,0,226.0
10109154FERRETIA_2025-02-13_G70,10109154FERRETIA,2025-02-13,111532,1,9,0,234.0
10109154FERRETIA_2025-02-13_G71,10109154FERRETIA,2025-02-13,111438,1,4,0,217.0
10109154FERRETIA_2025-02-13_G72,10109154FERRETIA,2025-02-13,111430,1,1,0,345.0
10109154FERRETIA_2025-02-13_G73,10109154FERRETIA,2025-02-13,109937,1,7,0,219.0
10109154FERRETIA_2025-02-13_G74,10109154FERRETIA,2025-02-13,111438,1,3,0,93.0
10109154FERRETIA_2025-02-13_G75,10109154FERRETIA,2025-02-13,100334,1,1,0,51.0
10109154FERRETIA_2025-02-13_G76,10109154FERRETIA,2025-02-13,110373,1,2,0,108.0
10109154FERRETIA_2025-02-13_G77,10109154FERRETIA,2025-02-13,110371,1,1,0,38.0
10109154FERRETIA_2025-02-13_G78,10109154FERRETIA,2025-02-13,110325,1,1,0,158.0
10109154FERRETIA_2025-02-13_G79,10109154FERRETIA,2025-02-13,117820,1,5,0,157.0
10109154FERRETIA_2025-02-13_G80,10109154FERRETIA,2025-02-13,110372,1,26,0,351.0
10109154FERRETIA_2025-02-13_G82,10109154FERRETIA,2025-02-13,117835,1,18,0,241.0
10109154FERRETIA_2025-02-13_G83,10109154FERRETIA,2025-02-13,118283,1,16,0,132.0
10109154FERRETIA_2025-02-13_G84,10109154FERRETIA,2025-02-13,117836,1,6,0,147.0
10109154FERRETIA_2025-02-13_G85,10109154FERRETIA,2025-02-13,118306,1,22,0,427.0
10109154FERRETIA_2025-02-13_G86,10109154FERRETIA,2025-02-13,108411,1,1,0,66.0
10109154FERRETIA_2025-02-13_G87,10109154FERRETIA,2025-02-13,115775,1,5,0,92.0
10109154FERRETIA_2025-02-13_G88,10109154FERRETIA,2025-02-13,111356,1,4,0,179.0
10109154FERRETIA_2025-02-13_G89,10109154FERRETIA,2025-02-13,110317,1,4,0,101.0
10109154FERRETIA_2025-02-13_G90,10109154FERRETIA,2025-02-13,114650,1,4,0,249.0
10109154FERRETIA_2025-02-13_G91,10109154FERRETIA,2025-02-13,110500,1,8,0,387.0
10109154FERRETIA_2025-02-13_G92,10109154FERRETIA,2025-02-13,115773,1,4,0,148.0
10109154FERRETIA_2025-02-14_G02,10109154FERRETIA,2025-02-14,109937,1,13,0,408.0
10109154FERRETIA_2025-02-14_G03,10109154FERRETIA,2025-02-14,117836,1,9,0,88.0
10109154FERRETIA_2025-02-14_G04,10109154FERRETIA,2025-02-14,118251,1,2,0,81.0
10109154FERRETIA_2025-02-14_G05,10109154FERRETIA,2025-02-14,140911,1,4,0,104.0
10109154FERRETIA_2025-02-14_G06,10109154FERRETIA,2025-02-14,116527,1,9,0,164.0
10109154FERRETIA_2025-02-14_G07,10109154FERRETIA,2025-02-14,116241,1,72,0,1874.0
10109154FERRETIA_2025-02-14_G08,10109154FERRETIA,2025-02-14,140922,1,9,0,270.0
10109154FERRETIA_2025-02-14_G09,10109154FERRETIA,2025-02-14,111743,1,6,0,136.0
10109154FERRETIA_2025-02-14_G10,10109154FERRETIA,2025-02-14,117838,1,6,0,84.0
10109154FERRETIA_2025-02-14_G11,10109154FERRETIA,2025-02-14,109645,1,112,0,303.0
10109154FERRETIA_2025-02-14_G12,10109154FERRETIA,2025-02-14,108798,1,14,0,344.0
10109154FERRETIA_2025-02-14_G13,10109154FERRETIA,2025-02-14,118223,1,22,0,152.0
10109154FERRETIA_2025-02-14_G14,10109154FERRETIA,2025-02-14,108711,1,134,0,735.0
10109154FERRETIA_2025-02-14_G15,10109154FERRETIA,2025-02-14,111435,1,48,0,645.0
10109154FERRETIA_2025-02-14_G16,10109154FERRETIA,2025-02-14,110787,1,50,0,294.0
10109154FERRETIA_2025-02-14_G17,10109154FERRETIA,2025-02-14,111435,1,2,0,2609.0
10109154FERRETIA_2025-02-14_G18,10109154FERRETIA,2025-02-14,111465,1,20,0,568.0
10109154FERRETIA_2025-02-14_G19,10109154FERRETIA,2025-02-14,117831,1,100,0,248.0
10109154FERRETIA_2025-02-14_G20,10109154FERRETIA,2025-02-14,107236,1,6,0,132.0
10109154FERRETIA_2025-02-14_G21,10109154FERRETIA,2025-02-14,110748,1,12,0,416.0
10109154FERRETIA_2025-02-14_G22,10109154FERRETIA,2025-02-14,118223,1,4,0,90.0
10109154FERRETIA_2025-02-14_G23,10109154FERRETIA,2025-02-14,117787,1,30,0,411.0
10109154FERRETIA_2025-02-14_G24,10109154FERRETIA,2025-02-14,117821,1,30,0,456.0
10109154FERRETIA_2025-02-14_G25,10109154FERRETIA,2025-02-14,111418,1,40,0,1516.0
10109154FERRETIA_2025-02-14_G26,10109154FERRETIA,2025-02-14,117838,1,40,0,386.0
10109154FERRETIA_2025-02-14_G27,10109154FERRETIA,2025-02-14,140922,1,50,0,464.0
10109154FERRETIA_2025-02-14_G28,10109154FERRETIA,2025-02-14,109747,1,10,0,225.0
10109154FERRETIA_2025-02-14_G29,10109154FERRETIA,2025-02-14,117809,1,31,0,247.0
10109154FERRETIA_2025-02-14_G30,10109154FERRETIA,2025-02-14,117820,1,90,0,139.0
10109154FERRETIA_2025-02-14_G31,10109154FERRETIA,2025-02-14,110582,1,2,0,1078.0
10109154FERRETIA_2025-02-14_G32,10109154FERRETIA,2025-02-14,117835,1,2,0,85.0
10109154FERRETIA_2025-02-14_G33,10109154FERRETIA,2025-02-14,117834,1,2,0,64.0
10109154FERRETIA_2025-02-14_G34,10109154FERRETIA,2025-02-14,111850,1,1,0,35.0
10109154FERRETIA_2025-02-14_G35,10109154FERRETIA,2025-02-14,109937,1,4,0,80.0
10109154FERRETIA_2025-02-14_G36,10109154FERRETIA,2025-02-14,100334,1,5,0,124.0
10109154FERRETIA_2025-02-14_G37,10109154FERRETIA,2025-02-14,111569,1,9,0,96.0
10109154FERRETIA_2025-02-14_G38,10109154FERRETIA,2025-02-14,118306,1,10,0,236.0
10109154FERRETIA_2025-02-14_G39,10109154FERRETIA,2025-02-14,111090,1,2,0,93.0
10109154FERRETIA_2025-02-14_G40,10109154FERRETIA,2025-02-14,111705,1,2,0,172.0
10109154FERRETIA_2025-02-14_G41,10109154FERRETIA,2025-02-14,118222,1,50,0,1204.0
10109154FERRETIA_2025-02-14_G42,10109154FERRETIA,2025-02-14,111438,1,36,0,316.0
10109154FERRETIA_2025-02-14_G43,10109154FERRETIA,2025-02-14,111602,1,28,0,486.0
10109154FERRETIA_2025-02-14_G44,10109154FERRETIA,2025-02-14,116611,1,2,0,250.0
10109154FERRETIA_2025-02-14_G45,10109154FERRETIA,2025-02-14,111465,1,16,0,687.0
10109154FERRETIA_2025-02-14_G46,10109154FERRETIA,2025-02-14,108711,1,15,0,553.0
10109154FERRETIA_2025-02-14_G47,10109154FERRETIA,2025-02-14,117822,1,2,0,168.0
10109154FERRETIA_2025-02-14_G48,10109154FERRETIA,2025-02-14,107830,1,5,0,115.0
10109154FERRETIA_2025-02-14_G49,10109154FERRETIA,2025-02-14,109747,1,2,0,377.0
10109154FERRETIA_2025-02-14_G50,10109154FERRETIA,2025-02-14,110371,1,91,0,917.0
10109154FERRETIA_2025-02-15_G02,10109154FERRETIA,2025-02-15,140922,1,50,0,570.0
10109154FERRETIA_2025-02-15_G03,10109154FERRETIA,2025-02-15,117838,1,9,0,191.0
10109154FERRETIA_2025-02-15_G04,10109154FERRETIA,2025-02-15,117785,1,1,0,47.0
10109154FERRETIA_2025-02-15_G05,10109154FERRETIA,2025-02-15,117785,1,80,0,57.0
10109154FERRETIA_2025-02-15_G06,10109154FERRETIA,2025-02-15,117833,1,4,0,354.0
10109154FERRETIA_2025-02-15_G07,10109154FERRETIA,2025-02-15,118317,1,20,0,386.0
10109154FERRETIA_2025-02-15_G08,10109154FERRETIA,2025-02-15,117820,1,83,0,798.0
10109154FERRETIA_2025-02-15_G09,10109154FERRETIA,2025-02-15,110740,1,80,0,1770.0
10109154FERRETIA_2025-02-15_G10,10109154FERRETIA,2025-02-15,110376,1,28,0,801.0
10109154FERRETIA_2025-02-15_G11,10109154FERRETIA,2025-02-15,109649,1,1,0,304.0
10109154FERRETIA_2025-02-15_G12,10109154FERRETIA,2025-02-15,117834,1,12,0,670.0
10109154FERRETIA_2025-02-15_G13,10109154FERRETIA,2025-02-15,117821,1,20,0,239.0
10109154FERRETIA_2025-02-15_G14,10109154FERRETIA,2025-02-15,111172,1,5,0,204.0
10109154FERRETIA_2025-02-15_G15,10109154FERRETIA,2025-02-15,111466,1,35,0,400.0
10109154FERRETIA_2025-02-15_G16,10109154FERRETIA,2025-02-15,111469,1,80,0,790.0
10109154FERRETIA_2025-02-15_G17,10109154FERRETIA,2025-02-15,110582,1,1,0,2430.0
10109154FERRETIA_2025-02-15_G18,10109154FERRETIA,2025-02-15,111430,1,3,0,57.0
10109154FERRETIA_2025-02-15_G19,10109154FERRETIA,2025-02-15,111438,1,5,0,117.0
10109154FERRETIA_2025-02-15_G20,10109154FERRETIA,2025-02-15,111569,1,14,0,206.0
10109154FERRETIA_2025-02-15_G21,10109154FERRETIA,2025-02-15,111090,1,1,0,148.0
10109154FERRETIA_2025-02-15_G22,10109154FERRETIA,2025-02-15,140957,1,1,0,53.0
10109154FERRETIA_2025-02-15_G23,10109154FERRETIA,2025-02-15,111602,1,9,0,166.0
10109154FERRETIA_2025-02-15_G24,10109154FERRETIA,2025-02-15,109640,1,8,0,218.0
10109154FERRETIA_2025-02-15_G25,10109154FERRETIA,2025-02-15,111467,1,10,0,96.0
10109154FERRETIA_2025-02-15_G26,10109154FERRETIA,2025-02-15,110313,2,11,9,306.0
10109154FERRETIA_2025-02-15_G27,10109154FERRETIA,2025-02-15,110339,1,2,0,127.0
10109154FERRETIA_2025-02-15_G28,10109154FERRETIA,2025-02-15,110339,1,6,0,66.0
10109154FERRETIA_2025-02-15_G29,10109154FERRETIA,2025-02-15,118298,1,12,0,263.0
10109154FERRETIA_2025-02-15_G30,10109154FERRETIA,2025-02-15,110711,1,4,0,176.0
10109154FERRETIA_2025-02-15_G31,10109154FERRETIA,2025-02-15,111602,1,22,0,324.0
10109154FERRETIA_2025-02-15_G32,10109154FERRETIA,2025-02-15,111182,1,4,0,258.0
10109154FERRETIA_2025-02-15_G33,10109154FERRETIA,2025-02-15,111431,1,4,0,143.0
10109154FERRETIA_2025-02-15_G34,10109154FERRETIA,2025-02-15,111418,1,2,0,79.0
10109154FERRETIA_2025-02-15_G36,10109154FERRETIA,2025-02-15,122703,1,1,0,165.0
10109154FERRETIA_2025-02-15_G37,10109154FERRETIA,2025-02-15,121760,1,2,0,109.0
10109154FERRETIA_2025-02-15_G38,10109154FERRETIA,2025-02-15,123909,1,1,0,136.0
10109154FERRETIA_2025-02-15_G39,10109154FERRETIA,2025-02-15,124370,1,4,0,281.0
10109154FERRETIA_2025-02-15_G40,10109154FERRETIA,2025-02-15,123344,1,20,0,833.0
10109154FERRETIA_2025-02-15_G41,10109154FERRETIA,2025-02-15,124371,1,4,0,127.0
10109154FERRETIA_2025-02-15_G42,10109154FERRETIA,2025-02-15,120389,1,11,0,426.0
10109154FERRETIA_2025-02-15_G43,10109154FERRETIA,2025-02-15,124248,1,2,0,138.0
10109154FERRETIA_2025-02-15_G44,10109154FERRETIA,2025-02-15,123345,1,8,0,282.0
10109154FERRETIA_2025-02-15_G45,10109154FERRETIA,2025-02-15,120028,1,6,0,1192.0
10109154FERRETIA_2025-02-15_G46,10109154FERRETIA,2025-02-15,124370,1,4,0,168.0
10109154FERRETIA_2025-02-15_G47,10109154FERRETIA,2025-02-15,124247,1,6,0,295.0
10109154FERRETIA_2025-02-17_G02,10109154FERRETIA,2025-02-17,111569,1,2,0,334.0
10109154FERRETIA_2025-02-17_G03,10109154FERRETIA,2025-02-17,111441,1,1,0,76.0
10109154FERRETIA_2025-02-17_G04,10109154FERRETIA,2025-02-17,111602,1,2,0,147.0
10109154FERRETIA_2025-02-17_G05,10109154FERRETIA,2025-02-17,110711,1,2,0,122.0
10109154FERRETIA_2025-02-17_G06,10109154FERRETIA,2025-02-17,111468,1,1,0,313.0
10109154FERRETIA_2025-02-17_G07,10109154FERRETIA,2025-02-17,117785,1,3,0,118.0
10109154FERRETIA_2025-02-17_G08,10109154FERRETIA,2025-02-17,110787,1,2,0,109.0
10109154FERRETIA_2025-02-17_G09,10109154FERRETIA,2025-02-17,111469,1,1,0,528.0
10109154FERRETIA_2025-02-17_G10,10109154FERRETIA,2025-02-17,111433,1,2,0,60.0
10109154FERRETIA_2025-02-17_G11,10109154FERRETIA,2025-02-17,111465,1,1,0,42.0
10109154FERRETIA_2025-02-17_G12,10109154FERRETIA,2025-02-17,118299,1,5,0,145.0
10109154FERRETIA_2025-02-17_G13,10109154FERRETIA,2025-02-17,110373,1,8,0,179.0
10109154FERRETIA_2025-02-17_G14,10109154FERRETIA,2025-02-17,110372,1,5,0,75.0
10109154FERRETIA_2025-02-17_G15,10109154FERRETIA,2025-02-17,109643,1,2,0,116.0
10109154FERRETIA_2025-02-17_G16,10109154FERRETIA,2025-02-17,117820,1,12,0,197.0
10109154FERRETIA_2025-02-17_G17,10109154FERRETIA,2025-02-17,117808,1,7,0,316.0
10109154FERRETIA_2025-02-17_G18,10109154FERRETIA,2025-02-17,117808,1,41,0,601.0
10109154FERRETIA_2025-02-17_G19,10109154FERRETIA,2025-02-17,110895,1,20,0,806.0
10109154FERRETIA_2025-02-17_G20,10109154FERRETIA,2025-02-17,111441,1,8,0,249.0
10109154FERRETIA_2025-02-17_G21,10109154FERRETIA,2025-02-17,118290,1,8,0,309.0
10109154FERRETIA_2025-02-17_G22,10109154FERRETIA,2025-02-17,110313,1,28,0,309.0
10109154FERRETIA_2025-02-17_G23,10109154FERRETIA,2025-02-17,111466,1,60,0,896.0
10109154FERRETIA_2025-02-17_G24,10109154FERRETIA,2025-02-17,111465,1,24,0,234.0
10109154FERRETIA_2025-02-17_G25,10109154FERRETIA,2025-02-17,118299,1,650,0,2222.0
10109154FERRETIA_2025-02-17_G26,10109154FERRETIA,2025-02-17,117785,1,117,0,2166.0
10109154FERRETIA_2025-02-17_G27,10109154FERRETIA,2025-02-17,117809,1,22,0,460.0
10109154FERRETIA_2025-02-17_G28,10109154FERRETIA,2025-02-17,111469,1,78,0,325.0
10109154FERRETIA_2025-02-17_G29,10109154FERRETIA,2025-02-17,117855,1,2,0,3196.0
10109154FERRETIA_2025-02-17_G30,10109154FERRETIA,2025-02-17,118299,1,3,0,167.0
10109154FERRETIA_2025-02-17_G31,10109154FERRETIA,2025-02-17,110752,1,2,0,129.0
10109154FERRETIA_2025-02-17_G32,10109154FERRETIA,2025-02-17,118299,1,6,0,104.0
10109154FERRETIA_2025-02-17_G33,10109154FERRETIA,2025-02-17,111569,1,3,0,181.0
10109154FERRETIA_2025-02-17_G34,10109154FERRETIA,2025-02-17,110372,1,22,0,527.0
10109154FERRETIA_2025-02-17_G35,10109154FERRETIA,2025-02-17,118299,1,13,0,131.0
10109154FERRETIA_2025-02-17_G37,10109154FERRETIA,2025-02-17,117808,1,39,0,227.0
10109154FERRETIA_2025-02-17_G38,10109154FERRETIA,2025-02-17,111602,1,4,0,362.0
10109154FERRETIA_2025-02-17_G39,10109154FERRETIA,2025-02-17,111466,1,3,0,127.0
10109154FERRETIA_2025-02-17_G40,10109154FERRETIA,2025-02-17,110740,1,6,0,142.0
10109154FERRETIA_2025-02-17_G41,10109154FERRETIA,2025-02-17,117785,1,21,0,621.0
10109154FERRETIA_2025-02-17_G42,10109154FERRETIA,2025-02-17,118140,1,8,0,79.0
10109154FERRETIA_2025-02-17_G43,10109154FERRETIA,2025-02-17,110787,1,33,0,812.0
10109154FERRETIA_2025-02-17_G44,10109154FERRETIA,2025-02-17,111462,1,14,0,468.0
10109154FERRETIA_2025-02-17_G45,10109154FERRETIA,2025-02-17,111469,1,2,0,1115.0
10109154FERRETIA_2025-02-17_G46,10109154FERRETIA,2025-02-17,117808,1,13,0,201.0
10109154FERRETIA_2025-02-17_G47,10109154FERRETIA,2025-02-17,111469,1,4,0,183.0
10109154FERRETIA_2025-02-17_G48,10109154FERRETIA,2025-02-17,117808,1,2,0,207.0
10109154FERRETIA_2025-02-17_G49,10109154FERRETIA,2025-02-17,111441,1,1,0,126.0
10109154FERRETIA_2025-02-17_G50,10109154FERRETIA,2025-02-17,111443,1,6,0,164.0
10109154FERRETIA_2025-02-19_G02,10109154FERRETIA,2025-02-19,108711,1,4,0,42.0
10109154FERRETIA_2025-02-19_G03,10109154FERRETIA,2025-02-19,111443,1,10,0,1081.0
10109154FERRETIA_2025-02-19_G04,10109154FERRETIA,2025-02-19,111463,1,14,0,196.0
10109154FERRETIA_2025-02-19_G05,10109154FERRETIA,2025-02-19,109645,1,11,0,241.0
10109154FERRETIA_2025-02-19_G06,10109154FERRETIA,2025-02-19,117785,1,16,0,178.0
10109154FERRETIA_2025-02-19_G07,10109154FERRETIA,2025-02-19,118223,1,8,0,110.0
10109154FERRETIA_2025-02-19_G08,10109154FERRETIA,2025-02-19,105705,1,10,0,345.0
10109154FERRETIA_2025-02-19_G09,10109154FERRETIA,2025-02-19,117821,1,5,0,74.0
10109154FERRETIA_2025-02-19_G10,10109154FERRETIA,2025-02-19,111462,1,11,0,131.0
10109154FERRETIA_2025-02-19_G11,10109154FERRETIA,2025-02-19,111442,1,30,0,517.0
10109154FERRETIA_2025-02-19_G12,10109154FERRETIA,2025-02-19,117820,1,40,0,225.0
10109154FERRETIA_2025-02-19_G13,10109154FERRETIA,2025-02-19,110372,1,30,0,393.0
10109154FERRETIA_2025-02-19_G14,10109154FERRETIA,2025-02-19,117808,1,40,0,876.0
10109154FERRETIA_2025-02-19_G15,10109154FERRETIA,2025-02-19,110373,1,40,0,239.0
10109154FERRETIA_2025-02-19_G16,10109154FERRETIA,2025-02-19,117835,1,4,0,2681.0
10109154FERRETIA_2025-02-19_G17,10109154FERRETIA,2025-02-19,118222,1,5,0,69.0
10109154FERRETIA_2025-02-19_G18,10109154FERRETIA,2025-02-19,117834,1,6,0,118.0
10109154FERRETIA_2025-02-19_G19,10109154FERRETIA,2025-02-19,111438,1,8,0,126.0
10109154FERRETIA_2025-02-19_G20,10109154FERRETIA,2025-02-19,110895,1,30,0,287.0
10109154FERRETIA_2025-02-19_G21,10109154FERRETIA,2025-02-19,108759,1,1,0,392.0
10109154FERRETIA_2025-02-19_G22,10109154FERRETIA,2025-02-19,108361,1,6,0,125.0
10109154FERRETIA_2025-02-19_G23,10109154FERRETIA,2025-02-19,111602,1,28,0,511.0
10109154FERRETIA_2025-02-19_G24,10109154FERRETIA,2025-02-19,117855,1,2,0,92.0
10109154FERRETIA_2025-02-19_G25,10109154FERRETIA,2025-02-19,105242,1,3,0,224.0
10109154FERRETIA_2025-02-19_G26,10109154FERRETIA,2025-02-19,110515,1,50,0,446.0
10109154FERRETIA_2025-02-19_G27,10109154FERRETIA,2025-02-19,117853,1,10,0,830.0
10109154FERRETIA_2025-02-19_G28,10109154FERRETIA,2025-02-19,110743,1,6,0,243.0
10109154FERRETIA_2025-02-19_G29,10109154FERRETIA,2025-02-19,111431,1,4,0,196.0
10109154FERRETIA_2025-02-19_G30,10109154FERRETIA,2025-02-19,111468,1,10,0,143.0
10109154FERRETIA_2025-02-19_G31,10109154FERRETIA,2025-02-19,109641,1,1,0,43.0
10109154FERRETIA_2025-02-19_G32,10109154FERRETIA,2025-02-19,117785,1,20,0,196.0
10109154FERRETIA_2025-02-19_G33,10109154FERRETIA,2025-02-19,111469,1,20,0,240.0
10109154FERRETIA_2025-02-19_G34,10109154FERRETIA,2025-02-19,111463,1,70,0,1458.0
10109154FERRETIA_2025-02-19_G35,10109154FERRETIA,2025-02-19,"111463, 111469",2,125,5,270.0
10109154FERRETIA_2025-02-20_G02,10109154FERRETIA,2025-02-20,110313,1,1,0,81.0
10109154FERRETIA_2025-02-20_G03,10109154FERRETIA,2025-02-20,111467,1,2,0,157.0
10109154FERRETIA_2025-02-20_G04,10109154FERRETIA,2025-02-20,117855,1,9,0,71.0
10109154FERRETIA_2025-02-20_G05,10109154FERRETIA,2025-02-20,110515,1,2,0,98.0
10109154FERRETIA_2025-02-20_G06,10109154FERRETIA,2025-02-20,118298,1,3,0,106.0
10109154FERRETIA_2025-02-20_G07,10109154FERRETIA,2025-02-20,141047,1,7,0,132.0
10109154FERRETIA_2025-02-20_G08,10109154FERRETIA,2025-02-20,118317,1,4,0,282.0
10109154FERRETIA_2025-02-20_G09,10109154FERRETIA,2025-02-20,111435,1,3,0,122.0
10109154FERRETIA_2025-02-20_G10,10109154FERRETIA,2025-02-20,111431,1,2,0,72.0
10109154FERRETIA_2025-02-20_G11,10109154FERRETIA,2025-02-20,111532,1,7,0,108.0
10109154FERRETIA_2025-02-20_G12,10109154FERRETIA,2025-02-20,109641,1,2,0,66.0
10109154FERRETIA_2025-02-20_G13,10109154FERRETIA,2025-02-20,109641,1,4,0,103.0
10109154FERRETIA_2025-02-20_G14,10109154FERRETIA,2025-02-20,109641,1,1,0,1664.0
10109154FERRETIA_2025-02-20_G15,10109154FERRETIA,2025-02-20,110740,1,2,0,36.0
10109154FERRETIA_2025-02-20_G16,10109154FERRETIA,2025-02-20,105705,1,4,0,406.0
10109154FERRETIA_2025-02-20_G17,10109154FERRETIA,2025-02-20,105705,1,2,0,32.0
10109154FERRETIA_2025-02-20_G18,10109154FERRETIA,2025-02-20,117821,1,8,0,100.0
10109154FERRETIA_2025-02-20_G19,10109154FERRETIA,2025-02-20,111466,1,10,0,128.0
10109154FERRETIA_2025-02-20_G20,10109154FERRETIA,2025-02-20,111462,1,2,0,449.0
10109154FERRETIA_2025-02-20_G21,10109154FERRETIA,2025-02-20,111462,1,12,0,40.0
10109154FERRETIA_2025-02-20_G22,10109154FERRETIA,2025-02-20,111465,1,1,0,146.0
10109154FERRETIA_2025-02-20_G23,10109154FERRETIA,2025-02-20,118140,1,6,0,1047.0
10109154FERRETIA_2025-02-20_G24,10109154FERRETIA,2025-02-20,160051,1,4,0,715.0
10109154FERRETIA_2025-02-20_G25,10109154FERRETIA,2025-02-20,111418,1,53,0,764.0
10109154FERRETIA_2025-02-20_G26,10109154FERRETIA,2025-02-20,108794,1,6,0,627.0
10109154FERRETIA_2025-02-20_G27,10109154FERRETIA,2025-02-20,108794,1,4,0,47.0
10109154FERRETIA_2025-02-20_G28,10109154FERRETIA,2025-02-20,110332,1,6,0,1704.0
10109154FERRETIA_2025-02-20_G29,10109154FERRETIA,2025-02-20,111466,1,4,0,150.0
10109154FERRETIA_2025-02-20_G30,10109154FERRETIA,2025-02-20,111469,1,2,0,45.0
10109154FERRETIA_2025-02-20_G31,10109154FERRETIA,2025-02-20,110376,1,8,0,229.0
10109154FERRETIA_2025-02-20_G32,10109154FERRETIA,2025-02-20,110755,1,24,0,520.0
10109154FERRETIA_2025-02-20_G33,10109154FERRETIA,2025-02-20,111443,1,3,0,320.0
10109154FERRETIA_2025-02-20_G34,10109154FERRETIA,2025-02-20,111443,1,3,0,719.0
10109154FERRETIA_2025-02-20_G35,10109154FERRETIA,2025-02-20,111418,1,2,0,135.0
10109154FERRETIA_2025-02-20_G36,10109154FERRETIA,2025-02-20,117787,1,4,0,60.0
10109154FERRETIA_2025-02-20_G37,10109154FERRETIA,2025-02-20,111468,1,3,0,91.0
10109154FERRETIA_2025-02-20_G38,10109154FERRETIA,2025-02-20,110787,1,2,0,56.0
10109154FERRETIA_2025-02-20_G39,10109154FERRETIA,2025-02-20,118004,1,2,0,102.0
10109154FERRETIA_2025-02-20_G40,10109154FERRETIA,2025-02-20,117808,1,15,0,156.0
10109154FERRETIA_2025-02-20_G41,10109154FERRETIA,2025-02-20,110325,1,8,0,61.0
10109154FERRETIA_2025-02-20_G42,10109154FERRETIA,2025-02-20,117855,1,8,0,499.0
10109154FERRETIA_2025-02-20_G43,10109154FERRETIA,2025-02-20,111569,1,6,0,71.0
10109154FERRETIA_2025-02-20_G44,10109154FERRETIA,2025-02-20,110752,1,8,0,92.0
10109154FERRETIA_2025-02-20_G45,10109154FERRETIA,2025-02-20,117786,1,1,0,161.0
10109154FERRETIA_2025-02-20_G46,10109154FERRETIA,2025-02-20,111442,1,8,0,199.0
10109154FERRETIA_2025-02-20_G47,10109154FERRETIA,2025-02-20,117785,1,16,0,205.0
10109154FERRETIA_2025-02-20_G48,10109154FERRETIA,2025-02-20,108711,1,8,0,643.0
10109154FERRETIA_2025-02-20_G49,10109154FERRETIA,2025-02-20,117808,1,12,0,148.0
10109154FERRETIA_2025-02-20_G50,10109154FERRETIA,2025-02-20,108794,1,2,0,90.0
10109154FERRETIA_2025-02-20_G52,10109154FERRETIA,2025-02-20,108759,1,2,0,431.0
10109154FERRETIA_2025-02-20_G53,10109154FERRETIA,2025-02-20,118290,1,3,0,202.0
10109154FERRETIA_2025-02-20_G54,10109154FERRETIA,2025-02-20,110515,1,5,0,86.0
10109154FERRETIA_2025-02-20_G55,10109154FERRETIA,2025-02-20,111443,1,4,0,213.0
10109154FERRETIA_2025-02-20_G56,10109154FERRETIA,2025-02-20,117809,1,4,0,135.0
10109154FERRETIA_2025-02-20_G57,10109154FERRETIA,2025-02-20,140922,1,6,0,1006.0
10109154FERRETIA_2025-02-20_G58,10109154FERRETIA,2025-02-20,110371,1,10,0,254.0
10109154FERRETIA_2025-02-20_G59,10109154FERRETIA,2025-02-20,110373,1,20,0,525.0
10109154FERRETIA_2025-02-20_G60,10109154FERRETIA,2025-02-20,105705,1,12,0,145.0
10109154FERRETIA_2025-02-21_G02,10109154FERRETIA,2025-02-21,110895,1,15,0,314.0
10109154FERRETIA_2025-02-21_G03,10109154FERRETIA,2025-02-21,118306,1,3,0,100.0
10109154FERRETIA_2025-02-21_G04,10109154FERRETIA,2025-02-21,111441,1,5,0,206.0
10109154FERRETIA_2025-02-21_G05,10109154FERRETIA,2025-02-21,116527,1,3,0,113.0
10109154FERRETIA_2025-02-21_G06,10109154FERRETIA,2025-02-21,118403,1,8,0,152.0
10109154FERRETIA_2025-02-21_G07,10109154FERRETIA,2025-02-21,111602,1,30,0,1867.0
10109154FERRETIA_2025-02-21_G08,10109154FERRETIA,2025-02-21,111348,1,4,0,173.0
10109154FERRETIA_2025-02-21_G09,10109154FERRETIA,2025-02-21,111463,1,32,0,250.0
10109154FERRETIA_2025-02-21_G10,10109154FERRETIA,2025-02-21,111463,1,12,0,107.0
10109154FERRETIA_2025-02-21_G11,10109154FERRETIA,2025-02-21,117787,1,9,0,94.0
10109154FERRETIA_2025-02-21_G12,10109154FERRETIA,2025-02-21,140922,1,16,0,431.0
10109154FERRETIA_2025-02-21_G13,10109154FERRETIA,2025-02-21,111468,1,11,0,93.0
10109154FERRETIA_2025-02-21_G14,10109154FERRETIA,2025-02-21,117831,1,27,0,432.0
10109154FERRETIA_2025-02-21_G15,10109154FERRETIA,2025-02-21,111466,1,20,0,230.0
10109154FERRETIA_2025-02-21_G16,10109154FERRETIA,2025-02-21,111418,1,30,0,840.0
10109154FERRETIA_2025-02-21_G17,10109154FERRETIA,2025-02-21,117808,1,200,0,329.0
10109154FERRETIA_2025-02-21_G18,10109154FERRETIA,2025-02-21,117809,1,100,0,1652.0
10109154FERRETIA_2025-02-21_G19,10109154FERRETIA,2025-02-21,110372,1,50,0,1404.0
10109154FERRETIA_2025-02-21_G20,10109154FERRETIA,2025-02-21,117820,1,50,0,332.0
10109154FERRETIA_2025-02-21_G21,10109154FERRETIA,2025-02-21,117832,1,10,0,121.0
10109154FERRETIA_2025-02-26_G02,10109154FERRETIA,2025-02-26,110787,1,640,0,478.0
10109154FERRETIA_2025-02-27_G02,10109154FERRETIA,2025-02-27,118222,1,2,0,238.0
10109154FERRETIA_2025-02-27_G03,10109154FERRETIA,2025-02-27,117836,1,2,0,61.0
10109154FERRETIA_2025-02-27_G04,10109154FERRETIA,2025-02-27,118403,1,3,0,519.0
10109154FERRETIA_2025-02-27_G05,10109154FERRETIA,2025-02-27,140957,1,4,0,110.0
10109154FERRETIA_2025-02-27_G06,10109154FERRETIA,2025-02-27,110711,1,1,0,114.0
10109154FERRETIA_2025-02-27_G07,10109154FERRETIA,2025-02-27,117838,1,2,0,109.0
10109154FERRETIA_2025-02-27_G08,10109154FERRETIA,2025-02-27,117787,1,3,0,154.0
10109154FERRETIA_2025-02-27_G09,10109154FERRETIA,2025-02-27,111468,1,4,0,98.0
10109154FERRETIA_2025-02-27_G10,10109154FERRETIA,2025-02-27,110740,1,4,0,336.0
10109154FERRETIA_2025-02-27_G11,10109154FERRETIA,2025-02-27,117832,1,8,0,124.0
10109154FERRETIA_2025-02-27_G12,10109154FERRETIA,2025-02-27,111850,1,4,0,498.0
10109154FERRETIA_2025-02-27_G13,10109154FERRETIA,2025-02-27,110711,1,2,0,129.0
10109154FERRETIA_2025-02-27_G14,10109154FERRETIA,2025-02-27,117838,1,2,0,129.0
10109154FERRETIA_2025-02-27_G15,10109154FERRETIA,2025-02-27,117787,1,3,0,146.0
10109154FERRETIA_2025-02-27_G16,10109154FERRETIA,2025-02-27,111468,1,4,0,122.0
10109154FERRETIA_2025-02-27_G17,10109154FERRETIA,2025-02-27,111743,1,1,0,112.0
10109154FERRETIA_2025-02-27_G18,10109154FERRETIA,2025-02-27,117832,1,7,0,196.0
10109154FERRETIA_2025-02-27_G20,10109154FERRETIA,2025-02-27,118253,1,8,0,207.0
10109154FERRETIA_2025-02-27_G21,10109154FERRETIA,2025-02-27,109640,1,12,0,922.0
10109154FERRETIA_2025-02-27_G22,10109154FERRETIA,2025-02-27,111439,1,4,0,640.0
10109154FERRETIA_2025-02-27_G23,10109154FERRETIA,2025-02-27,110787,1,4,0,399.0
10109154FERRETIA_2025-02-27_G24,10109154FERRETIA,2025-02-27,111850,1,10,0,273.0
10109154FERRETIA_2025-02-27_G25,10109154FERRETIA,2025-02-27,100334,1,3,0,153.0
10109154FERRETIA_2025-02-27_G26,10109154FERRETIA,2025-02-27,117289,1,6,0,692.0
10109154FERRETIA_2025-02-27_G27,10109154FERRETIA,2025-02-27,110733,1,3,0,346.0
10109154FERRETIA_2025-02-27_G28,10109154FERRETIA,2025-02-27,110733,1,7,0,43.0
10109154FERRETIA_2025-02-27_G29,10109154FERRETIA,2025-02-27,141047,1,4,0,148.0
10109154FERRETIA_2025-02-27_G30,10109154FERRETIA,2025-02-27,111443,1,12,0,436.0
10109154FERRETIA_2025-02-27_G31,10109154FERRETIA,2025-02-27,110740,1,12,0,167.0
10109154FERRETIA_2025-02-27_G32,10109154FERRETIA,2025-02-27,111465,1,10,0,135.0
10109154FERRETIA_2025-02-27_G33,10109154FERRETIA,2025-02-27,109643,1,7,0,290.0
10109154FERRETIA_2025-02-27_G34,10109154FERRETIA,2025-02-27,110325,1,12,0,171.0
10109154FERRETIA_2025-02-27_G36,10109154FERRETIA,2025-02-27,111430,1,1,0,78.0
10109154FERRETIA_2025-02-27_G37,10109154FERRETIA,2025-02-27,110733,1,2,0,434.0
10109154FERRETIA_2025-02-27_G38,10109154FERRETIA,2025-02-27,111602,1,10,0,374.0
10109154FERRETIA_2025-02-27_G39,10109154FERRETIA,2025-02-27,109640,1,6,0,120.0
10109154FERRETIA_2025-02-27_G40,10109154FERRETIA,2025-02-27,110515,1,10,0,222.0
10109154FERRETIA_2025-02-28_G02,10109154FERRETIA,2025-02-28,108031,1,2,0,230.0
10109154FERRETIA_2025-02-28_G03,10109154FERRETIA,2025-02-28,111705,1,2,0,423.0
10109154FERRETIA_2025-02-28_G04,10109154FERRETIA,2025-02-28,118418,1,2,0,219.0
10109154FERRETIA_2025-02-28_G05,10109154FERRETIA,2025-02-28,118253,1,4,0,142.0
10109154FERRETIA_2025-02-28_G06,10109154FERRETIA,2025-02-28,117835,1,14,0,441.0
10109154FERRETIA_2025-02-28_G07,10109154FERRETIA,2025-02-28,110579,1,2,0,225.0
10109154FERRETIA_2025-02-28_G08,10109154FERRETIA,2025-02-28,117855,1,50,0,371.0
10109154FERRETIA_2025-02-28_G09,10109154FERRETIA,2025-02-28,108361,1,2,0,596.0
10109154FERRETIA_2025-02-28_G11,10109154FERRETIA,2025-02-28,117786,1,50,0,104.0
10109154FERRETIA_2025-02-28_G12,10109154FERRETIA,2025-02-28,110373,1,50,0,482.0
10109154FERRETIA_2025-02-28_G13,10109154FERRETIA,2025-02-28,108736,1,4,0,509.0
10109154FERRETIA_2025-02-28_G14,10109154FERRETIA,2025-02-28,108736,1,4,0,99.0
10109154FERRETIA_2025-02-28_G15,10109154FERRETIA,2025-02-28,110747,1,8,0,402.0
10109154FERRETIA_2025-02-28_G16,10109154FERRETIA,2025-02-28,109803,1,9,0,192.0
10109154FERRETIA_2025-02-28_G17,10109154FERRETIA,2025-02-28,117855,1,1,0,563.0
10109154FERRETIA_2025-02-28_G18,10109154FERRETIA,2025-02-28,111530,1,98,0,541.0
10109154FERRETIA_2025-02-28_G19,10109154FERRETIA,2025-02-28,105705,1,13,0,432.0
10109154FERRETIA_2025-02-28_G20,10109154FERRETIA,2025-02-28,105705,1,25,0,1261.0
10109154FERRETIA_2025-02-28_G21,10109154FERRETIA,2025-02-28,111172,1,12,0,247.0
10109154FERRETIA_2025-02-28_G22,10109154FERRETIA,2025-02-28,118299,1,150,0,340.0
10109154FERRETIA_2025-03-03_G02,10109154FERRETIA,2025-03-03,109640,1,3,0,141.0
10109154FERRETIA_2025-03-03_G03,10109154FERRETIA,2025-03-03,110753,1,1,0,184.0
10109154FERRETIA_2025-03-03_G04,10109154FERRETIA,2025-03-03,110753,1,12,0,84.0
10109154FERRETIA_2025-03-03_G05,10109154FERRETIA,2025-03-03,111530,1,23,0,181.0
10109154FERRETIA_2025-03-03_G06,10109154FERRETIA,2025-03-03,111443,1,12,0,582.0
10109154FERRETIA_2025-03-03_G07,10109154FERRETIA,2025-03-03,111348,1,17,0,317.0
10109154FERRETIA_2025-03-03_G08,10109154FERRETIA,2025-03-03,111443,1,36,0,546.0
10109154FERRETIA_2025-03-03_G09,10109154FERRETIA,2025-03-03,111182,1,354,0,1066.0
10109154FERRETIA_2025-03-07_G02,10109154FERRETIA,2025-03-07,110741,1,4,0,129.0
10109154FERRETIA_2025-03-07_G03,10109154FERRETIA,2025-03-07,117935,1,1,0,196.0
10109154FERRETIA_2025-03-07_G04,10109154FERRETIA,2025-03-07,118094,1,20,0,262.0
10109154FERRETIA_2025-03-07_G05,10109154FERRETIA,2025-03-07,110741,1,4,0,320.0
10109154FERRETIA_2025-03-07_G06,10109154FERRETIA,2025-03-07,117935,1,2,0,239.0
10109154FERRETIA_2025-03-07_G07,10109154FERRETIA,2025-03-07,111463,1,3,0,341.0
10109154FERRETIA_2025-03-07_G08,10109154FERRETIA,2025-03-07,117786,1,4,0,1270.0
10109154FERRETIA_2025-03-07_G09,10109154FERRETIA,2025-03-07,118317,1,4,0,1129.0
10109154FERRETIA_2025-03-07_G10,10109154FERRETIA,2025-03-07,108711,1,2,0,55.0
10109154FERRETIA_2025-03-07_G11,10109154FERRETIA,2025-03-07,117935,1,1,0,40.0
10109154FERRETIA_2025-03-07_G12,10109154FERRETIA,2025-03-07,110741,1,1,0,97.0
10109154FERRETIA_2025-03-07_G13,10109154FERRETIA,2025-03-07,108711,1,1,0,195.0
10109154FERRETIA_2025-03-07_G14,10109154FERRETIA,2025-03-07,111463,1,1,0,47.0
10109154FERRETIA_2025-03-07_G15,10109154FERRETIA,2025-03-07,117856,1,1,0,461.0
10109154FERRETIA_2025-03-07_G16,10109154FERRETIA,2025-03-07,111330,1,9,0,194.0
10109154FERRETIA_2025-03-07_G17,10109154FERRETIA,2025-03-07,109643,1,10,0,115.0
10109154FERRETIA_2025-03-07_G18,10109154FERRETIA,2025-03-07,110747,1,2,0,247.0
10109154FERRETIA_2025-03-07_G19,10109154FERRETIA,2025-03-07,117935,1,1,0,95.0
10109154FERRETIA_2025-03-07_G20,10109154FERRETIA,2025-03-07,117856,1,4,0,56.0
10109154FERRETIA_2025-03-07_G21,10109154FERRETIA,2025-03-07,110741,1,2,0,108.0
10109154FERRETIA_2025-03-07_G22,10109154FERRETIA,2025-03-07,117786,1,1,0,103.0
10109154FERRETIA_2025-03-07_G23,10109154FERRETIA,2025-03-07,108711,1,4,0,125.0
10109154FERRETIA_2025-03-07_G25,10109154FERRETIA,2025-03-07,117808,1,34,0,673.0
10109154FERRETIA_2025-03-07_G26,10109154FERRETIA,2025-03-07,117820,1,7,0,191.0
10109154FERRETIA_2025-03-07_G27,10109154FERRETIA,2025-03-07,124486,1,50,0,2351.0
10109154FERRETIA_2025-03-07_G28,10109154FERRETIA,2025-03-07,122983,1,12,0,341.0
10109154FERRETIA_2025-03-07_G29,10109154FERRETIA,2025-03-07,122962,1,8,0,183.0
10109154FERRETIA_2025-03-08_G02,10109154FERRETIA,2025-03-08,123561,1,3,0,195.0
10109154FERRETIA_2025-03-08_G03,10109154FERRETIA,2025-03-08,123561,1,12,0,601.0
10109154FERRETIA_2025-03-08_G04,10109154FERRETIA,2025-03-08,122962,1,36,0,806.0
10109154FERRETIA_2025-03-08_G05,10109154FERRETIA,2025-03-08,122962,1,110,0,3052.0
10109154FERRETIA_2025-03-08_G06,10109154FERRETIA,2025-03-08,124370,1,77,0,2255.0
10109154FERRETIA_2025-03-08_G08,10109154FERRETIA,2025-03-08,122185,1,1,0,148.0
10109154FERRETIA_2025-03-08_G09,10109154FERRETIA,2025-03-08,124475,1,17,0,273.0
10109154FERRETIA_2025-03-08_G10,10109154FERRETIA,2025-03-08,122673,1,8,0,301.0
10109154FERRETIA_2025-03-08_G11,10109154FERRETIA,2025-03-08,124475,1,31,0,633.0
10109154FERRETIA_2025-03-08_G12,10109154FERRETIA,2025-03-08,122962,1,50,0,845.0
10109154FERRETIA_2025-03-08_G13,10109154FERRETIA,2025-03-08,122982,1,14,0,275.0
10109154FERRETIA_2025-03-10_G02,10109154FERRETIA,2025-03-10,110752,1,4,0,500.0
10109154FERRETIA_2025-03-10_G03,10109154FERRETIA,2025-03-10,118094,1,4,0,100.0
10109154FERRETIA_2025-03-10_G04,10109154FERRETIA,2025-03-10,110741,1,3,0,98.0
10109154FERRETIA_2025-03-10_G05,10109154FERRETIA,2025-03-10,110753,1,4,0,92.0
10109154FERRETIA_2025-03-10_G06,10109154FERRETIA,2025-03-10,118298,1,4,0,150.0
10109154FERRETIA_2025-03-10_G07,10109154FERRETIA,2025-03-10,110339,1,4,0,75.0
10109154FERRETIA_2025-03-10_G08,10109154FERRETIA,2025-03-10,110373,1,8,0,159.0
10109154FERRETIA_2025-03-10_G09,10109154FERRETIA,2025-03-10,108770,1,4,0,465.0
10109154FERRETIA_2025-03-10_G10,10109154FERRETIA,2025-03-10,117862,1,3,0,97.0
10109154FERRETIA_2025-03-10_G11,10109154FERRETIA,2025-03-10,110741,2,6,25,107.0
10109154FERRETIA_2025-03-10_G12,10109154FERRETIA,2025-03-10,108772,1,4,0,241.0
10109154FERRETIA_2025-03-10_G13,10109154FERRETIA,2025-03-10,111602,1,3,0,2452.0
10109154FERRETIA_2025-03-10_G14,10109154FERRETIA,2025-03-10,110711,1,6,0,106.0
10109154FERRETIA_2025-03-10_G15,10109154FERRETIA,2025-03-10,108770,1,4,0,257.0
10109154FERRETIA_2025-03-10_G16,10109154FERRETIA,2025-03-10,117862,1,4,0,84.0
10109154FERRETIA_2025-03-10_G17,10109154FERRETIA,2025-03-10,110741,1,4,0,335.0
10109154FERRETIA_2025-03-10_G18,10109154FERRETIA,2025-03-10,117862,1,4,0,268.0
10109154FERRETIA_2025-03-10_G19,10109154FERRETIA,2025-03-10,117862,1,16,0,144.0
10109154FERRETIA_2025-03-10_G20,10109154FERRETIA,2025-03-10,118094,1,20,0,233.0
10109154FERRETIA_2025-03-10_G21,10109154FERRETIA,2025-03-10,109645,1,10,0,618.0
10109154FERRETIA_2025-03-10_G22,10109154FERRETIA,2025-03-10,111356,1,2,0,271.0
10109154FERRETIA_2025-03-10_G23,10109154FERRETIA,2025-03-10,111850,1,4,0,315.0
10109154FERRETIA_2025-03-10_G24,10109154FERRETIA,2025-03-10,110542,1,2,0,104.0
10109154FERRETIA_2025-03-10_G25,10109154FERRETIA,2025-03-10,110711,1,2,0,119.0
10109154FERRETIA_2025-03-10_G26,10109154FERRETIA,2025-03-10,117861,1,6,0,226.0
10109154FERRETIA_2025-03-10_G27,10109154FERRETIA,2025-03-10,101217,1,1,0,66.0
10109154FERRETIA_2025-03-10_G28,10109154FERRETIA,2025-03-10,110743,1,8,0,193.0
10109154FERRETIA_2025-03-10_G29,10109154FERRETIA,2025-03-10,111348,1,2,0,42.0
10109154FERRETIA_2025-03-10_G30,10109154FERRETIA,2025-03-10,111468,1,7,0,977.0
10109154FERRETIA_2025-03-10_G31,10109154FERRETIA,2025-03-10,109641,1,1,0,54.0
10109154FERRETIA_2025-03-10_G32,10109154FERRETIA,2025-03-10,109645,1,8,0,174.0
10109154FERRETIA_2025-03-10_G33,10109154FERRETIA,2025-03-10,117821,1,2,0,115.0
10109154FERRETIA_2025-03-10_G34,10109154FERRETIA,2025-03-10,111462,1,3,0,85.0
10109154FERRETIA_2025-03-10_G35,10109154FERRETIA,2025-03-10,111433,1,2,0,53.0
10109154FERRETIA_2025-03-10_G36,10109154FERRETIA,2025-03-10,111465,1,2,0,45.0
10109154FERRETIA_2025-03-10_G37,10109154FERRETIA,2025-03-10,111743,1,3,0,252.0
10109154FERRETIA_2025-03-10_G38,10109154FERRETIA,2025-03-10,117856,1,6,0,1543.0
10109154FERRETIA_2025-03-10_G39,10109154FERRETIA,2025-03-10,117935,1,10,0,135.0
10109154FERRETIA_2025-03-10_G40,10109154FERRETIA,2025-03-10,118094,1,4,0,89.0
10109154FERRETIA_2025-03-10_G41,10109154FERRETIA,2025-03-10,109640,1,2,0,128.0
10109154FERRETIA_2025-03-10_G42,10109154FERRETIA,2025-03-10,110313,1,4,0,224.0
10109154FERRETIA_2025-03-10_G43,10109154FERRETIA,2025-03-10,111466,1,4,0,148.0
10109154FERRETIA_2025-03-10_G44,10109154FERRETIA,2025-03-10,117862,1,4,0,426.0
10109154FERRETIA_2025-03-10_G45,10109154FERRETIA,2025-03-10,140911,1,1,0,1082.0
10109154FERRETIA_2025-03-10_G46,10109154FERRETIA,2025-03-10,118306,1,2,0,157.0
10109154FERRETIA_2025-03-10_G47,10109154FERRETIA,2025-03-10,118222,1,2,0,160.0
10109154FERRETIA_2025-03-10_G48,10109154FERRETIA,2025-03-10,111850,1,3,0,68.0
10109154FERRETIA_2025-03-10_G49,10109154FERRETIA,2025-03-10,118094,1,2,0,99.0
10109154FERRETIA_2025-03-10_G50,10109154FERRETIA,2025-03-10,111602,1,2,0,128.0
10109154FERRETIA_2025-03-10_G51,10109154FERRETIA,2025-03-10,110711,1,8,0,76.0
10109154FERRETIA_2025-03-10_G52,10109154FERRETIA,2025-03-10,107629,1,6,0,83.0
10109154FERRETIA_2025-03-10_G53,10109154FERRETIA,2025-03-10,117855,1,8,0,94.0
10109154FERRETIA_2025-03-10_G54,10109154FERRETIA,2025-03-10,111876,1,2,0,74.0
10109154FERRETIA_2025-03-10_G55,10109154FERRETIA,2025-03-10,111530,1,4,0,107.0
10109154FERRETIA_2025-03-10_G56,10109154FERRETIA,2025-03-10,110339,1,6,0,182.0
10109154FERRETIA_2025-03-10_G58,10109154FERRETIA,2025-03-10,117786,1,3,0,200.0
10109154FERRETIA_2025-03-10_G59,10109154FERRETIA,2025-03-10,107236,1,4,0,460.0
10109154FERRETIA_2025-03-10_G60,10109154FERRETIA,2025-03-10,118004,1,6,0,184.0
10109154FERRETIA_2025-03-10_G61,10109154FERRETIA,2025-03-10,140922,1,2,0,67.0
10109154FERRETIA_2025-03-10_G62,10109154FERRETIA,2025-03-10,111172,1,9,0,281.0
10109154FERRETIA_2025-03-10_G63,10109154FERRETIA,2025-03-10,111418,1,10,0,158.0
10109154FERRETIA_2025-03-10_G64,10109154FERRETIA,2025-03-10,108711,1,5,0,89.0
10109154FERRETIA_2025-03-10_G65,10109154FERRETIA,2025-03-10,111463,1,4,0,63.0
10109154FERRETIA_2025-03-10_G66,10109154FERRETIA,2025-03-10,110787,1,3,0,123.0
10109154FERRETIA_2025-03-10_G67,10109154FERRETIA,2025-03-10,117831,1,10,0,131.0
10109154FERRETIA_2025-03-10_G68,10109154FERRETIA,2025-03-10,108794,1,3,0,85.0
10109154FERRETIA_2025-03-10_G69,10109154FERRETIA,2025-03-10,117821,1,5,0,67.0
10109154FERRETIA_2025-03-10_G70,10109154FERRETIA,2025-03-10,111466,1,3,0,57.0
10109154FERRETIA_2025-03-10_G71,10109154FERRETIA,2025-03-10,111462,1,4,0,55.0
10109154FERRETIA_2025-03-10_G72,10109154FERRETIA,2025-03-10,111465,1,1,0,67.0
10109154FERRETIA_2025-03-10_G73,10109154FERRETIA,2025-03-10,117787,1,8,0,124.0
10109154FERRETIA_2025-03-10_G74,10109154FERRETIA,2025-03-10,110372,1,12,0,1574.0
10109154FERRETIA_2025-03-10_G75,10109154FERRETIA,2025-03-10,111532,1,5,0,471.0
10109154FERRETIA_2025-03-10_G76,10109154FERRETIA,2025-03-10,111418,1,12,0,763.0
10109154FERRETIA_2025-03-10_G77,10109154FERRETIA,2025-03-10,117838,1,4,0,41.0
10109154FERRETIA_2025-03-10_G78,10109154FERRETIA,2025-03-10,108711,1,8,0,70.0
10109154FERRETIA_2025-03-10_G79,10109154FERRETIA,2025-03-10,110787,1,4,0,101.0
10109154FERRETIA_2025-03-10_G80,10109154FERRETIA,2025-03-10,108794,1,2,0,77.0
10109154FERRETIA_2025-03-11_G02,10109154FERRETIA,2025-03-11,110747,1,2,0,51.0
10109154FERRETIA_2025-03-11_G03,10109154FERRETIA,2025-03-11,118222,1,1,0,46.0
10109154FERRETIA_2025-03-11_G04,10109154FERRETIA,2025-03-11,118222,1,100,0,1389.0
10109154FERRETIA_2025-03-11_G05,10109154FERRETIA,2025-03-11,118222,1,24,0,297.0
10109154FERRETIA_2025-03-11_G07,10109154FERRETIA,2025-03-11,111602,1,8,0,136.0
10109154FERRETIA_2025-03-11_G08,10109154FERRETIA,2025-03-11,117855,1,2,0,89.0
10109154FERRETIA_2025-03-11_G09,10109154FERRETIA,2025-03-11,110711,1,4,0,110.0
10109154FERRETIA_2025-03-11_G10,10109154FERRETIA,2025-03-11,110711,1,2,0,211.0
10109154FERRETIA_2025-03-11_G11,10109154FERRETIA,2025-03-11,110339,1,8,0,95.0
10109154FERRETIA_2025-03-11_G12,10109154FERRETIA,2025-03-11,140922,1,8,0,138.0
10109154FERRETIA_2025-03-11_G13,10109154FERRETIA,2025-03-11,111463,1,1,0,111.0
10109154FERRETIA_2025-03-11_G14,10109154FERRETIA,2025-03-11,110740,1,4,0,55.0
10109154FERRETIA_2025-03-11_G15,10109154FERRETIA,2025-03-11,110787,1,4,0,513.0
10109154FERRETIA_2025-03-11_G16,10109154FERRETIA,2025-03-11,117821,1,1,0,197.0
10109154FERRETIA_2025-03-11_G17,10109154FERRETIA,2025-03-11,111466,1,4,0,63.0
10109154FERRETIA_2025-03-11_G18,10109154FERRETIA,2025-03-11,111469,1,3,0,62.0
10109154FERRETIA_2025-03-11_G19,10109154FERRETIA,2025-03-11,111462,1,2,0,55.0
10109154FERRETIA_2025-03-11_G20,10109154FERRETIA,2025-03-11,118140,3,49,15,939.0
10109154FERRETIA_2025-03-11_G21,10109154FERRETIA,2025-03-11,111469,1,32,0,829.0
10109154FERRETIA_2025-03-11_G22,10109154FERRETIA,2025-03-11,117822,1,4,0,439.0
10109154FERRETIA_2025-03-11_G23,10109154FERRETIA,2025-03-11,110372,1,7,0,338.0
10109154FERRETIA_2025-03-11_G24,10109154FERRETIA,2025-03-11,110372,1,9,0,59.0
10109154FERRETIA_2025-03-11_G25,10109154FERRETIA,2025-03-11,118299,1,4,0,125.0
10109154FERRETIA_2025-03-11_G26,10109154FERRETIA,2025-03-11,107830,1,4,0,111.0
10109154FERRETIA_2025-03-11_G27,10109154FERRETIA,2025-03-11,110373,1,3,0,141.0
10109154FERRETIA_2025-03-11_G28,10109154FERRETIA,2025-03-11,116527,1,4,0,1158.0
10109154FERRETIA_2025-03-11_G29,10109154FERRETIA,2025-03-11,109641,1,12,0,178.0
10109154FERRETIA_2025-03-11_G30,10109154FERRETIA,2025-03-11,111463,1,4,0,81.0
10109154FERRETIA_2025-03-11_G31,10109154FERRETIA,2025-03-11,118140,1,4,0,184.0
10109154FERRETIA_2025-03-11_G32,10109154FERRETIA,2025-03-11,118140,1,4,0,49.0
10109154FERRETIA_2025-03-11_G33,10109154FERRETIA,2025-03-11,111466,1,4,0,122.0
10109154FERRETIA_2025-03-11_G34,10109154FERRETIA,2025-03-11,111469,1,4,0,66.0
10109154FERRETIA_2025-03-11_G35,10109154FERRETIA,2025-03-11,110747,1,7,0,999.0
10109154FERRETIA_2025-03-11_G36,10109154FERRETIA,2025-03-11,118094,1,1,0,68.0
10109154FERRETIA_2025-03-11_G37,10109154FERRETIA,2025-03-11,118290,1,2,0,226.0
10109154FERRETIA_2025-03-11_G38,10109154FERRETIA,2025-03-11,118418,1,6,0,671.0
10109154FERRETIA_2025-03-11_G39,10109154FERRETIA,2025-03-11,118417,1,2,0,112.0
10109154FERRETIA_2025-03-11_G40,10109154FERRETIA,2025-03-11,118416,1,2,0,277.0
10109154FERRETIA_2025-03-11_G42,10109154FERRETIA,2025-03-11,160054,1,2,0,113.0
10109154FERRETIA_2025-03-11_G43,10109154FERRETIA,2025-03-11,140911,1,1,0,126.0
10109154FERRETIA_2025-03-11_G44,10109154FERRETIA,2025-03-11,117862,1,4,0,150.0
10109154FERRETIA_2025-03-11_G45,10109154FERRETIA,2025-03-11,118094,1,3,0,820.0
10109154FERRETIA_2025-03-11_G46,10109154FERRETIA,2025-03-11,110371,1,8,0,349.0
10109154FERRETIA_2025-03-11_G47,10109154FERRETIA,2025-03-11,110373,1,24,0,263.0
10109154FERRETIA_2025-03-12_G02,10109154FERRETIA,2025-03-12,108711,1,3,0,107.0
10109154FERRETIA_2025-03-12_G03,10109154FERRETIA,2025-03-12,117821,1,2,0,110.0
10109154FERRETIA_2025-03-12_G04,10109154FERRETIA,2025-03-12,110373,1,6,0,127.0
10109154FERRETIA_2025-03-12_G05,10109154FERRETIA,2025-03-12,117820,1,10,0,98.0
10109154FERRETIA_2025-03-12_G06,10109154FERRETIA,2025-03-12,111348,1,2,0,210.0
10109154FERRETIA_2025-03-12_G07,10109154FERRETIA,2025-03-12,111463,1,10,0,138.0
10109154FERRETIA_2025-03-12_G08,10109154FERRETIA,2025-03-12,111468,1,3,0,133.0
10109154FERRETIA_2025-03-12_G09,10109154FERRETIA,2025-03-12,118140,1,2,0,60.0
10109154FERRETIA_2025-03-12_G10,10109154FERRETIA,2025-03-12,108711,1,4,0,112.0
10109154FERRETIA_2025-03-12_G11,10109154FERRETIA,2025-03-12,110787,2,17,26,467.0
10109154FERRETIA_2025-03-12_G12,10109154FERRETIA,2025-03-12,105705,1,2,0,137.0
10109154FERRETIA_2025-03-12_G13,10109154FERRETIA,2025-03-12,111532,1,32,0,565.0
10109154FERRETIA_2025-03-12_G14,10109154FERRETIA,2025-03-12,117785,1,1,0,185.0
10109154FERRETIA_2025-03-12_G15,10109154FERRETIA,2025-03-12,111465,1,6,0,329.0
10109154FERRETIA_2025-03-12_G16,10109154FERRETIA,2025-03-12,111446,1,68,0,397.0
10109154FERRETIA_2025-03-12_G17,10109154FERRETIA,2025-03-12,118140,1,52,0,490.0
10109154FERRETIA_2025-03-12_G18,10109154FERRETIA,2025-03-12,111530,1,15,0,1758.0
10109154FERRETIA_2025-03-12_G19,10109154FERRETIA,2025-03-12,111602,1,17,0,155.0
10109154FERRETIA_2025-03-12_G20,10109154FERRETIA,2025-03-12,110339,1,5,0,113.0
10109154FERRETIA_2025-03-12_G21,10109154FERRETIA,2025-03-12,110372,2,13,23,288.0
10109154FERRETIA_2025-03-12_G22,10109154FERRETIA,2025-03-12,118299,1,3,0,93.0
10109154FERRETIA_2025-03-12_G23,10109154FERRETIA,2025-03-12,117832,1,5,0,120.0
10109154FERRETIA_2025-03-12_G24,10109154FERRETIA,2025-03-12,109747,1,4,0,283.0
10109154FERRETIA_2025-03-12_G25,10109154FERRETIA,2025-03-12,110743,1,3,0,142.0
10109154FERRETIA_2025-03-12_G26,10109154FERRETIA,2025-03-12,111348,1,4,0,54.0
10109154FERRETIA_2025-03-12_G27,10109154FERRETIA,2025-03-12,111463,1,16,0,142.0
10109154FERRETIA_2025-03-12_G28,10109154FERRETIA,2025-03-12,111435,1,4,0,120.0
10109154FERRETIA_2025-03-12_G29,10109154FERRETIA,2025-03-12,117831,1,7,0,96.0
10109154FERRETIA_2025-03-12_G30,10109154FERRETIA,2025-03-12,118140,2,18,30,128.0
10109154FERRETIA_2025-03-12_G31,10109154FERRETIA,2025-03-12,111433,1,2,0,207.0
10109154FERRETIA_2025-03-12_G32,10109154FERRETIA,2025-03-12,111532,1,7,0,278.0
10109154FERRETIA_2025-03-12_G33,10109154FERRETIA,2025-03-12,110376,1,4,0,544.0
10109154FERRETIA_2025-03-12_G34,10109154FERRETIA,2025-03-12,117830,1,2,0,101.0
10109154FERRETIA_2025-03-12_G35,10109154FERRETIA,2025-03-12,109643,1,8,0,129.0
10109154FERRETIA_2025-03-12_G36,10109154FERRETIA,2025-03-12,110373,1,8,0,100.0
10109154FERRETIA_2025-03-12_G37,10109154FERRETIA,2025-03-12,117820,1,9,0,105.0
10109154FERRETIA_2025-03-12_G38,10109154FERRETIA,2025-03-12,117820,1,9,0,50.0
10109154FERRETIA_2025-03-12_G39,10109154FERRETIA,2025-03-12,110745,1,520,0,2582.0
10109154FERRETIA_2025-03-12_G40,10109154FERRETIA,2025-03-12,110711,1,100,0,704.0
10109154FERRETIA_2025-03-12_G41,10109154FERRETIA,2025-03-12,111569,1,4,0,1128.0
10109154FERRETIA_2025-03-12_G42,10109154FERRETIA,2025-03-12,118222,1,1,0,108.0
10109154FERRETIA_2025-03-12_G43,10109154FERRETIA,2025-03-12,111348,1,4,0,117.0
10109154FERRETIA_2025-03-12_G44,10109154FERRETIA,2025-03-12,116241,1,10,0,146.0
10109154FERRETIA_2025-03-12_G45,10109154FERRETIA,2025-03-12,116241,1,4,0,73.0
10109154FERRETIA_2025-03-12_G46,10109154FERRETIA,2025-03-12,111466,1,4,0,132.0
10109154FERRETIA_2025-03-12_G47,10109154FERRETIA,2025-03-12,111532,1,18,0,166.0
10109154FERRETIA_2025-03-12_G48,10109154FERRETIA,2025-03-12,140922,1,2,0,86.0
10109154FERRETIA_2025-03-12_G49,10109154FERRETIA,2025-03-12,109645,1,2,0,114.0
10109154FERRETIA_2025-03-12_G50,10109154FERRETIA,2025-03-12,117821,1,5,0,240.0
10109154FERRETIA_2025-03-12_G51,10109154FERRETIA,2025-03-12,111433,1,4,0,95.0
10109154FERRETIA_2025-03-12_G52,10109154FERRETIA,2025-03-12,111433,1,4,0,66.0
10109154FERRETIA_2025-03-12_G53,10109154FERRETIA,2025-03-12,110372,1,42,0,978.0
10109154FERRETIA_2025-03-12_G54,10109154FERRETIA,2025-03-12,110372,1,2,0,53.0
10109154FERRETIA_2025-03-12_G55,10109154FERRETIA,2025-03-12,118299,1,14,0,383.0
10109154FERRETIA_2025-03-12_G56,10109154FERRETIA,2025-03-12,117820,1,3,0,259.0
10109154FERRETIA_2025-03-12_G57,10109154FERRETIA,2025-03-12,110743,1,2,0,463.0
10109154FERRETIA_2025-03-12_G58,10109154FERRETIA,2025-03-12,111463,1,3,0,118.0
10109154FERRETIA_2025-03-12_G59,10109154FERRETIA,2025-03-12,111532,1,16,0,151.0
10109154FERRETIA_2025-03-12_G60,10109154FERRETIA,2025-03-12,109641,1,3,0,102.0
10109154FERRETIA_2025-03-12_G61,10109154FERRETIA,2025-03-12,118140,1,10,0,90.0
10109154FERRETIA_2025-03-12_G62,10109154FERRETIA,2025-03-12,111763,1,2,0,100.0
10109154FERRETIA_2025-03-12_G63,10109154FERRETIA,2025-03-12,108711,1,14,0,80.0
10109154FERRETIA_2025-03-12_G64,10109154FERRETIA,2025-03-12,108794,1,4,0,98.0
10109154FERRETIA_2025-03-12_G65,10109154FERRETIA,2025-03-12,111462,1,13,0,93.0
10109154FERRETIA_2025-03-12_G66,10109154FERRETIA,2025-03-12,111466,1,23,0,711.0
10109154FERRETIA_2025-03-12_G67,10109154FERRETIA,2025-03-12,111466,1,4,0,32.0
10109154FERRETIA_2025-03-12_G68,10109154FERRETIA,2025-03-12,117821,1,32,0,344.0
10109154FERRETIA_2025-03-12_G70,10109154FERRETIA,2025-03-12,110313,1,14,0,128.0
10109154FERRETIA_2025-03-12_G71,10109154FERRETIA,2025-03-12,110733,1,4,0,53.0
10109154FERRETIA_2025-03-12_G72,10109154FERRETIA,2025-03-12,107629,1,4,0,72.0
10109154FERRETIA_2025-03-12_G73,10109154FERRETIA,2025-03-12,117855,1,10,0,86.0
10109154FERRETIA_2025-03-12_G74,10109154FERRETIA,2025-03-12,110339,1,18,0,354.0
10109154FERRETIA_2025-03-12_G75,10109154FERRETIA,2025-03-12,111530,1,90,0,519.0
10109154FERRETIA_2025-03-12_G76,10109154FERRETIA,2025-03-12,108711,1,22,0,179.0
10109154FERRETIA_2025-03-12_G77,10109154FERRETIA,2025-03-12,110787,1,23,0,162.0
10109154FERRETIA_2025-03-12_G78,10109154FERRETIA,2025-03-12,105705,1,9,0,164.0
10109154FERRETIA_2025-03-12_G79,10109154FERRETIA,2025-03-12,111462,1,4,0,62.0
10109154FERRETIA_2025-03-12_G80,10109154FERRETIA,2025-03-12,111348,1,25,0,543.0
10109154FERRETIA_2025-03-12_G81,10109154FERRETIA,2025-03-12,111466,1,24,0,980.0
10109154FERRETIA_2025-03-12_G82,10109154FERRETIA,2025-03-12,111466,1,4,0,31.0
10109154FERRETIA_2025-03-12_G83,10109154FERRETIA,2025-03-12,110373,1,4,0,238.0
10109154FERRETIA_2025-03-12_G84,10109154FERRETIA,2025-03-12,110373,1,43,0,270.0
10109154FERRETIA_2025-03-13_G02,10109154FERRETIA,2025-03-13,115773,1,2,0,232.0
10109154FERRETIA_2025-03-13_G03,10109154FERRETIA,2025-03-13,111569,1,2,0,57.0
10109154FERRETIA_2025-03-13_G04,10109154FERRETIA,2025-03-13,111569,1,1,0,37.0
10109154FERRETIA_2025-03-13_G05,10109154FERRETIA,2025-03-13,160057,1,1,0,120.0
10109154FERRETIA_2025-03-13_G06,10109154FERRETIA,2025-03-13,110733,1,4,0,170.0
10109154FERRETIA_2025-03-13_G07,10109154FERRETIA,2025-03-13,117855,1,5,0,118.0
10109154FERRETIA_2025-03-13_G08,10109154FERRETIA,2025-03-13,110515,1,10,0,314.0
10109154FERRETIA_2025-03-13_G09,10109154FERRETIA,2025-03-13,109640,1,1,0,117.0
10109154FERRETIA_2025-03-13_G10,10109154FERRETIA,2025-03-13,111172,1,2,0,455.0
10109154FERRETIA_2025-03-13_G11,10109154FERRETIA,2025-03-13,110895,1,1,0,84.0
10109154FERRETIA_2025-03-13_G12,10109154FERRETIA,2025-03-13,111466,1,5,0,174.0
10109154FERRETIA_2025-03-13_G13,10109154FERRETIA,2025-03-13,111172,1,4,0,159.0
10109154FERRETIA_2025-03-13_G14,10109154FERRETIA,2025-03-13,110325,1,2,0,124.0
10109154FERRETIA_2025-03-13_G15,10109154FERRETIA,2025-03-13,117832,1,1,0,110.0
10109154FERRETIA_2025-03-13_G16,10109154FERRETIA,2025-03-13,110373,1,6,0,75.0
10109154FERRETIA_2025-03-13_G17,10109154FERRETIA,2025-03-13,110373,1,6,0,41.0
10109154FERRETIA_2025-03-13_G18,10109154FERRETIA,2025-03-13,117820,1,1,0,127.0
10109154FERRETIA_2025-03-13_G19,10109154FERRETIA,2025-03-13,111463,1,8,0,2353.0
10109154FERRETIA_2025-03-13_G20,10109154FERRETIA,2025-03-13,111463,2,56,17,98.0
10109154FERRETIA_2025-03-13_G21,10109154FERRETIA,2025-03-13,111466,1,12,0,219.0
10109154FERRETIA_2025-03-13_G22,10109154FERRETIA,2025-03-13,118004,1,6,0,99.0
10109154FERRETIA_2025-03-13_G23,10109154FERRETIA,2025-03-13,140922,1,3,0,79.0
10109154FERRETIA_2025-03-13_G24,10109154FERRETIA,2025-03-13,140922,1,7,0,85.0
10109154FERRETIA_2025-03-13_G25,10109154FERRETIA,2025-03-13,111468,1,4,0,53.0
10109154FERRETIA_2025-03-13_G26,10109154FERRETIA,2025-03-13,111172,1,6,0,80.0
10109154FERRETIA_2025-03-13_G27,10109154FERRETIA,2025-03-13,118317,1,7,0,384.0
10109154FERRETIA_2025-03-13_G28,10109154FERRETIA,2025-03-13,111462,1,4,0,252.0
10109154FERRETIA_2025-03-13_G29,10109154FERRETIA,2025-03-13,110740,1,4,0,88.0
10109154FERRETIA_2025-03-13_G30,10109154FERRETIA,2025-03-13,105705,1,2,0,105.0
10109154FERRETIA_2025-03-13_G31,10109154FERRETIA,2025-03-13,117821,1,7,0,109.0
10109154FERRETIA_2025-03-13_G32,10109154FERRETIA,2025-03-13,160054,1,2,0,132.0
10109154FERRETIA_2025-03-13_G33,10109154FERRETIA,2025-03-13,110372,1,100,0,792.0
10109154FERRETIA_2025-03-13_G34,10109154FERRETIA,2025-03-13,110374,1,6,0,195.0
10109154FERRETIA_2025-03-13_G35,10109154FERRETIA,2025-03-13,117820,6,27,40,64.0
10109154FERRETIA_2025-03-13_G36,10109154FERRETIA,2025-03-13,117808,1,39,0,350.0
10109154FERRETIA_2025-03-13_G37,10109154FERRETIA,2025-03-13,118299,1,27,0,122.0
10109154FERRETIA_2025-03-13_G38,10109154FERRETIA,2025-03-13,117809,1,1,0,50.0
10109154FERRETIA_2025-03-13_G39,10109154FERRETIA,2025-03-13,110373,1,20,0,565.0
10109154FERRETIA_2025-03-13_G40,10109154FERRETIA,2025-03-13,160051,1,8,0,88.0
10109154FERRETIA_2025-03-13_G41,10109154FERRETIA,2025-03-13,110375,1,7,0,63.0
10109154FERRETIA_2025-03-13_G42,10109154FERRETIA,2025-03-13,118403,1,4,0,551.0
10109154FERRETIA_2025-03-13_G43,10109154FERRETIA,2025-03-13,117786,1,4,0,82.0
10109154FERRETIA_2025-03-13_G44,10109154FERRETIA,2025-03-13,108772,1,19,0,145.0
10109154FERRETIA_2025-03-13_G45,10109154FERRETIA,2025-03-13,110711,1,10,0,97.0
10109154FERRETIA_2025-03-13_G46,10109154FERRETIA,2025-03-13,108711,1,10,0,141.0
10109154FERRETIA_2025-03-13_G47,10109154FERRETIA,2025-03-13,160055,1,4,0,143.0
10109154FERRETIA_2025-03-13_G48,10109154FERRETIA,2025-03-13,111465,1,10,0,100.0
10109154FERRETIA_2025-03-13_G49,10109154FERRETIA,2025-03-13,160054,1,4,0,107.0
10109154FERRETIA_2025-03-13_G50,10109154FERRETIA,2025-03-13,160051,1,30,0,1767.0
10109154FERRETIA_2025-03-13_G51,10109154FERRETIA,2025-03-13,122984,1,20,0,2197.0
10109154FERRETIA_2025-03-13_G53,10109154FERRETIA,2025-03-13,122982,1,50,0,903.0
10109154FERRETIA_2025-03-13_G55,10109154FERRETIA,2025-03-13,124486,1,26,0,654.0
10109154FERRETIA_2025-03-13_G56,10109154FERRETIA,2025-03-13,124248,1,10,0,133.0
10109154FERRETIA_2025-03-13_G57,10109154FERRETIA,2025-03-13,124247,1,30,0,726.0
10109154FERRETIA_2025-03-13_G58,10109154FERRETIA,2025-03-13,122986,1,4,0,97.0
10109154FERRETIA_2025-03-13_G59,10109154FERRETIA,2025-03-13,122981,2,8,9,161.0
10109154FERRETIA_2025-03-13_G60,10109154FERRETIA,2025-03-13,124486,1,2,0,119.0
10109154FERRETIA_2025-03-13_G61,10109154FERRETIA,2025-03-13,122983,1,12,0,320.0
10109154FERRETIA_2025-03-13_G62,10109154FERRETIA,2025-03-13,122982,1,4,0,211.0
10109154FERRETIA_2025-03-13_G63,10109154FERRETIA,2025-03-13,123909,1,4,0,111.0
10109154FERRETIA_2025-03-13_G64,10109154FERRETIA,2025-03-13,122988,1,2,0,149.0
10109154FERRETIA_2025-03-13_G65,10109154FERRETIA,2025-03-13,124264,1,39,0,878.0
10109154FERRETIA_2025-03-13_G66,10109154FERRETIA,2025-03-13,124264,1,1,0,34.0
10109154FERRETIA_2025-03-13_G67,10109154FERRETIA,2025-03-13,122986,1,9,0,163.0
10109154FERRETIA_2025-03-14_G02,10109154FERRETIA,2025-03-14,117841,1,11,0,129.0
10109154FERRETIA_2025-03-14_G03,10109154FERRETIA,2025-03-14,118299,1,200,0,801.0
10109154FERRETIA_2025-03-14_G04,10109154FERRETIA,2025-03-14,110373,1,200,0,437.0
10109154FERRETIA_2025-03-14_G05,10109154FERRETIA,2025-03-14,117820,1,100,0,209.0
10109154FERRETIA_2025-03-14_G06,10109154FERRETIA,2025-03-14,117822,1,12,0,366.0
10109154FERRETIA_2025-03-14_G07,10109154FERRETIA,2025-03-14,117809,1,16,0,479.0
10109154FERRETIA_2025-03-14_G08,10109154FERRETIA,2025-03-14,109747,1,6,0,210.0
10109154FERRETIA_2025-03-14_G09,10109154FERRETIA,2025-03-14,110375,1,4,0,56.0
10109154FERRETIA_2025-03-14_G10,10109154FERRETIA,2025-03-14,140911,1,2,0,2611.0
10109154FERRETIA_2025-03-14_G11,10109154FERRETIA,2025-03-14,111851,1,2,0,89.0
10109154FERRETIA_2025-03-14_G12,10109154FERRETIA,2025-03-14,108770,1,8,0,111.0
10109154FERRETIA_2025-03-14_G13,10109154FERRETIA,2025-03-14,111356,1,2,0,58.0
10109154FERRETIA_2025-03-14_G14,10109154FERRETIA,2025-03-14,110742,1,2,0,48.0
10109154FERRETIA_2025-03-14_G15,10109154FERRETIA,2025-03-14,110582,1,5,0,548.0
10109154FERRETIA_2025-03-14_G16,10109154FERRETIA,2025-03-14,117834,1,8,0,128.0
10109154FERRETIA_2025-03-14_G17,10109154FERRETIA,2025-03-14,111850,1,1,0,54.0
10109154FERRETIA_2025-03-14_G19,10109154FERRETIA,2025-03-14,"123345, 122962",2,28,12,311.0
10109154FERRETIA_2025-03-14_G20,10109154FERRETIA,2025-03-14,123822,1,26,0,417.0
10109154FERRETIA_2025-03-14_G21,10109154FERRETIA,2025-03-14,123822,1,44,0,557.0
10109154FERRETIA_2025-03-15_G02,10109154FERRETIA,2025-03-15,124486,1,13,0,682.0
10109154FERRETIA_2025-03-15_G03,10109154FERRETIA,2025-03-15,124370,1,8,0,98.0
10109154FERRETIA_2025-03-15_G04,10109154FERRETIA,2025-03-15,123344,1,20,0,168.0
10109154FERRETIA_2025-03-15_G05,10109154FERRETIA,2025-03-15,124476,1,16,0,268.0
10109154FERRETIA_2025-03-15_G06,10109154FERRETIA,2025-03-15,124370,1,100,0,1035.0
10109154FERRETIA_2025-03-15_G07,10109154FERRETIA,2025-03-15,123345,1,20,0,274.0
10109154FERRETIA_2025-03-15_G08,10109154FERRETIA,2025-03-15,123343,1,40,0,393.0
10109154FERRETIA_2025-03-15_G09,10109154FERRETIA,2025-03-15,123343,1,10,0,378.0
10109154FERRETIA_2025-03-15_G10,10109154FERRETIA,2025-03-15,122962,1,8,0,1128.0
10109154FERRETIA_2025-03-15_G11,10109154FERRETIA,2025-03-15,122986,1,2,0,32.0
10109154FERRETIA_2025-03-15_G12,10109154FERRETIA,2025-03-15,124371,1,4,0,590.0
10109154FERRETIA_2025-03-15_G13,10109154FERRETIA,2025-03-15,121651,1,24,0,622.0
10109154FERRETIA_2025-03-15_G14,10109154FERRETIA,2025-03-15,120028,1,1,0,65.0
10109154FERRETIA_2025-03-15_G15,10109154FERRETIA,2025-03-15,123344,1,4,0,140.0
10109154FERRETIA_2025-03-15_G16,10109154FERRETIA,2025-03-15,122962,1,32,0,627.0
10109154FERRETIA_2025-03-15_G17,10109154FERRETIA,2025-03-15,122962,1,50,0,616.0
10109154FERRETIA_2025-03-15_G18,10109154FERRETIA,2025-03-15,122647,1,50,0,1037.0
10109154FERRETIA_2025-03-15_G19,10109154FERRETIA,2025-03-15,122962,1,40,0,588.0
10109154FERRETIA_2025-03-15_G20,10109154FERRETIA,2025-03-15,122647,1,70,0,2096.0
10109154FERRETIA_2025-03-15_G21,10109154FERRETIA,2025-03-15,122985,1,10,0,654.0
10109154FERRETIA_2025-03-15_G22,10109154FERRETIA,2025-03-15,121760,1,14,0,261.0
10109154FERRETIA_2025-03-15_G23,10109154FERRETIA,2025-03-15,122986,1,2,0,299.0
10109154FERRETIA_2025-03-15_G24,10109154FERRETIA,2025-03-15,124371,1,12,0,359.0
10109154FERRETIA_2025-03-15_G25,10109154FERRETIA,2025-03-15,121651,1,22,0,606.0
10109154FERRETIA_2025-03-15_G26,10109154FERRETIA,2025-03-15,123561,1,4,0,292.0
10109154FERRETIA_2025-03-15_G27,10109154FERRETIA,2025-03-15,122983,1,2,0,124.0
10109154FERRETIA_2025-03-15_G28,10109154FERRETIA,2025-03-15,122982,1,36,0,827.0
10109154FERRETIA_2025-03-15_G29,10109154FERRETIA,2025-03-15,123153,2,28,18,331.0
10109154FERRETIA_2025-03-15_G30,10109154FERRETIA,2025-03-15,122982,1,20,0,601.0
10109154FERRETIA_2025-03-15_G31,10109154FERRETIA,2025-03-15,123344,1,8,0,248.0
10109154FERRETIA_2025-03-15_G32,10109154FERRETIA,2025-03-15,123345,1,6,0,238.0
10109154FERRETIA_2025-03-17_G02,10109154FERRETIA,2025-03-17,110747,1,12,0,227.0
10109154FERRETIA_2025-03-17_G03,10109154FERRETIA,2025-03-17,118222,1,3,0,91.0
10109154FERRETIA_2025-03-17_G04,10109154FERRETIA,2025-03-17,100334,1,8,0,301.0
10109154FERRETIA_2025-03-17_G05,10109154FERRETIA,2025-03-17,118094,1,7,0,111.0
10109154FERRETIA_2025-03-17_G06,10109154FERRETIA,2025-03-17,110313,1,4,0,110.0
10109154FERRETIA_2025-03-17_G07,10109154FERRETIA,2025-03-17,117935,1,6,0,84.0
10109154FERRETIA_2025-03-17_G08,10109154FERRETIA,2025-03-17,110733,1,6,0,192.0
10109154FERRETIA_2025-03-17_G09,10109154FERRETIA,2025-03-17,117786,1,20,0,747.0
10109154FERRETIA_2025-03-17_G10,10109154FERRETIA,2025-03-17,111876,1,4,0,171.0
10109154FERRETIA_2025-03-17_G11,10109154FERRETIA,2025-03-17,141047,1,8,0,146.0
10109154FERRETIA_2025-03-17_G12,10109154FERRETIA,2025-03-17,110515,1,1,0,84.0
10109154FERRETIA_2025-03-17_G13,10109154FERRETIA,2025-03-17,110711,1,6,0,131.0
10109154FERRETIA_2025-03-17_G14,10109154FERRETIA,2025-03-17,109640,2,14,8,168.0
10109154FERRETIA_2025-03-17_G15,10109154FERRETIA,2025-03-17,111431,1,2,0,2434.0
10109154FERRETIA_2025-03-17_G16,10109154FERRETIA,2025-03-17,111463,1,8,0,211.0
10109154FERRETIA_2025-03-17_G17,10109154FERRETIA,2025-03-17,111466,1,4,0,95.0
10109154FERRETIA_2025-03-17_G18,10109154FERRETIA,2025-03-17,111435,1,6,0,122.0
10109154FERRETIA_2025-03-17_G19,10109154FERRETIA,2025-03-17,111532,1,25,0,41.0
10109154FERRETIA_2025-03-17_G20,10109154FERRETIA,2025-03-17,140922,1,4,0,242.0
10109154FERRETIA_2025-03-17_G21,10109154FERRETIA,2025-03-17,109641,1,1,0,50.0
10109154FERRETIA_2025-03-17_G22,10109154FERRETIA,2025-03-17,111172,1,4,0,59.0
10109154FERRETIA_2025-03-17_G23,10109154FERRETIA,2025-03-17,117785,1,5,0,63.0
10109154FERRETIA_2025-03-17_G24,10109154FERRETIA,2025-03-17,108711,1,8,0,120.0
10109154FERRETIA_2025-03-17_G25,10109154FERRETIA,2025-03-17,118317,1,9,0,86.0
10109154FERRETIA_2025-03-17_G26,10109154FERRETIA,2025-03-17,117821,1,7,0,118.0
10109154FERRETIA_2025-03-17_G27,10109154FERRETIA,2025-03-17,111465,1,2,0,457.0
10109154FERRETIA_2025-03-17_G28,10109154FERRETIA,2025-03-17,110325,1,12,0,163.0
10109154FERRETIA_2025-03-17_G29,10109154FERRETIA,2025-03-17,117808,1,400,0,766.0
10109154FERRETIA_2025-03-17_G30,10109154FERRETIA,2025-03-17,111469,1,85,0,790.0
10109154FERRETIA_2025-03-17_G31,10109154FERRETIA,2025-03-17,118140,1,48,0,550.0
10109154FERRETIA_2025-03-17_G32,10109154FERRETIA,2025-03-17,111462,1,23,0,279.0
10109154FERRETIA_2025-03-17_G33,10109154FERRETIA,2025-03-17,110787,1,33,0,528.0
10109154FERRETIA_2025-03-17_G34,10109154FERRETIA,2025-03-17,117830,1,10,0,469.0
10109154FERRETIA_2025-03-17_G35,10109154FERRETIA,2025-03-17,110371,1,140,0,976.0
10109154FERRETIA_2025-03-17_G36,10109154FERRETIA,2025-03-17,109643,1,22,0,203.0
10109154FERRETIA_2025-03-17_G37,10109154FERRETIA,2025-03-17,118299,1,95,0,728.0
10109154FERRETIA_2025-03-17_G38,10109154FERRETIA,2025-03-17,110372,1,85,0,153.0
10109154FERRETIA_2025-03-17_G39,10109154FERRETIA,2025-03-17,110373,1,150,0,238.0
10109154FERRETIA_2025-03-17_G40,10109154FERRETIA,2025-03-17,110747,1,16,0,771.0
10109154FERRETIA_2025-03-17_G41,10109154FERRETIA,2025-03-17,111850,1,4,0,118.0
10109154FERRETIA_2025-03-17_G42,10109154FERRETIA,2025-03-17,100334,1,2,0,118.0
10109154FERRETIA_2025-03-17_G43,10109154FERRETIA,2025-03-17,115234,1,2,0,87.0
10109154FERRETIA_2025-03-17_G44,10109154FERRETIA,2025-03-17,118094,1,8,0,143.0
10109154FERRETIA_2025-03-17_G45,10109154FERRETIA,2025-03-17,110373,1,100,0,1667.0
10109154FERRETIA_2025-03-17_G46,10109154FERRETIA,2025-03-17,117820,1,120,0,158.0
10109154FERRETIA_2025-03-17_G47,10109154FERRETIA,2025-03-17,110371,1,76,0,377.0
10109154FERRETIA_2025-03-17_G48,10109154FERRETIA,2025-03-17,109643,1,13,0,220.0
10109154FERRETIA_2025-03-17_G49,10109154FERRETIA,2025-03-17,117840,1,12,0,101.0
10109154FERRETIA_2025-03-17_G50,10109154FERRETIA,2025-03-17,117808,1,600,0,487.0
10109154FERRETIA_2025-03-17_G51,10109154FERRETIA,2025-03-17,117809,1,4,0,66.0
10109154FERRETIA_2025-03-17_G52,10109154FERRETIA,2025-03-17,117830,1,55,0,591.0
10109154FERRETIA_2025-03-17_G53,10109154FERRETIA,2025-03-17,118299,1,47,0,207.0
10109154FERRETIA_2025-03-17_G54,10109154FERRETIA,2025-03-17,111172,1,8,0,136.0
10109154FERRETIA_2025-03-17_G55,10109154FERRETIA,2025-03-17,109645,1,1,0,375.0
10109154FERRETIA_2025-03-17_G56,10109154FERRETIA,2025-03-17,105705,1,3,0,86.0
10109154FERRETIA_2025-03-17_G57,10109154FERRETIA,2025-03-17,111433,1,2,0,63.0
10109154FERRETIA_2025-03-17_G58,10109154FERRETIA,2025-03-17,118140,1,57,0,457.0
10109154FERRETIA_2025-03-17_G60,10109154FERRETIA,2025-03-17,117833,1,1,0,38.0
10109154FERRETIA_2025-03-17_G61,10109154FERRETIA,2025-03-17,109641,1,4,0,104.0
10109154FERRETIA_2025-03-17_G62,10109154FERRETIA,2025-03-17,111172,1,4,0,62.0
10109154FERRETIA_2025-03-17_G63,10109154FERRETIA,2025-03-17,110743,1,2,0,79.0
10109154FERRETIA_2025-03-17_G64,10109154FERRETIA,2025-03-17,108711,1,3,0,287.0
10109154FERRETIA_2025-03-17_G65,10109154FERRETIA,2025-03-17,118317,1,4,0,81.0
10109154FERRETIA_2025-03-17_G66,10109154FERRETIA,2025-03-17,111462,1,2,0,43.0
10109154FERRETIA_2025-03-17_G67,10109154FERRETIA,2025-03-17,110745,1,2,0,43.0
10109154FERRETIA_2025-03-17_G68,10109154FERRETIA,2025-03-17,117821,1,6,0,81.0
10109154FERRETIA_2025-03-17_G69,10109154FERRETIA,2025-03-17,109645,1,8,0,177.0
10109154FERRETIA_2025-03-17_G70,10109154FERRETIA,2025-03-17,117809,1,12,0,228.0
10109154FERRETIA_2025-03-17_G71,10109154FERRETIA,2025-03-17,110373,1,2,0,77.0
10109154FERRETIA_2025-03-17_G72,10109154FERRETIA,2025-03-17,117832,1,1,0,119.0
10109154FERRETIA_2025-03-17_G73,10109154FERRETIA,2025-03-17,110375,1,3,0,84.0
10109154FERRETIA_2025-03-17_G74,10109154FERRETIA,2025-03-17,109747,1,2,0,84.0
10109154FERRETIA_2025-03-17_G75,10109154FERRETIA,2025-03-17,110374,1,2,0,232.0
10109154FERRETIA_2025-03-17_G76,10109154FERRETIA,2025-03-17,117808,1,27,0,234.0
10109154FERRETIA_2025-03-18_G02,10109154FERRETIA,2025-03-18,122962,1,22,0,624.0
10109154FERRETIA_2025-03-18_G03,10109154FERRETIA,2025-03-18,122983,1,26,0,566.0
10109154FERRETIA_2025-03-18_G04,10109154FERRETIA,2025-03-18,120028,1,27,0,721.0
10109154FERRETIA_2025-03-18_G05,10109154FERRETIA,2025-03-18,122984,1,20,0,510.0
10109154FERRETIA_2025-03-18_G06,10109154FERRETIA,2025-03-18,122647,1,20,0,344.0
10109154FERRETIA_2025-03-18_G07,10109154FERRETIA,2025-03-18,122185,1,20,0,585.0
10109154FERRETIA_2025-03-18_G08,10109154FERRETIA,2025-03-18,122983,1,4,0,2592.0
10109154FERRETIA_2025-03-18_G09,10109154FERRETIA,2025-03-18,123909,1,5,0,231.0
10109154FERRETIA_2025-03-18_G10,10109154FERRETIA,2025-03-18,122986,1,2,0,260.0
10109154FERRETIA_2025-03-18_G11,10109154FERRETIA,2025-03-18,123345,1,4,0,514.0
10109154FERRETIA_2025-03-18_G12,10109154FERRETIA,2025-03-18,123343,1,5,0,329.0
10109154FERRETIA_2025-03-18_G13,10109154FERRETIA,2025-03-18,122986,1,3,0,308.0
10109154FERRETIA_2025-03-18_G14,10109154FERRETIA,2025-03-18,123153,1,6,0,305.0
10109154FERRETIA_2025-03-18_G15,10109154FERRETIA,2025-03-18,122986,1,4,0,232.0
10109154FERRETIA_2025-03-18_G16,10109154FERRETIA,2025-03-18,120339,1,3,0,124.0
10109154FERRETIA_2025-03-18_G17,10109154FERRETIA,2025-03-18,123561,1,12,0,306.0
10109154FERRETIA_2025-03-18_G18,10109154FERRETIA,2025-03-18,120028,1,60,0,1124.0
10109154FERRETIA_2025-03-18_G19,10109154FERRETIA,2025-03-18,121651,1,10,0,1332.0
10109154FERRETIA_2025-03-18_G20,10109154FERRETIA,2025-03-18,122962,1,24,0,392.0
10109154FERRETIA_2025-03-18_G21,10109154FERRETIA,2025-03-18,122962,1,30,0,831.0
10109154FERRETIA_2025-03-18_G22,10109154FERRETIA,2025-03-18,121760,1,10,0,668.0
10109154FERRETIA_2025-03-18_G23,10109154FERRETIA,2025-03-18,123521,1,1,0,82.0
10109154FERRETIA_2025-03-18_G24,10109154FERRETIA,2025-03-18,124247,1,4,0,233.0
10109154FERRETIA_2025-03-18_G25,10109154FERRETIA,2025-03-18,123344,1,20,0,753.0
10109154FERRETIA_2025-03-18_G26,10109154FERRETIA,2025-03-18,123345,1,30,0,1218.0
10109154FERRETIA_2025-03-19_G02,10109154FERRETIA,2025-03-19,124486,1,64,0,1370.0
10109154FERRETIA_2025-03-19_G03,10109154FERRETIA,2025-03-19,124486,1,46,0,959.0
10109154FERRETIA_2025-03-19_G04,10109154FERRETIA,2025-03-19,122981,1,16,0,2366.0
10109154FERRETIA_2025-03-19_G05,10109154FERRETIA,2025-03-19,181590,1,4,0,660.0
10109154FERRETIA_2025-03-19_G06,10109154FERRETIA,2025-03-19,124486,1,2,0,523.0
10109154FERRETIA_2025-03-19_G07,10109154FERRETIA,2025-03-19,122673,1,4,0,126.0
10109154FERRETIA_2025-03-19_G08,10109154FERRETIA,2025-03-19,124486,1,6,0,251.0
10109154FERRETIA_2025-03-19_G09,10109154FERRETIA,2025-03-19,122984,1,8,0,240.0
10109154FERRETIA_2025-03-19_G10,10109154FERRETIA,2025-03-19,123153,1,30,0,823.0
10109154FERRETIA_2025-03-19_G11,10109154FERRETIA,2025-03-19,123153,1,60,0,1041.0
10109154FERRETIA_2025-03-19_G12,10109154FERRETIA,2025-03-19,124486,1,10,0,194.0
10109154FERRETIA_2025-03-19_G13,10109154FERRETIA,2025-03-19,123345,1,6,0,224.0
10109154FERRETIA_2025-03-19_G14,10109154FERRETIA,2025-03-19,120339,1,6,0,2036.0
10109154FERRETIA_2025-03-19_G15,10109154FERRETIA,2025-03-19,122962,1,80,0,1149.0
10109154FERRETIA_2025-03-19_G16,10109154FERRETIA,2025-03-19,122647,1,40,0,1940.0
10109154FERRETIA_2025-03-19_G17,10109154FERRETIA,2025-03-19,122962,1,8,0,351.0
10109154FERRETIA_2025-03-19_G18,10109154FERRETIA,2025-03-19,122671,1,16,0,418.0
10109154FERRETIA_2025-03-19_G19,10109154FERRETIA,2025-03-19,122647,1,6,0,170.0
10109154FERRETIA_2025-03-19_G20,10109154FERRETIA,2025-03-19,122985,1,16,0,652.0
10109154FERRETIA_2025-03-19_G21,10109154FERRETIA,2025-03-19,123345,1,10,0,106.0
10109154FERRETIA_2025-03-19_G22,10109154FERRETIA,2025-03-19,122962,1,48,0,748.0
10109154FERRETIA_2025-03-19_G23,10109154FERRETIA,2025-03-19,122647,1,8,0,171.0
10109154FERRETIA_2025-03-19_G24,10109154FERRETIA,2025-03-19,122647,1,8,0,206.0
10109154FERRETIA_2025-03-20_G02,10109154FERRETIA,2025-03-20,124486,1,21,0,376.0
10109154FERRETIA_2025-03-20_G03,10109154FERRETIA,2025-03-20,124247,1,12,0,306.0
10109154FERRETIA_2025-03-20_G04,10109154FERRETIA,2025-03-20,121760,1,4,0,190.0
10109154FERRETIA_2025-03-20_G05,10109154FERRETIA,2025-03-20,121760,1,53,0,1116.0
10109154FERRETIA_2025-03-20_G06,10109154FERRETIA,2025-03-20,121760,1,15,0,238.0
10109154FERRETIA_2025-03-20_G07,10109154FERRETIA,2025-03-20,123345,1,50,0,1677.0
10109154FERRETIA_2025-03-20_G08,10109154FERRETIA,2025-03-20,"123344, 120028",3,12,20,750.0
10109154FERRETIA_2025-03-20_G09,10109154FERRETIA,2025-03-20,123344,1,42,0,848.0
10109154FERRETIA_2025-03-20_G10,10109154FERRETIA,2025-03-20,121760,1,9,0,860.0
10109154FERRETIA_2025-03-20_G11,10109154FERRETIA,2025-03-20,121760,1,3,0,400.0
10109154FERRETIA_2025-03-20_G12,10109154FERRETIA,2025-03-20,122671,1,8,0,341.0
10109154FERRETIA_2025-03-20_G13,10109154FERRETIA,2025-03-20,123345,1,4,0,206.0
10109154FERRETIA_2025-03-20_G14,10109154FERRETIA,2025-03-20,121760,1,4,0,331.0
10109154FERRETIA_2025-03-20_G15,10109154FERRETIA,2025-03-20,122985,1,58,0,759.0
10109154FERRETIA_2025-03-20_G16,10109154FERRETIA,2025-03-20,124247,1,60,0,832.0
10109154FERRETIA_2025-03-20_G17,10109154FERRETIA,2025-03-20,121760,1,43,0,1137.0
10109154FERRETIA_2025-03-20_G18,10109154FERRETIA,2025-03-20,121760,1,27,0,1300.0
10109154FERRETIA_2025-03-20_G19,10109154FERRETIA,2025-03-20,124248,1,30,0,530.0
10109154FERRETIA_2025-03-20_G20,10109154FERRETIA,2025-03-20,122984,1,30,0,568.0
10109154FERRETIA_2025-03-20_G21,10109154FERRETIA,2025-03-20,121651,1,12,0,397.0
10109154FERRETIA_2025-03-20_G22,10109154FERRETIA,2025-03-20,122673,1,4,0,136.0
10109154FERRETIA_2025-03-20_G23,10109154FERRETIA,2025-03-20,124486,1,2,0,74.0
10109154FERRETIA_2025-03-20_G25,10109154FERRETIA,2025-03-20,124248,1,20,0,436.0
10109154FERRETIA_2025-03-29_G02,10109154FERRETIA,2025-03-29,141047,1,3,0,147.0
10109154FERRETIA_2025-03-29_G03,10109154FERRETIA,2025-03-29,111602,1,3,0,318.0
10109154FERRETIA_2025-03-29_G04,10109154FERRETIA,2025-03-29,110515,1,3,0,326.0
10109154FERRETIA_2025-03-29_G05,10109154FERRETIA,2025-03-29,110733,1,2,0,136.0
10109154FERRETIA_2025-03-29_G06,10109154FERRETIA,2025-03-29,117787,1,4,0,119.0
10109154FERRETIA_2025-03-29_G07,10109154FERRETIA,2025-03-29,141047,1,4,0,1950.0
10109154FERRETIA_2025-03-29_G08,10109154FERRETIA,2025-03-29,110372,1,24,0,527.0
10109154FERRETIA_2025-03-29_G09,10109154FERRETIA,2025-03-29,110372,1,60,0,925.0
10109154FERRETIA_2025-04-05_G02,10109154FERRETIA,2025-04-05,110373,1,10,0,90.0
10109154FERRETIA_2025-04-05_G03,10109154FERRETIA,2025-04-05,111433,1,16,0,316.0
10109154FERRETIA_2025-04-05_G05,10109154FERRETIA,2025-04-05,117785,1,250,0,306.0
10109154FERRETIA_2025-04-05_G06,10109154FERRETIA,2025-04-05,117787,1,30,0,280.0
10109154FERRETIA_2025-04-05_G07,10109154FERRETIA,2025-04-05,111441,1,4,0,1515.0
10109154FERRETIA_2025-04-05_G08,10109154FERRETIA,2025-04-05,111438,1,21,0,445.0
10109154FERRETIA_2025-04-05_G09,10109154FERRETIA,2025-04-05,111569,1,1,0,158.0
10109154FERRETIA_2025-04-05_G10,10109154FERRETIA,2025-04-05,111441,1,13,0,1558.0
10109154FERRETIA_2025-04-05_G11,10109154FERRETIA,2025-04-05,110747,1,3,0,137.0
10109154FERRETIA_2025-04-05_G12,10109154FERRETIA,2025-04-05,111438,1,16,0,299.0
10109154FERRETIA_2025-04-05_G13,10109154FERRETIA,2025-04-05,111569,1,16,0,479.0
10109154FERRETIA_2025-04-05_G14,10109154FERRETIA,2025-04-05,118094,1,4,0,1163.0
10109154FERRETIA_2025-04-05_G15,10109154FERRETIA,2025-04-05,111530,3,17,33,1673.0
10109154FERRETIA_2025-04-05_G16,10109154FERRETIA,2025-04-05,110743,1,4,0,3254.0
10109154FERRETIA_2025-04-05_G17,10109154FERRETIA,2025-04-05,118299,1,150,0,471.0
10109154FERRETIA_2025-04-05_G18,10109154FERRETIA,2025-04-05,117809,1,50,0,703.0
10109154FERRETIA_2025-04-05_G19,10109154FERRETIA,2025-04-05,"110371, 117808",2,570,7,644.0
10109154FERRETIA_2025-04-07_G02,10109154FERRETIA,2025-04-07,117935,1,2,0,210.0
10109154FERRETIA_2025-04-07_G03,10109154FERRETIA,2025-04-07,111467,1,2,0,138.0
10109154FERRETIA_2025-04-07_G04,10109154FERRETIA,2025-04-07,117856,1,3,0,142.0
10109154FERRETIA_2025-04-07_G05,10109154FERRETIA,2025-04-07,110711,1,1,0,125.0
10109154FERRETIA_2025-04-07_G06,10109154FERRETIA,2025-04-07,108711,1,1,0,201.0
10109154FERRETIA_2025-04-07_G07,10109154FERRETIA,2025-04-07,117785,1,5,0,131.0
10109154FERRETIA_2025-04-07_G08,10109154FERRETIA,2025-04-07,110376,1,2,0,287.0
10109154FERRETIA_2025-04-07_G09,10109154FERRETIA,2025-04-07,109643,1,1,0,142.0
10109154FERRETIA_2025-04-07_G10,10109154FERRETIA,2025-04-07,117830,1,4,0,116.0
10109154FERRETIA_2025-04-07_G11,10109154FERRETIA,2025-04-07,117820,1,3,0,56.0
10109154FERRETIA_2025-04-07_G12,10109154FERRETIA,2025-04-07,117808,1,4,0,100.0
10109154FERRETIA_2025-04-07_G13,10109154FERRETIA,2025-04-07,109747,1,1,0,88.0
10109154FERRETIA_2025-04-07_G14,10109154FERRETIA,2025-04-07,110371,1,2,0,213.0
10109154FERRETIA_2025-04-07_G15,10109154FERRETIA,2025-04-07,117820,1,6,0,153.0
10109154FERRETIA_2025-04-07_G16,10109154FERRETIA,2025-04-07,117808,1,4,0,114.0
10109154FERRETIA_2025-04-07_G17,10109154FERRETIA,2025-04-07,117832,1,2,0,121.0
10109154FERRETIA_2025-04-07_G18,10109154FERRETIA,2025-04-07,117837,1,4,0,489.0
10109154FERRETIA_2025-04-07_G20,10109154FERRETIA,2025-04-07,111602,1,4,0,440.0
10109154FERRETIA_2025-04-07_G21,10109154FERRETIA,2025-04-07,110515,1,3,0,123.0
10109154FERRETIA_2025-04-07_G22,10109154FERRETIA,2025-04-07,110711,1,1,0,134.0
10109154FERRETIA_2025-04-07_G23,10109154FERRETIA,2025-04-07,117834,1,4,0,483.0
10109154FERRETIA_2025-04-07_G24,10109154FERRETIA,2025-04-07,117862,1,4,0,169.0
10109154FERRETIA_2025-04-07_G25,10109154FERRETIA,2025-04-07,111598,1,6,0,151.0
10109154FERRETIA_2025-04-07_G26,10109154FERRETIA,2025-04-07,141047,1,2,0,95.0
10109154FERRETIA_2025-04-07_G27,10109154FERRETIA,2025-04-07,110339,1,4,0,67.0
10109154FERRETIA_2025-04-07_G28,10109154FERRETIA,2025-04-07,110733,1,4,0,70.0
10109154FERRETIA_2025-04-07_G29,10109154FERRETIA,2025-04-07,117855,1,12,0,337.0
10109154FERRETIA_2025-04-07_G30,10109154FERRETIA,2025-04-07,111467,1,6,0,91.0
10109154FERRETIA_2025-04-07_G31,10109154FERRETIA,2025-04-07,117861,1,2,0,58.0
10109154FERRETIA_2025-04-07_G32,10109154FERRETIA,2025-04-07,117856,1,8,0,113.0
10109154FERRETIA_2025-04-07_G33,10109154FERRETIA,2025-04-07,111602,1,7,0,95.0
10109154FERRETIA_2025-04-07_G34,10109154FERRETIA,2025-04-07,110711,1,14,0,170.0
10109154FERRETIA_2025-04-07_G35,10109154FERRETIA,2025-04-07,117831,1,7,0,319.0
10109154FERRETIA_2025-04-07_G36,10109154FERRETIA,2025-04-07,111469,1,8,0,773.0
10109154FERRETIA_2025-04-07_G38,10109154FERRETIA,2025-04-07,111463,1,13,0,117.0
10109154FERRETIA_2025-04-07_G39,10109154FERRETIA,2025-04-07,117833,1,7,0,98.0
10109154FERRETIA_2025-04-07_G40,10109154FERRETIA,2025-04-07,111468,1,10,0,359.0
10109154FERRETIA_2025-04-07_G41,10109154FERRETIA,2025-04-07,111172,1,3,0,70.0
10109154FERRETIA_2025-04-07_G42,10109154FERRETIA,2025-04-07,117821,1,6,0,291.0
10109154FERRETIA_2025-04-07_G43,10109154FERRETIA,2025-04-07,111465,1,4,0,79.0
10109154FERRETIA_2025-04-07_G44,10109154FERRETIA,2025-04-07,110376,1,4,0,239.0
10109154FERRETIA_2025-04-07_G45,10109154FERRETIA,2025-04-07,110371,1,2,0,112.0
10109154FERRETIA_2025-04-07_G46,10109154FERRETIA,2025-04-07,117830,1,6,0,112.0
10109154FERRETIA_2025-04-07_G47,10109154FERRETIA,2025-04-07,110373,1,12,0,202.0
10109154FERRETIA_2025-04-07_G48,10109154FERRETIA,2025-04-07,110375,1,4,0,170.0
10109154FERRETIA_2025-04-07_G49,10109154FERRETIA,2025-04-07,110374,1,2,0,124.0
10109154FERRETIA_2025-04-07_G50,10109154FERRETIA,2025-04-07,111418,1,15,0,776.0
10109154FERRETIA_2025-04-07_G51,10109154FERRETIA,2025-04-07,117935,1,5,0,2147.0
10109154FERRETIA_2025-04-07_G52,10109154FERRETIA,2025-04-07,110515,1,20,0,490.0
10109154FERRETIA_2025-04-07_G53,10109154FERRETIA,2025-04-07,111469,1,20,0,195.0
10109154FERRETIA_2025-04-08_G02,10109154FERRETIA,2025-04-08,110895,1,3,0,122.0
10109154FERRETIA_2025-04-08_G03,10109154FERRETIA,2025-04-08,118004,1,4,0,138.0
10109154FERRETIA_2025-04-08_G04,10109154FERRETIA,2025-04-08,118004,1,6,0,89.0
10109154FERRETIA_2025-04-08_G05,10109154FERRETIA,2025-04-08,118004,2,10,23,40.0
10109154FERRETIA_2025-04-08_G06,10109154FERRETIA,2025-04-08,111569,1,8,0,430.0
10109154FERRETIA_2025-04-08_G07,10109154FERRETIA,2025-04-08,111598,1,3,0,122.0
10109154FERRETIA_2025-04-08_G08,10109154FERRETIA,2025-04-08,117935,1,8,0,285.0
10109154FERRETIA_2025-04-08_G09,10109154FERRETIA,2025-04-08,117855,1,12,0,70.0
10109154FERRETIA_2025-04-08_G10,10109154FERRETIA,2025-04-08,111602,1,6,0,318.0
10109154FERRETIA_2025-04-08_G11,10109154FERRETIA,2025-04-08,110515,1,4,0,104.0
10109154FERRETIA_2025-04-08_G12,10109154FERRETIA,2025-04-08,110740,1,6,0,202.0
10109154FERRETIA_2025-04-08_G13,10109154FERRETIA,2025-04-08,118004,1,2,0,119.0
10109154FERRETIA_2025-04-08_G14,10109154FERRETIA,2025-04-08,140922,1,5,0,72.0
10109154FERRETIA_2025-04-08_G15,10109154FERRETIA,2025-04-08,111532,1,8,0,233.0
10109154FERRETIA_2025-04-08_G17,10109154FERRETIA,2025-04-08,118004,1,6,0,107.0
10109154FERRETIA_2025-04-08_G18,10109154FERRETIA,2025-04-08,110376,1,2,0,134.0
10109154FERRETIA_2025-04-08_G19,10109154FERRETIA,2025-04-08,108759,1,3,0,205.0
10109154FERRETIA_2025-04-08_G20,10109154FERRETIA,2025-04-08,110030,1,2,0,105.0
10109154FERRETIA_2025-04-08_G21,10109154FERRETIA,2025-04-08,110582,1,1,0,143.0
10109154FERRETIA_2025-04-08_G22,10109154FERRETIA,2025-04-08,110841,1,4,0,150.0
10109154FERRETIA_2025-04-08_G23,10109154FERRETIA,2025-04-08,103148,1,1,0,84.0
10109154FERRETIA_2025-04-08_G24,10109154FERRETIA,2025-04-08,110895,1,1,0,156.0
10109154FERRETIA_2025-04-08_G25,10109154FERRETIA,2025-04-08,111110,1,1,0,50.0
10109154FERRETIA_2025-04-08_G26,10109154FERRETIA,2025-04-08,110339,1,4,0,194.0
10109154FERRETIA_2025-04-08_G27,10109154FERRETIA,2025-04-08,110063,1,4,0,127.0
10109154FERRETIA_2025-04-08_G28,10109154FERRETIA,2025-04-08,111467,1,4,0,109.0
10109154FERRETIA_2025-04-08_G29,10109154FERRETIA,2025-04-08,117856,1,4,0,73.0
10109154FERRETIA_2025-04-08_G30,10109154FERRETIA,2025-04-08,111602,1,8,0,468.0
10109154FERRETIA_2025-04-08_G31,10109154FERRETIA,2025-04-08,110711,1,4,0,106.0
10109154FERRETIA_2025-04-08_G32,10109154FERRETIA,2025-04-08,101217,1,1,0,86.0
10109154FERRETIA_2025-04-08_G33,10109154FERRETIA,2025-04-08,117820,1,1,0,122.0
10109154FERRETIA_2025-04-08_G34,10109154FERRETIA,2025-04-08,110373,1,4,0,137.0
10109154FERRETIA_2025-04-08_G35,10109154FERRETIA,2025-04-08,108759,1,4,0,249.0
10109154FERRETIA_2025-04-08_G36,10109154FERRETIA,2025-04-08,110841,1,2,0,113.0
10109154FERRETIA_2025-04-08_G37,10109154FERRETIA,2025-04-08,110339,1,4,0,1814.0
10109154FERRETIA_2025-04-08_G38,10109154FERRETIA,2025-04-08,110313,1,5,0,74.0
10109154FERRETIA_2025-04-08_G39,10109154FERRETIA,2025-04-08,111467,1,2,0,136.0
10109154FERRETIA_2025-04-08_G40,10109154FERRETIA,2025-04-08,117856,1,2,0,65.0
10109154FERRETIA_2025-04-08_G41,10109154FERRETIA,2025-04-08,117838,1,4,0,250.0
10109154FERRETIA_2025-04-08_G42,10109154FERRETIA,2025-04-08,111465,1,7,0,116.0
10109154FERRETIA_2025-04-08_G43,10109154FERRETIA,2025-04-08,110733,1,1,0,399.0
10109154FERRETIA_2025-04-08_G44,10109154FERRETIA,2025-04-08,107629,1,2,0,75.0
10109154FERRETIA_2025-04-08_G45,10109154FERRETIA,2025-04-08,117856,1,2,0,107.0
10109154FERRETIA_2025-04-08_G46,10109154FERRETIA,2025-04-08,108361,1,4,0,110.0
10109154FERRETIA_2025-04-08_G47,10109154FERRETIA,2025-04-08,110515,1,8,0,91.0
10109154FERRETIA_2025-04-08_G48,10109154FERRETIA,2025-04-08,117831,1,2,0,127.0
10109154FERRETIA_2025-04-08_G49,10109154FERRETIA,2025-04-08,111466,1,2,0,79.0
10109154FERRETIA_2025-04-08_G50,10109154FERRETIA,2025-04-08,111532,1,8,0,126.0
10109154FERRETIA_2025-04-08_G51,10109154FERRETIA,2025-04-08,117833,1,2,0,42.0
10109154FERRETIA_2025-04-08_G52,10109154FERRETIA,2025-04-08,111468,1,4,0,75.0
10109154FERRETIA_2025-04-08_G53,10109154FERRETIA,2025-04-08,109641,1,1,0,34.0
10109154FERRETIA_2025-04-08_G54,10109154FERRETIA,2025-04-08,117785,1,3,0,132.0
10109154FERRETIA_2025-04-08_G55,10109154FERRETIA,2025-04-08,111465,1,4,0,464.0
10109154FERRETIA_2025-04-08_G56,10109154FERRETIA,2025-04-08,107830,1,4,0,193.0
10109154FERRETIA_2025-04-08_G57,10109154FERRETIA,2025-04-08,110371,1,2,0,34.0
10109154FERRETIA_2025-04-08_G58,10109154FERRETIA,2025-04-08,117830,1,6,0,147.0
10109154FERRETIA_2025-04-08_G59,10109154FERRETIA,2025-04-08,117820,1,8,0,522.0
10109154FERRETIA_2025-04-08_G60,10109154FERRETIA,2025-04-08,117832,1,2,0,99.0
10109154FERRETIA_2025-04-08_G62,10109154FERRETIA,2025-04-08,107629,1,3,0,64.0
10109154FERRETIA_2025-04-08_G63,10109154FERRETIA,2025-04-08,111602,1,2,0,108.0
10109154FERRETIA_2025-04-08_G64,10109154FERRETIA,2025-04-08,110515,1,8,0,163.0
10109154FERRETIA_2025-04-08_G65,10109154FERRETIA,2025-04-08,110740,1,2,0,141.0
10109154FERRETIA_2025-04-08_G66,10109154FERRETIA,2025-04-08,111469,1,2,0,100.0
10109154FERRETIA_2025-04-08_G67,10109154FERRETIA,2025-04-08,111418,1,6,0,154.0
10109154FERRETIA_2025-04-08_G68,10109154FERRETIA,2025-04-08,111463,1,6,0,82.0
10109154FERRETIA_2025-04-08_G69,10109154FERRETIA,2025-04-08,111532,1,12,0,113.0
10109154FERRETIA_2025-04-08_G70,10109154FERRETIA,2025-04-08,111468,1,1,0,61.0
10109154FERRETIA_2025-04-08_G71,10109154FERRETIA,2025-04-08,109645,1,2,0,68.0
10109154FERRETIA_2025-04-08_G72,10109154FERRETIA,2025-04-08,108711,1,2,0,108.0
10109154FERRETIA_2025-04-08_G73,10109154FERRETIA,2025-04-08,110745,1,2,0,50.0
10109154FERRETIA_2025-04-08_G74,10109154FERRETIA,2025-04-08,117787,1,4,0,130.0
10109154FERRETIA_2025-04-08_G75,10109154FERRETIA,2025-04-08,110787,1,4,0,116.0
10109154FERRETIA_2025-04-08_G76,10109154FERRETIA,2025-04-08,111465,1,2,0,69.0
10109154FERRETIA_2025-04-08_G77,10109154FERRETIA,2025-04-08,109747,1,2,0,104.0
10109154FERRETIA_2025-04-08_G78,10109154FERRETIA,2025-04-08,118299,1,16,0,426.0
10109154FERRETIA_2025-04-08_G79,10109154FERRETIA,2025-04-08,118004,2,4,16,98.0
10109154FERRETIA_2025-04-08_G80,10109154FERRETIA,2025-04-08,118004,1,1,0,105.0
10109154FERRETIA_2025-04-08_G81,10109154FERRETIA,2025-04-08,117831,1,2,0,1399.0
10109154FERRETIA_2025-04-08_G82,10109154FERRETIA,2025-04-08,110787,1,2,0,379.0
10109154FERRETIA_2025-04-08_G83,10109154FERRETIA,2025-04-08,109645,1,2,0,598.0
10109154FERRETIA_2025-04-08_G84,10109154FERRETIA,2025-04-08,107830,1,7,0,161.0
10109154FERRETIA_2025-04-08_G85,10109154FERRETIA,2025-04-08,118004,1,1,0,78.0
10109154FERRETIA_2025-04-08_G86,10109154FERRETIA,2025-04-08,111462,1,6,0,241.0
10109154FERRETIA_2025-04-08_G87,10109154FERRETIA,2025-04-08,110743,1,4,0,498.0
10109154FERRETIA_2025-04-08_G88,10109154FERRETIA,2025-04-08,110740,1,1,0,71.0
10109154FERRETIA_2025-04-08_G89,10109154FERRETIA,2025-04-08,108795,1,5,0,83.0
10109154FERRETIA_2025-04-08_G90,10109154FERRETIA,2025-04-08,108736,1,6,0,120.0
10109154FERRETIA_2025-04-08_G91,10109154FERRETIA,2025-04-08,111468,1,11,0,161.0
10109154FERRETIA_2025-04-08_G92,10109154FERRETIA,2025-04-08,108794,1,9,0,171.0
10109154FERRETIA_2025-04-08_G93,10109154FERRETIA,2025-04-08,110787,1,4,0,66.0
10109154FERRETIA_2025-04-09_G02,10109154FERRETIA,2025-04-09,110371,1,185,0,814.0
10109154FERRETIA_2025-04-09_G03,10109154FERRETIA,2025-04-09,117808,1,400,0,1013.0
10109154FERRETIA_2025-04-09_G05,10109154FERRETIA,2025-04-09,117820,1,85,0,243.0
10109154FERRETIA_2025-04-09_G06,10109154FERRETIA,2025-04-09,110375,1,67,0,931.0
10109154FERRETIA_2025-04-09_G07,10109154FERRETIA,2025-04-09,110376,1,9,0,246.0
10109154FERRETIA_2025-04-09_G08,10109154FERRETIA,2025-04-09,110325,1,24,0,1347.0
10109154FERRETIA_2025-04-09_G09,10109154FERRETIA,2025-04-09,107830,1,7,0,263.0
10109154FERRETIA_2025-04-09_G10,10109154FERRETIA,2025-04-09,110373,1,250,0,429.0
10109154FERRETIA_2025-04-09_G11,10109154FERRETIA,2025-04-09,110372,1,155,0,407.0
10109154FERRETIA_2025-04-09_G12,10109154FERRETIA,2025-04-09,109643,1,15,0,213.0
10109154FERRETIA_2025-04-09_G13,10109154FERRETIA,2025-04-09,110372,1,100,0,3140.0
10109154FERRETIA_2025-04-09_G14,10109154FERRETIA,2025-04-09,110373,1,600,0,1052.0
10109154FERRETIA_2025-04-09_G15,10109154FERRETIA,2025-04-09,118299,1,200,0,209.0
10109154FERRETIA_2025-04-09_G16,10109154FERRETIA,2025-04-09,110376,1,10,0,299.0
10109154FERRETIA_2025-04-09_G17,10109154FERRETIA,2025-04-09,110325,1,25,0,715.0
10109154FERRETIA_2025-04-09_G18,10109154FERRETIA,2025-04-09,117808,1,400,0,585.0
10109154FERRETIA_2025-04-09_G19,10109154FERRETIA,2025-04-09,117820,1,150,0,202.0
10109154FERRETIA_2025-04-10_G02,10109154FERRETIA,2025-04-10,110895,1,4,0,239.0
10109154FERRETIA_2025-04-10_G03,10109154FERRETIA,2025-04-10,111467,1,2,0,137.0
10109154FERRETIA_2025-04-10_G04,10109154FERRETIA,2025-04-10,110711,1,3,0,1402.0
10109154FERRETIA_2025-04-10_G05,10109154FERRETIA,2025-04-10,111469,1,2,0,237.0
10109154FERRETIA_2025-04-10_G06,10109154FERRETIA,2025-04-10,111418,1,1,0,126.0
10109154FERRETIA_2025-04-10_G07,10109154FERRETIA,2025-04-10,111743,3,3,24,55.0
10109154FERRETIA_2025-04-10_G08,10109154FERRETIA,2025-04-10,117833,1,4,0,129.0
10109154FERRETIA_2025-04-10_G09,10109154FERRETIA,2025-04-10,141048,1,2,0,80.0
10109154FERRETIA_2025-04-10_G10,10109154FERRETIA,2025-04-10,108794,1,1,0,103.0
10109154FERRETIA_2025-04-10_G11,10109154FERRETIA,2025-04-10,117821,1,2,0,115.0
10109154FERRETIA_2025-04-10_G12,10109154FERRETIA,2025-04-10,111465,2,2,8,52.0
10109154FERRETIA_2025-04-10_G13,10109154FERRETIA,2025-04-10,110374,2,6,8,117.0
10109154FERRETIA_2025-04-10_G14,10109154FERRETIA,2025-04-10,109747,1,1,0,83.0
10109154FERRETIA_2025-04-10_G15,10109154FERRETIA,2025-04-10,110372,1,6,0,195.0
10109154FERRETIA_2025-04-10_G16,10109154FERRETIA,2025-04-10,117809,1,4,0,125.0
10109154FERRETIA_2025-04-10_G17,10109154FERRETIA,2025-04-10,110371,1,4,0,92.0
10109154FERRETIA_2025-04-10_G18,10109154FERRETIA,2025-04-10,117820,1,16,0,287.0
10109154FERRETIA_2025-04-10_G19,10109154FERRETIA,2025-04-10,117808,2,16,7,161.0
10109154FERRETIA_2025-04-10_G20,10109154FERRETIA,2025-04-10,117832,1,8,0,167.0
10109154FERRETIA_2025-04-10_G21,10109154FERRETIA,2025-04-10,110373,2,16,9,149.0
10109154FERRETIA_2025-04-10_G23,10109154FERRETIA,2025-04-10,105705,1,140,0,294.0
10109154FERRETIA_2025-04-10_G24,10109154FERRETIA,2025-04-10,110374,1,20,0,247.0
10109154FERRETIA_2025-04-10_G25,10109154FERRETIA,2025-04-10,109641,1,100,0,409.0
10109154FERRETIA_2025-04-10_G26,10109154FERRETIA,2025-04-10,110325,1,262,0,1082.0
10109154FERRETIA_2025-04-10_G27,10109154FERRETIA,2025-04-10,117785,1,300,0,369.0
10109154FERRETIA_2025-04-10_G28,10109154FERRETIA,2025-04-10,110372,1,60,0,412.0
10109154FERRETIA_2025-04-10_G29,10109154FERRETIA,2025-04-10,111439,1,301,0,1657.0
10109154FERRETIA_2025-04-10_G30,10109154FERRETIA,2025-04-10,118094,1,62,0,799.0
10109154FERRETIA_2025-04-10_G31,10109154FERRETIA,2025-04-10,108759,1,4,0,650.0
10109154FERRETIA_2025-04-10_G32,10109154FERRETIA,2025-04-10,117862,1,20,0,244.0
10109154FERRETIA_2025-04-10_G33,10109154FERRETIA,2025-04-10,117935,1,12,0,168.0
10109154FERRETIA_2025-04-10_G34,10109154FERRETIA,2025-04-10,116241,1,4,0,138.0
10109154FERRETIA_2025-04-10_G35,10109154FERRETIA,2025-04-10,111743,1,16,0,197.0
10109154FERRETIA_2025-04-10_G36,10109154FERRETIA,2025-04-10,108794,1,20,0,302.0
10109154FERRETIA_2025-04-10_G37,10109154FERRETIA,2025-04-10,118222,1,12,0,209.0
10109154FERRETIA_2025-04-10_G38,10109154FERRETIA,2025-04-10,117831,1,30,0,466.0
10109154FERRETIA_2025-04-10_G39,10109154FERRETIA,2025-04-10,117832,1,20,0,224.0
10109154FERRETIA_2025-04-10_G40,10109154FERRETIA,2025-04-10,118004,1,100,0,322.0
10109154FERRETIA_2025-04-10_G41,10109154FERRETIA,2025-04-10,111441,2,22,18,1549.0
10109154FERRETIA_2025-04-10_G42,10109154FERRETIA,2025-04-10,118222,1,2,0,434.0
10109154FERRETIA_2025-04-10_G43,10109154FERRETIA,2025-04-10,111438,1,7,0,641.0
10109154FERRETIA_2025-04-10_G44,10109154FERRETIA,2025-04-10,100334,1,4,0,144.0
10109154FERRETIA_2025-04-10_G45,10109154FERRETIA,2025-04-10,141047,2,8,11,162.0
10109154FERRETIA_2025-04-10_G46,10109154FERRETIA,2025-04-10,110339,2,10,9,167.0
10109154FERRETIA_2025-04-10_G47,10109154FERRETIA,2025-04-10,111467,2,8,9,156.0
10109154FERRETIA_2025-04-10_G48,10109154FERRETIA,2025-04-10,111439,2,16,12,141.0
10109154FERRETIA_2025-04-10_G49,10109154FERRETIA,2025-04-10,109643,1,27,0,361.0
10109154FERRETIA_2025-04-10_G50,10109154FERRETIA,2025-04-10,110371,1,6,0,84.0
10109154FERRETIA_2025-04-10_G51,10109154FERRETIA,2025-04-10,117820,1,20,0,243.0
10109154FERRETIA_2025-04-10_G52,10109154FERRETIA,2025-04-10,117832,1,2,0,91.0
10109154FERRETIA_2025-04-10_G53,10109154FERRETIA,2025-04-10,117832,1,10,0,70.0
10109154FERRETIA_2025-04-10_G54,10109154FERRETIA,2025-04-10,110373,1,2,0,118.0
10109154FERRETIA_2025-04-10_G55,10109154FERRETIA,2025-04-10,110374,1,25,0,250.0
10109154FERRETIA_2025-04-10_G56,10109154FERRETIA,2025-04-10,117808,1,400,0,964.0
10109154FERRETIA_2025-04-10_G57,10109154FERRETIA,2025-04-10,118299,1,21,0,637.0
10109154FERRETIA_2025-04-11_G02,10109154FERRETIA,2025-04-11,108795,1,60,0,370.0
10109154FERRETIA_2025-04-11_G03,10109154FERRETIA,2025-04-11,111469,1,80,0,323.0
10109154FERRETIA_2025-04-11_G04,10109154FERRETIA,2025-04-11,108794,1,60,0,766.0
10109154FERRETIA_2025-04-11_G05,10109154FERRETIA,2025-04-11,111743,1,30,0,363.0
10109154FERRETIA_2025-04-11_G06,10109154FERRETIA,2025-04-11,111418,1,120,0,1266.0
10109154FERRETIA_2025-04-11_G07,10109154FERRETIA,2025-04-11,140957,1,12,0,232.0
10109154FERRETIA_2025-04-11_G08,10109154FERRETIA,2025-04-11,118298,1,22,0,390.0
10109154FERRETIA_2025-04-11_G09,10109154FERRETIA,2025-04-11,110372,1,300,0,356.0
10109154FERRETIA_2025-04-11_G10,10109154FERRETIA,2025-04-11,117840,1,13,0,737.0
10109154FERRETIA_2025-04-11_G11,10109154FERRETIA,2025-04-11,117830,1,60,0,529.0
10109154FERRETIA_2025-04-11_G12,10109154FERRETIA,2025-04-11,117788,1,11,0,170.0
10109154FERRETIA_2025-04-11_G13,10109154FERRETIA,2025-04-11,118322,1,14,0,1327.0
10109154FERRETIA_2025-04-11_G14,10109154FERRETIA,2025-04-11,117786,1,30,0,669.0
10109154FERRETIA_2025-04-11_G15,10109154FERRETIA,2025-04-11,117862,1,80,0,138.0
10109154FERRETIA_2025-04-11_G16,10109154FERRETIA,2025-04-11,118403,1,33,0,401.0
10109154FERRETIA_2025-04-11_G17,10109154FERRETIA,2025-04-11,111569,1,4,0,2652.0
10109154FERRETIA_2025-04-11_G18,10109154FERRETIA,2025-04-11,111466,1,2,0,114.0
10109154FERRETIA_2025-04-11_G19,10109154FERRETIA,2025-04-11,110373,1,2,0,133.0
10109154FERRETIA_2025-04-11_G20,10109154FERRETIA,2025-04-11,117831,1,9,0,157.0
10109154FERRETIA_2025-04-11_G21,10109154FERRETIA,2025-04-11,111462,1,13,0,133.0
10109154FERRETIA_2025-04-11_G22,10109154FERRETIA,2025-04-11,111433,1,8,0,118.0
10109154FERRETIA_2025-04-11_G23,10109154FERRETIA,2025-04-11,111418,1,139,0,995.0
10109154FERRETIA_2025-04-11_G24,10109154FERRETIA,2025-04-11,140922,1,14,0,215.0
10109154FERRETIA_2025-04-11_G25,10109154FERRETIA,2025-04-11,111463,1,9,0,77.0
10109154FERRETIA_2025-04-11_G26,10109154FERRETIA,2025-04-11,111532,1,8,0,190.0
10109154FERRETIA_2025-04-11_G27,10109154FERRETIA,2025-04-11,109645,1,2,0,99.0
10109154FERRETIA_2025-04-11_G28,10109154FERRETIA,2025-04-11,108794,1,15,0,509.0
10109154FERRETIA_2025-04-11_G29,10109154FERRETIA,2025-04-11,111442,1,8,0,126.0
10109154FERRETIA_2025-04-11_G30,10109154FERRETIA,2025-04-11,110745,1,4,0,130.0
10109154FERRETIA_2025-04-11_G31,10109154FERRETIA,2025-04-11,110787,1,5,0,99.0
10109154FERRETIA_2025-04-11_G32,10109154FERRETIA,2025-04-11,111465,1,23,0,177.0
10109154FERRETIA_2025-04-11_G33,10109154FERRETIA,2025-04-11,111435,1,8,0,232.0
10109154FERRETIA_2025-04-11_G34,10109154FERRETIA,2025-04-11,118299,1,100,0,512.0
10109154FERRETIA_2025-04-11_G35,10109154FERRETIA,2025-04-11,110373,1,100,0,441.0
10109154FERRETIA_2025-04-11_G36,10109154FERRETIA,2025-04-11,117820,1,100,0,817.0
10109154FERRETIA_2025-04-11_G37,10109154FERRETIA,2025-04-11,110374,1,40,0,548.0
10109154FERRETIA_2025-04-11_G38,10109154FERRETIA,2025-04-11,109643,1,8,0,296.0
10109154FERRETIA_2025-04-11_G39,10109154FERRETIA,2025-04-11,117820,1,2,0,104.0
10109154FERRETIA_2025-04-11_G40,10109154FERRETIA,2025-04-11,117832,1,10,0,590.0
10109154FERRETIA_2025-04-11_G41,10109154FERRETIA,2025-04-11,110325,1,3,0,273.0
10109154FERRETIA_2025-04-11_G42,10109154FERRETIA,2025-04-11,118140,1,20,0,814.0
10109154FERRETIA_2025-04-11_G43,10109154FERRETIA,2025-04-11,110711,1,18,0,499.0
10109154FERRETIA_2025-04-11_G44,10109154FERRETIA,2025-04-11,118298,1,2,0,151.0
10109154FERRETIA_2025-04-11_G45,10109154FERRETIA,2025-04-11,141047,1,8,0,199.0
10109154FERRETIA_2025-04-11_G46,10109154FERRETIA,2025-04-11,110339,1,4,0,81.0
10109154FERRETIA_2025-04-11_G47,10109154FERRETIA,2025-04-11,110313,1,4,0,95.0
10109154FERRETIA_2025-04-11_G48,10109154FERRETIA,2025-04-11,110733,1,1,0,57.0
10109154FERRETIA_2025-04-11_G49,10109154FERRETIA,2025-04-11,107629,1,5,0,87.0
10109154FERRETIA_2025-04-11_G50,10109154FERRETIA,2025-04-11,118403,1,4,0,80.0
10109154FERRETIA_2025-04-11_G51,10109154FERRETIA,2025-04-11,117855,1,6,0,70.0
10109154FERRETIA_2025-04-11_G52,10109154FERRETIA,2025-04-11,111467,1,10,0,91.0
10109154FERRETIA_2025-04-11_G53,10109154FERRETIA,2025-04-11,117856,1,4,0,95.0
10109154FERRETIA_2025-04-11_G54,10109154FERRETIA,2025-04-11,111466,1,63,0,415.0
10109154FERRETIA_2025-04-11_G55,10109154FERRETIA,2025-04-11,111602,1,10,0,231.0
10109154FERRETIA_2025-04-11_G56,10109154FERRETIA,2025-04-11,111469,1,48,0,415.0
10109154FERRETIA_2025-04-11_G57,10109154FERRETIA,2025-04-11,111602,1,22,0,3474.0
10109154FERRETIA_2025-04-11_G58,10109154FERRETIA,2025-04-11,111446,1,4,0,180.0
10109154FERRETIA_2025-04-11_G59,10109154FERRETIA,2025-04-11,118004,1,4,0,163.0
10109154FERRETIA_2025-04-11_G60,10109154FERRETIA,2025-04-11,117833,1,3,0,168.0
10109154FERRETIA_2025-04-11_G61,10109154FERRETIA,2025-04-11,117832,1,12,0,716.0
10109154FERRETIA_2025-04-12_G02,10109154FERRETIA,2025-04-12,110787,1,4,0,124.0
10109154FERRETIA_2025-04-12_G03,10109154FERRETIA,2025-04-12,111438,1,2,0,136.0
10109154FERRETIA_2025-04-12_G04,10109154FERRETIA,2025-04-12,118004,1,4,0,64.0
10109154FERRETIA_2025-04-12_G05,10109154FERRETIA,2025-04-12,117820,1,20,0,260.0
10109154FERRETIA_2025-04-12_G06,10109154FERRETIA,2025-04-12,117840,1,2,0,99.0
10109154FERRETIA_2025-04-12_G07,10109154FERRETIA,2025-04-12,110372,1,20,0,181.0
10109154FERRETIA_2025-04-12_G09,10109154FERRETIA,2025-04-12,118140,1,2,0,65.0
10109154FERRETIA_2025-04-12_G10,10109154FERRETIA,2025-04-12,140922,1,7,0,101.0
10109154FERRETIA_2025-04-12_G11,10109154FERRETIA,2025-04-12,110325,1,12,0,186.0
10109154FERRETIA_2025-04-12_G12,10109154FERRETIA,2025-04-12,118140,2,64,7,467.0
10109154FERRETIA_2025-04-12_G13,10109154FERRETIA,2025-04-12,110787,1,3,0,156.0
10109154FERRETIA_2025-04-12_G14,10109154FERRETIA,2025-04-12,117820,1,4,0,1073.0
10109154FERRETIA_2025-04-12_G15,10109154FERRETIA,2025-04-12,110373,1,5,0,244.0
10109154FERRETIA_2025-04-12_G16,10109154FERRETIA,2025-04-12,118299,1,18,0,555.0
10109154FERRETIA_2025-04-12_G17,10109154FERRETIA,2025-04-12,109643,1,6,0,107.0
10109154FERRETIA_2025-04-12_G18,10109154FERRETIA,2025-04-12,107830,1,1,0,48.0
10109154FERRETIA_2025-04-12_G19,10109154FERRETIA,2025-04-12,110371,1,3,0,75.0
10109154FERRETIA_2025-04-12_G20,10109154FERRETIA,2025-04-12,117832,1,7,0,156.0
10109154FERRETIA_2025-04-12_G21,10109154FERRETIA,2025-04-12,117808,1,33,0,296.0
10109154FERRETIA_2025-04-12_G22,10109154FERRETIA,2025-04-12,111469,1,5,0,1691.0
10109154FERRETIA_2025-04-12_G23,10109154FERRETIA,2025-04-12,111418,1,6,0,106.0
10109154FERRETIA_2025-04-12_G24,10109154FERRETIA,2025-04-12,111463,1,5,0,104.0
10109154FERRETIA_2025-04-12_G25,10109154FERRETIA,2025-04-12,110787,1,6,0,253.0
10109154FERRETIA_2025-04-12_G26,10109154FERRETIA,2025-04-12,111441,1,8,0,537.0
10109154FERRETIA_2025-04-12_G27,10109154FERRETIA,2025-04-12,109937,1,2,0,141.0
10109154FERRETIA_2025-04-12_G28,10109154FERRETIA,2025-04-12,111469,1,5,0,202.0
10109154FERRETIA_2025-04-12_G29,10109154FERRETIA,2025-04-12,110787,1,6,0,142.0
10109154FERRETIA_2025-04-12_G30,10109154FERRETIA,2025-04-12,117820,1,4,0,133.0
10109154FERRETIA_2025-04-12_G31,10109154FERRETIA,2025-04-12,118299,1,2,0,54.0
10109154FERRETIA_2025-04-12_G32,10109154FERRETIA,2025-04-12,110372,1,2,0,101.0
10109154FERRETIA_2025-04-12_G33,10109154FERRETIA,2025-04-12,117832,1,4,0,56.0
10109154FERRETIA_2025-04-12_G34,10109154FERRETIA,2025-04-12,110373,1,2,0,117.0
10109154FERRETIA_2025-04-12_G35,10109154FERRETIA,2025-04-12,111469,1,6,0,1262.0
10109154FERRETIA_2025-04-12_G36,10109154FERRETIA,2025-04-12,117785,1,7,0,131.0
10109154FERRETIA_2025-04-12_G37,10109154FERRETIA,2025-04-12,110787,1,3,0,113.0
10109154FERRETIA_2025-04-12_G38,10109154FERRETIA,2025-04-12,117808,1,420,0,1686.0
10109154FERRETIA_2025-04-12_G39,10109154FERRETIA,2025-04-12,118299,1,350,0,215.0
10109154FERRETIA_2025-04-12_G40,10109154FERRETIA,2025-04-12,110740,1,20,0,1157.0
10109154FERRETIA_2025-04-12_G41,10109154FERRETIA,2025-04-12,111532,1,20,0,156.0
10109154FERRETIA_2025-04-12_G42,10109154FERRETIA,2025-04-12,109641,1,17,0,189.0
10109154FERRETIA_2025-04-12_G43,10109154FERRETIA,2025-04-12,117838,1,20,0,454.0
10109154FERRETIA_2025-04-12_G44,10109154FERRETIA,2025-04-12,110787,1,20,0,224.0
10109154FERRETIA_2025-04-12_G45,10109154FERRETIA,2025-04-12,118403,1,16,0,231.0
10109154FERRETIA_2025-04-12_G46,10109154FERRETIA,2025-04-12,117855,1,10,0,81.0
10109154FERRETIA_2025-04-12_G47,10109154FERRETIA,2025-04-12,111650,1,7,0,72.0
10109154FERRETIA_2025-04-12_G48,10109154FERRETIA,2025-04-12,140922,1,20,0,199.0
10109154FERRETIA_2025-04-12_G49,10109154FERRETIA,2025-04-12,116241,1,2,0,63.0
10109154FERRETIA_2025-04-12_G51,10109154FERRETIA,2025-04-12,110515,1,16,0,204.0
10109154FERRETIA_2025-04-12_G52,10109154FERRETIA,2025-04-12,111532,1,16,0,260.0
10109154FERRETIA_2025-04-12_G53,10109154FERRETIA,2025-04-12,111172,1,5,0,136.0
10109154FERRETIA_2025-04-12_G54,10109154FERRETIA,2025-04-12,110787,1,12,0,431.0
10109154FERRETIA_2025-04-12_G55,10109154FERRETIA,2025-04-12,110515,1,8,0,127.0
10109154FERRETIA_2025-04-12_G56,10109154FERRETIA,2025-04-12,117833,1,8,0,144.0
10109154FERRETIA_2025-04-12_G57,10109154FERRETIA,2025-04-12,109937,1,4,0,528.0
10109154FERRETIA_2025-04-12_G58,10109154FERRETIA,2025-04-12,110339,1,2,0,127.0
10109154FERRETIA_2025-04-12_G59,10109154FERRETIA,2025-04-12,110515,1,2,0,146.0
10109154FERRETIA_2025-04-12_G60,10109154FERRETIA,2025-04-12,111418,1,13,0,157.0
10109154FERRETIA_2025-04-12_G61,10109154FERRETIA,2025-04-12,117785,1,2,0,106.0
10109154FERRETIA_2025-04-12_G62,10109154FERRETIA,2025-04-12,110787,1,6,0,130.0
10109154FERRETIA_2025-04-12_G63,10109154FERRETIA,2025-04-12,117832,1,2,0,114.0
10109154FERRETIA_2025-04-12_G64,10109154FERRETIA,2025-04-12,110373,1,4,0,179.0
10109154FERRETIA_2025-04-12_G65,10109154FERRETIA,2025-04-12,110325,1,4,0,237.0
10109154FERRETIA_2025-04-12_G66,10109154FERRETIA,2025-04-12,117820,1,2,0,42.0
10109154FERRETIA_2025-04-12_G67,10109154FERRETIA,2025-04-12,118299,1,2,0,74.0
10109154FERRETIA_2025-04-14_G02,10109154FERRETIA,2025-04-14,121651,1,26,0,665.0
10109154FERRETIA_2025-04-14_G03,10109154FERRETIA,2025-04-14,124371,1,12,0,531.0
10109154FERRETIA_2025-04-14_G04,10109154FERRETIA,2025-04-14,122984,1,12,0,491.0
10109154FERRETIA_2025-04-14_G05,10109154FERRETIA,2025-04-14,124370,1,3,0,287.0
10109154FERRETIA_2025-04-14_G07,10109154FERRETIA,2025-04-14,121651,1,12,0,451.0
10109154FERRETIA_2025-04-14_G08,10109154FERRETIA,2025-04-14,124371,2,8,11,241.0
10109154FERRETIA_2025-04-14_G09,10109154FERRETIA,2025-04-14,122982,1,9,0,351.0
10109154FERRETIA_2025-04-14_G10,10109154FERRETIA,2025-04-14,124486,1,5,0,349.0
10109154FERRETIA_2025-04-14_G11,10109154FERRETIA,2025-04-14,123561,1,8,0,306.0
10109154FERRETIA_2025-04-14_G12,10109154FERRETIA,2025-04-14,121651,1,8,0,200.0
10109154FERRETIA_2025-04-14_G13,10109154FERRETIA,2025-04-14,123345,1,4,0,552.0
10109154FERRETIA_2025-04-14_G14,10109154FERRETIA,2025-04-14,124370,1,10,0,726.0
10109154FERRETIA_2025-04-14_G15,10109154FERRETIA,2025-04-14,124371,1,18,0,49.0
10109154FERRETIA_2025-04-14_G16,10109154FERRETIA,2025-04-14,122985,1,2,0,396.0
10109154FERRETIA_2025-04-14_G17,10109154FERRETIA,2025-04-14,124486,1,20,0,616.0
10109154FERRETIA_2025-04-14_G18,10109154FERRETIA,2025-04-14,122962,1,48,0,95.0
10109154FERRETIA_2025-04-14_G19,10109154FERRETIA,2025-04-14,120028,1,30,0,240.0
10109154FERRETIA_2025-04-15_G02,10109154FERRETIA,2025-04-15,110373,1,20,0,360.0
10109154FERRETIA_2025-04-15_G03,10109154FERRETIA,2025-04-15,117832,1,20,0,186.0
10109154FERRETIA_2025-04-15_G04,10109154FERRETIA,2025-04-15,110515,1,8,0,94.0
10109154FERRETIA_2025-04-15_G05,10109154FERRETIA,2025-04-15,110711,1,3,0,122.0
10109154FERRETIA_2025-04-15_G06,10109154FERRETIA,2025-04-15,109471,1,4,0,215.0
10109154FERRETIA_2025-04-15_G07,10109154FERRETIA,2025-04-15,110895,1,5,0,210.0
10109154FERRETIA_2025-04-15_G08,10109154FERRETIA,2025-04-15,110372,1,200,0,1841.0
10109154FERRETIA_2025-04-15_G09,10109154FERRETIA,2025-04-15,117820,1,200,0,326.0
10109154FERRETIA_2025-04-15_G10,10109154FERRETIA,2025-04-15,110374,1,20,0,2648.0
10109154FERRETIA_2025-04-15_G11,10109154FERRETIA,2025-04-15,117809,1,16,0,115.0
10109154FERRETIA_2025-04-15_G12,10109154FERRETIA,2025-04-15,117830,1,18,0,185.0
10109154FERRETIA_2025-04-15_G13,10109154FERRETIA,2025-04-15,117832,1,15,0,139.0
10109154FERRETIA_2025-04-15_G14,10109154FERRETIA,2025-04-15,110373,1,140,0,290.0
10109154FERRETIA_2025-04-15_G15,10109154FERRETIA,2025-04-15,110325,1,12,0,153.0
10109154FERRETIA_2025-04-15_G16,10109154FERRETIA,2025-04-15,110371,1,53,0,349.0
10109154FERRETIA_2025-04-15_G17,10109154FERRETIA,2025-04-15,118298,1,4,0,126.0
10109154FERRETIA_2025-04-15_G18,10109154FERRETIA,2025-04-15,110733,1,8,0,110.0
10109154FERRETIA_2025-04-15_G19,10109154FERRETIA,2025-04-15,117855,1,8,0,134.0
10109154FERRETIA_2025-04-15_G20,10109154FERRETIA,2025-04-15,117786,1,13,0,448.0
10109154FERRETIA_2025-04-15_G21,10109154FERRETIA,2025-04-15,111602,1,18,0,195.0
10109154FERRETIA_2025-04-15_G22,10109154FERRETIA,2025-04-15,117788,1,4,0,114.0
10109154FERRETIA_2025-04-15_G23,10109154FERRETIA,2025-04-15,110711,1,1,0,39.0
10109154FERRETIA_2025-04-15_G24,10109154FERRETIA,2025-04-15,105705,1,6,0,151.0
10109154FERRETIA_2025-04-15_G25,10109154FERRETIA,2025-04-15,111435,1,12,0,84.0
10109154FERRETIA_2025-04-15_G26,10109154FERRETIA,2025-04-15,117831,1,14,0,293.0
10109154FERRETIA_2025-04-15_G27,10109154FERRETIA,2025-04-15,117833,1,8,0,1175.0
10109154FERRETIA_2025-04-15_G28,10109154FERRETIA,2025-04-15,109641,1,8,0,118.0
10109154FERRETIA_2025-04-15_G29,10109154FERRETIA,2025-04-15,111466,1,26,0,138.0
10109154FERRETIA_2025-04-15_G30,10109154FERRETIA,2025-04-15,108794,1,2,0,69.0
10109154FERRETIA_2025-04-15_G31,10109154FERRETIA,2025-04-15,111462,1,9,0,74.0
10109154FERRETIA_2025-04-15_G32,10109154FERRETIA,2025-04-15,110787,1,20,0,201.0
10109154FERRETIA_2025-04-15_G33,10109154FERRETIA,2025-04-15,111465,1,8,0,80.0
10109154FERRETIA_2025-04-15_G34,10109154FERRETIA,2025-04-15,111418,1,135,0,709.0
10109154FERRETIA_2025-04-15_G35,10109154FERRETIA,2025-04-15,111463,1,20,0,178.0
10109154FERRETIA_2025-04-15_G36,10109154FERRETIA,2025-04-15,118140,1,40,0,534.0
10109154FERRETIA_2025-04-15_G37,10109154FERRETIA,2025-04-15,111532,1,45,0,114.0
10109154FERRETIA_2025-04-15_G38,10109154FERRETIA,2025-04-15,117821,1,23,0,1492.0
10109154FERRETIA_2025-04-15_G39,10109154FERRETIA,2025-04-15,118004,1,4,0,461.0
10109154FERRETIA_2025-04-15_G40,10109154FERRETIA,2025-04-15,118140,1,4,0,598.0
10109154FERRETIA_2025-04-15_G41,10109154FERRETIA,2025-04-15,118140,1,60,0,55.0
10109154FERRETIA_2025-04-15_G42,10109154FERRETIA,2025-04-15,140922,1,30,0,553.0
10109154FERRETIA_2025-04-15_G43,10109154FERRETIA,2025-04-15,118140,1,30,0,287.0
10109154FERRETIA_2025-04-15_G44,10109154FERRETIA,2025-04-15,110515,1,4,0,320.0
10109154FERRETIA_2025-04-15_G45,10109154FERRETIA,2025-04-15,111602,1,5,0,222.0
10109154FERRETIA_2025-04-15_G46,10109154FERRETIA,2025-04-15,118004,1,2,0,89.0
10109154FERRETIA_2025-04-15_G47,10109154FERRETIA,2025-04-15,111602,1,4,0,520.0
10109154FERRETIA_2025-04-15_G48,10109154FERRETIA,2025-04-15,117833,1,4,0,208.0
10109154FERRETIA_2025-04-15_G49,10109154FERRETIA,2025-04-15,117808,1,30,0,564.0
10109154FERRETIA_2025-04-15_G50,10109154FERRETIA,2025-04-15,118140,1,2,0,93.0
10109154FERRETIA_2025-04-15_G51,10109154FERRETIA,2025-04-15,110787,1,4,0,532.0
10109154FERRETIA_2025-04-15_G52,10109154FERRETIA,2025-04-15,110371,1,2,0,108.0
10109154FERRETIA_2025-04-15_G53,10109154FERRETIA,2025-04-15,118140,1,2,0,32.0
10109154FERRETIA_2025-04-15_G55,10109154FERRETIA,2025-04-15,117821,1,40,0,423.0
10109154FERRETIA_2025-04-15_G56,10109154FERRETIA,2025-04-15,111172,1,7,0,161.0
10109154FERRETIA_2025-04-15_G57,10109154FERRETIA,2025-04-15,108794,1,6,0,99.0
10109154FERRETIA_2025-04-15_G58,10109154FERRETIA,2025-04-15,111462,1,20,0,238.0
10109154FERRETIA_2025-04-15_G59,10109154FERRETIA,2025-04-15,117831,1,93,0,774.0
10109154FERRETIA_2025-04-15_G60,10109154FERRETIA,2025-04-15,111463,1,107,0,1156.0
10109154FERRETIA_2025-04-15_G61,10109154FERRETIA,2025-04-15,111466,1,82,0,178.0
10109154FERRETIA_2025-04-15_G62,10109154FERRETIA,2025-04-15,118140,1,85,0,276.0
10109154FERRETIA_2025-04-15_G63,10109154FERRETIA,2025-04-15,111465,1,55,0,229.0
10109154FERRETIA_2025-04-15_G64,10109154FERRETIA,2025-04-15,111418,1,100,0,295.0
10109154FERRETIA_2025-04-15_G65,10109154FERRETIA,2025-04-15,118004,1,1,0,40.0
10109154FERRETIA_2025-04-16_G02,10109154FERRETIA,2025-04-16,109640,1,4,0,67.0
10109154FERRETIA_2025-04-16_G03,10109154FERRETIA,2025-04-16,117808,1,24,0,316.0
10109154FERRETIA_2025-04-16_G04,10109154FERRETIA,2025-04-16,114092,1,2,0,180.0
10109154FERRETIA_2025-04-16_G05,10109154FERRETIA,2025-04-16,110313,1,4,0,1084.0
10109154FERRETIA_2025-04-16_G06,10109154FERRETIA,2025-04-16,111602,1,12,0,194.0
10109154FERRETIA_2025-04-16_G07,10109154FERRETIA,2025-04-16,110711,1,12,0,142.0
10109154FERRETIA_2025-04-16_G08,10109154FERRETIA,2025-04-16,118222,1,2,0,190.0
10109154FERRETIA_2025-04-16_G09,10109154FERRETIA,2025-04-16,111602,1,4,0,267.0
10109154FERRETIA_2025-04-16_G10,10109154FERRETIA,2025-04-16,118004,1,4,0,2043.0
10109154FERRETIA_2025-04-16_G11,10109154FERRETIA,2025-04-16,111743,1,5,0,90.0
10109154FERRETIA_2025-04-16_G12,10109154FERRETIA,2025-04-16,110325,1,2,0,68.0
10109154FERRETIA_2025-04-16_G13,10109154FERRETIA,2025-04-16,110372,1,4,0,117.0
10109154FERRETIA_2025-04-16_G14,10109154FERRETIA,2025-04-16,109640,1,2,0,355.0
10109154FERRETIA_2025-04-16_G15,10109154FERRETIA,2025-04-16,111468,1,2,0,117.0
10109154FERRETIA_2025-04-16_G16,10109154FERRETIA,2025-04-16,110755,1,1,0,87.0
10109154FERRETIA_2025-04-16_G17,10109154FERRETIA,2025-04-16,108759,2,9,19,362.0
10109154FERRETIA_2025-04-16_G18,10109154FERRETIA,2025-04-16,110755,1,22,0,151.0
10109154FERRETIA_2025-04-16_G19,10109154FERRETIA,2025-04-16,111467,1,12,0,136.0
10109154FERRETIA_2025-04-16_G20,10109154FERRETIA,2025-04-16,117837,1,10,0,134.0
10109154FERRETIA_2025-04-16_G21,10109154FERRETIA,2025-04-16,118004,1,16,0,812.0
10109154FERRETIA_2025-04-16_G22,10109154FERRETIA,2025-04-16,111468,1,10,0,88.0
10109154FERRETIA_2025-04-16_G23,10109154FERRETIA,2025-04-16,117787,1,4,0,788.0
10109154FERRETIA_2025-04-16_G24,10109154FERRETIA,2025-04-16,107236,1,4,0,200.0
10109154FERRETIA_2025-04-16_G25,10109154FERRETIA,2025-04-16,111463,1,20,0,1727.0
10109154FERRETIA_2025-04-16_G26,10109154FERRETIA,2025-04-16,109640,1,2,0,186.0
10109154FERRETIA_2025-04-16_G27,10109154FERRETIA,2025-04-16,118140,1,16,0,313.0
10109154FERRETIA_2025-04-16_G28,10109154FERRETIA,2025-04-16,109640,2,82,17,293.0
10109154FERRETIA_2025-04-16_G29,10109154FERRETIA,2025-04-16,109640,1,5,0,477.0
10109154FERRETIA_2025-04-16_G30,10109154FERRETIA,2025-04-16,111602,1,15,0,96.0
10109154FERRETIA_2025-04-16_G31,10109154FERRETIA,2025-04-16,117821,1,6,0,164.0
10109154FERRETIA_2025-04-16_G33,10109154FERRETIA,2025-04-16,111469,1,2,0,139.0
10109154FERRETIA_2025-04-16_G34,10109154FERRETIA,2025-04-16,111418,1,6,0,87.0
10109154FERRETIA_2025-04-16_G35,10109154FERRETIA,2025-04-16,118004,1,5,0,48.0
10109154FERRETIA_2025-04-16_G36,10109154FERRETIA,2025-04-16,111463,1,6,0,87.0
10109154FERRETIA_2025-04-16_G37,10109154FERRETIA,2025-04-16,111463,1,10,0,73.0
10109154FERRETIA_2025-04-16_G38,10109154FERRETIA,2025-04-16,116241,3,20,26,88.0
10109154FERRETIA_2025-04-16_G39,10109154FERRETIA,2025-04-16,108794,1,8,0,225.0
10109154FERRETIA_2025-04-16_G40,10109154FERRETIA,2025-04-16,111532,1,2,0,52.0
10109154FERRETIA_2025-04-16_G41,10109154FERRETIA,2025-04-16,111462,1,4,0,59.0
10109154FERRETIA_2025-04-16_G42,10109154FERRETIA,2025-04-16,109645,1,2,0,547.0
10109154FERRETIA_2025-04-16_G43,10109154FERRETIA,2025-04-16,118140,1,6,0,57.0
10109154FERRETIA_2025-04-16_G44,10109154FERRETIA,2025-04-16,110745,1,4,0,57.0
10109154FERRETIA_2025-04-16_G45,10109154FERRETIA,2025-04-16,117831,1,8,0,222.0
10109154FERRETIA_2025-04-16_G46,10109154FERRETIA,2025-04-16,111465,1,2,0,378.0
10109154FERRETIA_2025-04-16_G47,10109154FERRETIA,2025-04-16,111532,2,6,10,833.0
10109154FERRETIA_2025-04-16_G48,10109154FERRETIA,2025-04-16,118140,1,6,0,140.0
10109154FERRETIA_2025-04-16_G49,10109154FERRETIA,2025-04-16,111465,1,4,0,36.0
10109154FERRETIA_2025-04-16_G51,10109154FERRETIA,2025-04-16,110376,1,5,0,83.0
10109154FERRETIA_2025-04-16_G52,10109154FERRETIA,2025-04-16,109747,1,6,0,251.0
10109154FERRETIA_2025-04-16_G53,10109154FERRETIA,2025-04-16,111468,1,6,0,287.0
10109154FERRETIA_2025-04-16_G54,10109154FERRETIA,2025-04-16,110750,1,1,0,137.0
10109154FERRETIA_2025-04-16_G55,10109154FERRETIA,2025-04-16,109640,1,8,0,148.0
10109154FERRETIA_2025-04-17_G02,10109154FERRETIA,2025-04-17,109640,1,2,0,147.0
10109154FERRETIA_2025-04-17_G03,10109154FERRETIA,2025-04-17,111438,1,10,0,194.0
10109154FERRETIA_2025-04-17_G04,10109154FERRETIA,2025-04-17,108798,1,8,0,458.0
10109154FERRETIA_2025-04-17_G05,10109154FERRETIA,2025-04-17,111602,1,16,0,286.0
10109154FERRETIA_2025-04-17_G06,10109154FERRETIA,2025-04-17,110733,1,16,0,464.0
10109154FERRETIA_2025-04-17_G07,10109154FERRETIA,2025-04-17,110711,1,2,0,130.0
10109154FERRETIA_2025-04-17_G08,10109154FERRETIA,2025-04-17,118004,1,8,0,145.0
10109154FERRETIA_2025-04-17_G09,10109154FERRETIA,2025-04-17,118140,1,20,0,197.0
10109154FERRETIA_2025-04-17_G10,10109154FERRETIA,2025-04-17,111602,1,32,0,223.0
10109154FERRETIA_2025-04-17_G12,10109154FERRETIA,2025-04-17,111532,1,600,0,1720.0
10109154FERRETIA_2025-04-17_G13,10109154FERRETIA,2025-04-17,111330,1,4,0,2033.0
10109154FERRETIA_2025-04-17_G14,10109154FERRETIA,2025-04-17,117833,1,8,0,143.0
10109154FERRETIA_2025-04-17_G16,10109154FERRETIA,2025-04-17,122673,1,60,0,1541.0
10109154FERRETIA_2025-04-17_G17,10109154FERRETIA,2025-04-17,122985,1,150,0,423.0
10109154FERRETIA_2025-04-19_G02,10109154FERRETIA,2025-04-19,111466,1,5,0,121.0
10109154FERRETIA_2025-04-19_G03,10109154FERRETIA,2025-04-19,111446,1,4,0,116.0
10109154FERRETIA_2025-04-19_G04,10109154FERRETIA,2025-04-19,109641,3,32,25,175.0
10109154FERRETIA_2025-04-19_G05,10109154FERRETIA,2025-04-19,111469,1,22,0,325.0
10109154FERRETIA_2025-04-19_G06,10109154FERRETIA,2025-04-19,111330,1,4,0,920.0
10109154FERRETIA_2025-04-19_G07,10109154FERRETIA,2025-04-19,118253,1,6,0,208.0
10109154FERRETIA_2025-04-19_G08,10109154FERRETIA,2025-04-19,117821,1,14,0,161.0
10109154FERRETIA_2025-04-19_G09,10109154FERRETIA,2025-04-19,111418,1,30,0,432.0
10109154FERRETIA_2025-04-19_G10,10109154FERRETIA,2025-04-19,111532,1,2,0,100.0
10109154FERRETIA_2025-04-19_G11,10109154FERRETIA,2025-04-19,111330,1,2,0,133.0
10109154FERRETIA_2025-04-19_G12,10109154FERRETIA,2025-04-19,109640,1,2,0,315.0
10109154FERRETIA_2025-04-19_G13,10109154FERRETIA,2025-04-19,111418,2,18,13,168.0
10109154FERRETIA_2025-04-19_G14,10109154FERRETIA,2025-04-19,110372,1,12,0,1477.0
10109154FERRETIA_2025-04-19_G15,10109154FERRETIA,2025-04-19,110373,1,7,0,106.0
10109154FERRETIA_2025-04-19_G16,10109154FERRETIA,2025-04-19,110895,1,4,0,470.0
10109154FERRETIA_2025-04-19_G17,10109154FERRETIA,2025-04-19,108711,1,1,0,101.0
10109154FERRETIA_2025-04-19_G18,10109154FERRETIA,2025-04-19,110372,1,20,0,280.0
10109154FERRETIA_2025-04-19_G19,10109154FERRETIA,2025-04-19,110375,1,2,0,76.0
10109154FERRETIA_2025-04-19_G20,10109154FERRETIA,2025-04-19,141313,1,4,0,1561.0
10109154FERRETIA_2025-04-19_G21,10109154FERRETIA,2025-04-19,111447,1,4,0,236.0
10109154FERRETIA_2025-04-19_G22,10109154FERRETIA,2025-04-19,111431,1,2,0,171.0
10109154FERRETIA_2025-04-19_G23,10109154FERRETIA,2025-04-19,118004,1,8,0,174.0
10109154FERRETIA_2025-04-19_G24,10109154FERRETIA,2025-04-19,107830,1,4,0,109.0
10109154FERRETIA_2025-04-19_G25,10109154FERRETIA,2025-04-19,117837,1,4,0,379.0
10109154FERRETIA_2025-04-19_G26,10109154FERRETIA,2025-04-19,109645,1,2,0,100.0
10109154FERRETIA_2025-04-19_G27,10109154FERRETIA,2025-04-19,110740,1,4,0,111.0
10109154FERRETIA_2025-04-19_G28,10109154FERRETIA,2025-04-19,110895,1,4,0,215.0
10109154FERRETIA_2025-04-19_G29,10109154FERRETIA,2025-04-19,140922,1,1,0,137.0
10109154FERRETIA_2025-04-19_G30,10109154FERRETIA,2025-04-19,118140,1,3,0,105.0
10109154FERRETIA_2025-04-19_G31,10109154FERRETIA,2025-04-19,111469,1,4,0,440.0
10109154FERRETIA_2025-04-19_G32,10109154FERRETIA,2025-04-19,111441,1,3,0,330.0
10109154FERRETIA_2025-04-19_G33,10109154FERRETIA,2025-04-19,108759,1,2,0,107.0
10109154FERRETIA_2025-04-19_G34,10109154FERRETIA,2025-04-19,117837,1,1,0,79.0
10109154FERRETIA_2025-04-19_G35,10109154FERRETIA,2025-04-19,118004,1,12,0,793.0
10109154FERRETIA_2025-04-19_G36,10109154FERRETIA,2025-04-19,111463,1,12,0,98.0
10109154FERRETIA_2025-04-19_G37,10109154FERRETIA,2025-04-19,110740,2,20,7,151.0
10109154FERRETIA_2025-04-19_G38,10109154FERRETIA,2025-04-19,140922,1,6,0,466.0
10109154FERRETIA_2025-04-19_G39,10109154FERRETIA,2025-04-19,110313,1,4,0,186.0
10109154FERRETIA_2025-04-19_G40,10109154FERRETIA,2025-04-19,110742,1,4,0,500.0
10109154FERRETIA_2025-04-19_G41,10109154FERRETIA,2025-04-19,111850,1,4,0,63.0
10109154FERRETIA_2025-04-19_G42,10109154FERRETIA,2025-04-19,117835,1,2,0,127.0
10109154FERRETIA_2025-04-19_G43,10109154FERRETIA,2025-04-19,"117289, 111602",2,5,21,98.0
10109154FERRETIA_2025-04-19_G44,10109154FERRETIA,2025-04-19,117862,1,2,0,92.0
10109154FERRETIA_2025-04-19_G45,10109154FERRETIA,2025-04-19,110339,1,2,0,65.0
10109154FERRETIA_2025-04-19_G46,10109154FERRETIA,2025-04-19,110313,1,1,0,41.0
10109154FERRETIA_2025-04-19_G47,10109154FERRETIA,2025-04-19,110733,1,3,0,49.0
10109154FERRETIA_2025-04-19_G48,10109154FERRETIA,2025-04-19,117855,1,6,0,283.0
10109154FERRETIA_2025-04-19_G49,10109154FERRETIA,2025-04-19,111467,1,1,0,75.0
10109154FERRETIA_2025-04-19_G50,10109154FERRETIA,2025-04-19,110515,1,1,0,97.0
10109154FERRETIA_2025-04-19_G51,10109154FERRETIA,2025-04-19,"110711, 108798",2,7,19,58.0
10109154FERRETIA_2025-04-19_G52,10109154FERRETIA,2025-04-19,108795,1,3,0,97.0
10109154FERRETIA_2025-04-19_G53,10109154FERRETIA,2025-04-19,118004,1,2,0,94.0
10109154FERRETIA_2025-04-19_G54,10109154FERRETIA,2025-04-19,111418,1,8,0,76.0
10109154FERRETIA_2025-04-19_G55,10109154FERRETIA,2025-04-19,111463,1,5,0,75.0
10109154FERRETIA_2025-04-19_G56,10109154FERRETIA,2025-04-19,111466,1,1,0,96.0
10109154FERRETIA_2025-04-19_G57,10109154FERRETIA,2025-04-19,108794,1,1,0,113.0
10109154FERRETIA_2025-04-19_G58,10109154FERRETIA,2025-04-19,111462,1,2,0,58.0
10109154FERRETIA_2025-04-19_G59,10109154FERRETIA,2025-04-19,118140,1,7,0,124.0
10109154FERRETIA_2025-04-19_G60,10109154FERRETIA,2025-04-19,110325,1,4,0,1221.0
10109154FERRETIA_2025-04-19_G61,10109154FERRETIA,2025-04-19,110374,1,2,0,35.0
10109154FERRETIA_2025-04-19_G62,10109154FERRETIA,2025-04-19,117808,1,12,0,93.0
10109154FERRETIA_2025-04-19_G63,10109154FERRETIA,2025-04-19,118299,1,7,0,58.0
10109154FERRETIA_2025-04-19_G64,10109154FERRETIA,2025-04-19,117809,1,6,0,100.0
10109154FERRETIA_2025-04-19_G65,10109154FERRETIA,2025-04-19,107830,1,4,0,53.0
10109154FERRETIA_2025-04-19_G66,10109154FERRETIA,2025-04-19,117830,1,5,0,85.0
10109154FERRETIA_2025-04-19_G67,10109154FERRETIA,2025-04-19,117820,2,13,9,52.0
10109154FERRETIA_2025-04-19_G68,10109154FERRETIA,2025-04-19,117832,1,3,0,101.0
10109154FERRETIA_2025-04-19_G69,10109154FERRETIA,2025-04-19,110372,2,22,7,87.0
10109154FERRETIA_2025-04-19_G70,10109154FERRETIA,2025-04-19,110375,1,2,0,44.0
10109154FERRETIA_2025-04-19_G71,10109154FERRETIA,2025-04-19,110373,1,8,0,122.0
10109154FERRETIA_2025-04-19_G72,10109154FERRETIA,2025-04-19,118222,1,4,0,396.0
10109154FERRETIA_2025-04-19_G73,10109154FERRETIA,2025-04-19,111569,1,8,0,167.0
10109154FERRETIA_2025-04-19_G74,10109154FERRETIA,2025-04-19,"108759, 111602",3,6,43,78.0
10109154FERRETIA_2025-04-19_G75,10109154FERRETIA,2025-04-19,117862,1,2,0,136.0
10109154FERRETIA_2025-04-19_G76,10109154FERRETIA,2025-04-19,111467,1,4,0,98.0
10109154FERRETIA_2025-04-19_G77,10109154FERRETIA,2025-04-19,109645,1,4,0,91.0
10109154FERRETIA_2025-04-19_G78,10109154FERRETIA,2025-04-19,160055,1,3,0,120.0
10109154FERRETIA_2025-04-19_G79,10109154FERRETIA,2025-04-19,160054,1,8,0,180.0
10109154FERRETIA_2025-04-19_G80,10109154FERRETIA,2025-04-19,110371,1,7,0,137.0
10109154FERRETIA_2025-04-19_G81,10109154FERRETIA,2025-04-19,110373,1,11,0,127.0
10109154FERRETIA_2025-04-19_G83,10109154FERRETIA,2025-04-19,110733,1,3,0,65.0
10109154FERRETIA_2025-04-19_G84,10109154FERRETIA,2025-04-19,117855,1,2,0,111.0
10109154FERRETIA_2025-04-19_G85,10109154FERRETIA,2025-04-19,117856,1,2,0,150.0
10109154FERRETIA_2025-04-19_G86,10109154FERRETIA,2025-04-19,110711,1,2,0,98.0
10109154FERRETIA_2025-04-19_G87,10109154FERRETIA,2025-04-19,118299,1,6,0,118.0
10109154FERRETIA_2025-04-19_G88,10109154FERRETIA,2025-04-19,"117832, 108798",3,12,21,173.0
10109154FERRETIA_2025-04-19_G89,10109154FERRETIA,2025-04-19,117821,1,1,0,94.0
10109154FERRETIA_2025-04-19_G90,10109154FERRETIA,2025-04-19,118004,1,5,0,140.0
10109154FERRETIA_2025-04-19_G91,10109154FERRETIA,2025-04-19,118004,1,4,0,59.0
10109154FERRETIA_2025-04-19_G92,10109154FERRETIA,2025-04-19,111418,1,4,0,53.0
10109154FERRETIA_2025-04-19_G93,10109154FERRETIA,2025-04-19,111463,1,6,0,88.0
10109154FERRETIA_2025-04-19_G94,10109154FERRETIA,2025-04-19,111743,1,1,0,42.0
10109154FERRETIA_2025-04-19_G95,10109154FERRETIA,2025-04-19,140922,1,2,0,51.0
10109154FERRETIA_2025-04-19_G96,10109154FERRETIA,2025-04-19,109641,1,4,0,254.0
10109154FERRETIA_2025-04-19_G97,10109154FERRETIA,2025-04-19,117785,1,2,0,57.0
10109154FERRETIA_2025-04-19_G98,10109154FERRETIA,2025-04-19,111462,1,7,0,134.0
10109154FERRETIA_2025-04-19_G99,10109154FERRETIA,2025-04-19,118140,1,5,0,348.0
10109154FERRETIA_2025-04-22_G02,10109154FERRETIA,2025-04-22,118299,1,200,0,526.0
10109154FERRETIA_2025-04-22_G03,10109154FERRETIA,2025-04-22,117786,1,14,0,753.0
10109154FERRETIA_2025-04-22_G04,10109154FERRETIA,2025-04-22,117837,1,12,0,153.0
10109154FERRETIA_2025-04-22_G05,10109154FERRETIA,2025-04-22,140957,1,4,0,124.0
10109154FERRETIA_2025-04-22_G06,10109154FERRETIA,2025-04-22,141047,1,1,0,139.0
10109154FERRETIA_2025-04-22_G07,10109154FERRETIA,2025-04-22,107629,1,2,0,53.0
10109154FERRETIA_2025-04-22_G08,10109154FERRETIA,2025-04-22,110313,1,3,0,55.0
10109154FERRETIA_2025-04-22_G09,10109154FERRETIA,2025-04-22,111467,1,8,0,625.0
10109154FERRETIA_2025-04-22_G10,10109154FERRETIA,2025-04-22,117833,1,6,0,63.0
10109154FERRETIA_2025-04-22_G11,10109154FERRETIA,2025-04-22,140922,1,11,0,97.0
10109154FERRETIA_2025-04-22_G12,10109154FERRETIA,2025-04-22,108798,1,11,0,234.0
10109154FERRETIA_2025-04-22_G13,10109154FERRETIA,2025-04-22,117831,1,105,0,3136.0
10109154FERRETIA_2025-04-22_G14,10109154FERRETIA,2025-04-22,117861,1,23,0,168.0
10109154FERRETIA_2025-04-22_G15,10109154FERRETIA,2025-04-22,107830,1,21,0,422.0
10109154FERRETIA_2025-04-22_G16,10109154FERRETIA,2025-04-22,117820,1,45,0,463.0
10109154FERRETIA_2025-04-22_G17,10109154FERRETIA,2025-04-22,117830,1,26,0,939.0
10109154FERRETIA_2025-04-22_G18,10109154FERRETIA,2025-04-22,117809,1,42,0,592.0
10109154FERRETIA_2025-04-22_G19,10109154FERRETIA,2025-04-22,110373,1,45,0,276.0
10109154FERRETIA_2025-04-22_G20,10109154FERRETIA,2025-04-22,160057,1,2,0,129.0
10109154FERRETIA_2025-04-22_G21,10109154FERRETIA,2025-04-22,117834,1,2,0,2081.0
10109154FERRETIA_2025-04-22_G22,10109154FERRETIA,2025-04-22,108759,1,2,0,160.0
10109154FERRETIA_2025-04-22_G23,10109154FERRETIA,2025-04-22,111602,1,4,0,112.0
10109154FERRETIA_2025-04-22_G24,10109154FERRETIA,2025-04-22,117855,1,4,0,218.0
10109154FERRETIA_2025-04-22_G25,10109154FERRETIA,2025-04-22,108795,1,4,0,78.0
10109154FERRETIA_2025-04-22_G26,10109154FERRETIA,2025-04-22,111469,1,2,0,107.0
10109154FERRETIA_2025-04-22_G27,10109154FERRETIA,2025-04-22,109645,1,4,0,169.0
10109154FERRETIA_2025-04-22_G28,10109154FERRETIA,2025-04-22,117809,1,5,0,112.0
10109154FERRETIA_2025-04-22_G29,10109154FERRETIA,2025-04-22,117808,1,7,0,147.0
10109154FERRETIA_2025-04-22_G30,10109154FERRETIA,2025-04-22,110373,1,4,0,131.0
10109154FERRETIA_2025-04-22_G31,10109154FERRETIA,2025-04-22,110339,1,4,0,255.0
10109154FERRETIA_2025-04-22_G32,10109154FERRETIA,2025-04-22,117786,1,1,0,193.0
10109154FERRETIA_2025-04-22_G33,10109154FERRETIA,2025-04-22,117837,1,2,0,81.0
10109154FERRETIA_2025-04-22_G34,10109154FERRETIA,2025-04-22,111469,1,4,0,206.0
10109154FERRETIA_2025-04-22_G35,10109154FERRETIA,2025-04-22,111418,1,2,0,122.0
10109154FERRETIA_2025-04-22_G36,10109154FERRETIA,2025-04-22,117785,1,7,0,142.0
10109154FERRETIA_2025-04-22_G37,10109154FERRETIA,2025-04-22,111466,1,6,0,51.0
10109154FERRETIA_2025-04-22_G38,10109154FERRETIA,2025-04-22,118299,1,2,0,147.0
10109154FERRETIA_2025-04-22_G39,10109154FERRETIA,2025-04-22,117820,1,7,0,894.0
10109154FERRETIA_2025-04-22_G40,10109154FERRETIA,2025-04-22,117808,1,7,0,169.0
10109154FERRETIA_2025-04-22_G41,10109154FERRETIA,2025-04-22,117832,1,2,0,127.0
10109154FERRETIA_2025-04-22_G42,10109154FERRETIA,2025-04-22,108711,1,1,0,802.0
10109154FERRETIA_2025-04-22_G43,10109154FERRETIA,2025-04-22,110895,1,2,0,134.0
10109154FERRETIA_2025-04-22_G44,10109154FERRETIA,2025-04-22,110339,1,8,0,157.0
10109154FERRETIA_2025-04-22_G45,10109154FERRETIA,2025-04-22,110313,1,2,0,126.0
10109154FERRETIA_2025-04-22_G46,10109154FERRETIA,2025-04-22,110733,1,2,0,1224.0
10109154FERRETIA_2025-04-22_G47,10109154FERRETIA,2025-04-22,118403,1,2,0,90.0
10109154FERRETIA_2025-04-22_G48,10109154FERRETIA,2025-04-22,117786,1,2,0,106.0
10109154FERRETIA_2025-04-22_G49,10109154FERRETIA,2025-04-22,110515,1,3,0,70.0
10109154FERRETIA_2025-04-22_G50,10109154FERRETIA,2025-04-22,110743,1,3,0,94.0
10109154FERRETIA_2025-04-22_G51,10109154FERRETIA,2025-04-22,105705,1,1,0,113.0
10109154FERRETIA_2025-04-22_G52,10109154FERRETIA,2025-04-22,111466,1,7,0,99.0
10109154FERRETIA_2025-04-22_G53,10109154FERRETIA,2025-04-22,118140,1,4,0,170.0
10109154FERRETIA_2025-04-22_G54,10109154FERRETIA,2025-04-22,117808,1,10,0,216.0
10109154FERRETIA_2025-04-22_G55,10109154FERRETIA,2025-04-22,117809,1,6,0,131.0
10109154FERRETIA_2025-04-22_G56,10109154FERRETIA,2025-04-22,110372,1,3,0,252.0
10109154FERRETIA_2025-04-22_G57,10109154FERRETIA,2025-04-22,110375,1,2,0,83.0
10109154FERRETIA_2025-04-22_G59,10109154FERRETIA,2025-04-22,110339,1,5,0,95.0
10109154FERRETIA_2025-04-22_G60,10109154FERRETIA,2025-04-22,111602,1,2,0,107.0
10109154FERRETIA_2025-04-22_G61,10109154FERRETIA,2025-04-22,117786,1,2,0,85.0
10109154FERRETIA_2025-04-22_G62,10109154FERRETIA,2025-04-22,108795,1,1,0,117.0
10109154FERRETIA_2025-04-22_G63,10109154FERRETIA,2025-04-22,111418,1,3,0,194.0
10109154FERRETIA_2025-04-22_G64,10109154FERRETIA,2025-04-22,108794,1,1,0,139.0
10109154FERRETIA_2025-04-22_G65,10109154FERRETIA,2025-04-22,111462,1,3,0,69.0
10109154FERRETIA_2025-04-22_G66,10109154FERRETIA,2025-04-22,117808,1,4,0,159.0
10109154FERRETIA_2025-04-22_G67,10109154FERRETIA,2025-04-22,118299,1,5,0,153.0
10109154FERRETIA_2025-04-22_G68,10109154FERRETIA,2025-04-22,110372,1,9,0,227.0
10109154FERRETIA_2025-04-22_G69,10109154FERRETIA,2025-04-22,110373,1,5,0,163.0
10109154FERRETIA_2025-04-22_G70,10109154FERRETIA,2025-04-22,118299,1,10,0,308.0
10109154FERRETIA_2025-04-22_G71,10109154FERRETIA,2025-04-22,117809,1,6,0,105.0
10109154FERRETIA_2025-04-22_G72,10109154FERRETIA,2025-04-22,110373,1,6,0,152.0
10109154FERRETIA_2025-04-23_G02,10109154FERRETIA,2025-04-23,111530,1,8,0,270.0
10109154FERRETIA_2025-04-23_G03,10109154FERRETIA,2025-04-23,117808,2,1585,15,2752.0
10109154FERRETIA_2025-04-23_G04,10109154FERRETIA,2025-04-23,117785,1,80,0,435.0
10109154FERRETIA_2025-04-23_G05,10109154FERRETIA,2025-04-23,111465,1,60,0,3594.0
10109154FERRETIA_2025-04-23_G06,10109154FERRETIA,2025-04-23,111468,1,10,0,261.0
10109154FERRETIA_2025-04-23_G07,10109154FERRETIA,2025-04-23,117787,1,7,0,120.0
10109154FERRETIA_2025-04-23_G08,10109154FERRETIA,2025-04-23,108798,1,6,0,135.0
10109154FERRETIA_2025-04-23_G09,10109154FERRETIA,2025-04-23,110740,1,9,0,143.0
10109154FERRETIA_2025-04-23_G10,10109154FERRETIA,2025-04-23,111530,1,59,0,415.0
10109154FERRETIA_2025-04-23_G11,10109154FERRETIA,2025-04-23,118094,1,20,0,181.0
10109154FERRETIA_2025-04-23_G12,10109154FERRETIA,2025-04-23,110515,1,28,0,380.0
10109154FERRETIA_2025-04-23_G13,10109154FERRETIA,2025-04-23,109647,1,8,0,143.0
10109154FERRETIA_2025-04-23_G14,10109154FERRETIA,2025-04-23,111602,1,2,0,94.0
10109154FERRETIA_2025-04-23_G15,10109154FERRETIA,2025-04-23,111602,1,24,0,83.0
10109154FERRETIA_2025-04-23_G16,10109154FERRETIA,2025-04-23,111430,2,24,7,1880.0
10109154FERRETIA_2025-04-23_G17,10109154FERRETIA,2025-04-23,117835,1,4,0,130.0
10109154FERRETIA_2025-04-23_G18,10109154FERRETIA,2025-04-23,108772,1,4,0,1082.0
10109154FERRETIA_2025-04-23_G19,10109154FERRETIA,2025-04-23,111441,1,4,0,124.0
10109154FERRETIA_2025-04-23_G20,10109154FERRETIA,2025-04-23,107830,1,4,0,132.0
10109154FERRETIA_2025-04-23_G21,10109154FERRETIA,2025-04-23,117862,1,10,0,256.0
10109154FERRETIA_2025-04-23_G22,10109154FERRETIA,2025-04-23,111172,1,2,0,142.0
10109154FERRETIA_2025-04-23_G23,10109154FERRETIA,2025-04-23,111532,1,5,0,121.0
10109154FERRETIA_2025-04-23_G24,10109154FERRETIA,2025-04-23,117821,1,4,0,103.0
10109154FERRETIA_2025-04-23_G25,10109154FERRETIA,2025-04-23,111418,1,8,0,101.0
10109154FERRETIA_2025-04-23_G26,10109154FERRETIA,2025-04-23,118299,1,34,0,539.0
10109154FERRETIA_2025-04-23_G27,10109154FERRETIA,2025-04-23,117833,1,7,0,191.0
10109154FERRETIA_2025-04-23_G29,10109154FERRETIA,2025-04-23,117935,1,3,0,65.0
10109154FERRETIA_2025-04-23_G30,10109154FERRETIA,2025-04-23,105242,1,2,0,111.0
10109154FERRETIA_2025-04-23_G31,10109154FERRETIA,2025-04-23,117854,1,8,0,123.0
10109154FERRETIA_2025-04-23_G32,10109154FERRETIA,2025-04-23,111468,1,12,0,340.0
10109154FERRETIA_2025-04-23_G33,10109154FERRETIA,2025-04-23,111330,1,3,0,163.0
10109154FERRETIA_2025-04-23_G34,10109154FERRETIA,2025-04-23,110129,1,13,0,232.0
10109154FERRETIA_2025-04-23_G35,10109154FERRETIA,2025-04-23,111430,1,13,0,514.0
10109154FERRETIA_2025-04-23_G36,10109154FERRETIA,2025-04-23,111430,1,2,0,46.0
10109154FERRETIA_2025-04-23_G37,10109154FERRETIA,2025-04-23,111430,1,2,0,90.0
10109154FERRETIA_2025-04-23_G38,10109154FERRETIA,2025-04-23,117935,1,2,0,54.0
10109154FERRETIA_2025-04-23_G39,10109154FERRETIA,2025-04-23,111530,1,2,0,68.0
10109154FERRETIA_2025-04-23_G40,10109154FERRETIA,2025-04-23,117808,1,5,0,234.0
10109154FERRETIA_2025-04-23_G41,10109154FERRETIA,2025-04-23,110787,1,4,0,359.0
10109154FERRETIA_2025-04-23_G42,10109154FERRETIA,2025-04-23,110747,1,1,0,645.0
10109154FERRETIA_2025-04-23_G43,10109154FERRETIA,2025-04-23,111438,1,5,0,145.0
10109154FERRETIA_2025-04-23_G44,10109154FERRETIA,2025-04-23,111418,1,5,0,112.0
10109154FERRETIA_2025-04-23_G45,10109154FERRETIA,2025-04-23,111463,1,1,0,136.0
10109154FERRETIA_2025-04-23_G46,10109154FERRETIA,2025-04-23,118140,1,4,0,161.0
10109154FERRETIA_2025-04-23_G47,10109154FERRETIA,2025-04-23,110787,1,1,0,122.0
10109154FERRETIA_2025-04-23_G48,10109154FERRETIA,2025-04-23,118299,1,2,0,121.0
10109154FERRETIA_2025-04-23_G49,10109154FERRETIA,2025-04-23,117808,1,19,0,267.0
10109154FERRETIA_2025-04-23_G50,10109154FERRETIA,2025-04-23,110373,1,6,0,134.0
10109154FERRETIA_2025-04-23_G51,10109154FERRETIA,2025-04-23,111430,2,8,8,993.0
10109154FERRETIA_2025-04-23_G52,10109154FERRETIA,2025-04-23,108772,1,4,0,197.0
10109154FERRETIA_2025-04-23_G53,10109154FERRETIA,2025-04-23,110787,1,8,0,200.0
10109154FERRETIA_2025-04-23_G54,10109154FERRETIA,2025-04-23,111530,1,2,0,357.0
10109154FERRETIA_2025-04-24_G02,10109154FERRETIA,2025-04-24,117935,2,3,8,65.0
10109154FERRETIA_2025-04-24_G03,10109154FERRETIA,2025-04-24,109647,1,3,0,111.0
10109154FERRETIA_2025-04-24_G04,10109154FERRETIA,2025-04-24,108772,1,4,0,148.0
10109154FERRETIA_2025-04-24_G05,10109154FERRETIA,2025-04-24,117787,1,1,0,80.0
10109154FERRETIA_2025-04-24_G06,10109154FERRETIA,2025-04-24,111430,2,8,7,202.0
10109154FERRETIA_2025-04-24_G07,10109154FERRETIA,2025-04-24,111430,1,4,0,452.0
10109154FERRETIA_2025-04-24_G08,10109154FERRETIA,2025-04-24,109647,1,4,0,69.0
10109154FERRETIA_2025-04-24_G09,10109154FERRETIA,2025-04-24,117854,1,4,0,165.0
10109154FERRETIA_2025-04-24_G10,10109154FERRETIA,2025-04-24,117787,1,4,0,107.0
10109154FERRETIA_2025-04-24_G11,10109154FERRETIA,2025-04-24,111430,1,4,0,135.0
10109154FERRETIA_2025-04-24_G12,10109154FERRETIA,2025-04-24,111530,1,2,0,81.0
10109154FERRETIA_2025-04-24_G13,10109154FERRETIA,2025-04-24,117854,1,2,0,124.0
10109154FERRETIA_2025-04-24_G14,10109154FERRETIA,2025-04-24,109640,1,4,0,79.0
10109154FERRETIA_2025-04-24_G15,10109154FERRETIA,2025-04-24,111430,2,8,12,338.0
10109154FERRETIA_2025-04-24_G16,10109154FERRETIA,2025-04-24,109640,1,8,0,353.0
10109154FERRETIA_2025-04-24_G18,10109154FERRETIA,2025-04-24,111431,1,2,0,198.0
10109154FERRETIA_2025-04-24_G19,10109154FERRETIA,2025-04-24,110129,1,8,0,194.0
10109154FERRETIA_2025-04-24_G20,10109154FERRETIA,2025-04-24,141047,1,2,0,184.0
10109154FERRETIA_2025-04-24_G21,10109154FERRETIA,2025-04-24,117862,1,4,0,127.0
10109154FERRETIA_2025-04-24_G22,10109154FERRETIA,2025-04-24,117861,1,6,0,99.0
10109154FERRETIA_2025-04-24_G23,10109154FERRETIA,2025-04-24,111469,1,7,0,148.0
10109154FERRETIA_2025-04-24_G24,10109154FERRETIA,2025-04-24,140922,1,6,0,84.0
10109154FERRETIA_2025-04-24_G25,10109154FERRETIA,2025-04-24,111466,1,8,0,133.0
10109154FERRETIA_2025-04-24_G26,10109154FERRETIA,2025-04-24,111532,1,1,0,112.0
10109154FERRETIA_2025-04-24_G27,10109154FERRETIA,2025-04-24,118140,1,14,0,1027.0
10109154FERRETIA_2025-04-24_G28,10109154FERRETIA,2025-04-24,110745,1,4,0,64.0
10109154FERRETIA_2025-04-24_G29,10109154FERRETIA,2025-04-24,110740,1,3,0,117.0
10109154FERRETIA_2025-04-24_G30,10109154FERRETIA,2025-04-24,110787,1,4,0,132.0
10109154FERRETIA_2025-04-24_G31,10109154FERRETIA,2025-04-24,110374,1,16,0,239.0
10109154FERRETIA_2025-04-24_G32,10109154FERRETIA,2025-04-24,117840,1,4,0,113.0
10109154FERRETIA_2025-04-24_G33,10109154FERRETIA,2025-04-24,110372,1,12,0,1681.0
10109154FERRETIA_2025-04-24_G34,10109154FERRETIA,2025-04-24,110375,1,4,0,78.0
10109154FERRETIA_2025-04-24_G35,10109154FERRETIA,2025-04-24,110373,1,24,0,215.0
10109154FERRETIA_2025-04-24_G36,10109154FERRETIA,2025-04-24,117808,1,30,0,531.0
10109154FERRETIA_2025-04-24_G37,10109154FERRETIA,2025-04-24,117809,1,8,0,132.0
10109154FERRETIA_2025-04-24_G38,10109154FERRETIA,2025-04-24,140922,1,4,0,165.0
10109154FERRETIA_2025-04-24_G40,10109154FERRETIA,2025-04-24,111442,1,6,0,491.0
10109154FERRETIA_2025-04-24_G41,10109154FERRETIA,2025-04-24,110325,1,5,0,207.0
10109154FERRETIA_2025-04-24_G42,10109154FERRETIA,2025-04-24,111442,1,50,0,176.0
10109154FERRETIA_2025-04-24_G43,10109154FERRETIA,2025-04-24,111469,1,145,0,279.0
10109154FERRETIA_2025-04-24_G44,10109154FERRETIA,2025-04-24,"140922, 111469",2,98,24,335.0
10109154FERRETIA_2025-04-24_G45,10109154FERRETIA,2025-04-24,110755,1,63,0,365.0
10109154FERRETIA_2025-04-24_G46,10109154FERRETIA,2025-04-24,111569,1,51,0,148.0
10109154FERRETIA_2025-04-24_G47,10109154FERRETIA,2025-04-24,140911,1,15,0,1002.0
10109154FERRETIA_2025-04-24_G48,10109154FERRETIA,2025-04-24,110372,1,4,0,154.0
10109154FERRETIA_2025-04-24_G49,10109154FERRETIA,2025-04-24,108795,1,10,0,1478.0
10109154FERRETIA_2025-04-24_G50,10109154FERRETIA,2025-04-24,140922,1,8,0,158.0
10109154FERRETIA_2025-04-24_G51,10109154FERRETIA,2025-04-24,110787,1,5,0,192.0
10109154FERRETIA_2025-04-25_G02,10109154FERRETIA,2025-04-25,111530,1,4,0,1077.0
10109154FERRETIA_2025-04-25_G03,10109154FERRETIA,2025-04-25,108772,1,2,0,248.0
10109154FERRETIA_2025-04-25_G04,10109154FERRETIA,2025-04-25,110740,1,4,0,302.0
10109154FERRETIA_2025-04-25_G05,10109154FERRETIA,2025-04-25,111530,1,2,0,162.0
10109154FERRETIA_2025-04-25_G06,10109154FERRETIA,2025-04-25,110740,1,2,0,189.0
10109154FERRETIA_2025-04-25_G07,10109154FERRETIA,2025-04-25,117787,1,4,0,243.0
10109154FERRETIA_2025-04-25_G09,10109154FERRETIA,2025-04-25,118094,1,4,0,140.0
10109154FERRETIA_2025-04-25_G10,10109154FERRETIA,2025-04-25,110740,1,2,0,206.0
10109154FERRETIA_2025-04-25_G11,10109154FERRETIA,2025-04-25,111468,1,4,0,163.0
10109154FERRETIA_2025-04-25_G12,10109154FERRETIA,2025-04-25,117787,1,2,0,96.0
10109154FERRETIA_2025-04-25_G13,10109154FERRETIA,2025-04-25,117862,1,20,0,676.0
10109154FERRETIA_2025-04-25_G14,10109154FERRETIA,2025-04-25,110372,1,4,0,159.0
10109154FERRETIA_2025-04-25_G15,10109154FERRETIA,2025-04-25,117834,1,2,0,1352.0
10109154FERRETIA_2025-04-25_G16,10109154FERRETIA,2025-04-25,111530,1,4,0,110.0
10109154FERRETIA_2025-04-25_G17,10109154FERRETIA,2025-04-25,118094,1,2,0,315.0
10109154FERRETIA_2025-04-25_G18,10109154FERRETIA,2025-04-25,110339,1,5,0,207.0
10109154FERRETIA_2025-04-25_G19,10109154FERRETIA,2025-04-25,117786,1,2,0,91.0
10109154FERRETIA_2025-04-25_G20,10109154FERRETIA,2025-04-25,108772,1,2,0,1932.0
10109154FERRETIA_2025-04-25_G21,10109154FERRETIA,2025-04-25,111602,1,2,0,84.0
10109154FERRETIA_2025-04-25_G22,10109154FERRETIA,2025-04-25,108795,1,1,0,167.0
10109154FERRETIA_2025-04-25_G23,10109154FERRETIA,2025-04-25,111418,1,3,0,153.0
10109154FERRETIA_2025-04-25_G24,10109154FERRETIA,2025-04-25,111444,1,2,0,40.0
10109154FERRETIA_2025-04-25_G25,10109154FERRETIA,2025-04-25,108794,1,1,0,60.0
10109154FERRETIA_2025-04-25_G26,10109154FERRETIA,2025-04-25,111462,1,3,0,60.0
10109154FERRETIA_2025-04-25_G27,10109154FERRETIA,2025-04-25,118299,1,5,0,128.0
10109154FERRETIA_2025-04-25_G28,10109154FERRETIA,2025-04-25,110372,1,9,0,128.0
10109154FERRETIA_2025-04-25_G29,10109154FERRETIA,2025-04-25,110373,1,5,0,61.0
10109154FERRETIA_2025-04-25_G30,10109154FERRETIA,2025-04-25,117808,1,4,0,240.0
10109154FERRETIA_2025-04-25_G31,10109154FERRETIA,2025-04-25,117809,1,21,0,445.0
10109154FERRETIA_2025-04-25_G32,10109154FERRETIA,2025-04-25,117830,1,10,0,362.0
10109154FERRETIA_2025-04-25_G33,10109154FERRETIA,2025-04-25,110373,1,20,0,162.0
10109154FERRETIA_2025-04-25_G34,10109154FERRETIA,2025-04-25,110371,1,20,0,369.0
10109154FERRETIA_2025-04-26_G02,10109154FERRETIA,2025-04-26,124370,1,12,0,369.0
10109154FERRETIA_2025-04-26_G03,10109154FERRETIA,2025-04-26,124476,1,4,0,63.0
10109154FERRETIA_2025-04-26_G04,10109154FERRETIA,2025-04-26,124548,1,4,0,78.0
10109154FERRETIA_2025-04-26_G05,10109154FERRETIA,2025-04-26,122703,1,1,0,104.0
10109154FERRETIA_2025-04-26_G06,10109154FERRETIA,2025-04-26,124486,1,10,0,68.0
10109154FERRETIA_2025-04-26_G07,10109154FERRETIA,2025-04-26,123080,1,8,0,103.0
10109154FERRETIA_2025-04-26_G08,10109154FERRETIA,2025-04-26,122984,1,40,0,696.0
10109154FERRETIA_2025-04-26_G09,10109154FERRETIA,2025-04-26,122988,1,6,0,94.0
10109154FERRETIA_2025-04-26_G10,10109154FERRETIA,2025-04-26,124247,1,3,0,228.0
10109154FERRETIA_2025-04-26_G11,10109154FERRETIA,2025-04-26,121651,1,20,0,2155.0
10109154FERRETIA_2025-04-26_G12,10109154FERRETIA,2025-04-26,123344,1,7,0,520.0
10109154FERRETIA_2025-04-26_G13,10109154FERRETIA,2025-04-26,123343,1,4,0,479.0
10109154FERRETIA_2025-04-26_G14,10109154FERRETIA,2025-04-26,124548,1,4,0,141.0
10109154FERRETIA_2025-04-26_G15,10109154FERRETIA,2025-04-26,121651,1,26,0,649.0
10109154FERRETIA_2025-04-26_G16,10109154FERRETIA,2025-04-26,121760,1,30,0,1866.0
10109154FERRETIA_2025-04-26_G17,10109154FERRETIA,2025-04-26,124476,1,4,0,74.0
10109154FERRETIA_2025-04-26_G18,10109154FERRETIA,2025-04-26,123344,1,20,0,1181.0
10109154FERRETIA_2025-04-26_G19,10109154FERRETIA,2025-04-26,123345,1,12,0,178.0
10109154FERRETIA_2025-04-26_G20,10109154FERRETIA,2025-04-26,122962,1,24,0,542.0
10109154FERRETIA_2025-04-26_G21,10109154FERRETIA,2025-04-26,120028,1,40,0,709.0
10109154FERRETIA_2025-04-26_G22,10109154FERRETIA,2025-04-26,120028,1,16,0,278.0
10109154FERRETIA_2025-04-26_G23,10109154FERRETIA,2025-04-26,120028,1,20,0,316.0
10109154FERRETIA_2025-04-26_G24,10109154FERRETIA,2025-04-26,122962,1,16,0,290.0
10109154FERRETIA_2025-04-26_G25,10109154FERRETIA,2025-04-26,123345,1,2,0,1434.0
10109154FERRETIA_2025-04-26_G27,10109154FERRETIA,2025-04-26,122962,3,36,20,41.0
10109154FERRETIA_2025-04-26_G28,10109154FERRETIA,2025-04-26,121760,2,5,13,970.0
10109154FERRETIA_2025-04-26_G29,10109154FERRETIA,2025-04-26,124370,1,12,0,847.0
10109154FERRETIA_2025-04-26_G30,10109154FERRETIA,2025-04-26,124370,1,20,0,503.0
10109154FERRETIA_2025-04-26_G31,10109154FERRETIA,2025-04-26,124370,1,20,0,73.0
10109154FERRETIA_2025-04-26_G32,10109154FERRETIA,2025-04-26,124370,1,20,0,44.0
10109154FERRETIA_2025-04-26_G33,10109154FERRETIA,2025-04-26,120271,1,1,0,1290.0
10109154FERRETIA_2025-04-26_G34,10109154FERRETIA,2025-04-26,124475,1,4,0,151.0
10109154FERRETIA_2025-04-26_G35,10109154FERRETIA,2025-04-26,121651,1,10,0,411.0
10109154FERRETIA_2025-04-26_G36,10109154FERRETIA,2025-04-26,121651,2,24,15,94.0
10109154FERRETIA_2025-04-26_G37,10109154FERRETIA,2025-04-26,122985,1,3,0,731.0
10109154FERRETIA_2025-04-26_G38,10109154FERRETIA,2025-04-26,124247,1,6,0,216.0
10109154FERRETIA_2025-04-26_G39,10109154FERRETIA,2025-04-26,121928,1,2,0,726.0
10109154FERRETIA_2025-04-26_G40,10109154FERRETIA,2025-04-26,124248,1,8,0,125.0
10109154FERRETIA_2025-05-07_G02,10109154FERRETIA,2025-05-07,117830,1,10,0,277.0
10109154FERRETIA_2025-05-07_G03,10109154FERRETIA,2025-05-07,110325,1,10,0,100.0
10109154FERRETIA_2025-05-07_G04,10109154FERRETIA,2025-05-07,118299,1,20,0,185.0
10109154FERRETIA_2025-05-07_G05,10109154FERRETIA,2025-05-07,110374,1,10,0,164.0
10109154FERRETIA_2025-05-07_G06,10109154FERRETIA,2025-05-07,117834,1,2,0,788.0
10109154FERRETIA_2025-05-07_G07,10109154FERRETIA,2025-05-07,118253,1,8,0,182.0
10109154FERRETIA_2025-05-07_G08,10109154FERRETIA,2025-05-07,111430,1,10,0,150.0
10109154FERRETIA_2025-05-07_G09,10109154FERRETIA,2025-05-07,118251,1,4,0,134.0
10109154FERRETIA_2025-05-07_G10,10109154FERRETIA,2025-05-07,118250,1,6,0,181.0
10109154FERRETIA_2025-05-07_G11,10109154FERRETIA,2025-05-07,117862,1,10,0,212.0
10109154FERRETIA_2025-05-07_G12,10109154FERRETIA,2025-05-07,110515,1,12,0,421.0
10109154FERRETIA_2025-05-07_G13,10109154FERRETIA,2025-05-07,111602,1,10,0,149.0
10109154FERRETIA_2025-05-07_G14,10109154FERRETIA,2025-05-07,117821,1,4,0,2523.0
10109154FERRETIA_2025-05-07_G15,10109154FERRETIA,2025-05-07,111469,1,10,0,139.0
10109154FERRETIA_2025-05-07_G16,10109154FERRETIA,2025-05-07,110745,2,11,8,102.0
10109154FERRETIA_2025-05-07_G17,10109154FERRETIA,2025-05-07,111418,1,10,0,168.0
10109154FERRETIA_2025-05-07_G18,10109154FERRETIA,2025-05-07,117838,1,4,0,79.0
10109154FERRETIA_2025-05-07_G19,10109154FERRETIA,2025-05-07,110740,1,10,0,119.0
10109154FERRETIA_2025-05-07_G20,10109154FERRETIA,2025-05-07,"110372, 107830",2,11,30,286.0
10109154FERRETIA_2025-05-07_G21,10109154FERRETIA,2025-05-07,117809,1,10,0,111.0
10109154FERRETIA_2025-05-07_G22,10109154FERRETIA,2025-05-07,110733,1,4,0,271.0
10109154FERRETIA_2025-05-07_G23,10109154FERRETIA,2025-05-07,111467,1,6,0,118.0
10109154FERRETIA_2025-05-07_G24,10109154FERRETIA,2025-05-07,110515,1,12,0,173.0
10109154FERRETIA_2025-05-07_G25,10109154FERRETIA,2025-05-07,109640,1,10,0,186.0
10109154FERRETIA_2025-05-07_G26,10109154FERRETIA,2025-05-07,118094,1,10,0,304.0
10109154FERRETIA_2025-05-07_G27,10109154FERRETIA,2025-05-07,111465,1,10,0,186.0
10109154FERRETIA_2025-05-07_G28,10109154FERRETIA,2025-05-07,111463,1,10,0,150.0
10109154FERRETIA_2025-05-07_G29,10109154FERRETIA,2025-05-07,111462,1,10,0,77.0
10109154FERRETIA_2025-05-07_G30,10109154FERRETIA,2025-05-07,111418,1,10,0,133.0
10109154FERRETIA_2025-05-07_G31,10109154FERRETIA,2025-05-07,117831,1,10,0,105.0
10109154FERRETIA_2025-05-07_G32,10109154FERRETIA,2025-05-07,118140,1,15,0,175.0
10109154FERRETIA_2025-05-07_G33,10109154FERRETIA,2025-05-07,111442,1,15,0,3337.0
10109154FERRETIA_2025-05-07_G34,10109154FERRETIA,2025-05-07,110740,1,4,0,170.0
10109154FERRETIA_2025-05-07_G35,10109154FERRETIA,2025-05-07,117830,1,10,0,203.0
10109154FERRETIA_2025-05-07_G36,10109154FERRETIA,2025-05-07,110325,1,8,0,104.0
10109154FERRETIA_2025-05-07_G37,10109154FERRETIA,2025-05-07,118299,1,20,0,348.0
10109154FERRETIA_2025-05-07_G38,10109154FERRETIA,2025-05-07,110371,1,10,0,134.0
10109154FERRETIA_2025-05-07_G39,10109154FERRETIA,2025-05-07,109643,1,6,0,138.0
10109154FERRETIA_2025-05-07_G40,10109154FERRETIA,2025-05-07,111467,1,4,0,347.0
10109154FERRETIA_2025-05-07_G41,10109154FERRETIA,2025-05-07,110374,1,3,0,87.0
10109154FERRETIA_2025-05-07_G42,10109154FERRETIA,2025-05-07,111462,1,2,0,91.0
10109154FERRETIA_2025-05-07_G43,10109154FERRETIA,2025-05-07,111172,1,2,0,111.0
10109154FERRETIA_2025-05-07_G44,10109154FERRETIA,2025-05-07,111418,1,1,0,60.0
10109154FERRETIA_2025-05-07_G45,10109154FERRETIA,2025-05-07,118140,1,1,0,104.0
10109154FERRETIA_2025-05-07_G46,10109154FERRETIA,2025-05-07,111438,1,6,0,742.0
10109154FERRETIA_2025-05-07_G47,10109154FERRETIA,2025-05-07,118094,1,2,0,146.0
10109154FERRETIA_2025-05-07_G48,10109154FERRETIA,2025-05-07,111530,1,5,0,123.0
10109154FERRETIA_2025-05-07_G49,10109154FERRETIA,2025-05-07,110787,1,1,0,101.0
10109154FERRETIA_2025-05-07_G50,10109154FERRETIA,2025-05-07,118299,1,4,0,263.0
10109154FERRETIA_2025-05-07_G51,10109154FERRETIA,2025-05-07,110371,1,2,0,153.0
10109154FERRETIA_2025-05-07_G52,10109154FERRETIA,2025-05-07,110747,1,4,0,194.0
10109154FERRETIA_2025-05-07_G53,10109154FERRETIA,2025-05-07,111430,1,4,0,86.0
10109154FERRETIA_2025-05-07_G54,10109154FERRETIA,2025-05-07,117820,1,16,0,134.0
10109154FERRETIA_2025-05-07_G55,10109154FERRETIA,2025-05-07,"109643, 110752",2,8,19,166.0
10109154FERRETIA_2025-05-07_G56,10109154FERRETIA,2025-05-07,141047,1,4,0,164.0
10109154FERRETIA_2025-05-07_G57,10109154FERRETIA,2025-05-07,111530,1,4,0,263.0
10109154FERRETIA_2025-05-07_G58,10109154FERRETIA,2025-05-07,117855,1,4,0,416.0
10109154FERRETIA_2025-05-07_G59,10109154FERRETIA,2025-05-07,110515,1,4,0,537.0
10109154FERRETIA_2025-05-07_G60,10109154FERRETIA,2025-05-07,"117785, 117821, 110740",3,13,24,109.0
10109154FERRETIA_2025-05-07_G61,10109154FERRETIA,2025-05-07,108795,1,4,0,104.0
10109154FERRETIA_2025-05-07_G62,10109154FERRETIA,2025-05-07,111469,1,11,0,114.0
10109154FERRETIA_2025-05-07_G63,10109154FERRETIA,2025-05-07,111466,1,12,0,159.0
10109154FERRETIA_2025-05-07_G64,10109154FERRETIA,2025-05-07,111532,1,4,0,96.0
10109154FERRETIA_2025-05-07_G65,10109154FERRETIA,2025-05-07,110787,1,4,0,159.0
10109154FERRETIA_2025-05-07_G66,10109154FERRETIA,2025-05-07,111443,1,4,0,206.0
10109154FERRETIA_2025-05-07_G67,10109154FERRETIA,2025-05-07,108770,1,2,0,208.0
10109154FERRETIA_2025-05-07_G68,10109154FERRETIA,2025-05-07,111530,1,1,0,250.0
10109154FERRETIA_2025-05-07_G70,10109154FERRETIA,2025-05-07,110787,1,3,0,194.0
10109154FERRETIA_2025-05-07_G71,10109154FERRETIA,2025-05-07,118299,1,4,0,474.0
10109154FERRETIA_2025-05-07_G72,10109154FERRETIA,2025-05-07,110371,1,1,0,189.0
10109154FERRETIA_2025-05-07_G73,10109154FERRETIA,2025-05-07,"110371, 110740",2,17,27,188.0
10109154FERRETIA_2025-05-07_G74,10109154FERRETIA,2025-05-07,111463,1,2,0,159.0
10109154FERRETIA_2025-05-07_G75,10109154FERRETIA,2025-05-07,111532,1,2,0,572.0
10109154FERRETIA_2025-05-07_G76,10109154FERRETIA,2025-05-07,140922,1,6,0,95.0
10109154FERRETIA_2025-05-07_G77,10109154FERRETIA,2025-05-07,118140,1,2,0,129.0
10109154FERRETIA_2025-05-07_G78,10109154FERRETIA,2025-05-07,110313,1,4,0,274.0
10109154FERRETIA_2025-05-07_G79,10109154FERRETIA,2025-05-07,111530,1,2,0,161.0
10109154FERRETIA_2025-05-07_G80,10109154FERRETIA,2025-05-07,111530,1,4,0,62.0
10109154FERRETIA_2025-05-07_G81,10109154FERRETIA,2025-05-07,117856,1,5,0,191.0
10109154FERRETIA_2025-05-08_G02,10109154FERRETIA,2025-05-08,118004,1,5,0,175.0
10109154FERRETIA_2025-05-08_G03,10109154FERRETIA,2025-05-08,108794,1,4,0,171.0
10109154FERRETIA_2025-05-08_G04,10109154FERRETIA,2025-05-08,141313,1,4,0,112.0
10109154FERRETIA_2025-05-08_G05,10109154FERRETIA,2025-05-08,111463,1,6,0,134.0
10109154FERRETIA_2025-05-08_G06,10109154FERRETIA,2025-05-08,111469,1,6,0,77.0
10109154FERRETIA_2025-05-08_G07,10109154FERRETIA,2025-05-08,111462,1,2,0,465.0
10109154FERRETIA_2025-05-08_G08,10109154FERRETIA,2025-05-08,111466,1,6,0,107.0
10109154FERRETIA_2025-05-08_G09,10109154FERRETIA,2025-05-08,110787,1,2,0,94.0
10109154FERRETIA_2025-05-08_G10,10109154FERRETIA,2025-05-08,110325,1,3,0,178.0
10109154FERRETIA_2025-05-08_G11,10109154FERRETIA,2025-05-08,117820,1,5,0,79.0
10109154FERRETIA_2025-05-08_G12,10109154FERRETIA,2025-05-08,118299,1,10,0,93.0
10109154FERRETIA_2025-05-08_G13,10109154FERRETIA,2025-05-08,110373,1,11,0,94.0
10109154FERRETIA_2025-05-08_G14,10109154FERRETIA,2025-05-08,110372,1,16,0,112.0
10109154FERRETIA_2025-05-08_G15,10109154FERRETIA,2025-05-08,110375,1,6,0,118.0
10109154FERRETIA_2025-05-08_G16,10109154FERRETIA,2025-05-08,117808,1,18,0,142.0
10109154FERRETIA_2025-05-08_G17,10109154FERRETIA,2025-05-08,117809,1,4,0,37.0
10109154FERRETIA_2025-05-08_G18,10109154FERRETIA,2025-05-08,118004,1,6,0,659.0
10109154FERRETIA_2025-05-08_G19,10109154FERRETIA,2025-05-08,100334,1,6,0,214.0
10109154FERRETIA_2025-05-08_G20,10109154FERRETIA,2025-05-08,110752,1,2,0,231.0
10109154FERRETIA_2025-05-08_G21,10109154FERRETIA,2025-05-08,117855,1,8,0,85.0
10109154FERRETIA_2025-05-08_G22,10109154FERRETIA,2025-05-08,110515,1,14,0,146.0
10109154FERRETIA_2025-05-08_G23,10109154FERRETIA,2025-05-08,111602,1,8,0,295.0
10109154FERRETIA_2025-05-08_G24,10109154FERRETIA,2025-05-08,111530,1,20,0,213.0
10109154FERRETIA_2025-05-08_G25,10109154FERRETIA,2025-05-08,110743,1,2,0,82.0
10109154FERRETIA_2025-05-08_G26,10109154FERRETIA,2025-05-08,111532,1,12,0,101.0
10109154FERRETIA_2025-05-08_G27,10109154FERRETIA,2025-05-08,140922,1,10,0,63.0
10109154FERRETIA_2025-05-08_G28,10109154FERRETIA,2025-05-08,117822,1,5,0,89.0
10109154FERRETIA_2025-05-08_G29,10109154FERRETIA,2025-05-08,110787,1,2,0,343.0
10109154FERRETIA_2025-05-08_G30,10109154FERRETIA,2025-05-08,110325,1,3,0,137.0
10109154FERRETIA_2025-05-08_G31,10109154FERRETIA,2025-05-08,117820,1,3,0,54.0
10109154FERRETIA_2025-05-08_G32,10109154FERRETIA,2025-05-08,118299,1,5,0,75.0
10109154FERRETIA_2025-05-08_G33,10109154FERRETIA,2025-05-08,110375,1,7,0,223.0
10109154FERRETIA_2025-05-08_G34,10109154FERRETIA,2025-05-08,117808,1,19,0,166.0
10109154FERRETIA_2025-05-09_G02,10109154FERRETIA,2025-05-09,110740,1,1,0,90.0
10109154FERRETIA_2025-05-09_G03,10109154FERRETIA,2025-05-09,111469,1,31,0,484.0
10109154FERRETIA_2025-05-09_G04,10109154FERRETIA,2025-05-09,117785,1,2,0,47.0
10109154FERRETIA_2025-05-09_G05,10109154FERRETIA,2025-05-09,111418,1,9,0,138.0
10109154FERRETIA_2025-05-09_G06,10109154FERRETIA,2025-05-09,118299,1,5,0,176.0
10109154FERRETIA_2025-05-09_G07,10109154FERRETIA,2025-05-09,117808,1,19,0,201.0
10109154FERRETIA_2025-05-09_G08,10109154FERRETIA,2025-05-09,118222,1,4,0,406.0
10109154FERRETIA_2025-05-09_G09,10109154FERRETIA,2025-05-09,141047,1,6,0,110.0
10109154FERRETIA_2025-05-09_G10,10109154FERRETIA,2025-05-09,117862,1,6,0,146.0
10109154FERRETIA_2025-05-09_G11,10109154FERRETIA,2025-05-09,117855,1,2,0,117.0
10109154FERRETIA_2025-05-09_G12,10109154FERRETIA,2025-05-09,117786,1,8,0,510.0
10109154FERRETIA_2025-05-09_G13,10109154FERRETIA,2025-05-09,111443,1,3,0,121.0
10109154FERRETIA_2025-05-09_G14,10109154FERRETIA,2025-05-09,110740,1,6,0,103.0
10109154FERRETIA_2025-05-09_G15,10109154FERRETIA,2025-05-09,111469,1,18,0,169.0
10109154FERRETIA_2025-05-09_G16,10109154FERRETIA,2025-05-09,118299,1,1,0,72.0
10109154FERRETIA_2025-05-09_G17,10109154FERRETIA,2025-05-09,110374,1,3,0,90.0
10109154FERRETIA_2025-05-09_G18,10109154FERRETIA,2025-05-09,117832,1,3,0,102.0
10109154FERRETIA_2025-05-09_G19,10109154FERRETIA,2025-05-09,117808,1,5,0,71.0
10109154FERRETIA_2025-05-09_G20,10109154FERRETIA,2025-05-09,100334,2,11,21,2964.0
10109154FERRETIA_2025-05-09_G21,10109154FERRETIA,2025-05-09,110755,1,2,0,486.0
10109154FERRETIA_2025-05-09_G22,10109154FERRETIA,2025-05-09,118222,1,8,0,109.0
10109154FERRETIA_2025-05-09_G23,10109154FERRETIA,2025-05-09,110313,1,3,0,531.0
10109154FERRETIA_2025-05-09_G24,10109154FERRETIA,2025-05-09,117855,1,1,0,102.0
10109154FERRETIA_2025-05-09_G25,10109154FERRETIA,2025-05-09,111463,1,5,0,148.0
10109154FERRETIA_2025-05-09_G26,10109154FERRETIA,2025-05-09,108711,1,3,0,147.0
10109154FERRETIA_2025-05-09_G27,10109154FERRETIA,2025-05-09,108711,1,9,0,74.0
10109154FERRETIA_2025-05-09_G28,10109154FERRETIA,2025-05-09,140922,1,3,0,586.0
10109154FERRETIA_2025-05-09_G29,10109154FERRETIA,2025-05-09,111466,1,3,0,74.0
10109154FERRETIA_2025-05-09_G30,10109154FERRETIA,2025-05-09,118140,1,7,0,119.0
10109154FERRETIA_2025-05-09_G31,10109154FERRETIA,2025-05-09,118299,1,2,0,113.0
10109154FERRETIA_2025-05-09_G32,10109154FERRETIA,2025-05-09,110373,1,7,0,89.0
10109154FERRETIA_2025-05-09_G33,10109154FERRETIA,2025-05-09,110374,1,3,0,69.0
10109154FERRETIA_2025-05-09_G34,10109154FERRETIA,2025-05-09,110371,1,3,0,108.0
10109154FERRETIA_2025-05-09_G35,10109154FERRETIA,2025-05-09,117808,1,1,0,60.0
10109154FERRETIA_2025-05-09_G36,10109154FERRETIA,2025-05-09,111530,1,7,0,423.0
10109154FERRETIA_2025-05-09_G37,10109154FERRETIA,2025-05-09,"140922, 111441",2,11,24,113.0
10109154FERRETIA_2025-05-09_G38,10109154FERRETIA,2025-05-09,111438,1,3,0,130.0
10109154FERRETIA_2025-05-09_G39,10109154FERRETIA,2025-05-09,111443,1,3,0,127.0
10109154FERRETIA_2025-05-09_G40,10109154FERRETIA,2025-05-09,111418,1,2,0,128.0
10109154FERRETIA_2025-05-09_G41,10109154FERRETIA,2025-05-09,110371,1,1,0,123.0
10109154FERRETIA_2025-05-09_G42,10109154FERRETIA,2025-05-09,111441,1,4,0,147.0
10109154FERRETIA_2025-05-09_G43,10109154FERRETIA,2025-05-09,107892,1,1,0,79.0
10109154FERRETIA_2025-05-09_G44,10109154FERRETIA,2025-05-09,110711,1,2,0,1321.0
10109154FERRETIA_2025-05-09_G45,10109154FERRETIA,2025-05-09,111418,1,1,0,88.0
10109154FERRETIA_2025-05-09_G46,10109154FERRETIA,2025-05-09,110787,1,2,0,117.0
10109154FERRETIA_2025-05-09_G47,10109154FERRETIA,2025-05-09,117830,1,2,0,124.0
10109154FERRETIA_2025-05-09_G48,10109154FERRETIA,2025-05-09,111438,1,1,0,86.0
10109154FERRETIA_2025-05-09_G49,10109154FERRETIA,2025-05-09,111532,1,1,0,61.0
10109154FERRETIA_2025-05-09_G50,10109154FERRETIA,2025-05-09,111418,1,5,0,108.0
10109154FERRETIA_2025-05-09_G51,10109154FERRETIA,2025-05-09,118140,1,1,0,97.0
10109154FERRETIA_2025-05-09_G52,10109154FERRETIA,2025-05-09,110787,1,4,0,94.0
10109154FERRETIA_2025-05-09_G53,10109154FERRETIA,2025-05-09,118299,1,3,0,142.0
10109154FERRETIA_2025-05-09_G54,10109154FERRETIA,2025-05-09,117830,1,1,0,133.0
10109154FERRETIA_2025-05-09_G55,10109154FERRETIA,2025-05-09,117808,1,7,0,82.0
10109154FERRETIA_2025-05-09_G56,10109154FERRETIA,2025-05-09,111530,1,8,0,920.0
10109154FERRETIA_2025-05-09_G57,10109154FERRETIA,2025-05-09,111532,1,8,0,141.0
10109154FERRETIA_2025-05-09_G58,10109154FERRETIA,2025-05-09,108794,1,4,0,91.0
10109154FERRETIA_2025-05-09_G59,10109154FERRETIA,2025-05-09,100334,1,4,0,184.0
10109154FERRETIA_2025-05-09_G60,10109154FERRETIA,2025-05-09,107629,1,4,0,64.0
10109154FERRETIA_2025-05-09_G61,10109154FERRETIA,2025-05-09,117855,1,4,0,102.0
10109154FERRETIA_2025-05-09_G62,10109154FERRETIA,2025-05-09,117861,1,4,0,182.0
10109154FERRETIA_2025-05-09_G63,10109154FERRETIA,2025-05-09,110752,1,4,0,163.0
10109154FERRETIA_2025-05-09_G65,10109154FERRETIA,2025-05-09,111532,1,2,0,99.0
10109154FERRETIA_2025-05-09_G66,10109154FERRETIA,2025-05-09,109645,1,2,0,59.0
10109154FERRETIA_2025-05-09_G67,10109154FERRETIA,2025-05-09,111442,1,4,0,121.0
10109154FERRETIA_2025-05-09_G68,10109154FERRETIA,2025-05-09,"111444, 111743",2,6,6,105.0
10109154FERRETIA_2025-05-09_G69,10109154FERRETIA,2025-05-09,110373,1,8,0,104.0
10109154FERRETIA_2025-05-09_G70,10109154FERRETIA,2025-05-09,110374,1,2,0,53.0
10109154FERRETIA_2025-05-09_G71,10109154FERRETIA,2025-05-09,140911,1,4,0,111.0
10109154FERRETIA_2025-05-09_G72,10109154FERRETIA,2025-05-09,118290,1,2,0,312.0
10109154FERRETIA_2025-05-09_G73,10109154FERRETIA,2025-05-09,111530,1,24,0,280.0
10109154FERRETIA_2025-05-09_G74,10109154FERRETIA,2025-05-09,111182,1,1,0,129.0
10109154FERRETIA_2025-05-09_G75,10109154FERRETIA,2025-05-09,110339,1,2,0,167.0
10109154FERRETIA_2025-05-09_G76,10109154FERRETIA,2025-05-09,111602,1,2,0,213.0
10109154FERRETIA_2025-05-09_G77,10109154FERRETIA,2025-05-09,117822,2,3,10,167.0
10109154FERRETIA_2025-05-09_G78,10109154FERRETIA,2025-05-09,100334,1,4,0,1995.0
10109154FERRETIA_2025-05-09_G79,10109154FERRETIA,2025-05-09,107236,1,4,0,169.0
10109154FERRETIA_2025-05-09_G80,10109154FERRETIA,2025-05-09,107236,1,4,0,46.0
10109154FERRETIA_2025-05-09_G81,10109154FERRETIA,2025-05-09,110374,1,4,0,183.0
10109154FERRETIA_2025-05-09_G82,10109154FERRETIA,2025-05-09,110754,1,2,0,133.0
10109154FERRETIA_2025-05-09_G83,10109154FERRETIA,2025-05-09,118004,1,6,0,106.0
10109154FERRETIA_2025-05-09_G84,10109154FERRETIA,2025-05-09,110748,1,20,0,632.0
10109154FERRETIA_2025-05-09_G85,10109154FERRETIA,2025-05-09,111465,1,170,0,422.0
10109154FERRETIA_2025-05-09_G86,10109154FERRETIA,2025-05-09,111743,1,28,0,455.0
10109154FERRETIA_2025-05-10_G02,10109154FERRETIA,2025-05-10,111602,1,4,0,112.0
10109154FERRETIA_2025-05-10_G03,10109154FERRETIA,2025-05-10,111463,1,4,0,188.0
10109154FERRETIA_2025-05-10_G04,10109154FERRETIA,2025-05-10,108798,1,2,0,89.0
10109154FERRETIA_2025-05-10_G05,10109154FERRETIA,2025-05-10,109645,1,4,0,141.0
10109154FERRETIA_2025-05-10_G06,10109154FERRETIA,2025-05-10,117820,1,2,0,117.0
10109154FERRETIA_2025-05-10_G07,10109154FERRETIA,2025-05-10,110371,1,2,0,137.0
10109154FERRETIA_2025-05-10_G09,10109154FERRETIA,2025-05-10,110373,1,8,0,175.0
10109154FERRETIA_2025-05-10_G10,10109154FERRETIA,2025-05-10,110747,1,4,0,187.0
10109154FERRETIA_2025-05-10_G11,10109154FERRETIA,2025-05-10,100334,1,2,0,73.0
10109154FERRETIA_2025-05-10_G12,10109154FERRETIA,2025-05-10,111468,1,7,0,122.0
10109154FERRETIA_2025-05-10_G13,10109154FERRETIA,2025-05-10,111532,1,3,0,112.0
10109154FERRETIA_2025-05-10_G14,10109154FERRETIA,2025-05-10,110787,1,4,0,102.0
10109154FERRETIA_2025-05-10_G15,10109154FERRETIA,2025-05-10,110373,1,14,0,382.0
10109154FERRETIA_2025-05-10_G16,10109154FERRETIA,2025-05-10,110372,1,80,0,1137.0
10109154FERRETIA_2025-05-10_G17,10109154FERRETIA,2025-05-10,118222,1,29,0,430.0
10109154FERRETIA_2025-05-10_G18,10109154FERRETIA,2025-05-10,118222,1,20,0,257.0
10109154FERRETIA_2025-05-10_G19,10109154FERRETIA,2025-05-10,117835,2,26,26,426.0
10109154FERRETIA_2025-05-10_G20,10109154FERRETIA,2025-05-10,111441,1,13,0,153.0
10109154FERRETIA_2025-05-10_G21,10109154FERRETIA,2025-05-10,111569,1,10,0,138.0
10109154FERRETIA_2025-05-10_G22,10109154FERRETIA,2025-05-10,110754,1,10,0,109.0
10109154FERRETIA_2025-05-10_G23,10109154FERRETIA,2025-05-10,118298,1,20,0,431.0
10109154FERRETIA_2025-05-10_G24,10109154FERRETIA,2025-05-10,141047,1,12,0,147.0
10109154FERRETIA_2025-05-10_G25,10109154FERRETIA,2025-05-10,110711,1,13,0,185.0
10109154FERRETIA_2025-05-10_G26,10109154FERRETIA,2025-05-10,116611,1,12,0,85.0
10109154FERRETIA_2025-05-10_G27,10109154FERRETIA,2025-05-10,100334,1,18,0,368.0
10109154FERRETIA_2025-05-10_G28,10109154FERRETIA,2025-05-10,111462,1,5,0,279.0
10109154FERRETIA_2025-05-10_G29,10109154FERRETIA,2025-05-10,117821,1,15,0,243.0
10109154FERRETIA_2025-05-10_G30,10109154FERRETIA,2025-05-10,110376,1,4,0,536.0
10109154FERRETIA_2025-05-10_G31,10109154FERRETIA,2025-05-10,117808,1,400,0,1224.0
10109154FERRETIA_2025-05-10_G32,10109154FERRETIA,2025-05-10,117820,1,48,0,620.0
10109154FERRETIA_2025-05-10_G33,10109154FERRETIA,2025-05-10,117855,1,21,0,1057.0
10109154FERRETIA_2025-05-10_G34,10109154FERRETIA,2025-05-10,111418,1,50,0,488.0
10109154FERRETIA_2025-05-10_G35,10109154FERRETIA,2025-05-10,117840,1,12,0,292.0
10109154FERRETIA_2025-05-10_G36,10109154FERRETIA,2025-05-10,117822,1,30,0,216.0
10109154FERRETIA_2025-05-10_G37,10109154FERRETIA,2025-05-10,110371,1,50,0,228.0
10109154FERRETIA_2025-05-10_G38,10109154FERRETIA,2025-05-10,111463,1,45,0,592.0
10109154FERRETIA_2025-05-10_G39,10109154FERRETIA,2025-05-10,118299,1,75,0,390.0
10109154FERRETIA_2025-05-10_G40,10109154FERRETIA,2025-05-10,110373,1,50,0,504.0
10109154FERRETIA_2025-05-10_G41,10109154FERRETIA,2025-05-10,105705,1,80,0,393.0
10109154FERRETIA_2025-05-10_G42,10109154FERRETIA,2025-05-10,118140,1,50,0,794.0
10109154FERRETIA_2025-05-10_G43,10109154FERRETIA,2025-05-10,110325,1,36,0,265.0
10109154FERRETIA_2025-05-10_G44,10109154FERRETIA,2025-05-10,110374,1,72,0,636.0
10109154FERRETIA_2025-05-10_G45,10109154FERRETIA,2025-05-10,117832,1,53,0,225.0
10109154FERRETIA_2025-05-10_G47,10109154FERRETIA,2025-05-10,111530,1,6,0,188.0
10109154FERRETIA_2025-05-10_G48,10109154FERRETIA,2025-05-10,111532,1,5,0,437.0
10109154FERRETIA_2025-05-10_G49,10109154FERRETIA,2025-05-10,105705,1,4,0,244.0
10109154FERRETIA_2025-05-10_G50,10109154FERRETIA,2025-05-10,118140,1,4,0,499.0
10109154FERRETIA_2025-05-10_G51,10109154FERRETIA,2025-05-10,110374,1,8,0,155.0
10109154FERRETIA_2025-05-13_G02,10109154FERRETIA,2025-05-13,117832,1,4,0,136.0
10109154FERRETIA_2025-05-13_G03,10109154FERRETIA,2025-05-13,111655,1,4,0,385.0
10109154FERRETIA_2025-05-13_G04,10109154FERRETIA,2025-05-13,107629,1,5,0,300.0
10109154FERRETIA_2025-05-13_G05,10109154FERRETIA,2025-05-13,109647,1,4,0,74.0
10109154FERRETIA_2025-05-13_G06,10109154FERRETIA,2025-05-13,110515,1,10,0,521.0
10109154FERRETIA_2025-05-13_G07,10109154FERRETIA,2025-05-13,111467,1,6,0,192.0
10109154FERRETIA_2025-05-13_G08,10109154FERRETIA,2025-05-13,117786,1,10,0,147.0
10109154FERRETIA_2025-05-13_G09,10109154FERRETIA,2025-05-13,117788,1,4,0,159.0
10109154FERRETIA_2025-05-13_G10,10109154FERRETIA,2025-05-13,118298,1,4,0,247.0
10109154FERRETIA_2025-05-13_G11,10109154FERRETIA,2025-05-13,111462,1,20,0,242.0
10109154FERRETIA_2025-05-13_G12,10109154FERRETIA,2025-05-13,109641,1,10,0,114.0
10109154FERRETIA_2025-05-13_G13,10109154FERRETIA,2025-05-13,118140,1,16,0,1137.0
10109154FERRETIA_2025-05-13_G14,10109154FERRETIA,2025-05-13,105705,1,4,0,65.0
10109154FERRETIA_2025-05-13_G15,10109154FERRETIA,2025-05-13,111469,1,12,0,86.0
10109154FERRETIA_2025-05-13_G16,10109154FERRETIA,2025-05-13,117821,1,4,0,62.0
10109154FERRETIA_2025-05-13_G17,10109154FERRETIA,2025-05-13,111463,1,8,0,82.0
10109154FERRETIA_2025-05-13_G18,10109154FERRETIA,2025-05-13,109645,1,5,0,131.0
10109154FERRETIA_2025-05-13_G19,10109154FERRETIA,2025-05-13,111348,1,3,0,61.0
10109154FERRETIA_2025-05-13_G20,10109154FERRETIA,2025-05-13,111330,1,4,0,54.0
10109154FERRETIA_2025-05-13_G21,10109154FERRETIA,2025-05-13,120002,1,8,0,113.0
10109154FERRETIA_2025-05-13_G22,10109154FERRETIA,2025-05-13,110787,1,12,0,142.0
10109154FERRETIA_2025-05-13_G23,10109154FERRETIA,2025-05-13,110755,1,12,0,459.0
10109154FERRETIA_2025-05-13_G24,10109154FERRETIA,2025-05-13,107830,1,20,0,155.0
10109154FERRETIA_2025-05-13_G25,10109154FERRETIA,2025-05-13,109643,1,6,0,121.0
10109154FERRETIA_2025-05-13_G26,10109154FERRETIA,2025-05-13,107236,1,10,0,112.0
10109154FERRETIA_2025-05-13_G27,10109154FERRETIA,2025-05-13,111418,1,36,0,736.0
10109154FERRETIA_2025-05-13_G28,10109154FERRETIA,2025-05-13,109647,1,1,0,130.0
10109154FERRETIA_2025-05-13_G29,10109154FERRETIA,2025-05-13,118094,1,4,0,121.0
10109154FERRETIA_2025-05-13_G30,10109154FERRETIA,2025-05-13,118299,1,50,0,3215.0
10109154FERRETIA_2025-05-13_G31,10109154FERRETIA,2025-05-13,117832,1,12,0,108.0
10109154FERRETIA_2025-05-13_G32,10109154FERRETIA,2025-05-13,117830,1,16,0,250.0
10109154FERRETIA_2025-05-13_G33,10109154FERRETIA,2025-05-13,110371,1,30,0,328.0
10109154FERRETIA_2025-05-13_G34,10109154FERRETIA,2025-05-13,109643,1,4,0,110.0
10109154FERRETIA_2025-05-13_G35,10109154FERRETIA,2025-05-13,109643,1,12,0,229.0
10109154FERRETIA_2025-05-13_G36,10109154FERRETIA,2025-05-13,110373,1,4,0,239.0
10109154FERRETIA_2025-05-13_G37,10109154FERRETIA,2025-05-13,110372,1,4,0,77.0
10109154FERRETIA_2025-05-13_G38,10109154FERRETIA,2025-05-13,110740,2,9,14,90.0
10109154FERRETIA_2025-05-13_G39,10109154FERRETIA,2025-05-13,109641,1,12,0,312.0
10109154FERRETIA_2025-05-13_G40,10109154FERRETIA,2025-05-13,105705,2,24,9,226.0
10109154FERRETIA_2025-05-13_G41,10109154FERRETIA,2025-05-13,111469,1,2,0,1000.0
10109154FERRETIA_2025-05-13_G42,10109154FERRETIA,2025-05-13,140922,1,12,0,148.0
10109154FERRETIA_2025-05-13_G43,10109154FERRETIA,2025-05-13,117821,1,16,0,187.0
10109154FERRETIA_2025-05-13_G44,10109154FERRETIA,2025-05-13,111463,1,20,0,115.0
10109154FERRETIA_2025-05-13_G45,10109154FERRETIA,2025-05-13,111466,1,4,0,80.0
10109154FERRETIA_2025-05-13_G46,10109154FERRETIA,2025-05-13,117831,1,12,0,177.0
10109154FERRETIA_2025-05-13_G47,10109154FERRETIA,2025-05-13,111348,1,4,0,213.0
10109154FERRETIA_2025-05-13_G48,10109154FERRETIA,2025-05-13,107236,1,2,0,114.0
10109154FERRETIA_2025-05-13_G49,10109154FERRETIA,2025-05-13,108736,1,4,0,122.0
10109154FERRETIA_2025-05-13_G50,10109154FERRETIA,2025-05-13,111443,2,15,5,70.0
10109154FERRETIA_2025-05-13_G51,10109154FERRETIA,2025-05-13,111418,1,50,0,477.0
10109154FERRETIA_2025-05-13_G52,10109154FERRETIA,2025-05-13,109645,1,20,0,273.0
10109154FERRETIA_2025-05-13_G53,10109154FERRETIA,2025-05-13,117862,1,12,0,575.0
10109154FERRETIA_2025-05-13_G54,10109154FERRETIA,2025-05-13,110787,1,30,0,505.0
10109154FERRETIA_2025-05-13_G56,10109154FERRETIA,2025-05-13,118140,2,43,9,174.0
10109154FERRETIA_2025-05-13_G57,10109154FERRETIA,2025-05-13,117834,1,8,0,272.0
10109154FERRETIA_2025-05-13_G58,10109154FERRETIA,2025-05-13,109937,1,4,0,316.0
10109154FERRETIA_2025-05-13_G59,10109154FERRETIA,2025-05-13,"110747, 118290",2,28,20,1199.0
10109154FERRETIA_2025-05-13_G60,10109154FERRETIA,2025-05-13,111438,2,40,9,42.0
10109154FERRETIA_2025-05-13_G61,10109154FERRETIA,2025-05-13,110515,1,8,0,909.0
10109154FERRETIA_2025-05-13_G62,10109154FERRETIA,2025-05-13,111532,1,10,0,205.0
10109154FERRETIA_2025-05-13_G63,10109154FERRETIA,2025-05-13,118299,1,100,0,890.0
10109154FERRETIA_2025-05-13_G64,10109154FERRETIA,2025-05-13,117831,1,4,0,963.0
10109154FERRETIA_2025-05-13_G65,10109154FERRETIA,2025-05-13,110748,1,4,0,75.0
10109154FERRETIA_2025-05-13_G66,10109154FERRETIA,2025-05-13,117838,1,4,0,88.0
10109154FERRETIA_2025-05-13_G67,10109154FERRETIA,2025-05-13,110743,1,4,0,303.0
10109154FERRETIA_2025-05-13_G68,10109154FERRETIA,2025-05-13,110740,1,4,0,59.0
10109154FERRETIA_2025-05-13_G69,10109154FERRETIA,2025-05-13,118140,1,3,0,67.0
10109154FERRETIA_2025-05-13_G70,10109154FERRETIA,2025-05-13,111418,1,4,0,114.0
10109154FERRETIA_2025-05-13_G71,10109154FERRETIA,2025-05-13,117856,1,2,0,154.0
10109154FERRETIA_2025-05-14_G02,10109154FERRETIA,2025-05-14,118299,1,200,0,1377.0
10109154FERRETIA_2025-05-14_G03,10109154FERRETIA,2025-05-14,117809,1,40,0,681.0
10109154FERRETIA_2025-05-14_G04,10109154FERRETIA,2025-05-14,110325,1,10,0,2233.0
10109154FERRETIA_2025-05-14_G05,10109154FERRETIA,2025-05-14,117820,1,30,0,187.0
10109154FERRETIA_2025-05-14_G06,10109154FERRETIA,2025-05-14,110374,1,10,0,146.0
10109154FERRETIA_2025-05-14_G07,10109154FERRETIA,2025-05-14,110376,1,16,0,181.0
10109154FERRETIA_2025-05-14_G08,10109154FERRETIA,2025-05-14,117830,1,10,0,404.0
10109154FERRETIA_2025-05-14_G09,10109154FERRETIA,2025-05-14,117830,1,30,0,58.0
10109154FERRETIA_2025-05-14_G10,10109154FERRETIA,2025-05-14,110375,1,10,0,495.0
10109154FERRETIA_2025-05-14_G11,10109154FERRETIA,2025-05-14,110371,1,30,0,279.0
10109154FERRETIA_2025-05-14_G12,10109154FERRETIA,2025-05-14,117808,1,40,0,888.0
10109154FERRETIA_2025-05-14_G13,10109154FERRETIA,2025-05-14,110373,1,60,0,59.0
10109154FERRETIA_2025-05-14_G14,10109154FERRETIA,2025-05-14,110372,1,140,0,571.0
10109154FERRETIA_2025-05-14_G15,10109154FERRETIA,2025-05-14,111466,1,70,0,200.0
10109154FERRETIA_2025-05-14_G16,10109154FERRETIA,2025-05-14,111418,1,60,0,287.0
10109154FERRETIA_2025-05-14_G17,10109154FERRETIA,2025-05-14,111463,1,50,0,829.0
10109154FERRETIA_2025-05-14_G18,10109154FERRETIA,2025-05-14,117787,1,30,0,214.0
10109154FERRETIA_2025-05-14_G19,10109154FERRETIA,2025-05-14,117935,1,1,0,1610.0
10109154FERRETIA_2025-05-14_G20,10109154FERRETIA,2025-05-14,111467,1,20,0,200.0
10109154FERRETIA_2025-05-14_G21,10109154FERRETIA,2025-05-14,110752,1,5,0,98.0
10109154FERRETIA_2025-05-14_G22,10109154FERRETIA,2025-05-14,108361,1,7,0,170.0
10109154FERRETIA_2025-05-14_G23,10109154FERRETIA,2025-05-14,160057,1,2,0,598.0
10109154FERRETIA_2025-05-14_G24,10109154FERRETIA,2025-05-14,111441,1,4,0,164.0
10109154FERRETIA_2025-05-14_G25,10109154FERRETIA,2025-05-14,111442,1,4,0,142.0
10109154FERRETIA_2025-05-14_G26,10109154FERRETIA,2025-05-14,160051,1,3,0,54.0
10109154FERRETIA_2025-05-14_G27,10109154FERRETIA,2025-05-14,117808,1,21,0,325.0
10109154FERRETIA_2025-05-14_G28,10109154FERRETIA,2025-05-14,117833,1,97,0,1281.0
10109154FERRETIA_2025-05-14_G29,10109154FERRETIA,2025-05-14,117861,1,544,0,2225.0
10109154FERRETIA_2025-05-14_G30,10109154FERRETIA,2025-05-14,117862,1,206,0,121.0
10109154FERRETIA_2025-05-14_G32,10109154FERRETIA,2025-05-14,118299,1,200,0,278.0
10109154FERRETIA_2025-05-14_G33,10109154FERRETIA,2025-05-14,117820,1,100,0,815.0
10109154FERRETIA_2025-05-14_G34,10109154FERRETIA,2025-05-14,110373,1,30,0,747.0
10109154FERRETIA_2025-05-14_G35,10109154FERRETIA,2025-05-14,110372,1,30,0,397.0
10109154FERRETIA_2025-05-14_G36,10109154FERRETIA,2025-05-14,117822,1,32,0,404.0
10109154FERRETIA_2025-05-14_G37,10109154FERRETIA,2025-05-14,110374,1,80,0,1136.0
10109154FERRETIA_2025-05-14_G38,10109154FERRETIA,2025-05-14,117830,2,150,6,350.0
10109154FERRETIA_2025-05-14_G39,10109154FERRETIA,2025-05-14,108961,1,1,0,421.0
10109154FERRETIA_2025-05-14_G40,10109154FERRETIA,2025-05-14,110752,1,6,0,134.0
10109154FERRETIA_2025-05-14_G41,10109154FERRETIA,2025-05-14,110371,1,40,0,417.0
10109154FERRETIA_2025-05-15_G02,10109154FERRETIA,2025-05-15,118299,1,50,0,566.0
10109154FERRETIA_2025-05-15_G03,10109154FERRETIA,2025-05-15,118299,1,50,0,626.0
10109154FERRETIA_2025-05-15_G04,10109154FERRETIA,2025-05-15,110376,1,4,0,118.0
10109154FERRETIA_2025-05-15_G05,10109154FERRETIA,2025-05-15,110375,1,5,0,165.0
10109154FERRETIA_2025-05-15_G06,10109154FERRETIA,2025-05-15,110371,1,12,0,186.0
10109154FERRETIA_2025-05-15_G07,10109154FERRETIA,2025-05-15,110371,1,43,0,1584.0
10109154FERRETIA_2025-05-15_G08,10109154FERRETIA,2025-05-15,117809,1,8,0,116.0
10109154FERRETIA_2025-05-15_G09,10109154FERRETIA,2025-05-15,110371,1,20,0,211.0
10109154FERRETIA_2025-05-15_G10,10109154FERRETIA,2025-05-15,111418,4,33,31,155.0
10109154FERRETIA_2025-05-15_G11,10109154FERRETIA,2025-05-15,111348,3,8,19,290.0
10109154FERRETIA_2025-05-15_G12,10109154FERRETIA,2025-05-15,111442,1,4,0,539.0
10109154FERRETIA_2025-05-15_G13,10109154FERRETIA,2025-05-15,117785,1,8,0,65.0
10109154FERRETIA_2025-05-15_G14,10109154FERRETIA,2025-05-15,160055,1,6,0,166.0
10109154FERRETIA_2025-05-15_G15,10109154FERRETIA,2025-05-15,111465,1,8,0,108.0
10109154FERRETIA_2025-05-15_G16,10109154FERRETIA,2025-05-15,111743,1,4,0,128.0
10109154FERRETIA_2025-05-15_G17,10109154FERRETIA,2025-05-15,"111443, 111468",3,8,18,153.0
10109154FERRETIA_2025-05-15_G18,10109154FERRETIA,2025-05-15,110743,1,2,0,69.0
10109154FERRETIA_2025-05-15_G19,10109154FERRETIA,2025-05-15,110740,1,12,0,147.0
10109154FERRETIA_2025-05-15_G20,10109154FERRETIA,2025-05-15,117787,1,2,0,93.0
10109154FERRETIA_2025-05-15_G21,10109154FERRETIA,2025-05-15,111469,1,3,0,61.0
10109154FERRETIA_2025-05-15_G22,10109154FERRETIA,2025-05-15,117821,1,4,0,105.0
10109154FERRETIA_2025-05-15_G23,10109154FERRETIA,2025-05-15,111532,2,12,7,856.0
10109154FERRETIA_2025-05-15_G24,10109154FERRETIA,2025-05-15,110339,2,6,7,1592.0
10109154FERRETIA_2025-05-15_G25,10109154FERRETIA,2025-05-15,110515,3,13,23,117.0
10109154FERRETIA_2025-05-15_G26,10109154FERRETIA,2025-05-15,117842,1,2,0,202.0
10109154FERRETIA_2025-05-15_G27,10109154FERRETIA,2025-05-15,117833,1,4,0,108.0
10109154FERRETIA_2025-05-15_G28,10109154FERRETIA,2025-05-15,117856,1,8,0,103.0
10109154FERRETIA_2025-05-15_G29,10109154FERRETIA,2025-05-15,117855,1,8,0,173.0
10109154FERRETIA_2025-05-15_G30,10109154FERRETIA,2025-05-15,111438,1,4,0,453.0
10109154FERRETIA_2025-05-15_G31,10109154FERRETIA,2025-05-15,111430,1,10,0,274.0
10109154FERRETIA_2025-05-15_G32,10109154FERRETIA,2025-05-15,111569,2,12,6,92.0
10109154FERRETIA_2025-05-15_G33,10109154FERRETIA,2025-05-15,110371,1,11,0,858.0
10109154FERRETIA_2025-05-15_G34,10109154FERRETIA,2025-05-15,117808,1,15,0,175.0
10109154FERRETIA_2025-05-15_G35,10109154FERRETIA,2025-05-15,110373,2,41,10,368.0
10109154FERRETIA_2025-05-15_G36,10109154FERRETIA,2025-05-15,110372,1,8,0,157.0
10109154FERRETIA_2025-05-15_G37,10109154FERRETIA,2025-05-15,117820,1,2,0,136.0
10109154FERRETIA_2025-05-15_G38,10109154FERRETIA,2025-05-15,118299,1,10,0,239.0
10109154FERRETIA_2025-05-15_G39,10109154FERRETIA,2025-05-15,117830,1,8,0,165.0
10109154FERRETIA_2025-05-15_G40,10109154FERRETIA,2025-05-15,111742,1,6,0,604.0
10109154FERRETIA_2025-05-15_G41,10109154FERRETIA,2025-05-15,111468,1,2,0,183.0
10109154FERRETIA_2025-05-15_G42,10109154FERRETIA,2025-05-15,111172,1,4,0,147.0
10109154FERRETIA_2025-05-15_G43,10109154FERRETIA,2025-05-15,118094,1,8,0,323.0
10109154FERRETIA_2025-05-15_G44,10109154FERRETIA,2025-05-15,111876,1,8,0,66.0
10109154FERRETIA_2025-05-15_G45,10109154FERRETIA,2025-05-15,"111532, 111418",2,14,18,67.0
10109154FERRETIA_2025-05-15_G46,10109154FERRETIA,2025-05-15,111466,1,4,0,52.0
10109154FERRETIA_2025-05-15_G47,10109154FERRETIA,2025-05-15,118403,1,4,0,91.0
10109154FERRETIA_2025-05-15_G48,10109154FERRETIA,2025-05-15,111879,1,4,0,166.0
10109154FERRETIA_2025-05-15_G49,10109154FERRETIA,2025-05-15,117853,1,4,0,65.0
10109154FERRETIA_2025-05-15_G50,10109154FERRETIA,2025-05-15,101217,1,4,0,372.0
10109154FERRETIA_2025-05-15_G51,10109154FERRETIA,2025-05-15,111530,2,16,8,270.0
10109154FERRETIA_2025-05-15_G52,10109154FERRETIA,2025-05-15,111441,1,5,0,1229.0
10109154FERRETIA_2025-05-15_G53,10109154FERRETIA,2025-05-15,111430,1,6,0,49.0
10109154FERRETIA_2025-05-15_G54,10109154FERRETIA,2025-05-15,118222,1,8,0,187.0
10109154FERRETIA_2025-05-15_G55,10109154FERRETIA,2025-05-15,111660,1,4,0,183.0
10109154FERRETIA_2025-05-15_G56,10109154FERRETIA,2025-05-15,111438,1,6,0,110.0
10109154FERRETIA_2025-05-15_G57,10109154FERRETIA,2025-05-15,111655,1,6,0,153.0
10109154FERRETIA_2025-05-15_G58,10109154FERRETIA,2025-05-15,111463,1,4,0,497.0
10109154FERRETIA_2025-05-15_G59,10109154FERRETIA,2025-05-15,111469,1,4,0,115.0
10109154FERRETIA_2025-05-15_G60,10109154FERRETIA,2025-05-15,111330,1,4,0,130.0
10109154FERRETIA_2025-05-15_G61,10109154FERRETIA,2025-05-15,117842,1,4,0,88.0
10109154FERRETIA_2025-05-15_G62,10109154FERRETIA,2025-05-15,111530,1,15,0,140.0
10109154FERRETIA_2025-05-15_G63,10109154FERRETIA,2025-05-15,111468,1,4,0,758.0
10109154FERRETIA_2025-05-15_G64,10109154FERRETIA,2025-05-15,160054,1,5,0,680.0
10109154FERRETIA_2025-05-15_G65,10109154FERRETIA,2025-05-15,117808,1,7,0,208.0
10109154FERRETIA_2025-05-15_G66,10109154FERRETIA,2025-05-15,110325,1,10,0,347.0
10109154FERRETIA_2025-05-15_G67,10109154FERRETIA,2025-05-15,110373,1,40,0,409.0
10109154FERRETIA_2025-05-15_G68,10109154FERRETIA,2025-05-15,110372,1,30,0,306.0
10109154FERRETIA_2025-05-15_G70,10109154FERRETIA,2025-05-15,117822,1,10,0,129.0
10109154FERRETIA_2025-05-15_G71,10109154FERRETIA,2025-05-15,108711,1,10,0,953.0
10109154FERRETIA_2025-05-15_G72,10109154FERRETIA,2025-05-15,140922,1,12,0,193.0
10109154FERRETIA_2025-05-15_G73,10109154FERRETIA,2025-05-15,110745,1,10,0,91.0
10109154FERRETIA_2025-05-15_G74,10109154FERRETIA,2025-05-15,117821,1,8,0,102.0
10109154FERRETIA_2025-05-15_G75,10109154FERRETIA,2025-05-15,111466,1,8,0,73.0
10109154FERRETIA_2025-05-15_G76,10109154FERRETIA,2025-05-15,117833,1,5,0,77.0
10109154FERRETIA_2025-05-15_G77,10109154FERRETIA,2025-05-15,111532,1,6,0,104.0
10109154FERRETIA_2025-05-16_G02,10109154FERRETIA,2025-05-16,110373,1,25,0,341.0
10109154FERRETIA_2025-05-16_G03,10109154FERRETIA,2025-05-16,110372,1,12,0,137.0
10109154FERRETIA_2025-05-16_G04,10109154FERRETIA,2025-05-16,117820,1,4,0,67.0
10109154FERRETIA_2025-05-16_G05,10109154FERRETIA,2025-05-16,110375,1,12,0,254.0
10109154FERRETIA_2025-05-16_G06,10109154FERRETIA,2025-05-16,108711,1,1,0,137.0
10109154FERRETIA_2025-05-16_G07,10109154FERRETIA,2025-05-16,111468,1,5,0,68.0
10109154FERRETIA_2025-05-16_G08,10109154FERRETIA,2025-05-16,110745,1,4,0,79.0
10109154FERRETIA_2025-05-16_G09,10109154FERRETIA,2025-05-16,109645,1,3,0,101.0
10109154FERRETIA_2025-05-16_G10,10109154FERRETIA,2025-05-16,118094,1,2,0,177.0
10109154FERRETIA_2025-05-16_G11,10109154FERRETIA,2025-05-16,110515,1,2,0,161.0
10109154FERRETIA_2025-05-16_G12,10109154FERRETIA,2025-05-16,117855,1,1,0,76.0
10109154FERRETIA_2025-05-16_G13,10109154FERRETIA,2025-05-16,117786,1,3,0,102.0
10109154FERRETIA_2025-05-16_G14,10109154FERRETIA,2025-05-16,110711,1,4,0,324.0
10109154FERRETIA_2025-05-16_G15,10109154FERRETIA,2025-05-16,111530,1,16,0,241.0
10109154FERRETIA_2025-05-16_G16,10109154FERRETIA,2025-05-16,109647,1,8,0,196.0
10109154FERRETIA_2025-05-16_G17,10109154FERRETIA,2025-05-16,100334,1,6,0,182.0
10109154FERRETIA_2025-05-16_G18,10109154FERRETIA,2025-05-16,110373,1,22,0,1393.0
10109154FERRETIA_2025-05-16_G19,10109154FERRETIA,2025-05-16,110371,1,20,0,448.0
10109154FERRETIA_2025-05-16_G20,10109154FERRETIA,2025-05-16,117809,1,8,0,136.0
10109154FERRETIA_2025-05-16_G21,10109154FERRETIA,2025-05-16,109647,1,12,0,237.0
10109154FERRETIA_2025-05-16_G22,10109154FERRETIA,2025-05-16,109937,1,4,0,135.0
10109154FERRETIA_2025-05-16_G23,10109154FERRETIA,2025-05-16,110743,1,8,0,371.0
10109154FERRETIA_2025-05-16_G24,10109154FERRETIA,2025-05-16,111446,1,2,0,178.0
10109154FERRETIA_2025-05-16_G25,10109154FERRETIA,2025-05-16,111182,1,4,0,79.0
10109154FERRETIA_2025-05-16_G26,10109154FERRETIA,2025-05-16,111466,1,8,0,97.0
10109154FERRETIA_2025-05-16_G27,10109154FERRETIA,2025-05-16,117833,1,4,0,71.0
10109154FERRETIA_2025-05-16_G28,10109154FERRETIA,2025-05-16,111330,1,4,0,89.0
10109154FERRETIA_2025-05-16_G29,10109154FERRETIA,2025-05-16,111418,1,4,0,104.0
10109154FERRETIA_2025-05-16_G30,10109154FERRETIA,2025-05-16,110372,1,7,0,3534.0
10109154FERRETIA_2025-05-16_G31,10109154FERRETIA,2025-05-16,110376,1,4,0,223.0
10109154FERRETIA_2025-05-16_G32,10109154FERRETIA,2025-05-16,117808,1,8,0,124.0
10109154FERRETIA_2025-05-16_G33,10109154FERRETIA,2025-05-16,118094,1,6,0,179.0
10109154FERRETIA_2025-05-16_G34,10109154FERRETIA,2025-05-16,111876,1,4,0,141.0
10109154FERRETIA_2025-05-16_G35,10109154FERRETIA,2025-05-16,110339,1,6,0,66.0
10109154FERRETIA_2025-05-16_G36,10109154FERRETIA,2025-05-16,117837,1,2,0,71.0
10109154FERRETIA_2025-05-16_G37,10109154FERRETIA,2025-05-16,117861,1,4,0,745.0
10109154FERRETIA_2025-05-16_G38,10109154FERRETIA,2025-05-16,111467,1,4,0,78.0
10109154FERRETIA_2025-05-16_G39,10109154FERRETIA,2025-05-16,117786,1,2,0,101.0
10109154FERRETIA_2025-05-16_G40,10109154FERRETIA,2025-05-16,110751,1,2,0,1050.0
10109154FERRETIA_2025-05-16_G41,10109154FERRETIA,2025-05-16,118290,1,4,0,686.0
10109154FERRETIA_2025-05-16_G42,10109154FERRETIA,2025-05-16,118004,1,8,0,208.0
10109154FERRETIA_2025-05-16_G43,10109154FERRETIA,2025-05-16,111348,1,4,0,2636.0
10109154FERRETIA_2025-05-16_G44,10109154FERRETIA,2025-05-16,118140,1,4,0,109.0
10109154FERRETIA_2025-05-16_G46,10109154FERRETIA,2025-05-16,118191,1,21,0,1462.0
10109154FERRETIA_2025-05-16_G47,10109154FERRETIA,2025-05-16,141262,1,12,0,225.0
10109154FERRETIA_2025-05-16_G48,10109154FERRETIA,2025-05-16,"111759, 111742",2,15,18,482.0
10109154FERRETIA_2025-05-16_G49,10109154FERRETIA,2025-05-16,110374,1,8,0,534.0
10109154FERRETIA_2025-05-16_G50,10109154FERRETIA,2025-05-16,110371,1,2,0,230.0
10109154FERRETIA_2025-05-16_G51,10109154FERRETIA,2025-05-16,110374,1,2,0,142.0
10109154FERRETIA_2025-05-16_G52,10109154FERRETIA,2025-05-16,118140,1,4,0,129.0
10109154FERRETIA_2025-05-16_G53,10109154FERRETIA,2025-05-16,110373,1,4,0,802.0
10109154FERRETIA_2025-05-16_G54,10109154FERRETIA,2025-05-16,110372,1,4,0,141.0
10109154FERRETIA_2025-05-16_G55,10109154FERRETIA,2025-05-16,117832,1,2,0,135.0
10109154FERRETIA_2025-05-16_G56,10109154FERRETIA,2025-05-16,117808,1,6,0,203.0
10109154FERRETIA_2025-05-16_G57,10109154FERRETIA,2025-05-16,108711,1,2,0,1576.0
10109154FERRETIA_2025-05-16_G58,10109154FERRETIA,2025-05-16,111469,1,4,0,107.0
10109154FERRETIA_2025-05-16_G59,10109154FERRETIA,2025-05-16,140922,1,2,0,41.0
10109154FERRETIA_2025-05-16_G60,10109154FERRETIA,2025-05-16,111466,1,4,0,76.0
10109154FERRETIA_2025-05-16_G61,10109154FERRETIA,2025-05-16,118140,1,2,0,43.0
10109154FERRETIA_2025-05-16_G62,10109154FERRETIA,2025-05-16,111172,1,4,0,180.0
10109154FERRETIA_2025-05-16_G63,10109154FERRETIA,2025-05-16,117785,1,1,0,237.0
10109154FERRETIA_2025-05-16_G64,10109154FERRETIA,2025-05-16,117855,1,4,0,175.0
10109154FERRETIA_2025-05-17_G02,10109154FERRETIA,2025-05-17,110373,1,62,0,634.0
10109154FERRETIA_2025-05-17_G03,10109154FERRETIA,2025-05-17,110371,1,17,0,458.0
10109154FERRETIA_2025-05-17_G04,10109154FERRETIA,2025-05-17,117809,1,7,0,110.0
10109154FERRETIA_2025-05-17_G05,10109154FERRETIA,2025-05-17,117808,2,38,25,95.0
10109154FERRETIA_2025-05-17_G06,10109154FERRETIA,2025-05-17,"117820, 110376",3,18,21,120.0
10109154FERRETIA_2025-05-17_G07,10109154FERRETIA,2025-05-17,110371,1,74,0,322.0
10109154FERRETIA_2025-05-17_G08,10109154FERRETIA,2025-05-17,110372,1,35,0,238.0
10109154FERRETIA_2025-05-17_G09,10109154FERRETIA,2025-05-17,110371,1,4,0,81.0
10109154FERRETIA_2025-05-17_G10,10109154FERRETIA,2025-05-17,110372,1,48,0,50.0
10109154FERRETIA_2025-05-17_G11,10109154FERRETIA,2025-05-17,109643,1,43,0,498.0
10109154FERRETIA_2025-05-17_G12,10109154FERRETIA,2025-05-17,110373,1,39,0,396.0
10109154FERRETIA_2025-05-17_G13,10109154FERRETIA,2025-05-17,117809,1,29,0,2063.0
10109154FERRETIA_2025-05-17_G14,10109154FERRETIA,2025-05-17,107830,1,18,0,198.0
10109154FERRETIA_2025-05-17_G15,10109154FERRETIA,2025-05-17,110375,1,8,0,197.0
10109154FERRETIA_2025-05-17_G16,10109154FERRETIA,2025-05-17,118299,1,4,0,99.0
10109154FERRETIA_2025-05-17_G17,10109154FERRETIA,2025-05-17,111443,1,4,0,140.0
10109154FERRETIA_2025-05-17_G18,10109154FERRETIA,2025-05-17,111435,2,8,7,148.0
10109154FERRETIA_2025-05-17_G19,10109154FERRETIA,2025-05-17,108795,1,2,0,80.0
10109154FERRETIA_2025-05-17_G20,10109154FERRETIA,2025-05-17,111462,1,2,0,74.0
10109154FERRETIA_2025-05-17_G21,10109154FERRETIA,2025-05-17,111462,1,4,0,58.0
10109154FERRETIA_2025-05-17_G22,10109154FERRETIA,2025-05-17,105705,1,9,0,126.0
10109154FERRETIA_2025-05-17_G23,10109154FERRETIA,2025-05-17,117787,1,4,0,175.0
10109154FERRETIA_2025-05-17_G24,10109154FERRETIA,2025-05-17,111182,1,4,0,1359.0
10109154FERRETIA_2025-05-17_G25,10109154FERRETIA,2025-05-17,111469,1,6,0,109.0
10109154FERRETIA_2025-05-17_G26,10109154FERRETIA,2025-05-17,111469,1,14,0,545.0
10109154FERRETIA_2025-05-17_G27,10109154FERRETIA,2025-05-17,110745,1,4,0,72.0
10109154FERRETIA_2025-05-17_G28,10109154FERRETIA,2025-05-17,117821,1,4,0,65.0
10109154FERRETIA_2025-05-17_G29,10109154FERRETIA,2025-05-17,118140,1,10,0,239.0
10109154FERRETIA_2025-05-17_G30,10109154FERRETIA,2025-05-17,111172,1,4,0,119.0
10109154FERRETIA_2025-05-17_G31,10109154FERRETIA,2025-05-17,108798,1,4,0,141.0
10109154FERRETIA_2025-05-17_G32,10109154FERRETIA,2025-05-17,108794,1,8,0,229.0
10109154FERRETIA_2025-05-17_G33,10109154FERRETIA,2025-05-17,117831,1,4,0,70.0
10109154FERRETIA_2025-05-17_G34,10109154FERRETIA,2025-05-17,110748,1,4,0,72.0
10109154FERRETIA_2025-05-17_G35,10109154FERRETIA,2025-05-17,111418,1,6,0,82.0
10109154FERRETIA_2025-05-17_G36,10109154FERRETIA,2025-05-17,118004,1,3,0,76.0
10109154FERRETIA_2025-05-17_G37,10109154FERRETIA,2025-05-17,109645,1,8,0,205.0
10109154FERRETIA_2025-05-17_G38,10109154FERRETIA,2025-05-17,109645,1,4,0,1524.0
10109154FERRETIA_2025-05-17_G39,10109154FERRETIA,2025-05-17,111433,1,4,0,223.0
10109154FERRETIA_2025-05-17_G40,10109154FERRETIA,2025-05-17,117785,1,4,0,116.0
10109154FERRETIA_2025-05-17_G41,10109154FERRETIA,2025-05-17,110787,1,12,0,260.0
10109154FERRETIA_2025-05-17_G42,10109154FERRETIA,2025-05-17,107236,1,4,0,149.0
10109154FERRETIA_2025-05-17_G43,10109154FERRETIA,2025-05-17,110129,1,2,0,107.0
10109154FERRETIA_2025-05-17_G44,10109154FERRETIA,2025-05-17,108736,1,2,0,54.0
10109154FERRETIA_2025-05-17_G45,10109154FERRETIA,2025-05-17,109641,1,6,0,265.0
10109154FERRETIA_2025-05-17_G46,10109154FERRETIA,2025-05-17,111330,1,16,0,254.0
10109154FERRETIA_2025-05-17_G47,10109154FERRETIA,2025-05-17,111418,1,32,0,1420.0
10109154FERRETIA_2025-05-17_G48,10109154FERRETIA,2025-05-17,118094,1,4,0,160.0
10109154FERRETIA_2025-05-17_G49,10109154FERRETIA,2025-05-17,109647,1,4,0,51.0
10109154FERRETIA_2025-05-17_G50,10109154FERRETIA,2025-05-17,108772,1,4,0,97.0
10109154FERRETIA_2025-05-17_G51,10109154FERRETIA,2025-05-17,110339,1,12,0,674.0
10109154FERRETIA_2025-05-17_G52,10109154FERRETIA,2025-05-17,111602,1,1,0,67.0
10109154FERRETIA_2025-05-17_G53,10109154FERRETIA,2025-05-17,105242,1,4,0,418.0
10109154FERRETIA_2025-05-17_G54,10109154FERRETIA,2025-05-17,110752,1,4,0,88.0
10109154FERRETIA_2025-05-17_G56,10109154FERRETIA,2025-05-17,140911,1,4,0,247.0
10109154FERRETIA_2025-05-17_G57,10109154FERRETIA,2025-05-17,108798,1,4,0,240.0
10109154FERRETIA_2025-05-17_G58,10109154FERRETIA,2025-05-17,111602,1,10,0,342.0
10109154FERRETIA_2025-05-17_G59,10109154FERRETIA,2025-05-17,110751,1,2,0,474.0
10109154FERRETIA_2025-05-17_G60,10109154FERRETIA,2025-05-17,108770,1,2,0,155.0
10109154FERRETIA_2025-05-17_G61,10109154FERRETIA,2025-05-17,111469,1,4,0,146.0
10109154FERRETIA_2025-05-17_G62,10109154FERRETIA,2025-05-17,117832,1,4,0,161.0
10109154FERRETIA_2025-05-17_G63,10109154FERRETIA,2025-05-17,111602,1,2,0,209.0
10109154FERRETIA_2025-05-19_G02,10109154FERRETIA,2025-05-19,111602,1,8,0,824.0
10109154FERRETIA_2025-05-19_G03,10109154FERRETIA,2025-05-19,118094,1,4,0,135.0
10109154FERRETIA_2025-05-19_G04,10109154FERRETIA,2025-05-19,110515,1,2,0,129.0
10109154FERRETIA_2025-05-19_G05,10109154FERRETIA,2025-05-19,111530,1,8,0,161.0
10109154FERRETIA_2025-05-19_G07,10109154FERRETIA,2025-05-19,117832,2,20,12,1326.0
10109154FERRETIA_2025-05-19_G08,10109154FERRETIA,2025-05-19,118004,1,1,0,984.0
10109154FERRETIA_2025-05-19_G09,10109154FERRETIA,2025-05-19,110751,1,2,0,128.0
10109154FERRETIA_2025-05-19_G11,10109154FERRETIA,2025-05-19,117832,2,11,9,31.0
10109154FERRETIA_2025-05-19_G12,10109154FERRETIA,2025-05-19,117830,3,13,15,152.0
10109154FERRETIA_2025-05-19_G13,10109154FERRETIA,2025-05-19,110371,1,12,0,175.0
10109154FERRETIA_2025-05-19_G14,10109154FERRETIA,2025-05-19,141202,1,3,0,39.0
10109154FERRETIA_2025-05-19_G15,10109154FERRETIA,2025-05-19,117809,1,2,0,74.0
10109154FERRETIA_2025-05-19_G16,10109154FERRETIA,2025-05-19,117808,1,4,0,91.0
10109154FERRETIA_2025-05-19_G17,10109154FERRETIA,2025-05-19,109643,1,2,0,156.0
10109154FERRETIA_2025-05-19_G18,10109154FERRETIA,2025-05-19,"110325, 160054",2,12,12,117.0
10109154FERRETIA_2025-05-19_G19,10109154FERRETIA,2025-05-19,110374,2,21,13,131.0
10109154FERRETIA_2025-05-19_G20,10109154FERRETIA,2025-05-19,117820,2,13,13,187.0
10109154FERRETIA_2025-05-19_G21,10109154FERRETIA,2025-05-19,110376,1,1,0,79.0
10109154FERRETIA_2025-05-19_G22,10109154FERRETIA,2025-05-19,110373,3,63,12,310.0
10109154FERRETIA_2025-05-19_G23,10109154FERRETIA,2025-05-19,110372,1,25,0,347.0
10109154FERRETIA_2025-05-19_G24,10109154FERRETIA,2025-05-19,117808,1,45,0,213.0
10109154FERRETIA_2025-05-19_G25,10109154FERRETIA,2025-05-19,117820,1,27,0,320.0
10109154FERRETIA_2025-05-19_G26,10109154FERRETIA,2025-05-19,109641,1,2,0,390.0
10109154FERRETIA_2025-05-19_G27,10109154FERRETIA,2025-05-19,140922,2,5,8,80.0
10109154FERRETIA_2025-05-19_G28,10109154FERRETIA,2025-05-19,111172,2,7,7,138.0
10109154FERRETIA_2025-05-19_G29,10109154FERRETIA,2025-05-19,111462,1,9,0,935.0
10109154FERRETIA_2025-05-19_G30,10109154FERRETIA,2025-05-19,117833,1,10,0,128.0
10109154FERRETIA_2025-05-19_G31,10109154FERRETIA,2025-05-19,111532,1,7,0,197.0
10109154FERRETIA_2025-05-19_G32,10109154FERRETIA,2025-05-19,118223,1,2,0,72.0
10109154FERRETIA_2025-05-19_G34,10109154FERRETIA,2025-05-19,110372,1,8,0,426.0
10109154FERRETIA_2025-05-19_G35,10109154FERRETIA,2025-05-19,117831,1,8,0,132.0
10109154FERRETIA_2025-05-19_G36,10109154FERRETIA,2025-05-19,111463,1,2,0,151.0
10109154FERRETIA_2025-05-19_G37,10109154FERRETIA,2025-05-19,110339,1,2,0,196.0
10109154FERRETIA_2025-05-19_G38,10109154FERRETIA,2025-05-19,111850,1,8,0,130.0
10109154FERRETIA_2025-05-19_G39,10109154FERRETIA,2025-05-19,110751,1,3,0,480.0
10109154FERRETIA_2025-05-19_G40,10109154FERRETIA,2025-05-19,111172,1,4,0,236.0
10109154FERRETIA_2025-05-19_G41,10109154FERRETIA,2025-05-19,110751,1,4,0,179.0
10109154FERRETIA_2025-05-19_G42,10109154FERRETIA,2025-05-19,110751,1,4,0,161.0
10109154FERRETIA_2025-05-19_G43,10109154FERRETIA,2025-05-19,110325,1,6,0,111.0
10109154FERRETIA_2025-05-19_G44,10109154FERRETIA,2025-05-19,117822,1,6,0,149.0
10109154FERRETIA_2025-05-19_G45,10109154FERRETIA,2025-05-19,110743,1,6,0,147.0
10109154FERRETIA_2025-05-20_G02,10109154FERRETIA,2025-05-20,110371,1,6,0,154.0
10109154FERRETIA_2025-05-20_G03,10109154FERRETIA,2025-05-20,110339,1,3,0,209.0
10109154FERRETIA_2025-05-20_G04,10109154FERRETIA,2025-05-20,105705,1,4,0,146.0
10109154FERRETIA_2025-05-20_G05,10109154FERRETIA,2025-05-20,109643,1,12,0,234.0
10109154FERRETIA_2025-05-20_G06,10109154FERRETIA,2025-05-20,110371,1,10,0,176.0
10109154FERRETIA_2025-05-20_G07,10109154FERRETIA,2025-05-20,111569,1,4,0,286.0
10109154FERRETIA_2025-05-20_G08,10109154FERRETIA,2025-05-20,118140,1,4,0,76.0
10109154FERRETIA_2025-05-20_G09,10109154FERRETIA,2025-05-20,117832,1,4,0,122.0
10109154FERRETIA_2025-05-20_G10,10109154FERRETIA,2025-05-20,110371,1,10,0,166.0
10109154FERRETIA_2025-05-20_G11,10109154FERRETIA,2025-05-20,118299,1,5,0,69.0
10109154FERRETIA_2025-05-20_G12,10109154FERRETIA,2025-05-20,110373,1,16,0,3033.0
10109154FERRETIA_2025-05-20_G13,10109154FERRETIA,2025-05-20,117820,1,4,0,148.0
10109154FERRETIA_2025-05-20_G14,10109154FERRETIA,2025-05-20,117832,1,2,0,78.0
10109154FERRETIA_2025-05-20_G15,10109154FERRETIA,2025-05-20,118299,1,10,0,123.0
10109154FERRETIA_2025-05-20_G16,10109154FERRETIA,2025-05-20,117821,1,2,0,129.0
10109154FERRETIA_2025-05-20_G17,10109154FERRETIA,2025-05-20,111466,1,4,0,43.0
10109154FERRETIA_2025-05-20_G18,10109154FERRETIA,2025-05-20,118140,1,2,0,56.0
10109154FERRETIA_2025-05-20_G19,10109154FERRETIA,2025-05-20,111172,1,2,0,156.0
10109154FERRETIA_2025-05-20_G20,10109154FERRETIA,2025-05-20,117831,1,4,0,134.0
10109154FERRETIA_2025-05-20_G21,10109154FERRETIA,2025-05-20,111444,1,2,0,57.0
10109154FERRETIA_2025-05-20_G22,10109154FERRETIA,2025-05-20,111463,1,4,0,629.0
10109154FERRETIA_2025-05-20_G23,10109154FERRETIA,2025-05-20,117785,1,4,0,59.0
10109154FERRETIA_2025-05-20_G24,10109154FERRETIA,2025-05-20,117808,1,10,0,381.0
10109154FERRETIA_2025-05-20_G25,10109154FERRETIA,2025-05-20,109641,1,2,0,398.0
10109154FERRETIA_2025-05-20_G26,10109154FERRETIA,2025-05-20,117855,1,3,0,178.0
10109154FERRETIA_2025-05-20_G27,10109154FERRETIA,2025-05-20,118222,1,4,0,145.0
10109154FERRETIA_2025-05-20_G28,10109154FERRETIA,2025-05-20,111438,1,8,0,146.0
10109154FERRETIA_2025-05-20_G29,10109154FERRETIA,2025-05-20,109647,1,4,0,132.0
10109154FERRETIA_2025-05-20_G30,10109154FERRETIA,2025-05-20,117862,1,2,0,681.0
10109154FERRETIA_2025-05-20_G31,10109154FERRETIA,2025-05-20,111467,1,8,0,292.0
10109154FERRETIA_2025-05-20_G32,10109154FERRETIA,2025-05-20,117853,1,6,0,80.0
10109154FERRETIA_2025-05-20_G33,10109154FERRETIA,2025-05-20,111439,1,4,0,65.0
10109154FERRETIA_2025-05-20_G34,10109154FERRETIA,2025-05-20,117856,1,4,0,226.0
10109154FERRETIA_2025-05-20_G35,10109154FERRETIA,2025-05-20,141047,1,5,0,71.0
10109154FERRETIA_2025-05-20_G36,10109154FERRETIA,2025-05-20,110515,1,2,0,63.0
10109154FERRETIA_2025-05-20_G37,10109154FERRETIA,2025-05-20,111462,1,8,0,164.0
10109154FERRETIA_2025-05-20_G38,10109154FERRETIA,2025-05-20,109641,1,8,0,56.0
10109154FERRETIA_2025-05-20_G39,10109154FERRETIA,2025-05-20,105705,1,2,0,54.0
10109154FERRETIA_2025-05-20_G40,10109154FERRETIA,2025-05-20,108711,1,4,0,36.0
10109154FERRETIA_2025-05-20_G41,10109154FERRETIA,2025-05-20,108794,1,5,0,76.0
10109154FERRETIA_2025-05-20_G42,10109154FERRETIA,2025-05-20,111418,1,8,0,648.0
10109154FERRETIA_2025-05-20_G43,10109154FERRETIA,2025-05-20,117329,1,4,0,99.0
10109154FERRETIA_2025-05-20_G44,10109154FERRETIA,2025-05-20,111463,1,8,0,79.0
10109154FERRETIA_2025-05-20_G45,10109154FERRETIA,2025-05-20,110374,1,8,0,994.0
10109154FERRETIA_2025-05-20_G46,10109154FERRETIA,2025-05-20,110373,1,12,0,119.0
10109154FERRETIA_2025-05-20_G47,10109154FERRETIA,2025-05-20,117840,1,2,0,93.0
10109154FERRETIA_2025-05-20_G48,10109154FERRETIA,2025-05-20,110372,1,24,0,174.0
10109154FERRETIA_2025-05-20_G49,10109154FERRETIA,2025-05-20,110371,1,20,0,166.0
10109154FERRETIA_2025-05-20_G50,10109154FERRETIA,2025-05-20,118299,1,12,0,109.0
10109154FERRETIA_2025-05-20_G51,10109154FERRETIA,2025-05-20,117808,1,12,0,97.0
10109154FERRETIA_2025-05-20_G52,10109154FERRETIA,2025-05-20,110752,1,2,0,329.0
10109154FERRETIA_2025-05-20_G53,10109154FERRETIA,2025-05-20,109643,1,4,0,186.0
10109154FERRETIA_2025-05-20_G54,10109154FERRETIA,2025-05-20,110756,1,5,0,440.0
10109154FERRETIA_2025-05-20_G55,10109154FERRETIA,2025-05-20,117785,1,600,0,2054.0
10109154FERRETIA_2025-05-20_G56,10109154FERRETIA,2025-05-20,111443,2,35,5,436.0
10109154FERRETIA_2025-05-20_G58,10109154FERRETIA,2025-05-20,140922,1,1,0,87.0
10109154FERRETIA_2025-05-20_G59,10109154FERRETIA,2025-05-20,117808,1,1200,0,2118.0
10109154FERRETIA_2025-05-21_G02,10109154FERRETIA,2025-05-21,110371,1,20,0,515.0
10109154FERRETIA_2025-05-21_G03,10109154FERRETIA,2025-05-21,117840,1,3,0,134.0
10109154FERRETIA_2025-05-21_G04,10109154FERRETIA,2025-05-21,118299,1,20,0,256.0
10109154FERRETIA_2025-05-21_G05,10109154FERRETIA,2025-05-21,111530,1,12,0,205.0
10109154FERRETIA_2025-05-21_G06,10109154FERRETIA,2025-05-21,111532,1,5,0,97.0
10109154FERRETIA_2025-05-21_G07,10109154FERRETIA,2025-05-21,111569,1,16,0,206.0
10109154FERRETIA_2025-05-21_G08,10109154FERRETIA,2025-05-21,118222,1,3,0,195.0
10109154FERRETIA_2025-05-21_G09,10109154FERRETIA,2025-05-21,117831,1,4,0,202.0
10109154FERRETIA_2025-05-21_G10,10109154FERRETIA,2025-05-21,111444,1,4,0,35.0
10109154FERRETIA_2025-05-21_G11,10109154FERRETIA,2025-05-21,111442,1,4,0,60.0
10109154FERRETIA_2025-05-21_G12,10109154FERRETIA,2025-05-21,111438,1,20,0,529.0
10109154FERRETIA_2025-05-21_G13,10109154FERRETIA,2025-05-21,111430,1,10,0,163.0
10109154FERRETIA_2025-05-21_G14,10109154FERRETIA,2025-05-21,111441,1,20,0,254.0
10109154FERRETIA_2025-05-21_G16,10109154FERRETIA,2025-05-21,111462,1,100,0,220.0
10109154FERRETIA_2025-05-21_G17,10109154FERRETIA,2025-05-21,111418,1,150,0,610.0
10109154FERRETIA_2025-05-21_G18,10109154FERRETIA,2025-05-21,117855,1,50,0,949.0
10109154FERRETIA_2025-05-21_G19,10109154FERRETIA,2025-05-21,118140,1,100,0,218.0
10109154FERRETIA_2025-05-21_G20,10109154FERRETIA,2025-05-21,111441,1,30,0,120.0
10109154FERRETIA_2025-05-21_G21,10109154FERRETIA,2025-05-21,110373,1,4,0,1416.0
10109154FERRETIA_2025-05-21_G22,10109154FERRETIA,2025-05-21,118299,1,27,0,325.0
10109154FERRETIA_2025-05-21_G23,10109154FERRETIA,2025-05-21,117808,1,26,0,291.0
10109154FERRETIA_2025-05-21_G24,10109154FERRETIA,2025-05-21,111465,1,4,0,170.0
10109154FERRETIA_2025-05-21_G25,10109154FERRETIA,2025-05-21,111602,1,4,0,516.0
10109154FERRETIA_2025-05-21_G26,10109154FERRETIA,2025-05-21,117862,1,1,0,101.0
10109154FERRETIA_2025-05-21_G27,10109154FERRETIA,2025-05-21,118222,1,2,0,70.0
10109154FERRETIA_2025-05-21_G28,10109154FERRETIA,2025-05-21,111569,1,4,0,157.0
10109154FERRETIA_2025-05-21_G30,10109154FERRETIA,2025-05-21,110371,1,4,0,106.0
10109154FERRETIA_2025-05-21_G31,10109154FERRETIA,2025-05-21,110373,1,2,0,153.0
10109154FERRETIA_2025-05-21_G32,10109154FERRETIA,2025-05-21,117820,1,6,0,128.0
10109154FERRETIA_2025-05-21_G33,10109154FERRETIA,2025-05-21,110372,1,3,0,90.0
10109154FERRETIA_2025-05-21_G34,10109154FERRETIA,2025-05-21,117832,1,4,0,38.0
10109154FERRETIA_2025-05-21_G35,10109154FERRETIA,2025-05-21,118299,1,14,0,180.0
10109154FERRETIA_2025-05-21_G36,10109154FERRETIA,2025-05-21,117809,1,6,0,67.0
10109154FERRETIA_2025-05-21_G37,10109154FERRETIA,2025-05-21,117808,1,20,0,201.0
10109154FERRETIA_2025-05-21_G38,10109154FERRETIA,2025-05-21,109641,1,8,0,102.0
10109154FERRETIA_2025-05-21_G39,10109154FERRETIA,2025-05-21,105705,1,2,0,83.0
10109154FERRETIA_2025-05-21_G40,10109154FERRETIA,2025-05-21,117821,1,2,0,113.0
10109154FERRETIA_2025-05-21_G41,10109154FERRETIA,2025-05-21,111418,1,3,0,44.0
10109154FERRETIA_2025-05-21_G42,10109154FERRETIA,2025-05-21,111602,1,20,0,347.0
10109154FERRETIA_2025-05-21_G43,10109154FERRETIA,2025-05-21,110752,1,3,0,95.0
10109154FERRETIA_2025-05-21_G44,10109154FERRETIA,2025-05-21,118004,1,4,0,111.0
10109154FERRETIA_2025-05-21_G45,10109154FERRETIA,2025-05-21,110129,1,2,0,113.0
10109154FERRETIA_2025-05-21_G46,10109154FERRETIA,2025-05-21,111602,1,5,0,90.0
10109154FERRETIA_2025-05-21_G47,10109154FERRETIA,2025-05-21,110752,1,2,0,94.0
10109154FERRETIA_2025-05-21_G48,10109154FERRETIA,2025-05-21,117838,1,2,0,389.0
10109154FERRETIA_2025-05-21_G49,10109154FERRETIA,2025-05-21,111463,1,13,0,141.0
10109154FERRETIA_2025-05-21_G50,10109154FERRETIA,2025-05-21,118140,1,4,0,149.0
10109154FERRETIA_2025-05-21_G51,10109154FERRETIA,2025-05-21,111330,1,4,0,116.0
10109154FERRETIA_2025-05-21_G52,10109154FERRETIA,2025-05-21,108794,1,4,0,115.0
10109154FERRETIA_2025-05-21_G53,10109154FERRETIA,2025-05-21,111444,1,2,0,72.0
10109154FERRETIA_2025-05-21_G54,10109154FERRETIA,2025-05-21,117785,1,6,0,103.0
10109154FERRETIA_2025-05-21_G55,10109154FERRETIA,2025-05-21,111465,1,3,0,41.0
10109154FERRETIA_2025-05-21_G56,10109154FERRETIA,2025-05-21,111466,1,23,0,377.0
10109154FERRETIA_2025-05-21_G57,10109154FERRETIA,2025-05-21,110373,1,4,0,1239.0
10109154FERRETIA_2025-05-21_G58,10109154FERRETIA,2025-05-21,107830,1,2,0,48.0
10109154FERRETIA_2025-05-21_G59,10109154FERRETIA,2025-05-21,110376,1,4,0,95.0
10109154FERRETIA_2025-05-21_G60,10109154FERRETIA,2025-05-21,110372,1,2,0,120.0
10109154FERRETIA_2025-05-21_G61,10109154FERRETIA,2025-05-21,117809,1,8,0,127.0
10109154FERRETIA_2025-05-21_G62,10109154FERRETIA,2025-05-21,117808,1,6,0,91.0
10109154FERRETIA_2025-05-22_G02,10109154FERRETIA,2025-05-22,109643,1,43,0,356.0
10109154FERRETIA_2025-05-22_G03,10109154FERRETIA,2025-05-22,110747,1,2,0,131.0
10109154FERRETIA_2025-05-22_G04,10109154FERRETIA,2025-05-22,110373,1,3,0,144.0
10109154FERRETIA_2025-05-22_G05,10109154FERRETIA,2025-05-22,117809,1,5,0,213.0
10109154FERRETIA_2025-05-22_G06,10109154FERRETIA,2025-05-22,111751,1,3,0,643.0
10109154FERRETIA_2025-05-22_G07,10109154FERRETIA,2025-05-22,118299,1,24,0,221.0
10109154FERRETIA_2025-05-22_G08,10109154FERRETIA,2025-05-22,107629,1,5,0,159.0
10109154FERRETIA_2025-05-22_G09,10109154FERRETIA,2025-05-22,110515,1,6,0,155.0
10109154FERRETIA_2025-05-22_G10,10109154FERRETIA,2025-05-22,111753,1,2,0,1721.0
10109154FERRETIA_2025-05-22_G11,10109154FERRETIA,2025-05-22,111755,2,10,9,85.0
10109154FERRETIA_2025-05-22_G12,10109154FERRETIA,2025-05-22,111172,1,2,0,129.0
10109154FERRETIA_2025-05-22_G13,10109154FERRETIA,2025-05-22,111532,1,4,0,71.0
10109154FERRETIA_2025-05-22_G14,10109154FERRETIA,2025-05-22,111738,1,11,0,1419.0
10109154FERRETIA_2025-05-22_G15,10109154FERRETIA,2025-05-22,109645,1,2,0,300.0
10109154FERRETIA_2025-05-22_G16,10109154FERRETIA,2025-05-22,111462,1,16,0,178.0
10109154FERRETIA_2025-05-22_G17,10109154FERRETIA,2025-05-22,140922,1,3,0,138.0
10109154FERRETIA_2025-05-22_G18,10109154FERRETIA,2025-05-22,111418,1,14,0,142.0
10109154FERRETIA_2025-05-22_G19,10109154FERRETIA,2025-05-22,109643,1,4,0,180.0
10109154FERRETIA_2025-05-22_G20,10109154FERRETIA,2025-05-22,117808,1,30,0,1560.0
10109154FERRETIA_2025-05-22_G21,10109154FERRETIA,2025-05-22,110755,1,20,0,559.0
10109154FERRETIA_2025-05-22_G22,10109154FERRETIA,2025-05-22,109645,1,8,0,248.0
10109154FERRETIA_2025-05-22_G23,10109154FERRETIA,2025-05-22,109641,1,6,0,117.0
10109154FERRETIA_2025-05-22_G24,10109154FERRETIA,2025-05-22,118140,1,8,0,137.0
10109154FERRETIA_2025-05-22_G25,10109154FERRETIA,2025-05-22,118317,1,4,0,106.0
10109154FERRETIA_2025-05-22_G26,10109154FERRETIA,2025-05-22,117785,1,12,0,152.0
10109154FERRETIA_2025-05-22_G27,10109154FERRETIA,2025-05-22,118094,1,6,0,108.0
10109154FERRETIA_2025-05-22_G28,10109154FERRETIA,2025-05-22,141047,1,6,0,117.0
10109154FERRETIA_2025-05-22_G29,10109154FERRETIA,2025-05-22,118299,1,22,0,172.0
10109154FERRETIA_2025-05-22_G30,10109154FERRETIA,2025-05-22,117808,1,72,0,402.0
10109154FERRETIA_2025-05-22_G31,10109154FERRETIA,2025-05-22,118140,1,3,0,787.0
10109154FERRETIA_2025-05-22_G32,10109154FERRETIA,2025-05-22,117821,1,4,0,111.0
10109154FERRETIA_2025-05-22_G33,10109154FERRETIA,2025-05-22,110371,1,4,0,149.0
10109154FERRETIA_2025-05-22_G34,10109154FERRETIA,2025-05-22,110755,1,10,0,172.0
10109154FERRETIA_2025-05-22_G35,10109154FERRETIA,2025-05-22,141047,1,4,0,104.0
10109154FERRETIA_2025-05-22_G36,10109154FERRETIA,2025-05-22,110711,1,6,0,183.0
10109154FERRETIA_2025-05-22_G37,10109154FERRETIA,2025-05-22,117787,1,2,0,93.0
10109154FERRETIA_2025-05-22_G38,10109154FERRETIA,2025-05-22,111463,1,26,0,1454.0
10109154FERRETIA_2025-05-22_G39,10109154FERRETIA,2025-05-22,109643,1,6,0,138.0
10109154FERRETIA_2025-05-22_G40,10109154FERRETIA,2025-05-22,109643,1,4,0,80.0
10109154FERRETIA_2025-05-22_G41,10109154FERRETIA,2025-05-22,100334,1,1,0,1238.0
10109154FERRETIA_2025-05-22_G42,10109154FERRETIA,2025-05-22,117855,1,2,0,360.0
10109154FERRETIA_2025-05-22_G43,10109154FERRETIA,2025-05-22,118004,1,6,0,158.0
10109154FERRETIA_2025-05-22_G44,10109154FERRETIA,2025-05-22,111850,1,4,0,197.0
10109154FERRETIA_2025-05-22_G45,10109154FERRETIA,2025-05-22,110751,1,2,0,56.0
10109154FERRETIA_2025-05-22_G46,10109154FERRETIA,2025-05-22,117785,1,6,0,121.0
10109154FERRETIA_2025-05-22_G48,10109154FERRETIA,2025-05-22,111463,1,4,0,630.0
10109154FERRETIA_2025-05-22_G49,10109154FERRETIA,2025-05-22,107236,1,4,0,189.0
10109154FERRETIA_2025-05-22_G50,10109154FERRETIA,2025-05-22,110373,1,2,0,121.0
10109154FERRETIA_2025-05-22_G51,10109154FERRETIA,2025-05-22,110755,1,4,0,152.0
10109154FERRETIA_2025-05-22_G52,10109154FERRETIA,2025-05-22,111530,1,10,0,316.0
10109154FERRETIA_2025-05-22_G53,10109154FERRETIA,2025-05-22,110711,1,4,0,547.0
10109154FERRETIA_2025-05-22_G54,10109154FERRETIA,2025-05-22,111466,1,5,0,171.0
10109154FERRETIA_2025-05-22_G55,10109154FERRETIA,2025-05-22,117808,1,5,0,49.0
10109154FERRETIA_2025-05-22_G56,10109154FERRETIA,2025-05-22,117820,1,5,0,271.0
10109154FERRETIA_2025-05-22_G57,10109154FERRETIA,2025-05-22,111569,1,31,0,445.0
10109154FERRETIA_2025-05-22_G58,10109154FERRETIA,2025-05-22,110755,2,4,8,990.0
10109154FERRETIA_2025-05-22_G59,10109154FERRETIA,2025-05-22,111438,1,4,0,180.0
10109154FERRETIA_2025-05-22_G60,10109154FERRETIA,2025-05-22,111602,1,4,0,113.0
10109154FERRETIA_2025-05-22_G61,10109154FERRETIA,2025-05-22,111569,1,6,0,232.0
10109154FERRETIA_2025-05-22_G62,10109154FERRETIA,2025-05-22,111172,1,7,0,203.0
10109154FERRETIA_2025-05-23_G02,10109154FERRETIA,2025-05-23,117855,1,5,0,188.0
10109154FERRETIA_2025-05-23_G03,10109154FERRETIA,2025-05-23,110740,1,2,0,84.0
10109154FERRETIA_2025-05-23_G04,10109154FERRETIA,2025-05-23,108795,1,2,0,116.0
10109154FERRETIA_2025-05-23_G05,10109154FERRETIA,2025-05-23,111466,1,4,0,192.0
10109154FERRETIA_2025-05-23_G06,10109154FERRETIA,2025-05-23,117833,1,3,0,57.0
10109154FERRETIA_2025-05-23_G07,10109154FERRETIA,2025-05-23,117831,1,5,0,129.0
10109154FERRETIA_2025-05-23_G08,10109154FERRETIA,2025-05-23,110325,1,4,0,145.0
10109154FERRETIA_2025-05-23_G09,10109154FERRETIA,2025-05-23,110373,1,15,0,153.0
10109154FERRETIA_2025-05-23_G10,10109154FERRETIA,2025-05-23,117830,1,5,0,482.0
10109154FERRETIA_2025-05-23_G11,10109154FERRETIA,2025-05-23,118299,1,22,0,243.0
10109154FERRETIA_2025-05-23_G12,10109154FERRETIA,2025-05-23,117809,1,9,0,89.0
10109154FERRETIA_2025-05-23_G13,10109154FERRETIA,2025-05-23,111602,1,2,0,155.0
10109154FERRETIA_2025-05-23_G14,10109154FERRETIA,2025-05-23,117809,1,6,0,206.0
10109154FERRETIA_2025-05-23_G15,10109154FERRETIA,2025-05-23,109643,1,12,0,3145.0
10109154FERRETIA_2025-05-23_G16,10109154FERRETIA,2025-05-23,118140,1,16,0,189.0
10109154FERRETIA_2025-05-23_G17,10109154FERRETIA,2025-05-23,110373,1,2,0,98.0
10109154FERRETIA_2025-05-23_G18,10109154FERRETIA,2025-05-23,105705,1,4,0,115.0
10109154FERRETIA_2025-05-23_G19,10109154FERRETIA,2025-05-23,117808,1,4,0,1134.0
10109154FERRETIA_2025-05-23_G20,10109154FERRETIA,2025-05-23,117820,4,28,30,198.0
10109154FERRETIA_2025-05-23_G21,10109154FERRETIA,2025-05-23,110372,1,5,0,280.0
10109154FERRETIA_2025-05-23_G22,10109154FERRETIA,2025-05-23,117830,1,20,0,109.0
10109154FERRETIA_2025-05-23_G23,10109154FERRETIA,2025-05-23,118299,1,4,0,111.0
10109154FERRETIA_2025-05-23_G24,10109154FERRETIA,2025-05-23,110740,1,12,0,135.0
10109154FERRETIA_2025-05-23_G25,10109154FERRETIA,2025-05-23,110740,1,2,0,1524.0
10109154FERRETIA_2025-05-23_G26,10109154FERRETIA,2025-05-23,105705,2,14,15,190.0
10109154FERRETIA_2025-05-23_G27,10109154FERRETIA,2025-05-23,140922,1,8,0,143.0
10109154FERRETIA_2025-05-23_G28,10109154FERRETIA,2025-05-23,140922,3,12,12,496.0
10109154FERRETIA_2025-05-23_G29,10109154FERRETIA,2025-05-23,117834,2,8,8,191.0
10109154FERRETIA_2025-05-23_G30,10109154FERRETIA,2025-05-23,111466,2,6,24,164.0
10109154FERRETIA_2025-05-23_G31,10109154FERRETIA,2025-05-23,111330,2,18,17,204.0
10109154FERRETIA_2025-05-23_G32,10109154FERRETIA,2025-05-23,111463,1,28,0,824.0
10109154FERRETIA_2025-05-23_G33,10109154FERRETIA,2025-05-23,111463,1,12,0,415.0
10109154FERRETIA_2025-05-23_G34,10109154FERRETIA,2025-05-23,111446,1,38,0,393.0
10109154FERRETIA_2025-05-23_G35,10109154FERRETIA,2025-05-23,117838,1,4,0,404.0
10109154FERRETIA_2025-05-23_G36,10109154FERRETIA,2025-05-23,117820,1,4,0,115.0
10109154FERRETIA_2025-05-23_G37,10109154FERRETIA,2025-05-23,109643,1,6,0,159.0
10109154FERRETIA_2025-05-23_G38,10109154FERRETIA,2025-05-23,111532,1,12,0,195.0
10109154FERRETIA_2025-05-23_G39,10109154FERRETIA,2025-05-23,105705,1,2,0,104.0
10109154FERRETIA_2025-05-23_G40,10109154FERRETIA,2025-05-23,110325,1,10,0,1140.0
10109154FERRETIA_2025-05-23_G41,10109154FERRETIA,2025-05-23,117808,1,100,0,102.0
10109154FERRETIA_2025-05-23_G42,10109154FERRETIA,2025-05-23,110374,1,20,0,737.0
10109154FERRETIA_2025-05-23_G44,10109154FERRETIA,2025-05-23,118299,1,100,0,459.0
10109154FERRETIA_2025-05-23_G45,10109154FERRETIA,2025-05-23,117832,1,30,0,914.0
10109154FERRETIA_2025-05-23_G46,10109154FERRETIA,2025-05-23,117830,1,10,0,80.0
10109154FERRETIA_2025-05-23_G47,10109154FERRETIA,2025-05-23,110371,1,30,0,287.0
10109154FERRETIA_2025-05-23_G48,10109154FERRETIA,2025-05-23,110373,1,80,0,498.0
10109154FERRETIA_2025-05-23_G49,10109154FERRETIA,2025-05-23,117842,1,2,0,95.0
10109154FERRETIA_2025-05-23_G50,10109154FERRETIA,2025-05-23,109647,1,1,0,114.0
10109154FERRETIA_2025-05-23_G51,10109154FERRETIA,2025-05-23,108772,1,2,0,117.0
10109154FERRETIA_2025-05-23_G52,10109154FERRETIA,2025-05-23,118306,1,4,0,215.0
10109154FERRETIA_2025-05-23_G53,10109154FERRETIA,2025-05-23,117835,1,2,0,145.0
10109154FERRETIA_2025-05-23_G54,10109154FERRETIA,2025-05-23,111438,1,1,0,35.0
10109154FERRETIA_2025-05-23_G55,10109154FERRETIA,2025-05-23,110787,1,28,0,452.0
10109154FERRETIA_2025-05-23_G56,10109154FERRETIA,2025-05-23,110339,1,4,0,222.0
10109154FERRETIA_2025-05-23_G57,10109154FERRETIA,2025-05-23,111438,1,3,0,296.0
10109154FERRETIA_2025-05-23_G58,10109154FERRETIA,2025-05-23,111876,1,2,0,143.0
10109154FERRETIA_2025-05-23_G59,10109154FERRETIA,2025-05-23,117856,1,1,0,126.0
10109154FERRETIA_2025-05-23_G60,10109154FERRETIA,2025-05-23,111602,1,2,0,164.0
10109154FERRETIA_2025-05-23_G61,10109154FERRETIA,2025-05-23,111462,1,3,0,123.0
10109154FERRETIA_2025-05-23_G62,10109154FERRETIA,2025-05-23,111463,1,3,0,73.0
10109154FERRETIA_2025-05-23_G63,10109154FERRETIA,2025-05-23,110745,1,4,0,449.0
10109154FERRETIA_2025-05-23_G64,10109154FERRETIA,2025-05-23,111466,1,12,0,109.0
10109154FERRETIA_2025-05-23_G65,10109154FERRETIA,2025-05-23,111444,1,4,0,103.0
10109154FERRETIA_2025-05-23_G66,10109154FERRETIA,2025-05-23,111433,1,4,0,60.0
10109154FERRETIA_2025-05-23_G67,10109154FERRETIA,2025-05-23,111418,1,1,0,34.0
10109154FERRETIA_2025-05-23_G68,10109154FERRETIA,2025-05-23,111442,1,4,0,56.0
10109154FERRETIA_2025-05-23_G69,10109154FERRETIA,2025-05-23,117785,1,3,0,129.0
10109154FERRETIA_2025-05-23_G70,10109154FERRETIA,2025-05-23,111465,1,4,0,140.0
10109154FERRETIA_2025-05-23_G71,10109154FERRETIA,2025-05-23,109643,1,3,0,127.0
10109154FERRETIA_2025-05-23_G72,10109154FERRETIA,2025-05-23,110374,1,8,0,127.0
10109154FERRETIA_2025-05-23_G73,10109154FERRETIA,2025-05-23,110371,1,11,0,97.0
10109154FERRETIA_2025-05-23_G74,10109154FERRETIA,2025-05-23,117808,1,14,0,270.0
10109154FERRETIA_2025-05-24_G02,10109154FERRETIA,2025-05-24,110371,1,3,0,1321.0
10109154FERRETIA_2025-05-24_G03,10109154FERRETIA,2025-05-24,110373,1,16,0,216.0
10109154FERRETIA_2025-05-24_G04,10109154FERRETIA,2025-05-24,117820,1,2,0,100.0
10109154FERRETIA_2025-05-24_G05,10109154FERRETIA,2025-05-24,117832,1,5,0,104.0
10109154FERRETIA_2025-05-24_G06,10109154FERRETIA,2025-05-24,111466,1,2,0,99.0
10109154FERRETIA_2025-05-24_G07,10109154FERRETIA,2025-05-24,118094,1,1,0,174.0
10109154FERRETIA_2025-05-24_G08,10109154FERRETIA,2025-05-24,117862,1,2,0,145.0
10109154FERRETIA_2025-05-24_G09,10109154FERRETIA,2025-05-24,110374,1,4,0,205.0
10109154FERRETIA_2025-05-24_G10,10109154FERRETIA,2025-05-24,110371,1,5,0,431.0
10109154FERRETIA_2025-05-24_G11,10109154FERRETIA,2025-05-24,118299,1,2,0,57.0
10109154FERRETIA_2025-05-24_G12,10109154FERRETIA,2025-05-24,110373,1,9,0,144.0
10109154FERRETIA_2025-05-24_G13,10109154FERRETIA,2025-05-24,111462,1,2,0,140.0
10109154FERRETIA_2025-05-24_G14,10109154FERRETIA,2025-05-24,111463,1,6,0,193.0
10109154FERRETIA_2025-05-24_G15,10109154FERRETIA,2025-05-24,108711,1,4,0,126.0
10109154FERRETIA_2025-05-24_G16,10109154FERRETIA,2025-05-24,140922,1,4,0,59.0
10109154FERRETIA_2025-05-24_G17,10109154FERRETIA,2025-05-24,118317,1,1,0,202.0
10109154FERRETIA_2025-05-24_G18,10109154FERRETIA,2025-05-24,111441,1,3,0,253.0
10109154FERRETIA_2025-05-24_G19,10109154FERRETIA,2025-05-24,110752,1,3,0,132.0
10109154FERRETIA_2025-05-24_G20,10109154FERRETIA,2025-05-24,117856,1,1,0,52.0
10109154FERRETIA_2025-05-24_G21,10109154FERRETIA,2025-05-24,110325,1,2,0,178.0
10109154FERRETIA_2025-05-24_G22,10109154FERRETIA,2025-05-24,110374,1,2,0,852.0
10109154FERRETIA_2025-05-24_G23,10109154FERRETIA,2025-05-24,110371,1,9,0,97.0
10109154FERRETIA_2025-05-24_G24,10109154FERRETIA,2025-05-24,117820,1,1,0,125.0
10109154FERRETIA_2025-05-24_G25,10109154FERRETIA,2025-05-24,117832,1,2,0,111.0
10109154FERRETIA_2025-05-24_G26,10109154FERRETIA,2025-05-24,110373,1,31,0,264.0
10109154FERRETIA_2025-05-24_G27,10109154FERRETIA,2025-05-24,111463,1,1,0,384.0
10109154FERRETIA_2025-05-24_G28,10109154FERRETIA,2025-05-24,111468,1,1,0,87.0
10109154FERRETIA_2025-05-24_G29,10109154FERRETIA,2025-05-24,111466,1,1,0,55.0
10109154FERRETIA_2025-05-24_G30,10109154FERRETIA,2025-05-24,118317,1,3,0,109.0
10109154FERRETIA_2025-05-24_G31,10109154FERRETIA,2025-05-24,111465,1,3,0,100.0
10109154FERRETIA_2025-05-24_G32,10109154FERRETIA,2025-05-24,110752,1,2,0,86.0
10109154FERRETIA_2025-05-24_G33,10109154FERRETIA,2025-05-24,117856,1,1,0,58.0
10109154FERRETIA_2025-05-24_G34,10109154FERRETIA,2025-05-24,110515,1,2,0,114.0
10109154FERRETIA_2025-05-24_G35,10109154FERRETIA,2025-05-24,110373,1,14,0,229.0
10109154FERRETIA_2025-05-24_G36,10109154FERRETIA,2025-05-24,111463,1,1,0,78.0
10109154FERRETIA_2025-05-24_G37,10109154FERRETIA,2025-05-24,111182,1,4,0,121.0
10109154FERRETIA_2025-05-24_G38,10109154FERRETIA,2025-05-24,140922,1,2,0,54.0
10109154FERRETIA_2025-05-24_G39,10109154FERRETIA,2025-05-24,111465,1,3,0,166.0
10109154FERRETIA_2025-05-24_G40,10109154FERRETIA,2025-05-24,111441,1,2,0,122.0
10109154FERRETIA_2025-05-24_G41,10109154FERRETIA,2025-05-24,111443,1,6,0,1437.0
10109154FERRETIA_2025-05-24_G42,10109154FERRETIA,2025-05-24,108711,1,7,0,128.0
10109154FERRETIA_2025-05-24_G43,10109154FERRETIA,2025-05-24,118317,1,2,0,139.0
10109154FERRETIA_2025-05-24_G44,10109154FERRETIA,2025-05-24,111850,1,4,0,130.0
10109154FERRETIA_2025-05-24_G45,10109154FERRETIA,2025-05-24,111441,1,3,0,249.0
10109154FERRETIA_2025-05-24_G46,10109154FERRETIA,2025-05-24,111445,1,12,0,262.0
10109154FERRETIA_2025-05-24_G47,10109154FERRETIA,2025-05-24,111602,1,3,0,149.0
10109154FERRETIA_2025-05-24_G48,10109154FERRETIA,2025-05-24,110325,1,1,0,366.0
10109154FERRETIA_2025-05-24_G49,10109154FERRETIA,2025-05-24,110374,1,5,0,64.0
10109154FERRETIA_2025-05-24_G50,10109154FERRETIA,2025-05-24,110371,1,5,0,71.0
10109154FERRETIA_2025-05-24_G51,10109154FERRETIA,2025-05-24,110373,1,19,0,170.0
10109154FERRETIA_2025-05-24_G52,10109154FERRETIA,2025-05-24,117820,1,5,0,208.0
10109154FERRETIA_2025-05-24_G53,10109154FERRETIA,2025-05-24,111467,1,4,0,101.0
10109154FERRETIA_2025-05-24_G54,10109154FERRETIA,2025-05-24,117786,1,1,0,113.0
10109154FERRETIA_2025-05-24_G55,10109154FERRETIA,2025-05-24,117785,1,4,0,152.0
10109154FERRETIA_2025-05-24_G56,10109154FERRETIA,2025-05-24,111182,1,1,0,73.0
10109154FERRETIA_2025-05-24_G57,10109154FERRETIA,2025-05-24,110374,1,2,0,1015.0
10109154FERRETIA_2025-05-24_G58,10109154FERRETIA,2025-05-24,110371,1,3,0,70.0
10109154FERRETIA_2025-05-24_G59,10109154FERRETIA,2025-05-24,118299,1,3,0,109.0
10109154FERRETIA_2025-05-24_G60,10109154FERRETIA,2025-05-24,110373,1,11,0,119.0
10109154FERRETIA_2025-05-24_G61,10109154FERRETIA,2025-05-24,117832,1,2,0,137.0
10109154FERRETIA_2025-05-24_G62,10109154FERRETIA,2025-05-24,"117785, 108711",2,3,11,119.0
10109154FERRETIA_2025-05-24_G63,10109154FERRETIA,2025-05-24,111466,1,1,0,121.0
10109154FERRETIA_2025-05-24_G64,10109154FERRETIA,2025-05-24,118140,1,3,0,92.0
10109154FERRETIA_2025-05-24_G65,10109154FERRETIA,2025-05-24,111532,1,4,0,56.0
10109154FERRETIA_2025-05-24_G66,10109154FERRETIA,2025-05-24,117856,1,2,0,78.0
10109154FERRETIA_2025-05-24_G67,10109154FERRETIA,2025-05-24,107892,1,3,0,77.0
10109154FERRETIA_2025-05-24_G69,10109154FERRETIA,2025-05-24,110373,1,200,0,464.0
10109154FERRETIA_2025-05-24_G70,10109154FERRETIA,2025-05-24,117820,1,100,0,161.0
10109154FERRETIA_2025-05-24_G71,10109154FERRETIA,2025-05-24,110372,1,100,0,147.0
10109154FERRETIA_2025-05-24_G72,10109154FERRETIA,2025-05-24,110374,1,50,0,435.0
10109154FERRETIA_2025-05-24_G73,10109154FERRETIA,2025-05-24,110325,1,24,0,159.0
10109154FERRETIA_2025-05-24_G74,10109154FERRETIA,2025-05-24,111602,1,29,0,234.0
10109154FERRETIA_2025-05-24_G75,10109154FERRETIA,2025-05-24,118222,1,20,0,366.0
10109154FERRETIA_2025-05-24_G76,10109154FERRETIA,2025-05-24,160054,1,2,0,88.0
10109154FERRETIA_2025-05-24_G77,10109154FERRETIA,2025-05-24,117832,1,2,0,170.0
10109154FERRETIA_2025-05-24_G78,10109154FERRETIA,2025-05-24,117832,1,1,0,51.0
10109154FERRETIA_2025-05-24_G79,10109154FERRETIA,2025-05-24,110373,1,20,0,302.0
10109154FERRETIA_2025-05-24_G80,10109154FERRETIA,2025-05-24,111462,1,1,0,108.0
10109154FERRETIA_2025-05-24_G81,10109154FERRETIA,2025-05-24,160055,1,2,0,135.0
10109154FERRETIA_2025-05-24_G82,10109154FERRETIA,2025-05-24,111463,1,70,0,214.0
10109154FERRETIA_2025-05-24_G83,10109154FERRETIA,2025-05-24,118299,1,54,0,496.0
10109154FERRETIA_2025-05-24_G84,10109154FERRETIA,2025-05-24,117832,1,48,0,644.0
10109154FERRETIA_2025-05-26_G02,10109154FERRETIA,2025-05-26,109641,1,3,0,134.0
10109154FERRETIA_2025-05-26_G03,10109154FERRETIA,2025-05-26,110580,1,4,0,251.0
10109154FERRETIA_2025-05-26_G04,10109154FERRETIA,2025-05-26,109643,1,8,0,3171.0
10109154FERRETIA_2025-05-26_G05,10109154FERRETIA,2025-05-26,110374,1,6,0,228.0
10109154FERRETIA_2025-05-26_G06,10109154FERRETIA,2025-05-26,117808,1,2,0,215.0
10109154FERRETIA_2025-05-26_G07,10109154FERRETIA,2025-05-26,110372,1,2,0,120.0
10109154FERRETIA_2025-05-26_G08,10109154FERRETIA,2025-05-26,117832,1,6,0,67.0
10109154FERRETIA_2025-05-26_G09,10109154FERRETIA,2025-05-26,117830,1,3,0,48.0
10109154FERRETIA_2025-05-26_G10,10109154FERRETIA,2025-05-26,"111462, 111463",2,3,22,231.0
10109154FERRETIA_2025-05-26_G11,10109154FERRETIA,2025-05-26,111182,1,4,0,231.0
10109154FERRETIA_2025-05-26_G12,10109154FERRETIA,2025-05-26,111466,1,4,0,159.0
10109154FERRETIA_2025-05-26_G13,10109154FERRETIA,2025-05-26,118140,1,6,0,245.0
10109154FERRETIA_2025-05-26_G14,10109154FERRETIA,2025-05-26,117856,1,4,0,177.0
10109154FERRETIA_2025-05-26_G15,10109154FERRETIA,2025-05-26,117820,1,8,0,616.0
10109154FERRETIA_2025-05-26_G16,10109154FERRETIA,2025-05-26,117785,1,8,0,185.0
10109154FERRETIA_2025-05-26_G17,10109154FERRETIA,2025-05-26,117831,1,5,0,121.0
10109154FERRETIA_2025-05-26_G18,10109154FERRETIA,2025-05-26,118004,1,8,0,186.0
10109154FERRETIA_2025-05-26_G19,10109154FERRETIA,2025-05-26,118140,1,8,0,177.0
10109154FERRETIA_2025-05-26_G20,10109154FERRETIA,2025-05-26,110711,1,4,0,419.0
10109154FERRETIA_2025-05-26_G21,10109154FERRETIA,2025-05-26,111602,1,12,0,456.0
10109154FERRETIA_2025-05-26_G22,10109154FERRETIA,2025-05-26,110895,1,4,0,600.0
10109154FERRETIA_2025-05-26_G23,10109154FERRETIA,2025-05-26,111466,1,4,0,868.0
10109154FERRETIA_2025-05-26_G24,10109154FERRETIA,2025-05-26,118140,1,2,0,181.0
10109154FERRETIA_2025-05-26_G25,10109154FERRETIA,2025-05-26,111440,1,4,0,279.0
10109154FERRETIA_2025-05-26_G26,10109154FERRETIA,2025-05-26,110787,1,4,0,238.0
10109154FERRETIA_2025-05-26_G27,10109154FERRETIA,2025-05-26,117808,1,5,0,612.0
10109154FERRETIA_2025-05-26_G28,10109154FERRETIA,2025-05-26,110373,1,8,0,918.0
10109154FERRETIA_2025-05-26_G29,10109154FERRETIA,2025-05-26,118299,1,8,0,687.0
10109154FERRETIA_2025-05-26_G30,10109154FERRETIA,2025-05-26,109643,1,12,0,407.0
10109154FERRETIA_2025-05-26_G31,10109154FERRETIA,2025-05-26,110751,1,4,0,145.0
10109154FERRETIA_2025-05-26_G32,10109154FERRETIA,2025-05-26,105705,1,4,0,145.0
10109154FERRETIA_2025-05-26_G33,10109154FERRETIA,2025-05-26,108711,1,4,0,68.0
10109154FERRETIA_2025-05-26_G34,10109154FERRETIA,2025-05-26,140922,1,4,0,79.0
10109154FERRETIA_2025-05-26_G35,10109154FERRETIA,2025-05-26,111466,1,8,0,104.0
10109154FERRETIA_2025-05-26_G36,10109154FERRETIA,2025-05-26,111532,1,12,0,297.0
10109154FERRETIA_2025-05-26_G37,10109154FERRETIA,2025-05-26,117821,1,2,0,143.0
10109154FERRETIA_2025-05-26_G38,10109154FERRETIA,2025-05-26,118140,1,6,0,76.0
10109154FERRETIA_2025-05-26_G39,10109154FERRETIA,2025-05-26,110895,1,2,0,751.0
10109154FERRETIA_2025-05-26_G40,10109154FERRETIA,2025-05-26,140911,1,5,0,99.0
10109154FERRETIA_2025-05-26_G41,10109154FERRETIA,2025-05-26,118222,1,4,0,481.0
10109154FERRETIA_2025-05-26_G42,10109154FERRETIA,2025-05-26,111569,1,4,0,84.0
10109154FERRETIA_2025-05-26_G43,10109154FERRETIA,2025-05-26,111743,1,4,0,896.0
10109154FERRETIA_2025-05-26_G44,10109154FERRETIA,2025-05-26,108795,1,4,0,298.0
10109154FERRETIA_2025-05-26_G45,10109154FERRETIA,2025-05-26,140922,1,10,0,361.0
10109154FERRETIA_2025-05-26_G46,10109154FERRETIA,2025-05-26,117831,1,6,0,103.0
10109154FERRETIA_2025-05-26_G47,10109154FERRETIA,2025-05-26,118140,1,12,0,237.0
10109154FERRETIA_2025-05-26_G48,10109154FERRETIA,2025-05-26,117832,1,4,0,153.0
10109154FERRETIA_2025-05-26_G49,10109154FERRETIA,2025-05-26,110787,1,4,0,135.0
10109154FERRETIA_2025-05-26_G50,10109154FERRETIA,2025-05-26,118094,1,2,0,487.0
10109154FERRETIA_2025-05-26_G51,10109154FERRETIA,2025-05-26,110515,1,12,0,102.0
10109154FERRETIA_2025-05-26_G52,10109154FERRETIA,2025-05-26,111468,1,4,0,265.0
10109154FERRETIA_2025-05-26_G53,10109154FERRETIA,2025-05-26,108798,1,4,0,122.0
10109154FERRETIA_2025-05-26_G55,10109154FERRETIA,2025-05-26,117834,1,12,0,1264.0
10109154FERRETIA_2025-05-26_G56,10109154FERRETIA,2025-05-26,111655,1,5,0,272.0
10109154FERRETIA_2025-05-26_G57,10109154FERRETIA,2025-05-26,110374,1,16,0,296.0
10109154FERRETIA_2025-05-26_G58,10109154FERRETIA,2025-05-26,117822,1,12,0,170.0
10109154FERRETIA_2025-05-26_G59,10109154FERRETIA,2025-05-26,110376,1,10,0,192.0
10109154FERRETIA_2025-05-26_G60,10109154FERRETIA,2025-05-26,110372,1,20,0,1266.0
10109154FERRETIA_2025-05-26_G61,10109154FERRETIA,2025-05-26,117808,1,30,0,247.0
10109154FERRETIA_2025-05-27_G02,10109154FERRETIA,2025-05-27,117808,1,250,0,1370.0
10109154FERRETIA_2025-05-27_G03,10109154FERRETIA,2025-05-27,111602,1,24,0,2923.0
10109154FERRETIA_2025-05-27_G04,10109154FERRETIA,2025-05-27,140922,1,4,0,172.0
10109154FERRETIA_2025-05-27_G05,10109154FERRETIA,2025-05-27,108711,1,4,0,81.0
10109154FERRETIA_2025-05-27_G06,10109154FERRETIA,2025-05-27,118140,1,12,0,582.0
10109154FERRETIA_2025-05-27_G07,10109154FERRETIA,2025-05-27,110787,1,12,0,282.0
10109154FERRETIA_2025-05-27_G08,10109154FERRETIA,2025-05-27,111602,1,80,0,2457.0
10109154FERRETIA_2025-05-27_G09,10109154FERRETIA,2025-05-27,118299,1,32,0,230.0
10109154FERRETIA_2025-05-27_G10,10109154FERRETIA,2025-05-27,110372,1,40,0,623.0
10109154FERRETIA_2025-05-27_G11,10109154FERRETIA,2025-05-27,108711,1,32,0,975.0
10109154FERRETIA_2025-05-27_G12,10109154FERRETIA,2025-05-27,117808,1,30,0,350.0
10109154FERRETIA_2025-05-27_G13,10109154FERRETIA,2025-05-27,110373,1,48,0,549.0
10109154FERRETIA_2025-05-27_G14,10109154FERRETIA,2025-05-27,117820,1,32,0,690.0
10109154FERRETIA_2025-05-27_G15,10109154FERRETIA,2025-05-27,111602,1,8,0,181.0
10109154FERRETIA_2025-05-27_G16,10109154FERRETIA,2025-05-27,140922,1,8,0,340.0
10109154FERRETIA_2025-05-27_G17,10109154FERRETIA,2025-05-27,110787,1,12,0,291.0
10109154FERRETIA_2025-05-27_G18,10109154FERRETIA,2025-05-27,111431,2,8,11,1109.0
10109154FERRETIA_2025-05-27_G19,10109154FERRETIA,2025-05-27,110787,1,4,0,224.0
10109154FERRETIA_2025-05-27_G20,10109154FERRETIA,2025-05-27,111431,1,2,0,139.0
10109154FERRETIA_2025-05-27_G21,10109154FERRETIA,2025-05-27,111443,1,8,0,248.0
10109154FERRETIA_2025-05-27_G23,10109154FERRETIA,2025-05-27,118223,1,4,0,183.0
10109154FERRETIA_2025-05-27_G24,10109154FERRETIA,2025-05-27,108711,1,8,0,336.0
10109154FERRETIA_2025-05-27_G25,10109154FERRETIA,2025-05-27,118004,1,8,0,129.0
10109154FERRETIA_2025-05-27_G26,10109154FERRETIA,2025-05-27,118140,1,8,0,167.0
10109154FERRETIA_2025-05-27_G27,10109154FERRETIA,2025-05-27,110787,1,4,0,162.0
10109154FERRETIA_2025-05-27_G28,10109154FERRETIA,2025-05-27,109640,1,4,0,1959.0
10109154FERRETIA_2025-05-27_G29,10109154FERRETIA,2025-05-27,110787,1,21,0,366.0
10109154FERRETIA_2025-05-27_G30,10109154FERRETIA,2025-05-27,117935,1,25,0,504.0
10109154FERRETIA_2025-05-27_G31,10109154FERRETIA,2025-05-27,111466,1,48,0,1052.0
10109154FERRETIA_2025-05-27_G32,10109154FERRETIA,2025-05-27,111602,1,60,0,694.0
10109154FERRETIA_2025-05-27_G33,10109154FERRETIA,2025-05-27,110895,1,22,0,605.0
10109154FERRETIA_2025-05-27_G34,10109154FERRETIA,2025-05-27,114091,1,2,0,574.0
10109154FERRETIA_2025-05-27_G35,10109154FERRETIA,2025-05-27,114092,1,2,0,182.0
10109154FERRETIA_2025-05-27_G36,10109154FERRETIA,2025-05-27,141202,1,2,0,57.0
10109154FERRETIA_2025-05-27_G37,10109154FERRETIA,2025-05-27,117935,1,7,0,198.0
10109154FERRETIA_2025-05-27_G38,10109154FERRETIA,2025-05-27,109640,1,5,0,101.0
10109154FERRETIA_2025-05-28_G02,10109154FERRETIA,2025-05-28,110373,1,6,0,215.0
10109154FERRETIA_2025-05-28_G03,10109154FERRETIA,2025-05-28,117822,1,2,0,166.0
10109154FERRETIA_2025-05-28_G04,10109154FERRETIA,2025-05-28,110376,2,6,27,146.0
10109154FERRETIA_2025-05-28_G05,10109154FERRETIA,2025-05-28,118299,1,10,0,114.0
10109154FERRETIA_2025-05-28_G06,10109154FERRETIA,2025-05-28,117832,1,6,0,272.0
10109154FERRETIA_2025-05-28_G07,10109154FERRETIA,2025-05-28,117830,1,8,0,188.0
10109154FERRETIA_2025-05-28_G08,10109154FERRETIA,2025-05-28,117830,1,1,0,44.0
10109154FERRETIA_2025-05-28_G09,10109154FERRETIA,2025-05-28,141202,1,2,0,127.0
10109154FERRETIA_2025-05-28_G10,10109154FERRETIA,2025-05-28,117809,1,2,0,69.0
10109154FERRETIA_2025-05-28_G11,10109154FERRETIA,2025-05-28,110373,1,6,0,2298.0
10109154FERRETIA_2025-05-28_G12,10109154FERRETIA,2025-05-28,117808,1,12,0,239.0
10109154FERRETIA_2025-05-28_G13,10109154FERRETIA,2025-05-28,117820,1,8,0,422.0
10109154FERRETIA_2025-05-28_G14,10109154FERRETIA,2025-05-28,110372,1,6,0,95.0
10109154FERRETIA_2025-05-28_G15,10109154FERRETIA,2025-05-28,117808,1,27,0,724.0
10109154FERRETIA_2025-05-28_G16,10109154FERRETIA,2025-05-28,118299,1,29,0,249.0
10109154FERRETIA_2025-05-28_G17,10109154FERRETIA,2025-05-28,110372,1,14,0,117.0
10109154FERRETIA_2025-05-28_G18,10109154FERRETIA,2025-05-28,114097,1,2,0,3153.0
10109154FERRETIA_2025-05-28_G19,10109154FERRETIA,2025-05-28,109643,1,12,0,266.0
10109154FERRETIA_2025-05-28_G20,10109154FERRETIA,2025-05-28,117808,1,300,0,1788.0
10109154FERRETIA_2025-05-28_G21,10109154FERRETIA,2025-05-28,117832,1,100,0,404.0
10109154FERRETIA_2025-05-28_G22,10109154FERRETIA,2025-05-28,117830,1,100,0,486.0
10109154FERRETIA_2025-05-28_G23,10109154FERRETIA,2025-05-28,117830,1,100,0,855.0
10109154FERRETIA_2025-05-28_G24,10109154FERRETIA,2025-05-28,109640,1,30,0,267.0
10109154FERRETIA_2025-05-28_G25,10109154FERRETIA,2025-05-28,117855,1,23,0,260.0
10109154FERRETIA_2025-05-28_G26,10109154FERRETIA,2025-05-28,117855,1,12,0,221.0
10109154FERRETIA_2025-05-28_G27,10109154FERRETIA,2025-05-28,110751,2,8,15,125.0
10109154FERRETIA_2025-05-28_G28,10109154FERRETIA,2025-05-28,111431,1,3,0,106.0
10109154FERRETIA_2025-05-28_G29,10109154FERRETIA,2025-05-28,118004,1,8,0,237.0
10109154FERRETIA_2025-05-28_G30,10109154FERRETIA,2025-05-28,111462,1,30,0,433.0
10109154FERRETIA_2025-05-28_G31,10109154FERRETIA,2025-05-28,111469,1,21,0,201.0
10109154FERRETIA_2025-05-28_G32,10109154FERRETIA,2025-05-28,110740,1,20,0,285.0
10109154FERRETIA_2025-05-28_G33,10109154FERRETIA,2025-05-28,116241,1,8,0,659.0
10109154FERRETIA_2025-05-28_G35,10109154FERRETIA,2025-05-28,108711,1,8,0,158.0
10109154FERRETIA_2025-05-28_G36,10109154FERRETIA,2025-05-28,111172,1,4,0,210.0
10109154FERRETIA_2025-05-28_G37,10109154FERRETIA,2025-05-28,111431,3,8,17,95.0
10109154FERRETIA_2025-05-28_G38,10109154FERRETIA,2025-05-28,118004,1,8,0,223.0
10109154FERRETIA_2025-05-28_G39,10109154FERRETIA,2025-05-28,117821,1,4,0,137.0
10109154FERRETIA_2025-05-28_G40,10109154FERRETIA,2025-05-28,111348,1,2,0,59.0
10109154FERRETIA_2025-05-28_G41,10109154FERRETIA,2025-05-28,111433,1,4,0,52.0
10109154FERRETIA_2025-05-28_G42,10109154FERRETIA,2025-05-28,107236,1,4,0,136.0
10109154FERRETIA_2025-05-28_G43,10109154FERRETIA,2025-05-28,117841,1,2,0,429.0
10109154FERRETIA_2025-05-28_G44,10109154FERRETIA,2025-05-28,110787,1,20,0,1599.0
10109154FERRETIA_2025-05-28_G45,10109154FERRETIA,2025-05-28,110787,1,16,0,1006.0
10109154FERRETIA_2025-05-28_G46,10109154FERRETIA,2025-05-28,111876,1,2,0,195.0
10109154FERRETIA_2025-05-28_G47,10109154FERRETIA,2025-05-28,117837,1,2,0,118.0
10109154FERRETIA_2025-05-28_G48,10109154FERRETIA,2025-05-28,117855,1,10,0,322.0
10109154FERRETIA_2025-05-28_G49,10109154FERRETIA,2025-05-28,111467,1,2,0,756.0
10109154FERRETIA_2025-05-28_G50,10109154FERRETIA,2025-05-28,110752,1,4,0,55.0
10109154FERRETIA_2025-05-28_G51,10109154FERRETIA,2025-05-28,117853,1,2,0,94.0
10109154FERRETIA_2025-05-28_G52,10109154FERRETIA,2025-05-28,111439,1,4,0,102.0
10109154FERRETIA_2025-05-28_G53,10109154FERRETIA,2025-05-28,111530,1,4,0,162.0
10109154FERRETIA_2025-05-28_G54,10109154FERRETIA,2025-05-28,110515,1,8,0,123.0
10109154FERRETIA_2025-05-29_G02,10109154FERRETIA,2025-05-29,118317,1,8,0,148.0
10109154FERRETIA_2025-05-29_G03,10109154FERRETIA,2025-05-29,110787,1,8,0,127.0
10109154FERRETIA_2025-05-29_G04,10109154FERRETIA,2025-05-29,110372,1,8,0,482.0
10109154FERRETIA_2025-05-29_G05,10109154FERRETIA,2025-05-29,111660,1,4,0,171.0
10109154FERRETIA_2025-05-29_G06,10109154FERRETIA,2025-05-29,117935,1,4,0,112.0
10109154FERRETIA_2025-05-29_G07,10109154FERRETIA,2025-05-29,117855,1,4,0,57.0
10109154FERRETIA_2025-05-29_G08,10109154FERRETIA,2025-05-29,111172,1,4,0,78.0
10109154FERRETIA_2025-05-29_G09,10109154FERRETIA,2025-05-29,118317,1,4,0,126.0
10109154FERRETIA_2025-05-29_G10,10109154FERRETIA,2025-05-29,110372,1,4,0,135.0
10109154FERRETIA_2025-05-29_G11,10109154FERRETIA,2025-05-29,111655,1,4,0,432.0
10109154FERRETIA_2025-05-29_G12,10109154FERRETIA,2025-05-29,117935,1,4,0,108.0
10109154FERRETIA_2025-05-29_G13,10109154FERRETIA,2025-05-29,117855,1,8,0,90.0
10109154FERRETIA_2025-05-29_G14,10109154FERRETIA,2025-05-29,111172,1,4,0,202.0
10109154FERRETIA_2025-05-29_G15,10109154FERRETIA,2025-05-29,118317,1,8,0,121.0
10109154FERRETIA_2025-05-29_G16,10109154FERRETIA,2025-05-29,110787,1,8,0,108.0
10109154FERRETIA_2025-05-29_G17,10109154FERRETIA,2025-05-29,110372,1,8,0,415.0
10109154FERRETIA_2025-05-29_G18,10109154FERRETIA,2025-05-29,108794,1,4,0,301.0
10109154FERRETIA_2025-05-29_G19,10109154FERRETIA,2025-05-29,111530,1,1,0,306.0
10109154FERRETIA_2025-05-29_G20,10109154FERRETIA,2025-05-29,110374,1,4,0,241.0
10109154FERRETIA_2025-05-29_G21,10109154FERRETIA,2025-05-29,110787,1,4,0,162.0
10109154FERRETIA_2025-05-29_G22,10109154FERRETIA,2025-05-29,110515,1,5,0,695.0
10109154FERRETIA_2025-05-29_G23,10109154FERRETIA,2025-05-29,110742,1,1,0,388.0
10109154FERRETIA_2025-05-29_G24,10109154FERRETIA,2025-05-29,116241,1,4,0,124.0
10109154FERRETIA_2025-05-29_G25,10109154FERRETIA,2025-05-29,118140,1,3,0,146.0
10109154FERRETIA_2025-05-29_G26,10109154FERRETIA,2025-05-29,111418,1,18,0,205.0
10109154FERRETIA_2025-05-29_G27,10109154FERRETIA,2025-05-29,116241,1,5,0,305.0
10109154FERRETIA_2025-05-29_G28,10109154FERRETIA,2025-05-29,110742,1,4,0,93.0
10109154FERRETIA_2025-05-29_G29,10109154FERRETIA,2025-05-29,111530,2,5,8,255.0
10109154FERRETIA_2025-05-29_G30,10109154FERRETIA,2025-05-29,111463,1,2,0,167.0
10109154FERRETIA_2025-05-29_G31,10109154FERRETIA,2025-05-29,118140,1,7,0,213.0
10109154FERRETIA_2025-05-29_G32,10109154FERRETIA,2025-05-29,140988,1,2,0,509.0
10109154FERRETIA_2025-05-29_G33,10109154FERRETIA,2025-05-29,110742,2,20,16,732.0
10109154FERRETIA_2025-05-29_G34,10109154FERRETIA,2025-05-29,111602,1,23,0,333.0
10109154FERRETIA_2025-05-29_G35,10109154FERRETIA,2025-05-29,111530,1,20,0,198.0
10109154FERRETIA_2025-05-29_G36,10109154FERRETIA,2025-05-29,110515,1,6,0,301.0
10109154FERRETIA_2025-05-29_G37,10109154FERRETIA,2025-05-29,111463,1,16,0,237.0
10109154FERRETIA_2025-05-29_G38,10109154FERRETIA,2025-05-29,111532,1,10,0,159.0
10109154FERRETIA_2025-05-29_G39,10109154FERRETIA,2025-05-29,111418,1,11,0,139.0
10109154FERRETIA_2025-05-29_G40,10109154FERRETIA,2025-05-29,160051,1,30,0,812.0
10109154FERRETIA_2025-05-29_G41,10109154FERRETIA,2025-05-29,111430,1,4,0,374.0
10109154FERRETIA_2025-05-29_G42,10109154FERRETIA,2025-05-29,111655,1,8,0,136.0
10109154FERRETIA_2025-05-29_G43,10109154FERRETIA,2025-05-29,118140,1,5,0,187.0
10109154FERRETIA_2025-05-29_G44,10109154FERRETIA,2025-05-29,111418,1,11,0,115.0
10109154FERRETIA_2025-05-29_G45,10109154FERRETIA,2025-05-29,110787,1,6,0,276.0
10109154FERRETIA_2025-05-29_G46,10109154FERRETIA,2025-05-29,118290,1,2,0,935.0
10109154FERRETIA_2025-05-29_G47,10109154FERRETIA,2025-05-29,118290,1,2,0,36.0
10109154FERRETIA_2025-05-29_G48,10109154FERRETIA,2025-05-29,116241,1,14,0,260.0
10109154FERRETIA_2025-05-29_G49,10109154FERRETIA,2025-05-29,117785,1,26,0,279.0
10109154FERRETIA_2025-05-29_G50,10109154FERRETIA,2025-05-29,111463,1,7,0,267.0
10109154FERRETIA_2025-05-29_G51,10109154FERRETIA,2025-05-29,111532,1,4,0,105.0
10109154FERRETIA_2025-05-29_G52,10109154FERRETIA,2025-05-29,118140,1,10,0,129.0
10109154FERRETIA_2025-05-29_G53,10109154FERRETIA,2025-05-29,111418,1,45,0,482.0
10109154FERRETIA_2025-05-29_G54,10109154FERRETIA,2025-05-29,141047,1,2,0,1682.0
10109154FERRETIA_2025-05-29_G55,10109154FERRETIA,2025-05-29,108794,1,3,0,204.0
10109154FERRETIA_2025-05-29_G57,10109154FERRETIA,2025-05-29,110374,1,4,0,75.0
10109154FERRETIA_2025-05-29_G58,10109154FERRETIA,2025-05-29,117808,1,4,0,84.0
10109154FERRETIA_2025-05-29_G59,10109154FERRETIA,2025-05-29,117820,1,4,0,265.0
10109154FERRETIA_2025-05-29_G60,10109154FERRETIA,2025-05-29,111463,1,4,0,145.0
10109154FERRETIA_2025-05-29_G61,10109154FERRETIA,2025-05-29,109641,1,4,0,78.0
10109154FERRETIA_2025-05-29_G62,10109154FERRETIA,2025-05-29,111466,1,6,0,87.0
10109154FERRETIA_2025-05-29_G63,10109154FERRETIA,2025-05-29,111469,1,8,0,85.0
10109154FERRETIA_2025-05-29_G64,10109154FERRETIA,2025-05-29,111469,1,6,0,71.0
10109154FERRETIA_2025-05-29_G65,10109154FERRETIA,2025-05-29,117842,1,5,0,130.0
10109154FERRETIA_2025-05-29_G66,10109154FERRETIA,2025-05-29,140922,1,4,0,295.0
10109154FERRETIA_2025-05-29_G67,10109154FERRETIA,2025-05-29,117831,1,8,0,145.0
10109154FERRETIA_2025-05-29_G68,10109154FERRETIA,2025-05-29,111172,1,5,0,74.0
10109154FERRETIA_2025-05-29_G69,10109154FERRETIA,2025-05-29,111330,1,4,0,115.0
10109154FERRETIA_2025-05-29_G70,10109154FERRETIA,2025-05-29,111465,1,4,0,60.0
10109154FERRETIA_2025-05-30_G02,10109154FERRETIA,2025-05-30,117862,1,4,0,134.0
10109154FERRETIA_2025-05-30_G03,10109154FERRETIA,2025-05-30,110515,1,4,0,174.0
10109154FERRETIA_2025-05-30_G04,10109154FERRETIA,2025-05-30,110374,1,4,0,223.0
10109154FERRETIA_2025-05-30_G05,10109154FERRETIA,2025-05-30,111465,1,12,0,227.0
10109154FERRETIA_2025-05-30_G06,10109154FERRETIA,2025-05-30,111466,1,12,0,201.0
10109154FERRETIA_2025-05-30_G07,10109154FERRETIA,2025-05-30,110313,1,8,0,602.0
10109154FERRETIA_2025-05-30_G08,10109154FERRETIA,2025-05-30,116241,1,4,0,216.0
10109154FERRETIA_2025-05-30_G09,10109154FERRETIA,2025-05-30,111462,1,2,0,121.0
10109154FERRETIA_2025-05-30_G10,10109154FERRETIA,2025-05-30,110745,1,4,0,135.0
10109154FERRETIA_2025-05-30_G11,10109154FERRETIA,2025-05-30,111418,1,2,0,2805.0
10109154FERRETIA_2025-05-30_G12,10109154FERRETIA,2025-05-30,111466,1,4,0,922.0
10109154FERRETIA_2025-05-30_G13,10109154FERRETIA,2025-05-30,110787,1,12,0,230.0
10109154FERRETIA_2025-05-30_G14,10109154FERRETIA,2025-05-30,110711,1,6,0,196.0
10109154FERRETIA_2025-05-30_G15,10109154FERRETIA,2025-05-30,116241,1,5,0,197.0
10109154FERRETIA_2025-05-30_G16,10109154FERRETIA,2025-05-30,117830,1,72,0,1802.0
10109154FERRETIA_2025-05-30_G17,10109154FERRETIA,2025-05-30,110325,1,8,0,206.0
10109154FERRETIA_2025-05-30_G18,10109154FERRETIA,2025-05-30,117820,1,4,0,155.0
10109154FERRETIA_2025-05-30_G19,10109154FERRETIA,2025-05-30,109643,1,60,0,513.0
10109154FERRETIA_2025-05-30_G20,10109154FERRETIA,2025-05-30,117820,2,54,5,310.0
10109154FERRETIA_2025-05-30_G21,10109154FERRETIA,2025-05-30,117787,1,18,0,1567.0
10109154FERRETIA_2025-05-30_G22,10109154FERRETIA,2025-05-30,105705,1,11,0,545.0
10109154FERRETIA_2025-05-30_G23,10109154FERRETIA,2025-05-30,117833,1,30,0,252.0
10109154FERRETIA_2025-05-30_G24,10109154FERRETIA,2025-05-30,108798,1,24,0,180.0
10109154FERRETIA_2025-05-30_G25,10109154FERRETIA,2025-05-30,110748,1,4,0,715.0
10109154FERRETIA_2025-05-30_G26,10109154FERRETIA,2025-05-30,111348,1,24,0,231.0
10109154FERRETIA_2025-05-30_G27,10109154FERRETIA,2025-05-30,111433,1,2,0,40.0
10109154FERRETIA_2025-05-30_G28,10109154FERRETIA,2025-05-30,107236,1,2,0,150.0
10109154FERRETIA_2025-05-30_G29,10109154FERRETIA,2025-05-30,111435,1,36,0,767.0
10109154FERRETIA_2025-05-30_G30,10109154FERRETIA,2025-05-30,110743,2,35,9,507.0
10109154FERRETIA_2025-05-30_G31,10109154FERRETIA,2025-05-30,110332,1,28,0,395.0
10109154FERRETIA_2025-05-30_G32,10109154FERRETIA,2025-05-30,110753,1,7,0,364.0
10109154FERRETIA_2025-05-30_G33,10109154FERRETIA,2025-05-30,108361,1,1,0,304.0
10109154FERRETIA_2025-05-30_G34,10109154FERRETIA,2025-05-30,118290,1,4,0,1629.0
10109154FERRETIA_2025-05-30_G35,10109154FERRETIA,2025-05-30,117935,1,30,0,288.0
10109154FERRETIA_2025-05-30_G36,10109154FERRETIA,2025-05-30,118094,1,4,0,565.0
10109154FERRETIA_2025-05-30_G37,10109154FERRETIA,2025-05-30,140988,1,2,0,176.0
10109154FERRETIA_2025-05-30_G38,10109154FERRETIA,2025-05-30,160054,1,6,0,179.0
10109154FERRETIA_2025-05-30_G39,10109154FERRETIA,2025-05-30,111182,1,3,0,169.0
10109154FERRETIA_2025-05-30_G40,10109154FERRETIA,2025-05-30,109645,1,4,0,202.0
10109154FERRETIA_2025-05-30_G41,10109154FERRETIA,2025-05-30,111348,1,4,0,66.0
10109154FERRETIA_2025-05-30_G43,10109154FERRETIA,2025-05-30,109643,2,12,8,268.0
10109154FERRETIA_2025-05-30_G44,10109154FERRETIA,2025-05-30,108795,2,14,10,223.0
10109154FERRETIA_2025-05-30_G45,10109154FERRETIA,2025-05-30,111462,2,20,10,402.0
10109154FERRETIA_2025-05-30_G46,10109154FERRETIA,2025-05-30,105705,1,3,0,271.0
10109154FERRETIA_2025-05-30_G47,10109154FERRETIA,2025-05-30,111182,1,10,0,432.0
10109154FERRETIA_2025-05-30_G48,10109154FERRETIA,2025-05-30,108711,1,10,0,74.0
10109154FERRETIA_2025-05-31_G02,10109154FERRETIA,2025-05-31,160051,1,4,0,166.0
10109154FERRETIA_2025-05-31_G03,10109154FERRETIA,2025-05-31,141047,1,3,0,993.0
10109154FERRETIA_2025-05-31_G04,10109154FERRETIA,2025-05-31,117820,1,356,0,3223.0
10109154FERRETIA_2025-05-31_G05,10109154FERRETIA,2025-05-31,117820,2,100,18,1143.0
10109154FERRETIA_2025-05-31_G06,10109154FERRETIA,2025-05-31,117820,1,24,0,387.0
10109154FERRETIA_2025-05-31_G07,10109154FERRETIA,2025-05-31,117820,1,38,0,193.0
10109154FERRETIA_2025-05-31_G08,10109154FERRETIA,2025-05-31,117820,1,72,0,538.0
10109154FERRETIA_2025-05-31_G09,10109154FERRETIA,2025-05-31,111469,1,5,0,2476.0
10109154FERRETIA_2025-05-31_G10,10109154FERRETIA,2025-05-31,110325,1,4,0,1268.0
10109154FERRETIA_2025-05-31_G11,10109154FERRETIA,2025-05-31,110373,1,3,0,111.0
10109154FERRETIA_2025-05-31_G12,10109154FERRETIA,2025-05-31,110372,1,7,0,81.0
10109154FERRETIA_2025-05-31_G13,10109154FERRETIA,2025-05-31,118299,1,3,0,99.0
10109154FERRETIA_2025-05-31_G14,10109154FERRETIA,2025-05-31,117808,1,2,0,52.0
10109154FERRETIA_2025-05-31_G15,10109154FERRETIA,2025-05-31,117808,1,9,0,95.0
10109154FERRETIA_2025-05-31_G16,10109154FERRETIA,2025-05-31,117809,1,2,0,76.0
10109154FERRETIA_2025-05-31_G17,10109154FERRETIA,2025-05-31,108795,1,4,0,156.0
10109154FERRETIA_2025-05-31_G18,10109154FERRETIA,2025-05-31,140922,1,2,0,91.0
10109154FERRETIA_2025-05-31_G19,10109154FERRETIA,2025-05-31,111466,1,4,0,109.0
10109154FERRETIA_2025-05-31_G20,10109154FERRETIA,2025-05-31,111469,1,14,0,521.0
10109154FERRETIA_2025-05-31_G21,10109154FERRETIA,2025-05-31,117831,1,6,0,104.0
10109154FERRETIA_2025-05-31_G22,10109154FERRETIA,2025-05-31,111418,2,6,7,143.0
10109154FERRETIA_2025-05-31_G23,10109154FERRETIA,2025-05-31,117785,1,1,0,97.0
10109154FERRETIA_2025-05-31_G24,10109154FERRETIA,2025-05-31,110787,1,6,0,151.0
10109154FERRETIA_2025-05-31_G25,10109154FERRETIA,2025-05-31,110339,2,6,11,154.0
10109154FERRETIA_2025-05-31_G26,10109154FERRETIA,2025-05-31,117862,1,2,0,153.0
10109154FERRETIA_2025-05-31_G27,10109154FERRETIA,2025-05-31,117935,1,4,0,80.0
10109154FERRETIA_2025-05-31_G28,10109154FERRETIA,2025-05-31,117855,2,6,10,66.0
10109154FERRETIA_2025-05-31_G29,10109154FERRETIA,2025-05-31,117861,1,6,0,154.0
10109154FERRETIA_2025-05-31_G30,10109154FERRETIA,2025-05-31,111467,1,4,0,1799.0
10109154FERRETIA_2025-05-31_G31,10109154FERRETIA,2025-05-31,110515,2,4,8,137.0
10109154FERRETIA_2025-05-31_G32,10109154FERRETIA,2025-05-31,117856,1,2,0,87.0
10109154FERRETIA_2025-05-31_G33,10109154FERRETIA,2025-05-31,111850,1,2,0,200.0
10109154FERRETIA_2025-05-31_G34,10109154FERRETIA,2025-05-31,109640,1,3,0,136.0
10109154FERRETIA_2025-05-31_G35,10109154FERRETIA,2025-05-31,160054,1,2,0,964.0
10109154FERRETIA_2025-05-31_G36,10109154FERRETIA,2025-05-31,110373,1,6,0,136.0
10109154FERRETIA_2025-05-31_G37,10109154FERRETIA,2025-05-31,117809,1,4,0,130.0
10109154FERRETIA_2025-05-31_G38,10109154FERRETIA,2025-05-31,117820,1,8,0,117.0
10109154FERRETIA_2025-05-31_G39,10109154FERRETIA,2025-05-31,117830,1,2,0,60.0
10109154FERRETIA_2025-05-31_G40,10109154FERRETIA,2025-05-31,105705,1,2,0,154.0
10109154FERRETIA_2025-05-31_G41,10109154FERRETIA,2025-05-31,140922,1,2,0,44.0
10109154FERRETIA_2025-05-31_G43,10109154FERRETIA,2025-05-31,117830,1,4,0,121.0
10109154FERRETIA_2025-05-31_G44,10109154FERRETIA,2025-05-31,108795,1,6,0,178.0
10109154FERRETIA_2025-05-31_G45,10109154FERRETIA,2025-05-31,110745,1,4,0,82.0
10109154FERRETIA_2025-05-31_G46,10109154FERRETIA,2025-05-31,111431,1,8,0,178.0
10109154FERRETIA_2025-05-31_G47,10109154FERRETIA,2025-05-31,111418,1,6,0,211.0
10109154FERRETIA_2025-05-31_G48,10109154FERRETIA,2025-05-31,118317,1,12,0,190.0
10109154FERRETIA_2025-05-31_G49,10109154FERRETIA,2025-05-31,117785,1,6,0,87.0
10109154FERRETIA_2025-05-31_G50,10109154FERRETIA,2025-05-31,110339,1,6,0,156.0
10109154FERRETIA_2025-05-31_G51,10109154FERRETIA,2025-05-31,118290,1,5,0,371.0
10109154FERRETIA_2025-05-31_G52,10109154FERRETIA,2025-05-31,109640,2,3,8,296.0
10109154FERRETIA_2025-05-31_G53,10109154FERRETIA,2025-05-31,117855,1,3,0,100.0
10109154FERRETIA_2025-05-31_G54,10109154FERRETIA,2025-05-31,117821,1,2,0,162.0
10109154FERRETIA_2025-05-31_G55,10109154FERRETIA,2025-05-31,110371,1,1,0,168.0
10109154FERRETIA_2025-05-31_G56,10109154FERRETIA,2025-05-31,117830,1,3,0,103.0
10109154FERRETIA_2025-05-31_G57,10109154FERRETIA,2025-05-31,111569,1,3,0,233.0
10109154FERRETIA_2025-05-31_G58,10109154FERRETIA,2025-05-31,118222,1,3,0,128.0
10109154FERRETIA_2025-05-31_G59,10109154FERRETIA,2025-05-31,111438,1,5,0,180.0
10109154FERRETIA_2025-05-31_G60,10109154FERRETIA,2025-05-31,118299,1,3,0,54.0
10109154FERRETIA_2025-05-31_G61,10109154FERRETIA,2025-05-31,117820,1,2,0,98.0
10109154FERRETIA_2025-05-31_G62,10109154FERRETIA,2025-05-31,"107629, 109640",2,8,22,221.0
10109154FERRETIA_2025-06-09_G02,10109154FERRETIA,2025-06-09,110374,1,29,0,1078.0
10109154FERRETIA_2025-06-09_G03,10109154FERRETIA,2025-06-09,109643,1,10,0,135.0
10109154FERRETIA_2025-06-09_G04,10109154FERRETIA,2025-06-09,110371,1,12,0,575.0
10109154FERRETIA_2025-06-09_G05,10109154FERRETIA,2025-06-09,117830,1,8,0,107.0
10109154FERRETIA_2025-06-09_G06,10109154FERRETIA,2025-06-09,110373,1,30,0,452.0
10109154FERRETIA_2025-06-09_G07,10109154FERRETIA,2025-06-09,118299,1,60,0,497.0
10109154FERRETIA_2025-06-09_G08,10109154FERRETIA,2025-06-09,117832,1,40,0,232.0
10109154FERRETIA_2025-06-09_G09,10109154FERRETIA,2025-06-09,117808,1,257,0,393.0
10109154FERRETIA_2025-06-09_G10,10109154FERRETIA,2025-06-09,111435,1,12,0,249.0
10109154FERRETIA_2025-06-09_G11,10109154FERRETIA,2025-06-09,111462,1,8,0,167.0
10109154FERRETIA_2025-06-09_G12,10109154FERRETIA,2025-06-09,111469,1,2,0,159.0
10109154FERRETIA_2025-06-09_G13,10109154FERRETIA,2025-06-09,105705,1,2,0,93.0
10109154FERRETIA_2025-06-09_G14,10109154FERRETIA,2025-06-09,110745,1,4,0,132.0
10109154FERRETIA_2025-06-09_G15,10109154FERRETIA,2025-06-09,111442,1,6,0,392.0
10109154FERRETIA_2025-06-09_G16,10109154FERRETIA,2025-06-09,111469,1,33,0,1901.0
10109154FERRETIA_2025-06-09_G17,10109154FERRETIA,2025-06-09,105705,1,14,0,100.0
10109154FERRETIA_2025-06-09_G18,10109154FERRETIA,2025-06-09,111182,1,8,0,364.0
10109154FERRETIA_2025-06-09_G19,10109154FERRETIA,2025-06-09,118317,1,18,0,294.0
10109154FERRETIA_2025-06-09_G20,10109154FERRETIA,2025-06-09,117821,1,2,0,89.0
10109154FERRETIA_2025-06-09_G21,10109154FERRETIA,2025-06-09,111418,1,35,0,233.0
10109154FERRETIA_2025-06-09_G22,10109154FERRETIA,2025-06-09,118094,1,5,0,304.0
10109154FERRETIA_2025-06-09_G23,10109154FERRETIA,2025-06-09,110339,1,2,0,106.0
10109154FERRETIA_2025-06-09_G24,10109154FERRETIA,2025-06-09,117855,1,6,0,3085.0
10109154FERRETIA_2025-06-09_G25,10109154FERRETIA,2025-06-09,109640,1,6,0,180.0
10109154FERRETIA_2025-06-09_G26,10109154FERRETIA,2025-06-09,111602,1,5,0,124.0
10109154FERRETIA_2025-06-09_G27,10109154FERRETIA,2025-06-09,110313,1,2,0,93.0
10109154FERRETIA_2025-06-09_G28,10109154FERRETIA,2025-06-09,110515,1,6,0,88.0
10109154FERRETIA_2025-06-09_G29,10109154FERRETIA,2025-06-09,110742,1,2,0,922.0
10109154FERRETIA_2025-06-09_G30,10109154FERRETIA,2025-06-09,110747,1,9,0,147.0
10109154FERRETIA_2025-06-09_G31,10109154FERRETIA,2025-06-09,100334,1,5,0,105.0
10109154FERRETIA_2025-06-09_G32,10109154FERRETIA,2025-06-09,118306,1,4,0,194.0
10109154FERRETIA_2025-06-09_G33,10109154FERRETIA,2025-06-09,111438,1,10,0,248.0
10109154FERRETIA_2025-06-09_G34,10109154FERRETIA,2025-06-09,111569,1,13,0,138.0
10109154FERRETIA_2025-06-09_G35,10109154FERRETIA,2025-06-09,109937,1,6,0,285.0
10109154FERRETIA_2025-06-09_G36,10109154FERRETIA,2025-06-09,111445,1,4,0,157.0
10109154FERRETIA_2025-06-09_G37,10109154FERRETIA,2025-06-09,118222,1,4,0,341.0
10109154FERRETIA_2025-06-09_G38,10109154FERRETIA,2025-06-09,111441,1,15,0,379.0
10109154FERRETIA_2025-06-09_G39,10109154FERRETIA,2025-06-09,110755,1,27,0,335.0
10109154FERRETIA_2025-06-09_G41,10109154FERRETIA,2025-06-09,110372,1,45,0,457.0
10109154FERRETIA_2025-06-09_G42,10109154FERRETIA,2025-06-09,110372,1,2,0,54.0
10109154FERRETIA_2025-06-09_G43,10109154FERRETIA,2025-06-09,110371,1,10,0,301.0
10109154FERRETIA_2025-06-09_G44,10109154FERRETIA,2025-06-09,117820,1,12,0,133.0
10109154FERRETIA_2025-06-09_G45,10109154FERRETIA,2025-06-09,110325,1,12,0,230.0
10109154FERRETIA_2025-06-09_G46,10109154FERRETIA,2025-06-09,110374,1,2,0,44.0
10109154FERRETIA_2025-06-09_G47,10109154FERRETIA,2025-06-09,110373,1,17,0,201.0
10109154FERRETIA_2025-06-09_G48,10109154FERRETIA,2025-06-09,117832,1,4,0,136.0
10109154FERRETIA_2025-06-09_G49,10109154FERRETIA,2025-06-09,111418,2,63,15,459.0
10109154FERRETIA_2025-06-09_G50,10109154FERRETIA,2025-06-09,117785,1,4,0,327.0
10109154FERRETIA_2025-06-09_G51,10109154FERRETIA,2025-06-09,110373,1,84,0,590.0
10109154FERRETIA_2025-06-09_G52,10109154FERRETIA,2025-06-09,110373,1,2,0,382.0
10109154FERRETIA_2025-06-09_G53,10109154FERRETIA,2025-06-09,110371,1,3,0,368.0
10109154FERRETIA_2025-06-09_G54,10109154FERRETIA,2025-06-09,117820,1,26,0,158.0
10109154FERRETIA_2025-06-09_G55,10109154FERRETIA,2025-06-09,110325,1,8,0,264.0
10109154FERRETIA_2025-06-09_G56,10109154FERRETIA,2025-06-09,110374,1,23,0,1388.0
10109154FERRETIA_2025-06-09_G57,10109154FERRETIA,2025-06-09,117808,1,61,0,75.0
10109154FERRETIA_2025-06-10_G02,10109154FERRETIA,2025-06-10,110313,1,4,0,157.0
10109154FERRETIA_2025-06-10_G03,10109154FERRETIA,2025-06-10,118140,1,8,0,171.0
10109154FERRETIA_2025-06-10_G04,10109154FERRETIA,2025-06-10,108711,1,8,0,98.0
10109154FERRETIA_2025-06-10_G05,10109154FERRETIA,2025-06-10,111440,1,1,0,451.0
10109154FERRETIA_2025-06-10_G06,10109154FERRETIA,2025-06-10,117935,1,4,0,217.0
10109154FERRETIA_2025-06-10_G07,10109154FERRETIA,2025-06-10,117786,1,2,0,172.0
10109154FERRETIA_2025-06-10_G08,10109154FERRETIA,2025-06-10,111530,1,8,0,381.0
10109154FERRETIA_2025-06-10_G09,10109154FERRETIA,2025-06-10,117831,1,2,0,527.0
10109154FERRETIA_2025-06-10_G10,10109154FERRETIA,2025-06-10,105705,1,1,0,106.0
10109154FERRETIA_2025-06-10_G11,10109154FERRETIA,2025-06-10,118140,1,8,0,134.0
10109154FERRETIA_2025-06-10_G12,10109154FERRETIA,2025-06-10,111532,1,7,0,82.0
10109154FERRETIA_2025-06-10_G13,10109154FERRETIA,2025-06-10,111330,1,3,0,430.0
10109154FERRETIA_2025-06-10_G14,10109154FERRETIA,2025-06-10,110374,1,8,0,118.0
10109154FERRETIA_2025-06-10_G15,10109154FERRETIA,2025-06-10,109643,1,3,0,88.0
10109154FERRETIA_2025-06-10_G16,10109154FERRETIA,2025-06-10,117830,1,4,0,155.0
10109154FERRETIA_2025-06-10_G17,10109154FERRETIA,2025-06-10,111462,1,200,0,2874.0
10109154FERRETIA_2025-06-10_G18,10109154FERRETIA,2025-06-10,108794,1,80,0,459.0
10109154FERRETIA_2025-06-10_G19,10109154FERRETIA,2025-06-10,111743,1,40,0,1308.0
10109154FERRETIA_2025-06-10_G20,10109154FERRETIA,2025-06-10,105705,1,43,0,896.0
10109154FERRETIA_2025-06-10_G21,10109154FERRETIA,2025-06-10,107236,1,43,0,108.0
10109154FERRETIA_2025-06-10_G22,10109154FERRETIA,2025-06-10,117853,1,79,0,288.0
10109154FERRETIA_2025-06-10_G23,10109154FERRETIA,2025-06-10,111430,1,8,0,1711.0
10109154FERRETIA_2025-06-10_G24,10109154FERRETIA,2025-06-10,108711,1,2,0,923.0
10109154FERRETIA_2025-06-10_G25,10109154FERRETIA,2025-06-10,109640,1,4,0,158.0
10109154FERRETIA_2025-06-10_G26,10109154FERRETIA,2025-06-10,107629,1,4,0,223.0
10109154FERRETIA_2025-06-10_G27,10109154FERRETIA,2025-06-10,117935,1,1,0,141.0
10109154FERRETIA_2025-06-10_G28,10109154FERRETIA,2025-06-10,109648,1,2,0,241.0
10109154FERRETIA_2025-06-10_G29,10109154FERRETIA,2025-06-10,110711,1,6,0,287.0
10109154FERRETIA_2025-06-10_G30,10109154FERRETIA,2025-06-10,108736,1,1,0,141.0
10109154FERRETIA_2025-06-10_G31,10109154FERRETIA,2025-06-10,117808,1,10,0,138.0
10109154FERRETIA_2025-06-10_G32,10109154FERRETIA,2025-06-10,117935,1,3,0,1203.0
10109154FERRETIA_2025-06-10_G33,10109154FERRETIA,2025-06-10,117935,1,3,0,532.0
10109154FERRETIA_2025-06-10_G35,10109154FERRETIA,2025-06-10,141047,1,2,0,500.0
10109154FERRETIA_2025-06-10_G36,10109154FERRETIA,2025-06-10,107629,1,4,0,187.0
10109154FERRETIA_2025-06-10_G37,10109154FERRETIA,2025-06-10,110339,1,1,0,114.0
10109154FERRETIA_2025-06-10_G38,10109154FERRETIA,2025-06-10,117855,1,4,0,109.0
10109154FERRETIA_2025-06-10_G39,10109154FERRETIA,2025-06-10,117786,1,6,0,120.0
10109154FERRETIA_2025-06-10_G40,10109154FERRETIA,2025-06-10,110313,1,4,0,101.0
10109154FERRETIA_2025-06-10_G41,10109154FERRETIA,2025-06-10,117856,1,4,0,96.0
10109154FERRETIA_2025-06-10_G42,10109154FERRETIA,2025-06-10,108794,1,4,0,163.0
10109154FERRETIA_2025-06-10_G43,10109154FERRETIA,2025-06-10,111462,1,3,0,79.0
10109154FERRETIA_2025-06-10_G44,10109154FERRETIA,2025-06-10,111469,1,6,0,169.0
10109154FERRETIA_2025-06-10_G45,10109154FERRETIA,2025-06-10,110313,1,11,0,875.0
10109154FERRETIA_2025-06-10_G46,10109154FERRETIA,2025-06-10,140922,1,3,0,161.0
10109154FERRETIA_2025-06-10_G47,10109154FERRETIA,2025-06-10,110895,1,4,0,248.0
10109154FERRETIA_2025-06-10_G48,10109154FERRETIA,2025-06-10,110313,1,4,0,162.0
10109154FERRETIA_2025-06-10_G49,10109154FERRETIA,2025-06-10,108795,1,1,0,129.0
10109154FERRETIA_2025-06-10_G50,10109154FERRETIA,2025-06-10,118140,1,4,0,501.0
10109154FERRETIA_2025-06-10_G51,10109154FERRETIA,2025-06-10,111850,1,4,0,793.0
10109154FERRETIA_2025-06-10_G52,10109154FERRETIA,2025-06-10,110755,1,4,0,144.0
10109154FERRETIA_2025-06-10_G53,10109154FERRETIA,2025-06-10,117855,1,7,0,167.0
10109154FERRETIA_2025-06-10_G54,10109154FERRETIA,2025-06-10,111530,1,8,0,203.0
10109154FERRETIA_2025-06-10_G55,10109154FERRETIA,2025-06-10,117831,1,2,0,706.0
10109154FERRETIA_2025-06-10_G56,10109154FERRETIA,2025-06-10,109641,1,4,0,108.0
10109154FERRETIA_2025-06-10_G57,10109154FERRETIA,2025-06-10,110745,1,4,0,111.0
10109154FERRETIA_2025-06-10_G58,10109154FERRETIA,2025-06-10,111465,1,3,0,141.0
10109154FERRETIA_2025-06-10_G59,10109154FERRETIA,2025-06-10,110374,1,10,0,189.0
10109154FERRETIA_2025-06-10_G60,10109154FERRETIA,2025-06-10,110373,1,6,0,133.0
10109154FERRETIA_2025-06-10_G61,10109154FERRETIA,2025-06-10,118299,1,12,0,99.0
10109154FERRETIA_2025-06-10_G62,10109154FERRETIA,2025-06-10,110372,1,8,0,50.0
10109154FERRETIA_2025-06-11_G02,10109154FERRETIA,2025-06-11,110895,1,10,0,190.0
10109154FERRETIA_2025-06-11_G03,10109154FERRETIA,2025-06-11,117935,1,9,0,329.0
10109154FERRETIA_2025-06-11_G04,10109154FERRETIA,2025-06-11,110741,1,16,0,279.0
10109154FERRETIA_2025-06-11_G05,10109154FERRETIA,2025-06-11,118094,1,7,0,88.0
10109154FERRETIA_2025-06-11_G06,10109154FERRETIA,2025-06-11,110580,1,1,0,63.0
10109154FERRETIA_2025-06-11_G07,10109154FERRETIA,2025-06-11,117788,1,4,0,75.0
10109154FERRETIA_2025-06-11_G08,10109154FERRETIA,2025-06-11,118298,1,4,0,136.0
10109154FERRETIA_2025-06-11_G09,10109154FERRETIA,2025-06-11,117855,1,3,0,138.0
10109154FERRETIA_2025-06-11_G10,10109154FERRETIA,2025-06-11,118299,1,100,0,183.0
10109154FERRETIA_2025-06-11_G11,10109154FERRETIA,2025-06-11,117786,1,30,0,678.0
10109154FERRETIA_2025-06-11_G12,10109154FERRETIA,2025-06-11,101217,1,4,0,213.0
10109154FERRETIA_2025-06-11_G13,10109154FERRETIA,2025-06-11,110339,1,30,0,426.0
10109154FERRETIA_2025-06-11_G14,10109154FERRETIA,2025-06-11,110515,1,40,0,219.0
10109154FERRETIA_2025-06-11_G15,10109154FERRETIA,2025-06-11,109640,1,24,0,506.0
10109154FERRETIA_2025-06-11_G16,10109154FERRETIA,2025-06-11,111569,1,32,0,363.0
10109154FERRETIA_2025-06-11_G17,10109154FERRETIA,2025-06-11,109933,1,2,0,372.0
10109154FERRETIA_2025-06-11_G18,10109154FERRETIA,2025-06-11,117862,1,20,0,1134.0
10109154FERRETIA_2025-06-11_G19,10109154FERRETIA,2025-06-11,114091,1,2,0,2564.0
10109154FERRETIA_2025-06-11_G20,10109154FERRETIA,2025-06-11,117832,1,24,0,238.0
10109154FERRETIA_2025-06-11_G21,10109154FERRETIA,2025-06-11,"110374, 117830",2,55,9,289.0
10109154FERRETIA_2025-06-11_G22,10109154FERRETIA,2025-06-11,141202,1,11,0,169.0
10109154FERRETIA_2025-06-11_G23,10109154FERRETIA,2025-06-11,117809,1,23,0,237.0
10109154FERRETIA_2025-06-11_G24,10109154FERRETIA,2025-06-11,140957,1,12,0,1202.0
10109154FERRETIA_2025-06-11_G25,10109154FERRETIA,2025-06-11,118330,1,1,0,100.0
10109154FERRETIA_2025-06-11_G26,10109154FERRETIA,2025-06-11,111466,1,4,0,255.0
10109154FERRETIA_2025-06-11_G27,10109154FERRETIA,2025-06-11,110372,1,10,0,680.0
10109154FERRETIA_2025-06-11_G28,10109154FERRETIA,2025-06-11,110375,1,4,0,174.0
10109154FERRETIA_2025-06-11_G29,10109154FERRETIA,2025-06-11,117809,1,4,0,99.0
10109154FERRETIA_2025-06-11_G30,10109154FERRETIA,2025-06-11,110325,1,4,0,166.0
10109154FERRETIA_2025-06-11_G31,10109154FERRETIA,2025-06-11,118299,1,14,0,145.0
10109154FERRETIA_2025-06-11_G32,10109154FERRETIA,2025-06-11,140922,1,2,0,179.0
10109154FERRETIA_2025-06-11_G33,10109154FERRETIA,2025-06-11,108759,1,1,0,100.0
10109154FERRETIA_2025-06-11_G34,10109154FERRETIA,2025-06-11,110750,1,4,0,140.0
10109154FERRETIA_2025-06-11_G35,10109154FERRETIA,2025-06-11,110733,1,18,0,829.0
10109154FERRETIA_2025-06-11_G36,10109154FERRETIA,2025-06-11,111434,1,12,0,327.0
10109154FERRETIA_2025-06-11_G37,10109154FERRETIA,2025-06-11,109648,1,14,0,322.0
10109154FERRETIA_2025-06-11_G38,10109154FERRETIA,2025-06-11,110733,1,4,0,167.0
10109154FERRETIA_2025-06-11_G39,10109154FERRETIA,2025-06-11,118140,1,4,0,191.0
10109154FERRETIA_2025-06-11_G41,10109154FERRETIA,2025-06-11,117808,1,200,0,2678.0
10109154FERRETIA_2025-06-11_G42,10109154FERRETIA,2025-06-11,110373,3,308,40,764.0
10109154FERRETIA_2025-06-11_G43,10109154FERRETIA,2025-06-11,110372,2,163,12,293.0
10109154FERRETIA_2025-06-11_G44,10109154FERRETIA,2025-06-11,110371,2,300,14,89.0
10109154FERRETIA_2025-06-11_G45,10109154FERRETIA,2025-06-11,117820,1,6,0,310.0
10109154FERRETIA_2025-06-11_G46,10109154FERRETIA,2025-06-11,110376,1,2,0,117.0
10109154FERRETIA_2025-06-11_G47,10109154FERRETIA,2025-06-11,109643,1,20,0,958.0
10109154FERRETIA_2025-06-11_G48,10109154FERRETIA,2025-06-11,118299,1,18,0,242.0
10109154FERRETIA_2025-06-12_G02,10109154FERRETIA,2025-06-12,117808,1,25,0,238.0
10109154FERRETIA_2025-06-12_G03,10109154FERRETIA,2025-06-12,110373,1,8,0,134.0
10109154FERRETIA_2025-06-12_G04,10109154FERRETIA,2025-06-12,110371,1,5,0,402.0
10109154FERRETIA_2025-06-12_G05,10109154FERRETIA,2025-06-12,116241,1,3,0,405.0
10109154FERRETIA_2025-06-12_G06,10109154FERRETIA,2025-06-12,111463,1,5,0,80.0
10109154FERRETIA_2025-06-12_G07,10109154FERRETIA,2025-06-12,111469,1,7,0,103.0
10109154FERRETIA_2025-06-12_G08,10109154FERRETIA,2025-06-12,111182,1,1,0,52.0
10109154FERRETIA_2025-06-12_G09,10109154FERRETIA,2025-06-12,111466,1,4,0,94.0
10109154FERRETIA_2025-06-12_G10,10109154FERRETIA,2025-06-12,118299,1,48,0,424.0
10109154FERRETIA_2025-06-12_G11,10109154FERRETIA,2025-06-12,105705,1,2,0,50.0
10109154FERRETIA_2025-06-12_G12,10109154FERRETIA,2025-06-12,111466,1,20,0,247.0
10109154FERRETIA_2025-06-12_G13,10109154FERRETIA,2025-06-12,111443,1,2,0,116.0
10109154FERRETIA_2025-06-12_G14,10109154FERRETIA,2025-06-12,108711,1,4,0,75.0
10109154FERRETIA_2025-06-12_G15,10109154FERRETIA,2025-06-12,118140,1,8,0,95.0
10109154FERRETIA_2025-06-12_G16,10109154FERRETIA,2025-06-12,111532,1,4,0,79.0
10109154FERRETIA_2025-06-12_G17,10109154FERRETIA,2025-06-12,110372,1,44,0,881.0
10109154FERRETIA_2025-06-12_G18,10109154FERRETIA,2025-06-12,111433,1,4,0,195.0
10109154FERRETIA_2025-06-12_G19,10109154FERRETIA,2025-06-12,111435,1,8,0,103.0
10109154FERRETIA_2025-06-12_G20,10109154FERRETIA,2025-06-12,105705,1,10,0,151.0
10109154FERRETIA_2025-06-12_G21,10109154FERRETIA,2025-06-12,118094,1,2,0,108.0
10109154FERRETIA_2025-06-12_G22,10109154FERRETIA,2025-06-12,117855,1,12,0,120.0
10109154FERRETIA_2025-06-12_G23,10109154FERRETIA,2025-06-12,109640,1,4,0,89.0
10109154FERRETIA_2025-06-12_G24,10109154FERRETIA,2025-06-12,111530,1,12,0,505.0
10109154FERRETIA_2025-06-12_G25,10109154FERRETIA,2025-06-12,111602,1,9,0,119.0
10109154FERRETIA_2025-06-12_G26,10109154FERRETIA,2025-06-12,108759,1,4,0,1868.0
10109154FERRETIA_2025-06-12_G27,10109154FERRETIA,2025-06-12,110747,1,2,0,107.0
10109154FERRETIA_2025-06-12_G28,10109154FERRETIA,2025-06-12,111441,1,7,0,190.0
10109154FERRETIA_2025-06-12_G29,10109154FERRETIA,2025-06-12,111569,1,3,0,166.0
10109154FERRETIA_2025-06-12_G30,10109154FERRETIA,2025-06-12,110895,1,3,0,63.0
10109154FERRETIA_2025-06-12_G31,10109154FERRETIA,2025-06-12,116527,1,4,0,100.0
10109154FERRETIA_2025-06-12_G32,10109154FERRETIA,2025-06-12,110742,1,12,0,1520.0
10109154FERRETIA_2025-06-12_G33,10109154FERRETIA,2025-06-12,117834,1,20,0,256.0
10109154FERRETIA_2025-06-12_G34,10109154FERRETIA,2025-06-12,108759,1,4,0,109.0
10109154FERRETIA_2025-06-12_G35,10109154FERRETIA,2025-06-12,117854,1,4,0,443.0
10109154FERRETIA_2025-06-12_G36,10109154FERRETIA,2025-06-12,111467,1,8,0,100.0
10109154FERRETIA_2025-06-12_G37,10109154FERRETIA,2025-06-12,117833,1,3,0,246.0
10109154FERRETIA_2025-06-12_G38,10109154FERRETIA,2025-06-12,111172,1,8,0,130.0
10109154FERRETIA_2025-06-12_G39,10109154FERRETIA,2025-06-12,118317,1,8,0,148.0
10109154FERRETIA_2025-06-12_G40,10109154FERRETIA,2025-06-12,110787,1,5,0,323.0
10109154FERRETIA_2025-06-12_G41,10109154FERRETIA,2025-06-12,109640,1,20,0,219.0
10109154FERRETIA_2025-06-12_G42,10109154FERRETIA,2025-06-12,116241,1,31,0,403.0
10109154FERRETIA_2025-06-12_G43,10109154FERRETIA,2025-06-12,110747,1,8,0,1253.0
10109154FERRETIA_2025-06-12_G44,10109154FERRETIA,2025-06-12,111655,1,6,0,201.0
10109154FERRETIA_2025-06-12_G45,10109154FERRETIA,2025-06-12,109937,1,6,0,131.0
10109154FERRETIA_2025-06-12_G46,10109154FERRETIA,2025-06-12,107629,1,8,0,182.0
10109154FERRETIA_2025-06-12_G47,10109154FERRETIA,2025-06-12,117832,1,8,0,146.0
10109154FERRETIA_2025-06-12_G48,10109154FERRETIA,2025-06-12,110743,1,4,0,144.0
10109154FERRETIA_2025-06-12_G49,10109154FERRETIA,2025-06-12,111172,1,8,0,225.0
10109154FERRETIA_2025-06-12_G50,10109154FERRETIA,2025-06-12,108711,1,8,0,377.0
10109154FERRETIA_2025-06-12_G51,10109154FERRETIA,2025-06-12,117785,1,8,0,133.0
10109154FERRETIA_2025-06-12_G52,10109154FERRETIA,2025-06-12,111444,1,8,0,75.0
10109154FERRETIA_2025-06-12_G53,10109154FERRETIA,2025-06-12,107236,1,8,0,244.0
10109154FERRETIA_2025-06-12_G54,10109154FERRETIA,2025-06-12,140922,1,15,0,607.0
10109154FERRETIA_2025-06-12_G55,10109154FERRETIA,2025-06-12,110313,1,2,0,1175.0
10109154FERRETIA_2025-06-12_G56,10109154FERRETIA,2025-06-12,108711,1,4,0,128.0
10109154FERRETIA_2025-06-12_G57,10109154FERRETIA,2025-06-12,118140,1,4,0,116.0
10109154FERRETIA_2025-06-12_G58,10109154FERRETIA,2025-06-12,140911,1,2,0,185.0
10109154FERRETIA_2025-06-12_G59,10109154FERRETIA,2025-06-12,140922,1,4,0,227.0
10109154FERRETIA_2025-06-12_G60,10109154FERRETIA,2025-06-12,108711,1,4,0,224.0
10109154FERRETIA_2025-06-12_G61,10109154FERRETIA,2025-06-12,118140,1,4,0,727.0
10109154FERRETIA_2025-06-12_G62,10109154FERRETIA,2025-06-12,110313,1,12,0,124.0
10109154FERRETIA_2025-06-12_G63,10109154FERRETIA,2025-06-12,111602,1,24,0,226.0
10109154FERRETIA_2025-06-12_G64,10109154FERRETIA,2025-06-12,111602,1,12,0,664.0
10109154FERRETIA_2025-06-12_G65,10109154FERRETIA,2025-06-12,140911,1,4,0,124.0
10109154FERRETIA_2025-06-12_G67,10109154FERRETIA,2025-06-12,108701,1,4,0,266.0
10109154FERRETIA_2025-06-12_G68,10109154FERRETIA,2025-06-12,111602,1,8,0,186.0
10109154FERRETIA_2025-06-12_G69,10109154FERRETIA,2025-06-12,111602,1,20,0,313.0
10109154FERRETIA_2025-06-12_G70,10109154FERRETIA,2025-06-12,108701,1,1,0,460.0
10109154FERRETIA_2025-06-12_G71,10109154FERRETIA,2025-06-12,111434,1,2,0,83.0
10109154FERRETIA_2025-06-12_G72,10109154FERRETIA,2025-06-12,110374,1,9,0,94.0
10109154FERRETIA_2025-06-12_G73,10109154FERRETIA,2025-06-12,109643,1,10,0,129.0
10109154FERRETIA_2025-06-12_G74,10109154FERRETIA,2025-06-12,109648,2,9,7,76.0
10109154FERRETIA_2025-06-12_G75,10109154FERRETIA,2025-06-12,111743,1,2,0,172.0
10109154FERRETIA_2025-06-12_G76,10109154FERRETIA,2025-06-12,140922,1,9,0,155.0
10109154FERRETIA_2025-06-12_G77,10109154FERRETIA,2025-06-12,111431,1,2,0,363.0
10109154FERRETIA_2025-06-12_G78,10109154FERRETIA,2025-06-12,111462,1,4,0,88.0
10109154FERRETIA_2025-06-12_G79,10109154FERRETIA,2025-06-12,111348,1,5,0,168.0
10109154FERRETIA_2025-06-12_G80,10109154FERRETIA,2025-06-12,141047,1,6,0,177.0
10109154FERRETIA_2025-06-12_G81,10109154FERRETIA,2025-06-12,110515,1,8,0,130.0
10109154FERRETIA_2025-06-12_G82,10109154FERRETIA,2025-06-12,111530,1,4,0,173.0
10109154FERRETIA_2025-06-13_G02,10109154FERRETIA,2025-06-13,117830,1,200,0,404.0
10109154FERRETIA_2025-06-13_G03,10109154FERRETIA,2025-06-13,109643,1,70,0,606.0
10109154FERRETIA_2025-06-13_G04,10109154FERRETIA,2025-06-13,141202,1,80,0,296.0
10109154FERRETIA_2025-06-13_G05,10109154FERRETIA,2025-06-13,110371,1,160,0,579.0
10109154FERRETIA_2025-06-13_G06,10109154FERRETIA,2025-06-13,117854,1,14,0,276.0
10109154FERRETIA_2025-06-13_G07,10109154FERRETIA,2025-06-13,117785,1,250,0,1460.0
10109154FERRETIA_2025-06-13_G08,10109154FERRETIA,2025-06-13,111469,1,150,0,319.0
10109154FERRETIA_2025-06-13_G09,10109154FERRETIA,2025-06-13,118094,1,60,0,472.0
10109154FERRETIA_2025-06-13_G10,10109154FERRETIA,2025-06-13,117855,1,60,0,362.0
10109154FERRETIA_2025-06-13_G11,10109154FERRETIA,2025-06-13,111602,1,64,0,362.0
10109154FERRETIA_2025-06-13_G12,10109154FERRETIA,2025-06-13,110895,1,60,0,300.0
10109154FERRETIA_2025-06-13_G13,10109154FERRETIA,2025-06-13,140912,1,13,0,425.0
10109154FERRETIA_2025-06-13_G14,10109154FERRETIA,2025-06-13,109645,1,100,0,1204.0
10109154FERRETIA_2025-06-13_G15,10109154FERRETIA,2025-06-13,117789,1,1,0,217.0
10109154FERRETIA_2025-06-13_G16,10109154FERRETIA,2025-06-13,111445,1,4,0,243.0
10109154FERRETIA_2025-06-13_G18,10109154FERRETIA,2025-06-13,117840,1,2,0,428.0
10109154FERRETIA_2025-06-13_G19,10109154FERRETIA,2025-06-13,110745,1,4,0,123.0
10109154FERRETIA_2025-06-13_G20,10109154FERRETIA,2025-06-13,117842,1,2,0,102.0
10109154FERRETIA_2025-06-13_G21,10109154FERRETIA,2025-06-13,111444,1,4,0,101.0
10109154FERRETIA_2025-06-13_G22,10109154FERRETIA,2025-06-13,111442,1,2,0,82.0
10109154FERRETIA_2025-06-13_G23,10109154FERRETIA,2025-06-13,141047,1,4,0,148.0
10109154FERRETIA_2025-06-13_G24,10109154FERRETIA,2025-06-13,109640,1,3,0,228.0
10109154FERRETIA_2025-06-13_G25,10109154FERRETIA,2025-06-13,111879,1,1,0,239.0
10109154FERRETIA_2025-06-13_G26,10109154FERRETIA,2025-06-13,110313,1,10,0,95.0
10109154FERRETIA_2025-06-13_G27,10109154FERRETIA,2025-06-13,111439,1,2,0,59.0
10109154FERRETIA_2025-06-13_G29,10109154FERRETIA,2025-06-13,117853,1,24,0,609.0
10109154FERRETIA_2025-06-13_G30,10109154FERRETIA,2025-06-13,110515,1,40,0,433.0
10109154FERRETIA_2025-06-13_G31,10109154FERRETIA,2025-06-13,111530,1,158,0,409.0
10109154FERRETIA_2025-06-13_G32,10109154FERRETIA,2025-06-13,117855,1,28,0,362.0
10109154FERRETIA_2025-06-13_G33,10109154FERRETIA,2025-06-13,111418,1,39,0,530.0
10109154FERRETIA_2025-06-13_G34,10109154FERRETIA,2025-06-13,118317,1,40,0,350.0
10109154FERRETIA_2025-06-13_G35,10109154FERRETIA,2025-06-13,117856,1,33,0,622.0
10109154FERRETIA_2025-06-13_G36,10109154FERRETIA,2025-06-13,111655,1,1,0,225.0
10109154FERRETIA_2025-06-13_G37,10109154FERRETIA,2025-06-13,108759,1,3,0,447.0
10109154FERRETIA_2025-06-13_G38,10109154FERRETIA,2025-06-13,109937,1,3,0,120.0
10109154FERRETIA_2025-06-13_G39,10109154FERRETIA,2025-06-13,108770,1,3,0,136.0
10109154FERRETIA_2025-06-13_G40,10109154FERRETIA,2025-06-13,118306,1,8,0,350.0
10109154FERRETIA_2025-06-13_G41,10109154FERRETIA,2025-06-13,117835,1,4,0,158.0
10109154FERRETIA_2025-06-13_G42,10109154FERRETIA,2025-06-13,118222,1,57,0,344.0
10109154FERRETIA_2025-06-13_G43,10109154FERRETIA,2025-06-13,111441,1,24,0,211.0
10109154FERRETIA_2025-06-13_G44,10109154FERRETIA,2025-06-13,110895,1,31,0,243.0
10109154FERRETIA_2025-06-13_G45,10109154FERRETIA,2025-06-13,111569,1,59,0,556.0
10109154FERRETIA_2025-06-16_G02,10109154FERRETIA,2025-06-16,111441,1,4,0,829.0
10109154FERRETIA_2025-06-16_G03,10109154FERRETIA,2025-06-16,111569,1,4,0,95.0
10109154FERRETIA_2025-06-16_G04,10109154FERRETIA,2025-06-16,109937,1,4,0,118.0
10109154FERRETIA_2025-06-16_G05,10109154FERRETIA,2025-06-16,117855,1,4,0,211.0
10109154FERRETIA_2025-06-16_G06,10109154FERRETIA,2025-06-16,111467,1,2,0,63.0
10109154FERRETIA_2025-06-16_G07,10109154FERRETIA,2025-06-16,116241,1,2,0,115.0
10109154FERRETIA_2025-06-16_G08,10109154FERRETIA,2025-06-16,111532,1,1,0,170.0
10109154FERRETIA_2025-06-16_G09,10109154FERRETIA,2025-06-16,109643,1,4,0,119.0
10109154FERRETIA_2025-06-16_G10,10109154FERRETIA,2025-06-16,160051,1,2,0,124.0
10109154FERRETIA_2025-06-16_G11,10109154FERRETIA,2025-06-16,117808,1,30,0,1194.0
10109154FERRETIA_2025-06-16_G12,10109154FERRETIA,2025-06-16,109643,1,4,0,68.0
10109154FERRETIA_2025-06-16_G13,10109154FERRETIA,2025-06-16,110376,1,2,0,71.0
10109154FERRETIA_2025-06-16_G14,10109154FERRETIA,2025-06-16,117832,1,2,0,113.0
10109154FERRETIA_2025-06-16_G15,10109154FERRETIA,2025-06-16,110372,1,33,0,369.0
10109154FERRETIA_2025-06-16_G16,10109154FERRETIA,2025-06-16,117830,1,2,0,48.0
10109154FERRETIA_2025-06-16_G17,10109154FERRETIA,2025-06-16,118299,1,13,0,160.0
10109154FERRETIA_2025-06-16_G18,10109154FERRETIA,2025-06-16,"117809, 110371",2,12,26,122.0
10109154FERRETIA_2025-06-16_G19,10109154FERRETIA,2025-06-16,117808,1,110,0,2918.0
10109154FERRETIA_2025-06-16_G20,10109154FERRETIA,2025-06-16,110372,1,53,0,427.0
10109154FERRETIA_2025-06-16_G21,10109154FERRETIA,2025-06-16,110372,2,302,16,1890.0
10109154FERRETIA_2025-06-16_G22,10109154FERRETIA,2025-06-16,117809,1,9,0,75.0
10109154FERRETIA_2025-06-16_G23,10109154FERRETIA,2025-06-16,110371,1,6,0,62.0
10109154FERRETIA_2025-06-16_G24,10109154FERRETIA,2025-06-16,141202,1,19,0,121.0
10109154FERRETIA_2025-06-16_G25,10109154FERRETIA,2025-06-16,110374,1,10,0,229.0
10109154FERRETIA_2025-06-16_G26,10109154FERRETIA,2025-06-16,117822,1,4,0,617.0
10109154FERRETIA_2025-06-16_G27,10109154FERRETIA,2025-06-16,117808,1,40,0,494.0
10109154FERRETIA_2025-06-16_G28,10109154FERRETIA,2025-06-16,118191,1,805,0,386.0
10109154FERRETIA_2025-06-16_G29,10109154FERRETIA,2025-06-16,110743,1,7,0,164.0
10109154FERRETIA_2025-06-16_G30,10109154FERRETIA,2025-06-16,111743,1,4,0,50.0
10109154FERRETIA_2025-06-16_G31,10109154FERRETIA,2025-06-16,105705,1,2,0,109.0
10109154FERRETIA_2025-06-16_G32,10109154FERRETIA,2025-06-16,109641,1,2,0,958.0
10109154FERRETIA_2025-06-16_G33,10109154FERRETIA,2025-06-16,109645,1,2,0,93.0
10109154FERRETIA_2025-06-16_G34,10109154FERRETIA,2025-06-16,110787,1,6,0,105.0
10109154FERRETIA_2025-06-16_G35,10109154FERRETIA,2025-06-16,118140,1,16,0,166.0
10109154FERRETIA_2025-06-16_G36,10109154FERRETIA,2025-06-16,108794,1,16,0,386.0
10109154FERRETIA_2025-06-16_G37,10109154FERRETIA,2025-06-16,140922,1,10,0,113.0
10109154FERRETIA_2025-06-16_G38,10109154FERRETIA,2025-06-16,117833,1,9,0,135.0
10109154FERRETIA_2025-06-16_G39,10109154FERRETIA,2025-06-16,111172,1,10,0,109.0
10109154FERRETIA_2025-06-16_G40,10109154FERRETIA,2025-06-16,111418,1,6,0,125.0
10109154FERRETIA_2025-06-16_G41,10109154FERRETIA,2025-06-16,111462,1,39,0,414.0
10109154FERRETIA_2025-06-16_G42,10109154FERRETIA,2025-06-16,111466,1,27,0,217.0
10109154FERRETIA_2025-06-16_G43,10109154FERRETIA,2025-06-16,111532,1,27,0,409.0
10109154FERRETIA_2025-06-16_G45,10109154FERRETIA,2025-06-16,111602,1,3,0,110.0
10109154FERRETIA_2025-06-16_G46,10109154FERRETIA,2025-06-16,111532,1,7,0,172.0
10109154FERRETIA_2025-06-16_G47,10109154FERRETIA,2025-06-16,111438,1,20,0,2042.0
10109154FERRETIA_2025-06-16_G48,10109154FERRETIA,2025-06-16,111602,1,20,0,332.0
10109154FERRETIA_2025-06-16_G49,10109154FERRETIA,2025-06-16,110742,1,4,0,653.0
10109154FERRETIA_2025-06-16_G50,10109154FERRETIA,2025-06-16,110374,1,4,0,39.0
10109154FERRETIA_2025-06-16_G51,10109154FERRETIA,2025-06-16,110372,1,5,0,149.0
10109154FERRETIA_2025-06-16_G52,10109154FERRETIA,2025-06-16,117830,1,3,0,50.0
10109154FERRETIA_2025-06-16_G53,10109154FERRETIA,2025-06-16,110373,1,4,0,52.0
10109154FERRETIA_2025-06-16_G54,10109154FERRETIA,2025-06-16,110371,1,7,0,157.0
10109154FERRETIA_2025-06-16_G55,10109154FERRETIA,2025-06-16,111660,1,2,0,500.0
10109154FERRETIA_2025-06-16_G56,10109154FERRETIA,2025-06-16,110372,1,4,0,140.0
10109154FERRETIA_2025-06-16_G57,10109154FERRETIA,2025-06-16,117808,1,231,0,1237.0
10109154FERRETIA_2025-06-17_G02,10109154FERRETIA,2025-06-17,110339,1,5,0,352.0
10109154FERRETIA_2025-06-17_G03,10109154FERRETIA,2025-06-17,110515,1,6,0,149.0
10109154FERRETIA_2025-06-17_G04,10109154FERRETIA,2025-06-17,111530,1,25,0,880.0
10109154FERRETIA_2025-06-17_G05,10109154FERRETIA,2025-06-17,117785,1,6,0,1075.0
10109154FERRETIA_2025-06-17_G06,10109154FERRETIA,2025-06-17,117831,1,6,0,117.0
10109154FERRETIA_2025-06-17_G07,10109154FERRETIA,2025-06-17,111466,1,2,0,65.0
10109154FERRETIA_2025-06-17_G08,10109154FERRETIA,2025-06-17,111172,1,2,0,114.0
10109154FERRETIA_2025-06-17_G09,10109154FERRETIA,2025-06-17,111532,1,6,0,103.0
10109154FERRETIA_2025-06-17_G10,10109154FERRETIA,2025-06-17,111462,1,2,0,122.0
10109154FERRETIA_2025-06-17_G11,10109154FERRETIA,2025-06-17,118140,1,2,0,96.0
10109154FERRETIA_2025-06-17_G12,10109154FERRETIA,2025-06-17,111759,1,30,0,255.0
10109154FERRETIA_2025-06-17_G13,10109154FERRETIA,2025-06-17,111751,1,10,0,374.0
10109154FERRETIA_2025-06-17_G14,10109154FERRETIA,2025-06-17,118299,1,40,0,2699.0
10109154FERRETIA_2025-06-17_G15,10109154FERRETIA,2025-06-17,111722,1,100,0,232.0
10109154FERRETIA_2025-06-17_G16,10109154FERRETIA,2025-06-17,111753,1,20,0,477.0
10109154FERRETIA_2025-06-17_G17,10109154FERRETIA,2025-06-17,111754,1,10,0,235.0
10109154FERRETIA_2025-06-17_G18,10109154FERRETIA,2025-06-17,111742,1,15,0,805.0
10109154FERRETIA_2025-06-17_G19,10109154FERRETIA,2025-06-17,111737,1,8,0,437.0
10109154FERRETIA_2025-06-17_G20,10109154FERRETIA,2025-06-17,111430,1,2,0,1506.0
10109154FERRETIA_2025-06-17_G21,10109154FERRETIA,2025-06-17,110895,1,4,0,121.0
10109154FERRETIA_2025-06-17_G22,10109154FERRETIA,2025-06-17,118222,1,4,0,205.0
10109154FERRETIA_2025-06-17_G23,10109154FERRETIA,2025-06-17,141047,1,6,0,218.0
10109154FERRETIA_2025-06-17_G24,10109154FERRETIA,2025-06-17,110741,1,1,0,91.0
10109154FERRETIA_2025-06-17_G25,10109154FERRETIA,2025-06-17,118094,1,1,0,133.0
10109154FERRETIA_2025-06-17_G26,10109154FERRETIA,2025-06-17,109640,1,6,0,93.0
10109154FERRETIA_2025-06-17_G27,10109154FERRETIA,2025-06-17,110515,1,6,0,240.0
10109154FERRETIA_2025-06-17_G28,10109154FERRETIA,2025-06-17,117855,1,8,0,135.0
10109154FERRETIA_2025-06-17_G29,10109154FERRETIA,2025-06-17,110733,1,3,0,677.0
10109154FERRETIA_2025-06-17_G30,10109154FERRETIA,2025-06-17,117856,1,4,0,115.0
10109154FERRETIA_2025-06-17_G31,10109154FERRETIA,2025-06-17,111602,1,4,0,87.0
10109154FERRETIA_2025-06-17_G32,10109154FERRETIA,2025-06-17,111530,1,8,0,67.0
10109154FERRETIA_2025-06-17_G33,10109154FERRETIA,2025-06-17,111463,1,16,0,423.0
10109154FERRETIA_2025-06-17_G34,10109154FERRETIA,2025-06-17,117838,1,4,0,111.0
10109154FERRETIA_2025-06-17_G35,10109154FERRETIA,2025-06-17,140922,1,2,0,52.0
10109154FERRETIA_2025-06-17_G36,10109154FERRETIA,2025-06-17,111466,1,12,0,106.0
10109154FERRETIA_2025-06-17_G37,10109154FERRETIA,2025-06-17,108711,1,3,0,103.0
10109154FERRETIA_2025-06-17_G38,10109154FERRETIA,2025-06-17,111469,1,14,0,88.0
10109154FERRETIA_2025-06-17_G39,10109154FERRETIA,2025-06-17,141823,1,12,0,138.0
10109154FERRETIA_2025-06-17_G40,10109154FERRETIA,2025-06-17,111444,1,6,0,104.0
10109154FERRETIA_2025-06-17_G41,10109154FERRETIA,2025-06-17,111435,1,2,0,147.0
10109154FERRETIA_2025-06-17_G42,10109154FERRETIA,2025-06-17,111418,1,30,0,557.0
10109154FERRETIA_2025-06-17_G43,10109154FERRETIA,2025-06-17,110374,1,12,0,544.0
10109154FERRETIA_2025-06-17_G44,10109154FERRETIA,2025-06-17,109643,1,4,0,108.0
10109154FERRETIA_2025-06-17_G45,10109154FERRETIA,2025-06-17,117840,1,1,0,102.0
10109154FERRETIA_2025-06-17_G47,10109154FERRETIA,2025-06-17,117830,1,8,0,83.0
10109154FERRETIA_2025-06-17_G48,10109154FERRETIA,2025-06-17,118299,1,4,0,84.0
10109154FERRETIA_2025-06-17_G49,10109154FERRETIA,2025-06-17,110371,1,16,0,152.0
10109154FERRETIA_2025-06-17_G50,10109154FERRETIA,2025-06-17,117808,1,42,0,707.0
10109154FERRETIA_2025-06-17_G51,10109154FERRETIA,2025-06-17,110373,1,30,0,302.0
10109154FERRETIA_2025-06-17_G52,10109154FERRETIA,2025-06-17,110372,1,20,0,169.0
10109154FERRETIA_2025-06-17_G53,10109154FERRETIA,2025-06-17,111602,1,8,0,679.0
10109154FERRETIA_2025-06-17_G54,10109154FERRETIA,2025-06-17,110747,1,4,0,137.0
10109154FERRETIA_2025-06-17_G55,10109154FERRETIA,2025-06-17,110895,1,4,0,330.0
10109154FERRETIA_2025-06-17_G56,10109154FERRETIA,2025-06-17,108770,1,3,0,141.0
10109154FERRETIA_2025-06-17_G57,10109154FERRETIA,2025-06-17,118222,1,4,0,183.0
10109154FERRETIA_2025-06-17_G58,10109154FERRETIA,2025-06-17,109647,1,2,0,224.0
10109154FERRETIA_2025-06-17_G59,10109154FERRETIA,2025-06-17,110515,1,8,0,93.0
10109154FERRETIA_2025-06-17_G60,10109154FERRETIA,2025-06-17,110752,1,2,0,1647.0
10109154FERRETIA_2025-06-17_G61,10109154FERRETIA,2025-06-17,118403,1,2,0,124.0
10109154FERRETIA_2025-06-17_G62,10109154FERRETIA,2025-06-17,108361,1,2,0,94.0
10109154FERRETIA_2025-06-17_G63,10109154FERRETIA,2025-06-17,117856,1,2,0,171.0
10109154FERRETIA_2025-06-17_G64,10109154FERRETIA,2025-06-17,116241,1,4,0,276.0
10109154FERRETIA_2025-06-17_G65,10109154FERRETIA,2025-06-17,111463,1,8,0,174.0
10109154FERRETIA_2025-06-17_G66,10109154FERRETIA,2025-06-17,111446,1,2,0,48.0
10109154FERRETIA_2025-06-17_G67,10109154FERRETIA,2025-06-17,140922,1,4,0,136.0
10109154FERRETIA_2025-06-17_G68,10109154FERRETIA,2025-06-17,111532,1,4,0,109.0
10109154FERRETIA_2025-06-17_G69,10109154FERRETIA,2025-06-17,111469,1,4,0,57.0
10109154FERRETIA_2025-06-17_G70,10109154FERRETIA,2025-06-17,117787,1,4,0,131.0
10109154FERRETIA_2025-06-17_G71,10109154FERRETIA,2025-06-17,118317,1,4,0,67.0
10109154FERRETIA_2025-06-18_G02,10109154FERRETIA,2025-06-18,118094,1,4,0,203.0
10109154FERRETIA_2025-06-18_G03,10109154FERRETIA,2025-06-18,110339,1,2,0,79.0
10109154FERRETIA_2025-06-18_G04,10109154FERRETIA,2025-06-18,117855,1,4,0,147.0
10109154FERRETIA_2025-06-18_G05,10109154FERRETIA,2025-06-18,110733,1,1,0,70.0
10109154FERRETIA_2025-06-18_G06,10109154FERRETIA,2025-06-18,108794,1,6,0,144.0
10109154FERRETIA_2025-06-18_G07,10109154FERRETIA,2025-06-18,111468,1,6,0,136.0
10109154FERRETIA_2025-06-18_G08,10109154FERRETIA,2025-06-18,110745,1,3,0,62.0
10109154FERRETIA_2025-06-18_G09,10109154FERRETIA,2025-06-18,117831,1,2,0,58.0
10109154FERRETIA_2025-06-18_G10,10109154FERRETIA,2025-06-18,111466,1,8,0,65.0
10109154FERRETIA_2025-06-18_G11,10109154FERRETIA,2025-06-18,117833,1,6,0,97.0
10109154FERRETIA_2025-06-18_G12,10109154FERRETIA,2025-06-18,111467,1,4,0,326.0
10109154FERRETIA_2025-06-18_G13,10109154FERRETIA,2025-06-18,117821,1,4,0,260.0
10109154FERRETIA_2025-06-18_G14,10109154FERRETIA,2025-06-18,117787,1,3,0,66.0
10109154FERRETIA_2025-06-18_G15,10109154FERRETIA,2025-06-18,111418,1,8,0,90.0
10109154FERRETIA_2025-06-18_G16,10109154FERRETIA,2025-06-18,117808,1,18,0,229.0
10109154FERRETIA_2025-06-18_G17,10109154FERRETIA,2025-06-18,110376,1,5,0,82.0
10109154FERRETIA_2025-06-18_G18,10109154FERRETIA,2025-06-18,110375,1,6,0,123.0
10109154FERRETIA_2025-06-18_G19,10109154FERRETIA,2025-06-18,110372,1,9,0,68.0
10109154FERRETIA_2025-06-18_G20,10109154FERRETIA,2025-06-18,110371,1,1,0,97.0
10109154FERRETIA_2025-06-18_G21,10109154FERRETIA,2025-06-18,117820,1,1,0,33.0
10109154FERRETIA_2025-06-18_G22,10109154FERRETIA,2025-06-18,117809,1,2,0,60.0
10109154FERRETIA_2025-06-18_G23,10109154FERRETIA,2025-06-18,111466,1,4,0,231.0
10109154FERRETIA_2025-06-18_G24,10109154FERRETIA,2025-06-18,117788,1,2,0,109.0
10109154FERRETIA_2025-06-18_G25,10109154FERRETIA,2025-06-18,110339,1,4,0,75.0
10109154FERRETIA_2025-06-18_G26,10109154FERRETIA,2025-06-18,108772,1,2,0,139.0
10109154FERRETIA_2025-06-18_G27,10109154FERRETIA,2025-06-18,111602,1,2,0,105.0
10109154FERRETIA_2025-06-18_G28,10109154FERRETIA,2025-06-18,111530,1,4,0,59.0
10109154FERRETIA_2025-06-18_G29,10109154FERRETIA,2025-06-18,111468,1,2,0,139.0
10109154FERRETIA_2025-06-18_G30,10109154FERRETIA,2025-06-18,110745,1,2,0,58.0
10109154FERRETIA_2025-06-18_G31,10109154FERRETIA,2025-06-18,117831,1,4,0,69.0
10109154FERRETIA_2025-06-18_G32,10109154FERRETIA,2025-06-18,111466,1,2,0,38.0
10109154FERRETIA_2025-06-18_G33,10109154FERRETIA,2025-06-18,111469,1,2,0,364.0
10109154FERRETIA_2025-06-18_G34,10109154FERRETIA,2025-06-18,111418,1,2,0,91.0
10109154FERRETIA_2025-06-18_G35,10109154FERRETIA,2025-06-18,111465,1,2,0,997.0
10109154FERRETIA_2025-06-18_G36,10109154FERRETIA,2025-06-18,110325,1,2,0,98.0
10109154FERRETIA_2025-06-18_G37,10109154FERRETIA,2025-06-18,117808,1,2,0,66.0
10109154FERRETIA_2025-06-18_G38,10109154FERRETIA,2025-06-18,117822,1,4,0,248.0
10109154FERRETIA_2025-06-18_G39,10109154FERRETIA,2025-06-18,110375,1,4,0,109.0
10109154FERRETIA_2025-06-18_G40,10109154FERRETIA,2025-06-18,110372,1,6,0,61.0
10109154FERRETIA_2025-06-18_G41,10109154FERRETIA,2025-06-18,117820,1,8,0,333.0
10109154FERRETIA_2025-06-18_G42,10109154FERRETIA,2025-06-18,110787,1,2,0,115.0
10109154FERRETIA_2025-06-18_G43,10109154FERRETIA,2025-06-18,117834,2,14,16,1900.0
10109154FERRETIA_2025-06-18_G44,10109154FERRETIA,2025-06-18,109647,1,2,0,155.0
10109154FERRETIA_2025-06-18_G45,10109154FERRETIA,2025-06-18,109640,1,4,0,110.0
10109154FERRETIA_2025-06-18_G46,10109154FERRETIA,2025-06-18,109640,1,14,0,139.0
10109154FERRETIA_2025-06-18_G47,10109154FERRETIA,2025-06-18,105705,1,10,0,101.0
10109154FERRETIA_2025-06-18_G48,10109154FERRETIA,2025-06-18,111463,1,4,0,57.0
10109154FERRETIA_2025-06-18_G49,10109154FERRETIA,2025-06-18,140922,1,2,0,100.0
10109154FERRETIA_2025-06-18_G50,10109154FERRETIA,2025-06-18,140922,1,12,0,78.0
10109154FERRETIA_2025-06-18_G51,10109154FERRETIA,2025-06-18,140922,2,12,14,259.0
10109154FERRETIA_2025-06-18_G52,10109154FERRETIA,2025-06-18,117841,1,4,0,130.0
10109154FERRETIA_2025-06-18_G53,10109154FERRETIA,2025-06-18,111466,1,4,0,53.0
10109154FERRETIA_2025-06-18_G54,10109154FERRETIA,2025-06-18,111466,2,28,15,81.0
10109154FERRETIA_2025-06-18_G55,10109154FERRETIA,2025-06-18,111469,2,18,7,1024.0
10109154FERRETIA_2025-06-18_G56,10109154FERRETIA,2025-06-18,109641,2,12,11,161.0
10109154FERRETIA_2025-06-18_G57,10109154FERRETIA,2025-06-18,109641,1,6,0,137.0
10109154FERRETIA_2025-06-18_G58,10109154FERRETIA,2025-06-18,111434,6,18,44,389.0
10109154FERRETIA_2025-06-18_G59,10109154FERRETIA,2025-06-18,111434,2,18,11,31.0
10109154FERRETIA_2025-06-18_G60,10109154FERRETIA,2025-06-18,117821,1,6,0,1082.0
10109154FERRETIA_2025-06-18_G61,10109154FERRETIA,2025-06-18,111465,2,8,6,126.0
10109154FERRETIA_2025-06-18_G62,10109154FERRETIA,2025-06-18,109643,1,4,0,185.0
10109154FERRETIA_2025-06-18_G63,10109154FERRETIA,2025-06-18,117832,1,8,0,85.0
10109154FERRETIA_2025-06-18_G64,10109154FERRETIA,2025-06-18,110373,1,20,0,147.0
10109154FERRETIA_2025-06-18_G65,10109154FERRETIA,2025-06-18,117820,2,14,4,1997.0
10109154FERRETIA_2025-06-18_G66,10109154FERRETIA,2025-06-18,111442,2,20,7,232.0
10109154FERRETIA_2025-06-18_G67,10109154FERRETIA,2025-06-18,110332,1,12,0,249.0
10109154FERRETIA_2025-06-18_G69,10109154FERRETIA,2025-06-18,110787,1,4,0,149.0
10109154FERRETIA_2025-06-18_G70,10109154FERRETIA,2025-06-18,111530,1,8,0,156.0
10109154FERRETIA_2025-06-18_G71,10109154FERRETIA,2025-06-18,111530,1,1,0,42.0
10109154FERRETIA_2025-06-18_G72,10109154FERRETIA,2025-06-18,111532,1,3,0,253.0
10109154FERRETIA_2025-06-18_G73,10109154FERRETIA,2025-06-18,117862,1,4,0,812.0
10109154FERRETIA_2025-06-18_G74,10109154FERRETIA,2025-06-18,110515,1,2,0,383.0
10109154FERRETIA_2025-06-18_G75,10109154FERRETIA,2025-06-18,117856,1,4,0,259.0
10109154FERRETIA_2025-06-18_G76,10109154FERRETIA,2025-06-18,117785,1,2,0,358.0
10109154FERRETIA_2025-06-18_G77,10109154FERRETIA,2025-06-18,117831,1,4,0,69.0
10109154FERRETIA_2025-06-18_G78,10109154FERRETIA,2025-06-18,108711,1,4,0,160.0
10109154FERRETIA_2025-06-18_G79,10109154FERRETIA,2025-06-18,111532,1,2,0,46.0
10109154FERRETIA_2025-06-18_G80,10109154FERRETIA,2025-06-18,109641,1,4,0,121.0
10109154FERRETIA_2025-06-18_G81,10109154FERRETIA,2025-06-18,111462,1,8,0,97.0
10109154FERRETIA_2025-06-18_G82,10109154FERRETIA,2025-06-18,109643,1,4,0,411.0
10109154FERRETIA_2025-06-18_G83,10109154FERRETIA,2025-06-18,117820,1,4,0,339.0
10109154FERRETIA_2025-06-18_G84,10109154FERRETIA,2025-06-18,117785,1,4,0,512.0
10109154FERRETIA_2025-06-18_G85,10109154FERRETIA,2025-06-18,109641,1,4,0,144.0
10109154FERRETIA_2025-06-18_G86,10109154FERRETIA,2025-06-18,110787,1,9,0,94.0
10109154FERRETIA_2025-06-18_G87,10109154FERRETIA,2025-06-18,110373,1,7,0,256.0
10109154FERRETIA_2025-06-18_G88,10109154FERRETIA,2025-06-18,108795,1,4,0,127.0
10109154FERRETIA_2025-06-18_G89,10109154FERRETIA,2025-06-18,116241,1,2,0,81.0
10109154FERRETIA_2025-06-18_G90,10109154FERRETIA,2025-06-18,111469,1,4,0,105.0
10109154FERRETIA_2025-06-18_G91,10109154FERRETIA,2025-06-18,109641,1,4,0,134.0
10109154FERRETIA_2025-06-18_G92,10109154FERRETIA,2025-06-18,117821,1,3,0,99.0
10109154FERRETIA_2025-06-18_G93,10109154FERRETIA,2025-06-18,"111433, 111418",2,5,15,71.0
10109154FERRETIA_2025-06-18_G94,10109154FERRETIA,2025-06-18,118140,1,4,0,108.0
10109154FERRETIA_2025-06-18_G95,10109154FERRETIA,2025-06-18,107236,1,4,0,90.0
10109154FERRETIA_2025-06-18_G96,10109154FERRETIA,2025-06-18,117855,1,4,0,155.0
10109154FERRETIA_2025-06-18_G97,10109154FERRETIA,2025-06-18,117862,1,4,0,67.0
10109154FERRETIA_2025-06-18_G98,10109154FERRETIA,2025-06-18,117820,1,8,0,550.0
10109154FERRETIA_2025-06-19_G02,10109154FERRETIA,2025-06-19,117808,1,14,0,240.0
10109154FERRETIA_2025-06-19_G03,10109154FERRETIA,2025-06-19,117822,1,1,0,135.0
10109154FERRETIA_2025-06-19_G04,10109154FERRETIA,2025-06-19,111722,1,350,0,322.0
10109154FERRETIA_2025-06-19_G05,10109154FERRETIA,2025-06-19,141202,1,9,0,214.0
10109154FERRETIA_2025-06-19_G06,10109154FERRETIA,2025-06-19,117809,1,1,0,122.0
10109154FERRETIA_2025-06-19_G07,10109154FERRETIA,2025-06-19,117808,1,8,0,162.0
10109154FERRETIA_2025-06-19_G08,10109154FERRETIA,2025-06-19,110515,2,9,7,47.0
10109154FERRETIA_2025-06-19_G09,10109154FERRETIA,2025-06-19,111467,1,4,0,239.0
10109154FERRETIA_2025-06-19_G10,10109154FERRETIA,2025-06-19,110733,1,4,0,104.0
10109154FERRETIA_2025-06-19_G11,10109154FERRETIA,2025-06-19,111530,1,3,0,164.0
10109154FERRETIA_2025-06-19_G12,10109154FERRETIA,2025-06-19,117862,1,1,0,277.0
10109154FERRETIA_2025-06-19_G13,10109154FERRETIA,2025-06-19,110743,1,7,0,575.0
10109154FERRETIA_2025-06-19_G14,10109154FERRETIA,2025-06-19,108794,1,13,0,147.0
10109154FERRETIA_2025-06-19_G15,10109154FERRETIA,2025-06-19,140922,1,5,0,99.0
10109154FERRETIA_2025-06-19_G16,10109154FERRETIA,2025-06-19,117833,1,1,0,56.0
10109154FERRETIA_2025-06-19_G17,10109154FERRETIA,2025-06-19,111172,1,5,0,83.0
10109154FERRETIA_2025-06-19_G18,10109154FERRETIA,2025-06-19,111418,1,9,0,186.0
10109154FERRETIA_2025-06-19_G19,10109154FERRETIA,2025-06-19,110787,1,2,0,68.0
10109154FERRETIA_2025-06-19_G20,10109154FERRETIA,2025-06-19,118140,1,13,0,124.0
10109154FERRETIA_2025-06-19_G21,10109154FERRETIA,2025-06-19,111743,1,1,0,139.0
10109154FERRETIA_2025-06-19_G22,10109154FERRETIA,2025-06-19,111462,1,14,0,111.0
10109154FERRETIA_2025-06-19_G24,10109154FERRETIA,2025-06-19,110325,1,15,0,317.0
10109154FERRETIA_2025-06-19_G25,10109154FERRETIA,2025-06-19,110374,1,21,0,135.0
10109154FERRETIA_2025-06-19_G26,10109154FERRETIA,2025-06-19,117808,1,576,0,33.0
10109154FERRETIA_2025-06-19_G27,10109154FERRETIA,2025-06-19,110373,1,60,0,173.0
10109154FERRETIA_2025-06-19_G28,10109154FERRETIA,2025-06-19,110375,1,28,0,1045.0
10109154FERRETIA_2025-06-19_G29,10109154FERRETIA,2025-06-19,109643,1,4,0,210.0
10109154FERRETIA_2025-06-19_G30,10109154FERRETIA,2025-06-19,117830,1,15,0,1759.0
10109154FERRETIA_2025-06-19_G31,10109154FERRETIA,2025-06-19,111532,1,12,0,525.0
10109154FERRETIA_2025-06-19_G32,10109154FERRETIA,2025-06-19,111469,1,19,0,236.0
10109154FERRETIA_2025-06-19_G33,10109154FERRETIA,2025-06-19,109641,1,7,0,169.0
10109154FERRETIA_2025-06-19_G34,10109154FERRETIA,2025-06-19,111462,1,45,0,511.0
10109154FERRETIA_2025-06-19_G35,10109154FERRETIA,2025-06-19,109645,1,12,0,185.0
10109154FERRETIA_2025-06-19_G36,10109154FERRETIA,2025-06-19,107236,1,26,0,180.0
10109154FERRETIA_2025-06-19_G37,10109154FERRETIA,2025-06-19,110787,1,19,0,508.0
10109154FERRETIA_2025-06-19_G38,10109154FERRETIA,2025-06-19,111465,1,24,0,228.0
10109154FERRETIA_2025-06-19_G40,10109154FERRETIA,2025-06-19,111433,1,8,0,153.0
10109154FERRETIA_2025-06-19_G41,10109154FERRETIA,2025-06-19,141823,1,6,0,150.0
10109154FERRETIA_2025-06-19_G42,10109154FERRETIA,2025-06-19,117808,1,200,0,1236.0
10109154FERRETIA_2025-06-20_G02,10109154FERRETIA,2025-06-20,118317,1,15,0,414.0
10109154FERRETIA_2025-06-20_G03,10109154FERRETIA,2025-06-20,110753,1,8,0,172.0
10109154FERRETIA_2025-06-20_G04,10109154FERRETIA,2025-06-20,105242,1,20,0,314.0
10109154FERRETIA_2025-06-20_G05,10109154FERRETIA,2025-06-20,111876,1,30,0,631.0
10109154FERRETIA_2025-06-20_G06,10109154FERRETIA,2025-06-20,117862,1,40,0,340.0
10109154FERRETIA_2025-06-20_G07,10109154FERRETIA,2025-06-20,114092,1,8,0,2671.0
10109154FERRETIA_2025-06-20_G08,10109154FERRETIA,2025-06-20,117840,1,20,0,231.0
10109154FERRETIA_2025-06-20_G09,10109154FERRETIA,2025-06-20,111743,1,20,0,208.0
10109154FERRETIA_2025-06-20_G10,10109154FERRETIA,2025-06-20,111463,1,20,0,813.0
10109154FERRETIA_2025-06-20_G11,10109154FERRETIA,2025-06-20,111446,1,1,0,45.0
10109154FERRETIA_2025-06-20_G12,10109154FERRETIA,2025-06-20,111172,1,19,0,824.0
10109154FERRETIA_2025-06-20_G13,10109154FERRETIA,2025-06-20,111469,1,40,0,974.0
10109154FERRETIA_2025-06-20_G14,10109154FERRETIA,2025-06-20,117821,1,20,0,453.0
10109154FERRETIA_2025-06-20_G15,10109154FERRETIA,2025-06-20,118317,1,22,0,389.0
10109154FERRETIA_2025-06-20_G16,10109154FERRETIA,2025-06-20,110787,1,40,0,527.0
10109154FERRETIA_2025-06-20_G17,10109154FERRETIA,2025-06-20,108795,1,30,0,733.0
10109154FERRETIA_2025-06-20_G18,10109154FERRETIA,2025-06-20,114100,1,4,0,165.0
10109154FERRETIA_2025-06-20_G19,10109154FERRETIA,2025-06-20,110332,1,3,0,196.0
10109154FERRETIA_2025-06-20_G20,10109154FERRETIA,2025-06-20,111462,1,40,0,1160.0
10109154FERRETIA_2025-06-20_G21,10109154FERRETIA,2025-06-20,107236,1,40,0,529.0
10109154FERRETIA_2025-06-20_G22,10109154FERRETIA,2025-06-20,111434,1,4,0,304.0
10109154FERRETIA_2025-06-20_G23,10109154FERRETIA,2025-06-20,111442,1,22,0,585.0
10109154FERRETIA_2025-06-20_G24,10109154FERRETIA,2025-06-20,114099,1,8,0,670.0
10109154FERRETIA_2025-06-20_G25,10109154FERRETIA,2025-06-20,117788,1,13,0,151.0
10109154FERRETIA_2025-06-20_G26,10109154FERRETIA,2025-06-20,111876,1,4,0,49.0
10109154FERRETIA_2025-06-20_G27,10109154FERRETIA,2025-06-20,118298,1,11,0,128.0
10109154FERRETIA_2025-06-20_G28,10109154FERRETIA,2025-06-20,117837,1,7,0,100.0
10109154FERRETIA_2025-06-20_G29,10109154FERRETIA,2025-06-20,110753,1,4,0,72.0
10109154FERRETIA_2025-06-20_G30,10109154FERRETIA,2025-06-20,117786,1,30,0,968.0
10109154FERRETIA_2025-06-20_G31,10109154FERRETIA,2025-06-20,109640,1,24,0,370.0
10109154FERRETIA_2025-06-20_G32,10109154FERRETIA,2025-06-20,111650,1,8,0,205.0
10109154FERRETIA_2025-06-20_G33,10109154FERRETIA,2025-06-20,141047,1,7,0,329.0
10109154FERRETIA_2025-06-20_G34,10109154FERRETIA,2025-06-20,110752,1,11,0,86.0
10109154FERRETIA_2025-06-20_G35,10109154FERRETIA,2025-06-20,118403,1,5,0,88.0
10109154FERRETIA_2025-06-20_G36,10109154FERRETIA,2025-06-20,108772,1,8,0,86.0
10109154FERRETIA_2025-06-20_G37,10109154FERRETIA,2025-06-20,117856,1,17,0,351.0
10109154FERRETIA_2025-06-20_G38,10109154FERRETIA,2025-06-20,110733,1,20,0,623.0
10109154FERRETIA_2025-06-20_G39,10109154FERRETIA,2025-06-20,109647,1,18,0,493.0
10109154FERRETIA_2025-06-20_G40,10109154FERRETIA,2025-06-20,118363,1,7,0,248.0
10109154FERRETIA_2025-06-20_G42,10109154FERRETIA,2025-06-20,118223,1,6,0,158.0
10109154FERRETIA_2025-06-20_G43,10109154FERRETIA,2025-06-20,117809,1,6,0,594.0
10109154FERRETIA_2025-06-20_G44,10109154FERRETIA,2025-06-20,110375,1,2,0,83.0
10109154FERRETIA_2025-06-20_G45,10109154FERRETIA,2025-06-20,110372,1,30,0,196.0
10109154FERRETIA_2025-06-20_G46,10109154FERRETIA,2025-06-20,110371,1,4,0,107.0
10109154FERRETIA_2025-06-20_G47,10109154FERRETIA,2025-06-20,110374,1,8,0,252.0
10109154FERRETIA_2025-06-20_G48,10109154FERRETIA,2025-06-20,117840,1,4,0,103.0
10109154FERRETIA_2025-06-20_G49,10109154FERRETIA,2025-06-20,109648,1,6,0,88.0
10109154FERRETIA_2025-06-20_G50,10109154FERRETIA,2025-06-20,117830,1,8,0,244.0
10109154FERRETIA_2025-06-20_G51,10109154FERRETIA,2025-06-20,110375,1,2,0,167.0
10109154FERRETIA_2025-06-20_G52,10109154FERRETIA,2025-06-20,110371,1,4,0,121.0
10109154FERRETIA_2025-06-21_G02,10109154FERRETIA,2025-06-21,117830,1,100,0,394.0
10109154FERRETIA_2025-06-21_G03,10109154FERRETIA,2025-06-21,110374,1,100,0,2097.0
10109154FERRETIA_2025-06-21_G04,10109154FERRETIA,2025-06-21,109643,1,50,0,812.0
10109154FERRETIA_2025-06-21_G05,10109154FERRETIA,2025-06-21,110371,1,250,0,755.0
10109154FERRETIA_2025-06-21_G06,10109154FERRETIA,2025-06-21,110375,1,50,0,444.0
10109154FERRETIA_2025-06-21_G07,10109154FERRETIA,2025-06-21,117809,1,150,0,313.0
10109154FERRETIA_2025-06-21_G08,10109154FERRETIA,2025-06-21,109648,1,41,0,507.0
10109154FERRETIA_2025-06-21_G10,10109154FERRETIA,2025-06-21,117838,1,40,0,2013.0
10109154FERRETIA_2025-06-21_G11,10109154FERRETIA,2025-06-21,105705,1,40,0,599.0
10109154FERRETIA_2025-06-21_G12,10109154FERRETIA,2025-06-21,"107830, 117808",2,819,14,637.0
10109154FERRETIA_2025-06-21_G13,10109154FERRETIA,2025-06-21,110371,1,2,0,1527.0
10109154FERRETIA_2025-06-21_G14,10109154FERRETIA,2025-06-21,140922,1,3,0,106.0
10109154FERRETIA_2025-06-21_G15,10109154FERRETIA,2025-06-21,111435,1,8,0,135.0
10109154FERRETIA_2025-06-21_G16,10109154FERRETIA,2025-06-21,118094,1,2,0,87.0
10109154FERRETIA_2025-06-21_G17,10109154FERRETIA,2025-06-21,117855,1,4,0,71.0
10109154FERRETIA_2025-06-21_G18,10109154FERRETIA,2025-06-21,110325,1,4,0,141.0
10109154FERRETIA_2025-06-21_G19,10109154FERRETIA,2025-06-21,117832,1,5,0,401.0
10109154FERRETIA_2025-06-21_G20,10109154FERRETIA,2025-06-21,110515,1,2,0,161.0
10109154FERRETIA_2025-06-21_G21,10109154FERRETIA,2025-06-21,111441,1,12,0,371.0
10109154FERRETIA_2025-06-21_G22,10109154FERRETIA,2025-06-21,110740,1,2,0,256.0
10109154FERRETIA_2025-06-21_G23,10109154FERRETIA,2025-06-21,118094,1,4,0,163.0
10109154FERRETIA_2025-06-21_G24,10109154FERRETIA,2025-06-21,110515,1,6,0,143.0
10109154FERRETIA_2025-06-21_G25,10109154FERRETIA,2025-06-21,109645,1,2,0,152.0
10109154FERRETIA_2025-06-21_G26,10109154FERRETIA,2025-06-21,111530,1,6,0,178.0
10109154FERRETIA_2025-06-21_G27,10109154FERRETIA,2025-06-21,117935,1,4,0,234.0
10109154FERRETIA_2025-06-21_G28,10109154FERRETIA,2025-06-21,107830,1,14,0,658.0
10109154FERRETIA_2025-06-21_G29,10109154FERRETIA,2025-06-21,110711,1,53,0,142.0
10109154FERRETIA_2025-06-21_G31,10109154FERRETIA,2025-06-21,110371,1,12,0,244.0
10109154FERRETIA_2025-06-21_G32,10109154FERRETIA,2025-06-21,110371,1,11,0,51.0
10109154FERRETIA_2025-06-21_G33,10109154FERRETIA,2025-06-21,141202,1,19,0,176.0
10109154FERRETIA_2025-06-21_G34,10109154FERRETIA,2025-06-21,117809,1,12,0,113.0
10109154FERRETIA_2025-06-21_G35,10109154FERRETIA,2025-06-21,141262,1,141,0,355.0
10109154FERRETIA_2025-06-21_G36,10109154FERRETIA,2025-06-21,117808,2,198,17,80.0
10109154FERRETIA_2025-06-21_G37,10109154FERRETIA,2025-06-21,110374,1,6,0,122.0
10109154FERRETIA_2025-06-23_G02,10109154FERRETIA,2025-06-23,117855,1,2,0,201.0
10109154FERRETIA_2025-06-23_G03,10109154FERRETIA,2025-06-23,111530,1,2,0,133.0
10109154FERRETIA_2025-06-23_G04,10109154FERRETIA,2025-06-23,111418,1,10,0,223.0
10109154FERRETIA_2025-06-23_G05,10109154FERRETIA,2025-06-23,110787,1,12,0,128.0
10109154FERRETIA_2025-06-23_G06,10109154FERRETIA,2025-06-23,111876,1,3,0,202.0
10109154FERRETIA_2025-06-23_G07,10109154FERRETIA,2025-06-23,110339,1,2,0,60.0
10109154FERRETIA_2025-06-23_G08,10109154FERRETIA,2025-06-23,110515,1,1,0,53.0
10109154FERRETIA_2025-06-23_G09,10109154FERRETIA,2025-06-23,117855,1,3,0,102.0
10109154FERRETIA_2025-06-23_G10,10109154FERRETIA,2025-06-23,111530,1,1,0,120.0
10109154FERRETIA_2025-06-23_G11,10109154FERRETIA,2025-06-23,117856,1,3,0,68.0
10109154FERRETIA_2025-06-23_G12,10109154FERRETIA,2025-06-23,111418,1,26,0,108.0
10109154FERRETIA_2025-06-23_G13,10109154FERRETIA,2025-06-23,105705,1,2,0,207.0
10109154FERRETIA_2025-06-23_G14,10109154FERRETIA,2025-06-23,110339,1,1,0,364.0
10109154FERRETIA_2025-06-23_G15,10109154FERRETIA,2025-06-23,110787,1,8,0,179.0
10109154FERRETIA_2025-06-23_G16,10109154FERRETIA,2025-06-23,109640,1,6,0,476.0
10109154FERRETIA_2025-06-23_G17,10109154FERRETIA,2025-06-23,117856,1,2,0,144.0
10109154FERRETIA_2025-06-23_G18,10109154FERRETIA,2025-06-23,117855,1,1,0,114.0
10109154FERRETIA_2025-06-23_G19,10109154FERRETIA,2025-06-23,111442,1,8,0,195.0
10109154FERRETIA_2025-06-23_G20,10109154FERRETIA,2025-06-23,110787,1,12,0,656.0
10109154FERRETIA_2025-06-23_G21,10109154FERRETIA,2025-06-23,111469,1,12,0,213.0
10109154FERRETIA_2025-06-23_G22,10109154FERRETIA,2025-06-23,118222,1,4,0,120.0
10109154FERRETIA_2025-06-23_G23,10109154FERRETIA,2025-06-23,118094,1,2,0,438.0
10109154FERRETIA_2025-06-23_G24,10109154FERRETIA,2025-06-23,118330,1,4,0,358.0
10109154FERRETIA_2025-06-24_G02,10109154FERRETIA,2025-06-24,109648,1,40,0,690.0
10109154FERRETIA_2025-06-24_G03,10109154FERRETIA,2025-06-24,111463,1,50,0,870.0
10109154FERRETIA_2025-06-24_G04,10109154FERRETIA,2025-06-24,111172,1,20,0,737.0
10109154FERRETIA_2025-06-24_G05,10109154FERRETIA,2025-06-24,109645,1,20,0,277.0
10109154FERRETIA_2025-06-24_G06,10109154FERRETIA,2025-06-24,111468,1,20,0,189.0
10109154FERRETIA_2025-06-24_G07,10109154FERRETIA,2025-06-24,117785,1,100,0,378.0
10109154FERRETIA_2025-06-24_G08,10109154FERRETIA,2025-06-24,110743,1,8,0,84.0
10109154FERRETIA_2025-06-24_G09,10109154FERRETIA,2025-06-24,105705,1,20,0,287.0
10109154FERRETIA_2025-06-24_G10,10109154FERRETIA,2025-06-24,108798,1,7,0,129.0
10109154FERRETIA_2025-06-24_G11,10109154FERRETIA,2025-06-24,111431,1,3,0,502.0
10109154FERRETIA_2025-06-24_G12,10109154FERRETIA,2025-06-24,118140,1,100,0,348.0
10109154FERRETIA_2025-06-24_G13,10109154FERRETIA,2025-06-24,111530,1,20,0,1797.0
10109154FERRETIA_2025-06-24_G14,10109154FERRETIA,2025-06-24,111602,1,10,0,367.0
10109154FERRETIA_2025-06-24_G15,10109154FERRETIA,2025-06-24,118403,1,20,0,274.0
10109154FERRETIA_2025-06-24_G16,10109154FERRETIA,2025-06-24,117855,1,20,0,211.0
10109154FERRETIA_2025-06-24_G17,10109154FERRETIA,2025-06-24,110423,1,4,0,243.0
10109154FERRETIA_2025-06-24_G18,10109154FERRETIA,2025-06-24,117289,1,4,0,141.0
10109154FERRETIA_2025-06-24_G19,10109154FERRETIA,2025-06-24,116527,1,4,0,182.0
10109154FERRETIA_2025-06-24_G20,10109154FERRETIA,2025-06-24,141047,1,40,0,755.0
10109154FERRETIA_2025-06-24_G21,10109154FERRETIA,2025-06-24,108410,1,2,0,432.0
10109154FERRETIA_2025-06-24_G22,10109154FERRETIA,2025-06-24,110755,1,4,0,859.0
10109154FERRETIA_2025-06-24_G23,10109154FERRETIA,2025-06-24,111437,1,14,0,126.0
10109154FERRETIA_2025-06-24_G24,10109154FERRETIA,2025-06-24,115234,1,12,0,130.0
10109154FERRETIA_2025-06-24_G25,10109154FERRETIA,2025-06-24,108759,1,12,0,388.0
10109154FERRETIA_2025-06-24_G26,10109154FERRETIA,2025-06-24,115234,1,4,0,215.0
10109154FERRETIA_2025-06-24_G27,10109154FERRETIA,2025-06-24,107629,1,4,0,359.0
10109154FERRETIA_2025-06-24_G28,10109154FERRETIA,2025-06-24,117935,1,4,0,93.0
10109154FERRETIA_2025-06-24_G29,10109154FERRETIA,2025-06-24,111418,1,5,0,126.0
10109154FERRETIA_2025-06-24_G30,10109154FERRETIA,2025-06-24,110373,1,8,0,197.0
10109154FERRETIA_2025-06-24_G31,10109154FERRETIA,2025-06-24,107830,1,4,0,106.0
10109154FERRETIA_2025-06-24_G32,10109154FERRETIA,2025-06-24,117808,1,8,0,2622.0
10109154FERRETIA_2025-06-24_G33,10109154FERRETIA,2025-06-24,110371,1,4,0,137.0
10109154FERRETIA_2025-06-24_G34,10109154FERRETIA,2025-06-24,110515,1,4,0,203.0
10109154FERRETIA_2025-06-24_G35,10109154FERRETIA,2025-06-24,118299,1,7,0,109.0
10109154FERRETIA_2025-06-24_G36,10109154FERRETIA,2025-06-24,117808,1,11,0,78.0
10109154FERRETIA_2025-06-24_G37,10109154FERRETIA,2025-06-24,107830,1,2,0,109.0
10109154FERRETIA_2025-06-24_G38,10109154FERRETIA,2025-06-24,117830,1,1,0,103.0
10109154FERRETIA_2025-06-24_G39,10109154FERRETIA,2025-06-24,141202,1,6,0,135.0
10109154FERRETIA_2025-06-24_G40,10109154FERRETIA,2025-06-24,117785,1,5,0,173.0
10109154FERRETIA_2025-06-24_G41,10109154FERRETIA,2025-06-24,108794,1,6,0,110.0
10109154FERRETIA_2025-06-24_G42,10109154FERRETIA,2025-06-24,111463,1,10,0,135.0
10109154FERRETIA_2025-06-24_G43,10109154FERRETIA,2025-06-24,108711,1,10,0,454.0
10109154FERRETIA_2025-06-24_G44,10109154FERRETIA,2025-06-24,140922,1,4,0,72.0
10109154FERRETIA_2025-06-24_G45,10109154FERRETIA,2025-06-24,117833,1,3,0,725.0
10109154FERRETIA_2025-06-24_G46,10109154FERRETIA,2025-06-24,111532,1,13,0,332.0
10109154FERRETIA_2025-06-24_G47,10109154FERRETIA,2025-06-24,109645,1,2,0,118.0
10109154FERRETIA_2025-06-24_G48,10109154FERRETIA,2025-06-24,118140,1,6,0,267.0
10109154FERRETIA_2025-06-24_G49,10109154FERRETIA,2025-06-24,118094,1,1,0,207.0
10109154FERRETIA_2025-06-24_G50,10109154FERRETIA,2025-06-24,107629,1,2,0,56.0
10109154FERRETIA_2025-06-24_G51,10109154FERRETIA,2025-06-24,110515,1,8,0,177.0
10109154FERRETIA_2025-06-24_G52,10109154FERRETIA,2025-06-24,117861,1,2,0,447.0
10109154FERRETIA_2025-06-24_G53,10109154FERRETIA,2025-06-24,110733,1,5,0,133.0
10109154FERRETIA_2025-06-24_G54,10109154FERRETIA,2025-06-24,111530,1,4,0,113.0
10109154FERRETIA_2025-06-24_G55,10109154FERRETIA,2025-06-24,117856,1,6,0,81.0
10109154FERRETIA_2025-06-24_G56,10109154FERRETIA,2025-06-24,117935,1,4,0,80.0
10109154FERRETIA_2025-06-24_G58,10109154FERRETIA,2025-06-24,117855,1,8,0,292.0
10109154FERRETIA_2025-06-24_G59,10109154FERRETIA,2025-06-24,117808,1,8,0,666.0
10109154FERRETIA_2025-06-24_G60,10109154FERRETIA,2025-06-24,110371,1,6,0,249.0
10109154FERRETIA_2025-06-24_G61,10109154FERRETIA,2025-06-24,108771,1,2,0,740.0
10109154FERRETIA_2025-06-24_G62,10109154FERRETIA,2025-06-24,107830,1,2,0,254.0
10109154FERRETIA_2025-06-24_G63,10109154FERRETIA,2025-06-24,111330,1,12,0,1658.0
10109154FERRETIA_2025-06-24_G64,10109154FERRETIA,2025-06-24,109640,1,8,0,319.0
10109154FERRETIA_2025-06-25_G02,10109154FERRETIA,2025-06-25,107830,1,12,0,279.0
10109154FERRETIA_2025-06-25_G03,10109154FERRETIA,2025-06-25,110373,1,24,0,285.0
10109154FERRETIA_2025-06-25_G04,10109154FERRETIA,2025-06-25,108701,1,12,0,313.0
10109154FERRETIA_2025-06-25_G05,10109154FERRETIA,2025-06-25,108701,1,4,0,52.0
10109154FERRETIA_2025-06-25_G06,10109154FERRETIA,2025-06-25,118094,1,16,0,312.0
10109154FERRETIA_2025-06-25_G07,10109154FERRETIA,2025-06-25,118094,1,4,0,721.0
10109154FERRETIA_2025-06-25_G08,10109154FERRETIA,2025-06-25,111467,1,4,0,204.0
10109154FERRETIA_2025-06-25_G09,10109154FERRETIA,2025-06-25,111467,1,20,0,1150.0
10109154FERRETIA_2025-06-25_G10,10109154FERRETIA,2025-06-25,108772,1,20,0,314.0
10109154FERRETIA_2025-06-25_G11,10109154FERRETIA,2025-06-25,108772,1,4,0,60.0
10109154FERRETIA_2025-06-25_G12,10109154FERRETIA,2025-06-25,110756,1,24,0,310.0
10109154FERRETIA_2025-06-25_G13,10109154FERRETIA,2025-06-25,110756,1,4,0,513.0
10109154FERRETIA_2025-06-25_G14,10109154FERRETIA,2025-06-25,110313,2,32,5,319.0
10109154FERRETIA_2025-06-25_G15,10109154FERRETIA,2025-06-25,111530,1,24,0,397.0
10109154FERRETIA_2025-06-25_G16,10109154FERRETIA,2025-06-25,111530,1,4,0,55.0
10109154FERRETIA_2025-06-25_G17,10109154FERRETIA,2025-06-25,110752,1,24,0,193.0
10109154FERRETIA_2025-06-25_G18,10109154FERRETIA,2025-06-25,110752,1,4,0,204.0
10109154FERRETIA_2025-06-25_G19,10109154FERRETIA,2025-06-25,111436,1,20,0,2267.0
10109154FERRETIA_2025-06-25_G20,10109154FERRETIA,2025-06-25,111430,1,28,0,239.0
10109154FERRETIA_2025-06-25_G21,10109154FERRETIA,2025-06-25,111436,1,4,0,216.0
10109154FERRETIA_2025-06-25_G22,10109154FERRETIA,2025-06-25,108770,1,4,0,134.0
10109154FERRETIA_2025-06-25_G23,10109154FERRETIA,2025-06-25,117836,1,4,0,158.0
10109154FERRETIA_2025-06-25_G25,10109154FERRETIA,2025-06-25,117832,1,10,0,115.0
10109154FERRETIA_2025-06-25_G26,10109154FERRETIA,2025-06-25,117830,1,20,0,162.0
10109154FERRETIA_2025-06-25_G27,10109154FERRETIA,2025-06-25,110371,1,20,0,269.0
10109154FERRETIA_2025-06-25_G28,10109154FERRETIA,2025-06-25,110372,1,80,0,836.0
10109154FERRETIA_2025-06-25_G29,10109154FERRETIA,2025-06-25,117808,2,480,27,631.0
10109154FERRETIA_2025-06-25_G30,10109154FERRETIA,2025-06-25,117820,1,30,0,291.0
10109154FERRETIA_2025-06-25_G31,10109154FERRETIA,2025-06-25,141202,1,5,0,467.0
10109154FERRETIA_2025-06-25_G32,10109154FERRETIA,2025-06-25,110373,1,50,0,553.0
10109154FERRETIA_2025-06-25_G33,10109154FERRETIA,2025-06-25,117809,1,30,0,178.0
10109154FERRETIA_2025-06-25_G34,10109154FERRETIA,2025-06-25,109643,1,10,0,300.0
10109154FERRETIA_2025-06-25_G36,10109154FERRETIA,2025-06-25,118140,1,4,0,142.0
10109154FERRETIA_2025-06-25_G37,10109154FERRETIA,2025-06-25,110373,1,4,0,131.0
10109154FERRETIA_2025-06-25_G38,10109154FERRETIA,2025-06-25,109640,1,10,0,241.0
10109154FERRETIA_2025-06-25_G39,10109154FERRETIA,2025-06-25,109640,1,30,0,532.0
10109154FERRETIA_2025-06-25_G40,10109154FERRETIA,2025-06-25,117855,1,4,0,277.0
10109154FERRETIA_2025-06-25_G41,10109154FERRETIA,2025-06-25,109640,1,4,0,763.0
10109154FERRETIA_2025-06-25_G42,10109154FERRETIA,2025-06-25,117809,1,8,0,838.0
10109154FERRETIA_2025-06-25_G43,10109154FERRETIA,2025-06-25,110375,1,6,0,810.0
10109154FERRETIA_2025-06-25_G44,10109154FERRETIA,2025-06-25,110371,1,6,0,110.0
10109154FERRETIA_2025-06-26_G02,10109154FERRETIA,2025-06-26,110374,1,30,0,401.0
10109154FERRETIA_2025-06-26_G03,10109154FERRETIA,2025-06-26,110372,1,30,0,296.0
10109154FERRETIA_2025-06-26_G04,10109154FERRETIA,2025-06-26,110325,1,12,0,237.0
10109154FERRETIA_2025-06-26_G05,10109154FERRETIA,2025-06-26,110373,2,83,5,500.0
10109154FERRETIA_2025-06-26_G06,10109154FERRETIA,2025-06-26,111876,1,8,0,544.0
10109154FERRETIA_2025-06-26_G07,10109154FERRETIA,2025-06-26,141047,1,8,0,162.0
10109154FERRETIA_2025-06-26_G08,10109154FERRETIA,2025-06-26,118403,1,8,0,144.0
10109154FERRETIA_2025-06-26_G09,10109154FERRETIA,2025-06-26,110733,3,20,19,142.0
10109154FERRETIA_2025-06-26_G10,10109154FERRETIA,2025-06-26,117855,1,20,0,271.0
10109154FERRETIA_2025-06-26_G11,10109154FERRETIA,2025-06-26,118416,1,8,0,393.0
10109154FERRETIA_2025-06-26_G12,10109154FERRETIA,2025-06-26,109640,1,30,0,606.0
10109154FERRETIA_2025-06-26_G13,10109154FERRETIA,2025-06-26,110515,1,50,0,543.0
10109154FERRETIA_2025-06-26_G14,10109154FERRETIA,2025-06-26,117786,1,30,0,294.0
10109154FERRETIA_2025-06-26_G15,10109154FERRETIA,2025-06-26,111602,1,50,0,206.0
10109154FERRETIA_2025-06-26_G16,10109154FERRETIA,2025-06-26,111530,1,30,0,493.0
10109154FERRETIA_2025-06-26_G17,10109154FERRETIA,2025-06-26,111182,2,9,7,231.0
10109154FERRETIA_2025-06-26_G18,10109154FERRETIA,2025-06-26,111532,1,100,0,282.0
10109154FERRETIA_2025-06-26_G19,10109154FERRETIA,2025-06-26,141202,1,100,0,2457.0
10109154FERRETIA_2025-06-26_G20,10109154FERRETIA,2025-06-26,117809,1,50,0,1457.0
10109154FERRETIA_2025-06-26_G21,10109154FERRETIA,2025-06-26,118281,2,8,8,337.0
10109154FERRETIA_2025-06-26_G22,10109154FERRETIA,2025-06-26,117808,1,142,0,234.0
10109154FERRETIA_2025-06-26_G23,10109154FERRETIA,2025-06-26,110373,1,10,0,674.0
10109154FERRETIA_2025-06-26_G24,10109154FERRETIA,2025-06-26,110375,1,4,0,207.0
10109154FERRETIA_2025-06-26_G25,10109154FERRETIA,2025-06-26,118299,4,14,24,96.0
10109154FERRETIA_2025-06-26_G26,10109154FERRETIA,2025-06-26,110371,1,2,0,206.0
10109154FERRETIA_2025-06-26_G27,10109154FERRETIA,2025-06-26,"110372, 117809",2,19,23,101.0
10109154FERRETIA_2025-06-26_G28,10109154FERRETIA,2025-06-26,117861,1,2,0,283.0
10109154FERRETIA_2025-06-26_G29,10109154FERRETIA,2025-06-26,117855,1,4,0,138.0
10109154FERRETIA_2025-06-26_G30,10109154FERRETIA,2025-06-26,111876,1,2,0,103.0
10109154FERRETIA_2025-06-26_G31,10109154FERRETIA,2025-06-26,110339,1,4,0,70.0
10109154FERRETIA_2025-06-26_G32,10109154FERRETIA,2025-06-26,117786,1,6,0,78.0
10109154FERRETIA_2025-06-26_G33,10109154FERRETIA,2025-06-26,110515,1,2,0,76.0
10109154FERRETIA_2025-06-26_G34,10109154FERRETIA,2025-06-26,110325,1,4,0,773.0
10109154FERRETIA_2025-06-26_G35,10109154FERRETIA,2025-06-26,110373,1,4,0,154.0
10109154FERRETIA_2025-06-26_G36,10109154FERRETIA,2025-06-26,118299,1,10,0,237.0
10109154FERRETIA_2025-06-26_G37,10109154FERRETIA,2025-06-26,"110372, 117809",2,11,30,136.0
10109154FERRETIA_2025-06-26_G38,10109154FERRETIA,2025-06-26,117808,1,20,0,472.0
10109154FERRETIA_2025-06-26_G40,10109154FERRETIA,2025-06-26,111438,1,60,0,545.0
10109154FERRETIA_2025-06-26_G41,10109154FERRETIA,2025-06-26,111469,1,100,0,501.0
10109154FERRETIA_2025-06-26_G42,10109154FERRETIA,2025-06-26,111569,1,4,0,316.0
10109154FERRETIA_2025-06-26_G43,10109154FERRETIA,2025-06-26,111438,1,5,0,94.0
10109154FERRETIA_2025-06-26_G44,10109154FERRETIA,2025-06-26,111569,1,2,0,458.0
10109154FERRETIA_2025-06-26_G45,10109154FERRETIA,2025-06-26,117935,1,2,0,113.0
10109154FERRETIA_2025-06-26_G46,10109154FERRETIA,2025-06-26,110741,1,2,0,263.0
10109154FERRETIA_2025-06-26_G47,10109154FERRETIA,2025-06-26,109641,1,4,0,193.0
10109154FERRETIA_2025-06-26_G48,10109154FERRETIA,2025-06-26,141823,1,4,0,103.0
10109154FERRETIA_2025-06-26_G49,10109154FERRETIA,2025-06-26,110711,1,10,0,238.0
10109154FERRETIA_2025-06-26_G50,10109154FERRETIA,2025-06-26,118094,1,20,0,448.0
10109154FERRETIA_2025-06-26_G51,10109154FERRETIA,2025-06-26,108798,1,13,0,155.0
10109154FERRETIA_2025-06-26_G52,10109154FERRETIA,2025-06-26,111330,1,4,0,110.0
10109154FERRETIA_2025-06-26_G53,10109154FERRETIA,2025-06-26,117787,1,13,0,194.0
10109154FERRETIA_2025-06-26_G54,10109154FERRETIA,2025-06-26,117808,1,50,0,526.0
10109154FERRETIA_2025-06-26_G55,10109154FERRETIA,2025-06-26,110372,1,50,0,397.0
10109154FERRETIA_2025-06-26_G56,10109154FERRETIA,2025-06-26,111418,1,50,0,189.0
10109154FERRETIA_2025-06-26_G57,10109154FERRETIA,2025-06-26,110711,1,4,0,593.0
10109154FERRETIA_2025-06-26_G58,10109154FERRETIA,2025-06-26,110895,1,4,0,1552.0
10109154FERRETIA_2025-06-26_G59,10109154FERRETIA,2025-06-26,109643,1,6,0,184.0
10109154FERRETIA_2025-06-26_G60,10109154FERRETIA,2025-06-26,107830,1,2,0,143.0
10109154FERRETIA_2025-06-26_G61,10109154FERRETIA,2025-06-26,117820,1,1,0,87.0
10109154FERRETIA_2025-06-26_G62,10109154FERRETIA,2025-06-26,141202,1,2,0,51.0
10109154FERRETIA_2025-06-27_G02,10109154FERRETIA,2025-06-27,118281,1,30,0,423.0
10109154FERRETIA_2025-06-27_G03,10109154FERRETIA,2025-06-27,118281,1,50,0,230.0
10109154FERRETIA_2025-06-27_G04,10109154FERRETIA,2025-06-27,110373,1,60,0,839.0
10109154FERRETIA_2025-06-27_G05,10109154FERRETIA,2025-06-27,117832,1,50,0,461.0
10109154FERRETIA_2025-06-27_G06,10109154FERRETIA,2025-06-27,118317,1,70,0,1838.0
10109154FERRETIA_2025-06-27_G07,10109154FERRETIA,2025-06-27,118330,1,20,0,1779.0
10109154FERRETIA_2025-06-27_G08,10109154FERRETIA,2025-06-27,118285,1,6,0,169.0
10109154FERRETIA_2025-06-27_G09,10109154FERRETIA,2025-06-27,111172,1,20,0,1733.0
10109154FERRETIA_2025-06-27_G10,10109154FERRETIA,2025-06-27,117842,1,12,0,204.0
10109154FERRETIA_2025-06-27_G11,10109154FERRETIA,2025-06-27,"109641, 111418",3,142,31,163.0
10109154FERRETIA_2025-06-27_G12,10109154FERRETIA,2025-06-27,118285,1,20,0,217.0
10109154FERRETIA_2025-06-27_G13,10109154FERRETIA,2025-06-27,117833,1,15,0,276.0
10109154FERRETIA_2025-06-27_G14,10109154FERRETIA,2025-06-27,111462,1,30,0,415.0
10109154FERRETIA_2025-06-27_G15,10109154FERRETIA,2025-06-27,117787,1,30,0,235.0
10109154FERRETIA_2025-06-27_G16,10109154FERRETIA,2025-06-27,111650,1,8,0,170.0
10109154FERRETIA_2025-06-27_G17,10109154FERRETIA,2025-06-27,117935,1,20,0,423.0
10109154FERRETIA_2025-06-27_G18,10109154FERRETIA,2025-06-27,118299,1,4,0,989.0
10109154FERRETIA_2025-06-27_G19,10109154FERRETIA,2025-06-27,110787,1,3,0,590.0
10109154FERRETIA_2025-06-27_G20,10109154FERRETIA,2025-06-27,117856,1,2,0,445.0
10109154FERRETIA_2025-06-27_G21,10109154FERRETIA,2025-06-27,108772,1,2,0,383.0
10109154FERRETIA_2025-06-27_G22,10109154FERRETIA,2025-06-27,111530,1,6,0,144.0
10109154FERRETIA_2025-06-27_G23,10109154FERRETIA,2025-06-27,111660,1,4,0,110.0
10109154FERRETIA_2025-06-27_G24,10109154FERRETIA,2025-06-27,118222,1,4,0,142.0
10109154FERRETIA_2025-06-27_G25,10109154FERRETIA,2025-06-27,111469,1,4,0,1158.0
10109154FERRETIA_2025-06-27_G26,10109154FERRETIA,2025-06-27,118299,1,6,0,173.0
10109154FERRETIA_2025-06-27_G27,10109154FERRETIA,2025-06-27,118281,1,2,0,85.0
10109154FERRETIA_2025-06-27_G28,10109154FERRETIA,2025-06-27,107830,1,10,0,193.0
10109154FERRETIA_2025-06-27_G29,10109154FERRETIA,2025-06-27,117830,1,14,0,1206.0
10109154FERRETIA_2025-06-27_G30,10109154FERRETIA,2025-06-27,118250,1,4,0,198.0
10109154FERRETIA_2025-06-27_G31,10109154FERRETIA,2025-06-27,116241,1,2,0,190.0
10109154FERRETIA_2025-06-27_G32,10109154FERRETIA,2025-06-27,118317,1,5,0,191.0
10109154FERRETIA_2025-06-27_G34,10109154FERRETIA,2025-06-27,118191,1,99,0,310.0
10109154FERRETIA_2025-06-27_G35,10109154FERRETIA,2025-06-27,118191,1,1,0,53.0
10109154FERRETIA_2025-06-28_G02,10109154FERRETIA,2025-06-28,111469,1,4,0,132.0
10109154FERRETIA_2025-06-28_G03,10109154FERRETIA,2025-06-28,111418,1,3,0,122.0
10109154FERRETIA_2025-06-28_G04,10109154FERRETIA,2025-06-28,110373,1,11,0,195.0
10109154FERRETIA_2025-06-28_G05,10109154FERRETIA,2025-06-28,110711,1,3,0,136.0
10109154FERRETIA_2025-06-28_G06,10109154FERRETIA,2025-06-28,111467,1,2,0,130.0
10109154FERRETIA_2025-06-28_G07,10109154FERRETIA,2025-06-28,111530,1,1,0,113.0
10109154FERRETIA_2025-06-28_G08,10109154FERRETIA,2025-06-28,110373,1,4,0,95.0
10109154FERRETIA_2025-06-28_G09,10109154FERRETIA,2025-06-28,110375,1,2,0,77.0
10109154FERRETIA_2025-06-28_G10,10109154FERRETIA,2025-06-28,110371,1,1,0,103.0
10109154FERRETIA_2025-06-28_G11,10109154FERRETIA,2025-06-28,109645,1,3,0,427.0
10109154FERRETIA_2025-06-28_G12,10109154FERRETIA,2025-06-28,109643,1,2,0,144.0
10109154FERRETIA_2025-06-28_G13,10109154FERRETIA,2025-06-28,110373,1,14,0,210.0
10109154FERRETIA_2025-06-28_G14,10109154FERRETIA,2025-06-28,110371,1,4,0,174.0
10109154FERRETIA_2025-06-28_G15,10109154FERRETIA,2025-06-28,105705,1,1,0,295.0
10109154FERRETIA_2025-06-28_G16,10109154FERRETIA,2025-06-28,111463,1,3,0,70.0
10109154FERRETIA_2025-06-28_G17,10109154FERRETIA,2025-06-28,110373,1,15,0,156.0
10109154FERRETIA_2025-06-28_G18,10109154FERRETIA,2025-06-28,110371,1,4,0,196.0
10109154FERRETIA_2025-06-28_G19,10109154FERRETIA,2025-06-28,118299,1,2,0,50.0
10109154FERRETIA_2025-06-28_G20,10109154FERRETIA,2025-06-28,110372,1,4,0,67.0
10109154FERRETIA_2025-06-28_G21,10109154FERRETIA,2025-06-28,111462,1,4,0,420.0
10109154FERRETIA_2025-06-28_G22,10109154FERRETIA,2025-06-28,110373,1,4,0,83.0
10109154FERRETIA_2025-06-28_G23,10109154FERRETIA,2025-06-28,110371,1,4,0,89.0
10109154FERRETIA_2025-06-28_G24,10109154FERRETIA,2025-06-28,111446,1,3,0,198.0
10109154FERRETIA_2025-06-28_G25,10109154FERRETIA,2025-06-28,117855,1,2,0,118.0
10109154FERRETIA_2025-06-28_G26,10109154FERRETIA,2025-06-28,111462,1,4,0,1404.0
10109154FERRETIA_2025-06-28_G27,10109154FERRETIA,2025-06-28,117855,1,4,0,605.0
10109154FERRETIA_2025-06-28_G28,10109154FERRETIA,2025-06-28,110711,1,3,0,145.0
10109154FERRETIA_2025-06-28_G29,10109154FERRETIA,2025-06-28,109933,1,4,0,733.0
10109154FERRETIA_2025-06-28_G30,10109154FERRETIA,2025-06-28,111434,1,4,0,244.0
10109154FERRETIA_2025-06-28_G31,10109154FERRETIA,2025-06-28,111462,1,1,0,194.0
10109154FERRETIA_2025-06-28_G32,10109154FERRETIA,2025-06-28,111418,1,2,0,130.0
10109154FERRETIA_2025-06-28_G33,10109154FERRETIA,2025-06-28,109643,1,2,0,993.0
10109154FERRETIA_2025-06-28_G34,10109154FERRETIA,2025-06-28,110373,1,7,0,217.0
10109154FERRETIA_2025-06-28_G35,10109154FERRETIA,2025-06-28,110371,1,16,0,206.0
10109154FERRETIA_2025-06-28_G36,10109154FERRETIA,2025-06-28,118299,1,1,0,43.0
10109154FERRETIA_2025-06-28_G37,10109154FERRETIA,2025-06-28,110372,1,4,0,92.0
10109154FERRETIA_2025-06-28_G38,10109154FERRETIA,2025-06-28,117809,1,4,0,46.0
10109154FERRETIA_2025-06-28_G39,10109154FERRETIA,2025-06-28,111743,1,3,0,268.0
10109154FERRETIA_2025-06-28_G40,10109154FERRETIA,2025-06-28,110751,1,2,0,61.0
10109154FERRETIA_2025-06-28_G41,10109154FERRETIA,2025-06-28,108711,1,2,0,78.0
10109154FERRETIA_2025-06-28_G42,10109154FERRETIA,2025-06-28,117833,1,4,0,67.0
10109154FERRETIA_2025-06-28_G43,10109154FERRETIA,2025-06-28,108798,1,3,0,115.0
10109154FERRETIA_2025-06-28_G44,10109154FERRETIA,2025-06-28,111462,1,5,0,133.0
10109154FERRETIA_2025-06-28_G45,10109154FERRETIA,2025-06-28,110748,1,4,0,66.0
10109154FERRETIA_2025-06-28_G46,10109154FERRETIA,2025-06-28,111418,1,10,0,144.0
10109154FERRETIA_2025-06-28_G47,10109154FERRETIA,2025-06-28,110747,1,4,0,1370.0
10109154FERRETIA_2025-06-28_G48,10109154FERRETIA,2025-06-28,"111655, 110747",2,6,29,121.0
10109154FERRETIA_2025-06-28_G49,10109154FERRETIA,2025-06-28,117808,1,8,0,198.0
10109154FERRETIA_2025-06-28_G50,10109154FERRETIA,2025-06-28,107830,1,8,0,168.0
10109154FERRETIA_2025-06-28_G51,10109154FERRETIA,2025-06-28,117820,1,4,0,110.0
10109154FERRETIA_2025-06-28_G52,10109154FERRETIA,2025-06-28,141202,1,6,0,71.0
10109154FERRETIA_2025-06-28_G53,10109154FERRETIA,2025-06-28,117809,1,18,0,121.0
10109154FERRETIA_2025-06-28_G54,10109154FERRETIA,2025-06-28,110711,1,3,0,175.0
10109154FERRETIA_2025-06-28_G55,10109154FERRETIA,2025-06-28,111467,1,8,0,192.0
10109154FERRETIA_2025-06-28_G56,10109154FERRETIA,2025-06-28,111879,1,6,0,78.0
10109154FERRETIA_2025-06-28_G57,10109154FERRETIA,2025-06-28,117855,1,14,0,831.0
10109154FERRETIA_2025-06-28_G58,10109154FERRETIA,2025-06-28,108772,1,6,0,948.0
10109154FERRETIA_2025-06-28_G59,10109154FERRETIA,2025-06-28,117935,1,8,0,347.0
10109154FERRETIA_2025-06-28_G60,10109154FERRETIA,2025-06-28,110339,1,9,0,270.0
10109154FERRETIA_2025-06-28_G61,10109154FERRETIA,2025-06-28,141047,1,12,0,253.0
10109154FERRETIA_2025-06-28_G62,10109154FERRETIA,2025-06-28,110313,1,15,0,239.0
10109154FERRETIA_2025-06-28_G63,10109154FERRETIA,2025-06-28,111418,3,180,36,1904.0
10109154FERRETIA_2025-06-28_G64,10109154FERRETIA,2025-06-28,111418,1,196,0,56.0
10109154FERRETIA_2025-06-28_G65,10109154FERRETIA,2025-06-28,107236,1,2,0,795.0
10109154FERRETIA_2025-06-28_G66,10109154FERRETIA,2025-06-28,111468,1,7,0,65.0
10109154FERRETIA_2025-06-28_G67,10109154FERRETIA,2025-06-28,109641,1,2,0,121.0
10109154FERRETIA_2025-06-28_G68,10109154FERRETIA,2025-06-28,117831,1,31,0,226.0
10109154FERRETIA_2025-06-28_G69,10109154FERRETIA,2025-06-28,107236,1,2,0,98.0
10109154FERRETIA_2025-06-28_G71,10109154FERRETIA,2025-06-28,117832,1,4,0,106.0
10109154FERRETIA_2025-06-28_G72,10109154FERRETIA,2025-06-28,110374,1,3,0,143.0
10109154FERRETIA_2025-06-28_G73,10109154FERRETIA,2025-06-28,110371,1,3,0,94.0
10109154FERRETIA_2025-06-28_G74,10109154FERRETIA,2025-06-28,111463,1,4,0,157.0
10109154FERRETIA_2025-06-28_G75,10109154FERRETIA,2025-06-28,117831,1,3,0,366.0
10109154FERRETIA_2025-06-28_G76,10109154FERRETIA,2025-06-28,118317,1,3,0,93.0
10109154FERRETIA_2025-06-28_G77,10109154FERRETIA,2025-06-28,141823,1,1,0,82.0
10109154FERRETIA_2025-06-28_G78,10109154FERRETIA,2025-06-28,117862,1,2,0,120.0
10109154FERRETIA_2025-06-28_G79,10109154FERRETIA,2025-06-28,110515,1,3,0,87.0
10109154FERRETIA_2025-06-28_G80,10109154FERRETIA,2025-06-28,110711,1,2,0,68.0
10109154FERRETIA_2025-06-28_G81,10109154FERRETIA,2025-06-28,141047,1,4,0,69.0
10109154FERRETIA_2025-06-30_G02,10109154FERRETIA,2025-06-30,110375,1,30,0,686.0
10109154FERRETIA_2025-06-30_G03,10109154FERRETIA,2025-06-30,110325,1,18,0,166.0
10109154FERRETIA_2025-06-30_G04,10109154FERRETIA,2025-06-30,107830,1,6,0,172.0
10109154FERRETIA_2025-06-30_G05,10109154FERRETIA,2025-06-30,117832,1,30,0,325.0
10109154FERRETIA_2025-06-30_G06,10109154FERRETIA,2025-06-30,117830,1,20,0,189.0
10109154FERRETIA_2025-06-30_G07,10109154FERRETIA,2025-06-30,109643,2,13,5,303.0
10109154FERRETIA_2025-06-30_G08,10109154FERRETIA,2025-06-30,110374,1,42,0,599.0
10109154FERRETIA_2025-06-30_G09,10109154FERRETIA,2025-06-30,117822,1,8,0,136.0
10109154FERRETIA_2025-06-30_G10,10109154FERRETIA,2025-06-30,110374,1,20,0,167.0
10109154FERRETIA_2025-06-30_G11,10109154FERRETIA,2025-06-30,109640,1,50,0,657.0
10109154FERRETIA_2025-06-30_G12,10109154FERRETIA,2025-06-30,109640,1,40,0,1081.0
10109154FERRETIA_2025-06-30_G13,10109154FERRETIA,2025-06-30,117861,1,18,0,264.0
10109154FERRETIA_2025-06-30_G14,10109154FERRETIA,2025-06-30,117855,1,11,0,2309.0
10109154FERRETIA_2025-06-30_G15,10109154FERRETIA,2025-06-30,117855,1,7,0,52.0
10109154FERRETIA_2025-06-30_G16,10109154FERRETIA,2025-06-30,111439,1,4,0,142.0
10109154FERRETIA_2025-06-30_G17,10109154FERRETIA,2025-06-30,117862,1,11,0,339.0
10109154FERRETIA_2025-06-30_G18,10109154FERRETIA,2025-06-30,118298,1,20,0,202.0
10109154FERRETIA_2025-06-30_G19,10109154FERRETIA,2025-06-30,110581,1,8,0,82.0
10109154FERRETIA_2025-06-30_G20,10109154FERRETIA,2025-06-30,117837,1,2,0,94.0
10109154FERRETIA_2025-06-30_G21,10109154FERRETIA,2025-06-30,110733,1,24,0,160.0
10109154FERRETIA_2025-06-30_G22,10109154FERRETIA,2025-06-30,118298,1,26,0,151.0
10109154FERRETIA_2025-06-30_G23,10109154FERRETIA,2025-06-30,111775,1,1,0,192.0
10109154FERRETIA_2025-06-30_G24,10109154FERRETIA,2025-06-30,110833,1,2,0,215.0
10109154FERRETIA_2025-06-30_G25,10109154FERRETIA,2025-06-30,110454,1,4,0,654.0
10109154FERRETIA_2025-06-30_G26,10109154FERRETIA,2025-06-30,111569,1,8,0,243.0
10109154FERRETIA_2025-06-30_G27,10109154FERRETIA,2025-06-30,110579,1,2,0,85.0
10109154FERRETIA_2025-06-30_G28,10109154FERRETIA,2025-06-30,107892,1,4,0,167.0
10109154FERRETIA_2025-06-30_G29,10109154FERRETIA,2025-06-30,111660,1,1,0,45.0
10109154FERRETIA_2025-06-30_G30,10109154FERRETIA,2025-06-30,118222,1,55,0,1344.0
10109154FERRETIA_2025-06-30_G31,10109154FERRETIA,2025-06-30,110841,1,20,0,192.0
10109154FERRETIA_2025-06-30_G32,10109154FERRETIA,2025-06-30,117808,1,30,0,3188.0
10109154FERRETIA_2025-06-30_G33,10109154FERRETIA,2025-06-30,117808,1,17,0,237.0
10109154FERRETIA_2025-06-30_G34,10109154FERRETIA,2025-06-30,111442,1,4,0,391.0
10109154FERRETIA_2025-06-30_G35,10109154FERRETIA,2025-06-30,160057,1,4,0,221.0
10109154FERRETIA_2025-06-30_G36,10109154FERRETIA,2025-06-30,160051,1,4,0,202.0
10109154FERRETIA_2025-06-30_G37,10109154FERRETIA,2025-06-30,110711,1,3,0,351.0
10109154FERRETIA_2025-06-30_G39,10109154FERRETIA,2025-06-30,111602,1,4,0,1186.0
10109154FERRETIA_2025-06-30_G40,10109154FERRETIA,2025-06-30,110515,1,12,0,655.0
10109154FERRETIA_2025-06-30_G41,10109154FERRETIA,2025-06-30,111466,1,3,0,197.0
10109154FERRETIA_2025-06-30_G42,10109154FERRETIA,2025-06-30,110372,1,28,0,314.0
10109154FERRETIA_2025-06-30_G43,10109154FERRETIA,2025-06-30,110313,1,4,0,688.0
10109154FERRETIA_2025-06-30_G44,10109154FERRETIA,2025-06-30,111569,1,6,0,435.0
10109154FERRETIA_2025-06-30_G45,10109154FERRETIA,2025-06-30,118094,1,1,0,207.0
10109154FERRETIA_2025-06-30_G46,10109154FERRETIA,2025-06-30,140922,1,5,0,224.0
10109154FERRETIA_2025-06-30_G47,10109154FERRETIA,2025-06-30,111466,1,7,0,135.0
10109154FERRETIA_2025-06-30_G48,10109154FERRETIA,2025-06-30,111462,1,2,0,102.0
10109154FERRETIA_2025-06-30_G49,10109154FERRETIA,2025-06-30,118140,1,21,0,257.0
10109154FERRETIA_2025-06-30_G50,10109154FERRETIA,2025-06-30,110325,1,1,0,1284.0
10109154FERRETIA_2025-06-30_G51,10109154FERRETIA,2025-06-30,118299,1,5,0,185.0
10109154FERRETIA_2025-06-30_G52,10109154FERRETIA,2025-06-30,117832,1,3,0,131.0
10109154FERRETIA_2025-06-30_G53,10109154FERRETIA,2025-06-30,117820,1,3,0,113.0
10109154FERRETIA_2025-06-30_G54,10109154FERRETIA,2025-06-30,110895,1,2,0,131.0
10109154FERRETIA_2025-06-30_G55,10109154FERRETIA,2025-06-30,111441,1,4,0,157.0
10109154FERRETIA_2025-06-30_G56,10109154FERRETIA,2025-06-30,111569,1,2,0,128.0
10109154FERRETIA_2025-06-30_G57,10109154FERRETIA,2025-06-30,110515,1,2,0,186.0
10109154FERRETIA_2025-06-30_G58,10109154FERRETIA,2025-06-30,111467,1,1,0,97.0
10109154FERRETIA_2025-06-30_G59,10109154FERRETIA,2025-06-30,111463,1,4,0,254.0
10109154FERRETIA_2025-07-31_G02,10109154FERRETIA,2025-07-31,109974,1,1,0,257.0
10109154FERRETIA_2025-07-31_G03,10109154FERRETIA,2025-07-31,110711,1,6,0,356.0
10109154FERRETIA_2025-07-31_G04,10109154FERRETIA,2025-07-31,109640,2,15,11,82.0
10109154FERRETIA_2025-07-31_G05,10109154FERRETIA,2025-07-31,117935,1,3,0,169.0
10109154FERRETIA_2025-07-31_G06,10109154FERRETIA,2025-07-31,110733,1,4,0,165.0
10109154FERRETIA_2025-07-31_G07,10109154FERRETIA,2025-07-31,110733,1,10,0,91.0
10109154FERRETIA_2025-07-31_G08,10109154FERRETIA,2025-07-31,160055,1,2,0,151.0
10109154FERRETIA_2025-07-31_G09,10109154FERRETIA,2025-07-31,110787,1,19,0,193.0
10109154FERRETIA_2025-07-31_G10,10109154FERRETIA,2025-07-31,141456,1,22,0,458.0
10109154FERRETIA_2025-07-31_G11,10109154FERRETIA,2025-07-31,141458,1,22,0,332.0
10109154FERRETIA_2025-07-31_G12,10109154FERRETIA,2025-07-31,141457,1,22,0,179.0
10109154FERRETIA_2025-07-31_G13,10109154FERRETIA,2025-07-31,160054,1,7,0,220.0
10109154FERRETIA_2025-07-31_G14,10109154FERRETIA,2025-07-31,160051,1,2,0,146.0
10109154FERRETIA_2025-07-31_G15,10109154FERRETIA,2025-07-31,110895,2,11,19,2656.0
10109154FERRETIA_2025-07-31_G16,10109154FERRETIA,2025-07-31,111463,2,73,15,884.0
10109154FERRETIA_2025-07-31_G17,10109154FERRETIA,2025-07-31,111757,1,10,0,514.0
10109154FERRETIA_2025-07-31_G18,10109154FERRETIA,2025-07-31,111723,1,11,0,335.0
10109154FERRETIA_2025-07-31_G19,10109154FERRETIA,2025-07-31,141456,1,8,0,191.0
10109154FERRETIA_2025-07-31_G20,10109154FERRETIA,2025-07-31,141458,1,8,0,139.0
10109154FERRETIA_2025-07-31_G21,10109154FERRETIA,2025-07-31,141457,1,8,0,118.0
10109154FERRETIA_2025-07-31_G22,10109154FERRETIA,2025-07-31,110711,1,5,0,281.0
10109154FERRETIA_2025-07-31_G23,10109154FERRETIA,2025-07-31,111754,1,17,0,296.0
10109154FERRETIA_2025-07-31_G24,10109154FERRETIA,2025-07-31,111760,1,1,0,196.0
10109154FERRETIA_2025-07-31_G25,10109154FERRETIA,2025-07-31,111761,1,6,0,130.0
10109154FERRETIA_2025-07-31_G26,10109154FERRETIA,2025-07-31,111754,1,6,0,1138.0
10109154FERRETIA_2025-07-31_G27,10109154FERRETIA,2025-07-31,110325,1,4,0,996.0
10109154FERRETIA_2025-07-31_G28,10109154FERRETIA,2025-07-31,118299,1,10,0,120.0
10109154FERRETIA_2025-07-31_G29,10109154FERRETIA,2025-07-31,107830,1,8,0,121.0
10109154FERRETIA_2025-07-31_G30,10109154FERRETIA,2025-07-31,110371,1,10,0,280.0
10109154FERRETIA_2025-07-31_G31,10109154FERRETIA,2025-07-31,110374,1,30,0,693.0
10109154FERRETIA_2025-07-31_G32,10109154FERRETIA,2025-07-31,117820,1,10,0,124.0
10109154FERRETIA_2025-07-31_G33,10109154FERRETIA,2025-07-31,109643,1,20,0,1314.0
10109154FERRETIA_2025-07-31_G34,10109154FERRETIA,2025-07-31,141202,1,5,0,128.0
10109154FERRETIA_2025-07-31_G35,10109154FERRETIA,2025-07-31,117837,1,8,0,383.0
10109154FERRETIA_2025-07-31_G36,10109154FERRETIA,2025-07-31,117861,1,24,0,255.0
10109154FERRETIA_2025-07-31_G37,10109154FERRETIA,2025-07-31,117853,1,14,0,128.0
10109154FERRETIA_2025-07-31_G38,10109154FERRETIA,2025-07-31,110711,2,80,12,245.0
10109154FERRETIA_2025-07-31_G39,10109154FERRETIA,2025-07-31,111602,1,100,0,924.0
10109154FERRETIA_2025-07-31_G40,10109154FERRETIA,2025-07-31,110733,1,6,0,253.0
10109154FERRETIA_2025-07-31_G41,10109154FERRETIA,2025-07-31,141066,1,25,0,330.0
10109154FERRETIA_2025-07-31_G42,10109154FERRETIA,2025-07-31,110339,1,48,0,301.0
10109154FERRETIA_2025-07-31_G43,10109154FERRETIA,2025-07-31,117786,2,38,9,377.0
10109154FERRETIA_2025-07-31_G44,10109154FERRETIA,2025-07-31,111530,1,30,0,408.0
10109154FERRETIA_2025-07-31_G45,10109154FERRETIA,2025-07-31,111530,1,3,0,40.0
10109154FERRETIA_2025-07-31_G46,10109154FERRETIA,2025-07-31,109647,1,9,0,189.0
10109154FERRETIA_2025-07-31_G47,10109154FERRETIA,2025-07-31,111467,1,34,0,193.0
10109154FERRETIA_2025-07-31_G48,10109154FERRETIA,2025-07-31,110515,1,70,0,557.0
10109154FERRETIA_2025-07-31_G49,10109154FERRETIA,2025-07-31,117856,1,40,0,497.0
10109154FERRETIA_2025-07-31_G50,10109154FERRETIA,2025-07-31,111793,1,4,0,772.0
10109154FERRETIA_2025-07-31_G51,10109154FERRETIA,2025-07-31,107892,1,4,0,122.0
10109154FERRETIA_2025-07-31_G52,10109154FERRETIA,2025-07-31,118222,1,32,0,693.0
10109154FERRETIA_2025-07-31_G54,10109154FERRETIA,2025-07-31,110373,2,20,14,243.0
10109154FERRETIA_2025-07-31_G55,10109154FERRETIA,2025-07-31,110374,1,4,0,172.0
10109154FERRETIA_2025-07-31_G56,10109154FERRETIA,2025-07-31,117808,2,30,10,252.0
10109154FERRETIA_2025-07-31_G57,10109154FERRETIA,2025-07-31,117820,1,8,0,145.0
10109154FERRETIA_2025-08-25_G02,10109154FERRETIA,2025-08-25,111602,1,1,0,111.0
10109154FERRETIA_2025-08-25_G03,10109154FERRETIA,2025-08-25,109640,1,2,0,36.0
10109154FERRETIA_2025-08-25_G04,10109154FERRETIA,2025-08-25,111469,1,3,0,119.0
10109154FERRETIA_2025-08-25_G05,10109154FERRETIA,2025-08-25,111469,1,9,0,45.0
10109154FERRETIA_2025-08-25_G06,10109154FERRETIA,2025-08-25,111418,1,9,0,118.0
10109154FERRETIA_2025-08-25_G07,10109154FERRETIA,2025-08-25,118140,1,4,0,61.0
10109154FERRETIA_2025-08-25_G08,10109154FERRETIA,2025-08-25,111462,1,3,0,104.0
10109154FERRETIA_2025-08-25_G09,10109154FERRETIA,2025-08-25,110374,1,6,0,158.0
10109154FERRETIA_2025-08-25_G10,10109154FERRETIA,2025-08-25,117808,1,3,0,66.0
10109154FERRETIA_2025-08-25_G11,10109154FERRETIA,2025-08-25,110372,1,16,0,144.0
10109154FERRETIA_2025-08-25_G12,10109154FERRETIA,2025-08-25,118299,1,8,0,74.0
10109154FERRETIA_2025-08-25_G13,10109154FERRETIA,2025-08-25,111530,1,4,0,1544.0
10109154FERRETIA_2025-08-25_G14,10109154FERRETIA,2025-08-25,111430,1,4,0,455.0
10109154FERRETIA_2025-08-25_G15,10109154FERRETIA,2025-08-25,111530,1,6,0,175.0
10109154FERRETIA_2025-08-25_G16,10109154FERRETIA,2025-08-25,109640,1,4,0,87.0
10109154FERRETIA_2025-08-25_G17,10109154FERRETIA,2025-08-25,111469,1,4,0,113.0
10109154FERRETIA_2025-08-25_G18,10109154FERRETIA,2025-08-25,117785,1,5,0,665.0
10109154FERRETIA_2025-08-25_G19,10109154FERRETIA,2025-08-25,111418,1,6,0,105.0
10109154FERRETIA_2025-08-25_G20,10109154FERRETIA,2025-08-25,111462,1,2,0,123.0
10109154FERRETIA_2025-08-25_G21,10109154FERRETIA,2025-08-25,111462,2,6,7,35.0
10109154FERRETIA_2025-08-25_G22,10109154FERRETIA,2025-08-25,110374,1,5,0,150.0
10109154FERRETIA_2025-08-25_G23,10109154FERRETIA,2025-08-25,110373,1,12,0,151.0
10109154FERRETIA_2025-08-25_G24,10109154FERRETIA,2025-08-25,110371,1,3,0,69.0
10109154FERRETIA_2025-08-25_G25,10109154FERRETIA,2025-08-25,111441,1,6,0,763.0
10109154FERRETIA_2025-08-25_G26,10109154FERRETIA,2025-08-25,111602,1,2,0,199.0
10109154FERRETIA_2025-08-25_G27,10109154FERRETIA,2025-08-25,109640,1,6,0,93.0
10109154FERRETIA_2025-08-25_G28,10109154FERRETIA,2025-08-25,111348,1,4,0,131.0
10109154FERRETIA_2025-08-25_G29,10109154FERRETIA,2025-08-25,118223,1,2,0,104.0
10109154FERRETIA_2025-08-25_G30,10109154FERRETIA,2025-08-25,110373,1,8,0,95.0
10109154FERRETIA_2025-08-25_G31,10109154FERRETIA,2025-08-25,117832,1,4,0,152.0
10109154FERRETIA_2025-08-25_G32,10109154FERRETIA,2025-08-25,111430,1,4,0,452.0
10109154FERRETIA_2025-08-25_G33,10109154FERRETIA,2025-08-25,111530,1,4,0,117.0
10109154FERRETIA_2025-08-25_G34,10109154FERRETIA,2025-08-25,109640,1,2,0,234.0
10109154FERRETIA_2025-08-25_G35,10109154FERRETIA,2025-08-25,111469,1,8,0,135.0
10109154FERRETIA_2025-08-25_G36,10109154FERRETIA,2025-08-25,118140,1,6,0,171.0
10109154FERRETIA_2025-08-25_G37,10109154FERRETIA,2025-08-25,108794,1,4,0,107.0
10109154FERRETIA_2025-08-25_G38,10109154FERRETIA,2025-08-25,110374,1,7,0,171.0
10109154FERRETIA_2025-08-25_G39,10109154FERRETIA,2025-08-25,117808,1,16,0,118.0
10109154FERRETIA_2025-08-25_G40,10109154FERRETIA,2025-08-25,110373,1,13,0,148.0
10109154FERRETIA_2025-08-25_G41,10109154FERRETIA,2025-08-25,110371,1,4,0,69.0
10109154FERRETIA_2025-08-25_G42,10109154FERRETIA,2025-08-25,108770,1,2,0,399.0
10109154FERRETIA_2025-08-25_G43,10109154FERRETIA,2025-08-25,118290,1,1,0,269.0
10109154FERRETIA_2025-08-25_G44,10109154FERRETIA,2025-08-25,111530,1,39,0,782.0
10109154FERRETIA_2025-08-25_G45,10109154FERRETIA,2025-08-25,108772,1,2,0,450.0
10109154FERRETIA_2025-08-25_G46,10109154FERRETIA,2025-08-25,111469,1,22,0,193.0
10109154FERRETIA_2025-08-25_G47,10109154FERRETIA,2025-08-25,111462,1,30,0,1097.0
10109154FERRETIA_2025-08-25_G48,10109154FERRETIA,2025-08-25,111430,1,2,0,149.0
10109154FERRETIA_2025-08-25_G49,10109154FERRETIA,2025-08-25,109640,1,4,0,162.0
10109154FERRETIA_2025-08-25_G50,10109154FERRETIA,2025-08-25,111469,1,23,0,231.0
10109154FERRETIA_2025-08-25_G51,10109154FERRETIA,2025-08-25,111418,1,6,0,101.0
10109154FERRETIA_2025-08-25_G52,10109154FERRETIA,2025-08-25,110373,1,3,0,132.0
10109154FERRETIA_2025-08-25_G53,10109154FERRETIA,2025-08-25,110372,1,7,0,465.0
10109154FERRETIA_2025-08-25_G54,10109154FERRETIA,2025-08-25,141066,1,2,0,100.0
10109154FERRETIA_2025-08-30_G02,10109154FERRETIA,2025-08-30,122189,1,3,0,601.0
10109154FERRETIA_2025-08-30_G03,10109154FERRETIA,2025-08-30,122983,1,4,0,202.0
10109154FERRETIA_2025-08-30_G04,10109154FERRETIA,2025-08-30,122962,1,11,0,279.0
10109154FERRETIA_2025-08-30_G06,10109154FERRETIA,2025-08-30,123344,1,50,0,1141.0
10109154FERRETIA_2025-08-30_G07,10109154FERRETIA,2025-08-30,123343,1,10,0,255.0
10109154FERRETIA_2025-08-30_G08,10109154FERRETIA,2025-08-30,124475,1,2,0,1351.0
10109154FERRETIA_2025-08-30_G09,10109154FERRETIA,2025-08-30,120389,1,40,0,1169.0
10109154FERRETIA_2025-08-30_G10,10109154FERRETIA,2025-08-30,122962,1,8,0,269.0
10109154FERRETIA_2025-08-30_G11,10109154FERRETIA,2025-08-30,120028,1,14,0,370.0
10109154FERRETIA_2025-08-30_G12,10109154FERRETIA,2025-08-30,124486,1,4,0,214.0
10109154FERRETIA_2025-08-30_G13,10109154FERRETIA,2025-08-30,122981,1,3,0,159.0
10109154FERRETIA_2025-08-30_G14,10109154FERRETIA,2025-08-30,122983,1,3,0,108.0
10109154FERRETIA_2025-08-30_G15,10109154FERRETIA,2025-08-30,124371,1,4,0,615.0
10109154FERRETIA_2025-08-30_G16,10109154FERRETIA,2025-08-30,124370,1,8,0,297.0
10109154FERRETIA_2025-08-30_G17,10109154FERRETIA,2025-08-30,121651,1,2,0,152.0
10109154FERRETIA_2025-08-30_G18,10109154FERRETIA,2025-08-30,122984,1,3,0,185.0
10109154FERRETIA_2025-08-30_G20,10109154FERRETIA,2025-08-30,123344,1,8,0,158.0
10109154FERRETIA_2025-08-30_G21,10109154FERRETIA,2025-08-30,124247,1,4,0,98.0
10109154FERRETIA_2025-08-30_G22,10109154FERRETIA,2025-08-30,123492,1,10,0,280.0
10109154FERRETIA_2025-08-30_G23,10109154FERRETIA,2025-08-30,121760,1,12,0,446.0
10109154FERRETIA_2025-08-30_G24,10109154FERRETIA,2025-08-30,124247,1,20,0,648.0
10109154FERRETIA_2025-08-30_G25,10109154FERRETIA,2025-08-30,123562,1,4,0,459.0
10109154FERRETIA_2025-08-30_G26,10109154FERRETIA,2025-08-30,122703,1,12,0,494.0
10109154FERRETIA_2025-08-30_G27,10109154FERRETIA,2025-08-30,"141140, 111754",3,14,26,631.0
10109154FERRETIA_2025-08-30_G28,10109154FERRETIA,2025-08-30,118283,1,26,0,204.0
10109154FERRETIA_2025-08-30_G29,10109154FERRETIA,2025-08-30,118191,1,20,0,311.0
10109154FERRETIA_2025-08-30_G30,10109154FERRETIA,2025-08-30,110578,2,8,5,156.0
10109154FERRETIA_2025-08-30_G31,10109154FERRETIA,2025-08-30,101011,1,2,0,42.0
10109154FERRETIA_2025-08-30_G32,10109154FERRETIA,2025-08-30,123345,1,2,0,626.0
10109154FERRETIA_2025-08-30_G33,10109154FERRETIA,2025-08-30,123909,1,2,0,367.0
10109154FERRETIA_2025-08-30_G34,10109154FERRETIA,2025-08-30,124486,1,10,0,302.0
10109154FERRETIA_2025-08-30_G35,10109154FERRETIA,2025-08-30,122962,1,8,0,637.0
10109154FERRETIA_2025-08-30_G36,10109154FERRETIA,2025-08-30,124370,1,6,0,223.0
10109154FERRETIA_2025-09-10_G02,10109154FERRETIA,2025-09-10,141823,1,2,0,119.0
10109154FERRETIA_2025-09-10_G03,10109154FERRETIA,2025-09-10,111418,1,2,0,69.0
10109154FERRETIA_2025-09-10_G04,10109154FERRETIA,2025-09-10,111466,1,2,0,33.0
10109154FERRETIA_2025-09-10_G05,10109154FERRETIA,2025-09-10,111465,1,2,0,121.0
10109154FERRETIA_2025-09-10_G06,10109154FERRETIA,2025-09-10,110372,1,2,0,121.0
10109154FERRETIA_2025-09-10_G07,10109154FERRETIA,2025-09-10,118299,1,2,0,65.0
10109154FERRETIA_2025-09-10_G08,10109154FERRETIA,2025-09-10,111172,1,1,0,145.0
10109154FERRETIA_2025-09-10_G09,10109154FERRETIA,2025-09-10,110373,1,8,0,187.0
10109154FERRETIA_2025-09-10_G10,10109154FERRETIA,2025-09-10,100334,1,2,0,287.0
10109154FERRETIA_2025-09-10_G11,10109154FERRETIA,2025-09-10,111569,1,4,0,137.0
10109154FERRETIA_2025-09-10_G12,10109154FERRETIA,2025-09-10,111467,1,2,0,470.0
10109154FERRETIA_2025-09-10_G13,10109154FERRETIA,2025-09-10,111463,1,2,0,125.0
10109154FERRETIA_2025-09-10_G14,10109154FERRETIA,2025-09-10,111532,1,4,0,126.0
10109154FERRETIA_2025-09-10_G15,10109154FERRETIA,2025-09-10,109645,1,2,0,133.0
10109154FERRETIA_2025-09-10_G16,10109154FERRETIA,2025-09-10,141457,1,2,0,47.0
10109154FERRETIA_2025-09-10_G17,10109154FERRETIA,2025-09-10,111418,1,8,0,67.0
10109154FERRETIA_2025-09-10_G18,10109154FERRETIA,2025-09-10,111462,1,4,0,123.0
10109154FERRETIA_2025-09-10_G19,10109154FERRETIA,2025-09-10,117820,1,4,0,131.0
10109154FERRETIA_2025-09-10_G20,10109154FERRETIA,2025-09-10,110371,1,8,0,143.0
10109154FERRETIA_2025-09-10_G21,10109154FERRETIA,2025-09-10,117808,1,9,0,151.0
10109154FERRETIA_2025-09-10_G22,10109154FERRETIA,2025-09-10,111850,1,2,0,1623.0
10109154FERRETIA_2025-09-10_G23,10109154FERRETIA,2025-09-10,111438,1,4,0,123.0
10109154FERRETIA_2025-09-10_G24,10109154FERRETIA,2025-09-10,117855,1,2,0,173.0
10109154FERRETIA_2025-09-10_G25,10109154FERRETIA,2025-09-10,111743,1,1,0,122.0
10109154FERRETIA_2025-09-10_G26,10109154FERRETIA,2025-09-10,105705,1,2,0,138.0
10109154FERRETIA_2025-09-10_G27,10109154FERRETIA,2025-09-10,111469,1,4,0,98.0
10109154FERRETIA_2025-09-10_G28,10109154FERRETIA,2025-09-10,117785,1,2,0,143.0
10109154FERRETIA_2025-09-10_G29,10109154FERRETIA,2025-09-10,111444,1,2,0,165.0
10109154FERRETIA_2025-09-10_G30,10109154FERRETIA,2025-09-10,160054,1,2,0,152.0
10109154FERRETIA_2025-09-10_G31,10109154FERRETIA,2025-09-10,117830,1,4,0,190.0
10109154FERRETIA_2025-09-10_G32,10109154FERRETIA,2025-09-10,111850,1,10,0,1199.0
10109154FERRETIA_2025-09-10_G33,10109154FERRETIA,2025-09-10,108770,1,2,0,134.0
10109154FERRETIA_2025-09-10_G34,10109154FERRETIA,2025-09-10,141066,1,2,0,149.0
10109154FERRETIA_2025-09-10_G35,10109154FERRETIA,2025-09-10,140923,1,2,0,110.0
10109154FERRETIA_2025-09-10_G36,10109154FERRETIA,2025-09-10,111467,1,2,0,147.0
10109154FERRETIA_2025-09-10_G37,10109154FERRETIA,2025-09-10,110313,1,2,0,1049.0
10109154FERRETIA_2025-09-10_G38,10109154FERRETIA,2025-09-10,118094,1,1,0,93.0
10109154FERRETIA_2025-09-10_G39,10109154FERRETIA,2025-09-10,111418,1,2,0,140.0
10109154FERRETIA_2025-09-10_G40,10109154FERRETIA,2025-09-10,117833,1,2,0,104.0
10109154FERRETIA_2025-09-10_G41,10109154FERRETIA,2025-09-10,110740,1,2,0,108.0
10109154FERRETIA_2025-09-10_G42,10109154FERRETIA,2025-09-10,141458,1,4,0,70.0
10109154FERRETIA_2025-09-10_G43,10109154FERRETIA,2025-09-10,111465,1,2,0,59.0
10109154FERRETIA_2025-09-10_G44,10109154FERRETIA,2025-09-10,107830,1,3,0,100.0
10109154FERRETIA_2025-09-10_G45,10109154FERRETIA,2025-09-10,118299,1,10,0,161.0
10109154FERRETIA_2025-09-10_G46,10109154FERRETIA,2025-09-10,109640,1,4,0,370.0
10109154FERRETIA_2025-09-10_G47,10109154FERRETIA,2025-09-10,160055,1,1,0,89.0
10109154FERRETIA_2025-09-10_G48,10109154FERRETIA,2025-09-10,111348,1,2,0,168.0
10109154FERRETIA_2025-09-10_G49,10109154FERRETIA,2025-09-10,118306,1,2,0,208.0
10109154FERRETIA_2025-09-10_G50,10109154FERRETIA,2025-09-10,118222,1,2,0,286.0
10109154FERRETIA_2025-09-10_G51,10109154FERRETIA,2025-09-10,110751,1,2,0,188.0
10109154FERRETIA_2025-09-10_G52,10109154FERRETIA,2025-09-10,117787,1,1,0,110.0
10109154FERRETIA_2025-09-10_G53,10109154FERRETIA,2025-09-10,111468,1,2,0,168.0
10109154FERRETIA_2025-09-10_G54,10109154FERRETIA,2025-09-10,141458,1,2,0,94.0
10109154FERRETIA_2025-09-10_G55,10109154FERRETIA,2025-09-10,110372,1,3,0,146.0
10109154FERRETIA_2025-09-10_G56,10109154FERRETIA,2025-09-10,117832,1,2,0,47.0
10109154FERRETIA_2025-09-10_G57,10109154FERRETIA,2025-09-10,117808,1,2,0,78.0
10109154FERRETIA_2025-09-10_G58,10109154FERRETIA,2025-09-10,"118299, 117830",2,12,23,133.0
10109154FERRETIA_2025-09-10_G59,10109154FERRETIA,2025-09-10,109641,1,8,0,1076.0
10109154FERRETIA_2025-09-10_G60,10109154FERRETIA,2025-09-10,118140,1,4,0,90.0
10109154FERRETIA_2025-09-10_G61,10109154FERRETIA,2025-09-10,117785,1,12,0,206.0
10109154FERRETIA_2025-09-10_G62,10109154FERRETIA,2025-09-10,117831,1,12,0,113.0
10109154FERRETIA_2025-09-10_G63,10109154FERRETIA,2025-09-10,117808,1,12,0,155.0
10109154FERRETIA_2025-09-10_G64,10109154FERRETIA,2025-09-10,117809,1,8,0,166.0
10109154FERRETIA_2025-09-10_G65,10109154FERRETIA,2025-09-10,117834,1,2,0,346.0
10109154FERRETIA_2025-09-10_G66,10109154FERRETIA,2025-09-10,108770,1,4,0,170.0
10109154FERRETIA_2025-09-10_G67,10109154FERRETIA,2025-09-10,111850,1,4,0,144.0
10109154FERRETIA_2025-09-10_G68,10109154FERRETIA,2025-09-10,117786,1,1,0,104.0
10109154FERRETIA_2025-09-10_G69,10109154FERRETIA,2025-09-10,107629,1,2,0,148.0
10109154FERRETIA_2025-09-10_G70,10109154FERRETIA,2025-09-10,140923,1,1,0,74.0
10109154FERRETIA_2025-09-10_G71,10109154FERRETIA,2025-09-10,141047,1,4,0,140.0
10109154FERRETIA_2025-09-10_G72,10109154FERRETIA,2025-09-10,117821,1,2,0,705.0
10109154FERRETIA_2025-09-10_G73,10109154FERRETIA,2025-09-10,105705,1,1,0,118.0
10109154FERRETIA_2025-09-10_G74,10109154FERRETIA,2025-09-10,111418,1,3,0,108.0
10109154FERRETIA_2025-09-10_G75,10109154FERRETIA,2025-09-10,118223,1,2,0,64.0
10109154FERRETIA_2025-09-10_G76,10109154FERRETIA,2025-09-10,110372,1,8,0,116.0
10109154FERRETIA_2025-09-10_G77,10109154FERRETIA,2025-09-10,110371,1,2,0,40.0
10109154FERRETIA_2025-09-10_G78,10109154FERRETIA,2025-09-10,117808,1,1,0,109.0
10109154FERRETIA_2025-09-10_G79,10109154FERRETIA,2025-09-10,117834,1,4,0,522.0
10109154FERRETIA_2025-09-10_G80,10109154FERRETIA,2025-09-10,111602,1,2,0,192.0
10109154FERRETIA_2025-09-10_G81,10109154FERRETIA,2025-09-10,110373,1,5,0,98.0
10109154FERRETIA_2025-09-10_G82,10109154FERRETIA,2025-09-10,"118299, 117830",2,7,27,76.0
10109154FERRETIA_2025-09-10_G83,10109154FERRETIA,2025-09-10,108798,1,8,0,243.0
10109154FERRETIA_2025-09-10_G84,10109154FERRETIA,2025-09-10,108770,1,2,0,134.0
10109154FERRETIA_2025-09-10_G85,10109154FERRETIA,2025-09-10,111850,1,6,0,108.0
10109154FERRETIA_2025-09-10_G86,10109154FERRETIA,2025-09-10,117855,1,12,0,228.0
10109154FERRETIA_2025-09-20_G02,10109154FERRETIA,2025-09-20,110080,1,2,0,429.0
10109154FERRETIA_2025-09-20_G03,10109154FERRETIA,2025-09-20,110749,1,4,0,177.0
10109154FERRETIA_2025-09-20_G04,10109154FERRETIA,2025-09-20,118418,1,5,0,108.0
10109154FERRETIA_2025-09-20_G05,10109154FERRETIA,2025-09-20,111440,1,4,0,67.0
10109154FERRETIA_2025-09-20_G06,10109154FERRETIA,2025-09-20,117789,1,1,0,345.0
10109154FERRETIA_2025-09-20_G07,10109154FERRETIA,2025-09-20,118416,1,2,0,190.0
10109154FERRETIA_2025-09-20_G08,10109154FERRETIA,2025-09-20,141047,1,12,0,247.0
10109154FERRETIA_2025-09-20_G09,10109154FERRETIA,2025-09-20,105242,1,2,0,117.0
10109154FERRETIA_2025-09-20_G10,10109154FERRETIA,2025-09-20,141066,1,26,0,371.0
10109154FERRETIA_2025-09-20_G11,10109154FERRETIA,2025-09-20,111569,1,20,0,1311.0
10109154FERRETIA_2025-09-20_G12,10109154FERRETIA,2025-09-20,118298,1,20,0,178.0
10109154FERRETIA_2025-09-20_G13,10109154FERRETIA,2025-09-20,118094,1,20,0,264.0
10109154FERRETIA_2025-09-20_G14,10109154FERRETIA,2025-09-20,117862,1,40,0,941.0
10109154FERRETIA_2025-09-20_G15,10109154FERRETIA,2025-09-20,110373,1,100,0,1401.0
10109154FERRETIA_2025-09-20_G16,10109154FERRETIA,2025-09-20,110372,1,500,0,445.0
10109154FERRETIA_2025-09-20_G17,10109154FERRETIA,2025-09-20,117840,1,6,0,135.0
10109154FERRETIA_2025-09-20_G18,10109154FERRETIA,2025-09-20,110375,1,40,0,677.0
10109154FERRETIA_2025-09-20_G19,10109154FERRETIA,2025-09-20,111469,1,30,0,903.0
10109154FERRETIA_2025-09-20_G20,10109154FERRETIA,2025-09-20,115209,1,8,0,219.0
10109154FERRETIA_2025-09-20_G21,10109154FERRETIA,2025-09-20,140923,1,6,0,1289.0
10109154FERRETIA_2025-09-20_G22,10109154FERRETIA,2025-09-20,140923,1,22,0,155.0
10109154FERRETIA_2025-09-20_G23,10109154FERRETIA,2025-09-20,118140,1,6,0,207.0
10109154FERRETIA_2025-09-20_G24,10109154FERRETIA,2025-09-20,111530,1,6,0,172.0
10109154FERRETIA_2025-09-20_G25,10109154FERRETIA,2025-09-20,140923,1,10,0,89.0
10109154FERRETIA_2025-09-20_G26,10109154FERRETIA,2025-09-20,111602,1,2,0,107.0
10109154FERRETIA_2025-09-20_G27,10109154FERRETIA,2025-09-20,110747,1,7,0,459.0
10109154FERRETIA_2025-09-20_G28,10109154FERRETIA,2025-09-20,111530,1,20,0,284.0
10109154FERRETIA_2025-09-20_G29,10109154FERRETIA,2025-09-20,140923,1,7,0,112.0
10109154FERRETIA_2025-09-20_G30,10109154FERRETIA,2025-09-20,108759,1,4,0,261.0
10109154FERRETIA_2025-09-20_G31,10109154FERRETIA,2025-09-20,118299,1,6,0,500.0
10109154FERRETIA_2025-09-20_G32,10109154FERRETIA,2025-09-20,111441,1,10,0,454.0
10109154FERRETIA_2025-09-20_G33,10109154FERRETIA,2025-09-20,118251,1,8,0,284.0
10109154FERRETIA_2025-09-20_G34,10109154FERRETIA,2025-09-20,140923,1,26,0,653.0
10109154FERRETIA_2025-10-30_G02,10109154FERRETIA,2025-10-30,111469,1,40,0,290.0
10109154FERRETIA_2025-10-30_G03,10109154FERRETIA,2025-10-30,110372,1,200,0,611.0
10109154FERRETIA_2025-10-30_G04,10109154FERRETIA,2025-10-30,109649,1,3,0,232.0
10109154FERRETIA_2025-10-30_G05,10109154FERRETIA,2025-10-30,111462,1,20,0,358.0
10109154FERRETIA_2025-10-30_G06,10109154FERRETIA,2025-10-30,110372,1,40,0,240.0
10109154FERRETIA_2025-10-30_G07,10109154FERRETIA,2025-10-30,117785,1,6,0,182.0
10109154FERRETIA_2025-10-30_G08,10109154FERRETIA,2025-10-30,118299,1,218,0,562.0
10109154FERRETIA_2025-10-30_G09,10109154FERRETIA,2025-10-30,117808,1,411,0,1197.0
10109154FERRETIA_2025-10-30_G10,10109154FERRETIA,2025-10-30,111469,1,40,0,1044.0
10109154FERRETIA_2025-10-30_G11,10109154FERRETIA,2025-10-30,109649,1,15,0,138.0
10109154FERRETIA_2025-10-30_G12,10109154FERRETIA,2025-10-30,109640,1,1,0,137.0
10109154FERRETIA_2025-10-30_G13,10109154FERRETIA,2025-10-30,111418,2,178,6,225.0
10109154FERRETIA_2025-10-30_G14,10109154FERRETIA,2025-10-30,111462,1,40,0,1392.0
10109154FERRETIA_2025-10-30_G15,10109154FERRETIA,2025-10-30,117830,2,27,9,241.0
10109154FERRETIA_2025-10-30_G16,10109154FERRETIA,2025-10-30,110372,1,35,0,540.0
10109154FERRETIA_2025-10-30_G17,10109154FERRETIA,2025-10-30,117830,3,80,24,3184.0
10109154FERRETIA_2025-10-30_G18,10109154FERRETIA,2025-10-30,111330,1,6,0,323.0
10109154FERRETIA_2025-10-30_G19,10109154FERRETIA,2025-10-30,111462,1,3,0,86.0
10109154FERRETIA_2025-10-30_G20,10109154FERRETIA,2025-10-30,111469,2,72,5,239.0
10109154FERRETIA_2025-10-30_G21,10109154FERRETIA,2025-10-30,111602,1,19,0,412.0
10109154FERRETIA_2025-10-30_G22,10109154FERRETIA,2025-10-30,117830,1,2,0,181.0
10109154FERRETIA_2025-10-30_G23,10109154FERRETIA,2025-10-30,111172,1,4,0,139.0
10109154FERRETIA_2025-10-30_G24,10109154FERRETIA,2025-10-30,111469,1,4,0,153.0
10109154FERRETIA_2025-10-30_G25,10109154FERRETIA,2025-10-30,111462,1,16,0,214.0
10109154FERRETIA_2025-10-30_G26,10109154FERRETIA,2025-10-30,140911,1,2,0,1861.0
10109154FERRETIA_2025-10-30_G27,10109154FERRETIA,2025-10-30,111431,1,4,0,165.0
10109154FERRETIA_2025-10-30_G28,10109154FERRETIA,2025-10-30,117808,1,8,0,189.0
10109154FERRETIA_2025-10-30_G29,10109154FERRETIA,2025-10-30,110313,1,8,0,201.0
10109154FERRETIA_2025-10-30_G30,10109154FERRETIA,2025-10-30,111462,1,8,0,202.0
10109154FERRETIA_2025-10-30_G31,10109154FERRETIA,2025-10-30,111759,1,6,0,542.0
10109154FERRETIA_2025-10-30_G32,10109154FERRETIA,2025-10-30,141140,1,4,0,195.0
10109154FERRETIA_2025-10-30_G33,10109154FERRETIA,2025-10-30,141155,1,4,0,98.0
10109154FERRETIA_2025-10-30_G34,10109154FERRETIA,2025-10-30,141141,2,10,7,129.0
10109154FERRETIA_2025-10-30_G35,10109154FERRETIA,2025-10-30,141262,1,4,0,158.0
10109154FERRETIA_2025-10-30_G36,10109154FERRETIA,2025-10-30,111634,2,12,7,53.0
10109154FERRETIA_2025-10-30_G37,10109154FERRETIA,2025-10-30,118191,1,12,0,299.0
10109154FERRETIA_2025-10-30_G38,10109154FERRETIA,2025-10-30,141261,2,10,10,133.0
10109154FERRETIA_2025-10-30_G39,10109154FERRETIA,2025-10-30,111722,1,4,0,127.0
10109154FERRETIA_2025-10-30_G40,10109154FERRETIA,2025-10-30,"111722, 111740",3,16,32,73.0
10109154FERRETIA_2025-10-30_G41,10109154FERRETIA,2025-10-30,118191,1,12,0,303.0
10109154FERRETIA_2025-10-30_G42,10109154FERRETIA,2025-10-30,111751,1,8,0,122.0
10109154FERRETIA_2025-11-29_G02,10109154FERRETIA,2025-11-29,110755,1,8,0,510.0
10109154FERRETIA_2025-11-29_G03,10109154FERRETIA,2025-11-29,105705,2,12,12,598.0
10109154FERRETIA_2025-11-29_G04,10109154FERRETIA,2025-11-29,111330,1,8,0,371.0
10109154FERRETIA_2025-11-29_G05,10109154FERRETIA,2025-11-29,109641,2,8,14,96.0
10109154FERRETIA_2025-11-29_G06,10109154FERRETIA,2025-11-29,140922,2,10,16,111.0
10109154FERRETIA_2025-11-29_G07,10109154FERRETIA,2025-11-29,111469,1,6,0,180.0
10109154FERRETIA_2025-11-29_G08,10109154FERRETIA,2025-11-29,110740,2,12,16,60.0
10109154FERRETIA_2025-11-29_G09,10109154FERRETIA,2025-11-29,111466,2,12,9,218.0
10109154FERRETIA_2025-11-29_G10,10109154FERRETIA,2025-11-29,111465,2,6,10,376.0
10109154FERRETIA_2025-11-29_G12,10109154FERRETIA,2025-11-29,117820,1,4,0,92.0
10109154FERRETIA_2025-11-29_G13,10109154FERRETIA,2025-11-29,110373,1,4,0,152.0
10109154FERRETIA_2025-11-29_G14,10109154FERRETIA,2025-11-29,111602,1,24,0,262.0
10109154FERRETIA_2025-11-29_G15,10109154FERRETIA,2025-11-29,108711,1,12,0,445.0
10109154FERRETIA_2025-11-29_G16,10109154FERRETIA,2025-11-29,110711,1,8,0,199.0
10109154FERRETIA_2025-11-29_G17,10109154FERRETIA,2025-11-29,110711,1,8,0,199.0
10109154FERRETIA_2025-11-29_G18,10109154FERRETIA,2025-11-29,111172,1,5,0,103.0
10109154FERRETIA_2025-11-29_G19,10109154FERRETIA,2025-11-29,111418,1,18,0,202.0
10109154FERRETIA_2025-11-29_G20,10109154FERRETIA,2025-11-29,110623,1,4,0,1177.0
10109154FERRETIA_2025-11-29_G21,10109154FERRETIA,2025-11-29,111112,1,1,0,231.0
10109154FERRETIA_2025-11-29_G22,10109154FERRETIA,2025-11-29,108993,1,4,0,71.0
10109154FERRETIA_2025-11-29_G23,10109154FERRETIA,2025-11-29,141992,1,7,0,232.0
10109154FERRETIA_2025-11-29_G24,10109154FERRETIA,2025-11-29,111569,1,2,0,110.0
10109154FERRETIA_2025-11-29_G25,10109154FERRETIA,2025-11-29,111436,1,2,0,103.0
10109154FERRETIA_2025-11-29_G26,10109154FERRETIA,2025-11-29,110755,1,10,0,140.0
10109154FERRETIA_2025-11-29_G27,10109154FERRETIA,2025-11-29,116527,1,1,0,184.0
10109154FERRETIA_2025-11-29_G28,10109154FERRETIA,2025-11-29,117834,1,6,0,99.0
10109154FERRETIA_2025-11-29_G29,10109154FERRETIA,2025-11-29,110064,1,2,0,363.0
10109154FERRETIA_2025-11-29_G30,10109154FERRETIA,2025-11-29,"140911, 118364",2,12,16,615.0
10109154FERRETIA_2025-11-29_G31,10109154FERRETIA,2025-11-29,110741,1,19,0,238.0
10109154FERRETIA_2025-11-29_G32,10109154FERRETIA,2025-11-29,117788,1,1,0,50.0
10109154FERRETIA_2025-11-29_G33,10109154FERRETIA,2025-11-29,117837,1,4,0,145.0
10109154FERRETIA_2025-11-29_G34,10109154FERRETIA,2025-11-29,111650,1,2,0,52.0
10109154FERRETIA_2025-11-29_G35,10109154FERRETIA,2025-11-29,110129,1,10,0,222.0
10109154FERRETIA_2025-11-29_G36,10109154FERRETIA,2025-11-29,118140,1,2,0,139.0
10109154FERRETIA_2025-11-29_G37,10109154FERRETIA,2025-11-29,110711,1,33,0,335.0
10109154FERRETIA_2025-11-29_G38,10109154FERRETIA,2025-11-29,109645,1,1,0,192.0
10109154FERRETIA_2025-11-29_G39,10109154FERRETIA,2025-11-29,111434,1,3,0,107.0
10109154FERRETIA_2025-11-29_G40,10109154FERRETIA,2025-11-29,140922,1,1,0,64.0
10109154FERRETIA_2025-11-29_G41,10109154FERRETIA,2025-11-29,141048,1,4,0,380.0
10109154FERRETIA_2025-11-29_G42,10109154FERRETIA,2025-11-29,111444,1,10,0,283.0
10109154FERRETIA_2025-11-29_G43,10109154FERRETIA,2025-11-29,141458,1,10,0,169.0
10109154FERRETIA_2025-11-29_G44,10109154FERRETIA,2025-11-29,117822,1,14,0,240.0
10109154FERRETIA_2025-11-29_G45,10109154FERRETIA,2025-11-29,160051,1,4,0,107.0
10109154FERRETIA_2025-11-29_G46,10109154FERRETIA,2025-11-29,117832,1,10,0,133.0
10109154FERRETIA_2025-11-29_G47,10109154FERRETIA,2025-11-29,110373,1,60,0,422.0
10109154FERRETIA_2025-11-29_G48,10109154FERRETIA,2025-11-29,111419,1,1,0,300.0
10109154FERRETIA_2025-11-29_G49,10109154FERRETIA,2025-11-29,110374,1,8,0,1763.0
10109154FERRETIA_2025-11-29_G50,10109154FERRETIA,2025-11-29,110372,1,6,0,68.0
10109154FERRETIA_2025-11-29_G51,10109154FERRETIA,2025-11-29,117809,1,2,0,50.0
10109154FERRETIA_2025-11-29_G52,10109154FERRETIA,2025-11-29,117820,1,4,0,76.0
10109154FERRETIA_2025-11-29_G53,10109154FERRETIA,2025-11-29,117820,1,25,0,190.0
10109154FERRETIA_2025-11-29_G54,10109154FERRETIA,2025-11-29,117830,1,3,0,72.0
10109154FERRETIA_2025-11-29_G55,10109154FERRETIA,2025-11-29,117822,2,9,23,298.0
10109154FERRETIA_2025-11-29_G56,10109154FERRETIA,2025-11-29,118299,1,13,0,177.0
10109154FERRETIA_2025-11-29_G57,10109154FERRETIA,2025-11-29,117832,1,3,0,123.0
10109154FERRETIA_2025-11-29_G58,10109154FERRETIA,2025-11-29,110371,3,18,29,215.0
10109154FERRETIA_2025-11-29_G59,10109154FERRETIA,2025-11-29,109643,1,3,0,182.0
10109154FERRETIA_2025-11-29_G60,10109154FERRETIA,2025-11-29,110373,1,29,0,1154.0
10109154FERRETIA_2025-11-29_G61,10109154FERRETIA,2025-11-29,110372,5,142,88,298.0
10109154FERRETIA_2025-11-29_G62,10109154FERRETIA,2025-11-29,109643,1,2,0,260.0
10109154FERRETIA_2025-11-29_G63,10109154FERRETIA,2025-11-29,111172,1,1,0,186.0
10109154FERRETIA_2025-11-29_G64,10109154FERRETIA,2025-11-29,111172,2,13,24,103.0
10109154FERRETIA_2025-11-29_G65,10109154FERRETIA,2025-11-29,109645,1,2,0,58.0
10109154FERRETIA_2025-11-29_G66,10109154FERRETIA,2025-11-29,109641,1,3,0,155.0
10109154FERRETIA_2025-11-29_G67,10109154FERRETIA,2025-11-29,110745,1,2,0,106.0
10109154FERRETIA_2025-11-29_G68,10109154FERRETIA,2025-11-29,117838,1,3,0,66.0
10109154FERRETIA_2025-11-29_G69,10109154FERRETIA,2025-11-29,160055,1,4,0,113.0
10109154FERRETIA_2025-11-29_G70,10109154FERRETIA,2025-11-29,108711,1,2,0,591.0
10109154FERRETIA_2025-11-29_G71,10109154FERRETIA,2025-11-29,110787,3,26,23,184.0
10109154FERRETIA_2025-11-29_G72,10109154FERRETIA,2025-11-29,111469,1,20,0,235.0
10109154FERRETIA_2025-11-29_G73,10109154FERRETIA,2025-11-29,110740,1,7,0,100.0
10109154FERRETIA_2025-11-29_G74,10109154FERRETIA,2025-11-29,117842,1,2,0,91.0
10109154FERRETIA_2025-11-29_G75,10109154FERRETIA,2025-11-29,111442,1,2,0,85.0
10109154FERRETIA_2025-11-29_G76,10109154FERRETIA,2025-11-29,111418,2,12,9,101.0
10109154FERRETIA_2025-11-29_G77,10109154FERRETIA,2025-11-29,111468,1,2,0,60.0
10109154FERRETIA_2025-11-29_G78,10109154FERRETIA,2025-11-29,111463,1,16,0,244.0
10109154FERRETIA_2025-12-06_G02,10109154FERRETIA,2025-12-06,140923,1,280,0,2805.0
10109154FERRETIA_2025-12-06_G03,10109154FERRETIA,2025-12-06,117831,1,200,0,1541.0
10109154FERRETIA_2025-12-06_G04,10109154FERRETIA,2025-12-06,117785,1,250,0,120.0
10109154FERRETIA_2025-12-13_G02,10109154FERRETIA,2025-12-13,111438,1,5,0,88.0
10109154FERRETIA_2025-12-13_G03,10109154FERRETIA,2025-12-13,111569,1,1,0,55.0
10109154FERRETIA_2025-12-13_G04,10109154FERRETIA,2025-12-13,110895,1,6,0,182.0
10109154FERRETIA_2025-12-13_G05,10109154FERRETIA,2025-12-13,140923,1,4,0,126.0
10109154FERRETIA_2025-12-13_G06,10109154FERRETIA,2025-12-13,111602,1,4,0,82.0
10109154FERRETIA_2025-12-13_G07,10109154FERRETIA,2025-12-13,111602,1,3,0,34.0
10109154FERRETIA_2025-12-13_G08,10109154FERRETIA,2025-12-13,110711,1,3,0,142.0
10109154FERRETIA_2025-12-13_G09,10109154FERRETIA,2025-12-13,117786,1,4,0,96.0
10109154FERRETIA_2025-12-13_G10,10109154FERRETIA,2025-12-13,117855,1,3,0,130.0
10109154FERRETIA_2025-12-13_G11,10109154FERRETIA,2025-12-13,109640,1,7,0,239.0
10109154FERRETIA_2025-12-13_G12,10109154FERRETIA,2025-12-13,118317,1,3,0,514.0
10109154FERRETIA_2025-12-13_G13,10109154FERRETIA,2025-12-13,118140,1,4,0,165.0
10109154FERRETIA_2025-12-13_G14,10109154FERRETIA,2025-12-13,111463,1,3,0,80.0
10109154FERRETIA_2025-12-13_G15,10109154FERRETIA,2025-12-13,140922,1,2,0,56.0
10109154FERRETIA_2025-12-13_G16,10109154FERRETIA,2025-12-13,111418,1,12,0,102.0
10109154FERRETIA_2025-12-13_G17,10109154FERRETIA,2025-12-13,117785,1,6,0,91.0
10109154FERRETIA_2025-12-13_G18,10109154FERRETIA,2025-12-13,108711,1,4,0,142.0
10109154FERRETIA_2025-12-13_G19,10109154FERRETIA,2025-12-13,141823,1,5,0,228.0
10109154FERRETIA_2025-12-13_G20,10109154FERRETIA,2025-12-13,110374,1,4,0,120.0
10109154FERRETIA_2025-12-13_G21,10109154FERRETIA,2025-12-13,117808,1,4,0,113.0
10109154FERRETIA_2025-12-13_G22,10109154FERRETIA,2025-12-13,110372,1,7,0,219.0
10109154FERRETIA_2025-12-13_G23,10109154FERRETIA,2025-12-13,111438,1,7,0,688.0
10109154FERRETIA_2025-12-13_G24,10109154FERRETIA,2025-12-13,111430,1,2,0,100.0
10109154FERRETIA_2025-12-13_G25,10109154FERRETIA,2025-12-13,110895,1,8,0,143.0
10109154FERRETIA_2025-12-13_G26,10109154FERRETIA,2025-12-13,118290,1,4,0,748.0
10109154FERRETIA_2025-12-13_G27,10109154FERRETIA,2025-12-13,110747,2,6,15,148.0
10109154FERRETIA_2025-12-13_G28,10109154FERRETIA,2025-12-13,107892,1,2,0,162.0
10109154FERRETIA_2025-12-13_G29,10109154FERRETIA,2025-12-13,140923,1,4,0,242.0
10109154FERRETIA_2025-12-13_G30,10109154FERRETIA,2025-12-13,111602,1,3,0,76.0
10109154FERRETIA_2025-12-13_G31,10109154FERRETIA,2025-12-13,110711,1,1,0,76.0
10109154FERRETIA_2025-12-13_G32,10109154FERRETIA,2025-12-13,141047,1,6,0,234.0
10109154FERRETIA_2025-12-13_G33,10109154FERRETIA,2025-12-13,117855,1,4,0,144.0
10109154FERRETIA_2025-12-13_G34,10109154FERRETIA,2025-12-13,117855,1,3,0,154.0
10109154FERRETIA_2025-12-13_G35,10109154FERRETIA,2025-12-13,118317,1,4,0,417.0
10109154FERRETIA_2025-12-13_G36,10109154FERRETIA,2025-12-13,111465,1,2,0,238.0
10109154FERRETIA_2025-12-13_G37,10109154FERRETIA,2025-12-13,111463,1,2,0,86.0
10109154FERRETIA_2025-12-13_G38,10109154FERRETIA,2025-12-13,111418,1,2,0,80.0
10109154FERRETIA_2025-12-13_G39,10109154FERRETIA,2025-12-13,108711,1,6,0,157.0
10109154FERRETIA_2025-12-13_G40,10109154FERRETIA,2025-12-13,141823,1,6,0,211.0
10109154FERRETIA_2025-12-13_G41,10109154FERRETIA,2025-12-13,110740,1,2,0,130.0
10109154FERRETIA_2025-12-13_G42,10109154FERRETIA,2025-12-13,110374,1,4,0,140.0
10109154FERRETIA_2025-12-13_G43,10109154FERRETIA,2025-12-13,110374,1,20,0,133.0
10109154FERRETIA_2025-12-13_G44,10109154FERRETIA,2025-12-13,110372,1,24,0,374.0
10109154FERRETIA_2025-12-13_G45,10109154FERRETIA,2025-12-13,117808,1,31,0,892.0
10109154FERRETIA_2025-12-15_G02,10109154FERRETIA,2025-12-15,111467,1,4,0,108.0
10109154FERRETIA_2025-12-15_G03,10109154FERRETIA,2025-12-15,141916,1,4,0,117.0
10109154FERRETIA_2025-12-15_G04,10109154FERRETIA,2025-12-15,140923,1,8,0,124.0
10109154FERRETIA_2025-12-15_G05,10109154FERRETIA,2025-12-15,141047,1,2,0,125.0
10109154FERRETIA_2025-12-15_G06,10109154FERRETIA,2025-12-15,107629,1,2,0,44.0
10109154FERRETIA_2025-12-15_G07,10109154FERRETIA,2025-12-15,111530,1,6,0,82.0
10109154FERRETIA_2025-12-15_G08,10109154FERRETIA,2025-12-15,111172,1,2,0,177.0
10109154FERRETIA_2025-12-15_G09,10109154FERRETIA,2025-12-15,140922,1,2,0,225.0
10109154FERRETIA_2025-12-15_G10,10109154FERRETIA,2025-12-15,116241,1,2,0,55.0
10109154FERRETIA_2025-12-15_G11,10109154FERRETIA,2025-12-15,110745,1,2,0,81.0
10109154FERRETIA_2025-12-15_G12,10109154FERRETIA,2025-12-15,108794,1,2,0,103.0
10109154FERRETIA_2025-12-15_G13,10109154FERRETIA,2025-12-15,111418,1,4,0,107.0
10109154FERRETIA_2025-12-15_G14,10109154FERRETIA,2025-12-15,118140,1,4,0,128.0
10109154FERRETIA_2025-12-15_G15,10109154FERRETIA,2025-12-15,111468,1,2,0,121.0
10109154FERRETIA_2025-12-15_G16,10109154FERRETIA,2025-12-15,117809,1,2,0,115.0
10109154FERRETIA_2025-12-15_G17,10109154FERRETIA,2025-12-15,117808,1,8,0,102.0
10109154FERRETIA_2025-12-15_G18,10109154FERRETIA,2025-12-15,110371,1,6,0,331.0
10109154FERRETIA_2025-12-15_G19,10109154FERRETIA,2025-12-15,117830,1,8,0,98.0
10109154FERRETIA_2025-12-15_G20,10109154FERRETIA,2025-12-15,117832,1,6,0,94.0
10109154FERRETIA_2025-12-15_G21,10109154FERRETIA,2025-12-15,118299,1,11,0,67.0
10109154FERRETIA_2025-12-15_G22,10109154FERRETIA,2025-12-15,110375,1,2,0,70.0
10109154FERRETIA_2025-12-15_G23,10109154FERRETIA,2025-12-15,110372,1,8,0,79.0
10109154FERRETIA_2025-12-15_G24,10109154FERRETIA,2025-12-15,110895,1,1,0,54.0
10109154FERRETIA_2025-12-15_G25,10109154FERRETIA,2025-12-15,109976,2,2,15,568.0
10109154FERRETIA_2025-12-15_G26,10109154FERRETIA,2025-12-15,108770,2,2,9,52.0
10109154FERRETIA_2025-12-15_G27,10109154FERRETIA,2025-12-15,111438,1,2,0,390.0
10109154FERRETIA_2025-12-15_G28,10109154FERRETIA,2025-12-15,111430,2,4,8,53.0
10109154FERRETIA_2025-12-15_G29,10109154FERRETIA,2025-12-15,110623,1,1,0,139.0
10109154FERRETIA_2025-12-15_G30,10109154FERRETIA,2025-12-15,111655,3,11,20,46.0
10109154FERRETIA_2025-12-15_G31,10109154FERRETIA,2025-12-15,117834,1,3,0,117.0
10109154FERRETIA_2025-12-15_G32,10109154FERRETIA,2025-12-15,141916,1,12,0,152.0
10109154FERRETIA_2025-12-15_G33,10109154FERRETIA,2025-12-15,118290,1,3,0,117.0
10109154FERRETIA_2025-12-15_G34,10109154FERRETIA,2025-12-15,110582,1,1,0,82.0
10109154FERRETIA_2025-12-15_G35,10109154FERRETIA,2025-12-15,110747,1,2,0,60.0
10109154FERRETIA_2025-12-15_G36,10109154FERRETIA,2025-12-15,110747,1,5,0,79.0
10109154FERRETIA_2025-12-15_G37,10109154FERRETIA,2025-12-15,111655,2,6,9,144.0
10109154FERRETIA_2025-12-15_G38,10109154FERRETIA,2025-12-15,110895,2,8,10,547.0
10109154FERRETIA_2025-12-15_G39,10109154FERRETIA,2025-12-15,111445,1,2,0,475.0
10109154FERRETIA_2025-12-15_G40,10109154FERRETIA,2025-12-15,110374,1,20,0,324.0
10109154FERRETIA_2025-12-15_G41,10109154FERRETIA,2025-12-15,117808,1,100,0,186.0
10109154FERRETIA_2025-12-15_G42,10109154FERRETIA,2025-12-15,118299,1,500,0,1078.0
10109154FERRETIA_2025-12-15_G43,10109154FERRETIA,2025-12-15,117808,1,332,0,564.0
10109154FERRETIA_2025-12-15_G44,10109154FERRETIA,2025-12-15,117808,1,68,0,301.0
10109154FERRETIA_2025-12-15_G45,10109154FERRETIA,2025-12-15,109648,2,2,8,74.0
10109154FERRETIA_2025-12-15_G46,10109154FERRETIA,2025-12-15,110371,1,24,0,209.0
10109154FERRETIA_2025-12-15_G47,10109154FERRETIA,2025-12-15,110376,1,23,0,230.0
10109154FERRETIA_2025-12-15_G48,10109154FERRETIA,2025-12-15,117832,1,19,0,104.0
10109154FERRETIA_2025-12-15_G49,10109154FERRETIA,2025-12-15,117809,1,40,0,420.0
10109193MARTINSEA_2025-01-13_G02,10109193MARTINSEA,2025-01-13,109640,1,6,0,143.0
10109193MARTINSEA_2025-01-13_G03,10109193MARTINSEA,2025-01-13,107236,1,51,0,589.0
10109193MARTINSEA_2025-01-13_G04,10109193MARTINSEA,2025-01-13,110787,1,19,0,402.0
10109193MARTINSEA_2025-01-13_G05,10109193MARTINSEA,2025-01-13,117787,1,19,0,425.0
10109193MARTINSEA_2025-01-13_G06,10109193MARTINSEA,2025-01-13,111468,1,39,0,377.0
10109193MARTINSEA_2025-01-13_G07,10109193MARTINSEA,2025-01-13,117820,1,250,0,1163.0
10109193MARTINSEA_2025-01-13_G08,10109193MARTINSEA,2025-01-13,110376,1,139,0,603.0
10109193MARTINSEA_2025-01-13_G09,10109193MARTINSEA,2025-01-13,111434,1,99,0,291.0
10109193MARTINSEA_2025-01-13_G12,10109193MARTINSEA,2025-01-13,111441,1,8,0,322.0
10109193MARTINSEA_2025-01-13_G13,10109193MARTINSEA,2025-01-13,111602,1,2,0,90.0
10109193MARTINSEA_2025-01-13_G14,10109193MARTINSEA,2025-01-13,111172,1,18,0,648.0
10109193MARTINSEA_2025-01-13_G15,10109193MARTINSEA,2025-01-13,110376,1,11,0,306.0
10109193MARTINSEA_2025-01-13_G16,10109193MARTINSEA,2025-01-13,110371,1,4,0,138.0
10109193MARTINSEA_2025-01-13_G17,10109193MARTINSEA,2025-01-13,111463,1,50,0,550.0
10109193MARTINSEA_2025-01-31_G02,10109193MARTINSEA,2025-01-31,124247,1,50,0,1005.0
10109193MARTINSEA_2025-01-31_G03,10109193MARTINSEA,2025-01-31,124371,1,16,0,2509.0
10109193MARTINSEA_2025-01-31_G04,10109193MARTINSEA,2025-01-31,124248,1,8,0,152.0
10109193MARTINSEA_2025-01-31_G05,10109193MARTINSEA,2025-01-31,121651,1,2,0,68.0
10109193MARTINSEA_2025-01-31_G06,10109193MARTINSEA,2025-01-31,121651,1,32,0,617.0
10109193MARTINSEA_2025-01-31_G07,10109193MARTINSEA,2025-01-31,121304,1,4,0,207.0
10109193MARTINSEA_2025-01-31_G08,10109193MARTINSEA,2025-01-31,123343,1,2,0,1391.0
10109193MARTINSEA_2025-01-31_G09,10109193MARTINSEA,2025-01-31,120008,1,2,0,99.0
10109193MARTINSEA_2025-01-31_G10,10109193MARTINSEA,2025-01-31,120008,2,10,20,276.0
10109193MARTINSEA_2025-01-31_G11,10109193MARTINSEA,2025-01-31,120008,1,4,0,404.0
10109193MARTINSEA_2025-01-31_G12,10109193MARTINSEA,2025-01-31,123153,1,4,0,242.0
10109193MARTINSEA_2025-01-31_G13,10109193MARTINSEA,2025-01-31,122962,1,8,0,1119.0
10109193MARTINSEA_2025-01-31_G14,10109193MARTINSEA,2025-01-31,124486,1,10,0,153.0
10109193MARTINSEA_2025-01-31_G15,10109193MARTINSEA,2025-01-31,123909,1,10,0,294.0
10109193MARTINSEA_2025-01-31_G16,10109193MARTINSEA,2025-01-31,123153,1,4,0,1078.0
10109193MARTINSEA_2025-01-31_G17,10109193MARTINSEA,2025-01-31,123947,1,6,0,345.0
10109193MARTINSEA_2025-01-31_G18,10109193MARTINSEA,2025-01-31,122962,1,48,0,476.0
10109193MARTINSEA_2025-01-31_G19,10109193MARTINSEA,2025-01-31,120028,1,40,0,727.0
10109193MARTINSEA_2025-01-31_G20,10109193MARTINSEA,2025-01-31,122671,1,8,0,130.0
10109193MARTINSEA_2025-01-31_G21,10109193MARTINSEA,2025-01-31,122673,1,12,0,392.0
10109193MARTINSEA_2025-01-31_G22,10109193MARTINSEA,2025-01-31,123153,1,20,0,280.0
10109193MARTINSEA_2025-01-31_G23,10109193MARTINSEA,2025-01-31,124486,1,6,0,188.0
10109193MARTINSEA_2025-01-31_G24,10109193MARTINSEA,2025-01-31,122671,1,4,0,101.0
10109193MARTINSEA_2025-01-31_G25,10109193MARTINSEA,2025-01-31,123909,1,30,0,374.0
10109193MARTINSEA_2025-01-31_G26,10109193MARTINSEA,2025-01-31,122673,1,4,0,47.0
10109193MARTINSEA_2025-01-31_G27,10109193MARTINSEA,2025-01-31,122985,1,2,0,245.0
10109193MARTINSEA_2025-01-31_G28,10109193MARTINSEA,2025-01-31,123345,1,2,0,671.0
10109193MARTINSEA_2025-01-31_G29,10109193MARTINSEA,2025-01-31,123909,1,20,0,242.0
10109193MARTINSEA_2025-01-31_G30,10109193MARTINSEA,2025-01-31,123909,1,10,0,363.0
10109193MARTINSEA_2025-01-31_G31,10109193MARTINSEA,2025-01-31,122962,1,4,0,316.0
10109193MARTINSEA_2025-01-31_G32,10109193MARTINSEA,2025-01-31,124486,1,2,0,63.0
10109193MARTINSEA_2025-01-31_G33,10109193MARTINSEA,2025-01-31,123081,1,20,0,149.0
10109193MARTINSEA_2025-01-31_G35,10109193MARTINSEA,2025-01-31,122962,1,56,0,2324.0
10109193MARTINSEA_2025-01-31_G36,10109193MARTINSEA,2025-01-31,120028,1,40,0,428.0
10109193MARTINSEA_2025-01-31_G37,10109193MARTINSEA,2025-01-31,122647,1,134,0,63.0
10109193MARTINSEA_2025-02-28_G02,10109193MARTINSEA,2025-02-28,110339,1,4,0,214.0
10109193MARTINSEA_2025-02-28_G03,10109193MARTINSEA,2025-02-28,110743,1,3,0,219.0
10109193MARTINSEA_2025-02-28_G04,10109193MARTINSEA,2025-02-28,111348,1,2,0,150.0
10109193MARTINSEA_2025-02-28_G05,10109193MARTINSEA,2025-02-28,117787,1,2,0,132.0
10109193MARTINSEA_2025-02-28_G06,10109193MARTINSEA,2025-02-28,140922,1,8,0,196.0
10109193MARTINSEA_2025-02-28_G07,10109193MARTINSEA,2025-02-28,111172,1,4,0,74.0
10109193MARTINSEA_2025-02-28_G08,10109193MARTINSEA,2025-02-28,110787,1,3,0,133.0
10109193MARTINSEA_2025-02-28_G09,10109193MARTINSEA,2025-02-28,118223,1,2,0,76.0
10109193MARTINSEA_2025-02-28_G10,10109193MARTINSEA,2025-02-28,110740,1,2,0,117.0
10109193MARTINSEA_2025-02-28_G11,10109193MARTINSEA,2025-02-28,111465,1,3,0,111.0
10109193MARTINSEA_2025-02-28_G12,10109193MARTINSEA,2025-02-28,118299,1,12,0,218.0
10109193MARTINSEA_2025-02-28_G13,10109193MARTINSEA,2025-02-28,117832,1,3,0,124.0
10109193MARTINSEA_2025-02-28_G14,10109193MARTINSEA,2025-02-28,110373,1,10,0,137.0
10109193MARTINSEA_2025-02-28_G15,10109193MARTINSEA,2025-02-28,117808,1,4,0,61.0
10109193MARTINSEA_2025-02-28_G16,10109193MARTINSEA,2025-02-28,109747,1,2,0,79.0
10109193MARTINSEA_2025-02-28_G17,10109193MARTINSEA,2025-02-28,117838,1,10,0,1490.0
10109193MARTINSEA_2025-02-28_G18,10109193MARTINSEA,2025-02-28,117787,1,10,0,212.0
10109193MARTINSEA_2025-02-28_G19,10109193MARTINSEA,2025-02-28,118004,1,10,0,391.0
10109193MARTINSEA_2025-02-28_G20,10109193MARTINSEA,2025-02-28,117821,1,20,0,932.0
10109193MARTINSEA_2025-02-28_G21,10109193MARTINSEA,2025-02-28,111468,1,20,0,394.0
10109193MARTINSEA_2025-02-28_G22,10109193MARTINSEA,2025-02-28,108772,1,3,0,1134.0
10109193MARTINSEA_2025-02-28_G23,10109193MARTINSEA,2025-02-28,117935,1,12,0,301.0
10109193MARTINSEA_2025-02-28_G24,10109193MARTINSEA,2025-02-28,117833,1,20,0,443.0
10109193MARTINSEA_2025-02-28_G25,10109193MARTINSEA,2025-02-28,111172,1,4,0,95.0
10109193MARTINSEA_2025-02-28_G26,10109193MARTINSEA,2025-02-28,107892,1,3,0,1861.0
10109193MARTINSEA_2025-02-28_G27,10109193MARTINSEA,2025-02-28,109471,1,2,0,513.0
10109193MARTINSEA_2025-02-28_G28,10109193MARTINSEA,2025-02-28,108411,1,2,0,68.0
10109193MARTINSEA_2025-02-28_G29,10109193MARTINSEA,2025-02-28,117833,1,3,0,267.0
10109193MARTINSEA_2025-02-28_G30,10109193MARTINSEA,2025-02-28,108794,1,8,0,160.0
10109193MARTINSEA_2025-02-28_G31,10109193MARTINSEA,2025-02-28,108794,1,29,0,265.0
10109193MARTINSEA_2025-02-28_G33,10109193MARTINSEA,2025-02-28,111532,1,120,0,806.0
10109193MARTINSEA_2025-02-28_G34,10109193MARTINSEA,2025-02-28,108794,1,120,0,1620.0
10109193MARTINSEA_2025-02-28_G35,10109193MARTINSEA,2025-02-28,109747,1,120,0,302.0
10109193MARTINSEA_2025-02-28_G36,10109193MARTINSEA,2025-02-28,107830,1,120,0,840.0
10109193MARTINSEA_2025-02-28_G37,10109193MARTINSEA,2025-02-28,110325,1,120,0,453.0
10109193MARTINSEA_2025-02-28_G38,10109193MARTINSEA,2025-02-28,110372,1,200,0,889.0
10109193MARTINSEA_2025-02-28_G40,10109193MARTINSEA,2025-02-28,118306,1,20,0,400.0
10109193MARTINSEA_2025-02-28_G41,10109193MARTINSEA,2025-02-28,108361,1,4,0,351.0
10109193MARTINSEA_2025-02-28_G42,10109193MARTINSEA,2025-02-28,111602,1,7,0,95.0
10109193MARTINSEA_2025-02-28_G43,10109193MARTINSEA,2025-02-28,109640,1,13,0,559.0
10109193MARTINSEA_2025-02-28_G44,10109193MARTINSEA,2025-02-28,110515,1,15,0,312.0
10109193MARTINSEA_2025-02-28_G45,10109193MARTINSEA,2025-02-28,117830,1,10,0,226.0
10109193MARTINSEA_2025-02-28_G46,10109193MARTINSEA,2025-02-28,117832,1,20,0,272.0
10109193MARTINSEA_2025-02-28_G47,10109193MARTINSEA,2025-02-28,109643,1,20,0,407.0
10109193MARTINSEA_2025-03-26_G02,10109193MARTINSEA,2025-03-26,110895,1,2,0,2096.0
10109193MARTINSEA_2025-03-26_G03,10109193MARTINSEA,2025-03-26,140922,2,10,29,1053.0
10109193MARTINSEA_2025-03-26_G04,10109193MARTINSEA,2025-03-26,111469,1,12,0,175.0
10109193MARTINSEA_2025-03-26_G05,10109193MARTINSEA,2025-03-26,111469,1,4,0,34.0
10109193MARTINSEA_2025-03-26_G06,10109193MARTINSEA,2025-03-26,111466,1,33,0,542.0
10109193MARTINSEA_2025-03-26_G07,10109193MARTINSEA,2025-03-26,111443,1,2,0,164.0
10109193MARTINSEA_2025-03-26_G08,10109193MARTINSEA,2025-03-26,111532,2,6,28,79.0
10109193MARTINSEA_2025-03-26_G09,10109193MARTINSEA,2025-03-26,108711,1,4,0,88.0
10109193MARTINSEA_2025-03-26_G10,10109193MARTINSEA,2025-03-26,111462,1,7,0,269.0
10109193MARTINSEA_2025-03-26_G11,10109193MARTINSEA,2025-03-26,117785,1,2,0,115.0
10109193MARTINSEA_2025-03-26_G12,10109193MARTINSEA,2025-03-26,111462,1,54,0,865.0
10109193MARTINSEA_2025-03-26_G13,10109193MARTINSEA,2025-03-26,117831,1,2,0,286.0
10109193MARTINSEA_2025-03-26_G14,10109193MARTINSEA,2025-03-26,110787,1,24,0,402.0
10109193MARTINSEA_2025-03-26_G15,10109193MARTINSEA,2025-03-26,118299,2,435,23,1906.0
10109193MARTINSEA_2025-03-26_G16,10109193MARTINSEA,2025-03-26,117830,1,2,0,83.0
10109193MARTINSEA_2025-03-26_G18,10109193MARTINSEA,2025-03-26,110733,1,50,0,1551.0
10109193MARTINSEA_2025-03-27_G02,10109193MARTINSEA,2025-03-27,140911,1,20,0,600.0
10109193MARTINSEA_2025-03-27_G03,10109193MARTINSEA,2025-03-27,110832,1,1,0,823.0
10109193MARTINSEA_2025-03-27_G04,10109193MARTINSEA,2025-03-27,141047,1,10,0,977.0
10109193MARTINSEA_2025-03-27_G05,10109193MARTINSEA,2025-03-27,110372,1,30,0,731.0
10109193MARTINSEA_2025-03-27_G06,10109193MARTINSEA,2025-03-27,118299,2,226,26,905.0
10109193MARTINSEA_2025-03-27_G08,10109193MARTINSEA,2025-03-27,117833,1,1,0,125.0
10109193MARTINSEA_2025-03-27_G09,10109193MARTINSEA,2025-03-27,111462,1,1,0,235.0
10109193MARTINSEA_2025-03-27_G10,10109193MARTINSEA,2025-03-27,118317,1,4,0,145.0
10109193MARTINSEA_2025-03-27_G11,10109193MARTINSEA,2025-03-27,111418,1,10,0,304.0
10109193MARTINSEA_2025-03-27_G12,10109193MARTINSEA,2025-03-27,117809,1,2,0,127.0
10109193MARTINSEA_2025-03-27_G13,10109193MARTINSEA,2025-03-27,118299,1,19,0,166.0
10109193MARTINSEA_2025-03-27_G14,10109193MARTINSEA,2025-03-27,110373,1,5,0,133.0
10109193MARTINSEA_2025-03-27_G15,10109193MARTINSEA,2025-03-27,117830,1,1,0,206.0
10109193MARTINSEA_2025-03-27_G16,10109193MARTINSEA,2025-03-27,117808,1,24,0,190.0
10109193MARTINSEA_2025-03-27_G17,10109193MARTINSEA,2025-03-27,117820,1,6,0,233.0
10109193MARTINSEA_2025-03-27_G18,10109193MARTINSEA,2025-03-27,110372,1,5,0,108.0
10109193MARTINSEA_2025-03-27_G19,10109193MARTINSEA,2025-03-27,117855,1,4,0,368.0
10109193MARTINSEA_2025-03-27_G20,10109193MARTINSEA,2025-03-27,111446,1,4,0,228.0
10109193MARTINSEA_2025-03-27_G21,10109193MARTINSEA,2025-03-27,105705,1,8,0,443.0
10109193MARTINSEA_2025-03-27_G22,10109193MARTINSEA,2025-03-27,111738,1,4,0,447.0
10109193MARTINSEA_2025-03-27_G23,10109193MARTINSEA,2025-03-27,111739,1,10,0,509.0
10109193MARTINSEA_2025-03-27_G24,10109193MARTINSEA,2025-03-27,111753,1,20,0,407.0
10109193MARTINSEA_2025-03-27_G25,10109193MARTINSEA,2025-03-27,141262,1,10,0,497.0
10109193MARTINSEA_2025-03-27_G26,10109193MARTINSEA,2025-03-27,111740,1,10,0,415.0
10109195NASCIMENTOM_2025-01-29_G02,10109195NASCIMENTOM,2025-01-29,122982,1,2,0,39.0
10109195NASCIMENTOM_2025-01-29_G03,10109195NASCIMENTOM,2025-01-29,121651,1,58,0,514.0
10109195NASCIMENTOM_2025-01-29_G04,10109195NASCIMENTOM,2025-01-29,122985,1,9,0,79.0
10109195NASCIMENTOM_2025-01-29_G05,10109195NASCIMENTOM,2025-01-29,123344,1,168,0,40.0
10109195NASCIMENTOM_2025-01-29_G06,10109195NASCIMENTOM,2025-01-29,121923,1,14,0,165.0
10109195NASCIMENTOM_2025-01-29_G07,10109195NASCIMENTOM,2025-01-29,121760,1,8,0,184.0
10109195NASCIMENTOM_2025-01-29_G08,10109195NASCIMENTOM,2025-01-29,122988,1,4,0,114.0
10109195NASCIMENTOM_2025-01-29_G09,10109195NASCIMENTOM,2025-01-29,122984,1,18,0,186.0
10109195NASCIMENTOM_2025-01-29_G10,10109195NASCIMENTOM,2025-01-29,123909,1,18,0,235.0
10109195NASCIMENTOM_2025-01-29_G11,10109195NASCIMENTOM,2025-01-29,120271,1,5,0,211.0
10109195NASCIMENTOM_2025-01-29_G12,10109195NASCIMENTOM,2025-01-29,122703,1,22,0,211.0
10109195NASCIMENTOM_2025-01-30_G02,10109195NASCIMENTOM,2025-01-30,123343,3,40,20,119.0
10109195NASCIMENTOM_2025-01-30_G03,10109195NASCIMENTOM,2025-01-30,123345,1,38,0,442.0
10109195NASCIMENTOM_2025-01-30_G04,10109195NASCIMENTOM,2025-01-30,121651,1,60,0,1939.0
10109195NASCIMENTOM_2025-01-30_G05,10109195NASCIMENTOM,2025-01-30,121923,1,6,0,104.0
10109195NASCIMENTOM_2025-01-30_G06,10109195NASCIMENTOM,2025-01-30,122962,1,40,0,160.0
10109195NASCIMENTOM_2025-01-30_G07,10109195NASCIMENTOM,2025-01-30,123344,1,30,0,766.0
10109195NASCIMENTOM_2025-01-30_G09,10109195NASCIMENTOM,2025-01-30,110325,1,16,0,250.0
10109195NASCIMENTOM_2025-01-30_G10,10109195NASCIMENTOM,2025-01-30,110374,1,7,0,144.0
10109195NASCIMENTOM_2025-01-31_G02,10109195NASCIMENTOM,2025-01-31,105242,1,2,0,116.0
10109195NASCIMENTOM_2025-01-31_G03,10109195NASCIMENTOM,2025-01-31,110751,1,2,0,71.0
10109195NASCIMENTOM_2025-01-31_G04,10109195NASCIMENTOM,2025-01-31,111466,1,6,0,114.0
10109195NASCIMENTOM_2025-01-31_G05,10109195NASCIMENTOM,2025-01-31,117832,1,4,0,1195.0
10109195NASCIMENTOM_2025-01-31_G06,10109195NASCIMENTOM,2025-01-31,111532,1,30,0,311.0
10109195NASCIMENTOM_2025-01-31_G07,10109195NASCIMENTOM,2025-01-31,111532,1,10,0,151.0
10109195NASCIMENTOM_2025-01-31_G08,10109195NASCIMENTOM,2025-01-31,109640,1,4,0,51.0
10109195NASCIMENTOM_2025-01-31_G09,10109195NASCIMENTOM,2025-01-31,111532,1,8,0,419.0
10109195NASCIMENTOM_2025-01-31_G10,10109195NASCIMENTOM,2025-01-31,111532,1,10,0,302.0
10109195NASCIMENTOM_2025-01-31_G11,10109195NASCIMENTOM,2025-01-31,111532,1,16,0,597.0
10109195NASCIMENTOM_2025-01-31_G12,10109195NASCIMENTOM,2025-01-31,110325,1,23,0,211.0
10109195NASCIMENTOM_2025-01-31_G13,10109195NASCIMENTOM,2025-01-31,111602,1,2,0,307.0
10109195NASCIMENTOM_2025-01-31_G14,10109195NASCIMENTOM,2025-01-31,117935,1,4,0,120.0
10109195NASCIMENTOM_2025-01-31_G15,10109195NASCIMENTOM,2025-01-31,111602,1,10,0,322.0
10109195NASCIMENTOM_2025-01-31_G16,10109195NASCIMENTOM,2025-01-31,160051,1,2,0,120.0
10109195NASCIMENTOM_2025-01-31_G17,10109195NASCIMENTOM,2025-01-31,160054,1,2,0,54.0
10109195NASCIMENTOM_2025-02-13_G02,10109195NASCIMENTOM,2025-02-13,123345,1,8,0,211.0
10109195NASCIMENTOM_2025-02-13_G03,10109195NASCIMENTOM,2025-02-13,123889,1,4,0,153.0
10109195NASCIMENTOM_2025-02-13_G04,10109195NASCIMENTOM,2025-02-13,122983,1,300,0,2190.0
10109195NASCIMENTOM_2025-02-14_G02,10109195NASCIMENTOM,2025-02-14,124486,1,26,0,287.0
10109195NASCIMENTOM_2025-02-14_G04,10109195NASCIMENTOM,2025-02-14,100334,1,6,0,313.0
10109195NASCIMENTOM_2025-02-14_G05,10109195NASCIMENTOM,2025-02-14,117820,1,8,0,262.0
10109195NASCIMENTOM_2025-02-14_G06,10109195NASCIMENTOM,2025-02-14,109641,1,4,0,203.0
10109195NASCIMENTOM_2025-02-14_G07,10109195NASCIMENTOM,2025-02-14,110515,1,8,0,34.0
10109195NASCIMENTOM_2025-02-14_G08,10109195NASCIMENTOM,2025-02-14,105705,1,4,0,484.0
10109195NASCIMENTOM_2025-02-14_G09,10109195NASCIMENTOM,2025-02-14,118418,1,2,0,108.0
10109195NASCIMENTOM_2025-02-14_G10,10109195NASCIMENTOM,2025-02-14,105705,1,20,0,494.0
10109195NASCIMENTOM_2025-02-14_G11,10109195NASCIMENTOM,2025-02-14,109641,2,13,16,267.0
10109195NASCIMENTOM_2025-02-20_G02,10109195NASCIMENTOM,2025-02-20,122962,1,3,0,32.0
10109195NASCIMENTOM_2025-02-20_G03,10109195NASCIMENTOM,2025-02-20,121651,1,12,0,993.0
10109195NASCIMENTOM_2025-02-20_G04,10109195NASCIMENTOM,2025-02-20,123343,1,4,0,515.0
10109195NASCIMENTOM_2025-02-28_G02,10109195NASCIMENTOM,2025-02-28,123344,1,73,0,675.0
10109195NASCIMENTOM_2025-02-28_G03,10109195NASCIMENTOM,2025-02-28,122673,1,10,0,519.0
10109195NASCIMENTOM_2025-02-28_G04,10109195NASCIMENTOM,2025-02-28,122983,1,34,0,872.0
10109195NASCIMENTOM_2025-03-21_G02,10109195NASCIMENTOM,2025-03-21,124248,1,10,0,195.0
10109195NASCIMENTOM_2025-03-21_G03,10109195NASCIMENTOM,2025-03-21,122982,1,14,0,195.0
10109195NASCIMENTOM_2025-03-23_G02,10109195NASCIMENTOM,2025-03-23,124486,1,8,0,415.0
10109195NASCIMENTOM_2025-03-23_G03,10109195NASCIMENTOM,2025-03-23,122673,1,4,0,125.0
10109195NASCIMENTOM_2025-03-23_G04,10109195NASCIMENTOM,2025-03-23,122984,1,4,0,377.0
10109195NASCIMENTOM_2025-03-23_G05,10109195NASCIMENTOM,2025-03-23,122984,1,4,0,55.0
10109195NASCIMENTOM_2025-03-23_G06,10109195NASCIMENTOM,2025-03-23,122983,1,24,0,677.0
10109195NASCIMENTOM_2025-03-24_G02,10109195NASCIMENTOM,2025-03-24,121651,1,2,0,855.0
10109195NASCIMENTOM_2025-03-24_G03,10109195NASCIMENTOM,2025-03-24,121760,1,6,0,90.0
10109195NASCIMENTOM_2025-03-24_G04,10109195NASCIMENTOM,2025-03-24,124486,1,7,0,157.0
10109195NASCIMENTOM_2025-03-24_G05,10109195NASCIMENTOM,2025-03-24,122673,1,4,0,231.0
10109195NASCIMENTOM_2025-03-24_G06,10109195NASCIMENTOM,2025-03-24,123345,1,1,0,57.0
10109195NASCIMENTOM_2025-03-24_G07,10109195NASCIMENTOM,2025-03-24,123560,1,8,0,440.0
10109195NASCIMENTOM_2025-03-24_G08,10109195NASCIMENTOM,2025-03-24,124594,1,4,0,175.0
10109195NASCIMENTOM_2025-03-24_G09,10109195NASCIMENTOM,2025-03-24,124371,1,4,0,76.0
10109195NASCIMENTOM_2025-03-24_G10,10109195NASCIMENTOM,2025-03-24,120271,1,1,0,48.0
10109195NASCIMENTOM_2025-03-24_G11,10109195NASCIMENTOM,2025-03-24,122984,1,20,0,160.0
10109195NASCIMENTOM_2025-03-24_G12,10109195NASCIMENTOM,2025-03-24,123343,1,2,0,157.0
10109195NASCIMENTOM_2025-03-24_G13,10109195NASCIMENTOM,2025-03-24,123313,1,4,0,34.0
10109195NASCIMENTOM_2025-03-24_G14,10109195NASCIMENTOM,2025-03-24,123345,1,2,0,50.0
10109195NASCIMENTOM_2025-03-24_G15,10109195NASCIMENTOM,2025-03-24,124476,1,30,0,654.0
10109195NASCIMENTOM_2025-03-24_G16,10109195NASCIMENTOM,2025-03-24,124486,1,9,0,136.0
10109195NASCIMENTOM_2025-03-24_G17,10109195NASCIMENTOM,2025-03-24,124486,1,50,0,391.0
10109195NASCIMENTOM_2025-03-24_G18,10109195NASCIMENTOM,2025-03-24,124370,1,22,0,469.0
10109195NASCIMENTOM_2025-03-24_G19,10109195NASCIMENTOM,2025-03-24,124370,1,8,0,337.0
10109195NASCIMENTOM_2025-03-24_G20,10109195NASCIMENTOM,2025-03-24,122673,2,20,11,75.0
10109195NASCIMENTOM_2025-03-24_G21,10109195NASCIMENTOM,2025-03-24,121760,1,34,0,639.0
10109195NASCIMENTOM_2025-03-24_G22,10109195NASCIMENTOM,2025-03-24,"121760, 123344",2,86,20,734.0
10109195NASCIMENTOM_2025-03-24_G23,10109195NASCIMENTOM,2025-03-24,122985,1,12,0,393.0
10109195NASCIMENTOM_2025-03-24_G24,10109195NASCIMENTOM,2025-03-24,124248,1,20,0,310.0
10109195NASCIMENTOM_2025-03-24_G25,10109195NASCIMENTOM,2025-03-24,123909,1,8,0,51.0
10109195NASCIMENTOM_2025-03-24_G26,10109195NASCIMENTOM,2025-03-24,122962,1,4,0,105.0
10109195NASCIMENTOM_2025-03-24_G28,10109195NASCIMENTOM,2025-03-24,121651,1,20,0,500.0
10109195NASCIMENTOM_2025-03-24_G29,10109195NASCIMENTOM,2025-03-24,122962,1,20,0,172.0
10109195NASCIMENTOM_2025-03-24_G30,10109195NASCIMENTOM,2025-03-24,124371,1,20,0,375.0
10109195NASCIMENTOM_2025-03-24_G31,10109195NASCIMENTOM,2025-03-24,124248,1,12,0,318.0
10109195NASCIMENTOM_2025-03-24_G32,10109195NASCIMENTOM,2025-03-24,124475,1,20,0,439.0
10109195NASCIMENTOM_2025-03-24_G33,10109195NASCIMENTOM,2025-03-24,"120271, 122703",2,10,27,203.0
10109195NASCIMENTOM_2025-03-24_G34,10109195NASCIMENTOM,2025-03-24,124370,1,16,0,486.0
10109195NASCIMENTOM_2025-03-24_G35,10109195NASCIMENTOM,2025-03-24,123909,1,13,0,221.0
10109195NASCIMENTOM_2025-03-24_G36,10109195NASCIMENTOM,2025-03-24,122185,1,16,0,230.0
10109195NASCIMENTOM_2025-03-24_G37,10109195NASCIMENTOM,2025-03-24,122982,1,12,0,384.0
10109195NASCIMENTOM_2025-03-24_G38,10109195NASCIMENTOM,2025-03-24,122988,1,4,0,165.0
10109195NASCIMENTOM_2025-03-24_G39,10109195NASCIMENTOM,2025-03-24,123344,1,20,0,162.0
10109195NASCIMENTOM_2025-03-24_G40,10109195NASCIMENTOM,2025-03-24,123345,1,30,0,167.0
10109195NASCIMENTOM_2025-03-24_G41,10109195NASCIMENTOM,2025-03-24,122984,1,10,0,174.0
10109195NASCIMENTOM_2025-03-24_G42,10109195NASCIMENTOM,2025-03-24,123080,1,64,0,1778.0
10109195NASCIMENTOM_2025-03-24_G43,10109195NASCIMENTOM,2025-03-24,124248,1,6,0,87.0
10109195NASCIMENTOM_2025-03-24_G44,10109195NASCIMENTOM,2025-03-24,122185,1,150,0,1601.0
10109195NASCIMENTOM_2025-03-24_G45,10109195NASCIMENTOM,2025-03-24,122984,1,24,0,203.0
10109195NASCIMENTOM_2025-03-24_G46,10109195NASCIMENTOM,2025-03-24,124248,1,8,0,53.0
10109195NASCIMENTOM_2025-03-26_G03,10109195NASCIMENTOM,2025-03-26,121760,1,40,0,500.0
10109195NASCIMENTOM_2025-03-26_G04,10109195NASCIMENTOM,2025-03-26,124476,1,4,0,290.0
10109195NASCIMENTOM_2025-03-26_G05,10109195NASCIMENTOM,2025-03-26,120389,1,16,0,110.0
10109195NASCIMENTOM_2025-03-26_G06,10109195NASCIMENTOM,2025-03-26,124486,1,6,0,47.0
10109195NASCIMENTOM_2025-03-26_G07,10109195NASCIMENTOM,2025-03-26,123909,1,60,0,415.0
10109195NASCIMENTOM_2025-03-26_G08,10109195NASCIMENTOM,2025-03-26,123153,1,50,0,311.0
10109195NASCIMENTOM_2025-03-26_G09,10109195NASCIMENTOM,2025-03-26,181057,1,4,0,154.0
10109195NASCIMENTOM_2025-03-26_G10,10109195NASCIMENTOM,2025-03-26,122962,1,24,0,597.0
10109195NASCIMENTOM_2025-03-26_G11,10109195NASCIMENTOM,2025-03-26,124371,1,16,0,382.0
10109195NASCIMENTOM_2025-03-26_G12,10109195NASCIMENTOM,2025-03-26,124371,1,32,0,775.0
10109195NASCIMENTOM_2025-03-26_G13,10109195NASCIMENTOM,2025-03-26,124248,1,1,0,55.0
10109195NASCIMENTOM_2025-03-26_G14,10109195NASCIMENTOM,2025-03-26,122983,1,4,0,107.0
10109195NASCIMENTOM_2025-03-26_G15,10109195NASCIMENTOM,2025-03-26,124264,1,2,0,33.0
10109195NASCIMENTOM_2025-03-26_G16,10109195NASCIMENTOM,2025-03-26,122185,1,16,0,126.0
10109195NASCIMENTOM_2025-03-26_G17,10109195NASCIMENTOM,2025-03-26,124247,1,6,0,104.0
10109195NASCIMENTOM_2025-03-26_G18,10109195NASCIMENTOM,2025-03-26,123344,1,20,0,562.0
10109195NASCIMENTOM_2025-03-26_G19,10109195NASCIMENTOM,2025-03-26,123344,1,20,0,233.0
10109195NASCIMENTOM_2025-03-26_G20,10109195NASCIMENTOM,2025-03-26,124370,1,10,0,103.0
10109195NASCIMENTOM_2025-03-26_G21,10109195NASCIMENTOM,2025-03-26,181057,1,40,0,1365.0
10109195NASCIMENTOM_2025-03-26_G22,10109195NASCIMENTOM,2025-03-26,123344,1,30,0,620.0
10109195NASCIMENTOM_2025-03-27_G02,10109195NASCIMENTOM,2025-03-27,122962,1,8,0,49.0
10109195NASCIMENTOM_2025-03-27_G03,10109195NASCIMENTOM,2025-03-27,122984,1,100,0,1514.0
10109195NASCIMENTOM_2025-03-27_G04,10109195NASCIMENTOM,2025-03-27,122983,1,20,0,210.0
10109195NASCIMENTOM_2025-03-27_G05,10109195NASCIMENTOM,2025-03-27,122962,1,250,0,2233.0
10109195NASCIMENTOM_2025-04-02_G02,10109195NASCIMENTOM,2025-04-02,123876,1,14,0,1051.0
10109195NASCIMENTOM_2025-04-29_G02,10109195NASCIMENTOM,2025-04-29,121760,1,60,0,888.0
10109195NASCIMENTOM_2025-04-30_G02,10109195NASCIMENTOM,2025-04-30,120389,1,14,0,103.0
10109195NASCIMENTOM_2025-04-30_G03,10109195NASCIMENTOM,2025-04-30,121651,1,30,0,851.0
10109195NASCIMENTOM_2025-04-30_G04,10109195NASCIMENTOM,2025-04-30,124371,1,6,0,2155.0
10109195NASCIMENTOM_2025-04-30_G05,10109195NASCIMENTOM,2025-04-30,122185,1,2,0,184.0
10109195NASCIMENTOM_2025-04-30_G06,10109195NASCIMENTOM,2025-04-30,181057,1,4,0,222.0
10109195NASCIMENTOM_2025-04-30_G07,10109195NASCIMENTOM,2025-04-30,122185,2,4,12,137.0
10109195NASCIMENTOM_2025-04-30_G08,10109195NASCIMENTOM,2025-04-30,120389,1,10,0,915.0
10109195NASCIMENTOM_2025-04-30_G09,10109195NASCIMENTOM,2025-04-30,123947,1,12,0,590.0
10109195NASCIMENTOM_2025-04-30_G10,10109195NASCIMENTOM,2025-04-30,123343,1,2,0,325.0
10109195NASCIMENTOM_2025-04-30_G11,10109195NASCIMENTOM,2025-04-30,123345,1,4,0,100.0
10109195NASCIMENTOM_2025-04-30_G13,10109195NASCIMENTOM,2025-04-30,123080,1,45,0,2637.0
10109195NASCIMENTOM_2025-04-30_G14,10109195NASCIMENTOM,2025-04-30,123343,1,2,0,523.0
10109195NASCIMENTOM_2025-04-30_G15,10109195NASCIMENTOM,2025-04-30,122962,1,97,0,2420.0
10109195NASCIMENTOM_2025-04-30_G16,10109195NASCIMENTOM,2025-04-30,124486,1,70,0,905.0
10109195NASCIMENTOM_2025-04-30_G17,10109195NASCIMENTOM,2025-04-30,124371,1,120,0,2700.0
10109195NASCIMENTOM_2025-05-12_G02,10109195NASCIMENTOM,2025-05-12,110753,2,31,6,515.0
10109195NASCIMENTOM_2025-05-22_G02,10109195NASCIMENTOM,2025-05-22,120271,1,50,0,308.0
10109195NASCIMENTOM_2025-05-22_G03,10109195NASCIMENTOM,2025-05-22,121923,1,50,0,414.0
10109195NASCIMENTOM_2025-05-22_G04,10109195NASCIMENTOM,2025-05-22,120339,1,30,0,238.0
10109195NASCIMENTOM_2025-05-22_G05,10109195NASCIMENTOM,2025-05-22,124371,1,50,0,562.0
10109195NASCIMENTOM_2025-05-30_G02,10109195NASCIMENTOM,2025-05-30,123153,1,20,0,247.0
10109195NASCIMENTOM_2025-05-30_G03,10109195NASCIMENTOM,2025-05-30,123080,1,10,0,217.0
10109195NASCIMENTOM_2025-05-30_G04,10109195NASCIMENTOM,2025-05-30,120272,1,6,0,156.0
10109195NASCIMENTOM_2025-05-30_G05,10109195NASCIMENTOM,2025-05-30,123344,1,20,0,192.0
10109195NASCIMENTOM_2025-05-30_G06,10109195NASCIMENTOM,2025-05-30,123344,2,20,9,90.0
10109195NASCIMENTOM_2025-05-30_G07,10109195NASCIMENTOM,2025-05-30,122984,1,40,0,660.0
10109195NASCIMENTOM_2025-05-30_G08,10109195NASCIMENTOM,2025-05-30,122185,1,32,0,326.0
10109195NASCIMENTOM_2025-05-30_G09,10109195NASCIMENTOM,2025-05-30,121760,1,6,0,505.0
10109195NASCIMENTOM_2025-05-30_G10,10109195NASCIMENTOM,2025-05-30,121760,1,6,0,300.0
10109195NASCIMENTOM_2025-05-30_G11,10109195NASCIMENTOM,2025-05-30,124486,1,2,0,99.0
10109195NASCIMENTOM_2025-05-30_G12,10109195NASCIMENTOM,2025-05-30,"122703, 121651",2,6,24,54.0
10109195NASCIMENTOM_2025-05-30_G13,10109195NASCIMENTOM,2025-05-30,124371,1,2,0,100.0
10109195NASCIMENTOM_2025-05-30_G14,10109195NASCIMENTOM,2025-05-30,124477,1,2,0,151.0
10109195NASCIMENTOM_2025-05-30_G15,10109195NASCIMENTOM,2025-05-30,"123343, 123345",3,10,34,135.0
10109195NASCIMENTOM_2025-05-30_G16,10109195NASCIMENTOM,2025-05-30,124248,1,6,0,671.0
10109195NASCIMENTOM_2025-05-30_G17,10109195NASCIMENTOM,2025-05-30,122673,1,50,0,1608.0
10109195NASCIMENTOM_2025-05-30_G18,10109195NASCIMENTOM,2025-05-30,122985,1,4,0,513.0
10109195NASCIMENTOM_2025-05-30_G19,10109195NASCIMENTOM,2025-05-30,122962,1,20,0,213.0
10109195NASCIMENTOM_2025-05-30_G20,10109195NASCIMENTOM,2025-05-30,124248,1,20,0,134.0
10109195NASCIMENTOM_2025-05-30_G21,10109195NASCIMENTOM,2025-05-30,181235,1,4,0,571.0
10109195NASCIMENTOM_2025-05-30_G22,10109195NASCIMENTOM,2025-05-30,181057,1,6,0,616.0
10109195NASCIMENTOM_2025-05-30_G23,10109195NASCIMENTOM,2025-05-30,181887,1,4,0,79.0
10109195NASCIMENTOM_2025-05-30_G24,10109195NASCIMENTOM,2025-05-30,123130,1,2,0,542.0
10109195NASCIMENTOM_2025-05-30_G25,10109195NASCIMENTOM,2025-05-30,121760,1,56,0,695.0
10109195NASCIMENTOM_2025-05-30_G26,10109195NASCIMENTOM,2025-05-30,123344,2,24,20,244.0
10109195NASCIMENTOM_2025-05-30_G27,10109195NASCIMENTOM,2025-05-30,124477,1,20,0,634.0
10109195NASCIMENTOM_2025-05-31_G02,10109195NASCIMENTOM,2025-05-31,181887,1,20,0,272.0
10109195NASCIMENTOM_2025-05-31_G03,10109195NASCIMENTOM,2025-05-31,181056,1,4,0,186.0
10109195NASCIMENTOM_2025-05-31_G04,10109195NASCIMENTOM,2025-05-31,181887,1,10,0,59.0
10109195NASCIMENTOM_2025-05-31_G05,10109195NASCIMENTOM,2025-05-31,121760,1,4,0,197.0
10109195NASCIMENTOM_2025-05-31_G06,10109195NASCIMENTOM,2025-05-31,122985,1,4,0,205.0
10109195NASCIMENTOM_2025-05-31_G07,10109195NASCIMENTOM,2025-05-31,124477,1,14,0,270.0
10109195NASCIMENTOM_2025-05-31_G08,10109195NASCIMENTOM,2025-05-31,124477,1,2,0,53.0
10109195NASCIMENTOM_2025-05-31_G09,10109195NASCIMENTOM,2025-05-31,121760,1,5,0,174.0
10109195NASCIMENTOM_2025-05-31_G10,10109195NASCIMENTOM,2025-05-31,124477,1,2,0,63.0
10109195NASCIMENTOM_2025-05-31_G11,10109195NASCIMENTOM,2025-05-31,122962,1,40,0,498.0
10109195NASCIMENTOM_2025-05-31_G12,10109195NASCIMENTOM,2025-05-31,121760,1,40,0,421.0
10109195NASCIMENTOM_2025-05-31_G13,10109195NASCIMENTOM,2025-05-31,124486,1,40,0,341.0
10109195NASCIMENTOM_2025-05-31_G14,10109195NASCIMENTOM,2025-05-31,120389,1,8,0,69.0
10109195NASCIMENTOM_2025-05-31_G15,10109195NASCIMENTOM,2025-05-31,120389,1,27,0,344.0
10109195NASCIMENTOM_2025-05-31_G16,10109195NASCIMENTOM,2025-05-31,121651,1,30,0,270.0
10109195NASCIMENTOM_2025-05-31_G17,10109195NASCIMENTOM,2025-05-31,124370,1,60,0,917.0
10109195NASCIMENTOM_2025-05-31_G18,10109195NASCIMENTOM,2025-05-31,124475,1,20,0,382.0
10109195NASCIMENTOM_2025-05-31_G19,10109195NASCIMENTOM,2025-05-31,124248,1,8,0,110.0
10109195NASCIMENTOM_2025-05-31_G20,10109195NASCIMENTOM,2025-05-31,124371,1,30,0,405.0
10109195NASCIMENTOM_2025-05-31_G21,10109195NASCIMENTOM,2025-05-31,123344,1,28,0,245.0
10109195NASCIMENTOM_2025-05-31_G22,10109195NASCIMENTOM,2025-05-31,123344,1,12,0,260.0
10109195NASCIMENTOM_2025-05-31_G23,10109195NASCIMENTOM,2025-05-31,181887,1,4,0,152.0
10109195NASCIMENTOM_2025-05-31_G24,10109195NASCIMENTOM,2025-05-31,122962,1,60,0,617.0
10109195NASCIMENTOM_2025-05-31_G25,10109195NASCIMENTOM,2025-05-31,124486,1,20,0,245.0
10109195NASCIMENTOM_2025-05-31_G26,10109195NASCIMENTOM,2025-05-31,121651,1,50,0,410.0
10109195NASCIMENTOM_2025-05-31_G27,10109195NASCIMENTOM,2025-05-31,121760,1,20,0,132.0
10109195NASCIMENTOM_2025-05-31_G28,10109195NASCIMENTOM,2025-05-31,124370,1,60,0,567.0
10109195NASCIMENTOM_2025-05-31_G29,10109195NASCIMENTOM,2025-05-31,124475,1,24,0,410.0
10109195NASCIMENTOM_2025-05-31_G30,10109195NASCIMENTOM,2025-05-31,124476,1,6,0,342.0
10109195NASCIMENTOM_2025-05-31_G31,10109195NASCIMENTOM,2025-05-31,124371,1,7,0,190.0
10109195NASCIMENTOM_2025-05-31_G32,10109195NASCIMENTOM,2025-05-31,123344,1,40,0,98.0
10109195NASCIMENTOM_2025-05-31_G33,10109195NASCIMENTOM,2025-05-31,121760,1,25,0,594.0
10109195NASCIMENTOM_2025-06-12_G02,10109195NASCIMENTOM,2025-06-12,120008,1,2,0,294.0
10109195NASCIMENTOM_2025-06-12_G03,10109195NASCIMENTOM,2025-06-12,122985,1,10,0,296.0
10109195NASCIMENTOM_2025-06-12_G04,10109195NASCIMENTOM,2025-06-12,124594,1,10,0,395.0
10109195NASCIMENTOM_2025-06-12_G05,10109195NASCIMENTOM,2025-06-12,122982,1,21,0,153.0
10109195NASCIMENTOM_2025-06-12_G06,10109195NASCIMENTOM,2025-06-12,123909,1,13,0,198.0
10109195NASCIMENTOM_2025-06-12_G07,10109195NASCIMENTOM,2025-06-12,122185,1,60,0,372.0
10109195NASCIMENTOM_2025-06-12_G08,10109195NASCIMENTOM,2025-06-12,120272,1,8,0,91.0
10109195NASCIMENTOM_2025-06-12_G09,10109195NASCIMENTOM,2025-06-12,124248,1,16,0,72.0
10109195NASCIMENTOM_2025-06-12_G10,10109195NASCIMENTOM,2025-06-12,121760,1,14,0,147.0
10109195NASCIMENTOM_2025-06-12_G11,10109195NASCIMENTOM,2025-06-12,123345,1,3,0,126.0
10109195NASCIMENTOM_2025-06-14_G02,10109195NASCIMENTOM,2025-06-14,123345,1,2,0,58.0
10109195NASCIMENTOM_2025-06-14_G03,10109195NASCIMENTOM,2025-06-14,122982,1,3,0,203.0
10109195NASCIMENTOM_2025-06-14_G04,10109195NASCIMENTOM,2025-06-14,123344,1,4,0,129.0
10109195NASCIMENTOM_2025-06-14_G05,10109195NASCIMENTOM,2025-06-14,124477,1,8,0,178.0
10109195NASCIMENTOM_2025-06-14_G06,10109195NASCIMENTOM,2025-06-14,123345,1,4,0,111.0
10109195NASCIMENTOM_2025-06-14_G07,10109195NASCIMENTOM,2025-06-14,122962,1,8,0,44.0
10109195NASCIMENTOM_2025-06-14_G08,10109195NASCIMENTOM,2025-06-14,122983,1,12,0,187.0
10109195NASCIMENTOM_2025-06-14_G09,10109195NASCIMENTOM,2025-06-14,124486,1,16,0,113.0
10109195NASCIMENTOM_2025-06-14_G10,10109195NASCIMENTOM,2025-06-14,124247,1,10,0,81.0
10109195NASCIMENTOM_2025-06-14_G11,10109195NASCIMENTOM,2025-06-14,123909,1,10,0,130.0
10109195NASCIMENTOM_2025-06-14_G12,10109195NASCIMENTOM,2025-06-14,123909,1,2,0,115.0
10109195NASCIMENTOM_2025-06-14_G13,10109195NASCIMENTOM,2025-06-14,123822,1,102,0,1017.0
10109195NASCIMENTOM_2025-06-14_G14,10109195NASCIMENTOM,2025-06-14,123492,1,26,0,466.0
10109195NASCIMENTOM_2025-06-14_G15,10109195NASCIMENTOM,2025-06-14,123313,1,2,0,267.0
10109195NASCIMENTOM_2025-06-15_G02,10109195NASCIMENTOM,2025-06-15,124475,1,4,0,112.0
10109195NASCIMENTOM_2025-06-15_G03,10109195NASCIMENTOM,2025-06-15,121651,1,8,0,192.0
10109195NASCIMENTOM_2025-06-15_G04,10109195NASCIMENTOM,2025-06-15,123344,1,3,0,41.0
10109195NASCIMENTOM_2025-06-15_G05,10109195NASCIMENTOM,2025-06-15,122984,1,13,0,387.0
10109195NASCIMENTOM_2025-06-15_G06,10109195NASCIMENTOM,2025-06-15,121651,1,31,0,322.0
10109195NASCIMENTOM_2025-06-15_G07,10109195NASCIMENTOM,2025-06-15,121760,1,36,0,266.0
10109195NASCIMENTOM_2025-06-15_G08,10109195NASCIMENTOM,2025-06-15,122981,2,4,29,688.0
10109195NASCIMENTOM_2025-06-15_G09,10109195NASCIMENTOM,2025-06-15,123344,1,13,0,73.0
10109195NASCIMENTOM_2025-06-15_G10,10109195NASCIMENTOM,2025-06-15,123345,1,15,0,155.0
10109195NASCIMENTOM_2025-06-15_G11,10109195NASCIMENTOM,2025-06-15,122982,1,30,0,152.0
10109195NASCIMENTOM_2025-06-15_G12,10109195NASCIMENTOM,2025-06-15,124371,1,20,0,427.0
10109195NASCIMENTOM_2025-06-15_G13,10109195NASCIMENTOM,2025-06-15,124370,1,40,0,243.0
10109195NASCIMENTOM_2025-06-15_G14,10109195NASCIMENTOM,2025-06-15,122962,1,7,0,236.0
10109195NASCIMENTOM_2025-06-15_G15,10109195NASCIMENTOM,2025-06-15,124475,1,10,0,122.0
10109195NASCIMENTOM_2025-06-15_G16,10109195NASCIMENTOM,2025-06-15,121760,1,6,0,109.0
10109195NASCIMENTOM_2025-06-15_G17,10109195NASCIMENTOM,2025-06-15,123344,1,28,0,261.0
10109195NASCIMENTOM_2025-06-15_G18,10109195NASCIMENTOM,2025-06-15,123345,1,15,0,261.0
10109195NASCIMENTOM_2025-06-15_G19,10109195NASCIMENTOM,2025-06-15,122185,1,6,0,262.0
10109195NASCIMENTOM_2025-06-15_G20,10109195NASCIMENTOM,2025-06-15,121651,1,6,0,236.0
10109195NASCIMENTOM_2025-06-15_G21,10109195NASCIMENTOM,2025-06-15,124371,1,8,0,59.0
10109195NASCIMENTOM_2025-06-15_G22,10109195NASCIMENTOM,2025-06-15,121651,1,8,0,145.0
10109195NASCIMENTOM_2025-06-15_G23,10109195NASCIMENTOM,2025-06-15,124624,1,3,0,289.0
10109195NASCIMENTOM_2025-06-15_G24,10109195NASCIMENTOM,2025-06-15,124370,1,1,0,70.0
10109195NASCIMENTOM_2025-06-15_G25,10109195NASCIMENTOM,2025-06-15,123345,2,4,20,69.0
10109195NASCIMENTOM_2025-06-15_G26,10109195NASCIMENTOM,2025-06-15,122962,1,2,0,114.0
10109195NASCIMENTOM_2025-06-15_G27,10109195NASCIMENTOM,2025-06-15,120272,1,4,0,111.0
10109195NASCIMENTOM_2025-06-15_G28,10109195NASCIMENTOM,2025-06-15,124248,1,5,0,74.0
10109195NASCIMENTOM_2025-06-15_G29,10109195NASCIMENTOM,2025-06-15,124475,1,1,0,397.0
10109195NASCIMENTOM_2025-06-26_G02,10109195NASCIMENTOM,2025-06-26,124486,1,130,0,1644.0
10109195NASCIMENTOM_2025-06-26_G03,10109195NASCIMENTOM,2025-06-26,122962,1,8,0,126.0
10109195NASCIMENTOM_2025-06-26_G04,10109195NASCIMENTOM,2025-06-26,124486,1,6,0,203.0
10109195NASCIMENTOM_2025-06-26_G05,10109195NASCIMENTOM,2025-06-26,122962,1,10,0,124.0
10109195NASCIMENTOM_2025-06-26_G06,10109195NASCIMENTOM,2025-06-26,124486,1,10,0,182.0
10109195NASCIMENTOM_2025-06-26_G07,10109195NASCIMENTOM,2025-06-26,123153,1,18,0,297.0
10109195NASCIMENTOM_2025-06-26_G08,10109195NASCIMENTOM,2025-06-26,123909,1,40,0,514.0
10109195NASCIMENTOM_2025-06-26_G09,10109195NASCIMENTOM,2025-06-26,120389,1,8,0,128.0
10109195NASCIMENTOM_2025-06-26_G10,10109195NASCIMENTOM,2025-06-26,122673,1,4,0,122.0
10109195NASCIMENTOM_2025-06-27_G02,10109195NASCIMENTOM,2025-06-27,181057,1,2,0,31.0
10109195NASCIMENTOM_2025-06-27_G03,10109195NASCIMENTOM,2025-06-27,121760,1,28,0,274.0
10109195NASCIMENTOM_2025-06-27_G04,10109195NASCIMENTOM,2025-06-27,122983,1,50,0,88.0
10109195NASCIMENTOM_2025-06-27_G05,10109195NASCIMENTOM,2025-06-27,120339,1,10,0,204.0
10109195NASCIMENTOM_2025-06-27_G06,10109195NASCIMENTOM,2025-06-27,123561,1,4,0,113.0
10109195NASCIMENTOM_2025-06-27_G07,10109195NASCIMENTOM,2025-06-27,124476,1,7,0,43.0
10109195NASCIMENTOM_2025-06-27_G08,10109195NASCIMENTOM,2025-06-27,124476,1,3,0,67.0
10109195NASCIMENTOM_2025-06-27_G09,10109195NASCIMENTOM,2025-06-27,122703,1,14,0,139.0
10109195NASCIMENTOM_2025-06-28_G02,10109195NASCIMENTOM,2025-06-28,124248,1,37,0,635.0
10109195NASCIMENTOM_2025-06-28_G03,10109195NASCIMENTOM,2025-06-28,121651,1,40,0,1063.0
10109195NASCIMENTOM_2025-06-28_G04,10109195NASCIMENTOM,2025-06-28,122988,1,31,0,371.0
10109195NASCIMENTOM_2025-06-28_G05,10109195NASCIMENTOM,2025-06-28,124370,1,22,0,3308.0
10109195NASCIMENTOM_2025-06-28_G06,10109195NASCIMENTOM,2025-06-28,124475,1,32,0,641.0
10109195NASCIMENTOM_2025-06-28_G07,10109195NASCIMENTOM,2025-06-28,124476,1,3,0,127.0
10109195NASCIMENTOM_2025-06-28_G08,10109195NASCIMENTOM,2025-06-28,123345,1,17,0,587.0
10109195NASCIMENTOM_2025-06-29_G02,10109195NASCIMENTOM,2025-06-29,124370,1,72,0,628.0
10109195NASCIMENTOM_2025-06-29_G03,10109195NASCIMENTOM,2025-06-29,123909,1,5,0,212.0
10109195NASCIMENTOM_2025-06-29_G04,10109195NASCIMENTOM,2025-06-29,124371,1,10,0,258.0
10109195NASCIMENTOM_2025-06-29_G05,10109195NASCIMENTOM,2025-06-29,122185,1,8,0,76.0
10109195NASCIMENTOM_2025-06-29_G06,10109195NASCIMENTOM,2025-06-29,124248,1,8,0,59.0
10109195NASCIMENTOM_2025-06-29_G07,10109195NASCIMENTOM,2025-06-29,124477,1,2,0,185.0
10109195NASCIMENTOM_2025-06-29_G08,10109195NASCIMENTOM,2025-06-29,123889,1,6,0,63.0
10109195NASCIMENTOM_2025-06-29_G09,10109195NASCIMENTOM,2025-06-29,122983,1,3,0,87.0
10109195NASCIMENTOM_2025-06-29_G10,10109195NASCIMENTOM,2025-06-29,124548,1,3,0,96.0
10109195NASCIMENTOM_2025-06-29_G11,10109195NASCIMENTOM,2025-06-29,124248,1,13,0,86.0
10109195NASCIMENTOM_2025-06-29_G12,10109195NASCIMENTOM,2025-06-29,123908,1,2,0,381.0
10109195NASCIMENTOM_2025-06-29_G13,10109195NASCIMENTOM,2025-06-29,124624,1,10,0,260.0
10109195NASCIMENTOM_2025-06-29_G14,10109195NASCIMENTOM,2025-06-29,124624,1,4,0,83.0
10109195NASCIMENTOM_2025-06-29_G15,10109195NASCIMENTOM,2025-06-29,124624,1,3,0,130.0
10109195NASCIMENTOM_2025-06-29_G16,10109195NASCIMENTOM,2025-06-29,122962,1,8,0,358.0
10109195NASCIMENTOM_2025-06-29_G17,10109195NASCIMENTOM,2025-06-29,124486,1,25,0,187.0
10109195NASCIMENTOM_2025-06-29_G18,10109195NASCIMENTOM,2025-06-29,123153,1,16,0,168.0
10109195NASCIMENTOM_2025-06-29_G19,10109195NASCIMENTOM,2025-06-29,123889,1,2,0,88.0
10109195NASCIMENTOM_2025-06-29_G20,10109195NASCIMENTOM,2025-06-29,124624,1,4,0,111.0
10109195NASCIMENTOM_2025-06-29_G21,10109195NASCIMENTOM,2025-06-29,123822,1,11,0,276.0
10109195NASCIMENTOM_2025-06-29_G22,10109195NASCIMENTOM,2025-06-29,122962,1,12,0,98.0
10109195NASCIMENTOM_2025-06-29_G23,10109195NASCIMENTOM,2025-06-29,124486,1,8,0,122.0
10109195NASCIMENTOM_2025-06-29_G24,10109195NASCIMENTOM,2025-06-29,180590,1,34,0,699.0
10109195NASCIMENTOM_2025-06-29_G25,10109195NASCIMENTOM,2025-06-29,120995,1,18,0,1032.0
10109195NASCIMENTOM_2025-06-29_G26,10109195NASCIMENTOM,2025-06-29,181590,1,18,0,985.0
10109195NASCIMENTOM_2025-06-29_G27,10109195NASCIMENTOM,2025-06-29,122962,1,150,0,2753.0
10109195NASCIMENTOM_2025-06-30_G02,10109195NASCIMENTOM,2025-06-30,111463,1,20,0,171.0
10109195NASCIMENTOM_2025-06-30_G03,10109195NASCIMENTOM,2025-06-30,108794,1,9,0,70.0
10109195NASCIMENTOM_2025-06-30_G04,10109195NASCIMENTOM,2025-06-30,111348,1,10,0,93.0
10109195NASCIMENTOM_2025-06-30_G05,10109195NASCIMENTOM,2025-06-30,110745,1,1,0,68.0
10109195NASCIMENTOM_2025-06-30_G06,10109195NASCIMENTOM,2025-06-30,111442,1,5,0,210.0
10109195NASCIMENTOM_2025-06-30_G07,10109195NASCIMENTOM,2025-06-30,111468,1,2,0,53.0
10109195NASCIMENTOM_2025-06-30_G08,10109195NASCIMENTOM,2025-06-30,111468,1,4,0,40.0
10109195NASCIMENTOM_2025-06-30_G09,10109195NASCIMENTOM,2025-06-30,111466,1,30,0,297.0
10109195NASCIMENTOM_2025-06-30_G10,10109195NASCIMENTOM,2025-06-30,109641,1,14,0,247.0
10109195NASCIMENTOM_2025-06-30_G11,10109195NASCIMENTOM,2025-06-30,111602,1,2,0,39.0
10109195NASCIMENTOM_2025-06-30_G12,10109195NASCIMENTOM,2025-06-30,110325,1,108,0,1096.0
10109195NASCIMENTOM_2025-06-30_G13,10109195NASCIMENTOM,2025-06-30,110374,1,100,0,412.0
10109195NASCIMENTOM_2025-06-30_G14,10109195NASCIMENTOM,2025-06-30,110372,1,44,0,521.0
10109195NASCIMENTOM_2025-06-30_G15,10109195NASCIMENTOM,2025-06-30,111743,1,17,0,512.0
10109195NASCIMENTOM_2025-07-09_G02,10109195NASCIMENTOM,2025-07-09,181235,1,8,0,117.0
10109195NASCIMENTOM_2025-07-09_G03,10109195NASCIMENTOM,2025-07-09,181235,1,4,0,152.0
10109195NASCIMENTOM_2025-07-09_G04,10109195NASCIMENTOM,2025-07-09,181056,1,8,0,256.0
10109195NASCIMENTOM_2025-07-09_G05,10109195NASCIMENTOM,2025-07-09,123153,1,16,0,185.0
10109195NASCIMENTOM_2025-07-09_G06,10109195NASCIMENTOM,2025-07-09,123889,1,10,0,402.0
10109195NASCIMENTOM_2025-07-09_G07,10109195NASCIMENTOM,2025-07-09,123153,1,11,0,132.0
10109195NASCIMENTOM_2025-07-09_G08,10109195NASCIMENTOM,2025-07-09,122703,1,2,0,255.0
10109195NASCIMENTOM_2025-07-09_G09,10109195NASCIMENTOM,2025-07-09,124248,1,13,0,219.0
10109195NASCIMENTOM_2025-07-09_G10,10109195NASCIMENTOM,2025-07-09,124248,1,11,0,88.0
10109195NASCIMENTOM_2025-07-09_G11,10109195NASCIMENTOM,2025-07-09,181056,1,5,0,159.0
10109195NASCIMENTOM_2025-07-09_G12,10109195NASCIMENTOM,2025-07-09,181057,1,3,0,73.0
10109195NASCIMENTOM_2025-07-09_G13,10109195NASCIMENTOM,2025-07-09,180094,1,4,0,140.0
10109195NASCIMENTOM_2025-07-09_G14,10109195NASCIMENTOM,2025-07-09,122984,1,18,0,222.0
10109195NASCIMENTOM_2025-07-09_G15,10109195NASCIMENTOM,2025-07-09,124247,1,4,0,138.0
10109195NASCIMENTOM_2025-07-09_G16,10109195NASCIMENTOM,2025-07-09,124248,1,8,0,200.0
10109195NASCIMENTOM_2025-07-09_G17,10109195NASCIMENTOM,2025-07-09,123822,1,1,0,137.0
10109195NASCIMENTOM_2025-07-09_G18,10109195NASCIMENTOM,2025-07-09,122647,1,50,0,278.0
10109195NASCIMENTOM_2025-07-09_G19,10109195NASCIMENTOM,2025-07-09,122962,1,60,0,219.0
10109195NASCIMENTOM_2025-07-09_G20,10109195NASCIMENTOM,2025-07-09,122962,1,20,0,658.0
10109195NASCIMENTOM_2025-07-09_G21,10109195NASCIMENTOM,2025-07-09,123344,1,13,0,911.0
10109195NASCIMENTOM_2025-07-09_G22,10109195NASCIMENTOM,2025-07-09,121760,1,18,0,142.0
10109195NASCIMENTOM_2025-07-09_G23,10109195NASCIMENTOM,2025-07-09,120389,1,7,0,118.0
10109195NASCIMENTOM_2025-07-09_G24,10109195NASCIMENTOM,2025-07-09,122185,1,4,0,57.0
10109195NASCIMENTOM_2025-07-09_G25,10109195NASCIMENTOM,2025-07-09,121651,1,14,0,191.0
10109195NASCIMENTOM_2025-07-09_G26,10109195NASCIMENTOM,2025-07-09,123343,1,9,0,1270.0
10109195NASCIMENTOM_2025-07-09_G27,10109195NASCIMENTOM,2025-07-09,123345,1,12,0,93.0
10109195NASCIMENTOM_2025-07-11_G02,10109195NASCIMENTOM,2025-07-11,124624,1,55,0,584.0
10109195NASCIMENTOM_2025-07-11_G03,10109195NASCIMENTOM,2025-07-11,124475,1,8,0,208.0
10109195NASCIMENTOM_2025-07-11_G04,10109195NASCIMENTOM,2025-07-11,123889,1,57,0,1580.0
10109195NASCIMENTOM_2025-07-11_G05,10109195NASCIMENTOM,2025-07-11,"124486, 124624",2,66,10,581.0
10109195NASCIMENTOM_2025-07-16_G02,10109195NASCIMENTOM,2025-07-16,122195,1,35,0,161.0
10109195NASCIMENTOM_2025-07-18_G02,10109195NASCIMENTOM,2025-07-18,121760,1,108,0,1692.0
10109195NASCIMENTOM_2025-07-18_G03,10109195NASCIMENTOM,2025-07-18,124248,1,40,0,2157.0
10109195NASCIMENTOM_2025-07-18_G04,10109195NASCIMENTOM,2025-07-18,"122988, 121651",2,122,20,499.0
10109195NASCIMENTOM_2025-07-18_G05,10109195NASCIMENTOM,2025-07-18,122984,1,40,0,60.0
10109195NASCIMENTOM_2025-07-23_G02,10109195NASCIMENTOM,2025-07-23,123344,1,7,0,178.0
10109195NASCIMENTOM_2025-07-23_G03,10109195NASCIMENTOM,2025-07-23,124370,1,40,0,748.0
10109195NASCIMENTOM_2025-07-23_G04,10109195NASCIMENTOM,2025-07-23,124475,1,2,0,146.0
10109195NASCIMENTOM_2025-07-23_G05,10109195NASCIMENTOM,2025-07-23,124247,1,2,0,54.0
10109195NASCIMENTOM_2025-07-23_G06,10109195NASCIMENTOM,2025-07-23,124476,1,10,0,123.0
10109195NASCIMENTOM_2025-07-23_G07,10109195NASCIMENTOM,2025-07-23,123562,1,4,0,163.0
10109195NASCIMENTOM_2025-07-23_G08,10109195NASCIMENTOM,2025-07-23,124594,1,6,0,2650.0
10109195NASCIMENTOM_2025-07-23_G09,10109195NASCIMENTOM,2025-07-23,123343,1,4,0,362.0
10109195NASCIMENTOM_2025-07-23_G10,10109195NASCIMENTOM,2025-07-23,122962,1,16,0,287.0
10109195NASCIMENTOM_2025-07-23_G11,10109195NASCIMENTOM,2025-07-23,124475,1,4,0,104.0
10109195NASCIMENTOM_2025-07-23_G12,10109195NASCIMENTOM,2025-07-23,124624,1,4,0,248.0
10109195NASCIMENTOM_2025-07-23_G13,10109195NASCIMENTOM,2025-07-23,122671,1,4,0,191.0
10109195NASCIMENTOM_2025-07-23_G14,10109195NASCIMENTOM,2025-07-23,122982,1,24,0,558.0
10109195NASCIMENTOM_2025-07-23_G15,10109195NASCIMENTOM,2025-07-23,124476,1,4,0,244.0
10109195NASCIMENTOM_2025-07-23_G16,10109195NASCIMENTOM,2025-07-23,124594,1,10,0,448.0
10109195NASCIMENTOM_2025-07-29_G02,10109195NASCIMENTOM,2025-07-29,181887,1,2,0,109.0
10109195NASCIMENTOM_2025-07-29_G03,10109195NASCIMENTOM,2025-07-29,124475,1,6,0,389.0
10109195NASCIMENTOM_2025-07-29_G04,10109195NASCIMENTOM,2025-07-29,124475,1,6,0,75.0
10109195NASCIMENTOM_2025-07-29_G05,10109195NASCIMENTOM,2025-07-29,120339,1,2,0,202.0
10109195NASCIMENTOM_2025-07-29_G06,10109195NASCIMENTOM,2025-07-29,124371,1,2,0,80.0
10109195NASCIMENTOM_2025-07-29_G07,10109195NASCIMENTOM,2025-07-29,121760,1,4,0,185.0
10109195NASCIMENTOM_2025-07-29_G08,10109195NASCIMENTOM,2025-07-29,121760,1,12,0,253.0
10109195NASCIMENTOM_2025-08-19_G02,10109195NASCIMENTOM,2025-08-19,122962,1,8,0,91.0
10109195NASCIMENTOM_2025-08-19_G03,10109195NASCIMENTOM,2025-08-19,122962,1,1,0,55.0
10109195NASCIMENTOM_2025-10-27_G02,10109195NASCIMENTOM,2025-10-27,123889,1,10,0,449.0
10109195NASCIMENTOM_2025-10-27_G03,10109195NASCIMENTOM,2025-10-27,122673,1,12,0,196.0
10109195NASCIMENTOM_2025-10-27_G04,10109195NASCIMENTOM,2025-10-27,122673,1,10,0,156.0
10109195NASCIMENTOM_2025-10-31_G02,10109195NASCIMENTOM,2025-10-31,123343,1,6,0,109.0
10109195NASCIMENTOM_2025-10-31_G03,10109195NASCIMENTOM,2025-10-31,124624,1,4,0,233.0
10109195NASCIMENTOM_2025-10-31_G04,10109195NASCIMENTOM,2025-10-31,123344,1,4,0,966.0
10109195NASCIMENTOM_2025-10-31_G05,10109195NASCIMENTOM,2025-10-31,122185,1,10,0,124.0
10109195NASCIMENTOM_2025-10-31_G06,10109195NASCIMENTOM,2025-10-31,122986,1,6,0,208.0
10109195NASCIMENTOM_2025-10-31_G07,10109195NASCIMENTOM,2025-10-31,124624,1,6,0,125.0
10109195NASCIMENTOM_2025-10-31_G08,10109195NASCIMENTOM,2025-10-31,122983,1,4,0,63.0
10109195NASCIMENTOM_2025-10-31_G09,10109195NASCIMENTOM,2025-10-31,120339,1,2,0,80.0
10109195NASCIMENTOM_2025-10-31_G10,10109195NASCIMENTOM,2025-10-31,123080,1,36,0,753.0
10109195NASCIMENTOM_2025-10-31_G11,10109195NASCIMENTOM,2025-10-31,123909,1,2,0,74.0
10109195NASCIMENTOM_2025-10-31_G12,10109195NASCIMENTOM,2025-10-31,124486,1,2,0,75.0
10109195NASCIMENTOM_2025-10-31_G13,10109195NASCIMENTOM,2025-10-31,122962,1,30,0,674.0
10109195NASCIMENTOM_2025-10-31_G14,10109195NASCIMENTOM,2025-10-31,122962,1,24,0,262.0
10109195NASCIMENTOM_2025-10-31_G15,10109195NASCIMENTOM,2025-10-31,122185,1,20,0,221.0
10109195NASCIMENTOM_2025-10-31_G16,10109195NASCIMENTOM,2025-10-31,124511,1,80,0,395.0
10109195NASCIMENTOM_2025-10-31_G17,10109195NASCIMENTOM,2025-10-31,122988,1,6,0,447.0
10109195NASCIMENTOM_2025-10-31_G18,10109195NASCIMENTOM,2025-10-31,122983,1,20,0,178.0
10109195NASCIMENTOM_2025-10-31_G19,10109195NASCIMENTOM,2025-10-31,120272,1,6,0,268.0
10109195NASCIMENTOM_2025-10-31_G20,10109195NASCIMENTOM,2025-10-31,121651,1,30,0,151.0
10109195NASCIMENTOM_2025-10-31_G21,10109195NASCIMENTOM,2025-10-31,124476,1,3,0,1059.0
10109195NASCIMENTOM_2025-10-31_G22,10109195NASCIMENTOM,2025-10-31,123345,1,8,0,160.0
10109195NASCIMENTOM_2025-10-31_G23,10109195NASCIMENTOM,2025-10-31,123345,1,3,0,118.0
10109195NASCIMENTOM_2025-10-31_G24,10109195NASCIMENTOM,2025-10-31,122671,1,8,0,221.0
10109195NASCIMENTOM_2025-10-31_G25,10109195NASCIMENTOM,2025-10-31,122189,1,4,0,91.0
10109195NASCIMENTOM_2025-10-31_G26,10109195NASCIMENTOM,2025-10-31,120272,1,8,0,72.0
10109195NASCIMENTOM_2025-10-31_G27,10109195NASCIMENTOM,2025-10-31,122196,1,8,0,73.0
10109195NASCIMENTOM_2025-10-31_G28,10109195NASCIMENTOM,2025-10-31,122962,1,40,0,288.0
10109195NASCIMENTOM_2025-10-31_G29,10109195NASCIMENTOM,2025-10-31,122962,1,60,0,416.0
10109195NASCIMENTOM_2025-10-31_G30,10109195NASCIMENTOM,2025-10-31,120271,1,2,0,78.0
10109195NASCIMENTOM_2025-10-31_G31,10109195NASCIMENTOM,2025-10-31,122981,1,8,0,100.0
10109195NASCIMENTOM_2025-10-31_G32,10109195NASCIMENTOM,2025-10-31,120339,1,4,0,70.0
10109195NASCIMENTOM_2025-11-14_G02,10109195NASCIMENTOM,2025-11-14,124248,1,5,0,147.0
10109195NASCIMENTOM_2025-11-14_G03,10109195NASCIMENTOM,2025-11-14,122647,1,4,0,100.0
10109195NASCIMENTOM_2025-11-14_G04,10109195NASCIMENTOM,2025-11-14,122647,1,4,0,37.0
10109195NASCIMENTOM_2025-11-14_G05,10109195NASCIMENTOM,2025-11-14,122982,1,8,0,134.0
10109195NASCIMENTOM_2025-11-14_G06,10109195NASCIMENTOM,2025-11-14,122673,1,12,0,150.0
10109195NASCIMENTOM_2025-11-14_G07,10109195NASCIMENTOM,2025-11-14,124247,1,30,0,323.0
10109195NASCIMENTOM_2025-11-14_G08,10109195NASCIMENTOM,2025-11-14,123492,1,11,0,276.0
10109195NASCIMENTOM_2025-11-14_G09,10109195NASCIMENTOM,2025-11-14,122984,1,14,0,272.0
10109195NASCIMENTOM_2025-11-14_G10,10109195NASCIMENTOM,2025-11-14,122962,1,32,0,317.0
10109195NASCIMENTOM_2025-11-14_G11,10109195NASCIMENTOM,2025-11-14,"123822, 122962",2,66,16,361.0
10109195NASCIMENTOM_2025-12-03_G02,10109195NASCIMENTOM,2025-12-03,123153,1,30,0,398.0
10109195NASCIMENTOM_2025-12-03_G03,10109195NASCIMENTOM,2025-12-03,120271,1,2,0,138.0
10109195NASCIMENTOM_2025-12-03_G04,10109195NASCIMENTOM,2025-12-03,120339,1,2,0,109.0
10109195NASCIMENTOM_2025-12-03_G05,10109195NASCIMENTOM,2025-12-03,121760,1,60,0,535.0
10109195NASCIMENTOM_2025-12-03_G06,10109195NASCIMENTOM,2025-12-03,124486,1,50,0,916.0
10109195NASCIMENTOM_2025-12-03_G07,10109195NASCIMENTOM,2025-12-03,121928,1,2,0,100.0
10109195NASCIMENTOM_2025-12-17_G02,10109195NASCIMENTOM,2025-12-17,123153,1,14,0,179.0
10109195NASCIMENTOM_2025-12-17_G03,10109195NASCIMENTOM,2025-12-17,124264,1,20,0,105.0
10109195NASCIMENTOM_2025-12-17_G04,10109195NASCIMENTOM,2025-12-17,122967,1,64,0,520.0
10109195NASCIMENTOM_2025-12-17_G05,10109195NASCIMENTOM,2025-12-17,120028,1,60,0,1045.0
10109195NASCIMENTOM_2025-12-17_G06,10109195NASCIMENTOM,2025-12-17,123153,1,2,0,80.0
10109195NASCIMENTOM_2025-12-17_G07,10109195NASCIMENTOM,2025-12-17,123153,1,84,0,605.0
10109195NASCIMENTOM_2025-12-17_G08,10109195NASCIMENTOM,2025-12-17,122962,1,8,0,247.0
10109195NASCIMENTOM_2025-12-17_G09,10109195NASCIMENTOM,2025-12-17,124624,1,4,0,193.0
10109195NASCIMENTOM_2025-12-17_G10,10109195NASCIMENTOM,2025-12-17,123345,1,6,0,193.0
10109195NASCIMENTOM_2025-12-17_G11,10109195NASCIMENTOM,2025-12-17,122673,1,16,0,172.0
10109195NASCIMENTOM_2026-02-26_G02,10109195NASCIMENTOM,2026-02-26,123344,1,4,0,784.0
10109195NASCIMENTOM_2026-02-26_G03,10109195NASCIMENTOM,2026-02-26,122981,1,15,0,120.0
10109195NASCIMENTOM_2026-02-26_G04,10109195NASCIMENTOM,2026-02-26,121760,1,2,0,61.0
10109195NASCIMENTOM_2026-02-26_G05,10109195NASCIMENTOM,2026-02-26,121760,1,6,0,326.0
10109195NASCIMENTOM_2026-02-26_G06,10109195NASCIMENTOM,2026-02-26,122967,1,30,0,454.0
10109195NASCIMENTOM_2026-02-26_G07,10109195NASCIMENTOM,2026-02-26,181887,1,10,0,443.0
10109195NASCIMENTOM_2026-02-26_G08,10109195NASCIMENTOM,2026-02-26,181887,1,8,0,447.0
10109195NASCIMENTOM_2026-02-26_G09,10109195NASCIMENTOM,2026-02-26,122984,1,20,0,462.0
10109195NASCIMENTOM_2026-02-26_G10,10109195NASCIMENTOM,2026-02-26,123343,1,6,0,1047.0
10109195NASCIMENTOM_2026-02-26_G11,10109195NASCIMENTOM,2026-02-26,123345,1,4,0,114.0
10109195NASCIMENTOM_2026-02-26_G12,10109195NASCIMENTOM,2026-02-26,123343,1,2,0,56.0
10109195NASCIMENTOM_2026-02-26_G13,10109195NASCIMENTOM,2026-02-26,122984,1,8,0,258.0
10109195NASCIMENTOM_2026-02-26_G14,10109195NASCIMENTOM,2026-02-26,122984,1,4,0,129.0
10109195NASCIMENTOM_2026-02-26_G15,10109195NASCIMENTOM,2026-02-26,122984,1,8,0,95.0
10109195NASCIMENTOM_2026-02-26_G16,10109195NASCIMENTOM,2026-02-26,122984,1,8,0,102.0
10109195NASCIMENTOM_2026-02-26_G17,10109195NASCIMENTOM,2026-02-26,123560,1,2,0,287.0
10109195NASCIMENTOM_2026-02-26_G18,10109195NASCIMENTOM,2026-02-26,124486,1,10,0,509.0
10109195NASCIMENTOM_2026-02-26_G19,10109195NASCIMENTOM,2026-02-26,124594,1,4,0,161.0
10109195NASCIMENTOM_2026-02-26_G20,10109195NASCIMENTOM,2026-02-26,124477,1,2,0,169.0
10109195NASCIMENTOM_2026-02-26_G21,10109195NASCIMENTOM,2026-02-26,123561,1,4,0,510.0
10109195NASCIMENTOM_2026-02-26_G22,10109195NASCIMENTOM,2026-02-26,121651,1,2,0,63.0
10109195NASCIMENTOM_2026-02-26_G23,10109195NASCIMENTOM,2026-02-26,120028,2,4,20,47.0
10109195NASCIMENTOM_2026-03-25_G02,10109195NASCIMENTOM,2026-03-25,110374,1,16,0,722.0
10109195NASCIMENTOM_2026-03-25_G03,10109195NASCIMENTOM,2026-03-25,117830,1,28,0,316.0
10109195NASCIMENTOM_2026-03-25_G04,10109195NASCIMENTOM,2026-03-25,140923,1,20,0,243.0
10109195NASCIMENTOM_2026-03-25_G05,10109195NASCIMENTOM,2026-03-25,140923,1,40,0,50.0
10109195NASCIMENTOM_2026-03-25_G06,10109195NASCIMENTOM,2026-03-25,111879,1,16,0,398.0
10109195NASCIMENTOM_2026-03-25_G07,10109195NASCIMENTOM,2026-03-25,110310,1,11,0,446.0
10109195NASCIMENTOM_2026-03-25_G08,10109195NASCIMENTOM,2026-03-25,111569,1,6,0,155.0
10109195NASCIMENTOM_2026-03-25_G09,10109195NASCIMENTOM,2026-03-25,110682,1,2,0,126.0
10109195NASCIMENTOM_2026-03-25_G10,10109195NASCIMENTOM,2026-03-25,110742,1,14,0,420.0
10109195NASCIMENTOM_2026-03-25_G11,10109195NASCIMENTOM,2026-03-25,106865,1,4,0,225.0
10109195NASCIMENTOM_2026-03-25_G12,10109195NASCIMENTOM,2026-03-25,105272,1,8,0,227.0
10109195NASCIMENTOM_2026-03-25_G13,10109195NASCIMENTOM,2026-03-25,111465,1,17,0,621.0
10109195NASCIMENTOM_2026-03-25_G14,10109195NASCIMENTOM,2026-03-25,141457,1,14,0,733.0
10109195NASCIMENTOM_2026-03-25_G15,10109195NASCIMENTOM,2026-03-25,105705,1,6,0,718.0
10109195NASCIMENTOM_2026-03-25_G16,10109195NASCIMENTOM,2026-03-25,111330,1,1,0,1050.0
10109195NASCIMENTOM_2026-03-25_G17,10109195NASCIMENTOM,2026-03-25,117841,1,1,0,654.0
10109195NASCIMENTOM_2026-03-25_G18,10109195NASCIMENTOM,2026-03-25,111463,1,58,0,583.0
10109195NASCIMENTOM_2026-03-25_G19,10109195NASCIMENTOM,2026-03-25,110374,1,32,0,238.0
10109195NASCIMENTOM_2026-03-25_G20,10109195NASCIMENTOM,2026-03-25,117820,1,80,0,381.0
10109195NASCIMENTOM_2026-03-25_G21,10109195NASCIMENTOM,2026-03-25,110372,1,400,0,1459.0
10109195NASCIMENTOM_2026-03-26_G02,10109195NASCIMENTOM,2026-03-26,118283,1,63,0,308.0
10109195NASCIMENTOM_2026-03-26_G03,10109195NASCIMENTOM,2026-03-26,142045,1,100,0,683.0
10109195NASCIMENTOM_2026-03-26_G04,10109195NASCIMENTOM,2026-03-26,111466,1,66,0,1667.0
10109195NASCIMENTOM_2026-03-26_G05,10109195NASCIMENTOM,2026-03-26,111466,1,54,0,311.0
10109195NASCIMENTOM_2026-03-26_G06,10109195NASCIMENTOM,2026-03-26,111110,1,5,0,341.0
10109195NASCIMENTOM_2026-03-26_G07,10109195NASCIMENTOM,2026-03-26,111602,1,69,0,1132.0
10109195NASCIMENTOM_2026-03-26_G08,10109195NASCIMENTOM,2026-03-26,141066,1,43,0,330.0
10109195NASCIMENTOM_2026-03-26_G09,10109195NASCIMENTOM,2026-03-26,111466,1,8,0,1195.0
10109195NASCIMENTOM_2026-03-26_G10,10109195NASCIMENTOM,2026-03-26,111466,1,20,0,122.0
10109195NASCIMENTOM_2026-03-26_G11,10109195NASCIMENTOM,2026-03-26,111532,1,20,0,244.0
10109195NASCIMENTOM_2026-03-26_G12,10109195NASCIMENTOM,2026-03-26,110787,1,8,0,146.0
10109195NASCIMENTOM_2026-03-26_G13,10109195NASCIMENTOM,2026-03-26,111418,1,30,0,634.0
10109195NASCIMENTOM_2026-03-26_G14,10109195NASCIMENTOM,2026-03-26,111468,1,8,0,47.0
10109195NASCIMENTOM_2026-03-26_G15,10109195NASCIMENTOM,2026-03-26,105705,1,12,0,365.0
10109195NASCIMENTOM_2026-03-26_G16,10109195NASCIMENTOM,2026-03-26,141458,1,18,0,178.0
10109195NASCIMENTOM_2026-03-26_G17,10109195NASCIMENTOM,2026-03-26,142045,1,20,0,252.0
10109195NASCIMENTOM_2026-03-26_G18,10109195NASCIMENTOM,2026-03-26,111530,1,12,0,381.0
10109195NASCIMENTOM_2026-03-26_G19,10109195NASCIMENTOM,2026-03-26,111530,1,12,0,96.0
10109195NASCIMENTOM_2026-03-26_G20,10109195NASCIMENTOM,2026-03-26,111530,1,7,0,161.0
10109198AGUIARJ_2025-01-29_G02,10109198AGUIARJ,2025-01-29,123909,1,56,0,78.0
10109198AGUIARJ_2025-01-29_G03,10109198AGUIARJ,2025-01-29,122703,1,25,0,332.0
10109198AGUIARJ_2025-01-29_G04,10109198AGUIARJ,2025-01-29,121760,1,20,0,542.0
10109198AGUIARJ_2025-01-29_G05,10109198AGUIARJ,2025-01-29,122185,1,48,0,734.0
10109198AGUIARJ_2025-01-29_G06,10109198AGUIARJ,2025-01-29,122983,1,24,0,56.0
10109198AGUIARJ_2025-01-29_G07,10109198AGUIARJ,2025-01-29,122673,1,2,0,94.0
10109198AGUIARJ_2025-01-29_G08,10109198AGUIARJ,2025-01-29,124247,1,12,0,334.0
10109198AGUIARJ_2025-01-30_G02,10109198AGUIARJ,2025-01-30,121651,1,37,0,357.0
10109198AGUIARJ_2025-01-30_G03,10109198AGUIARJ,2025-01-30,123343,1,20,0,914.0
10109198AGUIARJ_2025-01-30_G04,10109198AGUIARJ,2025-01-30,123343,1,36,0,99.0
10109198AGUIARJ_2025-01-30_G05,10109198AGUIARJ,2025-01-30,123345,1,79,0,508.0
10109198AGUIARJ_2025-01-30_G07,10109198AGUIARJ,2025-01-30,122984,1,15,0,509.0
10109198AGUIARJ_2025-01-30_G08,10109198AGUIARJ,2025-01-30,123344,1,20,0,374.0
10109198AGUIARJ_2025-01-30_G09,10109198AGUIARJ,2025-01-30,122962,1,10,0,268.0
10109198AGUIARJ_2025-01-30_G10,10109198AGUIARJ,2025-01-30,124370,1,15,0,420.0
10109198AGUIARJ_2025-01-30_G11,10109198AGUIARJ,2025-01-30,121651,1,5,0,39.0
10109198AGUIARJ_2025-01-30_G12,10109198AGUIARJ,2025-01-30,123080,1,25,0,538.0
10109198AGUIARJ_2025-01-30_G13,10109198AGUIARJ,2025-01-30,123344,1,20,0,301.0
10109198AGUIARJ_2025-01-31_G02,10109198AGUIARJ,2025-01-31,120389,1,5,0,128.0
10109198AGUIARJ_2025-01-31_G03,10109198AGUIARJ,2025-01-31,122647,1,4,0,166.0
10109198AGUIARJ_2025-01-31_G04,10109198AGUIARJ,2025-01-31,123344,1,6,0,280.0
10109198AGUIARJ_2025-01-31_G05,10109198AGUIARJ,2025-01-31,121651,1,10,0,252.0
10109198AGUIARJ_2025-01-31_G06,10109198AGUIARJ,2025-01-31,121760,1,16,0,319.0
10109198AGUIARJ_2025-01-31_G07,10109198AGUIARJ,2025-01-31,123345,1,4,0,184.0
10109198AGUIARJ_2025-01-31_G08,10109198AGUIARJ,2025-01-31,123344,1,8,0,153.0
10109198AGUIARJ_2025-01-31_G09,10109198AGUIARJ,2025-01-31,122962,1,4,0,251.0
10109198AGUIARJ_2025-01-31_G10,10109198AGUIARJ,2025-01-31,123909,1,2,0,174.0
10109198AGUIARJ_2025-01-31_G11,10109198AGUIARJ,2025-01-31,123153,1,10,0,243.0
10109198AGUIARJ_2025-01-31_G12,10109198AGUIARJ,2025-01-31,123562,1,1,0,41.0
10109198AGUIARJ_2025-01-31_G13,10109198AGUIARJ,2025-01-31,122671,1,2,0,36.0
10109198AGUIARJ_2025-01-31_G14,10109198AGUIARJ,2025-01-31,124247,1,1,0,54.0
10109198AGUIARJ_2025-01-31_G15,10109198AGUIARJ,2025-01-31,121760,1,12,0,224.0
10109198AGUIARJ_2025-01-31_G16,10109198AGUIARJ,2025-01-31,122985,1,2,0,78.0
10109198AGUIARJ_2025-01-31_G17,10109198AGUIARJ,2025-01-31,123345,1,6,0,84.0
10109198AGUIARJ_2025-01-31_G18,10109198AGUIARJ,2025-01-31,123344,1,10,0,142.0
10109198AGUIARJ_2025-01-31_G19,10109198AGUIARJ,2025-01-31,124370,1,10,0,119.0
10109198AGUIARJ_2025-01-31_G20,10109198AGUIARJ,2025-01-31,123909,1,12,0,370.0
10109198AGUIARJ_2025-01-31_G21,10109198AGUIARJ,2025-01-31,123344,1,12,0,1024.0
10109198AGUIARJ_2025-01-31_G22,10109198AGUIARJ,2025-01-31,123521,1,4,0,79.0
10109198AGUIARJ_2025-01-31_G23,10109198AGUIARJ,2025-01-31,121760,1,36,0,1047.0
10109198AGUIARJ_2025-01-31_G24,10109198AGUIARJ,2025-01-31,121760,2,27,13,490.0
10109198AGUIARJ_2025-01-31_G25,10109198AGUIARJ,2025-01-31,123343,1,36,0,252.0
10109198AGUIARJ_2025-01-31_G26,10109198AGUIARJ,2025-01-31,123343,1,24,0,35.0
10109198AGUIARJ_2025-01-31_G28,10109198AGUIARJ,2025-01-31,123907,1,3,0,68.0
10109198AGUIARJ_2025-01-31_G29,10109198AGUIARJ,2025-01-31,123344,1,44,0,1711.0
10109198AGUIARJ_2025-01-31_G30,10109198AGUIARJ,2025-01-31,123909,1,28,0,847.0
10109198AGUIARJ_2025-01-31_G31,10109198AGUIARJ,2025-01-31,123907,1,16,0,430.0
10109198AGUIARJ_2025-01-31_G32,10109198AGUIARJ,2025-01-31,123343,1,28,0,127.0
10109198AGUIARJ_2025-01-31_G33,10109198AGUIARJ,2025-01-31,123345,1,17,0,510.0
10109198AGUIARJ_2025-01-31_G34,10109198AGUIARJ,2025-01-31,123344,1,80,0,874.0
10109198AGUIARJ_2025-01-31_G35,10109198AGUIARJ,2025-01-31,122962,1,8,0,171.0
10109198AGUIARJ_2025-01-31_G36,10109198AGUIARJ,2025-01-31,122986,1,3,0,220.0
10109198AGUIARJ_2025-01-31_G37,10109198AGUIARJ,2025-01-31,124370,1,36,0,411.0
10109198AGUIARJ_2025-01-31_G38,10109198AGUIARJ,2025-01-31,123153,1,25,0,434.0
10109198AGUIARJ_2025-01-31_G39,10109198AGUIARJ,2025-01-31,124371,1,6,0,85.0
10109198AGUIARJ_2025-01-31_G40,10109198AGUIARJ,2025-01-31,124248,1,4,0,151.0
10109198AGUIARJ_2025-01-31_G41,10109198AGUIARJ,2025-01-31,121651,1,33,0,496.0
10109198AGUIARJ_2025-01-31_G42,10109198AGUIARJ,2025-01-31,122673,1,18,0,258.0
10109199MORENOB_2025-01-06_G04,10109199MORENOB,2025-01-06,122647,1,19,0,451.0
10109199MORENOB_2025-01-06_G05,10109199MORENOB,2025-01-06,180420,1,9,0,1033.0
10109199MORENOB_2025-01-06_G06,10109199MORENOB,2025-01-06,120321,1,10,0,311.0
10109199MORENOB_2025-01-06_G07,10109199MORENOB,2025-01-06,122553,1,12,0,186.0
10109199MORENOB_2025-01-08_G02,10109199MORENOB,2025-01-08,123345,1,4,0,356.0
10109199MORENOB_2025-01-08_G03,10109199MORENOB,2025-01-08,123343,1,5,0,80.0
10109199MORENOB_2025-01-08_G04,10109199MORENOB,2025-01-08,123907,1,2,0,265.0
10109199MORENOB_2025-01-08_G05,10109199MORENOB,2025-01-08,124248,1,4,0,64.0
10109199MORENOB_2025-01-08_G06,10109199MORENOB,2025-01-08,121760,1,2,0,108.0
10109199MORENOB_2025-01-08_G07,10109199MORENOB,2025-01-08,121923,1,1,0,328.0
10109199MORENOB_2025-01-08_G08,10109199MORENOB,2025-01-08,121760,1,6,0,453.0
10109199MORENOB_2025-01-08_G09,10109199MORENOB,2025-01-08,123345,1,4,0,573.0
10109199MORENOB_2025-01-08_G10,10109199MORENOB,2025-01-08,123344,1,6,0,113.0
10109199MORENOB_2025-01-08_G11,10109199MORENOB,2025-01-08,120389,1,2,0,245.0
10109199MORENOB_2025-01-08_G12,10109199MORENOB,2025-01-08,120339,1,6,0,172.0
10109199MORENOB_2025-01-08_G13,10109199MORENOB,2025-01-08,123343,1,4,0,212.0
10109199MORENOB_2025-01-08_G14,10109199MORENOB,2025-01-08,123343,1,8,0,147.0
10109199MORENOB_2025-01-08_G15,10109199MORENOB,2025-01-08,123947,1,8,0,223.0
10109199MORENOB_2025-01-08_G16,10109199MORENOB,2025-01-08,123344,1,4,0,132.0
10109199MORENOB_2025-01-08_G17,10109199MORENOB,2025-01-08,123343,1,6,0,342.0
10109199MORENOB_2025-01-08_G18,10109199MORENOB,2025-01-08,123343,1,4,0,57.0
10109199MORENOB_2025-01-08_G19,10109199MORENOB,2025-01-08,123343,1,10,0,275.0
10109199MORENOB_2025-01-08_G20,10109199MORENOB,2025-01-08,123889,2,6,13,329.0
10109199MORENOB_2025-01-08_G21,10109199MORENOB,2025-01-08,123947,2,6,17,211.0
10109199MORENOB_2025-01-08_G22,10109199MORENOB,2025-01-08,123344,1,7,0,605.0
10109199MORENOB_2025-01-18_G02,10109199MORENOB,2025-01-18,121760,2,8,22,83.0
10109199MORENOB_2025-01-18_G03,10109199MORENOB,2025-01-18,123907,1,4,0,3012.0
10109199MORENOB_2025-01-18_G04,10109199MORENOB,2025-01-18,121760,1,16,0,706.0
10109199MORENOB_2025-01-30_G02,10109199MORENOB,2025-01-30,123343,1,8,0,301.0
10109199MORENOB_2025-01-30_G03,10109199MORENOB,2025-01-30,122671,1,8,0,224.0
10109199MORENOB_2025-01-30_G04,10109199MORENOB,2025-01-30,123153,1,16,0,506.0
10109199MORENOB_2025-01-30_G05,10109199MORENOB,2025-01-30,124264,1,14,0,141.0
10109199MORENOB_2025-01-30_G06,10109199MORENOB,2025-01-30,123889,1,4,0,144.0
10109199MORENOB_2025-01-30_G07,10109199MORENOB,2025-01-30,123153,1,20,0,509.0
10109199MORENOB_2025-01-30_G08,10109199MORENOB,2025-01-30,124264,1,16,0,279.0
10109199MORENOB_2025-01-30_G09,10109199MORENOB,2025-01-30,123889,1,2,0,122.0
10109199MORENOB_2025-01-30_G10,10109199MORENOB,2025-01-30,123153,1,22,0,656.0
10109199MORENOB_2025-01-30_G11,10109199MORENOB,2025-01-30,124264,1,8,0,228.0
10109199MORENOB_2025-01-30_G12,10109199MORENOB,2025-01-30,123889,1,2,0,186.0
10109199MORENOB_2025-01-30_G13,10109199MORENOB,2025-01-30,123947,1,2,0,108.0
10109199MORENOB_2025-01-30_G14,10109199MORENOB,2025-01-30,123344,1,12,0,301.0
10109199MORENOB_2025-01-30_G15,10109199MORENOB,2025-01-30,124370,1,10,0,687.0
10109199MORENOB_2025-01-30_G16,10109199MORENOB,2025-01-30,121651,1,6,0,2272.0
10109199MORENOB_2025-01-30_G17,10109199MORENOB,2025-01-30,121760,1,6,0,273.0
10109199MORENOB_2025-01-30_G18,10109199MORENOB,2025-01-30,123153,1,16,0,462.0
10109199MORENOB_2025-01-30_G19,10109199MORENOB,2025-01-30,124370,1,2,0,71.0
10109199MORENOB_2025-01-30_G20,10109199MORENOB,2025-01-30,121651,1,6,0,90.0
10109199MORENOB_2025-01-30_G21,10109199MORENOB,2025-01-30,122703,1,4,0,1151.0
10109199MORENOB_2025-01-30_G22,10109199MORENOB,2025-01-30,123345,1,4,0,224.0
10109199MORENOB_2025-01-30_G23,10109199MORENOB,2025-01-30,123344,1,6,0,176.0
10109199MORENOB_2025-01-30_G24,10109199MORENOB,2025-01-30,121760,1,6,0,100.0
10109199MORENOB_2025-01-30_G25,10109199MORENOB,2025-01-30,123153,1,8,0,136.0
10109199MORENOB_2025-01-30_G26,10109199MORENOB,2025-01-30,123889,1,4,0,289.0
10109199MORENOB_2025-01-30_G27,10109199MORENOB,2025-01-30,121760,1,10,0,725.0
10109199MORENOB_2025-02-01_G02,10109199MORENOB,2025-02-01,120003,1,20,0,648.0
10109199MORENOB_2025-02-01_G03,10109199MORENOB,2025-02-01,111466,1,76,0,688.0
10109199MORENOB_2025-02-01_G04,10109199MORENOB,2025-02-01,109645,1,61,0,249.0
10109199MORENOB_2025-02-01_G05,10109199MORENOB,2025-02-01,105705,1,140,0,902.0
10109199MORENOB_2025-02-01_G06,10109199MORENOB,2025-02-01,117787,1,178,0,147.0
10109199MORENOB_2025-02-08_G02,10109199MORENOB,2025-02-08,120271,1,8,0,166.0
10109199MORENOB_2025-02-08_G03,10109199MORENOB,2025-02-08,124248,1,12,0,117.0
10109199MORENOB_2025-02-08_G04,10109199MORENOB,2025-02-08,122185,1,28,0,358.0
10109199MORENOB_2025-02-08_G05,10109199MORENOB,2025-02-08,123562,1,8,0,117.0
10109199MORENOB_2025-02-08_G06,10109199MORENOB,2025-02-08,122982,1,12,0,184.0
10109199MORENOB_2025-02-08_G07,10109199MORENOB,2025-02-08,120028,1,30,0,723.0
10109199MORENOB_2025-02-08_G08,10109199MORENOB,2025-02-08,124247,1,12,0,261.0
10109199MORENOB_2025-02-08_G09,10109199MORENOB,2025-02-08,122983,1,13,0,229.0
10109199MORENOB_2025-02-08_G10,10109199MORENOB,2025-02-08,122185,3,12,41,379.0
10109199MORENOB_2025-02-08_G12,10109199MORENOB,2025-02-08,123520,1,2,0,495.0
10109199MORENOB_2025-02-08_G13,10109199MORENOB,2025-02-08,122981,1,6,0,1802.0
10109199MORENOB_2025-02-08_G14,10109199MORENOB,2025-02-08,120271,1,5,0,107.0
10109199MORENOB_2025-02-08_G15,10109199MORENOB,2025-02-08,122185,1,100,0,815.0
10109199MORENOB_2025-02-08_G16,10109199MORENOB,2025-02-08,124371,1,4,0,301.0
10109199MORENOB_2025-02-08_G17,10109199MORENOB,2025-02-08,122671,1,2,0,49.0
10109199MORENOB_2025-02-08_G18,10109199MORENOB,2025-02-08,123909,1,30,0,266.0
10109199MORENOB_2025-02-08_G19,10109199MORENOB,2025-02-08,123907,1,20,0,130.0
10109199MORENOB_2025-02-08_G20,10109199MORENOB,2025-02-08,120339,1,15,0,306.0
10109199MORENOB_2025-02-08_G21,10109199MORENOB,2025-02-08,121760,1,16,0,372.0
10109199MORENOB_2025-02-08_G22,10109199MORENOB,2025-02-08,123343,1,3,0,341.0
10109199MORENOB_2025-02-08_G23,10109199MORENOB,2025-02-08,121760,1,4,0,818.0
10109199MORENOB_2025-05-16_G02,10109199MORENOB,2025-05-16,109643,1,80,0,278.0
10109199MORENOB_2025-05-16_G03,10109199MORENOB,2025-05-16,117808,1,1149,0,1264.0
10109199MORENOB_2025-05-16_G04,10109199MORENOB,2025-05-16,117862,1,1,0,1453.0
10109199MORENOB_2025-05-16_G05,10109199MORENOB,2025-05-16,111330,2,12,8,1063.0
10109199MORENOB_2025-05-16_G06,10109199MORENOB,2025-05-16,118322,1,5,0,1209.0
10109199MORENOB_2025-05-16_G07,10109199MORENOB,2025-05-16,111655,1,4,0,359.0
10109199MORENOB_2025-05-16_G08,10109199MORENOB,2025-05-16,118418,1,4,0,142.0
10109199MORENOB_2025-05-16_G09,10109199MORENOB,2025-05-16,110743,1,2,0,107.0
10109199MORENOB_2025-05-16_G10,10109199MORENOB,2025-05-16,108795,1,2,0,77.0
10109199MORENOB_2025-05-16_G11,10109199MORENOB,2025-05-16,111469,1,3,0,48.0
10109199MORENOB_2025-05-16_G12,10109199MORENOB,2025-05-16,140922,1,4,0,106.0
10109199MORENOB_2025-05-16_G13,10109199MORENOB,2025-05-16,111468,1,1,0,112.0
10109199MORENOB_2025-05-16_G14,10109199MORENOB,2025-05-16,111463,1,15,0,284.0
10109199MORENOB_2025-05-16_G15,10109199MORENOB,2025-05-16,117833,1,7,0,70.0
10109199MORENOB_2025-05-16_G16,10109199MORENOB,2025-05-16,111532,1,6,0,109.0
10109199MORENOB_2025-05-16_G17,10109199MORENOB,2025-05-16,117831,1,4,0,121.0
10109199MORENOB_2025-05-16_G18,10109199MORENOB,2025-05-16,110787,1,5,0,61.0
10109199MORENOB_2025-05-16_G19,10109199MORENOB,2025-05-16,110332,1,2,0,423.0
10109199MORENOB_2025-05-16_G20,10109199MORENOB,2025-05-16,110895,1,1,0,103.0
10109199MORENOB_2025-05-16_G21,10109199MORENOB,2025-05-16,118418,1,3,0,34.0
10109199MORENOB_2025-05-16_G22,10109199MORENOB,2025-05-16,111172,1,4,0,96.0
10109199MORENOB_2025-05-16_G23,10109199MORENOB,2025-05-16,117821,1,30,0,350.0
10109199MORENOB_2025-05-16_G24,10109199MORENOB,2025-05-16,110740,1,4,0,125.0
10109199MORENOB_2025-05-16_G25,10109199MORENOB,2025-05-16,140922,1,3,0,39.0
10109199MORENOB_2025-05-16_G26,10109199MORENOB,2025-05-16,111418,1,4,0,69.0
10109199MORENOB_2025-05-16_G27,10109199MORENOB,2025-05-16,117785,1,4,0,105.0
10109199MORENOB_2025-05-16_G28,10109199MORENOB,2025-05-16,"117832, 118299",2,12,18,85.0
10109199MORENOB_2025-05-16_G29,10109199MORENOB,2025-05-16,117855,1,2,0,119.0
10109199MORENOB_2025-05-16_G30,10109199MORENOB,2025-05-16,118094,1,16,0,761.0
10109199MORENOB_2025-05-16_G31,10109199MORENOB,2025-05-16,117832,1,4,0,59.0
10109199MORENOB_2025-05-16_G32,10109199MORENOB,2025-05-16,110373,1,1,0,184.0
10109199MORENOB_2025-05-16_G33,10109199MORENOB,2025-05-16,118004,1,2,0,136.0
10109199MORENOB_2025-05-16_G35,10109199MORENOB,2025-05-16,110787,1,4,0,144.0
10109199MORENOB_2025-05-16_G36,10109199MORENOB,2025-05-16,118140,1,4,0,72.0
10109199MORENOB_2025-05-16_G37,10109199MORENOB,2025-05-16,111348,1,12,0,146.0
10109199MORENOB_2025-05-16_G38,10109199MORENOB,2025-05-16,118283,1,4,0,262.0
10109199MORENOB_2025-05-16_G39,10109199MORENOB,2025-05-16,111861,1,2,0,64.0
10109199MORENOB_2025-05-16_G40,10109199MORENOB,2025-05-16,117789,1,7,0,112.0
10109199MORENOB_2025-05-16_G41,10109199MORENOB,2025-05-16,109937,1,1,0,58.0
10109199MORENOB_2025-05-16_G42,10109199MORENOB,2025-05-16,"118403, 117855",2,8,30,181.0
10109199MORENOB_2025-05-16_G43,10109199MORENOB,2025-05-16,110711,1,8,0,136.0
10109199MORENOB_2025-05-16_G44,10109199MORENOB,2025-05-16,118285,1,2,0,210.0
10109199MORENOB_2025-05-16_G45,10109199MORENOB,2025-05-16,118140,1,11,0,135.0
10109199MORENOB_2025-06-06_G02,10109199MORENOB,2025-06-06,122962,1,40,0,547.0
10109199MORENOB_2025-06-06_G03,10109199MORENOB,2025-06-06,124486,1,80,0,1193.0
10109199MORENOB_2025-06-06_G04,10109199MORENOB,2025-06-06,122673,1,18,0,353.0
10109199MORENOB_2025-06-06_G05,10109199MORENOB,2025-06-06,123909,1,12,0,774.0
10109199MORENOB_2025-06-06_G06,10109199MORENOB,2025-06-06,122673,1,16,0,267.0
10109199MORENOB_2025-06-06_G07,10109199MORENOB,2025-06-06,122188,1,4,0,174.0
10109199MORENOB_2025-06-18_G02,10109199MORENOB,2025-06-18,109640,1,7,0,244.0
10109199MORENOB_2025-06-18_G03,10109199MORENOB,2025-06-18,111530,2,16,12,73.0
10109199MORENOB_2025-06-18_G04,10109199MORENOB,2025-06-18,109643,1,4,0,32.0
10109199MORENOB_2025-06-18_G05,10109199MORENOB,2025-06-18,110376,4,14,30,75.0
10109199MORENOB_2025-06-18_G06,10109199MORENOB,2025-06-18,117830,1,8,0,153.0
10109199MORENOB_2025-06-18_G07,10109199MORENOB,2025-06-18,117820,2,20,6,666.0
10109199MORENOB_2025-06-18_G08,10109199MORENOB,2025-06-18,141202,1,7,0,219.0
10109199MORENOB_2025-06-18_G09,10109199MORENOB,2025-06-18,117785,1,4,0,158.0
10109199MORENOB_2025-06-18_G10,10109199MORENOB,2025-06-18,111463,1,12,0,71.0
10109199MORENOB_2025-06-18_G11,10109199MORENOB,2025-06-18,140922,2,28,8,133.0
10109199MORENOB_2025-06-18_G12,10109199MORENOB,2025-06-18,111466,2,8,6,128.0
10109199MORENOB_2025-06-18_G13,10109199MORENOB,2025-06-18,111532,2,8,26,339.0
10109199MORENOB_2025-06-18_G14,10109199MORENOB,2025-06-18,111431,1,4,0,73.0
10109199MORENOB_2025-06-18_G15,10109199MORENOB,2025-06-18,111434,10,60,109,429.0
10109199MORENOB_2025-06-18_G16,10109199MORENOB,2025-06-18,111442,2,8,10,846.0
10109199MORENOB_2025-06-18_G17,10109199MORENOB,2025-06-18,111465,1,4,0,53.0
10109199MORENOB_2025-06-18_G18,10109199MORENOB,2025-06-18,117835,1,4,0,65.0
10109199MORENOB_2025-06-18_G19,10109199MORENOB,2025-06-18,111743,1,2,0,136.0
10109199MORENOB_2025-06-24_G02,10109199MORENOB,2025-06-24,111530,1,50,0,486.0
10109199MORENOB_2025-06-24_G03,10109199MORENOB,2025-06-24,111466,1,50,0,163.0
10109199MORENOB_2025-06-24_G04,10109199MORENOB,2025-06-24,117831,1,60,0,214.0
10109199MORENOB_2025-06-24_G05,10109199MORENOB,2025-06-24,118299,1,700,0,1538.0
10109199MORENOB_2025-06-24_G06,10109199MORENOB,2025-06-24,141202,1,50,0,386.0
10109199MORENOB_2025-06-24_G07,10109199MORENOB,2025-06-24,118222,1,200,0,1710.0
10109199MORENOB_2025-06-24_G08,10109199MORENOB,2025-06-24,118311,1,1,0,389.0
10109199MORENOB_2025-06-24_G09,10109199MORENOB,2025-06-24,118251,1,4,0,110.0
10109199MORENOB_2025-06-24_G10,10109199MORENOB,2025-06-24,111437,1,4,0,101.0
10109199MORENOB_2025-06-24_G11,10109199MORENOB,2025-06-24,108759,1,2,0,51.0
10109199MORENOB_2025-06-24_G12,10109199MORENOB,2025-06-24,111418,1,33,0,322.0
10109199MORENOB_2025-06-24_G13,10109199MORENOB,2025-06-24,111468,1,6,0,236.0
10109199MORENOB_2025-06-24_G14,10109199MORENOB,2025-06-24,117788,1,4,0,607.0
10109199MORENOB_2025-06-24_G15,10109199MORENOB,2025-06-24,107629,1,6,0,50.0
10109199MORENOB_2025-06-24_G16,10109199MORENOB,2025-06-24,111650,1,4,0,97.0
10109199MORENOB_2025-06-24_G17,10109199MORENOB,2025-06-24,111602,1,20,0,298.0
10109199MORENOB_2025-06-24_G18,10109199MORENOB,2025-06-24,117935,1,6,0,78.0
10109199MORENOB_2025-06-24_G19,10109199MORENOB,2025-06-24,118299,1,50,0,305.0
10109199MORENOB_2025-10-11_G02,10109199MORENOB,2025-10-11,110755,1,2,0,765.0
10109199MORENOB_2025-10-11_G03,10109199MORENOB,2025-10-11,141318,1,8,0,186.0
10109199MORENOB_2025-10-11_G04,10109199MORENOB,2025-10-11,160057,1,3,0,114.0
10109199MORENOB_2025-10-11_G05,10109199MORENOB,2025-10-11,118290,1,4,0,173.0
10109199MORENOB_2025-10-11_G06,10109199MORENOB,2025-10-11,110747,1,4,0,75.0
10109199MORENOB_2025-10-11_G07,10109199MORENOB,2025-10-11,111530,1,12,0,151.0
10109199MORENOB_2025-10-11_G08,10109199MORENOB,2025-10-11,110756,1,2,0,86.0
10109199MORENOB_2025-10-11_G09,10109199MORENOB,2025-10-11,160054,1,10,0,84.0
10109199MORENOB_2025-10-11_G10,10109199MORENOB,2025-10-11,110373,1,30,0,334.0
10109199MORENOB_2025-10-11_G11,10109199MORENOB,2025-10-11,108798,1,7,0,124.0
10109199MORENOB_2025-10-11_G12,10109199MORENOB,2025-10-11,117832,1,4,0,74.0
10109199MORENOB_2025-10-11_G13,10109199MORENOB,2025-10-11,110375,1,4,0,67.0
10109199MORENOB_2025-10-11_G14,10109199MORENOB,2025-10-11,160051,1,5,0,301.0
10109199MORENOB_2025-10-11_G15,10109199MORENOB,2025-10-11,108794,1,12,0,49.0
10109199MORENOB_2025-10-11_G16,10109199MORENOB,2025-10-11,111466,1,10,0,68.0
10109199MORENOB_2025-10-11_G17,10109199MORENOB,2025-10-11,117809,1,3,0,107.0
10109199MORENOB_2025-10-11_G18,10109199MORENOB,2025-10-11,117834,1,4,0,1058.0
10109199MORENOB_2025-10-11_G19,10109199MORENOB,2025-10-11,140923,1,20,0,306.0
10109199MORENOB_2025-10-11_G20,10109199MORENOB,2025-10-11,111463,1,100,0,91.0
10109199MORENOB_2025-10-11_G21,10109199MORENOB,2025-10-11,160055,1,10,0,57.0
10109199MORENOB_2025-10-11_G22,10109199MORENOB,2025-10-11,111530,1,20,0,119.0
10109199MORENOB_2025-10-11_G23,10109199MORENOB,2025-10-11,110711,1,20,0,539.0
10109199MORENOB_2025-10-11_G24,10109199MORENOB,2025-10-11,"141823, 111431",2,30,26,219.0
10109199MORENOB_2025-10-11_G25,10109199MORENOB,2025-10-11,160052,1,4,0,161.0
10109199MORENOB_2025-10-11_G26,10109199MORENOB,2025-10-11,111602,4,54,59,690.0
10109199MORENOB_2025-10-11_G27,10109199MORENOB,2025-10-11,118094,1,20,0,153.0
10109199MORENOB_2025-10-11_G28,10109199MORENOB,2025-10-11,108794,1,20,0,681.0
10109199MORENOB_2025-10-11_G29,10109199MORENOB,2025-10-11,111466,1,4,0,126.0
10109199MORENOB_2025-10-11_G30,10109199MORENOB,2025-10-11,111442,1,12,0,335.0
10109199MORENOB_2025-10-11_G31,10109199MORENOB,2025-10-11,140922,1,30,0,62.0
10109199MORENOB_2025-10-11_G32,10109199MORENOB,2025-10-11,117821,1,30,0,270.0
10109199MORENOB_2025-10-11_G33,10109199MORENOB,2025-10-11,117831,1,8,0,378.0
10109199MORENOB_2025-10-11_G34,10109199MORENOB,2025-10-11,"141458, 111444",2,31,26,62.0
10109199MORENOB_2025-10-11_G35,10109199MORENOB,2025-10-11,117832,1,20,0,44.0
10109199MORENOB_2025-10-11_G36,10109199MORENOB,2025-10-11,"160053, 160051",2,22,16,55.0
10109199MORENOB_2025-10-11_G37,10109199MORENOB,2025-10-11,117820,1,100,0,283.0
10109199MORENOB_2025-10-11_G38,10109199MORENOB,2025-10-11,110325,1,60,0,146.0
10109199MORENOB_2025-10-11_G39,10109199MORENOB,2025-10-11,160054,1,50,0,284.0
10109199MORENOB_2025-10-11_G40,10109199MORENOB,2025-10-11,117808,1,2000,0,3441.0
10109199MORENOB_2025-10-11_G41,10109199MORENOB,2025-10-11,111466,1,96,0,2593.0
10109199MORENOB_2025-10-11_G42,10109199MORENOB,2025-10-11,117855,1,10,0,589.0
10109199MORENOB_2025-10-11_G43,10109199MORENOB,2025-10-11,140923,1,7,0,833.0
10109199MORENOB_2025-10-11_G44,10109199MORENOB,2025-10-11,107629,1,6,0,121.0
10109199MORENOB_2025-10-11_G45,10109199MORENOB,2025-10-11,110711,1,11,0,45.0
10109199MORENOB_2025-10-11_G46,10109199MORENOB,2025-10-11,141456,1,20,0,120.0
10109199MORENOB_2025-10-11_G47,10109199MORENOB,2025-10-11,118285,1,2,0,65.0
10109199MORENOB_2025-10-11_G48,10109199MORENOB,2025-10-11,110740,1,4,0,81.0
10109199MORENOB_2025-10-11_G49,10109199MORENOB,2025-10-11,108711,1,12,0,58.0
10109199MORENOB_2025-10-11_G50,10109199MORENOB,2025-10-11,141457,1,20,0,530.0
10109199MORENOB_2025-10-11_G51,10109199MORENOB,2025-10-11,111532,1,19,0,53.0
10109199MORENOB_2025-10-11_G52,10109199MORENOB,2025-10-11,108794,1,10,0,115.0
10109199MORENOB_2025-10-11_G53,10109199MORENOB,2025-10-11,"118140, 107236",2,22,16,246.0
10109199MORENOB_2025-10-11_G54,10109199MORENOB,2025-10-11,117808,2,60,17,512.0
10109199MORENOB_2025-10-11_G55,10109199MORENOB,2025-10-11,109648,1,8,0,199.0
10109199MORENOB_2025-10-11_G57,10109199MORENOB,2025-10-11,118306,1,5,0,120.0
10109199MORENOB_2025-10-11_G58,10109199MORENOB,2025-10-11,140923,1,108,0,194.0
10109199MORENOB_2025-10-11_G59,10109199MORENOB,2025-10-11,140912,1,2,0,300.0
10109199MORENOB_2025-10-11_G60,10109199MORENOB,2025-10-11,111569,1,8,0,270.0
10109199MORENOB_2025-10-11_G61,10109199MORENOB,2025-10-11,111435,1,7,0,559.0
10109199MORENOB_2025-10-11_G62,10109199MORENOB,2025-10-11,116241,1,4,0,55.0
10109199MORENOB_2025-10-11_G63,10109199MORENOB,2025-10-11,140922,1,4,0,157.0
10109199MORENOB_2025-10-11_G64,10109199MORENOB,2025-10-11,110711,1,30,0,542.0
10109199MORENOB_2025-10-14_G02,10109199MORENOB,2025-10-14,111466,1,40,0,56.0
10109199MORENOB_2025-10-14_G03,10109199MORENOB,2025-10-14,110740,1,18,0,188.0
10109199MORENOB_2025-10-14_G04,10109199MORENOB,2025-10-14,108711,1,2,0,280.0
10109199MORENOB_2025-10-14_G05,10109199MORENOB,2025-10-14,111743,1,2,0,128.0
10109199MORENOB_2025-10-14_G06,10109199MORENOB,2025-10-14,141457,1,40,0,57.0
10109199MORENOB_2025-10-14_G07,10109199MORENOB,2025-10-14,108794,1,12,0,360.0
10109199MORENOB_2025-10-14_G08,10109199MORENOB,2025-10-14,111465,1,2,0,78.0
10109199MORENOB_2025-10-14_G09,10109199MORENOB,2025-10-14,117821,1,1,0,83.0
10109199MORENOB_2025-10-14_G10,10109199MORENOB,2025-10-14,140922,1,3,0,41.0
10109199MORENOB_2025-10-14_G11,10109199MORENOB,2025-10-14,"141458, 107236",3,16,35,95.0
10109199MORENOB_2025-10-14_G12,10109199MORENOB,2025-10-14,111468,1,12,0,100.0
10109199MORENOB_2025-10-14_G13,10109199MORENOB,2025-10-14,110373,1,40,0,259.0
10109199MORENOB_2025-10-14_G14,10109199MORENOB,2025-10-14,117832,1,18,0,165.0
10109199MORENOB_2025-10-14_G15,10109199MORENOB,2025-10-14,110371,1,16,0,134.0
10109199MORENOB_2025-10-14_G16,10109199MORENOB,2025-10-14,110325,1,6,0,216.0
10109199MORENOB_2025-10-14_G17,10109199MORENOB,2025-10-14,117809,1,60,0,311.0
10109199MORENOB_2025-10-14_G18,10109199MORENOB,2025-10-14,117820,1,50,0,240.0
10109199MORENOB_2025-10-14_G19,10109199MORENOB,2025-10-14,118299,1,150,0,744.0
10109199MORENOB_2025-10-14_G20,10109199MORENOB,2025-10-14,141456,1,6,0,2143.0
10109199MORENOB_2025-10-14_G21,10109199MORENOB,2025-10-14,118140,1,10,0,36.0
10109199MORENOB_2025-10-14_G22,10109199MORENOB,2025-10-14,111466,1,12,0,113.0
10109199MORENOB_2025-10-14_G23,10109199MORENOB,2025-10-14,110751,1,3,0,110.0
10109199MORENOB_2025-10-14_G24,10109199MORENOB,2025-10-14,111418,1,30,0,371.0
10109199MORENOB_2025-10-14_G25,10109199MORENOB,2025-10-14,110740,1,4,0,71.0
10109199MORENOB_2025-10-14_G26,10109199MORENOB,2025-10-14,"111463, 141457",2,22,24,375.0
10109199MORENOB_2025-10-14_G27,10109199MORENOB,2025-10-14,111435,1,2,0,53.0
10109199MORENOB_2025-10-14_G28,10109199MORENOB,2025-10-14,111532,1,10,0,213.0
10109199MORENOB_2025-10-14_G29,10109199MORENOB,2025-10-14,111431,1,4,0,180.0
10109199MORENOB_2025-10-14_G30,10109199MORENOB,2025-10-14,117787,1,1,0,232.0
10109199MORENOB_2025-10-14_G31,10109199MORENOB,2025-10-14,"111442, 111444",2,8,16,97.0
10109199MORENOB_2025-10-14_G32,10109199MORENOB,2025-10-14,"117821, 140922",2,12,25,155.0
10109199MORENOB_2025-10-14_G33,10109199MORENOB,2025-10-14,141458,1,2,0,50.0
10109199MORENOB_2025-10-14_G34,10109199MORENOB,2025-10-14,107236,1,8,0,343.0
10109199MORENOB_2025-10-14_G35,10109199MORENOB,2025-10-14,110372,1,16,0,342.0
10109199MORENOB_2025-10-14_G36,10109199MORENOB,2025-10-14,110373,1,34,0,382.0
10109199MORENOB_2025-10-14_G37,10109199MORENOB,2025-10-14,117808,1,16,0,251.0
10109199MORENOB_2025-10-14_G38,10109199MORENOB,2025-10-14,110371,1,8,0,90.0
10109199MORENOB_2025-10-14_G39,10109199MORENOB,2025-10-14,118299,1,12,0,89.0
10109199MORENOB_2025-10-14_G40,10109199MORENOB,2025-10-14,"117820, 110325",2,12,29,160.0
10109199MORENOB_2025-10-14_G41,10109199MORENOB,2025-10-14,111466,1,8,0,563.0
10109199MORENOB_2025-10-14_G42,10109199MORENOB,2025-10-14,111418,2,20,9,86.0
10109199MORENOB_2025-10-14_G43,10109199MORENOB,2025-10-14,111443,1,2,0,74.0
10109199MORENOB_2025-10-14_G44,10109199MORENOB,2025-10-14,110740,1,4,0,41.0
10109199MORENOB_2025-10-14_G45,10109199MORENOB,2025-10-14,111463,1,20,0,223.0
10109199MORENOB_2025-10-14_G46,10109199MORENOB,2025-10-14,141823,1,4,0,47.0
10109199MORENOB_2025-10-14_G47,10109199MORENOB,2025-10-14,108794,1,2,0,64.0
10109199MORENOB_2025-10-14_G48,10109199MORENOB,2025-10-14,111465,1,4,0,115.0
10109199MORENOB_2025-10-14_G49,10109199MORENOB,2025-10-14,117787,1,1,0,38.0
10109199MORENOB_2025-10-14_G50,10109199MORENOB,2025-10-14,"111469, 109641",2,12,15,53.0
10109199MORENOB_2025-10-14_G51,10109199MORENOB,2025-10-14,"118317, 111442",2,4,27,49.0
10109199MORENOB_2025-10-14_G52,10109199MORENOB,2025-10-14,140922,1,4,0,186.0
10109199MORENOB_2025-10-14_G53,10109199MORENOB,2025-10-14,111172,1,4,0,58.0
10109199MORENOB_2025-10-14_G54,10109199MORENOB,2025-10-14,141458,1,2,0,42.0
10109199MORENOB_2025-10-14_G55,10109199MORENOB,2025-10-14,"118140, 111602",2,16,22,62.0
10109199MORENOB_2025-10-14_G56,10109199MORENOB,2025-10-14,107629,1,1,0,183.0
10109199MORENOB_2025-10-14_G57,10109199MORENOB,2025-10-14,110711,1,4,0,91.0
10109199MORENOB_2025-10-14_G58,10109199MORENOB,2025-10-14,117853,1,4,0,51.0
10109199MORENOB_2025-10-14_G59,10109199MORENOB,2025-10-14,111467,1,2,0,76.0
10109199MORENOB_2025-10-14_G60,10109199MORENOB,2025-10-14,111602,1,5,0,78.0
10109199MORENOB_2025-10-14_G61,10109199MORENOB,2025-10-14,118222,1,2,0,2380.0
10109199MORENOB_2025-10-14_G62,10109199MORENOB,2025-10-14,118094,1,2,0,174.0
10109199MORENOB_2025-10-14_G63,10109199MORENOB,2025-10-14,107629,1,3,0,134.0
10109199MORENOB_2025-10-14_G64,10109199MORENOB,2025-10-14,105705,1,1,0,156.0
10109199MORENOB_2025-10-14_G65,10109199MORENOB,2025-10-14,141457,1,4,0,92.0
10109199MORENOB_2025-10-14_G66,10109199MORENOB,2025-10-14,111442,1,3,0,126.0
10109199MORENOB_2025-10-14_G67,10109199MORENOB,2025-10-14,140922,1,12,0,60.0
10109199MORENOB_2025-10-14_G68,10109199MORENOB,2025-10-14,118299,1,2,0,159.0
10109199MORENOB_2025-10-14_G69,10109199MORENOB,2025-10-14,110371,1,11,0,140.0
10109199MORENOB_2025-10-14_G70,10109199MORENOB,2025-10-14,110373,1,11,0,246.0
10109199MORENOB_2025-10-14_G71,10109199MORENOB,2025-10-14,107830,1,4,0,104.0
10109199MORENOB_2025-10-14_G72,10109199MORENOB,2025-10-14,109647,2,4,6,490.0
10109199MORENOB_2025-10-14_G73,10109199MORENOB,2025-10-14,110741,1,4,0,87.0
10109199MORENOB_2025-10-14_G74,10109199MORENOB,2025-10-14,111530,1,12,0,62.0
10109199MORENOB_2025-10-14_G75,10109199MORENOB,2025-10-14,117862,1,1,0,87.0
10109199MORENOB_2025-10-14_G76,10109199MORENOB,2025-10-14,117853,1,4,0,71.0
10109199MORENOB_2025-10-14_G77,10109199MORENOB,2025-10-14,111467,1,2,0,142.0
10109199MORENOB_2025-10-14_G78,10109199MORENOB,2025-10-14,117786,1,2,0,117.0
10109199MORENOB_2025-10-14_G79,10109199MORENOB,2025-10-14,111743,1,2,0,379.0
10109199MORENOB_2025-10-14_G80,10109199MORENOB,2025-10-14,"105705, 118140",2,8,30,64.0
10109199MORENOB_2025-10-14_G81,10109199MORENOB,2025-10-14,108795,1,2,0,60.0
10109199MORENOB_2025-10-14_G82,10109199MORENOB,2025-10-14,141457,1,4,0,76.0
10109199MORENOB_2025-10-14_G83,10109199MORENOB,2025-10-14,111532,1,8,0,128.0
10109199MORENOB_2025-10-14_G84,10109199MORENOB,2025-10-14,111466,2,7,7,68.0
10109199MORENOB_2025-10-14_G85,10109199MORENOB,2025-10-14,111465,1,4,0,92.0
10109199MORENOB_2025-10-14_G86,10109199MORENOB,2025-10-14,117787,1,3,0,37.0
10109199MORENOB_2025-10-14_G87,10109199MORENOB,2025-10-14,109641,1,2,0,57.0
10109199MORENOB_2025-10-14_G88,10109199MORENOB,2025-10-14,140922,1,2,0,94.0
10109199MORENOB_2025-10-14_G89,10109199MORENOB,2025-10-14,117832,1,2,0,440.0
10109199MORENOB_2025-10-14_G90,10109199MORENOB,2025-10-14,110371,1,3,0,73.0
10109199MORENOB_2025-10-14_G91,10109199MORENOB,2025-10-14,118299,1,5,0,69.0
10109199MORENOB_2025-10-14_G92,10109199MORENOB,2025-10-14,117820,1,7,0,102.0
10109199MORENOB_2025-10-14_G93,10109199MORENOB,2025-10-14,141202,1,2,0,75.0
10109199MORENOB_2025-10-14_G94,10109199MORENOB,2025-10-14,"110325, 117809",2,3,28,38.0
10109199MORENOB_2025-10-14_G95,10109199MORENOB,2025-10-14,111418,2,8,6,309.0
10109199MORENOB_2025-10-14_G96,10109199MORENOB,2025-10-14,108711,1,4,0,144.0
10109199MORENOB_2025-10-14_G97,10109199MORENOB,2025-10-14,111442,1,4,0,122.0
10109199MORENOB_2025-10-14_G98,10109199MORENOB,2025-10-14,118222,1,4,0,108.0
10109199MORENOB_2025-10-14_G99,10109199MORENOB,2025-10-14,"110755, 100334",2,6,22,120.0
10109199MORENOB_2025-10-14_G100,10109199MORENOB,2025-10-14,117786,1,2,0,131.0
10109199MORENOB_2025-10-14_G102,10109199MORENOB,2025-10-14,"100334, 118222",2,10,27,57.0
10109199MORENOB_2025-10-14_G103,10109199MORENOB,2025-10-14,118094,1,2,0,108.0
10109199MORENOB_2025-10-14_G104,10109199MORENOB,2025-10-14,117786,1,4,0,43.0
10109199MORENOB_2025-10-14_G105,10109199MORENOB,2025-10-14,117808,1,3,0,86.0
10109199MORENOB_2025-10-14_G106,10109199MORENOB,2025-10-14,118299,1,4,0,155.0
10109199MORENOB_2025-10-14_G107,10109199MORENOB,2025-10-14,117821,1,4,0,303.0
10109199MORENOB_2025-10-14_G108,10109199MORENOB,2025-10-14,109643,1,1,0,1690.0
10109199MORENOB_2025-10-14_G109,10109199MORENOB,2025-10-14,118299,1,3,0,129.0
10109199MORENOB_2025-10-14_G110,10109199MORENOB,2025-10-14,110376,1,1,0,119.0
10109199MORENOB_2025-10-14_G111,10109199MORENOB,2025-10-14,117820,1,8,0,71.0
10109199MORENOB_2025-10-14_G112,10109199MORENOB,2025-10-14,118317,1,2,0,112.0
10109199MORENOB_2025-10-14_G113,10109199MORENOB,2025-10-14,111466,1,6,0,37.0
10109199MORENOB_2025-10-14_G114,10109199MORENOB,2025-10-14,111442,1,1,0,139.0
10109199MORENOB_2025-10-15_G02,10109199MORENOB,2025-10-15,110339,2,59,11,134.0
10109199MORENOB_2025-10-15_G03,10109199MORENOB,2025-10-15,105705,1,20,0,393.0
10109199MORENOB_2025-10-15_G04,10109199MORENOB,2025-10-15,111418,1,70,0,706.0
10109199MORENOB_2025-10-15_G05,10109199MORENOB,2025-10-15,111418,1,64,0,146.0
10109199MORENOB_2025-10-15_G06,10109199MORENOB,2025-10-15,111532,1,50,0,527.0
10109199MORENOB_2025-10-15_G07,10109199MORENOB,2025-10-15,111431,1,4,0,117.0
10109199MORENOB_2025-10-15_G08,10109199MORENOB,2025-10-15,118223,1,5,0,92.0
10109199MORENOB_2025-10-15_G09,10109199MORENOB,2025-10-15,111466,1,100,0,232.0
10109199MORENOB_2025-10-15_G10,10109199MORENOB,2025-10-15,116241,1,30,0,120.0
10109199MORENOB_2025-10-15_G11,10109199MORENOB,2025-10-15,111465,1,8,0,258.0
10109199MORENOB_2025-10-15_G12,10109199MORENOB,2025-10-15,111172,2,15,9,50.0
10109199MORENOB_2025-10-15_G13,10109199MORENOB,2025-10-15,111463,1,60,0,301.0
10109199MORENOB_2025-10-15_G14,10109199MORENOB,2025-10-15,110373,1,100,0,988.0
10109199MORENOB_2025-10-15_G15,10109199MORENOB,2025-10-15,118299,1,100,0,520.0
10109199MORENOB_2025-10-15_G16,10109199MORENOB,2025-10-15,117820,1,100,0,676.0
10109199MORENOB_2025-10-15_G17,10109199MORENOB,2025-10-15,118222,1,70,0,1321.0
10109199MORENOB_2025-10-15_G18,10109199MORENOB,2025-10-15,109643,1,8,0,867.0
10109199MORENOB_2025-10-15_G19,10109199MORENOB,2025-10-15,117832,1,4,0,122.0
10109199MORENOB_2025-10-15_G20,10109199MORENOB,2025-10-15,110325,1,4,0,280.0
10109199MORENOB_2025-10-15_G21,10109199MORENOB,2025-10-15,111743,1,1,0,120.0
10109199MORENOB_2025-10-15_G22,10109199MORENOB,2025-10-15,105705,1,4,0,45.0
10109199MORENOB_2025-10-15_G23,10109199MORENOB,2025-10-15,108711,1,4,0,84.0
10109199MORENOB_2025-10-15_G24,10109199MORENOB,2025-10-15,108794,1,4,0,136.0
10109199MORENOB_2025-10-15_G25,10109199MORENOB,2025-10-15,118317,2,14,8,54.0
10109199MORENOB_2025-10-15_G26,10109199MORENOB,2025-10-15,110711,1,20,0,578.0
10109199MORENOB_2025-10-15_G27,10109199MORENOB,2025-10-15,140923,1,30,0,277.0
10109199MORENOB_2025-10-15_G28,10109199MORENOB,2025-10-15,110752,1,2,0,306.0
10109199MORENOB_2025-10-15_G29,10109199MORENOB,2025-10-15,110740,1,8,0,257.0
10109199MORENOB_2025-10-15_G30,10109199MORENOB,2025-10-15,160055,1,9,0,87.0
10109199MORENOB_2025-10-15_G31,10109199MORENOB,2025-10-15,109645,1,3,0,240.0
10109199MORENOB_2025-10-15_G32,10109199MORENOB,2025-10-15,110339,1,6,0,157.0
10109199MORENOB_2025-10-15_G33,10109199MORENOB,2025-10-15,109641,1,24,0,514.0
10109199MORENOB_2025-10-15_G34,10109199MORENOB,2025-10-15,118299,1,28,0,660.0
10109199MORENOB_2025-10-15_G35,10109199MORENOB,2025-10-15,110753,1,273,0,2735.0
10109199MORENOB_2025-10-15_G36,10109199MORENOB,2025-10-15,111466,1,312,0,617.0
10109199MORENOB_2025-10-15_G37,10109199MORENOB,2025-10-15,110743,1,48,0,154.0
10109199MORENOB_2025-10-15_G38,10109199MORENOB,2025-10-15,111462,1,279,0,1018.0
10109199MORENOB_2025-10-15_G39,10109199MORENOB,2025-10-15,140923,1,2,0,1284.0
10109199MORENOB_2025-10-15_G41,10109199MORENOB,2025-10-15,117786,1,2,0,76.0
10109199MORENOB_2025-10-15_G42,10109199MORENOB,2025-10-15,109640,1,8,0,88.0
10109199MORENOB_2025-10-15_G43,10109199MORENOB,2025-10-15,111532,1,5,0,281.0
10109199MORENOB_2025-10-15_G44,10109199MORENOB,2025-10-15,111465,1,2,0,96.0
10109199MORENOB_2025-10-15_G45,10109199MORENOB,2025-10-15,110325,1,4,0,76.0
10109199MORENOB_2025-10-15_G46,10109199MORENOB,2025-10-15,118222,1,4,0,114.0
10109199MORENOB_2025-10-15_G47,10109199MORENOB,2025-10-15,109643,1,2,0,220.0
10109199MORENOB_2025-10-15_G48,10109199MORENOB,2025-10-15,110373,1,15,0,79.0
10109199MORENOB_2025-10-15_G49,10109199MORENOB,2025-10-15,118222,1,6,0,180.0
10109199MORENOB_2025-10-15_G50,10109199MORENOB,2025-10-15,118222,1,4,0,278.0
10109199MORENOB_2025-10-15_G51,10109199MORENOB,2025-10-15,111466,1,11,0,169.0
10109199MORENOB_2025-10-15_G52,10109199MORENOB,2025-10-15,110711,1,1,0,98.0
10109199MORENOB_2025-10-15_G53,10109199MORENOB,2025-10-15,111532,1,2,0,63.0
10109199MORENOB_2025-10-15_G54,10109199MORENOB,2025-10-15,108794,1,4,0,108.0
10109199MORENOB_2025-10-15_G55,10109199MORENOB,2025-10-15,117786,1,4,0,91.0
10109199MORENOB_2025-10-15_G56,10109199MORENOB,2025-10-15,110325,1,2,0,132.0
10109199MORENOB_2025-10-15_G57,10109199MORENOB,2025-10-15,110339,1,6,0,543.0
10109199MORENOB_2025-10-15_G58,10109199MORENOB,2025-10-15,110339,1,2,0,421.0
10109199MORENOB_2025-11-17_G02,10109199MORENOB,2025-11-17,122983,1,10,0,85.0
10109199MORENOB_2025-11-17_G03,10109199MORENOB,2025-11-17,122962,1,60,0,514.0
10109199MORENOB_2025-11-17_G04,10109199MORENOB,2025-11-17,122673,1,30,0,395.0
10109199MORENOB_2025-11-17_G05,10109199MORENOB,2025-11-17,123492,1,24,0,491.0
10109199MORENOB_2025-11-17_G06,10109199MORENOB,2025-11-17,124247,1,50,0,838.0
10109199MORENOB_2025-11-17_G07,10109199MORENOB,2025-11-17,123822,1,24,0,323.0
10109199MORENOB_2025-11-17_G08,10109199MORENOB,2025-11-17,124624,1,2,0,276.0
10109199MORENOB_2025-11-17_G09,10109199MORENOB,2025-11-17,121760,1,4,0,226.0
10109199MORENOB_2025-11-17_G10,10109199MORENOB,2025-11-17,124476,1,2,0,51.0
10109199MORENOB_2025-11-17_G11,10109199MORENOB,2025-11-17,124475,1,6,0,163.0
10109199MORENOB_2025-11-17_G12,10109199MORENOB,2025-11-17,123562,1,2,0,145.0
10109199MORENOB_2025-11-17_G13,10109199MORENOB,2025-11-17,122673,1,2,0,72.0
10109199MORENOB_2025-11-17_G14,10109199MORENOB,2025-11-17,124371,1,2,0,143.0
10109199MORENOB_2025-11-17_G15,10109199MORENOB,2025-11-17,123560,1,2,0,87.0
10109199MORENOB_2025-11-17_G16,10109199MORENOB,2025-11-17,124594,1,2,0,234.0
10109199MORENOB_2025-11-17_G17,10109199MORENOB,2025-11-17,122984,1,8,0,192.0
10109199MORENOB_2025-11-17_G18,10109199MORENOB,2025-11-17,122984,1,12,0,159.0
10109199MORENOB_2025-11-17_G19,10109199MORENOB,2025-11-17,124248,1,18,0,179.0
10109199MORENOB_2025-11-17_G20,10109199MORENOB,2025-11-17,122988,1,2,0,246.0
10109199MORENOB_2025-11-17_G21,10109199MORENOB,2025-11-17,122962,1,4,0,143.0
10109199MORENOB_2025-11-17_G22,10109199MORENOB,2025-11-17,124624,1,12,0,238.0
10109199MORENOB_2025-11-17_G23,10109199MORENOB,2025-11-17,120272,1,6,0,338.0
10109199MORENOB_2025-11-17_G24,10109199MORENOB,2025-11-17,124247,1,10,0,159.0
10109199MORENOB_2025-11-17_G25,10109199MORENOB,2025-11-17,124624,1,2,0,164.0
10109199MORENOB_2025-11-17_G26,10109199MORENOB,2025-11-17,123909,1,8,0,136.0
10109199MORENOB_2025-11-17_G27,10109199MORENOB,2025-11-17,124486,1,3,0,298.0
10109199MORENOB_2025-11-17_G28,10109199MORENOB,2025-11-17,120389,1,6,0,65.0
10109199MORENOB_2025-11-17_G29,10109199MORENOB,2025-11-17,123345,1,6,0,111.0
10109199MORENOB_2025-11-17_G31,10109199MORENOB,2025-11-17,123343,1,8,0,526.0
10109199MORENOB_2025-11-17_G32,10109199MORENOB,2025-11-17,123344,1,8,0,151.0
10109199MORENOB_2025-11-17_G33,10109199MORENOB,2025-11-17,124476,1,4,0,107.0
10109199MORENOB_2025-11-17_G34,10109199MORENOB,2025-11-17,122962,1,8,0,142.0
10109199MORENOB_2025-11-17_G35,10109199MORENOB,2025-11-17,123909,1,30,0,353.0
10109199MORENOB_2025-11-17_G36,10109199MORENOB,2025-11-17,124371,1,8,0,320.0
10109199MORENOB_2025-11-17_G37,10109199MORENOB,2025-11-17,123492,2,8,14,664.0
10109199MORENOB_2026-01-28_G02,10109199MORENOB,2026-01-28,110787,1,1,0,35.0
10109199MORENOB_2026-01-28_G03,10109199MORENOB,2026-01-28,111602,1,15,0,128.0
10109199MORENOB_2026-01-28_G04,10109199MORENOB,2026-01-28,141457,1,10,0,166.0
10109199MORENOB_2026-01-28_G05,10109199MORENOB,2026-01-28,140911,1,4,0,68.0
10109199MORENOB_2026-01-28_G06,10109199MORENOB,2026-01-28,141823,1,8,0,161.0
10109199MORENOB_2026-01-28_G07,10109199MORENOB,2026-01-28,110787,1,4,0,100.0
10109199MORENOB_2026-01-28_G08,10109199MORENOB,2026-01-28,111602,1,12,0,403.0
10109199MORENOB_2026-01-28_G09,10109199MORENOB,2026-01-28,111463,1,4,0,57.0
10109199MORENOB_2026-01-28_G10,10109199MORENOB,2026-01-28,141457,1,8,0,153.0
10109199MORENOB_2026-01-28_G11,10109199MORENOB,2026-01-28,111602,1,4,0,690.0
10109199MORENOB_2026-01-28_G12,10109199MORENOB,2026-01-28,111602,1,12,0,116.0
10109199MORENOB_2026-01-28_G13,10109199MORENOB,2026-01-28,110787,1,11,0,82.0
10109199MORENOB_2026-01-28_G14,10109199MORENOB,2026-01-28,111463,1,16,0,119.0
10109199MORENOB_2026-01-28_G15,10109199MORENOB,2026-01-28,141457,2,21,20,125.0
10109199MORENOB_2026-01-28_G16,10109199MORENOB,2026-01-28,111463,1,2,0,384.0
10109199MORENOB_2026-01-28_G17,10109199MORENOB,2026-01-28,111602,1,4,0,63.0
10109199MORENOB_2026-01-28_G18,10109199MORENOB,2026-01-28,141457,1,24,0,78.0
10109199MORENOB_2026-01-28_G19,10109199MORENOB,2026-01-28,117856,1,3,0,147.0
10109199MORENOB_2026-01-28_G20,10109199MORENOB,2026-01-28,111463,1,4,0,60.0
10109199MORENOB_2026-01-28_G21,10109199MORENOB,2026-01-28,111418,1,4,0,53.0
10109199MORENOB_2026-01-28_G22,10109199MORENOB,2026-01-28,141457,1,20,0,75.0
10109199MORENOB_2026-01-28_G23,10109199MORENOB,2026-01-28,117785,1,4,0,217.0
10109199MORENOB_2026-01-28_G24,10109199MORENOB,2026-01-28,117808,1,4,0,106.0
10109199MORENOB_2026-01-28_G25,10109199MORENOB,2026-01-28,118299,1,3,0,158.0
10109199MORENOB_2026-01-28_G26,10109199MORENOB,2026-01-28,141457,1,10,0,179.0
10109199MORENOB_2026-01-28_G27,10109199MORENOB,2026-01-28,110371,1,4,0,93.0
10109199MORENOB_2026-01-28_G28,10109199MORENOB,2026-01-28,111602,1,4,0,85.0
10109199MORENOB_2026-01-28_G29,10109199MORENOB,2026-01-28,141166,1,4,0,55.0
10109199MORENOB_2026-01-28_G30,10109199MORENOB,2026-01-28,"111602, 141457",2,10,26,113.0
10109199MORENOB_2026-01-28_G31,10109199MORENOB,2026-01-28,110787,1,2,0,32.0
10109199MORENOB_2026-01-28_G32,10109199MORENOB,2026-01-28,"105705, 110787",2,4,15,239.0
10109199MORENOB_2026-01-28_G33,10109199MORENOB,2026-01-28,"141456, 111418",2,5,29,137.0
10109199MORENOB_2026-01-28_G34,10109199MORENOB,2026-01-28,"118299, 117820",2,10,27,157.0
10109199MORENOB_2026-01-28_G35,10109199MORENOB,2026-01-28,111602,1,5,0,129.0
10109199MORENOB_2026-01-28_G36,10109199MORENOB,2026-01-28,110371,1,6,0,131.0
10109199MORENOB_2026-01-28_G37,10109199MORENOB,2026-01-28,111602,1,4,0,205.0
10109199MORENOB_2026-01-28_G38,10109199MORENOB,2026-01-28,110895,1,4,0,145.0
10109199MORENOB_2026-01-28_G39,10109199MORENOB,2026-01-28,141456,1,2,0,151.0
10109199MORENOB_2026-02-20_G02,10109199MORENOB,2026-02-20,"117862, 111530, 110711",3,7,18,39.0
10109199MORENOB_2026-02-20_G03,10109199MORENOB,2026-02-20,"118140, 110129, 118191, 117808, 110325, 110373, 110372, 117832, 117830",11,360,102,39.0
10109199MORENOB_2026-02-20_G04,10109199MORENOB,2026-02-20,"122962, 122185, 124486, 120339, 123345",5,6,53,182.0
10109199MORENOB_2026-02-20_G05,10109199MORENOB,2026-02-20,122984,1,1,0,2331.0
10109232MUSSATOC_2025-01-29_G02,10109232MUSSATOC,2025-01-29,122984,1,50,0,1374.0
10109256SOUZAJ3_2025-01-17_G02,10109256SOUZAJ3,2025-01-17,124371,1,1,0,74.0
10109256SOUZAJ3_2025-01-17_G03,10109256SOUZAJ3,2025-01-17,124248,1,1,0,109.0
10109256SOUZAJ3_2025-01-17_G04,10109256SOUZAJ3,2025-01-17,122185,1,1,0,80.0
10109256SOUZAJ3_2025-01-17_G05,10109256SOUZAJ3,2025-01-17,121651,1,5,0,127.0
10109256SOUZAJ3_2025-01-17_G06,10109256SOUZAJ3,2025-01-17,123344,1,12,0,140.0
10109256SOUZAJ3_2025-01-17_G07,10109256SOUZAJ3,2025-01-17,124370,1,16,0,249.0
10109256SOUZAJ3_2025-01-17_G08,10109256SOUZAJ3,2025-01-17,124371,1,4,0,152.0
10109256SOUZAJ3_2025-01-17_G09,10109256SOUZAJ3,2025-01-17,122185,1,2,0,58.0
10109256SOUZAJ3_2025-01-17_G10,10109256SOUZAJ3,2025-01-17,121651,1,12,0,161.0
10109256SOUZAJ3_2025-01-17_G11,10109256SOUZAJ3,2025-01-17,120389,1,8,0,179.0
10109256SOUZAJ3_2025-01-17_G12,10109256SOUZAJ3,2025-01-17,122703,1,6,0,479.0
10109256SOUZAJ3_2025-01-17_G13,10109256SOUZAJ3,2025-01-17,122985,1,4,0,108.0
10109256SOUZAJ3_2025-01-17_G14,10109256SOUZAJ3,2025-01-17,123345,1,8,0,79.0
10109256SOUZAJ3_2025-01-17_G15,10109256SOUZAJ3,2025-01-17,122962,1,40,0,2173.0
10109256SOUZAJ3_2025-01-17_G16,10109256SOUZAJ3,2025-01-17,124370,1,40,0,376.0
10109256SOUZAJ3_2025-01-17_G17,10109256SOUZAJ3,2025-01-17,123153,1,7,0,221.0
10109256SOUZAJ3_2025-01-17_G18,10109256SOUZAJ3,2025-01-17,122671,1,7,0,180.0
10109256SOUZAJ3_2025-01-17_G19,10109256SOUZAJ3,2025-01-17,120028,1,7,0,273.0
10109256SOUZAJ3_2025-01-17_G20,10109256SOUZAJ3,2025-01-17,124247,1,10,0,127.0
10109256SOUZAJ3_2025-01-17_G21,10109256SOUZAJ3,2025-01-17,123343,1,4,0,221.0
10109256SOUZAJ3_2025-01-17_G22,10109256SOUZAJ3,2025-01-17,123345,1,20,0,1387.0
10109256SOUZAJ3_2025-01-17_G23,10109256SOUZAJ3,2025-01-17,123343,1,20,0,116.0
10109256SOUZAJ3_2025-01-17_G24,10109256SOUZAJ3,2025-01-17,123344,1,10,0,198.0
10109256SOUZAJ3_2025-01-17_G25,10109256SOUZAJ3,2025-01-17,121923,1,2,0,120.0
10109256SOUZAJ3_2025-01-17_G26,10109256SOUZAJ3,2025-01-17,124370,1,9,0,135.0
10109256SOUZAJ3_2025-01-17_G27,10109256SOUZAJ3,2025-01-17,124371,1,8,0,104.0
10109256SOUZAJ3_2025-01-17_G28,10109256SOUZAJ3,2025-01-17,121651,1,13,0,210.0
10109256SOUZAJ3_2025-01-17_G29,10109256SOUZAJ3,2025-01-17,123345,1,28,0,582.0
10109256SOUZAJ3_2025-01-17_G30,10109256SOUZAJ3,2025-01-17,123909,1,20,0,144.0
10109256SOUZAJ3_2025-01-17_G31,10109256SOUZAJ3,2025-01-17,123907,1,20,0,220.0
10109256SOUZAJ3_2025-01-17_G32,10109256SOUZAJ3,2025-01-17,123153,1,12,0,197.0
10109256SOUZAJ3_2025-01-23_G02,10109256SOUZAJ3,2025-01-23,122647,1,150,0,2662.0
10109256SOUZAJ3_2025-01-23_G03,10109256SOUZAJ3,2025-01-23,123907,1,16,0,633.0
10109256SOUZAJ3_2025-01-23_G04,10109256SOUZAJ3,2025-01-23,123907,1,14,0,170.0
10109256SOUZAJ3_2025-01-23_G05,10109256SOUZAJ3,2025-01-23,122962,1,60,0,853.0
10109256SOUZAJ3_2025-01-23_G06,10109256SOUZAJ3,2025-01-23,123822,1,100,0,758.0
10109256SOUZAJ3_2025-01-23_G07,10109256SOUZAJ3,2025-01-23,123907,1,100,0,1249.0
10109256SOUZAJ3_2025-01-29_G02,10109256SOUZAJ3,2025-01-29,123313,1,8,0,213.0
10109256SOUZAJ3_2025-01-29_G03,10109256SOUZAJ3,2025-01-29,122985,1,8,0,363.0
10109256SOUZAJ3_2025-01-29_G04,10109256SOUZAJ3,2025-01-29,123344,1,4,0,80.0
10109256SOUZAJ3_2025-01-29_G05,10109256SOUZAJ3,2025-01-29,121760,1,4,0,159.0
10109256SOUZAJ3_2025-01-29_G06,10109256SOUZAJ3,2025-01-29,123822,1,1,0,117.0
10109256SOUZAJ3_2025-01-29_G07,10109256SOUZAJ3,2025-01-29,123343,1,4,0,959.0
10109256SOUZAJ3_2025-01-29_G08,10109256SOUZAJ3,2025-01-29,121760,1,2,0,127.0
10109256SOUZAJ3_2025-01-29_G09,10109256SOUZAJ3,2025-01-29,121651,1,4,0,201.0
10109256SOUZAJ3_2025-01-29_G10,10109256SOUZAJ3,2025-01-29,122985,1,4,0,467.0
10109256SOUZAJ3_2025-01-29_G11,10109256SOUZAJ3,2025-01-29,123344,1,2,0,122.0
10109256SOUZAJ3_2025-01-29_G12,10109256SOUZAJ3,2025-01-29,124370,1,2,0,84.0
10109256SOUZAJ3_2025-01-29_G13,10109256SOUZAJ3,2025-01-29,122984,1,4,0,96.0
10109256SOUZAJ3_2025-01-29_G14,10109256SOUZAJ3,2025-01-29,122981,1,4,0,77.0
10109256SOUZAJ3_2025-01-29_G15,10109256SOUZAJ3,2025-01-29,120008,1,5,0,535.0
10109256SOUZAJ3_2025-01-29_G16,10109256SOUZAJ3,2025-01-29,120008,1,3,0,102.0
10109256SOUZAJ3_2025-01-29_G17,10109256SOUZAJ3,2025-01-29,120008,1,50,0,905.0
10109256SOUZAJ3_2025-01-29_G18,10109256SOUZAJ3,2025-01-29,122703,1,4,0,109.0
10109256SOUZAJ3_2025-01-29_G19,10109256SOUZAJ3,2025-01-29,124486,1,150,0,2350.0
10109256SOUZAJ3_2025-01-29_G20,10109256SOUZAJ3,2025-01-29,123343,1,6,0,197.0
10109256SOUZAJ3_2025-01-29_G21,10109256SOUZAJ3,2025-01-29,122962,1,80,0,1239.0
10109256SOUZAJ3_2025-01-29_G22,10109256SOUZAJ3,2025-01-29,124486,1,20,0,193.0
10109256SOUZAJ3_2025-02-28_G02,10109256SOUZAJ3,2025-02-28,110755,1,35,0,379.0
10109256SOUZAJ3_2025-02-28_G03,10109256SOUZAJ3,2025-02-28,111441,1,4,0,314.0
10109256SOUZAJ3_2025-02-28_G04,10109256SOUZAJ3,2025-02-28,111441,1,30,0,481.0
10109256SOUZAJ3_2025-02-28_G05,10109256SOUZAJ3,2025-02-28,110339,1,2,0,326.0
10109256SOUZAJ3_2025-02-28_G06,10109256SOUZAJ3,2025-02-28,111443,1,5,0,164.0
10109256SOUZAJ3_2025-02-28_G07,10109256SOUZAJ3,2025-02-28,140922,1,23,0,379.0
10109256SOUZAJ3_2025-02-28_G08,10109256SOUZAJ3,2025-02-28,117821,1,2,0,433.0
10109256SOUZAJ3_2025-02-28_G09,10109256SOUZAJ3,2025-02-28,110787,1,3,0,342.0
10109256SOUZAJ3_2025-02-28_G10,10109256SOUZAJ3,2025-02-28,117785,1,25,0,204.0
10109256SOUZAJ3_2025-02-28_G11,10109256SOUZAJ3,2025-02-28,111463,1,21,0,500.0
10109256SOUZAJ3_2025-02-28_G12,10109256SOUZAJ3,2025-02-28,118140,1,3,0,109.0
10109256SOUZAJ3_2025-02-28_G13,10109256SOUZAJ3,2025-02-28,108794,1,13,0,326.0
10109256SOUZAJ3_2025-02-28_G14,10109256SOUZAJ3,2025-02-28,111466,1,58,0,548.0
10109256SOUZAJ3_2025-02-28_G15,10109256SOUZAJ3,2025-02-28,111469,1,70,0,499.0
10109256SOUZAJ3_2025-02-28_G16,10109256SOUZAJ3,2025-02-28,111465,1,8,0,281.0
10109256SOUZAJ3_2025-02-28_G17,10109256SOUZAJ3,2025-02-28,140922,1,2,0,526.0
10109256SOUZAJ3_2025-02-28_G18,10109256SOUZAJ3,2025-02-28,111466,1,2,0,126.0
10109256SOUZAJ3_2025-02-28_G19,10109256SOUZAJ3,2025-02-28,110371,1,2,0,163.0
10109256SOUZAJ3_2025-02-28_G20,10109256SOUZAJ3,2025-02-28,118299,1,100,0,378.0
10109256SOUZAJ3_2025-02-28_G21,10109256SOUZAJ3,2025-02-28,109643,1,4,0,221.0
10109256SOUZAJ3_2025-02-28_G22,10109256SOUZAJ3,2025-02-28,117832,1,33,0,386.0
10109256SOUZAJ3_2025-02-28_G23,10109256SOUZAJ3,2025-02-28,117808,1,291,0,1587.0
10109256SOUZAJ3_2025-02-28_G25,10109256SOUZAJ3,2025-02-28,124476,1,8,0,73.0
10109256SOUZAJ3_2025-02-28_G26,10109256SOUZAJ3,2025-02-28,"117856, 111172",2,5,12,456.0
10109256SOUZAJ3_2025-02-28_G27,10109256SOUZAJ3,2025-02-28,123313,1,2,0,159.0
10109256SOUZAJ3_2025-02-28_G28,10109256SOUZAJ3,2025-02-28,123313,1,4,0,37.0
10109256SOUZAJ3_2025-03-11_G02,10109256SOUZAJ3,2025-03-11,110515,1,180,0,915.0
10109256SOUZAJ3_2025-03-11_G03,10109256SOUZAJ3,2025-03-11,111468,1,125,0,618.0
10109256SOUZAJ3_2025-03-11_G04,10109256SOUZAJ3,2025-03-11,109645,1,206,0,762.0
10109256SOUZAJ3_2025-03-11_G05,10109256SOUZAJ3,2025-03-11,111465,1,324,0,763.0
10109256SOUZAJ3_2025-03-11_G06,10109256SOUZAJ3,2025-03-11,120003,1,27,0,264.0
10109256SOUZAJ3_2025-03-11_G07,10109256SOUZAJ3,2025-03-11,110375,1,128,0,1643.0
10109256SOUZAJ3_2025-03-11_G08,10109256SOUZAJ3,2025-03-11,111469,1,92,0,648.0
10109256SOUZAJ3_2025-03-11_G09,10109256SOUZAJ3,2025-03-11,111466,1,1100,0,2278.0
10109256SOUZAJ3_2025-03-28_G02,10109256SOUZAJ3,2025-03-28,124486,1,150,0,2116.0
10109256SOUZAJ3_2025-03-28_G03,10109256SOUZAJ3,2025-03-28,124247,1,2,0,146.0
10109256SOUZAJ3_2025-03-28_G04,10109256SOUZAJ3,2025-03-28,124248,1,20,0,206.0
10109256SOUZAJ3_2025-03-28_G05,10109256SOUZAJ3,2025-03-28,123345,1,12,0,223.0
10109256SOUZAJ3_2025-03-28_G06,10109256SOUZAJ3,2025-03-28,123345,1,6,0,114.0
10109256SOUZAJ3_2025-03-28_G07,10109256SOUZAJ3,2025-03-28,122673,1,16,0,1945.0
10109256SOUZAJ3_2025-03-28_G08,10109256SOUZAJ3,2025-03-28,124486,1,16,0,716.0
10109256SOUZAJ3_2025-03-28_G09,10109256SOUZAJ3,2025-03-28,123032,1,100,0,1182.0
10109256SOUZAJ3_2025-03-28_G10,10109256SOUZAJ3,2025-03-28,122671,1,12,0,364.0
10109256SOUZAJ3_2025-03-28_G11,10109256SOUZAJ3,2025-03-28,122983,1,12,0,533.0
10109256SOUZAJ3_2025-03-28_G12,10109256SOUZAJ3,2025-03-28,124486,1,12,0,102.0
10109256SOUZAJ3_2025-03-28_G13,10109256SOUZAJ3,2025-03-28,122647,1,12,0,144.0
10109256SOUZAJ3_2025-03-28_G14,10109256SOUZAJ3,2025-03-28,123909,1,20,0,161.0
10109256SOUZAJ3_2025-03-28_G15,10109256SOUZAJ3,2025-03-28,123032,1,16,0,207.0
10109256SOUZAJ3_2025-03-28_G16,10109256SOUZAJ3,2025-03-28,123032,1,12,0,98.0
10109256SOUZAJ3_2025-03-28_G17,10109256SOUZAJ3,2025-03-28,123032,1,12,0,40.0
10109256SOUZAJ3_2025-03-28_G18,10109256SOUZAJ3,2025-03-28,123032,1,12,0,83.0
10109256SOUZAJ3_2025-03-28_G19,10109256SOUZAJ3,2025-03-28,122647,1,20,0,740.0
10109256SOUZAJ3_2025-03-28_G20,10109256SOUZAJ3,2025-03-28,123822,1,35,0,425.0
10109256SOUZAJ3_2025-03-28_G21,10109256SOUZAJ3,2025-03-28,124486,1,80,0,2703.0
10109256SOUZAJ3_2025-03-28_G22,10109256SOUZAJ3,2025-03-28,123032,1,30,0,196.0
10109256SOUZAJ3_2025-03-28_G23,10109256SOUZAJ3,2025-03-28,122985,1,4,0,86.0
10109256SOUZAJ3_2025-03-28_G24,10109256SOUZAJ3,2025-03-28,"122647, 123032",2,22,29,70.0
10109256SOUZAJ3_2025-03-28_G25,10109256SOUZAJ3,2025-03-28,124247,1,2,0,145.0
10109256SOUZAJ3_2025-03-28_G26,10109256SOUZAJ3,2025-03-28,124486,1,20,0,109.0
10109256SOUZAJ3_2025-03-28_G27,10109256SOUZAJ3,2025-03-28,123909,1,30,0,188.0
10109256SOUZAJ3_2025-03-28_G28,10109256SOUZAJ3,2025-03-28,122673,1,11,0,72.0
10109256SOUZAJ3_2025-03-28_G29,10109256SOUZAJ3,2025-03-28,123822,1,16,0,83.0
10109256SOUZAJ3_2025-03-28_G30,10109256SOUZAJ3,2025-03-28,123345,1,6,0,139.0
10109256SOUZAJ3_2025-03-28_G31,10109256SOUZAJ3,2025-03-28,123343,1,10,0,46.0
10109256SOUZAJ3_2025-03-28_G32,10109256SOUZAJ3,2025-03-28,123909,1,30,0,127.0
10109256SOUZAJ3_2025-03-28_G33,10109256SOUZAJ3,2025-03-28,122985,1,4,0,422.0
10109256SOUZAJ3_2025-03-28_G34,10109256SOUZAJ3,2025-03-28,123032,1,100,0,1019.0
10109256SOUZAJ3_2025-03-28_G36,10109256SOUZAJ3,2025-03-28,109640,1,4,0,345.0
10109256SOUZAJ3_2025-03-28_G37,10109256SOUZAJ3,2025-03-28,111467,1,4,0,110.0
10109256SOUZAJ3_2025-03-28_G38,10109256SOUZAJ3,2025-03-28,100334,1,2,0,114.0
10109256SOUZAJ3_2025-03-28_G39,10109256SOUZAJ3,2025-03-28,111348,1,16,0,265.0
10109256SOUZAJ3_2025-03-28_G40,10109256SOUZAJ3,2025-03-28,111348,1,8,0,86.0
10109256SOUZAJ3_2025-03-28_G41,10109256SOUZAJ3,2025-03-28,109640,1,10,0,660.0
10109256SOUZAJ3_2025-03-28_G42,10109256SOUZAJ3,2025-03-28,111602,1,10,0,475.0
10109256SOUZAJ3_2025-03-28_G43,10109256SOUZAJ3,2025-03-28,111330,1,18,0,562.0
10109256SOUZAJ3_2025-03-28_G44,10109256SOUZAJ3,2025-03-28,105705,1,6,0,208.0
10109256SOUZAJ3_2025-03-29_G02,10109256SOUZAJ3,2025-03-29,124370,1,6,0,266.0
10109256SOUZAJ3_2025-03-29_G03,10109256SOUZAJ3,2025-03-29,124370,1,3,0,174.0
10109256SOUZAJ3_2025-03-29_G04,10109256SOUZAJ3,2025-03-29,122185,1,100,0,786.0
10109256SOUZAJ3_2025-03-29_G05,10109256SOUZAJ3,2025-03-29,124475,1,60,0,1331.0
10109256SOUZAJ3_2025-03-29_G06,10109256SOUZAJ3,2025-03-29,121651,1,100,0,3456.0
10109256SOUZAJ3_2025-03-29_G08,10109256SOUZAJ3,2025-03-29,123343,1,20,0,316.0
10109256SOUZAJ3_2025-03-29_G09,10109256SOUZAJ3,2025-03-29,120389,1,4,0,143.0
10109256SOUZAJ3_2025-03-29_G10,10109256SOUZAJ3,2025-03-29,124247,1,30,0,705.0
10109256SOUZAJ3_2025-03-29_G11,10109256SOUZAJ3,2025-03-29,124486,1,10,0,426.0
10109256SOUZAJ3_2025-03-29_G12,10109256SOUZAJ3,2025-03-29,123492,1,4,0,292.0
10109256SOUZAJ3_2025-03-29_G13,10109256SOUZAJ3,2025-03-29,124264,1,50,0,575.0
10109256SOUZAJ3_2025-03-29_G14,10109256SOUZAJ3,2025-03-29,120008,1,10,0,719.0
10109256SOUZAJ3_2025-03-29_G15,10109256SOUZAJ3,2025-03-29,124247,1,4,0,118.0
10109256SOUZAJ3_2025-03-29_G16,10109256SOUZAJ3,2025-03-29,123492,1,6,0,101.0
10109256SOUZAJ3_2025-03-29_G17,10109256SOUZAJ3,2025-03-29,120339,1,45,0,751.0
10109256SOUZAJ3_2025-03-29_G18,10109256SOUZAJ3,2025-03-29,124370,1,2,0,1109.0
10109256SOUZAJ3_2025-03-29_G19,10109256SOUZAJ3,2025-03-29,124371,1,8,0,589.0
10109256SOUZAJ3_2025-03-29_G20,10109256SOUZAJ3,2025-03-29,120389,1,7,0,267.0
10109256SOUZAJ3_2025-03-29_G21,10109256SOUZAJ3,2025-03-29,120389,1,5,0,295.0
10109256SOUZAJ3_2025-03-29_G22,10109256SOUZAJ3,2025-03-29,121651,1,30,0,181.0
10109256SOUZAJ3_2025-04-21_G02,10109256SOUZAJ3,2025-04-21,124248,1,10,0,245.0
10109256SOUZAJ3_2025-04-21_G03,10109256SOUZAJ3,2025-04-21,121760,1,16,0,1370.0
10109256SOUZAJ3_2025-04-21_G04,10109256SOUZAJ3,2025-04-21,181235,1,1,0,2882.0
10109256SOUZAJ3_2025-04-21_G05,10109256SOUZAJ3,2025-04-21,181280,1,1,0,110.0
10109256SOUZAJ3_2025-04-21_G06,10109256SOUZAJ3,2025-04-21,122962,3,33,33,84.0
10109256SOUZAJ3_2025-04-21_G07,10109256SOUZAJ3,2025-04-21,121760,1,12,0,501.0
10109256SOUZAJ3_2025-04-21_G08,10109256SOUZAJ3,2025-04-21,122647,1,4,0,246.0
10109256SOUZAJ3_2025-04-21_G09,10109256SOUZAJ3,2025-04-21,122673,1,5,0,57.0
10109256SOUZAJ3_2025-04-21_G10,10109256SOUZAJ3,2025-04-21,122984,2,16,13,322.0
10109256SOUZAJ3_2025-04-21_G11,10109256SOUZAJ3,2025-04-21,124248,1,6,0,140.0
10109256SOUZAJ3_2025-04-21_G12,10109256SOUZAJ3,2025-04-21,120339,1,4,0,274.0
10109256SOUZAJ3_2025-04-21_G14,10109256SOUZAJ3,2025-04-21,111438,1,12,0,702.0
10109256SOUZAJ3_2025-04-21_G15,10109256SOUZAJ3,2025-04-21,117835,1,6,0,199.0
10109256SOUZAJ3_2025-04-21_G16,10109256SOUZAJ3,2025-04-21,111441,1,5,0,127.0
10109256SOUZAJ3_2025-04-21_G17,10109256SOUZAJ3,2025-04-21,111441,1,7,0,678.0
10109256SOUZAJ3_2025-04-21_G18,10109256SOUZAJ3,2025-04-21,108759,1,4,0,790.0
10109256SOUZAJ3_2025-04-21_G19,10109256SOUZAJ3,2025-04-21,111569,1,12,0,307.0
10109256SOUZAJ3_2025-04-21_G20,10109256SOUZAJ3,2025-04-21,110742,1,6,0,191.0
10109256SOUZAJ3_2025-04-21_G21,10109256SOUZAJ3,2025-04-21,110755,1,16,0,349.0
10109256SOUZAJ3_2025-04-21_G23,10109256SOUZAJ3,2025-04-21,111435,1,8,0,180.0
10109256SOUZAJ3_2025-04-21_G24,10109256SOUZAJ3,2025-04-21,108795,1,12,0,116.0
10109256SOUZAJ3_2025-04-21_G25,10109256SOUZAJ3,2025-04-21,117831,1,20,0,241.0
10109256SOUZAJ3_2025-04-21_G26,10109256SOUZAJ3,2025-04-21,111469,1,30,0,545.0
10109256SOUZAJ3_2025-04-21_G27,10109256SOUZAJ3,2025-04-21,109641,1,6,0,218.0
10109256SOUZAJ3_2025-04-21_G28,10109256SOUZAJ3,2025-04-21,118140,1,30,0,265.0
10109256SOUZAJ3_2025-04-21_G29,10109256SOUZAJ3,2025-04-21,118317,1,20,0,508.0
10109256SOUZAJ3_2025-04-21_G30,10109256SOUZAJ3,2025-04-21,117808,1,400,0,258.0
10109256SOUZAJ3_2025-04-21_G31,10109256SOUZAJ3,2025-04-21,117832,1,30,0,296.0
10109256SOUZAJ3_2025-04-21_G32,10109256SOUZAJ3,2025-04-21,110372,1,50,0,676.0
10109256SOUZAJ3_2025-04-21_G33,10109256SOUZAJ3,2025-04-21,110371,1,100,0,216.0
10109256SOUZAJ3_2025-04-21_G34,10109256SOUZAJ3,2025-04-21,110373,1,100,0,158.0
10109256SOUZAJ3_2025-04-21_G35,10109256SOUZAJ3,2025-04-21,"118299, 110325",2,130,30,1040.0
10109256SOUZAJ3_2025-04-21_G36,10109256SOUZAJ3,2025-04-21,117820,1,100,0,152.0
10109256SOUZAJ3_2025-04-28_G02,10109256SOUZAJ3,2025-04-28,118094,1,2,0,283.0
10109256SOUZAJ3_2025-04-28_G03,10109256SOUZAJ3,2025-04-28,111530,1,6,0,70.0
10109256SOUZAJ3_2025-04-28_G04,10109256SOUZAJ3,2025-04-28,117856,1,6,0,104.0
10109256SOUZAJ3_2025-04-28_G05,10109256SOUZAJ3,2025-04-28,110515,1,2,0,88.0
10109256SOUZAJ3_2025-04-28_G06,10109256SOUZAJ3,2025-04-28,117833,1,4,0,252.0
10109256SOUZAJ3_2025-04-28_G07,10109256SOUZAJ3,2025-04-28,117821,1,4,0,107.0
10109256SOUZAJ3_2025-04-28_G08,10109256SOUZAJ3,2025-04-28,111660,2,8,10,132.0
10109256SOUZAJ3_2025-04-28_G09,10109256SOUZAJ3,2025-04-28,111438,1,4,0,237.0
10109256SOUZAJ3_2025-04-28_G10,10109256SOUZAJ3,2025-04-28,118094,1,1,0,118.0
10109256SOUZAJ3_2025-04-28_G11,10109256SOUZAJ3,2025-04-28,109640,1,2,0,88.0
10109256SOUZAJ3_2025-04-28_G12,10109256SOUZAJ3,2025-04-28,109641,1,2,0,198.0
10109256SOUZAJ3_2025-04-28_G13,10109256SOUZAJ3,2025-04-28,111743,1,3,0,307.0
10109256SOUZAJ3_2025-04-28_G14,10109256SOUZAJ3,2025-04-28,111469,1,4,0,150.0
10109256SOUZAJ3_2025-04-28_G15,10109256SOUZAJ3,2025-04-28,111433,1,2,0,80.0
10109256SOUZAJ3_2025-04-28_G16,10109256SOUZAJ3,2025-04-28,111418,1,7,0,101.0
10109256SOUZAJ3_2025-04-28_G17,10109256SOUZAJ3,2025-04-28,111465,1,4,0,1403.0
10109256SOUZAJ3_2025-04-28_G18,10109256SOUZAJ3,2025-04-28,109643,1,4,0,320.0
10109256SOUZAJ3_2025-04-28_G19,10109256SOUZAJ3,2025-04-28,110376,1,3,0,107.0
10109256SOUZAJ3_2025-04-28_G20,10109256SOUZAJ3,2025-04-28,109933,1,4,0,207.0
10109256SOUZAJ3_2025-04-28_G21,10109256SOUZAJ3,2025-04-28,111660,1,2,0,81.0
10109256SOUZAJ3_2025-04-28_G22,10109256SOUZAJ3,2025-04-28,111445,1,3,0,111.0
10109256SOUZAJ3_2025-04-28_G23,10109256SOUZAJ3,2025-04-28,118094,1,2,0,97.0
10109256SOUZAJ3_2025-04-28_G24,10109256SOUZAJ3,2025-04-28,117833,1,4,0,89.0
10109256SOUZAJ3_2025-04-28_G25,10109256SOUZAJ3,2025-04-28,109641,1,4,0,87.0
10109256SOUZAJ3_2025-04-28_G26,10109256SOUZAJ3,2025-04-28,111444,1,4,0,106.0
10109256SOUZAJ3_2025-04-28_G27,10109256SOUZAJ3,2025-04-28,117820,1,10,0,613.0
10109256SOUZAJ3_2025-04-28_G28,10109256SOUZAJ3,2025-04-28,117808,1,5,0,175.0
10109256SOUZAJ3_2025-04-28_G29,10109256SOUZAJ3,2025-04-28,117831,1,8,0,237.0
10109256SOUZAJ3_2025-04-28_G30,10109256SOUZAJ3,2025-04-28,111469,1,8,0,161.0
10109256SOUZAJ3_2025-04-28_G31,10109256SOUZAJ3,2025-04-28,"117785, 111466",2,12,5,76.0
10109256SOUZAJ3_2025-04-28_G32,10109256SOUZAJ3,2025-04-28,107629,1,4,0,73.0
10109256SOUZAJ3_2025-04-28_G33,10109256SOUZAJ3,2025-04-28,111602,1,8,0,34.0
10109256SOUZAJ3_2025-04-28_G34,10109256SOUZAJ3,2025-04-28,110733,1,8,0,127.0
10109256SOUZAJ3_2025-05-28_G02,10109256SOUZAJ3,2025-05-28,122962,1,10,0,98.0
10109256SOUZAJ3_2025-05-28_G03,10109256SOUZAJ3,2025-05-28,123153,1,48,0,317.0
10109256SOUZAJ3_2025-05-28_G04,10109256SOUZAJ3,2025-05-28,124264,1,10,0,567.0
10109256SOUZAJ3_2025-05-28_G05,10109256SOUZAJ3,2025-05-28,124486,1,10,0,172.0
10109256SOUZAJ3_2025-05-28_G06,10109256SOUZAJ3,2025-05-28,122962,1,40,0,210.0
10109256SOUZAJ3_2025-05-28_G07,10109256SOUZAJ3,2025-05-28,122671,1,8,0,633.0
10109256SOUZAJ3_2025-05-28_G08,10109256SOUZAJ3,2025-05-28,121651,1,5,0,114.0
10109256SOUZAJ3_2025-05-28_G09,10109256SOUZAJ3,2025-05-28,124370,1,10,0,250.0
10109256SOUZAJ3_2025-05-28_G10,10109256SOUZAJ3,2025-05-28,124248,1,8,0,114.0
10109256SOUZAJ3_2025-05-28_G11,10109256SOUZAJ3,2025-05-28,123909,1,13,0,379.0
10109256SOUZAJ3_2025-05-28_G12,10109256SOUZAJ3,2025-05-28,124486,1,9,0,194.0
10109256SOUZAJ3_2025-05-28_G13,10109256SOUZAJ3,2025-05-28,122962,1,11,0,111.0
10109256SOUZAJ3_2025-05-28_G14,10109256SOUZAJ3,2025-05-28,122673,1,4,0,129.0
10109256SOUZAJ3_2025-05-28_G15,10109256SOUZAJ3,2025-05-28,124371,2,15,28,278.0
10109256SOUZAJ3_2025-05-28_G16,10109256SOUZAJ3,2025-05-28,123313,1,4,0,345.0
10109256SOUZAJ3_2025-05-29_G02,10109256SOUZAJ3,2025-05-29,111431,1,4,0,104.0
10109256SOUZAJ3_2025-05-29_G03,10109256SOUZAJ3,2025-05-29,105242,1,2,0,217.0
10109256SOUZAJ3_2025-05-29_G04,10109256SOUZAJ3,2025-05-29,110742,1,2,0,229.0
10109256SOUZAJ3_2025-05-29_G05,10109256SOUZAJ3,2025-05-29,110742,1,4,0,318.0
10109256SOUZAJ3_2025-05-30_G02,10109256SOUZAJ3,2025-05-30,118250,1,4,0,344.0
10109256SOUZAJ3_2025-05-30_G03,10109256SOUZAJ3,2025-05-30,181887,1,6,0,744.0
10109256SOUZAJ3_2025-05-30_G05,10109256SOUZAJ3,2025-05-30,124264,1,25,0,251.0
10109256SOUZAJ3_2025-05-30_G06,10109256SOUZAJ3,2025-05-30,122962,1,16,0,268.0
10109256SOUZAJ3_2025-05-30_G07,10109256SOUZAJ3,2025-05-30,122671,1,4,0,104.0
10109256SOUZAJ3_2025-05-30_G08,10109256SOUZAJ3,2025-05-30,123909,1,12,0,204.0
10109256SOUZAJ3_2025-05-30_G09,10109256SOUZAJ3,2025-05-30,121760,1,20,0,437.0
10109256SOUZAJ3_2025-05-30_G10,10109256SOUZAJ3,2025-05-30,124486,1,20,0,213.0
10109256SOUZAJ3_2025-05-30_G11,10109256SOUZAJ3,2025-05-30,123153,1,10,0,166.0
10109256SOUZAJ3_2025-05-30_G12,10109256SOUZAJ3,2025-05-30,120389,1,4,0,68.0
10109256SOUZAJ3_2025-05-30_G13,10109256SOUZAJ3,2025-05-30,121651,1,16,0,287.0
10109256SOUZAJ3_2025-05-30_G14,10109256SOUZAJ3,2025-05-30,124370,1,20,0,326.0
10109256SOUZAJ3_2025-05-30_G15,10109256SOUZAJ3,2025-05-30,124475,1,8,0,234.0
10109256SOUZAJ3_2025-05-30_G16,10109256SOUZAJ3,2025-05-30,124371,1,6,0,142.0
10109256SOUZAJ3_2025-05-30_G17,10109256SOUZAJ3,2025-05-30,124247,1,4,0,46.0
10109256SOUZAJ3_2025-05-30_G18,10109256SOUZAJ3,2025-05-30,123313,1,4,0,229.0
10109256SOUZAJ3_2025-05-30_G19,10109256SOUZAJ3,2025-05-30,123345,1,12,0,122.0
10109256SOUZAJ3_2025-05-30_G20,10109256SOUZAJ3,2025-05-30,123343,1,8,0,731.0
10109256SOUZAJ3_2025-06-17_G02,10109256SOUZAJ3,2025-06-17,121760,1,6,0,46.0
10109256SOUZAJ3_2025-06-17_G03,10109256SOUZAJ3,2025-06-17,124486,1,8,0,91.0
10109256SOUZAJ3_2025-06-17_G04,10109256SOUZAJ3,2025-06-17,120389,1,4,0,49.0
10109256SOUZAJ3_2025-06-17_G05,10109256SOUZAJ3,2025-06-17,122988,1,50,0,289.0
10109256SOUZAJ3_2025-07-01_G02,10109256SOUZAJ3,2025-07-01,110500,1,6,0,87.0
10109256SOUZAJ3_2025-07-01_G03,10109256SOUZAJ3,2025-07-01,117808,1,199,0,77.0
10109256SOUZAJ3_2025-07-01_G04,10109256SOUZAJ3,2025-07-01,124624,1,12,0,108.0
10109256SOUZAJ3_2025-07-01_G05,10109256SOUZAJ3,2025-07-01,111569,1,4,0,34.0
10109256SOUZAJ3_2025-07-01_G06,10109256SOUZAJ3,2025-07-01,118322,1,4,0,72.0
10109256SOUZAJ3_2025-07-01_G07,10109256SOUZAJ3,2025-07-01,118322,1,2,0,50.0
10109256SOUZAJ3_2025-07-01_G08,10109256SOUZAJ3,2025-07-01,110500,1,4,0,58.0
10109256SOUZAJ3_2025-07-01_G09,10109256SOUZAJ3,2025-07-01,118322,1,20,0,57.0
10109256SOUZAJ3_2025-07-01_G10,10109256SOUZAJ3,2025-07-01,118322,1,6,0,57.0
10109256SOUZAJ3_2025-07-01_G11,10109256SOUZAJ3,2025-07-01,"118442, 110500",2,3,12,69.0
10109256SOUZAJ3_2025-07-01_G12,10109256SOUZAJ3,2025-07-01,111356,1,1,0,31.0
10109256SOUZAJ3_2025-07-01_G13,10109256SOUZAJ3,2025-07-01,108770,1,4,0,55.0
10109256SOUZAJ3_2025-07-01_G14,10109256SOUZAJ3,2025-07-01,110500,1,10,0,33.0
10109256SOUZAJ3_2025-07-01_G15,10109256SOUZAJ3,2025-07-01,"117808, 110740",6,34,105,85.0
10109256SOUZAJ3_2025-07-01_G16,10109256SOUZAJ3,2025-07-01,"118442, 118322, 117808",6,31,89,37.0
10109256SOUZAJ3_2025-07-01_G17,10109256SOUZAJ3,2025-07-01,123344,1,100,0,77.0
10109256SOUZAJ3_2025-07-01_G18,10109256SOUZAJ3,2025-07-01,110515,1,21,0,61.0
10109256SOUZAJ3_2025-07-01_G19,10109256SOUZAJ3,2025-07-01,123080,1,14,0,61.0
10109256SOUZAJ3_2025-07-01_G20,10109256SOUZAJ3,2025-07-01,"111729, 111736",2,9,21,67.0
10109256SOUZAJ3_2025-07-01_G21,10109256SOUZAJ3,2025-07-01,111742,1,9,0,59.0
10109256SOUZAJ3_2025-07-01_G22,10109256SOUZAJ3,2025-07-01,111740,1,1,0,32.0
10109256SOUZAJ3_2025-07-01_G23,10109256SOUZAJ3,2025-07-01,118253,1,1,0,94.0
10109256SOUZAJ3_2025-07-01_G24,10109256SOUZAJ3,2025-07-01,111348,1,14,0,49.0
10109256SOUZAJ3_2025-07-01_G25,10109256SOUZAJ3,2025-07-01,114099,1,4,0,38.0
10109256SOUZAJ3_2025-07-01_G26,10109256SOUZAJ3,2025-07-01,"110681, 109933",2,8,11,97.0
10109256SOUZAJ3_2025-07-01_G27,10109256SOUZAJ3,2025-07-01,180169,1,2,0,82.0
10109256SOUZAJ3_2025-07-01_G28,10109256SOUZAJ3,2025-07-01,117861,1,2,0,80.0
10109256SOUZAJ3_2025-07-01_G29,10109256SOUZAJ3,2025-07-01,110755,1,4,0,48.0
10109256SOUZAJ3_2025-07-01_G30,10109256SOUZAJ3,2025-07-01,141823,1,6,0,76.0
10109256SOUZAJ3_2025-07-01_G31,10109256SOUZAJ3,2025-07-01,123080,1,10,0,188.0
10109256SOUZAJ3_2025-07-01_G32,10109256SOUZAJ3,2025-07-01,117808,1,30,0,63.0
10109256SOUZAJ3_2025-07-03_G02,10109256SOUZAJ3,2025-07-03,114097,1,4,0,197.0
10109256SOUZAJ3_2025-07-03_G03,10109256SOUZAJ3,2025-07-03,124371,1,20,0,113.0
10109256SOUZAJ3_2025-07-05_G02,10109256SOUZAJ3,2025-07-05,111120,1,4,0,116.0
10109256SOUZAJ3_2025-07-05_G03,10109256SOUZAJ3,2025-07-05,141035,1,2,0,141.0
10109256SOUZAJ3_2025-07-05_G04,10109256SOUZAJ3,2025-07-05,108361,1,2,0,108.0
10109256SOUZAJ3_2025-07-05_G05,10109256SOUZAJ3,2025-07-05,110752,1,65,0,257.0
10109256SOUZAJ3_2025-07-05_G06,10109256SOUZAJ3,2025-07-05,118094,1,200,0,406.0
10109256SOUZAJ3_2025-07-05_G07,10109256SOUZAJ3,2025-07-05,107629,1,100,0,630.0
10109256SOUZAJ3_2025-07-05_G08,10109256SOUZAJ3,2025-07-05,117786,1,140,0,385.0
10109256SOUZAJ3_2025-07-05_G09,10109256SOUZAJ3,2025-07-05,117861,1,160,0,540.0
10109256SOUZAJ3_2025-07-05_G10,10109256SOUZAJ3,2025-07-05,117856,1,140,0,822.0
10109256SOUZAJ3_2025-07-05_G11,10109256SOUZAJ3,2025-07-05,111743,1,15,0,461.0
10109256SOUZAJ3_2025-07-05_G12,10109256SOUZAJ3,2025-07-05,111743,1,65,0,183.0
10109256SOUZAJ3_2025-07-05_G13,10109256SOUZAJ3,2025-07-05,111443,1,80,0,958.0
10109256SOUZAJ3_2025-07-05_G14,10109256SOUZAJ3,2025-07-05,118223,1,27,0,550.0
10109256SOUZAJ3_2025-07-05_G15,10109256SOUZAJ3,2025-07-05,110745,1,40,0,234.0
10109256SOUZAJ3_2025-07-05_G16,10109256SOUZAJ3,2025-07-05,110740,1,100,0,587.0
10109256SOUZAJ3_2025-07-05_G17,10109256SOUZAJ3,2025-07-05,109641,1,100,0,1049.0
10109256SOUZAJ3_2025-08-02_G02,10109256SOUZAJ3,2025-08-02,111736,1,10,0,452.0
10109256SOUZAJ3_2025-08-02_G03,10109256SOUZAJ3,2025-08-02,111736,1,21,0,89.0
10109256SOUZAJ3_2025-08-02_G04,10109256SOUZAJ3,2025-08-02,110733,1,1,0,573.0
10109256SOUZAJ3_2025-08-02_G05,10109256SOUZAJ3,2025-08-02,110733,1,1,0,94.0
10109256SOUZAJ3_2025-08-02_G06,10109256SOUZAJ3,2025-08-02,111750,1,1,0,305.0
10109256SOUZAJ3_2025-08-02_G07,10109256SOUZAJ3,2025-08-02,111740,1,12,0,416.0
10109256SOUZAJ3_2025-08-02_G08,10109256SOUZAJ3,2025-08-02,141262,1,18,0,133.0
10109256SOUZAJ3_2025-08-02_G09,10109256SOUZAJ3,2025-08-02,110371,1,5,0,213.0
10109256SOUZAJ3_2025-08-02_G10,10109256SOUZAJ3,2025-08-02,111722,1,181,0,427.0
10109256SOUZAJ3_2025-08-02_G11,10109256SOUZAJ3,2025-08-02,110372,1,106,0,560.0
10109256SOUZAJ3_2025-08-02_G12,10109256SOUZAJ3,2025-08-02,110372,1,17,0,468.0
10109256SOUZAJ3_2025-08-02_G13,10109256SOUZAJ3,2025-08-02,110787,1,4,0,237.0
10109256SOUZAJ3_2025-08-02_G15,10109256SOUZAJ3,2025-08-02,111742,1,28,0,193.0
10109256SOUZAJ3_2025-08-02_G16,10109256SOUZAJ3,2025-08-02,118140,1,7,0,165.0
10109256SOUZAJ3_2025-08-02_G17,10109256SOUZAJ3,2025-08-02,"111755, 108794",2,29,24,346.0
10109256SOUZAJ3_2025-08-02_G18,10109256SOUZAJ3,2025-08-02,111753,1,101,0,277.0
10109256SOUZAJ3_2025-08-02_G19,10109256SOUZAJ3,2025-08-02,117862,1,1,0,464.0
10109256SOUZAJ3_2025-08-02_G20,10109256SOUZAJ3,2025-08-02,111530,1,1,0,63.0
10109256SOUZAJ3_2025-08-02_G21,10109256SOUZAJ3,2025-08-02,111754,1,15,0,284.0
10109256SOUZAJ3_2025-08-15_G02,10109256SOUZAJ3,2025-08-15,124486,1,16,0,213.0
10109256SOUZAJ3_2025-08-15_G03,10109256SOUZAJ3,2025-08-15,122962,1,14,0,480.0
10109256SOUZAJ3_2025-08-15_G04,10109256SOUZAJ3,2025-08-15,124486,1,16,0,313.0
10109256SOUZAJ3_2025-08-15_G05,10109256SOUZAJ3,2025-08-15,122962,1,14,0,234.0
10109256SOUZAJ3_2025-08-15_G06,10109256SOUZAJ3,2025-08-15,180024,1,2,0,280.0
10109256SOUZAJ3_2025-08-15_G07,10109256SOUZAJ3,2025-08-15,180073,1,6,0,499.0
10109256SOUZAJ3_2025-08-15_G08,10109256SOUZAJ3,2025-08-15,180024,1,6,0,795.0
10109256SOUZAJ3_2025-08-16_G02,10109256SOUZAJ3,2025-08-16,160057,1,60,0,477.0
10109256SOUZAJ3_2025-08-16_G03,10109256SOUZAJ3,2025-08-16,160055,1,100,0,969.0
10109256SOUZAJ3_2025-08-16_G04,10109256SOUZAJ3,2025-08-16,111468,1,42,0,272.0
10109256SOUZAJ3_2025-08-16_G05,10109256SOUZAJ3,2025-08-16,160054,1,200,0,853.0
10109256SOUZAJ3_2025-08-16_G06,10109256SOUZAJ3,2025-08-16,160051,1,60,0,1015.0
10109256SOUZAJ3_2025-08-16_G07,10109256SOUZAJ3,2025-08-16,160052,1,20,0,263.0
10109256SOUZAJ3_2025-08-18_G02,10109256SOUZAJ3,2025-08-18,"118004, 111441, 111330",3,14,37,98.0
10109256SOUZAJ3_2025-08-18_G03,10109256SOUZAJ3,2025-08-18,"117935, 111463, 110372, 118004",4,29,48,70.0
10109256SOUZAJ3_2025-08-18_G04,10109256SOUZAJ3,2025-08-18,"114091, 118271",2,13,6,75.0
10109256SOUZAJ3_2025-08-18_G05,10109256SOUZAJ3,2025-08-18,"111330, 111530",2,15,13,187.0
10109256SOUZAJ3_2025-08-18_G06,10109256SOUZAJ3,2025-08-18,180420,2,3,16,176.0
10109256SOUZAJ3_2025-08-18_G07,10109256SOUZAJ3,2025-08-18,117808,1,108,0,155.0
10109256SOUZAJ3_2025-08-18_G08,10109256SOUZAJ3,2025-08-18,110374,1,12,0,115.0
10109256SOUZAJ3_2025-08-26_G02,10109256SOUZAJ3,2025-08-26,109640,1,12,0,416.0
10109256SOUZAJ3_2025-08-26_G03,10109256SOUZAJ3,2025-08-26,111439,1,4,0,128.0
10109256SOUZAJ3_2025-08-26_G04,10109256SOUZAJ3,2025-08-26,111463,1,13,0,1865.0
10109256SOUZAJ3_2025-08-26_G05,10109256SOUZAJ3,2025-08-26,118140,2,35,11,454.0
10109256SOUZAJ3_2025-08-26_G06,10109256SOUZAJ3,2025-08-26,110787,2,11,8,121.0
10109256SOUZAJ3_2025-08-26_G07,10109256SOUZAJ3,2025-08-26,110745,1,6,0,97.0
10109256SOUZAJ3_2025-08-26_G08,10109256SOUZAJ3,2025-08-26,111462,1,11,0,329.0
10109256SOUZAJ3_2025-08-26_G09,10109256SOUZAJ3,2025-08-26,109641,2,60,5,412.0
10109256SOUZAJ3_2025-08-26_G10,10109256SOUZAJ3,2025-08-26,110372,2,30,6,584.0
10109256SOUZAJ3_2025-08-26_G11,10109256SOUZAJ3,2025-08-26,111462,1,10,0,253.0
10109256SOUZAJ3_2025-08-26_G12,10109256SOUZAJ3,2025-08-26,111466,1,17,0,176.0
10109256SOUZAJ3_2025-08-26_G13,10109256SOUZAJ3,2025-08-26,111530,1,12,0,1585.0
10109256SOUZAJ3_2025-08-27_G02,10109256SOUZAJ3,2025-08-27,160051,1,8,0,83.0
10109256SOUZAJ3_2025-08-27_G03,10109256SOUZAJ3,2025-08-27,160053,1,4,0,187.0
10109256SOUZAJ3_2025-08-27_G04,10109256SOUZAJ3,2025-08-27,116241,1,7,0,734.0
10109256SOUZAJ3_2025-08-27_G05,10109256SOUZAJ3,2025-08-27,160055,1,5,0,142.0
10109256SOUZAJ3_2025-08-27_G06,10109256SOUZAJ3,2025-08-27,140922,1,15,0,126.0
10109256SOUZAJ3_2025-08-27_G07,10109256SOUZAJ3,2025-08-27,117837,1,5,0,196.0
10109256SOUZAJ3_2025-08-27_G08,10109256SOUZAJ3,2025-08-27,108759,1,3,0,228.0
10109256SOUZAJ3_2025-08-27_G09,10109256SOUZAJ3,2025-08-27,160057,1,3,0,180.0
10109256SOUZAJ3_2025-08-27_G10,10109256SOUZAJ3,2025-08-27,110747,1,8,0,262.0
10109256SOUZAJ3_2025-08-27_G11,10109256SOUZAJ3,2025-08-27,141313,1,4,0,696.0
10109256SOUZAJ3_2025-08-27_G12,10109256SOUZAJ3,2025-08-27,111430,1,13,0,470.0
10109256SOUZAJ3_2025-08-27_G13,10109256SOUZAJ3,2025-08-27,111441,1,16,0,104.0
10109256SOUZAJ3_2025-08-27_G14,10109256SOUZAJ3,2025-08-27,111441,1,4,0,62.0
10109256SOUZAJ3_2025-08-27_G15,10109256SOUZAJ3,2025-08-27,111530,1,24,0,461.0
10109256SOUZAJ3_2025-08-27_G16,10109256SOUZAJ3,2025-08-27,111602,1,30,0,282.0
10109256SOUZAJ3_2025-08-27_G17,10109256SOUZAJ3,2025-08-27,110313,1,40,0,1108.0
10109256SOUZAJ3_2025-08-27_G18,10109256SOUZAJ3,2025-08-27,117855,1,37,0,299.0
10109256SOUZAJ3_2025-08-30_G02,10109256SOUZAJ3,2025-08-30,110313,2,12,11,204.0
10109256SOUZAJ3_2025-08-30_G03,10109256SOUZAJ3,2025-08-30,105744,1,2,0,286.0
10109256SOUZAJ3_2025-08-30_G04,10109256SOUZAJ3,2025-08-30,110423,1,2,0,234.0
10109256SOUZAJ3_2025-08-30_G05,10109256SOUZAJ3,2025-08-30,111330,1,2,0,112.0
10109256SOUZAJ3_2025-08-30_G06,10109256SOUZAJ3,2025-08-30,117820,1,8,0,282.0
10109256SOUZAJ3_2025-08-30_G07,10109256SOUZAJ3,2025-08-30,118403,1,4,0,253.0
10109256SOUZAJ3_2025-08-30_G09,10109256SOUZAJ3,2025-08-30,160054,1,6,0,151.0
10109256SOUZAJ3_2025-08-30_G10,10109256SOUZAJ3,2025-08-30,110711,1,5,0,154.0
10109256SOUZAJ3_2025-08-30_G11,10109256SOUZAJ3,2025-08-30,109640,1,2,0,212.0
10109256SOUZAJ3_2025-08-30_G12,10109256SOUZAJ3,2025-08-30,140922,1,12,0,247.0
10109256SOUZAJ3_2025-08-30_G13,10109256SOUZAJ3,2025-08-30,108794,1,8,0,124.0
10109256SOUZAJ3_2025-08-30_G14,10109256SOUZAJ3,2025-08-30,140911,1,3,0,179.0
10109256SOUZAJ3_2025-08-30_G15,10109256SOUZAJ3,2025-08-30,107629,1,1,0,167.0
10109256SOUZAJ3_2025-08-30_G16,10109256SOUZAJ3,2025-08-30,117861,1,5,0,121.0
10109256SOUZAJ3_2025-08-30_G17,10109256SOUZAJ3,2025-08-30,117786,1,2,0,37.0
10109256SOUZAJ3_2025-08-30_G18,10109256SOUZAJ3,2025-08-30,118223,1,4,0,191.0
10109256SOUZAJ3_2025-08-30_G19,10109256SOUZAJ3,2025-08-30,118403,1,1,0,571.0
10109256SOUZAJ3_2025-08-30_G20,10109256SOUZAJ3,2025-08-30,117809,1,4,0,460.0
10109256SOUZAJ3_2025-08-30_G21,10109256SOUZAJ3,2025-08-30,140911,1,4,0,107.0
10109256SOUZAJ3_2025-08-30_G23,10109256SOUZAJ3,2025-08-30,110374,1,12,0,45.0
10109256SOUZAJ3_2025-08-30_G24,10109256SOUZAJ3,2025-08-30,118299,1,15,0,192.0
10109256SOUZAJ3_2025-08-30_G25,10109256SOUZAJ3,2025-08-30,110372,1,8,0,31.0
10109256SOUZAJ3_2025-08-30_G26,10109256SOUZAJ3,2025-08-30,117832,1,2,0,63.0
10109256SOUZAJ3_2025-08-30_G27,10109256SOUZAJ3,2025-08-30,111469,2,3,6,84.0
10109256SOUZAJ3_2025-08-30_G28,10109256SOUZAJ3,2025-08-30,111462,1,3,0,171.0
10109256SOUZAJ3_2025-08-30_G29,10109256SOUZAJ3,2025-08-30,117835,1,24,0,650.0
10109256SOUZAJ3_2025-08-30_G30,10109256SOUZAJ3,2025-08-30,109640,1,2,0,87.0
10109256SOUZAJ3_2025-10-30_G02,10109256SOUZAJ3,2025-10-30,"111530, 140923, 111602, 141066, 117855, 111753, 111433, 111463, 111418, 110740, 140922, 111743, 109649, 141456, 117785, 111462, 111532, 111468",21,178,145,33.0
10109256SOUZAJ3_2025-10-30_G03,10109256SOUZAJ3,2025-10-30,"110372, 118299, 117808, 117822, 110325, 122673, 121760, 124475, 123343",11,39,83,33.0
10109256SOUZAJ3_2025-10-30_G05,10109256SOUZAJ3,2025-10-30,117809,1,1,0,130.0
10109256SOUZAJ3_2025-12-12_G02,10109256SOUZAJ3,2025-12-12,124624,1,1,0,270.0
10109256SOUZAJ3_2025-12-12_G03,10109256SOUZAJ3,2025-12-12,122984,1,1,0,97.0
10109256SOUZAJ3_2025-12-12_G04,10109256SOUZAJ3,2025-12-12,124475,1,4,0,136.0
10109256SOUZAJ3_2025-12-12_G05,10109256SOUZAJ3,2025-12-12,122962,1,12,0,117.0
10109256SOUZAJ3_2025-12-12_G06,10109256SOUZAJ3,2025-12-12,122671,1,4,0,450.0
10109256SOUZAJ3_2025-12-12_G07,10109256SOUZAJ3,2025-12-12,124248,1,4,0,39.0
10109256SOUZAJ3_2025-12-12_G08,10109256SOUZAJ3,2025-12-12,121651,1,16,0,141.0
10109256SOUZAJ3_2025-12-12_G09,10109256SOUZAJ3,2025-12-12,122703,1,1,0,212.0
10109256SOUZAJ3_2025-12-12_G10,10109256SOUZAJ3,2025-12-12,121760,1,8,0,128.0
10109256SOUZAJ3_2025-12-12_G11,10109256SOUZAJ3,2025-12-12,124486,1,2,0,167.0
10109256SOUZAJ3_2025-12-12_G12,10109256SOUZAJ3,2025-12-12,123909,1,6,0,253.0
10109256SOUZAJ3_2025-12-12_G13,10109256SOUZAJ3,2025-12-12,123345,1,6,0,485.0
10109256SOUZAJ3_2025-12-13_G02,10109256SOUZAJ3,2025-12-13,111655,1,8,0,416.0
10109256SOUZAJ3_2025-12-13_G03,10109256SOUZAJ3,2025-12-13,117935,1,4,0,120.0
10109256SOUZAJ3_2025-12-13_G04,10109256SOUZAJ3,2025-12-13,117856,1,20,0,360.0
10109256SOUZAJ3_2025-12-13_G05,10109256SOUZAJ3,2025-12-13,117786,1,16,0,452.0
10109256SOUZAJ3_2025-12-13_G06,10109256SOUZAJ3,2025-12-13,111467,1,2,0,83.0
10109256SOUZAJ3_2025-12-13_G07,10109256SOUZAJ3,2025-12-13,140923,1,60,0,476.0
10109256SOUZAJ3_2025-12-13_G08,10109256SOUZAJ3,2025-12-13,117855,1,20,0,505.0
10109256SOUZAJ3_2025-12-13_G09,10109256SOUZAJ3,2025-12-13,111465,1,5,0,97.0
10109256SOUZAJ3_2025-12-13_G10,10109256SOUZAJ3,2025-12-13,118140,1,100,0,562.0
10109256SOUZAJ3_2025-12-13_G11,10109256SOUZAJ3,2025-12-13,111463,1,16,0,495.0
10109256SOUZAJ3_2025-12-13_G12,10109256SOUZAJ3,2025-12-13,111743,1,15,0,340.0
10109256SOUZAJ3_2025-12-13_G13,10109256SOUZAJ3,2025-12-13,117785,1,24,0,218.0
10109256SOUZAJ3_2025-12-13_G14,10109256SOUZAJ3,2025-12-13,108711,1,15,0,310.0
10109256SOUZAJ3_2025-12-13_G15,10109256SOUZAJ3,2025-12-13,117831,1,44,0,713.0
10109256SOUZAJ3_2025-12-13_G16,10109256SOUZAJ3,2025-12-13,111532,1,23,0,484.0
10109256SOUZAJ3_2025-12-13_G17,10109256SOUZAJ3,2025-12-13,117822,1,9,0,153.0
10109256SOUZAJ3_2025-12-13_G18,10109256SOUZAJ3,2025-12-13,110376,1,1,0,65.0
10109256SOUZAJ3_2025-12-13_G19,10109256SOUZAJ3,2025-12-13,110372,1,6,0,96.0
10109256SOUZAJ3_2026-01-13_G02,10109256SOUZAJ3,2026-01-13,110747,1,4,0,119.0
10109256SOUZAJ3_2026-01-13_G03,10109256SOUZAJ3,2026-01-13,110755,1,2,0,70.0
10109256SOUZAJ3_2026-01-13_G04,10109256SOUZAJ3,2026-01-13,110755,1,17,0,207.0
10109256SOUZAJ3_2026-01-13_G05,10109256SOUZAJ3,2026-01-13,117855,1,2,0,186.0
10109256SOUZAJ3_2026-01-13_G06,10109256SOUZAJ3,2026-01-13,118094,1,4,0,121.0
10109256SOUZAJ3_2026-01-13_G07,10109256SOUZAJ3,2026-01-13,111467,1,2,0,61.0
10109256SOUZAJ3_2026-01-13_G08,10109256SOUZAJ3,2026-01-13,117862,1,4,0,196.0
10109256SOUZAJ3_2026-01-13_G09,10109256SOUZAJ3,2026-01-13,110313,1,4,0,84.0
10109256SOUZAJ3_2026-01-13_G10,10109256SOUZAJ3,2026-01-13,140923,1,18,0,308.0
10109256SOUZAJ3_2026-01-13_G11,10109256SOUZAJ3,2026-01-13,107629,1,4,0,128.0
10109256SOUZAJ3_2026-01-13_G12,10109256SOUZAJ3,2026-01-13,110371,1,6,0,111.0
10109256SOUZAJ3_2026-01-13_G13,10109256SOUZAJ3,2026-01-13,117832,1,3,0,88.0
10109256SOUZAJ3_2026-01-13_G14,10109256SOUZAJ3,2026-01-13,110373,1,40,0,225.0
10109256SOUZAJ3_2026-01-13_G15,10109256SOUZAJ3,2026-01-13,111348,1,4,0,311.0
10109256SOUZAJ3_2026-01-13_G16,10109256SOUZAJ3,2026-01-13,111532,1,20,0,145.0
10109256SOUZAJ3_2026-01-13_G17,10109256SOUZAJ3,2026-01-13,118140,1,19,0,169.0
10109256SOUZAJ3_2026-01-13_G18,10109256SOUZAJ3,2026-01-13,111462,2,34,17,249.0
10109256SOUZAJ3_2026-01-13_G19,10109256SOUZAJ3,2026-01-13,111418,1,56,0,758.0
10109256SOUZAJ3_2026-01-13_G20,10109256SOUZAJ3,2026-01-13,109645,1,4,0,91.0
10109256SOUZAJ3_2026-01-13_G21,10109256SOUZAJ3,2026-01-13,141458,1,2,0,100.0
10109256SOUZAJ3_2026-01-13_G22,10109256SOUZAJ3,2026-01-13,110745,1,3,0,47.0
10109256SOUZAJ3_2026-01-13_G23,10109256SOUZAJ3,2026-01-13,111465,1,6,0,160.0
10109256SOUZAJ3_2026-01-16_G02,10109256SOUZAJ3,2026-01-16,120028,1,5,0,111.0
10109256SOUZAJ3_2026-01-16_G03,10109256SOUZAJ3,2026-01-16,124486,1,1,0,89.0
10109256SOUZAJ3_2026-01-16_G04,10109256SOUZAJ3,2026-01-16,122647,1,6,0,69.0
10109256SOUZAJ3_2026-01-16_G05,10109256SOUZAJ3,2026-01-16,122984,1,20,0,246.0
10109256SOUZAJ3_2026-01-16_G06,10109256SOUZAJ3,2026-01-16,124248,1,32,0,431.0
10109256SOUZAJ3_2026-01-16_G07,10109256SOUZAJ3,2026-01-16,122647,1,4,0,567.0
10109256SOUZAJ3_2026-01-16_G08,10109256SOUZAJ3,2026-01-16,122647,1,28,0,395.0
10109256SOUZAJ3_2026-01-16_G09,10109256SOUZAJ3,2026-01-16,122647,1,80,0,671.0
10109256SOUZAJ3_2026-01-16_G10,10109256SOUZAJ3,2026-01-16,120339,1,80,0,1097.0
10109256SOUZAJ3_2026-01-16_G11,10109256SOUZAJ3,2026-01-16,123909,1,4,0,2121.0
10109256SOUZAJ3_2026-01-16_G12,10109256SOUZAJ3,2026-01-16,123822,1,12,0,477.0
10109256SOUZAJ3_2026-01-16_G13,10109256SOUZAJ3,2026-01-16,124476,1,2,0,61.0
10109256SOUZAJ3_2026-01-16_G14,10109256SOUZAJ3,2026-01-16,122982,1,4,0,117.0
10109256SOUZAJ3_2026-01-16_G15,10109256SOUZAJ3,2026-01-16,"124475, 122962",2,15,21,42.0
10109256SOUZAJ3_2026-01-16_G16,10109256SOUZAJ3,2026-01-16,"122962, 123909",2,16,16,537.0
10109256SOUZAJ3_2026-01-16_G17,10109256SOUZAJ3,2026-01-16,122962,1,24,0,301.0
10109256SOUZAJ3_2026-01-16_G18,10109256SOUZAJ3,2026-01-16,122647,1,50,0,586.0
10109256SOUZAJ3_2026-01-16_G19,10109256SOUZAJ3,2026-01-16,122962,1,90,0,1834.0
10109256SOUZAJ3_2026-01-16_G20,10109256SOUZAJ3,2026-01-16,122647,1,17,0,1056.0
10109256SOUZAJ3_2026-01-16_G21,10109256SOUZAJ3,2026-01-16,124486,1,20,0,177.0
10109256SOUZAJ3_2026-01-16_G22,10109256SOUZAJ3,2026-01-16,122962,1,20,0,147.0
10109256SOUZAJ3_2026-01-16_G23,10109256SOUZAJ3,2026-01-16,122967,1,12,0,336.0
10109256SOUZAJ3_2026-01-16_G24,10109256SOUZAJ3,2026-01-16,120028,1,40,0,337.0
10109256SOUZAJ3_2026-01-16_G25,10109256SOUZAJ3,2026-01-16,120028,1,12,0,311.0
10109256SOUZAJ3_2026-01-16_G26,10109256SOUZAJ3,2026-01-16,122647,1,12,0,2386.0
10109256SOUZAJ3_2026-01-16_G27,10109256SOUZAJ3,2026-01-16,122984,2,20,17,200.0
10109256SOUZAJ3_2026-01-16_G28,10109256SOUZAJ3,2026-01-16,123822,1,20,0,511.0
10109256SOUZAJ3_2026-01-16_G29,10109256SOUZAJ3,2026-01-16,120028,1,11,0,301.0
10109256SOUZAJ3_2026-01-16_G30,10109256SOUZAJ3,2026-01-16,122647,1,40,0,470.0
10109256SOUZAJ3_2026-01-16_G31,10109256SOUZAJ3,2026-01-16,122962,1,80,0,490.0
10109256SOUZAJ3_2026-01-16_G32,10109256SOUZAJ3,2026-01-16,122984,1,4,0,645.0
10109256SOUZAJ3_2026-01-16_G33,10109256SOUZAJ3,2026-01-16,124248,1,4,0,84.0
10109279CHAVESE_2025-01-18_G02,10109279CHAVESE,2025-01-18,124248,1,30,0,768.0
10109279CHAVESE_2025-01-18_G03,10109279CHAVESE,2025-01-18,124247,1,16,0,135.0
10109279CHAVESE_2025-01-18_G04,10109279CHAVESE,2025-01-18,123911,1,24,0,167.0
10109279CHAVESE_2025-01-18_G05,10109279CHAVESE,2025-01-18,121760,1,4,0,174.0
10109279CHAVESE_2025-01-18_G06,10109279CHAVESE,2025-01-18,123343,1,1,0,429.0
10109279CHAVESE_2025-01-18_G07,10109279CHAVESE,2025-01-18,123343,1,4,0,373.0
10109279CHAVESE_2025-01-18_G08,10109279CHAVESE,2025-01-18,121760,1,20,0,1192.0
10109279CHAVESE_2025-04-29_G02,10109279CHAVESE,2025-04-29,111437,1,30,0,648.0
10109279CHAVESE_2025-04-29_G03,10109279CHAVESE,2025-04-29,116527,1,50,0,745.0
10109279CHAVESE_2025-04-29_G04,10109279CHAVESE,2025-04-29,111430,1,12,0,603.0
10109279CHAVESE_2025-04-29_G05,10109279CHAVESE,2025-04-29,108737,1,15,0,901.0
10109279CHAVESE_2025-04-29_G06,10109279CHAVESE,2025-04-29,141047,1,30,0,671.0
10109279CHAVESE_2025-04-29_G07,10109279CHAVESE,2025-04-29,111530,1,17,0,215.0
10109279CHAVESE_2025-04-29_G08,10109279CHAVESE,2025-04-29,110752,1,18,0,511.0
10109279CHAVESE_2025-04-29_G09,10109279CHAVESE,2025-04-29,110752,1,32,0,578.0
10109279CHAVESE_2025-04-29_G10,10109279CHAVESE,2025-04-29,111879,1,20,0,149.0
10109279CHAVESE_2025-04-29_G11,10109279CHAVESE,2025-04-29,110515,1,36,0,350.0
10109279CHAVESE_2025-04-29_G12,10109279CHAVESE,2025-04-29,111743,1,30,0,198.0
10109279CHAVESE_2025-04-29_G13,10109279CHAVESE,2025-04-29,117831,1,50,0,567.0
10109279CHAVESE_2025-04-29_G14,10109279CHAVESE,2025-04-29,111532,1,8,0,201.0
10109279CHAVESE_2025-04-29_G15,10109279CHAVESE,2025-04-29,108798,1,30,0,232.0
10109279CHAVESE_2025-04-29_G16,10109279CHAVESE,2025-04-29,111418,1,100,0,1489.0
10109279CHAVESE_2025-04-29_G17,10109279CHAVESE,2025-04-29,111433,1,44,0,291.0
10109279CHAVESE_2025-04-29_G18,10109279CHAVESE,2025-04-29,118299,1,100,0,249.0
10109279CHAVESE_2025-04-29_G19,10109279CHAVESE,2025-04-29,117832,1,60,0,267.0
10109279CHAVESE_2025-04-29_G20,10109279CHAVESE,2025-04-29,107830,1,40,0,373.0
10109279CHAVESE_2025-04-29_G21,10109279CHAVESE,2025-04-29,117809,1,71,0,173.0
10109279CHAVESE_2025-04-29_G23,10109279CHAVESE,2025-04-29,108711,1,6,0,224.0
10109279CHAVESE_2025-04-29_G24,10109279CHAVESE,2025-04-29,108711,1,14,0,94.0
10109279CHAVESE_2025-04-29_G25,10109279CHAVESE,2025-04-29,107892,1,6,0,171.0
10109279CHAVESE_2025-04-29_G26,10109279CHAVESE,2025-04-29,111660,1,14,0,349.0
10109279CHAVESE_2025-04-29_G27,10109279CHAVESE,2025-04-29,111530,1,52,0,391.0
10109279CHAVESE_2025-04-29_G28,10109279CHAVESE,2025-04-29,111530,1,8,0,67.0
10109279CHAVESE_2025-04-29_G29,10109279CHAVESE,2025-04-29,111530,1,5,0,183.0
10109279CHAVESE_2025-04-29_G30,10109279CHAVESE,2025-04-29,111530,3,67,28,341.0
10109279CHAVESE_2025-04-29_G31,10109279CHAVESE,2025-04-29,108711,1,50,0,307.0
10109279CHAVESE_2025-04-29_G32,10109279CHAVESE,2025-04-29,108711,1,10,0,58.0
10109279CHAVESE_2025-04-29_G33,10109279CHAVESE,2025-04-29,111182,2,24,18,192.0
10109279CHAVESE_2025-04-29_G34,10109279CHAVESE,2025-04-29,117808,1,300,0,423.0
10109279CHAVESE_2025-04-29_G35,10109279CHAVESE,2025-04-29,111655,1,4,0,1585.0
10109279CHAVESE_2025-04-29_G36,10109279CHAVESE,2025-04-29,111444,1,8,0,98.0
10109279CHAVESE_2025-04-29_G37,10109279CHAVESE,2025-04-29,107236,1,2,0,99.0
10109279CHAVESE_2025-04-29_G38,10109279CHAVESE,2025-04-29,107892,1,4,0,488.0
10109279CHAVESE_2025-04-29_G39,10109279CHAVESE,2025-04-29,111660,1,18,0,159.0
10109279CHAVESE_2025-04-29_G40,10109279CHAVESE,2025-04-29,111660,1,12,0,192.0
10109279CHAVESE_2025-04-29_G41,10109279CHAVESE,2025-04-29,100334,1,7,0,481.0
10109279CHAVESE_2025-04-29_G42,10109279CHAVESE,2025-04-29,118094,1,12,0,439.0
10109279CHAVESE_2025-04-29_G43,10109279CHAVESE,2025-04-29,111330,1,9,0,183.0
10109279CHAVESE_2025-04-29_G44,10109279CHAVESE,2025-04-29,111442,1,20,0,138.0
10109279CHAVESE_2025-04-29_G45,10109279CHAVESE,2025-04-29,107892,1,2,0,234.0
10109279CHAVESE_2025-04-29_G46,10109279CHAVESE,2025-04-29,111660,1,2,0,193.0
10109279CHAVESE_2025-04-29_G47,10109279CHAVESE,2025-04-29,111660,1,1,0,31.0
10109279CHAVESE_2025-04-29_G48,10109279CHAVESE,2025-04-29,108772,1,4,0,240.0
10109279CHAVESE_2025-04-29_G49,10109279CHAVESE,2025-04-29,118094,1,12,0,165.0
10109279CHAVESE_2025-04-29_G50,10109279CHAVESE,2025-04-29,111530,1,12,0,2509.0
10109279CHAVESE_2025-04-29_G51,10109279CHAVESE,2025-04-29,117853,2,9,13,385.0
10109279CHAVESE_2025-04-29_G52,10109279CHAVESE,2025-04-29,111443,1,3,0,252.0
10109279CHAVESE_2025-04-29_G53,10109279CHAVESE,2025-04-29,111330,1,6,0,139.0
10109279CHAVESE_2025-04-29_G54,10109279CHAVESE,2025-04-29,111444,1,12,0,105.0
10109279CHAVESE_2025-04-29_G55,10109279CHAVESE,2025-04-29,111444,1,6,0,300.0
10109279CHAVESE_2025-05-30_G02,10109279CHAVESE,2025-05-30,111435,1,2,0,158.0
10109279CHAVESE_2025-05-30_G03,10109279CHAVESE,2025-05-30,111736,1,1,0,130.0
10109279CHAVESE_2025-05-30_G04,10109279CHAVESE,2025-05-30,116241,1,4,0,108.0
10109279CHAVESE_2025-05-30_G05,10109279CHAVESE,2025-05-30,110747,1,8,0,111.0
10109279CHAVESE_2025-05-30_G06,10109279CHAVESE,2025-05-30,111441,1,4,0,105.0
10109279CHAVESE_2025-05-30_G07,10109279CHAVESE,2025-05-30,117855,1,2,0,131.0
10109279CHAVESE_2025-05-30_G08,10109279CHAVESE,2025-05-30,108794,1,2,0,272.0
10109279CHAVESE_2025-05-30_G09,10109279CHAVESE,2025-05-30,111466,1,5,0,628.0
10109279CHAVESE_2025-05-30_G10,10109279CHAVESE,2025-05-30,117833,1,3,0,72.0
10109279CHAVESE_2025-05-30_G11,10109279CHAVESE,2025-05-30,111418,1,14,0,794.0
10109279CHAVESE_2025-05-30_G12,10109279CHAVESE,2025-05-30,110373,1,8,0,130.0
10109279CHAVESE_2025-05-30_G13,10109279CHAVESE,2025-05-30,110372,1,16,0,175.0
10109279CHAVESE_2025-05-30_G14,10109279CHAVESE,2025-05-30,118299,1,4,0,120.0
10109279CHAVESE_2025-05-30_G15,10109279CHAVESE,2025-05-30,117832,1,2,0,75.0
10109279CHAVESE_2025-05-30_G16,10109279CHAVESE,2025-05-30,117809,1,4,0,99.0
10109279CHAVESE_2025-05-30_G17,10109279CHAVESE,2025-05-30,117830,1,2,0,129.0
10109279CHAVESE_2025-05-30_G18,10109279CHAVESE,2025-05-30,111469,1,4,0,170.0
10109279CHAVESE_2025-05-30_G19,10109279CHAVESE,2025-05-30,118299,1,16,0,247.0
10109279CHAVESE_2025-05-30_G20,10109279CHAVESE,2025-05-30,117820,1,60,0,527.0
10109279CHAVESE_2025-05-30_G21,10109279CHAVESE,2025-05-30,117935,1,12,0,368.0
10109279CHAVESE_2025-05-30_G22,10109279CHAVESE,2025-05-30,110787,1,12,0,208.0
10109279CHAVESE_2025-05-30_G23,10109279CHAVESE,2025-05-30,111660,1,1,0,1072.0
10109279CHAVESE_2025-05-30_G24,10109279CHAVESE,2025-05-30,111602,1,64,0,1039.0
10109279CHAVESE_2025-05-30_G25,10109279CHAVESE,2025-05-30,110313,1,9,0,148.0
10109279CHAVESE_2025-05-30_G26,10109279CHAVESE,2025-05-30,110313,1,56,0,294.0
10109279CHAVESE_2025-05-30_G27,10109279CHAVESE,2025-05-30,111469,1,80,0,830.0
10109279CHAVESE_2025-05-30_G28,10109279CHAVESE,2025-05-30,111469,1,80,0,382.0
10109279CHAVESE_2025-05-30_G29,10109279CHAVESE,2025-05-30,111469,1,46,0,221.0
10109279CHAVESE_2025-05-30_G30,10109279CHAVESE,2025-05-30,117831,1,100,0,250.0
10109279CHAVESE_2025-05-30_G31,10109279CHAVESE,2025-05-30,118140,1,40,0,159.0
10109279CHAVESE_2025-05-30_G32,10109279CHAVESE,2025-05-30,117785,1,5,0,167.0
10109279CHAVESE_2025-05-30_G33,10109279CHAVESE,2025-05-30,110787,1,48,0,507.0
10109279CHAVESE_2025-11-07_G02,10109279CHAVESE,2025-11-07,124486,1,8,0,205.0
10109279CHAVESE_2025-11-07_G03,10109279CHAVESE,2025-11-07,121760,1,2,0,270.0
10109279CHAVESE_2025-11-07_G04,10109279CHAVESE,2025-11-07,180258,1,1,0,212.0
10109279CHAVESE_2025-11-07_G05,10109279CHAVESE,2025-11-07,122962,1,4,0,100.0
10109279CHAVESE_2025-11-07_G06,10109279CHAVESE,2025-11-07,123909,1,6,0,144.0
10109279CHAVESE_2025-11-07_G07,10109279CHAVESE,2025-11-07,124486,1,11,0,253.0
10109279CHAVESE_2025-11-07_G08,10109279CHAVESE,2025-11-07,124486,1,13,0,202.0
10109279CHAVESE_2025-11-07_G09,10109279CHAVESE,2025-11-07,124486,1,86,0,1205.0
10109279CHAVESE_2025-11-07_G10,10109279CHAVESE,2025-11-07,123344,1,10,0,88.0
10109279CHAVESE_2025-11-07_G11,10109279CHAVESE,2025-11-07,122984,1,1,0,567.0
10109279CHAVESE_2025-11-07_G12,10109279CHAVESE,2025-11-07,121928,1,6,0,157.0
10109279CHAVESE_2025-11-07_G13,10109279CHAVESE,2025-11-07,122983,1,12,0,344.0
10109279CHAVESE_2025-11-07_G14,10109279CHAVESE,2025-11-07,122983,1,12,0,169.0
10109279CHAVESE_2025-11-07_G15,10109279CHAVESE,2025-11-07,121760,1,4,0,144.0
10109279CHAVESE_2025-11-07_G16,10109279CHAVESE,2025-11-07,120339,1,8,0,135.0
10109279CHAVESE_2025-11-07_G17,10109279CHAVESE,2025-11-07,120339,1,6,0,167.0
10109279CHAVESE_2025-11-07_G18,10109279CHAVESE,2025-11-07,123561,1,4,0,127.0
10109279CHAVESE_2025-11-07_G19,10109279CHAVESE,2025-11-07,123561,1,4,0,31.0
10109279CHAVESE_2025-11-07_G20,10109279CHAVESE,2025-11-07,124475,1,2,0,96.0
10109279CHAVESE_2025-11-07_G21,10109279CHAVESE,2025-11-07,121651,1,1,0,82.0
10109279CHAVESE_2025-11-07_G22,10109279CHAVESE,2025-11-07,122962,1,12,0,1365.0
10109279CHAVESE_2025-11-07_G23,10109279CHAVESE,2025-11-07,122647,1,12,0,187.0
10109279CHAVESE_2025-11-07_G24,10109279CHAVESE,2025-11-07,122962,1,28,0,635.0
10109279CHAVESE_2025-11-07_G25,10109279CHAVESE,2025-11-07,124486,1,72,0,880.0
10109279CHAVESE_2025-11-07_G26,10109279CHAVESE,2025-11-07,122962,1,7,0,1412.0
10109279CHAVESE_2025-11-07_G27,10109279CHAVESE,2025-11-07,123909,1,5,0,185.0
10109279CHAVESE_2025-11-07_G28,10109279CHAVESE,2025-11-07,122647,1,4,0,148.0
10109279CHAVESE_2025-11-07_G29,10109279CHAVESE,2025-11-07,120339,1,4,0,56.0
10109279CHAVESE_2025-11-07_G30,10109279CHAVESE,2025-11-07,124371,1,4,0,83.0
10109279CHAVESE_2025-11-07_G31,10109279CHAVESE,2025-11-07,124247,1,7,0,139.0
10109279CHAVESE_2025-11-07_G32,10109279CHAVESE,2025-11-07,120272,1,4,0,109.0
10109279CHAVESE_2025-11-07_G33,10109279CHAVESE,2025-11-07,124475,1,4,0,63.0
10109279CHAVESE_2025-11-07_G34,10109279CHAVESE,2025-11-07,124370,1,6,0,141.0
10109279CHAVESE_2025-11-07_G35,10109279CHAVESE,2025-11-07,123343,1,16,0,346.0
10109279CHAVESE_2025-11-07_G36,10109279CHAVESE,2025-11-07,123313,1,2,0,73.0
10109279CHAVESE_2025-11-07_G38,10109279CHAVESE,2025-11-07,122981,1,10,0,133.0
10109279CHAVESE_2025-11-07_G39,10109279CHAVESE,2025-11-07,123080,1,2,0,142.0
10109279CHAVESE_2025-11-07_G40,10109279CHAVESE,2025-11-07,124371,1,14,0,349.0
10109279CHAVESE_2025-11-07_G41,10109279CHAVESE,2025-11-07,123561,1,8,0,158.0
10109279CHAVESE_2025-11-07_G42,10109279CHAVESE,2025-11-07,124247,1,10,0,176.0
10109279CHAVESE_2025-11-07_G43,10109279CHAVESE,2025-11-07,120028,1,10,0,179.0
10109279CHAVESE_2025-11-07_G44,10109279CHAVESE,2025-11-07,122962,1,100,0,1561.0
10109279CHAVESE_2025-11-08_G02,10109279CHAVESE,2025-11-08,"120389, 122647",2,30,28,584.0
10109279CHAVESE_2025-11-08_G03,10109279CHAVESE,2025-11-08,"124486, 122185",2,7,21,117.0
10109279CHAVESE_2025-11-08_G04,10109279CHAVESE,2025-11-08,122984,1,8,0,31.0
10109279CHAVESE_2025-11-08_G05,10109279CHAVESE,2025-11-08,122962,1,8,0,88.0
10109279CHAVESE_2025-11-08_G06,10109279CHAVESE,2025-11-08,124486,1,8,0,224.0
10109279CHAVESE_2025-11-08_G07,10109279CHAVESE,2025-11-08,122962,1,12,0,205.0
10109279CHAVESE_2025-11-08_G08,10109279CHAVESE,2025-11-08,124248,1,4,0,40.0
10109279CHAVESE_2025-11-08_G09,10109279CHAVESE,2025-11-08,122647,1,34,0,1134.0
10109279CHAVESE_2025-11-08_G10,10109279CHAVESE,2025-11-08,122967,1,32,0,887.0
10109279CHAVESE_2025-11-08_G11,10109279CHAVESE,2025-11-08,122962,1,90,0,3360.0
10109279CHAVESE_2025-11-08_G12,10109279CHAVESE,2025-11-08,122983,1,4,0,186.0
10109279CHAVESE_2025-11-08_G13,10109279CHAVESE,2025-11-08,120028,1,8,0,72.0
10109279CHAVESE_2025-11-08_G14,10109279CHAVESE,2025-11-08,122647,1,14,0,266.0
10109279CHAVESE_2025-11-08_G15,10109279CHAVESE,2025-11-08,122986,1,4,0,166.0
10109279CHAVESE_2025-11-08_G16,10109279CHAVESE,2025-11-08,122647,1,28,0,310.0
10109279CHAVESE_2025-11-08_G17,10109279CHAVESE,2025-11-08,120028,1,8,0,800.0
10109279CHAVESE_2025-11-08_G18,10109279CHAVESE,2025-11-08,122673,1,6,0,242.0
10109279CHAVESE_2025-11-08_G19,10109279CHAVESE,2025-11-08,122962,1,50,0,771.0
10109279CHAVESE_2025-11-08_G20,10109279CHAVESE,2025-11-08,124486,1,8,0,100.0
10109279CHAVESE_2025-11-08_G21,10109279CHAVESE,2025-11-08,124486,1,14,0,235.0
10109279CHAVESE_2025-11-08_G22,10109279CHAVESE,2025-11-08,122962,1,16,0,266.0
10109279CHAVESE_2025-11-08_G23,10109279CHAVESE,2025-11-08,123344,1,6,0,692.0
10109279CHAVESE_2025-11-08_G24,10109279CHAVESE,2025-11-08,122185,1,7,0,87.0
10109279CHAVESE_2025-11-08_G25,10109279CHAVESE,2025-11-08,122983,1,4,0,33.0
10109279CHAVESE_2025-11-08_G26,10109279CHAVESE,2025-11-08,120339,1,3,0,126.0
10109279CHAVESE_2025-11-08_G27,10109279CHAVESE,2025-11-08,121651,1,16,0,181.0
10109279CHAVESE_2025-11-08_G28,10109279CHAVESE,2025-11-08,123343,1,2,0,148.0
10109279CHAVESE_2025-11-08_G29,10109279CHAVESE,2025-11-08,123345,1,6,0,130.0
10109279CHAVESE_2025-11-08_G30,10109279CHAVESE,2025-11-08,123344,1,14,0,286.0
10109279CHAVESE_2025-11-08_G31,10109279CHAVESE,2025-11-08,123909,1,3,0,47.0
10109279CHAVESE_2025-11-08_G32,10109279CHAVESE,2025-11-08,123344,1,2,0,77.0
10109279CHAVESE_2025-11-08_G33,10109279CHAVESE,2025-11-08,123909,1,1,0,45.0
10109279CHAVESE_2025-11-08_G34,10109279CHAVESE,2025-11-08,121760,1,10,0,110.0
10109279CHAVESE_2025-11-08_G35,10109279CHAVESE,2025-11-08,122703,1,1,0,103.0
10109279CHAVESE_2025-11-08_G36,10109279CHAVESE,2025-11-08,124475,1,2,0,113.0
10109279CHAVESE_2025-11-08_G37,10109279CHAVESE,2025-11-08,121651,1,10,0,45.0
10109279CHAVESE_2025-11-08_G38,10109279CHAVESE,2025-11-08,124548,1,2,0,76.0
10109279CHAVESE_2025-11-08_G39,10109279CHAVESE,2025-11-08,123343,1,4,0,174.0
10109279CHAVESE_2025-11-08_G40,10109279CHAVESE,2025-11-08,"123344, 124371",2,8,19,252.0
10109279CHAVESE_2025-11-08_G41,10109279CHAVESE,2025-11-08,123344,1,8,0,125.0
10109279CHAVESE_2025-11-08_G42,10109279CHAVESE,2025-11-08,121760,1,6,0,43.0
10109279CHAVESE_2025-11-08_G43,10109279CHAVESE,2025-11-08,124475,1,2,0,123.0
10109279CHAVESE_2025-11-08_G45,10109279CHAVESE,2025-11-08,124486,1,19,0,783.0
10109279CHAVESE_2025-11-08_G46,10109279CHAVESE,2025-11-08,124486,1,45,0,169.0
10109279CHAVESE_2025-11-08_G47,10109279CHAVESE,2025-11-08,122962,1,32,0,495.0
10109279CHAVESE_2025-11-08_G48,10109279CHAVESE,2025-11-08,124486,1,2,0,138.0
10109279CHAVESE_2025-11-08_G49,10109279CHAVESE,2025-11-08,122962,1,16,0,236.0
10109279CHAVESE_2025-11-08_G50,10109279CHAVESE,2025-11-08,124486,1,3,0,46.0
10109279CHAVESE_2025-11-08_G51,10109279CHAVESE,2025-11-08,124486,1,25,0,304.0
10109279CHAVESE_2025-11-08_G52,10109279CHAVESE,2025-11-08,122962,1,12,0,145.0
10109279CHAVESE_2025-11-08_G53,10109279CHAVESE,2025-11-08,122962,1,12,0,187.0
10109279CHAVESE_2025-11-08_G54,10109279CHAVESE,2025-11-08,122673,1,26,0,514.0
10109279CHAVESE_2025-11-08_G55,10109279CHAVESE,2025-11-08,123345,1,6,0,171.0
10109279CHAVESE_2025-11-08_G56,10109279CHAVESE,2025-11-08,122673,1,8,0,47.0
10109279CHAVESE_2025-11-13_G02,10109279CHAVESE,2025-11-13,124486,1,12,0,298.0
10109279CHAVESE_2025-11-13_G03,10109279CHAVESE,2025-11-13,123344,1,4,0,224.0
10109279CHAVESE_2025-11-13_G04,10109279CHAVESE,2025-11-13,124486,1,4,0,155.0
10109279CHAVESE_2025-11-13_G05,10109279CHAVESE,2025-11-13,122984,1,4,0,110.0
10109279CHAVESE_2025-11-13_G06,10109279CHAVESE,2025-11-13,120028,1,20,0,231.0
10109279CHAVESE_2025-11-13_G07,10109279CHAVESE,2025-11-13,122671,1,4,0,112.0
10109279CHAVESE_2025-11-13_G08,10109279CHAVESE,2025-11-13,122962,1,32,0,373.0
10109279CHAVESE_2025-11-13_G09,10109279CHAVESE,2025-11-13,120389,1,4,0,228.0
10109279CHAVESE_2025-11-13_G10,10109279CHAVESE,2025-11-13,124486,1,4,0,104.0
10109279CHAVESE_2025-11-13_G11,10109279CHAVESE,2025-11-13,124477,1,4,0,592.0
10109279CHAVESE_2025-11-13_G12,10109279CHAVESE,2025-11-13,122984,1,14,0,358.0
10109279CHAVESE_2025-11-13_G13,10109279CHAVESE,2025-11-13,124370,1,4,0,170.0
10109279CHAVESE_2025-11-13_G14,10109279CHAVESE,2025-11-13,123909,1,8,0,71.0
10109279CHAVESE_2025-11-13_G15,10109279CHAVESE,2025-11-13,122962,1,20,0,373.0
10109279CHAVESE_2025-11-13_G16,10109279CHAVESE,2025-11-13,124475,1,6,0,139.0
10109279CHAVESE_2025-11-13_G17,10109279CHAVESE,2025-11-13,123560,1,6,0,213.0
10109279CHAVESE_2025-11-13_G18,10109279CHAVESE,2025-11-13,123313,1,1,0,92.0
10109279CHAVESE_2025-11-13_G19,10109279CHAVESE,2025-11-13,123345,1,10,0,336.0
10109279CHAVESE_2025-11-13_G20,10109279CHAVESE,2025-11-13,124247,1,16,0,266.0
10109279CHAVESE_2025-11-13_G21,10109279CHAVESE,2025-11-13,124486,1,6,0,46.0
10109279CHAVESE_2025-11-13_G22,10109279CHAVESE,2025-11-13,122981,1,2,0,129.0
10109279CHAVESE_2025-11-13_G23,10109279CHAVESE,2025-11-13,123909,1,5,0,136.0
10109279CHAVESE_2025-11-13_G24,10109279CHAVESE,2025-11-13,122671,1,3,0,84.0
10109279CHAVESE_2025-11-13_G25,10109279CHAVESE,2025-11-13,122962,1,20,0,316.0
10109279CHAVESE_2025-11-13_G26,10109279CHAVESE,2025-11-13,124247,1,4,0,108.0
10109279CHAVESE_2025-11-13_G27,10109279CHAVESE,2025-11-13,124433,1,6,0,278.0
10109279CHAVESE_2025-11-13_G28,10109279CHAVESE,2025-11-13,123560,1,10,0,197.0
10109279CHAVESE_2025-11-13_G29,10109279CHAVESE,2025-11-13,123343,1,2,0,105.0
10109279CHAVESE_2025-11-13_G30,10109279CHAVESE,2025-11-13,124247,1,6,0,118.0
10109279CHAVESE_2025-11-13_G31,10109279CHAVESE,2025-11-13,124486,1,4,0,1027.0
10109279CHAVESE_2025-11-13_G32,10109279CHAVESE,2025-11-13,123822,1,8,0,143.0
10109279CHAVESE_2025-11-13_G33,10109279CHAVESE,2025-11-13,122962,1,12,0,195.0
10109279CHAVESE_2025-11-13_G35,10109279CHAVESE,2025-11-13,122673,1,4,0,76.0
10109279CHAVESE_2025-11-13_G36,10109279CHAVESE,2025-11-13,123343,1,2,0,225.0
10109279CHAVESE_2025-11-13_G37,10109279CHAVESE,2025-11-13,123153,1,50,0,607.0
10109279CHAVESE_2025-11-13_G38,10109279CHAVESE,2025-11-13,122962,1,2,0,64.0
10109279CHAVESE_2025-11-13_G39,10109279CHAVESE,2025-11-13,123153,1,30,0,508.0
10109279CHAVESE_2025-11-13_G40,10109279CHAVESE,2025-11-13,123153,1,50,0,539.0
10109279CHAVESE_2025-11-13_G41,10109279CHAVESE,2025-11-13,123822,1,20,0,500.0
10109279CHAVESE_2025-11-13_G42,10109279CHAVESE,2025-11-13,181887,1,6,0,140.0
10109279CHAVESE_2025-11-13_G43,10109279CHAVESE,2025-11-13,120272,1,2,0,210.0
10109279CHAVESE_2025-11-13_G44,10109279CHAVESE,2025-11-13,124486,1,12,0,279.0
10109279CHAVESE_2025-11-13_G45,10109279CHAVESE,2025-11-13,123153,1,30,0,452.0
10109279CHAVESE_2025-11-13_G46,10109279CHAVESE,2025-11-13,124476,1,2,0,138.0
10109279CHAVESE_2025-11-13_G47,10109279CHAVESE,2025-11-13,124476,1,4,0,119.0
10109279CHAVESE_2025-11-13_G48,10109279CHAVESE,2025-11-13,123080,1,6,0,105.0
10109279CHAVESE_2025-11-13_G49,10109279CHAVESE,2025-11-13,124475,1,12,0,183.0
10109279CHAVESE_2025-11-26_G02,10109279CHAVESE,2025-11-26,120389,1,34,0,506.0
10109279CHAVESE_2025-11-26_G03,10109279CHAVESE,2025-11-26,180073,1,3,0,357.0
10109279CHAVESE_2025-12-11_G02,10109279CHAVESE,2025-12-11,120028,1,50,0,617.0
10109279CHAVESE_2025-12-11_G03,10109279CHAVESE,2025-12-11,122647,1,60,0,833.0
10109307OLIVEIRAW_2025-01-15_G02,10109307OLIVEIRAW,2025-01-15,120008,1,29,0,419.0
10109307OLIVEIRAW_2025-01-15_G03,10109307OLIVEIRAW,2025-01-15,121928,1,2,0,73.0
10109307OLIVEIRAW_2025-01-15_G04,10109307OLIVEIRAW,2025-01-15,122705,1,4,0,60.0
10109307OLIVEIRAW_2025-01-17_G02,10109307OLIVEIRAW,2025-01-17,122984,1,8,0,179.0
10109307OLIVEIRAW_2025-01-17_G03,10109307OLIVEIRAW,2025-01-17,124371,1,4,0,81.0
10109307OLIVEIRAW_2025-01-17_G04,10109307OLIVEIRAW,2025-01-17,122983,1,4,0,97.0
10109307OLIVEIRAW_2025-01-17_G05,10109307OLIVEIRAW,2025-01-17,122962,1,6,0,187.0
10109307OLIVEIRAW_2025-01-17_G06,10109307OLIVEIRAW,2025-01-17,122647,1,6,0,119.0
10109307OLIVEIRAW_2025-01-17_G07,10109307OLIVEIRAW,2025-01-17,122968,1,1,0,222.0
10109307OLIVEIRAW_2025-01-17_G08,10109307OLIVEIRAW,2025-01-17,124370,1,4,0,343.0
10109307OLIVEIRAW_2025-01-17_G09,10109307OLIVEIRAW,2025-01-17,124371,1,12,0,358.0
10109307OLIVEIRAW_2025-01-17_G10,10109307OLIVEIRAW,2025-01-17,123909,1,8,0,170.0
10109307OLIVEIRAW_2025-01-17_G11,10109307OLIVEIRAW,2025-01-17,122982,1,13,0,328.0
10109307OLIVEIRAW_2025-01-17_G12,10109307OLIVEIRAW,2025-01-17,122647,1,20,0,522.0
10109307OLIVEIRAW_2025-01-17_G13,10109307OLIVEIRAW,2025-01-17,122647,1,20,0,384.0
10109307OLIVEIRAW_2025-01-17_G14,10109307OLIVEIRAW,2025-01-17,122962,1,250,0,2848.0
10109307OLIVEIRAW_2025-01-17_G15,10109307OLIVEIRAW,2025-01-17,123909,1,12,0,511.0
10109307OLIVEIRAW_2025-01-17_G16,10109307OLIVEIRAW,2025-01-17,122671,1,4,0,2109.0
10109307OLIVEIRAW_2025-01-17_G17,10109307OLIVEIRAW,2025-01-17,120271,1,4,0,91.0
10109307OLIVEIRAW_2025-01-17_G18,10109307OLIVEIRAW,2025-01-17,123909,1,8,0,101.0
10109307OLIVEIRAW_2025-01-17_G19,10109307OLIVEIRAW,2025-01-17,121760,1,20,0,585.0
10109307OLIVEIRAW_2025-01-17_G20,10109307OLIVEIRAW,2025-01-17,122647,1,13,0,285.0
10109307OLIVEIRAW_2025-01-17_G22,10109307OLIVEIRAW,2025-01-17,123153,1,60,0,1144.0
10109307OLIVEIRAW_2025-01-17_G23,10109307OLIVEIRAW,2025-01-17,122647,1,12,0,337.0
10109307OLIVEIRAW_2025-01-17_G24,10109307OLIVEIRAW,2025-01-17,124371,1,2,0,102.0
10109307OLIVEIRAW_2025-01-17_G25,10109307OLIVEIRAW,2025-01-17,121651,1,8,0,136.0
10109307OLIVEIRAW_2025-01-17_G26,10109307OLIVEIRAW,2025-01-17,124264,1,12,0,303.0
10109307OLIVEIRAW_2025-01-17_G27,10109307OLIVEIRAW,2025-01-17,121760,1,84,0,1791.0
10109307OLIVEIRAW_2025-01-17_G28,10109307OLIVEIRAW,2025-01-17,121760,1,36,0,540.0
10109307OLIVEIRAW_2025-01-17_G29,10109307OLIVEIRAW,2025-01-17,121760,1,18,0,305.0
10109307OLIVEIRAW_2025-01-17_G30,10109307OLIVEIRAW,2025-01-17,123889,1,6,0,283.0
10109307OLIVEIRAW_2025-01-17_G31,10109307OLIVEIRAW,2025-01-17,123345,1,20,0,258.0
10109307OLIVEIRAW_2025-01-17_G32,10109307OLIVEIRAW,2025-01-17,123343,1,20,0,550.0
10109307OLIVEIRAW_2025-01-23_G02,10109307OLIVEIRAW,2025-01-23,122671,1,20,0,419.0
10109307OLIVEIRAW_2025-01-23_G03,10109307OLIVEIRAW,2025-01-23,123909,1,1,0,115.0
10109307OLIVEIRAW_2025-01-23_G04,10109307OLIVEIRAW,2025-01-23,121760,1,2,0,101.0
10109307OLIVEIRAW_2025-01-23_G05,10109307OLIVEIRAW,2025-01-23,123343,1,1,0,63.0
10109307OLIVEIRAW_2025-01-23_G06,10109307OLIVEIRAW,2025-01-23,181906,1,2,0,145.0
10109307OLIVEIRAW_2025-01-23_G07,10109307OLIVEIRAW,2025-01-23,181906,1,2,0,114.0
10109307OLIVEIRAW_2025-01-23_G08,10109307OLIVEIRAW,2025-01-23,180098,1,1,0,584.0
10109307OLIVEIRAW_2025-01-23_G09,10109307OLIVEIRAW,2025-01-23,180098,1,5,0,532.0
10109307OLIVEIRAW_2025-01-23_G10,10109307OLIVEIRAW,2025-01-23,124370,1,40,0,1683.0
10109307OLIVEIRAW_2025-01-23_G11,10109307OLIVEIRAW,2025-01-23,122983,1,6,0,177.0
10109307OLIVEIRAW_2025-01-23_G12,10109307OLIVEIRAW,2025-01-23,124247,1,10,0,165.0
10109307OLIVEIRAW_2025-01-23_G13,10109307OLIVEIRAW,2025-01-23,124370,1,10,0,534.0
10109307OLIVEIRAW_2025-01-23_G14,10109307OLIVEIRAW,2025-01-23,122962,1,20,0,506.0
10109307OLIVEIRAW_2025-01-23_G15,10109307OLIVEIRAW,2025-01-23,121760,1,18,0,1090.0
10109307OLIVEIRAW_2025-01-23_G16,10109307OLIVEIRAW,2025-01-23,121760,1,4,0,123.0
10109307OLIVEIRAW_2025-01-23_G17,10109307OLIVEIRAW,2025-01-23,181056,1,2,0,442.0
10109307OLIVEIRAW_2025-01-23_G18,10109307OLIVEIRAW,2025-01-23,181887,1,4,0,233.0
10109307OLIVEIRAW_2025-01-23_G19,10109307OLIVEIRAW,2025-01-23,180054,1,3,0,364.0
10109307OLIVEIRAW_2025-01-23_G20,10109307OLIVEIRAW,2025-01-23,123345,1,6,0,204.0
10109307OLIVEIRAW_2025-01-23_G21,10109307OLIVEIRAW,2025-01-23,122962,1,24,0,1383.0
10109307OLIVEIRAW_2025-01-23_G22,10109307OLIVEIRAW,2025-01-23,122985,1,4,0,212.0
10109307OLIVEIRAW_2025-01-23_G23,10109307OLIVEIRAW,2025-01-23,121651,1,19,0,1312.0
10109307OLIVEIRAW_2025-01-23_G24,10109307OLIVEIRAW,2025-01-23,181056,1,2,0,80.0
10109307OLIVEIRAW_2025-01-23_G25,10109307OLIVEIRAW,2025-01-23,181887,1,4,0,302.0
10109307OLIVEIRAW_2025-01-23_G26,10109307OLIVEIRAW,2025-01-23,123345,1,9,0,215.0
10109307OLIVEIRAW_2025-01-23_G27,10109307OLIVEIRAW,2025-01-23,123343,1,8,0,852.0
10109307OLIVEIRAW_2025-01-30_G02,10109307OLIVEIRAW,2025-01-30,122673,1,4,0,121.0
10109307OLIVEIRAW_2025-01-30_G03,10109307OLIVEIRAW,2025-01-30,122673,1,11,0,376.0
10109307OLIVEIRAW_2025-01-30_G04,10109307OLIVEIRAW,2025-01-30,123344,1,10,0,637.0
10109307OLIVEIRAW_2025-01-30_G05,10109307OLIVEIRAW,2025-01-30,122962,1,6,0,235.0
10109307OLIVEIRAW_2025-01-30_G06,10109307OLIVEIRAW,2025-01-30,123909,1,6,0,101.0
10109307OLIVEIRAW_2025-01-30_G07,10109307OLIVEIRAW,2025-01-30,122705,1,4,0,157.0
10109307OLIVEIRAW_2025-01-30_G08,10109307OLIVEIRAW,2025-01-30,122983,1,8,0,124.0
10109307OLIVEIRAW_2025-01-30_G09,10109307OLIVEIRAW,2025-01-30,124247,2,6,29,120.0
10109307OLIVEIRAW_2025-01-30_G10,10109307OLIVEIRAW,2025-01-30,123907,1,5,0,105.0
10109307OLIVEIRAW_2025-01-30_G11,10109307OLIVEIRAW,2025-01-30,121760,1,10,0,226.0
10109307OLIVEIRAW_2025-01-30_G12,10109307OLIVEIRAW,2025-01-30,123345,1,10,0,119.0
10109307OLIVEIRAW_2025-01-30_G13,10109307OLIVEIRAW,2025-01-30,120287,1,6,0,329.0
10109307OLIVEIRAW_2025-01-30_G14,10109307OLIVEIRAW,2025-01-30,123344,1,30,0,840.0
10109307OLIVEIRAW_2025-01-30_G15,10109307OLIVEIRAW,2025-01-30,122671,1,10,0,64.0
10109307OLIVEIRAW_2025-01-30_G16,10109307OLIVEIRAW,2025-01-30,120028,1,4,0,114.0
10109307OLIVEIRAW_2025-01-30_G17,10109307OLIVEIRAW,2025-01-30,121651,1,16,0,330.0
10109307OLIVEIRAW_2025-01-30_G18,10109307OLIVEIRAW,2025-01-30,121760,1,20,0,510.0
10109307OLIVEIRAW_2025-01-30_G19,10109307OLIVEIRAW,2025-01-30,122984,1,4,0,119.0
10109307OLIVEIRAW_2025-01-30_G20,10109307OLIVEIRAW,2025-01-30,124486,1,2,0,394.0
10109307OLIVEIRAW_2025-01-30_G21,10109307OLIVEIRAW,2025-01-30,120389,1,10,0,203.0
10109307OLIVEIRAW_2025-01-31_G02,10109307OLIVEIRAW,2025-01-31,123909,1,20,0,230.0
10109307OLIVEIRAW_2025-01-31_G03,10109307OLIVEIRAW,2025-01-31,124247,1,5,0,111.0
10109307OLIVEIRAW_2025-01-31_G04,10109307OLIVEIRAW,2025-01-31,121760,1,6,0,1901.0
10109307OLIVEIRAW_2025-01-31_G05,10109307OLIVEIRAW,2025-01-31,123344,1,8,0,230.0
10109307OLIVEIRAW_2025-01-31_G06,10109307OLIVEIRAW,2025-01-31,124370,1,4,0,168.0
10109307OLIVEIRAW_2025-01-31_G07,10109307OLIVEIRAW,2025-01-31,121760,1,6,0,744.0
10109307OLIVEIRAW_2025-01-31_G08,10109307OLIVEIRAW,2025-01-31,121651,1,8,0,126.0
10109307OLIVEIRAW_2025-01-31_G09,10109307OLIVEIRAW,2025-01-31,122962,1,1,0,307.0
10109307OLIVEIRAW_2025-01-31_G10,10109307OLIVEIRAW,2025-01-31,122984,1,30,0,609.0
10109307OLIVEIRAW_2025-01-31_G11,10109307OLIVEIRAW,2025-01-31,120028,1,1,0,132.0
10109307OLIVEIRAW_2025-01-31_G12,10109307OLIVEIRAW,2025-01-31,124247,1,20,0,152.0
10109307OLIVEIRAW_2025-01-31_G13,10109307OLIVEIRAW,2025-01-31,123822,1,2,0,155.0
10109307OLIVEIRAW_2025-01-31_G14,10109307OLIVEIRAW,2025-01-31,123911,1,6,0,52.0
10109307OLIVEIRAW_2025-01-31_G15,10109307OLIVEIRAW,2025-01-31,123343,1,10,0,293.0
10109307OLIVEIRAW_2025-01-31_G16,10109307OLIVEIRAW,2025-01-31,123345,1,13,0,1038.0
10109307OLIVEIRAW_2025-01-31_G17,10109307OLIVEIRAW,2025-01-31,122962,1,20,0,216.0
10109307OLIVEIRAW_2025-01-31_G18,10109307OLIVEIRAW,2025-01-31,122984,1,8,0,219.0
10109307OLIVEIRAW_2025-01-31_G19,10109307OLIVEIRAW,2025-01-31,124486,1,11,0,286.0
10109307OLIVEIRAW_2025-01-31_G20,10109307OLIVEIRAW,2025-01-31,124248,1,20,0,325.0
10109307OLIVEIRAW_2025-01-31_G21,10109307OLIVEIRAW,2025-01-31,122671,1,18,0,317.0
10109307OLIVEIRAW_2025-01-31_G22,10109307OLIVEIRAW,2025-01-31,123909,1,17,0,523.0
10109307OLIVEIRAW_2025-01-31_G23,10109307OLIVEIRAW,2025-01-31,122983,1,16,0,687.0
10109307OLIVEIRAW_2025-01-31_G24,10109307OLIVEIRAW,2025-01-31,122673,1,6,0,127.0
10109307OLIVEIRAW_2025-01-31_G25,10109307OLIVEIRAW,2025-01-31,124247,1,13,0,165.0
10109307OLIVEIRAW_2025-01-31_G26,10109307OLIVEIRAW,2025-01-31,123343,1,40,0,1344.0
10109307OLIVEIRAW_2025-01-31_G27,10109307OLIVEIRAW,2025-01-31,123345,1,21,0,481.0
10109307OLIVEIRAW_2025-02-04_G02,10109307OLIVEIRAW,2025-02-04,123911,1,9,0,268.0
10109307OLIVEIRAW_2025-02-04_G03,10109307OLIVEIRAW,2025-02-04,124264,1,60,0,1098.0
10109307OLIVEIRAW_2025-02-04_G04,10109307OLIVEIRAW,2025-02-04,122647,1,12,0,303.0
10109307OLIVEIRAW_2025-02-04_G05,10109307OLIVEIRAW,2025-02-04,124264,1,10,0,160.0
10109307OLIVEIRAW_2025-02-04_G06,10109307OLIVEIRAW,2025-02-04,123153,1,18,0,354.0
10109307OLIVEIRAW_2025-02-04_G07,10109307OLIVEIRAW,2025-02-04,123153,1,32,0,396.0
10109307OLIVEIRAW_2025-02-04_G08,10109307OLIVEIRAW,2025-02-04,123153,1,20,0,324.0
10109307OLIVEIRAW_2025-02-04_G09,10109307OLIVEIRAW,2025-02-04,124247,1,4,0,198.0
10109307OLIVEIRAW_2025-02-14_G02,10109307OLIVEIRAW,2025-02-14,123344,1,6,0,89.0
10109307OLIVEIRAW_2025-02-14_G03,10109307OLIVEIRAW,2025-02-14,121760,1,12,0,187.0
10109307OLIVEIRAW_2025-02-14_G04,10109307OLIVEIRAW,2025-02-14,123909,1,2,0,45.0
10109307OLIVEIRAW_2025-02-14_G05,10109307OLIVEIRAW,2025-02-14,123081,1,16,0,486.0
10109307OLIVEIRAW_2025-02-14_G06,10109307OLIVEIRAW,2025-02-14,122988,1,4,0,98.0
10109307OLIVEIRAW_2025-02-14_G07,10109307OLIVEIRAW,2025-02-14,122962,1,28,0,327.0
10109307OLIVEIRAW_2025-02-14_G08,10109307OLIVEIRAW,2025-02-14,124486,1,21,0,442.0
10109307OLIVEIRAW_2025-02-14_G09,10109307OLIVEIRAW,2025-02-14,122983,1,4,0,1387.0
10109307OLIVEIRAW_2025-02-14_G10,10109307OLIVEIRAW,2025-02-14,124247,1,4,0,160.0
10109307OLIVEIRAW_2025-02-14_G11,10109307OLIVEIRAW,2025-02-14,121760,1,12,0,340.0
10109307OLIVEIRAW_2025-02-14_G12,10109307OLIVEIRAW,2025-02-14,124371,1,4,0,82.0
10109307OLIVEIRAW_2025-02-14_G13,10109307OLIVEIRAW,2025-02-14,124370,1,8,0,222.0
10109307OLIVEIRAW_2025-02-14_G14,10109307OLIVEIRAW,2025-02-14,122962,1,13,0,233.0
10109307OLIVEIRAW_2025-02-14_G15,10109307OLIVEIRAW,2025-02-14,122647,1,12,0,169.0
10109307OLIVEIRAW_2025-02-14_G16,10109307OLIVEIRAW,2025-02-14,123521,1,9,0,173.0
10109307OLIVEIRAW_2025-02-14_G17,10109307OLIVEIRAW,2025-02-14,123909,1,5,0,472.0
10109307OLIVEIRAW_2025-02-14_G18,10109307OLIVEIRAW,2025-02-14,123909,1,1,0,285.0
10109307OLIVEIRAW_2025-02-14_G19,10109307OLIVEIRAW,2025-02-14,122983,1,18,0,1295.0
10109307OLIVEIRAW_2025-02-14_G20,10109307OLIVEIRAW,2025-02-14,123909,1,5,0,258.0
10109307OLIVEIRAW_2025-02-14_G21,10109307OLIVEIRAW,2025-02-14,123344,1,8,0,273.0
10109307OLIVEIRAW_2025-02-14_G22,10109307OLIVEIRAW,2025-02-14,122962,1,12,0,285.0
10109307OLIVEIRAW_2025-02-14_G23,10109307OLIVEIRAW,2025-02-14,120271,1,10,0,107.0
10109307OLIVEIRAW_2025-02-14_G24,10109307OLIVEIRAW,2025-02-14,123909,1,3,0,99.0
10109307OLIVEIRAW_2025-02-14_G25,10109307OLIVEIRAW,2025-02-14,123911,1,2,0,82.0
10109307OLIVEIRAW_2025-02-14_G26,10109307OLIVEIRAW,2025-02-14,124248,1,1,0,224.0
10109307OLIVEIRAW_2025-02-14_G27,10109307OLIVEIRAW,2025-02-14,123343,1,20,0,858.0
10109307OLIVEIRAW_2025-02-14_G28,10109307OLIVEIRAW,2025-02-14,122962,1,12,0,262.0
10109307OLIVEIRAW_2025-02-14_G29,10109307OLIVEIRAW,2025-02-14,123911,1,2,0,78.0
10109307OLIVEIRAW_2025-02-14_G30,10109307OLIVEIRAW,2025-02-14,122983,1,24,0,588.0
10109307OLIVEIRAW_2025-02-14_G31,10109307OLIVEIRAW,2025-02-14,122985,1,12,0,297.0
10109307OLIVEIRAW_2025-02-14_G32,10109307OLIVEIRAW,2025-02-14,124248,1,48,0,572.0
10109307OLIVEIRAW_2025-02-14_G33,10109307OLIVEIRAW,2025-02-14,122984,1,16,0,252.0
10109307OLIVEIRAW_2025-02-14_G34,10109307OLIVEIRAW,2025-02-14,124247,1,2,0,129.0
10109307OLIVEIRAW_2025-02-14_G35,10109307OLIVEIRAW,2025-02-14,123153,1,24,0,464.0
10109307OLIVEIRAW_2025-02-14_G36,10109307OLIVEIRAW,2025-02-14,124247,1,2,0,70.0
10109307OLIVEIRAW_2025-02-14_G37,10109307OLIVEIRAW,2025-02-14,123344,1,2,0,99.0
10109307OLIVEIRAW_2025-02-14_G38,10109307OLIVEIRAW,2025-02-14,124371,1,4,0,83.0
10109307OLIVEIRAW_2025-02-14_G39,10109307OLIVEIRAW,2025-02-14,122986,1,2,0,214.0
10109307OLIVEIRAW_2025-02-14_G40,10109307OLIVEIRAW,2025-02-14,122984,1,4,0,41.0
10109307OLIVEIRAW_2025-02-14_G41,10109307OLIVEIRAW,2025-02-14,122703,1,2,0,98.0
10109307OLIVEIRAW_2025-02-14_G42,10109307OLIVEIRAW,2025-02-14,124248,1,2,0,73.0
10109307OLIVEIRAW_2025-02-14_G43,10109307OLIVEIRAW,2025-02-14,122185,1,12,0,298.0
10109307OLIVEIRAW_2025-02-14_G44,10109307OLIVEIRAW,2025-02-14,124247,1,2,0,44.0
10109307OLIVEIRAW_2025-02-14_G45,10109307OLIVEIRAW,2025-02-14,124371,1,4,0,138.0
10109307OLIVEIRAW_2025-02-14_G46,10109307OLIVEIRAW,2025-02-14,122984,1,8,0,192.0
10109307OLIVEIRAW_2025-02-14_G47,10109307OLIVEIRAW,2025-02-14,124248,1,4,0,146.0
10109307OLIVEIRAW_2025-02-14_G48,10109307OLIVEIRAW,2025-02-14,121923,1,2,0,63.0
10109307OLIVEIRAW_2025-02-14_G49,10109307OLIVEIRAW,2025-02-14,123909,1,4,0,171.0
10109307OLIVEIRAW_2025-02-14_G50,10109307OLIVEIRAW,2025-02-14,124370,1,6,0,237.0
10109307OLIVEIRAW_2025-02-15_G02,10109307OLIVEIRAW,2025-02-15,122984,1,118,0,2276.0
10109307OLIVEIRAW_2025-02-15_G03,10109307OLIVEIRAW,2025-02-15,123911,1,30,0,1173.0
10109307OLIVEIRAW_2025-02-15_G04,10109307OLIVEIRAW,2025-02-15,124371,1,4,0,420.0
10109307OLIVEIRAW_2025-02-15_G05,10109307OLIVEIRAW,2025-02-15,121760,1,8,0,1342.0
10109307OLIVEIRAW_2025-02-15_G06,10109307OLIVEIRAW,2025-02-15,123909,1,4,0,56.0
10109307OLIVEIRAW_2025-02-15_G07,10109307OLIVEIRAW,2025-02-15,124370,1,4,0,141.0
10109307OLIVEIRAW_2025-02-15_G08,10109307OLIVEIRAW,2025-02-15,123345,1,8,0,236.0
10109307OLIVEIRAW_2025-02-15_G09,10109307OLIVEIRAW,2025-02-15,124371,1,12,0,185.0
10109307OLIVEIRAW_2025-02-15_G10,10109307OLIVEIRAW,2025-02-15,124370,1,4,0,1533.0
10109307OLIVEIRAW_2025-02-15_G11,10109307OLIVEIRAW,2025-02-15,123345,1,10,0,89.0
10109307OLIVEIRAW_2025-02-15_G12,10109307OLIVEIRAW,2025-02-15,124371,1,4,0,548.0
10109307OLIVEIRAW_2025-02-15_G13,10109307OLIVEIRAW,2025-02-15,122703,1,4,0,75.0
10109307OLIVEIRAW_2025-02-15_G14,10109307OLIVEIRAW,2025-02-15,124370,1,4,0,103.0
10109307OLIVEIRAW_2025-02-15_G15,10109307OLIVEIRAW,2025-02-15,122984,1,10,0,433.0
10109307OLIVEIRAW_2025-02-15_G16,10109307OLIVEIRAW,2025-02-15,122982,1,20,0,205.0
10109307OLIVEIRAW_2025-02-15_G17,10109307OLIVEIRAW,2025-02-15,123909,1,1,0,52.0
10109307OLIVEIRAW_2025-02-15_G18,10109307OLIVEIRAW,2025-02-15,123909,1,27,0,517.0
10109307OLIVEIRAW_2025-02-15_G19,10109307OLIVEIRAW,2025-02-15,120028,1,20,0,325.0
10109307OLIVEIRAW_2025-02-15_G20,10109307OLIVEIRAW,2025-02-15,122986,1,6,0,143.0
10109307OLIVEIRAW_2025-02-15_G21,10109307OLIVEIRAW,2025-02-15,124247,1,10,0,120.0
10109307OLIVEIRAW_2025-02-15_G22,10109307OLIVEIRAW,2025-02-15,123344,1,6,0,493.0
10109307OLIVEIRAW_2025-02-15_G23,10109307OLIVEIRAW,2025-02-15,122703,1,20,0,625.0
10109307OLIVEIRAW_2025-02-15_G24,10109307OLIVEIRAW,2025-02-15,121760,1,4,0,119.0
10109307OLIVEIRAW_2025-02-15_G25,10109307OLIVEIRAW,2025-02-15,122703,1,16,0,477.0
10109307OLIVEIRAW_2025-02-15_G26,10109307OLIVEIRAW,2025-02-15,123345,1,2,0,53.0
10109307OLIVEIRAW_2025-02-15_G27,10109307OLIVEIRAW,2025-02-15,122986,1,17,0,341.0
10109307OLIVEIRAW_2025-02-15_G28,10109307OLIVEIRAW,2025-02-15,122647,1,8,0,93.0
10109307OLIVEIRAW_2025-02-15_G29,10109307OLIVEIRAW,2025-02-15,122982,1,24,0,214.0
10109420BRANDAOK_2025-04-14_G02,10109420BRANDAOK,2025-04-14,"122985, 120028",2,330,6,1566.0
10109420BRANDAOK_2025-04-26_G02,10109420BRANDAOK,2025-04-26,122986,1,20,0,49.0
10109420BRANDAOK_2025-04-26_G03,10109420BRANDAOK,2025-04-26,123909,2,50,10,601.0
10109420BRANDAOK_2025-04-26_G04,10109420BRANDAOK,2025-04-26,122962,1,24,0,1464.0
10109420BRANDAOK_2025-04-26_G05,10109420BRANDAOK,2025-04-26,123889,1,6,0,527.0
10109420BRANDAOK_2025-04-26_G06,10109420BRANDAOK,2025-04-26,123345,1,4,0,147.0
10109420BRANDAOK_2025-04-26_G07,10109420BRANDAOK,2025-04-26,123345,1,2,0,66.0
10109420BRANDAOK_2025-04-26_G08,10109420BRANDAOK,2025-04-26,122647,1,10,0,332.0
10109420BRANDAOK_2025-04-26_G09,10109420BRANDAOK,2025-04-26,180024,1,4,0,310.0
10109420BRANDAOK_2025-04-26_G10,10109420BRANDAOK,2025-04-26,180590,2,6,7,96.0
10109420BRANDAOK_2025-04-26_G11,10109420BRANDAOK,2025-04-26,123153,1,28,0,525.0
10109420BRANDAOK_2025-04-26_G12,10109420BRANDAOK,2025-04-26,124264,1,50,0,685.0
10109420BRANDAOK_2025-05-01_G02,10109420BRANDAOK,2025-05-01,124475,1,60,0,2456.0
10109420BRANDAOK_2025-05-01_G03,10109420BRANDAOK,2025-05-01,123907,1,70,0,1374.0
10109420BRANDAOK_2025-05-01_G04,10109420BRANDAOK,2025-05-01,124475,1,98,0,2416.0
10109420BRANDAOK_2025-05-01_G06,10109420BRANDAOK,2025-05-01,124594,2,124,24,373.0
10109420BRANDAOK_2025-05-01_G08,10109420BRANDAOK,2025-05-01,124248,1,29,0,109.0
10109420BRANDAOK_2025-05-01_G09,10109420BRANDAOK,2025-05-01,120321,1,13,0,453.0
10109420BRANDAOK_2025-07-20_G02,10109420BRANDAOK,2025-07-20,110339,1,6,0,157.0
10109420BRANDAOK_2025-07-20_G03,10109420BRANDAOK,2025-07-20,110711,1,5,0,140.0
10109420BRANDAOK_2025-07-20_G04,10109420BRANDAOK,2025-07-20,111466,1,99,0,47.0
10109420BRANDAOK_2025-07-20_G05,10109420BRANDAOK,2025-07-20,111743,1,19,0,332.0
10109420BRANDAOK_2025-07-20_G06,10109420BRANDAOK,2025-07-20,117862,1,78,0,2279.0
10109420BRANDAOK_2025-07-20_G07,10109420BRANDAOK,2025-07-20,110372,1,995,0,624.0
10109420BRANDAOK_2025-07-20_G08,10109420BRANDAOK,2025-07-20,111755,1,256,0,525.0
10109420BRANDAOK_2025-07-20_G09,10109420BRANDAOK,2025-07-20,111530,1,25,0,1700.0
10109420BRANDAOK_2025-07-20_G10,10109420BRANDAOK,2025-07-20,110373,1,2,0,138.0
10109420BRANDAOK_2025-07-20_G11,10109420BRANDAOK,2025-07-20,109643,1,4,0,114.0
10109420BRANDAOK_2025-07-20_G12,10109420BRANDAOK,2025-07-20,117830,1,9,0,67.0
10109420BRANDAOK_2025-07-20_G13,10109420BRANDAOK,2025-07-20,117832,1,3,0,42.0
10109420BRANDAOK_2025-07-21_G02,10109420BRANDAOK,2025-07-21,"111172, 111743, 117821, 111330, 108711, 111466, 107236, 111465, 111468",9,420,48,1870.0
10109420BRANDAOK_2025-07-21_G03,10109420BRANDAOK,2025-07-21,109649,1,5,0,117.0
10109420BRANDAOK_2025-07-22_G03,10109420BRANDAOK,2025-07-22,118299,2,860,12,43.0
10109420BRANDAOK_2025-07-22_G04,10109420BRANDAOK,2025-07-22,118299,1,30,0,242.0
10109420BRANDAOK_2025-07-22_G05,10109420BRANDAOK,2025-07-22,"117809, 117808",2,750,19,31.0
10109420BRANDAOK_2025-07-22_G06,10109420BRANDAOK,2025-07-22,117785,1,20,0,239.0
10109420BRANDAOK_2025-07-22_G07,10109420BRANDAOK,2025-07-22,117855,1,6,0,1160.0
10109420BRANDAOK_2025-07-22_G08,10109420BRANDAOK,2025-07-22,110711,1,1,0,63.0
10109420BRANDAOK_2025-07-22_G09,10109420BRANDAOK,2025-07-22,117808,1,9,0,110.0
10109420BRANDAOK_2025-07-22_G10,10109420BRANDAOK,2025-07-22,117808,1,7,0,168.0
10109420BRANDAOK_2025-07-22_G11,10109420BRANDAOK,2025-07-22,111530,1,3,0,329.0
10109420BRANDAOK_2025-07-22_G12,10109420BRANDAOK,2025-07-22,117855,1,3,0,197.0
10109420BRANDAOK_2025-07-22_G13,10109420BRANDAOK,2025-07-22,110711,1,1,0,65.0
10109420BRANDAOK_2025-07-22_G14,10109420BRANDAOK,2025-07-22,111530,1,14,0,523.0
10109420BRANDAOK_2025-07-22_G15,10109420BRANDAOK,2025-07-22,117808,1,7,0,164.0
10109420BRANDAOK_2025-07-22_G16,10109420BRANDAOK,2025-07-22,117935,1,4,0,372.0
10109420BRANDAOK_2025-07-22_G17,10109420BRANDAOK,2025-07-22,111530,1,20,0,48.0
10109420BRANDAOK_2025-07-22_G18,10109420BRANDAOK,2025-07-22,117935,1,6,0,94.0
10109420BRANDAOK_2025-07-22_G19,10109420BRANDAOK,2025-07-22,109649,1,2,0,785.0
10109420BRANDAOK_2025-08-08_G02,10109420BRANDAOK,2025-08-08,118299,1,940,0,1242.0
10109420BRANDAOK_2025-08-18_G02,10109420BRANDAOK,2025-08-18,110515,1,2,0,181.0
10109420BRANDAOK_2025-08-18_G03,10109420BRANDAOK,2025-08-18,117787,1,1,0,332.0
10109420BRANDAOK_2025-08-18_G04,10109420BRANDAOK,2025-08-18,141456,1,2,0,530.0
10109420BRANDAOK_2025-08-18_G05,10109420BRANDAOK,2025-08-18,117831,1,3,0,129.0
10109420BRANDAOK_2025-08-18_G06,10109420BRANDAOK,2025-08-18,107236,1,2,0,60.0
10109420BRANDAOK_2025-08-18_G07,10109420BRANDAOK,2025-08-18,110740,1,1,0,142.0
10109420BRANDAOK_2025-08-18_G08,10109420BRANDAOK,2025-08-18,141458,1,4,0,65.0
10109420BRANDAOK_2025-08-18_G09,10109420BRANDAOK,2025-08-18,109643,1,2,0,197.0
10109420BRANDAOK_2025-08-18_G10,10109420BRANDAOK,2025-08-18,110372,1,15,0,181.0
10109420BRANDAOK_2025-08-18_G11,10109420BRANDAOK,2025-08-18,118299,1,2,0,93.0
10109420BRANDAOK_2025-08-18_G12,10109420BRANDAOK,2025-08-18,141202,1,2,0,206.0
10109420BRANDAOK_2025-08-18_G13,10109420BRANDAOK,2025-08-18,117808,1,4,0,123.0
10109420BRANDAOK_2025-08-18_G14,10109420BRANDAOK,2025-08-18,111444,1,2,0,316.0
10109420BRANDAOK_2025-08-18_G15,10109420BRANDAOK,2025-08-18,108795,1,2,0,115.0
10109420BRANDAOK_2025-08-18_G16,10109420BRANDAOK,2025-08-18,108711,1,2,0,84.0
10109420BRANDAOK_2025-08-18_G17,10109420BRANDAOK,2025-08-18,105705,1,2,0,65.0
10109420BRANDAOK_2025-08-18_G18,10109420BRANDAOK,2025-08-18,111463,1,2,0,64.0
10109420BRANDAOK_2025-08-18_G19,10109420BRANDAOK,2025-08-18,111348,1,1,0,49.0
10109420BRANDAOK_2025-08-18_G20,10109420BRANDAOK,2025-08-18,117821,1,1,0,82.0
10109420BRANDAOK_2025-08-18_G21,10109420BRANDAOK,2025-08-18,117831,1,2,0,64.0
10109420BRANDAOK_2025-08-18_G22,10109420BRANDAOK,2025-08-18,110787,1,4,0,97.0
10109420BRANDAOK_2025-08-18_G23,10109420BRANDAOK,2025-08-18,111418,1,2,0,52.0
10109420BRANDAOK_2025-08-18_G24,10109420BRANDAOK,2025-08-18,111465,1,4,0,109.0
10109441SANTOSDS_2025-04-24_G02,10109441SANTOSDS,2025-04-24,111418,1,600,0,2172.0
10109441SANTOSDS_2025-04-24_G03,10109441SANTOSDS,2025-04-24,107830,1,34,0,134.0
10109441SANTOSDS_2025-04-24_G04,10109441SANTOSDS,2025-04-24,110373,1,900,0,1794.0
10109441SANTOSDS_2025-06-11_G02,10109441SANTOSDS,2025-06-11,111446,1,100,0,850.0
10109441SANTOSDS_2025-06-11_G03,10109441SANTOSDS,2025-06-11,110745,1,60,0,558.0
10109441SANTOSDS_2025-06-11_G04,10109441SANTOSDS,2025-06-11,111443,1,30,0,423.0
10109441SANTOSDS_2025-06-11_G05,10109441SANTOSDS,2025-06-11,107236,1,50,0,460.0
10109441SANTOSDS_2025-06-11_G06,10109441SANTOSDS,2025-06-11,111463,1,2,0,960.0
10109441SANTOSDS_2025-06-11_G07,10109441SANTOSDS,2025-06-11,111466,1,4,0,91.0
10109441SANTOSDS_2025-06-11_G08,10109441SANTOSDS,2025-06-11,117841,1,4,0,56.0
10109441SANTOSDS_2025-06-11_G09,10109441SANTOSDS,2025-06-11,111418,1,2,0,128.0
10109441SANTOSDS_2025-06-11_G10,10109441SANTOSDS,2025-06-11,118223,1,7,0,66.0
10109441SANTOSDS_2025-06-11_G11,10109441SANTOSDS,2025-06-11,109645,1,14,0,134.0
10109441SANTOSDS_2025-06-11_G12,10109441SANTOSDS,2025-06-11,117785,1,6,0,69.0
10109441SANTOSDS_2025-06-11_G13,10109441SANTOSDS,2025-06-11,160057,1,4,0,164.0
10109441SANTOSDS_2025-06-11_G14,10109441SANTOSDS,2025-06-11,160055,1,2,0,112.0
10109441SANTOSDS_2025-06-11_G15,10109441SANTOSDS,2025-06-11,117821,1,1,0,37.0
10109441SANTOSDS_2025-06-11_G16,10109441SANTOSDS,2025-06-11,118140,1,16,0,454.0
10109441SANTOSDS_2025-06-11_G17,10109441SANTOSDS,2025-06-11,110325,1,4,0,116.0
10109441SANTOSDS_2025-06-11_G18,10109441SANTOSDS,2025-06-11,160054,1,20,0,659.0
10109441SANTOSDS_2025-06-11_G19,10109441SANTOSDS,2025-06-11,110374,1,4,0,89.0
10109441SANTOSDS_2025-06-11_G20,10109441SANTOSDS,2025-06-11,117808,1,7,0,60.0
10109441SANTOSDS_2025-06-11_G21,10109441SANTOSDS,2025-06-11,110373,1,10,0,214.0
10109441SANTOSDS_2025-06-11_G22,10109441SANTOSDS,2025-06-11,109648,1,12,0,86.0
10109441SANTOSDS_2025-06-11_G23,10109441SANTOSDS,2025-06-11,118299,1,30,0,144.0
10109441SANTOSDS_2025-06-11_G24,10109441SANTOSDS,2025-06-11,117820,1,18,0,168.0
10109441SANTOSDS_2025-06-11_G25,10109441SANTOSDS,2025-06-11,160051,1,8,0,114.0
10109441SANTOSDS_2025-06-11_G26,10109441SANTOSDS,2025-06-11,160053,1,2,0,78.0
10109441SANTOSDS_2025-06-11_G27,10109441SANTOSDS,2025-06-11,160052,1,2,0,331.0
10109441SANTOSDS_2025-06-11_G28,10109441SANTOSDS,2025-06-11,117820,1,8,0,1897.0
10109441SANTOSDS_2025-06-11_G29,10109441SANTOSDS,2025-06-11,117808,1,80,0,440.0
10109441SANTOSDS_2025-06-11_G30,10109441SANTOSDS,2025-06-11,110372,1,37,0,615.0
10109441SANTOSDS_2025-06-11_G31,10109441SANTOSDS,2025-06-11,110372,1,6,0,72.0
10109441SANTOSDS_2025-06-11_G32,10109441SANTOSDS,2025-06-11,118299,1,34,0,272.0
10109441SANTOSDS_2025-06-11_G33,10109441SANTOSDS,2025-06-11,118299,1,16,0,79.0
10109441SANTOSDS_2025-06-11_G34,10109441SANTOSDS,2025-06-11,141047,1,4,0,197.0
10109441SANTOSDS_2025-10-18_G02,10109441SANTOSDS,2025-10-18,124486,1,32,0,613.0
10109441SANTOSDS_2025-10-18_G03,10109441SANTOSDS,2025-10-18,124486,1,20,0,225.0
10109441SANTOSDS_2025-10-18_G04,10109441SANTOSDS,2025-10-18,123313,1,20,0,245.0
10109441SANTOSDS_2025-10-18_G05,10109441SANTOSDS,2025-10-18,122962,1,12,0,1277.0
10109441SANTOSDS_2025-10-18_G06,10109441SANTOSDS,2025-10-18,120028,1,16,0,86.0
10109441SANTOSDS_2025-10-18_G07,10109441SANTOSDS,2025-10-18,123153,1,10,0,162.0
10109441SANTOSDS_2025-10-18_G08,10109441SANTOSDS,2025-10-18,123889,1,10,0,299.0
10109441SANTOSDS_2025-10-18_G09,10109441SANTOSDS,2025-10-18,121651,1,22,0,555.0
10109441SANTOSDS_2025-10-18_G10,10109441SANTOSDS,2025-10-18,123153,1,12,0,135.0
10109441SANTOSDS_2025-10-18_G11,10109441SANTOSDS,2025-10-18,123889,1,10,0,208.0
10109441SANTOSDS_2025-10-18_G12,10109441SANTOSDS,2025-10-18,123153,1,10,0,145.0
10109441SANTOSDS_2025-10-18_G13,10109441SANTOSDS,2025-10-18,123889,1,10,0,320.0
10109441SANTOSDS_2025-10-18_G14,10109441SANTOSDS,2025-10-18,121760,1,10,0,249.0
10109441SANTOSDS_2025-10-18_G15,10109441SANTOSDS,2025-10-18,123153,1,18,0,147.0
10109441SANTOSDS_2025-10-18_G16,10109441SANTOSDS,2025-10-18,123889,1,12,0,187.0
10109441SANTOSDS_2025-10-18_G17,10109441SANTOSDS,2025-10-18,123889,1,8,0,152.0
10109441SANTOSDS_2025-10-18_G18,10109441SANTOSDS,2025-10-18,120339,1,3,0,71.0
10109441SANTOSDS_2025-10-18_G19,10109441SANTOSDS,2025-10-18,123080,1,31,0,588.0
10109441SANTOSDS_2025-10-18_G20,10109441SANTOSDS,2025-10-18,124247,1,2,0,230.0
10109441SANTOSDS_2025-10-18_G21,10109441SANTOSDS,2025-10-18,123344,1,8,0,128.0
10109441SANTOSDS_2025-10-18_G22,10109441SANTOSDS,2025-10-18,121760,1,2,0,119.0
10109441SANTOSDS_2025-10-18_G23,10109441SANTOSDS,2025-10-18,121651,1,2,0,93.0
10109441SANTOSDS_2025-10-18_G24,10109441SANTOSDS,2025-10-18,123345,1,5,0,71.0
10109441SANTOSDS_2025-10-18_G25,10109441SANTOSDS,2025-10-18,124370,1,20,0,633.0
10109441SANTOSDS_2025-10-18_G26,10109441SANTOSDS,2025-10-18,123343,1,11,0,173.0
10109441SANTOSDS_2025-10-18_G27,10109441SANTOSDS,2025-10-18,124370,1,16,0,246.0
10109441SANTOSDS_2025-10-18_G28,10109441SANTOSDS,2025-10-18,123343,1,7,0,144.0
10109441SANTOSDS_2025-11-24_G02,10109441SANTOSDS,2025-11-24,110895,1,15,0,113.0
10109441SANTOSDS_2025-11-24_G03,10109441SANTOSDS,2025-11-24,110841,2,2,18,41.0
10109441SANTOSDS_2025-11-24_G04,10109441SANTOSDS,2025-11-24,141916,1,30,0,266.0
10109441SANTOSDS_2025-11-24_G05,10109441SANTOSDS,2025-11-24,118222,1,20,0,304.0
10109441SANTOSDS_2025-11-24_G06,10109441SANTOSDS,2025-11-24,110747,1,2,0,329.0
10109441SANTOSDS_2025-11-24_G07,10109441SANTOSDS,2025-11-24,110747,3,14,40,34.0
10109441SANTOSDS_2025-11-24_G08,10109441SANTOSDS,2025-11-24,118094,4,11,66,310.0
10109441SANTOSDS_2025-11-24_G09,10109441SANTOSDS,2025-11-24,118094,1,1,0,102.0
10109441SANTOSDS_2025-11-24_G10,10109441SANTOSDS,2025-11-24,117935,1,10,0,126.0
10109441SANTOSDS_2025-11-24_G11,10109441SANTOSDS,2025-11-24,117786,1,20,0,115.0
10109441SANTOSDS_2025-11-24_G12,10109441SANTOSDS,2025-11-24,140923,1,6,0,109.0
10109441SANTOSDS_2025-11-24_G13,10109441SANTOSDS,2025-11-24,140923,1,14,0,262.0
10109441SANTOSDS_2025-11-24_G14,10109441SANTOSDS,2025-11-24,140923,1,10,0,91.0
10109441SANTOSDS_2025-11-24_G15,10109441SANTOSDS,2025-11-24,108772,1,3,0,84.0
10109441SANTOSDS_2025-11-24_G16,10109441SANTOSDS,2025-11-24,117855,1,50,0,274.0
10109441SANTOSDS_2025-11-24_G17,10109441SANTOSDS,2025-11-24,117854,2,2,22,94.0
10109441SANTOSDS_2025-11-24_G18,10109441SANTOSDS,2025-11-24,118317,1,4,0,502.0
10109441SANTOSDS_2025-11-24_G19,10109441SANTOSDS,2025-11-24,111743,1,9,0,258.0
10109441SANTOSDS_2025-11-24_G20,10109441SANTOSDS,2025-11-24,111743,1,7,0,46.0
10109441SANTOSDS_2025-11-24_G21,10109441SANTOSDS,2025-11-24,111743,1,6,0,35.0
10109441SANTOSDS_2025-11-24_G22,10109441SANTOSDS,2025-11-24,110740,1,11,0,112.0
10109441SANTOSDS_2025-11-24_G23,10109441SANTOSDS,2025-11-24,110745,1,1,0,38.0
10109441SANTOSDS_2025-11-24_G24,10109441SANTOSDS,2025-11-24,110745,2,9,18,41.0
10109441SANTOSDS_2025-11-24_G25,10109441SANTOSDS,2025-11-24,111418,1,100,0,457.0
10109441SANTOSDS_2025-11-24_G26,10109441SANTOSDS,2025-11-24,117842,1,4,0,275.0
10109441SANTOSDS_2025-11-24_G27,10109441SANTOSDS,2025-11-24,111468,1,6,0,73.0
10109441SANTOSDS_2025-11-24_G28,10109441SANTOSDS,2025-11-24,117785,1,85,0,259.0
10109441SANTOSDS_2025-11-24_G29,10109441SANTOSDS,2025-11-24,117785,1,15,0,406.0
10109441SANTOSDS_2025-11-24_G30,10109441SANTOSDS,2025-11-24,117821,1,10,0,112.0
10109441SANTOSDS_2025-12-18_G02,10109441SANTOSDS,2025-12-18,117862,1,13,0,378.0
10109441SANTOSDS_2025-12-18_G03,10109441SANTOSDS,2025-12-18,111467,1,2,0,87.0
10109441SANTOSDS_2025-12-18_G04,10109441SANTOSDS,2025-12-18,141048,1,20,0,322.0
10109441SANTOSDS_2025-12-18_G05,10109441SANTOSDS,2025-12-18,111466,1,100,0,313.0
10109441SANTOSDS_2025-12-18_G06,10109441SANTOSDS,2025-12-18,141458,1,100,0,783.0
10109441SANTOSDS_2025-12-18_G07,10109441SANTOSDS,2025-12-18,110374,1,50,0,82.0
10109441SANTOSDS_2025-12-18_G08,10109441SANTOSDS,2025-12-18,117809,1,52,0,907.0
10109441SANTOSDS_2025-12-18_G09,10109441SANTOSDS,2025-12-18,117809,1,48,0,163.0
10109441SANTOSDS_2025-12-18_G10,10109441SANTOSDS,2025-12-18,110371,1,400,0,897.0
10109441SANTOSDS_2025-12-18_G11,10109441SANTOSDS,2025-12-18,117830,1,50,0,1702.0
10109441SANTOSDS_2025-12-18_G12,10109441SANTOSDS,2025-12-18,110372,1,383,0,185.0
10109441SANTOSDS_2025-12-18_G13,10109441SANTOSDS,2025-12-18,110372,1,294,0,58.0
10109441SANTOSDS_2025-12-18_G14,10109441SANTOSDS,2025-12-18,117832,1,80,0,731.0
10109441SANTOSDS_2025-12-18_G15,10109441SANTOSDS,2025-12-18,110375,1,60,0,464.0
10109441SANTOSDS_2025-12-18_G16,10109441SANTOSDS,2025-12-18,117808,1,292,0,847.0
10109441SANTOSDS_2026-02-09_G02,10109441SANTOSDS,2026-02-09,124486,1,4,0,255.0
10109441SANTOSDS_2026-02-09_G03,10109441SANTOSDS,2026-02-09,123344,1,11,0,187.0
10109441SANTOSDS_2026-02-09_G04,10109441SANTOSDS,2026-02-09,121651,1,3,0,182.0
10109441SANTOSDS_2026-02-09_G05,10109441SANTOSDS,2026-02-09,124371,1,16,0,361.0
10109441SANTOSDS_2026-02-09_G06,10109441SANTOSDS,2026-02-09,124476,1,4,0,249.0
10109448NASCIMENTOT_2025-01-06_G02,10109448NASCIMENTOT,2025-01-06,122982,1,50,0,1171.0
10109448NASCIMENTOT_2025-01-06_G03,10109448NASCIMENTOT,2025-01-06,122983,1,50,0,1238.0
10109448NASCIMENTOT_2025-01-06_G04,10109448NASCIMENTOT,2025-01-06,120028,1,50,0,920.0
10109448NASCIMENTOT_2025-01-09_G02,10109448NASCIMENTOT,2025-01-09,122673,1,12,0,378.0
10109448NASCIMENTOT_2025-01-09_G03,10109448NASCIMENTOT,2025-01-09,123153,1,6,0,120.0
10109448NASCIMENTOT_2025-01-09_G04,10109448NASCIMENTOT,2025-01-09,122673,1,6,0,126.0
10109448NASCIMENTOT_2025-01-09_G05,10109448NASCIMENTOT,2025-01-09,123153,1,40,0,721.0
10109448NASCIMENTOT_2025-01-09_G06,10109448NASCIMENTOT,2025-01-09,123153,1,60,0,1054.0
10109448NASCIMENTOT_2025-01-09_G07,10109448NASCIMENTOT,2025-01-09,123153,1,6,0,163.0
10109448NASCIMENTOT_2025-01-09_G08,10109448NASCIMENTOT,2025-01-09,123947,1,10,0,457.0
10109448NASCIMENTOT_2025-01-09_G09,10109448NASCIMENTOT,2025-01-09,122647,1,10,0,181.0
10109448NASCIMENTOT_2025-01-09_G10,10109448NASCIMENTOT,2025-01-09,122673,1,30,0,489.0
10109448NASCIMENTOT_2025-01-09_G11,10109448NASCIMENTOT,2025-01-09,123822,1,20,0,3275.0
10109448NASCIMENTOT_2025-01-09_G12,10109448NASCIMENTOT,2025-01-09,120389,1,4,0,129.0
10109448NASCIMENTOT_2025-01-09_G13,10109448NASCIMENTOT,2025-01-09,122185,1,8,0,352.0
10109448NASCIMENTOT_2025-01-09_G14,10109448NASCIMENTOT,2025-01-09,122983,1,8,0,159.0
10109448NASCIMENTOT_2025-01-09_G15,10109448NASCIMENTOT,2025-01-09,124247,1,12,0,461.0
10109448NASCIMENTOT_2025-01-09_G16,10109448NASCIMENTOT,2025-01-09,122967,1,3,0,592.0
10109448NASCIMENTOT_2025-01-09_G17,10109448NASCIMENTOT,2025-01-09,122967,1,16,0,211.0
10109448NASCIMENTOT_2025-01-09_G18,10109448NASCIMENTOT,2025-01-09,122962,1,60,0,515.0
10109448NASCIMENTOT_2025-01-09_G19,10109448NASCIMENTOT,2025-01-09,123907,1,60,0,1122.0
10109448NASCIMENTOT_2025-01-10_G02,10109448NASCIMENTOT,2025-01-10,123909,1,8,0,181.0
10109448NASCIMENTOT_2025-01-10_G03,10109448NASCIMENTOT,2025-01-10,123153,1,2,0,193.0
10109448NASCIMENTOT_2025-01-10_G04,10109448NASCIMENTOT,2025-01-10,123911,1,20,0,681.0
10109448NASCIMENTOT_2025-01-10_G05,10109448NASCIMENTOT,2025-01-10,122962,1,4,0,195.0
10109448NASCIMENTOT_2025-01-10_G06,10109448NASCIMENTOT,2025-01-10,123907,1,24,0,863.0
10109448NASCIMENTOT_2025-01-10_G07,10109448NASCIMENTOT,2025-01-10,124248,1,36,0,592.0
10109448NASCIMENTOT_2025-01-10_G08,10109448NASCIMENTOT,2025-01-10,122962,1,12,0,316.0
10109448NASCIMENTOT_2025-01-10_G09,10109448NASCIMENTOT,2025-01-10,123907,1,10,0,219.0
10109448NASCIMENTOT_2025-01-10_G10,10109448NASCIMENTOT,2025-01-10,122185,1,2,0,131.0
10109448NASCIMENTOT_2025-01-10_G11,10109448NASCIMENTOT,2025-01-10,123947,1,6,0,159.0
10109448NASCIMENTOT_2025-01-10_G12,10109448NASCIMENTOT,2025-01-10,123153,1,32,0,560.0
10109448NASCIMENTOT_2025-01-10_G13,10109448NASCIMENTOT,2025-01-10,123889,1,2,0,219.0
10109448NASCIMENTOT_2025-01-10_G14,10109448NASCIMENTOT,2025-01-10,123907,1,60,0,1008.0
10109448NASCIMENTOT_2025-01-10_G15,10109448NASCIMENTOT,2025-01-10,122196,1,4,0,180.0
10109448NASCIMENTOT_2025-01-10_G16,10109448NASCIMENTOT,2025-01-10,122189,1,3,0,99.0
10109448NASCIMENTOT_2025-01-10_G17,10109448NASCIMENTOT,2025-01-10,124370,1,16,0,316.0
10109448NASCIMENTOT_2025-01-10_G18,10109448NASCIMENTOT,2025-01-10,120389,1,32,0,1351.0
10109448NASCIMENTOT_2025-01-10_G19,10109448NASCIMENTOT,2025-01-10,122985,1,4,0,155.0
10109448NASCIMENTOT_2025-01-10_G20,10109448NASCIMENTOT,2025-01-10,123343,1,10,0,152.0
10109448NASCIMENTOT_2025-01-10_G21,10109448NASCIMENTOT,2025-01-10,123345,1,3,0,106.0
10109448NASCIMENTOT_2025-01-10_G22,10109448NASCIMENTOT,2025-01-10,124264,1,16,0,349.0
10109448NASCIMENTOT_2025-01-10_G23,10109448NASCIMENTOT,2025-01-10,123153,1,18,0,329.0
10109448NASCIMENTOT_2025-01-10_G24,10109448NASCIMENTOT,2025-01-10,123822,1,32,0,1459.0
10109448NASCIMENTOT_2025-01-10_G25,10109448NASCIMENTOT,2025-01-10,122968,1,24,0,729.0
10109448NASCIMENTOT_2025-01-10_G26,10109448NASCIMENTOT,2025-01-10,122673,1,12,0,560.0
10109448NASCIMENTOT_2025-01-10_G27,10109448NASCIMENTOT,2025-01-10,122962,1,12,0,563.0
10109448NASCIMENTOT_2025-01-10_G28,10109448NASCIMENTOT,2025-01-10,122986,1,4,0,135.0
10109448NASCIMENTOT_2025-01-10_G29,10109448NASCIMENTOT,2025-01-10,122984,1,8,0,205.0
10109448NASCIMENTOT_2025-01-10_G30,10109448NASCIMENTOT,2025-01-10,122185,1,6,0,218.0
10109448NASCIMENTOT_2025-01-10_G31,10109448NASCIMENTOT,2025-01-10,120339,1,4,0,2599.0
10109448NASCIMENTOT_2025-01-10_G32,10109448NASCIMENTOT,2025-01-10,124248,1,3,0,99.0
10109448NASCIMENTOT_2025-01-10_G33,10109448NASCIMENTOT,2025-01-10,122983,1,4,0,161.0
10109448NASCIMENTOT_2025-01-10_G34,10109448NASCIMENTOT,2025-01-10,124370,1,4,0,118.0
10109448NASCIMENTOT_2025-01-10_G35,10109448NASCIMENTOT,2025-01-10,123343,1,1,0,35.0
10109448NASCIMENTOT_2025-01-10_G37,10109448NASCIMENTOT,2025-01-10,122984,1,40,0,1207.0
10109448NASCIMENTOT_2025-01-10_G38,10109448NASCIMENTOT,2025-01-10,122185,1,80,0,1334.0
10109448NASCIMENTOT_2025-01-10_G39,10109448NASCIMENTOT,2025-01-10,120339,1,4,0,106.0
10109448NASCIMENTOT_2025-01-10_G40,10109448NASCIMENTOT,2025-01-10,122983,1,17,0,456.0
10109448NASCIMENTOT_2025-01-10_G41,10109448NASCIMENTOT,2025-01-10,124370,1,22,0,343.0
10109448NASCIMENTOT_2025-01-10_G42,10109448NASCIMENTOT,2025-01-10,122985,1,4,0,144.0
10109448NASCIMENTOT_2025-01-10_G43,10109448NASCIMENTOT,2025-01-10,123911,1,13,0,490.0
10109448NASCIMENTOT_2025-01-10_G44,10109448NASCIMENTOT,2025-01-10,122962,1,4,0,53.0
10109448NASCIMENTOT_2025-01-10_G45,10109448NASCIMENTOT,2025-01-10,123344,1,2,0,668.0
10109448NASCIMENTOT_2025-01-10_G46,10109448NASCIMENTOT,2025-01-10,122962,1,8,0,421.0
10109448NASCIMENTOT_2025-01-10_G47,10109448NASCIMENTOT,2025-01-10,122671,1,2,0,104.0
10109448NASCIMENTOT_2025-01-10_G48,10109448NASCIMENTOT,2025-01-10,123343,1,2,0,241.0
10109448NASCIMENTOT_2025-01-10_G49,10109448NASCIMENTOT,2025-01-10,123561,1,20,0,506.0
10109448NASCIMENTOT_2025-01-10_G50,10109448NASCIMENTOT,2025-01-10,123345,1,2,0,79.0
10109448NASCIMENTOT_2025-01-10_G51,10109448NASCIMENTOT,2025-01-10,120339,1,6,0,156.0
10109448NASCIMENTOT_2025-01-10_G52,10109448NASCIMENTOT,2025-01-10,121760,1,3,0,118.0
10109448NASCIMENTOT_2025-01-10_G53,10109448NASCIMENTOT,2025-01-10,122703,1,1,0,99.0
10109448NASCIMENTOT_2025-01-10_G54,10109448NASCIMENTOT,2025-01-10,123909,1,6,0,203.0
10109448NASCIMENTOT_2025-01-10_G55,10109448NASCIMENTOT,2025-01-10,122981,1,4,0,137.0
10109448NASCIMENTOT_2025-01-11_G02,10109448NASCIMENTOT,2025-01-11,124370,1,24,0,998.0
10109448NASCIMENTOT_2025-01-11_G03,10109448NASCIMENTOT,2025-01-11,120389,1,2,0,76.0
10109448NASCIMENTOT_2025-01-11_G04,10109448NASCIMENTOT,2025-01-11,122985,1,4,0,199.0
10109448NASCIMENTOT_2025-01-11_G05,10109448NASCIMENTOT,2025-01-11,122185,1,16,0,109.0
10109448NASCIMENTOT_2025-01-11_G06,10109448NASCIMENTOT,2025-01-11,123911,1,16,0,555.0
10109448NASCIMENTOT_2025-01-11_G07,10109448NASCIMENTOT,2025-01-11,123343,1,12,0,284.0
10109448NASCIMENTOT_2025-01-11_G08,10109448NASCIMENTOT,2025-01-11,123345,1,10,0,259.0
10109448NASCIMENTOT_2025-01-11_G09,10109448NASCIMENTOT,2025-01-11,123343,1,6,0,822.0
10109448NASCIMENTOT_2025-01-11_G10,10109448NASCIMENTOT,2025-01-11,123909,1,6,0,519.0
10109448NASCIMENTOT_2025-01-11_G11,10109448NASCIMENTOT,2025-01-11,124247,1,16,0,1584.0
10109448NASCIMENTOT_2025-01-11_G12,10109448NASCIMENTOT,2025-01-11,122673,1,52,0,2029.0
10109448NASCIMENTOT_2025-01-11_G13,10109448NASCIMENTOT,2025-01-11,122985,1,2,0,226.0
10109448NASCIMENTOT_2025-01-11_G14,10109448NASCIMENTOT,2025-01-11,123345,1,24,0,490.0
10109448NASCIMENTOT_2025-01-11_G15,10109448NASCIMENTOT,2025-01-11,124247,1,12,0,319.0
10109448NASCIMENTOT_2025-01-11_G16,10109448NASCIMENTOT,2025-01-11,122673,1,38,0,633.0
10109448NASCIMENTOT_2025-01-11_G17,10109448NASCIMENTOT,2025-01-11,122985,1,4,0,231.0
10109448NASCIMENTOT_2025-01-11_G18,10109448NASCIMENTOT,2025-01-11,123345,1,16,0,299.0
10109448NASCIMENTOT_2025-01-11_G19,10109448NASCIMENTOT,2025-01-11,123907,1,6,0,219.0
10109448NASCIMENTOT_2025-01-11_G20,10109448NASCIMENTOT,2025-01-11,122962,1,4,0,141.0
10109448NASCIMENTOT_2025-01-11_G21,10109448NASCIMENTOT,2025-01-11,123907,1,7,0,155.0
10109448NASCIMENTOT_2025-01-11_G22,10109448NASCIMENTOT,2025-01-11,123911,1,96,0,2437.0
10109448NASCIMENTOT_2025-01-11_G23,10109448NASCIMENTOT,2025-01-11,122988,1,8,0,349.0
10109448NASCIMENTOT_2025-01-11_G24,10109448NASCIMENTOT,2025-01-11,122703,1,37,0,1521.0
10109448NASCIMENTOT_2025-01-13_G02,10109448NASCIMENTOT,2025-01-13,123907,1,13,0,1495.0
10109448NASCIMENTOT_2025-01-13_G03,10109448NASCIMENTOT,2025-01-13,123907,1,50,0,401.0
10109448NASCIMENTOT_2025-01-13_G04,10109448NASCIMENTOT,2025-01-13,123907,1,13,0,563.0
10109448NASCIMENTOT_2025-01-13_G05,10109448NASCIMENTOT,2025-01-13,123081,1,100,0,1909.0
10109448NASCIMENTOT_2025-01-13_G06,10109448NASCIMENTOT,2025-01-13,122673,1,50,0,1271.0
10109448NASCIMENTOT_2025-01-13_G07,10109448NASCIMENTOT,2025-01-13,120339,1,8,0,2284.0
10109448NASCIMENTOT_2025-01-13_G08,10109448NASCIMENTOT,2025-01-13,123560,1,12,0,1219.0
10109448NASCIMENTOT_2025-01-13_G09,10109448NASCIMENTOT,2025-01-13,122962,1,12,0,325.0
10109448NASCIMENTOT_2025-01-13_G10,10109448NASCIMENTOT,2025-01-13,123153,1,1,0,53.0
10109448NASCIMENTOT_2025-01-13_G11,10109448NASCIMENTOT,2025-01-13,123909,1,8,0,202.0
10109448NASCIMENTOT_2025-01-13_G12,10109448NASCIMENTOT,2025-01-13,124248,1,8,0,341.0
10109448NASCIMENTOT_2025-01-13_G13,10109448NASCIMENTOT,2025-01-13,123907,1,10,0,1528.0
10109448NASCIMENTOT_2025-01-13_G14,10109448NASCIMENTOT,2025-01-13,122703,1,16,0,704.0
10109448NASCIMENTOT_2025-01-13_G15,10109448NASCIMENTOT,2025-01-13,121760,1,6,0,810.0
10109448NASCIMENTOT_2025-01-13_G16,10109448NASCIMENTOT,2025-01-13,"121760, 123081",2,44,22,830.0
10109448NASCIMENTOT_2025-01-13_G17,10109448NASCIMENTOT,2025-01-13,123907,1,10,0,347.0
10109448NASCIMENTOT_2025-01-13_G18,10109448NASCIMENTOT,2025-01-13,124433,1,12,0,576.0
10109448NASCIMENTOT_2025-01-13_G20,10109448NASCIMENTOT,2025-01-13,123907,1,9,0,3387.0
10109448NASCIMENTOT_2025-01-13_G21,10109448NASCIMENTOT,2025-01-13,124247,1,25,0,991.0
10109448NASCIMENTOT_2025-01-13_G22,10109448NASCIMENTOT,2025-01-13,122671,1,14,0,389.0
10109448NASCIMENTOT_2025-01-13_G23,10109448NASCIMENTOT,2025-01-13,123822,1,1,0,144.0
10109448NASCIMENTOT_2025-01-13_G24,10109448NASCIMENTOT,2025-01-13,122962,1,160,0,133.0
10109448NASCIMENTOT_2025-01-14_G02,10109448NASCIMENTOT,2025-01-14,123153,1,8,0,1464.0
10109448NASCIMENTOT_2025-01-14_G03,10109448NASCIMENTOT,2025-01-14,123889,1,16,0,295.0
10109448NASCIMENTOT_2025-01-14_G04,10109448NASCIMENTOT,2025-01-14,123947,1,16,0,463.0
10109448NASCIMENTOT_2025-01-14_G05,10109448NASCIMENTOT,2025-01-14,123344,1,8,0,181.0
10109448NASCIMENTOT_2025-01-14_G06,10109448NASCIMENTOT,2025-01-14,122962,1,2,0,60.0
10109448NASCIMENTOT_2025-01-14_G07,10109448NASCIMENTOT,2025-01-14,121760,1,13,0,551.0
10109448NASCIMENTOT_2025-01-14_G08,10109448NASCIMENTOT,2025-01-14,124247,1,34,0,439.0
10109448NASCIMENTOT_2025-01-14_G09,10109448NASCIMENTOT,2025-01-14,123345,1,17,0,374.0
10109448NASCIMENTOT_2025-01-14_G10,10109448NASCIMENTOT,2025-01-14,123344,1,6,0,174.0
10109448NASCIMENTOT_2025-01-14_G11,10109448NASCIMENTOT,2025-01-14,121651,1,5,0,212.0
10109448NASCIMENTOT_2025-01-14_G12,10109448NASCIMENTOT,2025-01-14,123345,1,4,0,168.0
10109448NASCIMENTOT_2025-01-14_G13,10109448NASCIMENTOT,2025-01-14,122705,1,4,0,78.0
10109448NASCIMENTOT_2025-01-14_G14,10109448NASCIMENTOT,2025-01-14,121651,1,3,0,128.0
10109448NASCIMENTOT_2025-01-14_G15,10109448NASCIMENTOT,2025-01-14,121651,1,17,0,396.0
10109448NASCIMENTOT_2025-01-14_G16,10109448NASCIMENTOT,2025-01-14,123345,1,5,0,128.0
10109448NASCIMENTOT_2025-01-14_G17,10109448NASCIMENTOT,2025-01-14,121651,1,3,0,756.0
10109448NASCIMENTOT_2025-01-14_G19,10109448NASCIMENTOT,2025-01-14,122703,1,4,0,227.0
10109448NASCIMENTOT_2025-01-14_G20,10109448NASCIMENTOT,2025-01-14,122703,1,4,0,75.0
10109448NASCIMENTOT_2025-01-14_G21,10109448NASCIMENTOT,2025-01-14,123343,1,5,0,214.0
10109448NASCIMENTOT_2025-01-14_G22,10109448NASCIMENTOT,2025-01-14,123345,1,10,0,104.0
10109448NASCIMENTOT_2025-01-14_G23,10109448NASCIMENTOT,2025-01-14,"122988, 124248, 121651, 123521, 121760, 122985",6,39,42,1216.0
10109448NASCIMENTOT_2025-01-14_G24,10109448NASCIMENTOT,2025-01-14,124247,1,10,0,74.0
10109448NASCIMENTOT_2025-01-14_G25,10109448NASCIMENTOT,2025-01-14,123344,1,1,0,1024.0
10109448NASCIMENTOT_2025-01-14_G26,10109448NASCIMENTOT,2025-01-14,124247,1,8,0,412.0
10109448NASCIMENTOT_2025-01-14_G28,10109448NASCIMENTOT,2025-01-14,122962,1,40,0,729.0
10109448NASCIMENTOT_2025-01-14_G29,10109448NASCIMENTOT,2025-01-14,122671,1,20,0,627.0
10109448NASCIMENTOT_2025-01-14_G30,10109448NASCIMENTOT,2025-01-14,123909,1,20,0,286.0
10109448NASCIMENTOT_2025-01-14_G31,10109448NASCIMENTOT,2025-01-14,123907,1,60,0,1218.0
10109448NASCIMENTOT_2025-01-16_G02,10109448NASCIMENTOT,2025-01-16,124370,1,6,0,141.0
10109448NASCIMENTOT_2025-01-16_G03,10109448NASCIMENTOT,2025-01-16,121760,1,4,0,155.0
10109448NASCIMENTOT_2025-01-16_G04,10109448NASCIMENTOT,2025-01-16,123822,1,4,0,557.0
10109448NASCIMENTOT_2025-01-16_G05,10109448NASCIMENTOT,2025-01-16,"122703, 123344, 122962, 122981, 123909, 122185, 121651, 120028",8,55,95,2442.0
10109448NASCIMENTOT_2025-01-16_G06,10109448NASCIMENTOT,2025-01-16,123345,1,13,0,354.0
10109448NASCIMENTOT_2025-01-16_G07,10109448NASCIMENTOT,2025-01-16,122962,1,2,0,139.0
10109448NASCIMENTOT_2025-01-16_G08,10109448NASCIMENTOT,2025-01-16,122962,1,40,0,703.0
10109448NASCIMENTOT_2025-01-16_G09,10109448NASCIMENTOT,2025-01-16,123907,1,40,0,597.0
10109448NASCIMENTOT_2025-01-16_G10,10109448NASCIMENTOT,2025-01-16,122962,1,24,0,481.0
10109448NASCIMENTOT_2025-01-16_G11,10109448NASCIMENTOT,2025-01-16,123911,1,32,0,2153.0
10109448NASCIMENTOT_2025-01-16_G12,10109448NASCIMENTOT,2025-01-16,122962,1,2,0,118.0
10109448NASCIMENTOT_2025-01-16_G13,10109448NASCIMENTOT,2025-01-16,124370,1,4,0,293.0
10109448NASCIMENTOT_2025-01-16_G14,10109448NASCIMENTOT,2025-01-16,123907,1,50,0,944.0
10109448NASCIMENTOT_2025-01-17_G02,10109448NASCIMENTOT,2025-01-17,180420,5,5,44,44.0
10109448NASCIMENTOT_2025-01-17_G03,10109448NASCIMENTOT,2025-01-17,123909,1,30,0,2366.0
10109448NASCIMENTOT_2025-01-17_G04,10109448NASCIMENTOT,2025-01-17,120339,1,4,0,163.0
10109448NASCIMENTOT_2025-01-17_G05,10109448NASCIMENTOT,2025-01-17,120339,1,20,0,326.0
10109448NASCIMENTOT_2025-01-17_G06,10109448NASCIMENTOT,2025-01-17,180420,1,2,0,1008.0
10109448NASCIMENTOT_2025-01-17_G09,10109448NASCIMENTOT,2025-01-17,124371,1,50,0,1569.0
10109448NASCIMENTOT_2025-01-17_G10,10109448NASCIMENTOT,2025-01-17,123561,1,22,0,583.0
10109448NASCIMENTOT_2025-01-17_G11,10109448NASCIMENTOT,2025-01-17,122985,1,12,0,169.0
10109448NASCIMENTOT_2025-01-17_G12,10109448NASCIMENTOT,2025-01-17,123153,1,20,0,791.0
10109448NASCIMENTOT_2025-01-17_G13,10109448NASCIMENTOT,2025-01-17,122962,1,20,0,364.0
10109448NASCIMENTOT_2025-01-17_G14,10109448NASCIMENTOT,2025-01-17,123907,1,17,0,676.0
10109448NASCIMENTOT_2025-01-17_G15,10109448NASCIMENTOT,2025-01-17,122962,1,32,0,504.0
10109448NASCIMENTOT_2025-01-17_G16,10109448NASCIMENTOT,2025-01-17,120008,2,8,7,175.0
10109448NASCIMENTOT_2025-01-17_G17,10109448NASCIMENTOT,2025-01-17,122962,1,48,0,1066.0
10109448NASCIMENTOT_2025-01-17_G18,10109448NASCIMENTOT,2025-01-17,120028,1,32,0,641.0
10109448NASCIMENTOT_2025-01-17_G19,10109448NASCIMENTOT,2025-01-17,122647,2,40,19,301.0
10109448NASCIMENTOT_2025-01-17_G20,10109448NASCIMENTOT,2025-01-17,120028,1,8,0,980.0
10109448NASCIMENTOT_2025-01-17_G22,10109448NASCIMENTOT,2025-01-17,"120028, 120389, 121760",3,39,11,1174.0
10109448NASCIMENTOT_2025-01-17_G23,10109448NASCIMENTOT,2025-01-17,123345,1,7,0,163.0
10109448NASCIMENTOT_2025-01-17_G24,10109448NASCIMENTOT,2025-01-17,122962,1,2,0,79.0
10109448NASCIMENTOT_2025-01-18_G02,10109448NASCIMENTOT,2025-01-18,121651,1,100,0,3169.0
10109448NASCIMENTOT_2025-01-18_G03,10109448NASCIMENTOT,2025-01-18,124247,1,100,0,1790.0
10109448NASCIMENTOT_2025-01-18_G04,10109448NASCIMENTOT,2025-01-18,122988,1,2,0,1423.0
10109448NASCIMENTOT_2025-01-18_G05,10109448NASCIMENTOT,2025-01-18,"121760, 124370, 124371, 122185, 122982, 121651, 120272",7,66,46,2723.0
10109448NASCIMENTOT_2025-01-18_G06,10109448NASCIMENTOT,2025-01-18,123907,1,4,0,90.0
10109448NASCIMENTOT_2025-01-18_G07,10109448NASCIMENTOT,2025-01-18,121760,1,4,0,296.0
10109448NASCIMENTOT_2025-01-18_G08,10109448NASCIMENTOT,2025-01-18,123343,1,4,0,942.0
10109448NASCIMENTOT_2025-01-18_G09,10109448NASCIMENTOT,2025-01-18,120028,5,20,52,247.0
10109448NASCIMENTOT_2025-01-18_G10,10109448NASCIMENTOT,2025-01-18,120028,1,10,0,768.0
10109448NASCIMENTOT_2025-01-18_G11,10109448NASCIMENTOT,2025-01-18,122962,1,48,0,369.0
10109448NASCIMENTOT_2025-01-18_G12,10109448NASCIMENTOT,2025-01-18,122647,1,40,0,1319.0
10109448NASCIMENTOT_2025-01-18_G13,10109448NASCIMENTOT,2025-01-18,123343,1,8,0,616.0
10109448NASCIMENTOT_2025-01-18_G15,10109448NASCIMENTOT,2025-01-18,114647,1,8,0,428.0
10109448NASCIMENTOT_2025-01-20_G02,10109448NASCIMENTOT,2025-01-20,121760,1,20,0,1349.0
10109448NASCIMENTOT_2025-01-20_G03,10109448NASCIMENTOT,2025-01-20,121760,1,20,0,1782.0
10109448NASCIMENTOT_2025-01-20_G04,10109448NASCIMENTOT,2025-01-20,121760,1,20,0,761.0
10109448NASCIMENTOT_2025-01-20_G05,10109448NASCIMENTOT,2025-01-20,123344,1,14,0,3167.0
10109448NASCIMENTOT_2025-01-20_G06,10109448NASCIMENTOT,2025-01-20,121923,1,4,0,340.0
10109448NASCIMENTOT_2025-01-20_G07,10109448NASCIMENTOT,2025-01-20,124371,1,8,0,325.0
10109448NASCIMENTOT_2025-01-20_G08,10109448NASCIMENTOT,2025-01-20,123909,1,8,0,440.0
10109448NASCIMENTOT_2025-01-20_G09,10109448NASCIMENTOT,2025-01-20,121651,1,8,0,429.0
10109448NASCIMENTOT_2025-01-20_G10,10109448NASCIMENTOT,2025-01-20,124247,1,4,0,276.0
10109448NASCIMENTOT_2025-01-20_G11,10109448NASCIMENTOT,2025-01-20,123345,1,8,0,278.0
10109448NASCIMENTOT_2025-01-20_G12,10109448NASCIMENTOT,2025-01-20,123344,1,30,0,910.0
10109448NASCIMENTOT_2025-01-20_G13,10109448NASCIMENTOT,2025-01-20,122962,1,16,0,398.0
10109448NASCIMENTOT_2025-01-20_G14,10109448NASCIMENTOT,2025-01-20,121651,1,33,0,2495.0
10109448NASCIMENTOT_2025-01-20_G15,10109448NASCIMENTOT,2025-01-20,123153,1,24,0,486.0
10109448NASCIMENTOT_2025-01-20_G16,10109448NASCIMENTOT,2025-01-20,122984,1,20,0,507.0
10109448NASCIMENTOT_2025-01-20_G17,10109448NASCIMENTOT,2025-01-20,123909,1,40,0,652.0
10109448NASCIMENTOT_2025-01-20_G18,10109448NASCIMENTOT,2025-01-20,123907,1,5,0,227.0
10109448NASCIMENTOT_2025-01-20_G19,10109448NASCIMENTOT,2025-01-20,121760,1,1,0,122.0
10109448NASCIMENTOT_2025-01-20_G20,10109448NASCIMENTOT,2025-01-20,123345,1,3,0,161.0
10109448NASCIMENTOT_2025-01-20_G21,10109448NASCIMENTOT,2025-01-20,122962,1,4,0,179.0
10109448NASCIMENTOT_2025-01-20_G22,10109448NASCIMENTOT,2025-01-20,121651,1,6,0,127.0
10109448NASCIMENTOT_2025-01-20_G23,10109448NASCIMENTOT,2025-01-20,124370,1,4,0,64.0
10109448NASCIMENTOT_2025-01-20_G24,10109448NASCIMENTOT,2025-01-20,122984,1,20,0,346.0
10109448NASCIMENTOT_2025-01-20_G25,10109448NASCIMENTOT,2025-01-20,124248,1,6,0,191.0
10109448NASCIMENTOT_2025-01-20_G26,10109448NASCIMENTOT,2025-01-20,122982,1,8,0,159.0
10109448NASCIMENTOT_2025-01-20_G27,10109448NASCIMENTOT,2025-01-20,122983,1,5,0,224.0
10109448NASCIMENTOT_2025-01-20_G28,10109448NASCIMENTOT,2025-01-20,121651,1,12,0,284.0
10109448NASCIMENTOT_2025-01-20_G30,10109448NASCIMENTOT,2025-01-20,120339,1,6,0,144.0
10109448NASCIMENTOT_2025-01-20_G31,10109448NASCIMENTOT,2025-01-20,121651,1,10,0,447.0
10109448NASCIMENTOT_2025-01-20_G32,10109448NASCIMENTOT,2025-01-20,122984,1,7,0,287.0
10109448NASCIMENTOT_2025-01-20_G33,10109448NASCIMENTOT,2025-01-20,123911,1,3,0,84.0
10109448NASCIMENTOT_2025-01-20_G34,10109448NASCIMENTOT,2025-01-20,122981,1,4,0,103.0
10109448NASCIMENTOT_2025-01-20_G35,10109448NASCIMENTOT,2025-01-20,123909,1,4,0,349.0
10109448NASCIMENTOT_2025-01-20_G36,10109448NASCIMENTOT,2025-01-20,124248,1,20,0,449.0
10109448NASCIMENTOT_2025-01-20_G37,10109448NASCIMENTOT,2025-01-20,123822,1,1,0,90.0
10109448NASCIMENTOT_2025-01-20_G38,10109448NASCIMENTOT,2025-01-20,122983,1,6,0,508.0
10109448NASCIMENTOT_2025-01-20_G39,10109448NASCIMENTOT,2025-01-20,123520,1,2,0,230.0
10109448NASCIMENTOT_2025-01-20_G40,10109448NASCIMENTOT,2025-01-20,122988,1,4,0,1090.0
10109448NASCIMENTOT_2025-01-20_G41,10109448NASCIMENTOT,2025-01-20,123343,1,1,0,125.0
10109448NASCIMENTOT_2025-01-20_G42,10109448NASCIMENTOT,2025-01-20,123345,1,4,0,152.0
10109448NASCIMENTOT_2025-01-20_G43,10109448NASCIMENTOT,2025-01-20,123343,1,2,0,100.0
10109448NASCIMENTOT_2025-01-20_G44,10109448NASCIMENTOT,2025-01-20,122986,1,14,0,317.0
10109448NASCIMENTOT_2025-01-21_G02,10109448NASCIMENTOT,2025-01-21,122962,1,5,0,170.0
10109448NASCIMENTOT_2025-01-21_G03,10109448NASCIMENTOT,2025-01-21,122983,1,6,0,551.0
10109448NASCIMENTOT_2025-01-21_G04,10109448NASCIMENTOT,2025-01-21,123907,1,4,0,99.0
10109448NASCIMENTOT_2025-01-21_G05,10109448NASCIMENTOT,2025-01-21,121760,1,4,0,249.0
10109448NASCIMENTOT_2025-01-21_G06,10109448NASCIMENTOT,2025-01-21,180024,1,4,0,428.0
10109448NASCIMENTOT_2025-01-21_G07,10109448NASCIMENTOT,2025-01-21,122962,1,50,0,821.0
10109448NASCIMENTOT_2025-01-21_G08,10109448NASCIMENTOT,2025-01-21,122962,1,20,0,414.0
10109448NASCIMENTOT_2025-01-21_G09,10109448NASCIMENTOT,2025-01-21,123343,1,2,0,376.0
10109448NASCIMENTOT_2025-01-21_G10,10109448NASCIMENTOT,2025-01-21,123345,1,6,0,159.0
10109448NASCIMENTOT_2025-01-21_G11,10109448NASCIMENTOT,2025-01-21,122962,1,24,0,473.0
10109448NASCIMENTOT_2025-01-21_G12,10109448NASCIMENTOT,2025-01-21,123492,1,6,0,1438.0
10109448NASCIMENTOT_2025-01-21_G13,10109448NASCIMENTOT,2025-01-21,121760,1,3,0,262.0
10109448NASCIMENTOT_2025-01-21_G14,10109448NASCIMENTOT,2025-01-21,123343,1,5,0,651.0
10109448NASCIMENTOT_2025-01-21_G15,10109448NASCIMENTOT,2025-01-21,123345,1,10,0,278.0
10109448NASCIMENTOT_2025-01-21_G16,10109448NASCIMENTOT,2025-01-21,122647,1,16,0,500.0
10109448NASCIMENTOT_2025-01-21_G17,10109448NASCIMENTOT,2025-01-21,123907,1,16,0,350.0
10109448NASCIMENTOT_2025-01-21_G18,10109448NASCIMENTOT,2025-01-21,123907,1,40,0,898.0
10109448NASCIMENTOT_2025-01-21_G19,10109448NASCIMENTOT,2025-01-21,123344,1,4,0,139.0
10109448NASCIMENTOT_2025-01-21_G20,10109448NASCIMENTOT,2025-01-21,122673,1,2,0,257.0
10109448NASCIMENTOT_2025-01-21_G21,10109448NASCIMENTOT,2025-01-21,123343,1,7,0,271.0
10109448NASCIMENTOT_2025-01-21_G22,10109448NASCIMENTOT,2025-01-21,123345,1,4,0,91.0
10109448NASCIMENTOT_2025-01-21_G23,10109448NASCIMENTOT,2025-01-21,123344,1,4,0,143.0
10109448NASCIMENTOT_2025-01-21_G24,10109448NASCIMENTOT,2025-01-21,121651,1,6,0,156.0
10109448NASCIMENTOT_2025-01-21_G25,10109448NASCIMENTOT,2025-01-21,123911,1,30,0,561.0
10109448NASCIMENTOT_2025-01-21_G26,10109448NASCIMENTOT,2025-01-21,123344,1,16,0,264.0
10109448NASCIMENTOT_2025-01-21_G27,10109448NASCIMENTOT,2025-01-21,123907,1,18,0,282.0
10109448NASCIMENTOT_2025-01-21_G28,10109448NASCIMENTOT,2025-01-21,122671,1,20,0,561.0
10109448NASCIMENTOT_2025-01-21_G29,10109448NASCIMENTOT,2025-01-21,122962,1,20,0,226.0
10109448NASCIMENTOT_2025-01-22_G02,10109448NASCIMENTOT,2025-01-22,122673,1,10,0,533.0
10109448NASCIMENTOT_2025-01-22_G03,10109448NASCIMENTOT,2025-01-22,122673,1,70,0,858.0
10109448NASCIMENTOT_2025-01-22_G04,10109448NASCIMENTOT,2025-01-22,122968,1,3,0,252.0
10109448NASCIMENTOT_2025-01-22_G05,10109448NASCIMENTOT,2025-01-22,122983,1,12,0,682.0
10109448NASCIMENTOT_2025-01-22_G06,10109448NASCIMENTOT,2025-01-22,122673,1,10,0,233.0
10109448NASCIMENTOT_2025-01-22_G07,10109448NASCIMENTOT,2025-01-22,124370,1,18,0,460.0
10109448NASCIMENTOT_2025-01-22_G08,10109448NASCIMENTOT,2025-01-22,122705,1,4,0,176.0
10109448NASCIMENTOT_2025-01-22_G09,10109448NASCIMENTOT,2025-01-22,121651,1,10,0,245.0
10109448NASCIMENTOT_2025-01-22_G10,10109448NASCIMENTOT,2025-01-22,122983,1,4,0,220.0
10109448NASCIMENTOT_2025-01-22_G11,10109448NASCIMENTOT,2025-01-22,123907,1,15,0,707.0
10109448NASCIMENTOT_2025-01-22_G14,10109448NASCIMENTOT,2025-01-22,123909,1,30,0,489.0
10109448NASCIMENTOT_2025-01-22_G15,10109448NASCIMENTOT,2025-01-22,124248,1,8,0,318.0
10109448NASCIMENTOT_2025-01-22_G16,10109448NASCIMENTOT,2025-01-22,123492,1,1,0,233.0
10109448NASCIMENTOT_2025-01-22_G17,10109448NASCIMENTOT,2025-01-22,122703,1,4,0,502.0
10109448NASCIMENTOT_2025-01-22_G18,10109448NASCIMENTOT,2025-01-22,122988,1,2,0,2563.0
10109448NASCIMENTOT_2025-01-22_G19,10109448NASCIMENTOT,2025-01-22,122988,1,5,0,245.0
10109448NASCIMENTOT_2025-01-22_G20,10109448NASCIMENTOT,2025-01-22,122673,1,3,0,96.0
10109448NASCIMENTOT_2025-01-22_G21,10109448NASCIMENTOT,2025-01-22,"120339, 122988, 124370, 122984, 122671, 123561, 123909, 122982, 122983, 123907",10,105,55,3133.0
10109448NASCIMENTOT_2025-01-22_G22,10109448NASCIMENTOT,2025-01-22,123907,1,7,0,103.0
10109448NASCIMENTOT_2025-01-22_G23,10109448NASCIMENTOT,2025-01-22,123907,1,3,0,236.0
10109448NASCIMENTOT_2025-01-23_G02,10109448NASCIMENTOT,2025-01-23,"120389, 122962",2,48,7,176.0
10109448NASCIMENTOT_2025-01-23_G03,10109448NASCIMENTOT,2025-01-23,121760,1,30,0,2815.0
10109448NASCIMENTOT_2025-01-23_G04,10109448NASCIMENTOT,2025-01-23,"123345, 121651",2,70,17,91.0
10109448NASCIMENTOT_2025-01-23_G06,10109448NASCIMENTOT,2025-01-23,122962,1,100,0,1299.0
10109448NASCIMENTOT_2025-01-23_G07,10109448NASCIMENTOT,2025-01-23,122673,1,30,0,1637.0
10109448NASCIMENTOT_2025-01-23_G08,10109448NASCIMENTOT,2025-01-23,122984,1,8,0,326.0
10109448NASCIMENTOT_2025-01-23_G09,10109448NASCIMENTOT,2025-01-23,123909,1,4,0,117.0
10109448NASCIMENTOT_2025-01-23_G10,10109448NASCIMENTOT,2025-01-23,122185,1,8,0,179.0
10109448NASCIMENTOT_2025-01-23_G11,10109448NASCIMENTOT,2025-01-23,123345,1,4,0,143.0
10109448NASCIMENTOT_2025-01-23_G12,10109448NASCIMENTOT,2025-01-23,120028,1,4,0,686.0
10109448NASCIMENTOT_2025-01-23_G13,10109448NASCIMENTOT,2025-01-23,120272,1,2,0,115.0
10109448NASCIMENTOT_2025-01-23_G14,10109448NASCIMENTOT,2025-01-23,123907,1,4,0,799.0
10109448NASCIMENTOT_2025-01-23_G15,10109448NASCIMENTOT,2025-01-23,122984,1,8,0,651.0
10109448NASCIMENTOT_2025-01-23_G16,10109448NASCIMENTOT,2025-01-23,122185,1,8,0,116.0
10109448NASCIMENTOT_2025-01-23_G17,10109448NASCIMENTOT,2025-01-23,"122962, 123343",2,104,20,984.0
10109448NASCIMENTOT_2025-01-23_G19,10109448NASCIMENTOT,2025-01-23,122647,1,30,0,875.0
10109448NASCIMENTOT_2025-01-23_G20,10109448NASCIMENTOT,2025-01-23,124370,1,2,0,82.0
10109448NASCIMENTOT_2025-01-23_G21,10109448NASCIMENTOT,2025-01-23,122962,1,6,0,202.0
10109448NASCIMENTOT_2025-01-23_G22,10109448NASCIMENTOT,2025-01-23,123344,1,9,0,298.0
10109448NASCIMENTOT_2025-01-23_G23,10109448NASCIMENTOT,2025-01-23,124370,1,14,0,343.0
10109448NASCIMENTOT_2025-01-23_G24,10109448NASCIMENTOT,2025-01-23,122962,1,24,0,438.0
10109448NASCIMENTOT_2025-01-23_G25,10109448NASCIMENTOT,2025-01-23,123909,1,4,0,95.0
10109448NASCIMENTOT_2025-01-23_G26,10109448NASCIMENTOT,2025-01-23,123345,1,1,0,190.0
10109448NASCIMENTOT_2025-01-23_G27,10109448NASCIMENTOT,2025-01-23,123907,1,18,0,437.0
10109448NASCIMENTOT_2025-01-24_G02,10109448NASCIMENTOT,2025-01-24,121760,1,4,0,386.0
10109448NASCIMENTOT_2025-01-24_G03,10109448NASCIMENTOT,2025-01-24,123907,1,4,0,183.0
10109448NASCIMENTOT_2025-01-24_G04,10109448NASCIMENTOT,2025-01-24,123909,1,4,0,212.0
10109448NASCIMENTOT_2025-01-24_G05,10109448NASCIMENTOT,2025-01-24,121760,1,6,0,242.0
10109448NASCIMENTOT_2025-01-24_G06,10109448NASCIMENTOT,2025-01-24,122647,1,50,0,2648.0
10109448NASCIMENTOT_2025-01-24_G07,10109448NASCIMENTOT,2025-01-24,123153,1,4,0,265.0
10109448NASCIMENTOT_2025-01-24_G08,10109448NASCIMENTOT,2025-01-24,"123521, 122988, 122671, 122986, 120028, 124248",6,52,52,1790.0
10109448NASCIMENTOT_2025-01-24_G09,10109448NASCIMENTOT,2025-01-24,"120339, 122988, 122671, 122982, 122985",5,37,22,1670.0
10109448NASCIMENTOT_2025-01-24_G10,10109448NASCIMENTOT,2025-01-24,122962,1,8,0,127.0
10109448NASCIMENTOT_2025-01-24_G11,10109448NASCIMENTOT,2025-01-24,122647,1,16,0,725.0
10109448NASCIMENTOT_2025-01-24_G12,10109448NASCIMENTOT,2025-01-24,"122985, 120339, 124370, 122984, 122671, 124371, 120028",7,68,57,2544.0
10109448NASCIMENTOT_2025-01-24_G13,10109448NASCIMENTOT,2025-01-24,123907,1,5,0,2568.0
10109448NASCIMENTOT_2025-01-24_G14,10109448NASCIMENTOT,2025-01-24,120339,1,6,0,522.0
10109448NASCIMENTOT_2025-01-24_G15,10109448NASCIMENTOT,2025-01-24,122985,1,10,0,338.0
10109448NASCIMENTOT_2025-01-24_G16,10109448NASCIMENTOT,2025-01-24,123909,1,16,0,492.0
10109448NASCIMENTOT_2025-01-24_G18,10109448NASCIMENTOT,2025-01-24,120339,1,1,0,153.0
10109448NASCIMENTOT_2025-01-24_G19,10109448NASCIMENTOT,2025-01-24,120271,1,1,0,129.0
10109448NASCIMENTOT_2025-01-24_G20,10109448NASCIMENTOT,2025-01-24,120272,1,1,0,183.0
10109448NASCIMENTOT_2025-01-24_G21,10109448NASCIMENTOT,2025-01-24,123153,1,10,0,391.0
10109448NASCIMENTOT_2025-01-24_G22,10109448NASCIMENTOT,2025-01-24,122962,1,14,0,216.0
10109448NASCIMENTOT_2025-01-24_G23,10109448NASCIMENTOT,2025-01-24,122984,1,2,0,353.0
10109448NASCIMENTOT_2025-01-24_G24,10109448NASCIMENTOT,2025-01-24,122671,1,8,0,402.0
10109448NASCIMENTOT_2025-01-24_G25,10109448NASCIMENTOT,2025-01-24,123909,1,4,0,230.0
10109448NASCIMENTOT_2025-01-24_G26,10109448NASCIMENTOT,2025-01-24,122673,1,10,0,204.0
10109448NASCIMENTOT_2025-01-24_G27,10109448NASCIMENTOT,2025-01-24,122673,1,15,0,431.0
10109448NASCIMENTOT_2025-01-24_G28,10109448NASCIMENTOT,2025-01-24,122962,1,6,0,196.0
10109448NASCIMENTOT_2025-01-24_G29,10109448NASCIMENTOT,2025-01-24,120028,1,8,0,191.0
10109448NASCIMENTOT_2025-01-24_G30,10109448NASCIMENTOT,2025-01-24,122673,1,3,0,122.0
10109448NASCIMENTOT_2025-01-25_G02,10109448NASCIMENTOT,2025-01-25,122962,1,4,0,2686.0
10109448NASCIMENTOT_2025-01-25_G03,10109448NASCIMENTOT,2025-01-25,120028,1,8,0,380.0
10109448NASCIMENTOT_2025-01-25_G04,10109448NASCIMENTOT,2025-01-25,123153,1,6,0,127.0
10109448NASCIMENTOT_2025-01-25_G05,10109448NASCIMENTOT,2025-01-25,123153,1,4,0,250.0
10109448NASCIMENTOT_2025-01-25_G06,10109448NASCIMENTOT,2025-01-25,124370,1,3,0,437.0
10109448NASCIMENTOT_2025-01-25_G07,10109448NASCIMENTOT,2025-01-25,124248,1,2,0,131.0
10109448NASCIMENTOT_2025-01-25_G08,10109448NASCIMENTOT,2025-01-25,121651,1,8,0,248.0
10109448NASCIMENTOT_2025-01-25_G09,10109448NASCIMENTOT,2025-01-25,123343,1,1,0,80.0
10109448NASCIMENTOT_2025-01-25_G10,10109448NASCIMENTOT,2025-01-25,121760,1,14,0,1564.0
10109448NASCIMENTOT_2025-01-25_G11,10109448NASCIMENTOT,2025-01-25,123343,1,10,0,408.0
10109448NASCIMENTOT_2025-01-25_G12,10109448NASCIMENTOT,2025-01-25,121760,1,10,0,324.0
10109448NASCIMENTOT_2025-01-25_G13,10109448NASCIMENTOT,2025-01-25,123343,1,15,0,375.0
10109448NASCIMENTOT_2025-01-25_G14,10109448NASCIMENTOT,2025-01-25,123344,1,20,0,221.0
10109448NASCIMENTOT_2025-01-25_G15,10109448NASCIMENTOT,2025-01-25,122647,1,8,0,1736.0
10109448NASCIMENTOT_2025-01-25_G16,10109448NASCIMENTOT,2025-01-25,122962,1,2,0,197.0
10109448NASCIMENTOT_2025-01-25_G17,10109448NASCIMENTOT,2025-01-25,122647,1,4,0,98.0
10109448NASCIMENTOT_2025-01-25_G18,10109448NASCIMENTOT,2025-01-25,124370,1,3,0,175.0
10109448NASCIMENTOT_2025-01-25_G19,10109448NASCIMENTOT,2025-01-25,123909,1,1,0,123.0
10109448NASCIMENTOT_2025-01-25_G20,10109448NASCIMENTOT,2025-01-25,124248,1,4,0,144.0
10109448NASCIMENTOT_2025-01-25_G21,10109448NASCIMENTOT,2025-01-25,124486,1,10,0,513.0
10109448NASCIMENTOT_2025-01-25_G22,10109448NASCIMENTOT,2025-01-25,123909,1,50,0,1881.0
10109448NASCIMENTOT_2025-01-25_G23,10109448NASCIMENTOT,2025-01-25,123909,1,70,0,796.0
10109448NASCIMENTOT_2025-01-25_G25,10109448NASCIMENTOT,2025-01-25,"123344, 121928, 124370, 123909, 122986, 124371, 121760, 122647, 121651, 122983, 120389, 123822",12,165,82,46.0
10109448NASCIMENTOT_2025-01-25_G26,10109448NASCIMENTOT,2025-01-25,123345,1,16,0,467.0
10109448NASCIMENTOT_2025-01-25_G27,10109448NASCIMENTOT,2025-01-25,123909,1,4,0,429.0
10109448NASCIMENTOT_2025-01-25_G28,10109448NASCIMENTOT,2025-01-25,122671,1,4,0,112.0
10109448NASCIMENTOT_2025-01-25_G29,10109448NASCIMENTOT,2025-01-25,"122962, 123909",2,8,23,73.0
10109448NASCIMENTOT_2025-01-25_G30,10109448NASCIMENTOT,2025-01-25,124486,1,4,0,72.0
10109448NASCIMENTOT_2025-01-25_G31,10109448NASCIMENTOT,2025-01-25,122962,1,40,0,36.0
10109448NASCIMENTOT_2025-01-25_G32,10109448NASCIMENTOT,2025-01-25,122962,1,12,0,34.0
10109448NASCIMENTOT_2025-01-25_G33,10109448NASCIMENTOT,2025-01-25,123822,1,16,0,901.0
10109448NASCIMENTOT_2025-01-25_G34,10109448NASCIMENTOT,2025-01-25,124486,1,20,0,42.0
10109448NASCIMENTOT_2025-01-27_G02,10109448NASCIMENTOT,2025-01-27,124247,1,8,0,110.0
10109448NASCIMENTOT_2025-01-27_G03,10109448NASCIMENTOT,2025-01-27,122982,1,20,0,914.0
10109448NASCIMENTOT_2025-01-27_G04,10109448NASCIMENTOT,2025-01-27,181057,1,6,0,909.0
10109448NASCIMENTOT_2025-01-27_G05,10109448NASCIMENTOT,2025-01-27,124486,1,14,0,398.0
10109448NASCIMENTOT_2025-01-27_G06,10109448NASCIMENTOT,2025-01-27,122962,1,100,0,1915.0
10109448NASCIMENTOT_2025-01-27_G07,10109448NASCIMENTOT,2025-01-27,122984,1,8,0,1284.0
10109448NASCIMENTOT_2025-01-27_G08,10109448NASCIMENTOT,2025-01-27,122981,1,8,0,151.0
10109448NASCIMENTOT_2025-01-27_G10,10109448NASCIMENTOT,2025-01-27,122983,1,12,0,986.0
10109448NASCIMENTOT_2025-01-27_G11,10109448NASCIMENTOT,2025-01-27,"120339, 123560, 120271, 123561, 122185, 122983",13,128,76,31.0
10109448NASCIMENTOT_2025-01-27_G12,10109448NASCIMENTOT,2025-01-27,122983,1,12,0,686.0
10109448NASCIMENTOT_2025-01-27_G13,10109448NASCIMENTOT,2025-01-27,123343,1,1,0,238.0
10109448NASCIMENTOT_2025-01-27_G14,10109448NASCIMENTOT,2025-01-27,123313,1,12,0,1075.0
10109448NASCIMENTOT_2025-01-27_G15,10109448NASCIMENTOT,2025-01-27,123343,7,17,49,42.0
10109448NASCIMENTOT_2025-01-27_G16,10109448NASCIMENTOT,2025-01-27,122968,3,12,12,748.0
10109448NASCIMENTOT_2025-01-27_G18,10109448NASCIMENTOT,2025-01-27,122962,1,12,0,198.0
10109448NASCIMENTOT_2025-01-27_G19,10109448NASCIMENTOT,2025-01-27,123909,1,4,0,329.0
10109448NASCIMENTOT_2025-01-27_G20,10109448NASCIMENTOT,2025-01-27,122984,1,12,0,269.0
10109448NASCIMENTOT_2025-01-27_G21,10109448NASCIMENTOT,2025-01-27,124486,1,10,0,93.0
10109448NASCIMENTOT_2025-01-27_G22,10109448NASCIMENTOT,2025-01-27,122983,1,8,0,179.0
10109448NASCIMENTOT_2025-01-28_G02,10109448NASCIMENTOT,2025-01-28,123343,2,8,6,115.0
10109448NASCIMENTOT_2025-01-28_G04,10109448NASCIMENTOT,2025-01-28,123345,1,12,0,365.0
10109448NASCIMENTOT_2025-01-28_G06,10109448NASCIMENTOT,2025-01-28,"121760, 123822",2,31,10,500.0
10109448NASCIMENTOT_2025-01-28_G07,10109448NASCIMENTOT,2025-01-28,123907,1,11,0,61.0
10109448NASCIMENTOT_2025-01-28_G08,10109448NASCIMENTOT,2025-01-28,"124370, 122962, 123909, 122984, 122671",5,111,29,39.0
10109448NASCIMENTOT_2025-01-28_G09,10109448NASCIMENTOT,2025-01-28,123345,1,30,0,735.0
10109448NASCIMENTOT_2025-01-28_G11,10109448NASCIMENTOT,2025-01-28,122962,1,150,0,1340.0
10109448NASCIMENTOT_2025-01-29_G02,10109448NASCIMENTOT,2025-01-29,122988,1,13,0,1564.0
10109448NASCIMENTOT_2025-01-29_G03,10109448NASCIMENTOT,2025-01-29,123153,1,1,0,153.0
10109448NASCIMENTOT_2025-01-29_G04,10109448NASCIMENTOT,2025-01-29,121760,1,3,0,144.0
10109448NASCIMENTOT_2025-01-29_G05,10109448NASCIMENTOT,2025-01-29,121760,1,9,0,430.0
10109448NASCIMENTOT_2025-01-29_G07,10109448NASCIMENTOT,2025-01-29,"124371, 123561, 120272, 124247, 120389, 121651, 122985, 120339, 122988",9,271,67,167.0
10109448NASCIMENTOT_2025-01-29_G08,10109448NASCIMENTOT,2025-01-29,123344,1,4,0,804.0
10109448NASCIMENTOT_2025-01-29_G09,10109448NASCIMENTOT,2025-01-29,124370,1,12,0,380.0
10109448NASCIMENTOT_2025-01-29_G10,10109448NASCIMENTOT,2025-01-29,"121651, 124371, 122703, 121760",4,66,31,2596.0
10109448NASCIMENTOT_2025-01-29_G11,10109448NASCIMENTOT,2025-01-29,124370,1,7,0,184.0
10109448NASCIMENTOT_2025-01-29_G12,10109448NASCIMENTOT,2025-01-29,123909,1,8,0,138.0
10109448NASCIMENTOT_2025-01-29_G13,10109448NASCIMENTOT,2025-01-29,124371,1,2,0,60.0
10109448NASCIMENTOT_2025-01-29_G14,10109448NASCIMENTOT,2025-01-29,123345,1,4,0,171.0
10109448NASCIMENTOT_2025-01-29_G15,10109448NASCIMENTOT,2025-01-29,124370,1,12,0,344.0
10109448NASCIMENTOT_2025-01-29_G16,10109448NASCIMENTOT,2025-01-29,121651,1,8,0,191.0
10109448NASCIMENTOT_2025-01-29_G17,10109448NASCIMENTOT,2025-01-29,124370,1,10,0,310.0
10109448NASCIMENTOT_2025-01-29_G18,10109448NASCIMENTOT,2025-01-29,123909,1,2,0,111.0
10109448NASCIMENTOT_2025-01-29_G19,10109448NASCIMENTOT,2025-01-29,121760,1,3,0,52.0
10109448NASCIMENTOT_2025-01-29_G20,10109448NASCIMENTOT,2025-01-29,121651,1,20,0,592.0
10109448NASCIMENTOT_2025-01-29_G21,10109448NASCIMENTOT,2025-01-29,123345,1,4,0,360.0
10109448NASCIMENTOT_2025-01-29_G22,10109448NASCIMENTOT,2025-01-29,124370,1,4,0,135.0
10109448NASCIMENTOT_2025-01-29_G23,10109448NASCIMENTOT,2025-01-29,122962,1,16,0,112.0
10109448NASCIMENTOT_2025-01-29_G24,10109448NASCIMENTOT,2025-01-29,124371,1,4,0,130.0
10109448NASCIMENTOT_2025-01-29_G25,10109448NASCIMENTOT,2025-01-29,121651,1,30,0,539.0
10109448NASCIMENTOT_2025-01-29_G26,10109448NASCIMENTOT,2025-01-29,121651,1,20,0,276.0
10109448NASCIMENTOT_2025-01-29_G27,10109448NASCIMENTOT,2025-01-29,123344,1,3,0,522.0
10109448NASCIMENTOT_2025-01-29_G28,10109448NASCIMENTOT,2025-01-29,121651,1,12,0,280.0
10109448NASCIMENTOT_2025-01-29_G29,10109448NASCIMENTOT,2025-01-29,123345,1,2,0,312.0
10109448NASCIMENTOT_2025-01-29_G30,10109448NASCIMENTOT,2025-01-29,124370,1,12,0,366.0
10109448NASCIMENTOT_2025-01-29_G31,10109448NASCIMENTOT,2025-01-29,"123909, 122982",2,6,19,105.0
10109448NASCIMENTOT_2025-01-29_G32,10109448NASCIMENTOT,2025-01-29,122705,1,6,0,526.0
10109448NASCIMENTOT_2025-01-29_G33,10109448NASCIMENTOT,2025-01-29,121651,1,20,0,294.0
10109448NASCIMENTOT_2025-01-30_G03,10109448NASCIMENTOT,2025-01-30,120272,1,4,0,223.0
10109448NASCIMENTOT_2025-01-30_G04,10109448NASCIMENTOT,2025-01-30,123344,1,24,0,1433.0
10109448NASCIMENTOT_2025-01-30_G05,10109448NASCIMENTOT,2025-01-30,121923,1,12,0,664.0
10109448NASCIMENTOT_2025-01-30_G06,10109448NASCIMENTOT,2025-01-30,122983,1,8,0,330.0
10109448NASCIMENTOT_2025-01-30_G07,10109448NASCIMENTOT,2025-01-30,120272,1,8,0,139.0
10109448NASCIMENTOT_2025-01-30_G08,10109448NASCIMENTOT,2025-01-30,120339,1,12,0,369.0
10109448NASCIMENTOT_2025-01-30_G09,10109448NASCIMENTOT,2025-01-30,123561,1,4,0,213.0
10109448NASCIMENTOT_2025-01-30_G10,10109448NASCIMENTOT,2025-01-30,122984,1,36,0,1460.0
10109448NASCIMENTOT_2025-01-30_G11,10109448NASCIMENTOT,2025-01-30,123561,1,8,0,233.0
10109448NASCIMENTOT_2025-01-30_G12,10109448NASCIMENTOT,2025-01-30,123911,1,12,0,390.0
10109448NASCIMENTOT_2025-01-30_G13,10109448NASCIMENTOT,2025-01-30,120339,1,24,0,721.0
10109448NASCIMENTOT_2025-01-30_G14,10109448NASCIMENTOT,2025-01-30,123911,1,16,0,422.0
10109448NASCIMENTOT_2025-01-30_G15,10109448NASCIMENTOT,2025-01-30,122671,1,22,0,287.0
10109448NASCIMENTOT_2025-01-30_G16,10109448NASCIMENTOT,2025-01-30,122984,1,8,0,117.0
10109448NASCIMENTOT_2025-01-30_G17,10109448NASCIMENTOT,2025-01-30,122962,1,18,0,168.0
10109448NASCIMENTOT_2025-01-30_G18,10109448NASCIMENTOT,2025-01-30,122983,1,18,0,347.0
10109448NASCIMENTOT_2025-01-30_G20,10109448NASCIMENTOT,2025-01-30,123909,1,2,0,99.0
10109448NASCIMENTOT_2025-01-30_G21,10109448NASCIMENTOT,2025-01-30,122962,1,150,0,2767.0
10109448NASCIMENTOT_2025-01-30_G22,10109448NASCIMENTOT,2025-01-30,122671,1,14,0,447.0
10109448NASCIMENTOT_2025-01-31_G02,10109448NASCIMENTOT,2025-01-31,122981,1,4,0,357.0
10109448NASCIMENTOT_2025-01-31_G03,10109448NASCIMENTOT,2025-01-31,122981,1,16,0,710.0
10109448NASCIMENTOT_2025-01-31_G04,10109448NASCIMENTOT,2025-01-31,124247,1,4,0,260.0
10109448NASCIMENTOT_2025-01-31_G05,10109448NASCIMENTOT,2025-01-31,120339,1,4,0,72.0
10109448NASCIMENTOT_2025-01-31_G06,10109448NASCIMENTOT,2025-01-31,122985,1,8,0,499.0
10109448NASCIMENTOT_2025-01-31_G07,10109448NASCIMENTOT,2025-01-31,122985,1,2,0,108.0
10109448NASCIMENTOT_2025-01-31_G08,10109448NASCIMENTOT,2025-01-31,122984,1,2,0,290.0
10109448NASCIMENTOT_2025-01-31_G09,10109448NASCIMENTOT,2025-01-31,124248,1,4,0,102.0
10109448NASCIMENTOT_2025-01-31_G10,10109448NASCIMENTOT,2025-01-31,122983,1,5,0,346.0
10109448NASCIMENTOT_2025-01-31_G11,10109448NASCIMENTOT,2025-01-31,122985,1,6,0,112.0
10109448NASCIMENTOT_2025-01-31_G12,10109448NASCIMENTOT,2025-01-31,123345,1,4,0,251.0
10109448NASCIMENTOT_2025-01-31_G13,10109448NASCIMENTOT,2025-01-31,122962,1,1,0,672.0
10109448NASCIMENTOT_2025-01-31_G14,10109448NASCIMENTOT,2025-01-31,122986,1,14,0,2517.0
10109448NASCIMENTOT_2025-01-31_G15,10109448NASCIMENTOT,2025-01-31,122962,1,66,0,156.0
10109448NASCIMENTOT_2025-01-31_G16,10109448NASCIMENTOT,2025-01-31,123343,1,8,0,1222.0
10109448NASCIMENTOT_2025-01-31_G17,10109448NASCIMENTOT,2025-01-31,122962,1,12,0,144.0
10109448NASCIMENTOT_2025-01-31_G18,10109448NASCIMENTOT,2025-01-31,120028,1,34,0,1309.0
10109448NASCIMENTOT_2025-01-31_G19,10109448NASCIMENTOT,2025-01-31,124248,1,6,0,158.0
10109448NASCIMENTOT_2025-01-31_G20,10109448NASCIMENTOT,2025-01-31,123909,1,4,0,70.0
10109448NASCIMENTOT_2025-01-31_G21,10109448NASCIMENTOT,2025-01-31,122983,1,12,0,412.0
10109448NASCIMENTOT_2025-01-31_G22,10109448NASCIMENTOT,2025-01-31,124247,1,8,0,145.0
10109448NASCIMENTOT_2025-01-31_G23,10109448NASCIMENTOT,2025-01-31,123343,1,6,0,316.0
10109448NASCIMENTOT_2025-01-31_G24,10109448NASCIMENTOT,2025-01-31,123343,2,6,7,316.0
10109448NASCIMENTOT_2025-01-31_G25,10109448NASCIMENTOT,2025-01-31,123822,1,3,0,1334.0
10109448NASCIMENTOT_2025-01-31_G26,10109448NASCIMENTOT,2025-01-31,121651,1,16,0,51.0
10109448NASCIMENTOT_2025-01-31_G27,10109448NASCIMENTOT,2025-01-31,120339,1,6,0,334.0
10109448NASCIMENTOT_2025-01-31_G28,10109448NASCIMENTOT,2025-01-31,123313,1,4,0,170.0
10109448NASCIMENTOT_2025-01-31_G29,10109448NASCIMENTOT,2025-01-31,120008,1,2,0,116.0
10109448NASCIMENTOT_2025-01-31_G31,10109448NASCIMENTOT,2025-01-31,"122983, 124486",2,42,27,498.0
10109448NASCIMENTOT_2025-01-31_G32,10109448NASCIMENTOT,2025-01-31,123822,1,2,0,200.0
10109448NASCIMENTOT_2025-01-31_G33,10109448NASCIMENTOT,2025-01-31,123153,1,100,0,2162.0
10109448NASCIMENTOT_2025-01-31_G34,10109448NASCIMENTOT,2025-01-31,123889,1,11,0,205.0
10109448NASCIMENTOT_2025-01-31_G35,10109448NASCIMENTOT,2025-01-31,124264,1,2,0,35.0
10109448NASCIMENTOT_2025-01-31_G36,10109448NASCIMENTOT,2025-01-31,123345,1,50,0,597.0
10109448NASCIMENTOT_2025-01-31_G37,10109448NASCIMENTOT,2025-01-31,122962,1,20,0,85.0
10109448NASCIMENTOT_2025-01-31_G38,10109448NASCIMENTOT,2025-01-31,123343,1,50,0,1806.0
10109448NASCIMENTOT_2025-02-05_G03,10109448NASCIMENTOT,2025-02-05,123345,1,100,0,2887.0
10109448NASCIMENTOT_2025-02-05_G04,10109448NASCIMENTOT,2025-02-05,122962,1,32,0,2513.0
10109448NASCIMENTOT_2025-02-05_G05,10109448NASCIMENTOT,2025-02-05,122671,1,10,0,570.0
10109448NASCIMENTOT_2025-02-05_G07,10109448NASCIMENTOT,2025-02-05,122962,1,40,0,355.0
10109448NASCIMENTOT_2025-02-05_G08,10109448NASCIMENTOT,2025-02-05,122703,1,8,0,991.0
10109448NASCIMENTOT_2025-02-05_G09,10109448NASCIMENTOT,2025-02-05,122962,1,150,0,2943.0
10109448NASCIMENTOT_2025-02-05_G10,10109448NASCIMENTOT,2025-02-05,120287,1,64,0,759.0
10109448NASCIMENTOT_2025-02-07_G02,10109448NASCIMENTOT,2025-02-07,121760,1,24,0,1093.0
10109448NASCIMENTOT_2025-02-07_G03,10109448NASCIMENTOT,2025-02-07,122981,1,4,0,710.0
10109448NASCIMENTOT_2025-02-07_G04,10109448NASCIMENTOT,2025-02-07,122671,1,12,0,220.0
10109448NASCIMENTOT_2025-02-07_G05,10109448NASCIMENTOT,2025-02-07,123909,1,10,0,219.0
10109448NASCIMENTOT_2025-02-07_G06,10109448NASCIMENTOT,2025-02-07,122671,1,12,0,519.0
10109448NASCIMENTOT_2025-02-07_G07,10109448NASCIMENTOT,2025-02-07,122962,1,4,0,220.0
10109448NASCIMENTOT_2025-02-07_G08,10109448NASCIMENTOT,2025-02-07,124486,1,6,0,1208.0
10109448NASCIMENTOT_2025-02-07_G09,10109448NASCIMENTOT,2025-02-07,123343,1,4,0,494.0
10109448NASCIMENTOT_2025-02-07_G10,10109448NASCIMENTOT,2025-02-07,120008,1,31,0,1190.0
10109448NASCIMENTOT_2025-02-07_G11,10109448NASCIMENTOT,2025-02-07,124248,1,60,0,1607.0
10109448NASCIMENTOT_2025-02-07_G13,10109448NASCIMENTOT,2025-02-07,"123153, 123909, 124370, 122983, 122647, 124247, 120339",7,251,39,201.0
10109448NASCIMENTOT_2025-02-07_G14,10109448NASCIMENTOT,2025-02-07,121760,1,4,0,182.0
10109448NASCIMENTOT_2025-02-10_G02,10109448NASCIMENTOT,2025-02-10,124486,1,30,0,815.0
10109448NASCIMENTOT_2025-02-10_G03,10109448NASCIMENTOT,2025-02-10,123909,1,40,0,975.0
10109448NASCIMENTOT_2025-02-10_G04,10109448NASCIMENTOT,2025-02-10,120028,1,120,0,2525.0
10109448NASCIMENTOT_2025-02-10_G05,10109448NASCIMENTOT,2025-02-10,124247,1,30,0,1294.0
10109448NASCIMENTOT_2025-02-10_G06,10109448NASCIMENTOT,2025-02-10,120008,1,8,0,310.0
10109448NASCIMENTOT_2025-02-10_G07,10109448NASCIMENTOT,2025-02-10,120008,1,4,0,116.0
10109448NASCIMENTOT_2025-02-10_G08,10109448NASCIMENTOT,2025-02-10,120008,1,5,0,287.0
10109448NASCIMENTOT_2025-02-10_G09,10109448NASCIMENTOT,2025-02-10,123822,1,24,0,815.0
10109448NASCIMENTOT_2025-02-10_G10,10109448NASCIMENTOT,2025-02-10,122673,1,35,0,2299.0
10109448NASCIMENTOT_2025-02-10_G11,10109448NASCIMENTOT,2025-02-10,122673,1,6,0,359.0
10109448NASCIMENTOT_2025-02-10_G12,10109448NASCIMENTOT,2025-02-10,122985,1,10,0,121.0
10109448NASCIMENTOT_2025-02-10_G13,10109448NASCIMENTOT,2025-02-10,124486,1,6,0,516.0
10109448NASCIMENTOT_2025-02-10_G14,10109448NASCIMENTOT,2025-02-10,124486,1,12,0,642.0
10109448NASCIMENTOT_2025-02-10_G15,10109448NASCIMENTOT,2025-02-10,124486,1,16,0,398.0
10109448NASCIMENTOT_2025-02-10_G16,10109448NASCIMENTOT,2025-02-10,124248,1,24,0,282.0
10109448NASCIMENTOT_2025-02-10_G17,10109448NASCIMENTOT,2025-02-10,122982,1,10,0,183.0
10109448NASCIMENTOT_2025-02-10_G19,10109448NASCIMENTOT,2025-02-10,122962,1,4,0,2041.0
10109448NASCIMENTOT_2025-02-10_G20,10109448NASCIMENTOT,2025-02-10,"123344, 122671, 122984, 124248, 124370, 120028, 124247, 123907",8,42,74,47.0
10109448NASCIMENTOT_2025-02-10_G21,10109448NASCIMENTOT,2025-02-10,123345,1,2,0,311.0
10109448NASCIMENTOT_2025-02-10_G22,10109448NASCIMENTOT,2025-02-10,124486,1,10,0,422.0
10109448NASCIMENTOT_2025-02-10_G23,10109448NASCIMENTOT,2025-02-10,122983,1,20,0,478.0
10109448NASCIMENTOT_2025-02-10_G24,10109448NASCIMENTOT,2025-02-10,"124247, 123909",2,22,18,463.0
10109448NASCIMENTOT_2025-02-11_G02,10109448NASCIMENTOT,2025-02-11,122982,1,4,0,221.0
10109448NASCIMENTOT_2025-02-11_G03,10109448NASCIMENTOT,2025-02-11,123909,1,2,0,127.0
10109448NASCIMENTOT_2025-02-11_G04,10109448NASCIMENTOT,2025-02-11,123907,1,56,0,1772.0
10109448NASCIMENTOT_2025-02-11_G05,10109448NASCIMENTOT,2025-02-11,122962,1,24,0,591.0
10109448NASCIMENTOT_2025-02-11_G06,10109448NASCIMENTOT,2025-02-11,122962,1,40,0,745.0
10109448NASCIMENTOT_2025-02-11_G07,10109448NASCIMENTOT,2025-02-11,124486,1,5,0,369.0
10109448NASCIMENTOT_2025-02-11_G08,10109448NASCIMENTOT,2025-02-11,124486,1,15,0,439.0
10109448NASCIMENTOT_2025-02-11_G09,10109448NASCIMENTOT,2025-02-11,122967,1,13,0,378.0
10109448NASCIMENTOT_2025-02-11_G10,10109448NASCIMENTOT,2025-02-11,122671,1,32,0,560.0
10109448NASCIMENTOT_2025-02-11_G11,10109448NASCIMENTOT,2025-02-11,123345,1,2,0,246.0
10109448NASCIMENTOT_2025-02-11_G12,10109448NASCIMENTOT,2025-02-11,122673,1,12,0,377.0
10109448NASCIMENTOT_2025-02-11_G13,10109448NASCIMENTOT,2025-02-11,122647,1,12,0,253.0
10109448NASCIMENTOT_2025-02-11_G14,10109448NASCIMENTOT,2025-02-11,122962,1,4,0,132.0
10109448NASCIMENTOT_2025-02-11_G16,10109448NASCIMENTOT,2025-02-11,124486,1,15,0,549.0
10109448NASCIMENTOT_2025-02-11_G17,10109448NASCIMENTOT,2025-02-11,124247,1,6,0,261.0
10109448NASCIMENTOT_2025-02-11_G18,10109448NASCIMENTOT,2025-02-11,122673,1,10,0,273.0
10109448NASCIMENTOT_2025-02-11_G19,10109448NASCIMENTOT,2025-02-11,123343,1,2,0,104.0
10109448NASCIMENTOT_2025-02-12_G02,10109448NASCIMENTOT,2025-02-12,124371,1,90,0,3574.0
10109448NASCIMENTOT_2025-02-12_G03,10109448NASCIMENTOT,2025-02-12,120389,1,40,0,1087.0
10109448NASCIMENTOT_2025-02-12_G04,10109448NASCIMENTOT,2025-02-12,121760,1,22,0,917.0
10109448NASCIMENTOT_2025-02-12_G05,10109448NASCIMENTOT,2025-02-12,124371,1,20,0,483.0
10109448NASCIMENTOT_2025-02-12_G06,10109448NASCIMENTOT,2025-02-12,120389,1,40,0,1470.0
10109448NASCIMENTOT_2025-02-12_G07,10109448NASCIMENTOT,2025-02-12,124370,1,80,0,1660.0
10109448NASCIMENTOT_2025-02-12_G08,10109448NASCIMENTOT,2025-02-12,123909,1,70,0,1552.0
10109448NASCIMENTOT_2025-02-12_G10,10109448NASCIMENTOT,2025-02-12,123153,1,20,0,1147.0
10109448NASCIMENTOT_2025-02-12_G11,10109448NASCIMENTOT,2025-02-12,122962,1,40,0,834.0
10109448NASCIMENTOT_2025-02-12_G12,10109448NASCIMENTOT,2025-02-12,124486,1,30,0,1304.0
10109448NASCIMENTOT_2025-02-12_G13,10109448NASCIMENTOT,2025-02-12,122962,1,60,0,1612.0
10109448NASCIMENTOT_2025-02-12_G14,10109448NASCIMENTOT,2025-02-12,123345,1,8,0,572.0
10109448NASCIMENTOT_2025-02-12_G15,10109448NASCIMENTOT,2025-02-12,122984,1,8,0,323.0
10109448NASCIMENTOT_2025-02-12_G16,10109448NASCIMENTOT,2025-02-12,120008,1,2,0,69.0
10109448NASCIMENTOT_2025-02-12_G17,10109448NASCIMENTOT,2025-02-12,120028,1,40,0,789.0
10109448NASCIMENTOT_2025-02-12_G18,10109448NASCIMENTOT,2025-02-12,124486,1,11,0,237.0
10109448NASCIMENTOT_2025-02-12_G19,10109448NASCIMENTOT,2025-02-12,122962,2,20,9,49.0
10109448NASCIMENTOT_2025-02-12_G20,10109448NASCIMENTOT,2025-02-12,124247,1,50,0,1205.0
10109448NASCIMENTOT_2025-02-13_G02,10109448NASCIMENTOT,2025-02-13,123345,1,4,0,195.0
10109448NASCIMENTOT_2025-02-13_G03,10109448NASCIMENTOT,2025-02-13,122984,1,80,0,2787.0
10109448NASCIMENTOT_2025-02-13_G04,10109448NASCIMENTOT,2025-02-13,124248,1,20,0,273.0
10109448NASCIMENTOT_2025-02-13_G05,10109448NASCIMENTOT,2025-02-13,123911,1,20,0,456.0
10109448NASCIMENTOT_2025-02-13_G06,10109448NASCIMENTOT,2025-02-13,122984,1,16,0,397.0
10109448NASCIMENTOT_2025-02-13_G07,10109448NASCIMENTOT,2025-02-13,122185,1,107,0,1538.0
10109448NASCIMENTOT_2025-02-13_G08,10109448NASCIMENTOT,2025-02-13,122983,1,16,0,238.0
10109448NASCIMENTOT_2025-02-13_G09,10109448NASCIMENTOT,2025-02-13,122984,1,60,0,2540.0
10109448NASCIMENTOT_2025-02-13_G10,10109448NASCIMENTOT,2025-02-13,122984,1,80,0,1500.0
10109448NASCIMENTOT_2025-02-13_G11,10109448NASCIMENTOT,2025-02-13,121760,1,20,0,699.0
10109448NASCIMENTOT_2025-02-13_G12,10109448NASCIMENTOT,2025-02-13,122982,1,12,0,478.0
10109448NASCIMENTOT_2025-02-13_G13,10109448NASCIMENTOT,2025-02-13,123907,1,40,0,807.0
10109448NASCIMENTOT_2025-02-13_G14,10109448NASCIMENTOT,2025-02-13,122968,1,3,0,112.0
10109448NASCIMENTOT_2025-02-13_G16,10109448NASCIMENTOT,2025-02-13,122673,1,40,0,1092.0
10109448NASCIMENTOT_2025-02-13_G17,10109448NASCIMENTOT,2025-02-13,124486,1,20,0,346.0
10109448NASCIMENTOT_2025-02-13_G18,10109448NASCIMENTOT,2025-02-13,122962,1,20,0,278.0
10109448NASCIMENTOT_2025-02-13_G19,10109448NASCIMENTOT,2025-02-13,123822,1,30,0,706.0
10109448NASCIMENTOT_2025-02-14_G02,10109448NASCIMENTOT,2025-02-14,180169,1,1,0,368.0
10109448NASCIMENTOT_2025-02-14_G03,10109448NASCIMENTOT,2025-02-14,180169,1,1,0,33.0
10109448NASCIMENTOT_2025-02-14_G04,10109448NASCIMENTOT,2025-02-14,180169,2,2,11,99.0
10109448NASCIMENTOT_2025-02-14_G06,10109448NASCIMENTOT,2025-02-14,"121760, 123153, 122673, 123907",6,338,38,32.0
10109448NASCIMENTOT_2025-02-14_G07,10109448NASCIMENTOT,2025-02-14,123345,1,42,0,755.0
10109448NASCIMENTOT_2025-02-14_G08,10109448NASCIMENTOT,2025-02-14,122983,1,4,0,1272.0
10109448NASCIMENTOT_2025-02-14_G09,10109448NASCIMENTOT,2025-02-14,122185,1,71,0,2439.0
10109448NASCIMENTOT_2025-02-14_G10,10109448NASCIMENTOT,2025-02-14,120389,1,6,0,291.0
10109448NASCIMENTOT_2025-02-14_G11,10109448NASCIMENTOT,2025-02-14,120339,1,14,0,1187.0
10109448NASCIMENTOT_2025-02-14_G12,10109448NASCIMENTOT,2025-02-14,122673,1,10,0,157.0
10109448NASCIMENTOT_2025-02-14_G13,10109448NASCIMENTOT,2025-02-14,122673,1,10,0,280.0
10109448NASCIMENTOT_2025-02-14_G14,10109448NASCIMENTOT,2025-02-14,123911,1,20,0,769.0
10109448NASCIMENTOT_2025-02-14_G15,10109448NASCIMENTOT,2025-02-14,123911,1,20,0,322.0
10109448NASCIMENTOT_2025-02-14_G16,10109448NASCIMENTOT,2025-02-14,124371,1,10,0,644.0
10109448NASCIMENTOT_2025-02-15_G02,10109448NASCIMENTOT,2025-02-15,120028,1,10,0,271.0
10109448NASCIMENTOT_2025-02-15_G03,10109448NASCIMENTOT,2025-02-15,123907,1,11,0,236.0
10109448NASCIMENTOT_2025-02-15_G05,10109448NASCIMENTOT,2025-02-15,122984,1,40,0,478.0
10109448NASCIMENTOT_2025-02-15_G06,10109448NASCIMENTOT,2025-02-15,122984,1,56,0,1594.0
10109448NASCIMENTOT_2025-02-15_G07,10109448NASCIMENTOT,2025-02-15,123344,1,40,0,1236.0
10109448NASCIMENTOT_2025-02-15_G08,10109448NASCIMENTOT,2025-02-15,124371,1,14,0,367.0
10109448NASCIMENTOT_2025-02-15_G09,10109448NASCIMENTOT,2025-02-15,122703,1,4,0,145.0
10109448NASCIMENTOT_2025-02-15_G10,10109448NASCIMENTOT,2025-02-15,121760,1,20,0,832.0
10109448NASCIMENTOT_2025-02-15_G11,10109448NASCIMENTOT,2025-02-15,121923,1,4,0,189.0
10109448NASCIMENTOT_2025-02-15_G12,10109448NASCIMENTOT,2025-02-15,123909,1,5,0,161.0
10109448NASCIMENTOT_2025-02-15_G13,10109448NASCIMENTOT,2025-02-15,123521,1,4,0,75.0
10109448NASCIMENTOT_2025-02-15_G14,10109448NASCIMENTOT,2025-02-15,123909,1,5,0,357.0
10109448NASCIMENTOT_2025-02-15_G15,10109448NASCIMENTOT,2025-02-15,123345,1,40,0,954.0
10109448NASCIMENTOT_2025-02-15_G16,10109448NASCIMENTOT,2025-02-15,120389,1,6,0,372.0
10109448NASCIMENTOT_2025-02-15_G17,10109448NASCIMENTOT,2025-02-15,122703,1,6,0,135.0
10109448NASCIMENTOT_2025-02-15_G18,10109448NASCIMENTOT,2025-02-15,124370,1,12,0,372.0
10109448NASCIMENTOT_2025-02-15_G19,10109448NASCIMENTOT,2025-02-15,123345,1,4,0,322.0
10109448NASCIMENTOT_2025-02-17_G02,10109448NASCIMENTOT,2025-02-17,122984,1,8,0,265.0
10109448NASCIMENTOT_2025-02-17_G03,10109448NASCIMENTOT,2025-02-17,122703,1,4,0,269.0
10109448NASCIMENTOT_2025-02-17_G04,10109448NASCIMENTOT,2025-02-17,123521,1,8,0,277.0
10109448NASCIMENTOT_2025-02-17_G05,10109448NASCIMENTOT,2025-02-17,124370,1,12,0,892.0
10109448NASCIMENTOT_2025-02-17_G06,10109448NASCIMENTOT,2025-02-17,122962,1,4,0,282.0
10109448NASCIMENTOT_2025-02-17_G07,10109448NASCIMENTOT,2025-02-17,122983,1,8,0,343.0
10109448NASCIMENTOT_2025-02-17_G08,10109448NASCIMENTOT,2025-02-17,124247,1,8,0,81.0
10109448NASCIMENTOT_2025-02-17_G09,10109448NASCIMENTOT,2025-02-17,122984,1,16,0,339.0
10109448NASCIMENTOT_2025-02-17_G10,10109448NASCIMENTOT,2025-02-17,123153,1,14,0,360.0
10109448NASCIMENTOT_2025-02-17_G11,10109448NASCIMENTOT,2025-02-17,123907,1,12,0,294.0
10109448NASCIMENTOT_2025-02-17_G12,10109448NASCIMENTOT,2025-02-17,122962,1,12,0,445.0
10109448NASCIMENTOT_2025-02-17_G13,10109448NASCIMENTOT,2025-02-17,122985,1,4,0,241.0
10109448NASCIMENTOT_2025-02-17_G14,10109448NASCIMENTOT,2025-02-17,123344,1,14,0,402.0
10109448NASCIMENTOT_2025-02-17_G15,10109448NASCIMENTOT,2025-02-17,121760,1,12,0,436.0
10109448NASCIMENTOT_2025-02-17_G16,10109448NASCIMENTOT,2025-02-17,124247,1,4,0,217.0
10109448NASCIMENTOT_2025-02-17_G17,10109448NASCIMENTOT,2025-02-17,122984,1,12,0,291.0
10109448NASCIMENTOT_2025-02-17_G18,10109448NASCIMENTOT,2025-02-17,122703,1,5,0,147.0
10109448NASCIMENTOT_2025-02-17_G19,10109448NASCIMENTOT,2025-02-17,122962,1,20,0,363.0
10109448NASCIMENTOT_2025-02-17_G20,10109448NASCIMENTOT,2025-02-17,123344,1,20,0,3297.0
10109448NASCIMENTOT_2025-02-17_G21,10109448NASCIMENTOT,2025-02-17,120389,1,4,0,121.0
10109448NASCIMENTOT_2025-02-17_G22,10109448NASCIMENTOT,2025-02-17,121760,1,50,0,3572.0
10109448NASCIMENTOT_2025-02-17_G23,10109448NASCIMENTOT,2025-02-17,123909,1,10,0,1001.0
10109448NASCIMENTOT_2025-02-17_G24,10109448NASCIMENTOT,2025-02-17,122983,1,2,0,633.0
10109448NASCIMENTOT_2025-02-17_G26,10109448NASCIMENTOT,2025-02-17,124370,1,16,0,618.0
10109448NASCIMENTOT_2025-02-17_G27,10109448NASCIMENTOT,2025-02-17,122962,1,10,0,224.0
10109448NASCIMENTOT_2025-02-17_G28,10109448NASCIMENTOT,2025-02-17,122985,1,10,0,195.0
10109448NASCIMENTOT_2025-02-17_G29,10109448NASCIMENTOT,2025-02-17,123345,1,20,0,730.0
10109448NASCIMENTOT_2025-02-17_G30,10109448NASCIMENTOT,2025-02-17,124486,1,10,0,389.0
10109448NASCIMENTOT_2025-02-17_G31,10109448NASCIMENTOT,2025-02-17,181235,1,2,0,602.0
10109448NASCIMENTOT_2025-02-17_G32,10109448NASCIMENTOT,2025-02-17,124486,1,20,0,476.0
10109448NASCIMENTOT_2025-02-17_G33,10109448NASCIMENTOT,2025-02-17,124247,1,2,0,286.0
10109448NASCIMENTOT_2025-02-17_G34,10109448NASCIMENTOT,2025-02-17,122985,1,2,0,139.0
10109448NASCIMENTOT_2025-02-17_G35,10109448NASCIMENTOT,2025-02-17,121923,1,12,0,452.0
10109448NASCIMENTOT_2025-02-17_G36,10109448NASCIMENTOT,2025-02-17,180169,1,1,0,638.0
10109448NASCIMENTOT_2025-02-17_G37,10109448NASCIMENTOT,2025-02-17,123345,1,12,0,649.0
10109448NASCIMENTOT_2025-02-17_G38,10109448NASCIMENTOT,2025-02-17,123153,1,10,0,176.0
10109448NASCIMENTOT_2025-02-17_G39,10109448NASCIMENTOT,2025-02-17,123345,1,10,0,319.0
10109448NASCIMENTOT_2025-02-18_G02,10109448NASCIMENTOT,2025-02-18,123911,1,2,0,187.0
10109448NASCIMENTOT_2025-02-18_G03,10109448NASCIMENTOT,2025-02-18,122185,1,5,0,76.0
10109448NASCIMENTOT_2025-02-18_G04,10109448NASCIMENTOT,2025-02-18,122671,1,6,0,48.0
10109448NASCIMENTOT_2025-02-18_G05,10109448NASCIMENTOT,2025-02-18,123911,1,4,0,73.0
10109448NASCIMENTOT_2025-02-18_G06,10109448NASCIMENTOT,2025-02-18,124247,1,8,0,152.0
10109448NASCIMENTOT_2025-02-18_G07,10109448NASCIMENTOT,2025-02-18,122984,1,12,0,495.0
10109448NASCIMENTOT_2025-02-18_G08,10109448NASCIMENTOT,2025-02-18,124248,1,8,0,213.0
10109448NASCIMENTOT_2025-02-18_G09,10109448NASCIMENTOT,2025-02-18,122983,1,4,0,242.0
10109448NASCIMENTOT_2025-02-18_G10,10109448NASCIMENTOT,2025-02-18,123911,1,10,0,194.0
10109448NASCIMENTOT_2025-02-18_G11,10109448NASCIMENTOT,2025-02-18,124371,1,16,0,600.0
10109448NASCIMENTOT_2025-02-18_G12,10109448NASCIMENTOT,2025-02-18,121651,1,10,0,858.0
10109448NASCIMENTOT_2025-02-18_G13,10109448NASCIMENTOT,2025-02-18,122962,1,4,0,842.0
10109448NASCIMENTOT_2025-02-18_G14,10109448NASCIMENTOT,2025-02-18,124247,1,10,0,217.0
10109448NASCIMENTOT_2025-02-18_G15,10109448NASCIMENTOT,2025-02-18,124486,1,4,0,161.0
10109448NASCIMENTOT_2025-02-18_G16,10109448NASCIMENTOT,2025-02-18,122988,1,4,0,219.0
10109448NASCIMENTOT_2025-02-18_G17,10109448NASCIMENTOT,2025-02-18,124247,1,8,0,528.0
10109448NASCIMENTOT_2025-02-18_G18,10109448NASCIMENTOT,2025-02-18,122984,1,40,0,1281.0
10109448NASCIMENTOT_2025-02-18_G19,10109448NASCIMENTOT,2025-02-18,124248,1,15,0,378.0
10109448NASCIMENTOT_2025-02-18_G20,10109448NASCIMENTOT,2025-02-18,122671,1,4,0,181.0
10109448NASCIMENTOT_2025-02-18_G21,10109448NASCIMENTOT,2025-02-18,121651,1,2,0,337.0
10109448NASCIMENTOT_2025-02-18_G22,10109448NASCIMENTOT,2025-02-18,122671,1,2,0,179.0
10109448NASCIMENTOT_2025-02-18_G23,10109448NASCIMENTOT,2025-02-18,122986,1,3,0,90.0
10109448NASCIMENTOT_2025-02-18_G24,10109448NASCIMENTOT,2025-02-18,124370,1,42,0,1729.0
10109448NASCIMENTOT_2025-02-19_G02,10109448NASCIMENTOT,2025-02-19,121760,1,9,0,331.0
10109448NASCIMENTOT_2025-02-19_G03,10109448NASCIMENTOT,2025-02-19,122982,1,8,0,205.0
10109448NASCIMENTOT_2025-02-19_G04,10109448NASCIMENTOT,2025-02-19,124370,1,12,0,283.0
10109448NASCIMENTOT_2025-02-19_G05,10109448NASCIMENTOT,2025-02-19,120028,1,4,0,379.0
10109448NASCIMENTOT_2025-02-19_G06,10109448NASCIMENTOT,2025-02-19,123345,1,10,0,947.0
10109448NASCIMENTOT_2025-02-19_G07,10109448NASCIMENTOT,2025-02-19,122962,1,33,0,1130.0
10109448NASCIMENTOT_2025-02-19_G08,10109448NASCIMENTOT,2025-02-19,124486,1,120,0,2390.0
10109448NASCIMENTOT_2025-02-19_G09,10109448NASCIMENTOT,2025-02-19,124486,1,60,0,2199.0
10109448NASCIMENTOT_2025-02-19_G10,10109448NASCIMENTOT,2025-02-19,120339,1,17,0,557.0
10109448NASCIMENTOT_2025-02-19_G12,10109448NASCIMENTOT,2025-02-19,122647,1,180,0,436.0
10109448NASCIMENTOT_2025-02-20_G02,10109448NASCIMENTOT,2025-02-20,124247,1,2,0,169.0
10109448NASCIMENTOT_2025-02-20_G03,10109448NASCIMENTOT,2025-02-20,122984,1,4,0,260.0
10109448NASCIMENTOT_2025-02-20_G04,10109448NASCIMENTOT,2025-02-20,124370,1,1,0,209.0
10109448NASCIMENTOT_2025-02-20_G05,10109448NASCIMENTOT,2025-02-20,120389,1,3,0,373.0
10109448NASCIMENTOT_2025-02-20_G07,10109448NASCIMENTOT,2025-02-20,121760,1,2,0,194.0
10109448NASCIMENTOT_2025-02-20_G08,10109448NASCIMENTOT,2025-02-20,121760,1,1,0,672.0
10109448NASCIMENTOT_2025-02-20_G09,10109448NASCIMENTOT,2025-02-20,123909,1,2,0,194.0
10109448NASCIMENTOT_2025-02-20_G10,10109448NASCIMENTOT,2025-02-20,124370,1,2,0,104.0
10109448NASCIMENTOT_2025-02-20_G11,10109448NASCIMENTOT,2025-02-20,123153,1,20,0,610.0
10109448NASCIMENTOT_2025-02-20_G12,10109448NASCIMENTOT,2025-02-20,123345,1,6,0,321.0
10109448NASCIMENTOT_2025-02-20_G15,10109448NASCIMENTOT,2025-02-20,122988,1,16,0,475.0
10109448NASCIMENTOT_2025-02-20_G16,10109448NASCIMENTOT,2025-02-20,121651,1,4,0,376.0
10109448NASCIMENTOT_2025-02-20_G17,10109448NASCIMENTOT,2025-02-20,121651,1,10,0,985.0
10109448NASCIMENTOT_2025-02-20_G18,10109448NASCIMENTOT,2025-02-20,121651,1,6,0,41.0
10109448NASCIMENTOT_2025-02-20_G19,10109448NASCIMENTOT,2025-02-20,121651,1,8,0,141.0
10109448NASCIMENTOT_2025-02-20_G20,10109448NASCIMENTOT,2025-02-20,120008,1,15,0,598.0
10109448NASCIMENTOT_2025-02-20_G21,10109448NASCIMENTOT,2025-02-20,122673,1,2,0,192.0
10109448NASCIMENTOT_2025-02-20_G22,10109448NASCIMENTOT,2025-02-20,"123947, 124247, 123153, 123889",12,69,78,1890.0
10109448NASCIMENTOT_2025-02-21_G02,10109448NASCIMENTOT,2025-02-21,124371,1,1,0,124.0
10109448NASCIMENTOT_2025-02-21_G03,10109448NASCIMENTOT,2025-02-21,122185,1,16,0,329.0
10109448NASCIMENTOT_2025-02-21_G04,10109448NASCIMENTOT,2025-02-21,123080,1,4,0,91.0
10109448NASCIMENTOT_2025-02-21_G05,10109448NASCIMENTOT,2025-02-21,121760,1,14,0,287.0
10109448NASCIMENTOT_2025-02-21_G06,10109448NASCIMENTOT,2025-02-21,124486,1,20,0,323.0
10109448NASCIMENTOT_2025-02-21_G07,10109448NASCIMENTOT,2025-02-21,122962,1,20,0,635.0
10109448NASCIMENTOT_2025-02-21_G08,10109448NASCIMENTOT,2025-02-21,120339,1,4,0,107.0
10109448NASCIMENTOT_2025-02-21_G09,10109448NASCIMENTOT,2025-02-21,120339,1,2,0,79.0
10109448NASCIMENTOT_2025-02-21_G10,10109448NASCIMENTOT,2025-02-21,124370,1,30,0,685.0
10109448NASCIMENTOT_2025-02-21_G11,10109448NASCIMENTOT,2025-02-21,122982,1,4,0,203.0
10109448NASCIMENTOT_2025-02-21_G12,10109448NASCIMENTOT,2025-02-21,123080,1,4,0,276.0
10109448NASCIMENTOT_2025-02-21_G13,10109448NASCIMENTOT,2025-02-21,123345,1,12,0,482.0
10109448NASCIMENTOT_2025-02-21_G14,10109448NASCIMENTOT,2025-02-21,123343,1,11,0,124.0
10109448NASCIMENTOT_2025-02-21_G15,10109448NASCIMENTOT,2025-02-21,120028,1,150,0,2878.0
10109448NASCIMENTOT_2025-02-21_G16,10109448NASCIMENTOT,2025-02-21,122962,1,150,0,2235.0
10109448NASCIMENTOT_2025-02-22_G02,10109448NASCIMENTOT,2025-02-22,122962,1,12,0,447.0
10109448NASCIMENTOT_2025-02-22_G03,10109448NASCIMENTOT,2025-02-22,120028,1,14,0,361.0
10109448NASCIMENTOT_2025-02-22_G04,10109448NASCIMENTOT,2025-02-22,120028,1,20,0,482.0
10109448NASCIMENTOT_2025-02-22_G05,10109448NASCIMENTOT,2025-02-22,122985,1,20,0,997.0
10109448NASCIMENTOT_2025-02-22_G06,10109448NASCIMENTOT,2025-02-22,122984,1,5,0,79.0
10109448NASCIMENTOT_2025-02-22_G07,10109448NASCIMENTOT,2025-02-22,121760,1,14,0,940.0
10109448NASCIMENTOT_2025-02-22_G08,10109448NASCIMENTOT,2025-02-22,122984,1,4,0,108.0
10109448NASCIMENTOT_2025-02-22_G09,10109448NASCIMENTOT,2025-02-22,124486,1,9,0,83.0
10109448NASCIMENTOT_2025-02-22_G10,10109448NASCIMENTOT,2025-02-22,120339,1,2,0,242.0
10109448NASCIMENTOT_2025-02-22_G11,10109448NASCIMENTOT,2025-02-22,122983,1,10,0,615.0
10109448NASCIMENTOT_2025-02-22_G12,10109448NASCIMENTOT,2025-02-22,122962,1,10,0,1276.0
10109448NASCIMENTOT_2025-02-22_G13,10109448NASCIMENTOT,2025-02-22,122647,1,24,0,715.0
10109448NASCIMENTOT_2025-02-22_G14,10109448NASCIMENTOT,2025-02-22,123345,1,2,0,134.0
10109448NASCIMENTOT_2025-02-22_G15,10109448NASCIMENTOT,2025-02-22,124370,1,12,0,528.0
10109448NASCIMENTOT_2025-02-22_G16,10109448NASCIMENTOT,2025-02-22,122962,1,4,0,218.0
10109448NASCIMENTOT_2025-02-22_G17,10109448NASCIMENTOT,2025-02-22,122985,1,14,0,454.0
10109448NASCIMENTOT_2025-02-22_G18,10109448NASCIMENTOT,2025-02-22,"123889, 180420",2,22,26,471.0
10109448NASCIMENTOT_2025-02-22_G19,10109448NASCIMENTOT,2025-02-22,121928,1,4,0,153.0
10109448NASCIMENTOT_2025-02-22_G20,10109448NASCIMENTOT,2025-02-22,121923,1,4,0,54.0
10109448NASCIMENTOT_2025-02-22_G21,10109448NASCIMENTOT,2025-02-22,122705,1,4,0,127.0
10109448NASCIMENTOT_2025-02-22_G22,10109448NASCIMENTOT,2025-02-22,123345,1,4,0,139.0
10109448NASCIMENTOT_2025-02-22_G23,10109448NASCIMENTOT,2025-02-22,122673,1,30,0,457.0
10109448NASCIMENTOT_2025-02-22_G24,10109448NASCIMENTOT,2025-02-22,124486,1,5,0,61.0
10109448NASCIMENTOT_2025-02-22_G25,10109448NASCIMENTOT,2025-02-22,122962,1,8,0,364.0
10109448NASCIMENTOT_2025-02-24_G02,10109448NASCIMENTOT,2025-02-24,120028,1,4,0,199.0
10109448NASCIMENTOT_2025-02-24_G03,10109448NASCIMENTOT,2025-02-24,122647,1,12,0,378.0
10109448NASCIMENTOT_2025-02-24_G04,10109448NASCIMENTOT,2025-02-24,120272,1,2,0,258.0
10109448NASCIMENTOT_2025-02-24_G05,10109448NASCIMENTOT,2025-02-24,120028,1,4,0,193.0
10109448NASCIMENTOT_2025-02-24_G06,10109448NASCIMENTOT,2025-02-24,123345,1,2,0,157.0
10109448NASCIMENTOT_2025-02-24_G07,10109448NASCIMENTOT,2025-02-24,123822,1,20,0,420.0
10109448NASCIMENTOT_2025-02-24_G08,10109448NASCIMENTOT,2025-02-24,120028,1,30,0,804.0
10109448NASCIMENTOT_2025-02-24_G09,10109448NASCIMENTOT,2025-02-24,120028,1,12,0,236.0
10109448NASCIMENTOT_2025-02-24_G10,10109448NASCIMENTOT,2025-02-24,123345,1,40,0,1736.0
10109448NASCIMENTOT_2025-02-24_G12,10109448NASCIMENTOT,2025-02-24,120339,1,4,0,849.0
10109448NASCIMENTOT_2025-02-24_G13,10109448NASCIMENTOT,2025-02-24,124486,1,2,0,240.0
10109448NASCIMENTOT_2025-02-24_G14,10109448NASCIMENTOT,2025-02-24,122962,1,8,0,471.0
10109448NASCIMENTOT_2025-02-24_G16,10109448NASCIMENTOT,2025-02-24,124486,1,20,0,970.0
10109448NASCIMENTOT_2025-02-24_G17,10109448NASCIMENTOT,2025-02-24,123153,1,80,0,1796.0
10109448NASCIMENTOT_2025-02-24_G18,10109448NASCIMENTOT,2025-02-24,"124264, 123947",2,6,17,555.0
10109448NASCIMENTOT_2025-02-24_G19,10109448NASCIMENTOT,2025-02-24,123907,1,11,0,881.0
10109448NASCIMENTOT_2025-02-24_G20,10109448NASCIMENTOT,2025-02-24,120389,1,26,0,1100.0
10109448NASCIMENTOT_2025-02-24_G21,10109448NASCIMENTOT,2025-02-24,122984,1,8,0,201.0
10109448NASCIMENTOT_2025-02-24_G22,10109448NASCIMENTOT,2025-02-24,123909,1,4,0,292.0
10109448NASCIMENTOT_2025-02-24_G23,10109448NASCIMENTOT,2025-02-24,122671,1,4,0,384.0
10109448NASCIMENTOT_2025-02-24_G24,10109448NASCIMENTOT,2025-02-24,123907,1,12,0,202.0
10109448NASCIMENTOT_2025-02-25_G02,10109448NASCIMENTOT,2025-02-25,122647,1,42,0,1447.0
10109448NASCIMENTOT_2025-02-25_G03,10109448NASCIMENTOT,2025-02-25,124370,1,8,0,332.0
10109448NASCIMENTOT_2025-02-25_G04,10109448NASCIMENTOT,2025-02-25,121760,1,4,0,292.0
10109448NASCIMENTOT_2025-02-25_G05,10109448NASCIMENTOT,2025-02-25,123344,1,8,0,1424.0
10109448NASCIMENTOT_2025-02-25_G06,10109448NASCIMENTOT,2025-02-25,123345,1,10,0,1512.0
10109448NASCIMENTOT_2025-02-25_G07,10109448NASCIMENTOT,2025-02-25,121651,1,2,0,236.0
10109448NASCIMENTOT_2025-02-25_G08,10109448NASCIMENTOT,2025-02-25,122703,1,10,0,214.0
10109448NASCIMENTOT_2025-02-25_G09,10109448NASCIMENTOT,2025-02-25,124486,1,2,0,332.0
10109448NASCIMENTOT_2025-02-25_G10,10109448NASCIMENTOT,2025-02-25,124486,1,40,0,909.0
10109448NASCIMENTOT_2025-02-25_G11,10109448NASCIMENTOT,2025-02-25,122962,1,12,0,324.0
10109448NASCIMENTOT_2025-02-25_G12,10109448NASCIMENTOT,2025-02-25,121651,1,2,0,264.0
10109448NASCIMENTOT_2025-02-25_G13,10109448NASCIMENTOT,2025-02-25,122984,1,2,0,187.0
10109448NASCIMENTOT_2025-02-25_G14,10109448NASCIMENTOT,2025-02-25,122673,1,2,0,85.0
10109448NASCIMENTOT_2025-02-25_G15,10109448NASCIMENTOT,2025-02-25,124486,1,2,0,206.0
10109448NASCIMENTOT_2025-02-25_G16,10109448NASCIMENTOT,2025-02-25,124371,1,8,0,426.0
10109448NASCIMENTOT_2025-02-25_G17,10109448NASCIMENTOT,2025-02-25,124370,1,16,0,352.0
10109448NASCIMENTOT_2025-02-25_G18,10109448NASCIMENTOT,2025-02-25,122984,1,6,0,281.0
10109448NASCIMENTOT_2025-02-25_G19,10109448NASCIMENTOT,2025-02-25,121760,1,4,0,81.0
10109448NASCIMENTOT_2025-02-25_G20,10109448NASCIMENTOT,2025-02-25,121651,1,4,0,160.0
10109448NASCIMENTOT_2025-02-25_G21,10109448NASCIMENTOT,2025-02-25,123344,1,12,0,301.0
10109448NASCIMENTOT_2025-02-25_G22,10109448NASCIMENTOT,2025-02-25,122703,1,16,0,312.0
10109448NASCIMENTOT_2025-02-25_G23,10109448NASCIMENTOT,2025-02-25,124486,1,30,0,495.0
10109448NASCIMENTOT_2025-02-25_G24,10109448NASCIMENTOT,2025-02-25,123909,1,11,0,177.0
10109448NASCIMENTOT_2025-02-25_G25,10109448NASCIMENTOT,2025-02-25,121760,1,30,0,267.0
10109448NASCIMENTOT_2025-02-25_G26,10109448NASCIMENTOT,2025-02-25,122982,1,2,0,264.0
10109448NASCIMENTOT_2025-02-25_G27,10109448NASCIMENTOT,2025-02-25,124248,1,4,0,140.0
10109448NASCIMENTOT_2025-02-25_G28,10109448NASCIMENTOT,2025-02-25,121651,1,2,0,195.0
10109448NASCIMENTOT_2025-02-25_G29,10109448NASCIMENTOT,2025-02-25,122962,1,2,0,483.0
10109448NASCIMENTOT_2025-02-25_G30,10109448NASCIMENTOT,2025-02-25,122703,1,2,0,66.0
10109448NASCIMENTOT_2025-02-25_G31,10109448NASCIMENTOT,2025-02-25,124248,1,6,0,36.0
10109448NASCIMENTOT_2025-02-25_G32,10109448NASCIMENTOT,2025-02-25,123344,1,8,0,188.0
10109448NASCIMENTOT_2025-02-25_G33,10109448NASCIMENTOT,2025-02-25,123344,1,4,0,86.0
10109448NASCIMENTOT_2025-02-25_G34,10109448NASCIMENTOT,2025-02-25,124594,1,4,0,202.0
10109448NASCIMENTOT_2025-02-25_G35,10109448NASCIMENTOT,2025-02-25,122962,1,6,0,98.0
10109448NASCIMENTOT_2025-02-25_G36,10109448NASCIMENTOT,2025-02-25,123345,1,2,0,210.0
10109448NASCIMENTOT_2025-02-25_G37,10109448NASCIMENTOT,2025-02-25,123345,1,2,0,57.0
10109448NASCIMENTOT_2025-02-25_G38,10109448NASCIMENTOT,2025-02-25,120272,1,3,0,584.0
10109448NASCIMENTOT_2025-02-25_G39,10109448NASCIMENTOT,2025-02-25,121651,1,34,0,311.0
10109448NASCIMENTOT_2025-02-25_G40,10109448NASCIMENTOT,2025-02-25,121651,1,6,0,159.0
10109448NASCIMENTOT_2025-02-25_G41,10109448NASCIMENTOT,2025-02-25,123153,1,12,0,181.0
10109448NASCIMENTOT_2025-02-25_G42,10109448NASCIMENTOT,2025-02-25,123345,1,10,0,208.0
10109448NASCIMENTOT_2025-02-25_G43,10109448NASCIMENTOT,2025-02-25,123313,1,10,0,353.0
10109448NASCIMENTOT_2025-02-25_G44,10109448NASCIMENTOT,2025-02-25,123313,2,12,28,1051.0
10109448NASCIMENTOT_2025-02-25_G45,10109448NASCIMENTOT,2025-02-25,123313,1,1,0,139.0
10109448NASCIMENTOT_2025-02-25_G47,10109448NASCIMENTOT,2025-02-25,124370,1,8,0,126.0
10109448NASCIMENTOT_2025-02-25_G48,10109448NASCIMENTOT,2025-02-25,124370,1,1,0,197.0
10109448NASCIMENTOT_2025-02-25_G49,10109448NASCIMENTOT,2025-02-25,124370,1,2,0,1462.0
10109448NASCIMENTOT_2025-02-25_G50,10109448NASCIMENTOT,2025-02-25,121651,1,4,0,335.0
10109448NASCIMENTOT_2025-02-25_G51,10109448NASCIMENTOT,2025-02-25,121651,1,4,0,79.0
10109448NASCIMENTOT_2025-02-25_G52,10109448NASCIMENTOT,2025-02-25,124370,1,10,0,213.0
10109448NASCIMENTOT_2025-02-25_G53,10109448NASCIMENTOT,2025-02-25,124370,1,16,0,507.0
10109448NASCIMENTOT_2025-02-25_G54,10109448NASCIMENTOT,2025-02-25,124371,1,6,0,167.0
10109448NASCIMENTOT_2025-02-25_G55,10109448NASCIMENTOT,2025-02-25,124370,1,10,0,267.0
10109448NASCIMENTOT_2025-02-25_G56,10109448NASCIMENTOT,2025-02-25,123313,1,16,0,939.0
10109448NASCIMENTOT_2025-02-25_G57,10109448NASCIMENTOT,2025-02-25,123344,1,10,0,222.0
10109448NASCIMENTOT_2025-02-25_G58,10109448NASCIMENTOT,2025-02-25,122962,1,18,0,318.0
10109448NASCIMENTOT_2025-02-25_G59,10109448NASCIMENTOT,2025-02-25,122983,1,4,0,126.0
10109448NASCIMENTOT_2025-02-25_G60,10109448NASCIMENTOT,2025-02-25,124370,1,12,0,238.0
10109448NASCIMENTOT_2025-02-25_G61,10109448NASCIMENTOT,2025-02-25,121760,1,10,0,145.0
10109448NASCIMENTOT_2025-02-25_G62,10109448NASCIMENTOT,2025-02-25,123345,1,14,0,427.0
10109448NASCIMENTOT_2025-02-25_G63,10109448NASCIMENTOT,2025-02-25,120389,1,30,0,471.0
10109448NASCIMENTOT_2025-02-26_G02,10109448NASCIMENTOT,2025-02-26,123889,1,2,0,212.0
10109448NASCIMENTOT_2025-02-26_G03,10109448NASCIMENTOT,2025-02-26,122962,1,20,0,423.0
10109448NASCIMENTOT_2025-02-26_G04,10109448NASCIMENTOT,2025-02-26,121651,1,20,0,422.0
10109448NASCIMENTOT_2025-02-26_G05,10109448NASCIMENTOT,2025-02-26,121760,1,20,0,765.0
10109448NASCIMENTOT_2025-02-26_G06,10109448NASCIMENTOT,2025-02-26,123345,1,14,0,411.0
10109448NASCIMENTOT_2025-02-26_G07,10109448NASCIMENTOT,2025-02-26,123153,1,30,0,905.0
10109448NASCIMENTOT_2025-02-26_G08,10109448NASCIMENTOT,2025-02-26,123153,1,10,0,53.0
10109448NASCIMENTOT_2025-02-26_G09,10109448NASCIMENTOT,2025-02-26,123889,1,4,0,168.0
10109448NASCIMENTOT_2025-02-26_G10,10109448NASCIMENTOT,2025-02-26,123345,1,15,0,116.0
10109448NASCIMENTOT_2025-02-26_G11,10109448NASCIMENTOT,2025-02-26,123344,1,27,0,596.0
10109448NASCIMENTOT_2025-02-26_G12,10109448NASCIMENTOT,2025-02-26,"122982, 121760",2,52,12,874.0
10109448NASCIMENTOT_2025-02-26_G13,10109448NASCIMENTOT,2025-02-26,123153,1,24,0,648.0
10109448NASCIMENTOT_2025-02-26_G14,10109448NASCIMENTOT,2025-02-26,123313,1,3,0,123.0
10109448NASCIMENTOT_2025-02-26_G15,10109448NASCIMENTOT,2025-02-26,124486,1,40,0,2609.0
10109448NASCIMENTOT_2025-02-26_G16,10109448NASCIMENTOT,2025-02-26,124264,1,3,0,244.0
10109448NASCIMENTOT_2025-02-26_G17,10109448NASCIMENTOT,2025-02-26,124264,1,37,0,777.0
10109448NASCIMENTOT_2025-02-26_G18,10109448NASCIMENTOT,2025-02-26,124264,1,8,0,320.0
10109448NASCIMENTOT_2025-02-26_G19,10109448NASCIMENTOT,2025-02-26,124476,1,2,0,78.0
10109448NASCIMENTOT_2025-02-26_G20,10109448NASCIMENTOT,2025-02-26,124476,1,2,0,276.0
10109448NASCIMENTOT_2025-02-26_G21,10109448NASCIMENTOT,2025-02-26,124476,1,2,0,137.0
10109448NASCIMENTOT_2025-02-26_G22,10109448NASCIMENTOT,2025-02-26,122962,1,4,0,209.0
10109448NASCIMENTOT_2025-02-26_G23,10109448NASCIMENTOT,2025-02-26,124486,1,4,0,141.0
10109448NASCIMENTOT_2025-02-26_G24,10109448NASCIMENTOT,2025-02-26,124264,1,10,0,429.0
10109448NASCIMENTOT_2025-02-26_G25,10109448NASCIMENTOT,2025-02-26,122962,1,8,0,383.0
10109448NASCIMENTOT_2025-02-26_G26,10109448NASCIMENTOT,2025-02-26,123822,1,14,0,294.0
10109448NASCIMENTOT_2025-02-26_G27,10109448NASCIMENTOT,2025-02-26,124264,1,6,0,171.0
10109448NASCIMENTOT_2025-02-26_G28,10109448NASCIMENTOT,2025-02-26,124264,1,12,0,422.0
10109448NASCIMENTOT_2025-02-26_G30,10109448NASCIMENTOT,2025-02-26,120272,1,12,0,324.0
10109448NASCIMENTOT_2025-02-26_G31,10109448NASCIMENTOT,2025-02-26,124476,1,2,0,80.0
10109448NASCIMENTOT_2025-02-26_G32,10109448NASCIMENTOT,2025-02-26,120272,1,2,0,148.0
10109448NASCIMENTOT_2025-02-26_G33,10109448NASCIMENTOT,2025-02-26,124476,1,2,0,116.0
10109448NASCIMENTOT_2025-02-26_G34,10109448NASCIMENTOT,2025-02-26,124433,1,12,0,696.0
10109448NASCIMENTOT_2025-02-26_G35,10109448NASCIMENTOT,2025-02-26,124247,1,15,0,222.0
10109448NASCIMENTOT_2025-02-26_G36,10109448NASCIMENTOT,2025-02-26,"122185, 124476",2,14,13,258.0
10109448NASCIMENTOT_2025-02-26_G37,10109448NASCIMENTOT,2025-02-26,120028,1,20,0,1129.0
10109448NASCIMENTOT_2025-02-26_G38,10109448NASCIMENTOT,2025-02-26,123492,1,6,0,674.0
10109448NASCIMENTOT_2025-02-26_G39,10109448NASCIMENTOT,2025-02-26,122962,1,34,0,1618.0
10109448NASCIMENTOT_2025-02-26_G40,10109448NASCIMENTOT,2025-02-26,122647,1,2,0,161.0
10109448NASCIMENTOT_2025-02-26_G41,10109448NASCIMENTOT,2025-02-26,122185,1,100,0,2106.0
10109448NASCIMENTOT_2025-02-26_G42,10109448NASCIMENTOT,2025-02-26,122962,1,8,0,214.0
10109448NASCIMENTOT_2025-02-26_G43,10109448NASCIMENTOT,2025-02-26,124486,1,4,0,192.0
10109448NASCIMENTOT_2025-02-26_G44,10109448NASCIMENTOT,2025-02-26,123345,1,4,0,91.0
10109448NASCIMENTOT_2025-02-26_G45,10109448NASCIMENTOT,2025-02-26,124486,1,8,0,147.0
10109448NASCIMENTOT_2025-02-26_G46,10109448NASCIMENTOT,2025-02-26,122647,1,24,0,1086.0
10109448NASCIMENTOT_2025-02-26_G47,10109448NASCIMENTOT,2025-02-26,122962,1,32,0,1278.0
10109448NASCIMENTOT_2025-02-26_G48,10109448NASCIMENTOT,2025-02-26,122673,1,8,0,634.0
10109448NASCIMENTOT_2025-02-27_G02,10109448NASCIMENTOT,2025-02-27,121760,1,10,0,659.0
10109448NASCIMENTOT_2025-02-27_G03,10109448NASCIMENTOT,2025-02-27,124475,1,4,0,977.0
10109448NASCIMENTOT_2025-02-27_G04,10109448NASCIMENTOT,2025-02-27,124475,1,2,0,118.0
10109448NASCIMENTOT_2025-02-27_G05,10109448NASCIMENTOT,2025-02-27,123343,1,2,0,435.0
10109448NASCIMENTOT_2025-02-27_G06,10109448NASCIMENTOT,2025-02-27,123343,1,1,0,188.0
10109448NASCIMENTOT_2025-02-27_G07,10109448NASCIMENTOT,2025-02-27,121760,1,8,0,206.0
10109448NASCIMENTOT_2025-02-27_G08,10109448NASCIMENTOT,2025-02-27,124476,1,2,0,146.0
10109448NASCIMENTOT_2025-02-27_G09,10109448NASCIMENTOT,2025-02-27,124475,1,12,0,203.0
10109448NASCIMENTOT_2025-02-27_G10,10109448NASCIMENTOT,2025-02-27,123343,1,2,0,350.0
10109448NASCIMENTOT_2025-02-27_G11,10109448NASCIMENTOT,2025-02-27,121760,1,4,0,50.0
10109448NASCIMENTOT_2025-02-27_G12,10109448NASCIMENTOT,2025-02-27,124475,1,10,0,802.0
10109448NASCIMENTOT_2025-02-27_G13,10109448NASCIMENTOT,2025-02-27,124475,1,8,0,304.0
10109448NASCIMENTOT_2025-02-27_G15,10109448NASCIMENTOT,2025-02-27,181887,1,12,0,1001.0
10109448NASCIMENTOT_2025-02-27_G16,10109448NASCIMENTOT,2025-02-27,122962,1,18,0,2207.0
10109448NASCIMENTOT_2025-02-27_G17,10109448NASCIMENTOT,2025-02-27,122962,1,28,0,767.0
10109448NASCIMENTOT_2025-02-27_G18,10109448NASCIMENTOT,2025-02-27,122962,1,28,0,685.0
10109448NASCIMENTOT_2025-02-27_G19,10109448NASCIMENTOT,2025-02-27,122671,1,6,0,162.0
10109448NASCIMENTOT_2025-02-27_G20,10109448NASCIMENTOT,2025-02-27,122673,1,20,0,361.0
10109448NASCIMENTOT_2025-02-27_G21,10109448NASCIMENTOT,2025-02-27,124486,1,24,0,302.0
10109448NASCIMENTOT_2025-02-27_G22,10109448NASCIMENTOT,2025-02-27,124486,1,12,0,242.0
10109448NASCIMENTOT_2025-02-27_G23,10109448NASCIMENTOT,2025-02-27,124486,1,10,0,131.0
10109448NASCIMENTOT_2025-02-27_G24,10109448NASCIMENTOT,2025-02-27,124486,1,28,0,127.0
10109448NASCIMENTOT_2025-02-27_G25,10109448NASCIMENTOT,2025-02-27,122962,1,12,0,541.0
10109448NASCIMENTOT_2025-02-27_G26,10109448NASCIMENTOT,2025-02-27,124476,1,16,0,488.0
10109448NASCIMENTOT_2025-02-27_G27,10109448NASCIMENTOT,2025-02-27,124475,1,26,0,1155.0
10109448NASCIMENTOT_2025-02-27_G28,10109448NASCIMENTOT,2025-02-27,124475,1,26,0,1011.0
10109448NASCIMENTOT_2025-02-27_G29,10109448NASCIMENTOT,2025-02-27,124475,1,3,0,328.0
10109448NASCIMENTOT_2025-02-27_G30,10109448NASCIMENTOT,2025-02-27,122185,1,180,0,2569.0
10109448NASCIMENTOT_2025-02-27_G31,10109448NASCIMENTOT,2025-02-27,124476,3,20,39,532.0
10109448NASCIMENTOT_2025-02-28_G02,10109448NASCIMENTOT,2025-02-28,123153,1,20,0,329.0
10109448NASCIMENTOT_2025-02-28_G03,10109448NASCIMENTOT,2025-02-28,123153,1,10,0,250.0
10109448NASCIMENTOT_2025-02-28_G04,10109448NASCIMENTOT,2025-02-28,122671,1,2,0,100.0
10109448NASCIMENTOT_2025-02-28_G05,10109448NASCIMENTOT,2025-02-28,122962,1,12,0,275.0
10109448NASCIMENTOT_2025-02-28_G06,10109448NASCIMENTOT,2025-02-28,120008,1,13,0,385.0
10109448NASCIMENTOT_2025-02-28_G07,10109448NASCIMENTOT,2025-02-28,124370,1,25,0,1084.0
10109448NASCIMENTOT_2025-02-28_G08,10109448NASCIMENTOT,2025-02-28,120389,1,8,0,259.0
10109448NASCIMENTOT_2025-02-28_G09,10109448NASCIMENTOT,2025-02-28,124371,1,8,0,60.0
10109448NASCIMENTOT_2025-02-28_G10,10109448NASCIMENTOT,2025-02-28,124371,1,4,0,303.0
10109448NASCIMENTOT_2025-02-28_G11,10109448NASCIMENTOT,2025-02-28,124486,1,20,0,279.0
10109448NASCIMENTOT_2025-02-28_G12,10109448NASCIMENTOT,2025-02-28,123344,1,10,0,378.0
10109448NASCIMENTOT_2025-02-28_G13,10109448NASCIMENTOT,2025-02-28,123344,1,10,0,318.0
10109448NASCIMENTOT_2025-02-28_G14,10109448NASCIMENTOT,2025-02-28,121651,1,12,0,365.0
10109448NASCIMENTOT_2025-02-28_G15,10109448NASCIMENTOT,2025-02-28,123343,1,12,0,904.0
10109448NASCIMENTOT_2025-02-28_G16,10109448NASCIMENTOT,2025-02-28,123345,1,8,0,125.0
10109448NASCIMENTOT_2025-02-28_G17,10109448NASCIMENTOT,2025-02-28,122703,1,4,0,491.0
10109448NASCIMENTOT_2025-02-28_G18,10109448NASCIMENTOT,2025-02-28,121651,1,4,0,78.0
10109448NASCIMENTOT_2025-02-28_G19,10109448NASCIMENTOT,2025-02-28,121760,1,8,0,1836.0
10109448NASCIMENTOT_2025-02-28_G20,10109448NASCIMENTOT,2025-02-28,122705,1,4,0,94.0
10109448NASCIMENTOT_2025-02-28_G21,10109448NASCIMENTOT,2025-02-28,120389,1,4,0,209.0
10109448NASCIMENTOT_2025-02-28_G22,10109448NASCIMENTOT,2025-02-28,123345,1,10,0,385.0
10109448NASCIMENTOT_2025-02-28_G23,10109448NASCIMENTOT,2025-02-28,122671,1,12,0,155.0
10109448NASCIMENTOT_2025-02-28_G24,10109448NASCIMENTOT,2025-02-28,122962,1,16,0,620.0
10109448NASCIMENTOT_2025-02-28_G25,10109448NASCIMENTOT,2025-02-28,121651,1,4,0,219.0
10109448NASCIMENTOT_2025-02-28_G26,10109448NASCIMENTOT,2025-02-28,121760,1,8,0,351.0
10109448NASCIMENTOT_2025-02-28_G27,10109448NASCIMENTOT,2025-02-28,124247,1,4,0,214.0
10109448NASCIMENTOT_2025-02-28_G28,10109448NASCIMENTOT,2025-02-28,122983,1,20,0,621.0
10109448NASCIMENTOT_2025-02-28_G29,10109448NASCIMENTOT,2025-02-28,120389,1,4,0,110.0
10109448NASCIMENTOT_2025-02-28_G30,10109448NASCIMENTOT,2025-02-28,123909,1,8,0,338.0
10109448NASCIMENTOT_2025-02-28_G31,10109448NASCIMENTOT,2025-02-28,123344,1,2,0,75.0
10109448NASCIMENTOT_2025-02-28_G32,10109448NASCIMENTOT,2025-02-28,123345,1,8,0,339.0
10109448NASCIMENTOT_2025-02-28_G33,10109448NASCIMENTOT,2025-02-28,122962,1,22,0,561.0
10109448NASCIMENTOT_2025-02-28_G34,10109448NASCIMENTOT,2025-02-28,122673,1,4,0,99.0
10109448NASCIMENTOT_2025-02-28_G35,10109448NASCIMENTOT,2025-02-28,121651,1,4,0,61.0
10109448NASCIMENTOT_2025-02-28_G36,10109448NASCIMENTOT,2025-02-28,121760,1,12,0,1402.0
10109448NASCIMENTOT_2025-02-28_G37,10109448NASCIMENTOT,2025-02-28,122983,1,4,0,194.0
10109448NASCIMENTOT_2025-02-28_G38,10109448NASCIMENTOT,2025-02-28,120389,1,4,0,108.0
10109448NASCIMENTOT_2025-02-28_G40,10109448NASCIMENTOT,2025-02-28,123345,1,24,0,788.0
10109448NASCIMENTOT_2025-02-28_G41,10109448NASCIMENTOT,2025-02-28,121928,1,4,0,164.0
10109448NASCIMENTOT_2025-02-28_G42,10109448NASCIMENTOT,2025-02-28,122671,1,4,0,125.0
10109448NASCIMENTOT_2025-02-28_G43,10109448NASCIMENTOT,2025-02-28,122962,1,9,0,227.0
10109448NASCIMENTOT_2025-02-28_G44,10109448NASCIMENTOT,2025-02-28,123907,1,10,0,207.0
10109448NASCIMENTOT_2025-02-28_G45,10109448NASCIMENTOT,2025-02-28,123889,1,6,0,189.0
10109448NASCIMENTOT_2025-02-28_G46,10109448NASCIMENTOT,2025-02-28,123343,1,6,0,349.0
10109448NASCIMENTOT_2025-02-28_G47,10109448NASCIMENTOT,2025-02-28,123345,1,6,0,115.0
10109448NASCIMENTOT_2025-02-28_G48,10109448NASCIMENTOT,2025-02-28,124476,1,4,0,1306.0
10109448NASCIMENTOT_2025-02-28_G49,10109448NASCIMENTOT,2025-02-28,122962,1,60,0,3169.0
10109448NASCIMENTOT_2025-02-28_G50,10109448NASCIMENTOT,2025-02-28,122962,1,12,0,252.0
10109448NASCIMENTOT_2025-02-28_G51,10109448NASCIMENTOT,2025-02-28,123822,1,12,0,55.0
10109448NASCIMENTOT_2025-02-28_G52,10109448NASCIMENTOT,2025-02-28,122673,1,36,0,1693.0
10109448NASCIMENTOT_2025-02-28_G53,10109448NASCIMENTOT,2025-02-28,124475,1,4,0,520.0
10109448NASCIMENTOT_2025-02-28_G54,10109448NASCIMENTOT,2025-02-28,122647,1,30,0,870.0
10109448NASCIMENTOT_2025-02-28_G55,10109448NASCIMENTOT,2025-02-28,120389,1,10,0,156.0
10109448NASCIMENTOT_2025-02-28_G56,10109448NASCIMENTOT,2025-02-28,123343,1,3,0,412.0
10109448NASCIMENTOT_2025-03-01_G02,10109448NASCIMENTOT,2025-03-01,124433,1,22,0,1215.0
10109448NASCIMENTOT_2025-04-09_G02,10109448NASCIMENTOT,2025-04-09,120028,1,16,0,299.0
10109448NASCIMENTOT_2025-04-09_G03,10109448NASCIMENTOT,2025-04-09,120028,1,16,0,270.0
10109448NASCIMENTOT_2025-04-09_G04,10109448NASCIMENTOT,2025-04-09,124247,1,1,0,389.0
10109448NASCIMENTOT_2025-04-09_G05,10109448NASCIMENTOT,2025-04-09,122962,1,7,0,389.0
10109448NASCIMENTOT_2025-04-09_G06,10109448NASCIMENTOT,2025-04-09,122962,1,40,0,367.0
10109448NASCIMENTOT_2025-04-09_G07,10109448NASCIMENTOT,2025-04-09,123911,1,1,0,618.0
10109448NASCIMENTOT_2025-04-09_G08,10109448NASCIMENTOT,2025-04-09,121760,1,20,0,1850.0
10109448NASCIMENTOT_2025-04-09_G09,10109448NASCIMENTOT,2025-04-09,121760,1,16,0,211.0
10109448NASCIMENTOT_2025-04-09_G11,10109448NASCIMENTOT,2025-04-09,123343,1,4,0,154.0
10109448NASCIMENTOT_2025-04-09_G12,10109448NASCIMENTOT,2025-04-09,123345,1,15,0,283.0
10109448NASCIMENTOT_2025-04-09_G15,10109448NASCIMENTOT,2025-04-09,124370,1,36,0,819.0
10109448NASCIMENTOT_2025-04-09_G16,10109448NASCIMENTOT,2025-04-09,122962,1,20,0,87.0
10109448NASCIMENTOT_2025-04-09_G17,10109448NASCIMENTOT,2025-04-09,124370,1,23,0,244.0
10109448NASCIMENTOT_2025-04-09_G18,10109448NASCIMENTOT,2025-04-09,124248,1,16,0,1529.0
10109448NASCIMENTOT_2025-04-09_G19,10109448NASCIMENTOT,2025-04-09,122984,1,26,0,801.0
10109448NASCIMENTOT_2025-04-09_G20,10109448NASCIMENTOT,2025-04-09,123345,1,20,0,1287.0
10109448NASCIMENTOT_2025-04-09_G21,10109448NASCIMENTOT,2025-04-09,124486,1,50,0,871.0
10109448NASCIMENTOT_2025-04-09_G22,10109448NASCIMENTOT,2025-04-09,122647,1,12,0,327.0
10109448NASCIMENTOT_2025-04-09_G23,10109448NASCIMENTOT,2025-04-09,121760,1,2,0,63.0
10109448NASCIMENTOT_2025-04-09_G24,10109448NASCIMENTOT,2025-04-09,124371,1,4,0,167.0
10109448NASCIMENTOT_2025-04-09_G25,10109448NASCIMENTOT,2025-04-09,122703,1,2,0,54.0
10109448NASCIMENTOT_2025-04-09_G26,10109448NASCIMENTOT,2025-04-09,124370,2,17,13,327.0
10109448NASCIMENTOT_2025-04-09_G27,10109448NASCIMENTOT,2025-04-09,124475,1,2,0,212.0
10109448NASCIMENTOT_2025-04-09_G28,10109448NASCIMENTOT,2025-04-09,123343,1,6,0,219.0
10109448NASCIMENTOT_2025-04-10_G02,10109448NASCIMENTOT,2025-04-10,180373,1,2,0,691.0
10109448NASCIMENTOT_2025-04-10_G03,10109448NASCIMENTOT,2025-04-10,123344,1,11,0,1435.0
10109448NASCIMENTOT_2025-04-10_G05,10109448NASCIMENTOT,2025-04-10,123343,1,8,0,297.0
10109448NASCIMENTOT_2025-04-10_G06,10109448NASCIMENTOT,2025-04-10,123345,1,20,0,277.0
10109448NASCIMENTOT_2025-04-10_G07,10109448NASCIMENTOT,2025-04-10,124370,1,12,0,293.0
10109448NASCIMENTOT_2025-04-10_G08,10109448NASCIMENTOT,2025-04-10,124371,1,20,0,427.0
10109448NASCIMENTOT_2025-04-10_G09,10109448NASCIMENTOT,2025-04-10,120028,1,16,0,184.0
10109448NASCIMENTOT_2025-04-10_G10,10109448NASCIMENTOT,2025-04-10,122189,1,4,0,337.0
10109448NASCIMENTOT_2025-04-10_G11,10109448NASCIMENTOT,2025-04-10,122189,1,4,0,144.0
10109448NASCIMENTOT_2025-04-10_G13,10109448NASCIMENTOT,2025-04-10,124370,1,10,0,69.0
10109448NASCIMENTOT_2025-04-10_G14,10109448NASCIMENTOT,2025-04-10,"122983, 124371",2,14,6,86.0
10109448NASCIMENTOT_2025-04-10_G15,10109448NASCIMENTOT,2025-04-10,124370,1,30,0,148.0
10109448NASCIMENTOT_2025-04-10_G17,10109448NASCIMENTOT,2025-04-10,123343,1,10,0,87.0
10109448NASCIMENTOT_2025-04-10_G18,10109448NASCIMENTOT,2025-04-10,123153,1,20,0,410.0
10109448NASCIMENTOT_2025-04-10_G19,10109448NASCIMENTOT,2025-04-10,123889,1,8,0,198.0
10109448NASCIMENTOT_2025-04-10_G20,10109448NASCIMENTOT,2025-04-10,124370,1,8,0,171.0
10109448NASCIMENTOT_2025-04-10_G21,10109448NASCIMENTOT,2025-04-10,120272,1,7,0,152.0
10109448NASCIMENTOT_2025-04-10_G22,10109448NASCIMENTOT,2025-04-10,120008,1,30,0,1002.0
10109448NASCIMENTOT_2025-04-10_G23,10109448NASCIMENTOT,2025-04-10,124486,1,12,0,149.0
10109448NASCIMENTOT_2025-04-10_G24,10109448NASCIMENTOT,2025-04-10,122962,1,20,0,258.0
10109448NASCIMENTOT_2025-04-10_G25,10109448NASCIMENTOT,2025-04-10,124370,1,10,0,343.0
10109448NASCIMENTOT_2025-04-10_G26,10109448NASCIMENTOT,2025-04-10,124370,1,10,0,126.0
10109448NASCIMENTOT_2025-04-10_G27,10109448NASCIMENTOT,2025-04-10,120028,1,40,0,539.0
10109448NASCIMENTOT_2025-04-10_G28,10109448NASCIMENTOT,2025-04-10,122185,1,2,0,346.0
10109448NASCIMENTOT_2025-04-10_G29,10109448NASCIMENTOT,2025-04-10,120272,1,5,0,158.0
10109448NASCIMENTOT_2025-04-10_G30,10109448NASCIMENTOT,2025-04-10,122962,1,20,0,305.0
10109448NASCIMENTOT_2025-04-10_G31,10109448NASCIMENTOT,2025-04-10,120389,1,6,0,141.0
10109448NASCIMENTOT_2025-04-10_G32,10109448NASCIMENTOT,2025-04-10,"123343, 123345",3,12,13,141.0
10109448NASCIMENTOT_2025-04-10_G33,10109448NASCIMENTOT,2025-04-10,123344,1,8,0,217.0
10109448NASCIMENTOT_2025-04-10_G34,10109448NASCIMENTOT,2025-04-10,121760,1,4,0,145.0
10109448NASCIMENTOT_2025-04-10_G35,10109448NASCIMENTOT,2025-04-10,121651,1,2,0,117.0
10109448NASCIMENTOT_2025-04-10_G36,10109448NASCIMENTOT,2025-04-10,122962,1,16,0,306.0
10109448NASCIMENTOT_2025-04-10_G37,10109448NASCIMENTOT,2025-04-10,124486,1,10,0,101.0
10109448NASCIMENTOT_2025-04-10_G38,10109448NASCIMENTOT,2025-04-10,124486,1,6,0,141.0
10109448NASCIMENTOT_2025-04-10_G39,10109448NASCIMENTOT,2025-04-10,123153,1,4,0,47.0
10109448NASCIMENTOT_2025-04-10_G40,10109448NASCIMENTOT,2025-04-10,120339,1,48,0,390.0
10109448NASCIMENTOT_2025-04-10_G41,10109448NASCIMENTOT,2025-04-10,122985,1,6,0,65.0
10109448NASCIMENTOT_2025-04-10_G42,10109448NASCIMENTOT,2025-04-10,123889,1,20,0,172.0
10109448NASCIMENTOT_2025-04-11_G02,10109448NASCIMENTOT,2025-04-11,123345,1,20,0,501.0
10109448NASCIMENTOT_2025-04-11_G03,10109448NASCIMENTOT,2025-04-11,124370,1,60,0,2195.0
10109448NASCIMENTOT_2025-04-11_G04,10109448NASCIMENTOT,2025-04-11,120339,1,9,0,407.0
10109448NASCIMENTOT_2025-04-11_G05,10109448NASCIMENTOT,2025-04-11,124264,1,30,0,1796.0
10109448NASCIMENTOT_2025-04-11_G06,10109448NASCIMENTOT,2025-04-11,123909,1,30,0,940.0
10109448NASCIMENTOT_2025-04-11_G07,10109448NASCIMENTOT,2025-04-11,124370,1,2,0,60.0
10109448NASCIMENTOT_2025-04-11_G08,10109448NASCIMENTOT,2025-04-11,121651,1,100,0,3005.0
10109448NASCIMENTOT_2025-04-11_G09,10109448NASCIMENTOT,2025-04-11,181057,1,1,0,392.0
10109448NASCIMENTOT_2025-04-11_G10,10109448NASCIMENTOT,2025-04-11,181887,1,4,0,220.0
10109448NASCIMENTOT_2025-04-11_G12,10109448NASCIMENTOT,2025-04-11,123081,1,20,0,449.0
10109448NASCIMENTOT_2025-04-11_G13,10109448NASCIMENTOT,2025-04-11,121760,1,10,0,303.0
10109448NASCIMENTOT_2025-04-11_G14,10109448NASCIMENTOT,2025-04-11,122671,1,5,0,447.0
10109448NASCIMENTOT_2025-04-11_G15,10109448NASCIMENTOT,2025-04-11,124370,1,8,0,203.0
10109448NASCIMENTOT_2025-04-11_G16,10109448NASCIMENTOT,2025-04-11,124371,1,10,0,302.0
10109448NASCIMENTOT_2025-04-11_G17,10109448NASCIMENTOT,2025-04-11,181887,1,6,0,153.0
10109448NASCIMENTOT_2025-04-11_G18,10109448NASCIMENTOT,2025-04-11,181057,1,4,0,142.0
10109448NASCIMENTOT_2025-04-11_G19,10109448NASCIMENTOT,2025-04-11,122671,1,5,0,87.0
10109448NASCIMENTOT_2025-04-11_G20,10109448NASCIMENTOT,2025-04-11,"123909, 181887",2,16,27,540.0
10109448NASCIMENTOT_2025-04-14_G02,10109448NASCIMENTOT,2025-04-14,124248,1,96,0,2790.0
10109448NASCIMENTOT_2025-04-14_G03,10109448NASCIMENTOT,2025-04-14,124248,1,48,0,947.0
10109448NASCIMENTOT_2025-04-14_G05,10109448NASCIMENTOT,2025-04-14,124486,1,72,0,1688.0
10109448NASCIMENTOT_2025-04-14_G06,10109448NASCIMENTOT,2025-04-14,120271,1,32,0,1335.0
10109448NASCIMENTOT_2025-04-14_G07,10109448NASCIMENTOT,2025-04-14,123909,1,7,0,310.0
10109448NASCIMENTOT_2025-04-14_G08,10109448NASCIMENTOT,2025-04-14,121760,1,4,0,182.0
10109448NASCIMENTOT_2025-04-14_G09,10109448NASCIMENTOT,2025-04-14,124486,1,2,0,126.0
10109448NASCIMENTOT_2025-04-14_G10,10109448NASCIMENTOT,2025-04-14,124486,1,50,0,1137.0
10109448NASCIMENTOT_2025-04-14_G11,10109448NASCIMENTOT,2025-04-14,123080,1,8,0,316.0
10109448NASCIMENTOT_2025-04-14_G12,10109448NASCIMENTOT,2025-04-14,124486,1,2,0,44.0
10109448NASCIMENTOT_2025-04-14_G13,10109448NASCIMENTOT,2025-04-14,120028,1,12,0,322.0
10109448NASCIMENTOT_2025-04-14_G14,10109448NASCIMENTOT,2025-04-14,124486,1,5,0,176.0
10109448NASCIMENTOT_2025-04-14_G15,10109448NASCIMENTOT,2025-04-14,122962,1,16,0,54.0
10109448NASCIMENTOT_2025-04-14_G16,10109448NASCIMENTOT,2025-04-14,122984,1,20,0,331.0
10109448NASCIMENTOT_2025-04-14_G17,10109448NASCIMENTOT,2025-04-14,122962,1,6,0,144.0
10109448NASCIMENTOT_2025-04-30_G02,10109448NASCIMENTOT,2025-04-30,121651,1,6,0,267.0
10109448NASCIMENTOT_2025-04-30_G03,10109448NASCIMENTOT,2025-04-30,123521,1,3,0,375.0
10109448NASCIMENTOT_2025-04-30_G04,10109448NASCIMENTOT,2025-04-30,124371,1,8,0,308.0
10109448NASCIMENTOT_2025-04-30_G05,10109448NASCIMENTOT,2025-04-30,123344,1,10,0,658.0
10109448NASCIMENTOT_2025-04-30_G07,10109448NASCIMENTOT,2025-04-30,"121760, 122703, 120389, 121651",4,76,26,40.0
10109448NASCIMENTOT_2025-04-30_G08,10109448NASCIMENTOT,2025-04-30,"121651, 120339, 124247, 123344",4,65,33,808.0
10109448NASCIMENTOT_2025-04-30_G09,10109448NASCIMENTOT,2025-04-30,123345,1,17,0,829.0
10109448NASCIMENTOT_2025-05-08_G02,10109448NASCIMENTOT,2025-05-08,122962,1,24,0,406.0
10109448NASCIMENTOT_2025-05-08_G03,10109448NASCIMENTOT,2025-05-08,122962,1,100,0,1727.0
10109448NASCIMENTOT_2025-05-08_G05,10109448NASCIMENTOT,2025-05-08,"124477, 124475, 122984, 120339",4,60,27,45.0
10109448NASCIMENTOT_2025-05-08_G06,10109448NASCIMENTOT,2025-05-08,122962,1,30,0,136.0
10109448NASCIMENTOT_2025-05-08_G07,10109448NASCIMENTOT,2025-05-08,123889,1,8,0,325.0
10109448NASCIMENTOT_2025-05-08_G08,10109448NASCIMENTOT,2025-05-08,123153,1,16,0,491.0
10109448NASCIMENTOT_2025-05-08_G09,10109448NASCIMENTOT,2025-05-08,123345,1,3,0,97.0
10109448NASCIMENTOT_2025-05-08_G10,10109448NASCIMENTOT,2025-05-08,124486,1,30,0,1388.0
10109448NASCIMENTOT_2025-05-08_G11,10109448NASCIMENTOT,2025-05-08,123909,1,6,0,120.0
10109448NASCIMENTOT_2025-05-08_G12,10109448NASCIMENTOT,2025-05-08,123343,1,4,0,219.0
10109448NASCIMENTOT_2025-05-08_G13,10109448NASCIMENTOT,2025-05-08,181906,1,4,0,361.0
10109448NASCIMENTOT_2025-05-08_G14,10109448NASCIMENTOT,2025-05-08,123909,1,8,0,269.0
10109448NASCIMENTOT_2025-05-08_G15,10109448NASCIMENTOT,2025-05-08,122984,1,8,0,119.0
10109448NASCIMENTOT_2025-05-08_G16,10109448NASCIMENTOT,2025-05-08,120271,1,4,0,189.0
10109448NASCIMENTOT_2025-05-08_G17,10109448NASCIMENTOT,2025-05-08,122188,1,4,0,451.0
10109448NASCIMENTOT_2025-05-08_G18,10109448NASCIMENTOT,2025-05-08,123080,1,48,0,925.0
10109448NASCIMENTOT_2025-05-08_G19,10109448NASCIMENTOT,2025-05-08,122984,1,2,0,75.0
10109448NASCIMENTOT_2025-05-08_G20,10109448NASCIMENTOT,2025-05-08,123153,1,4,0,239.0
10109448NASCIMENTOT_2025-05-08_G21,10109448NASCIMENTOT,2025-05-08,120271,1,2,0,216.0
10109448NASCIMENTOT_2025-05-08_G22,10109448NASCIMENTOT,2025-05-08,123153,1,26,0,521.0
10109448NASCIMENTOT_2025-05-08_G23,10109448NASCIMENTOT,2025-05-08,124486,1,6,0,106.0
10109448NASCIMENTOT_2025-05-08_G24,10109448NASCIMENTOT,2025-05-08,124486,1,4,0,178.0
10109448NASCIMENTOT_2025-05-08_G25,10109448NASCIMENTOT,2025-05-08,180038,1,3,0,1069.0
10109448NASCIMENTOT_2025-05-08_G26,10109448NASCIMENTOT,2025-05-08,122962,1,8,0,316.0
10109448NASCIMENTOT_2025-05-08_G27,10109448NASCIMENTOT,2025-05-08,122703,1,4,0,366.0
10109448NASCIMENTOT_2025-05-08_G28,10109448NASCIMENTOT,2025-05-08,120389,1,2,0,106.0
10109448NASCIMENTOT_2025-05-08_G29,10109448NASCIMENTOT,2025-05-08,121651,1,12,0,244.0
10109448NASCIMENTOT_2025-05-08_G30,10109448NASCIMENTOT,2025-05-08,121760,1,13,0,310.0
10109448NASCIMENTOT_2025-05-08_G31,10109448NASCIMENTOT,2025-05-08,121928,1,4,0,305.0
10109448NASCIMENTOT_2025-05-08_G32,10109448NASCIMENTOT,2025-05-08,123343,1,16,0,213.0
10109448NASCIMENTOT_2025-05-08_G34,10109448NASCIMENTOT,2025-05-08,122984,1,40,0,908.0
10109448NASCIMENTOT_2025-05-08_G35,10109448NASCIMENTOT,2025-05-08,124548,1,4,0,211.0
10109448NASCIMENTOT_2025-05-08_G36,10109448NASCIMENTOT,2025-05-08,122984,1,40,0,1012.0
10109448NASCIMENTOT_2025-05-08_G37,10109448NASCIMENTOT,2025-05-08,124548,1,28,0,388.0
10109448NASCIMENTOT_2025-05-08_G38,10109448NASCIMENTOT,2025-05-08,124248,1,3,0,182.0
10109448NASCIMENTOT_2025-05-08_G39,10109448NASCIMENTOT,2025-05-08,181057,1,12,0,762.0
10109448NASCIMENTOT_2025-05-08_G40,10109448NASCIMENTOT,2025-05-08,123153,1,2,0,124.0
10109448NASCIMENTOT_2025-05-08_G41,10109448NASCIMENTOT,2025-05-08,124486,1,10,0,755.0
10109448NASCIMENTOT_2025-05-08_G42,10109448NASCIMENTOT,2025-05-08,124486,1,4,0,50.0
10109448NASCIMENTOT_2025-05-08_G43,10109448NASCIMENTOT,2025-05-08,123909,1,4,0,225.0
10109448NASCIMENTOT_2025-05-08_G44,10109448NASCIMENTOT,2025-05-08,122962,1,28,0,517.0
10109448NASCIMENTOT_2025-05-08_G45,10109448NASCIMENTOT,2025-05-08,122962,2,52,17,34.0
10109448NASCIMENTOT_2025-05-12_G02,10109448NASCIMENTOT,2025-05-12,121760,1,13,0,1938.0
10109448NASCIMENTOT_2025-05-12_G03,10109448NASCIMENTOT,2025-05-12,"122703, 120389, 121651, 122962",4,26,29,36.0
10109448NASCIMENTOT_2025-05-12_G04,10109448NASCIMENTOT,2025-05-12,123343,1,16,0,2348.0
10109448NASCIMENTOT_2025-05-12_G05,10109448NASCIMENTOT,2025-05-12,122673,1,16,0,320.0
10109448NASCIMENTOT_2025-05-12_G06,10109448NASCIMENTOT,2025-05-12,124486,1,80,0,2179.0
10109448NASCIMENTOT_2025-05-12_G07,10109448NASCIMENTOT,2025-05-12,124486,1,7,0,233.0
10109448NASCIMENTOT_2025-05-12_G09,10109448NASCIMENTOT,2025-05-12,122962,1,8,0,366.0
10109448NASCIMENTOT_2025-05-12_G11,10109448NASCIMENTOT,2025-05-12,122196,1,8,0,232.0
10109448NASCIMENTOT_2025-05-12_G12,10109448NASCIMENTOT,2025-05-12,120272,1,6,0,123.0
10109448NASCIMENTOT_2025-05-12_G13,10109448NASCIMENTOT,2025-05-12,120028,1,30,0,804.0
10109448NASCIMENTOT_2025-05-12_G14,10109448NASCIMENTOT,2025-05-12,122984,1,89,0,2505.0
10109448NASCIMENTOT_2025-05-12_G15,10109448NASCIMENTOT,2025-05-12,121760,1,14,0,489.0
10109448NASCIMENTOT_2025-05-12_G16,10109448NASCIMENTOT,2025-05-12,122984,1,18,0,372.0
10109448NASCIMENTOT_2025-05-12_G17,10109448NASCIMENTOT,2025-05-12,124548,1,13,0,323.0
10109448NASCIMENTOT_2025-05-12_G18,10109448NASCIMENTOT,2025-05-12,124548,1,11,0,196.0
10109448NASCIMENTOT_2025-05-12_G19,10109448NASCIMENTOT,2025-05-12,122985,1,4,0,285.0
10109448NASCIMENTOT_2025-05-12_G20,10109448NASCIMENTOT,2025-05-12,181906,1,4,0,323.0
10109448NASCIMENTOT_2025-05-13_G02,10109448NASCIMENTOT,2025-05-13,124247,1,60,0,787.0
10109448NASCIMENTOT_2025-05-13_G03,10109448NASCIMENTOT,2025-05-13,123153,1,10,0,185.0
10109448NASCIMENTOT_2025-05-13_G05,10109448NASCIMENTOT,2025-05-13,"124476, 121651, 123909, 124264, 124371, 121760",6,183,38,140.0
10109448NASCIMENTOT_2025-05-13_G06,10109448NASCIMENTOT,2025-05-13,124264,2,10,14,103.0
10109448NASCIMENTOT_2025-05-13_G07,10109448NASCIMENTOT,2025-05-13,124476,1,15,0,547.0
10109448NASCIMENTOT_2025-05-13_G09,10109448NASCIMENTOT,2025-05-13,"124475, 124476, 124370, 120339",5,62,50,45.0
10109448NASCIMENTOT_2025-05-13_G10,10109448NASCIMENTOT,2025-05-13,123345,1,12,0,323.0
10109448NASCIMENTOT_2025-05-13_G11,10109448NASCIMENTOT,2025-05-13,123343,1,16,0,755.0
10109448NASCIMENTOT_2025-05-15_G02,10109448NASCIMENTOT,2025-05-15,"122986, 122988, 121651, 123909",4,37,29,2963.0
10109448NASCIMENTOT_2025-05-15_G03,10109448NASCIMENTOT,2025-05-15,122985,1,4,0,424.0
10109448NASCIMENTOT_2025-05-15_G04,10109448NASCIMENTOT,2025-05-15,123345,1,1,0,117.0
10109448NASCIMENTOT_2025-05-15_G05,10109448NASCIMENTOT,2025-05-15,"122986, 122988, 124247, 122188",4,30,18,1041.0
10109448NASCIMENTOT_2025-05-15_G06,10109448NASCIMENTOT,2025-05-15,120028,1,50,0,1076.0
10109448NASCIMENTOT_2025-05-15_G07,10109448NASCIMENTOT,2025-05-15,124486,1,156,0,3445.0
10109448NASCIMENTOT_2025-05-15_G08,10109448NASCIMENTOT,2025-05-15,120271,1,2,0,83.0
10109448NASCIMENTOT_2025-05-15_G09,10109448NASCIMENTOT,2025-05-15,124486,1,20,0,131.0
10109448NASCIMENTOT_2025-05-15_G10,10109448NASCIMENTOT,2025-05-15,122673,1,24,0,602.0
10109448NASCIMENTOT_2025-05-15_G11,10109448NASCIMENTOT,2025-05-15,120389,1,14,0,384.0
10109448NASCIMENTOT_2025-05-15_G12,10109448NASCIMENTOT,2025-05-15,120389,1,2,0,81.0
10109448NASCIMENTOT_2025-05-15_G13,10109448NASCIMENTOT,2025-05-15,122984,1,6,0,251.0
10109448NASCIMENTOT_2025-05-15_G14,10109448NASCIMENTOT,2025-05-15,122984,1,10,0,337.0
10109448NASCIMENTOT_2025-05-15_G15,10109448NASCIMENTOT,2025-05-15,123343,1,5,0,243.0
10109448NASCIMENTOT_2025-05-15_G16,10109448NASCIMENTOT,2025-05-15,123345,1,6,0,142.0
10109448NASCIMENTOT_2025-05-15_G17,10109448NASCIMENTOT,2025-05-15,180024,1,6,0,616.0
10109448NASCIMENTOT_2025-05-15_G18,10109448NASCIMENTOT,2025-05-15,180183,1,2,0,267.0
10109448NASCIMENTOT_2025-05-15_G19,10109448NASCIMENTOT,2025-05-15,122673,1,22,0,1012.0
10109448NASCIMENTOT_2025-05-15_G20,10109448NASCIMENTOT,2025-05-15,123345,1,2,0,78.0
10109448NASCIMENTOT_2025-05-15_G21,10109448NASCIMENTOT,2025-05-15,121760,2,30,23,247.0
10109448NASCIMENTOT_2025-05-15_G22,10109448NASCIMENTOT,2025-05-15,122962,1,80,0,2441.0
10109448NASCIMENTOT_2025-05-15_G23,10109448NASCIMENTOT,2025-05-15,124486,1,50,0,59.0
10109448NASCIMENTOT_2025-05-15_G25,10109448NASCIMENTOT,2025-05-15,124476,1,8,0,183.0
10109448NASCIMENTOT_2025-05-15_G26,10109448NASCIMENTOT,2025-05-15,122962,1,2,0,367.0
10109448NASCIMENTOT_2025-05-15_G27,10109448NASCIMENTOT,2025-05-15,122962,1,8,0,238.0
10109448NASCIMENTOT_2025-05-15_G28,10109448NASCIMENTOT,2025-05-15,122962,1,2,0,225.0
10109448NASCIMENTOT_2025-05-15_G29,10109448NASCIMENTOT,2025-05-15,180054,1,1,0,251.0
10109448NASCIMENTOT_2025-05-15_G30,10109448NASCIMENTOT,2025-05-15,123562,1,4,0,261.0
10109448NASCIMENTOT_2025-05-19_G02,10109448NASCIMENTOT,2025-05-19,121651,1,1,0,699.0
10109448NASCIMENTOT_2025-05-19_G03,10109448NASCIMENTOT,2025-05-19,121760,1,4,0,206.0
10109448NASCIMENTOT_2025-05-19_G04,10109448NASCIMENTOT,2025-05-19,"122962, 124370, 124248, 122984, 121760",5,30,29,2379.0
10109448NASCIMENTOT_2025-05-19_G05,10109448NASCIMENTOT,2025-05-19,124248,1,30,0,643.0
10109448NASCIMENTOT_2025-05-19_G06,10109448NASCIMENTOT,2025-05-19,124248,1,38,0,1374.0
10109448NASCIMENTOT_2025-05-19_G07,10109448NASCIMENTOT,2025-05-19,121760,1,55,0,1082.0
10109448NASCIMENTOT_2025-05-19_G08,10109448NASCIMENTOT,2025-05-19,123562,1,8,0,291.0
10109448NASCIMENTOT_2025-05-19_G09,10109448NASCIMENTOT,2025-05-19,124370,1,6,0,117.0
10109448NASCIMENTOT_2025-05-19_G10,10109448NASCIMENTOT,2025-05-19,121760,1,10,0,267.0
10109448NASCIMENTOT_2025-05-19_G11,10109448NASCIMENTOT,2025-05-19,123343,1,6,0,169.0
10109448NASCIMENTOT_2025-05-19_G12,10109448NASCIMENTOT,2025-05-19,123345,1,13,0,301.0
10109448NASCIMENTOT_2025-05-19_G13,10109448NASCIMENTOT,2025-05-19,124548,1,1,0,109.0
10109448NASCIMENTOT_2025-05-19_G14,10109448NASCIMENTOT,2025-05-19,124548,1,12,0,204.0
10109448NASCIMENTOT_2025-05-19_G15,10109448NASCIMENTOT,2025-05-19,124248,1,30,0,700.0
10109448NASCIMENTOT_2025-05-19_G16,10109448NASCIMENTOT,2025-05-19,123153,1,6,0,123.0
10109448NASCIMENTOT_2025-05-19_G17,10109448NASCIMENTOT,2025-05-19,122673,1,8,0,365.0
10109448NASCIMENTOT_2025-05-19_G18,10109448NASCIMENTOT,2025-05-19,121651,1,8,0,338.0
10109448NASCIMENTOT_2025-05-19_G20,10109448NASCIMENTOT,2025-05-19,"122962, 124370, 124475, 124371, 120339",7,119,35,48.0
10109448NASCIMENTOT_2025-05-19_G22,10109448NASCIMENTOT,2025-05-19,124477,1,20,0,1598.0
10109448NASCIMENTOT_2025-05-19_G23,10109448NASCIMENTOT,2025-05-19,121760,1,5,0,135.0
10109448NASCIMENTOT_2025-05-19_G24,10109448NASCIMENTOT,2025-05-19,123345,1,14,0,367.0
10109448NASCIMENTOT_2025-05-19_G25,10109448NASCIMENTOT,2025-05-19,121651,1,31,0,289.0
10109448NASCIMENTOT_2025-05-19_G26,10109448NASCIMENTOT,2025-05-19,121651,1,5,0,36.0
10109448NASCIMENTOT_2025-05-19_G27,10109448NASCIMENTOT,2025-05-19,124486,1,100,0,2135.0
10109448NASCIMENTOT_2025-05-19_G28,10109448NASCIMENTOT,2025-05-19,123909,1,6,0,611.0
10109448NASCIMENTOT_2025-05-19_G29,10109448NASCIMENTOT,2025-05-19,121651,1,6,0,280.0
10109448NASCIMENTOT_2025-05-19_G30,10109448NASCIMENTOT,2025-05-19,122671,1,4,0,334.0
10109448NASCIMENTOT_2025-05-19_G31,10109448NASCIMENTOT,2025-05-19,122703,1,1,0,118.0
10109448NASCIMENTOT_2025-05-19_G32,10109448NASCIMENTOT,2025-05-19,121760,1,2,0,134.0
10109448NASCIMENTOT_2025-05-19_G33,10109448NASCIMENTOT,2025-05-19,123343,1,1,0,68.0
10109448NASCIMENTOT_2025-05-19_G34,10109448NASCIMENTOT,2025-05-19,123345,1,4,0,459.0
10109448NASCIMENTOT_2025-05-19_G35,10109448NASCIMENTOT,2025-05-19,123345,1,4,0,190.0
10109448NASCIMENTOT_2025-05-21_G02,10109448NASCIMENTOT,2025-05-21,122671,1,8,0,87.0
10109448NASCIMENTOT_2025-05-21_G03,10109448NASCIMENTOT,2025-05-21,122647,1,2,0,145.0
10109448NASCIMENTOT_2025-05-21_G04,10109448NASCIMENTOT,2025-05-21,122647,1,2,0,225.0
10109448NASCIMENTOT_2025-05-21_G05,10109448NASCIMENTOT,2025-05-21,123909,1,8,0,306.0
10109448NASCIMENTOT_2025-05-21_G06,10109448NASCIMENTOT,2025-05-21,"123561, 122703, 122984, 124248",5,40,33,1045.0
10109448NASCIMENTOT_2025-05-21_G07,10109448NASCIMENTOT,2025-05-21,122647,1,80,0,1637.0
10109448NASCIMENTOT_2025-05-21_G08,10109448NASCIMENTOT,2025-05-21,122984,1,4,0,67.0
10109448NASCIMENTOT_2025-05-21_G09,10109448NASCIMENTOT,2025-05-21,124486,1,8,0,160.0
10109448NASCIMENTOT_2025-05-21_G10,10109448NASCIMENTOT,2025-05-21,124548,1,8,0,1670.0
10109448NASCIMENTOT_2025-05-21_G11,10109448NASCIMENTOT,2025-05-21,124486,1,4,0,120.0
10109448NASCIMENTOT_2025-05-21_G12,10109448NASCIMENTOT,2025-05-21,123343,1,8,0,165.0
10109448NASCIMENTOT_2025-05-21_G13,10109448NASCIMENTOT,2025-05-21,123153,1,16,0,344.0
10109448NASCIMENTOT_2025-05-21_G14,10109448NASCIMENTOT,2025-05-21,122673,1,16,0,272.0
10109448NASCIMENTOT_2025-05-21_G15,10109448NASCIMENTOT,2025-05-21,123153,1,16,0,244.0
10109448NASCIMENTOT_2025-05-21_G16,10109448NASCIMENTOT,2025-05-21,122673,1,16,0,861.0
10109448NASCIMENTOT_2025-05-21_G17,10109448NASCIMENTOT,2025-05-21,120028,1,20,0,415.0
10109448NASCIMENTOT_2025-05-21_G18,10109448NASCIMENTOT,2025-05-21,120028,1,1,0,349.0
10109448NASCIMENTOT_2025-05-21_G19,10109448NASCIMENTOT,2025-05-21,124248,1,20,0,506.0
10109448NASCIMENTOT_2025-05-21_G20,10109448NASCIMENTOT,2025-05-21,124248,1,17,0,493.0
10109448NASCIMENTOT_2025-05-21_G21,10109448NASCIMENTOT,2025-05-21,120028,1,34,0,1805.0
10109448NASCIMENTOT_2025-05-21_G22,10109448NASCIMENTOT,2025-05-21,120028,1,18,0,58.0
10109448NASCIMENTOT_2025-05-21_G23,10109448NASCIMENTOT,2025-05-21,180024,1,2,0,359.0
10109448NASCIMENTOT_2025-05-21_G24,10109448NASCIMENTOT,2025-05-21,120028,1,7,0,109.0
10109448NASCIMENTOT_2025-05-21_G25,10109448NASCIMENTOT,2025-05-21,124486,1,9,0,1353.0
10109448NASCIMENTOT_2025-05-22_G02,10109448NASCIMENTOT,2025-05-22,120339,1,12,0,426.0
10109448NASCIMENTOT_2025-05-22_G03,10109448NASCIMENTOT,2025-05-22,120339,1,8,0,140.0
10109448NASCIMENTOT_2025-05-22_G04,10109448NASCIMENTOT,2025-05-22,"124248, 120339, 123561, 122983",10,54,41,1426.0
10109448NASCIMENTOT_2025-05-22_G05,10109448NASCIMENTOT,2025-05-22,122962,1,20,0,370.0
10109448NASCIMENTOT_2025-05-22_G06,10109448NASCIMENTOT,2025-05-22,122986,1,3,0,175.0
10109448NASCIMENTOT_2025-05-22_G07,10109448NASCIMENTOT,2025-05-22,122981,1,8,0,150.0
10109448NASCIMENTOT_2025-05-22_G08,10109448NASCIMENTOT,2025-05-22,122962,1,20,0,126.0
10109448NASCIMENTOT_2025-05-22_G09,10109448NASCIMENTOT,2025-05-22,122981,1,4,0,175.0
10109448NASCIMENTOT_2025-05-22_G10,10109448NASCIMENTOT,2025-05-22,124247,1,6,0,42.0
10109448NASCIMENTOT_2025-05-22_G11,10109448NASCIMENTOT,2025-05-22,122962,1,100,0,1099.0
10109448NASCIMENTOT_2025-05-26_G02,10109448NASCIMENTOT,2025-05-26,123343,1,8,0,200.0
10109448NASCIMENTOT_2025-05-26_G03,10109448NASCIMENTOT,2025-05-26,123822,1,1,0,376.0
10109448NASCIMENTOT_2025-05-26_G04,10109448NASCIMENTOT,2025-05-26,124371,1,10,0,220.0
10109448NASCIMENTOT_2025-05-26_G05,10109448NASCIMENTOT,2025-05-26,123561,1,4,0,819.0
10109448NASCIMENTOT_2025-05-26_G06,10109448NASCIMENTOT,2025-05-26,124371,1,20,0,547.0
10109448NASCIMENTOT_2025-05-26_G07,10109448NASCIMENTOT,2025-05-26,124594,1,6,0,219.0
10109448NASCIMENTOT_2025-05-28_G02,10109448NASCIMENTOT,2025-05-28,123948,1,45,0,1584.0
10109448NASCIMENTOT_2025-05-28_G03,10109448NASCIMENTOT,2025-05-28,180098,1,1,0,275.0
10109448NASCIMENTOT_2025-05-28_G04,10109448NASCIMENTOT,2025-05-28,180098,1,3,0,389.0
10109448NASCIMENTOT_2025-05-29_G02,10109448NASCIMENTOT,2025-05-29,122185,1,30,0,443.0
10109448NASCIMENTOT_2025-05-29_G03,10109448NASCIMENTOT,2025-05-29,123948,1,80,0,1907.0
10109448NASCIMENTOT_2025-05-29_G04,10109448NASCIMENTOT,2025-05-29,124264,1,20,0,488.0
10109448NASCIMENTOT_2025-05-29_G05,10109448NASCIMENTOT,2025-05-29,122981,1,16,0,460.0
10109448NASCIMENTOT_2025-05-29_G06,10109448NASCIMENTOT,2025-05-29,124264,1,34,0,537.0
10109448NASCIMENTOT_2025-05-29_G07,10109448NASCIMENTOT,2025-05-29,123345,1,6,0,159.0
10109448NASCIMENTOT_2025-05-29_G08,10109448NASCIMENTOT,2025-05-29,124486,1,6,0,196.0
10109448NASCIMENTOT_2025-05-30_G02,10109448NASCIMENTOT,2025-05-30,123345,1,6,0,518.0
10109448NASCIMENTOT_2025-05-30_G03,10109448NASCIMENTOT,2025-05-30,122962,1,2,0,76.0
10109448NASCIMENTOT_2025-05-30_G04,10109448NASCIMENTOT,2025-05-30,121760,1,4,0,189.0
10109448NASCIMENTOT_2025-05-30_G05,10109448NASCIMENTOT,2025-05-30,122962,1,2,0,64.0
10109448NASCIMENTOT_2025-05-30_G06,10109448NASCIMENTOT,2025-05-30,122703,1,2,0,77.0
10109448NASCIMENTOT_2025-05-30_G07,10109448NASCIMENTOT,2025-05-30,124475,1,2,0,98.0
10109448NASCIMENTOT_2025-05-30_G08,10109448NASCIMENTOT,2025-05-30,"123948, 123889",2,42,13,1166.0
10109448NASCIMENTOT_2025-05-30_G09,10109448NASCIMENTOT,2025-05-30,122962,1,4,0,76.0
10109448NASCIMENTOT_2025-05-30_G10,10109448NASCIMENTOT,2025-05-30,120271,1,4,0,132.0
10109448NASCIMENTOT_2025-05-30_G11,10109448NASCIMENTOT,2025-05-30,124476,1,4,0,171.0
10109448NASCIMENTOT_2025-05-30_G12,10109448NASCIMENTOT,2025-05-30,123345,1,6,0,72.0
10109448NASCIMENTOT_2025-05-30_G13,10109448NASCIMENTOT,2025-05-30,122703,1,4,0,174.0
10109448NASCIMENTOT_2025-05-30_G14,10109448NASCIMENTOT,2025-05-30,120339,1,8,0,117.0
10109448NASCIMENTOT_2025-05-30_G15,10109448NASCIMENTOT,2025-05-30,124264,1,40,0,612.0
10109448NASCIMENTOT_2025-05-30_G16,10109448NASCIMENTOT,2025-05-30,124264,1,22,0,362.0
10109448NASCIMENTOT_2025-05-30_G17,10109448NASCIMENTOT,2025-05-30,123909,1,2,0,117.0
10109448NASCIMENTOT_2025-05-30_G18,10109448NASCIMENTOT,2025-05-30,124486,1,6,0,166.0
10109448NASCIMENTOT_2025-05-30_G19,10109448NASCIMENTOT,2025-05-30,122962,1,3,0,150.0
10109448NASCIMENTOT_2025-05-30_G20,10109448NASCIMENTOT,2025-05-30,121760,1,4,0,127.0
10109448NASCIMENTOT_2025-05-30_G21,10109448NASCIMENTOT,2025-05-30,123344,1,4,0,106.0
10109448NASCIMENTOT_2025-05-30_G22,10109448NASCIMENTOT,2025-05-30,123345,1,4,0,196.0
10109448NASCIMENTOT_2025-05-30_G23,10109448NASCIMENTOT,2025-05-30,122962,1,2,0,145.0
10109448NASCIMENTOT_2025-05-30_G24,10109448NASCIMENTOT,2025-05-30,123948,1,45,0,38.0
10109448NASCIMENTOT_2025-05-30_G25,10109448NASCIMENTOT,2025-05-30,123345,1,6,0,414.0
10109448NASCIMENTOT_2025-05-30_G26,10109448NASCIMENTOT,2025-05-30,124371,1,8,0,869.0
10109448NASCIMENTOT_2025-05-30_G27,10109448NASCIMENTOT,2025-05-30,124476,1,2,0,161.0
10109448NASCIMENTOT_2025-05-30_G28,10109448NASCIMENTOT,2025-05-30,124370,1,8,0,474.0
10109448NASCIMENTOT_2025-05-30_G29,10109448NASCIMENTOT,2025-05-30,124475,1,4,0,133.0
10109448NASCIMENTOT_2025-05-31_G02,10109448NASCIMENTOT,2025-05-31,122983,1,12,0,324.0
10109448NASCIMENTOT_2025-05-31_G03,10109448NASCIMENTOT,2025-05-31,122983,1,4,0,203.0
10109448NASCIMENTOT_2025-05-31_G04,10109448NASCIMENTOT,2025-05-31,123560,3,7,13,120.0
10109448NASCIMENTOT_2025-05-31_G05,10109448NASCIMENTOT,2025-05-31,181887,1,9,0,642.0
10109448NASCIMENTOT_2025-05-31_G06,10109448NASCIMENTOT,2025-05-31,122962,1,61,0,960.0
10109448NASCIMENTOT_2025-05-31_G07,10109448NASCIMENTOT,2025-05-31,123492,1,25,0,527.0
10109448NASCIMENTOT_2025-05-31_G08,10109448NASCIMENTOT,2025-05-31,123492,1,11,0,618.0
10109448NASCIMENTOT_2025-05-31_G09,10109448NASCIMENTOT,2025-05-31,123909,1,4,0,109.0
10109448NASCIMENTOT_2025-05-31_G10,10109448NASCIMENTOT,2025-05-31,124486,1,3,0,88.0
10109448NASCIMENTOT_2025-05-31_G11,10109448NASCIMENTOT,2025-05-31,120389,1,11,0,706.0
10109448NASCIMENTOT_2025-05-31_G12,10109448NASCIMENTOT,2025-05-31,123130,1,4,0,97.0
10109448NASCIMENTOT_2025-05-31_G13,10109448NASCIMENTOT,2025-05-31,123909,1,1,0,151.0
10109448NASCIMENTOT_2025-05-31_G14,10109448NASCIMENTOT,2025-05-31,123344,1,2,0,475.0
10109448NASCIMENTOT_2025-05-31_G15,10109448NASCIMENTOT,2025-05-31,120389,1,2,0,163.0
10109448NASCIMENTOT_2025-05-31_G16,10109448NASCIMENTOT,2025-05-31,123344,2,22,15,549.0
10109448NASCIMENTOT_2025-05-31_G17,10109448NASCIMENTOT,2025-05-31,120389,1,6,0,736.0
10109448NASCIMENTOT_2025-05-31_G18,10109448NASCIMENTOT,2025-05-31,124475,1,12,0,1183.0
10109448NASCIMENTOT_2025-05-31_G19,10109448NASCIMENTOT,2025-05-31,124476,1,12,0,659.0
10109448NASCIMENTOT_2025-05-31_G20,10109448NASCIMENTOT,2025-05-31,123343,1,2,0,1280.0
10109448NASCIMENTOT_2025-06-11_G02,10109448NASCIMENTOT,2025-06-11,123153,1,30,0,373.0
10109448NASCIMENTOT_2025-06-11_G03,10109448NASCIMENTOT,2025-06-11,124370,1,12,0,692.0
10109448NASCIMENTOT_2025-06-11_G04,10109448NASCIMENTOT,2025-06-11,122185,1,10,0,347.0
10109448NASCIMENTOT_2025-06-11_G05,10109448NASCIMENTOT,2025-06-11,124475,1,6,0,183.0
10109448NASCIMENTOT_2025-06-11_G06,10109448NASCIMENTOT,2025-06-11,123521,1,6,0,272.0
10109448NASCIMENTOT_2025-06-11_G07,10109448NASCIMENTOT,2025-06-11,121760,1,20,0,489.0
10109448NASCIMENTOT_2025-06-11_G08,10109448NASCIMENTOT,2025-06-11,124476,1,8,0,286.0
10109448NASCIMENTOT_2025-06-12_G02,10109448NASCIMENTOT,2025-06-12,123343,1,2,0,327.0
10109448NASCIMENTOT_2025-06-12_G03,10109448NASCIMENTOT,2025-06-12,123345,1,3,0,235.0
10109448NASCIMENTOT_2025-06-12_G04,10109448NASCIMENTOT,2025-06-12,124370,1,4,0,427.0
10109448NASCIMENTOT_2025-06-12_G05,10109448NASCIMENTOT,2025-06-12,124370,1,8,0,148.0
10109448NASCIMENTOT_2025-06-12_G06,10109448NASCIMENTOT,2025-06-12,124371,1,6,0,303.0
10109448NASCIMENTOT_2025-06-12_G07,10109448NASCIMENTOT,2025-06-12,124475,1,4,0,208.0
10109448NASCIMENTOT_2025-06-12_G08,10109448NASCIMENTOT,2025-06-12,124248,1,6,0,264.0
10109448NASCIMENTOT_2025-06-12_G09,10109448NASCIMENTOT,2025-06-12,123344,1,6,0,284.0
10109448NASCIMENTOT_2025-06-12_G10,10109448NASCIMENTOT,2025-06-12,123521,1,6,0,337.0
10109448NASCIMENTOT_2025-06-12_G11,10109448NASCIMENTOT,2025-06-12,123153,1,26,0,1755.0
10109448NASCIMENTOT_2025-06-12_G12,10109448NASCIMENTOT,2025-06-12,123343,1,20,0,257.0
10109448NASCIMENTOT_2025-06-12_G13,10109448NASCIMENTOT,2025-06-12,123909,1,6,0,2180.0
10109448NASCIMENTOT_2025-06-12_G14,10109448NASCIMENTOT,2025-06-12,122673,1,6,0,228.0
10109448NASCIMENTOT_2025-06-12_G15,10109448NASCIMENTOT,2025-06-12,121760,1,6,0,951.0
10109448NASCIMENTOT_2025-06-12_G16,10109448NASCIMENTOT,2025-06-12,122962,1,24,0,1620.0
10109448NASCIMENTOT_2025-06-12_G17,10109448NASCIMENTOT,2025-06-12,124486,1,10,0,150.0
10109448NASCIMENTOT_2025-06-12_G18,10109448NASCIMENTOT,2025-06-12,123909,1,6,0,450.0
10109448NASCIMENTOT_2025-06-12_G19,10109448NASCIMENTOT,2025-06-12,121651,1,3,0,74.0
10109448NASCIMENTOT_2025-06-12_G20,10109448NASCIMENTOT,2025-06-12,121760,1,4,0,141.0
10109448NASCIMENTOT_2025-06-13_G02,10109448NASCIMENTOT,2025-06-13,123345,1,16,0,340.0
10109448NASCIMENTOT_2025-06-13_G03,10109448NASCIMENTOT,2025-06-13,120028,1,10,0,357.0
10109448NASCIMENTOT_2025-06-13_G04,10109448NASCIMENTOT,2025-06-13,121651,1,100,0,2297.0
10109448NASCIMENTOT_2025-06-13_G05,10109448NASCIMENTOT,2025-06-13,122703,2,30,8,124.0
10109448NASCIMENTOT_2025-06-13_G06,10109448NASCIMENTOT,2025-06-13,124371,1,20,0,434.0
10109448NASCIMENTOT_2025-06-13_G08,10109448NASCIMENTOT,2025-06-13,123909,1,6,0,70.0
10109448NASCIMENTOT_2025-06-13_G09,10109448NASCIMENTOT,2025-06-13,122189,1,80,0,1495.0
10109448NASCIMENTOT_2025-06-13_G10,10109448NASCIMENTOT,2025-06-13,122962,1,16,0,744.0
10109448NASCIMENTOT_2025-06-13_G11,10109448NASCIMENTOT,2025-06-13,122647,1,2,0,54.0
10109448NASCIMENTOT_2025-06-13_G12,10109448NASCIMENTOT,2025-06-13,120028,1,8,0,525.0
10109448NASCIMENTOT_2025-06-13_G13,10109448NASCIMENTOT,2025-06-13,122962,1,32,0,654.0
10109448NASCIMENTOT_2025-06-13_G15,10109448NASCIMENTOT,2025-06-13,124248,1,100,0,2314.0
10109448NASCIMENTOT_2025-06-13_G16,10109448NASCIMENTOT,2025-06-13,"123344, 122671, 122982, 122962, 124486, 123909, 124475",7,38,71,3587.0
10109448NASCIMENTOT_2025-06-13_G17,10109448NASCIMENTOT,2025-06-13,181057,1,2,0,158.0
10109448NASCIMENTOT_2025-06-13_G18,10109448NASCIMENTOT,2025-06-13,123344,1,18,0,739.0
10109448NASCIMENTOT_2025-06-13_G19,10109448NASCIMENTOT,2025-06-13,"124486, 122185, 121760",3,30,34,713.0
10109448NASCIMENTOT_2025-06-14_G02,10109448NASCIMENTOT,2025-06-14,124477,1,8,0,2231.0
10109448NASCIMENTOT_2025-06-14_G03,10109448NASCIMENTOT,2025-06-14,123345,1,15,0,2625.0
10109448NASCIMENTOT_2025-06-14_G06,10109448NASCIMENTOT,2025-06-14,124371,1,12,0,2706.0
10109448NASCIMENTOT_2025-06-14_G07,10109448NASCIMENTOT,2025-06-14,124476,1,6,0,251.0
10109448NASCIMENTOT_2025-06-14_G08,10109448NASCIMENTOT,2025-06-14,122984,1,12,0,227.0
10109448NASCIMENTOT_2025-06-14_G09,10109448NASCIMENTOT,2025-06-14,123343,1,4,0,136.0
10109448NASCIMENTOT_2025-06-14_G10,10109448NASCIMENTOT,2025-06-14,"122673, 124476",2,6,22,81.0
10109448NASCIMENTOT_2025-06-17_G02,10109448NASCIMENTOT,2025-06-17,121760,1,4,0,295.0
10109448NASCIMENTOT_2025-06-17_G03,10109448NASCIMENTOT,2025-06-17,121760,1,4,0,98.0
10109448NASCIMENTOT_2025-06-17_G04,10109448NASCIMENTOT,2025-06-17,124370,1,10,0,970.0
10109448NASCIMENTOT_2025-06-17_G05,10109448NASCIMENTOT,2025-06-17,121760,1,10,0,201.0
10109448NASCIMENTOT_2025-06-17_G06,10109448NASCIMENTOT,2025-06-17,124247,1,6,0,1060.0
10109448NASCIMENTOT_2025-06-17_G07,10109448NASCIMENTOT,2025-06-17,124477,1,4,0,35.0
10109448NASCIMENTOT_2025-06-17_G08,10109448NASCIMENTOT,2025-06-17,122703,1,3,0,171.0
10109448NASCIMENTOT_2025-06-17_G09,10109448NASCIMENTOT,2025-06-17,123344,1,4,0,146.0
10109448NASCIMENTOT_2025-06-17_G10,10109448NASCIMENTOT,2025-06-17,124247,1,2,0,175.0
10109448NASCIMENTOT_2025-06-17_G11,10109448NASCIMENTOT,2025-06-17,123345,1,10,0,252.0
10109448NASCIMENTOT_2025-06-17_G12,10109448NASCIMENTOT,2025-06-17,122986,1,40,0,1728.0
10109448NASCIMENTOT_2025-06-17_G13,10109448NASCIMENTOT,2025-06-17,124248,1,12,0,580.0
10109448NASCIMENTOT_2025-06-17_G14,10109448NASCIMENTOT,2025-06-17,121651,1,1,0,346.0
10109448NASCIMENTOT_2025-06-17_G15,10109448NASCIMENTOT,2025-06-17,123344,1,2,0,58.0
10109448NASCIMENTOT_2025-06-17_G16,10109448NASCIMENTOT,2025-06-17,121651,1,2,0,270.0
10109448NASCIMENTOT_2025-06-17_G17,10109448NASCIMENTOT,2025-06-17,"123344, 124477",2,6,9,268.0
10109448NASCIMENTOT_2025-06-17_G18,10109448NASCIMENTOT,2025-06-17,123345,1,4,0,327.0
10109448NASCIMENTOT_2025-06-17_G19,10109448NASCIMENTOT,2025-06-17,124486,1,2,0,133.0
10109448NASCIMENTOT_2025-06-17_G20,10109448NASCIMENTOT,2025-06-17,120389,1,2,0,189.0
10109448NASCIMENTOT_2025-06-17_G21,10109448NASCIMENTOT,2025-06-17,121923,1,2,0,41.0
10109448NASCIMENTOT_2025-06-17_G22,10109448NASCIMENTOT,2025-06-17,124371,1,4,0,119.0
10109448NASCIMENTOT_2025-06-17_G23,10109448NASCIMENTOT,2025-06-17,124476,1,4,0,205.0
10109448NASCIMENTOT_2025-06-17_G24,10109448NASCIMENTOT,2025-06-17,"124477, 121760, 123909, 124475, 122673, 121651, 123344",7,27,50,1887.0
10109448NASCIMENTOT_2025-06-17_G25,10109448NASCIMENTOT,2025-06-17,123345,1,6,0,267.0
10109448NASCIMENTOT_2025-06-17_G26,10109448NASCIMENTOT,2025-06-17,"123909, 123345",2,7,23,165.0
10109448NASCIMENTOT_2025-06-18_G02,10109448NASCIMENTOT,2025-06-18,122703,1,4,0,215.0
10109448NASCIMENTOT_2025-06-18_G03,10109448NASCIMENTOT,2025-06-18,124371,1,8,0,270.0
10109448NASCIMENTOT_2025-06-18_G04,10109448NASCIMENTOT,2025-06-18,122984,1,4,0,98.0
10109448NASCIMENTOT_2025-06-18_G05,10109448NASCIMENTOT,2025-06-18,123345,1,2,0,145.0
10109448NASCIMENTOT_2025-06-18_G06,10109448NASCIMENTOT,2025-06-18,123345,1,2,0,227.0
10109448NASCIMENTOT_2025-06-18_G07,10109448NASCIMENTOT,2025-06-18,"124248, 122962, 124370, 122982, 123909, 124371, 122984",7,61,45,1851.0
10109448NASCIMENTOT_2025-06-18_G08,10109448NASCIMENTOT,2025-06-18,120028,1,12,0,438.0
10109448NASCIMENTOT_2025-06-18_G09,10109448NASCIMENTOT,2025-06-18,"122962, 124370, 122982, 124371, 122984, 124248",6,82,25,2723.0
10109448NASCIMENTOT_2025-06-18_G10,10109448NASCIMENTOT,2025-06-18,122647,1,50,0,1228.0
10109448NASCIMENTOT_2025-06-18_G11,10109448NASCIMENTOT,2025-06-18,122962,1,8,0,210.0
10109448NASCIMENTOT_2025-06-18_G12,10109448NASCIMENTOT,2025-06-18,124370,1,16,0,524.0
10109448NASCIMENTOT_2025-06-18_G13,10109448NASCIMENTOT,2025-06-18,124486,1,10,0,82.0
10109448NASCIMENTOT_2025-06-18_G14,10109448NASCIMENTOT,2025-06-18,124371,1,10,0,130.0
10109448NASCIMENTOT_2025-06-18_G15,10109448NASCIMENTOT,2025-06-18,123344,1,8,0,87.0
10109448NASCIMENTOT_2025-06-18_G16,10109448NASCIMENTOT,2025-06-18,122962,1,24,0,410.0
10109448NASCIMENTOT_2025-06-18_G17,10109448NASCIMENTOT,2025-06-18,124486,1,20,0,2659.0
10109448NASCIMENTOT_2025-06-18_G18,10109448NASCIMENTOT,2025-06-18,"122967, 122962, 123909, 122673, 122671",7,92,112,2977.0
10109448NASCIMENTOT_2025-06-18_G19,10109448NASCIMENTOT,2025-06-18,124477,1,1,0,80.0
10109448NASCIMENTOT_2025-06-18_G21,10109448NASCIMENTOT,2025-06-18,"122671, 122673, 124486, 122962",6,46,64,46.0
10109448NASCIMENTOT_2025-06-18_G22,10109448NASCIMENTOT,2025-06-18,122962,1,40,0,746.0
10109448NASCIMENTOT_2025-06-20_G02,10109448NASCIMENTOT,2025-06-20,"122984, 122962, 124486, 120028, 122671",9,80,146,187.0
10109448NASCIMENTOT_2025-06-20_G03,10109448NASCIMENTOT,2025-06-20,122983,1,6,0,319.0
10109448NASCIMENTOT_2025-06-20_G04,10109448NASCIMENTOT,2025-06-20,123313,1,32,0,258.0
10109448NASCIMENTOT_2025-06-20_G05,10109448NASCIMENTOT,2025-06-20,123313,1,18,0,821.0
10109448NASCIMENTOT_2025-06-20_G06,10109448NASCIMENTOT,2025-06-20,124477,1,50,0,3553.0
10109448NASCIMENTOT_2025-06-20_G07,10109448NASCIMENTOT,2025-06-20,123344,1,200,0,38.0
10109448NASCIMENTOT_2025-06-20_G08,10109448NASCIMENTOT,2025-06-20,122703,1,60,0,1030.0
10109448NASCIMENTOT_2025-06-20_G09,10109448NASCIMENTOT,2025-06-20,122984,1,9,0,570.0
10109448NASCIMENTOT_2025-06-20_G10,10109448NASCIMENTOT,2025-06-20,123562,1,3,0,867.0
10109448NASCIMENTOT_2025-06-20_G11,10109448NASCIMENTOT,2025-06-20,122983,1,4,0,100.0
10109448NASCIMENTOT_2025-06-20_G12,10109448NASCIMENTOT,2025-06-20,124486,1,5,0,408.0
10109448NASCIMENTOT_2025-06-20_G13,10109448NASCIMENTOT,2025-06-20,124548,1,3,0,149.0
10109448NASCIMENTOT_2025-06-20_G14,10109448NASCIMENTOT,2025-06-20,123344,1,13,0,452.0
10109448NASCIMENTOT_2025-06-20_G16,10109448NASCIMENTOT,2025-06-20,122984,1,30,0,474.0
10109448NASCIMENTOT_2025-06-20_G18,10109448NASCIMENTOT,2025-06-20,124486,1,60,0,1460.0
10109448NASCIMENTOT_2025-06-20_G19,10109448NASCIMENTOT,2025-06-20,124371,1,60,0,603.0
10109448NASCIMENTOT_2025-06-20_G20,10109448NASCIMENTOT,2025-06-20,122968,1,20,0,417.0
10109448NASCIMENTOT_2025-06-21_G02,10109448NASCIMENTOT,2025-06-21,181057,1,2,0,34.0
10109448NASCIMENTOT_2025-06-21_G03,10109448NASCIMENTOT,2025-06-21,124264,1,8,0,266.0
10109448NASCIMENTOT_2025-06-21_G05,10109448NASCIMENTOT,2025-06-21,"122982, 122984",2,72,10,36.0
10109448NASCIMENTOT_2025-06-21_G06,10109448NASCIMENTOT,2025-06-21,122962,1,50,0,1140.0
10109448NASCIMENTOT_2025-06-21_G07,10109448NASCIMENTOT,2025-06-21,123343,1,36,0,1073.0
10109448NASCIMENTOT_2025-06-21_G09,10109448NASCIMENTOT,2025-06-21,123343,2,7,9,2111.0
10109448NASCIMENTOT_2025-06-21_G10,10109448NASCIMENTOT,2025-06-21,"122962, 120272, 123343",3,21,34,1071.0
10109448NASCIMENTOT_2025-06-21_G11,10109448NASCIMENTOT,2025-06-21,120028,1,4,0,31.0
10109448NASCIMENTOT_2025-06-21_G12,10109448NASCIMENTOT,2025-06-21,"123153, 123343",3,44,44,100.0
10109448NASCIMENTOT_2025-06-21_G13,10109448NASCIMENTOT,2025-06-21,123343,2,11,5,2079.0
10109448NASCIMENTOT_2025-06-21_G14,10109448NASCIMENTOT,2025-06-21,123343,2,7,9,89.0
10109448NASCIMENTOT_2025-06-23_G02,10109448NASCIMENTOT,2025-06-23,124476,3,16,48,1361.0
10109448NASCIMENTOT_2025-06-23_G03,10109448NASCIMENTOT,2025-06-23,"124486, 122962",2,20,30,998.0
10109448NASCIMENTOT_2025-06-23_G04,10109448NASCIMENTOT,2025-06-23,124476,1,4,0,196.0
10109448NASCIMENTOT_2025-06-23_G05,10109448NASCIMENTOT,2025-06-23,124476,1,4,0,31.0
10109448NASCIMENTOT_2025-06-24_G02,10109448NASCIMENTOT,2025-06-24,123822,1,100,0,2619.0
10109448NASCIMENTOT_2025-06-24_G04,10109448NASCIMENTOT,2025-06-24,122671,1,50,0,2147.0
10109448NASCIMENTOT_2025-06-24_G05,10109448NASCIMENTOT,2025-06-24,120028,1,100,0,1775.0
10109448NASCIMENTOT_2025-06-25_G02,10109448NASCIMENTOT,2025-06-25,124247,1,9,0,227.0
10109448NASCIMENTOT_2025-06-25_G03,10109448NASCIMENTOT,2025-06-25,123520,1,4,0,163.0
10109448NASCIMENTOT_2025-06-25_G04,10109448NASCIMENTOT,2025-06-25,124370,1,10,0,457.0
10109448NASCIMENTOT_2025-06-25_G05,10109448NASCIMENTOT,2025-06-25,124486,1,5,0,103.0
10109448NASCIMENTOT_2025-06-25_G06,10109448NASCIMENTOT,2025-06-25,124476,1,3,0,297.0
10109448NASCIMENTOT_2025-06-25_G07,10109448NASCIMENTOT,2025-06-25,123345,1,39,0,691.0
10109448NASCIMENTOT_2025-06-25_G08,10109448NASCIMENTOT,2025-06-25,124486,1,48,0,1147.0
10109448NASCIMENTOT_2025-06-25_G09,10109448NASCIMENTOT,2025-06-25,124476,1,4,0,91.0
10109448NASCIMENTOT_2025-06-25_G10,10109448NASCIMENTOT,2025-06-25,"122671, 123345",2,7,24,544.0
10109448NASCIMENTOT_2025-06-25_G11,10109448NASCIMENTOT,2025-06-25,123313,1,8,0,747.0
10109448NASCIMENTOT_2025-06-25_G12,10109448NASCIMENTOT,2025-06-25,122962,1,6,0,126.0
10109448NASCIMENTOT_2025-06-25_G13,10109448NASCIMENTOT,2025-06-25,124486,1,60,0,978.0
10109448NASCIMENTOT_2025-06-25_G14,10109448NASCIMENTOT,2025-06-25,120339,1,60,0,710.0
10109448NASCIMENTOT_2025-06-25_G15,10109448NASCIMENTOT,2025-06-25,124248,1,4,0,527.0
10109448NASCIMENTOT_2025-06-25_G16,10109448NASCIMENTOT,2025-06-25,124624,1,40,0,358.0
10109448NASCIMENTOT_2025-06-25_G17,10109448NASCIMENTOT,2025-06-25,123560,1,10,0,65.0
10109448NASCIMENTOT_2025-06-25_G19,10109448NASCIMENTOT,2025-06-25,123561,3,24,19,96.0
10109448NASCIMENTOT_2025-06-25_G20,10109448NASCIMENTOT,2025-06-25,124247,1,34,0,380.0
10109448NASCIMENTOT_2025-06-25_G21,10109448NASCIMENTOT,2025-06-25,122983,1,8,0,119.0
10109448NASCIMENTOT_2025-06-25_G22,10109448NASCIMENTOT,2025-06-25,121651,1,8,0,166.0
10109448NASCIMENTOT_2025-06-25_G23,10109448NASCIMENTOT,2025-06-25,124247,1,8,0,381.0
10109448NASCIMENTOT_2025-06-25_G24,10109448NASCIMENTOT,2025-06-25,122962,1,5,0,50.0
10109448NASCIMENTOT_2025-06-25_G25,10109448NASCIMENTOT,2025-06-25,123344,1,8,0,157.0
10109448NASCIMENTOT_2025-06-25_G26,10109448NASCIMENTOT,2025-06-25,180024,1,6,0,307.0
10109448NASCIMENTOT_2025-06-26_G02,10109448NASCIMENTOT,2025-06-26,124248,1,1,0,45.0
10109448NASCIMENTOT_2025-06-26_G03,10109448NASCIMENTOT,2025-06-26,122962,2,8,15,970.0
10109448NASCIMENTOT_2025-06-26_G04,10109448NASCIMENTOT,2025-06-26,122185,1,6,0,199.0
10109448NASCIMENTOT_2025-06-26_G05,10109448NASCIMENTOT,2025-06-26,123313,1,14,0,882.0
10109448NASCIMENTOT_2025-06-26_G06,10109448NASCIMENTOT,2025-06-26,120028,1,4,0,183.0
10109448NASCIMENTOT_2025-06-26_G07,10109448NASCIMENTOT,2025-06-26,124247,1,2,0,169.0
10109448NASCIMENTOT_2025-06-26_G08,10109448NASCIMENTOT,2025-06-26,120028,1,68,0,1344.0
10109448NASCIMENTOT_2025-06-26_G09,10109448NASCIMENTOT,2025-06-26,120028,1,10,0,119.0
10109448NASCIMENTOT_2025-06-26_G10,10109448NASCIMENTOT,2025-06-26,120028,1,19,0,339.0
10109448NASCIMENTOT_2025-06-26_G11,10109448NASCIMENTOT,2025-06-26,120028,1,19,0,47.0
10109448NASCIMENTOT_2025-06-26_G12,10109448NASCIMENTOT,2025-06-26,120028,1,44,0,1263.0
10109448NASCIMENTOT_2025-06-26_G13,10109448NASCIMENTOT,2025-06-26,124486,1,80,0,1876.0
10109448NASCIMENTOT_2025-06-26_G14,10109448NASCIMENTOT,2025-06-26,122703,1,12,0,1707.0
10109448NASCIMENTOT_2025-06-26_G15,10109448NASCIMENTOT,2025-06-26,122984,1,8,0,113.0
10109448NASCIMENTOT_2025-06-26_G16,10109448NASCIMENTOT,2025-06-26,121651,1,24,0,420.0
10109448NASCIMENTOT_2025-06-26_G17,10109448NASCIMENTOT,2025-06-26,124476,1,1,0,38.0
10109448NASCIMENTOT_2025-06-26_G18,10109448NASCIMENTOT,2025-06-26,124476,1,7,0,349.0
10109448NASCIMENTOT_2025-06-26_G19,10109448NASCIMENTOT,2025-06-26,124370,1,10,0,2318.0
10109448NASCIMENTOT_2025-06-26_G20,10109448NASCIMENTOT,2025-06-26,120028,1,7,0,234.0
10109448NASCIMENTOT_2025-06-26_G21,10109448NASCIMENTOT,2025-06-26,122986,1,6,0,41.0
10109448NASCIMENTOT_2025-06-26_G22,10109448NASCIMENTOT,2025-06-26,121923,1,4,0,80.0
10109448NASCIMENTOT_2025-06-26_G23,10109448NASCIMENTOT,2025-06-26,122982,1,10,0,175.0
10109448NASCIMENTOT_2025-06-26_G24,10109448NASCIMENTOT,2025-06-26,124371,1,3,0,130.0
10109448NASCIMENTOT_2025-06-26_G25,10109448NASCIMENTOT,2025-06-26,124486,1,16,0,238.0
10109448NASCIMENTOT_2025-06-26_G26,10109448NASCIMENTOT,2025-06-26,122984,1,10,0,407.0
10109448NASCIMENTOT_2025-06-26_G27,10109448NASCIMENTOT,2025-06-26,122984,1,10,0,882.0
10109448NASCIMENTOT_2025-06-26_G28,10109448NASCIMENTOT,2025-06-26,122185,1,6,0,156.0
10109448NASCIMENTOT_2025-06-26_G29,10109448NASCIMENTOT,2025-06-26,121651,1,6,0,158.0
10109448NASCIMENTOT_2025-06-26_G30,10109448NASCIMENTOT,2025-06-26,124477,1,20,0,326.0
10109448NASCIMENTOT_2025-06-26_G31,10109448NASCIMENTOT,2025-06-26,123081,1,10,0,177.0
10109448NASCIMENTOT_2025-06-26_G33,10109448NASCIMENTOT,2025-06-26,"122962, 123344",2,4,11,32.0
10109448NASCIMENTOT_2025-06-26_G34,10109448NASCIMENTOT,2025-06-26,123345,1,5,0,300.0
10109448NASCIMENTOT_2025-06-26_G35,10109448NASCIMENTOT,2025-06-26,124247,1,2,0,284.0
10109448NASCIMENTOT_2025-06-26_G36,10109448NASCIMENTOT,2025-06-26,121760,1,2,0,78.0
10109448NASCIMENTOT_2025-06-26_G37,10109448NASCIMENTOT,2025-06-26,124370,1,2,0,63.0
10109448NASCIMENTOT_2025-06-26_G38,10109448NASCIMENTOT,2025-06-26,"122984, 124248",2,10,10,258.0
10109448NASCIMENTOT_2025-06-26_G39,10109448NASCIMENTOT,2025-06-26,122671,1,10,0,247.0
10109448NASCIMENTOT_2025-06-26_G40,10109448NASCIMENTOT,2025-06-26,122673,1,6,0,118.0
10109448NASCIMENTOT_2025-06-26_G41,10109448NASCIMENTOT,2025-06-26,122673,1,12,0,379.0
10109448NASCIMENTOT_2025-06-26_G42,10109448NASCIMENTOT,2025-06-26,122647,1,2,0,171.0
10109448NASCIMENTOT_2025-06-26_G43,10109448NASCIMENTOT,2025-06-26,122962,1,18,0,290.0
10109448NASCIMENTOT_2025-06-26_G44,10109448NASCIMENTOT,2025-06-26,124486,1,4,0,153.0
10109448NASCIMENTOT_2025-06-26_G45,10109448NASCIMENTOT,2025-06-26,123345,1,14,0,403.0
10109448NASCIMENTOT_2025-06-26_G46,10109448NASCIMENTOT,2025-06-26,122962,1,1,0,244.0
10109448NASCIMENTOT_2025-06-26_G47,10109448NASCIMENTOT,2025-06-26,124486,1,12,0,493.0
10109448NASCIMENTOT_2025-06-26_G48,10109448NASCIMENTOT,2025-06-26,122647,1,24,0,229.0
10109448NASCIMENTOT_2025-06-26_G49,10109448NASCIMENTOT,2025-06-26,122647,1,276,0,2252.0
10109448NASCIMENTOT_2025-06-27_G02,10109448NASCIMENTOT,2025-06-27,124486,1,40,0,1110.0
10109448NASCIMENTOT_2025-06-27_G03,10109448NASCIMENTOT,2025-06-27,122962,1,68,0,1668.0
10109448NASCIMENTOT_2025-06-27_G04,10109448NASCIMENTOT,2025-06-27,181057,1,4,0,2601.0
10109448NASCIMENTOT_2025-06-27_G05,10109448NASCIMENTOT,2025-06-27,123343,1,8,0,675.0
10109448NASCIMENTOT_2025-06-27_G06,10109448NASCIMENTOT,2025-06-27,123521,2,7,10,97.0
10109448NASCIMENTOT_2025-06-27_G07,10109448NASCIMENTOT,2025-06-27,181235,1,2,0,151.0
10109448NASCIMENTOT_2025-06-27_G08,10109448NASCIMENTOT,2025-06-27,181057,1,4,0,137.0
10109448NASCIMENTOT_2025-06-27_G09,10109448NASCIMENTOT,2025-06-27,181235,2,8,8,470.0
10109448NASCIMENTOT_2025-06-27_G10,10109448NASCIMENTOT,2025-06-27,181057,1,8,0,411.0
10109448NASCIMENTOT_2025-06-27_G11,10109448NASCIMENTOT,2025-06-27,121760,1,25,0,511.0
10109448NASCIMENTOT_2025-06-27_G12,10109448NASCIMENTOT,2025-06-27,123520,1,11,0,347.0
10109448NASCIMENTOT_2025-06-27_G13,10109448NASCIMENTOT,2025-06-27,124247,1,40,0,407.0
10109448NASCIMENTOT_2025-06-27_G14,10109448NASCIMENTOT,2025-06-27,124248,1,40,0,1916.0
10109448NASCIMENTOT_2025-06-27_G15,10109448NASCIMENTOT,2025-06-27,124248,1,10,0,123.0
10109448NASCIMENTOT_2025-06-27_G16,10109448NASCIMENTOT,2025-06-27,123081,1,12,0,1296.0
10109448NASCIMENTOT_2025-06-27_G17,10109448NASCIMENTOT,2025-06-27,124476,1,4,0,321.0
10109448NASCIMENTOT_2025-06-27_G18,10109448NASCIMENTOT,2025-06-27,124433,1,20,0,3111.0
10109448NASCIMENTOT_2025-06-27_G19,10109448NASCIMENTOT,2025-06-27,180005,1,2,0,217.0
10109448NASCIMENTOT_2025-06-27_G20,10109448NASCIMENTOT,2025-06-27,121651,1,6,0,276.0
10109448NASCIMENTOT_2025-06-27_G22,10109448NASCIMENTOT,2025-06-27,122962,1,100,0,1967.0
10109448NASCIMENTOT_2025-06-27_G23,10109448NASCIMENTOT,2025-06-27,122984,1,40,0,1516.0
10109448NASCIMENTOT_2025-06-28_G02,10109448NASCIMENTOT,2025-06-28,122673,1,12,0,196.0
10109448NASCIMENTOT_2025-06-28_G03,10109448NASCIMENTOT,2025-06-28,122647,1,4,0,47.0
10109448NASCIMENTOT_2025-06-28_G04,10109448NASCIMENTOT,2025-06-28,122962,1,12,0,148.0
10109448NASCIMENTOT_2025-06-28_G05,10109448NASCIMENTOT,2025-06-28,180054,1,3,0,1368.0
10109448NASCIMENTOT_2025-06-28_G06,10109448NASCIMENTOT,2025-06-28,122647,1,2,0,158.0
10109448NASCIMENTOT_2025-06-28_G07,10109448NASCIMENTOT,2025-06-28,124248,1,2,0,69.0
10109448NASCIMENTOT_2025-06-28_G08,10109448NASCIMENTOT,2025-06-28,124370,1,12,0,405.0
10109448NASCIMENTOT_2025-06-28_G09,10109448NASCIMENTOT,2025-06-28,124475,1,1,0,38.0
10109448NASCIMENTOT_2025-06-28_G10,10109448NASCIMENTOT,2025-06-28,123344,1,5,0,1230.0
10109448NASCIMENTOT_2025-06-28_G11,10109448NASCIMENTOT,2025-06-28,124486,1,4,0,219.0
10109448NASCIMENTOT_2025-06-28_G12,10109448NASCIMENTOT,2025-06-28,180168,1,1,0,551.0
10109448NASCIMENTOT_2025-06-28_G13,10109448NASCIMENTOT,2025-06-28,122671,1,4,0,124.0
10109448NASCIMENTOT_2025-06-28_G14,10109448NASCIMENTOT,2025-06-28,123345,1,14,0,191.0
10109448NASCIMENTOT_2025-06-28_G15,10109448NASCIMENTOT,2025-06-28,122962,1,1,0,93.0
10109448NASCIMENTOT_2025-06-28_G16,10109448NASCIMENTOT,2025-06-28,124486,1,12,0,212.0
10109448NASCIMENTOT_2025-06-28_G17,10109448NASCIMENTOT,2025-06-28,123153,1,20,0,848.0
10109448NASCIMENTOT_2025-06-28_G18,10109448NASCIMENTOT,2025-06-28,124264,1,20,0,356.0
10109448NASCIMENTOT_2025-06-28_G19,10109448NASCIMENTOT,2025-06-28,121760,1,20,0,133.0
10109448NASCIMENTOT_2025-06-28_G20,10109448NASCIMENTOT,2025-06-28,120389,1,8,0,209.0
10109448NASCIMENTOT_2025-06-28_G21,10109448NASCIMENTOT,2025-06-28,122983,1,8,0,349.0
10109448NASCIMENTOT_2025-06-28_G22,10109448NASCIMENTOT,2025-06-28,124370,1,20,0,319.0
10109448NASCIMENTOT_2025-06-28_G23,10109448NASCIMENTOT,2025-06-28,122703,1,8,0,426.0
10109448NASCIMENTOT_2025-06-28_G24,10109448NASCIMENTOT,2025-06-28,120028,1,8,0,1010.0
10109448NASCIMENTOT_2025-06-28_G25,10109448NASCIMENTOT,2025-06-28,124247,1,8,0,96.0
10109448NASCIMENTOT_2025-06-28_G26,10109448NASCIMENTOT,2025-06-28,120339,1,8,0,140.0
10109448NASCIMENTOT_2025-06-28_G27,10109448NASCIMENTOT,2025-06-28,122671,1,20,0,162.0
10109448NASCIMENTOT_2025-06-28_G28,10109448NASCIMENTOT,2025-06-28,122982,1,8,0,212.0
10109448NASCIMENTOT_2025-06-28_G29,10109448NASCIMENTOT,2025-06-28,123909,1,40,0,809.0
10109448NASCIMENTOT_2025-06-28_G30,10109448NASCIMENTOT,2025-06-28,122673,1,8,0,340.0
10109448NASCIMENTOT_2025-06-28_G31,10109448NASCIMENTOT,2025-06-28,124475,1,8,0,100.0
10109448NASCIMENTOT_2025-06-28_G32,10109448NASCIMENTOT,2025-06-28,124371,1,20,0,390.0
10109448NASCIMENTOT_2025-06-28_G33,10109448NASCIMENTOT,2025-06-28,122984,1,20,0,257.0
10109448NASCIMENTOT_2025-06-28_G34,10109448NASCIMENTOT,2025-06-28,122185,1,8,0,371.0
10109448NASCIMENTOT_2025-06-28_G35,10109448NASCIMENTOT,2025-06-28,124248,1,8,0,102.0
10109448NASCIMENTOT_2025-06-28_G36,10109448NASCIMENTOT,2025-06-28,121651,1,30,0,491.0
10109448NASCIMENTOT_2025-06-28_G37,10109448NASCIMENTOT,2025-06-28,124476,1,8,0,1026.0
10109448NASCIMENTOT_2025-06-28_G38,10109448NASCIMENTOT,2025-06-28,123345,1,20,0,48.0
10109448NASCIMENTOT_2025-06-28_G40,10109448NASCIMENTOT,2025-06-28,120028,1,24,0,409.0
10109448NASCIMENTOT_2025-06-28_G41,10109448NASCIMENTOT,2025-06-28,122962,1,8,0,324.0
10109448NASCIMENTOT_2025-06-30_G02,10109448NASCIMENTOT,2025-06-30,123492,1,17,0,623.0
10109448NASCIMENTOT_2025-06-30_G03,10109448NASCIMENTOT,2025-06-30,122962,1,60,0,191.0
10109448NASCIMENTOT_2025-06-30_G04,10109448NASCIMENTOT,2025-06-30,123345,1,6,0,590.0
10109448NASCIMENTOT_2025-06-30_G05,10109448NASCIMENTOT,2025-06-30,123561,1,24,0,643.0
10109448NASCIMENTOT_2025-06-30_G06,10109448NASCIMENTOT,2025-06-30,123561,2,8,12,69.0
10109448NASCIMENTOT_2025-06-30_G07,10109448NASCIMENTOT,2025-06-30,123561,1,3,0,125.0
10109448NASCIMENTOT_2025-06-30_G08,10109448NASCIMENTOT,2025-06-30,122983,1,4,0,300.0
10109448NASCIMENTOT_2025-06-30_G09,10109448NASCIMENTOT,2025-06-30,122983,1,20,0,248.0
10109448NASCIMENTOT_2025-06-30_G10,10109448NASCIMENTOT,2025-06-30,123313,1,12,0,36.0
10109448NASCIMENTOT_2025-06-30_G11,10109448NASCIMENTOT,2025-06-30,124624,2,12,6,2018.0
10109448NASCIMENTOT_2025-06-30_G12,10109448NASCIMENTOT,2025-06-30,124486,1,30,0,2403.0
10109448NASCIMENTOT_2025-06-30_G13,10109448NASCIMENTOT,2025-06-30,122185,1,10,0,1130.0
10109448NASCIMENTOT_2025-06-30_G14,10109448NASCIMENTOT,2025-06-30,122962,1,64,0,327.0
10109448NASCIMENTOT_2025-06-30_G15,10109448NASCIMENTOT,2025-06-30,124486,1,20,0,1573.0
10109448NASCIMENTOT_2025-06-30_G16,10109448NASCIMENTOT,2025-06-30,120028,1,28,0,810.0
10109448NASCIMENTOT_2025-06-30_G17,10109448NASCIMENTOT,2025-06-30,123345,1,34,0,181.0
10109448NASCIMENTOT_2025-06-30_G19,10109448NASCIMENTOT,2025-06-30,122673,1,12,0,850.0
10109448NASCIMENTOT_2025-06-30_G20,10109448NASCIMENTOT,2025-06-30,122671,1,8,0,180.0
10109448NASCIMENTOT_2025-06-30_G21,10109448NASCIMENTOT,2025-06-30,122673,1,24,0,633.0
10109448NASCIMENTOT_2025-06-30_G22,10109448NASCIMENTOT,2025-06-30,122673,1,10,0,240.0
10109448NASCIMENTOT_2025-06-30_G23,10109448NASCIMENTOT,2025-06-30,123822,1,8,0,140.0
10109448NASCIMENTOT_2025-06-30_G24,10109448NASCIMENTOT,2025-06-30,122673,1,8,0,258.0
10109448NASCIMENTOT_2025-06-30_G25,10109448NASCIMENTOT,2025-06-30,123344,1,5,0,482.0
10109448NASCIMENTOT_2025-06-30_G26,10109448NASCIMENTOT,2025-06-30,122986,1,16,0,546.0
10109448NASCIMENTOT_2025-06-30_G27,10109448NASCIMENTOT,2025-06-30,181907,1,1,0,765.0
10109448NASCIMENTOT_2025-06-30_G28,10109448NASCIMENTOT,2025-06-30,123153,1,60,0,1142.0
10109448NASCIMENTOT_2025-06-30_G29,10109448NASCIMENTOT,2025-06-30,124264,1,35,0,243.0
10109448NASCIMENTOT_2025-06-30_G30,10109448NASCIMENTOT,2025-06-30,120339,1,35,0,183.0
10109448NASCIMENTOT_2025-06-30_G31,10109448NASCIMENTOT,2025-06-30,122647,1,10,0,379.0
10109448NASCIMENTOT_2025-06-30_G32,10109448NASCIMENTOT,2025-06-30,122962,1,50,0,190.0
10109448NASCIMENTOT_2025-06-30_G33,10109448NASCIMENTOT,2025-06-30,123343,1,20,0,207.0
10109448NASCIMENTOT_2025-07-11_G02,10109448NASCIMENTOT,2025-07-11,122962,1,14,0,389.0
10109448NASCIMENTOT_2025-07-11_G03,10109448NASCIMENTOT,2025-07-11,122673,1,26,0,1651.0
10109448NASCIMENTOT_2025-07-11_G04,10109448NASCIMENTOT,2025-07-11,124486,1,16,0,273.0
10109448NASCIMENTOT_2025-07-11_G05,10109448NASCIMENTOT,2025-07-11,122962,1,12,0,444.0
10109448NASCIMENTOT_2025-07-11_G06,10109448NASCIMENTOT,2025-07-11,123909,1,10,0,264.0
10109448NASCIMENTOT_2025-07-11_G07,10109448NASCIMENTOT,2025-07-11,181887,1,2,0,566.0
10109448NASCIMENTOT_2025-07-11_G08,10109448NASCIMENTOT,2025-07-11,124248,1,22,0,538.0
10109448NASCIMENTOT_2025-07-11_G09,10109448NASCIMENTOT,2025-07-11,122984,1,16,0,205.0
10109448NASCIMENTOT_2025-07-11_G10,10109448NASCIMENTOT,2025-07-11,121651,1,6,0,71.0
10109448NASCIMENTOT_2025-07-11_G11,10109448NASCIMENTOT,2025-07-11,122671,1,4,0,143.0
10109448NASCIMENTOT_2025-07-11_G12,10109448NASCIMENTOT,2025-07-11,120389,1,4,0,85.0
10109448NASCIMENTOT_2025-07-11_G13,10109448NASCIMENTOT,2025-07-11,181887,1,4,0,180.0
10109448NASCIMENTOT_2025-07-11_G14,10109448NASCIMENTOT,2025-07-11,120028,1,4,0,1299.0
10109448NASCIMENTOT_2025-07-11_G15,10109448NASCIMENTOT,2025-07-11,122986,1,4,0,205.0
10109448NASCIMENTOT_2025-07-11_G16,10109448NASCIMENTOT,2025-07-11,124248,1,8,0,125.0
10109448NASCIMENTOT_2025-07-11_G17,10109448NASCIMENTOT,2025-07-11,124433,1,8,0,239.0
10109448NASCIMENTOT_2025-07-11_G18,10109448NASCIMENTOT,2025-07-11,122988,1,6,0,64.0
10109448NASCIMENTOT_2025-07-11_G19,10109448NASCIMENTOT,2025-07-11,120028,1,4,0,1688.0
10109448NASCIMENTOT_2025-07-11_G20,10109448NASCIMENTOT,2025-07-11,123909,1,2,0,102.0
10109448NASCIMENTOT_2025-07-11_G21,10109448NASCIMENTOT,2025-07-11,122962,1,31,0,655.0
10109448NASCIMENTOT_2025-07-11_G22,10109448NASCIMENTOT,2025-07-11,123520,1,4,0,488.0
10109448NASCIMENTOT_2025-07-11_G23,10109448NASCIMENTOT,2025-07-11,"122982, 124486",2,22,23,571.0
10109448NASCIMENTOT_2025-07-14_G02,10109448NASCIMENTOT,2025-07-14,124486,1,60,0,907.0
10109448NASCIMENTOT_2025-07-14_G03,10109448NASCIMENTOT,2025-07-14,123343,1,8,0,681.0
10109448NASCIMENTOT_2025-07-14_G04,10109448NASCIMENTOT,2025-07-14,122962,1,12,0,433.0
10109448NASCIMENTOT_2025-07-14_G05,10109448NASCIMENTOT,2025-07-14,124624,1,4,0,115.0
10109448NASCIMENTOT_2025-07-14_G06,10109448NASCIMENTOT,2025-07-14,181057,1,3,0,159.0
10109448NASCIMENTOT_2025-07-14_G07,10109448NASCIMENTOT,2025-07-14,120389,1,6,0,150.0
10109448NASCIMENTOT_2025-07-14_G08,10109448NASCIMENTOT,2025-07-14,124486,1,2,0,86.0
10109448NASCIMENTOT_2025-07-14_G09,10109448NASCIMENTOT,2025-07-14,122647,1,30,0,498.0
10109448NASCIMENTOT_2025-07-14_G10,10109448NASCIMENTOT,2025-07-14,122671,1,14,0,311.0
10109448NASCIMENTOT_2025-07-14_G11,10109448NASCIMENTOT,2025-07-14,123343,1,16,0,1125.0
10109448NASCIMENTOT_2025-07-14_G12,10109448NASCIMENTOT,2025-07-14,120339,1,4,0,117.0
10109448NASCIMENTOT_2025-07-14_G14,10109448NASCIMENTOT,2025-07-14,181887,1,2,0,660.0
10109448NASCIMENTOT_2025-07-14_G15,10109448NASCIMENTOT,2025-07-14,181887,1,2,0,285.0
10109448NASCIMENTOT_2025-07-14_G16,10109448NASCIMENTOT,2025-07-14,123492,1,10,0,802.0
10109448NASCIMENTOT_2025-07-14_G17,10109448NASCIMENTOT,2025-07-14,122984,1,8,0,131.0
10109448NASCIMENTOT_2025-07-14_G18,10109448NASCIMENTOT,2025-07-14,121651,1,6,0,157.0
10109448NASCIMENTOT_2025-07-14_G19,10109448NASCIMENTOT,2025-07-14,121651,1,4,0,351.0
10109448NASCIMENTOT_2025-07-14_G20,10109448NASCIMENTOT,2025-07-14,122981,1,4,0,162.0
10109448NASCIMENTOT_2025-07-14_G21,10109448NASCIMENTOT,2025-07-14,123313,1,4,0,570.0
10109448NASCIMENTOT_2025-07-14_G22,10109448NASCIMENTOT,2025-07-14,122671,1,4,0,135.0
10109448NASCIMENTOT_2025-07-14_G23,10109448NASCIMENTOT,2025-07-14,120389,1,4,0,176.0
10109448NASCIMENTOT_2025-07-14_G25,10109448NASCIMENTOT,2025-07-14,124486,1,16,0,498.0
10109448NASCIMENTOT_2025-07-14_G26,10109448NASCIMENTOT,2025-07-14,122983,1,1,0,113.0
10109448NASCIMENTOT_2025-07-14_G27,10109448NASCIMENTOT,2025-07-14,120272,1,1,0,158.0
10109448NASCIMENTOT_2025-07-14_G28,10109448NASCIMENTOT,2025-07-14,122962,1,3,0,157.0
10109448NASCIMENTOT_2025-07-14_G29,10109448NASCIMENTOT,2025-07-14,124624,1,8,0,99.0
10109448NASCIMENTOT_2025-07-14_G30,10109448NASCIMENTOT,2025-07-14,124624,1,30,0,455.0
10109448NASCIMENTOT_2025-07-14_G31,10109448NASCIMENTOT,2025-07-14,124624,1,6,0,73.0
10109448NASCIMENTOT_2025-07-14_G32,10109448NASCIMENTOT,2025-07-14,124248,1,19,0,454.0
10109448NASCIMENTOT_2025-07-15_G02,10109448NASCIMENTOT,2025-07-15,122703,1,6,0,366.0
10109448NASCIMENTOT_2025-07-15_G03,10109448NASCIMENTOT,2025-07-15,122703,1,24,0,665.0
10109448NASCIMENTOT_2025-07-15_G04,10109448NASCIMENTOT,2025-07-15,124370,1,20,0,583.0
10109448NASCIMENTOT_2025-07-15_G05,10109448NASCIMENTOT,2025-07-15,124476,1,6,0,211.0
10109448NASCIMENTOT_2025-07-15_G06,10109448NASCIMENTOT,2025-07-15,121304,1,1,0,306.0
10109448NASCIMENTOT_2025-07-15_G07,10109448NASCIMENTOT,2025-07-15,123345,1,12,0,321.0
10109448NASCIMENTOT_2025-07-15_G08,10109448NASCIMENTOT,2025-07-15,123313,1,6,0,1172.0
10109448NASCIMENTOT_2025-07-15_G09,10109448NASCIMENTOT,2025-07-15,124486,1,50,0,302.0
10109448NASCIMENTOT_2025-07-15_G10,10109448NASCIMENTOT,2025-07-15,122189,1,30,0,784.0
10109448NASCIMENTOT_2025-07-15_G11,10109448NASCIMENTOT,2025-07-15,123080,1,63,0,953.0
10109448NASCIMENTOT_2025-07-15_G12,10109448NASCIMENTOT,2025-07-15,122196,1,30,0,1241.0
10109448NASCIMENTOT_2025-07-15_G13,10109448NASCIMENTOT,2025-07-15,123080,1,3,0,212.0
10109448NASCIMENTOT_2025-07-15_G14,10109448NASCIMENTOT,2025-07-15,123390,1,38,0,1955.0
10109448NASCIMENTOT_2025-07-15_G15,10109448NASCIMENTOT,2025-07-15,122553,1,2,0,269.0
10109448NASCIMENTOT_2025-07-17_G02,10109448NASCIMENTOT,2025-07-17,123153,1,9,0,131.0
10109448NASCIMENTOT_2025-07-17_G03,10109448NASCIMENTOT,2025-07-17,121760,1,60,0,1503.0
10109448NASCIMENTOT_2025-07-17_G04,10109448NASCIMENTOT,2025-07-17,120389,1,12,0,226.0
10109448NASCIMENTOT_2025-07-17_G05,10109448NASCIMENTOT,2025-07-17,121923,1,4,0,272.0
10109448NASCIMENTOT_2025-07-17_G06,10109448NASCIMENTOT,2025-07-17,122984,1,4,0,108.0
10109448NASCIMENTOT_2025-07-17_G07,10109448NASCIMENTOT,2025-07-17,120272,1,3,0,166.0
10109448NASCIMENTOT_2025-07-17_G08,10109448NASCIMENTOT,2025-07-17,"121651, 124475",2,36,14,1110.0
10109448NASCIMENTOT_2025-07-17_G09,10109448NASCIMENTOT,2025-07-17,124476,1,12,0,242.0
10109448NASCIMENTOT_2025-07-17_G10,10109448NASCIMENTOT,2025-07-17,124594,1,4,0,870.0
10109448NASCIMENTOT_2025-07-17_G11,10109448NASCIMENTOT,2025-07-17,123909,1,1,0,923.0
10109448NASCIMENTOT_2025-07-17_G12,10109448NASCIMENTOT,2025-07-17,124486,1,32,0,842.0
10109448NASCIMENTOT_2025-07-17_G13,10109448NASCIMENTOT,2025-07-17,123153,1,3,0,158.0
10109448NASCIMENTOT_2025-07-17_G14,10109448NASCIMENTOT,2025-07-17,180023,1,2,0,152.0
10109448NASCIMENTOT_2025-07-17_G15,10109448NASCIMENTOT,2025-07-17,124247,1,6,0,263.0
10109448NASCIMENTOT_2025-07-17_G16,10109448NASCIMENTOT,2025-07-17,122984,1,37,0,864.0
10109448NASCIMENTOT_2025-07-17_G17,10109448NASCIMENTOT,2025-07-17,124624,1,4,0,1239.0
10109448NASCIMENTOT_2025-07-17_G18,10109448NASCIMENTOT,2025-07-17,123561,1,4,0,221.0
10109448NASCIMENTOT_2025-07-17_G19,10109448NASCIMENTOT,2025-07-17,124476,1,4,0,224.0
10109448NASCIMENTOT_2025-07-17_G20,10109448NASCIMENTOT,2025-07-17,123345,1,12,0,376.0
10109448NASCIMENTOT_2025-07-17_G22,10109448NASCIMENTOT,2025-07-17,120028,1,30,0,1008.0
10109448NASCIMENTOT_2025-07-17_G23,10109448NASCIMENTOT,2025-07-17,120389,1,50,0,1314.0
10109448NASCIMENTOT_2025-07-17_G24,10109448NASCIMENTOT,2025-07-17,124486,1,34,0,2362.0
10109448NASCIMENTOT_2025-07-17_G25,10109448NASCIMENTOT,2025-07-17,181255,1,1,0,1194.0
10109448NASCIMENTOT_2025-07-17_G26,10109448NASCIMENTOT,2025-07-17,181255,3,3,23,1149.0
10109448NASCIMENTOT_2025-07-18_G02,10109448NASCIMENTOT,2025-07-18,181056,1,4,0,235.0
10109448NASCIMENTOT_2025-07-18_G03,10109448NASCIMENTOT,2025-07-18,181235,1,4,0,220.0
10109448NASCIMENTOT_2025-07-21_G02,10109448NASCIMENTOT,2025-07-21,123909,1,30,0,1074.0
10109448NASCIMENTOT_2025-07-21_G03,10109448NASCIMENTOT,2025-07-21,"123345, 123313",2,18,18,294.0
10109448NASCIMENTOT_2025-07-21_G04,10109448NASCIMENTOT,2025-07-21,123343,1,10,0,506.0
10109448NASCIMENTOT_2025-07-23_G02,10109448NASCIMENTOT,2025-07-23,110375,1,8,0,2885.0
10109448NASCIMENTOT_2025-07-23_G03,10109448NASCIMENTOT,2025-07-23,110325,1,6,0,375.0
10109448NASCIMENTOT_2025-07-23_G04,10109448NASCIMENTOT,2025-07-23,109643,1,4,0,187.0
10109448NASCIMENTOT_2025-07-23_G05,10109448NASCIMENTOT,2025-07-23,117830,1,6,0,255.0
10109448NASCIMENTOT_2025-07-23_G06,10109448NASCIMENTOT,2025-07-23,117832,1,7,0,202.0
10109448NASCIMENTOT_2025-07-23_G07,10109448NASCIMENTOT,2025-07-23,117809,1,4,0,80.0
10109448NASCIMENTOT_2025-07-23_G08,10109448NASCIMENTOT,2025-07-23,110374,1,8,0,290.0
10109448NASCIMENTOT_2025-07-23_G09,10109448NASCIMENTOT,2025-07-23,110371,1,12,0,655.0
10109448NASCIMENTOT_2025-07-23_G10,10109448NASCIMENTOT,2025-07-23,118299,1,58,0,1030.0
10109448NASCIMENTOT_2025-07-23_G11,10109448NASCIMENTOT,2025-07-23,123345,1,18,0,1492.0
10109448NASCIMENTOT_2025-07-23_G12,10109448NASCIMENTOT,2025-07-23,121760,1,23,0,1055.0
10109448NASCIMENTOT_2025-07-23_G13,10109448NASCIMENTOT,2025-07-23,122703,1,50,0,1078.0
10109448NASCIMENTOT_2025-07-23_G14,10109448NASCIMENTOT,2025-07-23,120339,1,14,0,41.0
10109448NASCIMENTOT_2025-07-23_G15,10109448NASCIMENTOT,2025-07-23,122986,1,12,0,113.0
10109448NASCIMENTOT_2025-07-23_G16,10109448NASCIMENTOT,2025-07-23,122984,1,7,0,216.0
10109448NASCIMENTOT_2025-07-25_G02,10109448NASCIMENTOT,2025-07-25,122673,1,16,0,663.0
10109448NASCIMENTOT_2025-07-25_G03,10109448NASCIMENTOT,2025-07-25,123153,1,6,0,295.0
10109448NASCIMENTOT_2025-07-25_G04,10109448NASCIMENTOT,2025-07-25,123153,1,4,0,553.0
10109448NASCIMENTOT_2025-07-25_G05,10109448NASCIMENTOT,2025-07-25,"121651, 124486",2,8,18,530.0
10109448NASCIMENTOT_2025-07-25_G07,10109448NASCIMENTOT,2025-07-25,123343,1,1,0,54.0
10109448NASCIMENTOT_2025-07-25_G08,10109448NASCIMENTOT,2025-07-25,123343,1,3,0,41.0
10109448NASCIMENTOT_2025-07-25_G09,10109448NASCIMENTOT,2025-07-25,122647,1,14,0,218.0
10109448NASCIMENTOT_2025-07-25_G10,10109448NASCIMENTOT,2025-07-25,"122962, 122968",3,52,46,55.0
10109448NASCIMENTOT_2025-07-25_G11,10109448NASCIMENTOT,2025-07-25,122968,2,8,28,44.0
10109448NASCIMENTOT_2025-07-25_G12,10109448NASCIMENTOT,2025-07-25,122671,1,32,0,47.0
10109448NASCIMENTOT_2025-07-25_G13,10109448NASCIMENTOT,2025-07-25,122647,1,36,0,831.0
10109448NASCIMENTOT_2025-07-25_G14,10109448NASCIMENTOT,2025-07-25,124486,1,8,0,206.0
10109448NASCIMENTOT_2025-07-25_G15,10109448NASCIMENTOT,2025-07-25,124486,1,36,0,408.0
10109448NASCIMENTOT_2025-07-25_G16,10109448NASCIMENTOT,2025-07-25,122962,1,8,0,55.0
10109448NASCIMENTOT_2025-07-25_G17,10109448NASCIMENTOT,2025-07-25,124486,1,10,0,44.0
10109448NASCIMENTOT_2025-07-25_G18,10109448NASCIMENTOT,2025-07-25,124486,1,60,0,1239.0
10109448NASCIMENTOT_2025-07-26_G02,10109448NASCIMENTOT,2025-07-26,124370,1,24,0,1214.0
10109448NASCIMENTOT_2025-07-26_G03,10109448NASCIMENTOT,2025-07-26,124247,1,6,0,133.0
10109448NASCIMENTOT_2025-07-26_G04,10109448NASCIMENTOT,2025-07-26,122984,1,4,0,166.0
10109448NASCIMENTOT_2025-07-26_G05,10109448NASCIMENTOT,2025-07-26,122984,2,46,7,1293.0
10109448NASCIMENTOT_2025-07-26_G06,10109448NASCIMENTOT,2025-07-26,123153,1,80,0,1737.0
10109448NASCIMENTOT_2025-07-28_G02,10109448NASCIMENTOT,2025-07-28,122962,1,60,0,992.0
10109448NASCIMENTOT_2025-07-28_G03,10109448NASCIMENTOT,2025-07-28,120028,1,8,0,669.0
10109448NASCIMENTOT_2025-07-28_G04,10109448NASCIMENTOT,2025-07-28,124247,1,4,0,362.0
10109448NASCIMENTOT_2025-07-28_G05,10109448NASCIMENTOT,2025-07-28,122984,1,30,0,1037.0
10109448NASCIMENTOT_2025-07-28_G06,10109448NASCIMENTOT,2025-07-28,122983,1,6,0,441.0
10109448NASCIMENTOT_2025-07-28_G07,10109448NASCIMENTOT,2025-07-28,123344,1,10,0,695.0
10109448NASCIMENTOT_2025-07-28_G08,10109448NASCIMENTOT,2025-07-28,121760,1,8,0,149.0
10109448NASCIMENTOT_2025-07-28_G09,10109448NASCIMENTOT,2025-07-28,124370,1,11,0,391.0
10109448NASCIMENTOT_2025-07-28_G10,10109448NASCIMENTOT,2025-07-28,124247,1,3,0,84.0
10109448NASCIMENTOT_2025-07-28_G11,10109448NASCIMENTOT,2025-07-28,120272,1,1,0,94.0
10109448NASCIMENTOT_2025-07-28_G12,10109448NASCIMENTOT,2025-07-28,122984,1,24,0,637.0
10109448NASCIMENTOT_2025-07-28_G13,10109448NASCIMENTOT,2025-07-28,124486,1,10,0,415.0
10109448NASCIMENTOT_2025-07-28_G14,10109448NASCIMENTOT,2025-07-28,"122185, 124371",2,42,7,965.0
10109448NASCIMENTOT_2025-07-28_G15,10109448NASCIMENTOT,2025-07-28,123345,1,8,0,442.0
10109448NASCIMENTOT_2025-07-28_G16,10109448NASCIMENTOT,2025-07-28,124370,1,2,0,167.0
10109448NASCIMENTOT_2025-07-28_G17,10109448NASCIMENTOT,2025-07-28,124548,1,8,0,168.0
10109448NASCIMENTOT_2025-07-28_G18,10109448NASCIMENTOT,2025-07-28,123345,1,12,0,357.0
10109448NASCIMENTOT_2025-07-28_G19,10109448NASCIMENTOT,2025-07-28,122967,1,8,0,377.0
10109448NASCIMENTOT_2025-07-29_G02,10109448NASCIMENTOT,2025-07-29,121651,1,20,0,222.0
10109448NASCIMENTOT_2025-07-29_G03,10109448NASCIMENTOT,2025-07-29,122673,1,4,0,833.0
10109448NASCIMENTOT_2025-07-29_G04,10109448NASCIMENTOT,2025-07-29,123889,1,2,0,1055.0
10109448NASCIMENTOT_2025-07-29_G05,10109448NASCIMENTOT,2025-07-29,122988,1,14,0,402.0
10109448NASCIMENTOT_2025-07-29_G06,10109448NASCIMENTOT,2025-07-29,123909,1,16,0,421.0
10109448NASCIMENTOT_2025-07-29_G07,10109448NASCIMENTOT,2025-07-29,123947,1,10,0,797.0
10109448NASCIMENTOT_2025-07-29_G08,10109448NASCIMENTOT,2025-07-29,123153,1,30,0,711.0
10109448NASCIMENTOT_2025-07-29_G09,10109448NASCIMENTOT,2025-07-29,123889,1,2,0,214.0
10109448NASCIMENTOT_2025-07-29_G10,10109448NASCIMENTOT,2025-07-29,181237,1,9,0,1425.0
10109448NASCIMENTOT_2025-07-29_G11,10109448NASCIMENTOT,2025-07-29,123822,1,68,0,1961.0
10109448NASCIMENTOT_2025-07-29_G12,10109448NASCIMENTOT,2025-07-29,123909,1,40,0,754.0
10109448NASCIMENTOT_2025-07-29_G13,10109448NASCIMENTOT,2025-07-29,124486,1,7,0,310.0
10109448NASCIMENTOT_2025-07-29_G14,10109448NASCIMENTOT,2025-07-29,120287,1,30,0,400.0
10109448NASCIMENTOT_2025-07-29_G15,10109448NASCIMENTOT,2025-07-29,120028,1,10,0,353.0
10109448NASCIMENTOT_2025-07-29_G16,10109448NASCIMENTOT,2025-07-29,124486,1,10,0,723.0
10109448NASCIMENTOT_2025-07-29_G17,10109448NASCIMENTOT,2025-07-29,123345,1,5,0,151.0
10109448NASCIMENTOT_2025-07-29_G18,10109448NASCIMENTOT,2025-07-29,121760,1,6,0,481.0
10109448NASCIMENTOT_2025-07-29_G19,10109448NASCIMENTOT,2025-07-29,123345,1,6,0,352.0
10109448NASCIMENTOT_2025-07-29_G20,10109448NASCIMENTOT,2025-07-29,124247,1,16,0,256.0
10109448NASCIMENTOT_2025-07-29_G21,10109448NASCIMENTOT,2025-07-29,124247,1,2,0,276.0
10109448NASCIMENTOT_2025-07-29_G22,10109448NASCIMENTOT,2025-07-29,123345,1,2,0,135.0
10109448NASCIMENTOT_2025-07-29_G23,10109448NASCIMENTOT,2025-07-29,"124247, 124624",2,18,12,470.0
10109448NASCIMENTOT_2025-07-29_G24,10109448NASCIMENTOT,2025-07-29,122962,1,3,0,199.0
10109448NASCIMENTOT_2025-07-29_G26,10109448NASCIMENTOT,2025-07-29,122673,1,6,0,175.0
10109448NASCIMENTOT_2025-07-29_G27,10109448NASCIMENTOT,2025-07-29,124371,1,8,0,112.0
10109448NASCIMENTOT_2025-07-29_G28,10109448NASCIMENTOT,2025-07-29,124371,1,22,0,301.0
10109448NASCIMENTOT_2025-07-29_G29,10109448NASCIMENTOT,2025-07-29,124475,1,20,0,304.0
10109448NASCIMENTOT_2025-07-29_G30,10109448NASCIMENTOT,2025-07-29,124475,2,8,9,353.0
10109448NASCIMENTOT_2025-07-29_G31,10109448NASCIMENTOT,2025-07-29,123344,1,5,0,708.0
10109448NASCIMENTOT_2025-07-29_G32,10109448NASCIMENTOT,2025-07-29,122982,2,30,23,659.0
10109448NASCIMENTOT_2025-07-29_G33,10109448NASCIMENTOT,2025-07-29,124486,1,50,0,2158.0
10109448NASCIMENTOT_2025-07-29_G34,10109448NASCIMENTOT,2025-07-29,123909,1,10,0,120.0
10109448NASCIMENTOT_2025-07-29_G35,10109448NASCIMENTOT,2025-07-29,124371,1,2,0,54.0
10109448NASCIMENTOT_2025-07-29_G36,10109448NASCIMENTOT,2025-07-29,123343,1,4,0,118.0
10109448NASCIMENTOT_2025-07-30_G02,10109448NASCIMENTOT,2025-07-30,124371,1,8,0,228.0
10109448NASCIMENTOT_2025-07-30_G03,10109448NASCIMENTOT,2025-07-30,124486,1,4,0,235.0
10109448NASCIMENTOT_2025-07-30_G04,10109448NASCIMENTOT,2025-07-30,"123909, 124371",2,6,28,156.0
10109448NASCIMENTOT_2025-07-30_G05,10109448NASCIMENTOT,2025-07-30,"122673, 120339",2,11,15,616.0
10109448NASCIMENTOT_2025-07-30_G06,10109448NASCIMENTOT,2025-07-30,124371,1,2,0,65.0
10109448NASCIMENTOT_2025-07-30_G07,10109448NASCIMENTOT,2025-07-30,124624,1,2,0,440.0
10109448NASCIMENTOT_2025-07-30_G08,10109448NASCIMENTOT,2025-07-30,122671,1,12,0,635.0
10109448NASCIMENTOT_2025-07-31_G02,10109448NASCIMENTOT,2025-07-31,120028,1,160,0,438.0
10109448NASCIMENTOT_2025-07-31_G03,10109448NASCIMENTOT,2025-07-31,120028,1,20,0,1429.0
10109448NASCIMENTOT_2025-07-31_G04,10109448NASCIMENTOT,2025-07-31,122647,1,20,0,376.0
10109448NASCIMENTOT_2025-07-31_G05,10109448NASCIMENTOT,2025-07-31,"123344, 121651",2,60,23,1039.0
10109448NASCIMENTOT_2025-07-31_G06,10109448NASCIMENTOT,2025-07-31,"124371, 124248",2,24,24,112.0
10109448NASCIMENTOT_2025-07-31_G07,10109448NASCIMENTOT,2025-07-31,120028,1,10,0,320.0
10109448NASCIMENTOT_2025-07-31_G08,10109448NASCIMENTOT,2025-07-31,122647,1,2,0,63.0
10109448NASCIMENTOT_2025-07-31_G09,10109448NASCIMENTOT,2025-07-31,121651,1,4,0,59.0
10109448NASCIMENTOT_2025-07-31_G10,10109448NASCIMENTOT,2025-07-31,123822,1,17,0,2980.0
10109448NASCIMENTOT_2025-07-31_G11,10109448NASCIMENTOT,2025-07-31,123822,1,8,0,584.0
10109448NASCIMENTOT_2025-07-31_G12,10109448NASCIMENTOT,2025-07-31,122671,1,4,0,211.0
10109448NASCIMENTOT_2025-07-31_G13,10109448NASCIMENTOT,2025-07-31,123343,1,4,0,579.0
10109448NASCIMENTOT_2025-07-31_G14,10109448NASCIMENTOT,2025-07-31,122185,1,10,0,259.0
10109448NASCIMENTOT_2025-07-31_G15,10109448NASCIMENTOT,2025-07-31,122983,1,8,0,343.0
10109448NASCIMENTOT_2025-07-31_G16,10109448NASCIMENTOT,2025-07-31,123343,1,6,0,60.0
10109448NASCIMENTOT_2025-07-31_G17,10109448NASCIMENTOT,2025-07-31,123345,1,12,0,421.0
10109448NASCIMENTOT_2025-07-31_G18,10109448NASCIMENTOT,2025-07-31,122647,1,10,0,316.0
10109448NASCIMENTOT_2025-07-31_G19,10109448NASCIMENTOT,2025-07-31,123344,1,4,0,352.0
10109448NASCIMENTOT_2025-07-31_G20,10109448NASCIMENTOT,2025-07-31,124370,1,2,0,184.0
10109448NASCIMENTOT_2025-07-31_G21,10109448NASCIMENTOT,2025-07-31,124477,1,2,0,145.0
10109448NASCIMENTOT_2025-07-31_G22,10109448NASCIMENTOT,2025-07-31,124486,1,12,0,386.0
10109448NASCIMENTOT_2025-07-31_G23,10109448NASCIMENTOT,2025-07-31,122962,1,12,0,221.0
10109448NASCIMENTOT_2025-07-31_G24,10109448NASCIMENTOT,2025-07-31,124486,1,6,0,182.0
10109448NASCIMENTOT_2025-07-31_G25,10109448NASCIMENTOT,2025-07-31,122196,1,11,0,418.0
10109448NASCIMENTOT_2025-07-31_G26,10109448NASCIMENTOT,2025-07-31,123822,1,26,0,741.0
10109448NASCIMENTOT_2025-07-31_G27,10109448NASCIMENTOT,2025-07-31,120389,1,8,0,232.0
10109448NASCIMENTOT_2025-07-31_G28,10109448NASCIMENTOT,2025-07-31,120028,1,50,0,739.0
10109448NASCIMENTOT_2025-07-31_G29,10109448NASCIMENTOT,2025-07-31,124486,1,3,0,147.0
10109448NASCIMENTOT_2025-07-31_G30,10109448NASCIMENTOT,2025-07-31,122962,1,20,0,293.0
10109448NASCIMENTOT_2025-07-31_G31,10109448NASCIMENTOT,2025-07-31,122647,1,20,0,347.0
10109448NASCIMENTOT_2025-07-31_G32,10109448NASCIMENTOT,2025-07-31,123344,1,2,0,334.0
10109448NASCIMENTOT_2025-07-31_G33,10109448NASCIMENTOT,2025-07-31,124486,1,2,0,117.0
10109448NASCIMENTOT_2025-07-31_G34,10109448NASCIMENTOT,2025-07-31,124477,1,2,0,52.0
10109448NASCIMENTOT_2025-07-31_G35,10109448NASCIMENTOT,2025-07-31,124477,1,2,0,54.0
10109448NASCIMENTOT_2025-07-31_G36,10109448NASCIMENTOT,2025-07-31,122967,1,2,0,570.0
10109448NASCIMENTOT_2025-07-31_G38,10109448NASCIMENTOT,2025-07-31,181255,1,2,0,1065.0
10109448NASCIMENTOT_2025-07-31_G39,10109448NASCIMENTOT,2025-07-31,181255,1,1,0,607.0
10109448NASCIMENTOT_2025-07-31_G40,10109448NASCIMENTOT,2025-07-31,180025,1,1,0,965.0
10109448NASCIMENTOT_2025-07-31_G41,10109448NASCIMENTOT,2025-07-31,122673,1,8,0,177.0
10109448NASCIMENTOT_2025-07-31_G42,10109448NASCIMENTOT,2025-07-31,120028,1,8,0,46.0
10109448NASCIMENTOT_2025-07-31_G43,10109448NASCIMENTOT,2025-07-31,123343,1,6,0,214.0
10109448NASCIMENTOT_2025-07-31_G44,10109448NASCIMENTOT,2025-07-31,122962,1,12,0,269.0
10109448NASCIMENTOT_2025-07-31_G45,10109448NASCIMENTOT,2025-07-31,124486,1,12,0,142.0
10109448NASCIMENTOT_2025-07-31_G46,10109448NASCIMENTOT,2025-07-31,123345,1,2,0,370.0
10109448NASCIMENTOT_2025-07-31_G47,10109448NASCIMENTOT,2025-07-31,122962,1,4,0,78.0
10109448NASCIMENTOT_2025-07-31_G48,10109448NASCIMENTOT,2025-07-31,122647,1,12,0,744.0
10109448NASCIMENTOT_2025-07-31_G49,10109448NASCIMENTOT,2025-07-31,124486,1,4,0,242.0
10109448NASCIMENTOT_2025-07-31_G50,10109448NASCIMENTOT,2025-07-31,124248,1,9,0,214.0
10109448NASCIMENTOT_2025-07-31_G51,10109448NASCIMENTOT,2025-07-31,123521,1,2,0,383.0
10109448NASCIMENTOT_2025-07-31_G52,10109448NASCIMENTOT,2025-07-31,124371,1,10,0,373.0
10109448NASCIMENTOT_2025-08-08_G02,10109448NASCIMENTOT,2025-08-08,123822,1,30,0,767.0
10109448NASCIMENTOT_2025-08-08_G03,10109448NASCIMENTOT,2025-08-08,122673,1,1,0,294.0
10109448NASCIMENTOT_2025-08-08_G04,10109448NASCIMENTOT,2025-08-08,123822,1,10,0,304.0
10109448NASCIMENTOT_2025-08-08_G05,10109448NASCIMENTOT,2025-08-08,123822,1,25,0,566.0
10109448NASCIMENTOT_2025-08-08_G06,10109448NASCIMENTOT,2025-08-08,122671,1,8,0,99.0
10109448NASCIMENTOT_2025-08-08_G07,10109448NASCIMENTOT,2025-08-08,122185,1,20,0,543.0
10109448NASCIMENTOT_2025-08-08_G08,10109448NASCIMENTOT,2025-08-08,122984,1,40,0,618.0
10109448NASCIMENTOT_2025-08-16_G02,10109448NASCIMENTOT,2025-08-16,120339,1,20,0,511.0
10109448NASCIMENTOT_2025-08-16_G03,10109448NASCIMENTOT,2025-08-16,120272,1,8,0,246.0
10109448NASCIMENTOT_2025-08-16_G04,10109448NASCIMENTOT,2025-08-16,122671,1,3,0,96.0
10109448NASCIMENTOT_2025-08-16_G05,10109448NASCIMENTOT,2025-08-16,121760,1,15,0,326.0
10109448NASCIMENTOT_2025-08-16_G06,10109448NASCIMENTOT,2025-08-16,124486,1,40,0,791.0
10109448NASCIMENTOT_2025-08-16_G07,10109448NASCIMENTOT,2025-08-16,122982,1,16,0,303.0
10109448NASCIMENTOT_2025-08-16_G08,10109448NASCIMENTOT,2025-08-16,122962,1,60,0,851.0
10109448NASCIMENTOT_2025-08-16_G09,10109448NASCIMENTOT,2025-08-16,124247,1,8,0,294.0
10109448NASCIMENTOT_2025-08-16_G10,10109448NASCIMENTOT,2025-08-16,124370,1,20,0,635.0
10109448NASCIMENTOT_2025-08-16_G11,10109448NASCIMENTOT,2025-08-16,124477,1,6,0,1168.0
10109448NASCIMENTOT_2025-08-16_G12,10109448NASCIMENTOT,2025-08-16,124486,1,80,0,2837.0
10109448NASCIMENTOT_2025-08-16_G13,10109448NASCIMENTOT,2025-08-16,123947,1,72,0,969.0
10109448NASCIMENTOT_2025-08-16_G14,10109448NASCIMENTOT,2025-08-16,122673,1,88,0,1299.0
10109448NASCIMENTOT_2025-08-16_G16,10109448NASCIMENTOT,2025-08-16,122983,1,4,0,613.0
10109448NASCIMENTOT_2025-08-16_G17,10109448NASCIMENTOT,2025-08-16,124475,1,4,0,111.0
10109448NASCIMENTOT_2025-08-16_G18,10109448NASCIMENTOT,2025-08-16,122673,1,12,0,415.0
10109448NASCIMENTOT_2025-08-16_G19,10109448NASCIMENTOT,2025-08-16,124624,1,4,0,106.0
10109448NASCIMENTOT_2025-08-16_G20,10109448NASCIMENTOT,2025-08-16,122647,1,5,0,128.0
10109448NASCIMENTOT_2025-08-16_G21,10109448NASCIMENTOT,2025-08-16,122671,1,10,0,239.0
10109448NASCIMENTOT_2025-08-16_G22,10109448NASCIMENTOT,2025-08-16,121760,1,18,0,412.0
10109448NASCIMENTOT_2025-08-16_G23,10109448NASCIMENTOT,2025-08-16,124248,1,8,0,87.0
10109448NASCIMENTOT_2025-08-16_G24,10109448NASCIMENTOT,2025-08-16,122986,1,8,0,161.0
10109448NASCIMENTOT_2025-08-16_G25,10109448NASCIMENTOT,2025-08-16,122962,1,20,0,271.0
10109448NASCIMENTOT_2025-08-16_G26,10109448NASCIMENTOT,2025-08-16,124247,1,6,0,80.0
10109448NASCIMENTOT_2025-08-16_G27,10109448NASCIMENTOT,2025-08-16,123313,1,4,0,1236.0
10109448NASCIMENTOT_2025-08-16_G28,10109448NASCIMENTOT,2025-08-16,123345,1,30,0,372.0
10109448NASCIMENTOT_2025-08-16_G29,10109448NASCIMENTOT,2025-08-16,123343,1,30,0,882.0
10109448NASCIMENTOT_2025-08-16_G30,10109448NASCIMENTOT,2025-08-16,124248,1,4,0,62.0
10109448NASCIMENTOT_2025-08-16_G31,10109448NASCIMENTOT,2025-08-16,122984,1,29,0,763.0
10109448NASCIMENTOT_2025-08-16_G32,10109448NASCIMENTOT,2025-08-16,122962,1,40,0,608.0
10109448NASCIMENTOT_2025-08-16_G33,10109448NASCIMENTOT,2025-08-16,122647,1,20,0,147.0
10109448NASCIMENTOT_2025-08-16_G34,10109448NASCIMENTOT,2025-08-16,"122671, 122962",2,30,28,302.0
10109448NASCIMENTOT_2025-08-18_G02,10109448NASCIMENTOT,2025-08-18,120339,1,6,0,356.0
10109448NASCIMENTOT_2025-08-18_G03,10109448NASCIMENTOT,2025-08-18,120339,1,10,0,267.0
10109448NASCIMENTOT_2025-08-18_G04,10109448NASCIMENTOT,2025-08-18,120339,1,4,0,381.0
10109448NASCIMENTOT_2025-08-18_G05,10109448NASCIMENTOT,2025-08-18,120339,3,11,36,151.0
10109448NASCIMENTOT_2025-08-18_G06,10109448NASCIMENTOT,2025-08-18,120339,1,8,0,310.0
10109448NASCIMENTOT_2025-08-18_G07,10109448NASCIMENTOT,2025-08-18,120339,1,7,0,234.0
10109448NASCIMENTOT_2025-08-18_G08,10109448NASCIMENTOT,2025-08-18,120339,1,4,0,265.0
10109448NASCIMENTOT_2025-08-18_G09,10109448NASCIMENTOT,2025-08-18,123561,1,4,0,288.0
10109448NASCIMENTOT_2025-08-18_G10,10109448NASCIMENTOT,2025-08-18,123345,1,6,0,114.0
10109448NASCIMENTOT_2025-08-18_G11,10109448NASCIMENTOT,2025-08-18,123345,2,14,10,161.0
10109448NASCIMENTOT_2025-08-18_G12,10109448NASCIMENTOT,2025-08-18,124486,1,40,0,1328.0
10109448NASCIMENTOT_2025-08-18_G13,10109448NASCIMENTOT,2025-08-18,123343,1,8,0,32.0
10109448NASCIMENTOT_2025-08-18_G14,10109448NASCIMENTOT,2025-08-18,122962,1,30,0,2368.0
10109448NASCIMENTOT_2025-08-18_G15,10109448NASCIMENTOT,2025-08-18,"120028, 122962",2,20,19,410.0
10109448NASCIMENTOT_2025-08-18_G16,10109448NASCIMENTOT,2025-08-18,123822,1,15,0,528.0
10109448NASCIMENTOT_2025-08-18_G17,10109448NASCIMENTOT,2025-08-18,"123822, 122962",2,105,29,437.0
10109448NASCIMENTOT_2025-08-22_G02,10109448NASCIMENTOT,2025-08-22,120008,1,60,0,1546.0
10109448NASCIMENTOT_2025-08-22_G03,10109448NASCIMENTOT,2025-08-22,122647,1,14,0,628.0
10109448NASCIMENTOT_2025-08-23_G02,10109448NASCIMENTOT,2025-08-23,110841,1,7,0,243.0
10109448NASCIMENTOT_2025-08-23_G03,10109448NASCIMENTOT,2025-08-23,118418,1,8,0,191.0
10109448NASCIMENTOT_2025-08-23_G04,10109448NASCIMENTOT,2025-08-23,116527,1,3,0,523.0
10109448NASCIMENTOT_2025-08-23_G05,10109448NASCIMENTOT,2025-08-23,117835,1,2,0,144.0
10109448NASCIMENTOT_2025-08-23_G06,10109448NASCIMENTOT,2025-08-23,140911,1,4,0,154.0
10109448NASCIMENTOT_2025-08-23_G07,10109448NASCIMENTOT,2025-08-23,110742,1,8,0,818.0
10109448NASCIMENTOT_2025-08-23_G08,10109448NASCIMENTOT,2025-08-23,111435,1,4,0,383.0
10109448NASCIMENTOT_2025-08-23_G09,10109448NASCIMENTOT,2025-08-23,110743,1,2,0,176.0
10109448NASCIMENTOT_2025-08-23_G10,10109448NASCIMENTOT,2025-08-23,117833,1,1,0,127.0
10109448NASCIMENTOT_2025-08-23_G11,10109448NASCIMENTOT,2025-08-23,117787,1,4,0,167.0
10109448NASCIMENTOT_2025-08-23_G12,10109448NASCIMENTOT,2025-08-23,111468,1,5,0,197.0
10109448NASCIMENTOT_2025-08-23_G13,10109448NASCIMENTOT,2025-08-23,109645,1,2,0,84.0
10109448NASCIMENTOT_2025-08-23_G14,10109448NASCIMENTOT,2025-08-23,118317,1,11,0,216.0
10109448NASCIMENTOT_2025-08-23_G15,10109448NASCIMENTOT,2025-08-23,118223,1,4,0,178.0
10109448NASCIMENTOT_2025-08-23_G16,10109448NASCIMENTOT,2025-08-23,110787,1,11,0,704.0
10109448NASCIMENTOT_2025-08-23_G17,10109448NASCIMENTOT,2025-08-23,110745,1,4,0,536.0
10109448NASCIMENTOT_2025-08-23_G18,10109448NASCIMENTOT,2025-08-23,108794,1,1,0,99.0
10109448NASCIMENTOT_2025-08-23_G19,10109448NASCIMENTOT,2025-08-23,110740,1,14,0,572.0
10109448NASCIMENTOT_2025-08-23_G20,10109448NASCIMENTOT,2025-08-23,118416,1,4,0,231.0
10109448NASCIMENTOT_2025-08-23_G21,10109448NASCIMENTOT,2025-08-23,117855,1,2,0,179.0
10109448NASCIMENTOT_2025-08-23_G22,10109448NASCIMENTOT,2025-08-23,107629,1,9,0,371.0
10109448NASCIMENTOT_2025-08-23_G23,10109448NASCIMENTOT,2025-08-23,111876,1,2,0,105.0
10109448NASCIMENTOT_2025-08-23_G24,10109448NASCIMENTOT,2025-08-23,117856,1,8,0,235.0
10109448NASCIMENTOT_2025-08-23_G25,10109448NASCIMENTOT,2025-08-23,140957,1,3,0,87.0
10109448NASCIMENTOT_2025-08-23_G26,10109448NASCIMENTOT,2025-08-23,117861,1,14,0,398.0
10109448NASCIMENTOT_2025-08-23_G27,10109448NASCIMENTOT,2025-08-23,141047,1,4,0,190.0
10109448NASCIMENTOT_2025-08-23_G28,10109448NASCIMENTOT,2025-08-23,111467,1,3,0,256.0
10109448NASCIMENTOT_2025-08-23_G29,10109448NASCIMENTOT,2025-08-23,110325,1,4,0,249.0
10109448NASCIMENTOT_2025-08-23_G30,10109448NASCIMENTOT,2025-08-23,110375,1,4,0,32.0
10109448NASCIMENTOT_2025-08-27_G02,10109448NASCIMENTOT,2025-08-27,114647,1,4,0,665.0
10109448NASCIMENTOT_2025-08-27_G03,10109448NASCIMENTOT,2025-08-27,123909,1,12,0,1400.0
10109448NASCIMENTOT_2025-08-27_G04,10109448NASCIMENTOT,2025-08-27,121651,1,8,0,99.0
10109448NASCIMENTOT_2025-08-27_G05,10109448NASCIMENTOT,2025-08-27,122988,1,4,0,548.0
10109448NASCIMENTOT_2025-08-27_G06,10109448NASCIMENTOT,2025-08-27,121651,1,16,0,264.0
10109448NASCIMENTOT_2025-08-27_G07,10109448NASCIMENTOT,2025-08-27,122982,1,6,0,229.0
10109448NASCIMENTOT_2025-08-27_G08,10109448NASCIMENTOT,2025-08-27,"121651, 124477",2,23,16,1059.0
10109448NASCIMENTOT_2025-08-27_G09,10109448NASCIMENTOT,2025-08-27,123521,1,40,0,686.0
10109448NASCIMENTOT_2025-08-27_G10,10109448NASCIMENTOT,2025-08-27,122984,1,4,0,87.0
10109448NASCIMENTOT_2025-08-27_G11,10109448NASCIMENTOT,2025-08-27,123521,1,1,0,118.0
10109448NASCIMENTOT_2025-08-27_G12,10109448NASCIMENTOT,2025-08-27,121651,1,15,0,429.0
10109448NASCIMENTOT_2025-08-27_G13,10109448NASCIMENTOT,2025-08-27,121651,1,5,0,673.0
10109448NASCIMENTOT_2025-08-27_G14,10109448NASCIMENTOT,2025-08-27,121651,1,18,0,373.0
10109448NASCIMENTOT_2025-08-27_G15,10109448NASCIMENTOT,2025-08-27,121651,1,32,0,566.0
10109448NASCIMENTOT_2025-08-27_G16,10109448NASCIMENTOT,2025-08-27,124370,1,7,0,134.0
10109448NASCIMENTOT_2025-08-27_G17,10109448NASCIMENTOT,2025-08-27,121760,1,10,0,129.0
10109448NASCIMENTOT_2025-08-27_G18,10109448NASCIMENTOT,2025-08-27,121760,1,4,0,206.0
10109448NASCIMENTOT_2025-08-27_G19,10109448NASCIMENTOT,2025-08-27,121651,1,9,0,2074.0
10109448NASCIMENTOT_2025-08-27_G20,10109448NASCIMENTOT,2025-08-27,121651,1,3,0,84.0
10109448NASCIMENTOT_2025-08-27_G21,10109448NASCIMENTOT,2025-08-27,121651,1,10,0,176.0
10109448NASCIMENTOT_2025-08-27_G22,10109448NASCIMENTOT,2025-08-27,123345,1,5,0,93.0
10109448NASCIMENTOT_2025-08-27_G23,10109448NASCIMENTOT,2025-08-27,123521,1,3,0,107.0
10109448NASCIMENTOT_2025-08-27_G24,10109448NASCIMENTOT,2025-08-27,181280,1,2,0,192.0
10109448NASCIMENTOT_2025-08-27_G25,10109448NASCIMENTOT,2025-08-27,181280,1,2,0,41.0
10109448NASCIMENTOT_2025-08-27_G26,10109448NASCIMENTOT,2025-08-27,122962,1,5,0,526.0
10109448NASCIMENTOT_2025-08-27_G28,10109448NASCIMENTOT,2025-08-27,122988,1,24,0,338.0
10109448NASCIMENTOT_2025-08-27_G29,10109448NASCIMENTOT,2025-08-27,124248,1,56,0,1072.0
10109448NASCIMENTOT_2025-08-27_G30,10109448NASCIMENTOT,2025-08-27,122984,1,16,0,237.0
10109448NASCIMENTOT_2025-08-27_G31,10109448NASCIMENTOT,2025-08-27,122986,1,4,0,109.0
10109448NASCIMENTOT_2025-08-27_G32,10109448NASCIMENTOT,2025-08-27,123909,1,4,0,122.0
10109448NASCIMENTOT_2025-08-27_G33,10109448NASCIMENTOT,2025-08-27,121760,1,4,0,138.0
10109448NASCIMENTOT_2025-08-27_G34,10109448NASCIMENTOT,2025-08-27,124248,1,8,0,143.0
10109448NASCIMENTOT_2025-08-27_G35,10109448NASCIMENTOT,2025-08-27,122982,1,1,0,195.0
10109448NASCIMENTOT_2025-08-27_G36,10109448NASCIMENTOT,2025-08-27,122984,1,12,0,323.0
10109448NASCIMENTOT_2025-08-27_G37,10109448NASCIMENTOT,2025-08-27,121760,1,8,0,239.0
10109448NASCIMENTOT_2025-08-27_G38,10109448NASCIMENTOT,2025-08-27,121760,1,10,0,265.0
10109448NASCIMENTOT_2025-08-27_G39,10109448NASCIMENTOT,2025-08-27,123344,1,2,0,47.0
10109448NASCIMENTOT_2025-08-27_G40,10109448NASCIMENTOT,2025-08-27,123345,1,8,0,342.0
10109448NASCIMENTOT_2025-08-27_G41,10109448NASCIMENTOT,2025-08-27,123344,1,4,0,310.0
10109448NASCIMENTOT_2025-08-27_G42,10109448NASCIMENTOT,2025-08-27,122984,1,20,0,1128.0
10109448NASCIMENTOT_2025-08-27_G43,10109448NASCIMENTOT,2025-08-27,122189,1,3,0,198.0
10109448NASCIMENTOT_2025-08-27_G44,10109448NASCIMENTOT,2025-08-27,120272,1,8,0,186.0
10109448NASCIMENTOT_2025-08-27_G45,10109448NASCIMENTOT,2025-08-27,"122196, 124247",2,9,9,174.0
10109448NASCIMENTOT_2025-08-27_G46,10109448NASCIMENTOT,2025-08-27,120028,1,10,0,180.0
10109448NASCIMENTOT_2025-08-27_G47,10109448NASCIMENTOT,2025-08-27,122982,1,8,0,295.0
10109448NASCIMENTOT_2025-08-27_G48,10109448NASCIMENTOT,2025-08-27,122984,1,8,0,195.0
10109448NASCIMENTOT_2025-08-27_G49,10109448NASCIMENTOT,2025-08-27,122962,1,32,0,109.0
10109448NASCIMENTOT_2025-08-27_G50,10109448NASCIMENTOT,2025-08-27,"123562, 124486",2,10,18,173.0
10109448NASCIMENTOT_2025-08-27_G51,10109448NASCIMENTOT,2025-08-27,124548,1,6,0,133.0
10109448NASCIMENTOT_2025-08-27_G52,10109448NASCIMENTOT,2025-08-27,122189,1,34,0,102.0
10109448NASCIMENTOT_2025-08-27_G53,10109448NASCIMENTOT,2025-08-27,122185,1,6,0,37.0
10109448NASCIMENTOT_2025-08-27_G54,10109448NASCIMENTOT,2025-08-27,122984,1,8,0,54.0
10109448NASCIMENTOT_2025-08-27_G55,10109448NASCIMENTOT,2025-08-27,120028,1,14,0,115.0
10109448NASCIMENTOT_2025-08-27_G56,10109448NASCIMENTOT,2025-08-27,122647,1,8,0,208.0
10109448NASCIMENTOT_2025-08-27_G57,10109448NASCIMENTOT,2025-08-27,124624,1,4,0,133.0
10109448NASCIMENTOT_2025-08-27_G58,10109448NASCIMENTOT,2025-08-27,123909,1,6,0,107.0
10109448NASCIMENTOT_2025-08-27_G59,10109448NASCIMENTOT,2025-08-27,122185,1,8,0,113.0
10109448NASCIMENTOT_2025-08-28_G02,10109448NASCIMENTOT,2025-08-28,123909,1,2,0,175.0
10109448NASCIMENTOT_2025-08-28_G03,10109448NASCIMENTOT,2025-08-28,124624,1,4,0,111.0
10109448NASCIMENTOT_2025-08-28_G04,10109448NASCIMENTOT,2025-08-28,120028,1,2,0,69.0
10109448NASCIMENTOT_2025-08-28_G05,10109448NASCIMENTOT,2025-08-28,123344,1,2,0,149.0
10109448NASCIMENTOT_2025-08-28_G06,10109448NASCIMENTOT,2025-08-28,123313,1,2,0,274.0
10109448NASCIMENTOT_2025-08-28_G07,10109448NASCIMENTOT,2025-08-28,123343,1,2,0,151.0
10109448NASCIMENTOT_2025-08-28_G08,10109448NASCIMENTOT,2025-08-28,122967,1,24,0,621.0
10109448NASCIMENTOT_2025-08-28_G09,10109448NASCIMENTOT,2025-08-28,122984,1,4,0,329.0
10109448NASCIMENTOT_2025-08-28_G10,10109448NASCIMENTOT,2025-08-28,123822,1,13,0,646.0
10109448NASCIMENTOT_2025-08-28_G11,10109448NASCIMENTOT,2025-08-28,123822,1,13,0,193.0
10109448NASCIMENTOT_2025-08-28_G12,10109448NASCIMENTOT,2025-08-28,123822,1,17,0,55.0
10109448NASCIMENTOT_2025-08-28_G13,10109448NASCIMENTOT,2025-08-28,122984,1,2,0,618.0
10109448NASCIMENTOT_2025-08-28_G14,10109448NASCIMENTOT,2025-08-28,123822,1,28,0,507.0
10109448NASCIMENTOT_2025-08-28_G15,10109448NASCIMENTOT,2025-08-28,122962,1,60,0,753.0
10109448NASCIMENTOT_2025-08-28_G16,10109448NASCIMENTOT,2025-08-28,123562,1,1,0,826.0
10109448NASCIMENTOT_2025-08-28_G17,10109448NASCIMENTOT,2025-08-28,122962,1,10,0,1094.0
10109448NASCIMENTOT_2025-08-28_G18,10109448NASCIMENTOT,2025-08-28,122962,1,10,0,59.0
10109448NASCIMENTOT_2025-08-28_G19,10109448NASCIMENTOT,2025-08-28,123909,1,10,0,168.0
10109448NASCIMENTOT_2025-08-28_G20,10109448NASCIMENTOT,2025-08-28,124370,1,17,0,355.0
10109448NASCIMENTOT_2025-08-28_G21,10109448NASCIMENTOT,2025-08-28,124370,1,10,0,294.0
10109448NASCIMENTOT_2025-08-28_G22,10109448NASCIMENTOT,2025-08-28,122647,1,4,0,88.0
10109448NASCIMENTOT_2025-08-28_G23,10109448NASCIMENTOT,2025-08-28,122983,1,8,0,105.0
10109448NASCIMENTOT_2025-08-28_G24,10109448NASCIMENTOT,2025-08-28,124371,1,10,0,256.0
10109448NASCIMENTOT_2025-08-28_G25,10109448NASCIMENTOT,2025-08-28,124371,1,4,0,115.0
10109448NASCIMENTOT_2025-08-28_G26,10109448NASCIMENTOT,2025-08-28,122984,1,4,0,68.0
10109448NASCIMENTOT_2025-08-28_G27,10109448NASCIMENTOT,2025-08-28,124475,1,11,0,297.0
10109448NASCIMENTOT_2025-08-28_G28,10109448NASCIMENTOT,2025-08-28,124475,1,8,0,366.0
10109448NASCIMENTOT_2025-08-28_G29,10109448NASCIMENTOT,2025-08-28,123313,1,7,0,728.0
10109448NASCIMENTOT_2025-08-28_G30,10109448NASCIMENTOT,2025-08-28,123345,1,8,0,269.0
10109448NASCIMENTOT_2025-08-28_G31,10109448NASCIMENTOT,2025-08-28,123345,1,14,0,704.0
10109448NASCIMENTOT_2025-08-28_G32,10109448NASCIMENTOT,2025-08-28,123153,1,4,0,165.0
10109448NASCIMENTOT_2025-08-28_G33,10109448NASCIMENTOT,2025-08-28,123909,1,8,0,126.0
10109448NASCIMENTOT_2025-08-28_G34,10109448NASCIMENTOT,2025-08-28,122988,1,7,0,122.0
10109448NASCIMENTOT_2025-08-28_G35,10109448NASCIMENTOT,2025-08-28,123080,1,6,0,116.0
10109448NASCIMENTOT_2025-08-28_G36,10109448NASCIMENTOT,2025-08-28,124475,1,20,0,449.0
10109448NASCIMENTOT_2025-08-28_G37,10109448NASCIMENTOT,2025-08-28,122185,1,14,0,409.0
10109448NASCIMENTOT_2025-08-28_G38,10109448NASCIMENTOT,2025-08-28,123081,1,17,0,715.0
10109448NASCIMENTOT_2025-08-28_G39,10109448NASCIMENTOT,2025-08-28,124476,1,10,0,179.0
10109448NASCIMENTOT_2025-08-28_G41,10109448NASCIMENTOT,2025-08-28,122984,1,37,0,1212.0
10109448NASCIMENTOT_2025-08-28_G42,10109448NASCIMENTOT,2025-08-28,124248,1,35,0,167.0
10109448NASCIMENTOT_2025-08-28_G43,10109448NASCIMENTOT,2025-08-28,122962,1,50,0,1335.0
10109448NASCIMENTOT_2025-08-28_G44,10109448NASCIMENTOT,2025-08-28,123153,1,26,0,472.0
10109448NASCIMENTOT_2025-08-28_G45,10109448NASCIMENTOT,2025-08-28,124248,1,4,0,215.0
10109448NASCIMENTOT_2025-08-28_G46,10109448NASCIMENTOT,2025-08-28,121651,1,58,0,1384.0
10109448NASCIMENTOT_2025-08-29_G02,10109448NASCIMENTOT,2025-08-29,124475,1,20,0,789.0
10109448NASCIMENTOT_2025-08-29_G03,10109448NASCIMENTOT,2025-08-29,122703,1,8,0,167.0
10109448NASCIMENTOT_2025-08-29_G04,10109448NASCIMENTOT,2025-08-29,122703,1,4,0,66.0
10109448NASCIMENTOT_2025-08-29_G05,10109448NASCIMENTOT,2025-08-29,123345,1,20,0,520.0
10109448NASCIMENTOT_2025-08-29_G06,10109448NASCIMENTOT,2025-08-29,123343,1,12,0,412.0
10109448NASCIMENTOT_2025-08-29_G08,10109448NASCIMENTOT,2025-08-29,122981,1,1,0,68.0
10109448NASCIMENTOT_2025-08-29_G09,10109448NASCIMENTOT,2025-08-29,124370,1,7,0,168.0
10109448NASCIMENTOT_2025-08-29_G10,10109448NASCIMENTOT,2025-08-29,121760,1,6,0,419.0
10109448NASCIMENTOT_2025-08-29_G11,10109448NASCIMENTOT,2025-08-29,121923,1,2,0,251.0
10109448NASCIMENTOT_2025-08-29_G12,10109448NASCIMENTOT,2025-08-29,124486,1,8,0,230.0
10109448NASCIMENTOT_2025-08-29_G13,10109448NASCIMENTOT,2025-08-29,124475,1,7,0,152.0
10109448NASCIMENTOT_2025-08-29_G14,10109448NASCIMENTOT,2025-08-29,124247,1,3,0,330.0
10109448NASCIMENTOT_2025-08-29_G15,10109448NASCIMENTOT,2025-08-29,123345,1,8,0,192.0
10109448NASCIMENTOT_2025-08-29_G16,10109448NASCIMENTOT,2025-08-29,123909,1,10,0,1109.0
10109448NASCIMENTOT_2025-08-29_G17,10109448NASCIMENTOT,2025-08-29,123562,1,4,0,599.0
10109448NASCIMENTOT_2025-08-29_G18,10109448NASCIMENTOT,2025-08-29,122962,1,13,0,387.0
10109448NASCIMENTOT_2025-08-29_G19,10109448NASCIMENTOT,2025-08-29,124370,1,10,0,171.0
10109448NASCIMENTOT_2025-08-29_G20,10109448NASCIMENTOT,2025-08-29,121760,1,7,0,283.0
10109448NASCIMENTOT_2025-08-29_G21,10109448NASCIMENTOT,2025-08-29,124486,1,10,0,192.0
10109448NASCIMENTOT_2025-08-29_G22,10109448NASCIMENTOT,2025-08-29,121651,1,6,0,227.0
10109448NASCIMENTOT_2025-08-29_G23,10109448NASCIMENTOT,2025-08-29,120271,1,2,0,190.0
10109448NASCIMENTOT_2025-08-29_G24,10109448NASCIMENTOT,2025-08-29,124370,1,11,0,362.0
10109448NASCIMENTOT_2025-08-29_G26,10109448NASCIMENTOT,2025-08-29,124486,1,10,0,258.0
10109448NASCIMENTOT_2025-08-29_G27,10109448NASCIMENTOT,2025-08-29,121651,1,10,0,116.0
10109448NASCIMENTOT_2025-08-29_G28,10109448NASCIMENTOT,2025-08-29,122962,1,10,0,357.0
10109448NASCIMENTOT_2025-08-29_G29,10109448NASCIMENTOT,2025-08-29,124248,1,6,0,236.0
10109448NASCIMENTOT_2025-08-29_G30,10109448NASCIMENTOT,2025-08-29,123345,1,14,0,539.0
10109448NASCIMENTOT_2025-08-29_G31,10109448NASCIMENTOT,2025-08-29,124247,1,20,0,465.0
10109448NASCIMENTOT_2025-08-29_G32,10109448NASCIMENTOT,2025-08-29,124476,1,3,0,280.0
10109448NASCIMENTOT_2025-08-29_G33,10109448NASCIMENTOT,2025-08-29,122988,1,2,0,95.0
10109448NASCIMENTOT_2025-08-30_G02,10109448NASCIMENTOT,2025-08-30,111569,1,2,0,70.0
10109448NASCIMENTOT_2025-08-31_G02,10109448NASCIMENTOT,2025-08-31,122984,1,12,0,423.0
10109448NASCIMENTOT_2025-08-31_G03,10109448NASCIMENTOT,2025-08-31,120028,1,12,0,436.0
10109448NASCIMENTOT_2025-08-31_G04,10109448NASCIMENTOT,2025-08-31,122962,1,40,0,570.0
10109448NASCIMENTOT_2025-08-31_G05,10109448NASCIMENTOT,2025-08-31,124370,1,10,0,3335.0
10109448NASCIMENTOT_2025-08-31_G06,10109448NASCIMENTOT,2025-08-31,121651,1,4,0,367.0
10109448NASCIMENTOT_2025-08-31_G07,10109448NASCIMENTOT,2025-08-31,121651,1,24,0,899.0
10109448NASCIMENTOT_2025-08-31_G08,10109448NASCIMENTOT,2025-08-31,123081,1,20,0,438.0
10109448NASCIMENTOT_2025-08-31_G09,10109448NASCIMENTOT,2025-08-31,124476,1,2,0,128.0
10109448NASCIMENTOT_2025-08-31_G10,10109448NASCIMENTOT,2025-08-31,124370,1,17,0,715.0
10109448NASCIMENTOT_2025-08-31_G11,10109448NASCIMENTOT,2025-08-31,121651,1,9,0,345.0
10109448NASCIMENTOT_2025-08-31_G12,10109448NASCIMENTOT,2025-08-31,124476,1,6,0,171.0
10109448NASCIMENTOT_2025-08-31_G13,10109448NASCIMENTOT,2025-08-31,124370,1,8,0,1561.0
10109448NASCIMENTOT_2025-08-31_G14,10109448NASCIMENTOT,2025-08-31,121651,1,11,0,416.0
10109448NASCIMENTOT_2025-08-31_G15,10109448NASCIMENTOT,2025-08-31,120028,1,12,0,282.0
10109448NASCIMENTOT_2025-08-31_G16,10109448NASCIMENTOT,2025-08-31,124433,1,3,0,1331.0
10109448NASCIMENTOT_2025-08-31_G17,10109448NASCIMENTOT,2025-08-31,122185,1,48,0,1201.0
10109448NASCIMENTOT_2025-08-31_G18,10109448NASCIMENTOT,2025-08-31,120272,1,4,0,96.0
10109448NASCIMENTOT_2025-08-31_G19,10109448NASCIMENTOT,2025-08-31,123343,1,3,0,210.0
10109448NASCIMENTOT_2025-08-31_G20,10109448NASCIMENTOT,2025-08-31,123822,1,2,0,418.0
10109448NASCIMENTOT_2025-08-31_G22,10109448NASCIMENTOT,2025-08-31,124248,1,90,0,1789.0
10109448NASCIMENTOT_2025-09-11_G02,10109448NASCIMENTOT,2025-09-11,122984,1,4,0,36.0
10109448NASCIMENTOT_2025-09-11_G03,10109448NASCIMENTOT,2025-09-11,122962,1,10,0,198.0
10109448NASCIMENTOT_2025-09-11_G04,10109448NASCIMENTOT,2025-09-11,124475,1,7,0,338.0
10109448NASCIMENTOT_2025-09-11_G05,10109448NASCIMENTOT,2025-09-11,123345,1,16,0,414.0
10109448NASCIMENTOT_2025-09-11_G06,10109448NASCIMENTOT,2025-09-11,123343,1,10,0,174.0
10109448NASCIMENTOT_2025-09-11_G07,10109448NASCIMENTOT,2025-09-11,123909,1,12,0,833.0
10109448NASCIMENTOT_2025-09-11_G08,10109448NASCIMENTOT,2025-09-11,123343,1,8,0,108.0
10109448NASCIMENTOT_2025-09-11_G09,10109448NASCIMENTOT,2025-09-11,120339,1,50,0,922.0
10109448NASCIMENTOT_2025-09-11_G10,10109448NASCIMENTOT,2025-09-11,121760,1,6,0,324.0
10109448NASCIMENTOT_2025-09-11_G11,10109448NASCIMENTOT,2025-09-11,123344,1,10,0,331.0
10109448NASCIMENTOT_2025-09-11_G12,10109448NASCIMENTOT,2025-09-11,124476,1,4,0,693.0
10109448NASCIMENTOT_2025-09-11_G13,10109448NASCIMENTOT,2025-09-11,122703,1,11,0,2363.0
10109448NASCIMENTOT_2025-09-11_G14,10109448NASCIMENTOT,2025-09-11,123822,1,102,0,2780.0
10109448NASCIMENTOT_2025-09-11_G16,10109448NASCIMENTOT,2025-09-11,124248,1,2,0,264.0
10109448NASCIMENTOT_2025-09-11_G17,10109448NASCIMENTOT,2025-09-11,124247,1,1,0,82.0
10109448NASCIMENTOT_2025-09-11_G18,10109448NASCIMENTOT,2025-09-11,123344,1,6,0,522.0
10109448NASCIMENTOT_2025-09-11_G19,10109448NASCIMENTOT,2025-09-11,123343,1,2,0,66.0
10109448NASCIMENTOT_2025-09-11_G20,10109448NASCIMENTOT,2025-09-11,123313,1,3,0,393.0
10109448NASCIMENTOT_2025-09-11_G21,10109448NASCIMENTOT,2025-09-11,124624,1,10,0,130.0
10109448NASCIMENTOT_2025-09-11_G22,10109448NASCIMENTOT,2025-09-11,124486,1,14,0,635.0
10109448NASCIMENTOT_2025-09-11_G23,10109448NASCIMENTOT,2025-09-11,124475,1,1,0,195.0
10109448NASCIMENTOT_2025-09-11_G24,10109448NASCIMENTOT,2025-09-11,180023,1,2,0,351.0
10109448NASCIMENTOT_2025-09-11_G25,10109448NASCIMENTOT,2025-09-11,120389,1,20,0,533.0
10109448NASCIMENTOT_2025-09-11_G26,10109448NASCIMENTOT,2025-09-11,124486,1,5,0,145.0
10109448NASCIMENTOT_2025-09-11_G27,10109448NASCIMENTOT,2025-09-11,122671,1,8,0,179.0
10109448NASCIMENTOT_2025-09-11_G28,10109448NASCIMENTOT,2025-09-11,124486,1,10,0,323.0
10109448NASCIMENTOT_2025-09-11_G29,10109448NASCIMENTOT,2025-09-11,"122962, 180169",2,19,19,439.0
10109448NASCIMENTOT_2025-09-11_G30,10109448NASCIMENTOT,2025-09-11,123081,1,40,0,430.0
10109448NASCIMENTOT_2025-10-10_G02,10109448NASCIMENTOT,2025-10-10,120028,1,8,0,253.0
10109448NASCIMENTOT_2025-10-10_G03,10109448NASCIMENTOT,2025-10-10,120028,1,10,0,312.0
10109448NASCIMENTOT_2025-10-10_G04,10109448NASCIMENTOT,2025-10-10,122671,1,5,0,105.0
10109448NASCIMENTOT_2025-10-10_G05,10109448NASCIMENTOT,2025-10-10,120389,1,50,0,1168.0
10109448NASCIMENTOT_2025-10-10_G06,10109448NASCIMENTOT,2025-10-10,122962,1,6,0,412.0
10109448NASCIMENTOT_2025-10-10_G07,10109448NASCIMENTOT,2025-10-10,122962,1,8,0,56.0
10109448NASCIMENTOT_2025-10-10_G08,10109448NASCIMENTOT,2025-10-10,122967,1,32,0,504.0
10109448NASCIMENTOT_2025-10-10_G09,10109448NASCIMENTOT,2025-10-10,124486,1,8,0,227.0
10109448NASCIMENTOT_2025-10-10_G10,10109448NASCIMENTOT,2025-10-10,123909,1,22,0,1480.0
10109448NASCIMENTOT_2025-10-10_G11,10109448NASCIMENTOT,2025-10-10,124476,1,30,0,691.0
10109448NASCIMENTOT_2025-10-10_G12,10109448NASCIMENTOT,2025-10-10,124476,1,30,0,691.0
10109448NASCIMENTOT_2025-10-10_G13,10109448NASCIMENTOT,2025-10-10,124247,1,15,0,808.0
10109448NASCIMENTOT_2025-10-10_G14,10109448NASCIMENTOT,2025-10-10,122647,1,12,0,274.0
10109448NASCIMENTOT_2025-10-10_G15,10109448NASCIMENTOT,2025-10-10,124486,1,40,0,959.0
10109448NASCIMENTOT_2025-10-10_G16,10109448NASCIMENTOT,2025-10-10,124548,1,10,0,332.0
10109448NASCIMENTOT_2025-10-10_G17,10109448NASCIMENTOT,2025-10-10,123313,1,5,0,232.0
10109448NASCIMENTOT_2025-10-10_G18,10109448NASCIMENTOT,2025-10-10,123313,1,7,0,219.0
10109448NASCIMENTOT_2025-10-10_G19,10109448NASCIMENTOT,2025-10-10,123343,1,13,0,385.0
10109448NASCIMENTOT_2025-10-10_G20,10109448NASCIMENTOT,2025-10-10,123344,1,7,0,921.0
10109448NASCIMENTOT_2025-10-10_G21,10109448NASCIMENTOT,2025-10-10,"121651, 124486",2,13,9,201.0
10109448NASCIMENTOT_2025-10-10_G22,10109448NASCIMENTOT,2025-10-10,123345,1,10,0,116.0
10109448NASCIMENTOT_2025-10-10_G23,10109448NASCIMENTOT,2025-10-10,123313,1,9,0,220.0
10109448NASCIMENTOT_2025-10-10_G25,10109448NASCIMENTOT,2025-10-10,123909,1,4,0,287.0
10109448NASCIMENTOT_2025-10-10_G26,10109448NASCIMENTOT,2025-10-10,121760,1,4,0,324.0
10109448NASCIMENTOT_2025-10-10_G27,10109448NASCIMENTOT,2025-10-10,124476,1,6,0,528.0
10109448NASCIMENTOT_2025-10-10_G28,10109448NASCIMENTOT,2025-10-10,124248,1,12,0,273.0
10109448NASCIMENTOT_2025-10-10_G29,10109448NASCIMENTOT,2025-10-10,124475,1,8,0,414.0
10109448NASCIMENTOT_2025-10-10_G30,10109448NASCIMENTOT,2025-10-10,121651,1,3,0,227.0
10109448NASCIMENTOT_2025-10-10_G31,10109448NASCIMENTOT,2025-10-10,124370,1,30,0,789.0
10109448NASCIMENTOT_2025-10-10_G32,10109448NASCIMENTOT,2025-10-10,122962,1,11,0,287.0
10109448NASCIMENTOT_2025-10-10_G33,10109448NASCIMENTOT,2025-10-10,123345,1,4,0,322.0
10109448NASCIMENTOT_2025-10-10_G34,10109448NASCIMENTOT,2025-10-10,122673,1,20,0,643.0
10109448NASCIMENTOT_2025-10-10_G35,10109448NASCIMENTOT,2025-10-10,124248,1,3,0,220.0
10109448NASCIMENTOT_2025-10-10_G36,10109448NASCIMENTOT,2025-10-10,124548,1,20,0,468.0
10109448NASCIMENTOT_2025-10-10_G37,10109448NASCIMENTOT,2025-10-10,120028,1,2,0,101.0
10109448NASCIMENTOT_2025-10-10_G38,10109448NASCIMENTOT,2025-10-10,122671,1,8,0,214.0
10109448NASCIMENTOT_2025-10-10_G39,10109448NASCIMENTOT,2025-10-10,120389,1,8,0,201.0
10109448NASCIMENTOT_2025-10-10_G40,10109448NASCIMENTOT,2025-10-10,122962,1,8,0,247.0
10109448NASCIMENTOT_2025-10-10_G41,10109448NASCIMENTOT,2025-10-10,123343,1,6,0,162.0
10109448NASCIMENTOT_2025-10-10_G42,10109448NASCIMENTOT,2025-10-10,122986,1,15,0,409.0
10109448NASCIMENTOT_2025-10-15_G02,10109448NASCIMENTOT,2025-10-15,123081,1,8,0,170.0
10109448NASCIMENTOT_2025-10-15_G03,10109448NASCIMENTOT,2025-10-15,121760,1,24,0,486.0
10109448NASCIMENTOT_2025-10-15_G04,10109448NASCIMENTOT,2025-10-15,123521,1,1,0,57.0
10109448NASCIMENTOT_2025-10-15_G05,10109448NASCIMENTOT,2025-10-15,122984,1,30,0,921.0
10109448NASCIMENTOT_2025-10-15_G06,10109448NASCIMENTOT,2025-10-15,124548,1,8,0,294.0
10109448NASCIMENTOT_2025-10-15_G07,10109448NASCIMENTOT,2025-10-15,122962,1,8,0,253.0
10109448NASCIMENTOT_2025-10-15_G08,10109448NASCIMENTOT,2025-10-15,124476,1,8,0,220.0
10109448NASCIMENTOT_2025-10-15_G09,10109448NASCIMENTOT,2025-10-15,124475,1,6,0,130.0
10109448NASCIMENTOT_2025-10-15_G10,10109448NASCIMENTOT,2025-10-15,123561,1,5,0,327.0
10109448NASCIMENTOT_2025-10-15_G11,10109448NASCIMENTOT,2025-10-15,121651,1,8,0,170.0
10109448NASCIMENTOT_2025-10-15_G12,10109448NASCIMENTOT,2025-10-15,"122185, 124486",2,6,18,183.0
10109448NASCIMENTOT_2025-10-15_G13,10109448NASCIMENTOT,2025-10-15,124371,1,1,0,147.0
10109448NASCIMENTOT_2025-10-15_G14,10109448NASCIMENTOT,2025-10-15,122982,1,30,0,411.0
10109448NASCIMENTOT_2025-11-06_G02,10109448NASCIMENTOT,2025-11-06,122962,1,20,0,238.0
10109448NASCIMENTOT_2025-11-06_G03,10109448NASCIMENTOT,2025-11-06,122185,1,4,0,619.0
10109448NASCIMENTOT_2025-11-06_G04,10109448NASCIMENTOT,2025-11-06,122981,1,2,0,103.0
10109448NASCIMENTOT_2025-11-06_G05,10109448NASCIMENTOT,2025-11-06,122988,1,4,0,139.0
10109448NASCIMENTOT_2025-11-06_G06,10109448NASCIMENTOT,2025-11-06,124548,1,10,0,357.0
10109448NASCIMENTOT_2025-11-06_G07,10109448NASCIMENTOT,2025-11-06,122673,1,22,0,1016.0
10109448NASCIMENTOT_2025-11-06_G08,10109448NASCIMENTOT,2025-11-06,123909,1,2,0,109.0
10109448NASCIMENTOT_2025-11-06_G09,10109448NASCIMENTOT,2025-11-06,122962,1,4,0,274.0
10109448NASCIMENTOT_2025-11-06_G10,10109448NASCIMENTOT,2025-11-06,124486,1,4,0,267.0
10109448NASCIMENTOT_2025-11-06_G11,10109448NASCIMENTOT,2025-11-06,122962,1,40,0,1157.0
10109448NASCIMENTOT_2025-11-06_G12,10109448NASCIMENTOT,2025-11-06,124247,1,6,0,1073.0
10109448NASCIMENTOT_2025-11-06_G13,10109448NASCIMENTOT,2025-11-06,120028,1,10,0,280.0
10109448NASCIMENTOT_2025-11-06_G14,10109448NASCIMENTOT,2025-11-06,122962,1,14,0,433.0
10109448NASCIMENTOT_2025-11-06_G15,10109448NASCIMENTOT,2025-11-06,120008,1,2,0,147.0
10109448NASCIMENTOT_2025-11-28_G02,10109448NASCIMENTOT,2025-11-28,124476,1,20,0,477.0
10109448NASCIMENTOT_2025-11-28_G03,10109448NASCIMENTOT,2025-11-28,122983,1,8,0,209.0
10109448NASCIMENTOT_2025-11-28_G04,10109448NASCIMENTOT,2025-11-28,120339,1,23,0,421.0
10109448NASCIMENTOT_2025-11-28_G05,10109448NASCIMENTOT,2025-11-28,123909,1,8,0,144.0
10109448NASCIMENTOT_2025-11-28_G06,10109448NASCIMENTOT,2025-11-28,124486,1,24,0,456.0
10109448NASCIMENTOT_2025-11-28_G07,10109448NASCIMENTOT,2025-11-28,123343,1,12,0,546.0
10109448NASCIMENTOT_2025-11-28_G08,10109448NASCIMENTOT,2025-11-28,123345,1,30,0,854.0
10109448NASCIMENTOT_2025-11-28_G09,10109448NASCIMENTOT,2025-11-28,123345,1,16,0,273.0
10109448NASCIMENTOT_2025-11-28_G10,10109448NASCIMENTOT,2025-11-28,123313,1,6,0,1459.0
10109448NASCIMENTOT_2025-11-28_G11,10109448NASCIMENTOT,2025-11-28,122962,1,32,0,2866.0
10109448NASCIMENTOT_2025-11-28_G12,10109448NASCIMENTOT,2025-11-28,122982,1,19,0,549.0
10109448NASCIMENTOT_2025-11-28_G13,10109448NASCIMENTOT,2025-11-28,124486,1,24,0,684.0
10109448NASCIMENTOT_2025-11-28_G14,10109448NASCIMENTOT,2025-11-28,121651,1,16,0,2083.0
10109448NASCIMENTOT_2025-11-28_G16,10109448NASCIMENTOT,2025-11-28,122982,1,15,0,303.0
10109448NASCIMENTOT_2025-11-28_G17,10109448NASCIMENTOT,2025-11-28,122983,1,12,0,264.0
10109448NASCIMENTOT_2025-11-28_G18,10109448NASCIMENTOT,2025-11-28,123909,1,6,0,179.0
10109448NASCIMENTOT_2025-11-28_G19,10109448NASCIMENTOT,2025-11-28,124370,1,8,0,176.0
10109448NASCIMENTOT_2025-11-28_G20,10109448NASCIMENTOT,2025-11-28,124548,1,4,0,109.0
10109448NASCIMENTOT_2025-11-28_G21,10109448NASCIMENTOT,2025-11-28,122982,1,4,0,207.0
10109448NASCIMENTOT_2025-11-28_G22,10109448NASCIMENTOT,2025-11-28,124486,1,6,0,418.0
10109448NASCIMENTOT_2025-11-28_G23,10109448NASCIMENTOT,2025-11-28,"124486, 123343",2,7,27,500.0
10109448NASCIMENTOT_2025-11-28_G24,10109448NASCIMENTOT,2025-11-28,122962,1,18,0,444.0
10109448NASCIMENTOT_2025-11-28_G25,10109448NASCIMENTOT,2025-11-28,122984,1,8,0,281.0
10109448NASCIMENTOT_2025-11-28_G26,10109448NASCIMENTOT,2025-11-28,120271,1,4,0,214.0
10109448NASCIMENTOT_2025-11-28_G27,10109448NASCIMENTOT,2025-11-28,122982,1,8,0,96.0
10109448NASCIMENTOT_2025-11-28_G28,10109448NASCIMENTOT,2025-11-28,122983,1,2,0,102.0
10109448NASCIMENTOT_2025-11-28_G29,10109448NASCIMENTOT,2025-11-28,123343,1,6,0,738.0
10109448NASCIMENTOT_2025-11-28_G30,10109448NASCIMENTOT,2025-11-28,123343,1,4,0,54.0
10109448NASCIMENTOT_2025-11-28_G31,10109448NASCIMENTOT,2025-11-28,124486,1,4,0,175.0
10109448NASCIMENTOT_2025-11-28_G32,10109448NASCIMENTOT,2025-11-28,122982,1,12,0,203.0
10109448NASCIMENTOT_2025-11-28_G33,10109448NASCIMENTOT,2025-11-28,122962,1,16,0,408.0
10109448NASCIMENTOT_2025-11-28_G34,10109448NASCIMENTOT,2025-11-28,124486,1,2,0,496.0
10109448NASCIMENTOT_2025-11-28_G35,10109448NASCIMENTOT,2025-11-28,122962,1,4,0,300.0
10109448NASCIMENTOT_2025-11-28_G36,10109448NASCIMENTOT,2025-11-28,121651,1,14,0,459.0
10109448NASCIMENTOT_2025-11-28_G37,10109448NASCIMENTOT,2025-11-28,124476,1,4,0,141.0
10109448NASCIMENTOT_2025-11-28_G38,10109448NASCIMENTOT,2025-11-28,122671,1,4,0,141.0
10109448NASCIMENTOT_2025-11-28_G39,10109448NASCIMENTOT,2025-11-28,121760,1,12,0,543.0
10109448NASCIMENTOT_2025-11-28_G40,10109448NASCIMENTOT,2025-11-28,123909,1,4,0,164.0
10109448NASCIMENTOT_2025-11-29_G02,10109448NASCIMENTOT,2025-11-29,122647,1,20,0,1565.0
10109448NASCIMENTOT_2025-11-29_G03,10109448NASCIMENTOT,2025-11-29,121760,1,50,0,1830.0
10109448NASCIMENTOT_2025-11-29_G04,10109448NASCIMENTOT,2025-11-29,180054,1,2,0,368.0
10109448NASCIMENTOT_2025-11-29_G06,10109448NASCIMENTOT,2025-11-29,123562,1,4,0,1111.0
10109448NASCIMENTOT_2025-11-29_G07,10109448NASCIMENTOT,2025-11-29,124475,1,14,0,729.0
10109448NASCIMENTOT_2025-11-29_G08,10109448NASCIMENTOT,2025-11-29,122671,1,10,0,352.0
10109448NASCIMENTOT_2025-11-29_G09,10109448NASCIMENTOT,2025-11-29,120389,1,4,0,185.0
10109448NASCIMENTOT_2025-11-29_G10,10109448NASCIMENTOT,2025-11-29,124370,1,9,0,227.0
10109448NASCIMENTOT_2025-11-29_G11,10109448NASCIMENTOT,2025-11-29,123313,1,8,0,166.0
10109448NASCIMENTOT_2025-11-29_G13,10109448NASCIMENTOT,2025-11-29,124248,1,40,0,685.0
10109448NASCIMENTOT_2025-11-29_G14,10109448NASCIMENTOT,2025-11-29,120339,1,6,0,1407.0
10109448NASCIMENTOT_2025-11-29_G15,10109448NASCIMENTOT,2025-11-29,123822,1,18,0,279.0
10109448NASCIMENTOT_2025-11-29_G16,10109448NASCIMENTOT,2025-11-29,120008,1,50,0,1500.0
10109448NASCIMENTOT_2025-11-29_G17,10109448NASCIMENTOT,2025-11-29,124247,1,10,0,214.0
10109448NASCIMENTOT_2025-12-06_G02,10109448NASCIMENTOT,2025-12-06,121651,1,18,0,643.0
10109448NASCIMENTOT_2025-12-06_G03,10109448NASCIMENTOT,2025-12-06,123153,1,28,0,756.0
10109448NASCIMENTOT_2025-12-06_G04,10109448NASCIMENTOT,2025-12-06,122962,1,158,0,3329.0
10109448NASCIMENTOT_2025-12-06_G05,10109448NASCIMENTOT,2025-12-06,122984,1,4,0,110.0
10109448NASCIMENTOT_2025-12-06_G06,10109448NASCIMENTOT,2025-12-06,124486,1,100,0,2146.0
10109448NASCIMENTOT_2025-12-06_G07,10109448NASCIMENTOT,2025-12-06,124370,1,12,0,497.0
10109448NASCIMENTOT_2025-12-06_G08,10109448NASCIMENTOT,2025-12-06,123521,1,8,0,365.0
10109448NASCIMENTOT_2025-12-06_G09,10109448NASCIMENTOT,2025-12-06,121760,1,100,0,2498.0
10109448NASCIMENTOT_2025-12-06_G11,10109448NASCIMENTOT,2025-12-06,123344,1,150,0,46.0
10109448NASCIMENTOT_2025-12-08_G02,10109448NASCIMENTOT,2025-12-08,124248,1,4,0,151.0
10109448NASCIMENTOT_2025-12-08_G03,10109448NASCIMENTOT,2025-12-08,122983,1,12,0,521.0
10109448NASCIMENTOT_2025-12-08_G04,10109448NASCIMENTOT,2025-12-08,124247,1,12,0,409.0
10109448NASCIMENTOT_2025-12-08_G05,10109448NASCIMENTOT,2025-12-08,122185,1,6,0,259.0
10109448NASCIMENTOT_2025-12-08_G06,10109448NASCIMENTOT,2025-12-08,122984,1,4,0,144.0
10109448NASCIMENTOT_2025-12-08_G07,10109448NASCIMENTOT,2025-12-08,124486,1,2,0,199.0
10109448NASCIMENTOT_2025-12-08_G08,10109448NASCIMENTOT,2025-12-08,124247,1,5,0,202.0
10109448NASCIMENTOT_2025-12-08_G09,10109448NASCIMENTOT,2025-12-08,122962,1,4,0,231.0
10109448NASCIMENTOT_2025-12-08_G10,10109448NASCIMENTOT,2025-12-08,124486,1,14,0,467.0
10109448NASCIMENTOT_2025-12-08_G12,10109448NASCIMENTOT,2025-12-08,124486,1,46,0,930.0
10109448NASCIMENTOT_2025-12-08_G13,10109448NASCIMENTOT,2025-12-08,123909,1,16,0,680.0
10109448NASCIMENTOT_2025-12-09_G02,10109448NASCIMENTOT,2025-12-09,122962,1,4,0,361.0
10109448NASCIMENTOT_2025-12-09_G03,10109448NASCIMENTOT,2025-12-09,124586,1,10,0,186.0
10109448NASCIMENTOT_2025-12-09_G04,10109448NASCIMENTOT,2025-12-09,120339,1,10,0,296.0
10109448NASCIMENTOT_2025-12-09_G05,10109448NASCIMENTOT,2025-12-09,124476,1,4,0,131.0
10109448NASCIMENTOT_2025-12-09_G06,10109448NASCIMENTOT,2025-12-09,124248,1,10,0,437.0
10109448NASCIMENTOT_2025-12-09_G07,10109448NASCIMENTOT,2025-12-09,124248,1,16,0,647.0
10109448NASCIMENTOT_2025-12-09_G08,10109448NASCIMENTOT,2025-12-09,121651,1,6,0,220.0
10109448NASCIMENTOT_2025-12-09_G09,10109448NASCIMENTOT,2025-12-09,121760,1,14,0,467.0
10109448NASCIMENTOT_2025-12-09_G10,10109448NASCIMENTOT,2025-12-09,124247,1,3,0,150.0
10109448NASCIMENTOT_2025-12-09_G11,10109448NASCIMENTOT,2025-12-09,123909,1,3,0,123.0
10109448NASCIMENTOT_2025-12-09_G12,10109448NASCIMENTOT,2025-12-09,"122673, 124370",3,18,25,358.0
10109448NASCIMENTOT_2025-12-09_G13,10109448NASCIMENTOT,2025-12-09,123344,1,6,0,294.0
10109448NASCIMENTOT_2025-12-09_G14,10109448NASCIMENTOT,2025-12-09,121651,1,4,0,256.0
10109448NASCIMENTOT_2025-12-09_G15,10109448NASCIMENTOT,2025-12-09,122962,1,12,0,261.0
10109448NASCIMENTOT_2025-12-09_G16,10109448NASCIMENTOT,2025-12-09,122647,1,8,0,77.0
10109448NASCIMENTOT_2025-12-09_G17,10109448NASCIMENTOT,2025-12-09,122962,1,4,0,128.0
10109448NASCIMENTOT_2025-12-09_G18,10109448NASCIMENTOT,2025-12-09,123909,1,6,0,203.0
10109448NASCIMENTOT_2025-12-09_G19,10109448NASCIMENTOT,2025-12-09,122962,1,16,0,32.0
10109448NASCIMENTOT_2025-12-09_G20,10109448NASCIMENTOT,2025-12-09,123345,1,2,0,159.0
10109448NASCIMENTOT_2025-12-09_G21,10109448NASCIMENTOT,2025-12-09,121651,1,6,0,192.0
10109448NASCIMENTOT_2025-12-09_G22,10109448NASCIMENTOT,2025-12-09,123909,1,9,0,244.0
10109448NASCIMENTOT_2025-12-09_G23,10109448NASCIMENTOT,2025-12-09,123492,1,50,0,126.0
10109448NASCIMENTOT_2025-12-09_G24,10109448NASCIMENTOT,2025-12-09,123909,2,10,15,661.0
10109448NASCIMENTOT_2025-12-10_G02,10109448NASCIMENTOT,2025-12-10,122983,1,6,0,175.0
10109448NASCIMENTOT_2025-12-10_G03,10109448NASCIMENTOT,2025-12-10,122962,1,30,0,472.0
10109448NASCIMENTOT_2025-12-10_G04,10109448NASCIMENTOT,2025-12-10,124486,1,32,0,706.0
10109448NASCIMENTOT_2025-12-10_G05,10109448NASCIMENTOT,2025-12-10,123822,1,14,0,427.0
10109448NASCIMENTOT_2025-12-10_G06,10109448NASCIMENTOT,2025-12-10,122967,1,8,0,254.0
10109448NASCIMENTOT_2025-12-10_G07,10109448NASCIMENTOT,2025-12-10,122962,1,32,0,553.0
10109448NASCIMENTOT_2025-12-10_G09,10109448NASCIMENTOT,2025-12-10,120008,1,75,0,104.0
10109448NASCIMENTOT_2025-12-10_G10,10109448NASCIMENTOT,2025-12-10,120389,1,8,0,1554.0
10109448NASCIMENTOT_2025-12-10_G11,10109448NASCIMENTOT,2025-12-10,120339,1,4,0,104.0
10109448NASCIMENTOT_2025-12-10_G12,10109448NASCIMENTOT,2025-12-10,120389,2,30,29,93.0
10109448NASCIMENTOT_2025-12-10_G13,10109448NASCIMENTOT,2025-12-10,124624,1,2,0,352.0
10109448NASCIMENTOT_2025-12-10_G14,10109448NASCIMENTOT,2025-12-10,120339,1,12,0,102.0
10109448NASCIMENTOT_2025-12-10_G16,10109448NASCIMENTOT,2025-12-10,122673,1,6,0,130.0
10109448NASCIMENTOT_2025-12-15_G02,10109448NASCIMENTOT,2025-12-15,124486,1,16,0,386.0
10109448NASCIMENTOT_2025-12-15_G03,10109448NASCIMENTOT,2025-12-15,124486,1,24,0,507.0
10109448NASCIMENTOT_2025-12-15_G04,10109448NASCIMENTOT,2025-12-15,123343,1,4,0,82.0
10109448NASCIMENTOT_2025-12-15_G05,10109448NASCIMENTOT,2025-12-15,123153,1,10,0,282.0
10109448NASCIMENTOT_2025-12-15_G06,10109448NASCIMENTOT,2025-12-15,122988,1,4,0,49.0
10109448NASCIMENTOT_2025-12-15_G07,10109448NASCIMENTOT,2025-12-15,"121760, 124486",2,20,27,154.0
10109448NASCIMENTOT_2025-12-15_G08,10109448NASCIMENTOT,2025-12-15,123344,1,29,0,192.0
10109448NASCIMENTOT_2025-12-15_G09,10109448NASCIMENTOT,2025-12-15,122988,1,4,0,67.0
10109448NASCIMENTOT_2025-12-15_G10,10109448NASCIMENTOT,2025-12-15,122986,1,6,0,152.0
10109448NASCIMENTOT_2025-12-15_G11,10109448NASCIMENTOT,2025-12-15,123345,1,10,0,229.0
10109448NASCIMENTOT_2025-12-15_G12,10109448NASCIMENTOT,2025-12-15,"124624, 123344",2,6,20,50.0
10109448NASCIMENTOT_2025-12-15_G13,10109448NASCIMENTOT,2025-12-15,122962,1,2,0,56.0
10109448NASCIMENTOT_2025-12-15_G14,10109448NASCIMENTOT,2025-12-15,124476,2,2,23,339.0
10109448NASCIMENTOT_2025-12-15_G15,10109448NASCIMENTOT,2025-12-15,123562,1,2,0,70.0
10109448NASCIMENTOT_2025-12-15_G16,10109448NASCIMENTOT,2025-12-15,"124475, 122983",2,10,27,94.0
10109448NASCIMENTOT_2025-12-15_G17,10109448NASCIMENTOT,2025-12-15,"122703, 124486",2,10,23,85.0
10109448NASCIMENTOT_2025-12-15_G18,10109448NASCIMENTOT,2025-12-15,123909,3,14,23,129.0
10109448NASCIMENTOT_2025-12-15_G19,10109448NASCIMENTOT,2025-12-15,123313,1,4,0,121.0
10109448NASCIMENTOT_2025-12-15_G20,10109448NASCIMENTOT,2025-12-15,"123344, 120339",2,17,13,175.0
10109448NASCIMENTOT_2025-12-15_G21,10109448NASCIMENTOT,2025-12-15,123153,1,2,0,49.0
10109448NASCIMENTOT_2025-12-15_G22,10109448NASCIMENTOT,2025-12-15,123153,1,5,0,54.0
10109448NASCIMENTOT_2025-12-15_G23,10109448NASCIMENTOT,2025-12-15,123909,1,9,0,485.0
10109448NASCIMENTOT_2025-12-15_G24,10109448NASCIMENTOT,2025-12-15,121760,1,26,0,377.0
10109448NASCIMENTOT_2025-12-17_G02,10109448NASCIMENTOT,2025-12-17,124248,1,12,0,457.0
10109448NASCIMENTOT_2025-12-17_G03,10109448NASCIMENTOT,2025-12-17,122673,1,100,0,1400.0
10109448NASCIMENTOT_2025-12-17_G04,10109448NASCIMENTOT,2025-12-17,122673,1,20,0,256.0
10109448NASCIMENTOT_2025-12-17_G05,10109448NASCIMENTOT,2025-12-17,122962,1,40,0,291.0
10109448NASCIMENTOT_2025-12-17_G06,10109448NASCIMENTOT,2025-12-17,122671,1,20,0,601.0
10109448NASCIMENTOT_2025-12-17_G07,10109448NASCIMENTOT,2025-12-17,123492,1,17,0,1003.0
10109448NASCIMENTOT_2025-12-17_G09,10109448NASCIMENTOT,2025-12-17,122673,1,20,0,391.0
10109448NASCIMENTOT_2025-12-17_G10,10109448NASCIMENTOT,2025-12-17,181907,1,4,0,124.0
10109448NASCIMENTOT_2025-12-17_G11,10109448NASCIMENTOT,2025-12-17,124624,1,4,0,1102.0
10109448NASCIMENTOT_2025-12-17_G12,10109448NASCIMENTOT,2025-12-17,123344,1,8,0,63.0
10109448NASCIMENTOT_2025-12-17_G13,10109448NASCIMENTOT,2025-12-17,124477,1,4,0,235.0
10109448NASCIMENTOT_2025-12-17_G14,10109448NASCIMENTOT,2025-12-17,121760,1,8,0,353.0
10109448NASCIMENTOT_2025-12-17_G15,10109448NASCIMENTOT,2025-12-17,123909,1,8,0,504.0
10109448NASCIMENTOT_2025-12-17_G16,10109448NASCIMENTOT,2025-12-17,123345,1,1,0,362.0
10109448NASCIMENTOT_2025-12-17_G17,10109448NASCIMENTOT,2025-12-17,123345,1,6,0,33.0
10109448NASCIMENTOT_2025-12-17_G18,10109448NASCIMENTOT,2025-12-17,123313,1,3,0,236.0
10109448NASCIMENTOT_2025-12-17_G19,10109448NASCIMENTOT,2025-12-17,123313,1,2,0,35.0
10109448NASCIMENTOT_2025-12-17_G20,10109448NASCIMENTOT,2025-12-17,121651,1,2,0,197.0
10109448NASCIMENTOT_2025-12-17_G21,10109448NASCIMENTOT,2025-12-17,121651,1,12,0,345.0
10109448NASCIMENTOT_2025-12-17_G22,10109448NASCIMENTOT,2025-12-17,122962,1,20,0,180.0
10109448NASCIMENTOT_2025-12-17_G23,10109448NASCIMENTOT,2025-12-17,121760,1,10,0,765.0
10109448NASCIMENTOT_2025-12-17_G24,10109448NASCIMENTOT,2025-12-17,124486,1,5,0,205.0
10109448NASCIMENTOT_2025-12-17_G25,10109448NASCIMENTOT,2025-12-17,124486,1,4,0,197.0
10109448NASCIMENTOT_2025-12-17_G26,10109448NASCIMENTOT,2025-12-17,123909,1,2,0,102.0
10109448NASCIMENTOT_2025-12-17_G27,10109448NASCIMENTOT,2025-12-17,120339,1,5,0,170.0
10109448NASCIMENTOT_2025-12-17_G28,10109448NASCIMENTOT,2025-12-17,124476,1,6,0,243.0
10109448NASCIMENTOT_2025-12-17_G29,10109448NASCIMENTOT,2025-12-17,124476,1,5,0,236.0
10109448NASCIMENTOT_2025-12-17_G30,10109448NASCIMENTOT,2025-12-17,124371,1,10,0,223.0
10109448NASCIMENTOT_2025-12-18_G02,10109448NASCIMENTOT,2025-12-18,123343,1,4,0,391.0
10109448NASCIMENTOT_2025-12-18_G03,10109448NASCIMENTOT,2025-12-18,122984,1,16,0,322.0
10109448NASCIMENTOT_2025-12-18_G04,10109448NASCIMENTOT,2025-12-18,122185,1,4,0,349.0
10109448NASCIMENTOT_2025-12-18_G05,10109448NASCIMENTOT,2025-12-18,124486,1,4,0,114.0
10109448NASCIMENTOT_2025-12-18_G06,10109448NASCIMENTOT,2025-12-18,122962,1,40,0,676.0
10109448NASCIMENTOT_2025-12-18_G07,10109448NASCIMENTOT,2025-12-18,124247,1,10,0,236.0
10109448NASCIMENTOT_2025-12-18_G08,10109448NASCIMENTOT,2025-12-18,123343,1,6,0,620.0
10109448NASCIMENTOT_2025-12-18_G09,10109448NASCIMENTOT,2025-12-18,124247,1,5,0,182.0
10109448NASCIMENTOT_2025-12-18_G10,10109448NASCIMENTOT,2025-12-18,123909,1,6,0,91.0
10109473PRIESW_2025-01-06_G02,10109473PRIESW,2025-01-06,111439,1,1,0,336.0
10109473PRIESW_2025-01-06_G03,10109473PRIESW,2025-01-06,111467,1,51,0,359.0
10109473PRIESW_2025-01-06_G04,10109473PRIESW,2025-01-06,111467,1,27,0,348.0
10109473PRIESW_2025-01-06_G05,10109473PRIESW,2025-01-06,109647,1,98,0,545.0
10109473PRIESW_2025-01-07_G02,10109473PRIESW,2025-01-07,122962,1,40,0,694.0
10109473PRIESW_2025-01-07_G03,10109473PRIESW,2025-01-07,123907,1,20,0,934.0
10109473PRIESW_2025-01-07_G04,10109473PRIESW,2025-01-07,123907,1,100,0,2233.0
10109473PRIESW_2025-01-10_G02,10109473PRIESW,2025-01-10,111655,1,14,0,334.0
10109473PRIESW_2025-01-10_G03,10109473PRIESW,2025-01-10,111441,2,76,29,1007.0
10109473PRIESW_2025-01-10_G04,10109473PRIESW,2025-01-10,110755,1,12,0,707.0
10109473PRIESW_2025-01-10_G05,10109473PRIESW,2025-01-10,111727,1,28,0,566.0
10109473PRIESW_2025-01-10_G06,10109473PRIESW,2025-01-10,111726,1,62,0,922.0
10109473PRIESW_2025-01-10_G07,10109473PRIESW,2025-01-10,111726,1,88,0,502.0
10109473PRIESW_2025-01-10_G08,10109473PRIESW,2025-01-10,117853,1,2,0,1148.0
10109473PRIESW_2025-01-10_G09,10109473PRIESW,2025-01-10,117853,1,1,0,37.0
10109473PRIESW_2025-01-10_G10,10109473PRIESW,2025-01-10,117853,1,6,0,114.0
10109473PRIESW_2025-01-10_G11,10109473PRIESW,2025-01-10,111530,1,6,0,153.0
10109473PRIESW_2025-01-10_G12,10109473PRIESW,2025-01-10,110752,1,4,0,108.0
10109473PRIESW_2025-01-10_G13,10109473PRIESW,2025-01-10,111467,1,12,0,167.0
10109473PRIESW_2025-01-10_G14,10109473PRIESW,2025-01-10,117856,1,2,0,53.0
10109473PRIESW_2025-01-10_G15,10109473PRIESW,2025-01-10,111602,1,4,0,96.0
10109473PRIESW_2025-01-10_G16,10109473PRIESW,2025-01-10,118094,1,10,0,135.0
10109473PRIESW_2025-01-10_G17,10109473PRIESW,2025-01-10,117786,1,2,0,104.0
10109473PRIESW_2025-01-10_G18,10109473PRIESW,2025-01-10,141047,1,2,0,167.0
10109473PRIESW_2025-01-10_G19,10109473PRIESW,2025-01-10,141047,1,2,0,37.0
10109473PRIESW_2025-01-10_G20,10109473PRIESW,2025-01-10,108772,1,2,0,70.0
10109473PRIESW_2025-01-10_G21,10109473PRIESW,2025-01-10,108772,1,4,0,267.0
10109473PRIESW_2025-01-10_G22,10109473PRIESW,2025-01-10,108772,1,2,0,114.0
10109473PRIESW_2025-01-10_G23,10109473PRIESW,2025-01-10,110733,1,1,0,100.0
10109473PRIESW_2025-01-10_G24,10109473PRIESW,2025-01-10,120339,1,20,0,1560.0
10109473PRIESW_2025-01-10_G25,10109473PRIESW,2025-01-10,122983,1,50,0,3454.0
10109473PRIESW_2025-01-10_G27,10109473PRIESW,2025-01-10,117820,1,41,0,178.0
10109473PRIESW_2025-01-10_G28,10109473PRIESW,2025-01-10,117808,1,47,0,434.0
10109473PRIESW_2025-01-10_G29,10109473PRIESW,2025-01-10,118299,1,16,0,568.0
10109473PRIESW_2025-01-10_G30,10109473PRIESW,2025-01-10,108711,1,12,0,667.0
10109473PRIESW_2025-01-10_G31,10109473PRIESW,2025-01-10,111442,1,4,0,345.0
10109473PRIESW_2025-01-10_G32,10109473PRIESW,2025-01-10,117820,1,20,0,341.0
10109473PRIESW_2025-01-10_G33,10109473PRIESW,2025-01-10,117809,1,8,0,202.0
10109473PRIESW_2025-01-10_G34,10109473PRIESW,2025-01-10,117832,1,8,0,131.0
10109473PRIESW_2025-01-10_G35,10109473PRIESW,2025-01-10,117830,1,4,0,154.0
10109473PRIESW_2025-01-10_G36,10109473PRIESW,2025-01-10,117808,1,80,0,565.0
10109473PRIESW_2025-01-10_G37,10109473PRIESW,2025-01-10,110895,1,8,0,706.0
10109473PRIESW_2025-01-10_G38,10109473PRIESW,2025-01-10,117831,1,12,0,456.0
10109473PRIESW_2025-01-10_G39,10109473PRIESW,2025-01-10,108711,1,10,0,150.0
10109473PRIESW_2025-01-10_G40,10109473PRIESW,2025-01-10,111463,1,20,0,123.0
10109473PRIESW_2025-01-10_G41,10109473PRIESW,2025-01-10,110374,1,12,0,222.0
10109473PRIESW_2025-01-10_G42,10109473PRIESW,2025-01-10,140911,1,4,0,473.0
10109473PRIESW_2025-01-10_G43,10109473PRIESW,2025-01-10,117831,1,24,0,309.0
10109473PRIESW_2025-01-10_G44,10109473PRIESW,2025-01-10,117831,1,4,0,50.0
10109473PRIESW_2025-01-10_G45,10109473PRIESW,2025-01-10,108711,2,3,28,287.0
10109473PRIESW_2025-01-10_G46,10109473PRIESW,2025-01-10,111463,1,28,0,93.0
10109473PRIESW_2025-01-10_G47,10109473PRIESW,2025-01-10,110582,1,2,0,681.0
10109473PRIESW_2025-01-10_G48,10109473PRIESW,2025-01-10,111655,1,3,0,75.0
10109473PRIESW_2025-01-10_G49,10109473PRIESW,2025-01-10,140911,1,4,0,113.0
10109473PRIESW_2025-01-10_G50,10109473PRIESW,2025-01-10,110747,1,4,0,163.0
10109473PRIESW_2025-01-10_G51,10109473PRIESW,2025-01-10,117820,1,3,0,136.0
10109473PRIESW_2025-01-10_G52,10109473PRIESW,2025-01-10,110374,1,8,0,143.0
10109473PRIESW_2025-01-10_G53,10109473PRIESW,2025-01-10,118299,1,2,0,140.0
10109473PRIESW_2025-01-10_G54,10109473PRIESW,2025-01-10,108772,1,4,0,120.0
10109473PRIESW_2025-01-10_G55,10109473PRIESW,2025-01-10,"108772, 117862",2,8,16,108.0
10109473PRIESW_2025-01-11_G02,10109473PRIESW,2025-01-11,123909,1,9,0,366.0
10109473PRIESW_2025-01-11_G03,10109473PRIESW,2025-01-11,123343,1,4,0,177.0
10109473PRIESW_2025-01-11_G04,10109473PRIESW,2025-01-11,123345,1,12,0,332.0
10109473PRIESW_2025-01-11_G05,10109473PRIESW,2025-01-11,122983,1,4,0,212.0
10109473PRIESW_2025-01-11_G06,10109473PRIESW,2025-01-11,124370,1,10,0,486.0
10109473PRIESW_2025-01-11_G07,10109473PRIESW,2025-01-11,121651,1,12,0,412.0
10109473PRIESW_2025-01-11_G08,10109473PRIESW,2025-01-11,123343,1,4,0,223.0
10109473PRIESW_2025-01-11_G09,10109473PRIESW,2025-01-11,123345,1,4,0,119.0
10109473PRIESW_2025-01-11_G10,10109473PRIESW,2025-01-11,121923,1,2,0,139.0
10109473PRIESW_2025-01-11_G11,10109473PRIESW,2025-01-11,124371,1,4,0,164.0
10109473PRIESW_2025-01-11_G12,10109473PRIESW,2025-01-11,123909,1,6,0,225.0
10109473PRIESW_2025-01-11_G13,10109473PRIESW,2025-01-11,122982,1,2,0,239.0
10109473PRIESW_2025-01-11_G14,10109473PRIESW,2025-01-11,121928,1,2,0,161.0
10109473PRIESW_2025-01-11_G15,10109473PRIESW,2025-01-11,124370,1,6,0,218.0
10109473PRIESW_2025-01-11_G16,10109473PRIESW,2025-01-11,181056,1,2,0,423.0
10109473PRIESW_2025-01-11_G17,10109473PRIESW,2025-01-11,123153,1,14,0,533.0
10109473PRIESW_2025-01-11_G18,10109473PRIESW,2025-01-11,181056,1,3,0,450.0
10109473PRIESW_2025-01-11_G19,10109473PRIESW,2025-01-11,121760,1,10,0,331.0
10109473PRIESW_2025-01-11_G21,10109473PRIESW,2025-01-11,120339,1,4,0,440.0
10109473PRIESW_2025-01-11_G22,10109473PRIESW,2025-01-11,124370,1,4,0,158.0
10109473PRIESW_2025-01-11_G23,10109473PRIESW,2025-01-11,123907,1,4,0,237.0
10109473PRIESW_2025-01-11_G24,10109473PRIESW,2025-01-11,122703,1,4,0,198.0
10109473PRIESW_2025-01-11_G25,10109473PRIESW,2025-01-11,123343,1,4,0,236.0
10109473PRIESW_2025-01-11_G26,10109473PRIESW,2025-01-11,123153,1,4,0,302.0
10109473PRIESW_2025-01-11_G27,10109473PRIESW,2025-01-11,123153,1,2,0,123.0
10109473PRIESW_2025-01-11_G28,10109473PRIESW,2025-01-11,123153,2,4,27,127.0
10109473PRIESW_2025-01-11_G29,10109473PRIESW,2025-01-11,123153,2,8,8,297.0
10109473PRIESW_2025-01-11_G30,10109473PRIESW,2025-01-11,123343,2,3,7,423.0
10109473PRIESW_2025-01-11_G31,10109473PRIESW,2025-01-11,123344,1,6,0,328.0
10109473PRIESW_2025-01-11_G32,10109473PRIESW,2025-01-11,124371,1,4,0,215.0
10109473PRIESW_2025-01-11_G33,10109473PRIESW,2025-01-11,123909,1,2,0,136.0
10109473PRIESW_2025-01-11_G34,10109473PRIESW,2025-01-11,124370,1,4,0,222.0
10109473PRIESW_2025-01-11_G35,10109473PRIESW,2025-01-11,123343,1,4,0,246.0
10109473PRIESW_2025-01-11_G36,10109473PRIESW,2025-01-11,123345,1,4,0,280.0
10109473PRIESW_2025-01-11_G37,10109473PRIESW,2025-01-11,124247,1,12,0,812.0
10109473PRIESW_2025-01-11_G38,10109473PRIESW,2025-01-11,121651,1,4,0,245.0
10109473PRIESW_2025-01-11_G39,10109473PRIESW,2025-01-11,123153,1,6,0,378.0
10109473PRIESW_2025-01-11_G40,10109473PRIESW,2025-01-11,122962,1,80,0,1344.0
10109473PRIESW_2025-01-11_G41,10109473PRIESW,2025-01-11,122981,1,16,0,755.0
10109473PRIESW_2025-01-11_G42,10109473PRIESW,2025-01-11,123081,1,16,0,981.0
10109473PRIESW_2025-01-11_G43,10109473PRIESW,2025-01-11,123909,1,50,0,918.0
10109473PRIESW_2025-01-11_G44,10109473PRIESW,2025-01-11,124264,1,70,0,1399.0
10109473PRIESW_2025-01-13_G02,10109473PRIESW,2025-01-13,111441,1,12,0,425.0
10109473PRIESW_2025-01-13_G03,10109473PRIESW,2025-01-13,111530,1,140,0,355.0
10109473PRIESW_2025-01-13_G04,10109473PRIESW,2025-01-13,111530,1,118,0,480.0
10109473PRIESW_2025-01-13_G05,10109473PRIESW,2025-01-13,110515,1,28,0,124.0
10109473PRIESW_2025-01-13_G06,10109473PRIESW,2025-01-13,110733,1,151,0,1340.0
10109473PRIESW_2025-01-13_G07,10109473PRIESW,2025-01-13,117785,1,50,0,71.0
10109473PRIESW_2025-01-13_G08,10109473PRIESW,2025-01-13,111468,1,39,0,714.0
10109473PRIESW_2025-01-13_G09,10109473PRIESW,2025-01-13,111438,2,9,13,805.0
10109473PRIESW_2025-01-13_G10,10109473PRIESW,2025-01-13,110895,1,1,0,312.0
10109473PRIESW_2025-01-13_G11,10109473PRIESW,2025-01-13,110582,1,4,0,244.0
10109473PRIESW_2025-01-13_G12,10109473PRIESW,2025-01-13,100334,1,1,0,71.0
10109473PRIESW_2025-01-13_G13,10109473PRIESW,2025-01-13,111850,1,8,0,112.0
10109473PRIESW_2025-01-13_G14,10109473PRIESW,2025-01-13,110742,1,2,0,78.0
10109473PRIESW_2025-01-13_G15,10109473PRIESW,2025-01-13,110742,2,9,30,87.0
10109473PRIESW_2025-01-13_G16,10109473PRIESW,2025-01-13,110747,1,2,0,97.0
10109473PRIESW_2025-01-13_G17,10109473PRIESW,2025-01-13,110747,1,9,0,377.0
10109473PRIESW_2025-01-13_G18,10109473PRIESW,2025-01-13,117820,2,36,11,1113.0
10109473PRIESW_2025-01-13_G19,10109473PRIESW,2025-01-13,118299,1,10,0,347.0
10109473PRIESW_2025-01-13_G20,10109473PRIESW,2025-01-13,117832,1,7,0,87.0
10109473PRIESW_2025-01-13_G21,10109473PRIESW,2025-01-13,117832,2,24,29,49.0
10109473PRIESW_2025-01-13_G22,10109473PRIESW,2025-01-13,117830,1,3,0,248.0
10109473PRIESW_2025-01-13_G23,10109473PRIESW,2025-01-13,117830,3,40,16,122.0
10109473PRIESW_2025-01-13_G24,10109473PRIESW,2025-01-13,110372,3,72,24,801.0
10109473PRIESW_2025-01-13_G25,10109473PRIESW,2025-01-13,"110372, 109643",2,53,27,39.0
10109473PRIESW_2025-01-13_G26,10109473PRIESW,2025-01-13,111418,1,14,0,2013.0
10109473PRIESW_2025-01-13_G27,10109473PRIESW,2025-01-13,116241,1,12,0,187.0
10109473PRIESW_2025-01-13_G28,10109473PRIESW,2025-01-13,117821,1,5,0,146.0
10109473PRIESW_2025-01-13_G29,10109473PRIESW,2025-01-13,111438,1,8,0,429.0
10109473PRIESW_2025-01-13_G30,10109473PRIESW,2025-01-13,111441,1,1,0,310.0
10109473PRIESW_2025-01-13_G31,10109473PRIESW,2025-01-13,141047,1,4,0,130.0
10109473PRIESW_2025-01-13_G32,10109473PRIESW,2025-01-13,141047,1,8,0,75.0
10109473PRIESW_2025-01-13_G33,10109473PRIESW,2025-01-13,140922,1,7,0,103.0
10109473PRIESW_2025-01-13_G34,10109473PRIESW,2025-01-13,117830,1,3,0,105.0
10109473PRIESW_2025-01-13_G35,10109473PRIESW,2025-01-13,111463,1,3,0,123.0
10109473PRIESW_2025-01-13_G36,10109473PRIESW,2025-01-13,111530,1,6,0,224.0
10109473PRIESW_2025-01-13_G37,10109473PRIESW,2025-01-13,117862,1,4,0,233.0
10109473PRIESW_2025-01-13_G38,10109473PRIESW,2025-01-13,117862,1,2,0,346.0
10109473PRIESW_2025-01-13_G39,10109473PRIESW,2025-01-13,118251,1,8,0,672.0
10109473PRIESW_2025-01-13_G41,10109473PRIESW,2025-01-13,111850,1,1,0,96.0
10109473PRIESW_2025-01-13_G42,10109473PRIESW,2025-01-13,110742,1,6,0,133.0
10109473PRIESW_2025-01-13_G43,10109473PRIESW,2025-01-13,109937,1,4,0,139.0
10109473PRIESW_2025-01-13_G44,10109473PRIESW,2025-01-13,110747,1,6,0,254.0
10109473PRIESW_2025-01-13_G45,10109473PRIESW,2025-01-13,110339,1,7,0,814.0
10109473PRIESW_2025-01-13_G46,10109473PRIESW,2025-01-13,111530,1,10,0,139.0
10109473PRIESW_2025-01-13_G47,10109473PRIESW,2025-01-13,110313,1,5,0,115.0
10109473PRIESW_2025-01-13_G48,10109473PRIESW,2025-01-13,111467,1,4,0,109.0
10109473PRIESW_2025-01-13_G49,10109473PRIESW,2025-01-13,110753,1,4,0,91.0
10109473PRIESW_2025-01-13_G50,10109473PRIESW,2025-01-13,118094,1,12,0,162.0
10109473PRIESW_2025-01-13_G51,10109473PRIESW,2025-01-13,108361,1,4,0,189.0
10109473PRIESW_2025-01-13_G52,10109473PRIESW,2025-01-13,117861,1,16,0,223.0
10109473PRIESW_2025-01-13_G53,10109473PRIESW,2025-01-13,117786,1,8,0,355.0
10109473PRIESW_2025-01-13_G54,10109473PRIESW,2025-01-13,118298,1,2,0,103.0
10109473PRIESW_2025-01-13_G55,10109473PRIESW,2025-01-13,108772,1,6,0,171.0
10109473PRIESW_2025-01-13_G56,10109473PRIESW,2025-01-13,110711,1,6,0,179.0
10109473PRIESW_2025-01-13_G57,10109473PRIESW,2025-01-13,117862,1,1,0,35.0
10109473PRIESW_2025-01-13_G58,10109473PRIESW,2025-01-13,111530,1,1,0,145.0
10109473PRIESW_2025-01-13_G59,10109473PRIESW,2025-01-13,117856,1,4,0,129.0
10109473PRIESW_2025-01-13_G60,10109473PRIESW,2025-01-13,109647,1,1,0,95.0
10109473PRIESW_2025-01-13_G61,10109473PRIESW,2025-01-13,110733,1,1,0,92.0
10109473PRIESW_2025-01-13_G62,10109473PRIESW,2025-01-13,109747,1,4,0,358.0
10109473PRIESW_2025-01-13_G63,10109473PRIESW,2025-01-13,117820,1,2,0,327.0
10109473PRIESW_2025-01-13_G64,10109473PRIESW,2025-01-13,109643,1,6,0,181.0
10109473PRIESW_2025-01-13_G65,10109473PRIESW,2025-01-13,107830,1,2,0,85.0
10109473PRIESW_2025-01-13_G66,10109473PRIESW,2025-01-13,110372,1,14,0,346.0
10109473PRIESW_2025-01-13_G67,10109473PRIESW,2025-01-13,117832,1,4,0,79.0
10109473PRIESW_2025-01-13_G68,10109473PRIESW,2025-01-13,"117787, 117785",2,14,15,134.0
10109473PRIESW_2025-01-13_G69,10109473PRIESW,2025-01-13,140911,1,2,0,160.0
10109473PRIESW_2025-01-13_G70,10109473PRIESW,2025-01-13,117832,1,8,0,224.0
10109473PRIESW_2025-01-13_G71,10109473PRIESW,2025-01-13,111444,1,2,0,374.0
10109473PRIESW_2025-01-13_G72,10109473PRIESW,2025-01-13,117831,1,6,0,301.0
10109473PRIESW_2025-01-13_G73,10109473PRIESW,2025-01-13,108361,1,1,0,374.0
10109473PRIESW_2025-01-13_G74,10109473PRIESW,2025-01-13,111530,1,8,0,173.0
10109473PRIESW_2025-01-13_G75,10109473PRIESW,2025-01-13,117856,1,2,0,92.0
10109473PRIESW_2025-01-13_G76,10109473PRIESW,2025-01-13,118094,1,1,0,51.0
10109473PRIESW_2025-01-13_G77,10109473PRIESW,2025-01-13,117786,1,2,0,79.0
10109473PRIESW_2025-01-13_G78,10109473PRIESW,2025-01-13,110733,1,2,0,107.0
10109473PRIESW_2025-01-13_G79,10109473PRIESW,2025-01-13,110376,1,4,0,149.0
10109473PRIESW_2025-01-13_G80,10109473PRIESW,2025-01-13,117820,1,4,0,146.0
10109473PRIESW_2025-01-13_G81,10109473PRIESW,2025-01-13,110372,1,50,0,126.0
10109473PRIESW_2025-01-13_G82,10109473PRIESW,2025-01-13,117830,1,2,0,367.0
10109473PRIESW_2025-01-13_G83,10109473PRIESW,2025-01-13,111438,1,1,0,73.0
10109473PRIESW_2025-01-14_G02,10109473PRIESW,2025-01-14,111430,1,8,0,155.0
10109473PRIESW_2025-01-14_G03,10109473PRIESW,2025-01-14,118222,1,8,0,427.0
10109473PRIESW_2025-01-14_G04,10109473PRIESW,2025-01-14,110339,1,7,0,321.0
10109473PRIESW_2025-01-14_G05,10109473PRIESW,2025-01-14,110752,1,5,0,418.0
10109473PRIESW_2025-01-14_G06,10109473PRIESW,2025-01-14,111467,1,1,0,90.0
10109473PRIESW_2025-01-14_G07,10109473PRIESW,2025-01-14,117786,1,3,0,117.0
10109473PRIESW_2025-01-14_G08,10109473PRIESW,2025-01-14,110711,1,3,0,145.0
10109473PRIESW_2025-01-14_G09,10109473PRIESW,2025-01-14,117820,1,3,0,120.0
10109473PRIESW_2025-01-14_G10,10109473PRIESW,2025-01-14,117809,1,7,0,92.0
10109473PRIESW_2025-01-14_G11,10109473PRIESW,2025-01-14,117832,1,24,0,481.0
10109473PRIESW_2025-01-14_G12,10109473PRIESW,2025-01-14,110339,1,10,0,405.0
10109473PRIESW_2025-01-14_G13,10109473PRIESW,2025-01-14,111530,1,1,0,60.0
10109473PRIESW_2025-01-14_G14,10109473PRIESW,2025-01-14,110313,1,4,0,152.0
10109473PRIESW_2025-01-14_G15,10109473PRIESW,2025-01-14,111467,1,8,0,121.0
10109473PRIESW_2025-01-14_G16,10109473PRIESW,2025-01-14,117856,1,10,0,144.0
10109473PRIESW_2025-01-14_G17,10109473PRIESW,2025-01-14,118094,1,80,0,537.0
10109473PRIESW_2025-01-14_G18,10109473PRIESW,2025-01-14,141047,1,20,0,562.0
10109473PRIESW_2025-01-14_G19,10109473PRIESW,2025-01-14,110733,1,10,0,159.0
10109473PRIESW_2025-01-14_G20,10109473PRIESW,2025-01-14,110711,1,4,0,548.0
10109473PRIESW_2025-01-14_G21,10109473PRIESW,2025-01-14,117820,1,200,0,522.0
10109473PRIESW_2025-01-14_G22,10109473PRIESW,2025-01-14,110787,1,10,0,246.0
10109473PRIESW_2025-01-14_G23,10109473PRIESW,2025-01-14,117831,1,10,0,106.0
10109473PRIESW_2025-01-14_G24,10109473PRIESW,2025-01-14,108798,1,8,0,149.0
10109473PRIESW_2025-01-14_G25,10109473PRIESW,2025-01-14,117833,1,4,0,154.0
10109473PRIESW_2025-01-14_G26,10109473PRIESW,2025-01-14,111465,1,20,0,207.0
10109473PRIESW_2025-01-14_G27,10109473PRIESW,2025-01-14,111418,1,100,0,296.0
10109473PRIESW_2025-01-14_G28,10109473PRIESW,2025-01-14,110743,1,11,0,442.0
10109473PRIESW_2025-01-14_G29,10109473PRIESW,2025-01-14,115773,1,6,0,918.0
10109473PRIESW_2025-01-14_G30,10109473PRIESW,2025-01-14,117820,1,400,0,1718.0
10109473PRIESW_2025-01-14_G31,10109473PRIESW,2025-01-14,117831,1,200,0,968.0
10109473PRIESW_2025-01-14_G32,10109473PRIESW,2025-01-14,117861,1,90,0,730.0
10109473PRIESW_2025-01-14_G33,10109473PRIESW,2025-01-14,117862,1,200,0,803.0
10109473PRIESW_2025-01-14_G34,10109473PRIESW,2025-01-14,108794,1,120,0,1270.0
10109473PRIESW_2025-01-14_G35,10109473PRIESW,2025-01-14,108711,1,150,0,171.0
10109473PRIESW_2025-01-14_G36,10109473PRIESW,2025-01-14,111465,1,180,0,665.0
10109473PRIESW_2025-01-14_G38,10109473PRIESW,2025-01-14,110313,1,12,0,1007.0
10109473PRIESW_2025-01-14_G39,10109473PRIESW,2025-01-14,108711,1,8,0,156.0
10109473PRIESW_2025-01-14_G40,10109473PRIESW,2025-01-14,111438,1,20,0,757.0
10109473PRIESW_2025-01-14_G41,10109473PRIESW,2025-01-14,118250,1,10,0,548.0
10109473PRIESW_2025-01-14_G42,10109473PRIESW,2025-01-14,117856,1,5,0,522.0
10109473PRIESW_2025-01-14_G43,10109473PRIESW,2025-01-14,117856,1,4,0,91.0
10109473PRIESW_2025-01-14_G44,10109473PRIESW,2025-01-14,117862,1,10,0,204.0
10109473PRIESW_2025-01-14_G45,10109473PRIESW,2025-01-14,141047,1,10,0,200.0
10109473PRIESW_2025-01-14_G46,10109473PRIESW,2025-01-14,110733,1,10,0,118.0
10109473PRIESW_2025-01-14_G47,10109473PRIESW,2025-01-14,110733,1,2,0,36.0
10109473PRIESW_2025-01-14_G48,10109473PRIESW,2025-01-14,140922,1,10,0,132.0
10109473PRIESW_2025-01-14_G49,10109473PRIESW,2025-01-14,117787,1,5,0,76.0
10109473PRIESW_2025-01-14_G50,10109473PRIESW,2025-01-14,117821,1,10,0,198.0
10109473PRIESW_2025-01-14_G51,10109473PRIESW,2025-01-14,117785,1,10,0,181.0
10109473PRIESW_2025-01-14_G52,10109473PRIESW,2025-01-14,111430,1,6,0,417.0
10109473PRIESW_2025-01-14_G53,10109473PRIESW,2025-01-14,110682,1,1,0,143.0
10109473PRIESW_2025-01-14_G54,10109473PRIESW,2025-01-14,111441,1,5,0,173.0
10109473PRIESW_2025-01-14_G55,10109473PRIESW,2025-01-14,117820,1,10,0,196.0
10109473PRIESW_2025-01-14_G56,10109473PRIESW,2025-01-14,117832,1,5,0,112.0
10109473PRIESW_2025-01-14_G57,10109473PRIESW,2025-01-14,110339,1,4,0,193.0
10109473PRIESW_2025-01-14_G58,10109473PRIESW,2025-01-14,117853,1,4,0,65.0
10109473PRIESW_2025-01-14_G59,10109473PRIESW,2025-01-14,111530,1,2,0,86.0
10109473PRIESW_2025-01-14_G60,10109473PRIESW,2025-01-14,111439,1,1,0,88.0
10109473PRIESW_2025-01-14_G61,10109473PRIESW,2025-01-14,111467,1,6,0,71.0
10109473PRIESW_2025-01-14_G62,10109473PRIESW,2025-01-14,111602,1,8,0,108.0
10109473PRIESW_2025-01-14_G63,10109473PRIESW,2025-01-14,117855,1,12,0,157.0
10109473PRIESW_2025-01-14_G64,10109473PRIESW,2025-01-14,111435,1,4,0,235.0
10109473PRIESW_2025-01-14_G65,10109473PRIESW,2025-01-14,111463,1,4,0,139.0
10109473PRIESW_2025-01-14_G66,10109473PRIESW,2025-01-14,111418,1,10,0,107.0
10109473PRIESW_2025-01-14_G67,10109473PRIESW,2025-01-14,117820,1,4,0,206.0
10109473PRIESW_2025-01-14_G68,10109473PRIESW,2025-01-14,118299,1,4,0,197.0
10109473PRIESW_2025-01-14_G69,10109473PRIESW,2025-01-14,108711,1,3,0,134.0
10109473PRIESW_2025-01-14_G70,10109473PRIESW,2025-01-14,140922,1,2,0,39.0
10109473PRIESW_2025-01-14_G71,10109473PRIESW,2025-01-14,140922,1,4,0,240.0
10109473PRIESW_2025-01-14_G72,10109473PRIESW,2025-01-14,118299,1,50,0,347.0
10109473PRIESW_2025-01-14_G73,10109473PRIESW,2025-01-14,118004,1,2,0,154.0
10109473PRIESW_2025-01-14_G74,10109473PRIESW,2025-01-14,117808,1,14,0,490.0
10109473PRIESW_2025-01-14_G75,10109473PRIESW,2025-01-14,111442,1,4,0,138.0
10109473PRIESW_2025-01-14_G76,10109473PRIESW,2025-01-14,"117831, 140922",2,21,23,183.0
10109473PRIESW_2025-01-15_G02,10109473PRIESW,2025-01-15,118418,1,4,0,216.0
10109473PRIESW_2025-01-15_G03,10109473PRIESW,2025-01-15,117808,1,40,0,341.0
10109473PRIESW_2025-01-15_G04,10109473PRIESW,2025-01-15,107236,1,2,0,464.0
10109473PRIESW_2025-01-15_G05,10109473PRIESW,2025-01-15,117808,1,20,0,834.0
10109473PRIESW_2025-01-15_G06,10109473PRIESW,2025-01-15,110313,1,5,0,99.0
10109473PRIESW_2025-01-15_G07,10109473PRIESW,2025-01-15,108711,1,7,0,251.0
10109473PRIESW_2025-01-15_G08,10109473PRIESW,2025-01-15,118299,1,149,0,961.0
10109473PRIESW_2025-01-15_G09,10109473PRIESW,2025-01-15,118299,1,190,0,933.0
10109473PRIESW_2025-01-15_G10,10109473PRIESW,2025-01-15,117808,1,20,0,722.0
10109473PRIESW_2025-01-15_G11,10109473PRIESW,2025-01-15,109937,1,2,0,1233.0
10109473PRIESW_2025-01-15_G12,10109473PRIESW,2025-01-15,111444,1,4,0,160.0
10109473PRIESW_2025-01-15_G13,10109473PRIESW,2025-01-15,111463,1,4,0,171.0
10109473PRIESW_2025-01-15_G14,10109473PRIESW,2025-01-15,107830,1,2,0,213.0
10109473PRIESW_2025-01-15_G15,10109473PRIESW,2025-01-15,117808,1,7,0,292.0
10109473PRIESW_2025-01-15_G16,10109473PRIESW,2025-01-15,110374,1,4,0,64.0
10109473PRIESW_2025-01-15_G17,10109473PRIESW,2025-01-15,117831,1,4,0,153.0
10109473PRIESW_2025-01-15_G18,10109473PRIESW,2025-01-15,117831,1,4,0,61.0
10109473PRIESW_2025-01-15_G19,10109473PRIESW,2025-01-15,117808,1,5,0,172.0
10109473PRIESW_2025-01-15_G20,10109473PRIESW,2025-01-15,110374,1,20,0,186.0
10109473PRIESW_2025-01-15_G21,10109473PRIESW,2025-01-15,118299,1,12,0,191.0
10109473PRIESW_2025-01-15_G23,10109473PRIESW,2025-01-15,110733,1,6,0,742.0
10109473PRIESW_2025-01-15_G24,10109473PRIESW,2025-01-15,110711,1,12,0,161.0
10109473PRIESW_2025-01-15_G25,10109473PRIESW,2025-01-15,111532,1,2,0,177.0
10109473PRIESW_2025-01-15_G26,10109473PRIESW,2025-01-15,110371,1,2,0,186.0
10109473PRIESW_2025-01-15_G27,10109473PRIESW,2025-01-15,140922,1,11,0,1047.0
10109473PRIESW_2025-01-15_G28,10109473PRIESW,2025-01-15,109471,1,2,0,123.0
10109473PRIESW_2025-01-15_G29,10109473PRIESW,2025-01-15,109803,1,2,0,93.0
10109473PRIESW_2025-01-15_G30,10109473PRIESW,2025-01-15,108711,1,8,0,561.0
10109473PRIESW_2025-01-15_G31,10109473PRIESW,2025-01-15,110711,1,8,0,196.0
10109473PRIESW_2025-01-15_G33,10109473PRIESW,2025-01-15,140922,1,2,0,238.0
10109473PRIESW_2025-01-15_G34,10109473PRIESW,2025-01-15,140922,1,4,0,229.0
10109473PRIESW_2025-01-15_G35,10109473PRIESW,2025-01-15,111469,1,8,0,475.0
10109473PRIESW_2025-01-15_G36,10109473PRIESW,2025-01-15,140922,2,16,7,145.0
10109473PRIESW_2025-01-15_G37,10109473PRIESW,2025-01-15,110339,1,71,0,1604.0
10109473PRIESW_2025-01-15_G38,10109473PRIESW,2025-01-15,110313,1,80,0,781.0
10109473PRIESW_2025-01-15_G39,10109473PRIESW,2025-01-15,110752,1,6,0,98.0
10109473PRIESW_2025-01-15_G40,10109473PRIESW,2025-01-15,109640,1,9,0,125.0
10109473PRIESW_2025-01-15_G41,10109473PRIESW,2025-01-15,118094,1,88,0,500.0
10109473PRIESW_2025-01-15_G42,10109473PRIESW,2025-01-15,117786,1,65,0,467.0
10109473PRIESW_2025-01-15_G43,10109473PRIESW,2025-01-15,105242,1,10,0,345.0
10109473PRIESW_2025-01-15_G44,10109473PRIESW,2025-01-15,110733,1,18,0,195.0
10109473PRIESW_2025-01-15_G45,10109473PRIESW,2025-01-15,110711,1,61,0,271.0
10109473PRIESW_2025-01-15_G46,10109473PRIESW,2025-01-15,105705,1,26,0,707.0
10109473PRIESW_2025-01-15_G47,10109473PRIESW,2025-01-15,111465,1,77,0,213.0
10109473PRIESW_2025-01-15_G48,10109473PRIESW,2025-01-15,110743,1,12,0,526.0
10109473PRIESW_2025-01-16_G02,10109473PRIESW,2025-01-16,107830,1,16,0,902.0
10109473PRIESW_2025-01-16_G03,10109473PRIESW,2025-01-16,118299,2,94,10,571.0
10109473PRIESW_2025-01-16_G04,10109473PRIESW,2025-01-16,140922,1,4,0,1016.0
10109473PRIESW_2025-01-16_G05,10109473PRIESW,2025-01-16,109747,1,4,0,768.0
10109473PRIESW_2025-01-16_G06,10109473PRIESW,2025-01-16,118299,1,35,0,433.0
10109473PRIESW_2025-01-16_G07,10109473PRIESW,2025-01-16,109643,1,56,0,343.0
10109473PRIESW_2025-01-16_G08,10109473PRIESW,2025-01-16,110372,1,8,0,486.0
10109473PRIESW_2025-01-16_G09,10109473PRIESW,2025-01-16,110372,1,2,0,53.0
10109473PRIESW_2025-01-16_G10,10109473PRIESW,2025-01-16,110372,1,64,0,316.0
10109473PRIESW_2025-01-16_G11,10109473PRIESW,2025-01-16,109641,1,6,0,540.0
10109473PRIESW_2025-01-16_G12,10109473PRIESW,2025-01-16,111418,1,8,0,355.0
10109473PRIESW_2025-01-16_G13,10109473PRIESW,2025-01-16,111418,1,122,0,1075.0
10109473PRIESW_2025-01-16_G14,10109473PRIESW,2025-01-16,140922,1,2,0,963.0
10109473PRIESW_2025-01-16_G15,10109473PRIESW,2025-01-16,118299,1,47,0,426.0
10109473PRIESW_2025-01-16_G16,10109473PRIESW,2025-01-16,117808,1,17,0,289.0
10109473PRIESW_2025-01-16_G17,10109473PRIESW,2025-01-16,121760,1,18,0,1495.0
10109473PRIESW_2025-01-16_G18,10109473PRIESW,2025-01-16,121760,1,2,0,69.0
10109473PRIESW_2025-01-16_G19,10109473PRIESW,2025-01-16,121760,1,36,0,1446.0
10109473PRIESW_2025-01-16_G20,10109473PRIESW,2025-01-16,122962,1,12,0,578.0
10109473PRIESW_2025-01-16_G21,10109473PRIESW,2025-01-16,122671,1,16,0,472.0
10109473PRIESW_2025-01-16_G22,10109473PRIESW,2025-01-16,123907,1,20,0,200.0
10109473PRIESW_2025-01-16_G23,10109473PRIESW,2025-01-16,123520,1,4,0,941.0
10109473PRIESW_2025-01-16_G25,10109473PRIESW,2025-01-16,122984,1,10,0,603.0
10109473PRIESW_2025-01-16_G26,10109473PRIESW,2025-01-16,124248,1,8,0,249.0
10109473PRIESW_2025-01-16_G27,10109473PRIESW,2025-01-16,122983,1,20,0,1040.0
10109473PRIESW_2025-01-16_G28,10109473PRIESW,2025-01-16,123345,1,100,0,32.0
10109473PRIESW_2025-01-16_G29,10109473PRIESW,2025-01-16,124264,1,150,0,2432.0
10109473PRIESW_2025-01-16_G30,10109473PRIESW,2025-01-16,120046,1,3,0,1083.0
10109473PRIESW_2025-01-17_G02,10109473PRIESW,2025-01-17,111466,1,24,0,308.0
10109473PRIESW_2025-01-17_G03,10109473PRIESW,2025-01-17,111469,1,1,0,339.0
10109473PRIESW_2025-01-17_G04,10109473PRIESW,2025-01-17,111443,1,4,0,400.0
10109473PRIESW_2025-01-17_G05,10109473PRIESW,2025-01-17,110339,1,20,0,540.0
10109473PRIESW_2025-01-17_G06,10109473PRIESW,2025-01-17,110313,1,5,0,172.0
10109473PRIESW_2025-01-17_G07,10109473PRIESW,2025-01-17,110752,1,5,0,78.0
10109473PRIESW_2025-01-17_G08,10109473PRIESW,2025-01-17,111530,1,13,0,145.0
10109473PRIESW_2025-01-17_G09,10109473PRIESW,2025-01-17,118094,1,5,0,140.0
10109473PRIESW_2025-01-17_G10,10109473PRIESW,2025-01-17,117786,1,2,0,54.0
10109473PRIESW_2025-01-17_G11,10109473PRIESW,2025-01-17,117862,1,6,0,187.0
10109473PRIESW_2025-01-17_G12,10109473PRIESW,2025-01-17,117830,1,9,0,639.0
10109473PRIESW_2025-01-17_G13,10109473PRIESW,2025-01-17,117820,1,6,0,83.0
10109473PRIESW_2025-01-17_G14,10109473PRIESW,2025-01-17,110372,1,24,0,311.0
10109473PRIESW_2025-01-17_G15,10109473PRIESW,2025-01-17,109643,1,5,0,102.0
10109473PRIESW_2025-01-17_G16,10109473PRIESW,2025-01-17,111441,1,1,0,713.0
10109473PRIESW_2025-01-17_G17,10109473PRIESW,2025-01-17,117830,1,2,0,51.0
10109473PRIESW_2025-01-17_G18,10109473PRIESW,2025-01-17,111441,1,1,0,876.0
10109473PRIESW_2025-01-17_G19,10109473PRIESW,2025-01-17,111530,1,33,0,320.0
10109473PRIESW_2025-01-17_G20,10109473PRIESW,2025-01-17,110313,1,5,0,300.0
10109473PRIESW_2025-01-17_G21,10109473PRIESW,2025-01-17,111602,1,4,0,162.0
10109473PRIESW_2025-01-17_G22,10109473PRIESW,2025-01-17,108711,1,4,0,137.0
10109473PRIESW_2025-01-17_G23,10109473PRIESW,2025-01-17,117808,1,2,0,310.0
10109473PRIESW_2025-01-17_G24,10109473PRIESW,2025-01-17,111660,1,2,0,188.0
10109473PRIESW_2025-01-17_G25,10109473PRIESW,2025-01-17,111330,1,4,0,287.0
10109473PRIESW_2025-01-17_G26,10109473PRIESW,2025-01-17,111463,1,1,0,365.0
10109473PRIESW_2025-01-17_G27,10109473PRIESW,2025-01-17,110372,1,4,0,146.0
10109473PRIESW_2025-01-17_G28,10109473PRIESW,2025-01-17,110742,1,6,0,343.0
10109473PRIESW_2025-01-17_G29,10109473PRIESW,2025-01-17,110895,1,1,0,443.0
10109473PRIESW_2025-01-17_G30,10109473PRIESW,2025-01-17,117855,1,9,0,555.0
10109473PRIESW_2025-01-17_G31,10109473PRIESW,2025-01-17,117808,1,30,0,298.0
10109473PRIESW_2025-01-17_G32,10109473PRIESW,2025-01-17,111530,1,3,0,708.0
10109473PRIESW_2025-01-17_G33,10109473PRIESW,2025-01-17,109640,1,1,0,39.0
10109473PRIESW_2025-01-17_G34,10109473PRIESW,2025-01-17,118094,1,1,0,112.0
10109473PRIESW_2025-01-17_G35,10109473PRIESW,2025-01-17,108794,1,1,0,74.0
10109473PRIESW_2025-01-17_G36,10109473PRIESW,2025-01-17,140922,1,3,0,94.0
10109473PRIESW_2025-01-17_G37,10109473PRIESW,2025-01-17,117832,1,2,0,89.0
10109473PRIESW_2025-01-17_G38,10109473PRIESW,2025-01-17,117808,1,1,0,64.0
10109473PRIESW_2025-01-17_G39,10109473PRIESW,2025-01-17,117808,1,652,0,2639.0
10109473PRIESW_2025-01-17_G40,10109473PRIESW,2025-01-17,109937,1,4,0,408.0
10109473PRIESW_2025-01-17_G41,10109473PRIESW,2025-01-17,110313,1,5,0,154.0
10109473PRIESW_2025-01-17_G42,10109473PRIESW,2025-01-17,109640,1,4,0,89.0
10109473PRIESW_2025-01-17_G43,10109473PRIESW,2025-01-17,118094,1,2,0,104.0
10109473PRIESW_2025-01-17_G44,10109473PRIESW,2025-01-17,117862,1,1,0,103.0
10109473PRIESW_2025-01-17_G45,10109473PRIESW,2025-01-17,108772,1,2,0,110.0
10109473PRIESW_2025-01-17_G46,10109473PRIESW,2025-01-17,110711,1,3,0,141.0
10109473PRIESW_2025-01-17_G47,10109473PRIESW,2025-01-17,140922,2,6,29,474.0
10109473PRIESW_2025-01-17_G48,10109473PRIESW,2025-01-17,111433,1,3,0,135.0
10109473PRIESW_2025-01-17_G49,10109473PRIESW,2025-01-17,117831,1,4,0,89.0
10109473PRIESW_2025-01-17_G50,10109473PRIESW,2025-01-17,108711,1,1,0,64.0
10109473PRIESW_2025-01-17_G51,10109473PRIESW,2025-01-17,105705,1,2,0,76.0
10109473PRIESW_2025-01-17_G52,10109473PRIESW,2025-01-17,111469,1,6,0,109.0
10109473PRIESW_2025-01-17_G53,10109473PRIESW,2025-01-17,110372,1,2,0,110.0
10109473PRIESW_2025-01-17_G54,10109473PRIESW,2025-01-17,110372,1,6,0,81.0
10109473PRIESW_2025-01-17_G56,10109473PRIESW,2025-01-17,110582,1,8,0,176.0
10109473PRIESW_2025-01-17_G57,10109473PRIESW,2025-01-17,140911,1,15,0,169.0
10109473PRIESW_2025-01-17_G58,10109473PRIESW,2025-01-17,118222,1,4,0,74.0
10109473PRIESW_2025-01-17_G59,10109473PRIESW,2025-01-17,117835,1,40,0,235.0
10109473PRIESW_2025-01-17_G60,10109473PRIESW,2025-01-17,100334,1,24,0,550.0
10109473PRIESW_2025-01-17_G61,10109473PRIESW,2025-01-17,111850,1,69,0,814.0
10109473PRIESW_2025-01-17_G62,10109473PRIESW,2025-01-17,110742,1,124,0,900.0
10109473PRIESW_2025-01-17_G63,10109473PRIESW,2025-01-17,110500,1,1,0,110.0
10109473PRIESW_2025-01-17_G64,10109473PRIESW,2025-01-17,111832,1,4,0,90.0
10109473PRIESW_2025-01-17_G65,10109473PRIESW,2025-01-17,109937,1,42,0,718.0
10109473PRIESW_2025-01-17_G66,10109473PRIESW,2025-01-17,110747,1,68,0,1116.0
10109473PRIESW_2025-01-17_G67,10109473PRIESW,2025-01-17,109495,1,4,0,124.0
10109473PRIESW_2025-01-17_G68,10109473PRIESW,2025-01-17,118311,1,8,0,99.0
10109473PRIESW_2025-01-17_G69,10109473PRIESW,2025-01-17,118250,1,1,0,40.0
10109473PRIESW_2025-01-17_G70,10109473PRIESW,2025-01-17,110516,1,4,0,213.0
10109473PRIESW_2025-01-17_G71,10109473PRIESW,2025-01-17,110751,1,13,0,252.0
10109473PRIESW_2025-01-17_G72,10109473PRIESW,2025-01-17,111443,1,31,0,320.0
10109473PRIESW_2025-01-17_G73,10109473PRIESW,2025-01-17,108711,1,68,0,202.0
10109473PRIESW_2025-01-17_G74,10109473PRIESW,2025-01-17,110743,1,20,0,358.0
10109473PRIESW_2025-01-17_G75,10109473PRIESW,2025-01-17,117838,1,5,0,61.0
10109473PRIESW_2025-01-17_G76,10109473PRIESW,2025-01-17,111418,1,41,0,114.0
10109473PRIESW_2025-01-17_G77,10109473PRIESW,2025-01-17,117833,1,46,0,88.0
10109473PRIESW_2025-01-17_G78,10109473PRIESW,2025-01-17,110375,1,12,0,399.0
10109473PRIESW_2025-01-17_G79,10109473PRIESW,2025-01-17,109643,1,133,0,215.0
10109473PRIESW_2025-01-18_G02,10109473PRIESW,2025-01-18,108770,2,4,28,48.0
10109473PRIESW_2025-01-18_G03,10109473PRIESW,2025-01-18,117855,1,10,0,227.0
10109473PRIESW_2025-01-18_G04,10109473PRIESW,2025-01-18,117855,1,8,0,69.0
10109473PRIESW_2025-01-18_G05,10109473PRIESW,2025-01-18,117855,1,8,0,72.0
10109473PRIESW_2025-01-18_G06,10109473PRIESW,2025-01-18,108794,1,12,0,343.0
10109473PRIESW_2025-01-18_G07,10109473PRIESW,2025-01-18,118140,1,10,0,175.0
10109473PRIESW_2025-01-18_G08,10109473PRIESW,2025-01-18,117831,1,4,0,75.0
10109473PRIESW_2025-01-18_G09,10109473PRIESW,2025-01-18,110751,1,4,0,76.0
10109473PRIESW_2025-01-18_G10,10109473PRIESW,2025-01-18,110745,1,2,0,43.0
10109473PRIESW_2025-01-18_G11,10109473PRIESW,2025-01-18,108798,1,1,0,37.0
10109473PRIESW_2025-01-18_G12,10109473PRIESW,2025-01-18,108795,1,2,0,64.0
10109473PRIESW_2025-01-18_G13,10109473PRIESW,2025-01-18,117833,1,8,0,495.0
10109473PRIESW_2025-01-18_G14,10109473PRIESW,2025-01-18,110743,1,3,0,298.0
10109473PRIESW_2025-01-18_G15,10109473PRIESW,2025-01-18,111469,1,10,0,238.0
10109473PRIESW_2025-01-18_G16,10109473PRIESW,2025-01-18,117853,1,2,0,156.0
10109473PRIESW_2025-01-18_G17,10109473PRIESW,2025-01-18,110752,1,2,0,86.0
10109473PRIESW_2025-01-18_G18,10109473PRIESW,2025-01-18,117855,1,2,0,53.0
10109473PRIESW_2025-01-18_G19,10109473PRIESW,2025-01-18,117788,1,2,0,126.0
10109473PRIESW_2025-01-18_G20,10109473PRIESW,2025-01-18,140922,1,2,0,137.0
10109473PRIESW_2025-01-18_G21,10109473PRIESW,2025-01-18,108711,1,3,0,320.0
10109473PRIESW_2025-01-18_G22,10109473PRIESW,2025-01-18,109643,1,2,0,379.0
10109473PRIESW_2025-01-18_G23,10109473PRIESW,2025-01-18,111469,1,8,0,1974.0
10109473PRIESW_2025-01-18_G24,10109473PRIESW,2025-01-18,111469,1,8,0,76.0
10109473PRIESW_2025-01-18_G25,10109473PRIESW,2025-01-18,117785,1,7,0,242.0
10109473PRIESW_2025-01-18_G26,10109473PRIESW,2025-01-18,111655,1,16,0,962.0
10109473PRIESW_2025-01-18_G27,10109473PRIESW,2025-01-18,108770,1,17,0,637.0
10109473PRIESW_2025-01-18_G28,10109473PRIESW,2025-01-18,118306,1,1,0,123.0
10109473PRIESW_2025-01-18_G29,10109473PRIESW,2025-01-18,118306,1,5,0,74.0
10109473PRIESW_2025-01-18_G30,10109473PRIESW,2025-01-18,110373,1,13,0,169.0
10109473PRIESW_2025-01-18_G31,10109473PRIESW,2025-01-18,110372,1,53,0,467.0
10109473PRIESW_2025-01-18_G32,10109473PRIESW,2025-01-18,110372,1,508,0,921.0
10109473PRIESW_2025-01-18_G33,10109473PRIESW,2025-01-18,117809,1,130,0,1273.0
10109473PRIESW_2025-01-18_G35,10109473PRIESW,2025-01-18,117808,1,587,0,1359.0
10109473PRIESW_2025-01-18_G36,10109473PRIESW,2025-01-18,109643,1,3,0,505.0
10109473PRIESW_2025-01-20_G02,10109473PRIESW,2025-01-20,110582,1,5,0,214.0
10109473PRIESW_2025-01-20_G03,10109473PRIESW,2025-01-20,118222,1,80,0,133.0
10109473PRIESW_2025-01-20_G04,10109473PRIESW,2025-01-20,117835,1,2,0,209.0
10109473PRIESW_2025-01-20_G05,10109473PRIESW,2025-01-20,111850,1,2,0,45.0
10109473PRIESW_2025-01-20_G06,10109473PRIESW,2025-01-20,111438,1,2,0,193.0
10109473PRIESW_2025-01-20_G07,10109473PRIESW,2025-01-20,115775,1,4,0,195.0
10109473PRIESW_2025-01-20_G08,10109473PRIESW,2025-01-20,110895,1,27,0,394.0
10109473PRIESW_2025-01-20_G09,10109473PRIESW,2025-01-20,111430,1,2,0,112.0
10109473PRIESW_2025-01-20_G10,10109473PRIESW,2025-01-20,118290,1,18,0,488.0
10109473PRIESW_2025-01-20_G11,10109473PRIESW,2025-01-20,110747,1,9,0,159.0
10109473PRIESW_2025-01-20_G12,10109473PRIESW,2025-01-20,115234,1,4,0,175.0
10109473PRIESW_2025-01-20_G13,10109473PRIESW,2025-01-20,110310,1,1,0,237.0
10109473PRIESW_2025-01-20_G14,10109473PRIESW,2025-01-20,111330,1,2,0,494.0
10109473PRIESW_2025-01-20_G15,10109473PRIESW,2025-01-20,118140,1,20,0,209.0
10109473PRIESW_2025-01-20_G16,10109473PRIESW,2025-01-20,140922,1,6,0,171.0
10109473PRIESW_2025-01-20_G17,10109473PRIESW,2025-01-20,111442,1,1,0,56.0
10109473PRIESW_2025-01-20_G18,10109473PRIESW,2025-01-20,107236,1,20,0,166.0
10109473PRIESW_2025-01-20_G19,10109473PRIESW,2025-01-20,118317,1,23,0,51.0
10109473PRIESW_2025-01-20_G20,10109473PRIESW,2025-01-20,117831,1,100,0,832.0
10109473PRIESW_2025-01-20_G21,10109473PRIESW,2025-01-20,110787,1,27,0,365.0
10109473PRIESW_2025-01-20_G22,10109473PRIESW,2025-01-20,108798,1,4,0,79.0
10109473PRIESW_2025-01-20_G23,10109473PRIESW,2025-01-20,118223,1,2,0,95.0
10109473PRIESW_2025-01-20_G24,10109473PRIESW,2025-01-20,108711,1,9,0,132.0
10109473PRIESW_2025-01-20_G25,10109473PRIESW,2025-01-20,105705,1,4,0,89.0
10109473PRIESW_2025-01-20_G26,10109473PRIESW,2025-01-20,117833,1,8,0,121.0
10109473PRIESW_2025-01-20_G27,10109473PRIESW,2025-01-20,110743,1,4,0,171.0
10109473PRIESW_2025-01-20_G28,10109473PRIESW,2025-01-20,"111418, 115773",2,119,21,678.0
10109473PRIESW_2025-01-20_G29,10109473PRIESW,2025-01-20,111792,1,1,0,668.0
10109473PRIESW_2025-01-20_G30,10109473PRIESW,2025-01-20,118286,1,1,0,173.0
10109473PRIESW_2025-01-20_G31,10109473PRIESW,2025-01-20,110841,1,10,0,290.0
10109473PRIESW_2025-01-20_G32,10109473PRIESW,2025-01-20,111850,1,70,0,403.0
10109473PRIESW_2025-01-20_G33,10109473PRIESW,2025-01-20,107254,1,2,0,329.0
10109473PRIESW_2025-01-20_G34,10109473PRIESW,2025-01-20,111443,1,20,0,231.0
10109473PRIESW_2025-01-20_G35,10109473PRIESW,2025-01-20,105705,1,100,0,777.0
10109473PRIESW_2025-01-20_G36,10109473PRIESW,2025-01-20,117329,1,6,0,297.0
10109473PRIESW_2025-01-20_G37,10109473PRIESW,2025-01-20,117861,1,30,0,389.0
10109473PRIESW_2025-01-20_G38,10109473PRIESW,2025-01-20,117861,1,171,0,338.0
10109473PRIESW_2025-01-20_G40,10109473PRIESW,2025-01-20,100334,1,10,0,233.0
10109473PRIESW_2025-01-20_G41,10109473PRIESW,2025-01-20,111655,1,5,0,360.0
10109473PRIESW_2025-01-20_G42,10109473PRIESW,2025-01-20,111441,1,12,0,330.0
10109473PRIESW_2025-01-20_G43,10109473PRIESW,2025-01-20,111441,1,40,0,349.0
10109473PRIESW_2025-01-20_G44,10109473PRIESW,2025-01-20,111438,1,23,0,492.0
10109473PRIESW_2025-01-20_G45,10109473PRIESW,2025-01-20,108770,1,5,0,127.0
10109473PRIESW_2025-01-20_G46,10109473PRIESW,2025-01-20,118306,1,1,0,412.0
10109473PRIESW_2025-01-20_G47,10109473PRIESW,2025-01-20,109747,1,4,0,277.0
10109473PRIESW_2025-01-20_G48,10109473PRIESW,2025-01-20,109747,1,12,0,86.0
10109473PRIESW_2025-01-20_G49,10109473PRIESW,2025-01-20,117809,1,50,0,185.0
10109473PRIESW_2025-01-20_G50,10109473PRIESW,2025-01-20,117820,1,108,0,638.0
10109473PRIESW_2025-01-20_G51,10109473PRIESW,2025-01-20,107830,1,27,0,369.0
10109473PRIESW_2025-01-20_G52,10109473PRIESW,2025-01-20,117808,1,420,0,1728.0
10109473PRIESW_2025-01-20_G53,10109473PRIESW,2025-01-20,117832,1,40,0,971.0
10109473PRIESW_2025-01-20_G54,10109473PRIESW,2025-01-20,110895,1,90,0,1452.0
10109473PRIESW_2025-01-20_G55,10109473PRIESW,2025-01-20,107236,1,10,0,390.0
10109473PRIESW_2025-01-20_G56,10109473PRIESW,2025-01-20,118299,1,600,0,2075.0
10109473PRIESW_2025-01-20_G57,10109473PRIESW,2025-01-20,117808,1,600,0,734.0
10109473PRIESW_2025-01-22_G02,10109473PRIESW,2025-01-22,111569,1,2,0,60.0
10109473PRIESW_2025-01-22_G03,10109473PRIESW,2025-01-22,110313,1,1,0,53.0
10109473PRIESW_2025-01-22_G04,10109473PRIESW,2025-01-22,117855,1,3,0,67.0
10109473PRIESW_2025-01-22_G05,10109473PRIESW,2025-01-22,111530,1,3,0,65.0
10109473PRIESW_2025-01-22_G06,10109473PRIESW,2025-01-22,110711,1,2,0,109.0
10109473PRIESW_2025-01-22_G07,10109473PRIESW,2025-01-22,117856,1,4,0,140.0
10109473PRIESW_2025-01-22_G08,10109473PRIESW,2025-01-22,108794,1,3,0,157.0
10109473PRIESW_2025-01-22_G09,10109473PRIESW,2025-01-22,117821,1,1,0,65.0
10109473PRIESW_2025-01-22_G10,10109473PRIESW,2025-01-22,140922,1,14,0,184.0
10109473PRIESW_2025-01-22_G11,10109473PRIESW,2025-01-22,110787,1,3,0,123.0
10109473PRIESW_2025-01-22_G12,10109473PRIESW,2025-01-22,117785,1,5,0,81.0
10109473PRIESW_2025-01-22_G13,10109473PRIESW,2025-01-22,108711,1,2,0,85.0
10109473PRIESW_2025-01-22_G14,10109473PRIESW,2025-01-22,110374,1,1,0,108.0
10109473PRIESW_2025-01-22_G15,10109473PRIESW,2025-01-22,117830,1,3,0,191.0
10109473PRIESW_2025-01-22_G16,10109473PRIESW,2025-01-22,110372,1,7,0,116.0
10109473PRIESW_2025-01-22_G17,10109473PRIESW,2025-01-22,109643,1,1,0,124.0
10109473PRIESW_2025-01-22_G18,10109473PRIESW,2025-01-22,110313,1,2,0,283.0
10109473PRIESW_2025-01-22_G19,10109473PRIESW,2025-01-22,117862,1,4,0,195.0
10109473PRIESW_2025-01-22_G20,10109473PRIESW,2025-01-22,118140,1,4,0,158.0
10109473PRIESW_2025-01-22_G21,10109473PRIESW,2025-01-22,111442,1,12,0,201.0
10109473PRIESW_2025-01-22_G22,10109473PRIESW,2025-01-22,111433,1,2,0,84.0
10109473PRIESW_2025-01-22_G23,10109473PRIESW,2025-01-22,117831,1,2,0,98.0
10109473PRIESW_2025-01-22_G24,10109473PRIESW,2025-01-22,111348,1,4,0,115.0
10109473PRIESW_2025-01-22_G25,10109473PRIESW,2025-01-22,111469,1,4,0,143.0
10109473PRIESW_2025-01-22_G26,10109473PRIESW,2025-01-22,111469,1,4,0,66.0
10109473PRIESW_2025-01-22_G27,10109473PRIESW,2025-01-22,110711,1,12,0,450.0
10109473PRIESW_2025-01-22_G28,10109473PRIESW,2025-01-22,118140,1,6,0,354.0
10109473PRIESW_2025-01-22_G29,10109473PRIESW,2025-01-22,111463,1,8,0,270.0
10109473PRIESW_2025-01-22_G30,10109473PRIESW,2025-01-22,117808,1,16,0,201.0
10109473PRIESW_2025-01-22_G31,10109473PRIESW,2025-01-22,111441,1,2,0,290.0
10109473PRIESW_2025-01-22_G32,10109473PRIESW,2025-01-22,100334,1,1,0,50.0
10109473PRIESW_2025-01-22_G33,10109473PRIESW,2025-01-22,111569,1,5,0,142.0
10109473PRIESW_2025-01-22_G34,10109473PRIESW,2025-01-22,110339,1,2,0,110.0
10109473PRIESW_2025-01-22_G35,10109473PRIESW,2025-01-22,118094,1,3,0,99.0
10109473PRIESW_2025-01-22_G36,10109473PRIESW,2025-01-22,111443,1,1,0,82.0
10109473PRIESW_2025-01-22_G37,10109473PRIESW,2025-01-22,111463,1,2,0,88.0
10109473PRIESW_2025-01-22_G38,10109473PRIESW,2025-01-22,110373,1,4,0,118.0
10109473PRIESW_2025-01-22_G39,10109473PRIESW,2025-01-22,117808,1,9,0,152.0
10109473PRIESW_2025-01-22_G40,10109473PRIESW,2025-01-22,111441,1,4,0,224.0
10109473PRIESW_2025-01-22_G41,10109473PRIESW,2025-01-22,111569,1,4,0,304.0
10109473PRIESW_2025-01-22_G42,10109473PRIESW,2025-01-22,111569,1,4,0,376.0
10109473PRIESW_2025-01-22_G43,10109473PRIESW,2025-01-22,160057,1,2,0,100.0
10109473PRIESW_2025-01-22_G44,10109473PRIESW,2025-01-22,117855,1,4,0,124.0
10109473PRIESW_2025-01-22_G45,10109473PRIESW,2025-01-22,109640,1,4,0,74.0
10109473PRIESW_2025-01-22_G46,10109473PRIESW,2025-01-22,117786,1,4,0,86.0
10109473PRIESW_2025-01-22_G47,10109473PRIESW,2025-01-22,117862,1,2,0,102.0
10109473PRIESW_2025-01-22_G48,10109473PRIESW,2025-01-22,118317,1,3,0,131.0
10109473PRIESW_2025-01-22_G49,10109473PRIESW,2025-01-22,111348,1,4,0,145.0
10109473PRIESW_2025-01-22_G50,10109473PRIESW,2025-01-22,111469,1,5,0,137.0
10109473PRIESW_2025-01-22_G51,10109473PRIESW,2025-01-22,"111463, 117820",2,7,23,124.0
10109473PRIESW_2025-01-22_G52,10109473PRIESW,2025-01-22,110747,1,10,0,1089.0
10109473PRIESW_2025-01-22_G53,10109473PRIESW,2025-01-22,110752,1,24,0,366.0
10109473PRIESW_2025-01-22_G54,10109473PRIESW,2025-01-22,111433,1,7,0,285.0
10109473PRIESW_2025-01-22_G55,10109473PRIESW,2025-01-22,111443,1,12,0,189.0
10109473PRIESW_2025-01-22_G56,10109473PRIESW,2025-01-22,108711,1,16,0,137.0
10109473PRIESW_2025-01-22_G57,10109473PRIESW,2025-01-22,117833,1,12,0,166.0
10109473PRIESW_2025-01-22_G58,10109473PRIESW,2025-01-22,117820,1,80,0,124.0
10109473PRIESW_2025-01-22_G59,10109473PRIESW,2025-01-22,117808,1,243,0,1502.0
10109473PRIESW_2025-01-22_G61,10109473PRIESW,2025-01-22,110373,1,296,0,862.0
10109473PRIESW_2025-01-22_G62,10109473PRIESW,2025-01-22,110376,1,1,0,333.0
10109473PRIESW_2025-01-22_G63,10109473PRIESW,2025-01-22,110376,1,1,0,42.0
10109473PRIESW_2025-01-22_G64,10109473PRIESW,2025-01-22,109643,1,10,0,123.0
10109473PRIESW_2025-01-22_G65,10109473PRIESW,2025-01-22,109643,1,15,0,392.0
10109473PRIESW_2025-01-22_G66,10109473PRIESW,2025-01-22,140911,1,4,0,393.0
10109473PRIESW_2025-01-22_G67,10109473PRIESW,2025-01-22,118222,1,1,0,36.0
10109473PRIESW_2025-01-22_G68,10109473PRIESW,2025-01-22,111655,1,3,0,57.0
10109473PRIESW_2025-01-22_G69,10109473PRIESW,2025-01-22,118140,1,33,0,49.0
10109473PRIESW_2025-01-22_G70,10109473PRIESW,2025-01-22,111465,1,4,0,573.0
10109473PRIESW_2025-01-22_G71,10109473PRIESW,2025-01-22,160057,1,4,0,715.0
10109473PRIESW_2025-01-22_G72,10109473PRIESW,2025-01-22,160055,1,4,0,108.0
10109473PRIESW_2025-01-22_G73,10109473PRIESW,2025-01-22,160054,1,12,0,506.0
10109473PRIESW_2025-01-22_G74,10109473PRIESW,2025-01-22,160051,1,7,0,83.0
10109473PRIESW_2025-01-22_G75,10109473PRIESW,2025-01-22,118299,1,500,0,1662.0
10109473PRIESW_2025-01-22_G76,10109473PRIESW,2025-01-22,111851,1,6,0,1227.0
10109473PRIESW_2025-01-22_G77,10109473PRIESW,2025-01-22,115775,1,2,0,129.0
10109473PRIESW_2025-01-22_G78,10109473PRIESW,2025-01-22,107254,1,3,0,142.0
10109473PRIESW_2025-01-22_G79,10109473PRIESW,2025-01-22,110515,1,141,0,498.0
10109473PRIESW_2025-01-22_G80,10109473PRIESW,2025-01-22,111463,1,80,0,188.0
10109473PRIESW_2025-01-22_G81,10109473PRIESW,2025-01-22,111469,1,27,0,656.0
10109473PRIESW_2025-01-22_G82,10109473PRIESW,2025-01-22,118299,1,500,0,2005.0
10109473PRIESW_2025-01-23_G02,10109473PRIESW,2025-01-23,118094,1,4,0,141.0
10109473PRIESW_2025-01-23_G03,10109473PRIESW,2025-01-23,111435,1,4,0,114.0
10109473PRIESW_2025-01-23_G04,10109473PRIESW,2025-01-23,107236,1,2,0,97.0
10109473PRIESW_2025-01-23_G05,10109473PRIESW,2025-01-23,118317,1,2,0,74.0
10109473PRIESW_2025-01-23_G06,10109473PRIESW,2025-01-23,110787,1,4,0,172.0
10109473PRIESW_2025-01-23_G07,10109473PRIESW,2025-01-23,"110129, 108795",2,5,14,84.0
10109473PRIESW_2025-01-23_G08,10109473PRIESW,2025-01-23,110332,1,4,0,306.0
10109473PRIESW_2025-01-23_G09,10109473PRIESW,2025-01-23,107830,1,3,0,345.0
10109473PRIESW_2025-01-23_G10,10109473PRIESW,2025-01-23,110372,1,6,0,114.0
10109473PRIESW_2025-01-23_G11,10109473PRIESW,2025-01-23,109643,1,3,0,66.0
10109473PRIESW_2025-01-23_G12,10109473PRIESW,2025-01-23,109641,1,16,0,475.0
10109473PRIESW_2025-01-23_G13,10109473PRIESW,2025-01-23,111468,1,3,0,314.0
10109473PRIESW_2025-01-23_G14,10109473PRIESW,2025-01-23,111569,1,8,0,578.0
10109473PRIESW_2025-01-23_G15,10109473PRIESW,2025-01-23,109937,1,4,0,486.0
10109473PRIESW_2025-01-23_G16,10109473PRIESW,2025-01-23,118094,1,4,0,119.0
10109473PRIESW_2025-01-23_G17,10109473PRIESW,2025-01-23,117786,1,4,0,90.0
10109473PRIESW_2025-01-23_G18,10109473PRIESW,2025-01-23,141047,1,4,0,93.0
10109473PRIESW_2025-01-23_G19,10109473PRIESW,2025-01-23,111468,1,2,0,230.0
10109473PRIESW_2025-01-23_G20,10109473PRIESW,2025-01-23,111442,1,3,0,186.0
10109473PRIESW_2025-01-23_G21,10109473PRIESW,2025-01-23,111463,1,12,0,156.0
10109473PRIESW_2025-01-23_G22,10109473PRIESW,2025-01-23,117831,1,6,0,107.0
10109473PRIESW_2025-01-23_G23,10109473PRIESW,2025-01-23,110787,1,8,0,135.0
10109473PRIESW_2025-01-23_G24,10109473PRIESW,2025-01-23,109645,1,6,0,101.0
10109473PRIESW_2025-01-23_G25,10109473PRIESW,2025-01-23,108711,1,4,0,116.0
10109473PRIESW_2025-01-23_G26,10109473PRIESW,2025-01-23,117833,1,8,0,278.0
10109473PRIESW_2025-01-23_G27,10109473PRIESW,2025-01-23,111469,1,12,0,198.0
10109473PRIESW_2025-01-23_G28,10109473PRIESW,2025-01-23,111469,1,10,0,117.0
10109473PRIESW_2025-01-23_G29,10109473PRIESW,2025-01-23,111468,1,4,0,363.0
10109473PRIESW_2025-01-23_G30,10109473PRIESW,2025-01-23,118004,1,4,0,623.0
10109473PRIESW_2025-01-23_G31,10109473PRIESW,2025-01-23,107236,1,4,0,133.0
10109473PRIESW_2025-01-23_G32,10109473PRIESW,2025-01-23,111463,1,10,0,131.0
10109473PRIESW_2025-01-23_G33,10109473PRIESW,2025-01-23,111462,1,4,0,127.0
10109473PRIESW_2025-01-23_G34,10109473PRIESW,2025-01-23,118004,1,3,0,206.0
10109473PRIESW_2025-01-23_G35,10109473PRIESW,2025-01-23,117855,1,4,0,220.0
10109473PRIESW_2025-01-23_G36,10109473PRIESW,2025-01-23,110374,1,8,0,182.0
10109473PRIESW_2025-01-23_G37,10109473PRIESW,2025-01-23,111444,1,4,0,380.0
10109473PRIESW_2025-01-23_G38,10109473PRIESW,2025-01-23,118004,1,4,0,207.0
10109473PRIESW_2025-01-23_G39,10109473PRIESW,2025-01-23,111466,1,12,0,212.0
10109473PRIESW_2025-01-23_G40,10109473PRIESW,2025-01-23,118317,1,8,0,180.0
10109473PRIESW_2025-01-23_G41,10109473PRIESW,2025-01-23,110745,1,4,0,131.0
10109473PRIESW_2025-01-23_G42,10109473PRIESW,2025-01-23,111444,1,4,0,283.0
10109473PRIESW_2025-01-23_G43,10109473PRIESW,2025-01-23,118004,1,8,0,156.0
10109473PRIESW_2025-01-23_G44,10109473PRIESW,2025-01-23,107236,1,4,0,147.0
10109473PRIESW_2025-01-23_G45,10109473PRIESW,2025-01-23,111462,1,12,0,148.0
10109473PRIESW_2025-01-23_G46,10109473PRIESW,2025-01-23,110373,1,18,0,229.0
10109473PRIESW_2025-01-23_G47,10109473PRIESW,2025-01-23,111444,1,10,0,820.0
10109473PRIESW_2025-01-23_G48,10109473PRIESW,2025-01-23,118004,1,17,0,232.0
10109473PRIESW_2025-01-23_G49,10109473PRIESW,2025-01-23,111466,1,12,0,223.0
10109473PRIESW_2025-01-23_G50,10109473PRIESW,2025-01-23,111466,1,6,0,58.0
10109473PRIESW_2025-01-23_G51,10109473PRIESW,2025-01-23,140922,1,2,0,89.0
10109473PRIESW_2025-01-23_G52,10109473PRIESW,2025-01-23,108798,1,2,0,100.0
10109473PRIESW_2025-01-23_G53,10109473PRIESW,2025-01-23,118223,1,2,0,59.0
10109473PRIESW_2025-01-23_G54,10109473PRIESW,2025-01-23,117833,1,2,0,145.0
10109473PRIESW_2025-01-23_G55,10109473PRIESW,2025-01-23,110895,1,16,0,451.0
10109473PRIESW_2025-01-23_G56,10109473PRIESW,2025-01-23,111569,1,2,0,85.0
10109473PRIESW_2025-01-23_G57,10109473PRIESW,2025-01-23,111444,1,2,0,168.0
10109473PRIESW_2025-01-23_G58,10109473PRIESW,2025-01-23,118004,1,13,0,197.0
10109473PRIESW_2025-01-23_G59,10109473PRIESW,2025-01-23,111466,1,6,0,347.0
10109473PRIESW_2025-01-23_G60,10109473PRIESW,2025-01-23,111466,1,4,0,37.0
10109473PRIESW_2025-01-23_G61,10109473PRIESW,2025-01-23,140922,1,4,0,252.0
10109473PRIESW_2025-01-23_G62,10109473PRIESW,2025-01-23,110745,1,2,0,104.0
10109473PRIESW_2025-01-23_G63,10109473PRIESW,2025-01-23,110745,1,2,0,35.0
10109473PRIESW_2025-01-23_G64,10109473PRIESW,2025-01-23,117833,1,4,0,160.0
10109473PRIESW_2025-01-23_G65,10109473PRIESW,2025-01-23,117836,1,2,0,275.0
10109473PRIESW_2025-01-23_G66,10109473PRIESW,2025-01-23,111569,1,4,0,134.0
10109473PRIESW_2025-01-23_G67,10109473PRIESW,2025-01-23,111569,1,4,0,279.0
10109473PRIESW_2025-01-23_G68,10109473PRIESW,2025-01-23,117809,1,2,0,178.0
10109473PRIESW_2025-01-23_G69,10109473PRIESW,2025-01-23,117820,1,4,0,81.0
10109473PRIESW_2025-01-23_G70,10109473PRIESW,2025-01-23,118299,1,17,0,339.0
10109473PRIESW_2025-01-23_G71,10109473PRIESW,2025-01-23,117830,1,8,0,110.0
10109473PRIESW_2025-01-23_G72,10109473PRIESW,2025-01-23,109643,1,2,0,68.0
10109473PRIESW_2025-01-23_G73,10109473PRIESW,2025-01-23,110375,1,2,0,91.0
10109473PRIESW_2025-01-23_G74,10109473PRIESW,2025-01-23,117835,1,2,0,286.0
10109473PRIESW_2025-01-23_G75,10109473PRIESW,2025-01-23,111438,1,4,0,97.0
10109473PRIESW_2025-01-23_G76,10109473PRIESW,2025-01-23,110747,1,2,0,156.0
10109473PRIESW_2025-01-23_G77,10109473PRIESW,2025-01-23,111444,1,2,0,146.0
10109473PRIESW_2025-01-23_G78,10109473PRIESW,2025-01-23,111466,1,2,0,78.0
10109473PRIESW_2025-01-23_G79,10109473PRIESW,2025-01-23,107236,1,4,0,102.0
10109473PRIESW_2025-01-23_G80,10109473PRIESW,2025-01-23,109641,1,2,0,63.0
10109473PRIESW_2025-01-23_G81,10109473PRIESW,2025-01-23,110745,1,4,0,114.0
10109473PRIESW_2025-01-23_G82,10109473PRIESW,2025-01-23,110745,1,4,0,333.0
10109473PRIESW_2025-01-23_G83,10109473PRIESW,2025-01-23,110745,1,2,0,34.0
10109473PRIESW_2025-01-23_G85,10109473PRIESW,2025-01-23,111469,1,2,0,59.0
10109473PRIESW_2025-01-23_G86,10109473PRIESW,2025-01-23,111469,1,2,0,289.0
10109473PRIESW_2025-01-23_G87,10109473PRIESW,2025-01-23,117808,1,24,0,259.0
10109473PRIESW_2025-01-23_G88,10109473PRIESW,2025-01-23,110376,1,3,0,806.0
10109473PRIESW_2025-01-23_G89,10109473PRIESW,2025-01-23,111462,1,3,0,148.0
10109473PRIESW_2025-01-23_G90,10109473PRIESW,2025-01-23,110895,1,4,0,196.0
10109473PRIESW_2025-01-23_G91,10109473PRIESW,2025-01-23,109640,1,4,0,112.0
10109473PRIESW_2025-01-23_G92,10109473PRIESW,2025-01-23,110515,1,1,0,161.0
10109473PRIESW_2025-01-23_G93,10109473PRIESW,2025-01-23,111468,1,2,0,222.0
10109473PRIESW_2025-01-23_G94,10109473PRIESW,2025-01-23,111443,1,3,0,209.0
10109473PRIESW_2025-01-23_G95,10109473PRIESW,2025-01-23,111430,1,8,0,294.0
10109473PRIESW_2025-01-23_G96,10109473PRIESW,2025-01-23,110373,1,20,0,404.0
10109473PRIESW_2025-01-23_G97,10109473PRIESW,2025-01-23,110745,1,24,0,282.0
10109473PRIESW_2025-01-23_G98,10109473PRIESW,2025-01-23,111468,2,39,17,370.0
10109473PRIESW_2025-01-23_G99,10109473PRIESW,2025-01-23,111466,1,399,0,2095.0
10109473PRIESW_2025-01-23_G100,10109473PRIESW,2025-01-23,111418,1,210,0,897.0
10109473PRIESW_2025-01-23_G101,10109473PRIESW,2025-01-23,117785,1,304,0,813.0
10109473PRIESW_2025-01-24_G02,10109473PRIESW,2025-01-24,117855,1,4,0,294.0
10109473PRIESW_2025-01-24_G03,10109473PRIESW,2025-01-24,117855,1,2,0,51.0
10109473PRIESW_2025-01-24_G04,10109473PRIESW,2025-01-24,111602,1,27,0,281.0
10109473PRIESW_2025-01-24_G05,10109473PRIESW,2025-01-24,117861,1,2,0,380.0
10109473PRIESW_2025-01-24_G06,10109473PRIESW,2025-01-24,117786,1,16,0,216.0
10109473PRIESW_2025-01-24_G07,10109473PRIESW,2025-01-24,110733,1,8,0,161.0
10109473PRIESW_2025-01-24_G08,10109473PRIESW,2025-01-24,111444,1,4,0,175.0
10109473PRIESW_2025-01-24_G09,10109473PRIESW,2025-01-24,140922,1,4,0,157.0
10109473PRIESW_2025-01-24_G10,10109473PRIESW,2025-01-24,117785,1,14,0,351.0
10109473PRIESW_2025-01-24_G11,10109473PRIESW,2025-01-24,111469,1,200,0,1056.0
10109473PRIESW_2025-01-24_G12,10109473PRIESW,2025-01-24,111532,1,16,0,624.0
10109473PRIESW_2025-01-24_G13,10109473PRIESW,2025-01-24,118299,1,357,0,1037.0
10109473PRIESW_2025-01-24_G14,10109473PRIESW,2025-01-24,118299,1,364,0,1037.0
10109473PRIESW_2025-01-24_G15,10109473PRIESW,2025-01-24,110372,1,355,0,1473.0
10109473PRIESW_2025-01-24_G16,10109473PRIESW,2025-01-24,124248,1,12,0,2729.0
10109473PRIESW_2025-01-24_G18,10109473PRIESW,2025-01-24,117855,1,4,0,215.0
10109473PRIESW_2025-01-24_G19,10109473PRIESW,2025-01-24,110325,1,8,0,209.0
10109473PRIESW_2025-01-24_G20,10109473PRIESW,2025-01-24,118283,1,12,0,763.0
10109473PRIESW_2025-01-24_G21,10109473PRIESW,2025-01-24,111330,1,4,0,195.0
10109473PRIESW_2025-01-24_G22,10109473PRIESW,2025-01-24,111462,1,4,0,188.0
10109473PRIESW_2025-01-24_G23,10109473PRIESW,2025-01-24,118281,1,27,0,337.0
10109473PRIESW_2025-01-24_G24,10109473PRIESW,2025-01-24,118299,1,2,0,97.0
10109473PRIESW_2025-01-24_G25,10109473PRIESW,2025-01-24,117830,1,4,0,173.0
10109473PRIESW_2025-01-24_G26,10109473PRIESW,2025-01-24,110747,1,2,0,1344.0
10109473PRIESW_2025-01-24_G27,10109473PRIESW,2025-01-24,110339,1,2,0,305.0
10109473PRIESW_2025-01-24_G28,10109473PRIESW,2025-01-24,110515,1,20,0,227.0
10109473PRIESW_2025-01-24_G29,10109473PRIESW,2025-01-24,117821,1,12,0,248.0
10109473PRIESW_2025-01-24_G30,10109473PRIESW,2025-01-24,109643,1,2,0,170.0
10109473PRIESW_2025-01-24_G31,10109473PRIESW,2025-01-24,110747,1,1,0,117.0
10109473PRIESW_2025-01-24_G32,10109473PRIESW,2025-01-24,111598,1,3,0,173.0
10109473PRIESW_2025-01-24_G33,10109473PRIESW,2025-01-24,110515,1,1,0,110.0
10109473PRIESW_2025-01-24_G34,10109473PRIESW,2025-01-24,110711,1,4,0,101.0
10109473PRIESW_2025-01-24_G35,10109473PRIESW,2025-01-24,117821,1,3,0,350.0
10109473PRIESW_2025-01-24_G36,10109473PRIESW,2025-01-24,111468,1,3,0,110.0
10109473PRIESW_2025-01-24_G37,10109473PRIESW,2025-01-24,109641,1,4,0,98.0
10109473PRIESW_2025-01-24_G38,10109473PRIESW,2025-01-24,118140,1,1,0,48.0
10109473PRIESW_2025-01-24_G39,10109473PRIESW,2025-01-24,109645,1,1,0,80.0
10109473PRIESW_2025-01-24_G40,10109473PRIESW,2025-01-24,111463,1,4,0,116.0
10109473PRIESW_2025-01-24_G41,10109473PRIESW,2025-01-24,117830,1,4,0,140.0
10109473PRIESW_2025-01-24_G42,10109473PRIESW,2025-01-24,111569,1,5,0,335.0
10109473PRIESW_2025-01-24_G43,10109473PRIESW,2025-01-24,118094,1,1,0,75.0
10109473PRIESW_2025-01-24_G44,10109473PRIESW,2025-01-24,110711,1,2,0,70.0
10109473PRIESW_2025-01-24_G45,10109473PRIESW,2025-01-24,117862,1,4,0,111.0
10109473PRIESW_2025-01-24_G46,10109473PRIESW,2025-01-24,117821,1,2,0,243.0
10109473PRIESW_2025-01-24_G47,10109473PRIESW,2025-01-24,111330,1,7,0,152.0
10109473PRIESW_2025-01-24_G48,10109473PRIESW,2025-01-24,111468,1,1,0,64.0
10109473PRIESW_2025-01-24_G49,10109473PRIESW,2025-01-24,111433,1,1,0,77.0
10109473PRIESW_2025-01-24_G50,10109473PRIESW,2025-01-24,117831,1,2,0,53.0
10109473PRIESW_2025-01-24_G51,10109473PRIESW,2025-01-24,110787,1,1,0,60.0
10109473PRIESW_2025-01-24_G52,10109473PRIESW,2025-01-24,108711,1,2,0,85.0
10109473PRIESW_2025-01-24_G53,10109473PRIESW,2025-01-24,117821,1,8,0,143.0
10109473PRIESW_2025-01-24_G54,10109473PRIESW,2025-01-24,110374,1,1,0,118.0
10109473PRIESW_2025-01-24_G55,10109473PRIESW,2025-01-24,110372,1,18,0,388.0
10109473PRIESW_2025-01-24_G56,10109473PRIESW,2025-01-24,109643,1,5,0,61.0
10109473PRIESW_2025-01-24_G57,10109473PRIESW,2025-01-24,117821,1,4,0,227.0
10109473PRIESW_2025-01-25_G02,10109473PRIESW,2025-01-25,123907,1,150,0,2350.0
10109473PRIESW_2025-01-25_G03,10109473PRIESW,2025-01-25,111466,1,2,0,681.0
10109473PRIESW_2025-01-25_G04,10109473PRIESW,2025-01-25,111466,1,4,0,46.0
10109473PRIESW_2025-01-25_G05,10109473PRIESW,2025-01-25,111418,1,4,0,100.0
10109473PRIESW_2025-01-25_G06,10109473PRIESW,2025-01-25,111465,1,2,0,51.0
10109473PRIESW_2025-01-25_G07,10109473PRIESW,2025-01-25,111462,1,1,0,169.0
10109473PRIESW_2025-01-25_G08,10109473PRIESW,2025-01-25,111532,1,9,0,449.0
10109473PRIESW_2025-01-25_G09,10109473PRIESW,2025-01-25,110374,1,86,0,213.0
10109473PRIESW_2025-01-25_G10,10109473PRIESW,2025-01-25,110374,1,7,0,33.0
10109473PRIESW_2025-01-25_G11,10109473PRIESW,2025-01-25,110325,1,22,0,692.0
10109473PRIESW_2025-01-25_G13,10109473PRIESW,2025-01-25,111466,1,48,0,502.0
10109473PRIESW_2025-01-25_G14,10109473PRIESW,2025-01-25,118299,1,6,0,775.0
10109473PRIESW_2025-01-25_G15,10109473PRIESW,2025-01-25,111602,1,28,0,307.0
10109473PRIESW_2025-01-25_G16,10109473PRIESW,2025-01-25,111418,1,6,0,330.0
10109473PRIESW_2025-01-25_G17,10109473PRIESW,2025-01-25,111418,1,40,0,214.0
10109473PRIESW_2025-01-25_G18,10109473PRIESW,2025-01-25,110895,1,11,0,854.0
10109473PRIESW_2025-01-25_G19,10109473PRIESW,2025-01-25,118299,1,4,0,130.0
10109473PRIESW_2025-01-25_G20,10109473PRIESW,2025-01-25,117808,1,14,0,62.0
10109473PRIESW_2025-01-25_G21,10109473PRIESW,2025-01-25,110895,1,12,0,2157.0
10109473PRIESW_2025-01-25_G22,10109473PRIESW,2025-01-25,117832,1,14,0,179.0
10109473PRIESW_2025-01-25_G23,10109473PRIESW,2025-01-25,118299,1,100,0,209.0
10109473PRIESW_2025-01-25_G24,10109473PRIESW,2025-01-25,117830,1,14,0,197.0
10109473PRIESW_2025-01-25_G25,10109473PRIESW,2025-01-25,117820,1,60,0,188.0
10109473PRIESW_2025-01-25_G26,10109473PRIESW,2025-01-25,110373,1,50,0,634.0
10109473PRIESW_2025-01-25_G27,10109473PRIESW,2025-01-25,117832,1,32,0,481.0
10109473PRIESW_2025-01-25_G28,10109473PRIESW,2025-01-25,109643,1,8,0,306.0
10109473PRIESW_2025-01-27_G02,10109473PRIESW,2025-01-27,117808,1,780,0,2072.0
10109473PRIESW_2025-01-27_G03,10109473PRIESW,2025-01-27,110373,1,105,0,334.0
10109473PRIESW_2025-01-27_G04,10109473PRIESW,2025-01-27,118299,1,160,0,647.0
10109473PRIESW_2025-01-27_G05,10109473PRIESW,2025-01-27,110372,1,127,0,819.0
10109473PRIESW_2025-01-27_G06,10109473PRIESW,2025-01-27,110755,1,20,0,803.0
10109473PRIESW_2025-01-27_G07,10109473PRIESW,2025-01-27,110895,1,13,0,850.0
10109473PRIESW_2025-01-27_G08,10109473PRIESW,2025-01-27,117935,1,50,0,325.0
10109473PRIESW_2025-01-27_G09,10109473PRIESW,2025-01-27,111602,1,30,0,210.0
10109473PRIESW_2025-01-27_G10,10109473PRIESW,2025-01-27,117786,1,40,0,361.0
10109473PRIESW_2025-01-27_G11,10109473PRIESW,2025-01-27,111602,1,40,0,536.0
10109473PRIESW_2025-01-27_G12,10109473PRIESW,2025-01-27,111182,1,10,0,260.0
10109473PRIESW_2025-01-27_G13,10109473PRIESW,2025-01-27,111466,1,60,0,148.0
10109473PRIESW_2025-01-27_G14,10109473PRIESW,2025-01-27,111466,1,40,0,81.0
10109473PRIESW_2025-01-27_G15,10109473PRIESW,2025-01-27,111418,1,27,0,223.0
10109473PRIESW_2025-01-27_G16,10109473PRIESW,2025-01-27,117785,1,47,0,594.0
10109473PRIESW_2025-01-27_G17,10109473PRIESW,2025-01-27,111172,1,20,0,785.0
10109473PRIESW_2025-01-27_G18,10109473PRIESW,2025-01-27,117787,1,20,0,383.0
10109473PRIESW_2025-01-27_G19,10109473PRIESW,2025-01-27,117841,2,31,6,161.0
10109473PRIESW_2025-01-27_G20,10109473PRIESW,2025-01-27,117821,1,50,0,420.0
10109473PRIESW_2025-01-27_G21,10109473PRIESW,2025-01-27,111462,1,70,0,670.0
10109473PRIESW_2025-01-27_G22,10109473PRIESW,2025-01-27,110374,1,49,0,358.0
10109473PRIESW_2025-01-27_G23,10109473PRIESW,2025-01-27,110374,1,80,0,82.0
10109473PRIESW_2025-01-27_G24,10109473PRIESW,2025-01-27,110325,2,135,18,578.0
10109473PRIESW_2025-01-27_G25,10109473PRIESW,2025-01-27,117808,1,220,0,1228.0
10109473PRIESW_2025-01-27_G27,10109473PRIESW,2025-01-27,117820,1,200,0,650.0
10109473PRIESW_2025-01-27_G28,10109473PRIESW,2025-01-27,110375,1,45,0,1133.0
10109473PRIESW_2025-01-27_G29,10109473PRIESW,2025-01-27,110374,1,30,0,549.0
10109473PRIESW_2025-01-27_G30,10109473PRIESW,2025-01-27,117830,1,42,0,636.0
10109473PRIESW_2025-01-27_G31,10109473PRIESW,2025-01-27,110372,1,190,0,814.0
10109473PRIESW_2025-01-27_G32,10109473PRIESW,2025-01-27,111348,1,8,0,743.0
10109473PRIESW_2025-01-27_G33,10109473PRIESW,2025-01-27,108711,1,10,0,107.0
10109473PRIESW_2025-01-27_G34,10109473PRIESW,2025-01-27,108736,1,2,0,121.0
10109473PRIESW_2025-01-27_G35,10109473PRIESW,2025-01-27,110582,1,1,0,1545.0
10109473PRIESW_2025-01-27_G36,10109473PRIESW,2025-01-27,118222,1,10,0,209.0
10109473PRIESW_2025-01-27_G37,10109473PRIESW,2025-01-27,111438,1,10,0,760.0
10109473PRIESW_2025-01-27_G38,10109473PRIESW,2025-01-27,110064,1,2,0,368.0
10109473PRIESW_2025-01-27_G39,10109473PRIESW,2025-01-27,110310,1,2,0,87.0
10109473PRIESW_2025-01-27_G40,10109473PRIESW,2025-01-27,111356,1,2,0,189.0
10109473PRIESW_2025-01-27_G41,10109473PRIESW,2025-01-27,111441,1,11,0,496.0
10109473PRIESW_2025-01-27_G42,10109473PRIESW,2025-01-27,110374,1,169,0,826.0
10109473PRIESW_2025-01-27_G43,10109473PRIESW,2025-01-27,110325,1,20,0,285.0
10109473PRIESW_2025-01-28_G02,10109473PRIESW,2025-01-28,118004,1,5,0,166.0
10109473PRIESW_2025-01-28_G03,10109473PRIESW,2025-01-28,118004,1,4,0,37.0
10109473PRIESW_2025-01-28_G04,10109473PRIESW,2025-01-28,140922,1,4,0,140.0
10109473PRIESW_2025-01-28_G05,10109473PRIESW,2025-01-28,117841,1,4,0,109.0
10109473PRIESW_2025-01-28_G06,10109473PRIESW,2025-01-28,111602,1,4,0,291.0
10109473PRIESW_2025-01-28_G07,10109473PRIESW,2025-01-28,117935,1,1,0,44.0
10109473PRIESW_2025-01-28_G08,10109473PRIESW,2025-01-28,117855,2,7,12,79.0
10109473PRIESW_2025-01-28_G09,10109473PRIESW,2025-01-28,117861,1,4,0,140.0
10109473PRIESW_2025-01-28_G10,10109473PRIESW,2025-01-28,110733,1,6,0,183.0
10109473PRIESW_2025-01-28_G11,10109473PRIESW,2025-01-28,109649,1,1,0,146.0
10109473PRIESW_2025-01-28_G12,10109473PRIESW,2025-01-28,111418,1,4,0,274.0
10109473PRIESW_2025-01-28_G13,10109473PRIESW,2025-01-28,"111465, 140922",2,9,27,122.0
10109473PRIESW_2025-01-28_G14,10109473PRIESW,2025-01-28,111462,1,3,0,353.0
10109473PRIESW_2025-01-28_G15,10109473PRIESW,2025-01-28,111462,1,6,0,50.0
10109473PRIESW_2025-01-28_G16,10109473PRIESW,2025-01-28,110374,1,6,0,213.0
10109473PRIESW_2025-01-28_G17,10109473PRIESW,2025-01-28,110374,1,17,0,112.0
10109473PRIESW_2025-01-28_G18,10109473PRIESW,2025-01-28,110325,1,10,0,119.0
10109473PRIESW_2025-01-28_G19,10109473PRIESW,2025-01-28,118094,1,10,0,65.0
10109473PRIESW_2025-01-28_G20,10109473PRIESW,2025-01-28,110374,1,20,0,560.0
10109473PRIESW_2025-01-28_G21,10109473PRIESW,2025-01-28,110374,1,10,0,79.0
10109473PRIESW_2025-01-28_G22,10109473PRIESW,2025-01-28,110373,1,20,0,251.0
10109473PRIESW_2025-01-28_G23,10109473PRIESW,2025-01-28,110373,1,80,0,290.0
10109473PRIESW_2025-01-28_G24,10109473PRIESW,2025-01-28,117832,1,4,0,471.0
10109473PRIESW_2025-01-28_G25,10109473PRIESW,2025-01-28,109974,1,7,0,746.0
10109473PRIESW_2025-01-28_G26,10109473PRIESW,2025-01-28,110475,1,2,0,125.0
10109473PRIESW_2025-01-28_G27,10109473PRIESW,2025-01-28,111620,1,4,0,263.0
10109473PRIESW_2025-01-28_G28,10109473PRIESW,2025-01-28,109933,1,2,0,209.0
10109473PRIESW_2025-01-28_G29,10109473PRIESW,2025-01-28,140911,1,20,0,284.0
10109473PRIESW_2025-01-28_G30,10109473PRIESW,2025-01-28,118222,1,100,0,1032.0
10109473PRIESW_2025-01-28_G31,10109473PRIESW,2025-01-28,100334,1,15,0,254.0
10109473PRIESW_2025-01-28_G32,10109473PRIESW,2025-01-28,118283,1,20,0,486.0
10109473PRIESW_2025-01-28_G33,10109473PRIESW,2025-01-28,118283,1,50,0,242.0
10109473PRIESW_2025-01-28_G34,10109473PRIESW,2025-01-28,111660,1,32,0,594.0
10109473PRIESW_2025-01-28_G35,10109473PRIESW,2025-01-28,110112,1,1,0,69.0
10109473PRIESW_2025-01-28_G36,10109473PRIESW,2025-01-28,114102,1,18,0,319.0
10109473PRIESW_2025-01-28_G37,10109473PRIESW,2025-01-28,111110,1,1,0,248.0
10109473PRIESW_2025-01-28_G38,10109473PRIESW,2025-01-28,110064,1,4,0,230.0
10109473PRIESW_2025-01-28_G39,10109473PRIESW,2025-01-28,109649,1,11,0,379.0
10109473PRIESW_2025-01-28_G40,10109473PRIESW,2025-01-28,111435,1,28,0,398.0
10109473PRIESW_2025-01-28_G41,10109473PRIESW,2025-01-28,110745,1,6,0,880.0
10109473PRIESW_2025-01-28_G42,10109473PRIESW,2025-01-28,110743,1,20,0,210.0
10109473PRIESW_2025-01-28_G44,10109473PRIESW,2025-01-28,111602,1,30,0,531.0
10109473PRIESW_2025-01-28_G45,10109473PRIESW,2025-01-28,140922,1,8,0,406.0
10109473PRIESW_2025-01-28_G46,10109473PRIESW,2025-01-28,110339,1,2,0,309.0
10109473PRIESW_2025-01-28_G47,10109473PRIESW,2025-01-28,110339,1,2,0,40.0
10109473PRIESW_2025-01-28_G48,10109473PRIESW,2025-01-28,118403,1,8,0,103.0
10109473PRIESW_2025-01-28_G49,10109473PRIESW,2025-01-28,110580,1,1,0,41.0
10109473PRIESW_2025-01-28_G50,10109473PRIESW,2025-01-28,110313,1,4,0,144.0
10109473PRIESW_2025-01-28_G51,10109473PRIESW,2025-01-28,110752,1,8,0,111.0
10109473PRIESW_2025-01-28_G52,10109473PRIESW,2025-01-28,111602,1,4,0,59.0
10109473PRIESW_2025-01-28_G53,10109473PRIESW,2025-01-28,111602,1,10,0,90.0
10109473PRIESW_2025-01-28_G54,10109473PRIESW,2025-01-28,111876,1,1,0,93.0
10109473PRIESW_2025-01-28_G55,10109473PRIESW,2025-01-28,110515,1,4,0,128.0
10109473PRIESW_2025-01-28_G56,10109473PRIESW,2025-01-28,110515,1,5,0,48.0
10109473PRIESW_2025-01-28_G57,10109473PRIESW,2025-01-28,117786,1,4,0,116.0
10109473PRIESW_2025-01-28_G58,10109473PRIESW,2025-01-28,117786,1,4,0,44.0
10109473PRIESW_2025-01-28_G59,10109473PRIESW,2025-01-28,"110711, 141047",2,13,27,234.0
10109473PRIESW_2025-01-28_G60,10109473PRIESW,2025-01-28,141047,1,2,0,545.0
10109473PRIESW_2025-01-28_G61,10109473PRIESW,2025-01-28,109747,1,8,0,390.0
10109473PRIESW_2025-01-28_G62,10109473PRIESW,2025-01-28,109747,1,6,0,195.0
10109473PRIESW_2025-01-28_G63,10109473PRIESW,2025-01-28,107830,1,3,0,161.0
10109473PRIESW_2025-01-28_G64,10109473PRIESW,2025-01-28,109643,1,4,0,125.0
10109473PRIESW_2025-01-28_G65,10109473PRIESW,2025-01-28,117820,1,11,0,145.0
10109473PRIESW_2025-01-28_G66,10109473PRIESW,2025-01-28,110375,1,5,0,80.0
10109473PRIESW_2025-01-28_G67,10109473PRIESW,2025-01-28,111602,1,4,0,348.0
10109473PRIESW_2025-01-28_G68,10109473PRIESW,2025-01-28,117832,1,4,0,168.0
10109473PRIESW_2025-01-28_G69,10109473PRIESW,2025-01-28,117935,1,5,0,236.0
10109473PRIESW_2025-01-28_G70,10109473PRIESW,2025-01-28,111418,1,10,0,276.0
10109473PRIESW_2025-01-28_G71,10109473PRIESW,2025-01-28,117841,1,4,0,162.0
10109473PRIESW_2025-01-28_G72,10109473PRIESW,2025-01-28,111418,1,6,0,223.0
10109473PRIESW_2025-01-28_G73,10109473PRIESW,2025-01-28,109649,1,10,0,76.0
10109473PRIESW_2025-01-28_G74,10109473PRIESW,2025-01-28,117853,1,50,0,1910.0
10109473PRIESW_2025-01-28_G75,10109473PRIESW,2025-01-28,110752,1,7,0,731.0
10109473PRIESW_2025-01-29_G02,10109473PRIESW,2025-01-29,117786,1,2,0,153.0
10109473PRIESW_2025-01-29_G03,10109473PRIESW,2025-01-29,118004,1,4,0,213.0
10109473PRIESW_2025-01-29_G04,10109473PRIESW,2025-01-29,118004,1,20,0,165.0
10109473PRIESW_2025-01-29_G05,10109473PRIESW,2025-01-29,111463,1,65,0,741.0
10109473PRIESW_2025-01-29_G06,10109473PRIESW,2025-01-29,110373,1,40,0,256.0
10109473PRIESW_2025-01-29_G07,10109473PRIESW,2025-01-29,110373,1,2,0,35.0
10109473PRIESW_2025-01-29_G08,10109473PRIESW,2025-01-29,110374,1,20,0,931.0
10109473PRIESW_2025-01-29_G09,10109473PRIESW,2025-01-29,110325,1,6,0,133.0
10109473PRIESW_2025-01-29_G10,10109473PRIESW,2025-01-29,110373,1,20,0,186.0
10109473PRIESW_2025-01-29_G11,10109473PRIESW,2025-01-29,111602,1,8,0,362.0
10109473PRIESW_2025-01-29_G12,10109473PRIESW,2025-01-29,111182,1,5,0,171.0
10109473PRIESW_2025-01-29_G13,10109473PRIESW,2025-01-29,111532,1,5,0,160.0
10109473PRIESW_2025-01-29_G14,10109473PRIESW,2025-01-29,118004,2,46,10,199.0
10109473PRIESW_2025-01-29_G15,10109473PRIESW,2025-01-29,118004,1,17,0,48.0
10109473PRIESW_2025-01-29_G16,10109473PRIESW,2025-01-29,111348,1,8,0,625.0
10109473PRIESW_2025-01-29_G17,10109473PRIESW,2025-01-29,117841,1,12,0,215.0
10109473PRIESW_2025-01-29_G18,10109473PRIESW,2025-01-29,110374,1,72,0,384.0
10109473PRIESW_2025-01-29_G19,10109473PRIESW,2025-01-29,110325,1,9,0,431.0
10109473PRIESW_2025-01-29_G20,10109473PRIESW,2025-01-29,110373,1,2,0,77.0
10109473PRIESW_2025-01-29_G21,10109473PRIESW,2025-01-29,110373,1,61,0,310.0
10109473PRIESW_2025-01-29_G22,10109473PRIESW,2025-01-29,111441,1,4,0,546.0
10109473PRIESW_2025-01-29_G23,10109473PRIESW,2025-01-29,111602,1,2,0,119.0
10109473PRIESW_2025-01-29_G24,10109473PRIESW,2025-01-29,118140,1,6,0,372.0
10109473PRIESW_2025-01-29_G25,10109473PRIESW,2025-01-29,111466,1,10,0,132.0
10109473PRIESW_2025-01-29_G26,10109473PRIESW,2025-01-29,110745,1,6,0,553.0
10109473PRIESW_2025-01-29_G27,10109473PRIESW,2025-01-29,117841,1,4,0,141.0
10109473PRIESW_2025-01-29_G28,10109473PRIESW,2025-01-29,160055,1,4,0,123.0
10109473PRIESW_2025-01-29_G29,10109473PRIESW,2025-01-29,111469,1,12,0,208.0
10109473PRIESW_2025-01-29_G30,10109473PRIESW,2025-01-29,110374,1,1,0,101.0
10109473PRIESW_2025-01-29_G31,10109473PRIESW,2025-01-29,160054,1,4,0,112.0
10109473PRIESW_2025-01-29_G32,10109473PRIESW,2025-01-29,117832,1,6,0,110.0
10109473PRIESW_2025-01-29_G33,10109473PRIESW,2025-01-29,110372,1,18,0,320.0
10109473PRIESW_2025-01-29_G34,10109473PRIESW,2025-01-29,105705,1,6,0,654.0
10109473PRIESW_2025-01-29_G35,10109473PRIESW,2025-01-29,110373,1,20,0,282.0
10109473PRIESW_2025-01-29_G36,10109473PRIESW,2025-01-29,111351,1,2,0,185.0
10109473PRIESW_2025-01-29_G37,10109473PRIESW,2025-01-29,110753,1,3,0,212.0
10109473PRIESW_2025-01-29_G38,10109473PRIESW,2025-01-29,110339,1,35,0,469.0
10109473PRIESW_2025-01-29_G39,10109473PRIESW,2025-01-29,117853,1,6,0,368.0
10109473PRIESW_2025-01-29_G40,10109473PRIESW,2025-01-29,110752,1,4,0,117.0
10109473PRIESW_2025-01-29_G41,10109473PRIESW,2025-01-29,118094,1,12,0,197.0
10109473PRIESW_2025-01-29_G42,10109473PRIESW,2025-01-29,118299,1,22,0,284.0
10109473PRIESW_2025-01-29_G43,10109473PRIESW,2025-01-29,117830,1,4,0,271.0
10109473PRIESW_2025-01-29_G44,10109473PRIESW,2025-01-29,110325,1,6,0,77.0
10109473PRIESW_2025-01-29_G46,10109473PRIESW,2025-01-29,110325,1,4,0,153.0
10109473PRIESW_2025-01-29_G47,10109473PRIESW,2025-01-29,109647,1,2,0,507.0
10109473PRIESW_2025-01-29_G48,10109473PRIESW,2025-01-29,111569,1,10,0,614.0
10109473PRIESW_2025-01-29_G49,10109473PRIESW,2025-01-29,117838,1,10,0,330.0
10109473PRIESW_2025-01-29_G50,10109473PRIESW,2025-01-29,107236,1,10,0,134.0
10109473PRIESW_2025-01-29_G51,10109473PRIESW,2025-01-29,117831,1,20,0,222.0
10109473PRIESW_2025-01-29_G52,10109473PRIESW,2025-01-29,111469,1,10,0,182.0
10109473PRIESW_2025-01-29_G53,10109473PRIESW,2025-01-29,111462,1,7,0,104.0
10109473PRIESW_2025-01-29_G54,10109473PRIESW,2025-01-29,111469,1,2,0,188.0
10109473PRIESW_2025-01-29_G55,10109473PRIESW,2025-01-29,111602,1,1,0,115.0
10109473PRIESW_2025-01-29_G56,10109473PRIESW,2025-01-29,117861,1,1,0,122.0
10109473PRIESW_2025-01-29_G57,10109473PRIESW,2025-01-29,111438,1,4,0,367.0
10109473PRIESW_2025-01-29_G58,10109473PRIESW,2025-01-29,110325,1,8,0,507.0
10109473PRIESW_2025-01-29_G59,10109473PRIESW,2025-01-29,110515,1,16,0,728.0
10109473PRIESW_2025-01-29_G60,10109473PRIESW,2025-01-29,107830,1,2,0,1013.0
10109473PRIESW_2025-01-29_G61,10109473PRIESW,2025-01-29,117832,1,12,0,86.0
10109473PRIESW_2025-01-29_G62,10109473PRIESW,2025-01-29,110372,1,32,0,1043.0
10109473PRIESW_2025-01-29_G63,10109473PRIESW,2025-01-29,111602,1,10,0,564.0
10109473PRIESW_2025-01-29_G64,10109473PRIESW,2025-01-29,111435,1,2,0,131.0
10109473PRIESW_2025-01-29_G65,10109473PRIESW,2025-01-29,118004,1,6,0,95.0
10109473PRIESW_2025-01-29_G66,10109473PRIESW,2025-01-29,118140,1,12,0,156.0
10109473PRIESW_2025-01-29_G67,10109473PRIESW,2025-01-29,117831,1,8,0,109.0
10109473PRIESW_2025-01-29_G68,10109473PRIESW,2025-01-29,117785,1,8,0,102.0
10109473PRIESW_2025-01-29_G69,10109473PRIESW,2025-01-29,108711,1,4,0,154.0
10109473PRIESW_2025-01-30_G02,10109473PRIESW,2025-01-30,124371,1,4,0,161.0
10109473PRIESW_2025-01-30_G03,10109473PRIESW,2025-01-30,121651,1,22,0,602.0
10109473PRIESW_2025-01-30_G04,10109473PRIESW,2025-01-30,123907,1,8,0,382.0
10109473PRIESW_2025-01-30_G05,10109473PRIESW,2025-01-30,124370,1,12,0,462.0
10109473PRIESW_2025-01-30_G06,10109473PRIESW,2025-01-30,124371,1,4,0,164.0
10109473PRIESW_2025-01-30_G07,10109473PRIESW,2025-01-30,122671,1,4,0,172.0
10109473PRIESW_2025-01-30_G08,10109473PRIESW,2025-01-30,121651,1,18,0,731.0
10109473PRIESW_2025-01-30_G09,10109473PRIESW,2025-01-30,121760,1,1,0,90.0
10109473PRIESW_2025-01-30_G10,10109473PRIESW,2025-01-30,122962,1,32,0,1090.0
10109473PRIESW_2025-01-30_G11,10109473PRIESW,2025-01-30,120028,1,30,0,1444.0
10109473PRIESW_2025-01-30_G12,10109473PRIESW,2025-01-30,121651,1,30,0,1880.0
10109473PRIESW_2025-01-30_G13,10109473PRIESW,2025-01-30,120028,1,50,0,1872.0
10109473PRIESW_2025-01-30_G14,10109473PRIESW,2025-01-30,122962,1,40,0,892.0
10109473PRIESW_2025-01-30_G15,10109473PRIESW,2025-01-30,122962,1,16,0,450.0
10109473PRIESW_2025-01-30_G16,10109473PRIESW,2025-01-30,124486,1,10,0,94.0
10109473PRIESW_2025-01-30_G18,10109473PRIESW,2025-01-30,124264,1,30,0,1097.0
10109473PRIESW_2025-01-30_G19,10109473PRIESW,2025-01-30,124486,1,50,0,1178.0
10109473PRIESW_2025-01-30_G20,10109473PRIESW,2025-01-30,122962,1,22,0,768.0
10109473PRIESW_2025-01-30_G21,10109473PRIESW,2025-01-30,124486,1,10,0,131.0
10109473PRIESW_2025-01-30_G22,10109473PRIESW,2025-01-30,122962,1,12,0,319.0
10109473PRIESW_2025-01-30_G23,10109473PRIESW,2025-01-30,123909,1,10,0,508.0
10109473PRIESW_2025-01-30_G24,10109473PRIESW,2025-01-30,124486,1,8,0,247.0
10109473PRIESW_2025-01-30_G25,10109473PRIESW,2025-01-30,123492,1,10,0,196.0
10109473PRIESW_2025-01-31_G02,10109473PRIESW,2025-01-31,118306,1,11,0,232.0
10109473PRIESW_2025-01-31_G03,10109473PRIESW,2025-01-31,110747,1,6,0,189.0
10109473PRIESW_2025-01-31_G04,10109473PRIESW,2025-01-31,116527,1,2,0,137.0
10109473PRIESW_2025-01-31_G05,10109473PRIESW,2025-01-31,110063,1,1,0,176.0
10109473PRIESW_2025-01-31_G06,10109473PRIESW,2025-01-31,118298,1,10,0,256.0
10109473PRIESW_2025-01-31_G07,10109473PRIESW,2025-01-31,117786,1,50,0,269.0
10109473PRIESW_2025-01-31_G08,10109473PRIESW,2025-01-31,110711,1,10,0,466.0
10109473PRIESW_2025-01-31_G09,10109473PRIESW,2025-01-31,110515,1,40,0,255.0
10109473PRIESW_2025-01-31_G10,10109473PRIESW,2025-01-31,111743,1,1,0,205.0
10109473PRIESW_2025-01-31_G11,10109473PRIESW,2025-01-31,111743,1,9,0,125.0
10109473PRIESW_2025-01-31_G12,10109473PRIESW,2025-01-31,111743,1,8,0,86.0
10109473PRIESW_2025-01-31_G13,10109473PRIESW,2025-01-31,111418,1,70,0,143.0
10109473PRIESW_2025-01-31_G14,10109473PRIESW,2025-01-31,117838,1,12,0,450.0
10109473PRIESW_2025-01-31_G15,10109473PRIESW,2025-01-31,109645,1,10,0,633.0
10109473PRIESW_2025-01-31_G16,10109473PRIESW,2025-01-31,111348,1,8,0,94.0
10109473PRIESW_2025-01-31_G17,10109473PRIESW,2025-01-31,117821,1,19,0,421.0
10109473PRIESW_2025-01-31_G18,10109473PRIESW,2025-01-31,111469,1,30,0,59.0
10109473PRIESW_2025-01-31_G19,10109473PRIESW,2025-01-31,111462,1,30,0,704.0
10109473PRIESW_2025-01-31_G20,10109473PRIESW,2025-01-31,117840,1,2,0,110.0
10109473PRIESW_2025-01-31_G21,10109473PRIESW,2025-01-31,118299,1,300,0,763.0
10109473PRIESW_2025-01-31_G22,10109473PRIESW,2025-01-31,117832,1,7,0,197.0
10109473PRIESW_2025-01-31_G23,10109473PRIESW,2025-01-31,109643,1,10,0,147.0
10109473PRIESW_2025-01-31_G24,10109473PRIESW,2025-01-31,110372,1,50,0,472.0
10109473PRIESW_2025-01-31_G25,10109473PRIESW,2025-01-31,118222,1,10,0,1951.0
10109473PRIESW_2025-01-31_G26,10109473PRIESW,2025-01-31,110313,1,1,0,354.0
10109473PRIESW_2025-01-31_G27,10109473PRIESW,2025-01-31,117833,1,8,0,140.0
10109473PRIESW_2025-01-31_G28,10109473PRIESW,2025-01-31,117833,1,2,0,32.0
10109473PRIESW_2025-01-31_G29,10109473PRIESW,2025-01-31,109643,1,54,0,541.0
10109473PRIESW_2025-01-31_G30,10109473PRIESW,2025-01-31,140922,1,4,0,343.0
10109473PRIESW_2025-01-31_G31,10109473PRIESW,2025-01-31,110747,1,11,0,210.0
10109473PRIESW_2025-01-31_G32,10109473PRIESW,2025-01-31,160057,1,6,0,185.0
10109473PRIESW_2025-01-31_G34,10109473PRIESW,2025-01-31,110711,1,42,0,282.0
10109473PRIESW_2025-01-31_G35,10109473PRIESW,2025-01-31,141047,1,8,0,290.0
10109473PRIESW_2025-01-31_G36,10109473PRIESW,2025-01-31,117862,1,2,0,85.0
10109473PRIESW_2025-01-31_G37,10109473PRIESW,2025-01-31,106860,1,2,0,138.0
10109473PRIESW_2025-01-31_G38,10109473PRIESW,2025-01-31,110743,1,3,0,130.0
10109473PRIESW_2025-01-31_G39,10109473PRIESW,2025-01-31,111469,1,50,0,48.0
10109473PRIESW_2025-01-31_G40,10109473PRIESW,2025-01-31,111462,1,30,0,599.0
10109473PRIESW_2025-01-31_G41,10109473PRIESW,2025-01-31,117832,1,45,0,485.0
10109473PRIESW_2025-01-31_G42,10109473PRIESW,2025-01-31,117808,1,144,0,1131.0
10109473PRIESW_2025-02-05_G02,10109473PRIESW,2025-02-05,122671,1,13,0,448.0
10109473PRIESW_2025-02-05_G03,10109473PRIESW,2025-02-05,123909,1,13,0,3271.0
10109473PRIESW_2025-02-05_G04,10109473PRIESW,2025-02-05,122673,1,10,0,1310.0
10109473PRIESW_2025-02-05_G07,10109473PRIESW,2025-02-05,109640,1,7,0,326.0
10109473PRIESW_2025-02-05_G08,10109473PRIESW,2025-02-05,118094,1,2,0,227.0
10109473PRIESW_2025-02-05_G09,10109473PRIESW,2025-02-05,109640,1,2,0,124.0
10109473PRIESW_2025-02-05_G10,10109473PRIESW,2025-02-05,110515,1,2,0,96.0
10109473PRIESW_2025-02-05_G11,10109473PRIESW,2025-02-05,110711,1,2,0,104.0
10109473PRIESW_2025-02-05_G12,10109473PRIESW,2025-02-05,111468,1,2,0,99.0
10109473PRIESW_2025-02-05_G13,10109473PRIESW,2025-02-05,118140,1,2,0,64.0
10109473PRIESW_2025-02-05_G14,10109473PRIESW,2025-02-05,117785,1,8,0,152.0
10109473PRIESW_2025-02-05_G15,10109473PRIESW,2025-02-05,111469,1,2,0,120.0
10109473PRIESW_2025-02-05_G16,10109473PRIESW,2025-02-05,111530,1,5,0,580.0
10109473PRIESW_2025-02-05_G17,10109473PRIESW,2025-02-05,111530,1,2,0,34.0
10109473PRIESW_2025-02-05_G18,10109473PRIESW,2025-02-05,110373,1,2,0,115.0
10109473PRIESW_2025-02-05_G19,10109473PRIESW,2025-02-05,117809,1,4,0,92.0
10109473PRIESW_2025-02-05_G20,10109473PRIESW,2025-02-05,110339,1,4,0,164.0
10109473PRIESW_2025-02-05_G21,10109473PRIESW,2025-02-05,111532,1,4,0,77.0
10109473PRIESW_2025-02-05_G22,10109473PRIESW,2025-02-05,118004,1,4,0,152.0
10109473PRIESW_2025-02-05_G23,10109473PRIESW,2025-02-05,111468,1,10,0,124.0
10109473PRIESW_2025-02-05_G24,10109473PRIESW,2025-02-05,111418,1,4,0,140.0
10109473PRIESW_2025-02-05_G25,10109473PRIESW,2025-02-05,117833,1,5,0,111.0
10109473PRIESW_2025-02-05_G26,10109473PRIESW,2025-02-05,110743,1,2,0,283.0
10109473PRIESW_2025-02-05_G27,10109473PRIESW,2025-02-05,111348,1,4,0,177.0
10109473PRIESW_2025-02-05_G28,10109473PRIESW,2025-02-05,117833,1,4,0,101.0
10109473PRIESW_2025-02-05_G29,10109473PRIESW,2025-02-05,107830,1,4,0,241.0
10109473PRIESW_2025-02-05_G30,10109473PRIESW,2025-02-05,110325,1,6,0,260.0
10109473PRIESW_2025-02-05_G31,10109473PRIESW,2025-02-05,110374,1,5,0,104.0
10109473PRIESW_2025-02-05_G32,10109473PRIESW,2025-02-05,110375,1,2,0,85.0
10109473PRIESW_2025-02-05_G33,10109473PRIESW,2025-02-05,109643,1,4,0,172.0
10109473PRIESW_2025-02-05_G34,10109473PRIESW,2025-02-05,110841,1,1,0,877.0
10109473PRIESW_2025-02-05_G35,10109473PRIESW,2025-02-05,110742,1,1,0,388.0
10109473PRIESW_2025-02-05_G36,10109473PRIESW,2025-02-05,118222,1,4,0,233.0
10109473PRIESW_2025-02-05_G37,10109473PRIESW,2025-02-05,111438,1,2,0,185.0
10109473PRIESW_2025-02-05_G38,10109473PRIESW,2025-02-05,110500,1,1,0,77.0
10109473PRIESW_2025-02-05_G39,10109473PRIESW,2025-02-05,111569,1,4,0,190.0
10109473PRIESW_2025-02-05_G40,10109473PRIESW,2025-02-05,110747,1,2,0,115.0
10109473PRIESW_2025-02-05_G41,10109473PRIESW,2025-02-05,118442,1,1,0,213.0
10109473PRIESW_2025-02-05_G42,10109473PRIESW,2025-02-05,110841,1,3,0,549.0
10109473PRIESW_2025-02-05_G43,10109473PRIESW,2025-02-05,110582,1,1,0,210.0
10109473PRIESW_2025-02-05_G44,10109473PRIESW,2025-02-05,110895,1,8,0,149.0
10109473PRIESW_2025-02-05_G45,10109473PRIESW,2025-02-05,103148,1,3,0,107.0
10109473PRIESW_2025-02-05_G46,10109473PRIESW,2025-02-05,107254,1,1,0,1262.0
10109473PRIESW_2025-02-05_G47,10109473PRIESW,2025-02-05,110371,1,2,0,213.0
10109473PRIESW_2025-02-05_G48,10109473PRIESW,2025-02-05,109747,1,4,0,1198.0
10109473PRIESW_2025-02-05_G49,10109473PRIESW,2025-02-05,117808,1,2,0,224.0
10109473PRIESW_2025-02-06_G02,10109473PRIESW,2025-02-06,123344,1,10,0,357.0
10109473PRIESW_2025-02-06_G03,10109473PRIESW,2025-02-06,121651,1,8,0,625.0
10109473PRIESW_2025-02-06_G04,10109473PRIESW,2025-02-06,121760,1,2,0,232.0
10109473PRIESW_2025-02-06_G05,10109473PRIESW,2025-02-06,120008,1,7,0,386.0
10109473PRIESW_2025-02-06_G06,10109473PRIESW,2025-02-06,120008,1,11,0,341.0
10109473PRIESW_2025-02-06_G07,10109473PRIESW,2025-02-06,120321,1,8,0,596.0
10109473PRIESW_2025-02-06_G08,10109473PRIESW,2025-02-06,122189,1,10,0,653.0
10109473PRIESW_2025-02-06_G09,10109473PRIESW,2025-02-06,122985,1,50,0,557.0
10109473PRIESW_2025-02-06_G10,10109473PRIESW,2025-02-06,123911,1,22,0,487.0
10109473PRIESW_2025-02-06_G11,10109473PRIESW,2025-02-06,123345,1,18,0,391.0
10109473PRIESW_2025-02-06_G13,10109473PRIESW,2025-02-06,122671,1,100,0,1569.0
10109473PRIESW_2025-02-06_G14,10109473PRIESW,2025-02-06,124247,1,100,0,2646.0
10109473PRIESW_2025-02-06_G15,10109473PRIESW,2025-02-06,123343,1,50,0,212.0
10109473PRIESW_2025-02-07_G02,10109473PRIESW,2025-02-07,109647,1,2,0,294.0
10109473PRIESW_2025-02-07_G03,10109473PRIESW,2025-02-07,110711,1,8,0,177.0
10109473PRIESW_2025-02-07_G04,10109473PRIESW,2025-02-07,110339,1,6,0,157.0
10109473PRIESW_2025-02-07_G05,10109473PRIESW,2025-02-07,140922,1,8,0,174.0
10109473PRIESW_2025-02-07_G06,10109473PRIESW,2025-02-07,118004,1,30,0,46.0
10109473PRIESW_2025-02-07_G07,10109473PRIESW,2025-02-07,110751,1,8,0,398.0
10109473PRIESW_2025-02-07_G08,10109473PRIESW,2025-02-07,117833,1,16,0,332.0
10109473PRIESW_2025-02-07_G09,10109473PRIESW,2025-02-07,110371,1,10,0,194.0
10109473PRIESW_2025-02-07_G10,10109473PRIESW,2025-02-07,110372,1,30,0,40.0
10109473PRIESW_2025-02-07_G11,10109473PRIESW,2025-02-07,110373,1,10,0,372.0
10109473PRIESW_2025-02-07_G12,10109473PRIESW,2025-02-07,117809,1,20,0,312.0
10109473PRIESW_2025-02-07_G13,10109473PRIESW,2025-02-07,117832,1,4,0,131.0
10109473PRIESW_2025-02-07_G14,10109473PRIESW,2025-02-07,117820,1,10,0,153.0
10109473PRIESW_2025-02-07_G15,10109473PRIESW,2025-02-07,110895,1,1,0,516.0
10109473PRIESW_2025-02-07_G16,10109473PRIESW,2025-02-07,100334,1,7,0,88.0
10109473PRIESW_2025-02-07_G17,10109473PRIESW,2025-02-07,110747,1,4,0,280.0
10109473PRIESW_2025-02-07_G18,10109473PRIESW,2025-02-07,118298,1,1,0,62.0
10109473PRIESW_2025-02-07_G19,10109473PRIESW,2025-02-07,117786,1,26,0,342.0
10109473PRIESW_2025-02-07_G20,10109473PRIESW,2025-02-07,140922,1,1,0,56.0
10109473PRIESW_2025-02-07_G21,10109473PRIESW,2025-02-07,118004,1,1,0,88.0
10109473PRIESW_2025-02-07_G22,10109473PRIESW,2025-02-07,118140,1,15,0,188.0
10109473PRIESW_2025-02-07_G23,10109473PRIESW,2025-02-07,111418,1,44,0,351.0
10109473PRIESW_2025-02-07_G24,10109473PRIESW,2025-02-07,117785,1,68,0,454.0
10109473PRIESW_2025-02-07_G25,10109473PRIESW,2025-02-07,110373,1,59,0,675.0
10109473PRIESW_2025-02-07_G26,10109473PRIESW,2025-02-07,117809,1,52,0,696.0
10109473PRIESW_2025-02-07_G27,10109473PRIESW,2025-02-07,109643,1,14,0,632.0
10109473PRIESW_2025-02-07_G28,10109473PRIESW,2025-02-07,117820,1,30,0,293.0
10109473PRIESW_2025-02-08_G02,10109473PRIESW,2025-02-08,111569,1,12,0,906.0
10109473PRIESW_2025-02-08_G03,10109473PRIESW,2025-02-08,111602,1,5,0,110.0
10109473PRIESW_2025-02-08_G04,10109473PRIESW,2025-02-08,109640,1,8,0,149.0
10109473PRIESW_2025-02-08_G05,10109473PRIESW,2025-02-08,117861,1,2,0,103.0
10109473PRIESW_2025-02-08_G06,10109473PRIESW,2025-02-08,111466,1,8,0,424.0
10109473PRIESW_2025-02-08_G07,10109473PRIESW,2025-02-08,111442,1,4,0,98.0
10109473PRIESW_2025-02-08_G08,10109473PRIESW,2025-02-08,107236,1,3,0,82.0
10109473PRIESW_2025-02-08_G09,10109473PRIESW,2025-02-08,111418,1,16,0,214.0
10109473PRIESW_2025-02-08_G10,10109473PRIESW,2025-02-08,105705,1,2,0,152.0
10109473PRIESW_2025-02-08_G11,10109473PRIESW,2025-02-08,111469,1,8,0,111.0
10109473PRIESW_2025-02-08_G12,10109473PRIESW,2025-02-08,111462,1,4,0,326.0
10109473PRIESW_2025-02-08_G13,10109473PRIESW,2025-02-08,110371,1,28,0,121.0
10109473PRIESW_2025-02-08_G14,10109473PRIESW,2025-02-08,"110372, 110373",2,56,27,588.0
10109473PRIESW_2025-02-08_G15,10109473PRIESW,2025-02-08,110325,1,8,0,359.0
10109473PRIESW_2025-02-08_G16,10109473PRIESW,2025-02-08,110374,1,12,0,359.0
10109473PRIESW_2025-02-08_G17,10109473PRIESW,2025-02-08,117808,1,30,0,686.0
10109473PRIESW_2025-02-08_G18,10109473PRIESW,2025-02-08,109643,1,8,0,131.0
10109473PRIESW_2025-02-08_G19,10109473PRIESW,2025-02-08,111532,1,30,0,1209.0
10109473PRIESW_2025-02-08_G20,10109473PRIESW,2025-02-08,111330,1,1,0,90.0
10109473PRIESW_2025-02-08_G21,10109473PRIESW,2025-02-08,118140,1,8,0,94.0
10109473PRIESW_2025-02-08_G22,10109473PRIESW,2025-02-08,111743,1,4,0,80.0
10109473PRIESW_2025-02-08_G23,10109473PRIESW,2025-02-08,110787,1,4,0,68.0
10109473PRIESW_2025-02-08_G24,10109473PRIESW,2025-02-08,110745,1,4,0,84.0
10109473PRIESW_2025-02-08_G25,10109473PRIESW,2025-02-08,111462,1,7,0,102.0
10109473PRIESW_2025-02-08_G26,10109473PRIESW,2025-02-08,110374,1,10,0,311.0
10109473PRIESW_2025-02-08_G27,10109473PRIESW,2025-02-08,160057,1,6,0,163.0
10109473PRIESW_2025-02-08_G28,10109473PRIESW,2025-02-08,111466,1,4,0,85.0
10109473PRIESW_2025-02-08_G29,10109473PRIESW,2025-02-08,111172,1,3,0,49.0
10109473PRIESW_2025-02-08_G30,10109473PRIESW,2025-02-08,160055,1,4,0,155.0
10109473PRIESW_2025-02-08_G31,10109473PRIESW,2025-02-08,140922,1,2,0,177.0
10109473PRIESW_2025-02-08_G32,10109473PRIESW,2025-02-08,107830,1,4,0,303.0
10109473PRIESW_2025-02-08_G33,10109473PRIESW,2025-02-08,160051,1,4,0,58.0
10109473PRIESW_2025-02-08_G35,10109473PRIESW,2025-02-08,111602,1,4,0,117.0
10109473PRIESW_2025-02-08_G36,10109473PRIESW,2025-02-08,110339,1,3,0,85.0
10109473PRIESW_2025-02-08_G37,10109473PRIESW,2025-02-08,117831,1,4,0,130.0
10109473PRIESW_2025-02-08_G38,10109473PRIESW,2025-02-08,118004,1,4,0,230.0
10109473PRIESW_2025-02-08_G39,10109473PRIESW,2025-02-08,111468,1,2,0,58.0
10109473PRIESW_2025-02-08_G40,10109473PRIESW,2025-02-08,118140,1,2,0,64.0
10109473PRIESW_2025-02-08_G41,10109473PRIESW,2025-02-08,111418,1,3,0,95.0
10109473PRIESW_2025-02-08_G42,10109473PRIESW,2025-02-08,117785,1,4,0,57.0
10109473PRIESW_2025-02-08_G43,10109473PRIESW,2025-02-08,108798,1,2,0,37.0
10109473PRIESW_2025-02-08_G44,10109473PRIESW,2025-02-08,108795,1,4,0,71.0
10109473PRIESW_2025-02-08_G45,10109473PRIESW,2025-02-08,108711,1,2,0,84.0
10109473PRIESW_2025-02-08_G46,10109473PRIESW,2025-02-08,105705,1,2,0,146.0
10109473PRIESW_2025-02-08_G47,10109473PRIESW,2025-02-08,111467,1,2,0,324.0
10109473PRIESW_2025-02-08_G48,10109473PRIESW,2025-02-08,111532,1,12,0,78.0
10109473PRIESW_2025-02-10_G02,10109473PRIESW,2025-02-10,111467,1,4,0,101.0
10109473PRIESW_2025-02-10_G03,10109473PRIESW,2025-02-10,117855,1,18,0,332.0
10109473PRIESW_2025-02-10_G04,10109473PRIESW,2025-02-10,109643,1,12,0,247.0
10109473PRIESW_2025-02-10_G05,10109473PRIESW,2025-02-10,117820,1,24,0,282.0
10109473PRIESW_2025-02-10_G06,10109473PRIESW,2025-02-10,109643,1,8,0,395.0
10109473PRIESW_2025-02-10_G07,10109473PRIESW,2025-02-10,117855,1,9,0,183.0
10109473PRIESW_2025-02-10_G08,10109473PRIESW,2025-02-10,141047,1,6,0,336.0
10109473PRIESW_2025-02-10_G09,10109473PRIESW,2025-02-10,111466,1,1100,0,2397.0
10109473PRIESW_2025-02-10_G11,10109473PRIESW,2025-02-10,111876,1,54,0,337.0
10109473PRIESW_2025-02-10_G12,10109473PRIESW,2025-02-10,111756,1,13,0,289.0
10109473PRIESW_2025-02-10_G13,10109473PRIESW,2025-02-10,107236,1,75,0,277.0
10109473PRIESW_2025-02-11_G02,10109473PRIESW,2025-02-11,110373,1,77,0,825.0
10109473PRIESW_2025-02-11_G03,10109473PRIESW,2025-02-11,117808,1,73,0,347.0
10109473PRIESW_2025-02-11_G04,10109473PRIESW,2025-02-11,111435,1,2,0,1408.0
10109473PRIESW_2025-02-11_G05,10109473PRIESW,2025-02-11,117831,1,33,0,116.0
10109473PRIESW_2025-02-11_G06,10109473PRIESW,2025-02-11,111466,1,20,0,413.0
10109473PRIESW_2025-02-11_G07,10109473PRIESW,2025-02-11,111532,1,4,0,110.0
10109473PRIESW_2025-02-11_G08,10109473PRIESW,2025-02-11,110740,1,8,0,464.0
10109473PRIESW_2025-02-11_G09,10109473PRIESW,2025-02-11,109641,1,2,0,63.0
10109473PRIESW_2025-02-11_G10,10109473PRIESW,2025-02-11,118140,1,30,0,135.0
10109473PRIESW_2025-02-11_G11,10109473PRIESW,2025-02-11,111743,1,8,0,458.0
10109473PRIESW_2025-02-11_G12,10109473PRIESW,2025-02-11,111418,1,71,0,177.0
10109473PRIESW_2025-02-11_G13,10109473PRIESW,2025-02-11,117838,1,6,0,714.0
10109473PRIESW_2025-02-11_G14,10109473PRIESW,2025-02-11,117785,1,90,0,303.0
10109473PRIESW_2025-02-11_G15,10109473PRIESW,2025-02-11,118223,1,4,0,261.0
10109473PRIESW_2025-02-11_G16,10109473PRIESW,2025-02-11,117787,1,6,0,183.0
10109473PRIESW_2025-02-11_G17,10109473PRIESW,2025-02-11,108711,1,6,0,82.0
10109473PRIESW_2025-02-11_G18,10109473PRIESW,2025-02-11,105705,1,2,0,140.0
10109473PRIESW_2025-02-11_G19,10109473PRIESW,2025-02-11,111462,1,17,0,528.0
10109473PRIESW_2025-02-11_G20,10109473PRIESW,2025-02-11,117835,1,6,0,714.0
10109473PRIESW_2025-02-11_G21,10109473PRIESW,2025-02-11,117836,1,4,0,79.0
10109473PRIESW_2025-02-11_G22,10109473PRIESW,2025-02-11,110895,1,6,0,215.0
10109473PRIESW_2025-02-11_G23,10109473PRIESW,2025-02-11,111467,1,19,0,250.0
10109473PRIESW_2025-02-11_G24,10109473PRIESW,2025-02-11,118094,1,20,0,468.0
10109473PRIESW_2025-02-11_G25,10109473PRIESW,2025-02-11,110313,1,5,0,248.0
10109473PRIESW_2025-02-11_G26,10109473PRIESW,2025-02-11,105242,1,6,0,145.0
10109473PRIESW_2025-02-11_G27,10109473PRIESW,2025-02-11,141047,1,10,0,278.0
10109473PRIESW_2025-02-11_G28,10109473PRIESW,2025-02-11,110740,1,12,0,166.0
10109473PRIESW_2025-02-11_G29,10109473PRIESW,2025-02-11,109641,1,4,0,63.0
10109473PRIESW_2025-02-11_G30,10109473PRIESW,2025-02-11,117785,1,40,0,258.0
10109473PRIESW_2025-02-11_G31,10109473PRIESW,2025-02-11,117787,1,8,0,538.0
10109473PRIESW_2025-02-11_G32,10109473PRIESW,2025-02-11,108711,1,12,0,432.0
10109473PRIESW_2025-02-11_G33,10109473PRIESW,2025-02-11,117822,1,20,0,268.0
10109473PRIESW_2025-02-11_G34,10109473PRIESW,2025-02-11,110372,1,200,0,160.0
10109473PRIESW_2025-02-11_G35,10109473PRIESW,2025-02-11,117840,1,20,0,1084.0
10109473PRIESW_2025-02-11_G36,10109473PRIESW,2025-02-11,117820,1,100,0,340.0
10109473PRIESW_2025-02-11_G38,10109473PRIESW,2025-02-11,111876,1,20,0,328.0
10109473PRIESW_2025-02-11_G39,10109473PRIESW,2025-02-11,110339,1,4,0,185.0
10109473PRIESW_2025-02-11_G40,10109473PRIESW,2025-02-11,109647,1,6,0,202.0
10109473PRIESW_2025-02-11_G41,10109473PRIESW,2025-02-11,110711,1,40,0,92.0
10109473PRIESW_2025-02-11_G42,10109473PRIESW,2025-02-11,111182,1,15,0,487.0
10109473PRIESW_2025-02-11_G43,10109473PRIESW,2025-02-11,117831,1,40,0,576.0
10109473PRIESW_2025-02-11_G44,10109473PRIESW,2025-02-11,110743,1,14,0,255.0
10109473PRIESW_2025-02-11_G45,10109473PRIESW,2025-02-11,111532,1,50,0,189.0
10109473PRIESW_2025-02-11_G46,10109473PRIESW,2025-02-11,118004,1,25,0,1016.0
10109473PRIESW_2025-02-11_G47,10109473PRIESW,2025-02-11,110740,1,35,0,433.0
10109473PRIESW_2025-02-11_G48,10109473PRIESW,2025-02-11,108711,1,55,0,790.0
10109473PRIESW_2025-02-11_G49,10109473PRIESW,2025-02-11,111466,1,92,0,1666.0
10109473PRIESW_2025-02-11_G50,10109473PRIESW,2025-02-11,111466,1,47,0,251.0
10109473PRIESW_2025-02-11_G51,10109473PRIESW,2025-02-11,107236,1,30,0,1037.0
10109473PRIESW_2025-02-11_G52,10109473PRIESW,2025-02-11,140922,1,80,0,92.0
10109473PRIESW_2025-02-11_G53,10109473PRIESW,2025-02-11,111330,1,2,0,274.0
10109473PRIESW_2025-02-11_G54,10109473PRIESW,2025-02-11,108711,1,170,0,412.0
10109473PRIESW_2025-02-11_G55,10109473PRIESW,2025-02-11,111462,1,310,0,1011.0
10109473PRIESW_2025-02-12_G02,10109473PRIESW,2025-02-12,109647,1,12,0,240.0
10109473PRIESW_2025-02-12_G03,10109473PRIESW,2025-02-12,109647,1,2,0,42.0
10109473PRIESW_2025-02-12_G04,10109473PRIESW,2025-02-12,110711,1,50,0,557.0
10109473PRIESW_2025-02-12_G05,10109473PRIESW,2025-02-12,111532,1,30,0,547.0
10109473PRIESW_2025-02-12_G06,10109473PRIESW,2025-02-12,118140,1,50,0,698.0
10109473PRIESW_2025-02-12_G07,10109473PRIESW,2025-02-12,110745,1,8,0,139.0
10109473PRIESW_2025-02-12_G08,10109473PRIESW,2025-02-12,108795,1,11,0,363.0
10109473PRIESW_2025-02-12_G09,10109473PRIESW,2025-02-12,108711,1,20,0,238.0
10109473PRIESW_2025-02-12_G10,10109473PRIESW,2025-02-12,108736,1,12,0,154.0
10109473PRIESW_2025-02-12_G11,10109473PRIESW,2025-02-12,105705,1,6,0,215.0
10109473PRIESW_2025-02-12_G12,10109473PRIESW,2025-02-12,111462,1,20,0,197.0
10109473PRIESW_2025-02-12_G13,10109473PRIESW,2025-02-12,118299,1,80,0,572.0
10109473PRIESW_2025-02-12_G14,10109473PRIESW,2025-02-12,117808,1,80,0,293.0
10109473PRIESW_2025-02-12_G15,10109473PRIESW,2025-02-12,111469,1,27,0,1637.0
10109473PRIESW_2025-02-12_G16,10109473PRIESW,2025-02-12,111466,1,20,0,314.0
10109473PRIESW_2025-02-12_G17,10109473PRIESW,2025-02-12,111532,1,20,0,313.0
10109473PRIESW_2025-02-12_G18,10109473PRIESW,2025-02-12,118004,1,23,0,216.0
10109473PRIESW_2025-02-12_G19,10109473PRIESW,2025-02-12,109641,1,20,0,240.0
10109473PRIESW_2025-02-12_G20,10109473PRIESW,2025-02-12,111743,1,8,0,896.0
10109473PRIESW_2025-02-12_G21,10109473PRIESW,2025-02-12,109645,1,9,0,149.0
10109473PRIESW_2025-02-12_G22,10109473PRIESW,2025-02-12,118140,1,8,0,177.0
10109473PRIESW_2025-02-12_G23,10109473PRIESW,2025-02-12,108798,1,12,0,101.0
10109473PRIESW_2025-02-12_G24,10109473PRIESW,2025-02-12,117787,1,4,0,129.0
10109473PRIESW_2025-02-12_G25,10109473PRIESW,2025-02-12,117821,1,19,0,233.0
10109473PRIESW_2025-02-12_G26,10109473PRIESW,2025-02-12,111602,1,16,0,379.0
10109473PRIESW_2025-02-12_G27,10109473PRIESW,2025-02-12,111418,1,8,0,189.0
10109473PRIESW_2025-02-12_G28,10109473PRIESW,2025-02-12,118140,1,8,0,150.0
10109473PRIESW_2025-02-12_G29,10109473PRIESW,2025-02-12,111465,1,8,0,152.0
10109473PRIESW_2025-02-12_G30,10109473PRIESW,2025-02-12,110373,1,8,0,187.0
10109473PRIESW_2025-02-12_G31,10109473PRIESW,2025-02-12,117831,1,4,0,745.0
10109473PRIESW_2025-02-12_G32,10109473PRIESW,2025-02-12,111418,1,4,0,66.0
10109473PRIESW_2025-02-12_G33,10109473PRIESW,2025-02-12,110740,1,2,0,107.0
10109473PRIESW_2025-02-12_G34,10109473PRIESW,2025-02-12,117821,1,2,0,124.0
10109473PRIESW_2025-02-12_G35,10109473PRIESW,2025-02-12,111465,1,3,0,35.0
10109473PRIESW_2025-02-12_G36,10109473PRIESW,2025-02-12,110371,1,3,0,205.0
10109473PRIESW_2025-02-12_G37,10109473PRIESW,2025-02-12,110373,1,12,0,145.0
10109473PRIESW_2025-02-12_G38,10109473PRIESW,2025-02-12,110372,1,8,0,220.0
10109473PRIESW_2025-02-12_G39,10109473PRIESW,2025-02-12,117820,1,8,0,263.0
10109473PRIESW_2025-02-12_G40,10109473PRIESW,2025-02-12,117831,1,2,0,388.0
10109473PRIESW_2025-02-12_G41,10109473PRIESW,2025-02-12,105705,1,2,0,120.0
10109473PRIESW_2025-02-12_G42,10109473PRIESW,2025-02-12,107830,1,4,0,211.0
10109473PRIESW_2025-02-12_G43,10109473PRIESW,2025-02-12,117830,1,2,0,150.0
10109473PRIESW_2025-02-12_G44,10109473PRIESW,2025-02-12,117809,1,4,0,80.0
10109473PRIESW_2025-02-12_G45,10109473PRIESW,2025-02-12,117820,1,4,0,95.0
10109473PRIESW_2025-02-12_G46,10109473PRIESW,2025-02-12,110371,1,2,0,64.0
10109473PRIESW_2025-02-12_G47,10109473PRIESW,2025-02-12,111532,1,5,0,226.0
10109473PRIESW_2025-02-12_G48,10109473PRIESW,2025-02-12,118140,1,4,0,187.0
10109473PRIESW_2025-02-12_G49,10109473PRIESW,2025-02-12,111465,1,2,0,433.0
10109473PRIESW_2025-02-12_G50,10109473PRIESW,2025-02-12,118298,1,25,0,307.0
10109473PRIESW_2025-02-12_G51,10109473PRIESW,2025-02-12,117830,1,1,0,83.0
10109473PRIESW_2025-02-12_G52,10109473PRIESW,2025-02-12,117787,1,16,0,41.0
10109473PRIESW_2025-02-12_G53,10109473PRIESW,2025-02-12,117785,1,2,0,528.0
10109473PRIESW_2025-02-12_G54,10109473PRIESW,2025-02-12,117787,1,3,0,198.0
10109473PRIESW_2025-02-12_G55,10109473PRIESW,2025-02-12,110373,1,6,0,133.0
10109473PRIESW_2025-02-12_G56,10109473PRIESW,2025-02-12,107830,1,4,0,109.0
10109473PRIESW_2025-02-12_G57,10109473PRIESW,2025-02-12,110375,1,3,0,42.0
10109473PRIESW_2025-02-12_G58,10109473PRIESW,2025-02-12,109643,1,2,0,137.0
10109473PRIESW_2025-02-12_G59,10109473PRIESW,2025-02-12,117786,1,2,0,393.0
10109473PRIESW_2025-02-12_G60,10109473PRIESW,2025-02-12,111466,1,8,0,157.0
10109473PRIESW_2025-02-12_G61,10109473PRIESW,2025-02-12,140922,1,4,0,149.0
10109473PRIESW_2025-02-12_G63,10109473PRIESW,2025-02-12,110895,1,20,0,401.0
10109473PRIESW_2025-02-12_G64,10109473PRIESW,2025-02-12,111569,1,22,0,822.0
10109473PRIESW_2025-02-12_G65,10109473PRIESW,2025-02-12,110747,1,13,0,714.0
10109473PRIESW_2025-02-12_G66,10109473PRIESW,2025-02-12,111466,1,20,0,132.0
10109473PRIESW_2025-02-12_G67,10109473PRIESW,2025-02-12,111532,1,4,0,297.0
10109473PRIESW_2025-02-12_G68,10109473PRIESW,2025-02-12,140922,1,12,0,128.0
10109473PRIESW_2025-02-12_G69,10109473PRIESW,2025-02-12,109641,1,4,0,91.0
10109473PRIESW_2025-02-12_G70,10109473PRIESW,2025-02-12,117785,1,6,0,146.0
10109473PRIESW_2025-02-12_G71,10109473PRIESW,2025-02-12,118140,1,80,0,169.0
10109473PRIESW_2025-02-12_G72,10109473PRIESW,2025-02-12,110745,1,19,0,595.0
10109473PRIESW_2025-02-12_G73,10109473PRIESW,2025-02-12,108711,1,20,0,250.0
10109473PRIESW_2025-02-12_G74,10109473PRIESW,2025-02-12,111172,1,4,0,152.0
10109473PRIESW_2025-02-12_G75,10109473PRIESW,2025-02-12,117832,1,6,0,156.0
10109473PRIESW_2025-02-12_G76,10109473PRIESW,2025-02-12,109643,1,6,0,137.0
10109473PRIESW_2025-02-12_G77,10109473PRIESW,2025-02-12,110325,1,32,0,386.0
10109473PRIESW_2025-02-12_G78,10109473PRIESW,2025-02-12,110787,1,47,0,216.0
10109473PRIESW_2025-02-12_G79,10109473PRIESW,2025-02-12,110374,1,42,0,434.0
10109473PRIESW_2025-02-12_G80,10109473PRIESW,2025-02-12,110372,1,75,0,146.0
10109473PRIESW_2025-02-12_G81,10109473PRIESW,2025-02-12,111569,1,2,0,653.0
10109473PRIESW_2025-02-12_G82,10109473PRIESW,2025-02-12,117855,1,8,0,378.0
10109473PRIESW_2025-02-12_G83,10109473PRIESW,2025-02-12,117861,1,4,0,77.0
10109473PRIESW_2025-02-12_G84,10109473PRIESW,2025-02-12,107629,1,6,0,156.0
10109473PRIESW_2025-02-12_G85,10109473PRIESW,2025-02-12,111469,1,16,0,176.0
10109473PRIESW_2025-02-12_G86,10109473PRIESW,2025-02-12,111172,1,6,0,139.0
10109473PRIESW_2025-02-13_G02,10109473PRIESW,2025-02-13,110813,1,2,0,170.0
10109473PRIESW_2025-02-13_G03,10109473PRIESW,2025-02-13,105744,1,1,0,257.0
10109473PRIESW_2025-02-13_G04,10109473PRIESW,2025-02-13,118094,1,50,0,611.0
10109473PRIESW_2025-02-13_G05,10109473PRIESW,2025-02-13,117861,1,50,0,503.0
10109473PRIESW_2025-02-13_G06,10109473PRIESW,2025-02-13,107236,1,40,0,770.0
10109473PRIESW_2025-02-13_G07,10109473PRIESW,2025-02-13,111468,1,27,0,316.0
10109473PRIESW_2025-02-13_G08,10109473PRIESW,2025-02-13,118326,1,8,0,262.0
10109473PRIESW_2025-02-13_G09,10109473PRIESW,2025-02-13,111743,1,30,0,48.0
10109473PRIESW_2025-02-13_G10,10109473PRIESW,2025-02-13,118223,1,13,0,765.0
10109473PRIESW_2025-02-13_G11,10109473PRIESW,2025-02-13,111433,1,12,0,215.0
10109473PRIESW_2025-02-13_G12,10109473PRIESW,2025-02-13,111724,1,1,0,788.0
10109473PRIESW_2025-02-13_G13,10109473PRIESW,2025-02-13,111723,1,10,0,254.0
10109473PRIESW_2025-02-13_G14,10109473PRIESW,2025-02-13,108759,1,4,0,498.0
10109473PRIESW_2025-02-13_G15,10109473PRIESW,2025-02-13,110531,1,4,0,631.0
10109473PRIESW_2025-02-13_G16,10109473PRIESW,2025-02-13,110623,1,4,0,124.0
10109473PRIESW_2025-02-13_G17,10109473PRIESW,2025-02-13,111466,1,13,0,215.0
10109473PRIESW_2025-02-13_G18,10109473PRIESW,2025-02-13,118004,1,2,0,78.0
10109473PRIESW_2025-02-13_G19,10109473PRIESW,2025-02-13,110787,1,2,0,131.0
10109473PRIESW_2025-02-13_G20,10109473PRIESW,2025-02-13,110373,1,4,0,260.0
10109473PRIESW_2025-02-13_G21,10109473PRIESW,2025-02-13,110372,1,2,0,74.0
10109473PRIESW_2025-02-13_G22,10109473PRIESW,2025-02-13,110325,1,4,0,98.0
10109473PRIESW_2025-02-13_G23,10109473PRIESW,2025-02-13,110339,1,2,0,292.0
10109473PRIESW_2025-02-13_G24,10109473PRIESW,2025-02-13,111466,1,70,0,288.0
10109473PRIESW_2025-02-13_G25,10109473PRIESW,2025-02-13,140922,1,4,0,649.0
10109473PRIESW_2025-02-13_G26,10109473PRIESW,2025-02-13,110787,1,2,0,120.0
10109473PRIESW_2025-02-13_G27,10109473PRIESW,2025-02-13,118140,1,2,0,81.0
10109473PRIESW_2025-02-13_G28,10109473PRIESW,2025-02-13,111462,1,2,0,82.0
10109473PRIESW_2025-02-13_G29,10109473PRIESW,2025-02-13,118317,1,8,0,156.0
10109473PRIESW_2025-02-13_G30,10109473PRIESW,2025-02-13,110372,1,2,0,289.0
10109473PRIESW_2025-02-13_G31,10109473PRIESW,2025-02-13,117832,1,2,0,98.0
10109473PRIESW_2025-02-13_G32,10109473PRIESW,2025-02-13,117832,1,12,0,142.0
10109473PRIESW_2025-02-13_G33,10109473PRIESW,2025-02-13,117820,1,5,0,259.0
10109473PRIESW_2025-02-13_G34,10109473PRIESW,2025-02-13,100334,1,8,0,238.0
10109473PRIESW_2025-02-13_G35,10109473PRIESW,2025-02-13,111569,1,16,0,352.0
10109473PRIESW_2025-02-13_G36,10109473PRIESW,2025-02-13,160057,1,2,0,476.0
10109473PRIESW_2025-02-13_G37,10109473PRIESW,2025-02-13,116527,1,7,0,178.0
10109473PRIESW_2025-02-13_G38,10109473PRIESW,2025-02-13,140922,1,6,0,139.0
10109473PRIESW_2025-02-13_G39,10109473PRIESW,2025-02-13,110740,1,24,0,384.0
10109473PRIESW_2025-02-13_G40,10109473PRIESW,2025-02-13,"109645, 110373",2,17,27,235.0
10109473PRIESW_2025-02-13_G41,10109473PRIESW,2025-02-13,118299,1,30,0,55.0
10109473PRIESW_2025-02-13_G42,10109473PRIESW,2025-02-13,160051,1,3,0,977.0
10109473PRIESW_2025-02-13_G44,10109473PRIESW,2025-02-13,118299,1,10,0,169.0
10109473PRIESW_2025-02-13_G45,10109473PRIESW,2025-02-13,117830,1,4,0,160.0
10109473PRIESW_2025-02-13_G46,10109473PRIESW,2025-02-13,118317,2,8,8,105.0
10109473PRIESW_2025-02-13_G47,10109473PRIESW,2025-02-13,110339,1,6,0,291.0
10109473PRIESW_2025-02-13_G48,10109473PRIESW,2025-02-13,108759,1,2,0,1195.0
10109473PRIESW_2025-02-13_G49,10109473PRIESW,2025-02-13,110895,1,4,0,104.0
10109473PRIESW_2025-02-13_G50,10109473PRIESW,2025-02-13,111569,1,8,0,617.0
10109473PRIESW_2025-02-13_G51,10109473PRIESW,2025-02-13,116527,1,4,0,153.0
10109473PRIESW_2025-02-13_G52,10109473PRIESW,2025-02-13,111182,1,1,0,202.0
10109473PRIESW_2025-02-13_G53,10109473PRIESW,2025-02-13,117831,1,4,0,133.0
10109473PRIESW_2025-02-13_G54,10109473PRIESW,2025-02-13,111418,1,36,0,275.0
10109473PRIESW_2025-02-13_G55,10109473PRIESW,2025-02-13,111418,1,7,0,123.0
10109473PRIESW_2025-02-13_G56,10109473PRIESW,2025-02-13,110740,1,15,0,449.0
10109473PRIESW_2025-02-13_G57,10109473PRIESW,2025-02-13,111468,1,4,0,74.0
10109473PRIESW_2025-02-13_G58,10109473PRIESW,2025-02-13,110787,1,18,0,207.0
10109473PRIESW_2025-02-13_G59,10109473PRIESW,2025-02-13,110787,1,2,0,54.0
10109473PRIESW_2025-02-13_G60,10109473PRIESW,2025-02-13,118140,1,5,0,210.0
10109473PRIESW_2025-02-13_G61,10109473PRIESW,2025-02-13,110745,1,8,0,96.0
10109473PRIESW_2025-02-13_G62,10109473PRIESW,2025-02-13,117841,1,2,0,111.0
10109473PRIESW_2025-02-13_G63,10109473PRIESW,2025-02-13,108711,1,5,0,88.0
10109473PRIESW_2025-02-13_G64,10109473PRIESW,2025-02-13,117821,1,6,0,144.0
10109473PRIESW_2025-02-13_G65,10109473PRIESW,2025-02-13,118222,1,20,0,345.0
10109473PRIESW_2025-02-13_G66,10109473PRIESW,2025-02-13,111438,1,5,0,696.0
10109473PRIESW_2025-02-13_G67,10109473PRIESW,2025-02-13,111466,1,20,0,216.0
10109473PRIESW_2025-02-13_G68,10109473PRIESW,2025-02-13,110740,1,2,0,186.0
10109473PRIESW_2025-02-13_G69,10109473PRIESW,2025-02-13,110740,1,6,0,312.0
10109473PRIESW_2025-02-13_G70,10109473PRIESW,2025-02-13,110787,1,9,0,620.0
10109473PRIESW_2025-02-13_G71,10109473PRIESW,2025-02-13,111469,1,16,0,442.0
10109473PRIESW_2025-02-13_G72,10109473PRIESW,2025-02-13,108736,1,2,0,393.0
10109473PRIESW_2025-02-14_G02,10109473PRIESW,2025-02-14,110339,1,46,0,487.0
10109473PRIESW_2025-02-14_G03,10109473PRIESW,2025-02-14,141047,1,30,0,440.0
10109473PRIESW_2025-02-14_G04,10109473PRIESW,2025-02-14,117837,1,20,0,688.0
10109473PRIESW_2025-02-14_G05,10109473PRIESW,2025-02-14,111467,1,100,0,921.0
10109473PRIESW_2025-02-14_G06,10109473PRIESW,2025-02-14,107236,1,2,0,70.0
10109473PRIESW_2025-02-14_G07,10109473PRIESW,2025-02-14,117785,1,2,0,121.0
10109473PRIESW_2025-02-14_G08,10109473PRIESW,2025-02-14,117785,1,73,0,338.0
10109473PRIESW_2025-02-14_G09,10109473PRIESW,2025-02-14,117785,1,25,0,371.0
10109473PRIESW_2025-02-14_G10,10109473PRIESW,2025-02-14,118140,1,100,0,1058.0
10109473PRIESW_2025-02-14_G11,10109473PRIESW,2025-02-14,111466,1,132,0,796.0
10109473PRIESW_2025-02-14_G12,10109473PRIESW,2025-02-14,118223,1,16,0,276.0
10109473PRIESW_2025-02-14_G13,10109473PRIESW,2025-02-14,111418,1,200,0,1182.0
10109473PRIESW_2025-02-14_G14,10109473PRIESW,2025-02-14,117820,1,110,0,719.0
10109473PRIESW_2025-02-14_G15,10109473PRIESW,2025-02-14,110313,1,15,0,794.0
10109473PRIESW_2025-02-14_G16,10109473PRIESW,2025-02-14,110582,1,4,0,1279.0
10109473PRIESW_2025-02-14_G17,10109473PRIESW,2025-02-14,111430,1,2,0,115.0
10109473PRIESW_2025-02-14_G18,10109473PRIESW,2025-02-14,118222,1,12,0,293.0
10109473PRIESW_2025-02-14_G19,10109473PRIESW,2025-02-14,111438,1,1,0,568.0
10109473PRIESW_2025-02-14_G20,10109473PRIESW,2025-02-14,100334,1,1,0,73.0
10109473PRIESW_2025-02-14_G21,10109473PRIESW,2025-02-14,110339,1,1,0,139.0
10109473PRIESW_2025-02-14_G22,10109473PRIESW,2025-02-14,110515,1,31,0,479.0
10109473PRIESW_2025-02-14_G24,10109473PRIESW,2025-02-14,140922,1,40,0,652.0
10109473PRIESW_2025-02-14_G25,10109473PRIESW,2025-02-14,118317,1,1,0,450.0
10109473PRIESW_2025-02-14_G26,10109473PRIESW,2025-02-14,110376,1,2,0,142.0
10109473PRIESW_2025-02-14_G27,10109473PRIESW,2025-02-14,100334,1,4,0,286.0
10109473PRIESW_2025-02-14_G28,10109473PRIESW,2025-02-14,100334,1,5,0,151.0
10109473PRIESW_2025-02-14_G29,10109473PRIESW,2025-02-14,111602,1,2,0,348.0
10109473PRIESW_2025-02-14_G30,10109473PRIESW,2025-02-14,110711,1,6,0,190.0
10109473PRIESW_2025-02-14_G31,10109473PRIESW,2025-02-14,110313,1,10,0,191.0
10109473PRIESW_2025-02-14_G32,10109473PRIESW,2025-02-14,111569,1,6,0,2306.0
10109473PRIESW_2025-02-14_G33,10109473PRIESW,2025-02-14,109643,1,4,0,239.0
10109473PRIESW_2025-02-14_G34,10109473PRIESW,2025-02-14,110841,1,2,0,180.0
10109473PRIESW_2025-02-14_G35,10109473PRIESW,2025-02-14,110515,1,3,0,233.0
10109473PRIESW_2025-02-14_G36,10109473PRIESW,2025-02-14,110515,1,3,0,82.0
10109473PRIESW_2025-02-14_G37,10109473PRIESW,2025-02-14,110711,1,3,0,277.0
10109473PRIESW_2025-02-14_G38,10109473PRIESW,2025-02-14,111418,1,7,0,227.0
10109473PRIESW_2025-02-14_G39,10109473PRIESW,2025-02-14,117787,1,3,0,165.0
10109473PRIESW_2025-02-14_G40,10109473PRIESW,2025-02-14,110373,1,10,0,222.0
10109473PRIESW_2025-02-14_G41,10109473PRIESW,2025-02-14,110372,1,4,0,66.0
10109473PRIESW_2025-02-14_G42,10109473PRIESW,2025-02-14,117822,1,4,0,109.0
10109473PRIESW_2025-02-14_G43,10109473PRIESW,2025-02-14,110372,1,6,0,57.0
10109473PRIESW_2025-02-14_G44,10109473PRIESW,2025-02-14,110371,1,8,0,93.0
10109473PRIESW_2025-02-14_G45,10109473PRIESW,2025-02-14,110375,1,1,0,97.0
10109473PRIESW_2025-02-14_G46,10109473PRIESW,2025-02-14,118222,1,4,0,766.0
10109473PRIESW_2025-02-14_G47,10109473PRIESW,2025-02-14,111466,1,8,0,133.0
10109473PRIESW_2025-02-14_G48,10109473PRIESW,2025-02-14,109640,1,20,0,293.0
10109473PRIESW_2025-02-14_G49,10109473PRIESW,2025-02-14,108798,1,5,0,233.0
10109473PRIESW_2025-02-14_G50,10109473PRIESW,2025-02-14,108798,1,1,0,274.0
10109473PRIESW_2025-02-14_G51,10109473PRIESW,2025-02-14,111468,1,2,0,221.0
10109473PRIESW_2025-02-14_G52,10109473PRIESW,2025-02-14,118140,1,4,0,155.0
10109473PRIESW_2025-02-14_G53,10109473PRIESW,2025-02-14,117820,1,2,0,140.0
10109473PRIESW_2025-02-14_G54,10109473PRIESW,2025-02-14,108798,1,2,0,148.0
10109473PRIESW_2025-02-14_G55,10109473PRIESW,2025-02-14,108711,1,4,0,395.0
10109473PRIESW_2025-02-14_G56,10109473PRIESW,2025-02-14,110373,1,20,0,1362.0
10109473PRIESW_2025-02-14_G57,10109473PRIESW,2025-02-14,110373,1,15,0,95.0
10109473PRIESW_2025-02-14_G58,10109473PRIESW,2025-02-14,117822,1,3,0,54.0
10109473PRIESW_2025-02-14_G59,10109473PRIESW,2025-02-14,110372,1,22,0,229.0
10109473PRIESW_2025-02-14_G60,10109473PRIESW,2025-02-14,110372,1,6,0,93.0
10109473PRIESW_2025-02-14_G61,10109473PRIESW,2025-02-14,110371,1,10,0,147.0
10109473PRIESW_2025-02-14_G62,10109473PRIESW,2025-02-14,110325,1,2,0,219.0
10109473PRIESW_2025-02-14_G63,10109473PRIESW,2025-02-14,110325,1,20,0,301.0
10109473PRIESW_2025-02-15_G02,10109473PRIESW,2025-02-15,110129,1,2,0,70.0
10109473PRIESW_2025-02-15_G03,10109473PRIESW,2025-02-15,118004,1,4,0,134.0
10109473PRIESW_2025-02-15_G04,10109473PRIESW,2025-02-15,110374,1,42,0,922.0
10109473PRIESW_2025-02-15_G05,10109473PRIESW,2025-02-15,111182,1,200,0,1286.0
10109473PRIESW_2025-02-15_G06,10109473PRIESW,2025-02-15,110787,1,200,0,846.0
10109473PRIESW_2025-02-15_G07,10109473PRIESW,2025-02-15,110787,1,150,0,403.0
10109473PRIESW_2025-02-15_G08,10109473PRIESW,2025-02-15,111812,1,9,0,941.0
10109473PRIESW_2025-02-15_G09,10109473PRIESW,2025-02-15,111182,1,269,0,32.0
10109473PRIESW_2025-02-15_G10,10109473PRIESW,2025-02-15,107830,1,3,0,3560.0
10109473PRIESW_2025-02-15_G11,10109473PRIESW,2025-02-15,109747,1,300,0,809.0
10109473PRIESW_2025-02-15_G12,10109473PRIESW,2025-02-15,110373,1,80,0,598.0
10109473PRIESW_2025-02-15_G13,10109473PRIESW,2025-02-15,118140,1,4,0,557.0
10109473PRIESW_2025-02-15_G14,10109473PRIESW,2025-02-15,118004,1,4,0,119.0
10109473PRIESW_2025-02-15_G15,10109473PRIESW,2025-02-15,111462,1,6,0,76.0
10109473PRIESW_2025-02-15_G16,10109473PRIESW,2025-02-15,110515,1,6,0,384.0
10109473PRIESW_2025-02-15_G17,10109473PRIESW,2025-02-15,110313,1,3,0,462.0
10109473PRIESW_2025-02-15_G19,10109473PRIESW,2025-02-15,117854,1,8,0,369.0
10109473PRIESW_2025-02-15_G20,10109473PRIESW,2025-02-15,117855,1,122,0,433.0
10109473PRIESW_2025-02-15_G21,10109473PRIESW,2025-02-15,117855,1,96,0,495.0
10109473PRIESW_2025-02-15_G22,10109473PRIESW,2025-02-15,110339,1,130,0,620.0
10109473PRIESW_2025-02-15_G23,10109473PRIESW,2025-02-15,117786,1,23,0,714.0
10109473PRIESW_2025-02-15_G24,10109473PRIESW,2025-02-15,111463,1,192,0,644.0
10109473PRIESW_2025-02-15_G25,10109473PRIESW,2025-02-15,111443,1,16,0,337.0
10109473PRIESW_2025-02-15_G26,10109473PRIESW,2025-02-15,110325,1,170,0,725.0
10109473PRIESW_2025-02-15_G27,10109473PRIESW,2025-02-15,117830,1,220,0,828.0
10109473PRIESW_2025-02-17_G02,10109473PRIESW,2025-02-17,111441,2,31,18,156.0
10109473PRIESW_2025-02-17_G03,10109473PRIESW,2025-02-17,111466,1,73,0,1048.0
10109473PRIESW_2025-02-17_G04,10109473PRIESW,2025-02-17,111465,1,1,0,702.0
10109473PRIESW_2025-02-17_G05,10109473PRIESW,2025-02-17,110895,1,10,0,338.0
10109473PRIESW_2025-02-17_G06,10109473PRIESW,2025-02-17,111441,1,1,0,65.0
10109473PRIESW_2025-02-17_G07,10109473PRIESW,2025-02-17,111469,1,3,0,348.0
10109473PRIESW_2025-02-17_G08,10109473PRIESW,2025-02-17,140922,1,7,0,147.0
10109473PRIESW_2025-02-17_G09,10109473PRIESW,2025-02-17,117785,1,1,0,112.0
10109473PRIESW_2025-02-17_G10,10109473PRIESW,2025-02-17,118299,1,7,0,152.0
10109473PRIESW_2025-02-17_G11,10109473PRIESW,2025-02-17,117808,1,17,0,111.0
10109473PRIESW_2025-02-17_G12,10109473PRIESW,2025-02-17,111469,1,6,0,352.0
10109473PRIESW_2025-02-17_G13,10109473PRIESW,2025-02-17,111182,1,4,0,1099.0
10109473PRIESW_2025-02-17_G14,10109473PRIESW,2025-02-17,111466,1,20,0,245.0
10109473PRIESW_2025-02-17_G15,10109473PRIESW,2025-02-17,111435,1,2,0,59.0
10109473PRIESW_2025-02-17_G16,10109473PRIESW,2025-02-17,111418,1,50,0,146.0
10109473PRIESW_2025-02-17_G17,10109473PRIESW,2025-02-17,117787,1,4,0,522.0
10109473PRIESW_2025-02-17_G18,10109473PRIESW,2025-02-17,140922,1,4,0,149.0
10109473PRIESW_2025-02-17_G19,10109473PRIESW,2025-02-17,111468,1,4,0,114.0
10109473PRIESW_2025-02-17_G20,10109473PRIESW,2025-02-17,109641,1,4,0,73.0
10109473PRIESW_2025-02-17_G21,10109473PRIESW,2025-02-17,111743,1,4,0,173.0
10109473PRIESW_2025-02-17_G22,10109473PRIESW,2025-02-17,111462,1,12,0,160.0
10109473PRIESW_2025-02-17_G23,10109473PRIESW,2025-02-17,111465,1,8,0,108.0
10109473PRIESW_2025-02-17_G24,10109473PRIESW,2025-02-17,110372,1,16,0,221.0
10109473PRIESW_2025-02-17_G25,10109473PRIESW,2025-02-17,117808,1,2,0,78.0
10109473PRIESW_2025-02-17_G26,10109473PRIESW,2025-02-17,109640,1,6,0,473.0
10109473PRIESW_2025-02-17_G27,10109473PRIESW,2025-02-17,118299,1,20,0,179.0
10109473PRIESW_2025-02-17_G28,10109473PRIESW,2025-02-17,118299,1,4,0,52.0
10109473PRIESW_2025-02-17_G29,10109473PRIESW,2025-02-17,"110372, 117808",2,58,26,82.0
10109473PRIESW_2025-02-17_G30,10109473PRIESW,2025-02-17,110325,1,7,0,1024.0
10109473PRIESW_2025-02-17_G31,10109473PRIESW,2025-02-17,110374,1,12,0,141.0
10109473PRIESW_2025-02-17_G32,10109473PRIESW,2025-02-17,117861,1,402,0,1629.0
10109473PRIESW_2025-02-17_G33,10109473PRIESW,2025-02-17,111466,1,509,0,1088.0
10109473PRIESW_2025-02-17_G34,10109473PRIESW,2025-02-17,117785,1,50,0,298.0
10109473PRIESW_2025-02-17_G35,10109473PRIESW,2025-02-17,111469,1,35,0,927.0
10109473PRIESW_2025-02-17_G37,10109473PRIESW,2025-02-17,110895,1,37,0,51.0
10109473PRIESW_2025-02-17_G38,10109473PRIESW,2025-02-17,111441,1,20,0,844.0
10109473PRIESW_2025-02-17_G39,10109473PRIESW,2025-02-17,117854,1,34,0,389.0
10109473PRIESW_2025-02-17_G40,10109473PRIESW,2025-02-17,118403,1,8,0,338.0
10109473PRIESW_2025-02-17_G41,10109473PRIESW,2025-02-17,110752,1,29,0,492.0
10109473PRIESW_2025-02-17_G42,10109473PRIESW,2025-02-17,117855,3,40,39,189.0
10109473PRIESW_2025-02-17_G43,10109473PRIESW,2025-02-17,117855,1,75,0,47.0
10109473PRIESW_2025-02-17_G44,10109473PRIESW,2025-02-17,111876,1,2,0,733.0
10109473PRIESW_2025-02-17_G45,10109473PRIESW,2025-02-17,110711,1,20,0,365.0
10109473PRIESW_2025-02-17_G46,10109473PRIESW,2025-02-17,107629,1,70,0,92.0
10109473PRIESW_2025-02-17_G47,10109473PRIESW,2025-02-17,111602,1,1,0,378.0
10109473PRIESW_2025-02-17_G48,10109473PRIESW,2025-02-17,111602,1,10,0,117.0
10109473PRIESW_2025-02-17_G49,10109473PRIESW,2025-02-17,118299,1,2,0,93.0
10109473PRIESW_2025-02-17_G50,10109473PRIESW,2025-02-17,110373,1,2,0,53.0
10109473PRIESW_2025-02-17_G51,10109473PRIESW,2025-02-17,110372,1,8,0,116.0
10109473PRIESW_2025-02-17_G52,10109473PRIESW,2025-02-17,110325,1,2,0,114.0
10109473PRIESW_2025-02-17_G53,10109473PRIESW,2025-02-17,109643,1,70,0,224.0
10109473PRIESW_2025-02-17_G54,10109473PRIESW,2025-02-17,117832,1,80,0,362.0
10109473PRIESW_2025-02-17_G55,10109473PRIESW,2025-02-17,110080,1,1,0,857.0
10109473PRIESW_2025-02-17_G56,10109473PRIESW,2025-02-17,110841,1,5,0,393.0
10109473PRIESW_2025-02-17_G57,10109473PRIESW,2025-02-17,118222,1,9,0,273.0
10109473PRIESW_2025-02-17_G58,10109473PRIESW,2025-02-17,110454,1,2,0,76.0
10109473PRIESW_2025-02-17_G59,10109473PRIESW,2025-02-17,110500,1,4,0,61.0
10109473PRIESW_2025-02-17_G60,10109473PRIESW,2025-02-17,111569,1,3,0,80.0
10109473PRIESW_2025-02-17_G61,10109473PRIESW,2025-02-17,118306,1,10,0,304.0
10109473PRIESW_2025-02-17_G62,10109473PRIESW,2025-02-17,111876,1,4,0,347.0
10109473PRIESW_2025-02-17_G63,10109473PRIESW,2025-02-17,110515,1,20,0,298.0
10109473PRIESW_2025-02-17_G64,10109473PRIESW,2025-02-17,141047,1,10,0,244.0
10109473PRIESW_2025-02-17_G65,10109473PRIESW,2025-02-17,110339,1,20,0,131.0
10109473PRIESW_2025-02-17_G66,10109473PRIESW,2025-02-17,111468,1,40,0,1794.0
10109473PRIESW_2025-02-17_G67,10109473PRIESW,2025-02-17,109641,1,20,0,225.0
10109473PRIESW_2025-02-17_G68,10109473PRIESW,2025-02-17,110129,1,20,0,369.0
10109473PRIESW_2025-02-17_G69,10109473PRIESW,2025-02-17,118004,1,10,0,297.0
10109473PRIESW_2025-02-17_G70,10109473PRIESW,2025-02-17,111433,1,4,0,102.0
10109473PRIESW_2025-02-17_G71,10109473PRIESW,2025-02-17,111465,1,16,0,124.0
10109473PRIESW_2025-02-18_G02,10109473PRIESW,2025-02-18,110742,1,16,0,396.0
10109473PRIESW_2025-02-18_G03,10109473PRIESW,2025-02-18,111437,1,1,0,150.0
10109473PRIESW_2025-02-18_G04,10109473PRIESW,2025-02-18,111436,1,4,0,183.0
10109473PRIESW_2025-02-18_G05,10109473PRIESW,2025-02-18,109933,1,6,0,426.0
10109473PRIESW_2025-02-18_G06,10109473PRIESW,2025-02-18,111430,1,5,0,82.0
10109473PRIESW_2025-02-18_G07,10109473PRIESW,2025-02-18,118222,1,12,0,645.0
10109473PRIESW_2025-02-18_G08,10109473PRIESW,2025-02-18,111438,1,4,0,365.0
10109473PRIESW_2025-02-18_G09,10109473PRIESW,2025-02-18,111569,1,80,0,252.0
10109473PRIESW_2025-02-18_G10,10109473PRIESW,2025-02-18,118250,1,4,0,281.0
10109473PRIESW_2025-02-18_G11,10109473PRIESW,2025-02-18,116527,1,20,0,229.0
10109473PRIESW_2025-02-18_G12,10109473PRIESW,2025-02-18,118298,1,4,0,313.0
10109473PRIESW_2025-02-18_G13,10109473PRIESW,2025-02-18,107629,1,10,0,191.0
10109473PRIESW_2025-02-18_G14,10109473PRIESW,2025-02-18,110743,1,10,0,330.0
10109473PRIESW_2025-02-18_G15,10109473PRIESW,2025-02-18,111435,1,17,0,338.0
10109473PRIESW_2025-02-18_G16,10109473PRIESW,2025-02-18,111431,1,12,0,260.0
10109473PRIESW_2025-02-18_G17,10109473PRIESW,2025-02-18,118140,1,100,0,1106.0
10109473PRIESW_2025-02-18_G18,10109473PRIESW,2025-02-18,110787,1,40,0,554.0
10109473PRIESW_2025-02-18_G19,10109473PRIESW,2025-02-18,111466,1,100,0,506.0
10109473PRIESW_2025-02-18_G21,10109473PRIESW,2025-02-18,100334,1,40,0,225.0
10109473PRIESW_2025-02-18_G22,10109473PRIESW,2025-02-18,141035,1,4,0,501.0
10109473PRIESW_2025-02-18_G23,10109473PRIESW,2025-02-18,110581,1,4,0,119.0
10109473PRIESW_2025-02-18_G24,10109473PRIESW,2025-02-18,118285,1,4,0,71.0
10109473PRIESW_2025-02-18_G25,10109473PRIESW,2025-02-18,110374,1,49,0,143.0
10109473PRIESW_2025-02-18_G26,10109473PRIESW,2025-02-18,107830,1,10,0,564.0
10109473PRIESW_2025-02-18_G27,10109473PRIESW,2025-02-18,117820,1,400,0,1083.0
10109473PRIESW_2025-02-18_G28,10109473PRIESW,2025-02-18,111468,1,67,0,1360.0
10109473PRIESW_2025-02-18_G29,10109473PRIESW,2025-02-18,111447,2,43,29,1084.0
10109473PRIESW_2025-02-18_G30,10109473PRIESW,2025-02-18,111430,1,34,0,118.0
10109473PRIESW_2025-02-18_G31,10109473PRIESW,2025-02-18,111437,1,1,0,1117.0
10109473PRIESW_2025-02-18_G32,10109473PRIESW,2025-02-18,107830,1,109,0,631.0
10109473PRIESW_2025-02-18_G33,10109473PRIESW,2025-02-18,111445,1,8,0,352.0
10109473PRIESW_2025-02-19_G02,10109473PRIESW,2025-02-19,114650,1,8,0,125.0
10109473PRIESW_2025-02-19_G03,10109473PRIESW,2025-02-19,115773,1,3,0,710.0
10109473PRIESW_2025-02-19_G04,10109473PRIESW,2025-02-19,114097,1,12,0,179.0
10109473PRIESW_2025-02-19_G05,10109473PRIESW,2025-02-19,118285,1,30,0,312.0
10109473PRIESW_2025-02-19_G06,10109473PRIESW,2025-02-19,118326,1,70,0,208.0
10109473PRIESW_2025-02-19_G07,10109473PRIESW,2025-02-19,118281,1,30,0,535.0
10109473PRIESW_2025-02-19_G08,10109473PRIESW,2025-02-19,118306,1,12,0,546.0
10109473PRIESW_2025-02-19_G09,10109473PRIESW,2025-02-19,110750,1,12,0,253.0
10109473PRIESW_2025-02-19_G10,10109473PRIESW,2025-02-19,110515,1,100,0,367.0
10109473PRIESW_2025-02-19_G11,10109473PRIESW,2025-02-19,110711,1,70,0,1218.0
10109473PRIESW_2025-02-19_G12,10109473PRIESW,2025-02-19,110711,1,30,0,346.0
10109473PRIESW_2025-02-19_G13,10109473PRIESW,2025-02-19,141047,1,12,0,415.0
10109473PRIESW_2025-02-19_G14,10109473PRIESW,2025-02-19,110743,1,6,0,316.0
10109473PRIESW_2025-02-19_G15,10109473PRIESW,2025-02-19,109645,3,32,30,171.0
10109473PRIESW_2025-02-19_G16,10109473PRIESW,2025-02-19,109645,1,18,0,78.0
10109473PRIESW_2025-02-19_G17,10109473PRIESW,2025-02-19,110745,1,2,0,692.0
10109473PRIESW_2025-02-19_G18,10109473PRIESW,2025-02-19,110745,1,10,0,85.0
10109473PRIESW_2025-02-19_G19,10109473PRIESW,2025-02-19,117841,1,1,0,81.0
10109473PRIESW_2025-02-19_G20,10109473PRIESW,2025-02-19,117841,1,11,0,101.0
10109473PRIESW_2025-02-19_G21,10109473PRIESW,2025-02-19,111433,1,12,0,271.0
10109473PRIESW_2025-02-19_G22,10109473PRIESW,2025-02-19,110373,1,50,0,502.0
10109473PRIESW_2025-02-19_G23,10109473PRIESW,2025-02-19,109643,1,40,0,266.0
10109473PRIESW_2025-02-19_G24,10109473PRIESW,2025-02-19,110376,1,30,0,945.0
10109473PRIESW_2025-02-19_G25,10109473PRIESW,2025-02-19,110376,1,30,0,46.0
10109473PRIESW_2025-02-19_G26,10109473PRIESW,2025-02-19,110743,1,44,0,1056.0
10109473PRIESW_2025-02-19_G28,10109473PRIESW,2025-02-19,111463,1,192,0,1158.0
10109473PRIESW_2025-02-19_G29,10109473PRIESW,2025-02-19,110745,1,26,0,211.0
10109473PRIESW_2025-02-20_G02,10109473PRIESW,2025-02-20,111438,1,8,0,255.0
10109473PRIESW_2025-02-20_G03,10109473PRIESW,2025-02-20,111569,1,4,0,735.0
10109473PRIESW_2025-02-20_G04,10109473PRIESW,2025-02-20,118306,1,4,0,104.0
10109473PRIESW_2025-02-20_G05,10109473PRIESW,2025-02-20,110313,1,28,0,119.0
10109473PRIESW_2025-02-20_G06,10109473PRIESW,2025-02-20,109640,1,25,0,1050.0
10109473PRIESW_2025-02-20_G07,10109473PRIESW,2025-02-20,111876,1,3,0,307.0
10109473PRIESW_2025-02-20_G08,10109473PRIESW,2025-02-20,105470,1,2,0,79.0
10109473PRIESW_2025-02-20_G09,10109473PRIESW,2025-02-20,110711,1,65,0,641.0
10109473PRIESW_2025-02-20_G10,10109473PRIESW,2025-02-20,110339,1,11,0,228.0
10109473PRIESW_2025-02-20_G11,10109473PRIESW,2025-02-20,111446,1,2,0,103.0
10109473PRIESW_2025-02-20_G12,10109473PRIESW,2025-02-20,111418,1,292,0,747.0
10109473PRIESW_2025-02-20_G13,10109473PRIESW,2025-02-20,107236,1,1,0,710.0
10109473PRIESW_2025-02-20_G14,10109473PRIESW,2025-02-20,110740,1,12,0,195.0
10109473PRIESW_2025-02-20_G15,10109473PRIESW,2025-02-20,117785,1,4,0,116.0
10109473PRIESW_2025-02-20_G16,10109473PRIESW,2025-02-20,110745,1,12,0,347.0
10109473PRIESW_2025-02-20_G17,10109473PRIESW,2025-02-20,110129,1,44,0,240.0
10109473PRIESW_2025-02-20_G18,10109473PRIESW,2025-02-20,108795,1,28,0,371.0
10109473PRIESW_2025-02-20_G19,10109473PRIESW,2025-02-20,115817,1,3,0,330.0
10109473PRIESW_2025-02-20_G20,10109473PRIESW,2025-02-20,111462,1,52,0,338.0
10109473PRIESW_2025-02-20_G21,10109473PRIESW,2025-02-20,117822,1,12,0,390.0
10109473PRIESW_2025-02-20_G22,10109473PRIESW,2025-02-20,110373,1,200,0,627.0
10109473PRIESW_2025-02-20_G23,10109473PRIESW,2025-02-20,109747,1,4,0,362.0
10109473PRIESW_2025-02-20_G24,10109473PRIESW,2025-02-20,107236,1,2,0,37.0
10109473PRIESW_2025-02-20_G25,10109473PRIESW,2025-02-20,110371,1,200,0,1896.0
10109473PRIESW_2025-02-20_G26,10109473PRIESW,2025-02-20,110372,1,300,0,717.0
10109473PRIESW_2025-02-20_G27,10109473PRIESW,2025-02-20,110373,1,200,0,229.0
10109473PRIESW_2025-02-20_G28,10109473PRIESW,2025-02-20,117820,1,58,0,411.0
10109473PRIESW_2025-02-20_G30,10109473PRIESW,2025-02-20,110895,1,40,0,34.0
10109473PRIESW_2025-02-20_G31,10109473PRIESW,2025-02-20,110755,1,8,0,871.0
10109473PRIESW_2025-02-20_G32,10109473PRIESW,2025-02-20,109647,1,4,0,223.0
10109473PRIESW_2025-02-20_G33,10109473PRIESW,2025-02-20,117786,1,5,0,286.0
10109473PRIESW_2025-02-20_G34,10109473PRIESW,2025-02-20,111467,1,43,0,244.0
10109473PRIESW_2025-02-20_G35,10109473PRIESW,2025-02-20,118317,1,4,0,834.0
10109473PRIESW_2025-02-20_G36,10109473PRIESW,2025-02-20,118004,1,30,0,435.0
10109473PRIESW_2025-02-20_G37,10109473PRIESW,2025-02-20,109641,1,7,0,400.0
10109473PRIESW_2025-02-20_G38,10109473PRIESW,2025-02-20,109649,1,4,0,122.0
10109473PRIESW_2025-02-20_G39,10109473PRIESW,2025-02-20,117329,1,4,0,157.0
10109473PRIESW_2025-02-20_G40,10109473PRIESW,2025-02-20,105705,1,6,0,161.0
10109473PRIESW_2025-02-20_G41,10109473PRIESW,2025-02-20,111469,2,80,22,133.0
10109473PRIESW_2025-02-20_G42,10109473PRIESW,2025-02-20,111462,1,35,0,405.0
10109473PRIESW_2025-02-20_G43,10109473PRIESW,2025-02-20,111465,1,20,0,492.0
10109473PRIESW_2025-02-20_G44,10109473PRIESW,2025-02-20,110373,1,50,0,458.0
10109473PRIESW_2025-02-20_G45,10109473PRIESW,2025-02-20,118281,1,4,0,138.0
10109473PRIESW_2025-02-20_G46,10109473PRIESW,2025-02-20,117840,1,15,0,244.0
10109473PRIESW_2025-02-21_G02,10109473PRIESW,2025-02-21,111850,1,5,0,380.0
10109473PRIESW_2025-02-21_G03,10109473PRIESW,2025-02-21,111438,1,28,0,259.0
10109473PRIESW_2025-02-21_G04,10109473PRIESW,2025-02-21,110755,1,6,0,314.0
10109473PRIESW_2025-02-21_G05,10109473PRIESW,2025-02-21,111441,1,30,0,431.0
10109473PRIESW_2025-02-21_G06,10109473PRIESW,2025-02-21,110325,1,2,0,747.0
10109473PRIESW_2025-02-21_G07,10109473PRIESW,2025-02-21,117808,1,300,0,708.0
10109473PRIESW_2025-02-21_G08,10109473PRIESW,2025-02-21,110313,1,4,0,1004.0
10109473PRIESW_2025-02-21_G09,10109473PRIESW,2025-02-21,118403,1,10,0,109.0
10109473PRIESW_2025-02-21_G10,10109473PRIESW,2025-02-21,110711,1,10,0,182.0
10109473PRIESW_2025-02-21_G11,10109473PRIESW,2025-02-21,110755,1,3,0,62.0
10109473PRIESW_2025-02-21_G12,10109473PRIESW,2025-02-21,106865,1,4,0,218.0
10109473PRIESW_2025-02-21_G13,10109473PRIESW,2025-02-21,107254,1,8,0,146.0
10109473PRIESW_2025-02-21_G14,10109473PRIESW,2025-02-21,110578,1,4,0,205.0
10109473PRIESW_2025-02-21_G15,10109473PRIESW,2025-02-21,111418,1,20,0,323.0
10109473PRIESW_2025-02-21_G16,10109473PRIESW,2025-02-21,107236,1,9,0,76.0
10109473PRIESW_2025-02-21_G17,10109473PRIESW,2025-02-21,111468,1,10,0,106.0
10109473PRIESW_2025-02-21_G18,10109473PRIESW,2025-02-21,110740,1,8,0,347.0
10109473PRIESW_2025-02-21_G19,10109473PRIESW,2025-02-21,109645,1,4,0,108.0
10109473PRIESW_2025-02-21_G20,10109473PRIESW,2025-02-21,108798,1,11,0,107.0
10109473PRIESW_2025-02-21_G21,10109473PRIESW,2025-02-21,111462,1,10,0,702.0
10109473PRIESW_2025-02-21_G22,10109473PRIESW,2025-02-21,117820,1,50,0,59.0
10109473PRIESW_2025-02-21_G23,10109473PRIESW,2025-02-21,110374,1,10,0,674.0
10109473PRIESW_2025-02-21_G24,10109473PRIESW,2025-02-21,107830,1,10,0,264.0
10109473PRIESW_2025-02-22_G02,10109473PRIESW,2025-02-22,111753,1,414,0,1659.0
10109473PRIESW_2025-02-22_G04,10109473PRIESW,2025-02-22,110755,1,12,0,696.0
10109473PRIESW_2025-02-22_G05,10109473PRIESW,2025-02-22,117855,1,4,0,78.0
10109473PRIESW_2025-02-22_G06,10109473PRIESW,2025-02-22,108794,1,3,0,127.0
10109473PRIESW_2025-02-22_G07,10109473PRIESW,2025-02-22,111463,1,6,0,125.0
10109473PRIESW_2025-02-22_G08,10109473PRIESW,2025-02-22,111469,1,2,0,79.0
10109473PRIESW_2025-02-22_G09,10109473PRIESW,2025-02-22,118299,1,4,0,120.0
10109473PRIESW_2025-02-22_G10,10109473PRIESW,2025-02-22,117808,1,22,0,110.0
10109473PRIESW_2025-02-22_G11,10109473PRIESW,2025-02-22,117861,1,4,0,335.0
10109473PRIESW_2025-02-22_G12,10109473PRIESW,2025-02-22,118298,1,2,0,148.0
10109473PRIESW_2025-02-22_G13,10109473PRIESW,2025-02-22,111418,1,8,0,138.0
10109473PRIESW_2025-02-22_G14,10109473PRIESW,2025-02-22,"111466, 111469",2,18,25,305.0
10109473PRIESW_2025-02-22_G15,10109473PRIESW,2025-02-22,111462,1,8,0,65.0
10109473PRIESW_2025-02-22_G16,10109473PRIESW,2025-02-22,117822,1,4,0,206.0
10109473PRIESW_2025-02-22_G17,10109473PRIESW,2025-02-22,110373,1,10,0,116.0
10109473PRIESW_2025-02-22_G18,10109473PRIESW,2025-02-22,110325,1,4,0,63.0
10109473PRIESW_2025-02-22_G19,10109473PRIESW,2025-02-22,110374,1,8,0,94.0
10109473PRIESW_2025-02-22_G20,10109473PRIESW,2025-02-22,117832,1,4,0,80.0
10109473PRIESW_2025-02-22_G21,10109473PRIESW,2025-02-22,110755,1,2,0,237.0
10109473PRIESW_2025-02-22_G22,10109473PRIESW,2025-02-22,111441,1,16,0,113.0
10109473PRIESW_2025-02-22_G23,10109473PRIESW,2025-02-22,141047,1,2,0,285.0
10109473PRIESW_2025-02-22_G24,10109473PRIESW,2025-02-22,111418,1,2,0,118.0
10109473PRIESW_2025-02-22_G25,10109473PRIESW,2025-02-22,111532,1,6,0,37.0
10109473PRIESW_2025-02-22_G26,10109473PRIESW,2025-02-22,118140,1,5,0,108.0
10109473PRIESW_2025-02-22_G27,10109473PRIESW,2025-02-22,117821,1,3,0,93.0
10109473PRIESW_2025-02-22_G28,10109473PRIESW,2025-02-22,"111466, 111462",2,11,16,69.0
10109473PRIESW_2025-02-22_G29,10109473PRIESW,2025-02-22,110372,1,12,0,228.0
10109473PRIESW_2025-02-22_G30,10109473PRIESW,2025-02-22,110373,1,6,0,44.0
10109473PRIESW_2025-02-22_G31,10109473PRIESW,2025-02-22,118299,1,5,0,120.0
10109473PRIESW_2025-02-22_G32,10109473PRIESW,2025-02-22,117832,1,1,0,53.0
10109473PRIESW_2025-02-22_G33,10109473PRIESW,2025-02-22,117808,1,3,0,142.0
10109473PRIESW_2025-02-22_G34,10109473PRIESW,2025-02-22,117820,1,1,0,100.0
10109473PRIESW_2025-02-22_G35,10109473PRIESW,2025-02-22,117831,1,4,0,277.0
10109473PRIESW_2025-02-22_G36,10109473PRIESW,2025-02-22,110755,2,17,13,375.0
10109473PRIESW_2025-02-22_G37,10109473PRIESW,2025-02-22,141047,1,2,0,314.0
10109473PRIESW_2025-02-22_G38,10109473PRIESW,2025-02-22,111418,1,4,0,84.0
10109473PRIESW_2025-02-22_G39,10109473PRIESW,2025-02-22,117831,1,24,0,110.0
10109473PRIESW_2025-02-22_G40,10109473PRIESW,2025-02-22,"117821, 111466",2,8,11,234.0
10109473PRIESW_2025-02-22_G41,10109473PRIESW,2025-02-22,110371,1,2,0,128.0
10109473PRIESW_2025-02-22_G42,10109473PRIESW,2025-02-22,110373,1,1,0,82.0
10109473PRIESW_2025-02-22_G43,10109473PRIESW,2025-02-22,110374,1,1,0,45.0
10109473PRIESW_2025-02-22_G44,10109473PRIESW,2025-02-22,117808,1,3,0,115.0
10109473PRIESW_2025-02-22_G45,10109473PRIESW,2025-02-22,117820,1,2,0,98.0
10109473PRIESW_2025-02-22_G47,10109473PRIESW,2025-02-22,118140,1,5,0,136.0
10109473PRIESW_2025-02-22_G48,10109473PRIESW,2025-02-22,117821,1,1,0,62.0
10109473PRIESW_2025-02-22_G49,10109473PRIESW,2025-02-22,111466,1,1,0,36.0
10109473PRIESW_2025-02-22_G50,10109473PRIESW,2025-02-22,"111469, 111462",2,8,17,36.0
10109473PRIESW_2025-02-22_G51,10109473PRIESW,2025-02-22,110755,1,4,0,540.0
10109473PRIESW_2025-02-22_G52,10109473PRIESW,2025-02-22,110755,1,10,0,108.0
10109473PRIESW_2025-02-22_G53,10109473PRIESW,2025-02-22,110371,1,2,0,364.0
10109473PRIESW_2025-02-22_G54,10109473PRIESW,2025-02-22,110372,1,3,0,126.0
10109473PRIESW_2025-02-22_G55,10109473PRIESW,2025-02-22,117808,1,1,0,83.0
10109473PRIESW_2025-02-22_G56,10109473PRIESW,2025-02-22,118222,1,6,0,145.0
10109473PRIESW_2025-02-22_G57,10109473PRIESW,2025-02-22,118140,1,3,0,265.0
10109473PRIESW_2025-02-22_G58,10109473PRIESW,2025-02-22,111469,1,10,0,161.0
10109473PRIESW_2025-02-22_G59,10109473PRIESW,2025-02-22,111462,1,4,0,39.0
10109473PRIESW_2025-02-22_G60,10109473PRIESW,2025-02-22,110325,1,5,0,80.0
10109473PRIESW_2025-02-22_G61,10109473PRIESW,2025-02-22,110374,1,5,0,211.0
10109473PRIESW_2025-02-22_G62,10109473PRIESW,2025-02-22,110371,1,6,0,336.0
10109473PRIESW_2025-02-22_G63,10109473PRIESW,2025-02-22,110372,1,9,0,126.0
10109473PRIESW_2025-02-22_G64,10109473PRIESW,2025-02-22,110373,1,10,0,41.0
10109473PRIESW_2025-02-22_G65,10109473PRIESW,2025-02-22,117808,1,31,0,182.0
10109473PRIESW_2025-02-22_G66,10109473PRIESW,2025-02-22,117820,1,4,0,242.0
10109473PRIESW_2025-02-22_G67,10109473PRIESW,2025-02-22,118290,1,12,0,964.0
10109473PRIESW_2025-02-22_G68,10109473PRIESW,2025-02-22,110515,1,50,0,204.0
10109473PRIESW_2025-02-22_G69,10109473PRIESW,2025-02-22,108794,1,58,0,684.0
10109473PRIESW_2025-02-22_G70,10109473PRIESW,2025-02-22,111443,2,12,10,824.0
10109473PRIESW_2025-02-22_G71,10109473PRIESW,2025-02-22,140922,1,88,0,353.0
10109473PRIESW_2025-02-24_G02,10109473PRIESW,2025-02-24,111469,1,2,0,137.0
10109473PRIESW_2025-02-24_G03,10109473PRIESW,2025-02-24,111532,1,12,0,289.0
10109473PRIESW_2025-02-24_G04,10109473PRIESW,2025-02-24,110373,1,10,0,421.0
10109473PRIESW_2025-02-24_G05,10109473PRIESW,2025-02-24,108794,1,4,0,135.0
10109473PRIESW_2025-02-24_G06,10109473PRIESW,2025-02-24,111463,1,1,0,111.0
10109473PRIESW_2025-02-24_G07,10109473PRIESW,2025-02-24,108794,1,8,0,316.0
10109473PRIESW_2025-02-24_G08,10109473PRIESW,2025-02-24,108794,1,11,0,277.0
10109473PRIESW_2025-02-24_G09,10109473PRIESW,2025-02-24,118140,1,4,0,139.0
10109473PRIESW_2025-02-24_G10,10109473PRIESW,2025-02-24,108794,1,2,0,153.0
10109473PRIESW_2025-02-24_G11,10109473PRIESW,2025-02-24,111463,1,1,0,80.0
10109473PRIESW_2025-02-24_G12,10109473PRIESW,2025-02-24,118140,1,4,0,118.0
10109473PRIESW_2025-02-24_G13,10109473PRIESW,2025-02-24,110372,1,5,0,294.0
10109473PRIESW_2025-02-24_G14,10109473PRIESW,2025-02-24,118299,1,4,0,70.0
10109473PRIESW_2025-02-24_G15,10109473PRIESW,2025-02-24,110374,1,2,0,56.0
10109473PRIESW_2025-02-24_G16,10109473PRIESW,2025-02-24,110375,1,6,0,125.0
10109473PRIESW_2025-02-24_G17,10109473PRIESW,2025-02-24,108794,1,7,0,161.0
10109473PRIESW_2025-02-24_G18,10109473PRIESW,2025-02-24,117838,1,8,0,115.0
10109473PRIESW_2025-02-24_G19,10109473PRIESW,2025-02-24,110743,1,4,0,250.0
10109473PRIESW_2025-02-24_G20,10109473PRIESW,2025-02-24,111348,1,2,0,113.0
10109473PRIESW_2025-02-24_G21,10109473PRIESW,2025-02-24,111463,1,25,0,407.0
10109473PRIESW_2025-02-24_G22,10109473PRIESW,2025-02-24,118140,1,8,0,152.0
10109473PRIESW_2025-02-24_G23,10109473PRIESW,2025-02-24,111466,1,8,0,197.0
10109473PRIESW_2025-02-24_G24,10109473PRIESW,2025-02-24,117837,1,4,0,473.0
10109473PRIESW_2025-02-24_G25,10109473PRIESW,2025-02-24,110753,1,2,0,285.0
10109473PRIESW_2025-02-24_G26,10109473PRIESW,2025-02-24,111602,1,12,0,657.0
10109473PRIESW_2025-02-24_G27,10109473PRIESW,2025-02-24,105470,1,1,0,80.0
10109473PRIESW_2025-02-24_G28,10109473PRIESW,2025-02-24,111530,1,2,0,124.0
10109473PRIESW_2025-02-24_G29,10109473PRIESW,2025-02-24,118222,1,8,0,413.0
10109473PRIESW_2025-02-24_G30,10109473PRIESW,2025-02-24,110841,1,3,0,83.0
10109473PRIESW_2025-02-24_G31,10109473PRIESW,2025-02-24,110895,1,8,0,310.0
10109473PRIESW_2025-02-24_G32,10109473PRIESW,2025-02-24,111348,1,4,0,497.0
10109473PRIESW_2025-02-24_G33,10109473PRIESW,2025-02-24,108794,1,4,0,584.0
10109473PRIESW_2025-02-24_G34,10109473PRIESW,2025-02-24,111463,1,8,0,155.0
10109473PRIESW_2025-02-24_G35,10109473PRIESW,2025-02-24,111463,1,8,0,99.0
10109473PRIESW_2025-02-24_G36,10109473PRIESW,2025-02-24,108794,1,1,0,125.0
10109473PRIESW_2025-02-24_G37,10109473PRIESW,2025-02-24,108794,1,5,0,59.0
10109473PRIESW_2025-02-24_G38,10109473PRIESW,2025-02-24,111463,1,5,0,170.0
10109473PRIESW_2025-02-24_G39,10109473PRIESW,2025-02-24,117837,1,3,0,489.0
10109473PRIESW_2025-02-24_G40,10109473PRIESW,2025-02-24,117837,1,4,0,96.0
10109473PRIESW_2025-02-24_G41,10109473PRIESW,2025-02-24,117837,1,25,0,573.0
10109473PRIESW_2025-02-24_G42,10109473PRIESW,2025-02-24,110753,1,7,0,513.0
10109473PRIESW_2025-02-24_G43,10109473PRIESW,2025-02-24,111463,1,2,0,237.0
10109473PRIESW_2025-02-24_G44,10109473PRIESW,2025-02-24,108794,1,4,0,148.0
10109473PRIESW_2025-02-24_G45,10109473PRIESW,2025-02-24,108794,1,4,0,112.0
10109473PRIESW_2025-02-24_G46,10109473PRIESW,2025-02-24,108794,1,4,0,47.0
10109473PRIESW_2025-02-24_G47,10109473PRIESW,2025-02-24,111463,1,3,0,397.0
10109473PRIESW_2025-02-24_G48,10109473PRIESW,2025-02-24,108794,1,77,0,330.0
10109473PRIESW_2025-02-24_G49,10109473PRIESW,2025-02-24,108794,1,43,0,611.0
10109473PRIESW_2025-02-24_G50,10109473PRIESW,2025-02-24,111463,1,12,0,225.0
10109473PRIESW_2025-02-24_G51,10109473PRIESW,2025-02-24,108794,2,4,6,183.0
10109473PRIESW_2025-02-24_G52,10109473PRIESW,2025-02-24,110755,1,4,0,368.0
10109473PRIESW_2025-02-24_G53,10109473PRIESW,2025-02-24,108794,1,6,0,141.0
10109473PRIESW_2025-02-24_G54,10109473PRIESW,2025-02-24,117935,1,3,0,186.0
10109473PRIESW_2025-02-24_G56,10109473PRIESW,2025-02-24,111465,1,3,0,69.0
10109473PRIESW_2025-02-24_G57,10109473PRIESW,2025-02-24,110755,1,10,0,298.0
10109473PRIESW_2025-02-24_G58,10109473PRIESW,2025-02-24,117834,1,4,0,183.0
10109473PRIESW_2025-02-24_G59,10109473PRIESW,2025-02-24,117837,1,4,0,270.0
10109473PRIESW_2025-02-24_G60,10109473PRIESW,2025-02-24,111463,1,7,0,267.0
10109473PRIESW_2025-02-24_G61,10109473PRIESW,2025-02-24,110740,1,4,0,156.0
10109473PRIESW_2025-02-24_G62,10109473PRIESW,2025-02-24,111469,1,31,0,417.0
10109473PRIESW_2025-02-24_G63,10109473PRIESW,2025-02-24,111439,2,18,11,668.0
10109473PRIESW_2025-02-24_G64,10109473PRIESW,2025-02-24,107236,1,2,0,603.0
10109473PRIESW_2025-02-24_G65,10109473PRIESW,2025-02-24,111466,1,4,0,99.0
10109473PRIESW_2025-02-24_G66,10109473PRIESW,2025-02-24,111469,1,12,0,113.0
10109473PRIESW_2025-02-24_G67,10109473PRIESW,2025-02-24,111463,1,17,0,304.0
10109473PRIESW_2025-02-24_G68,10109473PRIESW,2025-02-24,117785,1,6,0,125.0
10109473PRIESW_2025-02-24_G69,10109473PRIESW,2025-02-24,110339,1,4,0,111.0
10109473PRIESW_2025-02-25_G02,10109473PRIESW,2025-02-25,111463,1,13,0,407.0
10109473PRIESW_2025-02-25_G03,10109473PRIESW,2025-02-25,110745,1,9,0,651.0
10109473PRIESW_2025-02-25_G04,10109473PRIESW,2025-02-25,117830,1,1,0,105.0
10109473PRIESW_2025-02-25_G05,10109473PRIESW,2025-02-25,118403,1,8,0,1634.0
10109473PRIESW_2025-02-25_G06,10109473PRIESW,2025-02-25,117856,1,10,0,303.0
10109473PRIESW_2025-02-25_G07,10109473PRIESW,2025-02-25,111530,1,4,0,125.0
10109473PRIESW_2025-02-25_G08,10109473PRIESW,2025-02-25,111530,2,32,21,59.0
10109473PRIESW_2025-02-25_G09,10109473PRIESW,2025-02-25,111172,1,11,0,735.0
10109473PRIESW_2025-02-25_G10,10109473PRIESW,2025-02-25,110755,1,5,0,382.0
10109473PRIESW_2025-02-25_G11,10109473PRIESW,2025-02-25,117834,1,4,0,364.0
10109473PRIESW_2025-02-25_G12,10109473PRIESW,2025-02-25,111444,1,1,0,83.0
10109473PRIESW_2025-02-25_G13,10109473PRIESW,2025-02-25,116241,1,4,0,119.0
10109473PRIESW_2025-02-25_G14,10109473PRIESW,2025-02-25,117787,1,1,0,81.0
10109473PRIESW_2025-02-25_G15,10109473PRIESW,2025-02-25,111532,1,23,0,51.0
10109473PRIESW_2025-02-25_G16,10109473PRIESW,2025-02-25,111172,1,2,0,479.0
10109473PRIESW_2025-02-25_G17,10109473PRIESW,2025-02-25,108794,1,3,0,118.0
10109473PRIESW_2025-02-25_G18,10109473PRIESW,2025-02-25,111466,1,5,0,71.0
10109473PRIESW_2025-02-25_G19,10109473PRIESW,2025-02-25,117838,1,61,0,1499.0
10109473PRIESW_2025-02-25_G20,10109473PRIESW,2025-02-25,111443,1,20,0,347.0
10109473PRIESW_2025-02-25_G21,10109473PRIESW,2025-02-25,111348,1,29,0,105.0
10109473PRIESW_2025-02-25_G22,10109473PRIESW,2025-02-25,118285,1,15,0,533.0
10109473PRIESW_2025-02-25_G23,10109473PRIESW,2025-02-25,117787,1,100,0,630.0
10109473PRIESW_2025-02-25_G24,10109473PRIESW,2025-02-25,111182,1,13,0,34.0
10109473PRIESW_2025-02-25_G25,10109473PRIESW,2025-02-25,111532,1,100,0,746.0
10109473PRIESW_2025-02-25_G26,10109473PRIESW,2025-02-25,140922,1,20,0,52.0
10109473PRIESW_2025-02-25_G27,10109473PRIESW,2025-02-25,111468,1,20,0,323.0
10109473PRIESW_2025-02-25_G28,10109473PRIESW,2025-02-25,118326,1,21,0,336.0
10109473PRIESW_2025-02-25_G29,10109473PRIESW,2025-02-25,109645,1,24,0,547.0
10109473PRIESW_2025-02-25_G31,10109473PRIESW,2025-02-25,100334,1,15,0,51.0
10109473PRIESW_2025-02-25_G32,10109473PRIESW,2025-02-25,103149,1,2,0,209.0
10109473PRIESW_2025-02-25_G33,10109473PRIESW,2025-02-25,118251,1,14,0,239.0
10109473PRIESW_2025-02-25_G34,10109473PRIESW,2025-02-25,103148,1,1,0,597.0
10109473PRIESW_2025-02-25_G35,10109473PRIESW,2025-02-25,111110,1,1,0,47.0
10109473PRIESW_2025-02-25_G36,10109473PRIESW,2025-02-25,118311,1,8,0,216.0
10109473PRIESW_2025-02-25_G37,10109473PRIESW,2025-02-25,110064,1,6,0,100.0
10109473PRIESW_2025-02-25_G38,10109473PRIESW,2025-02-25,110310,1,2,0,74.0
10109473PRIESW_2025-02-25_G39,10109473PRIESW,2025-02-25,110681,1,2,0,114.0
10109473PRIESW_2025-02-25_G40,10109473PRIESW,2025-02-25,117834,1,100,0,585.0
10109473PRIESW_2025-02-25_G41,10109473PRIESW,2025-02-25,111879,1,2,0,489.0
10109473PRIESW_2025-02-25_G42,10109473PRIESW,2025-02-25,110753,1,17,0,221.0
10109473PRIESW_2025-02-25_G43,10109473PRIESW,2025-02-25,111598,1,52,0,1045.0
10109473PRIESW_2025-02-25_G44,10109473PRIESW,2025-02-25,140922,1,30,0,286.0
10109473PRIESW_2025-02-25_G45,10109473PRIESW,2025-02-25,140922,1,300,0,839.0
10109473PRIESW_2025-02-25_G46,10109473PRIESW,2025-02-25,111743,1,49,0,384.0
10109473PRIESW_2025-02-25_G47,10109473PRIESW,2025-02-25,110373,1,470,0,1846.0
10109473PRIESW_2025-02-25_G48,10109473PRIESW,2025-02-25,109747,1,67,0,436.0
10109473PRIESW_2025-02-25_G49,10109473PRIESW,2025-02-25,109747,1,113,0,42.0
10109473PRIESW_2025-02-25_G50,10109473PRIESW,2025-02-25,107892,1,100,0,2417.0
10109473PRIESW_2025-02-25_G51,10109473PRIESW,2025-02-25,110747,1,16,0,257.0
10109473PRIESW_2025-02-25_G52,10109473PRIESW,2025-02-25,117833,1,160,0,791.0
10109473PRIESW_2025-02-25_G53,10109473PRIESW,2025-02-25,160055,1,4,0,186.0
10109473PRIESW_2025-02-26_G02,10109473PRIESW,2025-02-26,111348,1,4,0,210.0
10109473PRIESW_2025-02-26_G03,10109473PRIESW,2025-02-26,111466,1,20,0,371.0
10109473PRIESW_2025-02-26_G04,10109473PRIESW,2025-02-26,117830,1,6,0,1013.0
10109473PRIESW_2025-02-26_G05,10109473PRIESW,2025-02-26,110747,1,6,0,815.0
10109473PRIESW_2025-02-26_G06,10109473PRIESW,2025-02-26,110733,1,8,0,193.0
10109473PRIESW_2025-02-26_G07,10109473PRIESW,2025-02-26,111530,1,4,0,97.0
10109473PRIESW_2025-02-26_G08,10109473PRIESW,2025-02-26,107892,1,1,0,232.0
10109473PRIESW_2025-02-26_G09,10109473PRIESW,2025-02-26,110733,1,4,0,167.0
10109473PRIESW_2025-02-26_G10,10109473PRIESW,2025-02-26,110733,1,2,0,71.0
10109473PRIESW_2025-02-26_G11,10109473PRIESW,2025-02-26,110733,1,11,0,192.0
10109473PRIESW_2025-02-26_G12,10109473PRIESW,2025-02-26,111530,1,3,0,259.0
10109473PRIESW_2025-02-26_G13,10109473PRIESW,2025-02-26,110733,1,12,0,311.0
10109473PRIESW_2025-02-26_G14,10109473PRIESW,2025-02-26,111530,1,6,0,131.0
10109473PRIESW_2025-02-26_G15,10109473PRIESW,2025-02-26,110733,1,8,0,173.0
10109473PRIESW_2025-02-26_G16,10109473PRIESW,2025-02-26,108794,1,8,0,439.0
10109473PRIESW_2025-02-26_G17,10109473PRIESW,2025-02-26,107892,1,1,0,195.0
10109473PRIESW_2025-02-26_G18,10109473PRIESW,2025-02-26,116241,1,4,0,403.0
10109473PRIESW_2025-02-26_G19,10109473PRIESW,2025-02-26,110733,1,2,0,165.0
10109473PRIESW_2025-02-26_G20,10109473PRIESW,2025-02-26,110733,1,3,0,63.0
10109473PRIESW_2025-02-26_G21,10109473PRIESW,2025-02-26,110747,1,4,0,813.0
10109473PRIESW_2025-02-26_G22,10109473PRIESW,2025-02-26,107892,1,3,0,114.0
10109473PRIESW_2025-02-26_G23,10109473PRIESW,2025-02-26,111530,1,2,0,184.0
10109473PRIESW_2025-02-26_G24,10109473PRIESW,2025-02-26,117830,1,3,0,98.0
10109473PRIESW_2025-02-26_G25,10109473PRIESW,2025-02-26,110747,1,2,0,102.0
10109473PRIESW_2025-02-26_G26,10109473PRIESW,2025-02-26,107892,1,1,0,58.0
10109473PRIESW_2025-02-26_G27,10109473PRIESW,2025-02-26,110747,1,1,0,299.0
10109473PRIESW_2025-02-26_G28,10109473PRIESW,2025-02-26,111469,1,24,0,342.0
10109473PRIESW_2025-02-26_G29,10109473PRIESW,2025-02-26,110742,1,4,0,954.0
10109473PRIESW_2025-02-26_G30,10109473PRIESW,2025-02-26,111438,1,8,0,586.0
10109473PRIESW_2025-02-26_G31,10109473PRIESW,2025-02-26,118222,1,26,0,322.0
10109473PRIESW_2025-02-26_G32,10109473PRIESW,2025-02-26,117834,1,4,0,223.0
10109473PRIESW_2025-02-26_G33,10109473PRIESW,2025-02-26,118306,1,2,0,174.0
10109473PRIESW_2025-02-26_G34,10109473PRIESW,2025-02-26,111441,1,4,0,152.0
10109473PRIESW_2025-02-26_G35,10109473PRIESW,2025-02-26,111441,2,8,16,40.0
10109473PRIESW_2025-02-26_G36,10109473PRIESW,2025-02-26,118290,3,8,14,681.0
10109473PRIESW_2025-02-26_G37,10109473PRIESW,2025-02-26,111439,1,16,0,319.0
10109473PRIESW_2025-02-26_G38,10109473PRIESW,2025-02-26,141047,1,4,0,353.0
10109473PRIESW_2025-02-26_G39,10109473PRIESW,2025-02-26,107629,1,2,0,60.0
10109473PRIESW_2025-02-26_G40,10109473PRIESW,2025-02-26,111463,1,2,0,134.0
10109473PRIESW_2025-02-26_G41,10109473PRIESW,2025-02-26,111463,1,205,0,632.0
10109473PRIESW_2025-02-26_G42,10109473PRIESW,2025-02-26,107236,1,4,0,280.0
10109473PRIESW_2025-02-26_G43,10109473PRIESW,2025-02-26,140922,2,9,7,307.0
10109473PRIESW_2025-02-26_G44,10109473PRIESW,2025-02-26,110745,2,6,7,78.0
10109473PRIESW_2025-02-26_G45,10109473PRIESW,2025-02-26,118223,1,4,0,69.0
10109473PRIESW_2025-02-26_G46,10109473PRIESW,2025-02-26,118140,1,2,0,126.0
10109473PRIESW_2025-02-26_G47,10109473PRIESW,2025-02-26,108794,2,44,16,211.0
10109473PRIESW_2025-02-26_G48,10109473PRIESW,2025-02-26,111466,1,1,0,250.0
10109473PRIESW_2025-02-26_G49,10109473PRIESW,2025-02-26,111469,1,9,0,43.0
10109473PRIESW_2025-02-26_G50,10109473PRIESW,2025-02-26,111465,1,2,0,76.0
10109473PRIESW_2025-02-26_G51,10109473PRIESW,2025-02-26,111463,1,45,0,238.0
10109473PRIESW_2025-02-26_G52,10109473PRIESW,2025-02-26,110373,1,2,0,337.0
10109473PRIESW_2025-02-26_G53,10109473PRIESW,2025-02-26,109747,1,4,0,94.0
10109473PRIESW_2025-02-26_G54,10109473PRIESW,2025-02-26,117809,1,8,0,116.0
10109473PRIESW_2025-02-26_G55,10109473PRIESW,2025-02-26,"117820, 110372",2,18,14,34.0
10109473PRIESW_2025-02-26_G57,10109473PRIESW,2025-02-26,111439,1,2,0,168.0
10109473PRIESW_2025-02-26_G58,10109473PRIESW,2025-02-26,111348,1,3,0,277.0
10109473PRIESW_2025-02-26_G59,10109473PRIESW,2025-02-26,111463,1,4,0,102.0
10109473PRIESW_2025-02-26_G60,10109473PRIESW,2025-02-26,111463,1,4,0,98.0
10109473PRIESW_2025-02-26_G61,10109473PRIESW,2025-02-26,118140,1,4,0,194.0
10109473PRIESW_2025-02-26_G62,10109473PRIESW,2025-02-26,110372,1,4,0,125.0
10109473PRIESW_2025-02-26_G63,10109473PRIESW,2025-02-26,117830,1,4,0,363.0
10109473PRIESW_2025-02-26_G64,10109473PRIESW,2025-02-26,111463,1,7,0,147.0
10109473PRIESW_2025-02-26_G65,10109473PRIESW,2025-02-26,110747,1,6,0,272.0
10109473PRIESW_2025-02-26_G66,10109473PRIESW,2025-02-26,110745,1,12,0,619.0
10109473PRIESW_2025-02-26_G67,10109473PRIESW,2025-02-26,111348,1,2,0,215.0
10109473PRIESW_2025-02-26_G68,10109473PRIESW,2025-02-26,110313,1,2,0,289.0
10109473PRIESW_2025-02-26_G69,10109473PRIESW,2025-02-26,111602,1,7,0,112.0
10109473PRIESW_2025-02-26_G70,10109473PRIESW,2025-02-26,118290,1,10,0,161.0
10109473PRIESW_2025-02-26_G71,10109473PRIESW,2025-02-26,110733,1,5,0,1269.0
10109473PRIESW_2025-02-26_G72,10109473PRIESW,2025-02-26,110747,1,4,0,346.0
10109473PRIESW_2025-02-26_G73,10109473PRIESW,2025-02-26,110747,1,2,0,283.0
10109473PRIESW_2025-02-26_G74,10109473PRIESW,2025-02-26,107892,1,2,0,98.0
10109473PRIESW_2025-02-26_G75,10109473PRIESW,2025-02-26,117830,1,29,0,261.0
10109473PRIESW_2025-02-26_G76,10109473PRIESW,2025-02-26,107892,1,1,0,436.0
10109473PRIESW_2025-02-26_G77,10109473PRIESW,2025-02-26,110733,1,2,0,100.0
10109473PRIESW_2025-02-26_G78,10109473PRIESW,2025-02-26,110733,1,3,0,112.0
10109473PRIESW_2025-02-26_G79,10109473PRIESW,2025-02-26,110733,1,10,0,298.0
10109473PRIESW_2025-02-26_G80,10109473PRIESW,2025-02-26,117831,1,2,0,129.0
10109473PRIESW_2025-02-26_G81,10109473PRIESW,2025-02-26,110372,1,27,0,128.0
10109473PRIESW_2025-02-26_G82,10109473PRIESW,2025-02-26,110747,1,2,0,213.0
10109473PRIESW_2025-02-26_G83,10109473PRIESW,2025-02-26,140911,1,6,0,244.0
10109473PRIESW_2025-02-26_G84,10109473PRIESW,2025-02-26,110733,1,1,0,507.0
10109473PRIESW_2025-02-26_G85,10109473PRIESW,2025-02-26,110733,1,4,0,203.0
10109473PRIESW_2025-02-26_G86,10109473PRIESW,2025-02-26,110733,1,4,0,99.0
10109473PRIESW_2025-02-26_G87,10109473PRIESW,2025-02-26,107892,1,4,0,145.0
10109473PRIESW_2025-02-26_G88,10109473PRIESW,2025-02-26,107892,1,4,0,114.0
10109473PRIESW_2025-02-26_G89,10109473PRIESW,2025-02-26,110733,1,14,0,361.0
10109473PRIESW_2025-02-26_G90,10109473PRIESW,2025-02-26,110747,1,4,0,189.0
10109473PRIESW_2025-02-26_G91,10109473PRIESW,2025-02-26,110733,2,4,6,71.0
10109473PRIESW_2025-02-27_G02,10109473PRIESW,2025-02-27,111463,1,2,0,510.0
10109473PRIESW_2025-02-27_G03,10109473PRIESW,2025-02-27,111463,1,10,0,69.0
10109473PRIESW_2025-02-27_G04,10109473PRIESW,2025-02-27,111532,1,20,0,78.0
10109473PRIESW_2025-02-27_G05,10109473PRIESW,2025-02-27,109641,1,8,0,365.0
10109473PRIESW_2025-02-27_G06,10109473PRIESW,2025-02-27,118317,2,8,6,269.0
10109473PRIESW_2025-02-27_G07,10109473PRIESW,2025-02-27,110740,1,5,0,152.0
10109473PRIESW_2025-02-27_G08,10109473PRIESW,2025-02-27,118140,1,20,0,453.0
10109473PRIESW_2025-02-27_G09,10109473PRIESW,2025-02-27,108794,1,10,0,167.0
10109473PRIESW_2025-02-27_G10,10109473PRIESW,2025-02-27,108794,1,2,0,35.0
10109473PRIESW_2025-02-27_G11,10109473PRIESW,2025-02-27,111469,1,20,0,417.0
10109473PRIESW_2025-02-27_G12,10109473PRIESW,2025-02-27,111469,1,4,0,359.0
10109473PRIESW_2025-02-27_G13,10109473PRIESW,2025-02-27,118299,1,4,0,142.0
10109473PRIESW_2025-02-27_G14,10109473PRIESW,2025-02-27,117830,1,30,0,199.0
10109473PRIESW_2025-02-27_G15,10109473PRIESW,2025-02-27,110373,1,20,0,430.0
10109473PRIESW_2025-02-27_G16,10109473PRIESW,2025-02-27,111569,1,20,0,319.0
10109473PRIESW_2025-02-27_G17,10109473PRIESW,2025-02-27,118299,1,40,0,212.0
10109473PRIESW_2025-02-27_G18,10109473PRIESW,2025-02-27,110373,1,30,0,535.0
10109473PRIESW_2025-02-27_G19,10109473PRIESW,2025-02-27,109647,1,6,0,486.0
10109473PRIESW_2025-02-27_G20,10109473PRIESW,2025-02-27,111463,1,12,0,155.0
10109473PRIESW_2025-02-27_G21,10109473PRIESW,2025-02-27,105705,1,2,0,147.0
10109473PRIESW_2025-02-27_G22,10109473PRIESW,2025-02-27,108794,2,24,9,328.0
10109473PRIESW_2025-02-27_G23,10109473PRIESW,2025-02-27,117830,1,35,0,880.0
10109473PRIESW_2025-02-27_G24,10109473PRIESW,2025-02-27,140922,1,2,0,400.0
10109473PRIESW_2025-02-27_G25,10109473PRIESW,2025-02-27,117855,1,12,0,738.0
10109473PRIESW_2025-02-27_G26,10109473PRIESW,2025-02-27,108772,1,2,0,3565.0
10109473PRIESW_2025-02-27_G27,10109473PRIESW,2025-02-27,111463,1,20,0,88.0
10109473PRIESW_2025-02-27_G28,10109473PRIESW,2025-02-27,110376,1,1,0,229.0
10109473PRIESW_2025-02-27_G29,10109473PRIESW,2025-02-27,117855,1,1,0,56.0
10109473PRIESW_2025-02-27_G30,10109473PRIESW,2025-02-27,111463,1,2,0,148.0
10109473PRIESW_2025-02-27_G31,10109473PRIESW,2025-02-27,118317,1,4,0,126.0
10109473PRIESW_2025-02-27_G32,10109473PRIESW,2025-02-27,110376,2,3,6,122.0
10109473PRIESW_2025-02-27_G33,10109473PRIESW,2025-02-27,111463,1,4,0,406.0
10109473PRIESW_2025-02-27_G34,10109473PRIESW,2025-02-27,108794,2,4,24,116.0
10109473PRIESW_2025-02-27_G35,10109473PRIESW,2025-02-27,108794,2,2,17,56.0
10109473PRIESW_2025-02-27_G36,10109473PRIESW,2025-02-27,111435,1,2,0,292.0
10109473PRIESW_2025-02-27_G37,10109473PRIESW,2025-02-27,111463,1,1,0,129.0
10109473PRIESW_2025-02-27_G38,10109473PRIESW,2025-02-27,118317,1,4,0,77.0
10109473PRIESW_2025-02-27_G39,10109473PRIESW,2025-02-27,111430,1,4,0,413.0
10109473PRIESW_2025-02-27_G40,10109473PRIESW,2025-02-27,118317,1,4,0,131.0
10109473PRIESW_2025-02-27_G41,10109473PRIESW,2025-02-27,110376,1,6,0,124.0
10109473PRIESW_2025-02-27_G42,10109473PRIESW,2025-02-27,111430,1,11,0,133.0
10109473PRIESW_2025-02-27_G43,10109473PRIESW,2025-02-27,118317,1,4,0,171.0
10109473PRIESW_2025-02-27_G44,10109473PRIESW,2025-02-27,110376,1,4,0,64.0
10109473PRIESW_2025-02-27_G45,10109473PRIESW,2025-02-27,111463,1,78,0,530.0
10109473PRIESW_2025-02-27_G46,10109473PRIESW,2025-02-27,118317,1,4,0,230.0
10109473PRIESW_2025-02-27_G47,10109473PRIESW,2025-02-27,108794,2,6,9,97.0
10109473PRIESW_2025-02-27_G49,10109473PRIESW,2025-02-27,111439,1,1,0,333.0
10109473PRIESW_2025-02-27_G50,10109473PRIESW,2025-02-27,110711,1,36,0,331.0
10109473PRIESW_2025-02-27_G51,10109473PRIESW,2025-02-27,141047,1,2,0,152.0
10109473PRIESW_2025-02-27_G52,10109473PRIESW,2025-02-27,110515,1,110,0,761.0
10109473PRIESW_2025-02-27_G53,10109473PRIESW,2025-02-27,111348,1,24,0,861.0
10109473PRIESW_2025-02-27_G54,10109473PRIESW,2025-02-27,109645,1,3,0,297.0
10109473PRIESW_2025-02-27_G55,10109473PRIESW,2025-02-27,110129,1,13,0,141.0
10109473PRIESW_2025-02-27_G56,10109473PRIESW,2025-02-27,111433,1,6,0,196.0
10109473PRIESW_2025-02-27_G57,10109473PRIESW,2025-02-27,111430,1,16,0,1153.0
10109473PRIESW_2025-02-27_G58,10109473PRIESW,2025-02-27,117786,1,4,0,547.0
10109473PRIESW_2025-02-27_G59,10109473PRIESW,2025-02-27,111439,1,14,0,336.0
10109473PRIESW_2025-02-27_G60,10109473PRIESW,2025-02-27,111602,1,24,0,394.0
10109473PRIESW_2025-02-27_G61,10109473PRIESW,2025-02-27,111530,1,4,0,165.0
10109473PRIESW_2025-02-27_G62,10109473PRIESW,2025-02-27,111532,1,56,0,308.0
10109473PRIESW_2025-02-27_G63,10109473PRIESW,2025-02-27,118140,1,168,0,641.0
10109473PRIESW_2025-02-27_G64,10109473PRIESW,2025-02-27,105705,1,12,0,442.0
10109473PRIESW_2025-02-27_G65,10109473PRIESW,2025-02-27,"111469, 105705",2,22,29,123.0
10109473PRIESW_2025-02-28_G02,10109473PRIESW,2025-02-28,109933,1,4,0,132.0
10109473PRIESW_2025-02-28_G03,10109473PRIESW,2025-02-28,110747,1,8,0,394.0
10109473PRIESW_2025-02-28_G04,10109473PRIESW,2025-02-28,110747,1,31,0,177.0
10109473PRIESW_2025-02-28_G05,10109473PRIESW,2025-02-28,118222,1,100,0,1707.0
10109473PRIESW_2025-02-28_G06,10109473PRIESW,2025-02-28,117861,1,4,0,73.0
10109473PRIESW_2025-02-28_G07,10109473PRIESW,2025-02-28,110515,1,10,0,278.0
10109473PRIESW_2025-02-28_G08,10109473PRIESW,2025-02-28,110339,1,8,0,118.0
10109473PRIESW_2025-02-28_G09,10109473PRIESW,2025-02-28,108794,1,24,0,232.0
10109473PRIESW_2025-02-28_G10,10109473PRIESW,2025-02-28,118140,1,2,0,298.0
10109473PRIESW_2025-02-28_G11,10109473PRIESW,2025-02-28,111436,1,4,0,1207.0
10109473PRIESW_2025-02-28_G12,10109473PRIESW,2025-02-28,117835,1,4,0,136.0
10109473PRIESW_2025-02-28_G13,10109473PRIESW,2025-02-28,111182,1,3,0,281.0
10109473PRIESW_2025-02-28_G14,10109473PRIESW,2025-02-28,111348,1,4,0,132.0
10109473PRIESW_2025-02-28_G15,10109473PRIESW,2025-02-28,111418,1,11,0,259.0
10109473PRIESW_2025-02-28_G16,10109473PRIESW,2025-02-28,111463,1,24,0,135.0
10109473PRIESW_2025-02-28_G17,10109473PRIESW,2025-02-28,110374,1,12,0,417.0
10109473PRIESW_2025-02-28_G18,10109473PRIESW,2025-02-28,109643,1,4,0,171.0
10109473PRIESW_2025-02-28_G19,10109473PRIESW,2025-02-28,140922,1,3,0,965.0
10109473PRIESW_2025-02-28_G20,10109473PRIESW,2025-02-28,111463,1,48,0,190.0
10109473PRIESW_2025-02-28_G21,10109473PRIESW,2025-02-28,118299,1,27,0,399.0
10109473PRIESW_2025-02-28_G22,10109473PRIESW,2025-02-28,117808,1,60,0,388.0
10109473PRIESW_2025-02-28_G23,10109473PRIESW,2025-02-28,117856,1,8,0,615.0
10109473PRIESW_2025-03-03_G02,10109473PRIESW,2025-03-03,111348,1,99,0,689.0
10109473PRIESW_2025-03-03_G03,10109473PRIESW,2025-03-03,111330,1,90,0,801.0
10109473PRIESW_2025-03-05_G02,10109473PRIESW,2025-03-05,111466,1,703,0,1141.0
10109473PRIESW_2025-03-06_G02,10109473PRIESW,2025-03-06,110753,1,47,0,426.0
10109473PRIESW_2025-03-06_G03,10109473PRIESW,2025-03-06,110515,1,32,0,211.0
10109473PRIESW_2025-03-06_G04,10109473PRIESW,2025-03-06,111850,1,2,0,852.0
10109473PRIESW_2025-03-06_G05,10109473PRIESW,2025-03-06,100334,1,2,0,93.0
10109473PRIESW_2025-03-06_G06,10109473PRIESW,2025-03-06,117835,1,2,0,121.0
10109473PRIESW_2025-03-06_G07,10109473PRIESW,2025-03-06,110325,1,2,0,137.0
10109473PRIESW_2025-03-06_G08,10109473PRIESW,2025-03-06,110372,1,4,0,48.0
10109473PRIESW_2025-03-06_G09,10109473PRIESW,2025-03-06,118299,1,8,0,73.0
10109473PRIESW_2025-03-06_G10,10109473PRIESW,2025-03-06,109643,1,2,0,159.0
10109473PRIESW_2025-03-06_G11,10109473PRIESW,2025-03-06,117832,1,4,0,213.0
10109473PRIESW_2025-03-06_G12,10109473PRIESW,2025-03-06,110373,1,4,0,104.0
10109473PRIESW_2025-03-06_G13,10109473PRIESW,2025-03-06,109747,1,2,0,120.0
10109473PRIESW_2025-03-06_G14,10109473PRIESW,2025-03-06,117862,1,2,0,377.0
10109473PRIESW_2025-03-06_G15,10109473PRIESW,2025-03-06,109640,1,1,0,145.0
10109473PRIESW_2025-03-06_G16,10109473PRIESW,2025-03-06,117855,1,3,0,95.0
10109473PRIESW_2025-03-06_G17,10109473PRIESW,2025-03-06,110515,1,2,0,77.0
10109473PRIESW_2025-03-06_G18,10109473PRIESW,2025-03-06,110339,1,2,0,96.0
10109473PRIESW_2025-03-06_G19,10109473PRIESW,2025-03-06,117785,1,2,0,249.0
10109473PRIESW_2025-03-06_G20,10109473PRIESW,2025-03-06,117821,1,2,0,157.0
10109473PRIESW_2025-03-06_G21,10109473PRIESW,2025-03-06,111466,1,2,0,49.0
10109473PRIESW_2025-03-06_G22,10109473PRIESW,2025-03-06,110372,1,4,0,272.0
10109473PRIESW_2025-03-06_G23,10109473PRIESW,2025-03-06,117809,1,2,0,74.0
10109473PRIESW_2025-03-06_G24,10109473PRIESW,2025-03-06,110374,1,2,0,67.0
10109473PRIESW_2025-03-06_G25,10109473PRIESW,2025-03-06,110752,1,2,0,326.0
10109473PRIESW_2025-03-06_G26,10109473PRIESW,2025-03-06,117855,2,10,10,132.0
10109473PRIESW_2025-03-06_G27,10109473PRIESW,2025-03-06,108772,1,2,0,184.0
10109473PRIESW_2025-03-06_G28,10109473PRIESW,2025-03-06,110515,1,2,0,38.0
10109473PRIESW_2025-03-06_G29,10109473PRIESW,2025-03-06,111530,1,2,0,61.0
10109473PRIESW_2025-03-06_G30,10109473PRIESW,2025-03-06,110373,1,4,0,78.0
10109473PRIESW_2025-03-07_G02,10109473PRIESW,2025-03-07,124247,1,20,0,606.0
10109473PRIESW_2025-03-07_G03,10109473PRIESW,2025-03-07,122982,1,16,0,744.0
10109473PRIESW_2025-03-07_G04,10109473PRIESW,2025-03-07,122988,1,4,0,285.0
10109473PRIESW_2025-03-07_G05,10109473PRIESW,2025-03-07,122967,1,7,0,256.0
10109473PRIESW_2025-03-07_G06,10109473PRIESW,2025-03-07,122967,1,30,0,922.0
10109473PRIESW_2025-03-07_G07,10109473PRIESW,2025-03-07,122967,1,20,0,605.0
10109473PRIESW_2025-03-07_G08,10109473PRIESW,2025-03-07,124594,1,4,0,370.0
10109473PRIESW_2025-03-07_G09,10109473PRIESW,2025-03-07,122671,1,8,0,382.0
10109473PRIESW_2025-03-07_G10,10109473PRIESW,2025-03-07,121760,1,4,0,192.0
10109473PRIESW_2025-03-07_G11,10109473PRIESW,2025-03-07,122983,1,4,0,378.0
10109473PRIESW_2025-03-07_G12,10109473PRIESW,2025-03-07,122962,1,9,0,347.0
10109473PRIESW_2025-03-07_G13,10109473PRIESW,2025-03-07,123344,1,4,0,206.0
10109473PRIESW_2025-03-07_G14,10109473PRIESW,2025-03-07,123345,1,20,0,140.0
10109473PRIESW_2025-03-07_G15,10109473PRIESW,2025-03-07,123343,1,2,0,309.0
10109473PRIESW_2025-03-07_G16,10109473PRIESW,2025-03-07,123153,1,40,0,1025.0
10109473PRIESW_2025-03-07_G17,10109473PRIESW,2025-03-07,122981,1,20,0,363.0
10109473PRIESW_2025-03-07_G18,10109473PRIESW,2025-03-07,121651,1,50,0,1582.0
10109473PRIESW_2025-03-08_G02,10109473PRIESW,2025-03-08,111430,1,40,0,493.0
10109473PRIESW_2025-03-08_G03,10109473PRIESW,2025-03-08,108770,1,10,0,88.0
10109473PRIESW_2025-03-08_G04,10109473PRIESW,2025-03-08,117862,1,42,0,1964.0
10109473PRIESW_2025-03-08_G05,10109473PRIESW,2025-03-08,117935,1,50,0,553.0
10109473PRIESW_2025-03-08_G06,10109473PRIESW,2025-03-08,110733,1,6,0,110.0
10109473PRIESW_2025-03-08_G07,10109473PRIESW,2025-03-08,111876,1,20,0,242.0
10109473PRIESW_2025-03-08_G08,10109473PRIESW,2025-03-08,141047,1,21,0,330.0
10109473PRIESW_2025-03-08_G09,10109473PRIESW,2025-03-08,105744,1,2,0,663.0
10109473PRIESW_2025-03-08_G10,10109473PRIESW,2025-03-08,117855,1,3,0,74.0
10109473PRIESW_2025-03-08_G11,10109473PRIESW,2025-03-08,109640,1,1,0,101.0
10109473PRIESW_2025-03-08_G12,10109473PRIESW,2025-03-08,111530,1,3,0,107.0
10109473PRIESW_2025-03-08_G13,10109473PRIESW,2025-03-08,111172,1,1,0,75.0
10109473PRIESW_2025-03-08_G14,10109473PRIESW,2025-03-08,111418,1,3,0,143.0
10109473PRIESW_2025-03-08_G15,10109473PRIESW,2025-03-08,117785,1,8,0,82.0
10109473PRIESW_2025-03-08_G16,10109473PRIESW,2025-03-08,110787,1,4,0,98.0
10109473PRIESW_2025-03-08_G17,10109473PRIESW,2025-03-08,111466,1,11,0,154.0
10109473PRIESW_2025-03-08_G18,10109473PRIESW,2025-03-08,110374,1,1,0,209.0
10109473PRIESW_2025-03-08_G19,10109473PRIESW,2025-03-08,110373,1,7,0,182.0
10109473PRIESW_2025-03-08_G20,10109473PRIESW,2025-03-08,110742,1,3,0,365.0
10109473PRIESW_2025-03-08_G21,10109473PRIESW,2025-03-08,117787,1,2,0,91.0
10109473PRIESW_2025-03-08_G22,10109473PRIESW,2025-03-08,111418,1,4,0,114.0
10109473PRIESW_2025-03-08_G23,10109473PRIESW,2025-03-08,111463,1,2,0,62.0
10109473PRIESW_2025-03-08_G24,10109473PRIESW,2025-03-08,118140,1,4,0,115.0
10109473PRIESW_2025-03-08_G25,10109473PRIESW,2025-03-08,117831,1,4,0,44.0
10109473PRIESW_2025-03-08_G26,10109473PRIESW,2025-03-08,108795,1,4,0,284.0
10109473PRIESW_2025-03-08_G27,10109473PRIESW,2025-03-08,117935,1,1,0,406.0
10109473PRIESW_2025-03-08_G28,10109473PRIESW,2025-03-08,109640,1,4,0,200.0
10109473PRIESW_2025-03-08_G29,10109473PRIESW,2025-03-08,117855,1,1,0,31.0
10109473PRIESW_2025-03-08_G30,10109473PRIESW,2025-03-08,108794,1,4,0,143.0
10109473PRIESW_2025-03-08_G31,10109473PRIESW,2025-03-08,111469,1,2,0,58.0
10109473PRIESW_2025-03-08_G32,10109473PRIESW,2025-03-08,108795,1,2,0,261.0
10109473PRIESW_2025-03-08_G33,10109473PRIESW,2025-03-08,"160054, 117808",2,8,23,177.0
10109473PRIESW_2025-03-08_G34,10109473PRIESW,2025-03-08,110372,1,6,0,122.0
10109473PRIESW_2025-03-08_G35,10109473PRIESW,2025-03-08,118299,1,4,0,52.0
10109473PRIESW_2025-03-08_G36,10109473PRIESW,2025-03-08,117832,1,6,0,176.0
10109473PRIESW_2025-03-08_G37,10109473PRIESW,2025-03-08,110373,1,3,0,59.0
10109473PRIESW_2025-03-08_G38,10109473PRIESW,2025-03-08,117820,1,2,0,104.0
10109473PRIESW_2025-03-08_G39,10109473PRIESW,2025-03-08,111602,1,12,0,325.0
10109473PRIESW_2025-03-08_G40,10109473PRIESW,2025-03-08,111438,1,2,0,134.0
10109473PRIESW_2025-03-08_G41,10109473PRIESW,2025-03-08,110747,1,4,0,99.0
10109473PRIESW_2025-03-08_G42,10109473PRIESW,2025-03-08,100334,1,2,0,100.0
10109473PRIESW_2025-03-08_G43,10109473PRIESW,2025-03-08,111569,1,8,0,140.0
10109473PRIESW_2025-03-08_G44,10109473PRIESW,2025-03-08,110112,1,2,0,73.0
10109473PRIESW_2025-03-08_G45,10109473PRIESW,2025-03-08,117861,1,5,0,51.0
10109473PRIESW_2025-03-08_G46,10109473PRIESW,2025-03-08,111442,1,3,0,554.0
10109473PRIESW_2025-03-08_G47,10109473PRIESW,2025-03-08,108795,1,13,0,334.0
10109473PRIESW_2025-03-08_G48,10109473PRIESW,2025-03-08,117787,1,5,0,137.0
10109473PRIESW_2025-03-08_G49,10109473PRIESW,2025-03-08,"108711, 111438",2,22,17,287.0
10109473PRIESW_2025-03-10_G02,10109473PRIESW,2025-03-10,110742,1,1,0,769.0
10109473PRIESW_2025-03-10_G03,10109473PRIESW,2025-03-10,110747,1,3,0,124.0
10109473PRIESW_2025-03-10_G04,10109473PRIESW,2025-03-10,117862,1,2,0,112.0
10109473PRIESW_2025-03-10_G05,10109473PRIESW,2025-03-10,111602,1,4,0,92.0
10109473PRIESW_2025-03-10_G06,10109473PRIESW,2025-03-10,107629,1,2,0,55.0
10109473PRIESW_2025-03-10_G07,10109473PRIESW,2025-03-10,117785,1,8,0,535.0
10109473PRIESW_2025-03-10_G08,10109473PRIESW,2025-03-10,140922,1,4,0,106.0
10109473PRIESW_2025-03-10_G09,10109473PRIESW,2025-03-10,111172,1,4,0,77.0
10109473PRIESW_2025-03-10_G10,10109473PRIESW,2025-03-10,110745,1,2,0,115.0
10109473PRIESW_2025-03-10_G11,10109473PRIESW,2025-03-10,108711,1,3,0,79.0
10109473PRIESW_2025-03-10_G12,10109473PRIESW,2025-03-10,110787,1,1,0,83.0
10109473PRIESW_2025-03-10_G13,10109473PRIESW,2025-03-10,117831,1,9,0,102.0
10109473PRIESW_2025-03-10_G14,10109473PRIESW,2025-03-10,108794,1,6,0,127.0
10109473PRIESW_2025-03-10_G15,10109473PRIESW,2025-03-10,111462,1,10,0,129.0
10109473PRIESW_2025-03-10_G16,10109473PRIESW,2025-03-10,111465,1,6,0,106.0
10109473PRIESW_2025-03-10_G17,10109473PRIESW,2025-03-10,117808,1,35,0,149.0
10109473PRIESW_2025-03-10_G18,10109473PRIESW,2025-03-10,110372,1,34,0,695.0
10109473PRIESW_2025-03-10_G19,10109473PRIESW,2025-03-10,118299,1,3,0,115.0
10109473PRIESW_2025-03-10_G20,10109473PRIESW,2025-03-10,110733,1,9,0,276.0
10109473PRIESW_2025-03-10_G21,10109473PRIESW,2025-03-10,111743,1,4,0,507.0
10109473PRIESW_2025-03-10_G22,10109473PRIESW,2025-03-10,108711,1,4,0,205.0
10109473PRIESW_2025-03-10_G23,10109473PRIESW,2025-03-10,108770,1,4,0,177.0
10109473PRIESW_2025-03-10_G24,10109473PRIESW,2025-03-10,114097,1,3,0,182.0
10109473PRIESW_2025-03-10_G25,10109473PRIESW,2025-03-10,117856,1,4,0,334.0
10109473PRIESW_2025-03-10_G26,10109473PRIESW,2025-03-10,117862,1,6,0,88.0
10109473PRIESW_2025-03-10_G27,10109473PRIESW,2025-03-10,111172,1,4,0,130.0
10109473PRIESW_2025-03-10_G28,10109473PRIESW,2025-03-10,118285,1,5,0,130.0
10109473PRIESW_2025-03-10_G29,10109473PRIESW,2025-03-10,108711,1,2,0,74.0
10109473PRIESW_2025-03-10_G30,10109473PRIESW,2025-03-10,108770,1,2,0,193.0
10109473PRIESW_2025-03-10_G31,10109473PRIESW,2025-03-10,118094,1,8,0,146.0
10109473PRIESW_2025-03-10_G32,10109473PRIESW,2025-03-10,111466,1,12,0,414.0
10109473PRIESW_2025-03-10_G33,10109473PRIESW,2025-03-10,110733,1,4,0,231.0
10109473PRIESW_2025-03-10_G34,10109473PRIESW,2025-03-10,108711,1,7,0,352.0
10109473PRIESW_2025-03-10_G35,10109473PRIESW,2025-03-10,111532,1,4,0,386.0
10109473PRIESW_2025-03-10_G36,10109473PRIESW,2025-03-10,111430,1,10,0,382.0
10109473PRIESW_2025-03-10_G37,10109473PRIESW,2025-03-10,117862,1,10,0,188.0
10109473PRIESW_2025-03-10_G38,10109473PRIESW,2025-03-10,109647,1,4,0,79.0
10109473PRIESW_2025-03-10_G39,10109473PRIESW,2025-03-10,108772,1,2,0,107.0
10109473PRIESW_2025-03-10_G40,10109473PRIESW,2025-03-10,111602,1,4,0,172.0
10109473PRIESW_2025-03-10_G41,10109473PRIESW,2025-03-10,110741,1,2,0,124.0
10109473PRIESW_2025-03-10_G42,10109473PRIESW,2025-03-10,118094,1,4,0,210.0
10109473PRIESW_2025-03-10_G43,10109473PRIESW,2025-03-10,110787,1,3,0,174.0
10109473PRIESW_2025-03-10_G44,10109473PRIESW,2025-03-10,117831,1,2,0,82.0
10109473PRIESW_2025-03-10_G45,10109473PRIESW,2025-03-10,108794,1,5,0,100.0
10109473PRIESW_2025-03-10_G46,10109473PRIESW,2025-03-10,111462,1,6,0,99.0
10109473PRIESW_2025-03-10_G47,10109473PRIESW,2025-03-10,110740,1,3,0,492.0
10109473PRIESW_2025-03-10_G48,10109473PRIESW,2025-03-10,111463,1,1100,0,2690.0
10109473PRIESW_2025-03-10_G50,10109473PRIESW,2025-03-10,111438,1,10,0,931.0
10109473PRIESW_2025-03-10_G51,10109473PRIESW,2025-03-10,110747,1,20,0,380.0
10109473PRIESW_2025-03-10_G52,10109473PRIESW,2025-03-10,118222,1,94,0,743.0
10109473PRIESW_2025-03-10_G53,10109473PRIESW,2025-03-10,109937,1,11,0,790.0
10109473PRIESW_2025-03-10_G54,10109473PRIESW,2025-03-10,100334,1,10,0,79.0
10109473PRIESW_2025-03-10_G55,10109473PRIESW,2025-03-10,110895,1,9,0,760.0
10109473PRIESW_2025-03-10_G56,10109473PRIESW,2025-03-10,114097,1,2,0,115.0
10109473PRIESW_2025-03-10_G57,10109473PRIESW,2025-03-10,117789,1,8,0,152.0
10109473PRIESW_2025-03-10_G58,10109473PRIESW,2025-03-10,111447,1,8,0,137.0
10109473PRIESW_2025-03-10_G59,10109473PRIESW,2025-03-10,110750,1,2,0,247.0
10109473PRIESW_2025-03-10_G60,10109473PRIESW,2025-03-10,141035,1,4,0,171.0
10109473PRIESW_2025-03-10_G61,10109473PRIESW,2025-03-10,118403,1,20,0,696.0
10109473PRIESW_2025-03-10_G62,10109473PRIESW,2025-03-10,110313,1,37,0,891.0
10109473PRIESW_2025-03-10_G63,10109473PRIESW,2025-03-10,109640,1,60,0,465.0
10109473PRIESW_2025-03-10_G64,10109473PRIESW,2025-03-10,117786,1,50,0,53.0
10109473PRIESW_2025-03-10_G65,10109473PRIESW,2025-03-10,"111879, 108961",2,10,22,343.0
10109515SILVAL_2025-01-29_G02,10109515SILVAL,2025-01-29,122703,1,6,0,261.0
10109515SILVAL_2025-01-29_G03,10109515SILVAL,2025-01-29,121651,1,22,0,1154.0
10109515SILVAL_2025-01-29_G04,10109515SILVAL,2025-01-29,121760,1,8,0,213.0
10109515SILVAL_2025-01-29_G05,10109515SILVAL,2025-01-29,124370,1,16,0,702.0
10109515SILVAL_2025-01-29_G06,10109515SILVAL,2025-01-29,124371,1,4,0,125.0
10109515SILVAL_2025-01-29_G07,10109515SILVAL,2025-01-29,121760,1,6,0,139.0
10109515SILVAL_2025-01-29_G08,10109515SILVAL,2025-01-29,124486,1,20,0,796.0
10109515SILVAL_2025-01-29_G09,10109515SILVAL,2025-01-29,120028,1,25,0,550.0
10109515SILVAL_2025-01-29_G10,10109515SILVAL,2025-01-29,120028,1,30,0,279.0
10109515SILVAL_2025-01-29_G11,10109515SILVAL,2025-01-29,122962,1,8,0,3270.0
10109515SILVAL_2025-01-29_G12,10109515SILVAL,2025-01-29,122647,1,2,0,744.0
10109515SILVAL_2025-01-29_G13,10109515SILVAL,2025-01-29,122962,1,20,0,484.0
10109515SILVAL_2025-01-29_G14,10109515SILVAL,2025-01-29,123909,1,24,0,1149.0
10109515SILVAL_2025-01-29_G15,10109515SILVAL,2025-01-29,124433,1,6,0,258.0
10109515SILVAL_2025-01-29_G16,10109515SILVAL,2025-01-29,122671,1,8,0,189.0
10109515SILVAL_2025-03-31_G02,10109515SILVAL,2025-03-31,122673,1,40,0,829.0
10109515SILVAL_2025-03-31_G03,10109515SILVAL,2025-03-31,123153,1,30,0,703.0
10109515SILVAL_2025-03-31_G04,10109515SILVAL,2025-03-31,121760,1,19,0,629.0
10109515SILVAL_2025-03-31_G05,10109515SILVAL,2025-03-31,122673,1,13,0,316.0
10109515SILVAL_2025-03-31_G06,10109515SILVAL,2025-03-31,123343,1,8,0,730.0
10109515SILVAL_2025-03-31_G07,10109515SILVAL,2025-03-31,123345,1,120,0,3365.0
10109515SILVAL_2025-03-31_G08,10109515SILVAL,2025-03-31,123344,1,30,0,462.0
10109515SILVAL_2025-03-31_G09,10109515SILVAL,2025-03-31,123343,1,2,0,432.0
10109515SILVAL_2025-03-31_G10,10109515SILVAL,2025-03-31,124475,1,8,0,500.0
10109515SILVAL_2025-03-31_G12,10109515SILVAL,2025-03-31,122983,1,4,0,79.0
10109515SILVAL_2025-03-31_G13,10109515SILVAL,2025-03-31,123909,1,88,0,901.0
10109515SILVAL_2025-03-31_G14,10109515SILVAL,2025-03-31,123889,1,10,0,193.0
10109515SILVAL_2025-03-31_G15,10109515SILVAL,2025-03-31,120321,2,20,11,764.0
10109515SILVAL_2025-05-23_G02,10109515SILVAL,2025-05-23,110623,1,1,0,114.0
10109515SILVAL_2025-05-23_G03,10109515SILVAL,2025-05-23,110623,1,2,0,46.0
10109515SILVAL_2025-05-23_G04,10109515SILVAL,2025-05-23,117853,1,2,0,141.0
10109515SILVAL_2025-05-23_G05,10109515SILVAL,2025-05-23,110740,1,2,0,137.0
10109515SILVAL_2025-05-23_G06,10109515SILVAL,2025-05-23,105705,1,2,0,111.0
10109515SILVAL_2025-05-23_G07,10109515SILVAL,2025-05-23,140922,1,6,0,89.0
10109515SILVAL_2025-05-23_G08,10109515SILVAL,2025-05-23,111466,1,14,0,157.0
10109515SILVAL_2025-05-23_G09,10109515SILVAL,2025-05-23,111172,1,3,0,94.0
10109515SILVAL_2025-05-23_G10,10109515SILVAL,2025-05-23,118140,1,1,0,53.0
10109515SILVAL_2025-05-23_G11,10109515SILVAL,2025-05-23,117821,1,2,0,132.0
10109515SILVAL_2025-05-23_G12,10109515SILVAL,2025-05-23,117831,1,4,0,363.0
10109515SILVAL_2025-09-11_G02,10109515SILVAL,2025-09-11,107236,1,4,0,350.0
10109515SILVAL_2025-09-11_G03,10109515SILVAL,2025-09-11,109933,1,5,0,1270.0
10109515SILVAL_2025-10-31_G02,10109515SILVAL,2025-10-31,109645,1,4,0,53.0
10109515SILVAL_2025-10-31_G03,10109515SILVAL,2025-10-31,109645,2,3,20,31.0
10109515SILVAL_2025-10-31_G04,10109515SILVAL,2025-10-31,109645,1,4,0,48.0
10109515SILVAL_2025-10-31_G05,10109515SILVAL,2025-10-31,109645,26,218,299,57.0
10109515SILVAL_2025-10-31_G06,10109515SILVAL,2025-10-31,111418,5,69,56,1743.0
10109515SILVAL_2025-10-31_G07,10109515SILVAL,2025-10-31,108795,1,4,0,291.0
10109515SILVAL_2025-10-31_G08,10109515SILVAL,2025-10-31,141140,2,48,21,47.0
10109515SILVAL_2025-10-31_G09,10109515SILVAL,2025-10-31,111182,1,2,0,156.0
10109515SILVAL_2025-10-31_G10,10109515SILVAL,2025-10-31,110740,1,2,0,54.0
10109515SILVAL_2025-10-31_G11,10109515SILVAL,2025-10-31,118140,1,4,0,57.0
10109515SILVAL_2025-10-31_G12,10109515SILVAL,2025-10-31,118140,1,4,0,44.0
10109515SILVAL_2025-10-31_G13,10109515SILVAL,2025-10-31,141823,1,8,0,88.0
10109515SILVAL_2025-10-31_G14,10109515SILVAL,2025-10-31,140922,2,12,8,953.0
10109515SILVAL_2025-10-31_G15,10109515SILVAL,2025-10-31,110787,1,8,0,164.0
10109515SILVAL_2025-10-31_G16,10109515SILVAL,2025-10-31,111469,1,11,0,162.0
10109515SILVAL_2025-10-31_G17,10109515SILVAL,2025-10-31,111469,2,50,12,343.0
10109515SILVAL_2025-10-31_G18,10109515SILVAL,2025-10-31,141141,2,32,8,517.0
10109515SILVAL_2025-10-31_G19,10109515SILVAL,2025-10-31,111466,1,8,0,160.0
10109515SILVAL_2025-10-31_G20,10109515SILVAL,2025-10-31,108711,3,20,29,212.0
10109515SILVAL_2025-10-31_G21,10109515SILVAL,2025-10-31,117787,1,8,0,221.0
10109515SILVAL_2025-10-31_G22,10109515SILVAL,2025-10-31,111469,4,31,48,285.0
10109515SILVAL_2025-10-31_G23,10109515SILVAL,2025-10-31,117785,1,4,0,246.0
10109515SILVAL_2025-10-31_G24,10109515SILVAL,2025-10-31,111532,2,3,23,700.0
10109515SILVAL_2025-10-31_G25,10109515SILVAL,2025-10-31,111465,1,4,0,73.0
10109515SILVAL_2025-10-31_G26,10109515SILVAL,2025-10-31,111469,1,4,0,246.0
10109515SILVAL_2025-10-31_G27,10109515SILVAL,2025-10-31,118418,1,1,0,2472.0
10109515SILVAL_2025-10-31_G28,10109515SILVAL,2025-10-31,111441,1,4,0,158.0
10109515SILVAL_2025-10-31_G29,10109515SILVAL,2025-10-31,118283,1,2,0,108.0
10109515SILVAL_2025-10-31_G30,10109515SILVAL,2025-10-31,118416,1,2,0,668.0
10109515SILVAL_2025-10-31_G31,10109515SILVAL,2025-10-31,110313,1,8,0,147.0
10109515SILVAL_2025-10-31_G32,10109515SILVAL,2025-10-31,110313,1,4,0,76.0
10109515SILVAL_2025-10-31_G33,10109515SILVAL,2025-10-31,111439,1,16,0,442.0
10109515SILVAL_2025-10-31_G34,10109515SILVAL,2025-10-31,117862,1,8,0,192.0
10109515SILVAL_2025-10-31_G35,10109515SILVAL,2025-10-31,117786,1,2,0,106.0
10109515SILVAL_2025-10-31_G36,10109515SILVAL,2025-10-31,110711,1,6,0,136.0
10109515SILVAL_2025-10-31_G37,10109515SILVAL,2025-10-31,111602,1,4,0,119.0
10109515SILVAL_2025-10-31_G38,10109515SILVAL,2025-10-31,117855,1,6,0,380.0
10109515SILVAL_2025-10-31_G39,10109515SILVAL,2025-10-31,111740,1,6,0,254.0
10109515SILVAL_2025-10-31_G40,10109515SILVAL,2025-10-31,117832,1,2,0,227.0
10109515SILVAL_2025-10-31_G41,10109515SILVAL,2025-10-31,110372,1,20,0,155.0
10109515SILVAL_2025-10-31_G42,10109515SILVAL,2025-10-31,118299,1,33,0,316.0
10109515SILVAL_2025-10-31_G43,10109515SILVAL,2025-10-31,111722,1,10,0,113.0
10109515SILVAL_2025-10-31_G44,10109515SILVAL,2025-10-31,110371,1,8,0,145.0
10109515SILVAL_2025-10-31_G45,10109515SILVAL,2025-10-31,110373,1,20,0,388.0
10109515SILVAL_2025-10-31_G46,10109515SILVAL,2025-10-31,110325,1,8,0,155.0
10109515SILVAL_2025-10-31_G47,10109515SILVAL,2025-10-31,141141,1,8,0,459.0
10109515SILVAL_2025-10-31_G48,10109515SILVAL,2025-10-31,117821,1,8,0,392.0
10109515SILVAL_2025-10-31_G49,10109515SILVAL,2025-10-31,117808,1,20,0,879.0
10109515SILVAL_2025-10-31_G50,10109515SILVAL,2025-10-31,110372,2,32,11,94.0
10109515SILVAL_2025-10-31_G51,10109515SILVAL,2025-10-31,110372,5,57,42,32.0
10109515SILVAL_2025-10-31_G52,10109515SILVAL,2025-10-31,118299,1,7,0,1222.0
10109515SILVAL_2026-01-22_G03,10109515SILVAL,2026-01-22,120008,1,100,0,3494.0
10109515SILVAL_2026-01-22_G04,10109515SILVAL,2026-01-22,120028,1,10,0,344.0
10109515SILVAL_2026-01-22_G05,10109515SILVAL,2026-01-22,122984,1,4,0,99.0
10109515SILVAL_2026-01-22_G06,10109515SILVAL,2026-01-22,124248,1,2,0,518.0
10109515SILVAL_2026-01-29_G02,10109515SILVAL,2026-01-29,141166,1,8,0,168.0
10109515SILVAL_2026-01-29_G03,10109515SILVAL,2026-01-29,110787,1,4,0,140.0
10109515SILVAL_2026-01-29_G04,10109515SILVAL,2026-01-29,109649,1,1,0,159.0
10109515SILVAL_2026-01-29_G05,10109515SILVAL,2026-01-29,111463,1,30,0,289.0
10109515SILVAL_2026-01-29_G06,10109515SILVAL,2026-01-29,111532,1,4,0,1426.0
10109515SILVAL_2026-01-29_G07,10109515SILVAL,2026-01-29,111182,1,1,0,110.0
10109515SILVAL_2026-01-29_G08,10109515SILVAL,2026-01-29,110895,1,9,0,298.0
10109515SILVAL_2026-01-29_G09,10109515SILVAL,2026-01-29,110787,1,12,0,537.0
10109515SILVAL_2026-01-29_G10,10109515SILVAL,2026-01-29,141823,1,7,0,168.0
10109515SILVAL_2026-01-29_G11,10109515SILVAL,2026-01-29,118140,1,12,0,330.0
10109515SILVAL_2026-01-29_G12,10109515SILVAL,2026-01-29,111761,1,9,0,969.0
10109515SILVAL_2026-01-29_G13,10109515SILVAL,2026-01-29,140922,1,6,0,627.0
10109515SILVAL_2026-01-29_G14,10109515SILVAL,2026-01-29,111466,1,25,0,288.0
10109515SILVAL_2026-01-29_G15,10109515SILVAL,2026-01-29,111737,1,32,0,213.0
10109515SILVAL_2026-01-29_G16,10109515SILVAL,2026-01-29,111418,1,134,0,950.0
10109515SILVAL_2026-01-29_G17,10109515SILVAL,2026-01-29,118140,1,24,0,435.0
10109516OLIVEIRARP_2025-01-24_G02,10109516OLIVEIRARP,2025-01-24,110787,1,6,0,117.0
10109516OLIVEIRARP_2025-01-24_G04,10109516OLIVEIRARP,2025-01-24,111569,1,8,0,125.0
10109516OLIVEIRARP_2025-01-24_G05,10109516OLIVEIRARP,2025-01-24,111569,1,8,0,318.0
10109516OLIVEIRARP_2025-01-24_G06,10109516OLIVEIRARP,2025-01-24,117855,1,12,0,297.0
10109516OLIVEIRARP_2025-01-24_G07,10109516OLIVEIRARP,2025-01-24,140922,1,2,0,75.0
10109516OLIVEIRARP_2025-01-24_G08,10109516OLIVEIRARP,2025-01-24,140922,1,8,0,65.0
10109516OLIVEIRARP_2025-01-24_G09,10109516OLIVEIRARP,2025-01-24,140922,1,10,0,114.0
10109516OLIVEIRARP_2025-01-24_G10,10109516OLIVEIRARP,2025-01-24,140922,1,10,0,241.0
10109516OLIVEIRARP_2025-01-24_G11,10109516OLIVEIRARP,2025-01-24,107236,1,4,0,240.0
10109516OLIVEIRARP_2025-01-24_G12,10109516OLIVEIRARP,2025-01-24,107236,2,10,25,246.0
10109516OLIVEIRARP_2025-01-24_G13,10109516OLIVEIRARP,2025-01-24,107236,1,6,0,40.0
10109516OLIVEIRARP_2025-01-24_G14,10109516OLIVEIRARP,2025-01-24,111463,1,8,0,2061.0
10109516OLIVEIRARP_2025-01-24_G15,10109516OLIVEIRARP,2025-01-24,111463,1,22,0,277.0
10109516OLIVEIRARP_2025-01-24_G16,10109516OLIVEIRARP,2025-01-24,111463,1,30,0,468.0
10109516OLIVEIRARP_2025-01-24_G17,10109516OLIVEIRARP,2025-01-24,118299,1,100,0,535.0
10109516OLIVEIRARP_2025-01-24_G18,10109516OLIVEIRARP,2025-01-24,118299,1,100,0,411.0
10109516OLIVEIRARP_2025-01-24_G19,10109516OLIVEIRARP,2025-01-24,118299,1,100,0,465.0
10109516OLIVEIRARP_2025-01-24_G20,10109516OLIVEIRARP,2025-01-24,118222,1,1,0,914.0
10109516OLIVEIRARP_2025-01-24_G21,10109516OLIVEIRARP,2025-01-24,110752,1,4,0,121.0
10109516OLIVEIRARP_2025-01-24_G22,10109516OLIVEIRARP,2025-01-24,110711,1,6,0,117.0
10109516OLIVEIRARP_2025-01-24_G23,10109516OLIVEIRARP,2025-01-24,110332,1,2,0,365.0
10109516OLIVEIRARP_2025-01-24_G24,10109516OLIVEIRARP,2025-01-24,118140,1,2,0,576.0
10109516OLIVEIRARP_2025-01-24_G25,10109516OLIVEIRARP,2025-01-24,107236,1,1,0,128.0
10109516OLIVEIRARP_2025-01-24_G26,10109516OLIVEIRARP,2025-01-24,111468,1,3,0,154.0
10109516OLIVEIRARP_2025-01-24_G27,10109516OLIVEIRARP,2025-01-24,110787,1,5,0,368.0
10109516OLIVEIRARP_2025-01-24_G28,10109516OLIVEIRARP,2025-01-24,110751,1,2,0,66.0
10109516OLIVEIRARP_2025-01-24_G29,10109516OLIVEIRARP,2025-01-24,117785,1,2,0,50.0
10109516OLIVEIRARP_2025-01-24_G30,10109516OLIVEIRARP,2025-01-24,110745,1,3,0,109.0
10109516OLIVEIRARP_2025-01-24_G31,10109516OLIVEIRARP,2025-01-24,111443,1,2,0,121.0
10109516OLIVEIRARP_2025-01-24_G32,10109516OLIVEIRARP,2025-01-24,105705,1,2,0,228.0
10109516OLIVEIRARP_2025-01-24_G33,10109516OLIVEIRARP,2025-01-24,111463,1,4,0,130.0
10109516OLIVEIRARP_2025-01-24_G34,10109516OLIVEIRARP,2025-01-24,110372,1,4,0,934.0
10109516OLIVEIRARP_2025-01-24_G36,10109516OLIVEIRARP,2025-01-24,111468,1,4,0,1718.0
10109516OLIVEIRARP_2025-01-24_G37,10109516OLIVEIRARP,2025-01-24,118140,1,4,0,87.0
10109516OLIVEIRARP_2025-01-24_G38,10109516OLIVEIRARP,2025-01-24,117785,1,2,0,172.0
10109516OLIVEIRARP_2025-01-24_G39,10109516OLIVEIRARP,2025-01-24,108795,1,7,0,329.0
10109516OLIVEIRARP_2025-01-24_G40,10109516OLIVEIRARP,2025-01-24,108711,1,5,0,77.0
10109516OLIVEIRARP_2025-01-24_G41,10109516OLIVEIRARP,2025-01-24,107830,1,2,0,117.0
10109516OLIVEIRARP_2025-01-24_G42,10109516OLIVEIRARP,2025-01-24,110372,1,6,0,409.0
10109516OLIVEIRARP_2025-01-24_G43,10109516OLIVEIRARP,2025-01-24,100334,1,2,0,728.0
10109516OLIVEIRARP_2025-01-25_G03,10109516OLIVEIRARP,2025-01-25,124486,1,39,0,139.0
10109516OLIVEIRARP_2025-01-25_G04,10109516OLIVEIRARP,2025-01-25,123153,1,10,0,170.0
10109516OLIVEIRARP_2025-01-25_G05,10109516OLIVEIRARP,2025-01-25,123153,1,12,0,618.0
10109516OLIVEIRARP_2025-01-25_G06,10109516OLIVEIRARP,2025-01-25,122705,1,3,0,690.0
10109516OLIVEIRARP_2025-01-25_G07,10109516OLIVEIRARP,2025-01-25,122983,1,4,0,92.0
10109516OLIVEIRARP_2025-01-25_G08,10109516OLIVEIRARP,2025-01-25,123822,1,2,0,239.0
10109516OLIVEIRARP_2025-01-25_G09,10109516OLIVEIRARP,2025-01-25,123343,1,2,0,1370.0
10109516OLIVEIRARP_2025-01-25_G10,10109516OLIVEIRARP,2025-01-25,121760,1,2,0,120.0
10109516OLIVEIRARP_2025-01-25_G11,10109516OLIVEIRARP,2025-01-25,123343,1,11,0,1198.0
10109516OLIVEIRARP_2025-01-25_G12,10109516OLIVEIRARP,2025-01-25,121923,1,2,0,528.0
10109516OLIVEIRARP_2025-01-25_G13,10109516OLIVEIRARP,2025-01-25,180169,1,1,0,858.0
10109516OLIVEIRARP_2025-01-25_G14,10109516OLIVEIRARP,2025-01-25,122705,1,6,0,363.0
10109516OLIVEIRARP_2025-01-25_G15,10109516OLIVEIRARP,2025-01-25,122673,1,8,0,474.0
10109516OLIVEIRARP_2025-01-25_G16,10109516OLIVEIRARP,2025-01-25,123344,1,7,0,527.0
10109516OLIVEIRARP_2025-01-25_G17,10109516OLIVEIRARP,2025-01-25,122962,1,4,0,354.0
10109516OLIVEIRARP_2025-01-25_G18,10109516OLIVEIRARP,2025-01-25,123153,1,8,0,134.0
10109516OLIVEIRARP_2025-01-25_G19,10109516OLIVEIRARP,2025-01-25,124486,1,2,0,209.0
10109516OLIVEIRARP_2025-01-25_G20,10109516OLIVEIRARP,2025-01-25,122962,1,8,0,168.0
10109516OLIVEIRARP_2025-01-28_G02,10109516OLIVEIRARP,2025-01-28,110371,1,100,0,179.0
10109516OLIVEIRARP_2025-01-28_G03,10109516OLIVEIRARP,2025-01-28,110371,1,50,0,2493.0
10109516OLIVEIRARP_2025-01-28_G04,10109516OLIVEIRARP,2025-01-28,117808,1,200,0,885.0
10109516OLIVEIRARP_2025-01-28_G05,10109516OLIVEIRARP,2025-01-28,111465,1,2,0,1610.0
10109516OLIVEIRARP_2025-01-28_G06,10109516OLIVEIRARP,2025-01-28,117841,1,4,0,246.0
10109516OLIVEIRARP_2025-01-28_G07,10109516OLIVEIRARP,2025-01-28,111469,1,15,0,150.0
10109516OLIVEIRARP_2025-01-28_G08,10109516OLIVEIRARP,2025-01-28,111569,1,14,0,901.0
10109516OLIVEIRARP_2025-01-28_G09,10109516OLIVEIRARP,2025-01-28,111602,1,8,0,149.0
10109516OLIVEIRARP_2025-01-28_G10,10109516OLIVEIRARP,2025-01-28,117861,1,12,0,187.0
10109516OLIVEIRARP_2025-01-28_G11,10109516OLIVEIRARP,2025-01-28,117785,1,24,0,316.0
10109516OLIVEIRARP_2025-01-28_G12,10109516OLIVEIRARP,2025-01-28,117832,1,8,0,238.0
10109516OLIVEIRARP_2025-01-28_G13,10109516OLIVEIRARP,2025-01-28,110895,1,9,0,1074.0
10109516OLIVEIRARP_2025-01-28_G14,10109516OLIVEIRARP,2025-01-28,111441,1,6,0,138.0
10109516OLIVEIRARP_2025-01-28_G15,10109516OLIVEIRARP,2025-01-28,111441,1,10,0,163.0
10109516OLIVEIRARP_2025-01-28_G16,10109516OLIVEIRARP,2025-01-28,118004,1,20,0,439.0
10109516OLIVEIRARP_2025-01-28_G17,10109516OLIVEIRARP,2025-01-28,117841,1,4,0,114.0
10109516OLIVEIRARP_2025-01-28_G18,10109516OLIVEIRARP,2025-01-28,111469,1,8,0,131.0
10109516OLIVEIRARP_2025-01-28_G19,10109516OLIVEIRARP,2025-01-28,111469,1,3,0,38.0
10109516OLIVEIRARP_2025-01-28_G20,10109516OLIVEIRARP,2025-01-28,110373,1,100,0,391.0
10109516OLIVEIRARP_2025-01-28_G21,10109516OLIVEIRARP,2025-01-28,110373,1,120,0,244.0
10109516OLIVEIRARP_2025-01-28_G22,10109516OLIVEIRARP,2025-01-28,110373,1,20,0,366.0
10109516OLIVEIRARP_2025-01-28_G23,10109516OLIVEIRARP,2025-01-28,111602,1,5,0,150.0
10109516OLIVEIRARP_2025-01-28_G24,10109516OLIVEIRARP,2025-01-28,111602,1,4,0,33.0
10109516OLIVEIRARP_2025-01-28_G25,10109516OLIVEIRARP,2025-01-28,140922,1,4,0,223.0
10109516OLIVEIRARP_2025-01-28_G26,10109516OLIVEIRARP,2025-01-28,117785,1,10,0,248.0
10109516OLIVEIRARP_2025-01-28_G27,10109516OLIVEIRARP,2025-01-28,110745,1,5,0,116.0
10109516OLIVEIRARP_2025-01-28_G28,10109516OLIVEIRARP,2025-01-28,110371,1,10,0,226.0
10109516OLIVEIRARP_2025-01-28_G29,10109516OLIVEIRARP,2025-01-28,117820,1,22,0,568.0
10109516OLIVEIRARP_2025-01-28_G30,10109516OLIVEIRARP,2025-01-28,111602,1,8,0,348.0
10109516OLIVEIRARP_2025-01-28_G31,10109516OLIVEIRARP,2025-01-28,140922,1,4,0,164.0
10109516OLIVEIRARP_2025-01-28_G32,10109516OLIVEIRARP,2025-01-28,109640,1,2,0,204.0
10109516OLIVEIRARP_2025-01-28_G33,10109516OLIVEIRARP,2025-01-28,117935,1,13,0,1032.0
10109516OLIVEIRARP_2025-01-28_G34,10109516OLIVEIRARP,2025-01-28,117785,1,20,0,293.0
10109516OLIVEIRARP_2025-01-28_G35,10109516OLIVEIRARP,2025-01-28,117832,1,10,0,110.0
10109516OLIVEIRARP_2025-01-28_G36,10109516OLIVEIRARP,2025-01-28,109974,1,4,0,1318.0
10109516OLIVEIRARP_2025-01-28_G37,10109516OLIVEIRARP,2025-01-28,118324,1,4,0,144.0
10109516OLIVEIRARP_2025-01-28_G38,10109516OLIVEIRARP,2025-01-28,110081,1,2,0,94.0
10109516OLIVEIRARP_2025-01-28_G39,10109516OLIVEIRARP,2025-01-28,110841,1,4,0,153.0
10109516OLIVEIRARP_2025-01-28_G40,10109516OLIVEIRARP,2025-01-28,109976,1,4,0,267.0
10109516OLIVEIRARP_2025-01-28_G41,10109516OLIVEIRARP,2025-01-28,110500,1,8,0,199.0
10109516OLIVEIRARP_2025-01-28_G42,10109516OLIVEIRARP,2025-01-28,"115775, 118418",2,5,29,98.0
10109516OLIVEIRARP_2025-01-28_G43,10109516OLIVEIRARP,2025-01-28,118250,1,20,0,270.0
10109516OLIVEIRARP_2025-01-28_G44,10109516OLIVEIRARP,2025-01-28,107254,1,2,0,82.0
10109516OLIVEIRARP_2025-01-28_G45,10109516OLIVEIRARP,2025-01-28,110756,1,5,0,609.0
10109516OLIVEIRARP_2025-01-28_G46,10109516OLIVEIRARP,2025-01-28,111650,1,1,0,50.0
10109516OLIVEIRARP_2025-01-28_G47,10109516OLIVEIRARP,2025-01-28,109640,1,30,0,329.0
10109516OLIVEIRARP_2025-01-28_G48,10109516OLIVEIRARP,2025-01-28,110063,1,10,0,128.0
10109516OLIVEIRARP_2025-01-28_G49,10109516OLIVEIRARP,2025-01-28,140922,1,48,0,389.0
10109516OLIVEIRARP_2025-01-28_G50,10109516OLIVEIRARP,2025-01-28,111532,1,20,0,536.0
10109516OLIVEIRARP_2025-01-28_G51,10109516OLIVEIRARP,2025-01-28,110895,1,96,0,499.0
10109516OLIVEIRARP_2025-01-28_G52,10109516OLIVEIRARP,2025-01-28,117935,1,70,0,196.0
10109516OLIVEIRARP_2025-01-28_G53,10109516OLIVEIRARP,2025-01-28,111602,1,70,0,289.0
10109516OLIVEIRARP_2025-01-28_G54,10109516OLIVEIRARP,2025-01-28,117855,1,18,0,250.0
10109516OLIVEIRARP_2025-01-28_G55,10109516OLIVEIRARP,2025-01-28,111172,1,34,0,381.0
10109516OLIVEIRARP_2025-01-28_G56,10109516OLIVEIRARP,2025-01-28,117935,1,12,0,320.0
10109516OLIVEIRARP_2025-01-28_G57,10109516OLIVEIRARP,2025-01-28,111182,1,3,0,474.0
10109516OLIVEIRARP_2025-01-28_G58,10109516OLIVEIRARP,2025-01-28,109649,1,27,0,293.0
10109516OLIVEIRARP_2025-01-29_G02,10109516OLIVEIRARP,2025-01-29,111468,1,20,0,397.0
10109516OLIVEIRARP_2025-01-29_G03,10109516OLIVEIRARP,2025-01-29,111462,1,195,0,441.0
10109516OLIVEIRARP_2025-01-29_G04,10109516OLIVEIRARP,2025-01-29,111462,1,22,0,366.0
10109516OLIVEIRARP_2025-01-29_G05,10109516OLIVEIRARP,2025-01-29,110373,1,200,0,3083.0
10109516OLIVEIRARP_2025-01-29_G06,10109516OLIVEIRARP,2025-01-29,110374,1,175,0,394.0
10109516OLIVEIRARP_2025-01-29_G07,10109516OLIVEIRARP,2025-01-29,110373,1,89,0,430.0
10109516OLIVEIRARP_2025-01-29_G09,10109516OLIVEIRARP,2025-01-29,111602,1,7,0,608.0
10109516OLIVEIRARP_2025-01-29_G10,10109516OLIVEIRARP,2025-01-29,"111438, 111602",2,8,24,86.0
10109516OLIVEIRARP_2025-01-29_G11,10109516OLIVEIRARP,2025-01-29,111462,1,1,0,78.0
10109516OLIVEIRARP_2025-01-29_G12,10109516OLIVEIRARP,2025-01-29,111469,1,8,0,374.0
10109516OLIVEIRARP_2025-01-29_G13,10109516OLIVEIRARP,2025-01-29,"117786, 111469",2,3,26,75.0
10109516OLIVEIRARP_2025-01-29_G15,10109516OLIVEIRARP,2025-01-29,111569,1,2,0,95.0
10109516OLIVEIRARP_2025-01-29_G16,10109516OLIVEIRARP,2025-01-29,111330,1,10,0,240.0
10109516OLIVEIRARP_2025-01-29_G17,10109516OLIVEIRARP,2025-01-29,109641,1,10,0,407.0
10109516OLIVEIRARP_2025-01-29_G18,10109516OLIVEIRARP,2025-01-29,111465,1,12,0,253.0
10109516OLIVEIRARP_2025-01-29_G19,10109516OLIVEIRARP,2025-01-29,140922,3,14,20,61.0
10109516OLIVEIRARP_2025-01-29_G20,10109516OLIVEIRARP,2025-01-29,111469,2,6,8,121.0
10109516OLIVEIRARP_2025-01-29_G21,10109516OLIVEIRARP,2025-01-29,111469,1,6,0,57.0
10109516OLIVEIRARP_2025-01-29_G22,10109516OLIVEIRARP,2025-01-29,111469,1,44,0,596.0
10109516OLIVEIRARP_2025-01-29_G23,10109516OLIVEIRARP,2025-01-29,117808,2,6,9,668.0
10109516OLIVEIRARP_2025-01-29_G24,10109516OLIVEIRARP,2025-01-29,117809,1,4,0,216.0
10109516OLIVEIRARP_2025-01-29_G25,10109516OLIVEIRARP,2025-01-29,118299,1,4,0,64.0
10109516OLIVEIRARP_2025-01-29_G26,10109516OLIVEIRARP,2025-01-29,117830,1,2,0,122.0
10109516OLIVEIRARP_2025-01-29_G27,10109516OLIVEIRARP,2025-01-29,117820,1,20,0,618.0
10109516OLIVEIRARP_2025-01-29_G28,10109516OLIVEIRARP,2025-01-29,110515,1,5,0,397.0
10109516OLIVEIRARP_2025-01-29_G29,10109516OLIVEIRARP,2025-01-29,"111469, 111462",2,10,29,155.0
10109516OLIVEIRARP_2025-01-29_G30,10109516OLIVEIRARP,2025-01-29,110373,1,6,0,287.0
10109516OLIVEIRARP_2025-01-29_G31,10109516OLIVEIRARP,2025-01-29,117808,1,5,0,322.0
10109516OLIVEIRARP_2025-01-29_G32,10109516OLIVEIRARP,2025-01-29,118299,1,12,0,290.0
10109516OLIVEIRARP_2025-01-29_G33,10109516OLIVEIRARP,2025-01-29,111418,1,18,0,777.0
10109516OLIVEIRARP_2025-01-30_G02,10109516OLIVEIRARP,2025-01-30,109640,1,3,0,52.0
10109516OLIVEIRARP_2025-01-30_G03,10109516OLIVEIRARP,2025-01-30,110745,1,4,0,95.0
10109516OLIVEIRARP_2025-01-30_G04,10109516OLIVEIRARP,2025-01-30,105705,1,4,0,123.0
10109516OLIVEIRARP_2025-01-30_G05,10109516OLIVEIRARP,2025-01-30,111462,1,1,0,71.0
10109516OLIVEIRARP_2025-01-30_G06,10109516OLIVEIRARP,2025-01-30,118299,1,28,0,245.0
10109516OLIVEIRARP_2025-01-30_G07,10109516OLIVEIRARP,2025-01-30,110325,1,8,0,172.0
10109516OLIVEIRARP_2025-01-30_G08,10109516OLIVEIRARP,2025-01-30,110371,1,4,0,57.0
10109516OLIVEIRARP_2025-01-30_G09,10109516OLIVEIRARP,2025-01-30,109643,1,4,0,136.0
10109516OLIVEIRARP_2025-01-30_G10,10109516OLIVEIRARP,2025-01-30,111466,2,34,11,2415.0
10109516OLIVEIRARP_2025-01-30_G11,10109516OLIVEIRARP,2025-01-30,110313,2,7,8,2102.0
10109516OLIVEIRARP_2025-01-30_G12,10109516OLIVEIRARP,2025-01-30,111530,1,4,0,95.0
10109516OLIVEIRARP_2025-01-30_G13,10109516OLIVEIRARP,2025-01-30,111876,1,2,0,54.0
10109516OLIVEIRARP_2025-01-30_G14,10109516OLIVEIRARP,2025-01-30,117786,1,2,0,113.0
10109516OLIVEIRARP_2025-01-30_G15,10109516OLIVEIRARP,2025-01-30,110515,1,20,0,378.0
10109516OLIVEIRARP_2025-01-30_G16,10109516OLIVEIRARP,2025-01-30,110515,1,13,0,271.0
10109516OLIVEIRARP_2025-01-30_G17,10109516OLIVEIRARP,2025-01-30,117862,1,1,0,229.0
10109516OLIVEIRARP_2025-01-30_G18,10109516OLIVEIRARP,2025-01-30,111466,1,62,0,862.0
10109516OLIVEIRARP_2025-01-30_G19,10109516OLIVEIRARP,2025-01-30,117831,1,40,0,436.0
10109516OLIVEIRARP_2025-01-30_G20,10109516OLIVEIRARP,2025-01-30,111469,1,28,0,1270.0
10109516OLIVEIRARP_2025-01-30_G21,10109516OLIVEIRARP,2025-01-30,117841,1,4,0,820.0
10109516OLIVEIRARP_2025-01-30_G22,10109516OLIVEIRARP,2025-01-30,111446,1,4,0,120.0
10109516OLIVEIRARP_2025-01-30_G23,10109516OLIVEIRARP,2025-01-30,140922,1,4,0,114.0
10109516OLIVEIRARP_2025-01-30_G24,10109516OLIVEIRARP,2025-01-30,117836,1,6,0,127.0
10109516OLIVEIRARP_2025-01-30_G25,10109516OLIVEIRARP,2025-01-30,111330,1,4,0,64.0
10109516OLIVEIRARP_2025-01-30_G26,10109516OLIVEIRARP,2025-01-30,110751,1,4,0,104.0
10109516OLIVEIRARP_2025-01-30_G27,10109516OLIVEIRARP,2025-01-30,111532,1,4,0,964.0
10109516OLIVEIRARP_2025-01-30_G28,10109516OLIVEIRARP,2025-01-30,111532,1,7,0,805.0
10109516OLIVEIRARP_2025-01-30_G29,10109516OLIVEIRARP,2025-01-30,111602,1,4,0,86.0
10109516OLIVEIRARP_2025-01-30_G30,10109516OLIVEIRARP,2025-01-30,111532,1,8,0,163.0
10109516OLIVEIRARP_2025-01-30_G31,10109516OLIVEIRARP,2025-01-30,111602,1,5,0,159.0
10109516OLIVEIRARP_2025-01-30_G32,10109516OLIVEIRARP,2025-01-30,110895,1,1,0,1081.0
10109516OLIVEIRARP_2025-01-30_G33,10109516OLIVEIRARP,2025-01-30,111602,1,4,0,383.0
10109516OLIVEIRARP_2025-01-30_G34,10109516OLIVEIRARP,2025-01-30,117832,1,4,0,199.0
10109516OLIVEIRARP_2025-01-30_G36,10109516OLIVEIRARP,2025-01-30,111532,1,24,0,304.0
10109516OLIVEIRARP_2025-01-30_G37,10109516OLIVEIRARP,2025-01-30,100334,1,8,0,318.0
10109516OLIVEIRARP_2025-01-30_G38,10109516OLIVEIRARP,2025-01-30,110325,1,1,0,114.0
10109516OLIVEIRARP_2025-01-30_G39,10109516OLIVEIRARP,2025-01-30,110325,1,2,0,438.0
10109516OLIVEIRARP_2025-01-30_G40,10109516OLIVEIRARP,2025-01-30,109640,1,8,0,415.0
10109516OLIVEIRARP_2025-01-30_G41,10109516OLIVEIRARP,2025-01-30,110582,1,4,0,151.0
10109516OLIVEIRARP_2025-01-30_G42,10109516OLIVEIRARP,2025-01-30,109640,1,4,0,73.0
10109516OLIVEIRARP_2025-01-30_G43,10109516OLIVEIRARP,2025-01-30,109640,1,8,0,275.0
10109516OLIVEIRARP_2025-01-30_G44,10109516OLIVEIRARP,2025-01-30,109640,1,8,0,788.0
10109516OLIVEIRARP_2025-01-30_G45,10109516OLIVEIRARP,2025-01-30,110325,1,12,0,286.0
10109516OLIVEIRARP_2025-01-30_G46,10109516OLIVEIRARP,2025-01-30,111532,1,8,0,354.0
10109516OLIVEIRARP_2025-01-30_G47,10109516OLIVEIRARP,2025-01-30,118290,1,1,0,218.0
10109516OLIVEIRARP_2025-01-30_G48,10109516OLIVEIRARP,2025-01-30,109640,1,18,0,272.0
10109516OLIVEIRARP_2025-01-30_G49,10109516OLIVEIRARP,2025-01-30,111602,1,20,0,1464.0
10109516OLIVEIRARP_2025-01-30_G50,10109516OLIVEIRARP,2025-01-30,111530,1,20,0,379.0
10109516OLIVEIRARP_2025-01-30_G51,10109516OLIVEIRARP,2025-01-30,118299,1,100,0,187.0
10109516OLIVEIRARP_2025-01-30_G52,10109516OLIVEIRARP,2025-01-30,118299,1,215,0,433.0
10109516OLIVEIRARP_2025-01-31_G02,10109516OLIVEIRARP,2025-01-31,111438,1,4,0,283.0
10109516OLIVEIRARP_2025-01-31_G03,10109516OLIVEIRARP,2025-01-31,109497,1,2,0,120.0
10109516OLIVEIRARP_2025-01-31_G04,10109516OLIVEIRARP,2025-01-31,109937,1,4,0,101.0
10109516OLIVEIRARP_2025-01-31_G05,10109516OLIVEIRARP,2025-01-31,116527,1,4,0,595.0
10109516OLIVEIRARP_2025-01-31_G06,10109516OLIVEIRARP,2025-01-31,110752,1,2,0,203.0
10109516OLIVEIRARP_2025-01-31_G07,10109516OLIVEIRARP,2025-01-31,110756,1,4,0,150.0
10109516OLIVEIRARP_2025-01-31_G08,10109516OLIVEIRARP,2025-01-31,100334,1,2,0,1938.0
10109516OLIVEIRARP_2025-01-31_G09,10109516OLIVEIRARP,2025-01-31,117836,1,4,0,114.0
10109516OLIVEIRARP_2025-01-31_G10,10109516OLIVEIRARP,2025-01-31,110895,1,1,0,75.0
10109516OLIVEIRARP_2025-01-31_G11,10109516OLIVEIRARP,2025-01-31,110755,1,4,0,313.0
10109516OLIVEIRARP_2025-01-31_G12,10109516OLIVEIRARP,2025-01-31,110339,1,4,0,428.0
10109516OLIVEIRARP_2025-01-31_G13,10109516OLIVEIRARP,2025-01-31,110756,1,2,0,169.0
10109516OLIVEIRARP_2025-01-31_G14,10109516OLIVEIRARP,2025-01-31,111530,1,2,0,79.0
10109516OLIVEIRARP_2025-01-31_G15,10109516OLIVEIRARP,2025-01-31,118094,1,2,0,1067.0
10109516OLIVEIRARP_2025-01-31_G16,10109516OLIVEIRARP,2025-01-31,111876,1,2,0,59.0
10109516OLIVEIRARP_2025-01-31_G17,10109516OLIVEIRARP,2025-01-31,117786,1,3,0,116.0
10109516OLIVEIRARP_2025-01-31_G18,10109516OLIVEIRARP,2025-01-31,110711,1,7,0,220.0
10109516OLIVEIRARP_2025-01-31_G19,10109516OLIVEIRARP,2025-01-31,110733,1,4,0,90.0
10109516OLIVEIRARP_2025-01-31_G20,10109516OLIVEIRARP,2025-01-31,111532,1,4,0,788.0
10109516OLIVEIRARP_2025-01-31_G21,10109516OLIVEIRARP,2025-01-31,107236,1,4,0,153.0
10109516OLIVEIRARP_2025-01-31_G22,10109516OLIVEIRARP,2025-01-31,108711,1,8,0,154.0
10109516OLIVEIRARP_2025-01-31_G23,10109516OLIVEIRARP,2025-01-31,110332,1,4,0,452.0
10109516OLIVEIRARP_2025-01-31_G24,10109516OLIVEIRARP,2025-01-31,110374,3,18,24,1085.0
10109516OLIVEIRARP_2025-01-31_G25,10109516OLIVEIRARP,2025-01-31,117935,1,8,0,202.0
10109516OLIVEIRARP_2025-01-31_G26,10109516OLIVEIRARP,2025-01-31,111743,1,8,0,212.0
10109516OLIVEIRARP_2025-01-31_G27,10109516OLIVEIRARP,2025-01-31,110374,1,54,0,443.0
10109516OLIVEIRARP_2025-01-31_G28,10109516OLIVEIRARP,2025-01-31,111532,1,22,0,534.0
10109516OLIVEIRARP_2025-01-31_G29,10109516OLIVEIRARP,2025-01-31,160051,1,3,0,187.0
10109516OLIVEIRARP_2025-01-31_G31,10109516OLIVEIRARP,2025-01-31,110515,1,20,0,443.0
10109516OLIVEIRARP_2025-01-31_G32,10109516OLIVEIRARP,2025-01-31,117820,1,20,0,251.0
10109516OLIVEIRARP_2025-01-31_G33,10109516OLIVEIRARP,2025-01-31,117808,1,120,0,542.0
10109516OLIVEIRARP_2025-01-31_G34,10109516OLIVEIRARP,2025-01-31,110373,1,60,0,378.0
10109516OLIVEIRARP_2025-01-31_G36,10109516OLIVEIRARP,2025-01-31,110787,1,2,0,108.0
10109516OLIVEIRARP_2025-01-31_G37,10109516OLIVEIRARP,2025-01-31,110325,1,1,0,168.0
10109516OLIVEIRARP_2025-01-31_G38,10109516OLIVEIRARP,2025-01-31,111602,1,11,0,203.0
10109516OLIVEIRARP_2025-01-31_G39,10109516OLIVEIRARP,2025-01-31,111602,1,16,0,238.0
10109516OLIVEIRARP_2025-01-31_G40,10109516OLIVEIRARP,2025-01-31,111850,1,4,0,592.0
10109516OLIVEIRARP_2025-01-31_G41,10109516OLIVEIRARP,2025-01-31,111439,1,4,0,95.0
10109516OLIVEIRARP_2025-01-31_G42,10109516OLIVEIRARP,2025-01-31,118094,1,7,0,436.0
10109516OLIVEIRARP_2025-01-31_G43,10109516OLIVEIRARP,2025-01-31,117861,1,8,0,121.0
10109516OLIVEIRARP_2025-01-31_G44,10109516OLIVEIRARP,2025-01-31,111876,1,4,0,115.0
10109516OLIVEIRARP_2025-01-31_G45,10109516OLIVEIRARP,2025-01-31,109647,1,8,0,163.0
10109516OLIVEIRARP_2025-01-31_G46,10109516OLIVEIRARP,2025-01-31,117786,1,3,0,115.0
10109516OLIVEIRARP_2025-01-31_G47,10109516OLIVEIRARP,2025-01-31,111435,1,2,0,242.0
10109516OLIVEIRARP_2025-01-31_G48,10109516OLIVEIRARP,2025-01-31,118004,1,6,0,119.0
10109516OLIVEIRARP_2025-01-31_G49,10109516OLIVEIRARP,2025-01-31,118140,1,12,0,161.0
10109516OLIVEIRARP_2025-01-31_G50,10109516OLIVEIRARP,2025-01-31,108711,1,4,0,1307.0
10109516OLIVEIRARP_2025-01-31_G51,10109516OLIVEIRARP,2025-01-31,"117785, 117831",2,16,15,138.0
10109516OLIVEIRARP_2025-02-06_G02,10109516OLIVEIRARP,2025-02-06,111438,1,6,0,359.0
10109516OLIVEIRARP_2025-02-06_G03,10109516OLIVEIRARP,2025-02-06,111430,1,2,0,59.0
10109516OLIVEIRARP_2025-02-06_G04,10109516OLIVEIRARP,2025-02-06,109647,1,4,0,225.0
10109516OLIVEIRARP_2025-02-06_G05,10109516OLIVEIRARP,2025-02-06,141047,1,4,0,163.0
10109516OLIVEIRARP_2025-02-06_G06,10109516OLIVEIRARP,2025-02-06,116241,1,4,0,227.0
10109516OLIVEIRARP_2025-02-06_G07,10109516OLIVEIRARP,2025-02-06,111182,1,4,0,114.0
10109516OLIVEIRARP_2025-02-06_G08,10109516OLIVEIRARP,2025-02-06,111532,1,4,0,179.0
10109516OLIVEIRARP_2025-02-06_G09,10109516OLIVEIRARP,2025-02-06,110740,1,2,0,65.0
10109516OLIVEIRARP_2025-02-06_G10,10109516OLIVEIRARP,2025-02-06,111330,1,4,0,69.0
10109516OLIVEIRARP_2025-02-06_G11,10109516OLIVEIRARP,2025-02-06,118140,1,12,0,146.0
10109516OLIVEIRARP_2025-02-06_G12,10109516OLIVEIRARP,2025-02-06,108711,1,4,0,1146.0
10109516OLIVEIRARP_2025-02-06_G13,10109516OLIVEIRARP,2025-02-06,117787,1,4,0,69.0
10109516OLIVEIRARP_2025-02-06_G14,10109516OLIVEIRARP,2025-02-06,117821,1,8,0,115.0
10109516OLIVEIRARP_2025-02-06_G15,10109516OLIVEIRARP,2025-02-06,118299,1,12,0,788.0
10109516OLIVEIRARP_2025-02-06_G16,10109516OLIVEIRARP,2025-02-06,117832,1,12,0,835.0
10109516OLIVEIRARP_2025-02-06_G17,10109516OLIVEIRARP,2025-02-06,117808,1,30,0,441.0
10109516OLIVEIRARP_2025-02-06_G18,10109516OLIVEIRARP,2025-02-06,117830,1,8,0,226.0
10109516OLIVEIRARP_2025-02-06_G19,10109516OLIVEIRARP,2025-02-06,109643,1,12,0,442.0
10109516OLIVEIRARP_2025-02-07_G02,10109516OLIVEIRARP,2025-02-07,124486,1,20,0,1251.0
10109516OLIVEIRARP_2025-02-07_G03,10109516OLIVEIRARP,2025-02-07,122673,1,40,0,937.0
10109516OLIVEIRARP_2025-02-07_G04,10109516OLIVEIRARP,2025-02-07,124248,1,40,0,703.0
10109516OLIVEIRARP_2025-02-07_G05,10109516OLIVEIRARP,2025-02-07,124486,1,30,0,1096.0
10109516OLIVEIRARP_2025-02-07_G06,10109516OLIVEIRARP,2025-02-07,124486,1,16,0,622.0
10109516OLIVEIRARP_2025-02-07_G07,10109516OLIVEIRARP,2025-02-07,124486,1,12,0,133.0
10109516OLIVEIRARP_2025-02-07_G08,10109516OLIVEIRARP,2025-02-07,124486,1,18,0,928.0
10109516OLIVEIRARP_2025-02-07_G09,10109516OLIVEIRARP,2025-02-07,124486,1,2,0,397.0
10109516OLIVEIRARP_2025-02-07_G10,10109516OLIVEIRARP,2025-02-07,122962,1,2,0,88.0
10109516OLIVEIRARP_2025-02-07_G11,10109516OLIVEIRARP,2025-02-07,123908,1,8,0,296.0
10109516OLIVEIRARP_2025-02-07_G12,10109516OLIVEIRARP,2025-02-07,124486,1,30,0,1994.0
10109516OLIVEIRARP_2025-02-07_G13,10109516OLIVEIRARP,2025-02-07,123911,1,84,0,2279.0
10109516OLIVEIRARP_2025-02-07_G14,10109516OLIVEIRARP,2025-02-07,122988,1,5,0,415.0
10109516OLIVEIRARP_2025-02-07_G15,10109516OLIVEIRARP,2025-02-07,120389,1,16,0,294.0
10109516OLIVEIRARP_2025-02-07_G16,10109516OLIVEIRARP,2025-02-07,122185,1,100,0,1183.0
10109516OLIVEIRARP_2025-02-07_G17,10109516OLIVEIRARP,2025-02-07,124371,1,33,0,387.0
10109516OLIVEIRARP_2025-02-07_G19,10109516OLIVEIRARP,2025-02-07,120272,1,10,0,132.0
10109516OLIVEIRARP_2025-02-07_G20,10109516OLIVEIRARP,2025-02-07,124247,1,19,0,289.0
10109516OLIVEIRARP_2025-02-07_G21,10109516OLIVEIRARP,2025-02-07,123907,1,40,0,595.0
10109516OLIVEIRARP_2025-02-07_G22,10109516OLIVEIRARP,2025-02-07,122985,1,8,0,190.0
10109516OLIVEIRARP_2025-02-10_G02,10109516OLIVEIRARP,2025-02-10,111467,1,4,0,223.0
10109516OLIVEIRARP_2025-02-10_G03,10109516OLIVEIRARP,2025-02-10,111530,1,4,0,114.0
10109516OLIVEIRARP_2025-02-10_G04,10109516OLIVEIRARP,2025-02-10,110371,1,3,0,111.0
10109516OLIVEIRARP_2025-02-10_G05,10109516OLIVEIRARP,2025-02-10,110374,1,2,0,146.0
10109516OLIVEIRARP_2025-02-10_G06,10109516OLIVEIRARP,2025-02-10,111418,1,2,0,150.0
10109516OLIVEIRARP_2025-02-10_G07,10109516OLIVEIRARP,2025-02-10,118290,1,4,0,2522.0
10109516OLIVEIRARP_2025-02-10_G08,10109516OLIVEIRARP,2025-02-10,117836,1,2,0,194.0
10109516OLIVEIRARP_2025-02-10_G09,10109516OLIVEIRARP,2025-02-10,110895,1,1,0,79.0
10109516OLIVEIRARP_2025-02-10_G10,10109516OLIVEIRARP,2025-02-10,111569,1,4,0,848.0
10109516OLIVEIRARP_2025-02-10_G11,10109516OLIVEIRARP,2025-02-10,111602,1,5,0,127.0
10109516OLIVEIRARP_2025-02-10_G12,10109516OLIVEIRARP,2025-02-10,118094,1,3,0,85.0
10109516OLIVEIRARP_2025-02-10_G13,10109516OLIVEIRARP,2025-02-10,110515,1,3,0,117.0
10109516OLIVEIRARP_2025-02-10_G14,10109516OLIVEIRARP,2025-02-10,111530,1,3,0,73.0
10109516OLIVEIRARP_2025-02-10_G15,10109516OLIVEIRARP,2025-02-10,110711,1,2,0,149.0
10109516OLIVEIRARP_2025-02-10_G16,10109516OLIVEIRARP,2025-02-10,110740,1,4,0,217.0
10109516OLIVEIRARP_2025-02-10_G17,10109516OLIVEIRARP,2025-02-10,111743,1,1,0,444.0
10109516OLIVEIRARP_2025-02-10_G18,10109516OLIVEIRARP,2025-02-10,111418,1,4,0,105.0
10109516OLIVEIRARP_2025-02-10_G19,10109516OLIVEIRARP,2025-02-10,110787,1,3,0,72.0
10109516OLIVEIRARP_2025-02-10_G20,10109516OLIVEIRARP,2025-02-10,110745,1,2,0,95.0
10109516OLIVEIRARP_2025-02-10_G21,10109516OLIVEIRARP,2025-02-10,108711,1,1,0,226.0
10109516OLIVEIRARP_2025-02-10_G22,10109516OLIVEIRARP,2025-02-10,105705,1,2,0,490.0
10109516OLIVEIRARP_2025-02-10_G23,10109516OLIVEIRARP,2025-02-10,117837,1,2,0,1764.0
10109516OLIVEIRARP_2025-02-10_G24,10109516OLIVEIRARP,2025-02-10,111602,1,4,0,479.0
10109516OLIVEIRARP_2025-02-10_G25,10109516OLIVEIRARP,2025-02-10,111467,1,2,0,67.0
10109516OLIVEIRARP_2025-02-10_G26,10109516OLIVEIRARP,2025-02-10,109647,1,4,0,302.0
10109516OLIVEIRARP_2025-02-10_G27,10109516OLIVEIRARP,2025-02-10,110515,1,12,0,191.0
10109516OLIVEIRARP_2025-02-10_G28,10109516OLIVEIRARP,2025-02-10,111530,1,4,0,255.0
10109516OLIVEIRARP_2025-02-10_G29,10109516OLIVEIRARP,2025-02-10,111530,1,4,0,52.0
10109516OLIVEIRARP_2025-02-13_G02,10109516OLIVEIRARP,2025-02-13,111466,1,198,0,972.0
10109516OLIVEIRARP_2025-02-13_G03,10109516OLIVEIRARP,2025-02-13,118250,1,4,0,1414.0
10109516OLIVEIRARP_2025-02-13_G04,10109516OLIVEIRARP,2025-02-13,111569,1,8,0,186.0
10109516OLIVEIRARP_2025-02-13_G05,10109516OLIVEIRARP,2025-02-13,111598,1,4,0,1671.0
10109516OLIVEIRARP_2025-02-13_G06,10109516OLIVEIRARP,2025-02-13,111876,1,8,0,212.0
10109516OLIVEIRARP_2025-02-13_G07,10109516OLIVEIRARP,2025-02-13,110711,1,4,0,237.0
10109516OLIVEIRARP_2025-02-13_G08,10109516OLIVEIRARP,2025-02-13,117862,1,6,0,203.0
10109516OLIVEIRARP_2025-02-13_G09,10109516OLIVEIRARP,2025-02-13,111182,1,9,0,265.0
10109516OLIVEIRARP_2025-02-13_G10,10109516OLIVEIRARP,2025-02-13,111469,1,28,0,928.0
10109516OLIVEIRARP_2025-02-13_G11,10109516OLIVEIRARP,2025-02-13,118004,1,10,0,322.0
10109516OLIVEIRARP_2025-02-13_G12,10109516OLIVEIRARP,2025-02-13,111442,1,60,0,355.0
10109516OLIVEIRARP_2025-02-13_G13,10109516OLIVEIRARP,2025-02-13,110787,1,18,0,359.0
10109516OLIVEIRARP_2025-02-13_G14,10109516OLIVEIRARP,2025-02-13,109645,1,11,0,694.0
10109516OLIVEIRARP_2025-02-13_G15,10109516OLIVEIRARP,2025-02-13,117785,1,16,0,203.0
10109516OLIVEIRARP_2025-02-13_G16,10109516OLIVEIRARP,2025-02-13,118223,1,8,0,117.0
10109516OLIVEIRARP_2025-02-13_G17,10109516OLIVEIRARP,2025-02-13,105705,1,10,0,452.0
10109516OLIVEIRARP_2025-02-13_G18,10109516OLIVEIRARP,2025-02-13,117821,1,5,0,64.0
10109516OLIVEIRARP_2025-02-13_G19,10109516OLIVEIRARP,2025-02-13,111462,1,11,0,314.0
10109516OLIVEIRARP_2025-02-13_G20,10109516OLIVEIRARP,2025-02-13,111465,1,8,0,112.0
10109516OLIVEIRARP_2025-02-13_G21,10109516OLIVEIRARP,2025-02-13,110582,1,1,0,878.0
10109516OLIVEIRARP_2025-02-13_G22,10109516OLIVEIRARP,2025-02-13,110373,1,3,0,131.0
10109516OLIVEIRARP_2025-02-13_G23,10109516OLIVEIRARP,2025-02-13,110372,1,1,0,40.0
10109516OLIVEIRARP_2025-02-13_G24,10109516OLIVEIRARP,2025-02-13,110787,1,4,0,192.0
10109516OLIVEIRARP_2025-02-13_G25,10109516OLIVEIRARP,2025-02-13,110373,1,4,0,257.0
10109516OLIVEIRARP_2025-02-13_G26,10109516OLIVEIRARP,2025-02-13,110372,1,9,0,144.0
10109516OLIVEIRARP_2025-02-13_G27,10109516OLIVEIRARP,2025-02-13,111438,1,8,0,424.0
10109516OLIVEIRARP_2025-02-13_G28,10109516OLIVEIRARP,2025-02-13,111438,1,88,0,639.0
10109516OLIVEIRARP_2025-02-13_G29,10109516OLIVEIRARP,2025-02-13,109643,1,3,0,490.0
10109516OLIVEIRARP_2025-02-13_G30,10109516OLIVEIRARP,2025-02-13,117820,1,7,0,159.0
10109516OLIVEIRARP_2025-02-13_G31,10109516OLIVEIRARP,2025-02-13,110371,1,5,0,160.0
10109516OLIVEIRARP_2025-02-13_G32,10109516OLIVEIRARP,2025-02-13,110372,1,20,0,595.0
10109516OLIVEIRARP_2025-02-13_G33,10109516OLIVEIRARP,2025-02-13,110325,1,1,0,88.0
10109516OLIVEIRARP_2025-02-13_G34,10109516OLIVEIRARP,2025-02-13,117830,1,4,0,131.0
10109516OLIVEIRARP_2025-02-13_G35,10109516OLIVEIRARP,2025-02-13,111602,1,70,0,696.0
10109516OLIVEIRARP_2025-02-13_G36,10109516OLIVEIRARP,2025-02-13,110711,1,20,0,616.0
10109516OLIVEIRARP_2025-02-13_G37,10109516OLIVEIRARP,2025-02-13,140922,1,20,0,233.0
10109516OLIVEIRARP_2025-02-13_G38,10109516OLIVEIRARP,2025-02-13,110787,1,4,0,187.0
10109516OLIVEIRARP_2025-02-13_G39,10109516OLIVEIRARP,2025-02-13,109643,1,2,0,154.0
10109516OLIVEIRARP_2025-02-13_G40,10109516OLIVEIRARP,2025-02-13,110711,1,10,0,178.0
10109516OLIVEIRARP_2025-02-13_G41,10109516OLIVEIRARP,2025-02-13,110895,1,4,0,300.0
10109516OLIVEIRARP_2025-02-13_G42,10109516OLIVEIRARP,2025-02-13,111602,1,3,0,96.0
10109516OLIVEIRARP_2025-02-13_G43,10109516OLIVEIRARP,2025-02-13,111462,1,3,0,142.0
10109516OLIVEIRARP_2025-02-13_G44,10109516OLIVEIRARP,2025-02-13,110373,1,3,0,205.0
10109516OLIVEIRARP_2025-02-13_G45,10109516OLIVEIRARP,2025-02-13,109640,1,4,0,241.0
10109516OLIVEIRARP_2025-02-13_G46,10109516OLIVEIRARP,2025-02-13,111569,1,5,0,677.0
10109516OLIVEIRARP_2025-02-13_G47,10109516OLIVEIRARP,2025-02-13,109647,1,6,0,161.0
10109516OLIVEIRARP_2025-02-13_G48,10109516OLIVEIRARP,2025-02-13,140922,1,6,0,118.0
10109516OLIVEIRARP_2025-02-13_G49,10109516OLIVEIRARP,2025-02-13,110129,1,4,0,116.0
10109516OLIVEIRARP_2025-02-13_G50,10109516OLIVEIRARP,2025-02-13,118317,1,1,0,43.0
10109516OLIVEIRARP_2025-02-13_G51,10109516OLIVEIRARP,2025-02-13,111465,1,4,0,46.0
10109516OLIVEIRARP_2025-02-13_G52,10109516OLIVEIRARP,2025-02-13,117822,1,6,0,158.0
10109516OLIVEIRARP_2025-02-13_G53,10109516OLIVEIRARP,2025-02-13,110372,1,38,0,252.0
10109516OLIVEIRARP_2025-02-13_G54,10109516OLIVEIRARP,2025-02-13,118140,1,6,0,337.0
10109516OLIVEIRARP_2025-02-13_G55,10109516OLIVEIRARP,2025-02-13,117821,1,8,0,119.0
10109516OLIVEIRARP_2025-02-13_G56,10109516OLIVEIRARP,2025-02-13,118299,1,8,0,587.0
10109516OLIVEIRARP_2025-02-13_G58,10109516OLIVEIRARP,2025-02-13,108361,1,2,0,496.0
10109516OLIVEIRARP_2025-02-13_G59,10109516OLIVEIRARP,2025-02-13,110580,1,32,0,830.0
10109516OLIVEIRARP_2025-02-13_G60,10109516OLIVEIRARP,2025-02-13,117855,1,14,0,256.0
10109516OLIVEIRARP_2025-02-14_G02,10109516OLIVEIRARP,2025-02-14,118004,1,4,0,102.0
10109516OLIVEIRARP_2025-02-14_G03,10109516OLIVEIRARP,2025-02-14,110373,1,8,0,145.0
10109516OLIVEIRARP_2025-02-14_G04,10109516OLIVEIRARP,2025-02-14,110371,1,8,0,98.0
10109516OLIVEIRARP_2025-02-14_G05,10109516OLIVEIRARP,2025-02-14,110372,1,8,0,120.0
10109516OLIVEIRARP_2025-02-14_G06,10109516OLIVEIRARP,2025-02-14,117830,1,6,0,184.0
10109516OLIVEIRARP_2025-02-14_G07,10109516OLIVEIRARP,2025-02-14,117820,1,8,0,155.0
10109516OLIVEIRARP_2025-02-14_G08,10109516OLIVEIRARP,2025-02-14,117834,1,6,0,2160.0
10109516OLIVEIRARP_2025-02-14_G09,10109516OLIVEIRARP,2025-02-14,110895,1,20,0,372.0
10109516OLIVEIRARP_2025-02-14_G10,10109516OLIVEIRARP,2025-02-14,118306,1,10,0,1114.0
10109516OLIVEIRARP_2025-02-14_G11,10109516OLIVEIRARP,2025-02-14,110581,1,2,0,95.0
10109516OLIVEIRARP_2025-02-14_G12,10109516OLIVEIRARP,2025-02-14,117837,1,25,0,1643.0
10109516OLIVEIRARP_2025-02-14_G13,10109516OLIVEIRARP,2025-02-14,117837,1,5,0,66.0
10109516OLIVEIRARP_2025-02-14_G14,10109516OLIVEIRARP,2025-02-14,111467,1,20,0,236.0
10109516OLIVEIRARP_2025-02-14_G15,10109516OLIVEIRARP,2025-02-14,117861,1,20,0,327.0
10109516OLIVEIRARP_2025-02-14_G16,10109516OLIVEIRARP,2025-02-14,110339,1,40,0,693.0
10109516OLIVEIRARP_2025-02-14_G17,10109516OLIVEIRARP,2025-02-14,118298,1,4,0,263.0
10109516OLIVEIRARP_2025-02-14_G18,10109516OLIVEIRARP,2025-02-14,117786,1,60,0,262.0
10109516OLIVEIRARP_2025-02-14_G19,10109516OLIVEIRARP,2025-02-14,101217,1,1,0,89.0
10109516OLIVEIRARP_2025-02-14_G20,10109516OLIVEIRARP,2025-02-14,117788,1,10,0,179.0
10109516OLIVEIRARP_2025-02-14_G21,10109516OLIVEIRARP,2025-02-14,110740,1,40,0,609.0
10109516OLIVEIRARP_2025-02-14_G22,10109516OLIVEIRARP,2025-02-14,117785,1,50,0,643.0
10109516OLIVEIRARP_2025-02-14_G23,10109516OLIVEIRARP,2025-02-14,110745,1,13,0,660.0
10109516OLIVEIRARP_2025-02-14_G24,10109516OLIVEIRARP,2025-02-14,110375,1,20,0,1309.0
10109516OLIVEIRARP_2025-02-14_G25,10109516OLIVEIRARP,2025-02-14,117808,1,50,0,318.0
10109516OLIVEIRARP_2025-02-14_G26,10109516OLIVEIRARP,2025-02-14,117830,1,55,0,769.0
10109516OLIVEIRARP_2025-02-14_G27,10109516OLIVEIRARP,2025-02-14,110063,1,2,0,2504.0
10109516OLIVEIRARP_2025-02-14_G28,10109516OLIVEIRARP,2025-02-14,111879,1,4,0,123.0
10109516OLIVEIRARP_2025-02-14_G29,10109516OLIVEIRARP,2025-02-14,111876,1,10,0,411.0
10109516OLIVEIRARP_2025-02-14_G30,10109516OLIVEIRARP,2025-02-14,110339,1,14,0,247.0
10109516OLIVEIRARP_2025-02-14_G31,10109516OLIVEIRARP,2025-02-14,110515,1,60,0,643.0
10109516OLIVEIRARP_2025-02-14_G32,10109516OLIVEIRARP,2025-02-14,118298,1,5,0,166.0
10109516OLIVEIRARP_2025-02-14_G33,10109516OLIVEIRARP,2025-02-14,110711,1,120,0,512.0
10109516OLIVEIRARP_2025-02-14_G34,10109516OLIVEIRARP,2025-02-14,141047,1,3,0,149.0
10109516OLIVEIRARP_2025-02-14_G35,10109516OLIVEIRARP,2025-02-14,110787,1,35,0,833.0
10109516OLIVEIRARP_2025-02-14_G36,10109516OLIVEIRARP,2025-02-14,118140,1,55,0,355.0
10109516OLIVEIRARP_2025-02-14_G37,10109516OLIVEIRARP,2025-02-14,117821,1,34,0,395.0
10109516OLIVEIRARP_2025-02-14_G38,10109516OLIVEIRARP,2025-02-14,117820,1,74,0,473.0
10109516OLIVEIRARP_2025-02-14_G39,10109516OLIVEIRARP,2025-02-14,110372,1,81,0,482.0
10109516OLIVEIRARP_2025-02-14_G40,10109516OLIVEIRARP,2025-02-14,109643,1,9,0,203.0
10109516OLIVEIRARP_2025-02-14_G41,10109516OLIVEIRARP,2025-02-14,110373,1,70,0,394.0
10109516OLIVEIRARP_2025-02-14_G43,10109516OLIVEIRARP,2025-02-14,111465,1,20,0,477.0
10109516OLIVEIRARP_2025-02-14_G44,10109516OLIVEIRARP,2025-02-14,117787,1,4,0,101.0
10109516OLIVEIRARP_2025-02-15_G02,10109516OLIVEIRARP,2025-02-15,111530,1,6,0,554.0
10109516OLIVEIRARP_2025-02-15_G03,10109516OLIVEIRARP,2025-02-15,111532,1,4,0,154.0
10109516OLIVEIRARP_2025-02-15_G04,10109516OLIVEIRARP,2025-02-15,111530,1,1,0,1112.0
10109516OLIVEIRARP_2025-02-15_G05,10109516OLIVEIRARP,2025-02-15,111466,1,5,0,1063.0
10109516OLIVEIRARP_2025-02-15_G06,10109516OLIVEIRARP,2025-02-15,111431,1,1,0,134.0
10109516OLIVEIRARP_2025-02-15_G07,10109516OLIVEIRARP,2025-02-15,140922,1,3,0,216.0
10109516OLIVEIRARP_2025-02-15_G08,10109516OLIVEIRARP,2025-02-15,111743,1,2,0,270.0
10109516OLIVEIRARP_2025-02-15_G09,10109516OLIVEIRARP,2025-02-15,109645,1,6,0,133.0
10109516OLIVEIRARP_2025-02-15_G10,10109516OLIVEIRARP,2025-02-15,118140,1,26,0,283.0
10109516OLIVEIRARP_2025-02-15_G11,10109516OLIVEIRARP,2025-02-15,105705,1,3,0,449.0
10109516OLIVEIRARP_2025-02-15_G12,10109516OLIVEIRARP,2025-02-15,118004,1,2,0,61.0
10109516OLIVEIRARP_2025-02-15_G13,10109516OLIVEIRARP,2025-02-15,117821,1,10,0,348.0
10109516OLIVEIRARP_2025-02-15_G14,10109516OLIVEIRARP,2025-02-15,111532,1,40,0,618.0
10109516OLIVEIRARP_2025-02-15_G15,10109516OLIVEIRARP,2025-02-15,111466,1,48,0,1081.0
10109516OLIVEIRARP_2025-02-15_G16,10109516OLIVEIRARP,2025-02-15,117841,1,4,0,222.0
10109516OLIVEIRARP_2025-02-15_G17,10109516OLIVEIRARP,2025-02-15,110373,1,99,0,351.0
10109516OLIVEIRARP_2025-02-15_G18,10109516OLIVEIRARP,2025-02-15,110325,1,20,0,339.0
10109516OLIVEIRARP_2025-02-15_G19,10109516OLIVEIRARP,2025-02-15,107830,1,4,0,110.0
10109516OLIVEIRARP_2025-02-15_G20,10109516OLIVEIRARP,2025-02-15,109643,1,13,0,267.0
10109516OLIVEIRARP_2025-02-15_G21,10109516OLIVEIRARP,2025-02-15,110375,1,3,0,82.0
10109516OLIVEIRARP_2025-02-15_G22,10109516OLIVEIRARP,2025-02-15,117820,1,32,0,871.0
10109516OLIVEIRARP_2025-02-15_G23,10109516OLIVEIRARP,2025-02-15,110582,1,4,0,745.0
10109516OLIVEIRARP_2025-02-15_G24,10109516OLIVEIRARP,2025-02-15,111430,1,1,0,40.0
10109516OLIVEIRARP_2025-02-15_G25,10109516OLIVEIRARP,2025-02-15,118222,1,12,0,411.0
10109516OLIVEIRARP_2025-02-15_G26,10109516OLIVEIRARP,2025-02-15,100334,1,16,0,1471.0
10109516OLIVEIRARP_2025-02-15_G28,10109516OLIVEIRARP,2025-02-15,111442,1,2,0,182.0
10109516OLIVEIRARP_2025-02-15_G29,10109516OLIVEIRARP,2025-02-15,140922,1,17,0,212.0
10109516OLIVEIRARP_2025-02-15_G30,10109516OLIVEIRARP,2025-02-15,110740,1,6,0,120.0
10109516OLIVEIRARP_2025-02-15_G31,10109516OLIVEIRARP,2025-02-15,111468,1,8,0,213.0
10109516OLIVEIRARP_2025-02-15_G32,10109516OLIVEIRARP,2025-02-15,110787,1,4,0,1098.0
10109516OLIVEIRARP_2025-02-15_G33,10109516OLIVEIRARP,2025-02-15,110787,1,33,0,342.0
10109516OLIVEIRARP_2025-02-15_G34,10109516OLIVEIRARP,2025-02-15,118004,1,1,0,1129.0
10109516OLIVEIRARP_2025-02-15_G35,10109516OLIVEIRARP,2025-02-15,117821,1,4,0,243.0
10109516OLIVEIRARP_2025-02-15_G36,10109516OLIVEIRARP,2025-02-15,111462,1,14,0,161.0
10109516OLIVEIRARP_2025-02-15_G37,10109516OLIVEIRARP,2025-02-15,111532,1,84,0,477.0
10109516OLIVEIRARP_2025-02-15_G38,10109516OLIVEIRARP,2025-02-15,111743,1,3,0,90.0
10109516OLIVEIRARP_2025-02-15_G39,10109516OLIVEIRARP,2025-02-15,117785,1,9,0,123.0
10109516OLIVEIRARP_2025-02-15_G40,10109516OLIVEIRARP,2025-02-15,118140,1,23,0,156.0
10109516OLIVEIRARP_2025-02-15_G41,10109516OLIVEIRARP,2025-02-15,108798,1,2,0,64.0
10109516OLIVEIRARP_2025-02-17_G02,10109516OLIVEIRARP,2025-02-17,117855,1,40,0,340.0
10109516OLIVEIRARP_2025-02-17_G03,10109516OLIVEIRARP,2025-02-17,110339,1,40,0,899.0
10109516OLIVEIRARP_2025-02-17_G04,10109516OLIVEIRARP,2025-02-17,110515,1,350,0,2993.0
10109516OLIVEIRARP_2025-02-17_G05,10109516OLIVEIRARP,2025-02-17,111530,1,160,0,1898.0
10109516OLIVEIRARP_2025-02-17_G06,10109516OLIVEIRARP,2025-02-17,118322,1,30,0,743.0
10109516OLIVEIRARP_2025-02-17_G07,10109516OLIVEIRARP,2025-02-17,111532,1,150,0,318.0
10109516OLIVEIRARP_2025-02-17_G08,10109516OLIVEIRARP,2025-02-17,117785,1,350,0,1692.0
10109516OLIVEIRARP_2025-02-17_G09,10109516OLIVEIRARP,2025-02-17,111441,1,2,0,539.0
10109516OLIVEIRARP_2025-02-17_G10,10109516OLIVEIRARP,2025-02-17,111466,1,7,0,241.0
10109516OLIVEIRARP_2025-02-17_G11,10109516OLIVEIRARP,2025-02-17,111469,1,2,0,131.0
10109516OLIVEIRARP_2025-02-17_G12,10109516OLIVEIRARP,2025-02-17,117855,2,3,10,301.0
10109516OLIVEIRARP_2025-02-17_G13,10109516OLIVEIRARP,2025-02-17,110313,1,1,0,63.0
10109516OLIVEIRARP_2025-02-17_G14,10109516OLIVEIRARP,2025-02-17,111530,1,6,0,895.0
10109516OLIVEIRARP_2025-02-17_G15,10109516OLIVEIRARP,2025-02-17,111443,1,3,0,190.0
10109516OLIVEIRARP_2025-02-17_G16,10109516OLIVEIRARP,2025-02-17,117785,1,5,0,437.0
10109516OLIVEIRARP_2025-02-17_G17,10109516OLIVEIRARP,2025-02-17,111469,1,12,0,150.0
10109516OLIVEIRARP_2025-02-17_G18,10109516OLIVEIRARP,2025-02-17,110895,1,17,0,499.0
10109516OLIVEIRARP_2025-02-17_G19,10109516OLIVEIRARP,2025-02-17,111441,1,20,0,235.0
10109516OLIVEIRARP_2025-02-17_G20,10109516OLIVEIRARP,2025-02-17,118290,1,6,0,279.0
10109516OLIVEIRARP_2025-02-17_G21,10109516OLIVEIRARP,2025-02-17,109640,1,13,0,288.0
10109516OLIVEIRARP_2025-02-17_G22,10109516OLIVEIRARP,2025-02-17,111467,1,21,0,235.0
10109516OLIVEIRARP_2025-02-17_G23,10109516OLIVEIRARP,2025-02-17,110752,1,10,0,598.0
10109516OLIVEIRARP_2025-02-17_G24,10109516OLIVEIRARP,2025-02-17,111530,1,62,0,491.0
10109516OLIVEIRARP_2025-02-17_G26,10109516OLIVEIRARP,2025-02-17,111469,1,40,0,342.0
10109516OLIVEIRARP_2025-02-17_G27,10109516OLIVEIRARP,2025-02-17,140922,1,68,0,306.0
10109516OLIVEIRARP_2025-02-17_G28,10109516OLIVEIRARP,2025-02-17,111466,1,79,0,242.0
10109516OLIVEIRARP_2025-02-17_G29,10109516OLIVEIRARP,2025-02-17,117808,3,13,39,1697.0
10109516OLIVEIRARP_2025-02-17_G30,10109516OLIVEIRARP,2025-02-17,117808,1,4,0,416.0
10109516OLIVEIRARP_2025-02-18_G02,10109516OLIVEIRARP,2025-02-18,111743,1,4,0,174.0
10109516OLIVEIRARP_2025-02-18_G03,10109516OLIVEIRARP,2025-02-18,108711,1,3,0,77.0
10109516OLIVEIRARP_2025-02-18_G04,10109516OLIVEIRARP,2025-02-18,117836,1,4,0,147.0
10109516OLIVEIRARP_2025-02-18_G05,10109516OLIVEIRARP,2025-02-18,110515,1,1,0,123.0
10109516OLIVEIRARP_2025-02-18_G06,10109516OLIVEIRARP,2025-02-18,110339,1,5,0,128.0
10109516OLIVEIRARP_2025-02-18_G07,10109516OLIVEIRARP,2025-02-18,111468,1,1,0,298.0
10109516OLIVEIRARP_2025-02-18_G08,10109516OLIVEIRARP,2025-02-18,108798,1,2,0,340.0
10109516OLIVEIRARP_2025-02-18_G09,10109516OLIVEIRARP,2025-02-18,110325,1,6,0,191.0
10109516OLIVEIRARP_2025-02-18_G10,10109516OLIVEIRARP,2025-02-18,110742,1,2,0,1942.0
10109516OLIVEIRARP_2025-02-18_G11,10109516OLIVEIRARP,2025-02-18,118306,1,2,0,261.0
10109516OLIVEIRARP_2025-02-18_G12,10109516OLIVEIRARP,2025-02-18,107629,1,1,0,144.0
10109516OLIVEIRARP_2025-02-18_G13,10109516OLIVEIRARP,2025-02-18,117787,1,1,0,148.0
10109516OLIVEIRARP_2025-02-18_G14,10109516OLIVEIRARP,2025-02-18,110787,1,4,0,104.0
10109516OLIVEIRARP_2025-02-18_G15,10109516OLIVEIRARP,2025-02-18,110374,1,4,0,225.0
10109516OLIVEIRARP_2025-02-18_G16,10109516OLIVEIRARP,2025-02-18,107830,1,4,0,964.0
10109516OLIVEIRARP_2025-02-18_G17,10109516OLIVEIRARP,2025-02-18,117832,1,6,0,136.0
10109516OLIVEIRARP_2025-02-18_G18,10109516OLIVEIRARP,2025-02-18,110711,1,2,0,126.0
10109516OLIVEIRARP_2025-02-18_G19,10109516OLIVEIRARP,2025-02-18,107629,1,4,0,108.0
10109516OLIVEIRARP_2025-02-18_G20,10109516OLIVEIRARP,2025-02-18,109643,1,6,0,970.0
10109516OLIVEIRARP_2025-02-18_G21,10109516OLIVEIRARP,2025-02-18,111441,1,2,0,385.0
10109516OLIVEIRARP_2025-02-18_G22,10109516OLIVEIRARP,2025-02-18,111442,1,6,0,95.0
10109516OLIVEIRARP_2025-02-18_G23,10109516OLIVEIRARP,2025-02-18,111469,1,8,0,176.0
10109516OLIVEIRARP_2025-02-18_G24,10109516OLIVEIRARP,2025-02-18,118299,1,200,0,818.0
10109516OLIVEIRARP_2025-02-18_G25,10109516OLIVEIRARP,2025-02-18,117808,1,100,0,561.0
10109516OLIVEIRARP_2025-02-18_G26,10109516OLIVEIRARP,2025-02-18,100334,1,2,0,299.0
10109516OLIVEIRARP_2025-02-18_G27,10109516OLIVEIRARP,2025-02-18,118299,1,16,0,1037.0
10109516OLIVEIRARP_2025-02-18_G28,10109516OLIVEIRARP,2025-02-18,110373,1,36,0,723.0
10109516OLIVEIRARP_2025-02-18_G29,10109516OLIVEIRARP,2025-02-18,110372,1,48,0,331.0
10109516OLIVEIRARP_2025-02-18_G30,10109516OLIVEIRARP,2025-02-18,110371,1,32,0,629.0
10109516OLIVEIRARP_2025-02-18_G31,10109516OLIVEIRARP,2025-02-18,117808,1,60,0,399.0
10109516OLIVEIRARP_2025-02-18_G32,10109516OLIVEIRARP,2025-02-18,110325,1,12,0,158.0
10109516OLIVEIRARP_2025-02-18_G33,10109516OLIVEIRARP,2025-02-18,117820,1,16,0,269.0
10109516OLIVEIRARP_2025-02-18_G34,10109516OLIVEIRARP,2025-02-18,109643,1,4,0,1661.0
10109516OLIVEIRARP_2025-02-18_G35,10109516OLIVEIRARP,2025-02-18,"117832, 110374",2,20,17,108.0
10109516OLIVEIRARP_2025-02-19_G02,10109516OLIVEIRARP,2025-02-19,111441,1,20,0,345.0
10109516OLIVEIRARP_2025-02-19_G03,10109516OLIVEIRARP,2025-02-19,111441,1,16,0,864.0
10109516OLIVEIRARP_2025-02-19_G04,10109516OLIVEIRARP,2025-02-19,118290,1,3,0,98.0
10109516OLIVEIRARP_2025-02-19_G05,10109516OLIVEIRARP,2025-02-19,118403,1,8,0,231.0
10109516OLIVEIRARP_2025-02-19_G06,10109516OLIVEIRARP,2025-02-19,107629,1,38,0,493.0
10109516OLIVEIRARP_2025-02-19_G08,10109516OLIVEIRARP,2025-02-19,117787,1,40,0,719.0
10109516OLIVEIRARP_2025-02-19_G09,10109516OLIVEIRARP,2025-02-19,109645,1,9,0,1512.0
10109516OLIVEIRARP_2025-02-19_G10,10109516OLIVEIRARP,2025-02-19,118140,1,80,0,1491.0
10109516OLIVEIRARP_2025-02-19_G11,10109516OLIVEIRARP,2025-02-19,110787,1,30,0,771.0
10109516OLIVEIRARP_2025-02-19_G12,10109516OLIVEIRARP,2025-02-19,117821,1,21,0,421.0
10109516OLIVEIRARP_2025-02-19_G13,10109516OLIVEIRARP,2025-02-19,111466,1,80,0,171.0
10109516OLIVEIRARP_2025-02-19_G14,10109516OLIVEIRARP,2025-02-19,117787,1,15,0,332.0
10109516OLIVEIRARP_2025-02-19_G15,10109516OLIVEIRARP,2025-02-19,118223,1,5,0,107.0
10109516OLIVEIRARP_2025-02-19_G16,10109516OLIVEIRARP,2025-02-19,111532,1,60,0,389.0
10109516OLIVEIRARP_2025-02-19_G17,10109516OLIVEIRARP,2025-02-19,110373,1,100,0,602.0
10109516OLIVEIRARP_2025-02-19_G18,10109516OLIVEIRARP,2025-02-19,117808,1,200,0,1398.0
10109516OLIVEIRARP_2025-02-19_G19,10109516OLIVEIRARP,2025-02-19,"117820, 117808",2,350,27,276.0
10109516OLIVEIRARP_2025-02-19_G20,10109516OLIVEIRARP,2025-02-19,117832,1,15,0,471.0
10109516OLIVEIRARP_2025-02-19_G22,10109516OLIVEIRARP,2025-02-19,111436,1,16,0,593.0
10109516OLIVEIRARP_2025-02-19_G23,10109516OLIVEIRARP,2025-02-19,117834,1,10,0,246.0
10109516OLIVEIRARP_2025-02-19_G24,10109516OLIVEIRARP,2025-02-19,111850,1,5,0,270.0
10109516OLIVEIRARP_2025-02-19_G25,10109516OLIVEIRARP,2025-02-19,116527,1,10,0,1138.0
10109516OLIVEIRARP_2025-02-19_G26,10109516OLIVEIRARP,2025-02-19,109643,1,50,0,760.0
10109516OLIVEIRARP_2025-02-20_G02,10109516OLIVEIRARP,2025-02-20,118140,1,12,0,520.0
10109516OLIVEIRARP_2025-02-20_G03,10109516OLIVEIRARP,2025-02-20,118004,1,2,0,141.0
10109516OLIVEIRARP_2025-02-20_G04,10109516OLIVEIRARP,2025-02-20,111466,1,9,0,100.0
10109516OLIVEIRARP_2025-02-20_G05,10109516OLIVEIRARP,2025-02-20,111462,1,5,0,92.0
10109516OLIVEIRARP_2025-02-20_G06,10109516OLIVEIRARP,2025-02-20,110325,1,3,0,399.0
10109516OLIVEIRARP_2025-02-20_G07,10109516OLIVEIRARP,2025-02-20,111330,1,8,0,210.0
10109516OLIVEIRARP_2025-02-20_G08,10109516OLIVEIRARP,2025-02-20,117822,1,1,0,2135.0
10109516OLIVEIRARP_2025-02-20_G09,10109516OLIVEIRARP,2025-02-20,110372,1,8,0,135.0
10109516OLIVEIRARP_2025-02-20_G10,10109516OLIVEIRARP,2025-02-20,110373,1,18,0,159.0
10109516OLIVEIRARP_2025-02-20_G11,10109516OLIVEIRARP,2025-02-20,118299,1,15,0,148.0
10109516OLIVEIRARP_2025-02-20_G12,10109516OLIVEIRARP,2025-02-20,117808,1,17,0,1090.0
10109516OLIVEIRARP_2025-02-20_G13,10109516OLIVEIRARP,2025-02-20,110374,1,12,0,1252.0
10109516OLIVEIRARP_2025-02-20_G14,10109516OLIVEIRARP,2025-02-20,110374,1,6,0,77.0
10109516OLIVEIRARP_2025-02-20_G15,10109516OLIVEIRARP,2025-02-20,109643,1,4,0,91.0
10109516OLIVEIRARP_2025-02-20_G16,10109516OLIVEIRARP,2025-02-20,117832,1,4,0,190.0
10109516OLIVEIRARP_2025-02-20_G17,10109516OLIVEIRARP,2025-02-20,115773,1,4,0,695.0
10109516OLIVEIRARP_2025-02-20_G18,10109516OLIVEIRARP,2025-02-20,110755,1,12,0,290.0
10109516OLIVEIRARP_2025-02-20_G19,10109516OLIVEIRARP,2025-02-20,111441,1,3,0,95.0
10109516OLIVEIRARP_2025-02-20_G20,10109516OLIVEIRARP,2025-02-20,110313,1,10,0,158.0
10109516OLIVEIRARP_2025-02-20_G21,10109516OLIVEIRARP,2025-02-20,110752,1,14,0,623.0
10109516OLIVEIRARP_2025-02-20_G22,10109516OLIVEIRARP,2025-02-20,110711,1,8,0,650.0
10109516OLIVEIRARP_2025-02-20_G23,10109516OLIVEIRARP,2025-02-20,110742,1,2,0,578.0
10109516OLIVEIRARP_2025-02-20_G24,10109516OLIVEIRARP,2025-02-20,110747,1,4,0,712.0
10109516OLIVEIRARP_2025-02-20_G25,10109516OLIVEIRARP,2025-02-20,111430,1,2,0,70.0
10109516OLIVEIRARP_2025-02-20_G26,10109516OLIVEIRARP,2025-02-20,100334,1,4,0,383.0
10109516OLIVEIRARP_2025-02-20_G27,10109516OLIVEIRARP,2025-02-20,111569,1,2,0,158.0
10109516OLIVEIRARP_2025-02-20_G28,10109516OLIVEIRARP,2025-02-20,117862,1,1,0,605.0
10109516OLIVEIRARP_2025-02-20_G29,10109516OLIVEIRARP,2025-02-20,117862,1,2,0,72.0
10109516OLIVEIRARP_2025-02-20_G30,10109516OLIVEIRARP,2025-02-20,110372,2,3,8,197.0
10109516OLIVEIRARP_2025-02-20_G31,10109516OLIVEIRARP,2025-02-20,110373,2,8,10,110.0
10109516OLIVEIRARP_2025-02-20_G32,10109516OLIVEIRARP,2025-02-20,118299,1,6,0,120.0
10109516OLIVEIRARP_2025-02-20_G33,10109516OLIVEIRARP,2025-02-20,117808,1,13,0,216.0
10109516OLIVEIRARP_2025-02-20_G34,10109516OLIVEIRARP,2025-02-20,111602,1,2,0,1010.0
10109516OLIVEIRARP_2025-02-20_G35,10109516OLIVEIRARP,2025-02-20,117855,1,6,0,119.0
10109516OLIVEIRARP_2025-02-20_G36,10109516OLIVEIRARP,2025-02-20,117855,1,7,0,158.0
10109516OLIVEIRARP_2025-02-20_G37,10109516OLIVEIRARP,2025-02-20,111876,1,4,0,553.0
10109516OLIVEIRARP_2025-02-20_G38,10109516OLIVEIRARP,2025-02-20,118298,1,4,0,134.0
10109516OLIVEIRARP_2025-02-20_G39,10109516OLIVEIRARP,2025-02-20,110711,1,4,0,162.0
10109516OLIVEIRARP_2025-02-20_G40,10109516OLIVEIRARP,2025-02-20,107629,1,8,0,228.0
10109516OLIVEIRARP_2025-02-20_G42,10109516OLIVEIRARP,2025-02-20,111743,1,1,0,90.0
10109516OLIVEIRARP_2025-02-20_G43,10109516OLIVEIRARP,2025-02-20,117832,1,1,0,128.0
10109516OLIVEIRARP_2025-02-20_G44,10109516OLIVEIRARP,2025-02-20,110743,1,40,0,2093.0
10109516OLIVEIRARP_2025-02-20_G45,10109516OLIVEIRARP,2025-02-20,110743,1,92,0,929.0
10109516OLIVEIRARP_2025-02-20_G46,10109516OLIVEIRARP,2025-02-20,110579,1,2,0,542.0
10109516OLIVEIRARP_2025-02-20_G47,10109516OLIVEIRARP,2025-02-20,111356,1,2,0,129.0
10109516OLIVEIRARP_2025-02-20_G48,10109516OLIVEIRARP,2025-02-20,110515,1,5,0,153.0
10109516OLIVEIRARP_2025-02-20_G49,10109516OLIVEIRARP,2025-02-20,140922,1,3,0,125.0
10109516OLIVEIRARP_2025-02-20_G50,10109516OLIVEIRARP,2025-02-20,117809,1,3,0,125.0
10109516OLIVEIRARP_2025-02-20_G51,10109516OLIVEIRARP,2025-02-20,117809,1,6,0,44.0
10109516OLIVEIRARP_2025-02-20_G52,10109516OLIVEIRARP,2025-02-20,110515,1,1,0,294.0
10109516OLIVEIRARP_2025-02-20_G53,10109516OLIVEIRARP,2025-02-20,111465,1,4,0,205.0
10109516OLIVEIRARP_2025-02-20_G54,10109516OLIVEIRARP,2025-02-20,108759,1,8,0,303.0
10109516OLIVEIRARP_2025-02-20_G55,10109516OLIVEIRARP,2025-02-20,108759,1,5,0,122.0
10109516OLIVEIRARP_2025-02-21_G02,10109516OLIVEIRARP,2025-02-21,111443,1,8,0,195.0
10109516OLIVEIRARP_2025-02-21_G03,10109516OLIVEIRARP,2025-02-21,110745,1,12,0,268.0
10109516OLIVEIRARP_2025-02-21_G04,10109516OLIVEIRARP,2025-02-21,118222,1,20,0,565.0
10109516OLIVEIRARP_2025-02-21_G05,10109516OLIVEIRARP,2025-02-21,110310,1,2,0,291.0
10109516OLIVEIRARP_2025-02-21_G06,10109516OLIVEIRARP,2025-02-21,111602,1,30,0,2122.0
10109516OLIVEIRARP_2025-02-21_G07,10109516OLIVEIRARP,2025-02-21,110515,1,30,0,561.0
10109516OLIVEIRARP_2025-02-21_G08,10109516OLIVEIRARP,2025-02-21,118140,1,30,0,1803.0
10109516OLIVEIRARP_2025-02-21_G09,10109516OLIVEIRARP,2025-02-21,111532,1,100,0,387.0
10109516OLIVEIRARP_2025-02-21_G10,10109516OLIVEIRARP,2025-02-21,117785,1,100,0,274.0
10109516OLIVEIRARP_2025-02-21_G11,10109516OLIVEIRARP,2025-02-21,118299,1,500,0,1644.0
10109516OLIVEIRARP_2025-02-21_G12,10109516OLIVEIRARP,2025-02-21,117808,1,680,0,1765.0
10109516OLIVEIRARP_2025-02-24_G02,10109516OLIVEIRARP,2025-02-24,111418,1,1,0,85.0
10109516OLIVEIRARP_2025-02-24_G03,10109516OLIVEIRARP,2025-02-24,140922,1,2,0,66.0
10109516OLIVEIRARP_2025-02-24_G04,10109516OLIVEIRARP,2025-02-24,111468,1,1,0,342.0
10109516OLIVEIRARP_2025-02-24_G05,10109516OLIVEIRARP,2025-02-24,110745,1,1,0,120.0
10109516OLIVEIRARP_2025-02-24_G06,10109516OLIVEIRARP,2025-02-24,111462,1,1,0,192.0
10109516OLIVEIRARP_2025-02-24_G07,10109516OLIVEIRARP,2025-02-24,117832,1,3,0,139.0
10109516OLIVEIRARP_2025-02-24_G08,10109516OLIVEIRARP,2025-02-24,117820,1,1,0,92.0
10109516OLIVEIRARP_2025-02-24_G09,10109516OLIVEIRARP,2025-02-24,110755,1,1,0,497.0
10109516OLIVEIRARP_2025-02-24_G10,10109516OLIVEIRARP,2025-02-24,111602,1,5,0,1467.0
10109516OLIVEIRARP_2025-02-24_G11,10109516OLIVEIRARP,2025-02-24,109640,1,4,0,638.0
10109516OLIVEIRARP_2025-02-24_G12,10109516OLIVEIRARP,2025-02-24,118403,1,2,0,131.0
10109516OLIVEIRARP_2025-02-24_G13,10109516OLIVEIRARP,2025-02-24,108794,1,7,0,132.0
10109516OLIVEIRARP_2025-02-24_G14,10109516OLIVEIRARP,2025-02-24,111348,1,3,0,82.0
10109516OLIVEIRARP_2025-02-24_G15,10109516OLIVEIRARP,2025-02-24,111468,1,2,0,131.0
10109516OLIVEIRARP_2025-02-24_G16,10109516OLIVEIRARP,2025-02-24,108736,1,1,0,84.0
10109516OLIVEIRARP_2025-02-24_G17,10109516OLIVEIRARP,2025-02-24,118140,1,2,0,42.0
10109516OLIVEIRARP_2025-02-24_G18,10109516OLIVEIRARP,2025-02-24,117821,1,2,0,90.0
10109516OLIVEIRARP_2025-02-24_G19,10109516OLIVEIRARP,2025-02-24,110373,1,6,0,1111.0
10109516OLIVEIRARP_2025-02-24_G20,10109516OLIVEIRARP,2025-02-24,118299,1,6,0,259.0
10109516OLIVEIRARP_2025-02-24_G21,10109516OLIVEIRARP,2025-02-24,118299,1,8,0,56.0
10109516OLIVEIRARP_2025-02-24_G22,10109516OLIVEIRARP,2025-02-24,110374,1,1,0,60.0
10109516OLIVEIRARP_2025-02-24_G23,10109516OLIVEIRARP,2025-02-24,117832,1,2,0,157.0
10109516OLIVEIRARP_2025-02-24_G24,10109516OLIVEIRARP,2025-02-24,117809,1,4,0,77.0
10109516OLIVEIRARP_2025-02-24_G25,10109516OLIVEIRARP,2025-02-24,110755,1,4,0,933.0
10109516OLIVEIRARP_2025-02-24_G26,10109516OLIVEIRARP,2025-02-24,117834,1,4,0,107.0
10109516OLIVEIRARP_2025-02-24_G27,10109516OLIVEIRARP,2025-02-24,108361,1,2,0,163.0
10109516OLIVEIRARP_2025-02-24_G28,10109516OLIVEIRARP,2025-02-24,108794,1,6,0,182.0
10109516OLIVEIRARP_2025-02-24_G29,10109516OLIVEIRARP,2025-02-24,110740,1,2,0,162.0
10109516OLIVEIRARP_2025-02-24_G30,10109516OLIVEIRARP,2025-02-24,117831,1,1,0,58.0
10109516OLIVEIRARP_2025-02-24_G31,10109516OLIVEIRARP,2025-02-24,111469,1,1,0,79.0
10109516OLIVEIRARP_2025-02-24_G32,10109516OLIVEIRARP,2025-02-24,111462,1,1,0,65.0
10109516OLIVEIRARP_2025-02-24_G33,10109516OLIVEIRARP,2025-02-24,110325,1,1,0,254.0
10109516OLIVEIRARP_2025-02-24_G34,10109516OLIVEIRARP,2025-02-24,110371,1,4,0,239.0
10109516OLIVEIRARP_2025-02-24_G35,10109516OLIVEIRARP,2025-02-24,110373,1,4,0,102.0
10109516OLIVEIRARP_2025-02-24_G36,10109516OLIVEIRARP,2025-02-24,118299,1,9,0,107.0
10109516OLIVEIRARP_2025-02-24_G37,10109516OLIVEIRARP,2025-02-24,110755,1,4,0,762.0
10109516OLIVEIRARP_2025-02-24_G38,10109516OLIVEIRARP,2025-02-24,117838,1,2,0,283.0
10109516OLIVEIRARP_2025-02-24_G39,10109516OLIVEIRARP,2025-02-24,111348,1,5,0,149.0
10109516OLIVEIRARP_2025-02-24_G40,10109516OLIVEIRARP,2025-02-24,110745,1,4,0,162.0
10109516OLIVEIRARP_2025-02-24_G41,10109516OLIVEIRARP,2025-02-24,110745,1,2,0,37.0
10109516OLIVEIRARP_2025-02-24_G42,10109516OLIVEIRARP,2025-02-24,117831,1,6,0,133.0
10109516OLIVEIRARP_2025-02-24_G43,10109516OLIVEIRARP,2025-02-24,109747,1,2,0,121.0
10109516OLIVEIRARP_2025-02-24_G44,10109516OLIVEIRARP,2025-02-24,117808,1,8,0,94.0
10109516OLIVEIRARP_2025-02-24_G45,10109516OLIVEIRARP,2025-02-24,109641,1,4,0,202.0
10109516OLIVEIRARP_2025-02-24_G46,10109516OLIVEIRARP,2025-02-24,110755,1,4,0,1201.0
10109516OLIVEIRARP_2025-02-24_G47,10109516OLIVEIRARP,2025-02-24,108794,1,1,0,124.0
10109516OLIVEIRARP_2025-02-24_G48,10109516OLIVEIRARP,2025-02-24,117838,1,1,0,33.0
10109516OLIVEIRARP_2025-02-24_G49,10109516OLIVEIRARP,2025-02-24,111431,1,2,0,97.0
10109516OLIVEIRARP_2025-02-24_G50,10109516OLIVEIRARP,2025-02-24,111532,1,2,0,122.0
10109516OLIVEIRARP_2025-02-24_G51,10109516OLIVEIRARP,2025-02-24,117831,1,2,0,96.0
10109516OLIVEIRARP_2025-02-24_G52,10109516OLIVEIRARP,2025-02-24,110371,1,3,0,177.0
10109516OLIVEIRARP_2025-02-24_G53,10109516OLIVEIRARP,2025-02-24,110372,1,4,0,68.0
10109516OLIVEIRARP_2025-02-24_G54,10109516OLIVEIRARP,2025-02-24,108794,1,4,0,251.0
10109516OLIVEIRARP_2025-02-24_G55,10109516OLIVEIRARP,2025-02-24,117838,1,2,0,312.0
10109516OLIVEIRARP_2025-02-24_G56,10109516OLIVEIRARP,2025-02-24,111463,1,14,0,321.0
10109516OLIVEIRARP_2025-02-24_G57,10109516OLIVEIRARP,2025-02-24,111418,1,12,0,151.0
10109516OLIVEIRARP_2025-02-24_G58,10109516OLIVEIRARP,2025-02-24,110787,1,3,0,144.0
10109516OLIVEIRARP_2025-02-24_G59,10109516OLIVEIRARP,2025-02-24,110745,1,6,0,236.0
10109516OLIVEIRARP_2025-02-24_G60,10109516OLIVEIRARP,2025-02-24,117831,1,2,0,56.0
10109516OLIVEIRARP_2025-02-24_G61,10109516OLIVEIRARP,2025-02-24,110325,1,2,0,418.0
10109516OLIVEIRARP_2025-02-24_G62,10109516OLIVEIRARP,2025-02-24,110372,1,10,0,417.0
10109516OLIVEIRARP_2025-02-24_G63,10109516OLIVEIRARP,2025-02-24,118299,1,10,0,259.0
10109516OLIVEIRARP_2025-02-24_G64,10109516OLIVEIRARP,2025-02-24,110374,1,3,0,114.0
10109516OLIVEIRARP_2025-02-24_G65,10109516OLIVEIRARP,2025-02-24,"117808, 109643",2,12,19,503.0
10109516OLIVEIRARP_2025-02-24_G66,10109516OLIVEIRARP,2025-02-24,110515,1,3,0,151.0
10109516OLIVEIRARP_2025-02-24_G68,10109516OLIVEIRARP,2025-02-24,110374,1,10,0,138.0
10109516OLIVEIRARP_2025-02-24_G69,10109516OLIVEIRARP,2025-02-24,117832,1,20,0,475.0
10109516OLIVEIRARP_2025-02-24_G70,10109516OLIVEIRARP,2025-02-24,117808,1,50,0,661.0
10109516OLIVEIRARP_2025-02-24_G71,10109516OLIVEIRARP,2025-02-24,117809,1,20,0,224.0
10109516OLIVEIRARP_2025-02-24_G72,10109516OLIVEIRARP,2025-02-24,107236,1,4,0,1265.0
10109516OLIVEIRARP_2025-02-24_G73,10109516OLIVEIRARP,2025-02-24,140922,1,5,0,93.0
10109516OLIVEIRARP_2025-02-24_G74,10109516OLIVEIRARP,2025-02-24,109645,1,9,0,165.0
10109516OLIVEIRARP_2025-02-24_G75,10109516OLIVEIRARP,2025-02-24,110740,1,10,0,223.0
10109516OLIVEIRARP_2025-02-24_G76,10109516OLIVEIRARP,2025-02-24,118140,1,30,0,314.0
10109516OLIVEIRARP_2025-02-24_G77,10109516OLIVEIRARP,2025-02-24,110372,1,488,0,1061.0
10109516OLIVEIRARP_2025-02-24_G78,10109516OLIVEIRARP,2025-02-24,111439,1,5,0,1109.0
10109516OLIVEIRARP_2025-02-24_G79,10109516OLIVEIRARP,2025-02-24,111602,1,10,0,172.0
10109516OLIVEIRARP_2025-02-24_G80,10109516OLIVEIRARP,2025-02-24,109640,1,4,0,96.0
10109516OLIVEIRARP_2025-02-25_G02,10109516OLIVEIRARP,2025-02-25,117830,1,2,0,143.0
10109516OLIVEIRARP_2025-02-25_G03,10109516OLIVEIRARP,2025-02-25,110755,1,4,0,227.0
10109516OLIVEIRARP_2025-02-25_G04,10109516OLIVEIRARP,2025-02-25,110755,1,1,0,40.0
10109516OLIVEIRARP_2025-02-25_G05,10109516OLIVEIRARP,2025-02-25,111569,1,8,0,326.0
10109516OLIVEIRARP_2025-02-25_G06,10109516OLIVEIRARP,2025-02-25,111469,1,2,0,132.0
10109516OLIVEIRARP_2025-02-25_G07,10109516OLIVEIRARP,2025-02-25,111433,1,8,0,1575.0
10109516OLIVEIRARP_2025-02-25_G08,10109516OLIVEIRARP,2025-02-25,109933,1,4,0,1685.0
10109516OLIVEIRARP_2025-02-25_G09,10109516OLIVEIRARP,2025-02-25,110755,1,3,0,180.0
10109516OLIVEIRARP_2025-02-25_G10,10109516OLIVEIRARP,2025-02-25,109640,1,1,0,176.0
10109516OLIVEIRARP_2025-02-25_G11,10109516OLIVEIRARP,2025-02-25,110787,1,3,0,237.0
10109516OLIVEIRARP_2025-02-25_G12,10109516OLIVEIRARP,2025-02-25,118140,1,4,0,222.0
10109516OLIVEIRARP_2025-02-25_G13,10109516OLIVEIRARP,2025-02-25,111433,1,2,0,140.0
10109516OLIVEIRARP_2025-02-25_G14,10109516OLIVEIRARP,2025-02-25,110743,1,1,0,285.0
10109516OLIVEIRARP_2025-02-25_G15,10109516OLIVEIRARP,2025-02-25,111532,1,1,0,206.0
10109516OLIVEIRARP_2025-02-25_G16,10109516OLIVEIRARP,2025-02-25,109641,1,2,0,279.0
10109516OLIVEIRARP_2025-02-25_G17,10109516OLIVEIRARP,2025-02-25,117808,1,12,0,312.0
10109516OLIVEIRARP_2025-02-25_G18,10109516OLIVEIRARP,2025-02-25,117820,1,8,0,183.0
10109516OLIVEIRARP_2025-02-25_G19,10109516OLIVEIRARP,2025-02-25,118299,1,12,0,203.0
10109516OLIVEIRARP_2025-02-25_G20,10109516OLIVEIRARP,2025-02-25,110374,1,5,0,138.0
10109516OLIVEIRARP_2025-02-25_G21,10109516OLIVEIRARP,2025-02-25,109643,1,4,0,235.0
10109516OLIVEIRARP_2025-02-26_G02,10109516OLIVEIRARP,2025-02-26,111876,1,2,0,119.0
10109516OLIVEIRARP_2025-02-26_G03,10109516OLIVEIRARP,2025-02-26,111463,1,16,0,329.0
10109516OLIVEIRARP_2025-02-26_G04,10109516OLIVEIRARP,2025-02-26,117830,1,8,0,166.0
10109516OLIVEIRARP_2025-02-26_G05,10109516OLIVEIRARP,2025-02-26,109641,1,10,0,161.0
10109516OLIVEIRARP_2025-02-26_G06,10109516OLIVEIRARP,2025-02-26,111348,1,12,0,1092.0
10109516OLIVEIRARP_2025-02-26_G07,10109516OLIVEIRARP,2025-02-26,111463,1,9,0,3404.0
10109516OLIVEIRARP_2025-02-26_G08,10109516OLIVEIRARP,2025-02-26,140922,1,20,0,267.0
10109516OLIVEIRARP_2025-02-26_G09,10109516OLIVEIRARP,2025-02-26,111469,1,2,0,427.0
10109516OLIVEIRARP_2025-02-26_G10,10109516OLIVEIRARP,2025-02-26,111462,1,40,0,654.0
10109516OLIVEIRARP_2025-02-26_G11,10109516OLIVEIRARP,2025-02-26,110747,1,2,0,2104.0
10109516OLIVEIRARP_2025-02-26_G12,10109516OLIVEIRARP,2025-02-26,107892,1,4,0,193.0
10109516OLIVEIRARP_2025-02-26_G13,10109516OLIVEIRARP,2025-02-26,118222,1,5,0,367.0
10109516OLIVEIRARP_2025-02-26_G14,10109516OLIVEIRARP,2025-02-26,110733,1,3,0,94.0
10109516OLIVEIRARP_2025-02-26_G15,10109516OLIVEIRARP,2025-02-26,110515,1,3,0,152.0
10109516OLIVEIRARP_2025-02-26_G16,10109516OLIVEIRARP,2025-02-26,118140,1,4,0,137.0
10109516OLIVEIRARP_2025-02-26_G17,10109516OLIVEIRARP,2025-02-26,111466,1,3,0,85.0
10109516OLIVEIRARP_2025-02-26_G18,10109516OLIVEIRARP,2025-02-26,111469,1,6,0,64.0
10109516OLIVEIRARP_2025-02-26_G19,10109516OLIVEIRARP,2025-02-26,107892,2,11,12,343.0
10109516OLIVEIRARP_2025-02-26_G20,10109516OLIVEIRARP,2025-02-26,118222,1,24,0,335.0
10109516OLIVEIRARP_2025-02-26_G21,10109516OLIVEIRARP,2025-02-26,110733,2,4,8,203.0
10109516OLIVEIRARP_2025-02-26_G22,10109516OLIVEIRARP,2025-02-26,118140,1,1,0,189.0
10109516OLIVEIRARP_2025-02-26_G23,10109516OLIVEIRARP,2025-02-26,111466,1,5,0,79.0
10109516OLIVEIRARP_2025-02-26_G24,10109516OLIVEIRARP,2025-02-26,111469,1,6,0,57.0
10109516OLIVEIRARP_2025-02-26_G26,10109516OLIVEIRARP,2025-02-26,111569,1,5,0,119.0
10109516OLIVEIRARP_2025-02-26_G27,10109516OLIVEIRARP,2025-02-26,118403,1,10,0,326.0
10109516OLIVEIRARP_2025-02-26_G29,10109516OLIVEIRARP,2025-02-26,110711,1,3,0,62.0
10109516OLIVEIRARP_2025-02-26_G30,10109516OLIVEIRARP,2025-02-26,110515,1,9,0,402.0
10109516OLIVEIRARP_2025-02-26_G31,10109516OLIVEIRARP,2025-02-26,111530,1,16,0,695.0
10109516OLIVEIRARP_2025-02-26_G32,10109516OLIVEIRARP,2025-02-26,141047,1,12,0,608.0
10109516OLIVEIRARP_2025-02-26_G33,10109516OLIVEIRARP,2025-02-26,111443,1,4,0,421.0
10109516OLIVEIRARP_2025-02-26_G34,10109516OLIVEIRARP,2025-02-26,111418,1,12,0,852.0
10109516OLIVEIRARP_2025-02-26_G35,10109516OLIVEIRARP,2025-02-26,111462,1,5,0,307.0
10109516OLIVEIRARP_2025-02-26_G36,10109516OLIVEIRARP,2025-02-26,110740,1,8,0,227.0
10109516OLIVEIRARP_2025-02-26_G37,10109516OLIVEIRARP,2025-02-26,117809,1,12,0,332.0
10109516OLIVEIRARP_2025-02-26_G38,10109516OLIVEIRARP,2025-02-26,117808,1,12,0,281.0
10109516OLIVEIRARP_2025-02-26_G39,10109516OLIVEIRARP,2025-02-26,110733,1,7,0,339.0
10109516OLIVEIRARP_2025-02-26_G40,10109516OLIVEIRARP,2025-02-26,110339,1,2,0,119.0
10109516OLIVEIRARP_2025-02-26_G41,10109516OLIVEIRARP,2025-02-26,109641,1,2,0,166.0
10109516OLIVEIRARP_2025-02-26_G42,10109516OLIVEIRARP,2025-02-26,110325,1,12,0,437.0
10109516OLIVEIRARP_2025-02-26_G43,10109516OLIVEIRARP,2025-02-26,110372,1,6,0,152.0
10109516OLIVEIRARP_2025-02-26_G44,10109516OLIVEIRARP,2025-02-26,107830,1,4,0,136.0
10109516OLIVEIRARP_2025-02-26_G45,10109516OLIVEIRARP,2025-02-26,110373,1,8,0,145.0
10109516OLIVEIRARP_2025-02-26_G46,10109516OLIVEIRARP,2025-02-26,108795,1,6,0,319.0
10109516OLIVEIRARP_2025-02-27_G02,10109516OLIVEIRARP,2025-02-27,160057,1,16,0,675.0
10109516OLIVEIRARP_2025-02-27_G03,10109516OLIVEIRARP,2025-02-27,111602,1,2,0,220.0
10109516OLIVEIRARP_2025-02-27_G04,10109516OLIVEIRARP,2025-02-27,109640,1,70,0,646.0
10109516OLIVEIRARP_2025-02-27_G05,10109516OLIVEIRARP,2025-02-27,110515,1,2,0,2209.0
10109516OLIVEIRARP_2025-02-27_G06,10109516OLIVEIRARP,2025-02-27,111348,1,5,0,114.0
10109516OLIVEIRARP_2025-02-27_G07,10109516OLIVEIRARP,2025-02-27,111463,1,2,0,78.0
10109516OLIVEIRARP_2025-02-27_G08,10109516OLIVEIRARP,2025-02-27,140922,1,2,0,320.0
10109516OLIVEIRARP_2025-02-27_G09,10109516OLIVEIRARP,2025-02-27,111418,1,2,0,286.0
10109516OLIVEIRARP_2025-02-27_G10,10109516OLIVEIRARP,2025-02-27,109645,1,24,0,1543.0
10109516OLIVEIRARP_2025-02-27_G11,10109516OLIVEIRARP,2025-02-27,117785,1,4,0,85.0
10109516OLIVEIRARP_2025-02-27_G12,10109516OLIVEIRARP,2025-02-27,160055,1,2,0,152.0
10109516OLIVEIRARP_2025-02-27_G13,10109516OLIVEIRARP,2025-02-27,105705,2,8,8,258.0
10109516OLIVEIRARP_2025-02-27_G14,10109516OLIVEIRARP,2025-02-27,111466,1,3,0,97.0
10109516OLIVEIRARP_2025-02-27_G15,10109516OLIVEIRARP,2025-02-27,111469,1,2,0,78.0
10109516OLIVEIRARP_2025-02-27_G16,10109516OLIVEIRARP,2025-02-27,117808,1,15,0,175.0
10109516OLIVEIRARP_2025-02-27_G17,10109516OLIVEIRARP,2025-02-27,118299,1,20,0,273.0
10109516OLIVEIRARP_2025-02-27_G18,10109516OLIVEIRARP,2025-02-27,110374,1,2,0,56.0
10109516OLIVEIRARP_2025-02-27_G19,10109516OLIVEIRARP,2025-02-27,160051,1,24,0,309.0
10109516OLIVEIRARP_2025-02-27_G20,10109516OLIVEIRARP,2025-02-27,110375,1,4,0,64.0
10109516OLIVEIRARP_2025-02-27_G21,10109516OLIVEIRARP,2025-02-27,117809,1,16,0,186.0
10109516OLIVEIRARP_2025-02-27_G22,10109516OLIVEIRARP,2025-02-27,117820,1,30,0,511.0
10109516OLIVEIRARP_2025-02-27_G23,10109516OLIVEIRARP,2025-02-27,110747,1,10,0,1045.0
10109516OLIVEIRARP_2025-02-27_G24,10109516OLIVEIRARP,2025-02-27,108772,1,4,0,451.0
10109516OLIVEIRARP_2025-02-27_G25,10109516OLIVEIRARP,2025-02-27,110515,1,2,0,227.0
10109516OLIVEIRARP_2025-02-27_G26,10109516OLIVEIRARP,2025-02-27,111530,1,2,0,63.0
10109516OLIVEIRARP_2025-02-27_G27,10109516OLIVEIRARP,2025-02-27,117855,1,2,0,332.0
10109516OLIVEIRARP_2025-02-27_G28,10109516OLIVEIRARP,2025-02-27,110787,1,4,0,615.0
10109516OLIVEIRARP_2025-02-27_G29,10109516OLIVEIRARP,2025-02-27,118140,1,2,0,119.0
10109516OLIVEIRARP_2025-02-27_G30,10109516OLIVEIRARP,2025-02-27,105705,1,7,0,205.0
10109516OLIVEIRARP_2025-02-27_G31,10109516OLIVEIRARP,2025-02-27,111469,1,8,0,110.0
10109516OLIVEIRARP_2025-02-27_G32,10109516OLIVEIRARP,2025-02-27,110325,1,1,0,189.0
10109516OLIVEIRARP_2025-02-27_G33,10109516OLIVEIRARP,2025-02-27,118299,1,17,0,181.0
10109516OLIVEIRARP_2025-02-27_G34,10109516OLIVEIRARP,2025-02-27,117830,1,4,0,113.0
10109516OLIVEIRARP_2025-02-27_G35,10109516OLIVEIRARP,2025-02-27,117820,1,22,0,234.0
10109516OLIVEIRARP_2025-02-27_G36,10109516OLIVEIRARP,2025-02-27,110376,1,8,0,192.0
10109516OLIVEIRARP_2025-03-07_G02,10109516OLIVEIRARP,2025-03-07,111569,1,2,0,55.0
10109516OLIVEIRARP_2025-03-07_G03,10109516OLIVEIRARP,2025-03-07,110711,1,2,0,76.0
10109516OLIVEIRARP_2025-03-07_G04,10109516OLIVEIRARP,2025-03-07,109640,1,4,0,111.0
10109516OLIVEIRARP_2025-03-07_G05,10109516OLIVEIRARP,2025-03-07,111439,1,2,0,106.0
10109516OLIVEIRARP_2025-03-07_G06,10109516OLIVEIRARP,2025-03-07,117787,1,2,0,88.0
10109516OLIVEIRARP_2025-03-07_G07,10109516OLIVEIRARP,2025-03-07,140922,1,2,0,137.0
10109516OLIVEIRARP_2025-03-07_G08,10109516OLIVEIRARP,2025-03-07,108711,1,4,0,121.0
10109516OLIVEIRARP_2025-03-07_G09,10109516OLIVEIRARP,2025-03-07,118140,1,6,0,194.0
10109516OLIVEIRARP_2025-03-07_G10,10109516OLIVEIRARP,2025-03-07,105705,1,2,0,86.0
10109516OLIVEIRARP_2025-03-07_G11,10109516OLIVEIRARP,2025-03-07,111466,1,2,0,70.0
10109516OLIVEIRARP_2025-03-07_G12,10109516OLIVEIRARP,2025-03-07,111465,1,2,0,46.0
10109516OLIVEIRARP_2025-03-07_G13,10109516OLIVEIRARP,2025-03-07,109747,1,4,0,83.0
10109516OLIVEIRARP_2025-03-07_G14,10109516OLIVEIRARP,2025-03-07,109640,1,4,0,1627.0
10109516OLIVEIRARP_2025-03-07_G15,10109516OLIVEIRARP,2025-03-07,110325,1,2,0,147.0
10109516OLIVEIRARP_2025-03-07_G16,10109516OLIVEIRARP,2025-03-07,117786,1,1,0,127.0
10109516OLIVEIRARP_2025-03-07_G17,10109516OLIVEIRARP,2025-03-07,111435,1,2,0,102.0
10109516OLIVEIRARP_2025-03-07_G18,10109516OLIVEIRARP,2025-03-07,"118285, 108770",2,5,26,88.0
10109516OLIVEIRARP_2025-03-07_G19,10109516OLIVEIRARP,2025-03-07,117786,1,3,0,1507.0
10109516OLIVEIRARP_2025-03-07_G20,10109516OLIVEIRARP,2025-03-07,117821,1,2,0,76.0
10109516OLIVEIRARP_2025-03-07_G21,10109516OLIVEIRARP,2025-03-07,117786,1,4,0,187.0
10109516OLIVEIRARP_2025-03-07_G22,10109516OLIVEIRARP,2025-03-07,117856,1,8,0,334.0
10109516OLIVEIRARP_2025-03-07_G23,10109516OLIVEIRARP,2025-03-07,118094,1,4,0,3105.0
10109516OLIVEIRARP_2025-03-07_G24,10109516OLIVEIRARP,2025-03-07,110733,1,3,0,710.0
10109516OLIVEIRARP_2025-03-07_G25,10109516OLIVEIRARP,2025-03-07,111602,1,9,0,184.0
10109516OLIVEIRARP_2025-03-07_G26,10109516OLIVEIRARP,2025-03-07,110741,1,4,0,296.0
10109516OLIVEIRARP_2025-03-07_G27,10109516OLIVEIRARP,2025-03-07,109647,1,2,0,511.0
10109516OLIVEIRARP_2025-03-07_G28,10109516OLIVEIRARP,2025-03-07,117833,1,4,0,606.0
10109516OLIVEIRARP_2025-03-07_G29,10109516OLIVEIRARP,2025-03-07,110743,1,2,0,443.0
10109516OLIVEIRARP_2025-03-07_G30,10109516OLIVEIRARP,2025-03-07,118004,1,4,0,195.0
10109516OLIVEIRARP_2025-03-07_G31,10109516OLIVEIRARP,2025-03-07,111468,1,8,0,910.0
10109516OLIVEIRARP_2025-03-07_G32,10109516OLIVEIRARP,2025-03-07,111743,1,4,0,191.0
10109516OLIVEIRARP_2025-03-07_G33,10109516OLIVEIRARP,2025-03-07,110787,1,8,0,209.0
10109516OLIVEIRARP_2025-03-07_G34,10109516OLIVEIRARP,2025-03-07,110745,1,1,0,42.0
10109516OLIVEIRARP_2025-03-07_G35,10109516OLIVEIRARP,2025-03-07,117785,1,6,0,111.0
10109516OLIVEIRARP_2025-03-07_G36,10109516OLIVEIRARP,2025-03-07,108711,1,5,0,120.0
10109516OLIVEIRARP_2025-03-07_G37,10109516OLIVEIRARP,2025-03-07,111463,1,23,0,1121.0
10109516OLIVEIRARP_2025-03-07_G38,10109516OLIVEIRARP,2025-03-07,118140,1,1,0,61.0
10109516OLIVEIRARP_2025-03-07_G39,10109516OLIVEIRARP,2025-03-07,117831,1,16,0,216.0
10109516OLIVEIRARP_2025-03-07_G40,10109516OLIVEIRARP,2025-03-07,109645,1,8,0,125.0
10109516OLIVEIRARP_2025-03-07_G41,10109516OLIVEIRARP,2025-03-07,108794,1,10,0,248.0
10109516OLIVEIRARP_2025-03-07_G42,10109516OLIVEIRARP,2025-03-07,111469,1,2,0,65.0
10109516OLIVEIRARP_2025-03-07_G43,10109516OLIVEIRARP,2025-03-07,111462,1,7,0,155.0
10109516OLIVEIRARP_2025-03-07_G44,10109516OLIVEIRARP,2025-03-07,"107236, 111532",2,9,24,617.0
10109516OLIVEIRARP_2025-03-07_G46,10109516OLIVEIRARP,2025-03-07,108795,1,4,0,483.0
10109516OLIVEIRARP_2025-03-07_G47,10109516OLIVEIRARP,2025-03-07,117809,1,12,0,346.0
10109516OLIVEIRARP_2025-03-07_G48,10109516OLIVEIRARP,2025-03-07,118299,1,16,0,144.0
10109516OLIVEIRARP_2025-03-07_G49,10109516OLIVEIRARP,2025-03-07,117830,1,8,0,168.0
10109516OLIVEIRARP_2025-03-07_G50,10109516OLIVEIRARP,2025-03-07,109643,1,1,0,104.0
10109516OLIVEIRARP_2025-03-07_G51,10109516OLIVEIRARP,2025-03-07,110375,1,6,0,148.0
10109516OLIVEIRARP_2025-03-07_G52,10109516OLIVEIRARP,2025-03-07,110373,1,17,0,587.0
10109516OLIVEIRARP_2025-03-08_G02,10109516OLIVEIRARP,2025-03-08,110747,1,4,0,302.0
10109516OLIVEIRARP_2025-03-08_G03,10109516OLIVEIRARP,2025-03-08,100334,1,8,0,1176.0
10109516OLIVEIRARP_2025-03-08_G04,10109516OLIVEIRARP,2025-03-08,110371,1,100,0,942.0
10109516OLIVEIRARP_2025-03-08_G05,10109516OLIVEIRARP,2025-03-08,110372,1,100,0,358.0
10109516OLIVEIRARP_2025-03-08_G06,10109516OLIVEIRARP,2025-03-08,118299,1,120,0,758.0
10109516OLIVEIRARP_2025-03-08_G07,10109516OLIVEIRARP,2025-03-08,110373,1,100,0,1901.0
10109516OLIVEIRARP_2025-03-08_G08,10109516OLIVEIRARP,2025-03-08,117820,1,120,0,291.0
10109516OLIVEIRARP_2025-03-08_G09,10109516OLIVEIRARP,2025-03-08,117830,1,50,0,798.0
10109516OLIVEIRARP_2025-03-08_G10,10109516OLIVEIRARP,2025-03-08,109643,1,10,0,206.0
10109516OLIVEIRARP_2025-03-08_G11,10109516OLIVEIRARP,2025-03-08,117808,1,350,0,225.0
10109516OLIVEIRARP_2025-03-08_G12,10109516OLIVEIRARP,2025-03-08,117822,1,6,0,154.0
10109516OLIVEIRARP_2025-03-08_G13,10109516OLIVEIRARP,2025-03-08,110374,1,10,0,212.0
10109516OLIVEIRARP_2025-03-10_G02,10109516OLIVEIRARP,2025-03-10,117862,1,8,0,579.0
10109516OLIVEIRARP_2025-03-10_G03,10109516OLIVEIRARP,2025-03-10,118094,1,1,0,182.0
10109516OLIVEIRARP_2025-03-10_G04,10109516OLIVEIRARP,2025-03-10,117856,1,2,0,208.0
10109516OLIVEIRARP_2025-03-10_G05,10109516OLIVEIRARP,2025-03-10,117862,1,4,0,114.0
10109516OLIVEIRARP_2025-03-10_G06,10109516OLIVEIRARP,2025-03-10,110373,1,28,0,1082.0
10109516OLIVEIRARP_2025-03-10_G07,10109516OLIVEIRARP,2025-03-10,110787,1,6,0,2206.0
10109516OLIVEIRARP_2025-03-10_G08,10109516OLIVEIRARP,2025-03-10,110313,1,4,0,622.0
10109516OLIVEIRARP_2025-03-10_G09,10109516OLIVEIRARP,2025-03-10,111602,1,1,0,150.0
10109516OLIVEIRARP_2025-03-10_G10,10109516OLIVEIRARP,2025-03-10,117856,1,2,0,410.0
10109516OLIVEIRARP_2025-03-10_G11,10109516OLIVEIRARP,2025-03-10,108711,1,6,0,488.0
10109516OLIVEIRARP_2025-03-10_G12,10109516OLIVEIRARP,2025-03-10,110313,1,12,0,1353.0
10109516OLIVEIRARP_2025-03-10_G13,10109516OLIVEIRARP,2025-03-10,108770,1,4,0,473.0
10109516OLIVEIRARP_2025-03-10_G14,10109516OLIVEIRARP,2025-03-10,117856,1,12,0,233.0
10109516OLIVEIRARP_2025-03-10_G15,10109516OLIVEIRARP,2025-03-10,117862,1,8,0,399.0
10109516OLIVEIRARP_2025-03-10_G16,10109516OLIVEIRARP,2025-03-10,118094,1,8,0,371.0
10109516OLIVEIRARP_2025-03-10_G17,10109516OLIVEIRARP,2025-03-10,110741,1,4,0,130.0
10109516OLIVEIRARP_2025-03-10_G18,10109516OLIVEIRARP,2025-03-10,108770,1,4,0,1441.0
10109516OLIVEIRARP_2025-03-10_G19,10109516OLIVEIRARP,2025-03-10,117862,1,8,0,1101.0
10109516OLIVEIRARP_2025-03-10_G20,10109516OLIVEIRARP,2025-03-10,118094,1,4,0,54.0
10109516OLIVEIRARP_2025-03-10_G21,10109516OLIVEIRARP,2025-03-10,110313,1,40,0,1833.0
10109516OLIVEIRARP_2025-03-10_G22,10109516OLIVEIRARP,2025-03-10,111602,1,24,0,409.0
10109516OLIVEIRARP_2025-03-10_G23,10109516OLIVEIRARP,2025-03-10,110711,1,5,0,517.0
10109516OLIVEIRARP_2025-03-10_G24,10109516OLIVEIRARP,2025-03-10,108711,1,3,0,290.0
10109516OLIVEIRARP_2025-03-10_G25,10109516OLIVEIRARP,2025-03-10,110787,1,8,0,277.0
10109516OLIVEIRARP_2025-03-10_G27,10109516OLIVEIRARP,2025-03-10,110313,1,12,0,390.0
10109516OLIVEIRARP_2025-03-10_G28,10109516OLIVEIRARP,2025-03-10,111602,1,6,0,1387.0
10109516OLIVEIRARP_2025-03-10_G29,10109516OLIVEIRARP,2025-03-10,111466,1,4,0,210.0
10109516OLIVEIRARP_2025-03-10_G30,10109516OLIVEIRARP,2025-03-10,111602,1,7,0,143.0
10109516OLIVEIRARP_2025-03-10_G31,10109516OLIVEIRARP,2025-03-10,108711,1,12,0,214.0
10109516OLIVEIRARP_2025-03-10_G32,10109516OLIVEIRARP,2025-03-10,110787,1,5,0,147.0
10109516OLIVEIRARP_2025-03-10_G33,10109516OLIVEIRARP,2025-03-10,111743,1,4,0,345.0
10109516OLIVEIRARP_2025-03-10_G34,10109516OLIVEIRARP,2025-03-10,110373,1,4,0,302.0
10109516OLIVEIRARP_2025-03-10_G35,10109516OLIVEIRARP,2025-03-10,117862,1,2,0,526.0
10109516OLIVEIRARP_2025-03-11_G02,10109516OLIVEIRARP,2025-03-11,117935,1,23,0,487.0
10109516OLIVEIRARP_2025-03-11_G03,10109516OLIVEIRARP,2025-03-11,117862,1,4,0,820.0
10109516OLIVEIRARP_2025-03-11_G04,10109516OLIVEIRARP,2025-03-11,111438,1,2,0,168.0
10109516OLIVEIRARP_2025-03-11_G05,10109516OLIVEIRARP,2025-03-11,111530,1,2,0,166.0
10109516OLIVEIRARP_2025-03-11_G06,10109516OLIVEIRARP,2025-03-11,111442,1,4,0,84.0
10109516OLIVEIRARP_2025-03-11_G07,10109516OLIVEIRARP,2025-03-11,118094,1,8,0,618.0
10109516OLIVEIRARP_2025-03-11_G08,10109516OLIVEIRARP,2025-03-11,109640,1,4,0,3575.0
10109516OLIVEIRARP_2025-03-11_G09,10109516OLIVEIRARP,2025-03-11,108772,1,6,0,221.0
10109516OLIVEIRARP_2025-03-11_G10,10109516OLIVEIRARP,2025-03-11,111530,1,1,0,133.0
10109516OLIVEIRARP_2025-03-11_G11,10109516OLIVEIRARP,2025-03-11,108795,1,4,0,342.0
10109516OLIVEIRARP_2025-03-11_G12,10109516OLIVEIRARP,2025-03-11,111172,1,1,0,523.0
10109516OLIVEIRARP_2025-03-11_G13,10109516OLIVEIRARP,2025-03-11,111418,1,8,0,184.0
10109516OLIVEIRARP_2025-03-11_G14,10109516OLIVEIRARP,2025-03-11,111463,1,4,0,107.0
10109516OLIVEIRARP_2025-03-11_G15,10109516OLIVEIRARP,2025-03-11,118140,1,8,0,702.0
10109516OLIVEIRARP_2025-03-11_G16,10109516OLIVEIRARP,2025-03-11,111466,1,2,0,1023.0
10109516OLIVEIRARP_2025-03-11_G17,10109516OLIVEIRARP,2025-03-11,117808,1,8,0,142.0
10109516OLIVEIRARP_2025-03-11_G18,10109516OLIVEIRARP,2025-03-11,110371,1,4,0,31.0
10109516OLIVEIRARP_2025-03-11_G19,10109516OLIVEIRARP,2025-03-11,110372,1,8,0,134.0
10109516OLIVEIRARP_2025-03-11_G20,10109516OLIVEIRARP,2025-03-11,118299,1,8,0,154.0
10109516OLIVEIRARP_2025-03-11_G21,10109516OLIVEIRARP,2025-03-11,109643,1,20,0,558.0
10109516OLIVEIRARP_2025-03-11_G22,10109516OLIVEIRARP,2025-03-11,110711,1,8,0,131.0
10109516OLIVEIRARP_2025-03-11_G23,10109516OLIVEIRARP,2025-03-11,110313,1,6,0,463.0
10109516OLIVEIRARP_2025-03-11_G24,10109516OLIVEIRARP,2025-03-11,111743,1,8,0,473.0
10109516OLIVEIRARP_2025-03-11_G25,10109516OLIVEIRARP,2025-03-11,105335,1,2,0,104.0
10109516OLIVEIRARP_2025-03-11_G26,10109516OLIVEIRARP,2025-03-11,117831,1,4,0,256.0
10109516OLIVEIRARP_2025-03-11_G27,10109516OLIVEIRARP,2025-03-11,140922,1,7,0,90.0
10109516OLIVEIRARP_2025-03-11_G28,10109516OLIVEIRARP,2025-03-11,108711,1,12,0,371.0
10109516OLIVEIRARP_2025-03-11_G29,10109516OLIVEIRARP,2025-03-11,111463,1,4,0,73.0
10109516OLIVEIRARP_2025-03-11_G30,10109516OLIVEIRARP,2025-03-11,110787,1,8,0,155.0
10109516OLIVEIRARP_2025-03-11_G31,10109516OLIVEIRARP,2025-03-11,118140,1,8,0,151.0
10109516OLIVEIRARP_2025-03-11_G32,10109516OLIVEIRARP,2025-03-11,108794,1,4,0,488.0
10109516OLIVEIRARP_2025-03-11_G33,10109516OLIVEIRARP,2025-03-11,117821,1,4,0,127.0
10109516OLIVEIRARP_2025-03-11_G34,10109516OLIVEIRARP,2025-03-11,111466,1,4,0,96.0
10109516OLIVEIRARP_2025-03-11_G35,10109516OLIVEIRARP,2025-03-11,111462,1,8,0,169.0
10109516OLIVEIRARP_2025-03-11_G36,10109516OLIVEIRARP,2025-03-11,117808,1,4,0,212.0
10109516OLIVEIRARP_2025-03-11_G37,10109516OLIVEIRARP,2025-03-11,110371,1,4,0,61.0
10109516OLIVEIRARP_2025-03-11_G38,10109516OLIVEIRARP,2025-03-11,110372,1,8,0,167.0
10109516OLIVEIRARP_2025-03-11_G39,10109516OLIVEIRARP,2025-03-11,118299,1,4,0,114.0
10109516OLIVEIRARP_2025-03-11_G40,10109516OLIVEIRARP,2025-03-11,110373,1,6,0,138.0
10109516OLIVEIRARP_2025-03-11_G41,10109516OLIVEIRARP,2025-03-11,109747,1,4,0,143.0
10109516OLIVEIRARP_2025-03-11_G42,10109516OLIVEIRARP,2025-03-11,111602,1,40,0,409.0
10109516OLIVEIRARP_2025-03-11_G43,10109516OLIVEIRARP,2025-03-11,140911,1,4,0,155.0
10109516OLIVEIRARP_2025-03-11_G44,10109516OLIVEIRARP,2025-03-11,111172,1,2,0,143.0
10109516OLIVEIRARP_2025-03-11_G45,10109516OLIVEIRARP,2025-03-11,111530,1,1,0,146.0
10109516OLIVEIRARP_2025-03-11_G46,10109516OLIVEIRARP,2025-03-11,117833,1,4,0,123.0
10109516OLIVEIRARP_2025-03-11_G47,10109516OLIVEIRARP,2025-03-11,117862,1,2,0,266.0
10109516OLIVEIRARP_2025-03-11_G48,10109516OLIVEIRARP,2025-03-11,111442,1,7,0,259.0
10109516OLIVEIRARP_2025-03-11_G50,10109516OLIVEIRARP,2025-03-11,107629,1,2,0,109.0
10109516OLIVEIRARP_2025-03-11_G51,10109516OLIVEIRARP,2025-03-11,117855,1,2,0,139.0
10109516OLIVEIRARP_2025-03-11_G52,10109516OLIVEIRARP,2025-03-11,117861,1,2,0,175.0
10109516OLIVEIRARP_2025-03-11_G53,10109516OLIVEIRARP,2025-03-11,118298,1,4,0,108.0
10109516OLIVEIRARP_2025-03-11_G54,10109516OLIVEIRARP,2025-03-11,117785,1,12,0,370.0
10109516OLIVEIRARP_2025-03-11_G55,10109516OLIVEIRARP,2025-03-11,107236,1,1,0,293.0
10109516OLIVEIRARP_2025-03-11_G56,10109516OLIVEIRARP,2025-03-11,117831,1,9,0,201.0
10109516OLIVEIRARP_2025-03-11_G57,10109516OLIVEIRARP,2025-03-11,111418,1,4,0,110.0
10109516OLIVEIRARP_2025-03-11_G58,10109516OLIVEIRARP,2025-03-11,111442,1,2,0,47.0
10109516OLIVEIRARP_2025-03-11_G59,10109516OLIVEIRARP,2025-03-11,110748,1,2,0,48.0
10109516OLIVEIRARP_2025-03-11_G60,10109516OLIVEIRARP,2025-03-11,110129,1,2,0,44.0
10109516OLIVEIRARP_2025-03-11_G61,10109516OLIVEIRARP,2025-03-11,111463,1,4,0,106.0
10109516OLIVEIRARP_2025-03-11_G62,10109516OLIVEIRARP,2025-03-11,110740,1,1,0,54.0
10109516OLIVEIRARP_2025-03-11_G63,10109516OLIVEIRARP,2025-03-11,110787,1,4,0,210.0
10109516OLIVEIRARP_2025-03-11_G64,10109516OLIVEIRARP,2025-03-11,109645,1,4,0,189.0
10109516OLIVEIRARP_2025-03-11_G65,10109516OLIVEIRARP,2025-03-11,"117808, 117822",2,8,25,404.0
10109516OLIVEIRARP_2025-03-11_G66,10109516OLIVEIRARP,2025-03-11,117809,1,6,0,181.0
10109516OLIVEIRARP_2025-03-11_G67,10109516OLIVEIRARP,2025-03-11,118299,1,21,0,358.0
10109516OLIVEIRARP_2025-03-11_G68,10109516OLIVEIRARP,2025-03-11,117832,1,1,0,62.0
10109516OLIVEIRARP_2025-03-11_G69,10109516OLIVEIRARP,2025-03-11,110325,1,10,0,214.0
10109516OLIVEIRARP_2025-03-11_G70,10109516OLIVEIRARP,2025-03-11,117808,1,42,0,608.0
10109516OLIVEIRARP_2025-03-11_G71,10109516OLIVEIRARP,2025-03-11,110371,1,12,0,155.0
10109516OLIVEIRARP_2025-03-11_G72,10109516OLIVEIRARP,2025-03-11,117822,1,4,0,117.0
10109516OLIVEIRARP_2025-03-11_G73,10109516OLIVEIRARP,2025-03-11,110372,1,14,0,45.0
10109516OLIVEIRARP_2025-03-11_G74,10109516OLIVEIRARP,2025-03-11,118299,1,28,0,308.0
10109516OLIVEIRARP_2025-03-11_G75,10109516OLIVEIRARP,2025-03-11,117832,1,3,0,154.0
10109516OLIVEIRARP_2025-03-11_G76,10109516OLIVEIRARP,2025-03-11,110373,1,22,0,160.0
10109516OLIVEIRARP_2025-03-11_G77,10109516OLIVEIRARP,2025-03-11,110375,1,3,0,56.0
10109516OLIVEIRARP_2025-03-11_G78,10109516OLIVEIRARP,2025-03-11,110374,1,5,0,280.0
10109516OLIVEIRARP_2025-03-12_G02,10109516OLIVEIRARP,2025-03-12,111602,1,16,0,412.0
10109516OLIVEIRARP_2025-03-12_G03,10109516OLIVEIRARP,2025-03-12,107629,1,4,0,93.0
10109516OLIVEIRARP_2025-03-12_G04,10109516OLIVEIRARP,2025-03-12,111876,1,2,0,129.0
10109516OLIVEIRARP_2025-03-12_G05,10109516OLIVEIRARP,2025-03-12,111530,1,22,0,367.0
10109516OLIVEIRARP_2025-03-12_G06,10109516OLIVEIRARP,2025-03-12,110372,2,32,8,326.0
10109516OLIVEIRARP_2025-03-12_G07,10109516OLIVEIRARP,2025-03-12,118299,1,3,0,69.0
10109516OLIVEIRARP_2025-03-12_G08,10109516OLIVEIRARP,2025-03-12,110373,1,14,0,409.0
10109516OLIVEIRARP_2025-03-12_G09,10109516OLIVEIRARP,2025-03-12,110374,1,2,0,119.0
10109516OLIVEIRARP_2025-03-12_G10,10109516OLIVEIRARP,2025-03-12,111602,1,4,0,1095.0
10109516OLIVEIRARP_2025-03-12_G11,10109516OLIVEIRARP,2025-03-12,117785,1,6,0,1650.0
10109516OLIVEIRARP_2025-03-12_G12,10109516OLIVEIRARP,2025-03-12,111442,1,8,0,552.0
10109516OLIVEIRARP_2025-03-12_G13,10109516OLIVEIRARP,2025-03-12,118299,1,4,0,80.0
10109516OLIVEIRARP_2025-03-12_G14,10109516OLIVEIRARP,2025-03-12,110373,1,6,0,211.0
10109516OLIVEIRARP_2025-03-12_G15,10109516OLIVEIRARP,2025-03-12,118306,1,4,0,1070.0
10109516OLIVEIRARP_2025-03-12_G16,10109516OLIVEIRARP,2025-03-12,111569,1,14,0,548.0
10109516OLIVEIRARP_2025-03-12_G17,10109516OLIVEIRARP,2025-03-12,110339,1,2,0,356.0
10109516OLIVEIRARP_2025-03-12_G18,10109516OLIVEIRARP,2025-03-12,111431,1,4,0,503.0
10109516OLIVEIRARP_2025-03-12_G19,10109516OLIVEIRARP,2025-03-12,111466,2,8,30,125.0
10109516OLIVEIRARP_2025-03-12_G20,10109516OLIVEIRARP,2025-03-12,111465,1,2,0,167.0
10109516OLIVEIRARP_2025-03-12_G21,10109516OLIVEIRARP,2025-03-12,111532,1,10,0,324.0
10109516OLIVEIRARP_2025-03-12_G22,10109516OLIVEIRARP,2025-03-12,118403,1,199,0,2824.0
10109516OLIVEIRARP_2025-03-12_G23,10109516OLIVEIRARP,2025-03-12,110747,1,200,0,67.0
10109516OLIVEIRARP_2025-03-12_G24,10109516OLIVEIRARP,2025-03-12,118403,1,1,0,136.0
10109516OLIVEIRARP_2025-03-12_G25,10109516OLIVEIRARP,2025-03-12,111330,1,4,0,689.0
10109516OLIVEIRARP_2025-03-12_G26,10109516OLIVEIRARP,2025-03-12,111330,1,15,0,671.0
10109516OLIVEIRARP_2025-03-12_G27,10109516OLIVEIRARP,2025-03-12,117856,1,4,0,236.0
10109516OLIVEIRARP_2025-03-12_G28,10109516OLIVEIRARP,2025-03-12,140911,1,8,0,143.0
10109516OLIVEIRARP_2025-03-12_G29,10109516OLIVEIRARP,2025-03-12,110733,1,1,0,98.0
10109516OLIVEIRARP_2025-03-12_G30,10109516OLIVEIRARP,2025-03-12,118094,1,5,0,108.0
10109516OLIVEIRARP_2025-03-12_G31,10109516OLIVEIRARP,2025-03-12,111442,1,4,0,172.0
10109516OLIVEIRARP_2025-03-12_G32,10109516OLIVEIRARP,2025-03-12,118222,1,4,0,972.0
10109516OLIVEIRARP_2025-03-12_G33,10109516OLIVEIRARP,2025-03-12,111435,1,10,0,678.0
10109516OLIVEIRARP_2025-03-12_G34,10109516OLIVEIRARP,2025-03-12,117785,1,26,0,120.0
10109516OLIVEIRARP_2025-03-12_G35,10109516OLIVEIRARP,2025-03-12,117821,1,4,0,120.0
10109516OLIVEIRARP_2025-03-12_G36,10109516OLIVEIRARP,2025-03-12,111462,1,33,0,434.0
10109516OLIVEIRARP_2025-03-12_G37,10109516OLIVEIRARP,2025-03-12,110742,1,5,0,242.0
10109516OLIVEIRARP_2025-03-12_G38,10109516OLIVEIRARP,2025-03-12,118222,1,8,0,223.0
10109516OLIVEIRARP_2025-03-12_G39,10109516OLIVEIRARP,2025-03-12,116527,1,2,0,158.0
10109516OLIVEIRARP_2025-03-12_G40,10109516OLIVEIRARP,2025-03-12,111602,1,6,0,201.0
10109516OLIVEIRARP_2025-03-12_G41,10109516OLIVEIRARP,2025-03-12,117786,1,2,0,152.0
10109516OLIVEIRARP_2025-03-12_G42,10109516OLIVEIRARP,2025-03-12,118094,1,30,0,952.0
10109516OLIVEIRARP_2025-03-12_G43,10109516OLIVEIRARP,2025-03-12,110339,1,16,0,207.0
10109516OLIVEIRARP_2025-03-12_G45,10109516OLIVEIRARP,2025-03-12,100334,1,5,0,187.0
10109516OLIVEIRARP_2025-03-12_G46,10109516OLIVEIRARP,2025-03-12,111430,1,4,0,202.0
10109516OLIVEIRARP_2025-03-12_G47,10109516OLIVEIRARP,2025-03-12,111463,1,32,0,660.0
10109516OLIVEIRARP_2025-03-12_G48,10109516OLIVEIRARP,2025-03-12,109641,1,2,0,106.0
10109516OLIVEIRARP_2025-03-12_G49,10109516OLIVEIRARP,2025-03-12,118140,2,22,11,171.0
10109516OLIVEIRARP_2025-03-12_G50,10109516OLIVEIRARP,2025-03-12,110787,1,2,0,210.0
10109516OLIVEIRARP_2025-03-12_G51,10109516OLIVEIRARP,2025-03-12,109645,1,5,0,102.0
10109516OLIVEIRARP_2025-03-12_G52,10109516OLIVEIRARP,2025-03-12,110325,1,3,0,189.0
10109516OLIVEIRARP_2025-03-12_G53,10109516OLIVEIRARP,2025-03-12,110372,1,2,0,32.0
10109516OLIVEIRARP_2025-03-12_G54,10109516OLIVEIRARP,2025-03-12,117832,1,6,0,109.0
10109516OLIVEIRARP_2025-03-12_G55,10109516OLIVEIRARP,2025-03-12,110374,2,33,22,743.0
10109516OLIVEIRARP_2025-03-12_G56,10109516OLIVEIRARP,2025-03-12,110372,1,66,0,582.0
10109516OLIVEIRARP_2025-03-13_G02,10109516OLIVEIRARP,2025-03-13,110313,1,4,0,168.0
10109516OLIVEIRARP_2025-03-13_G03,10109516OLIVEIRARP,2025-03-13,117856,1,1,0,42.0
10109516OLIVEIRARP_2025-03-13_G04,10109516OLIVEIRARP,2025-03-13,117786,1,5,0,380.0
10109516OLIVEIRARP_2025-03-13_G05,10109516OLIVEIRARP,2025-03-13,110711,1,7,0,138.0
10109516OLIVEIRARP_2025-03-13_G06,10109516OLIVEIRARP,2025-03-13,118222,1,2,0,3258.0
10109516OLIVEIRARP_2025-03-13_G07,10109516OLIVEIRARP,2025-03-13,111466,2,16,9,45.0
10109516OLIVEIRARP_2025-03-13_G08,10109516OLIVEIRARP,2025-03-13,111532,1,6,0,238.0
10109516OLIVEIRARP_2025-03-13_G09,10109516OLIVEIRARP,2025-03-13,117785,1,42,0,370.0
10109516OLIVEIRARP_2025-03-13_G10,10109516OLIVEIRARP,2025-03-13,110325,1,7,0,455.0
10109516OLIVEIRARP_2025-03-13_G11,10109516OLIVEIRARP,2025-03-13,110371,1,8,0,192.0
10109516OLIVEIRARP_2025-03-13_G12,10109516OLIVEIRARP,2025-03-13,118299,2,24,8,1103.0
10109516OLIVEIRARP_2025-03-13_G13,10109516OLIVEIRARP,2025-03-13,110376,1,4,0,587.0
10109516OLIVEIRARP_2025-03-13_G14,10109516OLIVEIRARP,2025-03-13,117830,1,14,0,1317.0
10109516OLIVEIRARP_2025-03-13_G15,10109516OLIVEIRARP,2025-03-13,117832,1,6,0,137.0
10109516OLIVEIRARP_2025-03-13_G16,10109516OLIVEIRARP,2025-03-13,110373,2,21,12,363.0
10109516OLIVEIRARP_2025-03-13_G17,10109516OLIVEIRARP,2025-03-13,117808,1,252,0,710.0
10109516OLIVEIRARP_2025-03-13_G18,10109516OLIVEIRARP,2025-03-13,140911,1,3,0,883.0
10109516OLIVEIRARP_2025-03-13_G19,10109516OLIVEIRARP,2025-03-13,118290,1,11,0,401.0
10109516OLIVEIRARP_2025-03-13_G20,10109516OLIVEIRARP,2025-03-13,110747,1,2,0,506.0
10109516OLIVEIRARP_2025-03-13_G21,10109516OLIVEIRARP,2025-03-13,100334,1,4,0,138.0
10109516OLIVEIRARP_2025-03-13_G22,10109516OLIVEIRARP,2025-03-13,111569,1,16,0,408.0
10109516OLIVEIRARP_2025-03-13_G23,10109516OLIVEIRARP,2025-03-13,117855,1,25,0,784.0
10109516OLIVEIRARP_2025-03-13_G24,10109516OLIVEIRARP,2025-03-13,110515,1,30,0,187.0
10109516OLIVEIRARP_2025-03-13_G25,10109516OLIVEIRARP,2025-03-13,"118403, 110711",2,14,9,299.0
10109516OLIVEIRARP_2025-03-13_G26,10109516OLIVEIRARP,2025-03-13,109640,1,2,0,195.0
10109516OLIVEIRARP_2025-03-13_G27,10109516OLIVEIRARP,2025-03-13,117786,1,10,0,331.0
10109516OLIVEIRARP_2025-03-13_G28,10109516OLIVEIRARP,2025-03-13,110373,1,50,0,523.0
10109516OLIVEIRARP_2025-03-13_G29,10109516OLIVEIRARP,2025-03-13,117820,1,50,0,637.0
10109516OLIVEIRARP_2025-03-13_G31,10109516OLIVEIRARP,2025-03-13,117855,1,2,0,217.0
10109516OLIVEIRARP_2025-03-13_G32,10109516OLIVEIRARP,2025-03-13,111182,1,8,0,389.0
10109516OLIVEIRARP_2025-03-13_G33,10109516OLIVEIRARP,2025-03-13,111435,1,5,0,233.0
10109516OLIVEIRARP_2025-03-13_G34,10109516OLIVEIRARP,2025-03-13,111435,1,5,0,217.0
10109516OLIVEIRARP_2025-03-13_G35,10109516OLIVEIRARP,2025-03-13,111532,1,16,0,177.0
10109516OLIVEIRARP_2025-03-13_G36,10109516OLIVEIRARP,2025-03-13,118317,1,3,0,82.0
10109516OLIVEIRARP_2025-03-13_G37,10109516OLIVEIRARP,2025-03-13,111763,2,6,7,56.0
10109516OLIVEIRARP_2025-03-13_G38,10109516OLIVEIRARP,2025-03-13,109645,1,13,0,303.0
10109516OLIVEIRARP_2025-03-13_G39,10109516OLIVEIRARP,2025-03-13,110372,2,11,11,757.0
10109516OLIVEIRARP_2025-03-13_G40,10109516OLIVEIRARP,2025-03-13,117832,1,4,0,284.0
10109516OLIVEIRARP_2025-03-13_G41,10109516OLIVEIRARP,2025-03-13,110374,1,7,0,409.0
10109516OLIVEIRARP_2025-03-13_G42,10109516OLIVEIRARP,2025-03-13,117820,1,6,0,64.0
10109516OLIVEIRARP_2025-03-14_G02,10109516OLIVEIRARP,2025-03-14,117935,1,5,0,165.0
10109516OLIVEIRARP_2025-03-14_G03,10109516OLIVEIRARP,2025-03-14,117856,1,4,0,143.0
10109516OLIVEIRARP_2025-03-14_G04,10109516OLIVEIRARP,2025-03-14,110733,1,20,0,279.0
10109516OLIVEIRARP_2025-03-14_G05,10109516OLIVEIRARP,2025-03-14,118004,1,1,0,138.0
10109516OLIVEIRARP_2025-03-14_G06,10109516OLIVEIRARP,2025-03-14,117833,1,14,0,225.0
10109516OLIVEIRARP_2025-03-14_G07,10109516OLIVEIRARP,2025-03-14,111172,1,8,0,563.0
10109516OLIVEIRARP_2025-03-14_G08,10109516OLIVEIRARP,2025-03-14,111418,1,30,0,1888.0
10109516OLIVEIRARP_2025-03-14_G09,10109516OLIVEIRARP,2025-03-14,111462,1,16,0,379.0
10109516OLIVEIRARP_2025-03-14_G10,10109516OLIVEIRARP,2025-03-14,108711,1,2,0,144.0
10109516OLIVEIRARP_2025-03-14_G11,10109516OLIVEIRARP,2025-03-14,110129,1,3,0,106.0
10109516OLIVEIRARP_2025-03-14_G12,10109516OLIVEIRARP,2025-03-14,110371,1,16,0,450.0
10109516OLIVEIRARP_2025-03-14_G13,10109516OLIVEIRARP,2025-03-14,117809,1,20,0,964.0
10109516OLIVEIRARP_2025-03-14_G14,10109516OLIVEIRARP,2025-03-14,110372,1,40,0,578.0
10109516OLIVEIRARP_2025-03-14_G15,10109516OLIVEIRARP,2025-03-14,117808,1,6,0,109.0
10109516OLIVEIRARP_2025-03-14_G16,10109516OLIVEIRARP,2025-03-14,109643,1,2,0,98.0
10109516OLIVEIRARP_2025-03-14_G17,10109516OLIVEIRARP,2025-03-14,110373,1,12,0,376.0
10109516OLIVEIRARP_2025-03-14_G18,10109516OLIVEIRARP,2025-03-14,110374,1,30,0,359.0
10109516OLIVEIRARP_2025-03-14_G19,10109516OLIVEIRARP,2025-03-14,108772,1,2,0,589.0
10109516OLIVEIRARP_2025-03-14_G20,10109516OLIVEIRARP,2025-03-14,110515,1,2,0,145.0
10109516OLIVEIRARP_2025-03-14_G21,10109516OLIVEIRARP,2025-03-14,117786,1,4,0,577.0
10109516OLIVEIRARP_2025-03-14_G22,10109516OLIVEIRARP,2025-03-14,111876,1,4,0,159.0
10109516OLIVEIRARP_2025-03-14_G23,10109516OLIVEIRARP,2025-03-14,108772,1,4,0,223.0
10109516OLIVEIRARP_2025-03-14_G24,10109516OLIVEIRARP,2025-03-14,111348,1,4,0,1370.0
10109516OLIVEIRARP_2025-03-14_G25,10109516OLIVEIRARP,2025-03-14,111435,1,4,0,157.0
10109516OLIVEIRARP_2025-03-14_G26,10109516OLIVEIRARP,2025-03-14,107236,1,20,0,287.0
10109516OLIVEIRARP_2025-03-14_G27,10109516OLIVEIRARP,2025-03-14,140922,1,4,0,445.0
10109516OLIVEIRARP_2025-03-14_G28,10109516OLIVEIRARP,2025-03-14,111468,1,9,0,195.0
10109516OLIVEIRARP_2025-03-14_G29,10109516OLIVEIRARP,2025-03-14,111442,1,2,0,115.0
10109516OLIVEIRARP_2025-03-14_G30,10109516OLIVEIRARP,2025-03-14,109645,1,2,0,99.0
10109516OLIVEIRARP_2025-03-14_G31,10109516OLIVEIRARP,2025-03-14,105705,1,2,0,153.0
10109516OLIVEIRARP_2025-03-14_G32,10109516OLIVEIRARP,2025-03-14,111433,1,4,0,144.0
10109516OLIVEIRARP_2025-03-14_G33,10109516OLIVEIRARP,2025-03-14,111439,1,8,0,1900.0
10109516OLIVEIRARP_2025-03-14_G34,10109516OLIVEIRARP,2025-03-14,109747,1,4,0,662.0
10109516OLIVEIRARP_2025-03-14_G36,10109516OLIVEIRARP,2025-03-14,117830,1,2,0,123.0
10109516OLIVEIRARP_2025-03-14_G37,10109516OLIVEIRARP,2025-03-14,110373,1,16,0,287.0
10109516OLIVEIRARP_2025-03-14_G38,10109516OLIVEIRARP,2025-03-14,100334,1,5,0,1196.0
10109516OLIVEIRARP_2025-03-14_G39,10109516OLIVEIRARP,2025-03-14,111569,1,38,0,125.0
10109516OLIVEIRARP_2025-03-14_G40,10109516OLIVEIRARP,2025-03-14,115775,1,1,0,322.0
10109516OLIVEIRARP_2025-03-14_G41,10109516OLIVEIRARP,2025-03-14,111430,1,1,0,69.0
10109516OLIVEIRARP_2025-03-14_G42,10109516OLIVEIRARP,2025-03-14,118364,1,4,0,481.0
10109516OLIVEIRARP_2025-03-14_G43,10109516OLIVEIRARP,2025-03-14,117836,1,2,0,68.0
10109516OLIVEIRARP_2025-03-14_G44,10109516OLIVEIRARP,2025-03-14,110310,1,4,0,98.0
10109516OLIVEIRARP_2025-03-14_G45,10109516OLIVEIRARP,2025-03-14,111436,1,4,0,647.0
10109516OLIVEIRARP_2025-03-14_G46,10109516OLIVEIRARP,2025-03-14,110743,1,2,0,780.0
10109516OLIVEIRARP_2025-03-14_G47,10109516OLIVEIRARP,2025-03-14,111348,1,3,0,110.0
10109516OLIVEIRARP_2025-03-14_G48,10109516OLIVEIRARP,2025-03-14,"117831, 117833",2,60,21,780.0
10109516OLIVEIRARP_2025-03-14_G49,10109516OLIVEIRARP,2025-03-14,"140922, 111468",2,15,28,506.0
10109516OLIVEIRARP_2025-03-15_G02,10109516OLIVEIRARP,2025-03-15,111430,1,2,0,84.0
10109516OLIVEIRARP_2025-03-15_G03,10109516OLIVEIRARP,2025-03-15,118364,1,4,0,525.0
10109516OLIVEIRARP_2025-03-15_G04,10109516OLIVEIRARP,2025-03-15,111439,1,4,0,145.0
10109516OLIVEIRARP_2025-03-15_G05,10109516OLIVEIRARP,2025-03-15,141047,1,4,0,180.0
10109516OLIVEIRARP_2025-03-15_G06,10109516OLIVEIRARP,2025-03-15,111469,1,2,0,678.0
10109516OLIVEIRARP_2025-03-15_G07,10109516OLIVEIRARP,2025-03-15,111348,1,2,0,313.0
10109516OLIVEIRARP_2025-03-15_G08,10109516OLIVEIRARP,2025-03-15,111330,1,1,0,126.0
10109516OLIVEIRARP_2025-03-15_G09,10109516OLIVEIRARP,2025-03-15,116241,1,1,0,106.0
10109516OLIVEIRARP_2025-03-15_G10,10109516OLIVEIRARP,2025-03-15,111435,1,17,0,690.0
10109516OLIVEIRARP_2025-03-15_G11,10109516OLIVEIRARP,2025-03-15,140922,1,4,0,257.0
10109516OLIVEIRARP_2025-03-15_G12,10109516OLIVEIRARP,2025-03-15,140922,2,18,8,438.0
10109516OLIVEIRARP_2025-03-15_G13,10109516OLIVEIRARP,2025-03-15,109641,1,70,0,726.0
10109516OLIVEIRARP_2025-03-15_G14,10109516OLIVEIRARP,2025-03-15,117785,1,8,0,347.0
10109516OLIVEIRARP_2025-03-15_G15,10109516OLIVEIRARP,2025-03-15,117821,1,30,0,524.0
10109516OLIVEIRARP_2025-03-15_G16,10109516OLIVEIRARP,2025-03-15,109641,1,2,0,113.0
10109516OLIVEIRARP_2025-03-15_G17,10109516OLIVEIRARP,2025-03-15,117808,1,4,0,113.0
10109516OLIVEIRARP_2025-03-15_G18,10109516OLIVEIRARP,2025-03-15,117808,1,28,0,362.0
10109516OLIVEIRARP_2025-03-15_G19,10109516OLIVEIRARP,2025-03-15,117853,1,24,0,871.0
10109516OLIVEIRARP_2025-03-15_G20,10109516OLIVEIRARP,2025-03-15,111439,1,3,0,274.0
10109516OLIVEIRARP_2025-03-15_G21,10109516OLIVEIRARP,2025-03-15,111418,1,28,0,471.0
10109516OLIVEIRARP_2025-03-15_G22,10109516OLIVEIRARP,2025-03-15,110373,1,12,0,147.0
10109516OLIVEIRARP_2025-03-15_G24,10109516OLIVEIRARP,2025-03-15,111850,1,4,0,289.0
10109516OLIVEIRARP_2025-03-15_G25,10109516OLIVEIRARP,2025-03-15,110895,1,18,0,641.0
10109516OLIVEIRARP_2025-03-15_G26,10109516OLIVEIRARP,2025-03-15,117789,1,8,0,159.0
10109516OLIVEIRARP_2025-03-15_G27,10109516OLIVEIRARP,2025-03-15,118322,1,4,0,2274.0
10109516OLIVEIRARP_2025-03-15_G28,10109516OLIVEIRARP,2025-03-15,117862,1,24,0,663.0
10109516OLIVEIRARP_2025-03-15_G29,10109516OLIVEIRARP,2025-03-15,141035,1,4,0,52.0
10109516OLIVEIRARP_2025-03-15_G30,10109516OLIVEIRARP,2025-03-15,141035,1,8,0,205.0
10109516OLIVEIRARP_2025-03-15_G31,10109516OLIVEIRARP,2025-03-15,118403,1,4,0,271.0
10109516OLIVEIRARP_2025-03-15_G32,10109516OLIVEIRARP,2025-03-15,118094,1,23,0,271.0
10109516OLIVEIRARP_2025-03-15_G33,10109516OLIVEIRARP,2025-03-15,118094,1,3,0,68.0
10109516OLIVEIRARP_2025-03-15_G34,10109516OLIVEIRARP,2025-03-15,117856,1,13,0,458.0
10109516OLIVEIRARP_2025-03-15_G35,10109516OLIVEIRARP,2025-03-15,110741,1,6,0,2677.0
10109516OLIVEIRARP_2025-03-15_G36,10109516OLIVEIRARP,2025-03-15,117855,1,12,0,368.0
10109516OLIVEIRARP_2025-03-15_G37,10109516OLIVEIRARP,2025-03-15,108772,1,1,0,65.0
10109516OLIVEIRARP_2025-03-15_G38,10109516OLIVEIRARP,2025-03-15,110711,1,1,0,146.0
10109516OLIVEIRARP_2025-03-15_G39,10109516OLIVEIRARP,2025-03-15,110371,1,36,0,749.0
10109516OLIVEIRARP_2025-03-15_G40,10109516OLIVEIRARP,2025-03-15,110376,1,19,0,202.0
10109516OLIVEIRARP_2025-03-15_G41,10109516OLIVEIRARP,2025-03-15,110372,1,74,0,443.0
10109516OLIVEIRARP_2025-03-15_G42,10109516OLIVEIRARP,2025-03-15,110374,1,26,0,221.0
10109516OLIVEIRARP_2025-03-15_G43,10109516OLIVEIRARP,2025-03-15,118299,1,155,0,916.0
10109516OLIVEIRARP_2025-03-15_G44,10109516OLIVEIRARP,2025-03-15,117855,1,3,0,750.0
10109516OLIVEIRARP_2025-03-15_G45,10109516OLIVEIRARP,2025-03-15,111438,1,2,0,368.0
10109516OLIVEIRARP_2025-03-15_G46,10109516OLIVEIRARP,2025-03-15,118094,1,8,0,425.0
10109516OLIVEIRARP_2025-03-17_G02,10109516OLIVEIRARP,2025-03-17,111569,1,2,0,65.0
10109516OLIVEIRARP_2025-03-17_G03,10109516OLIVEIRARP,2025-03-17,118222,1,5,0,132.0
10109516OLIVEIRARP_2025-03-17_G04,10109516OLIVEIRARP,2025-03-17,100334,1,2,0,408.0
10109516OLIVEIRARP_2025-03-17_G05,10109516OLIVEIRARP,2025-03-17,111430,1,2,0,71.0
10109516OLIVEIRARP_2025-03-17_G06,10109516OLIVEIRARP,2025-03-17,118403,1,4,0,216.0
10109516OLIVEIRARP_2025-03-17_G07,10109516OLIVEIRARP,2025-03-17,110339,1,4,0,130.0
10109516OLIVEIRARP_2025-03-17_G08,10109516OLIVEIRARP,2025-03-17,110313,1,1,0,94.0
10109516OLIVEIRARP_2025-03-17_G09,10109516OLIVEIRARP,2025-03-17,110733,1,7,0,135.0
10109516OLIVEIRARP_2025-03-17_G10,10109516OLIVEIRARP,2025-03-17,111876,1,4,0,512.0
10109516OLIVEIRARP_2025-03-17_G12,10109516OLIVEIRARP,2025-03-17,123343,1,4,0,199.0
10109516OLIVEIRARP_2025-03-17_G13,10109516OLIVEIRARP,2025-03-17,120339,1,26,0,2380.0
10109516OLIVEIRARP_2025-03-17_G14,10109516OLIVEIRARP,2025-03-17,122196,1,9,0,576.0
10109516OLIVEIRARP_2025-03-17_G15,10109516OLIVEIRARP,2025-03-17,"120339, 122985",2,11,24,593.0
10109516OLIVEIRARP_2025-03-17_G16,10109516OLIVEIRARP,2025-03-17,120008,1,20,0,1130.0
10109516OLIVEIRARP_2025-03-17_G17,10109516OLIVEIRARP,2025-03-17,123822,1,42,0,2449.0
10109516OLIVEIRARP_2025-03-17_G18,10109516OLIVEIRARP,2025-03-17,123822,1,25,0,578.0
10109516OLIVEIRARP_2025-03-17_G19,10109516OLIVEIRARP,2025-03-17,120272,1,12,0,339.0
10109516OLIVEIRARP_2025-03-17_G20,10109516OLIVEIRARP,2025-03-17,122982,1,2,0,171.0
10109516OLIVEIRARP_2025-03-17_G21,10109516OLIVEIRARP,2025-03-17,122982,1,6,0,202.0
10109516OLIVEIRARP_2025-03-17_G22,10109516OLIVEIRARP,2025-03-17,120339,1,1,0,179.0
10109516OLIVEIRARP_2025-03-17_G23,10109516OLIVEIRARP,2025-03-17,120028,1,21,0,1156.0
10109516OLIVEIRARP_2025-03-17_G24,10109516OLIVEIRARP,2025-03-17,122984,1,8,0,290.0
10109516OLIVEIRARP_2025-03-17_G25,10109516OLIVEIRARP,2025-03-17,120028,1,16,0,444.0
10109516OLIVEIRARP_2025-03-17_G26,10109516OLIVEIRARP,2025-03-17,120339,1,2,0,241.0
10109516OLIVEIRARP_2025-03-17_G27,10109516OLIVEIRARP,2025-03-17,122984,1,8,0,262.0
10109516OLIVEIRARP_2025-03-17_G28,10109516OLIVEIRARP,2025-03-17,122962,1,26,0,703.0
10109516OLIVEIRARP_2025-03-17_G29,10109516OLIVEIRARP,2025-03-17,123909,1,13,0,478.0
10109516OLIVEIRARP_2025-03-17_G30,10109516OLIVEIRARP,2025-03-17,123822,1,1,0,170.0
10109516OLIVEIRARP_2025-03-17_G32,10109516OLIVEIRARP,2025-03-17,121651,1,39,0,1281.0
10109516OLIVEIRARP_2025-03-17_G33,10109516OLIVEIRARP,2025-03-17,123345,1,4,0,151.0
10109516OLIVEIRARP_2025-03-17_G34,10109516OLIVEIRARP,2025-03-17,123909,1,2,0,203.0
10109516OLIVEIRARP_2025-03-18_G02,10109516OLIVEIRARP,2025-03-18,117831,1,8,0,87.0
10109516OLIVEIRARP_2025-03-18_G03,10109516OLIVEIRARP,2025-03-18,110742,1,3,0,1214.0
10109516OLIVEIRARP_2025-03-18_G04,10109516OLIVEIRARP,2025-03-18,111438,1,4,0,547.0
10109516OLIVEIRARP_2025-03-18_G05,10109516OLIVEIRARP,2025-03-18,100334,1,8,0,415.0
10109516OLIVEIRARP_2025-03-18_G06,10109516OLIVEIRARP,2025-03-18,110733,1,1,0,96.0
10109516OLIVEIRARP_2025-03-18_G07,10109516OLIVEIRARP,2025-03-18,111602,1,21,0,386.0
10109516OLIVEIRARP_2025-03-18_G08,10109516OLIVEIRARP,2025-03-18,107629,1,4,0,2311.0
10109516OLIVEIRARP_2025-03-18_G09,10109516OLIVEIRARP,2025-03-18,117855,1,8,0,2127.0
10109516OLIVEIRARP_2025-03-18_G10,10109516OLIVEIRARP,2025-03-18,110515,1,23,0,533.0
10109516OLIVEIRARP_2025-03-18_G11,10109516OLIVEIRARP,2025-03-18,110711,1,2,0,180.0
10109516OLIVEIRARP_2025-03-18_G12,10109516OLIVEIRARP,2025-03-18,111463,1,20,0,284.0
10109516OLIVEIRARP_2025-03-18_G13,10109516OLIVEIRARP,2025-03-18,111435,1,3,0,243.0
10109516OLIVEIRARP_2025-03-18_G14,10109516OLIVEIRARP,2025-03-18,111532,1,5,0,99.0
10109516OLIVEIRARP_2025-03-18_G15,10109516OLIVEIRARP,2025-03-18,117831,1,15,0,374.0
10109516OLIVEIRARP_2025-03-18_G16,10109516OLIVEIRARP,2025-03-18,140922,1,31,0,434.0
10109516OLIVEIRARP_2025-03-18_G17,10109516OLIVEIRARP,2025-03-18,109641,1,4,0,562.0
10109516OLIVEIRARP_2025-03-18_G18,10109516OLIVEIRARP,2025-03-18,108711,1,4,0,113.0
10109516OLIVEIRARP_2025-03-18_G19,10109516OLIVEIRARP,2025-03-18,118317,1,4,0,62.0
10109516OLIVEIRARP_2025-03-18_G20,10109516OLIVEIRARP,2025-03-18,111462,1,10,0,158.0
10109516OLIVEIRARP_2025-03-18_G21,10109516OLIVEIRARP,2025-03-18,111462,1,2,0,33.0
10109516OLIVEIRARP_2025-03-18_G22,10109516OLIVEIRARP,2025-03-18,111763,1,2,0,45.0
10109516OLIVEIRARP_2025-03-18_G23,10109516OLIVEIRARP,2025-03-18,110745,1,5,0,429.0
10109516OLIVEIRARP_2025-03-18_G24,10109516OLIVEIRARP,2025-03-18,109645,1,20,0,253.0
10109516OLIVEIRARP_2025-03-18_G25,10109516OLIVEIRARP,2025-03-18,111433,1,6,0,396.0
10109516OLIVEIRARP_2025-03-18_G26,10109516OLIVEIRARP,2025-03-18,111465,1,8,0,116.0
10109516OLIVEIRARP_2025-03-18_G27,10109516OLIVEIRARP,2025-03-18,110325,1,15,0,330.0
10109516OLIVEIRARP_2025-03-18_G28,10109516OLIVEIRARP,2025-03-18,110373,1,34,0,525.0
10109516OLIVEIRARP_2025-03-18_G29,10109516OLIVEIRARP,2025-03-18,110373,1,4,0,320.0
10109516OLIVEIRARP_2025-03-18_G30,10109516OLIVEIRARP,2025-03-18,117820,1,20,0,157.0
10109516OLIVEIRARP_2025-03-18_G31,10109516OLIVEIRARP,2025-03-18,109643,1,5,0,130.0
10109516OLIVEIRARP_2025-03-18_G32,10109516OLIVEIRARP,2025-03-18,110374,2,47,17,469.0
10109516OLIVEIRARP_2025-03-18_G33,10109516OLIVEIRARP,2025-03-18,110376,1,4,0,172.0
10109516OLIVEIRARP_2025-03-18_G34,10109516OLIVEIRARP,2025-03-18,117855,1,7,0,385.0
10109516OLIVEIRARP_2025-03-18_G35,10109516OLIVEIRARP,2025-03-18,117808,1,13,0,154.0
10109516OLIVEIRARP_2025-03-18_G36,10109516OLIVEIRARP,2025-03-18,117820,1,3,0,131.0
10109516OLIVEIRARP_2025-03-18_G37,10109516OLIVEIRARP,2025-03-18,110372,1,15,0,170.0
10109516OLIVEIRARP_2025-03-18_G38,10109516OLIVEIRARP,2025-03-18,117832,1,2,0,109.0
10109516OLIVEIRARP_2025-03-18_G39,10109516OLIVEIRARP,2025-03-18,111569,1,9,0,902.0
10109516OLIVEIRARP_2025-03-18_G40,10109516OLIVEIRARP,2025-03-18,110747,1,3,0,129.0
10109516OLIVEIRARP_2025-03-18_G41,10109516OLIVEIRARP,2025-03-18,111850,1,2,0,116.0
10109516OLIVEIRARP_2025-03-18_G43,10109516OLIVEIRARP,2025-03-18,118298,1,2,0,360.0
10109516OLIVEIRARP_2025-03-18_G44,10109516OLIVEIRARP,2025-03-18,110313,1,3,0,127.0
10109516OLIVEIRARP_2025-03-18_G45,10109516OLIVEIRARP,2025-03-18,117856,1,1,0,245.0
10109516OLIVEIRARP_2025-03-18_G46,10109516OLIVEIRARP,2025-03-18,110733,1,5,0,267.0
10109516OLIVEIRARP_2025-03-18_G47,10109516OLIVEIRARP,2025-03-18,111602,1,6,0,270.0
10109516OLIVEIRARP_2025-03-18_G48,10109516OLIVEIRARP,2025-03-18,111602,1,14,0,444.0
10109516OLIVEIRARP_2025-03-18_G49,10109516OLIVEIRARP,2025-03-18,110741,1,6,0,136.0
10109516OLIVEIRARP_2025-03-18_G50,10109516OLIVEIRARP,2025-03-18,117855,1,2,0,148.0
10109516OLIVEIRARP_2025-03-18_G51,10109516OLIVEIRARP,2025-03-18,111467,1,1,0,419.0
10109516OLIVEIRARP_2025-03-18_G52,10109516OLIVEIRARP,2025-03-18,117861,1,2,0,63.0
10109516OLIVEIRARP_2025-03-18_G53,10109516OLIVEIRARP,2025-03-18,111876,1,8,0,212.0
10109516OLIVEIRARP_2025-03-18_G54,10109516OLIVEIRARP,2025-03-18,110515,1,4,0,256.0
10109516OLIVEIRARP_2025-03-18_G55,10109516OLIVEIRARP,2025-03-18,110515,1,6,0,95.0
10109516OLIVEIRARP_2025-03-18_G56,10109516OLIVEIRARP,2025-03-18,111530,1,7,0,342.0
10109516OLIVEIRARP_2025-03-18_G57,10109516OLIVEIRARP,2025-03-18,110711,2,5,8,80.0
10109516OLIVEIRARP_2025-03-18_G58,10109516OLIVEIRARP,2025-03-18,117855,1,9,0,274.0
10109516OLIVEIRARP_2025-03-18_G59,10109516OLIVEIRARP,2025-03-18,117785,1,5,0,382.0
10109516OLIVEIRARP_2025-03-18_G60,10109516OLIVEIRARP,2025-03-18,117785,1,7,0,108.0
10109516OLIVEIRARP_2025-03-18_G61,10109516OLIVEIRARP,2025-03-18,111462,2,8,7,729.0
10109516OLIVEIRARP_2025-03-18_G62,10109516OLIVEIRARP,2025-03-18,117821,1,2,0,175.0
10109516OLIVEIRARP_2025-03-19_G02,10109516OLIVEIRARP,2025-03-19,118299,1,9,0,123.0
10109516OLIVEIRARP_2025-03-19_G03,10109516OLIVEIRARP,2025-03-19,110373,1,4,0,87.0
10109516OLIVEIRARP_2025-03-19_G04,10109516OLIVEIRARP,2025-03-19,117820,1,11,0,128.0
10109516OLIVEIRARP_2025-03-19_G05,10109516OLIVEIRARP,2025-03-19,110372,1,4,0,178.0
10109516OLIVEIRARP_2025-03-19_G06,10109516OLIVEIRARP,2025-03-19,117832,1,8,0,220.0
10109516OLIVEIRARP_2025-03-19_G07,10109516OLIVEIRARP,2025-03-19,110375,1,2,0,144.0
10109516OLIVEIRARP_2025-03-19_G08,10109516OLIVEIRARP,2025-03-19,110374,1,6,0,156.0
10109516OLIVEIRARP_2025-03-19_G09,10109516OLIVEIRARP,2025-03-19,109643,1,4,0,126.0
10109516OLIVEIRARP_2025-03-19_G10,10109516OLIVEIRARP,2025-03-19,108795,1,12,0,612.0
10109516OLIVEIRARP_2025-03-19_G11,10109516OLIVEIRARP,2025-03-19,140922,1,2,0,90.0
10109516OLIVEIRARP_2025-03-19_G12,10109516OLIVEIRARP,2025-03-19,110325,1,6,0,539.0
10109516OLIVEIRARP_2025-03-19_G13,10109516OLIVEIRARP,2025-03-19,117822,1,2,0,1731.0
10109516OLIVEIRARP_2025-03-19_G14,10109516OLIVEIRARP,2025-03-19,110376,1,2,0,80.0
10109516OLIVEIRARP_2025-03-19_G15,10109516OLIVEIRARP,2025-03-19,110373,1,28,0,238.0
10109516OLIVEIRARP_2025-03-19_G16,10109516OLIVEIRARP,2025-03-19,117808,1,6,0,121.0
10109516OLIVEIRARP_2025-03-19_G17,10109516OLIVEIRARP,2025-03-19,117809,1,1,0,153.0
10109516OLIVEIRARP_2025-03-19_G18,10109516OLIVEIRARP,2025-03-19,117830,1,4,0,132.0
10109516OLIVEIRARP_2025-03-19_G19,10109516OLIVEIRARP,2025-03-19,110371,1,1,0,1494.0
10109516OLIVEIRARP_2025-03-19_G20,10109516OLIVEIRARP,2025-03-19,110372,1,10,0,152.0
10109516OLIVEIRARP_2025-03-19_G21,10109516OLIVEIRARP,2025-03-19,117832,1,6,0,838.0
10109516OLIVEIRARP_2025-03-19_G22,10109516OLIVEIRARP,2025-03-19,110375,1,4,0,104.0
10109516OLIVEIRARP_2025-03-19_G23,10109516OLIVEIRARP,2025-03-19,109747,1,2,0,90.0
10109516OLIVEIRARP_2025-03-19_G24,10109516OLIVEIRARP,2025-03-19,110325,1,4,0,343.0
10109516OLIVEIRARP_2025-03-19_G25,10109516OLIVEIRARP,2025-03-19,118299,1,40,0,304.0
10109516OLIVEIRARP_2025-03-19_G26,10109516OLIVEIRARP,2025-03-19,110373,1,16,0,959.0
10109516OLIVEIRARP_2025-03-19_G27,10109516OLIVEIRARP,2025-03-19,117808,1,10,0,77.0
10109516OLIVEIRARP_2025-03-19_G28,10109516OLIVEIRARP,2025-03-19,117809,1,24,0,672.0
10109516OLIVEIRARP_2025-03-19_G29,10109516OLIVEIRARP,2025-03-19,117830,1,4,0,57.0
10109516OLIVEIRARP_2025-03-19_G30,10109516OLIVEIRARP,2025-03-19,110371,1,10,0,158.0
10109516OLIVEIRARP_2025-03-19_G31,10109516OLIVEIRARP,2025-03-19,109643,1,2,0,368.0
10109516OLIVEIRARP_2025-03-19_G32,10109516OLIVEIRARP,2025-03-19,110372,1,100,0,153.0
10109516OLIVEIRARP_2025-03-19_G33,10109516OLIVEIRARP,2025-03-19,117832,1,10,0,102.0
10109516OLIVEIRARP_2025-03-19_G34,10109516OLIVEIRARP,2025-03-19,109747,1,2,0,103.0
10109516OLIVEIRARP_2025-03-19_G35,10109516OLIVEIRARP,2025-03-19,110374,1,4,0,210.0
10109516OLIVEIRARP_2025-03-19_G36,10109516OLIVEIRARP,2025-03-19,118299,1,4,0,351.0
10109516OLIVEIRARP_2025-03-19_G37,10109516OLIVEIRARP,2025-03-19,117820,1,2,0,60.0
10109516OLIVEIRARP_2025-03-19_G38,10109516OLIVEIRARP,2025-03-19,110372,1,12,0,196.0
10109516OLIVEIRARP_2025-03-19_G39,10109516OLIVEIRARP,2025-03-19,110374,1,2,0,68.0
10109516OLIVEIRARP_2025-03-19_G40,10109516OLIVEIRARP,2025-03-19,111182,1,2,0,248.0
10109516OLIVEIRARP_2025-03-19_G41,10109516OLIVEIRARP,2025-03-19,111469,1,10,0,342.0
10109516OLIVEIRARP_2025-03-19_G42,10109516OLIVEIRARP,2025-03-19,110787,1,10,0,343.0
10109516OLIVEIRARP_2025-03-19_G43,10109516OLIVEIRARP,2025-03-19,118140,1,10,0,124.0
10109516OLIVEIRARP_2025-03-19_G44,10109516OLIVEIRARP,2025-03-19,110373,1,4,0,576.0
10109516OLIVEIRARP_2025-03-19_G45,10109516OLIVEIRARP,2025-03-19,117853,1,4,0,928.0
10109516OLIVEIRARP_2025-03-19_G47,10109516OLIVEIRARP,2025-03-19,111598,1,10,0,243.0
10109516OLIVEIRARP_2025-03-19_G48,10109516OLIVEIRARP,2025-03-19,111602,1,6,0,298.0
10109516OLIVEIRARP_2025-03-19_G49,10109516OLIVEIRARP,2025-03-19,107629,1,6,0,86.0
10109516OLIVEIRARP_2025-03-19_G50,10109516OLIVEIRARP,2025-03-19,110515,1,10,0,153.0
10109516OLIVEIRARP_2025-03-19_G51,10109516OLIVEIRARP,2025-03-19,111466,1,4,0,109.0
10109516OLIVEIRARP_2025-03-19_G52,10109516OLIVEIRARP,2025-03-19,111532,1,4,0,96.0
10109516OLIVEIRARP_2025-03-19_G53,10109516OLIVEIRARP,2025-03-19,117833,1,2,0,201.0
10109516OLIVEIRARP_2025-03-19_G54,10109516OLIVEIRARP,2025-03-19,140922,1,2,0,77.0
10109516OLIVEIRARP_2025-03-19_G55,10109516OLIVEIRARP,2025-03-19,117838,1,4,0,121.0
10109516OLIVEIRARP_2025-03-19_G56,10109516OLIVEIRARP,2025-03-19,108711,1,7,0,289.0
10109516OLIVEIRARP_2025-03-19_G57,10109516OLIVEIRARP,2025-03-19,117831,1,5,0,209.0
10109516OLIVEIRARP_2025-03-19_G58,10109516OLIVEIRARP,2025-03-19,111465,1,4,0,242.0
10109516OLIVEIRARP_2025-03-19_G59,10109516OLIVEIRARP,2025-03-19,117853,1,2,0,628.0
10109516OLIVEIRARP_2025-03-19_G60,10109516OLIVEIRARP,2025-03-19,107629,1,2,0,275.0
10109516OLIVEIRARP_2025-03-19_G61,10109516OLIVEIRARP,2025-03-19,111530,1,6,0,183.0
10109516OLIVEIRARP_2025-03-19_G62,10109516OLIVEIRARP,2025-03-19,107830,1,2,0,101.0
10109516OLIVEIRARP_2025-03-19_G63,10109516OLIVEIRARP,2025-03-19,110372,1,20,0,561.0
10109516OLIVEIRARP_2025-03-19_G64,10109516OLIVEIRARP,2025-03-19,110339,1,4,0,783.0
10109516OLIVEIRARP_2025-03-19_G65,10109516OLIVEIRARP,2025-03-19,111530,1,3,0,234.0
10109516OLIVEIRARP_2025-03-19_G66,10109516OLIVEIRARP,2025-03-19,111172,1,4,0,99.0
10109516OLIVEIRARP_2025-03-19_G67,10109516OLIVEIRARP,2025-03-19,117838,1,6,0,149.0
10109516OLIVEIRARP_2025-03-19_G68,10109516OLIVEIRARP,2025-03-19,118299,1,6,0,233.0
10109516OLIVEIRARP_2025-03-19_G69,10109516OLIVEIRARP,2025-03-19,110373,1,4,0,161.0
10109516OLIVEIRARP_2025-03-19_G70,10109516OLIVEIRARP,2025-03-19,117820,1,8,0,89.0
10109516OLIVEIRARP_2025-03-20_G02,10109516OLIVEIRARP,2025-03-20,111418,1,1,0,149.0
10109516OLIVEIRARP_2025-03-20_G03,10109516OLIVEIRARP,2025-03-20,117820,1,8,0,149.0
10109516OLIVEIRARP_2025-03-20_G04,10109516OLIVEIRARP,2025-03-20,110373,1,2,0,155.0
10109516OLIVEIRARP_2025-03-20_G05,10109516OLIVEIRARP,2025-03-20,110733,1,4,0,164.0
10109516OLIVEIRARP_2025-03-20_G06,10109516OLIVEIRARP,2025-03-20,140922,1,4,0,281.0
10109516OLIVEIRARP_2025-03-20_G07,10109516OLIVEIRARP,2025-03-20,111441,1,4,0,1280.0
10109516OLIVEIRARP_2025-03-20_G08,10109516OLIVEIRARP,2025-03-20,110742,1,2,0,244.0
10109516OLIVEIRARP_2025-03-20_G09,10109516OLIVEIRARP,2025-03-20,108770,1,2,0,81.0
10109516OLIVEIRARP_2025-03-20_G10,10109516OLIVEIRARP,2025-03-20,109937,1,2,0,649.0
10109516OLIVEIRARP_2025-03-20_G11,10109516OLIVEIRARP,2025-03-20,111442,1,6,0,311.0
10109516OLIVEIRARP_2025-03-20_G12,10109516OLIVEIRARP,2025-03-20,118004,1,2,0,604.0
10109516OLIVEIRARP_2025-03-20_G13,10109516OLIVEIRARP,2025-03-20,111469,1,10,0,216.0
10109516OLIVEIRARP_2025-03-20_G14,10109516OLIVEIRARP,2025-03-20,111466,1,5,0,127.0
10109516OLIVEIRARP_2025-03-20_G15,10109516OLIVEIRARP,2025-03-20,111435,1,1,0,292.0
10109516OLIVEIRARP_2025-03-20_G16,10109516OLIVEIRARP,2025-03-20,111443,3,6,16,50.0
10109516OLIVEIRARP_2025-03-20_G17,10109516OLIVEIRARP,2025-03-20,140922,1,2,0,146.0
10109516OLIVEIRARP_2025-03-20_G18,10109516OLIVEIRARP,2025-03-20,117785,1,6,0,205.0
10109516OLIVEIRARP_2025-03-20_G19,10109516OLIVEIRARP,2025-03-20,111418,1,7,0,148.0
10109516OLIVEIRARP_2025-03-20_G20,10109516OLIVEIRARP,2025-03-20,108711,1,2,0,190.0
10109516OLIVEIRARP_2025-03-20_G21,10109516OLIVEIRARP,2025-03-20,108794,2,6,8,87.0
10109516OLIVEIRARP_2025-03-20_G22,10109516OLIVEIRARP,2025-03-20,111462,1,2,0,53.0
10109516OLIVEIRARP_2025-03-20_G23,10109516OLIVEIRARP,2025-03-20,117821,1,4,0,97.0
10109516OLIVEIRARP_2025-03-20_G24,10109516OLIVEIRARP,2025-03-20,111463,3,7,16,340.0
10109516OLIVEIRARP_2025-03-20_G25,10109516OLIVEIRARP,2025-03-20,110787,1,4,0,919.0
10109516OLIVEIRARP_2025-03-20_G26,10109516OLIVEIRARP,2025-03-20,118140,1,4,0,135.0
10109516OLIVEIRARP_2025-03-20_G27,10109516OLIVEIRARP,2025-03-20,118140,1,6,0,39.0
10109516OLIVEIRARP_2025-03-20_G28,10109516OLIVEIRARP,2025-03-20,105705,1,2,0,183.0
10109516OLIVEIRARP_2025-03-20_G29,10109516OLIVEIRARP,2025-03-20,111465,1,2,0,110.0
10109516OLIVEIRARP_2025-03-20_G30,10109516OLIVEIRARP,2025-03-20,110740,1,2,0,235.0
10109516OLIVEIRARP_2025-03-20_G31,10109516OLIVEIRARP,2025-03-20,110733,1,4,0,198.0
10109516OLIVEIRARP_2025-03-20_G32,10109516OLIVEIRARP,2025-03-20,111466,1,13,0,280.0
10109516OLIVEIRARP_2025-03-20_G34,10109516OLIVEIRARP,2025-03-20,118253,1,4,0,370.0
10109516OLIVEIRARP_2025-03-20_G35,10109516OLIVEIRARP,2025-03-20,110895,1,7,0,1006.0
10109516OLIVEIRARP_2025-03-20_G36,10109516OLIVEIRARP,2025-03-20,110895,1,5,0,91.0
10109516OLIVEIRARP_2025-03-20_G37,10109516OLIVEIRARP,2025-03-20,111430,1,8,0,116.0
10109516OLIVEIRARP_2025-03-20_G38,10109516OLIVEIRARP,2025-03-20,111602,1,2,0,500.0
10109516OLIVEIRARP_2025-03-20_G39,10109516OLIVEIRARP,2025-03-20,111530,1,41,0,413.0
10109516OLIVEIRARP_2025-03-20_G40,10109516OLIVEIRARP,2025-03-20,109640,1,7,0,199.0
10109516OLIVEIRARP_2025-03-20_G41,10109516OLIVEIRARP,2025-03-20,111463,1,4,0,349.0
10109516OLIVEIRARP_2025-03-20_G42,10109516OLIVEIRARP,2025-03-20,110787,1,2,0,79.0
10109516OLIVEIRARP_2025-03-21_G02,10109516OLIVEIRARP,2025-03-21,108770,1,20,0,1526.0
10109516OLIVEIRARP_2025-03-21_G03,10109516OLIVEIRARP,2025-03-21,117836,1,4,0,2208.0
10109516OLIVEIRARP_2025-03-21_G04,10109516OLIVEIRARP,2025-03-21,111442,1,16,0,653.0
10109516OLIVEIRARP_2025-03-21_G05,10109516OLIVEIRARP,2025-03-21,111348,1,6,0,1139.0
10109516OLIVEIRARP_2025-03-21_G06,10109516OLIVEIRARP,2025-03-21,111435,1,11,0,216.0
10109516OLIVEIRARP_2025-03-21_G07,10109516OLIVEIRARP,2025-03-21,117838,1,8,0,137.0
10109516OLIVEIRARP_2025-03-21_G08,10109516OLIVEIRARP,2025-03-21,109645,1,15,0,161.0
10109516OLIVEIRARP_2025-03-21_G09,10109516OLIVEIRARP,2025-03-21,117808,1,200,0,931.0
10109516OLIVEIRARP_2025-03-21_G10,10109516OLIVEIRARP,2025-03-21,110371,1,150,0,881.0
10109516OLIVEIRARP_2025-03-21_G11,10109516OLIVEIRARP,2025-03-21,110373,1,400,0,1146.0
10109516OLIVEIRARP_2025-03-21_G12,10109516OLIVEIRARP,2025-03-21,110371,1,100,0,650.0
10109516OLIVEIRARP_2025-03-21_G13,10109516OLIVEIRARP,2025-03-21,110372,1,100,0,280.0
10109516OLIVEIRARP_2025-03-21_G14,10109516OLIVEIRARP,2025-03-21,110373,1,90,0,430.0
10109516OLIVEIRARP_2025-03-21_G15,10109516OLIVEIRARP,2025-03-21,111469,1,2,0,1251.0
10109516OLIVEIRARP_2025-03-21_G16,10109516OLIVEIRARP,2025-03-21,111469,1,13,0,112.0
10109516OLIVEIRARP_2025-03-21_G17,10109516OLIVEIRARP,2025-03-21,111418,1,20,0,280.0
10109516OLIVEIRARP_2025-03-21_G18,10109516OLIVEIRARP,2025-03-21,111418,1,20,0,287.0
10109516OLIVEIRARP_2025-03-21_G19,10109516OLIVEIRARP,2025-03-21,111463,1,33,0,297.0
10109516OLIVEIRARP_2025-03-21_G20,10109516OLIVEIRARP,2025-03-21,111530,1,5,0,529.0
10109516OLIVEIRARP_2025-03-21_G21,10109516OLIVEIRARP,2025-03-21,111469,3,18,17,179.0
10109516OLIVEIRARP_2025-03-21_G22,10109516OLIVEIRARP,2025-03-21,111418,1,88,0,726.0
10109516OLIVEIRARP_2025-03-21_G23,10109516OLIVEIRARP,2025-03-21,"111462, 111418",2,4,21,79.0
10109516OLIVEIRARP_2025-03-21_G24,10109516OLIVEIRARP,2025-03-21,111469,2,12,13,244.0
10109516OLIVEIRARP_2025-03-21_G26,10109516OLIVEIRARP,2025-03-21,111463,1,15,0,234.0
10109516OLIVEIRARP_2025-03-21_G27,10109516OLIVEIRARP,2025-03-21,111172,1,8,0,256.0
10109516OLIVEIRARP_2025-03-21_G28,10109516OLIVEIRARP,2025-03-21,111438,1,1,0,448.0
10109516OLIVEIRARP_2025-03-21_G29,10109516OLIVEIRARP,2025-03-21,117820,1,40,0,424.0
10109516OLIVEIRARP_2025-03-21_G30,10109516OLIVEIRARP,2025-03-21,110375,1,4,0,394.0
10109516OLIVEIRARP_2025-03-21_G31,10109516OLIVEIRARP,2025-03-21,117820,1,40,0,738.0
10109516OLIVEIRARP_2025-03-21_G32,10109516OLIVEIRARP,2025-03-21,117830,1,20,0,361.0
10109516OLIVEIRARP_2025-03-21_G33,10109516OLIVEIRARP,2025-03-21,110371,1,30,0,339.0
10109516OLIVEIRARP_2025-03-21_G34,10109516OLIVEIRARP,2025-03-21,109643,1,8,0,954.0
10109516OLIVEIRARP_2025-03-21_G35,10109516OLIVEIRARP,2025-03-21,110373,1,30,0,481.0
10109516OLIVEIRARP_2025-03-21_G36,10109516OLIVEIRARP,2025-03-21,109747,1,8,0,132.0
10109516OLIVEIRARP_2025-03-21_G37,10109516OLIVEIRARP,2025-03-21,110374,1,20,0,137.0
10109516OLIVEIRARP_2025-03-21_G38,10109516OLIVEIRARP,2025-03-21,118299,1,22,0,288.0
10109516OLIVEIRARP_2025-03-21_G39,10109516OLIVEIRARP,2025-03-21,110372,1,100,0,231.0
10109516OLIVEIRARP_2025-03-21_G40,10109516OLIVEIRARP,2025-03-21,110373,1,105,0,282.0
10109516OLIVEIRARP_2025-03-21_G41,10109516OLIVEIRARP,2025-03-21,117808,1,175,0,753.0
10109516OLIVEIRARP_2025-03-21_G42,10109516OLIVEIRARP,2025-03-21,117809,1,6,0,178.0
10109516OLIVEIRARP_2025-03-21_G43,10109516OLIVEIRARP,2025-03-21,117830,1,7,0,89.0
10109516OLIVEIRARP_2025-03-21_G44,10109516OLIVEIRARP,2025-03-21,117822,1,8,0,120.0
10109516OLIVEIRARP_2025-03-21_G45,10109516OLIVEIRARP,2025-03-21,117820,1,38,0,297.0
10109516OLIVEIRARP_2025-03-22_G02,10109516OLIVEIRARP,2025-03-22,123909,1,20,0,606.0
10109516OLIVEIRARP_2025-03-22_G03,10109516OLIVEIRARP,2025-03-22,122962,1,16,0,264.0
10109516OLIVEIRARP_2025-03-22_G04,10109516OLIVEIRARP,2025-03-22,123343,2,8,7,1401.0
10109516OLIVEIRARP_2025-03-22_G05,10109516OLIVEIRARP,2025-03-22,121651,1,20,0,1161.0
10109516OLIVEIRARP_2025-03-22_G06,10109516OLIVEIRARP,2025-03-22,122671,1,4,0,204.0
10109516OLIVEIRARP_2025-03-22_G07,10109516OLIVEIRARP,2025-03-22,124486,1,50,0,1493.0
10109516OLIVEIRARP_2025-03-22_G08,10109516OLIVEIRARP,2025-03-22,120339,1,12,0,847.0
10109516OLIVEIRARP_2025-03-22_G09,10109516OLIVEIRARP,2025-03-22,123344,1,15,0,433.0
10109516OLIVEIRARP_2025-03-22_G10,10109516OLIVEIRARP,2025-03-22,124594,1,5,0,255.0
10109516OLIVEIRARP_2025-03-22_G11,10109516OLIVEIRARP,2025-03-22,124594,1,15,0,554.0
10109516OLIVEIRARP_2025-03-22_G12,10109516OLIVEIRARP,2025-03-22,124475,1,30,0,914.0
10109516OLIVEIRARP_2025-03-22_G13,10109516OLIVEIRARP,2025-03-22,124486,1,20,0,485.0
10109516OLIVEIRARP_2025-03-25_G02,10109516OLIVEIRARP,2025-03-25,111438,1,8,0,532.0
10109516OLIVEIRARP_2025-03-25_G03,10109516OLIVEIRARP,2025-03-25,111437,1,8,0,3017.0
10109516OLIVEIRARP_2025-03-25_G04,10109516OLIVEIRARP,2025-03-25,117834,1,8,0,228.0
10109516OLIVEIRARP_2025-03-25_G05,10109516OLIVEIRARP,2025-03-25,118290,1,5,0,193.0
10109516OLIVEIRARP_2025-03-25_G06,10109516OLIVEIRARP,2025-03-25,111430,1,4,0,294.0
10109516OLIVEIRARP_2025-03-25_G07,10109516OLIVEIRARP,2025-03-25,110742,1,4,0,130.0
10109516OLIVEIRARP_2025-03-25_G08,10109516OLIVEIRARP,2025-03-25,117853,1,16,0,1373.0
10109516OLIVEIRARP_2025-03-25_G09,10109516OLIVEIRARP,2025-03-25,117853,1,5,0,182.0
10109516OLIVEIRARP_2025-03-25_G10,10109516OLIVEIRARP,2025-03-25,110339,1,24,0,939.0
10109516OLIVEIRARP_2025-03-25_G11,10109516OLIVEIRARP,2025-03-25,110741,1,4,0,552.0
10109516OLIVEIRARP_2025-03-25_G12,10109516OLIVEIRARP,2025-03-25,109640,2,9,7,289.0
10109516OLIVEIRARP_2025-03-25_G13,10109516OLIVEIRARP,2025-03-25,111469,1,10,0,1173.0
10109516OLIVEIRARP_2025-03-25_G14,10109516OLIVEIRARP,2025-03-25,111469,1,39,0,804.0
10109516OLIVEIRARP_2025-03-25_G15,10109516OLIVEIRARP,2025-03-25,111182,1,9,0,202.0
10109516OLIVEIRARP_2025-03-25_G16,10109516OLIVEIRARP,2025-03-25,110743,1,6,0,165.0
10109516OLIVEIRARP_2025-03-25_G17,10109516OLIVEIRARP,2025-03-25,110748,1,6,0,150.0
10109516OLIVEIRARP_2025-03-25_G18,10109516OLIVEIRARP,2025-03-25,109641,1,10,0,591.0
10109516OLIVEIRARP_2025-03-25_G19,10109516OLIVEIRARP,2025-03-25,111442,1,12,0,299.0
10109516OLIVEIRARP_2025-03-25_G20,10109516OLIVEIRARP,2025-03-25,117808,1,200,0,1287.0
10109516OLIVEIRARP_2025-03-25_G21,10109516OLIVEIRARP,2025-03-25,109643,1,20,0,529.0
10109516OLIVEIRARP_2025-03-25_G22,10109516OLIVEIRARP,2025-03-25,117840,1,8,0,103.0
10109516OLIVEIRARP_2025-03-25_G23,10109516OLIVEIRARP,2025-03-25,111466,1,8,0,249.0
10109516OLIVEIRARP_2025-03-25_G24,10109516OLIVEIRARP,2025-03-25,111532,1,6,0,146.0
10109516OLIVEIRARP_2025-03-25_G25,10109516OLIVEIRARP,2025-03-25,110743,1,2,0,95.0
10109516OLIVEIRARP_2025-03-25_G26,10109516OLIVEIRARP,2025-03-25,108711,1,18,0,273.0
10109516OLIVEIRARP_2025-03-25_G27,10109516OLIVEIRARP,2025-03-25,111442,1,4,0,517.0
10109516OLIVEIRARP_2025-03-25_G28,10109516OLIVEIRARP,2025-03-25,111462,1,12,0,132.0
10109516OLIVEIRARP_2025-03-25_G29,10109516OLIVEIRARP,2025-03-25,110745,1,5,0,125.0
10109516OLIVEIRARP_2025-03-25_G30,10109516OLIVEIRARP,2025-03-25,117821,1,8,0,222.0
10109516OLIVEIRARP_2025-03-25_G32,10109516OLIVEIRARP,2025-03-25,118317,1,4,0,87.0
10109516OLIVEIRARP_2025-03-25_G33,10109516OLIVEIRARP,2025-03-25,118140,1,12,0,428.0
10109516OLIVEIRARP_2025-03-25_G34,10109516OLIVEIRARP,2025-03-25,109641,1,4,0,674.0
10109516OLIVEIRARP_2025-03-25_G35,10109516OLIVEIRARP,2025-03-25,140922,1,2,0,262.0
10109516OLIVEIRARP_2025-03-25_G36,10109516OLIVEIRARP,2025-03-25,117808,1,24,0,415.0
10109516OLIVEIRARP_2025-03-25_G37,10109516OLIVEIRARP,2025-03-25,110372,1,80,0,252.0
10109516OLIVEIRARP_2025-03-25_G38,10109516OLIVEIRARP,2025-03-25,110373,1,4,0,1478.0
10109516OLIVEIRARP_2025-03-25_G39,10109516OLIVEIRARP,2025-03-25,110373,1,4,0,98.0
10109516OLIVEIRARP_2025-03-25_G40,10109516OLIVEIRARP,2025-03-25,109641,1,2,0,210.0
10109516OLIVEIRARP_2025-03-25_G41,10109516OLIVEIRARP,2025-03-25,110747,1,1,0,421.0
10109516OLIVEIRARP_2025-03-25_G42,10109516OLIVEIRARP,2025-03-25,105705,1,2,0,314.0
10109516OLIVEIRARP_2025-03-25_G43,10109516OLIVEIRARP,2025-03-25,111466,1,8,0,135.0
10109516OLIVEIRARP_2025-03-25_G44,10109516OLIVEIRARP,2025-03-25,117820,1,8,0,174.0
10109516OLIVEIRARP_2025-03-26_G02,10109516OLIVEIRARP,2025-03-26,110749,1,6,0,1218.0
10109516OLIVEIRARP_2025-03-26_G03,10109516OLIVEIRARP,2025-03-26,111441,1,30,0,535.0
10109516OLIVEIRARP_2025-03-26_G04,10109516OLIVEIRARP,2025-03-26,110747,1,6,0,2491.0
10109516OLIVEIRARP_2025-03-26_G05,10109516OLIVEIRARP,2025-03-26,111437,1,4,0,526.0
10109516OLIVEIRARP_2025-03-26_G06,10109516OLIVEIRARP,2025-03-26,111430,1,20,0,1516.0
10109516OLIVEIRARP_2025-03-26_G07,10109516OLIVEIRARP,2025-03-26,110895,1,120,0,372.0
10109516OLIVEIRARP_2025-03-26_G08,10109516OLIVEIRARP,2025-03-26,110579,1,2,0,317.0
10109516OLIVEIRARP_2025-03-26_G09,10109516OLIVEIRARP,2025-03-26,110753,1,7,0,484.0
10109516OLIVEIRARP_2025-03-26_G10,10109516OLIVEIRARP,2025-03-26,117853,1,2,0,201.0
10109516OLIVEIRARP_2025-03-26_G11,10109516OLIVEIRARP,2025-03-26,118094,1,56,0,2012.0
10109516OLIVEIRARP_2025-03-26_G12,10109516OLIVEIRARP,2025-03-26,110313,1,78,0,344.0
10109516OLIVEIRARP_2025-03-26_G13,10109516OLIVEIRARP,2025-03-26,110733,1,32,0,769.0
10109516OLIVEIRARP_2025-03-26_G14,10109516OLIVEIRARP,2025-03-26,111530,1,249,0,1838.0
10109516OLIVEIRARP_2025-03-26_G15,10109516OLIVEIRARP,2025-03-26,117855,1,150,0,703.0
10109516OLIVEIRARP_2025-03-26_G16,10109516OLIVEIRARP,2025-03-26,110741,1,12,0,502.0
10109516OLIVEIRARP_2025-03-27_G02,10109516OLIVEIRARP,2025-03-27,110371,1,3,0,118.0
10109516OLIVEIRARP_2025-03-27_G03,10109516OLIVEIRARP,2025-03-27,117808,1,3,0,86.0
10109516OLIVEIRARP_2025-03-27_G04,10109516OLIVEIRARP,2025-03-27,117820,1,3,0,93.0
10109516OLIVEIRARP_2025-03-27_G05,10109516OLIVEIRARP,2025-03-27,117832,1,3,0,216.0
10109516OLIVEIRARP_2025-03-27_G06,10109516OLIVEIRARP,2025-03-27,110372,1,14,0,309.0
10109516OLIVEIRARP_2025-03-27_G07,10109516OLIVEIRARP,2025-03-27,110374,1,5,0,443.0
10109516OLIVEIRARP_2025-03-27_G08,10109516OLIVEIRARP,2025-03-27,117853,1,8,0,2643.0
10109516OLIVEIRARP_2025-03-27_G09,10109516OLIVEIRARP,2025-03-27,117862,1,16,0,372.0
10109516OLIVEIRARP_2025-03-27_G10,10109516OLIVEIRARP,2025-03-27,117856,1,10,0,286.0
10109516OLIVEIRARP_2025-03-27_G11,10109516OLIVEIRARP,2025-03-27,107629,1,5,0,259.0
10109516OLIVEIRARP_2025-03-27_G12,10109516OLIVEIRARP,2025-03-27,117935,1,6,0,320.0
10109516OLIVEIRARP_2025-03-27_G13,10109516OLIVEIRARP,2025-03-27,"117855, 117861",2,43,8,163.0
10109516OLIVEIRARP_2025-03-27_G14,10109516OLIVEIRARP,2025-03-27,111602,1,20,0,1657.0
10109516OLIVEIRARP_2025-03-27_G15,10109516OLIVEIRARP,2025-03-27,110515,1,10,0,189.0
10109516OLIVEIRARP_2025-03-27_G16,10109516OLIVEIRARP,2025-03-27,110515,1,10,0,372.0
10109516OLIVEIRARP_2025-03-27_G17,10109516OLIVEIRARP,2025-03-27,111530,1,48,0,325.0
10109516OLIVEIRARP_2025-03-27_G18,10109516OLIVEIRARP,2025-03-27,111530,1,28,0,792.0
10109516OLIVEIRARP_2025-03-27_G19,10109516OLIVEIRARP,2025-03-27,110711,1,8,0,169.0
10109516OLIVEIRARP_2025-03-27_G20,10109516OLIVEIRARP,2025-03-27,108772,1,8,0,506.0
10109516OLIVEIRARP_2025-03-27_G21,10109516OLIVEIRARP,2025-03-27,111876,1,8,0,401.0
10109516OLIVEIRARP_2025-03-27_G22,10109516OLIVEIRARP,2025-03-27,110733,1,50,0,1017.0
10109516OLIVEIRARP_2025-03-27_G23,10109516OLIVEIRARP,2025-03-27,117935,1,52,0,768.0
10109516OLIVEIRARP_2025-03-27_G24,10109516OLIVEIRARP,2025-03-27,111602,1,144,0,1254.0
10109516OLIVEIRARP_2025-03-27_G25,10109516OLIVEIRARP,2025-03-27,111602,1,186,0,1054.0
10109516OLIVEIRARP_2025-03-27_G27,10109516OLIVEIRARP,2025-03-27,117856,1,8,0,226.0
10109516OLIVEIRARP_2025-03-27_G28,10109516OLIVEIRARP,2025-03-27,111466,1,20,0,727.0
10109516OLIVEIRARP_2025-03-27_G29,10109516OLIVEIRARP,2025-03-27,111418,1,8,0,1019.0
10109516OLIVEIRARP_2025-03-27_G30,10109516OLIVEIRARP,2025-03-27,117821,1,7,0,163.0
10109516OLIVEIRARP_2025-03-27_G31,10109516OLIVEIRARP,2025-03-27,117785,1,8,0,123.0
10109516OLIVEIRARP_2025-03-27_G32,10109516OLIVEIRARP,2025-03-27,111465,1,8,0,121.0
10109516OLIVEIRARP_2025-03-27_G33,10109516OLIVEIRARP,2025-03-27,117820,1,40,0,927.0
10109516OLIVEIRARP_2025-03-27_G34,10109516OLIVEIRARP,2025-03-27,118299,1,20,0,1172.0
10109516OLIVEIRARP_2025-03-27_G35,10109516OLIVEIRARP,2025-03-27,110373,1,20,0,219.0
10109516OLIVEIRARP_2025-03-27_G36,10109516OLIVEIRARP,2025-03-27,109643,1,10,0,161.0
10109516OLIVEIRARP_2025-03-27_G37,10109516OLIVEIRARP,2025-03-27,110371,1,20,0,117.0
10109516OLIVEIRARP_2025-03-27_G38,10109516OLIVEIRARP,2025-03-27,117808,1,20,0,252.0
10109516OLIVEIRARP_2025-03-27_G39,10109516OLIVEIRARP,2025-03-27,117820,1,20,0,216.0
10109516OLIVEIRARP_2025-03-28_G02,10109516OLIVEIRARP,2025-03-28,111569,1,2,0,100.0
10109516OLIVEIRARP_2025-03-28_G03,10109516OLIVEIRARP,2025-03-28,116527,1,2,0,134.0
10109516OLIVEIRARP_2025-03-28_G04,10109516OLIVEIRARP,2025-03-28,141047,1,2,0,242.0
10109516OLIVEIRARP_2025-03-28_G05,10109516OLIVEIRARP,2025-03-28,110339,1,4,0,71.0
10109516OLIVEIRARP_2025-03-28_G06,10109516OLIVEIRARP,2025-03-28,111467,1,6,0,249.0
10109516OLIVEIRARP_2025-03-28_G07,10109516OLIVEIRARP,2025-03-28,110515,1,1,0,522.0
10109516OLIVEIRARP_2025-03-28_G08,10109516OLIVEIRARP,2025-03-28,111530,1,6,0,86.0
10109516OLIVEIRARP_2025-03-28_G09,10109516OLIVEIRARP,2025-03-28,160057,1,3,0,2365.0
10109516OLIVEIRARP_2025-03-28_G10,10109516OLIVEIRARP,2025-03-28,111447,1,2,0,58.0
10109516OLIVEIRARP_2025-03-28_G11,10109516OLIVEIRARP,2025-03-28,118298,1,4,0,167.0
10109516OLIVEIRARP_2025-03-28_G12,10109516OLIVEIRARP,2025-03-28,117862,1,2,0,133.0
10109516OLIVEIRARP_2025-03-28_G13,10109516OLIVEIRARP,2025-03-28,110339,1,2,0,51.0
10109516OLIVEIRARP_2025-03-28_G14,10109516OLIVEIRARP,2025-03-28,117855,1,4,0,137.0
10109516OLIVEIRARP_2025-03-28_G15,10109516OLIVEIRARP,2025-03-28,110515,1,2,0,278.0
10109516OLIVEIRARP_2025-03-28_G16,10109516OLIVEIRARP,2025-03-28,109640,1,53,0,108.0
10109516OLIVEIRARP_2025-03-28_G17,10109516OLIVEIRARP,2025-03-28,108772,1,5,0,258.0
10109516OLIVEIRARP_2025-03-28_G18,10109516OLIVEIRARP,2025-03-28,118140,1,5,0,110.0
10109516OLIVEIRARP_2025-03-28_G19,10109516OLIVEIRARP,2025-03-28,111466,1,5,0,161.0
10109516OLIVEIRARP_2025-03-28_G20,10109516OLIVEIRARP,2025-03-28,111330,1,3,0,129.0
10109516OLIVEIRARP_2025-03-28_G21,10109516OLIVEIRARP,2025-03-28,109641,1,20,0,973.0
10109516OLIVEIRARP_2025-03-28_G22,10109516OLIVEIRARP,2025-03-28,109645,1,16,0,230.0
10109516OLIVEIRARP_2025-03-28_G23,10109516OLIVEIRARP,2025-03-28,105705,1,8,0,961.0
10109516OLIVEIRARP_2025-03-28_G24,10109516OLIVEIRARP,2025-03-28,111465,1,4,0,398.0
10109516OLIVEIRARP_2025-03-28_G25,10109516OLIVEIRARP,2025-03-28,111172,1,2,0,557.0
10109516OLIVEIRARP_2025-03-28_G26,10109516OLIVEIRARP,2025-03-28,160054,1,12,0,368.0
10109516OLIVEIRARP_2025-03-28_G27,10109516OLIVEIRARP,2025-03-28,110376,1,2,0,58.0
10109516OLIVEIRARP_2025-03-28_G28,10109516OLIVEIRARP,2025-03-28,117809,1,1,0,52.0
10109516OLIVEIRARP_2025-03-28_G29,10109516OLIVEIRARP,2025-03-28,118299,1,23,0,152.0
10109516OLIVEIRARP_2025-03-28_G30,10109516OLIVEIRARP,2025-03-28,109643,1,8,0,128.0
10109516OLIVEIRARP_2025-03-28_G31,10109516OLIVEIRARP,2025-03-28,110371,1,9,0,114.0
10109516OLIVEIRARP_2025-03-28_G32,10109516OLIVEIRARP,2025-03-28,110375,1,8,0,152.0
10109516OLIVEIRARP_2025-03-28_G33,10109516OLIVEIRARP,2025-03-28,160053,1,4,0,261.0
10109516OLIVEIRARP_2025-03-28_G34,10109516OLIVEIRARP,2025-03-28,117808,1,20,0,286.0
10109516OLIVEIRARP_2025-03-28_G35,10109516OLIVEIRARP,2025-03-28,115773,1,3,0,1519.0
10109516OLIVEIRARP_2025-03-28_G36,10109516OLIVEIRARP,2025-03-28,114097,1,13,0,309.0
10109516OLIVEIRARP_2025-03-28_G37,10109516OLIVEIRARP,2025-03-28,114102,1,2,0,75.0
10109516OLIVEIRARP_2025-03-28_G38,10109516OLIVEIRARP,2025-03-28,114091,1,12,0,906.0
10109516OLIVEIRARP_2025-03-28_G39,10109516OLIVEIRARP,2025-03-28,114092,1,12,0,301.0
10109516OLIVEIRARP_2025-03-28_G40,10109516OLIVEIRARP,2025-03-28,100334,1,2,0,1291.0
10109516OLIVEIRARP_2025-03-28_G41,10109516OLIVEIRARP,2025-03-28,111569,1,8,0,683.0
10109516OLIVEIRARP_2025-03-28_G42,10109516OLIVEIRARP,2025-03-28,110895,1,10,0,447.0
10109516OLIVEIRARP_2025-03-28_G43,10109516OLIVEIRARP,2025-03-28,117789,2,16,6,786.0
10109516OLIVEIRARP_2025-03-28_G44,10109516OLIVEIRARP,2025-03-28,117853,1,14,0,787.0
10109516OLIVEIRARP_2025-03-28_G46,10109516OLIVEIRARP,2025-03-28,117862,1,17,0,485.0
10109516OLIVEIRARP_2025-03-28_G47,10109516OLIVEIRARP,2025-03-28,117935,1,10,0,283.0
10109516OLIVEIRARP_2025-03-28_G48,10109516OLIVEIRARP,2025-03-28,118403,1,5,0,102.0
10109516OLIVEIRARP_2025-03-28_G49,10109516OLIVEIRARP,2025-03-28,111467,1,20,0,387.0
10109516OLIVEIRARP_2025-03-28_G50,10109516OLIVEIRARP,2025-03-28,117786,1,10,0,476.0
10109516OLIVEIRARP_2025-03-28_G51,10109516OLIVEIRARP,2025-03-28,117786,1,10,0,573.0
10109516OLIVEIRARP_2025-03-28_G52,10109516OLIVEIRARP,2025-03-28,111602,1,6,0,332.0
10109516OLIVEIRARP_2025-03-29_G02,10109516OLIVEIRARP,2025-03-29,110372,1,2,0,630.0
10109516OLIVEIRARP_2025-03-29_G03,10109516OLIVEIRARP,2025-03-29,110313,1,14,0,392.0
10109516OLIVEIRARP_2025-03-29_G04,10109516OLIVEIRARP,2025-03-29,110733,1,8,0,477.0
10109516OLIVEIRARP_2025-03-29_G05,10109516OLIVEIRARP,2025-03-29,110742,1,4,0,503.0
10109516OLIVEIRARP_2025-03-29_G06,10109516OLIVEIRARP,2025-03-29,108795,1,15,0,967.0
10109516OLIVEIRARP_2025-03-29_G07,10109516OLIVEIRARP,2025-03-29,117787,1,4,0,263.0
10109516OLIVEIRARP_2025-03-29_G08,10109516OLIVEIRARP,2025-03-29,118306,1,12,0,1360.0
10109516OLIVEIRARP_2025-03-29_G09,10109516OLIVEIRARP,2025-03-29,109640,1,16,0,490.0
10109516OLIVEIRARP_2025-03-29_G10,10109516OLIVEIRARP,2025-03-29,110325,1,4,0,176.0
10109516OLIVEIRARP_2025-03-29_G11,10109516OLIVEIRARP,2025-03-29,109641,1,28,0,527.0
10109516OLIVEIRARP_2025-03-29_G12,10109516OLIVEIRARP,2025-03-29,111467,1,6,0,164.0
10109516OLIVEIRARP_2025-03-29_G13,10109516OLIVEIRARP,2025-03-29,109640,1,4,0,290.0
10109516OLIVEIRARP_2025-03-29_G14,10109516OLIVEIRARP,2025-03-29,111739,1,10,0,1325.0
10109516OLIVEIRARP_2025-03-29_G15,10109516OLIVEIRARP,2025-03-29,141047,2,7,7,1039.0
10109516OLIVEIRARP_2025-03-29_G16,10109516OLIVEIRARP,2025-03-29,117862,3,24,30,818.0
10109516OLIVEIRARP_2025-03-29_G17,10109516OLIVEIRARP,2025-03-29,110313,1,2,0,446.0
10109516OLIVEIRARP_2025-03-29_G18,10109516OLIVEIRARP,2025-03-29,117856,1,10,0,728.0
10109516OLIVEIRARP_2025-03-29_G19,10109516OLIVEIRARP,2025-03-29,110733,1,4,0,148.0
10109516OLIVEIRARP_2025-03-29_G20,10109516OLIVEIRARP,2025-03-29,"117935, 118403",2,4,30,56.0
10109516OLIVEIRARP_2025-03-29_G21,10109516OLIVEIRARP,2025-03-29,111439,1,3,0,291.0
10109516OLIVEIRARP_2025-03-29_G22,10109516OLIVEIRARP,2025-03-29,111439,1,2,0,46.0
10109516OLIVEIRARP_2025-03-29_G23,10109516OLIVEIRARP,2025-03-29,"117786, 111602",3,6,13,140.0
10109525BARONIB_2025-01-08_G02,10109525BARONIB,2025-01-08,109645,1,10,0,128.0
10109525BARONIB_2025-01-08_G03,10109525BARONIB,2025-01-08,111463,1,10,0,61.0
10109525BARONIB_2025-01-08_G04,10109525BARONIB,2025-01-08,111442,1,10,0,74.0
10109525BARONIB_2025-01-08_G05,10109525BARONIB,2025-01-08,117832,1,20,0,229.0
10109525BARONIB_2025-01-08_G06,10109525BARONIB,2025-01-08,117808,1,60,0,764.0
10109525BARONIB_2025-01-08_G07,10109525BARONIB,2025-01-08,117820,1,30,0,213.0
10109525BARONIB_2025-01-08_G08,10109525BARONIB,2025-01-08,110742,1,2,0,322.0
10109525BARONIB_2025-01-08_G09,10109525BARONIB,2025-01-08,111467,1,4,0,387.0
10109525BARONIB_2025-01-08_G10,10109525BARONIB,2025-01-08,117862,2,4,5,107.0
10109525BARONIB_2025-01-08_G11,10109525BARONIB,2025-01-08,118140,1,5,0,137.0
10109525BARONIB_2025-01-08_G12,10109525BARONIB,2025-01-08,110787,1,2,0,45.0
10109525BARONIB_2025-01-08_G13,10109525BARONIB,2025-01-08,117831,1,2,0,46.0
10109525BARONIB_2025-01-08_G14,10109525BARONIB,2025-01-08,111418,2,33,25,38.0
10109525BARONIB_2025-01-08_G15,10109525BARONIB,2025-01-08,111462,1,4,0,147.0
10109525BARONIB_2025-01-08_G16,10109525BARONIB,2025-01-08,117785,2,11,6,49.0
10109525BARONIB_2025-01-08_G17,10109525BARONIB,2025-01-08,111463,2,15,5,95.0
10109525BARONIB_2025-01-08_G18,10109525BARONIB,2025-01-08,117820,1,14,0,133.0
10109525BARONIB_2025-01-08_G19,10109525BARONIB,2025-01-08,117808,1,16,0,94.0
10109525BARONIB_2025-01-08_G20,10109525BARONIB,2025-01-08,117808,1,8,0,65.0
10109525BARONIB_2025-01-08_G21,10109525BARONIB,2025-01-08,117820,1,16,0,179.0
10109525BARONIB_2025-01-08_G22,10109525BARONIB,2025-01-08,117808,1,26,0,90.0
10109525BARONIB_2025-01-09_G02,10109525BARONIB,2025-01-09,118299,2,29,15,112.0
10109525BARONIB_2025-01-09_G03,10109525BARONIB,2025-01-09,110371,2,9,6,69.0
10109525BARONIB_2025-01-09_G04,10109525BARONIB,2025-01-09,117830,2,5,4,59.0
10109525BARONIB_2025-01-09_G05,10109525BARONIB,2025-01-09,110373,2,15,8,33.0
10109525BARONIB_2025-01-09_G06,10109525BARONIB,2025-01-09,117835,2,28,21,55.0
10109525BARONIB_2025-01-09_G07,10109525BARONIB,2025-01-09,110742,1,4,0,893.0
10109525BARONIB_2025-01-09_G08,10109525BARONIB,2025-01-09,111530,1,20,0,192.0
10109525BARONIB_2025-01-09_G09,10109525BARONIB,2025-01-09,141047,1,2,0,39.0
10109525BARONIB_2025-01-09_G10,10109525BARONIB,2025-01-09,110740,1,8,0,149.0
10109525BARONIB_2025-01-09_G11,10109525BARONIB,2025-01-09,109645,1,4,0,461.0
10109525BARONIB_2025-01-09_G12,10109525BARONIB,2025-01-09,111172,1,8,0,35.0
10109525BARONIB_2025-01-09_G13,10109525BARONIB,2025-01-09,111442,1,2,0,85.0
10109525BARONIB_2025-01-09_G14,10109525BARONIB,2025-01-09,117832,2,4,5,98.0
10109525BARONIB_2025-01-09_G15,10109525BARONIB,2025-01-09,"111463, 110374",2,47,19,280.0
10109525BARONIB_2025-01-09_G16,10109525BARONIB,2025-01-09,111530,1,30,0,349.0
10109525BARONIB_2025-01-09_G17,10109525BARONIB,2025-01-09,110374,1,46,0,376.0
10109525BARONIB_2025-01-09_G18,10109525BARONIB,2025-01-09,111532,1,40,0,373.0
10109525BARONIB_2025-01-09_G19,10109525BARONIB,2025-01-09,111530,1,10,0,549.0
10109525BARONIB_2025-01-09_G20,10109525BARONIB,2025-01-09,117831,1,4,0,49.0
10109525BARONIB_2025-01-09_G21,10109525BARONIB,2025-01-09,111463,1,7,0,33.0
10109525BARONIB_2025-01-09_G22,10109525BARONIB,2025-01-09,111466,1,2,0,76.0
10109525BARONIB_2025-01-09_G23,10109525BARONIB,2025-01-09,117820,1,96,0,703.0
10109525BARONIB_2025-01-09_G24,10109525BARONIB,2025-01-09,117832,1,4,0,149.0
10109525BARONIB_2025-01-09_G25,10109525BARONIB,2025-01-09,110374,1,12,0,262.0
10109525BARONIB_2025-01-09_G26,10109525BARONIB,2025-01-09,111441,1,4,0,327.0
10109525BARONIB_2025-01-09_G27,10109525BARONIB,2025-01-09,111530,1,4,0,93.0
10109525BARONIB_2025-01-09_G28,10109525BARONIB,2025-01-09,110515,1,10,0,92.0
10109525BARONIB_2025-01-09_G29,10109525BARONIB,2025-01-09,108772,2,3,7,55.0
10109525BARONIB_2025-01-09_G30,10109525BARONIB,2025-01-09,110733,1,6,0,49.0
10109525BARONIB_2025-01-09_G31,10109525BARONIB,2025-01-09,118140,1,8,0,104.0
10109525BARONIB_2025-01-09_G32,10109525BARONIB,2025-01-09,111433,1,2,0,112.0
10109525BARONIB_2025-01-09_G34,10109525BARONIB,2025-01-09,111743,1,8,0,104.0
10109525BARONIB_2025-01-09_G35,10109525BARONIB,2025-01-09,"111463, 111466",2,9,7,79.0
10109525BARONIB_2025-01-09_G36,10109525BARONIB,2025-01-09,"110711, 117855, 110339, 111172",4,44,83,162.0
10109525BARONIB_2025-01-09_G37,10109525BARONIB,2025-01-09,117832,1,2,0,478.0
10109525BARONIB_2025-01-09_G38,10109525BARONIB,2025-01-09,117832,1,4,0,35.0
10109525BARONIB_2025-01-09_G39,10109525BARONIB,2025-01-09,117830,1,8,0,218.0
10109525BARONIB_2025-01-09_G40,10109525BARONIB,2025-01-09,117820,1,25,0,144.0
10109525BARONIB_2025-01-09_G41,10109525BARONIB,2025-01-09,117809,1,8,0,192.0
10109525BARONIB_2025-01-09_G42,10109525BARONIB,2025-01-09,111530,1,3,0,444.0
10109525BARONIB_2025-01-09_G43,10109525BARONIB,2025-01-09,116241,1,6,0,241.0
10109525BARONIB_2025-01-09_G44,10109525BARONIB,2025-01-09,111466,1,2,0,52.0
10109525BARONIB_2025-01-09_G45,10109525BARONIB,2025-01-09,110374,1,4,0,107.0
10109525BARONIB_2025-01-09_G46,10109525BARONIB,2025-01-09,111433,1,4,0,167.0
10109525BARONIB_2025-01-09_G47,10109525BARONIB,2025-01-09,108711,1,8,0,106.0
10109525BARONIB_2025-01-09_G48,10109525BARONIB,2025-01-09,111463,1,7,0,80.0
10109525BARONIB_2025-01-09_G49,10109525BARONIB,2025-01-09,110374,1,24,0,202.0
10109525BARONIB_2025-01-09_G50,10109525BARONIB,2025-01-09,111532,2,22,6,193.0
10109525BARONIB_2025-01-09_G51,10109525BARONIB,2025-01-09,109747,1,2,0,128.0
10109525BARONIB_2025-01-09_G52,10109525BARONIB,2025-01-09,111433,1,2,0,77.0
10109525BARONIB_2025-01-09_G53,10109525BARONIB,2025-01-09,109645,1,8,0,103.0
10109525BARONIB_2025-01-09_G54,10109525BARONIB,2025-01-09,117820,1,6,0,44.0
10109525BARONIB_2025-01-09_G55,10109525BARONIB,2025-01-09,117832,1,8,0,169.0
10109525BARONIB_2025-01-09_G56,10109525BARONIB,2025-01-09,117808,1,116,0,219.0
10109525BARONIB_2025-01-09_G57,10109525BARONIB,2025-01-09,108772,1,3,0,569.0
10109525BARONIB_2025-01-09_G58,10109525BARONIB,2025-01-09,111532,1,1,0,71.0
10109525BARONIB_2025-01-09_G59,10109525BARONIB,2025-01-09,110374,1,4,0,225.0
10109525BARONIB_2025-01-09_G60,10109525BARONIB,2025-01-09,118299,1,14,0,187.0
10109525BARONIB_2025-01-09_G61,10109525BARONIB,2025-01-09,108772,1,10,0,420.0
10109525BARONIB_2025-01-09_G62,10109525BARONIB,2025-01-09,108711,1,4,0,54.0
10109525BARONIB_2025-01-09_G63,10109525BARONIB,2025-01-09,118299,1,4,0,95.0
10109525BARONIB_2025-01-09_G64,10109525BARONIB,2025-01-09,110752,1,2,0,390.0
10109525BARONIB_2025-01-09_G65,10109525BARONIB,2025-01-09,110325,1,4,0,180.0
10109525BARONIB_2025-01-09_G66,10109525BARONIB,2025-01-09,111602,1,12,0,126.0
10109525BARONIB_2025-01-09_G68,10109525BARONIB,2025-01-09,140922,1,1,0,189.0
10109525BARONIB_2025-01-09_G69,10109525BARONIB,2025-01-09,118317,1,1,0,151.0
10109525BARONIB_2025-01-09_G70,10109525BARONIB,2025-01-09,108794,1,10,0,168.0
10109525BARONIB_2025-01-09_G71,10109525BARONIB,2025-01-09,118140,1,12,0,125.0
10109525BARONIB_2025-01-09_G72,10109525BARONIB,2025-01-09,110787,1,10,0,121.0
10109525BARONIB_2025-01-09_G73,10109525BARONIB,2025-01-09,117831,1,13,0,95.0
10109525BARONIB_2025-01-09_G74,10109525BARONIB,2025-01-09,117833,1,9,0,76.0
10109525BARONIB_2025-01-09_G75,10109525BARONIB,2025-01-09,140922,1,16,0,113.0
10109525BARONIB_2025-01-09_G76,10109525BARONIB,2025-01-09,117787,1,4,0,45.0
10109525BARONIB_2025-01-09_G77,10109525BARONIB,2025-01-09,117785,1,10,0,346.0
10109525BARONIB_2025-01-09_G78,10109525BARONIB,2025-01-09,111462,1,7,0,186.0
10109525BARONIB_2025-01-09_G79,10109525BARONIB,2025-01-09,111463,1,4,0,53.0
10109525BARONIB_2025-01-09_G80,10109525BARONIB,2025-01-09,111463,1,4,0,33.0
10109525BARONIB_2025-01-09_G81,10109525BARONIB,2025-01-09,117808,1,20,0,233.0
10109525BARONIB_2025-01-09_G82,10109525BARONIB,2025-01-09,117820,1,20,0,514.0
10109525BARONIB_2025-01-09_G83,10109525BARONIB,2025-01-09,117809,1,4,0,73.0
10109525BARONIB_2025-01-09_G84,10109525BARONIB,2025-01-09,107830,1,8,0,59.0
10109525BARONIB_2025-01-09_G85,10109525BARONIB,2025-01-09,110375,1,11,0,103.0
10109525BARONIB_2025-01-09_G86,10109525BARONIB,2025-01-09,110371,1,5,0,65.0
10109525BARONIB_2025-01-09_G87,10109525BARONIB,2025-01-09,111598,1,2,0,295.0
10109525BARONIB_2025-01-09_G88,10109525BARONIB,2025-01-09,110313,1,3,0,98.0
10109525BARONIB_2025-01-09_G89,10109525BARONIB,2025-01-09,117831,1,8,0,93.0
10109525BARONIB_2025-01-09_G90,10109525BARONIB,2025-01-09,108711,1,8,0,716.0
10109525BARONIB_2025-01-10_G02,10109525BARONIB,2025-01-10,109645,1,10,0,67.0
10109525BARONIB_2025-01-10_G03,10109525BARONIB,2025-01-10,117808,1,80,0,310.0
10109525BARONIB_2025-01-10_G04,10109525BARONIB,2025-01-10,117830,1,7,0,93.0
10109525BARONIB_2025-01-10_G05,10109525BARONIB,2025-01-10,111435,1,2,0,243.0
10109525BARONIB_2025-01-10_G06,10109525BARONIB,2025-01-10,118140,1,2,0,48.0
10109525BARONIB_2025-01-10_G07,10109525BARONIB,2025-01-10,117834,1,4,0,894.0
10109525BARONIB_2025-01-10_G08,10109525BARONIB,2025-01-10,117836,1,2,0,62.0
10109525BARONIB_2025-01-10_G09,10109525BARONIB,2025-01-10,111850,1,4,0,41.0
10109525BARONIB_2025-01-10_G10,10109525BARONIB,2025-01-10,111430,1,2,0,55.0
10109525BARONIB_2025-01-10_G11,10109525BARONIB,2025-01-10,109640,1,2,0,58.0
10109525BARONIB_2025-01-10_G12,10109525BARONIB,2025-01-10,111876,1,2,0,71.0
10109525BARONIB_2025-01-10_G13,10109525BARONIB,2025-01-10,108794,1,1,0,85.0
10109525BARONIB_2025-01-10_G14,10109525BARONIB,2025-01-10,117821,1,2,0,31.0
10109525BARONIB_2025-01-10_G15,10109525BARONIB,2025-01-10,117808,1,26,0,443.0
10109525BARONIB_2025-01-10_G16,10109525BARONIB,2025-01-10,110740,1,7,0,95.0
10109525BARONIB_2025-01-10_G17,10109525BARONIB,2025-01-10,117809,1,1,0,68.0
10109525BARONIB_2025-01-10_G18,10109525BARONIB,2025-01-10,117862,1,6,0,86.0
10109525BARONIB_2025-01-10_G19,10109525BARONIB,2025-01-10,117830,1,6,0,151.0
10109525BARONIB_2025-01-10_G20,10109525BARONIB,2025-01-10,110740,1,4,0,467.0
10109525BARONIB_2025-01-10_G21,10109525BARONIB,2025-01-10,116241,1,4,0,149.0
10109525BARONIB_2025-01-10_G22,10109525BARONIB,2025-01-10,117808,1,14,0,183.0
10109525BARONIB_2025-01-10_G23,10109525BARONIB,2025-01-10,118094,1,2,0,79.0
10109525BARONIB_2025-01-10_G24,10109525BARONIB,2025-01-10,117821,1,4,0,57.0
10109525BARONIB_2025-01-10_G25,10109525BARONIB,2025-01-10,117831,1,4,0,220.0
10109525BARONIB_2025-01-10_G26,10109525BARONIB,2025-01-10,140922,1,2,0,49.0
10109525BARONIB_2025-01-10_G27,10109525BARONIB,2025-01-10,108711,1,1,0,102.0
10109525BARONIB_2025-01-10_G28,10109525BARONIB,2025-01-10,110743,1,4,0,87.0
10109525BARONIB_2025-01-10_G29,10109525BARONIB,2025-01-10,109747,1,4,0,144.0
10109525BARONIB_2025-01-10_G30,10109525BARONIB,2025-01-10,117820,1,8,0,131.0
10109525BARONIB_2025-01-10_G31,10109525BARONIB,2025-01-10,117808,1,16,0,124.0
10109525BARONIB_2025-01-10_G32,10109525BARONIB,2025-01-10,110742,1,4,0,329.0
10109525BARONIB_2025-01-10_G33,10109525BARONIB,2025-01-10,110755,1,2,0,165.0
10109525BARONIB_2025-01-10_G34,10109525BARONIB,2025-01-10,118306,1,2,0,62.0
10109525BARONIB_2025-01-10_G35,10109525BARONIB,2025-01-10,105744,1,2,0,121.0
10109525BARONIB_2025-01-10_G36,10109525BARONIB,2025-01-10,110339,1,6,0,131.0
10109525BARONIB_2025-01-10_G37,10109525BARONIB,2025-01-10,111602,1,4,0,67.0
10109525BARONIB_2025-01-10_G38,10109525BARONIB,2025-01-10,110515,1,2,0,102.0
10109525BARONIB_2025-01-10_G39,10109525BARONIB,2025-01-10,118140,1,1,0,51.0
10109525BARONIB_2025-01-10_G40,10109525BARONIB,2025-01-10,110740,1,8,0,105.0
10109525BARONIB_2025-01-10_G41,10109525BARONIB,2025-01-10,110787,1,3,0,65.0
10109525BARONIB_2025-01-10_G42,10109525BARONIB,2025-01-10,111418,1,6,0,66.0
10109525BARONIB_2025-01-10_G43,10109525BARONIB,2025-01-10,111348,1,2,0,35.0
10109525BARONIB_2025-01-10_G45,10109525BARONIB,2025-01-10,"117833, 140922",2,8,5,316.0
10109525BARONIB_2025-01-10_G46,10109525BARONIB,2025-01-10,109747,1,2,0,116.0
10109525BARONIB_2025-01-10_G47,10109525BARONIB,2025-01-10,117830,1,4,0,250.0
10109525BARONIB_2025-01-10_G48,10109525BARONIB,2025-01-10,117808,1,9,0,76.0
10109525BARONIB_2025-01-10_G49,10109525BARONIB,2025-01-10,110740,1,7,0,265.0
10109525BARONIB_2025-01-10_G50,10109525BARONIB,2025-01-10,117838,1,3,0,159.0
10109525BARONIB_2025-01-10_G51,10109525BARONIB,2025-01-10,117808,2,14,11,100.0
10109525BARONIB_2025-01-10_G52,10109525BARONIB,2025-01-10,111172,1,4,0,177.0
10109525BARONIB_2025-01-10_G53,10109525BARONIB,2025-01-10,111602,1,4,0,402.0
10109525BARONIB_2025-01-10_G54,10109525BARONIB,2025-01-10,116241,1,4,0,162.0
10109525BARONIB_2025-01-10_G55,10109525BARONIB,2025-01-10,117808,1,6,0,78.0
10109525BARONIB_2025-01-10_G56,10109525BARONIB,2025-01-10,117808,1,56,0,245.0
10109525BARONIB_2025-01-10_G57,10109525BARONIB,2025-01-10,140911,1,4,0,1094.0
10109525BARONIB_2025-01-10_G58,10109525BARONIB,2025-01-10,108798,1,4,0,142.0
10109525BARONIB_2025-01-10_G59,10109525BARONIB,2025-01-10,109937,1,4,0,275.0
10109525BARONIB_2025-01-10_G60,10109525BARONIB,2025-01-10,108361,1,1,0,97.0
10109525BARONIB_2025-01-10_G61,10109525BARONIB,2025-01-10,110339,2,4,7,140.0
10109525BARONIB_2025-01-10_G62,10109525BARONIB,2025-01-10,111530,1,6,0,211.0
10109525BARONIB_2025-01-10_G63,10109525BARONIB,2025-01-10,117856,1,4,0,125.0
10109525BARONIB_2025-01-10_G64,10109525BARONIB,2025-01-10,111602,2,14,15,75.0
10109525BARONIB_2025-01-10_G65,10109525BARONIB,2025-01-10,118094,1,1,0,109.0
10109525BARONIB_2025-01-10_G66,10109525BARONIB,2025-01-10,109647,1,1,0,74.0
10109525BARONIB_2025-01-10_G67,10109525BARONIB,2025-01-10,141047,1,2,0,85.0
10109525BARONIB_2025-01-10_G68,10109525BARONIB,2025-01-10,110733,2,6,11,46.0
10109525BARONIB_2025-01-10_G69,10109525BARONIB,2025-01-10,108794,1,1,0,120.0
10109525BARONIB_2025-01-10_G70,10109525BARONIB,2025-01-10,118140,1,4,0,81.0
10109525BARONIB_2025-01-10_G71,10109525BARONIB,2025-01-10,107236,1,2,0,57.0
10109525BARONIB_2025-01-10_G72,10109525BARONIB,2025-01-10,111418,1,7,0,315.0
10109525BARONIB_2025-01-10_G73,10109525BARONIB,2025-01-10,"111348, 117833",2,8,21,36.0
10109525BARONIB_2025-01-10_G74,10109525BARONIB,2025-01-10,117787,1,1,0,37.0
10109525BARONIB_2025-01-10_G75,10109525BARONIB,2025-01-10,108711,1,4,0,74.0
10109525BARONIB_2025-01-10_G76,10109525BARONIB,2025-01-10,108711,1,8,0,294.0
10109525BARONIB_2025-01-10_G77,10109525BARONIB,2025-01-10,"117785, 111743, 109645",3,10,33,48.0
10109525BARONIB_2025-01-10_G78,10109525BARONIB,2025-01-10,111462,1,1,0,57.0
10109525BARONIB_2025-01-10_G79,10109525BARONIB,2025-01-10,"111172, 117838, 110743",3,12,36,54.0
10109525BARONIB_2025-01-10_G80,10109525BARONIB,2025-01-10,110376,1,4,0,144.0
10109525BARONIB_2025-01-10_G81,10109525BARONIB,2025-01-10,117820,1,1,0,42.0
10109525BARONIB_2025-01-10_G82,10109525BARONIB,2025-01-10,109643,1,2,0,67.0
10109525BARONIB_2025-01-10_G83,10109525BARONIB,2025-01-10,107830,1,2,0,74.0
10109525BARONIB_2025-01-10_G84,10109525BARONIB,2025-01-10,110372,1,24,0,139.0
10109525BARONIB_2025-01-10_G85,10109525BARONIB,2025-01-10,117832,1,7,0,66.0
10109525BARONIB_2025-01-10_G86,10109525BARONIB,2025-01-10,110373,1,12,0,103.0
10109525BARONIB_2025-01-10_G87,10109525BARONIB,2025-01-10,117808,1,37,0,295.0
10109525BARONIB_2025-01-10_G88,10109525BARONIB,2025-01-10,111602,1,12,0,104.0
10109525BARONIB_2025-01-10_G89,10109525BARONIB,2025-01-10,117831,1,8,0,130.0
10109525BARONIB_2025-01-10_G90,10109525BARONIB,2025-01-10,108711,1,4,0,47.0
10109525BARONIB_2025-01-10_G91,10109525BARONIB,2025-01-10,111442,1,4,0,93.0
10109525BARONIB_2025-01-10_G92,10109525BARONIB,2025-01-10,111530,1,20,0,382.0
10109525BARONIB_2025-01-10_G93,10109525BARONIB,2025-01-10,110756,1,4,0,103.0
10109525BARONIB_2025-01-10_G94,10109525BARONIB,2025-01-10,110313,1,10,0,108.0
10109525BARONIB_2025-01-10_G95,10109525BARONIB,2025-01-10,111467,1,8,0,65.0
10109525BARONIB_2025-01-10_G96,10109525BARONIB,2025-01-10,117856,1,20,0,150.0
10109525BARONIB_2025-01-10_G97,10109525BARONIB,2025-01-10,"117861, 110753",2,16,25,203.0
10109525BARONIB_2025-01-10_G98,10109525BARONIB,2025-01-10,111879,1,4,0,59.0
10109525BARONIB_2025-01-10_G99,10109525BARONIB,2025-01-10,117786,1,1,0,36.0
10109525BARONIB_2025-01-10_G100,10109525BARONIB,2025-01-10,"111876, 109647",2,8,18,46.0
10109525BARONIB_2025-01-10_G101,10109525BARONIB,2025-01-10,108772,2,10,20,93.0
10109525BARONIB_2025-01-10_G102,10109525BARONIB,2025-01-10,110711,1,11,0,121.0
10109525BARONIB_2025-01-10_G103,10109525BARONIB,2025-01-10,111602,1,50,0,331.0
10109525BARONIB_2025-01-10_G104,10109525BARONIB,2025-01-10,141047,1,20,0,229.0
10109525BARONIB_2025-01-10_G106,10109525BARONIB,2025-01-10,110372,1,150,0,386.0
10109525BARONIB_2025-01-10_G107,10109525BARONIB,2025-01-10,117832,1,30,0,547.0
10109525BARONIB_2025-01-10_G108,10109525BARONIB,2025-01-10,117832,1,20,0,75.0
10109525BARONIB_2025-01-10_G109,10109525BARONIB,2025-01-10,111602,1,2,0,743.0
10109525BARONIB_2025-01-10_G110,10109525BARONIB,2025-01-10,110711,1,4,0,129.0
10109525BARONIB_2025-01-10_G111,10109525BARONIB,2025-01-10,110515,1,20,0,226.0
10109525BARONIB_2025-01-10_G112,10109525BARONIB,2025-01-10,117833,1,4,0,142.0
10109525BARONIB_2025-01-10_G113,10109525BARONIB,2025-01-10,111462,1,12,0,149.0
10109525BARONIB_2025-01-10_G114,10109525BARONIB,2025-01-10,111438,1,5,0,117.0
10109525BARONIB_2025-01-10_G115,10109525BARONIB,2025-01-10,110313,1,4,0,298.0
10109525BARONIB_2025-01-10_G116,10109525BARONIB,2025-01-10,111602,1,4,0,237.0
10109525BARONIB_2025-01-10_G117,10109525BARONIB,2025-01-10,117820,1,2,0,91.0
10109525BARONIB_2025-01-10_G118,10109525BARONIB,2025-01-10,107830,1,2,0,65.0
10109525BARONIB_2025-01-10_G119,10109525BARONIB,2025-01-10,118094,1,4,0,134.0
10109525BARONIB_2025-01-10_G120,10109525BARONIB,2025-01-10,108711,1,6,0,129.0
10109525BARONIB_2025-01-10_G121,10109525BARONIB,2025-01-10,110515,1,4,0,211.0
10109525BARONIB_2025-01-11_G02,10109525BARONIB,2025-01-11,118094,1,4,0,95.0
10109525BARONIB_2025-01-11_G03,10109525BARONIB,2025-01-11,117820,1,6,0,70.0
10109525BARONIB_2025-01-11_G04,10109525BARONIB,2025-01-11,111172,1,2,0,118.0
10109525BARONIB_2025-01-11_G05,10109525BARONIB,2025-01-11,111650,1,2,0,622.0
10109525BARONIB_2025-01-11_G06,10109525BARONIB,2025-01-11,118140,1,4,0,53.0
10109525BARONIB_2025-01-11_G07,10109525BARONIB,2025-01-11,108711,1,6,0,221.0
10109525BARONIB_2025-01-11_G08,10109525BARONIB,2025-01-11,117862,1,4,0,151.0
10109525BARONIB_2025-01-11_G09,10109525BARONIB,2025-01-11,118094,1,4,0,215.0
10109525BARONIB_2025-01-11_G10,10109525BARONIB,2025-01-11,110515,1,12,0,96.0
10109525BARONIB_2025-01-11_G11,10109525BARONIB,2025-01-11,118317,1,8,0,121.0
10109525BARONIB_2025-01-11_G12,10109525BARONIB,2025-01-11,118140,1,12,0,164.0
10109525BARONIB_2025-01-11_G13,10109525BARONIB,2025-01-11,108711,1,2,0,80.0
10109525BARONIB_2025-01-11_G14,10109525BARONIB,2025-01-11,111462,1,10,0,242.0
10109525BARONIB_2025-01-11_G15,10109525BARONIB,2025-01-11,110339,1,2,0,127.0
10109525BARONIB_2025-01-11_G16,10109525BARONIB,2025-01-11,111530,1,6,0,59.0
10109525BARONIB_2025-01-11_G17,10109525BARONIB,2025-01-11,117861,1,4,0,49.0
10109525BARONIB_2025-01-11_G18,10109525BARONIB,2025-01-11,111602,1,6,0,57.0
10109525BARONIB_2025-01-11_G19,10109525BARONIB,2025-01-11,118094,2,12,13,49.0
10109525BARONIB_2025-01-11_G20,10109525BARONIB,2025-01-11,117786,1,2,0,251.0
10109525BARONIB_2025-01-11_G21,10109525BARONIB,2025-01-11,110515,2,8,5,159.0
10109525BARONIB_2025-01-11_G22,10109525BARONIB,2025-01-11,141047,1,2,0,53.0
10109525BARONIB_2025-01-11_G23,10109525BARONIB,2025-01-11,110733,1,4,0,32.0
10109525BARONIB_2025-01-11_G24,10109525BARONIB,2025-01-11,110740,1,40,0,1988.0
10109525BARONIB_2025-01-11_G25,10109525BARONIB,2025-01-11,109645,1,30,0,500.0
10109525BARONIB_2025-01-11_G27,10109525BARONIB,2025-01-11,110537,1,2,0,222.0
10109525BARONIB_2025-01-11_G28,10109525BARONIB,2025-01-11,111441,1,4,0,183.0
10109525BARONIB_2025-01-11_G29,10109525BARONIB,2025-01-11,110753,1,1,0,138.0
10109525BARONIB_2025-01-11_G30,10109525BARONIB,2025-01-11,118094,1,10,0,71.0
10109525BARONIB_2025-01-11_G31,10109525BARONIB,2025-01-11,110515,1,10,0,85.0
10109525BARONIB_2025-01-11_G32,10109525BARONIB,2025-01-11,141047,1,4,0,77.0
10109525BARONIB_2025-01-11_G33,10109525BARONIB,2025-01-11,110741,1,2,0,42.0
10109525BARONIB_2025-01-11_G34,10109525BARONIB,2025-01-11,108794,1,4,0,128.0
10109525BARONIB_2025-01-11_G35,10109525BARONIB,2025-01-11,"117808, 117820",2,100,18,81.0
10109525BARONIB_2025-01-11_G36,10109525BARONIB,2025-01-11,"117809, 107830",2,21,20,257.0
10109525BARONIB_2025-01-11_G37,10109525BARONIB,2025-01-11,117830,1,8,0,99.0
10109525BARONIB_2025-01-11_G38,10109525BARONIB,2025-01-11,118299,1,160,0,438.0
10109525BARONIB_2025-01-11_G39,10109525BARONIB,2025-01-11,117831,2,60,12,718.0
10109525BARONIB_2025-01-11_G40,10109525BARONIB,2025-01-11,110740,1,26,0,775.0
10109525BARONIB_2025-01-11_G41,10109525BARONIB,2025-01-11,110755,1,4,0,608.0
10109525BARONIB_2025-01-11_G42,10109525BARONIB,2025-01-11,111569,1,4,0,149.0
10109525BARONIB_2025-01-11_G43,10109525BARONIB,2025-01-11,109937,1,4,0,109.0
10109525BARONIB_2025-01-11_G44,10109525BARONIB,2025-01-11,109747,1,1,0,155.0
10109525BARONIB_2025-01-11_G45,10109525BARONIB,2025-01-11,117820,1,84,0,1830.0
10109525BARONIB_2025-01-11_G46,10109525BARONIB,2025-01-11,117808,1,799,0,1233.0
10109525BARONIB_2025-01-11_G47,10109525BARONIB,2025-01-11,109643,1,4,0,181.0
10109525BARONIB_2025-01-11_G48,10109525BARONIB,2025-01-11,117809,1,17,0,158.0
10109525BARONIB_2025-01-11_G49,10109525BARONIB,2025-01-11,"117832, 110375",2,9,10,113.0
10109525BARONIB_2025-01-11_G50,10109525BARONIB,2025-01-11,110371,1,35,0,416.0
10109525BARONIB_2025-01-11_G51,10109525BARONIB,2025-01-11,117830,1,24,0,160.0
10109525BARONIB_2025-01-12_G02,10109525BARONIB,2025-01-12,111530,1,40,0,336.0
10109525BARONIB_2025-01-12_G03,10109525BARONIB,2025-01-12,109640,1,5,0,287.0
10109525BARONIB_2025-01-12_G04,10109525BARONIB,2025-01-12,117788,1,4,0,395.0
10109525BARONIB_2025-01-12_G05,10109525BARONIB,2025-01-12,110711,1,4,0,164.0
10109525BARONIB_2025-01-12_G06,10109525BARONIB,2025-01-12,110741,1,4,0,93.0
10109525BARONIB_2025-01-12_G07,10109525BARONIB,2025-01-12,117856,1,20,0,231.0
10109525BARONIB_2025-01-12_G08,10109525BARONIB,2025-01-12,117786,1,8,0,261.0
10109525BARONIB_2025-01-12_G09,10109525BARONIB,2025-01-12,118298,1,4,0,106.0
10109525BARONIB_2025-01-12_G10,10109525BARONIB,2025-01-12,107830,1,6,0,212.0
10109525BARONIB_2025-01-12_G11,10109525BARONIB,2025-01-12,111430,1,15,0,772.0
10109525BARONIB_2025-01-12_G12,10109525BARONIB,2025-01-12,117820,1,12,0,149.0
10109525BARONIB_2025-01-12_G13,10109525BARONIB,2025-01-12,117808,1,60,0,422.0
10109525BARONIB_2025-01-12_G14,10109525BARONIB,2025-01-12,117820,1,8,0,119.0
10109525BARONIB_2025-01-13_G02,10109525BARONIB,2025-01-13,118299,1,2,0,51.0
10109525BARONIB_2025-01-13_G03,10109525BARONIB,2025-01-13,117785,1,6,0,661.0
10109525BARONIB_2025-01-13_G04,10109525BARONIB,2025-01-13,"117820, 118299",2,12,22,199.0
10109525BARONIB_2025-01-13_G05,10109525BARONIB,2025-01-13,111469,1,4,0,136.0
10109525BARONIB_2025-01-13_G06,10109525BARONIB,2025-01-13,117820,1,6,0,195.0
10109525BARONIB_2025-01-13_G07,10109525BARONIB,2025-01-13,117808,1,20,0,98.0
10109525BARONIB_2025-01-13_G08,10109525BARONIB,2025-01-13,118299,1,7,0,88.0
10109525BARONIB_2025-01-13_G09,10109525BARONIB,2025-01-13,111430,1,5,0,754.0
10109525BARONIB_2025-01-13_G10,10109525BARONIB,2025-01-13,110339,1,4,0,97.0
10109525BARONIB_2025-01-13_G11,10109525BARONIB,2025-01-13,117856,1,4,0,96.0
10109525BARONIB_2025-01-13_G12,10109525BARONIB,2025-01-13,109640,1,2,0,60.0
10109525BARONIB_2025-01-13_G13,10109525BARONIB,2025-01-13,117820,1,5,0,335.0
10109525BARONIB_2025-01-13_G14,10109525BARONIB,2025-01-13,117808,1,10,0,201.0
10109525BARONIB_2025-01-13_G15,10109525BARONIB,2025-01-13,110372,1,4,0,102.0
10109525BARONIB_2025-01-13_G16,10109525BARONIB,2025-01-13,"118299, 117832",3,18,36,81.0
10109525BARONIB_2025-01-13_G17,10109525BARONIB,2025-01-13,"117832, 117830",2,17,28,114.0
10109525BARONIB_2025-01-13_G18,10109525BARONIB,2025-01-13,117830,2,15,5,228.0
10109525BARONIB_2025-01-13_G19,10109525BARONIB,2025-01-13,117862,1,8,0,150.0
10109525BARONIB_2025-01-13_G20,10109525BARONIB,2025-01-13,117820,1,10,0,463.0
10109525BARONIB_2025-01-13_G21,10109525BARONIB,2025-01-13,117808,1,18,0,177.0
10109525BARONIB_2025-01-13_G22,10109525BARONIB,2025-01-13,118299,1,2,0,57.0
10109525BARONIB_2025-01-13_G23,10109525BARONIB,2025-01-13,117785,1,2,0,107.0
10109525BARONIB_2025-01-13_G24,10109525BARONIB,2025-01-13,111469,1,4,0,83.0
10109525BARONIB_2025-01-13_G25,10109525BARONIB,2025-01-13,117820,1,5,0,67.0
10109525BARONIB_2025-01-13_G26,10109525BARONIB,2025-01-13,111469,1,4,0,198.0
10109525BARONIB_2025-01-13_G27,10109525BARONIB,2025-01-13,117820,1,2,0,66.0
10109525BARONIB_2025-01-13_G28,10109525BARONIB,2025-01-13,118299,1,8,0,35.0
10109525BARONIB_2025-01-13_G29,10109525BARONIB,2025-01-13,110895,1,11,0,327.0
10109525BARONIB_2025-01-13_G30,10109525BARONIB,2025-01-13,140922,1,20,0,299.0
10109525BARONIB_2025-01-13_G31,10109525BARONIB,2025-01-13,108711,1,10,0,118.0
10109525BARONIB_2025-01-13_G33,10109525BARONIB,2025-01-13,117808,1,11,0,93.0
10109525BARONIB_2025-01-13_G34,10109525BARONIB,2025-01-13,118299,1,4,0,135.0
10109525BARONIB_2025-01-13_G35,10109525BARONIB,2025-01-13,117820,1,12,0,105.0
10109525BARONIB_2025-01-13_G36,10109525BARONIB,2025-01-13,117808,1,60,0,441.0
10109525BARONIB_2025-01-13_G37,10109525BARONIB,2025-01-13,"118298, 117820",2,6,15,173.0
10109525BARONIB_2025-01-13_G38,10109525BARONIB,2025-01-13,117808,1,20,0,122.0
10109525BARONIB_2025-01-13_G39,10109525BARONIB,2025-01-13,118299,1,7,0,60.0
10109525BARONIB_2025-01-13_G40,10109525BARONIB,2025-01-13,117831,2,5,6,124.0
10109525BARONIB_2025-01-13_G41,10109525BARONIB,2025-01-13,"111463, 117820",2,28,27,93.0
10109525BARONIB_2025-01-13_G42,10109525BARONIB,2025-01-13,117830,1,3,0,86.0
10109525BARONIB_2025-01-13_G43,10109525BARONIB,2025-01-13,110580,1,4,0,1038.0
10109525BARONIB_2025-01-13_G44,10109525BARONIB,2025-01-13,111530,1,13,0,77.0
10109525BARONIB_2025-01-13_G45,10109525BARONIB,2025-01-13,110756,1,4,0,244.0
10109525BARONIB_2025-01-13_G46,10109525BARONIB,2025-01-13,110313,1,8,0,120.0
10109525BARONIB_2025-01-13_G47,10109525BARONIB,2025-01-13,111467,1,6,0,72.0
10109525BARONIB_2025-01-13_G48,10109525BARONIB,2025-01-13,117856,1,8,0,111.0
10109525BARONIB_2025-01-13_G49,10109525BARONIB,2025-01-13,109640,1,4,0,166.0
10109525BARONIB_2025-01-13_G50,10109525BARONIB,2025-01-13,110753,1,4,0,399.0
10109525BARONIB_2025-01-13_G51,10109525BARONIB,2025-01-13,118094,1,8,0,339.0
10109525BARONIB_2025-01-13_G52,10109525BARONIB,2025-01-13,117861,1,10,0,315.0
10109525BARONIB_2025-01-13_G53,10109525BARONIB,2025-01-13,117786,1,5,0,88.0
10109525BARONIB_2025-01-13_G54,10109525BARONIB,2025-01-13,109647,1,4,0,64.0
10109525BARONIB_2025-01-13_G55,10109525BARONIB,2025-01-13,118298,1,4,0,76.0
10109525BARONIB_2025-01-13_G56,10109525BARONIB,2025-01-13,141047,1,4,0,96.0
10109525BARONIB_2025-01-13_G57,10109525BARONIB,2025-01-13,108772,1,4,0,56.0
10109525BARONIB_2025-01-13_G58,10109525BARONIB,2025-01-13,117788,1,4,0,169.0
10109525BARONIB_2025-01-13_G59,10109525BARONIB,2025-01-13,110711,1,15,0,370.0
10109525BARONIB_2025-01-13_G60,10109525BARONIB,2025-01-13,117862,1,10,0,142.0
10109525BARONIB_2025-01-13_G61,10109525BARONIB,2025-01-13,110741,1,4,0,87.0
10109525BARONIB_2025-01-13_G62,10109525BARONIB,2025-01-13,111598,1,12,0,204.0
10109525BARONIB_2025-01-13_G63,10109525BARONIB,2025-01-13,111433,1,4,0,113.0
10109525BARONIB_2025-01-13_G64,10109525BARONIB,2025-01-13,"117836, 118306, 107254",3,12,42,227.0
10109525BARONIB_2025-01-13_G65,10109525BARONIB,2025-01-13,111438,1,4,0,65.0
10109525BARONIB_2025-01-13_G66,10109525BARONIB,2025-01-13,110376,1,5,0,530.0
10109525BARONIB_2025-01-13_G67,10109525BARONIB,2025-01-13,109648,1,4,0,87.0
10109525BARONIB_2025-01-13_G68,10109525BARONIB,2025-01-13,107830,1,8,0,352.0
10109525BARONIB_2025-01-13_G69,10109525BARONIB,2025-01-13,110375,1,8,0,190.0
10109525BARONIB_2025-01-13_G70,10109525BARONIB,2025-01-13,117830,1,8,0,82.0
10109525BARONIB_2025-01-13_G71,10109525BARONIB,2025-01-13,110534,1,1,0,1201.0
10109525BARONIB_2025-01-13_G72,10109525BARONIB,2025-01-13,110747,1,4,0,87.0
10109525BARONIB_2025-01-13_G73,10109525BARONIB,2025-01-13,109643,1,2,0,33.0
10109525BARONIB_2025-01-13_G74,10109525BARONIB,2025-01-13,117809,1,2,0,77.0
10109525BARONIB_2025-01-13_G75,10109525BARONIB,2025-01-13,107830,1,4,0,54.0
10109525BARONIB_2025-01-13_G76,10109525BARONIB,2025-01-13,110339,1,3,0,110.0
10109525BARONIB_2025-01-13_G77,10109525BARONIB,2025-01-13,110063,1,2,0,69.0
10109525BARONIB_2025-01-13_G78,10109525BARONIB,2025-01-13,110711,1,8,0,373.0
10109525BARONIB_2025-01-13_G79,10109525BARONIB,2025-01-13,110741,1,3,0,32.0
10109525BARONIB_2025-01-13_G80,10109525BARONIB,2025-01-13,110092,1,2,0,227.0
10109525BARONIB_2025-01-13_G81,10109525BARONIB,2025-01-13,110787,1,2,0,437.0
10109525BARONIB_2025-01-13_G82,10109525BARONIB,2025-01-13,111418,1,6,0,56.0
10109525BARONIB_2025-01-13_G83,10109525BARONIB,2025-01-13,140922,1,2,0,81.0
10109525BARONIB_2025-01-13_G84,10109525BARONIB,2025-01-13,"110743, 111468",2,7,12,94.0
10109525BARONIB_2025-01-13_G85,10109525BARONIB,2025-01-13,110733,1,6,0,181.0
10109525BARONIB_2025-01-13_G87,10109525BARONIB,2025-01-13,110747,1,4,0,79.0
10109525BARONIB_2025-01-13_G88,10109525BARONIB,2025-01-13,111530,1,4,0,130.0
10109525BARONIB_2025-01-13_G89,10109525BARONIB,2025-01-13,118140,1,14,0,102.0
10109525BARONIB_2025-01-13_G90,10109525BARONIB,2025-01-13,111467,1,2,0,166.0
10109525BARONIB_2025-01-13_G91,10109525BARONIB,2025-01-13,"118094, 111182",2,8,24,158.0
10109525BARONIB_2025-01-13_G92,10109525BARONIB,2025-01-13,110740,1,2,0,54.0
10109525BARONIB_2025-01-13_G93,10109525BARONIB,2025-01-13,111418,1,5,0,47.0
10109525BARONIB_2025-01-13_G94,10109525BARONIB,2025-01-13,110711,1,4,0,129.0
10109525BARONIB_2025-01-13_G95,10109525BARONIB,2025-01-13,111462,1,3,0,60.0
10109525BARONIB_2025-01-13_G96,10109525BARONIB,2025-01-13,117853,1,26,0,705.0
10109525BARONIB_2025-01-13_G97,10109525BARONIB,2025-01-13,108711,1,31,0,187.0
10109525BARONIB_2025-01-13_G98,10109525BARONIB,2025-01-13,108772,1,3,0,316.0
10109525BARONIB_2025-01-13_G99,10109525BARONIB,2025-01-13,111444,1,8,0,178.0
10109525BARONIB_2025-01-14_G02,10109525BARONIB,2025-01-14,117831,1,81,0,291.0
10109525BARONIB_2025-01-14_G03,10109525BARONIB,2025-01-14,111463,1,50,0,274.0
10109525BARONIB_2025-01-14_G04,10109525BARONIB,2025-01-14,111172,1,6,0,134.0
10109525BARONIB_2025-01-14_G05,10109525BARONIB,2025-01-14,111438,1,9,0,790.0
10109525BARONIB_2025-01-14_G06,10109525BARONIB,2025-01-14,109937,1,3,0,77.0
10109525BARONIB_2025-01-14_G07,10109525BARONIB,2025-01-14,110747,1,11,0,156.0
10109525BARONIB_2025-01-14_G08,10109525BARONIB,2025-01-14,111467,1,20,0,139.0
10109525BARONIB_2025-01-14_G09,10109525BARONIB,2025-01-14,109647,1,13,0,158.0
10109525BARONIB_2025-01-14_G10,10109525BARONIB,2025-01-14,110376,1,13,0,252.0
10109525BARONIB_2025-01-14_G11,10109525BARONIB,2025-01-14,108711,1,40,0,283.0
10109525BARONIB_2025-01-14_G12,10109525BARONIB,2025-01-14,117833,1,29,0,238.0
10109525BARONIB_2025-01-14_G13,10109525BARONIB,2025-01-14,141047,1,24,0,719.0
10109525BARONIB_2025-01-14_G14,10109525BARONIB,2025-01-14,110711,1,24,0,190.0
10109525BARONIB_2025-01-14_G15,10109525BARONIB,2025-01-14,111530,1,50,0,280.0
10109525BARONIB_2025-01-14_G16,10109525BARONIB,2025-01-14,117856,1,10,0,66.0
10109525BARONIB_2025-01-14_G17,10109525BARONIB,2025-01-14,118094,1,60,0,301.0
10109525BARONIB_2025-01-14_G18,10109525BARONIB,2025-01-14,117785,1,14,0,397.0
10109525BARONIB_2025-01-14_G19,10109525BARONIB,2025-01-14,111462,1,100,0,210.0
10109525BARONIB_2025-01-14_G20,10109525BARONIB,2025-01-14,111442,1,20,0,297.0
10109525BARONIB_2025-01-14_G21,10109525BARONIB,2025-01-14,118140,1,40,0,330.0
10109525BARONIB_2025-01-14_G22,10109525BARONIB,2025-01-14,111430,1,16,0,363.0
10109525BARONIB_2025-01-14_G23,10109525BARONIB,2025-01-14,111418,1,40,0,268.0
10109525BARONIB_2025-01-14_G25,10109525BARONIB,2025-01-14,117809,1,50,0,554.0
10109525BARONIB_2025-01-14_G26,10109525BARONIB,2025-01-14,110740,1,24,0,259.0
10109525BARONIB_2025-01-14_G27,10109525BARONIB,2025-01-14,117830,1,60,0,523.0
10109525BARONIB_2025-01-14_G28,10109525BARONIB,2025-01-14,117831,1,183,0,3029.0
10109525BARONIB_2025-01-14_G29,10109525BARONIB,2025-01-14,117832,1,870,0,1136.0
10109525BARONIB_2025-01-14_G30,10109525BARONIB,2025-01-14,111462,1,113,0,1588.0
10109525BARONIB_2025-01-16_G03,10109525BARONIB,2025-01-16,117820,1,100,0,281.0
10109525BARONIB_2025-01-16_G04,10109525BARONIB,2025-01-16,117808,1,470,0,1462.0
10109525BARONIB_2025-01-16_G06,10109525BARONIB,2025-01-16,110372,1,150,0,547.0
10109525BARONIB_2025-01-16_G07,10109525BARONIB,2025-01-16,111655,1,27,0,1660.0
10109525BARONIB_2025-01-16_G08,10109525BARONIB,2025-01-16,110749,1,8,0,470.0
10109525BARONIB_2025-01-16_G09,10109525BARONIB,2025-01-16,111441,1,40,0,1116.0
10109525BARONIB_2025-01-16_G10,10109525BARONIB,2025-01-16,110515,1,10,0,533.0
10109525BARONIB_2025-01-16_G11,10109525BARONIB,2025-01-16,111743,1,100,0,738.0
10109525BARONIB_2025-01-17_G02,10109525BARONIB,2025-01-17,180183,1,1,0,1088.0
10109525BARONIB_2025-01-17_G03,10109525BARONIB,2025-01-17,121928,1,2,0,911.0
10109525BARONIB_2025-01-17_G04,10109525BARONIB,2025-01-17,122671,1,20,0,583.0
10109525BARONIB_2025-01-17_G05,10109525BARONIB,2025-01-17,122981,1,11,0,169.0
10109525BARONIB_2025-01-17_G06,10109525BARONIB,2025-01-17,120339,1,14,0,343.0
10109525BARONIB_2025-01-17_G07,10109525BARONIB,2025-01-17,124248,1,10,0,180.0
10109525BARONIB_2025-01-17_G08,10109525BARONIB,2025-01-17,181057,1,8,0,1268.0
10109525BARONIB_2025-01-17_G09,10109525BARONIB,2025-01-17,123492,1,6,0,881.0
10109525BARONIB_2025-01-17_G11,10109525BARONIB,2025-01-17,124264,1,2,0,221.0
10109525BARONIB_2025-01-17_G12,10109525BARONIB,2025-01-17,122962,1,16,0,962.0
10109525BARONIB_2025-01-17_G13,10109525BARONIB,2025-01-17,122984,1,12,0,468.0
10109525BARONIB_2025-01-17_G14,10109525BARONIB,2025-01-17,123907,1,7,0,331.0
10109525BARONIB_2025-01-17_G15,10109525BARONIB,2025-01-17,123907,1,5,0,239.0
10109525BARONIB_2025-01-17_G16,10109525BARONIB,2025-01-17,"123492, 123343",2,18,28,854.0
10109525BARONIB_2025-01-17_G17,10109525BARONIB,2025-01-17,122962,1,40,0,833.0
10109525BARONIB_2025-01-17_G18,10109525BARONIB,2025-01-17,123907,1,59,0,895.0
10109525BARONIB_2025-01-17_G19,10109525BARONIB,2025-01-17,123907,1,41,0,899.0
10109525BARONIB_2025-01-17_G20,10109525BARONIB,2025-01-17,123344,1,4,0,293.0
10109525BARONIB_2025-01-17_G21,10109525BARONIB,2025-01-17,123345,1,6,0,136.0
10109525BARONIB_2025-01-17_G22,10109525BARONIB,2025-01-17,123313,1,12,0,1388.0
10109525BARONIB_2025-01-17_G23,10109525BARONIB,2025-01-17,180420,1,1,0,308.0
10109525BARONIB_2025-01-17_G25,10109525BARONIB,2025-01-17,123345,1,10,0,149.0
10109525BARONIB_2025-01-17_G26,10109525BARONIB,2025-01-17,124247,1,30,0,526.0
10109525BARONIB_2025-01-17_G27,10109525BARONIB,2025-01-17,181235,1,6,0,848.0
10109525BARONIB_2025-01-17_G28,10109525BARONIB,2025-01-17,122647,1,10,0,315.0
10109525BARONIB_2025-01-17_G29,10109525BARONIB,2025-01-17,123822,1,18,0,628.0
10109525BARONIB_2025-01-17_G30,10109525BARONIB,2025-01-17,120028,1,20,0,440.0
10109525BARONIB_2025-01-18_G02,10109525BARONIB,2025-01-18,121760,1,22,0,1471.0
10109525BARONIB_2025-01-18_G03,10109525BARONIB,2025-01-18,122962,1,32,0,359.0
10109525BARONIB_2025-01-18_G04,10109525BARONIB,2025-01-18,124247,1,30,0,1555.0
10109525BARONIB_2025-01-18_G05,10109525BARONIB,2025-01-18,123907,1,4,0,170.0
10109525BARONIB_2025-01-18_G06,10109525BARONIB,2025-01-18,124247,1,24,0,464.0
10109525BARONIB_2025-01-18_G07,10109525BARONIB,2025-01-18,121760,1,4,0,150.0
10109525BARONIB_2025-01-18_G08,10109525BARONIB,2025-01-18,122962,1,4,0,724.0
10109525BARONIB_2025-01-18_G09,10109525BARONIB,2025-01-18,122984,1,4,0,102.0
10109525BARONIB_2025-01-18_G10,10109525BARONIB,2025-01-18,"122647, 120028",2,8,25,154.0
10109525BARONIB_2025-01-18_G11,10109525BARONIB,2025-01-18,121760,1,10,0,236.0
10109525BARONIB_2025-01-18_G12,10109525BARONIB,2025-01-18,123909,1,20,0,860.0
10109525BARONIB_2025-01-18_G14,10109525BARONIB,2025-01-18,122984,1,20,0,324.0
10109525BARONIB_2025-01-18_G15,10109525BARONIB,2025-01-18,122671,1,30,0,308.0
10109525BARONIB_2025-01-18_G16,10109525BARONIB,2025-01-18,124371,1,50,0,604.0
10109525BARONIB_2025-01-18_G17,10109525BARONIB,2025-01-18,120339,1,70,0,1096.0
10109525BARONIB_2025-01-18_G18,10109525BARONIB,2025-01-18,122982,1,10,0,186.0
10109525BARONIB_2025-01-18_G19,10109525BARONIB,2025-01-18,123521,1,8,0,92.0
10109525BARONIB_2025-01-18_G20,10109525BARONIB,2025-01-18,123907,1,13,0,755.0
10109525BARONIB_2025-01-18_G21,10109525BARONIB,2025-01-18,122703,1,12,0,267.0
10109525BARONIB_2025-01-18_G22,10109525BARONIB,2025-01-18,123343,1,8,0,1140.0
10109525BARONIB_2025-01-18_G23,10109525BARONIB,2025-01-18,121760,1,1,0,1279.0
10109525BARONIB_2025-01-18_G24,10109525BARONIB,2025-01-18,124247,1,2,0,1478.0
10109525BARONIB_2025-01-18_G25,10109525BARONIB,2025-01-18,123343,1,4,0,438.0
10109525BARONIB_2025-01-18_G26,10109525BARONIB,2025-01-18,121651,1,10,0,709.0
10109525BARONIB_2025-01-18_G27,10109525BARONIB,2025-01-18,121651,1,11,0,325.0
10109525BARONIB_2025-01-18_G28,10109525BARONIB,2025-01-18,123343,1,2,0,482.0
10109525BARONIB_2025-01-19_G02,10109525BARONIB,2025-01-19,110787,1,4,0,339.0
10109525BARONIB_2025-01-19_G03,10109525BARONIB,2025-01-19,108711,1,4,0,52.0
10109525BARONIB_2025-01-19_G04,10109525BARONIB,2025-01-19,110743,1,4,0,246.0
10109525BARONIB_2025-01-19_G05,10109525BARONIB,2025-01-19,109747,1,1,0,84.0
10109525BARONIB_2025-01-19_G06,10109525BARONIB,2025-01-19,117820,1,4,0,94.0
10109525BARONIB_2025-01-19_G07,10109525BARONIB,2025-01-19,117808,1,6,0,150.0
10109525BARONIB_2025-01-19_G08,10109525BARONIB,2025-01-19,"111850, 108770, 111530",3,9,53,116.0
10109525BARONIB_2025-01-19_G09,10109525BARONIB,2025-01-19,111431,1,2,0,33.0
10109525BARONIB_2025-01-19_G10,10109525BARONIB,2025-01-19,117809,1,1,0,105.0
10109525BARONIB_2025-01-19_G11,10109525BARONIB,2025-01-19,110375,1,4,0,69.0
10109525BARONIB_2025-01-19_G12,10109525BARONIB,2025-01-19,117831,1,10,0,278.0
10109525BARONIB_2025-01-19_G13,10109525BARONIB,2025-01-19,110787,1,5,0,40.0
10109525BARONIB_2025-01-19_G14,10109525BARONIB,2025-01-19,110745,1,1,0,55.0
10109525BARONIB_2025-01-19_G15,10109525BARONIB,2025-01-19,108711,1,2,0,37.0
10109525BARONIB_2025-01-19_G16,10109525BARONIB,2025-01-19,111463,1,3,0,67.0
10109525BARONIB_2025-01-19_G17,10109525BARONIB,2025-01-19,117830,1,4,0,102.0
10109525BARONIB_2025-01-19_G18,10109525BARONIB,2025-01-19,"111530, 117855, 117785, 111443, 108795",5,20,90,270.0
10109525BARONIB_2025-01-20_G02,10109525BARONIB,2025-01-20,107236,1,6,0,115.0
10109525BARONIB_2025-01-20_G03,10109525BARONIB,2025-01-20,111463,1,30,0,376.0
10109525BARONIB_2025-01-20_G04,10109525BARONIB,2025-01-20,"117830, 117820",2,10,19,81.0
10109525BARONIB_2025-01-20_G05,10109525BARONIB,2025-01-20,107830,1,2,0,45.0
10109525BARONIB_2025-01-20_G06,10109525BARONIB,2025-01-20,108770,1,2,0,95.0
10109525BARONIB_2025-01-20_G07,10109525BARONIB,2025-01-20,105705,1,4,0,137.0
10109525BARONIB_2025-01-20_G08,10109525BARONIB,2025-01-20,"100334, 108770",2,4,19,773.0
10109525BARONIB_2025-01-20_G09,10109525BARONIB,2025-01-20,110755,1,2,0,42.0
10109525BARONIB_2025-01-20_G10,10109525BARONIB,2025-01-20,"118094, 117786, 141047",3,7,56,35.0
10109525BARONIB_2025-01-20_G11,10109525BARONIB,2025-01-20,108770,1,6,0,315.0
10109525BARONIB_2025-01-20_G12,10109525BARONIB,2025-01-20,108770,1,2,0,71.0
10109525BARONIB_2025-01-20_G13,10109525BARONIB,2025-01-20,107236,1,4,0,331.0
10109525BARONIB_2025-01-20_G14,10109525BARONIB,2025-01-20,"117785, 108795",2,6,26,77.0
10109525BARONIB_2025-01-20_G15,10109525BARONIB,2025-01-20,109648,1,4,0,488.0
10109525BARONIB_2025-01-20_G16,10109525BARONIB,2025-01-20,"111430, 110747",2,8,19,60.0
10109525BARONIB_2025-01-20_G17,10109525BARONIB,2025-01-20,"110313, 117855, 117861",3,6,46,47.0
10109525BARONIB_2025-01-20_G18,10109525BARONIB,2025-01-20,117809,1,2,0,194.0
10109525BARONIB_2025-01-20_G19,10109525BARONIB,2025-01-20,110375,1,4,0,62.0
10109525BARONIB_2025-01-20_G20,10109525BARONIB,2025-01-20,110371,1,4,0,33.0
10109525BARONIB_2025-01-20_G21,10109525BARONIB,2025-01-20,"117862, 105242",2,7,15,252.0
10109525BARONIB_2025-01-20_G22,10109525BARONIB,2025-01-20,107236,1,4,0,94.0
10109525BARONIB_2025-01-20_G23,10109525BARONIB,2025-01-20,110751,1,2,0,60.0
10109525BARONIB_2025-01-20_G24,10109525BARONIB,2025-01-20,117785,1,5,0,55.0
10109525BARONIB_2025-01-20_G25,10109525BARONIB,2025-01-20,108795,1,2,0,39.0
10109525BARONIB_2025-01-20_G26,10109525BARONIB,2025-01-20,111743,1,1,0,59.0
10109525BARONIB_2025-01-20_G27,10109525BARONIB,2025-01-20,117838,1,4,0,72.0
10109525BARONIB_2025-01-20_G28,10109525BARONIB,2025-01-20,117820,1,2,0,56.0
10109525BARONIB_2025-01-20_G29,10109525BARONIB,2025-01-20,"110375, 110371",2,6,16,86.0
10109525BARONIB_2025-01-20_G30,10109525BARONIB,2025-01-20,118222,1,2,0,738.0
10109525BARONIB_2025-01-20_G31,10109525BARONIB,2025-01-20,111430,1,4,0,120.0
10109525BARONIB_2025-01-20_G32,10109525BARONIB,2025-01-20,109937,1,2,0,183.0
10109525BARONIB_2025-01-20_G33,10109525BARONIB,2025-01-20,110747,1,1,0,82.0
10109525BARONIB_2025-01-20_G34,10109525BARONIB,2025-01-20,"110339, 117853",2,5,30,136.0
10109525BARONIB_2025-01-20_G35,10109525BARONIB,2025-01-20,117855,1,2,0,73.0
10109525BARONIB_2025-01-20_G36,10109525BARONIB,2025-01-20,118094,1,10,0,119.0
10109525BARONIB_2025-01-20_G37,10109525BARONIB,2025-01-20,"111442, 107236, 117831, 110787",4,22,53,54.0
10109525BARONIB_2025-01-20_G38,10109525BARONIB,2025-01-20,117861,1,2,0,70.0
10109525BARONIB_2025-01-20_G39,10109525BARONIB,2025-01-20,109647,1,2,0,56.0
10109525BARONIB_2025-01-20_G40,10109525BARONIB,2025-01-20,109648,1,1,0,151.0
10109525BARONIB_2025-01-20_G41,10109525BARONIB,2025-01-20,117830,1,2,0,71.0
10109525BARONIB_2025-01-20_G42,10109525BARONIB,2025-01-20,107830,1,4,0,93.0
10109525BARONIB_2025-01-20_G43,10109525BARONIB,2025-01-20,117808,1,6,0,74.0
10109525BARONIB_2025-01-20_G44,10109525BARONIB,2025-01-20,110371,1,7,0,85.0
10109525BARONIB_2025-01-20_G46,10109525BARONIB,2025-01-20,117862,1,12,0,272.0
10109525BARONIB_2025-01-20_G47,10109525BARONIB,2025-01-20,117821,1,1,0,352.0
10109525BARONIB_2025-01-20_G48,10109525BARONIB,2025-01-20,111466,1,8,0,154.0
10109525BARONIB_2025-01-20_G49,10109525BARONIB,2025-01-20,111438,1,4,0,417.0
10109525BARONIB_2025-01-20_G50,10109525BARONIB,2025-01-20,108770,1,12,0,145.0
10109525BARONIB_2025-01-20_G51,10109525BARONIB,2025-01-20,110313,1,4,0,82.0
10109525BARONIB_2025-01-20_G52,10109525BARONIB,2025-01-20,117855,1,5,0,50.0
10109525BARONIB_2025-01-20_G53,10109525BARONIB,2025-01-20,111442,1,2,0,45.0
10109525BARONIB_2025-01-20_G54,10109525BARONIB,2025-01-20,107236,1,18,0,489.0
10109525BARONIB_2025-01-20_G55,10109525BARONIB,2025-01-20,108772,1,2,0,53.0
10109525BARONIB_2025-01-20_G56,10109525BARONIB,2025-01-20,110755,1,4,0,228.0
10109525BARONIB_2025-01-20_G57,10109525BARONIB,2025-01-20,117809,1,50,0,324.0
10109525BARONIB_2025-01-20_G58,10109525BARONIB,2025-01-20,117808,1,150,0,591.0
10109525BARONIB_2025-01-20_G59,10109525BARONIB,2025-01-20,111655,1,4,0,1426.0
10109525BARONIB_2025-01-20_G60,10109525BARONIB,2025-01-20,117786,1,11,0,344.0
10109525BARONIB_2025-01-20_G61,10109525BARONIB,2025-01-20,117785,1,20,0,131.0
10109525BARONIB_2025-01-20_G62,10109525BARONIB,2025-01-20,107236,1,4,0,64.0
10109525BARONIB_2025-01-20_G63,10109525BARONIB,2025-01-20,109648,1,28,0,241.0
10109525BARONIB_2025-01-20_G64,10109525BARONIB,2025-01-20,117785,1,140,0,633.0
10109525BARONIB_2025-01-20_G65,10109525BARONIB,2025-01-20,"117786, 110711",2,51,20,2128.0
10109525BARONIB_2025-01-20_G66,10109525BARONIB,2025-01-20,117856,1,18,0,40.0
10109525BARONIB_2025-01-20_G67,10109525BARONIB,2025-01-20,118326,1,8,0,319.0
10109525BARONIB_2025-01-20_G68,10109525BARONIB,2025-01-20,117831,1,23,0,117.0
10109525BARONIB_2025-01-20_G70,10109525BARONIB,2025-01-20,123343,1,2,0,757.0
10109525BARONIB_2025-01-20_G71,10109525BARONIB,2025-01-20,121760,1,4,0,328.0
10109525BARONIB_2025-01-20_G72,10109525BARONIB,2025-01-20,122703,1,17,0,1665.0
10109525BARONIB_2025-01-21_G02,10109525BARONIB,2025-01-21,121760,1,36,0,857.0
10109525BARONIB_2025-01-21_G04,10109525BARONIB,2025-01-21,123343,1,10,0,125.0
10109525BARONIB_2025-01-21_G05,10109525BARONIB,2025-01-21,123344,1,13,0,1423.0
10109525BARONIB_2025-01-21_G06,10109525BARONIB,2025-01-21,122962,1,12,0,239.0
10109525BARONIB_2025-01-21_G07,10109525BARONIB,2025-01-21,124370,1,12,0,2179.0
10109525BARONIB_2025-01-21_G08,10109525BARONIB,2025-01-21,124371,1,6,0,198.0
10109525BARONIB_2025-01-21_G09,10109525BARONIB,2025-01-21,121651,1,10,0,281.0
10109525BARONIB_2025-01-21_G10,10109525BARONIB,2025-01-21,120389,1,12,0,447.0
10109525BARONIB_2025-01-21_G11,10109525BARONIB,2025-01-21,124247,1,4,0,184.0
10109525BARONIB_2025-01-21_G12,10109525BARONIB,2025-01-21,123907,1,8,0,139.0
10109525BARONIB_2025-01-21_G13,10109525BARONIB,2025-01-21,123907,1,12,0,313.0
10109525BARONIB_2025-01-21_G14,10109525BARONIB,2025-01-21,123343,1,10,0,536.0
10109525BARONIB_2025-01-21_G15,10109525BARONIB,2025-01-21,123345,1,12,0,396.0
10109525BARONIB_2025-01-21_G16,10109525BARONIB,2025-01-21,121760,1,20,0,997.0
10109525BARONIB_2025-01-21_G17,10109525BARONIB,2025-01-21,122986,1,4,0,639.0
10109525BARONIB_2025-01-21_G18,10109525BARONIB,2025-01-21,122647,1,72,0,1831.0
10109525BARONIB_2025-01-21_G19,10109525BARONIB,2025-01-21,120028,1,72,0,1629.0
10109525BARONIB_2025-01-21_G20,10109525BARONIB,2025-01-21,121760,1,1,0,151.0
10109525BARONIB_2025-01-21_G21,10109525BARONIB,2025-01-21,123343,1,2,0,142.0
10109525BARONIB_2025-01-21_G22,10109525BARONIB,2025-01-21,180024,1,2,0,295.0
10109525BARONIB_2025-01-21_G23,10109525BARONIB,2025-01-21,180183,1,1,0,455.0
10109525BARONIB_2025-01-22_G02,10109525BARONIB,2025-01-22,114671,1,1,0,383.0
10109525BARONIB_2025-01-22_G04,10109525BARONIB,2025-01-22,122673,1,8,0,568.0
10109525BARONIB_2025-01-22_G05,10109525BARONIB,2025-01-22,123911,1,20,0,778.0
10109525BARONIB_2025-01-22_G06,10109525BARONIB,2025-01-22,120028,1,40,0,870.0
10109525BARONIB_2025-01-22_G07,10109525BARONIB,2025-01-22,123822,1,20,0,732.0
10109525BARONIB_2025-01-22_G08,10109525BARONIB,2025-01-22,120339,1,8,0,272.0
10109525BARONIB_2025-01-22_G09,10109525BARONIB,2025-01-22,120389,1,16,0,387.0
10109525BARONIB_2025-01-22_G10,10109525BARONIB,2025-01-22,122196,1,32,0,1419.0
10109525BARONIB_2025-01-22_G11,10109525BARONIB,2025-01-22,122185,1,2,0,191.0
10109525BARONIB_2025-01-22_G12,10109525BARONIB,2025-01-22,123080,1,48,0,947.0
10109525BARONIB_2025-01-22_G13,10109525BARONIB,2025-01-22,123909,1,6,0,247.0
10109525BARONIB_2025-01-22_G14,10109525BARONIB,2025-01-22,122189,1,8,0,228.0
10109525BARONIB_2025-01-22_G16,10109525BARONIB,2025-01-22,123343,1,4,0,796.0
10109525BARONIB_2025-01-23_G02,10109525BARONIB,2025-01-23,122671,1,90,0,1969.0
10109525BARONIB_2025-01-23_G03,10109525BARONIB,2025-01-23,121760,1,8,0,475.0
10109525BARONIB_2025-01-23_G04,10109525BARONIB,2025-01-23,181056,1,4,0,640.0
10109525BARONIB_2025-01-23_G05,10109525BARONIB,2025-01-23,122988,1,4,0,187.0
10109525BARONIB_2025-01-23_G06,10109525BARONIB,2025-01-23,122647,2,23,14,454.0
10109525BARONIB_2025-01-23_G07,10109525BARONIB,2025-01-23,123344,1,50,0,2404.0
10109525BARONIB_2025-01-23_G09,10109525BARONIB,2025-01-23,121928,1,4,0,189.0
10109525BARONIB_2025-01-23_G10,10109525BARONIB,2025-01-23,123153,1,42,0,916.0
10109525BARONIB_2025-01-23_G11,10109525BARONIB,2025-01-23,120271,1,10,0,286.0
10109525BARONIB_2025-01-23_G12,10109525BARONIB,2025-01-23,123909,1,14,0,201.0
10109525BARONIB_2025-01-23_G13,10109525BARONIB,2025-01-23,122185,1,70,0,880.0
10109525BARONIB_2025-01-23_G14,10109525BARONIB,2025-01-23,122983,1,70,0,1178.0
10109525BARONIB_2025-01-23_G15,10109525BARONIB,2025-01-23,124247,1,22,0,409.0
10109525BARONIB_2025-01-23_G16,10109525BARONIB,2025-01-23,181887,1,3,0,971.0
10109525BARONIB_2025-01-23_G17,10109525BARONIB,2025-01-23,122983,1,4,0,38.0
10109525BARONIB_2025-01-23_G18,10109525BARONIB,2025-01-23,123344,2,154,22,1243.0
10109525BARONIB_2025-01-23_G19,10109525BARONIB,2025-01-23,122673,1,50,0,1235.0
10109525BARONIB_2025-01-23_G20,10109525BARONIB,2025-01-23,122673,1,30,0,120.0
10109525BARONIB_2025-01-23_G21,10109525BARONIB,2025-01-23,122671,1,12,0,120.0
10109525BARONIB_2025-01-23_G22,10109525BARONIB,2025-01-23,123909,1,11,0,122.0
10109525BARONIB_2025-01-23_G23,10109525BARONIB,2025-01-23,123909,1,11,0,104.0
10109525BARONIB_2025-01-23_G24,10109525BARONIB,2025-01-23,122647,1,40,0,246.0
10109525BARONIB_2025-01-23_G25,10109525BARONIB,2025-01-23,123907,1,39,0,409.0
10109525BARONIB_2025-01-23_G26,10109525BARONIB,2025-01-23,123345,1,34,0,475.0
10109525BARONIB_2025-01-23_G27,10109525BARONIB,2025-01-23,123345,1,20,0,242.0
10109525BARONIB_2025-01-23_G28,10109525BARONIB,2025-01-23,123343,1,20,0,106.0
10109525BARONIB_2025-01-23_G29,10109525BARONIB,2025-01-23,123343,1,20,0,146.0
10109525BARONIB_2025-01-23_G31,10109525BARONIB,2025-01-23,124370,1,4,0,724.0
10109525BARONIB_2025-01-23_G32,10109525BARONIB,2025-01-23,124370,1,4,0,261.0
10109525BARONIB_2025-01-23_G33,10109525BARONIB,2025-01-23,121760,1,3,0,162.0
10109525BARONIB_2025-01-23_G34,10109525BARONIB,2025-01-23,121760,1,12,0,86.0
10109525BARONIB_2025-01-23_G35,10109525BARONIB,2025-01-23,123344,1,17,0,728.0
10109525BARONIB_2025-01-23_G36,10109525BARONIB,2025-01-23,123911,1,5,0,188.0
10109525BARONIB_2025-01-24_G02,10109525BARONIB,2025-01-24,121651,1,10,0,318.0
10109525BARONIB_2025-01-24_G03,10109525BARONIB,2025-01-24,123822,1,3,0,74.0
10109525BARONIB_2025-01-24_G04,10109525BARONIB,2025-01-24,122962,1,9,0,796.0
10109525BARONIB_2025-01-24_G05,10109525BARONIB,2025-01-24,122185,1,6,0,263.0
10109525BARONIB_2025-01-24_G06,10109525BARONIB,2025-01-24,123907,1,22,0,915.0
10109525BARONIB_2025-01-24_G07,10109525BARONIB,2025-01-24,121760,1,10,0,999.0
10109525BARONIB_2025-01-24_G08,10109525BARONIB,2025-01-24,123343,1,4,0,426.0
10109525BARONIB_2025-01-24_G09,10109525BARONIB,2025-01-24,122671,1,24,0,536.0
10109525BARONIB_2025-01-24_G11,10109525BARONIB,2025-01-24,181815,1,2,0,194.0
10109525BARONIB_2025-01-24_G12,10109525BARONIB,2025-01-24,123822,1,30,0,1740.0
10109525BARONIB_2025-01-24_G13,10109525BARONIB,2025-01-24,123343,1,8,0,502.0
10109525BARONIB_2025-01-24_G14,10109525BARONIB,2025-01-24,123562,1,10,0,1893.0
10109525BARONIB_2025-01-24_G15,10109525BARONIB,2025-01-24,181237,1,1,0,1170.0
10109525BARONIB_2025-01-24_G16,10109525BARONIB,2025-01-24,181237,1,1,0,50.0
10109525BARONIB_2025-01-24_G17,10109525BARONIB,2025-01-24,181237,3,3,39,40.0
10109525BARONIB_2025-01-24_G18,10109525BARONIB,2025-01-24,121760,1,2,0,2077.0
10109525BARONIB_2025-01-24_G19,10109525BARONIB,2025-01-24,121760,1,4,0,82.0
10109525BARONIB_2025-01-24_G20,10109525BARONIB,2025-01-24,123911,1,8,0,176.0
10109525BARONIB_2025-01-24_G21,10109525BARONIB,2025-01-24,124248,1,10,0,314.0
10109525BARONIB_2025-01-26_G02,10109525BARONIB,2025-01-26,122962,1,8,0,238.0
10109525BARONIB_2025-01-26_G03,10109525BARONIB,2025-01-26,123909,1,20,0,425.0
10109525BARONIB_2025-01-26_G04,10109525BARONIB,2025-01-26,124486,1,10,0,287.0
10109525BARONIB_2025-01-26_G05,10109525BARONIB,2025-01-26,121760,1,4,0,594.0
10109525BARONIB_2025-01-26_G06,10109525BARONIB,2025-01-26,122962,1,4,0,112.0
10109525BARONIB_2025-01-27_G02,10109525BARONIB,2025-01-27,124486,1,22,0,1499.0
10109525BARONIB_2025-01-27_G03,10109525BARONIB,2025-01-27,121760,1,2,0,317.0
10109525BARONIB_2025-01-27_G04,10109525BARONIB,2025-01-27,124248,1,6,0,144.0
10109525BARONIB_2025-01-27_G05,10109525BARONIB,2025-01-27,124247,1,16,0,792.0
10109525BARONIB_2025-01-27_G06,10109525BARONIB,2025-01-27,124248,1,11,0,237.0
10109525BARONIB_2025-01-27_G07,10109525BARONIB,2025-01-27,124247,1,12,0,380.0
10109525BARONIB_2025-01-27_G08,10109525BARONIB,2025-01-27,121760,2,5,18,584.0
10109525BARONIB_2025-01-27_G09,10109525BARONIB,2025-01-27,121651,1,4,0,344.0
10109525BARONIB_2025-01-27_G12,10109525BARONIB,2025-01-27,122962,1,16,0,808.0
10109525BARONIB_2025-01-27_G13,10109525BARONIB,2025-01-27,120028,1,11,0,308.0
10109525BARONIB_2025-01-27_G14,10109525BARONIB,2025-01-27,122962,1,28,0,475.0
10109525BARONIB_2025-01-27_G15,10109525BARONIB,2025-01-27,122984,1,32,0,620.0
10109525BARONIB_2025-01-27_G16,10109525BARONIB,2025-01-27,122984,1,10,0,473.0
10109525BARONIB_2025-01-27_G17,10109525BARONIB,2025-01-27,122962,1,2,0,137.0
10109525BARONIB_2025-01-27_G18,10109525BARONIB,2025-01-27,123343,1,6,0,219.0
10109525BARONIB_2025-01-27_G19,10109525BARONIB,2025-01-27,122962,1,10,0,182.0
10109525BARONIB_2025-01-27_G20,10109525BARONIB,2025-01-27,122962,1,20,0,466.0
10109525BARONIB_2025-01-27_G21,10109525BARONIB,2025-01-27,122962,1,9,0,1332.0
10109525BARONIB_2025-01-27_G22,10109525BARONIB,2025-01-27,124371,1,10,0,507.0
10109525BARONIB_2025-01-27_G23,10109525BARONIB,2025-01-27,123343,2,5,7,139.0
10109525BARONIB_2025-01-27_G24,10109525BARONIB,2025-01-27,123343,1,1,0,46.0
10109525BARONIB_2025-01-27_G25,10109525BARONIB,2025-01-27,123343,1,10,0,452.0
10109525BARONIB_2025-01-27_G26,10109525BARONIB,2025-01-27,122962,1,9,0,373.0
10109525BARONIB_2025-01-27_G28,10109525BARONIB,2025-01-27,124486,1,50,0,703.0
10109525BARONIB_2025-01-27_G29,10109525BARONIB,2025-01-27,122962,1,48,0,884.0
10109525BARONIB_2025-01-27_G30,10109525BARONIB,2025-01-27,122962,1,12,0,159.0
10109525BARONIB_2025-01-27_G31,10109525BARONIB,2025-01-27,124247,1,20,0,380.0
10109525BARONIB_2025-01-27_G32,10109525BARONIB,2025-01-27,122986,1,3,0,106.0
10109525BARONIB_2025-01-27_G33,10109525BARONIB,2025-01-27,124248,1,17,0,450.0
10109525BARONIB_2025-01-28_G02,10109525BARONIB,2025-01-28,124247,1,26,0,717.0
10109525BARONIB_2025-01-28_G03,10109525BARONIB,2025-01-28,121651,1,4,0,758.0
10109525BARONIB_2025-01-28_G04,10109525BARONIB,2025-01-28,121651,2,8,13,62.0
10109525BARONIB_2025-01-28_G05,10109525BARONIB,2025-01-28,121651,1,4,0,49.0
10109525BARONIB_2025-01-28_G06,10109525BARONIB,2025-01-28,123344,1,7,0,836.0
10109525BARONIB_2025-01-28_G07,10109525BARONIB,2025-01-28,124370,1,10,0,176.0
10109525BARONIB_2025-01-28_G08,10109525BARONIB,2025-01-28,122962,1,20,0,240.0
10109525BARONIB_2025-01-28_G09,10109525BARONIB,2025-01-28,123909,1,11,0,274.0
10109525BARONIB_2025-01-28_G10,10109525BARONIB,2025-01-28,123080,1,4,0,102.0
10109525BARONIB_2025-01-28_G11,10109525BARONIB,2025-01-28,121760,1,14,0,328.0
10109525BARONIB_2025-01-28_G12,10109525BARONIB,2025-01-28,122185,1,20,0,433.0
10109525BARONIB_2025-01-28_G13,10109525BARONIB,2025-01-28,124248,1,4,0,59.0
10109525BARONIB_2025-01-28_G14,10109525BARONIB,2025-01-28,122982,1,1,0,81.0
10109525BARONIB_2025-01-28_G15,10109525BARONIB,2025-01-28,121651,1,2,0,87.0
10109525BARONIB_2025-01-28_G16,10109525BARONIB,2025-01-28,121651,1,2,0,127.0
10109525BARONIB_2025-01-28_G17,10109525BARONIB,2025-01-28,122983,1,6,0,275.0
10109525BARONIB_2025-01-28_G18,10109525BARONIB,2025-01-28,123907,1,33,0,1091.0
10109525BARONIB_2025-01-28_G20,10109525BARONIB,2025-01-28,123907,2,10,28,581.0
10109525BARONIB_2025-01-28_G21,10109525BARONIB,2025-01-28,123907,1,5,0,43.0
10109525BARONIB_2025-01-28_G22,10109525BARONIB,2025-01-28,120321,1,20,0,1164.0
10109525BARONIB_2025-01-28_G23,10109525BARONIB,2025-01-28,124370,1,12,0,431.0
10109525BARONIB_2025-01-28_G24,10109525BARONIB,2025-01-28,123909,1,10,0,191.0
10109525BARONIB_2025-01-28_G25,10109525BARONIB,2025-01-28,123153,1,32,0,629.0
10109525BARONIB_2025-01-28_G26,10109525BARONIB,2025-01-28,122705,1,1,0,119.0
10109525BARONIB_2025-01-28_G27,10109525BARONIB,2025-01-28,124247,1,6,0,156.0
10109525BARONIB_2025-01-28_G28,10109525BARONIB,2025-01-28,124264,1,42,0,866.0
10109525BARONIB_2025-01-28_G29,10109525BARONIB,2025-01-28,123907,1,1,0,108.0
10109525BARONIB_2025-01-28_G30,10109525BARONIB,2025-01-28,120389,1,19,0,332.0
10109525BARONIB_2025-01-28_G31,10109525BARONIB,2025-01-28,123343,1,5,0,323.0
10109525BARONIB_2025-01-28_G32,10109525BARONIB,2025-01-28,122185,1,4,0,513.0
10109525BARONIB_2025-01-28_G33,10109525BARONIB,2025-01-28,120028,1,4,0,256.0
10109525BARONIB_2025-01-28_G34,10109525BARONIB,2025-01-28,123907,1,4,0,161.0
10109525BARONIB_2025-01-28_G35,10109525BARONIB,2025-01-28,123343,1,1,0,345.0
10109525BARONIB_2025-01-28_G36,10109525BARONIB,2025-01-28,123344,1,5,0,380.0
10109525BARONIB_2025-01-28_G37,10109525BARONIB,2025-01-28,124370,1,4,0,140.0
10109525BARONIB_2025-01-28_G38,10109525BARONIB,2025-01-28,122962,1,12,0,405.0
10109525BARONIB_2025-01-28_G39,10109525BARONIB,2025-01-28,122962,1,10,0,45.0
10109525BARONIB_2025-01-28_G40,10109525BARONIB,2025-01-28,123909,1,10,0,253.0
10109525BARONIB_2025-01-28_G41,10109525BARONIB,2025-01-28,122984,1,9,0,283.0
10109525BARONIB_2025-01-28_G42,10109525BARONIB,2025-01-28,122984,1,6,0,234.0
10109525BARONIB_2025-01-28_G43,10109525BARONIB,2025-01-28,122703,1,2,0,85.0
10109525BARONIB_2025-01-28_G44,10109525BARONIB,2025-01-28,121760,1,12,0,116.0
10109525BARONIB_2025-01-28_G45,10109525BARONIB,2025-01-28,124248,1,4,0,259.0
10109525BARONIB_2025-01-28_G46,10109525BARONIB,2025-01-28,122983,1,3,0,152.0
10109525BARONIB_2025-01-28_G47,10109525BARONIB,2025-01-28,124247,1,6,0,109.0
10109525BARONIB_2025-01-28_G48,10109525BARONIB,2025-01-28,121651,1,10,0,273.0
10109525BARONIB_2025-01-28_G49,10109525BARONIB,2025-01-28,121760,1,15,0,259.0
10109525BARONIB_2025-01-28_G50,10109525BARONIB,2025-01-28,123345,1,10,0,138.0
10109525BARONIB_2025-01-28_G51,10109525BARONIB,2025-01-28,121651,1,10,0,140.0
10109525BARONIB_2025-01-28_G53,10109525BARONIB,2025-01-28,122196,1,29,0,602.0
10109525BARONIB_2025-01-28_G54,10109525BARONIB,2025-01-28,124248,1,12,0,114.0
10109525BARONIB_2025-01-28_G55,10109525BARONIB,2025-01-28,122982,1,62,0,717.0
10109525BARONIB_2025-01-28_G56,10109525BARONIB,2025-01-28,122189,1,2,0,82.0
10109525BARONIB_2025-01-28_G57,10109525BARONIB,2025-01-28,122189,1,38,0,540.0
10109525BARONIB_2025-01-29_G02,10109525BARONIB,2025-01-29,123911,1,62,0,353.0
10109525BARONIB_2025-01-29_G03,10109525BARONIB,2025-01-29,120339,1,30,0,477.0
10109525BARONIB_2025-01-29_G04,10109525BARONIB,2025-01-29,120339,1,4,0,2651.0
10109525BARONIB_2025-01-29_G05,10109525BARONIB,2025-01-29,122984,1,4,0,81.0
10109525BARONIB_2025-01-29_G06,10109525BARONIB,2025-01-29,122984,1,4,0,46.0
10109525BARONIB_2025-01-29_G07,10109525BARONIB,2025-01-29,120339,1,9,0,617.0
10109525BARONIB_2025-01-29_G08,10109525BARONIB,2025-01-29,122962,1,40,0,588.0
10109525BARONIB_2025-01-29_G09,10109525BARONIB,2025-01-29,122984,1,52,0,1300.0
10109525BARONIB_2025-01-29_G11,10109525BARONIB,2025-01-29,122185,1,29,0,662.0
10109525BARONIB_2025-01-29_G12,10109525BARONIB,2025-01-29,122982,1,40,0,965.0
10109525BARONIB_2025-01-29_G13,10109525BARONIB,2025-01-29,121651,1,27,0,897.0
10109525BARONIB_2025-01-29_G14,10109525BARONIB,2025-01-29,121760,1,30,0,1079.0
10109525BARONIB_2025-01-29_G15,10109525BARONIB,2025-01-29,123907,1,10,0,236.0
10109525BARONIB_2025-01-29_G16,10109525BARONIB,2025-01-29,121760,1,16,0,922.0
10109525BARONIB_2025-01-29_G17,10109525BARONIB,2025-01-29,122647,1,20,0,407.0
10109525BARONIB_2025-01-29_G18,10109525BARONIB,2025-01-29,123344,1,10,0,199.0
10109525BARONIB_2025-01-29_G19,10109525BARONIB,2025-01-29,123909,1,6,0,115.0
10109525BARONIB_2025-01-29_G20,10109525BARONIB,2025-01-29,121760,1,11,0,287.0
10109525BARONIB_2025-01-29_G21,10109525BARONIB,2025-01-29,121651,1,10,0,200.0
10109525BARONIB_2025-01-29_G22,10109525BARONIB,2025-01-29,123343,1,6,0,126.0
10109525BARONIB_2025-01-29_G23,10109525BARONIB,2025-01-29,123345,1,7,0,188.0
10109525BARONIB_2025-01-29_G24,10109525BARONIB,2025-01-29,123344,1,4,0,62.0
10109525BARONIB_2025-01-29_G25,10109525BARONIB,2025-01-29,124371,1,6,0,209.0
10109525BARONIB_2025-01-29_G26,10109525BARONIB,2025-01-29,123344,1,3,0,42.0
10109525BARONIB_2025-01-29_G27,10109525BARONIB,2025-01-29,124370,1,4,0,182.0
10109525BARONIB_2025-01-29_G28,10109525BARONIB,2025-01-29,124371,1,4,0,108.0
10109525BARONIB_2025-01-29_G29,10109525BARONIB,2025-01-29,121760,1,5,0,209.0
10109525BARONIB_2025-01-29_G30,10109525BARONIB,2025-01-29,121651,1,8,0,264.0
10109525BARONIB_2025-01-29_G31,10109525BARONIB,2025-01-29,123344,1,6,0,123.0
10109525BARONIB_2025-01-29_G32,10109525BARONIB,2025-01-29,124370,1,2,0,92.0
10109525BARONIB_2025-01-29_G33,10109525BARONIB,2025-01-29,123909,1,2,0,224.0
10109525BARONIB_2025-01-29_G34,10109525BARONIB,2025-01-29,121760,1,6,0,119.0
10109525BARONIB_2025-01-29_G35,10109525BARONIB,2025-01-29,121651,1,14,0,221.0
10109525BARONIB_2025-01-29_G36,10109525BARONIB,2025-01-29,123080,1,22,0,442.0
10109525BARONIB_2025-01-29_G37,10109525BARONIB,2025-01-29,123911,1,21,0,312.0
10109525BARONIB_2025-01-29_G39,10109525BARONIB,2025-01-29,122962,1,10,0,112.0
10109525BARONIB_2025-01-29_G40,10109525BARONIB,2025-01-29,"121760, 122984",2,30,11,617.0
10109525BARONIB_2025-01-29_G41,10109525BARONIB,2025-01-29,122185,1,20,0,354.0
10109525BARONIB_2025-01-29_G42,10109525BARONIB,2025-01-29,123345,1,20,0,552.0
10109525BARONIB_2025-01-29_G43,10109525BARONIB,2025-01-29,124486,1,30,0,389.0
10109525BARONIB_2025-01-29_G44,10109525BARONIB,2025-01-29,123345,1,8,0,200.0
10109525BARONIB_2025-01-30_G02,10109525BARONIB,2025-01-30,124248,1,109,0,626.0
10109525BARONIB_2025-01-30_G03,10109525BARONIB,2025-01-30,123909,1,3,0,635.0
10109525BARONIB_2025-01-30_G04,10109525BARONIB,2025-01-30,122703,1,6,0,279.0
10109525BARONIB_2025-01-30_G05,10109525BARONIB,2025-01-30,122703,1,2,0,83.0
10109525BARONIB_2025-01-30_G06,10109525BARONIB,2025-01-30,123521,1,3,0,81.0
10109525BARONIB_2025-01-30_G07,10109525BARONIB,2025-01-30,121651,1,4,0,341.0
10109525BARONIB_2025-01-30_G08,10109525BARONIB,2025-01-30,122647,1,60,0,579.0
10109525BARONIB_2025-01-30_G09,10109525BARONIB,2025-01-30,122673,1,30,0,384.0
10109525BARONIB_2025-01-30_G10,10109525BARONIB,2025-01-30,124247,1,2,0,182.0
10109525BARONIB_2025-01-30_G12,10109525BARONIB,2025-01-30,124371,1,24,0,269.0
10109525BARONIB_2025-01-30_G13,10109525BARONIB,2025-01-30,123345,1,6,0,250.0
10109525BARONIB_2025-01-30_G14,10109525BARONIB,2025-01-30,122673,1,5,0,95.0
10109525BARONIB_2025-01-30_G15,10109525BARONIB,2025-01-30,123345,1,5,0,152.0
10109525BARONIB_2025-01-30_G16,10109525BARONIB,2025-01-30,"123344, 122962",2,12,15,122.0
10109525BARONIB_2025-01-30_G17,10109525BARONIB,2025-01-30,123909,1,2,0,111.0
10109525BARONIB_2025-01-30_G18,10109525BARONIB,2025-01-30,123153,1,10,0,66.0
10109525BARONIB_2025-01-30_G19,10109525BARONIB,2025-01-30,122671,1,2,0,84.0
10109525BARONIB_2025-01-30_G20,10109525BARONIB,2025-01-30,123562,1,1,0,87.0
10109525BARONIB_2025-01-30_G21,10109525BARONIB,2025-01-30,124247,1,1,0,32.0
10109525BARONIB_2025-01-30_G22,10109525BARONIB,2025-01-30,121760,1,12,0,195.0
10109525BARONIB_2025-01-30_G23,10109525BARONIB,2025-01-30,122985,1,2,0,36.0
10109525BARONIB_2025-01-30_G24,10109525BARONIB,2025-01-30,123345,1,6,0,379.0
10109525BARONIB_2025-01-30_G25,10109525BARONIB,2025-01-30,123909,1,20,0,416.0
10109525BARONIB_2025-01-30_G26,10109525BARONIB,2025-01-30,122962,1,100,0,1259.0
10109525BARONIB_2025-01-30_G27,10109525BARONIB,2025-01-30,122647,1,100,0,2767.0
10109525BARONIB_2025-01-30_G28,10109525BARONIB,2025-01-30,123822,1,100,0,2642.0
10109525BARONIB_2025-01-30_G30,10109525BARONIB,2025-01-30,110841,1,10,0,63.0
10109525BARONIB_2025-01-30_G31,10109525BARONIB,2025-01-30,110339,1,20,0,242.0
10109525BARONIB_2025-01-30_G32,10109525BARONIB,2025-01-30,109937,1,10,0,723.0
10109525BARONIB_2025-01-30_G33,10109525BARONIB,2025-01-30,116611,1,7,0,113.0
10109525BARONIB_2025-01-30_G34,10109525BARONIB,2025-01-30,118094,1,40,0,251.0
10109525BARONIB_2025-01-30_G35,10109525BARONIB,2025-01-30,118298,1,20,0,288.0
10109525BARONIB_2025-01-30_G36,10109525BARONIB,2025-01-30,111418,1,200,0,52.0
10109525BARONIB_2025-01-30_G37,10109525BARONIB,2025-01-30,117785,1,78,0,299.0
10109525BARONIB_2025-01-30_G38,10109525BARONIB,2025-01-30,111348,1,20,0,243.0
10109525BARONIB_2025-01-30_G39,10109525BARONIB,2025-01-30,110129,1,20,0,73.0
10109525BARONIB_2025-01-30_G40,10109525BARONIB,2025-01-30,140922,1,20,0,91.0
10109525BARONIB_2025-01-30_G41,10109525BARONIB,2025-01-30,111469,1,30,0,293.0
10109525BARONIB_2025-01-30_G42,10109525BARONIB,2025-01-30,111435,1,12,0,178.0
10109525BARONIB_2025-01-30_G43,10109525BARONIB,2025-01-30,117838,1,15,0,128.0
10109525BARONIB_2025-01-30_G44,10109525BARONIB,2025-01-30,110751,1,20,0,279.0
10109525BARONIB_2025-01-31_G02,10109525BARONIB,2025-01-31,141047,1,40,0,355.0
10109525BARONIB_2025-01-31_G03,10109525BARONIB,2025-01-31,117830,1,50,0,281.0
10109525BARONIB_2025-01-31_G04,10109525BARONIB,2025-01-31,117833,1,40,0,190.0
10109525BARONIB_2025-01-31_G05,10109525BARONIB,2025-01-31,110743,1,20,0,245.0
10109525BARONIB_2025-01-31_G06,10109525BARONIB,2025-01-31,108711,1,60,0,181.0
10109525BARONIB_2025-01-31_G07,10109525BARONIB,2025-01-31,110515,1,40,0,573.0
10109525BARONIB_2025-01-31_G09,10109525BARONIB,2025-01-31,105705,1,6,0,257.0
10109525BARONIB_2025-01-31_G10,10109525BARONIB,2025-01-31,111602,1,16,0,319.0
10109525BARONIB_2025-01-31_G11,10109525BARONIB,2025-01-31,110752,1,6,0,153.0
10109525BARONIB_2025-01-31_G13,10109525BARONIB,2025-01-31,111743,1,26,0,326.0
10109525BARONIB_2025-01-31_G14,10109525BARONIB,2025-01-31,140922,1,10,0,91.0
10109525BARONIB_2025-01-31_G15,10109525BARONIB,2025-01-31,140922,1,9,0,49.0
10109525BARONIB_2025-01-31_G16,10109525BARONIB,2025-01-31,111462,2,5,18,37.0
10109525BARONIB_2025-01-31_G17,10109525BARONIB,2025-01-31,117862,1,38,0,500.0
10109525BARONIB_2025-01-31_G18,10109525BARONIB,2025-01-31,117836,1,39,0,496.0
10109525BARONIB_2025-01-31_G19,10109525BARONIB,2025-01-31,118306,1,38,0,371.0
10109525BARONIB_2025-01-31_G20,10109525BARONIB,2025-01-31,117861,1,28,0,331.0
10109525BARONIB_2025-01-31_G21,10109525BARONIB,2025-01-31,111182,2,6,17,603.0
10109525BARONIB_2025-01-31_G22,10109525BARONIB,2025-01-31,111330,1,50,0,238.0
10109525BARONIB_2025-01-31_G24,10109525BARONIB,2025-01-31,109647,1,10,0,190.0
10109525BARONIB_2025-01-31_G25,10109525BARONIB,2025-01-31,111182,1,30,0,220.0
10109525BARONIB_2025-01-31_G26,10109525BARONIB,2025-01-31,109641,1,40,0,360.0
10109525BARONIB_2025-01-31_G27,10109525BARONIB,2025-01-31,109645,1,10,0,205.0
10109525BARONIB_2025-01-31_G28,10109525BARONIB,2025-01-31,105705,1,10,0,81.0
10109525BARONIB_2025-02-03_G02,10109525BARONIB,2025-02-03,123822,1,63,0,1525.0
10109525BARONIB_2025-02-03_G03,10109525BARONIB,2025-02-03,123822,1,50,0,1423.0
10109525BARONIB_2025-02-04_G03,10109525BARONIB,2025-02-04,122673,1,6,0,1726.0
10109525BARONIB_2025-02-04_G04,10109525BARONIB,2025-02-04,120339,1,8,0,144.0
10109525BARONIB_2025-02-04_G05,10109525BARONIB,2025-02-04,120339,1,8,0,124.0
10109525BARONIB_2025-02-04_G06,10109525BARONIB,2025-02-04,123153,1,6,0,258.0
10109525BARONIB_2025-02-04_G07,10109525BARONIB,2025-02-04,122647,1,10,0,131.0
10109525BARONIB_2025-02-04_G08,10109525BARONIB,2025-02-04,122647,1,4,0,129.0
10109525BARONIB_2025-02-05_G02,10109525BARONIB,2025-02-05,124247,1,6,0,95.0
10109525BARONIB_2025-02-05_G03,10109525BARONIB,2025-02-05,123345,1,4,0,143.0
10109525BARONIB_2025-02-05_G04,10109525BARONIB,2025-02-05,122647,1,6,0,80.0
10109525BARONIB_2025-02-05_G05,10109525BARONIB,2025-02-05,122673,1,4,0,123.0
10109525BARONIB_2025-02-05_G08,10109525BARONIB,2025-02-05,122673,1,18,0,538.0
10109525BARONIB_2025-02-05_G09,10109525BARONIB,2025-02-05,124264,1,13,0,360.0
10109525BARONIB_2025-02-05_G10,10109525BARONIB,2025-02-05,120389,1,100,0,1325.0
10109525BARONIB_2025-02-05_G11,10109525BARONIB,2025-02-05,122962,1,40,0,945.0
10109525BARONIB_2025-02-05_G12,10109525BARONIB,2025-02-05,123153,1,16,0,297.0
10109525BARONIB_2025-02-05_G13,10109525BARONIB,2025-02-05,124264,1,2,0,207.0
10109525BARONIB_2025-02-05_G14,10109525BARONIB,2025-02-05,120008,1,26,0,736.0
10109525BARONIB_2025-02-05_G15,10109525BARONIB,2025-02-05,123520,1,4,0,131.0
10109525BARONIB_2025-02-05_G16,10109525BARONIB,2025-02-05,122647,1,2,0,258.0
10109525BARONIB_2025-02-05_G17,10109525BARONIB,2025-02-05,123345,1,4,0,246.0
10109525BARONIB_2025-02-05_G18,10109525BARONIB,2025-02-05,124264,1,6,0,350.0
10109525BARONIB_2025-02-05_G20,10109525BARONIB,2025-02-05,111172,1,4,0,86.0
10109525BARONIB_2025-02-05_G21,10109525BARONIB,2025-02-05,"111743, 117838",2,6,24,88.0
10109525BARONIB_2025-02-05_G22,10109525BARONIB,2025-02-05,108711,1,4,0,128.0
10109525BARONIB_2025-02-05_G23,10109525BARONIB,2025-02-05,110325,1,4,0,203.0
10109525BARONIB_2025-02-05_G24,10109525BARONIB,2025-02-05,109747,1,6,0,49.0
10109525BARONIB_2025-02-05_G25,10109525BARONIB,2025-02-05,110375,1,4,0,76.0
10109525BARONIB_2025-02-05_G26,10109525BARONIB,2025-02-05,117830,1,6,0,98.0
10109525BARONIB_2025-02-05_G27,10109525BARONIB,2025-02-05,111466,1,4,0,94.0
10109525BARONIB_2025-02-05_G28,10109525BARONIB,2025-02-05,111466,1,8,0,62.0
10109525BARONIB_2025-02-05_G29,10109525BARONIB,2025-02-05,107830,1,4,0,96.0
10109525BARONIB_2025-02-05_G30,10109525BARONIB,2025-02-05,109647,1,3,0,192.0
10109525BARONIB_2025-02-05_G31,10109525BARONIB,2025-02-05,111466,1,4,0,46.0
10109525BARONIB_2025-02-05_G32,10109525BARONIB,2025-02-05,110740,1,4,0,33.0
10109525BARONIB_2025-02-05_G33,10109525BARONIB,2025-02-05,"111468, 109641",2,6,9,92.0
10109525BARONIB_2025-02-05_G34,10109525BARONIB,2025-02-05,111469,1,1,0,98.0
10109525BARONIB_2025-02-05_G35,10109525BARONIB,2025-02-05,117809,1,2,0,120.0
10109525BARONIB_2025-02-05_G36,10109525BARONIB,2025-02-05,"117832, 110375",2,5,29,67.0
10109525BARONIB_2025-02-05_G37,10109525BARONIB,2025-02-05,109643,1,4,0,74.0
10109525BARONIB_2025-02-05_G38,10109525BARONIB,2025-02-05,117820,1,5,0,111.0
10109525BARONIB_2025-02-05_G39,10109525BARONIB,2025-02-05,111466,1,2,0,130.0
10109525BARONIB_2025-02-05_G40,10109525BARONIB,2025-02-05,111532,1,2,0,86.0
10109525BARONIB_2025-02-05_G41,10109525BARONIB,2025-02-05,140922,1,4,0,107.0
10109525BARONIB_2025-02-05_G42,10109525BARONIB,2025-02-05,111469,1,2,0,57.0
10109525BARONIB_2025-02-05_G43,10109525BARONIB,2025-02-05,107830,1,2,0,102.0
10109525BARONIB_2025-02-05_G44,10109525BARONIB,2025-02-05,110372,1,4,0,78.0
10109525BARONIB_2025-02-05_G45,10109525BARONIB,2025-02-05,109747,1,2,0,73.0
10109525BARONIB_2025-02-06_G02,10109525BARONIB,2025-02-06,117808,1,4,0,31.0
10109525BARONIB_2025-02-06_G03,10109525BARONIB,2025-02-06,117830,1,2,0,74.0
10109525BARONIB_2025-02-06_G04,10109525BARONIB,2025-02-06,117820,1,2,0,58.0
10109525BARONIB_2025-02-06_G05,10109525BARONIB,2025-02-06,118299,1,4,0,86.0
10109525BARONIB_2025-02-06_G06,10109525BARONIB,2025-02-06,111467,1,4,0,361.0
10109525BARONIB_2025-02-06_G07,10109525BARONIB,2025-02-06,110740,1,5,0,136.0
10109525BARONIB_2025-02-06_G08,10109525BARONIB,2025-02-06,117787,1,2,0,67.0
10109525BARONIB_2025-02-06_G09,10109525BARONIB,2025-02-06,110325,1,4,0,116.0
10109525BARONIB_2025-02-06_G10,10109525BARONIB,2025-02-06,118299,1,14,0,477.0
10109525BARONIB_2025-02-06_G11,10109525BARONIB,2025-02-06,111530,1,6,0,400.0
10109525BARONIB_2025-02-06_G12,10109525BARONIB,2025-02-06,117787,1,8,0,97.0
10109525BARONIB_2025-02-06_G13,10109525BARONIB,2025-02-06,111172,1,3,0,135.0
10109525BARONIB_2025-02-06_G14,10109525BARONIB,2025-02-06,111530,1,4,0,319.0
10109525BARONIB_2025-02-06_G15,10109525BARONIB,2025-02-06,111466,1,5,0,68.0
10109525BARONIB_2025-02-06_G16,10109525BARONIB,2025-02-06,"111532, 110740",2,8,26,47.0
10109525BARONIB_2025-02-06_G17,10109525BARONIB,2025-02-06,111418,1,8,0,98.0
10109525BARONIB_2025-02-06_G18,10109525BARONIB,2025-02-06,117787,1,4,0,51.0
10109525BARONIB_2025-02-06_G19,10109525BARONIB,2025-02-06,110373,1,20,0,1767.0
10109525BARONIB_2025-02-06_G20,10109525BARONIB,2025-02-06,109640,1,6,0,121.0
10109525BARONIB_2025-02-06_G21,10109525BARONIB,2025-02-06,109640,1,13,0,697.0
10109525BARONIB_2025-02-06_G22,10109525BARONIB,2025-02-06,111466,1,22,0,184.0
10109525BARONIB_2025-02-06_G23,10109525BARONIB,2025-02-06,118140,1,17,0,86.0
10109525BARONIB_2025-02-06_G24,10109525BARONIB,2025-02-06,111418,1,8,0,119.0
10109525BARONIB_2025-02-06_G25,10109525BARONIB,2025-02-06,117787,2,5,11,42.0
10109525BARONIB_2025-02-06_G26,10109525BARONIB,2025-02-06,105705,1,8,0,148.0
10109525BARONIB_2025-02-06_G27,10109525BARONIB,2025-02-06,111469,1,12,0,211.0
10109525BARONIB_2025-02-06_G28,10109525BARONIB,2025-02-06,110371,1,12,0,311.0
10109525BARONIB_2025-02-06_G29,10109525BARONIB,2025-02-06,111530,1,6,0,61.0
10109525BARONIB_2025-02-06_G31,10109525BARONIB,2025-02-06,110373,1,38,0,619.0
10109525BARONIB_2025-02-06_G32,10109525BARONIB,2025-02-06,117809,1,6,0,167.0
10109525BARONIB_2025-02-06_G33,10109525BARONIB,2025-02-06,117840,1,2,0,169.0
10109525BARONIB_2025-02-06_G34,10109525BARONIB,2025-02-06,118299,1,20,0,302.0
10109525BARONIB_2025-02-06_G35,10109525BARONIB,2025-02-06,117808,1,93,0,339.0
10109525BARONIB_2025-02-06_G36,10109525BARONIB,2025-02-06,117820,1,12,0,115.0
10109525BARONIB_2025-02-06_G37,10109525BARONIB,2025-02-06,118281,1,2,0,1764.0
10109525BARONIB_2025-02-06_G38,10109525BARONIB,2025-02-06,114091,1,2,0,102.0
10109525BARONIB_2025-02-06_G39,10109525BARONIB,2025-02-06,111466,1,16,0,202.0
10109525BARONIB_2025-02-06_G40,10109525BARONIB,2025-02-06,110325,1,12,0,700.0
10109525BARONIB_2025-02-06_G41,10109525BARONIB,2025-02-06,110374,1,8,0,69.0
10109525BARONIB_2025-02-06_G42,10109525BARONIB,2025-02-06,107629,2,2,6,231.0
10109525BARONIB_2025-02-06_G43,10109525BARONIB,2025-02-06,160053,1,2,0,36.0
10109525BARONIB_2025-02-06_G44,10109525BARONIB,2025-02-06,117834,1,4,0,289.0
10109525BARONIB_2025-02-06_G45,10109525BARONIB,2025-02-06,110895,1,4,0,166.0
10109525BARONIB_2025-02-06_G46,10109525BARONIB,2025-02-06,116527,1,4,0,131.0
10109525BARONIB_2025-02-06_G47,10109525BARONIB,2025-02-06,"111467, 110515",2,4,30,117.0
10109525BARONIB_2025-02-06_G48,10109525BARONIB,2025-02-06,107629,1,2,0,64.0
10109525BARONIB_2025-02-06_G49,10109525BARONIB,2025-02-06,111466,1,1,0,56.0
10109525BARONIB_2025-02-06_G50,10109525BARONIB,2025-02-06,"111172, 110740",2,4,22,60.0
10109525BARONIB_2025-02-06_G51,10109525BARONIB,2025-02-06,"117822, 110372",2,6,16,48.0
10109525BARONIB_2025-02-06_G52,10109525BARONIB,2025-02-06,110325,1,4,0,32.0
10109525BARONIB_2025-02-06_G53,10109525BARONIB,2025-02-06,117832,1,4,0,138.0
10109525BARONIB_2025-02-06_G54,10109525BARONIB,2025-02-06,117808,1,6,0,100.0
10109525BARONIB_2025-02-06_G55,10109525BARONIB,2025-02-06,110325,1,4,0,78.0
10109525BARONIB_2025-02-06_G56,10109525BARONIB,2025-02-06,111598,1,4,0,270.0
10109525BARONIB_2025-02-06_G57,10109525BARONIB,2025-02-06,117822,1,9,0,46.0
10109525BARONIB_2025-02-06_G58,10109525BARONIB,2025-02-06,110895,1,2,0,130.0
10109525BARONIB_2025-02-06_G59,10109525BARONIB,2025-02-06,111569,1,2,0,444.0
10109525BARONIB_2025-02-06_G60,10109525BARONIB,2025-02-06,107629,2,4,6,139.0
10109525BARONIB_2025-02-06_G61,10109525BARONIB,2025-02-06,110374,1,30,0,250.0
10109525BARONIB_2025-02-06_G63,10109525BARONIB,2025-02-06,118299,1,30,0,192.0
10109525BARONIB_2025-02-06_G64,10109525BARONIB,2025-02-06,117830,1,10,0,121.0
10109525BARONIB_2025-02-06_G65,10109525BARONIB,2025-02-06,117820,1,20,0,154.0
10109525BARONIB_2025-02-06_G66,10109525BARONIB,2025-02-06,117808,1,100,0,390.0
10109525BARONIB_2025-02-06_G67,10109525BARONIB,2025-02-06,110325,1,20,0,147.0
10109525BARONIB_2025-02-06_G68,10109525BARONIB,2025-02-06,110373,1,20,0,107.0
10109525BARONIB_2025-02-06_G69,10109525BARONIB,2025-02-06,116241,1,2,0,307.0
10109525BARONIB_2025-02-06_G70,10109525BARONIB,2025-02-06,111466,1,4,0,67.0
10109525BARONIB_2025-02-06_G71,10109525BARONIB,2025-02-06,110740,1,4,0,92.0
10109525BARONIB_2025-02-06_G72,10109525BARONIB,2025-02-06,109645,1,2,0,47.0
10109525BARONIB_2025-02-07_G02,10109525BARONIB,2025-02-07,117861,1,4,0,67.0
10109525BARONIB_2025-02-07_G03,10109525BARONIB,2025-02-07,111530,1,2,0,56.0
10109525BARONIB_2025-02-07_G04,10109525BARONIB,2025-02-07,108711,1,1,0,63.0
10109525BARONIB_2025-02-07_G05,10109525BARONIB,2025-02-07,110711,1,4,0,47.0
10109525BARONIB_2025-02-07_G06,10109525BARONIB,2025-02-07,141047,1,6,0,55.0
10109525BARONIB_2025-02-07_G07,10109525BARONIB,2025-02-07,"111466, 111172",3,8,47,413.0
10109525BARONIB_2025-02-07_G08,10109525BARONIB,2025-02-07,"111532, 110740",3,6,15,85.0
10109525BARONIB_2025-02-07_G09,10109525BARONIB,2025-02-07,111467,1,1,0,289.0
10109525BARONIB_2025-02-07_G10,10109525BARONIB,2025-02-07,110711,1,1,0,81.0
10109525BARONIB_2025-02-07_G11,10109525BARONIB,2025-02-07,110339,1,2,0,57.0
10109525BARONIB_2025-02-07_G12,10109525BARONIB,2025-02-07,118140,1,8,0,148.0
10109525BARONIB_2025-02-07_G13,10109525BARONIB,2025-02-07,117809,1,15,0,88.0
10109525BARONIB_2025-02-07_G14,10109525BARONIB,2025-02-07,118299,1,32,0,200.0
10109525BARONIB_2025-02-07_G15,10109525BARONIB,2025-02-07,110372,1,52,0,237.0
10109525BARONIB_2025-02-07_G16,10109525BARONIB,2025-02-07,110373,1,32,0,137.0
10109525BARONIB_2025-02-07_G17,10109525BARONIB,2025-02-07,111532,1,30,0,580.0
10109525BARONIB_2025-02-07_G18,10109525BARONIB,2025-02-07,110841,1,3,0,721.0
10109525BARONIB_2025-02-07_G19,10109525BARONIB,2025-02-07,110895,1,4,0,59.0
10109525BARONIB_2025-02-07_G20,10109525BARONIB,2025-02-07,111467,1,4,0,89.0
10109525BARONIB_2025-02-07_G21,10109525BARONIB,2025-02-07,110711,1,3,0,65.0
10109525BARONIB_2025-02-07_G22,10109525BARONIB,2025-02-07,"107629, 117862",2,9,19,99.0
10109525BARONIB_2025-02-07_G23,10109525BARONIB,2025-02-07,"110743, 111172, 111532",3,9,44,78.0
10109525BARONIB_2025-02-07_G24,10109525BARONIB,2025-02-07,111743,1,8,0,48.0
10109525BARONIB_2025-02-07_G25,10109525BARONIB,2025-02-07,108798,1,4,0,146.0
10109525BARONIB_2025-02-07_G26,10109525BARONIB,2025-02-07,117787,1,4,0,62.0
10109525BARONIB_2025-02-07_G27,10109525BARONIB,2025-02-07,110371,1,10,0,146.0
10109525BARONIB_2025-02-07_G28,10109525BARONIB,2025-02-07,110325,1,5,0,118.0
10109525BARONIB_2025-02-07_G29,10109525BARONIB,2025-02-07,110375,1,3,0,87.0
10109525BARONIB_2025-02-07_G30,10109525BARONIB,2025-02-07,117808,1,20,0,77.0
10109525BARONIB_2025-02-07_G31,10109525BARONIB,2025-02-07,109643,1,1,0,213.0
10109525BARONIB_2025-02-07_G32,10109525BARONIB,2025-02-07,118299,1,30,0,270.0
10109525BARONIB_2025-02-07_G33,10109525BARONIB,2025-02-07,117821,1,2,0,81.0
10109525BARONIB_2025-02-07_G34,10109525BARONIB,2025-02-07,110895,3,9,26,148.0
10109525BARONIB_2025-02-07_G35,10109525BARONIB,2025-02-07,"118094, 111602",2,9,15,239.0
10109525BARONIB_2025-02-07_G36,10109525BARONIB,2025-02-07,111467,1,12,0,64.0
10109525BARONIB_2025-02-07_G37,10109525BARONIB,2025-02-07,117831,1,11,0,182.0
10109525BARONIB_2025-02-07_G39,10109525BARONIB,2025-02-07,111466,1,24,0,53.0
10109525BARONIB_2025-02-07_G40,10109525BARONIB,2025-02-07,"111466, 111172, 111532, 118004",5,35,58,58.0
10109525BARONIB_2025-02-07_G41,10109525BARONIB,2025-02-07,107236,1,4,0,205.0
10109525BARONIB_2025-02-07_G42,10109525BARONIB,2025-02-07,111468,1,4,0,33.0
10109525BARONIB_2025-02-07_G43,10109525BARONIB,2025-02-07,118140,1,4,0,36.0
10109525BARONIB_2025-02-07_G44,10109525BARONIB,2025-02-07,111743,2,4,7,76.0
10109525BARONIB_2025-02-07_G45,10109525BARONIB,2025-02-07,111418,1,10,0,45.0
10109525BARONIB_2025-02-07_G46,10109525BARONIB,2025-02-07,"109645, 117785",2,13,15,492.0
10109525BARONIB_2025-02-07_G47,10109525BARONIB,2025-02-07,110745,1,2,0,63.0
10109525BARONIB_2025-02-07_G48,10109525BARONIB,2025-02-07,117787,2,15,6,106.0
10109525BARONIB_2025-02-07_G49,10109525BARONIB,2025-02-07,117833,1,8,0,74.0
10109525BARONIB_2025-02-07_G50,10109525BARONIB,2025-02-07,117821,1,10,0,142.0
10109525BARONIB_2025-02-07_G51,10109525BARONIB,2025-02-07,111462,2,29,10,68.0
10109525BARONIB_2025-02-07_G52,10109525BARONIB,2025-02-07,111431,2,4,27,163.0
10109525BARONIB_2025-02-07_G53,10109525BARONIB,2025-02-07,107830,1,6,0,247.0
10109525BARONIB_2025-02-07_G54,10109525BARONIB,2025-02-07,110371,1,8,0,125.0
10109525BARONIB_2025-02-07_G55,10109525BARONIB,2025-02-07,117822,2,12,9,48.0
10109525BARONIB_2025-02-07_G56,10109525BARONIB,2025-02-07,"110373, 110325",3,17,32,144.0
10109525BARONIB_2025-02-07_G57,10109525BARONIB,2025-02-07,110374,3,42,28,146.0
10109525BARONIB_2025-02-07_G58,10109525BARONIB,2025-02-07,110375,1,2,0,131.0
10109525BARONIB_2025-02-07_G59,10109525BARONIB,2025-02-07,"117808, 117820",2,13,22,114.0
10109525BARONIB_2025-02-07_G60,10109525BARONIB,2025-02-07,111467,1,12,0,509.0
10109525BARONIB_2025-02-07_G61,10109525BARONIB,2025-02-07,109647,1,1,0,92.0
10109525BARONIB_2025-02-07_G62,10109525BARONIB,2025-02-07,111530,1,10,0,137.0
10109525BARONIB_2025-02-07_G63,10109525BARONIB,2025-02-07,111530,1,6,0,64.0
10109525BARONIB_2025-02-07_G64,10109525BARONIB,2025-02-07,117786,1,1,0,35.0
10109525BARONIB_2025-02-07_G65,10109525BARONIB,2025-02-07,110372,1,45,0,1459.0
10109525BARONIB_2025-02-07_G66,10109525BARONIB,2025-02-07,111467,1,8,0,73.0
10109525BARONIB_2025-02-07_G67,10109525BARONIB,2025-02-07,110515,1,6,0,148.0
10109525BARONIB_2025-02-07_G69,10109525BARONIB,2025-02-07,122986,1,58,0,657.0
10109525BARONIB_2025-02-08_G02,10109525BARONIB,2025-02-08,122981,1,16,0,260.0
10109525BARONIB_2025-02-08_G03,10109525BARONIB,2025-02-08,120028,1,126,0,1778.0
10109525BARONIB_2025-02-08_G04,10109525BARONIB,2025-02-08,123345,1,6,0,200.0
10109525BARONIB_2025-02-08_G05,10109525BARONIB,2025-02-08,122983,8,32,148,714.0
10109525BARONIB_2025-02-08_G06,10109525BARONIB,2025-02-08,122671,1,60,0,1290.0
10109525BARONIB_2025-02-08_G07,10109525BARONIB,2025-02-08,123345,1,16,0,162.0
10109525BARONIB_2025-02-08_G08,10109525BARONIB,2025-02-08,123345,1,46,0,937.0
10109525BARONIB_2025-02-08_G10,10109525BARONIB,2025-02-08,123908,1,50,0,824.0
10109525BARONIB_2025-02-08_G11,10109525BARONIB,2025-02-08,120008,1,30,0,443.0
10109525BARONIB_2025-02-08_G12,10109525BARONIB,2025-02-08,121651,1,150,0,2881.0
10109525BARONIB_2025-02-08_G13,10109525BARONIB,2025-02-08,121760,1,150,0,1863.0
10109525BARONIB_2025-02-09_G02,10109525BARONIB,2025-02-09,121651,1,16,0,392.0
10109525BARONIB_2025-02-09_G03,10109525BARONIB,2025-02-09,121651,1,20,0,667.0
10109525BARONIB_2025-02-09_G04,10109525BARONIB,2025-02-09,121760,1,20,0,418.0
10109525BARONIB_2025-02-09_G05,10109525BARONIB,2025-02-09,124264,1,18,0,483.0
10109525BARONIB_2025-02-10_G02,10109525BARONIB,2025-02-10,124486,1,16,0,702.0
10109525BARONIB_2025-02-10_G03,10109525BARONIB,2025-02-10,122962,1,30,0,763.0
10109525BARONIB_2025-02-10_G04,10109525BARONIB,2025-02-10,122968,1,2,0,328.0
10109525BARONIB_2025-02-10_G05,10109525BARONIB,2025-02-10,124486,1,20,0,368.0
10109525BARONIB_2025-02-10_G06,10109525BARONIB,2025-02-10,123908,1,8,0,202.0
10109525BARONIB_2025-02-10_G07,10109525BARONIB,2025-02-10,122962,1,16,0,307.0
10109525BARONIB_2025-02-10_G08,10109525BARONIB,2025-02-10,122986,1,20,0,707.0
10109525BARONIB_2025-02-10_G09,10109525BARONIB,2025-02-10,124248,1,30,0,478.0
10109525BARONIB_2025-02-10_G10,10109525BARONIB,2025-02-10,124486,1,12,0,471.0
10109525BARONIB_2025-02-10_G12,10109525BARONIB,2025-02-10,122962,1,12,0,572.0
10109525BARONIB_2025-02-10_G13,10109525BARONIB,2025-02-10,124247,1,108,0,2238.0
10109525BARONIB_2025-02-10_G14,10109525BARONIB,2025-02-10,120008,1,6,0,348.0
10109525BARONIB_2025-02-10_G15,10109525BARONIB,2025-02-10,122988,1,10,0,283.0
10109525BARONIB_2025-02-10_G16,10109525BARONIB,2025-02-10,122984,1,4,0,75.0
10109525BARONIB_2025-02-10_G17,10109525BARONIB,2025-02-10,124248,1,10,0,167.0
10109525BARONIB_2025-02-10_G18,10109525BARONIB,2025-02-10,124247,1,14,0,447.0
10109525BARONIB_2025-02-10_G19,10109525BARONIB,2025-02-10,124486,1,21,0,312.0
10109525BARONIB_2025-02-10_G20,10109525BARONIB,2025-02-10,123153,1,60,0,2133.0
10109525BARONIB_2025-02-10_G21,10109525BARONIB,2025-02-10,120389,1,8,0,152.0
10109525BARONIB_2025-02-10_G22,10109525BARONIB,2025-02-10,122962,1,52,0,548.0
10109525BARONIB_2025-02-10_G23,10109525BARONIB,2025-02-10,124486,1,100,0,1638.0
10109525BARONIB_2025-02-11_G02,10109525BARONIB,2025-02-11,122984,1,200,0,2297.0
10109525BARONIB_2025-02-11_G03,10109525BARONIB,2025-02-11,121928,1,2,0,669.0
10109525BARONIB_2025-02-11_G04,10109525BARONIB,2025-02-11,122185,1,18,0,478.0
10109525BARONIB_2025-02-11_G05,10109525BARONIB,2025-02-11,124247,1,3,0,474.0
10109525BARONIB_2025-02-11_G06,10109525BARONIB,2025-02-11,120339,1,8,0,467.0
10109525BARONIB_2025-02-11_G07,10109525BARONIB,2025-02-11,121923,1,4,0,293.0
10109525BARONIB_2025-02-11_G09,10109525BARONIB,2025-02-11,120028,1,8,0,162.0
10109525BARONIB_2025-02-11_G10,10109525BARONIB,2025-02-11,122673,1,6,0,211.0
10109525BARONIB_2025-02-11_G11,10109525BARONIB,2025-02-11,122647,1,8,0,319.0
10109525BARONIB_2025-02-11_G12,10109525BARONIB,2025-02-11,122962,1,4,0,293.0
10109525BARONIB_2025-02-11_G13,10109525BARONIB,2025-02-11,123345,1,2,0,142.0
10109525BARONIB_2025-02-11_G14,10109525BARONIB,2025-02-11,122988,1,6,0,228.0
10109525BARONIB_2025-02-11_G15,10109525BARONIB,2025-02-11,122647,1,50,0,1495.0
10109525BARONIB_2025-02-11_G16,10109525BARONIB,2025-02-11,120028,1,40,0,1182.0
10109525BARONIB_2025-02-11_G17,10109525BARONIB,2025-02-11,120028,1,30,0,444.0
10109525BARONIB_2025-02-11_G18,10109525BARONIB,2025-02-11,124248,1,2,0,366.0
10109525BARONIB_2025-02-11_G19,10109525BARONIB,2025-02-11,120028,1,10,0,386.0
10109525BARONIB_2025-02-11_G20,10109525BARONIB,2025-02-11,122962,1,48,0,1093.0
10109525BARONIB_2025-02-11_G21,10109525BARONIB,2025-02-11,123822,1,16,0,374.0
10109525BARONIB_2025-02-11_G22,10109525BARONIB,2025-02-11,123492,1,6,0,195.0
10109525BARONIB_2025-02-11_G23,10109525BARONIB,2025-02-11,122983,1,12,0,438.0
10109525BARONIB_2025-02-11_G24,10109525BARONIB,2025-02-11,122984,1,24,0,467.0
10109525BARONIB_2025-02-11_G25,10109525BARONIB,2025-02-11,124248,1,6,0,143.0
10109525BARONIB_2025-02-11_G26,10109525BARONIB,2025-02-11,124486,1,30,0,748.0
10109525BARONIB_2025-02-11_G27,10109525BARONIB,2025-02-11,124486,1,10,0,529.0
10109525BARONIB_2025-02-11_G28,10109525BARONIB,2025-02-11,122962,1,32,0,461.0
10109525BARONIB_2025-02-11_G29,10109525BARONIB,2025-02-11,122984,1,9,0,415.0
10109525BARONIB_2025-02-11_G30,10109525BARONIB,2025-02-11,122962,1,48,0,163.0
10109525BARONIB_2025-02-11_G32,10109525BARONIB,2025-02-11,120339,1,130,0,1556.0
10109525BARONIB_2025-02-12_G02,10109525BARONIB,2025-02-12,124370,1,200,0,2126.0
10109525BARONIB_2025-02-12_G03,10109525BARONIB,2025-02-12,122962,1,10,0,804.0
10109525BARONIB_2025-02-12_G04,10109525BARONIB,2025-02-12,120389,1,10,0,288.0
10109525BARONIB_2025-02-12_G05,10109525BARONIB,2025-02-12,124371,1,8,0,311.0
10109525BARONIB_2025-02-12_G06,10109525BARONIB,2025-02-12,122188,1,4,0,218.0
10109525BARONIB_2025-02-12_G07,10109525BARONIB,2025-02-12,124248,1,10,0,1387.0
10109525BARONIB_2025-02-12_G08,10109525BARONIB,2025-02-12,120339,1,14,0,306.0
10109525BARONIB_2025-02-12_G09,10109525BARONIB,2025-02-12,122985,1,8,0,184.0
10109525BARONIB_2025-02-12_G11,10109525BARONIB,2025-02-12,123343,1,6,0,368.0
10109525BARONIB_2025-02-12_G12,10109525BARONIB,2025-02-12,122984,1,37,0,1601.0
10109525BARONIB_2025-02-12_G13,10109525BARONIB,2025-02-12,122984,1,32,0,588.0
10109525BARONIB_2025-02-12_G14,10109525BARONIB,2025-02-12,124248,1,31,0,333.0
10109525BARONIB_2025-02-12_G15,10109525BARONIB,2025-02-12,123344,1,2,0,101.0
10109525BARONIB_2025-02-12_G16,10109525BARONIB,2025-02-12,122962,1,4,0,175.0
10109525BARONIB_2025-02-12_G17,10109525BARONIB,2025-02-12,122703,1,4,0,166.0
10109525BARONIB_2025-02-12_G18,10109525BARONIB,2025-02-12,124371,1,4,0,106.0
10109525BARONIB_2025-02-12_G19,10109525BARONIB,2025-02-12,123909,1,2,0,220.0
10109525BARONIB_2025-02-12_G20,10109525BARONIB,2025-02-12,124248,1,24,0,355.0
10109525BARONIB_2025-02-12_G21,10109525BARONIB,2025-02-12,123344,1,2,0,47.0
10109525BARONIB_2025-02-12_G22,10109525BARONIB,2025-02-12,124371,1,4,0,85.0
10109525BARONIB_2025-02-12_G23,10109525BARONIB,2025-02-12,124370,1,8,0,98.0
10109525BARONIB_2025-02-12_G24,10109525BARONIB,2025-02-12,121760,1,6,0,229.0
10109525BARONIB_2025-02-12_G25,10109525BARONIB,2025-02-12,122985,1,8,0,393.0
10109525BARONIB_2025-02-12_G26,10109525BARONIB,2025-02-12,123889,1,22,0,426.0
10109525BARONIB_2025-02-12_G27,10109525BARONIB,2025-02-12,123345,1,2,0,91.0
10109525BARONIB_2025-02-12_G28,10109525BARONIB,2025-02-12,120028,1,2,0,658.0
10109525BARONIB_2025-02-12_G29,10109525BARONIB,2025-02-12,123343,1,6,0,264.0
10109525BARONIB_2025-02-12_G30,10109525BARONIB,2025-02-12,124486,1,12,0,309.0
10109525BARONIB_2025-02-12_G31,10109525BARONIB,2025-02-12,123345,1,4,0,109.0
10109525BARONIB_2025-02-12_G32,10109525BARONIB,2025-02-12,123343,1,4,0,150.0
10109525BARONIB_2025-02-12_G33,10109525BARONIB,2025-02-12,123344,1,8,0,141.0
10109525BARONIB_2025-02-12_G34,10109525BARONIB,2025-02-12,121760,1,2,0,50.0
10109525BARONIB_2025-02-12_G35,10109525BARONIB,2025-02-12,123344,1,4,0,71.0
10109525BARONIB_2025-02-12_G36,10109525BARONIB,2025-02-12,123345,1,4,0,32.0
10109525BARONIB_2025-02-12_G37,10109525BARONIB,2025-02-12,123153,1,60,0,789.0
10109525BARONIB_2025-02-12_G38,10109525BARONIB,2025-02-12,123345,1,16,0,414.0
10109525BARONIB_2025-02-12_G39,10109525BARONIB,2025-02-12,122647,1,6,0,251.0
10109525BARONIB_2025-02-12_G40,10109525BARONIB,2025-02-12,122962,1,4,0,99.0
10109525BARONIB_2025-02-12_G41,10109525BARONIB,2025-02-12,123822,1,8,0,135.0
10109525BARONIB_2025-02-12_G43,10109525BARONIB,2025-02-12,123344,1,22,0,842.0
10109525BARONIB_2025-02-12_G44,10109525BARONIB,2025-02-12,123909,1,3,0,71.0
10109525BARONIB_2025-02-13_G02,10109525BARONIB,2025-02-13,122962,1,20,0,1201.0
10109525BARONIB_2025-02-13_G03,10109525BARONIB,2025-02-13,123080,1,20,0,508.0
10109525BARONIB_2025-02-13_G04,10109525BARONIB,2025-02-13,121760,1,24,0,641.0
10109525BARONIB_2025-02-13_G05,10109525BARONIB,2025-02-13,120028,1,4,0,207.0
10109525BARONIB_2025-02-13_G06,10109525BARONIB,2025-02-13,"121651, 124370",2,14,22,537.0
10109525BARONIB_2025-02-13_G08,10109525BARONIB,2025-02-13,122703,1,22,0,1378.0
10109525BARONIB_2025-02-13_G09,10109525BARONIB,2025-02-13,122195,1,20,0,2653.0
10109525BARONIB_2025-02-13_G10,10109525BARONIB,2025-02-13,124371,1,131,0,573.0
10109525BARONIB_2025-02-13_G11,10109525BARONIB,2025-02-13,124370,1,122,0,39.0
10109525BARONIB_2025-02-13_G13,10109525BARONIB,2025-02-13,122984,1,10,0,369.0
10109525BARONIB_2025-02-14_G02,10109525BARONIB,2025-02-14,120008,1,3,0,949.0
10109525BARONIB_2025-02-14_G03,10109525BARONIB,2025-02-14,122647,1,6,0,554.0
10109525BARONIB_2025-02-14_G04,10109525BARONIB,2025-02-14,123153,1,10,0,136.0
10109525BARONIB_2025-02-14_G05,10109525BARONIB,2025-02-14,122673,1,14,0,249.0
10109525BARONIB_2025-02-14_G06,10109525BARONIB,2025-02-14,123889,1,4,0,200.0
10109525BARONIB_2025-02-14_G07,10109525BARONIB,2025-02-14,123153,1,20,0,326.0
10109525BARONIB_2025-02-14_G08,10109525BARONIB,2025-02-14,123889,1,10,0,211.0
10109525BARONIB_2025-02-14_G09,10109525BARONIB,2025-02-14,124248,1,100,0,1336.0
10109525BARONIB_2025-02-14_G10,10109525BARONIB,2025-02-14,122983,1,48,0,1599.0
10109525BARONIB_2025-02-14_G11,10109525BARONIB,2025-02-14,124247,1,13,0,385.0
10109525BARONIB_2025-02-14_G13,10109525BARONIB,2025-02-14,123344,1,6,0,712.0
10109525BARONIB_2025-02-14_G14,10109525BARONIB,2025-02-14,124486,1,100,0,3343.0
10109525BARONIB_2025-02-14_G15,10109525BARONIB,2025-02-14,111466,1,3,0,2422.0
10109525BARONIB_2025-02-14_G16,10109525BARONIB,2025-02-14,118004,1,4,0,89.0
10109525BARONIB_2025-02-14_G17,10109525BARONIB,2025-02-14,"110339, 110515",2,5,15,141.0
10109525BARONIB_2025-02-14_G18,10109525BARONIB,2025-02-14,111743,1,2,0,236.0
10109525BARONIB_2025-02-14_G19,10109525BARONIB,2025-02-14,111462,1,4,0,128.0
10109525BARONIB_2025-02-14_G20,10109525BARONIB,2025-02-14,160055,1,4,0,145.0
10109525BARONIB_2025-02-14_G21,10109525BARONIB,2025-02-14,111469,1,58,0,222.0
10109525BARONIB_2025-02-14_G22,10109525BARONIB,2025-02-14,110371,1,25,0,162.0
10109525BARONIB_2025-02-14_G23,10109525BARONIB,2025-02-14,110372,1,11,0,92.0
10109525BARONIB_2025-02-14_G24,10109525BARONIB,2025-02-14,160054,1,6,0,170.0
10109525BARONIB_2025-02-14_G25,10109525BARONIB,2025-02-14,118299,1,78,0,317.0
10109525BARONIB_2025-02-14_G26,10109525BARONIB,2025-02-14,117808,1,100,0,210.0
10109525BARONIB_2025-02-14_G27,10109525BARONIB,2025-02-14,118299,1,2,0,157.0
10109525BARONIB_2025-02-14_G28,10109525BARONIB,2025-02-14,117820,1,2,0,121.0
10109525BARONIB_2025-02-14_G29,10109525BARONIB,2025-02-14,117820,1,41,0,232.0
10109525BARONIB_2025-02-14_G30,10109525BARONIB,2025-02-14,109643,1,6,0,111.0
10109525BARONIB_2025-02-14_G31,10109525BARONIB,2025-02-14,118299,1,30,0,224.0
10109525BARONIB_2025-02-14_G32,10109525BARONIB,2025-02-14,111469,1,30,0,55.0
10109525BARONIB_2025-02-14_G33,10109525BARONIB,2025-02-14,117820,1,2,0,89.0
10109525BARONIB_2025-02-14_G34,10109525BARONIB,2025-02-14,110373,1,10,0,80.0
10109525BARONIB_2025-02-14_G35,10109525BARONIB,2025-02-14,109643,1,2,0,170.0
10109525BARONIB_2025-02-14_G36,10109525BARONIB,2025-02-14,117820,1,55,0,69.0
10109525BARONIB_2025-02-15_G02,10109525BARONIB,2025-02-15,120339,1,90,0,3125.0
10109525BARONIB_2025-02-15_G03,10109525BARONIB,2025-02-15,123153,1,8,0,665.0
10109525BARONIB_2025-02-15_G04,10109525BARONIB,2025-02-15,124486,1,12,0,311.0
10109525BARONIB_2025-02-15_G05,10109525BARONIB,2025-02-15,123889,1,6,0,142.0
10109525BARONIB_2025-02-15_G06,10109525BARONIB,2025-02-15,122673,1,11,0,229.0
10109525BARONIB_2025-02-15_G07,10109525BARONIB,2025-02-15,123153,1,22,0,721.0
10109525BARONIB_2025-02-15_G09,10109525BARONIB,2025-02-15,124433,1,4,0,79.0
10109525BARONIB_2025-02-15_G10,10109525BARONIB,2025-02-15,122981,1,2,0,147.0
10109525BARONIB_2025-02-15_G11,10109525BARONIB,2025-02-15,121760,1,20,0,727.0
10109525BARONIB_2025-02-15_G12,10109525BARONIB,2025-02-15,124248,1,10,0,203.0
10109525BARONIB_2025-02-15_G13,10109525BARONIB,2025-02-15,122982,1,40,0,469.0
10109525BARONIB_2025-02-15_G14,10109525BARONIB,2025-02-15,122962,1,20,0,139.0
10109525BARONIB_2025-02-15_G15,10109525BARONIB,2025-02-15,124370,1,24,0,518.0
10109525BARONIB_2025-02-15_G16,10109525BARONIB,2025-02-15,122962,1,33,0,485.0
10109525BARONIB_2025-02-15_G17,10109525BARONIB,2025-02-15,122982,1,12,0,225.0
10109525BARONIB_2025-02-15_G18,10109525BARONIB,2025-02-15,123907,1,100,0,2013.0
10109525BARONIB_2025-02-15_G19,10109525BARONIB,2025-02-15,122988,1,8,0,201.0
10109525BARONIB_2025-02-15_G20,10109525BARONIB,2025-02-15,122962,1,30,0,429.0
10109525BARONIB_2025-02-15_G21,10109525BARONIB,2025-02-15,124486,1,50,0,403.0
10109525BARONIB_2025-02-15_G22,10109525BARONIB,2025-02-15,123345,1,1,0,139.0
10109525BARONIB_2025-02-15_G23,10109525BARONIB,2025-02-15,123909,1,2,0,77.0
10109525BARONIB_2025-02-15_G24,10109525BARONIB,2025-02-15,122673,1,3,0,172.0
10109525BARONIB_2025-02-15_G25,10109525BARONIB,2025-02-15,123909,1,6,0,207.0
10109525BARONIB_2025-02-15_G26,10109525BARONIB,2025-02-15,123343,1,4,0,82.0
10109525BARONIB_2025-02-15_G27,10109525BARONIB,2025-02-15,123345,1,2,0,188.0
10109525BARONIB_2025-02-15_G28,10109525BARONIB,2025-02-15,123822,1,1,0,118.0
10109525BARONIB_2025-02-15_G29,10109525BARONIB,2025-02-15,123153,1,14,0,146.0
10109525BARONIB_2025-02-15_G30,10109525BARONIB,2025-02-15,123343,1,26,0,346.0
10109525BARONIB_2025-02-15_G31,10109525BARONIB,2025-02-15,124247,1,2,0,178.0
10109525BARONIB_2025-02-15_G32,10109525BARONIB,2025-02-15,124248,1,2,0,272.0
10109525BARONIB_2025-02-16_G02,10109525BARONIB,2025-02-16,122671,1,8,0,1235.0
10109525BARONIB_2025-02-16_G03,10109525BARONIB,2025-02-16,124248,1,2,0,130.0
10109525BARONIB_2025-02-16_G04,10109525BARONIB,2025-02-16,122982,1,10,0,91.0
10109525BARONIB_2025-02-16_G05,10109525BARONIB,2025-02-16,122673,1,10,0,246.0
10109525BARONIB_2025-02-16_G06,10109525BARONIB,2025-02-16,124486,1,7,0,222.0
10109525BARONIB_2025-02-16_G07,10109525BARONIB,2025-02-16,122988,1,2,0,240.0
10109525BARONIB_2025-02-16_G08,10109525BARONIB,2025-02-16,123909,1,20,0,388.0
10109525BARONIB_2025-02-16_G09,10109525BARONIB,2025-02-16,124433,1,6,0,89.0
10109525BARONIB_2025-02-17_G02,10109525BARONIB,2025-02-17,122673,1,5,0,85.0
10109525BARONIB_2025-02-17_G03,10109525BARONIB,2025-02-17,124247,1,20,0,440.0
10109525BARONIB_2025-02-17_G04,10109525BARONIB,2025-02-17,122985,1,4,0,212.0
10109525BARONIB_2025-02-17_G05,10109525BARONIB,2025-02-17,123345,1,12,0,194.0
10109525BARONIB_2025-02-17_G06,10109525BARONIB,2025-02-17,122985,2,4,6,353.0
10109525BARONIB_2025-02-17_G07,10109525BARONIB,2025-02-17,123909,1,2,0,206.0
10109525BARONIB_2025-02-17_G08,10109525BARONIB,2025-02-17,123909,1,9,0,228.0
10109525BARONIB_2025-02-17_G09,10109525BARONIB,2025-02-17,122673,1,13,0,1011.0
10109525BARONIB_2025-02-17_G10,10109525BARONIB,2025-02-17,124486,1,6,0,203.0
10109525BARONIB_2025-02-17_G11,10109525BARONIB,2025-02-17,122962,1,6,0,153.0
10109525BARONIB_2025-02-17_G12,10109525BARONIB,2025-02-17,122986,1,6,0,191.0
10109525BARONIB_2025-02-17_G13,10109525BARONIB,2025-02-17,122962,2,24,14,493.0
10109525BARONIB_2025-02-17_G14,10109525BARONIB,2025-02-17,124486,1,80,0,2294.0
10109525BARONIB_2025-02-17_G15,10109525BARONIB,2025-02-17,122188,2,4,29,138.0
10109525BARONIB_2025-02-17_G17,10109525BARONIB,2025-02-17,124486,1,6,0,283.0
10109525BARONIB_2025-02-17_G18,10109525BARONIB,2025-02-17,123153,1,1,0,74.0
10109525BARONIB_2025-02-17_G19,10109525BARONIB,2025-02-17,123907,1,2,0,302.0
10109525BARONIB_2025-02-17_G20,10109525BARONIB,2025-02-17,123344,1,10,0,164.0
10109525BARONIB_2025-02-17_G21,10109525BARONIB,2025-02-17,121760,1,18,0,631.0
10109525BARONIB_2025-02-17_G22,10109525BARONIB,2025-02-17,123909,1,2,0,271.0
10109525BARONIB_2025-02-17_G23,10109525BARONIB,2025-02-17,123947,1,4,0,299.0
10109525BARONIB_2025-02-17_G24,10109525BARONIB,2025-02-17,123344,1,8,0,256.0
10109525BARONIB_2025-02-17_G25,10109525BARONIB,2025-02-17,120339,1,4,0,146.0
10109525BARONIB_2025-02-17_G26,10109525BARONIB,2025-02-17,122984,1,24,0,526.0
10109525BARONIB_2025-02-17_G27,10109525BARONIB,2025-02-17,124248,1,8,0,59.0
10109525BARONIB_2025-02-17_G28,10109525BARONIB,2025-02-17,124370,1,6,0,542.0
10109525BARONIB_2025-02-17_G29,10109525BARONIB,2025-02-17,123907,1,8,0,435.0
10109525BARONIB_2025-02-17_G30,10109525BARONIB,2025-02-17,124371,1,7,0,235.0
10109525BARONIB_2025-02-17_G31,10109525BARONIB,2025-02-17,"121760, 122671",2,21,18,368.0
10109525BARONIB_2025-02-17_G32,10109525BARONIB,2025-02-17,122703,1,4,0,249.0
10109525BARONIB_2025-02-17_G33,10109525BARONIB,2025-02-17,123909,1,6,0,49.0
10109525BARONIB_2025-02-17_G34,10109525BARONIB,2025-02-17,124370,1,3,0,56.0
10109525BARONIB_2025-02-17_G35,10109525BARONIB,2025-02-17,123907,1,11,0,643.0
10109525BARONIB_2025-02-17_G36,10109525BARONIB,2025-02-17,122962,1,6,0,156.0
10109525BARONIB_2025-02-17_G37,10109525BARONIB,2025-02-17,123345,1,7,0,218.0
10109525BARONIB_2025-02-17_G38,10109525BARONIB,2025-02-17,122984,1,2,0,57.0
10109525BARONIB_2025-02-17_G39,10109525BARONIB,2025-02-17,123907,1,3,0,80.0
10109525BARONIB_2025-02-17_G40,10109525BARONIB,2025-02-17,122962,1,12,0,130.0
10109525BARONIB_2025-02-17_G41,10109525BARONIB,2025-02-17,123911,1,8,0,161.0
10109525BARONIB_2025-02-17_G42,10109525BARONIB,2025-02-17,"121760, 123907",2,16,9,819.0
10109525BARONIB_2025-02-17_G43,10109525BARONIB,2025-02-17,123345,1,16,0,251.0
10109525BARONIB_2025-02-17_G44,10109525BARONIB,2025-02-17,123344,1,3,0,69.0
10109525BARONIB_2025-02-17_G45,10109525BARONIB,2025-02-17,124371,1,1,0,66.0
10109525BARONIB_2025-02-17_G46,10109525BARONIB,2025-02-17,121760,1,4,0,67.0
10109525BARONIB_2025-02-17_G47,10109525BARONIB,2025-02-17,122984,1,8,0,156.0
10109525BARONIB_2025-02-17_G48,10109525BARONIB,2025-02-17,124370,1,4,0,48.0
10109525BARONIB_2025-02-17_G49,10109525BARONIB,2025-02-17,123345,1,3,0,87.0
10109525BARONIB_2025-02-17_G50,10109525BARONIB,2025-02-17,122986,1,4,0,88.0
10109525BARONIB_2025-02-17_G51,10109525BARONIB,2025-02-17,124371,1,25,0,376.0
10109525BARONIB_2025-02-17_G52,10109525BARONIB,2025-02-17,123562,1,4,0,236.0
10109525BARONIB_2025-02-17_G53,10109525BARONIB,2025-02-17,123560,1,4,0,70.0
10109525BARONIB_2025-02-17_G54,10109525BARONIB,2025-02-17,122962,1,4,0,94.0
10109525BARONIB_2025-02-17_G55,10109525BARONIB,2025-02-17,124370,1,56,0,937.0
10109525BARONIB_2025-02-17_G57,10109525BARONIB,2025-02-17,110895,1,4,0,273.0
10109525BARONIB_2025-02-17_G58,10109525BARONIB,2025-02-17,110752,1,8,0,283.0
10109525BARONIB_2025-02-17_G59,10109525BARONIB,2025-02-17,110711,1,4,0,75.0
10109525BARONIB_2025-02-17_G60,10109525BARONIB,2025-02-17,107629,1,8,0,105.0
10109525BARONIB_2025-02-17_G61,10109525BARONIB,2025-02-17,111182,1,4,0,157.0
10109525BARONIB_2025-02-17_G62,10109525BARONIB,2025-02-17,111532,1,7,0,131.0
10109525BARONIB_2025-02-17_G63,10109525BARONIB,2025-02-17,111418,1,8,0,103.0
10109525BARONIB_2025-02-17_G64,10109525BARONIB,2025-02-17,110740,1,4,0,113.0
10109525BARONIB_2025-02-17_G65,10109525BARONIB,2025-02-17,111743,1,4,0,112.0
10109525BARONIB_2025-02-17_G66,10109525BARONIB,2025-02-17,118140,1,2,0,40.0
10109525BARONIB_2025-02-17_G67,10109525BARONIB,2025-02-17,110373,1,12,0,137.0
10109525BARONIB_2025-02-17_G68,10109525BARONIB,2025-02-17,110372,1,8,0,192.0
10109525BARONIB_2025-02-17_G69,10109525BARONIB,2025-02-17,110371,1,6,0,56.0
10109525BARONIB_2025-02-17_G70,10109525BARONIB,2025-02-17,110325,1,4,0,74.0
10109525BARONIB_2025-02-17_G71,10109525BARONIB,2025-02-17,117832,1,1,0,107.0
10109525BARONIB_2025-02-17_G72,10109525BARONIB,2025-02-17,110375,1,2,0,45.0
10109525BARONIB_2025-02-17_G73,10109525BARONIB,2025-02-17,111569,1,4,0,33.0
10109525BARONIB_2025-02-17_G74,10109525BARONIB,2025-02-17,117821,1,2,0,68.0
10109525BARONIB_2025-02-17_G75,10109525BARONIB,2025-02-17,111462,1,4,0,42.0
10109525BARONIB_2025-02-17_G76,10109525BARONIB,2025-02-17,117820,1,6,0,62.0
10109525BARONIB_2025-02-17_G77,10109525BARONIB,2025-02-17,117835,1,1,0,293.0
10109525BARONIB_2025-02-17_G78,10109525BARONIB,2025-02-17,"111602, 111532, 111418",3,6,46,124.0
10109525BARONIB_2025-02-17_G79,10109525BARONIB,2025-02-17,110740,1,4,0,58.0
10109525BARONIB_2025-02-17_G80,10109525BARONIB,2025-02-17,"117821, 117820",2,2,24,105.0
10109525BARONIB_2025-02-17_G81,10109525BARONIB,2025-02-17,110313,1,4,0,127.0
10109525BARONIB_2025-02-17_G82,10109525BARONIB,2025-02-17,"111532, 111743",2,12,27,126.0
10109525BARONIB_2025-02-17_G83,10109525BARONIB,2025-02-17,117835,1,1,0,219.0
10109525BARONIB_2025-02-17_G84,10109525BARONIB,2025-02-17,110895,1,4,0,68.0
10109525BARONIB_2025-02-18_G02,10109525BARONIB,2025-02-18,116241,1,4,0,121.0
10109525BARONIB_2025-02-18_G03,10109525BARONIB,2025-02-18,111466,1,8,0,52.0
10109525BARONIB_2025-02-18_G04,10109525BARONIB,2025-02-18,111435,1,4,0,39.0
10109525BARONIB_2025-02-18_G05,10109525BARONIB,2025-02-18,111418,1,6,0,132.0
10109525BARONIB_2025-02-18_G06,10109525BARONIB,2025-02-18,117785,1,8,0,89.0
10109525BARONIB_2025-02-18_G07,10109525BARONIB,2025-02-18,110787,1,20,0,126.0
10109525BARONIB_2025-02-18_G08,10109525BARONIB,2025-02-18,111462,1,4,0,82.0
10109525BARONIB_2025-02-18_G09,10109525BARONIB,2025-02-18,118299,1,1,0,141.0
10109525BARONIB_2025-02-18_G10,10109525BARONIB,2025-02-18,110371,1,3,0,310.0
10109525BARONIB_2025-02-18_G11,10109525BARONIB,2025-02-18,117808,1,40,0,375.0
10109525BARONIB_2025-02-18_G12,10109525BARONIB,2025-02-18,110374,1,8,0,222.0
10109525BARONIB_2025-02-18_G13,10109525BARONIB,2025-02-18,109747,1,4,0,68.0
10109525BARONIB_2025-02-18_G14,10109525BARONIB,2025-02-18,117820,1,14,0,630.0
10109525BARONIB_2025-02-18_G15,10109525BARONIB,2025-02-18,110373,1,8,0,99.0
10109525BARONIB_2025-02-18_G16,10109525BARONIB,2025-02-18,117835,1,4,0,415.0
10109525BARONIB_2025-02-18_G17,10109525BARONIB,2025-02-18,111569,1,4,0,185.0
10109525BARONIB_2025-02-18_G18,10109525BARONIB,2025-02-18,111466,1,4,0,238.0
10109525BARONIB_2025-02-18_G19,10109525BARONIB,2025-02-18,111418,1,8,0,77.0
10109525BARONIB_2025-02-18_G20,10109525BARONIB,2025-02-18,"110787, 108736",2,5,24,116.0
10109525BARONIB_2025-02-18_G21,10109525BARONIB,2025-02-18,"117821, 111462",2,6,16,213.0
10109525BARONIB_2025-02-18_G22,10109525BARONIB,2025-02-18,111433,1,2,0,39.0
10109525BARONIB_2025-02-18_G23,10109525BARONIB,2025-02-18,110895,1,4,0,121.0
10109525BARONIB_2025-02-18_G24,10109525BARONIB,2025-02-18,116241,1,4,0,269.0
10109525BARONIB_2025-02-18_G25,10109525BARONIB,2025-02-18,118299,1,12,0,84.0
10109525BARONIB_2025-02-18_G26,10109525BARONIB,2025-02-18,110372,1,8,0,140.0
10109525BARONIB_2025-02-18_G27,10109525BARONIB,2025-02-18,110374,1,4,0,75.0
10109525BARONIB_2025-02-18_G28,10109525BARONIB,2025-02-18,117820,1,2,0,311.0
10109525BARONIB_2025-02-18_G29,10109525BARONIB,2025-02-18,110373,1,8,0,32.0
10109525BARONIB_2025-02-18_G30,10109525BARONIB,2025-02-18,117808,1,40,0,260.0
10109525BARONIB_2025-02-18_G32,10109525BARONIB,2025-02-18,117833,1,832,0,245.0
10109525BARONIB_2025-02-18_G33,10109525BARONIB,2025-02-18,111446,1,90,0,483.0
10109525BARONIB_2025-02-18_G34,10109525BARONIB,2025-02-18,109803,1,4,0,1187.0
10109525BARONIB_2025-02-18_G35,10109525BARONIB,2025-02-18,111467,1,12,0,123.0
10109525BARONIB_2025-02-18_G36,10109525BARONIB,2025-02-18,110313,1,50,0,305.0
10109525BARONIB_2025-02-18_G37,10109525BARONIB,2025-02-18,117822,1,20,0,356.0
10109525BARONIB_2025-02-18_G38,10109525BARONIB,2025-02-18,107629,1,20,0,397.0
10109525BARONIB_2025-02-18_G39,10109525BARONIB,2025-02-18,117787,1,12,0,136.0
10109525BARONIB_2025-02-18_G40,10109525BARONIB,2025-02-18,109641,1,12,0,104.0
10109525BARONIB_2025-02-18_G41,10109525BARONIB,2025-02-18,110740,1,20,0,181.0
10109525BARONIB_2025-02-18_G42,10109525BARONIB,2025-02-18,111469,1,12,0,112.0
10109525BARONIB_2025-02-18_G43,10109525BARONIB,2025-02-18,111463,1,40,0,444.0
10109525BARONIB_2025-02-18_G44,10109525BARONIB,2025-02-18,111443,1,20,0,371.0
10109525BARONIB_2025-02-18_G45,10109525BARONIB,2025-02-18,118191,1,2000,0,2864.0
10109525BARONIB_2025-02-19_G02,10109525BARONIB,2025-02-19,120389,1,20,0,677.0
10109525BARONIB_2025-02-19_G03,10109525BARONIB,2025-02-19,121760,1,50,0,2023.0
10109525BARONIB_2025-02-19_G04,10109525BARONIB,2025-02-19,123153,1,50,0,718.0
10109525BARONIB_2025-02-19_G05,10109525BARONIB,2025-02-19,124486,1,9,0,1060.0
10109525BARONIB_2025-02-19_G06,10109525BARONIB,2025-02-19,124486,1,15,0,291.0
10109525BARONIB_2025-02-19_G07,10109525BARONIB,2025-02-19,121651,1,24,0,714.0
10109525BARONIB_2025-02-19_G08,10109525BARONIB,2025-02-19,122985,1,6,0,243.0
10109525BARONIB_2025-02-19_G10,10109525BARONIB,2025-02-19,122962,1,100,0,1341.0
10109525BARONIB_2025-02-19_G11,10109525BARONIB,2025-02-19,120008,1,20,0,697.0
10109525BARONIB_2025-02-19_G12,10109525BARONIB,2025-02-19,181056,1,3,0,626.0
10109525BARONIB_2025-02-19_G13,10109525BARONIB,2025-02-19,123911,1,8,0,590.0
10109525BARONIB_2025-02-19_G14,10109525BARONIB,2025-02-19,122671,1,4,0,149.0
10109525BARONIB_2025-02-19_G15,10109525BARONIB,2025-02-19,120008,1,1,0,501.0
10109525BARONIB_2025-02-19_G16,10109525BARONIB,2025-02-19,120008,1,19,0,218.0
10109525BARONIB_2025-02-19_G17,10109525BARONIB,2025-02-19,120008,1,48,0,925.0
10109525BARONIB_2025-02-19_G19,10109525BARONIB,2025-02-19,122986,1,2,0,50.0
10109525BARONIB_2025-02-19_G20,10109525BARONIB,2025-02-19,122981,1,8,0,256.0
10109525BARONIB_2025-02-19_G21,10109525BARONIB,2025-02-19,124247,1,12,0,312.0
10109525BARONIB_2025-02-19_G22,10109525BARONIB,2025-02-19,123822,1,8,0,174.0
10109525BARONIB_2025-02-19_G23,10109525BARONIB,2025-02-19,123153,1,10,0,171.0
10109525BARONIB_2025-02-19_G24,10109525BARONIB,2025-02-19,122705,1,4,0,113.0
10109525BARONIB_2025-02-19_G25,10109525BARONIB,2025-02-19,122983,1,10,0,149.0
10109525BARONIB_2025-02-19_G26,10109525BARONIB,2025-02-19,122983,1,60,0,1245.0
10109525BARONIB_2025-02-19_G27,10109525BARONIB,2025-02-19,122962,1,25,0,675.0
10109525BARONIB_2025-02-20_G02,10109525BARONIB,2025-02-20,122983,3,24,21,64.0
10109525BARONIB_2025-02-20_G03,10109525BARONIB,2025-02-20,124370,1,40,0,882.0
10109525BARONIB_2025-02-20_G04,10109525BARONIB,2025-02-20,"122968, 123345",2,26,29,1602.0
10109525BARONIB_2025-02-20_G05,10109525BARONIB,2025-02-20,181815,1,2,0,78.0
10109525BARONIB_2025-02-20_G06,10109525BARONIB,2025-02-20,120271,1,6,0,101.0
10109525BARONIB_2025-02-20_G07,10109525BARONIB,2025-02-20,114647,1,1,0,745.0
10109525BARONIB_2025-02-21_G02,10109525BARONIB,2025-02-21,124486,1,10,0,612.0
10109525BARONIB_2025-02-21_G03,10109525BARONIB,2025-02-21,122647,1,10,0,60.0
10109525BARONIB_2025-02-21_G04,10109525BARONIB,2025-02-21,122962,1,70,0,1220.0
10109525BARONIB_2025-02-21_G05,10109525BARONIB,2025-02-21,124594,1,4,0,2477.0
10109525BARONIB_2025-02-21_G06,10109525BARONIB,2025-02-21,123947,1,12,0,299.0
10109525BARONIB_2025-02-21_G07,10109525BARONIB,2025-02-21,120389,1,6,0,90.0
10109525BARONIB_2025-02-21_G08,10109525BARONIB,2025-02-21,124594,1,4,0,234.0
10109525BARONIB_2025-02-21_G09,10109525BARONIB,2025-02-21,122185,1,18,0,250.0
10109525BARONIB_2025-02-21_G10,10109525BARONIB,2025-02-21,122189,1,20,0,148.0
10109525BARONIB_2025-02-21_G11,10109525BARONIB,2025-02-21,124594,1,4,0,265.0
10109525BARONIB_2025-02-21_G12,10109525BARONIB,2025-02-21,124486,1,10,0,193.0
10109525BARONIB_2025-02-21_G13,10109525BARONIB,2025-02-21,120028,1,12,0,192.0
10109525BARONIB_2025-02-21_G15,10109525BARONIB,2025-02-21,120008,1,30,0,548.0
10109525BARONIB_2025-02-21_G16,10109525BARONIB,2025-02-21,124594,1,4,0,261.0
10109525BARONIB_2025-02-21_G17,10109525BARONIB,2025-02-21,122962,1,24,0,432.0
10109525BARONIB_2025-02-21_G18,10109525BARONIB,2025-02-21,124594,1,4,0,202.0
10109525BARONIB_2025-02-21_G19,10109525BARONIB,2025-02-21,124594,1,4,0,374.0
10109525BARONIB_2025-02-21_G20,10109525BARONIB,2025-02-21,124594,1,4,0,197.0
10109525BARONIB_2025-02-21_G21,10109525BARONIB,2025-02-21,122984,1,1,0,101.0
10109525BARONIB_2025-02-21_G22,10109525BARONIB,2025-02-21,123153,1,12,0,316.0
10109525BARONIB_2025-02-21_G23,10109525BARONIB,2025-02-21,124594,1,4,0,213.0
10109525BARONIB_2025-02-21_G24,10109525BARONIB,2025-02-21,123909,1,36,0,1286.0
10109525BARONIB_2025-02-21_G25,10109525BARONIB,2025-02-21,123345,1,8,0,258.0
10109525BARONIB_2025-02-21_G26,10109525BARONIB,2025-02-21,123345,1,16,0,225.0
10109525BARONIB_2025-02-21_G27,10109525BARONIB,2025-02-21,123343,1,6,0,1094.0
10109525BARONIB_2025-02-21_G28,10109525BARONIB,2025-02-21,124594,1,4,0,215.0
10109525BARONIB_2025-02-21_G29,10109525BARONIB,2025-02-21,124594,1,8,0,542.0
10109525BARONIB_2025-02-21_G30,10109525BARONIB,2025-02-21,122981,1,16,0,132.0
10109525BARONIB_2025-02-21_G31,10109525BARONIB,2025-02-21,122981,1,16,0,333.0
10109525BARONIB_2025-02-22_G03,10109525BARONIB,2025-02-22,124594,1,4,0,234.0
10109525BARONIB_2025-02-22_G04,10109525BARONIB,2025-02-22,123907,1,1,0,302.0
10109525BARONIB_2025-02-22_G05,10109525BARONIB,2025-02-22,124594,1,4,0,352.0
10109525BARONIB_2025-02-22_G06,10109525BARONIB,2025-02-22,122983,1,4,0,467.0
10109525BARONIB_2025-02-22_G08,10109525BARONIB,2025-02-22,122673,1,8,0,177.0
10109525BARONIB_2025-02-22_G09,10109525BARONIB,2025-02-22,122196,1,48,0,727.0
10109525BARONIB_2025-02-22_G10,10109525BARONIB,2025-02-22,120339,1,4,0,278.0
10109525BARONIB_2025-02-22_G11,10109525BARONIB,2025-02-22,124594,1,4,0,191.0
10109525BARONIB_2025-02-22_G12,10109525BARONIB,2025-02-22,124248,1,54,0,821.0
10109525BARONIB_2025-02-22_G13,10109525BARONIB,2025-02-22,122982,1,8,0,490.0
10109525BARONIB_2025-02-22_G14,10109525BARONIB,2025-02-22,123344,1,8,0,162.0
10109525BARONIB_2025-02-22_G15,10109525BARONIB,2025-02-22,120271,1,12,0,292.0
10109525BARONIB_2025-02-22_G16,10109525BARONIB,2025-02-22,122984,1,16,0,209.0
10109525BARONIB_2025-02-22_G17,10109525BARONIB,2025-02-22,122185,1,4,0,157.0
10109525BARONIB_2025-02-22_G18,10109525BARONIB,2025-02-22,123345,1,6,0,803.0
10109525BARONIB_2025-02-22_G19,10109525BARONIB,2025-02-22,122185,1,12,0,319.0
10109525BARONIB_2025-02-22_G20,10109525BARONIB,2025-02-22,122984,1,24,0,358.0
10109525BARONIB_2025-02-22_G21,10109525BARONIB,2025-02-22,122982,1,24,0,374.0
10109525BARONIB_2025-02-22_G22,10109525BARONIB,2025-02-22,120272,1,12,0,348.0
10109525BARONIB_2025-02-22_G23,10109525BARONIB,2025-02-22,122981,1,12,0,433.0
10109525BARONIB_2025-02-22_G24,10109525BARONIB,2025-02-22,120271,1,18,0,365.0
10109525BARONIB_2025-02-22_G25,10109525BARONIB,2025-02-22,122984,1,48,0,594.0
10109525BARONIB_2025-02-22_G26,10109525BARONIB,2025-02-22,122185,1,17,0,158.0
10109525BARONIB_2025-02-22_G27,10109525BARONIB,2025-02-22,122984,1,38,0,590.0
10109525BARONIB_2025-02-22_G28,10109525BARONIB,2025-02-22,123344,1,5,0,879.0
10109525BARONIB_2025-02-22_G29,10109525BARONIB,2025-02-22,122985,1,2,0,101.0
10109525BARONIB_2025-02-22_G30,10109525BARONIB,2025-02-22,121760,1,11,0,154.0
10109525BARONIB_2025-02-22_G31,10109525BARONIB,2025-02-22,124370,1,8,0,144.0
10109525BARONIB_2025-02-22_G32,10109525BARONIB,2025-02-22,120339,1,2,0,94.0
10109525BARONIB_2025-02-22_G33,10109525BARONIB,2025-02-22,123345,1,10,0,93.0
10109525BARONIB_2025-02-22_G34,10109525BARONIB,2025-02-22,123344,1,16,0,442.0
10109525BARONIB_2025-02-22_G35,10109525BARONIB,2025-02-22,"122985, 123343",2,9,12,93.0
10109525BARONIB_2025-02-22_G36,10109525BARONIB,2025-02-22,122962,1,10,0,188.0
10109525BARONIB_2025-02-22_G37,10109525BARONIB,2025-02-22,122986,1,2,0,83.0
10109525BARONIB_2025-03-05_G02,10109525BARONIB,2025-03-05,110741,1,4,0,128.0
10109525BARONIB_2025-03-05_G03,10109525BARONIB,2025-03-05,117786,1,26,0,223.0
10109525BARONIB_2025-03-05_G04,10109525BARONIB,2025-03-05,108772,1,3,0,47.0
10109525BARONIB_2025-03-05_G05,10109525BARONIB,2025-03-05,108795,1,10,0,346.0
10109525BARONIB_2025-03-05_G06,10109525BARONIB,2025-03-05,107236,1,20,0,277.0
10109525BARONIB_2025-03-05_G07,10109525BARONIB,2025-03-05,118094,1,8,0,214.0
10109525BARONIB_2025-03-05_G08,10109525BARONIB,2025-03-05,160051,1,3,0,86.0
10109525BARONIB_2025-03-05_G09,10109525BARONIB,2025-03-05,111469,1,1,0,48.0
10109525BARONIB_2025-03-05_G10,10109525BARONIB,2025-03-05,116241,1,8,0,221.0
10109525BARONIB_2025-03-05_G11,10109525BARONIB,2025-03-05,110745,1,4,0,127.0
10109525BARONIB_2025-03-05_G12,10109525BARONIB,2025-03-05,108711,2,8,9,343.0
10109525BARONIB_2025-03-05_G13,10109525BARONIB,2025-03-05,109647,1,4,0,192.0
10109525BARONIB_2025-03-05_G14,10109525BARONIB,2025-03-05,117856,1,10,0,129.0
10109525BARONIB_2025-03-05_G15,10109525BARONIB,2025-03-05,108794,1,18,0,245.0
10109525BARONIB_2025-03-05_G16,10109525BARONIB,2025-03-05,118094,1,40,0,386.0
10109525BARONIB_2025-03-06_G02,10109525BARONIB,2025-03-06,118317,1,37,0,448.0
10109525BARONIB_2025-03-06_G03,10109525BARONIB,2025-03-06,111463,1,41,0,246.0
10109525BARONIB_2025-03-06_G04,10109525BARONIB,2025-03-06,140957,1,4,0,289.0
10109525BARONIB_2025-03-06_G05,10109525BARONIB,2025-03-06,111530,1,16,0,1047.0
10109525BARONIB_2025-03-06_G06,10109525BARONIB,2025-03-06,117856,1,10,0,102.0
10109525BARONIB_2025-03-06_G07,10109525BARONIB,2025-03-06,111602,1,12,0,155.0
10109525BARONIB_2025-03-06_G08,10109525BARONIB,2025-03-06,111532,1,33,0,682.0
10109525BARONIB_2025-03-06_G09,10109525BARONIB,2025-03-06,111468,1,11,0,102.0
10109525BARONIB_2025-03-06_G10,10109525BARONIB,2025-03-06,108711,1,3,0,60.0
10109525BARONIB_2025-03-06_G11,10109525BARONIB,2025-03-06,111463,1,20,0,43.0
10109525BARONIB_2025-03-06_G12,10109525BARONIB,2025-03-06,118140,1,10,0,207.0
10109525BARONIB_2025-03-06_G13,10109525BARONIB,2025-03-06,105705,1,5,0,239.0
10109525BARONIB_2025-03-06_G14,10109525BARONIB,2025-03-06,"111466, 111469",2,30,17,117.0
10109525BARONIB_2025-03-06_G15,10109525BARONIB,2025-03-06,111462,1,5,0,76.0
10109525BARONIB_2025-03-06_G16,10109525BARONIB,2025-03-06,110332,1,1,0,173.0
10109525BARONIB_2025-03-06_G17,10109525BARONIB,2025-03-06,110325,1,4,0,73.0
10109525BARONIB_2025-03-06_G18,10109525BARONIB,2025-03-06,110372,1,24,0,126.0
10109525BARONIB_2025-03-06_G19,10109525BARONIB,2025-03-06,117808,1,21,0,44.0
10109525BARONIB_2025-03-06_G20,10109525BARONIB,2025-03-06,117809,1,10,0,505.0
10109525BARONIB_2025-03-06_G21,10109525BARONIB,2025-03-06,118299,1,30,0,180.0
10109525BARONIB_2025-03-06_G22,10109525BARONIB,2025-03-06,109747,1,7,0,275.0
10109525BARONIB_2025-03-06_G23,10109525BARONIB,2025-03-06,117820,1,10,0,83.0
10109525BARONIB_2025-03-06_G24,10109525BARONIB,2025-03-06,117855,1,10,0,326.0
10109525BARONIB_2025-03-06_G25,10109525BARONIB,2025-03-06,110515,1,10,0,141.0
10109525BARONIB_2025-03-06_G26,10109525BARONIB,2025-03-06,107254,1,2,0,81.0
10109525BARONIB_2025-03-06_G27,10109525BARONIB,2025-03-06,108711,1,4,0,258.0
10109525BARONIB_2025-03-06_G28,10109525BARONIB,2025-03-06,118094,1,4,0,153.0
10109525BARONIB_2025-03-06_G30,10109525BARONIB,2025-03-06,117786,1,160,0,1433.0
10109525BARONIB_2025-03-06_G31,10109525BARONIB,2025-03-06,108772,1,1,0,40.0
10109525BARONIB_2025-03-06_G32,10109525BARONIB,2025-03-06,117935,1,12,0,139.0
10109525BARONIB_2025-03-06_G33,10109525BARONIB,2025-03-06,118094,1,12,0,232.0
10109525BARONIB_2025-03-06_G34,10109525BARONIB,2025-03-06,117856,1,11,0,225.0
10109525BARONIB_2025-03-06_G35,10109525BARONIB,2025-03-06,110741,1,53,0,174.0
10109525BARONIB_2025-03-06_G36,10109525BARONIB,2025-03-06,108711,1,20,0,349.0
10109525BARONIB_2025-03-06_G37,10109525BARONIB,2025-03-06,110376,1,52,0,510.0
10109525BARONIB_2025-03-06_G38,10109525BARONIB,2025-03-06,117856,1,4,0,577.0
10109525BARONIB_2025-03-06_G39,10109525BARONIB,2025-03-06,117855,1,4,0,87.0
10109525BARONIB_2025-03-06_G40,10109525BARONIB,2025-03-06,118004,1,2,0,92.0
10109525BARONIB_2025-03-06_G41,10109525BARONIB,2025-03-06,108711,1,2,0,74.0
10109525BARONIB_2025-03-06_G42,10109525BARONIB,2025-03-06,110325,1,4,0,149.0
10109525BARONIB_2025-03-06_G43,10109525BARONIB,2025-03-06,110582,1,4,0,319.0
10109525BARONIB_2025-03-06_G44,10109525BARONIB,2025-03-06,118094,1,4,0,431.0
10109525BARONIB_2025-03-06_G45,10109525BARONIB,2025-03-06,110741,1,4,0,77.0
10109525BARONIB_2025-03-06_G46,10109525BARONIB,2025-03-06,101217,1,4,0,116.0
10109525BARONIB_2025-03-06_G47,10109525BARONIB,2025-03-06,110895,1,9,0,287.0
10109525BARONIB_2025-03-06_G48,10109525BARONIB,2025-03-06,110743,1,2,0,85.0
10109525BARONIB_2025-03-06_G49,10109525BARONIB,2025-03-06,111466,1,6,0,444.0
10109525BARONIB_2025-03-06_G50,10109525BARONIB,2025-03-06,160053,1,1,0,83.0
10109525BARONIB_2025-03-06_G51,10109525BARONIB,2025-03-06,118094,1,3,0,205.0
10109525BARONIB_2025-03-06_G52,10109525BARONIB,2025-03-06,111418,1,4,0,131.0
10109525BARONIB_2025-03-06_G53,10109525BARONIB,2025-03-06,109640,1,30,0,432.0
10109525BARONIB_2025-03-06_G54,10109525BARONIB,2025-03-06,117856,2,4,5,569.0
10109525BARONIB_2025-03-06_G55,10109525BARONIB,2025-03-06,117862,1,4,0,335.0
10109525BARONIB_2025-03-06_G56,10109525BARONIB,2025-03-06,108711,1,4,0,163.0
10109525BARONIB_2025-03-06_G57,10109525BARONIB,2025-03-06,108772,1,2,0,413.0
10109525BARONIB_2025-03-06_G58,10109525BARONIB,2025-03-06,111602,1,525,0,1244.0
10109525BARONIB_2025-03-06_G59,10109525BARONIB,2025-03-06,110515,1,22,0,175.0
10109525BARONIB_2025-03-06_G61,10109525BARONIB,2025-03-06,"108770, 110741",2,5,21,365.0
10109525BARONIB_2025-03-06_G62,10109525BARONIB,2025-03-06,108711,1,3,0,124.0
10109525BARONIB_2025-03-06_G63,10109525BARONIB,2025-03-06,110742,1,3,0,296.0
10109525BARONIB_2025-03-06_G64,10109525BARONIB,2025-03-06,111418,1,4,0,241.0
10109525BARONIB_2025-03-06_G65,10109525BARONIB,2025-03-06,108711,1,1,0,33.0
10109525BARONIB_2025-03-06_G66,10109525BARONIB,2025-03-06,110740,1,4,0,69.0
10109525BARONIB_2025-03-06_G67,10109525BARONIB,2025-03-06,109645,1,2,0,54.0
10109525BARONIB_2025-03-06_G68,10109525BARONIB,2025-03-06,"111462, 110372",2,5,27,82.0
10109525BARONIB_2025-03-06_G69,10109525BARONIB,2025-03-06,117832,1,1,0,94.0
10109525BARONIB_2025-03-06_G70,10109525BARONIB,2025-03-06,109747,1,4,0,94.0
10109525BARONIB_2025-03-06_G71,10109525BARONIB,2025-03-06,108770,1,4,0,321.0
10109525BARONIB_2025-03-06_G72,10109525BARONIB,2025-03-06,109647,1,6,0,298.0
10109525BARONIB_2025-03-06_G73,10109525BARONIB,2025-03-06,117862,1,10,0,364.0
10109525BARONIB_2025-03-06_G74,10109525BARONIB,2025-03-06,118403,1,4,0,227.0
10109525BARONIB_2025-03-06_G75,10109525BARONIB,2025-03-06,110711,1,5,0,64.0
10109525BARONIB_2025-03-06_G76,10109525BARONIB,2025-03-06,110741,1,1,0,48.0
10109525BARONIB_2025-03-06_G77,10109525BARONIB,2025-03-06,111879,1,8,0,202.0
10109525BARONIB_2025-03-06_G78,10109525BARONIB,2025-03-06,117786,1,14,0,100.0
10109525BARONIB_2025-03-07_G02,10109525BARONIB,2025-03-07,141047,1,8,0,117.0
10109525BARONIB_2025-03-07_G03,10109525BARONIB,2025-03-07,117856,1,12,0,346.0
10109525BARONIB_2025-03-07_G04,10109525BARONIB,2025-03-07,109640,1,20,0,314.0
10109525BARONIB_2025-03-07_G05,10109525BARONIB,2025-03-07,110747,1,3,0,116.0
10109525BARONIB_2025-03-07_G06,10109525BARONIB,2025-03-07,111569,1,12,0,154.0
10109525BARONIB_2025-03-07_G07,10109525BARONIB,2025-03-07,110742,1,12,0,459.0
10109525BARONIB_2025-03-07_G08,10109525BARONIB,2025-03-07,110376,1,4,0,113.0
10109525BARONIB_2025-03-07_G09,10109525BARONIB,2025-03-07,117809,1,20,0,109.0
10109525BARONIB_2025-03-07_G10,10109525BARONIB,2025-03-07,117830,1,20,0,133.0
10109525BARONIB_2025-03-07_G11,10109525BARONIB,2025-03-07,109643,1,8,0,210.0
10109525BARONIB_2025-03-07_G12,10109525BARONIB,2025-03-07,110375,1,12,0,119.0
10109525BARONIB_2025-03-07_G13,10109525BARONIB,2025-03-07,109747,1,11,0,115.0
10109525BARONIB_2025-03-07_G14,10109525BARONIB,2025-03-07,111532,1,5,0,404.0
10109525BARONIB_2025-03-07_G15,10109525BARONIB,2025-03-07,140922,1,7,0,52.0
10109525BARONIB_2025-03-07_G16,10109525BARONIB,2025-03-07,109641,1,4,0,108.0
10109525BARONIB_2025-03-07_G17,10109525BARONIB,2025-03-07,111743,1,4,0,67.0
10109525BARONIB_2025-03-07_G18,10109525BARONIB,2025-03-07,117838,1,12,0,105.0
10109525BARONIB_2025-03-07_G19,10109525BARONIB,2025-03-07,110787,1,10,0,69.0
10109525BARONIB_2025-03-07_G20,10109525BARONIB,2025-03-07,117836,1,38,0,1148.0
10109525BARONIB_2025-03-07_G21,10109525BARONIB,2025-03-07,110515,1,12,0,341.0
10109525BARONIB_2025-03-07_G22,10109525BARONIB,2025-03-07,110515,1,344,0,753.0
10109525BARONIB_2025-03-07_G23,10109525BARONIB,2025-03-07,111348,1,305,0,720.0
10109525BARONIB_2025-03-07_G25,10109525BARONIB,2025-03-07,109645,1,14,0,174.0
10109525BARONIB_2025-03-07_G26,10109525BARONIB,2025-03-07,118094,1,4,0,1519.0
10109525BARONIB_2025-03-07_G27,10109525BARONIB,2025-03-07,108772,1,2,0,88.0
10109525BARONIB_2025-03-07_G28,10109525BARONIB,2025-03-07,118222,1,4,0,203.0
10109525BARONIB_2025-03-07_G29,10109525BARONIB,2025-03-07,117835,1,4,0,129.0
10109525BARONIB_2025-03-07_G30,10109525BARONIB,2025-03-07,118094,1,4,0,150.0
10109525BARONIB_2025-03-07_G31,10109525BARONIB,2025-03-07,110741,1,10,0,169.0
10109525BARONIB_2025-03-07_G32,10109525BARONIB,2025-03-07,117855,1,4,0,323.0
10109525BARONIB_2025-03-07_G33,10109525BARONIB,2025-03-07,108772,1,8,0,95.0
10109525BARONIB_2025-03-07_G34,10109525BARONIB,2025-03-07,117787,1,3,0,68.0
10109525BARONIB_2025-03-07_G35,10109525BARONIB,2025-03-07,111182,1,2,0,137.0
10109525BARONIB_2025-03-07_G36,10109525BARONIB,2025-03-07,107236,1,4,0,304.0
10109525BARONIB_2025-03-07_G37,10109525BARONIB,2025-03-07,140922,1,4,0,147.0
10109525BARONIB_2025-03-07_G38,10109525BARONIB,2025-03-07,110787,1,5,0,120.0
10109525BARONIB_2025-03-07_G39,10109525BARONIB,2025-03-07,108711,1,3,0,42.0
10109525BARONIB_2025-03-07_G40,10109525BARONIB,2025-03-07,118140,1,14,0,159.0
10109525BARONIB_2025-03-07_G41,10109525BARONIB,2025-03-07,111469,1,8,0,94.0
10109525BARONIB_2025-03-07_G42,10109525BARONIB,2025-03-07,111462,1,6,0,221.0
10109525BARONIB_2025-03-07_G43,10109525BARONIB,2025-03-07,110371,1,16,0,178.0
10109525BARONIB_2025-03-07_G44,10109525BARONIB,2025-03-07,117808,1,11,0,32.0
10109525BARONIB_2025-03-07_G45,10109525BARONIB,2025-03-07,118299,1,27,0,269.0
10109525BARONIB_2025-03-07_G46,10109525BARONIB,2025-03-07,117830,1,2,0,212.0
10109525BARONIB_2025-03-07_G47,10109525BARONIB,2025-03-07,110373,1,4,0,50.0
10109525BARONIB_2025-03-07_G48,10109525BARONIB,2025-03-07,117820,1,10,0,151.0
10109525BARONIB_2025-03-07_G49,10109525BARONIB,2025-03-07,111602,1,12,0,418.0
10109525BARONIB_2025-03-07_G50,10109525BARONIB,2025-03-07,110371,1,4,0,103.0
10109525BARONIB_2025-03-07_G51,10109525BARONIB,2025-03-07,110787,1,10,0,145.0
10109525BARONIB_2025-03-11_G02,10109525BARONIB,2025-03-11,124594,1,8,0,352.0
10109525BARONIB_2025-03-11_G03,10109525BARONIB,2025-03-11,124371,1,14,0,248.0
10109525BARONIB_2025-03-11_G04,10109525BARONIB,2025-03-11,124370,1,20,0,547.0
10109525BARONIB_2025-03-11_G05,10109525BARONIB,2025-03-11,124371,1,60,0,1162.0
10109525BARONIB_2025-03-11_G06,10109525BARONIB,2025-03-11,122984,1,6,0,156.0
10109525BARONIB_2025-03-11_G07,10109525BARONIB,2025-03-11,124594,1,8,0,426.0
10109525BARONIB_2025-03-11_G08,10109525BARONIB,2025-03-11,124371,1,2,0,40.0
10109525BARONIB_2025-03-11_G09,10109525BARONIB,2025-03-11,122703,1,8,0,342.0
10109525BARONIB_2025-03-11_G10,10109525BARONIB,2025-03-11,123344,1,10,0,466.0
10109525BARONIB_2025-03-11_G11,10109525BARONIB,2025-03-11,121651,1,12,0,375.0
10109525BARONIB_2025-03-11_G12,10109525BARONIB,2025-03-11,123344,1,9,0,222.0
10109525BARONIB_2025-03-11_G14,10109525BARONIB,2025-03-11,124486,1,28,0,524.0
10109525BARONIB_2025-03-11_G15,10109525BARONIB,2025-03-11,124486,1,15,0,451.0
10109525BARONIB_2025-03-11_G16,10109525BARONIB,2025-03-11,122984,2,14,24,512.0
10109525BARONIB_2025-03-11_G17,10109525BARONIB,2025-03-11,124248,1,12,0,246.0
10109525BARONIB_2025-03-11_G18,10109525BARONIB,2025-03-11,122982,1,6,0,192.0
10109525BARONIB_2025-03-11_G19,10109525BARONIB,2025-03-11,122962,1,8,0,272.0
10109525BARONIB_2025-03-11_G20,10109525BARONIB,2025-03-11,124594,1,4,0,208.0
10109525BARONIB_2025-03-11_G21,10109525BARONIB,2025-03-11,121760,1,4,0,166.0
10109525BARONIB_2025-03-11_G22,10109525BARONIB,2025-03-11,122705,1,8,0,223.0
10109525BARONIB_2025-03-11_G23,10109525BARONIB,2025-03-11,120028,1,24,0,454.0
10109525BARONIB_2025-03-11_G24,10109525BARONIB,2025-03-11,124371,1,36,0,890.0
10109525BARONIB_2025-03-11_G25,10109525BARONIB,2025-03-11,121651,1,20,0,235.0
10109525BARONIB_2025-03-11_G26,10109525BARONIB,2025-03-11,124475,1,24,0,489.0
10109525BARONIB_2025-03-11_G27,10109525BARONIB,2025-03-11,124370,1,80,0,1599.0
10109525BARONIB_2025-03-11_G28,10109525BARONIB,2025-03-11,123562,1,10,0,291.0
10109525BARONIB_2025-03-11_G29,10109525BARONIB,2025-03-11,123344,1,35,0,927.0
10109525BARONIB_2025-03-11_G30,10109525BARONIB,2025-03-11,120389,1,15,0,265.0
10109525BARONIB_2025-03-11_G31,10109525BARONIB,2025-03-11,121760,1,20,0,601.0
10109525BARONIB_2025-03-11_G32,10109525BARONIB,2025-03-11,123345,1,15,0,341.0
10109525BARONIB_2025-03-11_G33,10109525BARONIB,2025-03-11,123313,1,2,0,187.0
10109525BARONIB_2025-03-11_G34,10109525BARONIB,2025-03-11,124594,1,12,0,612.0
10109525BARONIB_2025-03-11_G36,10109525BARONIB,2025-03-11,120028,1,4,0,31.0
10109525BARONIB_2025-03-11_G37,10109525BARONIB,2025-03-11,120028,1,4,0,304.0
10109525BARONIB_2025-03-11_G38,10109525BARONIB,2025-03-11,122671,1,20,0,590.0
10109525BARONIB_2025-03-11_G39,10109525BARONIB,2025-03-11,120028,1,2,0,102.0
10109525BARONIB_2025-03-11_G40,10109525BARONIB,2025-03-11,120028,1,2,0,108.0
10109525BARONIB_2025-03-11_G41,10109525BARONIB,2025-03-11,123492,2,4,14,505.0
10109525BARONIB_2025-03-11_G42,10109525BARONIB,2025-03-11,123081,1,4,0,121.0
10109525BARONIB_2025-03-11_G43,10109525BARONIB,2025-03-11,121760,1,50,0,1039.0
10109525BARONIB_2025-03-11_G44,10109525BARONIB,2025-03-11,122986,1,20,0,313.0
10109525BARONIB_2025-03-11_G45,10109525BARONIB,2025-03-11,123080,1,2,0,221.0
10109525BARONIB_2025-03-12_G02,10109525BARONIB,2025-03-12,121923,1,15,0,407.0
10109525BARONIB_2025-03-12_G03,10109525BARONIB,2025-03-12,122982,1,8,0,268.0
10109525BARONIB_2025-03-12_G04,10109525BARONIB,2025-03-12,123344,1,40,0,480.0
10109525BARONIB_2025-03-12_G05,10109525BARONIB,2025-03-12,123313,1,2,0,354.0
10109525BARONIB_2025-03-12_G06,10109525BARONIB,2025-03-12,122671,2,8,7,243.0
10109525BARONIB_2025-03-12_G07,10109525BARONIB,2025-03-12,121760,2,8,10,180.0
10109525BARONIB_2025-03-12_G08,10109525BARONIB,2025-03-12,124475,1,14,0,197.0
10109525BARONIB_2025-03-12_G09,10109525BARONIB,2025-03-12,123561,1,27,0,1024.0
10109525BARONIB_2025-03-12_G10,10109525BARONIB,2025-03-12,122962,1,9,0,99.0
10109525BARONIB_2025-03-12_G11,10109525BARONIB,2025-03-12,123561,1,8,0,181.0
10109525BARONIB_2025-03-12_G12,10109525BARONIB,2025-03-12,124247,1,3,0,217.0
10109525BARONIB_2025-03-12_G13,10109525BARONIB,2025-03-12,123345,1,15,0,225.0
10109525BARONIB_2025-03-12_G14,10109525BARONIB,2025-03-12,123343,1,4,0,198.0
10109525BARONIB_2025-03-12_G15,10109525BARONIB,2025-03-12,123343,1,3,0,60.0
10109525BARONIB_2025-03-12_G16,10109525BARONIB,2025-03-12,123343,1,12,0,436.0
10109525BARONIB_2025-03-12_G17,10109525BARONIB,2025-03-12,124248,1,50,0,805.0
10109525BARONIB_2025-03-12_G18,10109525BARONIB,2025-03-12,181280,1,1,0,545.0
10109525BARONIB_2025-03-12_G19,10109525BARONIB,2025-03-12,123909,1,12,0,290.0
10109525BARONIB_2025-03-12_G20,10109525BARONIB,2025-03-12,120008,1,11,0,224.0
10109525BARONIB_2025-03-12_G22,10109525BARONIB,2025-03-12,121760,1,10,0,308.0
10109525BARONIB_2025-03-12_G23,10109525BARONIB,2025-03-12,121651,1,10,0,195.0
10109525BARONIB_2025-03-12_G24,10109525BARONIB,2025-03-12,124486,1,14,0,264.0
10109525BARONIB_2025-03-12_G25,10109525BARONIB,2025-03-12,123153,1,20,0,355.0
10109525BARONIB_2025-03-12_G26,10109525BARONIB,2025-03-12,124476,1,12,0,166.0
10109525BARONIB_2025-03-12_G27,10109525BARONIB,2025-03-12,124476,1,8,0,37.0
10109525BARONIB_2025-03-12_G28,10109525BARONIB,2025-03-12,123345,1,10,0,88.0
10109525BARONIB_2025-03-12_G29,10109525BARONIB,2025-03-12,122986,1,8,0,276.0
10109525BARONIB_2025-03-12_G30,10109525BARONIB,2025-03-12,122981,1,20,0,322.0
10109525BARONIB_2025-03-12_G31,10109525BARONIB,2025-03-12,122983,1,18,0,238.0
10109525BARONIB_2025-03-12_G32,10109525BARONIB,2025-03-12,122983,1,40,0,902.0
10109525BARONIB_2025-03-12_G33,10109525BARONIB,2025-03-12,122962,1,100,0,1759.0
10109525BARONIB_2025-03-12_G34,10109525BARONIB,2025-03-12,122962,1,60,0,605.0
10109525BARONIB_2025-03-12_G35,10109525BARONIB,2025-03-12,124247,1,7,0,399.0
10109525BARONIB_2025-03-12_G36,10109525BARONIB,2025-03-12,124248,1,20,0,565.0
10109525BARONIB_2025-03-12_G37,10109525BARONIB,2025-03-12,124476,1,1,0,112.0
10109525BARONIB_2025-03-12_G38,10109525BARONIB,2025-03-12,122985,1,20,0,662.0
10109525BARONIB_2025-03-12_G39,10109525BARONIB,2025-03-12,124475,1,8,0,150.0
10109525BARONIB_2025-03-12_G40,10109525BARONIB,2025-03-12,124370,1,10,0,269.0
10109525BARONIB_2025-03-13_G02,10109525BARONIB,2025-03-13,123911,1,10,0,652.0
10109525BARONIB_2025-03-13_G03,10109525BARONIB,2025-03-13,120339,1,2,0,768.0
10109525BARONIB_2025-03-13_G04,10109525BARONIB,2025-03-13,114647,1,4,0,131.0
10109525BARONIB_2025-03-13_G05,10109525BARONIB,2025-03-13,122983,1,4,0,422.0
10109525BARONIB_2025-03-13_G06,10109525BARONIB,2025-03-13,124247,1,2,0,75.0
10109525BARONIB_2025-03-14_G02,10109525BARONIB,2025-03-14,180601,1,1,0,490.0
10109525BARONIB_2025-03-14_G03,10109525BARONIB,2025-03-14,180601,1,1,0,319.0
10109525BARONIB_2025-03-14_G04,10109525BARONIB,2025-03-14,180601,2,2,19,364.0
10109525BARONIB_2025-03-14_G05,10109525BARONIB,2025-03-14,123561,1,42,0,2443.0
10109525BARONIB_2025-03-14_G06,10109525BARONIB,2025-03-14,122967,1,39,0,620.0
10109525BARONIB_2025-03-14_G07,10109525BARONIB,2025-03-14,122188,1,20,0,434.0
10109525BARONIB_2025-03-16_G02,10109525BARONIB,2025-03-16,124486,1,40,0,718.0
10109525BARONIB_2025-03-17_G02,10109525BARONIB,2025-03-17,124476,1,7,0,177.0
10109525BARONIB_2025-03-17_G03,10109525BARONIB,2025-03-17,122984,1,10,0,503.0
10109525BARONIB_2025-03-17_G04,10109525BARONIB,2025-03-17,122962,1,100,0,1387.0
10109525BARONIB_2025-03-17_G05,10109525BARONIB,2025-03-17,124371,1,60,0,1227.0
10109525BARONIB_2025-03-17_G06,10109525BARONIB,2025-03-17,121651,1,10,0,197.0
10109525BARONIB_2025-03-17_G07,10109525BARONIB,2025-03-17,122983,1,30,0,560.0
10109525BARONIB_2025-03-17_G08,10109525BARONIB,2025-03-17,124370,1,70,0,1479.0
10109525BARONIB_2025-03-17_G09,10109525BARONIB,2025-03-17,124594,1,20,0,629.0
10109525BARONIB_2025-03-17_G11,10109525BARONIB,2025-03-17,181815,1,7,0,234.0
10109525BARONIB_2025-03-17_G12,10109525BARONIB,2025-03-17,122962,1,4,0,669.0
10109525BARONIB_2025-03-17_G13,10109525BARONIB,2025-03-17,122647,1,2,0,137.0
10109525BARONIB_2025-03-17_G14,10109525BARONIB,2025-03-17,123492,1,9,0,1296.0
10109525BARONIB_2025-03-17_G15,10109525BARONIB,2025-03-17,124247,1,4,0,116.0
10109525BARONIB_2025-03-17_G16,10109525BARONIB,2025-03-17,122985,1,3,0,143.0
10109525BARONIB_2025-03-17_G17,10109525BARONIB,2025-03-17,122962,1,6,0,293.0
10109525BARONIB_2025-03-17_G18,10109525BARONIB,2025-03-17,121760,1,4,0,31.0
10109525BARONIB_2025-03-17_G19,10109525BARONIB,2025-03-17,124248,1,2,0,365.0
10109525BARONIB_2025-03-17_G20,10109525BARONIB,2025-03-17,122673,1,2,0,163.0
10109525BARONIB_2025-03-17_G21,10109525BARONIB,2025-03-17,124476,1,1,0,488.0
10109525BARONIB_2025-03-17_G22,10109525BARONIB,2025-03-17,123343,1,10,0,1222.0
10109525BARONIB_2025-03-19_G02,10109525BARONIB,2025-03-19,123345,1,12,0,814.0
10109525BARONIB_2025-03-19_G03,10109525BARONIB,2025-03-19,123343,1,12,0,834.0
10109525BARONIB_2025-03-20_G02,10109525BARONIB,2025-03-20,121651,1,10,0,937.0
10109525BARONIB_2025-03-20_G03,10109525BARONIB,2025-03-20,123153,1,40,0,827.0
10109525BARONIB_2025-03-20_G04,10109525BARONIB,2025-03-20,121651,1,120,0,1848.0
10109525BARONIB_2025-03-20_G05,10109525BARONIB,2025-03-20,122671,1,10,0,365.0
10109525BARONIB_2025-03-20_G06,10109525BARONIB,2025-03-20,124248,1,4,0,82.0
10109525BARONIB_2025-03-20_G07,10109525BARONIB,2025-03-20,123562,1,11,0,329.0
10109525BARONIB_2025-03-20_G09,10109525BARONIB,2025-03-20,120272,1,36,0,2643.0
10109525BARONIB_2025-03-20_G10,10109525BARONIB,2025-03-20,121651,1,60,0,796.0
10109525BARONIB_2025-03-20_G11,10109525BARONIB,2025-03-20,122185,1,206,0,3091.0
10109525BARONIB_2025-03-20_G12,10109525BARONIB,2025-03-20,121760,1,9,0,2007.0
10109525BARONIB_2025-03-20_G13,10109525BARONIB,2025-03-20,123153,1,28,0,261.0
10109525BARONIB_2025-03-20_G14,10109525BARONIB,2025-03-20,123345,1,32,0,296.0
10109525BARONIB_2025-03-20_G16,10109525BARONIB,2025-03-20,123521,1,6,0,64.0
10109525BARONIB_2025-03-20_G17,10109525BARONIB,2025-03-20,123313,1,2,0,274.0
10109525BARONIB_2025-03-20_G18,10109525BARONIB,2025-03-20,123345,1,22,0,414.0
10109525BARONIB_2025-03-20_G19,10109525BARONIB,2025-03-20,123344,1,9,0,653.0
10109525BARONIB_2025-03-20_G20,10109525BARONIB,2025-03-20,124486,1,50,0,616.0
10109525BARONIB_2025-03-20_G21,10109525BARONIB,2025-03-20,123909,1,2,0,73.0
10109525BARONIB_2025-03-20_G22,10109525BARONIB,2025-03-20,124248,1,8,0,695.0
10109525BARONIB_2025-03-20_G23,10109525BARONIB,2025-03-20,122673,1,4,0,678.0
10109525BARONIB_2025-03-20_G24,10109525BARONIB,2025-03-20,122673,1,2,0,64.0
10109525BARONIB_2025-03-20_G25,10109525BARONIB,2025-03-20,123909,1,1,0,54.0
10109525BARONIB_2025-03-21_G02,10109525BARONIB,2025-03-21,121760,1,7,0,235.0
10109525BARONIB_2025-03-21_G03,10109525BARONIB,2025-03-21,123313,1,4,0,358.0
10109525BARONIB_2025-03-21_G04,10109525BARONIB,2025-03-21,124247,1,3,0,115.0
10109525BARONIB_2025-03-21_G05,10109525BARONIB,2025-03-21,114671,1,4,0,891.0
10109525BARONIB_2025-03-21_G06,10109525BARONIB,2025-03-21,121651,1,7,0,125.0
10109525BARONIB_2025-03-21_G07,10109525BARONIB,2025-03-21,121651,1,10,0,2306.0
10109525BARONIB_2025-03-21_G08,10109525BARONIB,2025-03-21,124371,1,24,0,276.0
10109525BARONIB_2025-03-21_G09,10109525BARONIB,2025-03-21,124247,1,8,0,289.0
10109525BARONIB_2025-03-21_G10,10109525BARONIB,2025-03-21,124247,1,6,0,84.0
10109525BARONIB_2025-03-21_G11,10109525BARONIB,2025-03-21,123153,1,20,0,250.0
10109525BARONIB_2025-03-21_G12,10109525BARONIB,2025-03-21,121760,1,20,0,203.0
10109525BARONIB_2025-03-21_G13,10109525BARONIB,2025-03-21,121760,1,25,0,202.0
10109525BARONIB_2025-03-21_G14,10109525BARONIB,2025-03-21,124370,1,24,0,402.0
10109525BARONIB_2025-03-21_G15,10109525BARONIB,2025-03-21,124475,1,8,0,83.0
10109525BARONIB_2025-03-21_G16,10109525BARONIB,2025-03-21,123345,1,20,0,145.0
10109525BARONIB_2025-03-21_G17,10109525BARONIB,2025-03-21,122647,1,4,0,294.0
10109525BARONIB_2025-03-21_G18,10109525BARONIB,2025-03-21,122647,1,4,0,38.0
10109525BARONIB_2025-03-21_G20,10109525BARONIB,2025-03-21,122962,1,140,0,1901.0
10109525BARONIB_2025-03-21_G21,10109525BARONIB,2025-03-21,124486,1,80,0,756.0
10109525BARONIB_2025-03-21_G22,10109525BARONIB,2025-03-21,123909,1,24,0,445.0
10109525BARONIB_2025-03-21_G23,10109525BARONIB,2025-03-21,124247,1,12,0,141.0
10109525BARONIB_2025-03-21_G24,10109525BARONIB,2025-03-21,122988,1,4,0,648.0
10109525BARONIB_2025-03-21_G25,10109525BARONIB,2025-03-21,122647,1,60,0,1277.0
10109525BARONIB_2025-03-21_G26,10109525BARONIB,2025-03-21,122983,1,16,0,309.0
10109525BARONIB_2025-03-21_G27,10109525BARONIB,2025-03-21,122962,1,20,0,158.0
10109525BARONIB_2025-03-21_G28,10109525BARONIB,2025-03-21,123822,1,16,0,268.0
10109525BARONIB_2025-03-21_G29,10109525BARONIB,2025-03-21,124247,1,8,0,95.0
10109525BARONIB_2025-03-21_G30,10109525BARONIB,2025-03-21,122962,1,40,0,552.0
10109525BARONIB_2025-03-21_G31,10109525BARONIB,2025-03-21,124248,1,20,0,209.0
10109525BARONIB_2025-03-21_G32,10109525BARONIB,2025-03-21,122984,1,16,0,244.0
10109525BARONIB_2025-03-21_G33,10109525BARONIB,2025-03-21,123909,1,62,0,649.0
10109525BARONIB_2025-03-21_G35,10109525BARONIB,2025-03-21,123345,1,2,0,85.0
10109525BARONIB_2025-03-21_G36,10109525BARONIB,2025-03-21,123343,1,2,0,73.0
10109525BARONIB_2025-03-21_G37,10109525BARONIB,2025-03-21,123909,1,2,0,99.0
10109525BARONIB_2025-03-21_G38,10109525BARONIB,2025-03-21,"121760, 123344",2,5,27,118.0
10109525BARONIB_2025-03-22_G02,10109525BARONIB,2025-03-22,123343,1,6,0,137.0
10109525BARONIB_2025-03-22_G03,10109525BARONIB,2025-03-22,122671,1,32,0,567.0
10109525BARONIB_2025-03-22_G04,10109525BARONIB,2025-03-22,122983,1,112,0,1834.0
10109525BARONIB_2025-03-22_G05,10109525BARONIB,2025-03-22,124248,1,30,0,338.0
10109525BARONIB_2025-03-22_G06,10109525BARONIB,2025-03-22,122185,1,180,0,1893.0
10109525BARONIB_2025-03-22_G07,10109525BARONIB,2025-03-22,122196,1,5,0,75.0
10109525BARONIB_2025-03-22_G08,10109525BARONIB,2025-03-22,123153,1,30,0,760.0
10109525BARONIB_2025-03-22_G09,10109525BARONIB,2025-03-22,123889,1,50,0,820.0
10109525BARONIB_2025-03-22_G11,10109525BARONIB,2025-03-22,123343,1,5,0,394.0
10109525BARONIB_2025-03-22_G12,10109525BARONIB,2025-03-22,122986,1,40,0,810.0
10109525BARONIB_2025-03-22_G13,10109525BARONIB,2025-03-22,124247,1,40,0,771.0
10109525BARONIB_2025-03-22_G14,10109525BARONIB,2025-03-22,122981,1,2,0,100.0
10109525BARONIB_2025-03-22_G15,10109525BARONIB,2025-03-22,123153,1,20,0,334.0
10109525BARONIB_2025-03-22_G16,10109525BARONIB,2025-03-22,120287,1,2,0,75.0
10109525BARONIB_2025-03-22_G17,10109525BARONIB,2025-03-22,123343,1,4,0,293.0
10109525BARONIB_2025-03-22_G18,10109525BARONIB,2025-03-22,124486,1,12,0,232.0
10109525BARONIB_2025-03-22_G19,10109525BARONIB,2025-03-22,123909,1,6,0,66.0
10109525BARONIB_2025-03-22_G20,10109525BARONIB,2025-03-22,122647,1,8,0,181.0
10109525BARONIB_2025-03-22_G21,10109525BARONIB,2025-03-22,123909,1,36,0,485.0
10109525BARONIB_2025-03-22_G22,10109525BARONIB,2025-03-22,123521,1,20,0,1099.0
10109525BARONIB_2025-03-22_G23,10109525BARONIB,2025-03-22,121651,1,30,0,559.0
10109525BARONIB_2025-03-22_G24,10109525BARONIB,2025-03-22,123344,1,25,0,645.0
10109525BARONIB_2025-03-22_G25,10109525BARONIB,2025-03-22,124248,1,5,0,241.0
10109525BARONIB_2025-03-22_G26,10109525BARONIB,2025-03-22,124486,1,6,0,162.0
10109525BARONIB_2025-03-22_G27,10109525BARONIB,2025-03-22,122983,1,84,0,1011.0
10109525BARONIB_2025-03-22_G28,10109525BARONIB,2025-03-22,122986,1,6,0,95.0
10109525BARONIB_2025-03-22_G29,10109525BARONIB,2025-03-22,122185,1,7,0,154.0
10109525BARONIB_2025-03-22_G30,10109525BARONIB,2025-03-22,122984,1,8,0,94.0
10109525BARONIB_2025-03-22_G31,10109525BARONIB,2025-03-22,122981,1,8,0,140.0
10109525BARONIB_2025-03-22_G32,10109525BARONIB,2025-03-22,120271,1,6,0,99.0
10109525BARONIB_2025-03-22_G33,10109525BARONIB,2025-03-22,122986,1,4,0,86.0
10109525BARONIB_2025-03-22_G34,10109525BARONIB,2025-03-22,122981,1,4,0,74.0
10109525BARONIB_2025-03-22_G35,10109525BARONIB,2025-03-22,123562,1,2,0,77.0
10109525BARONIB_2025-03-22_G36,10109525BARONIB,2025-03-22,123343,1,3,0,109.0
10109525BARONIB_2025-03-22_G37,10109525BARONIB,2025-03-22,124486,1,4,0,158.0
10109525BARONIB_2025-03-22_G38,10109525BARONIB,2025-03-22,122962,1,16,0,208.0
10109525BARONIB_2025-03-25_G02,10109525BARONIB,2025-03-25,121651,1,21,0,386.0
10109525BARONIB_2025-03-26_G03,10109525BARONIB,2025-03-26,122984,1,10,0,183.0
10109525BARONIB_2025-03-26_G04,10109525BARONIB,2025-03-26,122671,1,5,0,123.0
10109525BARONIB_2025-03-26_G05,10109525BARONIB,2025-03-26,121760,1,10,0,218.0
10109525BARONIB_2025-03-26_G06,10109525BARONIB,2025-03-26,120271,1,8,0,284.0
10109525BARONIB_2025-03-26_G07,10109525BARONIB,2025-03-26,121923,1,6,0,93.0
10109525BARONIB_2025-03-26_G08,10109525BARONIB,2025-03-26,122983,1,24,0,289.0
10109525BARONIB_2025-03-26_G09,10109525BARONIB,2025-03-26,122185,1,9,0,187.0
10109525BARONIB_2025-03-26_G10,10109525BARONIB,2025-03-26,124247,1,12,0,321.0
10109525BARONIB_2025-03-26_G11,10109525BARONIB,2025-03-26,124247,1,2,0,63.0
10109525BARONIB_2025-03-26_G12,10109525BARONIB,2025-03-26,124370,1,10,0,221.0
10109525BARONIB_2025-03-26_G13,10109525BARONIB,2025-03-26,122671,1,2,0,458.0
10109525BARONIB_2025-03-26_G14,10109525BARONIB,2025-03-26,122986,1,8,0,102.0
10109525BARONIB_2025-03-26_G15,10109525BARONIB,2025-03-26,120339,1,12,0,422.0
10109525BARONIB_2025-03-26_G16,10109525BARONIB,2025-03-26,123909,1,6,0,255.0
10109525BARONIB_2025-03-26_G17,10109525BARONIB,2025-03-26,122986,1,10,0,315.0
10109525BARONIB_2025-03-26_G18,10109525BARONIB,2025-03-26,110313,1,60,0,840.0
10109525BARONIB_2025-03-26_G19,10109525BARONIB,2025-03-26,110741,1,30,0,288.0
10109525BARONIB_2025-03-26_G20,10109525BARONIB,2025-03-26,111602,1,10,0,102.0
10109525BARONIB_2025-03-26_G21,10109525BARONIB,2025-03-26,117785,1,50,0,436.0
10109525BARONIB_2025-03-26_G22,10109525BARONIB,2025-03-26,117786,1,9,0,131.0
10109525BARONIB_2025-03-26_G23,10109525BARONIB,2025-03-26,117786,1,330,0,524.0
10109525BARONIB_2025-03-26_G24,10109525BARONIB,2025-03-26,110373,1,375,0,714.0
10109525BARONIB_2025-03-26_G25,10109525BARONIB,2025-03-26,111465,1,94,0,325.0
10109525BARONIB_2025-03-26_G26,10109525BARONIB,2025-03-26,109647,1,700,0,1683.0
10109525BARONIB_2025-03-26_G28,10109525BARONIB,2025-03-26,123492,1,24,0,427.0
10109525BARONIB_2025-03-26_G29,10109525BARONIB,2025-03-26,120028,1,100,0,1582.0
10109525BARONIB_2025-03-26_G30,10109525BARONIB,2025-03-26,122673,1,11,0,509.0
10109525BARONIB_2025-03-26_G31,10109525BARONIB,2025-03-26,123561,1,2,0,81.0
10109525BARONIB_2025-03-27_G02,10109525BARONIB,2025-03-27,122984,1,17,0,283.0
10109525BARONIB_2025-03-27_G03,10109525BARONIB,2025-03-27,124475,1,6,0,80.0
10109525BARONIB_2025-03-27_G04,10109525BARONIB,2025-03-27,122983,1,54,0,1050.0
10109525BARONIB_2025-03-27_G05,10109525BARONIB,2025-03-27,121651,1,88,0,1412.0
10109525BARONIB_2025-03-27_G06,10109525BARONIB,2025-03-27,124247,1,10,0,174.0
10109525BARONIB_2025-03-27_G07,10109525BARONIB,2025-03-27,123345,1,10,0,134.0
10109525BARONIB_2025-03-27_G08,10109525BARONIB,2025-03-27,122185,1,300,0,1436.0
10109525BARONIB_2025-03-27_G09,10109525BARONIB,2025-03-27,124475,1,8,0,242.0
10109525BARONIB_2025-03-27_G10,10109525BARONIB,2025-03-27,120339,1,15,0,549.0
10109525BARONIB_2025-03-27_G11,10109525BARONIB,2025-03-27,123561,1,4,0,70.0
10109525BARONIB_2025-03-27_G12,10109525BARONIB,2025-03-27,120339,1,3,0,200.0
10109525BARONIB_2025-03-27_G14,10109525BARONIB,2025-03-27,124248,1,1,0,101.0
10109525BARONIB_2025-03-27_G15,10109525BARONIB,2025-03-27,124247,1,4,0,305.0
10109525BARONIB_2025-03-27_G16,10109525BARONIB,2025-03-27,124248,1,5,0,197.0
10109525BARONIB_2025-03-27_G17,10109525BARONIB,2025-03-27,122185,1,14,0,253.0
10109525BARONIB_2025-03-27_G18,10109525BARONIB,2025-03-27,122984,1,2,0,49.0
10109525BARONIB_2025-03-27_G19,10109525BARONIB,2025-03-27,122671,1,2,0,150.0
10109525BARONIB_2025-03-27_G20,10109525BARONIB,2025-03-27,121651,1,2,0,113.0
10109525BARONIB_2025-03-27_G21,10109525BARONIB,2025-03-27,124475,1,10,0,265.0
10109525BARONIB_2025-03-27_G22,10109525BARONIB,2025-03-27,122984,1,4,0,66.0
10109525BARONIB_2025-03-27_G23,10109525BARONIB,2025-03-27,124476,1,11,0,353.0
10109525BARONIB_2025-03-27_G24,10109525BARONIB,2025-03-27,121760,1,8,0,193.0
10109525BARONIB_2025-03-27_G25,10109525BARONIB,2025-03-27,122671,1,4,0,324.0
10109525BARONIB_2025-03-27_G26,10109525BARONIB,2025-03-27,124486,1,2,0,104.0
10109525BARONIB_2025-03-27_G27,10109525BARONIB,2025-03-27,122962,1,24,0,354.0
10109525BARONIB_2025-03-27_G28,10109525BARONIB,2025-03-27,123345,1,2,0,274.0
10109525BARONIB_2025-03-27_G29,10109525BARONIB,2025-03-27,120389,1,8,0,176.0
10109525BARONIB_2025-03-27_G30,10109525BARONIB,2025-03-27,120339,1,4,0,80.0
10109525BARONIB_2025-03-27_G31,10109525BARONIB,2025-03-27,122962,1,5,0,165.0
10109525BARONIB_2025-03-27_G32,10109525BARONIB,2025-03-27,122962,1,27,0,245.0
10109525BARONIB_2025-03-27_G33,10109525BARONIB,2025-03-27,121760,1,4,0,314.0
10109525BARONIB_2025-03-27_G34,10109525BARONIB,2025-03-27,123909,1,2,0,202.0
10109525BARONIB_2025-03-27_G35,10109525BARONIB,2025-03-27,122984,1,18,0,311.0
10109525BARONIB_2025-03-27_G36,10109525BARONIB,2025-03-27,124248,1,4,0,68.0
10109525BARONIB_2025-03-27_G37,10109525BARONIB,2025-03-27,122983,1,2,0,104.0
10109525BARONIB_2025-03-27_G38,10109525BARONIB,2025-03-27,124248,1,5,0,59.0
10109525BARONIB_2025-03-27_G39,10109525BARONIB,2025-03-27,124247,1,2,0,131.0
10109525BARONIB_2025-03-27_G40,10109525BARONIB,2025-03-27,124247,2,8,9,89.0
10109525BARONIB_2025-03-27_G41,10109525BARONIB,2025-03-27,124248,1,2,0,142.0
10109525BARONIB_2025-03-27_G42,10109525BARONIB,2025-03-27,124248,1,5,0,301.0
10109525BARONIB_2025-03-27_G43,10109525BARONIB,2025-03-27,120389,1,8,0,509.0
10109525BARONIB_2025-03-27_G44,10109525BARONIB,2025-03-27,121651,1,30,0,299.0
10109525BARONIB_2025-03-27_G45,10109525BARONIB,2025-03-27,120028,1,20,0,481.0
10109525BARONIB_2025-03-27_G46,10109525BARONIB,2025-03-27,122962,1,48,0,844.0
10109525BARONIB_2025-03-27_G47,10109525BARONIB,2025-03-27,122647,1,50,0,601.0
10109525BARONIB_2025-03-27_G48,10109525BARONIB,2025-03-27,122962,1,100,0,1034.0
10109525BARONIB_2025-03-28_G02,10109525BARONIB,2025-03-28,124371,1,100,0,2332.0
10109525BARONIB_2025-03-28_G03,10109525BARONIB,2025-03-28,121651,2,8,20,491.0
10109525BARONIB_2025-03-28_G04,10109525BARONIB,2025-03-28,121651,1,4,0,150.0
10109525BARONIB_2025-03-28_G05,10109525BARONIB,2025-03-28,122984,1,120,0,2980.0
10109525BARONIB_2025-03-28_G06,10109525BARONIB,2025-03-28,124248,1,30,0,285.0
10109525BARONIB_2025-03-28_G07,10109525BARONIB,2025-03-28,120389,1,36,0,949.0
10109525BARONIB_2025-03-28_G08,10109525BARONIB,2025-03-28,122985,1,1,0,47.0
10109525BARONIB_2025-03-28_G09,10109525BARONIB,2025-03-28,123344,1,8,0,169.0
10109525BARONIB_2025-03-28_G10,10109525BARONIB,2025-03-28,123343,1,2,0,120.0
10109525BARONIB_2025-03-28_G11,10109525BARONIB,2025-03-28,123345,1,6,0,336.0
10109525BARONIB_2025-03-28_G12,10109525BARONIB,2025-03-28,123822,1,22,0,671.0
10109525BARONIB_2025-03-28_G13,10109525BARONIB,2025-03-28,124486,1,6,0,129.0
10109525BARONIB_2025-03-28_G14,10109525BARONIB,2025-03-28,123947,1,10,0,363.0
10109525BARONIB_2025-03-28_G15,10109525BARONIB,2025-03-28,120389,1,2,0,90.0
10109525BARONIB_2025-03-28_G16,10109525BARONIB,2025-03-28,122673,1,4,0,77.0
10109525BARONIB_2025-03-28_G17,10109525BARONIB,2025-03-28,123343,1,2,0,75.0
10109525BARONIB_2025-03-28_G18,10109525BARONIB,2025-03-28,123909,1,4,0,196.0
10109525BARONIB_2025-03-28_G19,10109525BARONIB,2025-03-28,124486,1,8,0,169.0
10109525BARONIB_2025-03-28_G20,10109525BARONIB,2025-03-28,"120389, 123343",2,4,27,142.0
10109525BARONIB_2025-03-28_G22,10109525BARONIB,2025-03-28,123313,1,4,0,377.0
10109525BARONIB_2025-03-28_G23,10109525BARONIB,2025-03-28,118140,1,4,0,1540.0
10109525BARONIB_2025-03-28_G24,10109525BARONIB,2025-03-28,111466,1,2,0,44.0
10109525BARONIB_2025-03-28_G25,10109525BARONIB,2025-03-28,110373,1,4,0,42.0
10109525BARONIB_2025-03-28_G26,10109525BARONIB,2025-03-28,109640,1,26,0,443.0
10109525BARONIB_2025-03-28_G27,10109525BARONIB,2025-03-28,111530,1,7,0,94.0
10109525BARONIB_2025-03-28_G28,10109525BARONIB,2025-03-28,111467,1,5,0,883.0
10109525BARONIB_2025-03-28_G29,10109525BARONIB,2025-03-28,111530,1,2,0,79.0
10109525BARONIB_2025-03-28_G30,10109525BARONIB,2025-03-28,"111438, 111530",2,6,30,82.0
10109525BARONIB_2025-03-28_G31,10109525BARONIB,2025-03-28,118140,1,3,0,108.0
10109525BARONIB_2025-03-28_G32,10109525BARONIB,2025-03-28,111462,1,4,0,57.0
10109525BARONIB_2025-03-28_G33,10109525BARONIB,2025-03-28,"111469, 117821",2,4,17,85.0
10109525BARONIB_2025-03-28_G34,10109525BARONIB,2025-03-28,117831,1,4,0,64.0
10109525BARONIB_2025-03-28_G35,10109525BARONIB,2025-03-28,"110787, 117785",2,5,17,73.0
10109525BARONIB_2025-03-28_G36,10109525BARONIB,2025-03-28,117809,1,11,0,126.0
10109525BARONIB_2025-03-28_G37,10109525BARONIB,2025-03-28,117808,1,26,0,209.0
10109525BARONIB_2025-03-28_G38,10109525BARONIB,2025-03-28,110372,1,6,0,164.0
10109525BARONIB_2025-03-28_G39,10109525BARONIB,2025-03-28,110092,1,4,0,402.0
10109525BARONIB_2025-03-28_G40,10109525BARONIB,2025-03-28,109640,1,6,0,126.0
10109525BARONIB_2025-03-28_G41,10109525BARONIB,2025-03-28,111348,1,2,0,92.0
10109525BARONIB_2025-03-28_G42,10109525BARONIB,2025-03-28,109647,1,2,0,119.0
10109525BARONIB_2025-03-28_G43,10109525BARONIB,2025-03-28,110747,1,6,0,194.0
10109525BARONIB_2025-03-28_G44,10109525BARONIB,2025-03-28,111430,1,2,0,87.0
10109525BARONIB_2025-03-28_G45,10109525BARONIB,2025-03-28,117834,1,2,0,60.0
10109525BARONIB_2025-03-28_G46,10109525BARONIB,2025-03-28,110733,1,5,0,178.0
10109525BARONIB_2025-03-28_G47,10109525BARONIB,2025-03-28,118140,1,12,0,151.0
10109525BARONIB_2025-03-28_G48,10109525BARONIB,2025-03-28,111418,1,12,0,113.0
10109525BARONIB_2025-03-28_G49,10109525BARONIB,2025-03-28,111469,1,12,0,162.0
10109525BARONIB_2025-03-28_G50,10109525BARONIB,2025-03-28,109643,1,12,0,173.0
10109525BARONIB_2025-03-28_G51,10109525BARONIB,2025-03-28,118306,1,12,0,115.0
10109525BARONIB_2025-03-28_G52,10109525BARONIB,2025-03-28,110325,1,4,0,162.0
10109525BARONIB_2025-03-28_G53,10109525BARONIB,2025-03-28,109640,1,16,0,308.0
10109525BARONIB_2025-03-28_G54,10109525BARONIB,2025-03-28,109641,1,28,0,365.0
10109525BARONIB_2025-03-28_G55,10109525BARONIB,2025-03-28,109640,1,4,0,101.0
10109525BARONIB_2025-03-28_G56,10109525BARONIB,2025-03-28,109640,1,4,0,55.0
10109525BARONIB_2025-03-28_G57,10109525BARONIB,2025-03-28,111435,1,4,0,139.0
10109525BARONIB_2025-03-29_G02,10109525BARONIB,2025-03-29,124476,1,14,0,300.0
10109525BARONIB_2025-03-29_G03,10109525BARONIB,2025-03-29,124476,1,6,0,53.0
10109525BARONIB_2025-03-29_G04,10109525BARONIB,2025-03-29,122673,1,8,0,403.0
10109525BARONIB_2025-03-29_G05,10109525BARONIB,2025-03-29,122968,1,26,0,525.0
10109525BARONIB_2025-03-29_G06,10109525BARONIB,2025-03-29,120339,1,30,0,937.0
10109525BARONIB_2025-03-29_G07,10109525BARONIB,2025-03-29,120008,2,4,22,229.0
10109525BARONIB_2025-03-29_G08,10109525BARONIB,2025-03-29,122984,1,100,0,1991.0
10109525BARONIB_2025-03-29_G09,10109525BARONIB,2025-03-29,124486,1,37,0,1127.0
10109525BARONIB_2025-03-29_G12,10109525BARONIB,2025-03-29,124486,1,21,0,225.0
10109525BARONIB_2025-03-29_G13,10109525BARONIB,2025-03-29,122647,1,22,0,207.0
10109525BARONIB_2025-03-29_G14,10109525BARONIB,2025-03-29,123909,1,28,0,316.0
10109525BARONIB_2025-03-29_G15,10109525BARONIB,2025-03-29,122984,1,17,0,380.0
10109525BARONIB_2025-03-29_G16,10109525BARONIB,2025-03-29,122983,1,1,0,69.0
10109525BARONIB_2025-03-29_G17,10109525BARONIB,2025-03-29,124433,1,45,0,599.0
10109525BARONIB_2025-03-29_G18,10109525BARONIB,2025-03-29,123345,1,50,0,432.0
10109525BARONIB_2025-03-29_G19,10109525BARONIB,2025-03-29,122985,1,63,0,240.0
10109525BARONIB_2025-03-29_G20,10109525BARONIB,2025-03-29,124247,1,50,0,858.0
10109525BARONIB_2025-04-02_G02,10109525BARONIB,2025-04-02,123889,1,27,0,1243.0
10109525BARONIB_2025-04-10_G02,10109525BARONIB,2025-04-10,110755,1,5,0,84.0
10109525BARONIB_2025-04-10_G03,10109525BARONIB,2025-04-10,111438,1,4,0,196.0
10109525BARONIB_2025-04-10_G04,10109525BARONIB,2025-04-10,111569,1,1,0,64.0
10109525BARONIB_2025-04-10_G05,10109525BARONIB,2025-04-10,118403,1,3,0,145.0
10109525BARONIB_2025-04-10_G06,10109525BARONIB,2025-04-10,111598,1,7,0,148.0
10109525BARONIB_2025-04-10_G07,10109525BARONIB,2025-04-10,117855,1,6,0,72.0
10109525BARONIB_2025-04-10_G08,10109525BARONIB,2025-04-10,110752,1,6,0,58.0
10109525BARONIB_2025-04-10_G09,10109525BARONIB,2025-04-10,110711,1,3,0,60.0
10109525BARONIB_2025-04-10_G10,10109525BARONIB,2025-04-10,118004,1,12,0,528.0
10109525BARONIB_2025-04-10_G11,10109525BARONIB,2025-04-10,140922,1,8,0,77.0
10109525BARONIB_2025-04-10_G12,10109525BARONIB,2025-04-10,"111463, 111743",2,10,14,57.0
10109525BARONIB_2025-04-10_G13,10109525BARONIB,2025-04-10,109645,1,6,0,116.0
10109525BARONIB_2025-04-10_G14,10109525BARONIB,2025-04-10,"117838, 111442",2,4,22,53.0
10109525BARONIB_2025-04-10_G15,10109525BARONIB,2025-04-10,105705,1,17,0,103.0
10109525BARONIB_2025-04-10_G16,10109525BARONIB,2025-04-10,117831,1,16,0,89.0
10109525BARONIB_2025-04-10_G17,10109525BARONIB,2025-04-10,111462,1,16,0,160.0
10109525BARONIB_2025-04-10_G18,10109525BARONIB,2025-04-10,111418,1,17,0,607.0
10109525BARONIB_2025-04-10_G19,10109525BARONIB,2025-04-10,117855,1,6,0,417.0
10109525BARONIB_2025-04-10_G20,10109525BARONIB,2025-04-10,111467,1,4,0,66.0
10109525BARONIB_2025-04-10_G21,10109525BARONIB,2025-04-10,111469,1,4,0,126.0
10109525BARONIB_2025-04-11_G02,10109525BARONIB,2025-04-11,111466,1,4,0,48.0
10109525BARONIB_2025-04-11_G03,10109525BARONIB,2025-04-11,111466,1,4,0,258.0
10109525BARONIB_2025-04-11_G04,10109525BARONIB,2025-04-11,111465,1,4,0,81.0
10109525BARONIB_2025-04-11_G05,10109525BARONIB,2025-04-11,118299,1,4,0,99.0
10109525BARONIB_2025-04-11_G06,10109525BARONIB,2025-04-11,117820,1,10,0,125.0
10109525BARONIB_2025-04-11_G07,10109525BARONIB,2025-04-11,110755,1,4,0,273.0
10109525BARONIB_2025-04-11_G08,10109525BARONIB,2025-04-11,117820,1,4,0,127.0
10109525BARONIB_2025-04-11_G09,10109525BARONIB,2025-04-11,118004,1,4,0,98.0
10109525BARONIB_2025-04-11_G10,10109525BARONIB,2025-04-11,110895,1,2,0,555.0
10109525BARONIB_2025-04-11_G11,10109525BARONIB,2025-04-11,117785,1,2,0,136.0
10109525BARONIB_2025-04-11_G12,10109525BARONIB,2025-04-11,117935,1,2,0,132.0
10109525BARONIB_2025-04-11_G13,10109525BARONIB,2025-04-11,118004,1,4,0,164.0
10109525BARONIB_2025-04-11_G14,10109525BARONIB,2025-04-11,109747,1,4,0,1453.0
10109525BARONIB_2025-04-11_G15,10109525BARONIB,2025-04-11,160051,1,2,0,61.0
10109525BARONIB_2025-04-11_G16,10109525BARONIB,2025-04-11,110372,1,50,0,315.0
10109525BARONIB_2025-04-11_G17,10109525BARONIB,2025-04-11,117840,1,4,0,198.0
10109525BARONIB_2025-04-11_G18,10109525BARONIB,2025-04-11,117834,1,6,0,349.0
10109525BARONIB_2025-04-11_G19,10109525BARONIB,2025-04-11,116527,1,4,0,136.0
10109525BARONIB_2025-04-11_G20,10109525BARONIB,2025-04-11,141047,1,2,0,205.0
10109525BARONIB_2025-04-11_G21,10109525BARONIB,2025-04-11,110339,1,3,0,45.0
10109525BARONIB_2025-04-11_G22,10109525BARONIB,2025-04-11,110313,1,4,0,44.0
10109525BARONIB_2025-04-11_G23,10109525BARONIB,2025-04-11,111439,1,6,0,110.0
10109525BARONIB_2025-04-11_G24,10109525BARONIB,2025-04-11,117831,1,12,0,106.0
10109525BARONIB_2025-04-11_G25,10109525BARONIB,2025-04-11,118140,1,10,0,133.0
10109525BARONIB_2025-04-11_G26,10109525BARONIB,2025-04-11,111466,1,6,0,94.0
10109525BARONIB_2025-04-11_G27,10109525BARONIB,2025-04-11,111532,1,12,0,445.0
10109525BARONIB_2025-04-11_G28,10109525BARONIB,2025-04-11,109645,1,8,0,138.0
10109525BARONIB_2025-04-11_G29,10109525BARONIB,2025-04-11,110325,1,6,0,207.0
10109525BARONIB_2025-04-11_G30,10109525BARONIB,2025-04-11,110372,1,5,0,42.0
10109525BARONIB_2025-04-11_G31,10109525BARONIB,2025-04-11,117820,1,16,0,138.0
10109525BARONIB_2025-04-11_G33,10109525BARONIB,2025-04-11,117808,1,10,0,54.0
10109525BARONIB_2025-04-11_G34,10109525BARONIB,2025-04-11,111418,1,39,0,465.0
10109525BARONIB_2025-04-11_G35,10109525BARONIB,2025-04-11,117832,1,8,0,88.0
10109525BARONIB_2025-04-11_G36,10109525BARONIB,2025-04-11,111441,1,4,0,207.0
10109525BARONIB_2025-04-11_G37,10109525BARONIB,2025-04-11,110755,1,8,0,175.0
10109525BARONIB_2025-04-11_G38,10109525BARONIB,2025-04-11,110755,1,6,0,50.0
10109525BARONIB_2025-04-11_G39,10109525BARONIB,2025-04-11,111438,1,8,0,129.0
10109525BARONIB_2025-04-11_G40,10109525BARONIB,2025-04-11,100334,1,2,0,376.0
10109525BARONIB_2025-04-11_G41,10109525BARONIB,2025-04-11,110313,1,4,0,722.0
10109525BARONIB_2025-04-11_G42,10109525BARONIB,2025-04-11,111602,1,4,0,112.0
10109525BARONIB_2025-04-11_G43,10109525BARONIB,2025-04-11,111469,1,12,0,150.0
10109525BARONIB_2025-04-11_G44,10109525BARONIB,2025-04-11,111462,1,8,0,82.0
10109525BARONIB_2025-04-11_G45,10109525BARONIB,2025-04-11,111569,1,12,0,639.0
10109525BARONIB_2025-04-11_G46,10109525BARONIB,2025-04-11,111418,1,16,0,121.0
10109525BARONIB_2025-04-11_G47,10109525BARONIB,2025-04-11,111348,1,4,0,95.0
10109525BARONIB_2025-04-11_G48,10109525BARONIB,2025-04-11,109641,1,2,0,63.0
10109525BARONIB_2025-04-11_G49,10109525BARONIB,2025-04-11,111172,1,5,0,40.0
10109525BARONIB_2025-04-11_G50,10109525BARONIB,2025-04-11,111763,1,2,0,60.0
10109525BARONIB_2025-04-11_G51,10109525BARONIB,2025-04-11,117821,1,6,0,89.0
10109525BARONIB_2025-04-11_G52,10109525BARONIB,2025-04-11,110374,1,3,0,172.0
10109525BARONIB_2025-04-11_G53,10109525BARONIB,2025-04-11,117855,1,20,0,274.0
10109525BARONIB_2025-04-11_G54,10109525BARONIB,2025-04-11,"118299, 110373",2,34,15,161.0
10109525BARONIB_2025-04-11_G55,10109525BARONIB,2025-04-11,118140,1,42,0,568.0
10109525BARONIB_2025-04-11_G56,10109525BARONIB,2025-04-11,111466,1,36,0,292.0
10109525BARONIB_2025-04-11_G57,10109525BARONIB,2025-04-11,117820,1,56,0,189.0
10109525BARONIB_2025-04-11_G58,10109525BARONIB,2025-04-11,117808,1,48,0,166.0
10109525BARONIB_2025-04-11_G59,10109525BARONIB,2025-04-11,109643,1,23,0,293.0
10109525BARONIB_2025-04-11_G60,10109525BARONIB,2025-04-11,108759,1,4,0,149.0
10109525BARONIB_2025-04-11_G61,10109525BARONIB,2025-04-11,110755,2,16,9,134.0
10109525BARONIB_2025-04-11_G62,10109525BARONIB,2025-04-11,109937,1,12,0,192.0
10109525BARONIB_2025-04-11_G63,10109525BARONIB,2025-04-11,118222,1,32,0,371.0
10109525BARONIB_2025-04-11_G64,10109525BARONIB,2025-04-11,141047,1,5,0,89.0
10109525BARONIB_2025-04-11_G65,10109525BARONIB,2025-04-11,111467,1,2,0,78.0
10109525BARONIB_2025-04-11_G66,10109525BARONIB,2025-04-11,111439,1,18,0,230.0
10109525BARONIB_2025-04-11_G67,10109525BARONIB,2025-04-11,111469,1,4,0,113.0
10109525BARONIB_2025-04-11_G68,10109525BARONIB,2025-04-11,118004,1,2,0,171.0
10109525BARONIB_2025-04-11_G69,10109525BARONIB,2025-04-11,109645,1,6,0,54.0
10109525BARONIB_2025-04-11_G70,10109525BARONIB,2025-04-11,110373,1,20,0,282.0
10109525BARONIB_2025-04-11_G71,10109525BARONIB,2025-04-11,118140,1,14,0,216.0
10109525BARONIB_2025-04-11_G72,10109525BARONIB,2025-04-11,109641,1,15,0,48.0
10109525BARONIB_2025-04-11_G73,10109525BARONIB,2025-04-11,105705,1,6,0,240.0
10109525BARONIB_2025-04-11_G75,10109525BARONIB,2025-04-11,111438,1,4,0,390.0
10109525BARONIB_2025-04-11_G76,10109525BARONIB,2025-04-11,"109937, 116527",2,10,27,107.0
10109525BARONIB_2025-04-11_G77,10109525BARONIB,2025-04-11,141047,1,2,0,155.0
10109525BARONIB_2025-04-11_G78,10109525BARONIB,2025-04-11,110733,1,2,0,170.0
10109525BARONIB_2025-04-11_G79,10109525BARONIB,2025-04-11,111602,1,20,0,569.0
10109525BARONIB_2025-04-11_G80,10109525BARONIB,2025-04-11,118140,2,32,8,245.0
10109525BARONIB_2025-04-11_G81,10109525BARONIB,2025-04-11,118004,1,4,0,56.0
10109525BARONIB_2025-04-11_G82,10109525BARONIB,2025-04-11,118004,1,3,0,31.0
10109525BARONIB_2025-04-11_G83,10109525BARONIB,2025-04-11,111468,1,5,0,51.0
10109525BARONIB_2025-04-11_G84,10109525BARONIB,2025-04-11,111463,1,10,0,96.0
10109525BARONIB_2025-04-11_G85,10109525BARONIB,2025-04-11,111466,1,10,0,86.0
10109525BARONIB_2025-04-11_G86,10109525BARONIB,2025-04-11,111348,1,18,0,320.0
10109525BARONIB_2025-04-11_G87,10109525BARONIB,2025-04-11,"117833, 117785",2,7,26,44.0
10109525BARONIB_2025-04-11_G88,10109525BARONIB,2025-04-11,109645,1,14,0,97.0
10109525BARONIB_2025-04-11_G89,10109525BARONIB,2025-04-11,110787,1,15,0,73.0
10109525BARONIB_2025-04-11_G90,10109525BARONIB,2025-04-11,110787,1,2,0,173.0
10109525BARONIB_2025-04-11_G91,10109525BARONIB,2025-04-11,110374,1,10,0,234.0
10109525BARONIB_2025-04-11_G92,10109525BARONIB,2025-04-11,117808,1,12,0,199.0
10109525BARONIB_2025-04-11_G93,10109525BARONIB,2025-04-11,118299,2,42,6,161.0
10109525BARONIB_2025-04-12_G02,10109525BARONIB,2025-04-12,107830,1,6,0,184.0
10109525BARONIB_2025-04-12_G03,10109525BARONIB,2025-04-12,110372,2,32,10,224.0
10109525BARONIB_2025-04-12_G04,10109525BARONIB,2025-04-12,117832,1,2,0,57.0
10109525BARONIB_2025-04-12_G05,10109525BARONIB,2025-04-12,111465,2,8,5,69.0
10109525BARONIB_2025-04-12_G06,10109525BARONIB,2025-04-12,111435,1,2,0,165.0
10109525BARONIB_2025-04-12_G07,10109525BARONIB,2025-04-12,110740,1,5,0,193.0
10109525BARONIB_2025-04-12_G08,10109525BARONIB,2025-04-12,111418,1,50,0,338.0
10109525BARONIB_2025-04-12_G09,10109525BARONIB,2025-04-12,117820,1,30,0,271.0
10109525BARONIB_2025-04-12_G10,10109525BARONIB,2025-04-12,110373,2,32,24,46.0
10109525BARONIB_2025-04-12_G11,10109525BARONIB,2025-04-12,117831,1,10,0,291.0
10109525BARONIB_2025-04-12_G12,10109525BARONIB,2025-04-12,117821,1,2,0,50.0
10109525BARONIB_2025-04-12_G13,10109525BARONIB,2025-04-12,111532,1,30,0,440.0
10109525BARONIB_2025-04-12_G14,10109525BARONIB,2025-04-12,110755,1,2,0,123.0
10109525BARONIB_2025-04-12_G15,10109525BARONIB,2025-04-12,110313,1,2,0,361.0
10109525BARONIB_2025-04-12_G16,10109525BARONIB,2025-04-12,110733,1,2,0,54.0
10109525BARONIB_2025-04-12_G17,10109525BARONIB,2025-04-12,117855,1,4,0,51.0
10109525BARONIB_2025-04-12_G18,10109525BARONIB,2025-04-12,111418,1,2,0,266.0
10109525BARONIB_2025-04-12_G19,10109525BARONIB,2025-04-12,118140,1,8,0,74.0
10109525BARONIB_2025-04-12_G20,10109525BARONIB,2025-04-12,"118004, 140922",2,8,27,358.0
10109525BARONIB_2025-04-12_G21,10109525BARONIB,2025-04-12,111463,1,2,0,32.0
10109525BARONIB_2025-04-12_G22,10109525BARONIB,2025-04-12,111466,1,4,0,35.0
10109525BARONIB_2025-04-12_G23,10109525BARONIB,2025-04-12,111532,1,4,0,40.0
10109525BARONIB_2025-04-12_G24,10109525BARONIB,2025-04-12,117838,1,4,0,117.0
10109525BARONIB_2025-04-12_G25,10109525BARONIB,2025-04-12,117820,1,2,0,96.0
10109525BARONIB_2025-04-12_G26,10109525BARONIB,2025-04-12,117808,1,10,0,48.0
10109525BARONIB_2025-04-12_G27,10109525BARONIB,2025-04-12,118299,1,15,0,115.0
10109525BARONIB_2025-04-12_G28,10109525BARONIB,2025-04-12,110373,1,4,0,120.0
10109525BARONIB_2025-04-12_G29,10109525BARONIB,2025-04-12,110755,1,5,0,287.0
10109525BARONIB_2025-04-12_G30,10109525BARONIB,2025-04-12,110313,1,6,0,179.0
10109525BARONIB_2025-04-12_G31,10109525BARONIB,2025-04-12,111462,1,12,0,93.0
10109525BARONIB_2025-04-12_G32,10109525BARONIB,2025-04-12,118004,2,7,5,50.0
10109525BARONIB_2025-04-12_G33,10109525BARONIB,2025-04-12,111466,1,20,0,125.0
10109525BARONIB_2025-04-12_G34,10109525BARONIB,2025-04-12,116241,2,8,8,56.0
10109525BARONIB_2025-04-12_G35,10109525BARONIB,2025-04-12,110325,1,4,0,273.0
10109525BARONIB_2025-04-12_G36,10109525BARONIB,2025-04-12,"118299, 117809",2,9,9,73.0
10109525BARONIB_2025-04-12_G37,10109525BARONIB,2025-04-12,107830,1,12,0,76.0
10109525BARONIB_2025-04-12_G38,10109525BARONIB,2025-04-12,117832,1,18,0,203.0
10109525BARONIB_2025-04-12_G39,10109525BARONIB,2025-04-12,117787,1,8,0,268.0
10109525BARONIB_2025-04-12_G40,10109525BARONIB,2025-04-12,110895,1,8,0,132.0
10109525BARONIB_2025-04-12_G42,10109525BARONIB,2025-04-12,110747,1,4,0,40.0
10109525BARONIB_2025-04-12_G43,10109525BARONIB,2025-04-12,110742,1,8,0,133.0
10109525BARONIB_2025-04-12_G44,10109525BARONIB,2025-04-12,100334,1,8,0,222.0
10109525BARONIB_2025-04-12_G45,10109525BARONIB,2025-04-12,111569,1,12,0,104.0
10109525BARONIB_2025-04-12_G46,10109525BARONIB,2025-04-12,110755,1,8,0,379.0
10109525BARONIB_2025-04-12_G47,10109525BARONIB,2025-04-12,111598,1,4,0,76.0
10109525BARONIB_2025-04-12_G48,10109525BARONIB,2025-04-12,110339,1,6,0,124.0
10109525BARONIB_2025-04-12_G49,10109525BARONIB,2025-04-12,111469,1,8,0,246.0
10109525BARONIB_2025-04-12_G50,10109525BARONIB,2025-04-12,118140,1,14,0,153.0
10109525BARONIB_2025-04-12_G51,10109525BARONIB,2025-04-12,111463,1,6,0,179.0
10109525BARONIB_2025-04-12_G52,10109525BARONIB,2025-04-12,111466,1,14,0,143.0
10109525BARONIB_2025-04-12_G53,10109525BARONIB,2025-04-12,116241,1,40,0,291.0
10109525BARONIB_2025-04-12_G54,10109525BARONIB,2025-04-12,116241,2,19,13,343.0
10109525BARONIB_2025-04-12_G55,10109525BARONIB,2025-04-12,111532,1,3,0,128.0
10109525BARONIB_2025-04-12_G56,10109525BARONIB,2025-04-12,109641,1,10,0,54.0
10109525BARONIB_2025-04-12_G57,10109525BARONIB,2025-04-12,109645,1,12,0,141.0
10109525BARONIB_2025-04-12_G58,10109525BARONIB,2025-04-12,110787,1,12,0,329.0
10109525BARONIB_2025-04-12_G59,10109525BARONIB,2025-04-12,111465,1,8,0,88.0
10109525BARONIB_2025-04-12_G60,10109525BARONIB,2025-04-12,117787,1,8,0,138.0
10109525BARONIB_2025-04-12_G61,10109525BARONIB,2025-04-12,111418,1,36,0,1182.0
10109525BARONIB_2025-04-12_G62,10109525BARONIB,2025-04-12,117785,1,34,0,66.0
10109525BARONIB_2025-04-12_G63,10109525BARONIB,2025-04-12,117831,1,40,0,557.0
10109525BARONIB_2025-04-12_G64,10109525BARONIB,2025-04-12,111532,1,3,0,1653.0
10109525BARONIB_2025-04-12_G65,10109525BARONIB,2025-04-12,111468,1,3,0,77.0
10109525BARONIB_2025-04-12_G66,10109525BARONIB,2025-04-12,111463,1,8,0,78.0
10109525BARONIB_2025-04-12_G67,10109525BARONIB,2025-04-12,117833,1,8,0,464.0
10109525BARONIB_2025-04-12_G68,10109525BARONIB,2025-04-12,110787,1,12,0,246.0
10109525BARONIB_2025-04-12_G69,10109525BARONIB,2025-04-12,110373,1,5,0,220.0
10109525BARONIB_2025-04-12_G70,10109525BARONIB,2025-04-12,111532,1,13,0,164.0
10109525BARONIB_2025-04-12_G71,10109525BARONIB,2025-04-12,116241,1,4,0,54.0
10109525BARONIB_2025-04-12_G72,10109525BARONIB,2025-04-12,116241,1,4,0,150.0
10109525BARONIB_2025-04-12_G73,10109525BARONIB,2025-04-12,111466,2,5,5,376.0
10109525BARONIB_2025-04-12_G74,10109525BARONIB,2025-04-12,111462,1,4,0,141.0
10109525BARONIB_2025-04-12_G75,10109525BARONIB,2025-04-12,110787,1,4,0,45.0
10109525BARONIB_2025-04-12_G76,10109525BARONIB,2025-04-12,110733,1,7,0,1142.0
10109525BARONIB_2025-04-12_G77,10109525BARONIB,2025-04-12,117855,2,8,8,48.0
10109525BARONIB_2025-04-12_G78,10109525BARONIB,2025-04-12,111467,1,4,0,86.0
10109525BARONIB_2025-04-12_G79,10109525BARONIB,2025-04-12,117832,2,11,7,33.0
10109525BARONIB_2025-04-12_G80,10109525BARONIB,2025-04-12,110373,2,17,12,84.0
10109525BARONIB_2025-04-16_G02,10109525BARONIB,2025-04-16,123889,1,14,0,435.0
10109525BARONIB_2025-04-16_G03,10109525BARONIB,2025-04-16,123153,1,22,0,176.0
10109525BARONIB_2025-04-16_G04,10109525BARONIB,2025-04-16,124264,1,8,0,262.0
10109525BARONIB_2025-04-16_G05,10109525BARONIB,2025-04-16,123889,1,20,0,990.0
10109525BARONIB_2025-04-16_G06,10109525BARONIB,2025-04-16,123153,1,24,0,920.0
10109525BARONIB_2025-04-16_G07,10109525BARONIB,2025-04-16,120389,1,12,0,275.0
10109525BARONIB_2025-04-16_G08,10109525BARONIB,2025-04-16,123345,1,6,0,144.0
10109525BARONIB_2025-04-17_G02,10109525BARONIB,2025-04-17,123889,1,4,0,182.0
10109525BARONIB_2025-04-17_G03,10109525BARONIB,2025-04-17,123153,1,4,0,138.0
10109525BARONIB_2025-04-17_G04,10109525BARONIB,2025-04-17,122962,1,8,0,213.0
10109525BARONIB_2025-04-17_G05,10109525BARONIB,2025-04-17,123343,1,2,0,326.0
10109525BARONIB_2025-04-17_G06,10109525BARONIB,2025-04-17,123153,1,14,0,1451.0
10109525BARONIB_2025-04-17_G07,10109525BARONIB,2025-04-17,123909,1,2,0,190.0
10109525BARONIB_2025-04-17_G08,10109525BARONIB,2025-04-17,124248,1,4,0,202.0
10109525BARONIB_2025-04-17_G09,10109525BARONIB,2025-04-17,122962,1,20,0,139.0
10109525BARONIB_2025-04-17_G10,10109525BARONIB,2025-04-17,124486,1,40,0,676.0
10109525BARONIB_2025-04-17_G11,10109525BARONIB,2025-04-17,124248,1,16,0,327.0
10109525BARONIB_2025-04-17_G12,10109525BARONIB,2025-04-17,122984,1,8,0,283.0
10109525BARONIB_2025-04-17_G13,10109525BARONIB,2025-04-17,123947,1,4,0,112.0
10109525BARONIB_2025-04-17_G14,10109525BARONIB,2025-04-17,123947,1,6,0,92.0
10109525BARONIB_2025-04-17_G15,10109525BARONIB,2025-04-17,122962,1,28,0,487.0
10109525BARONIB_2025-04-17_G16,10109525BARONIB,2025-04-17,122962,1,72,0,865.0
10109525BARONIB_2025-04-17_G17,10109525BARONIB,2025-04-17,122986,1,4,0,242.0
10109525BARONIB_2025-04-17_G18,10109525BARONIB,2025-04-17,123081,1,1,0,42.0
10109525BARONIB_2025-04-17_G19,10109525BARONIB,2025-04-17,122982,1,4,0,126.0
10109525BARONIB_2025-04-17_G20,10109525BARONIB,2025-04-17,122988,1,2,0,98.0
10109525BARONIB_2025-04-17_G21,10109525BARONIB,2025-04-17,123345,1,6,0,81.0
10109525BARONIB_2025-04-17_G23,10109525BARONIB,2025-04-17,122673,1,50,0,750.0
10109525BARONIB_2025-04-17_G24,10109525BARONIB,2025-04-17,123345,1,12,0,307.0
10109525BARONIB_2025-04-17_G25,10109525BARONIB,2025-04-17,123889,2,10,10,54.0
10109525BARONIB_2025-04-17_G26,10109525BARONIB,2025-04-17,120389,1,4,0,338.0
10109525BARONIB_2025-04-17_G27,10109525BARONIB,2025-04-17,120389,1,4,0,43.0
10109525BARONIB_2025-04-17_G28,10109525BARONIB,2025-04-17,122962,1,12,0,210.0
10109525BARONIB_2025-04-17_G29,10109525BARONIB,2025-04-17,122647,1,12,0,329.0
10109525BARONIB_2025-04-17_G30,10109525BARONIB,2025-04-17,122962,1,2,0,45.0
10109525BARONIB_2025-04-17_G31,10109525BARONIB,2025-04-17,"122671, 124486",2,10,24,178.0
10109525BARONIB_2025-04-17_G32,10109525BARONIB,2025-04-17,122673,1,8,0,155.0
10109525BARONIB_2025-04-17_G33,10109525BARONIB,2025-04-17,122962,1,40,0,511.0
10109525BARONIB_2025-04-17_G34,10109525BARONIB,2025-04-17,122982,1,22,0,489.0
10109525BARONIB_2025-04-17_G35,10109525BARONIB,2025-04-17,122962,1,10,0,145.0
10109525BARONIB_2025-04-17_G36,10109525BARONIB,2025-04-17,122673,1,6,0,119.0
10109525BARONIB_2025-04-17_G37,10109525BARONIB,2025-04-17,123345,1,4,0,128.0
10109525BARONIB_2025-04-17_G38,10109525BARONIB,2025-04-17,122189,1,10,0,577.0
10109525BARONIB_2025-04-17_G39,10109525BARONIB,2025-04-17,123343,1,16,0,547.0
10109525BARONIB_2025-04-17_G40,10109525BARONIB,2025-04-17,123081,1,10,0,323.0
10109525BARONIB_2025-04-17_G41,10109525BARONIB,2025-04-17,122962,1,3,0,173.0
10109525BARONIB_2025-04-17_G42,10109525BARONIB,2025-04-17,122962,1,32,0,427.0
10109525BARONIB_2025-04-17_G43,10109525BARONIB,2025-04-17,122962,1,16,0,246.0
10109525BARONIB_2025-04-17_G44,10109525BARONIB,2025-04-17,122671,1,4,0,150.0
10109525BARONIB_2025-04-17_G45,10109525BARONIB,2025-04-17,122647,1,6,0,43.0
10109525BARONIB_2025-04-17_G46,10109525BARONIB,2025-04-17,123909,1,1,0,83.0
10109525BARONIB_2025-04-17_G47,10109525BARONIB,2025-04-17,123153,1,6,0,427.0
10109525BARONIB_2025-04-17_G48,10109525BARONIB,2025-04-17,122647,1,12,0,304.0
10109525BARONIB_2025-04-17_G49,10109525BARONIB,2025-04-17,122185,2,12,27,266.0
10109525BARONIB_2025-04-17_G50,10109525BARONIB,2025-04-17,122985,1,4,0,79.0
10109525BARONIB_2025-04-17_G51,10109525BARONIB,2025-04-17,123153,1,6,0,205.0
10109525BARONIB_2025-04-17_G52,10109525BARONIB,2025-04-17,122647,1,19,0,209.0
10109525BARONIB_2025-04-17_G53,10109525BARONIB,2025-04-17,120008,1,51,0,498.0
10109525BARONIB_2025-04-17_G54,10109525BARONIB,2025-04-17,123911,1,4,0,63.0
10109525BARONIB_2025-04-17_G55,10109525BARONIB,2025-04-17,122962,1,24,0,356.0
10109525BARONIB_2025-04-17_G56,10109525BARONIB,2025-04-17,120272,1,8,0,104.0
10109525BARONIB_2025-04-17_G57,10109525BARONIB,2025-04-17,123822,1,7,0,141.0
10109525BARONIB_2025-04-25_G02,10109525BARONIB,2025-04-25,123153,1,3,0,495.0
10109525BARONIB_2025-04-25_G03,10109525BARONIB,2025-04-25,122673,1,7,0,131.0
10109525BARONIB_2025-04-25_G04,10109525BARONIB,2025-04-25,123345,1,4,0,101.0
10109525BARONIB_2025-04-25_G05,10109525BARONIB,2025-04-25,122647,1,8,0,112.0
10109525BARONIB_2025-04-25_G06,10109525BARONIB,2025-04-25,123345,2,11,9,135.0
10109525BARONIB_2025-04-25_G07,10109525BARONIB,2025-04-25,123345,1,12,0,128.0
10109525BARONIB_2025-04-25_G08,10109525BARONIB,2025-04-25,122647,1,8,0,324.0
10109525BARONIB_2025-04-25_G09,10109525BARONIB,2025-04-25,123345,1,4,0,113.0
10109525BARONIB_2025-04-25_G10,10109525BARONIB,2025-04-25,123889,1,6,0,186.0
10109525BARONIB_2025-04-25_G11,10109525BARONIB,2025-04-25,124248,1,16,0,246.0
10109525BARONIB_2025-04-25_G12,10109525BARONIB,2025-04-25,122984,1,32,0,799.0
10109525BARONIB_2025-04-25_G13,10109525BARONIB,2025-04-25,121760,1,8,0,217.0
10109525BARONIB_2025-04-26_G02,10109525BARONIB,2025-04-26,123344,1,4,0,141.0
10109525BARONIB_2025-04-26_G03,10109525BARONIB,2025-04-26,120008,1,8,0,409.0
10109525BARONIB_2025-04-26_G04,10109525BARONIB,2025-04-26,121760,1,8,0,200.0
10109525BARONIB_2025-04-26_G05,10109525BARONIB,2025-04-26,124371,1,4,0,102.0
10109525BARONIB_2025-04-26_G06,10109525BARONIB,2025-04-26,124548,1,2,0,49.0
10109525BARONIB_2025-04-26_G07,10109525BARONIB,2025-04-26,120008,1,2,0,92.0
10109525BARONIB_2025-04-26_G08,10109525BARONIB,2025-04-26,122647,2,14,8,200.0
10109525BARONIB_2025-04-26_G09,10109525BARONIB,2025-04-26,123343,1,4,0,156.0
10109525BARONIB_2025-04-26_G10,10109525BARONIB,2025-04-26,123345,1,12,0,144.0
10109525BARONIB_2025-04-26_G11,10109525BARONIB,2025-04-26,123345,1,6,0,212.0
10109525BARONIB_2025-04-26_G12,10109525BARONIB,2025-04-26,122647,3,18,23,106.0
10109525BARONIB_2025-04-26_G13,10109525BARONIB,2025-04-26,123345,1,4,0,483.0
10109525BARONIB_2025-04-26_G14,10109525BARONIB,2025-04-26,123889,1,2,0,32.0
10109525BARONIB_2025-04-26_G15,10109525BARONIB,2025-04-26,122647,1,18,0,263.0
10109525BARONIB_2025-04-26_G16,10109525BARONIB,2025-04-26,124370,1,8,0,303.0
10109525BARONIB_2025-04-26_G17,10109525BARONIB,2025-04-26,121760,1,6,0,255.0
10109525BARONIB_2025-04-26_G18,10109525BARONIB,2025-04-26,121651,1,10,0,340.0
10109525BARONIB_2025-04-26_G19,10109525BARONIB,2025-04-26,121760,1,11,0,338.0
10109525BARONIB_2025-04-26_G20,10109525BARONIB,2025-04-26,124370,1,6,0,146.0
10109525BARONIB_2025-04-26_G21,10109525BARONIB,2025-04-26,121651,1,10,0,234.0
10109525BARONIB_2025-04-26_G22,10109525BARONIB,2025-04-26,123947,1,2,0,67.0
10109525BARONIB_2025-04-26_G23,10109525BARONIB,2025-04-26,122647,1,4,0,180.0
10109525BARONIB_2025-04-26_G24,10109525BARONIB,2025-04-26,124247,1,4,0,256.0
10109525BARONIB_2025-04-26_G25,10109525BARONIB,2025-04-26,124248,1,16,0,162.0
10109525BARONIB_2025-04-26_G26,10109525BARONIB,2025-04-26,123344,1,4,0,176.0
10109525BARONIB_2025-04-26_G27,10109525BARONIB,2025-04-26,123889,2,12,8,34.0
10109525BARONIB_2025-04-26_G28,10109525BARONIB,2025-04-26,122673,1,8,0,359.0
10109525BARONIB_2025-04-26_G30,10109525BARONIB,2025-04-26,124476,1,1,0,44.0
10109525BARONIB_2025-04-26_G31,10109525BARONIB,2025-04-26,124476,1,52,0,855.0
10109525BARONIB_2025-04-26_G32,10109525BARONIB,2025-04-26,124248,1,18,0,220.0
10109525BARONIB_2025-04-26_G33,10109525BARONIB,2025-04-26,124248,1,116,0,2925.0
10109525BARONIB_2025-04-26_G34,10109525BARONIB,2025-04-26,121760,1,16,0,906.0
10109525BARONIB_2025-04-26_G35,10109525BARONIB,2025-04-26,124486,1,32,0,671.0
10109525BARONIB_2025-04-26_G36,10109525BARONIB,2025-04-26,124248,1,8,0,179.0
10109525BARONIB_2025-04-26_G37,10109525BARONIB,2025-04-26,121651,1,30,0,1377.0
10109525BARONIB_2025-04-26_G38,10109525BARONIB,2025-04-26,122982,1,30,0,570.0
10109525BARONIB_2025-04-26_G39,10109525BARONIB,2025-04-26,124371,1,96,0,1063.0
10109525BARONIB_2025-04-26_G40,10109525BARONIB,2025-04-26,124475,1,30,0,310.0
10109525BARONIB_2025-04-26_G41,10109525BARONIB,2025-04-26,123561,1,40,0,373.0
10109525BARONIB_2025-04-26_G42,10109525BARONIB,2025-04-26,120339,1,60,0,708.0
10109525BARONIB_2025-04-27_G02,10109525BARONIB,2025-04-27,111469,1,8,0,134.0
10109525BARONIB_2025-04-27_G03,10109525BARONIB,2025-04-27,140922,1,4,0,210.0
10109525BARONIB_2025-04-27_G04,10109525BARONIB,2025-04-27,117835,1,4,0,412.0
10109525BARONIB_2025-04-27_G05,10109525BARONIB,2025-04-27,111530,2,14,6,88.0
10109525BARONIB_2025-04-27_G06,10109525BARONIB,2025-04-27,111442,3,10,17,147.0
10109525BARONIB_2025-04-27_G07,10109525BARONIB,2025-04-27,117820,1,4,0,256.0
10109525BARONIB_2025-04-27_G08,10109525BARONIB,2025-04-27,117820,2,8,6,40.0
10109525BARONIB_2025-04-27_G09,10109525BARONIB,2025-04-27,107892,1,6,0,332.0
10109525BARONIB_2025-04-27_G10,10109525BARONIB,2025-04-27,111441,1,2,0,111.0
10109525BARONIB_2025-04-27_G11,10109525BARONIB,2025-04-27,111438,1,8,0,168.0
10109525BARONIB_2025-04-27_G12,10109525BARONIB,2025-04-27,117862,1,8,0,127.0
10109525BARONIB_2025-04-27_G13,10109525BARONIB,2025-04-27,"110733, 117786",2,8,23,47.0
10109525BARONIB_2025-04-27_G14,10109525BARONIB,2025-04-27,110515,1,5,0,175.0
10109525BARONIB_2025-04-27_G15,10109525BARONIB,2025-04-27,111602,1,8,0,223.0
10109525BARONIB_2025-04-27_G16,10109525BARONIB,2025-04-27,110711,1,1,0,50.0
10109525BARONIB_2025-04-27_G17,10109525BARONIB,2025-04-27,117821,1,3,0,144.0
10109525BARONIB_2025-04-27_G18,10109525BARONIB,2025-04-27,111418,1,20,0,653.0
10109525BARONIB_2025-04-27_G19,10109525BARONIB,2025-04-27,105705,1,12,0,76.0
10109525BARONIB_2025-04-27_G20,10109525BARONIB,2025-04-27,111466,1,11,0,93.0
10109525BARONIB_2025-04-27_G21,10109525BARONIB,2025-04-27,111532,1,5,0,49.0
10109525BARONIB_2025-04-28_G02,10109525BARONIB,2025-04-28,118140,1,5,0,105.0
10109525BARONIB_2025-04-28_G03,10109525BARONIB,2025-04-28,111330,1,2,0,49.0
10109525BARONIB_2025-04-28_G04,10109525BARONIB,2025-04-28,110325,1,8,0,149.0
10109525BARONIB_2025-04-28_G05,10109525BARONIB,2025-04-28,117820,1,20,0,247.0
10109525BARONIB_2025-04-28_G06,10109525BARONIB,2025-04-28,110374,1,11,0,145.0
10109525BARONIB_2025-04-28_G07,10109525BARONIB,2025-04-28,110371,1,20,0,138.0
10109525BARONIB_2025-04-28_G08,10109525BARONIB,2025-04-28,118299,1,30,0,197.0
10109525BARONIB_2025-04-28_G09,10109525BARONIB,2025-04-28,117832,1,20,0,134.0
10109525BARONIB_2025-04-28_G10,10109525BARONIB,2025-04-28,117830,1,6,0,1021.0
10109525BARONIB_2025-04-28_G11,10109525BARONIB,2025-04-28,110373,1,20,0,134.0
10109525BARONIB_2025-04-28_G12,10109525BARONIB,2025-04-28,117808,1,30,0,158.0
10109525BARONIB_2025-04-28_G13,10109525BARONIB,2025-04-28,117809,1,12,0,46.0
10109525BARONIB_2025-04-28_G14,10109525BARONIB,2025-04-28,111465,1,8,0,64.0
10109525BARONIB_2025-04-28_G15,10109525BARONIB,2025-04-28,110740,1,4,0,259.0
10109525BARONIB_2025-04-28_G16,10109525BARONIB,2025-04-28,111433,1,4,0,305.0
10109525BARONIB_2025-04-28_G17,10109525BARONIB,2025-04-28,110372,1,50,0,471.0
10109525BARONIB_2025-04-28_G18,10109525BARONIB,2025-04-28,111530,1,2,0,54.0
10109525BARONIB_2025-04-28_G19,10109525BARONIB,2025-04-28,111442,1,4,0,782.0
10109525BARONIB_2025-04-28_G20,10109525BARONIB,2025-04-28,111182,1,2,0,306.0
10109525BARONIB_2025-04-28_G21,10109525BARONIB,2025-04-28,"111444, 111182",2,2,11,267.0
10109525BARONIB_2025-04-28_G22,10109525BARONIB,2025-04-28,110376,1,2,0,48.0
10109525BARONIB_2025-04-28_G23,10109525BARONIB,2025-04-28,110313,1,8,0,350.0
10109525BARONIB_2025-04-28_G24,10109525BARONIB,2025-04-28,117834,1,2,0,783.0
10109525BARONIB_2025-04-28_G25,10109525BARONIB,2025-04-28,111430,1,2,0,67.0
10109525BARONIB_2025-04-28_G26,10109525BARONIB,2025-04-28,110339,1,2,0,270.0
10109525BARONIB_2025-04-28_G27,10109525BARONIB,2025-04-28,111467,1,2,0,130.0
10109525BARONIB_2025-04-28_G29,10109525BARONIB,2025-04-28,111468,1,2,0,116.0
10109525BARONIB_2025-04-28_G30,10109525BARONIB,2025-04-28,108795,1,2,0,69.0
10109525BARONIB_2025-04-28_G31,10109525BARONIB,2025-04-28,111469,1,6,0,69.0
10109525BARONIB_2025-04-28_G32,10109525BARONIB,2025-04-28,117821,1,2,0,39.0
10109525BARONIB_2025-04-28_G33,10109525BARONIB,2025-04-28,111418,1,5,0,38.0
10109525BARONIB_2025-04-28_G34,10109525BARONIB,2025-04-28,"105705, 111466",2,4,12,67.0
10109525BARONIB_2025-04-28_G35,10109525BARONIB,2025-04-28,"110372, 117830",2,5,13,106.0
10109525BARONIB_2025-04-28_G36,10109525BARONIB,2025-04-28,110373,1,2,0,122.0
10109525BARONIB_2025-04-28_G37,10109525BARONIB,2025-04-28,117808,1,5,0,69.0
10109525BARONIB_2025-04-28_G38,10109525BARONIB,2025-04-28,117809,1,4,0,56.0
10109525BARONIB_2025-04-28_G39,10109525BARONIB,2025-04-28,117834,1,2,0,840.0
10109525BARONIB_2025-04-28_G40,10109525BARONIB,2025-04-28,111569,1,6,0,890.0
10109525BARONIB_2025-04-28_G41,10109525BARONIB,2025-04-28,110742,1,3,0,166.0
10109525BARONIB_2025-04-28_G42,10109525BARONIB,2025-04-28,140911,1,2,0,85.0
10109525BARONIB_2025-04-28_G43,10109525BARONIB,2025-04-28,110895,1,3,0,647.0
10109525BARONIB_2025-04-28_G44,10109525BARONIB,2025-04-28,117862,1,4,0,237.0
10109525BARONIB_2025-04-28_G45,10109525BARONIB,2025-04-28,117935,1,2,0,89.0
10109525BARONIB_2025-04-28_G46,10109525BARONIB,2025-04-28,111467,1,4,0,56.0
10109525BARONIB_2025-04-28_G47,10109525BARONIB,2025-04-28,117853,1,2,0,35.0
10109525BARONIB_2025-04-28_G48,10109525BARONIB,2025-04-28,110711,1,2,0,250.0
10109525BARONIB_2025-04-28_G49,10109525BARONIB,2025-04-28,106860,1,2,0,129.0
10109525BARONIB_2025-04-28_G50,10109525BARONIB,2025-04-28,110740,1,4,0,195.0
10109525BARONIB_2025-04-28_G51,10109525BARONIB,2025-04-28,108795,1,1,0,66.0
10109525BARONIB_2025-04-28_G52,10109525BARONIB,2025-04-28,"111463, 111469",2,2,18,33.0
10109525BARONIB_2025-04-28_G53,10109525BARONIB,2025-04-28,117821,1,2,0,199.0
10109525BARONIB_2025-04-28_G54,10109525BARONIB,2025-04-28,"111466, 111532",2,8,16,262.0
10109525BARONIB_2025-04-28_G55,10109525BARONIB,2025-04-28,108798,1,2,0,263.0
10109525BARONIB_2025-04-28_G56,10109525BARONIB,2025-04-28,108794,1,3,0,68.0
10109525BARONIB_2025-04-28_G57,10109525BARONIB,2025-04-28,111462,1,6,0,50.0
10109525BARONIB_2025-04-28_G58,10109525BARONIB,2025-04-28,118140,1,4,0,78.0
10109525BARONIB_2025-04-28_G59,10109525BARONIB,2025-04-28,110374,1,6,0,351.0
10109525BARONIB_2025-04-28_G60,10109525BARONIB,2025-04-28,118299,1,7,0,105.0
10109525BARONIB_2025-04-28_G61,10109525BARONIB,2025-04-28,110372,1,5,0,68.0
10109525BARONIB_2025-04-28_G62,10109525BARONIB,2025-04-28,117808,1,10,0,129.0
10109525BARONIB_2025-04-28_G63,10109525BARONIB,2025-04-28,111444,1,2,0,101.0
10109525BARONIB_2025-04-28_G64,10109525BARONIB,2025-04-28,108772,1,2,0,172.0
10109525BARONIB_2025-04-28_G65,10109525BARONIB,2025-04-28,111465,1,6,0,151.0
10109525BARONIB_2025-04-28_G66,10109525BARONIB,2025-04-28,111418,1,13,0,197.0
10109525BARONIB_2025-04-28_G67,10109525BARONIB,2025-04-28,111660,1,11,0,569.0
10109525BARONIB_2025-04-28_G68,10109525BARONIB,2025-04-28,111330,2,5,6,118.0
10109525BARONIB_2025-04-28_G69,10109525BARONIB,2025-04-28,110339,1,2,0,177.0
10109525BARONIB_2025-04-28_G70,10109525BARONIB,2025-04-28,117853,1,4,0,181.0
10109525BARONIB_2025-04-28_G71,10109525BARONIB,2025-04-28,117856,1,4,0,73.0
10109525BARONIB_2025-04-28_G72,10109525BARONIB,2025-04-28,117786,1,2,0,72.0
10109525BARONIB_2025-04-28_G73,10109525BARONIB,2025-04-28,110515,1,1,0,52.0
10109525BARONIB_2025-04-28_G74,10109525BARONIB,2025-04-28,111602,1,2,0,77.0
10109525BARONIB_2025-04-28_G75,10109525BARONIB,2025-04-28,108795,1,2,0,88.0
10109525BARONIB_2025-04-28_G76,10109525BARONIB,2025-04-28,111463,1,3,0,80.0
10109525BARONIB_2025-04-28_G77,10109525BARONIB,2025-04-28,111418,1,7,0,80.0
10109525BARONIB_2025-04-28_G78,10109525BARONIB,2025-04-28,111466,1,12,0,123.0
10109525BARONIB_2025-04-28_G79,10109525BARONIB,2025-04-28,111532,1,4,0,254.0
10109525BARONIB_2025-04-28_G80,10109525BARONIB,2025-04-28,118140,1,1,0,80.0
10109525BARONIB_2025-04-28_G81,10109525BARONIB,2025-04-28,110740,1,6,0,166.0
10109525BARONIB_2025-04-28_G82,10109525BARONIB,2025-04-28,110371,1,2,0,75.0
10109525BARONIB_2025-04-28_G83,10109525BARONIB,2025-04-28,110372,1,9,0,295.0
10109525BARONIB_2025-04-28_G84,10109525BARONIB,2025-04-28,117808,1,3,0,65.0
10109525BARONIB_2025-04-28_G85,10109525BARONIB,2025-04-28,117853,1,6,0,296.0
10109525BARONIB_2025-04-28_G86,10109525BARONIB,2025-04-28,110515,1,1,0,119.0
10109525BARONIB_2025-04-28_G88,10109525BARONIB,2025-04-28,118140,1,12,0,131.0
10109525BARONIB_2025-04-28_G89,10109525BARONIB,2025-04-28,109643,1,1,0,76.0
10109525BARONIB_2025-04-28_G90,10109525BARONIB,2025-04-28,111182,1,4,0,173.0
10109525BARONIB_2025-04-28_G91,10109525BARONIB,2025-04-28,109643,1,6,0,168.0
10109525BARONIB_2025-04-28_G92,10109525BARONIB,2025-04-28,111439,1,4,0,491.0
10109525BARONIB_2025-04-28_G93,10109525BARONIB,2025-04-28,111439,1,4,0,114.0
10109525BARONIB_2025-04-28_G94,10109525BARONIB,2025-04-28,118140,1,2,0,91.0
10109525BARONIB_2025-04-28_G95,10109525BARONIB,2025-04-28,107892,1,2,0,116.0
10109525BARONIB_2025-04-28_G96,10109525BARONIB,2025-04-28,111430,1,2,0,66.0
10109525BARONIB_2025-04-28_G97,10109525BARONIB,2025-04-28,110755,1,4,0,157.0
10109525BARONIB_2025-04-28_G98,10109525BARONIB,2025-04-28,109937,1,1,0,46.0
10109525BARONIB_2025-04-28_G99,10109525BARONIB,2025-04-28,110339,1,2,0,99.0
10109525BARONIB_2025-04-28_G100,10109525BARONIB,2025-04-28,111530,2,10,8,81.0
10109525BARONIB_2025-04-28_G101,10109525BARONIB,2025-04-28,111602,1,3,0,71.0
10109525BARONIB_2025-04-28_G102,10109525BARONIB,2025-04-28,"111435, 108795",2,4,24,241.0
10109525BARONIB_2025-04-28_G103,10109525BARONIB,2025-04-28,117821,1,2,0,45.0
10109525BARONIB_2025-04-28_G104,10109525BARONIB,2025-04-28,117787,1,2,0,48.0
10109525BARONIB_2025-04-29_G02,10109525BARONIB,2025-04-29,111418,1,10,0,230.0
10109525BARONIB_2025-04-29_G03,10109525BARONIB,2025-04-29,118223,1,4,0,154.0
10109525BARONIB_2025-04-29_G04,10109525BARONIB,2025-04-29,118140,1,4,0,65.0
10109525BARONIB_2025-04-29_G05,10109525BARONIB,2025-04-29,109643,1,3,0,130.0
10109525BARONIB_2025-04-29_G06,10109525BARONIB,2025-04-29,110374,1,6,0,86.0
10109525BARONIB_2025-04-29_G07,10109525BARONIB,2025-04-29,110372,1,6,0,92.0
10109525BARONIB_2025-04-29_G08,10109525BARONIB,2025-04-29,110375,1,4,0,64.0
10109525BARONIB_2025-04-29_G09,10109525BARONIB,2025-04-29,"110373, 117808",2,17,22,106.0
10109525BARONIB_2025-04-29_G10,10109525BARONIB,2025-04-29,110787,1,2,0,385.0
10109525BARONIB_2025-04-29_G11,10109525BARONIB,2025-04-29,111660,1,4,0,161.0
10109525BARONIB_2025-04-29_G12,10109525BARONIB,2025-04-29,106179,1,4,0,408.0
10109525BARONIB_2025-04-29_G13,10109525BARONIB,2025-04-29,110376,1,2,0,130.0
10109525BARONIB_2025-04-29_G14,10109525BARONIB,2025-04-29,118094,1,2,0,146.0
10109525BARONIB_2025-04-29_G15,10109525BARONIB,2025-04-29,110339,1,2,0,54.0
10109525BARONIB_2025-04-29_G16,10109525BARONIB,2025-04-29,110515,1,1,0,116.0
10109525BARONIB_2025-04-29_G17,10109525BARONIB,2025-04-29,108795,1,4,0,110.0
10109525BARONIB_2025-04-29_G18,10109525BARONIB,2025-04-29,117831,1,4,0,82.0
10109525BARONIB_2025-04-29_G19,10109525BARONIB,2025-04-29,117821,1,12,0,91.0
10109525BARONIB_2025-04-29_G20,10109525BARONIB,2025-04-29,111466,1,7,0,145.0
10109525BARONIB_2025-04-29_G21,10109525BARONIB,2025-04-29,111532,1,4,0,39.0
10109525BARONIB_2025-04-29_G22,10109525BARONIB,2025-04-29,111418,1,4,0,140.0
10109525BARONIB_2025-04-29_G23,10109525BARONIB,2025-04-29,118317,1,2,0,77.0
10109525BARONIB_2025-04-29_G24,10109525BARONIB,2025-04-29,110787,1,6,0,94.0
10109525BARONIB_2025-04-29_G25,10109525BARONIB,2025-04-29,109643,1,4,0,135.0
10109525BARONIB_2025-04-29_G26,10109525BARONIB,2025-04-29,110325,1,8,0,79.0
10109525BARONIB_2025-04-29_G27,10109525BARONIB,2025-04-29,110371,1,4,0,237.0
10109525BARONIB_2025-04-29_G28,10109525BARONIB,2025-04-29,110373,1,8,0,108.0
10109525BARONIB_2025-04-29_G29,10109525BARONIB,2025-04-29,117808,1,8,0,60.0
10109525BARONIB_2025-04-29_G30,10109525BARONIB,2025-04-29,105705,1,4,0,69.0
10109525BARONIB_2025-04-29_G31,10109525BARONIB,2025-04-29,111530,1,8,0,299.0
10109525BARONIB_2025-04-29_G32,10109525BARONIB,2025-04-29,109643,3,28,30,401.0
10109525BARONIB_2025-04-29_G33,10109525BARONIB,2025-04-29,111530,1,4,0,157.0
10109525BARONIB_2025-04-29_G34,10109525BARONIB,2025-04-29,111445,1,8,0,108.0
10109525BARONIB_2025-04-29_G35,10109525BARONIB,2025-04-29,109643,1,1,0,157.0
10109525BARONIB_2025-04-29_G36,10109525BARONIB,2025-04-29,109643,2,5,20,95.0
10109525BARONIB_2025-04-29_G37,10109525BARONIB,2025-04-29,109643,1,3,0,50.0
10109525BARONIB_2025-04-29_G38,10109525BARONIB,2025-04-29,111530,1,4,0,87.0
10109525BARONIB_2025-04-29_G39,10109525BARONIB,2025-04-29,111447,1,84,0,954.0
10109525BARONIB_2025-04-29_G40,10109525BARONIB,2025-04-29,111438,1,29,0,251.0
10109525BARONIB_2025-04-29_G42,10109525BARONIB,2025-04-29,110756,1,18,0,796.0
10109525BARONIB_2025-04-29_G43,10109525BARONIB,2025-04-29,111463,1,60,0,435.0
10109525BARONIB_2025-04-29_G44,10109525BARONIB,2025-04-29,111465,1,100,0,686.0
10109525BARONIB_2025-04-29_G45,10109525BARONIB,2025-04-29,111418,1,200,0,640.0
10109525BARONIB_2025-04-29_G47,10109525BARONIB,2025-04-29,111463,1,738,0,1380.0
10109525BARONIB_2025-04-29_G48,10109525BARONIB,2025-04-29,110515,1,180,0,425.0
10109525BARONIB_2025-04-29_G49,10109525BARONIB,2025-04-29,109649,1,115,0,1027.0
10109525BARONIB_2025-04-29_G51,10109525BARONIB,2025-04-29,117820,1,100,0,1396.0
10109525BARONIB_2025-04-29_G52,10109525BARONIB,2025-04-29,118299,1,50,0,675.0
10109525BARONIB_2025-04-29_G53,10109525BARONIB,2025-04-29,110373,1,31,0,287.0
10109525BARONIB_2025-04-29_G54,10109525BARONIB,2025-04-29,110371,1,6,0,247.0
10109525BARONIB_2025-04-30_G02,10109525BARONIB,2025-04-30,118222,1,12,0,897.0
10109525BARONIB_2025-04-30_G03,10109525BARONIB,2025-04-30,100334,1,6,0,163.0
10109525BARONIB_2025-04-30_G04,10109525BARONIB,2025-04-30,117861,1,10,0,257.0
10109525BARONIB_2025-04-30_G05,10109525BARONIB,2025-04-30,141047,1,2,0,66.0
10109525BARONIB_2025-04-30_G06,10109525BARONIB,2025-04-30,110733,1,11,0,96.0
10109525BARONIB_2025-04-30_G07,10109525BARONIB,2025-04-30,110752,1,2,0,86.0
10109525BARONIB_2025-04-30_G08,10109525BARONIB,2025-04-30,110515,1,8,0,158.0
10109525BARONIB_2025-04-30_G09,10109525BARONIB,2025-04-30,140911,1,10,0,2186.0
10109525BARONIB_2025-04-30_G10,10109525BARONIB,2025-04-30,110895,1,20,0,252.0
10109525BARONIB_2025-04-30_G11,10109525BARONIB,2025-04-30,141047,1,20,0,449.0
10109525BARONIB_2025-04-30_G12,10109525BARONIB,2025-04-30,107629,1,10,0,180.0
10109525BARONIB_2025-04-30_G13,10109525BARONIB,2025-04-30,110756,1,9,0,68.0
10109525BARONIB_2025-04-30_G14,10109525BARONIB,2025-04-30,110733,1,20,0,342.0
10109525BARONIB_2025-04-30_G15,10109525BARONIB,2025-04-30,111467,1,20,0,238.0
10109525BARONIB_2025-04-30_G16,10109525BARONIB,2025-04-30,117855,1,18,0,233.0
10109525BARONIB_2025-04-30_G18,10109525BARONIB,2025-04-30,111602,1,79,0,147.0
10109525BARONIB_2025-04-30_G19,10109525BARONIB,2025-04-30,110711,1,28,0,274.0
10109525BARONIB_2025-04-30_G20,10109525BARONIB,2025-04-30,111743,1,8,0,266.0
10109525BARONIB_2025-04-30_G21,10109525BARONIB,2025-04-30,111468,1,12,0,81.0
10109525BARONIB_2025-04-30_G22,10109525BARONIB,2025-04-30,111465,1,10,0,186.0
10109525BARONIB_2025-04-30_G23,10109525BARONIB,2025-04-30,108795,1,10,0,101.0
10109525BARONIB_2025-04-30_G24,10109525BARONIB,2025-04-30,111463,1,29,0,176.0
10109525BARONIB_2025-04-30_G25,10109525BARONIB,2025-04-30,111462,1,10,0,34.0
10109525BARONIB_2025-04-30_G26,10109525BARONIB,2025-04-30,117785,1,100,0,469.0
10109525BARONIB_2025-04-30_G27,10109525BARONIB,2025-04-30,117787,1,12,0,280.0
10109525BARONIB_2025-04-30_G28,10109525BARONIB,2025-04-30,108711,1,50,0,98.0
10109525BARONIB_2025-04-30_G29,10109525BARONIB,2025-04-30,118094,1,30,0,443.0
10109525BARONIB_2025-04-30_G30,10109525BARONIB,2025-04-30,110313,1,30,0,485.0
10109525BARONIB_2025-04-30_G31,10109525BARONIB,2025-04-30,110752,1,4,0,53.0
10109525BARONIB_2025-04-30_G32,10109525BARONIB,2025-04-30,117856,1,12,0,51.0
10109525BARONIB_2025-04-30_G33,10109525BARONIB,2025-04-30,110373,1,24,0,343.0
10109525BARONIB_2025-04-30_G34,10109525BARONIB,2025-04-30,111532,1,63,0,200.0
10109525BARONIB_2025-04-30_G35,10109525BARONIB,2025-04-30,117833,1,20,0,223.0
10109525BARONIB_2025-04-30_G36,10109525BARONIB,2025-04-30,140922,1,30,0,206.0
10109525BARONIB_2025-04-30_G37,10109525BARONIB,2025-04-30,108798,1,8,0,97.0
10109525BARONIB_2025-04-30_G38,10109525BARONIB,2025-04-30,117786,1,30,0,455.0
10109525BARONIB_2025-04-30_G39,10109525BARONIB,2025-04-30,108794,1,20,0,141.0
10109525BARONIB_2025-04-30_G40,10109525BARONIB,2025-04-30,118140,1,20,0,159.0
10109525BARONIB_2025-04-30_G41,10109525BARONIB,2025-04-30,110745,1,10,0,75.0
10109525BARONIB_2025-04-30_G42,10109525BARONIB,2025-04-30,"110740, 107236",2,32,25,619.0
10109525BARONIB_2025-04-30_G43,10109525BARONIB,2025-04-30,111466,1,60,0,424.0
10109525BARONIB_2025-04-30_G44,10109525BARONIB,2025-04-30,111418,1,50,0,254.0
10109525BARONIB_2025-04-30_G45,10109525BARONIB,2025-04-30,117821,1,20,0,181.0
10109525BARONIB_2025-04-30_G46,10109525BARONIB,2025-04-30,110372,1,70,0,492.0
10109525BARONIB_2025-04-30_G47,10109525BARONIB,2025-04-30,107830,1,12,0,111.0
10109525BARONIB_2025-04-30_G48,10109525BARONIB,2025-04-30,117809,1,50,0,201.0
10109525BARONIB_2025-04-30_G49,10109525BARONIB,2025-04-30,117832,1,25,0,354.0
10109525BARONIB_2025-04-30_G50,10109525BARONIB,2025-04-30,110371,1,19,0,147.0
10109525BARONIB_2025-04-30_G51,10109525BARONIB,2025-04-30,108772,1,12,0,343.0
10109525BARONIB_2025-04-30_G52,10109525BARONIB,2025-04-30,118299,1,250,0,1359.0
10109525BARONIB_2025-04-30_G53,10109525BARONIB,2025-04-30,111172,1,12,0,59.0
10109525BARONIB_2025-05-02_G02,10109525BARONIB,2025-05-02,118094,1,5,0,56.0
10109525BARONIB_2025-05-02_G03,10109525BARONIB,2025-05-02,117862,1,28,0,116.0
10109525BARONIB_2025-05-02_G04,10109525BARONIB,2025-05-02,107629,1,4,0,46.0
10109525BARONIB_2025-05-02_G05,10109525BARONIB,2025-05-02,110313,1,11,0,88.0
10109525BARONIB_2025-05-02_G06,10109525BARONIB,2025-05-02,117855,1,60,0,394.0
10109525BARONIB_2025-05-02_G07,10109525BARONIB,2025-05-02,117856,1,6,0,137.0
10109525BARONIB_2025-05-02_G08,10109525BARONIB,2025-05-02,110515,1,8,0,47.0
10109525BARONIB_2025-05-02_G09,10109525BARONIB,2025-05-02,111602,1,8,0,79.0
10109525BARONIB_2025-05-02_G10,10109525BARONIB,2025-05-02,110711,1,5,0,539.0
10109525BARONIB_2025-05-02_G11,10109525BARONIB,2025-05-02,111462,1,2,0,45.0
10109525BARONIB_2025-05-02_G12,10109525BARONIB,2025-05-02,111532,1,12,0,90.0
10109525BARONIB_2025-05-02_G13,10109525BARONIB,2025-05-02,140922,1,3,0,64.0
10109525BARONIB_2025-05-02_G14,10109525BARONIB,2025-05-02,111418,1,19,0,166.0
10109525BARONIB_2025-05-02_G15,10109525BARONIB,2025-05-02,118140,1,12,0,68.0
10109525BARONIB_2025-05-02_G16,10109525BARONIB,2025-05-02,110787,1,7,0,164.0
10109525BARONIB_2025-05-02_G17,10109525BARONIB,2025-05-02,110373,1,11,0,39.0
10109525BARONIB_2025-05-06_G02,10109525BARONIB,2025-05-06,122185,1,9,0,170.0
10109525BARONIB_2025-05-06_G03,10109525BARONIB,2025-05-06,122984,1,20,0,498.0
10109525BARONIB_2025-05-06_G04,10109525BARONIB,2025-05-06,122673,1,18,0,651.0
10109525BARONIB_2025-05-06_G05,10109525BARONIB,2025-05-06,124264,1,34,0,593.0
10109525BARONIB_2025-05-06_G06,10109525BARONIB,2025-05-06,122984,1,8,0,216.0
10109525BARONIB_2025-05-06_G07,10109525BARONIB,2025-05-06,120339,1,30,0,1181.0
10109525BARONIB_2025-05-06_G08,10109525BARONIB,2025-05-06,122647,2,39,16,1191.0
10109525BARONIB_2025-05-06_G09,10109525BARONIB,2025-05-06,120008,1,14,0,801.0
10109525BARONIB_2025-05-06_G10,10109525BARONIB,2025-05-06,120008,1,50,0,1010.0
10109525BARONIB_2025-05-06_G11,10109525BARONIB,2025-05-06,124247,1,4,0,69.0
10109525BARONIB_2025-05-06_G12,10109525BARONIB,2025-05-06,124248,1,8,0,106.0
10109525BARONIB_2025-05-06_G13,10109525BARONIB,2025-05-06,124248,1,16,0,220.0
10109525BARONIB_2025-05-06_G14,10109525BARONIB,2025-05-06,122984,1,8,0,110.0
10109525BARONIB_2025-05-06_G15,10109525BARONIB,2025-05-06,122983,1,8,0,252.0
10109525BARONIB_2025-05-06_G16,10109525BARONIB,2025-05-06,124247,1,5,0,408.0
10109525BARONIB_2025-05-06_G17,10109525BARONIB,2025-05-06,124247,1,3,0,217.0
10109525BARONIB_2025-05-06_G18,10109525BARONIB,2025-05-06,124248,2,16,11,32.0
10109525BARONIB_2025-05-06_G19,10109525BARONIB,2025-05-06,122984,1,8,0,327.0
10109525BARONIB_2025-05-06_G20,10109525BARONIB,2025-05-06,122984,1,48,0,650.0
10109525BARONIB_2025-05-06_G21,10109525BARONIB,2025-05-06,122983,1,8,0,287.0
10109525BARONIB_2025-05-07_G02,10109525BARONIB,2025-05-07,124371,7,28,142,300.0
10109525BARONIB_2025-05-07_G03,10109525BARONIB,2025-05-07,124247,1,5,0,87.0
10109525BARONIB_2025-05-07_G04,10109525BARONIB,2025-05-07,124371,1,2,0,87.0
10109525BARONIB_2025-05-07_G05,10109525BARONIB,2025-05-07,122671,1,8,0,1406.0
10109525BARONIB_2025-05-07_G06,10109525BARONIB,2025-05-07,124476,1,8,0,175.0
10109525BARONIB_2025-05-07_G07,10109525BARONIB,2025-05-07,120389,1,20,0,639.0
10109525BARONIB_2025-05-07_G08,10109525BARONIB,2025-05-07,124247,1,3,0,55.0
10109525BARONIB_2025-05-07_G09,10109525BARONIB,2025-05-07,124247,1,3,0,78.0
10109525BARONIB_2025-05-07_G10,10109525BARONIB,2025-05-07,124370,1,40,0,1915.0
10109525BARONIB_2025-05-07_G11,10109525BARONIB,2025-05-07,124247,1,1,0,106.0
10109525BARONIB_2025-05-07_G12,10109525BARONIB,2025-05-07,120339,1,4,0,190.0
10109525BARONIB_2025-05-07_G13,10109525BARONIB,2025-05-07,121760,4,16,54,381.0
10109525BARONIB_2025-05-07_G14,10109525BARONIB,2025-05-07,124476,1,27,0,1185.0
10109525BARONIB_2025-05-07_G15,10109525BARONIB,2025-05-07,121760,1,34,0,1373.0
10109525BARONIB_2025-05-07_G17,10109525BARONIB,2025-05-07,124371,1,6,0,362.0
10109525BARONIB_2025-05-07_G18,10109525BARONIB,2025-05-07,123822,1,30,0,511.0
10109525BARONIB_2025-05-07_G19,10109525BARONIB,2025-05-07,124486,1,30,0,366.0
10109525BARONIB_2025-05-07_G20,10109525BARONIB,2025-05-07,124248,1,40,0,433.0
10109525BARONIB_2025-05-07_G21,10109525BARONIB,2025-05-07,122647,1,18,0,292.0
10109525BARONIB_2025-05-07_G22,10109525BARONIB,2025-05-07,122188,1,2,0,132.0
10109525BARONIB_2025-05-07_G23,10109525BARONIB,2025-05-07,123081,1,40,0,526.0
10109525BARONIB_2025-05-07_G24,10109525BARONIB,2025-05-07,120287,1,3,0,175.0
10109525BARONIB_2025-05-07_G25,10109525BARONIB,2025-05-07,122962,1,5,0,126.0
10109525BARONIB_2025-05-07_G26,10109525BARONIB,2025-05-07,122962,1,14,0,309.0
10109525BARONIB_2025-05-07_G27,10109525BARONIB,2025-05-07,123153,1,10,0,140.0
10109525BARONIB_2025-05-07_G28,10109525BARONIB,2025-05-07,124486,1,4,0,44.0
10109525BARONIB_2025-05-07_G29,10109525BARONIB,2025-05-07,122962,1,4,0,151.0
10109525BARONIB_2025-05-07_G30,10109525BARONIB,2025-05-07,123345,1,6,0,86.0
10109525BARONIB_2025-05-07_G31,10109525BARONIB,2025-05-07,124248,1,16,0,189.0
10109525BARONIB_2025-05-07_G32,10109525BARONIB,2025-05-07,123153,1,20,0,183.0
10109525BARONIB_2025-05-07_G33,10109525BARONIB,2025-05-07,123153,1,8,0,96.0
10109525BARONIB_2025-05-07_G34,10109525BARONIB,2025-05-07,123153,1,2,0,87.0
10109525BARONIB_2025-05-07_G35,10109525BARONIB,2025-05-07,123345,1,4,0,226.0
10109525BARONIB_2025-05-07_G36,10109525BARONIB,2025-05-07,123153,1,4,0,95.0
10109525BARONIB_2025-05-07_G37,10109525BARONIB,2025-05-07,123345,1,4,0,70.0
10109525BARONIB_2025-05-07_G38,10109525BARONIB,2025-05-07,123153,1,10,0,118.0
10109525BARONIB_2025-05-07_G39,10109525BARONIB,2025-05-07,124486,1,12,0,111.0
10109525BARONIB_2025-05-07_G40,10109525BARONIB,2025-05-07,122962,1,16,0,219.0
10109525BARONIB_2025-05-07_G41,10109525BARONIB,2025-05-07,124486,1,5,0,647.0
10109525BARONIB_2025-05-07_G42,10109525BARONIB,2025-05-07,124486,1,5,0,108.0
10109525BARONIB_2025-05-07_G43,10109525BARONIB,2025-05-07,124486,2,10,28,88.0
10109525BARONIB_2025-05-07_G44,10109525BARONIB,2025-05-07,124486,2,10,13,94.0
10109525BARONIB_2025-05-07_G45,10109525BARONIB,2025-05-07,124486,1,5,0,125.0
10109525BARONIB_2025-05-07_G46,10109525BARONIB,2025-05-07,124486,1,255,0,1315.0
10109525BARONIB_2025-05-08_G02,10109525BARONIB,2025-05-08,122962,1,4,0,133.0
10109525BARONIB_2025-05-08_G03,10109525BARONIB,2025-05-08,123344,1,8,0,393.0
10109525BARONIB_2025-05-08_G04,10109525BARONIB,2025-05-08,123907,1,20,0,696.0
10109525BARONIB_2025-05-08_G05,10109525BARONIB,2025-05-08,122962,1,12,0,333.0
10109525BARONIB_2025-05-08_G06,10109525BARONIB,2025-05-08,121760,1,2,0,113.0
10109525BARONIB_2025-05-08_G07,10109525BARONIB,2025-05-08,124371,1,3,0,97.0
10109525BARONIB_2025-05-08_G08,10109525BARONIB,2025-05-08,123909,1,15,0,585.0
10109525BARONIB_2025-05-08_G09,10109525BARONIB,2025-05-08,122647,1,4,0,164.0
10109525BARONIB_2025-05-08_G10,10109525BARONIB,2025-05-08,123153,1,10,0,226.0
10109525BARONIB_2025-05-08_G11,10109525BARONIB,2025-05-08,123153,1,12,0,254.0
10109525BARONIB_2025-05-08_G12,10109525BARONIB,2025-05-08,124475,1,2,0,67.0
10109525BARONIB_2025-05-08_G13,10109525BARONIB,2025-05-08,124370,1,1,0,73.0
10109525BARONIB_2025-05-08_G14,10109525BARONIB,2025-05-08,124486,1,10,0,172.0
10109525BARONIB_2025-05-08_G15,10109525BARONIB,2025-05-08,121651,1,12,0,363.0
10109525BARONIB_2025-05-08_G16,10109525BARONIB,2025-05-08,124248,1,4,0,103.0
10109525BARONIB_2025-05-08_G17,10109525BARONIB,2025-05-08,124248,1,6,0,107.0
10109525BARONIB_2025-05-08_G18,10109525BARONIB,2025-05-08,124371,1,2,0,40.0
10109525BARONIB_2025-05-08_G19,10109525BARONIB,2025-05-08,121760,1,10,0,322.0
10109525BARONIB_2025-05-08_G20,10109525BARONIB,2025-05-08,121760,1,10,0,198.0
10109525BARONIB_2025-05-08_G21,10109525BARONIB,2025-05-08,"122962, 122673",2,7,25,41.0
10109525BARONIB_2025-05-08_G22,10109525BARONIB,2025-05-08,123562,1,2,0,67.0
10109525BARONIB_2025-05-08_G23,10109525BARONIB,2025-05-08,124486,1,20,0,212.0
10109525BARONIB_2025-05-08_G24,10109525BARONIB,2025-05-08,124433,1,5,0,471.0
10109525BARONIB_2025-05-08_G25,10109525BARONIB,2025-05-08,121304,1,4,0,346.0
10109525BARONIB_2025-05-08_G26,10109525BARONIB,2025-05-08,122673,2,14,13,151.0
10109525BARONIB_2025-05-08_G27,10109525BARONIB,2025-05-08,122985,1,3,0,392.0
10109525BARONIB_2025-05-08_G28,10109525BARONIB,2025-05-08,122985,1,1,0,96.0
10109525BARONIB_2025-05-08_G29,10109525BARONIB,2025-05-08,124477,1,8,0,70.0
10109525BARONIB_2025-05-08_G30,10109525BARONIB,2025-05-08,124247,1,10,0,130.0
10109525BARONIB_2025-05-08_G31,10109525BARONIB,2025-05-08,124247,1,5,0,34.0
10109525BARONIB_2025-05-08_G32,10109525BARONIB,2025-05-08,121651,1,6,0,104.0
10109525BARONIB_2025-05-08_G33,10109525BARONIB,2025-05-08,122985,1,6,0,76.0
10109525BARONIB_2025-05-08_G34,10109525BARONIB,2025-05-08,123344,1,14,0,349.0
10109525BARONIB_2025-05-08_G35,10109525BARONIB,2025-05-08,124247,1,2,0,154.0
10109525BARONIB_2025-05-08_G37,10109525BARONIB,2025-05-08,109645,1,4,0,61.0
10109525BARONIB_2025-05-08_G38,10109525BARONIB,2025-05-08,117830,1,4,0,78.0
10109525BARONIB_2025-05-08_G39,10109525BARONIB,2025-05-08,110371,1,6,0,95.0
10109525BARONIB_2025-05-08_G40,10109525BARONIB,2025-05-08,117808,1,12,0,88.0
10109525BARONIB_2025-05-08_G41,10109525BARONIB,2025-05-08,117862,1,16,0,202.0
10109525BARONIB_2025-05-08_G42,10109525BARONIB,2025-05-08,117853,1,6,0,78.0
10109525BARONIB_2025-05-08_G43,10109525BARONIB,2025-05-08,117855,1,10,0,87.0
10109525BARONIB_2025-05-08_G44,10109525BARONIB,2025-05-08,111468,1,12,0,278.0
10109525BARONIB_2025-05-08_G45,10109525BARONIB,2025-05-08,110373,1,20,0,177.0
10109525BARONIB_2025-05-08_G46,10109525BARONIB,2025-05-08,117830,1,3,0,79.0
10109525BARONIB_2025-05-08_G47,10109525BARONIB,2025-05-08,111602,1,5,0,100.0
10109525BARONIB_2025-05-08_G48,10109525BARONIB,2025-05-08,141202,1,6,0,121.0
10109525BARONIB_2025-05-08_G49,10109525BARONIB,2025-05-08,111602,1,18,0,407.0
10109525BARONIB_2025-05-08_G50,10109525BARONIB,2025-05-08,110754,1,2,0,128.0
10109525BARONIB_2025-05-08_G51,10109525BARONIB,2025-05-08,118094,1,4,0,607.0
10109525BARONIB_2025-05-08_G52,10109525BARONIB,2025-05-08,141047,1,2,0,94.0
10109525BARONIB_2025-05-08_G53,10109525BARONIB,2025-05-08,110339,1,2,0,191.0
10109525BARONIB_2025-05-08_G54,10109525BARONIB,2025-05-08,111602,1,8,0,95.0
10109525BARONIB_2025-05-08_G55,10109525BARONIB,2025-05-08,110711,1,4,0,63.0
10109525BARONIB_2025-05-08_G56,10109525BARONIB,2025-05-08,117820,1,4,0,57.0
10109525BARONIB_2025-05-08_G57,10109525BARONIB,2025-05-08,118299,1,8,0,42.0
10109525BARONIB_2025-05-08_G58,10109525BARONIB,2025-05-08,110376,1,2,0,109.0
10109525BARONIB_2025-05-08_G59,10109525BARONIB,2025-05-08,110371,1,4,0,94.0
10109525BARONIB_2025-05-08_G60,10109525BARONIB,2025-05-08,"117808, 109643",2,11,16,102.0
10109525BARONIB_2025-05-08_G61,10109525BARONIB,2025-05-08,118094,1,4,0,283.0
10109525BARONIB_2025-05-08_G62,10109525BARONIB,2025-05-08,"110339, 110313",2,4,30,70.0
10109525BARONIB_2025-05-08_G63,10109525BARONIB,2025-05-08,111467,1,4,0,746.0
10109525BARONIB_2025-05-08_G64,10109525BARONIB,2025-05-08,117855,1,2,0,40.0
10109525BARONIB_2025-05-08_G65,10109525BARONIB,2025-05-08,117856,1,4,0,239.0
10109525BARONIB_2025-05-08_G66,10109525BARONIB,2025-05-08,"117786, 110515",2,8,21,113.0
10109525BARONIB_2025-05-08_G67,10109525BARONIB,2025-05-08,111602,1,1,0,37.0
10109525BARONIB_2025-05-08_G68,10109525BARONIB,2025-05-08,"111463, 117821",2,6,23,116.0
10109525BARONIB_2025-05-08_G69,10109525BARONIB,2025-05-08,"117785, 117833",2,7,20,60.0
10109525BARONIB_2025-05-08_G70,10109525BARONIB,2025-05-08,117820,1,4,0,39.0
10109525BARONIB_2025-05-08_G71,10109525BARONIB,2025-05-08,118299,1,8,0,68.0
10109525BARONIB_2025-05-08_G72,10109525BARONIB,2025-05-08,110373,1,2,0,191.0
10109525BARONIB_2025-05-08_G73,10109525BARONIB,2025-05-08,141202,1,2,0,263.0
10109525BARONIB_2025-05-08_G74,10109525BARONIB,2025-05-08,117808,1,8,0,125.0
10109525BARONIB_2025-05-08_G75,10109525BARONIB,2025-05-08,141047,1,4,0,142.0
10109525BARONIB_2025-05-08_G76,10109525BARONIB,2025-05-08,110339,1,2,0,35.0
10109525BARONIB_2025-05-08_G77,10109525BARONIB,2025-05-08,"110325, 117820",2,5,14,64.0
10109525BARONIB_2025-05-08_G78,10109525BARONIB,2025-05-08,"118299, 110373, 110374",3,16,39,87.0
10109525BARONIB_2025-05-08_G79,10109525BARONIB,2025-05-08,110376,1,2,0,86.0
10109525BARONIB_2025-05-08_G80,10109525BARONIB,2025-05-08,117832,1,2,0,124.0
10109525BARONIB_2025-05-08_G81,10109525BARONIB,2025-05-08,118222,1,4,0,142.0
10109525BARONIB_2025-05-08_G82,10109525BARONIB,2025-05-08,"110895, 110711",2,3,24,154.0
10109525BARONIB_2025-05-08_G83,10109525BARONIB,2025-05-08,117853,1,4,0,568.0
10109525BARONIB_2025-05-08_G84,10109525BARONIB,2025-05-08,111443,1,3,0,730.0
10109525BARONIB_2025-05-08_G85,10109525BARONIB,2025-05-08,111468,1,5,0,68.0
10109525BARONIB_2025-05-08_G86,10109525BARONIB,2025-05-08,108795,1,4,0,50.0
10109525BARONIB_2025-05-08_G87,10109525BARONIB,2025-05-08,111462,1,8,0,50.0
10109525BARONIB_2025-05-08_G88,10109525BARONIB,2025-05-08,117787,1,4,0,95.0
10109525BARONIB_2025-05-08_G89,10109525BARONIB,2025-05-08,108711,1,8,0,51.0
10109525BARONIB_2025-05-08_G90,10109525BARONIB,2025-05-08,"140922, 110745, 111466",3,16,36,268.0
10109525BARONIB_2025-05-08_G91,10109525BARONIB,2025-05-08,"117833, 108798",2,5,27,33.0
10109525BARONIB_2025-05-08_G92,10109525BARONIB,2025-05-08,111418,1,7,0,98.0
10109525BARONIB_2025-05-08_G93,10109525BARONIB,2025-05-08,"108794, 117831, 118223, 109645",4,14,38,34.0
10109525BARONIB_2025-05-08_G94,10109525BARONIB,2025-05-08,111348,1,2,0,68.0
10109525BARONIB_2025-05-08_G95,10109525BARONIB,2025-05-08,111172,1,4,0,186.0
10109525BARONIB_2025-05-09_G02,10109525BARONIB,2025-05-09,141202,1,4,0,105.0
10109525BARONIB_2025-05-09_G03,10109525BARONIB,2025-05-09,110754,1,4,0,150.0
10109525BARONIB_2025-05-09_G04,10109525BARONIB,2025-05-09,117862,1,1,0,68.0
10109525BARONIB_2025-05-09_G05,10109525BARONIB,2025-05-09,111650,1,2,0,59.0
10109525BARONIB_2025-05-09_G06,10109525BARONIB,2025-05-09,111530,1,4,0,37.0
10109525BARONIB_2025-05-09_G07,10109525BARONIB,2025-05-09,117786,1,8,0,328.0
10109525BARONIB_2025-05-09_G08,10109525BARONIB,2025-05-09,110711,1,2,0,74.0
10109525BARONIB_2025-05-09_G09,10109525BARONIB,2025-05-09,"108795, 111469",2,6,8,94.0
10109525BARONIB_2025-05-09_G10,10109525BARONIB,2025-05-09,111462,1,8,0,110.0
10109525BARONIB_2025-05-09_G11,10109525BARONIB,2025-05-09,"140922, 111466",2,8,7,128.0
10109525BARONIB_2025-05-09_G12,10109525BARONIB,2025-05-09,"117833, 117831",2,8,28,52.0
10109525BARONIB_2025-05-09_G13,10109525BARONIB,2025-05-09,109645,1,2,0,61.0
10109525BARONIB_2025-05-09_G14,10109525BARONIB,2025-05-09,107236,1,2,0,41.0
10109525BARONIB_2025-05-09_G15,10109525BARONIB,2025-05-09,"107830, 110375",2,4,7,168.0
10109525BARONIB_2025-05-09_G16,10109525BARONIB,2025-05-09,117808,1,14,0,158.0
10109525BARONIB_2025-05-09_G17,10109525BARONIB,2025-05-09,117809,1,8,0,38.0
10109525BARONIB_2025-05-09_G18,10109525BARONIB,2025-05-09,105242,1,2,0,32.0
10109525BARONIB_2025-05-09_G19,10109525BARONIB,2025-05-09,110754,1,4,0,554.0
10109525BARONIB_2025-05-09_G20,10109525BARONIB,2025-05-09,111466,1,6,0,108.0
10109525BARONIB_2025-05-09_G21,10109525BARONIB,2025-05-09,141202,1,4,0,75.0
10109525BARONIB_2025-05-09_G22,10109525BARONIB,2025-05-09,117861,1,8,0,982.0
10109525BARONIB_2025-05-09_G23,10109525BARONIB,2025-05-09,111467,1,4,0,46.0
10109525BARONIB_2025-05-09_G24,10109525BARONIB,2025-05-09,"110740, 118140",2,21,23,246.0
10109525BARONIB_2025-05-09_G25,10109525BARONIB,2025-05-09,110372,1,20,0,182.0
10109525BARONIB_2025-05-09_G26,10109525BARONIB,2025-05-09,117808,1,40,0,215.0
10109525BARONIB_2025-05-09_G27,10109525BARONIB,2025-05-09,117820,1,30,0,290.0
10109525BARONIB_2025-05-09_G28,10109525BARONIB,2025-05-09,117786,1,8,0,292.0
10109525BARONIB_2025-05-09_G30,10109525BARONIB,2025-05-09,124486,1,6,0,288.0
10109525BARONIB_2025-05-09_G31,10109525BARONIB,2025-05-09,123908,1,6,0,389.0
10109525BARONIB_2025-05-09_G32,10109525BARONIB,2025-05-09,123153,1,20,0,337.0
10109525BARONIB_2025-05-09_G33,10109525BARONIB,2025-05-09,123130,1,22,0,902.0
10109525BARONIB_2025-05-09_G34,10109525BARONIB,2025-05-09,124486,1,4,0,75.0
10109525BARONIB_2025-05-09_G35,10109525BARONIB,2025-05-09,123822,1,15,0,279.0
10109525BARONIB_2025-05-09_G36,10109525BARONIB,2025-05-09,122984,1,5,0,158.0
10109525BARONIB_2025-05-09_G37,10109525BARONIB,2025-05-09,122985,1,3,0,207.0
10109525BARONIB_2025-05-09_G38,10109525BARONIB,2025-05-09,122984,1,8,0,191.0
10109525BARONIB_2025-05-09_G39,10109525BARONIB,2025-05-09,122984,1,10,0,214.0
10109525BARONIB_2025-05-09_G40,10109525BARONIB,2025-05-09,124248,2,14,5,559.0
10109525BARONIB_2025-05-09_G41,10109525BARONIB,2025-05-09,124248,1,6,0,268.0
10109525BARONIB_2025-05-09_G42,10109525BARONIB,2025-05-09,124486,1,10,0,178.0
10109525BARONIB_2025-05-09_G43,10109525BARONIB,2025-05-09,122986,1,4,0,84.0
10109525BARONIB_2025-05-09_G44,10109525BARONIB,2025-05-09,124486,1,6,0,65.0
10109525BARONIB_2025-05-09_G45,10109525BARONIB,2025-05-09,122962,1,4,0,85.0
10109525BARONIB_2025-05-09_G46,10109525BARONIB,2025-05-09,123909,1,2,0,39.0
10109525BARONIB_2025-05-09_G47,10109525BARONIB,2025-05-09,122962,1,12,0,246.0
10109525BARONIB_2025-05-09_G48,10109525BARONIB,2025-05-09,122671,1,10,0,91.0
10109525BARONIB_2025-05-09_G49,10109525BARONIB,2025-05-09,123153,1,20,0,400.0
10109525BARONIB_2025-05-09_G50,10109525BARONIB,2025-05-09,124247,1,4,0,112.0
10109525BARONIB_2025-05-09_G51,10109525BARONIB,2025-05-09,124248,1,8,0,156.0
10109525BARONIB_2025-05-09_G52,10109525BARONIB,2025-05-09,124486,1,10,0,243.0
10109525BARONIB_2025-05-09_G53,10109525BARONIB,2025-05-09,123130,1,20,0,346.0
10109525BARONIB_2025-05-09_G54,10109525BARONIB,2025-05-09,123130,1,16,0,180.0
10109525BARONIB_2025-05-09_G55,10109525BARONIB,2025-05-09,123130,1,12,0,171.0
10109525BARONIB_2025-05-09_G56,10109525BARONIB,2025-05-09,123130,1,70,0,445.0
10109525BARONIB_2025-05-09_G57,10109525BARONIB,2025-05-09,122962,1,80,0,898.0
10109525BARONIB_2025-05-09_G58,10109525BARONIB,2025-05-09,122185,1,10,0,146.0
10109525BARONIB_2025-05-09_G59,10109525BARONIB,2025-05-09,122984,1,6,0,153.0
10109525BARONIB_2025-05-09_G60,10109525BARONIB,2025-05-09,124486,1,30,0,827.0
10109525BARONIB_2025-05-10_G02,10109525BARONIB,2025-05-10,122962,1,60,0,898.0
10109525BARONIB_2025-05-10_G03,10109525BARONIB,2025-05-10,123153,1,30,0,753.0
10109525BARONIB_2025-05-10_G04,10109525BARONIB,2025-05-10,123153,1,50,0,752.0
10109525BARONIB_2025-05-10_G05,10109525BARONIB,2025-05-10,122962,1,8,0,146.0
10109525BARONIB_2025-05-10_G06,10109525BARONIB,2025-05-10,120028,1,28,0,302.0
10109525BARONIB_2025-05-10_G07,10109525BARONIB,2025-05-10,120028,1,21,0,486.0
10109525BARONIB_2025-05-10_G08,10109525BARONIB,2025-05-10,123345,1,630,0,2202.0
10109525BARONIB_2025-05-10_G09,10109525BARONIB,2025-05-10,122962,1,40,0,996.0
10109525BARONIB_2025-05-10_G10,10109525BARONIB,2025-05-10,124247,1,2,0,124.0
10109525BARONIB_2025-05-10_G11,10109525BARONIB,2025-05-10,123889,1,10,0,222.0
10109525BARONIB_2025-05-10_G12,10109525BARONIB,2025-05-10,124486,1,10,0,156.0
10109525BARONIB_2025-05-10_G13,10109525BARONIB,2025-05-10,123153,1,68,0,452.0
10109525BARONIB_2025-05-10_G14,10109525BARONIB,2025-05-10,124486,1,60,0,462.0
10109525BARONIB_2025-05-10_G15,10109525BARONIB,2025-05-10,124486,1,4,0,59.0
10109525BARONIB_2025-05-10_G16,10109525BARONIB,2025-05-10,123909,1,4,0,98.0
10109525BARONIB_2025-05-10_G17,10109525BARONIB,2025-05-10,124486,1,10,0,90.0
10109525BARONIB_2025-05-10_G18,10109525BARONIB,2025-05-10,124486,1,20,0,503.0
10109525BARONIB_2025-05-11_G02,10109525BARONIB,2025-05-11,123153,1,60,0,926.0
10109525BARONIB_2025-05-11_G03,10109525BARONIB,2025-05-11,124475,1,12,0,153.0
10109525BARONIB_2025-05-11_G04,10109525BARONIB,2025-05-11,124370,1,16,0,339.0
10109525BARONIB_2025-05-11_G05,10109525BARONIB,2025-05-11,124370,1,8,0,275.0
10109525BARONIB_2025-05-11_G06,10109525BARONIB,2025-05-11,123153,1,20,0,277.0
10109525BARONIB_2025-05-11_G07,10109525BARONIB,2025-05-11,120321,1,11,0,237.0
10109525BARONIB_2025-05-11_G08,10109525BARONIB,2025-05-11,120028,1,24,0,1108.0
10109525BARONIB_2025-05-11_G09,10109525BARONIB,2025-05-11,122962,1,24,0,355.0
10109525BARONIB_2025-05-11_G10,10109525BARONIB,2025-05-11,120028,1,14,0,296.0
10109525BARONIB_2025-05-11_G11,10109525BARONIB,2025-05-11,120028,1,16,0,444.0
10109525BARONIB_2025-05-11_G12,10109525BARONIB,2025-05-11,124486,1,1,0,41.0
10109525BARONIB_2025-05-11_G13,10109525BARONIB,2025-05-11,122962,1,32,0,577.0
10109525BARONIB_2025-05-11_G14,10109525BARONIB,2025-05-11,123130,1,12,0,147.0
10109525BARONIB_2025-05-11_G15,10109525BARONIB,2025-05-11,123130,1,60,0,666.0
10109525BARONIB_2025-05-11_G16,10109525BARONIB,2025-05-11,124486,1,10,0,169.0
10109525BARONIB_2025-05-11_G17,10109525BARONIB,2025-05-11,122962,1,20,0,189.0
10109525BARONIB_2025-05-11_G18,10109525BARONIB,2025-05-11,120028,1,5,0,292.0
10109525BARONIB_2025-05-11_G19,10109525BARONIB,2025-05-11,122185,1,10,0,855.0
10109525BARONIB_2025-05-11_G20,10109525BARONIB,2025-05-11,122984,1,6,0,123.0
10109525BARONIB_2025-05-11_G21,10109525BARONIB,2025-05-11,123343,1,11,0,383.0
10109525BARONIB_2025-05-11_G22,10109525BARONIB,2025-05-11,120271,1,4,0,157.0
10109525BARONIB_2025-05-11_G23,10109525BARONIB,2025-05-11,120028,1,5,0,32.0
10109525BARONIB_2025-05-11_G24,10109525BARONIB,2025-05-11,120028,1,11,0,415.0
10109525BARONIB_2025-05-11_G25,10109525BARONIB,2025-05-11,124548,1,13,0,502.0
10109525BARONIB_2025-05-12_G02,10109525BARONIB,2025-05-12,109647,1,300,0,1093.0
10109525BARONIB_2025-05-12_G03,10109525BARONIB,2025-05-12,117785,1,463,0,1492.0
10109525BARONIB_2025-05-12_G04,10109525BARONIB,2025-05-12,110752,1,6,0,82.0
10109525BARONIB_2025-05-12_G06,10109525BARONIB,2025-05-12,111569,1,3,0,249.0
10109525BARONIB_2025-05-12_G07,10109525BARONIB,2025-05-12,111438,1,2,0,69.0
10109525BARONIB_2025-05-12_G08,10109525BARONIB,2025-05-12,109937,1,4,0,105.0
10109525BARONIB_2025-05-12_G09,10109525BARONIB,2025-05-12,118094,1,8,0,399.0
10109525BARONIB_2025-05-12_G10,10109525BARONIB,2025-05-12,141047,1,6,0,64.0
10109525BARONIB_2025-05-12_G11,10109525BARONIB,2025-05-12,110339,1,8,0,235.0
10109525BARONIB_2025-05-12_G12,10109525BARONIB,2025-05-12,111530,1,6,0,104.0
10109525BARONIB_2025-05-12_G13,10109525BARONIB,2025-05-12,117786,1,6,0,82.0
10109525BARONIB_2025-05-12_G14,10109525BARONIB,2025-05-12,111462,1,6,0,268.0
10109525BARONIB_2025-05-12_G15,10109525BARONIB,2025-05-12,109641,1,13,0,119.0
10109525BARONIB_2025-05-12_G16,10109525BARONIB,2025-05-12,111433,1,2,0,92.0
10109525BARONIB_2025-05-12_G17,10109525BARONIB,2025-05-12,117821,1,8,0,374.0
10109525BARONIB_2025-05-12_G18,10109525BARONIB,2025-05-12,111466,2,49,9,488.0
10109525BARONIB_2025-05-12_G19,10109525BARONIB,2025-05-12,"111172, 117785",2,8,29,126.0
10109525BARONIB_2025-05-12_G20,10109525BARONIB,2025-05-12,111418,1,60,0,191.0
10109525BARONIB_2025-05-12_G21,10109525BARONIB,2025-05-12,109645,1,10,0,139.0
10109525BARONIB_2025-05-12_G22,10109525BARONIB,2025-05-12,111348,1,9,0,192.0
10109525BARONIB_2025-05-12_G23,10109525BARONIB,2025-05-12,111465,1,2,0,44.0
10109525BARONIB_2025-05-12_G24,10109525BARONIB,2025-05-12,117820,1,20,0,348.0
10109525BARONIB_2025-05-12_G25,10109525BARONIB,2025-05-12,110373,1,32,0,272.0
10109525BARONIB_2025-05-12_G26,10109525BARONIB,2025-05-12,110339,1,2,0,110.0
10109525BARONIB_2025-05-12_G27,10109525BARONIB,2025-05-12,110372,2,77,13,390.0
10109525BARONIB_2025-05-12_G28,10109525BARONIB,2025-05-12,110711,1,7,0,253.0
10109525BARONIB_2025-05-12_G29,10109525BARONIB,2025-05-12,110740,2,26,23,181.0
10109525BARONIB_2025-05-12_G30,10109525BARONIB,2025-05-12,111463,1,26,0,620.0
10109525BARONIB_2025-05-12_G31,10109525BARONIB,2025-05-12,111532,1,9,0,174.0
10109525BARONIB_2025-05-12_G32,10109525BARONIB,2025-05-12,117831,2,9,9,270.0
10109525BARONIB_2025-05-12_G33,10109525BARONIB,2025-05-12,111443,1,6,0,150.0
10109525BARONIB_2025-05-12_G34,10109525BARONIB,2025-05-12,140922,1,50,0,704.0
10109525BARONIB_2025-05-12_G35,10109525BARONIB,2025-05-12,118299,2,122,6,145.0
10109525BARONIB_2025-05-12_G36,10109525BARONIB,2025-05-12,110371,1,14,0,270.0
10109525BARONIB_2025-05-12_G37,10109525BARONIB,2025-05-12,117809,1,5,0,244.0
10109525BARONIB_2025-05-12_G38,10109525BARONIB,2025-05-12,109643,1,11,0,144.0
10109525BARONIB_2025-05-12_G39,10109525BARONIB,2025-05-12,120002,1,8,0,160.0
10109525BARONIB_2025-05-12_G40,10109525BARONIB,2025-05-12,110374,1,56,0,464.0
10109525BARONIB_2025-05-13_G02,10109525BARONIB,2025-05-13,109937,1,2,0,90.0
10109525BARONIB_2025-05-13_G03,10109525BARONIB,2025-05-13,116527,1,4,0,74.0
10109525BARONIB_2025-05-13_G04,10109525BARONIB,2025-05-13,118094,1,2,0,144.0
10109525BARONIB_2025-05-13_G05,10109525BARONIB,2025-05-13,110515,1,18,0,328.0
10109525BARONIB_2025-05-13_G06,10109525BARONIB,2025-05-13,118140,1,8,0,88.0
10109525BARONIB_2025-05-13_G07,10109525BARONIB,2025-05-13,117821,1,3,0,112.0
10109525BARONIB_2025-05-13_G08,10109525BARONIB,2025-05-13,111532,1,4,0,228.0
10109525BARONIB_2025-05-13_G09,10109525BARONIB,2025-05-13,117831,1,4,0,75.0
10109525BARONIB_2025-05-13_G10,10109525BARONIB,2025-05-13,109645,1,4,0,151.0
10109525BARONIB_2025-05-13_G11,10109525BARONIB,2025-05-13,110373,1,12,0,217.0
10109525BARONIB_2025-05-13_G12,10109525BARONIB,2025-05-13,110374,1,9,0,289.0
10109525BARONIB_2025-05-13_G13,10109525BARONIB,2025-05-13,110372,1,25,0,163.0
10109525BARONIB_2025-05-13_G14,10109525BARONIB,2025-05-13,"110371, 109643",2,18,14,247.0
10109525BARONIB_2025-05-13_G15,10109525BARONIB,2025-05-13,111469,1,30,0,484.0
10109525BARONIB_2025-05-13_G16,10109525BARONIB,2025-05-13,111469,1,2,0,58.0
10109525BARONIB_2025-05-13_G17,10109525BARONIB,2025-05-13,118299,2,62,17,255.0
10109525BARONIB_2025-05-13_G18,10109525BARONIB,2025-05-13,118094,1,4,0,404.0
10109525BARONIB_2025-05-13_G19,10109525BARONIB,2025-05-13,141047,1,28,0,172.0
10109525BARONIB_2025-05-13_G20,10109525BARONIB,2025-05-13,117855,1,94,0,380.0
10109525BARONIB_2025-05-13_G21,10109525BARONIB,2025-05-13,111530,1,93,0,330.0
10109525BARONIB_2025-05-13_G22,10109525BARONIB,2025-05-13,117786,1,6,0,250.0
10109525BARONIB_2025-05-13_G23,10109525BARONIB,2025-05-13,111530,1,2,0,103.0
10109525BARONIB_2025-05-13_G24,10109525BARONIB,2025-05-13,"111435, 110743",2,24,14,277.0
10109525BARONIB_2025-05-13_G25,10109525BARONIB,2025-05-13,110740,1,10,0,72.0
10109525BARONIB_2025-05-13_G26,10109525BARONIB,2025-05-13,110745,1,6,0,80.0
10109525BARONIB_2025-05-13_G27,10109525BARONIB,2025-05-13,117821,1,13,0,66.0
10109525BARONIB_2025-05-13_G28,10109525BARONIB,2025-05-13,111463,1,76,0,434.0
10109525BARONIB_2025-05-13_G29,10109525BARONIB,2025-05-13,111463,1,2,0,74.0
10109525BARONIB_2025-05-13_G30,10109525BARONIB,2025-05-13,111466,2,29,7,150.0
10109525BARONIB_2025-05-13_G31,10109525BARONIB,2025-05-13,111348,1,2,0,199.0
10109525BARONIB_2025-05-13_G32,10109525BARONIB,2025-05-13,110787,1,1,0,37.0
10109525BARONIB_2025-05-13_G33,10109525BARONIB,2025-05-13,109641,1,40,0,3002.0
10109525BARONIB_2025-05-13_G35,10109525BARONIB,2025-05-13,140922,1,20,0,192.0
10109525BARONIB_2025-05-13_G36,10109525BARONIB,2025-05-13,111463,1,10,0,103.0
10109525BARONIB_2025-05-13_G37,10109525BARONIB,2025-05-13,117785,1,10,0,582.0
10109525BARONIB_2025-05-13_G38,10109525BARONIB,2025-05-13,111418,1,20,0,155.0
10109525BARONIB_2025-05-13_G39,10109525BARONIB,2025-05-13,117808,1,40,0,506.0
10109525BARONIB_2025-05-13_G40,10109525BARONIB,2025-05-13,118299,1,20,0,169.0
10109525BARONIB_2025-05-13_G41,10109525BARONIB,2025-05-13,110372,1,30,0,206.0
10109525BARONIB_2025-05-13_G42,10109525BARONIB,2025-05-13,110895,1,3,0,318.0
10109525BARONIB_2025-05-13_G43,10109525BARONIB,2025-05-13,117820,1,6,0,271.0
10109525BARONIB_2025-05-13_G44,10109525BARONIB,2025-05-13,110373,1,8,0,146.0
10109525BARONIB_2025-05-13_G45,10109525BARONIB,2025-05-13,111441,1,3,0,192.0
10109525BARONIB_2025-05-13_G46,10109525BARONIB,2025-05-13,110339,1,3,0,109.0
10109525BARONIB_2025-05-13_G47,10109525BARONIB,2025-05-13,117935,1,3,0,36.0
10109525BARONIB_2025-05-13_G48,10109525BARONIB,2025-05-13,111433,1,4,0,88.0
10109525BARONIB_2025-05-13_G49,10109525BARONIB,2025-05-13,117821,1,13,0,471.0
10109525BARONIB_2025-05-13_G50,10109525BARONIB,2025-05-13,117808,1,20,0,132.0
10109525BARONIB_2025-05-13_G51,10109525BARONIB,2025-05-13,111330,1,20,0,660.0
10109525BARONIB_2025-05-13_G52,10109525BARONIB,2025-05-13,118403,1,4,0,172.0
10109525BARONIB_2025-05-13_G53,10109525BARONIB,2025-05-13,110755,1,20,0,1506.0
10109525BARONIB_2025-05-13_G54,10109525BARONIB,2025-05-13,110895,1,120,0,1988.0
10109525BARONIB_2025-05-14_G02,10109525BARONIB,2025-05-14,117833,1,110,0,69.0
10109525BARONIB_2025-05-14_G03,10109525BARONIB,2025-05-14,111660,1,250,0,1635.0
10109525BARONIB_2025-05-14_G04,10109525BARONIB,2025-05-14,110325,1,30,0,1238.0
10109525BARONIB_2025-05-14_G05,10109525BARONIB,2025-05-14,117840,1,10,0,126.0
10109525BARONIB_2025-05-14_G06,10109525BARONIB,2025-05-14,141202,1,69,0,551.0
10109525BARONIB_2025-05-14_G07,10109525BARONIB,2025-05-14,110375,1,70,0,341.0
10109525BARONIB_2025-05-14_G08,10109525BARONIB,2025-05-14,118094,1,12,0,913.0
10109525BARONIB_2025-05-14_G09,10109525BARONIB,2025-05-14,107629,1,20,0,195.0
10109525BARONIB_2025-05-14_G10,10109525BARONIB,2025-05-14,110753,1,3,0,391.0
10109525BARONIB_2025-05-14_G11,10109525BARONIB,2025-05-14,111650,1,4,0,49.0
10109525BARONIB_2025-05-14_G12,10109525BARONIB,2025-05-14,111879,1,4,0,128.0
10109525BARONIB_2025-05-14_G13,10109525BARONIB,2025-05-14,117853,1,20,0,255.0
10109525BARONIB_2025-05-14_G14,10109525BARONIB,2025-05-14,105242,1,4,0,382.0
10109525BARONIB_2025-05-14_G15,10109525BARONIB,2025-05-14,117788,1,10,0,170.0
10109525BARONIB_2025-05-14_G16,10109525BARONIB,2025-05-14,118289,1,2,0,84.0
10109525BARONIB_2025-05-14_G17,10109525BARONIB,2025-05-14,108772,1,39,0,510.0
10109525BARONIB_2025-05-14_G18,10109525BARONIB,2025-05-14,108772,1,21,0,112.0
10109525BARONIB_2025-05-14_G19,10109525BARONIB,2025-05-14,110752,1,12,0,1014.0
10109525BARONIB_2025-05-14_G20,10109525BARONIB,2025-05-14,117837,1,30,0,697.0
10109525BARONIB_2025-05-14_G21,10109525BARONIB,2025-05-14,110752,1,18,0,542.0
10109525BARONIB_2025-05-14_G22,10109525BARONIB,2025-05-14,111182,1,16,0,159.0
10109525BARONIB_2025-05-14_G23,10109525BARONIB,2025-05-14,105705,1,20,0,132.0
10109525BARONIB_2025-05-14_G25,10109525BARONIB,2025-05-14,124476,1,2,0,55.0
10109525BARONIB_2025-05-14_G26,10109525BARONIB,2025-05-14,124370,1,8,0,168.0
10109525BARONIB_2025-05-14_G27,10109525BARONIB,2025-05-14,124486,1,1,0,61.0
10109525BARONIB_2025-05-14_G28,10109525BARONIB,2025-05-14,124371,1,10,0,191.0
10109525BARONIB_2025-05-14_G29,10109525BARONIB,2025-05-14,123909,1,2,0,103.0
10109525BARONIB_2025-05-14_G30,10109525BARONIB,2025-05-14,123345,1,13,0,302.0
10109525BARONIB_2025-05-14_G31,10109525BARONIB,2025-05-14,123909,1,10,0,358.0
10109525BARONIB_2025-05-14_G32,10109525BARONIB,2025-05-14,120008,1,4,0,104.0
10109525BARONIB_2025-05-14_G33,10109525BARONIB,2025-05-14,121760,1,20,0,258.0
10109525BARONIB_2025-05-14_G34,10109525BARONIB,2025-05-14,124477,1,20,0,407.0
10109525BARONIB_2025-05-14_G35,10109525BARONIB,2025-05-14,180024,1,2,0,511.0
10109525BARONIB_2025-05-14_G36,10109525BARONIB,2025-05-14,123909,1,7,0,164.0
10109525BARONIB_2025-05-14_G37,10109525BARONIB,2025-05-14,122983,1,8,0,414.0
10109525BARONIB_2025-05-14_G38,10109525BARONIB,2025-05-14,123345,1,20,0,295.0
10109525BARONIB_2025-05-14_G39,10109525BARONIB,2025-05-14,123313,1,20,0,342.0
10109525BARONIB_2025-05-14_G40,10109525BARONIB,2025-05-14,123313,1,20,0,39.0
10109525BARONIB_2025-05-14_G41,10109525BARONIB,2025-05-14,122986,1,4,0,734.0
10109525BARONIB_2025-05-14_G42,10109525BARONIB,2025-05-14,123153,1,88,0,561.0
10109525BARONIB_2025-05-14_G43,10109525BARONIB,2025-05-14,124475,1,12,0,257.0
10109525BARONIB_2025-05-14_G44,10109525BARONIB,2025-05-14,122988,1,4,0,164.0
10109525BARONIB_2025-05-14_G45,10109525BARONIB,2025-05-14,120389,1,12,0,202.0
10109525BARONIB_2025-05-14_G46,10109525BARONIB,2025-05-14,124371,1,7,0,63.0
10109525BARONIB_2025-05-14_G47,10109525BARONIB,2025-05-14,121651,1,18,0,482.0
10109525BARONIB_2025-05-14_G48,10109525BARONIB,2025-05-14,"124264, 122962",2,7,16,60.0
10109525BARONIB_2025-05-14_G49,10109525BARONIB,2025-05-14,122984,1,4,0,173.0
10109525BARONIB_2025-05-14_G50,10109525BARONIB,2025-05-14,124248,1,3,0,146.0
10109525BARONIB_2025-05-14_G51,10109525BARONIB,2025-05-14,121760,1,22,0,171.0
10109525BARONIB_2025-05-14_G52,10109525BARONIB,2025-05-14,122673,1,10,0,199.0
10109525BARONIB_2025-05-14_G53,10109525BARONIB,2025-05-14,122673,1,20,0,141.0
10109525BARONIB_2025-05-14_G54,10109525BARONIB,2025-05-14,122673,1,29,0,211.0
10109525BARONIB_2025-05-14_G55,10109525BARONIB,2025-05-14,"123343, 123345",2,17,12,205.0
10109525BARONIB_2025-05-14_G56,10109525BARONIB,2025-05-14,123345,1,50,0,373.0
10109525BARONIB_2025-05-14_G57,10109525BARONIB,2025-05-14,122673,1,5,0,134.0
10109525BARONIB_2025-05-14_G58,10109525BARONIB,2025-05-14,"122671, 122185",2,8,11,282.0
10109525BARONIB_2025-05-14_G59,10109525BARONIB,2025-05-14,124370,1,34,0,858.0
10109525BARONIB_2025-05-14_G60,10109525BARONIB,2025-05-14,123822,1,8,0,107.0
10109525BARONIB_2025-05-14_G61,10109525BARONIB,2025-05-14,123521,1,1,0,69.0
10109525BARONIB_2025-05-14_G62,10109525BARONIB,2025-05-14,122962,1,16,0,190.0
10109525BARONIB_2025-05-15_G02,10109525BARONIB,2025-05-15,123345,1,20,0,252.0
10109525BARONIB_2025-05-15_G03,10109525BARONIB,2025-05-15,122984,1,14,0,516.0
10109525BARONIB_2025-05-15_G05,10109525BARONIB,2025-05-15,110423,1,2,0,363.0
10109525BARONIB_2025-05-15_G06,10109525BARONIB,2025-05-15,117862,1,6,0,83.0
10109525BARONIB_2025-05-15_G07,10109525BARONIB,2025-05-15,111532,1,11,0,99.0
10109525BARONIB_2025-05-15_G08,10109525BARONIB,2025-05-15,117808,1,1000,0,1481.0
10109525BARONIB_2025-05-15_G10,10109525BARONIB,2025-05-15,122673,1,23,0,161.0
10109525BARONIB_2025-05-15_G11,10109525BARONIB,2025-05-15,"122673, 124247",2,19,29,342.0
10109525BARONIB_2025-05-15_G12,10109525BARONIB,2025-05-15,124486,1,2,0,151.0
10109525BARONIB_2025-05-15_G13,10109525BARONIB,2025-05-15,122673,1,14,0,259.0
10109525BARONIB_2025-05-15_G14,10109525BARONIB,2025-05-15,122673,1,6,0,124.0
10109525BARONIB_2025-05-15_G15,10109525BARONIB,2025-05-15,123889,1,4,0,187.0
10109525BARONIB_2025-05-15_G16,10109525BARONIB,2025-05-15,124486,1,10,0,73.0
10109525BARONIB_2025-05-15_G17,10109525BARONIB,2025-05-15,123081,1,12,0,187.0
10109525BARONIB_2025-05-15_G18,10109525BARONIB,2025-05-15,120272,1,4,0,106.0
10109525BARONIB_2025-05-15_G19,10109525BARONIB,2025-05-15,123153,1,10,0,423.0
10109525BARONIB_2025-05-15_G20,10109525BARONIB,2025-05-15,122185,1,160,0,1914.0
10109525BARONIB_2025-05-15_G21,10109525BARONIB,2025-05-15,122962,1,80,0,1489.0
10109525BARONIB_2025-05-15_G22,10109525BARONIB,2025-05-15,122673,1,2,0,237.0
10109525BARONIB_2025-05-15_G23,10109525BARONIB,2025-05-15,123345,1,4,0,97.0
10109525BARONIB_2025-05-15_G24,10109525BARONIB,2025-05-15,124486,1,40,0,1745.0
10109525BARONIB_2025-05-15_G25,10109525BARONIB,2025-05-15,124548,1,20,0,408.0
10109525BARONIB_2025-05-15_G26,10109525BARONIB,2025-05-15,122673,1,2,0,71.0
10109525BARONIB_2025-05-15_G27,10109525BARONIB,2025-05-15,122962,1,50,0,1143.0
10109525BARONIB_2025-05-16_G02,10109525BARONIB,2025-05-16,122671,1,6,0,213.0
10109525BARONIB_2025-05-16_G03,10109525BARONIB,2025-05-16,122962,1,6,0,179.0
10109525BARONIB_2025-05-16_G04,10109525BARONIB,2025-05-16,122673,1,16,0,139.0
10109525BARONIB_2025-05-16_G05,10109525BARONIB,2025-05-16,120028,1,4,0,87.0
10109525BARONIB_2025-05-16_G06,10109525BARONIB,2025-05-16,122962,1,31,0,428.0
10109525BARONIB_2025-05-16_G07,10109525BARONIB,2025-05-16,122673,1,11,0,101.0
10109525BARONIB_2025-05-16_G08,10109525BARONIB,2025-05-16,124247,1,2,0,96.0
10109525BARONIB_2025-05-16_G09,10109525BARONIB,2025-05-16,122673,1,10,0,146.0
10109525BARONIB_2025-05-16_G10,10109525BARONIB,2025-05-16,123345,1,2,0,94.0
10109525BARONIB_2025-05-16_G11,10109525BARONIB,2025-05-16,124247,1,12,0,181.0
10109525BARONIB_2025-05-16_G12,10109525BARONIB,2025-05-16,123345,1,2,0,102.0
10109525BARONIB_2025-05-16_G13,10109525BARONIB,2025-05-16,123822,1,100,0,1537.0
10109525BARONIB_2025-05-16_G14,10109525BARONIB,2025-05-16,123909,1,2,0,185.0
10109525BARONIB_2025-05-16_G15,10109525BARONIB,2025-05-16,122985,1,2,0,39.0
10109525BARONIB_2025-05-16_G16,10109525BARONIB,2025-05-16,123343,1,6,0,1225.0
10109525BARONIB_2025-05-16_G17,10109525BARONIB,2025-05-16,124475,1,8,0,57.0
10109525BARONIB_2025-05-16_G18,10109525BARONIB,2025-05-16,124476,1,10,0,318.0
10109525BARONIB_2025-05-16_G19,10109525BARONIB,2025-05-16,124247,1,10,0,160.0
10109525BARONIB_2025-05-16_G20,10109525BARONIB,2025-05-16,123521,1,8,0,144.0
10109525BARONIB_2025-05-16_G21,10109525BARONIB,2025-05-16,120339,1,4,0,114.0
10109525BARONIB_2025-05-16_G22,10109525BARONIB,2025-05-16,"121760, 123343",3,37,26,681.0
10109525BARONIB_2025-05-16_G23,10109525BARONIB,2025-05-16,122984,1,18,0,904.0
10109525BARONIB_2025-05-16_G24,10109525BARONIB,2025-05-16,122984,1,4,0,84.0
10109525BARONIB_2025-05-16_G25,10109525BARONIB,2025-05-16,122984,1,40,0,693.0
10109525BARONIB_2025-05-16_G27,10109525BARONIB,2025-05-16,122671,1,16,0,216.0
10109525BARONIB_2025-05-16_G28,10109525BARONIB,2025-05-16,121651,1,2,0,137.0
10109525BARONIB_2025-05-16_G29,10109525BARONIB,2025-05-16,121760,1,2,0,202.0
10109525BARONIB_2025-05-16_G30,10109525BARONIB,2025-05-16,123343,1,10,0,276.0
10109525BARONIB_2025-05-16_G31,10109525BARONIB,2025-05-16,123345,1,5,0,192.0
10109525BARONIB_2025-05-16_G32,10109525BARONIB,2025-05-16,122984,1,8,0,249.0
10109525BARONIB_2025-05-16_G33,10109525BARONIB,2025-05-16,122673,1,70,0,1367.0
10109525BARONIB_2025-05-16_G34,10109525BARONIB,2025-05-16,181056,1,4,0,826.0
10109525BARONIB_2025-05-16_G35,10109525BARONIB,2025-05-16,124548,1,20,0,647.0
10109525BARONIB_2025-05-16_G36,10109525BARONIB,2025-05-16,123130,1,40,0,1244.0
10109525BARONIB_2025-05-16_G37,10109525BARONIB,2025-05-16,123343,1,4,0,101.0
10109525BARONIB_2025-05-16_G38,10109525BARONIB,2025-05-16,122673,1,8,0,306.0
10109525BARONIB_2025-05-16_G39,10109525BARONIB,2025-05-16,124247,1,8,0,163.0
10109525BARONIB_2025-05-16_G40,10109525BARONIB,2025-05-16,123909,1,5,0,177.0
10109525BARONIB_2025-05-16_G41,10109525BARONIB,2025-05-16,122983,1,5,0,79.0
10109525BARONIB_2025-05-16_G42,10109525BARONIB,2025-05-16,123343,1,8,0,238.0
10109525BARONIB_2025-05-16_G43,10109525BARONIB,2025-05-16,124486,1,17,0,172.0
10109525BARONIB_2025-05-16_G44,10109525BARONIB,2025-05-16,122986,1,2,0,140.0
10109525BARONIB_2025-05-16_G45,10109525BARONIB,2025-05-16,122703,1,4,0,159.0
10109525BARONIB_2025-05-16_G46,10109525BARONIB,2025-05-16,123343,1,4,0,122.0
10109525BARONIB_2025-05-16_G47,10109525BARONIB,2025-05-16,123345,1,10,0,129.0
10109525BARONIB_2025-05-16_G48,10109525BARONIB,2025-05-16,123909,1,4,0,73.0
10109525BARONIB_2025-05-16_G49,10109525BARONIB,2025-05-16,120271,1,1,0,56.0
10109525BARONIB_2025-05-16_G50,10109525BARONIB,2025-05-16,"120339, 122984",2,14,23,164.0
10109525BARONIB_2025-05-16_G51,10109525BARONIB,2025-05-16,123345,1,8,0,272.0
10109525BARONIB_2025-05-16_G52,10109525BARONIB,2025-05-16,123343,1,9,0,300.0
10109525BARONIB_2025-05-16_G53,10109525BARONIB,2025-05-16,121760,1,10,0,84.0
10109525BARONIB_2025-05-16_G54,10109525BARONIB,2025-05-16,"124475, 122986",2,25,13,620.0
10109525BARONIB_2025-05-16_G55,10109525BARONIB,2025-05-16,124370,1,41,0,731.0
10109525BARONIB_2025-05-16_G56,10109525BARONIB,2025-05-16,124371,1,20,0,244.0
10109525BARONIB_2025-05-16_G57,10109525BARONIB,2025-05-16,122985,1,20,0,405.0
10109525BARONIB_2025-05-16_G58,10109525BARONIB,2025-05-16,122983,1,6,0,228.0
10109525BARONIB_2025-05-17_G02,10109525BARONIB,2025-05-17,124370,1,1,0,601.0
10109525BARONIB_2025-05-17_G03,10109525BARONIB,2025-05-17,124264,1,17,0,199.0
10109525BARONIB_2025-05-17_G04,10109525BARONIB,2025-05-17,121760,1,50,0,522.0
10109525BARONIB_2025-05-17_G05,10109525BARONIB,2025-05-17,122673,1,10,0,1110.0
10109525BARONIB_2025-05-17_G06,10109525BARONIB,2025-05-17,123562,1,8,0,750.0
10109525BARONIB_2025-05-17_G07,10109525BARONIB,2025-05-17,122981,1,8,0,116.0
10109525BARONIB_2025-05-17_G08,10109525BARONIB,2025-05-17,"124247, 120339",2,8,29,51.0
10109525BARONIB_2025-05-17_G09,10109525BARONIB,2025-05-17,120339,1,12,0,119.0
10109525BARONIB_2025-05-17_G10,10109525BARONIB,2025-05-17,120339,1,4,0,181.0
10109525BARONIB_2025-05-17_G11,10109525BARONIB,2025-05-17,120339,1,10,0,102.0
10109525BARONIB_2025-05-17_G12,10109525BARONIB,2025-05-17,120339,1,12,0,85.0
10109525BARONIB_2025-05-17_G13,10109525BARONIB,2025-05-17,120339,1,4,0,79.0
10109525BARONIB_2025-05-17_G14,10109525BARONIB,2025-05-17,120339,1,4,0,92.0
10109525BARONIB_2025-05-17_G15,10109525BARONIB,2025-05-17,120339,1,8,0,71.0
10109525BARONIB_2025-05-17_G16,10109525BARONIB,2025-05-17,120339,2,14,25,124.0
10109525BARONIB_2025-05-17_G17,10109525BARONIB,2025-05-17,120339,3,16,11,216.0
10109525BARONIB_2025-05-17_G18,10109525BARONIB,2025-05-17,120339,5,16,28,180.0
10109525BARONIB_2025-05-17_G19,10109525BARONIB,2025-05-17,120339,2,10,6,217.0
10109525BARONIB_2025-05-17_G20,10109525BARONIB,2025-05-17,123561,1,24,0,244.0
10109525BARONIB_2025-05-17_G21,10109525BARONIB,2025-05-17,123561,1,8,0,35.0
10109525BARONIB_2025-05-17_G22,10109525BARONIB,2025-05-17,122983,1,20,0,352.0
10109525BARONIB_2025-05-17_G23,10109525BARONIB,2025-05-17,124370,1,16,0,97.0
10109525BARONIB_2025-05-17_G24,10109525BARONIB,2025-05-17,"122981, 120339",2,12,7,324.0
10109525BARONIB_2025-05-17_G25,10109525BARONIB,2025-05-17,120339,1,2,0,100.0
10109525BARONIB_2025-05-17_G26,10109525BARONIB,2025-05-17,122985,1,2,0,76.0
10109525BARONIB_2025-05-17_G27,10109525BARONIB,2025-05-17,123343,1,2,0,69.0
10109525BARONIB_2025-05-17_G28,10109525BARONIB,2025-05-17,123313,1,7,0,143.0
10109525BARONIB_2025-05-17_G29,10109525BARONIB,2025-05-17,123313,1,4,0,103.0
10109525BARONIB_2025-05-18_G02,10109525BARONIB,2025-05-18,107830,1,8,0,97.0
10109525BARONIB_2025-05-18_G03,10109525BARONIB,2025-05-18,117822,1,9,0,97.0
10109525BARONIB_2025-05-18_G04,10109525BARONIB,2025-05-18,117785,1,50,0,346.0
10109525BARONIB_2025-05-18_G05,10109525BARONIB,2025-05-18,117842,1,4,0,202.0
10109525BARONIB_2025-05-18_G06,10109525BARONIB,2025-05-18,117809,1,71,0,823.0
10109525BARONIB_2025-05-18_G07,10109525BARONIB,2025-05-18,"110374, 118299",2,300,28,167.0
10109525BARONIB_2025-05-18_G08,10109525BARONIB,2025-05-18,110374,1,48,0,186.0
10109525BARONIB_2025-05-18_G09,10109525BARONIB,2025-05-18,110373,1,350,0,448.0
10109525BARONIB_2025-05-18_G10,10109525BARONIB,2025-05-18,111463,1,70,0,403.0
10109525BARONIB_2025-05-18_G11,10109525BARONIB,2025-05-18,109933,1,4,0,1645.0
10109525BARONIB_2025-05-18_G12,10109525BARONIB,2025-05-18,109647,1,8,0,147.0
10109525BARONIB_2025-05-18_G13,10109525BARONIB,2025-05-18,141035,1,8,0,97.0
10109525BARONIB_2025-05-18_G14,10109525BARONIB,2025-05-18,110515,1,270,0,530.0
10109525BARONIB_2025-05-18_G15,10109525BARONIB,2025-05-18,111530,1,270,0,740.0
10109525BARONIB_2025-05-18_G16,10109525BARONIB,2025-05-18,116611,1,2,0,102.0
10109525BARONIB_2025-05-18_G17,10109525BARONIB,2025-05-18,110751,1,64,0,296.0
10109525BARONIB_2025-05-18_G18,10109525BARONIB,2025-05-18,117831,1,230,0,882.0
10109525BARONIB_2025-05-18_G19,10109525BARONIB,2025-05-18,111444,1,14,0,231.0
10109525BARONIB_2025-05-18_G20,10109525BARONIB,2025-05-18,160054,1,6,0,216.0
10109525BARONIB_2025-05-18_G21,10109525BARONIB,2025-05-18,107830,1,20,0,122.0
10109525BARONIB_2025-05-18_G22,10109525BARONIB,2025-05-18,110371,1,200,0,352.0
10109525BARONIB_2025-05-18_G23,10109525BARONIB,2025-05-18,110746,1,2,0,540.0
10109525BARONIB_2025-05-18_G24,10109525BARONIB,2025-05-18,110129,1,40,0,419.0
10109525BARONIB_2025-05-18_G25,10109525BARONIB,2025-05-18,111602,2,17,19,548.0
10109525BARONIB_2025-05-18_G26,10109525BARONIB,2025-05-18,111439,1,10,0,107.0
10109525BARONIB_2025-05-19_G02,10109525BARONIB,2025-05-19,160054,1,20,0,144.0
10109525BARONIB_2025-05-19_G03,10109525BARONIB,2025-05-19,160053,2,22,13,209.0
10109525BARONIB_2025-05-19_G04,10109525BARONIB,2025-05-19,"110742, 117808",2,3,29,608.0
10109525BARONIB_2025-05-19_G05,10109525BARONIB,2025-05-19,111438,1,15,0,264.0
10109525BARONIB_2025-05-19_G06,10109525BARONIB,2025-05-19,111438,1,15,0,169.0
10109525BARONIB_2025-05-19_G07,10109525BARONIB,2025-05-19,111602,1,8,0,1803.0
10109525BARONIB_2025-05-19_G08,10109525BARONIB,2025-05-19,107629,1,4,0,53.0
10109525BARONIB_2025-05-19_G09,10109525BARONIB,2025-05-19,160054,1,10,0,257.0
10109525BARONIB_2025-05-19_G10,10109525BARONIB,2025-05-19,111602,1,5,0,988.0
10109525BARONIB_2025-05-19_G11,10109525BARONIB,2025-05-19,107629,1,1,0,43.0
10109525BARONIB_2025-05-19_G12,10109525BARONIB,2025-05-19,111738,1,15,0,506.0
10109525BARONIB_2025-05-19_G13,10109525BARONIB,2025-05-19,111753,1,2,0,331.0
10109525BARONIB_2025-05-19_G14,10109525BARONIB,2025-05-19,118191,1,12,0,244.0
10109525BARONIB_2025-05-19_G15,10109525BARONIB,2025-05-19,111469,1,8,0,308.0
10109525BARONIB_2025-05-19_G16,10109525BARONIB,2025-05-19,111722,3,121,37,73.0
10109525BARONIB_2025-05-19_G17,10109525BARONIB,2025-05-19,118191,1,50,0,1286.0
10109525BARONIB_2025-05-19_G18,10109525BARONIB,2025-05-19,111742,3,11,26,305.0
10109525BARONIB_2025-05-19_G19,10109525BARONIB,2025-05-19,111759,1,7,0,585.0
10109525BARONIB_2025-05-19_G20,10109525BARONIB,2025-05-19,111759,1,2,0,58.0
10109525BARONIB_2025-05-19_G21,10109525BARONIB,2025-05-19,111761,1,7,0,159.0
10109525BARONIB_2025-05-19_G22,10109525BARONIB,2025-05-19,111754,1,10,0,240.0
10109525BARONIB_2025-05-19_G23,10109525BARONIB,2025-05-19,111754,1,1,0,34.0
10109525BARONIB_2025-05-19_G24,10109525BARONIB,2025-05-19,111754,1,9,0,44.0
10109525BARONIB_2025-05-19_G25,10109525BARONIB,2025-05-19,111739,1,2,0,59.0
10109525BARONIB_2025-05-19_G26,10109525BARONIB,2025-05-19,111757,1,4,0,359.0
10109525BARONIB_2025-05-19_G27,10109525BARONIB,2025-05-19,111753,2,4,7,101.0
10109525BARONIB_2025-05-19_G30,10109525BARONIB,2025-05-19,120339,1,4,0,147.0
10109525BARONIB_2025-05-19_G31,10109525BARONIB,2025-05-19,124247,1,25,0,332.0
10109525BARONIB_2025-05-19_G32,10109525BARONIB,2025-05-19,123345,1,4,0,363.0
10109525BARONIB_2025-05-19_G33,10109525BARONIB,2025-05-19,122962,1,12,0,185.0
10109525BARONIB_2025-05-19_G34,10109525BARONIB,2025-05-19,122983,1,69,0,1086.0
10109525BARONIB_2025-05-19_G35,10109525BARONIB,2025-05-19,124594,1,8,0,784.0
10109525BARONIB_2025-05-19_G36,10109525BARONIB,2025-05-19,123313,2,18,5,318.0
10109525BARONIB_2025-05-19_G37,10109525BARONIB,2025-05-19,"122962, 121651",2,40,28,1834.0
10109525BARONIB_2025-05-19_G38,10109525BARONIB,2025-05-19,121651,1,2,0,206.0
10109525BARONIB_2025-05-19_G39,10109525BARONIB,2025-05-19,124476,1,2,0,80.0
10109525BARONIB_2025-05-19_G40,10109525BARONIB,2025-05-19,124486,1,21,0,176.0
10109525BARONIB_2025-05-19_G41,10109525BARONIB,2025-05-19,121760,1,7,0,91.0
10109525BARONIB_2025-05-19_G42,10109525BARONIB,2025-05-19,120339,1,6,0,39.0
10109525BARONIB_2025-05-19_G43,10109525BARONIB,2025-05-19,122984,1,12,0,161.0
10109525BARONIB_2025-05-19_G44,10109525BARONIB,2025-05-19,123909,1,17,0,116.0
10109525BARONIB_2025-05-19_G45,10109525BARONIB,2025-05-19,124548,1,6,0,172.0
10109525BARONIB_2025-05-19_G46,10109525BARONIB,2025-05-19,123345,1,5,0,195.0
10109525BARONIB_2025-05-19_G47,10109525BARONIB,2025-05-19,123345,1,5,0,113.0
10109525BARONIB_2025-05-19_G48,10109525BARONIB,2025-05-19,122962,1,10,0,90.0
10109525BARONIB_2025-05-19_G49,10109525BARONIB,2025-05-19,124476,1,40,0,420.0
10109525BARONIB_2025-05-19_G50,10109525BARONIB,2025-05-19,123822,1,30,0,598.0
10109525BARONIB_2025-05-19_G51,10109525BARONIB,2025-05-19,122185,1,18,0,241.0
10109525BARONIB_2025-05-19_G52,10109525BARONIB,2025-05-19,122984,1,8,0,163.0
10109525BARONIB_2025-05-19_G53,10109525BARONIB,2025-05-19,122984,1,10,0,110.0
10109525BARONIB_2025-05-19_G54,10109525BARONIB,2025-05-19,124486,1,200,0,1697.0
10109525BARONIB_2025-05-20_G02,10109525BARONIB,2025-05-20,122985,1,12,0,730.0
10109525BARONIB_2025-05-20_G03,10109525BARONIB,2025-05-20,122983,1,38,0,268.0
10109525BARONIB_2025-05-20_G04,10109525BARONIB,2025-05-20,122185,1,2,0,145.0
10109525BARONIB_2025-05-20_G05,10109525BARONIB,2025-05-20,120339,1,10,0,554.0
10109525BARONIB_2025-05-20_G06,10109525BARONIB,2025-05-20,120339,3,12,21,74.0
10109525BARONIB_2025-05-20_G07,10109525BARONIB,2025-05-20,120339,1,12,0,46.0
10109525BARONIB_2025-05-20_G08,10109525BARONIB,2025-05-20,120339,2,12,12,247.0
10109525BARONIB_2025-05-20_G09,10109525BARONIB,2025-05-20,123343,1,6,0,386.0
10109525BARONIB_2025-05-20_G10,10109525BARONIB,2025-05-20,122962,1,60,0,583.0
10109525BARONIB_2025-05-20_G11,10109525BARONIB,2025-05-20,123822,1,26,0,656.0
10109525BARONIB_2025-05-20_G12,10109525BARONIB,2025-05-20,122673,1,11,0,312.0
10109525BARONIB_2025-05-20_G13,10109525BARONIB,2025-05-20,123876,2,18,25,3540.0
10109525BARONIB_2025-05-20_G15,10109525BARONIB,2025-05-20,109937,1,4,0,500.0
10109525BARONIB_2025-05-20_G16,10109525BARONIB,2025-05-20,110339,1,20,0,1014.0
10109525BARONIB_2025-05-20_G17,10109525BARONIB,2025-05-20,117837,1,12,0,192.0
10109525BARONIB_2025-05-20_G18,10109525BARONIB,2025-05-20,117862,1,11,0,74.0
10109525BARONIB_2025-05-20_G19,10109525BARONIB,2025-05-20,108961,1,4,0,106.0
10109525BARONIB_2025-05-20_G20,10109525BARONIB,2025-05-20,141047,1,8,0,88.0
10109525BARONIB_2025-05-20_G21,10109525BARONIB,2025-05-20,118403,1,5,0,64.0
10109525BARONIB_2025-05-20_G22,10109525BARONIB,2025-05-20,111443,1,8,0,395.0
10109525BARONIB_2025-05-20_G23,10109525BARONIB,2025-05-20,111435,1,2,0,63.0
10109525BARONIB_2025-05-20_G24,10109525BARONIB,2025-05-20,110740,1,9,0,81.0
10109525BARONIB_2025-05-20_G25,10109525BARONIB,2025-05-20,"110751, 111463",2,33,21,66.0
10109525BARONIB_2025-05-20_G26,10109525BARONIB,2025-05-20,109641,1,8,0,229.0
10109525BARONIB_2025-05-20_G27,10109525BARONIB,2025-05-20,105705,1,10,0,143.0
10109525BARONIB_2025-05-20_G28,10109525BARONIB,2025-05-20,108711,1,30,0,224.0
10109525BARONIB_2025-05-20_G29,10109525BARONIB,2025-05-20,118140,1,20,0,365.0
10109525BARONIB_2025-05-20_G30,10109525BARONIB,2025-05-20,108798,1,3,0,98.0
10109525BARONIB_2025-05-20_G31,10109525BARONIB,2025-05-20,109645,1,8,0,277.0
10109525BARONIB_2025-05-20_G32,10109525BARONIB,2025-05-20,117831,1,20,0,244.0
10109525BARONIB_2025-05-20_G33,10109525BARONIB,2025-05-20,118094,1,12,0,290.0
10109525BARONIB_2025-05-20_G34,10109525BARONIB,2025-05-20,110895,1,50,0,125.0
10109525BARONIB_2025-05-20_G35,10109525BARONIB,2025-05-20,110325,1,12,0,120.0
10109525BARONIB_2025-05-20_G36,10109525BARONIB,2025-05-20,110374,1,8,0,77.0
10109525BARONIB_2025-05-20_G37,10109525BARONIB,2025-05-20,107830,1,8,0,235.0
10109525BARONIB_2025-05-20_G38,10109525BARONIB,2025-05-20,110375,1,8,0,269.0
10109525BARONIB_2025-05-20_G39,10109525BARONIB,2025-05-20,118299,1,100,0,175.0
10109525BARONIB_2025-05-20_G40,10109525BARONIB,2025-05-20,117809,1,20,0,149.0
10109525BARONIB_2025-05-20_G41,10109525BARONIB,2025-05-20,111465,1,12,0,259.0
10109525BARONIB_2025-05-20_G42,10109525BARONIB,2025-05-20,110373,1,30,0,255.0
10109525BARONIB_2025-05-20_G43,10109525BARONIB,2025-05-20,117832,1,20,0,188.0
10109525BARONIB_2025-05-20_G44,10109525BARONIB,2025-05-20,117830,1,30,0,228.0
10109525BARONIB_2025-05-20_G45,10109525BARONIB,2025-05-20,117855,1,12,0,198.0
10109525BARONIB_2025-05-20_G46,10109525BARONIB,2025-05-20,110515,1,12,0,200.0
10109525BARONIB_2025-05-20_G47,10109525BARONIB,2025-05-20,110745,1,6,0,73.0
10109525BARONIB_2025-05-20_G48,10109525BARONIB,2025-05-20,111444,1,4,0,620.0
10109525BARONIB_2025-05-20_G49,10109525BARONIB,2025-05-20,111532,1,40,0,346.0
10109525BARONIB_2025-05-20_G50,10109525BARONIB,2025-05-20,108795,1,50,0,700.0
10109525BARONIB_2025-05-20_G51,10109525BARONIB,2025-05-20,108794,1,60,0,599.0
10109525BARONIB_2025-05-21_G02,10109525BARONIB,2025-05-21,118299,1,500,0,681.0
10109525BARONIB_2025-05-21_G03,10109525BARONIB,2025-05-21,117785,1,100,0,224.0
10109525BARONIB_2025-05-21_G04,10109525BARONIB,2025-05-21,117832,1,1,0,87.0
10109525BARONIB_2025-05-21_G05,10109525BARONIB,2025-05-21,110515,1,120,0,685.0
10109525BARONIB_2025-05-21_G06,10109525BARONIB,2025-05-21,118140,1,150,0,1279.0
10109525BARONIB_2025-05-21_G07,10109525BARONIB,2025-05-21,111418,1,135,0,318.0
10109525BARONIB_2025-05-21_G08,10109525BARONIB,2025-05-21,117862,1,150,0,144.0
10109525BARONIB_2025-05-21_G09,10109525BARONIB,2025-05-21,123889,1,4,0,2475.0
10109525BARONIB_2025-05-21_G10,10109525BARONIB,2025-05-21,122962,1,74,0,1483.0
10109525BARONIB_2025-05-21_G11,10109525BARONIB,2025-05-21,124371,1,50,0,759.0
10109525BARONIB_2025-05-21_G12,10109525BARONIB,2025-05-21,124486,1,40,0,489.0
10109525BARONIB_2025-05-21_G13,10109525BARONIB,2025-05-21,124475,1,30,0,682.0
10109525BARONIB_2025-05-21_G15,10109525BARONIB,2025-05-21,122962,1,4,0,149.0
10109525BARONIB_2025-05-21_G16,10109525BARONIB,2025-05-21,124476,1,4,0,42.0
10109525BARONIB_2025-05-21_G17,10109525BARONIB,2025-05-21,124247,1,2,0,68.0
10109525BARONIB_2025-05-21_G18,10109525BARONIB,2025-05-21,124475,1,8,0,92.0
10109525BARONIB_2025-05-21_G19,10109525BARONIB,2025-05-21,124475,1,4,0,134.0
10109525BARONIB_2025-05-21_G20,10109525BARONIB,2025-05-21,124371,1,4,0,89.0
10109525BARONIB_2025-05-21_G21,10109525BARONIB,2025-05-21,121760,1,17,0,398.0
10109525BARONIB_2025-05-21_G22,10109525BARONIB,2025-05-21,121760,1,4,0,49.0
10109525BARONIB_2025-05-21_G23,10109525BARONIB,2025-05-21,124486,1,3,0,97.0
10109525BARONIB_2025-05-21_G24,10109525BARONIB,2025-05-21,124594,1,6,0,107.0
10109525BARONIB_2025-05-21_G25,10109525BARONIB,2025-05-21,123343,1,2,0,32.0
10109525BARONIB_2025-05-21_G26,10109525BARONIB,2025-05-21,123345,1,8,0,148.0
10109525BARONIB_2025-05-21_G27,10109525BARONIB,2025-05-21,123345,1,2,0,50.0
10109525BARONIB_2025-05-21_G28,10109525BARONIB,2025-05-21,120028,1,32,0,1914.0
10109525BARONIB_2025-05-21_G29,10109525BARONIB,2025-05-21,122196,1,178,0,578.0
10109525BARONIB_2025-05-21_G30,10109525BARONIB,2025-05-21,122196,1,24,0,461.0
10109525BARONIB_2025-05-21_G31,10109525BARONIB,2025-05-21,122189,1,76,0,1440.0
10109525BARONIB_2025-05-21_G32,10109525BARONIB,2025-05-21,122985,1,38,0,345.0
10109525BARONIB_2025-05-21_G33,10109525BARONIB,2025-05-21,122985,1,10,0,242.0
10109525BARONIB_2025-05-21_G34,10109525BARONIB,2025-05-21,121651,1,8,0,932.0
10109525BARONIB_2025-05-21_G35,10109525BARONIB,2025-05-21,122703,1,8,0,185.0
10109525BARONIB_2025-05-21_G36,10109525BARONIB,2025-05-21,"122962, 122703",2,19,9,1003.0
10109525BARONIB_2025-05-21_G37,10109525BARONIB,2025-05-21,121760,1,4,0,246.0
10109525BARONIB_2025-05-21_G38,10109525BARONIB,2025-05-21,123909,1,13,0,109.0
10109525BARONIB_2025-05-21_G39,10109525BARONIB,2025-05-21,122962,1,4,0,606.0
10109525BARONIB_2025-05-21_G40,10109525BARONIB,2025-05-21,123907,1,3,0,120.0
10109525BARONIB_2025-05-21_G41,10109525BARONIB,2025-05-21,123907,1,5,0,117.0
10109525BARONIB_2025-05-22_G02,10109525BARONIB,2025-05-22,123909,1,14,0,203.0
10109525BARONIB_2025-05-22_G03,10109525BARONIB,2025-05-22,123345,1,6,0,142.0
10109525BARONIB_2025-05-22_G04,10109525BARONIB,2025-05-22,122671,1,6,0,37.0
10109525BARONIB_2025-05-22_G05,10109525BARONIB,2025-05-22,121651,1,4,0,161.0
10109525BARONIB_2025-05-22_G06,10109525BARONIB,2025-05-22,122962,1,27,0,292.0
10109525BARONIB_2025-05-22_G07,10109525BARONIB,2025-05-22,122703,1,1,0,50.0
10109525BARONIB_2025-05-22_G08,10109525BARONIB,2025-05-22,123907,1,22,0,245.0
10109525BARONIB_2025-05-22_G09,10109525BARONIB,2025-05-22,121760,1,6,0,231.0
10109525BARONIB_2025-05-22_G10,10109525BARONIB,2025-05-22,122984,1,10,0,99.0
10109525BARONIB_2025-05-22_G11,10109525BARONIB,2025-05-22,122673,1,4,0,165.0
10109525BARONIB_2025-05-22_G12,10109525BARONIB,2025-05-22,123909,1,41,0,277.0
10109525BARONIB_2025-05-22_G13,10109525BARONIB,2025-05-22,122983,1,4,0,187.0
10109525BARONIB_2025-05-22_G14,10109525BARONIB,2025-05-22,123343,2,20,14,275.0
10109525BARONIB_2025-05-22_G15,10109525BARONIB,2025-05-22,123345,1,24,0,94.0
10109525BARONIB_2025-05-22_G16,10109525BARONIB,2025-05-22,123889,1,2,0,332.0
10109525BARONIB_2025-05-22_G17,10109525BARONIB,2025-05-22,122962,1,20,0,137.0
10109525BARONIB_2025-05-22_G18,10109525BARONIB,2025-05-22,123907,1,19,0,178.0
10109525BARONIB_2025-05-22_G19,10109525BARONIB,2025-05-22,123909,1,6,0,275.0
10109525BARONIB_2025-05-22_G20,10109525BARONIB,2025-05-22,122983,1,4,0,92.0
10109525BARONIB_2025-05-22_G21,10109525BARONIB,2025-05-22,123345,1,2,0,52.0
10109525BARONIB_2025-05-22_G22,10109525BARONIB,2025-05-22,"123907, 122673",2,4,21,1671.0
10109525BARONIB_2025-05-22_G23,10109525BARONIB,2025-05-22,122983,1,4,0,165.0
10109525BARONIB_2025-05-22_G24,10109525BARONIB,2025-05-22,123345,1,4,0,122.0
10109525BARONIB_2025-05-22_G25,10109525BARONIB,2025-05-22,123345,1,8,0,329.0
10109525BARONIB_2025-05-22_G26,10109525BARONIB,2025-05-22,122962,1,2,0,470.0
10109525BARONIB_2025-05-22_G27,10109525BARONIB,2025-05-22,123909,1,1,0,215.0
10109525BARONIB_2025-05-22_G29,10109525BARONIB,2025-05-22,123909,1,300,0,1318.0
10109525BARONIB_2025-05-22_G30,10109525BARONIB,2025-05-22,124486,1,37,0,2373.0
10109525BARONIB_2025-05-22_G31,10109525BARONIB,2025-05-22,124370,1,16,0,181.0
10109525BARONIB_2025-05-22_G32,10109525BARONIB,2025-05-22,124476,1,8,0,135.0
10109525BARONIB_2025-05-22_G33,10109525BARONIB,2025-05-22,121760,1,20,0,381.0
10109525BARONIB_2025-05-22_G34,10109525BARONIB,2025-05-22,123345,1,20,0,308.0
10109525BARONIB_2025-05-23_G02,10109525BARONIB,2025-05-23,123153,1,20,0,855.0
10109525BARONIB_2025-05-23_G03,10109525BARONIB,2025-05-23,122982,1,20,0,523.0
10109525BARONIB_2025-05-23_G04,10109525BARONIB,2025-05-23,122988,1,28,0,306.0
10109525BARONIB_2025-05-23_G05,10109525BARONIB,2025-05-23,122988,1,2,0,72.0
10109525BARONIB_2025-05-23_G06,10109525BARONIB,2025-05-23,122647,1,30,0,1698.0
10109525BARONIB_2025-05-23_G07,10109525BARONIB,2025-05-23,122673,1,30,0,590.0
10109525BARONIB_2025-05-23_G08,10109525BARONIB,2025-05-23,124370,1,4,0,100.0
10109525BARONIB_2025-05-23_G09,10109525BARONIB,2025-05-23,124476,1,8,0,142.0
10109525BARONIB_2025-05-23_G10,10109525BARONIB,2025-05-23,124371,1,4,0,38.0
10109525BARONIB_2025-05-23_G11,10109525BARONIB,2025-05-23,122647,1,2,0,503.0
10109525BARONIB_2025-05-23_G12,10109525BARONIB,2025-05-23,122673,1,2,0,77.0
10109525BARONIB_2025-05-23_G13,10109525BARONIB,2025-05-23,122962,1,12,0,95.0
10109525BARONIB_2025-05-23_G14,10109525BARONIB,2025-05-23,124486,1,14,0,387.0
10109525BARONIB_2025-05-23_G15,10109525BARONIB,2025-05-23,122962,1,12,0,711.0
10109525BARONIB_2025-05-23_G16,10109525BARONIB,2025-05-23,124247,1,4,0,137.0
10109525BARONIB_2025-05-23_G17,10109525BARONIB,2025-05-23,122984,1,4,0,201.0
10109525BARONIB_2025-05-23_G18,10109525BARONIB,2025-05-23,124248,1,4,0,43.0
10109525BARONIB_2025-05-23_G19,10109525BARONIB,2025-05-23,122983,1,4,0,1936.0
10109525BARONIB_2025-05-23_G21,10109525BARONIB,2025-05-23,122673,1,10,0,381.0
10109525BARONIB_2025-05-23_G22,10109525BARONIB,2025-05-23,123153,1,24,0,473.0
10109525BARONIB_2025-05-23_G23,10109525BARONIB,2025-05-23,124264,1,20,0,335.0
10109525BARONIB_2025-05-23_G24,10109525BARONIB,2025-05-23,123130,1,10,0,228.0
10109525BARONIB_2025-05-23_G25,10109525BARONIB,2025-05-23,124486,1,10,0,526.0
10109525BARONIB_2025-05-23_G26,10109525BARONIB,2025-05-23,123345,1,4,0,95.0
10109525BARONIB_2025-05-23_G27,10109525BARONIB,2025-05-23,123889,1,6,0,226.0
10109525BARONIB_2025-05-23_G28,10109525BARONIB,2025-05-23,124247,1,12,0,38.0
10109525BARONIB_2025-05-23_G29,10109525BARONIB,2025-05-23,122673,1,10,0,155.0
10109525BARONIB_2025-05-23_G30,10109525BARONIB,2025-05-23,122673,2,10,11,69.0
10109525BARONIB_2025-05-23_G31,10109525BARONIB,2025-05-23,122647,1,4,0,176.0
10109525BARONIB_2025-05-23_G32,10109525BARONIB,2025-05-23,122673,1,10,0,239.0
10109525BARONIB_2025-05-23_G33,10109525BARONIB,2025-05-23,124248,1,2,0,121.0
10109525BARONIB_2025-05-23_G34,10109525BARONIB,2025-05-23,124248,1,4,0,205.0
10109525BARONIB_2025-05-23_G35,10109525BARONIB,2025-05-23,124486,1,12,0,206.0
10109525BARONIB_2025-05-23_G36,10109525BARONIB,2025-05-23,122673,1,10,0,94.0
10109525BARONIB_2025-05-23_G37,10109525BARONIB,2025-05-23,122985,1,12,0,353.0
10109525BARONIB_2025-05-23_G38,10109525BARONIB,2025-05-23,123344,1,4,0,253.0
10109525BARONIB_2025-05-23_G39,10109525BARONIB,2025-05-23,123153,1,30,0,452.0
10109525BARONIB_2025-05-23_G40,10109525BARONIB,2025-05-23,123948,1,40,0,733.0
10109525BARONIB_2025-05-23_G41,10109525BARONIB,2025-05-23,122984,1,26,0,1324.0
10109525BARONIB_2025-05-23_G42,10109525BARONIB,2025-05-23,123344,1,35,0,1005.0
10109525BARONIB_2025-05-23_G43,10109525BARONIB,2025-05-23,124548,1,6,0,160.0
10109525BARONIB_2025-05-23_G44,10109525BARONIB,2025-05-23,123344,1,15,0,1235.0
10109525BARONIB_2025-05-23_G45,10109525BARONIB,2025-05-23,122984,1,4,0,133.0
10109525BARONIB_2025-05-25_G02,10109525BARONIB,2025-05-25,108772,1,4,0,98.0
10109525BARONIB_2025-05-25_G03,10109525BARONIB,2025-05-25,109640,1,4,0,90.0
10109525BARONIB_2025-05-25_G04,10109525BARONIB,2025-05-25,117853,1,4,0,155.0
10109525BARONIB_2025-05-25_G05,10109525BARONIB,2025-05-25,111463,1,30,0,266.0
10109525BARONIB_2025-05-25_G06,10109525BARONIB,2025-05-25,111602,1,10,0,144.0
10109525BARONIB_2025-05-25_G07,10109525BARONIB,2025-05-25,141047,1,3,0,187.0
10109525BARONIB_2025-05-25_G08,10109525BARONIB,2025-05-25,111418,1,30,0,394.0
10109525BARONIB_2025-05-25_G09,10109525BARONIB,2025-05-25,111330,1,2,0,33.0
10109525BARONIB_2025-05-25_G10,10109525BARONIB,2025-05-25,117820,1,50,0,658.0
10109525BARONIB_2025-05-25_G11,10109525BARONIB,2025-05-25,111466,1,40,0,190.0
10109525BARONIB_2025-05-25_G12,10109525BARONIB,2025-05-25,111602,1,4,0,251.0
10109525BARONIB_2025-05-25_G13,10109525BARONIB,2025-05-25,118140,1,2,0,68.0
10109525BARONIB_2025-05-25_G14,10109525BARONIB,2025-05-25,111602,1,10,0,159.0
10109525BARONIB_2025-05-25_G15,10109525BARONIB,2025-05-25,118140,1,16,0,127.0
10109525BARONIB_2025-05-25_G16,10109525BARONIB,2025-05-25,111602,1,4,0,96.0
10109525BARONIB_2025-05-25_G17,10109525BARONIB,2025-05-25,111743,1,7,0,149.0
10109525BARONIB_2025-05-25_G18,10109525BARONIB,2025-05-25,108711,1,2,0,78.0
10109525BARONIB_2025-05-25_G19,10109525BARONIB,2025-05-25,110787,1,2,0,78.0
10109525BARONIB_2025-05-25_G20,10109525BARONIB,2025-05-25,111602,1,17,0,156.0
10109525BARONIB_2025-05-25_G21,10109525BARONIB,2025-05-25,111602,1,3,0,370.0
10109525BARONIB_2025-05-25_G22,10109525BARONIB,2025-05-25,108711,1,4,0,96.0
10109525BARONIB_2025-05-25_G23,10109525BARONIB,2025-05-25,111466,1,4,0,61.0
10109525BARONIB_2025-05-25_G24,10109525BARONIB,2025-05-25,118140,1,4,0,99.0
10109525BARONIB_2025-05-25_G25,10109525BARONIB,2025-05-25,110711,1,7,0,168.0
10109525BARONIB_2025-05-25_G26,10109525BARONIB,2025-05-25,111602,1,24,0,243.0
10109525BARONIB_2025-05-25_G27,10109525BARONIB,2025-05-25,118140,1,8,0,178.0
10109525BARONIB_2025-05-25_G28,10109525BARONIB,2025-05-25,110895,1,3,0,89.0
10109525BARONIB_2025-05-25_G29,10109525BARONIB,2025-05-25,111602,1,8,0,340.0
10109525BARONIB_2025-05-25_G30,10109525BARONIB,2025-05-25,108711,1,8,0,103.0
10109525BARONIB_2025-05-25_G31,10109525BARONIB,2025-05-25,118140,1,12,0,119.0
10109525BARONIB_2025-05-25_G32,10109525BARONIB,2025-05-25,118290,1,2,0,198.0
10109525BARONIB_2025-05-25_G33,10109525BARONIB,2025-05-25,118290,1,4,0,37.0
10109525BARONIB_2025-05-25_G34,10109525BARONIB,2025-05-25,118094,1,1,0,50.0
10109525BARONIB_2025-05-25_G35,10109525BARONIB,2025-05-25,117862,1,6,0,86.0
10109525BARONIB_2025-05-25_G36,10109525BARONIB,2025-05-25,117853,1,2,0,85.0
10109525BARONIB_2025-05-25_G37,10109525BARONIB,2025-05-25,"117785, 111463",2,6,26,171.0
10109525BARONIB_2025-05-25_G38,10109525BARONIB,2025-05-25,108711,1,1,0,45.0
10109525BARONIB_2025-05-25_G39,10109525BARONIB,2025-05-25,140922,1,6,0,61.0
10109525BARONIB_2025-05-25_G40,10109525BARONIB,2025-05-25,109643,1,4,0,107.0
10109525BARONIB_2025-05-25_G41,10109525BARONIB,2025-05-25,110374,1,1,0,47.0
10109525BARONIB_2025-05-25_G42,10109525BARONIB,2025-05-25,117808,1,19,0,129.0
10109525BARONIB_2025-05-25_G43,10109525BARONIB,2025-05-25,110373,1,13,0,115.0
10109525BARONIB_2025-05-25_G44,10109525BARONIB,2025-05-25,118299,1,10,0,93.0
10109525BARONIB_2025-05-25_G45,10109525BARONIB,2025-05-25,110372,1,15,0,65.0
10109525BARONIB_2025-05-25_G46,10109525BARONIB,2025-05-25,111330,1,8,0,345.0
10109525BARONIB_2025-05-25_G47,10109525BARONIB,2025-05-25,111602,1,8,0,307.0
10109525BARONIB_2025-05-25_G48,10109525BARONIB,2025-05-25,111466,1,4,0,75.0
10109525BARONIB_2025-05-25_G49,10109525BARONIB,2025-05-25,117831,1,4,0,51.0
10109525BARONIB_2025-05-25_G50,10109525BARONIB,2025-05-25,118140,1,4,0,76.0
10109525BARONIB_2025-05-25_G51,10109525BARONIB,2025-05-25,110787,1,3,0,82.0
10109525BARONIB_2025-05-25_G52,10109525BARONIB,2025-05-25,110787,1,1,0,530.0
10109525BARONIB_2025-05-25_G53,10109525BARONIB,2025-05-25,111442,1,9,0,188.0
10109525BARONIB_2025-05-25_G54,10109525BARONIB,2025-05-25,110711,1,3,0,126.0
10109525BARONIB_2025-05-25_G55,10109525BARONIB,2025-05-25,117862,1,1,0,92.0
10109525BARONIB_2025-05-25_G56,10109525BARONIB,2025-05-25,111467,1,4,0,184.0
10109525BARONIB_2025-05-25_G57,10109525BARONIB,2025-05-25,117853,1,1,0,36.0
10109525BARONIB_2025-05-25_G58,10109525BARONIB,2025-05-25,140922,1,9,0,118.0
10109525BARONIB_2025-05-25_G59,10109525BARONIB,2025-05-25,111532,1,1,0,119.0
10109525BARONIB_2025-05-25_G60,10109525BARONIB,2025-05-25,109645,1,2,0,99.0
10109525BARONIB_2025-05-25_G61,10109525BARONIB,2025-05-25,111330,1,7,0,90.0
10109525BARONIB_2025-05-25_G62,10109525BARONIB,2025-05-25,111465,1,4,0,40.0
10109525BARONIB_2025-05-25_G63,10109525BARONIB,2025-05-25,110371,1,3,0,166.0
10109525BARONIB_2025-05-25_G64,10109525BARONIB,2025-05-25,117808,1,31,0,116.0
10109525BARONIB_2025-05-25_G65,10109525BARONIB,2025-05-25,110373,1,9,0,101.0
10109525BARONIB_2025-05-25_G66,10109525BARONIB,2025-05-25,117820,1,7,0,94.0
10109525BARONIB_2025-05-25_G67,10109525BARONIB,2025-05-25,118299,1,7,0,56.0
10109525BARONIB_2025-05-25_G68,10109525BARONIB,2025-05-25,110372,1,16,0,93.0
10109525BARONIB_2025-05-25_G69,10109525BARONIB,2025-05-25,111467,1,1,0,241.0
10109525BARONIB_2025-05-26_G02,10109525BARONIB,2025-05-26,117785,1,4,0,45.0
10109525BARONIB_2025-05-26_G03,10109525BARONIB,2025-05-26,"108711, 140922",2,7,28,87.0
10109525BARONIB_2025-05-26_G04,10109525BARONIB,2025-05-26,111532,1,1,0,99.0
10109525BARONIB_2025-05-26_G05,10109525BARONIB,2025-05-26,117821,1,7,0,162.0
10109525BARONIB_2025-05-26_G06,10109525BARONIB,2025-05-26,110371,1,17,0,142.0
10109525BARONIB_2025-05-26_G07,10109525BARONIB,2025-05-26,"117808, 117820",2,33,18,281.0
10109525BARONIB_2025-05-26_G08,10109525BARONIB,2025-05-26,118299,1,22,0,430.0
10109525BARONIB_2025-05-26_G09,10109525BARONIB,2025-05-26,118140,1,8,0,150.0
10109525BARONIB_2025-05-26_G10,10109525BARONIB,2025-05-26,108711,1,8,0,210.0
10109525BARONIB_2025-05-26_G11,10109525BARONIB,2025-05-26,118140,1,20,0,399.0
10109525BARONIB_2025-05-26_G12,10109525BARONIB,2025-05-26,110325,1,20,0,201.0
10109525BARONIB_2025-05-26_G13,10109525BARONIB,2025-05-26,111602,1,8,0,276.0
10109525BARONIB_2025-05-26_G14,10109525BARONIB,2025-05-26,108711,1,8,0,99.0
10109525BARONIB_2025-05-26_G15,10109525BARONIB,2025-05-26,111602,1,8,0,158.0
10109525BARONIB_2025-05-26_G16,10109525BARONIB,2025-05-26,140922,1,8,0,79.0
10109525BARONIB_2025-05-26_G17,10109525BARONIB,2025-05-26,117831,1,4,0,94.0
10109525BARONIB_2025-05-26_G18,10109525BARONIB,2025-05-26,118140,1,12,0,118.0
10109525BARONIB_2025-05-26_G19,10109525BARONIB,2025-05-26,111602,1,28,0,412.0
10109525BARONIB_2025-05-26_G20,10109525BARONIB,2025-05-26,108711,1,20,0,304.0
10109525BARONIB_2025-05-26_G21,10109525BARONIB,2025-05-26,111569,1,8,0,1013.0
10109525BARONIB_2025-05-26_G22,10109525BARONIB,2025-05-26,"111443, 111742",2,16,16,218.0
10109525BARONIB_2025-05-26_G23,10109525BARONIB,2025-05-26,111759,1,7,0,161.0
10109525BARONIB_2025-05-26_G24,10109525BARONIB,2025-05-26,117785,1,6,0,195.0
10109525BARONIB_2025-05-26_G25,10109525BARONIB,2025-05-26,111466,1,8,0,307.0
10109525BARONIB_2025-05-26_G26,10109525BARONIB,2025-05-26,118140,1,12,0,100.0
10109525BARONIB_2025-05-26_G27,10109525BARONIB,2025-05-26,117821,1,2,0,110.0
10109525BARONIB_2025-05-26_G28,10109525BARONIB,2025-05-26,111418,1,15,0,135.0
10109525BARONIB_2025-05-26_G29,10109525BARONIB,2025-05-26,110787,1,4,0,73.0
10109525BARONIB_2025-05-26_G30,10109525BARONIB,2025-05-26,"117862, 117861",2,6,21,93.0
10109525BARONIB_2025-05-26_G31,10109525BARONIB,2025-05-26,111467,1,7,0,120.0
10109525BARONIB_2025-05-26_G32,10109525BARONIB,2025-05-26,"117856, 111602",2,6,27,291.0
10109525BARONIB_2025-05-26_G33,10109525BARONIB,2025-05-26,109643,1,2,0,278.0
10109525BARONIB_2025-05-26_G34,10109525BARONIB,2025-05-26,110374,1,6,0,66.0
10109525BARONIB_2025-05-26_G35,10109525BARONIB,2025-05-26,110371,1,4,0,55.0
10109525BARONIB_2025-05-26_G36,10109525BARONIB,2025-05-26,117808,1,22,0,95.0
10109525BARONIB_2025-05-26_G37,10109525BARONIB,2025-05-26,110373,1,8,0,64.0
10109525BARONIB_2025-05-26_G38,10109525BARONIB,2025-05-26,117820,1,23,0,123.0
10109525BARONIB_2025-05-26_G39,10109525BARONIB,2025-05-26,111602,1,8,0,818.0
10109525BARONIB_2025-05-26_G40,10109525BARONIB,2025-05-26,110372,1,6,0,34.0
10109525BARONIB_2025-05-26_G41,10109525BARONIB,2025-05-26,118299,1,15,0,168.0
10109525BARONIB_2025-05-26_G43,10109525BARONIB,2025-05-26,110373,1,50,0,224.0
10109525BARONIB_2025-05-26_G44,10109525BARONIB,2025-05-26,117820,1,26,0,437.0
10109525BARONIB_2025-05-26_G45,10109525BARONIB,2025-05-26,110372,1,50,0,361.0
10109525BARONIB_2025-05-26_G46,10109525BARONIB,2025-05-26,117832,1,10,0,40.0
10109525BARONIB_2025-05-26_G47,10109525BARONIB,2025-05-26,118299,1,79,0,146.0
10109525BARONIB_2025-05-26_G48,10109525BARONIB,2025-05-26,"117809, 117787",2,229,20,1715.0
10109525BARONIB_2025-05-26_G49,10109525BARONIB,2025-05-26,110711,1,4,0,426.0
10109525BARONIB_2025-05-26_G50,10109525BARONIB,2025-05-26,111602,1,12,0,111.0
10109525BARONIB_2025-05-26_G51,10109525BARONIB,2025-05-26,111466,1,4,0,98.0
10109525BARONIB_2025-05-26_G52,10109525BARONIB,2025-05-26,"108711, 118140",2,11,20,87.0
10109525BARONIB_2025-05-26_G53,10109525BARONIB,2025-05-26,110373,1,6,0,213.0
10109525BARONIB_2025-05-26_G54,10109525BARONIB,2025-05-26,100334,1,10,0,213.0
10109525BARONIB_2025-05-26_G55,10109525BARONIB,2025-05-26,117856,1,4,0,1263.0
10109525BARONIB_2025-05-26_G56,10109525BARONIB,2025-05-26,117786,1,2,0,258.0
10109525BARONIB_2025-05-26_G57,10109525BARONIB,2025-05-26,111530,1,6,0,58.0
10109525BARONIB_2025-05-26_G58,10109525BARONIB,2025-05-26,109640,1,35,0,99.0
10109525BARONIB_2025-05-26_G59,10109525BARONIB,2025-05-26,"111462, 117785",2,3,21,72.0
10109525BARONIB_2025-05-26_G60,10109525BARONIB,2025-05-26,108711,1,3,0,37.0
10109525BARONIB_2025-05-26_G61,10109525BARONIB,2025-05-26,110325,1,1,0,46.0
10109525BARONIB_2025-05-26_G62,10109525BARONIB,2025-05-26,110371,1,4,0,41.0
10109525BARONIB_2025-05-26_G63,10109525BARONIB,2025-05-26,118299,1,7,0,47.0
10109525BARONIB_2025-05-26_G64,10109525BARONIB,2025-05-26,110711,1,12,0,783.0
10109525BARONIB_2025-05-26_G65,10109525BARONIB,2025-05-26,118416,1,4,0,197.0
10109525BARONIB_2025-05-26_G66,10109525BARONIB,2025-05-26,108795,1,8,0,139.0
10109525BARONIB_2025-05-26_G67,10109525BARONIB,2025-05-26,115821,1,24,0,1014.0
10109525BARONIB_2025-05-27_G02,10109525BARONIB,2025-05-27,111660,1,10,0,338.0
10109525BARONIB_2025-05-27_G03,10109525BARONIB,2025-05-27,114650,1,12,0,822.0
10109525BARONIB_2025-05-27_G04,10109525BARONIB,2025-05-27,107892,1,80,0,945.0
10109525BARONIB_2025-05-27_G05,10109525BARONIB,2025-05-27,118250,1,60,0,785.0
10109525BARONIB_2025-05-27_G06,10109525BARONIB,2025-05-27,118253,1,40,0,831.0
10109525BARONIB_2025-05-27_G07,10109525BARONIB,2025-05-27,118364,1,8,0,170.0
10109525BARONIB_2025-05-27_G08,10109525BARONIB,2025-05-27,118251,1,60,0,344.0
10109525BARONIB_2025-05-27_G09,10109525BARONIB,2025-05-27,111598,1,7,0,732.0
10109525BARONIB_2025-05-27_G10,10109525BARONIB,2025-05-27,120002,1,20,0,383.0
10109525BARONIB_2025-05-27_G11,10109525BARONIB,2025-05-27,110740,1,5,0,129.0
10109525BARONIB_2025-05-27_G12,10109525BARONIB,2025-05-27,117820,1,5,0,32.0
10109525BARONIB_2025-05-27_G13,10109525BARONIB,2025-05-27,118222,1,22,0,2358.0
10109525BARONIB_2025-05-27_G14,10109525BARONIB,2025-05-27,110895,2,20,9,552.0
10109525BARONIB_2025-05-27_G15,10109525BARONIB,2025-05-27,108770,1,4,0,150.0
10109525BARONIB_2025-05-27_G16,10109525BARONIB,2025-05-27,103148,1,5,0,184.0
10109525BARONIB_2025-05-27_G18,10109525BARONIB,2025-05-27,122962,1,18,0,214.0
10109525BARONIB_2025-05-27_G19,10109525BARONIB,2025-05-27,121651,1,50,0,519.0
10109525BARONIB_2025-05-27_G20,10109525BARONIB,2025-05-27,124475,1,12,0,224.0
10109525BARONIB_2025-05-27_G21,10109525BARONIB,2025-05-27,123521,1,6,0,115.0
10109525BARONIB_2025-05-27_G22,10109525BARONIB,2025-05-27,121760,1,30,0,183.0
10109525BARONIB_2025-05-27_G23,10109525BARONIB,2025-05-27,123153,1,30,0,570.0
10109525BARONIB_2025-05-27_G24,10109525BARONIB,2025-05-27,123909,1,40,0,39.0
10109525BARONIB_2025-05-27_G25,10109525BARONIB,2025-05-27,122982,1,4,0,302.0
10109525BARONIB_2025-05-27_G26,10109525BARONIB,2025-05-27,122703,1,1,0,32.0
10109525BARONIB_2025-05-27_G27,10109525BARONIB,2025-05-27,"121651, 121760",2,28,8,395.0
10109525BARONIB_2025-05-27_G28,10109525BARONIB,2025-05-27,122196,1,6,0,125.0
10109525BARONIB_2025-05-27_G29,10109525BARONIB,2025-05-27,123344,1,17,0,163.0
10109525BARONIB_2025-05-27_G30,10109525BARONIB,2025-05-27,123344,1,70,0,272.0
10109525BARONIB_2025-05-27_G31,10109525BARONIB,2025-05-27,123344,1,40,0,327.0
10109525BARONIB_2025-05-27_G32,10109525BARONIB,2025-05-27,122984,1,58,0,763.0
10109525BARONIB_2025-05-27_G33,10109525BARONIB,2025-05-27,181057,1,4,0,293.0
10109525BARONIB_2025-05-27_G34,10109525BARONIB,2025-05-27,181056,1,4,0,92.0
10109525BARONIB_2025-05-27_G35,10109525BARONIB,2025-05-27,123343,1,41,0,707.0
10109525BARONIB_2025-05-27_G36,10109525BARONIB,2025-05-27,123345,1,89,0,531.0
10109525BARONIB_2025-05-27_G37,10109525BARONIB,2025-05-27,122986,1,1,0,479.0
10109525BARONIB_2025-05-27_G38,10109525BARONIB,2025-05-27,122982,1,3,0,97.0
10109525BARONIB_2025-05-27_G39,10109525BARONIB,2025-05-27,122982,1,2,0,35.0
10109525BARONIB_2025-05-27_G40,10109525BARONIB,2025-05-27,123907,1,20,0,337.0
10109525BARONIB_2025-05-27_G41,10109525BARONIB,2025-05-27,123907,2,31,22,389.0
10109525BARONIB_2025-05-27_G42,10109525BARONIB,2025-05-27,122984,2,16,9,312.0
10109525BARONIB_2025-05-27_G43,10109525BARONIB,2025-05-27,124247,1,1,0,396.0
10109525BARONIB_2025-05-27_G44,10109525BARONIB,2025-05-27,123345,1,18,0,305.0
10109525BARONIB_2025-05-27_G45,10109525BARONIB,2025-05-27,123345,1,22,0,407.0
10109525BARONIB_2025-05-27_G46,10109525BARONIB,2025-05-27,123343,2,5,16,152.0
10109525BARONIB_2025-05-27_G47,10109525BARONIB,2025-05-27,123344,2,17,4,632.0
10109525BARONIB_2025-05-28_G02,10109525BARONIB,2025-05-28,124486,1,28,0,289.0
10109525BARONIB_2025-05-28_G03,10109525BARONIB,2025-05-28,123153,1,26,0,655.0
10109525BARONIB_2025-05-28_G04,10109525BARONIB,2025-05-28,122962,1,6,0,148.0
10109525BARONIB_2025-05-28_G05,10109525BARONIB,2025-05-28,120389,1,7,0,112.0
10109525BARONIB_2025-05-28_G06,10109525BARONIB,2025-05-28,121651,1,10,0,150.0
10109525BARONIB_2025-05-28_G07,10109525BARONIB,2025-05-28,122988,1,4,0,69.0
10109525BARONIB_2025-05-28_G08,10109525BARONIB,2025-05-28,124370,1,30,0,620.0
10109525BARONIB_2025-05-28_G09,10109525BARONIB,2025-05-28,124475,1,39,0,585.0
10109525BARONIB_2025-05-28_G10,10109525BARONIB,2025-05-28,124476,1,16,0,128.0
10109525BARONIB_2025-05-28_G11,10109525BARONIB,2025-05-28,124264,1,1,0,79.0
10109525BARONIB_2025-05-28_G12,10109525BARONIB,2025-05-28,121760,1,27,0,450.0
10109525BARONIB_2025-05-28_G13,10109525BARONIB,2025-05-28,122673,1,18,0,286.0
10109525BARONIB_2025-05-28_G14,10109525BARONIB,2025-05-28,122673,1,10,0,170.0
10109525BARONIB_2025-05-28_G15,10109525BARONIB,2025-05-28,124371,2,18,23,225.0
10109525BARONIB_2025-05-28_G16,10109525BARONIB,2025-05-28,124247,1,10,0,199.0
10109525BARONIB_2025-05-28_G17,10109525BARONIB,2025-05-28,123344,1,18,0,247.0
10109525BARONIB_2025-05-28_G18,10109525BARONIB,2025-05-28,123344,2,34,10,37.0
10109525BARONIB_2025-05-28_G19,10109525BARONIB,2025-05-28,123909,1,9,0,268.0
10109525BARONIB_2025-05-28_G20,10109525BARONIB,2025-05-28,"123345, 123343",2,36,22,82.0
10109525BARONIB_2025-05-28_G21,10109525BARONIB,2025-05-28,124477,2,20,15,970.0
10109525BARONIB_2025-05-28_G22,10109525BARONIB,2025-05-28,123909,1,6,0,389.0
10109525BARONIB_2025-05-28_G23,10109525BARONIB,2025-05-28,122647,1,2,0,85.0
10109525BARONIB_2025-05-28_G24,10109525BARONIB,2025-05-28,124248,1,4,0,545.0
10109525BARONIB_2025-05-28_G25,10109525BARONIB,2025-05-28,124248,2,4,10,42.0
10109525BARONIB_2025-05-28_G26,10109525BARONIB,2025-05-28,181057,1,4,0,327.0
10109525BARONIB_2025-05-28_G27,10109525BARONIB,2025-05-28,181056,1,4,0,174.0
10109525BARONIB_2025-05-28_G28,10109525BARONIB,2025-05-28,181280,1,6,0,348.0
10109525BARONIB_2025-05-28_G29,10109525BARONIB,2025-05-28,181887,1,8,0,515.0
10109525BARONIB_2025-05-28_G30,10109525BARONIB,2025-05-28,181887,1,8,0,139.0
10109525BARONIB_2025-05-28_G31,10109525BARONIB,2025-05-28,181887,1,8,0,145.0
10109525BARONIB_2025-05-28_G32,10109525BARONIB,2025-05-28,123345,1,2,0,253.0
10109525BARONIB_2025-05-28_G33,10109525BARONIB,2025-05-28,123345,1,8,0,277.0
10109525BARONIB_2025-05-28_G34,10109525BARONIB,2025-05-28,123344,1,42,0,428.0
10109525BARONIB_2025-05-28_G36,10109525BARONIB,2025-05-28,181057,1,4,0,115.0
10109525BARONIB_2025-05-28_G37,10109525BARONIB,2025-05-28,123562,1,1,0,484.0
10109525BARONIB_2025-05-28_G38,10109525BARONIB,2025-05-28,122671,1,6,0,88.0
10109525BARONIB_2025-05-28_G39,10109525BARONIB,2025-05-28,123909,1,4,0,96.0
10109525BARONIB_2025-05-28_G40,10109525BARONIB,2025-05-28,124486,1,18,0,317.0
10109525BARONIB_2025-05-28_G41,10109525BARONIB,2025-05-28,122962,1,8,0,255.0
10109525BARONIB_2025-05-28_G42,10109525BARONIB,2025-05-28,124370,1,4,0,99.0
10109525BARONIB_2025-05-28_G43,10109525BARONIB,2025-05-28,124475,1,4,0,93.0
10109525BARONIB_2025-05-28_G44,10109525BARONIB,2025-05-28,124476,1,5,0,110.0
10109525BARONIB_2025-05-28_G45,10109525BARONIB,2025-05-28,123822,1,1,0,50.0
10109525BARONIB_2025-05-28_G46,10109525BARONIB,2025-05-28,"121760, 122984",2,9,14,153.0
10109525BARONIB_2025-05-28_G47,10109525BARONIB,2025-05-28,122673,1,1,0,75.0
10109525BARONIB_2025-05-28_G48,10109525BARONIB,2025-05-28,124371,1,4,0,138.0
10109525BARONIB_2025-05-28_G49,10109525BARONIB,2025-05-28,122983,1,4,0,119.0
10109525BARONIB_2025-05-28_G50,10109525BARONIB,2025-05-28,123343,1,6,0,158.0
10109525BARONIB_2025-05-28_G51,10109525BARONIB,2025-05-28,123343,1,6,0,592.0
10109525BARONIB_2025-05-28_G52,10109525BARONIB,2025-05-28,122673,1,16,0,788.0
10109525BARONIB_2025-05-28_G53,10109525BARONIB,2025-05-28,122185,1,20,0,381.0
10109525BARONIB_2025-05-28_G54,10109525BARONIB,2025-05-28,123948,1,20,0,361.0
10109525BARONIB_2025-05-28_G55,10109525BARONIB,2025-05-28,123344,1,19,0,632.0
10109525BARONIB_2025-05-28_G56,10109525BARONIB,2025-05-28,122196,1,115,0,1706.0
10109525BARONIB_2025-05-28_G57,10109525BARONIB,2025-05-28,122983,1,9,0,151.0
10109525BARONIB_2025-05-28_G58,10109525BARONIB,2025-05-28,122189,1,98,0,1336.0
10109525BARONIB_2025-05-29_G02,10109525BARONIB,2025-05-29,122196,1,171,0,1970.0
10109525BARONIB_2025-05-29_G03,10109525BARONIB,2025-05-29,122986,1,1,0,426.0
10109525BARONIB_2025-05-29_G04,10109525BARONIB,2025-05-29,123521,1,6,0,248.0
10109525BARONIB_2025-05-29_G05,10109525BARONIB,2025-05-29,124264,1,30,0,259.0
10109525BARONIB_2025-05-29_G08,10109525BARONIB,2025-05-29,110741,1,7,0,169.0
10109525BARONIB_2025-05-29_G09,10109525BARONIB,2025-05-29,117788,1,20,0,127.0
10109525BARONIB_2025-05-29_G10,10109525BARONIB,2025-05-29,111876,1,6,0,115.0
10109525BARONIB_2025-05-29_G11,10109525BARONIB,2025-05-29,117862,1,20,0,170.0
10109525BARONIB_2025-05-29_G12,10109525BARONIB,2025-05-29,111439,1,8,0,181.0
10109525BARONIB_2025-05-29_G13,10109525BARONIB,2025-05-29,110515,1,20,0,329.0
10109525BARONIB_2025-05-29_G14,10109525BARONIB,2025-05-29,117785,1,22,0,455.0
10109525BARONIB_2025-05-29_G15,10109525BARONIB,2025-05-29,117808,1,500,0,1256.0
10109525BARONIB_2025-05-29_G16,10109525BARONIB,2025-05-29,118140,1,30,0,472.0
10109525BARONIB_2025-05-29_G17,10109525BARONIB,2025-05-29,110373,1,30,0,179.0
10109525BARONIB_2025-05-29_G18,10109525BARONIB,2025-05-29,110372,1,50,0,49.0
10109525BARONIB_2025-05-29_G19,10109525BARONIB,2025-05-29,110895,1,1,0,724.0
10109525BARONIB_2025-05-29_G20,10109525BARONIB,2025-05-29,111876,1,3,0,83.0
10109525BARONIB_2025-05-29_G21,10109525BARONIB,2025-05-29,111532,1,6,0,102.0
10109525BARONIB_2025-05-29_G22,10109525BARONIB,2025-05-29,110373,1,12,0,173.0
10109525BARONIB_2025-05-29_G23,10109525BARONIB,2025-05-29,118299,1,16,0,105.0
10109525BARONIB_2025-05-29_G24,10109525BARONIB,2025-05-29,117837,1,4,0,122.0
10109525BARONIB_2025-05-29_G25,10109525BARONIB,2025-05-29,111660,1,3,0,200.0
10109525BARONIB_2025-05-29_G26,10109525BARONIB,2025-05-29,118299,1,30,0,541.0
10109525BARONIB_2025-05-30_G02,10109525BARONIB,2025-05-30,111530,1,350,0,307.0
10109525BARONIB_2025-05-30_G03,10109525BARONIB,2025-05-30,111172,1,100,0,1302.0
10109525BARONIB_2025-05-30_G04,10109525BARONIB,2025-05-30,108711,1,100,0,245.0
10109525BARONIB_2025-05-30_G05,10109525BARONIB,2025-05-30,104534,1,4,0,1045.0
10109525BARONIB_2025-05-30_G06,10109525BARONIB,2025-05-30,109647,2,7,7,165.0
10109525BARONIB_2025-05-30_G07,10109525BARONIB,2025-05-30,110092,1,4,0,183.0
10109525BARONIB_2025-05-30_G08,10109525BARONIB,2025-05-30,108772,1,12,0,121.0
10109525BARONIB_2025-05-30_G09,10109525BARONIB,2025-05-30,110741,1,16,0,176.0
10109525BARONIB_2025-05-30_G10,10109525BARONIB,2025-05-30,"118094, 110580",2,33,13,715.0
10109525BARONIB_2025-05-30_G11,10109525BARONIB,2025-05-30,117788,1,16,0,113.0
10109525BARONIB_2025-05-30_G12,10109525BARONIB,2025-05-30,107629,1,20,0,131.0
10109525BARONIB_2025-05-30_G13,10109525BARONIB,2025-05-30,111876,1,16,0,620.0
10109525BARONIB_2025-05-30_G14,10109525BARONIB,2025-05-30,117862,1,8,0,103.0
10109525BARONIB_2025-05-30_G15,10109525BARONIB,2025-05-30,117935,1,20,0,100.0
10109525BARONIB_2025-05-30_G16,10109525BARONIB,2025-05-30,"111650, 117861",3,14,20,36.0
10109525BARONIB_2025-05-30_G17,10109525BARONIB,2025-05-30,111467,1,12,0,173.0
10109525BARONIB_2025-05-30_G18,10109525BARONIB,2025-05-30,117853,1,5,0,59.0
10109525BARONIB_2025-05-30_G19,10109525BARONIB,2025-05-30,117786,1,30,0,219.0
10109525BARONIB_2025-05-30_G20,10109525BARONIB,2025-05-30,111602,1,16,0,35.0
10109525BARONIB_2025-05-30_G21,10109525BARONIB,2025-05-30,117856,1,8,0,268.0
10109525BARONIB_2025-05-30_G22,10109525BARONIB,2025-05-30,110515,1,40,0,100.0
10109525BARONIB_2025-05-30_G23,10109525BARONIB,2025-05-30,110063,1,4,0,354.0
10109525BARONIB_2025-05-30_G24,10109525BARONIB,2025-05-30,111469,1,20,0,184.0
10109525BARONIB_2025-05-30_G25,10109525BARONIB,2025-05-30,117833,1,20,0,249.0
10109525BARONIB_2025-05-30_G26,10109525BARONIB,2025-05-30,111532,1,15,0,45.0
10109525BARONIB_2025-05-30_G27,10109525BARONIB,2025-05-30,118223,1,5,0,230.0
10109525BARONIB_2025-05-30_G28,10109525BARONIB,2025-05-30,111418,1,20,0,201.0
10109525BARONIB_2025-05-30_G29,10109525BARONIB,2025-05-30,111348,1,4,0,129.0
10109525BARONIB_2025-05-30_G30,10109525BARONIB,2025-05-30,"110740, 110787",2,14,12,103.0
10109525BARONIB_2025-05-30_G31,10109525BARONIB,2025-05-30,111465,1,20,0,82.0
10109525BARONIB_2025-05-30_G32,10109525BARONIB,2025-05-30,111463,1,30,0,285.0
10109525BARONIB_2025-05-30_G33,10109525BARONIB,2025-05-30,105705,1,20,0,404.0
10109525BARONIB_2025-05-30_G35,10109525BARONIB,2025-05-30,111569,1,6,0,142.0
10109525BARONIB_2025-05-30_G36,10109525BARONIB,2025-05-30,118306,1,6,0,51.0
10109525BARONIB_2025-05-30_G37,10109525BARONIB,2025-05-30,109937,1,7,0,115.0
10109525BARONIB_2025-05-30_G38,10109525BARONIB,2025-05-30,109974,1,1,0,222.0
10109525BARONIB_2025-05-30_G39,10109525BARONIB,2025-05-30,118298,1,10,0,316.0
10109525BARONIB_2025-05-30_G40,10109525BARONIB,2025-05-30,117935,1,30,0,217.0
10109525BARONIB_2025-05-30_G41,10109525BARONIB,2025-05-30,109640,1,28,0,328.0
10109525BARONIB_2025-05-30_G42,10109525BARONIB,2025-05-30,116241,1,9,0,383.0
10109525BARONIB_2025-05-30_G43,10109525BARONIB,2025-05-30,117855,1,12,0,234.0
10109525BARONIB_2025-05-30_G44,10109525BARONIB,2025-05-30,110751,1,20,0,522.0
10109525BARONIB_2025-05-30_G45,10109525BARONIB,2025-05-30,107236,1,30,0,234.0
10109525BARONIB_2025-05-30_G46,10109525BARONIB,2025-05-30,111876,1,30,0,586.0
10109525BARONIB_2025-05-30_G47,10109525BARONIB,2025-05-30,111469,1,50,0,701.0
10109525BARONIB_2025-05-30_G48,10109525BARONIB,2025-05-30,108794,1,40,0,471.0
10109525BARONIB_2025-05-30_G49,10109525BARONIB,2025-05-30,117808,1,309,0,2400.0
10109525BARONIB_2025-05-30_G50,10109525BARONIB,2025-05-30,117808,1,550,0,122.0
10109525BARONIB_2025-05-30_G51,10109525BARONIB,2025-05-30,110742,1,2,0,318.0
10109525BARONIB_2025-05-30_G52,10109525BARONIB,2025-05-30,111430,1,4,0,97.0
10109525BARONIB_2025-05-30_G53,10109525BARONIB,2025-05-30,117836,1,8,0,105.0
10109525BARONIB_2025-05-30_G54,10109525BARONIB,2025-05-30,111447,1,2,0,40.0
10109525BARONIB_2025-05-30_G55,10109525BARONIB,2025-05-30,110895,1,23,0,299.0
10109525BARONIB_2025-05-30_G56,10109525BARONIB,2025-05-30,140957,1,9,0,1263.0
10109525BARONIB_2025-05-30_G57,10109525BARONIB,2025-05-30,108772,1,9,0,78.0
10109525BARONIB_2025-05-30_G58,10109525BARONIB,2025-05-30,110580,1,8,0,76.0
10109525BARONIB_2025-05-30_G59,10109525BARONIB,2025-05-30,109640,1,10,0,117.0
10109525BARONIB_2025-05-31_G02,10109525BARONIB,2025-05-31,117935,2,70,6,80.0
10109525BARONIB_2025-05-31_G03,10109525BARONIB,2025-05-31,111850,1,30,0,745.0
10109525BARONIB_2025-05-31_G04,10109525BARONIB,2025-05-31,110325,1,20,0,210.0
10109525BARONIB_2025-05-31_G05,10109525BARONIB,2025-05-31,110374,1,20,0,144.0
10109525BARONIB_2025-05-31_G06,10109525BARONIB,2025-05-31,109643,1,20,0,272.0
10109525BARONIB_2025-05-31_G07,10109525BARONIB,2025-05-31,110373,1,100,0,129.0
10109525BARONIB_2025-05-31_G08,10109525BARONIB,2025-05-31,110376,1,23,0,422.0
10109525BARONIB_2025-05-31_G09,10109525BARONIB,2025-05-31,118299,1,200,0,389.0
10109525BARONIB_2025-05-31_G10,10109525BARONIB,2025-05-31,117832,1,50,0,427.0
10109525BARONIB_2025-05-31_G11,10109525BARONIB,2025-05-31,117808,1,400,0,1478.0
10109525BARONIB_2025-05-31_G12,10109525BARONIB,2025-05-31,110375,1,20,0,239.0
10109525BARONIB_2025-05-31_G13,10109525BARONIB,2025-05-31,110371,1,20,0,340.0
10109525BARONIB_2025-05-31_G14,10109525BARONIB,2025-05-31,118222,1,40,0,362.0
10109525BARONIB_2025-05-31_G15,10109525BARONIB,2025-05-31,117836,1,8,0,741.0
10109525BARONIB_2025-05-31_G16,10109525BARONIB,2025-05-31,110733,1,1,0,86.0
10109525BARONIB_2025-05-31_G17,10109525BARONIB,2025-05-31,109640,1,14,0,140.0
10109525BARONIB_2025-05-31_G18,10109525BARONIB,2025-05-31,111469,1,6,0,67.0
10109525BARONIB_2025-05-31_G19,10109525BARONIB,2025-05-31,110742,1,4,0,780.0
10109525BARONIB_2025-05-31_G20,10109525BARONIB,2025-05-31,118140,1,5,0,176.0
10109525BARONIB_2025-05-31_G21,10109525BARONIB,2025-05-31,117785,1,6,0,32.0
10109525BARONIB_2025-05-31_G22,10109525BARONIB,2025-05-31,109643,1,5,0,106.0
10109525BARONIB_2025-05-31_G23,10109525BARONIB,2025-05-31,111530,1,4,0,47.0
10109525BARONIB_2025-06-07_G02,10109525BARONIB,2025-06-07,124264,1,8,0,227.0
10109525BARONIB_2025-06-07_G03,10109525BARONIB,2025-06-07,124247,1,30,0,179.0
10109525BARONIB_2025-06-07_G04,10109525BARONIB,2025-06-07,120028,1,12,0,235.0
10109525BARONIB_2025-06-07_G05,10109525BARONIB,2025-06-07,123343,1,12,0,393.0
10109525BARONIB_2025-06-19_G02,10109525BARONIB,2025-06-19,110742,1,2,0,33.0
10109525BARONIB_2025-06-19_G03,10109525BARONIB,2025-06-19,111441,1,3,0,90.0
10109525BARONIB_2025-06-19_G04,10109525BARONIB,2025-06-19,111441,1,4,0,40.0
10109525BARONIB_2025-06-19_G05,10109525BARONIB,2025-06-19,118222,1,1,0,77.0
10109525BARONIB_2025-06-19_G06,10109525BARONIB,2025-06-19,110756,1,2,0,63.0
10109525BARONIB_2025-06-19_G07,10109525BARONIB,2025-06-19,141047,1,5,0,114.0
10109525BARONIB_2025-06-19_G08,10109525BARONIB,2025-06-19,110743,1,4,0,159.0
10109525BARONIB_2025-06-19_G09,10109525BARONIB,2025-06-19,117838,1,4,0,49.0
10109525BARONIB_2025-06-19_G10,10109525BARONIB,2025-06-19,140922,1,10,0,32.0
10109525BARONIB_2025-06-19_G11,10109525BARONIB,2025-06-19,117841,1,2,0,78.0
10109525BARONIB_2025-06-19_G12,10109525BARONIB,2025-06-19,111466,1,20,0,227.0
10109525BARONIB_2025-06-19_G13,10109525BARONIB,2025-06-19,117833,1,30,0,151.0
10109525BARONIB_2025-06-19_G14,10109525BARONIB,2025-06-19,111462,1,10,0,66.0
10109525BARONIB_2025-06-19_G15,10109525BARONIB,2025-06-19,118223,1,4,0,126.0
10109525BARONIB_2025-06-19_G16,10109525BARONIB,2025-06-19,117821,1,20,0,119.0
10109525BARONIB_2025-06-19_G17,10109525BARONIB,2025-06-19,111418,1,60,0,293.0
10109525BARONIB_2025-06-19_G18,10109525BARONIB,2025-06-19,111465,1,10,0,373.0
10109525BARONIB_2025-06-19_G19,10109525BARONIB,2025-06-19,117785,1,30,0,107.0
10109525BARONIB_2025-06-19_G20,10109525BARONIB,2025-06-19,111463,1,50,0,535.0
10109525BARONIB_2025-06-19_G21,10109525BARONIB,2025-06-19,"110740, 110787",2,18,15,171.0
10109525BARONIB_2025-06-19_G22,10109525BARONIB,2025-06-19,118299,1,100,0,424.0
10109525BARONIB_2025-06-19_G23,10109525BARONIB,2025-06-19,117808,1,200,0,264.0
10109525BARONIB_2025-06-19_G24,10109525BARONIB,2025-06-19,"110373, 110375",2,110,16,308.0
10109525BARONIB_2025-06-19_G25,10109525BARONIB,2025-06-19,110372,1,100,0,318.0
10109525BARONIB_2025-06-19_G26,10109525BARONIB,2025-06-19,118140,1,40,0,427.0
10109525BARONIB_2025-06-19_G27,10109525BARONIB,2025-06-19,117809,1,20,0,102.0
10109525BARONIB_2025-06-19_G28,10109525BARONIB,2025-06-19,110374,1,20,0,396.0
10109525BARONIB_2025-06-19_G29,10109525BARONIB,2025-06-19,110895,1,2,0,424.0
10109525BARONIB_2025-06-19_G30,10109525BARONIB,2025-06-19,109640,1,1,0,50.0
10109525BARONIB_2025-06-19_G31,10109525BARONIB,2025-06-19,110515,1,2,0,46.0
10109525BARONIB_2025-06-19_G32,10109525BARONIB,2025-06-19,117862,1,6,0,92.0
10109525BARONIB_2025-06-19_G33,10109525BARONIB,2025-06-19,117785,1,8,0,108.0
10109525BARONIB_2025-06-19_G34,10109525BARONIB,2025-06-19,111743,1,4,0,81.0
10109525BARONIB_2025-06-19_G35,10109525BARONIB,2025-06-19,111463,1,4,0,64.0
10109525BARONIB_2025-06-19_G36,10109525BARONIB,2025-06-19,111466,1,12,0,92.0
10109525BARONIB_2025-06-19_G37,10109525BARONIB,2025-06-19,111462,1,4,0,255.0
10109525BARONIB_2025-06-19_G38,10109525BARONIB,2025-06-19,110740,2,6,5,71.0
10109525BARONIB_2025-06-19_G39,10109525BARONIB,2025-06-19,117821,1,2,0,74.0
10109525BARONIB_2025-06-19_G40,10109525BARONIB,2025-06-19,141823,1,3,0,61.0
10109525BARONIB_2025-06-19_G41,10109525BARONIB,2025-06-19,107236,1,1,0,57.0
10109525BARONIB_2025-06-19_G42,10109525BARONIB,2025-06-19,118140,1,2,0,96.0
10109525BARONIB_2025-06-19_G43,10109525BARONIB,2025-06-19,"118299, 117808",2,13,14,178.0
10109525BARONIB_2025-06-19_G44,10109525BARONIB,2025-06-19,109643,1,1,0,56.0
10109525BARONIB_2025-06-19_G45,10109525BARONIB,2025-06-19,110376,1,2,0,35.0
10109525BARONIB_2025-06-19_G46,10109525BARONIB,2025-06-19,117832,1,8,0,278.0
10109525BARONIB_2025-06-19_G47,10109525BARONIB,2025-06-19,"117830, 110373",2,14,15,47.0
10109525BARONIB_2025-06-19_G48,10109525BARONIB,2025-06-19,"110371, 117820, 117856",3,16,47,106.0
10109525BARONIB_2025-06-19_G49,10109525BARONIB,2025-06-19,111530,1,4,0,94.0
10109525BARONIB_2025-06-19_G50,10109525BARONIB,2025-06-19,117833,1,2,0,37.0
10109525BARONIB_2025-06-19_G51,10109525BARONIB,2025-06-19,110313,1,8,0,717.0
10109525BARONIB_2025-06-19_G52,10109525BARONIB,2025-06-19,118140,2,8,9,755.0
10109525BARONIB_2025-06-19_G53,10109525BARONIB,2025-06-19,110313,1,4,0,87.0
10109525BARONIB_2025-06-19_G54,10109525BARONIB,2025-06-19,118299,1,8,0,145.0
10109525BARONIB_2025-06-19_G55,10109525BARONIB,2025-06-19,110787,1,4,0,205.0
10109525BARONIB_2025-06-19_G56,10109525BARONIB,2025-06-19,118140,1,4,0,81.0
10109525BARONIB_2025-06-19_G57,10109525BARONIB,2025-06-19,111655,1,8,0,163.0
10109525BARONIB_2025-06-19_G58,10109525BARONIB,2025-06-19,111438,1,3,0,82.0
10109525BARONIB_2025-06-20_G02,10109525BARONIB,2025-06-20,110745,1,12,0,352.0
10109525BARONIB_2025-06-20_G03,10109525BARONIB,2025-06-20,110740,1,5,0,201.0
10109525BARONIB_2025-06-20_G04,10109525BARONIB,2025-06-20,117821,1,20,0,166.0
10109525BARONIB_2025-06-20_G05,10109525BARONIB,2025-06-20,117861,1,4,0,209.0
10109525BARONIB_2025-06-20_G06,10109525BARONIB,2025-06-20,117935,1,5,0,140.0
10109525BARONIB_2025-06-20_G07,10109525BARONIB,2025-06-20,110733,1,5,0,46.0
10109525BARONIB_2025-06-20_G08,10109525BARONIB,2025-06-20,111602,1,5,0,45.0
10109525BARONIB_2025-06-20_G09,10109525BARONIB,2025-06-20,114091,1,2,0,132.0
10109525BARONIB_2025-06-20_G10,10109525BARONIB,2025-06-20,110373,1,4,0,33.0
10109525BARONIB_2025-06-20_G11,10109525BARONIB,2025-06-20,114092,1,2,0,93.0
10109525BARONIB_2025-06-20_G12,10109525BARONIB,2025-06-20,118306,1,8,0,906.0
10109525BARONIB_2025-06-20_G13,10109525BARONIB,2025-06-20,116527,1,4,0,168.0
10109525BARONIB_2025-06-20_G14,10109525BARONIB,2025-06-20,110755,1,4,0,229.0
10109525BARONIB_2025-06-20_G15,10109525BARONIB,2025-06-20,110741,1,4,0,67.0
10109525BARONIB_2025-06-20_G16,10109525BARONIB,2025-06-20,118094,1,4,0,40.0
10109525BARONIB_2025-06-20_G17,10109525BARONIB,2025-06-20,111439,1,4,0,97.0
10109525BARONIB_2025-06-20_G18,10109525BARONIB,2025-06-20,117822,1,6,0,982.0
10109525BARONIB_2025-06-20_G19,10109525BARONIB,2025-06-20,117855,1,20,0,790.0
10109525BARONIB_2025-06-20_G20,10109525BARONIB,2025-06-20,115775,1,8,0,3398.0
10109525BARONIB_2025-06-21_G02,10109525BARONIB,2025-06-21,122981,1,4,0,275.0
10109525BARONIB_2025-06-23_G02,10109525BARONIB,2025-06-23,121651,1,7,0,643.0
10109525BARONIB_2025-06-23_G03,10109525BARONIB,2025-06-23,122983,2,12,17,271.0
10109525BARONIB_2025-06-23_G04,10109525BARONIB,2025-06-23,122185,1,44,0,958.0
10109525BARONIB_2025-06-23_G05,10109525BARONIB,2025-06-23,120028,1,24,0,534.0
10109525BARONIB_2025-06-23_G06,10109525BARONIB,2025-06-23,120028,2,12,11,39.0
10109525BARONIB_2025-06-23_G07,10109525BARONIB,2025-06-23,122962,1,4,0,213.0
10109525BARONIB_2025-06-23_G08,10109525BARONIB,2025-06-23,123822,1,44,0,797.0
10109525BARONIB_2025-06-24_G02,10109525BARONIB,2025-06-24,121651,1,24,0,1450.0
10109525BARONIB_2025-06-24_G03,10109525BARONIB,2025-06-24,121651,1,24,0,530.0
10109525BARONIB_2025-06-24_G04,10109525BARONIB,2025-06-24,124475,1,30,0,918.0
10109525BARONIB_2025-06-24_G05,10109525BARONIB,2025-06-24,120272,1,13,0,296.0
10109525BARONIB_2025-06-24_G06,10109525BARONIB,2025-06-24,124248,1,3,0,95.0
10109525BARONIB_2025-06-24_G07,10109525BARONIB,2025-06-24,121651,1,2,0,102.0
10109525BARONIB_2025-06-24_G08,10109525BARONIB,2025-06-24,122981,1,7,0,374.0
10109525BARONIB_2025-06-24_G10,10109525BARONIB,2025-06-24,120196,1,15,0,151.0
10109525BARONIB_2025-06-25_G02,10109525BARONIB,2025-06-25,124370,1,20,0,371.0
10109525BARONIB_2025-06-25_G03,10109525BARONIB,2025-06-25,120339,1,3,0,94.0
10109525BARONIB_2025-06-25_G04,10109525BARONIB,2025-06-25,124248,1,16,0,353.0
10109525BARONIB_2025-06-25_G05,10109525BARONIB,2025-06-25,124624,1,12,0,2265.0
10109525BARONIB_2025-06-25_G08,10109525BARONIB,2025-06-25,122962,1,20,0,242.0
10109525BARONIB_2025-06-25_G09,10109525BARONIB,2025-06-25,122962,1,20,0,81.0
10109525BARONIB_2025-06-25_G10,10109525BARONIB,2025-06-25,123560,1,6,0,128.0
10109525BARONIB_2025-06-25_G11,10109525BARONIB,2025-06-25,124486,1,30,0,200.0
10109525BARONIB_2025-06-25_G12,10109525BARONIB,2025-06-25,122984,1,2,0,121.0
10109525BARONIB_2025-06-25_G13,10109525BARONIB,2025-06-25,122984,1,40,0,319.0
10109525BARONIB_2025-06-25_G14,10109525BARONIB,2025-06-25,121651,1,10,0,191.0
10109525BARONIB_2025-06-25_G15,10109525BARONIB,2025-06-25,124624,1,10,0,234.0
10109525BARONIB_2025-06-25_G16,10109525BARONIB,2025-06-25,123345,1,20,0,188.0
10109525BARONIB_2025-06-25_G17,10109525BARONIB,2025-06-25,123343,1,14,0,393.0
10109525BARONIB_2025-06-25_G18,10109525BARONIB,2025-06-25,122962,1,80,0,1098.0
10109525BARONIB_2025-06-25_G19,10109525BARONIB,2025-06-25,124371,1,60,0,1214.0
10109525BARONIB_2025-06-25_G20,10109525BARONIB,2025-06-25,124486,1,30,0,278.0
10109525BARONIB_2025-06-25_G21,10109525BARONIB,2025-06-25,124370,1,100,0,1987.0
10109525BARONIB_2025-06-25_G22,10109525BARONIB,2025-06-25,123822,1,30,0,1885.0
10109525BARONIB_2025-06-26_G02,10109525BARONIB,2025-06-26,123153,1,10,0,187.0
10109525BARONIB_2025-06-26_G03,10109525BARONIB,2025-06-26,124247,1,9,0,289.0
10109525BARONIB_2025-06-26_G04,10109525BARONIB,2025-06-26,124370,1,56,0,1727.0
10109525BARONIB_2025-06-26_G05,10109525BARONIB,2025-06-26,123909,1,20,0,501.0
10109525BARONIB_2025-06-26_G06,10109525BARONIB,2025-06-26,122962,1,20,0,241.0
10109525BARONIB_2025-06-26_G07,10109525BARONIB,2025-06-26,123521,1,2,0,58.0
10109525BARONIB_2025-06-26_G08,10109525BARONIB,2025-06-26,124371,1,24,0,394.0
10109525BARONIB_2025-06-26_G09,10109525BARONIB,2025-06-26,124486,1,20,0,220.0
10109525BARONIB_2025-06-26_G10,10109525BARONIB,2025-06-26,123344,1,13,0,276.0
10109525BARONIB_2025-06-26_G11,10109525BARONIB,2025-06-26,124477,1,8,0,176.0
10109525BARONIB_2025-06-26_G12,10109525BARONIB,2025-06-26,123313,1,8,0,177.0
10109525BARONIB_2025-06-26_G13,10109525BARONIB,2025-06-26,120339,1,6,0,382.0
10109525BARONIB_2025-06-26_G14,10109525BARONIB,2025-06-26,124476,1,4,0,139.0
10109525BARONIB_2025-06-26_G15,10109525BARONIB,2025-06-26,180023,1,2,0,401.0
10109525BARONIB_2025-06-26_G16,10109525BARONIB,2025-06-26,122647,1,8,0,165.0
10109525BARONIB_2025-06-26_G17,10109525BARONIB,2025-06-26,124264,1,8,0,426.0
10109525BARONIB_2025-06-26_G18,10109525BARONIB,2025-06-26,"124264, 124247",2,86,8,1082.0
10109525BARONIB_2025-06-26_G19,10109525BARONIB,2025-06-26,124247,1,8,0,217.0
10109525BARONIB_2025-06-26_G20,10109525BARONIB,2025-06-26,124370,1,18,0,713.0
10109525BARONIB_2025-06-26_G21,10109525BARONIB,2025-06-26,"122981, 124264",2,12,21,169.0
10109525BARONIB_2025-06-26_G22,10109525BARONIB,2025-06-26,124486,1,26,0,1338.0
10109525BARONIB_2025-06-26_G24,10109525BARONIB,2025-06-26,124594,1,16,0,755.0
10109525BARONIB_2025-06-26_G25,10109525BARONIB,2025-06-26,123822,1,60,0,1110.0
10109525BARONIB_2025-06-26_G26,10109525BARONIB,2025-06-26,122962,1,32,0,788.0
10109525BARONIB_2025-06-26_G27,10109525BARONIB,2025-06-26,124371,1,24,0,576.0
10109525BARONIB_2025-06-27_G03,10109525BARONIB,2025-06-27,124248,1,30,0,449.0
10109525BARONIB_2025-06-27_G04,10109525BARONIB,2025-06-27,123344,1,21,0,401.0
10109525BARONIB_2025-06-27_G05,10109525BARONIB,2025-06-27,121760,1,14,0,384.0
10109525BARONIB_2025-06-27_G06,10109525BARONIB,2025-06-27,124476,1,2,0,100.0
10109525BARONIB_2025-06-27_G07,10109525BARONIB,2025-06-27,181235,1,2,0,195.0
10109525BARONIB_2025-06-27_G08,10109525BARONIB,2025-06-27,181057,1,4,0,134.0
10109525BARONIB_2025-06-27_G09,10109525BARONIB,2025-06-27,123343,1,7,0,234.0
10109525BARONIB_2025-06-27_G10,10109525BARONIB,2025-06-27,124247,1,80,0,1503.0
10109525BARONIB_2025-06-27_G11,10109525BARONIB,2025-06-27,124248,1,80,0,1396.0
10109525BARONIB_2025-06-27_G12,10109525BARONIB,2025-06-27,123080,1,101,0,383.0
10109525BARONIB_2025-06-27_G14,10109525BARONIB,2025-06-27,180054,1,2,0,197.0
10109525BARONIB_2025-06-27_G15,10109525BARONIB,2025-06-27,124370,1,100,0,1194.0
10109525BARONIB_2025-06-27_G16,10109525BARONIB,2025-06-27,121651,1,20,0,250.0
10109525BARONIB_2025-06-27_G17,10109525BARONIB,2025-06-27,124477,1,10,0,355.0
10109525BARONIB_2025-06-27_G18,10109525BARONIB,2025-06-27,124433,1,10,0,170.0
10109525BARONIB_2025-06-27_G19,10109525BARONIB,2025-06-27,123345,1,8,0,149.0
10109525BARONIB_2025-06-27_G20,10109525BARONIB,2025-06-27,123345,1,26,0,211.0
10109525BARONIB_2025-06-27_G21,10109525BARONIB,2025-06-27,123343,1,35,0,226.0
10109525BARONIB_2025-06-27_G22,10109525BARONIB,2025-06-27,123344,2,33,19,337.0
10109525BARONIB_2025-06-27_G23,10109525BARONIB,2025-06-27,181057,1,4,0,456.0
10109525BARONIB_2025-06-27_G24,10109525BARONIB,2025-06-27,123343,2,7,8,86.0
10109525BARONIB_2025-06-27_G25,10109525BARONIB,2025-06-27,123345,1,14,0,46.0
10109525BARONIB_2025-06-27_G26,10109525BARONIB,2025-06-27,123345,1,26,0,253.0
10109525BARONIB_2025-06-27_G27,10109525BARONIB,2025-06-27,121928,1,4,0,492.0
10109525BARONIB_2025-06-27_G28,10109525BARONIB,2025-06-27,121651,1,58,0,1888.0
10109525BARONIB_2025-06-27_G29,10109525BARONIB,2025-06-27,121760,1,20,0,1221.0
10109525BARONIB_2025-06-27_G30,10109525BARONIB,2025-06-27,123909,1,12,0,618.0
10109525BARONIB_2025-06-27_G31,10109525BARONIB,2025-06-27,122673,1,4,0,100.0
10109525BARONIB_2025-06-27_G32,10109525BARONIB,2025-06-27,124486,1,20,0,362.0
10109525BARONIB_2025-06-27_G33,10109525BARONIB,2025-06-27,124477,1,2,0,47.0
10109525BARONIB_2025-06-27_G34,10109525BARONIB,2025-06-27,123344,1,12,0,94.0
10109525BARONIB_2025-06-28_G02,10109525BARONIB,2025-06-28,123313,1,3,0,211.0
10109525BARONIB_2025-06-28_G03,10109525BARONIB,2025-06-28,122962,1,32,0,576.0
10109525BARONIB_2025-06-28_G04,10109525BARONIB,2025-06-28,111655,1,6,0,1147.0
10109525BARONIB_2025-06-28_G05,10109525BARONIB,2025-06-28,111569,1,10,0,167.0
10109525BARONIB_2025-06-28_G06,10109525BARONIB,2025-06-28,107892,1,2,0,152.0
10109525BARONIB_2025-06-28_G07,10109525BARONIB,2025-06-28,117862,1,10,0,189.0
10109525BARONIB_2025-06-28_G08,10109525BARONIB,2025-06-28,117854,1,5,0,88.0
10109525BARONIB_2025-06-28_G09,10109525BARONIB,2025-06-28,110339,1,10,0,623.0
10109525BARONIB_2025-06-28_G10,10109525BARONIB,2025-06-28,"110515, 109640",2,20,19,105.0
10109525BARONIB_2025-06-28_G11,10109525BARONIB,2025-06-28,110711,2,8,7,69.0
10109525BARONIB_2025-06-28_G12,10109525BARONIB,2025-06-28,110313,1,11,0,280.0
10109525BARONIB_2025-06-28_G13,10109525BARONIB,2025-06-28,117856,1,10,0,179.0
10109525BARONIB_2025-06-28_G14,10109525BARONIB,2025-06-28,"108711, 140922, 111466, 117833, 111469, 110787",6,70,113,195.0
10109525BARONIB_2025-06-28_G15,10109525BARONIB,2025-06-28,"117787, 111435",3,14,26,604.0
10109525BARONIB_2025-06-28_G16,10109525BARONIB,2025-06-28,"110374, 110371, 117809",3,36,45,584.0
10109525BARONIB_2025-06-28_G17,10109525BARONIB,2025-06-28,118299,1,48,0,1409.0
10109525BARONIB_2025-06-28_G18,10109525BARONIB,2025-06-28,141202,1,5,0,217.0
10109525BARONIB_2025-06-28_G19,10109525BARONIB,2025-06-28,110500,2,8,10,2130.0
10109525BARONIB_2025-06-29_G02,10109525BARONIB,2025-06-29,110372,1,10,0,648.0
10109525BARONIB_2025-06-29_G03,10109525BARONIB,2025-06-29,111850,1,2,0,541.0
10109525BARONIB_2025-06-29_G04,10109525BARONIB,2025-06-29,110515,1,4,0,69.0
10109525BARONIB_2025-06-29_G05,10109525BARONIB,2025-06-29,117855,1,2,0,96.0
10109525BARONIB_2025-06-29_G06,10109525BARONIB,2025-06-29,108711,1,3,0,62.0
10109525BARONIB_2025-06-29_G07,10109525BARONIB,2025-06-29,"110745, 111466",2,6,10,50.0
10109525BARONIB_2025-06-29_G08,10109525BARONIB,2025-06-29,110787,1,1,0,189.0
10109525BARONIB_2025-06-29_G09,10109525BARONIB,2025-06-29,"117821, 111465",2,6,11,42.0
10109525BARONIB_2025-06-29_G10,10109525BARONIB,2025-06-29,111468,1,2,0,65.0
10109525BARONIB_2025-06-29_G11,10109525BARONIB,2025-06-29,117809,1,2,0,67.0
10109525BARONIB_2025-06-29_G12,10109525BARONIB,2025-06-29,118299,1,12,0,77.0
10109525BARONIB_2025-06-29_G13,10109525BARONIB,2025-06-29,110373,1,6,0,72.0
10109525BARONIB_2025-06-29_G14,10109525BARONIB,2025-06-29,110371,1,2,0,42.0
10109525BARONIB_2025-06-29_G15,10109525BARONIB,2025-06-29,111530,1,2,0,43.0
10109525BARONIB_2025-06-29_G16,10109525BARONIB,2025-06-29,111850,2,6,8,487.0
10109525BARONIB_2025-06-29_G17,10109525BARONIB,2025-06-29,108772,1,2,0,180.0
10109525BARONIB_2025-06-29_G18,10109525BARONIB,2025-06-29,110742,1,2,0,244.0
10109525BARONIB_2025-06-29_G19,10109525BARONIB,2025-06-29,110895,1,2,0,69.0
10109525BARONIB_2025-06-29_G20,10109525BARONIB,2025-06-29,118140,1,6,0,62.0
10109525BARONIB_2025-06-29_G21,10109525BARONIB,2025-06-29,118299,1,12,0,128.0
10109525BARONIB_2025-06-29_G22,10109525BARONIB,2025-06-29,110372,1,7,0,98.0
10109525BARONIB_2025-06-29_G23,10109525BARONIB,2025-06-29,107236,1,2,0,48.0
10109525BARONIB_2025-06-29_G24,10109525BARONIB,2025-06-29,110742,1,10,0,1130.0
10109525BARONIB_2025-06-29_G25,10109525BARONIB,2025-06-29,111850,1,10,0,73.0
10109525BARONIB_2025-06-29_G26,10109525BARONIB,2025-06-29,117834,1,7,0,169.0
10109525BARONIB_2025-06-29_G27,10109525BARONIB,2025-06-29,110895,1,10,0,72.0
10109525BARONIB_2025-06-29_G28,10109525BARONIB,2025-06-29,111110,1,2,0,143.0
10109525BARONIB_2025-06-29_G29,10109525BARONIB,2025-06-29,111602,1,20,0,607.0
10109525BARONIB_2025-06-29_G30,10109525BARONIB,2025-06-29,110752,1,10,0,64.0
10109525BARONIB_2025-06-29_G31,10109525BARONIB,2025-06-29,117785,1,100,0,286.0
10109525BARONIB_2025-06-29_G32,10109525BARONIB,2025-06-29,117833,1,20,0,289.0
10109525BARONIB_2025-06-29_G33,10109525BARONIB,2025-06-29,111469,1,10,0,95.0
10109525BARONIB_2025-06-29_G34,10109525BARONIB,2025-06-29,110787,1,10,0,416.0
10109525BARONIB_2025-06-29_G35,10109525BARONIB,2025-06-29,110325,1,20,0,125.0
10109525BARONIB_2025-06-29_G36,10109525BARONIB,2025-06-29,117809,1,140,0,312.0
10109525BARONIB_2025-06-29_G37,10109525BARONIB,2025-06-29,118299,1,700,0,354.0
10109525BARONIB_2025-06-29_G38,10109525BARONIB,2025-06-29,118222,1,60,0,777.0
10109525BARONIB_2025-06-29_G39,10109525BARONIB,2025-06-29,141202,1,10,0,511.0
10109525BARONIB_2025-06-30_G02,10109525BARONIB,2025-06-30,117862,1,66,0,336.0
10109525BARONIB_2025-06-30_G03,10109525BARONIB,2025-06-30,118094,1,96,0,523.0
10109525BARONIB_2025-06-30_G04,10109525BARONIB,2025-06-30,117831,1,200,0,599.0
10109525BARONIB_2025-06-30_G05,10109525BARONIB,2025-06-30,111532,1,73,0,205.0
10109525BARONIB_2025-06-30_G06,10109525BARONIB,2025-06-30,107236,1,100,0,1075.0
10109525BARONIB_2025-06-30_G07,10109525BARONIB,2025-06-30,111469,1,194,0,1258.0
10109525BARONIB_2025-06-30_G08,10109525BARONIB,2025-06-30,110755,1,171,0,2244.0
10109525BARONIB_2025-06-30_G09,10109525BARONIB,2025-06-30,107830,1,49,0,1388.0
10109525BARONIB_2025-07-04_G02,10109525BARONIB,2025-07-04,181057,1,1,0,196.0
10109525BARONIB_2025-07-04_G03,10109525BARONIB,2025-07-04,123561,1,9,0,311.0
10109525BARONIB_2025-07-04_G04,10109525BARONIB,2025-07-04,120389,1,120,0,1334.0
10109525BARONIB_2025-07-04_G05,10109525BARONIB,2025-07-04,122647,1,30,0,283.0
10109525BARONIB_2025-07-04_G06,10109525BARONIB,2025-07-04,122185,1,140,0,1046.0
10109525BARONIB_2025-07-04_G07,10109525BARONIB,2025-07-04,122962,1,30,0,149.0
10109525BARONIB_2025-07-04_G08,10109525BARONIB,2025-07-04,120008,1,80,0,1609.0
10109525BARONIB_2025-07-04_G09,10109525BARONIB,2025-07-04,122984,1,64,0,710.0
10109525BARONIB_2025-07-04_G10,10109525BARONIB,2025-07-04,124548,1,56,0,557.0
10109525BARONIB_2025-07-04_G11,10109525BARONIB,2025-07-04,"120339, 122986",9,64,73,2058.0
10109525BARONIB_2025-07-04_G12,10109525BARONIB,2025-07-04,122984,1,4,0,517.0
10109525BARONIB_2025-07-04_G13,10109525BARONIB,2025-07-04,123344,1,4,0,204.0
10109525BARONIB_2025-07-04_G14,10109525BARONIB,2025-07-04,122983,1,4,0,130.0
10109525BARONIB_2025-07-05_G02,10109525BARONIB,2025-07-05,124371,1,2,0,135.0
10109525BARONIB_2025-07-05_G03,10109525BARONIB,2025-07-05,122185,1,4,0,64.0
10109525BARONIB_2025-07-05_G04,10109525BARONIB,2025-07-05,124624,1,4,0,320.0
10109525BARONIB_2025-07-05_G05,10109525BARONIB,2025-07-05,124624,1,8,0,46.0
10109525BARONIB_2025-07-05_G06,10109525BARONIB,2025-07-05,123345,1,6,0,197.0
10109525BARONIB_2025-07-05_G07,10109525BARONIB,2025-07-05,123313,2,16,12,623.0
10109525BARONIB_2025-07-05_G08,10109525BARONIB,2025-07-05,123562,1,12,0,728.0
10109525BARONIB_2025-07-05_G09,10109525BARONIB,2025-07-05,124476,1,20,0,230.0
10109525BARONIB_2025-07-05_G10,10109525BARONIB,2025-07-05,122962,1,80,0,1067.0
10109525BARONIB_2025-07-05_G11,10109525BARONIB,2025-07-05,124486,1,26,0,138.0
10109525BARONIB_2025-07-05_G12,10109525BARONIB,2025-07-05,"122962, 123909",2,14,25,135.0
10109525BARONIB_2025-07-05_G13,10109525BARONIB,2025-07-05,123343,1,2,0,602.0
10109525BARONIB_2025-07-05_G14,10109525BARONIB,2025-07-05,111466,2,80,15,1333.0
10109525BARONIB_2025-07-05_G15,10109525BARONIB,2025-07-05,117821,1,5,0,46.0
10109525BARONIB_2025-07-05_G16,10109525BARONIB,2025-07-05,111462,1,15,0,108.0
10109525BARONIB_2025-07-05_G17,10109525BARONIB,2025-07-05,110787,1,14,0,221.0
10109525BARONIB_2025-07-05_G18,10109525BARONIB,2025-07-05,111569,1,7,0,134.0
10109525BARONIB_2025-07-05_G19,10109525BARONIB,2025-07-05,"110515, 111602",2,7,21,58.0
10109525BARONIB_2025-07-05_G20,10109525BARONIB,2025-07-05,"111743, 111469",2,12,21,123.0
10109525BARONIB_2025-07-05_G21,10109525BARONIB,2025-07-05,111431,1,4,0,80.0
10109525BARONIB_2025-07-05_G22,10109525BARONIB,2025-07-05,117842,1,8,0,76.0
10109525BARONIB_2025-07-05_G23,10109525BARONIB,2025-07-05,"111418, 110740, 110787",4,17,38,98.0
10109525BARONIB_2025-07-05_G24,10109525BARONIB,2025-07-05,110372,1,11,0,154.0
10109525BARONIB_2025-07-05_G25,10109525BARONIB,2025-07-05,111431,1,12,0,528.0
10109525BARONIB_2025-07-05_G26,10109525BARONIB,2025-07-05,111569,1,4,0,241.0
10109525BARONIB_2025-07-05_G27,10109525BARONIB,2025-07-05,110515,1,16,0,186.0
10109525BARONIB_2025-07-05_G28,10109525BARONIB,2025-07-05,"111466, 111418",2,3,11,95.0
10109525BARONIB_2025-07-05_G29,10109525BARONIB,2025-07-05,117808,1,4,0,311.0
10109525BARONIB_2025-07-05_G30,10109525BARONIB,2025-07-05,107830,1,3,0,83.0
10109525BARONIB_2025-07-05_G31,10109525BARONIB,2025-07-05,110373,1,2,0,63.0
10109525BARONIB_2025-07-05_G32,10109525BARONIB,2025-07-05,110372,1,7,0,129.0
10109525BARONIB_2025-07-05_G33,10109525BARONIB,2025-07-05,118317,2,8,5,373.0
10109525BARONIB_2025-07-05_G34,10109525BARONIB,2025-07-05,111463,1,7,0,150.0
10109525BARONIB_2025-07-05_G35,10109525BARONIB,2025-07-05,111463,1,3,0,131.0
10109525BARONIB_2025-07-05_G36,10109525BARONIB,2025-07-05,110374,1,8,0,80.0
10109525BARONIB_2025-07-05_G37,10109525BARONIB,2025-07-05,110374,1,18,0,86.0
10109525BARONIB_2025-07-06_G02,10109525BARONIB,2025-07-06,124486,1,20,0,132.0
10109525BARONIB_2025-07-06_G03,10109525BARONIB,2025-07-06,122962,1,16,0,175.0
10109525BARONIB_2025-07-06_G04,10109525BARONIB,2025-07-06,181235,1,1,0,119.0
10109525BARONIB_2025-07-06_G05,10109525BARONIB,2025-07-06,120028,1,38,0,393.0
10109525BARONIB_2025-07-06_G06,10109525BARONIB,2025-07-06,124486,1,40,0,184.0
10109525BARONIB_2025-07-06_G07,10109525BARONIB,2025-07-06,124486,1,15,0,251.0
10109525BARONIB_2025-07-06_G08,10109525BARONIB,2025-07-06,122647,1,10,0,122.0
10109525BARONIB_2025-07-06_G09,10109525BARONIB,2025-07-06,120389,1,10,0,206.0
10109525BARONIB_2025-07-06_G10,10109525BARONIB,2025-07-06,122647,1,2,0,63.0
10109525BARONIB_2025-07-06_G11,10109525BARONIB,2025-07-06,122962,1,6,0,68.0
10109525BARONIB_2025-07-06_G12,10109525BARONIB,2025-07-06,123909,1,4,0,61.0
10109525BARONIB_2025-07-06_G13,10109525BARONIB,2025-07-06,122962,1,16,0,194.0
10109525BARONIB_2025-07-06_G14,10109525BARONIB,2025-07-06,124486,1,10,0,115.0
10109525BARONIB_2025-07-06_G15,10109525BARONIB,2025-07-06,124486,1,10,0,54.0
10109525BARONIB_2025-07-06_G16,10109525BARONIB,2025-07-06,122671,1,4,0,45.0
10109525BARONIB_2025-07-06_G17,10109525BARONIB,2025-07-06,122962,1,12,0,104.0
10109525BARONIB_2025-07-06_G18,10109525BARONIB,2025-07-06,123909,1,16,0,192.0
10109525BARONIB_2025-07-06_G19,10109525BARONIB,2025-07-06,121760,1,6,0,127.0
10109525BARONIB_2025-07-06_G20,10109525BARONIB,2025-07-06,121651,1,7,0,244.0
10109525BARONIB_2025-07-06_G21,10109525BARONIB,2025-07-06,180024,1,2,0,42.0
10109525BARONIB_2025-07-06_G22,10109525BARONIB,2025-07-06,120028,1,4,0,429.0
10109525BARONIB_2025-07-06_G23,10109525BARONIB,2025-07-06,180025,1,2,0,368.0
10109525BARONIB_2025-07-06_G24,10109525BARONIB,2025-07-06,124248,1,4,0,100.0
10109525BARONIB_2025-07-06_G25,10109525BARONIB,2025-07-06,122647,1,10,0,82.0
10109525BARONIB_2025-07-06_G26,10109525BARONIB,2025-07-06,122962,1,50,0,505.0
10109525BARONIB_2025-07-06_G27,10109525BARONIB,2025-07-06,123909,1,20,0,252.0
10109525BARONIB_2025-07-06_G28,10109525BARONIB,2025-07-06,123345,1,4,0,48.0
10109525BARONIB_2025-07-06_G29,10109525BARONIB,2025-07-06,123343,1,4,0,51.0
10109525BARONIB_2025-07-06_G30,10109525BARONIB,2025-07-06,121760,1,2,0,131.0
10109525BARONIB_2025-07-06_G31,10109525BARONIB,2025-07-06,"124370, 124475",2,10,25,191.0
10109525BARONIB_2025-07-06_G32,10109525BARONIB,2025-07-06,124476,1,2,0,45.0
10109525BARONIB_2025-07-06_G33,10109525BARONIB,2025-07-06,124477,1,2,0,55.0
10109525BARONIB_2025-07-06_G34,10109525BARONIB,2025-07-06,123343,1,4,0,89.0
10109525BARONIB_2025-07-06_G35,10109525BARONIB,2025-07-06,124248,1,1,0,79.0
10109525BARONIB_2025-07-06_G36,10109525BARONIB,2025-07-06,124475,1,4,0,80.0
10109525BARONIB_2025-07-06_G37,10109525BARONIB,2025-07-06,122984,1,6,0,428.0
10109525BARONIB_2025-07-06_G38,10109525BARONIB,2025-07-06,122185,1,2,0,91.0
10109525BARONIB_2025-07-06_G39,10109525BARONIB,2025-07-06,122185,1,2,0,39.0
10109525BARONIB_2025-07-06_G40,10109525BARONIB,2025-07-06,122982,1,6,0,70.0
10109525BARONIB_2025-07-06_G41,10109525BARONIB,2025-07-06,121651,1,1,0,66.0
10109525BARONIB_2025-07-06_G42,10109525BARONIB,2025-07-06,124476,1,4,0,67.0
10109525BARONIB_2025-07-06_G43,10109525BARONIB,2025-07-06,124477,1,4,0,70.0
10109525BARONIB_2025-07-06_G44,10109525BARONIB,2025-07-06,123345,1,3,0,82.0
10109525BARONIB_2025-07-06_G45,10109525BARONIB,2025-07-06,"123345, 123343",2,3,15,36.0
10109525BARONIB_2025-07-06_G46,10109525BARONIB,2025-07-06,124486,1,8,0,349.0
10109525BARONIB_2025-07-06_G47,10109525BARONIB,2025-07-06,122647,1,20,0,612.0
10109525BARONIB_2025-07-06_G48,10109525BARONIB,2025-07-06,123153,2,30,27,221.0
10109525BARONIB_2025-07-06_G49,10109525BARONIB,2025-07-06,123822,1,16,0,1545.0
10109525BARONIB_2025-07-06_G50,10109525BARONIB,2025-07-06,123909,1,10,0,139.0
10109525BARONIB_2025-07-06_G51,10109525BARONIB,2025-07-06,123345,1,8,0,174.0
10109525BARONIB_2025-07-07_G02,10109525BARONIB,2025-07-07,121760,1,4,0,117.0
10109525BARONIB_2025-07-07_G03,10109525BARONIB,2025-07-07,120389,1,4,0,57.0
10109525BARONIB_2025-07-07_G04,10109525BARONIB,2025-07-07,124370,1,40,0,650.0
10109525BARONIB_2025-07-07_G05,10109525BARONIB,2025-07-07,117808,1,46,0,1519.0
10109525BARONIB_2025-07-07_G06,10109525BARONIB,2025-07-07,"118299, 110373, 110372",3,189,43,42.0
10109525BARONIB_2025-07-07_G07,10109525BARONIB,2025-07-07,"117821, 111532, 111418",3,140,51,64.0
10109525BARONIB_2025-07-07_G08,10109525BARONIB,2025-07-07,110787,1,12,0,33.0
10109525BARONIB_2025-07-07_G09,10109525BARONIB,2025-07-07,117787,1,8,0,77.0
10109525BARONIB_2025-07-07_G11,10109525BARONIB,2025-07-07,109645,1,7,0,70.0
10109525BARONIB_2025-07-07_G13,10109525BARONIB,2025-07-07,124594,1,100,0,1713.0
10109525BARONIB_2025-07-07_G14,10109525BARONIB,2025-07-07,123345,1,1,0,862.0
10109525BARONIB_2025-07-07_G15,10109525BARONIB,2025-07-07,122962,1,5,0,70.0
10109525BARONIB_2025-07-07_G16,10109525BARONIB,2025-07-07,123345,1,18,0,531.0
10109525BARONIB_2025-07-07_G17,10109525BARONIB,2025-07-07,123343,1,4,0,425.0
10109525BARONIB_2025-07-07_G18,10109525BARONIB,2025-07-07,"122962, 122984",2,36,23,438.0
10109525BARONIB_2025-07-07_G19,10109525BARONIB,2025-07-07,122189,1,6,0,459.0
10109525BARONIB_2025-07-07_G20,10109525BARONIB,2025-07-07,122671,1,24,0,308.0
10109525BARONIB_2025-07-07_G21,10109525BARONIB,2025-07-07,124548,1,9,0,127.0
10109525BARONIB_2025-07-07_G22,10109525BARONIB,2025-07-07,122647,1,22,0,352.0
10109525BARONIB_2025-07-07_G23,10109525BARONIB,2025-07-07,122962,1,12,0,242.0
10109525BARONIB_2025-07-07_G24,10109525BARONIB,2025-07-07,122671,1,40,0,446.0
10109525BARONIB_2025-07-07_G25,10109525BARONIB,2025-07-07,123344,1,2,0,155.0
10109525BARONIB_2025-07-07_G26,10109525BARONIB,2025-07-07,121760,1,4,0,32.0
10109525BARONIB_2025-07-07_G27,10109525BARONIB,2025-07-07,123345,1,2,0,137.0
10109525BARONIB_2025-07-07_G28,10109525BARONIB,2025-07-07,124370,1,4,0,82.0
10109525BARONIB_2025-07-07_G29,10109525BARONIB,2025-07-07,124475,1,6,0,166.0
10109525BARONIB_2025-07-07_G30,10109525BARONIB,2025-07-07,122185,1,29,0,495.0
10109525BARONIB_2025-07-07_G31,10109525BARONIB,2025-07-07,124476,1,4,0,211.0
10109525BARONIB_2025-07-08_G02,10109525BARONIB,2025-07-08,110372,1,1400,0,3500.0
10109525BARONIB_2025-07-08_G05,10109525BARONIB,2025-07-08,110373,1,1500,0,3494.0
10109525BARONIB_2025-07-09_G02,10109525BARONIB,2025-07-09,117785,1,4,0,52.0
10109525BARONIB_2025-07-09_G03,10109525BARONIB,2025-07-09,111469,1,4,0,65.0
10109525BARONIB_2025-07-09_G04,10109525BARONIB,2025-07-09,110745,1,4,0,64.0
10109525BARONIB_2025-07-09_G05,10109525BARONIB,2025-07-09,111466,1,4,0,34.0
10109525BARONIB_2025-07-09_G06,10109525BARONIB,2025-07-09,117833,1,8,0,60.0
10109525BARONIB_2025-07-09_G07,10109525BARONIB,2025-07-09,108798,1,2,0,87.0
10109525BARONIB_2025-07-09_G08,10109525BARONIB,2025-07-09,111462,1,4,0,89.0
10109525BARONIB_2025-07-09_G09,10109525BARONIB,2025-07-09,110787,1,1,0,31.0
10109525BARONIB_2025-07-09_G10,10109525BARONIB,2025-07-09,110374,1,4,0,210.0
10109525BARONIB_2025-07-09_G11,10109525BARONIB,2025-07-09,"117809, 109643",2,6,26,67.0
10109525BARONIB_2025-07-09_G12,10109525BARONIB,2025-07-09,117808,1,7,0,69.0
10109525BARONIB_2025-07-09_G13,10109525BARONIB,2025-07-09,110372,1,14,0,353.0
10109525BARONIB_2025-07-09_G14,10109525BARONIB,2025-07-09,110371,1,3,0,139.0
10109525BARONIB_2025-07-09_G15,10109525BARONIB,2025-07-09,110373,1,11,0,161.0
10109525BARONIB_2025-07-09_G16,10109525BARONIB,2025-07-09,109643,1,8,0,1132.0
10109525BARONIB_2025-07-09_G17,10109525BARONIB,2025-07-09,110372,1,40,0,271.0
10109525BARONIB_2025-07-09_G18,10109525BARONIB,2025-07-09,109648,1,2,0,191.0
10109525BARONIB_2025-07-09_G19,10109525BARONIB,2025-07-09,110373,1,40,0,212.0
10109525BARONIB_2025-07-09_G20,10109525BARONIB,2025-07-09,110754,1,4,0,696.0
10109525BARONIB_2025-07-09_G21,10109525BARONIB,2025-07-09,117788,1,1,0,285.0
10109525BARONIB_2025-07-09_G22,10109525BARONIB,2025-07-09,109649,1,2,0,943.0
10109525BARONIB_2025-07-09_G24,10109525BARONIB,2025-07-09,141047,1,2,0,71.0
10109525BARONIB_2025-07-09_G25,10109525BARONIB,2025-07-09,110711,1,4,0,68.0
10109525BARONIB_2025-07-09_G26,10109525BARONIB,2025-07-09,"110313, 117935",2,7,27,152.0
10109525BARONIB_2025-07-09_G27,10109525BARONIB,2025-07-09,110743,1,1,0,164.0
10109525BARONIB_2025-07-09_G28,10109525BARONIB,2025-07-09,108794,1,8,0,273.0
10109525BARONIB_2025-07-09_G29,10109525BARONIB,2025-07-09,117838,1,2,0,69.0
10109525BARONIB_2025-07-09_G30,10109525BARONIB,2025-07-09,"140922, 111466",2,9,17,130.0
10109525BARONIB_2025-07-09_G31,10109525BARONIB,2025-07-09,111743,1,2,0,39.0
10109525BARONIB_2025-07-09_G32,10109525BARONIB,2025-07-09,117785,1,4,0,52.0
10109525BARONIB_2025-07-09_G33,10109525BARONIB,2025-07-09,"110325, 117809",2,16,19,261.0
10109525BARONIB_2025-07-09_G34,10109525BARONIB,2025-07-09,117808,1,20,0,442.0
10109525BARONIB_2025-07-09_G35,10109525BARONIB,2025-07-09,118299,1,4,0,103.0
10109525BARONIB_2025-07-09_G36,10109525BARONIB,2025-07-09,118299,1,16,0,71.0
10109525BARONIB_2025-07-09_G37,10109525BARONIB,2025-07-09,117820,1,4,0,327.0
10109525BARONIB_2025-07-09_G38,10109525BARONIB,2025-07-09,110374,1,12,0,162.0
10109525BARONIB_2025-07-09_G39,10109525BARONIB,2025-07-09,110376,1,4,0,73.0
10109525BARONIB_2025-07-09_G40,10109525BARONIB,2025-07-09,110373,1,16,0,147.0
10109525BARONIB_2025-07-09_G41,10109525BARONIB,2025-07-09,108772,1,20,0,681.0
10109525BARONIB_2025-07-09_G42,10109525BARONIB,2025-07-09,118299,1,13,0,2599.0
10109525BARONIB_2025-07-09_G43,10109525BARONIB,2025-07-09,160057,1,2,0,398.0
10109525BARONIB_2025-07-09_G44,10109525BARONIB,2025-07-09,100334,1,9,0,188.0
10109525BARONIB_2025-07-10_G02,10109525BARONIB,2025-07-10,160051,1,2,0,66.0
10109525BARONIB_2025-07-10_G03,10109525BARONIB,2025-07-10,110373,1,9,0,59.0
10109525BARONIB_2025-07-10_G04,10109525BARONIB,2025-07-10,160050,1,2,0,911.0
10109525BARONIB_2025-07-10_G05,10109525BARONIB,2025-07-10,109645,1,11,0,622.0
10109525BARONIB_2025-07-10_G06,10109525BARONIB,2025-07-10,111348,1,8,0,107.0
10109525BARONIB_2025-07-10_G07,10109525BARONIB,2025-07-10,105705,1,8,0,32.0
10109525BARONIB_2025-07-10_G08,10109525BARONIB,2025-07-10,160053,1,4,0,301.0
10109525BARONIB_2025-07-10_G09,10109525BARONIB,2025-07-10,"108794, 110740",2,4,15,3406.0
10109525BARONIB_2025-07-10_G10,10109525BARONIB,2025-07-10,"110515, 111463",2,5,20,36.0
10109525BARONIB_2025-07-10_G11,10109525BARONIB,2025-07-10,"111438, 118222, 111602",3,35,56,712.0
10109525BARONIB_2025-07-10_G12,10109525BARONIB,2025-07-10,110515,1,15,0,34.0
10109525BARONIB_2025-07-10_G13,10109525BARONIB,2025-07-10,111466,1,6,0,891.0
10109525BARONIB_2025-07-10_G14,10109525BARONIB,2025-07-10,111466,1,2,0,60.0
10109525BARONIB_2025-07-10_G15,10109525BARONIB,2025-07-10,"111418, 110787",2,20,8,230.0
10109525BARONIB_2025-07-10_G16,10109525BARONIB,2025-07-10,109645,1,6,0,95.0
10109525BARONIB_2025-07-10_G17,10109525BARONIB,2025-07-10,117785,1,16,0,102.0
10109525BARONIB_2025-07-10_G18,10109525BARONIB,2025-07-10,117820,1,4,0,673.0
10109525BARONIB_2025-07-10_G19,10109525BARONIB,2025-07-10,110313,1,3,0,59.0
10109525BARONIB_2025-07-10_G21,10109525BARONIB,2025-07-10,110373,4,432,40,1058.0
10109525BARONIB_2025-07-10_G22,10109525BARONIB,2025-07-10,122673,1,8,0,1471.0
10109525BARONIB_2025-07-10_G23,10109525BARONIB,2025-07-10,122673,1,8,0,170.0
10109525BARONIB_2025-07-10_G24,10109525BARONIB,2025-07-10,122673,1,50,0,668.0
10109525BARONIB_2025-07-10_G25,10109525BARONIB,2025-07-10,122673,1,50,0,672.0
10109525BARONIB_2025-07-10_G26,10109525BARONIB,2025-07-10,122673,1,50,0,676.0
10109525BARONIB_2025-07-10_G27,10109525BARONIB,2025-07-10,122673,1,2,0,117.0
10109525BARONIB_2025-07-10_G28,10109525BARONIB,2025-07-10,122673,1,2,0,154.0
10109525BARONIB_2025-07-11_G02,10109525BARONIB,2025-07-11,140922,1,4,0,234.0
10109525BARONIB_2025-07-11_G03,10109525BARONIB,2025-07-11,111743,1,4,0,96.0
10109525BARONIB_2025-07-11_G04,10109525BARONIB,2025-07-11,108711,1,4,0,163.0
10109525BARONIB_2025-07-11_G05,10109525BARONIB,2025-07-11,118140,1,8,0,144.0
10109525BARONIB_2025-07-11_G06,10109525BARONIB,2025-07-11,110787,1,4,0,73.0
10109525BARONIB_2025-07-11_G07,10109525BARONIB,2025-07-11,110373,1,4,0,109.0
10109525BARONIB_2025-07-11_G08,10109525BARONIB,2025-07-11,111602,1,8,0,137.0
10109525BARONIB_2025-07-11_G09,10109525BARONIB,2025-07-11,110313,1,4,0,82.0
10109525BARONIB_2025-07-11_G10,10109525BARONIB,2025-07-11,117840,1,4,0,391.0
10109525BARONIB_2025-07-11_G11,10109525BARONIB,2025-07-11,110313,1,8,0,360.0
10109525BARONIB_2025-07-11_G12,10109525BARONIB,2025-07-11,111602,1,12,0,196.0
10109525BARONIB_2025-07-11_G13,10109525BARONIB,2025-07-11,110313,1,4,0,77.0
10109525BARONIB_2025-07-11_G14,10109525BARONIB,2025-07-11,110711,1,2,0,338.0
10109525BARONIB_2025-07-11_G15,10109525BARONIB,2025-07-11,111602,1,40,0,249.0
10109525BARONIB_2025-07-11_G16,10109525BARONIB,2025-07-11,110313,1,12,0,123.0
10109525BARONIB_2025-07-11_G17,10109525BARONIB,2025-07-11,108795,1,6,0,124.0
10109525BARONIB_2025-07-11_G18,10109525BARONIB,2025-07-11,"140922, 108711",2,8,8,70.0
10109525BARONIB_2025-07-11_G20,10109525BARONIB,2025-07-11,110372,1,51,0,412.0
10109525BARONIB_2025-07-11_G21,10109525BARONIB,2025-07-11,111569,1,4,0,94.0
10109525BARONIB_2025-07-11_G22,10109525BARONIB,2025-07-11,117820,1,50,0,937.0
10109525BARONIB_2025-07-11_G23,10109525BARONIB,2025-07-11,111330,1,8,0,762.0
10109525BARONIB_2025-07-11_G24,10109525BARONIB,2025-07-11,110787,1,8,0,2709.0
10109525BARONIB_2025-07-11_G25,10109525BARONIB,2025-07-11,110372,1,20,0,794.0
10109525BARONIB_2025-07-11_G26,10109525BARONIB,2025-07-11,110515,1,16,0,123.0
10109525BARONIB_2025-07-11_G27,10109525BARONIB,2025-07-11,111532,1,3,0,88.0
10109525BARONIB_2025-07-11_G28,10109525BARONIB,2025-07-11,111467,1,4,0,217.0
10109525BARONIB_2025-07-11_G29,10109525BARONIB,2025-07-11,111435,1,1,0,131.0
10109525BARONIB_2025-07-11_G30,10109525BARONIB,2025-07-11,111431,1,4,0,83.0
10109525BARONIB_2025-07-11_G31,10109525BARONIB,2025-07-11,111418,1,2,0,235.0
10109525BARONIB_2025-07-11_G32,10109525BARONIB,2025-07-11,116241,1,4,0,91.0
10109525BARONIB_2025-07-11_G33,10109525BARONIB,2025-07-11,117785,1,2,0,54.0
10109525BARONIB_2025-07-11_G34,10109525BARONIB,2025-07-11,"111463, 117808",2,22,27,73.0
10109525BARONIB_2025-07-11_G35,10109525BARONIB,2025-07-11,118299,1,6,0,315.0
10109525BARONIB_2025-07-11_G36,10109525BARONIB,2025-07-11,109643,1,4,0,114.0
10109525BARONIB_2025-07-11_G37,10109525BARONIB,2025-07-11,110372,1,4,0,82.0
10109525BARONIB_2025-07-11_G38,10109525BARONIB,2025-07-11,110313,1,1,0,702.0
10109525BARONIB_2025-07-11_G39,10109525BARONIB,2025-07-11,111602,1,4,0,165.0
10109525BARONIB_2025-07-11_G40,10109525BARONIB,2025-07-11,118140,1,12,0,579.0
10109525BARONIB_2025-07-11_G41,10109525BARONIB,2025-07-11,"118140, 117820",2,2,19,65.0
10109525BARONIB_2025-07-12_G02,10109525BARONIB,2025-07-12,117786,1,4,0,125.0
10109525BARONIB_2025-07-12_G03,10109525BARONIB,2025-07-12,117855,1,8,0,131.0
10109525BARONIB_2025-07-12_G04,10109525BARONIB,2025-07-12,"105705, 108794",2,4,16,256.0
10109525BARONIB_2025-07-12_G05,10109525BARONIB,2025-07-12,111348,1,2,0,48.0
10109525BARONIB_2025-07-12_G06,10109525BARONIB,2025-07-12,"111443, 111182, 140922",3,5,57,37.0
10109525BARONIB_2025-07-12_G07,10109525BARONIB,2025-07-12,"109641, 108711",2,10,20,63.0
10109525BARONIB_2025-07-12_G08,10109525BARONIB,2025-07-12,111418,1,2,0,56.0
10109525BARONIB_2025-07-12_G09,10109525BARONIB,2025-07-12,"118223, 110787",2,4,15,44.0
10109525BARONIB_2025-07-12_G10,10109525BARONIB,2025-07-12,117785,1,4,0,110.0
10109525BARONIB_2025-07-12_G11,10109525BARONIB,2025-07-12,111466,2,16,5,291.0
10109525BARONIB_2025-07-12_G12,10109525BARONIB,2025-07-12,111469,1,18,0,214.0
10109525BARONIB_2025-07-12_G13,10109525BARONIB,2025-07-12,"111463, 110740",2,14,8,101.0
10109525BARONIB_2025-07-12_G14,10109525BARONIB,2025-07-12,111465,1,11,0,46.0
10109525BARONIB_2025-07-12_G15,10109525BARONIB,2025-07-12,110325,1,4,0,100.0
10109525BARONIB_2025-07-12_G16,10109525BARONIB,2025-07-12,110372,1,4,0,136.0
10109525BARONIB_2025-07-12_G17,10109525BARONIB,2025-07-12,111418,1,22,0,268.0
10109525BARONIB_2025-07-12_G18,10109525BARONIB,2025-07-12,110373,1,2,0,104.0
10109525BARONIB_2025-07-12_G19,10109525BARONIB,2025-07-12,118140,1,8,0,79.0
10109525BARONIB_2025-07-12_G20,10109525BARONIB,2025-07-12,111418,1,4,0,95.0
10109525BARONIB_2025-07-12_G21,10109525BARONIB,2025-07-12,111430,1,39,0,687.0
10109525BARONIB_2025-07-12_G22,10109525BARONIB,2025-07-12,111441,1,102,0,616.0
10109525BARONIB_2025-07-12_G23,10109525BARONIB,2025-07-12,110313,1,17,0,528.0
10109525BARONIB_2025-07-12_G24,10109525BARONIB,2025-07-12,110313,1,100,0,478.0
10109525BARONIB_2025-07-12_G25,10109525BARONIB,2025-07-12,110313,1,146,0,254.0
10109525BARONIB_2025-07-12_G26,10109525BARONIB,2025-07-12,105705,1,18,0,686.0
10109525BARONIB_2025-07-12_G27,10109525BARONIB,2025-07-12,111172,1,12,0,195.0
10109525BARONIB_2025-07-12_G28,10109525BARONIB,2025-07-12,109641,1,6,0,120.0
10109525BARONIB_2025-07-12_G29,10109525BARONIB,2025-07-12,107236,1,19,0,202.0
10109525BARONIB_2025-07-12_G30,10109525BARONIB,2025-07-12,110515,1,104,0,273.0
10109525BARONIB_2025-07-12_G31,10109525BARONIB,2025-07-12,111463,1,96,0,232.0
10109525BARONIB_2025-07-12_G32,10109525BARONIB,2025-07-12,110742,1,50,0,611.0
10109525BARONIB_2025-07-12_G33,10109525BARONIB,2025-07-12,111569,1,150,0,1225.0
10109525BARONIB_2025-07-12_G34,10109525BARONIB,2025-07-12,111182,1,100,0,502.0
10109525BARONIB_2025-07-12_G35,10109525BARONIB,2025-07-12,117831,1,200,0,246.0
10109525BARONIB_2025-07-12_G36,10109525BARONIB,2025-07-12,107236,1,100,0,623.0
10109525BARONIB_2025-07-12_G37,10109525BARONIB,2025-07-12,111438,1,250,0,144.0
10109525BARONIB_2025-07-13_G02,10109525BARONIB,2025-07-13,111602,1,5,0,87.0
10109525BARONIB_2025-07-13_G03,10109525BARONIB,2025-07-13,111462,1,5,0,82.0
10109525BARONIB_2025-07-13_G04,10109525BARONIB,2025-07-13,110515,1,20,0,726.0
10109525BARONIB_2025-07-13_G05,10109525BARONIB,2025-07-13,108795,1,5,0,89.0
10109525BARONIB_2025-07-13_G06,10109525BARONIB,2025-07-13,117821,1,1,0,38.0
10109525BARONIB_2025-07-13_G07,10109525BARONIB,2025-07-13,110374,1,4,0,116.0
10109525BARONIB_2025-07-13_G08,10109525BARONIB,2025-07-13,118317,1,2,0,88.0
10109525BARONIB_2025-07-13_G09,10109525BARONIB,2025-07-13,117820,1,7,0,65.0
10109525BARONIB_2025-07-13_G10,10109525BARONIB,2025-07-13,117854,1,8,0,342.0
10109525BARONIB_2025-07-13_G11,10109525BARONIB,2025-07-13,107629,1,2,0,53.0
10109525BARONIB_2025-07-13_G12,10109525BARONIB,2025-07-13,110339,1,20,0,133.0
10109525BARONIB_2025-07-13_G13,10109525BARONIB,2025-07-13,117786,1,3,0,33.0
10109525BARONIB_2025-07-13_G14,10109525BARONIB,2025-07-13,117853,1,6,0,101.0
10109525BARONIB_2025-07-13_G15,10109525BARONIB,2025-07-13,110711,1,6,0,95.0
10109525BARONIB_2025-07-13_G16,10109525BARONIB,2025-07-13,111737,1,6,0,170.0
10109525BARONIB_2025-07-13_G17,10109525BARONIB,2025-07-13,117835,1,5,0,266.0
10109525BARONIB_2025-07-13_G18,10109525BARONIB,2025-07-13,118222,1,8,0,354.0
10109525BARONIB_2025-07-13_G19,10109525BARONIB,2025-07-13,118222,1,9,0,205.0
10109525BARONIB_2025-07-13_G20,10109525BARONIB,2025-07-13,117855,1,12,0,270.0
10109525BARONIB_2025-07-13_G21,10109525BARONIB,2025-07-13,109645,1,6,0,99.0
10109525BARONIB_2025-07-13_G22,10109525BARONIB,2025-07-13,111469,1,2,0,80.0
10109525BARONIB_2025-07-13_G23,10109525BARONIB,2025-07-13,118222,1,11,0,288.0
10109525BARONIB_2025-07-13_G24,10109525BARONIB,2025-07-13,110582,1,1,0,915.0
10109525BARONIB_2025-07-13_G25,10109525BARONIB,2025-07-13,117836,1,4,0,77.0
10109525BARONIB_2025-07-13_G26,10109525BARONIB,2025-07-13,118280,1,4,0,70.0
10109525BARONIB_2025-07-13_G27,10109525BARONIB,2025-07-13,111441,1,4,0,53.0
10109525BARONIB_2025-07-13_G28,10109525BARONIB,2025-07-13,"110741, 118094",2,14,26,90.0
10109525BARONIB_2025-07-13_G29,10109525BARONIB,2025-07-13,107629,1,12,0,101.0
10109525BARONIB_2025-07-13_G30,10109525BARONIB,2025-07-13,111876,1,8,0,62.0
10109525BARONIB_2025-07-13_G31,10109525BARONIB,2025-07-13,117786,1,8,0,95.0
10109525BARONIB_2025-07-13_G32,10109525BARONIB,2025-07-13,118298,1,4,0,32.0
10109525BARONIB_2025-07-13_G33,10109525BARONIB,2025-07-13,110750,1,2,0,225.0
10109525BARONIB_2025-07-13_G34,10109525BARONIB,2025-07-13,111467,1,6,0,93.0
10109525BARONIB_2025-07-13_G35,10109525BARONIB,2025-07-13,118403,1,8,0,141.0
10109525BARONIB_2025-07-13_G36,10109525BARONIB,2025-07-13,111602,1,3,0,118.0
10109525BARONIB_2025-07-13_G37,10109525BARONIB,2025-07-13,110313,1,12,0,96.0
10109525BARONIB_2025-07-13_G38,10109525BARONIB,2025-07-13,117785,1,80,0,179.0
10109525BARONIB_2025-07-14_G02,10109525BARONIB,2025-07-14,110745,1,12,0,261.0
10109525BARONIB_2025-07-14_G03,10109525BARONIB,2025-07-14,117821,1,12,0,179.0
10109525BARONIB_2025-07-14_G04,10109525BARONIB,2025-07-14,111172,1,14,0,126.0
10109525BARONIB_2025-07-14_G05,10109525BARONIB,2025-07-14,111532,1,15,0,80.0
10109525BARONIB_2025-07-14_G06,10109525BARONIB,2025-07-14,118317,1,16,0,160.0
10109525BARONIB_2025-07-14_G07,10109525BARONIB,2025-07-14,"141823, 111444",2,3,12,40.0
10109525BARONIB_2025-07-14_G08,10109525BARONIB,2025-07-14,111468,1,5,0,98.0
10109525BARONIB_2025-07-14_G09,10109525BARONIB,2025-07-14,110376,1,4,0,169.0
10109525BARONIB_2025-07-14_G10,10109525BARONIB,2025-07-14,110373,1,80,0,401.0
10109525BARONIB_2025-07-14_G11,10109525BARONIB,2025-07-14,106179,1,1,0,413.0
10109525BARONIB_2025-07-14_G12,10109525BARONIB,2025-07-14,117853,1,16,0,440.0
10109525BARONIB_2025-07-14_G13,10109525BARONIB,2025-07-14,111330,1,5,0,188.0
10109525BARONIB_2025-07-14_G14,10109525BARONIB,2025-07-14,111463,1,30,0,1038.0
10109525BARONIB_2025-07-14_G15,10109525BARONIB,2025-07-14,"118285, 110743",2,10,28,155.0
10109525BARONIB_2025-07-14_G16,10109525BARONIB,2025-07-14,140922,1,14,0,267.0
10109525BARONIB_2025-07-14_G17,10109525BARONIB,2025-07-14,111462,1,9,0,68.0
10109525BARONIB_2025-07-14_G18,10109525BARONIB,2025-07-14,"117833, 117831",2,49,12,407.0
10109525BARONIB_2025-07-14_G19,10109525BARONIB,2025-07-14,111172,1,10,0,169.0
10109525BARONIB_2025-07-14_G20,10109525BARONIB,2025-07-14,108798,1,6,0,51.0
10109525BARONIB_2025-07-14_G21,10109525BARONIB,2025-07-14,"109645, 111418",2,15,16,157.0
10109525BARONIB_2025-07-14_G22,10109525BARONIB,2025-07-14,118326,1,8,0,40.0
10109525BARONIB_2025-07-14_G23,10109525BARONIB,2025-07-14,110748,1,8,0,97.0
10109525BARONIB_2025-07-14_G24,10109525BARONIB,2025-07-14,118317,1,11,0,370.0
10109525BARONIB_2025-07-14_G25,10109525BARONIB,2025-07-14,111444,1,5,0,84.0
10109525BARONIB_2025-07-14_G26,10109525BARONIB,2025-07-14,111469,1,26,0,39.0
10109525BARONIB_2025-07-14_G27,10109525BARONIB,2025-07-14,107236,1,24,0,131.0
10109525BARONIB_2025-07-14_G28,10109525BARONIB,2025-07-14,111465,1,20,0,452.0
10109525BARONIB_2025-07-14_G29,10109525BARONIB,2025-07-14,111469,1,6,0,245.0
10109525BARONIB_2025-07-14_G30,10109525BARONIB,2025-07-14,110740,1,9,0,47.0
10109525BARONIB_2025-07-14_G31,10109525BARONIB,2025-07-14,110743,1,23,0,98.0
10109525BARONIB_2025-07-14_G32,10109525BARONIB,2025-07-14,105705,1,16,0,163.0
10109525BARONIB_2025-07-14_G33,10109525BARONIB,2025-07-14,110745,1,18,0,455.0
10109525BARONIB_2025-07-14_G34,10109525BARONIB,2025-07-14,117821,1,33,0,259.0
10109525BARONIB_2025-07-14_G35,10109525BARONIB,2025-07-14,109641,1,20,0,162.0
10109525BARONIB_2025-07-14_G36,10109525BARONIB,2025-07-14,141823,1,6,0,74.0
10109525BARONIB_2025-07-14_G37,10109525BARONIB,2025-07-14,111466,2,55,19,94.0
10109525BARONIB_2025-07-14_G38,10109525BARONIB,2025-07-14,108794,1,40,0,3298.0
10109525BARONIB_2025-07-14_G40,10109525BARONIB,2025-07-14,111850,1,4,0,119.0
10109525BARONIB_2025-07-14_G41,10109525BARONIB,2025-07-14,111655,1,3,0,144.0
10109525BARONIB_2025-07-14_G42,10109525BARONIB,2025-07-14,118222,1,24,0,83.0
10109525BARONIB_2025-07-14_G43,10109525BARONIB,2025-07-14,109643,1,23,0,35.0
10109525BARONIB_2025-07-14_G44,10109525BARONIB,2025-07-14,"100334, 111850, 111569",3,9,36,45.0
10109525BARONIB_2025-07-14_G45,10109525BARONIB,2025-07-14,118222,1,43,0,41.0
10109525BARONIB_2025-07-14_G46,10109525BARONIB,2025-07-14,110743,1,4,0,809.0
10109525BARONIB_2025-07-14_G47,10109525BARONIB,2025-07-14,117838,1,4,0,159.0
10109525BARONIB_2025-07-14_G48,10109525BARONIB,2025-07-14,140922,1,7,0,51.0
10109525BARONIB_2025-07-14_G49,10109525BARONIB,2025-07-14,111462,1,29,0,144.0
10109525BARONIB_2025-07-14_G50,10109525BARONIB,2025-07-14,117821,1,11,0,93.0
10109525BARONIB_2025-07-14_G51,10109525BARONIB,2025-07-14,109641,1,4,0,262.0
10109525BARONIB_2025-07-14_G52,10109525BARONIB,2025-07-14,109645,1,6,0,39.0
10109525BARONIB_2025-07-14_G53,10109525BARONIB,2025-07-14,118223,1,4,0,229.0
10109525BARONIB_2025-07-14_G54,10109525BARONIB,2025-07-14,108711,1,5,0,77.0
10109525BARONIB_2025-07-14_G55,10109525BARONIB,2025-07-14,117831,1,21,0,191.0
10109525BARONIB_2025-07-14_G56,10109525BARONIB,2025-07-14,"111466, 111469",2,35,22,248.0
10109525BARONIB_2025-07-14_G57,10109525BARONIB,2025-07-14,110740,1,4,0,47.0
10109525BARONIB_2025-07-14_G58,10109525BARONIB,2025-07-14,107236,1,6,0,37.0
10109525BARONIB_2025-07-14_G59,10109525BARONIB,2025-07-14,111465,1,5,0,650.0
10109525BARONIB_2025-07-14_G60,10109525BARONIB,2025-07-14,118140,1,37,0,476.0
10109525BARONIB_2025-07-14_G61,10109525BARONIB,2025-07-14,117785,1,101,0,1169.0
10109525BARONIB_2025-07-14_G62,10109525BARONIB,2025-07-14,111463,1,51,0,1701.0
10109525BARONIB_2025-07-14_G63,10109525BARONIB,2025-07-14,"111435, 111172",2,3,8,1820.0
10109525BARONIB_2025-07-14_G64,10109525BARONIB,2025-07-14,111463,1,13,0,72.0
10109525BARONIB_2025-07-14_G65,10109525BARONIB,2025-07-14,111348,1,4,0,36.0
10109525BARONIB_2025-07-14_G66,10109525BARONIB,2025-07-14,140922,2,6,29,78.0
10109525BARONIB_2025-07-14_G67,10109525BARONIB,2025-07-14,111462,1,10,0,47.0
10109525BARONIB_2025-07-14_G68,10109525BARONIB,2025-07-14,"109641, 109645",3,6,33,49.0
10109525BARONIB_2025-07-14_G69,10109525BARONIB,2025-07-14,"118140, 111330",2,17,21,145.0
10109525BARONIB_2025-07-14_G70,10109525BARONIB,2025-07-14,117785,1,66,0,197.0
10109525BARONIB_2025-07-14_G71,10109525BARONIB,2025-07-14,"118317, 111433, 141823",3,6,44,125.0
10109525BARONIB_2025-07-14_G72,10109525BARONIB,2025-07-14,111466,1,65,0,281.0
10109525BARONIB_2025-07-14_G73,10109525BARONIB,2025-07-14,"110740, 111468",2,8,7,277.0
10109525BARONIB_2025-07-15_G02,10109525BARONIB,2025-07-15,111655,1,6,0,166.0
10109525BARONIB_2025-07-15_G03,10109525BARONIB,2025-07-15,111441,1,2,0,44.0
10109525BARONIB_2025-07-15_G04,10109525BARONIB,2025-07-15,111569,1,6,0,61.0
10109525BARONIB_2025-07-15_G05,10109525BARONIB,2025-07-15,108770,1,2,0,54.0
10109525BARONIB_2025-07-15_G06,10109525BARONIB,2025-07-15,118222,2,32,12,64.0
10109525BARONIB_2025-07-15_G07,10109525BARONIB,2025-07-15,117831,1,46,0,182.0
10109525BARONIB_2025-07-15_G08,10109525BARONIB,2025-07-15,110582,1,10,0,158.0
10109525BARONIB_2025-07-15_G09,10109525BARONIB,2025-07-15,111469,1,38,0,383.0
10109525BARONIB_2025-07-15_G10,10109525BARONIB,2025-07-15,111660,1,17,0,329.0
10109525BARONIB_2025-07-15_G11,10109525BARONIB,2025-07-15,111532,2,37,26,74.0
10109525BARONIB_2025-07-15_G12,10109525BARONIB,2025-07-15,111602,1,8,0,1747.0
10109525BARONIB_2025-07-15_G13,10109525BARONIB,2025-07-15,111463,1,12,0,114.0
10109525BARONIB_2025-07-15_G14,10109525BARONIB,2025-07-15,108795,1,4,0,141.0
10109525BARONIB_2025-07-15_G15,10109525BARONIB,2025-07-15,140922,1,12,0,322.0
10109525BARONIB_2025-07-15_G16,10109525BARONIB,2025-07-15,111532,1,16,0,126.0
10109525BARONIB_2025-07-15_G17,10109525BARONIB,2025-07-15,118140,1,14,0,113.0
10109525BARONIB_2025-07-15_G18,10109525BARONIB,2025-07-15,117785,1,10,0,141.0
10109525BARONIB_2025-07-15_G19,10109525BARONIB,2025-07-15,111466,1,8,0,1018.0
10109525BARONIB_2025-07-15_G20,10109525BARONIB,2025-07-15,111469,1,16,0,50.0
10109525BARONIB_2025-07-15_G21,10109525BARONIB,2025-07-15,117808,1,44,0,181.0
10109525BARONIB_2025-07-15_G22,10109525BARONIB,2025-07-15,110372,1,37,0,302.0
10109525BARONIB_2025-07-15_G23,10109525BARONIB,2025-07-15,"117820, 110373",2,24,14,378.0
10109525BARONIB_2025-07-15_G24,10109525BARONIB,2025-07-15,118299,1,58,0,453.0
10109525BARONIB_2025-07-15_G25,10109525BARONIB,2025-07-15,111418,1,32,0,255.0
10109525BARONIB_2025-07-15_G26,10109525BARONIB,2025-07-15,110755,1,4,0,368.0
10109525BARONIB_2025-07-15_G27,10109525BARONIB,2025-07-15,117835,1,8,0,86.0
10109525BARONIB_2025-07-15_G28,10109525BARONIB,2025-07-15,111569,1,4,0,38.0
10109525BARONIB_2025-07-15_G29,10109525BARONIB,2025-07-15,"118094, 109647",2,8,13,123.0
10109525BARONIB_2025-07-15_G30,10109525BARONIB,2025-07-15,111602,1,4,0,43.0
10109525BARONIB_2025-07-15_G31,10109525BARONIB,2025-07-15,110373,1,52,0,1518.0
10109525BARONIB_2025-07-15_G32,10109525BARONIB,2025-07-15,117820,1,47,0,568.0
10109525BARONIB_2025-07-15_G34,10109525BARONIB,2025-07-15,118299,1,211,0,103.0
10109525BARONIB_2025-07-15_G35,10109525BARONIB,2025-07-15,117832,1,55,0,1195.0
10109525BARONIB_2025-07-15_G36,10109525BARONIB,2025-07-15,"111430, 110747",2,3,19,929.0
10109525BARONIB_2025-07-15_G37,10109525BARONIB,2025-07-15,100334,1,2,0,86.0
10109525BARONIB_2025-07-15_G38,10109525BARONIB,2025-07-15,111438,1,4,0,72.0
10109525BARONIB_2025-07-15_G39,10109525BARONIB,2025-07-15,108770,1,4,0,226.0
10109525BARONIB_2025-07-15_G40,10109525BARONIB,2025-07-15,107892,1,4,0,260.0
10109525BARONIB_2025-07-15_G41,10109525BARONIB,2025-07-15,118222,1,6,0,150.0
10109525BARONIB_2025-07-15_G42,10109525BARONIB,2025-07-15,117853,1,4,0,135.0
10109525BARONIB_2025-07-15_G43,10109525BARONIB,2025-07-15,110515,1,4,0,109.0
10109525BARONIB_2025-07-15_G44,10109525BARONIB,2025-07-15,"117856, 111443",2,8,30,152.0
10109525BARONIB_2025-07-15_G45,10109525BARONIB,2025-07-15,140922,1,2,0,75.0
10109525BARONIB_2025-07-15_G46,10109525BARONIB,2025-07-15,110740,1,5,0,259.0
10109525BARONIB_2025-07-15_G47,10109525BARONIB,2025-07-15,110325,1,14,0,210.0
10109525BARONIB_2025-07-15_G48,10109525BARONIB,2025-07-15,117830,1,1,0,44.0
10109525BARONIB_2025-07-15_G49,10109525BARONIB,2025-07-15,117832,1,6,0,71.0
10109525BARONIB_2025-07-15_G50,10109525BARONIB,2025-07-15,110371,1,12,0,349.0
10109525BARONIB_2025-07-15_G51,10109525BARONIB,2025-07-15,110373,1,8,0,245.0
10109525BARONIB_2025-07-15_G52,10109525BARONIB,2025-07-15,110372,1,38,0,809.0
10109525BARONIB_2025-07-15_G53,10109525BARONIB,2025-07-15,111569,1,12,0,254.0
10109525BARONIB_2025-07-15_G54,10109525BARONIB,2025-07-15,"110325, 110374",2,4,6,1102.0
10109525BARONIB_2025-07-15_G55,10109525BARONIB,2025-07-15,"110371, 110376",2,19,10,280.0
10109525BARONIB_2025-07-15_G56,10109525BARONIB,2025-07-15,118299,1,7,0,69.0
10109525BARONIB_2025-07-15_G57,10109525BARONIB,2025-07-15,110373,1,7,0,38.0
10109525BARONIB_2025-07-16_G02,10109525BARONIB,2025-07-16,111850,1,4,0,347.0
10109525BARONIB_2025-07-16_G03,10109525BARONIB,2025-07-16,108770,1,8,0,691.0
10109525BARONIB_2025-07-16_G04,10109525BARONIB,2025-07-16,107892,1,4,0,80.0
10109525BARONIB_2025-07-16_G05,10109525BARONIB,2025-07-16,111443,1,6,0,342.0
10109525BARONIB_2025-07-16_G06,10109525BARONIB,2025-07-16,140922,1,8,0,111.0
10109525BARONIB_2025-07-16_G07,10109525BARONIB,2025-07-16,110745,1,10,0,117.0
10109525BARONIB_2025-07-16_G08,10109525BARONIB,2025-07-16,"109641, 111418",2,19,26,164.0
10109525BARONIB_2025-07-16_G09,10109525BARONIB,2025-07-16,110787,2,7,6,150.0
10109525BARONIB_2025-07-16_G10,10109525BARONIB,2025-07-16,110787,1,8,0,336.0
10109525BARONIB_2025-07-16_G11,10109525BARONIB,2025-07-16,117785,1,10,0,124.0
10109525BARONIB_2025-07-16_G12,10109525BARONIB,2025-07-16,"110740, 107236",2,15,25,120.0
10109525BARONIB_2025-07-16_G13,10109525BARONIB,2025-07-16,118140,1,2,0,153.0
10109525BARONIB_2025-07-16_G14,10109525BARONIB,2025-07-16,110376,1,4,0,49.0
10109525BARONIB_2025-07-16_G15,10109525BARONIB,2025-07-16,117830,1,4,0,701.0
10109525BARONIB_2025-07-16_G16,10109525BARONIB,2025-07-16,111530,1,54,0,667.0
10109525BARONIB_2025-07-16_G17,10109525BARONIB,2025-07-16,118317,1,10,0,420.0
10109525BARONIB_2025-07-16_G18,10109525BARONIB,2025-07-16,117820,1,12,0,332.0
10109525BARONIB_2025-07-16_G19,10109525BARONIB,2025-07-16,117830,1,10,0,797.0
10109525BARONIB_2025-07-16_G20,10109525BARONIB,2025-07-16,"109643, 111441",2,15,12,659.0
10109525BARONIB_2025-07-16_G22,10109525BARONIB,2025-07-16,111467,1,2,0,100.0
10109525BARONIB_2025-07-16_G23,10109525BARONIB,2025-07-16,111435,1,4,0,80.0
10109525BARONIB_2025-07-16_G24,10109525BARONIB,2025-07-16,118140,1,6,0,67.0
10109525BARONIB_2025-07-16_G25,10109525BARONIB,2025-07-16,111431,1,1,0,50.0
10109525BARONIB_2025-07-16_G26,10109525BARONIB,2025-07-16,111418,1,10,0,66.0
10109525BARONIB_2025-07-16_G27,10109525BARONIB,2025-07-16,116241,1,4,0,75.0
10109525BARONIB_2025-07-16_G28,10109525BARONIB,2025-07-16,117785,1,4,0,53.0
10109525BARONIB_2025-07-16_G29,10109525BARONIB,2025-07-16,118317,1,4,0,42.0
10109525BARONIB_2025-07-16_G30,10109525BARONIB,2025-07-16,111466,1,8,0,69.0
10109525BARONIB_2025-07-16_G31,10109525BARONIB,2025-07-16,117856,1,4,0,65.0
10109525BARONIB_2025-07-16_G32,10109525BARONIB,2025-07-16,107236,1,4,0,54.0
10109525BARONIB_2025-07-16_G33,10109525BARONIB,2025-07-16,111469,1,18,0,484.0
10109525BARONIB_2025-07-16_G34,10109525BARONIB,2025-07-16,110373,1,12,0,103.0
10109525BARONIB_2025-07-16_G35,10109525BARONIB,2025-07-16,110749,1,2,0,102.0
10109525BARONIB_2025-07-16_G36,10109525BARONIB,2025-07-16,140957,1,2,0,50.0
10109525BARONIB_2025-07-16_G37,10109525BARONIB,2025-07-16,"110515, 110313",2,9,29,67.0
10109525BARONIB_2025-07-16_G38,10109525BARONIB,2025-07-16,117856,1,6,0,32.0
10109525BARONIB_2025-07-16_G39,10109525BARONIB,2025-07-16,117935,1,5,0,101.0
10109525BARONIB_2025-07-16_G40,10109525BARONIB,2025-07-16,118140,1,8,0,241.0
10109525BARONIB_2025-07-16_G41,10109525BARONIB,2025-07-16,110325,1,4,0,57.0
10109525BARONIB_2025-07-16_G42,10109525BARONIB,2025-07-16,110374,1,8,0,38.0
10109525BARONIB_2025-07-16_G43,10109525BARONIB,2025-07-16,110372,1,14,0,81.0
10109525BARONIB_2025-07-16_G44,10109525BARONIB,2025-07-16,118299,1,16,0,124.0
10109525BARONIB_2025-07-16_G45,10109525BARONIB,2025-07-16,111466,1,12,0,51.0
10109525BARONIB_2025-07-16_G46,10109525BARONIB,2025-07-16,111465,1,4,0,77.0
10109525BARONIB_2025-07-16_G47,10109525BARONIB,2025-07-16,109641,1,6,0,147.0
10109525BARONIB_2025-07-16_G48,10109525BARONIB,2025-07-16,111172,1,2,0,706.0
10109525BARONIB_2025-07-16_G49,10109525BARONIB,2025-07-16,105705,1,2,0,53.0
10109525BARONIB_2025-07-16_G50,10109525BARONIB,2025-07-16,108794,1,4,0,36.0
10109525BARONIB_2025-07-16_G51,10109525BARONIB,2025-07-16,140922,1,2,0,169.0
10109525BARONIB_2025-07-16_G52,10109525BARONIB,2025-07-16,111743,1,2,0,57.0
10109525BARONIB_2025-07-16_G53,10109525BARONIB,2025-07-16,"117821, 117833, 108798",3,30,33,226.0
10109525BARONIB_2025-07-16_G54,10109525BARONIB,2025-07-16,"109645, 108711",2,14,9,97.0
10109525BARONIB_2025-07-16_G55,10109525BARONIB,2025-07-16,117785,1,76,0,222.0
10109525BARONIB_2025-07-16_G56,10109525BARONIB,2025-07-16,"117831, 141823",2,14,12,173.0
10109525BARONIB_2025-07-16_G57,10109525BARONIB,2025-07-16,"111466, 111469",2,36,18,154.0
10109525BARONIB_2025-07-16_G58,10109525BARONIB,2025-07-16,111463,1,10,0,67.0
10109525BARONIB_2025-07-16_G59,10109525BARONIB,2025-07-16,"110740, 111850, 117834, 111569",4,13,57,226.0
10109525BARONIB_2025-07-16_G60,10109525BARONIB,2025-07-16,118140,1,13,0,584.0
10109525BARONIB_2025-07-16_G61,10109525BARONIB,2025-07-16,111532,1,32,0,138.0
10109525BARONIB_2025-07-16_G62,10109525BARONIB,2025-07-16,118222,1,16,0,40.0
10109525BARONIB_2025-07-16_G63,10109525BARONIB,2025-07-16,111463,1,19,0,2047.0
10109525BARONIB_2025-07-16_G64,10109525BARONIB,2025-07-16,117841,1,2,0,103.0
10109525BARONIB_2025-07-16_G65,10109525BARONIB,2025-07-16,111876,1,2,0,1023.0
10109525BARONIB_2025-07-16_G66,10109525BARONIB,2025-07-16,"110339, 117853",2,3,29,100.0
10109525BARONIB_2025-07-16_G67,10109525BARONIB,2025-07-16,110515,1,1,0,45.0
10109525BARONIB_2025-07-16_G68,10109525BARONIB,2025-07-16,117856,1,1,0,61.0
10109525BARONIB_2025-07-16_G69,10109525BARONIB,2025-07-16,110752,1,4,0,53.0
10109525BARONIB_2025-07-16_G70,10109525BARONIB,2025-07-16,140922,1,2,0,78.0
10109525BARONIB_2025-07-16_G71,10109525BARONIB,2025-07-16,110740,1,3,0,54.0
10109525BARONIB_2025-07-17_G02,10109525BARONIB,2025-07-17,"117808, 110371",2,900,21,282.0
10109525BARONIB_2025-07-17_G03,10109525BARONIB,2025-07-17,110372,1,180,0,1688.0
10109525BARONIB_2025-07-17_G04,10109525BARONIB,2025-07-17,110373,1,150,0,548.0
10109525BARONIB_2025-07-17_G05,10109525BARONIB,2025-07-17,118299,1,300,0,415.0
10109525BARONIB_2025-07-17_G06,10109525BARONIB,2025-07-17,124486,1,11,0,1222.0
10109525BARONIB_2025-07-17_G07,10109525BARONIB,2025-07-17,122962,1,40,0,373.0
10109525BARONIB_2025-07-17_G08,10109525BARONIB,2025-07-17,122647,1,40,0,564.0
10109525BARONIB_2025-07-17_G09,10109525BARONIB,2025-07-17,120339,1,2,0,89.0
10109525BARONIB_2025-07-17_G10,10109525BARONIB,2025-07-17,123345,1,20,0,275.0
10109525BARONIB_2025-07-17_G11,10109525BARONIB,2025-07-17,120028,1,6,0,79.0
10109525BARONIB_2025-07-17_G12,10109525BARONIB,2025-07-17,120028,1,9,0,130.0
10109525BARONIB_2025-07-17_G13,10109525BARONIB,2025-07-17,124486,1,12,0,245.0
10109525BARONIB_2025-07-17_G14,10109525BARONIB,2025-07-17,120028,1,40,0,292.0
10109525BARONIB_2025-07-17_G15,10109525BARONIB,2025-07-17,"122982, 122988",2,4,29,121.0
10109525BARONIB_2025-07-17_G16,10109525BARONIB,2025-07-17,124248,1,8,0,142.0
10109525BARONIB_2025-07-17_G17,10109525BARONIB,2025-07-17,122647,1,10,0,168.0
10109525BARONIB_2025-07-17_G18,10109525BARONIB,2025-07-17,124486,1,40,0,401.0
10109525BARONIB_2025-07-17_G19,10109525BARONIB,2025-07-17,123344,1,2,0,74.0
10109525BARONIB_2025-07-17_G20,10109525BARONIB,2025-07-17,121651,1,4,0,42.0
10109525BARONIB_2025-07-17_G21,10109525BARONIB,2025-07-17,124477,1,1,0,275.0
10109525BARONIB_2025-07-17_G22,10109525BARONIB,2025-07-17,"123343, 123345",2,6,15,488.0
10109525BARONIB_2025-07-17_G24,10109525BARONIB,2025-07-17,111530,1,3,0,77.0
10109525BARONIB_2025-07-17_G25,10109525BARONIB,2025-07-17,108794,1,6,0,73.0
10109525BARONIB_2025-07-17_G26,10109525BARONIB,2025-07-17,111418,1,10,0,173.0
10109525BARONIB_2025-07-17_G27,10109525BARONIB,2025-07-17,117785,1,12,0,126.0
10109525BARONIB_2025-07-17_G28,10109525BARONIB,2025-07-17,117820,1,8,0,2662.0
10109525BARONIB_2025-07-17_G29,10109525BARONIB,2025-07-17,"117830, 117808",2,12,23,162.0
10109525BARONIB_2025-07-17_G30,10109525BARONIB,2025-07-17,110374,1,7,0,135.0
10109525BARONIB_2025-07-17_G31,10109525BARONIB,2025-07-17,110372,1,6,0,42.0
10109525BARONIB_2025-07-17_G32,10109525BARONIB,2025-07-17,110373,1,4,0,31.0
10109525BARONIB_2025-07-17_G33,10109525BARONIB,2025-07-17,111530,1,5,0,215.0
10109525BARONIB_2025-07-17_G34,10109525BARONIB,2025-07-17,108794,1,6,0,299.0
10109525BARONIB_2025-07-17_G35,10109525BARONIB,2025-07-17,141823,1,6,0,90.0
10109525BARONIB_2025-07-17_G36,10109525BARONIB,2025-07-17,117820,1,7,0,75.0
10109525BARONIB_2025-07-17_G37,10109525BARONIB,2025-07-17,117830,1,6,0,180.0
10109525BARONIB_2025-07-17_G38,10109525BARONIB,2025-07-17,110374,1,2,0,49.0
10109525BARONIB_2025-07-17_G39,10109525BARONIB,2025-07-17,110373,1,4,0,39.0
10109525BARONIB_2025-07-17_G40,10109525BARONIB,2025-07-17,110339,1,12,0,217.0
10109525BARONIB_2025-07-17_G41,10109525BARONIB,2025-07-17,111530,1,10,0,146.0
10109525BARONIB_2025-07-17_G42,10109525BARONIB,2025-07-17,111530,1,8,0,84.0
10109525BARONIB_2025-07-17_G43,10109525BARONIB,2025-07-17,110787,1,2,0,537.0
10109525BARONIB_2025-07-17_G44,10109525BARONIB,2025-07-17,111418,1,10,0,317.0
10109525BARONIB_2025-07-17_G45,10109525BARONIB,2025-07-17,117785,1,20,0,139.0
10109525BARONIB_2025-07-17_G46,10109525BARONIB,2025-07-17,"111469, 117820",2,9,14,100.0
10109525BARONIB_2025-07-17_G47,10109525BARONIB,2025-07-17,117830,1,4,0,59.0
10109525BARONIB_2025-07-17_G48,10109525BARONIB,2025-07-17,117808,1,6,0,61.0
10109525BARONIB_2025-07-17_G49,10109525BARONIB,2025-07-17,110373,1,6,0,32.0
10109525BARONIB_2025-07-17_G50,10109525BARONIB,2025-07-17,118299,1,10,0,100.0
10109525BARONIB_2025-07-18_G02,10109525BARONIB,2025-07-18,"111418, 111330",2,204,25,108.0
10109525BARONIB_2025-07-18_G03,10109525BARONIB,2025-07-18,"116241, 111466, 111465",4,54,50,783.0
10109525BARONIB_2025-07-18_G04,10109525BARONIB,2025-07-18,110755,1,5,0,1074.0
10109525BARONIB_2025-07-18_G05,10109525BARONIB,2025-07-18,111463,1,50,0,150.0
10109525BARONIB_2025-07-18_G06,10109525BARONIB,2025-07-18,108711,1,20,0,309.0
10109525BARONIB_2025-07-18_G07,10109525BARONIB,2025-07-18,117831,1,40,0,502.0
10109525BARONIB_2025-07-18_G08,10109525BARONIB,2025-07-18,"117808, 110372, 110373, 118299",4,760,63,1046.0
10109525BARONIB_2025-07-18_G09,10109525BARONIB,2025-07-18,141047,1,20,0,635.0
10109525BARONIB_2025-07-18_G10,10109525BARONIB,2025-07-18,111602,1,60,0,1305.0
10109525BARONIB_2025-07-18_G11,10109525BARONIB,2025-07-18,110515,1,70,0,212.0
10109525BARONIB_2025-07-18_G12,10109525BARONIB,2025-07-18,111530,1,40,0,370.0
10109525BARONIB_2025-07-18_G13,10109525BARONIB,2025-07-18,118222,1,30,0,416.0
10109525BARONIB_2025-07-18_G14,10109525BARONIB,2025-07-18,140911,1,4,0,2004.0
10109525BARONIB_2025-07-18_G16,10109525BARONIB,2025-07-18,117833,1,4,0,149.0
10109525BARONIB_2025-07-18_G17,10109525BARONIB,2025-07-18,118222,1,5,0,273.0
10109525BARONIB_2025-07-18_G18,10109525BARONIB,2025-07-18,111876,1,2,0,229.0
10109525BARONIB_2025-07-18_G19,10109525BARONIB,2025-07-18,117832,1,4,0,97.0
10109525BARONIB_2025-07-18_G20,10109525BARONIB,2025-07-18,111569,1,4,0,54.0
10109525BARONIB_2025-07-18_G21,10109525BARONIB,2025-07-18,117856,1,2,0,110.0
10109525BARONIB_2025-07-18_G22,10109525BARONIB,2025-07-18,111530,1,8,0,1059.0
10109525BARONIB_2025-07-18_G23,10109525BARONIB,2025-07-18,111602,1,4,0,107.0
10109525BARONIB_2025-07-18_G24,10109525BARONIB,2025-07-18,"140922, 118140, 108711",3,12,37,228.0
10109525BARONIB_2025-07-18_G25,10109525BARONIB,2025-07-18,111466,1,4,0,86.0
10109525BARONIB_2025-07-18_G27,10109525BARONIB,2025-07-18,108795,1,8,0,70.0
10109525BARONIB_2025-07-18_G28,10109525BARONIB,2025-07-18,111850,1,8,0,134.0
10109525BARONIB_2025-07-18_G29,10109525BARONIB,2025-07-18,110374,1,10,0,176.0
10109525BARONIB_2025-07-18_G30,10109525BARONIB,2025-07-18,111430,1,8,0,154.0
10109525BARONIB_2025-07-18_G31,10109525BARONIB,2025-07-18,110741,1,4,0,46.0
10109525BARONIB_2025-07-18_G32,10109525BARONIB,2025-07-18,111348,1,2,0,103.0
10109525BARONIB_2025-07-18_G33,10109525BARONIB,2025-07-18,"108798, 111602",2,9,20,62.0
10109525BARONIB_2025-07-18_G34,10109525BARONIB,2025-07-18,117842,1,4,0,235.0
10109525BARONIB_2025-07-18_G35,10109525BARONIB,2025-07-18,160054,1,2,0,84.0
10109525BARONIB_2025-07-18_G36,10109525BARONIB,2025-07-18,117855,1,8,0,266.0
10109525BARONIB_2025-07-18_G37,10109525BARONIB,2025-07-18,108794,1,4,0,97.0
10109525BARONIB_2025-07-18_G38,10109525BARONIB,2025-07-18,110515,1,3,0,114.0
10109525BARONIB_2025-07-18_G39,10109525BARONIB,2025-07-18,111530,1,8,0,62.0
10109525BARONIB_2025-07-18_G40,10109525BARONIB,2025-07-18,111530,1,4,0,37.0
10109525BARONIB_2025-07-18_G41,10109525BARONIB,2025-07-18,110740,1,2,0,307.0
10109525BARONIB_2025-07-18_G42,10109525BARONIB,2025-07-18,111465,1,3,0,65.0
10109525BARONIB_2025-07-18_G43,10109525BARONIB,2025-07-18,117820,1,8,0,113.0
10109525BARONIB_2025-07-18_G44,10109525BARONIB,2025-07-18,110733,1,7,0,480.0
10109525BARONIB_2025-07-18_G45,10109525BARONIB,2025-07-18,"117935, 141047",2,6,8,111.0
10109525BARONIB_2025-07-18_G46,10109525BARONIB,2025-07-18,111172,1,10,0,145.0
10109525BARONIB_2025-07-18_G47,10109525BARONIB,2025-07-18,111469,1,10,0,156.0
10109525BARONIB_2025-07-19_G02,10109525BARONIB,2025-07-19,111441,1,5,0,122.0
10109525BARONIB_2025-07-19_G03,10109525BARONIB,2025-07-19,111438,2,12,12,74.0
10109525BARONIB_2025-07-19_G04,10109525BARONIB,2025-07-19,118094,1,1,0,155.0
10109525BARONIB_2025-07-19_G05,10109525BARONIB,2025-07-19,117786,1,1,0,49.0
10109525BARONIB_2025-07-19_G06,10109525BARONIB,2025-07-19,117862,1,3,0,52.0
10109525BARONIB_2025-07-19_G07,10109525BARONIB,2025-07-19,111650,1,2,0,76.0
10109525BARONIB_2025-07-19_G08,10109525BARONIB,2025-07-19,111467,1,6,0,58.0
10109525BARONIB_2025-07-19_G09,10109525BARONIB,2025-07-19,110515,1,2,0,40.0
10109525BARONIB_2025-07-19_G10,10109525BARONIB,2025-07-19,111172,1,1,0,342.0
10109525BARONIB_2025-07-19_G11,10109525BARONIB,2025-07-19,"108794, 111462, 117821, 108711",4,10,42,128.0
10109525BARONIB_2025-07-19_G12,10109525BARONIB,2025-07-19,117831,1,2,0,215.0
10109525BARONIB_2025-07-19_G13,10109525BARONIB,2025-07-19,141823,1,1,0,51.0
10109525BARONIB_2025-07-19_G14,10109525BARONIB,2025-07-19,"111418, 111469",2,30,22,111.0
10109525BARONIB_2025-07-19_G15,10109525BARONIB,2025-07-19,"117830, 110374, 110373",3,12,27,90.0
10109525BARONIB_2025-07-19_G16,10109525BARONIB,2025-07-19,"110372, 117820",2,3,9,353.0
10109525BARONIB_2025-07-19_G17,10109525BARONIB,2025-07-19,111466,1,22,0,562.0
10109525BARONIB_2025-07-19_G18,10109525BARONIB,2025-07-19,111569,1,5,0,371.0
10109525BARONIB_2025-07-19_G19,10109525BARONIB,2025-07-19,"110339, 111602, 110515, 111418",4,22,58,94.0
10109525BARONIB_2025-07-19_G20,10109525BARONIB,2025-07-19,110374,1,5,0,31.0
10109525BARONIB_2025-07-19_G21,10109525BARONIB,2025-07-19,110372,1,10,0,270.0
10109525BARONIB_2025-07-19_G22,10109525BARONIB,2025-07-19,118140,1,4,0,378.0
10109525BARONIB_2025-07-19_G23,10109525BARONIB,2025-07-19,117830,1,3,0,32.0
10109525BARONIB_2025-07-19_G24,10109525BARONIB,2025-07-19,118299,1,5,0,104.0
10109525BARONIB_2025-07-19_G25,10109525BARONIB,2025-07-19,124486,1,6,0,2667.0
10109525BARONIB_2025-07-19_G26,10109525BARONIB,2025-07-19,121651,1,9,0,128.0
10109525BARONIB_2025-07-19_G27,10109525BARONIB,2025-07-19,122703,1,6,0,251.0
10109525BARONIB_2025-07-19_G28,10109525BARONIB,2025-07-19,122982,1,14,0,265.0
10109525BARONIB_2025-07-19_G29,10109525BARONIB,2025-07-19,122988,1,5,0,90.0
10109525BARONIB_2025-07-19_G30,10109525BARONIB,2025-07-19,123313,1,7,0,471.0
10109525BARONIB_2025-07-19_G31,10109525BARONIB,2025-07-19,122962,1,48,0,104.0
10109525BARONIB_2025-07-19_G32,10109525BARONIB,2025-07-19,122962,1,50,0,179.0
10109525BARONIB_2025-07-20_G02,10109525BARONIB,2025-07-20,107629,1,10,0,84.0
10109525BARONIB_2025-07-20_G03,10109525BARONIB,2025-07-20,110339,1,10,0,112.0
10109525BARONIB_2025-07-20_G04,10109525BARONIB,2025-07-20,111879,1,2,0,141.0
10109525BARONIB_2025-07-20_G05,10109525BARONIB,2025-07-20,111602,1,10,0,273.0
10109525BARONIB_2025-07-20_G06,10109525BARONIB,2025-07-20,110515,1,10,0,69.0
10109525BARONIB_2025-07-20_G07,10109525BARONIB,2025-07-20,110515,1,10,0,933.0
10109525BARONIB_2025-07-20_G08,10109525BARONIB,2025-07-20,108772,1,6,0,66.0
10109525BARONIB_2025-07-20_G09,10109525BARONIB,2025-07-20,111530,1,10,0,134.0
10109525BARONIB_2025-07-20_G10,10109525BARONIB,2025-07-20,117856,1,10,0,359.0
10109525BARONIB_2025-07-20_G11,10109525BARONIB,2025-07-20,"117837, 117853, 117855, 111530, 110752",8,98,115,291.0
10109525BARONIB_2025-07-20_G12,10109525BARONIB,2025-07-20,117830,1,10,0,1659.0
10109525BARONIB_2025-07-20_G13,10109525BARONIB,2025-07-20,"117808, 118299, 110372",3,550,53,40.0
10109525BARONIB_2025-07-20_G14,10109525BARONIB,2025-07-20,"117832, 117809",3,70,34,1350.0
10109525BARONIB_2025-07-20_G15,10109525BARONIB,2025-07-20,"107830, 110376",2,30,18,36.0
10109525BARONIB_2025-07-20_G16,10109525BARONIB,2025-07-20,"117820, 141202",2,40,19,989.0
10109525BARONIB_2025-07-20_G17,10109525BARONIB,2025-07-20,110372,1,50,0,595.0
10109525BARONIB_2025-07-20_G18,10109525BARONIB,2025-07-20,110373,1,50,0,269.0
10109525BARONIB_2025-07-20_G19,10109525BARONIB,2025-07-20,"117935, 117786, 118298",4,17,68,558.0
10109525BARONIB_2025-07-21_G02,10109525BARONIB,2025-07-21,117862,1,2,0,100.0
10109525BARONIB_2025-07-21_G03,10109525BARONIB,2025-07-21,141047,3,12,12,62.0
10109525BARONIB_2025-07-21_G04,10109525BARONIB,2025-07-21,111439,2,7,10,126.0
10109525BARONIB_2025-07-21_G05,10109525BARONIB,2025-07-21,110711,1,5,0,118.0
10109525BARONIB_2025-07-21_G06,10109525BARONIB,2025-07-21,111602,1,19,0,130.0
10109525BARONIB_2025-07-21_G07,10109525BARONIB,2025-07-21,"111602, 110515, 108772, 117856",6,48,75,219.0
10109525BARONIB_2025-07-21_G08,10109525BARONIB,2025-07-21,"117855, 118222, 110742",4,38,66,691.0
10109525BARONIB_2025-07-21_G09,10109525BARONIB,2025-07-21,110747,1,6,0,695.0
10109525BARONIB_2025-07-21_G10,10109525BARONIB,2025-07-21,117834,1,4,0,214.0
10109525BARONIB_2025-07-21_G11,10109525BARONIB,2025-07-21,"118306, 111569",2,4,7,64.0
10109525BARONIB_2025-07-21_G12,10109525BARONIB,2025-07-21,160057,1,2,0,184.0
10109525BARONIB_2025-07-21_G13,10109525BARONIB,2025-07-21,117789,1,4,0,206.0
10109525BARONIB_2025-07-21_G14,10109525BARONIB,2025-07-21,124475,1,20,0,1817.0
10109525BARONIB_2025-07-21_G15,10109525BARONIB,2025-07-21,122984,1,30,0,353.0
10109525BARONIB_2025-07-21_G16,10109525BARONIB,2025-07-21,122962,1,50,0,721.0
10109525BARONIB_2025-07-21_G17,10109525BARONIB,2025-07-21,122185,1,30,0,404.0
10109525BARONIB_2025-07-21_G18,10109525BARONIB,2025-07-21,122982,1,20,0,196.0
10109525BARONIB_2025-07-21_G19,10109525BARONIB,2025-07-21,122981,1,10,0,300.0
10109525BARONIB_2025-07-21_G20,10109525BARONIB,2025-07-21,124476,1,27,0,301.0
10109525BARONIB_2025-07-21_G21,10109525BARONIB,2025-07-21,123344,1,35,0,82.0
10109525BARONIB_2025-07-21_G22,10109525BARONIB,2025-07-21,123345,1,30,0,155.0
10109525BARONIB_2025-07-21_G23,10109525BARONIB,2025-07-21,123344,2,21,8,332.0
10109525BARONIB_2025-07-21_G24,10109525BARONIB,2025-07-21,123344,1,10,0,61.0
10109525BARONIB_2025-07-21_G25,10109525BARONIB,2025-07-21,"121760, 124370, 121651",4,56,51,67.0
10109525BARONIB_2025-07-21_G26,10109525BARONIB,2025-07-21,121760,1,10,0,831.0
10109525BARONIB_2025-07-21_G27,10109525BARONIB,2025-07-21,124475,1,5,0,31.0
10109525BARONIB_2025-07-21_G28,10109525BARONIB,2025-07-21,"122983, 120339",2,20,11,39.0
10109525BARONIB_2025-07-21_G29,10109525BARONIB,2025-07-21,122962,1,8,0,79.0
10109525BARONIB_2025-07-21_G30,10109525BARONIB,2025-07-21,124248,1,7,0,254.0
10109525BARONIB_2025-07-21_G31,10109525BARONIB,2025-07-21,124476,1,8,0,173.0
10109525BARONIB_2025-07-21_G32,10109525BARONIB,2025-07-21,123345,2,64,16,142.0
10109525BARONIB_2025-07-21_G33,10109525BARONIB,2025-07-21,123343,1,4,0,1210.0
10109525BARONIB_2025-07-21_G35,10109525BARONIB,2025-07-21,118140,1,215,0,724.0
10109525BARONIB_2025-07-21_G36,10109525BARONIB,2025-07-21,111442,1,300,0,1545.0
10109525BARONIB_2025-07-21_G37,10109525BARONIB,2025-07-21,109641,1,75,0,265.0
10109525BARONIB_2025-07-21_G38,10109525BARONIB,2025-07-21,107263,1,50,0,931.0
10109525BARONIB_2025-07-21_G39,10109525BARONIB,2025-07-21,118285,1,8,0,2133.0
10109525BARONIB_2025-07-21_G40,10109525BARONIB,2025-07-21,111348,1,12,0,82.0
10109525BARONIB_2025-07-21_G41,10109525BARONIB,2025-07-21,"111182, 108711",2,42,22,33.0
10109525BARONIB_2025-07-21_G42,10109525BARONIB,2025-07-21,"117833, 108798",2,24,22,181.0
10109525BARONIB_2025-07-21_G43,10109525BARONIB,2025-07-21,109641,1,12,0,96.0
10109525BARONIB_2025-07-21_G44,10109525BARONIB,2025-07-21,"109645, 118326, 110787",3,41,39,157.0
10109525BARONIB_2025-07-21_G45,10109525BARONIB,2025-07-21,117785,1,2,0,105.0
10109525BARONIB_2025-07-21_G46,10109525BARONIB,2025-07-21,"111469, 110740",3,48,24,528.0
10109525BARONIB_2025-07-21_G47,10109525BARONIB,2025-07-21,140922,1,30,0,406.0
10109525BARONIB_2025-07-21_G48,10109525BARONIB,2025-07-21,107830,1,40,0,292.0
10109525BARONIB_2025-07-21_G49,10109525BARONIB,2025-07-21,118094,1,60,0,193.0
10109525BARONIB_2025-07-21_G50,10109525BARONIB,2025-07-21,"110339, 117862, 109647, 110711",4,86,58,96.0
10109525BARONIB_2025-07-21_G51,10109525BARONIB,2025-07-21,110747,1,6,0,1591.0
10109525BARONIB_2025-07-22_G02,10109525BARONIB,2025-07-22,111660,1,12,0,140.0
10109525BARONIB_2025-07-22_G03,10109525BARONIB,2025-07-22,118222,1,12,0,39.0
10109525BARONIB_2025-07-22_G04,10109525BARONIB,2025-07-22,118222,1,2,0,79.0
10109525BARONIB_2025-07-22_G05,10109525BARONIB,2025-07-22,"117855, 110711",3,12,37,1507.0
10109525BARONIB_2025-07-22_G06,10109525BARONIB,2025-07-22,117855,1,4,0,98.0
10109525BARONIB_2025-07-22_G07,10109525BARONIB,2025-07-22,111530,1,4,0,56.0
10109525BARONIB_2025-07-22_G08,10109525BARONIB,2025-07-22,118222,1,5,0,717.0
10109525BARONIB_2025-07-22_G09,10109525BARONIB,2025-07-22,111569,1,32,0,325.0
10109525BARONIB_2025-07-22_G10,10109525BARONIB,2025-07-22,111441,1,20,0,275.0
10109525BARONIB_2025-07-22_G11,10109525BARONIB,2025-07-22,"110741, 111602",2,8,23,196.0
10109525BARONIB_2025-07-22_G12,10109525BARONIB,2025-07-22,"111443, 117821, 111532, 111418",4,26,44,31.0
10109525BARONIB_2025-07-22_G13,10109525BARONIB,2025-07-22,116241,1,13,0,253.0
10109525BARONIB_2025-07-22_G14,10109525BARONIB,2025-07-22,"117785, 108794, 117831",3,21,31,41.0
10109525BARONIB_2025-07-22_G15,10109525BARONIB,2025-07-22,"111442, 141823, 111444, 111469, 110740",5,48,69,529.0
10109525BARONIB_2025-07-22_G16,10109525BARONIB,2025-07-22,111466,1,14,0,479.0
10109525BARONIB_2025-07-22_G17,10109525BARONIB,2025-07-22,"110339, 111467, 117855, 111530, 117808, 110372",7,18,100,46.0
10109525BARONIB_2025-07-22_G18,10109525BARONIB,2025-07-22,110325,1,4,0,918.0
10109525BARONIB_2025-07-22_G19,10109525BARONIB,2025-07-22,109643,1,8,0,111.0
10109525BARONIB_2025-07-22_G20,10109525BARONIB,2025-07-22,110373,1,10,0,196.0
10109525BARONIB_2025-07-22_G21,10109525BARONIB,2025-07-22,110374,1,15,0,474.0
10109525BARONIB_2025-07-22_G22,10109525BARONIB,2025-07-22,110372,1,10,0,132.0
10109525BARONIB_2025-07-22_G23,10109525BARONIB,2025-07-22,"117808, 111532",2,30,21,1254.0
10109525BARONIB_2025-07-22_G24,10109525BARONIB,2025-07-22,"117855, 110711",3,18,19,116.0
10109525BARONIB_2025-07-22_G25,10109525BARONIB,2025-07-22,111530,1,7,0,262.0
10109525BARONIB_2025-07-22_G27,10109525BARONIB,2025-07-22,110582,1,6,0,1451.0
10109525BARONIB_2025-07-22_G28,10109525BARONIB,2025-07-22,"110755, 110747",2,6,27,52.0
10109525BARONIB_2025-07-22_G29,10109525BARONIB,2025-07-22,110311,1,2,0,192.0
10109525BARONIB_2025-07-22_G30,10109525BARONIB,2025-07-22,108759,1,3,0,59.0
10109525BARONIB_2025-07-22_G31,10109525BARONIB,2025-07-22,114102,1,4,0,95.0
10109525BARONIB_2025-07-22_G32,10109525BARONIB,2025-07-22,117786,1,22,0,147.0
10109525BARONIB_2025-07-22_G33,10109525BARONIB,2025-07-22,117833,1,14,0,173.0
10109525BARONIB_2025-07-22_G34,10109525BARONIB,2025-07-22,116241,1,2,0,88.0
10109525BARONIB_2025-07-22_G35,10109525BARONIB,2025-07-22,117785,1,38,0,185.0
10109525BARONIB_2025-07-22_G36,10109525BARONIB,2025-07-22,117830,1,20,0,162.0
10109525BARONIB_2025-07-22_G37,10109525BARONIB,2025-07-22,117809,1,72,0,210.0
10109525BARONIB_2025-07-22_G38,10109525BARONIB,2025-07-22,118299,1,420,0,768.0
10109525BARONIB_2025-07-22_G39,10109525BARONIB,2025-07-22,117808,1,1139,0,1119.0
10109525BARONIB_2025-07-22_G40,10109525BARONIB,2025-07-22,118317,1,5,0,981.0
10109525BARONIB_2025-07-23_G02,10109525BARONIB,2025-07-23,"111182, 117838, 110745, 117831, 117821, 117785",6,108,109,785.0
10109525BARONIB_2025-07-23_G03,10109525BARONIB,2025-07-23,"107830, 110371, 118299, 110373, 110372, 117808",6,460,85,690.0
10109525BARONIB_2025-07-23_G04,10109525BARONIB,2025-07-23,"111469, 110740, 111466, 111465",4,156,42,1782.0
10109525BARONIB_2025-07-23_G05,10109525BARONIB,2025-07-23,123344,1,20,0,1641.0
10109525BARONIB_2025-07-23_G06,10109525BARONIB,2025-07-23,121651,1,12,0,395.0
10109525BARONIB_2025-07-23_G07,10109525BARONIB,2025-07-23,124486,1,8,0,177.0
10109525BARONIB_2025-07-23_G08,10109525BARONIB,2025-07-23,124486,1,6,0,55.0
10109525BARONIB_2025-07-23_G09,10109525BARONIB,2025-07-23,121651,1,11,0,299.0
10109525BARONIB_2025-07-23_G10,10109525BARONIB,2025-07-23,122982,1,35,0,309.0
10109525BARONIB_2025-07-23_G11,10109525BARONIB,2025-07-23,122647,1,2,0,127.0
10109525BARONIB_2025-07-23_G12,10109525BARONIB,2025-07-23,123822,1,20,0,229.0
10109525BARONIB_2025-07-23_G13,10109525BARONIB,2025-07-23,121760,2,6,15,42.0
10109525BARONIB_2025-07-23_G14,10109525BARONIB,2025-07-23,122703,1,7,0,228.0
10109525BARONIB_2025-07-23_G15,10109525BARONIB,2025-07-23,124486,1,6,0,34.0
10109525BARONIB_2025-07-23_G16,10109525BARONIB,2025-07-23,121651,1,8,0,122.0
10109525BARONIB_2025-07-23_G17,10109525BARONIB,2025-07-23,122982,1,7,0,77.0
10109525BARONIB_2025-07-23_G18,10109525BARONIB,2025-07-23,"122962, 121760",2,17,18,123.0
10109525BARONIB_2025-07-23_G19,10109525BARONIB,2025-07-23,122984,1,10,0,145.0
10109525BARONIB_2025-07-23_G20,10109525BARONIB,2025-07-23,121651,1,4,0,46.0
10109525BARONIB_2025-07-23_G21,10109525BARONIB,2025-07-23,122962,1,20,0,240.0
10109525BARONIB_2025-07-23_G22,10109525BARONIB,2025-07-23,121760,1,17,0,156.0
10109525BARONIB_2025-07-23_G23,10109525BARONIB,2025-07-23,122703,1,12,0,103.0
10109525BARONIB_2025-07-23_G24,10109525BARONIB,2025-07-23,121923,1,2,0,92.0
10109525BARONIB_2025-07-23_G25,10109525BARONIB,2025-07-23,121651,1,20,0,80.0
10109525BARONIB_2025-07-23_G26,10109525BARONIB,2025-07-23,120272,1,2,0,51.0
10109525BARONIB_2025-07-23_G27,10109525BARONIB,2025-07-23,124433,1,8,0,219.0
10109525BARONIB_2025-07-23_G28,10109525BARONIB,2025-07-23,122982,1,11,0,91.0
10109525BARONIB_2025-07-23_G29,10109525BARONIB,2025-07-23,123822,1,2,0,149.0
10109525BARONIB_2025-07-23_G31,10109525BARONIB,2025-07-23,124247,1,30,0,295.0
10109525BARONIB_2025-07-23_G32,10109525BARONIB,2025-07-23,123153,1,24,0,517.0
10109525BARONIB_2025-07-23_G33,10109525BARONIB,2025-07-23,123345,1,20,0,349.0
10109525BARONIB_2025-07-23_G34,10109525BARONIB,2025-07-23,122988,1,6,0,109.0
10109525BARONIB_2025-07-23_G35,10109525BARONIB,2025-07-23,123343,1,10,0,681.0
10109525BARONIB_2025-07-23_G36,10109525BARONIB,2025-07-23,180024,1,16,0,1669.0
10109525BARONIB_2025-07-23_G37,10109525BARONIB,2025-07-23,121760,1,10,0,378.0
10109525BARONIB_2025-07-23_G38,10109525BARONIB,2025-07-23,122703,1,40,0,425.0
10109525BARONIB_2025-07-23_G39,10109525BARONIB,2025-07-23,121651,1,30,0,637.0
10109525BARONIB_2025-07-23_G40,10109525BARONIB,2025-07-23,107830,1,246,0,1156.0
10109525BARONIB_2025-07-23_G41,10109525BARONIB,2025-07-23,111438,1,35,0,2023.0
10109525BARONIB_2025-07-23_G42,10109525BARONIB,2025-07-23,111602,1,128,0,345.0
10109525BARONIB_2025-07-23_G43,10109525BARONIB,2025-07-23,117809,1,292,0,944.0
10109525BARONIB_2025-07-24_G02,10109525BARONIB,2025-07-24,117821,1,190,0,121.0
10109525BARONIB_2025-07-24_G03,10109525BARONIB,2025-07-24,"111569, 110755, 110747, 111438",4,16,33,451.0
10109525BARONIB_2025-07-24_G04,10109525BARONIB,2025-07-24,111441,2,8,10,301.0
10109525BARONIB_2025-07-24_G05,10109525BARONIB,2025-07-24,118250,1,4,0,32.0
10109525BARONIB_2025-07-24_G06,10109525BARONIB,2025-07-24,117835,1,6,0,276.0
10109525BARONIB_2025-07-24_G07,10109525BARONIB,2025-07-24,117855,1,6,0,167.0
10109525BARONIB_2025-07-24_G08,10109525BARONIB,2025-07-24,117786,1,2,0,58.0
10109525BARONIB_2025-07-24_G09,10109525BARONIB,2025-07-24,111650,1,12,0,112.0
10109525BARONIB_2025-07-24_G10,10109525BARONIB,2025-07-24,111418,1,2,0,83.0
10109525BARONIB_2025-07-24_G11,10109525BARONIB,2025-07-24,160055,1,4,0,39.0
10109525BARONIB_2025-07-24_G12,10109525BARONIB,2025-07-24,117821,1,5,0,61.0
10109525BARONIB_2025-07-24_G13,10109525BARONIB,2025-07-24,"111433, 110740",2,16,26,172.0
10109525BARONIB_2025-07-24_G14,10109525BARONIB,2025-07-24,111465,1,4,0,154.0
10109525BARONIB_2025-07-24_G15,10109525BARONIB,2025-07-24,160054,1,4,0,166.0
10109525BARONIB_2025-07-24_G16,10109525BARONIB,2025-07-24,"118222, 110742, 111569, 110755, 110747, 111438",7,42,81,134.0
10109525BARONIB_2025-07-24_G17,10109525BARONIB,2025-07-24,107629,1,5,0,371.0
10109525BARONIB_2025-07-24_G18,10109525BARONIB,2025-07-24,"141047, 111440",2,6,26,378.0
10109525BARONIB_2025-07-24_G19,10109525BARONIB,2025-07-24,111441,1,10,0,83.0
10109525BARONIB_2025-07-24_G20,10109525BARONIB,2025-07-24,111441,1,2,0,122.0
10109525BARONIB_2025-07-24_G21,10109525BARONIB,2025-07-24,"160057, 107892, 111650, 117855, 111602, 110515, 108772",7,73,105,290.0
10109525BARONIB_2025-07-24_G22,10109525BARONIB,2025-07-24,"160054, 117820, 160053, 160051",4,61,48,183.0
10109525BARONIB_2025-07-24_G23,10109525BARONIB,2025-07-24,"111530, 118094, 117862",5,205,69,1825.0
10109525BARONIB_2025-07-24_G24,10109525BARONIB,2025-07-24,111650,1,12,0,3250.0
10109525BARONIB_2025-07-24_G26,10109525BARONIB,2025-07-24,122988,1,16,0,221.0
10109525BARONIB_2025-07-24_G27,10109525BARONIB,2025-07-24,122986,1,16,0,241.0
10109525BARONIB_2025-07-24_G28,10109525BARONIB,2025-07-24,122984,1,24,0,216.0
10109525BARONIB_2025-07-24_G29,10109525BARONIB,2025-07-24,122981,1,24,0,244.0
10109525BARONIB_2025-07-24_G30,10109525BARONIB,2025-07-24,122983,1,12,0,157.0
10109525BARONIB_2025-07-24_G31,10109525BARONIB,2025-07-24,122982,1,150,0,1849.0
10109525BARONIB_2025-07-24_G32,10109525BARONIB,2025-07-24,122983,1,32,0,1286.0
10109525BARONIB_2025-07-24_G33,10109525BARONIB,2025-07-24,124624,1,6,0,1256.0
10109525BARONIB_2025-07-24_G34,10109525BARONIB,2025-07-24,123343,1,7,0,202.0
10109525BARONIB_2025-07-24_G35,10109525BARONIB,2025-07-24,122647,1,40,0,655.0
10109525BARONIB_2025-07-24_G36,10109525BARONIB,2025-07-24,122671,1,32,0,365.0
10109525BARONIB_2025-07-24_G37,10109525BARONIB,2025-07-24,123822,1,8,0,133.0
10109525BARONIB_2025-07-24_G38,10109525BARONIB,2025-07-24,124370,1,36,0,1947.0
10109525BARONIB_2025-07-24_G39,10109525BARONIB,2025-07-24,122984,1,9,0,214.0
10109525BARONIB_2025-07-24_G40,10109525BARONIB,2025-07-24,122185,1,25,0,442.0
10109525BARONIB_2025-07-24_G41,10109525BARONIB,2025-07-24,124371,1,20,0,508.0
10109525BARONIB_2025-07-25_G02,10109525BARONIB,2025-07-25,122984,1,20,0,297.0
10109525BARONIB_2025-07-25_G03,10109525BARONIB,2025-07-25,120271,1,2,0,174.0
10109525BARONIB_2025-07-25_G04,10109525BARONIB,2025-07-25,123345,1,6,0,145.0
10109525BARONIB_2025-07-25_G05,10109525BARONIB,2025-07-25,124248,1,2,0,126.0
10109525BARONIB_2025-07-25_G06,10109525BARONIB,2025-07-25,120028,1,30,0,486.0
10109525BARONIB_2025-07-25_G07,10109525BARONIB,2025-07-25,122984,1,40,0,675.0
10109525BARONIB_2025-07-25_G08,10109525BARONIB,2025-07-25,"122189, 122185",2,18,20,258.0
10109525BARONIB_2025-07-25_G09,10109525BARONIB,2025-07-25,122962,1,4,0,124.0
10109525BARONIB_2025-07-25_G10,10109525BARONIB,2025-07-25,124548,1,30,0,493.0
10109525BARONIB_2025-07-25_G11,10109525BARONIB,2025-07-25,122981,1,10,0,920.0
10109525BARONIB_2025-07-25_G12,10109525BARONIB,2025-07-25,122962,1,12,0,1098.0
10109525BARONIB_2025-07-25_G13,10109525BARONIB,2025-07-25,124264,1,30,0,656.0
10109525BARONIB_2025-07-25_G14,10109525BARONIB,2025-07-25,124264,1,50,0,1393.0
10109525BARONIB_2025-07-25_G15,10109525BARONIB,2025-07-25,180038,1,1,0,2274.0
10109525BARONIB_2025-07-25_G16,10109525BARONIB,2025-07-25,180038,1,1,0,430.0
10109525BARONIB_2025-07-25_G17,10109525BARONIB,2025-07-25,180038,1,1,0,32.0
10109525BARONIB_2025-07-27_G02,10109525BARONIB,2025-07-27,120008,1,22,0,320.0
10109525BARONIB_2025-07-27_G04,10109525BARONIB,2025-07-27,124370,1,36,0,916.0
10109525BARONIB_2025-07-27_G05,10109525BARONIB,2025-07-27,123822,1,3,0,261.0
10109525BARONIB_2025-07-27_G06,10109525BARONIB,2025-07-27,120389,1,36,0,904.0
10109525BARONIB_2025-07-27_G07,10109525BARONIB,2025-07-27,120339,1,12,0,272.0
10109525BARONIB_2025-07-27_G08,10109525BARONIB,2025-07-27,124476,1,12,0,201.0
10109525BARONIB_2025-07-28_G02,10109525BARONIB,2025-07-28,124475,2,12,13,82.0
10109525BARONIB_2025-07-28_G03,10109525BARONIB,2025-07-28,123343,1,12,0,589.0
10109525BARONIB_2025-07-28_G04,10109525BARONIB,2025-07-28,124370,1,20,0,1269.0
10109525BARONIB_2025-07-28_G05,10109525BARONIB,2025-07-28,122962,1,150,0,1179.0
10109525BARONIB_2025-07-28_G06,10109525BARONIB,2025-07-28,120028,1,27,0,489.0
10109525BARONIB_2025-07-28_G07,10109525BARONIB,2025-07-28,120389,1,10,0,182.0
10109525BARONIB_2025-07-28_G08,10109525BARONIB,2025-07-28,"124486, 124475",2,120,30,1039.0
10109525BARONIB_2025-07-28_G09,10109525BARONIB,2025-07-28,124548,1,3,0,255.0
10109525BARONIB_2025-07-28_G10,10109525BARONIB,2025-07-28,123822,1,10,0,848.0
10109525BARONIB_2025-07-28_G11,10109525BARONIB,2025-07-28,122962,1,24,0,402.0
10109525BARONIB_2025-07-28_G12,10109525BARONIB,2025-07-28,124486,1,24,0,841.0
10109525BARONIB_2025-07-28_G13,10109525BARONIB,2025-07-28,123343,1,12,0,113.0
10109525BARONIB_2025-07-28_G14,10109525BARONIB,2025-07-28,122962,1,24,0,292.0
10109525BARONIB_2025-07-28_G15,10109525BARONIB,2025-07-28,124486,1,20,0,436.0
10109525BARONIB_2025-07-28_G16,10109525BARONIB,2025-07-28,122962,1,20,0,229.0
10109525BARONIB_2025-07-28_G17,10109525BARONIB,2025-07-28,122671,1,4,0,392.0
10109525BARONIB_2025-07-28_G18,10109525BARONIB,2025-07-28,124486,1,60,0,655.0
10109525BARONIB_2025-07-28_G19,10109525BARONIB,2025-07-28,122673,1,22,0,157.0
10109525BARONIB_2025-07-28_G20,10109525BARONIB,2025-07-28,122673,1,30,0,140.0
10109525BARONIB_2025-07-28_G22,10109525BARONIB,2025-07-28,121760,1,16,0,643.0
10109525BARONIB_2025-07-28_G23,10109525BARONIB,2025-07-28,121760,2,42,15,486.0
10109525BARONIB_2025-07-28_G24,10109525BARONIB,2025-07-28,124264,1,6,0,348.0
10109525BARONIB_2025-07-28_G25,10109525BARONIB,2025-07-28,124370,2,13,13,113.0
10109525BARONIB_2025-07-28_G26,10109525BARONIB,2025-07-28,120389,1,2,0,153.0
10109525BARONIB_2025-07-28_G27,10109525BARONIB,2025-07-28,122986,1,4,0,268.0
10109525BARONIB_2025-07-28_G28,10109525BARONIB,2025-07-28,122671,2,28,20,546.0
10109525BARONIB_2025-07-28_G29,10109525BARONIB,2025-07-28,122647,1,2,0,177.0
10109525BARONIB_2025-07-28_G30,10109525BARONIB,2025-07-28,122962,1,8,0,246.0
10109525BARONIB_2025-07-28_G31,10109525BARONIB,2025-07-28,122962,2,14,21,143.0
10109525BARONIB_2025-07-28_G32,10109525BARONIB,2025-07-28,121651,1,6,0,292.0
10109525BARONIB_2025-07-28_G33,10109525BARONIB,2025-07-28,121651,1,7,0,199.0
10109525BARONIB_2025-07-28_G34,10109525BARONIB,2025-07-28,124486,1,9,0,57.0
10109525BARONIB_2025-07-28_G35,10109525BARONIB,2025-07-28,124475,1,18,0,548.0
10109525BARONIB_2025-07-28_G36,10109525BARONIB,2025-07-28,124371,3,12,29,80.0
10109525BARONIB_2025-07-28_G37,10109525BARONIB,2025-07-28,123889,1,6,0,480.0
10109525BARONIB_2025-07-28_G38,10109525BARONIB,2025-07-28,123345,1,27,0,477.0
10109525BARONIB_2025-07-28_G39,10109525BARONIB,2025-07-28,"123344, 124477",2,52,9,433.0
10109525BARONIB_2025-07-28_G40,10109525BARONIB,2025-07-28,123343,1,10,0,272.0
10109525BARONIB_2025-07-28_G41,10109525BARONIB,2025-07-28,122962,1,250,0,1946.0
10109525BARONIB_2025-07-28_G42,10109525BARONIB,2025-07-28,123345,1,8,0,516.0
10109525BARONIB_2025-07-28_G43,10109525BARONIB,2025-07-28,123344,1,12,0,219.0
10109525BARONIB_2025-07-28_G44,10109525BARONIB,2025-07-28,123344,1,12,0,294.0
10109525BARONIB_2025-07-29_G02,10109525BARONIB,2025-07-29,121760,1,15,0,70.0
10109525BARONIB_2025-07-29_G03,10109525BARONIB,2025-07-29,124264,1,46,0,1129.0
10109525BARONIB_2025-07-29_G04,10109525BARONIB,2025-07-29,124264,1,10,0,120.0
10109525BARONIB_2025-07-29_G05,10109525BARONIB,2025-07-29,124371,1,24,0,1381.0
10109525BARONIB_2025-07-29_G06,10109525BARONIB,2025-07-29,124370,1,50,0,905.0
10109525BARONIB_2025-07-29_G07,10109525BARONIB,2025-07-29,124624,1,8,0,96.0
10109525BARONIB_2025-07-29_G08,10109525BARONIB,2025-07-29,120339,1,13,0,152.0
10109525BARONIB_2025-07-29_G09,10109525BARONIB,2025-07-29,122671,1,20,0,143.0
10109525BARONIB_2025-07-29_G10,10109525BARONIB,2025-07-29,122984,1,10,0,509.0
10109525BARONIB_2025-07-29_G11,10109525BARONIB,2025-07-29,124486,1,100,0,978.0
10109525BARONIB_2025-07-29_G12,10109525BARONIB,2025-07-29,122185,1,30,0,429.0
10109525BARONIB_2025-07-29_G13,10109525BARONIB,2025-07-29,124475,1,10,0,374.0
10109525BARONIB_2025-07-29_G15,10109525BARONIB,2025-07-29,123889,1,4,0,279.0
10109525BARONIB_2025-07-29_G16,10109525BARONIB,2025-07-29,121760,1,24,0,1471.0
10109525BARONIB_2025-07-29_G17,10109525BARONIB,2025-07-29,122962,1,24,0,662.0
10109525BARONIB_2025-07-29_G18,10109525BARONIB,2025-07-29,122703,1,16,0,253.0
10109525BARONIB_2025-07-29_G19,10109525BARONIB,2025-07-29,122988,1,6,0,36.0
10109525BARONIB_2025-07-29_G20,10109525BARONIB,2025-07-29,120339,2,4,5,58.0
10109525BARONIB_2025-07-29_G21,10109525BARONIB,2025-07-29,124475,1,12,0,499.0
10109525BARONIB_2025-07-29_G22,10109525BARONIB,2025-07-29,124594,1,30,0,517.0
10109525BARONIB_2025-07-29_G23,10109525BARONIB,2025-07-29,122703,1,4,0,95.0
10109525BARONIB_2025-07-29_G24,10109525BARONIB,2025-07-29,124624,1,4,0,136.0
10109525BARONIB_2025-07-29_G25,10109525BARONIB,2025-07-29,122982,1,6,0,93.0
10109525BARONIB_2025-07-29_G26,10109525BARONIB,2025-07-29,124594,1,4,0,89.0
10109525BARONIB_2025-07-29_G27,10109525BARONIB,2025-07-29,181280,1,4,0,1667.0
10109525BARONIB_2025-07-29_G28,10109525BARONIB,2025-07-29,121760,1,4,0,324.0
10109525BARONIB_2025-07-29_G29,10109525BARONIB,2025-07-29,121760,1,12,0,300.0
10109525BARONIB_2025-07-30_G02,10109525BARONIB,2025-07-30,121760,1,16,0,88.0
10109525BARONIB_2025-07-30_G03,10109525BARONIB,2025-07-30,117856,1,4,0,1373.0
10109525BARONIB_2025-07-30_G04,10109525BARONIB,2025-07-30,110313,1,3,0,63.0
10109525BARONIB_2025-07-30_G05,10109525BARONIB,2025-07-30,117833,1,2,0,95.0
10109525BARONIB_2025-07-30_G06,10109525BARONIB,2025-07-30,111469,1,10,0,58.0
10109525BARONIB_2025-07-30_G07,10109525BARONIB,2025-07-30,117830,1,4,0,130.0
10109525BARONIB_2025-07-30_G08,10109525BARONIB,2025-07-30,110515,1,1,0,65.0
10109525BARONIB_2025-07-30_G09,10109525BARONIB,2025-07-30,110733,1,2,0,49.0
10109525BARONIB_2025-07-30_G10,10109525BARONIB,2025-07-30,111430,1,12,0,215.0
10109525BARONIB_2025-07-30_G11,10109525BARONIB,2025-07-30,111530,1,9,0,134.0
10109525BARONIB_2025-07-30_G12,10109525BARONIB,2025-07-30,111466,1,5,0,184.0
10109525BARONIB_2025-07-30_G13,10109525BARONIB,2025-07-30,141458,1,40,0,302.0
10109525BARONIB_2025-07-30_G14,10109525BARONIB,2025-07-30,110374,1,2,0,206.0
10109525BARONIB_2025-07-30_G15,10109525BARONIB,2025-07-30,"111602, 111530, 110515",4,9,79,198.0
10109525BARONIB_2025-07-30_G16,10109525BARONIB,2025-07-30,117821,1,1,0,114.0
10109525BARONIB_2025-07-30_G17,10109525BARONIB,2025-07-30,118299,1,120,0,131.0
10109525BARONIB_2025-07-30_G18,10109525BARONIB,2025-07-30,110373,1,10,0,86.0
10109525BARONIB_2025-07-30_G19,10109525BARONIB,2025-07-30,141458,1,60,0,918.0
10109525BARONIB_2025-07-30_G20,10109525BARONIB,2025-07-30,111602,1,6,0,149.0
10109525BARONIB_2025-07-30_G21,10109525BARONIB,2025-07-30,118222,1,4,0,437.0
10109525BARONIB_2025-07-30_G22,10109525BARONIB,2025-07-30,117855,1,6,0,239.0
10109525BARONIB_2025-07-30_G23,10109525BARONIB,2025-07-30,"141456, 111532, 109641, 141457, 141458",5,80,67,1160.0
10109525BARONIB_2025-07-30_G24,10109525BARONIB,2025-07-30,118299,1,2,0,121.0
10109525BARONIB_2025-07-30_G25,10109525BARONIB,2025-07-30,110733,1,8,0,740.0
10109525BARONIB_2025-07-30_G26,10109525BARONIB,2025-07-30,110733,1,4,0,89.0
10109525BARONIB_2025-07-30_G27,10109525BARONIB,2025-07-30,110747,1,4,0,181.0
10109525BARONIB_2025-07-30_G28,10109525BARONIB,2025-07-30,111850,1,5,0,110.0
10109525BARONIB_2025-07-30_G29,10109525BARONIB,2025-07-30,111462,1,10,0,202.0
10109525BARONIB_2025-07-30_G30,10109525BARONIB,2025-07-30,110747,1,4,0,231.0
10109525BARONIB_2025-07-30_G31,10109525BARONIB,2025-07-30,111850,1,4,0,150.0
10109525BARONIB_2025-07-30_G32,10109525BARONIB,2025-07-30,"110313, 111172, 117838, 117833, 111469, 117785",6,47,80,191.0
10109525BARONIB_2025-07-30_G33,10109525BARONIB,2025-07-30,118299,1,24,0,95.0
10109525BARONIB_2025-07-30_G35,10109525BARONIB,2025-07-30,111462,1,8,0,59.0
10109525BARONIB_2025-07-30_G36,10109525BARONIB,2025-07-30,118140,1,2,0,47.0
10109525BARONIB_2025-07-30_G37,10109525BARONIB,2025-07-30,141823,1,3,0,83.0
10109525BARONIB_2025-07-30_G38,10109525BARONIB,2025-07-30,160054,1,3,0,89.0
10109525BARONIB_2025-07-30_G39,10109525BARONIB,2025-07-30,110371,1,6,0,250.0
10109525BARONIB_2025-07-30_G40,10109525BARONIB,2025-07-30,141456,1,56,0,1203.0
10109525BARONIB_2025-07-30_G41,10109525BARONIB,2025-07-30,141458,1,40,0,370.0
10109525BARONIB_2025-07-30_G42,10109525BARONIB,2025-07-30,141457,1,32,0,222.0
10109525BARONIB_2025-07-30_G43,10109525BARONIB,2025-07-30,111530,1,3,0,162.0
10109525BARONIB_2025-07-30_G44,10109525BARONIB,2025-07-30,111532,1,5,0,127.0
10109525BARONIB_2025-07-30_G45,10109525BARONIB,2025-07-30,141456,1,12,0,135.0
10109525BARONIB_2025-07-30_G46,10109525BARONIB,2025-07-30,141457,1,20,0,157.0
10109525BARONIB_2025-07-30_G47,10109525BARONIB,2025-07-30,109643,1,3,0,144.0
10109525BARONIB_2025-07-30_G48,10109525BARONIB,2025-07-30,141458,1,40,0,106.0
10109525BARONIB_2025-07-30_G49,10109525BARONIB,2025-07-30,107629,1,2,0,328.0
10109525BARONIB_2025-07-30_G50,10109525BARONIB,2025-07-30,117786,1,2,0,45.0
10109525BARONIB_2025-07-30_G51,10109525BARONIB,2025-07-30,118094,2,6,23,144.0
10109525BARONIB_2025-07-30_G52,10109525BARONIB,2025-07-30,109647,1,5,0,200.0
10109525BARONIB_2025-07-30_G53,10109525BARONIB,2025-07-30,111602,1,6,0,130.0
10109525BARONIB_2025-07-30_G54,10109525BARONIB,2025-07-30,109640,1,2,0,582.0
10109525BARONIB_2025-07-30_G55,10109525BARONIB,2025-07-30,111182,1,3,0,348.0
10109525BARONIB_2025-07-30_G56,10109525BARONIB,2025-07-30,111462,1,2,0,61.0
10109525BARONIB_2025-07-30_G57,10109525BARONIB,2025-07-30,118140,1,4,0,39.0
10109525BARONIB_2025-07-30_G58,10109525BARONIB,2025-07-30,141823,1,4,0,56.0
10109525BARONIB_2025-07-30_G59,10109525BARONIB,2025-07-30,141457,1,52,0,643.0
10109525BARONIB_2025-07-30_G60,10109525BARONIB,2025-07-30,111465,1,2,0,49.0
10109525BARONIB_2025-07-30_G61,10109525BARONIB,2025-07-30,"141456, 141458",2,100,15,60.0
10109525BARONIB_2025-07-30_G62,10109525BARONIB,2025-07-30,109643,1,2,0,38.0
10109525BARONIB_2025-07-30_G63,10109525BARONIB,2025-07-30,110374,1,4,0,816.0
10109525BARONIB_2025-07-30_G64,10109525BARONIB,2025-07-30,117830,1,3,0,49.0
10109525BARONIB_2025-07-30_G65,10109525BARONIB,2025-07-30,111462,1,1,0,486.0
10109525BARONIB_2025-07-30_G66,10109525BARONIB,2025-07-30,"141457, 141456, 141458",3,96,46,76.0
10109525BARONIB_2025-07-30_G67,10109525BARONIB,2025-07-30,110371,1,5,0,544.0
10109525BARONIB_2025-07-30_G68,10109525BARONIB,2025-07-30,141456,1,12,0,287.0
10109525BARONIB_2025-07-30_G69,10109525BARONIB,2025-07-30,141458,1,20,0,307.0
10109525BARONIB_2025-07-30_G70,10109525BARONIB,2025-07-30,141457,1,8,0,73.0
10109525BARONIB_2025-07-30_G71,10109525BARONIB,2025-07-30,117808,1,10,0,65.0
10109525BARONIB_2025-07-30_G72,10109525BARONIB,2025-07-30,110745,1,4,0,218.0
10109525BARONIB_2025-07-30_G73,10109525BARONIB,2025-07-30,111466,1,11,0,392.0
10109525BARONIB_2025-07-30_G74,10109525BARONIB,2025-07-30,111418,1,11,0,105.0
10109525BARONIB_2025-07-30_G75,10109525BARONIB,2025-07-30,111469,1,10,0,69.0
10109525BARONIB_2025-07-30_G76,10109525BARONIB,2025-07-30,141456,1,20,0,56.0
10109525BARONIB_2025-07-30_G77,10109525BARONIB,2025-07-30,141457,1,12,0,46.0
10109525BARONIB_2025-07-31_G02,10109525BARONIB,2025-07-31,"110733, 141823",3,10,26,33.0
10109525BARONIB_2025-07-31_G03,10109525BARONIB,2025-07-31,"107629, 110313, 111467, 110743, 118140, 111433, 118330, 110740",8,32,125,526.0
10109525BARONIB_2025-07-31_G04,10109525BARONIB,2025-07-31,"118094, 108795, 111465",3,10,38,52.0
10109525BARONIB_2025-07-31_G05,10109525BARONIB,2025-07-31,110325,1,6,0,37.0
10109525BARONIB_2025-07-31_G06,10109525BARONIB,2025-07-31,"109640, 110733, 110787",4,39,45,71.0
10109525BARONIB_2025-07-31_G07,10109525BARONIB,2025-07-31,117820,1,40,0,39.0
10109525BARONIB_2025-07-31_G08,10109525BARONIB,2025-07-31,"118222, 111792, 110582, 111793",4,12,51,2846.0
10109525BARONIB_2025-07-31_G09,10109525BARONIB,2025-07-31,"105744, 110339, 117856, 110313",4,15,56,46.0
10109525BARONIB_2025-07-31_G10,10109525BARONIB,2025-07-31,111530,1,2,0,44.0
10109525BARONIB_2025-07-31_G11,10109525BARONIB,2025-07-31,"111467, 111532, 118140, 117785, 141823",5,38,79,969.0
10109525BARONIB_2025-07-31_G12,10109525BARONIB,2025-07-31,111743,1,6,0,860.0
10109525BARONIB_2025-07-31_G13,10109525BARONIB,2025-07-31,141202,1,2,0,797.0
10109525BARONIB_2025-07-31_G14,10109525BARONIB,2025-07-31,"110733, 110371, 117808",3,16,43,118.0
10109525BARONIB_2025-09-07_G02,10109525BARONIB,2025-09-07,122984,3,76,32,419.0
10109525BARONIB_2025-09-07_G03,10109525BARONIB,2025-09-07,124248,1,24,0,1037.0
10109525BARONIB_2025-09-07_G04,10109525BARONIB,2025-09-07,124248,1,20,0,133.0
10109525BARONIB_2025-09-07_G05,10109525BARONIB,2025-09-07,124248,1,46,0,132.0
10109525BARONIB_2025-09-07_G06,10109525BARONIB,2025-09-07,120339,1,1,0,546.0
10109525BARONIB_2025-09-07_G07,10109525BARONIB,2025-09-07,123560,1,4,0,124.0
10109525BARONIB_2025-09-07_G08,10109525BARONIB,2025-09-07,124370,1,40,0,609.0
10109525BARONIB_2025-09-07_G09,10109525BARONIB,2025-09-07,122962,1,4,0,147.0
10109525BARONIB_2025-09-07_G10,10109525BARONIB,2025-09-07,122984,1,32,0,446.0
10109525BARONIB_2025-09-07_G11,10109525BARONIB,2025-09-07,124371,1,14,0,176.0
10109525BARONIB_2025-09-07_G12,10109525BARONIB,2025-09-07,"121760, 123344",2,6,20,86.0
10109525BARONIB_2025-09-07_G13,10109525BARONIB,2025-09-07,123345,1,18,0,249.0
10109525BARONIB_2025-09-07_G14,10109525BARONIB,2025-09-07,123343,1,4,0,272.0
10109525BARONIB_2025-09-14_G02,10109525BARONIB,2025-09-14,123080,1,24,0,357.0
10109525BARONIB_2025-09-14_G03,10109525BARONIB,2025-09-14,122647,1,2,0,539.0
10109525BARONIB_2025-09-14_G04,10109525BARONIB,2025-09-14,122673,1,20,0,572.0
10109525BARONIB_2025-09-14_G05,10109525BARONIB,2025-09-14,124486,1,12,0,201.0
10109525BARONIB_2025-09-14_G06,10109525BARONIB,2025-09-14,122962,1,12,0,290.0
10109525BARONIB_2025-09-14_G07,10109525BARONIB,2025-09-14,123909,1,34,0,937.0
10109525BARONIB_2025-09-15_G02,10109525BARONIB,2025-09-15,120028,1,197,0,1805.0
10109525BARONIB_2025-09-15_G03,10109525BARONIB,2025-09-15,124248,1,37,0,366.0
10109525BARONIB_2025-09-15_G04,10109525BARONIB,2025-09-15,122673,1,33,0,780.0
10109525BARONIB_2025-09-29_G02,10109525BARONIB,2025-09-29,124475,1,4,0,137.0
10109525BARONIB_2025-09-29_G03,10109525BARONIB,2025-09-29,122962,1,12,0,224.0
10109525BARONIB_2025-09-29_G04,10109525BARONIB,2025-09-29,124486,1,12,0,558.0
10109525BARONIB_2025-09-29_G05,10109525BARONIB,2025-09-29,121651,1,12,0,188.0
10109525BARONIB_2025-09-29_G06,10109525BARONIB,2025-09-29,123345,1,20,0,821.0
10109525BARONIB_2025-09-29_G07,10109525BARONIB,2025-09-29,123344,1,20,0,2359.0
10109525BARONIB_2025-09-30_G02,10109525BARONIB,2025-09-30,122671,1,1,0,489.0
10109525BARONIB_2025-10-17_G02,10109525BARONIB,2025-10-17,122962,1,12,0,342.0
10109525BARONIB_2025-10-17_G03,10109525BARONIB,2025-10-17,124486,1,20,0,96.0
10109525BARONIB_2025-10-17_G04,10109525BARONIB,2025-10-17,122673,1,4,0,194.0
10109525BARONIB_2025-10-17_G05,10109525BARONIB,2025-10-17,122984,1,24,0,418.0
10109525BARONIB_2025-10-17_G06,10109525BARONIB,2025-10-17,124248,1,50,0,371.0
10109525BARONIB_2025-10-17_G07,10109525BARONIB,2025-10-17,124248,1,26,0,119.0
10109525BARONIB_2025-10-17_G08,10109525BARONIB,2025-10-17,122962,1,20,0,167.0
10109525BARONIB_2025-10-17_G09,10109525BARONIB,2025-10-17,122984,1,42,0,584.0
10109525BARONIB_2025-10-17_G10,10109525BARONIB,2025-10-17,124248,1,48,0,306.0
10109525BARONIB_2025-10-17_G11,10109525BARONIB,2025-10-17,122983,1,16,0,540.0
10109525BARONIB_2025-10-17_G12,10109525BARONIB,2025-10-17,124247,1,4,0,100.0
10109525BARONIB_2025-10-17_G13,10109525BARONIB,2025-10-17,123080,1,1,0,182.0
10109525BARONIB_2025-10-29_G02,10109525BARONIB,2025-10-29,120008,1,14,0,760.0
10109525BARONIB_2025-10-29_G03,10109525BARONIB,2025-10-29,122988,1,6,0,486.0
10109525BARONIB_2025-10-29_G05,10109525BARONIB,2025-10-29,122962,1,30,0,373.0
10109525BARONIB_2025-10-29_G06,10109525BARONIB,2025-10-29,123909,1,10,0,132.0
10109525BARONIB_2025-10-29_G07,10109525BARONIB,2025-10-29,122647,1,20,0,131.0
10109525BARONIB_2025-10-29_G08,10109525BARONIB,2025-10-29,122671,1,10,0,107.0
10109525BARONIB_2025-10-29_G09,10109525BARONIB,2025-10-29,124486,1,20,0,262.0
10109525BARONIB_2025-10-29_G10,10109525BARONIB,2025-10-29,122185,1,24,0,310.0
10109525BARONIB_2025-10-29_G11,10109525BARONIB,2025-10-29,120389,1,6,0,149.0
10109525BARONIB_2025-10-29_G12,10109525BARONIB,2025-10-29,122962,1,22,0,158.0
10109525BARONIB_2025-10-29_G13,10109525BARONIB,2025-10-29,122185,1,40,0,411.0
10109525BARONIB_2025-10-29_G14,10109525BARONIB,2025-10-29,122984,1,60,0,441.0
10109525BARONIB_2025-10-29_G15,10109525BARONIB,2025-10-29,122962,1,8,0,87.0
10109525BARONIB_2025-10-29_G16,10109525BARONIB,2025-10-29,124486,1,6,0,40.0
10109525BARONIB_2025-11-27_G02,10109525BARONIB,2025-11-27,122962,1,12,0,258.0
10109525BARONIB_2025-11-27_G03,10109525BARONIB,2025-11-27,124476,1,10,0,235.0
10109525BARONIB_2025-11-27_G04,10109525BARONIB,2025-11-27,122647,1,4,0,172.0
10109525BARONIB_2025-11-27_G05,10109525BARONIB,2025-11-27,120389,1,10,0,125.0
10109525BARONIB_2025-11-27_G06,10109525BARONIB,2025-11-27,123313,1,6,0,125.0
10109525BARONIB_2025-11-27_G07,10109525BARONIB,2025-11-27,123345,1,50,0,406.0
10109525BARONIB_2025-11-27_G08,10109525BARONIB,2025-11-27,123343,1,24,0,64.0
10109525BARONIB_2025-11-27_G09,10109525BARONIB,2025-11-27,124247,1,8,0,283.0
10109525BARONIB_2025-11-27_G10,10109525BARONIB,2025-11-27,123344,1,20,0,35.0
10109525BARONIB_2026-01-31_G02,10109525BARONIB,2026-01-31,124371,1,24,0,357.0
10109525BARONIB_2026-01-31_G03,10109525BARONIB,2026-01-31,124475,1,12,0,159.0
10109525BARONIB_2026-01-31_G04,10109525BARONIB,2026-01-31,120389,1,22,0,669.0
10109525BARONIB_2026-01-31_G05,10109525BARONIB,2026-01-31,124370,1,48,0,847.0
10109525BARONIB_2026-01-31_G06,10109525BARONIB,2026-01-31,124486,1,24,0,599.0
10109525BARONIB_2026-01-31_G07,10109525BARONIB,2026-01-31,123909,1,18,0,406.0
10109525BARONIB_2026-01-31_G08,10109525BARONIB,2026-01-31,124475,1,36,0,564.0
10109525BARONIB_2026-01-31_G09,10109525BARONIB,2026-01-31,124248,1,8,0,231.0
10109525BARONIB_2026-01-31_G10,10109525BARONIB,2026-01-31,123345,1,24,0,551.0
10109525BARONIB_2026-02-12_G02,10109525BARONIB,2026-02-12,124486,2,300,27,1067.0
10109525BARONIB_2026-02-26_G02,10109525BARONIB,2026-02-26,141458,1,20,0,89.0
10109525BARONIB_2026-02-26_G03,10109525BARONIB,2026-02-26,110371,1,10,0,136.0
10109525BARONIB_2026-02-26_G04,10109525BARONIB,2026-02-26,117808,1,1100,0,845.0
10109525BARONIB_2026-02-26_G05,10109525BARONIB,2026-02-26,110373,1,40,0,197.0
10109525BARONIB_2026-02-26_G06,10109525BARONIB,2026-02-26,110375,1,10,0,40.0
10109525BARONIB_2026-02-26_G07,10109525BARONIB,2026-02-26,141368,1,2,0,888.0
10109525BARONIB_2026-02-26_G08,10109525BARONIB,2026-02-26,"107892, 110582",2,11,29,111.0
10109525BARONIB_2026-02-26_G09,10109525BARONIB,2026-02-26,118416,1,3,0,259.0
10109525BARONIB_2026-02-26_G10,10109525BARONIB,2026-02-26,110313,1,45,0,572.0
10109525BARONIB_2026-02-26_G11,10109525BARONIB,2026-02-26,109640,1,57,0,66.0
10109525BARONIB_2026-02-26_G12,10109525BARONIB,2026-02-26,111530,1,250,0,697.0
10109525BARONIB_2026-02-26_G13,10109525BARONIB,2026-02-26,118094,1,25,0,60.0
10109525BARONIB_2026-02-26_G14,10109525BARONIB,2026-02-26,111602,1,100,0,523.0
10109525BARONIB_2026-02-26_G15,10109525BARONIB,2026-02-26,141166,1,41,0,165.0
10109525BARONIB_2026-02-26_G16,10109525BARONIB,2026-02-26,"111876, 117786",4,59,35,698.0
10109525BARONIB_2026-02-27_G02,10109525BARONIB,2026-02-27,107892,1,4,0,916.0
10109525BARONIB_2026-02-27_G03,10109525BARONIB,2026-02-27,117853,1,4,0,289.0
10109525BARONIB_2026-02-27_G04,10109525BARONIB,2026-02-27,111469,1,8,0,232.0
10109525BARONIB_2026-02-27_G05,10109525BARONIB,2026-02-27,109643,1,4,0,558.0
10109525BARONIB_2026-02-27_G06,10109525BARONIB,2026-02-27,140922,1,3,0,1115.0
10109525BARONIB_2026-02-27_G07,10109525BARONIB,2026-02-27,109640,1,4,0,470.0
10109525BARONIB_2026-02-27_G08,10109525BARONIB,2026-02-27,117855,1,2,0,92.0
10109525BARONIB_2026-02-27_G09,10109525BARONIB,2026-02-27,111469,2,12,7,170.0
10109525BARONIB_2026-02-27_G10,10109525BARONIB,2026-02-27,109643,1,3,0,107.0
10109525BARONIB_2026-02-27_G11,10109525BARONIB,2026-02-27,111602,1,4,0,396.0
10109525BARONIB_2026-02-27_G12,10109525BARONIB,2026-02-27,110755,1,8,0,448.0
10109525BARONIB_2026-02-27_G13,10109525BARONIB,2026-02-27,141352,1,4,0,634.0
10109525BARONIB_2026-02-27_G14,10109525BARONIB,2026-02-27,111465,1,14,0,175.0
10109525BARONIB_2026-02-27_G15,10109525BARONIB,2026-02-27,110372,1,4,0,131.0
10109525BARONIB_2026-02-27_G16,10109525BARONIB,2026-02-27,109643,1,80,0,2347.0
10109525BARONIB_2026-02-27_G17,10109525BARONIB,2026-02-27,117808,1,337,0,1162.0
10109525BARONIB_2026-02-27_G19,10109525BARONIB,2026-02-27,111438,1,10,0,167.0
10109525BARONIB_2026-02-27_G20,10109525BARONIB,2026-02-27,117853,1,20,0,276.0
10109525BARONIB_2026-02-27_G21,10109525BARONIB,2026-02-27,111602,1,40,0,447.0
10109525BARONIB_2026-02-27_G22,10109525BARONIB,2026-02-27,117856,1,20,0,119.0
10109525BARONIB_2026-02-27_G23,10109525BARONIB,2026-02-27,110374,1,80,0,1132.0
10109525BARONIB_2026-02-27_G24,10109525BARONIB,2026-02-27,110339,1,12,0,512.0
10109525BARONIB_2026-02-27_G25,10109525BARONIB,2026-02-27,109640,1,24,0,335.0
10109525BARONIB_2026-02-27_G26,10109525BARONIB,2026-02-27,111530,1,60,0,335.0
10109525BARONIB_2026-02-27_G27,10109525BARONIB,2026-02-27,111467,1,40,0,417.0
10109525BARONIB_2026-02-27_G28,10109525BARONIB,2026-02-27,117820,1,60,0,149.0
10109525BARONIB_2026-02-27_G29,10109525BARONIB,2026-02-27,"111569, 117836, 111441, 109471, 108031, 111437",10,14,167,228.0
10109525BARONIB_2026-02-27_G30,10109525BARONIB,2026-02-27,"110313, 111439, 111530, 118094",9,29,121,355.0
10109525BARONIB_2026-02-27_G31,10109525BARONIB,2026-02-27,117862,1,22,0,582.0
10109525BARONIB_2026-02-27_G32,10109525BARONIB,2026-02-27,141352,2,2,22,103.0
10109525BARONIB_2026-02-27_G33,10109525BARONIB,2026-02-27,111430,1,4,0,940.0
10109525BARONIB_2026-02-27_G34,10109525BARONIB,2026-02-27,111569,1,8,0,148.0
10109525BARONIB_2026-02-27_G35,10109525BARONIB,2026-02-27,105167,2,2,16,79.0
10109525BARONIB_2026-02-27_G36,10109525BARONIB,2026-02-27,109640,1,4,0,169.0
10109525BARONIB_2026-02-27_G37,10109525BARONIB,2026-02-27,141352,1,4,0,40.0
10109525BARONIB_2026-02-27_G38,10109525BARONIB,2026-02-27,116241,1,4,0,129.0
10109525BARONIB_2026-02-27_G39,10109525BARONIB,2026-02-27,111462,1,6,0,140.0
10109525BARONIB_2026-02-27_G40,10109525BARONIB,2026-02-27,111469,1,23,0,106.0
10109525BARONIB_2026-02-27_G41,10109525BARONIB,2026-02-27,141458,1,8,0,35.0
10109525BARONIB_2026-02-27_G42,10109525BARONIB,2026-02-27,140922,1,30,0,428.0
10109525BARONIB_2026-02-27_G44,10109525BARONIB,2026-02-27,110373,1,8,0,36.0
10109525BARONIB_2026-02-27_G45,10109525BARONIB,2026-02-27,118299,2,9,9,268.0
10109525BARONIB_2026-02-27_G46,10109525BARONIB,2026-02-27,110372,1,3,0,352.0
10109525BARONIB_2026-02-27_G47,10109525BARONIB,2026-02-27,117808,1,40,0,213.0
10109525BARONIB_2026-02-28_G02,10109525BARONIB,2026-02-28,108711,1,14,0,3461.0
10109525BARONIB_2026-02-28_G03,10109525BARONIB,2026-02-28,111462,1,95,0,383.0
10109525BARONIB_2026-02-28_G04,10109525BARONIB,2026-02-28,111469,1,31,0,969.0
10109525BARONIB_2026-02-28_G05,10109525BARONIB,2026-02-28,111743,1,34,0,241.0
10109525BARONIB_2026-02-28_G06,10109525BARONIB,2026-02-28,118277,1,22,0,399.0
10109525BARONIB_2026-02-28_G07,10109525BARONIB,2026-02-28,117808,1,100,0,344.0
10109525BARONIB_2026-02-28_G08,10109525BARONIB,2026-02-28,118299,2,286,13,381.0
10109525BARONIB_2026-02-28_G09,10109525BARONIB,2026-02-28,110372,1,100,0,539.0
10109525BARONIB_2026-02-28_G10,10109525BARONIB,2026-02-28,110325,1,14,0,490.0
10109525BARONIB_2026-02-28_G11,10109525BARONIB,2026-02-28,118299,2,7,10,440.0
10109525BARONIB_2026-02-28_G12,10109525BARONIB,2026-02-28,"110373, 117808",4,30,34,60.0
10109525BARONIB_2026-02-28_G13,10109525BARONIB,2026-02-28,117832,1,12,0,55.0
10109525BARONIB_2026-02-28_G14,10109525BARONIB,2026-02-28,117820,1,60,0,1156.0
10109525BARONIB_2026-02-28_G15,10109525BARONIB,2026-02-28,117820,1,50,0,354.0
10109525BARONIB_2026-03-11_G02,10109525BARONIB,2026-03-11,123080,1,119,0,1770.0
10109525BARONIB_2026-03-11_G03,10109525BARONIB,2026-03-11,123080,1,99,0,1261.0
10109525BARONIB_2026-03-11_G04,10109525BARONIB,2026-03-11,123080,1,1,0,32.0
10109525BARONIB_2026-03-30_G02,10109525BARONIB,2026-03-30,124486,1,12,0,290.0
10109525BARONIB_2026-03-31_G02,10109525BARONIB,2026-03-31,124486,1,30,0,569.0
10109525BARONIB_2026-03-31_G03,10109525BARONIB,2026-03-31,123345,1,12,0,669.0
10109563ANANIASJ_2025-01-29_G02,10109563ANANIASJ,2025-01-29,124371,1,4,0,90.0
10109563ANANIASJ_2025-01-29_G03,10109563ANANIASJ,2025-01-29,121651,1,12,0,350.0
10109563ANANIASJ_2025-01-29_G04,10109563ANANIASJ,2025-01-29,123345,1,8,0,430.0
10109563ANANIASJ_2025-01-29_G05,10109563ANANIASJ,2025-01-29,122962,1,12,0,1021.0
10109563ANANIASJ_2025-01-29_G06,10109563ANANIASJ,2025-01-29,123345,1,8,0,384.0
10109563ANANIASJ_2025-01-29_G07,10109563ANANIASJ,2025-01-29,121651,1,22,0,572.0
10109563ANANIASJ_2025-01-29_G08,10109563ANANIASJ,2025-01-29,122962,1,34,0,2467.0
10109563ANANIASJ_2025-01-29_G09,10109563ANANIASJ,2025-01-29,122962,1,80,0,1935.0
10109563ANANIASJ_2025-01-29_G10,10109563ANANIASJ,2025-01-29,123344,1,2,0,116.0
10109563ANANIASJ_2025-01-29_G11,10109563ANANIASJ,2025-01-29,124370,1,2,0,139.0
10109563ANANIASJ_2025-01-29_G12,10109563ANANIASJ,2025-01-29,124371,1,8,0,256.0
10109563ANANIASJ_2025-01-29_G13,10109563ANANIASJ,2025-01-29,121760,1,8,0,202.0
10109563ANANIASJ_2025-01-29_G14,10109563ANANIASJ,2025-01-29,120008,1,30,0,864.0
10109563ANANIASJ_2025-01-29_G15,10109563ANANIASJ,2025-01-29,123911,1,20,0,428.0
10109563ANANIASJ_2025-01-29_G16,10109563ANANIASJ,2025-01-29,123344,1,20,0,419.0
10109563ANANIASJ_2025-01-29_G17,10109563ANANIASJ,2025-01-29,124370,1,8,0,236.0
10109563ANANIASJ_2025-01-29_G18,10109563ANANIASJ,2025-01-29,121760,1,18,0,403.0
10109563ANANIASJ_2025-01-29_G19,10109563ANANIASJ,2025-01-29,121651,1,10,0,209.0
10109563ANANIASJ_2025-01-29_G21,10109563ANANIASJ,2025-01-29,122962,1,24,0,368.0
10109563ANANIASJ_2025-01-29_G22,10109563ANANIASJ,2025-01-29,124486,1,10,0,222.0
10109563ANANIASJ_2025-01-31_G02,10109563ANANIASJ,2025-01-31,123345,1,7,0,2291.0
10109563ANANIASJ_2025-01-31_G03,10109563ANANIASJ,2025-01-31,123909,1,3,0,144.0
10109563ANANIASJ_2025-01-31_G04,10109563ANANIASJ,2025-01-31,122984,1,8,0,308.0
10109563ANANIASJ_2025-01-31_G05,10109563ANANIASJ,2025-01-31,124264,1,4,0,198.0
10109563ANANIASJ_2025-01-31_G06,10109563ANANIASJ,2025-01-31,123822,1,10,0,231.0
10109563ANANIASJ_2025-01-31_G07,10109563ANANIASJ,2025-01-31,123343,1,14,0,346.0
10109563ANANIASJ_2025-01-31_G08,10109563ANANIASJ,2025-01-31,122647,1,4,0,2038.0
10109563ANANIASJ_2025-01-31_G09,10109563ANANIASJ,2025-01-31,122647,4,16,37,31.0
10109563ANANIASJ_2025-01-31_G10,10109563ANANIASJ,2025-01-31,120028,1,20,0,359.0
10109563ANANIASJ_2025-01-31_G11,10109563ANANIASJ,2025-01-31,122673,1,20,0,305.0
10109563ANANIASJ_2025-01-31_G12,10109563ANANIASJ,2025-01-31,122988,2,9,29,248.0
10109563ANANIASJ_2025-01-31_G13,10109563ANANIASJ,2025-01-31,123907,1,9,0,265.0
10109563ANANIASJ_2025-01-31_G14,10109563ANANIASJ,2025-01-31,122647,1,4,0,96.0
10109563ANANIASJ_2025-01-31_G15,10109563ANANIASJ,2025-01-31,122647,13,52,150,35.0
10109563ANANIASJ_2025-01-31_G16,10109563ANANIASJ,2025-01-31,123909,1,4,0,2673.0
10109563ANANIASJ_2025-01-31_G17,10109563ANANIASJ,2025-01-31,122984,1,36,0,672.0
10109563ANANIASJ_2025-01-31_G18,10109563ANANIASJ,2025-01-31,122703,1,12,0,354.0
10109563ANANIASJ_2025-01-31_G19,10109563ANANIASJ,2025-01-31,120272,1,12,0,255.0
10109563ANANIASJ_2025-01-31_G20,10109563ANANIASJ,2025-01-31,123911,1,12,0,140.0
10109563ANANIASJ_2025-01-31_G21,10109563ANANIASJ,2025-01-31,122962,1,12,0,911.0
10109563ANANIASJ_2025-01-31_G22,10109563ANANIASJ,2025-01-31,123344,1,20,0,501.0
10109563ANANIASJ_2025-02-18_G02,10109563ANANIASJ,2025-02-18,124247,1,31,0,515.0
10109563ANANIASJ_2025-02-18_G03,10109563ANANIASJ,2025-02-18,124486,1,180,0,2744.0
10109563ANANIASJ_2025-02-28_G02,10109563ANANIASJ,2025-02-28,122647,1,19,0,339.0
10109563ANANIASJ_2025-02-28_G03,10109563ANANIASJ,2025-02-28,124370,1,6,0,260.0
10109563ANANIASJ_2025-02-28_G04,10109563ANANIASJ,2025-02-28,123344,1,8,0,194.0
10109563ANANIASJ_2025-02-28_G05,10109563ANANIASJ,2025-02-28,122962,1,10,0,239.0
10109563ANANIASJ_2025-02-28_G06,10109563ANANIASJ,2025-02-28,124370,1,6,0,346.0
10109563ANANIASJ_2025-02-28_G07,10109563ANANIASJ,2025-02-28,123344,1,6,0,300.0
10109563ANANIASJ_2025-02-28_G08,10109563ANANIASJ,2025-02-28,122983,1,8,0,321.0
10109563ANANIASJ_2025-02-28_G09,10109563ANANIASJ,2025-02-28,120339,1,2,0,1377.0
10109563ANANIASJ_2025-02-28_G10,10109563ANANIASJ,2025-02-28,122703,1,4,0,143.0
10109563ANANIASJ_2025-02-28_G11,10109563ANANIASJ,2025-02-28,120271,1,4,0,181.0
10109563ANANIASJ_2025-02-28_G12,10109563ANANIASJ,2025-02-28,120339,1,4,0,265.0
10109563ANANIASJ_2025-02-28_G13,10109563ANANIASJ,2025-02-28,122962,1,50,0,1109.0
10109563ANANIASJ_2025-02-28_G14,10109563ANANIASJ,2025-02-28,122647,1,70,0,963.0
10109563ANANIASJ_2025-02-28_G15,10109563ANANIASJ,2025-02-28,124371,1,80,0,1641.0
10109563ANANIASJ_2025-02-28_G16,10109563ANANIASJ,2025-02-28,124486,1,80,0,1073.0
10109563ANANIASJ_2025-02-28_G17,10109563ANANIASJ,2025-02-28,123345,1,24,0,245.0
10109563ANANIASJ_2025-02-28_G19,10109563ANANIASJ,2025-02-28,121651,1,2,0,178.0
10109563ANANIASJ_2025-02-28_G20,10109563ANANIASJ,2025-02-28,121760,1,2,0,176.0
10109563ANANIASJ_2025-02-28_G21,10109563ANANIASJ,2025-02-28,121760,1,10,0,596.0
10109563ANANIASJ_2025-02-28_G22,10109563ANANIASJ,2025-02-28,123344,1,3,0,273.0
10109563ANANIASJ_2025-02-28_G23,10109563ANANIASJ,2025-02-28,121760,1,2,0,215.0
10109563ANANIASJ_2025-03-31_G02,10109563ANANIASJ,2025-03-31,122981,1,7,0,189.0
10109563ANANIASJ_2025-03-31_G03,10109563ANANIASJ,2025-03-31,124248,1,8,0,235.0
10109563ANANIASJ_2025-03-31_G04,10109563ANANIASJ,2025-03-31,122984,1,8,0,246.0
10109563ANANIASJ_2025-03-31_G05,10109563ANANIASJ,2025-03-31,121651,1,18,0,516.0
10109563ANANIASJ_2025-03-31_G06,10109563ANANIASJ,2025-03-31,122647,1,24,0,458.0
10109563ANANIASJ_2025-03-31_G07,10109563ANANIASJ,2025-03-31,122671,1,6,0,1457.0
10109563ANANIASJ_2025-03-31_G08,10109563ANANIASJ,2025-03-31,124486,1,8,0,266.0
10109563ANANIASJ_2025-03-31_G09,10109563ANANIASJ,2025-03-31,123909,1,12,0,473.0
10109563ANANIASJ_2025-03-31_G10,10109563ANANIASJ,2025-03-31,123343,1,2,0,166.0
10109563ANANIASJ_2025-03-31_G11,10109563ANANIASJ,2025-03-31,123345,1,4,0,260.0
10109563ANANIASJ_2025-03-31_G12,10109563ANANIASJ,2025-03-31,"123909, 123344",2,22,20,1607.0
10109563ANANIASJ_2025-03-31_G13,10109563ANANIASJ,2025-03-31,123153,1,4,0,104.0
10109563ANANIASJ_2025-03-31_G14,10109563ANANIASJ,2025-03-31,122671,1,8,0,121.0
10109563ANANIASJ_2025-03-31_G15,10109563ANANIASJ,2025-03-31,121760,1,12,0,334.0
10109563ANANIASJ_2025-03-31_G16,10109563ANANIASJ,2025-03-31,122673,1,2,0,410.0
10109563ANANIASJ_2025-03-31_G17,10109563ANANIASJ,2025-03-31,123153,1,6,0,193.0
10109563ANANIASJ_2025-03-31_G18,10109563ANANIASJ,2025-03-31,123889,1,6,0,230.0
10109563ANANIASJ_2025-03-31_G19,10109563ANANIASJ,2025-03-31,123344,1,7,0,994.0
10109563ANANIASJ_2025-03-31_G20,10109563ANANIASJ,2025-03-31,121651,1,6,0,199.0
10109563ANANIASJ_2025-03-31_G21,10109563ANANIASJ,2025-03-31,123344,1,4,0,217.0
10109563ANANIASJ_2025-03-31_G22,10109563ANANIASJ,2025-03-31,123562,1,13,0,438.0
10109563ANANIASJ_2025-03-31_G23,10109563ANANIASJ,2025-03-31,121651,1,11,0,419.0
10109563ANANIASJ_2025-03-31_G24,10109563ANANIASJ,2025-03-31,123344,1,20,0,260.0
10109563ANANIASJ_2025-03-31_G25,10109563ANANIASJ,2025-03-31,124248,1,8,0,435.0
10109563ANANIASJ_2025-03-31_G26,10109563ANANIASJ,2025-03-31,121651,1,11,0,401.0
10109563ANANIASJ_2025-04-07_G02,10109563ANANIASJ,2025-04-07,121760,1,23,0,704.0
10109563ANANIASJ_2025-04-07_G03,10109563ANANIASJ,2025-04-07,124371,1,2,0,132.0
10109563ANANIASJ_2025-04-07_G04,10109563ANANIASJ,2025-04-07,124475,1,14,0,358.0
10109563ANANIASJ_2025-04-07_G05,10109563ANANIASJ,2025-04-07,122983,1,2,0,141.0
10109563ANANIASJ_2025-04-07_G06,10109563ANANIASJ,2025-04-07,124486,1,2,0,118.0
10109563ANANIASJ_2025-04-07_G07,10109563ANANIASJ,2025-04-07,121651,1,14,0,632.0
10109563ANANIASJ_2025-04-07_G08,10109563ANANIASJ,2025-04-07,123344,1,10,0,652.0
10109563ANANIASJ_2025-04-07_G09,10109563ANANIASJ,2025-04-07,122988,1,20,0,3122.0
10109563ANANIASJ_2025-04-07_G10,10109563ANANIASJ,2025-04-07,124486,1,150,0,47.0
10109563ANANIASJ_2025-04-11_G02,10109563ANANIASJ,2025-04-11,123344,1,2,0,246.0
10109563ANANIASJ_2025-04-11_G03,10109563ANANIASJ,2025-04-11,121760,1,1,0,158.0
10109563ANANIASJ_2025-04-11_G04,10109563ANANIASJ,2025-04-11,121760,1,5,0,84.0
10109563ANANIASJ_2025-04-11_G05,10109563ANANIASJ,2025-04-11,124475,1,2,0,186.0
10109563ANANIASJ_2025-04-11_G06,10109563ANANIASJ,2025-04-11,123345,1,1,0,181.0
10109563ANANIASJ_2025-04-11_G07,10109563ANANIASJ,2025-04-11,122673,1,10,0,664.0
10109563ANANIASJ_2025-04-11_G08,10109563ANANIASJ,2025-04-11,122673,1,4,0,143.0
10109563ANANIASJ_2025-04-11_G09,10109563ANANIASJ,2025-04-11,122673,1,12,0,731.0
10109563ANANIASJ_2025-04-11_G10,10109563ANANIASJ,2025-04-11,123345,1,6,0,243.0
10109563ANANIASJ_2025-04-11_G11,10109563ANANIASJ,2025-04-11,124486,1,50,0,776.0
10109563ANANIASJ_2025-04-11_G12,10109563ANANIASJ,2025-04-11,122962,1,16,0,1624.0
10109563ANANIASJ_2025-04-11_G13,10109563ANANIASJ,2025-04-11,124370,1,2,0,168.0
10109563ANANIASJ_2025-04-11_G14,10109563ANANIASJ,2025-04-11,123343,1,8,0,429.0
10109563ANANIASJ_2025-04-11_G15,10109563ANANIASJ,2025-04-11,124370,1,6,0,1031.0
10109563ANANIASJ_2025-04-16_G02,10109563ANANIASJ,2025-04-16,122962,1,12,0,395.0
10109563ANANIASJ_2025-04-16_G03,10109563ANANIASJ,2025-04-16,122962,1,4,0,125.0
10109563ANANIASJ_2025-04-16_G04,10109563ANANIASJ,2025-04-16,122962,1,4,0,378.0
10109563ANANIASJ_2025-04-16_G05,10109563ANANIASJ,2025-04-16,122962,1,8,0,554.0
10109563ANANIASJ_2025-04-16_G06,10109563ANANIASJ,2025-04-16,123492,1,20,0,378.0
10109563ANANIASJ_2025-04-28_G02,10109563ANANIASJ,2025-04-28,124475,1,6,0,140.0
10109563ANANIASJ_2025-04-28_G03,10109563ANANIASJ,2025-04-28,124475,1,12,0,313.0
10109563ANANIASJ_2025-04-28_G04,10109563ANANIASJ,2025-04-28,120028,1,25,0,671.0
10109563ANANIASJ_2025-04-28_G05,10109563ANANIASJ,2025-04-28,120339,1,12,0,635.0
10109563ANANIASJ_2025-04-28_G06,10109563ANANIASJ,2025-04-28,122983,1,4,0,233.0
10109563ANANIASJ_2025-04-29_G02,10109563ANANIASJ,2025-04-29,122671,1,8,0,177.0
10109563ANANIASJ_2025-04-29_G03,10109563ANANIASJ,2025-04-29,124476,1,4,0,172.0
10109563ANANIASJ_2025-04-29_G04,10109563ANANIASJ,2025-04-29,124486,1,30,0,699.0
10109563ANANIASJ_2025-04-29_G05,10109563ANANIASJ,2025-04-29,124475,1,12,0,300.0
10109563ANANIASJ_2025-04-29_G06,10109563ANANIASJ,2025-04-29,123343,1,9,0,916.0
10109563ANANIASJ_2025-04-29_G07,10109563ANANIASJ,2025-04-29,123345,1,9,0,185.0
10109563ANANIASJ_2025-04-29_G08,10109563ANANIASJ,2025-04-29,123344,1,11,0,512.0
10109563ANANIASJ_2025-04-29_G09,10109563ANANIASJ,2025-04-29,123343,1,2,0,862.0
10109563ANANIASJ_2025-04-29_G10,10109563ANANIASJ,2025-04-29,123343,1,12,0,444.0
10109563ANANIASJ_2025-04-29_G11,10109563ANANIASJ,2025-04-29,124486,1,36,0,734.0
10109563ANANIASJ_2025-04-29_G12,10109563ANANIASJ,2025-04-29,120389,1,16,0,673.0
10109563ANANIASJ_2025-04-29_G13,10109563ANANIASJ,2025-04-29,123080,1,16,0,333.0
10109563ANANIASJ_2025-04-29_G14,10109563ANANIASJ,2025-04-29,120272,1,1,0,81.0
10109563ANANIASJ_2025-04-29_G15,10109563ANANIASJ,2025-04-29,123947,1,6,0,892.0
10109563ANANIASJ_2025-04-29_G16,10109563ANANIASJ,2025-04-29,181056,1,2,0,3558.0
10109563ANANIASJ_2025-04-29_G17,10109563ANANIASJ,2025-04-29,181235,1,4,0,1275.0
10109563ANANIASJ_2025-04-29_G18,10109563ANANIASJ,2025-04-29,123343,1,12,0,489.0
10109563ANANIASJ_2025-04-29_G19,10109563ANANIASJ,2025-04-29,123345,1,10,0,231.0
10109563ANANIASJ_2025-04-29_G20,10109563ANANIASJ,2025-04-29,124371,1,6,0,180.0
10109563ANANIASJ_2025-04-29_G21,10109563ANANIASJ,2025-04-29,124247,2,6,20,120.0
10109563ANANIASJ_2025-04-29_G22,10109563ANANIASJ,2025-04-29,123344,1,5,0,174.0
10109563ANANIASJ_2025-04-29_G23,10109563ANANIASJ,2025-04-29,122962,1,10,0,201.0
10109563ANANIASJ_2025-04-29_G24,10109563ANANIASJ,2025-04-29,122962,1,15,0,207.0
10109563ANANIASJ_2025-04-29_G25,10109563ANANIASJ,2025-04-29,122962,1,26,0,712.0
10109563ANANIASJ_2025-04-29_G26,10109563ANANIASJ,2025-04-29,124486,1,6,0,93.0
10109563ANANIASJ_2025-04-29_G27,10109563ANANIASJ,2025-04-29,124486,1,19,0,156.0
10109563ANANIASJ_2025-04-29_G28,10109563ANANIASJ,2025-04-29,124486,1,30,0,318.0
10109563ANANIASJ_2025-04-29_G30,10109563ANANIASJ,2025-04-29,123153,1,76,0,789.0
10109563ANANIASJ_2025-04-29_G31,10109563ANANIASJ,2025-04-29,123153,1,10,0,144.0
10109563ANANIASJ_2025-04-29_G32,10109563ANANIASJ,2025-04-29,124371,1,60,0,1412.0
10109563ANANIASJ_2025-04-29_G33,10109563ANANIASJ,2025-04-29,123313,1,8,0,3272.0
10109563ANANIASJ_2025-04-29_G34,10109563ANANIASJ,2025-04-29,122185,1,90,0,2490.0
10109563ANANIASJ_2025-05-10_G02,10109563ANANIASJ,2025-05-10,122962,1,12,0,191.0
10109563ANANIASJ_2025-05-10_G03,10109563ANANIASJ,2025-05-10,124486,1,40,0,602.0
10109563ANANIASJ_2025-05-10_G04,10109563ANANIASJ,2025-05-10,122962,1,40,0,441.0
10109563ANANIASJ_2025-05-10_G05,10109563ANANIASJ,2025-05-10,123130,1,16,0,326.0
10109563ANANIASJ_2025-05-10_G06,10109563ANANIASJ,2025-05-10,124486,1,44,0,762.0
10109563ANANIASJ_2025-05-10_G07,10109563ANANIASJ,2025-05-10,122671,1,40,0,774.0
10109563ANANIASJ_2025-05-10_G08,10109563ANANIASJ,2025-05-10,122962,1,8,0,67.0
10109563ANANIASJ_2025-05-10_G09,10109563ANANIASJ,2025-05-10,123130,1,30,0,2834.0
10109563ANANIASJ_2025-05-10_G10,10109563ANANIASJ,2025-05-10,120272,1,40,0,857.0
10109563ANANIASJ_2025-05-10_G11,10109563ANANIASJ,2025-05-10,124248,1,9,0,186.0
10109563ANANIASJ_2025-05-26_G02,10109563ANANIASJ,2025-05-26,121651,1,40,0,637.0
10109563ANANIASJ_2025-05-26_G03,10109563ANANIASJ,2025-05-26,123080,1,28,0,2623.0
10109563ANANIASJ_2025-05-30_G02,10109563ANANIASJ,2025-05-30,123909,1,2,0,208.0
10109563ANANIASJ_2025-05-30_G03,10109563ANANIASJ,2025-05-30,122985,1,1,0,222.0
10109563ANANIASJ_2025-05-30_G04,10109563ANANIASJ,2025-05-30,122985,1,4,0,61.0
10109563ANANIASJ_2025-05-30_G05,10109563ANANIASJ,2025-05-30,122703,1,2,0,137.0
10109563ANANIASJ_2025-05-30_G06,10109563ANANIASJ,2025-05-30,"122985, 122984",2,8,16,226.0
10109563ANANIASJ_2025-05-30_G07,10109563ANANIASJ,2025-05-30,123343,1,3,0,341.0
10109563ANANIASJ_2025-05-30_G08,10109563ANANIASJ,2025-05-30,123344,1,6,0,1491.0
10109563ANANIASJ_2025-05-30_G09,10109563ANANIASJ,2025-05-30,121651,1,4,0,36.0
10109563ANANIASJ_2025-05-30_G10,10109563ANANIASJ,2025-05-30,124476,2,2,28,36.0
10109563ANANIASJ_2025-05-30_G11,10109563ANANIASJ,2025-05-30,123153,1,20,0,202.0
10109563ANANIASJ_2025-05-30_G12,10109563ANANIASJ,2025-05-30,124370,1,10,0,324.0
10109563ANANIASJ_2025-05-30_G13,10109563ANANIASJ,2025-05-30,124475,1,12,0,230.0
10109563ANANIASJ_2025-05-30_G14,10109563ANANIASJ,2025-05-30,124475,1,10,0,119.0
10109563ANANIASJ_2025-05-30_G15,10109563ANANIASJ,2025-05-30,124371,1,6,0,63.0
10109563ANANIASJ_2025-05-30_G16,10109563ANANIASJ,2025-05-30,124371,1,8,0,239.0
10109563ANANIASJ_2025-05-30_G17,10109563ANANIASJ,2025-05-30,122985,1,4,0,78.0
10109563ANANIASJ_2025-05-30_G18,10109563ANANIASJ,2025-05-30,124247,1,4,0,74.0
10109563ANANIASJ_2025-05-30_G19,10109563ANANIASJ,2025-05-30,123344,1,6,0,131.0
10109563ANANIASJ_2025-05-30_G20,10109563ANANIASJ,2025-05-30,123344,1,2,0,211.0
10109563ANANIASJ_2025-05-30_G21,10109563ANANIASJ,2025-05-30,121760,1,4,0,128.0
10109563ANANIASJ_2025-05-31_G02,10109563ANANIASJ,2025-05-31,123344,1,13,0,159.0
10109563ANANIASJ_2025-05-31_G03,10109563ANANIASJ,2025-05-31,123344,1,10,0,316.0
10109563ANANIASJ_2025-05-31_G04,10109563ANANIASJ,2025-05-31,123344,2,42,16,214.0
10109563ANANIASJ_2025-05-31_G05,10109563ANANIASJ,2025-05-31,121760,1,12,0,791.0
10109563ANANIASJ_2025-05-31_G06,10109563ANANIASJ,2025-05-31,181887,1,6,0,318.0
10109563ANANIASJ_2025-05-31_G07,10109563ANANIASJ,2025-05-31,124477,1,6,0,265.0
10109563ANANIASJ_2025-05-31_G08,10109563ANANIASJ,2025-05-31,121760,1,4,0,347.0
10109563ANANIASJ_2025-05-31_G09,10109563ANANIASJ,2025-05-31,121760,1,29,0,781.0
10109563ANANIASJ_2025-05-31_G10,10109563ANANIASJ,2025-05-31,121760,1,5,0,83.0
10109563ANANIASJ_2025-05-31_G11,10109563ANANIASJ,2025-05-31,181056,1,4,0,364.0
10109563ANANIASJ_2025-05-31_G13,10109563ANANIASJ,2025-05-31,121760,1,4,0,109.0
10109563ANANIASJ_2025-05-31_G14,10109563ANANIASJ,2025-05-31,122984,1,2,0,120.0
10109563ANANIASJ_2025-05-31_G15,10109563ANANIASJ,2025-05-31,120272,1,8,0,196.0
10109563ANANIASJ_2025-05-31_G16,10109563ANANIASJ,2025-05-31,124476,1,2,0,515.0
10109563ANANIASJ_2025-05-31_G17,10109563ANANIASJ,2025-05-31,122185,1,120,0,1307.0
10109563ANANIASJ_2025-05-31_G18,10109563ANANIASJ,2025-05-31,122984,1,30,0,269.0
10109563ANANIASJ_2025-05-31_G19,10109563ANANIASJ,2025-05-31,123153,1,20,0,659.0
10109563ANANIASJ_2025-05-31_G20,10109563ANANIASJ,2025-05-31,123560,1,4,0,1649.0
10109563ANANIASJ_2025-05-31_G21,10109563ANANIASJ,2025-05-31,121651,1,12,0,348.0
10109563ANANIASJ_2025-06-24_G02,10109563ANANIASJ,2025-06-24,124248,1,4,0,91.0
10109563ANANIASJ_2025-06-24_G03,10109563ANANIASJ,2025-06-24,123345,1,10,0,300.0
10109563ANANIASJ_2025-06-24_G04,10109563ANANIASJ,2025-06-24,120339,1,1,0,120.0
10109563ANANIASJ_2025-06-24_G05,10109563ANANIASJ,2025-06-24,120339,1,8,0,113.0
10109563ANANIASJ_2025-06-24_G06,10109563ANANIASJ,2025-06-24,123909,1,6,0,145.0
10109563ANANIASJ_2025-06-24_G07,10109563ANANIASJ,2025-06-24,124548,1,1,0,72.0
10109563ANANIASJ_2025-06-24_G08,10109563ANANIASJ,2025-06-24,123345,1,8,0,166.0
10109563ANANIASJ_2025-06-24_G09,10109563ANANIASJ,2025-06-24,124476,1,1,0,405.0
10109563ANANIASJ_2025-06-24_G10,10109563ANANIASJ,2025-06-24,121760,1,2,0,165.0
10109563ANANIASJ_2025-06-24_G11,10109563ANANIASJ,2025-06-24,120271,1,1,0,79.0
10109563ANANIASJ_2025-06-24_G12,10109563ANANIASJ,2025-06-24,122962,1,9,0,198.0
10109563ANANIASJ_2025-06-24_G13,10109563ANANIASJ,2025-06-24,122981,1,1,0,78.0
10109563ANANIASJ_2025-06-24_G14,10109563ANANIASJ,2025-06-24,122673,1,16,0,361.0
10109563ANANIASJ_2025-06-24_G15,10109563ANANIASJ,2025-06-24,120339,1,2,0,34.0
10109563ANANIASJ_2025-06-24_G16,10109563ANANIASJ,2025-06-24,122671,1,22,0,927.0
10109563ANANIASJ_2025-06-24_G17,10109563ANANIASJ,2025-06-24,181056,1,4,0,184.0
10109563ANANIASJ_2025-06-24_G18,10109563ANANIASJ,2025-06-24,123153,1,20,0,447.0
10109563ANANIASJ_2025-06-24_G19,10109563ANANIASJ,2025-06-24,124264,1,12,0,228.0
10109563ANANIASJ_2025-06-24_G20,10109563ANANIASJ,2025-06-24,121760,1,2,0,166.0
10109563ANANIASJ_2025-06-24_G21,10109563ANANIASJ,2025-06-24,181057,1,4,0,229.0
10109563ANANIASJ_2025-06-24_G22,10109563ANANIASJ,2025-06-24,122671,1,8,0,118.0
10109563ANANIASJ_2025-06-24_G23,10109563ANANIASJ,2025-06-24,120339,1,3,0,146.0
10109563ANANIASJ_2025-06-24_G24,10109563ANANIASJ,2025-06-24,124477,1,3,0,1561.0
10109563ANANIASJ_2025-06-24_G25,10109563ANANIASJ,2025-06-24,123313,1,10,0,1000.0
10109563ANANIASJ_2025-06-24_G26,10109563ANANIASJ,2025-06-24,180054,1,5,0,175.0
10109563ANANIASJ_2025-06-24_G27,10109563ANANIASJ,2025-06-24,122671,1,20,0,229.0
10109563ANANIASJ_2025-06-24_G28,10109563ANANIASJ,2025-06-24,124370,1,40,0,1195.0
10109563ANANIASJ_2025-06-24_G29,10109563ANANIASJ,2025-06-24,122983,1,10,0,188.0
10109563ANANIASJ_2025-06-24_G30,10109563ANANIASJ,2025-06-24,120028,1,31,0,496.0
10109563ANANIASJ_2025-06-24_G31,10109563ANANIASJ,2025-06-24,120339,1,5,0,152.0
10109563ANANIASJ_2025-06-24_G32,10109563ANANIASJ,2025-06-24,122982,1,18,0,312.0
10109563ANANIASJ_2025-06-24_G33,10109563ANANIASJ,2025-06-24,123909,1,30,0,424.0
10109563ANANIASJ_2025-06-24_G34,10109563ANANIASJ,2025-06-24,122962,1,50,0,768.0
10109563ANANIASJ_2025-06-24_G35,10109563ANANIASJ,2025-06-24,124475,1,14,0,316.0
10109563ANANIASJ_2025-06-24_G36,10109563ANANIASJ,2025-06-24,124486,1,37,0,709.0
10109563ANANIASJ_2025-06-24_G37,10109563ANANIASJ,2025-06-24,122984,1,12,0,265.0
10109563ANANIASJ_2025-06-24_G38,10109563ANANIASJ,2025-06-24,121651,1,8,0,265.0
10109563ANANIASJ_2025-06-24_G39,10109563ANANIASJ,2025-06-24,121651,1,12,0,89.0
10109563ANANIASJ_2025-06-24_G40,10109563ANANIASJ,2025-06-24,124477,1,30,0,411.0
10109563ANANIASJ_2025-06-24_G41,10109563ANANIASJ,2025-06-24,124247,1,12,0,1052.0
10109563ANANIASJ_2025-06-24_G43,10109563ANANIASJ,2025-06-24,122984,1,8,0,120.0
10109563ANANIASJ_2025-06-24_G44,10109563ANANIASJ,2025-06-24,124248,1,2,0,57.0
10109563ANANIASJ_2025-06-24_G45,10109563ANANIASJ,2025-06-24,124247,1,4,0,180.0
10109563ANANIASJ_2025-06-24_G46,10109563ANANIASJ,2025-06-24,124248,1,6,0,106.0
10109563ANANIASJ_2025-06-24_G47,10109563ANANIASJ,2025-06-24,124476,1,3,0,111.0
10109563ANANIASJ_2025-06-24_G48,10109563ANANIASJ,2025-06-24,120339,1,4,0,61.0
10109563ANANIASJ_2025-06-24_G49,10109563ANANIASJ,2025-06-24,123153,1,8,0,238.0
10109563ANANIASJ_2025-06-24_G50,10109563ANANIASJ,2025-06-24,122185,1,24,0,146.0
10109563ANANIASJ_2025-06-24_G51,10109563ANANIASJ,2025-06-24,121651,1,4,0,508.0
10109563ANANIASJ_2025-06-24_G52,10109563ANANIASJ,2025-06-24,124486,1,30,0,418.0
10109563ANANIASJ_2025-06-24_G53,10109563ANANIASJ,2025-06-24,122962,1,20,0,282.0
10109563ANANIASJ_2025-06-24_G54,10109563ANANIASJ,2025-06-24,124486,1,30,0,342.0
10109563ANANIASJ_2025-06-24_G55,10109563ANANIASJ,2025-06-24,120028,1,52,0,1421.0
10109563ANANIASJ_2025-06-24_G56,10109563ANANIASJ,2025-06-24,124247,1,6,0,149.0
10109563ANANIASJ_2025-06-24_G57,10109563ANANIASJ,2025-06-24,124247,1,6,0,90.0
10109563ANANIASJ_2025-06-24_G58,10109563ANANIASJ,2025-06-24,122983,1,12,0,254.0
10109563ANANIASJ_2025-06-24_G59,10109563ANANIASJ,2025-06-24,122983,1,4,0,79.0
10109563ANANIASJ_2025-06-24_G60,10109563ANANIASJ,2025-06-24,122984,1,4,0,66.0
10109563ANANIASJ_2025-06-24_G61,10109563ANANIASJ,2025-06-24,120389,1,10,0,156.0
10109563ANANIASJ_2025-06-24_G62,10109563ANANIASJ,2025-06-24,120028,1,8,0,126.0
10109563ANANIASJ_2025-06-24_G63,10109563ANANIASJ,2025-06-24,124486,1,18,0,376.0
10109563ANANIASJ_2025-06-24_G64,10109563ANANIASJ,2025-06-24,124476,1,6,0,146.0
10109563ANANIASJ_2025-06-29_G02,10109563ANANIASJ,2025-06-29,110339,1,8,0,137.0
10109563ANANIASJ_2025-06-29_G03,10109563ANANIASJ,2025-06-29,118298,1,4,0,172.0
10109563ANANIASJ_2025-06-29_G04,10109563ANANIASJ,2025-06-29,110515,1,27,0,1147.0
10109563ANANIASJ_2025-06-29_G05,10109563ANANIASJ,2025-06-29,109640,1,34,0,703.0
10109563ANANIASJ_2025-06-29_G06,10109563ANANIASJ,2025-06-29,111467,1,20,0,351.0
10109563ANANIASJ_2025-06-29_G07,10109563ANANIASJ,2025-06-29,105242,1,4,0,145.0
10109563ANANIASJ_2025-06-29_G08,10109563ANANIASJ,2025-06-29,110752,1,2,0,222.0
10109563ANANIASJ_2025-06-29_G09,10109563ANANIASJ,2025-06-29,111172,1,2,0,355.0
10109563ANANIASJ_2025-06-29_G10,10109563ANANIASJ,2025-06-29,111532,1,11,0,174.0
10109563ANANIASJ_2025-06-29_G11,10109563ANANIASJ,2025-06-29,111462,1,34,0,532.0
10109563ANANIASJ_2025-06-29_G12,10109563ANANIASJ,2025-06-29,110748,1,8,0,192.0
10109563ANANIASJ_2025-06-29_G13,10109563ANANIASJ,2025-06-29,117821,1,8,0,207.0
10109563ANANIASJ_2025-06-29_G14,10109563ANANIASJ,2025-06-29,111442,1,4,0,120.0
10109563ANANIASJ_2025-06-29_G15,10109563ANANIASJ,2025-06-29,107236,1,4,0,368.0
10109563ANANIASJ_2025-06-29_G17,10109563ANANIASJ,2025-06-29,118222,1,4,0,405.0
10109563ANANIASJ_2025-06-29_G18,10109563ANANIASJ,2025-06-29,110747,1,2,0,119.0
10109563ANANIASJ_2025-06-29_G19,10109563ANANIASJ,2025-06-29,107892,1,2,0,216.0
10109563ANANIASJ_2025-06-29_G20,10109563ANANIASJ,2025-06-29,117836,1,4,0,552.0
10109563ANANIASJ_2025-06-29_G21,10109563ANANIASJ,2025-06-29,111434,1,4,0,257.0
10109563ANANIASJ_2025-06-29_G22,10109563ANANIASJ,2025-06-29,111348,1,1,0,101.0
10109563ANANIASJ_2025-06-29_G23,10109563ANANIASJ,2025-06-29,108711,1,4,0,95.0
10109563ANANIASJ_2025-06-29_G24,10109563ANANIASJ,2025-06-29,111532,1,4,0,119.0
10109563ANANIASJ_2025-06-29_G25,10109563ANANIASJ,2025-06-29,109641,1,1,0,67.0
10109563ANANIASJ_2025-06-29_G26,10109563ANANIASJ,2025-06-29,117809,1,7,0,770.0
10109563ANANIASJ_2025-06-29_G27,10109563ANANIASJ,2025-06-29,110373,1,11,0,198.0
10109563ANANIASJ_2025-06-29_G28,10109563ANANIASJ,2025-06-29,117830,1,3,0,126.0
10109563ANANIASJ_2025-06-29_G29,10109563ANANIASJ,2025-06-29,110372,1,17,0,323.0
10109563ANANIASJ_2025-06-29_G30,10109563ANANIASJ,2025-06-29,117820,1,2,0,93.0
10109563ANANIASJ_2025-06-29_G31,10109563ANANIASJ,2025-06-29,117854,1,4,0,810.0
10109563ANANIASJ_2025-06-29_G32,10109563ANANIASJ,2025-06-29,107629,1,3,0,78.0
10109563ANANIASJ_2025-06-29_G33,10109563ANANIASJ,2025-06-29,117786,1,12,0,163.0
10109563ANANIASJ_2025-06-29_G34,10109563ANANIASJ,2025-06-29,141047,1,2,0,115.0
10109563ANANIASJ_2025-06-29_G35,10109563ANANIASJ,2025-06-29,111467,1,4,0,98.0
10109563ANANIASJ_2025-06-29_G36,10109563ANANIASJ,2025-06-29,111879,1,2,0,59.0
10109563ANANIASJ_2025-06-29_G37,10109563ANANIASJ,2025-06-29,110313,1,3,0,168.0
10109563ANANIASJ_2025-06-29_G38,10109563ANANIASJ,2025-06-29,118403,1,4,0,167.0
10109563ANANIASJ_2025-06-29_G39,10109563ANANIASJ,2025-06-29,108772,1,3,0,116.0
10109563ANANIASJ_2025-06-29_G40,10109563ANANIASJ,2025-06-29,117935,1,4,0,264.0
10109563ANANIASJ_2025-06-29_G41,10109563ANANIASJ,2025-06-29,110375,1,1,0,567.0
10109563ANANIASJ_2025-06-29_G42,10109563ANANIASJ,2025-06-29,118299,1,10,0,244.0
10109563ANANIASJ_2025-06-29_G43,10109563ANANIASJ,2025-06-29,110373,1,9,0,1022.0
10109563ANANIASJ_2025-06-29_G44,10109563ANANIASJ,2025-06-29,107830,1,2,0,158.0
10109563ANANIASJ_2025-06-30_G02,10109563ANANIASJ,2025-06-30,124247,1,4,0,497.0
10109563ANANIASJ_2025-06-30_G03,10109563ANANIASJ,2025-06-30,122671,1,10,0,231.0
10109563ANANIASJ_2025-06-30_G04,10109563ANANIASJ,2025-06-30,123521,1,1,0,153.0
10109563ANANIASJ_2025-06-30_G05,10109563ANANIASJ,2025-06-30,123344,1,10,0,256.0
10109563ANANIASJ_2025-06-30_G06,10109563ANANIASJ,2025-06-30,122673,1,8,0,400.0
10109563ANANIASJ_2025-06-30_G07,10109563ANANIASJ,2025-06-30,122962,1,20,0,385.0
10109563ANANIASJ_2025-06-30_G08,10109563ANANIASJ,2025-06-30,122988,1,8,0,193.0
10109563ANANIASJ_2025-06-30_G09,10109563ANANIASJ,2025-06-30,122185,1,26,0,345.0
10109563ANANIASJ_2025-06-30_G10,10109563ANANIASJ,2025-06-30,123492,1,6,0,1997.0
10109563ANANIASJ_2025-06-30_G11,10109563ANANIASJ,2025-06-30,123344,1,1,0,226.0
10109563ANANIASJ_2025-06-30_G12,10109563ANANIASJ,2025-06-30,123492,1,12,0,535.0
10109563ANANIASJ_2025-06-30_G13,10109563ANANIASJ,2025-06-30,122673,1,8,0,3161.0
10109563ANANIASJ_2025-06-30_G14,10109563ANANIASJ,2025-06-30,123345,1,20,0,914.0
10109563ANANIASJ_2025-06-30_G15,10109563ANANIASJ,2025-06-30,123822,1,68,0,944.0
10109563ANANIASJ_2025-06-30_G16,10109563ANANIASJ,2025-06-30,122671,1,32,0,163.0
10109563ANANIASJ_2025-06-30_G17,10109563ANANIASJ,2025-06-30,122673,1,10,0,123.0
10109563ANANIASJ_2025-06-30_G18,10109563ANANIASJ,2025-06-30,122671,1,32,0,88.0
10109563ANANIASJ_2025-06-30_G19,10109563ANANIASJ,2025-06-30,122673,1,12,0,110.0
10109563ANANIASJ_2025-06-30_G20,10109563ANANIASJ,2025-06-30,122196,1,8,0,390.0
10109563ANANIASJ_2025-06-30_G21,10109563ANANIASJ,2025-06-30,120389,1,30,0,172.0
10109563ANANIASJ_2025-06-30_G22,10109563ANANIASJ,2025-06-30,124371,1,9,0,79.0
10109563ANANIASJ_2025-06-30_G23,10109563ANANIASJ,2025-06-30,120339,1,13,0,348.0
10109563ANANIASJ_2025-08-07_G02,10109563ANANIASJ,2025-08-07,124248,1,78,0,483.0
10109563ANANIASJ_2025-08-07_G03,10109563ANANIASJ,2025-08-07,122968,1,24,0,277.0
10109563ANANIASJ_2025-08-07_G04,10109563ANANIASJ,2025-08-07,124486,1,24,0,255.0
10109563ANANIASJ_2025-08-07_G05,10109563ANANIASJ,2025-08-07,122962,1,16,0,260.0
10109563ANANIASJ_2025-08-07_G06,10109563ANANIASJ,2025-08-07,123909,1,2,0,100.0
10109563ANANIASJ_2025-08-07_G07,10109563ANANIASJ,2025-08-07,120389,1,2,0,38.0
10109563ANANIASJ_2025-08-07_G08,10109563ANANIASJ,2025-08-07,124247,1,2,0,118.0
10109563ANANIASJ_2025-08-07_G09,10109563ANANIASJ,2025-08-07,124248,1,4,0,56.0
10109563ANANIASJ_2025-08-07_G10,10109563ANANIASJ,2025-08-07,122962,1,1,0,99.0
10109563ANANIASJ_2025-08-07_G11,10109563ANANIASJ,2025-08-07,123153,1,40,0,474.0
10109563ANANIASJ_2025-08-07_G12,10109563ANANIASJ,2025-08-07,124264,1,46,0,850.0
10109563ANANIASJ_2025-08-07_G13,10109563ANANIASJ,2025-08-07,124486,1,8,0,169.0
10109563ANANIASJ_2025-08-07_G14,10109563ANANIASJ,2025-08-07,123889,1,34,0,2013.0
10109563ANANIASJ_2025-08-11_G02,10109563ANANIASJ,2025-08-11,121928,1,2,0,726.0
10109563ANANIASJ_2025-08-11_G03,10109563ANANIASJ,2025-08-11,123560,1,40,0,1140.0
10109563ANANIASJ_2025-08-11_G04,10109563ANANIASJ,2025-08-11,122962,1,20,0,1222.0
10109563ANANIASJ_2025-08-11_G05,10109563ANANIASJ,2025-08-11,120028,1,40,0,589.0
10109563ANANIASJ_2025-08-11_G06,10109563ANANIASJ,2025-08-11,123343,1,6,0,2216.0
10109563ANANIASJ_2025-08-11_G07,10109563ANANIASJ,2025-08-11,123344,1,19,0,576.0
10109563ANANIASJ_2025-08-11_G08,10109563ANANIASJ,2025-08-11,123562,1,1,0,109.0
10109563ANANIASJ_2025-08-11_G09,10109563ANANIASJ,2025-08-11,124248,1,4,0,746.0
10109563ANANIASJ_2025-08-11_G10,10109563ANANIASJ,2025-08-11,122988,1,4,0,94.0
10109563ANANIASJ_2025-08-11_G11,10109563ANANIASJ,2025-08-11,123822,1,30,0,545.0
10109563ANANIASJ_2025-08-11_G12,10109563ANANIASJ,2025-08-11,123153,1,50,0,1048.0
10109563ANANIASJ_2025-08-11_G13,10109563ANANIASJ,2025-08-11,124264,1,8,0,261.0
10109563ANANIASJ_2025-08-28_G02,10109563ANANIASJ,2025-08-28,110749,1,20,0,656.0
10109563ANANIASJ_2025-08-28_G03,10109563ANANIASJ,2025-08-28,117835,1,7,0,334.0
10109563ANANIASJ_2025-08-28_G04,10109563ANANIASJ,2025-08-28,107830,1,23,0,718.0
10109563ANANIASJ_2025-08-28_G05,10109563ANANIASJ,2025-08-28,110325,1,15,0,266.0
10109563ANANIASJ_2025-08-28_G06,10109563ANANIASJ,2025-08-28,110376,1,50,0,471.0
10109563ANANIASJ_2025-08-28_G07,10109563ANANIASJ,2025-08-28,110371,1,259,0,767.0
10109563ANANIASJ_2025-08-28_G08,10109563ANANIASJ,2025-08-28,110375,1,50,0,1121.0
10109563ANANIASJ_2025-08-28_G09,10109563ANANIASJ,2025-08-28,110372,1,619,0,1594.0
10109563ANANIASJ_2025-08-28_G10,10109563ANANIASJ,2025-08-28,117808,1,548,0,3543.0
10109563ANANIASJ_2025-08-28_G11,10109563ANANIASJ,2025-08-28,118299,1,292,0,917.0
10109563ANANIASJ_2025-09-12_G02,10109563ANANIASJ,2025-09-12,124476,1,8,0,256.0
10109563ANANIASJ_2025-09-12_G03,10109563ANANIASJ,2025-09-12,124248,1,4,0,142.0
10109563ANANIASJ_2025-09-12_G04,10109563ANANIASJ,2025-09-12,121651,1,30,0,665.0
10109563ANANIASJ_2025-09-12_G05,10109563ANANIASJ,2025-09-12,123344,1,4,0,194.0
10109563ANANIASJ_2025-09-12_G06,10109563ANANIASJ,2025-09-12,124247,1,6,0,217.0
10109563ANANIASJ_2025-09-12_G07,10109563ANANIASJ,2025-09-12,122671,1,8,0,146.0
10109563ANANIASJ_2025-09-12_G08,10109563ANANIASJ,2025-09-12,122671,1,16,0,251.0
10109563ANANIASJ_2025-09-12_G09,10109563ANANIASJ,2025-09-12,122962,1,80,0,3449.0
10109563ANANIASJ_2025-09-12_G10,10109563ANANIASJ,2025-09-12,124248,1,3,0,109.0
10109563ANANIASJ_2025-09-12_G11,10109563ANANIASJ,2025-09-12,122984,1,16,0,226.0
10109563ANANIASJ_2025-09-12_G12,10109563ANANIASJ,2025-09-12,124247,1,2,0,99.0
10109563ANANIASJ_2025-09-12_G13,10109563ANANIASJ,2025-09-12,122983,1,2,0,35.0
10109563ANANIASJ_2025-09-12_G14,10109563ANANIASJ,2025-09-12,122673,1,30,0,160.0
10109563ANANIASJ_2025-09-12_G15,10109563ANANIASJ,2025-09-12,122703,1,12,0,185.0
10109563ANANIASJ_2025-09-12_G16,10109563ANANIASJ,2025-09-12,124486,1,30,0,442.0
10109563ANANIASJ_2025-09-12_G17,10109563ANANIASJ,2025-09-12,122962,1,24,0,264.0
10109563ANANIASJ_2025-09-12_G18,10109563ANANIASJ,2025-09-12,122962,1,16,0,220.0
10109563ANANIASJ_2025-09-12_G20,10109563ANANIASJ,2025-09-12,180601,1,1,0,673.0
10109563ANANIASJ_2025-09-12_G21,10109563ANANIASJ,2025-09-12,180601,1,1,0,704.0
10109563ANANIASJ_2025-09-12_G22,10109563ANANIASJ,2025-09-12,180601,4,4,49,212.0
10109563ANANIASJ_2025-09-19_G03,10109563ANANIASJ,2025-09-19,123343,1,12,0,1327.0
10109563ANANIASJ_2025-09-19_G04,10109563ANANIASJ,2025-09-19,124476,1,3,0,73.0
10109563ANANIASJ_2025-09-19_G05,10109563ANANIASJ,2025-09-19,123153,1,36,0,776.0
10109563ANANIASJ_2025-09-19_G06,10109563ANANIASJ,2025-09-19,121760,1,30,0,891.0
10109563ANANIASJ_2025-09-19_G07,10109563ANANIASJ,2025-09-19,124371,1,6,0,80.0
10109563ANANIASJ_2025-09-20_G02,10109563ANANIASJ,2025-09-20,121760,1,16,0,278.0
10109563ANANIASJ_2025-09-20_G03,10109563ANANIASJ,2025-09-20,122988,1,6,0,229.0
10109563ANANIASJ_2025-09-20_G05,10109563ANANIASJ,2025-09-20,123343,1,5,0,970.0
10109563ANANIASJ_2025-09-20_G06,10109563ANANIASJ,2025-09-20,120389,1,8,0,86.0
10109563ANANIASJ_2025-09-20_G07,10109563ANANIASJ,2025-09-20,120028,1,30,0,548.0
10109563ANANIASJ_2025-09-20_G08,10109563ANANIASJ,2025-09-20,122962,1,20,0,370.0
10109563ANANIASJ_2025-09-20_G09,10109563ANANIASJ,2025-09-20,122988,1,11,0,233.0
10109563ANANIASJ_2025-09-20_G10,10109563ANANIASJ,2025-09-20,124371,1,8,0,188.0
10109563ANANIASJ_2025-09-20_G11,10109563ANANIASJ,2025-09-20,122703,1,4,0,210.0
10109563ANANIASJ_2025-09-20_G12,10109563ANANIASJ,2025-09-20,123153,1,100,0,1483.0
10109563ANANIASJ_2025-09-20_G13,10109563ANANIASJ,2025-09-20,121928,1,20,0,300.0
10109563ANANIASJ_2025-09-20_G14,10109563ANANIASJ,2025-09-20,124475,1,20,0,454.0
10109563ANANIASJ_2025-09-20_G15,10109563ANANIASJ,2025-09-20,122962,1,20,0,314.0
10109563ANANIASJ_2025-09-20_G16,10109563ANANIASJ,2025-09-20,122982,1,32,0,930.0
10109563ANANIASJ_2025-09-20_G17,10109563ANANIASJ,2025-09-20,124624,1,8,0,1737.0
10109563ANANIASJ_2025-09-20_G18,10109563ANANIASJ,2025-09-20,122984,1,120,0,2203.0
10109563ANANIASJ_2025-09-22_G02,10109563ANANIASJ,2025-09-22,122981,1,20,0,334.0
10109563ANANIASJ_2025-09-22_G03,10109563ANANIASJ,2025-09-22,123153,1,10,0,206.0
10109563ANANIASJ_2025-09-22_G04,10109563ANANIASJ,2025-09-22,123153,1,28,0,291.0
10109563ANANIASJ_2025-09-22_G05,10109563ANANIASJ,2025-09-22,121760,1,40,0,714.0
10109563ANANIASJ_2025-09-22_G06,10109563ANANIASJ,2025-09-22,124248,1,8,0,156.0
10109563ANANIASJ_2025-09-22_G07,10109563ANANIASJ,2025-09-22,123560,1,6,0,154.0
10109563ANANIASJ_2025-09-22_G08,10109563ANANIASJ,2025-09-22,124624,1,10,0,106.0
10109563ANANIASJ_2025-09-22_G09,10109563ANANIASJ,2025-09-22,124624,1,4,0,46.0
10109563ANANIASJ_2025-09-22_G10,10109563ANANIASJ,2025-09-22,121651,1,16,0,173.0
10109563ANANIASJ_2025-09-22_G11,10109563ANANIASJ,2025-09-22,122984,1,8,0,181.0
10109563ANANIASJ_2025-09-22_G12,10109563ANANIASJ,2025-09-22,124247,1,18,0,843.0
10109563ANANIASJ_2025-09-22_G13,10109563ANANIASJ,2025-09-22,124247,1,6,0,69.0
10109563ANANIASJ_2025-09-22_G14,10109563ANANIASJ,2025-09-22,122986,1,10,0,139.0
10109563ANANIASJ_2025-09-22_G15,10109563ANANIASJ,2025-09-22,122983,1,18,0,162.0
10109563ANANIASJ_2025-09-22_G16,10109563ANANIASJ,2025-09-22,122962,1,80,0,1659.0
10109563ANANIASJ_2025-09-22_G17,10109563ANANIASJ,2025-09-22,122968,1,1,0,1043.0
10109563ANANIASJ_2025-09-22_G18,10109563ANANIASJ,2025-09-22,122673,1,14,0,663.0
10109563ANANIASJ_2025-09-22_G19,10109563ANANIASJ,2025-09-22,123909,1,2,0,74.0
10109563ANANIASJ_2025-09-22_G20,10109563ANANIASJ,2025-09-22,124370,1,24,0,548.0
10109563ANANIASJ_2025-09-22_G21,10109563ANANIASJ,2025-09-22,122647,1,6,0,49.0
10109563ANANIASJ_2025-09-22_G22,10109563ANANIASJ,2025-09-22,124476,1,20,0,309.0
10109563ANANIASJ_2025-09-22_G23,10109563ANANIASJ,2025-09-22,123153,1,30,0,288.0
10109563ANANIASJ_2025-09-22_G24,10109563ANANIASJ,2025-09-22,121760,1,12,0,459.0
10109563ANANIASJ_2025-09-22_G25,10109563ANANIASJ,2025-09-22,120389,1,12,0,164.0
10109563ANANIASJ_2025-09-22_G26,10109563ANANIASJ,2025-09-22,124371,1,12,0,227.0
10109563ANANIASJ_2025-09-22_G27,10109563ANANIASJ,2025-09-22,124486,1,15,0,281.0
10109563ANANIASJ_2025-09-22_G28,10109563ANANIASJ,2025-09-22,123344,1,10,0,305.0
10109563ANANIASJ_2025-09-22_G29,10109563ANANIASJ,2025-09-22,123343,1,20,0,326.0
10109563ANANIASJ_2025-09-24_G02,10109563ANANIASJ,2025-09-24,124511,1,30,0,2602.0
10109563ANANIASJ_2025-09-24_G03,10109563ANANIASJ,2025-09-24,124476,1,3,0,52.0
10109563ANANIASJ_2025-09-24_G04,10109563ANANIASJ,2025-09-24,123521,1,3,0,43.0
10109563ANANIASJ_2025-09-24_G05,10109563ANANIASJ,2025-09-24,124247,1,4,0,133.0
10109563ANANIASJ_2025-09-24_G06,10109563ANANIASJ,2025-09-24,124370,1,19,0,731.0
10109563ANANIASJ_2025-09-24_G07,10109563ANANIASJ,2025-09-24,122983,1,4,0,577.0
10109563ANANIASJ_2025-09-24_G08,10109563ANANIASJ,2025-09-24,121923,1,2,0,251.0
10109563ANANIASJ_2025-09-24_G09,10109563ANANIASJ,2025-09-24,124594,1,10,0,766.0
10109563ANANIASJ_2025-09-24_G10,10109563ANANIASJ,2025-09-24,181235,1,4,0,502.0
10109563ANANIASJ_2025-09-24_G11,10109563ANANIASJ,2025-09-24,124247,1,8,0,176.0
10109563ANANIASJ_2025-09-24_G12,10109563ANANIASJ,2025-09-24,123909,1,20,0,1173.0
10109563ANANIASJ_2025-09-24_G13,10109563ANANIASJ,2025-09-24,122673,1,30,0,588.0
10109563ANANIASJ_2025-09-24_G14,10109563ANANIASJ,2025-09-24,122962,1,80,0,1567.0
10109563ANANIASJ_2025-09-24_G15,10109563ANANIASJ,2025-09-24,123909,1,5,0,81.0
10109563ANANIASJ_2025-09-24_G16,10109563ANANIASJ,2025-09-24,124486,1,2,0,56.0
10109563ANANIASJ_2025-09-24_G17,10109563ANANIASJ,2025-09-24,122983,1,4,0,144.0
10109563ANANIASJ_2025-09-24_G18,10109563ANANIASJ,2025-09-24,122984,1,4,0,160.0
10109563ANANIASJ_2025-09-24_G19,10109563ANANIASJ,2025-09-24,124371,1,2,0,79.0
10109563ANANIASJ_2025-09-24_G20,10109563ANANIASJ,2025-09-24,123345,1,6,0,158.0
10109563ANANIASJ_2025-09-24_G21,10109563ANANIASJ,2025-09-24,122673,1,20,0,160.0
10109563ANANIASJ_2025-09-24_G22,10109563ANANIASJ,2025-09-24,124624,1,4,0,64.0
10109563ANANIASJ_2025-09-24_G23,10109563ANANIASJ,2025-09-24,123345,1,2,0,110.0
10109563ANANIASJ_2025-09-24_G24,10109563ANANIASJ,2025-09-24,122671,1,8,0,90.0
10109563ANANIASJ_2025-09-24_G26,10109563ANANIASJ,2025-09-24,122984,1,77,0,1103.0
10109563ANANIASJ_2025-09-24_G27,10109563ANANIASJ,2025-09-24,122984,1,13,0,113.0
10109563ANANIASJ_2025-09-25_G02,10109563ANANIASJ,2025-09-25,122982,1,20,0,942.0
10109563ANANIASJ_2025-09-25_G03,10109563ANANIASJ,2025-09-25,124247,1,16,0,455.0
10109563ANANIASJ_2025-09-25_G04,10109563ANANIASJ,2025-09-25,124370,1,32,0,1003.0
10109563ANANIASJ_2025-09-26_G02,10109563ANANIASJ,2025-09-26,122962,1,20,0,380.0
10109563ANANIASJ_2025-09-26_G03,10109563ANANIASJ,2025-09-26,120028,1,20,0,975.0
10109563ANANIASJ_2025-09-26_G04,10109563ANANIASJ,2025-09-26,122673,1,30,0,412.0
10109563ANANIASJ_2025-09-26_G05,10109563ANANIASJ,2025-09-26,122671,1,30,0,552.0
10109563ANANIASJ_2025-09-26_G06,10109563ANANIASJ,2025-09-26,122962,1,40,0,1853.0
10109563ANANIASJ_2025-09-26_G07,10109563ANANIASJ,2025-09-26,122962,1,80,0,1190.0
10109563ANANIASJ_2025-09-26_G08,10109563ANANIASJ,2025-09-26,123343,1,4,0,774.0
10109563ANANIASJ_2025-09-26_G09,10109563ANANIASJ,2025-09-26,122673,1,4,0,115.0
10109563ANANIASJ_2025-09-26_G10,10109563ANANIASJ,2025-09-26,123909,1,10,0,485.0
10109563ANANIASJ_2025-09-26_G11,10109563ANANIASJ,2025-09-26,124475,1,7,0,198.0
10109563ANANIASJ_2025-09-26_G12,10109563ANANIASJ,2025-09-26,122983,1,12,0,505.0
10109563ANANIASJ_2025-09-26_G13,10109563ANANIASJ,2025-09-26,124477,1,4,0,230.0
10109563ANANIASJ_2025-09-26_G15,10109563ANANIASJ,2025-09-26,124486,1,4,0,187.0
10109563ANANIASJ_2025-09-26_G16,10109563ANANIASJ,2025-09-26,122673,1,4,0,228.0
10109563ANANIASJ_2025-09-26_G17,10109563ANANIASJ,2025-09-26,124248,1,6,0,176.0
10109563ANANIASJ_2025-09-26_G18,10109563ANANIASJ,2025-09-26,123343,1,6,0,1193.0
10109563ANANIASJ_2025-09-26_G19,10109563ANANIASJ,2025-09-26,122673,1,8,0,247.0
10109563ANANIASJ_2025-09-26_G20,10109563ANANIASJ,2025-09-26,123345,1,4,0,465.0
10109563ANANIASJ_2025-09-26_G21,10109563ANANIASJ,2025-09-26,123153,1,6,0,262.0
10109563ANANIASJ_2025-09-26_G22,10109563ANANIASJ,2025-09-26,122673,1,60,0,1066.0
10109563ANANIASJ_2025-09-26_G23,10109563ANANIASJ,2025-09-26,123153,1,36,0,714.0
10109563ANANIASJ_2025-09-26_G24,10109563ANANIASJ,2025-09-26,123153,1,4,0,114.0
10109563ANANIASJ_2025-09-26_G25,10109563ANANIASJ,2025-09-26,123153,1,6,0,37.0
10109563ANANIASJ_2025-09-26_G26,10109563ANANIASJ,2025-09-26,123153,1,4,0,131.0
10109563ANANIASJ_2025-09-26_G27,10109563ANANIASJ,2025-09-26,124247,1,2,0,143.0
10109563ANANIASJ_2025-09-27_G02,10109563ANANIASJ,2025-09-27,111602,1,30,0,492.0
10109563ANANIASJ_2025-09-27_G03,10109563ANANIASJ,2025-09-27,117935,1,6,0,330.0
10109563ANANIASJ_2025-09-27_G04,10109563ANANIASJ,2025-09-27,118317,1,12,0,2698.0
10109563ANANIASJ_2025-09-27_G05,10109563ANANIASJ,2025-09-27,110787,1,100,0,498.0
10109563ANANIASJ_2025-09-27_G06,10109563ANANIASJ,2025-09-27,108794,1,25,0,387.0
10109563ANANIASJ_2025-09-27_G07,10109563ANANIASJ,2025-09-27,111182,1,8,0,184.0
10109563ANANIASJ_2025-09-27_G09,10109563ANANIASJ,2025-09-27,160057,1,10,0,1264.0
10109563ANANIASJ_2025-09-27_G10,10109563ANANIASJ,2025-09-27,111463,1,8,0,372.0
10109563ANANIASJ_2025-09-27_G11,10109563ANANIASJ,2025-09-27,109641,1,8,0,188.0
10109563ANANIASJ_2025-09-27_G12,10109563ANANIASJ,2025-09-27,160055,1,10,0,425.0
10109563ANANIASJ_2025-09-27_G13,10109563ANANIASJ,2025-09-27,110787,1,3,0,142.0
10109563ANANIASJ_2025-09-27_G14,10109563ANANIASJ,2025-09-27,118223,1,5,0,214.0
10109563ANANIASJ_2025-09-27_G15,10109563ANANIASJ,2025-09-27,118140,1,6,0,93.0
10109563ANANIASJ_2025-09-27_G16,10109563ANANIASJ,2025-09-27,111462,1,4,0,107.0
10109563ANANIASJ_2025-09-27_G17,10109563ANANIASJ,2025-09-27,117821,1,4,0,103.0
10109563ANANIASJ_2025-09-27_G18,10109563ANANIASJ,2025-09-27,160054,1,16,0,614.0
10109563ANANIASJ_2025-09-27_G19,10109563ANANIASJ,2025-09-27,109643,1,4,0,204.0
10109563ANANIASJ_2025-09-27_G20,10109563ANANIASJ,2025-09-27,110374,1,1,0,55.0
10109563ANANIASJ_2025-09-27_G21,10109563ANANIASJ,2025-09-27,109648,1,4,0,112.0
10109563ANANIASJ_2025-09-27_G22,10109563ANANIASJ,2025-09-27,117808,1,13,0,216.0
10109563ANANIASJ_2025-09-27_G23,10109563ANANIASJ,2025-09-27,160052,1,4,0,151.0
10109563ANANIASJ_2025-09-27_G24,10109563ANANIASJ,2025-09-27,160053,1,4,0,380.0
10109563ANANIASJ_2025-09-27_G25,10109563ANANIASJ,2025-09-27,160051,1,8,0,464.0
10109563ANANIASJ_2025-09-27_G26,10109563ANANIASJ,2025-09-27,117820,1,24,0,385.0
10109563ANANIASJ_2025-09-27_G27,10109563ANANIASJ,2025-09-27,110325,1,4,0,119.0
10109563ANANIASJ_2025-09-27_G28,10109563ANANIASJ,2025-09-27,117830,1,4,0,89.0
10109563ANANIASJ_2025-09-27_G29,10109563ANANIASJ,2025-09-27,118299,1,20,0,841.0
10109563ANANIASJ_2025-09-29_G02,10109563ANANIASJ,2025-09-29,123343,1,9,0,722.0
10109563ANANIASJ_2025-09-29_G03,10109563ANANIASJ,2025-09-29,123343,1,2,0,196.0
10109563ANANIASJ_2025-09-29_G04,10109563ANANIASJ,2025-09-29,122647,1,4,0,588.0
10109563ANANIASJ_2025-09-29_G05,10109563ANANIASJ,2025-09-29,122673,1,8,0,275.0
10109563ANANIASJ_2025-09-29_G06,10109563ANANIASJ,2025-09-29,123909,1,2,0,62.0
10109563ANANIASJ_2025-09-29_G07,10109563ANANIASJ,2025-09-29,124476,1,4,0,49.0
10109563ANANIASJ_2025-09-29_G08,10109563ANANIASJ,2025-09-29,121760,1,2,0,117.0
10109563ANANIASJ_2025-09-29_G09,10109563ANANIASJ,2025-09-29,124475,1,1,0,183.0
10109563ANANIASJ_2025-09-29_G10,10109563ANANIASJ,2025-09-29,122962,1,2,0,151.0
10109563ANANIASJ_2025-09-29_G11,10109563ANANIASJ,2025-09-29,122703,1,2,0,89.0
10109563ANANIASJ_2025-09-29_G12,10109563ANANIASJ,2025-09-29,121651,1,2,0,112.0
10109563ANANIASJ_2025-09-29_G13,10109563ANANIASJ,2025-09-29,121651,1,6,0,235.0
10109563ANANIASJ_2025-09-29_G14,10109563ANANIASJ,2025-09-29,123344,1,2,0,297.0
10109563ANANIASJ_2025-09-29_G15,10109563ANANIASJ,2025-09-29,123344,1,2,0,52.0
10109563ANANIASJ_2025-09-29_G16,10109563ANANIASJ,2025-09-29,123345,1,2,0,474.0
10109563ANANIASJ_2025-09-29_G17,10109563ANANIASJ,2025-09-29,123345,2,14,15,32.0
10109563ANANIASJ_2025-09-29_G18,10109563ANANIASJ,2025-09-29,123080,1,13,0,349.0
10109563ANANIASJ_2025-09-29_G19,10109563ANANIASJ,2025-09-29,181887,1,41,0,1890.0
10109563ANANIASJ_2025-09-29_G20,10109563ANANIASJ,2025-09-29,121651,1,3,0,203.0
10109563ANANIASJ_2025-09-29_G21,10109563ANANIASJ,2025-09-29,124433,1,4,0,141.0
10109563ANANIASJ_2025-09-29_G22,10109563ANANIASJ,2025-09-29,123345,1,1,0,271.0
10109563ANANIASJ_2025-09-29_G23,10109563ANANIASJ,2025-09-29,123343,1,2,0,134.0
10109563ANANIASJ_2025-09-29_G24,10109563ANANIASJ,2025-09-29,123345,1,4,0,122.0
10109563ANANIASJ_2025-09-29_G25,10109563ANANIASJ,2025-09-29,123343,1,12,0,604.0
10109563ANANIASJ_2025-09-29_G26,10109563ANANIASJ,2025-09-29,123909,1,4,0,218.0
10109563ANANIASJ_2025-09-29_G27,10109563ANANIASJ,2025-09-29,124475,1,10,0,322.0
10109563ANANIASJ_2025-09-29_G28,10109563ANANIASJ,2025-09-29,122962,1,14,0,318.0
10109563ANANIASJ_2025-09-29_G29,10109563ANANIASJ,2025-09-29,181887,1,7,0,615.0
10109563ANANIASJ_2025-09-29_G30,10109563ANANIASJ,2025-09-29,180373,1,4,0,1407.0
10109563ANANIASJ_2025-09-30_G02,10109563ANANIASJ,2025-09-30,110741,1,14,0,237.0
10109563ANANIASJ_2025-09-30_G03,10109563ANANIASJ,2025-09-30,118298,1,10,0,219.0
10109563ANANIASJ_2025-09-30_G04,10109563ANANIASJ,2025-09-30,111530,1,10,0,226.0
10109563ANANIASJ_2025-09-30_G05,10109563ANANIASJ,2025-09-30,111530,1,10,0,224.0
10109563ANANIASJ_2025-09-30_G06,10109563ANANIASJ,2025-09-30,111530,1,70,0,384.0
10109563ANANIASJ_2025-09-30_G07,10109563ANANIASJ,2025-09-30,108772,1,9,0,823.0
10109563ANANIASJ_2025-09-30_G08,10109563ANANIASJ,2025-09-30,117856,1,30,0,148.0
10109563ANANIASJ_2025-10-03_G02,10109563ANANIASJ,2025-10-03,122647,1,2,0,445.0
10109563ANANIASJ_2025-10-03_G03,10109563ANANIASJ,2025-10-03,124248,1,2,0,54.0
10109563ANANIASJ_2025-10-03_G04,10109563ANANIASJ,2025-10-03,122962,1,4,0,99.0
10109563ANANIASJ_2025-10-03_G05,10109563ANANIASJ,2025-10-03,122984,1,6,0,412.0
10109563ANANIASJ_2025-10-03_G06,10109563ANANIASJ,2025-10-03,124248,1,6,0,114.0
10109563ANANIASJ_2025-10-03_G07,10109563ANANIASJ,2025-10-03,124247,1,2,0,85.0
10109563ANANIASJ_2025-10-03_G08,10109563ANANIASJ,2025-10-03,124247,1,2,0,97.0
10109563ANANIASJ_2025-10-03_G09,10109563ANANIASJ,2025-10-03,122983,1,8,0,182.0
10109563ANANIASJ_2025-10-03_G10,10109563ANANIASJ,2025-10-03,124248,1,18,0,374.0
10109563ANANIASJ_2025-10-03_G11,10109563ANANIASJ,2025-10-03,124486,1,3,0,136.0
10109563ANANIASJ_2025-10-03_G12,10109563ANANIASJ,2025-10-03,122967,1,56,0,1277.0
10109563ANANIASJ_2025-10-03_G13,10109563ANANIASJ,2025-10-03,124248,1,4,0,102.0
10109563ANANIASJ_2025-10-03_G14,10109563ANANIASJ,2025-10-03,122983,1,4,0,116.0
10109563ANANIASJ_2025-10-03_G15,10109563ANANIASJ,2025-10-03,124248,1,3,0,113.0
10109563ANANIASJ_2025-10-03_G16,10109563ANANIASJ,2025-10-03,124248,1,2,0,41.0
10109563ANANIASJ_2025-10-03_G17,10109563ANANIASJ,2025-10-03,124247,1,2,0,68.0
10109563ANANIASJ_2025-10-03_G18,10109563ANANIASJ,2025-10-03,122983,1,4,0,151.0
10109563ANANIASJ_2025-10-03_G19,10109563ANANIASJ,2025-10-03,124248,1,5,0,89.0
10109563ANANIASJ_2025-10-03_G20,10109563ANANIASJ,2025-10-03,124247,1,36,0,420.0
10109563ANANIASJ_2025-10-03_G21,10109563ANANIASJ,2025-10-03,122185,1,8,0,142.0
10109563ANANIASJ_2025-10-03_G22,10109563ANANIASJ,2025-10-03,124248,1,4,0,162.0
10109563ANANIASJ_2025-10-03_G23,10109563ANANIASJ,2025-10-03,123909,1,6,0,1879.0
10109563ANANIASJ_2025-10-03_G24,10109563ANANIASJ,2025-10-03,123909,1,10,0,164.0
10109563ANANIASJ_2025-10-03_G25,10109563ANANIASJ,2025-10-03,120389,1,12,0,228.0
10109563ANANIASJ_2025-10-03_G26,10109563ANANIASJ,2025-10-03,120389,2,8,24,188.0
10109563ANANIASJ_2025-10-03_G27,10109563ANANIASJ,2025-10-03,124486,1,50,0,692.0
10109563ANANIASJ_2025-10-04_G02,10109563ANANIASJ,2025-10-04,123343,1,4,0,141.0
10109563ANANIASJ_2025-10-04_G03,10109563ANANIASJ,2025-10-04,124371,1,26,0,713.0
10109563ANANIASJ_2025-10-04_G04,10109563ANANIASJ,2025-10-04,123344,1,26,0,2075.0
10109563ANANIASJ_2025-10-04_G05,10109563ANANIASJ,2025-10-04,120028,1,26,0,486.0
10109563ANANIASJ_2025-10-04_G06,10109563ANANIASJ,2025-10-04,121760,1,26,0,530.0
10109563ANANIASJ_2025-10-04_G07,10109563ANANIASJ,2025-10-04,124248,1,8,0,92.0
10109563ANANIASJ_2025-10-04_G08,10109563ANANIASJ,2025-10-04,124475,1,20,0,1744.0
10109563ANANIASJ_2025-10-04_G09,10109563ANANIASJ,2025-10-04,124370,1,26,0,406.0
10109563ANANIASJ_2025-10-04_G10,10109563ANANIASJ,2025-10-04,120389,1,18,0,313.0
10109563ANANIASJ_2025-10-04_G11,10109563ANANIASJ,2025-10-04,122984,1,6,0,56.0
10109563ANANIASJ_2025-10-04_G12,10109563ANANIASJ,2025-10-04,122703,1,12,0,165.0
10109563ANANIASJ_2025-10-04_G13,10109563ANANIASJ,2025-10-04,124486,1,40,0,310.0
10109563ANANIASJ_2025-10-04_G14,10109563ANANIASJ,2025-10-04,122962,1,26,0,252.0
10109563ANANIASJ_2025-10-04_G15,10109563ANANIASJ,2025-10-04,121651,1,26,0,277.0
10109563ANANIASJ_2025-10-04_G16,10109563ANANIASJ,2025-10-04,124548,1,6,0,124.0
10109563ANANIASJ_2025-10-04_G17,10109563ANANIASJ,2025-10-04,122983,1,6,0,75.0
10109563ANANIASJ_2025-10-04_G18,10109563ANANIASJ,2025-10-04,123492,1,1,0,173.0
10109563ANANIASJ_2025-10-04_G20,10109563ANANIASJ,2025-10-04,124476,1,5,0,166.0
10109563ANANIASJ_2025-10-04_G21,10109563ANANIASJ,2025-10-04,122984,1,2,0,194.0
10109563ANANIASJ_2025-10-04_G22,10109563ANANIASJ,2025-10-04,121923,1,7,0,440.0
10109563ANANIASJ_2025-10-04_G23,10109563ANANIASJ,2025-10-04,121651,1,20,0,727.0
10109563ANANIASJ_2025-10-04_G24,10109563ANANIASJ,2025-10-04,123343,1,4,0,437.0
10109563ANANIASJ_2025-10-04_G25,10109563ANANIASJ,2025-10-04,123345,1,24,0,634.0
10109563ANANIASJ_2025-10-04_G26,10109563ANANIASJ,2025-10-04,124371,1,34,0,528.0
10109563ANANIASJ_2025-10-04_G27,10109563ANANIASJ,2025-10-04,120028,1,14,0,916.0
10109563ANANIASJ_2025-10-04_G28,10109563ANANIASJ,2025-10-04,121760,1,54,0,913.0
10109563ANANIASJ_2025-10-04_G29,10109563ANANIASJ,2025-10-04,124248,1,8,0,194.0
10109563ANANIASJ_2025-10-04_G30,10109563ANANIASJ,2025-10-04,124475,1,20,0,345.0
10109563ANANIASJ_2025-10-04_G31,10109563ANANIASJ,2025-10-04,121651,1,54,0,1276.0
10109563ANANIASJ_2025-10-04_G32,10109563ANANIASJ,2025-10-04,124370,1,34,0,647.0
10109563ANANIASJ_2025-10-04_G33,10109563ANANIASJ,2025-10-04,120389,1,18,0,266.0
10109563ANANIASJ_2025-10-04_G34,10109563ANANIASJ,2025-10-04,122984,1,6,0,112.0
10109563ANANIASJ_2025-10-04_G35,10109563ANANIASJ,2025-10-04,122703,1,12,0,168.0
10109563ANANIASJ_2025-10-04_G36,10109563ANANIASJ,2025-10-04,122962,1,54,0,880.0
10109563ANANIASJ_2025-10-04_G37,10109563ANANIASJ,2025-10-04,122983,1,6,0,140.0
10109563ANANIASJ_2025-10-04_G38,10109563ANANIASJ,2025-10-04,123344,1,34,0,100.0
10109563ANANIASJ_2025-10-07_G02,10109563ANANIASJ,2025-10-07,123909,1,26,0,475.0
10109563ANANIASJ_2025-10-07_G03,10109563ANANIASJ,2025-10-07,123081,1,4,0,151.0
10109563ANANIASJ_2025-10-07_G04,10109563ANANIASJ,2025-10-07,121760,1,8,0,177.0
10109563ANANIASJ_2025-10-07_G05,10109563ANANIASJ,2025-10-07,122982,1,11,0,133.0
10109563ANANIASJ_2025-10-07_G06,10109563ANANIASJ,2025-10-07,124370,1,60,0,1780.0
10109563ANANIASJ_2025-10-07_G07,10109563ANANIASJ,2025-10-07,122984,1,47,0,970.0
10109563ANANIASJ_2025-10-07_G08,10109563ANANIASJ,2025-10-07,124486,1,30,0,928.0
10109563ANANIASJ_2025-10-07_G09,10109563ANANIASJ,2025-10-07,122962,1,50,0,1161.0
10109563ANANIASJ_2025-10-07_G10,10109563ANANIASJ,2025-10-07,124371,1,9,0,359.0
10109563ANANIASJ_2025-10-07_G11,10109563ANANIASJ,2025-10-07,124548,1,20,0,308.0
10109563ANANIASJ_2025-10-08_G02,10109563ANANIASJ,2025-10-08,122673,1,4,0,1130.0
10109563ANANIASJ_2025-10-08_G03,10109563ANANIASJ,2025-10-08,124476,1,2,0,51.0
10109563ANANIASJ_2025-10-08_G04,10109563ANANIASJ,2025-10-08,124475,1,1,0,87.0
10109563ANANIASJ_2025-10-08_G05,10109563ANANIASJ,2025-10-08,124370,1,2,0,65.0
10109563ANANIASJ_2025-10-08_G06,10109563ANANIASJ,2025-10-08,122962,1,2,0,118.0
10109563ANANIASJ_2025-10-08_G07,10109563ANANIASJ,2025-10-08,124248,1,2,0,313.0
10109563ANANIASJ_2025-10-08_G08,10109563ANANIASJ,2025-10-08,124248,1,6,0,37.0
10109563ANANIASJ_2025-10-08_G09,10109563ANANIASJ,2025-10-08,124486,1,40,0,697.0
10109563ANANIASJ_2025-10-08_G10,10109563ANANIASJ,2025-10-08,122673,1,10,0,221.0
10109563ANANIASJ_2025-10-08_G11,10109563ANANIASJ,2025-10-08,123153,1,10,0,54.0
10109563ANANIASJ_2025-10-08_G12,10109563ANANIASJ,2025-10-08,123345,1,2,0,298.0
10109563ANANIASJ_2025-10-09_G02,10109563ANANIASJ,2025-10-09,123909,1,4,0,329.0
10109563ANANIASJ_2025-10-09_G03,10109563ANANIASJ,2025-10-09,122986,1,2,0,171.0
10109563ANANIASJ_2025-10-09_G04,10109563ANANIASJ,2025-10-09,124371,1,4,0,414.0
10109563ANANIASJ_2025-10-09_G05,10109563ANANIASJ,2025-10-09,123343,1,4,0,85.0
10109563ANANIASJ_2025-10-09_G06,10109563ANANIASJ,2025-10-09,123909,1,26,0,632.0
10109563ANANIASJ_2025-10-09_G07,10109563ANANIASJ,2025-10-09,124486,1,20,0,827.0
10109563ANANIASJ_2025-10-09_G08,10109563ANANIASJ,2025-10-09,124247,1,6,0,219.0
10109563ANANIASJ_2025-10-09_G09,10109563ANANIASJ,2025-10-09,122986,1,5,0,333.0
10109563ANANIASJ_2025-10-09_G10,10109563ANANIASJ,2025-10-09,124486,1,25,0,1846.0
10109563ANANIASJ_2025-10-09_G11,10109563ANANIASJ,2025-10-09,120028,1,30,0,569.0
10109563ANANIASJ_2025-10-09_G12,10109563ANANIASJ,2025-10-09,124486,1,3,0,164.0
10109563ANANIASJ_2025-10-09_G13,10109563ANANIASJ,2025-10-09,122962,1,12,0,45.0
10109563ANANIASJ_2025-10-09_G14,10109563ANANIASJ,2025-10-09,122962,1,24,0,512.0
10109563ANANIASJ_2025-10-09_G15,10109563ANANIASJ,2025-10-09,124247,1,10,0,132.0
10109563ANANIASJ_2025-10-09_G16,10109563ANANIASJ,2025-10-09,123345,1,4,0,257.0
10109563ANANIASJ_2025-10-09_G17,10109563ANANIASJ,2025-10-09,124624,1,4,0,242.0
10109563ANANIASJ_2025-10-09_G18,10109563ANANIASJ,2025-10-09,120339,1,6,0,192.0
10109563ANANIASJ_2025-10-09_G19,10109563ANANIASJ,2025-10-09,124486,1,8,0,162.0
10109563ANANIASJ_2025-10-09_G20,10109563ANANIASJ,2025-10-09,122185,1,4,0,132.0
10109563ANANIASJ_2025-10-09_G21,10109563ANANIASJ,2025-10-09,124248,2,5,28,606.0
10109563ANANIASJ_2025-10-09_G22,10109563ANANIASJ,2025-10-09,124247,1,15,0,564.0
10109563ANANIASJ_2025-10-09_G23,10109563ANANIASJ,2025-10-09,124247,1,12,0,399.0
10109563ANANIASJ_2025-10-09_G24,10109563ANANIASJ,2025-10-09,124247,1,6,0,65.0
10109563ANANIASJ_2025-10-09_G25,10109563ANANIASJ,2025-10-09,124247,1,5,0,325.0
10109563ANANIASJ_2025-10-09_G26,10109563ANANIASJ,2025-10-09,124247,1,4,0,66.0
10109563ANANIASJ_2025-10-09_G27,10109563ANANIASJ,2025-10-09,124247,1,5,0,138.0
10109563ANANIASJ_2025-10-09_G28,10109563ANANIASJ,2025-10-09,124247,1,6,0,113.0
10109563ANANIASJ_2025-10-09_G29,10109563ANANIASJ,2025-10-09,124247,2,5,10,185.0
10109563ANANIASJ_2025-10-09_G30,10109563ANANIASJ,2025-10-09,124247,1,6,0,76.0
10109563ANANIASJ_2025-10-09_G32,10109563ANANIASJ,2025-10-09,124247,1,6,0,60.0
10109563ANANIASJ_2025-10-09_G33,10109563ANANIASJ,2025-10-09,122986,2,6,21,215.0
10109563ANANIASJ_2025-10-09_G34,10109563ANANIASJ,2025-10-09,122986,1,13,0,461.0
10109563ANANIASJ_2025-10-09_G35,10109563ANANIASJ,2025-10-09,122986,1,6,0,314.0
10109563ANANIASJ_2025-10-09_G36,10109563ANANIASJ,2025-10-09,122986,1,10,0,129.0
10109563ANANIASJ_2025-10-09_G37,10109563ANANIASJ,2025-10-09,122986,1,6,0,220.0
10109563ANANIASJ_2025-10-09_G38,10109563ANANIASJ,2025-10-09,122986,1,4,0,36.0
10109563ANANIASJ_2025-10-09_G39,10109563ANANIASJ,2025-10-09,122986,1,6,0,86.0
10109563ANANIASJ_2025-10-09_G40,10109563ANANIASJ,2025-10-09,122195,1,2,0,718.0
10109563ANANIASJ_2025-10-09_G41,10109563ANANIASJ,2025-10-09,124248,1,7,0,323.0
10109563ANANIASJ_2025-10-09_G42,10109563ANANIASJ,2025-10-09,122673,1,60,0,931.0
10109563ANANIASJ_2025-10-09_G43,10109563ANANIASJ,2025-10-09,123080,1,45,0,844.0
10109563ANANIASJ_2025-10-09_G44,10109563ANANIASJ,2025-10-09,122986,1,4,0,1079.0
10109563ANANIASJ_2025-10-09_G45,10109563ANANIASJ,2025-10-09,123343,1,10,0,285.0
10109563ANANIASJ_2025-10-09_G46,10109563ANANIASJ,2025-10-09,120028,1,10,0,266.0
10109563ANANIASJ_2025-10-09_G47,10109563ANANIASJ,2025-10-09,122962,1,12,0,223.0
10109563ANANIASJ_2025-10-10_G02,10109563ANANIASJ,2025-10-10,124370,1,8,0,279.0
10109563ANANIASJ_2025-10-10_G03,10109563ANANIASJ,2025-10-10,122703,1,2,0,173.0
10109563ANANIASJ_2025-10-10_G04,10109563ANANIASJ,2025-10-10,124486,1,5,0,372.0
10109563ANANIASJ_2025-10-10_G05,10109563ANANIASJ,2025-10-10,122962,1,5,0,193.0
10109563ANANIASJ_2025-10-10_G06,10109563ANANIASJ,2025-10-10,124371,1,8,0,148.0
10109563ANANIASJ_2025-10-10_G07,10109563ANANIASJ,2025-10-10,181887,1,2,0,205.0
10109563ANANIASJ_2025-10-10_G08,10109563ANANIASJ,2025-10-10,123345,1,8,0,265.0
10109563ANANIASJ_2025-10-10_G09,10109563ANANIASJ,2025-10-10,123343,1,5,0,150.0
10109563ANANIASJ_2025-10-10_G10,10109563ANANIASJ,2025-10-10,123344,1,10,0,444.0
10109563ANANIASJ_2025-10-10_G11,10109563ANANIASJ,2025-10-10,123909,1,10,0,434.0
10109563ANANIASJ_2025-10-10_G12,10109563ANANIASJ,2025-10-10,121760,1,8,0,168.0
10109563ANANIASJ_2025-10-10_G13,10109563ANANIASJ,2025-10-10,124370,1,8,0,157.0
10109563ANANIASJ_2025-10-10_G14,10109563ANANIASJ,2025-10-10,120389,1,3,0,135.0
10109563ANANIASJ_2025-10-11_G02,10109563ANANIASJ,2025-10-11,123345,1,12,0,346.0
10109563ANANIASJ_2025-10-11_G03,10109563ANANIASJ,2025-10-11,124624,1,24,0,299.0
10109563ANANIASJ_2025-10-11_G04,10109563ANANIASJ,2025-10-11,124624,1,8,0,55.0
10109563ANANIASJ_2025-10-11_G05,10109563ANANIASJ,2025-10-11,123909,1,4,0,763.0
10109563ANANIASJ_2025-10-11_G06,10109563ANANIASJ,2025-10-11,124248,1,10,0,82.0
10109563ANANIASJ_2025-10-11_G07,10109563ANANIASJ,2025-10-11,123345,1,8,0,1641.0
10109563ANANIASJ_2025-10-11_G08,10109563ANANIASJ,2025-10-11,123344,1,8,0,156.0
10109563ANANIASJ_2025-10-11_G09,10109563ANANIASJ,2025-10-11,121651,1,10,0,227.0
10109563ANANIASJ_2025-10-11_G10,10109563ANANIASJ,2025-10-11,124486,1,4,0,154.0
10109563ANANIASJ_2025-10-11_G11,10109563ANANIASJ,2025-10-11,122962,1,12,0,345.0
10109563ANANIASJ_2025-10-11_G12,10109563ANANIASJ,2025-10-11,124371,1,18,0,550.0
10109563ANANIASJ_2025-10-11_G13,10109563ANANIASJ,2025-10-11,120028,1,15,0,301.0
10109563ANANIASJ_2025-10-11_G14,10109563ANANIASJ,2025-10-11,122962,1,4,0,232.0
10109563ANANIASJ_2025-10-11_G16,10109563ANANIASJ,2025-10-11,122962,1,2,0,101.0
10109563ANANIASJ_2025-10-11_G17,10109563ANANIASJ,2025-10-11,124486,1,6,0,111.0
10109563ANANIASJ_2025-10-11_G18,10109563ANANIASJ,2025-10-11,123909,1,4,0,147.0
10109563ANANIASJ_2025-10-11_G19,10109563ANANIASJ,2025-10-11,122984,1,3,0,147.0
10109563ANANIASJ_2025-10-11_G20,10109563ANANIASJ,2025-10-11,122185,1,20,0,393.0
10109563ANANIASJ_2025-10-11_G21,10109563ANANIASJ,2025-10-11,124264,1,4,0,95.0
10109563ANANIASJ_2025-10-11_G22,10109563ANANIASJ,2025-10-11,120028,1,8,0,187.0
10109563ANANIASJ_2025-10-11_G23,10109563ANANIASJ,2025-10-11,123153,1,30,0,394.0
10109563ANANIASJ_2025-10-11_G24,10109563ANANIASJ,2025-10-11,124624,1,8,0,218.0
10109563ANANIASJ_2025-10-11_G25,10109563ANANIASJ,2025-10-11,124247,1,4,0,133.0
10109563ANANIASJ_2025-10-11_G26,10109563ANANIASJ,2025-10-11,122984,1,64,0,1204.0
10109563ANANIASJ_2025-10-13_G02,10109563ANANIASJ,2025-10-13,123909,1,5,0,222.0
10109563ANANIASJ_2025-10-13_G03,10109563ANANIASJ,2025-10-13,121651,1,6,0,237.0
10109563ANANIASJ_2025-10-13_G04,10109563ANANIASJ,2025-10-13,120339,1,2,0,122.0
10109563ANANIASJ_2025-10-13_G05,10109563ANANIASJ,2025-10-13,122703,1,1,0,44.0
10109563ANANIASJ_2025-10-13_G06,10109563ANANIASJ,2025-10-13,122962,1,14,0,278.0
10109563ANANIASJ_2025-10-13_G07,10109563ANANIASJ,2025-10-13,123343,1,12,0,705.0
10109563ANANIASJ_2025-10-13_G08,10109563ANANIASJ,2025-10-13,124477,1,1,0,1019.0
10109563ANANIASJ_2025-10-13_G09,10109563ANANIASJ,2025-10-13,122189,1,8,0,218.0
10109563ANANIASJ_2025-10-13_G10,10109563ANANIASJ,2025-10-13,123560,1,2,0,109.0
10109563ANANIASJ_2025-10-13_G11,10109563ANANIASJ,2025-10-13,124475,1,10,0,362.0
10109563ANANIASJ_2025-10-13_G12,10109563ANANIASJ,2025-10-13,122984,1,16,0,1645.0
10109563ANANIASJ_2025-10-13_G13,10109563ANANIASJ,2025-10-13,124370,1,102,0,966.0
10109563ANANIASJ_2025-10-13_G14,10109563ANANIASJ,2025-10-13,122962,1,9,0,153.0
10109563ANANIASJ_2025-10-13_G15,10109563ANANIASJ,2025-10-13,122185,1,14,0,335.0
10109563ANANIASJ_2025-10-13_G16,10109563ANANIASJ,2025-10-13,124371,1,20,0,738.0
10109563ANANIASJ_2025-10-13_G17,10109563ANANIASJ,2025-10-13,122962,1,12,0,2647.0
10109563ANANIASJ_2025-10-13_G18,10109563ANANIASJ,2025-10-13,122967,1,15,0,125.0
10109563ANANIASJ_2025-10-13_G19,10109563ANANIASJ,2025-10-13,124371,1,4,0,409.0
10109563ANANIASJ_2025-10-13_G21,10109563ANANIASJ,2025-10-13,124486,1,12,0,370.0
10109563ANANIASJ_2025-10-13_G22,10109563ANANIASJ,2025-10-13,122962,1,16,0,461.0
10109563ANANIASJ_2025-10-13_G23,10109563ANANIASJ,2025-10-13,122982,1,42,0,370.0
10109564LQBUENO_2025-01-09_G02,10109564LQBUENO,2025-01-09,120339,1,6,0,217.0
10109564LQBUENO_2025-01-09_G03,10109564LQBUENO,2025-01-09,122962,1,12,0,294.0
10109564LQBUENO_2025-01-09_G04,10109564LQBUENO,2025-01-09,124247,1,4,0,216.0
10109564LQBUENO_2025-01-09_G05,10109564LQBUENO,2025-01-09,"123907, 123909",2,40,24,490.0
10109564LQBUENO_2025-01-09_G06,10109564LQBUENO,2025-01-09,122983,1,40,0,558.0
10109564LQBUENO_2025-01-09_G07,10109564LQBUENO,2025-01-09,122962,1,100,0,530.0
10109564LQBUENO_2025-01-09_G08,10109564LQBUENO,2025-01-09,122962,1,37,0,1689.0
10109564LQBUENO_2025-01-09_G09,10109564LQBUENO,2025-01-09,123947,1,8,0,379.0
10109564LQBUENO_2025-01-09_G10,10109564LQBUENO,2025-01-09,124247,1,16,0,132.0
10109564LQBUENO_2025-01-09_G11,10109564LQBUENO,2025-01-09,123153,1,2,0,431.0
10109564LQBUENO_2025-01-09_G12,10109564LQBUENO,2025-01-09,123947,1,4,0,119.0
10109564LQBUENO_2025-01-09_G13,10109564LQBUENO,2025-01-09,122985,1,10,0,421.0
10109564LQBUENO_2025-01-09_G14,10109564LQBUENO,2025-01-09,123343,1,6,0,176.0
10109564LQBUENO_2025-01-09_G15,10109564LQBUENO,2025-01-09,124433,1,12,0,285.0
10109564LQBUENO_2025-01-09_G16,10109564LQBUENO,2025-01-09,123343,1,6,0,185.0
10109564LQBUENO_2025-01-09_G17,10109564LQBUENO,2025-01-09,124247,1,2,0,98.0
10109564LQBUENO_2025-01-09_G18,10109564LQBUENO,2025-01-09,122985,1,2,0,36.0
10109564LQBUENO_2025-01-09_G19,10109564LQBUENO,2025-01-09,123909,1,6,0,327.0
10109564LQBUENO_2025-01-09_G20,10109564LQBUENO,2025-01-09,122705,1,8,0,150.0
10109564LQBUENO_2025-01-09_G21,10109564LQBUENO,2025-01-09,121760,1,5,0,162.0
10109564LQBUENO_2025-01-09_G22,10109564LQBUENO,2025-01-09,181235,1,4,0,114.0
10109564LQBUENO_2025-01-09_G23,10109564LQBUENO,2025-01-09,180420,1,1,0,207.0
10109564LQBUENO_2025-01-09_G25,10109564LQBUENO,2025-01-09,124248,1,100,0,560.0
10109564LQBUENO_2025-01-10_G02,10109564LQBUENO,2025-01-10,122185,1,14,0,285.0
10109564LQBUENO_2025-01-10_G03,10109564LQBUENO,2025-01-10,121760,1,3,0,153.0
10109564LQBUENO_2025-01-10_G04,10109564LQBUENO,2025-01-10,124370,1,20,0,251.0
10109564LQBUENO_2025-01-10_G05,10109564LQBUENO,2025-01-10,181280,1,2,0,458.0
10109564LQBUENO_2025-01-13_G02,10109564LQBUENO,2025-01-13,122985,1,100,0,615.0
10109564LQBUENO_2025-01-13_G03,10109564LQBUENO,2025-01-13,123343,1,8,0,1594.0
10109564LQBUENO_2025-01-13_G04,10109564LQBUENO,2025-01-13,122196,1,20,0,294.0
10109564LQBUENO_2025-01-13_G05,10109564LQBUENO,2025-01-13,124248,1,10,0,214.0
10109564LQBUENO_2025-01-13_G06,10109564LQBUENO,2025-01-13,122962,1,8,0,561.0
10109564LQBUENO_2025-01-13_G07,10109564LQBUENO,2025-01-13,123907,1,2,0,254.0
10109564LQBUENO_2025-01-13_G08,10109564LQBUENO,2025-01-13,123343,1,1,0,40.0
10109564LQBUENO_2025-01-13_G09,10109564LQBUENO,2025-01-13,123343,1,6,0,237.0
10109564LQBUENO_2025-01-13_G10,10109564LQBUENO,2025-01-13,122985,1,11,0,98.0
10109564LQBUENO_2025-01-13_G11,10109564LQBUENO,2025-01-13,122962,1,8,0,182.0
10109564LQBUENO_2025-01-13_G12,10109564LQBUENO,2025-01-13,122671,1,8,0,168.0
10109564LQBUENO_2025-01-13_G13,10109564LQBUENO,2025-01-13,122982,1,11,0,221.0
10109564LQBUENO_2025-01-13_G14,10109564LQBUENO,2025-01-13,122982,1,4,0,210.0
10109564LQBUENO_2025-01-13_G15,10109564LQBUENO,2025-01-13,123344,1,4,0,108.0
10109564LQBUENO_2025-01-13_G16,10109564LQBUENO,2025-01-13,122986,1,2,0,109.0
10109564LQBUENO_2025-01-13_G17,10109564LQBUENO,2025-01-13,124248,1,2,0,38.0
10109564LQBUENO_2025-01-13_G18,10109564LQBUENO,2025-01-13,122988,1,2,0,182.0
10109564LQBUENO_2025-01-13_G19,10109564LQBUENO,2025-01-13,122188,1,2,0,593.0
10109564LQBUENO_2025-01-13_G20,10109564LQBUENO,2025-01-13,122962,1,5,0,86.0
10109564LQBUENO_2025-01-13_G21,10109564LQBUENO,2025-01-13,123907,1,15,0,516.0
10109564LQBUENO_2025-01-13_G22,10109564LQBUENO,2025-01-13,122962,1,10,0,154.0
10109564LQBUENO_2025-01-13_G23,10109564LQBUENO,2025-01-13,122962,1,40,0,986.0
10109564LQBUENO_2025-01-13_G24,10109564LQBUENO,2025-01-13,123560,1,6,0,598.0
10109564LQBUENO_2025-01-13_G25,10109564LQBUENO,2025-01-13,123561,1,20,0,341.0
10109564LQBUENO_2025-01-13_G26,10109564LQBUENO,2025-01-13,120339,1,4,0,155.0
10109564LQBUENO_2025-01-13_G27,10109564LQBUENO,2025-01-13,122983,1,8,0,196.0
10109564LQBUENO_2025-01-13_G28,10109564LQBUENO,2025-01-13,122962,1,8,0,115.0
10109564LQBUENO_2025-01-13_G29,10109564LQBUENO,2025-01-13,123909,1,4,0,99.0
10109564LQBUENO_2025-01-13_G30,10109564LQBUENO,2025-01-13,123907,1,6,0,129.0
10109564LQBUENO_2025-01-13_G31,10109564LQBUENO,2025-01-13,123345,1,2,0,123.0
10109564LQBUENO_2025-01-13_G32,10109564LQBUENO,2025-01-13,122984,1,16,0,279.0
10109564LQBUENO_2025-01-13_G33,10109564LQBUENO,2025-01-13,124248,1,14,0,313.0
10109564LQBUENO_2025-01-13_G34,10109564LQBUENO,2025-01-13,122962,1,20,0,177.0
10109564LQBUENO_2025-01-13_G35,10109564LQBUENO,2025-01-13,120028,1,32,0,410.0
10109564LQBUENO_2025-01-13_G36,10109564LQBUENO,2025-01-13,123907,1,6,0,1029.0
10109564LQBUENO_2025-01-13_G37,10109564LQBUENO,2025-01-13,122962,1,5,0,64.0
10109564LQBUENO_2025-01-13_G38,10109564LQBUENO,2025-01-13,122962,1,5,0,31.0
10109564LQBUENO_2025-01-13_G39,10109564LQBUENO,2025-01-13,121651,1,30,0,719.0
10109564LQBUENO_2025-01-13_G41,10109564LQBUENO,2025-01-13,181056,1,2,0,310.0
10109564LQBUENO_2025-01-13_G42,10109564LQBUENO,2025-01-13,123343,1,10,0,118.0
10109564LQBUENO_2025-01-13_G43,10109564LQBUENO,2025-01-13,123947,1,4,0,1866.0
10109564LQBUENO_2025-01-13_G44,10109564LQBUENO,2025-01-13,123344,1,28,0,234.0
10109564LQBUENO_2025-01-13_G45,10109564LQBUENO,2025-01-13,124370,1,10,0,281.0
10109564LQBUENO_2025-01-13_G46,10109564LQBUENO,2025-01-13,120389,1,2,0,185.0
10109564LQBUENO_2025-01-13_G47,10109564LQBUENO,2025-01-13,121760,1,10,0,200.0
10109564LQBUENO_2025-01-13_G48,10109564LQBUENO,2025-01-13,123345,1,7,0,245.0
10109564LQBUENO_2025-01-13_G49,10109564LQBUENO,2025-01-13,123947,1,10,0,138.0
10109564LQBUENO_2025-01-13_G50,10109564LQBUENO,2025-01-13,"123947, 121760",3,17,33,548.0
10109564LQBUENO_2025-01-13_G51,10109564LQBUENO,2025-01-13,121651,1,3,0,85.0
10109564LQBUENO_2025-01-13_G52,10109564LQBUENO,2025-01-13,121760,1,4,0,52.0
10109564LQBUENO_2025-01-13_G53,10109564LQBUENO,2025-01-13,123345,1,2,0,66.0
10109564LQBUENO_2025-01-13_G54,10109564LQBUENO,2025-01-13,123907,1,35,0,341.0
10109564LQBUENO_2025-01-14_G02,10109564LQBUENO,2025-01-14,123345,1,16,0,425.0
10109564LQBUENO_2025-01-14_G03,10109564LQBUENO,2025-01-14,123344,1,14,0,232.0
10109564LQBUENO_2025-01-14_G04,10109564LQBUENO,2025-01-14,122982,1,4,0,147.0
10109564LQBUENO_2025-01-14_G05,10109564LQBUENO,2025-01-14,121651,1,12,0,159.0
10109564LQBUENO_2025-01-14_G06,10109564LQBUENO,2025-01-14,122703,1,4,0,1881.0
10109564LQBUENO_2025-01-14_G07,10109564LQBUENO,2025-01-14,121760,1,54,0,836.0
10109564LQBUENO_2025-01-14_G08,10109564LQBUENO,2025-01-14,124247,1,10,0,265.0
10109564LQBUENO_2025-01-14_G09,10109564LQBUENO,2025-01-14,123344,1,9,0,836.0
10109564LQBUENO_2025-01-14_G10,10109564LQBUENO,2025-01-14,123909,1,11,0,71.0
10109564LQBUENO_2025-01-14_G11,10109564LQBUENO,2025-01-14,122705,1,4,0,98.0
10109564LQBUENO_2025-01-14_G12,10109564LQBUENO,2025-01-14,121760,1,4,0,110.0
10109564LQBUENO_2025-01-14_G13,10109564LQBUENO,2025-01-14,123343,1,29,0,367.0
10109564LQBUENO_2025-01-14_G14,10109564LQBUENO,2025-01-14,123345,1,4,0,64.0
10109564LQBUENO_2025-01-14_G15,10109564LQBUENO,2025-01-14,123907,1,40,0,215.0
10109564LQBUENO_2025-01-14_G16,10109564LQBUENO,2025-01-14,122962,1,40,0,626.0
10109564LQBUENO_2025-01-14_G17,10109564LQBUENO,2025-01-14,123907,1,80,0,1042.0
10109564LQBUENO_2025-01-14_G18,10109564LQBUENO,2025-01-14,122962,1,20,0,764.0
10109564LQBUENO_2025-01-14_G19,10109564LQBUENO,2025-01-14,123343,1,6,0,963.0
10109564LQBUENO_2025-01-14_G20,10109564LQBUENO,2025-01-14,123907,1,47,0,1132.0
10109564LQBUENO_2025-01-14_G21,10109564LQBUENO,2025-01-14,123907,1,8,0,233.0
10109564LQBUENO_2025-01-14_G22,10109564LQBUENO,2025-01-14,123907,1,6,0,140.0
10109564LQBUENO_2025-01-14_G23,10109564LQBUENO,2025-01-14,123907,1,24,0,637.0
10109564LQBUENO_2025-01-14_G24,10109564LQBUENO,2025-01-14,123907,1,41,0,1035.0
10109564LQBUENO_2025-01-14_G25,10109564LQBUENO,2025-01-14,121760,1,5,0,241.0
10109564LQBUENO_2025-01-14_G26,10109564LQBUENO,2025-01-14,122962,1,6,0,173.0
10109564LQBUENO_2025-01-14_G27,10109564LQBUENO,2025-01-14,122671,1,3,0,231.0
10109564LQBUENO_2025-01-14_G28,10109564LQBUENO,2025-01-14,123344,1,3,0,80.0
10109564LQBUENO_2025-01-14_G29,10109564LQBUENO,2025-01-14,123343,1,12,0,353.0
10109564LQBUENO_2025-01-14_G30,10109564LQBUENO,2025-01-14,124248,1,2,0,207.0
10109564LQBUENO_2025-01-14_G31,10109564LQBUENO,2025-01-14,122962,1,20,0,286.0
10109564LQBUENO_2025-01-14_G32,10109564LQBUENO,2025-01-14,122986,1,8,0,157.0
10109564LQBUENO_2025-01-15_G02,10109564LQBUENO,2025-01-15,123345,1,10,0,208.0
10109564LQBUENO_2025-01-15_G03,10109564LQBUENO,2025-01-15,122985,1,1,0,67.0
10109564LQBUENO_2025-01-15_G04,10109564LQBUENO,2025-01-15,123345,1,15,0,189.0
10109564LQBUENO_2025-01-15_G05,10109564LQBUENO,2025-01-15,123907,1,16,0,237.0
10109564LQBUENO_2025-01-15_G06,10109564LQBUENO,2025-01-15,121760,2,6,12,241.0
10109564LQBUENO_2025-01-15_G07,10109564LQBUENO,2025-01-15,123345,1,2,0,104.0
10109564LQBUENO_2025-01-15_G08,10109564LQBUENO,2025-01-15,122962,1,4,0,160.0
10109564LQBUENO_2025-01-15_G09,10109564LQBUENO,2025-01-15,122671,1,12,0,94.0
10109564LQBUENO_2025-01-15_G10,10109564LQBUENO,2025-01-15,123822,1,2,0,80.0
10109564LQBUENO_2025-01-15_G11,10109564LQBUENO,2025-01-15,120028,1,12,0,184.0
10109564LQBUENO_2025-01-15_G12,10109564LQBUENO,2025-01-15,120389,2,4,13,63.0
10109564LQBUENO_2025-01-15_G13,10109564LQBUENO,2025-01-15,122647,1,12,0,254.0
10109564LQBUENO_2025-01-15_G14,10109564LQBUENO,2025-01-15,123345,1,10,0,94.0
10109564LQBUENO_2025-01-15_G15,10109564LQBUENO,2025-01-15,123153,1,7,0,222.0
10109564LQBUENO_2025-01-15_G16,10109564LQBUENO,2025-01-15,123907,1,10,0,49.0
10109564LQBUENO_2025-01-15_G17,10109564LQBUENO,2025-01-15,123889,1,4,0,214.0
10109564LQBUENO_2025-01-15_G18,10109564LQBUENO,2025-01-15,122673,1,72,0,617.0
10109564LQBUENO_2025-01-15_G19,10109564LQBUENO,2025-01-15,123822,1,4,0,1106.0
10109564LQBUENO_2025-01-15_G20,10109564LQBUENO,2025-01-15,123822,1,4,0,93.0
10109564LQBUENO_2025-01-15_G21,10109564LQBUENO,2025-01-15,123344,1,46,0,614.0
10109564LQBUENO_2025-01-15_G22,10109564LQBUENO,2025-01-15,122962,1,5,0,121.0
10109564LQBUENO_2025-01-15_G23,10109564LQBUENO,2025-01-15,123153,1,30,0,313.0
10109564LQBUENO_2025-01-15_G24,10109564LQBUENO,2025-01-15,121651,1,23,0,690.0
10109564LQBUENO_2025-01-15_G25,10109564LQBUENO,2025-01-15,121760,1,45,0,823.0
10109564LQBUENO_2025-01-15_G26,10109564LQBUENO,2025-01-15,122984,1,66,0,1297.0
10109564LQBUENO_2025-01-15_G27,10109564LQBUENO,2025-01-15,123345,1,25,0,241.0
10109564LQBUENO_2025-01-15_G28,10109564LQBUENO,2025-01-15,121651,1,40,0,393.0
10109564LQBUENO_2025-01-15_G29,10109564LQBUENO,2025-01-15,122984,1,104,0,1446.0
10109564LQBUENO_2025-01-15_G30,10109564LQBUENO,2025-01-15,"123343, 121651",2,6,27,835.0
10109564LQBUENO_2025-01-15_G32,10109564LQBUENO,2025-01-15,120321,1,20,0,207.0
10109564LQBUENO_2025-01-15_G33,10109564LQBUENO,2025-01-15,123153,1,22,0,268.0
10109564LQBUENO_2025-01-15_G34,10109564LQBUENO,2025-01-15,121651,1,10,0,305.0
10109564LQBUENO_2025-01-15_G35,10109564LQBUENO,2025-01-15,123521,1,4,0,93.0
10109564LQBUENO_2025-01-15_G36,10109564LQBUENO,2025-01-15,120389,1,8,0,56.0
10109564LQBUENO_2025-01-15_G37,10109564LQBUENO,2025-01-15,124264,1,24,0,210.0
10109564LQBUENO_2025-01-16_G02,10109564LQBUENO,2025-01-16,124371,1,8,0,401.0
10109564LQBUENO_2025-01-16_G03,10109564LQBUENO,2025-01-16,124370,1,40,0,120.0
10109564LQBUENO_2025-01-16_G04,10109564LQBUENO,2025-01-16,124247,1,8,0,668.0
10109564LQBUENO_2025-01-16_G05,10109564LQBUENO,2025-01-16,123907,1,34,0,470.0
10109564LQBUENO_2025-01-16_G06,10109564LQBUENO,2025-01-16,121760,1,9,0,271.0
10109564LQBUENO_2025-01-16_G07,10109564LQBUENO,2025-01-16,121760,1,10,0,159.0
10109564LQBUENO_2025-01-16_G08,10109564LQBUENO,2025-01-16,121760,1,14,0,174.0
10109564LQBUENO_2025-01-16_G09,10109564LQBUENO,2025-01-16,120008,1,2,0,389.0
10109564LQBUENO_2025-01-16_G10,10109564LQBUENO,2025-01-16,124247,1,10,0,1090.0
10109564LQBUENO_2025-01-16_G11,10109564LQBUENO,2025-01-16,123562,1,3,0,177.0
10109564LQBUENO_2025-01-16_G12,10109564LQBUENO,2025-01-16,"122703, 122985",2,2,16,52.0
10109564LQBUENO_2025-01-16_G13,10109564LQBUENO,2025-01-16,122985,1,6,0,319.0
10109564LQBUENO_2025-01-16_G14,10109564LQBUENO,2025-01-16,122185,1,13,0,578.0
10109564LQBUENO_2025-01-16_G15,10109564LQBUENO,2025-01-16,"121651, 124370, 124247, 122703",4,44,36,214.0
10109564LQBUENO_2025-01-16_G16,10109564LQBUENO,2025-01-16,123560,1,6,0,375.0
10109564LQBUENO_2025-01-16_G17,10109564LQBUENO,2025-01-16,121923,1,2,0,70.0
10109564LQBUENO_2025-01-16_G18,10109564LQBUENO,2025-01-16,122967,1,4,0,1075.0
10109564LQBUENO_2025-01-16_G19,10109564LQBUENO,2025-01-16,122962,1,11,0,108.0
10109564LQBUENO_2025-01-16_G20,10109564LQBUENO,2025-01-16,123909,1,8,0,191.0
10109564LQBUENO_2025-01-16_G21,10109564LQBUENO,2025-01-16,123907,1,20,0,79.0
10109564LQBUENO_2025-01-16_G22,10109564LQBUENO,2025-01-16,121760,1,34,0,883.0
10109564LQBUENO_2025-01-16_G23,10109564LQBUENO,2025-01-16,120339,1,13,0,39.0
10109564LQBUENO_2025-01-16_G24,10109564LQBUENO,2025-01-16,121760,1,4,0,94.0
10109564LQBUENO_2025-01-16_G25,10109564LQBUENO,2025-01-16,123343,1,9,0,116.0
10109564LQBUENO_2025-01-16_G26,10109564LQBUENO,2025-01-16,122962,1,8,0,118.0
10109564LQBUENO_2025-01-16_G27,10109564LQBUENO,2025-01-16,122647,1,10,0,51.0
10109564LQBUENO_2025-01-16_G28,10109564LQBUENO,2025-01-16,122671,1,28,0,403.0
10109564LQBUENO_2025-01-16_G29,10109564LQBUENO,2025-01-16,121760,1,2,0,316.0
10109564LQBUENO_2025-01-16_G30,10109564LQBUENO,2025-01-16,122962,1,4,0,68.0
10109564LQBUENO_2025-01-16_G31,10109564LQBUENO,2025-01-16,180024,1,3,0,295.0
10109564LQBUENO_2025-01-16_G32,10109564LQBUENO,2025-01-16,122962,1,4,0,113.0
10109564LQBUENO_2025-01-16_G33,10109564LQBUENO,2025-01-16,121760,1,20,0,58.0
10109564LQBUENO_2025-01-16_G34,10109564LQBUENO,2025-01-16,122647,1,13,0,376.0
10109564LQBUENO_2025-01-16_G35,10109564LQBUENO,2025-01-16,123153,1,12,0,779.0
10109564LQBUENO_2025-01-16_G36,10109564LQBUENO,2025-01-16,121760,1,5,0,784.0
10109564LQBUENO_2025-01-16_G37,10109564LQBUENO,2025-01-16,121760,1,19,0,534.0
10109564LQBUENO_2025-01-16_G38,10109564LQBUENO,2025-01-16,122673,1,10,0,436.0
10109564LQBUENO_2025-01-16_G39,10109564LQBUENO,2025-01-16,123345,1,6,0,124.0
10109564LQBUENO_2025-01-16_G40,10109564LQBUENO,2025-01-16,123909,1,11,0,222.0
10109564LQBUENO_2025-01-16_G41,10109564LQBUENO,2025-01-16,121651,1,3,0,197.0
10109564LQBUENO_2025-01-16_G42,10109564LQBUENO,2025-01-16,122703,1,30,0,429.0
10109564LQBUENO_2025-01-16_G44,10109564LQBUENO,2025-01-16,122985,1,10,0,213.0
10109564LQBUENO_2025-01-16_G45,10109564LQBUENO,2025-01-16,123343,1,4,0,216.0
10109564LQBUENO_2025-01-16_G46,10109564LQBUENO,2025-01-16,123153,1,6,0,156.0
10109564LQBUENO_2025-01-16_G47,10109564LQBUENO,2025-01-16,122962,1,24,0,717.0
10109564LQBUENO_2025-01-16_G48,10109564LQBUENO,2025-01-16,124247,1,3,0,232.0
10109564LQBUENO_2025-01-16_G49,10109564LQBUENO,2025-01-16,122962,1,20,0,1017.0
10109564LQBUENO_2025-01-16_G50,10109564LQBUENO,2025-01-16,124247,1,30,0,169.0
10109564LQBUENO_2025-01-16_G51,10109564LQBUENO,2025-01-16,122967,1,3,0,236.0
10109564LQBUENO_2025-01-16_G52,10109564LQBUENO,2025-01-16,122962,1,100,0,1579.0
10109564LQBUENO_2025-01-16_G53,10109564LQBUENO,2025-01-16,122962,1,16,0,439.0
10109564LQBUENO_2025-01-16_G54,10109564LQBUENO,2025-01-16,123909,1,12,0,280.0
10109564LQBUENO_2025-01-16_G55,10109564LQBUENO,2025-01-16,124248,1,30,0,258.0
10109564LQBUENO_2025-01-16_G56,10109564LQBUENO,2025-01-16,122983,1,12,0,175.0
10109564LQBUENO_2025-01-16_G57,10109564LQBUENO,2025-01-16,120028,1,26,0,356.0
10109564LQBUENO_2025-01-16_G58,10109564LQBUENO,2025-01-16,122701,1,8,0,121.0
10109564LQBUENO_2025-01-16_G59,10109564LQBUENO,2025-01-16,181756,1,4,0,188.0
10109564LQBUENO_2025-01-16_G60,10109564LQBUENO,2025-01-16,180061,1,1,0,210.0
10109564LQBUENO_2025-01-16_G61,10109564LQBUENO,2025-01-16,122967,1,2,0,74.0
10109564LQBUENO_2025-01-17_G02,10109564LQBUENO,2025-01-17,120389,1,100,0,742.0
10109564LQBUENO_2025-01-17_G03,10109564LQBUENO,2025-01-17,123520,1,4,0,1598.0
10109564LQBUENO_2025-01-17_G04,10109564LQBUENO,2025-01-17,180024,1,2,0,52.0
10109564LQBUENO_2025-01-17_G05,10109564LQBUENO,2025-01-17,"121923, 123560",2,8,12,2391.0
10109564LQBUENO_2025-01-17_G06,10109564LQBUENO,2025-01-17,"122962, 122984, 123909, 122185, 122705, 121651, 124247, 123907",8,124,82,42.0
10109564LQBUENO_2025-01-17_G07,10109564LQBUENO,2025-01-17,124370,1,16,0,69.0
10109564LQBUENO_2025-01-17_G08,10109564LQBUENO,2025-01-17,123907,1,15,0,313.0
10109564LQBUENO_2025-01-17_G09,10109564LQBUENO,2025-01-17,123345,1,8,0,867.0
10109564LQBUENO_2025-01-17_G10,10109564LQBUENO,2025-01-17,124371,1,20,0,1213.0
10109564LQBUENO_2025-01-17_G11,10109564LQBUENO,2025-01-17,"124370, 124247",2,40,9,352.0
10109564LQBUENO_2025-01-17_G12,10109564LQBUENO,2025-01-17,"122703, 122968",2,36,12,40.0
10109564LQBUENO_2025-01-17_G13,10109564LQBUENO,2025-01-17,122962,1,22,0,1387.0
10109564LQBUENO_2025-01-17_G14,10109564LQBUENO,2025-01-17,120028,1,20,0,213.0
10109564LQBUENO_2025-01-17_G15,10109564LQBUENO,2025-01-17,122962,1,20,0,210.0
10109564LQBUENO_2025-01-17_G16,10109564LQBUENO,2025-01-17,122647,1,60,0,1014.0
10109564LQBUENO_2025-01-17_G17,10109564LQBUENO,2025-01-17,124371,1,4,0,413.0
10109564LQBUENO_2025-01-17_G18,10109564LQBUENO,2025-01-17,123909,1,4,0,173.0
10109564LQBUENO_2025-01-17_G19,10109564LQBUENO,2025-01-17,121651,1,7,0,78.0
10109564LQBUENO_2025-01-17_G20,10109564LQBUENO,2025-01-17,123907,1,8,0,258.0
10109564LQBUENO_2025-01-17_G21,10109564LQBUENO,2025-01-17,124370,1,6,0,216.0
10109564LQBUENO_2025-01-17_G22,10109564LQBUENO,2025-01-17,123345,1,2,0,109.0
10109564LQBUENO_2025-01-17_G23,10109564LQBUENO,2025-01-17,123911,1,3,0,735.0
10109564LQBUENO_2025-01-17_G24,10109564LQBUENO,2025-01-17,121923,1,2,0,160.0
10109564LQBUENO_2025-01-17_G25,10109564LQBUENO,2025-01-17,"122984, 122981, 120339, 122185, 124371, 124248",6,49,46,269.0
10109564LQBUENO_2025-01-17_G26,10109564LQBUENO,2025-01-17,"121651, 123907",2,27,12,182.0
10109564LQBUENO_2025-01-17_G27,10109564LQBUENO,2025-01-17,124248,1,39,0,551.0
10109564LQBUENO_2025-01-17_G28,10109564LQBUENO,2025-01-17,123345,1,16,0,51.0
10109564LQBUENO_2025-01-17_G29,10109564LQBUENO,2025-01-17,123911,1,2,0,499.0
10109564LQBUENO_2025-01-17_G30,10109564LQBUENO,2025-01-17,122985,1,4,0,123.0
10109564LQBUENO_2025-01-17_G31,10109564LQBUENO,2025-01-17,120028,1,8,0,116.0
10109564LQBUENO_2025-01-17_G32,10109564LQBUENO,2025-01-17,122962,1,8,0,47.0
10109564LQBUENO_2025-01-17_G33,10109564LQBUENO,2025-01-17,123822,1,14,0,149.0
10109564LQBUENO_2025-01-17_G35,10109564LQBUENO,2025-01-17,121651,1,70,0,1335.0
10109564LQBUENO_2025-01-17_G36,10109564LQBUENO,2025-01-17,121651,1,8,0,637.0
10109564LQBUENO_2025-01-17_G37,10109564LQBUENO,2025-01-17,123907,1,8,0,203.0
10109564LQBUENO_2025-01-17_G38,10109564LQBUENO,2025-01-17,181057,1,1,0,232.0
10109564LQBUENO_2025-01-17_G39,10109564LQBUENO,2025-01-17,120028,1,6,0,574.0
10109564LQBUENO_2025-01-17_G40,10109564LQBUENO,2025-01-17,121651,1,20,0,157.0
10109564LQBUENO_2025-01-17_G41,10109564LQBUENO,2025-01-17,122962,1,16,0,104.0
10109564LQBUENO_2025-01-17_G42,10109564LQBUENO,2025-01-17,120028,1,14,0,239.0
10109564LQBUENO_2025-01-17_G43,10109564LQBUENO,2025-01-17,122647,1,80,0,243.0
10109564LQBUENO_2025-01-17_G44,10109564LQBUENO,2025-01-17,124370,1,4,0,1416.0
10109564LQBUENO_2025-01-17_G45,10109564LQBUENO,2025-01-17,124371,1,4,0,63.0
10109564LQBUENO_2025-01-17_G46,10109564LQBUENO,2025-01-17,121651,1,8,0,131.0
10109564LQBUENO_2025-01-17_G47,10109564LQBUENO,2025-01-17,121651,1,11,0,309.0
10109564LQBUENO_2025-01-17_G48,10109564LQBUENO,2025-01-17,123345,1,6,0,119.0
10109564LQBUENO_2025-01-17_G49,10109564LQBUENO,2025-01-17,123313,1,2,0,53.0
10109564LQBUENO_2025-01-17_G50,10109564LQBUENO,2025-01-17,123345,1,10,0,507.0
10109564LQBUENO_2025-01-17_G51,10109564LQBUENO,2025-01-17,123313,1,6,0,108.0
10109564LQBUENO_2025-01-17_G52,10109564LQBUENO,2025-01-17,"123907, 123344, 124370, 122962, 124371, 123909, 124248",7,54,92,740.0
10109564LQBUENO_2025-01-17_G53,10109564LQBUENO,2025-01-17,121651,1,6,0,83.0
10109564LQBUENO_2025-01-17_G54,10109564LQBUENO,2025-01-17,120028,1,6,0,51.0
10109564LQBUENO_2025-01-17_G55,10109564LQBUENO,2025-01-17,"120389, 124247",2,17,22,56.0
10109564LQBUENO_2025-01-17_G56,10109564LQBUENO,2025-01-17,181056,1,1,0,201.0
10109564LQBUENO_2025-01-18_G02,10109564LQBUENO,2025-01-18,124371,1,6,0,52.0
10109564LQBUENO_2025-01-18_G03,10109564LQBUENO,2025-01-18,120339,1,12,0,126.0
10109564LQBUENO_2025-01-18_G04,10109564LQBUENO,2025-01-18,120339,1,8,0,106.0
10109564LQBUENO_2025-01-18_G05,10109564LQBUENO,2025-01-18,124248,1,4,0,61.0
10109564LQBUENO_2025-01-18_G06,10109564LQBUENO,2025-01-18,122983,1,12,0,221.0
10109564LQBUENO_2025-01-18_G07,10109564LQBUENO,2025-01-18,120389,1,24,0,464.0
10109564LQBUENO_2025-01-18_G08,10109564LQBUENO,2025-01-18,124247,1,24,0,2777.0
10109564LQBUENO_2025-01-18_G09,10109564LQBUENO,2025-01-18,124247,1,4,0,277.0
10109564LQBUENO_2025-01-18_G10,10109564LQBUENO,2025-01-18,120389,1,12,0,52.0
10109564LQBUENO_2025-01-18_G11,10109564LQBUENO,2025-01-18,123343,3,12,35,683.0
10109564LQBUENO_2025-01-18_G12,10109564LQBUENO,2025-01-18,123561,1,59,0,1072.0
10109564LQBUENO_2025-01-18_G13,10109564LQBUENO,2025-01-18,122962,1,8,0,1057.0
10109564LQBUENO_2025-01-18_G14,10109564LQBUENO,2025-01-18,123907,1,20,0,162.0
10109564LQBUENO_2025-01-18_G15,10109564LQBUENO,2025-01-18,"122962, 122984",2,14,19,292.0
10109564LQBUENO_2025-01-18_G16,10109564LQBUENO,2025-01-18,123907,1,10,0,220.0
10109564LQBUENO_2025-01-18_G17,10109564LQBUENO,2025-01-18,123822,1,50,0,792.0
10109564LQBUENO_2025-01-18_G18,10109564LQBUENO,2025-01-18,122962,1,6,0,63.0
10109564LQBUENO_2025-01-18_G19,10109564LQBUENO,2025-01-18,124371,1,4,0,61.0
10109564LQBUENO_2025-01-18_G20,10109564LQBUENO,2025-01-18,123822,1,20,0,341.0
10109564LQBUENO_2025-01-18_G21,10109564LQBUENO,2025-01-18,"123907, 123909",2,28,20,557.0
10109564LQBUENO_2025-01-18_G22,10109564LQBUENO,2025-01-18,123822,1,6,0,173.0
10109564LQBUENO_2025-01-18_G23,10109564LQBUENO,2025-01-18,122984,1,9,0,133.0
10109564LQBUENO_2025-01-18_G24,10109564LQBUENO,2025-01-18,"123344, 123345",2,12,22,180.0
10109564LQBUENO_2025-01-18_G25,10109564LQBUENO,2025-01-18,122647,1,6,0,237.0
10109564LQBUENO_2025-01-18_G26,10109564LQBUENO,2025-01-18,123343,1,2,0,627.0
10109564LQBUENO_2025-01-18_G27,10109564LQBUENO,2025-01-18,122703,1,60,0,2004.0
10109564LQBUENO_2025-01-18_G28,10109564LQBUENO,2025-01-18,122703,1,37,0,1471.0
10109564LQBUENO_2025-01-18_G29,10109564LQBUENO,2025-01-18,121760,1,50,0,45.0
10109564LQBUENO_2025-01-18_G30,10109564LQBUENO,2025-01-18,180023,1,2,0,338.0
10109564LQBUENO_2025-01-18_G31,10109564LQBUENO,2025-01-18,123889,1,60,0,251.0
10109564LQBUENO_2025-01-18_G33,10109564LQBUENO,2025-01-18,120272,1,30,0,607.0
10109564LQBUENO_2025-01-18_G34,10109564LQBUENO,2025-01-18,123889,1,100,0,1245.0
10109564LQBUENO_2025-01-18_G35,10109564LQBUENO,2025-01-18,123343,1,60,0,1873.0
10109564LQBUENO_2025-01-18_G36,10109564LQBUENO,2025-01-18,122986,1,50,0,1189.0
10109564LQBUENO_2025-01-20_G02,10109564LQBUENO,2025-01-20,123907,1,16,0,119.0
10109564LQBUENO_2025-01-20_G03,10109564LQBUENO,2025-01-20,123907,1,17,0,376.0
10109564LQBUENO_2025-01-20_G04,10109564LQBUENO,2025-01-20,121760,1,20,0,394.0
10109564LQBUENO_2025-01-20_G05,10109564LQBUENO,2025-01-20,122984,1,3,0,142.0
10109564LQBUENO_2025-01-20_G06,10109564LQBUENO,2025-01-20,121651,1,4,0,72.0
10109564LQBUENO_2025-01-20_G07,10109564LQBUENO,2025-01-20,121651,1,14,0,230.0
10109564LQBUENO_2025-01-20_G08,10109564LQBUENO,2025-01-20,181057,1,4,0,173.0
10109564LQBUENO_2025-01-20_G09,10109564LQBUENO,2025-01-20,121651,1,9,0,101.0
10109564LQBUENO_2025-01-20_G10,10109564LQBUENO,2025-01-20,123907,1,2,0,91.0
10109564LQBUENO_2025-01-20_G11,10109564LQBUENO,2025-01-20,121760,1,10,0,366.0
10109564LQBUENO_2025-01-20_G12,10109564LQBUENO,2025-01-20,121651,1,2,0,75.0
10109564LQBUENO_2025-01-20_G13,10109564LQBUENO,2025-01-20,123345,2,8,14,92.0
10109564LQBUENO_2025-01-20_G14,10109564LQBUENO,2025-01-20,123344,1,4,0,144.0
10109564LQBUENO_2025-01-20_G15,10109564LQBUENO,2025-01-20,121651,1,4,0,37.0
10109564LQBUENO_2025-01-20_G16,10109564LQBUENO,2025-01-20,123345,1,4,0,243.0
10109564LQBUENO_2025-01-20_G17,10109564LQBUENO,2025-01-20,123947,1,2,0,691.0
10109564LQBUENO_2025-01-20_G18,10109564LQBUENO,2025-01-20,123520,1,24,0,1637.0
10109564LQBUENO_2025-01-20_G19,10109564LQBUENO,2025-01-20,122962,1,4,0,193.0
10109564LQBUENO_2025-01-20_G20,10109564LQBUENO,2025-01-20,122984,1,10,0,354.0
10109564LQBUENO_2025-01-20_G21,10109564LQBUENO,2025-01-20,122982,1,26,0,1178.0
10109564LQBUENO_2025-01-20_G22,10109564LQBUENO,2025-01-20,180023,1,2,0,251.0
10109564LQBUENO_2025-01-20_G23,10109564LQBUENO,2025-01-20,122962,1,16,0,333.0
10109564LQBUENO_2025-01-20_G24,10109564LQBUENO,2025-01-20,123907,1,12,0,363.0
10109564LQBUENO_2025-01-20_G25,10109564LQBUENO,2025-01-20,124248,1,2,0,867.0
10109564LQBUENO_2025-01-20_G26,10109564LQBUENO,2025-01-20,122982,1,11,0,361.0
10109564LQBUENO_2025-01-20_G27,10109564LQBUENO,2025-01-20,121651,1,8,0,122.0
10109564LQBUENO_2025-01-20_G28,10109564LQBUENO,2025-01-20,123344,1,4,0,207.0
10109564LQBUENO_2025-01-20_G29,10109564LQBUENO,2025-01-20,123345,1,4,0,122.0
10109564LQBUENO_2025-01-20_G30,10109564LQBUENO,2025-01-20,122962,1,2,0,242.0
10109564LQBUENO_2025-01-20_G31,10109564LQBUENO,2025-01-20,122984,1,4,0,207.0
10109564LQBUENO_2025-01-20_G32,10109564LQBUENO,2025-01-20,123909,1,4,0,93.0
10109564LQBUENO_2025-01-20_G33,10109564LQBUENO,2025-01-20,121651,1,28,0,1140.0
10109564LQBUENO_2025-01-20_G34,10109564LQBUENO,2025-01-20,121651,1,8,0,978.0
10109564LQBUENO_2025-01-20_G35,10109564LQBUENO,2025-01-20,122984,1,8,0,131.0
10109564LQBUENO_2025-01-20_G36,10109564LQBUENO,2025-01-20,122982,1,8,0,136.0
10109564LQBUENO_2025-01-20_G37,10109564LQBUENO,2025-01-20,"123947, 123153",2,14,22,591.0
10109564LQBUENO_2025-01-20_G38,10109564LQBUENO,2025-01-20,181237,2,2,10,317.0
10109564LQBUENO_2025-01-20_G39,10109564LQBUENO,2025-01-20,181237,1,1,0,104.0
10109564LQBUENO_2025-01-20_G40,10109564LQBUENO,2025-01-20,181237,1,1,0,47.0
10109564LQBUENO_2025-01-20_G41,10109564LQBUENO,2025-01-20,122962,1,12,0,472.0
10109564LQBUENO_2025-01-20_G42,10109564LQBUENO,2025-01-20,122671,1,4,0,104.0
10109564LQBUENO_2025-01-20_G44,10109564LQBUENO,2025-01-20,122647,1,20,0,280.0
10109564LQBUENO_2025-01-20_G45,10109564LQBUENO,2025-01-20,120028,1,30,0,777.0
10109564LQBUENO_2025-01-20_G46,10109564LQBUENO,2025-01-20,120339,1,1,0,200.0
10109564LQBUENO_2025-01-20_G47,10109564LQBUENO,2025-01-20,121760,1,40,0,947.0
10109564LQBUENO_2025-01-20_G48,10109564LQBUENO,2025-01-20,123153,1,8,0,274.0
10109564LQBUENO_2025-01-20_G49,10109564LQBUENO,2025-01-20,120028,1,26,0,493.0
10109564LQBUENO_2025-01-20_G50,10109564LQBUENO,2025-01-20,122962,1,15,0,358.0
10109564LQBUENO_2025-01-20_G51,10109564LQBUENO,2025-01-20,121651,1,22,0,143.0
10109564LQBUENO_2025-01-20_G52,10109564LQBUENO,2025-01-20,123907,1,4,0,277.0
10109564LQBUENO_2025-01-20_G53,10109564LQBUENO,2025-01-20,122984,1,4,0,503.0
10109564LQBUENO_2025-01-20_G54,10109564LQBUENO,2025-01-20,124371,1,4,0,73.0
10109564LQBUENO_2025-01-20_G55,10109564LQBUENO,2025-01-20,121651,1,18,0,159.0
10109564LQBUENO_2025-01-20_G56,10109564LQBUENO,2025-01-20,123907,1,12,0,380.0
10109564LQBUENO_2025-01-20_G57,10109564LQBUENO,2025-01-20,122962,1,16,0,122.0
10109564LQBUENO_2025-01-20_G58,10109564LQBUENO,2025-01-20,123907,1,30,0,389.0
10109564LQBUENO_2025-01-20_G59,10109564LQBUENO,2025-01-20,122671,1,2,0,198.0
10109564LQBUENO_2025-01-20_G60,10109564LQBUENO,2025-01-20,121651,1,8,0,122.0
10109564LQBUENO_2025-01-20_G61,10109564LQBUENO,2025-01-20,120272,1,4,0,111.0
10109564LQBUENO_2025-01-20_G62,10109564LQBUENO,2025-01-20,123344,1,5,0,120.0
10109564LQBUENO_2025-01-20_G63,10109564LQBUENO,2025-01-20,122984,1,4,0,66.0
10109564LQBUENO_2025-01-20_G64,10109564LQBUENO,2025-01-20,121651,1,10,0,105.0
10109564LQBUENO_2025-01-20_G65,10109564LQBUENO,2025-01-20,123907,1,7,0,119.0
10109564LQBUENO_2025-01-20_G66,10109564LQBUENO,2025-01-20,123313,1,2,0,153.0
10109564LQBUENO_2025-01-20_G67,10109564LQBUENO,2025-01-20,123907,1,3,0,33.0
10109564LQBUENO_2025-01-20_G68,10109564LQBUENO,2025-01-20,123345,1,2,0,45.0
10109564LQBUENO_2025-01-20_G69,10109564LQBUENO,2025-01-20,123343,2,6,15,137.0
10109564LQBUENO_2025-01-21_G02,10109564LQBUENO,2025-01-21,123907,1,31,0,241.0
10109564LQBUENO_2025-01-21_G03,10109564LQBUENO,2025-01-21,122983,1,4,0,664.0
10109564LQBUENO_2025-01-21_G04,10109564LQBUENO,2025-01-21,123561,1,14,0,239.0
10109564LQBUENO_2025-01-21_G05,10109564LQBUENO,2025-01-21,122962,1,178,0,2401.0
10109564LQBUENO_2025-01-21_G06,10109564LQBUENO,2025-01-21,123909,1,30,0,423.0
10109564LQBUENO_2025-01-21_G07,10109564LQBUENO,2025-01-21,124248,1,1,0,310.0
10109564LQBUENO_2025-01-21_G08,10109564LQBUENO,2025-01-21,123345,1,10,0,490.0
10109564LQBUENO_2025-01-21_G09,10109564LQBUENO,2025-01-21,124371,1,4,0,545.0
10109564LQBUENO_2025-01-21_G10,10109564LQBUENO,2025-01-21,"124370, 122962",2,20,9,53.0
10109564LQBUENO_2025-01-21_G11,10109564LQBUENO,2025-01-21,120339,1,3,0,180.0
10109564LQBUENO_2025-01-21_G12,10109564LQBUENO,2025-01-21,122673,1,20,0,1192.0
10109564LQBUENO_2025-01-21_G13,10109564LQBUENO,2025-01-21,122962,1,200,0,1627.0
10109564LQBUENO_2025-01-21_G14,10109564LQBUENO,2025-01-21,122647,1,80,0,329.0
10109564LQBUENO_2025-01-21_G15,10109564LQBUENO,2025-01-21,122988,1,2,0,1480.0
10109564LQBUENO_2025-01-21_G16,10109564LQBUENO,2025-01-21,122962,1,40,0,449.0
10109564LQBUENO_2025-01-21_G17,10109564LQBUENO,2025-01-21,123909,1,10,0,190.0
10109564LQBUENO_2025-01-21_G18,10109564LQBUENO,2025-01-21,124247,1,20,0,209.0
10109564LQBUENO_2025-01-21_G19,10109564LQBUENO,2025-01-21,180073,1,2,0,272.0
10109564LQBUENO_2025-01-21_G20,10109564LQBUENO,2025-01-21,120389,1,4,0,150.0
10109564LQBUENO_2025-01-21_G21,10109564LQBUENO,2025-01-21,123343,1,4,0,50.0
10109564LQBUENO_2025-01-21_G22,10109564LQBUENO,2025-01-21,123345,1,6,0,165.0
10109564LQBUENO_2025-01-21_G23,10109564LQBUENO,2025-01-21,124248,1,4,0,1103.0
10109564LQBUENO_2025-01-21_G24,10109564LQBUENO,2025-01-21,124247,1,50,0,664.0
10109564LQBUENO_2025-01-21_G25,10109564LQBUENO,2025-01-21,124248,2,2,12,173.0
10109564LQBUENO_2025-01-21_G26,10109564LQBUENO,2025-01-21,123153,1,1,0,94.0
10109564LQBUENO_2025-01-21_G27,10109564LQBUENO,2025-01-21,123562,1,3,0,118.0
10109564LQBUENO_2025-01-21_G28,10109564LQBUENO,2025-01-21,123521,1,1,0,70.0
10109564LQBUENO_2025-01-21_G30,10109564LQBUENO,2025-01-21,123153,1,10,0,1090.0
10109564LQBUENO_2025-01-21_G31,10109564LQBUENO,2025-01-21,123153,1,10,0,131.0
10109564LQBUENO_2025-01-21_G32,10109564LQBUENO,2025-01-21,123889,1,4,0,209.0
10109564LQBUENO_2025-01-21_G33,10109564LQBUENO,2025-01-21,123947,1,4,0,684.0
10109564LQBUENO_2025-01-21_G35,10109564LQBUENO,2025-01-21,122983,1,100,0,1031.0
10109564LQBUENO_2025-01-21_G36,10109564LQBUENO,2025-01-21,122985,1,87,0,110.0
10109564LQBUENO_2025-01-22_G02,10109564LQBUENO,2025-01-22,"122671, 122981, 120271, 122185",4,54,30,52.0
10109564LQBUENO_2025-01-22_G03,10109564LQBUENO,2025-01-22,"121651, 124264, 123907, 121760, 122985",5,64,26,34.0
10109564LQBUENO_2025-01-22_G04,10109564LQBUENO,2025-01-22,121651,1,20,0,45.0
10109564LQBUENO_2025-01-22_G05,10109564LQBUENO,2025-01-22,124370,2,86,9,668.0
10109564LQBUENO_2025-01-22_G06,10109564LQBUENO,2025-01-22,122962,1,60,0,333.0
10109564LQBUENO_2025-01-22_G07,10109564LQBUENO,2025-01-22,123343,1,4,0,367.0
10109564LQBUENO_2025-01-22_G08,10109564LQBUENO,2025-01-22,122962,1,120,0,504.0
10109564LQBUENO_2025-01-22_G09,10109564LQBUENO,2025-01-22,124486,1,130,0,1802.0
10109564LQBUENO_2025-01-22_G10,10109564LQBUENO,2025-01-22,122671,1,50,0,1024.0
10109564LQBUENO_2025-01-22_G11,10109564LQBUENO,2025-01-22,122986,1,6,0,545.0
10109564LQBUENO_2025-01-22_G12,10109564LQBUENO,2025-01-22,123650,1,51,0,1040.0
10109564LQBUENO_2025-01-22_G14,10109564LQBUENO,2025-01-22,123822,1,76,0,394.0
10109564LQBUENO_2025-01-22_G15,10109564LQBUENO,2025-01-22,122988,1,4,0,658.0
10109564LQBUENO_2025-01-22_G16,10109564LQBUENO,2025-01-22,123907,1,12,0,491.0
10109564LQBUENO_2025-01-22_G17,10109564LQBUENO,2025-01-22,124370,1,8,0,108.0
10109564LQBUENO_2025-01-22_G18,10109564LQBUENO,2025-01-22,123909,1,7,0,54.0
10109564LQBUENO_2025-01-22_G19,10109564LQBUENO,2025-01-22,121651,1,20,0,102.0
10109564LQBUENO_2025-01-22_G20,10109564LQBUENO,2025-01-22,123907,1,6,0,171.0
10109564LQBUENO_2025-01-22_G21,10109564LQBUENO,2025-01-22,122962,1,24,0,171.0
10109564LQBUENO_2025-01-23_G02,10109564LQBUENO,2025-01-23,"123343, 123345",2,24,20,1224.0
10109564LQBUENO_2025-01-23_G03,10109564LQBUENO,2025-01-23,"120339, 122671",4,26,20,829.0
10109564LQBUENO_2025-01-23_G04,10109564LQBUENO,2025-01-23,"120271, 123909, 122185, 122985",5,42,31,102.0
10109564LQBUENO_2025-01-23_G05,10109564LQBUENO,2025-01-23,124264,1,80,0,392.0
10109564LQBUENO_2025-01-23_G06,10109564LQBUENO,2025-01-23,123343,1,15,0,852.0
10109564LQBUENO_2025-01-23_G07,10109564LQBUENO,2025-01-23,121760,1,8,0,685.0
10109564LQBUENO_2025-01-23_G08,10109564LQBUENO,2025-01-23,124247,1,8,0,196.0
10109564LQBUENO_2025-01-23_G09,10109564LQBUENO,2025-01-23,123907,1,28,0,620.0
10109564LQBUENO_2025-01-23_G10,10109564LQBUENO,2025-01-23,121760,1,2,0,274.0
10109564LQBUENO_2025-01-23_G11,10109564LQBUENO,2025-01-23,123343,1,6,0,400.0
10109564LQBUENO_2025-01-23_G12,10109564LQBUENO,2025-01-23,122962,1,4,0,394.0
10109564LQBUENO_2025-01-23_G13,10109564LQBUENO,2025-01-23,121760,2,21,10,479.0
10109564LQBUENO_2025-01-23_G14,10109564LQBUENO,2025-01-23,124371,1,24,0,345.0
10109564LQBUENO_2025-01-23_G15,10109564LQBUENO,2025-01-23,124370,1,40,0,226.0
10109564LQBUENO_2025-01-23_G16,10109564LQBUENO,2025-01-23,123343,2,10,24,621.0
10109564LQBUENO_2025-01-23_G17,10109564LQBUENO,2025-01-23,123907,1,22,0,50.0
10109564LQBUENO_2025-01-23_G18,10109564LQBUENO,2025-01-23,123822,1,300,0,2530.0
10109564LQBUENO_2025-01-23_G19,10109564LQBUENO,2025-01-23,122647,1,50,0,829.0
10109564LQBUENO_2025-01-23_G20,10109564LQBUENO,2025-01-23,122985,1,8,0,363.0
10109564LQBUENO_2025-01-23_G21,10109564LQBUENO,2025-01-23,120339,1,10,0,91.0
10109564LQBUENO_2025-01-23_G22,10109564LQBUENO,2025-01-23,122705,1,13,0,320.0
10109564LQBUENO_2025-01-23_G23,10109564LQBUENO,2025-01-23,123344,1,4,0,257.0
10109564LQBUENO_2025-01-23_G24,10109564LQBUENO,2025-01-23,123344,1,20,0,103.0
10109564LQBUENO_2025-01-23_G25,10109564LQBUENO,2025-01-23,123313,3,36,28,421.0
10109564LQBUENO_2025-01-23_G26,10109564LQBUENO,2025-01-23,122983,1,5,0,659.0
10109564LQBUENO_2025-01-23_G27,10109564LQBUENO,2025-01-23,122185,1,6,0,171.0
10109564LQBUENO_2025-01-23_G28,10109564LQBUENO,2025-01-23,121923,1,4,0,407.0
10109564LQBUENO_2025-01-23_G30,10109564LQBUENO,2025-01-23,122673,1,6,0,364.0
10109564LQBUENO_2025-01-23_G31,10109564LQBUENO,2025-01-23,123907,1,3,0,35.0
10109564LQBUENO_2025-01-23_G32,10109564LQBUENO,2025-01-23,123907,1,3,0,32.0
10109564LQBUENO_2025-01-23_G33,10109564LQBUENO,2025-01-23,122962,1,52,0,749.0
10109564LQBUENO_2025-01-23_G34,10109564LQBUENO,2025-01-23,122647,1,120,0,932.0
10109564LQBUENO_2025-01-23_G35,10109564LQBUENO,2025-01-23,120339,1,5,0,1215.0
10109564LQBUENO_2025-01-23_G36,10109564LQBUENO,2025-01-23,123344,1,4,0,148.0
10109564LQBUENO_2025-01-23_G37,10109564LQBUENO,2025-01-23,122185,1,6,0,131.0
10109564LQBUENO_2025-01-23_G38,10109564LQBUENO,2025-01-23,122983,1,4,0,140.0
10109564LQBUENO_2025-01-23_G39,10109564LQBUENO,2025-01-23,123153,1,2,0,74.0
10109564LQBUENO_2025-01-23_G40,10109564LQBUENO,2025-01-23,"123343, 123345",2,6,16,483.0
10109564LQBUENO_2025-01-23_G41,10109564LQBUENO,2025-01-23,124248,1,38,0,1249.0
10109564LQBUENO_2025-01-23_G42,10109564LQBUENO,2025-01-23,122967,1,12,0,527.0
10109564LQBUENO_2025-01-24_G02,10109564LQBUENO,2025-01-24,122673,1,30,0,407.0
10109564LQBUENO_2025-01-24_G03,10109564LQBUENO,2025-01-24,120028,1,70,0,1571.0
10109564LQBUENO_2025-01-24_G04,10109564LQBUENO,2025-01-24,122962,1,8,0,428.0
10109564LQBUENO_2025-01-24_G05,10109564LQBUENO,2025-01-24,122647,1,50,0,351.0
10109564LQBUENO_2025-01-24_G06,10109564LQBUENO,2025-01-24,122962,1,100,0,803.0
10109564LQBUENO_2025-01-24_G07,10109564LQBUENO,2025-01-24,123345,1,4,0,1269.0
10109564LQBUENO_2025-01-24_G08,10109564LQBUENO,2025-01-24,122988,1,4,0,870.0
10109564LQBUENO_2025-01-24_G09,10109564LQBUENO,2025-01-24,"122984, 122981",2,20,6,33.0
10109564LQBUENO_2025-01-24_G10,10109564LQBUENO,2025-01-24,"123909, 122185, 120028, 124248, 122982, 122983",6,41,57,170.0
10109564LQBUENO_2025-01-24_G11,10109564LQBUENO,2025-01-24,120272,1,4,0,32.0
10109564LQBUENO_2025-01-24_G12,10109564LQBUENO,2025-01-24,122962,1,14,0,246.0
10109564LQBUENO_2025-01-24_G13,10109564LQBUENO,2025-01-24,123822,1,12,0,132.0
10109564LQBUENO_2025-01-24_G14,10109564LQBUENO,2025-01-24,122185,1,18,0,577.0
10109564LQBUENO_2025-01-24_G15,10109564LQBUENO,2025-01-24,122983,1,24,0,402.0
10109564LQBUENO_2025-01-24_G16,10109564LQBUENO,2025-01-24,122981,1,8,0,120.0
10109564LQBUENO_2025-01-24_G17,10109564LQBUENO,2025-01-24,120028,1,10,0,133.0
10109564LQBUENO_2025-01-24_G18,10109564LQBUENO,2025-01-24,122984,1,40,0,277.0
10109564LQBUENO_2025-01-24_G19,10109564LQBUENO,2025-01-24,124248,1,40,0,389.0
10109564LQBUENO_2025-01-24_G20,10109564LQBUENO,2025-01-24,180024,1,2,0,395.0
10109564LQBUENO_2025-01-24_G21,10109564LQBUENO,2025-01-24,124433,1,6,0,473.0
10109564LQBUENO_2025-01-24_G22,10109564LQBUENO,2025-01-24,124433,1,31,0,690.0
10109564LQBUENO_2025-01-24_G25,10109564LQBUENO,2025-01-24,122983,1,4,0,43.0
10109564LQBUENO_2025-01-24_G26,10109564LQBUENO,2025-01-24,124370,1,11,0,319.0
10109564LQBUENO_2025-01-24_G27,10109564LQBUENO,2025-01-24,122983,1,3,0,164.0
10109564LQBUENO_2025-01-24_G28,10109564LQBUENO,2025-01-24,124247,1,10,0,146.0
10109564LQBUENO_2025-01-24_G29,10109564LQBUENO,2025-01-24,121651,1,30,0,1034.0
10109564LQBUENO_2025-01-24_G30,10109564LQBUENO,2025-01-24,181057,1,1,0,823.0
10109564LQBUENO_2025-01-24_G31,10109564LQBUENO,2025-01-24,123345,1,30,0,75.0
10109564LQBUENO_2025-01-24_G32,10109564LQBUENO,2025-01-24,"181887, 181056",2,5,21,59.0
10109564LQBUENO_2025-01-24_G33,10109564LQBUENO,2025-01-24,181235,1,1,0,73.0
10109564LQBUENO_2025-01-24_G34,10109564LQBUENO,2025-01-24,121760,1,9,0,356.0
10109564LQBUENO_2025-01-27_G02,10109564LQBUENO,2025-01-27,122673,1,24,0,1070.0
10109564LQBUENO_2025-01-27_G03,10109564LQBUENO,2025-01-27,122671,1,6,0,50.0
10109564LQBUENO_2025-01-27_G04,10109564LQBUENO,2025-01-27,124486,1,4,0,206.0
10109564LQBUENO_2025-01-27_G05,10109564LQBUENO,2025-01-27,122962,1,16,0,252.0
10109564LQBUENO_2025-01-27_G06,10109564LQBUENO,2025-01-27,181057,1,2,0,273.0
10109564LQBUENO_2025-01-27_G07,10109564LQBUENO,2025-01-27,181235,1,3,0,433.0
10109564LQBUENO_2025-01-27_G08,10109564LQBUENO,2025-01-27,122647,1,30,0,288.0
10109564LQBUENO_2025-01-27_G09,10109564LQBUENO,2025-01-27,122671,2,10,9,352.0
10109564LQBUENO_2025-01-27_G10,10109564LQBUENO,2025-01-27,122962,1,250,0,2127.0
10109564LQBUENO_2025-01-27_G11,10109564LQBUENO,2025-01-27,123153,1,20,0,670.0
10109564LQBUENO_2025-01-27_G12,10109564LQBUENO,2025-01-27,"124371, 124370",2,16,24,983.0
10109564LQBUENO_2025-01-27_G13,10109564LQBUENO,2025-01-27,"124370, 121651",2,28,10,1878.0
10109564LQBUENO_2025-01-27_G14,10109564LQBUENO,2025-01-27,123909,1,8,0,111.0
10109564LQBUENO_2025-01-27_G15,10109564LQBUENO,2025-01-27,122962,1,12,0,582.0
10109564LQBUENO_2025-01-27_G16,10109564LQBUENO,2025-01-27,122962,1,14,0,371.0
10109564LQBUENO_2025-01-27_G17,10109564LQBUENO,2025-01-27,120028,1,12,0,224.0
10109564LQBUENO_2025-01-27_G18,10109564LQBUENO,2025-01-27,122647,1,12,0,241.0
10109564LQBUENO_2025-01-27_G19,10109564LQBUENO,2025-01-27,121651,1,30,0,849.0
10109564LQBUENO_2025-01-27_G20,10109564LQBUENO,2025-01-27,180024,2,2,9,343.0
10109564LQBUENO_2025-01-27_G21,10109564LQBUENO,2025-01-27,121760,1,12,0,331.0
10109564LQBUENO_2025-01-27_G22,10109564LQBUENO,2025-01-27,122705,1,16,0,461.0
10109564LQBUENO_2025-01-27_G23,10109564LQBUENO,2025-01-27,"122185, 123907",2,14,19,34.0
10109564LQBUENO_2025-01-27_G24,10109564LQBUENO,2025-01-27,124486,1,24,0,523.0
10109564LQBUENO_2025-01-27_G25,10109564LQBUENO,2025-01-27,122962,1,32,0,383.0
10109564LQBUENO_2025-01-27_G26,10109564LQBUENO,2025-01-27,122647,1,30,0,523.0
10109564LQBUENO_2025-01-27_G28,10109564LQBUENO,2025-01-27,122988,2,9,11,751.0
10109564LQBUENO_2025-01-27_G29,10109564LQBUENO,2025-01-27,122962,1,16,0,602.0
10109564LQBUENO_2025-01-27_G30,10109564LQBUENO,2025-01-27,122673,1,30,0,428.0
10109564LQBUENO_2025-01-27_G31,10109564LQBUENO,2025-01-27,122647,1,80,0,1708.0
10109564LQBUENO_2025-01-27_G32,10109564LQBUENO,2025-01-27,122962,1,120,0,88.0
10109564LQBUENO_2025-01-27_G33,10109564LQBUENO,2025-01-27,124247,1,4,0,160.0
10109564LQBUENO_2025-01-27_G34,10109564LQBUENO,2025-01-27,122984,1,21,0,196.0
10109564LQBUENO_2025-01-27_G35,10109564LQBUENO,2025-01-27,124370,1,16,0,189.0
10109564LQBUENO_2025-01-27_G36,10109564LQBUENO,2025-01-27,122962,1,40,0,174.0
10109564LQBUENO_2025-01-28_G02,10109564LQBUENO,2025-01-28,122984,1,124,0,1015.0
10109564LQBUENO_2025-01-28_G03,10109564LQBUENO,2025-01-28,181235,1,2,0,465.0
10109564LQBUENO_2025-01-28_G04,10109564LQBUENO,2025-01-28,120339,5,20,36,1806.0
10109564LQBUENO_2025-01-28_G05,10109564LQBUENO,2025-01-28,122983,1,20,0,386.0
10109564LQBUENO_2025-01-28_G06,10109564LQBUENO,2025-01-28,122962,1,12,0,341.0
10109564LQBUENO_2025-01-28_G07,10109564LQBUENO,2025-01-28,122962,1,32,0,155.0
10109564LQBUENO_2025-01-28_G08,10109564LQBUENO,2025-01-28,123153,1,30,0,486.0
10109564LQBUENO_2025-01-28_G09,10109564LQBUENO,2025-01-28,121760,1,8,0,335.0
10109564LQBUENO_2025-01-28_G10,10109564LQBUENO,2025-01-28,121651,1,8,0,102.0
10109564LQBUENO_2025-01-28_G11,10109564LQBUENO,2025-01-28,123313,1,18,0,161.0
10109564LQBUENO_2025-01-28_G12,10109564LQBUENO,2025-01-28,123492,1,65,0,903.0
10109564LQBUENO_2025-01-28_G13,10109564LQBUENO,2025-01-28,"124248, 122984",2,150,30,2464.0
10109564LQBUENO_2025-01-28_G14,10109564LQBUENO,2025-01-28,121760,1,20,0,220.0
10109564LQBUENO_2025-01-28_G15,10109564LQBUENO,2025-01-28,123344,1,8,0,254.0
10109564LQBUENO_2025-01-28_G16,10109564LQBUENO,2025-01-28,122673,2,4,6,323.0
10109564LQBUENO_2025-01-28_G17,10109564LQBUENO,2025-01-28,121760,1,4,0,212.0
10109564LQBUENO_2025-01-28_G18,10109564LQBUENO,2025-01-28,121760,3,6,28,102.0
10109564LQBUENO_2025-01-28_G19,10109564LQBUENO,2025-01-28,121760,1,8,0,56.0
10109564LQBUENO_2025-01-28_G20,10109564LQBUENO,2025-01-28,121923,1,2,0,98.0
10109564LQBUENO_2025-01-28_G21,10109564LQBUENO,2025-01-28,122986,1,2,0,85.0
10109564LQBUENO_2025-01-28_G22,10109564LQBUENO,2025-01-28,123313,1,2,0,144.0
10109564LQBUENO_2025-01-28_G23,10109564LQBUENO,2025-01-28,123343,1,1,0,150.0
10109564LQBUENO_2025-01-28_G24,10109564LQBUENO,2025-01-28,123343,1,5,0,678.0
10109564LQBUENO_2025-01-28_G25,10109564LQBUENO,2025-01-28,122984,2,200,24,2851.0
10109564LQBUENO_2025-01-28_G27,10109564LQBUENO,2025-01-28,124248,1,4,0,84.0
10109564LQBUENO_2025-01-28_G28,10109564LQBUENO,2025-01-28,123907,1,4,0,206.0
10109564LQBUENO_2025-01-28_G29,10109564LQBUENO,2025-01-28,121760,1,28,0,514.0
10109564LQBUENO_2025-01-28_G30,10109564LQBUENO,2025-01-28,123081,1,13,0,690.0
10109564LQBUENO_2025-01-28_G31,10109564LQBUENO,2025-01-28,123907,1,6,0,100.0
10109564LQBUENO_2025-01-28_G32,10109564LQBUENO,2025-01-28,181235,1,4,0,316.0
10109564LQBUENO_2025-01-28_G33,10109564LQBUENO,2025-01-28,123909,1,3,0,132.0
10109564LQBUENO_2025-01-28_G34,10109564LQBUENO,2025-01-28,122962,1,10,0,104.0
10109564LQBUENO_2025-01-28_G35,10109564LQBUENO,2025-01-28,122962,1,12,0,156.0
10109564LQBUENO_2025-01-28_G36,10109564LQBUENO,2025-01-28,123822,1,12,0,115.0
10109564LQBUENO_2025-01-28_G37,10109564LQBUENO,2025-01-28,122962,1,250,0,928.0
10109564LQBUENO_2025-01-29_G02,10109564LQBUENO,2025-01-29,122962,1,12,0,396.0
10109564LQBUENO_2025-01-29_G03,10109564LQBUENO,2025-01-29,122962,1,12,0,86.0
10109564LQBUENO_2025-01-29_G04,10109564LQBUENO,2025-01-29,121760,1,12,0,218.0
10109564LQBUENO_2025-01-29_G05,10109564LQBUENO,2025-01-29,122985,1,8,0,267.0
10109564LQBUENO_2025-01-29_G06,10109564LQBUENO,2025-01-29,120271,1,2,0,628.0
10109564LQBUENO_2025-01-29_G07,10109564LQBUENO,2025-01-29,123344,1,12,0,173.0
10109564LQBUENO_2025-01-29_G08,10109564LQBUENO,2025-01-29,123345,1,12,0,299.0
10109564LQBUENO_2025-01-29_G09,10109564LQBUENO,2025-01-29,123343,2,10,11,99.0
10109564LQBUENO_2025-01-29_G10,10109564LQBUENO,2025-01-29,123343,1,2,0,410.0
10109564LQBUENO_2025-01-29_G11,10109564LQBUENO,2025-01-29,122703,1,1,0,503.0
10109564LQBUENO_2025-01-29_G12,10109564LQBUENO,2025-01-29,122703,1,13,0,94.0
10109564LQBUENO_2025-01-29_G13,10109564LQBUENO,2025-01-29,124486,1,10,0,323.0
10109564LQBUENO_2025-01-29_G14,10109564LQBUENO,2025-01-29,120028,1,100,0,1004.0
10109564LQBUENO_2025-01-29_G15,10109564LQBUENO,2025-01-29,122962,1,24,0,469.0
10109564LQBUENO_2025-01-29_G16,10109564LQBUENO,2025-01-29,122962,1,100,0,193.0
10109564LQBUENO_2025-01-29_G17,10109564LQBUENO,2025-01-29,123909,1,30,0,613.0
10109564LQBUENO_2025-01-29_G18,10109564LQBUENO,2025-01-29,123907,1,8,0,1057.0
10109564LQBUENO_2025-01-29_G19,10109564LQBUENO,2025-01-29,122703,1,5,0,36.0
10109564LQBUENO_2025-01-29_G20,10109564LQBUENO,2025-01-29,123907,1,4,0,129.0
10109564LQBUENO_2025-01-29_G21,10109564LQBUENO,2025-01-29,122703,1,2,0,94.0
10109564LQBUENO_2025-01-29_G22,10109564LQBUENO,2025-01-29,122647,1,50,0,1269.0
10109564LQBUENO_2025-01-29_G23,10109564LQBUENO,2025-01-29,123907,1,65,0,866.0
10109564LQBUENO_2025-01-29_G24,10109564LQBUENO,2025-01-29,123343,2,20,8,768.0
10109564LQBUENO_2025-01-29_G25,10109564LQBUENO,2025-01-29,122671,1,20,0,432.0
10109564LQBUENO_2025-01-29_G26,10109564LQBUENO,2025-01-29,122671,1,10,0,97.0
10109564LQBUENO_2025-01-29_G27,10109564LQBUENO,2025-01-29,122647,1,25,0,352.0
10109564LQBUENO_2025-01-29_G28,10109564LQBUENO,2025-01-29,122673,1,20,0,251.0
10109564LQBUENO_2025-01-29_G29,10109564LQBUENO,2025-01-29,122673,1,10,0,63.0
10109564LQBUENO_2025-01-29_G30,10109564LQBUENO,2025-01-29,122647,1,15,0,212.0
10109564LQBUENO_2025-01-29_G31,10109564LQBUENO,2025-01-29,123343,1,8,0,269.0
10109564LQBUENO_2025-01-29_G33,10109564LQBUENO,2025-01-29,120339,1,4,0,37.0
10109564LQBUENO_2025-01-29_G34,10109564LQBUENO,2025-01-29,120271,1,10,0,162.0
10109564LQBUENO_2025-01-29_G35,10109564LQBUENO,2025-01-29,123561,1,80,0,775.0
10109564LQBUENO_2025-01-30_G02,10109564LQBUENO,2025-01-30,123345,1,16,0,613.0
10109564LQBUENO_2025-01-30_G03,10109564LQBUENO,2025-01-30,122671,1,6,0,254.0
10109564LQBUENO_2025-01-30_G04,10109564LQBUENO,2025-01-30,122673,1,18,0,284.0
10109564LQBUENO_2025-01-30_G05,10109564LQBUENO,2025-01-30,122673,1,6,0,202.0
10109564LQBUENO_2025-01-30_G06,10109564LQBUENO,2025-01-30,122673,1,20,0,92.0
10109564LQBUENO_2025-01-30_G07,10109564LQBUENO,2025-01-30,122986,1,40,0,626.0
10109564LQBUENO_2025-01-30_G08,10109564LQBUENO,2025-01-30,"122673, 123345",3,32,28,1026.0
10109564LQBUENO_2025-01-30_G09,10109564LQBUENO,2025-01-30,121923,1,2,0,2979.0
10109564LQBUENO_2025-01-30_G10,10109564LQBUENO,2025-01-30,120339,1,2,0,39.0
10109564LQBUENO_2025-01-30_G11,10109564LQBUENO,2025-01-30,120339,2,6,21,39.0
10109564LQBUENO_2025-01-30_G12,10109564LQBUENO,2025-01-30,122983,3,41,15,899.0
10109564LQBUENO_2025-01-30_G13,10109564LQBUENO,2025-01-30,123560,1,8,0,514.0
10109564LQBUENO_2025-01-30_G14,10109564LQBUENO,2025-01-30,121651,1,8,0,122.0
10109564LQBUENO_2025-01-30_G15,10109564LQBUENO,2025-01-30,121651,1,6,0,31.0
10109564LQBUENO_2025-01-30_G16,10109564LQBUENO,2025-01-30,123344,1,4,0,828.0
10109564LQBUENO_2025-01-30_G17,10109564LQBUENO,2025-01-30,"120339, 122986, 122988, 122984",4,18,34,111.0
10109564LQBUENO_2025-01-30_G18,10109564LQBUENO,2025-01-30,"122981, 122982, 123822",3,21,13,130.0
10109564LQBUENO_2025-01-30_G19,10109564LQBUENO,2025-01-30,123345,1,10,0,38.0
10109564LQBUENO_2025-01-30_G20,10109564LQBUENO,2025-01-30,120028,1,60,0,433.0
10109564LQBUENO_2025-01-30_G21,10109564LQBUENO,2025-01-30,"123909, 122984",2,16,8,1740.0
10109564LQBUENO_2025-01-30_G22,10109564LQBUENO,2025-01-30,"122962, 124486, 122983",3,30,30,95.0
10109564LQBUENO_2025-01-30_G23,10109564LQBUENO,2025-01-30,122962,1,28,0,391.0
10109564LQBUENO_2025-01-30_G24,10109564LQBUENO,2025-01-30,122983,1,10,0,249.0
10109564LQBUENO_2025-01-30_G25,10109564LQBUENO,2025-01-30,"122986, 124264, 122962",3,23,24,418.0
10109564LQBUENO_2025-01-30_G26,10109564LQBUENO,2025-01-30,"123909, 122984",2,14,16,322.0
10109564LQBUENO_2025-01-30_G27,10109564LQBUENO,2025-01-30,124247,1,4,0,194.0
10109564LQBUENO_2025-01-30_G29,10109564LQBUENO,2025-01-30,124248,1,4,0,110.0
10109564LQBUENO_2025-01-30_G30,10109564LQBUENO,2025-01-30,122983,1,5,0,160.0
10109564LQBUENO_2025-01-30_G31,10109564LQBUENO,2025-01-30,122985,1,6,0,93.0
10109564LQBUENO_2025-01-30_G32,10109564LQBUENO,2025-01-30,122988,1,5,0,464.0
10109564LQBUENO_2025-01-30_G33,10109564LQBUENO,2025-01-30,123345,1,10,0,168.0
10109564LQBUENO_2025-01-30_G34,10109564LQBUENO,2025-01-30,122673,1,8,0,524.0
10109564LQBUENO_2025-01-30_G35,10109564LQBUENO,2025-01-30,122962,1,8,0,63.0
10109564LQBUENO_2025-01-30_G36,10109564LQBUENO,2025-01-30,122671,1,10,0,123.0
10109564LQBUENO_2025-01-30_G37,10109564LQBUENO,2025-01-30,122647,1,25,0,475.0
10109564LQBUENO_2025-01-30_G38,10109564LQBUENO,2025-01-30,122962,1,14,0,34.0
10109564LQBUENO_2025-01-30_G39,10109564LQBUENO,2025-01-30,122671,1,10,0,247.0
10109564LQBUENO_2025-01-30_G40,10109564LQBUENO,2025-01-30,122962,1,14,0,192.0
10109564LQBUENO_2025-01-30_G41,10109564LQBUENO,2025-01-30,122647,1,25,0,168.0
10109564LQBUENO_2025-01-30_G42,10109564LQBUENO,2025-01-30,123345,1,4,0,459.0
10109564LQBUENO_2025-01-30_G43,10109564LQBUENO,2025-01-30,123345,1,7,0,72.0
10109564LQBUENO_2025-01-30_G44,10109564LQBUENO,2025-01-30,123909,1,24,0,244.0
10109564LQBUENO_2025-01-30_G45,10109564LQBUENO,2025-01-30,123345,1,36,0,350.0
10109564LQBUENO_2025-01-30_G46,10109564LQBUENO,2025-01-30,122962,1,80,0,659.0
10109564LQBUENO_2025-01-31_G02,10109564LQBUENO,2025-01-31,123345,1,10,0,60.0
10109564LQBUENO_2025-01-31_G03,10109564LQBUENO,2025-01-31,123343,1,10,0,435.0
10109564LQBUENO_2025-01-31_G04,10109564LQBUENO,2025-01-31,120389,1,16,0,1371.0
10109564LQBUENO_2025-01-31_G05,10109564LQBUENO,2025-01-31,120028,1,10,0,39.0
10109564LQBUENO_2025-01-31_G06,10109564LQBUENO,2025-01-31,123907,1,28,0,254.0
10109564LQBUENO_2025-01-31_G07,10109564LQBUENO,2025-01-31,121923,1,20,0,933.0
10109564LQBUENO_2025-01-31_G08,10109564LQBUENO,2025-01-31,123561,1,1,0,250.0
10109564LQBUENO_2025-01-31_G09,10109564LQBUENO,2025-01-31,120389,1,4,0,1866.0
10109564LQBUENO_2025-01-31_G10,10109564LQBUENO,2025-01-31,123561,1,73,0,31.0
10109564LQBUENO_2025-01-31_G11,10109564LQBUENO,2025-01-31,122962,1,100,0,970.0
10109564LQBUENO_2025-01-31_G12,10109564LQBUENO,2025-01-31,122673,1,10,0,709.0
10109564LQBUENO_2025-01-31_G13,10109564LQBUENO,2025-01-31,123345,1,10,0,184.0
10109564LQBUENO_2025-01-31_G14,10109564LQBUENO,2025-01-31,123889,1,20,0,656.0
10109564LQBUENO_2025-01-31_G15,10109564LQBUENO,2025-01-31,123947,1,20,0,109.0
10109564LQBUENO_2025-01-31_G16,10109564LQBUENO,2025-01-31,123081,1,6,0,332.0
10109564LQBUENO_2025-01-31_G17,10109564LQBUENO,2025-01-31,124370,1,10,0,253.0
10109564LQBUENO_2025-01-31_G18,10109564LQBUENO,2025-01-31,124371,1,8,0,163.0
10109564LQBUENO_2025-01-31_G19,10109564LQBUENO,2025-01-31,122982,1,4,0,132.0
10109564LQBUENO_2025-01-31_G20,10109564LQBUENO,2025-01-31,123521,1,10,0,183.0
10109564LQBUENO_2025-01-31_G21,10109564LQBUENO,2025-01-31,122985,1,8,0,177.0
10109564LQBUENO_2025-01-31_G22,10109564LQBUENO,2025-01-31,122703,1,4,0,94.0
10109564LQBUENO_2025-01-31_G23,10109564LQBUENO,2025-01-31,123344,1,4,0,133.0
10109564LQBUENO_2025-01-31_G24,10109564LQBUENO,2025-01-31,123153,1,8,0,119.0
10109564LQBUENO_2025-01-31_G25,10109564LQBUENO,2025-01-31,123947,1,8,0,184.0
10109564LQBUENO_2025-01-31_G26,10109564LQBUENO,2025-01-31,124247,1,6,0,117.0
10109564LQBUENO_2025-01-31_G27,10109564LQBUENO,2025-01-31,"123889, 123153",2,12,18,482.0
10109564LQBUENO_2025-01-31_G28,10109564LQBUENO,2025-01-31,"121760, 122703",2,20,21,101.0
10109564LQBUENO_2025-01-31_G29,10109564LQBUENO,2025-01-31,122962,1,4,0,1417.0
10109564LQBUENO_2025-01-31_G30,10109564LQBUENO,2025-01-31,"123343, 122703",2,8,15,34.0
10109564LQBUENO_2025-01-31_G31,10109564LQBUENO,2025-01-31,122962,1,10,0,137.0
10109564LQBUENO_2025-01-31_G32,10109564LQBUENO,2025-01-31,122671,1,4,0,65.0
10109564LQBUENO_2025-01-31_G33,10109564LQBUENO,2025-01-31,122673,1,7,0,130.0
10109564LQBUENO_2025-01-31_G34,10109564LQBUENO,2025-01-31,"122673, 123345",2,6,23,149.0
10109564LQBUENO_2025-01-31_G36,10109564LQBUENO,2025-01-31,123822,1,4,0,819.0
10109564LQBUENO_2025-01-31_G37,10109564LQBUENO,2025-01-31,124248,1,100,0,2932.0
10109564LQBUENO_2025-01-31_G38,10109564LQBUENO,2025-01-31,122962,1,32,0,885.0
10109564LQBUENO_2025-01-31_G39,10109564LQBUENO,2025-01-31,124486,1,50,0,265.0
10109564LQBUENO_2025-01-31_G40,10109564LQBUENO,2025-01-31,122673,1,1,0,815.0
10109564LQBUENO_2025-01-31_G41,10109564LQBUENO,2025-01-31,122703,1,10,0,87.0
10109564LQBUENO_2025-01-31_G42,10109564LQBUENO,2025-01-31,122703,1,2,0,142.0
10109564LQBUENO_2025-01-31_G43,10109564LQBUENO,2025-01-31,122962,1,32,0,223.0
10109564LQBUENO_2025-01-31_G44,10109564LQBUENO,2025-01-31,123343,2,4,17,231.0
10109564LQBUENO_2025-02-05_G02,10109564LQBUENO,2025-02-05,124370,1,200,0,2697.0
10109564LQBUENO_2025-02-05_G03,10109564LQBUENO,2025-02-05,122962,1,8,0,641.0
10109564LQBUENO_2025-02-05_G05,10109564LQBUENO,2025-02-05,122962,1,24,0,246.0
10109564LQBUENO_2025-02-05_G06,10109564LQBUENO,2025-02-05,122962,1,25,0,116.0
10109564LQBUENO_2025-02-05_G07,10109564LQBUENO,2025-02-05,124248,1,10,0,311.0
10109564LQBUENO_2025-02-05_G08,10109564LQBUENO,2025-02-05,122647,1,10,0,186.0
10109564LQBUENO_2025-02-05_G09,10109564LQBUENO,2025-02-05,122671,1,2,0,76.0
10109564LQBUENO_2025-02-05_G10,10109564LQBUENO,2025-02-05,122673,1,11,0,327.0
10109564LQBUENO_2025-02-05_G11,10109564LQBUENO,2025-02-05,122673,4,10,15,61.0
10109564LQBUENO_2025-02-05_G12,10109564LQBUENO,2025-02-05,123909,1,30,0,363.0
10109564LQBUENO_2025-02-05_G13,10109564LQBUENO,2025-02-05,123345,1,16,0,451.0
10109564LQBUENO_2025-02-05_G15,10109564LQBUENO,2025-02-05,124248,1,8,0,198.0
10109564LQBUENO_2025-02-05_G16,10109564LQBUENO,2025-02-05,122671,1,12,0,184.0
10109564LQBUENO_2025-02-05_G17,10109564LQBUENO,2025-02-05,122673,1,12,0,230.0
10109564LQBUENO_2025-02-05_G18,10109564LQBUENO,2025-02-05,123909,1,20,0,327.0
10109564LQBUENO_2025-02-05_G19,10109564LQBUENO,2025-02-05,122962,1,20,0,349.0
10109564LQBUENO_2025-02-05_G20,10109564LQBUENO,2025-02-05,124248,1,10,0,113.0
10109564LQBUENO_2025-02-05_G21,10109564LQBUENO,2025-02-05,122962,1,12,0,227.0
10109564LQBUENO_2025-02-05_G22,10109564LQBUENO,2025-02-05,122647,1,12,0,176.0
10109564LQBUENO_2025-02-05_G23,10109564LQBUENO,2025-02-05,122671,1,10,0,238.0
10109564LQBUENO_2025-02-05_G24,10109564LQBUENO,2025-02-05,122673,1,60,0,1688.0
10109564LQBUENO_2025-02-05_G25,10109564LQBUENO,2025-02-05,124248,1,30,0,59.0
10109564LQBUENO_2025-02-06_G02,10109564LQBUENO,2025-02-06,122647,1,20,0,1121.0
10109564LQBUENO_2025-02-06_G03,10109564LQBUENO,2025-02-06,123909,1,2,0,122.0
10109564LQBUENO_2025-02-06_G04,10109564LQBUENO,2025-02-06,123153,1,60,0,196.0
10109564LQBUENO_2025-02-06_G05,10109564LQBUENO,2025-02-06,123909,1,4,0,1161.0
10109564LQBUENO_2025-02-06_G06,10109564LQBUENO,2025-02-06,121760,1,6,0,131.0
10109564LQBUENO_2025-02-07_G02,10109564LQBUENO,2025-02-07,122962,1,100,0,2676.0
10109564LQBUENO_2025-02-07_G03,10109564LQBUENO,2025-02-07,124486,1,200,0,353.0
10109564LQBUENO_2025-02-07_G04,10109564LQBUENO,2025-02-07,122671,1,4,0,2080.0
10109564LQBUENO_2025-02-07_G05,10109564LQBUENO,2025-02-07,123909,1,10,0,94.0
10109564LQBUENO_2025-02-07_G06,10109564LQBUENO,2025-02-07,124486,1,56,0,553.0
10109564LQBUENO_2025-02-07_G07,10109564LQBUENO,2025-02-07,122962,1,24,0,935.0
10109564LQBUENO_2025-02-07_G08,10109564LQBUENO,2025-02-07,124248,1,30,0,521.0
10109564LQBUENO_2025-02-07_G09,10109564LQBUENO,2025-02-07,120389,1,48,0,585.0
10109564LQBUENO_2025-02-07_G10,10109564LQBUENO,2025-02-07,122962,1,24,0,626.0
10109564LQBUENO_2025-02-07_G11,10109564LQBUENO,2025-02-07,123908,1,4,0,145.0
10109564LQBUENO_2025-02-07_G12,10109564LQBUENO,2025-02-07,124486,1,32,0,489.0
10109564LQBUENO_2025-02-07_G14,10109564LQBUENO,2025-02-07,122962,1,100,0,1593.0
10109564LQBUENO_2025-02-07_G15,10109564LQBUENO,2025-02-07,122984,1,100,0,1553.0
10109564LQBUENO_2025-02-10_G02,10109564LQBUENO,2025-02-10,122981,1,14,0,902.0
10109564LQBUENO_2025-02-10_G03,10109564LQBUENO,2025-02-10,120028,1,12,0,335.0
10109564LQBUENO_2025-02-10_G04,10109564LQBUENO,2025-02-10,122647,1,12,0,220.0
10109564LQBUENO_2025-02-10_G05,10109564LQBUENO,2025-02-10,124486,1,12,0,485.0
10109564LQBUENO_2025-02-10_G06,10109564LQBUENO,2025-02-10,122962,1,12,0,216.0
10109564LQBUENO_2025-02-10_G07,10109564LQBUENO,2025-02-10,"124486, 123153",2,8,15,368.0
10109564LQBUENO_2025-02-10_G08,10109564LQBUENO,2025-02-10,122671,2,8,6,295.0
10109564LQBUENO_2025-02-10_G09,10109564LQBUENO,2025-02-10,123909,1,4,0,149.0
10109564LQBUENO_2025-02-10_G10,10109564LQBUENO,2025-02-10,124486,1,104,0,1061.0
10109564LQBUENO_2025-02-10_G11,10109564LQBUENO,2025-02-10,122962,1,88,0,438.0
10109564LQBUENO_2025-02-10_G12,10109564LQBUENO,2025-02-10,121760,1,6,0,896.0
10109564LQBUENO_2025-02-10_G13,10109564LQBUENO,2025-02-10,121928,1,2,0,159.0
10109564LQBUENO_2025-02-10_G14,10109564LQBUENO,2025-02-10,121651,2,10,8,193.0
10109564LQBUENO_2025-02-10_G15,10109564LQBUENO,2025-02-10,121651,1,2,0,186.0
10109564LQBUENO_2025-02-10_G16,10109564LQBUENO,2025-02-10,"123909, 124370",2,6,9,168.0
10109564LQBUENO_2025-02-10_G17,10109564LQBUENO,2025-02-10,"121760, 123344",2,10,30,210.0
10109564LQBUENO_2025-02-10_G18,10109564LQBUENO,2025-02-10,123345,1,3,0,131.0
10109564LQBUENO_2025-02-10_G19,10109564LQBUENO,2025-02-10,123343,1,4,0,240.0
10109564LQBUENO_2025-02-10_G20,10109564LQBUENO,2025-02-10,121760,1,2,0,202.0
10109564LQBUENO_2025-02-10_G21,10109564LQBUENO,2025-02-10,123344,1,8,0,37.0
10109564LQBUENO_2025-02-10_G22,10109564LQBUENO,2025-02-10,123345,1,4,0,143.0
10109564LQBUENO_2025-02-10_G23,10109564LQBUENO,2025-02-10,123344,1,4,0,46.0
10109564LQBUENO_2025-02-10_G24,10109564LQBUENO,2025-02-10,124248,1,20,0,2100.0
10109564LQBUENO_2025-02-10_G25,10109564LQBUENO,2025-02-10,122984,1,14,0,283.0
10109564LQBUENO_2025-02-10_G26,10109564LQBUENO,2025-02-10,122962,1,16,0,199.0
10109564LQBUENO_2025-02-10_G27,10109564LQBUENO,2025-02-10,124486,1,24,0,67.0
10109564LQBUENO_2025-02-10_G28,10109564LQBUENO,2025-02-10,120389,1,36,0,667.0
10109564LQBUENO_2025-02-10_G29,10109564LQBUENO,2025-02-10,124248,1,6,0,552.0
10109564LQBUENO_2025-02-10_G30,10109564LQBUENO,2025-02-10,124486,1,2,0,42.0
10109564LQBUENO_2025-02-10_G31,10109564LQBUENO,2025-02-10,120389,1,6,0,36.0
10109564LQBUENO_2025-02-10_G32,10109564LQBUENO,2025-02-10,123345,1,14,0,106.0
10109564LQBUENO_2025-02-10_G33,10109564LQBUENO,2025-02-10,122673,1,4,0,201.0
10109564LQBUENO_2025-02-10_G34,10109564LQBUENO,2025-02-10,122705,1,12,0,181.0
10109564LQBUENO_2025-02-10_G35,10109564LQBUENO,2025-02-10,123562,1,16,0,186.0
10109564LQBUENO_2025-02-10_G36,10109564LQBUENO,2025-02-10,122962,1,8,0,666.0
10109564LQBUENO_2025-02-10_G37,10109564LQBUENO,2025-02-10,122962,1,12,0,452.0
10109564LQBUENO_2025-02-10_G38,10109564LQBUENO,2025-02-10,123822,1,40,0,145.0
10109564LQBUENO_2025-02-10_G39,10109564LQBUENO,2025-02-10,121760,1,7,0,165.0
10109564LQBUENO_2025-02-10_G40,10109564LQBUENO,2025-02-10,123153,1,2,0,55.0
10109564LQBUENO_2025-02-10_G41,10109564LQBUENO,2025-02-10,124486,1,3,0,201.0
10109564LQBUENO_2025-02-10_G42,10109564LQBUENO,2025-02-10,122962,1,32,0,96.0
10109564LQBUENO_2025-02-10_G43,10109564LQBUENO,2025-02-10,123907,1,40,0,657.0
10109564LQBUENO_2025-02-10_G44,10109564LQBUENO,2025-02-10,123909,1,6,0,248.0
10109564LQBUENO_2025-02-10_G45,10109564LQBUENO,2025-02-10,122988,1,4,0,151.0
10109564LQBUENO_2025-02-10_G46,10109564LQBUENO,2025-02-10,123081,1,1,0,45.0
10109564LQBUENO_2025-02-10_G48,10109564LQBUENO,2025-02-10,120271,1,2,0,65.0
10109564LQBUENO_2025-02-10_G49,10109564LQBUENO,2025-02-10,120028,1,16,0,105.0
10109564LQBUENO_2025-02-10_G50,10109564LQBUENO,2025-02-10,122984,1,64,0,630.0
10109564LQBUENO_2025-02-10_G51,10109564LQBUENO,2025-02-10,123312,1,2,0,797.0
10109564LQBUENO_2025-02-11_G02,10109564LQBUENO,2025-02-11,"123153, 124486",2,4,20,268.0
10109564LQBUENO_2025-02-11_G03,10109564LQBUENO,2025-02-11,124486,1,48,0,587.0
10109564LQBUENO_2025-02-11_G04,10109564LQBUENO,2025-02-11,122647,1,16,0,200.0
10109564LQBUENO_2025-02-11_G05,10109564LQBUENO,2025-02-11,124486,1,4,0,125.0
10109564LQBUENO_2025-02-11_G06,10109564LQBUENO,2025-02-11,122962,1,4,0,141.0
10109564LQBUENO_2025-02-11_G07,10109564LQBUENO,2025-02-11,122189,1,180,0,2407.0
10109564LQBUENO_2025-02-11_G09,10109564LQBUENO,2025-02-11,122196,1,100,0,50.0
10109564LQBUENO_2025-02-11_G10,10109564LQBUENO,2025-02-11,122981,1,8,0,166.0
10109564LQBUENO_2025-02-11_G11,10109564LQBUENO,2025-02-11,123911,1,32,0,366.0
10109564LQBUENO_2025-02-11_G12,10109564LQBUENO,2025-02-11,122984,1,16,0,321.0
10109564LQBUENO_2025-02-11_G13,10109564LQBUENO,2025-02-11,122988,1,6,0,385.0
10109564LQBUENO_2025-02-11_G14,10109564LQBUENO,2025-02-11,122988,1,7,0,110.0
10109564LQBUENO_2025-02-11_G15,10109564LQBUENO,2025-02-11,"120272, 122982",2,24,19,353.0
10109564LQBUENO_2025-02-11_G16,10109564LQBUENO,2025-02-11,120339,1,2,0,1042.0
10109564LQBUENO_2025-02-11_G17,10109564LQBUENO,2025-02-11,120028,1,12,0,874.0
10109564LQBUENO_2025-02-11_G18,10109564LQBUENO,2025-02-11,122647,1,14,0,154.0
10109564LQBUENO_2025-02-11_G19,10109564LQBUENO,2025-02-11,123911,1,2,0,120.0
10109564LQBUENO_2025-02-11_G20,10109564LQBUENO,2025-02-11,122671,1,4,0,94.0
10109564LQBUENO_2025-02-11_G21,10109564LQBUENO,2025-02-11,124486,1,10,0,124.0
10109564LQBUENO_2025-02-11_G22,10109564LQBUENO,2025-02-11,122962,1,40,0,327.0
10109564LQBUENO_2025-02-11_G24,10109564LQBUENO,2025-02-11,122671,1,28,0,295.0
10109564LQBUENO_2025-02-11_G25,10109564LQBUENO,2025-02-11,123909,1,30,0,493.0
10109564LQBUENO_2025-02-11_G26,10109564LQBUENO,2025-02-11,120028,1,20,0,229.0
10109564LQBUENO_2025-02-11_G27,10109564LQBUENO,2025-02-11,122986,1,6,0,198.0
10109564LQBUENO_2025-02-11_G28,10109564LQBUENO,2025-02-11,124247,1,10,0,278.0
10109564LQBUENO_2025-02-12_G02,10109564LQBUENO,2025-02-12,124371,1,4,0,279.0
10109564LQBUENO_2025-02-12_G03,10109564LQBUENO,2025-02-12,122962,1,7,0,265.0
10109564LQBUENO_2025-02-12_G04,10109564LQBUENO,2025-02-12,122984,1,22,0,381.0
10109564LQBUENO_2025-02-12_G05,10109564LQBUENO,2025-02-12,122185,1,12,0,213.0
10109564LQBUENO_2025-02-12_G06,10109564LQBUENO,2025-02-12,120339,1,4,0,200.0
10109564LQBUENO_2025-02-12_G07,10109564LQBUENO,2025-02-12,124370,1,12,0,221.0
10109564LQBUENO_2025-02-12_G08,10109564LQBUENO,2025-02-12,"121760, 121923",2,24,26,577.0
10109564LQBUENO_2025-02-12_G09,10109564LQBUENO,2025-02-12,"120339, 123344, 124371, 124370, 122671, 123909, 120272, 124247",8,34,80,923.0
10109564LQBUENO_2025-02-12_G10,10109564LQBUENO,2025-02-12,123345,1,5,0,127.0
10109564LQBUENO_2025-02-12_G11,10109564LQBUENO,2025-02-12,123345,1,11,0,277.0
10109564LQBUENO_2025-02-12_G12,10109564LQBUENO,2025-02-12,123344,1,7,0,1506.0
10109564LQBUENO_2025-02-12_G13,10109564LQBUENO,2025-02-12,"124370, 122962, 122984, 120389, 122671, 120271, 122703, 121923, 122982, 122983, 120272, 124247",12,43,103,148.0
10109564LQBUENO_2025-02-12_G14,10109564LQBUENO,2025-02-12,"124371, 120339, 122985",3,54,24,407.0
10109564LQBUENO_2025-02-12_G15,10109564LQBUENO,2025-02-12,"124370, 124371",2,310,18,1703.0
10109564LQBUENO_2025-02-12_G16,10109564LQBUENO,2025-02-12,122962,1,19,0,358.0
10109564LQBUENO_2025-02-12_G17,10109564LQBUENO,2025-02-12,122962,1,81,0,427.0
10109564LQBUENO_2025-02-12_G18,10109564LQBUENO,2025-02-12,122984,3,12,17,375.0
10109564LQBUENO_2025-02-12_G19,10109564LQBUENO,2025-02-12,122984,1,20,0,436.0
10109564LQBUENO_2025-02-12_G20,10109564LQBUENO,2025-02-12,120389,1,30,0,1001.0
10109564LQBUENO_2025-02-12_G21,10109564LQBUENO,2025-02-12,122185,1,40,0,449.0
10109564LQBUENO_2025-02-12_G22,10109564LQBUENO,2025-02-12,121923,1,6,0,358.0
10109564LQBUENO_2025-02-12_G23,10109564LQBUENO,2025-02-12,121923,1,4,0,52.0
10109564LQBUENO_2025-02-12_G24,10109564LQBUENO,2025-02-12,"122982, 120028",2,40,10,778.0
10109564LQBUENO_2025-02-12_G25,10109564LQBUENO,2025-02-12,120272,1,10,0,276.0
10109564LQBUENO_2025-02-12_G26,10109564LQBUENO,2025-02-12,122988,1,10,0,255.0
10109564LQBUENO_2025-02-12_G27,10109564LQBUENO,2025-02-12,123343,1,12,0,135.0
10109564LQBUENO_2025-02-12_G28,10109564LQBUENO,2025-02-12,124371,1,20,0,2502.0
10109564LQBUENO_2025-02-12_G29,10109564LQBUENO,2025-02-12,"124247, 123907",2,26,8,104.0
10109564LQBUENO_2025-02-12_G31,10109564LQBUENO,2025-02-12,124370,1,80,0,1526.0
10109564LQBUENO_2025-02-12_G32,10109564LQBUENO,2025-02-12,"124371, 122185",2,26,7,786.0
10109564LQBUENO_2025-02-12_G33,10109564LQBUENO,2025-02-12,123907,1,60,0,827.0
10109564LQBUENO_2025-02-13_G02,10109564LQBUENO,2025-02-13,123492,1,16,0,220.0
10109564LQBUENO_2025-02-13_G03,10109564LQBUENO,2025-02-13,121307,1,30,0,518.0
10109564LQBUENO_2025-02-13_G04,10109564LQBUENO,2025-02-13,122703,1,78,0,1055.0
10109564LQBUENO_2025-02-13_G05,10109564LQBUENO,2025-02-13,121651,1,14,0,1099.0
10109564LQBUENO_2025-02-13_G06,10109564LQBUENO,2025-02-13,123344,1,33,0,390.0
10109564LQBUENO_2025-02-13_G07,10109564LQBUENO,2025-02-13,"122185, 123909",2,38,27,620.0
10109564LQBUENO_2025-02-13_G08,10109564LQBUENO,2025-02-13,"123560, 124247, 123907",3,29,29,47.0
10109564LQBUENO_2025-02-13_G09,10109564LQBUENO,2025-02-13,124248,1,1,0,55.0
10109564LQBUENO_2025-02-13_G10,10109564LQBUENO,2025-02-13,121760,1,60,0,1005.0
10109564LQBUENO_2025-02-13_G11,10109564LQBUENO,2025-02-13,123080,1,8,0,754.0
10109564LQBUENO_2025-02-13_G12,10109564LQBUENO,2025-02-13,"122962, 122982",2,50,27,530.0
10109564LQBUENO_2025-02-13_G13,10109564LQBUENO,2025-02-13,122673,1,8,0,177.0
10109564LQBUENO_2025-02-13_G14,10109564LQBUENO,2025-02-13,124248,1,2,0,94.0
10109564LQBUENO_2025-02-13_G15,10109564LQBUENO,2025-02-13,123153,1,25,0,346.0
10109564LQBUENO_2025-02-13_G16,10109564LQBUENO,2025-02-13,122647,1,24,0,684.0
10109564LQBUENO_2025-02-13_G17,10109564LQBUENO,2025-02-13,122962,1,32,0,64.0
10109564LQBUENO_2025-02-13_G18,10109564LQBUENO,2025-02-13,122962,1,16,0,102.0
10109564LQBUENO_2025-02-13_G19,10109564LQBUENO,2025-02-13,120389,1,8,0,701.0
10109564LQBUENO_2025-02-13_G20,10109564LQBUENO,2025-02-13,122671,1,24,0,369.0
10109564LQBUENO_2025-02-13_G21,10109564LQBUENO,2025-02-13,121760,1,20,0,169.0
10109564LQBUENO_2025-02-13_G22,10109564LQBUENO,2025-02-13,124371,2,22,10,323.0
10109564LQBUENO_2025-02-13_G23,10109564LQBUENO,2025-02-13,123909,1,20,0,267.0
10109564LQBUENO_2025-02-13_G24,10109564LQBUENO,2025-02-13,122983,1,16,0,334.0
10109564LQBUENO_2025-02-13_G25,10109564LQBUENO,2025-02-13,124370,1,10,0,129.0
10109564LQBUENO_2025-02-13_G26,10109564LQBUENO,2025-02-13,124370,1,10,0,125.0
10109564LQBUENO_2025-02-13_G27,10109564LQBUENO,2025-02-13,124247,1,8,0,278.0
10109564LQBUENO_2025-02-13_G28,10109564LQBUENO,2025-02-13,120339,1,8,0,166.0
10109564LQBUENO_2025-02-13_G29,10109564LQBUENO,2025-02-13,124371,1,8,0,198.0
10109564LQBUENO_2025-02-13_G30,10109564LQBUENO,2025-02-13,124371,1,8,0,121.0
10109564LQBUENO_2025-02-13_G31,10109564LQBUENO,2025-02-13,122647,1,10,0,1819.0
10109564LQBUENO_2025-02-13_G32,10109564LQBUENO,2025-02-13,122673,1,20,0,33.0
10109564LQBUENO_2025-02-13_G33,10109564LQBUENO,2025-02-13,122647,1,10,0,166.0
10109564LQBUENO_2025-02-13_G34,10109564LQBUENO,2025-02-13,124433,1,20,0,493.0
10109564LQBUENO_2025-02-13_G35,10109564LQBUENO,2025-02-13,124486,1,24,0,496.0
10109564LQBUENO_2025-02-13_G36,10109564LQBUENO,2025-02-13,122962,1,36,0,52.0
10109564LQBUENO_2025-02-13_G37,10109564LQBUENO,2025-02-13,123822,1,30,0,347.0
10109564LQBUENO_2025-02-13_G38,10109564LQBUENO,2025-02-13,124247,1,2,0,886.0
10109564LQBUENO_2025-02-13_G39,10109564LQBUENO,2025-02-13,"123344, 122984, 124248, 123909",4,26,41,35.0
10109564LQBUENO_2025-02-13_G40,10109564LQBUENO,2025-02-13,122982,1,12,0,42.0
10109564LQBUENO_2025-02-13_G41,10109564LQBUENO,2025-02-13,123909,1,2,0,140.0
10109564LQBUENO_2025-02-13_G42,10109564LQBUENO,2025-02-13,122985,1,2,0,63.0
10109564LQBUENO_2025-02-13_G43,10109564LQBUENO,2025-02-13,124247,1,2,0,43.0
10109564LQBUENO_2025-02-13_G44,10109564LQBUENO,2025-02-13,123153,1,10,0,136.0
10109564LQBUENO_2025-02-13_G45,10109564LQBUENO,2025-02-13,123345,1,10,0,104.0
10109564LQBUENO_2025-02-13_G47,10109564LQBUENO,2025-02-13,120389,1,20,0,789.0
10109564LQBUENO_2025-02-13_G48,10109564LQBUENO,2025-02-13,120389,1,20,0,202.0
10109564LQBUENO_2025-02-13_G49,10109564LQBUENO,2025-02-13,122981,1,8,0,256.0
10109564LQBUENO_2025-02-13_G50,10109564LQBUENO,2025-02-13,120271,1,4,0,57.0
10109564LQBUENO_2025-02-13_G51,10109564LQBUENO,2025-02-13,122185,1,4,0,48.0
10109564LQBUENO_2025-02-13_G52,10109564LQBUENO,2025-02-13,122983,1,20,0,251.0
10109564LQBUENO_2025-02-13_G53,10109564LQBUENO,2025-02-13,122983,1,4,0,78.0
10109564LQBUENO_2025-02-13_G54,10109564LQBUENO,2025-02-13,124247,1,12,0,519.0
10109564LQBUENO_2025-02-13_G55,10109564LQBUENO,2025-02-13,122983,1,40,0,417.0
10109564LQBUENO_2025-02-13_G56,10109564LQBUENO,2025-02-13,120271,2,8,15,186.0
10109564LQBUENO_2025-02-13_G57,10109564LQBUENO,2025-02-13,120271,1,4,0,42.0
10109564LQBUENO_2025-02-13_G58,10109564LQBUENO,2025-02-13,123560,1,2,0,61.0
10109564LQBUENO_2025-02-13_G59,10109564LQBUENO,2025-02-13,120339,1,6,0,120.0
10109564LQBUENO_2025-02-13_G60,10109564LQBUENO,2025-02-13,122962,1,24,0,347.0
10109564LQBUENO_2025-02-13_G61,10109564LQBUENO,2025-02-13,122185,1,4,0,106.0
10109564LQBUENO_2025-02-13_G62,10109564LQBUENO,2025-02-13,123909,1,20,0,99.0
10109564LQBUENO_2025-02-13_G63,10109564LQBUENO,2025-02-13,122983,1,36,0,222.0
10109564LQBUENO_2025-02-14_G02,10109564LQBUENO,2025-02-14,122185,1,4,0,517.0
10109564LQBUENO_2025-02-14_G03,10109564LQBUENO,2025-02-14,123344,1,4,0,334.0
10109564LQBUENO_2025-02-14_G04,10109564LQBUENO,2025-02-14,122984,1,4,0,132.0
10109564LQBUENO_2025-02-14_G05,10109564LQBUENO,2025-02-14,120389,1,2,0,57.0
10109564LQBUENO_2025-02-14_G06,10109564LQBUENO,2025-02-14,121760,1,8,0,91.0
10109564LQBUENO_2025-02-14_G07,10109564LQBUENO,2025-02-14,122985,1,6,0,888.0
10109564LQBUENO_2025-02-14_G08,10109564LQBUENO,2025-02-14,123345,1,16,0,831.0
10109564LQBUENO_2025-02-14_G09,10109564LQBUENO,2025-02-14,123344,1,12,0,185.0
10109564LQBUENO_2025-02-14_G10,10109564LQBUENO,2025-02-14,124371,1,10,0,313.0
10109564LQBUENO_2025-02-14_G11,10109564LQBUENO,2025-02-14,123909,1,2,0,165.0
10109564LQBUENO_2025-02-14_G12,10109564LQBUENO,2025-02-14,"124247, 123907",2,9,22,930.0
10109564LQBUENO_2025-02-14_G13,10109564LQBUENO,2025-02-14,124247,1,8,0,156.0
10109564LQBUENO_2025-02-14_G14,10109564LQBUENO,2025-02-14,"124247, 123153",3,73,34,56.0
10109564LQBUENO_2025-02-14_G15,10109564LQBUENO,2025-02-14,124370,1,12,0,202.0
10109564LQBUENO_2025-02-14_G16,10109564LQBUENO,2025-02-14,123909,1,5,0,196.0
10109564LQBUENO_2025-02-14_G17,10109564LQBUENO,2025-02-14,123909,1,5,0,144.0
10109564LQBUENO_2025-02-14_G18,10109564LQBUENO,2025-02-14,123560,1,2,0,206.0
10109564LQBUENO_2025-02-14_G19,10109564LQBUENO,2025-02-14,120028,1,40,0,466.0
10109564LQBUENO_2025-02-14_G20,10109564LQBUENO,2025-02-14,122962,1,52,0,579.0
10109564LQBUENO_2025-02-14_G21,10109564LQBUENO,2025-02-14,122962,1,4,0,136.0
10109564LQBUENO_2025-02-14_G22,10109564LQBUENO,2025-02-14,"124486, 122984",2,2,27,46.0
10109564LQBUENO_2025-02-14_G23,10109564LQBUENO,2025-02-14,123909,1,2,0,42.0
10109564LQBUENO_2025-02-14_G24,10109564LQBUENO,2025-02-14,122962,1,24,0,94.0
10109564LQBUENO_2025-02-14_G25,10109564LQBUENO,2025-02-14,122671,1,14,0,255.0
10109564LQBUENO_2025-02-14_G26,10109564LQBUENO,2025-02-14,122962,1,100,0,966.0
10109564LQBUENO_2025-02-14_G27,10109564LQBUENO,2025-02-14,123345,1,10,0,897.0
10109564LQBUENO_2025-02-14_G28,10109564LQBUENO,2025-02-14,122673,1,40,0,1030.0
10109564LQBUENO_2025-02-14_G29,10109564LQBUENO,2025-02-14,122984,1,8,0,34.0
10109564LQBUENO_2025-02-14_G30,10109564LQBUENO,2025-02-14,122982,1,16,0,38.0
10109564LQBUENO_2025-02-14_G32,10109564LQBUENO,2025-02-14,123343,1,12,0,111.0
10109564LQBUENO_2025-02-14_G33,10109564LQBUENO,2025-02-14,123344,1,20,0,870.0
10109564LQBUENO_2025-02-14_G34,10109564LQBUENO,2025-02-14,120008,1,5,0,505.0
10109564LQBUENO_2025-02-14_G35,10109564LQBUENO,2025-02-14,122647,1,20,0,347.0
10109564LQBUENO_2025-02-14_G36,10109564LQBUENO,2025-02-14,120008,3,24,28,45.0
10109564LQBUENO_2025-02-14_G37,10109564LQBUENO,2025-02-14,124486,1,40,0,2105.0
10109564LQBUENO_2025-02-14_G38,10109564LQBUENO,2025-02-14,122962,1,20,0,242.0
10109564LQBUENO_2025-02-14_G39,10109564LQBUENO,2025-02-14,120008,2,6,12,450.0
10109564LQBUENO_2025-02-17_G02,10109564LQBUENO,2025-02-17,123153,1,4,0,122.0
10109564LQBUENO_2025-02-17_G03,10109564LQBUENO,2025-02-17,121760,1,6,0,166.0
10109564LQBUENO_2025-02-17_G04,10109564LQBUENO,2025-02-17,122703,1,10,0,202.0
10109564LQBUENO_2025-02-17_G05,10109564LQBUENO,2025-02-17,123909,1,8,0,142.0
10109564LQBUENO_2025-02-17_G06,10109564LQBUENO,2025-02-17,124370,1,14,0,305.0
10109564LQBUENO_2025-02-17_G07,10109564LQBUENO,2025-02-17,123907,1,2,0,226.0
10109564LQBUENO_2025-02-17_G08,10109564LQBUENO,2025-02-17,122962,1,2,0,35.0
10109564LQBUENO_2025-02-17_G09,10109564LQBUENO,2025-02-17,122673,1,27,0,613.0
10109564LQBUENO_2025-02-17_G10,10109564LQBUENO,2025-02-17,121760,1,3,0,164.0
10109564LQBUENO_2025-02-17_G11,10109564LQBUENO,2025-02-17,122983,1,1,0,85.0
10109564LQBUENO_2025-02-17_G12,10109564LQBUENO,2025-02-17,122703,1,6,0,183.0
10109564LQBUENO_2025-02-17_G13,10109564LQBUENO,2025-02-17,123907,1,3,0,923.0
10109564LQBUENO_2025-02-17_G14,10109564LQBUENO,2025-02-17,123344,1,3,0,204.0
10109564LQBUENO_2025-02-17_G15,10109564LQBUENO,2025-02-17,"122185, 120389",2,8,17,57.0
10109564LQBUENO_2025-02-17_G16,10109564LQBUENO,2025-02-17,121760,1,7,0,68.0
10109564LQBUENO_2025-02-17_G17,10109564LQBUENO,2025-02-17,"120339, 122984",2,16,12,631.0
10109564LQBUENO_2025-02-17_G18,10109564LQBUENO,2025-02-17,"122703, 123909",2,9,24,32.0
10109564LQBUENO_2025-02-17_G19,10109564LQBUENO,2025-02-17,123345,1,4,0,62.0
10109564LQBUENO_2025-02-17_G20,10109564LQBUENO,2025-02-17,124371,1,8,0,218.0
10109564LQBUENO_2025-02-17_G21,10109564LQBUENO,2025-02-17,123492,1,4,0,95.0
10109564LQBUENO_2025-02-17_G22,10109564LQBUENO,2025-02-17,122185,1,8,0,96.0
10109564LQBUENO_2025-02-17_G23,10109564LQBUENO,2025-02-17,121760,1,8,0,122.0
10109564LQBUENO_2025-02-17_G24,10109564LQBUENO,2025-02-17,124248,1,8,0,101.0
10109564LQBUENO_2025-02-17_G25,10109564LQBUENO,2025-02-17,124370,1,16,0,288.0
10109564LQBUENO_2025-02-17_G26,10109564LQBUENO,2025-02-17,122988,1,4,0,240.0
10109564LQBUENO_2025-02-17_G27,10109564LQBUENO,2025-02-17,122703,1,4,0,212.0
10109564LQBUENO_2025-02-17_G28,10109564LQBUENO,2025-02-17,123344,1,4,0,48.0
10109564LQBUENO_2025-02-17_G29,10109564LQBUENO,2025-02-17,123345,1,2,0,70.0
10109564LQBUENO_2025-02-17_G30,10109564LQBUENO,2025-02-17,123907,1,12,0,244.0
10109564LQBUENO_2025-02-17_G31,10109564LQBUENO,2025-02-17,123345,1,6,0,111.0
10109564LQBUENO_2025-02-17_G32,10109564LQBUENO,2025-02-17,122984,1,21,0,360.0
10109564LQBUENO_2025-02-17_G33,10109564LQBUENO,2025-02-17,123907,1,4,0,138.0
10109564LQBUENO_2025-02-17_G34,10109564LQBUENO,2025-02-17,124370,1,4,0,325.0
10109564LQBUENO_2025-02-17_G35,10109564LQBUENO,2025-02-17,"123344, 124371",2,11,21,405.0
10109564LQBUENO_2025-02-17_G36,10109564LQBUENO,2025-02-17,122984,1,4,0,579.0
10109564LQBUENO_2025-02-17_G37,10109564LQBUENO,2025-02-17,"121760, 122982, 122703, 123909",4,32,30,225.0
10109564LQBUENO_2025-02-17_G38,10109564LQBUENO,2025-02-17,122983,1,4,0,78.0
10109564LQBUENO_2025-02-17_G39,10109564LQBUENO,2025-02-17,123911,1,8,0,79.0
10109564LQBUENO_2025-02-17_G40,10109564LQBUENO,2025-02-17,122983,1,4,0,72.0
10109564LQBUENO_2025-02-17_G41,10109564LQBUENO,2025-02-17,122984,1,38,0,3279.0
10109564LQBUENO_2025-02-17_G43,10109564LQBUENO,2025-02-17,122962,1,8,0,184.0
10109564LQBUENO_2025-02-17_G44,10109564LQBUENO,2025-02-17,"123909, 123907",2,29,19,1505.0
10109564LQBUENO_2025-02-17_G45,10109564LQBUENO,2025-02-17,122671,1,53,0,124.0
10109564LQBUENO_2025-02-17_G46,10109564LQBUENO,2025-02-17,122671,1,40,0,383.0
10109564LQBUENO_2025-02-17_G47,10109564LQBUENO,2025-02-17,122962,1,20,0,332.0
10109564LQBUENO_2025-02-17_G48,10109564LQBUENO,2025-02-17,122185,1,1,0,240.0
10109564LQBUENO_2025-02-17_G49,10109564LQBUENO,2025-02-17,122983,1,4,0,184.0
10109564LQBUENO_2025-02-17_G50,10109564LQBUENO,2025-02-17,122983,1,16,0,201.0
10109564LQBUENO_2025-02-17_G51,10109564LQBUENO,2025-02-17,124247,1,11,0,131.0
10109564LQBUENO_2025-02-17_G52,10109564LQBUENO,2025-02-17,121760,1,3,0,290.0
10109564LQBUENO_2025-02-17_G53,10109564LQBUENO,2025-02-17,123345,1,4,0,98.0
10109564LQBUENO_2025-02-17_G54,10109564LQBUENO,2025-02-17,122647,1,2,0,114.0
10109564LQBUENO_2025-02-17_G55,10109564LQBUENO,2025-02-17,123909,1,2,0,38.0
10109564LQBUENO_2025-02-17_G56,10109564LQBUENO,2025-02-17,120028,1,2,0,217.0
10109564LQBUENO_2025-02-17_G57,10109564LQBUENO,2025-02-17,124486,1,17,0,440.0
10109564LQBUENO_2025-02-17_G58,10109564LQBUENO,2025-02-17,123153,1,10,0,201.0
10109564LQBUENO_2025-02-17_G59,10109564LQBUENO,2025-02-17,120028,1,20,0,453.0
10109564LQBUENO_2025-02-17_G60,10109564LQBUENO,2025-02-17,122962,1,4,0,111.0
10109564LQBUENO_2025-02-17_G61,10109564LQBUENO,2025-02-17,122647,1,6,0,432.0
10109564LQBUENO_2025-02-18_G02,10109564LQBUENO,2025-02-18,122671,1,2,0,87.0
10109564LQBUENO_2025-02-18_G03,10109564LQBUENO,2025-02-18,122671,1,4,0,148.0
10109564LQBUENO_2025-02-18_G04,10109564LQBUENO,2025-02-18,120339,1,2,0,220.0
10109564LQBUENO_2025-02-18_G05,10109564LQBUENO,2025-02-18,123822,1,11,0,253.0
10109564LQBUENO_2025-02-18_G06,10109564LQBUENO,2025-02-18,122962,1,36,0,566.0
10109564LQBUENO_2025-02-18_G07,10109564LQBUENO,2025-02-18,120028,1,80,0,982.0
10109564LQBUENO_2025-02-18_G08,10109564LQBUENO,2025-02-18,122962,1,40,0,354.0
10109564LQBUENO_2025-02-18_G09,10109564LQBUENO,2025-02-18,124486,1,2,0,424.0
10109564LQBUENO_2025-02-18_G10,10109564LQBUENO,2025-02-18,120028,1,4,0,68.0
10109564LQBUENO_2025-02-18_G11,10109564LQBUENO,2025-02-18,121651,1,8,0,2641.0
10109564LQBUENO_2025-02-18_G12,10109564LQBUENO,2025-02-18,121651,1,1,0,67.0
10109564LQBUENO_2025-02-18_G13,10109564LQBUENO,2025-02-18,122984,1,36,0,362.0
10109564LQBUENO_2025-02-18_G14,10109564LQBUENO,2025-02-18,122671,1,30,0,261.0
10109564LQBUENO_2025-02-18_G15,10109564LQBUENO,2025-02-18,122647,1,17,0,552.0
10109564LQBUENO_2025-02-18_G16,10109564LQBUENO,2025-02-18,123153,1,50,0,494.0
10109564LQBUENO_2025-02-18_G17,10109564LQBUENO,2025-02-18,123345,1,150,0,2392.0
10109564LQBUENO_2025-02-19_G02,10109564LQBUENO,2025-02-19,121651,1,30,0,1568.0
10109564LQBUENO_2025-02-19_G03,10109564LQBUENO,2025-02-19,122962,1,64,0,1066.0
10109564LQBUENO_2025-02-19_G04,10109564LQBUENO,2025-02-19,122962,1,50,0,996.0
10109564LQBUENO_2025-02-19_G05,10109564LQBUENO,2025-02-19,122671,1,5,0,102.0
10109564LQBUENO_2025-02-19_G06,10109564LQBUENO,2025-02-19,120028,1,140,0,1406.0
10109564LQBUENO_2025-02-19_G07,10109564LQBUENO,2025-02-19,122962,1,12,0,790.0
10109564LQBUENO_2025-02-19_G08,10109564LQBUENO,2025-02-19,122962,1,12,0,1028.0
10109564LQBUENO_2025-02-19_G09,10109564LQBUENO,2025-02-19,124371,1,6,0,83.0
10109564LQBUENO_2025-02-19_G10,10109564LQBUENO,2025-02-19,124370,1,10,0,235.0
10109564LQBUENO_2025-02-19_G11,10109564LQBUENO,2025-02-19,123345,1,20,0,272.0
10109564LQBUENO_2025-02-19_G12,10109564LQBUENO,2025-02-19,123344,1,40,0,200.0
10109564LQBUENO_2025-02-19_G13,10109564LQBUENO,2025-02-19,124247,1,3,0,1590.0
10109564LQBUENO_2025-02-19_G14,10109564LQBUENO,2025-02-19,123344,1,4,0,81.0
10109564LQBUENO_2025-02-19_G15,10109564LQBUENO,2025-02-19,122984,1,12,0,281.0
10109564LQBUENO_2025-02-19_G16,10109564LQBUENO,2025-02-19,124248,1,6,0,57.0
10109564LQBUENO_2025-02-19_G17,10109564LQBUENO,2025-02-19,122196,1,8,0,198.0
10109564LQBUENO_2025-02-19_G18,10109564LQBUENO,2025-02-19,"181887, 121651",2,11,15,378.0
10109564LQBUENO_2025-02-19_G19,10109564LQBUENO,2025-02-19,"123344, 123345",2,8,12,344.0
10109564LQBUENO_2025-02-19_G20,10109564LQBUENO,2025-02-19,121651,1,10,0,412.0
10109564LQBUENO_2025-02-19_G21,10109564LQBUENO,2025-02-19,124247,1,20,0,280.0
10109564LQBUENO_2025-02-19_G22,10109564LQBUENO,2025-02-19,122962,1,40,0,336.0
10109564LQBUENO_2025-02-19_G23,10109564LQBUENO,2025-02-19,122185,1,20,0,223.0
10109564LQBUENO_2025-02-19_G24,10109564LQBUENO,2025-02-19,122984,1,16,0,295.0
10109564LQBUENO_2025-02-19_G25,10109564LQBUENO,2025-02-19,121651,1,20,0,815.0
10109564LQBUENO_2025-02-19_G27,10109564LQBUENO,2025-02-19,120389,1,14,0,227.0
10109564LQBUENO_2025-02-19_G28,10109564LQBUENO,2025-02-19,123080,1,8,0,582.0
10109564LQBUENO_2025-02-19_G29,10109564LQBUENO,2025-02-19,122982,1,30,0,261.0
10109564LQBUENO_2025-02-19_G30,10109564LQBUENO,2025-02-19,"123344, 120028",2,57,11,827.0
10109564LQBUENO_2025-02-19_G31,10109564LQBUENO,2025-02-19,122962,1,30,0,811.0
10109564LQBUENO_2025-02-19_G32,10109564LQBUENO,2025-02-19,122985,1,6,0,222.0
10109564LQBUENO_2025-02-19_G33,10109564LQBUENO,2025-02-19,124370,1,80,0,1243.0
10109564LQBUENO_2025-02-19_G34,10109564LQBUENO,2025-02-19,120028,2,8,14,620.0
10109564LQBUENO_2025-02-20_G02,10109564LQBUENO,2025-02-20,121651,1,4,0,509.0
10109564LQBUENO_2025-02-20_G03,10109564LQBUENO,2025-02-20,121651,1,21,0,380.0
10109564LQBUENO_2025-02-20_G04,10109564LQBUENO,2025-02-20,122671,1,4,0,140.0
10109564LQBUENO_2025-02-20_G05,10109564LQBUENO,2025-02-20,121651,1,40,0,615.0
10109564LQBUENO_2025-02-20_G06,10109564LQBUENO,2025-02-20,121651,1,12,0,1132.0
10109564LQBUENO_2025-02-20_G07,10109564LQBUENO,2025-02-20,121651,1,30,0,228.0
10109564LQBUENO_2025-02-20_G08,10109564LQBUENO,2025-02-20,121651,1,4,0,268.0
10109564LQBUENO_2025-02-20_G09,10109564LQBUENO,2025-02-20,121651,1,26,0,914.0
10109564LQBUENO_2025-02-20_G10,10109564LQBUENO,2025-02-20,122647,1,20,0,259.0
10109564LQBUENO_2025-02-20_G11,10109564LQBUENO,2025-02-20,124486,1,20,0,309.0
10109564LQBUENO_2025-02-20_G12,10109564LQBUENO,2025-02-20,122962,1,8,0,587.0
10109564LQBUENO_2025-02-20_G13,10109564LQBUENO,2025-02-20,124486,1,10,0,72.0
10109564LQBUENO_2025-02-20_G14,10109564LQBUENO,2025-02-20,122647,1,32,0,142.0
10109564LQBUENO_2025-02-20_G15,10109564LQBUENO,2025-02-20,122962,1,50,0,509.0
10109564LQBUENO_2025-02-20_G16,10109564LQBUENO,2025-02-20,124486,1,140,0,3069.0
10109564LQBUENO_2025-02-20_G17,10109564LQBUENO,2025-02-20,122673,1,30,0,747.0
10109564LQBUENO_2025-02-20_G18,10109564LQBUENO,2025-02-20,122673,1,6,0,89.0
10109564LQBUENO_2025-02-20_G19,10109564LQBUENO,2025-02-20,123947,1,3,0,177.0
10109564LQBUENO_2025-02-20_G20,10109564LQBUENO,2025-02-20,123345,1,2,0,85.0
10109564LQBUENO_2025-02-20_G21,10109564LQBUENO,2025-02-20,124370,1,5,0,146.0
10109564LQBUENO_2025-02-20_G22,10109564LQBUENO,2025-02-20,121760,1,8,0,130.0
10109564LQBUENO_2025-02-20_G23,10109564LQBUENO,2025-02-20,122673,1,2,0,45.0
10109564LQBUENO_2025-02-20_G25,10109564LQBUENO,2025-02-20,120389,1,10,0,285.0
10109564LQBUENO_2025-02-20_G26,10109564LQBUENO,2025-02-20,120028,1,30,0,369.0
10109564LQBUENO_2025-02-20_G27,10109564LQBUENO,2025-02-20,122962,1,12,0,223.0
10109564LQBUENO_2025-02-20_G28,10109564LQBUENO,2025-02-20,124247,1,30,0,402.0
10109564LQBUENO_2025-02-20_G29,10109564LQBUENO,2025-02-20,124264,1,4,0,134.0
10109564LQBUENO_2025-02-20_G30,10109564LQBUENO,2025-02-20,123153,1,30,0,243.0
10109564LQBUENO_2025-02-20_G31,10109564LQBUENO,2025-02-20,123947,1,9,0,743.0
10109564LQBUENO_2025-02-20_G32,10109564LQBUENO,2025-02-20,"123947, 123889",2,41,21,134.0
10109564LQBUENO_2025-02-20_G33,10109564LQBUENO,2025-02-20,124486,1,50,0,1756.0
10109564LQBUENO_2025-02-21_G02,10109564LQBUENO,2025-02-21,122962,1,20,0,77.0
10109564LQBUENO_2025-02-21_G03,10109564LQBUENO,2025-02-21,122962,1,70,0,347.0
10109564LQBUENO_2025-02-21_G04,10109564LQBUENO,2025-02-21,122962,1,40,0,429.0
10109564LQBUENO_2025-02-21_G05,10109564LQBUENO,2025-02-21,123345,1,6,0,250.0
10109564LQBUENO_2025-02-21_G06,10109564LQBUENO,2025-02-21,122984,1,4,0,66.0
10109564LQBUENO_2025-02-21_G07,10109564LQBUENO,2025-02-21,122671,1,4,0,35.0
10109564LQBUENO_2025-02-21_G08,10109564LQBUENO,2025-02-21,122962,1,12,0,248.0
10109564LQBUENO_2025-02-21_G09,10109564LQBUENO,2025-02-21,124594,1,2,0,171.0
10109564LQBUENO_2025-02-21_G10,10109564LQBUENO,2025-02-21,122673,1,5,0,889.0
10109564LQBUENO_2025-02-21_G11,10109564LQBUENO,2025-02-21,122673,1,30,0,413.0
10109564LQBUENO_2025-02-21_G12,10109564LQBUENO,2025-02-21,124486,1,2,0,68.0
10109564LQBUENO_2025-02-21_G13,10109564LQBUENO,2025-02-21,122962,1,8,0,34.0
10109564LQBUENO_2025-02-21_G14,10109564LQBUENO,2025-02-21,122647,1,4,0,32.0
10109564LQBUENO_2025-02-21_G15,10109564LQBUENO,2025-02-21,122983,1,6,0,340.0
10109564LQBUENO_2025-02-21_G16,10109564LQBUENO,2025-02-21,121651,1,13,0,389.0
10109564LQBUENO_2025-02-21_G17,10109564LQBUENO,2025-02-21,"122962, 123909",2,106,20,2641.0
10109564LQBUENO_2025-02-21_G18,10109564LQBUENO,2025-02-21,123345,1,12,0,1134.0
10109564LQBUENO_2025-02-21_G19,10109564LQBUENO,2025-02-21,123344,1,16,0,880.0
10109564LQBUENO_2025-02-21_G20,10109564LQBUENO,2025-02-21,"121760, 122984, 122703",3,28,17,218.0
10109564LQBUENO_2025-02-21_G21,10109564LQBUENO,2025-02-21,123909,1,8,0,286.0
10109564LQBUENO_2025-02-21_G22,10109564LQBUENO,2025-02-21,"120389, 124371",2,8,7,219.0
10109564LQBUENO_2025-02-21_G23,10109564LQBUENO,2025-02-21,122962,1,12,0,736.0
10109564LQBUENO_2025-02-21_G24,10109564LQBUENO,2025-02-21,"122983, 121651",2,9,25,44.0
10109564LQBUENO_2025-02-21_G25,10109564LQBUENO,2025-02-21,123080,1,40,0,905.0
10109564LQBUENO_2025-02-24_G02,10109564LQBUENO,2025-02-24,124248,1,4,0,181.0
10109564LQBUENO_2025-02-24_G03,10109564LQBUENO,2025-02-24,123822,1,26,0,289.0
10109564LQBUENO_2025-02-24_G04,10109564LQBUENO,2025-02-24,124486,1,4,0,146.0
10109564LQBUENO_2025-02-24_G05,10109564LQBUENO,2025-02-24,122962,1,20,0,699.0
10109564LQBUENO_2025-02-24_G06,10109564LQBUENO,2025-02-24,122671,1,2,0,99.0
10109564LQBUENO_2025-02-24_G07,10109564LQBUENO,2025-02-24,120389,1,5,0,960.0
10109564LQBUENO_2025-02-24_G08,10109564LQBUENO,2025-02-24,120028,1,6,0,131.0
10109564LQBUENO_2025-02-24_G09,10109564LQBUENO,2025-02-24,122962,1,4,0,154.0
10109564LQBUENO_2025-02-24_G10,10109564LQBUENO,2025-02-24,122647,1,76,0,770.0
10109564LQBUENO_2025-02-24_G11,10109564LQBUENO,2025-02-24,123822,1,152,0,1540.0
10109564LQBUENO_2025-02-24_G12,10109564LQBUENO,2025-02-24,122185,3,12,18,404.0
10109564LQBUENO_2025-02-24_G13,10109564LQBUENO,2025-02-24,122647,1,4,0,51.0
10109564LQBUENO_2025-02-24_G14,10109564LQBUENO,2025-02-24,122185,3,12,19,52.0
10109564LQBUENO_2025-02-24_G15,10109564LQBUENO,2025-02-24,122985,1,4,0,546.0
10109564LQBUENO_2025-02-24_G16,10109564LQBUENO,2025-02-24,"121760, 123345",2,41,25,411.0
10109564LQBUENO_2025-02-24_G17,10109564LQBUENO,2025-02-24,122962,1,30,0,90.0
10109564LQBUENO_2025-02-24_G18,10109564LQBUENO,2025-02-24,122985,1,3,0,186.0
10109564LQBUENO_2025-02-24_G19,10109564LQBUENO,2025-02-24,121760,1,10,0,106.0
10109564LQBUENO_2025-02-24_G20,10109564LQBUENO,2025-02-24,122984,1,6,0,43.0
10109564LQBUENO_2025-02-24_G21,10109564LQBUENO,2025-02-24,122703,1,6,0,77.0
10109564LQBUENO_2025-02-24_G22,10109564LQBUENO,2025-02-24,121923,1,2,0,63.0
10109564LQBUENO_2025-02-24_G23,10109564LQBUENO,2025-02-24,121923,1,4,0,42.0
10109564LQBUENO_2025-02-24_G24,10109564LQBUENO,2025-02-24,123907,1,4,0,72.0
10109564LQBUENO_2025-02-24_G25,10109564LQBUENO,2025-02-24,123907,1,10,0,57.0
10109564LQBUENO_2025-02-24_G26,10109564LQBUENO,2025-02-24,121760,1,15,0,145.0
10109564LQBUENO_2025-02-24_G27,10109564LQBUENO,2025-02-24,123907,1,12,0,204.0
10109564LQBUENO_2025-02-24_G28,10109564LQBUENO,2025-02-24,123907,1,6,0,66.0
10109564LQBUENO_2025-02-24_G29,10109564LQBUENO,2025-02-24,123345,1,10,0,114.0
10109564LQBUENO_2025-02-24_G30,10109564LQBUENO,2025-02-24,"123153, 123907",2,20,28,69.0
10109564LQBUENO_2025-02-24_G31,10109564LQBUENO,2025-02-24,124370,1,10,0,305.0
10109564LQBUENO_2025-02-24_G32,10109564LQBUENO,2025-02-24,123344,1,4,0,1464.0
10109564LQBUENO_2025-02-24_G33,10109564LQBUENO,2025-02-24,"124486, 122962",2,26,22,462.0
10109564LQBUENO_2025-02-24_G34,10109564LQBUENO,2025-02-24,"122673, 124370",2,4,6,86.0
10109564LQBUENO_2025-02-24_G35,10109564LQBUENO,2025-02-24,122673,1,14,0,349.0
10109564LQBUENO_2025-02-24_G36,10109564LQBUENO,2025-02-24,122673,1,6,0,148.0
10109564LQBUENO_2025-02-24_G37,10109564LQBUENO,2025-02-24,123153,1,10,0,190.0
10109564LQBUENO_2025-02-24_G38,10109564LQBUENO,2025-02-24,122673,1,12,0,296.0
10109564LQBUENO_2025-02-24_G39,10109564LQBUENO,2025-02-24,124248,1,4,0,132.0
10109564LQBUENO_2025-02-24_G40,10109564LQBUENO,2025-02-24,123153,1,10,0,234.0
10109564LQBUENO_2025-02-24_G41,10109564LQBUENO,2025-02-24,122673,1,12,0,240.0
10109564LQBUENO_2025-02-24_G42,10109564LQBUENO,2025-02-24,122673,1,8,0,277.0
10109564LQBUENO_2025-02-24_G43,10109564LQBUENO,2025-02-24,122673,1,12,0,247.0
10109564LQBUENO_2025-02-24_G44,10109564LQBUENO,2025-02-24,122673,1,8,0,148.0
10109564LQBUENO_2025-02-24_G45,10109564LQBUENO,2025-02-24,122986,1,1,0,579.0
10109564LQBUENO_2025-02-24_G46,10109564LQBUENO,2025-02-24,121651,1,7,0,367.0
10109564LQBUENO_2025-02-24_G47,10109564LQBUENO,2025-02-24,122981,1,1,0,117.0
10109564LQBUENO_2025-02-24_G48,10109564LQBUENO,2025-02-24,121760,1,12,0,263.0
10109564LQBUENO_2025-02-24_G49,10109564LQBUENO,2025-02-24,"123907, 124247, 123344",3,5,52,129.0
10109564LQBUENO_2025-02-24_G50,10109564LQBUENO,2025-02-24,124486,1,9,0,311.0
10109564LQBUENO_2025-02-24_G51,10109564LQBUENO,2025-02-24,124486,1,20,0,331.0
10109564LQBUENO_2025-02-24_G53,10109564LQBUENO,2025-02-24,120008,1,26,0,822.0
10109564LQBUENO_2025-02-24_G54,10109564LQBUENO,2025-02-24,"123344, 122962",2,60,21,105.0
10109564LQBUENO_2025-02-25_G02,10109564LQBUENO,2025-02-25,123492,1,8,0,1986.0
10109564LQBUENO_2025-02-25_G03,10109564LQBUENO,2025-02-25,122962,1,40,0,380.0
10109564LQBUENO_2025-02-25_G04,10109564LQBUENO,2025-02-25,122671,1,8,0,379.0
10109564LQBUENO_2025-02-25_G05,10109564LQBUENO,2025-02-25,122984,1,24,0,431.0
10109564LQBUENO_2025-02-25_G06,10109564LQBUENO,2025-02-25,123907,1,72,0,1031.0
10109564LQBUENO_2025-02-25_G07,10109564LQBUENO,2025-02-25,124264,1,8,0,413.0
10109564LQBUENO_2025-02-25_G08,10109564LQBUENO,2025-02-25,120339,1,24,0,643.0
10109564LQBUENO_2025-02-25_G09,10109564LQBUENO,2025-02-25,120389,1,8,0,64.0
10109564LQBUENO_2025-02-25_G10,10109564LQBUENO,2025-02-25,122962,1,12,0,1076.0
10109564LQBUENO_2025-02-25_G11,10109564LQBUENO,2025-02-25,120028,1,12,0,196.0
10109564LQBUENO_2025-02-25_G12,10109564LQBUENO,2025-02-25,122185,1,6,0,112.0
10109564LQBUENO_2025-02-25_G13,10109564LQBUENO,2025-02-25,120028,1,30,0,103.0
10109564LQBUENO_2025-02-25_G14,10109564LQBUENO,2025-02-25,120028,1,126,0,580.0
10109564LQBUENO_2025-02-25_G15,10109564LQBUENO,2025-02-25,123344,1,16,0,1709.0
10109564LQBUENO_2025-02-25_G16,10109564LQBUENO,2025-02-25,123345,1,24,0,1187.0
10109564LQBUENO_2025-02-25_G17,10109564LQBUENO,2025-02-25,123153,1,24,0,282.0
10109564LQBUENO_2025-02-25_G18,10109564LQBUENO,2025-02-25,122703,1,8,0,150.0
10109564LQBUENO_2025-02-25_G19,10109564LQBUENO,2025-02-25,122185,1,40,0,335.0
10109564LQBUENO_2025-02-25_G20,10109564LQBUENO,2025-02-25,123822,1,16,0,166.0
10109564LQBUENO_2025-02-25_G21,10109564LQBUENO,2025-02-25,120028,1,16,0,186.0
10109564LQBUENO_2025-02-25_G23,10109564LQBUENO,2025-02-25,124370,1,32,0,141.0
10109564LQBUENO_2025-02-25_G24,10109564LQBUENO,2025-02-25,123909,1,32,0,550.0
10109564LQBUENO_2025-02-25_G25,10109564LQBUENO,2025-02-25,123889,1,8,0,281.0
10109564LQBUENO_2025-02-25_G26,10109564LQBUENO,2025-02-25,121651,1,40,0,497.0
10109564LQBUENO_2025-02-25_G27,10109564LQBUENO,2025-02-25,124247,1,24,0,2984.0
10109564LQBUENO_2025-02-25_G28,10109564LQBUENO,2025-02-25,122962,1,32,0,873.0
10109564LQBUENO_2025-02-25_G29,10109564LQBUENO,2025-02-25,122962,1,100,0,1119.0
10109564LQBUENO_2025-02-25_G30,10109564LQBUENO,2025-02-25,122984,1,30,0,185.0
10109564LQBUENO_2025-02-25_G31,10109564LQBUENO,2025-02-25,120028,1,12,0,294.0
10109564LQBUENO_2025-02-25_G32,10109564LQBUENO,2025-02-25,122647,1,12,0,138.0
10109564LQBUENO_2025-02-25_G33,10109564LQBUENO,2025-02-25,122962,1,12,0,126.0
10109564LQBUENO_2025-02-25_G34,10109564LQBUENO,2025-02-25,120028,1,16,0,212.0
10109564LQBUENO_2025-02-25_G35,10109564LQBUENO,2025-02-25,123822,1,4,0,121.0
10109564LQBUENO_2025-02-25_G36,10109564LQBUENO,2025-02-25,123822,1,36,0,265.0
10109564LQBUENO_2025-02-25_G37,10109564LQBUENO,2025-02-25,122962,1,36,0,183.0
10109564LQBUENO_2025-02-25_G38,10109564LQBUENO,2025-02-25,122962,1,4,0,778.0
10109564LQBUENO_2025-02-25_G39,10109564LQBUENO,2025-02-25,122984,1,27,0,453.0
10109564LQBUENO_2025-02-25_G40,10109564LQBUENO,2025-02-25,122988,1,8,0,117.0
10109564LQBUENO_2025-02-25_G41,10109564LQBUENO,2025-02-25,122647,1,28,0,127.0
10109564LQBUENO_2025-02-25_G42,10109564LQBUENO,2025-02-25,122673,1,8,0,448.0
10109564LQBUENO_2025-02-25_G43,10109564LQBUENO,2025-02-25,122673,1,26,0,166.0
10109564LQBUENO_2025-02-26_G02,10109564LQBUENO,2025-02-26,124248,1,30,0,168.0
10109564LQBUENO_2025-02-26_G03,10109564LQBUENO,2025-02-26,124486,1,60,0,399.0
10109564LQBUENO_2025-02-26_G04,10109564LQBUENO,2025-02-26,123344,1,13,0,754.0
10109564LQBUENO_2025-02-26_G05,10109564LQBUENO,2025-02-26,123345,1,2,0,55.0
10109564LQBUENO_2025-02-26_G06,10109564LQBUENO,2025-02-26,122984,1,4,0,61.0
10109564LQBUENO_2025-02-26_G07,10109564LQBUENO,2025-02-26,124476,1,4,0,109.0
10109564LQBUENO_2025-02-26_G08,10109564LQBUENO,2025-02-26,123153,1,10,0,294.0
10109564LQBUENO_2025-02-26_G09,10109564LQBUENO,2025-02-26,123153,1,22,0,130.0
10109564LQBUENO_2025-02-26_G10,10109564LQBUENO,2025-02-26,123153,1,20,0,46.0
10109564LQBUENO_2025-02-26_G11,10109564LQBUENO,2025-02-26,123889,1,2,0,176.0
10109564LQBUENO_2025-02-26_G12,10109564LQBUENO,2025-02-26,123153,1,8,0,93.0
10109564LQBUENO_2025-02-26_G13,10109564LQBUENO,2025-02-26,123889,1,2,0,42.0
10109564LQBUENO_2025-02-26_G14,10109564LQBUENO,2025-02-26,123153,1,12,0,101.0
10109564LQBUENO_2025-02-26_G16,10109564LQBUENO,2025-02-26,122962,1,11,0,1983.0
10109564LQBUENO_2025-02-26_G17,10109564LQBUENO,2025-02-26,124476,5,10,57,213.0
10109564LQBUENO_2025-02-26_G18,10109564LQBUENO,2025-02-26,122962,1,32,0,329.0
10109564LQBUENO_2025-02-26_G19,10109564LQBUENO,2025-02-26,124486,1,32,0,364.0
10109564LQBUENO_2025-02-26_G20,10109564LQBUENO,2025-02-26,122673,1,32,0,1529.0
10109564LQBUENO_2025-02-26_G21,10109564LQBUENO,2025-02-26,124476,1,12,0,555.0
10109564LQBUENO_2025-02-26_G22,10109564LQBUENO,2025-02-26,122962,1,8,0,99.0
10109564LQBUENO_2025-02-26_G23,10109564LQBUENO,2025-02-26,123345,1,10,0,303.0
10109564LQBUENO_2025-02-26_G24,10109564LQBUENO,2025-02-26,122647,1,40,0,307.0
10109564LQBUENO_2025-02-26_G25,10109564LQBUENO,2025-02-26,122962,1,24,0,814.0
10109564LQBUENO_2025-02-26_G26,10109564LQBUENO,2025-02-26,122962,1,8,0,284.0
10109564LQBUENO_2025-02-26_G27,10109564LQBUENO,2025-02-26,"123822, 124486",2,25,30,218.0
10109564LQBUENO_2025-02-26_G29,10109564LQBUENO,2025-02-26,"123313, 122671",2,55,23,367.0
10109564LQBUENO_2025-02-26_G30,10109564LQBUENO,2025-02-26,122962,1,60,0,35.0
10109564LQBUENO_2025-02-26_G31,10109564LQBUENO,2025-02-26,180420,1,6,0,1829.0
10109564LQBUENO_2025-02-26_G32,10109564LQBUENO,2025-02-26,123909,1,11,0,81.0
10109564LQBUENO_2025-02-26_G33,10109564LQBUENO,2025-02-26,123153,1,20,0,208.0
10109564LQBUENO_2025-02-26_G34,10109564LQBUENO,2025-02-26,123345,1,2,0,57.0
10109564LQBUENO_2025-02-26_G35,10109564LQBUENO,2025-02-26,122962,1,8,0,322.0
10109564LQBUENO_2025-02-27_G02,10109564LQBUENO,2025-02-27,123561,1,8,0,174.0
10109564LQBUENO_2025-02-27_G03,10109564LQBUENO,2025-02-27,122983,1,14,0,214.0
10109564LQBUENO_2025-02-27_G04,10109564LQBUENO,2025-02-27,123521,1,5,0,77.0
10109564LQBUENO_2025-02-27_G05,10109564LQBUENO,2025-02-27,124371,1,5,0,87.0
10109564LQBUENO_2025-02-27_G06,10109564LQBUENO,2025-02-27,123344,1,14,0,228.0
10109564LQBUENO_2025-02-27_G07,10109564LQBUENO,2025-02-27,120339,1,17,0,239.0
10109564LQBUENO_2025-02-27_G08,10109564LQBUENO,2025-02-27,124594,1,12,0,529.0
10109564LQBUENO_2025-02-27_G09,10109564LQBUENO,2025-02-27,124476,1,12,0,613.0
10109564LQBUENO_2025-02-27_G10,10109564LQBUENO,2025-02-27,123345,1,20,0,961.0
10109564LQBUENO_2025-02-27_G11,10109564LQBUENO,2025-02-27,123343,1,4,0,498.0
10109564LQBUENO_2025-02-27_G12,10109564LQBUENO,2025-02-27,124475,1,4,0,401.0
10109564LQBUENO_2025-02-27_G13,10109564LQBUENO,2025-02-27,122962,1,4,0,78.0
10109564LQBUENO_2025-02-27_G14,10109564LQBUENO,2025-02-27,122671,1,4,0,105.0
10109564LQBUENO_2025-02-27_G15,10109564LQBUENO,2025-02-27,122703,1,8,0,168.0
10109564LQBUENO_2025-02-27_G16,10109564LQBUENO,2025-02-27,124370,1,8,0,129.0
10109564LQBUENO_2025-02-27_G17,10109564LQBUENO,2025-02-27,"123907, 124247",2,8,20,123.0
10109564LQBUENO_2025-02-27_G18,10109564LQBUENO,2025-02-27,124371,1,4,0,57.0
10109564LQBUENO_2025-02-27_G19,10109564LQBUENO,2025-02-27,"121651, 123344",2,40,8,1014.0
10109564LQBUENO_2025-02-27_G20,10109564LQBUENO,2025-02-27,123909,1,20,0,250.0
10109564LQBUENO_2025-02-27_G21,10109564LQBUENO,2025-02-27,120028,1,4,0,1243.0
10109564LQBUENO_2025-02-27_G22,10109564LQBUENO,2025-02-27,121760,1,40,0,233.0
10109564LQBUENO_2025-02-27_G23,10109564LQBUENO,2025-02-27,123344,1,10,0,1001.0
10109564LQBUENO_2025-02-27_G24,10109564LQBUENO,2025-02-27,"121760, 120389",2,8,7,60.0
10109564LQBUENO_2025-02-27_G25,10109564LQBUENO,2025-02-27,123343,1,4,0,513.0
10109564LQBUENO_2025-02-27_G26,10109564LQBUENO,2025-02-27,123345,1,14,0,170.0
10109564LQBUENO_2025-02-27_G27,10109564LQBUENO,2025-02-27,124475,1,8,0,1057.0
10109564LQBUENO_2025-02-27_G28,10109564LQBUENO,2025-02-27,120008,1,2,0,299.0
10109564LQBUENO_2025-02-27_G29,10109564LQBUENO,2025-02-27,122703,1,10,0,55.0
10109564LQBUENO_2025-02-27_G30,10109564LQBUENO,2025-02-27,124248,1,6,0,147.0
10109564LQBUENO_2025-02-27_G31,10109564LQBUENO,2025-02-27,121760,1,40,0,411.0
10109564LQBUENO_2025-02-27_G32,10109564LQBUENO,2025-02-27,124247,1,4,0,281.0
10109564LQBUENO_2025-02-27_G33,10109564LQBUENO,2025-02-27,124264,1,8,0,376.0
10109564LQBUENO_2025-02-27_G34,10109564LQBUENO,2025-02-27,124371,1,12,0,233.0
10109564LQBUENO_2025-02-27_G35,10109564LQBUENO,2025-02-27,121651,1,30,0,381.0
10109564LQBUENO_2025-02-27_G36,10109564LQBUENO,2025-02-27,120339,1,4,0,394.0
10109564LQBUENO_2025-02-27_G37,10109564LQBUENO,2025-02-27,124370,1,20,0,33.0
10109564LQBUENO_2025-02-27_G38,10109564LQBUENO,2025-02-27,123344,1,30,0,154.0
10109564LQBUENO_2025-02-27_G39,10109564LQBUENO,2025-02-27,123345,1,20,0,444.0
10109564LQBUENO_2025-02-27_G40,10109564LQBUENO,2025-02-27,123343,1,20,0,639.0
10109564LQBUENO_2025-02-27_G41,10109564LQBUENO,2025-02-27,124475,1,12,0,1327.0
10109564LQBUENO_2025-02-27_G42,10109564LQBUENO,2025-02-27,"123343, 124475",2,6,17,249.0
10109564LQBUENO_2025-02-27_G43,10109564LQBUENO,2025-02-27,122673,1,150,0,1016.0
10109564LQBUENO_2025-02-27_G44,10109564LQBUENO,2025-02-27,120389,1,16,0,723.0
10109564LQBUENO_2025-02-27_G46,10109564LQBUENO,2025-02-27,122647,1,10,0,523.0
10109564LQBUENO_2025-02-27_G47,10109564LQBUENO,2025-02-27,124433,2,50,8,94.0
10109564LQBUENO_2025-02-27_G48,10109564LQBUENO,2025-02-27,123345,1,3,0,1179.0
10109564LQBUENO_2025-02-27_G49,10109564LQBUENO,2025-02-27,123153,1,33,0,580.0
10109564LQBUENO_2025-02-27_G50,10109564LQBUENO,2025-02-27,123153,1,17,0,442.0
10109564LQBUENO_2025-02-27_G51,10109564LQBUENO,2025-02-27,122982,1,12,0,349.0
10109564LQBUENO_2025-02-27_G52,10109564LQBUENO,2025-02-27,180023,1,2,0,162.0
10109564LQBUENO_2025-02-27_G53,10109564LQBUENO,2025-02-27,124370,1,6,0,307.0
10109564LQBUENO_2025-02-27_G54,10109564LQBUENO,2025-02-27,123561,1,5,0,137.0
10109564LQBUENO_2025-02-27_G55,10109564LQBUENO,2025-02-27,124371,1,4,0,50.0
10109564LQBUENO_2025-02-27_G56,10109564LQBUENO,2025-02-27,"120339, 123343",3,5,44,136.0
10109564LQBUENO_2025-02-27_G57,10109564LQBUENO,2025-02-27,122981,1,5,0,212.0
10109564LQBUENO_2025-02-27_G58,10109564LQBUENO,2025-02-27,120028,1,43,0,632.0
10109564LQBUENO_2025-02-27_G59,10109564LQBUENO,2025-02-27,123343,1,6,0,625.0
10109564LQBUENO_2025-02-27_G60,10109564LQBUENO,2025-02-27,120339,2,16,5,162.0
10109564LQBUENO_2025-02-27_G61,10109564LQBUENO,2025-02-27,124475,1,20,0,211.0
10109564LQBUENO_2025-02-28_G02,10109564LQBUENO,2025-02-28,122985,1,6,0,135.0
10109564LQBUENO_2025-02-28_G03,10109564LQBUENO,2025-02-28,121760,1,8,0,315.0
10109564LQBUENO_2025-02-28_G04,10109564LQBUENO,2025-02-28,124370,1,4,0,217.0
10109564LQBUENO_2025-02-28_G05,10109564LQBUENO,2025-02-28,123343,1,6,0,516.0
10109564LQBUENO_2025-02-28_G06,10109564LQBUENO,2025-02-28,122984,1,12,0,2020.0
10109564LQBUENO_2025-02-28_G07,10109564LQBUENO,2025-02-28,124475,1,70,0,2509.0
10109564LQBUENO_2025-02-28_G08,10109564LQBUENO,2025-02-28,124475,1,4,0,2094.0
10109564LQBUENO_2025-02-28_G09,10109564LQBUENO,2025-02-28,124594,1,50,0,39.0
10109564LQBUENO_2025-02-28_G10,10109564LQBUENO,2025-02-28,124594,1,4,0,225.0
10109564LQBUENO_2025-02-28_G11,10109564LQBUENO,2025-02-28,124476,1,47,0,1477.0
10109564LQBUENO_2025-02-28_G12,10109564LQBUENO,2025-02-28,124476,1,8,0,39.0
10109564LQBUENO_2025-02-28_G13,10109564LQBUENO,2025-02-28,122984,1,50,0,1138.0
10109564LQBUENO_2025-02-28_G14,10109564LQBUENO,2025-02-28,122985,1,20,0,147.0
10109564LQBUENO_2025-02-28_G15,10109564LQBUENO,2025-02-28,122982,1,20,0,272.0
10109564LQBUENO_2025-02-28_G16,10109564LQBUENO,2025-02-28,122984,1,30,0,381.0
10109564LQBUENO_2025-02-28_G17,10109564LQBUENO,2025-02-28,124248,1,20,0,291.0
10109564LQBUENO_2025-02-28_G18,10109564LQBUENO,2025-02-28,122185,1,70,0,853.0
10109564LQBUENO_2025-02-28_G19,10109564LQBUENO,2025-02-28,124370,1,100,0,2523.0
10109564LQBUENO_2025-02-28_G22,10109564LQBUENO,2025-02-28,122962,1,12,0,198.0
10109564LQBUENO_2025-03-01_G02,10109564LQBUENO,2025-03-01,"122967, 124433, 124370",3,79,40,974.0
10109564LQBUENO_2025-03-01_G03,10109564LQBUENO,2025-03-01,123345,1,60,0,2315.0
10109564LQBUENO_2025-03-01_G04,10109564LQBUENO,2025-03-01,123153,1,60,0,557.0
10109564LQBUENO_2025-03-01_G05,10109564LQBUENO,2025-03-01,123907,1,50,0,1079.0
10109564LQBUENO_2025-03-01_G06,10109564LQBUENO,2025-03-01,124371,1,16,0,99.0
10109564LQBUENO_2025-03-01_G07,10109564LQBUENO,2025-03-01,121651,1,12,0,129.0
10109564LQBUENO_2025-03-01_G08,10109564LQBUENO,2025-03-01,121760,1,36,0,143.0
10109564LQBUENO_2025-03-01_G09,10109564LQBUENO,2025-03-01,123343,1,10,0,1553.0
10109564LQBUENO_2025-03-05_G02,10109564LQBUENO,2025-03-05,120002,1,24,0,652.0
10109564LQBUENO_2025-03-06_G02,10109564LQBUENO,2025-03-06,123345,1,4,0,31.0
10109564LQBUENO_2025-03-06_G03,10109564LQBUENO,2025-03-06,123909,1,20,0,1692.0
10109564LQBUENO_2025-03-06_G04,10109564LQBUENO,2025-03-06,122984,1,4,0,189.0
10109564LQBUENO_2025-03-06_G05,10109564LQBUENO,2025-03-06,124248,1,6,0,221.0
10109564LQBUENO_2025-03-06_G06,10109564LQBUENO,2025-03-06,121651,1,4,0,119.0
10109564LQBUENO_2025-03-06_G07,10109564LQBUENO,2025-03-06,121760,1,16,0,240.0
10109564LQBUENO_2025-03-06_G08,10109564LQBUENO,2025-03-06,124370,1,20,0,1516.0
10109564LQBUENO_2025-03-06_G09,10109564LQBUENO,2025-03-06,123907,1,3,0,159.0
10109564LQBUENO_2025-03-06_G10,10109564LQBUENO,2025-03-06,122983,1,8,0,105.0
10109564LQBUENO_2025-03-06_G11,10109564LQBUENO,2025-03-06,124371,1,10,0,256.0
10109564LQBUENO_2025-03-06_G12,10109564LQBUENO,2025-03-06,123345,1,32,0,70.0
10109564LQBUENO_2025-03-06_G13,10109564LQBUENO,2025-03-06,122647,1,30,0,1376.0
10109564LQBUENO_2025-03-06_G14,10109564LQBUENO,2025-03-06,"123344, 123343",2,50,16,1100.0
10109564LQBUENO_2025-03-06_G15,10109564LQBUENO,2025-03-06,122673,1,30,0,404.0
10109564LQBUENO_2025-03-06_G16,10109564LQBUENO,2025-03-06,121304,1,4,0,907.0
10109564LQBUENO_2025-03-06_G17,10109564LQBUENO,2025-03-06,122962,1,25,0,324.0
10109564LQBUENO_2025-03-06_G18,10109564LQBUENO,2025-03-06,123822,1,56,0,1551.0
10109564LQBUENO_2025-03-06_G19,10109564LQBUENO,2025-03-06,124486,1,40,0,787.0
10109564LQBUENO_2025-03-06_G20,10109564LQBUENO,2025-03-06,122986,1,3,0,237.0
10109564LQBUENO_2025-03-06_G21,10109564LQBUENO,2025-03-06,122981,1,5,0,49.0
10109564LQBUENO_2025-03-06_G22,10109564LQBUENO,2025-03-06,122982,1,5,0,221.0
10109564LQBUENO_2025-03-06_G23,10109564LQBUENO,2025-03-06,122988,1,4,0,251.0
10109564LQBUENO_2025-03-06_G24,10109564LQBUENO,2025-03-06,124486,1,12,0,512.0
10109564LQBUENO_2025-03-06_G25,10109564LQBUENO,2025-03-06,123909,1,10,0,176.0
10109564LQBUENO_2025-03-06_G26,10109564LQBUENO,2025-03-06,122962,1,8,0,42.0
10109564LQBUENO_2025-03-07_G02,10109564LQBUENO,2025-03-07,123907,1,10,0,264.0
10109564LQBUENO_2025-03-07_G03,10109564LQBUENO,2025-03-07,121651,1,30,0,765.0
10109564LQBUENO_2025-03-07_G04,10109564LQBUENO,2025-03-07,123343,1,4,0,557.0
10109564LQBUENO_2025-03-07_G05,10109564LQBUENO,2025-03-07,122185,1,20,0,526.0
10109564LQBUENO_2025-03-07_G06,10109564LQBUENO,2025-03-07,122962,1,20,0,533.0
10109564LQBUENO_2025-03-07_G07,10109564LQBUENO,2025-03-07,124486,1,30,0,468.0
10109564LQBUENO_2025-03-07_G08,10109564LQBUENO,2025-03-07,123343,1,4,0,596.0
10109564LQBUENO_2025-03-07_G09,10109564LQBUENO,2025-03-07,123345,1,4,0,233.0
10109564LQBUENO_2025-03-07_G10,10109564LQBUENO,2025-03-07,120008,1,30,0,799.0
10109564LQBUENO_2025-03-07_G11,10109564LQBUENO,2025-03-07,122671,1,2,0,2588.0
10109564LQBUENO_2025-03-07_G12,10109564LQBUENO,2025-03-07,123907,1,10,0,1615.0
10109564LQBUENO_2025-03-07_G13,10109564LQBUENO,2025-03-07,122185,1,60,0,85.0
10109564LQBUENO_2025-03-07_G14,10109564LQBUENO,2025-03-07,122196,1,18,0,394.0
10109564LQBUENO_2025-03-07_G15,10109564LQBUENO,2025-03-07,122189,1,10,0,156.0
10109564LQBUENO_2025-03-07_G16,10109564LQBUENO,2025-03-07,123345,1,11,0,267.0
10109564LQBUENO_2025-03-07_G17,10109564LQBUENO,2025-03-07,123343,1,6,0,799.0
10109564LQBUENO_2025-03-07_G18,10109564LQBUENO,2025-03-07,120272,1,6,0,209.0
10109564LQBUENO_2025-03-07_G19,10109564LQBUENO,2025-03-07,123909,1,2,0,53.0
10109564LQBUENO_2025-03-07_G20,10109564LQBUENO,2025-03-07,122671,1,2,0,157.0
10109564LQBUENO_2025-03-07_G21,10109564LQBUENO,2025-03-07,122984,1,34,0,680.0
10109564LQBUENO_2025-03-07_G22,10109564LQBUENO,2025-03-07,120271,1,2,0,221.0
10109564LQBUENO_2025-03-07_G23,10109564LQBUENO,2025-03-07,124248,1,18,0,245.0
10109564LQBUENO_2025-03-07_G24,10109564LQBUENO,2025-03-07,122185,1,40,0,843.0
10109564LQBUENO_2025-03-07_G25,10109564LQBUENO,2025-03-07,124475,1,6,0,169.0
10109564LQBUENO_2025-03-07_G26,10109564LQBUENO,2025-03-07,121760,1,8,0,68.0
10109564LQBUENO_2025-03-07_G27,10109564LQBUENO,2025-03-07,123561,1,4,0,153.0
10109564LQBUENO_2025-03-07_G28,10109564LQBUENO,2025-03-07,120389,1,8,0,165.0
10109564LQBUENO_2025-03-07_G29,10109564LQBUENO,2025-03-07,123344,1,3,0,103.0
10109564LQBUENO_2025-03-07_G30,10109564LQBUENO,2025-03-07,124476,1,8,0,168.0
10109564LQBUENO_2025-03-07_G31,10109564LQBUENO,2025-03-07,120287,1,5,0,863.0
10109564LQBUENO_2025-03-07_G33,10109564LQBUENO,2025-03-07,123343,1,10,0,645.0
10109564LQBUENO_2025-03-07_G34,10109564LQBUENO,2025-03-07,122671,1,2,0,135.0
10109564LQBUENO_2025-03-07_G35,10109564LQBUENO,2025-03-07,122673,1,6,0,329.0
10109564LQBUENO_2025-03-07_G36,10109564LQBUENO,2025-03-07,122673,1,70,0,616.0
10109564LQBUENO_2025-03-07_G37,10109564LQBUENO,2025-03-07,122671,1,12,0,421.0
10109564LQBUENO_2025-03-07_G38,10109564LQBUENO,2025-03-07,122647,1,24,0,233.0
10109564LQBUENO_2025-03-07_G39,10109564LQBUENO,2025-03-07,124486,1,8,0,202.0
10109564LQBUENO_2025-03-07_G40,10109564LQBUENO,2025-03-07,122647,1,2,0,44.0
10109564LQBUENO_2025-03-07_G41,10109564LQBUENO,2025-03-07,122671,1,12,0,179.0
10109564LQBUENO_2025-03-07_G42,10109564LQBUENO,2025-03-07,123343,1,12,0,477.0
10109564LQBUENO_2025-03-07_G43,10109564LQBUENO,2025-03-07,123313,1,12,0,449.0
10109564LQBUENO_2025-03-07_G44,10109564LQBUENO,2025-03-07,124486,1,8,0,685.0
10109564LQBUENO_2025-03-07_G45,10109564LQBUENO,2025-03-07,124486,1,70,0,443.0
10109564LQBUENO_2025-03-08_G02,10109564LQBUENO,2025-03-08,121651,1,24,0,783.0
10109564LQBUENO_2025-03-08_G03,10109564LQBUENO,2025-03-08,124247,1,2,0,180.0
10109564LQBUENO_2025-03-08_G04,10109564LQBUENO,2025-03-08,123343,1,30,0,1219.0
10109564LQBUENO_2025-03-08_G05,10109564LQBUENO,2025-03-08,122985,1,4,0,213.0
10109564LQBUENO_2025-03-08_G06,10109564LQBUENO,2025-03-08,124475,1,32,0,796.0
10109564LQBUENO_2025-03-08_G07,10109564LQBUENO,2025-03-08,122968,1,22,0,835.0
10109564LQBUENO_2025-03-08_G08,10109564LQBUENO,2025-03-08,124370,1,80,0,1762.0
10109564LQBUENO_2025-03-08_G09,10109564LQBUENO,2025-03-08,123561,1,20,0,581.0
10109564LQBUENO_2025-03-08_G10,10109564LQBUENO,2025-03-08,124247,1,20,0,130.0
10109564LQBUENO_2025-03-08_G11,10109564LQBUENO,2025-03-08,122983,1,44,0,537.0
10109564LQBUENO_2025-03-08_G12,10109564LQBUENO,2025-03-08,123889,1,24,0,640.0
10109564LQBUENO_2025-03-08_G13,10109564LQBUENO,2025-03-08,123947,1,6,0,215.0
10109564LQBUENO_2025-03-08_G14,10109564LQBUENO,2025-03-08,121651,1,80,0,1656.0
10109564LQBUENO_2025-03-08_G15,10109564LQBUENO,2025-03-08,122983,1,12,0,287.0
10109564LQBUENO_2025-03-08_G16,10109564LQBUENO,2025-03-08,124370,1,200,0,1177.0
10109564LQBUENO_2025-03-08_G17,10109564LQBUENO,2025-03-08,120339,1,3,0,87.0
10109564LQBUENO_2025-03-08_G18,10109564LQBUENO,2025-03-08,181235,1,6,0,3526.0
10109564LQBUENO_2025-03-08_G19,10109564LQBUENO,2025-03-08,181887,1,4,0,180.0
10109564LQBUENO_2025-03-08_G20,10109564LQBUENO,2025-03-08,121760,1,30,0,159.0
10109564LQBUENO_2025-03-08_G21,10109564LQBUENO,2025-03-08,124370,1,40,0,329.0
10109564LQBUENO_2025-03-08_G22,10109564LQBUENO,2025-03-08,123561,1,30,0,476.0
10109564LQBUENO_2025-03-08_G23,10109564LQBUENO,2025-03-08,122185,1,20,0,101.0
10109564LQBUENO_2025-03-08_G25,10109564LQBUENO,2025-03-08,122189,1,180,0,1379.0
10109564LQBUENO_2025-03-10_G02,10109564LQBUENO,2025-03-10,123947,1,18,0,551.0
10109564LQBUENO_2025-03-10_G03,10109564LQBUENO,2025-03-10,120008,1,40,0,1743.0
10109564LQBUENO_2025-03-10_G04,10109564LQBUENO,2025-03-10,122986,1,2,0,272.0
10109564LQBUENO_2025-03-10_G05,10109564LQBUENO,2025-03-10,120008,1,14,0,334.0
10109564LQBUENO_2025-03-10_G06,10109564LQBUENO,2025-03-10,123492,2,16,8,542.0
10109564LQBUENO_2025-03-10_G07,10109564LQBUENO,2025-03-10,124486,1,2,0,80.0
10109564LQBUENO_2025-03-10_G08,10109564LQBUENO,2025-03-10,122962,1,8,0,122.0
10109564LQBUENO_2025-03-10_G09,10109564LQBUENO,2025-03-10,181235,1,2,0,103.0
10109564LQBUENO_2025-03-10_G10,10109564LQBUENO,2025-03-10,122984,1,40,0,1869.0
10109564LQBUENO_2025-03-10_G11,10109564LQBUENO,2025-03-10,124248,1,16,0,136.0
10109564LQBUENO_2025-03-10_G12,10109564LQBUENO,2025-03-10,123907,1,8,0,286.0
10109564LQBUENO_2025-03-10_G13,10109564LQBUENO,2025-03-10,124371,1,4,0,558.0
10109564LQBUENO_2025-03-10_G14,10109564LQBUENO,2025-03-10,121651,1,22,0,438.0
10109564LQBUENO_2025-03-10_G15,10109564LQBUENO,2025-03-10,121760,1,12,0,33.0
10109564LQBUENO_2025-03-10_G16,10109564LQBUENO,2025-03-10,122962,1,12,0,192.0
10109564LQBUENO_2025-03-10_G17,10109564LQBUENO,2025-03-10,123344,1,8,0,291.0
10109564LQBUENO_2025-03-10_G18,10109564LQBUENO,2025-03-10,124370,1,6,0,78.0
10109564LQBUENO_2025-03-10_G19,10109564LQBUENO,2025-03-10,123345,1,12,0,115.0
10109564LQBUENO_2025-03-10_G20,10109564LQBUENO,2025-03-10,124248,1,22,0,2652.0
10109564LQBUENO_2025-03-10_G21,10109564LQBUENO,2025-03-10,124248,1,46,0,111.0
10109564LQBUENO_2025-03-10_G22,10109564LQBUENO,2025-03-10,122984,1,30,0,260.0
10109564LQBUENO_2025-03-10_G23,10109564LQBUENO,2025-03-10,123345,1,8,0,215.0
10109564LQBUENO_2025-03-10_G24,10109564LQBUENO,2025-03-10,124371,1,4,0,61.0
10109564LQBUENO_2025-03-10_G25,10109564LQBUENO,2025-03-10,122984,1,2,0,74.0
10109564LQBUENO_2025-03-10_G26,10109564LQBUENO,2025-03-10,124370,1,8,0,106.0
10109564LQBUENO_2025-03-10_G27,10109564LQBUENO,2025-03-10,121760,1,4,0,104.0
10109564LQBUENO_2025-03-10_G28,10109564LQBUENO,2025-03-10,122185,1,2,0,74.0
10109564LQBUENO_2025-03-10_G29,10109564LQBUENO,2025-03-10,120389,1,4,0,206.0
10109564LQBUENO_2025-03-10_G30,10109564LQBUENO,2025-03-10,123344,1,16,0,32.0
10109564LQBUENO_2025-03-10_G31,10109564LQBUENO,2025-03-10,"123909, 124486",2,8,24,263.0
10109564LQBUENO_2025-03-10_G32,10109564LQBUENO,2025-03-10,122962,1,4,0,43.0
10109564LQBUENO_2025-03-10_G34,10109564LQBUENO,2025-03-10,122962,1,80,0,331.0
10109564LQBUENO_2025-03-10_G35,10109564LQBUENO,2025-03-10,122962,1,32,0,1265.0
10109564LQBUENO_2025-03-10_G36,10109564LQBUENO,2025-03-10,123909,1,10,0,35.0
10109564LQBUENO_2025-03-10_G37,10109564LQBUENO,2025-03-10,123492,1,70,0,508.0
10109564LQBUENO_2025-03-10_G38,10109564LQBUENO,2025-03-10,122673,1,10,0,1259.0
10109564LQBUENO_2025-03-10_G39,10109564LQBUENO,2025-03-10,180054,1,2,0,199.0
10109564LQBUENO_2025-03-10_G40,10109564LQBUENO,2025-03-10,122962,1,4,0,175.0
10109564LQBUENO_2025-03-10_G41,10109564LQBUENO,2025-03-10,124370,1,9,0,138.0
10109564LQBUENO_2025-03-11_G02,10109564LQBUENO,2025-03-11,122671,1,4,0,359.0
10109564LQBUENO_2025-03-11_G03,10109564LQBUENO,2025-03-11,122985,1,12,0,502.0
10109564LQBUENO_2025-03-11_G04,10109564LQBUENO,2025-03-11,122988,1,4,0,136.0
10109564LQBUENO_2025-03-11_G05,10109564LQBUENO,2025-03-11,122647,1,12,0,351.0
10109564LQBUENO_2025-03-11_G06,10109564LQBUENO,2025-03-11,123344,1,4,0,697.0
10109564LQBUENO_2025-03-11_G07,10109564LQBUENO,2025-03-11,123345,1,40,0,705.0
10109564LQBUENO_2025-03-11_G08,10109564LQBUENO,2025-03-11,122983,1,4,0,180.0
10109564LQBUENO_2025-03-11_G09,10109564LQBUENO,2025-03-11,180098,2,12,11,886.0
10109564LQBUENO_2025-03-11_G10,10109564LQBUENO,2025-03-11,123345,1,6,0,1260.0
10109564LQBUENO_2025-03-11_G11,10109564LQBUENO,2025-03-11,123909,1,4,0,115.0
10109564LQBUENO_2025-03-11_G12,10109564LQBUENO,2025-03-11,122962,1,16,0,143.0
10109564LQBUENO_2025-03-11_G13,10109564LQBUENO,2025-03-11,120272,1,8,0,377.0
10109564LQBUENO_2025-03-11_G14,10109564LQBUENO,2025-03-11,123822,1,3,0,138.0
10109564LQBUENO_2025-03-11_G15,10109564LQBUENO,2025-03-11,122703,1,4,0,152.0
10109564LQBUENO_2025-03-11_G16,10109564LQBUENO,2025-03-11,122962,1,6,0,151.0
10109564LQBUENO_2025-03-11_G17,10109564LQBUENO,2025-03-11,122982,1,6,0,178.0
10109564LQBUENO_2025-03-11_G18,10109564LQBUENO,2025-03-11,123313,1,1,0,99.0
10109564LQBUENO_2025-03-11_G19,10109564LQBUENO,2025-03-11,122188,1,8,0,364.0
10109564LQBUENO_2025-03-11_G20,10109564LQBUENO,2025-03-11,180001,1,4,0,325.0
10109564LQBUENO_2025-03-11_G21,10109564LQBUENO,2025-03-11,120028,1,3,0,112.0
10109564LQBUENO_2025-03-11_G22,10109564LQBUENO,2025-03-11,122673,1,4,0,204.0
10109564LQBUENO_2025-03-11_G23,10109564LQBUENO,2025-03-11,120028,1,8,0,89.0
10109564LQBUENO_2025-03-11_G24,10109564LQBUENO,2025-03-11,123907,1,8,0,224.0
10109564LQBUENO_2025-03-11_G25,10109564LQBUENO,2025-03-11,122185,1,8,0,268.0
10109564LQBUENO_2025-03-11_G26,10109564LQBUENO,2025-03-11,122986,1,20,0,231.0
10109564LQBUENO_2025-03-11_G27,10109564LQBUENO,2025-03-11,122981,1,30,0,579.0
10109564LQBUENO_2025-03-11_G28,10109564LQBUENO,2025-03-11,122984,1,40,0,138.0
10109564LQBUENO_2025-03-11_G29,10109564LQBUENO,2025-03-11,123947,1,15,0,600.0
10109564LQBUENO_2025-03-11_G30,10109564LQBUENO,2025-03-11,123153,1,15,0,205.0
10109564LQBUENO_2025-03-11_G31,10109564LQBUENO,2025-03-11,124486,1,16,0,2514.0
10109564LQBUENO_2025-03-11_G32,10109564LQBUENO,2025-03-11,122671,1,36,0,581.0
10109564LQBUENO_2025-03-11_G33,10109564LQBUENO,2025-03-11,122983,1,16,0,370.0
10109564LQBUENO_2025-03-12_G02,10109564LQBUENO,2025-03-12,122983,1,4,0,256.0
10109564LQBUENO_2025-03-12_G03,10109564LQBUENO,2025-03-12,123153,1,30,0,577.0
10109564LQBUENO_2025-03-12_G04,10109564LQBUENO,2025-03-12,122647,1,30,0,1028.0
10109564LQBUENO_2025-03-12_G05,10109564LQBUENO,2025-03-12,124486,1,10,0,1431.0
10109564LQBUENO_2025-03-12_G06,10109564LQBUENO,2025-03-12,123492,1,12,0,71.0
10109564LQBUENO_2025-03-12_G07,10109564LQBUENO,2025-03-12,122962,1,12,0,83.0
10109564LQBUENO_2025-03-12_G08,10109564LQBUENO,2025-03-12,122647,1,100,0,2352.0
10109564LQBUENO_2025-03-12_G09,10109564LQBUENO,2025-03-12,124247,1,10,0,316.0
10109564LQBUENO_2025-03-12_G10,10109564LQBUENO,2025-03-12,124486,1,4,0,69.0
10109564LQBUENO_2025-03-12_G11,10109564LQBUENO,2025-03-12,123343,1,8,0,313.0
10109564LQBUENO_2025-03-12_G12,10109564LQBUENO,2025-03-12,124486,1,4,0,126.0
10109564LQBUENO_2025-03-12_G13,10109564LQBUENO,2025-03-12,124486,1,30,0,438.0
10109564LQBUENO_2025-03-12_G14,10109564LQBUENO,2025-03-12,123343,1,11,0,246.0
10109564LQBUENO_2025-03-12_G15,10109564LQBUENO,2025-03-12,124486,1,4,0,435.0
10109564LQBUENO_2025-03-12_G16,10109564LQBUENO,2025-03-12,122986,1,5,0,184.0
10109564LQBUENO_2025-03-12_G17,10109564LQBUENO,2025-03-12,122981,1,2,0,69.0
10109564LQBUENO_2025-03-12_G18,10109564LQBUENO,2025-03-12,"121651, 123907",2,17,24,121.0
10109564LQBUENO_2025-03-12_G19,10109564LQBUENO,2025-03-12,122983,1,4,0,93.0
10109564LQBUENO_2025-03-12_G20,10109564LQBUENO,2025-03-12,121923,1,6,0,124.0
10109564LQBUENO_2025-03-12_G21,10109564LQBUENO,2025-03-12,122962,3,64,39,480.0
10109564LQBUENO_2025-03-12_G22,10109564LQBUENO,2025-03-12,120307,1,97,0,235.0
10109564LQBUENO_2025-03-12_G23,10109564LQBUENO,2025-03-12,122989,1,5,0,521.0
10109564LQBUENO_2025-03-12_G24,10109564LQBUENO,2025-03-12,123800,1,24,0,984.0
10109564LQBUENO_2025-03-12_G25,10109564LQBUENO,2025-03-12,122989,1,3,0,435.0
10109564LQBUENO_2025-03-12_G26,10109564LQBUENO,2025-03-12,123244,1,120,0,1604.0
10109564LQBUENO_2025-03-12_G27,10109564LQBUENO,2025-03-12,122986,1,4,0,1570.0
10109564LQBUENO_2025-03-12_G28,10109564LQBUENO,2025-03-12,124247,1,10,0,263.0
10109564LQBUENO_2025-03-12_G29,10109564LQBUENO,2025-03-12,"123889, 123153",2,34,21,439.0
10109564LQBUENO_2025-03-12_G30,10109564LQBUENO,2025-03-12,124486,1,4,0,505.0
10109564LQBUENO_2025-03-12_G31,10109564LQBUENO,2025-03-12,122988,1,10,0,281.0
10109564LQBUENO_2025-03-12_G32,10109564LQBUENO,2025-03-12,123909,1,10,0,205.0
10109564LQBUENO_2025-03-12_G33,10109564LQBUENO,2025-03-12,122647,1,20,0,163.0
10109564LQBUENO_2025-03-12_G35,10109564LQBUENO,2025-03-12,124486,1,20,0,2902.0
10109564LQBUENO_2025-03-12_G36,10109564LQBUENO,2025-03-12,120028,1,19,0,418.0
10109564LQBUENO_2025-03-12_G37,10109564LQBUENO,2025-03-12,120028,1,40,0,795.0
10109564LQBUENO_2025-03-12_G38,10109564LQBUENO,2025-03-12,123822,1,130,0,1793.0
10109564LQBUENO_2025-03-12_G39,10109564LQBUENO,2025-03-12,122962,2,44,18,542.0
10109564LQBUENO_2025-03-12_G40,10109564LQBUENO,2025-03-12,122962,1,16,0,146.0
10109564LQBUENO_2025-03-13_G02,10109564LQBUENO,2025-03-13,124594,1,8,0,485.0
10109564LQBUENO_2025-03-13_G03,10109564LQBUENO,2025-03-13,"123344, 124371",2,22,21,600.0
10109564LQBUENO_2025-03-13_G04,10109564LQBUENO,2025-03-13,124476,1,3,0,596.0
10109564LQBUENO_2025-03-13_G05,10109564LQBUENO,2025-03-13,123081,1,5,0,198.0
10109564LQBUENO_2025-03-13_G06,10109564LQBUENO,2025-03-13,"124433, 121760",2,7,25,174.0
10109564LQBUENO_2025-03-13_G07,10109564LQBUENO,2025-03-13,122962,1,20,0,651.0
10109564LQBUENO_2025-03-13_G08,10109564LQBUENO,2025-03-13,124371,1,40,0,480.0
10109564LQBUENO_2025-03-13_G09,10109564LQBUENO,2025-03-13,123345,1,20,0,530.0
10109564LQBUENO_2025-03-13_G10,10109564LQBUENO,2025-03-13,121760,1,30,0,145.0
10109564LQBUENO_2025-03-13_G11,10109564LQBUENO,2025-03-13,124486,1,18,0,149.0
10109564LQBUENO_2025-03-13_G12,10109564LQBUENO,2025-03-13,123344,1,10,0,1177.0
10109564LQBUENO_2025-03-13_G13,10109564LQBUENO,2025-03-13,121651,1,40,0,72.0
10109564LQBUENO_2025-03-13_G14,10109564LQBUENO,2025-03-13,124370,1,30,0,358.0
10109564LQBUENO_2025-03-13_G15,10109564LQBUENO,2025-03-13,123909,1,20,0,491.0
10109564LQBUENO_2025-03-13_G16,10109564LQBUENO,2025-03-13,122985,1,10,0,3400.0
10109564LQBUENO_2025-03-13_G17,10109564LQBUENO,2025-03-13,"114647, 122962, 122671, 121760, 122981, 122984",7,52,53,42.0
10109564LQBUENO_2025-03-13_G18,10109564LQBUENO,2025-03-13,"124486, 124247, 122982",3,48,19,33.0
10109564LQBUENO_2025-03-13_G19,10109564LQBUENO,2025-03-13,"123345, 123313",2,44,23,332.0
10109564LQBUENO_2025-03-13_G20,10109564LQBUENO,2025-03-13,123344,1,20,0,153.0
10109564LQBUENO_2025-03-13_G21,10109564LQBUENO,2025-03-13,181057,1,12,0,532.0
10109564LQBUENO_2025-03-13_G22,10109564LQBUENO,2025-03-13,121760,1,4,0,398.0
10109564LQBUENO_2025-03-13_G24,10109564LQBUENO,2025-03-13,122984,1,20,0,718.0
10109564LQBUENO_2025-03-13_G25,10109564LQBUENO,2025-03-13,122962,1,18,0,80.0
10109564LQBUENO_2025-03-13_G26,10109564LQBUENO,2025-03-13,122984,1,3,0,75.0
10109564LQBUENO_2025-03-13_G27,10109564LQBUENO,2025-03-13,124486,1,2,0,35.0
10109564LQBUENO_2025-03-13_G28,10109564LQBUENO,2025-03-13,122185,1,6,0,90.0
10109564LQBUENO_2025-03-13_G29,10109564LQBUENO,2025-03-13,123345,1,2,0,41.0
10109564LQBUENO_2025-03-13_G30,10109564LQBUENO,2025-03-13,123909,1,4,0,59.0
10109564LQBUENO_2025-03-13_G31,10109564LQBUENO,2025-03-13,124248,1,20,0,116.0
10109564LQBUENO_2025-03-13_G32,10109564LQBUENO,2025-03-13,122185,1,20,0,107.0
10109564LQBUENO_2025-03-13_G33,10109564LQBUENO,2025-03-13,122982,1,8,0,118.0
10109564LQBUENO_2025-03-13_G34,10109564LQBUENO,2025-03-13,123909,1,2,0,39.0
10109564LQBUENO_2025-03-13_G35,10109564LQBUENO,2025-03-13,122988,1,4,0,49.0
10109564LQBUENO_2025-03-13_G36,10109564LQBUENO,2025-03-13,122986,1,4,0,36.0
10109564LQBUENO_2025-03-13_G37,10109564LQBUENO,2025-03-13,122981,1,4,0,57.0
10109564LQBUENO_2025-03-13_G38,10109564LQBUENO,2025-03-13,123561,1,4,0,47.0
10109564LQBUENO_2025-03-13_G39,10109564LQBUENO,2025-03-13,122185,1,18,0,126.0
10109564LQBUENO_2025-03-13_G40,10109564LQBUENO,2025-03-13,122986,1,10,0,201.0
10109564LQBUENO_2025-03-13_G41,10109564LQBUENO,2025-03-13,124264,1,5,0,478.0
10109564LQBUENO_2025-03-13_G42,10109564LQBUENO,2025-03-13,124264,1,79,0,428.0
10109564LQBUENO_2025-03-13_G43,10109564LQBUENO,2025-03-13,124264,1,10,0,540.0
10109564LQBUENO_2025-03-13_G44,10109564LQBUENO,2025-03-13,124264,1,100,0,287.0
10109564LQBUENO_2025-03-13_G45,10109564LQBUENO,2025-03-13,123909,1,30,0,1360.0
10109564LQBUENO_2025-03-13_G46,10109564LQBUENO,2025-03-13,121760,1,40,0,381.0
10109564LQBUENO_2025-03-13_G47,10109564LQBUENO,2025-03-13,123343,1,4,0,544.0
10109564LQBUENO_2025-03-13_G48,10109564LQBUENO,2025-03-13,123345,1,6,0,119.0
10109564LQBUENO_2025-03-13_G49,10109564LQBUENO,2025-03-13,"122962, 124486",2,188,11,1063.0
10109564LQBUENO_2025-03-13_G50,10109564LQBUENO,2025-03-13,122962,1,14,0,710.0
10109564LQBUENO_2025-03-13_G51,10109564LQBUENO,2025-03-13,123560,1,300,0,2533.0
10109564LQBUENO_2025-03-14_G02,10109564LQBUENO,2025-03-14,124486,1,90,0,750.0
10109564LQBUENO_2025-03-14_G03,10109564LQBUENO,2025-03-14,120008,1,3,0,446.0
10109564LQBUENO_2025-03-14_G04,10109564LQBUENO,2025-03-14,121651,1,13,0,1232.0
10109564LQBUENO_2025-03-14_G05,10109564LQBUENO,2025-03-14,"122984, 122983",2,15,30,350.0
10109564LQBUENO_2025-03-14_G06,10109564LQBUENO,2025-03-14,122647,1,20,0,253.0
10109564LQBUENO_2025-03-14_G07,10109564LQBUENO,2025-03-14,120028,1,30,0,643.0
10109564LQBUENO_2025-03-14_G08,10109564LQBUENO,2025-03-14,124486,1,3,0,156.0
10109564LQBUENO_2025-03-14_G09,10109564LQBUENO,2025-03-14,122962,1,24,0,186.0
10109564LQBUENO_2025-03-14_G10,10109564LQBUENO,2025-03-14,123822,1,20,0,67.0
10109564LQBUENO_2025-03-14_G11,10109564LQBUENO,2025-03-14,122962,1,50,0,2087.0
10109564LQBUENO_2025-03-14_G12,10109564LQBUENO,2025-03-14,"122703, 122984",2,16,30,430.0
10109564LQBUENO_2025-03-14_G13,10109564LQBUENO,2025-03-14,124370,1,36,0,317.0
10109564LQBUENO_2025-03-14_G14,10109564LQBUENO,2025-03-14,124476,1,4,0,798.0
10109564LQBUENO_2025-03-14_G15,10109564LQBUENO,2025-03-14,120389,1,19,0,121.0
10109564LQBUENO_2025-03-14_G16,10109564LQBUENO,2025-03-14,120389,1,1,0,34.0
10109564LQBUENO_2025-03-14_G17,10109564LQBUENO,2025-03-14,123344,1,80,0,563.0
10109564LQBUENO_2025-03-14_G18,10109564LQBUENO,2025-03-14,124248,1,4,0,973.0
10109564LQBUENO_2025-03-14_G19,10109564LQBUENO,2025-03-14,124247,1,16,0,1283.0
10109564LQBUENO_2025-03-14_G20,10109564LQBUENO,2025-03-14,122673,1,10,0,53.0
10109564LQBUENO_2025-03-14_G21,10109564LQBUENO,2025-03-14,123153,1,10,0,509.0
10109564LQBUENO_2025-03-14_G23,10109564LQBUENO,2025-03-14,122647,1,6,0,228.0
10109564LQBUENO_2025-03-14_G24,10109564LQBUENO,2025-03-14,123345,1,10,0,44.0
10109564LQBUENO_2025-03-14_G25,10109564LQBUENO,2025-03-14,122673,1,16,0,454.0
10109564LQBUENO_2025-03-14_G26,10109564LQBUENO,2025-03-14,122673,1,18,0,288.0
10109564LQBUENO_2025-03-14_G27,10109564LQBUENO,2025-03-14,122673,1,6,0,189.0
10109564LQBUENO_2025-03-14_G28,10109564LQBUENO,2025-03-14,122673,1,8,0,350.0
10109564LQBUENO_2025-03-14_G29,10109564LQBUENO,2025-03-14,122673,1,14,0,163.0
10109564LQBUENO_2025-03-14_G30,10109564LQBUENO,2025-03-14,122673,1,8,0,480.0
10109564LQBUENO_2025-03-14_G31,10109564LQBUENO,2025-03-14,122673,2,12,22,116.0
10109564LQBUENO_2025-03-14_G32,10109564LQBUENO,2025-03-14,122962,1,12,0,1414.0
10109564LQBUENO_2025-03-14_G33,10109564LQBUENO,2025-03-14,124486,1,4,0,196.0
10109564LQBUENO_2025-03-14_G34,10109564LQBUENO,2025-03-14,120028,1,40,0,292.0
10109564LQBUENO_2025-03-14_G35,10109564LQBUENO,2025-03-14,120008,1,13,0,726.0
10109564LQBUENO_2025-03-14_G36,10109564LQBUENO,2025-03-14,124486,1,3,0,1262.0
10109564LQBUENO_2025-03-15_G02,10109564LQBUENO,2025-03-15,124370,1,20,0,439.0
10109564LQBUENO_2025-03-15_G03,10109564LQBUENO,2025-03-15,124370,1,48,0,685.0
10109564LQBUENO_2025-03-15_G04,10109564LQBUENO,2025-03-15,124248,1,21,0,754.0
10109564LQBUENO_2025-03-15_G05,10109564LQBUENO,2025-03-15,"124594, 122962",2,110,8,1560.0
10109564LQBUENO_2025-03-15_G06,10109564LQBUENO,2025-03-15,123343,1,18,0,345.0
10109564LQBUENO_2025-03-15_G07,10109564LQBUENO,2025-03-15,123345,1,15,0,382.0
10109564LQBUENO_2025-03-15_G08,10109564LQBUENO,2025-03-15,124370,1,130,0,679.0
10109564LQBUENO_2025-03-15_G09,10109564LQBUENO,2025-03-15,121651,1,1,0,467.0
10109564LQBUENO_2025-03-15_G10,10109564LQBUENO,2025-03-15,123343,2,4,24,863.0
10109564LQBUENO_2025-03-15_G11,10109564LQBUENO,2025-03-15,123343,1,12,0,40.0
10109564LQBUENO_2025-03-15_G12,10109564LQBUENO,2025-03-15,122984,1,240,0,3098.0
10109564LQBUENO_2025-03-15_G13,10109564LQBUENO,2025-03-15,122962,1,40,0,844.0
10109564LQBUENO_2025-03-15_G14,10109564LQBUENO,2025-03-15,123822,1,15,0,225.0
10109564LQBUENO_2025-03-15_G15,10109564LQBUENO,2025-03-15,122962,1,56,0,2026.0
10109564LQBUENO_2025-03-15_G16,10109564LQBUENO,2025-03-15,122671,1,4,0,520.0
10109564LQBUENO_2025-03-15_G17,10109564LQBUENO,2025-03-15,121760,1,20,0,184.0
10109564LQBUENO_2025-03-15_G18,10109564LQBUENO,2025-03-15,121651,1,4,0,50.0
10109564LQBUENO_2025-03-15_G19,10109564LQBUENO,2025-03-15,122703,1,4,0,139.0
10109564LQBUENO_2025-03-15_G21,10109564LQBUENO,2025-03-15,120028,1,4,0,608.0
10109564LQBUENO_2025-03-15_G22,10109564LQBUENO,2025-03-15,122984,1,4,0,38.0
10109564LQBUENO_2025-03-15_G23,10109564LQBUENO,2025-03-15,122647,1,4,0,80.0
10109564LQBUENO_2025-03-15_G24,10109564LQBUENO,2025-03-15,123153,1,4,0,92.0
10109564LQBUENO_2025-03-15_G25,10109564LQBUENO,2025-03-15,123909,1,50,0,192.0
10109564LQBUENO_2025-03-15_G26,10109564LQBUENO,2025-03-15,122673,1,50,0,50.0
10109564LQBUENO_2025-03-15_G27,10109564LQBUENO,2025-03-15,123345,1,24,0,189.0
10109564LQBUENO_2025-03-15_G28,10109564LQBUENO,2025-03-15,123343,1,20,0,245.0
10109564LQBUENO_2025-03-17_G02,10109564LQBUENO,2025-03-17,124371,1,8,0,165.0
10109564LQBUENO_2025-03-17_G03,10109564LQBUENO,2025-03-17,122984,1,9,0,183.0
10109564LQBUENO_2025-03-17_G04,10109564LQBUENO,2025-03-17,122647,1,2,0,89.0
10109564LQBUENO_2025-03-17_G05,10109564LQBUENO,2025-03-17,120339,1,4,0,109.0
10109564LQBUENO_2025-03-17_G06,10109564LQBUENO,2025-03-17,124248,1,3,0,529.0
10109564LQBUENO_2025-03-17_G07,10109564LQBUENO,2025-03-17,124248,1,2,0,63.0
10109564LQBUENO_2025-03-17_G08,10109564LQBUENO,2025-03-17,120028,1,18,0,319.0
10109564LQBUENO_2025-03-17_G09,10109564LQBUENO,2025-03-17,120028,1,26,0,1184.0
10109564LQBUENO_2025-03-17_G10,10109564LQBUENO,2025-03-17,180024,1,2,0,620.0
10109564LQBUENO_2025-03-17_G11,10109564LQBUENO,2025-03-17,123909,1,4,0,108.0
10109564LQBUENO_2025-03-17_G12,10109564LQBUENO,2025-03-17,122962,1,4,0,128.0
10109564LQBUENO_2025-03-17_G13,10109564LQBUENO,2025-03-17,124486,2,25,9,217.0
10109564LQBUENO_2025-03-17_G14,10109564LQBUENO,2025-03-17,122673,1,9,0,236.0
10109564LQBUENO_2025-03-17_G15,10109564LQBUENO,2025-03-17,123520,1,8,0,131.0
10109564LQBUENO_2025-03-17_G16,10109564LQBUENO,2025-03-17,124248,1,14,0,117.0
10109564LQBUENO_2025-03-17_G17,10109564LQBUENO,2025-03-17,122673,1,10,0,188.0
10109564LQBUENO_2025-03-17_G19,10109564LQBUENO,2025-03-17,123344,1,12,0,173.0
10109564LQBUENO_2025-03-17_G20,10109564LQBUENO,2025-03-17,121760,1,6,0,270.0
10109564LQBUENO_2025-03-17_G21,10109564LQBUENO,2025-03-17,122703,1,8,0,330.0
10109564LQBUENO_2025-03-17_G22,10109564LQBUENO,2025-03-17,123345,1,6,0,176.0
10109564LQBUENO_2025-03-17_G23,10109564LQBUENO,2025-03-17,122988,1,2,0,237.0
10109564LQBUENO_2025-03-17_G24,10109564LQBUENO,2025-03-17,122185,1,4,0,430.0
10109564LQBUENO_2025-03-17_G25,10109564LQBUENO,2025-03-17,124371,1,12,0,106.0
10109564LQBUENO_2025-03-17_G26,10109564LQBUENO,2025-03-17,122984,1,2,0,44.0
10109564LQBUENO_2025-03-17_G27,10109564LQBUENO,2025-03-17,122962,1,8,0,88.0
10109564LQBUENO_2025-03-17_G28,10109564LQBUENO,2025-03-17,"123822, 122671, 122962",4,32,44,2269.0
10109564LQBUENO_2025-03-17_G29,10109564LQBUENO,2025-03-17,122962,1,40,0,37.0
10109564LQBUENO_2025-03-17_G30,10109564LQBUENO,2025-03-17,124247,1,72,0,1437.0
10109564LQBUENO_2025-03-17_G31,10109564LQBUENO,2025-03-17,122983,1,64,0,91.0
10109564LQBUENO_2025-03-17_G32,10109564LQBUENO,2025-03-17,"123343, 122671",4,25,33,1500.0
10109564LQBUENO_2025-03-18_G02,10109564LQBUENO,2025-03-18,121928,1,8,0,87.0
10109564LQBUENO_2025-03-18_G03,10109564LQBUENO,2025-03-18,122962,1,36,0,572.0
10109564LQBUENO_2025-03-18_G04,10109564LQBUENO,2025-03-18,121760,1,18,0,472.0
10109564LQBUENO_2025-03-18_G05,10109564LQBUENO,2025-03-18,122986,1,4,0,146.0
10109564LQBUENO_2025-03-18_G06,10109564LQBUENO,2025-03-18,122981,1,4,0,57.0
10109564LQBUENO_2025-03-18_G07,10109564LQBUENO,2025-03-18,121923,1,4,0,120.0
10109564LQBUENO_2025-03-18_G08,10109564LQBUENO,2025-03-18,122983,1,4,0,124.0
10109564LQBUENO_2025-03-18_G09,10109564LQBUENO,2025-03-18,123521,1,4,0,185.0
10109564LQBUENO_2025-03-18_G10,10109564LQBUENO,2025-03-18,122984,1,4,0,49.0
10109564LQBUENO_2025-03-18_G11,10109564LQBUENO,2025-03-18,122988,1,4,0,1115.0
10109564LQBUENO_2025-03-18_G12,10109564LQBUENO,2025-03-18,"123907, 124247, 123909",3,119,15,1205.0
10109564LQBUENO_2025-03-18_G13,10109564LQBUENO,2025-03-18,123344,1,16,0,476.0
10109564LQBUENO_2025-03-18_G14,10109564LQBUENO,2025-03-18,"123343, 123345",2,74,27,1149.0
10109564LQBUENO_2025-03-18_G15,10109564LQBUENO,2025-03-18,123344,1,20,0,1062.0
10109564LQBUENO_2025-03-18_G16,10109564LQBUENO,2025-03-18,124371,1,10,0,252.0
10109564LQBUENO_2025-03-18_G17,10109564LQBUENO,2025-03-18,123909,1,9,0,62.0
10109564LQBUENO_2025-03-18_G18,10109564LQBUENO,2025-03-18,124370,1,11,0,156.0
10109564LQBUENO_2025-03-18_G19,10109564LQBUENO,2025-03-18,124371,1,14,0,154.0
10109564LQBUENO_2025-03-18_G20,10109564LQBUENO,2025-03-18,124370,1,4,0,36.0
10109564LQBUENO_2025-03-18_G21,10109564LQBUENO,2025-03-18,124486,1,3,0,75.0
10109564LQBUENO_2025-03-18_G22,10109564LQBUENO,2025-03-18,124486,1,9,0,41.0
10109564LQBUENO_2025-03-18_G23,10109564LQBUENO,2025-03-18,123345,1,15,0,886.0
10109564LQBUENO_2025-03-18_G24,10109564LQBUENO,2025-03-18,122962,1,100,0,374.0
10109564LQBUENO_2025-03-18_G25,10109564LQBUENO,2025-03-18,122984,1,150,0,3126.0
10109564LQBUENO_2025-03-18_G26,10109564LQBUENO,2025-03-18,120008,1,6,0,472.0
10109564LQBUENO_2025-03-18_G27,10109564LQBUENO,2025-03-18,124486,1,6,0,68.0
10109564LQBUENO_2025-03-18_G28,10109564LQBUENO,2025-03-18,123947,1,10,0,224.0
10109564LQBUENO_2025-03-18_G29,10109564LQBUENO,2025-03-18,124248,1,4,0,299.0
10109564LQBUENO_2025-03-18_G30,10109564LQBUENO,2025-03-18,120339,1,6,0,160.0
10109564LQBUENO_2025-03-18_G31,10109564LQBUENO,2025-03-18,122673,1,12,0,101.0
10109564LQBUENO_2025-03-18_G32,10109564LQBUENO,2025-03-18,122673,1,8,0,95.0
10109564LQBUENO_2025-03-18_G33,10109564LQBUENO,2025-03-18,123153,1,16,0,40.0
10109564LQBUENO_2025-03-18_G34,10109564LQBUENO,2025-03-18,"123153, 123344, 123343",3,18,30,357.0
10109564LQBUENO_2025-03-18_G36,10109564LQBUENO,2025-03-18,121760,1,6,0,164.0
10109564LQBUENO_2025-03-18_G37,10109564LQBUENO,2025-03-18,122962,1,8,0,183.0
10109564LQBUENO_2025-03-18_G38,10109564LQBUENO,2025-03-18,122185,1,6,0,127.0
10109564LQBUENO_2025-03-18_G39,10109564LQBUENO,2025-03-18,122673,1,2,0,191.0
10109564LQBUENO_2025-03-18_G40,10109564LQBUENO,2025-03-18,124486,1,15,0,238.0
10109564LQBUENO_2025-03-18_G41,10109564LQBUENO,2025-03-18,121760,1,29,0,362.0
10109564LQBUENO_2025-03-18_G42,10109564LQBUENO,2025-03-18,121760,1,8,0,214.0
10109564LQBUENO_2025-03-18_G43,10109564LQBUENO,2025-03-18,124371,1,4,0,96.0
10109564LQBUENO_2025-03-18_G44,10109564LQBUENO,2025-03-18,123909,1,2,0,149.0
10109564LQBUENO_2025-03-18_G45,10109564LQBUENO,2025-03-18,124486,1,8,0,126.0
10109564LQBUENO_2025-03-18_G46,10109564LQBUENO,2025-03-18,122185,1,2,0,91.0
10109564LQBUENO_2025-03-18_G47,10109564LQBUENO,2025-03-18,124370,1,4,0,75.0
10109564LQBUENO_2025-03-18_G48,10109564LQBUENO,2025-03-18,122196,1,8,0,1363.0
10109564LQBUENO_2025-03-18_G49,10109564LQBUENO,2025-03-18,120028,1,13,0,157.0
10109564LQBUENO_2025-03-18_G50,10109564LQBUENO,2025-03-18,120028,1,3,0,58.0
10109564LQBUENO_2025-03-18_G51,10109564LQBUENO,2025-03-18,121760,1,12,0,320.0
10109564LQBUENO_2025-03-18_G52,10109564LQBUENO,2025-03-18,122962,1,6,0,283.0
10109564LQBUENO_2025-03-18_G53,10109564LQBUENO,2025-03-18,124248,1,37,0,373.0
10109564LQBUENO_2025-03-18_G54,10109564LQBUENO,2025-03-18,122673,1,6,0,335.0
10109564LQBUENO_2025-03-18_G55,10109564LQBUENO,2025-03-18,124486,1,10,0,69.0
10109564LQBUENO_2025-03-18_G56,10109564LQBUENO,2025-03-18,122673,1,3,0,188.0
10109564LQBUENO_2025-03-18_G57,10109564LQBUENO,2025-03-18,122673,1,16,0,293.0
10109564LQBUENO_2025-03-18_G58,10109564LQBUENO,2025-03-18,122962,1,26,0,436.0
10109564LQBUENO_2025-03-18_G59,10109564LQBUENO,2025-03-18,123911,1,13,0,256.0
10109564LQBUENO_2025-03-18_G60,10109564LQBUENO,2025-03-18,123947,1,3,0,154.0
10109564LQBUENO_2025-03-18_G61,10109564LQBUENO,2025-03-18,124476,1,8,0,204.0
10109564LQBUENO_2025-03-19_G02,10109564LQBUENO,2025-03-19,121760,1,30,0,963.0
10109564LQBUENO_2025-03-19_G03,10109564LQBUENO,2025-03-19,124370,1,8,0,450.0
10109564LQBUENO_2025-03-19_G05,10109564LQBUENO,2025-03-19,122962,1,250,0,83.0
10109564LQBUENO_2025-03-19_G06,10109564LQBUENO,2025-03-19,121651,1,3,0,425.0
10109564LQBUENO_2025-03-19_G07,10109564LQBUENO,2025-03-19,121651,1,13,0,175.0
10109564LQBUENO_2025-03-19_G08,10109564LQBUENO,2025-03-19,123909,1,4,0,470.0
10109564LQBUENO_2025-03-19_G09,10109564LQBUENO,2025-03-19,123345,1,5,0,169.0
10109564LQBUENO_2025-03-19_G10,10109564LQBUENO,2025-03-19,123344,1,12,0,217.0
10109564LQBUENO_2025-03-19_G11,10109564LQBUENO,2025-03-19,122983,1,84,0,2900.0
10109564LQBUENO_2025-03-19_G12,10109564LQBUENO,2025-03-19,122983,1,28,0,384.0
10109564LQBUENO_2025-03-19_G13,10109564LQBUENO,2025-03-19,122984,1,5,0,302.0
10109564LQBUENO_2025-03-19_G14,10109564LQBUENO,2025-03-19,124247,1,20,0,60.0
10109564LQBUENO_2025-03-19_G15,10109564LQBUENO,2025-03-19,121760,1,13,0,1247.0
10109564LQBUENO_2025-03-19_G16,10109564LQBUENO,2025-03-19,123344,1,2,0,160.0
10109564LQBUENO_2025-03-19_G17,10109564LQBUENO,2025-03-19,121651,1,12,0,38.0
10109564LQBUENO_2025-03-19_G18,10109564LQBUENO,2025-03-19,123345,1,2,0,69.0
10109564LQBUENO_2025-03-19_G19,10109564LQBUENO,2025-03-19,123909,1,14,0,303.0
10109564LQBUENO_2025-03-19_G21,10109564LQBUENO,2025-03-19,123345,1,7,0,214.0
10109564LQBUENO_2025-03-19_G22,10109564LQBUENO,2025-03-19,123343,1,8,0,519.0
10109564LQBUENO_2025-03-19_G23,10109564LQBUENO,2025-03-19,123344,1,12,0,466.0
10109564LQBUENO_2025-03-19_G25,10109564LQBUENO,2025-03-19,122962,1,100,0,35.0
10109564LQBUENO_2025-03-19_G26,10109564LQBUENO,2025-03-19,120028,1,100,0,1062.0
10109564LQBUENO_2025-03-20_G02,10109564LQBUENO,2025-03-20,124486,1,30,0,844.0
10109564LQBUENO_2025-03-20_G03,10109564LQBUENO,2025-03-20,"123345, 122962",2,22,17,372.0
10109564LQBUENO_2025-03-20_G04,10109564LQBUENO,2025-03-20,124248,1,3,0,241.0
10109564LQBUENO_2025-03-20_G05,10109564LQBUENO,2025-03-20,123909,1,8,0,119.0
10109564LQBUENO_2025-03-20_G06,10109564LQBUENO,2025-03-20,124486,1,12,0,158.0
10109564LQBUENO_2025-03-20_G07,10109564LQBUENO,2025-03-20,123153,1,20,0,158.0
10109564LQBUENO_2025-03-20_G08,10109564LQBUENO,2025-03-20,121760,1,10,0,156.0
10109564LQBUENO_2025-03-20_G09,10109564LQBUENO,2025-03-20,122673,1,34,0,524.0
10109564LQBUENO_2025-03-20_G10,10109564LQBUENO,2025-03-20,124486,1,1,0,48.0
10109564LQBUENO_2025-03-20_G11,10109564LQBUENO,2025-03-20,122647,1,12,0,167.0
10109564LQBUENO_2025-03-20_G12,10109564LQBUENO,2025-03-20,122673,1,20,0,180.0
10109564LQBUENO_2025-03-20_G13,10109564LQBUENO,2025-03-20,122962,1,8,0,221.0
10109564LQBUENO_2025-03-20_G14,10109564LQBUENO,2025-03-20,"124486, 123909",2,13,28,1155.0
10109564LQBUENO_2025-03-20_G15,10109564LQBUENO,2025-03-20,"122962, 122673, 122986",3,20,38,72.0
10109564LQBUENO_2025-03-20_G16,10109564LQBUENO,2025-03-20,123345,1,16,0,263.0
10109564LQBUENO_2025-03-20_G17,10109564LQBUENO,2025-03-20,124486,1,8,0,112.0
10109564LQBUENO_2025-03-20_G18,10109564LQBUENO,2025-03-20,124247,1,5,0,127.0
10109564LQBUENO_2025-03-20_G19,10109564LQBUENO,2025-03-20,123909,1,11,0,589.0
10109564LQBUENO_2025-03-20_G20,10109564LQBUENO,2025-03-20,"122984, 122185",2,65,26,93.0
10109564LQBUENO_2025-03-20_G21,10109564LQBUENO,2025-03-20,120339,1,8,0,120.0
10109564LQBUENO_2025-03-20_G23,10109564LQBUENO,2025-03-20,121651,1,5,0,99.0
10109564LQBUENO_2025-03-20_G24,10109564LQBUENO,2025-03-20,124486,1,26,0,420.0
10109564LQBUENO_2025-03-20_G25,10109564LQBUENO,2025-03-20,122673,1,13,0,183.0
10109564LQBUENO_2025-03-20_G26,10109564LQBUENO,2025-03-20,123520,1,12,0,267.0
10109564LQBUENO_2025-03-20_G27,10109564LQBUENO,2025-03-20,123909,1,34,0,474.0
10109564LQBUENO_2025-03-20_G28,10109564LQBUENO,2025-03-20,123345,1,6,0,618.0
10109564LQBUENO_2025-03-20_G29,10109564LQBUENO,2025-03-20,121760,1,10,0,114.0
10109564LQBUENO_2025-03-20_G30,10109564LQBUENO,2025-03-20,"122962, 122185",2,38,11,316.0
10109564LQBUENO_2025-03-20_G31,10109564LQBUENO,2025-03-20,124248,1,84,0,1681.0
10109564LQBUENO_2025-03-20_G32,10109564LQBUENO,2025-03-20,122986,1,7,0,383.0
10109564LQBUENO_2025-03-20_G33,10109564LQBUENO,2025-03-20,122962,1,130,0,2566.0
10109564LQBUENO_2025-03-20_G34,10109564LQBUENO,2025-03-20,120028,2,100,12,820.0
10109564LQBUENO_2025-03-20_G35,10109564LQBUENO,2025-03-20,"123822, 123909, 124248, 122986",4,57,57,2096.0
10109564LQBUENO_2025-03-21_G02,10109564LQBUENO,2025-03-21,121651,1,11,0,436.0
10109564LQBUENO_2025-03-21_G03,10109564LQBUENO,2025-03-21,123909,1,6,0,944.0
10109564LQBUENO_2025-03-21_G04,10109564LQBUENO,2025-03-21,123345,1,11,0,315.0
10109564LQBUENO_2025-03-21_G05,10109564LQBUENO,2025-03-21,123343,1,10,0,129.0
10109564LQBUENO_2025-03-21_G06,10109564LQBUENO,2025-03-21,"122185, 122983",2,24,26,834.0
10109564LQBUENO_2025-03-21_G08,10109564LQBUENO,2025-03-21,"122985, 122983, 121651, 122671, 124371, 124486, 123907, 122982, 122984, 121760, 124370",15,118,122,474.0
10109564LQBUENO_2025-03-21_G09,10109564LQBUENO,2025-03-21,"123344, 123313, 120339",6,113,61,833.0
10109564LQBUENO_2025-03-21_G10,10109564LQBUENO,2025-03-21,122985,1,4,0,1142.0
10109564LQBUENO_2025-03-21_G11,10109564LQBUENO,2025-03-21,"124248, 124247",2,8,13,39.0
10109564LQBUENO_2025-03-21_G12,10109564LQBUENO,2025-03-21,122188,1,6,0,1127.0
10109564LQBUENO_2025-03-21_G13,10109564LQBUENO,2025-03-21,122188,1,4,0,115.0
10109564LQBUENO_2025-03-21_G14,10109564LQBUENO,2025-03-21,124486,1,12,0,54.0
10109564LQBUENO_2025-03-21_G15,10109564LQBUENO,2025-03-21,124433,2,10,11,208.0
10109564LQBUENO_2025-03-21_G16,10109564LQBUENO,2025-03-21,122196,1,4,0,171.0
10109564LQBUENO_2025-03-21_G18,10109564LQBUENO,2025-03-21,123822,1,20,0,169.0
10109564LQBUENO_2025-03-21_G19,10109564LQBUENO,2025-03-21,122647,1,60,0,571.0
10109564LQBUENO_2025-03-21_G20,10109564LQBUENO,2025-03-21,121760,1,6,0,1568.0
10109564LQBUENO_2025-03-21_G21,10109564LQBUENO,2025-03-21,123344,2,57,13,745.0
10109564LQBUENO_2025-03-21_G22,10109564LQBUENO,2025-03-21,123344,1,14,0,352.0
10109564LQBUENO_2025-03-21_G23,10109564LQBUENO,2025-03-21,"123909, 121760",3,26,29,59.0
10109564LQBUENO_2025-03-21_G24,10109564LQBUENO,2025-03-21,123345,2,15,16,476.0
10109564LQBUENO_2025-03-21_G25,10109564LQBUENO,2025-03-21,"124486, 122962",2,14,28,208.0
10109564LQBUENO_2025-03-21_G26,10109564LQBUENO,2025-03-21,"121760, 124371",2,22,30,305.0
10109564LQBUENO_2025-03-21_G27,10109564LQBUENO,2025-03-21,123345,1,10,0,256.0
10109564LQBUENO_2025-03-21_G28,10109564LQBUENO,2025-03-21,123909,1,9,0,175.0
10109564LQBUENO_2025-03-21_G29,10109564LQBUENO,2025-03-21,123153,1,6,0,256.0
10109564LQBUENO_2025-03-21_G30,10109564LQBUENO,2025-03-21,123909,1,10,0,134.0
10109564LQBUENO_2025-03-21_G31,10109564LQBUENO,2025-03-21,122988,1,36,0,663.0
10109564LQBUENO_2025-03-21_G32,10109564LQBUENO,2025-03-21,122988,1,11,0,243.0
10109564LQBUENO_2025-03-22_G02,10109564LQBUENO,2025-03-22,124247,1,108,0,2330.0
10109564LQBUENO_2025-03-22_G03,10109564LQBUENO,2025-03-22,122196,1,31,0,101.0
10109564LQBUENO_2025-03-22_G04,10109564LQBUENO,2025-03-22,122985,1,50,0,478.0
10109564LQBUENO_2025-03-22_G05,10109564LQBUENO,2025-03-22,122962,1,30,0,1067.0
10109564LQBUENO_2025-03-22_G06,10109564LQBUENO,2025-03-22,124486,1,36,0,502.0
10109564LQBUENO_2025-03-22_G07,10109564LQBUENO,2025-03-22,"122671, 123909",2,32,9,601.0
10109564LQBUENO_2025-03-22_G08,10109564LQBUENO,2025-03-22,122962,1,65,0,1124.0
10109564LQBUENO_2025-03-22_G09,10109564LQBUENO,2025-03-22,123343,1,4,0,200.0
10109564LQBUENO_2025-03-22_G10,10109564LQBUENO,2025-03-22,124370,1,6,0,1346.0
10109564LQBUENO_2025-03-22_G11,10109564LQBUENO,2025-03-22,"124248, 123822, 123909, 122982, 120339, 122984",6,38,42,45.0
10109564LQBUENO_2025-03-22_G12,10109564LQBUENO,2025-03-22,122981,1,24,0,1558.0
10109564LQBUENO_2025-03-22_G13,10109564LQBUENO,2025-03-22,122981,1,8,0,49.0
10109564LQBUENO_2025-03-22_G14,10109564LQBUENO,2025-03-22,120339,1,2,0,126.0
10109564LQBUENO_2025-03-22_G15,10109564LQBUENO,2025-03-22,120339,3,16,35,92.0
10109564LQBUENO_2025-03-22_G16,10109564LQBUENO,2025-03-22,120339,1,12,0,42.0
10109564LQBUENO_2025-03-22_G17,10109564LQBUENO,2025-03-22,122985,1,12,0,653.0
10109564LQBUENO_2025-03-22_G18,10109564LQBUENO,2025-03-22,122985,3,18,18,90.0
10109564LQBUENO_2025-03-22_G19,10109564LQBUENO,2025-03-22,124247,1,44,0,53.0
10109564LQBUENO_2025-03-22_G20,10109564LQBUENO,2025-03-22,124247,1,19,0,51.0
10109564LQBUENO_2025-03-22_G21,10109564LQBUENO,2025-03-22,122983,1,11,0,108.0
10109564LQBUENO_2025-03-22_G22,10109564LQBUENO,2025-03-22,124475,1,30,0,1034.0
10109564LQBUENO_2025-03-22_G23,10109564LQBUENO,2025-03-22,124476,1,10,0,439.0
10109564LQBUENO_2025-03-22_G24,10109564LQBUENO,2025-03-22,124486,1,120,0,2102.0
10109564LQBUENO_2025-03-22_G25,10109564LQBUENO,2025-03-22,120339,1,12,0,389.0
10109564LQBUENO_2025-03-22_G26,10109564LQBUENO,2025-03-22,120339,1,2,0,548.0
10109564LQBUENO_2025-03-22_G27,10109564LQBUENO,2025-03-22,"124370, 120339",2,70,10,1770.0
10109564LQBUENO_2025-03-22_G28,10109564LQBUENO,2025-03-22,121760,1,14,0,35.0
10109564LQBUENO_2025-03-22_G30,10109564LQBUENO,2025-03-22,124486,1,8,0,482.0
10109564LQBUENO_2025-03-22_G31,10109564LQBUENO,2025-03-22,"124248, 122673",2,24,14,322.0
10109564LQBUENO_2025-03-22_G32,10109564LQBUENO,2025-03-22,123153,1,8,0,100.0
10109564LQBUENO_2025-03-22_G33,10109564LQBUENO,2025-03-22,124247,1,2,0,42.0
10109564LQBUENO_2025-03-22_G34,10109564LQBUENO,2025-03-22,122673,1,6,0,493.0
10109564LQBUENO_2025-03-22_G35,10109564LQBUENO,2025-03-22,122647,1,6,0,133.0
10109564LQBUENO_2025-03-22_G36,10109564LQBUENO,2025-03-22,123343,2,9,6,193.0
10109564LQBUENO_2025-03-22_G37,10109564LQBUENO,2025-03-22,122673,1,22,0,634.0
10109564LQBUENO_2025-03-22_G38,10109564LQBUENO,2025-03-22,122985,1,12,0,310.0
10109564LQBUENO_2025-03-22_G39,10109564LQBUENO,2025-03-22,123080,1,30,0,292.0
10109564LQBUENO_2025-03-22_G40,10109564LQBUENO,2025-03-22,"120272, 124247, 124248",3,26,30,967.0
10109564LQBUENO_2025-03-22_G41,10109564LQBUENO,2025-03-22,124486,1,22,0,63.0
10109564LQBUENO_2025-03-22_G42,10109564LQBUENO,2025-03-22,122984,1,56,0,1195.0
10109564LQBUENO_2025-03-24_G02,10109564LQBUENO,2025-03-24,"121651, 122185",2,6,12,610.0
10109564LQBUENO_2025-03-24_G03,10109564LQBUENO,2025-03-24,122988,1,2,0,117.0
10109564LQBUENO_2025-03-24_G04,10109564LQBUENO,2025-03-24,121760,1,6,0,365.0
10109564LQBUENO_2025-03-24_G05,10109564LQBUENO,2025-03-24,123344,1,6,0,326.0
10109564LQBUENO_2025-03-24_G06,10109564LQBUENO,2025-03-24,123345,1,4,0,123.0
10109564LQBUENO_2025-03-24_G07,10109564LQBUENO,2025-03-24,123343,1,3,0,137.0
10109564LQBUENO_2025-03-24_G08,10109564LQBUENO,2025-03-24,"120008, 120287",2,49,16,2589.0
10109564LQBUENO_2025-03-24_G09,10109564LQBUENO,2025-03-24,122185,1,8,0,355.0
10109564LQBUENO_2025-03-24_G10,10109564LQBUENO,2025-03-24,124248,2,8,6,44.0
10109564LQBUENO_2025-03-24_G11,10109564LQBUENO,2025-03-24,123911,1,2,0,320.0
10109564LQBUENO_2025-03-24_G12,10109564LQBUENO,2025-03-24,122962,1,47,0,698.0
10109564LQBUENO_2025-03-24_G13,10109564LQBUENO,2025-03-24,120339,1,4,0,338.0
10109564LQBUENO_2025-03-24_G14,10109564LQBUENO,2025-03-24,122671,1,48,0,2348.0
10109564LQBUENO_2025-03-24_G15,10109564LQBUENO,2025-03-24,122673,1,32,0,740.0
10109564LQBUENO_2025-03-24_G16,10109564LQBUENO,2025-03-24,122962,1,40,0,570.0
10109564LQBUENO_2025-03-24_G17,10109564LQBUENO,2025-03-24,123343,1,5,0,143.0
10109564LQBUENO_2025-03-24_G18,10109564LQBUENO,2025-03-24,122673,1,4,0,290.0
10109564LQBUENO_2025-03-24_G20,10109564LQBUENO,2025-03-24,122647,1,6,0,55.0
10109564LQBUENO_2025-03-24_G21,10109564LQBUENO,2025-03-24,124248,1,8,0,125.0
10109564LQBUENO_2025-03-24_G22,10109564LQBUENO,2025-03-24,123343,1,11,0,1003.0
10109564LQBUENO_2025-03-24_G23,10109564LQBUENO,2025-03-24,122962,1,4,0,833.0
10109564LQBUENO_2025-03-24_G24,10109564LQBUENO,2025-03-24,"124248, 124486",2,6,20,99.0
10109564LQBUENO_2025-03-24_G25,10109564LQBUENO,2025-03-24,124247,1,2,0,73.0
10109564LQBUENO_2025-03-24_G26,10109564LQBUENO,2025-03-24,123822,1,11,0,204.0
10109564LQBUENO_2025-03-24_G27,10109564LQBUENO,2025-03-24,123081,1,1,0,162.0
10109564LQBUENO_2025-03-24_G28,10109564LQBUENO,2025-03-24,124248,1,20,0,133.0
10109564LQBUENO_2025-03-24_G29,10109564LQBUENO,2025-03-24,124486,1,50,0,207.0
10109564LQBUENO_2025-03-24_G30,10109564LQBUENO,2025-03-24,124486,1,6,0,704.0
10109564LQBUENO_2025-03-24_G31,10109564LQBUENO,2025-03-24,124486,1,12,0,48.0
10109564LQBUENO_2025-03-24_G32,10109564LQBUENO,2025-03-24,122984,1,25,0,46.0
10109564LQBUENO_2025-03-24_G33,10109564LQBUENO,2025-03-24,122984,1,8,0,44.0
10109564LQBUENO_2025-03-24_G34,10109564LQBUENO,2025-03-24,123947,1,2,0,780.0
10109564LQBUENO_2025-03-24_G35,10109564LQBUENO,2025-03-24,123343,1,4,0,52.0
10109564LQBUENO_2025-03-24_G36,10109564LQBUENO,2025-03-24,124486,1,40,0,146.0
10109564LQBUENO_2025-03-24_G37,10109564LQBUENO,2025-03-24,122962,1,50,0,383.0
10109564LQBUENO_2025-03-24_G38,10109564LQBUENO,2025-03-24,123345,1,10,0,461.0
10109564LQBUENO_2025-03-24_G39,10109564LQBUENO,2025-03-24,123343,1,10,0,130.0
10109564LQBUENO_2025-03-24_G41,10109564LQBUENO,2025-03-24,122962,1,10,0,169.0
10109564LQBUENO_2025-03-24_G42,10109564LQBUENO,2025-03-24,122647,1,12,0,61.0
10109564LQBUENO_2025-03-24_G43,10109564LQBUENO,2025-03-24,123822,1,10,0,220.0
10109564LQBUENO_2025-03-24_G44,10109564LQBUENO,2025-03-24,122673,2,10,10,75.0
10109564LQBUENO_2025-03-24_G45,10109564LQBUENO,2025-03-24,122673,1,10,0,69.0
10109564LQBUENO_2025-03-24_G46,10109564LQBUENO,2025-03-24,122984,1,14,0,160.0
10109564LQBUENO_2025-03-24_G47,10109564LQBUENO,2025-03-24,123153,1,2,0,196.0
10109564LQBUENO_2025-03-24_G48,10109564LQBUENO,2025-03-24,123345,1,4,0,53.0
10109564LQBUENO_2025-03-24_G49,10109564LQBUENO,2025-03-24,122962,1,10,0,142.0
10109564LQBUENO_2025-03-24_G50,10109564LQBUENO,2025-03-24,122647,1,12,0,87.0
10109564LQBUENO_2025-03-24_G51,10109564LQBUENO,2025-03-24,122673,1,10,0,204.0
10109564LQBUENO_2025-03-24_G52,10109564LQBUENO,2025-03-24,"123153, 122673",2,16,25,278.0
10109564LQBUENO_2025-03-24_G53,10109564LQBUENO,2025-03-24,122985,1,63,0,452.0
10109564LQBUENO_2025-03-24_G54,10109564LQBUENO,2025-03-24,123345,1,50,0,398.0
10109564LQBUENO_2025-03-24_G55,10109564LQBUENO,2025-03-24,124247,1,50,0,624.0
10109564LQBUENO_2025-03-25_G02,10109564LQBUENO,2025-03-25,120389,1,55,0,682.0
10109564LQBUENO_2025-03-25_G03,10109564LQBUENO,2025-03-25,124248,1,6,0,116.0
10109564LQBUENO_2025-03-25_G04,10109564LQBUENO,2025-03-25,122984,1,12,0,90.0
10109564LQBUENO_2025-03-25_G05,10109564LQBUENO,2025-03-25,123909,1,26,0,348.0
10109564LQBUENO_2025-03-25_G06,10109564LQBUENO,2025-03-25,123153,1,1,0,1150.0
10109564LQBUENO_2025-03-25_G07,10109564LQBUENO,2025-03-25,123343,1,35,0,1788.0
10109564LQBUENO_2025-03-25_G08,10109564LQBUENO,2025-03-25,123153,1,1,0,453.0
10109564LQBUENO_2025-03-25_G09,10109564LQBUENO,2025-03-25,123153,1,50,0,125.0
10109564LQBUENO_2025-03-25_G10,10109564LQBUENO,2025-03-25,123345,1,150,0,39.0
10109564LQBUENO_2025-03-25_G11,10109564LQBUENO,2025-03-25,123343,1,20,0,374.0
10109564LQBUENO_2025-03-25_G12,10109564LQBUENO,2025-03-25,123520,1,6,0,726.0
10109564LQBUENO_2025-03-25_G13,10109564LQBUENO,2025-03-25,122983,1,26,0,390.0
10109564LQBUENO_2025-03-25_G14,10109564LQBUENO,2025-03-25,123313,2,14,7,500.0
10109564LQBUENO_2025-03-25_G15,10109564LQBUENO,2025-03-25,120389,1,5,0,62.0
10109564LQBUENO_2025-03-25_G16,10109564LQBUENO,2025-03-25,124476,1,24,0,202.0
10109564LQBUENO_2025-03-25_G17,10109564LQBUENO,2025-03-25,124486,1,30,0,273.0
10109564LQBUENO_2025-03-25_G18,10109564LQBUENO,2025-03-25,122185,1,40,0,600.0
10109564LQBUENO_2025-03-25_G19,10109564LQBUENO,2025-03-25,124247,1,28,0,562.0
10109564LQBUENO_2025-03-25_G20,10109564LQBUENO,2025-03-25,122986,1,4,0,243.0
10109564LQBUENO_2025-03-25_G21,10109564LQBUENO,2025-03-25,124370,1,18,0,177.0
10109564LQBUENO_2025-03-25_G22,10109564LQBUENO,2025-03-25,123947,1,10,0,688.0
10109564LQBUENO_2025-03-25_G23,10109564LQBUENO,2025-03-25,124247,1,20,0,633.0
10109564LQBUENO_2025-03-25_G24,10109564LQBUENO,2025-03-25,122983,1,8,0,110.0
10109564LQBUENO_2025-03-25_G25,10109564LQBUENO,2025-03-25,122962,1,50,0,290.0
10109564LQBUENO_2025-03-25_G26,10109564LQBUENO,2025-03-25,122647,1,120,0,1507.0
10109564LQBUENO_2025-03-25_G27,10109564LQBUENO,2025-03-25,124247,1,4,0,1140.0
10109564LQBUENO_2025-03-25_G28,10109564LQBUENO,2025-03-25,124486,1,20,0,159.0
10109564LQBUENO_2025-03-25_G29,10109564LQBUENO,2025-03-25,124248,1,4,0,72.0
10109564LQBUENO_2025-03-25_G30,10109564LQBUENO,2025-03-25,124248,1,2,0,63.0
10109564LQBUENO_2025-03-25_G31,10109564LQBUENO,2025-03-25,124247,1,6,0,151.0
10109564LQBUENO_2025-03-25_G32,10109564LQBUENO,2025-03-25,122962,1,4,0,67.0
10109564LQBUENO_2025-03-25_G34,10109564LQBUENO,2025-03-25,122647,1,2,0,83.0
10109564LQBUENO_2025-03-25_G35,10109564LQBUENO,2025-03-25,122673,1,6,0,123.0
10109564LQBUENO_2025-03-25_G36,10109564LQBUENO,2025-03-25,124248,1,18,0,173.0
10109564LQBUENO_2025-03-25_G37,10109564LQBUENO,2025-03-25,124247,1,54,0,566.0
10109564LQBUENO_2025-03-25_G38,10109564LQBUENO,2025-03-25,122673,1,4,0,94.0
10109564LQBUENO_2025-03-25_G39,10109564LQBUENO,2025-03-25,122984,1,4,0,317.0
10109564LQBUENO_2025-03-25_G40,10109564LQBUENO,2025-03-25,122984,1,4,0,207.0
10109564LQBUENO_2025-03-25_G41,10109564LQBUENO,2025-03-25,122962,1,16,0,477.0
10109564LQBUENO_2025-03-25_G42,10109564LQBUENO,2025-03-25,120028,1,20,0,343.0
10109564LQBUENO_2025-03-25_G43,10109564LQBUENO,2025-03-25,123343,1,2,0,682.0
10109564LQBUENO_2025-03-25_G44,10109564LQBUENO,2025-03-25,123344,1,6,0,541.0
10109564LQBUENO_2025-03-25_G45,10109564LQBUENO,2025-03-25,122983,1,8,0,73.0
10109564LQBUENO_2025-03-25_G46,10109564LQBUENO,2025-03-25,121923,1,6,0,175.0
10109564LQBUENO_2025-03-25_G47,10109564LQBUENO,2025-03-25,123561,1,16,0,89.0
10109564LQBUENO_2025-03-25_G48,10109564LQBUENO,2025-03-25,123344,1,2,0,808.0
10109564LQBUENO_2025-03-25_G49,10109564LQBUENO,2025-03-25,123344,1,8,0,51.0
10109564LQBUENO_2025-03-25_G50,10109564LQBUENO,2025-03-25,122703,1,4,0,172.0
10109564LQBUENO_2025-03-25_G51,10109564LQBUENO,2025-03-25,123313,1,16,0,257.0
10109564LQBUENO_2025-03-25_G52,10109564LQBUENO,2025-03-25,123153,1,24,0,314.0
10109564LQBUENO_2025-03-25_G53,10109564LQBUENO,2025-03-25,123153,1,24,0,115.0
10109564LQBUENO_2025-03-25_G54,10109564LQBUENO,2025-03-25,124264,1,48,0,444.0
10109564LQBUENO_2025-03-25_G55,10109564LQBUENO,2025-03-25,123344,1,8,0,517.0
10109564LQBUENO_2025-03-25_G56,10109564LQBUENO,2025-03-25,120271,1,2,0,186.0
10109564LQBUENO_2025-03-25_G57,10109564LQBUENO,2025-03-25,123521,1,6,0,120.0
10109564LQBUENO_2025-03-25_G58,10109564LQBUENO,2025-03-25,124247,1,4,0,231.0
10109564LQBUENO_2025-03-25_G59,10109564LQBUENO,2025-03-25,122647,1,16,0,38.0
10109564LQBUENO_2025-03-25_G60,10109564LQBUENO,2025-03-25,123153,1,8,0,229.0
10109564LQBUENO_2025-03-25_G61,10109564LQBUENO,2025-03-25,123560,1,1,0,282.0
10109564LQBUENO_2025-03-25_G62,10109564LQBUENO,2025-03-25,121651,1,100,0,621.0
10109564LQBUENO_2025-03-25_G63,10109564LQBUENO,2025-03-25,123344,1,30,0,862.0
10109564LQBUENO_2025-03-25_G64,10109564LQBUENO,2025-03-25,122984,1,8,0,517.0
10109564LQBUENO_2025-03-25_G65,10109564LQBUENO,2025-03-25,121760,1,22,0,355.0
10109564LQBUENO_2025-03-25_G66,10109564LQBUENO,2025-03-25,124476,1,20,0,225.0
10109564LQBUENO_2025-03-25_G67,10109564LQBUENO,2025-03-25,124371,1,70,0,877.0
10109564LQBUENO_2025-03-26_G03,10109564LQBUENO,2025-03-26,120287,1,75,0,2754.0
10109564LQBUENO_2025-03-26_G04,10109564LQBUENO,2025-03-26,122962,1,20,0,838.0
10109564LQBUENO_2025-03-26_G05,10109564LQBUENO,2025-03-26,122985,1,19,0,3596.0
10109564LQBUENO_2025-03-26_G07,10109564LQBUENO,2025-03-26,124371,1,8,0,130.0
10109564LQBUENO_2025-03-26_G08,10109564LQBUENO,2025-03-26,122983,1,10,0,204.0
10109564LQBUENO_2025-03-26_G09,10109564LQBUENO,2025-03-26,124486,1,6,0,98.0
10109564LQBUENO_2025-03-26_G10,10109564LQBUENO,2025-03-26,120028,1,10,0,272.0
10109564LQBUENO_2025-03-26_G11,10109564LQBUENO,2025-03-26,122671,1,6,0,383.0
10109564LQBUENO_2025-03-26_G12,10109564LQBUENO,2025-03-26,123345,1,6,0,86.0
10109564LQBUENO_2025-03-26_G13,10109564LQBUENO,2025-03-26,123344,1,16,0,653.0
10109564LQBUENO_2025-03-26_G14,10109564LQBUENO,2025-03-26,124486,1,10,0,76.0
10109564LQBUENO_2025-03-26_G15,10109564LQBUENO,2025-03-26,122985,1,30,0,72.0
10109564LQBUENO_2025-03-26_G16,10109564LQBUENO,2025-03-26,122185,1,66,0,913.0
10109564LQBUENO_2025-03-26_G17,10109564LQBUENO,2025-03-26,123343,1,4,0,677.0
10109564LQBUENO_2025-03-26_G18,10109564LQBUENO,2025-03-26,124486,1,15,0,45.0
10109564LQBUENO_2025-03-26_G19,10109564LQBUENO,2025-03-26,121760,1,8,0,255.0
10109564LQBUENO_2025-03-26_G20,10109564LQBUENO,2025-03-26,121651,1,8,0,179.0
10109564LQBUENO_2025-03-26_G21,10109564LQBUENO,2025-03-26,"120028, 121760",2,26,21,736.0
10109564LQBUENO_2025-03-26_G22,10109564LQBUENO,2025-03-26,123343,1,3,0,64.0
10109564LQBUENO_2025-03-27_G02,10109564LQBUENO,2025-03-27,121760,1,15,0,2177.0
10109564LQBUENO_2025-03-27_G03,10109564LQBUENO,2025-03-27,122962,1,8,0,65.0
10109564LQBUENO_2025-03-27_G04,10109564LQBUENO,2025-03-27,120028,1,6,0,53.0
10109564LQBUENO_2025-03-27_G05,10109564LQBUENO,2025-03-27,123521,1,2,0,61.0
10109564LQBUENO_2025-03-27_G06,10109564LQBUENO,2025-03-27,122185,1,14,0,463.0
10109564LQBUENO_2025-03-27_G07,10109564LQBUENO,2025-03-27,122671,1,2,0,150.0
10109564LQBUENO_2025-03-27_G08,10109564LQBUENO,2025-03-27,124371,1,3,0,44.0
10109564LQBUENO_2025-03-27_G09,10109564LQBUENO,2025-03-27,123080,1,1,0,82.0
10109564LQBUENO_2025-03-27_G10,10109564LQBUENO,2025-03-27,124476,1,4,0,111.0
10109564LQBUENO_2025-03-27_G11,10109564LQBUENO,2025-03-27,124370,1,14,0,925.0
10109564LQBUENO_2025-03-27_G12,10109564LQBUENO,2025-03-27,"124486, 122673, 120272",3,3,20,83.0
10109564LQBUENO_2025-03-27_G13,10109564LQBUENO,2025-03-27,124486,1,10,0,583.0
10109564LQBUENO_2025-03-27_G14,10109564LQBUENO,2025-03-27,123822,1,30,0,409.0
10109564LQBUENO_2025-03-27_G15,10109564LQBUENO,2025-03-27,122647,1,28,0,482.0
10109564LQBUENO_2025-03-27_G16,10109564LQBUENO,2025-03-27,122982,1,12,0,150.0
10109564LQBUENO_2025-03-27_G17,10109564LQBUENO,2025-03-27,124486,2,10,10,621.0
10109564LQBUENO_2025-03-27_G18,10109564LQBUENO,2025-03-27,122962,1,11,0,227.0
10109564LQBUENO_2025-03-27_G19,10109564LQBUENO,2025-03-27,124486,1,60,0,1801.0
10109564LQBUENO_2025-03-27_G20,10109564LQBUENO,2025-03-27,121760,1,60,0,542.0
10109564LQBUENO_2025-03-27_G21,10109564LQBUENO,2025-03-27,"123345, 123343",2,69,16,309.0
10109564LQBUENO_2025-03-27_G22,10109564LQBUENO,2025-03-27,123344,1,20,0,59.0
10109564LQBUENO_2025-03-27_G23,10109564LQBUENO,2025-03-27,122982,1,14,0,91.0
10109564LQBUENO_2025-03-27_G24,10109564LQBUENO,2025-03-27,121651,1,100,0,637.0
10109564LQBUENO_2025-03-27_G25,10109564LQBUENO,2025-03-27,122984,1,50,0,1756.0
10109564LQBUENO_2025-03-27_G26,10109564LQBUENO,2025-03-27,"122981, 120008",3,20,24,241.0
10109564LQBUENO_2025-03-27_G27,10109564LQBUENO,2025-03-27,123822,1,10,0,95.0
10109564LQBUENO_2025-03-27_G28,10109564LQBUENO,2025-03-27,122983,1,12,0,201.0
10109564LQBUENO_2025-03-27_G29,10109564LQBUENO,2025-03-27,122962,1,20,0,136.0
10109564LQBUENO_2025-03-27_G30,10109564LQBUENO,2025-03-27,124247,1,12,0,140.0
10109564LQBUENO_2025-03-27_G31,10109564LQBUENO,2025-03-27,124247,1,14,0,174.0
10109564LQBUENO_2025-03-27_G32,10109564LQBUENO,2025-03-27,122968,1,8,0,84.0
10109564LQBUENO_2025-03-27_G33,10109564LQBUENO,2025-03-27,122962,1,30,0,114.0
10109564LQBUENO_2025-03-27_G34,10109564LQBUENO,2025-03-27,122962,1,20,0,70.0
10109564LQBUENO_2025-03-27_G35,10109564LQBUENO,2025-03-27,122985,1,6,0,62.0
10109564LQBUENO_2025-03-27_G36,10109564LQBUENO,2025-03-27,123520,1,6,0,275.0
10109564LQBUENO_2025-03-27_G37,10109564LQBUENO,2025-03-27,"122673, 123344",3,12,20,213.0
10109564LQBUENO_2025-03-27_G38,10109564LQBUENO,2025-03-27,124370,1,62,0,784.0
10109564LQBUENO_2025-03-27_G40,10109564LQBUENO,2025-03-27,122647,1,10,0,96.0
10109564LQBUENO_2025-03-27_G41,10109564LQBUENO,2025-03-27,120028,1,12,0,245.0
10109564LQBUENO_2025-03-27_G42,10109564LQBUENO,2025-03-27,122647,2,24,16,72.0
10109564LQBUENO_2025-03-27_G43,10109564LQBUENO,2025-03-27,120028,1,24,0,490.0
10109564LQBUENO_2025-03-27_G44,10109564LQBUENO,2025-03-27,123822,1,26,0,320.0
10109564LQBUENO_2025-03-27_G45,10109564LQBUENO,2025-03-27,121760,1,18,0,369.0
10109564LQBUENO_2025-03-27_G46,10109564LQBUENO,2025-03-27,120389,1,12,0,3043.0
10109564LQBUENO_2025-03-27_G47,10109564LQBUENO,2025-03-27,122983,1,30,0,36.0
10109564LQBUENO_2025-03-27_G48,10109564LQBUENO,2025-03-27,120339,1,1,0,33.0
10109564LQBUENO_2025-03-27_G49,10109564LQBUENO,2025-03-27,"120271, 124247",2,14,27,36.0
10109564LQBUENO_2025-03-27_G50,10109564LQBUENO,2025-03-27,"122983, 123521, 122962, 124248, 122984",6,70,83,77.0
10109564LQBUENO_2025-03-27_G51,10109564LQBUENO,2025-03-27,"121928, 120028, 123822",3,39,23,373.0
10109564LQBUENO_2025-03-27_G52,10109564LQBUENO,2025-03-27,120028,1,18,0,81.0
10109564LQBUENO_2025-03-27_G53,10109564LQBUENO,2025-03-27,120028,2,39,11,379.0
10109564LQBUENO_2025-03-27_G54,10109564LQBUENO,2025-03-27,120389,1,3,0,232.0
10109564LQBUENO_2025-03-27_G55,10109564LQBUENO,2025-03-27,"121760, 123907",3,6,32,526.0
10109564LQBUENO_2025-03-27_G56,10109564LQBUENO,2025-03-27,121651,1,6,0,117.0
10109564LQBUENO_2025-03-27_G57,10109564LQBUENO,2025-03-27,122962,1,4,0,232.0
10109564LQBUENO_2025-03-27_G58,10109564LQBUENO,2025-03-27,123345,1,1,0,81.0
10109564LQBUENO_2025-03-27_G59,10109564LQBUENO,2025-03-27,123343,1,2,0,37.0
10109564LQBUENO_2025-03-27_G60,10109564LQBUENO,2025-03-27,122984,1,32,0,55.0
10109564LQBUENO_2025-03-27_G61,10109564LQBUENO,2025-03-27,124248,1,8,0,446.0
10109564LQBUENO_2025-03-27_G62,10109564LQBUENO,2025-03-27,124486,1,62,0,883.0
10109564LQBUENO_2025-03-27_G63,10109564LQBUENO,2025-03-27,124486,2,16,29,43.0
10109564LQBUENO_2025-03-27_G64,10109564LQBUENO,2025-03-27,124486,1,10,0,282.0
10109564LQBUENO_2025-03-27_G65,10109564LQBUENO,2025-03-27,123153,1,42,0,447.0
10109564LQBUENO_2025-03-27_G66,10109564LQBUENO,2025-03-27,"123153, 124486",2,20,28,225.0
10109564LQBUENO_2025-03-27_G67,10109564LQBUENO,2025-03-27,122962,1,16,0,196.0
10109564LQBUENO_2025-03-27_G68,10109564LQBUENO,2025-03-27,123889,1,4,0,371.0
10109564LQBUENO_2025-03-27_G69,10109564LQBUENO,2025-03-27,124486,1,4,0,89.0
10109564LQBUENO_2025-03-27_G70,10109564LQBUENO,2025-03-27,124486,1,6,0,32.0
10109564LQBUENO_2025-03-27_G71,10109564LQBUENO,2025-03-27,123153,1,64,0,579.0
10109564LQBUENO_2025-03-27_G72,10109564LQBUENO,2025-03-27,123153,1,2,0,162.0
10109564LQBUENO_2025-03-27_G73,10109564LQBUENO,2025-03-27,124486,1,10,0,45.0
10109564LQBUENO_2025-03-27_G74,10109564LQBUENO,2025-03-27,"120008, 124486",2,13,21,184.0
10109564LQBUENO_2025-03-27_G75,10109564LQBUENO,2025-03-27,123153,1,16,0,203.0
10109564LQBUENO_2025-03-28_G02,10109564LQBUENO,2025-03-28,124486,1,20,0,314.0
10109564LQBUENO_2025-03-28_G03,10109564LQBUENO,2025-03-28,123153,1,34,0,201.0
10109564LQBUENO_2025-03-28_G04,10109564LQBUENO,2025-03-28,123344,1,40,0,711.0
10109564LQBUENO_2025-03-28_G05,10109564LQBUENO,2025-03-28,"124247, 123345",2,42,20,303.0
10109564LQBUENO_2025-03-28_G06,10109564LQBUENO,2025-03-28,181056,1,2,0,220.0
10109564LQBUENO_2025-03-28_G07,10109564LQBUENO,2025-03-28,123153,1,6,0,619.0
10109564LQBUENO_2025-03-28_G08,10109564LQBUENO,2025-03-28,123153,1,50,0,466.0
10109564LQBUENO_2025-03-28_G09,10109564LQBUENO,2025-03-28,123153,1,62,0,557.0
10109564LQBUENO_2025-03-28_G10,10109564LQBUENO,2025-03-28,120389,1,45,0,1173.0
10109564LQBUENO_2025-03-28_G11,10109564LQBUENO,2025-03-28,123153,1,50,0,694.0
10109564LQBUENO_2025-03-28_G12,10109564LQBUENO,2025-03-28,120389,1,4,0,356.0
10109564LQBUENO_2025-03-28_G13,10109564LQBUENO,2025-03-28,121760,1,15,0,93.0
10109564LQBUENO_2025-03-28_G14,10109564LQBUENO,2025-03-28,123153,1,1,0,61.0
10109564LQBUENO_2025-03-28_G15,10109564LQBUENO,2025-03-28,123343,1,20,0,869.0
10109564LQBUENO_2025-03-28_G16,10109564LQBUENO,2025-03-28,123492,1,10,0,97.0
10109564LQBUENO_2025-03-28_G17,10109564LQBUENO,2025-03-28,120008,1,10,0,147.0
10109564LQBUENO_2025-03-28_G18,10109564LQBUENO,2025-03-28,122984,1,152,0,1600.0
10109564LQBUENO_2025-03-28_G19,10109564LQBUENO,2025-03-28,122185,1,16,0,925.0
10109564LQBUENO_2025-03-28_G20,10109564LQBUENO,2025-03-28,122988,1,18,0,126.0
10109564LQBUENO_2025-03-28_G21,10109564LQBUENO,2025-03-28,123909,1,4,0,239.0
10109564LQBUENO_2025-03-28_G22,10109564LQBUENO,2025-03-28,123909,1,20,0,104.0
10109564LQBUENO_2025-03-28_G23,10109564LQBUENO,2025-03-28,122988,3,15,37,375.0
10109564LQBUENO_2025-03-28_G24,10109564LQBUENO,2025-03-28,"122981, 121760",2,8,14,2443.0
10109564LQBUENO_2025-03-28_G25,10109564LQBUENO,2025-03-28,122983,1,8,0,237.0
10109564LQBUENO_2025-03-28_G26,10109564LQBUENO,2025-03-28,121760,1,6,0,158.0
10109564LQBUENO_2025-03-28_G27,10109564LQBUENO,2025-03-28,"123344, 124594",3,57,57,1303.0
10109564LQBUENO_2025-03-28_G28,10109564LQBUENO,2025-03-28,122671,1,100,0,204.0
10109564LQBUENO_2025-03-28_G30,10109564LQBUENO,2025-03-28,124475,1,4,0,85.0
10109564LQBUENO_2025-03-28_G31,10109564LQBUENO,2025-03-28,124476,1,4,0,74.0
10109564LQBUENO_2025-03-28_G32,10109564LQBUENO,2025-03-28,121651,1,15,0,68.0
10109564LQBUENO_2025-03-28_G33,10109564LQBUENO,2025-03-28,122673,1,2,0,703.0
10109564LQBUENO_2025-03-28_G34,10109564LQBUENO,2025-03-28,"123520, 123343",2,5,23,222.0
10109564LQBUENO_2025-03-28_G35,10109564LQBUENO,2025-03-28,124486,1,20,0,167.0
10109564LQBUENO_2025-03-28_G36,10109564LQBUENO,2025-03-28,122981,1,4,0,149.0
10109564LQBUENO_2025-03-28_G37,10109564LQBUENO,2025-03-28,123080,1,4,0,82.0
10109564LQBUENO_2025-03-28_G38,10109564LQBUENO,2025-03-28,122982,1,10,0,75.0
10109564LQBUENO_2025-03-28_G39,10109564LQBUENO,2025-03-28,124476,1,4,0,109.0
10109564LQBUENO_2025-03-28_G40,10109564LQBUENO,2025-03-28,121760,1,3,0,55.0
10109564LQBUENO_2025-03-28_G41,10109564LQBUENO,2025-03-28,122983,2,21,21,117.0
10109564LQBUENO_2025-03-28_G42,10109564LQBUENO,2025-03-28,123521,1,2,0,171.0
10109564LQBUENO_2025-03-28_G43,10109564LQBUENO,2025-03-28,124486,1,8,0,103.0
10109564LQBUENO_2025-03-28_G44,10109564LQBUENO,2025-03-28,121651,1,40,0,217.0
10109564LQBUENO_2025-03-28_G45,10109564LQBUENO,2025-03-28,122647,1,6,0,410.0
10109564LQBUENO_2025-03-28_G46,10109564LQBUENO,2025-03-28,122984,1,20,0,617.0
10109564LQBUENO_2025-03-28_G47,10109564LQBUENO,2025-03-28,121923,1,6,0,65.0
10109564LQBUENO_2025-03-28_G48,10109564LQBUENO,2025-03-28,121760,1,20,0,154.0
10109564LQBUENO_2025-03-28_G49,10109564LQBUENO,2025-03-28,123561,1,24,0,239.0
10109564LQBUENO_2025-03-28_G50,10109564LQBUENO,2025-03-28,120028,1,10,0,460.0
10109564LQBUENO_2025-03-28_G51,10109564LQBUENO,2025-03-28,122988,1,4,0,169.0
10109564LQBUENO_2025-03-28_G52,10109564LQBUENO,2025-03-28,122986,1,4,0,498.0
10109564LQBUENO_2025-03-28_G53,10109564LQBUENO,2025-03-28,122982,1,5,0,49.0
10109564LQBUENO_2025-03-28_G54,10109564LQBUENO,2025-03-28,121651,1,16,0,163.0
10109564LQBUENO_2025-03-28_G55,10109564LQBUENO,2025-03-28,120028,1,1,0,88.0
10109564LQBUENO_2025-03-28_G56,10109564LQBUENO,2025-03-28,122988,1,5,0,118.0
10109564LQBUENO_2025-03-28_G57,10109564LQBUENO,2025-03-28,"122988, 122982",7,35,74,79.0
10109564LQBUENO_2025-03-28_G58,10109564LQBUENO,2025-03-28,123343,2,10,19,238.0
10109564LQBUENO_2025-03-30_G02,10109564LQBUENO,2025-03-30,123032,1,16,0,303.0
10109564LQBUENO_2025-03-30_G03,10109564LQBUENO,2025-03-30,122985,1,6,0,93.0
10109564LQBUENO_2025-03-30_G04,10109564LQBUENO,2025-03-30,124486,1,20,0,286.0
10109564LQBUENO_2025-03-30_G05,10109564LQBUENO,2025-03-30,124594,1,4,0,236.0
10109564LQBUENO_2025-03-30_G06,10109564LQBUENO,2025-03-30,123345,1,2,0,216.0
10109564LQBUENO_2025-03-30_G07,10109564LQBUENO,2025-03-30,121651,1,7,0,1573.0
10109564LQBUENO_2025-03-30_G08,10109564LQBUENO,2025-03-30,123345,1,1,0,357.0
10109564LQBUENO_2025-03-30_G09,10109564LQBUENO,2025-03-30,123344,1,6,0,53.0
10109564LQBUENO_2025-03-30_G10,10109564LQBUENO,2025-03-30,121928,1,4,0,82.0
10109564LQBUENO_2025-03-30_G11,10109564LQBUENO,2025-03-30,121651,1,12,0,180.0
10109564LQBUENO_2025-03-30_G12,10109564LQBUENO,2025-03-30,123032,1,4,0,106.0
10109564LQBUENO_2025-03-30_G13,10109564LQBUENO,2025-03-30,124371,1,4,0,137.0
10109564LQBUENO_2025-03-30_G14,10109564LQBUENO,2025-03-30,124475,1,2,0,48.0
10109564LQBUENO_2025-03-30_G15,10109564LQBUENO,2025-03-30,121651,1,12,0,225.0
10109564LQBUENO_2025-03-30_G16,10109564LQBUENO,2025-03-30,"121760, 123345",2,10,16,80.0
10109564LQBUENO_2025-03-30_G17,10109564LQBUENO,2025-03-30,124371,1,8,0,196.0
10109564LQBUENO_2025-03-30_G18,10109564LQBUENO,2025-03-30,124475,1,4,0,59.0
10109564LQBUENO_2025-03-30_G19,10109564LQBUENO,2025-03-30,121651,1,8,0,54.0
10109564LQBUENO_2025-03-30_G20,10109564LQBUENO,2025-03-30,120339,1,2,0,94.0
10109564LQBUENO_2025-03-30_G21,10109564LQBUENO,2025-03-30,121760,1,6,0,222.0
10109564LQBUENO_2025-03-30_G22,10109564LQBUENO,2025-03-30,121651,1,1,0,35.0
10109564LQBUENO_2025-03-30_G23,10109564LQBUENO,2025-03-30,121760,1,15,0,230.0
10109564LQBUENO_2025-03-30_G24,10109564LQBUENO,2025-03-30,124371,1,10,0,74.0
10109564LQBUENO_2025-03-30_G25,10109564LQBUENO,2025-03-30,121651,1,16,0,82.0
10109564LQBUENO_2025-03-30_G26,10109564LQBUENO,2025-03-30,122647,1,20,0,551.0
10109564LQBUENO_2025-03-30_G27,10109564LQBUENO,2025-03-30,123344,1,18,0,630.0
10109564LQBUENO_2025-03-30_G28,10109564LQBUENO,2025-03-30,123153,1,50,0,1017.0
10109564LQBUENO_2025-03-30_G29,10109564LQBUENO,2025-03-30,123032,1,32,0,78.0
10109564LQBUENO_2025-03-30_G30,10109564LQBUENO,2025-03-30,121928,1,4,0,326.0
10109564LQBUENO_2025-03-30_G31,10109564LQBUENO,2025-03-30,121760,2,16,10,220.0
10109564LQBUENO_2025-03-30_G32,10109564LQBUENO,2025-03-30,123822,1,3,0,290.0
10109564LQBUENO_2025-03-30_G33,10109564LQBUENO,2025-03-30,122703,1,1,0,80.0
10109564LQBUENO_2025-03-30_G34,10109564LQBUENO,2025-03-30,122983,2,16,10,209.0
10109564LQBUENO_2025-03-30_G35,10109564LQBUENO,2025-03-30,124486,2,20,5,157.0
10109564LQBUENO_2025-03-30_G36,10109564LQBUENO,2025-03-30,122185,1,20,0,653.0
10109564LQBUENO_2025-03-30_G37,10109564LQBUENO,2025-03-30,122984,1,30,0,400.0
10109564LQBUENO_2025-03-30_G38,10109564LQBUENO,2025-03-30,124486,1,10,0,176.0
10109564LQBUENO_2025-03-30_G39,10109564LQBUENO,2025-03-30,123822,1,14,0,149.0
10109564LQBUENO_2025-03-30_G40,10109564LQBUENO,2025-03-30,123032,1,16,0,217.0
10109564LQBUENO_2025-03-30_G41,10109564LQBUENO,2025-03-30,122984,1,7,0,78.0
10109564LQBUENO_2025-03-30_G42,10109564LQBUENO,2025-03-30,123032,2,10,8,394.0
10109564LQBUENO_2025-03-30_G43,10109564LQBUENO,2025-03-30,124371,1,8,0,261.0
10109564LQBUENO_2025-03-30_G44,10109564LQBUENO,2025-03-30,124475,1,4,0,340.0
10109564LQBUENO_2025-03-30_G45,10109564LQBUENO,2025-03-30,121651,1,20,0,400.0
10109564LQBUENO_2025-03-30_G47,10109564LQBUENO,2025-03-30,"121760, 124371",2,12,10,145.0
10109564LQBUENO_2025-03-30_G48,10109564LQBUENO,2025-03-30,124475,1,4,0,90.0
10109564LQBUENO_2025-03-30_G49,10109564LQBUENO,2025-03-30,121651,1,3,0,121.0
10109564LQBUENO_2025-03-30_G50,10109564LQBUENO,2025-03-30,123344,1,3,0,68.0
10109564LQBUENO_2025-03-30_G51,10109564LQBUENO,2025-03-30,121760,1,20,0,255.0
10109564LQBUENO_2025-03-30_G52,10109564LQBUENO,2025-03-30,123343,1,3,0,203.0
10109564LQBUENO_2025-03-30_G53,10109564LQBUENO,2025-03-30,124247,2,14,11,195.0
10109564LQBUENO_2025-03-30_G54,10109564LQBUENO,2025-03-30,122647,1,6,0,228.0
10109564LQBUENO_2025-03-30_G55,10109564LQBUENO,2025-03-30,124264,1,6,0,195.0
10109564LQBUENO_2025-03-30_G56,10109564LQBUENO,2025-03-30,124264,1,8,0,39.0
10109564LQBUENO_2025-03-30_G57,10109564LQBUENO,2025-03-30,123889,1,4,0,175.0
10109564LQBUENO_2025-03-30_G58,10109564LQBUENO,2025-03-30,124486,1,13,0,346.0
10109564LQBUENO_2025-03-30_G59,10109564LQBUENO,2025-03-30,122647,1,40,0,429.0
10109564LQBUENO_2025-03-30_G60,10109564LQBUENO,2025-03-30,123153,1,26,0,508.0
10109564LQBUENO_2025-03-30_G61,10109564LQBUENO,2025-03-30,123345,1,4,0,228.0
10109564LQBUENO_2025-03-30_G62,10109564LQBUENO,2025-03-30,120389,1,26,0,203.0
10109564LQBUENO_2025-03-30_G63,10109564LQBUENO,2025-03-30,123345,1,2,0,217.0
10109564LQBUENO_2025-03-30_G64,10109564LQBUENO,2025-03-30,124248,1,20,0,202.0
10109564LQBUENO_2025-03-30_G65,10109564LQBUENO,2025-03-30,"122647, 124486, 123345",3,16,43,124.0
10109564LQBUENO_2025-03-30_G66,10109564LQBUENO,2025-03-30,123153,1,16,0,285.0
10109564LQBUENO_2025-03-30_G67,10109564LQBUENO,2025-03-30,121760,1,18,0,650.0
10109564LQBUENO_2025-03-30_G68,10109564LQBUENO,2025-03-30,124371,1,4,0,192.0
10109564LQBUENO_2025-03-30_G69,10109564LQBUENO,2025-03-30,124475,1,4,0,232.0
10109564LQBUENO_2025-03-30_G70,10109564LQBUENO,2025-03-30,123561,1,6,0,159.0
10109564LQBUENO_2025-03-30_G71,10109564LQBUENO,2025-03-30,121651,1,8,0,368.0
10109564LQBUENO_2025-03-30_G72,10109564LQBUENO,2025-03-30,123909,1,4,0,725.0
10109564LQBUENO_2025-03-30_G73,10109564LQBUENO,2025-03-30,121760,1,14,0,365.0
10109564LQBUENO_2025-03-30_G74,10109564LQBUENO,2025-03-30,124371,1,10,0,158.0
10109564LQBUENO_2025-03-31_G02,10109564LQBUENO,2025-03-31,123344,1,9,0,430.0
10109564LQBUENO_2025-03-31_G03,10109564LQBUENO,2025-03-31,121651,1,10,0,234.0
10109564LQBUENO_2025-03-31_G04,10109564LQBUENO,2025-03-31,123344,1,11,0,250.0
10109564LQBUENO_2025-03-31_G05,10109564LQBUENO,2025-03-31,"122673, 123889",2,16,12,433.0
10109564LQBUENO_2025-03-31_G06,10109564LQBUENO,2025-03-31,123947,1,10,0,241.0
10109564LQBUENO_2025-03-31_G07,10109564LQBUENO,2025-03-31,123153,1,20,0,557.0
10109564LQBUENO_2025-03-31_G08,10109564LQBUENO,2025-03-31,123345,1,30,0,459.0
10109564LQBUENO_2025-03-31_G09,10109564LQBUENO,2025-03-31,124371,1,3,0,135.0
10109564LQBUENO_2025-03-31_G10,10109564LQBUENO,2025-03-31,124248,1,12,0,65.0
10109564LQBUENO_2025-03-31_G11,10109564LQBUENO,2025-03-31,122984,1,4,0,167.0
10109564LQBUENO_2025-03-31_G12,10109564LQBUENO,2025-03-31,120339,1,14,0,232.0
10109564LQBUENO_2025-03-31_G13,10109564LQBUENO,2025-03-31,121651,1,1,0,159.0
10109564LQBUENO_2025-03-31_G14,10109564LQBUENO,2025-03-31,123344,1,30,0,733.0
10109564LQBUENO_2025-03-31_G15,10109564LQBUENO,2025-03-31,123032,1,12,0,312.0
10109564LQBUENO_2025-03-31_G16,10109564LQBUENO,2025-03-31,122671,1,20,0,80.0
10109564LQBUENO_2025-03-31_G17,10109564LQBUENO,2025-03-31,120028,2,20,9,257.0
10109564LQBUENO_2025-03-31_G18,10109564LQBUENO,2025-03-31,122185,1,2,0,549.0
10109564LQBUENO_2025-03-31_G19,10109564LQBUENO,2025-03-31,"123343, 124248, 122671",4,68,43,2768.0
10109564LQBUENO_2025-03-31_G21,10109564LQBUENO,2025-03-31,124248,1,6,0,273.0
10109564LQBUENO_2025-03-31_G22,10109564LQBUENO,2025-03-31,124476,1,2,0,72.0
10109564LQBUENO_2025-03-31_G23,10109564LQBUENO,2025-03-31,121923,1,2,0,71.0
10109564LQBUENO_2025-03-31_G24,10109564LQBUENO,2025-03-31,122673,1,2,0,41.0
10109564LQBUENO_2025-03-31_G25,10109564LQBUENO,2025-03-31,123345,1,10,0,128.0
10109564LQBUENO_2025-03-31_G26,10109564LQBUENO,2025-03-31,123344,1,14,0,574.0
10109564LQBUENO_2025-03-31_G27,10109564LQBUENO,2025-03-31,123345,1,10,0,127.0
10109564LQBUENO_2025-03-31_G28,10109564LQBUENO,2025-03-31,"124486, 123947",2,9,28,403.0
10109564LQBUENO_2025-03-31_G29,10109564LQBUENO,2025-03-31,124486,1,40,0,585.0
10109564LQBUENO_2025-03-31_G30,10109564LQBUENO,2025-03-31,120272,1,4,0,429.0
10109564LQBUENO_2025-03-31_G31,10109564LQBUENO,2025-03-31,124371,1,8,0,70.0
10109564LQBUENO_2025-03-31_G32,10109564LQBUENO,2025-03-31,124248,1,5,0,123.0
10109564LQBUENO_2025-03-31_G33,10109564LQBUENO,2025-03-31,124475,1,12,0,243.0
10109564LQBUENO_2025-03-31_G34,10109564LQBUENO,2025-03-31,124476,1,8,0,71.0
10109564LQBUENO_2025-03-31_G35,10109564LQBUENO,2025-03-31,"123562, 123561",2,10,23,120.0
10109564LQBUENO_2025-03-31_G36,10109564LQBUENO,2025-03-31,121651,1,5,0,31.0
10109564LQBUENO_2025-03-31_G37,10109564LQBUENO,2025-03-31,123345,1,6,0,672.0
10109564LQBUENO_2025-03-31_G38,10109564LQBUENO,2025-03-31,124247,1,32,0,462.0
10109564LQBUENO_2025-03-31_G39,10109564LQBUENO,2025-03-31,123153,1,8,0,86.0
10109564LQBUENO_2025-03-31_G40,10109564LQBUENO,2025-03-31,122647,1,6,0,1930.0
10109564LQBUENO_2025-03-31_G41,10109564LQBUENO,2025-03-31,123344,1,3,0,1082.0
10109564LQBUENO_2025-03-31_G42,10109564LQBUENO,2025-03-31,122673,1,70,0,127.0
10109564LQBUENO_2025-03-31_G43,10109564LQBUENO,2025-03-31,121651,1,8,0,293.0
10109564LQBUENO_2025-03-31_G44,10109564LQBUENO,2025-03-31,123344,1,4,0,177.0
10109564LQBUENO_2025-03-31_G45,10109564LQBUENO,2025-03-31,121651,1,16,0,82.0
10109564LQBUENO_2025-03-31_G46,10109564LQBUENO,2025-03-31,122984,1,16,0,388.0
10109564LQBUENO_2025-03-31_G47,10109564LQBUENO,2025-03-31,121651,1,16,0,162.0
10109564LQBUENO_2025-03-31_G48,10109564LQBUENO,2025-03-31,123909,1,2,0,191.0
10109564LQBUENO_2025-03-31_G49,10109564LQBUENO,2025-03-31,123345,1,6,0,45.0
10109564LQBUENO_2025-03-31_G50,10109564LQBUENO,2025-03-31,123345,1,4,0,94.0
10109564LQBUENO_2025-03-31_G51,10109564LQBUENO,2025-03-31,121651,1,16,0,61.0
10109564LQBUENO_2025-03-31_G52,10109564LQBUENO,2025-03-31,123344,1,16,0,528.0
10109564LQBUENO_2025-03-31_G53,10109564LQBUENO,2025-03-31,122982,1,2,0,265.0
10109564LQBUENO_2025-03-31_G54,10109564LQBUENO,2025-03-31,121651,1,22,0,171.0
10109564LQBUENO_2025-03-31_G55,10109564LQBUENO,2025-03-31,123343,1,6,0,312.0
10109564LQBUENO_2025-03-31_G56,10109564LQBUENO,2025-03-31,124371,1,8,0,58.0
10109564LQBUENO_2025-03-31_G57,10109564LQBUENO,2025-03-31,122982,1,1,0,53.0
10109564LQBUENO_2025-03-31_G58,10109564LQBUENO,2025-03-31,124371,1,8,0,74.0
10109564LQBUENO_2025-03-31_G59,10109564LQBUENO,2025-03-31,122984,1,16,0,165.0
10109564LQBUENO_2025-04-07_G02,10109564LQBUENO,2025-04-07,181235,1,2,0,110.0
10109564LQBUENO_2025-04-07_G03,10109564LQBUENO,2025-04-07,181056,1,8,0,202.0
10109564LQBUENO_2025-04-07_G04,10109564LQBUENO,2025-04-07,181887,1,4,0,206.0
10109564LQBUENO_2025-04-07_G05,10109564LQBUENO,2025-04-07,180054,1,2,0,599.0
10109564LQBUENO_2025-04-07_G06,10109564LQBUENO,2025-04-07,120272,1,3,0,202.0
10109564LQBUENO_2025-04-07_G07,10109564LQBUENO,2025-04-07,124371,1,24,0,1151.0
10109564LQBUENO_2025-04-07_G08,10109564LQBUENO,2025-04-07,124371,1,24,0,38.0
10109564LQBUENO_2025-04-07_G10,10109564LQBUENO,2025-04-07,124370,1,4,0,287.0
10109564LQBUENO_2025-04-07_G11,10109564LQBUENO,2025-04-07,122986,1,4,0,159.0
10109564LQBUENO_2025-04-07_G12,10109564LQBUENO,2025-04-07,"122985, 123345",2,3,24,173.0
10109564LQBUENO_2025-04-07_G13,10109564LQBUENO,2025-04-07,122671,1,4,0,219.0
10109564LQBUENO_2025-04-07_G14,10109564LQBUENO,2025-04-07,121760,3,12,31,45.0
10109564LQBUENO_2025-04-07_G15,10109564LQBUENO,2025-04-07,"122981, 124371",2,6,30,304.0
10109564LQBUENO_2025-04-07_G16,10109564LQBUENO,2025-04-07,124371,1,20,0,111.0
10109564LQBUENO_2025-04-07_G17,10109564LQBUENO,2025-04-07,124476,2,10,7,268.0
10109564LQBUENO_2025-04-07_G18,10109564LQBUENO,2025-04-07,124475,1,6,0,190.0
10109564LQBUENO_2025-04-07_G19,10109564LQBUENO,2025-04-07,122984,1,2,0,906.0
10109564LQBUENO_2025-04-07_G20,10109564LQBUENO,2025-04-07,122962,2,21,25,535.0
10109564LQBUENO_2025-04-07_G21,10109564LQBUENO,2025-04-07,120339,1,4,0,52.0
10109564LQBUENO_2025-04-07_G22,10109564LQBUENO,2025-04-07,120339,1,5,0,266.0
10109564LQBUENO_2025-04-07_G23,10109564LQBUENO,2025-04-07,123344,1,10,0,284.0
10109564LQBUENO_2025-04-07_G24,10109564LQBUENO,2025-04-07,121760,1,4,0,66.0
10109564LQBUENO_2025-04-07_G25,10109564LQBUENO,2025-04-07,122981,1,4,0,70.0
10109564LQBUENO_2025-04-07_G26,10109564LQBUENO,2025-04-07,124247,1,7,0,90.0
10109564LQBUENO_2025-04-07_G27,10109564LQBUENO,2025-04-07,124248,1,10,0,125.0
10109564LQBUENO_2025-04-07_G28,10109564LQBUENO,2025-04-07,122982,1,2,0,112.0
10109564LQBUENO_2025-04-07_G29,10109564LQBUENO,2025-04-07,121923,1,2,0,120.0
10109564LQBUENO_2025-04-07_G30,10109564LQBUENO,2025-04-07,122983,1,10,0,134.0
10109564LQBUENO_2025-04-07_G31,10109564LQBUENO,2025-04-07,124486,1,10,0,176.0
10109564LQBUENO_2025-04-07_G32,10109564LQBUENO,2025-04-07,121651,1,20,0,399.0
10109564LQBUENO_2025-04-07_G33,10109564LQBUENO,2025-04-07,123345,1,6,0,228.0
10109564LQBUENO_2025-04-07_G34,10109564LQBUENO,2025-04-07,123343,1,8,0,172.0
10109564LQBUENO_2025-04-07_G35,10109564LQBUENO,2025-04-07,123344,1,50,0,1362.0
10109564LQBUENO_2025-04-08_G02,10109564LQBUENO,2025-04-08,122962,1,8,0,282.0
10109564LQBUENO_2025-04-08_G03,10109564LQBUENO,2025-04-08,181235,1,2,0,87.0
10109564LQBUENO_2025-04-08_G04,10109564LQBUENO,2025-04-08,181056,1,5,0,157.0
10109564LQBUENO_2025-04-08_G05,10109564LQBUENO,2025-04-08,180054,1,2,0,159.0
10109564LQBUENO_2025-04-08_G06,10109564LQBUENO,2025-04-08,181887,1,4,0,96.0
10109564LQBUENO_2025-04-08_G07,10109564LQBUENO,2025-04-08,122647,1,100,0,2170.0
10109564LQBUENO_2025-04-08_G08,10109564LQBUENO,2025-04-08,121760,1,16,0,130.0
10109564LQBUENO_2025-04-08_G09,10109564LQBUENO,2025-04-08,123345,1,8,0,125.0
10109564LQBUENO_2025-04-08_G10,10109564LQBUENO,2025-04-08,122647,1,70,0,706.0
10109564LQBUENO_2025-04-08_G11,10109564LQBUENO,2025-04-08,120028,1,30,0,380.0
10109564LQBUENO_2025-04-08_G12,10109564LQBUENO,2025-04-08,124264,1,215,0,1276.0
10109564LQBUENO_2025-04-08_G13,10109564LQBUENO,2025-04-08,124247,1,22,0,1952.0
10109564LQBUENO_2025-04-08_G14,10109564LQBUENO,2025-04-08,122673,1,10,0,161.0
10109564LQBUENO_2025-04-08_G15,10109564LQBUENO,2025-04-08,123343,1,40,0,593.0
10109564LQBUENO_2025-04-08_G16,10109564LQBUENO,2025-04-08,122986,1,4,0,275.0
10109564LQBUENO_2025-04-08_G17,10109564LQBUENO,2025-04-08,122981,1,8,0,111.0
10109564LQBUENO_2025-04-08_G18,10109564LQBUENO,2025-04-08,122962,1,4,0,171.0
10109564LQBUENO_2025-04-08_G19,10109564LQBUENO,2025-04-08,124264,1,50,0,422.0
10109564LQBUENO_2025-04-08_G20,10109564LQBUENO,2025-04-08,122962,1,8,0,422.0
10109564LQBUENO_2025-04-08_G21,10109564LQBUENO,2025-04-08,122673,1,20,0,211.0
10109564LQBUENO_2025-04-08_G22,10109564LQBUENO,2025-04-08,124486,1,40,0,370.0
10109564LQBUENO_2025-04-08_G23,10109564LQBUENO,2025-04-08,124486,1,40,0,580.0
10109564LQBUENO_2025-04-08_G24,10109564LQBUENO,2025-04-08,122962,1,16,0,69.0
10109564LQBUENO_2025-04-08_G25,10109564LQBUENO,2025-04-08,122962,1,20,0,804.0
10109564LQBUENO_2025-04-08_G26,10109564LQBUENO,2025-04-08,124486,1,20,0,491.0
10109564LQBUENO_2025-04-08_G27,10109564LQBUENO,2025-04-08,123345,1,8,0,249.0
10109564LQBUENO_2025-04-08_G28,10109564LQBUENO,2025-04-08,122986,1,2,0,613.0
10109564LQBUENO_2025-04-08_G29,10109564LQBUENO,2025-04-08,122962,1,3,0,52.0
10109564LQBUENO_2025-04-08_G30,10109564LQBUENO,2025-04-08,122982,1,4,0,170.0
10109564LQBUENO_2025-04-08_G31,10109564LQBUENO,2025-04-08,124248,1,7,0,172.0
10109564LQBUENO_2025-04-08_G32,10109564LQBUENO,2025-04-08,124475,1,5,0,99.0
10109564LQBUENO_2025-04-08_G33,10109564LQBUENO,2025-04-08,122983,1,6,0,141.0
10109564LQBUENO_2025-04-08_G34,10109564LQBUENO,2025-04-08,124486,1,7,0,180.0
10109564LQBUENO_2025-04-08_G36,10109564LQBUENO,2025-04-08,122985,1,7,0,115.0
10109564LQBUENO_2025-04-08_G37,10109564LQBUENO,2025-04-08,121651,1,8,0,174.0
10109564LQBUENO_2025-04-08_G38,10109564LQBUENO,2025-04-08,123345,1,3,0,82.0
10109564LQBUENO_2025-04-08_G39,10109564LQBUENO,2025-04-08,124248,1,13,0,98.0
10109564LQBUENO_2025-04-08_G40,10109564LQBUENO,2025-04-08,122983,1,4,0,33.0
10109564LQBUENO_2025-04-08_G41,10109564LQBUENO,2025-04-08,123909,1,2,0,77.0
10109564LQBUENO_2025-04-08_G42,10109564LQBUENO,2025-04-08,122962,1,4,0,670.0
10109564LQBUENO_2025-04-08_G43,10109564LQBUENO,2025-04-08,122671,1,16,0,38.0
10109564LQBUENO_2025-04-08_G44,10109564LQBUENO,2025-04-08,123345,1,6,0,74.0
10109564LQBUENO_2025-04-08_G45,10109564LQBUENO,2025-04-08,123344,1,6,0,125.0
10109564LQBUENO_2025-04-08_G46,10109564LQBUENO,2025-04-08,122985,1,6,0,97.0
10109564LQBUENO_2025-04-08_G47,10109564LQBUENO,2025-04-08,"122981, 124247",2,10,30,139.0
10109564LQBUENO_2025-04-08_G48,10109564LQBUENO,2025-04-08,124248,1,8,0,111.0
10109564LQBUENO_2025-04-08_G49,10109564LQBUENO,2025-04-08,122185,1,32,0,332.0
10109564LQBUENO_2025-04-08_G50,10109564LQBUENO,2025-04-08,122983,1,4,0,64.0
10109564LQBUENO_2025-04-08_G51,10109564LQBUENO,2025-04-08,122984,1,16,0,298.0
10109564LQBUENO_2025-04-08_G52,10109564LQBUENO,2025-04-08,120339,1,8,0,217.0
10109564LQBUENO_2025-04-08_G53,10109564LQBUENO,2025-04-08,123909,1,11,0,116.0
10109564LQBUENO_2025-04-08_G54,10109564LQBUENO,2025-04-08,124486,1,14,0,214.0
10109564LQBUENO_2025-04-08_G55,10109564LQBUENO,2025-04-08,180054,1,2,0,2145.0
10109564LQBUENO_2025-04-08_G56,10109564LQBUENO,2025-04-08,"122962, 122982",2,47,24,363.0
10109564LQBUENO_2025-04-08_G57,10109564LQBUENO,2025-04-08,124248,1,7,0,84.0
10109564LQBUENO_2025-04-08_G58,10109564LQBUENO,2025-04-08,124370,1,7,0,43.0
10109564LQBUENO_2025-04-08_G59,10109564LQBUENO,2025-04-08,123561,1,12,0,76.0
10109564LQBUENO_2025-04-08_G60,10109564LQBUENO,2025-04-08,122988,1,4,0,32.0
10109564LQBUENO_2025-04-08_G61,10109564LQBUENO,2025-04-08,121651,1,20,0,921.0
10109564LQBUENO_2025-04-08_G62,10109564LQBUENO,2025-04-08,"124476, 181235",2,10,29,237.0
10109564LQBUENO_2025-04-08_G63,10109564LQBUENO,2025-04-08,123521,1,4,0,259.0
10109564LQBUENO_2025-04-08_G64,10109564LQBUENO,2025-04-08,"121651, 124371, 122984",3,38,44,124.0
10109564LQBUENO_2025-04-08_G65,10109564LQBUENO,2025-04-08,181057,1,10,0,238.0
10109564LQBUENO_2025-04-08_G66,10109564LQBUENO,2025-04-08,124370,1,10,0,116.0
10109564LQBUENO_2025-04-09_G02,10109564LQBUENO,2025-04-09,122986,1,10,0,1450.0
10109564LQBUENO_2025-04-09_G03,10109564LQBUENO,2025-04-09,124248,1,10,0,201.0
10109564LQBUENO_2025-04-09_G04,10109564LQBUENO,2025-04-09,124370,1,15,0,117.0
10109564LQBUENO_2025-04-09_G05,10109564LQBUENO,2025-04-09,124486,1,40,0,301.0
10109564LQBUENO_2025-04-09_G06,10109564LQBUENO,2025-04-09,123909,1,10,0,80.0
10109564LQBUENO_2025-04-09_G07,10109564LQBUENO,2025-04-09,124486,1,30,0,70.0
10109564LQBUENO_2025-04-09_G08,10109564LQBUENO,2025-04-09,123909,1,10,0,261.0
10109564LQBUENO_2025-04-09_G09,10109564LQBUENO,2025-04-09,123153,1,20,0,159.0
10109564LQBUENO_2025-04-09_G10,10109564LQBUENO,2025-04-09,122962,1,13,0,159.0
10109564LQBUENO_2025-04-09_G11,10109564LQBUENO,2025-04-09,124486,1,6,0,344.0
10109564LQBUENO_2025-04-09_G12,10109564LQBUENO,2025-04-09,123909,3,10,14,44.0
10109564LQBUENO_2025-04-09_G13,10109564LQBUENO,2025-04-09,123822,1,12,0,163.0
10109564LQBUENO_2025-04-09_G14,10109564LQBUENO,2025-04-09,124486,1,30,0,280.0
10109564LQBUENO_2025-04-09_G15,10109564LQBUENO,2025-04-09,"123345, 123343",3,40,22,927.0
10109564LQBUENO_2025-04-09_G16,10109564LQBUENO,2025-04-09,124486,1,24,0,3470.0
10109564LQBUENO_2025-04-09_G17,10109564LQBUENO,2025-04-09,121760,1,20,0,347.0
10109564LQBUENO_2025-04-09_G18,10109564LQBUENO,2025-04-09,124371,2,44,13,50.0
10109564LQBUENO_2025-04-09_G19,10109564LQBUENO,2025-04-09,120389,1,12,0,639.0
10109564LQBUENO_2025-04-09_G20,10109564LQBUENO,2025-04-09,123344,1,30,0,725.0
10109564LQBUENO_2025-04-09_G21,10109564LQBUENO,2025-04-09,122985,1,6,0,1054.0
10109564LQBUENO_2025-04-09_G22,10109564LQBUENO,2025-04-09,"124370, 121651",2,104,5,61.0
10109564LQBUENO_2025-04-09_G23,10109564LQBUENO,2025-04-09,118179,1,8,0,386.0
10109564LQBUENO_2025-04-09_G25,10109564LQBUENO,2025-04-09,120271,1,2,0,73.0
10109564LQBUENO_2025-04-09_G26,10109564LQBUENO,2025-04-09,123561,1,6,0,119.0
10109564LQBUENO_2025-04-09_G27,10109564LQBUENO,2025-04-09,122983,1,10,0,93.0
10109564LQBUENO_2025-04-09_G28,10109564LQBUENO,2025-04-09,123344,1,6,0,111.0
10109564LQBUENO_2025-04-09_G29,10109564LQBUENO,2025-04-09,122983,1,4,0,127.0
10109564LQBUENO_2025-04-09_G30,10109564LQBUENO,2025-04-09,122985,1,12,0,187.0
10109564LQBUENO_2025-04-09_G31,10109564LQBUENO,2025-04-09,123562,1,4,0,93.0
10109564LQBUENO_2025-04-09_G32,10109564LQBUENO,2025-04-09,122983,1,12,0,461.0
10109564LQBUENO_2025-04-09_G33,10109564LQBUENO,2025-04-09,123561,1,80,0,859.0
10109564LQBUENO_2025-04-09_G34,10109564LQBUENO,2025-04-09,122983,1,8,0,143.0
10109564LQBUENO_2025-04-09_G35,10109564LQBUENO,2025-04-09,"122185, 122982",2,3,25,121.0
10109564LQBUENO_2025-04-09_G36,10109564LQBUENO,2025-04-09,123822,1,34,0,339.0
10109564LQBUENO_2025-04-09_G37,10109564LQBUENO,2025-04-09,"123909, 122983",2,24,23,564.0
10109564LQBUENO_2025-04-09_G38,10109564LQBUENO,2025-04-09,122983,1,20,0,84.0
10109564LQBUENO_2025-04-09_G39,10109564LQBUENO,2025-04-09,123909,1,2,0,337.0
10109564LQBUENO_2025-04-09_G40,10109564LQBUENO,2025-04-09,124248,1,64,0,336.0
10109564LQBUENO_2025-04-09_G41,10109564LQBUENO,2025-04-09,122983,1,13,0,145.0
10109564LQBUENO_2025-04-09_G42,10109564LQBUENO,2025-04-09,123343,1,4,0,106.0
10109564LQBUENO_2025-04-09_G43,10109564LQBUENO,2025-04-09,123909,1,2,0,64.0
10109564LQBUENO_2025-04-10_G02,10109564LQBUENO,2025-04-10,123153,1,30,0,463.0
10109564LQBUENO_2025-04-10_G03,10109564LQBUENO,2025-04-10,123153,1,12,0,137.0
10109564LQBUENO_2025-04-10_G04,10109564LQBUENO,2025-04-10,181280,1,1,0,166.0
10109564LQBUENO_2025-04-10_G05,10109564LQBUENO,2025-04-10,180024,1,6,0,229.0
10109564LQBUENO_2025-04-10_G06,10109564LQBUENO,2025-04-10,122981,1,10,0,958.0
10109564LQBUENO_2025-04-10_G07,10109564LQBUENO,2025-04-10,122703,1,40,0,648.0
10109564LQBUENO_2025-04-10_G08,10109564LQBUENO,2025-04-10,123521,1,8,0,1449.0
10109564LQBUENO_2025-04-10_G09,10109564LQBUENO,2025-04-10,122984,1,200,0,495.0
10109564LQBUENO_2025-04-10_G10,10109564LQBUENO,2025-04-10,123345,1,20,0,136.0
10109564LQBUENO_2025-04-10_G11,10109564LQBUENO,2025-04-10,123343,1,60,0,245.0
10109564LQBUENO_2025-04-10_G13,10109564LQBUENO,2025-04-10,123521,1,11,0,251.0
10109564LQBUENO_2025-04-10_G14,10109564LQBUENO,2025-04-10,122982,1,4,0,113.0
10109564LQBUENO_2025-04-10_G15,10109564LQBUENO,2025-04-10,122983,1,12,0,123.0
10109564LQBUENO_2025-04-10_G16,10109564LQBUENO,2025-04-10,123343,1,30,0,224.0
10109564LQBUENO_2025-04-10_G17,10109564LQBUENO,2025-04-10,124248,1,22,0,397.0
10109564LQBUENO_2025-04-10_G18,10109564LQBUENO,2025-04-10,122984,1,24,0,194.0
10109564LQBUENO_2025-04-10_G19,10109564LQBUENO,2025-04-10,123343,1,15,0,186.0
10109564LQBUENO_2025-04-10_G20,10109564LQBUENO,2025-04-10,122962,1,50,0,104.0
10109564LQBUENO_2025-04-10_G21,10109564LQBUENO,2025-04-10,122983,1,11,0,843.0
10109564LQBUENO_2025-04-10_G22,10109564LQBUENO,2025-04-10,124371,1,30,0,370.0
10109564LQBUENO_2025-04-10_G23,10109564LQBUENO,2025-04-10,124476,1,26,0,141.0
10109564LQBUENO_2025-04-10_G24,10109564LQBUENO,2025-04-10,124370,1,20,0,142.0
10109564LQBUENO_2025-04-10_G25,10109564LQBUENO,2025-04-10,124476,1,9,0,756.0
10109564LQBUENO_2025-04-10_G27,10109564LQBUENO,2025-04-10,"123153, 122647, 124486",3,32,25,585.0
10109564LQBUENO_2025-04-10_G28,10109564LQBUENO,2025-04-10,124486,1,4,0,215.0
10109564LQBUENO_2025-04-10_G29,10109564LQBUENO,2025-04-10,122962,1,20,0,444.0
10109564LQBUENO_2025-04-10_G30,10109564LQBUENO,2025-04-10,124247,1,18,0,456.0
10109564LQBUENO_2025-04-10_G31,10109564LQBUENO,2025-04-10,122982,1,20,0,754.0
10109564LQBUENO_2025-04-10_G32,10109564LQBUENO,2025-04-10,122984,1,60,0,1516.0
10109564LQBUENO_2025-04-10_G33,10109564LQBUENO,2025-04-10,122985,1,30,0,272.0
10109564LQBUENO_2025-04-10_G34,10109564LQBUENO,2025-04-10,123032,1,56,0,637.0
10109564LQBUENO_2025-04-10_G35,10109564LQBUENO,2025-04-10,123153,1,20,0,233.0
10109564LQBUENO_2025-04-10_G36,10109564LQBUENO,2025-04-10,123909,1,8,0,287.0
10109564LQBUENO_2025-04-10_G37,10109564LQBUENO,2025-04-10,123343,1,8,0,124.0
10109564LQBUENO_2025-04-10_G38,10109564LQBUENO,2025-04-10,124370,1,4,0,141.0
10109564LQBUENO_2025-04-10_G39,10109564LQBUENO,2025-04-10,120339,1,4,0,230.0
10109564LQBUENO_2025-04-10_G40,10109564LQBUENO,2025-04-10,123344,1,60,0,685.0
10109564LQBUENO_2025-04-10_G41,10109564LQBUENO,2025-04-10,122647,1,20,0,555.0
10109564LQBUENO_2025-04-10_G42,10109564LQBUENO,2025-04-10,120028,1,32,0,265.0
10109564LQBUENO_2025-04-10_G43,10109564LQBUENO,2025-04-10,123909,1,2,0,74.0
10109564LQBUENO_2025-04-10_G44,10109564LQBUENO,2025-04-10,122647,1,13,0,170.0
10109564LQBUENO_2025-04-10_G45,10109564LQBUENO,2025-04-10,124486,1,2,0,92.0
10109564LQBUENO_2025-04-10_G46,10109564LQBUENO,2025-04-10,123909,1,3,0,52.0
10109564LQBUENO_2025-04-10_G47,10109564LQBUENO,2025-04-10,124486,1,21,0,235.0
10109564LQBUENO_2025-04-10_G48,10109564LQBUENO,2025-04-10,180024,1,2,0,101.0
10109564LQBUENO_2025-04-10_G49,10109564LQBUENO,2025-04-10,124248,1,8,0,73.0
10109564LQBUENO_2025-04-10_G50,10109564LQBUENO,2025-04-10,122984,1,10,0,156.0
10109564LQBUENO_2025-04-10_G51,10109564LQBUENO,2025-04-10,123520,1,4,0,177.0
10109564LQBUENO_2025-04-11_G02,10109564LQBUENO,2025-04-11,122647,1,10,0,135.0
10109564LQBUENO_2025-04-11_G03,10109564LQBUENO,2025-04-11,120028,1,11,0,196.0
10109564LQBUENO_2025-04-11_G04,10109564LQBUENO,2025-04-11,120028,1,9,0,76.0
10109564LQBUENO_2025-04-11_G05,10109564LQBUENO,2025-04-11,122647,1,16,0,244.0
10109564LQBUENO_2025-04-11_G06,10109564LQBUENO,2025-04-11,122647,1,30,0,458.0
10109564LQBUENO_2025-04-11_G07,10109564LQBUENO,2025-04-11,180378,1,2,0,2130.0
10109564LQBUENO_2025-04-11_G08,10109564LQBUENO,2025-04-11,114647,1,4,0,408.0
10109564LQBUENO_2025-04-11_G09,10109564LQBUENO,2025-04-11,123343,1,6,0,2099.0
10109564LQBUENO_2025-04-11_G10,10109564LQBUENO,2025-04-11,123345,1,4,0,58.0
10109564LQBUENO_2025-04-11_G11,10109564LQBUENO,2025-04-11,"124370, 124248, 124247, 123080",4,74,44,87.0
10109564LQBUENO_2025-04-11_G12,10109564LQBUENO,2025-04-11,122985,1,2,0,40.0
10109564LQBUENO_2025-04-11_G13,10109564LQBUENO,2025-04-11,121760,1,12,0,82.0
10109564LQBUENO_2025-04-11_G14,10109564LQBUENO,2025-04-11,122703,1,4,0,196.0
10109564LQBUENO_2025-04-11_G15,10109564LQBUENO,2025-04-11,122185,1,4,0,96.0
10109564LQBUENO_2025-04-11_G16,10109564LQBUENO,2025-04-11,124475,1,8,0,81.0
10109564LQBUENO_2025-04-11_G17,10109564LQBUENO,2025-04-11,120339,1,4,0,41.0
10109564LQBUENO_2025-04-11_G18,10109564LQBUENO,2025-04-11,"121651, 122983",3,14,36,95.0
10109564LQBUENO_2025-04-11_G19,10109564LQBUENO,2025-04-11,"122962, 124476",2,5,30,105.0
10109564LQBUENO_2025-04-11_G20,10109564LQBUENO,2025-04-11,122185,1,2,0,84.0
10109564LQBUENO_2025-04-11_G21,10109564LQBUENO,2025-04-11,124370,1,40,0,314.0
10109564LQBUENO_2025-04-11_G22,10109564LQBUENO,2025-04-11,124475,1,6,0,35.0
10109564LQBUENO_2025-04-11_G23,10109564LQBUENO,2025-04-11,122983,1,2,0,37.0
10109564LQBUENO_2025-04-11_G24,10109564LQBUENO,2025-04-11,124476,1,2,0,124.0
10109564LQBUENO_2025-04-11_G25,10109564LQBUENO,2025-04-11,124475,1,14,0,228.0
10109564LQBUENO_2025-04-11_G26,10109564LQBUENO,2025-04-11,122983,1,4,0,52.0
10109564LQBUENO_2025-04-11_G27,10109564LQBUENO,2025-04-11,123343,1,10,0,303.0
10109564LQBUENO_2025-04-11_G29,10109564LQBUENO,2025-04-11,120008,1,200,0,75.0
10109564LQBUENO_2025-04-11_G31,10109564LQBUENO,2025-04-11,124248,1,30,0,193.0
10109564LQBUENO_2025-04-11_G32,10109564LQBUENO,2025-04-11,120339,1,36,0,2038.0
10109564LQBUENO_2025-04-11_G33,10109564LQBUENO,2025-04-11,124370,1,101,0,1101.0
10109564LQBUENO_2025-04-11_G34,10109564LQBUENO,2025-04-11,"124371, 124486",2,105,20,544.0
10109564LQBUENO_2025-04-11_G35,10109564LQBUENO,2025-04-11,181235,1,2,0,1142.0
10109564LQBUENO_2025-04-11_G36,10109564LQBUENO,2025-04-11,181056,1,6,0,224.0
10109564LQBUENO_2025-04-11_G37,10109564LQBUENO,2025-04-11,"181056, 122962",2,4,18,199.0
10109564LQBUENO_2025-04-11_G38,10109564LQBUENO,2025-04-11,123345,1,4,0,98.0
10109564LQBUENO_2025-04-11_G39,10109564LQBUENO,2025-04-11,123343,1,1,0,410.0
10109564LQBUENO_2025-04-11_G40,10109564LQBUENO,2025-04-11,123345,1,4,0,52.0
10109564LQBUENO_2025-04-11_G41,10109564LQBUENO,2025-04-11,123344,1,7,0,189.0
10109564LQBUENO_2025-04-11_G42,10109564LQBUENO,2025-04-11,121760,1,6,0,280.0
10109564LQBUENO_2025-04-11_G43,10109564LQBUENO,2025-04-11,122671,1,2,0,71.0
10109564LQBUENO_2025-04-11_G44,10109564LQBUENO,2025-04-11,122703,1,2,0,66.0
10109564LQBUENO_2025-04-11_G45,10109564LQBUENO,2025-04-11,124476,1,4,0,100.0
10109564LQBUENO_2025-04-11_G46,10109564LQBUENO,2025-04-11,121651,1,2,0,135.0
10109564LQBUENO_2025-04-11_G47,10109564LQBUENO,2025-04-11,124370,1,7,0,190.0
10109564LQBUENO_2025-04-11_G48,10109564LQBUENO,2025-04-11,122984,1,28,0,520.0
10109564LQBUENO_2025-04-11_G49,10109564LQBUENO,2025-04-11,123909,1,12,0,353.0
10109564LQBUENO_2025-04-11_G50,10109564LQBUENO,2025-04-11,124486,1,14,0,199.0
10109564LQBUENO_2025-04-11_G51,10109564LQBUENO,2025-04-11,121760,1,4,0,178.0
10109564LQBUENO_2025-04-11_G52,10109564LQBUENO,2025-04-11,124475,2,12,9,45.0
10109564LQBUENO_2025-04-12_G02,10109564LQBUENO,2025-04-12,121760,1,13,0,210.0
10109564LQBUENO_2025-04-12_G03,10109564LQBUENO,2025-04-12,122984,1,3,0,88.0
10109564LQBUENO_2025-04-12_G04,10109564LQBUENO,2025-04-12,123345,1,15,0,180.0
10109564LQBUENO_2025-04-12_G05,10109564LQBUENO,2025-04-12,124370,1,8,0,103.0
10109564LQBUENO_2025-04-12_G06,10109564LQBUENO,2025-04-12,123344,1,11,0,842.0
10109564LQBUENO_2025-04-12_G07,10109564LQBUENO,2025-04-12,124370,2,8,8,1280.0
10109564LQBUENO_2025-04-12_G08,10109564LQBUENO,2025-04-12,122673,1,8,0,511.0
10109564LQBUENO_2025-04-12_G09,10109564LQBUENO,2025-04-12,123909,1,10,0,70.0
10109564LQBUENO_2025-04-12_G10,10109564LQBUENO,2025-04-12,"123909, 123345, 123343",4,36,64,44.0
10109564LQBUENO_2025-04-12_G11,10109564LQBUENO,2025-04-12,121651,1,51,0,3139.0
10109564LQBUENO_2025-04-12_G12,10109564LQBUENO,2025-04-12,"121760, 122703, 124476, 122984, 124371",5,84,35,52.0
10109564LQBUENO_2025-04-12_G13,10109564LQBUENO,2025-04-12,123344,1,4,0,881.0
10109564LQBUENO_2025-04-12_G14,10109564LQBUENO,2025-04-12,124476,1,2,0,131.0
10109564LQBUENO_2025-04-12_G15,10109564LQBUENO,2025-04-12,122185,1,24,0,556.0
10109564LQBUENO_2025-04-12_G16,10109564LQBUENO,2025-04-12,122984,1,12,0,170.0
10109564LQBUENO_2025-04-12_G17,10109564LQBUENO,2025-04-12,121651,1,8,0,129.0
10109564LQBUENO_2025-04-12_G18,10109564LQBUENO,2025-04-12,120028,1,40,0,317.0
10109564LQBUENO_2025-04-12_G19,10109564LQBUENO,2025-04-12,122703,1,4,0,339.0
10109564LQBUENO_2025-04-12_G20,10109564LQBUENO,2025-04-12,124486,1,5,0,100.0
10109564LQBUENO_2025-04-12_G21,10109564LQBUENO,2025-04-12,122984,1,85,0,469.0
10109564LQBUENO_2025-04-12_G22,10109564LQBUENO,2025-04-12,122962,1,8,0,688.0
10109564LQBUENO_2025-04-12_G23,10109564LQBUENO,2025-04-12,124370,1,12,0,132.0
10109564LQBUENO_2025-04-12_G24,10109564LQBUENO,2025-04-12,122671,1,8,0,135.0
10109564LQBUENO_2025-04-12_G25,10109564LQBUENO,2025-04-12,122981,1,1,0,63.0
10109564LQBUENO_2025-04-12_G26,10109564LQBUENO,2025-04-12,122982,1,8,0,72.0
10109564LQBUENO_2025-04-12_G27,10109564LQBUENO,2025-04-12,122196,1,8,0,79.0
10109564LQBUENO_2025-04-12_G28,10109564LQBUENO,2025-04-12,123343,1,1,0,106.0
10109564LQBUENO_2025-04-12_G29,10109564LQBUENO,2025-04-12,124475,1,2,0,272.0
10109564LQBUENO_2025-04-12_G31,10109564LQBUENO,2025-04-12,124476,2,100,8,1096.0
10109564LQBUENO_2025-04-12_G32,10109564LQBUENO,2025-04-12,124475,1,158,0,2714.0
10109564LQBUENO_2025-04-12_G33,10109564LQBUENO,2025-04-12,123345,1,12,0,667.0
10109564LQBUENO_2025-04-12_G34,10109564LQBUENO,2025-04-12,121760,1,8,0,123.0
10109564LQBUENO_2025-04-12_G35,10109564LQBUENO,2025-04-12,121760,2,12,7,173.0
10109564LQBUENO_2025-04-12_G36,10109564LQBUENO,2025-04-12,121651,1,4,0,162.0
10109564LQBUENO_2025-04-12_G37,10109564LQBUENO,2025-04-12,123344,1,14,0,460.0
10109564LQBUENO_2025-04-14_G02,10109564LQBUENO,2025-04-14,122983,1,8,0,418.0
10109564LQBUENO_2025-04-14_G03,10109564LQBUENO,2025-04-14,123909,1,2,0,51.0
10109564LQBUENO_2025-04-14_G04,10109564LQBUENO,2025-04-14,122189,1,50,0,968.0
10109564LQBUENO_2025-04-14_G05,10109564LQBUENO,2025-04-14,122986,1,8,0,102.0
10109564LQBUENO_2025-04-14_G06,10109564LQBUENO,2025-04-14,124486,1,24,0,256.0
10109564LQBUENO_2025-04-14_G07,10109564LQBUENO,2025-04-14,122673,1,4,0,117.0
10109564LQBUENO_2025-04-14_G08,10109564LQBUENO,2025-04-14,121651,1,4,0,106.0
10109564LQBUENO_2025-04-14_G09,10109564LQBUENO,2025-04-14,120339,1,3,0,56.0
10109564LQBUENO_2025-04-14_G10,10109564LQBUENO,2025-04-14,123909,1,8,0,160.0
10109564LQBUENO_2025-04-14_G11,10109564LQBUENO,2025-04-14,123345,1,8,0,133.0
10109564LQBUENO_2025-04-14_G12,10109564LQBUENO,2025-04-14,123345,1,18,0,159.0
10109564LQBUENO_2025-04-14_G13,10109564LQBUENO,2025-04-14,181887,1,20,0,1497.0
10109564LQBUENO_2025-04-14_G14,10109564LQBUENO,2025-04-14,122671,1,28,0,342.0
10109564LQBUENO_2025-04-14_G15,10109564LQBUENO,2025-04-14,181887,1,4,0,176.0
10109564LQBUENO_2025-04-14_G16,10109564LQBUENO,2025-04-14,124486,1,10,0,81.0
10109564LQBUENO_2025-04-14_G17,10109564LQBUENO,2025-04-14,123345,1,10,0,62.0
10109564LQBUENO_2025-04-14_G18,10109564LQBUENO,2025-04-14,122985,1,4,0,186.0
10109564LQBUENO_2025-04-14_G19,10109564LQBUENO,2025-04-14,181887,1,4,0,93.0
10109564LQBUENO_2025-04-14_G20,10109564LQBUENO,2025-04-14,123345,1,12,0,91.0
10109564LQBUENO_2025-04-14_G21,10109564LQBUENO,2025-04-14,120028,1,2,0,120.0
10109564LQBUENO_2025-04-14_G22,10109564LQBUENO,2025-04-14,122984,1,25,0,521.0
10109564LQBUENO_2025-04-14_G23,10109564LQBUENO,2025-04-14,120339,1,12,0,45.0
10109564LQBUENO_2025-04-14_G24,10109564LQBUENO,2025-04-14,120339,1,11,0,363.0
10109564LQBUENO_2025-04-14_G25,10109564LQBUENO,2025-04-14,122984,1,43,0,1397.0
10109564LQBUENO_2025-04-14_G26,10109564LQBUENO,2025-04-14,122962,1,60,0,939.0
10109564LQBUENO_2025-04-14_G27,10109564LQBUENO,2025-04-14,120008,1,50,0,1818.0
10109564LQBUENO_2025-04-14_G28,10109564LQBUENO,2025-04-14,120339,1,8,0,492.0
10109564LQBUENO_2025-04-14_G29,10109564LQBUENO,2025-04-14,121651,1,20,0,37.0
10109564LQBUENO_2025-04-14_G30,10109564LQBUENO,2025-04-14,122985,1,6,0,73.0
10109564LQBUENO_2025-04-14_G31,10109564LQBUENO,2025-04-14,122962,1,12,0,117.0
10109564LQBUENO_2025-04-14_G32,10109564LQBUENO,2025-04-14,122962,1,12,0,457.0
10109564LQBUENO_2025-04-14_G33,10109564LQBUENO,2025-04-14,121760,1,6,0,156.0
10109564LQBUENO_2025-04-14_G34,10109564LQBUENO,2025-04-14,122703,1,4,0,101.0
10109564LQBUENO_2025-04-14_G35,10109564LQBUENO,2025-04-14,123889,1,20,0,426.0
10109564LQBUENO_2025-04-14_G36,10109564LQBUENO,2025-04-14,"122985, 122984",2,36,21,269.0
10109564LQBUENO_2025-04-14_G37,10109564LQBUENO,2025-04-14,122982,1,4,0,110.0
10109564LQBUENO_2025-04-14_G38,10109564LQBUENO,2025-04-14,122671,1,10,0,1003.0
10109564LQBUENO_2025-04-14_G39,10109564LQBUENO,2025-04-14,122982,1,18,0,242.0
10109564LQBUENO_2025-04-14_G41,10109564LQBUENO,2025-04-14,122983,1,6,0,182.0
10109564LQBUENO_2025-04-14_G42,10109564LQBUENO,2025-04-14,124433,1,12,0,278.0
10109564LQBUENO_2025-04-14_G43,10109564LQBUENO,2025-04-14,120389,1,14,0,163.0
10109564LQBUENO_2025-04-14_G44,10109564LQBUENO,2025-04-14,123492,1,12,0,228.0
10109564LQBUENO_2025-04-14_G45,10109564LQBUENO,2025-04-14,122673,1,10,0,221.0
10109564LQBUENO_2025-04-14_G46,10109564LQBUENO,2025-04-14,122673,1,10,0,163.0
10109564LQBUENO_2025-04-14_G47,10109564LQBUENO,2025-04-14,122671,1,4,0,120.0
10109564LQBUENO_2025-04-14_G48,10109564LQBUENO,2025-04-14,120389,1,12,0,131.0
10109564LQBUENO_2025-04-14_G49,10109564LQBUENO,2025-04-14,122673,1,4,0,124.0
10109564LQBUENO_2025-04-14_G50,10109564LQBUENO,2025-04-14,123153,1,4,0,224.0
10109564LQBUENO_2025-04-14_G51,10109564LQBUENO,2025-04-14,123909,1,20,0,125.0
10109564LQBUENO_2025-04-14_G52,10109564LQBUENO,2025-04-14,122984,1,4,0,106.0
10109564LQBUENO_2025-04-14_G53,10109564LQBUENO,2025-04-14,"122984, 124248",2,6,14,242.0
10109564LQBUENO_2025-04-14_G54,10109564LQBUENO,2025-04-14,122984,1,10,0,138.0
10109564LQBUENO_2025-04-14_G55,10109564LQBUENO,2025-04-14,124486,1,6,0,138.0
10109564LQBUENO_2025-04-14_G56,10109564LQBUENO,2025-04-14,123080,1,40,0,783.0
10109564LQBUENO_2025-04-14_G57,10109564LQBUENO,2025-04-14,123153,1,6,0,368.0
10109564LQBUENO_2025-04-14_G58,10109564LQBUENO,2025-04-14,122962,1,31,0,2161.0
10109564LQBUENO_2025-04-14_G59,10109564LQBUENO,2025-04-14,120028,1,12,0,647.0
10109564LQBUENO_2025-04-15_G02,10109564LQBUENO,2025-04-15,120008,1,36,0,734.0
10109564LQBUENO_2025-04-15_G03,10109564LQBUENO,2025-04-15,123345,1,2,0,575.0
10109564LQBUENO_2025-04-15_G04,10109564LQBUENO,2025-04-15,122986,1,8,0,152.0
10109564LQBUENO_2025-04-15_G05,10109564LQBUENO,2025-04-15,124486,1,25,0,221.0
10109564LQBUENO_2025-04-15_G06,10109564LQBUENO,2025-04-15,121651,1,18,0,358.0
10109564LQBUENO_2025-04-15_G07,10109564LQBUENO,2025-04-15,"123909, 122984",3,46,23,2225.0
10109564LQBUENO_2025-04-15_G08,10109564LQBUENO,2025-04-15,124486,1,11,0,33.0
10109564LQBUENO_2025-04-15_G09,10109564LQBUENO,2025-04-15,121760,1,12,0,137.0
10109564LQBUENO_2025-04-15_G10,10109564LQBUENO,2025-04-15,124486,1,8,0,118.0
10109564LQBUENO_2025-04-15_G11,10109564LQBUENO,2025-04-15,121760,1,8,0,94.0
10109564LQBUENO_2025-04-15_G12,10109564LQBUENO,2025-04-15,122982,1,6,0,87.0
10109564LQBUENO_2025-04-15_G13,10109564LQBUENO,2025-04-15,124486,1,2,0,33.0
10109564LQBUENO_2025-04-15_G14,10109564LQBUENO,2025-04-15,123561,1,6,0,47.0
10109564LQBUENO_2025-04-15_G15,10109564LQBUENO,2025-04-15,121651,1,16,0,97.0
10109564LQBUENO_2025-04-15_G16,10109564LQBUENO,2025-04-15,122962,1,28,0,523.0
10109564LQBUENO_2025-04-15_G17,10109564LQBUENO,2025-04-15,122962,2,44,22,844.0
10109564LQBUENO_2025-04-15_G18,10109564LQBUENO,2025-04-15,122984,1,4,0,349.0
10109564LQBUENO_2025-04-15_G19,10109564LQBUENO,2025-04-15,122962,2,9,6,635.0
10109564LQBUENO_2025-04-15_G20,10109564LQBUENO,2025-04-15,181056,1,2,0,127.0
10109564LQBUENO_2025-04-15_G21,10109564LQBUENO,2025-04-15,122962,1,74,0,2457.0
10109564LQBUENO_2025-04-15_G22,10109564LQBUENO,2025-04-15,122962,1,10,0,54.0
10109564LQBUENO_2025-04-15_G23,10109564LQBUENO,2025-04-15,122962,1,80,0,842.0
10109564LQBUENO_2025-04-15_G24,10109564LQBUENO,2025-04-15,120028,1,30,0,451.0
10109564LQBUENO_2025-04-15_G25,10109564LQBUENO,2025-04-15,122962,1,30,0,1040.0
10109564LQBUENO_2025-04-15_G26,10109564LQBUENO,2025-04-15,122962,1,4,0,228.0
10109564LQBUENO_2025-04-15_G27,10109564LQBUENO,2025-04-15,122962,1,18,0,186.0
10109564LQBUENO_2025-04-15_G28,10109564LQBUENO,2025-04-15,"120339, 122962",2,11,25,116.0
10109564LQBUENO_2025-04-15_G29,10109564LQBUENO,2025-04-15,122962,2,20,15,154.0
10109564LQBUENO_2025-04-15_G30,10109564LQBUENO,2025-04-15,180054,1,9,0,187.0
10109564LQBUENO_2025-04-15_G31,10109564LQBUENO,2025-04-15,122962,1,12,0,109.0
10109564LQBUENO_2025-04-15_G32,10109564LQBUENO,2025-04-15,122962,1,9,0,1165.0
10109564LQBUENO_2025-04-15_G33,10109564LQBUENO,2025-04-15,123343,1,2,0,104.0
10109564LQBUENO_2025-04-16_G02,10109564LQBUENO,2025-04-16,124248,1,30,0,302.0
10109564LQBUENO_2025-04-16_G03,10109564LQBUENO,2025-04-16,123080,1,1,0,36.0
10109564LQBUENO_2025-04-16_G04,10109564LQBUENO,2025-04-16,122962,1,19,0,937.0
10109564LQBUENO_2025-04-16_G05,10109564LQBUENO,2025-04-16,122962,1,8,0,143.0
10109564LQBUENO_2025-04-16_G06,10109564LQBUENO,2025-04-16,122962,1,40,0,346.0
10109564LQBUENO_2025-04-16_G07,10109564LQBUENO,2025-04-16,122962,1,50,0,388.0
10109564LQBUENO_2025-04-16_G08,10109564LQBUENO,2025-04-16,124486,2,14,15,185.0
10109564LQBUENO_2025-04-16_G09,10109564LQBUENO,2025-04-16,120339,1,2,0,471.0
10109564LQBUENO_2025-04-16_G10,10109564LQBUENO,2025-04-16,124486,1,7,0,122.0
10109564LQBUENO_2025-04-16_G11,10109564LQBUENO,2025-04-16,122962,1,18,0,109.0
10109564LQBUENO_2025-04-16_G12,10109564LQBUENO,2025-04-16,"122985, 122962",4,23,41,334.0
10109564LQBUENO_2025-04-16_G13,10109564LQBUENO,2025-04-16,"120321, 122671",2,215,19,2640.0
10109564LQBUENO_2025-04-16_G14,10109564LQBUENO,2025-04-16,122671,1,20,0,40.0
10109564LQBUENO_2025-04-16_G15,10109564LQBUENO,2025-04-16,121760,1,10,0,1072.0
10109564LQBUENO_2025-04-16_G16,10109564LQBUENO,2025-04-16,123909,1,8,0,147.0
10109564LQBUENO_2025-04-16_G17,10109564LQBUENO,2025-04-16,122984,1,8,0,191.0
10109564LQBUENO_2025-04-16_G18,10109564LQBUENO,2025-04-16,123344,1,10,0,492.0
10109564LQBUENO_2025-04-16_G19,10109564LQBUENO,2025-04-16,124475,1,6,0,448.0
10109564LQBUENO_2025-04-16_G20,10109564LQBUENO,2025-04-16,124476,1,6,0,147.0
10109564LQBUENO_2025-04-16_G21,10109564LQBUENO,2025-04-16,121760,2,30,11,325.0
10109564LQBUENO_2025-04-16_G22,10109564LQBUENO,2025-04-16,123343,1,8,0,71.0
10109564LQBUENO_2025-04-16_G23,10109564LQBUENO,2025-04-16,123345,1,40,0,679.0
10109564LQBUENO_2025-04-16_G24,10109564LQBUENO,2025-04-16,123344,1,18,0,43.0
10109564LQBUENO_2025-04-16_G25,10109564LQBUENO,2025-04-16,123344,1,22,0,56.0
10109564LQBUENO_2025-04-16_G26,10109564LQBUENO,2025-04-16,124475,1,8,0,578.0
10109564LQBUENO_2025-04-16_G27,10109564LQBUENO,2025-04-16,"123153, 121760, 124476, 122673",5,41,33,32.0
10109564LQBUENO_2025-04-16_G28,10109564LQBUENO,2025-04-16,"123909, 122985",2,7,22,75.0
10109564LQBUENO_2025-04-16_G29,10109564LQBUENO,2025-04-16,121760,1,4,0,708.0
10109564LQBUENO_2025-04-16_G30,10109564LQBUENO,2025-04-16,124248,1,10,0,578.0
10109564LQBUENO_2025-04-16_G31,10109564LQBUENO,2025-04-16,"122673, 122983, 122962",3,60,28,561.0
10109564LQBUENO_2025-04-16_G32,10109564LQBUENO,2025-04-16,"122671, 122962",2,16,17,86.0
10109564LQBUENO_2025-04-16_G33,10109564LQBUENO,2025-04-16,123822,1,50,0,481.0
10109564LQBUENO_2025-04-16_G34,10109564LQBUENO,2025-04-16,122982,1,16,0,91.0
10109564LQBUENO_2025-04-16_G35,10109564LQBUENO,2025-04-16,122984,1,6,0,75.0
10109564LQBUENO_2025-04-16_G36,10109564LQBUENO,2025-04-16,121760,1,12,0,143.0
10109564LQBUENO_2025-04-16_G37,10109564LQBUENO,2025-04-16,123345,2,24,29,1806.0
10109564LQBUENO_2025-04-16_G38,10109564LQBUENO,2025-04-16,122962,1,30,0,45.0
10109564LQBUENO_2025-04-17_G02,10109564LQBUENO,2025-04-17,"122189, 123345, 122962, 122981, 122983",8,238,109,44.0
10109564LQBUENO_2025-04-17_G03,10109564LQBUENO,2025-04-17,123153,1,74,0,1926.0
10109564LQBUENO_2025-04-17_G04,10109564LQBUENO,2025-04-17,"123822, 121760",4,246,39,2578.0
10109564LQBUENO_2025-04-17_G05,10109564LQBUENO,2025-04-17,122962,1,24,0,916.0
10109564LQBUENO_2025-04-17_G06,10109564LQBUENO,2025-04-17,122962,1,36,0,235.0
10109564LQBUENO_2025-04-17_G07,10109564LQBUENO,2025-04-17,121760,1,20,0,649.0
10109564LQBUENO_2025-04-17_G08,10109564LQBUENO,2025-04-17,123560,1,8,0,193.0
10109564LQBUENO_2025-04-17_G09,10109564LQBUENO,2025-04-17,124476,1,8,0,71.0
10109564LQBUENO_2025-04-17_G10,10109564LQBUENO,2025-04-17,122703,1,40,0,432.0
10109564LQBUENO_2025-04-17_G11,10109564LQBUENO,2025-04-17,120271,1,20,0,153.0
10109564LQBUENO_2025-04-17_G12,10109564LQBUENO,2025-04-17,124486,1,30,0,417.0
10109564LQBUENO_2025-04-17_G13,10109564LQBUENO,2025-04-17,124486,1,24,0,100.0
10109564LQBUENO_2025-04-17_G14,10109564LQBUENO,2025-04-17,121923,1,4,0,68.0
10109564LQBUENO_2025-04-17_G15,10109564LQBUENO,2025-04-17,123561,1,4,0,44.0
10109564LQBUENO_2025-04-17_G16,10109564LQBUENO,2025-04-17,120028,1,23,0,282.0
10109564LQBUENO_2025-04-17_G17,10109564LQBUENO,2025-04-17,120339,1,8,0,140.0
10109564LQBUENO_2025-04-17_G18,10109564LQBUENO,2025-04-17,123909,1,12,0,157.0
10109564LQBUENO_2025-04-17_G19,10109564LQBUENO,2025-04-17,123909,1,12,0,76.0
10109564LQBUENO_2025-04-17_G20,10109564LQBUENO,2025-04-17,124370,1,53,0,644.0
10109564LQBUENO_2025-04-17_G22,10109564LQBUENO,2025-04-17,120389,1,55,0,648.0
10109564LQBUENO_2025-04-17_G23,10109564LQBUENO,2025-04-17,124248,1,135,0,1290.0
10109564LQBUENO_2025-04-17_G24,10109564LQBUENO,2025-04-17,121760,2,171,26,3091.0
10109564LQBUENO_2025-04-19_G02,10109564LQBUENO,2025-04-19,124486,1,24,0,436.0
10109564LQBUENO_2025-04-19_G03,10109564LQBUENO,2025-04-19,124486,1,16,0,781.0
10109564LQBUENO_2025-04-19_G04,10109564LQBUENO,2025-04-19,122673,1,24,0,215.0
10109564LQBUENO_2025-04-19_G05,10109564LQBUENO,2025-04-19,123909,1,24,0,472.0
10109564LQBUENO_2025-04-19_G06,10109564LQBUENO,2025-04-19,124477,1,8,0,841.0
10109564LQBUENO_2025-04-19_G07,10109564LQBUENO,2025-04-19,124370,1,6,0,295.0
10109564LQBUENO_2025-04-19_G08,10109564LQBUENO,2025-04-19,124486,1,9,0,101.0
10109564LQBUENO_2025-04-19_G09,10109564LQBUENO,2025-04-19,120339,1,4,0,74.0
10109564LQBUENO_2025-04-19_G10,10109564LQBUENO,2025-04-19,123343,1,4,0,188.0
10109564LQBUENO_2025-04-19_G11,10109564LQBUENO,2025-04-19,122671,1,16,0,265.0
10109564LQBUENO_2025-04-19_G12,10109564LQBUENO,2025-04-19,122673,1,40,0,318.0
10109564LQBUENO_2025-04-19_G13,10109564LQBUENO,2025-04-19,123909,1,40,0,355.0
10109564LQBUENO_2025-04-19_G14,10109564LQBUENO,2025-04-19,123909,1,40,0,93.0
10109564LQBUENO_2025-04-19_G15,10109564LQBUENO,2025-04-19,124477,1,16,0,1031.0
10109564LQBUENO_2025-04-19_G16,10109564LQBUENO,2025-04-19,122962,1,3,0,127.0
10109564LQBUENO_2025-04-19_G17,10109564LQBUENO,2025-04-19,124370,1,6,0,147.0
10109564LQBUENO_2025-04-19_G18,10109564LQBUENO,2025-04-19,124486,1,8,0,92.0
10109564LQBUENO_2025-04-19_G19,10109564LQBUENO,2025-04-19,122673,1,2,0,47.0
10109564LQBUENO_2025-04-19_G20,10109564LQBUENO,2025-04-19,122984,1,16,0,139.0
10109564LQBUENO_2025-04-19_G21,10109564LQBUENO,2025-04-19,120339,1,4,0,98.0
10109564LQBUENO_2025-04-19_G22,10109564LQBUENO,2025-04-19,122983,1,4,0,166.0
10109564LQBUENO_2025-04-19_G23,10109564LQBUENO,2025-04-19,123343,1,8,0,55.0
10109564LQBUENO_2025-04-19_G24,10109564LQBUENO,2025-04-19,120339,1,7,0,93.0
10109564LQBUENO_2025-04-19_G25,10109564LQBUENO,2025-04-19,122962,1,12,0,525.0
10109564LQBUENO_2025-04-19_G26,10109564LQBUENO,2025-04-19,120389,1,2,0,203.0
10109564LQBUENO_2025-04-19_G27,10109564LQBUENO,2025-04-19,181887,1,6,0,104.0
10109564LQBUENO_2025-04-19_G28,10109564LQBUENO,2025-04-19,181057,1,4,0,530.0
10109564LQBUENO_2025-04-19_G29,10109564LQBUENO,2025-04-19,181815,1,8,0,125.0
10109564LQBUENO_2025-04-19_G30,10109564LQBUENO,2025-04-19,122962,1,12,0,50.0
10109564LQBUENO_2025-04-19_G31,10109564LQBUENO,2025-04-19,124486,1,4,0,141.0
10109564LQBUENO_2025-04-19_G32,10109564LQBUENO,2025-04-19,124248,1,20,0,168.0
10109564LQBUENO_2025-04-19_G33,10109564LQBUENO,2025-04-19,123822,1,8,0,267.0
10109564LQBUENO_2025-04-19_G34,10109564LQBUENO,2025-04-19,123822,1,75,0,940.0
10109564LQBUENO_2025-04-19_G35,10109564LQBUENO,2025-04-19,"122983, 122982",2,8,25,104.0
10109564LQBUENO_2025-04-19_G36,10109564LQBUENO,2025-04-19,122671,1,8,0,740.0
10109564LQBUENO_2025-04-19_G37,10109564LQBUENO,2025-04-19,122962,1,30,0,92.0
10109564LQBUENO_2025-04-19_G38,10109564LQBUENO,2025-04-19,123822,1,30,0,430.0
10109564LQBUENO_2025-04-19_G39,10109564LQBUENO,2025-04-19,181235,1,4,0,339.0
10109564LQBUENO_2025-04-19_G40,10109564LQBUENO,2025-04-19,124477,1,4,0,542.0
10109564LQBUENO_2025-04-19_G41,10109564LQBUENO,2025-04-19,122986,1,24,0,2415.0
10109564LQBUENO_2025-04-19_G42,10109564LQBUENO,2025-04-19,124477,1,8,0,115.0
10109564LQBUENO_2025-04-19_G43,10109564LQBUENO,2025-04-19,120339,1,6,0,579.0
10109564LQBUENO_2025-04-19_G44,10109564LQBUENO,2025-04-19,123909,1,9,0,102.0
10109564LQBUENO_2025-04-19_G45,10109564LQBUENO,2025-04-19,122647,1,30,0,492.0
10109564LQBUENO_2025-04-19_G46,10109564LQBUENO,2025-04-19,124370,1,4,0,73.0
10109564LQBUENO_2025-04-19_G47,10109564LQBUENO,2025-04-19,120339,1,3,0,45.0
10109564LQBUENO_2025-04-19_G48,10109564LQBUENO,2025-04-19,124477,1,2,0,212.0
10109564LQBUENO_2025-04-19_G49,10109564LQBUENO,2025-04-19,123153,1,4,0,99.0
10109564LQBUENO_2025-04-19_G50,10109564LQBUENO,2025-04-19,123345,2,7,6,53.0
10109564LQBUENO_2025-04-19_G51,10109564LQBUENO,2025-04-19,124477,1,4,0,233.0
10109564LQBUENO_2025-04-19_G52,10109564LQBUENO,2025-04-19,122962,2,4,6,185.0
10109564LQBUENO_2025-04-19_G53,10109564LQBUENO,2025-04-19,121760,1,2,0,164.0
10109564LQBUENO_2025-04-19_G54,10109564LQBUENO,2025-04-19,122703,1,4,0,78.0
10109564LQBUENO_2025-04-19_G55,10109564LQBUENO,2025-04-19,124486,1,2,0,125.0
10109564LQBUENO_2025-04-19_G56,10109564LQBUENO,2025-04-19,124486,1,4,0,145.0
10109564LQBUENO_2025-04-19_G57,10109564LQBUENO,2025-04-19,123909,1,3,0,52.0
10109564LQBUENO_2025-04-19_G58,10109564LQBUENO,2025-04-19,124475,1,4,0,167.0
10109564LQBUENO_2025-04-19_G59,10109564LQBUENO,2025-04-19,122962,1,6,0,586.0
10109564LQBUENO_2025-04-19_G60,10109564LQBUENO,2025-04-19,122962,1,10,0,103.0
10109564LQBUENO_2025-04-19_G61,10109564LQBUENO,2025-04-19,124433,1,3,0,31.0
10109564LQBUENO_2025-04-19_G63,10109564LQBUENO,2025-04-19,122673,1,3,0,2136.0
10109564LQBUENO_2025-04-19_G64,10109564LQBUENO,2025-04-19,123822,1,60,0,1457.0
10109564LQBUENO_2025-04-19_G65,10109564LQBUENO,2025-04-19,122962,1,80,0,173.0
10109564LQBUENO_2025-04-21_G02,10109564LQBUENO,2025-04-21,120389,1,100,0,635.0
10109564LQBUENO_2025-04-21_G03,10109564LQBUENO,2025-04-21,122673,1,100,0,1012.0
10109564LQBUENO_2025-04-21_G04,10109564LQBUENO,2025-04-21,122647,1,10,0,647.0
10109564LQBUENO_2025-04-21_G05,10109564LQBUENO,2025-04-21,122673,1,8,0,121.0
10109564LQBUENO_2025-04-21_G06,10109564LQBUENO,2025-04-21,123345,1,2,0,34.0
10109564LQBUENO_2025-04-21_G07,10109564LQBUENO,2025-04-21,123153,1,20,0,151.0
10109564LQBUENO_2025-04-21_G08,10109564LQBUENO,2025-04-21,122185,1,12,0,227.0
10109564LQBUENO_2025-04-21_G09,10109564LQBUENO,2025-04-21,122962,1,13,0,268.0
10109564LQBUENO_2025-04-21_G10,10109564LQBUENO,2025-04-21,120389,1,12,0,87.0
10109564LQBUENO_2025-04-21_G11,10109564LQBUENO,2025-04-21,123521,1,16,0,450.0
10109564LQBUENO_2025-04-21_G12,10109564LQBUENO,2025-04-21,122962,1,16,0,203.0
10109564LQBUENO_2025-04-21_G13,10109564LQBUENO,2025-04-21,180024,1,2,0,161.0
10109564LQBUENO_2025-04-21_G14,10109564LQBUENO,2025-04-21,180073,1,6,0,405.0
10109564LQBUENO_2025-04-21_G15,10109564LQBUENO,2025-04-21,180024,1,2,0,129.0
10109564LQBUENO_2025-04-21_G16,10109564LQBUENO,2025-04-21,123153,1,10,0,424.0
10109564LQBUENO_2025-04-21_G17,10109564LQBUENO,2025-04-21,121760,1,10,0,181.0
10109564LQBUENO_2025-04-21_G18,10109564LQBUENO,2025-04-21,124476,1,10,0,222.0
10109564LQBUENO_2025-04-21_G19,10109564LQBUENO,2025-04-21,124486,1,10,0,128.0
10109564LQBUENO_2025-04-21_G20,10109564LQBUENO,2025-04-21,123521,1,30,0,368.0
10109564LQBUENO_2025-04-21_G21,10109564LQBUENO,2025-04-21,123344,1,15,0,500.0
10109564LQBUENO_2025-04-21_G22,10109564LQBUENO,2025-04-21,121307,1,38,0,1458.0
10109564LQBUENO_2025-04-21_G23,10109564LQBUENO,2025-04-21,124248,1,8,0,199.0
10109564LQBUENO_2025-04-21_G24,10109564LQBUENO,2025-04-21,122984,1,36,0,466.0
10109564LQBUENO_2025-04-21_G25,10109564LQBUENO,2025-04-21,121304,1,30,0,272.0
10109564LQBUENO_2025-04-21_G26,10109564LQBUENO,2025-04-21,121304,1,7,0,71.0
10109564LQBUENO_2025-04-21_G27,10109564LQBUENO,2025-04-21,123492,1,20,0,292.0
10109564LQBUENO_2025-04-21_G28,10109564LQBUENO,2025-04-21,123492,1,8,0,150.0
10109564LQBUENO_2025-04-21_G29,10109564LQBUENO,2025-04-21,121307,1,2,0,163.0
10109564LQBUENO_2025-04-21_G30,10109564LQBUENO,2025-04-21,"124248, 122985",2,46,7,807.0
10109564LQBUENO_2025-04-21_G31,10109564LQBUENO,2025-04-21,123153,1,14,0,1631.0
10109564LQBUENO_2025-04-21_G32,10109564LQBUENO,2025-04-21,122962,1,20,0,313.0
10109564LQBUENO_2025-04-21_G33,10109564LQBUENO,2025-04-21,124486,1,40,0,638.0
10109564LQBUENO_2025-04-21_G34,10109564LQBUENO,2025-04-21,122673,1,20,0,251.0
10109564LQBUENO_2025-04-21_G36,10109564LQBUENO,2025-04-21,122673,1,12,0,148.0
10109564LQBUENO_2025-04-21_G37,10109564LQBUENO,2025-04-21,122673,1,4,0,75.0
10109564LQBUENO_2025-04-21_G38,10109564LQBUENO,2025-04-21,122673,2,20,12,307.0
10109564LQBUENO_2025-04-21_G39,10109564LQBUENO,2025-04-21,121760,1,34,0,528.0
10109564LQBUENO_2025-04-21_G40,10109564LQBUENO,2025-04-21,124370,1,6,0,90.0
10109564LQBUENO_2025-04-21_G41,10109564LQBUENO,2025-04-21,124476,1,4,0,164.0
10109564LQBUENO_2025-04-21_G42,10109564LQBUENO,2025-04-21,123343,1,10,0,112.0
10109564LQBUENO_2025-04-21_G43,10109564LQBUENO,2025-04-21,122673,1,40,0,320.0
10109564LQBUENO_2025-04-21_G45,10109564LQBUENO,2025-04-21,122962,1,20,0,153.0
10109564LQBUENO_2025-04-21_G46,10109564LQBUENO,2025-04-21,122673,1,4,0,568.0
10109564LQBUENO_2025-04-21_G47,10109564LQBUENO,2025-04-21,121923,1,4,0,36.0
10109564LQBUENO_2025-04-21_G48,10109564LQBUENO,2025-04-21,122984,1,2,0,88.0
10109564LQBUENO_2025-04-21_G49,10109564LQBUENO,2025-04-21,120389,1,2,0,67.0
10109564LQBUENO_2025-04-22_G02,10109564LQBUENO,2025-04-22,181057,1,6,0,520.0
10109564LQBUENO_2025-04-22_G03,10109564LQBUENO,2025-04-22,124477,1,14,0,349.0
10109564LQBUENO_2025-04-22_G04,10109564LQBUENO,2025-04-22,123345,1,12,0,201.0
10109564LQBUENO_2025-04-22_G05,10109564LQBUENO,2025-04-22,123521,1,8,0,411.0
10109564LQBUENO_2025-04-22_G06,10109564LQBUENO,2025-04-22,122985,2,36,5,480.0
10109564LQBUENO_2025-04-22_G07,10109564LQBUENO,2025-04-22,124433,1,6,0,59.0
10109564LQBUENO_2025-04-22_G08,10109564LQBUENO,2025-04-22,122647,1,30,0,471.0
10109564LQBUENO_2025-04-22_G09,10109564LQBUENO,2025-04-22,124476,1,20,0,1718.0
10109564LQBUENO_2025-04-22_G10,10109564LQBUENO,2025-04-22,124486,1,3,0,211.0
10109564LQBUENO_2025-04-22_G11,10109564LQBUENO,2025-04-22,124371,1,30,0,625.0
10109564LQBUENO_2025-04-22_G12,10109564LQBUENO,2025-04-22,122962,1,4,0,399.0
10109564LQBUENO_2025-04-22_G13,10109564LQBUENO,2025-04-22,121760,1,6,0,306.0
10109564LQBUENO_2025-04-22_G14,10109564LQBUENO,2025-04-22,124370,1,2,0,44.0
10109564LQBUENO_2025-04-22_G15,10109564LQBUENO,2025-04-22,122962,1,8,0,118.0
10109564LQBUENO_2025-04-22_G16,10109564LQBUENO,2025-04-22,122671,1,4,0,64.0
10109564LQBUENO_2025-04-22_G17,10109564LQBUENO,2025-04-22,124486,1,30,0,208.0
10109564LQBUENO_2025-04-22_G18,10109564LQBUENO,2025-04-22,123343,1,8,0,147.0
10109564LQBUENO_2025-04-22_G19,10109564LQBUENO,2025-04-22,123909,1,19,0,56.0
10109564LQBUENO_2025-04-22_G20,10109564LQBUENO,2025-04-22,122962,1,18,0,168.0
10109564LQBUENO_2025-04-22_G21,10109564LQBUENO,2025-04-22,122962,1,10,0,178.0
10109564LQBUENO_2025-04-22_G22,10109564LQBUENO,2025-04-22,124486,1,20,0,212.0
10109564LQBUENO_2025-04-22_G23,10109564LQBUENO,2025-04-22,122673,1,20,0,99.0
10109564LQBUENO_2025-04-22_G24,10109564LQBUENO,2025-04-22,123153,1,30,0,278.0
10109564LQBUENO_2025-04-22_G25,10109564LQBUENO,2025-04-22,122673,1,6,0,347.0
10109564LQBUENO_2025-04-22_G26,10109564LQBUENO,2025-04-22,123153,1,10,0,144.0
10109564LQBUENO_2025-04-22_G27,10109564LQBUENO,2025-04-22,122673,1,10,0,132.0
10109564LQBUENO_2025-04-22_G28,10109564LQBUENO,2025-04-22,122673,1,10,0,89.0
10109564LQBUENO_2025-04-22_G29,10109564LQBUENO,2025-04-22,122962,1,18,0,127.0
10109564LQBUENO_2025-04-22_G30,10109564LQBUENO,2025-04-22,124371,1,3,0,366.0
10109564LQBUENO_2025-04-22_G31,10109564LQBUENO,2025-04-22,122962,1,96,0,2511.0
10109564LQBUENO_2025-04-22_G32,10109564LQBUENO,2025-04-22,122962,1,94,0,223.0
10109564LQBUENO_2025-04-22_G33,10109564LQBUENO,2025-04-22,181056,1,6,0,855.0
10109564LQBUENO_2025-04-22_G34,10109564LQBUENO,2025-04-22,181235,1,6,0,197.0
10109564LQBUENO_2025-04-22_G35,10109564LQBUENO,2025-04-22,181887,1,4,0,151.0
10109564LQBUENO_2025-04-22_G36,10109564LQBUENO,2025-04-22,180057,1,2,0,166.0
10109564LQBUENO_2025-04-22_G37,10109564LQBUENO,2025-04-22,122984,3,36,41,726.0
10109564LQBUENO_2025-04-22_G38,10109564LQBUENO,2025-04-22,122962,1,3,0,58.0
10109564LQBUENO_2025-04-22_G39,10109564LQBUENO,2025-04-22,120008,1,10,0,455.0
10109564LQBUENO_2025-04-22_G40,10109564LQBUENO,2025-04-22,122982,1,2,0,171.0
10109564LQBUENO_2025-04-22_G41,10109564LQBUENO,2025-04-22,122981,1,4,0,78.0
10109564LQBUENO_2025-04-22_G42,10109564LQBUENO,2025-04-22,122984,1,14,0,160.0
10109564LQBUENO_2025-04-22_G44,10109564LQBUENO,2025-04-22,124486,1,14,0,1089.0
10109564LQBUENO_2025-04-22_G45,10109564LQBUENO,2025-04-22,122962,1,12,0,38.0
10109564LQBUENO_2025-04-22_G46,10109564LQBUENO,2025-04-22,122962,1,24,0,90.0
10109564LQBUENO_2025-04-22_G47,10109564LQBUENO,2025-04-22,"122962, 181235",2,6,14,260.0
10109564LQBUENO_2025-04-22_G48,10109564LQBUENO,2025-04-22,120028,1,32,0,877.0
10109564LQBUENO_2025-04-22_G49,10109564LQBUENO,2025-04-22,120389,1,40,0,59.0
10109564LQBUENO_2025-04-22_G50,10109564LQBUENO,2025-04-22,120028,1,18,0,105.0
10109564LQBUENO_2025-04-22_G51,10109564LQBUENO,2025-04-22,123153,1,20,0,212.0
10109564LQBUENO_2025-04-22_G52,10109564LQBUENO,2025-04-22,122673,1,10,0,45.0
10109564LQBUENO_2025-04-22_G53,10109564LQBUENO,2025-04-22,122962,1,20,0,69.0
10109564LQBUENO_2025-04-22_G54,10109564LQBUENO,2025-04-22,122671,1,16,0,130.0
10109564LQBUENO_2025-04-22_G55,10109564LQBUENO,2025-04-22,123909,1,16,0,172.0
10109564LQBUENO_2025-04-22_G56,10109564LQBUENO,2025-04-22,124371,1,32,0,496.0
10109564LQBUENO_2025-04-22_G57,10109564LQBUENO,2025-04-22,122185,1,5,0,446.0
10109564LQBUENO_2025-04-22_G58,10109564LQBUENO,2025-04-22,122983,1,10,0,183.0
10109564LQBUENO_2025-04-22_G59,10109564LQBUENO,2025-04-22,120028,2,4,6,129.0
10109564LQBUENO_2025-04-22_G60,10109564LQBUENO,2025-04-22,123822,1,18,0,164.0
10109564LQBUENO_2025-04-22_G61,10109564LQBUENO,2025-04-22,123822,1,12,0,90.0
10109564LQBUENO_2025-04-22_G62,10109564LQBUENO,2025-04-22,124264,1,20,0,197.0
10109564LQBUENO_2025-04-22_G63,10109564LQBUENO,2025-04-22,124264,1,30,0,309.0
10109564LQBUENO_2025-04-22_G64,10109564LQBUENO,2025-04-22,122962,1,4,0,113.0
10109564LQBUENO_2025-04-22_G65,10109564LQBUENO,2025-04-22,122982,1,3,0,41.0
10109564LQBUENO_2025-04-22_G66,10109564LQBUENO,2025-04-22,124370,1,8,0,207.0
10109564LQBUENO_2025-04-22_G67,10109564LQBUENO,2025-04-22,120271,2,4,6,46.0
10109564LQBUENO_2025-04-22_G68,10109564LQBUENO,2025-04-22,122185,1,16,0,126.0
10109564LQBUENO_2025-04-22_G69,10109564LQBUENO,2025-04-22,122984,1,9,0,217.0
10109564LQBUENO_2025-04-22_G70,10109564LQBUENO,2025-04-22,120272,1,6,0,124.0
10109564LQBUENO_2025-04-22_G71,10109564LQBUENO,2025-04-22,120339,2,10,6,78.0
10109564LQBUENO_2025-04-22_G72,10109564LQBUENO,2025-04-22,124475,1,4,0,345.0
10109564LQBUENO_2025-04-22_G73,10109564LQBUENO,2025-04-22,122983,1,8,0,77.0
10109564LQBUENO_2025-04-23_G02,10109564LQBUENO,2025-04-23,123153,1,7,0,139.0
10109564LQBUENO_2025-04-23_G03,10109564LQBUENO,2025-04-23,122185,1,23,0,271.0
10109564LQBUENO_2025-04-23_G04,10109564LQBUENO,2025-04-23,122984,1,10,0,387.0
10109564LQBUENO_2025-04-23_G05,10109564LQBUENO,2025-04-23,123080,1,10,0,182.0
10109564LQBUENO_2025-04-23_G06,10109564LQBUENO,2025-04-23,122673,1,6,0,202.0
10109564LQBUENO_2025-04-23_G07,10109564LQBUENO,2025-04-23,180054,1,2,0,804.0
10109564LQBUENO_2025-04-23_G08,10109564LQBUENO,2025-04-23,180035,1,3,0,225.0
10109564LQBUENO_2025-04-23_G09,10109564LQBUENO,2025-04-23,181887,1,4,0,268.0
10109564LQBUENO_2025-04-23_G10,10109564LQBUENO,2025-04-23,181057,1,2,0,98.0
10109564LQBUENO_2025-04-23_G11,10109564LQBUENO,2025-04-23,181906,1,2,0,336.0
10109564LQBUENO_2025-04-23_G12,10109564LQBUENO,2025-04-23,122962,1,130,0,2011.0
10109564LQBUENO_2025-04-23_G13,10109564LQBUENO,2025-04-23,124371,1,45,0,609.0
10109564LQBUENO_2025-04-23_G14,10109564LQBUENO,2025-04-23,120389,1,20,0,337.0
10109564LQBUENO_2025-04-23_G15,10109564LQBUENO,2025-04-23,122673,1,50,0,442.0
10109564LQBUENO_2025-04-23_G16,10109564LQBUENO,2025-04-23,123909,1,20,0,489.0
10109564LQBUENO_2025-04-23_G17,10109564LQBUENO,2025-04-23,120339,1,34,0,41.0
10109564LQBUENO_2025-04-23_G18,10109564LQBUENO,2025-04-23,123345,1,100,0,1860.0
10109564LQBUENO_2025-04-23_G19,10109564LQBUENO,2025-04-23,123343,1,50,0,39.0
10109564LQBUENO_2025-04-23_G20,10109564LQBUENO,2025-04-23,124486,1,64,0,2227.0
10109564LQBUENO_2025-04-23_G21,10109564LQBUENO,2025-04-23,"122962, 122647",2,141,15,510.0
10109564LQBUENO_2025-04-23_G22,10109564LQBUENO,2025-04-23,122984,1,42,0,1070.0
10109564LQBUENO_2025-04-23_G23,10109564LQBUENO,2025-04-23,122984,1,100,0,1388.0
10109564LQBUENO_2025-04-23_G25,10109564LQBUENO,2025-04-23,124371,1,8,0,87.0
10109564LQBUENO_2025-04-23_G26,10109564LQBUENO,2025-04-23,122962,1,30,0,136.0
10109564LQBUENO_2025-04-23_G27,10109564LQBUENO,2025-04-23,"120028, 122647, 122962, 122673, 122671, 124486, 121651, 124475, 124477, 124370, 124476, 123345",14,182,175,3211.0
10109564LQBUENO_2025-04-23_G28,10109564LQBUENO,2025-04-23,181056,1,6,0,246.0
10109564LQBUENO_2025-04-23_G29,10109564LQBUENO,2025-04-23,181887,1,4,0,86.0
10109564LQBUENO_2025-04-23_G30,10109564LQBUENO,2025-04-23,181057,1,6,0,119.0
10109564LQBUENO_2025-04-23_G31,10109564LQBUENO,2025-04-23,"122982, 122962",2,19,17,365.0
10109564LQBUENO_2025-04-23_G32,10109564LQBUENO,2025-04-23,122673,1,40,0,228.0
10109564LQBUENO_2025-04-23_G33,10109564LQBUENO,2025-04-23,122962,1,10,0,259.0
10109564LQBUENO_2025-04-23_G34,10109564LQBUENO,2025-04-23,"123345, 122673",2,10,15,252.0
10109564LQBUENO_2025-04-24_G02,10109564LQBUENO,2025-04-24,120028,2,78,6,2243.0
10109564LQBUENO_2025-04-24_G03,10109564LQBUENO,2025-04-24,122962,1,24,0,418.0
10109564LQBUENO_2025-04-24_G04,10109564LQBUENO,2025-04-24,123822,1,50,0,664.0
10109564LQBUENO_2025-04-24_G05,10109564LQBUENO,2025-04-24,123492,1,50,0,2008.0
10109564LQBUENO_2025-04-24_G06,10109564LQBUENO,2025-04-24,"123492, 123822",2,70,25,901.0
10109564LQBUENO_2025-04-24_G07,10109564LQBUENO,2025-04-24,122647,1,40,0,998.0
10109564LQBUENO_2025-04-24_G08,10109564LQBUENO,2025-04-24,123153,1,4,0,495.0
10109564LQBUENO_2025-04-24_G09,10109564LQBUENO,2025-04-24,123344,1,10,0,910.0
10109564LQBUENO_2025-04-24_G10,10109564LQBUENO,2025-04-24,"120389, 123345, 123344",3,18,32,474.0
10109564LQBUENO_2025-04-24_G11,10109564LQBUENO,2025-04-24,124486,1,20,0,704.0
10109564LQBUENO_2025-04-24_G12,10109564LQBUENO,2025-04-24,122962,1,20,0,36.0
10109564LQBUENO_2025-04-24_G13,10109564LQBUENO,2025-04-24,180169,4,4,45,208.0
10109564LQBUENO_2025-04-24_G14,10109564LQBUENO,2025-04-24,124264,1,12,0,872.0
10109564LQBUENO_2025-04-24_G15,10109564LQBUENO,2025-04-24,123153,1,97,0,1491.0
10109564LQBUENO_2025-04-24_G17,10109564LQBUENO,2025-04-24,120028,1,10,0,143.0
10109564LQBUENO_2025-04-24_G18,10109564LQBUENO,2025-04-24,124248,1,30,0,421.0
10109564LQBUENO_2025-04-24_G19,10109564LQBUENO,2025-04-24,123822,1,238,0,3251.0
10109564LQBUENO_2025-04-25_G02,10109564LQBUENO,2025-04-25,114647,1,8,0,1122.0
10109564LQBUENO_2025-04-25_G03,10109564LQBUENO,2025-04-25,123344,1,8,0,571.0
10109564LQBUENO_2025-04-25_G04,10109564LQBUENO,2025-04-25,123343,1,11,0,70.0
10109564LQBUENO_2025-04-25_G05,10109564LQBUENO,2025-04-25,121760,1,17,0,77.0
10109564LQBUENO_2025-04-25_G06,10109564LQBUENO,2025-04-25,121651,1,20,0,315.0
10109564LQBUENO_2025-04-25_G07,10109564LQBUENO,2025-04-25,122673,1,20,0,1327.0
10109564LQBUENO_2025-04-25_G08,10109564LQBUENO,2025-04-25,123344,1,5,0,265.0
10109564LQBUENO_2025-04-25_G09,10109564LQBUENO,2025-04-25,124477,1,6,0,986.0
10109564LQBUENO_2025-04-25_G10,10109564LQBUENO,2025-04-25,124371,1,2,0,130.0
10109564LQBUENO_2025-04-25_G11,10109564LQBUENO,2025-04-25,122673,1,4,0,158.0
10109564LQBUENO_2025-04-25_G12,10109564LQBUENO,2025-04-25,"124371, 124477",2,5,24,102.0
10109564LQBUENO_2025-04-25_G13,10109564LQBUENO,2025-04-25,123345,1,6,0,33.0
10109564LQBUENO_2025-04-25_G14,10109564LQBUENO,2025-04-25,"123909, 122962",2,26,15,426.0
10109564LQBUENO_2025-04-25_G15,10109564LQBUENO,2025-04-25,"122984, 124371",2,40,24,1595.0
10109564LQBUENO_2025-04-25_G16,10109564LQBUENO,2025-04-25,120028,1,20,0,334.0
10109564LQBUENO_2025-04-25_G17,10109564LQBUENO,2025-04-25,122962,1,28,0,233.0
10109564LQBUENO_2025-04-25_G18,10109564LQBUENO,2025-04-25,122647,1,50,0,799.0
10109564LQBUENO_2025-04-25_G19,10109564LQBUENO,2025-04-25,122962,1,50,0,42.0
10109564LQBUENO_2025-04-25_G20,10109564LQBUENO,2025-04-25,122962,1,40,0,242.0
10109564LQBUENO_2025-04-25_G21,10109564LQBUENO,2025-04-25,122962,1,8,0,133.0
10109564LQBUENO_2025-04-25_G22,10109564LQBUENO,2025-04-25,120028,1,20,0,601.0
10109564LQBUENO_2025-04-25_G23,10109564LQBUENO,2025-04-25,122962,1,40,0,115.0
10109564LQBUENO_2025-04-25_G25,10109564LQBUENO,2025-04-25,120287,1,1,0,371.0
10109564LQBUENO_2025-04-25_G26,10109564LQBUENO,2025-04-25,122188,1,1,0,42.0
10109564LQBUENO_2025-04-25_G27,10109564LQBUENO,2025-04-25,122671,1,12,0,77.0
10109564LQBUENO_2025-04-25_G28,10109564LQBUENO,2025-04-25,123345,1,8,0,222.0
10109564LQBUENO_2025-04-25_G29,10109564LQBUENO,2025-04-25,122703,1,2,0,77.0
10109564LQBUENO_2025-04-25_G30,10109564LQBUENO,2025-04-25,124486,1,30,0,204.0
10109564LQBUENO_2025-04-25_G31,10109564LQBUENO,2025-04-25,124486,1,30,0,206.0
10109564LQBUENO_2025-04-25_G32,10109564LQBUENO,2025-04-25,122673,1,50,0,942.0
10109564LQBUENO_2025-04-25_G33,10109564LQBUENO,2025-04-25,122671,1,52,0,72.0
10109564LQBUENO_2025-04-25_G34,10109564LQBUENO,2025-04-25,124548,1,8,0,122.0
10109564LQBUENO_2025-04-25_G35,10109564LQBUENO,2025-04-25,124548,1,4,0,121.0
10109564LQBUENO_2025-04-26_G02,10109564LQBUENO,2025-04-26,123313,1,10,0,306.0
10109564LQBUENO_2025-04-26_G03,10109564LQBUENO,2025-04-26,121928,1,8,0,129.0
10109564LQBUENO_2025-04-26_G04,10109564LQBUENO,2025-04-26,121760,1,6,0,96.0
10109564LQBUENO_2025-04-26_G05,10109564LQBUENO,2025-04-26,122981,1,24,0,611.0
10109564LQBUENO_2025-04-26_G06,10109564LQBUENO,2025-04-26,122981,1,20,0,599.0
10109564LQBUENO_2025-04-26_G07,10109564LQBUENO,2025-04-26,120271,3,24,25,212.0
10109564LQBUENO_2025-04-26_G08,10109564LQBUENO,2025-04-26,123562,1,16,0,288.0
10109564LQBUENO_2025-04-26_G09,10109564LQBUENO,2025-04-26,123561,1,24,0,385.0
10109564LQBUENO_2025-04-26_G10,10109564LQBUENO,2025-04-26,124248,1,2,0,31.0
10109564LQBUENO_2025-04-26_G11,10109564LQBUENO,2025-04-26,123560,1,10,0,275.0
10109564LQBUENO_2025-04-26_G12,10109564LQBUENO,2025-04-26,122984,1,4,0,225.0
10109564LQBUENO_2025-04-26_G13,10109564LQBUENO,2025-04-26,123153,1,4,0,350.0
10109564LQBUENO_2025-04-26_G14,10109564LQBUENO,2025-04-26,123889,1,2,0,105.0
10109564LQBUENO_2025-04-26_G15,10109564LQBUENO,2025-04-26,123153,1,4,0,152.0
10109564LQBUENO_2025-04-26_G16,10109564LQBUENO,2025-04-26,122647,1,50,0,739.0
10109564LQBUENO_2025-04-26_G17,10109564LQBUENO,2025-04-26,123313,3,29,12,690.0
10109564LQBUENO_2025-04-26_G18,10109564LQBUENO,2025-04-26,124548,1,12,0,875.0
10109564LQBUENO_2025-04-26_G19,10109564LQBUENO,2025-04-26,124548,1,14,0,277.0
10109564LQBUENO_2025-04-26_G20,10109564LQBUENO,2025-04-26,124247,2,16,8,834.0
10109564LQBUENO_2025-04-26_G21,10109564LQBUENO,2025-04-26,121651,1,20,0,786.0
10109564LQBUENO_2025-04-26_G22,10109564LQBUENO,2025-04-26,"123344, 124486, 123345, 124594",10,104,112,1991.0
10109564LQBUENO_2025-04-26_G23,10109564LQBUENO,2025-04-26,"124486, 122962",2,30,24,144.0
10109564LQBUENO_2025-04-26_G24,10109564LQBUENO,2025-04-26,123343,1,8,0,214.0
10109564LQBUENO_2025-04-26_G25,10109564LQBUENO,2025-04-26,120389,1,14,0,264.0
10109564LQBUENO_2025-04-26_G26,10109564LQBUENO,2025-04-26,123909,1,16,0,228.0
10109564LQBUENO_2025-04-26_G27,10109564LQBUENO,2025-04-26,123343,1,2,0,128.0
10109564LQBUENO_2025-04-26_G28,10109564LQBUENO,2025-04-26,"122962, 121651, 122983, 120389, 120339",6,49,92,959.0
10109564LQBUENO_2025-04-26_G29,10109564LQBUENO,2025-04-26,124370,1,24,0,860.0
10109564LQBUENO_2025-04-26_G30,10109564LQBUENO,2025-04-26,124371,1,20,0,41.0
10109564LQBUENO_2025-04-26_G31,10109564LQBUENO,2025-04-26,124548,1,8,0,181.0
10109564LQBUENO_2025-04-26_G32,10109564LQBUENO,2025-04-26,122703,1,7,0,74.0
10109564LQBUENO_2025-04-26_G33,10109564LQBUENO,2025-04-26,120271,1,9,0,65.0
10109564LQBUENO_2025-04-26_G34,10109564LQBUENO,2025-04-26,123080,1,185,0,1304.0
10109564LQBUENO_2025-04-26_G35,10109564LQBUENO,2025-04-26,123313,1,5,0,351.0
10109564LQBUENO_2025-04-26_G36,10109564LQBUENO,2025-04-26,122985,1,2,0,64.0
10109564LQBUENO_2025-04-26_G37,10109564LQBUENO,2025-04-26,123343,1,6,0,82.0
10109564LQBUENO_2025-04-26_G39,10109564LQBUENO,2025-04-26,120008,1,50,0,263.0
10109564LQBUENO_2025-04-26_G40,10109564LQBUENO,2025-04-26,120008,1,50,0,1970.0
10109564LQBUENO_2025-04-26_G41,10109564LQBUENO,2025-04-26,123492,1,2,0,195.0
10109564LQBUENO_2025-04-26_G42,10109564LQBUENO,2025-04-26,123344,1,8,0,138.0
10109564LQBUENO_2025-04-26_G43,10109564LQBUENO,2025-04-26,"124548, 124247",2,6,13,64.0
10109564LQBUENO_2025-04-26_G44,10109564LQBUENO,2025-04-26,122983,1,4,0,303.0
10109564LQBUENO_2025-04-26_G45,10109564LQBUENO,2025-04-26,124477,1,4,0,155.0
10109564LQBUENO_2025-04-26_G46,10109564LQBUENO,2025-04-26,"123345, 123343",2,10,27,106.0
10109564LQBUENO_2025-04-26_G47,10109564LQBUENO,2025-04-26,123313,1,12,0,252.0
10109564LQBUENO_2025-04-26_G48,10109564LQBUENO,2025-04-26,124371,1,6,0,333.0
10109564LQBUENO_2025-04-26_G49,10109564LQBUENO,2025-04-26,124475,1,4,0,67.0
10109564LQBUENO_2025-04-26_G50,10109564LQBUENO,2025-04-26,123345,1,6,0,32.0
10109564LQBUENO_2025-04-26_G51,10109564LQBUENO,2025-04-26,"122981, 124370",2,18,6,167.0
10109564LQBUENO_2025-04-28_G02,10109564LQBUENO,2025-04-28,122671,1,6,0,121.0
10109564LQBUENO_2025-04-28_G03,10109564LQBUENO,2025-04-28,121760,1,12,0,187.0
10109564LQBUENO_2025-04-28_G04,10109564LQBUENO,2025-04-28,123153,1,5,0,75.0
10109564LQBUENO_2025-04-28_G05,10109564LQBUENO,2025-04-28,124476,1,17,0,1059.0
10109564LQBUENO_2025-04-28_G06,10109564LQBUENO,2025-04-28,124475,1,10,0,229.0
10109564LQBUENO_2025-04-28_G07,10109564LQBUENO,2025-04-28,121651,1,16,0,227.0
10109564LQBUENO_2025-04-28_G08,10109564LQBUENO,2025-04-28,120272,1,8,0,329.0
10109564LQBUENO_2025-04-28_G09,10109564LQBUENO,2025-04-28,122984,1,27,0,304.0
10109564LQBUENO_2025-04-28_G10,10109564LQBUENO,2025-04-28,122984,1,3,0,58.0
10109564LQBUENO_2025-04-28_G11,10109564LQBUENO,2025-04-28,124371,1,16,0,541.0
10109564LQBUENO_2025-04-28_G12,10109564LQBUENO,2025-04-28,123345,1,20,0,169.0
10109564LQBUENO_2025-04-28_G13,10109564LQBUENO,2025-04-28,123344,1,24,0,2351.0
10109564LQBUENO_2025-04-28_G14,10109564LQBUENO,2025-04-28,123343,1,33,0,38.0
10109564LQBUENO_2025-04-28_G15,10109564LQBUENO,2025-04-28,124486,1,14,0,907.0
10109564LQBUENO_2025-04-28_G16,10109564LQBUENO,2025-04-28,120389,1,6,0,131.0
10109564LQBUENO_2025-04-28_G17,10109564LQBUENO,2025-04-28,122673,1,4,0,205.0
10109564LQBUENO_2025-04-28_G18,10109564LQBUENO,2025-04-28,"124548, 123344",2,7,12,237.0
10109564LQBUENO_2025-04-28_G19,10109564LQBUENO,2025-04-28,122988,1,10,0,112.0
10109564LQBUENO_2025-04-28_G20,10109564LQBUENO,2025-04-28,122962,1,32,0,372.0
10109564LQBUENO_2025-04-28_G21,10109564LQBUENO,2025-04-28,123909,1,24,0,45.0
10109564LQBUENO_2025-04-28_G22,10109564LQBUENO,2025-04-28,122673,1,16,0,616.0
10109564LQBUENO_2025-04-28_G23,10109564LQBUENO,2025-04-28,123313,1,4,0,111.0
10109564LQBUENO_2025-04-28_G24,10109564LQBUENO,2025-04-28,124548,1,6,0,136.0
10109564LQBUENO_2025-04-28_G25,10109564LQBUENO,2025-04-28,120272,1,4,0,84.0
10109564LQBUENO_2025-04-28_G26,10109564LQBUENO,2025-04-28,"124548, 124247",2,7,21,108.0
10109564LQBUENO_2025-04-28_G27,10109564LQBUENO,2025-04-28,123909,1,14,0,188.0
10109564LQBUENO_2025-04-28_G28,10109564LQBUENO,2025-04-28,122962,1,12,0,165.0
10109564LQBUENO_2025-04-28_G29,10109564LQBUENO,2025-04-28,122962,1,7,0,189.0
10109564LQBUENO_2025-04-28_G30,10109564LQBUENO,2025-04-28,122185,1,33,0,263.0
10109564LQBUENO_2025-04-28_G31,10109564LQBUENO,2025-04-28,124248,1,9,0,165.0
10109564LQBUENO_2025-04-28_G33,10109564LQBUENO,2025-04-28,124247,1,6,0,150.0
10109564LQBUENO_2025-04-28_G34,10109564LQBUENO,2025-04-28,120339,1,4,0,129.0
10109564LQBUENO_2025-04-28_G35,10109564LQBUENO,2025-04-28,123313,2,8,5,67.0
10109564LQBUENO_2025-04-28_G36,10109564LQBUENO,2025-04-28,124476,1,6,0,203.0
10109564LQBUENO_2025-04-28_G37,10109564LQBUENO,2025-04-28,123492,1,4,0,1353.0
10109564LQBUENO_2025-04-28_G38,10109564LQBUENO,2025-04-28,180169,1,1,0,200.0
10109564LQBUENO_2025-04-28_G39,10109564LQBUENO,2025-04-28,123909,1,1,0,115.0
10109564LQBUENO_2025-04-28_G40,10109564LQBUENO,2025-04-28,122196,1,8,0,101.0
10109564LQBUENO_2025-04-28_G41,10109564LQBUENO,2025-04-28,124475,1,6,0,104.0
10109564LQBUENO_2025-04-28_G42,10109564LQBUENO,2025-04-28,120339,1,4,0,78.0
10109564LQBUENO_2025-04-28_G43,10109564LQBUENO,2025-04-28,124486,1,6,0,270.0
10109564LQBUENO_2025-04-28_G44,10109564LQBUENO,2025-04-28,124248,1,10,0,51.0
10109564LQBUENO_2025-04-28_G45,10109564LQBUENO,2025-04-28,122984,1,10,0,491.0
10109564LQBUENO_2025-04-28_G46,10109564LQBUENO,2025-04-28,120272,1,5,0,209.0
10109564LQBUENO_2025-04-28_G47,10109564LQBUENO,2025-04-28,"123560, 124248",2,6,30,499.0
10109564LQBUENO_2025-04-28_G48,10109564LQBUENO,2025-04-28,122985,1,10,0,811.0
10109564LQBUENO_2025-04-28_G49,10109564LQBUENO,2025-04-28,120008,1,20,0,339.0
10109564LQBUENO_2025-04-28_G50,10109564LQBUENO,2025-04-28,124486,1,12,0,283.0
10109564LQBUENO_2025-04-28_G51,10109564LQBUENO,2025-04-28,123343,1,6,0,130.0
10109564LQBUENO_2025-04-28_G52,10109564LQBUENO,2025-04-28,122984,1,8,0,148.0
10109564LQBUENO_2025-04-28_G53,10109564LQBUENO,2025-04-28,"122962, 180169",2,5,22,212.0
10109564LQBUENO_2025-04-29_G02,10109564LQBUENO,2025-04-29,123909,1,20,0,238.0
10109564LQBUENO_2025-04-29_G03,10109564LQBUENO,2025-04-29,122962,1,20,0,136.0
10109564LQBUENO_2025-04-29_G04,10109564LQBUENO,2025-04-29,123153,1,10,0,219.0
10109564LQBUENO_2025-04-29_G05,10109564LQBUENO,2025-04-29,123153,1,62,0,386.0
10109564LQBUENO_2025-04-29_G06,10109564LQBUENO,2025-04-29,124370,1,14,0,358.0
10109564LQBUENO_2025-04-29_G07,10109564LQBUENO,2025-04-29,124370,1,30,0,580.0
10109564LQBUENO_2025-04-29_G08,10109564LQBUENO,2025-04-29,123345,1,40,0,1439.0
10109564LQBUENO_2025-04-29_G09,10109564LQBUENO,2025-04-29,120389,1,14,0,619.0
10109564LQBUENO_2025-04-29_G10,10109564LQBUENO,2025-04-29,124475,1,30,0,239.0
10109564LQBUENO_2025-04-29_G11,10109564LQBUENO,2025-04-29,122673,1,40,0,234.0
10109564LQBUENO_2025-04-29_G12,10109564LQBUENO,2025-04-29,122673,1,17,0,78.0
10109564LQBUENO_2025-04-29_G13,10109564LQBUENO,2025-04-29,124475,1,36,0,437.0
10109564LQBUENO_2025-04-29_G14,10109564LQBUENO,2025-04-29,124486,1,36,0,467.0
10109564LQBUENO_2025-04-29_G15,10109564LQBUENO,2025-04-29,123822,1,193,0,3410.0
10109564LQBUENO_2025-04-29_G16,10109564LQBUENO,2025-04-29,124248,1,29,0,246.0
10109564LQBUENO_2025-04-29_G17,10109564LQBUENO,2025-04-29,122671,1,10,0,38.0
10109564LQBUENO_2025-04-29_G18,10109564LQBUENO,2025-04-29,124248,1,15,0,2264.0
10109564LQBUENO_2025-04-29_G19,10109564LQBUENO,2025-04-29,124248,1,20,0,97.0
10109564LQBUENO_2025-04-29_G20,10109564LQBUENO,2025-04-29,122982,1,24,0,430.0
10109564LQBUENO_2025-04-29_G21,10109564LQBUENO,2025-04-29,124370,1,12,0,426.0
10109564LQBUENO_2025-04-29_G22,10109564LQBUENO,2025-04-29,122983,1,3,0,111.0
10109564LQBUENO_2025-04-29_G23,10109564LQBUENO,2025-04-29,122983,1,9,0,69.0
10109564LQBUENO_2025-04-29_G24,10109564LQBUENO,2025-04-29,122986,2,6,6,81.0
10109564LQBUENO_2025-04-29_G25,10109564LQBUENO,2025-04-29,123909,1,2,0,51.0
10109564LQBUENO_2025-04-29_G26,10109564LQBUENO,2025-04-29,124248,1,8,0,1214.0
10109564LQBUENO_2025-04-29_G27,10109564LQBUENO,2025-04-29,122188,1,25,0,401.0
10109564LQBUENO_2025-04-29_G28,10109564LQBUENO,2025-04-29,122988,1,1,0,61.0
10109564LQBUENO_2025-04-29_G29,10109564LQBUENO,2025-04-29,124486,1,32,0,554.0
10109564LQBUENO_2025-04-29_G30,10109564LQBUENO,2025-04-29,122962,1,30,0,199.0
10109564LQBUENO_2025-04-29_G31,10109564LQBUENO,2025-04-29,122984,1,18,0,251.0
10109564LQBUENO_2025-04-29_G32,10109564LQBUENO,2025-04-29,"122647, 121760",2,42,16,666.0
10109564LQBUENO_2025-04-29_G33,10109564LQBUENO,2025-04-29,122962,1,50,0,363.0
10109564LQBUENO_2025-04-29_G34,10109564LQBUENO,2025-04-29,120028,1,2,0,35.0
10109564LQBUENO_2025-04-29_G35,10109564LQBUENO,2025-04-29,"124248, 123345",2,23,26,1265.0
10109564LQBUENO_2025-04-29_G36,10109564LQBUENO,2025-04-29,124594,1,6,0,46.0
10109564LQBUENO_2025-04-29_G37,10109564LQBUENO,2025-04-29,181280,1,6,0,39.0
10109564LQBUENO_2025-04-29_G38,10109564LQBUENO,2025-04-29,180169,1,2,0,3270.0
10109564LQBUENO_2025-04-29_G39,10109564LQBUENO,2025-04-29,122962,1,100,0,1268.0
10109564LQBUENO_2025-04-29_G40,10109564LQBUENO,2025-04-29,122647,1,200,0,3425.0
10109564LQBUENO_2025-04-30_G02,10109564LQBUENO,2025-04-30,123909,1,2,0,3141.0
10109564LQBUENO_2025-04-30_G03,10109564LQBUENO,2025-04-30,123344,1,4,0,59.0
10109564LQBUENO_2025-04-30_G04,10109564LQBUENO,2025-04-30,"122962, 122671, 121760, 124475, 122703, 124370",7,18,42,42.0
10109564LQBUENO_2025-04-30_G05,10109564LQBUENO,2025-04-30,121651,2,10,11,32.0
10109564LQBUENO_2025-04-30_G06,10109564LQBUENO,2025-04-30,124477,1,2,0,136.0
10109564LQBUENO_2025-04-30_G07,10109564LQBUENO,2025-04-30,"124247, 122984",2,14,21,451.0
10109564LQBUENO_2025-04-30_G08,10109564LQBUENO,2025-04-30,122962,1,24,0,159.0
10109564LQBUENO_2025-04-30_G09,10109564LQBUENO,2025-04-30,124486,1,24,0,117.0
10109564LQBUENO_2025-04-30_G10,10109564LQBUENO,2025-04-30,122673,1,14,0,256.0
10109564LQBUENO_2025-04-30_G11,10109564LQBUENO,2025-04-30,124247,2,6,6,465.0
10109564LQBUENO_2025-04-30_G12,10109564LQBUENO,2025-04-30,124247,1,60,0,953.0
10109564LQBUENO_2025-04-30_G13,10109564LQBUENO,2025-04-30,124370,1,12,0,205.0
10109564LQBUENO_2025-04-30_G14,10109564LQBUENO,2025-04-30,121651,1,31,0,477.0
10109564LQBUENO_2025-04-30_G15,10109564LQBUENO,2025-04-30,120028,1,8,0,261.0
10109564LQBUENO_2025-04-30_G16,10109564LQBUENO,2025-04-30,124370,1,14,0,174.0
10109564LQBUENO_2025-04-30_G17,10109564LQBUENO,2025-04-30,124247,1,5,0,3544.0
10109564LQBUENO_2025-04-30_G18,10109564LQBUENO,2025-04-30,"180420, 124486",2,6,23,116.0
10109564LQBUENO_2025-04-30_G19,10109564LQBUENO,2025-04-30,123822,1,20,0,87.0
10109564LQBUENO_2025-04-30_G20,10109564LQBUENO,2025-04-30,120008,1,4,0,173.0
10109564LQBUENO_2025-04-30_G21,10109564LQBUENO,2025-04-30,"181887, 181280",2,5,21,291.0
10109564LQBUENO_2025-04-30_G22,10109564LQBUENO,2025-04-30,122962,1,100,0,260.0
10109564LQBUENO_2025-04-30_G23,10109564LQBUENO,2025-04-30,124486,1,30,0,494.0
10109564LQBUENO_2025-04-30_G24,10109564LQBUENO,2025-04-30,180024,1,8,0,967.0
10109564LQBUENO_2025-04-30_G26,10109564LQBUENO,2025-04-30,124248,1,1,0,150.0
10109564LQBUENO_2025-04-30_G27,10109564LQBUENO,2025-04-30,121651,1,50,0,904.0
10109564LQBUENO_2025-04-30_G28,10109564LQBUENO,2025-04-30,121760,1,44,0,267.0
10109564LQBUENO_2025-04-30_G29,10109564LQBUENO,2025-04-30,123343,1,10,0,1419.0
10109564LQBUENO_2025-04-30_G30,10109564LQBUENO,2025-04-30,181056,1,4,0,124.0
10109564LQBUENO_2025-04-30_G31,10109564LQBUENO,2025-04-30,181235,1,4,0,124.0
10109564LQBUENO_2025-04-30_G32,10109564LQBUENO,2025-04-30,181887,2,8,6,172.0
10109564LQBUENO_2025-04-30_G33,10109564LQBUENO,2025-04-30,181056,1,4,0,486.0
10109564LQBUENO_2025-04-30_G34,10109564LQBUENO,2025-04-30,181235,1,4,0,194.0
10109564LQBUENO_2025-04-30_G35,10109564LQBUENO,2025-04-30,121760,1,8,0,171.0
10109564LQBUENO_2025-04-30_G36,10109564LQBUENO,2025-04-30,124486,1,2,0,38.0
10109564LQBUENO_2025-04-30_G37,10109564LQBUENO,2025-04-30,"123561, 123909, 124248",3,8,48,76.0
10109564LQBUENO_2025-04-30_G38,10109564LQBUENO,2025-04-30,124371,1,2,0,160.0
10109564LQBUENO_2025-04-30_G39,10109564LQBUENO,2025-04-30,180054,1,1,0,1199.0
10109564LQBUENO_2025-05-07_G02,10109564LQBUENO,2025-05-07,122986,1,4,0,184.0
10109564LQBUENO_2025-05-07_G03,10109564LQBUENO,2025-05-07,124477,1,4,0,107.0
10109564LQBUENO_2025-05-07_G04,10109564LQBUENO,2025-05-07,122962,1,4,0,197.0
10109564LQBUENO_2025-05-07_G05,10109564LQBUENO,2025-05-07,124370,1,10,0,382.0
10109564LQBUENO_2025-05-07_G06,10109564LQBUENO,2025-05-07,123909,1,1,0,111.0
10109564LQBUENO_2025-05-07_G07,10109564LQBUENO,2025-05-07,122984,1,4,0,53.0
10109564LQBUENO_2025-05-07_G08,10109564LQBUENO,2025-05-07,120339,1,7,0,830.0
10109564LQBUENO_2025-05-07_G09,10109564LQBUENO,2025-05-07,121760,1,4,0,504.0
10109564LQBUENO_2025-05-07_G10,10109564LQBUENO,2025-05-07,122983,1,3,0,109.0
10109564LQBUENO_2025-05-07_G11,10109564LQBUENO,2025-05-07,122962,1,8,0,537.0
10109564LQBUENO_2025-05-07_G12,10109564LQBUENO,2025-05-07,123345,1,6,0,192.0
10109564LQBUENO_2025-05-07_G13,10109564LQBUENO,2025-05-07,123313,1,38,0,615.0
10109564LQBUENO_2025-05-07_G14,10109564LQBUENO,2025-05-07,123344,1,4,0,120.0
10109564LQBUENO_2025-05-07_G15,10109564LQBUENO,2025-05-07,122962,1,24,0,366.0
10109564LQBUENO_2025-05-07_G16,10109564LQBUENO,2025-05-07,124486,3,15,17,380.0
10109564LQBUENO_2025-05-07_G17,10109564LQBUENO,2025-05-07,124486,1,5,0,41.0
10109564LQBUENO_2025-05-07_G19,10109564LQBUENO,2025-05-07,122984,1,30,0,1006.0
10109564LQBUENO_2025-05-07_G20,10109564LQBUENO,2025-05-07,124370,1,12,0,1273.0
10109564LQBUENO_2025-05-07_G21,10109564LQBUENO,2025-05-07,124476,1,8,0,148.0
10109564LQBUENO_2025-05-07_G22,10109564LQBUENO,2025-05-07,123345,1,4,0,113.0
10109564LQBUENO_2025-05-07_G23,10109564LQBUENO,2025-05-07,121760,1,4,0,128.0
10109564LQBUENO_2025-05-07_G24,10109564LQBUENO,2025-05-07,123343,1,2,0,39.0
10109564LQBUENO_2025-05-07_G25,10109564LQBUENO,2025-05-07,122962,1,20,0,654.0
10109564LQBUENO_2025-05-07_G26,10109564LQBUENO,2025-05-07,122185,1,8,0,256.0
10109564LQBUENO_2025-05-07_G27,10109564LQBUENO,2025-05-07,124486,1,4,0,79.0
10109564LQBUENO_2025-05-07_G28,10109564LQBUENO,2025-05-07,121651,1,5,0,137.0
10109564LQBUENO_2025-05-07_G29,10109564LQBUENO,2025-05-07,121760,1,15,0,278.0
10109564LQBUENO_2025-05-07_G30,10109564LQBUENO,2025-05-07,124371,4,16,47,411.0
10109564LQBUENO_2025-05-07_G32,10109564LQBUENO,2025-05-07,122673,1,60,0,1774.0
10109564LQBUENO_2025-05-07_G33,10109564LQBUENO,2025-05-07,122962,1,90,0,1603.0
10109564LQBUENO_2025-05-07_G34,10109564LQBUENO,2025-05-07,124248,1,120,0,1578.0
10109564LQBUENO_2025-05-09_G02,10109564LQBUENO,2025-05-09,"122984, 124248",2,58,18,2169.0
10109564LQBUENO_2025-05-09_G03,10109564LQBUENO,2025-05-09,124248,1,30,0,348.0
10109564LQBUENO_2025-05-09_G04,10109564LQBUENO,2025-05-09,123343,1,16,0,236.0
10109564LQBUENO_2025-05-09_G05,10109564LQBUENO,2025-05-09,122185,1,20,0,227.0
10109564LQBUENO_2025-05-09_G06,10109564LQBUENO,2025-05-09,124548,1,59,0,842.0
10109564LQBUENO_2025-05-09_G07,10109564LQBUENO,2025-05-09,123345,1,6,0,98.0
10109564LQBUENO_2025-05-09_G08,10109564LQBUENO,2025-05-09,124247,1,14,0,63.0
10109564LQBUENO_2025-05-09_G09,10109564LQBUENO,2025-05-09,123343,1,12,0,163.0
10109564LQBUENO_2025-05-09_G10,10109564LQBUENO,2025-05-09,121760,1,8,0,190.0
10109564LQBUENO_2025-05-09_G11,10109564LQBUENO,2025-05-09,124247,1,2,0,194.0
10109564LQBUENO_2025-05-09_G12,10109564LQBUENO,2025-05-09,121651,1,10,0,147.0
10109564LQBUENO_2025-05-09_G13,10109564LQBUENO,2025-05-09,121651,1,4,0,96.0
10109564LQBUENO_2025-05-09_G14,10109564LQBUENO,2025-05-09,124247,1,4,0,1271.0
10109564LQBUENO_2025-05-09_G15,10109564LQBUENO,2025-05-09,124486,1,1,0,95.0
10109564LQBUENO_2025-05-09_G16,10109564LQBUENO,2025-05-09,122962,1,32,0,161.0
10109564LQBUENO_2025-05-09_G17,10109564LQBUENO,2025-05-09,124486,1,6,0,194.0
10109564LQBUENO_2025-05-09_G18,10109564LQBUENO,2025-05-09,120008,1,30,0,464.0
10109564LQBUENO_2025-05-09_G19,10109564LQBUENO,2025-05-09,124486,1,16,0,163.0
10109564LQBUENO_2025-05-09_G20,10109564LQBUENO,2025-05-09,122962,1,16,0,143.0
10109564LQBUENO_2025-05-09_G21,10109564LQBUENO,2025-05-09,124247,1,16,0,705.0
10109564LQBUENO_2025-05-09_G22,10109564LQBUENO,2025-05-09,122983,1,16,0,94.0
10109564LQBUENO_2025-05-09_G23,10109564LQBUENO,2025-05-09,123822,1,40,0,571.0
10109564LQBUENO_2025-05-09_G24,10109564LQBUENO,2025-05-09,122962,1,32,0,381.0
10109564LQBUENO_2025-05-09_G25,10109564LQBUENO,2025-05-09,124486,1,20,0,196.0
10109564LQBUENO_2025-05-09_G26,10109564LQBUENO,2025-05-09,122962,1,8,0,126.0
10109564LQBUENO_2025-05-09_G27,10109564LQBUENO,2025-05-09,123909,1,10,0,113.0
10109564LQBUENO_2025-05-09_G28,10109564LQBUENO,2025-05-09,122962,1,8,0,124.0
10109564LQBUENO_2025-05-09_G29,10109564LQBUENO,2025-05-09,120272,1,4,0,83.0
10109564LQBUENO_2025-05-09_G30,10109564LQBUENO,2025-05-09,123909,1,8,0,71.0
10109564LQBUENO_2025-05-09_G31,10109564LQBUENO,2025-05-09,"123345, 123343",2,4,5,51.0
10109564LQBUENO_2025-05-09_G32,10109564LQBUENO,2025-05-09,121760,1,2,0,189.0
10109564LQBUENO_2025-05-09_G33,10109564LQBUENO,2025-05-09,124486,1,4,0,76.0
10109564LQBUENO_2025-05-09_G34,10109564LQBUENO,2025-05-09,124247,1,4,0,57.0
10109564LQBUENO_2025-05-09_G35,10109564LQBUENO,2025-05-09,122983,1,8,0,96.0
10109564LQBUENO_2025-05-09_G36,10109564LQBUENO,2025-05-09,121760,1,4,0,793.0
10109564LQBUENO_2025-05-09_G37,10109564LQBUENO,2025-05-09,122962,1,24,0,641.0
10109564LQBUENO_2025-05-09_G39,10109564LQBUENO,2025-05-09,124486,1,14,0,824.0
10109564LQBUENO_2025-05-09_G40,10109564LQBUENO,2025-05-09,122962,1,16,0,91.0
10109564LQBUENO_2025-05-09_G41,10109564LQBUENO,2025-05-09,121651,1,10,0,139.0
10109564LQBUENO_2025-05-09_G42,10109564LQBUENO,2025-05-09,123343,1,2,0,198.0
10109564LQBUENO_2025-05-09_G43,10109564LQBUENO,2025-05-09,123909,1,2,0,181.0
10109564LQBUENO_2025-05-09_G44,10109564LQBUENO,2025-05-09,124433,1,12,0,390.0
10109564LQBUENO_2025-05-09_G45,10109564LQBUENO,2025-05-09,122188,1,12,0,313.0
10109564LQBUENO_2025-05-09_G46,10109564LQBUENO,2025-05-09,122986,1,10,0,180.0
10109564LQBUENO_2025-05-09_G47,10109564LQBUENO,2025-05-09,122962,1,24,0,304.0
10109564LQBUENO_2025-05-09_G48,10109564LQBUENO,2025-05-09,123822,1,20,0,360.0
10109564LQBUENO_2025-05-09_G49,10109564LQBUENO,2025-05-09,122962,1,16,0,235.0
10109564LQBUENO_2025-05-09_G50,10109564LQBUENO,2025-05-09,124486,1,6,0,74.0
10109564LQBUENO_2025-05-09_G51,10109564LQBUENO,2025-05-09,122962,1,16,0,176.0
10109564LQBUENO_2025-05-09_G52,10109564LQBUENO,2025-05-09,122962,1,13,0,195.0
10109564LQBUENO_2025-05-09_G53,10109564LQBUENO,2025-05-09,120028,1,5,0,120.0
10109564LQBUENO_2025-05-09_G54,10109564LQBUENO,2025-05-09,122962,1,5,0,218.0
10109564LQBUENO_2025-05-09_G55,10109564LQBUENO,2025-05-09,124248,1,10,0,177.0
10109564LQBUENO_2025-05-09_G56,10109564LQBUENO,2025-05-09,120028,1,2,0,1167.0
10109564LQBUENO_2025-05-09_G57,10109564LQBUENO,2025-05-09,124247,1,6,0,238.0
10109564LQBUENO_2025-05-09_G58,10109564LQBUENO,2025-05-09,122962,1,2,0,197.0
10109564LQBUENO_2025-05-09_G59,10109564LQBUENO,2025-05-09,122982,1,10,0,102.0
10109564LQBUENO_2025-05-09_G60,10109564LQBUENO,2025-05-09,120028,1,10,0,97.0
10109564LQBUENO_2025-05-09_G61,10109564LQBUENO,2025-05-09,122984,1,10,0,220.0
10109564LQBUENO_2025-05-09_G62,10109564LQBUENO,2025-05-09,120028,1,24,0,227.0
10109564LQBUENO_2025-05-09_G63,10109564LQBUENO,2025-05-09,124486,1,16,0,141.0
10109564LQBUENO_2025-05-09_G64,10109564LQBUENO,2025-05-09,122671,1,4,0,70.0
10109564LQBUENO_2025-05-09_G65,10109564LQBUENO,2025-05-09,122962,1,24,0,135.0
10109564LQBUENO_2025-05-10_G02,10109564LQBUENO,2025-05-10,122982,1,2,0,162.0
10109564LQBUENO_2025-05-10_G03,10109564LQBUENO,2025-05-10,123080,1,12,0,283.0
10109564LQBUENO_2025-05-10_G04,10109564LQBUENO,2025-05-10,124433,1,4,0,131.0
10109564LQBUENO_2025-05-10_G05,10109564LQBUENO,2025-05-10,122988,1,2,0,103.0
10109564LQBUENO_2025-05-10_G06,10109564LQBUENO,2025-05-10,124247,1,30,0,496.0
10109564LQBUENO_2025-05-10_G07,10109564LQBUENO,2025-05-10,124248,1,20,0,346.0
10109564LQBUENO_2025-05-10_G08,10109564LQBUENO,2025-05-10,124486,1,3,0,108.0
10109564LQBUENO_2025-05-10_G09,10109564LQBUENO,2025-05-10,123153,1,4,0,67.0
10109564LQBUENO_2025-05-10_G10,10109564LQBUENO,2025-05-10,122671,1,2,0,811.0
10109564LQBUENO_2025-05-10_G11,10109564LQBUENO,2025-05-10,122703,1,4,0,125.0
10109564LQBUENO_2025-05-10_G12,10109564LQBUENO,2025-05-10,123909,1,1,0,35.0
10109564LQBUENO_2025-05-10_G13,10109564LQBUENO,2025-05-10,121760,1,4,0,123.0
10109564LQBUENO_2025-05-10_G14,10109564LQBUENO,2025-05-10,123345,1,10,0,448.0
10109564LQBUENO_2025-05-10_G15,10109564LQBUENO,2025-05-10,122703,1,2,0,100.0
10109564LQBUENO_2025-05-10_G16,10109564LQBUENO,2025-05-10,123907,1,7,0,108.0
10109564LQBUENO_2025-05-10_G17,10109564LQBUENO,2025-05-10,121651,1,2,0,60.0
10109564LQBUENO_2025-05-10_G18,10109564LQBUENO,2025-05-10,123909,1,5,0,80.0
10109564LQBUENO_2025-05-10_G19,10109564LQBUENO,2025-05-10,123344,1,2,0,116.0
10109564LQBUENO_2025-05-10_G20,10109564LQBUENO,2025-05-10,123343,1,7,0,133.0
10109564LQBUENO_2025-05-10_G21,10109564LQBUENO,2025-05-10,123345,1,8,0,101.0
10109564LQBUENO_2025-05-10_G22,10109564LQBUENO,2025-05-10,123344,1,13,0,1276.0
10109564LQBUENO_2025-05-10_G23,10109564LQBUENO,2025-05-10,121760,1,4,0,38.0
10109564LQBUENO_2025-05-10_G24,10109564LQBUENO,2025-05-10,122962,1,16,0,540.0
10109564LQBUENO_2025-05-10_G25,10109564LQBUENO,2025-05-10,123909,1,1,0,176.0
10109564LQBUENO_2025-05-10_G26,10109564LQBUENO,2025-05-10,123889,1,2,0,108.0
10109564LQBUENO_2025-05-10_G27,10109564LQBUENO,2025-05-10,124248,2,170,6,1235.0
10109564LQBUENO_2025-05-10_G28,10109564LQBUENO,2025-05-10,124548,1,4,0,1219.0
10109564LQBUENO_2025-05-10_G29,10109564LQBUENO,2025-05-10,124548,1,20,0,73.0
10109564LQBUENO_2025-05-10_G30,10109564LQBUENO,2025-05-10,124247,2,4,6,174.0
10109564LQBUENO_2025-05-10_G31,10109564LQBUENO,2025-05-10,123562,1,2,0,74.0
10109564LQBUENO_2025-05-10_G32,10109564LQBUENO,2025-05-10,123889,1,16,0,106.0
10109564LQBUENO_2025-05-10_G33,10109564LQBUENO,2025-05-10,124370,1,60,0,632.0
10109564LQBUENO_2025-05-10_G34,10109564LQBUENO,2025-05-10,124248,1,16,0,626.0
10109564LQBUENO_2025-05-10_G35,10109564LQBUENO,2025-05-10,124371,1,30,0,351.0
10109564LQBUENO_2025-05-10_G36,10109564LQBUENO,2025-05-10,"120339, 122185",4,12,42,901.0
10109564LQBUENO_2025-05-10_G37,10109564LQBUENO,2025-05-10,122962,1,32,0,39.0
10109564LQBUENO_2025-05-10_G38,10109564LQBUENO,2025-05-10,122962,1,48,0,303.0
10109564LQBUENO_2025-05-10_G39,10109564LQBUENO,2025-05-10,123153,1,6,0,209.0
10109564LQBUENO_2025-05-10_G40,10109564LQBUENO,2025-05-10,123889,1,2,0,66.0
10109564LQBUENO_2025-05-10_G41,10109564LQBUENO,2025-05-10,124248,1,30,0,105.0
10109564LQBUENO_2025-05-10_G42,10109564LQBUENO,2025-05-10,120339,1,10,0,1051.0
10109564LQBUENO_2025-05-10_G43,10109564LQBUENO,2025-05-10,122985,1,16,0,308.0
10109564LQBUENO_2025-05-10_G44,10109564LQBUENO,2025-05-10,"123562, 120339, 122983",3,71,31,429.0
10109564LQBUENO_2025-05-10_G45,10109564LQBUENO,2025-05-10,120339,1,2,0,720.0
10109564LQBUENO_2025-05-10_G46,10109564LQBUENO,2025-05-10,123561,1,4,0,109.0
10109564LQBUENO_2025-05-10_G47,10109564LQBUENO,2025-05-10,124247,1,6,0,107.0
10109564LQBUENO_2025-05-10_G49,10109564LQBUENO,2025-05-10,122962,1,32,0,356.0
10109564LQBUENO_2025-05-10_G50,10109564LQBUENO,2025-05-10,122984,1,8,0,93.0
10109564LQBUENO_2025-05-10_G51,10109564LQBUENO,2025-05-10,120028,1,27,0,221.0
10109564LQBUENO_2025-05-10_G52,10109564LQBUENO,2025-05-10,"122983, 124247, 122962, 124486",4,15,41,340.0
10109564LQBUENO_2025-05-10_G53,10109564LQBUENO,2025-05-10,120272,1,3,0,49.0
10109564LQBUENO_2025-05-10_G54,10109564LQBUENO,2025-05-10,"123909, 123343",2,4,13,154.0
10109564LQBUENO_2025-05-10_G55,10109564LQBUENO,2025-05-10,122984,1,19,0,767.0
10109564LQBUENO_2025-05-12_G03,10109564LQBUENO,2025-05-12,122962,1,40,0,544.0
10109564LQBUENO_2025-05-12_G04,10109564LQBUENO,2025-05-12,123822,1,20,0,263.0
10109564LQBUENO_2025-05-12_G05,10109564LQBUENO,2025-05-12,120028,1,12,0,489.0
10109564LQBUENO_2025-05-12_G06,10109564LQBUENO,2025-05-12,124248,1,10,0,178.0
10109564LQBUENO_2025-05-12_G07,10109564LQBUENO,2025-05-12,123907,1,32,0,1957.0
10109564LQBUENO_2025-05-12_G08,10109564LQBUENO,2025-05-12,"124486, 123153",2,7,16,334.0
10109564LQBUENO_2025-05-12_G09,10109564LQBUENO,2025-05-12,124486,1,50,0,1188.0
10109564LQBUENO_2025-05-12_G10,10109564LQBUENO,2025-05-12,122962,1,40,0,627.0
10109564LQBUENO_2025-05-12_G11,10109564LQBUENO,2025-05-12,124247,1,14,0,387.0
10109564LQBUENO_2025-05-12_G13,10109564LQBUENO,2025-05-12,124486,1,30,0,287.0
10109564LQBUENO_2025-05-12_G14,10109564LQBUENO,2025-05-12,123343,1,11,0,269.0
10109564LQBUENO_2025-05-12_G15,10109564LQBUENO,2025-05-12,124548,1,6,0,610.0
10109564LQBUENO_2025-05-12_G16,10109564LQBUENO,2025-05-12,120028,1,26,0,660.0
10109564LQBUENO_2025-05-12_G17,10109564LQBUENO,2025-05-12,120028,2,105,7,1745.0
10109564LQBUENO_2025-05-12_G18,10109564LQBUENO,2025-05-12,122984,1,30,0,2721.0
10109564LQBUENO_2025-05-12_G19,10109564LQBUENO,2025-05-12,124248,1,20,0,294.0
10109564LQBUENO_2025-05-12_G20,10109564LQBUENO,2025-05-12,123130,1,12,0,320.0
10109564LQBUENO_2025-05-12_G21,10109564LQBUENO,2025-05-12,124486,1,20,0,245.0
10109564LQBUENO_2025-05-12_G22,10109564LQBUENO,2025-05-12,120028,1,20,0,318.0
10109564LQBUENO_2025-05-13_G02,10109564LQBUENO,2025-05-13,122962,1,70,0,601.0
10109564LQBUENO_2025-05-13_G03,10109564LQBUENO,2025-05-13,"124371, 122673",2,16,12,1576.0
10109564LQBUENO_2025-05-13_G04,10109564LQBUENO,2025-05-13,124247,1,20,0,125.0
10109564LQBUENO_2025-05-13_G05,10109564LQBUENO,2025-05-13,122983,1,16,0,310.0
10109564LQBUENO_2025-05-13_G06,10109564LQBUENO,2025-05-13,122984,1,32,0,421.0
10109564LQBUENO_2025-05-13_G07,10109564LQBUENO,2025-05-13,124248,1,80,0,1380.0
10109564LQBUENO_2025-05-13_G08,10109564LQBUENO,2025-05-13,124371,1,20,0,790.0
10109564LQBUENO_2025-05-13_G09,10109564LQBUENO,2025-05-13,124248,1,27,0,2428.0
10109564LQBUENO_2025-05-13_G10,10109564LQBUENO,2025-05-13,124248,8,40,51,1358.0
10109564LQBUENO_2025-05-13_G11,10109564LQBUENO,2025-05-13,120028,2,10,6,159.0
10109564LQBUENO_2025-05-13_G12,10109564LQBUENO,2025-05-13,120028,4,16,20,718.0
10109564LQBUENO_2025-05-13_G13,10109564LQBUENO,2025-05-13,122982,1,8,0,861.0
10109564LQBUENO_2025-05-13_G14,10109564LQBUENO,2025-05-13,120339,1,20,0,512.0
10109564LQBUENO_2025-05-13_G15,10109564LQBUENO,2025-05-13,123313,1,14,0,868.0
10109564LQBUENO_2025-05-13_G16,10109564LQBUENO,2025-05-13,"120339, 124371",2,16,5,126.0
10109564LQBUENO_2025-05-13_G17,10109564LQBUENO,2025-05-13,122983,1,4,0,263.0
10109564LQBUENO_2025-05-13_G18,10109564LQBUENO,2025-05-13,120339,1,6,0,189.0
10109564LQBUENO_2025-05-13_G19,10109564LQBUENO,2025-05-13,122185,1,20,0,360.0
10109564LQBUENO_2025-05-13_G20,10109564LQBUENO,2025-05-13,120339,1,4,0,120.0
10109564LQBUENO_2025-05-13_G21,10109564LQBUENO,2025-05-13,120339,1,10,0,183.0
10109564LQBUENO_2025-05-13_G22,10109564LQBUENO,2025-05-13,120339,1,8,0,50.0
10109564LQBUENO_2025-05-13_G24,10109564LQBUENO,2025-05-13,123560,2,16,6,843.0
10109564LQBUENO_2025-05-13_G25,10109564LQBUENO,2025-05-13,123560,2,6,19,58.0
10109564LQBUENO_2025-05-13_G26,10109564LQBUENO,2025-05-13,122983,1,20,0,353.0
10109564LQBUENO_2025-05-13_G27,10109564LQBUENO,2025-05-13,120389,1,20,0,387.0
10109564LQBUENO_2025-05-13_G28,10109564LQBUENO,2025-05-13,"122647, 120028",2,8,26,385.0
10109564LQBUENO_2025-05-13_G29,10109564LQBUENO,2025-05-13,120028,1,4,0,48.0
10109564LQBUENO_2025-05-13_G30,10109564LQBUENO,2025-05-13,124475,1,6,0,1237.0
10109564LQBUENO_2025-05-13_G31,10109564LQBUENO,2025-05-13,124476,1,4,0,86.0
10109564LQBUENO_2025-05-13_G32,10109564LQBUENO,2025-05-13,121760,1,8,0,96.0
10109564LQBUENO_2025-05-13_G33,10109564LQBUENO,2025-05-13,124476,1,4,0,319.0
10109564LQBUENO_2025-05-13_G34,10109564LQBUENO,2025-05-13,122185,1,3,0,32.0
10109564LQBUENO_2025-05-13_G35,10109564LQBUENO,2025-05-13,124486,1,5,0,38.0
10109564LQBUENO_2025-05-13_G36,10109564LQBUENO,2025-05-13,121651,1,4,0,100.0
10109564LQBUENO_2025-05-13_G37,10109564LQBUENO,2025-05-13,121760,1,8,0,90.0
10109564LQBUENO_2025-05-13_G38,10109564LQBUENO,2025-05-13,122981,1,2,0,96.0
10109564LQBUENO_2025-05-13_G39,10109564LQBUENO,2025-05-13,124475,1,5,0,113.0
10109564LQBUENO_2025-05-13_G40,10109564LQBUENO,2025-05-13,124476,1,6,0,146.0
10109564LQBUENO_2025-05-13_G41,10109564LQBUENO,2025-05-13,120389,1,3,0,56.0
10109564LQBUENO_2025-05-13_G42,10109564LQBUENO,2025-05-13,122962,1,11,0,105.0
10109564LQBUENO_2025-05-13_G43,10109564LQBUENO,2025-05-13,122986,1,4,0,141.0
10109564LQBUENO_2025-05-13_G44,10109564LQBUENO,2025-05-13,122982,1,4,0,93.0
10109564LQBUENO_2025-05-13_G45,10109564LQBUENO,2025-05-13,124475,1,6,0,180.0
10109564LQBUENO_2025-05-13_G46,10109564LQBUENO,2025-05-13,124476,1,14,0,140.0
10109564LQBUENO_2025-05-13_G47,10109564LQBUENO,2025-05-13,124486,1,17,0,204.0
10109564LQBUENO_2025-05-13_G48,10109564LQBUENO,2025-05-13,"121651, 123909",2,17,22,92.0
10109564LQBUENO_2025-05-13_G49,10109564LQBUENO,2025-05-13,122962,1,20,0,185.0
10109564LQBUENO_2025-05-13_G50,10109564LQBUENO,2025-05-13,123343,1,3,0,219.0
10109564LQBUENO_2025-05-13_G51,10109564LQBUENO,2025-05-13,123345,1,6,0,60.0
10109564LQBUENO_2025-05-13_G52,10109564LQBUENO,2025-05-13,121760,1,20,0,66.0
10109564LQBUENO_2025-05-13_G53,10109564LQBUENO,2025-05-13,122647,1,30,0,653.0
10109564LQBUENO_2025-05-13_G54,10109564LQBUENO,2025-05-13,122647,1,6,0,60.0
10109564LQBUENO_2025-05-13_G55,10109564LQBUENO,2025-05-13,122673,1,4,0,110.0
10109564LQBUENO_2025-05-14_G02,10109564LQBUENO,2025-05-14,124247,1,29,0,498.0
10109564LQBUENO_2025-05-14_G03,10109564LQBUENO,2025-05-14,124248,1,48,0,678.0
10109564LQBUENO_2025-05-14_G05,10109564LQBUENO,2025-05-14,123521,1,20,0,557.0
10109564LQBUENO_2025-05-14_G06,10109564LQBUENO,2025-05-14,123153,1,251,0,1722.0
10109564LQBUENO_2025-05-14_G07,10109564LQBUENO,2025-05-14,"123313, 123343",2,170,20,33.0
10109564LQBUENO_2025-05-14_G08,10109564LQBUENO,2025-05-14,122968,1,1,0,1230.0
10109564LQBUENO_2025-05-14_G09,10109564LQBUENO,2025-05-14,123562,1,12,0,278.0
10109564LQBUENO_2025-05-14_G10,10109564LQBUENO,2025-05-14,123153,1,6,0,99.0
10109564LQBUENO_2025-05-14_G11,10109564LQBUENO,2025-05-14,122185,1,60,0,1182.0
10109564LQBUENO_2025-05-14_G12,10109564LQBUENO,2025-05-14,124370,1,86,0,1429.0
10109564LQBUENO_2025-05-14_G13,10109564LQBUENO,2025-05-14,124247,1,24,0,305.0
10109564LQBUENO_2025-05-14_G14,10109564LQBUENO,2025-05-14,124486,1,2,0,151.0
10109564LQBUENO_2025-05-14_G15,10109564LQBUENO,2025-05-14,124371,1,24,0,145.0
10109564LQBUENO_2025-05-14_G16,10109564LQBUENO,2025-05-14,122983,1,12,0,608.0
10109564LQBUENO_2025-05-14_G17,10109564LQBUENO,2025-05-14,123561,1,24,0,56.0
10109564LQBUENO_2025-05-14_G18,10109564LQBUENO,2025-05-14,124371,1,4,0,372.0
10109564LQBUENO_2025-05-14_G19,10109564LQBUENO,2025-05-14,124371,1,14,0,102.0
10109564LQBUENO_2025-05-14_G20,10109564LQBUENO,2025-05-14,120339,1,43,0,1242.0
10109564LQBUENO_2025-05-14_G22,10109564LQBUENO,2025-05-14,124475,2,16,29,180.0
10109564LQBUENO_2025-05-14_G23,10109564LQBUENO,2025-05-14,124476,1,14,0,237.0
10109564LQBUENO_2025-05-14_G24,10109564LQBUENO,2025-05-14,121651,2,14,21,323.0
10109564LQBUENO_2025-05-14_G25,10109564LQBUENO,2025-05-14,121651,1,6,0,86.0
10109564LQBUENO_2025-05-14_G26,10109564LQBUENO,2025-05-14,124548,1,4,0,90.0
10109564LQBUENO_2025-05-14_G27,10109564LQBUENO,2025-05-14,121760,1,10,0,85.0
10109564LQBUENO_2025-05-14_G28,10109564LQBUENO,2025-05-14,121760,1,2,0,36.0
10109564LQBUENO_2025-05-14_G29,10109564LQBUENO,2025-05-14,122985,1,4,0,234.0
10109564LQBUENO_2025-05-14_G30,10109564LQBUENO,2025-05-14,122673,1,6,0,210.0
10109564LQBUENO_2025-05-14_G31,10109564LQBUENO,2025-05-14,123560,1,4,0,196.0
10109564LQBUENO_2025-05-14_G32,10109564LQBUENO,2025-05-14,122983,2,4,5,71.0
10109564LQBUENO_2025-05-14_G33,10109564LQBUENO,2025-05-14,123344,1,10,0,278.0
10109564LQBUENO_2025-05-14_G34,10109564LQBUENO,2025-05-14,123520,1,8,0,1640.0
10109564LQBUENO_2025-05-14_G35,10109564LQBUENO,2025-05-14,120008,1,28,0,615.0
10109564LQBUENO_2025-05-14_G36,10109564LQBUENO,2025-05-14,122647,1,8,0,105.0
10109564LQBUENO_2025-05-14_G37,10109564LQBUENO,2025-05-14,124264,1,14,0,218.0
10109564LQBUENO_2025-05-15_G02,10109564LQBUENO,2025-05-15,122984,1,20,0,244.0
10109564LQBUENO_2025-05-15_G03,10109564LQBUENO,2025-05-15,120028,1,40,0,438.0
10109564LQBUENO_2025-05-15_G04,10109564LQBUENO,2025-05-15,122982,1,8,0,247.0
10109564LQBUENO_2025-05-15_G05,10109564LQBUENO,2025-05-15,122962,1,21,0,122.0
10109564LQBUENO_2025-05-15_G06,10109564LQBUENO,2025-05-15,122647,1,50,0,2346.0
10109564LQBUENO_2025-05-15_G07,10109564LQBUENO,2025-05-15,122962,1,50,0,613.0
10109564LQBUENO_2025-05-15_G08,10109564LQBUENO,2025-05-15,123153,1,4,0,856.0
10109564LQBUENO_2025-05-15_G09,10109564LQBUENO,2025-05-15,122962,1,4,0,459.0
10109564LQBUENO_2025-05-15_G10,10109564LQBUENO,2025-05-15,"123822, 124486, 123909",3,18,33,31.0
10109564LQBUENO_2025-05-15_G11,10109564LQBUENO,2025-05-15,124247,1,16,0,277.0
10109564LQBUENO_2025-05-15_G12,10109564LQBUENO,2025-05-15,124486,1,16,0,73.0
10109564LQBUENO_2025-05-15_G13,10109564LQBUENO,2025-05-15,122983,1,5,0,277.0
10109564LQBUENO_2025-05-15_G14,10109564LQBUENO,2025-05-15,"122671, 123345",2,5,23,102.0
10109564LQBUENO_2025-05-15_G15,10109564LQBUENO,2025-05-15,122671,1,5,0,226.0
10109564LQBUENO_2025-05-15_G16,10109564LQBUENO,2025-05-15,124475,1,8,0,54.0
10109564LQBUENO_2025-05-15_G17,10109564LQBUENO,2025-05-15,121651,1,20,0,397.0
10109564LQBUENO_2025-05-15_G18,10109564LQBUENO,2025-05-15,120339,1,9,0,109.0
10109564LQBUENO_2025-05-15_G19,10109564LQBUENO,2025-05-15,124486,1,12,0,183.0
10109564LQBUENO_2025-05-15_G20,10109564LQBUENO,2025-05-15,122962,1,16,0,164.0
10109564LQBUENO_2025-05-15_G21,10109564LQBUENO,2025-05-15,123343,1,20,0,371.0
10109564LQBUENO_2025-05-15_G22,10109564LQBUENO,2025-05-15,"120339, 122671",2,12,19,511.0
10109564LQBUENO_2025-05-15_G23,10109564LQBUENO,2025-05-15,120008,1,1,0,79.0
10109564LQBUENO_2025-05-15_G24,10109564LQBUENO,2025-05-15,"122671, 122962",2,16,13,149.0
10109564LQBUENO_2025-05-15_G25,10109564LQBUENO,2025-05-15,122986,1,12,0,1240.0
10109564LQBUENO_2025-05-15_G26,10109564LQBUENO,2025-05-15,122671,1,4,0,40.0
10109564LQBUENO_2025-05-15_G27,10109564LQBUENO,2025-05-15,124247,1,60,0,100.0
10109564LQBUENO_2025-05-15_G28,10109564LQBUENO,2025-05-15,"124370, 123153",2,30,15,1120.0
10109564LQBUENO_2025-05-16_G02,10109564LQBUENO,2025-05-16,124370,1,4,0,69.0
10109564LQBUENO_2025-05-16_G03,10109564LQBUENO,2025-05-16,124371,1,4,0,151.0
10109564LQBUENO_2025-05-16_G04,10109564LQBUENO,2025-05-16,121651,1,14,0,283.0
10109564LQBUENO_2025-05-16_G05,10109564LQBUENO,2025-05-16,121651,2,16,22,39.0
10109564LQBUENO_2025-05-16_G06,10109564LQBUENO,2025-05-16,122962,1,30,0,218.0
10109564LQBUENO_2025-05-16_G07,10109564LQBUENO,2025-05-16,122703,1,30,0,525.0
10109564LQBUENO_2025-05-16_G08,10109564LQBUENO,2025-05-16,124247,1,6,0,240.0
10109564LQBUENO_2025-05-16_G09,10109564LQBUENO,2025-05-16,124371,1,30,0,307.0
10109564LQBUENO_2025-05-16_G10,10109564LQBUENO,2025-05-16,121651,1,8,0,134.0
10109564LQBUENO_2025-05-16_G11,10109564LQBUENO,2025-05-16,121651,1,70,0,903.0
10109564LQBUENO_2025-05-16_G12,10109564LQBUENO,2025-05-16,121760,1,13,0,77.0
10109564LQBUENO_2025-05-16_G13,10109564LQBUENO,2025-05-16,124476,1,6,0,704.0
10109564LQBUENO_2025-05-16_G14,10109564LQBUENO,2025-05-16,121760,1,4,0,60.0
10109564LQBUENO_2025-05-16_G15,10109564LQBUENO,2025-05-16,123343,1,1,0,106.0
10109564LQBUENO_2025-05-16_G16,10109564LQBUENO,2025-05-16,123822,1,100,0,1224.0
10109564LQBUENO_2025-05-16_G17,10109564LQBUENO,2025-05-16,122962,1,100,0,46.0
10109564LQBUENO_2025-05-16_G18,10109564LQBUENO,2025-05-16,120008,1,12,0,130.0
10109564LQBUENO_2025-05-16_G19,10109564LQBUENO,2025-05-16,124486,1,40,0,102.0
10109564LQBUENO_2025-05-16_G20,10109564LQBUENO,2025-05-16,121760,1,12,0,586.0
10109564LQBUENO_2025-05-16_G21,10109564LQBUENO,2025-05-16,181235,1,4,0,455.0
10109564LQBUENO_2025-05-16_G22,10109564LQBUENO,2025-05-16,181887,1,6,0,186.0
10109564LQBUENO_2025-05-16_G23,10109564LQBUENO,2025-05-16,124548,1,4,0,183.0
10109564LQBUENO_2025-05-16_G24,10109564LQBUENO,2025-05-16,124486,1,7,0,114.0
10109564LQBUENO_2025-05-16_G25,10109564LQBUENO,2025-05-16,124370,1,12,0,185.0
10109564LQBUENO_2025-05-16_G26,10109564LQBUENO,2025-05-16,181235,1,2,0,130.0
10109564LQBUENO_2025-05-16_G27,10109564LQBUENO,2025-05-16,181056,1,3,0,259.0
10109564LQBUENO_2025-05-16_G28,10109564LQBUENO,2025-05-16,181887,1,6,0,317.0
10109564LQBUENO_2025-05-16_G29,10109564LQBUENO,2025-05-16,123130,1,80,0,1986.0
10109564LQBUENO_2025-05-16_G30,10109564LQBUENO,2025-05-16,123343,1,4,0,855.0
10109564LQBUENO_2025-05-16_G31,10109564LQBUENO,2025-05-16,"122962, 124247, 120389",5,52,51,68.0
10109564LQBUENO_2025-05-16_G32,10109564LQBUENO,2025-05-16,"122982, 123520",2,6,21,123.0
10109564LQBUENO_2025-05-16_G33,10109564LQBUENO,2025-05-16,122983,1,30,0,251.0
10109564LQBUENO_2025-05-16_G34,10109564LQBUENO,2025-05-16,122962,1,100,0,716.0
10109564LQBUENO_2025-05-16_G35,10109564LQBUENO,2025-05-16,122986,1,40,0,2878.0
10109564LQBUENO_2025-05-16_G36,10109564LQBUENO,2025-05-16,124247,1,50,0,450.0
10109564LQBUENO_2025-05-16_G38,10109564LQBUENO,2025-05-16,123080,1,38,0,900.0
10109564LQBUENO_2025-05-16_G39,10109564LQBUENO,2025-05-16,123947,1,20,0,759.0
10109564LQBUENO_2025-05-16_G40,10109564LQBUENO,2025-05-16,122673,1,16,0,446.0
10109564LQBUENO_2025-05-16_G41,10109564LQBUENO,2025-05-16,180024,1,2,0,135.0
10109564LQBUENO_2025-05-16_G42,10109564LQBUENO,2025-05-16,"124247, 123343",2,11,23,93.0
10109564LQBUENO_2025-05-16_G43,10109564LQBUENO,2025-05-16,124486,1,8,0,129.0
10109564LQBUENO_2025-05-16_G44,10109564LQBUENO,2025-05-16,120028,1,27,0,338.0
10109564LQBUENO_2025-05-16_G45,10109564LQBUENO,2025-05-16,124486,1,50,0,985.0
10109564LQBUENO_2025-05-16_G46,10109564LQBUENO,2025-05-16,123909,1,4,0,104.0
10109564LQBUENO_2025-05-16_G47,10109564LQBUENO,2025-05-16,122962,1,16,0,485.0
10109564LQBUENO_2025-05-16_G48,10109564LQBUENO,2025-05-16,122671,1,4,0,168.0
10109564LQBUENO_2025-05-17_G02,10109564LQBUENO,2025-05-17,123343,1,2,0,156.0
10109564LQBUENO_2025-05-17_G03,10109564LQBUENO,2025-05-17,122703,1,9,0,130.0
10109564LQBUENO_2025-05-17_G04,10109564LQBUENO,2025-05-17,122988,1,3,0,142.0
10109564LQBUENO_2025-05-17_G05,10109564LQBUENO,2025-05-17,124371,1,4,0,44.0
10109564LQBUENO_2025-05-17_G06,10109564LQBUENO,2025-05-17,121651,1,9,0,141.0
10109564LQBUENO_2025-05-17_G07,10109564LQBUENO,2025-05-17,123521,1,8,0,121.0
10109564LQBUENO_2025-05-17_G08,10109564LQBUENO,2025-05-17,122984,1,10,0,251.0
10109564LQBUENO_2025-05-17_G09,10109564LQBUENO,2025-05-17,122982,1,60,0,525.0
10109564LQBUENO_2025-05-17_G10,10109564LQBUENO,2025-05-17,122703,1,7,0,1174.0
10109564LQBUENO_2025-05-17_G11,10109564LQBUENO,2025-05-17,123130,1,80,0,2020.0
10109564LQBUENO_2025-05-17_G12,10109564LQBUENO,2025-05-17,123130,1,28,0,411.0
10109564LQBUENO_2025-05-17_G13,10109564LQBUENO,2025-05-17,122962,1,8,0,492.0
10109564LQBUENO_2025-05-17_G14,10109564LQBUENO,2025-05-17,124548,2,8,9,82.0
10109564LQBUENO_2025-05-17_G15,10109564LQBUENO,2025-05-17,120272,1,7,0,137.0
10109564LQBUENO_2025-05-17_G16,10109564LQBUENO,2025-05-17,124247,1,1,0,100.0
10109564LQBUENO_2025-05-17_G17,10109564LQBUENO,2025-05-17,123947,1,1,0,1405.0
10109564LQBUENO_2025-05-17_G18,10109564LQBUENO,2025-05-17,124486,1,2,0,36.0
10109564LQBUENO_2025-05-17_G19,10109564LQBUENO,2025-05-17,123313,1,1,0,51.0
10109564LQBUENO_2025-05-17_G20,10109564LQBUENO,2025-05-17,122981,1,2,0,120.0
10109564LQBUENO_2025-05-17_G21,10109564LQBUENO,2025-05-17,122984,1,12,0,164.0
10109564LQBUENO_2025-05-17_G22,10109564LQBUENO,2025-05-17,122983,1,4,0,131.0
10109564LQBUENO_2025-05-17_G24,10109564LQBUENO,2025-05-17,123343,1,20,0,149.0
10109564LQBUENO_2025-05-17_G25,10109564LQBUENO,2025-05-17,122984,1,31,0,205.0
10109564LQBUENO_2025-05-17_G26,10109564LQBUENO,2025-05-17,123343,1,20,0,791.0
10109564LQBUENO_2025-05-17_G27,10109564LQBUENO,2025-05-17,123345,1,40,0,234.0
10109564LQBUENO_2025-05-17_G28,10109564LQBUENO,2025-05-17,121651,1,12,0,799.0
10109564LQBUENO_2025-05-17_G29,10109564LQBUENO,2025-05-17,123909,1,14,0,115.0
10109564LQBUENO_2025-05-17_G30,10109564LQBUENO,2025-05-17,123561,1,2,0,232.0
10109564LQBUENO_2025-05-17_G31,10109564LQBUENO,2025-05-17,122982,1,4,0,92.0
10109564LQBUENO_2025-05-17_G32,10109564LQBUENO,2025-05-17,122703,1,2,0,58.0
10109564LQBUENO_2025-05-17_G33,10109564LQBUENO,2025-05-17,122984,1,16,0,132.0
10109564LQBUENO_2025-05-17_G35,10109564LQBUENO,2025-05-17,124247,1,12,0,309.0
10109564LQBUENO_2025-05-17_G36,10109564LQBUENO,2025-05-17,124247,1,20,0,219.0
10109564LQBUENO_2025-05-17_G37,10109564LQBUENO,2025-05-17,122673,1,20,0,606.0
10109564LQBUENO_2025-05-17_G38,10109564LQBUENO,2025-05-17,122673,1,30,0,921.0
10109564LQBUENO_2025-05-17_G39,10109564LQBUENO,2025-05-17,123909,1,1,0,128.0
10109564LQBUENO_2025-05-17_G40,10109564LQBUENO,2025-05-17,122962,1,4,0,51.0
10109564LQBUENO_2025-05-17_G41,10109564LQBUENO,2025-05-17,122671,1,8,0,88.0
10109564LQBUENO_2025-05-17_G42,10109564LQBUENO,2025-05-17,123343,1,6,0,235.0
10109564LQBUENO_2025-05-17_G43,10109564LQBUENO,2025-05-17,122673,2,10,7,49.0
10109564LQBUENO_2025-05-17_G44,10109564LQBUENO,2025-05-17,122673,1,4,0,466.0
10109564LQBUENO_2025-05-17_G45,10109564LQBUENO,2025-05-17,124486,1,4,0,127.0
10109564LQBUENO_2025-05-17_G46,10109564LQBUENO,2025-05-17,123081,1,40,0,93.0
10109564LQBUENO_2025-05-17_G47,10109564LQBUENO,2025-05-17,123345,1,10,0,324.0
10109564LQBUENO_2025-05-17_G48,10109564LQBUENO,2025-05-17,122962,1,40,0,416.0
10109564LQBUENO_2025-05-20_G02,10109564LQBUENO,2025-05-20,123562,1,6,0,480.0
10109564LQBUENO_2025-05-20_G03,10109564LQBUENO,2025-05-20,124486,1,2,0,154.0
10109564LQBUENO_2025-05-20_G04,10109564LQBUENO,2025-05-20,"121760, 124475",2,10,28,218.0
10109564LQBUENO_2025-05-20_G05,10109564LQBUENO,2025-05-20,123343,1,5,0,78.0
10109564LQBUENO_2025-05-20_G06,10109564LQBUENO,2025-05-20,120339,1,12,0,1352.0
10109564LQBUENO_2025-05-20_G07,10109564LQBUENO,2025-05-20,121651,1,24,0,550.0
10109564LQBUENO_2025-05-20_G08,10109564LQBUENO,2025-05-20,121760,1,12,0,249.0
10109564LQBUENO_2025-05-20_G09,10109564LQBUENO,2025-05-20,123345,1,17,0,226.0
10109564LQBUENO_2025-05-20_G10,10109564LQBUENO,2025-05-20,121651,1,15,0,278.0
10109564LQBUENO_2025-05-20_G11,10109564LQBUENO,2025-05-20,122703,1,4,0,193.0
10109564LQBUENO_2025-05-20_G12,10109564LQBUENO,2025-05-20,121760,1,29,0,350.0
10109564LQBUENO_2025-05-20_G13,10109564LQBUENO,2025-05-20,123345,1,21,0,369.0
10109564LQBUENO_2025-05-20_G14,10109564LQBUENO,2025-05-20,123343,1,4,0,53.0
10109564LQBUENO_2025-05-20_G15,10109564LQBUENO,2025-05-20,122962,1,20,0,768.0
10109564LQBUENO_2025-05-20_G16,10109564LQBUENO,2025-05-20,124247,1,12,0,100.0
10109564LQBUENO_2025-05-20_G17,10109564LQBUENO,2025-05-20,124486,1,33,0,442.0
10109564LQBUENO_2025-05-20_G18,10109564LQBUENO,2025-05-20,122984,1,32,0,197.0
10109564LQBUENO_2025-05-20_G19,10109564LQBUENO,2025-05-20,122673,1,16,0,695.0
10109564LQBUENO_2025-05-20_G20,10109564LQBUENO,2025-05-20,122647,1,40,0,645.0
10109564LQBUENO_2025-05-20_G21,10109564LQBUENO,2025-05-20,123130,1,30,0,618.0
10109564LQBUENO_2025-05-20_G22,10109564LQBUENO,2025-05-20,123909,1,9,0,124.0
10109564LQBUENO_2025-05-20_G23,10109564LQBUENO,2025-05-20,122671,1,70,0,583.0
10109564LQBUENO_2025-05-20_G24,10109564LQBUENO,2025-05-20,122962,1,45,0,359.0
10109564LQBUENO_2025-05-20_G25,10109564LQBUENO,2025-05-20,124594,2,63,5,2273.0
10109564LQBUENO_2025-05-20_G27,10109564LQBUENO,2025-05-20,124548,1,75,0,1497.0
10109564LQBUENO_2025-05-20_G28,10109564LQBUENO,2025-05-20,123343,1,12,0,201.0
10109564LQBUENO_2025-05-20_G29,10109564LQBUENO,2025-05-20,123345,1,12,0,110.0
10109564LQBUENO_2025-05-20_G30,10109564LQBUENO,2025-05-20,122984,1,6,0,252.0
10109564LQBUENO_2025-05-20_G31,10109564LQBUENO,2025-05-20,121651,1,4,0,49.0
10109564LQBUENO_2025-05-20_G32,10109564LQBUENO,2025-05-20,121760,1,4,0,82.0
10109564LQBUENO_2025-05-20_G33,10109564LQBUENO,2025-05-20,123822,1,6,0,158.0
10109564LQBUENO_2025-05-20_G34,10109564LQBUENO,2025-05-20,122196,1,8,0,1140.0
10109564LQBUENO_2025-05-20_G35,10109564LQBUENO,2025-05-20,120272,1,6,0,32.0
10109564LQBUENO_2025-05-20_G36,10109564LQBUENO,2025-05-20,122962,1,40,0,78.0
10109564LQBUENO_2025-05-20_G37,10109564LQBUENO,2025-05-20,122962,1,8,0,335.0
10109564LQBUENO_2025-05-20_G38,10109564LQBUENO,2025-05-20,122671,1,12,0,486.0
10109564LQBUENO_2025-05-21_G02,10109564LQBUENO,2025-05-21,124486,1,40,0,1788.0
10109564LQBUENO_2025-05-21_G03,10109564LQBUENO,2025-05-21,123153,1,25,0,175.0
10109564LQBUENO_2025-05-21_G04,10109564LQBUENO,2025-05-21,123909,1,32,0,312.0
10109564LQBUENO_2025-05-21_G05,10109564LQBUENO,2025-05-21,122962,1,12,0,42.0
10109564LQBUENO_2025-05-21_G06,10109564LQBUENO,2025-05-21,122962,1,40,0,403.0
10109564LQBUENO_2025-05-21_G07,10109564LQBUENO,2025-05-21,124486,1,10,0,215.0
10109564LQBUENO_2025-05-21_G08,10109564LQBUENO,2025-05-21,122962,1,24,0,67.0
10109564LQBUENO_2025-05-21_G09,10109564LQBUENO,2025-05-21,180073,1,6,0,2035.0
10109564LQBUENO_2025-05-21_G10,10109564LQBUENO,2025-05-21,"124433, 122185",2,41,17,152.0
10109564LQBUENO_2025-05-21_G11,10109564LQBUENO,2025-05-21,180024,1,4,0,209.0
10109564LQBUENO_2025-05-21_G12,10109564LQBUENO,2025-05-21,120287,1,95,0,2663.0
10109564LQBUENO_2025-05-21_G13,10109564LQBUENO,2025-05-21,181235,1,2,0,725.0
10109564LQBUENO_2025-05-21_G14,10109564LQBUENO,2025-05-21,122673,1,25,0,112.0
10109564LQBUENO_2025-05-21_G15,10109564LQBUENO,2025-05-21,124486,1,50,0,482.0
10109564LQBUENO_2025-05-21_G16,10109564LQBUENO,2025-05-21,122962,1,36,0,229.0
10109564LQBUENO_2025-05-21_G17,10109564LQBUENO,2025-05-21,122671,1,5,0,205.0
10109564LQBUENO_2025-05-21_G18,10109564LQBUENO,2025-05-21,123909,1,39,0,123.0
10109564LQBUENO_2025-05-21_G19,10109564LQBUENO,2025-05-21,124486,1,37,0,299.0
10109564LQBUENO_2025-05-21_G20,10109564LQBUENO,2025-05-21,122673,1,12,0,192.0
10109564LQBUENO_2025-05-21_G21,10109564LQBUENO,2025-05-21,124248,1,4,0,1869.0
10109564LQBUENO_2025-05-21_G22,10109564LQBUENO,2025-05-21,124594,1,4,0,167.0
10109564LQBUENO_2025-05-21_G23,10109564LQBUENO,2025-05-21,123345,1,9,0,128.0
10109564LQBUENO_2025-05-21_G24,10109564LQBUENO,2025-05-21,122962,1,4,0,230.0
10109564LQBUENO_2025-05-21_G25,10109564LQBUENO,2025-05-21,"122671, 123909",2,8,7,131.0
10109564LQBUENO_2025-05-21_G26,10109564LQBUENO,2025-05-21,124486,1,6,0,300.0
10109564LQBUENO_2025-05-21_G27,10109564LQBUENO,2025-05-21,124248,2,4,8,79.0
10109564LQBUENO_2025-05-21_G28,10109564LQBUENO,2025-05-21,122982,1,8,0,268.0
10109564LQBUENO_2025-05-21_G29,10109564LQBUENO,2025-05-21,122984,1,10,0,179.0
10109564LQBUENO_2025-05-21_G31,10109564LQBUENO,2025-05-21,124248,1,6,0,99.0
10109564LQBUENO_2025-05-21_G32,10109564LQBUENO,2025-05-21,124486,1,2,0,91.0
10109564LQBUENO_2025-05-21_G33,10109564LQBUENO,2025-05-21,122984,1,10,0,59.0
10109564LQBUENO_2025-05-21_G34,10109564LQBUENO,2025-05-21,123343,1,4,0,185.0
10109564LQBUENO_2025-05-21_G35,10109564LQBUENO,2025-05-21,122671,1,5,0,136.0
10109564LQBUENO_2025-05-21_G36,10109564LQBUENO,2025-05-21,121651,1,4,0,60.0
10109564LQBUENO_2025-05-21_G37,10109564LQBUENO,2025-05-21,124475,1,4,0,137.0
10109564LQBUENO_2025-05-21_G38,10109564LQBUENO,2025-05-21,121923,1,2,0,38.0
10109564LQBUENO_2025-05-21_G39,10109564LQBUENO,2025-05-21,121760,1,4,0,115.0
10109564LQBUENO_2025-05-21_G40,10109564LQBUENO,2025-05-21,124486,1,10,0,73.0
10109564LQBUENO_2025-05-21_G41,10109564LQBUENO,2025-05-21,123345,1,4,0,248.0
10109564LQBUENO_2025-05-21_G42,10109564LQBUENO,2025-05-21,121651,1,13,0,203.0
10109564LQBUENO_2025-05-21_G43,10109564LQBUENO,2025-05-21,122703,1,5,0,1417.0
10109564LQBUENO_2025-05-21_G44,10109564LQBUENO,2025-05-21,122984,1,8,0,556.0
10109564LQBUENO_2025-05-21_G45,10109564LQBUENO,2025-05-21,124247,1,4,0,91.0
10109564LQBUENO_2025-05-21_G46,10109564LQBUENO,2025-05-21,124248,1,4,0,89.0
10109564LQBUENO_2025-05-21_G47,10109564LQBUENO,2025-05-21,124248,1,4,0,66.0
10109564LQBUENO_2025-05-21_G48,10109564LQBUENO,2025-05-21,123909,1,6,0,106.0
10109564LQBUENO_2025-05-21_G49,10109564LQBUENO,2025-05-21,124548,1,8,0,187.0
10109564LQBUENO_2025-05-21_G50,10109564LQBUENO,2025-05-21,123561,1,4,0,172.0
10109564LQBUENO_2025-05-21_G51,10109564LQBUENO,2025-05-21,121760,1,24,0,185.0
10109564LQBUENO_2025-05-21_G52,10109564LQBUENO,2025-05-21,"181887, 124248, 123345",3,7,44,484.0
10109564LQBUENO_2025-05-22_G02,10109564LQBUENO,2025-05-22,122671,1,30,0,151.0
10109564LQBUENO_2025-05-22_G03,10109564LQBUENO,2025-05-22,124370,1,16,0,285.0
10109564LQBUENO_2025-05-22_G04,10109564LQBUENO,2025-05-22,121651,1,24,0,190.0
10109564LQBUENO_2025-05-22_G05,10109564LQBUENO,2025-05-22,122981,1,16,0,236.0
10109564LQBUENO_2025-05-22_G06,10109564LQBUENO,2025-05-22,124476,1,16,0,167.0
10109564LQBUENO_2025-05-22_G07,10109564LQBUENO,2025-05-22,124247,1,10,0,182.0
10109564LQBUENO_2025-05-22_G08,10109564LQBUENO,2025-05-22,124475,1,20,0,236.0
10109564LQBUENO_2025-05-22_G09,10109564LQBUENO,2025-05-22,123521,1,3,0,999.0
10109564LQBUENO_2025-05-22_G10,10109564LQBUENO,2025-05-22,124371,1,20,0,237.0
10109564LQBUENO_2025-05-22_G11,10109564LQBUENO,2025-05-22,122983,1,34,0,474.0
10109564LQBUENO_2025-05-22_G12,10109564LQBUENO,2025-05-22,122673,1,26,0,383.0
10109564LQBUENO_2025-05-22_G13,10109564LQBUENO,2025-05-22,124486,1,50,0,1943.0
10109564LQBUENO_2025-05-22_G14,10109564LQBUENO,2025-05-22,123947,1,10,0,982.0
10109564LQBUENO_2025-05-22_G15,10109564LQBUENO,2025-05-22,123153,1,25,0,305.0
10109564LQBUENO_2025-05-22_G16,10109564LQBUENO,2025-05-22,123889,1,8,0,786.0
10109564LQBUENO_2025-05-22_G17,10109564LQBUENO,2025-05-22,123822,1,10,0,286.0
10109564LQBUENO_2025-05-22_G18,10109564LQBUENO,2025-05-22,122962,1,6,0,231.0
10109564LQBUENO_2025-05-22_G19,10109564LQBUENO,2025-05-22,123345,1,8,0,66.0
10109564LQBUENO_2025-05-22_G20,10109564LQBUENO,2025-05-22,121651,1,10,0,393.0
10109564LQBUENO_2025-05-22_G21,10109564LQBUENO,2025-05-22,124248,1,4,0,135.0
10109564LQBUENO_2025-05-22_G22,10109564LQBUENO,2025-05-22,124486,1,7,0,125.0
10109564LQBUENO_2025-05-22_G23,10109564LQBUENO,2025-05-22,124248,1,6,0,165.0
10109564LQBUENO_2025-05-22_G24,10109564LQBUENO,2025-05-22,124248,1,32,0,336.0
10109564LQBUENO_2025-05-22_G25,10109564LQBUENO,2025-05-22,124247,1,6,0,304.0
10109564LQBUENO_2025-05-22_G26,10109564LQBUENO,2025-05-22,123345,1,8,0,144.0
10109564LQBUENO_2025-05-22_G27,10109564LQBUENO,2025-05-22,121760,1,10,0,491.0
10109564LQBUENO_2025-05-22_G28,10109564LQBUENO,2025-05-22,123909,1,5,0,86.0
10109564LQBUENO_2025-05-22_G29,10109564LQBUENO,2025-05-22,124370,1,8,0,181.0
10109564LQBUENO_2025-05-22_G30,10109564LQBUENO,2025-05-22,121651,1,25,0,845.0
10109564LQBUENO_2025-05-22_G31,10109564LQBUENO,2025-05-22,123909,1,4,0,1494.0
10109564LQBUENO_2025-05-22_G32,10109564LQBUENO,2025-05-22,124486,1,8,0,69.0
10109564LQBUENO_2025-05-22_G33,10109564LQBUENO,2025-05-22,124486,1,20,0,390.0
10109564LQBUENO_2025-05-22_G34,10109564LQBUENO,2025-05-22,123153,1,18,0,334.0
10109564LQBUENO_2025-05-22_G35,10109564LQBUENO,2025-05-22,123822,1,13,0,193.0
10109564LQBUENO_2025-05-22_G37,10109564LQBUENO,2025-05-22,181057,1,4,0,59.0
10109564LQBUENO_2025-05-22_G38,10109564LQBUENO,2025-05-22,180001,1,6,0,704.0
10109564LQBUENO_2025-05-22_G39,10109564LQBUENO,2025-05-22,181815,1,8,0,215.0
10109564LQBUENO_2025-05-22_G40,10109564LQBUENO,2025-05-22,123521,1,1,0,418.0
10109564LQBUENO_2025-05-22_G41,10109564LQBUENO,2025-05-22,124247,1,30,0,319.0
10109564LQBUENO_2025-05-22_G42,10109564LQBUENO,2025-05-22,121651,1,8,0,171.0
10109564LQBUENO_2025-05-22_G43,10109564LQBUENO,2025-05-22,122962,1,8,0,128.0
10109564LQBUENO_2025-05-22_G44,10109564LQBUENO,2025-05-22,123909,1,24,0,322.0
10109564LQBUENO_2025-05-22_G45,10109564LQBUENO,2025-05-22,123153,1,4,0,185.0
10109564LQBUENO_2025-05-22_G46,10109564LQBUENO,2025-05-22,123520,1,7,0,158.0
10109564LQBUENO_2025-05-22_G47,10109564LQBUENO,2025-05-22,122647,1,8,0,140.0
10109564LQBUENO_2025-05-22_G48,10109564LQBUENO,2025-05-22,122673,1,10,0,261.0
10109564LQBUENO_2025-05-22_G49,10109564LQBUENO,2025-05-22,120272,1,4,0,52.0
10109564LQBUENO_2025-05-22_G50,10109564LQBUENO,2025-05-22,123343,1,15,0,94.0
10109564LQBUENO_2025-05-22_G51,10109564LQBUENO,2025-05-22,123130,1,12,0,1014.0
10109564LQBUENO_2025-05-22_G52,10109564LQBUENO,2025-05-22,122962,1,8,0,316.0
10109564LQBUENO_2025-05-22_G53,10109564LQBUENO,2025-05-22,122647,1,16,0,220.0
10109564LQBUENO_2025-05-22_G54,10109564LQBUENO,2025-05-22,122673,1,16,0,137.0
10109564LQBUENO_2025-05-22_G55,10109564LQBUENO,2025-05-22,122647,1,6,0,161.0
10109564LQBUENO_2025-05-23_G02,10109564LQBUENO,2025-05-23,122981,1,4,0,90.0
10109564LQBUENO_2025-05-23_G03,10109564LQBUENO,2025-05-23,124247,1,2,0,88.0
10109564LQBUENO_2025-05-23_G04,10109564LQBUENO,2025-05-23,122984,1,6,0,839.0
10109564LQBUENO_2025-05-23_G05,10109564LQBUENO,2025-05-23,124248,2,6,7,120.0
10109564LQBUENO_2025-05-23_G06,10109564LQBUENO,2025-05-23,120339,1,2,0,84.0
10109564LQBUENO_2025-05-23_G07,10109564LQBUENO,2025-05-23,123561,1,4,0,923.0
10109564LQBUENO_2025-05-23_G08,10109564LQBUENO,2025-05-23,122983,2,8,12,121.0
10109564LQBUENO_2025-05-23_G09,10109564LQBUENO,2025-05-23,124247,1,2,0,122.0
10109564LQBUENO_2025-05-23_G10,10109564LQBUENO,2025-05-23,120272,1,2,0,105.0
10109564LQBUENO_2025-05-23_G11,10109564LQBUENO,2025-05-23,120339,6,66,41,69.0
10109564LQBUENO_2025-05-23_G12,10109564LQBUENO,2025-05-23,123822,1,50,0,1482.0
10109564LQBUENO_2025-05-23_G13,10109564LQBUENO,2025-05-23,124594,1,10,0,611.0
10109564LQBUENO_2025-05-23_G14,10109564LQBUENO,2025-05-23,122962,5,20,39,54.0
10109564LQBUENO_2025-05-23_G15,10109564LQBUENO,2025-05-23,122962,2,8,6,239.0
10109564LQBUENO_2025-05-23_G16,10109564LQBUENO,2025-05-23,123822,1,7,0,188.0
10109564LQBUENO_2025-05-23_G17,10109564LQBUENO,2025-05-23,123822,1,7,0,54.0
10109564LQBUENO_2025-05-23_G18,10109564LQBUENO,2025-05-23,123822,1,7,0,64.0
10109564LQBUENO_2025-05-23_G19,10109564LQBUENO,2025-05-23,123822,1,7,0,114.0
10109564LQBUENO_2025-05-23_G20,10109564LQBUENO,2025-05-23,123822,1,7,0,96.0
10109564LQBUENO_2025-05-23_G21,10109564LQBUENO,2025-05-23,123822,2,14,30,172.0
10109564LQBUENO_2025-05-23_G22,10109564LQBUENO,2025-05-23,123153,1,4,0,125.0
10109564LQBUENO_2025-05-23_G23,10109564LQBUENO,2025-05-23,123343,1,4,0,75.0
10109564LQBUENO_2025-05-23_G24,10109564LQBUENO,2025-05-23,122671,1,4,0,122.0
10109564LQBUENO_2025-05-23_G25,10109564LQBUENO,2025-05-23,122962,1,12,0,1652.0
10109564LQBUENO_2025-05-23_G26,10109564LQBUENO,2025-05-23,120028,1,3,0,249.0
10109564LQBUENO_2025-05-23_G27,10109564LQBUENO,2025-05-23,122673,1,10,0,98.0
10109564LQBUENO_2025-05-23_G28,10109564LQBUENO,2025-05-23,122185,1,30,0,586.0
10109564LQBUENO_2025-05-23_G29,10109564LQBUENO,2025-05-23,122189,1,10,0,361.0
10109564LQBUENO_2025-05-23_G30,10109564LQBUENO,2025-05-23,124371,1,12,0,141.0
10109564LQBUENO_2025-05-23_G31,10109564LQBUENO,2025-05-23,122962,1,12,0,193.0
10109564LQBUENO_2025-05-23_G32,10109564LQBUENO,2025-05-23,123889,1,16,0,2222.0
10109564LQBUENO_2025-05-23_G33,10109564LQBUENO,2025-05-23,122962,1,4,0,90.0
10109564LQBUENO_2025-05-23_G34,10109564LQBUENO,2025-05-23,124248,1,12,0,322.0
10109564LQBUENO_2025-05-23_G35,10109564LQBUENO,2025-05-23,122647,1,4,0,111.0
10109564LQBUENO_2025-05-23_G36,10109564LQBUENO,2025-05-23,181057,1,12,0,180.0
10109564LQBUENO_2025-05-23_G37,10109564LQBUENO,2025-05-23,124486,1,10,0,559.0
10109564LQBUENO_2025-05-23_G39,10109564LQBUENO,2025-05-23,120028,2,12,5,35.0
10109564LQBUENO_2025-05-23_G40,10109564LQBUENO,2025-05-23,120028,1,4,0,289.0
10109564LQBUENO_2025-05-23_G41,10109564LQBUENO,2025-05-23,122671,1,4,0,37.0
10109564LQBUENO_2025-05-23_G42,10109564LQBUENO,2025-05-23,120008,1,2,0,60.0
10109564LQBUENO_2025-05-23_G43,10109564LQBUENO,2025-05-23,122962,1,24,0,267.0
10109564LQBUENO_2025-05-23_G44,10109564LQBUENO,2025-05-23,122962,1,80,0,881.0
10109564LQBUENO_2025-05-23_G45,10109564LQBUENO,2025-05-23,122647,1,60,0,1686.0
10109564LQBUENO_2025-05-23_G46,10109564LQBUENO,2025-05-23,122647,1,15,0,1289.0
10109564LQBUENO_2025-05-24_G02,10109564LQBUENO,2025-05-24,122981,1,16,0,32.0
10109564LQBUENO_2025-05-24_G03,10109564LQBUENO,2025-05-24,124476,1,4,0,213.0
10109564LQBUENO_2025-05-24_G04,10109564LQBUENO,2025-05-24,120339,1,8,0,132.0
10109564LQBUENO_2025-05-24_G05,10109564LQBUENO,2025-05-24,123561,1,8,0,174.0
10109564LQBUENO_2025-05-24_G06,10109564LQBUENO,2025-05-24,122983,1,2,0,54.0
10109564LQBUENO_2025-05-24_G07,10109564LQBUENO,2025-05-24,123313,1,22,0,1549.0
10109564LQBUENO_2025-05-24_G08,10109564LQBUENO,2025-05-24,123343,1,4,0,190.0
10109564LQBUENO_2025-05-24_G09,10109564LQBUENO,2025-05-24,124247,1,8,0,139.0
10109564LQBUENO_2025-05-24_G10,10109564LQBUENO,2025-05-24,"122983, 122671",2,14,21,198.0
10109564LQBUENO_2025-05-24_G11,10109564LQBUENO,2025-05-24,"123822, 121760, 122984, 123909",4,25,35,169.0
10109564LQBUENO_2025-05-24_G12,10109564LQBUENO,2025-05-24,"123344, 122986",2,12,17,430.0
10109564LQBUENO_2025-05-24_G13,10109564LQBUENO,2025-05-24,120339,2,8,6,41.0
10109564LQBUENO_2025-05-24_G14,10109564LQBUENO,2025-05-24,123313,1,6,0,256.0
10109564LQBUENO_2025-05-24_G15,10109564LQBUENO,2025-05-24,"122982, 120272",2,18,17,161.0
10109564LQBUENO_2025-05-24_G16,10109564LQBUENO,2025-05-24,120339,9,60,74,50.0
10109564LQBUENO_2025-05-24_G17,10109564LQBUENO,2025-05-24,123561,4,42,21,728.0
10109564LQBUENO_2025-05-24_G18,10109564LQBUENO,2025-05-24,124247,1,4,0,448.0
10109564LQBUENO_2025-05-24_G19,10109564LQBUENO,2025-05-24,124248,1,6,0,63.0
10109564LQBUENO_2025-05-24_G20,10109564LQBUENO,2025-05-24,122962,1,9,0,68.0
10109564LQBUENO_2025-05-24_G21,10109564LQBUENO,2025-05-24,"123343, 124371, 122962",3,30,26,694.0
10109564LQBUENO_2025-05-24_G22,10109564LQBUENO,2025-05-24,"122967, 123153",2,26,20,46.0
10109564LQBUENO_2025-05-24_G23,10109564LQBUENO,2025-05-24,123153,1,20,0,1140.0
10109564LQBUENO_2025-05-24_G24,10109564LQBUENO,2025-05-24,122981,1,8,0,285.0
10109564LQBUENO_2025-05-24_G25,10109564LQBUENO,2025-05-24,124594,1,6,0,33.0
10109564LQBUENO_2025-05-24_G26,10109564LQBUENO,2025-05-24,122985,1,4,0,315.0
10109564LQBUENO_2025-05-24_G27,10109564LQBUENO,2025-05-24,124247,1,8,0,53.0
10109564LQBUENO_2025-05-24_G28,10109564LQBUENO,2025-05-24,124371,1,47,0,758.0
10109564LQBUENO_2025-05-24_G29,10109564LQBUENO,2025-05-24,"124486, 124247",2,46,7,62.0
10109564LQBUENO_2025-05-24_G30,10109564LQBUENO,2025-05-24,124370,1,60,0,604.0
10109564LQBUENO_2025-05-24_G31,10109564LQBUENO,2025-05-24,121651,1,18,0,218.0
10109564LQBUENO_2025-05-24_G32,10109564LQBUENO,2025-05-24,124475,1,24,0,338.0
10109564LQBUENO_2025-05-24_G33,10109564LQBUENO,2025-05-24,124247,1,1,0,41.0
10109564LQBUENO_2025-05-24_G34,10109564LQBUENO,2025-05-24,123343,1,12,0,47.0
10109564LQBUENO_2025-05-24_G35,10109564LQBUENO,2025-05-24,123889,1,6,0,186.0
10109564LQBUENO_2025-05-24_G36,10109564LQBUENO,2025-05-24,121651,1,150,0,2405.0
10109564LQBUENO_2025-05-24_G37,10109564LQBUENO,2025-05-24,"123521, 123345",2,26,20,226.0
10109564LQBUENO_2025-05-24_G38,10109564LQBUENO,2025-05-24,121760,1,15,0,241.0
10109564LQBUENO_2025-05-24_G39,10109564LQBUENO,2025-05-24,121760,1,5,0,40.0
10109564LQBUENO_2025-05-24_G40,10109564LQBUENO,2025-05-24,122984,1,2,0,42.0
10109564LQBUENO_2025-05-24_G41,10109564LQBUENO,2025-05-24,123561,1,2,0,48.0
10109564LQBUENO_2025-05-24_G42,10109564LQBUENO,2025-05-24,123909,1,2,0,78.0
10109564LQBUENO_2025-05-24_G43,10109564LQBUENO,2025-05-24,"121651, 124476",2,8,27,65.0
10109564LQBUENO_2025-05-24_G45,10109564LQBUENO,2025-05-24,121651,1,10,0,31.0
10109564LQBUENO_2025-05-24_G46,10109564LQBUENO,2025-05-24,124475,1,16,0,66.0
10109564LQBUENO_2025-05-24_G47,10109564LQBUENO,2025-05-24,181057,1,2,0,135.0
10109564LQBUENO_2025-05-24_G48,10109564LQBUENO,2025-05-24,181887,1,4,0,58.0
10109564LQBUENO_2025-05-24_G49,10109564LQBUENO,2025-05-24,181056,1,2,0,143.0
10109564LQBUENO_2025-05-24_G50,10109564LQBUENO,2025-05-24,180035,1,1,0,390.0
10109564LQBUENO_2025-05-24_G51,10109564LQBUENO,2025-05-24,123345,1,11,0,152.0
10109564LQBUENO_2025-05-24_G52,10109564LQBUENO,2025-05-24,"124476, 123080, 124433",3,38,53,75.0
10109564LQBUENO_2025-05-24_G53,10109564LQBUENO,2025-05-24,122983,1,6,0,32.0
10109564LQBUENO_2025-05-24_G54,10109564LQBUENO,2025-05-24,123520,2,72,22,1230.0
10109564LQBUENO_2025-05-24_G55,10109564LQBUENO,2025-05-24,122983,1,4,0,898.0
10109564LQBUENO_2025-05-24_G56,10109564LQBUENO,2025-05-24,"123948, 122962",2,143,19,2687.0
10109564LQBUENO_2025-05-26_G02,10109564LQBUENO,2025-05-26,124370,1,4,0,75.0
10109564LQBUENO_2025-05-26_G03,10109564LQBUENO,2025-05-26,124370,1,20,0,493.0
10109564LQBUENO_2025-05-26_G04,10109564LQBUENO,2025-05-26,124371,1,12,0,210.0
10109564LQBUENO_2025-05-26_G05,10109564LQBUENO,2025-05-26,123345,1,5,0,219.0
10109564LQBUENO_2025-05-26_G06,10109564LQBUENO,2025-05-26,123343,1,12,0,108.0
10109564LQBUENO_2025-05-26_G07,10109564LQBUENO,2025-05-26,122984,1,31,0,1539.0
10109564LQBUENO_2025-05-26_G08,10109564LQBUENO,2025-05-26,124248,2,64,8,1558.0
10109564LQBUENO_2025-05-26_G09,10109564LQBUENO,2025-05-26,123909,1,30,0,715.0
10109564LQBUENO_2025-05-26_G10,10109564LQBUENO,2025-05-26,124486,1,20,0,568.0
10109564LQBUENO_2025-05-26_G11,10109564LQBUENO,2025-05-26,124594,1,2,0,126.0
10109564LQBUENO_2025-05-26_G12,10109564LQBUENO,2025-05-26,124370,1,10,0,798.0
10109564LQBUENO_2025-05-26_G13,10109564LQBUENO,2025-05-26,123822,1,8,0,58.0
10109564LQBUENO_2025-05-26_G14,10109564LQBUENO,2025-05-26,122983,1,4,0,107.0
10109564LQBUENO_2025-05-26_G15,10109564LQBUENO,2025-05-26,124486,1,20,0,113.0
10109564LQBUENO_2025-05-26_G16,10109564LQBUENO,2025-05-26,121651,1,5,0,102.0
10109564LQBUENO_2025-05-26_G17,10109564LQBUENO,2025-05-26,122962,1,24,0,501.0
10109564LQBUENO_2025-05-26_G18,10109564LQBUENO,2025-05-26,124486,1,16,0,129.0
10109564LQBUENO_2025-05-26_G19,10109564LQBUENO,2025-05-26,122962,1,32,0,260.0
10109564LQBUENO_2025-05-26_G20,10109564LQBUENO,2025-05-26,121651,1,30,0,557.0
10109564LQBUENO_2025-05-26_G21,10109564LQBUENO,2025-05-26,122988,1,10,0,67.0
10109564LQBUENO_2025-05-26_G22,10109564LQBUENO,2025-05-26,124370,1,15,0,107.0
10109564LQBUENO_2025-05-26_G23,10109564LQBUENO,2025-05-26,123080,1,8,0,100.0
10109564LQBUENO_2025-05-26_G24,10109564LQBUENO,2025-05-26,123521,1,4,0,62.0
10109564LQBUENO_2025-05-26_G25,10109564LQBUENO,2025-05-26,120272,1,3,0,53.0
10109564LQBUENO_2025-05-26_G26,10109564LQBUENO,2025-05-26,121760,1,4,0,64.0
10109564LQBUENO_2025-05-26_G27,10109564LQBUENO,2025-05-26,123081,1,14,0,376.0
10109564LQBUENO_2025-05-26_G28,10109564LQBUENO,2025-05-26,124247,2,18,19,334.0
10109564LQBUENO_2025-05-26_G29,10109564LQBUENO,2025-05-26,123909,1,8,0,251.0
10109564LQBUENO_2025-05-26_G30,10109564LQBUENO,2025-05-26,122671,2,12,10,32.0
10109564LQBUENO_2025-05-26_G31,10109564LQBUENO,2025-05-26,181057,1,3,0,1206.0
10109564LQBUENO_2025-05-26_G33,10109564LQBUENO,2025-05-26,181235,1,1,0,348.0
10109564LQBUENO_2025-05-26_G34,10109564LQBUENO,2025-05-26,"180378, 181056",3,5,19,77.0
10109564LQBUENO_2025-05-26_G35,10109564LQBUENO,2025-05-26,123343,1,4,0,598.0
10109564LQBUENO_2025-05-26_G36,10109564LQBUENO,2025-05-26,181887,1,6,0,65.0
10109564LQBUENO_2025-05-26_G37,10109564LQBUENO,2025-05-26,121651,1,10,0,32.0
10109564LQBUENO_2025-05-26_G38,10109564LQBUENO,2025-05-26,123909,1,8,0,101.0
10109564LQBUENO_2025-05-26_G39,10109564LQBUENO,2025-05-26,181057,1,4,0,273.0
10109564LQBUENO_2025-05-26_G40,10109564LQBUENO,2025-05-26,180024,2,8,25,31.0
10109564LQBUENO_2025-05-26_G41,10109564LQBUENO,2025-05-26,181057,1,1,0,388.0
10109564LQBUENO_2025-05-26_G42,10109564LQBUENO,2025-05-26,123521,1,4,0,427.0
10109564LQBUENO_2025-05-26_G43,10109564LQBUENO,2025-05-26,"124370, 120028, 121651, 122984",4,18,51,155.0
10109564LQBUENO_2025-05-26_G44,10109564LQBUENO,2025-05-26,"181057, 181235",2,4,21,71.0
10109564LQBUENO_2025-05-26_G45,10109564LQBUENO,2025-05-26,181057,1,2,0,364.0
10109564LQBUENO_2025-05-26_G46,10109564LQBUENO,2025-05-26,"123345, 181235",2,3,29,33.0
10109564LQBUENO_2025-05-26_G47,10109564LQBUENO,2025-05-26,181906,1,4,0,671.0
10109564LQBUENO_2025-05-26_G48,10109564LQBUENO,2025-05-26,"124486, 122982, 122962",3,40,39,112.0
10109564LQBUENO_2025-05-26_G49,10109564LQBUENO,2025-05-26,122988,1,20,0,60.0
10109564LQBUENO_2025-05-26_G50,10109564LQBUENO,2025-05-26,122673,1,10,0,63.0
10109564LQBUENO_2025-05-26_G51,10109564LQBUENO,2025-05-26,123909,1,10,0,141.0
10109564LQBUENO_2025-05-26_G52,10109564LQBUENO,2025-05-26,122671,1,8,0,111.0
10109564LQBUENO_2025-05-26_G53,10109564LQBUENO,2025-05-26,"124247, 122962",2,152,25,1750.0
10109564LQBUENO_2025-05-26_G54,10109564LQBUENO,2025-05-26,124248,1,32,0,101.0
10109564LQBUENO_2025-05-26_G55,10109564LQBUENO,2025-05-26,123343,1,30,0,287.0
10109564LQBUENO_2025-05-26_G56,10109564LQBUENO,2025-05-26,123344,1,6,0,160.0
10109564LQBUENO_2025-05-27_G02,10109564LQBUENO,2025-05-27,121760,1,20,0,259.0
10109564LQBUENO_2025-05-27_G03,10109564LQBUENO,2025-05-27,121651,1,2,0,35.0
10109564LQBUENO_2025-05-27_G04,10109564LQBUENO,2025-05-27,123561,1,4,0,888.0
10109564LQBUENO_2025-05-27_G05,10109564LQBUENO,2025-05-27,"122185, 123153",2,22,13,702.0
10109564LQBUENO_2025-05-27_G06,10109564LQBUENO,2025-05-27,122962,1,50,0,2139.0
10109564LQBUENO_2025-05-27_G07,10109564LQBUENO,2025-05-27,121651,1,50,0,854.0
10109564LQBUENO_2025-05-27_G08,10109564LQBUENO,2025-05-27,123343,1,12,0,298.0
10109564LQBUENO_2025-05-27_G09,10109564LQBUENO,2025-05-27,124370,1,50,0,1134.0
10109564LQBUENO_2025-05-27_G10,10109564LQBUENO,2025-05-27,121923,1,4,0,142.0
10109564LQBUENO_2025-05-27_G11,10109564LQBUENO,2025-05-27,121760,1,16,0,113.0
10109564LQBUENO_2025-05-27_G12,10109564LQBUENO,2025-05-27,120339,1,10,0,91.0
10109564LQBUENO_2025-05-27_G13,10109564LQBUENO,2025-05-27,124371,1,22,0,439.0
10109564LQBUENO_2025-05-27_G14,10109564LQBUENO,2025-05-27,122983,1,12,0,209.0
10109564LQBUENO_2025-05-27_G15,10109564LQBUENO,2025-05-27,181887,1,12,0,163.0
10109564LQBUENO_2025-05-27_G16,10109564LQBUENO,2025-05-27,181235,1,12,0,208.0
10109564LQBUENO_2025-05-27_G17,10109564LQBUENO,2025-05-27,124594,1,6,0,463.0
10109564LQBUENO_2025-05-27_G18,10109564LQBUENO,2025-05-27,124486,1,12,0,803.0
10109564LQBUENO_2025-05-27_G19,10109564LQBUENO,2025-05-27,"122671, 123345, 123313",5,73,66,2034.0
10109564LQBUENO_2025-05-27_G20,10109564LQBUENO,2025-05-27,122647,1,4,0,2268.0
10109564LQBUENO_2025-05-27_G21,10109564LQBUENO,2025-05-27,"122962, 124476",2,171,10,405.0
10109564LQBUENO_2025-05-27_G23,10109564LQBUENO,2025-05-27,124371,1,10,0,114.0
10109564LQBUENO_2025-05-27_G24,10109564LQBUENO,2025-05-27,123909,1,32,0,168.0
10109564LQBUENO_2025-05-27_G25,10109564LQBUENO,2025-05-27,124475,1,20,0,617.0
10109564LQBUENO_2025-05-27_G26,10109564LQBUENO,2025-05-27,180590,1,162,0,3499.0
10109564LQBUENO_2025-05-28_G02,10109564LQBUENO,2025-05-28,123909,1,15,0,198.0
10109564LQBUENO_2025-05-28_G03,10109564LQBUENO,2025-05-28,124486,1,10,0,100.0
10109564LQBUENO_2025-05-28_G04,10109564LQBUENO,2025-05-28,122962,1,16,0,212.0
10109564LQBUENO_2025-05-28_G05,10109564LQBUENO,2025-05-28,121651,1,15,0,309.0
10109564LQBUENO_2025-05-28_G06,10109564LQBUENO,2025-05-28,124370,1,10,0,167.0
10109564LQBUENO_2025-05-28_G07,10109564LQBUENO,2025-05-28,124475,1,16,0,319.0
10109564LQBUENO_2025-05-28_G08,10109564LQBUENO,2025-05-28,124476,1,12,0,403.0
10109564LQBUENO_2025-05-28_G09,10109564LQBUENO,2025-05-28,121760,1,13,0,271.0
10109564LQBUENO_2025-05-28_G10,10109564LQBUENO,2025-05-28,122673,1,2,0,179.0
10109564LQBUENO_2025-05-28_G11,10109564LQBUENO,2025-05-28,124371,1,4,0,59.0
10109564LQBUENO_2025-05-28_G12,10109564LQBUENO,2025-05-28,123345,1,9,0,140.0
10109564LQBUENO_2025-05-28_G13,10109564LQBUENO,2025-05-28,123909,1,10,0,181.0
10109564LQBUENO_2025-05-28_G14,10109564LQBUENO,2025-05-28,123080,1,4,0,81.0
10109564LQBUENO_2025-05-28_G15,10109564LQBUENO,2025-05-28,121760,1,13,0,146.0
10109564LQBUENO_2025-05-28_G16,10109564LQBUENO,2025-05-28,122984,1,3,0,168.0
10109564LQBUENO_2025-05-28_G17,10109564LQBUENO,2025-05-28,123344,1,10,0,577.0
10109564LQBUENO_2025-05-28_G18,10109564LQBUENO,2025-05-28,123909,1,12,0,184.0
10109564LQBUENO_2025-05-28_G19,10109564LQBUENO,2025-05-28,122185,1,12,0,340.0
10109564LQBUENO_2025-05-28_G20,10109564LQBUENO,2025-05-28,124370,1,10,0,119.0
10109564LQBUENO_2025-05-28_G21,10109564LQBUENO,2025-05-28,124475,1,10,0,278.0
10109564LQBUENO_2025-05-28_G22,10109564LQBUENO,2025-05-28,123080,1,5,0,109.0
10109564LQBUENO_2025-05-28_G23,10109564LQBUENO,2025-05-28,121760,1,5,0,62.0
10109564LQBUENO_2025-05-28_G24,10109564LQBUENO,2025-05-28,120028,1,4,0,146.0
10109564LQBUENO_2025-05-28_G25,10109564LQBUENO,2025-05-28,120028,1,13,0,653.0
10109564LQBUENO_2025-05-28_G26,10109564LQBUENO,2025-05-28,"124371, 124486, 122962",3,42,28,90.0
10109564LQBUENO_2025-05-28_G27,10109564LQBUENO,2025-05-28,123343,1,12,0,115.0
10109564LQBUENO_2025-05-28_G28,10109564LQBUENO,2025-05-28,180035,1,1,0,733.0
10109564LQBUENO_2025-05-28_G29,10109564LQBUENO,2025-05-28,180373,1,2,0,1004.0
10109564LQBUENO_2025-05-28_G30,10109564LQBUENO,2025-05-28,181237,1,1,0,479.0
10109564LQBUENO_2025-05-28_G31,10109564LQBUENO,2025-05-28,181906,1,2,0,45.0
10109564LQBUENO_2025-05-28_G32,10109564LQBUENO,2025-05-28,123343,1,18,0,776.0
10109564LQBUENO_2025-05-28_G33,10109564LQBUENO,2025-05-28,124486,1,20,0,283.0
10109564LQBUENO_2025-05-28_G34,10109564LQBUENO,2025-05-28,120389,2,8,10,181.0
10109564LQBUENO_2025-05-28_G35,10109564LQBUENO,2025-05-28,124370,1,34,0,1144.0
10109564LQBUENO_2025-05-28_G36,10109564LQBUENO,2025-05-28,121760,1,20,0,35.0
10109564LQBUENO_2025-05-28_G37,10109564LQBUENO,2025-05-28,124248,1,4,0,291.0
10109564LQBUENO_2025-05-28_G38,10109564LQBUENO,2025-05-28,124548,1,12,0,278.0
10109564LQBUENO_2025-05-28_G39,10109564LQBUENO,2025-05-28,122983,1,4,0,429.0
10109564LQBUENO_2025-05-28_G40,10109564LQBUENO,2025-05-28,"124594, 121651",2,56,22,870.0
10109564LQBUENO_2025-05-28_G41,10109564LQBUENO,2025-05-28,122983,1,10,0,1577.0
10109564LQBUENO_2025-05-28_G43,10109564LQBUENO,2025-05-28,122962,1,140,0,784.0
10109564LQBUENO_2025-05-28_G44,10109564LQBUENO,2025-05-28,120389,1,2,0,2198.0
10109564LQBUENO_2025-05-28_G45,10109564LQBUENO,2025-05-28,123948,1,112,0,2052.0
10109564LQBUENO_2025-05-28_G46,10109564LQBUENO,2025-05-28,121651,1,4,0,600.0
10109564LQBUENO_2025-05-28_G47,10109564LQBUENO,2025-05-28,124475,1,4,0,33.0
10109564LQBUENO_2025-05-28_G48,10109564LQBUENO,2025-05-28,124476,1,4,0,44.0
10109564LQBUENO_2025-05-28_G49,10109564LQBUENO,2025-05-28,121760,1,4,0,37.0
10109564LQBUENO_2025-05-28_G50,10109564LQBUENO,2025-05-28,122673,1,2,0,69.0
10109564LQBUENO_2025-05-28_G51,10109564LQBUENO,2025-05-28,180420,1,34,0,1213.0
10109564LQBUENO_2025-05-28_G52,10109564LQBUENO,2025-05-28,"123343, 123345",2,20,28,74.0
10109564LQBUENO_2025-05-29_G02,10109564LQBUENO,2025-05-29,124370,1,4,0,953.0
10109564LQBUENO_2025-05-29_G03,10109564LQBUENO,2025-05-29,121651,1,30,0,979.0
10109564LQBUENO_2025-05-29_G04,10109564LQBUENO,2025-05-29,124370,1,30,0,312.0
10109564LQBUENO_2025-05-29_G05,10109564LQBUENO,2025-05-29,124475,1,24,0,392.0
10109564LQBUENO_2025-05-29_G06,10109564LQBUENO,2025-05-29,124476,1,24,0,243.0
10109564LQBUENO_2025-05-29_G07,10109564LQBUENO,2025-05-29,121760,1,20,0,107.0
10109564LQBUENO_2025-05-29_G08,10109564LQBUENO,2025-05-29,124371,1,39,0,371.0
10109564LQBUENO_2025-05-29_G09,10109564LQBUENO,2025-05-29,124371,1,5,0,31.0
10109564LQBUENO_2025-05-29_G10,10109564LQBUENO,2025-05-29,123344,2,60,6,792.0
10109564LQBUENO_2025-05-29_G11,10109564LQBUENO,2025-05-29,122986,1,4,0,1393.0
10109564LQBUENO_2025-05-29_G12,10109564LQBUENO,2025-05-29,122981,1,12,0,213.0
10109564LQBUENO_2025-05-29_G13,10109564LQBUENO,2025-05-29,120339,1,10,0,262.0
10109564LQBUENO_2025-05-29_G14,10109564LQBUENO,2025-05-29,122983,2,48,10,518.0
10109564LQBUENO_2025-05-29_G15,10109564LQBUENO,2025-05-29,120339,1,10,0,743.0
10109564LQBUENO_2025-05-29_G16,10109564LQBUENO,2025-05-29,120339,1,4,0,53.0
10109564LQBUENO_2025-05-29_G17,10109564LQBUENO,2025-05-29,120339,1,2,0,209.0
10109564LQBUENO_2025-05-29_G18,10109564LQBUENO,2025-05-29,120339,1,10,0,199.0
10109564LQBUENO_2025-05-29_G19,10109564LQBUENO,2025-05-29,120339,1,6,0,116.0
10109564LQBUENO_2025-05-29_G20,10109564LQBUENO,2025-05-29,120339,1,4,0,114.0
10109564LQBUENO_2025-05-29_G21,10109564LQBUENO,2025-05-29,123560,1,4,0,1515.0
10109564LQBUENO_2025-05-29_G22,10109564LQBUENO,2025-05-29,123560,1,8,0,363.0
10109564LQBUENO_2025-05-29_G23,10109564LQBUENO,2025-05-29,123560,1,4,0,39.0
10109564LQBUENO_2025-05-29_G24,10109564LQBUENO,2025-05-29,123560,3,12,14,37.0
10109564LQBUENO_2025-05-29_G25,10109564LQBUENO,2025-05-29,123560,2,4,13,111.0
10109564LQBUENO_2025-05-29_G26,10109564LQBUENO,2025-05-29,181057,1,11,0,274.0
10109564LQBUENO_2025-05-29_G27,10109564LQBUENO,2025-05-29,181887,1,22,0,427.0
10109564LQBUENO_2025-05-29_G28,10109564LQBUENO,2025-05-29,123822,1,16,0,89.0
10109564LQBUENO_2025-05-29_G29,10109564LQBUENO,2025-05-29,181057,1,4,0,378.0
10109564LQBUENO_2025-05-29_G30,10109564LQBUENO,2025-05-29,180094,1,2,0,157.0
10109564LQBUENO_2025-05-29_G31,10109564LQBUENO,2025-05-29,122962,1,50,0,89.0
10109564LQBUENO_2025-05-29_G32,10109564LQBUENO,2025-05-29,"122962, 181057",2,44,27,712.0
10109564LQBUENO_2025-05-29_G33,10109564LQBUENO,2025-05-29,"123344, 120389",2,64,18,914.0
10109564LQBUENO_2025-05-29_G35,10109564LQBUENO,2025-05-29,120339,1,17,0,159.0
10109564LQBUENO_2025-05-29_G36,10109564LQBUENO,2025-05-29,122962,1,39,0,723.0
10109564LQBUENO_2025-05-29_G37,10109564LQBUENO,2025-05-29,124594,1,8,0,377.0
10109564LQBUENO_2025-05-29_G38,10109564LQBUENO,2025-05-29,123909,1,20,0,263.0
10109564LQBUENO_2025-05-29_G39,10109564LQBUENO,2025-05-29,124264,1,2,0,61.0
10109564LQBUENO_2025-05-29_G40,10109564LQBUENO,2025-05-29,123153,1,96,0,1791.0
10109564LQBUENO_2025-05-29_G41,10109564LQBUENO,2025-05-29,123909,1,140,0,2282.0
10109564LQBUENO_2025-05-30_G02,10109564LQBUENO,2025-05-30,123344,1,5,0,31.0
10109564LQBUENO_2025-05-30_G03,10109564LQBUENO,2025-05-30,123344,1,4,0,951.0
10109564LQBUENO_2025-05-30_G04,10109564LQBUENO,2025-05-30,121760,2,14,8,55.0
10109564LQBUENO_2025-05-30_G05,10109564LQBUENO,2025-05-30,123344,1,11,0,277.0
10109564LQBUENO_2025-05-30_G06,10109564LQBUENO,2025-05-30,121760,2,23,8,801.0
10109564LQBUENO_2025-05-30_G07,10109564LQBUENO,2025-05-30,124248,1,4,0,326.0
10109564LQBUENO_2025-05-30_G08,10109564LQBUENO,2025-05-30,"122962, 124475",2,9,23,3431.0
10109564LQBUENO_2025-05-30_G09,10109564LQBUENO,2025-05-30,"123344, 122671, 124486, 123345",4,25,39,145.0
10109564LQBUENO_2025-05-30_G10,10109564LQBUENO,2025-05-30,124370,1,4,0,1136.0
10109564LQBUENO_2025-05-30_G11,10109564LQBUENO,2025-05-30,123345,1,4,0,39.0
10109564LQBUENO_2025-05-30_G12,10109564LQBUENO,2025-05-30,"124264, 124475",2,23,15,45.0
10109564LQBUENO_2025-05-30_G13,10109564LQBUENO,2025-05-30,124476,1,6,0,64.0
10109564LQBUENO_2025-05-30_G14,10109564LQBUENO,2025-05-30,122962,1,32,0,732.0
10109564LQBUENO_2025-05-30_G15,10109564LQBUENO,2025-05-30,"123153, 120339",2,35,24,610.0
10109564LQBUENO_2025-05-30_G16,10109564LQBUENO,2025-05-30,124486,1,16,0,38.0
10109564LQBUENO_2025-05-30_G17,10109564LQBUENO,2025-05-30,124370,1,18,0,2560.0
10109564LQBUENO_2025-05-30_G18,10109564LQBUENO,2025-05-30,121760,1,10,0,370.0
10109564LQBUENO_2025-05-30_G19,10109564LQBUENO,2025-05-30,124248,1,10,0,111.0
10109564LQBUENO_2025-05-30_G20,10109564LQBUENO,2025-05-30,124371,1,20,0,182.0
10109564LQBUENO_2025-05-30_G21,10109564LQBUENO,2025-05-30,123344,1,16,0,132.0
10109564LQBUENO_2025-05-30_G22,10109564LQBUENO,2025-05-30,121760,1,5,0,1183.0
10109564LQBUENO_2025-05-30_G23,10109564LQBUENO,2025-05-30,122671,1,4,0,54.0
10109564LQBUENO_2025-05-30_G24,10109564LQBUENO,2025-05-30,122962,1,20,0,45.0
10109564LQBUENO_2025-05-30_G26,10109564LQBUENO,2025-05-30,121760,1,4,0,359.0
10109564LQBUENO_2025-05-30_G27,10109564LQBUENO,2025-05-30,121760,1,20,0,236.0
10109564LQBUENO_2025-05-30_G28,10109564LQBUENO,2025-05-30,118179,1,4,0,122.0
10109564LQBUENO_2025-05-30_G29,10109564LQBUENO,2025-05-30,"181057, 124371",2,6,12,1240.0
10109564LQBUENO_2025-05-30_G30,10109564LQBUENO,2025-05-30,122982,1,40,0,281.0
10109564LQBUENO_2025-05-30_G31,10109564LQBUENO,2025-05-30,124371,2,5,5,102.0
10109564LQBUENO_2025-05-30_G32,10109564LQBUENO,2025-05-30,123081,1,12,0,392.0
10109564LQBUENO_2025-05-30_G33,10109564LQBUENO,2025-05-30,121651,1,8,0,93.0
10109564LQBUENO_2025-05-30_G34,10109564LQBUENO,2025-05-30,121651,1,30,0,670.0
10109564LQBUENO_2025-05-30_G35,10109564LQBUENO,2025-05-30,122982,1,10,0,176.0
10109564LQBUENO_2025-05-30_G36,10109564LQBUENO,2025-05-30,122185,1,4,0,43.0
10109564LQBUENO_2025-05-30_G37,10109564LQBUENO,2025-05-30,124370,1,18,0,431.0
10109564LQBUENO_2025-05-30_G38,10109564LQBUENO,2025-05-30,124475,1,8,0,136.0
10109564LQBUENO_2025-05-30_G39,10109564LQBUENO,2025-05-30,"123344, 121651",2,14,18,164.0
10109564LQBUENO_2025-05-30_G40,10109564LQBUENO,2025-05-30,123345,1,2,0,120.0
10109564LQBUENO_2025-05-30_G41,10109564LQBUENO,2025-05-30,123343,1,4,0,296.0
10109564LQBUENO_2025-05-30_G42,10109564LQBUENO,2025-05-30,122962,1,24,0,200.0
10109564LQBUENO_2025-05-30_G43,10109564LQBUENO,2025-05-30,122982,1,18,0,142.0
10109564LQBUENO_2025-05-30_G44,10109564LQBUENO,2025-05-30,124486,1,10,0,162.0
10109564LQBUENO_2025-05-30_G45,10109564LQBUENO,2025-05-30,122981,1,4,0,88.0
10109564LQBUENO_2025-05-30_G46,10109564LQBUENO,2025-05-30,122703,1,4,0,74.0
10109564LQBUENO_2025-05-30_G47,10109564LQBUENO,2025-05-30,121651,1,8,0,42.0
10109564LQBUENO_2025-05-30_G48,10109564LQBUENO,2025-05-30,122984,1,6,0,121.0
10109564LQBUENO_2025-05-30_G49,10109564LQBUENO,2025-05-30,122703,1,8,0,116.0
10109564LQBUENO_2025-05-30_G50,10109564LQBUENO,2025-05-30,121651,1,9,0,69.0
10109564LQBUENO_2025-05-30_G51,10109564LQBUENO,2025-05-30,124370,1,10,0,183.0
10109564LQBUENO_2025-05-30_G52,10109564LQBUENO,2025-05-30,123345,1,4,0,34.0
10109564LQBUENO_2025-05-30_G53,10109564LQBUENO,2025-05-30,120028,1,18,0,277.0
10109564LQBUENO_2025-05-30_G54,10109564LQBUENO,2025-05-30,123343,1,6,0,507.0
10109564LQBUENO_2025-05-31_G02,10109564LQBUENO,2025-05-31,"122985, 123344",2,6,13,856.0
10109564LQBUENO_2025-05-31_G03,10109564LQBUENO,2025-05-31,"123081, 121760, 123345",3,23,38,743.0
10109564LQBUENO_2025-05-31_G04,10109564LQBUENO,2025-05-31,123313,1,4,0,131.0
10109564LQBUENO_2025-05-31_G05,10109564LQBUENO,2025-05-31,124248,1,30,0,431.0
10109564LQBUENO_2025-05-31_G06,10109564LQBUENO,2025-05-31,181235,1,4,0,475.0
10109564LQBUENO_2025-05-31_G07,10109564LQBUENO,2025-05-31,181057,1,4,0,98.0
10109564LQBUENO_2025-05-31_G08,10109564LQBUENO,2025-05-31,181887,1,4,0,60.0
10109564LQBUENO_2025-05-31_G09,10109564LQBUENO,2025-05-31,122984,1,20,0,1104.0
10109564LQBUENO_2025-05-31_G10,10109564LQBUENO,2025-05-31,124248,2,42,6,667.0
10109564LQBUENO_2025-05-31_G11,10109564LQBUENO,2025-05-31,123521,1,6,0,183.0
10109564LQBUENO_2025-05-31_G12,10109564LQBUENO,2025-05-31,123344,1,3,0,91.0
10109564LQBUENO_2025-05-31_G13,10109564LQBUENO,2025-05-31,123343,1,3,0,1180.0
10109564LQBUENO_2025-05-31_G14,10109564LQBUENO,2025-05-31,123345,1,2,0,46.0
10109564LQBUENO_2025-05-31_G15,10109564LQBUENO,2025-05-31,122703,1,32,0,393.0
10109564LQBUENO_2025-05-31_G16,10109564LQBUENO,2025-05-31,122984,1,4,0,34.0
10109564LQBUENO_2025-05-31_G17,10109564LQBUENO,2025-05-31,"120339, 123344",3,6,30,33.0
10109564LQBUENO_2025-05-31_G18,10109564LQBUENO,2025-05-31,122185,1,12,0,1055.0
10109564LQBUENO_2025-05-31_G19,10109564LQBUENO,2025-05-31,122982,1,4,0,97.0
10109564LQBUENO_2025-05-31_G20,10109564LQBUENO,2025-05-31,121760,1,20,0,146.0
10109564LQBUENO_2025-05-31_G21,10109564LQBUENO,2025-05-31,122962,1,11,0,152.0
10109564LQBUENO_2025-05-31_G22,10109564LQBUENO,2025-05-31,123909,1,13,0,172.0
10109564LQBUENO_2025-05-31_G23,10109564LQBUENO,2025-05-31,124486,1,9,0,284.0
10109564LQBUENO_2025-05-31_G24,10109564LQBUENO,2025-05-31,122673,1,4,0,100.0
10109564LQBUENO_2025-05-31_G25,10109564LQBUENO,2025-05-31,124477,1,10,0,107.0
10109564LQBUENO_2025-05-31_G26,10109564LQBUENO,2025-05-31,123081,1,10,0,337.0
10109564LQBUENO_2025-05-31_G27,10109564LQBUENO,2025-05-31,124247,1,6,0,134.0
10109564LQBUENO_2025-05-31_G28,10109564LQBUENO,2025-05-31,124371,1,10,0,198.0
10109564LQBUENO_2025-05-31_G29,10109564LQBUENO,2025-05-31,122962,1,12,0,107.0
10109564LQBUENO_2025-05-31_G30,10109564LQBUENO,2025-05-31,121651,1,9,0,68.0
10109564LQBUENO_2025-05-31_G31,10109564LQBUENO,2025-05-31,124475,1,2,0,102.0
10109564LQBUENO_2025-05-31_G32,10109564LQBUENO,2025-05-31,"124486, 123344, 122962",3,17,33,367.0
10109564LQBUENO_2025-05-31_G33,10109564LQBUENO,2025-05-31,122988,1,30,0,243.0
10109564LQBUENO_2025-05-31_G34,10109564LQBUENO,2025-05-31,"123909, 121760, 124475, 124476, 120339",6,17,122,70.0
10109564LQBUENO_2025-05-31_G35,10109564LQBUENO,2025-05-31,122983,1,4,0,55.0
10109564LQBUENO_2025-05-31_G36,10109564LQBUENO,2025-05-31,123345,1,8,0,59.0
10109564LQBUENO_2025-05-31_G37,10109564LQBUENO,2025-05-31,123343,1,2,0,288.0
10109564LQBUENO_2025-05-31_G38,10109564LQBUENO,2025-05-31,123909,1,4,0,558.0
10109564LQBUENO_2025-05-31_G39,10109564LQBUENO,2025-05-31,124486,1,3,0,188.0
10109564LQBUENO_2025-05-31_G40,10109564LQBUENO,2025-05-31,"121760, 124370",2,7,22,61.0
10109564LQBUENO_2025-05-31_G41,10109564LQBUENO,2025-05-31,"124475, 123343",2,7,24,74.0
10109564LQBUENO_2025-05-31_G42,10109564LQBUENO,2025-05-31,123345,1,6,0,31.0
10109564LQBUENO_2025-05-31_G43,10109564LQBUENO,2025-05-31,"124486, 121760, 124370, 124475",4,14,71,182.0
10109564LQBUENO_2025-05-31_G44,10109564LQBUENO,2025-05-31,124476,1,4,0,33.0
10109564LQBUENO_2025-05-31_G45,10109564LQBUENO,2025-05-31,124248,1,20,0,876.0
10109564LQBUENO_2025-05-31_G46,10109564LQBUENO,2025-05-31,123343,1,4,0,39.0
10109564LQBUENO_2025-05-31_G47,10109564LQBUENO,2025-05-31,122984,1,6,0,114.0
10109564LQBUENO_2025-05-31_G49,10109564LQBUENO,2025-05-31,123153,1,7,0,357.0
10109564LQBUENO_2025-05-31_G50,10109564LQBUENO,2025-05-31,123153,2,24,11,277.0
10109564LQBUENO_2025-05-31_G51,10109564LQBUENO,2025-05-31,124264,2,24,12,291.0
10109564LQBUENO_2025-05-31_G52,10109564LQBUENO,2025-05-31,123081,1,50,0,476.0
10109564LQBUENO_2025-05-31_G53,10109564LQBUENO,2025-05-31,122981,1,20,0,698.0
10109564LQBUENO_2025-05-31_G54,10109564LQBUENO,2025-05-31,122962,1,20,0,104.0
10109564LQBUENO_2025-05-31_G55,10109564LQBUENO,2025-05-31,124486,1,30,0,867.0
10109564LQBUENO_2025-05-31_G56,10109564LQBUENO,2025-05-31,122673,1,12,0,793.0
10109564LQBUENO_2025-05-31_G57,10109564LQBUENO,2025-05-31,123130,1,8,0,298.0
10109564LQBUENO_2025-05-31_G58,10109564LQBUENO,2025-05-31,124247,1,30,0,1484.0
10109564LQBUENO_2025-05-31_G59,10109564LQBUENO,2025-05-31,123130,1,20,0,538.0
10109564LQBUENO_2025-05-31_G60,10109564LQBUENO,2025-05-31,120389,1,10,0,388.0
10109564LQBUENO_2025-07-03_G02,10109564LQBUENO,2025-07-03,124624,1,33,0,1050.0
10109564LQBUENO_2025-07-03_G03,10109564LQBUENO,2025-07-03,123889,1,110,0,2682.0
10109564LQBUENO_2025-07-03_G04,10109564LQBUENO,2025-07-03,124594,1,50,0,2464.0
10109564LQBUENO_2025-07-05_G02,10109564LQBUENO,2025-07-05,"123153, 123345",3,20,29,1703.0
10109564LQBUENO_2025-07-05_G03,10109564LQBUENO,2025-07-05,124247,1,30,0,447.0
10109564LQBUENO_2025-07-05_G04,10109564LQBUENO,2025-07-05,124486,1,2,0,453.0
10109564LQBUENO_2025-07-05_G05,10109564LQBUENO,2025-07-05,123492,1,2,0,277.0
10109564LQBUENO_2025-07-05_G06,10109564LQBUENO,2025-07-05,124486,1,20,0,127.0
10109564LQBUENO_2025-07-05_G07,10109564LQBUENO,2025-07-05,122962,1,20,0,370.0
10109564LQBUENO_2025-07-05_G08,10109564LQBUENO,2025-07-05,124486,1,50,0,486.0
10109564LQBUENO_2025-07-05_G09,10109564LQBUENO,2025-07-05,122962,1,10,0,132.0
10109564LQBUENO_2025-07-05_G10,10109564LQBUENO,2025-07-05,121760,1,12,0,282.0
10109564LQBUENO_2025-07-05_G11,10109564LQBUENO,2025-07-05,124248,1,8,0,175.0
10109564LQBUENO_2025-07-05_G12,10109564LQBUENO,2025-07-05,122983,1,20,0,304.0
10109564LQBUENO_2025-07-05_G13,10109564LQBUENO,2025-07-05,122984,1,10,0,211.0
10109564LQBUENO_2025-07-05_G14,10109564LQBUENO,2025-07-05,124247,1,12,0,265.0
10109564LQBUENO_2025-07-05_G15,10109564LQBUENO,2025-07-05,124486,1,1,0,169.0
10109564LQBUENO_2025-07-05_G16,10109564LQBUENO,2025-07-05,123520,1,4,0,155.0
10109564LQBUENO_2025-07-05_G17,10109564LQBUENO,2025-07-05,122647,1,15,0,343.0
10109564LQBUENO_2025-07-08_G02,10109564LQBUENO,2025-07-08,124486,1,10,0,1084.0
10109564LQBUENO_2025-07-08_G03,10109564LQBUENO,2025-07-08,122962,1,56,0,879.0
10109564LQBUENO_2025-07-08_G04,10109564LQBUENO,2025-07-08,123343,1,2,0,794.0
10109564LQBUENO_2025-07-08_G05,10109564LQBUENO,2025-07-08,124370,1,6,0,221.0
10109564LQBUENO_2025-07-08_G06,10109564LQBUENO,2025-07-08,122703,1,4,0,146.0
10109564LQBUENO_2025-07-08_G07,10109564LQBUENO,2025-07-08,121923,1,2,0,78.0
10109564LQBUENO_2025-07-08_G08,10109564LQBUENO,2025-07-08,122982,1,3,0,380.0
10109564LQBUENO_2025-07-08_G09,10109564LQBUENO,2025-07-08,121651,1,13,0,759.0
10109564LQBUENO_2025-07-08_G10,10109564LQBUENO,2025-07-08,181057,1,4,0,256.0
10109564LQBUENO_2025-07-08_G11,10109564LQBUENO,2025-07-08,123345,1,12,0,269.0
10109564LQBUENO_2025-07-08_G12,10109564LQBUENO,2025-07-08,181235,1,10,0,587.0
10109564LQBUENO_2025-07-08_G13,10109564LQBUENO,2025-07-08,123344,1,8,0,96.0
10109564LQBUENO_2025-07-08_G14,10109564LQBUENO,2025-07-08,124486,1,27,0,392.0
10109564LQBUENO_2025-07-08_G15,10109564LQBUENO,2025-07-08,122962,1,20,0,251.0
10109564LQBUENO_2025-07-08_G16,10109564LQBUENO,2025-07-08,121760,1,12,0,470.0
10109564LQBUENO_2025-07-08_G17,10109564LQBUENO,2025-07-08,122703,1,10,0,162.0
10109564LQBUENO_2025-07-08_G18,10109564LQBUENO,2025-07-08,124475,1,7,0,255.0
10109564LQBUENO_2025-07-08_G19,10109564LQBUENO,2025-07-08,122982,1,30,0,227.0
10109564LQBUENO_2025-07-08_G20,10109564LQBUENO,2025-07-08,123909,1,8,0,321.0
10109564LQBUENO_2025-07-08_G21,10109564LQBUENO,2025-07-08,121651,1,30,0,330.0
10109564LQBUENO_2025-07-08_G22,10109564LQBUENO,2025-07-08,122988,1,12,0,222.0
10109564LQBUENO_2025-07-08_G23,10109564LQBUENO,2025-07-08,124477,1,8,0,433.0
10109564LQBUENO_2025-07-08_G24,10109564LQBUENO,2025-07-08,122962,1,14,0,179.0
10109564LQBUENO_2025-07-08_G25,10109564LQBUENO,2025-07-08,120389,1,5,0,127.0
10109564LQBUENO_2025-07-08_G26,10109564LQBUENO,2025-07-08,122984,1,12,0,169.0
10109564LQBUENO_2025-07-08_G27,10109564LQBUENO,2025-07-08,122988,1,4,0,456.0
10109564LQBUENO_2025-07-08_G28,10109564LQBUENO,2025-07-08,121760,1,8,0,125.0
10109564LQBUENO_2025-07-08_G29,10109564LQBUENO,2025-07-08,123345,1,8,0,103.0
10109564LQBUENO_2025-07-08_G30,10109564LQBUENO,2025-07-08,123343,1,14,0,793.0
10109564LQBUENO_2025-07-08_G31,10109564LQBUENO,2025-07-08,124486,1,8,0,69.0
10109564LQBUENO_2025-07-08_G32,10109564LQBUENO,2025-07-08,122962,1,16,0,146.0
10109564LQBUENO_2025-07-08_G33,10109564LQBUENO,2025-07-08,122962,1,9,0,1085.0
10109564LQBUENO_2025-07-08_G34,10109564LQBUENO,2025-07-08,122983,1,4,0,131.0
10109564LQBUENO_2025-07-08_G35,10109564LQBUENO,2025-07-08,122671,1,4,0,93.0
10109564LQBUENO_2025-07-08_G36,10109564LQBUENO,2025-07-08,122984,1,4,0,114.0
10109564LQBUENO_2025-07-08_G37,10109564LQBUENO,2025-07-08,122185,1,4,0,65.0
10109564LQBUENO_2025-07-08_G38,10109564LQBUENO,2025-07-08,124248,1,4,0,97.0
10109564LQBUENO_2025-07-08_G39,10109564LQBUENO,2025-07-08,124477,1,8,0,120.0
10109564LQBUENO_2025-07-08_G40,10109564LQBUENO,2025-07-08,123344,1,3,0,450.0
10109564LQBUENO_2025-07-08_G41,10109564LQBUENO,2025-07-08,121760,1,4,0,132.0
10109564LQBUENO_2025-07-08_G42,10109564LQBUENO,2025-07-08,122984,1,4,0,98.0
10109564LQBUENO_2025-07-08_G43,10109564LQBUENO,2025-07-08,122185,1,11,0,71.0
10109564LQBUENO_2025-07-08_G45,10109564LQBUENO,2025-07-08,121651,1,20,0,193.0
10109564LQBUENO_2025-07-08_G46,10109564LQBUENO,2025-07-08,123345,1,4,0,91.0
10109564LQBUENO_2025-07-08_G47,10109564LQBUENO,2025-07-08,122962,1,8,0,165.0
10109564LQBUENO_2025-07-08_G48,10109564LQBUENO,2025-07-08,124370,1,7,0,160.0
10109564LQBUENO_2025-07-08_G49,10109564LQBUENO,2025-07-08,124475,1,12,0,105.0
10109564LQBUENO_2025-07-08_G50,10109564LQBUENO,2025-07-08,122984,1,4,0,280.0
10109564LQBUENO_2025-07-08_G51,10109564LQBUENO,2025-07-08,124476,1,6,0,120.0
10109564LQBUENO_2025-07-08_G52,10109564LQBUENO,2025-07-08,123313,1,4,0,396.0
10109564LQBUENO_2025-07-08_G53,10109564LQBUENO,2025-07-08,123345,1,10,0,136.0
10109564LQBUENO_2025-07-08_G54,10109564LQBUENO,2025-07-08,124486,1,48,0,452.0
10109564LQBUENO_2025-07-08_G55,10109564LQBUENO,2025-07-08,122962,1,56,0,959.0
10109564LQBUENO_2025-07-08_G56,10109564LQBUENO,2025-07-08,121760,1,10,0,130.0
10109564LQBUENO_2025-07-08_G57,10109564LQBUENO,2025-07-08,122986,1,8,0,146.0
10109564LQBUENO_2025-07-08_G58,10109564LQBUENO,2025-07-08,122647,1,6,0,67.0
10109564LQBUENO_2025-07-08_G59,10109564LQBUENO,2025-07-08,124475,1,8,0,114.0
10109564LQBUENO_2025-07-08_G60,10109564LQBUENO,2025-07-08,122982,1,20,0,520.0
10109564LQBUENO_2025-07-08_G61,10109564LQBUENO,2025-07-08,121651,1,34,0,780.0
10109564LQBUENO_2025-07-08_G62,10109564LQBUENO,2025-07-08,121923,1,4,0,597.0
10109564LQBUENO_2025-07-08_G63,10109564LQBUENO,2025-07-08,122982,1,5,0,164.0
10109564LQBUENO_2025-07-08_G64,10109564LQBUENO,2025-07-08,124486,1,20,0,255.0
10109564LQBUENO_2025-07-08_G65,10109564LQBUENO,2025-07-08,122962,1,12,0,78.0
10109564LQBUENO_2025-07-09_G02,10109564LQBUENO,2025-07-09,123344,1,18,0,143.0
10109564LQBUENO_2025-07-09_G03,10109564LQBUENO,2025-07-09,124486,1,27,0,440.0
10109564LQBUENO_2025-07-09_G04,10109564LQBUENO,2025-07-09,122962,1,35,0,466.0
10109564LQBUENO_2025-07-09_G05,10109564LQBUENO,2025-07-09,121760,1,5,0,123.0
10109564LQBUENO_2025-07-09_G06,10109564LQBUENO,2025-07-09,122703,1,3,0,45.0
10109564LQBUENO_2025-07-09_G07,10109564LQBUENO,2025-07-09,122671,1,4,0,61.0
10109564LQBUENO_2025-07-09_G08,10109564LQBUENO,2025-07-09,122984,1,20,0,323.0
10109564LQBUENO_2025-07-09_G09,10109564LQBUENO,2025-07-09,124475,1,6,0,316.0
10109564LQBUENO_2025-07-09_G10,10109564LQBUENO,2025-07-09,122185,1,20,0,407.0
10109564LQBUENO_2025-07-09_G11,10109564LQBUENO,2025-07-09,124248,1,12,0,117.0
10109564LQBUENO_2025-07-09_G12,10109564LQBUENO,2025-07-09,122982,1,10,0,414.0
10109564LQBUENO_2025-07-09_G13,10109564LQBUENO,2025-07-09,122988,1,10,0,148.0
10109564LQBUENO_2025-07-09_G14,10109564LQBUENO,2025-07-09,124476,1,8,0,73.0
10109564LQBUENO_2025-07-09_G15,10109564LQBUENO,2025-07-09,120028,1,30,0,194.0
10109564LQBUENO_2025-07-09_G16,10109564LQBUENO,2025-07-09,123345,1,9,0,428.0
10109564LQBUENO_2025-07-09_G17,10109564LQBUENO,2025-07-09,123344,1,10,0,227.0
10109564LQBUENO_2025-07-09_G18,10109564LQBUENO,2025-07-09,122962,1,8,0,1089.0
10109564LQBUENO_2025-07-09_G19,10109564LQBUENO,2025-07-09,122671,1,3,0,48.0
10109564LQBUENO_2025-07-09_G20,10109564LQBUENO,2025-07-09,122185,1,25,0,453.0
10109564LQBUENO_2025-07-09_G21,10109564LQBUENO,2025-07-09,124370,1,8,0,116.0
10109564LQBUENO_2025-07-09_G22,10109564LQBUENO,2025-07-09,123345,1,6,0,99.0
10109564LQBUENO_2025-07-09_G23,10109564LQBUENO,2025-07-09,123344,1,5,0,46.0
10109564LQBUENO_2025-07-09_G24,10109564LQBUENO,2025-07-09,"122962, 122703",2,5,25,92.0
10109564LQBUENO_2025-07-09_G25,10109564LQBUENO,2025-07-09,124370,1,10,0,213.0
10109564LQBUENO_2025-07-09_G26,10109564LQBUENO,2025-07-09,122984,1,8,0,78.0
10109564LQBUENO_2025-07-09_G27,10109564LQBUENO,2025-07-09,124475,1,10,0,314.0
10109564LQBUENO_2025-07-09_G28,10109564LQBUENO,2025-07-09,123080,2,80,8,2124.0
10109564LQBUENO_2025-07-09_G29,10109564LQBUENO,2025-07-09,124486,1,50,0,404.0
10109564LQBUENO_2025-07-09_G30,10109564LQBUENO,2025-07-09,122962,2,100,11,747.0
10109564LQBUENO_2025-07-09_G31,10109564LQBUENO,2025-07-09,120389,1,10,0,1165.0
10109564LQBUENO_2025-07-09_G32,10109564LQBUENO,2025-07-09,123153,1,6,0,720.0
10109564LQBUENO_2025-07-09_G33,10109564LQBUENO,2025-07-09,123889,1,6,0,796.0
10109564LQBUENO_2025-07-09_G34,10109564LQBUENO,2025-07-09,123822,1,13,0,333.0
10109564LQBUENO_2025-07-09_G36,10109564LQBUENO,2025-07-09,122984,1,32,0,487.0
10109564LQBUENO_2025-07-09_G37,10109564LQBUENO,2025-07-09,120271,1,12,0,397.0
10109564LQBUENO_2025-07-09_G38,10109564LQBUENO,2025-07-09,122185,1,16,0,374.0
10109564LQBUENO_2025-07-09_G39,10109564LQBUENO,2025-07-09,122983,1,8,0,241.0
10109564LQBUENO_2025-07-09_G40,10109564LQBUENO,2025-07-09,122984,1,8,0,424.0
10109564LQBUENO_2025-07-09_G41,10109564LQBUENO,2025-07-09,124248,1,8,0,154.0
10109564LQBUENO_2025-07-09_G42,10109564LQBUENO,2025-07-09,124247,2,8,10,128.0
10109564LQBUENO_2025-07-09_G43,10109564LQBUENO,2025-07-09,122962,1,16,0,851.0
10109564LQBUENO_2025-07-09_G44,10109564LQBUENO,2025-07-09,"123153, 124486",2,26,17,34.0
10109564LQBUENO_2025-07-09_G45,10109564LQBUENO,2025-07-09,181056,1,8,0,1844.0
10109564LQBUENO_2025-07-09_G46,10109564LQBUENO,2025-07-09,123345,1,8,0,33.0
10109564LQBUENO_2025-07-09_G47,10109564LQBUENO,2025-07-09,124486,1,17,0,156.0
10109564LQBUENO_2025-07-09_G48,10109564LQBUENO,2025-07-09,121760,1,6,0,61.0
10109564LQBUENO_2025-07-09_G49,10109564LQBUENO,2025-07-09,124370,1,4,0,50.0
10109564LQBUENO_2025-07-09_G50,10109564LQBUENO,2025-07-09,122962,1,4,0,72.0
10109564LQBUENO_2025-07-09_G51,10109564LQBUENO,2025-07-09,121651,1,8,0,116.0
10109564LQBUENO_2025-07-09_G52,10109564LQBUENO,2025-07-09,124548,1,8,0,115.0
10109564LQBUENO_2025-07-09_G53,10109564LQBUENO,2025-07-09,124477,1,8,0,167.0
10109564LQBUENO_2025-07-09_G54,10109564LQBUENO,2025-07-09,124486,1,16,0,105.0
10109564LQBUENO_2025-07-09_G55,10109564LQBUENO,2025-07-09,122962,1,16,0,89.0
10109564LQBUENO_2025-07-09_G56,10109564LQBUENO,2025-07-09,124477,1,4,0,205.0
10109564LQBUENO_2025-07-09_G57,10109564LQBUENO,2025-07-09,121760,1,6,0,107.0
10109564LQBUENO_2025-07-09_G58,10109564LQBUENO,2025-07-09,121923,1,2,0,47.0
10109564LQBUENO_2025-07-09_G59,10109564LQBUENO,2025-07-09,122984,1,1,0,58.0
10109564LQBUENO_2025-07-09_G60,10109564LQBUENO,2025-07-09,"124477, 124247",2,12,18,483.0
10109564LQBUENO_2025-07-09_G61,10109564LQBUENO,2025-07-09,124486,1,10,0,118.0
10109564LQBUENO_2025-07-09_G62,10109564LQBUENO,2025-07-09,122962,1,14,0,73.0
10109564LQBUENO_2025-07-09_G63,10109564LQBUENO,2025-07-09,124477,1,8,0,220.0
10109564LQBUENO_2025-07-10_G02,10109564LQBUENO,2025-07-10,124247,1,10,0,360.0
10109564LQBUENO_2025-07-10_G03,10109564LQBUENO,2025-07-10,120271,1,2,0,110.0
10109564LQBUENO_2025-07-10_G04,10109564LQBUENO,2025-07-10,124433,1,12,0,169.0
10109564LQBUENO_2025-07-10_G05,10109564LQBUENO,2025-07-10,122981,1,4,0,166.0
10109564LQBUENO_2025-07-10_G06,10109564LQBUENO,2025-07-10,124476,1,6,0,332.0
10109564LQBUENO_2025-07-10_G07,10109564LQBUENO,2025-07-10,124594,1,8,0,492.0
10109564LQBUENO_2025-07-10_G08,10109564LQBUENO,2025-07-10,124247,1,16,0,967.0
10109564LQBUENO_2025-07-10_G09,10109564LQBUENO,2025-07-10,124594,1,8,0,855.0
10109564LQBUENO_2025-07-10_G10,10109564LQBUENO,2025-07-10,123343,1,12,0,33.0
10109564LQBUENO_2025-07-10_G11,10109564LQBUENO,2025-07-10,123153,2,20,5,599.0
10109564LQBUENO_2025-07-10_G12,10109564LQBUENO,2025-07-10,124433,1,8,0,510.0
10109564LQBUENO_2025-07-10_G13,10109564LQBUENO,2025-07-10,180054,1,1,0,129.0
10109564LQBUENO_2025-07-10_G14,10109564LQBUENO,2025-07-10,123343,1,2,0,711.0
10109564LQBUENO_2025-07-10_G15,10109564LQBUENO,2025-07-10,124248,1,7,0,98.0
10109564LQBUENO_2025-07-10_G16,10109564LQBUENO,2025-07-10,124486,1,30,0,440.0
10109564LQBUENO_2025-07-10_G17,10109564LQBUENO,2025-07-10,122962,1,12,0,256.0
10109564LQBUENO_2025-07-10_G18,10109564LQBUENO,2025-07-10,123822,1,8,0,516.0
10109564LQBUENO_2025-07-10_G19,10109564LQBUENO,2025-07-10,123909,1,8,0,150.0
10109564LQBUENO_2025-07-10_G20,10109564LQBUENO,2025-07-10,121651,1,4,0,150.0
10109564LQBUENO_2025-07-10_G21,10109564LQBUENO,2025-07-10,122673,1,30,0,584.0
10109564LQBUENO_2025-07-10_G22,10109564LQBUENO,2025-07-10,122673,1,80,0,1606.0
10109564LQBUENO_2025-07-10_G23,10109564LQBUENO,2025-07-10,123345,1,12,0,1565.0
10109564LQBUENO_2025-07-10_G24,10109564LQBUENO,2025-07-10,123343,1,4,0,115.0
10109564LQBUENO_2025-07-10_G25,10109564LQBUENO,2025-07-10,121760,1,8,0,341.0
10109564LQBUENO_2025-07-10_G26,10109564LQBUENO,2025-07-10,122983,1,8,0,193.0
10109564LQBUENO_2025-07-10_G27,10109564LQBUENO,2025-07-10,124370,1,4,0,54.0
10109564LQBUENO_2025-07-10_G28,10109564LQBUENO,2025-07-10,124475,1,2,0,131.0
10109564LQBUENO_2025-07-10_G29,10109564LQBUENO,2025-07-10,120028,1,16,0,399.0
10109564LQBUENO_2025-07-10_G30,10109564LQBUENO,2025-07-10,124247,1,4,0,212.0
10109564LQBUENO_2025-07-10_G31,10109564LQBUENO,2025-07-10,124248,1,6,0,281.0
10109564LQBUENO_2025-07-10_G32,10109564LQBUENO,2025-07-10,122983,1,8,0,94.0
10109564LQBUENO_2025-07-10_G33,10109564LQBUENO,2025-07-10,123909,1,8,0,587.0
10109564LQBUENO_2025-07-10_G34,10109564LQBUENO,2025-07-10,122671,1,16,0,129.0
10109564LQBUENO_2025-07-10_G35,10109564LQBUENO,2025-07-10,124486,1,20,0,362.0
10109564LQBUENO_2025-07-10_G36,10109564LQBUENO,2025-07-10,122962,1,8,0,216.0
10109564LQBUENO_2025-07-10_G38,10109564LQBUENO,2025-07-10,121928,1,2,0,112.0
10109564LQBUENO_2025-07-10_G39,10109564LQBUENO,2025-07-10,123822,1,2,0,101.0
10109564LQBUENO_2025-07-10_G40,10109564LQBUENO,2025-07-10,120008,1,50,0,2518.0
10109564LQBUENO_2025-07-10_G41,10109564LQBUENO,2025-07-10,123909,2,29,14,852.0
10109564LQBUENO_2025-07-10_G42,10109564LQBUENO,2025-07-10,124475,1,4,0,203.0
10109564LQBUENO_2025-07-10_G43,10109564LQBUENO,2025-07-10,124476,1,4,0,101.0
10109564LQBUENO_2025-07-10_G44,10109564LQBUENO,2025-07-10,124476,1,4,0,154.0
10109564LQBUENO_2025-07-10_G45,10109564LQBUENO,2025-07-10,124476,1,12,0,150.0
10109564LQBUENO_2025-07-10_G46,10109564LQBUENO,2025-07-10,124477,1,200,0,3021.0
10109564LQBUENO_2025-07-11_G02,10109564LQBUENO,2025-07-11,120271,1,10,0,122.0
10109564LQBUENO_2025-07-11_G03,10109564LQBUENO,2025-07-11,122647,1,8,0,149.0
10109564LQBUENO_2025-07-11_G04,10109564LQBUENO,2025-07-11,"123345, 123313",3,6,20,263.0
10109564LQBUENO_2025-07-11_G05,10109564LQBUENO,2025-07-11,122962,1,22,0,435.0
10109564LQBUENO_2025-07-11_G06,10109564LQBUENO,2025-07-11,123822,1,26,0,420.0
10109564LQBUENO_2025-07-11_G07,10109564LQBUENO,2025-07-11,124486,1,3,0,150.0
10109564LQBUENO_2025-07-11_G08,10109564LQBUENO,2025-07-11,124248,1,6,0,108.0
10109564LQBUENO_2025-07-11_G09,10109564LQBUENO,2025-07-11,123822,1,3,0,289.0
10109564LQBUENO_2025-07-11_G10,10109564LQBUENO,2025-07-11,124247,2,132,12,2702.0
10109564LQBUENO_2025-07-11_G11,10109564LQBUENO,2025-07-11,122984,1,30,0,70.0
10109564LQBUENO_2025-07-11_G12,10109564LQBUENO,2025-07-11,123909,1,8,0,203.0
10109564LQBUENO_2025-07-11_G13,10109564LQBUENO,2025-07-11,122647,2,120,4,2620.0
10109564LQBUENO_2025-07-11_G15,10109564LQBUENO,2025-07-11,122962,1,32,0,396.0
10109564LQBUENO_2025-07-11_G16,10109564LQBUENO,2025-07-11,124486,1,12,0,225.0
10109564LQBUENO_2025-07-11_G17,10109564LQBUENO,2025-07-11,120389,1,18,0,317.0
10109564LQBUENO_2025-07-11_G18,10109564LQBUENO,2025-07-11,"122647, 124248, 122962, 124247",4,23,47,363.0
10109564LQBUENO_2025-07-11_G19,10109564LQBUENO,2025-07-11,122185,1,30,0,546.0
10109564LQBUENO_2025-07-11_G20,10109564LQBUENO,2025-07-11,124486,1,18,0,270.0
10109564LQBUENO_2025-07-11_G21,10109564LQBUENO,2025-07-11,123909,1,4,0,53.0
10109564LQBUENO_2025-07-11_G22,10109564LQBUENO,2025-07-11,124624,1,45,0,1237.0
10109564LQBUENO_2025-07-11_G23,10109564LQBUENO,2025-07-11,120321,1,44,0,1545.0
10109564LQBUENO_2025-07-11_G24,10109564LQBUENO,2025-07-11,180029,1,2,0,692.0
10109564LQBUENO_2025-07-12_G02,10109564LQBUENO,2025-07-12,181057,1,100,0,1401.0
10109564LQBUENO_2025-07-12_G03,10109564LQBUENO,2025-07-12,181887,1,2,0,1395.0
10109564LQBUENO_2025-07-12_G04,10109564LQBUENO,2025-07-12,122962,1,120,0,2669.0
10109564LQBUENO_2025-07-12_G05,10109564LQBUENO,2025-07-12,123345,1,8,0,311.0
10109564LQBUENO_2025-07-12_G06,10109564LQBUENO,2025-07-12,123343,1,14,0,547.0
10109564LQBUENO_2025-07-12_G07,10109564LQBUENO,2025-07-12,122962,1,40,0,479.0
10109564LQBUENO_2025-07-12_G08,10109564LQBUENO,2025-07-12,122962,1,16,0,108.0
10109564LQBUENO_2025-07-12_G09,10109564LQBUENO,2025-07-12,122962,1,36,0,481.0
10109564LQBUENO_2025-07-12_G10,10109564LQBUENO,2025-07-12,122962,1,16,0,215.0
10109564LQBUENO_2025-07-12_G11,10109564LQBUENO,2025-07-12,124486,1,8,0,173.0
10109564LQBUENO_2025-07-12_G12,10109564LQBUENO,2025-07-12,124624,1,4,0,467.0
10109564LQBUENO_2025-07-12_G13,10109564LQBUENO,2025-07-12,123080,1,12,0,137.0
10109564LQBUENO_2025-07-12_G14,10109564LQBUENO,2025-07-12,123344,1,11,0,889.0
10109564LQBUENO_2025-07-12_G15,10109564LQBUENO,2025-07-12,124475,1,20,0,396.0
10109564LQBUENO_2025-07-12_G16,10109564LQBUENO,2025-07-12,124248,1,6,0,137.0
10109564LQBUENO_2025-07-12_G17,10109564LQBUENO,2025-07-12,124477,1,10,0,480.0
10109564LQBUENO_2025-07-12_G18,10109564LQBUENO,2025-07-12,123343,1,11,0,882.0
10109564LQBUENO_2025-07-12_G19,10109564LQBUENO,2025-07-12,124594,1,12,0,880.0
10109564LQBUENO_2025-07-14_G02,10109564LQBUENO,2025-07-14,124248,1,2,0,217.0
10109564LQBUENO_2025-07-14_G03,10109564LQBUENO,2025-07-14,124594,1,1,0,125.0
10109564LQBUENO_2025-07-14_G04,10109564LQBUENO,2025-07-14,123081,1,25,0,241.0
10109564LQBUENO_2025-07-14_G05,10109564LQBUENO,2025-07-14,122189,1,3,0,362.0
10109564LQBUENO_2025-07-14_G06,10109564LQBUENO,2025-07-14,122982,1,4,0,120.0
10109564LQBUENO_2025-07-14_G07,10109564LQBUENO,2025-07-14,122196,1,8,0,360.0
10109564LQBUENO_2025-07-14_G08,10109564LQBUENO,2025-07-14,"124486, 122962",2,28,26,439.0
10109564LQBUENO_2025-07-14_G09,10109564LQBUENO,2025-07-14,124624,1,4,0,174.0
10109564LQBUENO_2025-07-14_G10,10109564LQBUENO,2025-07-14,123345,1,4,0,147.0
10109564LQBUENO_2025-07-14_G11,10109564LQBUENO,2025-07-14,"124486, 122962",2,12,19,269.0
10109564LQBUENO_2025-07-14_G12,10109564LQBUENO,2025-07-14,122984,1,32,0,457.0
10109564LQBUENO_2025-07-14_G13,10109564LQBUENO,2025-07-14,122962,1,20,0,522.0
10109564LQBUENO_2025-07-14_G14,10109564LQBUENO,2025-07-14,"122647, 122962",2,40,21,927.0
10109564LQBUENO_2025-07-14_G15,10109564LQBUENO,2025-07-14,120272,1,6,0,173.0
10109564LQBUENO_2025-07-14_G16,10109564LQBUENO,2025-07-14,122982,1,24,0,421.0
10109564LQBUENO_2025-07-14_G17,10109564LQBUENO,2025-07-14,124594,1,6,0,992.0
10109564LQBUENO_2025-07-14_G18,10109564LQBUENO,2025-07-14,120028,1,3,0,2170.0
10109564LQBUENO_2025-07-14_G19,10109564LQBUENO,2025-07-14,120339,1,4,0,64.0
10109564LQBUENO_2025-07-14_G20,10109564LQBUENO,2025-07-14,"124486, 122962",2,6,7,213.0
10109564LQBUENO_2025-07-14_G21,10109564LQBUENO,2025-07-14,124486,1,4,0,698.0
10109564LQBUENO_2025-07-14_G22,10109564LQBUENO,2025-07-14,122962,1,8,0,292.0
10109564LQBUENO_2025-07-14_G23,10109564LQBUENO,2025-07-14,122962,1,24,0,208.0
10109564LQBUENO_2025-07-14_G24,10109564LQBUENO,2025-07-14,122962,1,24,0,1115.0
10109564LQBUENO_2025-07-14_G25,10109564LQBUENO,2025-07-14,"122983, 122984",2,54,16,60.0
10109564LQBUENO_2025-07-14_G26,10109564LQBUENO,2025-07-14,122195,1,35,0,1087.0
10109564LQBUENO_2025-07-15_G02,10109564LQBUENO,2025-07-15,123345,1,4,0,172.0
10109564LQBUENO_2025-07-15_G03,10109564LQBUENO,2025-07-15,122962,1,8,0,98.0
10109564LQBUENO_2025-07-15_G04,10109564LQBUENO,2025-07-15,122647,1,12,0,229.0
10109564LQBUENO_2025-07-15_G05,10109564LQBUENO,2025-07-15,124247,1,7,0,221.0
10109564LQBUENO_2025-07-15_G06,10109564LQBUENO,2025-07-15,123889,1,4,0,372.0
10109564LQBUENO_2025-07-15_G07,10109564LQBUENO,2025-07-15,124264,1,25,0,323.0
10109564LQBUENO_2025-07-15_G08,10109564LQBUENO,2025-07-15,124264,1,5,0,426.0
10109564LQBUENO_2025-07-15_G09,10109564LQBUENO,2025-07-15,123822,1,3,0,119.0
10109564LQBUENO_2025-07-15_G10,10109564LQBUENO,2025-07-15,122984,1,4,0,119.0
10109564LQBUENO_2025-07-15_G11,10109564LQBUENO,2025-07-15,124248,1,3,0,213.0
10109564LQBUENO_2025-07-15_G12,10109564LQBUENO,2025-07-15,124247,1,3,0,55.0
10109564LQBUENO_2025-07-15_G13,10109564LQBUENO,2025-07-15,123153,1,10,0,147.0
10109564LQBUENO_2025-07-15_G14,10109564LQBUENO,2025-07-15,123344,1,20,0,301.0
10109564LQBUENO_2025-07-15_G15,10109564LQBUENO,2025-07-15,121760,1,16,0,272.0
10109564LQBUENO_2025-07-15_G16,10109564LQBUENO,2025-07-15,121651,1,2,0,148.0
10109564LQBUENO_2025-07-15_G17,10109564LQBUENO,2025-07-15,124486,1,40,0,289.0
10109564LQBUENO_2025-07-15_G18,10109564LQBUENO,2025-07-15,122962,1,20,0,424.0
10109564LQBUENO_2025-07-15_G19,10109564LQBUENO,2025-07-15,120028,1,4,0,663.0
10109564LQBUENO_2025-07-15_G20,10109564LQBUENO,2025-07-15,122647,1,20,0,403.0
10109564LQBUENO_2025-07-15_G21,10109564LQBUENO,2025-07-15,180035,1,4,0,1058.0
10109564LQBUENO_2025-07-15_G22,10109564LQBUENO,2025-07-15,124586,1,20,0,213.0
10109564LQBUENO_2025-07-15_G23,10109564LQBUENO,2025-07-15,120339,1,4,0,323.0
10109564LQBUENO_2025-07-15_G24,10109564LQBUENO,2025-07-15,122189,1,2,0,236.0
10109564LQBUENO_2025-07-15_G25,10109564LQBUENO,2025-07-15,124486,1,4,0,122.0
10109564LQBUENO_2025-07-15_G26,10109564LQBUENO,2025-07-15,122962,1,1,0,31.0
10109564LQBUENO_2025-07-15_G27,10109564LQBUENO,2025-07-15,123822,1,20,0,388.0
10109564LQBUENO_2025-07-15_G28,10109564LQBUENO,2025-07-15,122647,1,20,0,709.0
10109564LQBUENO_2025-07-15_G29,10109564LQBUENO,2025-07-15,124486,1,20,0,82.0
10109564LQBUENO_2025-07-15_G30,10109564LQBUENO,2025-07-15,122962,1,30,0,640.0
10109564LQBUENO_2025-07-15_G31,10109564LQBUENO,2025-07-15,124486,1,8,0,110.0
10109564LQBUENO_2025-07-15_G32,10109564LQBUENO,2025-07-15,122962,1,16,0,219.0
10109564LQBUENO_2025-07-16_G02,10109564LQBUENO,2025-07-16,122962,1,10,0,84.0
10109564LQBUENO_2025-07-16_G03,10109564LQBUENO,2025-07-16,123153,1,117,0,2354.0
10109564LQBUENO_2025-07-16_G04,10109564LQBUENO,2025-07-16,121760,1,18,0,395.0
10109564LQBUENO_2025-07-16_G05,10109564LQBUENO,2025-07-16,120389,1,7,0,194.0
10109564LQBUENO_2025-07-16_G06,10109564LQBUENO,2025-07-16,121928,1,6,0,303.0
10109564LQBUENO_2025-07-16_G07,10109564LQBUENO,2025-07-16,122647,1,14,0,223.0
10109564LQBUENO_2025-07-16_G08,10109564LQBUENO,2025-07-16,122671,1,4,0,295.0
10109564LQBUENO_2025-07-16_G09,10109564LQBUENO,2025-07-16,122982,1,12,0,335.0
10109564LQBUENO_2025-07-16_G10,10109564LQBUENO,2025-07-16,123909,2,8,6,282.0
10109564LQBUENO_2025-07-16_G11,10109564LQBUENO,2025-07-16,121651,1,9,0,306.0
10109564LQBUENO_2025-07-16_G12,10109564LQBUENO,2025-07-16,"122988, 123345",2,94,24,102.0
10109564LQBUENO_2025-07-16_G13,10109564LQBUENO,2025-07-16,123889,1,8,0,425.0
10109564LQBUENO_2025-07-16_G14,10109564LQBUENO,2025-07-16,"124477, 123344",2,34,16,250.0
10109564LQBUENO_2025-07-16_G15,10109564LQBUENO,2025-07-16,124370,1,10,0,84.0
10109564LQBUENO_2025-07-16_G16,10109564LQBUENO,2025-07-16,124475,1,33,0,316.0
10109564LQBUENO_2025-07-16_G17,10109564LQBUENO,2025-07-16,120389,1,4,0,900.0
10109564LQBUENO_2025-07-16_G18,10109564LQBUENO,2025-07-16,122962,1,18,0,293.0
10109564LQBUENO_2025-07-16_G20,10109564LQBUENO,2025-07-16,122962,1,8,0,174.0
10109564LQBUENO_2025-07-16_G21,10109564LQBUENO,2025-07-16,120028,1,30,0,535.0
10109564LQBUENO_2025-07-16_G23,10109564LQBUENO,2025-07-16,124486,1,40,0,476.0
10109564LQBUENO_2025-07-16_G24,10109564LQBUENO,2025-07-16,122647,1,20,0,532.0
10109564LQBUENO_2025-07-16_G25,10109564LQBUENO,2025-07-16,122962,1,40,0,69.0
10109564LQBUENO_2025-07-16_G26,10109564LQBUENO,2025-07-16,124248,1,40,0,766.0
10109564LQBUENO_2025-07-16_G27,10109564LQBUENO,2025-07-16,124247,1,2,0,802.0
10109564LQBUENO_2025-07-17_G02,10109564LQBUENO,2025-07-17,123345,1,20,0,115.0
10109564LQBUENO_2025-07-17_G03,10109564LQBUENO,2025-07-17,122962,1,50,0,467.0
10109564LQBUENO_2025-07-17_G04,10109564LQBUENO,2025-07-17,122962,1,78,0,683.0
10109564LQBUENO_2025-07-17_G05,10109564LQBUENO,2025-07-17,120389,1,8,0,199.0
10109564LQBUENO_2025-07-17_G06,10109564LQBUENO,2025-07-17,120028,1,40,0,261.0
10109564LQBUENO_2025-07-17_G07,10109564LQBUENO,2025-07-17,121651,1,40,0,537.0
10109564LQBUENO_2025-07-17_G08,10109564LQBUENO,2025-07-17,124476,1,8,0,187.0
10109564LQBUENO_2025-07-17_G09,10109564LQBUENO,2025-07-17,123343,1,48,0,396.0
10109564LQBUENO_2025-07-17_G10,10109564LQBUENO,2025-07-17,124247,1,20,0,1250.0
10109564LQBUENO_2025-07-17_G11,10109564LQBUENO,2025-07-17,181057,1,4,0,332.0
10109564LQBUENO_2025-07-17_G12,10109564LQBUENO,2025-07-17,123153,1,12,0,1204.0
10109564LQBUENO_2025-07-17_G13,10109564LQBUENO,2025-07-17,122647,1,100,0,1384.0
10109564LQBUENO_2025-07-17_G14,10109564LQBUENO,2025-07-17,122962,1,50,0,180.0
10109564LQBUENO_2025-07-17_G15,10109564LQBUENO,2025-07-17,122962,1,48,0,837.0
10109564LQBUENO_2025-07-17_G16,10109564LQBUENO,2025-07-17,122962,1,24,0,2095.0
10109564LQBUENO_2025-07-17_G17,10109564LQBUENO,2025-07-17,120028,1,12,0,2010.0
10109564LQBUENO_2025-07-17_G18,10109564LQBUENO,2025-07-17,122962,1,60,0,488.0
10109564LQBUENO_2025-07-17_G19,10109564LQBUENO,2025-07-17,124486,1,50,0,1026.0
10109564LQBUENO_2025-07-17_G20,10109564LQBUENO,2025-07-17,121651,1,14,0,886.0
10109564LQBUENO_2025-07-17_G21,10109564LQBUENO,2025-07-17,122185,1,50,0,2350.0
10109564LQBUENO_2025-07-17_G22,10109564LQBUENO,2025-07-17,124370,1,80,0,451.0
10109564LQBUENO_2025-07-17_G24,10109564LQBUENO,2025-07-17,124370,1,11,0,413.0
10109564LQBUENO_2025-07-17_G25,10109564LQBUENO,2025-07-17,124370,1,7,0,226.0
10109564LQBUENO_2025-07-17_G26,10109564LQBUENO,2025-07-17,122983,1,8,0,230.0
10109564LQBUENO_2025-07-17_G27,10109564LQBUENO,2025-07-17,124247,1,5,0,60.0
10109564LQBUENO_2025-07-17_G28,10109564LQBUENO,2025-07-17,124624,1,8,0,116.0
10109564LQBUENO_2025-07-18_G02,10109564LQBUENO,2025-07-18,122962,1,20,0,650.0
10109564LQBUENO_2025-07-18_G04,10109564LQBUENO,2025-07-18,123344,1,4,0,1438.0
10109564LQBUENO_2025-07-18_G05,10109564LQBUENO,2025-07-18,124486,1,6,0,171.0
10109564LQBUENO_2025-07-18_G06,10109564LQBUENO,2025-07-18,121760,1,4,0,94.0
10109564LQBUENO_2025-07-18_G07,10109564LQBUENO,2025-07-18,124370,1,4,0,134.0
10109564LQBUENO_2025-07-18_G08,10109564LQBUENO,2025-07-18,124370,1,10,0,274.0
10109564LQBUENO_2025-07-18_G09,10109564LQBUENO,2025-07-18,121651,1,2,0,82.0
10109564LQBUENO_2025-07-18_G10,10109564LQBUENO,2025-07-18,122984,1,4,0,73.0
10109564LQBUENO_2025-07-18_G11,10109564LQBUENO,2025-07-18,123313,1,2,0,156.0
10109564LQBUENO_2025-07-18_G12,10109564LQBUENO,2025-07-18,122962,2,40,8,838.0
10109564LQBUENO_2025-07-18_G13,10109564LQBUENO,2025-07-18,120028,2,28,8,655.0
10109564LQBUENO_2025-07-18_G14,10109564LQBUENO,2025-07-18,123343,1,11,0,1290.0
10109564LQBUENO_2025-07-18_G15,10109564LQBUENO,2025-07-18,122647,1,60,0,2149.0
10109564LQBUENO_2025-07-18_G16,10109564LQBUENO,2025-07-18,122962,1,16,0,114.0
10109564LQBUENO_2025-07-18_G18,10109564LQBUENO,2025-07-18,122962,1,60,0,56.0
10109564LQBUENO_2025-07-18_G19,10109564LQBUENO,2025-07-18,122196,1,8,0,334.0
10109564LQBUENO_2025-07-18_G20,10109564LQBUENO,2025-07-18,120028,1,19,0,137.0
10109564LQBUENO_2025-07-18_G21,10109564LQBUENO,2025-07-18,122962,1,14,0,157.0
10109564LQBUENO_2025-07-18_G22,10109564LQBUENO,2025-07-18,122189,1,4,0,194.0
10109564LQBUENO_2025-07-18_G23,10109564LQBUENO,2025-07-18,124247,1,1,0,62.0
10109564LQBUENO_2025-07-18_G24,10109564LQBUENO,2025-07-18,122962,1,48,0,351.0
10109564LQBUENO_2025-07-18_G25,10109564LQBUENO,2025-07-18,122984,1,8,0,72.0
10109564LQBUENO_2025-07-18_G26,10109564LQBUENO,2025-07-18,123153,1,4,0,116.0
10109564LQBUENO_2025-07-18_G27,10109564LQBUENO,2025-07-18,121760,1,40,0,1165.0
10109564LQBUENO_2025-07-18_G28,10109564LQBUENO,2025-07-18,122983,1,20,0,232.0
10109564LQBUENO_2025-07-18_G29,10109564LQBUENO,2025-07-18,124624,1,6,0,84.0
10109564LQBUENO_2025-07-18_G30,10109564LQBUENO,2025-07-18,122962,1,40,0,364.0
10109564LQBUENO_2025-07-18_G31,10109564LQBUENO,2025-07-18,123561,2,48,9,488.0
10109564LQBUENO_2025-07-18_G32,10109564LQBUENO,2025-07-18,120272,1,4,0,274.0
10109564LQBUENO_2025-07-18_G33,10109564LQBUENO,2025-07-18,123562,1,10,0,414.0
10109564LQBUENO_2025-07-18_G34,10109564LQBUENO,2025-07-18,123909,1,1,0,85.0
10109564LQBUENO_2025-07-18_G35,10109564LQBUENO,2025-07-18,123909,1,19,0,81.0
10109564LQBUENO_2025-07-18_G36,10109564LQBUENO,2025-07-18,121651,1,50,0,142.0
10109564LQBUENO_2025-07-19_G02,10109564LQBUENO,2025-07-19,124486,1,3,0,159.0
10109564LQBUENO_2025-07-19_G03,10109564LQBUENO,2025-07-19,122185,1,3,0,81.0
10109564LQBUENO_2025-07-19_G04,10109564LQBUENO,2025-07-19,124486,1,2,0,88.0
10109564LQBUENO_2025-07-19_G05,10109564LQBUENO,2025-07-19,122983,1,20,0,224.0
10109564LQBUENO_2025-07-19_G06,10109564LQBUENO,2025-07-19,124247,1,10,0,330.0
10109564LQBUENO_2025-07-19_G07,10109564LQBUENO,2025-07-19,123345,1,2,0,99.0
10109564LQBUENO_2025-07-19_G08,10109564LQBUENO,2025-07-19,124486,1,2,0,65.0
10109564LQBUENO_2025-07-19_G09,10109564LQBUENO,2025-07-19,"120389, 122983",2,8,17,116.0
10109564LQBUENO_2025-07-19_G10,10109564LQBUENO,2025-07-19,124248,1,4,0,122.0
10109564LQBUENO_2025-07-19_G11,10109564LQBUENO,2025-07-19,120339,1,4,0,383.0
10109564LQBUENO_2025-07-19_G12,10109564LQBUENO,2025-07-19,124476,1,40,0,1180.0
10109564LQBUENO_2025-07-19_G13,10109564LQBUENO,2025-07-19,124370,1,50,0,256.0
10109564LQBUENO_2025-07-19_G14,10109564LQBUENO,2025-07-19,123822,1,30,0,123.0
10109564LQBUENO_2025-07-19_G15,10109564LQBUENO,2025-07-19,120389,1,20,0,212.0
10109564LQBUENO_2025-07-19_G16,10109564LQBUENO,2025-07-19,122647,1,25,0,214.0
10109564LQBUENO_2025-07-19_G17,10109564LQBUENO,2025-07-19,120028,1,30,0,375.0
10109564LQBUENO_2025-07-19_G18,10109564LQBUENO,2025-07-19,124475,1,60,0,736.0
10109564LQBUENO_2025-07-19_G19,10109564LQBUENO,2025-07-19,123313,1,8,0,2129.0
10109564LQBUENO_2025-07-19_G20,10109564LQBUENO,2025-07-19,123343,1,4,0,329.0
10109564LQBUENO_2025-07-19_G21,10109564LQBUENO,2025-07-19,122983,1,12,0,297.0
10109564LQBUENO_2025-07-19_G22,10109564LQBUENO,2025-07-19,124247,1,4,0,154.0
10109564LQBUENO_2025-07-19_G23,10109564LQBUENO,2025-07-19,120271,1,4,0,71.0
10109564LQBUENO_2025-07-19_G24,10109564LQBUENO,2025-07-19,123561,1,4,0,90.0
10109564LQBUENO_2025-07-19_G25,10109564LQBUENO,2025-07-19,122968,1,2,0,428.0
10109564LQBUENO_2025-07-19_G26,10109564LQBUENO,2025-07-19,123561,2,8,8,57.0
10109564LQBUENO_2025-07-19_G27,10109564LQBUENO,2025-07-19,122673,1,8,0,624.0
10109564LQBUENO_2025-07-19_G28,10109564LQBUENO,2025-07-19,"123343, 122982",2,5,18,214.0
10109564LQBUENO_2025-07-19_G29,10109564LQBUENO,2025-07-19,120389,1,16,0,141.0
10109564LQBUENO_2025-07-19_G30,10109564LQBUENO,2025-07-19,122983,1,16,0,125.0
10109564LQBUENO_2025-07-19_G31,10109564LQBUENO,2025-07-19,120389,1,30,0,426.0
10109564LQBUENO_2025-07-19_G32,10109564LQBUENO,2025-07-19,123822,1,1,0,184.0
10109564LQBUENO_2025-07-19_G33,10109564LQBUENO,2025-07-19,120339,9,48,105,462.0
10109564LQBUENO_2025-07-19_G34,10109564LQBUENO,2025-07-19,120339,5,24,22,316.0
10109564LQBUENO_2025-07-19_G35,10109564LQBUENO,2025-07-19,123562,1,6,0,1958.0
10109564LQBUENO_2025-07-19_G36,10109564LQBUENO,2025-07-19,124624,1,4,0,54.0
10109564LQBUENO_2025-07-19_G37,10109564LQBUENO,2025-07-19,122962,1,8,0,154.0
10109564LQBUENO_2025-07-19_G38,10109564LQBUENO,2025-07-19,124486,1,6,0,148.0
10109564LQBUENO_2025-07-19_G39,10109564LQBUENO,2025-07-19,122647,1,8,0,304.0
10109564LQBUENO_2025-07-19_G41,10109564LQBUENO,2025-07-19,122984,1,8,0,32.0
10109564LQBUENO_2025-07-19_G42,10109564LQBUENO,2025-07-19,123345,1,10,0,389.0
10109564LQBUENO_2025-07-19_G43,10109564LQBUENO,2025-07-19,123561,1,2,0,87.0
10109564LQBUENO_2025-07-21_G02,10109564LQBUENO,2025-07-21,123344,1,13,0,184.0
10109564LQBUENO_2025-07-21_G03,10109564LQBUENO,2025-07-21,121760,1,14,0,271.0
10109564LQBUENO_2025-07-21_G04,10109564LQBUENO,2025-07-21,123345,1,15,0,109.0
10109564LQBUENO_2025-07-21_G05,10109564LQBUENO,2025-07-21,121651,1,14,0,137.0
10109564LQBUENO_2025-07-21_G06,10109564LQBUENO,2025-07-21,123909,1,4,0,131.0
10109564LQBUENO_2025-07-21_G07,10109564LQBUENO,2025-07-21,124370,1,8,0,104.0
10109564LQBUENO_2025-07-21_G08,10109564LQBUENO,2025-07-21,"121928, 123909, 121760",3,60,21,1563.0
10109564LQBUENO_2025-07-21_G09,10109564LQBUENO,2025-07-21,123345,1,22,0,51.0
10109564LQBUENO_2025-07-21_G10,10109564LQBUENO,2025-07-21,123345,1,14,0,63.0
10109564LQBUENO_2025-07-21_G11,10109564LQBUENO,2025-07-21,121760,1,15,0,559.0
10109564LQBUENO_2025-07-21_G12,10109564LQBUENO,2025-07-21,124486,1,6,0,91.0
10109564LQBUENO_2025-07-21_G13,10109564LQBUENO,2025-07-21,123344,2,18,19,65.0
10109564LQBUENO_2025-07-21_G14,10109564LQBUENO,2025-07-21,121651,1,10,0,38.0
10109564LQBUENO_2025-07-21_G15,10109564LQBUENO,2025-07-21,"123344, 121651",2,28,22,1328.0
10109564LQBUENO_2025-07-21_G16,10109564LQBUENO,2025-07-21,122703,1,6,0,65.0
10109564LQBUENO_2025-07-21_G17,10109564LQBUENO,2025-07-21,"122988, 122671",2,14,7,119.0
10109564LQBUENO_2025-07-21_G18,10109564LQBUENO,2025-07-21,122984,1,14,0,141.0
10109564LQBUENO_2025-07-21_G19,10109564LQBUENO,2025-07-21,123345,1,4,0,35.0
10109564LQBUENO_2025-07-21_G20,10109564LQBUENO,2025-07-21,123345,1,10,0,293.0
10109564LQBUENO_2025-07-21_G21,10109564LQBUENO,2025-07-21,"122703, 124486, 122984",4,23,69,34.0
10109564LQBUENO_2025-07-21_G22,10109564LQBUENO,2025-07-21,"121651, 123909",2,13,20,32.0
10109564LQBUENO_2025-07-21_G23,10109564LQBUENO,2025-07-21,123345,1,32,0,331.0
10109564LQBUENO_2025-07-21_G24,10109564LQBUENO,2025-07-21,122983,1,46,0,985.0
10109564LQBUENO_2025-07-21_G25,10109564LQBUENO,2025-07-21,122982,1,32,0,94.0
10109564LQBUENO_2025-07-21_G26,10109564LQBUENO,2025-07-21,121760,1,14,0,51.0
10109564LQBUENO_2025-07-21_G27,10109564LQBUENO,2025-07-21,122988,1,3,0,209.0
10109564LQBUENO_2025-07-21_G28,10109564LQBUENO,2025-07-21,122988,1,3,0,149.0
10109564LQBUENO_2025-07-21_G29,10109564LQBUENO,2025-07-21,123344,1,3,0,120.0
10109564LQBUENO_2025-07-21_G30,10109564LQBUENO,2025-07-21,"123344, 124475, 124624, 124486, 121651, 124476, 124594",7,37,126,1077.0
10109564LQBUENO_2025-07-21_G31,10109564LQBUENO,2025-07-21,122185,1,2,0,915.0
10109564LQBUENO_2025-07-21_G32,10109564LQBUENO,2025-07-21,124486,1,12,0,304.0
10109564LQBUENO_2025-07-21_G33,10109564LQBUENO,2025-07-21,122962,1,8,0,228.0
10109564LQBUENO_2025-07-21_G34,10109564LQBUENO,2025-07-21,123345,1,4,0,32.0
10109564LQBUENO_2025-07-21_G35,10109564LQBUENO,2025-07-21,123343,1,2,0,981.0
10109564LQBUENO_2025-07-21_G36,10109564LQBUENO,2025-07-21,123344,1,2,0,91.0
10109564LQBUENO_2025-07-21_G37,10109564LQBUENO,2025-07-21,121651,1,4,0,129.0
10109564LQBUENO_2025-07-21_G38,10109564LQBUENO,2025-07-21,124477,1,1,0,95.0
10109564LQBUENO_2025-07-21_G39,10109564LQBUENO,2025-07-21,123344,1,8,0,180.0
10109564LQBUENO_2025-07-21_G40,10109564LQBUENO,2025-07-21,121760,1,6,0,32.0
10109564LQBUENO_2025-07-21_G41,10109564LQBUENO,2025-07-21,124370,1,7,0,218.0
10109564LQBUENO_2025-07-21_G42,10109564LQBUENO,2025-07-21,124475,1,12,0,274.0
10109564LQBUENO_2025-07-21_G43,10109564LQBUENO,2025-07-21,124624,1,4,0,178.0
10109564LQBUENO_2025-07-21_G44,10109564LQBUENO,2025-07-21,122984,1,13,0,206.0
10109564LQBUENO_2025-07-21_G45,10109564LQBUENO,2025-07-21,"122185, 124476",2,8,14,64.0
10109564LQBUENO_2025-07-21_G46,10109564LQBUENO,2025-07-21,122673,1,8,0,285.0
10109564LQBUENO_2025-07-21_G47,10109564LQBUENO,2025-07-21,122673,1,10,0,36.0
10109564LQBUENO_2025-07-21_G48,10109564LQBUENO,2025-07-21,122647,1,30,0,33.0
10109564LQBUENO_2025-07-21_G49,10109564LQBUENO,2025-07-21,"123344, 124475, 122671, 124486",4,18,50,150.0
10109564LQBUENO_2025-07-21_G50,10109564LQBUENO,2025-07-21,122185,1,12,0,414.0
10109564LQBUENO_2025-07-21_G51,10109564LQBUENO,2025-07-21,"122647, 122962",3,56,40,188.0
10109564LQBUENO_2025-07-21_G52,10109564LQBUENO,2025-07-21,122984,1,50,0,35.0
10109564LQBUENO_2025-07-22_G02,10109564LQBUENO,2025-07-22,123909,1,10,0,379.0
10109564LQBUENO_2025-07-22_G03,10109564LQBUENO,2025-07-22,124486,1,43,0,443.0
10109564LQBUENO_2025-07-22_G04,10109564LQBUENO,2025-07-22,124248,1,13,0,187.0
10109564LQBUENO_2025-07-22_G05,10109564LQBUENO,2025-07-22,124548,1,12,0,477.0
10109564LQBUENO_2025-07-22_G06,10109564LQBUENO,2025-07-22,122673,1,12,0,193.0
10109564LQBUENO_2025-07-22_G07,10109564LQBUENO,2025-07-22,122673,1,25,0,323.0
10109564LQBUENO_2025-07-22_G08,10109564LQBUENO,2025-07-22,124475,1,8,0,1685.0
10109564LQBUENO_2025-07-22_G09,10109564LQBUENO,2025-07-22,124248,1,8,0,152.0
10109564LQBUENO_2025-07-22_G10,10109564LQBUENO,2025-07-22,"123909, 123345",2,30,21,286.0
10109564LQBUENO_2025-07-22_G11,10109564LQBUENO,2025-07-22,"123822, 123343",2,14,18,394.0
10109564LQBUENO_2025-07-22_G12,10109564LQBUENO,2025-07-22,"122673, 122647",2,28,13,396.0
10109564LQBUENO_2025-07-22_G13,10109564LQBUENO,2025-07-22,122673,1,18,0,269.0
10109564LQBUENO_2025-07-22_G14,10109564LQBUENO,2025-07-22,"122962, 124486",2,14,16,267.0
10109564LQBUENO_2025-07-22_G15,10109564LQBUENO,2025-07-22,122647,1,8,0,105.0
10109564LQBUENO_2025-07-22_G16,10109564LQBUENO,2025-07-22,"122962, 124486",2,12,11,185.0
10109564LQBUENO_2025-07-22_G17,10109564LQBUENO,2025-07-22,123909,1,6,0,153.0
10109564LQBUENO_2025-07-22_G18,10109564LQBUENO,2025-07-22,122673,1,20,0,931.0
10109564LQBUENO_2025-07-22_G19,10109564LQBUENO,2025-07-22,122673,1,24,0,128.0
10109564LQBUENO_2025-07-22_G21,10109564LQBUENO,2025-07-22,122673,1,20,0,74.0
10109564LQBUENO_2025-07-23_G02,10109564LQBUENO,2025-07-23,120339,1,8,0,59.0
10109564LQBUENO_2025-07-23_G03,10109564LQBUENO,2025-07-23,120339,1,12,0,243.0
10109564LQBUENO_2025-07-23_G04,10109564LQBUENO,2025-07-23,122984,1,8,0,92.0
10109564LQBUENO_2025-07-23_G05,10109564LQBUENO,2025-07-23,123561,1,16,0,144.0
10109564LQBUENO_2025-07-23_G06,10109564LQBUENO,2025-07-23,"124248, 123561",2,10,27,97.0
10109564LQBUENO_2025-07-23_G07,10109564LQBUENO,2025-07-23,123561,1,2,0,71.0
10109564LQBUENO_2025-07-23_G08,10109564LQBUENO,2025-07-23,123345,3,12,13,65.0
10109564LQBUENO_2025-07-23_G09,10109564LQBUENO,2025-07-23,122984,1,4,0,267.0
10109564LQBUENO_2025-07-23_G10,10109564LQBUENO,2025-07-23,122962,1,4,0,371.0
10109564LQBUENO_2025-07-23_G11,10109564LQBUENO,2025-07-23,122962,1,50,0,55.0
10109564LQBUENO_2025-07-23_G12,10109564LQBUENO,2025-07-23,122962,1,50,0,269.0
10109564LQBUENO_2025-07-23_G13,10109564LQBUENO,2025-07-23,124247,1,4,0,2569.0
10109564LQBUENO_2025-07-23_G14,10109564LQBUENO,2025-07-23,120339,1,4,0,72.0
10109564LQBUENO_2025-07-23_G15,10109564LQBUENO,2025-07-23,124486,1,2,0,57.0
10109564LQBUENO_2025-07-23_G16,10109564LQBUENO,2025-07-23,124248,1,4,0,104.0
10109564LQBUENO_2025-07-23_G17,10109564LQBUENO,2025-07-23,120028,1,36,0,478.0
10109564LQBUENO_2025-07-23_G18,10109564LQBUENO,2025-07-23,124486,1,24,0,214.0
10109564LQBUENO_2025-07-23_G19,10109564LQBUENO,2025-07-23,122671,1,8,0,120.0
10109564LQBUENO_2025-07-23_G20,10109564LQBUENO,2025-07-23,124247,1,8,0,95.0
10109564LQBUENO_2025-07-23_G21,10109564LQBUENO,2025-07-23,122962,1,20,0,128.0
10109564LQBUENO_2025-07-23_G22,10109564LQBUENO,2025-07-23,124486,1,20,0,118.0
10109564LQBUENO_2025-07-23_G23,10109564LQBUENO,2025-07-23,122962,1,20,0,154.0
10109564LQBUENO_2025-07-23_G24,10109564LQBUENO,2025-07-23,120389,1,14,0,198.0
10109564LQBUENO_2025-07-23_G25,10109564LQBUENO,2025-07-23,122671,1,16,0,218.0
10109564LQBUENO_2025-07-23_G26,10109564LQBUENO,2025-07-23,124486,1,18,0,51.0
10109564LQBUENO_2025-07-23_G27,10109564LQBUENO,2025-07-23,123345,1,1,0,97.0
10109564LQBUENO_2025-07-23_G28,10109564LQBUENO,2025-07-23,123909,1,8,0,76.0
10109564LQBUENO_2025-07-23_G29,10109564LQBUENO,2025-07-23,122983,1,20,0,99.0
10109564LQBUENO_2025-07-23_G30,10109564LQBUENO,2025-07-23,"121760, 124247",2,10,23,1766.0
10109564LQBUENO_2025-07-23_G31,10109564LQBUENO,2025-07-23,122962,1,50,0,301.0
10109564LQBUENO_2025-07-23_G32,10109564LQBUENO,2025-07-23,121651,1,65,0,2640.0
10109564LQBUENO_2025-07-23_G33,10109564LQBUENO,2025-07-23,123344,1,2,0,498.0
10109564LQBUENO_2025-07-23_G34,10109564LQBUENO,2025-07-23,121651,2,15,6,75.0
10109564LQBUENO_2025-07-23_G35,10109564LQBUENO,2025-07-23,"121651, 124486",3,16,31,36.0
10109564LQBUENO_2025-07-23_G36,10109564LQBUENO,2025-07-23,123345,1,12,0,56.0
10109564LQBUENO_2025-07-23_G37,10109564LQBUENO,2025-07-23,"122988, 123344",3,9,27,607.0
10109564LQBUENO_2025-07-23_G38,10109564LQBUENO,2025-07-23,123153,1,6,0,251.0
10109564LQBUENO_2025-07-23_G39,10109564LQBUENO,2025-07-23,123153,1,6,0,73.0
10109564LQBUENO_2025-07-23_G40,10109564LQBUENO,2025-07-23,123153,1,10,0,132.0
10109564LQBUENO_2025-07-23_G41,10109564LQBUENO,2025-07-23,"123153, 124486",2,10,13,434.0
10109564LQBUENO_2025-07-23_G42,10109564LQBUENO,2025-07-23,123345,1,6,0,38.0
10109564LQBUENO_2025-07-23_G43,10109564LQBUENO,2025-07-23,122673,1,2,0,562.0
10109564LQBUENO_2025-07-23_G45,10109564LQBUENO,2025-07-23,122981,1,4,0,1070.0
10109564LQBUENO_2025-07-24_G02,10109564LQBUENO,2025-07-24,124371,1,8,0,323.0
10109564LQBUENO_2025-07-24_G03,10109564LQBUENO,2025-07-24,124247,1,5,0,82.0
10109564LQBUENO_2025-07-24_G04,10109564LQBUENO,2025-07-24,122983,1,4,0,89.0
10109564LQBUENO_2025-07-24_G05,10109564LQBUENO,2025-07-24,123153,1,6,0,240.0
10109564LQBUENO_2025-07-24_G06,10109564LQBUENO,2025-07-24,121651,1,6,0,226.0
10109564LQBUENO_2025-07-24_G07,10109564LQBUENO,2025-07-24,123345,1,10,0,206.0
10109564LQBUENO_2025-07-24_G08,10109564LQBUENO,2025-07-24,123343,1,7,0,791.0
10109564LQBUENO_2025-07-24_G09,10109564LQBUENO,2025-07-24,122703,1,1,0,379.0
10109564LQBUENO_2025-07-24_G10,10109564LQBUENO,2025-07-24,180054,1,1,0,1647.0
10109564LQBUENO_2025-07-24_G11,10109564LQBUENO,2025-07-24,122962,1,24,0,517.0
10109564LQBUENO_2025-07-24_G12,10109564LQBUENO,2025-07-24,123344,1,4,0,167.0
10109564LQBUENO_2025-07-24_G13,10109564LQBUENO,2025-07-24,122962,1,32,0,548.0
10109564LQBUENO_2025-07-24_G14,10109564LQBUENO,2025-07-24,122988,1,16,0,201.0
10109564LQBUENO_2025-07-24_G15,10109564LQBUENO,2025-07-24,124624,1,8,0,133.0
10109564LQBUENO_2025-07-24_G16,10109564LQBUENO,2025-07-24,122984,1,40,0,515.0
10109564LQBUENO_2025-07-24_G17,10109564LQBUENO,2025-07-24,122982,1,11,0,190.0
10109564LQBUENO_2025-07-24_G18,10109564LQBUENO,2025-07-24,124548,1,20,0,236.0
10109564LQBUENO_2025-07-24_G19,10109564LQBUENO,2025-07-24,124594,1,4,0,167.0
10109564LQBUENO_2025-07-24_G20,10109564LQBUENO,2025-07-24,123889,1,15,0,157.0
10109564LQBUENO_2025-07-24_G21,10109564LQBUENO,2025-07-24,122962,1,12,0,180.0
10109564LQBUENO_2025-07-24_G22,10109564LQBUENO,2025-07-24,124486,1,7,0,1454.0
10109564LQBUENO_2025-07-24_G23,10109564LQBUENO,2025-07-24,123343,1,3,0,43.0
10109564LQBUENO_2025-07-24_G24,10109564LQBUENO,2025-07-24,123822,1,12,0,263.0
10109564LQBUENO_2025-07-24_G25,10109564LQBUENO,2025-07-24,122962,1,32,0,112.0
10109564LQBUENO_2025-07-24_G26,10109564LQBUENO,2025-07-24,122647,1,12,0,417.0
10109564LQBUENO_2025-07-24_G27,10109564LQBUENO,2025-07-24,122671,1,6,0,91.0
10109564LQBUENO_2025-07-24_G28,10109564LQBUENO,2025-07-24,123909,1,1,0,69.0
10109564LQBUENO_2025-07-24_G29,10109564LQBUENO,2025-07-24,121760,1,36,0,1362.0
10109564LQBUENO_2025-07-24_G30,10109564LQBUENO,2025-07-24,123344,1,13,0,55.0
10109564LQBUENO_2025-07-24_G31,10109564LQBUENO,2025-07-24,124475,1,4,0,231.0
10109564LQBUENO_2025-07-24_G32,10109564LQBUENO,2025-07-24,124486,1,4,0,188.0
10109564LQBUENO_2025-07-24_G33,10109564LQBUENO,2025-07-24,122984,1,12,0,283.0
10109564LQBUENO_2025-07-24_G34,10109564LQBUENO,2025-07-24,"124477, 121760",2,12,22,461.0
10109564LQBUENO_2025-07-24_G35,10109564LQBUENO,2025-07-24,123345,1,15,0,208.0
10109564LQBUENO_2025-07-24_G36,10109564LQBUENO,2025-07-24,123313,1,6,0,215.0
10109564LQBUENO_2025-07-24_G37,10109564LQBUENO,2025-07-24,123344,1,20,0,184.0
10109564LQBUENO_2025-07-24_G38,10109564LQBUENO,2025-07-24,121760,1,20,0,318.0
10109564LQBUENO_2025-07-24_G39,10109564LQBUENO,2025-07-24,124247,1,3,0,97.0
10109564LQBUENO_2025-07-24_G40,10109564LQBUENO,2025-07-24,123345,1,30,0,355.0
10109564LQBUENO_2025-07-24_G41,10109564LQBUENO,2025-07-24,124486,1,53,0,1372.0
10109564LQBUENO_2025-07-25_G02,10109564LQBUENO,2025-07-25,122647,1,13,0,359.0
10109564LQBUENO_2025-07-25_G03,10109564LQBUENO,2025-07-25,124247,1,8,0,208.0
10109564LQBUENO_2025-07-25_G04,10109564LQBUENO,2025-07-25,120008,1,4,0,243.0
10109564LQBUENO_2025-07-25_G05,10109564LQBUENO,2025-07-25,122986,1,40,0,400.0
10109564LQBUENO_2025-07-25_G06,10109564LQBUENO,2025-07-25,181235,1,2,0,634.0
10109564LQBUENO_2025-07-25_G07,10109564LQBUENO,2025-07-25,124247,1,6,0,236.0
10109564LQBUENO_2025-07-25_G08,10109564LQBUENO,2025-07-25,124486,1,12,0,88.0
10109564LQBUENO_2025-07-25_G09,10109564LQBUENO,2025-07-25,120389,2,74,29,1619.0
10109564LQBUENO_2025-07-25_G10,10109564LQBUENO,2025-07-25,120028,1,2,0,31.0
10109564LQBUENO_2025-07-25_G11,10109564LQBUENO,2025-07-25,124624,1,2,0,44.0
10109564LQBUENO_2025-07-25_G12,10109564LQBUENO,2025-07-25,124624,1,10,0,48.0
10109564LQBUENO_2025-07-25_G13,10109564LQBUENO,2025-07-25,124594,1,11,0,249.0
10109564LQBUENO_2025-07-25_G14,10109564LQBUENO,2025-07-25,123889,1,2,0,35.0
10109564LQBUENO_2025-07-25_G15,10109564LQBUENO,2025-07-25,123889,1,24,0,1549.0
10109564LQBUENO_2025-07-25_G16,10109564LQBUENO,2025-07-25,122982,1,16,0,1141.0
10109564LQBUENO_2025-07-25_G17,10109564LQBUENO,2025-07-25,122984,1,32,0,51.0
10109564LQBUENO_2025-07-25_G18,10109564LQBUENO,2025-07-25,"124248, 124548",2,25,16,221.0
10109564LQBUENO_2025-07-25_G19,10109564LQBUENO,2025-07-25,"124624, 124594",3,18,27,149.0
10109564LQBUENO_2025-07-25_G20,10109564LQBUENO,2025-07-25,120389,1,27,0,262.0
10109564LQBUENO_2025-07-25_G21,10109564LQBUENO,2025-07-25,120028,1,12,0,665.0
10109564LQBUENO_2025-07-25_G22,10109564LQBUENO,2025-07-25,120389,1,40,0,278.0
10109564LQBUENO_2025-07-25_G24,10109564LQBUENO,2025-07-25,"120028, 122647",2,150,11,55.0
10109564LQBUENO_2025-07-25_G25,10109564LQBUENO,2025-07-25,123153,1,10,0,614.0
10109564LQBUENO_2025-07-26_G02,10109564LQBUENO,2025-07-26,122962,1,128,0,1078.0
10109564LQBUENO_2025-07-26_G03,10109564LQBUENO,2025-07-26,123153,1,8,0,198.0
10109564LQBUENO_2025-07-26_G04,10109564LQBUENO,2025-07-26,124370,1,8,0,112.0
10109564LQBUENO_2025-07-26_G05,10109564LQBUENO,2025-07-26,122703,1,8,0,105.0
10109564LQBUENO_2025-07-26_G06,10109564LQBUENO,2025-07-26,122671,1,8,0,49.0
10109564LQBUENO_2025-07-26_G07,10109564LQBUENO,2025-07-26,122984,1,11,0,115.0
10109564LQBUENO_2025-07-26_G08,10109564LQBUENO,2025-07-26,121651,1,20,0,157.0
10109564LQBUENO_2025-07-26_G09,10109564LQBUENO,2025-07-26,124486,1,90,0,444.0
10109564LQBUENO_2025-07-26_G10,10109564LQBUENO,2025-07-26,122982,1,12,0,591.0
10109564LQBUENO_2025-07-26_G11,10109564LQBUENO,2025-07-26,123313,1,4,0,1259.0
10109564LQBUENO_2025-07-26_G12,10109564LQBUENO,2025-07-26,123344,1,4,0,47.0
10109564LQBUENO_2025-07-26_G13,10109564LQBUENO,2025-07-26,120339,1,2,0,228.0
10109564LQBUENO_2025-07-26_G14,10109564LQBUENO,2025-07-26,122983,1,8,0,178.0
10109564LQBUENO_2025-07-26_G15,10109564LQBUENO,2025-07-26,123560,1,2,0,254.0
10109564LQBUENO_2025-07-26_G16,10109564LQBUENO,2025-07-26,120339,2,10,7,690.0
10109564LQBUENO_2025-07-26_G17,10109564LQBUENO,2025-07-26,120339,1,12,0,43.0
10109564LQBUENO_2025-07-26_G18,10109564LQBUENO,2025-07-26,120339,3,10,14,32.0
10109564LQBUENO_2025-07-26_G19,10109564LQBUENO,2025-07-26,"122673, 122962",2,12,15,452.0
10109564LQBUENO_2025-07-26_G20,10109564LQBUENO,2025-07-26,124548,1,17,0,223.0
10109564LQBUENO_2025-07-26_G21,10109564LQBUENO,2025-07-26,123822,1,20,0,972.0
10109564LQBUENO_2025-07-26_G22,10109564LQBUENO,2025-07-26,124486,1,40,0,319.0
10109564LQBUENO_2025-07-26_G23,10109564LQBUENO,2025-07-26,122962,1,40,0,204.0
10109564LQBUENO_2025-07-26_G24,10109564LQBUENO,2025-07-26,123909,1,24,0,222.0
10109564LQBUENO_2025-07-26_G26,10109564LQBUENO,2025-07-26,"123313, 123345",2,24,30,51.0
10109564LQBUENO_2025-07-26_G27,10109564LQBUENO,2025-07-26,120339,1,53,0,677.0
10109564LQBUENO_2025-07-26_G28,10109564LQBUENO,2025-07-26,124594,2,6,5,132.0
10109564LQBUENO_2025-07-26_G29,10109564LQBUENO,2025-07-26,122185,1,210,0,2064.0
10109564LQBUENO_2025-07-28_G02,10109564LQBUENO,2025-07-28,120028,1,10,0,227.0
10109564LQBUENO_2025-07-28_G03,10109564LQBUENO,2025-07-28,124248,1,50,0,797.0
10109564LQBUENO_2025-07-28_G04,10109564LQBUENO,2025-07-28,"123153, 120339",2,20,19,1288.0
10109564LQBUENO_2025-07-28_G05,10109564LQBUENO,2025-07-28,"123343, 124248, 122984, 123909, 124624",6,46,88,39.0
10109564LQBUENO_2025-07-28_G06,10109564LQBUENO,2025-07-28,"122185, 122984",2,8,14,211.0
10109564LQBUENO_2025-07-28_G07,10109564LQBUENO,2025-07-28,124486,1,4,0,112.0
10109564LQBUENO_2025-07-28_G08,10109564LQBUENO,2025-07-28,124247,1,10,0,139.0
10109564LQBUENO_2025-07-28_G09,10109564LQBUENO,2025-07-28,123344,1,2,0,1110.0
10109564LQBUENO_2025-07-28_G10,10109564LQBUENO,2025-07-28,121760,1,1,0,49.0
10109564LQBUENO_2025-07-28_G11,10109564LQBUENO,2025-07-28,124370,1,12,0,190.0
10109564LQBUENO_2025-07-28_G12,10109564LQBUENO,2025-07-28,122984,1,4,0,61.0
10109564LQBUENO_2025-07-28_G13,10109564LQBUENO,2025-07-28,124477,1,4,0,168.0
10109564LQBUENO_2025-07-28_G14,10109564LQBUENO,2025-07-28,120339,1,20,0,68.0
10109564LQBUENO_2025-07-28_G15,10109564LQBUENO,2025-07-28,120272,1,14,0,310.0
10109564LQBUENO_2025-07-28_G16,10109564LQBUENO,2025-07-28,"120028, 122673",2,30,17,445.0
10109564LQBUENO_2025-07-28_G17,10109564LQBUENO,2025-07-28,122962,1,16,0,166.0
10109564LQBUENO_2025-07-28_G18,10109564LQBUENO,2025-07-28,123822,1,11,0,194.0
10109564LQBUENO_2025-07-28_G19,10109564LQBUENO,2025-07-28,122962,1,11,0,174.0
10109564LQBUENO_2025-07-28_G20,10109564LQBUENO,2025-07-28,120028,1,11,0,168.0
10109564LQBUENO_2025-07-28_G21,10109564LQBUENO,2025-07-28,122986,1,2,0,102.0
10109564LQBUENO_2025-07-28_G22,10109564LQBUENO,2025-07-28,122983,1,8,0,108.0
10109564LQBUENO_2025-07-28_G23,10109564LQBUENO,2025-07-28,120339,1,12,0,97.0
10109564LQBUENO_2025-07-28_G24,10109564LQBUENO,2025-07-28,123909,1,22,0,585.0
10109564LQBUENO_2025-07-28_G25,10109564LQBUENO,2025-07-28,124370,1,6,0,122.0
10109564LQBUENO_2025-07-28_G26,10109564LQBUENO,2025-07-28,120028,1,4,0,45.0
10109564LQBUENO_2025-07-28_G27,10109564LQBUENO,2025-07-28,124486,1,3,0,87.0
10109564LQBUENO_2025-07-28_G28,10109564LQBUENO,2025-07-28,124548,1,4,0,131.0
10109564LQBUENO_2025-07-28_G29,10109564LQBUENO,2025-07-28,122647,1,32,0,253.0
10109564LQBUENO_2025-07-28_G30,10109564LQBUENO,2025-07-28,123153,2,86,7,2403.0
10109564LQBUENO_2025-07-28_G31,10109564LQBUENO,2025-07-28,122195,1,2,0,965.0
10109564LQBUENO_2025-07-28_G32,10109564LQBUENO,2025-07-28,122188,1,4,0,189.0
10109564LQBUENO_2025-07-28_G33,10109564LQBUENO,2025-07-28,122962,1,16,0,144.0
10109564LQBUENO_2025-07-28_G34,10109564LQBUENO,2025-07-28,180024,1,2,0,926.0
10109564LQBUENO_2025-07-28_G35,10109564LQBUENO,2025-07-28,121760,1,4,0,1583.0
10109564LQBUENO_2025-07-28_G36,10109564LQBUENO,2025-07-28,123909,1,7,0,86.0
10109564LQBUENO_2025-07-28_G37,10109564LQBUENO,2025-07-28,124370,1,10,0,151.0
10109564LQBUENO_2025-07-28_G39,10109564LQBUENO,2025-07-28,122673,1,4,0,53.0
10109564LQBUENO_2025-07-28_G40,10109564LQBUENO,2025-07-28,120389,2,6,16,71.0
10109564LQBUENO_2025-07-28_G41,10109564LQBUENO,2025-07-28,124624,1,10,0,83.0
10109564LQBUENO_2025-07-28_G42,10109564LQBUENO,2025-07-28,122647,1,4,0,76.0
10109564LQBUENO_2025-07-28_G43,10109564LQBUENO,2025-07-28,122984,1,6,0,136.0
10109564LQBUENO_2025-07-28_G44,10109564LQBUENO,2025-07-28,123561,1,4,0,91.0
10109564LQBUENO_2025-07-28_G45,10109564LQBUENO,2025-07-28,121651,1,7,0,254.0
10109564LQBUENO_2025-07-28_G46,10109564LQBUENO,2025-07-28,124486,1,10,0,166.0
10109564LQBUENO_2025-07-28_G47,10109564LQBUENO,2025-07-28,122185,1,30,0,470.0
10109564LQBUENO_2025-07-28_G48,10109564LQBUENO,2025-07-28,124475,1,5,0,324.0
10109564LQBUENO_2025-07-28_G49,10109564LQBUENO,2025-07-28,123562,1,1,0,129.0
10109564LQBUENO_2025-07-28_G50,10109564LQBUENO,2025-07-28,123345,1,15,0,87.0
10109564LQBUENO_2025-07-29_G02,10109564LQBUENO,2025-07-29,120028,1,132,0,1209.0
10109564LQBUENO_2025-07-29_G03,10109564LQBUENO,2025-07-29,123520,1,8,0,173.0
10109564LQBUENO_2025-07-29_G05,10109564LQBUENO,2025-07-29,122185,1,172,0,1498.0
10109564LQBUENO_2025-07-29_G06,10109564LQBUENO,2025-07-29,122983,1,12,0,1839.0
10109564LQBUENO_2025-07-29_G07,10109564LQBUENO,2025-07-29,122981,1,4,0,68.0
10109564LQBUENO_2025-07-29_G08,10109564LQBUENO,2025-07-29,123345,1,16,0,129.0
10109564LQBUENO_2025-07-29_G09,10109564LQBUENO,2025-07-29,124248,1,10,0,1491.0
10109564LQBUENO_2025-07-29_G10,10109564LQBUENO,2025-07-29,121760,1,4,0,1049.0
10109564LQBUENO_2025-07-29_G11,10109564LQBUENO,2025-07-29,123345,2,10,23,666.0
10109564LQBUENO_2025-07-29_G12,10109564LQBUENO,2025-07-29,123343,1,2,0,337.0
10109564LQBUENO_2025-07-29_G14,10109564LQBUENO,2025-07-29,124371,1,26,0,90.0
10109564LQBUENO_2025-07-29_G15,10109564LQBUENO,2025-07-29,123345,1,9,0,546.0
10109564LQBUENO_2025-07-29_G16,10109564LQBUENO,2025-07-29,121760,1,5,0,436.0
10109564LQBUENO_2025-07-29_G17,10109564LQBUENO,2025-07-29,121651,1,25,0,366.0
10109564LQBUENO_2025-07-29_G18,10109564LQBUENO,2025-07-29,122984,1,9,0,321.0
10109564LQBUENO_2025-07-29_G19,10109564LQBUENO,2025-07-29,121760,1,7,0,237.0
10109564LQBUENO_2025-07-29_G20,10109564LQBUENO,2025-07-29,124370,1,4,0,130.0
10109564LQBUENO_2025-07-29_G21,10109564LQBUENO,2025-07-29,122988,1,6,0,64.0
10109564LQBUENO_2025-07-29_G22,10109564LQBUENO,2025-07-29,122647,1,4,0,76.0
10109564LQBUENO_2025-07-29_G23,10109564LQBUENO,2025-07-29,122962,1,20,0,120.0
10109564LQBUENO_2025-07-29_G24,10109564LQBUENO,2025-07-29,122984,1,7,0,427.0
10109564LQBUENO_2025-07-29_G25,10109564LQBUENO,2025-07-29,124476,1,4,0,85.0
10109564LQBUENO_2025-07-29_G26,10109564LQBUENO,2025-07-29,122962,1,80,0,1336.0
10109564LQBUENO_2025-07-29_G27,10109564LQBUENO,2025-07-29,124486,1,5,0,912.0
10109564LQBUENO_2025-07-29_G28,10109564LQBUENO,2025-07-29,124371,2,6,6,258.0
10109564LQBUENO_2025-07-29_G29,10109564LQBUENO,2025-07-29,123909,1,1,0,37.0
10109564LQBUENO_2025-07-30_G02,10109564LQBUENO,2025-07-30,122983,1,4,0,94.0
10109564LQBUENO_2025-07-30_G03,10109564LQBUENO,2025-07-30,124594,1,4,0,132.0
10109564LQBUENO_2025-07-30_G04,10109564LQBUENO,2025-07-30,123345,1,10,0,102.0
10109564LQBUENO_2025-07-30_G05,10109564LQBUENO,2025-07-30,181887,1,4,0,136.0
10109564LQBUENO_2025-07-30_G06,10109564LQBUENO,2025-07-30,123344,1,4,0,45.0
10109564LQBUENO_2025-07-30_G07,10109564LQBUENO,2025-07-30,123909,1,2,0,90.0
10109564LQBUENO_2025-07-30_G08,10109564LQBUENO,2025-07-30,123822,1,4,0,45.0
10109564LQBUENO_2025-07-30_G09,10109564LQBUENO,2025-07-30,123822,1,5,0,121.0
10109564LQBUENO_2025-07-30_G10,10109564LQBUENO,2025-07-30,122988,1,4,0,66.0
10109564LQBUENO_2025-07-30_G11,10109564LQBUENO,2025-07-30,123345,1,4,0,76.0
10109564LQBUENO_2025-07-30_G12,10109564LQBUENO,2025-07-30,123313,1,4,0,60.0
10109564LQBUENO_2025-07-30_G13,10109564LQBUENO,2025-07-30,181280,1,4,0,783.0
10109564LQBUENO_2025-07-30_G14,10109564LQBUENO,2025-07-30,181056,1,4,0,208.0
10109564LQBUENO_2025-07-30_G15,10109564LQBUENO,2025-07-30,181235,1,8,0,105.0
10109564LQBUENO_2025-07-30_G16,10109564LQBUENO,2025-07-30,124248,1,20,0,219.0
10109564LQBUENO_2025-07-30_G17,10109564LQBUENO,2025-07-30,122984,1,24,0,696.0
10109564LQBUENO_2025-07-30_G18,10109564LQBUENO,2025-07-30,122988,1,15,0,138.0
10109564LQBUENO_2025-07-30_G19,10109564LQBUENO,2025-07-30,122982,1,6,0,151.0
10109564LQBUENO_2025-07-30_G20,10109564LQBUENO,2025-07-30,122984,1,24,0,195.0
10109564LQBUENO_2025-07-30_G21,10109564LQBUENO,2025-07-30,123345,1,20,0,1370.0
10109564LQBUENO_2025-07-30_G22,10109564LQBUENO,2025-07-30,123909,1,6,0,259.0
10109564LQBUENO_2025-07-30_G23,10109564LQBUENO,2025-07-30,121760,1,5,0,209.0
10109564LQBUENO_2025-07-30_G24,10109564LQBUENO,2025-07-30,"122647, 124486",2,9,14,176.0
10109564LQBUENO_2025-07-30_G25,10109564LQBUENO,2025-07-30,122983,1,4,0,104.0
10109564LQBUENO_2025-07-30_G26,10109564LQBUENO,2025-07-30,124476,1,4,0,57.0
10109564LQBUENO_2025-07-30_G27,10109564LQBUENO,2025-07-30,122673,2,10,7,140.0
10109564LQBUENO_2025-07-30_G28,10109564LQBUENO,2025-07-30,122673,1,19,0,36.0
10109564LQBUENO_2025-07-30_G29,10109564LQBUENO,2025-07-30,120028,1,27,0,874.0
10109564LQBUENO_2025-07-30_G30,10109564LQBUENO,2025-07-30,124486,1,5,0,289.0
10109564LQBUENO_2025-07-30_G31,10109564LQBUENO,2025-07-30,124371,1,20,0,320.0
10109564LQBUENO_2025-07-30_G32,10109564LQBUENO,2025-07-30,124548,1,3,0,398.0
10109564LQBUENO_2025-07-30_G33,10109564LQBUENO,2025-07-30,124475,1,10,0,335.0
10109564LQBUENO_2025-07-30_G34,10109564LQBUENO,2025-07-30,122986,1,4,0,1033.0
10109564LQBUENO_2025-07-30_G35,10109564LQBUENO,2025-07-30,"121923, 122647",2,6,16,138.0
10109564LQBUENO_2025-07-30_G36,10109564LQBUENO,2025-07-30,"121651, 123343",2,14,16,147.0
10109564LQBUENO_2025-07-30_G37,10109564LQBUENO,2025-07-30,124486,1,16,0,437.0
10109564LQBUENO_2025-07-30_G38,10109564LQBUENO,2025-07-30,"122981, 123344, 124370",3,25,36,128.0
10109564LQBUENO_2025-07-30_G39,10109564LQBUENO,2025-07-30,123345,1,12,0,101.0
10109564LQBUENO_2025-07-30_G40,10109564LQBUENO,2025-07-30,"181235, 181056",2,4,18,316.0
10109564LQBUENO_2025-07-30_G41,10109564LQBUENO,2025-07-30,123344,1,16,0,215.0
10109564LQBUENO_2025-07-30_G42,10109564LQBUENO,2025-07-30,122983,1,3,0,465.0
10109564LQBUENO_2025-07-30_G43,10109564LQBUENO,2025-07-30,"121928, 120389, 121651",3,13,19,36.0
10109564LQBUENO_2025-07-30_G45,10109564LQBUENO,2025-07-30,124371,1,6,0,637.0
10109564LQBUENO_2025-07-30_G46,10109564LQBUENO,2025-07-30,124371,1,40,0,435.0
10109564LQBUENO_2025-07-30_G47,10109564LQBUENO,2025-07-30,120272,1,6,0,840.0
10109564LQBUENO_2025-07-30_G48,10109564LQBUENO,2025-07-30,122984,1,24,0,559.0
10109564LQBUENO_2025-07-30_G49,10109564LQBUENO,2025-07-30,121760,1,2,0,200.0
10109564LQBUENO_2025-07-30_G50,10109564LQBUENO,2025-07-30,120028,1,125,0,1944.0
10109564LQBUENO_2025-07-31_G02,10109564LQBUENO,2025-07-31,124370,1,24,0,679.0
10109564LQBUENO_2025-07-31_G03,10109564LQBUENO,2025-07-31,122962,1,24,0,212.0
10109564LQBUENO_2025-07-31_G04,10109564LQBUENO,2025-07-31,122962,1,12,0,317.0
10109564LQBUENO_2025-07-31_G05,10109564LQBUENO,2025-07-31,124476,1,12,0,108.0
10109564LQBUENO_2025-07-31_G07,10109564LQBUENO,2025-07-31,120389,1,16,0,352.0
10109564LQBUENO_2025-07-31_G08,10109564LQBUENO,2025-07-31,120389,1,12,0,143.0
10109564LQBUENO_2025-07-31_G09,10109564LQBUENO,2025-07-31,121760,1,12,0,240.0
10109564LQBUENO_2025-07-31_G10,10109564LQBUENO,2025-07-31,124371,1,12,0,331.0
10109564LQBUENO_2025-07-31_G11,10109564LQBUENO,2025-07-31,124371,1,36,0,869.0
10109564LQBUENO_2025-07-31_G12,10109564LQBUENO,2025-07-31,124371,1,24,0,33.0
10109564LQBUENO_2025-07-31_G13,10109564LQBUENO,2025-07-31,122703,1,24,0,876.0
10109564LQBUENO_2025-08-06_G02,10109564LQBUENO,2025-08-06,123153,1,20,0,330.0
10109564LQBUENO_2025-08-06_G03,10109564LQBUENO,2025-08-06,123909,1,10,0,186.0
10109564LQBUENO_2025-08-06_G04,10109564LQBUENO,2025-08-06,124248,1,20,0,131.0
10109564LQBUENO_2025-08-06_G05,10109564LQBUENO,2025-08-06,120008,1,40,0,500.0
10109564LQBUENO_2025-08-06_G06,10109564LQBUENO,2025-08-06,124486,1,8,0,65.0
10109564LQBUENO_2025-08-06_G07,10109564LQBUENO,2025-08-06,122982,1,4,0,100.0
10109564LQBUENO_2025-08-06_G08,10109564LQBUENO,2025-08-06,120339,2,6,7,142.0
10109564LQBUENO_2025-08-06_G09,10109564LQBUENO,2025-08-06,122983,1,8,0,83.0
10109564LQBUENO_2025-08-06_G10,10109564LQBUENO,2025-08-06,122647,1,12,0,1799.0
10109564LQBUENO_2025-08-06_G11,10109564LQBUENO,2025-08-06,122962,1,4,0,68.0
10109564LQBUENO_2025-08-06_G12,10109564LQBUENO,2025-08-06,122962,1,100,0,1403.0
10109564LQBUENO_2025-08-06_G13,10109564LQBUENO,2025-08-06,123822,1,34,0,2850.0
10109564LQBUENO_2025-08-06_G14,10109564LQBUENO,2025-08-06,123822,1,26,0,313.0
10109564LQBUENO_2025-08-06_G15,10109564LQBUENO,2025-08-06,123822,1,37,0,380.0
10109564LQBUENO_2025-08-06_G16,10109564LQBUENO,2025-08-06,123822,1,42,0,837.0
10109564LQBUENO_2025-08-06_G17,10109564LQBUENO,2025-08-06,123822,1,50,0,374.0
10109564LQBUENO_2025-08-06_G19,10109564LQBUENO,2025-08-06,122962,1,50,0,589.0
10109564LQBUENO_2025-08-06_G20,10109564LQBUENO,2025-08-06,124486,1,10,0,153.0
10109564LQBUENO_2025-08-06_G21,10109564LQBUENO,2025-08-06,122673,1,2,0,89.0
10109564LQBUENO_2025-08-06_G22,10109564LQBUENO,2025-08-06,122988,1,10,0,41.0
10109564LQBUENO_2025-08-06_G23,10109564LQBUENO,2025-08-06,122647,1,31,0,275.0
10109564LQBUENO_2025-08-06_G24,10109564LQBUENO,2025-08-06,122962,1,5,0,58.0
10109564LQBUENO_2025-08-06_G25,10109564LQBUENO,2025-08-06,122185,1,14,0,156.0
10109564LQBUENO_2025-08-06_G26,10109564LQBUENO,2025-08-06,122982,1,12,0,232.0
10109564LQBUENO_2025-08-06_G27,10109564LQBUENO,2025-08-06,122984,1,12,0,89.0
10109564LQBUENO_2025-08-06_G28,10109564LQBUENO,2025-08-06,122962,1,76,0,213.0
10109564LQBUENO_2025-08-06_G29,10109564LQBUENO,2025-08-06,122673,1,57,0,1157.0
10109564LQBUENO_2025-08-06_G30,10109564LQBUENO,2025-08-06,122673,1,24,0,354.0
10109564LQBUENO_2025-08-06_G31,10109564LQBUENO,2025-08-06,122673,1,19,0,97.0
10109564LQBUENO_2025-08-07_G02,10109564LQBUENO,2025-08-07,122962,1,42,0,546.0
10109564LQBUENO_2025-08-07_G03,10109564LQBUENO,2025-08-07,120028,1,177,0,1476.0
10109564LQBUENO_2025-08-07_G05,10109564LQBUENO,2025-08-07,122962,1,16,0,375.0
10109564LQBUENO_2025-08-07_G06,10109564LQBUENO,2025-08-07,121760,1,5,0,146.0
10109564LQBUENO_2025-08-07_G07,10109564LQBUENO,2025-08-07,121651,1,5,0,140.0
10109564LQBUENO_2025-08-07_G08,10109564LQBUENO,2025-08-07,122673,1,4,0,187.0
10109564LQBUENO_2025-08-07_G09,10109564LQBUENO,2025-08-07,122647,1,4,0,115.0
10109564LQBUENO_2025-08-07_G10,10109564LQBUENO,2025-08-07,122962,1,16,0,41.0
10109564LQBUENO_2025-08-07_G11,10109564LQBUENO,2025-08-07,123153,1,30,0,407.0
10109564LQBUENO_2025-08-07_G12,10109564LQBUENO,2025-08-07,123492,1,12,0,373.0
10109564LQBUENO_2025-08-07_G13,10109564LQBUENO,2025-08-07,124248,1,40,0,185.0
10109564LQBUENO_2025-08-07_G14,10109564LQBUENO,2025-08-07,124486,1,20,0,454.0
10109564LQBUENO_2025-08-07_G15,10109564LQBUENO,2025-08-07,122984,1,60,0,1167.0
10109564LQBUENO_2025-08-07_G16,10109564LQBUENO,2025-08-07,122986,1,9,0,246.0
10109564LQBUENO_2025-08-07_G17,10109564LQBUENO,2025-08-07,180054,1,2,0,649.0
10109564LQBUENO_2025-08-07_G19,10109564LQBUENO,2025-08-07,120028,1,20,0,159.0
10109564LQBUENO_2025-08-07_G20,10109564LQBUENO,2025-08-07,"124548, 122962",2,20,13,1368.0
10109564LQBUENO_2025-08-08_G02,10109564LQBUENO,2025-08-08,122986,1,16,0,285.0
10109564LQBUENO_2025-08-08_G03,10109564LQBUENO,2025-08-08,124433,1,2,0,81.0
10109564LQBUENO_2025-08-08_G04,10109564LQBUENO,2025-08-08,121923,1,6,0,568.0
10109564LQBUENO_2025-08-08_G05,10109564LQBUENO,2025-08-08,"124548, 122984",2,29,28,391.0
10109564LQBUENO_2025-08-08_G06,10109564LQBUENO,2025-08-08,123345,1,7,0,110.0
10109564LQBUENO_2025-08-08_G07,10109564LQBUENO,2025-08-08,124548,1,80,0,703.0
10109564LQBUENO_2025-08-08_G08,10109564LQBUENO,2025-08-08,122988,1,7,0,131.0
10109564LQBUENO_2025-08-08_G09,10109564LQBUENO,2025-08-08,123521,1,2,0,917.0
10109564LQBUENO_2025-08-08_G10,10109564LQBUENO,2025-08-08,123822,2,30,10,492.0
10109564LQBUENO_2025-08-08_G11,10109564LQBUENO,2025-08-08,122647,1,28,0,800.0
10109564LQBUENO_2025-08-08_G12,10109564LQBUENO,2025-08-08,124486,1,14,0,325.0
10109564LQBUENO_2025-08-08_G13,10109564LQBUENO,2025-08-08,122962,1,8,0,141.0
10109564LQBUENO_2025-08-08_G14,10109564LQBUENO,2025-08-08,122673,1,6,0,159.0
10109564LQBUENO_2025-08-08_G15,10109564LQBUENO,2025-08-08,124247,1,8,0,189.0
10109564LQBUENO_2025-08-08_G16,10109564LQBUENO,2025-08-08,123909,1,10,0,163.0
10109564LQBUENO_2025-08-08_G17,10109564LQBUENO,2025-08-08,122673,1,26,0,415.0
10109564LQBUENO_2025-08-08_G18,10109564LQBUENO,2025-08-08,123344,1,8,0,936.0
10109564LQBUENO_2025-08-08_G19,10109564LQBUENO,2025-08-08,120389,1,4,0,1079.0
10109564LQBUENO_2025-08-08_G20,10109564LQBUENO,2025-08-08,123889,1,4,0,82.0
10109564LQBUENO_2025-08-08_G21,10109564LQBUENO,2025-08-08,123521,1,2,0,545.0
10109564LQBUENO_2025-08-08_G22,10109564LQBUENO,2025-08-08,"122982, 122988",2,6,21,164.0
10109564LQBUENO_2025-08-08_G23,10109564LQBUENO,2025-08-08,123345,1,14,0,207.0
10109564LQBUENO_2025-08-08_G24,10109564LQBUENO,2025-08-08,123909,1,6,0,530.0
10109564LQBUENO_2025-08-08_G25,10109564LQBUENO,2025-08-08,123345,1,2,0,176.0
10109564LQBUENO_2025-08-08_G26,10109564LQBUENO,2025-08-08,122962,1,20,0,303.0
10109564LQBUENO_2025-08-08_G27,10109564LQBUENO,2025-08-08,122988,1,2,0,123.0
10109564LQBUENO_2025-08-08_G28,10109564LQBUENO,2025-08-08,124248,1,8,0,82.0
10109564LQBUENO_2025-08-08_G29,10109564LQBUENO,2025-08-08,122984,1,16,0,335.0
10109564LQBUENO_2025-08-08_G30,10109564LQBUENO,2025-08-08,122962,1,12,0,1271.0
10109564LQBUENO_2025-08-09_G02,10109564LQBUENO,2025-08-09,122673,1,30,0,685.0
10109564LQBUENO_2025-08-09_G03,10109564LQBUENO,2025-08-09,122647,1,25,0,1137.0
10109564LQBUENO_2025-08-09_G04,10109564LQBUENO,2025-08-09,124548,1,40,0,368.0
10109564LQBUENO_2025-08-09_G05,10109564LQBUENO,2025-08-09,124371,1,1,0,71.0
10109564LQBUENO_2025-08-09_G06,10109564LQBUENO,2025-08-09,122671,1,4,0,223.0
10109564LQBUENO_2025-08-09_G07,10109564LQBUENO,2025-08-09,121760,1,10,0,92.0
10109564LQBUENO_2025-08-09_G08,10109564LQBUENO,2025-08-09,122962,1,6,0,76.0
10109564LQBUENO_2025-08-09_G09,10109564LQBUENO,2025-08-09,121651,1,8,0,51.0
10109564LQBUENO_2025-08-09_G10,10109564LQBUENO,2025-08-09,122986,1,3,0,116.0
10109564LQBUENO_2025-08-09_G11,10109564LQBUENO,2025-08-09,"123521, 124548",2,7,25,94.0
10109564LQBUENO_2025-08-09_G12,10109564LQBUENO,2025-08-09,124486,1,10,0,85.0
10109564LQBUENO_2025-08-09_G13,10109564LQBUENO,2025-08-09,123345,1,4,0,80.0
10109564LQBUENO_2025-08-09_G15,10109564LQBUENO,2025-08-09,124370,1,1,0,43.0
10109564LQBUENO_2025-08-09_G16,10109564LQBUENO,2025-08-09,122673,1,24,0,194.0
10109564LQBUENO_2025-08-09_G17,10109564LQBUENO,2025-08-09,122671,1,8,0,125.0
10109564LQBUENO_2025-08-09_G18,10109564LQBUENO,2025-08-09,122962,1,8,0,47.0
10109564LQBUENO_2025-08-09_G20,10109564LQBUENO,2025-08-09,121651,1,3,0,38.0
10109564LQBUENO_2025-08-09_G21,10109564LQBUENO,2025-08-09,122982,1,1,0,122.0
10109564LQBUENO_2025-08-09_G22,10109564LQBUENO,2025-08-09,124370,1,1,0,38.0
10109564LQBUENO_2025-08-09_G23,10109564LQBUENO,2025-08-09,120389,1,1,0,98.0
10109564LQBUENO_2025-08-09_G24,10109564LQBUENO,2025-08-09,124486,1,1,0,39.0
10109564LQBUENO_2025-08-09_G25,10109564LQBUENO,2025-08-09,122962,1,1,0,56.0
10109564LQBUENO_2025-08-09_G26,10109564LQBUENO,2025-08-09,121651,1,5,0,50.0
10109564LQBUENO_2025-08-09_G27,10109564LQBUENO,2025-08-09,124370,1,2,0,63.0
10109564LQBUENO_2025-08-09_G28,10109564LQBUENO,2025-08-09,123343,1,1,0,74.0
10109564LQBUENO_2025-08-09_G29,10109564LQBUENO,2025-08-09,124486,1,30,0,487.0
10109564LQBUENO_2025-08-09_G30,10109564LQBUENO,2025-08-09,122962,1,12,0,328.0
10109564LQBUENO_2025-08-09_G31,10109564LQBUENO,2025-08-09,120008,1,165,0,3348.0
10109564LQBUENO_2025-08-09_G32,10109564LQBUENO,2025-08-09,122703,1,55,0,1611.0
10109564LQBUENO_2025-08-09_G33,10109564LQBUENO,2025-08-09,124371,1,10,0,330.0
10109564LQBUENO_2025-08-09_G34,10109564LQBUENO,2025-08-09,124486,1,6,0,31.0
10109564LQBUENO_2025-08-09_G35,10109564LQBUENO,2025-08-09,124486,1,9,0,97.0
10109564LQBUENO_2025-08-11_G02,10109564LQBUENO,2025-08-11,124486,1,100,0,466.0
10109564LQBUENO_2025-08-11_G03,10109564LQBUENO,2025-08-11,122962,1,50,0,957.0
10109564LQBUENO_2025-08-11_G04,10109564LQBUENO,2025-08-11,123521,1,8,0,128.0
10109564LQBUENO_2025-08-11_G05,10109564LQBUENO,2025-08-11,121651,1,33,0,2230.0
10109564LQBUENO_2025-08-11_G06,10109564LQBUENO,2025-08-11,122982,1,4,0,299.0
10109564LQBUENO_2025-08-11_G07,10109564LQBUENO,2025-08-11,124371,1,6,0,58.0
10109564LQBUENO_2025-08-11_G08,10109564LQBUENO,2025-08-11,124370,1,24,0,327.0
10109564LQBUENO_2025-08-11_G09,10109564LQBUENO,2025-08-11,123521,1,10,0,104.0
10109564LQBUENO_2025-08-11_G10,10109564LQBUENO,2025-08-11,123521,1,4,0,72.0
10109564LQBUENO_2025-08-11_G11,10109564LQBUENO,2025-08-11,123343,1,22,0,834.0
10109564LQBUENO_2025-08-11_G12,10109564LQBUENO,2025-08-11,123909,1,66,0,149.0
10109564LQBUENO_2025-08-11_G13,10109564LQBUENO,2025-08-11,123560,2,10,13,2865.0
10109564LQBUENO_2025-08-11_G14,10109564LQBUENO,2025-08-11,122983,1,4,0,479.0
10109564LQBUENO_2025-08-11_G15,10109564LQBUENO,2025-08-11,"122988, 122671",2,7,28,193.0
10109564LQBUENO_2025-08-11_G16,10109564LQBUENO,2025-08-11,121923,1,4,0,109.0
10109564LQBUENO_2025-08-11_G17,10109564LQBUENO,2025-08-11,124247,1,8,0,155.0
10109564LQBUENO_2025-08-11_G18,10109564LQBUENO,2025-08-11,124370,1,8,0,171.0
10109564LQBUENO_2025-08-11_G19,10109564LQBUENO,2025-08-11,"123521, 181056",2,7,12,150.0
10109564LQBUENO_2025-08-11_G20,10109564LQBUENO,2025-08-11,122647,1,48,0,494.0
10109564LQBUENO_2025-08-11_G21,10109564LQBUENO,2025-08-11,122962,1,68,0,35.0
10109564LQBUENO_2025-08-11_G22,10109564LQBUENO,2025-08-11,124486,1,20,0,1680.0
10109564LQBUENO_2025-08-11_G23,10109564LQBUENO,2025-08-11,122962,1,20,0,96.0
10109564LQBUENO_2025-08-11_G24,10109564LQBUENO,2025-08-11,124486,1,12,0,455.0
10109564LQBUENO_2025-08-11_G25,10109564LQBUENO,2025-08-11,122962,1,8,0,307.0
10109564LQBUENO_2025-08-11_G26,10109564LQBUENO,2025-08-11,122962,1,24,0,101.0
10109564LQBUENO_2025-08-11_G27,10109564LQBUENO,2025-08-11,181056,1,4,0,1361.0
10109564LQBUENO_2025-08-11_G28,10109564LQBUENO,2025-08-11,181235,1,4,0,87.0
10109564LQBUENO_2025-08-11_G29,10109564LQBUENO,2025-08-11,"122671, 122962",2,24,29,119.0
10109564LQBUENO_2025-08-11_G30,10109564LQBUENO,2025-08-11,124371,1,7,0,256.0
10109564LQBUENO_2025-08-11_G31,10109564LQBUENO,2025-08-11,"124370, 181056",2,9,21,302.0
10109564LQBUENO_2025-08-11_G32,10109564LQBUENO,2025-08-11,123313,1,4,0,248.0
10109564LQBUENO_2025-08-11_G34,10109564LQBUENO,2025-08-11,"123343, 123344",2,6,24,96.0
10109564LQBUENO_2025-08-11_G35,10109564LQBUENO,2025-08-11,124475,1,2,0,99.0
10109564LQBUENO_2025-08-11_G36,10109564LQBUENO,2025-08-11,121760,1,30,0,295.0
10109564LQBUENO_2025-08-11_G37,10109564LQBUENO,2025-08-11,122962,1,40,0,1224.0
10109564LQBUENO_2025-08-11_G38,10109564LQBUENO,2025-08-11,122647,1,60,0,660.0
10109564LQBUENO_2025-08-11_G39,10109564LQBUENO,2025-08-11,122962,1,150,0,1284.0
10109564LQBUENO_2025-08-11_G40,10109564LQBUENO,2025-08-11,122673,1,50,0,1269.0
10109564LQBUENO_2025-08-11_G41,10109564LQBUENO,2025-08-11,"122983, 124248",2,8,21,952.0
10109564LQBUENO_2025-08-11_G42,10109564LQBUENO,2025-08-11,124247,1,8,0,246.0
10109564LQBUENO_2025-08-11_G43,10109564LQBUENO,2025-08-11,123909,1,3,0,100.0
10109564LQBUENO_2025-08-12_G02,10109564LQBUENO,2025-08-12,122673,1,187,0,2229.0
10109564LQBUENO_2025-08-12_G03,10109564LQBUENO,2025-08-12,122673,1,169,0,1460.0
10109564LQBUENO_2025-08-12_G04,10109564LQBUENO,2025-08-12,123345,1,12,0,1041.0
10109564LQBUENO_2025-08-12_G05,10109564LQBUENO,2025-08-12,124475,1,12,0,397.0
10109564LQBUENO_2025-08-12_G06,10109564LQBUENO,2025-08-12,124475,1,8,0,246.0
10109564LQBUENO_2025-08-12_G07,10109564LQBUENO,2025-08-12,122673,1,2,0,185.0
10109564LQBUENO_2025-08-12_G08,10109564LQBUENO,2025-08-12,122986,1,2,0,60.0
10109564LQBUENO_2025-08-12_G09,10109564LQBUENO,2025-08-12,122671,1,4,0,103.0
10109564LQBUENO_2025-08-12_G10,10109564LQBUENO,2025-08-12,122962,1,8,0,188.0
10109564LQBUENO_2025-08-12_G11,10109564LQBUENO,2025-08-12,114647,1,4,0,371.0
10109564LQBUENO_2025-08-12_G12,10109564LQBUENO,2025-08-12,121760,1,9,0,1139.0
10109564LQBUENO_2025-08-12_G13,10109564LQBUENO,2025-08-12,122983,1,4,0,40.0
10109564LQBUENO_2025-08-12_G14,10109564LQBUENO,2025-08-12,122983,1,8,0,228.0
10109564LQBUENO_2025-08-12_G15,10109564LQBUENO,2025-08-12,123561,1,2,0,70.0
10109564LQBUENO_2025-08-12_G16,10109564LQBUENO,2025-08-12,123561,1,6,0,45.0
10109564LQBUENO_2025-08-12_G17,10109564LQBUENO,2025-08-12,120339,2,8,6,173.0
10109564LQBUENO_2025-08-12_G18,10109564LQBUENO,2025-08-12,120339,1,2,0,62.0
10109564LQBUENO_2025-08-12_G19,10109564LQBUENO,2025-08-12,120339,1,3,0,944.0
10109564LQBUENO_2025-08-12_G20,10109564LQBUENO,2025-08-12,120339,2,14,12,189.0
10109564LQBUENO_2025-08-12_G21,10109564LQBUENO,2025-08-12,120339,1,4,0,43.0
10109564LQBUENO_2025-08-12_G22,10109564LQBUENO,2025-08-12,120339,1,21,0,356.0
10109564LQBUENO_2025-08-12_G23,10109564LQBUENO,2025-08-12,120339,1,6,0,205.0
10109564LQBUENO_2025-08-12_G24,10109564LQBUENO,2025-08-12,120339,1,3,0,37.0
10109564LQBUENO_2025-08-12_G25,10109564LQBUENO,2025-08-12,120339,1,12,0,217.0
10109564LQBUENO_2025-08-12_G26,10109564LQBUENO,2025-08-12,122962,1,20,0,142.0
10109564LQBUENO_2025-08-12_G27,10109564LQBUENO,2025-08-12,123153,1,4,0,77.0
10109564LQBUENO_2025-08-12_G28,10109564LQBUENO,2025-08-12,124486,1,6,0,155.0
10109564LQBUENO_2025-08-12_G29,10109564LQBUENO,2025-08-12,122962,1,4,0,107.0
10109564LQBUENO_2025-08-12_G30,10109564LQBUENO,2025-08-12,120389,1,20,0,276.0
10109564LQBUENO_2025-08-12_G31,10109564LQBUENO,2025-08-12,122671,1,20,0,125.0
10109564LQBUENO_2025-08-12_G32,10109564LQBUENO,2025-08-12,123492,1,20,0,126.0
10109564LQBUENO_2025-08-12_G33,10109564LQBUENO,2025-08-12,123343,1,1,0,173.0
10109564LQBUENO_2025-08-12_G34,10109564LQBUENO,2025-08-12,123343,1,4,0,149.0
10109564LQBUENO_2025-08-12_G35,10109564LQBUENO,2025-08-12,122962,1,5,0,74.0
10109564LQBUENO_2025-08-12_G36,10109564LQBUENO,2025-08-12,123889,1,4,0,441.0
10109564LQBUENO_2025-08-12_G38,10109564LQBUENO,2025-08-12,121760,1,10,0,1496.0
10109564LQBUENO_2025-08-12_G39,10109564LQBUENO,2025-08-12,124247,1,10,0,207.0
10109564LQBUENO_2025-08-12_G40,10109564LQBUENO,2025-08-12,123153,1,4,0,70.0
10109564LQBUENO_2025-08-12_G41,10109564LQBUENO,2025-08-12,123153,1,10,0,95.0
10109564LQBUENO_2025-08-12_G42,10109564LQBUENO,2025-08-12,123822,1,1,0,650.0
10109564LQBUENO_2025-08-12_G43,10109564LQBUENO,2025-08-12,122185,1,39,0,866.0
10109564LQBUENO_2025-08-12_G44,10109564LQBUENO,2025-08-12,122673,1,15,0,474.0
10109564LQBUENO_2025-08-12_G45,10109564LQBUENO,2025-08-12,123889,1,14,0,284.0
10109564LQBUENO_2025-08-13_G02,10109564LQBUENO,2025-08-13,122962,1,48,0,687.0
10109564LQBUENO_2025-08-13_G03,10109564LQBUENO,2025-08-13,122982,1,7,0,896.0
10109564LQBUENO_2025-08-13_G04,10109564LQBUENO,2025-08-13,121651,1,80,0,666.0
10109564LQBUENO_2025-08-13_G06,10109564LQBUENO,2025-08-13,124624,1,90,0,2278.0
10109564LQBUENO_2025-08-13_G07,10109564LQBUENO,2025-08-13,124594,1,10,0,232.0
10109564LQBUENO_2025-08-13_G09,10109564LQBUENO,2025-08-13,124370,1,2,0,89.0
10109564LQBUENO_2025-08-13_G10,10109564LQBUENO,2025-08-13,123153,1,40,0,84.0
10109564LQBUENO_2025-08-13_G11,10109564LQBUENO,2025-08-13,122647,1,4,0,564.0
10109564LQBUENO_2025-08-13_G12,10109564LQBUENO,2025-08-13,120008,1,33,0,827.0
10109564LQBUENO_2025-08-14_G02,10109564LQBUENO,2025-08-14,124371,1,4,0,196.0
10109564LQBUENO_2025-08-14_G03,10109564LQBUENO,2025-08-14,123344,1,12,0,472.0
10109564LQBUENO_2025-08-14_G04,10109564LQBUENO,2025-08-14,123345,1,12,0,127.0
10109564LQBUENO_2025-08-14_G05,10109564LQBUENO,2025-08-14,123344,1,6,0,561.0
10109564LQBUENO_2025-08-14_G06,10109564LQBUENO,2025-08-14,123344,1,14,0,846.0
10109564LQBUENO_2025-08-14_G07,10109564LQBUENO,2025-08-14,"124477, 123345",2,5,22,53.0
10109564LQBUENO_2025-08-14_G08,10109564LQBUENO,2025-08-14,124370,1,16,0,457.0
10109564LQBUENO_2025-08-14_G09,10109564LQBUENO,2025-08-14,124371,1,2,0,45.0
10109564LQBUENO_2025-08-14_G10,10109564LQBUENO,2025-08-14,120339,1,4,0,423.0
10109564LQBUENO_2025-08-14_G11,10109564LQBUENO,2025-08-14,124475,1,10,0,185.0
10109564LQBUENO_2025-08-14_G12,10109564LQBUENO,2025-08-14,122988,1,2,0,224.0
10109564LQBUENO_2025-08-14_G13,10109564LQBUENO,2025-08-14,124624,1,1,0,438.0
10109564LQBUENO_2025-08-14_G14,10109564LQBUENO,2025-08-14,121760,1,14,0,182.0
10109564LQBUENO_2025-08-14_G15,10109564LQBUENO,2025-08-14,124248,1,1,0,108.0
10109564LQBUENO_2025-08-14_G16,10109564LQBUENO,2025-08-14,124486,1,10,0,97.0
10109564LQBUENO_2025-08-14_G17,10109564LQBUENO,2025-08-14,122962,1,4,0,106.0
10109564LQBUENO_2025-08-14_G18,10109564LQBUENO,2025-08-14,124247,1,4,0,56.0
10109564LQBUENO_2025-08-14_G19,10109564LQBUENO,2025-08-14,"124370, 123344",2,22,28,115.0
10109564LQBUENO_2025-08-14_G20,10109564LQBUENO,2025-08-14,"123345, 123344",2,49,26,91.0
10109564LQBUENO_2025-08-14_G21,10109564LQBUENO,2025-08-14,120339,1,4,0,177.0
10109564LQBUENO_2025-08-14_G22,10109564LQBUENO,2025-08-14,124475,1,4,0,95.0
10109564LQBUENO_2025-08-14_G23,10109564LQBUENO,2025-08-14,121760,1,1,0,94.0
10109564LQBUENO_2025-08-14_G24,10109564LQBUENO,2025-08-14,122185,1,8,0,228.0
10109564LQBUENO_2025-08-14_G25,10109564LQBUENO,2025-08-14,122962,1,7,0,127.0
10109564LQBUENO_2025-08-14_G26,10109564LQBUENO,2025-08-14,124371,1,2,0,86.0
10109564LQBUENO_2025-08-14_G27,10109564LQBUENO,2025-08-14,124247,1,2,0,50.0
10109564LQBUENO_2025-08-14_G28,10109564LQBUENO,2025-08-14,124370,1,14,0,115.0
10109564LQBUENO_2025-08-14_G29,10109564LQBUENO,2025-08-14,"123822, 124486",2,50,20,1035.0
10109564LQBUENO_2025-08-14_G32,10109564LQBUENO,2025-08-14,124486,1,33,0,431.0
10109564LQBUENO_2025-08-14_G33,10109564LQBUENO,2025-08-14,122185,1,24,0,289.0
10109564LQBUENO_2025-08-14_G34,10109564LQBUENO,2025-08-14,122962,1,8,0,212.0
10109564LQBUENO_2025-08-14_G35,10109564LQBUENO,2025-08-14,122982,1,23,0,705.0
10109564LQBUENO_2025-08-14_G36,10109564LQBUENO,2025-08-14,123080,1,4,0,81.0
10109564LQBUENO_2025-08-14_G37,10109564LQBUENO,2025-08-14,124247,1,14,0,422.0
10109564LQBUENO_2025-08-14_G38,10109564LQBUENO,2025-08-14,123343,1,2,0,107.0
10109564LQBUENO_2025-08-14_G39,10109564LQBUENO,2025-08-14,123313,1,8,0,402.0
10109564LQBUENO_2025-08-14_G40,10109564LQBUENO,2025-08-14,123909,1,6,0,195.0
10109564LQBUENO_2025-08-14_G41,10109564LQBUENO,2025-08-14,122981,1,2,0,80.0
10109564LQBUENO_2025-08-14_G42,10109564LQBUENO,2025-08-14,120389,1,4,0,376.0
10109564LQBUENO_2025-08-14_G43,10109564LQBUENO,2025-08-14,120389,1,6,0,1955.0
10109564LQBUENO_2025-08-14_G44,10109564LQBUENO,2025-08-14,"121760, 124248",2,22,19,514.0
10109564LQBUENO_2025-08-14_G45,10109564LQBUENO,2025-08-14,123345,1,2,0,123.0
10109564LQBUENO_2025-08-14_G46,10109564LQBUENO,2025-08-14,121651,1,39,0,777.0
10109564LQBUENO_2025-08-15_G03,10109564LQBUENO,2025-08-15,123822,1,50,0,1238.0
10109564LQBUENO_2025-08-15_G04,10109564LQBUENO,2025-08-15,"122673, 122647",3,6,30,222.0
10109564LQBUENO_2025-08-15_G05,10109564LQBUENO,2025-08-15,121760,3,8,39,196.0
10109564LQBUENO_2025-08-15_G06,10109564LQBUENO,2025-08-15,124486,2,4,12,124.0
10109564LQBUENO_2025-08-15_G07,10109564LQBUENO,2025-08-15,"124371, 124370",2,8,9,190.0
10109564LQBUENO_2025-08-15_G08,10109564LQBUENO,2025-08-15,123345,2,8,9,71.0
10109564LQBUENO_2025-08-15_G09,10109564LQBUENO,2025-08-15,123343,3,6,14,151.0
10109564LQBUENO_2025-08-15_G10,10109564LQBUENO,2025-08-15,"122673, 123345, 124624",3,26,42,706.0
10109564LQBUENO_2025-08-15_G11,10109564LQBUENO,2025-08-15,122982,1,8,0,341.0
10109564LQBUENO_2025-08-15_G12,10109564LQBUENO,2025-08-15,122673,1,12,0,263.0
10109564LQBUENO_2025-08-15_G13,10109564LQBUENO,2025-08-15,"122647, 123345",2,12,18,99.0
10109564LQBUENO_2025-08-16_G02,10109564LQBUENO,2025-08-16,124594,1,1,0,1596.0
10109564LQBUENO_2025-08-16_G03,10109564LQBUENO,2025-08-16,123822,1,36,0,540.0
10109564LQBUENO_2025-08-16_G04,10109564LQBUENO,2025-08-16,122185,1,12,0,366.0
10109564LQBUENO_2025-08-16_G05,10109564LQBUENO,2025-08-16,122984,1,1,0,215.0
10109564LQBUENO_2025-08-16_G06,10109564LQBUENO,2025-08-16,122984,1,65,0,1028.0
10109564LQBUENO_2025-08-16_G07,10109564LQBUENO,2025-08-16,181056,1,1,0,441.0
10109564LQBUENO_2025-08-16_G08,10109564LQBUENO,2025-08-16,180024,1,18,0,791.0
10109564LQBUENO_2025-08-16_G09,10109564LQBUENO,2025-08-16,122983,1,6,0,289.0
10109564LQBUENO_2025-08-16_G11,10109564LQBUENO,2025-08-16,123909,1,2,0,134.0
10109564LQBUENO_2025-08-16_G13,10109564LQBUENO,2025-08-16,122981,1,9,0,152.0
10109564LQBUENO_2025-08-16_G14,10109564LQBUENO,2025-08-16,124548,1,50,0,232.0
10109564LQBUENO_2025-08-16_G15,10109564LQBUENO,2025-08-16,124548,1,50,0,38.0
10109564LQBUENO_2025-08-16_G16,10109564LQBUENO,2025-08-16,122984,1,20,0,1769.0
10109564LQBUENO_2025-08-16_G17,10109564LQBUENO,2025-08-16,123909,1,4,0,47.0
10109564LQBUENO_2025-08-18_G02,10109564LQBUENO,2025-08-18,120339,1,4,0,115.0
10109564LQBUENO_2025-08-18_G03,10109564LQBUENO,2025-08-18,123909,1,4,0,126.0
10109564LQBUENO_2025-08-18_G04,10109564LQBUENO,2025-08-18,123345,1,5,0,118.0
10109564LQBUENO_2025-08-18_G05,10109564LQBUENO,2025-08-18,123909,1,4,0,301.0
10109564LQBUENO_2025-08-18_G06,10109564LQBUENO,2025-08-18,124475,1,5,0,219.0
10109564LQBUENO_2025-08-18_G07,10109564LQBUENO,2025-08-18,124624,1,4,0,99.0
10109564LQBUENO_2025-08-18_G08,10109564LQBUENO,2025-08-18,121760,1,4,0,105.0
10109564LQBUENO_2025-08-18_G09,10109564LQBUENO,2025-08-18,"122962, 123343, 123345",3,36,35,402.0
10109564LQBUENO_2025-08-18_G10,10109564LQBUENO,2025-08-18,"123822, 122984",2,30,14,624.0
10109564LQBUENO_2025-08-18_G11,10109564LQBUENO,2025-08-18,"124371, 124477",2,8,16,319.0
10109564LQBUENO_2025-08-18_G12,10109564LQBUENO,2025-08-18,"122962, 122984",2,30,15,374.0
10109564LQBUENO_2025-08-18_G13,10109564LQBUENO,2025-08-18,122984,2,13,15,1214.0
10109564LQBUENO_2025-08-18_G14,10109564LQBUENO,2025-08-18,"122984, 122962",2,22,7,1183.0
10109564LQBUENO_2025-08-18_G15,10109564LQBUENO,2025-08-18,181887,1,4,0,943.0
10109564LQBUENO_2025-08-18_G16,10109564LQBUENO,2025-08-18,181057,1,5,0,142.0
10109564LQBUENO_2025-08-18_G17,10109564LQBUENO,2025-08-18,180601,4,4,19,249.0
10109564LQBUENO_2025-08-18_G18,10109564LQBUENO,2025-08-18,181057,1,4,0,53.0
10109564LQBUENO_2025-08-18_G19,10109564LQBUENO,2025-08-18,122673,1,12,0,829.0
10109564LQBUENO_2025-08-18_G20,10109564LQBUENO,2025-08-18,122647,1,16,0,237.0
10109564LQBUENO_2025-08-18_G21,10109564LQBUENO,2025-08-18,120028,1,10,0,203.0
10109564LQBUENO_2025-08-18_G22,10109564LQBUENO,2025-08-18,123822,1,16,0,645.0
10109564LQBUENO_2025-08-18_G23,10109564LQBUENO,2025-08-18,122647,1,24,0,461.0
10109564LQBUENO_2025-08-18_G24,10109564LQBUENO,2025-08-18,120028,1,24,0,450.0
10109564LQBUENO_2025-08-18_G25,10109564LQBUENO,2025-08-18,122984,1,4,0,50.0
10109564LQBUENO_2025-08-18_G26,10109564LQBUENO,2025-08-18,120339,1,2,0,224.0
10109564LQBUENO_2025-08-18_G27,10109564LQBUENO,2025-08-18,120339,1,12,0,43.0
10109564LQBUENO_2025-08-18_G28,10109564LQBUENO,2025-08-18,122983,1,16,0,567.0
10109564LQBUENO_2025-08-18_G29,10109564LQBUENO,2025-08-18,120028,1,20,0,423.0
10109564LQBUENO_2025-08-18_G30,10109564LQBUENO,2025-08-18,122962,1,20,0,529.0
10109564LQBUENO_2025-08-18_G31,10109564LQBUENO,2025-08-18,124370,1,20,0,2207.0
10109564LQBUENO_2025-08-18_G32,10109564LQBUENO,2025-08-18,124248,1,18,0,246.0
10109564LQBUENO_2025-08-18_G34,10109564LQBUENO,2025-08-18,122984,1,30,0,507.0
10109564LQBUENO_2025-08-18_G35,10109564LQBUENO,2025-08-18,122196,1,8,0,391.0
10109564LQBUENO_2025-08-18_G36,10109564LQBUENO,2025-08-18,"123345, 124624",2,4,13,134.0
10109564LQBUENO_2025-08-18_G37,10109564LQBUENO,2025-08-18,124624,1,12,0,232.0
10109564LQBUENO_2025-08-18_G38,10109564LQBUENO,2025-08-18,124586,2,35,29,883.0
10109564LQBUENO_2025-08-18_G39,10109564LQBUENO,2025-08-18,"123345, 122984",2,14,28,325.0
10109564LQBUENO_2025-08-18_G40,10109564LQBUENO,2025-08-18,122962,1,100,0,1613.0
10109564LQBUENO_2025-08-18_G41,10109564LQBUENO,2025-08-18,122647,1,200,0,2334.0
10109564LQBUENO_2025-08-18_G42,10109564LQBUENO,2025-08-18,123345,1,16,0,271.0
10109564LQBUENO_2025-08-19_G02,10109564LQBUENO,2025-08-19,121760,1,4,0,442.0
10109564LQBUENO_2025-08-19_G03,10109564LQBUENO,2025-08-19,122983,1,16,0,38.0
10109564LQBUENO_2025-08-19_G04,10109564LQBUENO,2025-08-19,123153,1,97,0,1781.0
10109564LQBUENO_2025-08-19_G05,10109564LQBUENO,2025-08-19,122673,1,20,0,387.0
10109564LQBUENO_2025-08-19_G06,10109564LQBUENO,2025-08-19,124486,1,21,0,177.0
10109564LQBUENO_2025-08-19_G07,10109564LQBUENO,2025-08-19,122962,1,6,0,200.0
10109564LQBUENO_2025-08-19_G08,10109564LQBUENO,2025-08-19,123344,1,26,0,100.0
10109564LQBUENO_2025-08-19_G09,10109564LQBUENO,2025-08-19,123345,1,60,0,270.0
10109564LQBUENO_2025-08-19_G10,10109564LQBUENO,2025-08-19,123343,1,4,0,450.0
10109564LQBUENO_2025-08-19_G11,10109564LQBUENO,2025-08-19,120389,1,10,0,81.0
10109564LQBUENO_2025-08-19_G12,10109564LQBUENO,2025-08-19,124477,1,15,0,316.0
10109564LQBUENO_2025-08-19_G13,10109564LQBUENO,2025-08-19,123889,1,4,0,822.0
10109564LQBUENO_2025-08-19_G14,10109564LQBUENO,2025-08-19,124247,1,15,0,1944.0
10109564LQBUENO_2025-08-19_G15,10109564LQBUENO,2025-08-19,120389,1,50,0,997.0
10109564LQBUENO_2025-08-19_G16,10109564LQBUENO,2025-08-19,124247,1,8,0,262.0
10109564LQBUENO_2025-08-19_G17,10109564LQBUENO,2025-08-19,120389,1,8,0,135.0
10109564LQBUENO_2025-08-19_G18,10109564LQBUENO,2025-08-19,"123492, 120028",2,15,22,99.0
10109564LQBUENO_2025-08-19_G19,10109564LQBUENO,2025-08-19,122962,1,12,0,159.0
10109564LQBUENO_2025-08-19_G20,10109564LQBUENO,2025-08-19,123520,1,8,0,145.0
10109564LQBUENO_2025-08-19_G21,10109564LQBUENO,2025-08-19,123343,1,20,0,1495.0
10109564LQBUENO_2025-08-19_G22,10109564LQBUENO,2025-08-19,123313,1,2,0,242.0
10109564LQBUENO_2025-08-19_G23,10109564LQBUENO,2025-08-19,124475,1,48,0,80.0
10109564LQBUENO_2025-08-19_G24,10109564LQBUENO,2025-08-19,121760,1,20,0,709.0
10109564LQBUENO_2025-08-19_G25,10109564LQBUENO,2025-08-19,122984,1,4,0,317.0
10109564LQBUENO_2025-08-19_G26,10109564LQBUENO,2025-08-19,"122983, 124624, 123344",3,32,23,127.0
10109564LQBUENO_2025-08-19_G27,10109564LQBUENO,2025-08-19,120339,1,21,0,2684.0
10109564LQBUENO_2025-08-19_G29,10109564LQBUENO,2025-08-19,"120028, 124486, 122962",3,14,36,518.0
10109564LQBUENO_2025-08-19_G30,10109564LQBUENO,2025-08-19,124548,1,50,0,238.0
10109564LQBUENO_2025-08-19_G31,10109564LQBUENO,2025-08-19,122984,1,8,0,33.0
10109564LQBUENO_2025-08-19_G32,10109564LQBUENO,2025-08-19,122983,1,6,0,1846.0
10109564LQBUENO_2025-08-19_G33,10109564LQBUENO,2025-08-19,123492,1,50,0,730.0
10109564LQBUENO_2025-08-19_G34,10109564LQBUENO,2025-08-19,122962,1,42,0,1560.0
10109564LQBUENO_2025-08-19_G35,10109564LQBUENO,2025-08-19,120028,1,30,0,489.0
10109564LQBUENO_2025-08-19_G36,10109564LQBUENO,2025-08-19,123343,1,4,0,432.0
10109564LQBUENO_2025-08-20_G02,10109564LQBUENO,2025-08-20,123345,1,35,0,455.0
10109564LQBUENO_2025-08-20_G03,10109564LQBUENO,2025-08-20,120339,1,5,0,251.0
10109564LQBUENO_2025-08-20_G04,10109564LQBUENO,2025-08-20,122983,1,4,0,193.0
10109564LQBUENO_2025-08-20_G05,10109564LQBUENO,2025-08-20,124475,1,3,0,87.0
10109564LQBUENO_2025-08-20_G06,10109564LQBUENO,2025-08-20,121760,1,20,0,234.0
10109564LQBUENO_2025-08-20_G07,10109564LQBUENO,2025-08-20,124370,1,10,0,208.0
10109564LQBUENO_2025-08-20_G08,10109564LQBUENO,2025-08-20,124486,2,60,12,382.0
10109564LQBUENO_2025-08-20_G09,10109564LQBUENO,2025-08-20,123521,1,4,0,1232.0
10109564LQBUENO_2025-08-20_G10,10109564LQBUENO,2025-08-20,122962,1,9,0,75.0
10109564LQBUENO_2025-08-20_G12,10109564LQBUENO,2025-08-20,122981,1,9,0,188.0
10109564LQBUENO_2025-08-20_G13,10109564LQBUENO,2025-08-20,124548,1,50,0,1624.0
10109564LQBUENO_2025-08-20_G15,10109564LQBUENO,2025-08-20,123344,1,5,0,255.0
10109564LQBUENO_2025-08-20_G16,10109564LQBUENO,2025-08-20,122673,1,50,0,916.0
10109564LQBUENO_2025-08-20_G17,10109564LQBUENO,2025-08-20,124370,1,8,0,412.0
10109564LQBUENO_2025-08-20_G18,10109564LQBUENO,2025-08-20,122647,1,12,0,532.0
10109564LQBUENO_2025-08-20_G19,10109564LQBUENO,2025-08-20,122962,1,8,0,220.0
10109564LQBUENO_2025-08-20_G20,10109564LQBUENO,2025-08-20,124486,1,30,0,84.0
10109564LQBUENO_2025-08-20_G21,10109564LQBUENO,2025-08-20,123343,1,8,0,464.0
10109564LQBUENO_2025-08-21_G02,10109564LQBUENO,2025-08-21,120008,1,12,0,2570.0
10109564LQBUENO_2025-08-21_G03,10109564LQBUENO,2025-08-21,120321,1,30,0,1684.0
10109564LQBUENO_2025-08-21_G04,10109564LQBUENO,2025-08-21,120008,1,45,0,51.0
10109564LQBUENO_2025-08-21_G05,10109564LQBUENO,2025-08-21,121651,1,3,0,1430.0
10109564LQBUENO_2025-08-21_G06,10109564LQBUENO,2025-08-21,122984,1,10,0,181.0
10109564LQBUENO_2025-08-21_G07,10109564LQBUENO,2025-08-21,122673,1,10,0,119.0
10109564LQBUENO_2025-08-21_G08,10109564LQBUENO,2025-08-21,122962,1,6,0,109.0
10109564LQBUENO_2025-08-21_G09,10109564LQBUENO,2025-08-21,"123909, 122983",2,7,13,97.0
10109564LQBUENO_2025-08-21_G10,10109564LQBUENO,2025-08-21,122984,1,4,0,79.0
10109564LQBUENO_2025-08-21_G11,10109564LQBUENO,2025-08-21,124247,1,1,0,228.0
10109564LQBUENO_2025-08-21_G12,10109564LQBUENO,2025-08-21,122984,1,13,0,352.0
10109564LQBUENO_2025-08-21_G13,10109564LQBUENO,2025-08-21,122984,1,6,0,161.0
10109564LQBUENO_2025-08-21_G14,10109564LQBUENO,2025-08-21,122962,1,8,0,206.0
10109564LQBUENO_2025-08-21_G15,10109564LQBUENO,2025-08-21,123909,1,6,0,71.0
10109564LQBUENO_2025-08-21_G16,10109564LQBUENO,2025-08-21,120271,1,2,0,92.0
10109564LQBUENO_2025-08-21_G17,10109564LQBUENO,2025-08-21,122671,1,6,0,85.0
10109564LQBUENO_2025-08-21_G18,10109564LQBUENO,2025-08-21,123492,1,4,0,64.0
10109564LQBUENO_2025-08-21_G19,10109564LQBUENO,2025-08-21,124486,1,12,0,39.0
10109564LQBUENO_2025-08-21_G20,10109564LQBUENO,2025-08-21,123344,1,5,0,228.0
10109564LQBUENO_2025-08-21_G21,10109564LQBUENO,2025-08-21,123343,1,2,0,75.0
10109564LQBUENO_2025-08-21_G22,10109564LQBUENO,2025-08-21,123909,1,2,0,75.0
10109564LQBUENO_2025-08-21_G23,10109564LQBUENO,2025-08-21,120339,1,2,0,40.0
10109564LQBUENO_2025-08-21_G24,10109564LQBUENO,2025-08-21,121760,1,2,0,36.0
10109564LQBUENO_2025-08-21_G25,10109564LQBUENO,2025-08-21,124370,1,2,0,91.0
10109564LQBUENO_2025-08-21_G26,10109564LQBUENO,2025-08-21,124486,1,2,0,108.0
10109564LQBUENO_2025-08-21_G27,10109564LQBUENO,2025-08-21,122984,1,20,0,113.0
10109564LQBUENO_2025-08-21_G28,10109564LQBUENO,2025-08-21,123344,1,2,0,493.0
10109564LQBUENO_2025-08-21_G29,10109564LQBUENO,2025-08-21,123822,1,4,0,31.0
10109564LQBUENO_2025-08-21_G30,10109564LQBUENO,2025-08-21,124594,1,26,0,1621.0
10109564LQBUENO_2025-08-21_G31,10109564LQBUENO,2025-08-21,123947,1,8,0,163.0
10109564LQBUENO_2025-08-21_G32,10109564LQBUENO,2025-08-21,123344,1,16,0,198.0
10109564LQBUENO_2025-08-21_G33,10109564LQBUENO,2025-08-21,123909,1,70,0,739.0
10109564LQBUENO_2025-08-21_G34,10109564LQBUENO,2025-08-21,122647,1,20,0,586.0
10109564LQBUENO_2025-08-21_G35,10109564LQBUENO,2025-08-21,122671,1,33,0,163.0
10109564LQBUENO_2025-08-21_G36,10109564LQBUENO,2025-08-21,123889,1,17,0,612.0
10109564LQBUENO_2025-08-22_G02,10109564LQBUENO,2025-08-22,121651,1,30,0,74.0
10109564LQBUENO_2025-08-22_G03,10109564LQBUENO,2025-08-22,120028,1,80,0,1715.0
10109564LQBUENO_2025-08-22_G04,10109564LQBUENO,2025-08-22,"122962, 122647",2,72,21,1572.0
10109564LQBUENO_2025-08-22_G05,10109564LQBUENO,2025-08-22,124486,1,20,0,2398.0
10109564LQBUENO_2025-08-22_G06,10109564LQBUENO,2025-08-22,123909,1,40,0,681.0
10109564LQBUENO_2025-08-22_G07,10109564LQBUENO,2025-08-22,123909,1,10,0,648.0
10109564LQBUENO_2025-08-22_G08,10109564LQBUENO,2025-08-22,122962,1,24,0,254.0
10109564LQBUENO_2025-08-22_G09,10109564LQBUENO,2025-08-22,121651,1,4,0,823.0
10109564LQBUENO_2025-08-22_G10,10109564LQBUENO,2025-08-22,122984,1,16,0,357.0
10109564LQBUENO_2025-08-22_G11,10109564LQBUENO,2025-08-22,124248,1,12,0,279.0
10109564LQBUENO_2025-08-22_G12,10109564LQBUENO,2025-08-22,123822,1,80,0,2396.0
10109564LQBUENO_2025-08-22_G13,10109564LQBUENO,2025-08-22,124248,1,6,0,599.0
10109564LQBUENO_2025-08-22_G14,10109564LQBUENO,2025-08-22,124486,1,6,0,249.0
10109564LQBUENO_2025-08-22_G15,10109564LQBUENO,2025-08-22,124486,1,20,0,119.0
10109564LQBUENO_2025-08-22_G16,10109564LQBUENO,2025-08-22,122962,2,16,7,564.0
10109564LQBUENO_2025-08-22_G17,10109564LQBUENO,2025-08-22,122647,1,24,0,393.0
10109564LQBUENO_2025-08-22_G18,10109564LQBUENO,2025-08-22,122962,1,30,0,604.0
10109564LQBUENO_2025-08-22_G19,10109564LQBUENO,2025-08-22,122984,1,16,0,608.0
10109564LQBUENO_2025-08-22_G20,10109564LQBUENO,2025-08-22,120028,1,50,0,390.0
10109564LQBUENO_2025-08-22_G22,10109564LQBUENO,2025-08-22,"120389, 122962",2,40,6,492.0
10109564LQBUENO_2025-08-23_G02,10109564LQBUENO,2025-08-23,120339,2,4,7,192.0
10109564LQBUENO_2025-08-23_G03,10109564LQBUENO,2025-08-23,120339,4,30,19,352.0
10109564LQBUENO_2025-08-23_G04,10109564LQBUENO,2025-08-23,120339,2,11,6,346.0
10109564LQBUENO_2025-08-23_G05,10109564LQBUENO,2025-08-23,120339,1,16,0,390.0
10109564LQBUENO_2025-08-23_G06,10109564LQBUENO,2025-08-23,120339,4,26,22,247.0
10109564LQBUENO_2025-08-23_G07,10109564LQBUENO,2025-08-23,120271,1,6,0,436.0
10109564LQBUENO_2025-08-23_G08,10109564LQBUENO,2025-08-23,124248,1,8,0,78.0
10109564LQBUENO_2025-08-23_G09,10109564LQBUENO,2025-08-23,122984,1,12,0,210.0
10109564LQBUENO_2025-08-23_G10,10109564LQBUENO,2025-08-23,122984,1,32,0,300.0
10109564LQBUENO_2025-08-23_G11,10109564LQBUENO,2025-08-23,124247,1,28,0,829.0
10109564LQBUENO_2025-08-23_G12,10109564LQBUENO,2025-08-23,"122981, 120339",2,14,5,425.0
10109564LQBUENO_2025-08-23_G13,10109564LQBUENO,2025-08-23,122983,1,20,0,320.0
10109564LQBUENO_2025-08-23_G14,10109564LQBUENO,2025-08-23,122983,1,8,0,101.0
10109564LQBUENO_2025-08-23_G15,10109564LQBUENO,2025-08-23,122983,1,8,0,402.0
10109564LQBUENO_2025-08-23_G16,10109564LQBUENO,2025-08-23,122983,1,8,0,78.0
10109564LQBUENO_2025-08-23_G17,10109564LQBUENO,2025-08-23,124475,1,6,0,183.0
10109564LQBUENO_2025-08-23_G18,10109564LQBUENO,2025-08-23,124248,1,4,0,106.0
10109564LQBUENO_2025-08-23_G19,10109564LQBUENO,2025-08-23,122185,1,12,0,134.0
10109564LQBUENO_2025-08-23_G20,10109564LQBUENO,2025-08-23,122984,1,8,0,39.0
10109564LQBUENO_2025-08-23_G21,10109564LQBUENO,2025-08-23,123345,1,2,0,684.0
10109564LQBUENO_2025-08-23_G22,10109564LQBUENO,2025-08-23,124247,1,2,0,232.0
10109564LQBUENO_2025-08-23_G23,10109564LQBUENO,2025-08-23,"123909, 121760, 124624",3,6,13,136.0
10109564LQBUENO_2025-08-23_G24,10109564LQBUENO,2025-08-23,"123345, 123343, 123909",3,8,37,197.0
10109564LQBUENO_2025-08-23_G25,10109564LQBUENO,2025-08-23,124475,1,2,0,274.0
10109564LQBUENO_2025-08-23_G26,10109564LQBUENO,2025-08-23,122986,1,2,0,42.0
10109564LQBUENO_2025-08-23_G27,10109564LQBUENO,2025-08-23,124548,1,2,0,96.0
10109564LQBUENO_2025-08-23_G28,10109564LQBUENO,2025-08-23,124624,1,6,0,82.0
10109564LQBUENO_2025-08-23_G29,10109564LQBUENO,2025-08-23,124594,1,9,0,1361.0
10109564LQBUENO_2025-08-23_G30,10109564LQBUENO,2025-08-23,123909,1,100,0,461.0
10109564LQBUENO_2025-08-23_G31,10109564LQBUENO,2025-08-23,123153,1,200,0,3177.0
10109564LQBUENO_2025-08-23_G32,10109564LQBUENO,2025-08-23,121760,1,250,0,908.0
10109564LQBUENO_2025-08-23_G34,10109564LQBUENO,2025-08-23,123560,1,30,0,2601.0
10109564LQBUENO_2025-08-23_G35,10109564LQBUENO,2025-08-23,124624,1,100,0,136.0
10109564LQBUENO_2025-08-23_G36,10109564LQBUENO,2025-08-23,121760,1,300,0,2927.0
10109564LQBUENO_2025-08-26_G02,10109564LQBUENO,2025-08-26,122988,2,20,4,95.0
10109564LQBUENO_2025-08-26_G03,10109564LQBUENO,2025-08-26,"122962, 124486",2,18,7,37.0
10109564LQBUENO_2025-08-26_G04,10109564LQBUENO,2025-08-26,122982,1,60,0,426.0
10109564LQBUENO_2025-08-26_G05,10109564LQBUENO,2025-08-26,121651,2,15,6,807.0
10109564LQBUENO_2025-08-26_G06,10109564LQBUENO,2025-08-26,122982,2,21,16,373.0
10109564LQBUENO_2025-08-26_G07,10109564LQBUENO,2025-08-26,123344,1,10,0,1054.0
10109564LQBUENO_2025-08-26_G08,10109564LQBUENO,2025-08-26,"122962, 124371, 121760",6,68,48,798.0
10109564LQBUENO_2025-08-26_G09,10109564LQBUENO,2025-08-26,"124486, 122982, 123345",5,28,60,36.0
10109564LQBUENO_2025-08-26_G10,10109564LQBUENO,2025-08-26,181057,1,1,0,1044.0
10109564LQBUENO_2025-08-26_G11,10109564LQBUENO,2025-08-26,181237,1,10,0,1739.0
10109564LQBUENO_2025-08-26_G12,10109564LQBUENO,2025-08-26,120271,1,14,0,903.0
10109564LQBUENO_2025-08-26_G13,10109564LQBUENO,2025-08-26,121651,2,12,15,365.0
10109564LQBUENO_2025-08-26_G14,10109564LQBUENO,2025-08-26,121651,1,14,0,219.0
10109564LQBUENO_2025-08-26_G15,10109564LQBUENO,2025-08-26,181887,1,7,0,222.0
10109564LQBUENO_2025-08-26_G16,10109564LQBUENO,2025-08-26,122647,1,20,0,271.0
10109564LQBUENO_2025-08-26_G17,10109564LQBUENO,2025-08-26,123345,1,8,0,844.0
10109564LQBUENO_2025-08-26_G18,10109564LQBUENO,2025-08-26,123345,1,4,0,179.0
10109564LQBUENO_2025-08-26_G19,10109564LQBUENO,2025-08-26,120271,2,6,12,232.0
10109564LQBUENO_2025-08-26_G20,10109564LQBUENO,2025-08-26,122185,1,6,0,49.0
10109564LQBUENO_2025-08-26_G21,10109564LQBUENO,2025-08-26,122984,1,4,0,97.0
10109564LQBUENO_2025-08-26_G22,10109564LQBUENO,2025-08-26,124247,1,10,0,198.0
10109564LQBUENO_2025-08-26_G23,10109564LQBUENO,2025-08-26,122986,1,12,0,1775.0
10109564LQBUENO_2025-08-26_G24,10109564LQBUENO,2025-08-26,"122981, 122983",2,22,11,61.0
10109564LQBUENO_2025-08-26_G25,10109564LQBUENO,2025-08-26,"122703, 124475, 122962, 121760, 124486",5,110,64,337.0
10109564LQBUENO_2025-08-26_G26,10109564LQBUENO,2025-08-26,124486,1,10,0,64.0
10109564LQBUENO_2025-08-26_G27,10109564LQBUENO,2025-08-26,123345,1,4,0,286.0
10109564LQBUENO_2025-08-26_G28,10109564LQBUENO,2025-08-26,180001,1,6,0,431.0
10109564LQBUENO_2025-08-26_G29,10109564LQBUENO,2025-08-26,121923,1,8,0,543.0
10109564LQBUENO_2025-08-26_G30,10109564LQBUENO,2025-08-26,"181235, 123345",2,7,17,191.0
10109564LQBUENO_2025-08-26_G31,10109564LQBUENO,2025-08-26,124370,1,3,0,87.0
10109564LQBUENO_2025-08-26_G32,10109564LQBUENO,2025-08-26,122981,1,3,0,40.0
10109564LQBUENO_2025-08-26_G33,10109564LQBUENO,2025-08-26,121760,1,10,0,106.0
10109564LQBUENO_2025-08-26_G34,10109564LQBUENO,2025-08-26,122984,1,9,0,65.0
10109564LQBUENO_2025-08-26_G35,10109564LQBUENO,2025-08-26,122988,1,2,0,747.0
10109564LQBUENO_2025-08-26_G36,10109564LQBUENO,2025-08-26,121760,1,6,0,137.0
10109564LQBUENO_2025-08-26_G38,10109564LQBUENO,2025-08-26,123521,1,1,0,132.0
10109564LQBUENO_2025-08-26_G39,10109564LQBUENO,2025-08-26,122982,1,20,0,224.0
10109564LQBUENO_2025-08-26_G40,10109564LQBUENO,2025-08-26,122962,1,50,0,599.0
10109564LQBUENO_2025-08-26_G41,10109564LQBUENO,2025-08-26,"123343, 123313",2,7,21,684.0
10109564LQBUENO_2025-08-26_G42,10109564LQBUENO,2025-08-26,123345,1,11,0,142.0
10109564LQBUENO_2025-08-26_G43,10109564LQBUENO,2025-08-26,"122673, 123909",2,4,18,211.0
10109564LQBUENO_2025-08-26_G44,10109564LQBUENO,2025-08-26,124370,1,4,0,80.0
10109564LQBUENO_2025-08-26_G45,10109564LQBUENO,2025-08-26,122983,1,4,0,82.0
10109564LQBUENO_2025-08-26_G46,10109564LQBUENO,2025-08-26,124475,1,5,0,81.0
10109564LQBUENO_2025-08-26_G47,10109564LQBUENO,2025-08-26,124371,1,4,0,124.0
10109564LQBUENO_2025-08-26_G48,10109564LQBUENO,2025-08-26,121760,1,14,0,122.0
10109564LQBUENO_2025-08-26_G49,10109564LQBUENO,2025-08-26,"121651, 123344",2,6,30,138.0
10109564LQBUENO_2025-08-26_G50,10109564LQBUENO,2025-08-26,"123313, 123909",2,16,24,1344.0
10109564LQBUENO_2025-08-26_G51,10109564LQBUENO,2025-08-26,120339,1,10,0,251.0
10109564LQBUENO_2025-08-26_G52,10109564LQBUENO,2025-08-26,124624,1,8,0,306.0
10109564LQBUENO_2025-08-26_G53,10109564LQBUENO,2025-08-26,"124486, 124247",3,16,28,1198.0
10109564LQBUENO_2025-08-26_G54,10109564LQBUENO,2025-08-26,123344,1,25,0,566.0
10109564LQBUENO_2025-08-26_G55,10109564LQBUENO,2025-08-26,"124624, 123343",2,20,15,52.0
10109564LQBUENO_2025-08-26_G56,10109564LQBUENO,2025-08-26,122962,1,50,0,503.0
10109564LQBUENO_2025-08-27_G02,10109564LQBUENO,2025-08-27,123153,1,40,0,421.0
10109564LQBUENO_2025-08-27_G03,10109564LQBUENO,2025-08-27,122671,1,4,0,106.0
10109564LQBUENO_2025-08-27_G04,10109564LQBUENO,2025-08-27,123909,1,20,0,148.0
10109564LQBUENO_2025-08-27_G05,10109564LQBUENO,2025-08-27,124370,1,30,0,542.0
10109564LQBUENO_2025-08-27_G06,10109564LQBUENO,2025-08-27,124371,1,8,0,414.0
10109564LQBUENO_2025-08-27_G07,10109564LQBUENO,2025-08-27,121760,1,20,0,198.0
10109564LQBUENO_2025-08-27_G08,10109564LQBUENO,2025-08-27,124486,1,24,0,455.0
10109564LQBUENO_2025-08-27_G09,10109564LQBUENO,2025-08-27,123521,1,4,0,311.0
10109564LQBUENO_2025-08-27_G10,10109564LQBUENO,2025-08-27,124475,1,12,0,229.0
10109564LQBUENO_2025-08-27_G11,10109564LQBUENO,2025-08-27,122981,1,12,0,853.0
10109564LQBUENO_2025-08-27_G12,10109564LQBUENO,2025-08-27,122983,1,26,0,175.0
10109564LQBUENO_2025-08-27_G13,10109564LQBUENO,2025-08-27,121760,1,2,0,151.0
10109564LQBUENO_2025-08-27_G14,10109564LQBUENO,2025-08-27,123345,1,7,0,959.0
10109564LQBUENO_2025-08-27_G15,10109564LQBUENO,2025-08-27,123561,1,2,0,358.0
10109564LQBUENO_2025-08-27_G16,10109564LQBUENO,2025-08-27,"124371, 124486",2,35,23,207.0
10109564LQBUENO_2025-08-27_G17,10109564LQBUENO,2025-08-27,"121651, 122984",2,16,12,677.0
10109564LQBUENO_2025-08-27_G18,10109564LQBUENO,2025-08-27,123521,1,10,0,265.0
10109564LQBUENO_2025-08-27_G19,10109564LQBUENO,2025-08-27,114647,1,4,0,1017.0
10109564LQBUENO_2025-08-27_G20,10109564LQBUENO,2025-08-27,122962,1,12,0,738.0
10109564LQBUENO_2025-08-27_G21,10109564LQBUENO,2025-08-27,122673,1,6,0,371.0
10109564LQBUENO_2025-08-27_G22,10109564LQBUENO,2025-08-27,122647,1,8,0,259.0
10109564LQBUENO_2025-08-27_G23,10109564LQBUENO,2025-08-27,123822,1,28,0,403.0
10109564LQBUENO_2025-08-27_G24,10109564LQBUENO,2025-08-27,123822,1,26,0,502.0
10109564LQBUENO_2025-08-27_G25,10109564LQBUENO,2025-08-27,122196,1,4,0,218.0
10109564LQBUENO_2025-08-27_G26,10109564LQBUENO,2025-08-27,122703,1,12,0,128.0
10109564LQBUENO_2025-08-27_G27,10109564LQBUENO,2025-08-27,121760,1,4,0,113.0
10109564LQBUENO_2025-08-27_G28,10109564LQBUENO,2025-08-27,122671,1,3,0,385.0
10109564LQBUENO_2025-08-27_G29,10109564LQBUENO,2025-08-27,124248,1,10,0,34.0
10109564LQBUENO_2025-08-27_G30,10109564LQBUENO,2025-08-27,122647,1,20,0,843.0
10109564LQBUENO_2025-08-27_G31,10109564LQBUENO,2025-08-27,123343,1,6,0,99.0
10109564LQBUENO_2025-08-27_G32,10109564LQBUENO,2025-08-27,123345,1,2,0,203.0
10109564LQBUENO_2025-08-27_G33,10109564LQBUENO,2025-08-27,124477,1,2,0,206.0
10109564LQBUENO_2025-08-27_G34,10109564LQBUENO,2025-08-27,121760,1,2,0,91.0
10109564LQBUENO_2025-08-27_G35,10109564LQBUENO,2025-08-27,124433,1,2,0,202.0
10109564LQBUENO_2025-08-27_G36,10109564LQBUENO,2025-08-27,124248,1,20,0,176.0
10109564LQBUENO_2025-08-27_G37,10109564LQBUENO,2025-08-27,122647,1,18,0,245.0
10109564LQBUENO_2025-08-27_G38,10109564LQBUENO,2025-08-27,122983,1,4,0,160.0
10109564LQBUENO_2025-08-27_G39,10109564LQBUENO,2025-08-27,122984,1,6,0,135.0
10109564LQBUENO_2025-08-27_G40,10109564LQBUENO,2025-08-27,122962,1,28,0,1256.0
10109564LQBUENO_2025-08-27_G41,10109564LQBUENO,2025-08-27,122962,5,91,95,62.0
10109564LQBUENO_2025-08-27_G43,10109564LQBUENO,2025-08-27,122671,1,8,0,198.0
10109564LQBUENO_2025-08-27_G44,10109564LQBUENO,2025-08-27,123909,1,16,0,130.0
10109564LQBUENO_2025-08-27_G45,10109564LQBUENO,2025-08-27,124370,1,38,0,776.0
10109564LQBUENO_2025-08-27_G46,10109564LQBUENO,2025-08-27,120339,1,9,0,122.0
10109564LQBUENO_2025-08-27_G47,10109564LQBUENO,2025-08-27,123822,1,11,0,200.0
10109564LQBUENO_2025-08-27_G48,10109564LQBUENO,2025-08-27,121928,1,2,0,100.0
10109564LQBUENO_2025-08-27_G49,10109564LQBUENO,2025-08-27,120389,1,8,0,92.0
10109564LQBUENO_2025-08-27_G50,10109564LQBUENO,2025-08-27,124248,1,12,0,70.0
10109564LQBUENO_2025-08-27_G51,10109564LQBUENO,2025-08-27,123343,1,15,0,291.0
10109564LQBUENO_2025-08-27_G52,10109564LQBUENO,2025-08-27,"124486, 121651",2,57,8,452.0
10109564LQBUENO_2025-08-27_G53,10109564LQBUENO,2025-08-27,123344,1,11,0,330.0
10109564LQBUENO_2025-08-27_G54,10109564LQBUENO,2025-08-27,121651,1,10,0,67.0
10109564LQBUENO_2025-08-27_G55,10109564LQBUENO,2025-08-27,122962,1,4,0,186.0
10109564LQBUENO_2025-08-27_G56,10109564LQBUENO,2025-08-27,"122673, 122671",2,16,26,130.0
10109564LQBUENO_2025-08-28_G02,10109564LQBUENO,2025-08-28,122982,1,20,0,382.0
10109564LQBUENO_2025-08-28_G03,10109564LQBUENO,2025-08-28,123343,1,4,0,629.0
10109564LQBUENO_2025-08-28_G04,10109564LQBUENO,2025-08-28,123345,1,10,0,207.0
10109564LQBUENO_2025-08-28_G05,10109564LQBUENO,2025-08-28,122962,1,4,0,165.0
10109564LQBUENO_2025-08-28_G06,10109564LQBUENO,2025-08-28,123153,1,4,0,112.0
10109564LQBUENO_2025-08-28_G07,10109564LQBUENO,2025-08-28,122673,1,12,0,187.0
10109564LQBUENO_2025-08-28_G08,10109564LQBUENO,2025-08-28,122671,1,16,0,97.0
10109564LQBUENO_2025-08-28_G09,10109564LQBUENO,2025-08-28,124370,1,8,0,331.0
10109564LQBUENO_2025-08-28_G10,10109564LQBUENO,2025-08-28,124371,1,4,0,113.0
10109564LQBUENO_2025-08-28_G11,10109564LQBUENO,2025-08-28,121760,1,10,0,123.0
10109564LQBUENO_2025-08-28_G12,10109564LQBUENO,2025-08-28,124486,2,10,7,98.0
10109564LQBUENO_2025-08-28_G13,10109564LQBUENO,2025-08-28,121651,2,7,6,211.0
10109564LQBUENO_2025-08-28_G14,10109564LQBUENO,2025-08-28,124475,1,12,0,182.0
10109564LQBUENO_2025-08-28_G15,10109564LQBUENO,2025-08-28,123344,1,10,0,267.0
10109564LQBUENO_2025-08-28_G16,10109564LQBUENO,2025-08-28,124248,1,20,0,573.0
10109564LQBUENO_2025-08-28_G17,10109564LQBUENO,2025-08-28,122984,1,20,0,425.0
10109564LQBUENO_2025-08-28_G19,10109564LQBUENO,2025-08-28,124624,1,12,0,32.0
10109564LQBUENO_2025-08-28_G20,10109564LQBUENO,2025-08-28,181057,1,7,0,962.0
10109564LQBUENO_2025-08-28_G23,10109564LQBUENO,2025-08-28,123822,1,6,0,184.0
10109564LQBUENO_2025-08-28_G24,10109564LQBUENO,2025-08-28,124486,1,20,0,83.0
10109564LQBUENO_2025-08-28_G25,10109564LQBUENO,2025-08-28,122703,1,38,0,405.0
10109564LQBUENO_2025-08-28_G26,10109564LQBUENO,2025-08-28,124371,1,32,0,751.0
10109564LQBUENO_2025-08-28_G27,10109564LQBUENO,2025-08-28,121760,1,12,0,413.0
10109564LQBUENO_2025-08-28_G28,10109564LQBUENO,2025-08-28,124370,1,16,0,225.0
10109564LQBUENO_2025-08-28_G29,10109564LQBUENO,2025-08-28,123313,1,4,0,383.0
10109564LQBUENO_2025-08-28_G30,10109564LQBUENO,2025-08-28,123343,1,8,0,321.0
10109564LQBUENO_2025-08-28_G31,10109564LQBUENO,2025-08-28,122984,1,12,0,856.0
10109564LQBUENO_2025-08-28_G32,10109564LQBUENO,2025-08-28,"124475, 124247",2,23,10,84.0
10109564LQBUENO_2025-08-29_G02,10109564LQBUENO,2025-08-29,122962,1,20,0,540.0
10109564LQBUENO_2025-08-29_G03,10109564LQBUENO,2025-08-29,124247,1,2,0,478.0
10109564LQBUENO_2025-08-29_G04,10109564LQBUENO,2025-08-29,123345,1,10,0,38.0
10109564LQBUENO_2025-08-29_G05,10109564LQBUENO,2025-08-29,123909,1,5,0,211.0
10109564LQBUENO_2025-08-29_G06,10109564LQBUENO,2025-08-29,123889,1,10,0,361.0
10109564LQBUENO_2025-08-29_G07,10109564LQBUENO,2025-08-29,122673,1,10,0,222.0
10109564LQBUENO_2025-08-29_G08,10109564LQBUENO,2025-08-29,120389,1,2,0,536.0
10109564LQBUENO_2025-08-29_G09,10109564LQBUENO,2025-08-29,124248,1,5,0,174.0
10109564LQBUENO_2025-08-29_G10,10109564LQBUENO,2025-08-29,124486,1,4,0,62.0
10109564LQBUENO_2025-08-29_G11,10109564LQBUENO,2025-08-29,"122984, 124624",2,28,19,359.0
10109564LQBUENO_2025-08-29_G12,10109564LQBUENO,2025-08-29,123153,1,20,0,490.0
10109564LQBUENO_2025-08-29_G13,10109564LQBUENO,2025-08-29,122185,1,6,0,206.0
10109564LQBUENO_2025-08-29_G14,10109564LQBUENO,2025-08-29,123344,1,4,0,101.0
10109564LQBUENO_2025-08-29_G15,10109564LQBUENO,2025-08-29,124248,1,8,0,1070.0
10109564LQBUENO_2025-08-29_G16,10109564LQBUENO,2025-08-29,123344,1,4,0,383.0
10109564LQBUENO_2025-08-29_G17,10109564LQBUENO,2025-08-29,121651,1,2,0,68.0
10109564LQBUENO_2025-08-29_G19,10109564LQBUENO,2025-08-29,122962,1,40,0,616.0
10109564LQBUENO_2025-08-29_G20,10109564LQBUENO,2025-08-29,124486,1,48,0,461.0
10109564LQBUENO_2025-08-29_G21,10109564LQBUENO,2025-08-29,123080,1,50,0,536.0
10109564LQBUENO_2025-08-29_G22,10109564LQBUENO,2025-08-29,122647,1,20,0,482.0
10109564LQBUENO_2025-08-29_G23,10109564LQBUENO,2025-08-29,123343,1,6,0,1236.0
10109564LQBUENO_2025-08-29_G24,10109564LQBUENO,2025-08-29,123345,1,2,0,49.0
10109564LQBUENO_2025-08-29_G25,10109564LQBUENO,2025-08-29,"123520, 122986, 121923, 121651, 122984, 122185, 123153, 120339, 123562, 124248",10,34,97,176.0
10109564LQBUENO_2025-08-29_G26,10109564LQBUENO,2025-08-29,122984,1,6,0,82.0
10109564LQBUENO_2025-08-29_G27,10109564LQBUENO,2025-08-29,122647,1,40,0,148.0
10109564LQBUENO_2025-08-29_G28,10109564LQBUENO,2025-08-29,122983,1,4,0,256.0
10109564LQBUENO_2025-08-29_G29,10109564LQBUENO,2025-08-29,124248,1,4,0,526.0
10109564LQBUENO_2025-08-29_G30,10109564LQBUENO,2025-08-29,123344,1,4,0,33.0
10109564LQBUENO_2025-08-29_G31,10109564LQBUENO,2025-08-29,"123562, 123345",2,10,19,56.0
10109564LQBUENO_2025-08-30_G02,10109564LQBUENO,2025-08-30,123153,1,58,0,596.0
10109564LQBUENO_2025-08-30_G03,10109564LQBUENO,2025-08-30,122673,1,26,0,327.0
10109564LQBUENO_2025-08-30_G04,10109564LQBUENO,2025-08-30,123909,1,6,0,130.0
10109564LQBUENO_2025-08-30_G05,10109564LQBUENO,2025-08-30,122647,1,2,0,74.0
10109564LQBUENO_2025-08-30_G06,10109564LQBUENO,2025-08-30,122962,1,10,0,195.0
10109564LQBUENO_2025-08-30_G07,10109564LQBUENO,2025-08-30,120389,1,18,0,148.0
10109564LQBUENO_2025-08-30_G08,10109564LQBUENO,2025-08-30,124371,1,12,0,151.0
10109564LQBUENO_2025-08-30_G09,10109564LQBUENO,2025-08-30,124370,1,30,0,429.0
10109564LQBUENO_2025-08-30_G10,10109564LQBUENO,2025-08-30,121651,1,19,0,89.0
10109564LQBUENO_2025-08-30_G11,10109564LQBUENO,2025-08-30,124475,1,2,0,415.0
10109564LQBUENO_2025-08-30_G12,10109564LQBUENO,2025-08-30,124477,1,2,0,487.0
10109564LQBUENO_2025-08-30_G13,10109564LQBUENO,2025-08-30,"123344, 123345",2,80,15,1257.0
10109564LQBUENO_2025-08-30_G14,10109564LQBUENO,2025-08-30,124475,1,21,0,273.0
10109564LQBUENO_2025-08-30_G15,10109564LQBUENO,2025-08-30,122185,1,2,0,597.0
10109564LQBUENO_2025-08-30_G16,10109564LQBUENO,2025-08-30,"120339, 122983, 124624, 123561",4,20,32,69.0
10109564LQBUENO_2025-08-30_G17,10109564LQBUENO,2025-08-30,123343,1,6,0,199.0
10109564LQBUENO_2025-08-30_G18,10109564LQBUENO,2025-08-30,124477,1,2,0,47.0
10109564LQBUENO_2025-08-30_G19,10109564LQBUENO,2025-08-30,124370,1,1,0,111.0
10109564LQBUENO_2025-08-30_G20,10109564LQBUENO,2025-08-30,122984,1,4,0,59.0
10109564LQBUENO_2025-08-30_G21,10109564LQBUENO,2025-08-30,122962,1,80,0,717.0
10109564LQBUENO_2025-08-30_G22,10109564LQBUENO,2025-08-30,122962,1,80,0,297.0
10109564LQBUENO_2025-08-30_G23,10109564LQBUENO,2025-08-30,"122671, 122962",2,56,15,1118.0
10109564LQBUENO_2025-08-30_G24,10109564LQBUENO,2025-08-30,124247,1,4,0,570.0
10109564LQBUENO_2025-08-30_G25,10109564LQBUENO,2025-08-30,123345,1,10,0,644.0
10109564LQBUENO_2025-08-30_G26,10109564LQBUENO,2025-08-30,"124486, 122673",2,7,12,35.0
10109564LQBUENO_2025-08-30_G27,10109564LQBUENO,2025-08-30,"123909, 122962",2,12,20,87.0
10109564LQBUENO_2025-08-30_G28,10109564LQBUENO,2025-08-30,124247,1,30,0,53.0
10109564LQBUENO_2025-08-30_G29,10109564LQBUENO,2025-08-30,"123562, 122703",5,28,56,699.0
10109564LQBUENO_2025-08-30_G30,10109564LQBUENO,2025-08-30,124476,1,2,0,637.0
10109564LQBUENO_2025-08-30_G31,10109564LQBUENO,2025-08-30,121651,1,6,0,1150.0
10109564LQBUENO_2025-08-30_G32,10109564LQBUENO,2025-08-30,122984,1,10,0,192.0
10109564LQBUENO_2025-08-30_G33,10109564LQBUENO,2025-08-30,123345,1,4,0,52.0
10109564LQBUENO_2025-08-30_G34,10109564LQBUENO,2025-08-30,123344,3,20,23,45.0
10109564LQBUENO_2025-08-30_G35,10109564LQBUENO,2025-08-30,123344,1,13,0,1118.0
10109564LQBUENO_2025-08-30_G36,10109564LQBUENO,2025-08-30,123343,1,2,0,63.0
10109564LQBUENO_2025-08-30_G37,10109564LQBUENO,2025-08-30,124476,1,3,0,456.0
10109564LQBUENO_2025-08-30_G38,10109564LQBUENO,2025-08-30,122984,1,4,0,126.0
10109564LQBUENO_2025-08-30_G40,10109564LQBUENO,2025-08-30,123344,1,2,0,152.0
10109564LQBUENO_2025-08-30_G41,10109564LQBUENO,2025-08-30,122984,1,1,0,805.0
10109564LQBUENO_2025-08-30_G42,10109564LQBUENO,2025-08-30,"124476, 123345, 123344",5,15,49,731.0
10109564LQBUENO_2025-08-30_G43,10109564LQBUENO,2025-08-30,122703,1,8,0,252.0
10109564LQBUENO_2025-08-30_G44,10109564LQBUENO,2025-08-30,122984,1,30,0,897.0
10109564LQBUENO_2025-08-30_G45,10109564LQBUENO,2025-08-30,"123562, 122703",2,14,16,283.0
10109564LQBUENO_2025-08-30_G46,10109564LQBUENO,2025-08-30,"123344, 123909",2,3,8,2372.0
10109564LQBUENO_2025-08-30_G47,10109564LQBUENO,2025-08-30,122196,1,6,0,308.0
10109564LQBUENO_2025-08-30_G48,10109564LQBUENO,2025-08-30,120008,1,30,0,523.0
10109564LQBUENO_2025-08-30_G49,10109564LQBUENO,2025-08-30,124248,1,8,0,46.0
10109564LQBUENO_2025-08-30_G50,10109564LQBUENO,2025-08-30,"124370, 124371",2,20,10,115.0
10109564LQBUENO_2025-08-30_G51,10109564LQBUENO,2025-08-30,121651,1,9,0,174.0
10109564LQBUENO_2025-08-30_G52,10109564LQBUENO,2025-08-30,122703,1,3,0,200.0
10109564LQBUENO_2025-08-30_G53,10109564LQBUENO,2025-08-30,120389,1,8,0,77.0
10109564LQBUENO_2025-08-31_G02,10109564LQBUENO,2025-08-31,123345,1,10,0,226.0
10109564LQBUENO_2025-08-31_G03,10109564LQBUENO,2025-08-31,123345,1,10,0,53.0
10109564LQBUENO_2025-08-31_G04,10109564LQBUENO,2025-08-31,123345,1,4,0,96.0
10109564LQBUENO_2025-08-31_G05,10109564LQBUENO,2025-08-31,122962,1,14,0,197.0
10109564LQBUENO_2025-08-31_G06,10109564LQBUENO,2025-08-31,122673,1,1,0,63.0
10109564LQBUENO_2025-08-31_G07,10109564LQBUENO,2025-08-31,"123492, 122185",2,6,15,421.0
10109564LQBUENO_2025-08-31_G08,10109564LQBUENO,2025-08-31,123345,1,7,0,89.0
10109564LQBUENO_2025-08-31_G09,10109564LQBUENO,2025-08-31,121760,1,43,0,192.0
10109564LQBUENO_2025-08-31_G10,10109564LQBUENO,2025-08-31,123344,1,14,0,200.0
10109564LQBUENO_2025-08-31_G11,10109564LQBUENO,2025-08-31,124371,1,9,0,370.0
10109564LQBUENO_2025-08-31_G12,10109564LQBUENO,2025-08-31,"121651, 124247, 120272, 124486, 122962",5,36,92,164.0
10109564LQBUENO_2025-08-31_G13,10109564LQBUENO,2025-08-31,122703,1,10,0,735.0
10109564LQBUENO_2025-08-31_G14,10109564LQBUENO,2025-08-31,120339,1,9,0,203.0
10109564LQBUENO_2025-08-31_G15,10109564LQBUENO,2025-08-31,122983,1,5,0,49.0
10109564LQBUENO_2025-08-31_G16,10109564LQBUENO,2025-08-31,122962,1,12,0,34.0
10109564LQBUENO_2025-08-31_G17,10109564LQBUENO,2025-08-31,124371,1,10,0,189.0
10109564LQBUENO_2025-08-31_G18,10109564LQBUENO,2025-08-31,124370,1,20,0,233.0
10109564LQBUENO_2025-08-31_G19,10109564LQBUENO,2025-08-31,123822,1,20,0,287.0
10109564LQBUENO_2025-08-31_G20,10109564LQBUENO,2025-08-31,122988,1,8,0,200.0
10109564LQBUENO_2025-08-31_G21,10109564LQBUENO,2025-08-31,123344,1,30,0,2312.0
10109564LQBUENO_2025-08-31_G22,10109564LQBUENO,2025-08-31,"124486, 121760",2,45,14,186.0
10109564LQBUENO_2025-08-31_G23,10109564LQBUENO,2025-08-31,123345,1,8,0,333.0
10109564LQBUENO_2025-08-31_G24,10109564LQBUENO,2025-08-31,123343,1,14,0,1000.0
10109564LQBUENO_2025-08-31_G25,10109564LQBUENO,2025-08-31,123345,1,20,0,149.0
10109564LQBUENO_2025-08-31_G26,10109564LQBUENO,2025-08-31,122962,1,8,0,566.0
10109564LQBUENO_2025-08-31_G27,10109564LQBUENO,2025-08-31,"123344, 124486",2,11,15,1060.0
10109564LQBUENO_2025-08-31_G28,10109564LQBUENO,2025-08-31,124248,1,16,0,251.0
10109564LQBUENO_2025-08-31_G29,10109564LQBUENO,2025-08-31,"124548, 120272, 122981",3,13,46,805.0
10109564LQBUENO_2025-08-31_G30,10109564LQBUENO,2025-08-31,180054,1,1,0,164.0
10109564LQBUENO_2025-08-31_G31,10109564LQBUENO,2025-08-31,122983,1,4,0,475.0
10109564LQBUENO_2025-08-31_G32,10109564LQBUENO,2025-08-31,123080,1,42,0,1255.0
10109564LQBUENO_2025-08-31_G33,10109564LQBUENO,2025-08-31,124476,1,2,0,243.0
10109564LQBUENO_2025-08-31_G34,10109564LQBUENO,2025-08-31,"120339, 122983",2,12,15,162.0
10109564LQBUENO_2025-08-31_G35,10109564LQBUENO,2025-08-31,"123562, 120339",2,6,17,67.0
10109564LQBUENO_2025-08-31_G36,10109564LQBUENO,2025-08-31,122962,1,50,0,360.0
10109564LQBUENO_2025-08-31_G37,10109564LQBUENO,2025-08-31,122647,1,10,0,368.0
10109564LQBUENO_2025-08-31_G38,10109564LQBUENO,2025-08-31,124476,3,21,30,286.0
10109564LQBUENO_2025-08-31_G39,10109564LQBUENO,2025-08-31,124476,1,1,0,71.0
10109564LQBUENO_2025-08-31_G40,10109564LQBUENO,2025-08-31,"120339, 123822",2,24,29,461.0
10109564LQBUENO_2025-08-31_G42,10109564LQBUENO,2025-08-31,123080,1,90,0,1482.0
10109564LQBUENO_2025-09-05_G02,10109564LQBUENO,2025-09-05,124433,1,3,0,192.0
10109564LQBUENO_2025-09-05_G03,10109564LQBUENO,2025-09-05,123520,1,3,0,457.0
10109564LQBUENO_2025-09-05_G04,10109564LQBUENO,2025-09-05,180024,1,4,0,378.0
10109564LQBUENO_2025-09-05_G05,10109564LQBUENO,2025-09-05,"124486, 123909",2,24,6,188.0
10109564LQBUENO_2025-09-05_G06,10109564LQBUENO,2025-09-05,122962,1,24,0,366.0
10109564LQBUENO_2025-09-05_G07,10109564LQBUENO,2025-09-05,120028,1,28,0,418.0
10109564LQBUENO_2025-09-05_G08,10109564LQBUENO,2025-09-05,123521,1,4,0,264.0
10109564LQBUENO_2025-09-05_G09,10109564LQBUENO,2025-09-05,122962,1,12,0,154.0
10109564LQBUENO_2025-09-05_G10,10109564LQBUENO,2025-09-05,"121760, 123344",2,5,24,221.0
10109564LQBUENO_2025-09-05_G11,10109564LQBUENO,2025-09-05,123345,1,3,0,83.0
10109564LQBUENO_2025-09-05_G12,10109564LQBUENO,2025-09-05,123345,1,8,0,263.0
10109564LQBUENO_2025-09-05_G13,10109564LQBUENO,2025-09-05,123153,1,22,0,468.0
10109564LQBUENO_2025-09-05_G14,10109564LQBUENO,2025-09-05,122983,1,22,0,1892.0
10109564LQBUENO_2025-09-05_G15,10109564LQBUENO,2025-09-05,123080,1,144,0,2151.0
10109564LQBUENO_2025-09-05_G16,10109564LQBUENO,2025-09-05,122962,1,60,0,1903.0
10109564LQBUENO_2025-09-05_G17,10109564LQBUENO,2025-09-05,122647,1,2,0,1625.0
10109564LQBUENO_2025-09-05_G18,10109564LQBUENO,2025-09-05,122962,1,20,0,157.0
10109564LQBUENO_2025-09-05_G19,10109564LQBUENO,2025-09-05,123343,1,5,0,232.0
10109564LQBUENO_2025-09-05_G20,10109564LQBUENO,2025-09-05,121760,1,2,0,68.0
10109564LQBUENO_2025-09-05_G21,10109564LQBUENO,2025-09-05,122647,2,30,7,281.0
10109564LQBUENO_2025-09-05_G22,10109564LQBUENO,2025-09-05,124548,1,6,0,351.0
10109564LQBUENO_2025-09-05_G23,10109564LQBUENO,2025-09-05,122185,1,7,0,435.0
10109564LQBUENO_2025-09-05_G24,10109564LQBUENO,2025-09-05,122673,1,10,0,134.0
10109564LQBUENO_2025-09-05_G25,10109564LQBUENO,2025-09-05,120008,1,13,0,260.0
10109564LQBUENO_2025-09-05_G27,10109564LQBUENO,2025-09-05,124264,1,8,0,321.0
10109564LQBUENO_2025-09-05_G28,10109564LQBUENO,2025-09-05,124247,1,8,0,202.0
10109564LQBUENO_2025-09-05_G29,10109564LQBUENO,2025-09-05,124248,1,8,0,155.0
10109564LQBUENO_2025-09-05_G30,10109564LQBUENO,2025-09-05,122984,1,32,0,531.0
10109564LQBUENO_2025-09-05_G31,10109564LQBUENO,2025-09-05,122185,3,20,17,222.0
10109564LQBUENO_2025-09-05_G32,10109564LQBUENO,2025-09-05,123822,1,29,0,851.0
10109564LQBUENO_2025-09-08_G02,10109564LQBUENO,2025-09-08,120028,1,20,0,758.0
10109564LQBUENO_2025-09-08_G03,10109564LQBUENO,2025-09-08,122647,1,6,0,165.0
10109564LQBUENO_2025-09-08_G04,10109564LQBUENO,2025-09-08,122962,1,4,0,205.0
10109564LQBUENO_2025-09-08_G05,10109564LQBUENO,2025-09-08,181057,1,5,0,368.0
10109564LQBUENO_2025-09-08_G06,10109564LQBUENO,2025-09-08,120339,1,8,0,46.0
10109564LQBUENO_2025-09-08_G07,10109564LQBUENO,2025-09-08,120389,1,12,0,293.0
10109564LQBUENO_2025-09-08_G08,10109564LQBUENO,2025-09-08,120389,1,20,0,363.0
10109564LQBUENO_2025-09-08_G09,10109564LQBUENO,2025-09-08,124370,1,12,0,389.0
10109564LQBUENO_2025-09-08_G10,10109564LQBUENO,2025-09-08,124371,1,4,0,485.0
10109564LQBUENO_2025-09-08_G11,10109564LQBUENO,2025-09-08,123343,1,12,0,838.0
10109564LQBUENO_2025-09-08_G12,10109564LQBUENO,2025-09-08,"124370, 124248",2,14,14,72.0
10109564LQBUENO_2025-09-08_G13,10109564LQBUENO,2025-09-08,121651,1,8,0,535.0
10109564LQBUENO_2025-09-08_G14,10109564LQBUENO,2025-09-08,181057,1,1,0,766.0
10109564LQBUENO_2025-09-08_G15,10109564LQBUENO,2025-09-08,124594,1,4,0,32.0
10109564LQBUENO_2025-09-08_G16,10109564LQBUENO,2025-09-08,123822,1,5,0,510.0
10109564LQBUENO_2025-09-08_G17,10109564LQBUENO,2025-09-08,123343,1,1,0,684.0
10109564LQBUENO_2025-09-08_G18,10109564LQBUENO,2025-09-08,"123344, 123909",2,13,28,1027.0
10109564LQBUENO_2025-09-08_G19,10109564LQBUENO,2025-09-08,120339,1,6,0,114.0
10109564LQBUENO_2025-09-08_G20,10109564LQBUENO,2025-09-08,"122983, 122984, 122986",3,5,14,54.0
10109564LQBUENO_2025-09-08_G21,10109564LQBUENO,2025-09-08,124486,1,4,0,193.0
10109564LQBUENO_2025-09-08_G22,10109564LQBUENO,2025-09-08,122647,1,2,0,65.0
10109564LQBUENO_2025-09-08_G23,10109564LQBUENO,2025-09-08,122962,1,8,0,203.0
10109564LQBUENO_2025-09-08_G24,10109564LQBUENO,2025-09-08,124486,1,50,0,1002.0
10109564LQBUENO_2025-09-08_G25,10109564LQBUENO,2025-09-08,120028,1,1,0,114.0
10109564LQBUENO_2025-09-08_G26,10109564LQBUENO,2025-09-08,122185,3,10,26,388.0
10109564LQBUENO_2025-09-08_G27,10109564LQBUENO,2025-09-08,121760,1,24,0,323.0
10109564LQBUENO_2025-09-08_G28,10109564LQBUENO,2025-09-08,"123345, 122185",4,17,24,1344.0
10109564LQBUENO_2025-09-08_G29,10109564LQBUENO,2025-09-08,124624,1,100,0,1794.0
10109564LQBUENO_2025-09-09_G02,10109564LQBUENO,2025-09-09,122981,1,8,0,324.0
10109564LQBUENO_2025-09-09_G03,10109564LQBUENO,2025-09-09,122984,1,48,0,605.0
10109564LQBUENO_2025-09-09_G04,10109564LQBUENO,2025-09-09,124548,1,30,0,474.0
10109564LQBUENO_2025-09-09_G05,10109564LQBUENO,2025-09-09,122983,1,8,0,175.0
10109564LQBUENO_2025-09-09_G06,10109564LQBUENO,2025-09-09,122185,1,14,0,361.0
10109564LQBUENO_2025-09-09_G07,10109564LQBUENO,2025-09-09,122962,1,8,0,243.0
10109564LQBUENO_2025-09-09_G08,10109564LQBUENO,2025-09-09,124486,1,50,0,437.0
10109564LQBUENO_2025-09-09_G09,10109564LQBUENO,2025-09-09,120008,1,20,0,354.0
10109564LQBUENO_2025-09-09_G10,10109564LQBUENO,2025-09-09,120271,1,4,0,176.0
10109564LQBUENO_2025-09-09_G11,10109564LQBUENO,2025-09-09,122671,1,8,0,47.0
10109564LQBUENO_2025-09-09_G12,10109564LQBUENO,2025-09-09,123909,1,10,0,44.0
10109564LQBUENO_2025-09-09_G13,10109564LQBUENO,2025-09-09,124594,1,2,0,704.0
10109564LQBUENO_2025-09-09_G14,10109564LQBUENO,2025-09-09,124486,1,36,0,3600.0
10109564LQBUENO_2025-09-09_G15,10109564LQBUENO,2025-09-09,"124371, 124624, 123343, 123345",4,42,72,123.0
10109564LQBUENO_2025-09-09_G16,10109564LQBUENO,2025-09-09,122673,1,24,0,41.0
10109564LQBUENO_2025-09-09_G17,10109564LQBUENO,2025-09-09,122962,1,80,0,3274.0
10109564LQBUENO_2025-09-09_G18,10109564LQBUENO,2025-09-09,120028,1,40,0,624.0
10109564LQBUENO_2025-09-09_G19,10109564LQBUENO,2025-09-09,122647,1,20,0,238.0
10109564LQBUENO_2025-09-09_G20,10109564LQBUENO,2025-09-09,122962,1,40,0,337.0
10109564LQBUENO_2025-09-09_G21,10109564LQBUENO,2025-09-09,122962,1,33,0,505.0
10109564LQBUENO_2025-09-09_G22,10109564LQBUENO,2025-09-09,124624,1,4,0,921.0
10109564LQBUENO_2025-09-09_G24,10109564LQBUENO,2025-09-09,124486,1,8,0,32.0
10109564LQBUENO_2025-09-09_G25,10109564LQBUENO,2025-09-09,120389,1,100,0,171.0
10109564LQBUENO_2025-09-10_G02,10109564LQBUENO,2025-09-10,123343,1,2,0,1954.0
10109564LQBUENO_2025-09-10_G03,10109564LQBUENO,2025-09-10,123345,1,42,0,541.0
10109564LQBUENO_2025-09-10_G04,10109564LQBUENO,2025-09-10,120339,1,2,0,44.0
10109564LQBUENO_2025-09-10_G05,10109564LQBUENO,2025-09-10,121760,1,5,0,294.0
10109564LQBUENO_2025-09-10_G06,10109564LQBUENO,2025-09-10,"123344, 124371, 124370, 122962",4,73,26,1125.0
10109564LQBUENO_2025-09-10_G07,10109564LQBUENO,2025-09-10,123344,1,6,0,3304.0
10109564LQBUENO_2025-09-10_G08,10109564LQBUENO,2025-09-10,121651,1,6,0,303.0
10109564LQBUENO_2025-09-10_G09,10109564LQBUENO,2025-09-10,"124371, 124370",2,3,6,1320.0
10109564LQBUENO_2025-09-10_G10,10109564LQBUENO,2025-09-10,124486,1,20,0,446.0
10109564LQBUENO_2025-09-10_G11,10109564LQBUENO,2025-09-10,122962,1,12,0,148.0
10109564LQBUENO_2025-09-10_G12,10109564LQBUENO,2025-09-10,124486,1,2,0,170.0
10109564LQBUENO_2025-09-10_G13,10109564LQBUENO,2025-09-10,123153,1,30,0,419.0
10109564LQBUENO_2025-09-10_G14,10109564LQBUENO,2025-09-10,124248,1,4,0,212.0
10109564LQBUENO_2025-09-10_G15,10109564LQBUENO,2025-09-10,123343,1,4,0,191.0
10109564LQBUENO_2025-09-10_G16,10109564LQBUENO,2025-09-10,"123345, 120389",2,6,21,128.0
10109564LQBUENO_2025-09-10_G17,10109564LQBUENO,2025-09-10,123909,1,48,0,216.0
10109564LQBUENO_2025-09-10_G18,10109564LQBUENO,2025-09-10,"122673, 123345",2,4,24,199.0
10109564LQBUENO_2025-09-10_G19,10109564LQBUENO,2025-09-10,122673,1,10,0,58.0
10109564LQBUENO_2025-09-10_G20,10109564LQBUENO,2025-09-10,123153,1,6,0,113.0
10109564LQBUENO_2025-09-10_G21,10109564LQBUENO,2025-09-10,122673,1,4,0,93.0
10109564LQBUENO_2025-09-10_G22,10109564LQBUENO,2025-09-10,122673,1,6,0,69.0
10109564LQBUENO_2025-09-10_G23,10109564LQBUENO,2025-09-10,123345,1,50,0,50.0
10109564LQBUENO_2025-09-10_G24,10109564LQBUENO,2025-09-10,122673,1,10,0,352.0
10109564LQBUENO_2025-09-10_G25,10109564LQBUENO,2025-09-10,122673,1,10,0,117.0
10109564LQBUENO_2025-09-10_G26,10109564LQBUENO,2025-09-10,124248,1,140,0,2509.0
10109564LQBUENO_2025-09-10_G27,10109564LQBUENO,2025-09-10,122984,1,116,0,1104.0
10109564LQBUENO_2025-09-10_G28,10109564LQBUENO,2025-09-10,"123343, 123345",2,60,15,472.0
10109564LQBUENO_2025-09-10_G30,10109564LQBUENO,2025-09-10,124370,1,14,0,125.0
10109564LQBUENO_2025-09-10_G31,10109564LQBUENO,2025-09-10,123344,1,10,0,219.0
10109564LQBUENO_2025-09-10_G32,10109564LQBUENO,2025-09-10,123343,1,1,0,506.0
10109564LQBUENO_2025-09-10_G33,10109564LQBUENO,2025-09-10,"121760, 123343, 123345, 123344",4,26,59,818.0
10109564LQBUENO_2025-09-10_G34,10109564LQBUENO,2025-09-10,124370,1,10,0,71.0
10109564LQBUENO_2025-09-10_G35,10109564LQBUENO,2025-09-10,122984,1,32,0,306.0
10109564LQBUENO_2025-09-10_G36,10109564LQBUENO,2025-09-10,123889,1,10,0,47.0
10109564LQBUENO_2025-09-11_G02,10109564LQBUENO,2025-09-11,122647,1,26,0,65.0
10109564LQBUENO_2025-09-11_G03,10109564LQBUENO,2025-09-11,122962,1,2,0,3234.0
10109564LQBUENO_2025-09-11_G04,10109564LQBUENO,2025-09-11,122673,1,4,0,197.0
10109564LQBUENO_2025-09-11_G05,10109564LQBUENO,2025-09-11,122647,1,3,0,56.0
10109564LQBUENO_2025-09-11_G06,10109564LQBUENO,2025-09-11,122671,1,48,0,454.0
10109564LQBUENO_2025-09-11_G07,10109564LQBUENO,2025-09-11,120028,1,10,0,191.0
10109564LQBUENO_2025-09-11_G08,10109564LQBUENO,2025-09-11,122673,1,30,0,445.0
10109564LQBUENO_2025-09-11_G09,10109564LQBUENO,2025-09-11,"123909, 124371",2,7,11,880.0
10109564LQBUENO_2025-09-11_G10,10109564LQBUENO,2025-09-11,122984,1,8,0,207.0
10109564LQBUENO_2025-09-11_G11,10109564LQBUENO,2025-09-11,123344,1,15,0,204.0
10109564LQBUENO_2025-09-11_G12,10109564LQBUENO,2025-09-11,123345,1,10,0,232.0
10109564LQBUENO_2025-09-11_G13,10109564LQBUENO,2025-09-11,124247,1,10,0,111.0
10109564LQBUENO_2025-09-11_G14,10109564LQBUENO,2025-09-11,122983,1,10,0,305.0
10109564LQBUENO_2025-09-11_G15,10109564LQBUENO,2025-09-11,123344,1,3,0,103.0
10109564LQBUENO_2025-09-11_G16,10109564LQBUENO,2025-09-11,124248,1,10,0,154.0
10109564LQBUENO_2025-09-11_G17,10109564LQBUENO,2025-09-11,122983,1,28,0,940.0
10109564LQBUENO_2025-09-11_G18,10109564LQBUENO,2025-09-11,124247,1,48,0,39.0
10109564LQBUENO_2025-09-11_G20,10109564LQBUENO,2025-09-11,124477,1,20,0,35.0
10109564LQBUENO_2025-09-11_G22,10109564LQBUENO,2025-09-11,123909,1,10,0,79.0
10109564LQBUENO_2025-09-11_G23,10109564LQBUENO,2025-09-11,122185,1,16,0,524.0
10109564LQBUENO_2025-09-11_G24,10109564LQBUENO,2025-09-11,123153,1,12,0,187.0
10109564LQBUENO_2025-09-11_G25,10109564LQBUENO,2025-09-11,124486,1,10,0,73.0
10109564LQBUENO_2025-09-11_G26,10109564LQBUENO,2025-09-11,123345,1,4,0,410.0
10109564LQBUENO_2025-09-11_G27,10109564LQBUENO,2025-09-11,124486,1,16,0,241.0
10109564LQBUENO_2025-09-11_G28,10109564LQBUENO,2025-09-11,122983,1,24,0,343.0
10109564LQBUENO_2025-09-11_G29,10109564LQBUENO,2025-09-11,124594,1,2,0,935.0
10109564LQBUENO_2025-09-12_G02,10109564LQBUENO,2025-09-12,181056,1,3,0,83.0
10109564LQBUENO_2025-09-12_G03,10109564LQBUENO,2025-09-12,180073,1,4,0,1197.0
10109564LQBUENO_2025-09-12_G04,10109564LQBUENO,2025-09-12,181887,1,5,0,168.0
10109564LQBUENO_2025-09-12_G05,10109564LQBUENO,2025-09-12,123343,2,8,13,67.0
10109564LQBUENO_2025-09-12_G06,10109564LQBUENO,2025-09-12,123909,1,2,0,281.0
10109564LQBUENO_2025-09-12_G07,10109564LQBUENO,2025-09-12,121651,1,4,0,151.0
10109564LQBUENO_2025-09-12_G08,10109564LQBUENO,2025-09-12,121760,1,2,0,406.0
10109564LQBUENO_2025-09-12_G09,10109564LQBUENO,2025-09-12,124476,2,14,25,111.0
10109564LQBUENO_2025-09-12_G10,10109564LQBUENO,2025-09-12,124548,1,50,0,1130.0
10109564LQBUENO_2025-09-12_G11,10109564LQBUENO,2025-09-12,181056,2,4,15,1408.0
10109564LQBUENO_2025-09-12_G12,10109564LQBUENO,2025-09-12,123345,1,12,0,82.0
10109564LQBUENO_2025-09-12_G13,10109564LQBUENO,2025-09-12,123521,1,4,0,187.0
10109564LQBUENO_2025-09-12_G14,10109564LQBUENO,2025-09-12,124248,1,1,0,41.0
10109564LQBUENO_2025-09-12_G15,10109564LQBUENO,2025-09-12,122962,1,12,0,72.0
10109564LQBUENO_2025-09-12_G16,10109564LQBUENO,2025-09-12,123344,1,20,0,236.0
10109564LQBUENO_2025-09-12_G17,10109564LQBUENO,2025-09-12,123889,1,20,0,727.0
10109564LQBUENO_2025-09-12_G18,10109564LQBUENO,2025-09-12,120028,1,12,0,1473.0
10109564LQBUENO_2025-09-12_G19,10109564LQBUENO,2025-09-12,122962,1,12,0,187.0
10109564LQBUENO_2025-09-12_G20,10109564LQBUENO,2025-09-12,124486,1,30,0,308.0
10109564LQBUENO_2025-09-12_G21,10109564LQBUENO,2025-09-12,123822,1,9,0,252.0
10109564LQBUENO_2025-09-12_G22,10109564LQBUENO,2025-09-12,124486,1,8,0,300.0
10109564LQBUENO_2025-09-12_G23,10109564LQBUENO,2025-09-12,122962,1,32,0,863.0
10109564LQBUENO_2025-09-12_G24,10109564LQBUENO,2025-09-12,124248,1,6,0,162.0
10109564LQBUENO_2025-09-12_G25,10109564LQBUENO,2025-09-12,122185,1,20,0,344.0
10109564LQBUENO_2025-09-12_G26,10109564LQBUENO,2025-09-12,120028,1,10,0,192.0
10109564LQBUENO_2025-09-12_G27,10109564LQBUENO,2025-09-12,122962,1,9,0,57.0
10109564LQBUENO_2025-09-12_G28,10109564LQBUENO,2025-09-12,120028,1,8,0,148.0
10109564LQBUENO_2025-09-12_G29,10109564LQBUENO,2025-09-12,124476,2,32,19,214.0
10109564LQBUENO_2025-09-12_G30,10109564LQBUENO,2025-09-12,122962,1,18,0,1352.0
10109564LQBUENO_2025-09-12_G31,10109564LQBUENO,2025-09-12,123343,1,2,0,75.0
10109564LQBUENO_2025-09-12_G32,10109564LQBUENO,2025-09-12,123344,1,13,0,310.0
10109564LQBUENO_2025-09-12_G33,10109564LQBUENO,2025-09-12,124476,1,7,0,73.0
10109564LQBUENO_2025-09-12_G34,10109564LQBUENO,2025-09-12,121651,1,18,0,298.0
10109564LQBUENO_2025-09-12_G35,10109564LQBUENO,2025-09-12,122703,1,8,0,74.0
10109564LQBUENO_2025-09-12_G36,10109564LQBUENO,2025-09-12,124370,1,26,0,302.0
10109564LQBUENO_2025-09-12_G37,10109564LQBUENO,2025-09-12,124370,1,5,0,194.0
10109564LQBUENO_2025-09-12_G38,10109564LQBUENO,2025-09-12,123345,1,26,0,108.0
10109564LQBUENO_2025-09-12_G39,10109564LQBUENO,2025-09-12,123345,1,16,0,156.0
10109564LQBUENO_2025-09-12_G40,10109564LQBUENO,2025-09-12,123343,1,10,0,571.0
10109564LQBUENO_2025-09-12_G42,10109564LQBUENO,2025-09-12,124624,1,4,0,61.0
10109564LQBUENO_2025-09-12_G43,10109564LQBUENO,2025-09-12,122962,1,40,0,186.0
10109564LQBUENO_2025-09-12_G44,10109564LQBUENO,2025-09-12,122967,1,30,0,360.0
10109564LQBUENO_2025-09-12_G45,10109564LQBUENO,2025-09-12,124370,1,100,0,1366.0
10109564LQBUENO_2025-09-12_G46,10109564LQBUENO,2025-09-12,123345,1,30,0,467.0
10109564LQBUENO_2025-09-12_G47,10109564LQBUENO,2025-09-12,"122983, 122962",2,22,7,1088.0
10109564LQBUENO_2025-09-13_G02,10109564LQBUENO,2025-09-13,124264,1,86,0,961.0
10109564LQBUENO_2025-09-13_G03,10109564LQBUENO,2025-09-13,124264,1,94,0,105.0
10109564LQBUENO_2025-09-13_G04,10109564LQBUENO,2025-09-13,123345,1,5,0,1884.0
10109564LQBUENO_2025-09-13_G05,10109564LQBUENO,2025-09-13,123344,1,50,0,146.0
10109564LQBUENO_2025-09-13_G07,10109564LQBUENO,2025-09-13,"121651, 121760",2,14,8,71.0
10109564LQBUENO_2025-09-13_G08,10109564LQBUENO,2025-09-13,124248,1,12,0,286.0
10109564LQBUENO_2025-09-13_G09,10109564LQBUENO,2025-09-13,121651,1,30,0,129.0
10109564LQBUENO_2025-09-13_G10,10109564LQBUENO,2025-09-13,122984,1,12,0,341.0
10109564LQBUENO_2025-09-13_G11,10109564LQBUENO,2025-09-13,121651,1,58,0,534.0
10109564LQBUENO_2025-09-13_G12,10109564LQBUENO,2025-09-13,"122703, 121760",2,4,14,966.0
10109564LQBUENO_2025-09-15_G02,10109564LQBUENO,2025-09-15,120339,1,14,0,507.0
10109564LQBUENO_2025-09-15_G03,10109564LQBUENO,2025-09-15,124476,1,8,0,313.0
10109564LQBUENO_2025-09-15_G04,10109564LQBUENO,2025-09-15,122962,1,10,0,99.0
10109564LQBUENO_2025-09-15_G05,10109564LQBUENO,2025-09-15,"122984, 122983",2,6,11,88.0
10109564LQBUENO_2025-09-15_G06,10109564LQBUENO,2025-09-15,122981,1,4,0,312.0
10109564LQBUENO_2025-09-15_G07,10109564LQBUENO,2025-09-15,124476,1,6,0,157.0
10109564LQBUENO_2025-09-15_G08,10109564LQBUENO,2025-09-15,122962,1,16,0,80.0
10109564LQBUENO_2025-09-15_G09,10109564LQBUENO,2025-09-15,122984,1,10,0,360.0
10109564LQBUENO_2025-09-15_G10,10109564LQBUENO,2025-09-15,"122983, 123344",2,4,26,143.0
10109564LQBUENO_2025-09-15_G11,10109564LQBUENO,2025-09-15,"123345, 123343",2,10,11,1685.0
10109564LQBUENO_2025-09-15_G12,10109564LQBUENO,2025-09-15,123345,2,33,6,575.0
10109564LQBUENO_2025-09-15_G13,10109564LQBUENO,2025-09-15,"121760, 122962",2,9,6,463.0
10109564LQBUENO_2025-09-15_G14,10109564LQBUENO,2025-09-15,121651,1,8,0,129.0
10109564LQBUENO_2025-09-15_G15,10109564LQBUENO,2025-09-15,123344,1,6,0,147.0
10109564LQBUENO_2025-09-15_G16,10109564LQBUENO,2025-09-15,123343,1,6,0,609.0
10109564LQBUENO_2025-09-15_G17,10109564LQBUENO,2025-09-15,121651,1,9,0,98.0
10109564LQBUENO_2025-09-15_G18,10109564LQBUENO,2025-09-15,122962,1,6,0,78.0
10109564LQBUENO_2025-09-15_G19,10109564LQBUENO,2025-09-15,122962,1,6,0,56.0
10109564LQBUENO_2025-09-15_G20,10109564LQBUENO,2025-09-15,123344,1,16,0,141.0
10109564LQBUENO_2025-09-15_G21,10109564LQBUENO,2025-09-15,123345,1,4,0,232.0
10109564LQBUENO_2025-09-15_G22,10109564LQBUENO,2025-09-15,123344,1,8,0,103.0
10109564LQBUENO_2025-09-15_G23,10109564LQBUENO,2025-09-15,"120271, 124486",2,12,15,301.0
10109564LQBUENO_2025-09-15_G24,10109564LQBUENO,2025-09-15,122962,1,8,0,33.0
10109564LQBUENO_2025-09-15_G25,10109564LQBUENO,2025-09-15,122671,1,6,0,432.0
10109564LQBUENO_2025-09-15_G26,10109564LQBUENO,2025-09-15,124371,1,19,0,1926.0
10109564LQBUENO_2025-09-15_G27,10109564LQBUENO,2025-09-15,122185,1,30,0,727.0
10109564LQBUENO_2025-09-15_G28,10109564LQBUENO,2025-09-15,124486,1,10,0,65.0
10109564LQBUENO_2025-09-15_G29,10109564LQBUENO,2025-09-15,123080,1,16,0,362.0
10109564LQBUENO_2025-09-15_G30,10109564LQBUENO,2025-09-15,122967,1,24,0,159.0
10109564LQBUENO_2025-09-15_G31,10109564LQBUENO,2025-09-15,124370,1,100,0,683.0
10109564LQBUENO_2025-09-15_G33,10109564LQBUENO,2025-09-15,123345,1,2,0,2208.0
10109564LQBUENO_2025-09-15_G34,10109564LQBUENO,2025-09-15,122647,1,4,0,579.0
10109564LQBUENO_2025-09-15_G35,10109564LQBUENO,2025-09-15,122962,1,8,0,100.0
10109564LQBUENO_2025-09-15_G36,10109564LQBUENO,2025-09-15,123345,1,3,0,140.0
10109564LQBUENO_2025-09-15_G37,10109564LQBUENO,2025-09-15,123343,1,14,0,133.0
10109564LQBUENO_2025-09-15_G38,10109564LQBUENO,2025-09-15,123153,1,20,0,406.0
10109564LQBUENO_2025-09-15_G39,10109564LQBUENO,2025-09-15,121760,1,19,0,94.0
10109564LQBUENO_2025-09-15_G40,10109564LQBUENO,2025-09-15,123344,1,14,0,867.0
10109564LQBUENO_2025-09-16_G02,10109564LQBUENO,2025-09-16,123345,1,15,0,2261.0
10109564LQBUENO_2025-09-16_G03,10109564LQBUENO,2025-09-16,123343,1,16,0,161.0
10109564LQBUENO_2025-09-16_G04,10109564LQBUENO,2025-09-16,122983,1,4,0,273.0
10109564LQBUENO_2025-09-16_G05,10109564LQBUENO,2025-09-16,124248,1,4,0,62.0
10109564LQBUENO_2025-09-16_G06,10109564LQBUENO,2025-09-16,121760,1,50,0,725.0
10109564LQBUENO_2025-09-16_G07,10109564LQBUENO,2025-09-16,122673,1,8,0,143.0
10109564LQBUENO_2025-09-16_G08,10109564LQBUENO,2025-09-16,124486,1,8,0,143.0
10109564LQBUENO_2025-09-16_G09,10109564LQBUENO,2025-09-16,122984,1,4,0,59.0
10109564LQBUENO_2025-09-16_G10,10109564LQBUENO,2025-09-16,123344,1,8,0,54.0
10109564LQBUENO_2025-09-16_G12,10109564LQBUENO,2025-09-16,"122671, 123909",2,16,10,36.0
10109564LQBUENO_2025-09-16_G13,10109564LQBUENO,2025-09-16,"122647, 124486",2,16,12,444.0
10109564LQBUENO_2025-09-16_G14,10109564LQBUENO,2025-09-16,122962,1,8,0,137.0
10109564LQBUENO_2025-09-16_G15,10109564LQBUENO,2025-09-16,123345,1,30,0,69.0
10109564LQBUENO_2025-09-16_G16,10109564LQBUENO,2025-09-16,123909,1,50,0,475.0
10109564LQBUENO_2025-09-16_G17,10109564LQBUENO,2025-09-16,122673,1,6,0,752.0
10109564LQBUENO_2025-09-16_G18,10109564LQBUENO,2025-09-16,122962,1,6,0,236.0
10109564LQBUENO_2025-09-16_G19,10109564LQBUENO,2025-09-16,181057,1,4,0,171.0
10109564LQBUENO_2025-09-16_G20,10109564LQBUENO,2025-09-16,"123345, 122647",2,14,28,149.0
10109564LQBUENO_2025-09-16_G21,10109564LQBUENO,2025-09-16,124486,1,8,0,104.0
10109564LQBUENO_2025-09-16_G22,10109564LQBUENO,2025-09-16,122671,1,6,0,571.0
10109564LQBUENO_2025-09-16_G23,10109564LQBUENO,2025-09-16,123345,1,6,0,944.0
10109564LQBUENO_2025-09-16_G25,10109564LQBUENO,2025-09-16,122962,2,8,11,115.0
10109564LQBUENO_2025-09-16_G26,10109564LQBUENO,2025-09-16,122984,1,4,0,55.0
10109564LQBUENO_2025-09-16_G27,10109564LQBUENO,2025-09-16,123344,1,12,0,87.0
10109564LQBUENO_2025-09-16_G28,10109564LQBUENO,2025-09-16,123343,1,1,0,76.0
10109564LQBUENO_2025-09-16_G29,10109564LQBUENO,2025-09-16,123343,1,8,0,62.0
10109564LQBUENO_2025-09-16_G30,10109564LQBUENO,2025-09-16,124624,1,2,0,109.0
10109564LQBUENO_2025-09-16_G31,10109564LQBUENO,2025-09-16,123344,1,8,0,41.0
10109564LQBUENO_2025-09-16_G32,10109564LQBUENO,2025-09-16,"123521, 124624",2,4,13,212.0
10109564LQBUENO_2025-09-16_G33,10109564LQBUENO,2025-09-16,123345,1,40,0,191.0
10109564LQBUENO_2025-09-16_G34,10109564LQBUENO,2025-09-16,123344,1,3,0,132.0
10109564LQBUENO_2025-09-16_G35,10109564LQBUENO,2025-09-16,123562,2,8,20,438.0
10109564LQBUENO_2025-09-16_G36,10109564LQBUENO,2025-09-16,124476,1,28,0,1582.0
10109564LQBUENO_2025-09-16_G37,10109564LQBUENO,2025-09-16,124476,1,10,0,92.0
10109564LQBUENO_2025-09-16_G38,10109564LQBUENO,2025-09-16,121760,1,24,0,242.0
10109564LQBUENO_2025-09-16_G39,10109564LQBUENO,2025-09-16,122703,1,12,0,565.0
10109564LQBUENO_2025-09-16_G40,10109564LQBUENO,2025-09-16,123344,1,24,0,751.0
10109564LQBUENO_2025-09-16_G41,10109564LQBUENO,2025-09-16,121651,1,40,0,405.0
10109564LQBUENO_2025-09-17_G02,10109564LQBUENO,2025-09-17,124370,1,6,0,54.0
10109564LQBUENO_2025-09-17_G03,10109564LQBUENO,2025-09-17,124371,1,7,0,134.0
10109564LQBUENO_2025-09-17_G04,10109564LQBUENO,2025-09-17,124476,1,10,0,78.0
10109564LQBUENO_2025-09-17_G05,10109564LQBUENO,2025-09-17,124486,1,10,0,216.0
10109564LQBUENO_2025-09-17_G06,10109564LQBUENO,2025-09-17,122962,1,24,0,138.0
10109564LQBUENO_2025-09-17_G07,10109564LQBUENO,2025-09-17,122984,1,4,0,164.0
10109564LQBUENO_2025-09-17_G08,10109564LQBUENO,2025-09-17,123344,1,11,0,383.0
10109564LQBUENO_2025-09-17_G09,10109564LQBUENO,2025-09-17,123345,1,15,0,334.0
10109564LQBUENO_2025-09-17_G10,10109564LQBUENO,2025-09-17,124594,1,10,0,1155.0
10109564LQBUENO_2025-09-17_G11,10109564LQBUENO,2025-09-17,"124247, 124476",2,6,22,950.0
10109564LQBUENO_2025-09-17_G12,10109564LQBUENO,2025-09-17,123344,1,6,0,195.0
10109564LQBUENO_2025-09-17_G13,10109564LQBUENO,2025-09-17,120028,1,25,0,290.0
10109564LQBUENO_2025-09-17_G14,10109564LQBUENO,2025-09-17,120389,1,16,0,680.0
10109564LQBUENO_2025-09-17_G15,10109564LQBUENO,2025-09-17,122962,1,10,0,371.0
10109564LQBUENO_2025-09-17_G16,10109564LQBUENO,2025-09-17,123343,1,6,0,656.0
10109564LQBUENO_2025-09-17_G17,10109564LQBUENO,2025-09-17,"123909, 123345",3,6,29,52.0
10109564LQBUENO_2025-09-17_G18,10109564LQBUENO,2025-09-17,120271,1,10,0,807.0
10109564LQBUENO_2025-09-17_G19,10109564LQBUENO,2025-09-17,124248,1,12,0,172.0
10109564LQBUENO_2025-09-17_G20,10109564LQBUENO,2025-09-17,122984,1,16,0,489.0
10109564LQBUENO_2025-09-17_G21,10109564LQBUENO,2025-09-17,181057,1,10,0,366.0
10109564LQBUENO_2025-09-17_G22,10109564LQBUENO,2025-09-17,122189,1,2,0,136.0
10109564LQBUENO_2025-09-17_G23,10109564LQBUENO,2025-09-17,122981,2,3,10,44.0
10109564LQBUENO_2025-09-17_G24,10109564LQBUENO,2025-09-17,120272,2,21,6,288.0
10109564LQBUENO_2025-09-17_G25,10109564LQBUENO,2025-09-17,181235,1,2,0,963.0
10109564LQBUENO_2025-09-17_G27,10109564LQBUENO,2025-09-17,124486,1,40,0,376.0
10109564LQBUENO_2025-09-17_G28,10109564LQBUENO,2025-09-17,122962,1,8,0,128.0
10109564LQBUENO_2025-09-17_G29,10109564LQBUENO,2025-09-17,"122673, 123345",2,10,15,459.0
10109564LQBUENO_2025-09-17_G30,10109564LQBUENO,2025-09-17,"123909, 124486",2,8,30,267.0
10109564LQBUENO_2025-09-17_G31,10109564LQBUENO,2025-09-17,124248,1,20,0,51.0
10109564LQBUENO_2025-09-17_G33,10109564LQBUENO,2025-09-17,123343,1,2,0,232.0
10109564LQBUENO_2025-09-17_G34,10109564LQBUENO,2025-09-17,122988,1,6,0,2086.0
10109564LQBUENO_2025-09-17_G35,10109564LQBUENO,2025-09-17,122185,1,8,0,42.0
10109564LQBUENO_2025-09-17_G36,10109564LQBUENO,2025-09-17,122962,1,40,0,285.0
10109564LQBUENO_2025-09-17_G37,10109564LQBUENO,2025-09-17,122984,1,4,0,307.0
10109564LQBUENO_2025-09-17_G38,10109564LQBUENO,2025-09-17,122984,1,8,0,214.0
10109564LQBUENO_2025-09-17_G39,10109564LQBUENO,2025-09-17,120028,1,80,0,262.0
10109564LQBUENO_2025-09-17_G40,10109564LQBUENO,2025-09-17,124486,1,20,0,598.0
10109564LQBUENO_2025-09-17_G41,10109564LQBUENO,2025-09-17,122962,1,21,0,112.0
10109564LQBUENO_2025-09-18_G02,10109564LQBUENO,2025-09-18,123909,1,2,0,195.0
10109564LQBUENO_2025-09-18_G03,10109564LQBUENO,2025-09-18,124370,1,6,0,200.0
10109564LQBUENO_2025-09-18_G04,10109564LQBUENO,2025-09-18,"124370, 122962",2,23,6,119.0
10109564LQBUENO_2025-09-18_G05,10109564LQBUENO,2025-09-18,"124486, 122984",4,94,28,51.0
10109564LQBUENO_2025-09-18_G06,10109564LQBUENO,2025-09-18,124371,1,6,0,2163.0
10109564LQBUENO_2025-09-18_G07,10109564LQBUENO,2025-09-18,124370,1,8,0,844.0
10109564LQBUENO_2025-09-18_G08,10109564LQBUENO,2025-09-18,180054,1,2,0,2197.0
10109564LQBUENO_2025-09-18_G09,10109564LQBUENO,2025-09-18,120272,1,16,0,683.0
10109564LQBUENO_2025-09-18_G10,10109564LQBUENO,2025-09-18,122189,1,4,0,368.0
10109564LQBUENO_2025-09-18_G11,10109564LQBUENO,2025-09-18,124475,1,6,0,80.0
10109564LQBUENO_2025-09-18_G12,10109564LQBUENO,2025-09-18,124247,1,2,0,420.0
10109564LQBUENO_2025-09-18_G13,10109564LQBUENO,2025-09-18,120008,1,2,0,34.0
10109564LQBUENO_2025-09-18_G14,10109564LQBUENO,2025-09-18,120272,1,3,0,1122.0
10109564LQBUENO_2025-09-18_G15,10109564LQBUENO,2025-09-18,123561,1,1,0,130.0
10109564LQBUENO_2025-09-18_G17,10109564LQBUENO,2025-09-18,122981,1,10,0,153.0
10109564LQBUENO_2025-09-18_G18,10109564LQBUENO,2025-09-18,"122981, 122983, 120271",3,20,27,92.0
10109564LQBUENO_2025-09-18_G19,10109564LQBUENO,2025-09-18,124624,3,25,38,41.0
10109564LQBUENO_2025-09-18_G20,10109564LQBUENO,2025-09-18,"124475, 124247",2,10,9,244.0
10109564LQBUENO_2025-09-18_G21,10109564LQBUENO,2025-09-18,"123345, 123313",3,26,29,73.0
10109564LQBUENO_2025-09-18_G22,10109564LQBUENO,2025-09-18,123343,1,4,0,82.0
10109564LQBUENO_2025-09-18_G23,10109564LQBUENO,2025-09-18,123345,6,64,36,687.0
10109564LQBUENO_2025-09-18_G24,10109564LQBUENO,2025-09-18,123521,1,8,0,1846.0
10109564LQBUENO_2025-09-18_G25,10109564LQBUENO,2025-09-18,124486,1,40,0,38.0
10109564LQBUENO_2025-09-18_G26,10109564LQBUENO,2025-09-18,"123909, 120389",2,10,24,2249.0
10109564LQBUENO_2025-09-18_G27,10109564LQBUENO,2025-09-18,124486,1,2,0,93.0
10109564LQBUENO_2025-09-18_G28,10109564LQBUENO,2025-09-18,124247,1,6,0,110.0
10109564LQBUENO_2025-09-18_G29,10109564LQBUENO,2025-09-18,123343,1,4,0,88.0
10109564LQBUENO_2025-09-18_G30,10109564LQBUENO,2025-09-18,122185,1,24,0,199.0
10109564LQBUENO_2025-09-19_G02,10109564LQBUENO,2025-09-19,181056,1,2,0,75.0
10109564LQBUENO_2025-09-19_G03,10109564LQBUENO,2025-09-19,181057,1,1,0,210.0
10109564LQBUENO_2025-09-19_G04,10109564LQBUENO,2025-09-19,181235,1,2,0,223.0
10109564LQBUENO_2025-09-19_G05,10109564LQBUENO,2025-09-19,181056,1,2,0,32.0
10109564LQBUENO_2025-09-19_G06,10109564LQBUENO,2025-09-19,122647,1,40,0,649.0
10109564LQBUENO_2025-09-19_G07,10109564LQBUENO,2025-09-19,122982,1,8,0,253.0
10109564LQBUENO_2025-09-19_G08,10109564LQBUENO,2025-09-19,124475,1,6,0,2466.0
10109564LQBUENO_2025-09-19_G09,10109564LQBUENO,2025-09-19,"122988, 181235",2,26,23,366.0
10109564LQBUENO_2025-09-19_G10,10109564LQBUENO,2025-09-19,120028,1,30,0,108.0
10109564LQBUENO_2025-09-19_G11,10109564LQBUENO,2025-09-19,122962,1,24,0,317.0
10109564LQBUENO_2025-09-19_G12,10109564LQBUENO,2025-09-19,124486,1,8,0,162.0
10109564LQBUENO_2025-09-19_G13,10109564LQBUENO,2025-09-19,123081,1,20,0,2756.0
10109564LQBUENO_2025-09-19_G14,10109564LQBUENO,2025-09-19,124433,1,30,0,289.0
10109564LQBUENO_2025-09-19_G15,10109564LQBUENO,2025-09-19,"120028, 122962",2,30,21,522.0
10109564LQBUENO_2025-09-19_G16,10109564LQBUENO,2025-09-19,120028,1,12,0,161.0
10109564LQBUENO_2025-09-19_G17,10109564LQBUENO,2025-09-19,121923,1,10,0,213.0
10109564LQBUENO_2025-09-19_G18,10109564LQBUENO,2025-09-19,122673,1,10,0,501.0
10109564LQBUENO_2025-09-19_G19,10109564LQBUENO,2025-09-19,122647,1,14,0,122.0
10109564LQBUENO_2025-09-19_G20,10109564LQBUENO,2025-09-19,120389,1,18,0,463.0
10109564LQBUENO_2025-09-19_G21,10109564LQBUENO,2025-09-19,120028,1,22,0,127.0
10109564LQBUENO_2025-09-19_G22,10109564LQBUENO,2025-09-19,123153,1,8,0,248.0
10109564LQBUENO_2025-09-19_G23,10109564LQBUENO,2025-09-19,124247,1,12,0,430.0
10109564LQBUENO_2025-09-19_G24,10109564LQBUENO,2025-09-19,122185,1,4,0,1613.0
10109564LQBUENO_2025-09-19_G25,10109564LQBUENO,2025-09-19,124370,1,10,0,95.0
10109564LQBUENO_2025-09-19_G26,10109564LQBUENO,2025-09-19,120339,1,4,0,352.0
10109564LQBUENO_2025-09-19_G27,10109564LQBUENO,2025-09-19,"124624, 123345",2,18,18,112.0
10109564LQBUENO_2025-09-19_G28,10109564LQBUENO,2025-09-19,123345,1,6,0,270.0
10109564LQBUENO_2025-09-19_G29,10109564LQBUENO,2025-09-19,123909,1,22,0,595.0
10109564LQBUENO_2025-09-19_G30,10109564LQBUENO,2025-09-19,122673,1,16,0,402.0
10109564LQBUENO_2025-09-19_G31,10109564LQBUENO,2025-09-19,122984,1,13,0,229.0
10109564LQBUENO_2025-09-19_G33,10109564LQBUENO,2025-09-19,124475,1,4,0,342.0
10109564LQBUENO_2025-09-20_G02,10109564LQBUENO,2025-09-20,124248,1,4,0,351.0
10109564LQBUENO_2025-09-20_G03,10109564LQBUENO,2025-09-20,124247,1,4,0,57.0
10109564LQBUENO_2025-09-20_G04,10109564LQBUENO,2025-09-20,122647,1,52,0,590.0
10109564LQBUENO_2025-09-20_G05,10109564LQBUENO,2025-09-20,124475,1,2,0,508.0
10109564LQBUENO_2025-09-20_G06,10109564LQBUENO,2025-09-20,122982,1,8,0,286.0
10109564LQBUENO_2025-09-20_G07,10109564LQBUENO,2025-09-20,124486,1,270,0,1964.0
10109564LQBUENO_2025-09-20_G08,10109564LQBUENO,2025-09-20,122983,1,61,0,1550.0
10109564LQBUENO_2025-09-20_G09,10109564LQBUENO,2025-09-20,123153,1,10,0,3096.0
10109564LQBUENO_2025-09-20_G10,10109564LQBUENO,2025-09-20,124370,1,5,0,113.0
10109564LQBUENO_2025-09-20_G11,10109564LQBUENO,2025-09-20,123521,1,6,0,193.0
10109564LQBUENO_2025-09-20_G12,10109564LQBUENO,2025-09-20,121651,1,15,0,116.0
10109564LQBUENO_2025-09-20_G13,10109564LQBUENO,2025-09-20,124486,1,1,0,109.0
10109564LQBUENO_2025-09-20_G14,10109564LQBUENO,2025-09-20,123344,1,4,0,588.0
10109564LQBUENO_2025-09-20_G15,10109564LQBUENO,2025-09-20,181056,1,2,0,37.0
10109564LQBUENO_2025-09-20_G16,10109564LQBUENO,2025-09-20,181235,1,1,0,183.0
10109564LQBUENO_2025-09-20_G17,10109564LQBUENO,2025-09-20,"181235, 122982",2,4,29,114.0
10109564LQBUENO_2025-09-20_G18,10109564LQBUENO,2025-09-20,122988,1,8,0,106.0
10109564LQBUENO_2025-09-20_G19,10109564LQBUENO,2025-09-20,122982,1,20,0,119.0
10109564LQBUENO_2025-09-20_G20,10109564LQBUENO,2025-09-20,122988,2,12,7,74.0
10109564LQBUENO_2025-09-20_G21,10109564LQBUENO,2025-09-20,122984,1,20,0,162.0
10109564LQBUENO_2025-09-20_G22,10109564LQBUENO,2025-09-20,124476,1,4,0,459.0
10109564LQBUENO_2025-09-20_G23,10109564LQBUENO,2025-09-20,124475,1,4,0,72.0
10109564LQBUENO_2025-09-20_G24,10109564LQBUENO,2025-09-20,180001,1,4,0,62.0
10109564LQBUENO_2025-09-20_G25,10109564LQBUENO,2025-09-20,122647,1,8,0,97.0
10109564LQBUENO_2025-09-20_G26,10109564LQBUENO,2025-09-20,181235,2,4,5,44.0
10109564LQBUENO_2025-09-20_G27,10109564LQBUENO,2025-09-20,"122988, 124475",2,18,0,266.0
10109564LQBUENO_2025-09-20_G28,10109564LQBUENO,2025-09-20,122988,1,6,0,348.0
10109564LQBUENO_2025-09-20_G29,10109564LQBUENO,2025-09-20,123345,1,6,0,1584.0
10109564LQBUENO_2025-09-20_G30,10109564LQBUENO,2025-09-20,124370,2,14,20,292.0
10109564LQBUENO_2025-09-20_G31,10109564LQBUENO,2025-09-20,124475,1,20,0,386.0
10109564LQBUENO_2025-09-20_G33,10109564LQBUENO,2025-09-20,122962,1,26,0,545.0
10109564LQBUENO_2025-09-20_G34,10109564LQBUENO,2025-09-20,124548,1,1,0,102.0
10109564LQBUENO_2025-09-20_G35,10109564LQBUENO,2025-09-20,122986,1,1,0,71.0
10109564LQBUENO_2025-09-20_G36,10109564LQBUENO,2025-09-20,124475,1,16,0,811.0
10109564LQBUENO_2025-09-20_G37,10109564LQBUENO,2025-09-20,124475,1,2,0,183.0
10109564LQBUENO_2025-09-20_G38,10109564LQBUENO,2025-09-20,124475,1,8,0,813.0
10109564LQBUENO_2025-09-20_G39,10109564LQBUENO,2025-09-20,120271,1,4,0,424.0
10109564LQBUENO_2025-09-20_G40,10109564LQBUENO,2025-09-20,124475,1,8,0,65.0
10109564LQBUENO_2025-09-20_G41,10109564LQBUENO,2025-09-20,181057,1,2,0,372.0
10109564LQBUENO_2025-09-20_G42,10109564LQBUENO,2025-09-20,122983,1,8,0,132.0
10109564LQBUENO_2025-09-22_G02,10109564LQBUENO,2025-09-22,123343,1,3,0,109.0
10109564LQBUENO_2025-09-22_G03,10109564LQBUENO,2025-09-22,120339,1,4,0,233.0
10109564LQBUENO_2025-09-22_G04,10109564LQBUENO,2025-09-22,124475,1,8,0,922.0
10109564LQBUENO_2025-09-22_G05,10109564LQBUENO,2025-09-22,124475,1,6,0,122.0
10109564LQBUENO_2025-09-22_G06,10109564LQBUENO,2025-09-22,124247,1,2,0,185.0
10109564LQBUENO_2025-09-22_G07,10109564LQBUENO,2025-09-22,122983,1,4,0,261.0
10109564LQBUENO_2025-09-22_G08,10109564LQBUENO,2025-09-22,124475,1,1,0,102.0
10109564LQBUENO_2025-09-22_G09,10109564LQBUENO,2025-09-22,123345,1,8,0,494.0
10109564LQBUENO_2025-09-22_G10,10109564LQBUENO,2025-09-22,122673,1,14,0,240.0
10109564LQBUENO_2025-09-22_G11,10109564LQBUENO,2025-09-22,122962,1,12,0,253.0
10109564LQBUENO_2025-09-22_G12,10109564LQBUENO,2025-09-22,124486,1,1,0,262.0
10109564LQBUENO_2025-09-22_G13,10109564LQBUENO,2025-09-22,"122962, 122647",2,38,23,870.0
10109564LQBUENO_2025-09-22_G14,10109564LQBUENO,2025-09-22,123153,1,80,0,2872.0
10109564LQBUENO_2025-09-22_G15,10109564LQBUENO,2025-09-22,123153,2,22,19,761.0
10109564LQBUENO_2025-09-22_G16,10109564LQBUENO,2025-09-22,123889,1,10,0,1033.0
10109564LQBUENO_2025-09-22_G17,10109564LQBUENO,2025-09-22,124264,1,56,0,1029.0
10109564LQBUENO_2025-09-22_G18,10109564LQBUENO,2025-09-22,"123153, 124486",2,124,20,1982.0
10109564LQBUENO_2025-09-23_G02,10109564LQBUENO,2025-09-23,120995,2,4,11,2229.0
10109564LQBUENO_2025-09-23_G03,10109564LQBUENO,2025-09-23,180554,1,1,0,1110.0
10109564LQBUENO_2025-09-23_G04,10109564LQBUENO,2025-09-23,180554,2,5,21,1136.0
10109564LQBUENO_2025-09-23_G05,10109564LQBUENO,2025-09-23,180554,2,2,23,36.0
10109564LQBUENO_2025-09-23_G06,10109564LQBUENO,2025-09-23,122962,1,40,0,898.0
10109564LQBUENO_2025-09-23_G07,10109564LQBUENO,2025-09-23,124486,1,2,0,196.0
10109564LQBUENO_2025-09-23_G08,10109564LQBUENO,2025-09-23,181887,1,19,0,310.0
10109564LQBUENO_2025-09-23_G09,10109564LQBUENO,2025-09-23,122671,1,8,0,165.0
10109564LQBUENO_2025-09-23_G10,10109564LQBUENO,2025-09-23,124476,1,6,0,258.0
10109564LQBUENO_2025-09-23_G11,10109564LQBUENO,2025-09-23,122673,1,4,0,1210.0
10109564LQBUENO_2025-09-23_G12,10109564LQBUENO,2025-09-23,122962,1,8,0,661.0
10109564LQBUENO_2025-09-23_G13,10109564LQBUENO,2025-09-23,"122647, 124486",2,6,7,141.0
10109564LQBUENO_2025-09-23_G14,10109564LQBUENO,2025-09-23,122983,1,14,0,215.0
10109564LQBUENO_2025-09-23_G15,10109564LQBUENO,2025-09-23,122647,1,60,0,691.0
10109564LQBUENO_2025-09-23_G16,10109564LQBUENO,2025-09-23,122962,1,40,0,482.0
10109564LQBUENO_2025-09-23_G17,10109564LQBUENO,2025-09-23,124247,1,77,0,1198.0
10109564LQBUENO_2025-09-23_G18,10109564LQBUENO,2025-09-23,123492,1,57,0,314.0
10109564LQBUENO_2025-09-23_G19,10109564LQBUENO,2025-09-23,124433,1,6,0,2404.0
10109564LQBUENO_2025-09-23_G20,10109564LQBUENO,2025-09-23,123344,1,6,0,348.0
10109564LQBUENO_2025-09-23_G21,10109564LQBUENO,2025-09-23,123345,1,10,0,118.0
10109564LQBUENO_2025-09-24_G02,10109564LQBUENO,2025-09-24,122671,1,1,0,44.0
10109564LQBUENO_2025-09-24_G03,10109564LQBUENO,2025-09-24,"122981, 122962",2,21,10,73.0
10109564LQBUENO_2025-09-24_G04,10109564LQBUENO,2025-09-24,124548,1,27,0,528.0
10109564LQBUENO_2025-09-24_G05,10109564LQBUENO,2025-09-24,123560,1,31,0,230.0
10109564LQBUENO_2025-09-24_G06,10109564LQBUENO,2025-09-24,122189,1,8,0,123.0
10109564LQBUENO_2025-09-24_G07,10109564LQBUENO,2025-09-24,124371,1,31,0,455.0
10109564LQBUENO_2025-09-24_G08,10109564LQBUENO,2025-09-24,122185,1,20,0,245.0
10109564LQBUENO_2025-09-24_G09,10109564LQBUENO,2025-09-24,124370,1,100,0,623.0
10109564LQBUENO_2025-09-24_G10,10109564LQBUENO,2025-09-24,123313,1,1,0,320.0
10109564LQBUENO_2025-09-24_G11,10109564LQBUENO,2025-09-24,122984,1,100,0,2218.0
10109564LQBUENO_2025-09-24_G12,10109564LQBUENO,2025-09-24,122962,1,4,0,1994.0
10109564LQBUENO_2025-09-24_G13,10109564LQBUENO,2025-09-24,124475,1,20,0,208.0
10109564LQBUENO_2025-09-24_G14,10109564LQBUENO,2025-09-24,121651,1,4,0,230.0
10109564LQBUENO_2025-09-24_G15,10109564LQBUENO,2025-09-24,124486,1,6,0,337.0
10109564LQBUENO_2025-09-24_G16,10109564LQBUENO,2025-09-24,122981,1,12,0,2379.0
10109564LQBUENO_2025-09-24_G17,10109564LQBUENO,2025-09-24,124370,1,300,0,3569.0
10109564LQBUENO_2025-09-24_G19,10109564LQBUENO,2025-09-24,"122673, 122647, 123345",4,68,58,37.0
10109564LQBUENO_2025-09-24_G20,10109564LQBUENO,2025-09-24,124476,1,8,0,79.0
10109564LQBUENO_2025-09-24_G21,10109564LQBUENO,2025-09-24,121760,1,6,0,180.0
10109564LQBUENO_2025-09-24_G22,10109564LQBUENO,2025-09-24,124247,1,8,0,93.0
10109564LQBUENO_2025-09-24_G23,10109564LQBUENO,2025-09-24,"124371, 124486",2,10,10,892.0
10109564LQBUENO_2025-09-24_G24,10109564LQBUENO,2025-09-24,123343,1,7,0,59.0
10109564LQBUENO_2025-09-24_G25,10109564LQBUENO,2025-09-24,124475,1,6,0,83.0
10109564LQBUENO_2025-09-24_G26,10109564LQBUENO,2025-09-24,124477,1,8,0,385.0
10109564LQBUENO_2025-09-25_G02,10109564LQBUENO,2025-09-25,122962,1,20,0,828.0
10109564LQBUENO_2025-09-25_G03,10109564LQBUENO,2025-09-25,122984,1,4,0,304.0
10109564LQBUENO_2025-09-25_G04,10109564LQBUENO,2025-09-25,124371,1,24,0,305.0
10109564LQBUENO_2025-09-25_G05,10109564LQBUENO,2025-09-25,122185,1,22,0,357.0
10109564LQBUENO_2025-09-25_G06,10109564LQBUENO,2025-09-25,123345,1,22,0,86.0
10109564LQBUENO_2025-09-25_G07,10109564LQBUENO,2025-09-25,120271,1,1,0,253.0
10109564LQBUENO_2025-09-25_G08,10109564LQBUENO,2025-09-25,123947,1,49,0,3007.0
10109564LQBUENO_2025-09-25_G09,10109564LQBUENO,2025-09-25,124264,1,220,0,2442.0
10109564LQBUENO_2025-09-25_G10,10109564LQBUENO,2025-09-25,120312,1,135,0,2296.0
10109564LQBUENO_2025-09-25_G12,10109564LQBUENO,2025-09-25,123343,1,40,0,1954.0
10109564LQBUENO_2025-09-25_G13,10109564LQBUENO,2025-09-25,124248,1,10,0,1648.0
10109564LQBUENO_2025-09-25_G14,10109564LQBUENO,2025-09-25,124548,1,60,0,1340.0
10109564LQBUENO_2025-09-25_G15,10109564LQBUENO,2025-09-25,124548,1,72,0,830.0
10109564LQBUENO_2025-09-25_G16,10109564LQBUENO,2025-09-25,120389,1,28,0,737.0
10109564LQBUENO_2025-09-25_G17,10109564LQBUENO,2025-09-25,123345,1,6,0,191.0
10109564LQBUENO_2025-09-25_G18,10109564LQBUENO,2025-09-25,122984,1,16,0,144.0
10109564LQBUENO_2025-09-26_G02,10109564LQBUENO,2025-09-26,120321,1,8,0,152.0
10109564LQBUENO_2025-09-26_G03,10109564LQBUENO,2025-09-26,123153,1,58,0,189.0
10109564LQBUENO_2025-09-26_G04,10109564LQBUENO,2025-09-26,121760,1,12,0,345.0
10109564LQBUENO_2025-09-26_G05,10109564LQBUENO,2025-09-26,124248,1,2,0,37.0
10109564LQBUENO_2025-09-26_G06,10109564LQBUENO,2025-09-26,124371,1,12,0,92.0
10109564LQBUENO_2025-09-26_G07,10109564LQBUENO,2025-09-26,123344,1,12,0,42.0
10109564LQBUENO_2025-09-26_G08,10109564LQBUENO,2025-09-26,122189,1,40,0,1320.0
10109564LQBUENO_2025-09-26_G09,10109564LQBUENO,2025-09-26,122185,1,8,0,164.0
10109564LQBUENO_2025-09-26_G10,10109564LQBUENO,2025-09-26,122962,1,24,0,145.0
10109564LQBUENO_2025-09-26_G11,10109564LQBUENO,2025-09-26,124486,1,50,0,181.0
10109564LQBUENO_2025-09-26_G13,10109564LQBUENO,2025-09-26,120028,1,5,0,324.0
10109564LQBUENO_2025-09-26_G14,10109564LQBUENO,2025-09-26,122981,1,12,0,148.0
10109564LQBUENO_2025-09-26_G15,10109564LQBUENO,2025-09-26,122195,1,8,0,649.0
10109564LQBUENO_2025-09-26_G16,10109564LQBUENO,2025-09-26,124486,1,4,0,522.0
10109564LQBUENO_2025-09-26_G17,10109564LQBUENO,2025-09-26,122673,1,4,0,314.0
10109564LQBUENO_2025-09-26_G18,10109564LQBUENO,2025-09-26,124247,1,2,0,39.0
10109564LQBUENO_2025-09-26_G19,10109564LQBUENO,2025-09-26,122673,1,6,0,96.0
10109564LQBUENO_2025-09-26_G20,10109564LQBUENO,2025-09-26,122962,1,16,0,86.0
10109564LQBUENO_2025-09-26_G21,10109564LQBUENO,2025-09-26,123345,1,12,0,390.0
10109564LQBUENO_2025-09-26_G22,10109564LQBUENO,2025-09-26,122673,1,4,0,48.0
10109564LQBUENO_2025-09-26_G23,10109564LQBUENO,2025-09-26,123909,1,10,0,85.0
10109564LQBUENO_2025-09-26_G24,10109564LQBUENO,2025-09-26,121760,1,8,0,532.0
10109564LQBUENO_2025-09-26_G25,10109564LQBUENO,2025-09-26,124248,1,10,0,60.0
10109564LQBUENO_2025-09-26_G26,10109564LQBUENO,2025-09-26,122982,1,10,0,103.0
10109564LQBUENO_2025-09-26_G27,10109564LQBUENO,2025-09-26,121651,1,8,0,39.0
10109564LQBUENO_2025-09-26_G28,10109564LQBUENO,2025-09-26,122984,1,4,0,141.0
10109564LQBUENO_2025-09-26_G29,10109564LQBUENO,2025-09-26,124371,1,24,0,283.0
10109564LQBUENO_2025-09-26_G30,10109564LQBUENO,2025-09-26,122185,1,10,0,193.0
10109564LQBUENO_2025-09-26_G31,10109564LQBUENO,2025-09-26,"122986, 120028",2,10,26,69.0
10109564LQBUENO_2025-09-26_G32,10109564LQBUENO,2025-09-26,181887,1,9,0,278.0
10109564LQBUENO_2025-09-26_G33,10109564LQBUENO,2025-09-26,124476,1,4,0,105.0
10109564LQBUENO_2025-09-26_G34,10109564LQBUENO,2025-09-26,123345,1,7,0,60.0
10109564LQBUENO_2025-09-26_G35,10109564LQBUENO,2025-09-26,122647,1,10,0,340.0
10109564LQBUENO_2025-09-26_G36,10109564LQBUENO,2025-09-26,122673,1,12,0,2279.0
10109564LQBUENO_2025-09-26_G37,10109564LQBUENO,2025-09-26,123345,1,4,0,68.0
10109564LQBUENO_2025-09-26_G39,10109564LQBUENO,2025-09-26,124486,1,9,0,435.0
10109564LQBUENO_2025-09-26_G40,10109564LQBUENO,2025-09-26,120028,1,100,0,1259.0
10109564LQBUENO_2025-09-26_G41,10109564LQBUENO,2025-09-26,122962,1,200,0,1271.0
10109564LQBUENO_2025-09-27_G02,10109564LQBUENO,2025-09-27,122962,1,80,0,1794.0
10109564LQBUENO_2025-09-27_G03,10109564LQBUENO,2025-09-27,124486,1,100,0,1462.0
10109564LQBUENO_2025-09-27_G04,10109564LQBUENO,2025-09-27,120028,1,14,0,2070.0
10109564LQBUENO_2025-09-27_G05,10109564LQBUENO,2025-09-27,122962,1,14,0,267.0
10109564LQBUENO_2025-09-27_G06,10109564LQBUENO,2025-09-27,124433,1,20,0,420.0
10109564LQBUENO_2025-09-27_G07,10109564LQBUENO,2025-09-27,122673,1,3,0,683.0
10109564LQBUENO_2025-09-27_G08,10109564LQBUENO,2025-09-27,122673,1,44,0,556.0
10109564LQBUENO_2025-09-27_G09,10109564LQBUENO,2025-09-27,122671,1,3,0,75.0
10109564LQBUENO_2025-09-27_G10,10109564LQBUENO,2025-09-27,"123909, 122647",2,20,30,35.0
10109564LQBUENO_2025-09-27_G11,10109564LQBUENO,2025-09-27,124476,1,6,0,84.0
10109564LQBUENO_2025-09-27_G12,10109564LQBUENO,2025-09-27,123153,1,24,0,1006.0
10109564LQBUENO_2025-09-27_G13,10109564LQBUENO,2025-09-27,121760,1,27,0,188.0
10109564LQBUENO_2025-09-27_G14,10109564LQBUENO,2025-09-27,124475,1,54,0,998.0
10109564LQBUENO_2025-09-27_G15,10109564LQBUENO,2025-09-27,124486,1,6,0,267.0
10109564LQBUENO_2025-09-27_G16,10109564LQBUENO,2025-09-27,121651,1,4,0,330.0
10109564LQBUENO_2025-09-27_G17,10109564LQBUENO,2025-09-27,124371,1,6,0,86.0
10109564LQBUENO_2025-09-27_G18,10109564LQBUENO,2025-09-27,123889,1,4,0,500.0
10109564LQBUENO_2025-09-27_G19,10109564LQBUENO,2025-09-27,122962,1,30,0,153.0
10109564LQBUENO_2025-09-27_G20,10109564LQBUENO,2025-09-27,124370,1,36,0,57.0
10109564LQBUENO_2025-09-27_G21,10109564LQBUENO,2025-09-27,123343,1,10,0,138.0
10109564LQBUENO_2025-09-27_G22,10109564LQBUENO,2025-09-27,123345,1,22,0,433.0
10109564LQBUENO_2025-09-27_G23,10109564LQBUENO,2025-09-27,123344,1,10,0,142.0
10109564LQBUENO_2025-09-27_G24,10109564LQBUENO,2025-09-27,123345,1,6,0,364.0
10109564LQBUENO_2025-09-27_G25,10109564LQBUENO,2025-09-27,124475,2,6,12,67.0
10109564LQBUENO_2025-09-27_G26,10109564LQBUENO,2025-09-27,123344,1,6,0,191.0
10109564LQBUENO_2025-09-27_G27,10109564LQBUENO,2025-09-27,124477,1,8,0,156.0
10109564LQBUENO_2025-09-27_G28,10109564LQBUENO,2025-09-27,124370,2,8,15,430.0
10109564LQBUENO_2025-09-27_G29,10109564LQBUENO,2025-09-27,122673,3,28,24,259.0
10109564LQBUENO_2025-09-27_G32,10109564LQBUENO,2025-09-27,122185,1,80,0,129.0
10109564LQBUENO_2025-09-29_G02,10109564LQBUENO,2025-09-29,123562,1,6,0,206.0
10109564LQBUENO_2025-09-29_G03,10109564LQBUENO,2025-09-29,122962,1,110,0,1327.0
10109564LQBUENO_2025-09-29_G04,10109564LQBUENO,2025-09-29,121651,1,12,0,486.0
10109564LQBUENO_2025-09-29_G05,10109564LQBUENO,2025-09-29,123080,1,1,0,158.0
10109564LQBUENO_2025-09-29_G06,10109564LQBUENO,2025-09-29,124371,1,40,0,893.0
10109564LQBUENO_2025-09-29_G07,10109564LQBUENO,2025-09-29,122983,1,12,0,1142.0
10109564LQBUENO_2025-09-29_G08,10109564LQBUENO,2025-09-29,123345,1,20,0,608.0
10109564LQBUENO_2025-09-29_G09,10109564LQBUENO,2025-09-29,123344,1,20,0,92.0
10109564LQBUENO_2025-09-29_G10,10109564LQBUENO,2025-09-29,122981,1,1,0,707.0
10109564LQBUENO_2025-09-29_G11,10109564LQBUENO,2025-09-29,123345,1,2,0,59.0
10109564LQBUENO_2025-09-29_G12,10109564LQBUENO,2025-09-29,122983,1,17,0,548.0
10109564LQBUENO_2025-09-29_G13,10109564LQBUENO,2025-09-29,"123345, 123313",2,39,17,685.0
10109564LQBUENO_2025-09-29_G14,10109564LQBUENO,2025-09-29,123345,1,10,0,505.0
10109564LQBUENO_2025-09-29_G15,10109564LQBUENO,2025-09-29,124624,1,8,0,347.0
10109564LQBUENO_2025-09-29_G16,10109564LQBUENO,2025-09-29,120339,1,2,0,200.0
10109564LQBUENO_2025-09-29_G17,10109564LQBUENO,2025-09-29,124476,1,7,0,52.0
10109564LQBUENO_2025-09-29_G18,10109564LQBUENO,2025-09-29,123560,1,10,0,180.0
10109564LQBUENO_2025-09-29_G19,10109564LQBUENO,2025-09-29,122982,1,4,0,186.0
10109564LQBUENO_2025-09-29_G20,10109564LQBUENO,2025-09-29,121651,1,6,0,61.0
10109564LQBUENO_2025-09-29_G21,10109564LQBUENO,2025-09-29,123344,1,5,0,218.0
10109564LQBUENO_2025-09-29_G22,10109564LQBUENO,2025-09-29,122983,1,4,0,219.0
10109564LQBUENO_2025-09-29_G23,10109564LQBUENO,2025-09-29,122647,1,40,0,597.0
10109564LQBUENO_2025-09-29_G24,10109564LQBUENO,2025-09-29,124486,1,40,0,1361.0
10109564LQBUENO_2025-09-29_G25,10109564LQBUENO,2025-09-29,122962,1,80,0,374.0
10109564LQBUENO_2025-09-29_G26,10109564LQBUENO,2025-09-29,124248,1,12,0,181.0
10109564LQBUENO_2025-09-29_G27,10109564LQBUENO,2025-09-29,122962,1,17,0,506.0
10109564LQBUENO_2025-09-29_G28,10109564LQBUENO,2025-09-29,122984,1,12,0,84.0
10109564LQBUENO_2025-09-29_G29,10109564LQBUENO,2025-09-29,124486,1,10,0,267.0
10109564LQBUENO_2025-09-29_G30,10109564LQBUENO,2025-09-29,124370,1,8,0,140.0
10109564LQBUENO_2025-09-29_G31,10109564LQBUENO,2025-09-29,121651,1,13,0,222.0
10109564LQBUENO_2025-09-29_G32,10109564LQBUENO,2025-09-29,124371,1,8,0,125.0
10109564LQBUENO_2025-09-29_G33,10109564LQBUENO,2025-09-29,123343,1,15,0,947.0
10109564LQBUENO_2025-09-29_G34,10109564LQBUENO,2025-09-29,122981,1,4,0,177.0
10109564LQBUENO_2025-09-29_G35,10109564LQBUENO,2025-09-29,124247,1,9,0,58.0
10109564LQBUENO_2025-09-29_G36,10109564LQBUENO,2025-09-29,124475,1,9,0,55.0
10109564LQBUENO_2025-09-29_G37,10109564LQBUENO,2025-09-29,122962,1,24,0,282.0
10109564LQBUENO_2025-09-29_G38,10109564LQBUENO,2025-09-29,124486,1,15,0,250.0
10109564LQBUENO_2025-09-29_G39,10109564LQBUENO,2025-09-29,122986,1,4,0,158.0
10109564LQBUENO_2025-09-29_G40,10109564LQBUENO,2025-09-29,124371,1,12,0,187.0
10109564LQBUENO_2025-09-29_G41,10109564LQBUENO,2025-09-29,122983,1,12,0,282.0
10109564LQBUENO_2025-09-29_G43,10109564LQBUENO,2025-09-29,123909,1,14,0,196.0
10109564LQBUENO_2025-09-29_G44,10109564LQBUENO,2025-09-29,120339,1,4,0,148.0
10109564LQBUENO_2025-09-29_G45,10109564LQBUENO,2025-09-29,121760,1,12,0,152.0
10109564LQBUENO_2025-09-29_G46,10109564LQBUENO,2025-09-29,124247,1,4,0,170.0
10109564LQBUENO_2025-09-29_G47,10109564LQBUENO,2025-09-29,122984,1,6,0,198.0
10109564LQBUENO_2025-09-29_G48,10109564LQBUENO,2025-09-29,121651,1,4,0,46.0
10109564LQBUENO_2025-09-29_G49,10109564LQBUENO,2025-09-29,123345,1,15,0,226.0
10109564LQBUENO_2025-09-29_G50,10109564LQBUENO,2025-09-29,122671,1,7,0,225.0
10109564LQBUENO_2025-09-29_G51,10109564LQBUENO,2025-09-29,123909,1,10,0,112.0
10109564LQBUENO_2025-09-29_G52,10109564LQBUENO,2025-09-29,122981,1,6,0,99.0
10109564LQBUENO_2025-09-29_G53,10109564LQBUENO,2025-09-29,123521,1,3,0,125.0
10109564LQBUENO_2025-09-29_G54,10109564LQBUENO,2025-09-29,"123345, 123343",2,36,20,473.0
10109564LQBUENO_2025-09-29_G55,10109564LQBUENO,2025-09-29,121760,1,12,0,179.0
10109564LQBUENO_2025-09-29_G56,10109564LQBUENO,2025-09-29,122962,1,11,0,303.0
10109564LQBUENO_2025-09-29_G57,10109564LQBUENO,2025-09-29,121651,1,10,0,434.0
10109564LQBUENO_2025-09-29_G58,10109564LQBUENO,2025-09-29,122185,1,3,0,75.0
10109564LQBUENO_2025-09-29_G59,10109564LQBUENO,2025-09-29,124371,1,8,0,103.0
10109564LQBUENO_2025-09-29_G60,10109564LQBUENO,2025-09-29,122983,1,6,0,360.0
10109564LQBUENO_2025-09-29_G61,10109564LQBUENO,2025-09-29,123080,1,3,0,629.0
10109564LQBUENO_2025-09-29_G62,10109564LQBUENO,2025-09-29,124594,2,8,28,458.0
10109564LQBUENO_2025-09-29_G63,10109564LQBUENO,2025-09-29,124594,1,8,0,39.0
10109564LQBUENO_2025-09-29_G64,10109564LQBUENO,2025-09-29,123822,1,2,0,617.0
10109564LQBUENO_2025-09-29_G65,10109564LQBUENO,2025-09-29,124486,1,40,0,768.0
10109564LQBUENO_2025-09-30_G02,10109564LQBUENO,2025-09-30,"124248, 123081, 120272, 122981, 120028, 181887",7,81,96,3462.0
10109564LQBUENO_2025-09-30_G04,10109564LQBUENO,2025-09-30,123909,1,3,0,591.0
10109564LQBUENO_2025-09-30_G05,10109564LQBUENO,2025-09-30,"123521, 122984",2,17,25,215.0
10109564LQBUENO_2025-09-30_G06,10109564LQBUENO,2025-09-30,122703,1,13,0,254.0
10109564LQBUENO_2025-09-30_G07,10109564LQBUENO,2025-09-30,124486,1,9,0,254.0
10109564LQBUENO_2025-09-30_G08,10109564LQBUENO,2025-09-30,122983,1,4,0,173.0
10109564LQBUENO_2025-09-30_G09,10109564LQBUENO,2025-09-30,122671,1,4,0,89.0
10109564LQBUENO_2025-09-30_G10,10109564LQBUENO,2025-09-30,"124475, 122983",2,8,30,146.0
10109564LQBUENO_2025-09-30_G11,10109564LQBUENO,2025-09-30,122671,1,4,0,164.0
10109564LQBUENO_2025-09-30_G12,10109564LQBUENO,2025-09-30,120339,1,12,0,223.0
10109564LQBUENO_2025-09-30_G13,10109564LQBUENO,2025-09-30,124475,1,4,0,87.0
10109564LQBUENO_2025-09-30_G14,10109564LQBUENO,2025-09-30,122962,1,20,0,473.0
10109564LQBUENO_2025-09-30_G15,10109564LQBUENO,2025-09-30,122984,1,20,0,293.0
10109564LQBUENO_2025-09-30_G16,10109564LQBUENO,2025-09-30,122983,1,10,0,575.0
10109564LQBUENO_2025-09-30_G17,10109564LQBUENO,2025-09-30,124371,1,20,0,449.0
10109564LQBUENO_2025-09-30_G18,10109564LQBUENO,2025-09-30,122982,1,8,0,759.0
10109564LQBUENO_2025-09-30_G19,10109564LQBUENO,2025-09-30,122984,1,8,0,63.0
10109564LQBUENO_2025-09-30_G20,10109564LQBUENO,2025-09-30,120339,1,6,0,135.0
10109564LQBUENO_2025-09-30_G21,10109564LQBUENO,2025-09-30,122982,1,6,0,61.0
10109564LQBUENO_2025-09-30_G22,10109564LQBUENO,2025-09-30,123561,1,4,0,194.0
10109564LQBUENO_2025-09-30_G23,10109564LQBUENO,2025-09-30,123561,1,4,0,65.0
10109564LQBUENO_2025-09-30_G24,10109564LQBUENO,2025-09-30,120287,1,10,0,175.0
10109564LQBUENO_2025-09-30_G25,10109564LQBUENO,2025-09-30,124486,1,4,0,73.0
10109564LQBUENO_2025-09-30_G26,10109564LQBUENO,2025-09-30,123344,1,11,0,516.0
10109564LQBUENO_2025-09-30_G27,10109564LQBUENO,2025-09-30,122671,1,6,0,378.0
10109564LQBUENO_2025-09-30_G28,10109564LQBUENO,2025-09-30,"123909, 120339",2,16,22,45.0
10109564LQBUENO_2025-09-30_G29,10109564LQBUENO,2025-09-30,123561,1,2,0,215.0
10109564LQBUENO_2025-09-30_G31,10109564LQBUENO,2025-09-30,122962,1,20,0,36.0
10109564LQBUENO_2025-09-30_G32,10109564LQBUENO,2025-09-30,124475,1,8,0,94.0
10109564LQBUENO_2025-09-30_G33,10109564LQBUENO,2025-09-30,"123344, 121760",2,26,7,787.0
10109564LQBUENO_2025-09-30_G34,10109564LQBUENO,2025-09-30,123343,1,16,0,436.0
10109564LQBUENO_2025-09-30_G35,10109564LQBUENO,2025-09-30,124594,1,4,0,40.0
10109564LQBUENO_2025-09-30_G36,10109564LQBUENO,2025-09-30,122671,1,2,0,85.0
10109564LQBUENO_2025-09-30_G37,10109564LQBUENO,2025-09-30,123909,1,12,0,38.0
10109564LQBUENO_2025-09-30_G38,10109564LQBUENO,2025-09-30,124486,1,12,0,49.0
10109564LQBUENO_2025-09-30_G39,10109564LQBUENO,2025-09-30,123344,1,2,0,328.0
10109564LQBUENO_2025-09-30_G40,10109564LQBUENO,2025-09-30,123909,1,6,0,268.0
10109564LQBUENO_2025-09-30_G41,10109564LQBUENO,2025-09-30,120339,1,2,0,140.0
10109564LQBUENO_2025-09-30_G42,10109564LQBUENO,2025-09-30,121760,1,9,0,122.0
10109564LQBUENO_2025-09-30_G43,10109564LQBUENO,2025-09-30,123560,1,10,0,168.0
10109564LQBUENO_2025-09-30_G44,10109564LQBUENO,2025-09-30,122962,1,12,0,70.0
10109564LQBUENO_2025-09-30_G45,10109564LQBUENO,2025-09-30,124486,1,6,0,151.0
10109564LQBUENO_2025-09-30_G46,10109564LQBUENO,2025-09-30,123561,1,4,0,152.0
10109564LQBUENO_2025-09-30_G47,10109564LQBUENO,2025-09-30,124594,1,4,0,449.0
10109564LQBUENO_2025-09-30_G48,10109564LQBUENO,2025-09-30,123345,1,5,0,391.0
10109564LQBUENO_2025-09-30_G49,10109564LQBUENO,2025-09-30,114647,1,20,0,2440.0
10109564LQBUENO_2025-10-02_G02,10109564LQBUENO,2025-10-02,122984,1,11,0,1022.0
10109564LQBUENO_2025-10-02_G03,10109564LQBUENO,2025-10-02,122185,1,4,0,197.0
10109564LQBUENO_2025-10-02_G04,10109564LQBUENO,2025-10-02,124433,1,24,0,267.0
10109564LQBUENO_2025-10-02_G05,10109564LQBUENO,2025-10-02,124248,1,25,0,337.0
10109564LQBUENO_2025-10-02_G06,10109564LQBUENO,2025-10-02,122984,1,20,0,1081.0
10109564LQBUENO_2025-10-02_G07,10109564LQBUENO,2025-10-02,124248,1,5,0,43.0
10109564LQBUENO_2025-10-02_G09,10109564LQBUENO,2025-10-02,122962,1,32,0,309.0
10109564LQBUENO_2025-10-07_G02,10109564LQBUENO,2025-10-07,121760,1,60,0,692.0
10109564LQBUENO_2025-10-07_G03,10109564LQBUENO,2025-10-07,124248,1,20,0,950.0
10109564LQBUENO_2025-10-07_G04,10109564LQBUENO,2025-10-07,122986,1,60,0,660.0
10109564LQBUENO_2025-10-07_G05,10109564LQBUENO,2025-10-07,120028,1,100,0,2755.0
10109564LQBUENO_2025-10-07_G06,10109564LQBUENO,2025-10-07,122962,1,100,0,1068.0
10109564LQBUENO_2025-10-07_G07,10109564LQBUENO,2025-10-07,122647,1,100,0,2425.0
10109564LQBUENO_2025-10-08_G02,10109564LQBUENO,2025-10-08,122647,1,15,0,556.0
10109564LQBUENO_2025-10-08_G03,10109564LQBUENO,2025-10-08,124248,1,20,0,152.0
10109564LQBUENO_2025-10-08_G04,10109564LQBUENO,2025-10-08,124247,1,30,0,180.0
10109564LQBUENO_2025-10-08_G05,10109564LQBUENO,2025-10-08,122984,1,20,0,179.0
10109564LQBUENO_2025-10-08_G06,10109564LQBUENO,2025-10-08,122962,1,40,0,129.0
10109564LQBUENO_2025-10-08_G07,10109564LQBUENO,2025-10-08,124548,1,20,0,752.0
10109564LQBUENO_2025-10-08_G08,10109564LQBUENO,2025-10-08,123080,2,40,9,3107.0
10109564LQBUENO_2025-10-08_G09,10109564LQBUENO,2025-10-08,124548,1,24,0,390.0
10109564LQBUENO_2025-10-08_G10,10109564LQBUENO,2025-10-08,122185,1,50,0,926.0
10109564LQBUENO_2025-10-08_G11,10109564LQBUENO,2025-10-08,"122189, 120008, 122962",3,144,35,2846.0
10109564LQBUENO_2025-10-08_G12,10109564LQBUENO,2025-10-08,120272,1,16,0,3469.0
10109564LQBUENO_2025-10-08_G13,10109564LQBUENO,2025-10-08,122984,1,10,0,76.0
10109564LQBUENO_2025-10-08_G14,10109564LQBUENO,2025-10-08,124248,1,17,0,218.0
10109564LQBUENO_2025-10-08_G15,10109564LQBUENO,2025-10-08,122983,1,8,0,231.0
10109564LQBUENO_2025-10-08_G16,10109564LQBUENO,2025-10-08,122196,1,3,0,468.0
10109564LQBUENO_2025-10-08_G17,10109564LQBUENO,2025-10-08,120272,1,12,0,161.0
10109564LQBUENO_2025-10-08_G18,10109564LQBUENO,2025-10-08,120008,1,55,0,881.0
10109564LQBUENO_2025-10-08_G20,10109564LQBUENO,2025-10-08,123080,1,22,0,387.0
10109564LQBUENO_2025-10-08_G21,10109564LQBUENO,2025-10-08,124548,1,20,0,184.0
10109564LQBUENO_2025-10-08_G22,10109564LQBUENO,2025-10-08,"122962, 120028, 122671",3,20,25,1743.0
10109564LQBUENO_2025-10-08_G24,10109564LQBUENO,2025-10-08,120028,1,200,0,41.0
10109564LQBUENO_2025-10-09_G02,10109564LQBUENO,2025-10-09,122962,1,50,0,396.0
10109564LQBUENO_2025-10-09_G03,10109564LQBUENO,2025-10-09,"124486, 122986, 123909, 123345, 124247",8,58,97,3058.0
10109564LQBUENO_2025-10-09_G04,10109564LQBUENO,2025-10-09,"124624, 122962, 122647, 124486",5,44,47,33.0
10109564LQBUENO_2025-10-09_G05,10109564LQBUENO,2025-10-09,124486,1,8,0,32.0
10109564LQBUENO_2025-10-09_G06,10109564LQBUENO,2025-10-09,122647,1,6,0,194.0
10109564LQBUENO_2025-10-09_G07,10109564LQBUENO,2025-10-09,122673,1,20,0,478.0
10109564LQBUENO_2025-10-09_G08,10109564LQBUENO,2025-10-09,"124476, 122647",2,22,14,299.0
10109564LQBUENO_2025-10-09_G09,10109564LQBUENO,2025-10-09,121760,1,14,0,586.0
10109564LQBUENO_2025-10-09_G10,10109564LQBUENO,2025-10-09,121651,1,6,0,42.0
10109564LQBUENO_2025-10-09_G11,10109564LQBUENO,2025-10-09,123313,1,8,0,37.0
10109564LQBUENO_2025-10-09_G12,10109564LQBUENO,2025-10-09,123344,1,18,0,83.0
10109564LQBUENO_2025-10-09_G13,10109564LQBUENO,2025-10-09,122189,1,114,0,1346.0
10109564LQBUENO_2025-10-09_G14,10109564LQBUENO,2025-10-09,122189,1,150,0,2849.0
10109564LQBUENO_2025-10-09_G15,10109564LQBUENO,2025-10-09,123909,1,10,0,924.0
10109564LQBUENO_2025-10-09_G16,10109564LQBUENO,2025-10-09,"123343, 123345",2,4,18,1656.0
10109564LQBUENO_2025-10-09_G17,10109564LQBUENO,2025-10-09,"122986, 124433, 120028, 123344",4,39,47,64.0
10109564LQBUENO_2025-10-09_G18,10109564LQBUENO,2025-10-09,"123153, 123345, 123343",3,38,32,1395.0
10109564LQBUENO_2025-10-09_G19,10109564LQBUENO,2025-10-09,123345,1,10,0,52.0
10109564LQBUENO_2025-10-09_G20,10109564LQBUENO,2025-10-09,122986,1,15,0,286.0
10109564LQBUENO_2025-10-09_G21,10109564LQBUENO,2025-10-09,122962,1,24,0,177.0
10109564LQBUENO_2025-10-10_G02,10109564LQBUENO,2025-10-10,124475,1,2,0,180.0
10109564LQBUENO_2025-10-10_G03,10109564LQBUENO,2025-10-10,121651,1,4,0,49.0
10109564LQBUENO_2025-10-10_G04,10109564LQBUENO,2025-10-10,124370,1,12,0,43.0
10109564LQBUENO_2025-10-10_G05,10109564LQBUENO,2025-10-10,122703,1,4,0,61.0
10109564LQBUENO_2025-10-10_G06,10109564LQBUENO,2025-10-10,124486,1,3,0,70.0
10109564LQBUENO_2025-10-10_G07,10109564LQBUENO,2025-10-10,122185,1,8,0,116.0
10109564LQBUENO_2025-10-10_G08,10109564LQBUENO,2025-10-10,124371,1,4,0,66.0
10109564LQBUENO_2025-10-10_G09,10109564LQBUENO,2025-10-10,124370,1,8,0,64.0
10109564LQBUENO_2025-10-10_G10,10109564LQBUENO,2025-10-10,181887,1,2,0,143.0
10109564LQBUENO_2025-10-10_G11,10109564LQBUENO,2025-10-10,123343,1,4,0,335.0
10109564LQBUENO_2025-10-10_G12,10109564LQBUENO,2025-10-10,124476,1,8,0,40.0
10109564LQBUENO_2025-10-10_G13,10109564LQBUENO,2025-10-10,124475,1,6,0,178.0
10109564LQBUENO_2025-10-10_G14,10109564LQBUENO,2025-10-10,121651,1,4,0,62.0
10109564LQBUENO_2025-10-10_G15,10109564LQBUENO,2025-10-10,"124370, 122703",2,16,26,74.0
10109564LQBUENO_2025-10-10_G16,10109564LQBUENO,2025-10-10,124486,1,6,0,132.0
10109564LQBUENO_2025-10-10_G17,10109564LQBUENO,2025-10-10,122962,1,12,0,87.0
10109564LQBUENO_2025-10-10_G18,10109564LQBUENO,2025-10-10,124370,1,9,0,212.0
10109564LQBUENO_2025-10-10_G19,10109564LQBUENO,2025-10-10,"122671, 121760",2,4,17,283.0
10109564LQBUENO_2025-10-10_G20,10109564LQBUENO,2025-10-10,"124370, 122984",2,24,23,39.0
10109564LQBUENO_2025-10-10_G21,10109564LQBUENO,2025-10-10,124486,1,4,0,666.0
10109564LQBUENO_2025-10-10_G22,10109564LQBUENO,2025-10-10,122962,1,4,0,75.0
10109564LQBUENO_2025-10-10_G23,10109564LQBUENO,2025-10-10,122185,1,8,0,246.0
10109564LQBUENO_2025-10-10_G24,10109564LQBUENO,2025-10-10,124548,1,8,0,67.0
10109564LQBUENO_2025-10-10_G25,10109564LQBUENO,2025-10-10,123344,2,8,30,35.0
10109564LQBUENO_2025-10-10_G26,10109564LQBUENO,2025-10-10,121651,1,3,0,39.0
10109564LQBUENO_2025-10-10_G27,10109564LQBUENO,2025-10-10,123345,1,4,0,42.0
10109564LQBUENO_2025-10-10_G28,10109564LQBUENO,2025-10-10,123343,1,3,0,67.0
10109564LQBUENO_2025-10-10_G29,10109564LQBUENO,2025-10-10,181887,1,2,0,59.0
10109564LQBUENO_2025-10-10_G30,10109564LQBUENO,2025-10-10,181887,1,2,0,115.0
10109564LQBUENO_2025-10-10_G31,10109564LQBUENO,2025-10-10,"123909, 124248, 124247, 124370, 122984, 122962, 122185, 124548",8,26,86,219.0
10109564LQBUENO_2025-10-10_G32,10109564LQBUENO,2025-10-10,"121760, 124248, 124475, 121651, 124370, 122647, 122984",7,31,111,406.0
10109564LQBUENO_2025-10-10_G33,10109564LQBUENO,2025-10-10,122986,1,2,0,352.0
10109564LQBUENO_2025-10-10_G34,10109564LQBUENO,2025-10-10,124548,1,4,0,46.0
10109564LQBUENO_2025-10-10_G35,10109564LQBUENO,2025-10-10,123345,1,2,0,37.0
10109564LQBUENO_2025-10-10_G36,10109564LQBUENO,2025-10-10,123345,1,4,0,34.0
10109564LQBUENO_2025-10-10_G37,10109564LQBUENO,2025-10-10,123153,1,30,0,387.0
10109564LQBUENO_2025-10-10_G38,10109564LQBUENO,2025-10-10,124476,1,4,0,554.0
10109564LQBUENO_2025-10-10_G39,10109564LQBUENO,2025-10-10,121651,1,5,0,57.0
10109564LQBUENO_2025-10-10_G40,10109564LQBUENO,2025-10-10,124370,1,12,0,33.0
10109564LQBUENO_2025-10-10_G41,10109564LQBUENO,2025-10-10,120389,1,8,0,119.0
10109564LQBUENO_2025-10-10_G42,10109564LQBUENO,2025-10-10,122703,1,8,0,70.0
10109564LQBUENO_2025-10-10_G43,10109564LQBUENO,2025-10-10,123562,1,9,0,607.0
10109564LQBUENO_2025-10-10_G44,10109564LQBUENO,2025-10-10,123562,1,3,0,93.0
10109564LQBUENO_2025-10-10_G45,10109564LQBUENO,2025-10-10,122671,1,4,0,1033.0
10109564LQBUENO_2025-10-10_G46,10109564LQBUENO,2025-10-10,"123909, 124486",2,24,19,75.0
10109564LQBUENO_2025-10-10_G47,10109564LQBUENO,2025-10-10,123909,1,4,0,70.0
10109564LQBUENO_2025-10-10_G48,10109564LQBUENO,2025-10-10,122962,1,24,0,1244.0
10109564LQBUENO_2025-10-10_G49,10109564LQBUENO,2025-10-10,122647,1,40,0,338.0
10109564LQBUENO_2025-10-10_G50,10109564LQBUENO,2025-10-10,122647,1,80,0,875.0
10109564LQBUENO_2025-10-10_G51,10109564LQBUENO,2025-10-10,120028,1,70,0,2241.0
10109564LQBUENO_2025-10-10_G52,10109564LQBUENO,2025-10-10,122962,1,24,0,35.0
10109564LQBUENO_2025-10-10_G53,10109564LQBUENO,2025-10-10,122647,1,20,0,51.0
10109564LQBUENO_2025-10-14_G02,10109564LQBUENO,2025-10-14,123311,1,4,0,1450.0
10109564LQBUENO_2025-10-14_G03,10109564LQBUENO,2025-10-14,123889,1,12,0,152.0
10109564LQBUENO_2025-10-14_G04,10109564LQBUENO,2025-10-14,123889,1,90,0,2702.0
10109564LQBUENO_2025-10-14_G05,10109564LQBUENO,2025-10-14,124475,1,80,0,86.0
10109564LQBUENO_2025-10-14_G06,10109564LQBUENO,2025-10-14,122673,1,6,0,1134.0
10109564LQBUENO_2025-10-14_G07,10109564LQBUENO,2025-10-14,124486,1,4,0,188.0
10109564LQBUENO_2025-10-14_G08,10109564LQBUENO,2025-10-14,122673,1,20,0,359.0
10109564LQBUENO_2025-10-14_G09,10109564LQBUENO,2025-10-14,124624,1,30,0,1020.0
10109564LQBUENO_2025-10-14_G10,10109564LQBUENO,2025-10-14,"123344, 123345, 122986",3,9,32,653.0
10109564LQBUENO_2025-10-15_G02,10109564LQBUENO,2025-10-15,122962,1,100,0,221.0
10109564LQBUENO_2025-10-15_G03,10109564LQBUENO,2025-10-15,124248,1,20,0,101.0
10109564LQBUENO_2025-10-15_G04,10109564LQBUENO,2025-10-15,122984,1,20,0,896.0
10109564LQBUENO_2025-10-15_G05,10109564LQBUENO,2025-10-15,120028,1,40,0,731.0
10109564LQBUENO_2025-10-15_G07,10109564LQBUENO,2025-10-15,122983,1,20,0,399.0
10109564LQBUENO_2025-10-15_G08,10109564LQBUENO,2025-10-15,120028,1,30,0,590.0
10109564LQBUENO_2025-10-15_G09,10109564LQBUENO,2025-10-15,122196,1,175,0,1341.0
10109564LQBUENO_2025-10-15_G10,10109564LQBUENO,2025-10-15,122962,1,20,0,1126.0
10109564LQBUENO_2025-10-15_G11,10109564LQBUENO,2025-10-15,124486,1,30,0,138.0
10109564LQBUENO_2025-10-15_G12,10109564LQBUENO,2025-10-15,120028,1,30,0,298.0
10109564LQBUENO_2025-10-15_G13,10109564LQBUENO,2025-10-15,124486,1,50,0,830.0
10109564LQBUENO_2025-10-15_G14,10109564LQBUENO,2025-10-15,124247,1,200,0,2153.0
10109564LQBUENO_2025-10-15_G15,10109564LQBUENO,2025-10-15,120287,1,5,0,422.0
10109564LQBUENO_2025-10-15_G16,10109564LQBUENO,2025-10-15,122962,1,16,0,44.0
10109564LQBUENO_2025-10-16_G02,10109564LQBUENO,2025-10-16,121651,1,30,0,258.0
10109564LQBUENO_2025-10-16_G03,10109564LQBUENO,2025-10-16,122962,1,40,0,479.0
10109564LQBUENO_2025-10-16_G04,10109564LQBUENO,2025-10-16,124486,1,100,0,873.0
10109564LQBUENO_2025-10-16_G05,10109564LQBUENO,2025-10-16,120339,1,20,0,271.0
10109564LQBUENO_2025-10-16_G06,10109564LQBUENO,2025-10-16,123909,1,10,0,289.0
10109564LQBUENO_2025-10-16_G07,10109564LQBUENO,2025-10-16,122962,1,40,0,434.0
10109564LQBUENO_2025-10-16_G08,10109564LQBUENO,2025-10-16,124486,1,80,0,770.0
10109564LQBUENO_2025-10-16_G10,10109564LQBUENO,2025-10-16,121760,1,190,0,3431.0
10109564LQBUENO_2025-10-16_G11,10109564LQBUENO,2025-10-16,122962,1,310,0,2946.0
10109564LQBUENO_2025-10-17_G02,10109564LQBUENO,2025-10-17,122984,1,24,0,131.0
10109564LQBUENO_2025-10-17_G03,10109564LQBUENO,2025-10-17,124486,1,8,0,473.0
10109564LQBUENO_2025-10-17_G04,10109564LQBUENO,2025-10-17,124548,1,30,0,758.0
10109564LQBUENO_2025-10-17_G05,10109564LQBUENO,2025-10-17,122983,1,4,0,1227.0
10109564LQBUENO_2025-10-17_G06,10109564LQBUENO,2025-10-17,122983,1,6,0,62.0
10109564LQBUENO_2025-10-17_G07,10109564LQBUENO,2025-10-17,122983,1,8,0,86.0
10109564LQBUENO_2025-10-17_G08,10109564LQBUENO,2025-10-17,124247,1,20,0,780.0
10109564LQBUENO_2025-10-17_G09,10109564LQBUENO,2025-10-17,120339,1,2,0,89.0
10109564LQBUENO_2025-10-17_G10,10109564LQBUENO,2025-10-17,123561,1,24,0,115.0
10109564LQBUENO_2025-10-17_G11,10109564LQBUENO,2025-10-17,123561,1,23,0,2075.0
10109564LQBUENO_2025-10-17_G12,10109564LQBUENO,2025-10-17,123561,2,8,9,207.0
10109564LQBUENO_2025-10-17_G13,10109564LQBUENO,2025-10-17,123561,1,4,0,47.0
10109564LQBUENO_2025-10-17_G14,10109564LQBUENO,2025-10-17,124624,2,14,7,266.0
10109564LQBUENO_2025-10-17_G15,10109564LQBUENO,2025-10-17,122984,1,16,0,415.0
10109564LQBUENO_2025-10-17_G16,10109564LQBUENO,2025-10-17,120339,2,6,7,193.0
10109564LQBUENO_2025-10-17_G17,10109564LQBUENO,2025-10-17,123561,1,4,0,141.0
10109564LQBUENO_2025-10-17_G18,10109564LQBUENO,2025-10-17,"123561, 123345",2,14,17,59.0
10109564LQBUENO_2025-10-17_G19,10109564LQBUENO,2025-10-17,"122983, 120389",3,20,51,314.0
10109564LQBUENO_2025-10-17_G20,10109564LQBUENO,2025-10-17,"123822, 123492",2,34,15,915.0
10109564LQBUENO_2025-10-17_G22,10109564LQBUENO,2025-10-17,122962,1,160,0,114.0
10109564LQBUENO_2025-10-17_G23,10109564LQBUENO,2025-10-17,122983,1,70,0,2612.0
10109564LQBUENO_2025-10-17_G24,10109564LQBUENO,2025-10-17,123081,1,90,0,1959.0
10109564LQBUENO_2025-10-17_G25,10109564LQBUENO,2025-10-17,120271,1,10,0,159.0
10109564LQBUENO_2025-10-17_G26,10109564LQBUENO,2025-10-17,123560,1,50,0,335.0
10109564LQBUENO_2025-10-17_G27,10109564LQBUENO,2025-10-17,122983,1,10,0,369.0
10109564LQBUENO_2025-10-17_G28,10109564LQBUENO,2025-10-17,120389,1,50,0,397.0
10109564LQBUENO_2025-10-17_G29,10109564LQBUENO,2025-10-17,123561,1,10,0,481.0
10109564LQBUENO_2025-10-17_G30,10109564LQBUENO,2025-10-17,122673,1,90,0,422.0
10109564LQBUENO_2025-10-18_G02,10109564LQBUENO,2025-10-18,"124624, 122671, 122984, 122962, 122967",5,94,69,78.0
10109564LQBUENO_2025-10-18_G03,10109564LQBUENO,2025-10-18,122185,1,40,0,950.0
10109564LQBUENO_2025-10-18_G04,10109564LQBUENO,2025-10-18,123343,1,30,0,564.0
10109564LQBUENO_2025-10-18_G05,10109564LQBUENO,2025-10-18,"123345, 120008",2,9,28,1071.0
10109564LQBUENO_2025-10-18_G06,10109564LQBUENO,2025-10-18,124477,1,3,0,140.0
10109564LQBUENO_2025-10-18_G07,10109564LQBUENO,2025-10-18,"123909, 122962",2,16,6,181.0
10109564LQBUENO_2025-10-18_G08,10109564LQBUENO,2025-10-18,123560,1,6,0,127.0
10109564LQBUENO_2025-10-18_G09,10109564LQBUENO,2025-10-18,123562,1,4,0,76.0
10109564LQBUENO_2025-10-18_G10,10109564LQBUENO,2025-10-18,124247,1,2,0,261.0
10109564LQBUENO_2025-10-18_G11,10109564LQBUENO,2025-10-18,"124486, 122986",3,12,33,385.0
10109564LQBUENO_2025-10-18_G12,10109564LQBUENO,2025-10-18,121923,1,2,0,170.0
10109564LQBUENO_2025-10-18_G13,10109564LQBUENO,2025-10-18,123345,1,14,0,76.0
10109564LQBUENO_2025-10-18_G14,10109564LQBUENO,2025-10-18,124477,1,4,0,62.0
10109564LQBUENO_2025-10-18_G15,10109564LQBUENO,2025-10-18,"121760, 124476, 123560, 124486, 124370, 121651, 122986, 124475",8,75,119,159.0
10109564LQBUENO_2025-10-18_G16,10109564LQBUENO,2025-10-18,123909,1,14,0,66.0
10109564LQBUENO_2025-10-19_G02,10109564LQBUENO,2025-10-19,122962,1,100,0,274.0
10109564LQBUENO_2025-10-19_G03,10109564LQBUENO,2025-10-19,122185,1,36,0,2060.0
10109564LQBUENO_2025-10-19_G04,10109564LQBUENO,2025-10-19,124486,1,3,0,220.0
10109564LQBUENO_2025-10-19_G05,10109564LQBUENO,2025-10-19,123345,1,2,0,48.0
10109564LQBUENO_2025-10-19_G06,10109564LQBUENO,2025-10-19,120389,1,20,0,86.0
10109564LQBUENO_2025-10-19_G07,10109564LQBUENO,2025-10-19,122984,1,10,0,331.0
10109564LQBUENO_2025-10-19_G08,10109564LQBUENO,2025-10-19,122671,1,4,0,144.0
10109564LQBUENO_2025-10-19_G09,10109564LQBUENO,2025-10-19,123909,1,6,0,151.0
10109564LQBUENO_2025-10-19_G10,10109564LQBUENO,2025-10-19,123343,1,4,0,118.0
10109564LQBUENO_2025-10-19_G11,10109564LQBUENO,2025-10-19,120028,1,17,0,207.0
10109564LQBUENO_2025-10-20_G02,10109564LQBUENO,2025-10-20,122962,1,4,0,172.0
10109564LQBUENO_2025-10-20_G03,10109564LQBUENO,2025-10-20,123153,1,18,0,317.0
10109564LQBUENO_2025-10-20_G04,10109564LQBUENO,2025-10-20,123889,1,12,0,66.0
10109564LQBUENO_2025-10-20_G05,10109564LQBUENO,2025-10-20,124548,1,4,0,689.0
10109564LQBUENO_2025-10-20_G06,10109564LQBUENO,2025-10-20,122962,1,48,0,521.0
10109564LQBUENO_2025-10-20_G07,10109564LQBUENO,2025-10-20,120028,1,16,0,374.0
10109564LQBUENO_2025-10-20_G08,10109564LQBUENO,2025-10-20,122673,1,10,0,1052.0
10109564LQBUENO_2025-10-20_G09,10109564LQBUENO,2025-10-20,123153,1,6,0,122.0
10109564LQBUENO_2025-10-20_G10,10109564LQBUENO,2025-10-20,"124247, 123153",2,16,26,470.0
10109564LQBUENO_2025-10-20_G11,10109564LQBUENO,2025-10-20,120028,1,40,0,1466.0
10109564LQBUENO_2025-10-20_G12,10109564LQBUENO,2025-10-20,122984,1,30,0,31.0
10109564LQBUENO_2025-10-20_G13,10109564LQBUENO,2025-10-20,122962,2,18,18,1384.0
10109564LQBUENO_2025-10-20_G14,10109564LQBUENO,2025-10-20,122962,1,16,0,137.0
10109564LQBUENO_2025-10-20_G15,10109564LQBUENO,2025-10-20,120028,1,12,0,719.0
10109564LQBUENO_2025-10-20_G16,10109564LQBUENO,2025-10-20,124433,1,20,0,643.0
10109564LQBUENO_2025-10-20_G17,10109564LQBUENO,2025-10-20,124247,1,30,0,984.0
10109564LQBUENO_2025-10-20_G18,10109564LQBUENO,2025-10-20,123947,1,30,0,947.0
10109564LQBUENO_2025-10-20_G20,10109564LQBUENO,2025-10-20,120008,1,60,0,658.0
10109564LQBUENO_2025-10-20_G21,10109564LQBUENO,2025-10-20,"122673, 120389",2,172,30,2196.0
10109564LQBUENO_2025-10-20_G22,10109564LQBUENO,2025-10-20,123343,1,4,0,1020.0
10109564LQBUENO_2025-10-20_G23,10109564LQBUENO,2025-10-20,"124624, 122671, 123909, 121760, 124476, 122983, 124475, 122703, 123561",9,91,123,47.0
10109564LQBUENO_2025-10-20_G24,10109564LQBUENO,2025-10-20,"124370, 121651, 124433",3,34,25,56.0
10109564LQBUENO_2025-10-20_G25,10109564LQBUENO,2025-10-20,"123560, 124548, 122982",3,38,57,49.0
10109564LQBUENO_2025-10-20_G26,10109564LQBUENO,2025-10-20,124594,1,6,0,60.0
10109564LQBUENO_2025-10-20_G27,10109564LQBUENO,2025-10-20,122647,1,16,0,3170.0
10109564LQBUENO_2025-10-20_G28,10109564LQBUENO,2025-10-20,122185,1,20,0,277.0
10109564LQBUENO_2025-10-20_G29,10109564LQBUENO,2025-10-20,124511,1,50,0,472.0
10109564LQBUENO_2025-10-21_G02,10109564LQBUENO,2025-10-21,"124264, 122671, 123909, 124476, 124475, 124486, 120389, 121651",10,99,146,125.0
10109564LQBUENO_2025-10-21_G04,10109564LQBUENO,2025-10-21,122647,1,12,0,1041.0
10109564LQBUENO_2025-10-21_G05,10109564LQBUENO,2025-10-21,124247,1,12,0,267.0
10109564LQBUENO_2025-10-21_G06,10109564LQBUENO,2025-10-21,120028,1,24,0,499.0
10109564LQBUENO_2025-10-21_G07,10109564LQBUENO,2025-10-21,122988,1,8,0,259.0
10109564LQBUENO_2025-10-21_G08,10109564LQBUENO,2025-10-21,122984,1,16,0,82.0
10109564LQBUENO_2025-10-21_G09,10109564LQBUENO,2025-10-21,122984,1,8,0,94.0
10109564LQBUENO_2025-10-21_G10,10109564LQBUENO,2025-10-21,124248,2,14,9,314.0
10109564LQBUENO_2025-10-21_G11,10109564LQBUENO,2025-10-21,"120028, 122982",2,44,30,591.0
10109564LQBUENO_2025-10-21_G12,10109564LQBUENO,2025-10-21,122647,1,4,0,890.0
10109564LQBUENO_2025-10-21_G13,10109564LQBUENO,2025-10-21,"122986, 120008, 122988",3,10,25,558.0
10109564LQBUENO_2025-10-21_G15,10109564LQBUENO,2025-10-21,124476,1,6,0,442.0
10109564LQBUENO_2025-10-21_G16,10109564LQBUENO,2025-10-21,124475,1,3,0,81.0
10109564LQBUENO_2025-10-21_G17,10109564LQBUENO,2025-10-21,124486,1,32,0,359.0
10109564LQBUENO_2025-10-21_G18,10109564LQBUENO,2025-10-21,120339,1,10,0,263.0
10109564LQBUENO_2025-10-21_G19,10109564LQBUENO,2025-10-21,122703,1,16,0,294.0
10109564LQBUENO_2025-10-21_G20,10109564LQBUENO,2025-10-21,"122962, 123344",2,86,18,199.0
10109564LQBUENO_2025-10-21_G21,10109564LQBUENO,2025-10-21,123345,1,60,0,57.0
10109564LQBUENO_2025-10-21_G22,10109564LQBUENO,2025-10-21,123909,1,100,0,3202.0
10109564LQBUENO_2025-10-21_G23,10109564LQBUENO,2025-10-21,124624,1,100,0,71.0
10109564LQBUENO_2025-10-21_G24,10109564LQBUENO,2025-10-21,123345,1,60,0,1035.0
10109564LQBUENO_2025-10-22_G02,10109564LQBUENO,2025-10-22,123822,1,10,0,512.0
10109564LQBUENO_2025-10-22_G03,10109564LQBUENO,2025-10-22,124475,1,2,0,96.0
10109564LQBUENO_2025-10-22_G04,10109564LQBUENO,2025-10-22,122647,1,43,0,435.0
10109564LQBUENO_2025-10-22_G05,10109564LQBUENO,2025-10-22,124486,1,16,0,334.0
10109564LQBUENO_2025-10-22_G06,10109564LQBUENO,2025-10-22,181887,1,4,0,112.0
10109564LQBUENO_2025-10-22_G07,10109564LQBUENO,2025-10-22,124486,1,20,0,63.0
10109564LQBUENO_2025-10-22_G08,10109564LQBUENO,2025-10-22,124476,1,5,0,266.0
10109564LQBUENO_2025-10-22_G09,10109564LQBUENO,2025-10-22,122983,1,8,0,139.0
10109564LQBUENO_2025-10-22_G10,10109564LQBUENO,2025-10-22,124475,1,6,0,55.0
10109564LQBUENO_2025-10-22_G11,10109564LQBUENO,2025-10-22,124247,1,4,0,153.0
10109564LQBUENO_2025-10-22_G12,10109564LQBUENO,2025-10-22,"122988, 123080",2,8,11,84.0
10109564LQBUENO_2025-10-22_G13,10109564LQBUENO,2025-10-22,122982,1,4,0,396.0
10109564LQBUENO_2025-10-22_G14,10109564LQBUENO,2025-10-22,181887,1,8,0,122.0
10109564LQBUENO_2025-10-22_G16,10109564LQBUENO,2025-10-22,"124475, 122982, 121651",3,64,27,97.0
10109564LQBUENO_2025-10-22_G17,10109564LQBUENO,2025-10-22,124624,1,8,0,50.0
10109564LQBUENO_2025-10-22_G19,10109564LQBUENO,2025-10-22,122189,1,1,0,40.0
10109564LQBUENO_2025-10-22_G20,10109564LQBUENO,2025-10-22,124475,1,80,0,1819.0
10109564LQBUENO_2025-10-22_G21,10109564LQBUENO,2025-10-22,123822,1,60,0,365.0
10109564LQBUENO_2025-10-22_G22,10109564LQBUENO,2025-10-22,121923,1,9,0,371.0
10109564LQBUENO_2025-10-22_G23,10109564LQBUENO,2025-10-22,121923,1,1,0,91.0
10109564LQBUENO_2025-10-23_G02,10109564LQBUENO,2025-10-23,123313,1,4,0,93.0
10109564LQBUENO_2025-10-23_G03,10109564LQBUENO,2025-10-23,123345,1,2,0,393.0
10109564LQBUENO_2025-10-23_G04,10109564LQBUENO,2025-10-23,123313,1,4,0,56.0
10109564LQBUENO_2025-10-23_G05,10109564LQBUENO,2025-10-23,122185,1,10,0,259.0
10109564LQBUENO_2025-10-23_G06,10109564LQBUENO,2025-10-23,123153,1,19,0,741.0
10109564LQBUENO_2025-10-23_G07,10109564LQBUENO,2025-10-23,122981,1,4,0,170.0
10109564LQBUENO_2025-10-23_G08,10109564LQBUENO,2025-10-23,124476,3,14,33,156.0
10109564LQBUENO_2025-10-23_G09,10109564LQBUENO,2025-10-23,123562,1,3,0,270.0
10109564LQBUENO_2025-10-23_G10,10109564LQBUENO,2025-10-23,122983,1,12,0,171.0
10109564LQBUENO_2025-10-23_G11,10109564LQBUENO,2025-10-23,124475,1,8,0,467.0
10109564LQBUENO_2025-10-23_G12,10109564LQBUENO,2025-10-23,124247,1,1,0,384.0
10109564LQBUENO_2025-10-23_G13,10109564LQBUENO,2025-10-23,"123153, 123561",2,12,8,708.0
10109564LQBUENO_2025-10-23_G14,10109564LQBUENO,2025-10-23,122986,1,3,0,156.0
10109564LQBUENO_2025-10-23_G15,10109564LQBUENO,2025-10-23,122982,1,100,0,185.0
10109564LQBUENO_2025-10-23_G17,10109564LQBUENO,2025-10-23,122984,1,21,0,226.0
10109564LQBUENO_2025-10-23_G18,10109564LQBUENO,2025-10-23,123909,1,6,0,142.0
10109564LQBUENO_2025-10-23_G19,10109564LQBUENO,2025-10-23,121651,1,13,0,100.0
10109564LQBUENO_2025-10-23_G20,10109564LQBUENO,2025-10-23,123344,1,10,0,229.0
10109564LQBUENO_2025-10-23_G21,10109564LQBUENO,2025-10-23,120271,1,1,0,1001.0
10109564LQBUENO_2025-10-23_G22,10109564LQBUENO,2025-10-23,124475,1,8,0,45.0
10109564LQBUENO_2025-10-23_G23,10109564LQBUENO,2025-10-23,124486,1,7,0,88.0
10109564LQBUENO_2025-10-23_G24,10109564LQBUENO,2025-10-23,124248,1,28,0,201.0
10109564LQBUENO_2025-10-23_G25,10109564LQBUENO,2025-10-23,124248,1,14,0,169.0
10109564LQBUENO_2025-10-23_G26,10109564LQBUENO,2025-10-23,"122982, 181280",2,4,24,82.0
10109564LQBUENO_2025-10-23_G28,10109564LQBUENO,2025-10-23,122984,1,66,0,752.0
10109564LQBUENO_2025-10-23_G29,10109564LQBUENO,2025-10-23,122962,1,40,0,788.0
10109564LQBUENO_2025-10-23_G30,10109564LQBUENO,2025-10-23,181887,2,14,9,570.0
10109564LQBUENO_2025-10-23_G31,10109564LQBUENO,2025-10-23,122189,1,22,0,887.0
10109564LQBUENO_2025-10-23_G32,10109564LQBUENO,2025-10-23,124548,1,42,0,964.0
10109564LQBUENO_2025-10-23_G33,10109564LQBUENO,2025-10-23,122189,1,68,0,148.0
10109564LQBUENO_2025-10-23_G34,10109564LQBUENO,2025-10-23,123345,1,36,0,465.0
10109564LQBUENO_2025-10-23_G35,10109564LQBUENO,2025-10-23,180373,1,2,0,856.0
10109564LQBUENO_2025-10-23_G36,10109564LQBUENO,2025-10-23,"124594, 123153, 123080",3,35,30,519.0
10109564LQBUENO_2025-10-23_G37,10109564LQBUENO,2025-10-23,123909,1,24,0,99.0
10109564LQBUENO_2025-10-23_G38,10109564LQBUENO,2025-10-23,"123345, 123343",2,156,19,729.0
10109564LQBUENO_2025-10-24_G02,10109564LQBUENO,2025-10-24,"122962, 123344",2,16,16,2087.0
10109564LQBUENO_2025-10-24_G03,10109564LQBUENO,2025-10-24,"122671, 123081, 122981, 122984, 124476, 123080, 124486, 124248, 124370, 121651, 124548, 124371",12,180,202,107.0
10109564LQBUENO_2025-10-24_G05,10109564LQBUENO,2025-10-24,122962,1,8,0,116.0
10109564LQBUENO_2025-10-24_G06,10109564LQBUENO,2025-10-24,123909,1,4,0,131.0
10109564LQBUENO_2025-10-24_G08,10109564LQBUENO,2025-10-24,122703,1,20,0,283.0
10109564LQBUENO_2025-10-24_G09,10109564LQBUENO,2025-10-24,121651,1,6,0,179.0
10109564LQBUENO_2025-10-24_G10,10109564LQBUENO,2025-10-24,123345,1,60,0,587.0
10109564LQBUENO_2025-10-24_G11,10109564LQBUENO,2025-10-24,122962,1,38,0,528.0
10109564LQBUENO_2025-10-24_G12,10109564LQBUENO,2025-10-24,124511,1,5,0,332.0
10109564LQBUENO_2025-10-24_G13,10109564LQBUENO,2025-10-24,122988,1,9,0,76.0
10109564LQBUENO_2025-10-24_G14,10109564LQBUENO,2025-10-24,124475,1,22,0,140.0
10109564LQBUENO_2025-10-24_G15,10109564LQBUENO,2025-10-24,123561,1,30,0,344.0
10109564LQBUENO_2025-10-24_G16,10109564LQBUENO,2025-10-24,122984,1,60,0,1451.0
10109564LQBUENO_2025-10-24_G17,10109564LQBUENO,2025-10-24,120008,1,6,0,869.0
10109564LQBUENO_2025-10-24_G18,10109564LQBUENO,2025-10-24,124486,1,30,0,132.0
10109564LQBUENO_2025-10-24_G19,10109564LQBUENO,2025-10-24,123345,1,9,0,574.0
10109564LQBUENO_2025-10-24_G20,10109564LQBUENO,2025-10-24,123153,1,28,0,258.0
10109564LQBUENO_2025-10-24_G21,10109564LQBUENO,2025-10-24,123344,1,32,0,977.0
10109564LQBUENO_2025-10-25_G02,10109564LQBUENO,2025-10-25,122962,2,34,19,812.0
10109564LQBUENO_2025-10-25_G03,10109564LQBUENO,2025-10-25,124486,2,4,6,46.0
10109564LQBUENO_2025-10-25_G04,10109564LQBUENO,2025-10-25,124486,1,50,0,406.0
10109564LQBUENO_2025-10-25_G05,10109564LQBUENO,2025-10-25,123822,1,12,0,370.0
10109564LQBUENO_2025-10-25_G06,10109564LQBUENO,2025-10-25,123345,1,6,0,40.0
10109564LQBUENO_2025-10-25_G07,10109564LQBUENO,2025-10-25,120008,1,2,0,266.0
10109564LQBUENO_2025-10-25_G08,10109564LQBUENO,2025-10-25,"123081, 122988, 124548, 124486, 123492",6,45,72,888.0
10109564LQBUENO_2025-10-25_G09,10109564LQBUENO,2025-10-25,122984,1,4,0,336.0
10109564LQBUENO_2025-10-26_G02,10109564LQBUENO,2025-10-26,124371,1,10,0,224.0
10109564LQBUENO_2025-10-26_G03,10109564LQBUENO,2025-10-26,180024,1,5,0,643.0
10109564LQBUENO_2025-10-26_G04,10109564LQBUENO,2025-10-26,123345,1,100,0,1165.0
10109564LQBUENO_2025-10-26_G05,10109564LQBUENO,2025-10-26,123345,1,60,0,2096.0
10109564LQBUENO_2025-10-26_G06,10109564LQBUENO,2025-10-26,"123313, 123343",2,18,5,89.0
10109564LQBUENO_2025-10-26_G07,10109564LQBUENO,2025-10-26,122962,1,6,0,143.0
10109564LQBUENO_2025-10-26_G08,10109564LQBUENO,2025-10-26,123909,1,19,0,95.0
10109564LQBUENO_2025-10-26_G09,10109564LQBUENO,2025-10-26,124476,1,3,0,78.0
10109564LQBUENO_2025-10-26_G10,10109564LQBUENO,2025-10-26,124247,1,8,0,213.0
10109564LQBUENO_2025-10-26_G11,10109564LQBUENO,2025-10-26,121760,1,10,0,157.0
10109564LQBUENO_2025-10-26_G12,10109564LQBUENO,2025-10-26,120339,1,5,0,146.0
10109564LQBUENO_2025-10-26_G13,10109564LQBUENO,2025-10-26,124370,1,9,0,159.0
10109564LQBUENO_2025-10-26_G14,10109564LQBUENO,2025-10-26,120389,1,26,0,596.0
10109564LQBUENO_2025-10-26_G15,10109564LQBUENO,2025-10-26,120028,1,12,0,316.0
10109564LQBUENO_2025-10-26_G16,10109564LQBUENO,2025-10-26,124486,1,10,0,131.0
10109564LQBUENO_2025-10-26_G17,10109564LQBUENO,2025-10-26,121651,1,14,0,270.0
10109564LQBUENO_2025-10-26_G18,10109564LQBUENO,2025-10-26,121923,1,4,0,124.0
10109564LQBUENO_2025-10-26_G19,10109564LQBUENO,2025-10-26,"123909, 122982, 122988, 122703, 181887, 123345, 121651",10,85,118,3011.0
10109564LQBUENO_2025-10-27_G02,10109564LQBUENO,2025-10-27,123345,1,20,0,253.0
10109564LQBUENO_2025-10-27_G03,10109564LQBUENO,2025-10-27,123345,1,10,0,309.0
10109564LQBUENO_2025-10-27_G04,10109564LQBUENO,2025-10-27,123344,1,88,0,251.0
10109564LQBUENO_2025-10-27_G05,10109564LQBUENO,2025-10-27,122982,1,4,0,2837.0
10109564LQBUENO_2025-10-27_G06,10109564LQBUENO,2025-10-27,"123345, 122988, 124371, 122962",6,68,54,52.0
10109564LQBUENO_2025-10-27_G07,10109564LQBUENO,2025-10-27,124594,2,4,13,1350.0
10109564LQBUENO_2025-10-27_G08,10109564LQBUENO,2025-10-27,"124624, 122983, 123561, 122984, 124371",7,34,83,555.0
10109564LQBUENO_2025-10-27_G09,10109564LQBUENO,2025-10-27,124248,1,4,0,536.0
10109564LQBUENO_2025-10-27_G10,10109564LQBUENO,2025-10-27,120339,1,8,0,92.0
10109564LQBUENO_2025-10-27_G11,10109564LQBUENO,2025-10-27,122673,1,20,0,290.0
10109564LQBUENO_2025-10-27_G12,10109564LQBUENO,2025-10-27,122671,1,30,0,1452.0
10109564LQBUENO_2025-10-27_G13,10109564LQBUENO,2025-10-27,123492,2,8,13,36.0
10109564LQBUENO_2025-10-27_G14,10109564LQBUENO,2025-10-27,122982,1,10,0,240.0
10109564LQBUENO_2025-10-27_G15,10109564LQBUENO,2025-10-27,120028,1,6,0,446.0
10109564LQBUENO_2025-10-27_G16,10109564LQBUENO,2025-10-27,123822,1,12,0,47.0
10109564LQBUENO_2025-10-27_G17,10109564LQBUENO,2025-10-27,124486,1,16,0,315.0
10109564LQBUENO_2025-10-27_G19,10109564LQBUENO,2025-10-27,124624,1,2,0,162.0
10109564LQBUENO_2025-10-27_G20,10109564LQBUENO,2025-10-27,123822,1,6,0,436.0
10109564LQBUENO_2025-10-27_G21,10109564LQBUENO,2025-10-27,122673,1,16,0,437.0
10109564LQBUENO_2025-10-27_G22,10109564LQBUENO,2025-10-27,122671,1,4,0,78.0
10109564LQBUENO_2025-10-27_G23,10109564LQBUENO,2025-10-27,124511,1,120,0,1808.0
10109564LQBUENO_2025-10-27_G24,10109564LQBUENO,2025-10-27,122962,1,24,0,432.0
10109564LQBUENO_2025-10-27_G25,10109564LQBUENO,2025-10-27,122984,1,22,0,1053.0
10109564LQBUENO_2025-10-27_G26,10109564LQBUENO,2025-10-27,120008,1,55,0,1254.0
10109564LQBUENO_2025-10-27_G27,10109564LQBUENO,2025-10-27,122185,1,60,0,272.0
10109564LQBUENO_2025-10-27_G28,10109564LQBUENO,2025-10-27,122981,1,8,0,148.0
10109564LQBUENO_2025-10-27_G29,10109564LQBUENO,2025-10-27,120389,1,20,0,124.0
10109564LQBUENO_2025-10-27_G30,10109564LQBUENO,2025-10-27,123344,1,1,0,132.0
10109564LQBUENO_2025-10-27_G31,10109564LQBUENO,2025-10-27,123153,1,11,0,185.0
10109564LQBUENO_2025-10-27_G32,10109564LQBUENO,2025-10-27,122983,1,16,0,278.0
10109564LQBUENO_2025-10-27_G33,10109564LQBUENO,2025-10-27,"120028, 124486",2,34,26,671.0
10109564LQBUENO_2025-10-27_G34,10109564LQBUENO,2025-10-27,123822,1,14,0,66.0
10109564LQBUENO_2025-10-28_G02,10109564LQBUENO,2025-10-28,123153,1,30,0,225.0
10109564LQBUENO_2025-10-28_G03,10109564LQBUENO,2025-10-28,123889,1,4,0,116.0
10109564LQBUENO_2025-10-28_G04,10109564LQBUENO,2025-10-28,"180024, 123313",3,13,25,460.0
10109564LQBUENO_2025-10-28_G05,10109564LQBUENO,2025-10-28,122962,1,8,0,164.0
10109564LQBUENO_2025-10-28_G06,10109564LQBUENO,2025-10-28,121760,1,8,0,186.0
10109564LQBUENO_2025-10-28_G07,10109564LQBUENO,2025-10-28,122647,1,12,0,143.0
10109564LQBUENO_2025-10-28_G08,10109564LQBUENO,2025-10-28,122185,1,10,0,146.0
10109564LQBUENO_2025-10-28_G09,10109564LQBUENO,2025-10-28,122984,1,20,0,342.0
10109564LQBUENO_2025-10-28_G10,10109564LQBUENO,2025-10-28,"123343, 123345",3,180,36,1745.0
10109564LQBUENO_2025-10-28_G11,10109564LQBUENO,2025-10-28,124264,1,8,0,716.0
10109564LQBUENO_2025-10-28_G12,10109564LQBUENO,2025-10-28,"124486, 124548",3,83,18,876.0
10109564LQBUENO_2025-10-28_G13,10109564LQBUENO,2025-10-28,124548,1,4,0,104.0
10109564LQBUENO_2025-10-28_G14,10109564LQBUENO,2025-10-28,"120339, 124370",2,65,8,1097.0
10109564LQBUENO_2025-10-28_G15,10109564LQBUENO,2025-10-28,124548,1,4,0,3226.0
10109564LQBUENO_2025-10-28_G16,10109564LQBUENO,2025-10-28,123343,1,50,0,254.0
10109564LQBUENO_2025-10-28_G18,10109564LQBUENO,2025-10-28,122673,1,10,0,378.0
10109564LQBUENO_2025-10-28_G19,10109564LQBUENO,2025-10-28,122673,1,12,0,284.0
10109564LQBUENO_2025-10-28_G20,10109564LQBUENO,2025-10-28,123153,1,12,0,172.0
10109564LQBUENO_2025-10-28_G21,10109564LQBUENO,2025-10-28,"124486, 122673, 124371, 123909",7,109,80,3489.0
10109564LQBUENO_2025-10-29_G02,10109564LQBUENO,2025-10-29,180049,1,4,0,3168.0
10109564LQBUENO_2025-10-29_G03,10109564LQBUENO,2025-10-29,124476,1,12,0,347.0
10109564LQBUENO_2025-10-29_G04,10109564LQBUENO,2025-10-29,123345,1,8,0,588.0
10109564LQBUENO_2025-10-29_G05,10109564LQBUENO,2025-10-29,124475,1,2,0,125.0
10109564LQBUENO_2025-10-29_G06,10109564LQBUENO,2025-10-29,"123344, 122185, 124476, 122988, 120339, 123561, 124475, 124594",9,62,148,77.0
10109564LQBUENO_2025-10-29_G07,10109564LQBUENO,2025-10-29,123345,1,30,0,1752.0
10109564LQBUENO_2025-10-29_G08,10109564LQBUENO,2025-10-29,124370,1,150,0,2788.0
10109564LQBUENO_2025-10-29_G10,10109564LQBUENO,2025-10-29,124370,1,1,0,145.0
10109564LQBUENO_2025-10-29_G11,10109564LQBUENO,2025-10-29,122986,1,1,0,118.0
10109564LQBUENO_2025-10-29_G12,10109564LQBUENO,2025-10-29,124371,1,4,0,145.0
10109564LQBUENO_2025-10-29_G13,10109564LQBUENO,2025-10-29,123343,1,10,0,119.0
10109564LQBUENO_2025-10-29_G14,10109564LQBUENO,2025-10-29,123345,1,7,0,119.0
10109564LQBUENO_2025-10-29_G15,10109564LQBUENO,2025-10-29,123345,1,14,0,191.0
10109564LQBUENO_2025-10-29_G16,10109564LQBUENO,2025-10-29,123909,1,2,0,135.0
10109564LQBUENO_2025-10-29_G17,10109564LQBUENO,2025-10-29,123153,1,20,0,138.0
10109564LQBUENO_2025-10-29_G18,10109564LQBUENO,2025-10-29,121760,1,9,0,38.0
10109564LQBUENO_2025-10-29_G19,10109564LQBUENO,2025-10-29,124247,1,4,0,133.0
10109564LQBUENO_2025-10-29_G20,10109564LQBUENO,2025-10-29,124486,1,1,0,56.0
10109564LQBUENO_2025-10-29_G21,10109564LQBUENO,2025-10-29,124433,1,8,0,224.0
10109564LQBUENO_2025-10-29_G22,10109564LQBUENO,2025-10-29,121651,1,12,0,90.0
10109564LQBUENO_2025-10-29_G23,10109564LQBUENO,2025-10-29,124371,1,4,0,164.0
10109564LQBUENO_2025-10-29_G24,10109564LQBUENO,2025-10-29,123153,1,26,0,370.0
10109564LQBUENO_2025-10-29_G25,10109564LQBUENO,2025-10-29,123947,1,8,0,92.0
10109564LQBUENO_2025-10-29_G26,10109564LQBUENO,2025-10-29,123889,1,6,0,185.0
10109564LQBUENO_2025-10-29_G27,10109564LQBUENO,2025-10-29,124370,1,3,0,393.0
10109564LQBUENO_2025-10-29_G28,10109564LQBUENO,2025-10-29,122967,1,16,0,1042.0
10109564LQBUENO_2025-10-29_G29,10109564LQBUENO,2025-10-29,"123822, 123345",2,55,29,1176.0
10109564LQBUENO_2025-10-29_G30,10109564LQBUENO,2025-10-29,122982,1,2,0,83.0
10109564LQBUENO_2025-10-29_G31,10109564LQBUENO,2025-10-29,123343,1,4,0,489.0
10109564LQBUENO_2025-10-29_G32,10109564LQBUENO,2025-10-29,"122185, 123822",3,13,54,107.0
10109564LQBUENO_2025-10-29_G33,10109564LQBUENO,2025-10-29,123822,1,91,0,1540.0
10109564LQBUENO_2025-10-30_G02,10109564LQBUENO,2025-10-30,120339,1,8,0,221.0
10109564LQBUENO_2025-10-30_G03,10109564LQBUENO,2025-10-30,122703,1,4,0,128.0
10109564LQBUENO_2025-10-30_G04,10109564LQBUENO,2025-10-30,124486,1,27,0,598.0
10109564LQBUENO_2025-10-30_G05,10109564LQBUENO,2025-10-30,180026,1,2,0,308.0
10109564LQBUENO_2025-10-30_G06,10109564LQBUENO,2025-10-30,121651,1,15,0,759.0
10109564LQBUENO_2025-10-30_G08,10109564LQBUENO,2025-10-30,"124594, 124486, 123343, 122962, 122185, 124248, 123561, 124370",8,191,71,55.0
10109564LQBUENO_2025-10-30_G10,10109564LQBUENO,2025-10-30,123153,1,30,0,215.0
10109564LQBUENO_2025-10-30_G11,10109564LQBUENO,2025-10-30,124511,1,100,0,437.0
10109564LQBUENO_2025-10-30_G12,10109564LQBUENO,2025-10-30,120271,1,2,0,675.0
10109564LQBUENO_2025-10-30_G13,10109564LQBUENO,2025-10-30,124370,1,40,0,822.0
10109564LQBUENO_2025-10-30_G14,10109564LQBUENO,2025-10-30,120389,1,2,0,216.0
10109564LQBUENO_2025-10-30_G15,10109564LQBUENO,2025-10-30,124548,1,11,0,228.0
10109564LQBUENO_2025-10-30_G16,10109564LQBUENO,2025-10-30,123345,1,6,0,103.0
10109564LQBUENO_2025-10-30_G17,10109564LQBUENO,2025-10-30,124264,1,6,0,1454.0
10109564LQBUENO_2025-10-30_G18,10109564LQBUENO,2025-10-30,123521,1,4,0,173.0
10109564LQBUENO_2025-10-30_G19,10109564LQBUENO,2025-10-30,"124248, 122983",2,14,19,221.0
10109564LQBUENO_2025-10-30_G20,10109564LQBUENO,2025-10-30,122962,1,8,0,92.0
10109564LQBUENO_2025-10-30_G21,10109564LQBUENO,2025-10-30,124486,1,8,0,80.0
10109564LQBUENO_2025-10-30_G22,10109564LQBUENO,2025-10-30,123822,1,20,0,278.0
10109564LQBUENO_2025-10-30_G23,10109564LQBUENO,2025-10-30,123345,1,20,0,941.0
10109564LQBUENO_2025-10-30_G24,10109564LQBUENO,2025-10-30,123909,1,8,0,91.0
10109564LQBUENO_2025-10-30_G25,10109564LQBUENO,2025-10-30,124248,1,10,0,62.0
10109564LQBUENO_2025-10-30_G26,10109564LQBUENO,2025-10-30,124475,1,10,0,424.0
10109564LQBUENO_2025-10-30_G27,10109564LQBUENO,2025-10-30,124371,1,1,0,96.0
10109564LQBUENO_2025-10-30_G28,10109564LQBUENO,2025-10-30,124371,1,9,0,65.0
10109564LQBUENO_2025-10-30_G29,10109564LQBUENO,2025-10-30,123343,1,12,0,155.0
10109564LQBUENO_2025-10-30_G30,10109564LQBUENO,2025-10-30,124370,1,4,0,557.0
10109564LQBUENO_2025-10-30_G31,10109564LQBUENO,2025-10-30,124248,1,4,0,443.0
10109564LQBUENO_2025-10-30_G32,10109564LQBUENO,2025-10-30,121760,1,14,0,187.0
10109564LQBUENO_2025-10-30_G33,10109564LQBUENO,2025-10-30,123909,1,7,0,146.0
10109564LQBUENO_2025-10-31_G02,10109564LQBUENO,2025-10-31,122671,1,19,0,237.0
10109564LQBUENO_2025-10-31_G03,10109564LQBUENO,2025-10-31,122185,1,18,0,308.0
10109564LQBUENO_2025-10-31_G04,10109564LQBUENO,2025-10-31,122962,1,60,0,1863.0
10109564LQBUENO_2025-10-31_G05,10109564LQBUENO,2025-10-31,122185,1,20,0,239.0
10109564LQBUENO_2025-10-31_G06,10109564LQBUENO,2025-10-31,122984,1,20,0,322.0
10109564LQBUENO_2025-10-31_G07,10109564LQBUENO,2025-10-31,124248,1,20,0,279.0
10109564LQBUENO_2025-10-31_G08,10109564LQBUENO,2025-10-31,124247,1,30,0,304.0
10109564LQBUENO_2025-10-31_G09,10109564LQBUENO,2025-10-31,120028,1,30,0,409.0
10109564LQBUENO_2025-10-31_G10,10109564LQBUENO,2025-10-31,120272,1,4,0,186.0
10109564LQBUENO_2025-10-31_G11,10109564LQBUENO,2025-10-31,122673,1,34,0,1920.0
10109564LQBUENO_2025-10-31_G12,10109564LQBUENO,2025-10-31,122673,1,4,0,88.0
10109564LQBUENO_2025-10-31_G13,10109564LQBUENO,2025-10-31,122962,1,24,0,323.0
10109564LQBUENO_2025-10-31_G14,10109564LQBUENO,2025-10-31,123909,1,6,0,150.0
10109564LQBUENO_2025-10-31_G15,10109564LQBUENO,2025-10-31,123153,1,12,0,100.0
10109564LQBUENO_2025-10-31_G16,10109564LQBUENO,2025-10-31,123153,1,34,0,401.0
10109564LQBUENO_2025-10-31_G17,10109564LQBUENO,2025-10-31,122647,1,6,0,116.0
10109564LQBUENO_2025-10-31_G18,10109564LQBUENO,2025-10-31,121760,1,20,0,158.0
10109564LQBUENO_2025-10-31_G19,10109564LQBUENO,2025-10-31,124370,2,12,6,201.0
10109564LQBUENO_2025-10-31_G20,10109564LQBUENO,2025-10-31,124486,1,20,0,248.0
10109564LQBUENO_2025-10-31_G21,10109564LQBUENO,2025-10-31,124475,1,18,0,269.0
10109564LQBUENO_2025-10-31_G22,10109564LQBUENO,2025-10-31,124371,1,4,0,222.0
10109564LQBUENO_2025-10-31_G23,10109564LQBUENO,2025-10-31,123345,1,20,0,161.0
10109564LQBUENO_2025-10-31_G24,10109564LQBUENO,2025-10-31,123345,1,40,0,302.0
10109564LQBUENO_2025-10-31_G25,10109564LQBUENO,2025-10-31,124475,1,16,0,51.0
10109564LQBUENO_2025-10-31_G26,10109564LQBUENO,2025-10-31,123344,1,13,0,1115.0
10109564LQBUENO_2025-10-31_G27,10109564LQBUENO,2025-10-31,"123344, 123343",2,50,27,322.0
10109564LQBUENO_2025-11-05_G02,10109564LQBUENO,2025-11-05,122673,1,100,0,1481.0
10109564LQBUENO_2025-11-05_G03,10109564LQBUENO,2025-11-05,122647,1,10,0,1150.0
10109564LQBUENO_2025-11-05_G04,10109564LQBUENO,2025-11-05,122962,1,40,0,382.0
10109564LQBUENO_2025-11-05_G05,10109564LQBUENO,2025-11-05,122673,1,22,0,319.0
10109564LQBUENO_2025-11-05_G06,10109564LQBUENO,2025-11-05,122671,1,22,0,213.0
10109564LQBUENO_2025-11-05_G07,10109564LQBUENO,2025-11-05,120028,1,16,0,475.0
10109564LQBUENO_2025-11-05_G08,10109564LQBUENO,2025-11-05,122981,1,2,0,1115.0
10109564LQBUENO_2025-11-05_G09,10109564LQBUENO,2025-11-05,120008,1,55,0,254.0
10109564LQBUENO_2025-11-05_G10,10109564LQBUENO,2025-11-05,123344,1,1,0,89.0
10109564LQBUENO_2025-11-05_G11,10109564LQBUENO,2025-11-05,124548,1,46,0,671.0
10109564LQBUENO_2025-11-05_G12,10109564LQBUENO,2025-11-05,124548,1,4,0,192.0
10109564LQBUENO_2025-11-05_G13,10109564LQBUENO,2025-11-05,122986,2,14,16,795.0
10109564LQBUENO_2025-11-06_G02,10109564LQBUENO,2025-11-06,121651,1,20,0,455.0
10109564LQBUENO_2025-11-06_G03,10109564LQBUENO,2025-11-06,123909,1,14,0,2438.0
10109564LQBUENO_2025-11-06_G04,10109564LQBUENO,2025-11-06,122671,1,8,0,100.0
10109564LQBUENO_2025-11-06_G05,10109564LQBUENO,2025-11-06,123947,1,6,0,37.0
10109564LQBUENO_2025-11-06_G06,10109564LQBUENO,2025-11-06,122962,1,16,0,112.0
10109564LQBUENO_2025-11-06_G07,10109564LQBUENO,2025-11-06,124486,1,10,0,528.0
10109564LQBUENO_2025-11-06_G08,10109564LQBUENO,2025-11-06,123909,1,28,0,1365.0
10109564LQBUENO_2025-11-06_G09,10109564LQBUENO,2025-11-06,"124624, 123343",2,99,25,1609.0
10109564LQBUENO_2025-11-06_G11,10109564LQBUENO,2025-11-06,"122673, 122647",2,6,14,54.0
10109564LQBUENO_2025-11-06_G12,10109564LQBUENO,2025-11-06,121760,1,13,0,249.0
10109564LQBUENO_2025-11-06_G13,10109564LQBUENO,2025-11-06,121651,1,2,0,86.0
10109564LQBUENO_2025-11-06_G14,10109564LQBUENO,2025-11-06,124248,1,4,0,162.0
10109564LQBUENO_2025-11-06_G15,10109564LQBUENO,2025-11-06,123343,1,8,0,137.0
10109564LQBUENO_2025-11-06_G16,10109564LQBUENO,2025-11-06,124486,1,40,0,769.0
10109564LQBUENO_2025-11-06_G17,10109564LQBUENO,2025-11-06,"122986, 122673",2,30,19,1372.0
10109564LQBUENO_2025-11-06_G18,10109564LQBUENO,2025-11-06,122673,1,10,0,80.0
10109564LQBUENO_2025-11-06_G19,10109564LQBUENO,2025-11-06,124548,1,24,0,553.0
10109564LQBUENO_2025-11-06_G20,10109564LQBUENO,2025-11-06,122962,1,24,0,385.0
10109564LQBUENO_2025-11-06_G21,10109564LQBUENO,2025-11-06,122984,1,6,0,335.0
10109564LQBUENO_2025-11-06_G22,10109564LQBUENO,2025-11-06,124248,1,4,0,297.0
10109564LQBUENO_2025-11-06_G23,10109564LQBUENO,2025-11-06,124247,1,4,0,425.0
10109564LQBUENO_2025-11-06_G24,10109564LQBUENO,2025-11-06,124247,1,10,0,914.0
10109564LQBUENO_2025-11-06_G25,10109564LQBUENO,2025-11-06,123822,1,50,0,693.0
10109564LQBUENO_2025-11-06_G26,10109564LQBUENO,2025-11-06,120389,1,10,0,228.0
10109564LQBUENO_2025-11-06_G27,10109564LQBUENO,2025-11-06,122962,1,40,0,211.0
10109564LQBUENO_2025-11-06_G28,10109564LQBUENO,2025-11-06,123822,1,16,0,377.0
10109564LQBUENO_2025-11-06_G29,10109564LQBUENO,2025-11-06,122962,1,8,0,81.0
10109564LQBUENO_2025-11-07_G02,10109564LQBUENO,2025-11-07,123345,1,8,0,2095.0
10109564LQBUENO_2025-11-07_G03,10109564LQBUENO,2025-11-07,124486,1,10,0,239.0
10109564LQBUENO_2025-11-07_G04,10109564LQBUENO,2025-11-07,123343,1,16,0,1262.0
10109564LQBUENO_2025-11-07_G05,10109564LQBUENO,2025-11-07,123345,1,10,0,661.0
10109564LQBUENO_2025-11-07_G06,10109564LQBUENO,2025-11-07,"123343, 123313",2,14,7,84.0
10109564LQBUENO_2025-11-07_G07,10109564LQBUENO,2025-11-07,124264,1,8,0,513.0
10109564LQBUENO_2025-11-07_G08,10109564LQBUENO,2025-11-07,122185,1,10,0,546.0
10109564LQBUENO_2025-11-07_G09,10109564LQBUENO,2025-11-07,123153,1,40,0,539.0
10109564LQBUENO_2025-11-07_G10,10109564LQBUENO,2025-11-07,124248,1,10,0,422.0
10109564LQBUENO_2025-11-07_G11,10109564LQBUENO,2025-11-07,122988,1,4,0,254.0
10109564LQBUENO_2025-11-07_G12,10109564LQBUENO,2025-11-07,123562,1,11,0,263.0
10109564LQBUENO_2025-11-07_G13,10109564LQBUENO,2025-11-07,122983,1,30,0,322.0
10109564LQBUENO_2025-11-07_G14,10109564LQBUENO,2025-11-07,122703,1,10,0,429.0
10109564LQBUENO_2025-11-07_G15,10109564LQBUENO,2025-11-07,123561,1,30,0,56.0
10109564LQBUENO_2025-11-07_G16,10109564LQBUENO,2025-11-07,121760,1,50,0,1330.0
10109564LQBUENO_2025-11-07_G18,10109564LQBUENO,2025-11-07,123822,1,50,0,762.0
10109564LQBUENO_2025-11-07_G19,10109564LQBUENO,2025-11-07,124486,1,8,0,803.0
10109564LQBUENO_2025-11-07_G20,10109564LQBUENO,2025-11-07,124486,1,4,0,173.0
10109564LQBUENO_2025-11-07_G21,10109564LQBUENO,2025-11-07,122982,2,6,14,78.0
10109564LQBUENO_2025-11-07_G22,10109564LQBUENO,2025-11-07,180054,2,4,20,364.0
10109564LQBUENO_2025-11-07_G23,10109564LQBUENO,2025-11-07,122673,1,20,0,430.0
10109564LQBUENO_2025-11-07_G24,10109564LQBUENO,2025-11-07,123822,1,1,0,776.0
10109564LQBUENO_2025-11-07_G25,10109564LQBUENO,2025-11-07,124247,1,32,0,574.0
10109564LQBUENO_2025-11-07_G26,10109564LQBUENO,2025-11-07,122647,1,10,0,937.0
10109564LQBUENO_2025-11-07_G27,10109564LQBUENO,2025-11-07,122962,1,4,0,268.0
10109564LQBUENO_2025-11-07_G28,10109564LQBUENO,2025-11-07,122962,1,5,0,98.0
10109564LQBUENO_2025-11-07_G29,10109564LQBUENO,2025-11-07,123080,1,28,0,670.0
10109564LQBUENO_2025-11-07_G30,10109564LQBUENO,2025-11-07,124248,1,15,0,509.0
10109564LQBUENO_2025-11-07_G31,10109564LQBUENO,2025-11-07,123909,1,30,0,286.0
10109564LQBUENO_2025-11-07_G32,10109564LQBUENO,2025-11-07,120028,1,30,0,468.0
10109564LQBUENO_2025-11-07_G33,10109564LQBUENO,2025-11-07,123343,1,30,0,719.0
10109564LQBUENO_2025-11-08_G02,10109564LQBUENO,2025-11-08,122984,1,102,0,2131.0
10109564LQBUENO_2025-11-08_G03,10109564LQBUENO,2025-11-08,122982,1,22,0,846.0
10109564LQBUENO_2025-11-08_G04,10109564LQBUENO,2025-11-08,124370,1,30,0,583.0
10109564LQBUENO_2025-11-08_G05,10109564LQBUENO,2025-11-08,124433,1,10,0,780.0
10109564LQBUENO_2025-11-08_G06,10109564LQBUENO,2025-11-08,123909,1,6,0,967.0
10109564LQBUENO_2025-11-08_G07,10109564LQBUENO,2025-11-08,122185,1,70,0,771.0
10109564LQBUENO_2025-11-08_G08,10109564LQBUENO,2025-11-08,122984,1,50,0,1166.0
10109564LQBUENO_2025-11-08_G09,10109564LQBUENO,2025-11-08,124248,1,12,0,548.0
10109564LQBUENO_2025-11-08_G10,10109564LQBUENO,2025-11-08,122983,1,20,0,308.0
10109564LQBUENO_2025-11-08_G11,10109564LQBUENO,2025-11-08,122962,1,20,0,477.0
10109564LQBUENO_2025-11-08_G12,10109564LQBUENO,2025-11-08,123561,1,10,0,387.0
10109564LQBUENO_2025-11-09_G02,10109564LQBUENO,2025-11-09,123343,1,4,0,234.0
10109564LQBUENO_2025-11-09_G03,10109564LQBUENO,2025-11-09,123344,1,10,0,1714.0
10109564LQBUENO_2025-11-09_G04,10109564LQBUENO,2025-11-09,122673,1,4,0,185.0
10109564LQBUENO_2025-11-09_G05,10109564LQBUENO,2025-11-09,121760,1,10,0,64.0
10109564LQBUENO_2025-11-09_G06,10109564LQBUENO,2025-11-09,124475,1,2,0,94.0
10109564LQBUENO_2025-11-09_G07,10109564LQBUENO,2025-11-09,123345,1,2,0,136.0
10109564LQBUENO_2025-11-09_G08,10109564LQBUENO,2025-11-09,122673,1,10,0,154.0
10109564LQBUENO_2025-11-09_G09,10109564LQBUENO,2025-11-09,123153,1,10,0,245.0
10109564LQBUENO_2025-11-09_G10,10109564LQBUENO,2025-11-09,123153,1,6,0,104.0
10109564LQBUENO_2025-11-09_G11,10109564LQBUENO,2025-11-09,123345,2,30,10,99.0
10109564LQBUENO_2025-11-09_G12,10109564LQBUENO,2025-11-09,122962,1,8,0,214.0
10109564LQBUENO_2025-11-09_G13,10109564LQBUENO,2025-11-09,124477,1,6,0,521.0
10109564LQBUENO_2025-11-09_G14,10109564LQBUENO,2025-11-09,124486,1,6,0,272.0
10109564LQBUENO_2025-11-09_G15,10109564LQBUENO,2025-11-09,123345,1,2,0,159.0
10109564LQBUENO_2025-11-09_G16,10109564LQBUENO,2025-11-09,124548,1,24,0,961.0
10109564LQBUENO_2025-11-09_G17,10109564LQBUENO,2025-11-09,122673,1,60,0,78.0
10109564LQBUENO_2025-11-09_G18,10109564LQBUENO,2025-11-09,122962,1,40,0,1157.0
10109564LQBUENO_2025-11-09_G19,10109564LQBUENO,2025-11-09,122962,1,60,0,587.0
10109564LQBUENO_2025-11-09_G20,10109564LQBUENO,2025-11-09,123909,1,12,0,394.0
10109564LQBUENO_2025-11-09_G21,10109564LQBUENO,2025-11-09,122983,1,7,0,169.0
10109564LQBUENO_2025-11-09_G22,10109564LQBUENO,2025-11-09,123343,1,2,0,122.0
10109564LQBUENO_2025-11-09_G23,10109564LQBUENO,2025-11-09,123909,1,3,0,61.0
10109564LQBUENO_2025-11-09_G24,10109564LQBUENO,2025-11-09,121760,1,4,0,32.0
10109564LQBUENO_2025-11-09_G25,10109564LQBUENO,2025-11-09,122703,1,4,0,105.0
10109564LQBUENO_2025-11-09_G26,10109564LQBUENO,2025-11-09,124371,1,2,0,49.0
10109564LQBUENO_2025-11-09_G27,10109564LQBUENO,2025-11-09,"124475, 123344",2,14,29,413.0
10109564LQBUENO_2025-11-09_G28,10109564LQBUENO,2025-11-09,123343,1,4,0,231.0
10109564LQBUENO_2025-11-09_G29,10109564LQBUENO,2025-11-09,123909,1,20,0,140.0
10109564LQBUENO_2025-11-09_G30,10109564LQBUENO,2025-11-09,122984,1,80,0,1018.0
10109564LQBUENO_2025-11-09_G31,10109564LQBUENO,2025-11-09,124248,1,2,0,62.0
10109564LQBUENO_2025-11-09_G32,10109564LQBUENO,2025-11-09,122671,1,4,0,78.0
10109564LQBUENO_2025-11-10_G02,10109564LQBUENO,2025-11-10,123343,1,2,0,713.0
10109564LQBUENO_2025-11-10_G03,10109564LQBUENO,2025-11-10,124486,1,12,0,755.0
10109564LQBUENO_2025-11-10_G04,10109564LQBUENO,2025-11-10,123909,1,2,0,150.0
10109564LQBUENO_2025-11-10_G05,10109564LQBUENO,2025-11-10,122962,1,4,0,48.0
10109564LQBUENO_2025-11-10_G06,10109564LQBUENO,2025-11-10,124370,1,4,0,101.0
10109564LQBUENO_2025-11-10_G07,10109564LQBUENO,2025-11-10,"124624, 122673",2,16,17,107.0
10109564LQBUENO_2025-11-10_G08,10109564LQBUENO,2025-11-10,122647,1,6,0,159.0
10109564LQBUENO_2025-11-10_G09,10109564LQBUENO,2025-11-10,181057,1,2,0,108.0
10109564LQBUENO_2025-11-10_G10,10109564LQBUENO,2025-11-10,123343,2,6,7,431.0
10109564LQBUENO_2025-11-10_G11,10109564LQBUENO,2025-11-10,124594,2,12,10,940.0
10109564LQBUENO_2025-11-10_G12,10109564LQBUENO,2025-11-10,123344,1,2,0,311.0
10109564LQBUENO_2025-11-10_G13,10109564LQBUENO,2025-11-10,122185,1,8,0,293.0
10109564LQBUENO_2025-11-10_G14,10109564LQBUENO,2025-11-10,122185,1,2,0,134.0
10109564LQBUENO_2025-11-10_G15,10109564LQBUENO,2025-11-10,122185,1,8,0,189.0
10109564LQBUENO_2025-11-10_G16,10109564LQBUENO,2025-11-10,122981,1,12,0,239.0
10109564LQBUENO_2025-11-10_G17,10109564LQBUENO,2025-11-10,124476,1,3,0,132.0
10109564LQBUENO_2025-11-10_G18,10109564LQBUENO,2025-11-10,122988,1,2,0,73.0
10109564LQBUENO_2025-11-10_G19,10109564LQBUENO,2025-11-10,123561,1,8,0,222.0
10109564LQBUENO_2025-11-10_G20,10109564LQBUENO,2025-11-10,121651,1,2,0,133.0
10109564LQBUENO_2025-11-10_G21,10109564LQBUENO,2025-11-10,123521,1,3,0,64.0
10109564LQBUENO_2025-11-10_G22,10109564LQBUENO,2025-11-10,120389,1,10,0,1138.0
10109564LQBUENO_2025-11-10_G23,10109564LQBUENO,2025-11-10,122988,1,12,0,510.0
10109564LQBUENO_2025-11-10_G24,10109564LQBUENO,2025-11-10,120008,2,14,9,317.0
10109564LQBUENO_2025-11-10_G25,10109564LQBUENO,2025-11-10,124486,1,30,0,668.0
10109564LQBUENO_2025-11-10_G26,10109564LQBUENO,2025-11-10,123909,1,5,0,171.0
10109564LQBUENO_2025-11-10_G27,10109564LQBUENO,2025-11-10,123909,1,5,0,31.0
10109564LQBUENO_2025-11-10_G28,10109564LQBUENO,2025-11-10,123521,1,5,0,117.0
10109564LQBUENO_2025-11-10_G29,10109564LQBUENO,2025-11-10,120028,1,15,0,221.0
10109564LQBUENO_2025-11-10_G30,10109564LQBUENO,2025-11-10,123909,1,12,0,196.0
10109564LQBUENO_2025-11-11_G02,10109564LQBUENO,2025-11-11,124370,1,120,0,2355.0
10109564LQBUENO_2025-11-11_G03,10109564LQBUENO,2025-11-11,121760,1,4,0,570.0
10109564LQBUENO_2025-11-11_G04,10109564LQBUENO,2025-11-11,122647,1,10,0,503.0
10109564LQBUENO_2025-11-11_G05,10109564LQBUENO,2025-11-11,122968,1,80,0,1187.0
10109564LQBUENO_2025-11-11_G06,10109564LQBUENO,2025-11-11,122671,1,50,0,847.0
10109564LQBUENO_2025-11-11_G07,10109564LQBUENO,2025-11-11,123435,1,107,0,1308.0
10109564LQBUENO_2025-11-11_G08,10109564LQBUENO,2025-11-11,123947,1,30,0,96.0
10109564LQBUENO_2025-11-11_G09,10109564LQBUENO,2025-11-11,123947,1,20,0,433.0
10109564LQBUENO_2025-11-12_G02,10109564LQBUENO,2025-11-12,122962,2,20,9,1427.0
10109564LQBUENO_2025-11-12_G03,10109564LQBUENO,2025-11-12,123081,1,4,0,315.0
10109564LQBUENO_2025-11-12_G04,10109564LQBUENO,2025-11-12,123909,1,16,0,171.0
10109564LQBUENO_2025-11-12_G05,10109564LQBUENO,2025-11-12,121760,1,8,0,103.0
10109564LQBUENO_2025-11-12_G06,10109564LQBUENO,2025-11-12,120339,2,6,10,101.0
10109564LQBUENO_2025-11-12_G07,10109564LQBUENO,2025-11-12,122703,1,4,0,186.0
10109564LQBUENO_2025-11-12_G08,10109564LQBUENO,2025-11-12,124371,1,9,0,309.0
10109564LQBUENO_2025-11-12_G09,10109564LQBUENO,2025-11-12,124370,1,20,0,511.0
10109564LQBUENO_2025-11-12_G10,10109564LQBUENO,2025-11-12,"120389, 124594",2,10,24,831.0
10109564LQBUENO_2025-11-12_G11,10109564LQBUENO,2025-11-12,123343,1,8,0,823.0
10109564LQBUENO_2025-11-12_G14,10109564LQBUENO,2025-11-12,124370,1,60,0,2523.0
10109564LQBUENO_2025-11-12_G15,10109564LQBUENO,2025-11-12,122984,1,20,0,2452.0
10109564LQBUENO_2025-11-12_G16,10109564LQBUENO,2025-11-12,124476,1,12,0,337.0
10109564LQBUENO_2025-11-12_G17,10109564LQBUENO,2025-11-12,120028,1,4,0,138.0
10109564LQBUENO_2025-11-12_G18,10109564LQBUENO,2025-11-12,123909,1,20,0,76.0
10109564LQBUENO_2025-11-12_G19,10109564LQBUENO,2025-11-12,122983,1,8,0,183.0
10109564LQBUENO_2025-11-12_G20,10109564LQBUENO,2025-11-12,121760,1,10,0,107.0
10109564LQBUENO_2025-11-12_G21,10109564LQBUENO,2025-11-12,120339,1,8,0,69.0
10109564LQBUENO_2025-11-12_G22,10109564LQBUENO,2025-11-12,124370,1,10,0,123.0
10109564LQBUENO_2025-11-12_G23,10109564LQBUENO,2025-11-12,120389,1,2,0,93.0
10109564LQBUENO_2025-11-12_G24,10109564LQBUENO,2025-11-12,122982,1,8,0,121.0
10109564LQBUENO_2025-11-12_G25,10109564LQBUENO,2025-11-12,120272,1,8,0,123.0
10109564LQBUENO_2025-11-12_G26,10109564LQBUENO,2025-11-12,124475,1,10,0,111.0
10109564LQBUENO_2025-11-12_G27,10109564LQBUENO,2025-11-12,123343,1,10,0,319.0
10109564LQBUENO_2025-11-12_G28,10109564LQBUENO,2025-11-12,123344,1,10,0,334.0
10109564LQBUENO_2025-11-12_G30,10109564LQBUENO,2025-11-12,122981,1,20,0,345.0
10109564LQBUENO_2025-11-13_G02,10109564LQBUENO,2025-11-13,123345,1,2,0,32.0
10109564LQBUENO_2025-11-14_G02,10109564LQBUENO,2025-11-14,121651,1,10,0,373.0
10109564LQBUENO_2025-11-14_G03,10109564LQBUENO,2025-11-14,124475,1,40,0,380.0
10109564LQBUENO_2025-11-14_G04,10109564LQBUENO,2025-11-14,123344,1,40,0,276.0
10109564LQBUENO_2025-11-14_G05,10109564LQBUENO,2025-11-14,123909,1,5,0,154.0
10109564LQBUENO_2025-11-14_G06,10109564LQBUENO,2025-11-14,124486,1,4,0,725.0
10109564LQBUENO_2025-11-14_G07,10109564LQBUENO,2025-11-14,"124624, 123345",2,3,18,187.0
10109564LQBUENO_2025-11-14_G08,10109564LQBUENO,2025-11-14,122962,1,80,0,106.0
10109564LQBUENO_2025-11-14_G09,10109564LQBUENO,2025-11-14,124486,1,60,0,1142.0
10109564LQBUENO_2025-11-14_G10,10109564LQBUENO,2025-11-14,123909,1,42,0,429.0
10109564LQBUENO_2025-11-14_G11,10109564LQBUENO,2025-11-14,124486,1,16,0,450.0
10109564LQBUENO_2025-11-14_G12,10109564LQBUENO,2025-11-14,"122647, 122962",2,25,26,446.0
10109564LQBUENO_2025-11-14_G13,10109564LQBUENO,2025-11-14,122671,1,40,0,521.0
10109564LQBUENO_2025-11-14_G14,10109564LQBUENO,2025-11-14,122673,1,40,0,338.0
10109564LQBUENO_2025-11-15_G02,10109564LQBUENO,2025-11-15,122647,1,30,0,249.0
10109564LQBUENO_2025-11-15_G03,10109564LQBUENO,2025-11-15,120028,1,40,0,857.0
10109564LQBUENO_2025-11-15_G04,10109564LQBUENO,2025-11-15,122671,1,10,0,178.0
10109564LQBUENO_2025-11-15_G05,10109564LQBUENO,2025-11-15,122962,1,20,0,174.0
10109564LQBUENO_2025-11-15_G06,10109564LQBUENO,2025-11-15,122962,1,8,0,701.0
10109564LQBUENO_2025-11-15_G07,10109564LQBUENO,2025-11-15,124486,1,20,0,191.0
10109564LQBUENO_2025-11-15_G08,10109564LQBUENO,2025-11-15,122962,1,8,0,207.0
10109564LQBUENO_2025-11-15_G09,10109564LQBUENO,2025-11-15,122703,1,20,0,174.0
10109564LQBUENO_2025-11-15_G10,10109564LQBUENO,2025-11-15,122671,1,12,0,380.0
10109564LQBUENO_2025-11-15_G11,10109564LQBUENO,2025-11-15,124624,1,16,0,904.0
10109564LQBUENO_2025-11-15_G12,10109564LQBUENO,2025-11-15,122984,1,24,0,35.0
10109564LQBUENO_2025-11-15_G13,10109564LQBUENO,2025-11-15,123345,1,19,0,92.0
10109564LQBUENO_2025-11-15_G14,10109564LQBUENO,2025-11-15,123343,1,8,0,639.0
10109564LQBUENO_2025-11-15_G15,10109564LQBUENO,2025-11-15,122984,1,3,0,104.0
10109564LQBUENO_2025-11-15_G16,10109564LQBUENO,2025-11-15,124248,1,7,0,45.0
10109564LQBUENO_2025-11-15_G17,10109564LQBUENO,2025-11-15,123909,1,8,0,166.0
10109564LQBUENO_2025-11-15_G18,10109564LQBUENO,2025-11-15,122671,1,8,0,126.0
10109564LQBUENO_2025-11-15_G19,10109564LQBUENO,2025-11-15,122673,1,10,0,138.0
10109564LQBUENO_2025-11-15_G20,10109564LQBUENO,2025-11-15,124247,1,4,0,112.0
10109564LQBUENO_2025-11-15_G21,10109564LQBUENO,2025-11-15,121760,1,13,0,1998.0
10109564LQBUENO_2025-11-15_G22,10109564LQBUENO,2025-11-15,124248,1,4,0,1056.0
10109564LQBUENO_2025-11-15_G23,10109564LQBUENO,2025-11-15,123822,1,1,0,40.0
10109564LQBUENO_2025-11-15_G24,10109564LQBUENO,2025-11-15,122988,1,7,0,105.0
10109564LQBUENO_2025-11-15_G25,10109564LQBUENO,2025-11-15,123313,1,4,0,471.0
10109564LQBUENO_2025-11-15_G26,10109564LQBUENO,2025-11-15,124477,1,4,0,46.0
10109564LQBUENO_2025-11-15_G27,10109564LQBUENO,2025-11-15,122962,1,8,0,82.0
10109564LQBUENO_2025-11-15_G28,10109564LQBUENO,2025-11-15,123080,1,5,0,748.0
10109564LQBUENO_2025-11-18_G02,10109564LQBUENO,2025-11-18,123909,1,100,0,1047.0
10109564LQBUENO_2025-11-18_G03,10109564LQBUENO,2025-11-18,120389,1,50,0,610.0
10109564LQBUENO_2025-11-18_G04,10109564LQBUENO,2025-11-18,180054,1,1,0,373.0
10109564LQBUENO_2025-11-18_G05,10109564LQBUENO,2025-11-18,123345,1,50,0,3563.0
10109564LQBUENO_2025-11-18_G06,10109564LQBUENO,2025-11-18,122185,1,12,0,130.0
10109564LQBUENO_2025-11-18_G07,10109564LQBUENO,2025-11-18,122185,1,20,0,297.0
10109564LQBUENO_2025-11-18_G08,10109564LQBUENO,2025-11-18,124248,1,20,0,415.0
10109564LQBUENO_2025-11-18_G09,10109564LQBUENO,2025-11-18,122962,1,10,0,261.0
10109564LQBUENO_2025-11-18_G10,10109564LQBUENO,2025-11-18,124247,1,8,0,69.0
10109564LQBUENO_2025-11-18_G11,10109564LQBUENO,2025-11-18,123521,1,3,0,76.0
10109564LQBUENO_2025-11-18_G12,10109564LQBUENO,2025-11-18,124594,1,10,0,1195.0
10109564LQBUENO_2025-11-18_G13,10109564LQBUENO,2025-11-18,122982,1,10,0,93.0
10109564LQBUENO_2025-11-18_G14,10109564LQBUENO,2025-11-18,120272,1,2,0,367.0
10109564LQBUENO_2025-11-19_G02,10109564LQBUENO,2025-11-19,123153,1,16,0,410.0
10109564LQBUENO_2025-11-19_G03,10109564LQBUENO,2025-11-19,121760,1,12,0,587.0
10109564LQBUENO_2025-11-19_G04,10109564LQBUENO,2025-11-19,124476,1,6,0,148.0
10109564LQBUENO_2025-11-19_G05,10109564LQBUENO,2025-11-19,124475,1,12,0,412.0
10109564LQBUENO_2025-11-19_G06,10109564LQBUENO,2025-11-19,122673,1,6,0,374.0
10109564LQBUENO_2025-11-19_G07,10109564LQBUENO,2025-11-19,120339,1,4,0,203.0
10109564LQBUENO_2025-11-19_G08,10109564LQBUENO,2025-11-19,122703,1,4,0,123.0
10109564LQBUENO_2025-11-19_G09,10109564LQBUENO,2025-11-19,124371,1,16,0,361.0
10109564LQBUENO_2025-11-19_G10,10109564LQBUENO,2025-11-19,120389,1,20,0,705.0
10109564LQBUENO_2025-11-19_G11,10109564LQBUENO,2025-11-19,121651,1,12,0,603.0
10109564LQBUENO_2025-11-19_G12,10109564LQBUENO,2025-11-19,180601,2,6,14,2116.0
10109564LQBUENO_2025-11-19_G13,10109564LQBUENO,2025-11-19,124486,1,40,0,2490.0
10109564LQBUENO_2025-11-19_G15,10109564LQBUENO,2025-11-19,124248,1,16,0,125.0
10109564LQBUENO_2025-11-19_G16,10109564LQBUENO,2025-11-19,122647,1,2,0,141.0
10109564LQBUENO_2025-11-19_G17,10109564LQBUENO,2025-11-19,124548,1,45,0,427.0
10109564LQBUENO_2025-11-19_G18,10109564LQBUENO,2025-11-19,123080,1,35,0,574.0
10109564LQBUENO_2025-11-19_G19,10109564LQBUENO,2025-11-19,"124624, 123313",2,11,20,1110.0
10109564LQBUENO_2025-11-19_G20,10109564LQBUENO,2025-11-19,122671,1,8,0,160.0
10109564LQBUENO_2025-11-19_G21,10109564LQBUENO,2025-11-19,122962,1,12,0,100.0
10109564LQBUENO_2025-11-19_G22,10109564LQBUENO,2025-11-19,122673,1,12,0,291.0
10109564LQBUENO_2025-11-19_G23,10109564LQBUENO,2025-11-19,123520,1,4,0,118.0
10109564LQBUENO_2025-11-19_G24,10109564LQBUENO,2025-11-19,120028,1,12,0,359.0
10109564LQBUENO_2025-11-19_G25,10109564LQBUENO,2025-11-19,123822,1,50,0,982.0
10109564LQBUENO_2025-11-19_G26,10109564LQBUENO,2025-11-19,120028,1,30,0,852.0
10109564LQBUENO_2025-11-19_G27,10109564LQBUENO,2025-11-19,124476,1,10,0,57.0
10109564LQBUENO_2025-11-19_G28,10109564LQBUENO,2025-11-19,123562,1,17,0,335.0
10109564LQBUENO_2025-11-19_G29,10109564LQBUENO,2025-11-19,124370,1,40,0,465.0
10109564LQBUENO_2025-11-19_G30,10109564LQBUENO,2025-11-19,123909,1,30,0,463.0
10109564LQBUENO_2025-11-19_G31,10109564LQBUENO,2025-11-19,124371,1,40,0,332.0
10109564LQBUENO_2025-11-19_G32,10109564LQBUENO,2025-11-19,124486,1,30,0,1237.0
10109564LQBUENO_2025-11-19_G33,10109564LQBUENO,2025-11-19,124548,1,12,0,753.0
10109564LQBUENO_2025-11-19_G34,10109564LQBUENO,2025-11-19,120389,1,40,0,43.0
10109564LQBUENO_2025-11-20_G02,10109564LQBUENO,2025-11-20,120008,1,20,0,387.0
10109564LQBUENO_2025-11-20_G03,10109564LQBUENO,2025-11-20,123313,1,10,0,811.0
10109564LQBUENO_2025-11-20_G04,10109564LQBUENO,2025-11-20,122671,1,6,0,868.0
10109564LQBUENO_2025-11-20_G05,10109564LQBUENO,2025-11-20,124486,1,17,0,508.0
10109564LQBUENO_2025-11-20_G06,10109564LQBUENO,2025-11-20,122673,1,4,0,176.0
10109564LQBUENO_2025-11-20_G07,10109564LQBUENO,2025-11-20,122962,1,18,0,864.0
10109564LQBUENO_2025-11-20_G08,10109564LQBUENO,2025-11-20,122962,1,30,0,645.0
10109564LQBUENO_2025-11-20_G09,10109564LQBUENO,2025-11-20,122988,1,2,0,224.0
10109564LQBUENO_2025-11-20_G10,10109564LQBUENO,2025-11-20,120272,1,6,0,618.0
10109564LQBUENO_2025-11-20_G11,10109564LQBUENO,2025-11-20,123344,1,8,0,33.0
10109564LQBUENO_2025-11-20_G12,10109564LQBUENO,2025-11-20,122962,1,4,0,104.0
10109564LQBUENO_2025-11-20_G13,10109564LQBUENO,2025-11-20,124247,1,10,0,338.0
10109564LQBUENO_2025-11-20_G14,10109564LQBUENO,2025-11-20,124624,2,14,15,500.0
10109564LQBUENO_2025-11-20_G15,10109564LQBUENO,2025-11-20,123909,1,8,0,48.0
10109564LQBUENO_2025-11-20_G16,10109564LQBUENO,2025-11-20,124486,1,3,0,135.0
10109564LQBUENO_2025-11-20_G17,10109564LQBUENO,2025-11-20,123081,1,40,0,418.0
10109564LQBUENO_2025-11-20_G18,10109564LQBUENO,2025-11-20,122988,1,10,0,353.0
10109564LQBUENO_2025-11-20_G19,10109564LQBUENO,2025-11-20,"120389, 123345",2,12,15,1113.0
10109564LQBUENO_2025-11-20_G20,10109564LQBUENO,2025-11-20,124247,1,43,0,171.0
10109564LQBUENO_2025-11-21_G02,10109564LQBUENO,2025-11-21,124248,1,11,0,232.0
10109564LQBUENO_2025-11-21_G03,10109564LQBUENO,2025-11-21,123822,1,80,0,792.0
10109564LQBUENO_2025-11-21_G04,10109564LQBUENO,2025-11-21,124370,1,62,0,1827.0
10109564LQBUENO_2025-11-21_G05,10109564LQBUENO,2025-11-21,124371,1,32,0,1530.0
10109564LQBUENO_2025-11-21_G06,10109564LQBUENO,2025-11-21,121651,1,40,0,388.0
10109564LQBUENO_2025-11-21_G07,10109564LQBUENO,2025-11-21,124370,2,16,11,444.0
10109564LQBUENO_2025-11-21_G08,10109564LQBUENO,2025-11-21,124370,3,18,21,31.0
10109564LQBUENO_2025-11-21_G09,10109564LQBUENO,2025-11-21,124594,1,8,0,977.0
10109564LQBUENO_2025-11-21_G10,10109564LQBUENO,2025-11-21,123947,1,4,0,133.0
10109564LQBUENO_2025-11-21_G11,10109564LQBUENO,2025-11-21,123343,1,8,0,401.0
10109564LQBUENO_2025-11-21_G12,10109564LQBUENO,2025-11-21,122962,1,14,0,978.0
10109564LQBUENO_2025-11-21_G13,10109564LQBUENO,2025-11-21,124486,1,11,0,276.0
10109564LQBUENO_2025-11-21_G14,10109564LQBUENO,2025-11-21,122982,1,18,0,375.0
10109564LQBUENO_2025-11-21_G15,10109564LQBUENO,2025-11-21,124486,1,2,0,224.0
10109564LQBUENO_2025-11-21_G16,10109564LQBUENO,2025-11-21,122982,1,20,0,527.0
10109564LQBUENO_2025-11-22_G02,10109564LQBUENO,2025-11-22,122988,1,2,0,721.0
10109564LQBUENO_2025-11-22_G03,10109564LQBUENO,2025-11-22,"124548, 122962, 122988",3,31,39,1973.0
10109564LQBUENO_2025-11-22_G04,10109564LQBUENO,2025-11-22,122982,2,25,24,1088.0
10109564LQBUENO_2025-11-22_G05,10109564LQBUENO,2025-11-22,"124624, 122984, 124370, 124486, 121651, 123344",6,33,115,373.0
10109564LQBUENO_2025-11-22_G06,10109564LQBUENO,2025-11-22,"124370, 123344",2,12,19,1392.0
10109564LQBUENO_2025-11-22_G07,10109564LQBUENO,2025-11-22,118365,1,4,0,508.0
10109564LQBUENO_2025-11-22_G08,10109564LQBUENO,2025-11-22,123343,1,14,0,788.0
10109564LQBUENO_2025-11-22_G09,10109564LQBUENO,2025-11-22,123313,1,4,0,539.0
10109564LQBUENO_2025-11-22_G10,10109564LQBUENO,2025-11-22,123344,1,4,0,45.0
10109564LQBUENO_2025-11-22_G11,10109564LQBUENO,2025-11-22,124264,1,6,0,277.0
10109564LQBUENO_2025-11-22_G12,10109564LQBUENO,2025-11-22,124476,1,6,0,124.0
10109564LQBUENO_2025-11-22_G13,10109564LQBUENO,2025-11-22,122982,1,16,0,97.0
10109564LQBUENO_2025-11-22_G14,10109564LQBUENO,2025-11-22,123909,1,2,0,131.0
10109564LQBUENO_2025-11-22_G15,10109564LQBUENO,2025-11-22,123520,1,6,0,141.0
10109564LQBUENO_2025-11-22_G16,10109564LQBUENO,2025-11-22,123909,1,2,0,66.0
10109564LQBUENO_2025-11-22_G17,10109564LQBUENO,2025-11-22,124486,1,23,0,238.0
10109564LQBUENO_2025-11-23_G02,10109564LQBUENO,2025-11-23,124248,1,4,0,161.0
10109564LQBUENO_2025-11-23_G03,10109564LQBUENO,2025-11-23,123343,1,2,0,751.0
10109564LQBUENO_2025-11-23_G04,10109564LQBUENO,2025-11-23,123909,1,3,0,105.0
10109564LQBUENO_2025-11-23_G05,10109564LQBUENO,2025-11-23,123345,1,4,0,65.0
10109564LQBUENO_2025-11-23_G06,10109564LQBUENO,2025-11-23,122673,1,10,0,81.0
10109564LQBUENO_2025-11-23_G07,10109564LQBUENO,2025-11-23,122673,1,10,0,162.0
10109564LQBUENO_2025-11-23_G08,10109564LQBUENO,2025-11-23,122673,1,4,0,150.0
10109564LQBUENO_2025-11-23_G09,10109564LQBUENO,2025-11-23,123153,1,76,0,954.0
10109564LQBUENO_2025-11-23_G10,10109564LQBUENO,2025-11-23,123153,1,10,0,381.0
10109564LQBUENO_2025-11-23_G11,10109564LQBUENO,2025-11-23,123153,1,10,0,65.0
10109564LQBUENO_2025-11-23_G12,10109564LQBUENO,2025-11-23,123153,1,4,0,273.0
10109564LQBUENO_2025-11-23_G13,10109564LQBUENO,2025-11-23,122962,1,20,0,1362.0
10109564LQBUENO_2025-11-23_G14,10109564LQBUENO,2025-11-23,123345,1,2,0,733.0
10109564LQBUENO_2025-11-23_G15,10109564LQBUENO,2025-11-23,124624,1,12,0,1406.0
10109564LQBUENO_2025-11-23_G16,10109564LQBUENO,2025-11-23,122981,1,10,0,92.0
10109564LQBUENO_2025-11-23_G17,10109564LQBUENO,2025-11-23,120271,2,8,6,124.0
10109564LQBUENO_2025-11-23_G18,10109564LQBUENO,2025-11-23,122983,1,6,0,97.0
10109564LQBUENO_2025-11-23_G19,10109564LQBUENO,2025-11-23,122983,1,8,0,105.0
10109564LQBUENO_2025-11-23_G20,10109564LQBUENO,2025-11-23,120339,1,6,0,137.0
10109564LQBUENO_2025-11-23_G21,10109564LQBUENO,2025-11-23,124247,1,12,0,259.0
10109564LQBUENO_2025-11-23_G22,10109564LQBUENO,2025-11-23,124247,1,15,0,91.0
10109564LQBUENO_2025-11-23_G23,10109564LQBUENO,2025-11-23,121760,1,10,0,376.0
10109564LQBUENO_2025-11-23_G24,10109564LQBUENO,2025-11-23,123521,1,6,0,228.0
10109564LQBUENO_2025-11-23_G25,10109564LQBUENO,2025-11-23,124486,1,10,0,367.0
10109564LQBUENO_2025-11-23_G27,10109564LQBUENO,2025-11-23,124247,1,10,0,179.0
10109564LQBUENO_2025-11-24_G02,10109564LQBUENO,2025-11-24,123345,1,4,0,219.0
10109564LQBUENO_2025-11-24_G03,10109564LQBUENO,2025-11-24,123345,1,54,0,1812.0
10109564LQBUENO_2025-11-24_G04,10109564LQBUENO,2025-11-24,122962,1,12,0,294.0
10109564LQBUENO_2025-11-24_G05,10109564LQBUENO,2025-11-24,124486,1,18,0,238.0
10109564LQBUENO_2025-11-24_G06,10109564LQBUENO,2025-11-24,122962,1,12,0,224.0
10109564LQBUENO_2025-11-24_G07,10109564LQBUENO,2025-11-24,124486,1,18,0,179.0
10109564LQBUENO_2025-11-24_G08,10109564LQBUENO,2025-11-24,124264,1,30,0,582.0
10109564LQBUENO_2025-11-24_G09,10109564LQBUENO,2025-11-24,123345,1,3,0,282.0
10109564LQBUENO_2025-11-24_G10,10109564LQBUENO,2025-11-24,122185,1,6,0,554.0
10109564LQBUENO_2025-11-24_G11,10109564LQBUENO,2025-11-24,120287,1,16,0,630.0
10109564LQBUENO_2025-11-25_G02,10109564LQBUENO,2025-11-25,"122962, 123822",2,44,27,1931.0
10109564LQBUENO_2025-11-25_G03,10109564LQBUENO,2025-11-25,124486,1,12,0,592.0
10109564LQBUENO_2025-11-25_G04,10109564LQBUENO,2025-11-25,124486,1,80,0,348.0
10109564LQBUENO_2025-11-25_G05,10109564LQBUENO,2025-11-25,124264,1,1,0,2196.0
10109564LQBUENO_2025-11-25_G06,10109564LQBUENO,2025-11-25,122962,1,30,0,195.0
10109564LQBUENO_2025-11-25_G07,10109564LQBUENO,2025-11-25,122671,1,8,0,573.0
10109564LQBUENO_2025-11-25_G08,10109564LQBUENO,2025-11-25,123909,1,100,0,1921.0
10109564LQBUENO_2025-11-25_G09,10109564LQBUENO,2025-11-25,120389,1,50,0,439.0
10109564LQBUENO_2025-11-25_G11,10109564LQBUENO,2025-11-25,"123343, 123345",2,40,30,81.0
10109564LQBUENO_2025-11-25_G12,10109564LQBUENO,2025-11-25,120028,1,12,0,255.0
10109564LQBUENO_2025-11-25_G13,10109564LQBUENO,2025-11-25,122962,1,7,0,191.0
10109564LQBUENO_2025-11-25_G14,10109564LQBUENO,2025-11-25,122185,1,4,0,126.0
10109564LQBUENO_2025-11-26_G02,10109564LQBUENO,2025-11-26,122671,1,4,0,183.0
10109564LQBUENO_2025-11-26_G03,10109564LQBUENO,2025-11-26,121760,1,23,0,500.0
10109564LQBUENO_2025-11-26_G04,10109564LQBUENO,2025-11-26,122703,1,20,0,1732.0
10109564LQBUENO_2025-11-26_G05,10109564LQBUENO,2025-11-26,123909,1,13,0,278.0
10109564LQBUENO_2025-11-26_G06,10109564LQBUENO,2025-11-26,120389,1,24,0,784.0
10109564LQBUENO_2025-11-26_G07,10109564LQBUENO,2025-11-26,124247,1,8,0,380.0
10109564LQBUENO_2025-11-26_G08,10109564LQBUENO,2025-11-26,121651,1,30,0,1189.0
10109564LQBUENO_2025-11-26_G09,10109564LQBUENO,2025-11-26,124248,1,24,0,503.0
10109564LQBUENO_2025-11-26_G10,10109564LQBUENO,2025-11-26,122984,1,56,0,3454.0
10109564LQBUENO_2025-11-26_G11,10109564LQBUENO,2025-11-26,122988,1,4,0,576.0
10109564LQBUENO_2025-11-26_G12,10109564LQBUENO,2025-11-26,122983,1,4,0,135.0
10109564LQBUENO_2025-11-26_G14,10109564LQBUENO,2025-11-26,122962,1,80,0,951.0
10109564LQBUENO_2025-11-26_G15,10109564LQBUENO,2025-11-26,120339,1,30,0,794.0
10109564LQBUENO_2025-11-26_G16,10109564LQBUENO,2025-11-26,124594,1,24,0,367.0
10109564LQBUENO_2025-11-26_G17,10109564LQBUENO,2025-11-26,123889,1,8,0,571.0
10109564LQBUENO_2025-11-26_G18,10109564LQBUENO,2025-11-26,122185,1,30,0,402.0
10109564LQBUENO_2025-11-26_G19,10109564LQBUENO,2025-11-26,123345,1,150,0,137.0
10109564LQBUENO_2025-11-26_G20,10109564LQBUENO,2025-11-26,124475,1,24,0,233.0
10109564LQBUENO_2025-11-26_G21,10109564LQBUENO,2025-11-26,122673,1,32,0,282.0
10109564LQBUENO_2025-11-26_G22,10109564LQBUENO,2025-11-26,123344,1,40,0,308.0
10109564LQBUENO_2025-11-26_G23,10109564LQBUENO,2025-11-26,122962,1,16,0,1444.0
10109564LQBUENO_2025-11-26_G24,10109564LQBUENO,2025-11-26,122962,1,13,0,424.0
10109564LQBUENO_2025-11-26_G25,10109564LQBUENO,2025-11-26,124624,3,86,44,201.0
10109564LQBUENO_2025-11-26_G26,10109564LQBUENO,2025-11-26,124264,1,17,0,294.0
10109564LQBUENO_2025-11-26_G27,10109564LQBUENO,2025-11-26,124477,1,12,0,142.0
10109564LQBUENO_2025-11-26_G28,10109564LQBUENO,2025-11-26,122185,1,10,0,1286.0
10109564LQBUENO_2025-11-26_G29,10109564LQBUENO,2025-11-26,123153,1,5,0,111.0
10109564LQBUENO_2025-11-26_G30,10109564LQBUENO,2025-11-26,124476,1,6,0,99.0
10109564LQBUENO_2025-11-26_G31,10109564LQBUENO,2025-11-26,122984,1,10,0,43.0
10109564LQBUENO_2025-11-26_G32,10109564LQBUENO,2025-11-26,122984,1,17,0,145.0
10109564LQBUENO_2025-11-26_G33,10109564LQBUENO,2025-11-26,120271,1,3,0,97.0
10109564LQBUENO_2025-11-26_G34,10109564LQBUENO,2025-11-26,122982,1,11,0,91.0
10109564LQBUENO_2025-11-26_G35,10109564LQBUENO,2025-11-26,124475,1,12,0,64.0
10109564LQBUENO_2025-11-26_G36,10109564LQBUENO,2025-11-26,123080,1,9,0,124.0
10109564LQBUENO_2025-11-26_G37,10109564LQBUENO,2025-11-26,122671,1,13,0,145.0
10109564LQBUENO_2025-11-26_G38,10109564LQBUENO,2025-11-26,122983,1,11,0,91.0
10109564LQBUENO_2025-11-26_G39,10109564LQBUENO,2025-11-26,121760,1,10,0,97.0
10109564LQBUENO_2025-11-26_G40,10109564LQBUENO,2025-11-26,121760,1,13,0,46.0
10109564LQBUENO_2025-11-26_G41,10109564LQBUENO,2025-11-26,124371,1,14,0,213.0
10109564LQBUENO_2025-11-26_G42,10109564LQBUENO,2025-11-26,123909,1,16,0,157.0
10109564LQBUENO_2025-11-26_G43,10109564LQBUENO,2025-11-26,124370,1,10,0,192.0
10109564LQBUENO_2025-11-26_G44,10109564LQBUENO,2025-11-26,124486,1,9,0,110.0
10109564LQBUENO_2025-11-27_G02,10109564LQBUENO,2025-11-27,123343,2,26,27,113.0
10109564LQBUENO_2025-11-27_G03,10109564LQBUENO,2025-11-27,123345,1,30,0,44.0
10109564LQBUENO_2025-11-27_G04,10109564LQBUENO,2025-11-27,124594,1,4,0,1753.0
10109564LQBUENO_2025-11-27_G05,10109564LQBUENO,2025-11-27,123344,1,6,0,369.0
10109564LQBUENO_2025-11-27_G06,10109564LQBUENO,2025-11-27,121760,1,1,0,86.0
10109564LQBUENO_2025-11-27_G07,10109564LQBUENO,2025-11-27,122984,1,24,0,306.0
10109564LQBUENO_2025-11-27_G08,10109564LQBUENO,2025-11-27,120028,2,53,28,281.0
10109564LQBUENO_2025-11-27_G09,10109564LQBUENO,2025-11-27,122986,1,2,0,395.0
10109564LQBUENO_2025-11-27_G10,10109564LQBUENO,2025-11-27,123560,1,4,0,89.0
10109564LQBUENO_2025-11-27_G11,10109564LQBUENO,2025-11-27,124248,1,4,0,148.0
10109564LQBUENO_2025-11-27_G12,10109564LQBUENO,2025-11-27,122968,1,14,0,151.0
10109564LQBUENO_2025-11-27_G13,10109564LQBUENO,2025-11-27,122962,1,8,0,268.0
10109564LQBUENO_2025-11-27_G14,10109564LQBUENO,2025-11-27,124248,1,52,0,339.0
10109564LQBUENO_2025-11-27_G15,10109564LQBUENO,2025-11-27,124476,1,6,0,517.0
10109564LQBUENO_2025-11-27_G16,10109564LQBUENO,2025-11-27,124475,1,10,0,157.0
10109564LQBUENO_2025-11-27_G17,10109564LQBUENO,2025-11-27,123080,1,3,0,58.0
10109564LQBUENO_2025-11-27_G18,10109564LQBUENO,2025-11-27,124371,1,20,0,180.0
10109564LQBUENO_2025-11-27_G19,10109564LQBUENO,2025-11-27,123909,1,11,0,177.0
10109564LQBUENO_2025-11-27_G20,10109564LQBUENO,2025-11-27,124370,1,20,0,257.0
10109564LQBUENO_2025-11-27_G21,10109564LQBUENO,2025-11-27,123345,1,20,0,408.0
10109564LQBUENO_2025-11-27_G22,10109564LQBUENO,2025-11-27,123344,1,30,0,226.0
10109564LQBUENO_2025-11-27_G23,10109564LQBUENO,2025-11-27,123343,1,15,0,1053.0
10109564LQBUENO_2025-11-27_G24,10109564LQBUENO,2025-11-27,121651,1,14,0,205.0
10109564LQBUENO_2025-11-27_G25,10109564LQBUENO,2025-11-27,122984,1,8,0,424.0
10109564LQBUENO_2025-11-27_G26,10109564LQBUENO,2025-11-27,124475,1,8,0,31.0
10109564LQBUENO_2025-11-27_G27,10109564LQBUENO,2025-11-27,123080,1,4,0,124.0
10109564LQBUENO_2025-11-27_G28,10109564LQBUENO,2025-11-27,121760,1,11,0,361.0
10109564LQBUENO_2025-11-27_G29,10109564LQBUENO,2025-11-27,124486,1,10,0,53.0
10109564LQBUENO_2025-11-27_G30,10109564LQBUENO,2025-11-27,122986,1,4,0,381.0
10109564LQBUENO_2025-11-27_G31,10109564LQBUENO,2025-11-27,124370,1,10,0,138.0
10109564LQBUENO_2025-11-27_G33,10109564LQBUENO,2025-11-27,124476,1,2,0,182.0
10109564LQBUENO_2025-11-27_G34,10109564LQBUENO,2025-11-27,124475,1,3,0,31.0
10109564LQBUENO_2025-11-27_G35,10109564LQBUENO,2025-11-27,124486,1,4,0,136.0
10109564LQBUENO_2025-11-27_G36,10109564LQBUENO,2025-11-27,"123344, 121760",2,6,21,111.0
10109564LQBUENO_2025-11-27_G37,10109564LQBUENO,2025-11-27,123909,1,3,0,76.0
10109564LQBUENO_2025-11-27_G38,10109564LQBUENO,2025-11-27,124486,1,4,0,374.0
10109564LQBUENO_2025-11-27_G39,10109564LQBUENO,2025-11-27,122982,1,4,0,982.0
10109564LQBUENO_2025-11-27_G40,10109564LQBUENO,2025-11-27,122983,1,4,0,159.0
10109564LQBUENO_2025-11-27_G41,10109564LQBUENO,2025-11-27,123343,1,6,0,427.0
10109564LQBUENO_2025-11-27_G42,10109564LQBUENO,2025-11-27,122185,1,20,0,358.0
10109564LQBUENO_2025-11-27_G43,10109564LQBUENO,2025-11-27,122185,1,5,0,106.0
10109564LQBUENO_2025-11-27_G44,10109564LQBUENO,2025-11-27,123909,1,6,0,371.0
10109564LQBUENO_2025-11-27_G45,10109564LQBUENO,2025-11-27,124486,1,4,0,333.0
10109564LQBUENO_2025-11-27_G46,10109564LQBUENO,2025-11-27,124370,1,2,0,90.0
10109564LQBUENO_2025-11-27_G47,10109564LQBUENO,2025-11-27,123345,1,3,0,314.0
10109564LQBUENO_2025-11-27_G48,10109564LQBUENO,2025-11-27,123344,1,6,0,458.0
10109564LQBUENO_2025-11-27_G49,10109564LQBUENO,2025-11-27,121651,1,4,0,56.0
10109564LQBUENO_2025-11-27_G50,10109564LQBUENO,2025-11-27,124475,1,2,0,91.0
10109564LQBUENO_2025-11-27_G51,10109564LQBUENO,2025-11-27,121760,1,2,0,134.0
10109564LQBUENO_2025-11-27_G52,10109564LQBUENO,2025-11-27,121651,1,4,0,89.0
10109564LQBUENO_2025-11-27_G53,10109564LQBUENO,2025-11-27,124371,1,4,0,150.0
10109564LQBUENO_2025-11-27_G54,10109564LQBUENO,2025-11-27,124486,1,4,0,121.0
10109564LQBUENO_2025-11-27_G55,10109564LQBUENO,2025-11-27,124370,1,5,0,445.0
10109564LQBUENO_2025-11-27_G56,10109564LQBUENO,2025-11-27,122962,1,40,0,523.0
10109564LQBUENO_2025-11-27_G57,10109564LQBUENO,2025-11-27,122647,1,30,0,835.0
10109564LQBUENO_2025-11-27_G58,10109564LQBUENO,2025-11-27,122673,1,35,0,921.0
10109564LQBUENO_2025-11-27_G59,10109564LQBUENO,2025-11-27,"123909, 124486",2,6,10,335.0
10109564LQBUENO_2025-11-27_G60,10109564LQBUENO,2025-11-27,124486,1,24,0,352.0
10109564LQBUENO_2025-11-27_G61,10109564LQBUENO,2025-11-27,124370,1,10,0,263.0
10109564LQBUENO_2025-11-27_G62,10109564LQBUENO,2025-11-27,123343,2,9,18,621.0
10109564LQBUENO_2025-11-28_G02,10109564LQBUENO,2025-11-28,121651,1,60,0,1210.0
10109564LQBUENO_2025-11-28_G03,10109564LQBUENO,2025-11-28,124476,1,8,0,135.0
10109564LQBUENO_2025-11-28_G04,10109564LQBUENO,2025-11-28,123909,1,30,0,433.0
10109564LQBUENO_2025-11-28_G05,10109564LQBUENO,2025-11-28,120389,1,20,0,298.0
10109564LQBUENO_2025-11-28_G06,10109564LQBUENO,2025-11-28,123343,1,5,0,168.0
10109564LQBUENO_2025-11-28_G07,10109564LQBUENO,2025-11-28,180373,1,2,0,3063.0
10109564LQBUENO_2025-11-28_G08,10109564LQBUENO,2025-11-28,123345,1,50,0,134.0
10109564LQBUENO_2025-11-28_G09,10109564LQBUENO,2025-11-28,181235,2,9,14,1479.0
10109564LQBUENO_2025-11-28_G10,10109564LQBUENO,2025-11-28,124371,1,4,0,428.0
10109564LQBUENO_2025-11-28_G11,10109564LQBUENO,2025-11-28,124370,1,5,0,305.0
10109564LQBUENO_2025-11-28_G12,10109564LQBUENO,2025-11-28,122673,1,8,0,725.0
10109564LQBUENO_2025-11-28_G13,10109564LQBUENO,2025-11-28,180024,1,1,0,482.0
10109564LQBUENO_2025-11-28_G14,10109564LQBUENO,2025-11-28,122647,1,4,0,159.0
10109564LQBUENO_2025-11-28_G15,10109564LQBUENO,2025-11-28,122673,1,10,0,154.0
10109564LQBUENO_2025-11-29_G02,10109564LQBUENO,2025-11-29,122673,1,26,0,268.0
10109564LQBUENO_2025-11-29_G03,10109564LQBUENO,2025-11-29,123822,1,18,0,461.0
10109564LQBUENO_2025-11-29_G04,10109564LQBUENO,2025-11-29,122962,1,20,0,179.0
10109564LQBUENO_2025-11-29_G05,10109564LQBUENO,2025-11-29,122673,1,10,0,94.0
10109564LQBUENO_2025-11-29_G06,10109564LQBUENO,2025-11-29,124248,1,40,0,209.0
10109564LQBUENO_2025-11-29_G07,10109564LQBUENO,2025-11-29,122984,1,32,0,645.0
10109564LQBUENO_2025-11-29_G08,10109564LQBUENO,2025-11-29,124370,1,190,0,1754.0
10109564LQBUENO_2025-11-29_G09,10109564LQBUENO,2025-11-29,124248,1,22,0,172.0
10109564LQBUENO_2025-11-29_G10,10109564LQBUENO,2025-11-29,122984,1,8,0,738.0
10109564LQBUENO_2025-11-29_G11,10109564LQBUENO,2025-11-29,124475,1,12,0,274.0
10109564LQBUENO_2025-11-29_G12,10109564LQBUENO,2025-11-29,121923,1,4,0,125.0
10109564LQBUENO_2025-11-29_G13,10109564LQBUENO,2025-11-29,123313,1,4,0,131.0
10109564LQBUENO_2025-11-29_G14,10109564LQBUENO,2025-11-29,121651,1,30,0,425.0
10109564LQBUENO_2025-11-29_G15,10109564LQBUENO,2025-11-29,120389,1,10,0,452.0
10109564LQBUENO_2025-11-29_G16,10109564LQBUENO,2025-11-29,124486,1,19,0,1540.0
10109564LQBUENO_2025-11-29_G17,10109564LQBUENO,2025-11-29,"123909, 123345, 122673",3,90,28,46.0
10109564LQBUENO_2025-11-29_G18,10109564LQBUENO,2025-11-29,124486,1,12,0,324.0
10109564LQBUENO_2025-11-29_G19,10109564LQBUENO,2025-11-29,123153,1,18,0,164.0
10109564LQBUENO_2025-11-29_G20,10109564LQBUENO,2025-11-29,123153,1,6,0,79.0
10109564LQBUENO_2025-11-29_G21,10109564LQBUENO,2025-11-29,123153,1,54,0,633.0
10109564LQBUENO_2025-11-29_G22,10109564LQBUENO,2025-11-29,122962,1,18,0,131.0
10109564LQBUENO_2025-11-29_G23,10109564LQBUENO,2025-11-29,121651,1,2,0,101.0
10109564LQBUENO_2025-11-29_G24,10109564LQBUENO,2025-11-29,122647,1,2,0,158.0
10109564LQBUENO_2025-11-29_G25,10109564LQBUENO,2025-11-29,"122988, 124475",2,12,25,33.0
10109564LQBUENO_2025-11-29_G26,10109564LQBUENO,2025-11-29,124475,1,8,0,159.0
10109564LQBUENO_2025-11-29_G27,10109564LQBUENO,2025-11-29,121760,1,12,0,170.0
10109564LQBUENO_2025-11-29_G28,10109564LQBUENO,2025-11-29,121760,1,4,0,37.0
10109564LQBUENO_2025-11-29_G29,10109564LQBUENO,2025-11-29,124371,2,8,7,114.0
10109564LQBUENO_2025-11-29_G30,10109564LQBUENO,2025-11-29,120389,1,6,0,71.0
10109564LQBUENO_2025-11-29_G31,10109564LQBUENO,2025-11-29,121928,1,1,0,35.0
10109564LQBUENO_2025-11-29_G32,10109564LQBUENO,2025-11-29,121928,1,12,0,86.0
10109564LQBUENO_2025-11-29_G33,10109564LQBUENO,2025-11-29,122673,1,14,0,148.0
10109564LQBUENO_2025-11-29_G34,10109564LQBUENO,2025-11-29,124370,1,10,0,248.0
10109564LQBUENO_2025-11-29_G35,10109564LQBUENO,2025-11-29,124370,1,10,0,157.0
10109564LQBUENO_2025-11-29_G36,10109564LQBUENO,2025-11-29,123909,1,15,0,314.0
10109564LQBUENO_2025-11-30_G02,10109564LQBUENO,2025-11-30,123345,1,60,0,191.0
10109564LQBUENO_2025-11-30_G03,10109564LQBUENO,2025-11-30,123343,1,22,0,794.0
10109564LQBUENO_2025-11-30_G04,10109564LQBUENO,2025-11-30,122962,1,25,0,887.0
10109564LQBUENO_2025-11-30_G05,10109564LQBUENO,2025-11-30,121651,1,24,0,77.0
10109564LQBUENO_2025-11-30_G06,10109564LQBUENO,2025-11-30,121651,1,4,0,473.0
10109564LQBUENO_2025-11-30_G07,10109564LQBUENO,2025-11-30,121760,1,4,0,70.0
10109564LQBUENO_2025-11-30_G08,10109564LQBUENO,2025-11-30,121923,1,1,0,75.0
10109564LQBUENO_2025-11-30_G09,10109564LQBUENO,2025-11-30,121651,1,6,0,113.0
10109564LQBUENO_2025-11-30_G10,10109564LQBUENO,2025-11-30,121760,1,7,0,61.0
10109564LQBUENO_2025-11-30_G11,10109564LQBUENO,2025-11-30,124486,1,12,0,517.0
10109564LQBUENO_2025-11-30_G12,10109564LQBUENO,2025-11-30,122962,1,11,0,33.0
10109564LQBUENO_2025-11-30_G13,10109564LQBUENO,2025-11-30,124486,1,19,0,175.0
10109564LQBUENO_2025-11-30_G14,10109564LQBUENO,2025-11-30,122962,1,24,0,209.0
10109564LQBUENO_2025-11-30_G15,10109564LQBUENO,2025-11-30,123343,1,2,0,121.0
10109564LQBUENO_2025-11-30_G16,10109564LQBUENO,2025-11-30,123345,1,8,0,140.0
10109564LQBUENO_2025-11-30_G17,10109564LQBUENO,2025-11-30,122962,1,4,0,156.0
10109564LQBUENO_2025-11-30_G18,10109564LQBUENO,2025-11-30,122647,1,2,0,66.0
10109564LQBUENO_2025-11-30_G19,10109564LQBUENO,2025-11-30,121923,1,1,0,383.0
10109564LQBUENO_2025-11-30_G20,10109564LQBUENO,2025-11-30,123492,1,2,0,153.0
10109564LQBUENO_2025-11-30_G21,10109564LQBUENO,2025-11-30,124486,1,14,0,100.0
10109564LQBUENO_2025-11-30_G22,10109564LQBUENO,2025-11-30,124486,1,18,0,317.0
10109564LQBUENO_2025-11-30_G23,10109564LQBUENO,2025-11-30,122962,1,18,0,97.0
10109564LQBUENO_2025-11-30_G24,10109564LQBUENO,2025-11-30,122962,1,12,0,261.0
10109564LQBUENO_2025-11-30_G25,10109564LQBUENO,2025-11-30,122962,1,28,0,415.0
10109564LQBUENO_2025-11-30_G26,10109564LQBUENO,2025-11-30,122962,1,28,0,49.0
10109564LQBUENO_2025-11-30_G27,10109564LQBUENO,2025-11-30,122671,1,6,0,455.0
10109564LQBUENO_2025-11-30_G28,10109564LQBUENO,2025-11-30,122673,2,24,7,117.0
10109564LQBUENO_2025-11-30_G29,10109564LQBUENO,2025-11-30,123345,1,40,0,881.0
10109564LQBUENO_2025-11-30_G30,10109564LQBUENO,2025-11-30,123909,1,2,0,362.0
10109564LQBUENO_2025-11-30_G31,10109564LQBUENO,2025-11-30,121923,1,3,0,158.0
10109564LQBUENO_2025-11-30_G32,10109564LQBUENO,2025-11-30,122986,1,10,0,180.0
10109564LQBUENO_2025-11-30_G33,10109564LQBUENO,2025-11-30,121760,1,20,0,271.0
10109564LQBUENO_2025-11-30_G34,10109564LQBUENO,2025-11-30,121651,1,5,0,269.0
10109564LQBUENO_2025-11-30_G35,10109564LQBUENO,2025-11-30,121760,1,30,0,264.0
10109564LQBUENO_2025-11-30_G36,10109564LQBUENO,2025-11-30,121651,1,10,0,274.0
10109564LQBUENO_2025-11-30_G37,10109564LQBUENO,2025-11-30,122967,1,32,0,337.0
10109564LQBUENO_2025-11-30_G38,10109564LQBUENO,2025-11-30,122962,1,8,0,198.0
10109564LQBUENO_2025-11-30_G39,10109564LQBUENO,2025-11-30,122647,1,12,0,143.0
10109564LQBUENO_2025-11-30_G40,10109564LQBUENO,2025-11-30,122647,1,20,0,83.0
10109564LQBUENO_2025-12-01_G02,10109564LQBUENO,2025-12-01,124486,1,80,0,647.0
10109564LQBUENO_2025-12-02_G02,10109564LQBUENO,2025-12-02,122984,1,50,0,615.0
10109564LQBUENO_2025-12-02_G03,10109564LQBUENO,2025-12-02,122962,1,8,0,358.0
10109564LQBUENO_2025-12-02_G04,10109564LQBUENO,2025-12-02,120028,1,4,0,80.0
10109564LQBUENO_2025-12-02_G05,10109564LQBUENO,2025-12-02,124486,1,8,0,310.0
10109564LQBUENO_2025-12-02_G06,10109564LQBUENO,2025-12-02,123909,1,12,0,531.0
10109564LQBUENO_2025-12-02_G07,10109564LQBUENO,2025-12-02,122962,1,8,0,410.0
10109564LQBUENO_2025-12-02_G08,10109564LQBUENO,2025-12-02,120028,1,40,0,827.0
10109564LQBUENO_2025-12-02_G09,10109564LQBUENO,2025-12-02,120272,1,7,0,1080.0
10109564LQBUENO_2025-12-02_G10,10109564LQBUENO,2025-12-02,122984,1,56,0,608.0
10109564LQBUENO_2025-12-02_G11,10109564LQBUENO,2025-12-02,120339,1,4,0,320.0
10109564LQBUENO_2025-12-02_G12,10109564LQBUENO,2025-12-02,124548,1,20,0,432.0
10109564LQBUENO_2025-12-02_G13,10109564LQBUENO,2025-12-02,124433,1,12,0,348.0
10109564LQBUENO_2025-12-02_G15,10109564LQBUENO,2025-12-02,120028,1,6,0,430.0
10109564LQBUENO_2025-12-02_G16,10109564LQBUENO,2025-12-02,124486,1,8,0,31.0
10109564LQBUENO_2025-12-02_G17,10109564LQBUENO,2025-12-02,120389,1,12,0,210.0
10109564LQBUENO_2025-12-02_G18,10109564LQBUENO,2025-12-02,123909,1,8,0,137.0
10109564LQBUENO_2025-12-03_G02,10109564LQBUENO,2025-12-03,122962,1,16,0,39.0
10109564LQBUENO_2025-12-03_G03,10109564LQBUENO,2025-12-03,122962,1,14,0,213.0
10109564LQBUENO_2025-12-03_G04,10109564LQBUENO,2025-12-03,122673,1,6,0,159.0
10109564LQBUENO_2025-12-03_G05,10109564LQBUENO,2025-12-03,124248,1,2,0,134.0
10109564LQBUENO_2025-12-03_G06,10109564LQBUENO,2025-12-03,122671,1,4,0,51.0
10109564LQBUENO_2025-12-03_G07,10109564LQBUENO,2025-12-03,123909,1,2,0,98.0
10109564LQBUENO_2025-12-03_G08,10109564LQBUENO,2025-12-03,123345,1,4,0,55.0
10109564LQBUENO_2025-12-03_G09,10109564LQBUENO,2025-12-03,122962,1,30,0,333.0
10109564LQBUENO_2025-12-03_G10,10109564LQBUENO,2025-12-03,123343,1,4,0,691.0
10109564LQBUENO_2025-12-04_G02,10109564LQBUENO,2025-12-04,122671,1,20,0,271.0
10109564LQBUENO_2025-12-04_G03,10109564LQBUENO,2025-12-04,123909,1,60,0,1197.0
10109564LQBUENO_2025-12-04_G04,10109564LQBUENO,2025-12-04,122673,1,8,0,827.0
10109564LQBUENO_2025-12-04_G05,10109564LQBUENO,2025-12-04,123153,1,6,0,233.0
10109564LQBUENO_2025-12-04_G06,10109564LQBUENO,2025-12-04,122673,1,6,0,40.0
10109564LQBUENO_2025-12-04_G07,10109564LQBUENO,2025-12-04,124247,1,30,0,200.0
10109564LQBUENO_2025-12-04_G08,10109564LQBUENO,2025-12-04,122986,1,4,0,526.0
10109564LQBUENO_2025-12-04_G09,10109564LQBUENO,2025-12-04,122673,1,10,0,74.0
10109564LQBUENO_2025-12-04_G10,10109564LQBUENO,2025-12-04,122673,1,10,0,152.0
10109564LQBUENO_2025-12-04_G11,10109564LQBUENO,2025-12-04,121760,1,3,0,229.0
10109564LQBUENO_2025-12-04_G12,10109564LQBUENO,2025-12-04,123345,1,1,0,278.0
10109564LQBUENO_2025-12-04_G13,10109564LQBUENO,2025-12-04,122673,1,8,0,343.0
10109564LQBUENO_2025-12-05_G02,10109564LQBUENO,2025-12-05,120339,1,7,0,1697.0
10109564LQBUENO_2025-12-05_G03,10109564LQBUENO,2025-12-05,124486,1,60,0,76.0
10109564LQBUENO_2025-12-05_G04,10109564LQBUENO,2025-12-05,120389,1,10,0,1031.0
10109564LQBUENO_2025-12-05_G05,10109564LQBUENO,2025-12-05,122962,1,100,0,703.0
10109564LQBUENO_2025-12-07_G02,10109564LQBUENO,2025-12-07,122962,1,20,0,210.0
10109564LQBUENO_2025-12-07_G03,10109564LQBUENO,2025-12-07,124476,1,8,0,206.0
10109564LQBUENO_2025-12-07_G04,10109564LQBUENO,2025-12-07,122982,1,40,0,282.0
10109564LQBUENO_2025-12-07_G05,10109564LQBUENO,2025-12-07,121651,1,10,0,103.0
10109564LQBUENO_2025-12-07_G06,10109564LQBUENO,2025-12-07,123343,1,30,0,907.0
10109564LQBUENO_2025-12-07_G07,10109564LQBUENO,2025-12-07,122984,1,16,0,838.0
10109564LQBUENO_2025-12-07_G08,10109564LQBUENO,2025-12-07,124248,1,38,0,423.0
10109564LQBUENO_2025-12-07_G09,10109564LQBUENO,2025-12-07,122647,1,10,0,472.0
10109564LQBUENO_2025-12-07_G10,10109564LQBUENO,2025-12-07,122647,1,40,0,767.0
10109564LQBUENO_2025-12-07_G11,10109564LQBUENO,2025-12-07,124486,1,50,0,841.0
10109564LQBUENO_2025-12-07_G12,10109564LQBUENO,2025-12-07,122968,1,44,0,1002.0
10109564LQBUENO_2025-12-07_G13,10109564LQBUENO,2025-12-07,122967,1,8,0,230.0
10109564LQBUENO_2025-12-07_G14,10109564LQBUENO,2025-12-07,122962,1,16,0,243.0
10109564LQBUENO_2025-12-07_G15,10109564LQBUENO,2025-12-07,124486,1,10,0,110.0
10109564LQBUENO_2025-12-07_G16,10109564LQBUENO,2025-12-07,124486,1,24,0,918.0
10109564LQBUENO_2025-12-07_G17,10109564LQBUENO,2025-12-07,123153,1,10,0,371.0
10109564LQBUENO_2025-12-07_G18,10109564LQBUENO,2025-12-07,120028,1,10,0,243.0
10109564LQBUENO_2025-12-07_G19,10109564LQBUENO,2025-12-07,122647,1,6,0,138.0
10109564LQBUENO_2025-12-07_G20,10109564LQBUENO,2025-12-07,122673,1,16,0,297.0
10109564LQBUENO_2025-12-07_G21,10109564LQBUENO,2025-12-07,122647,1,26,0,247.0
10109564LQBUENO_2025-12-08_G02,10109564LQBUENO,2025-12-08,122967,1,30,0,451.0
10109564LQBUENO_2025-12-08_G03,10109564LQBUENO,2025-12-08,122984,1,8,0,510.0
10109564LQBUENO_2025-12-08_G04,10109564LQBUENO,2025-12-08,122962,1,16,0,105.0
10109564LQBUENO_2025-12-08_G05,10109564LQBUENO,2025-12-08,122647,1,24,0,288.0
10109564LQBUENO_2025-12-08_G06,10109564LQBUENO,2025-12-08,122673,1,16,0,513.0
10109564LQBUENO_2025-12-08_G07,10109564LQBUENO,2025-12-08,122185,1,20,0,577.0
10109564LQBUENO_2025-12-08_G08,10109564LQBUENO,2025-12-08,122984,1,18,0,541.0
10109564LQBUENO_2025-12-08_G09,10109564LQBUENO,2025-12-08,120271,1,6,0,112.0
10109564LQBUENO_2025-12-08_G10,10109564LQBUENO,2025-12-08,122983,1,18,0,153.0
10109564LQBUENO_2025-12-08_G11,10109564LQBUENO,2025-12-08,122983,1,12,0,361.0
10109564LQBUENO_2025-12-08_G12,10109564LQBUENO,2025-12-08,122983,1,6,0,164.0
10109564LQBUENO_2025-12-08_G13,10109564LQBUENO,2025-12-08,120339,2,24,9,301.0
10109564LQBUENO_2025-12-08_G14,10109564LQBUENO,2025-12-08,124624,2,33,8,1296.0
10109564LQBUENO_2025-12-08_G15,10109564LQBUENO,2025-12-08,124264,1,10,0,47.0
10109564LQBUENO_2025-12-08_G16,10109564LQBUENO,2025-12-08,122647,1,20,0,84.0
10109564LQBUENO_2025-12-08_G17,10109564LQBUENO,2025-12-08,122962,1,40,0,545.0
10109564LQBUENO_2025-12-08_G18,10109564LQBUENO,2025-12-08,122967,1,20,0,213.0
10109564LQBUENO_2025-12-08_G19,10109564LQBUENO,2025-12-08,120028,1,60,0,1421.0
10109564LQBUENO_2025-12-08_G21,10109564LQBUENO,2025-12-08,122673,1,50,0,473.0
10109564LQBUENO_2025-12-08_G22,10109564LQBUENO,2025-12-08,124486,1,4,0,2189.0
10109564LQBUENO_2025-12-08_G23,10109564LQBUENO,2025-12-08,120339,1,4,0,601.0
10109564LQBUENO_2025-12-08_G24,10109564LQBUENO,2025-12-08,122647,1,4,0,141.0
10109564LQBUENO_2025-12-08_G25,10109564LQBUENO,2025-12-08,124248,1,16,0,332.0
10109564LQBUENO_2025-12-08_G26,10109564LQBUENO,2025-12-08,122984,1,40,0,564.0
10109564LQBUENO_2025-12-08_G27,10109564LQBUENO,2025-12-08,124586,1,24,0,435.0
10109564LQBUENO_2025-12-08_G28,10109564LQBUENO,2025-12-08,120389,1,20,0,343.0
10109564LQBUENO_2025-12-08_G29,10109564LQBUENO,2025-12-08,122986,1,30,0,2664.0
10109564LQBUENO_2025-12-08_G30,10109564LQBUENO,2025-12-08,"123345, 123947",2,90,17,38.0
10109564LQBUENO_2025-12-08_G31,10109564LQBUENO,2025-12-08,124486,1,26,0,288.0
10109564LQBUENO_2025-12-09_G02,10109564LQBUENO,2025-12-09,120339,1,20,0,892.0
10109564LQBUENO_2025-12-09_G03,10109564LQBUENO,2025-12-09,122984,1,12,0,384.0
10109564LQBUENO_2025-12-09_G04,10109564LQBUENO,2025-12-09,122185,1,40,0,53.0
10109564LQBUENO_2025-12-09_G05,10109564LQBUENO,2025-12-09,122671,1,8,0,190.0
10109564LQBUENO_2025-12-09_G06,10109564LQBUENO,2025-12-09,124248,1,10,0,153.0
10109564LQBUENO_2025-12-09_G07,10109564LQBUENO,2025-12-09,124486,1,30,0,180.0
10109564LQBUENO_2025-12-09_G08,10109564LQBUENO,2025-12-09,"124247, 124370",2,29,14,945.0
10109564LQBUENO_2025-12-09_G09,10109564LQBUENO,2025-12-09,124370,1,3,0,562.0
10109564LQBUENO_2025-12-09_G10,10109564LQBUENO,2025-12-09,122984,1,4,0,53.0
10109564LQBUENO_2025-12-09_G11,10109564LQBUENO,2025-12-09,122984,1,4,0,85.0
10109564LQBUENO_2025-12-09_G12,10109564LQBUENO,2025-12-09,124548,1,4,0,376.0
10109564LQBUENO_2025-12-09_G13,10109564LQBUENO,2025-12-09,120272,1,16,0,302.0
10109564LQBUENO_2025-12-09_G14,10109564LQBUENO,2025-12-09,123153,1,7,0,240.0
10109564LQBUENO_2025-12-09_G15,10109564LQBUENO,2025-12-09,122981,1,7,0,231.0
10109564LQBUENO_2025-12-09_G16,10109564LQBUENO,2025-12-09,122962,1,17,0,195.0
10109564LQBUENO_2025-12-09_G17,10109564LQBUENO,2025-12-09,120339,1,10,0,199.0
10109564LQBUENO_2025-12-09_G18,10109564LQBUENO,2025-12-09,124476,1,10,0,114.0
10109564LQBUENO_2025-12-09_G19,10109564LQBUENO,2025-12-09,122984,1,10,0,213.0
10109564LQBUENO_2025-12-09_G20,10109564LQBUENO,2025-12-09,122984,2,8,12,1184.0
10109564LQBUENO_2025-12-09_G21,10109564LQBUENO,2025-12-09,122185,1,10,0,226.0
10109564LQBUENO_2025-12-09_G22,10109564LQBUENO,2025-12-09,123562,1,8,0,236.0
10109564LQBUENO_2025-12-09_G23,10109564LQBUENO,2025-12-09,123562,1,2,0,90.0
10109564LQBUENO_2025-12-09_G24,10109564LQBUENO,2025-12-09,122983,1,8,0,138.0
10109564LQBUENO_2025-12-09_G25,10109564LQBUENO,2025-12-09,121651,1,4,0,78.0
10109564LQBUENO_2025-12-09_G26,10109564LQBUENO,2025-12-09,121760,1,13,0,306.0
10109564LQBUENO_2025-12-09_G27,10109564LQBUENO,2025-12-09,122703,1,8,0,223.0
10109564LQBUENO_2025-12-09_G28,10109564LQBUENO,2025-12-09,124371,1,10,0,340.0
10109564LQBUENO_2025-12-09_G30,10109564LQBUENO,2025-12-09,122986,1,29,0,262.0
10109564LQBUENO_2025-12-09_G31,10109564LQBUENO,2025-12-09,122671,1,12,0,799.0
10109564LQBUENO_2025-12-09_G32,10109564LQBUENO,2025-12-09,123909,1,6,0,301.0
10109564LQBUENO_2025-12-09_G33,10109564LQBUENO,2025-12-09,122647,1,50,0,1499.0
10109564LQBUENO_2025-12-09_G34,10109564LQBUENO,2025-12-09,122962,1,50,0,341.0
10109564LQBUENO_2025-12-09_G35,10109564LQBUENO,2025-12-09,122671,1,4,0,452.0
10109564LQBUENO_2025-12-09_G36,10109564LQBUENO,2025-12-09,120008,1,3,0,147.0
10109564LQBUENO_2025-12-09_G37,10109564LQBUENO,2025-12-09,122962,1,70,0,973.0
10109564LQBUENO_2025-12-10_G02,10109564LQBUENO,2025-12-10,122647,1,36,0,1222.0
10109564LQBUENO_2025-12-10_G03,10109564LQBUENO,2025-12-10,122962,1,40,0,208.0
10109564LQBUENO_2025-12-10_G04,10109564LQBUENO,2025-12-10,122671,1,3,0,260.0
10109564LQBUENO_2025-12-10_G05,10109564LQBUENO,2025-12-10,123345,1,4,0,951.0
10109564LQBUENO_2025-12-10_G06,10109564LQBUENO,2025-12-10,122647,1,48,0,33.0
10109564LQBUENO_2025-12-10_G07,10109564LQBUENO,2025-12-10,124486,1,12,0,297.0
10109564LQBUENO_2025-12-10_G08,10109564LQBUENO,2025-12-10,123153,1,28,0,907.0
10109564LQBUENO_2025-12-10_G09,10109564LQBUENO,2025-12-10,124264,1,12,0,265.0
10109564LQBUENO_2025-12-10_G10,10109564LQBUENO,2025-12-10,123560,1,2,0,710.0
10109564LQBUENO_2025-12-10_G11,10109564LQBUENO,2025-12-10,122984,1,11,0,234.0
10109564LQBUENO_2025-12-10_G12,10109564LQBUENO,2025-12-10,123343,1,1,0,155.0
10109564LQBUENO_2025-12-10_G13,10109564LQBUENO,2025-12-10,123822,1,10,0,174.0
10109564LQBUENO_2025-12-10_G14,10109564LQBUENO,2025-12-10,122962,1,6,0,156.0
10109564LQBUENO_2025-12-10_G15,10109564LQBUENO,2025-12-10,120389,1,2,0,81.0
10109564LQBUENO_2025-12-10_G16,10109564LQBUENO,2025-12-10,123081,1,10,0,140.0
10109564LQBUENO_2025-12-10_G17,10109564LQBUENO,2025-12-10,123080,1,16,0,190.0
10109564LQBUENO_2025-12-10_G18,10109564LQBUENO,2025-12-10,122962,1,4,0,161.0
10109564LQBUENO_2025-12-10_G19,10109564LQBUENO,2025-12-10,122962,1,40,0,527.0
10109564LQBUENO_2025-12-10_G20,10109564LQBUENO,2025-12-10,122962,1,32,0,44.0
10109564LQBUENO_2025-12-10_G21,10109564LQBUENO,2025-12-10,122962,1,16,0,526.0
10109564LQBUENO_2025-12-11_G02,10109564LQBUENO,2025-12-11,123312,1,15,0,560.0
10109564LQBUENO_2025-12-11_G03,10109564LQBUENO,2025-12-11,123947,1,23,0,139.0
10109564LQBUENO_2025-12-11_G04,10109564LQBUENO,2025-12-11,122962,1,100,0,1645.0
10109564LQBUENO_2025-12-11_G06,10109564LQBUENO,2025-12-11,124247,1,4,0,1120.0
10109564LQBUENO_2025-12-11_G07,10109564LQBUENO,2025-12-11,120389,1,16,0,175.0
10109564LQBUENO_2025-12-11_G08,10109564LQBUENO,2025-12-11,"124624, 123153, 124486, 120272, 123909, 122962",6,56,69,209.0
10109564LQBUENO_2025-12-12_G02,10109564LQBUENO,2025-12-12,"121651, 122703",2,8,19,838.0
10109564LQBUENO_2025-12-12_G03,10109564LQBUENO,2025-12-12,121760,1,8,0,1113.0
10109564LQBUENO_2025-12-12_G04,10109564LQBUENO,2025-12-12,124486,1,7,0,291.0
10109564LQBUENO_2025-12-12_G05,10109564LQBUENO,2025-12-12,123345,1,3,0,408.0
10109564LQBUENO_2025-12-12_G06,10109564LQBUENO,2025-12-12,123313,1,4,0,274.0
10109564LQBUENO_2025-12-12_G07,10109564LQBUENO,2025-12-12,122962,1,6,0,211.0
10109564LQBUENO_2025-12-12_G08,10109564LQBUENO,2025-12-12,124475,1,8,0,181.0
10109564LQBUENO_2025-12-12_G09,10109564LQBUENO,2025-12-12,121651,1,4,0,184.0
10109564LQBUENO_2025-12-12_G10,10109564LQBUENO,2025-12-12,124371,1,5,0,243.0
10109564LQBUENO_2025-12-12_G11,10109564LQBUENO,2025-12-12,121760,1,4,0,146.0
10109564LQBUENO_2025-12-12_G12,10109564LQBUENO,2025-12-12,123344,1,7,0,220.0
10109564LQBUENO_2025-12-12_G13,10109564LQBUENO,2025-12-12,123345,1,8,0,84.0
10109564LQBUENO_2025-12-12_G14,10109564LQBUENO,2025-12-12,123344,1,2,0,241.0
10109564LQBUENO_2025-12-12_G15,10109564LQBUENO,2025-12-12,121651,1,4,0,193.0
10109564LQBUENO_2025-12-12_G16,10109564LQBUENO,2025-12-12,"124371, 121760",2,8,12,153.0
10109564LQBUENO_2025-12-12_G17,10109564LQBUENO,2025-12-12,"124370, 123345",2,14,20,189.0
10109564LQBUENO_2025-12-12_G18,10109564LQBUENO,2025-12-12,123344,1,6,0,160.0
10109564LQBUENO_2025-12-12_G19,10109564LQBUENO,2025-12-12,"122962, 124475",2,8,26,226.0
10109564LQBUENO_2025-12-12_G20,10109564LQBUENO,2025-12-12,121651,1,6,0,198.0
10109564LQBUENO_2025-12-12_G21,10109564LQBUENO,2025-12-12,122703,1,4,0,60.0
10109564LQBUENO_2025-12-12_G22,10109564LQBUENO,2025-12-12,124371,1,5,0,74.0
10109564LQBUENO_2025-12-12_G23,10109564LQBUENO,2025-12-12,124370,1,10,0,66.0
10109564LQBUENO_2025-12-12_G24,10109564LQBUENO,2025-12-12,123345,1,2,0,147.0
10109564LQBUENO_2025-12-12_G25,10109564LQBUENO,2025-12-12,123344,1,4,0,81.0
10109564LQBUENO_2025-12-12_G26,10109564LQBUENO,2025-12-12,122984,1,18,0,169.0
10109564LQBUENO_2025-12-12_G27,10109564LQBUENO,2025-12-12,122962,1,4,0,250.0
10109564LQBUENO_2025-12-12_G28,10109564LQBUENO,2025-12-12,124475,1,4,0,58.0
10109564LQBUENO_2025-12-12_G29,10109564LQBUENO,2025-12-12,121651,1,12,0,40.0
10109564LQBUENO_2025-12-12_G30,10109564LQBUENO,2025-12-12,122703,1,1,0,50.0
10109564LQBUENO_2025-12-12_G31,10109564LQBUENO,2025-12-12,121760,1,5,0,233.0
10109564LQBUENO_2025-12-12_G32,10109564LQBUENO,2025-12-12,121760,1,17,0,112.0
10109564LQBUENO_2025-12-12_G34,10109564LQBUENO,2025-12-12,122962,1,3,0,40.0
10109564LQBUENO_2025-12-12_G35,10109564LQBUENO,2025-12-12,121651,1,32,0,190.0
10109564LQBUENO_2025-12-12_G36,10109564LQBUENO,2025-12-12,"121760, 124486",2,6,30,291.0
10109564LQBUENO_2025-12-12_G37,10109564LQBUENO,2025-12-12,123909,1,4,0,132.0
10109564LQBUENO_2025-12-12_G38,10109564LQBUENO,2025-12-12,124476,1,4,0,67.0
10109564LQBUENO_2025-12-12_G39,10109564LQBUENO,2025-12-12,123345,1,2,0,31.0
10109564LQBUENO_2025-12-12_G40,10109564LQBUENO,2025-12-12,"122962, 121651",2,9,22,122.0
10109564LQBUENO_2025-12-12_G41,10109564LQBUENO,2025-12-12,124486,1,2,0,48.0
10109564LQBUENO_2025-12-12_G42,10109564LQBUENO,2025-12-12,123909,1,4,0,66.0
10109564LQBUENO_2025-12-12_G43,10109564LQBUENO,2025-12-12,121760,1,13,0,309.0
10109564LQBUENO_2025-12-12_G44,10109564LQBUENO,2025-12-12,124248,1,25,0,361.0
10109564LQBUENO_2025-12-12_G45,10109564LQBUENO,2025-12-12,123344,1,12,0,144.0
10109564LQBUENO_2025-12-12_G46,10109564LQBUENO,2025-12-12,122185,1,30,0,407.0
10109564LQBUENO_2025-12-12_G47,10109564LQBUENO,2025-12-12,122962,1,8,0,182.0
10109564LQBUENO_2025-12-12_G48,10109564LQBUENO,2025-12-12,"121651, 124371",2,7,26,91.0
10109564LQBUENO_2025-12-12_G49,10109564LQBUENO,2025-12-12,124486,1,20,0,133.0
10109564LQBUENO_2025-12-12_G50,10109564LQBUENO,2025-12-12,123909,1,7,0,191.0
10109564LQBUENO_2025-12-12_G51,10109564LQBUENO,2025-12-12,124370,1,14,0,89.0
10109564LQBUENO_2025-12-12_G52,10109564LQBUENO,2025-12-12,120028,1,30,0,432.0
10109564LQBUENO_2025-12-12_G53,10109564LQBUENO,2025-12-12,123344,1,8,0,442.0
10109564LQBUENO_2025-12-12_G54,10109564LQBUENO,2025-12-12,124475,1,14,0,99.0
10109564LQBUENO_2025-12-12_G55,10109564LQBUENO,2025-12-12,122962,1,1,0,57.0
10109564LQBUENO_2025-12-12_G56,10109564LQBUENO,2025-12-12,"121651, 124371",2,7,16,196.0
10109564LQBUENO_2025-12-12_G57,10109564LQBUENO,2025-12-12,121760,1,6,0,41.0
10109564LQBUENO_2025-12-12_G58,10109564LQBUENO,2025-12-12,124486,1,4,0,50.0
10109564LQBUENO_2025-12-12_G59,10109564LQBUENO,2025-12-12,123909,1,2,0,187.0
10109564LQBUENO_2025-12-12_G60,10109564LQBUENO,2025-12-12,123345,2,7,19,65.0
10109564LQBUENO_2025-12-12_G61,10109564LQBUENO,2025-12-12,123344,1,3,0,143.0
10109564LQBUENO_2025-12-12_G62,10109564LQBUENO,2025-12-12,124477,1,5,0,179.0
10109564LQBUENO_2025-12-12_G63,10109564LQBUENO,2025-12-12,"124475, 121651",2,8,20,153.0
10109564LQBUENO_2025-12-12_G64,10109564LQBUENO,2025-12-12,"121760, 124486",2,9,9,141.0
10109564LQBUENO_2025-12-12_G65,10109564LQBUENO,2025-12-12,"123909, 124370",2,5,12,155.0
10109564LQBUENO_2025-12-12_G66,10109564LQBUENO,2025-12-12,"122647, 121923, 122962, 120389, 120008, 120028",7,97,83,1805.0
10109564LQBUENO_2025-12-12_G67,10109564LQBUENO,2025-12-12,123492,1,4,0,1175.0
10109564LQBUENO_2025-12-12_G68,10109564LQBUENO,2025-12-12,122962,1,8,0,64.0
10109564LQBUENO_2025-12-12_G69,10109564LQBUENO,2025-12-12,"124486, 122983",2,28,16,347.0
10109564LQBUENO_2025-12-12_G70,10109564LQBUENO,2025-12-12,122962,1,12,0,85.0
10109564LQBUENO_2025-12-12_G71,10109564LQBUENO,2025-12-12,124486,1,8,0,33.0
10109564LQBUENO_2025-12-12_G72,10109564LQBUENO,2025-12-12,124486,1,30,0,168.0
10109564LQBUENO_2025-12-13_G02,10109564LQBUENO,2025-12-13,124370,2,46,23,71.0
10109564LQBUENO_2025-12-13_G03,10109564LQBUENO,2025-12-13,124370,1,117,0,84.0
10109564LQBUENO_2025-12-13_G04,10109564LQBUENO,2025-12-13,120339,1,20,0,3304.0
10109564LQBUENO_2025-12-13_G05,10109564LQBUENO,2025-12-13,124371,1,18,0,461.0
10109564LQBUENO_2025-12-13_G06,10109564LQBUENO,2025-12-13,122962,1,13,0,698.0
10109564LQBUENO_2025-12-13_G07,10109564LQBUENO,2025-12-13,124486,1,15,0,230.0
10109564LQBUENO_2025-12-13_G08,10109564LQBUENO,2025-12-13,121923,1,2,0,202.0
10109564LQBUENO_2025-12-13_G09,10109564LQBUENO,2025-12-13,124370,1,50,0,572.0
10109564LQBUENO_2025-12-13_G10,10109564LQBUENO,2025-12-13,124486,1,5,0,701.0
10109564LQBUENO_2025-12-14_G02,10109564LQBUENO,2025-12-14,122981,1,3,0,240.0
10109564LQBUENO_2025-12-14_G03,10109564LQBUENO,2025-12-14,122195,1,8,0,268.0
10109564LQBUENO_2025-12-14_G04,10109564LQBUENO,2025-12-14,"124624, 121760",2,34,27,1000.0
10109564LQBUENO_2025-12-14_G05,10109564LQBUENO,2025-12-14,121651,1,4,0,2925.0
10109564LQBUENO_2025-12-14_G06,10109564LQBUENO,2025-12-14,124486,1,7,0,242.0
10109564LQBUENO_2025-12-14_G07,10109564LQBUENO,2025-12-14,123909,1,6,0,222.0
10109564LQBUENO_2025-12-14_G08,10109564LQBUENO,2025-12-14,123561,1,2,0,449.0
10109564LQBUENO_2025-12-14_G09,10109564LQBUENO,2025-12-14,121760,1,13,0,537.0
10109564LQBUENO_2025-12-14_G10,10109564LQBUENO,2025-12-14,123345,1,63,0,659.0
10109564LQBUENO_2025-12-14_G11,10109564LQBUENO,2025-12-14,123343,1,8,0,281.0
10109564LQBUENO_2025-12-15_G02,10109564LQBUENO,2025-12-15,124370,1,6,0,2393.0
10109564LQBUENO_2025-12-15_G03,10109564LQBUENO,2025-12-15,124476,1,56,0,1031.0
10109564LQBUENO_2025-12-15_G04,10109564LQBUENO,2025-12-15,124475,1,20,0,906.0
10109564LQBUENO_2025-12-15_G05,10109564LQBUENO,2025-12-15,124371,1,8,0,429.0
10109564LQBUENO_2025-12-15_G06,10109564LQBUENO,2025-12-15,124486,1,50,0,1650.0
10109564LQBUENO_2025-12-15_G07,10109564LQBUENO,2025-12-15,122962,1,50,0,1743.0
10109564LQBUENO_2025-12-16_G02,10109564LQBUENO,2025-12-16,"124594, 123344, 124370",3,70,22,51.0
10109564LQBUENO_2025-12-17_G02,10109564LQBUENO,2025-12-17,120028,1,4,0,92.0
10109564LQBUENO_2025-12-17_G03,10109564LQBUENO,2025-12-17,122981,1,4,0,167.0
10109564LQBUENO_2025-12-17_G04,10109564LQBUENO,2025-12-17,122984,1,20,0,198.0
10109564LQBUENO_2025-12-17_G05,10109564LQBUENO,2025-12-17,122984,1,8,0,43.0
10109564LQBUENO_2025-12-17_G06,10109564LQBUENO,2025-12-17,122984,1,15,0,256.0
10109564LQBUENO_2025-12-17_G07,10109564LQBUENO,2025-12-17,123562,2,6,10,106.0
10109564LQBUENO_2025-12-17_G08,10109564LQBUENO,2025-12-17,123561,1,4,0,387.0
10109564LQBUENO_2025-12-17_G09,10109564LQBUENO,2025-12-17,123345,1,4,0,57.0
10109564LQBUENO_2025-12-17_G10,10109564LQBUENO,2025-12-17,124371,1,25,0,425.0
10109564LQBUENO_2025-12-17_G11,10109564LQBUENO,2025-12-17,181907,1,8,0,257.0
10109564LQBUENO_2025-12-17_G12,10109564LQBUENO,2025-12-17,120339,1,80,0,1177.0
10109564LQBUENO_2025-12-17_G13,10109564LQBUENO,2025-12-17,124624,1,60,0,806.0
10109564LQBUENO_2025-12-17_G14,10109564LQBUENO,2025-12-17,123822,1,100,0,2322.0
10109564LQBUENO_2025-12-17_G15,10109564LQBUENO,2025-12-17,180676,1,4,0,243.0
10109564LQBUENO_2025-12-17_G16,10109564LQBUENO,2025-12-17,"121760, 123080",2,4,22,322.0
10109564LQBUENO_2025-12-17_G17,10109564LQBUENO,2025-12-17,"123344, 123343",3,20,25,1551.0
10109564LQBUENO_2025-12-17_G18,10109564LQBUENO,2025-12-17,"122984, 123153, 122671, 121651, 121760",5,42,46,290.0
10109564LQBUENO_2025-12-18_G02,10109564LQBUENO,2025-12-18,"124486, 123344",2,6,23,116.0
10109564LQBUENO_2025-12-18_G03,10109564LQBUENO,2025-12-18,124370,1,6,0,1013.0
10109564LQBUENO_2025-12-18_G04,10109564LQBUENO,2025-12-18,"124371, 124486, 123345",4,12,51,804.0
10109564LQBUENO_2025-12-18_G05,10109564LQBUENO,2025-12-18,122962,2,24,13,526.0
10109564LQBUENO_2025-12-18_G06,10109564LQBUENO,2025-12-18,120028,1,34,0,578.0
10109564LQBUENO_2025-12-18_G07,10109564LQBUENO,2025-12-18,123345,1,2,0,308.0
10109564LQBUENO_2025-12-18_G08,10109564LQBUENO,2025-12-18,121651,1,7,0,139.0
10109564LQBUENO_2025-12-18_G09,10109564LQBUENO,2025-12-18,"121760, 122962",2,4,8,373.0
10109564LQBUENO_2025-12-18_G10,10109564LQBUENO,2025-12-18,122962,1,24,0,892.0
10109564LQBUENO_2025-12-18_G11,10109564LQBUENO,2025-12-18,124486,1,40,0,390.0
10109564LQBUENO_2025-12-18_G12,10109564LQBUENO,2025-12-18,123153,1,6,0,372.0
10109564LQBUENO_2025-12-18_G13,10109564LQBUENO,2025-12-18,124486,1,6,0,49.0
10109564LQBUENO_2025-12-18_G14,10109564LQBUENO,2025-12-18,"121651, 121760",2,4,8,118.0
10109564LQBUENO_2025-12-18_G15,10109564LQBUENO,2025-12-18,124486,1,4,0,55.0
10109564LQBUENO_2025-12-18_G16,10109564LQBUENO,2025-12-18,123153,1,8,0,1416.0
10109564LQBUENO_2025-12-18_G17,10109564LQBUENO,2025-12-18,123153,1,10,0,67.0
10109564LQBUENO_2025-12-18_G18,10109564LQBUENO,2025-12-18,122962,1,4,0,251.0
10109564LQBUENO_2025-12-18_G19,10109564LQBUENO,2025-12-18,124548,1,2,0,152.0
10109564LQBUENO_2025-12-18_G20,10109564LQBUENO,2025-12-18,124370,1,16,0,386.0
10109564LQBUENO_2025-12-18_G21,10109564LQBUENO,2025-12-18,"121651, 121760",2,4,9,173.0
10109564LQBUENO_2025-12-18_G22,10109564LQBUENO,2025-12-18,122962,1,3,0,64.0
10109564LQBUENO_2025-12-18_G23,10109564LQBUENO,2025-12-18,123909,1,2,0,149.0
10109564LQBUENO_2025-12-18_G24,10109564LQBUENO,2025-12-18,123345,1,6,0,101.0
10109564LQBUENO_2025-12-18_G25,10109564LQBUENO,2025-12-18,123344,1,4,0,366.0
10109564LQBUENO_2025-12-18_G26,10109564LQBUENO,2025-12-18,"123345, 123344",2,4,15,57.0
10109564LQBUENO_2025-12-18_G27,10109564LQBUENO,2025-12-18,"121651, 121760",2,5,16,56.0
10109564LQBUENO_2025-12-18_G28,10109564LQBUENO,2025-12-18,124486,1,4,0,42.0
10109564LQBUENO_2025-12-18_G30,10109564LQBUENO,2025-12-18,124548,1,100,0,2782.0
10109564LQBUENO_2025-12-18_G31,10109564LQBUENO,2025-12-18,122983,1,16,0,613.0
10109564LQBUENO_2025-12-18_G32,10109564LQBUENO,2025-12-18,120339,1,20,0,258.0
10109564LQBUENO_2025-12-18_G33,10109564LQBUENO,2025-12-18,122962,1,12,0,135.0
10109564LQBUENO_2025-12-18_G34,10109564LQBUENO,2025-12-18,120028,1,12,0,164.0
10109564LQBUENO_2025-12-18_G35,10109564LQBUENO,2025-12-18,121651,1,30,0,774.0
10109564LQBUENO_2025-12-18_G36,10109564LQBUENO,2025-12-18,122703,1,20,0,257.0
10109564LQBUENO_2025-12-18_G37,10109564LQBUENO,2025-12-18,124486,1,60,0,1749.0
10109564LQBUENO_2025-12-18_G38,10109564LQBUENO,2025-12-18,122962,1,70,0,1748.0
10109564LQBUENO_2025-12-18_G39,10109564LQBUENO,2025-12-18,121760,1,60,0,379.0
10109564LQBUENO_2025-12-18_G40,10109564LQBUENO,2025-12-18,"123345, 123344",2,140,29,1331.0
10109564LQBUENO_2025-12-19_G02,10109564LQBUENO,2025-12-19,123344,1,5,0,51.0
10109564LQBUENO_2025-12-19_G03,10109564LQBUENO,2025-12-19,121760,1,16,0,928.0
10109564LQBUENO_2025-12-19_G04,10109564LQBUENO,2025-12-19,121651,1,5,0,226.0
10109564LQBUENO_2025-12-19_G05,10109564LQBUENO,2025-12-19,124486,1,14,0,182.0
10109564LQBUENO_2025-12-19_G06,10109564LQBUENO,2025-12-19,123909,1,13,0,587.0
10109564LQBUENO_2025-12-19_G07,10109564LQBUENO,2025-12-19,"123313, 123343",2,6,23,76.0
10109564LQBUENO_2025-12-19_G08,10109564LQBUENO,2025-12-19,124370,1,20,0,975.0
10109564LQBUENO_2025-12-19_G09,10109564LQBUENO,2025-12-19,122984,1,50,0,1278.0
10109564LQBUENO_2025-12-19_G10,10109564LQBUENO,2025-12-19,123153,1,8,0,592.0
10109564LQBUENO_2025-12-19_G11,10109564LQBUENO,2025-12-19,122185,1,50,0,251.0
10109564LQBUENO_2025-12-19_G12,10109564LQBUENO,2025-12-19,122962,1,75,0,43.0
10109564LQBUENO_2025-12-19_G13,10109564LQBUENO,2025-12-19,124433,1,4,0,576.0
10109564LQBUENO_2025-12-19_G14,10109564LQBUENO,2025-12-19,122988,1,4,0,178.0
10109564LQBUENO_2025-12-19_G15,10109564LQBUENO,2025-12-19,122986,1,3,0,139.0
10109564LQBUENO_2025-12-19_G16,10109564LQBUENO,2025-12-19,124371,1,20,0,31.0
10109564LQBUENO_2025-12-19_G17,10109564LQBUENO,2025-12-19,"124624, 124594",2,18,29,31.0
10109564LQBUENO_2025-12-19_G19,10109564LQBUENO,2025-12-19,123343,2,6,21,421.0
10109564LQBUENO_2025-12-19_G20,10109564LQBUENO,2025-12-19,123909,1,20,0,200.0
10109564LQBUENO_2025-12-19_G21,10109564LQBUENO,2025-12-19,122673,1,30,0,216.0
10109564LQBUENO_2025-12-19_G22,10109564LQBUENO,2025-12-19,124248,1,2,0,245.0
10109564LQBUENO_2025-12-19_G23,10109564LQBUENO,2025-12-19,122962,1,2,0,73.0
10109564LQBUENO_2025-12-19_G24,10109564LQBUENO,2025-12-19,122673,1,4,0,363.0
10109564LQBUENO_2025-12-19_G25,10109564LQBUENO,2025-12-19,122962,1,16,0,583.0
10109564LQBUENO_2025-12-19_G26,10109564LQBUENO,2025-12-19,122984,1,4,0,284.0
10109564LQBUENO_2025-12-19_G27,10109564LQBUENO,2025-12-19,123909,1,10,0,156.0
10109564LQBUENO_2025-12-19_G28,10109564LQBUENO,2025-12-19,124247,1,4,0,112.0
10109564LQBUENO_2025-12-19_G29,10109564LQBUENO,2025-12-19,122983,1,20,0,397.0
10109564LQBUENO_2025-12-19_G30,10109564LQBUENO,2025-12-19,122984,1,8,0,493.0
10109564LQBUENO_2025-12-19_G31,10109564LQBUENO,2025-12-19,122962,1,4,0,158.0
10109564LQBUENO_2025-12-19_G32,10109564LQBUENO,2025-12-19,123343,1,30,0,1583.0
10109564LQBUENO_2025-12-19_G33,10109564LQBUENO,2025-12-19,122962,1,40,0,1243.0
10109564LQBUENO_2025-12-19_G34,10109564LQBUENO,2025-12-19,122185,1,40,0,531.0
10109564LQBUENO_2025-12-20_G02,10109564LQBUENO,2025-12-20,122962,1,32,0,41.0
10109564LQBUENO_2025-12-20_G03,10109564LQBUENO,2025-12-20,124370,1,76,0,453.0
10109564LQBUENO_2025-12-20_G04,10109564LQBUENO,2025-12-20,181057,1,4,0,543.0
10109564LQBUENO_2025-12-20_G05,10109564LQBUENO,2025-12-20,181235,1,6,0,809.0
10109564LQBUENO_2025-12-20_G06,10109564LQBUENO,2025-12-20,122962,1,20,0,267.0
10109564LQBUENO_2025-12-20_G07,10109564LQBUENO,2025-12-20,121760,1,31,0,1520.0
10109564LQBUENO_2025-12-20_G08,10109564LQBUENO,2025-12-20,121760,1,19,0,202.0
10109564LQBUENO_2025-12-20_G09,10109564LQBUENO,2025-12-20,121651,1,20,0,327.0
10109564LQBUENO_2025-12-20_G10,10109564LQBUENO,2025-12-20,123343,1,2,0,644.0
10109564LQBUENO_2025-12-20_G11,10109564LQBUENO,2025-12-20,181057,1,2,0,184.0
10109564LQBUENO_2025-12-20_G12,10109564LQBUENO,2025-12-20,123343,1,2,0,340.0
10109564LQBUENO_2025-12-20_G13,10109564LQBUENO,2025-12-20,122988,1,13,0,113.0
10109564LQBUENO_2025-12-20_G14,10109564LQBUENO,2025-12-20,"122962, 122988",2,6,6,272.0
10109564LQBUENO_2025-12-20_G15,10109564LQBUENO,2025-12-20,124475,1,2,0,212.0
10109564LQBUENO_2025-12-20_G16,10109564LQBUENO,2025-12-20,124486,1,2,0,190.0
10109564LQBUENO_2025-12-20_G17,10109564LQBUENO,2025-12-20,122962,1,10,0,62.0
10109564LQBUENO_2025-12-20_G18,10109564LQBUENO,2025-12-20,"124371, 124486",2,8,24,185.0
10109564LQBUENO_2025-12-20_G19,10109564LQBUENO,2025-12-20,"123345, 123343",2,4,11,199.0
10109564LQBUENO_2025-12-20_G20,10109564LQBUENO,2025-12-20,"181057, 123343",2,3,14,394.0
10109564LQBUENO_2025-12-20_G21,10109564LQBUENO,2025-12-20,122988,1,3,0,348.0
10109564LQBUENO_2025-12-20_G22,10109564LQBUENO,2025-12-20,123909,1,4,0,126.0
10109564LQBUENO_2025-12-20_G23,10109564LQBUENO,2025-12-20,"180378, 123343",2,4,20,183.0
10109564LQBUENO_2025-12-20_G24,10109564LQBUENO,2025-12-20,121760,1,4,0,117.0
10109564LQBUENO_2025-12-20_G25,10109564LQBUENO,2025-12-20,"181057, 123343",2,4,21,132.0
10109564LQBUENO_2025-12-21_G02,10109564LQBUENO,2025-12-21,122988,1,10,0,589.0
10109564LQBUENO_2025-12-21_G03,10109564LQBUENO,2025-12-21,124475,1,12,0,68.0
10109564LQBUENO_2025-12-21_G04,10109564LQBUENO,2025-12-21,122962,1,36,0,173.0
10109564LQBUENO_2025-12-21_G05,10109564LQBUENO,2025-12-21,122962,1,12,0,232.0
10109564LQBUENO_2025-12-21_G06,10109564LQBUENO,2025-12-21,122984,1,12,0,196.0
10109564LQBUENO_2025-12-21_G07,10109564LQBUENO,2025-12-21,124486,1,17,0,68.0
10109564LQBUENO_2025-12-21_G08,10109564LQBUENO,2025-12-21,121928,1,2,0,59.0
10109564LQBUENO_2025-12-21_G09,10109564LQBUENO,2025-12-21,124433,1,1,0,77.0
10109564LQBUENO_2025-12-21_G10,10109564LQBUENO,2025-12-21,123521,1,2,0,129.0
10109564LQBUENO_2025-12-22_G02,10109564LQBUENO,2025-12-22,123822,1,14,0,117.0
10109564LQBUENO_2025-12-22_G03,10109564LQBUENO,2025-12-22,123080,1,32,0,416.0
10109564LQBUENO_2025-12-22_G04,10109564LQBUENO,2025-12-22,123343,1,18,0,411.0
10109564LQBUENO_2025-12-22_G05,10109564LQBUENO,2025-12-22,122673,1,14,0,1274.0
10109564LQBUENO_2025-12-22_G06,10109564LQBUENO,2025-12-22,122673,1,4,0,88.0
10109564LQBUENO_2025-12-22_G07,10109564LQBUENO,2025-12-22,124486,1,6,0,211.0
10109564LQBUENO_2025-12-22_G08,10109564LQBUENO,2025-12-22,122673,1,4,0,76.0
10109564LQBUENO_2025-12-22_G09,10109564LQBUENO,2025-12-22,122673,2,34,27,283.0
10109564LQBUENO_2025-12-22_G10,10109564LQBUENO,2025-12-22,122673,1,12,0,129.0
10109564LQBUENO_2025-12-22_G11,10109564LQBUENO,2025-12-22,122673,1,10,0,70.0
10109564LQBUENO_2025-12-22_G12,10109564LQBUENO,2025-12-22,122673,1,10,0,112.0
10109564LQBUENO_2025-12-22_G13,10109564LQBUENO,2025-12-22,124371,1,20,0,2172.0
10109564LQBUENO_2025-12-22_G14,10109564LQBUENO,2025-12-22,120389,1,10,0,290.0
10109564LQBUENO_2025-12-22_G15,10109564LQBUENO,2025-12-22,121760,1,24,0,455.0
10109564LQBUENO_2025-12-22_G16,10109564LQBUENO,2025-12-22,122962,1,24,0,343.0
10109564LQBUENO_2025-12-22_G17,10109564LQBUENO,2025-12-22,122671,1,4,0,374.0
10109564LQBUENO_2025-12-22_G18,10109564LQBUENO,2025-12-22,124486,1,36,0,654.0
10109564LQBUENO_2025-12-22_G19,10109564LQBUENO,2025-12-22,122962,1,39,0,378.0
10109564LQBUENO_2025-12-22_G20,10109564LQBUENO,2025-12-22,122962,1,4,0,663.0
10109564LQBUENO_2025-12-22_G21,10109564LQBUENO,2025-12-22,120028,1,24,0,32.0
10109564LQBUENO_2025-12-22_G22,10109564LQBUENO,2025-12-22,"124247, 122983",2,6,30,270.0
10109564LQBUENO_2025-12-23_G02,10109564LQBUENO,2025-12-23,122185,1,10,0,159.0
10109564LQBUENO_2025-12-23_G03,10109564LQBUENO,2025-12-23,122671,1,3,0,55.0
10109564LQBUENO_2025-12-23_G04,10109564LQBUENO,2025-12-23,122984,1,12,0,91.0
10109564LQBUENO_2025-12-23_G05,10109564LQBUENO,2025-12-23,121651,1,14,0,357.0
10109564LQBUENO_2025-12-23_G06,10109564LQBUENO,2025-12-23,122986,1,10,0,239.0
10109564LQBUENO_2025-12-23_G07,10109564LQBUENO,2025-12-23,123909,1,10,0,600.0
10109564LQBUENO_2025-12-23_G08,10109564LQBUENO,2025-12-23,"124624, 121760",2,30,8,2086.0
10109564LQBUENO_2025-12-23_G09,10109564LQBUENO,2025-12-23,124248,1,7,0,1703.0
10109564LQBUENO_2025-12-23_G11,10109564LQBUENO,2025-12-23,123909,1,6,0,264.0
10109564LQBUENO_2025-12-23_G12,10109564LQBUENO,2025-12-23,120008,1,30,0,888.0
10109564LQBUENO_2025-12-23_G13,10109564LQBUENO,2025-12-23,124370,1,11,0,380.0
10109564LQBUENO_2025-12-23_G14,10109564LQBUENO,2025-12-23,121651,1,12,0,421.0
10109564LQBUENO_2025-12-23_G15,10109564LQBUENO,2025-12-23,121760,1,32,0,738.0
10109564LQBUENO_2025-12-23_G16,10109564LQBUENO,2025-12-23,123343,1,12,0,935.0
10109564LQBUENO_2025-12-23_G17,10109564LQBUENO,2025-12-23,123345,1,40,0,581.0
10109564LQBUENO_2025-12-23_G18,10109564LQBUENO,2025-12-23,122673,1,12,0,339.0
10109564LQBUENO_2025-12-23_G19,10109564LQBUENO,2025-12-23,122673,1,30,0,241.0
10109564LQBUENO_2025-12-23_G20,10109564LQBUENO,2025-12-23,124248,1,23,0,268.0
10109564LQBUENO_2025-12-23_G21,10109564LQBUENO,2025-12-23,124248,1,22,0,362.0
10109564LQBUENO_2025-12-23_G22,10109564LQBUENO,2025-12-23,122647,1,22,0,290.0
10109564LQBUENO_2025-12-23_G23,10109564LQBUENO,2025-12-23,122962,1,17,0,73.0
10109564LQBUENO_2025-12-23_G24,10109564LQBUENO,2025-12-23,124248,1,1,0,419.0
10109564LQBUENO_2025-12-23_G25,10109564LQBUENO,2025-12-23,124248,1,2,0,63.0
10109564LQBUENO_2025-12-23_G26,10109564LQBUENO,2025-12-23,122984,1,5,0,60.0
10109564LQBUENO_2025-12-23_G27,10109564LQBUENO,2025-12-23,123080,1,16,0,227.0
10109564LQBUENO_2025-12-26_G02,10109564LQBUENO,2025-12-26,120271,1,6,0,200.0
10109564LQBUENO_2025-12-26_G03,10109564LQBUENO,2025-12-26,124248,2,20,24,192.0
10109564LQBUENO_2025-12-26_G04,10109564LQBUENO,2025-12-26,120339,1,50,0,2384.0
10109564LQBUENO_2025-12-26_G05,10109564LQBUENO,2025-12-26,122988,1,3,0,205.0
10109564LQBUENO_2025-12-26_G06,10109564LQBUENO,2025-12-26,181887,1,3,0,47.0
10109564LQBUENO_2025-12-26_G07,10109564LQBUENO,2025-12-26,114647,1,4,0,80.0
10109564LQBUENO_2025-12-26_G08,10109564LQBUENO,2025-12-26,124486,1,80,0,627.0
10109564LQBUENO_2025-12-26_G09,10109564LQBUENO,2025-12-26,123343,1,21,0,295.0
10109564LQBUENO_2025-12-26_G10,10109564LQBUENO,2025-12-26,123345,1,15,0,1271.0
10109564LQBUENO_2025-12-26_G11,10109564LQBUENO,2025-12-26,121651,1,25,0,684.0
10109564LQBUENO_2025-12-26_G12,10109564LQBUENO,2025-12-26,123343,1,4,0,1961.0
10109564LQBUENO_2025-12-26_G13,10109564LQBUENO,2025-12-26,122185,1,18,0,210.0
10109564LQBUENO_2025-12-26_G14,10109564LQBUENO,2025-12-26,122984,1,20,0,90.0
10109564LQBUENO_2025-12-26_G15,10109564LQBUENO,2025-12-26,124370,1,20,0,736.0
10109564LQBUENO_2025-12-26_G16,10109564LQBUENO,2025-12-26,122962,1,22,0,241.0
10109564LQBUENO_2025-12-27_G02,10109564LQBUENO,2025-12-27,123343,1,6,0,310.0
10109564LQBUENO_2025-12-27_G03,10109564LQBUENO,2025-12-27,"121651, 123561",2,153,11,2580.0
10109564LQBUENO_2025-12-28_G02,10109564LQBUENO,2025-12-28,123153,1,6,0,289.0
10109564LQBUENO_2025-12-28_G03,10109564LQBUENO,2025-12-28,124248,1,2,0,124.0
10109564LQBUENO_2025-12-28_G04,10109564LQBUENO,2025-12-28,121760,1,10,0,474.0
10109564LQBUENO_2025-12-28_G05,10109564LQBUENO,2025-12-28,121760,1,10,0,135.0
10109564LQBUENO_2025-12-28_G06,10109564LQBUENO,2025-12-28,124486,1,8,0,442.0
10109564LQBUENO_2025-12-28_G07,10109564LQBUENO,2025-12-28,124264,1,26,0,570.0
10109564LQBUENO_2025-12-28_G08,10109564LQBUENO,2025-12-28,123909,1,30,0,251.0
10109564LQBUENO_2025-12-28_G09,10109564LQBUENO,2025-12-28,124247,1,4,0,261.0
10109564LQBUENO_2025-12-28_G10,10109564LQBUENO,2025-12-28,123343,1,8,0,478.0
10109564LQBUENO_2025-12-28_G11,10109564LQBUENO,2025-12-28,123344,1,10,0,41.0
10109564LQBUENO_2025-12-28_G12,10109564LQBUENO,2025-12-28,124370,2,58,10,157.0
10109564LQBUENO_2025-12-28_G13,10109564LQBUENO,2025-12-28,122988,1,10,0,1508.0
10109564LQBUENO_2025-12-28_G14,10109564LQBUENO,2025-12-28,122647,1,40,0,2923.0
10109564LQBUENO_2025-12-28_G15,10109564LQBUENO,2025-12-28,122671,1,6,0,233.0
10109564LQBUENO_2025-12-28_G16,10109564LQBUENO,2025-12-28,"122962, 122647",2,120,23,1174.0
10109564LQBUENO_2025-12-28_G17,10109564LQBUENO,2025-12-28,123492,1,20,0,1391.0
10109564LQBUENO_2025-12-28_G18,10109564LQBUENO,2025-12-28,124486,1,10,0,34.0
10109564LQBUENO_2025-12-28_G19,10109564LQBUENO,2025-12-28,123909,1,10,0,46.0
10109564LQBUENO_2025-12-29_G02,10109564LQBUENO,2025-12-29,122982,1,49,0,512.0
10109564LQBUENO_2025-12-29_G03,10109564LQBUENO,2025-12-29,122982,1,22,0,584.0
10109564LQBUENO_2025-12-29_G04,10109564LQBUENO,2025-12-29,122962,1,6,0,541.0
10109564LQBUENO_2025-12-29_G05,10109564LQBUENO,2025-12-29,122647,1,4,0,121.0
10109564LQBUENO_2025-12-29_G06,10109564LQBUENO,2025-12-29,123822,1,6,0,144.0
10109564LQBUENO_2025-12-29_G07,10109564LQBUENO,2025-12-29,122671,1,4,0,178.0
10109564LQBUENO_2025-12-29_G08,10109564LQBUENO,2025-12-29,122673,1,8,0,154.0
10109564LQBUENO_2025-12-29_G09,10109564LQBUENO,2025-12-29,122673,1,6,0,199.0
10109564LQBUENO_2025-12-29_G10,10109564LQBUENO,2025-12-29,122673,1,6,0,60.0
10109564LQBUENO_2025-12-29_G11,10109564LQBUENO,2025-12-29,122673,1,4,0,100.0
10109564LQBUENO_2025-12-29_G12,10109564LQBUENO,2025-12-29,122673,1,8,0,192.0
10109564LQBUENO_2025-12-29_G13,10109564LQBUENO,2025-12-29,124624,1,6,0,923.0
10109564LQBUENO_2025-12-29_G14,10109564LQBUENO,2025-12-29,124371,1,5,0,1420.0
10109564LQBUENO_2025-12-29_G15,10109564LQBUENO,2025-12-29,121651,1,11,0,176.0
10109564LQBUENO_2025-12-29_G16,10109564LQBUENO,2025-12-29,"123343, 124624",2,16,15,62.0
10109564LQBUENO_2025-12-29_G17,10109564LQBUENO,2025-12-29,122983,1,6,0,245.0
10109564LQBUENO_2025-12-29_G18,10109564LQBUENO,2025-12-29,120271,1,1,0,79.0
10109564LQBUENO_2025-12-29_G19,10109564LQBUENO,2025-12-29,124475,1,6,0,813.0
10109564LQBUENO_2025-12-29_G20,10109564LQBUENO,2025-12-29,124248,1,5,0,226.0
10109564LQBUENO_2025-12-29_G21,10109564LQBUENO,2025-12-29,121760,1,6,0,75.0
10109564LQBUENO_2025-12-29_G22,10109564LQBUENO,2025-12-29,124486,1,9,0,157.0
10109564LQBUENO_2025-12-29_G23,10109564LQBUENO,2025-12-29,123909,1,10,0,362.0
10109564LQBUENO_2025-12-29_G24,10109564LQBUENO,2025-12-29,122647,1,2,0,188.0
10109564LQBUENO_2025-12-29_G26,10109564LQBUENO,2025-12-29,124486,1,12,0,109.0
10109564LQBUENO_2025-12-29_G27,10109564LQBUENO,2025-12-29,124486,1,14,0,53.0
10109564LQBUENO_2025-12-29_G28,10109564LQBUENO,2025-12-29,124486,1,28,0,540.0
10109564LQBUENO_2025-12-29_G29,10109564LQBUENO,2025-12-29,122671,1,6,0,134.0
10109564LQBUENO_2025-12-29_G30,10109564LQBUENO,2025-12-29,122673,1,12,0,136.0
10109564LQBUENO_2025-12-29_G31,10109564LQBUENO,2025-12-29,123492,1,2,0,65.0
10109564LQBUENO_2025-12-29_G32,10109564LQBUENO,2025-12-29,122962,2,55,18,126.0
10109564LQBUENO_2025-12-29_G33,10109564LQBUENO,2025-12-29,122962,1,14,0,806.0
10109564LQBUENO_2025-12-29_G34,10109564LQBUENO,2025-12-29,180026,1,10,0,1386.0
10109564LQBUENO_2025-12-29_G35,10109564LQBUENO,2025-12-29,180026,1,4,0,152.0
10109564LQBUENO_2025-12-29_G36,10109564LQBUENO,2025-12-29,122962,1,12,0,1106.0
10109564LQBUENO_2025-12-29_G37,10109564LQBUENO,2025-12-29,124371,1,12,0,252.0
10109564LQBUENO_2025-12-29_G38,10109564LQBUENO,2025-12-29,124486,1,30,0,317.0
10109564LQBUENO_2025-12-29_G39,10109564LQBUENO,2025-12-29,124476,1,12,0,304.0
10109564LQBUENO_2025-12-29_G40,10109564LQBUENO,2025-12-29,124264,1,20,0,314.0
10109564LQBUENO_2025-12-29_G41,10109564LQBUENO,2025-12-29,120028,1,100,0,924.0
10109564LQBUENO_2025-12-29_G42,10109564LQBUENO,2025-12-29,120389,1,200,0,1545.0
10109564LQBUENO_2025-12-30_G02,10109564LQBUENO,2025-12-30,123344,1,11,0,578.0
10109564LQBUENO_2025-12-30_G03,10109564LQBUENO,2025-12-30,123345,1,8,0,427.0
10109564LQBUENO_2025-12-30_G04,10109564LQBUENO,2025-12-30,124475,1,4,0,419.0
10109564LQBUENO_2025-12-30_G05,10109564LQBUENO,2025-12-30,121760,1,8,0,379.0
10109564LQBUENO_2025-12-30_G06,10109564LQBUENO,2025-12-30,124594,1,4,0,135.0
10109564LQBUENO_2025-12-30_G07,10109564LQBUENO,2025-12-30,123909,1,6,0,114.0
10109564LQBUENO_2025-12-30_G08,10109564LQBUENO,2025-12-30,124247,1,2,0,123.0
10109564LQBUENO_2025-12-30_G09,10109564LQBUENO,2025-12-30,123343,1,2,0,290.0
10109564LQBUENO_2025-12-30_G10,10109564LQBUENO,2025-12-30,123344,1,6,0,279.0
10109564LQBUENO_2025-12-30_G11,10109564LQBUENO,2025-12-30,124371,1,4,0,228.0
10109564LQBUENO_2025-12-30_G12,10109564LQBUENO,2025-12-30,123909,1,2,0,59.0
10109564LQBUENO_2025-12-30_G13,10109564LQBUENO,2025-12-30,122673,1,2,0,274.0
10109564LQBUENO_2025-12-30_G14,10109564LQBUENO,2025-12-30,"123909, 123343",2,7,16,126.0
10109564LQBUENO_2025-12-30_G15,10109564LQBUENO,2025-12-30,122962,1,8,0,167.0
10109564LQBUENO_2025-12-30_G16,10109564LQBUENO,2025-12-30,124486,1,28,0,427.0
10109564LQBUENO_2025-12-30_G17,10109564LQBUENO,2025-12-30,124486,1,20,0,636.0
10109564LQBUENO_2025-12-30_G18,10109564LQBUENO,2025-12-30,124248,1,25,0,1643.0
10109564LQBUENO_2025-12-30_G19,10109564LQBUENO,2025-12-30,122984,1,77,0,1929.0
10109564LQBUENO_2025-12-30_G20,10109564LQBUENO,2025-12-30,122982,1,38,0,249.0
10109564LQBUENO_2025-12-30_G22,10109564LQBUENO,2025-12-30,123909,1,6,0,440.0
10109564LQBUENO_2025-12-30_G23,10109564LQBUENO,2025-12-30,120028,3,24,17,280.0
10109564LQBUENO_2025-12-30_G24,10109564LQBUENO,2025-12-30,124247,1,20,0,1328.0
10109564LQBUENO_2025-12-30_G25,10109564LQBUENO,2025-12-30,"120389, 120028",2,25,9,857.0
10109564LQBUENO_2025-12-30_G26,10109564LQBUENO,2025-12-30,122962,1,24,0,2729.0
10109564LQBUENO_2025-12-30_G27,10109564LQBUENO,2025-12-30,120028,1,30,0,458.0
10109564LQBUENO_2025-12-30_G28,10109564LQBUENO,2025-12-30,120008,1,12,0,230.0
10109564LQBUENO_2025-12-30_G29,10109564LQBUENO,2025-12-30,120389,1,30,0,74.0
10109564LQBUENO_2025-12-31_G02,10109564LQBUENO,2025-12-31,122984,1,10,0,794.0
10109564LQBUENO_2025-12-31_G03,10109564LQBUENO,2025-12-31,122962,1,48,0,536.0
10109564LQBUENO_2025-12-31_G04,10109564LQBUENO,2025-12-31,"123492, 124247",2,12,14,1956.0
10109564LQBUENO_2025-12-31_G05,10109564LQBUENO,2025-12-31,"124486, 120028",2,180,28,2485.0
10109564LQBUENO_2025-12-31_G06,10109564LQBUENO,2025-12-31,122962,1,100,0,1821.0
10109564LQBUENO_2026-01-05_G02,10109564LQBUENO,2026-01-05,122984,1,30,0,36.0
10109564LQBUENO_2026-01-07_G02,10109564LQBUENO,2026-01-07,122982,1,10,0,135.0
10109564LQBUENO_2026-01-07_G03,10109564LQBUENO,2026-01-07,122673,1,21,0,2160.0
10109564LQBUENO_2026-01-07_G04,10109564LQBUENO,2026-01-07,"122984, 122962",2,99,28,31.0
10109564LQBUENO_2026-01-07_G05,10109564LQBUENO,2026-01-07,123947,1,12,0,276.0
10109564LQBUENO_2026-01-07_G06,10109564LQBUENO,2026-01-07,122673,1,17,0,69.0
10109564LQBUENO_2026-01-07_G07,10109564LQBUENO,2026-01-07,122962,1,4,0,261.0
10109564LQBUENO_2026-01-07_G08,10109564LQBUENO,2026-01-07,123909,1,8,0,155.0
10109564LQBUENO_2026-01-07_G09,10109564LQBUENO,2026-01-07,124486,1,8,0,57.0
10109564LQBUENO_2026-01-07_G10,10109564LQBUENO,2026-01-07,123492,1,50,0,590.0
10109564LQBUENO_2026-01-07_G11,10109564LQBUENO,2026-01-07,124248,1,24,0,1606.0
10109564LQBUENO_2026-01-07_G12,10109564LQBUENO,2026-01-07,122984,1,64,0,255.0
10109564LQBUENO_2026-01-07_G13,10109564LQBUENO,2026-01-07,123345,1,20,0,869.0
10109564LQBUENO_2026-01-08_G02,10109564LQBUENO,2026-01-08,122981,1,90,0,1291.0
10109564LQBUENO_2026-01-08_G03,10109564LQBUENO,2026-01-08,122982,1,70,0,542.0
10109564LQBUENO_2026-01-08_G04,10109564LQBUENO,2026-01-08,122986,1,10,0,153.0
10109564LQBUENO_2026-01-08_G05,10109564LQBUENO,2026-01-08,123561,1,16,0,764.0
10109564LQBUENO_2026-01-08_G06,10109564LQBUENO,2026-01-08,122984,1,8,0,802.0
10109564LQBUENO_2026-01-08_G07,10109564LQBUENO,2026-01-08,124548,1,2,0,68.0
10109564LQBUENO_2026-01-08_G08,10109564LQBUENO,2026-01-08,123153,1,30,0,251.0
10109564LQBUENO_2026-01-08_G09,10109564LQBUENO,2026-01-08,"123343, 123345",4,170,42,3331.0
10109564LQBUENO_2026-01-08_G10,10109564LQBUENO,2026-01-08,122984,1,28,0,182.0
10109564LQBUENO_2026-01-08_G11,10109564LQBUENO,2026-01-08,122185,1,14,0,456.0
10109564LQBUENO_2026-01-08_G12,10109564LQBUENO,2026-01-08,"122962, 124486",2,4,17,124.0
10109564LQBUENO_2026-01-08_G14,10109564LQBUENO,2026-01-08,123153,1,8,0,623.0
10109564LQBUENO_2026-01-08_G15,10109564LQBUENO,2026-01-08,123153,1,10,0,315.0
10109564LQBUENO_2026-01-08_G16,10109564LQBUENO,2026-01-08,123153,1,4,0,114.0
10109564LQBUENO_2026-01-08_G17,10109564LQBUENO,2026-01-08,122673,2,6,22,256.0
10109564LQBUENO_2026-01-08_G18,10109564LQBUENO,2026-01-08,123345,1,4,0,513.0
10109564LQBUENO_2026-01-08_G19,10109564LQBUENO,2026-01-08,123909,1,8,0,410.0
10109564LQBUENO_2026-01-08_G20,10109564LQBUENO,2026-01-08,124486,1,40,0,271.0
10109564LQBUENO_2026-01-08_G21,10109564LQBUENO,2026-01-08,122962,1,24,0,508.0
10109564LQBUENO_2026-01-08_G22,10109564LQBUENO,2026-01-08,124248,1,10,0,408.0
10109564LQBUENO_2026-01-08_G23,10109564LQBUENO,2026-01-08,124247,1,10,0,197.0
10109564LQBUENO_2026-01-08_G24,10109564LQBUENO,2026-01-08,123343,1,4,0,129.0
10109564LQBUENO_2026-01-08_G25,10109564LQBUENO,2026-01-08,123345,2,42,22,331.0
10109564LQBUENO_2026-01-08_G26,10109564LQBUENO,2026-01-08,122962,1,12,0,412.0
10109564LQBUENO_2026-01-08_G27,10109564LQBUENO,2026-01-08,124486,1,13,0,310.0
10109564LQBUENO_2026-01-08_G28,10109564LQBUENO,2026-01-08,123343,1,10,0,281.0
10109564LQBUENO_2026-01-08_G29,10109564LQBUENO,2026-01-08,124248,1,6,0,118.0
10109564LQBUENO_2026-01-08_G30,10109564LQBUENO,2026-01-08,124624,1,20,0,590.0
10109564LQBUENO_2026-01-09_G02,10109564LQBUENO,2026-01-09,123822,1,17,0,98.0
10109564LQBUENO_2026-01-09_G03,10109564LQBUENO,2026-01-09,122962,1,32,0,313.0
10109564LQBUENO_2026-01-09_G04,10109564LQBUENO,2026-01-09,120028,1,110,0,1208.0
10109564LQBUENO_2026-01-09_G05,10109564LQBUENO,2026-01-09,123492,1,3,0,434.0
10109564LQBUENO_2026-01-09_G06,10109564LQBUENO,2026-01-09,122967,1,40,0,125.0
10109564LQBUENO_2026-01-09_G07,10109564LQBUENO,2026-01-09,124486,1,30,0,481.0
10109564LQBUENO_2026-01-09_G08,10109564LQBUENO,2026-01-09,122962,1,32,0,381.0
10109564LQBUENO_2026-01-09_G09,10109564LQBUENO,2026-01-09,123822,1,68,0,1661.0
10109564LQBUENO_2026-01-09_G10,10109564LQBUENO,2026-01-09,120008,1,30,0,1533.0
10109564LQBUENO_2026-01-09_G11,10109564LQBUENO,2026-01-09,122962,1,80,0,233.0
10109564LQBUENO_2026-01-09_G12,10109564LQBUENO,2026-01-09,120389,1,20,0,571.0
10109564LQBUENO_2026-01-09_G13,10109564LQBUENO,2026-01-09,120028,1,30,0,852.0
10109564LQBUENO_2026-01-09_G15,10109564LQBUENO,2026-01-09,124486,1,10,0,222.0
10109564LQBUENO_2026-01-09_G16,10109564LQBUENO,2026-01-09,122962,1,12,0,36.0
10109564LQBUENO_2026-01-09_G17,10109564LQBUENO,2026-01-09,120028,1,10,0,215.0
10109564LQBUENO_2026-01-09_G18,10109564LQBUENO,2026-01-09,123822,1,30,0,368.0
10109564LQBUENO_2026-01-09_G19,10109564LQBUENO,2026-01-09,122671,1,20,0,3204.0
10109564LQBUENO_2026-01-09_G20,10109564LQBUENO,2026-01-09,122673,1,16,0,351.0
10109564LQBUENO_2026-01-09_G21,10109564LQBUENO,2026-01-09,123313,1,20,0,44.0
10109564LQBUENO_2026-01-09_G22,10109564LQBUENO,2026-01-09,124624,1,18,0,970.0
10109564LQBUENO_2026-01-09_G23,10109564LQBUENO,2026-01-09,122647,1,36,0,1044.0
10109564LQBUENO_2026-01-09_G24,10109564LQBUENO,2026-01-09,122671,1,23,0,588.0
10109564LQBUENO_2026-01-09_G25,10109564LQBUENO,2026-01-09,123909,1,2,0,486.0
10109564LQBUENO_2026-01-09_G26,10109564LQBUENO,2026-01-09,122673,1,40,0,854.0
10109564LQBUENO_2026-01-09_G27,10109564LQBUENO,2026-01-09,122962,1,44,0,1013.0
10109564LQBUENO_2026-01-10_G02,10109564LQBUENO,2026-01-10,"122647, 122673, 124624, 124594, 122962",5,46,68,1208.0
10109564LQBUENO_2026-01-10_G03,10109564LQBUENO,2026-01-10,120028,1,40,0,689.0
10109564LQBUENO_2026-01-10_G04,10109564LQBUENO,2026-01-10,122185,1,5,0,651.0
10109564LQBUENO_2026-01-10_G05,10109564LQBUENO,2026-01-10,122962,1,12,0,680.0
10109564LQBUENO_2026-01-10_G06,10109564LQBUENO,2026-01-10,122647,1,20,0,987.0
10109564LQBUENO_2026-01-10_G07,10109564LQBUENO,2026-01-10,122984,1,30,0,1539.0
10109564LQBUENO_2026-01-10_G08,10109564LQBUENO,2026-01-10,122962,1,30,0,913.0
10109564LQBUENO_2026-01-10_G09,10109564LQBUENO,2026-01-10,120028,1,20,0,47.0
10109564LQBUENO_2026-01-10_G10,10109564LQBUENO,2026-01-10,122185,1,30,0,432.0
10109564LQBUENO_2026-01-11_G02,10109564LQBUENO,2026-01-11,123345,1,3,0,359.0
10109564LQBUENO_2026-01-11_G03,10109564LQBUENO,2026-01-11,123345,1,2,0,134.0
10109564LQBUENO_2026-01-11_G04,10109564LQBUENO,2026-01-11,122962,1,11,0,265.0
10109564LQBUENO_2026-01-11_G05,10109564LQBUENO,2026-01-11,124486,1,6,0,129.0
10109564LQBUENO_2026-01-11_G06,10109564LQBUENO,2026-01-11,122962,1,9,0,86.0
10109564LQBUENO_2026-01-11_G07,10109564LQBUENO,2026-01-11,124475,1,2,0,857.0
10109564LQBUENO_2026-01-11_G08,10109564LQBUENO,2026-01-11,122984,1,8,0,1675.0
10109564LQBUENO_2026-01-11_G09,10109564LQBUENO,2026-01-11,123909,1,4,0,143.0
10109564LQBUENO_2026-01-11_G10,10109564LQBUENO,2026-01-11,122962,1,40,0,43.0
10109564LQBUENO_2026-01-11_G11,10109564LQBUENO,2026-01-11,"124486, 123344",2,4,16,733.0
10109564LQBUENO_2026-01-11_G12,10109564LQBUENO,2026-01-11,122984,1,4,0,124.0
10109564LQBUENO_2026-01-11_G13,10109564LQBUENO,2026-01-11,122962,1,12,0,214.0
10109564LQBUENO_2026-01-11_G14,10109564LQBUENO,2026-01-11,122981,1,4,0,156.0
10109564LQBUENO_2026-01-11_G15,10109564LQBUENO,2026-01-11,"122983, 122982",2,20,20,176.0
10109564LQBUENO_2026-01-11_G16,10109564LQBUENO,2026-01-11,124475,1,10,0,1303.0
10109564LQBUENO_2026-01-11_G17,10109564LQBUENO,2026-01-11,121651,1,6,0,412.0
10109564LQBUENO_2026-01-11_G18,10109564LQBUENO,2026-01-11,121760,1,6,0,82.0
10109564LQBUENO_2026-01-11_G19,10109564LQBUENO,2026-01-11,123909,1,3,0,281.0
10109564LQBUENO_2026-01-11_G20,10109564LQBUENO,2026-01-11,123345,1,9,0,202.0
10109564LQBUENO_2026-01-11_G21,10109564LQBUENO,2026-01-11,120389,1,8,0,413.0
10109564LQBUENO_2026-01-11_G22,10109564LQBUENO,2026-01-11,122962,1,8,0,86.0
10109564LQBUENO_2026-01-11_G23,10109564LQBUENO,2026-01-11,122671,1,4,0,45.0
10109564LQBUENO_2026-01-11_G24,10109564LQBUENO,2026-01-11,120028,1,40,0,265.0
10109564LQBUENO_2026-01-12_G02,10109564LQBUENO,2026-01-12,122962,1,5,0,76.0
10109564LQBUENO_2026-01-12_G03,10109564LQBUENO,2026-01-12,124475,1,3,0,129.0
10109564LQBUENO_2026-01-12_G04,10109564LQBUENO,2026-01-12,121651,1,10,0,165.0
10109564LQBUENO_2026-01-12_G05,10109564LQBUENO,2026-01-12,121760,1,8,0,51.0
10109564LQBUENO_2026-01-12_G06,10109564LQBUENO,2026-01-12,124486,1,1,0,202.0
10109564LQBUENO_2026-01-12_G07,10109564LQBUENO,2026-01-12,123344,1,4,0,137.0
10109564LQBUENO_2026-01-12_G08,10109564LQBUENO,2026-01-12,122962,1,16,0,366.0
10109564LQBUENO_2026-01-12_G09,10109564LQBUENO,2026-01-12,123153,1,8,0,123.0
10109564LQBUENO_2026-01-12_G10,10109564LQBUENO,2026-01-12,121651,1,7,0,62.0
10109564LQBUENO_2026-01-12_G11,10109564LQBUENO,2026-01-12,122647,1,6,0,316.0
10109564LQBUENO_2026-01-12_G12,10109564LQBUENO,2026-01-12,123343,1,7,0,539.0
10109564LQBUENO_2026-01-12_G13,10109564LQBUENO,2026-01-12,122673,1,8,0,64.0
10109564LQBUENO_2026-01-12_G14,10109564LQBUENO,2026-01-12,124486,1,26,0,236.0
10109564LQBUENO_2026-01-12_G15,10109564LQBUENO,2026-01-12,124475,1,3,0,67.0
10109564LQBUENO_2026-01-12_G16,10109564LQBUENO,2026-01-12,121760,1,2,0,96.0
10109564LQBUENO_2026-01-12_G17,10109564LQBUENO,2026-01-12,123345,1,3,0,43.0
10109564LQBUENO_2026-01-12_G18,10109564LQBUENO,2026-01-12,"123345, 123343",2,5,11,66.0
10109564LQBUENO_2026-01-12_G19,10109564LQBUENO,2026-01-12,124486,1,4,0,199.0
10109564LQBUENO_2026-01-12_G20,10109564LQBUENO,2026-01-12,124370,1,4,0,60.0
10109564LQBUENO_2026-01-12_G21,10109564LQBUENO,2026-01-12,122189,1,2,0,170.0
10109564LQBUENO_2026-01-12_G22,10109564LQBUENO,2026-01-12,121651,1,7,0,107.0
10109564LQBUENO_2026-01-12_G23,10109564LQBUENO,2026-01-12,121760,1,23,0,355.0
10109564LQBUENO_2026-01-12_G24,10109564LQBUENO,2026-01-12,123343,1,4,0,183.0
10109564LQBUENO_2026-01-12_G25,10109564LQBUENO,2026-01-12,123344,1,2,0,149.0
10109564LQBUENO_2026-01-12_G26,10109564LQBUENO,2026-01-12,120389,1,8,0,153.0
10109564LQBUENO_2026-01-12_G27,10109564LQBUENO,2026-01-12,124370,1,3,0,33.0
10109564LQBUENO_2026-01-12_G28,10109564LQBUENO,2026-01-12,122962,1,4,0,69.0
10109564LQBUENO_2026-01-12_G29,10109564LQBUENO,2026-01-12,124475,1,4,0,77.0
10109564LQBUENO_2026-01-12_G30,10109564LQBUENO,2026-01-12,"121651, 121760",2,6,20,122.0
10109564LQBUENO_2026-01-12_G31,10109564LQBUENO,2026-01-12,122962,1,4,0,111.0
10109564LQBUENO_2026-01-12_G32,10109564LQBUENO,2026-01-12,124486,1,6,0,297.0
10109564LQBUENO_2026-01-12_G33,10109564LQBUENO,2026-01-12,124370,1,24,0,583.0
10109564LQBUENO_2026-01-12_G34,10109564LQBUENO,2026-01-12,122962,1,27,0,310.0
10109564LQBUENO_2026-01-12_G35,10109564LQBUENO,2026-01-12,124476,1,6,0,219.0
10109564LQBUENO_2026-01-12_G36,10109564LQBUENO,2026-01-12,124475,1,7,0,103.0
10109564LQBUENO_2026-01-12_G37,10109564LQBUENO,2026-01-12,121651,1,10,0,206.0
10109564LQBUENO_2026-01-12_G38,10109564LQBUENO,2026-01-12,121760,1,7,0,59.0
10109564LQBUENO_2026-01-12_G39,10109564LQBUENO,2026-01-12,123909,1,14,0,238.0
10109564LQBUENO_2026-01-12_G40,10109564LQBUENO,2026-01-12,"123344, 123345",2,50,13,60.0
10109564LQBUENO_2026-01-12_G41,10109564LQBUENO,2026-01-12,122673,1,20,0,1386.0
10109564LQBUENO_2026-01-12_G42,10109564LQBUENO,2026-01-12,"123345, 123343",2,8,21,136.0
10109564LQBUENO_2026-01-12_G43,10109564LQBUENO,2026-01-12,124486,1,12,0,323.0
10109564LQBUENO_2026-01-12_G44,10109564LQBUENO,2026-01-12,124624,1,2,0,118.0
10109564LQBUENO_2026-01-12_G45,10109564LQBUENO,2026-01-12,122982,1,2,0,145.0
10109564LQBUENO_2026-01-12_G46,10109564LQBUENO,2026-01-12,"122671, 124475",2,3,8,83.0
10109564LQBUENO_2026-01-12_G47,10109564LQBUENO,2026-01-12,122986,1,4,0,162.0
10109564LQBUENO_2026-01-13_G02,10109564LQBUENO,2026-01-13,121651,1,40,0,902.0
10109564LQBUENO_2026-01-13_G03,10109564LQBUENO,2026-01-13,121760,1,70,0,1397.0
10109564LQBUENO_2026-01-13_G04,10109564LQBUENO,2026-01-13,123345,1,113,0,1655.0
10109564LQBUENO_2026-01-14_G02,10109564LQBUENO,2026-01-14,123081,1,23,0,1270.0
10109564LQBUENO_2026-01-14_G03,10109564LQBUENO,2026-01-14,123081,1,27,0,232.0
10109564LQBUENO_2026-01-14_G04,10109564LQBUENO,2026-01-14,123344,1,12,0,252.0
10109564LQBUENO_2026-01-14_G05,10109564LQBUENO,2026-01-14,124370,1,10,0,317.0
10109564LQBUENO_2026-01-14_G06,10109564LQBUENO,2026-01-14,122962,1,8,0,460.0
10109564LQBUENO_2026-01-14_G07,10109564LQBUENO,2026-01-14,124371,1,8,0,403.0
10109564LQBUENO_2026-01-14_G08,10109564LQBUENO,2026-01-14,123153,1,8,0,120.0
10109564LQBUENO_2026-01-14_G09,10109564LQBUENO,2026-01-14,121923,1,2,0,386.0
10109564LQBUENO_2026-01-14_G10,10109564LQBUENO,2026-01-14,124264,1,40,0,79.0
10109564LQBUENO_2026-01-14_G12,10109564LQBUENO,2026-01-14,124370,1,20,0,199.0
10109564LQBUENO_2026-01-14_G13,10109564LQBUENO,2026-01-14,124371,1,8,0,558.0
10109564LQBUENO_2026-01-14_G14,10109564LQBUENO,2026-01-14,123081,1,10,0,37.0
10109564LQBUENO_2026-01-14_G15,10109564LQBUENO,2026-01-14,122671,1,16,0,133.0
10109564LQBUENO_2026-01-14_G16,10109564LQBUENO,2026-01-14,124475,1,12,0,156.0
10109564LQBUENO_2026-01-14_G17,10109564LQBUENO,2026-01-14,122962,1,32,0,404.0
10109564LQBUENO_2026-01-14_G18,10109564LQBUENO,2026-01-14,124433,1,6,0,203.0
10109564LQBUENO_2026-01-14_G19,10109564LQBUENO,2026-01-14,123345,1,50,0,475.0
10109564LQBUENO_2026-01-14_G20,10109564LQBUENO,2026-01-14,"124371, 122647",3,157,40,3478.0
10109564LQBUENO_2026-01-14_G21,10109564LQBUENO,2026-01-14,180601,1,22,0,574.0
10109564LQBUENO_2026-01-14_G22,10109564LQBUENO,2026-01-14,123313,1,50,0,1359.0
10109564LQBUENO_2026-01-14_G23,10109564LQBUENO,2026-01-14,124248,1,55,0,311.0
10109564LQBUENO_2026-01-14_G24,10109564LQBUENO,2026-01-14,123889,1,20,0,706.0
10109564LQBUENO_2026-01-14_G25,10109564LQBUENO,2026-01-14,122647,1,20,0,869.0
10109564LQBUENO_2026-01-14_G26,10109564LQBUENO,2026-01-14,124486,1,30,0,225.0
10109564LQBUENO_2026-01-14_G27,10109564LQBUENO,2026-01-14,124248,1,50,0,542.0
10109564LQBUENO_2026-01-14_G28,10109564LQBUENO,2026-01-14,122962,1,10,0,197.0
10109564LQBUENO_2026-01-15_G02,10109564LQBUENO,2026-01-15,122673,1,20,0,251.0
10109564LQBUENO_2026-01-15_G03,10109564LQBUENO,2026-01-15,122647,1,20,0,364.0
10109564LQBUENO_2026-01-15_G04,10109564LQBUENO,2026-01-15,122962,1,80,0,1081.0
10109564LQBUENO_2026-01-15_G05,10109564LQBUENO,2026-01-15,124483,1,4,0,1022.0
10109564LQBUENO_2026-01-15_G06,10109564LQBUENO,2026-01-15,122673,1,100,0,44.0
10109564LQBUENO_2026-01-15_G07,10109564LQBUENO,2026-01-15,124624,1,6,0,1023.0
10109564LQBUENO_2026-01-15_G08,10109564LQBUENO,2026-01-15,122673,1,7,0,132.0
10109564LQBUENO_2026-01-15_G09,10109564LQBUENO,2026-01-15,122962,1,8,0,84.0
10109564LQBUENO_2026-01-15_G10,10109564LQBUENO,2026-01-15,124486,1,24,0,252.0
10109564LQBUENO_2026-01-15_G11,10109564LQBUENO,2026-01-15,122962,1,24,0,223.0
10109564LQBUENO_2026-01-15_G12,10109564LQBUENO,2026-01-15,"122988, 124370",2,8,9,278.0
10109564LQBUENO_2026-01-15_G13,10109564LQBUENO,2026-01-15,124486,1,13,0,168.0
10109564LQBUENO_2026-01-15_G14,10109564LQBUENO,2026-01-15,122983,1,8,0,46.0
10109564LQBUENO_2026-01-15_G15,10109564LQBUENO,2026-01-15,121651,1,8,0,65.0
10109564LQBUENO_2026-01-15_G16,10109564LQBUENO,2026-01-15,120028,1,22,0,239.0
10109564LQBUENO_2026-01-15_G17,10109564LQBUENO,2026-01-15,122962,1,8,0,128.0
10109564LQBUENO_2026-01-15_G18,10109564LQBUENO,2026-01-15,122962,1,30,0,544.0
10109564LQBUENO_2026-01-15_G19,10109564LQBUENO,2026-01-15,120028,1,40,0,32.0
10109564LQBUENO_2026-01-15_G20,10109564LQBUENO,2026-01-15,122185,1,22,0,202.0
10109564LQBUENO_2026-01-15_G21,10109564LQBUENO,2026-01-15,122671,1,12,0,350.0
10109564LQBUENO_2026-01-15_G22,10109564LQBUENO,2026-01-15,122647,1,3,0,134.0
10109564LQBUENO_2026-01-15_G24,10109564LQBUENO,2026-01-15,122967,1,16,0,114.0
10109564LQBUENO_2026-01-15_G25,10109564LQBUENO,2026-01-15,120389,1,12,0,139.0
10109564LQBUENO_2026-01-15_G26,10109564LQBUENO,2026-01-15,123822,1,12,0,195.0
10109564LQBUENO_2026-01-15_G27,10109564LQBUENO,2026-01-15,120028,1,12,0,231.0
10109564LQBUENO_2026-01-15_G28,10109564LQBUENO,2026-01-15,120339,1,8,0,326.0
10109564LQBUENO_2026-01-15_G29,10109564LQBUENO,2026-01-15,122981,1,12,0,151.0
10109564LQBUENO_2026-01-15_G30,10109564LQBUENO,2026-01-15,120271,1,6,0,152.0
10109564LQBUENO_2026-01-15_G31,10109564LQBUENO,2026-01-15,"123345, 123909",3,21,27,1168.0
10109564LQBUENO_2026-01-15_G32,10109564LQBUENO,2026-01-15,124486,1,12,0,140.0
10109564LQBUENO_2026-01-15_G33,10109564LQBUENO,2026-01-15,124248,1,5,0,368.0
10109564LQBUENO_2026-01-15_G34,10109564LQBUENO,2026-01-15,123909,1,20,0,220.0
10109564LQBUENO_2026-01-15_G35,10109564LQBUENO,2026-01-15,124483,1,20,0,75.0
10109564LQBUENO_2026-01-15_G36,10109564LQBUENO,2026-01-15,124624,1,2,0,105.0
10109564LQBUENO_2026-01-15_G37,10109564LQBUENO,2026-01-15,123153,1,15,0,1151.0
10109564LQBUENO_2026-01-15_G38,10109564LQBUENO,2026-01-15,120339,1,6,0,201.0
10109564LQBUENO_2026-01-15_G39,10109564LQBUENO,2026-01-15,122986,1,8,0,93.0
10109564LQBUENO_2026-01-15_G40,10109564LQBUENO,2026-01-15,"123345, 123343",2,40,23,1349.0
10109564LQBUENO_2026-01-16_G02,10109564LQBUENO,2026-01-16,123345,1,11,0,37.0
10109564LQBUENO_2026-01-16_G03,10109564LQBUENO,2026-01-16,123343,1,8,0,76.0
10109564LQBUENO_2026-01-16_G04,10109564LQBUENO,2026-01-16,123345,1,18,0,500.0
10109564LQBUENO_2026-01-16_G05,10109564LQBUENO,2026-01-16,124594,1,10,0,64.0
10109564LQBUENO_2026-01-16_G06,10109564LQBUENO,2026-01-16,122984,1,16,0,482.0
10109564LQBUENO_2026-01-16_G07,10109564LQBUENO,2026-01-16,123560,1,1,0,55.0
10109564LQBUENO_2026-01-16_G08,10109564LQBUENO,2026-01-16,123561,1,3,0,119.0
10109564LQBUENO_2026-01-16_G09,10109564LQBUENO,2026-01-16,123492,1,9,0,94.0
10109564LQBUENO_2026-01-16_G10,10109564LQBUENO,2026-01-16,"124486, 123822",2,8,19,164.0
10109564LQBUENO_2026-01-16_G11,10109564LQBUENO,2026-01-16,122983,1,4,0,70.0
10109564LQBUENO_2026-01-16_G12,10109564LQBUENO,2026-01-16,122189,1,4,0,41.0
10109564LQBUENO_2026-01-16_G13,10109564LQBUENO,2026-01-16,"123153, 122671",2,32,7,593.0
10109564LQBUENO_2026-01-16_G14,10109564LQBUENO,2026-01-16,120028,2,4,6,31.0
10109564LQBUENO_2026-01-16_G15,10109564LQBUENO,2026-01-16,120028,1,9,0,161.0
10109564LQBUENO_2026-01-16_G16,10109564LQBUENO,2026-01-16,124475,1,4,0,151.0
10109564LQBUENO_2026-01-16_G17,10109564LQBUENO,2026-01-16,124248,1,5,0,174.0
10109564LQBUENO_2026-01-16_G18,10109564LQBUENO,2026-01-16,120339,1,11,0,747.0
10109564LQBUENO_2026-01-16_G19,10109564LQBUENO,2026-01-16,122962,1,36,0,487.0
10109564LQBUENO_2026-01-16_G20,10109564LQBUENO,2026-01-16,124548,1,16,0,226.0
10109564LQBUENO_2026-01-16_G21,10109564LQBUENO,2026-01-16,122185,1,4,0,177.0
10109564LQBUENO_2026-01-16_G22,10109564LQBUENO,2026-01-16,123909,1,5,0,164.0
10109564LQBUENO_2026-01-16_G23,10109564LQBUENO,2026-01-16,122984,1,20,0,935.0
10109564LQBUENO_2026-01-16_G24,10109564LQBUENO,2026-01-16,124371,1,66,0,2080.0
10109564LQBUENO_2026-01-16_G25,10109564LQBUENO,2026-01-16,124486,1,30,0,445.0
10109564LQBUENO_2026-01-16_G26,10109564LQBUENO,2026-01-16,124476,1,8,0,240.0
10109564LQBUENO_2026-01-16_G27,10109564LQBUENO,2026-01-16,120272,1,4,0,118.0
10109564LQBUENO_2026-01-16_G28,10109564LQBUENO,2026-01-16,123153,1,40,0,81.0
10109564LQBUENO_2026-01-16_G29,10109564LQBUENO,2026-01-16,124248,1,8,0,358.0
10109564LQBUENO_2026-01-16_G30,10109564LQBUENO,2026-01-16,124264,1,10,0,69.0
10109564LQBUENO_2026-01-16_G31,10109564LQBUENO,2026-01-16,123521,1,3,0,63.0
10109564LQBUENO_2026-01-16_G32,10109564LQBUENO,2026-01-16,121923,1,6,0,42.0
10109564LQBUENO_2026-01-16_G34,10109564LQBUENO,2026-01-16,120028,1,60,0,1226.0
10109564LQBUENO_2026-01-16_G35,10109564LQBUENO,2026-01-16,122962,1,24,0,186.0
10109564LQBUENO_2026-01-16_G36,10109564LQBUENO,2026-01-16,123153,1,6,0,422.0
10109564LQBUENO_2026-01-16_G37,10109564LQBUENO,2026-01-16,122984,1,12,0,140.0
10109564LQBUENO_2026-01-16_G38,10109564LQBUENO,2026-01-16,124248,1,12,0,470.0
10109564LQBUENO_2026-01-16_G39,10109564LQBUENO,2026-01-16,122962,1,12,0,178.0
10109564LQBUENO_2026-01-16_G40,10109564LQBUENO,2026-01-16,122967,1,16,0,575.0
10109564LQBUENO_2026-01-16_G41,10109564LQBUENO,2026-01-16,"122673, 122671, 124486",3,12,30,628.0
10109564LQBUENO_2026-01-16_G42,10109564LQBUENO,2026-01-16,124477,1,6,0,430.0
10109564LQBUENO_2026-01-16_G43,10109564LQBUENO,2026-01-16,123345,1,6,0,158.0
10109564LQBUENO_2026-01-16_G44,10109564LQBUENO,2026-01-16,123343,1,6,0,265.0
10109564LQBUENO_2026-01-16_G45,10109564LQBUENO,2026-01-16,122984,1,16,0,1537.0
10109564LQBUENO_2026-01-16_G46,10109564LQBUENO,2026-01-16,120389,1,10,0,255.0
10109564LQBUENO_2026-01-16_G47,10109564LQBUENO,2026-01-16,124371,1,13,0,536.0
10109564LQBUENO_2026-01-16_G48,10109564LQBUENO,2026-01-16,123081,1,7,0,75.0
10109564LQBUENO_2026-01-16_G49,10109564LQBUENO,2026-01-16,122983,1,20,0,78.0
10109564LQBUENO_2026-01-16_G50,10109564LQBUENO,2026-01-16,122671,1,20,0,208.0
10109564LQBUENO_2026-01-16_G51,10109564LQBUENO,2026-01-16,124475,1,26,0,370.0
10109564LQBUENO_2026-01-16_G52,10109564LQBUENO,2026-01-16,124248,1,20,0,400.0
10109564LQBUENO_2026-01-16_G53,10109564LQBUENO,2026-01-16,123909,1,23,0,241.0
10109564LQBUENO_2026-01-16_G54,10109564LQBUENO,2026-01-16,123521,1,4,0,207.0
10109564LQBUENO_2026-01-17_G02,10109564LQBUENO,2026-01-17,124624,1,2,0,390.0
10109564LQBUENO_2026-01-17_G03,10109564LQBUENO,2026-01-17,124248,1,26,0,498.0
10109564LQBUENO_2026-01-17_G04,10109564LQBUENO,2026-01-17,122185,1,4,0,312.0
10109564LQBUENO_2026-01-17_G05,10109564LQBUENO,2026-01-17,122962,1,3,0,190.0
10109564LQBUENO_2026-01-17_G06,10109564LQBUENO,2026-01-17,124594,1,6,0,138.0
10109564LQBUENO_2026-01-17_G08,10109564LQBUENO,2026-01-17,122983,1,16,0,388.0
10109564LQBUENO_2026-01-17_G09,10109564LQBUENO,2026-01-17,124475,1,10,0,532.0
10109564LQBUENO_2026-01-17_G10,10109564LQBUENO,2026-01-17,120339,1,30,0,765.0
10109564LQBUENO_2026-01-17_G11,10109564LQBUENO,2026-01-17,122962,1,65,0,1256.0
10109564LQBUENO_2026-01-17_G12,10109564LQBUENO,2026-01-17,124548,1,16,0,165.0
10109564LQBUENO_2026-01-17_G13,10109564LQBUENO,2026-01-17,122647,1,12,0,341.0
10109564LQBUENO_2026-01-18_G02,10109564LQBUENO,2026-01-18,123345,1,20,0,447.0
10109564LQBUENO_2026-01-18_G03,10109564LQBUENO,2026-01-18,124486,1,12,0,871.0
10109564LQBUENO_2026-01-18_G04,10109564LQBUENO,2026-01-18,122968,1,1,0,82.0
10109564LQBUENO_2026-01-18_G05,10109564LQBUENO,2026-01-18,122703,1,4,0,155.0
10109564LQBUENO_2026-01-18_G06,10109564LQBUENO,2026-01-18,"123822, 122983",2,5,13,65.0
10109564LQBUENO_2026-01-18_G07,10109564LQBUENO,2026-01-18,123153,1,20,0,988.0
10109564LQBUENO_2026-01-18_G08,10109564LQBUENO,2026-01-18,124476,1,4,0,297.0
10109564LQBUENO_2026-01-18_G09,10109564LQBUENO,2026-01-18,122962,1,8,0,189.0
10109564LQBUENO_2026-01-18_G10,10109564LQBUENO,2026-01-18,122185,1,3,0,134.0
10109564LQBUENO_2026-01-18_G11,10109564LQBUENO,2026-01-18,121760,1,4,0,1037.0
10109564LQBUENO_2026-01-18_G12,10109564LQBUENO,2026-01-18,124370,1,5,0,561.0
10109564LQBUENO_2026-01-18_G13,10109564LQBUENO,2026-01-18,121651,1,4,0,119.0
10109564LQBUENO_2026-01-18_G14,10109564LQBUENO,2026-01-18,"124370, 122671",2,9,23,130.0
10109564LQBUENO_2026-01-18_G15,10109564LQBUENO,2026-01-18,123909,1,4,0,121.0
10109564LQBUENO_2026-01-18_G16,10109564LQBUENO,2026-01-18,124486,1,5,0,199.0
10109564LQBUENO_2026-01-18_G17,10109564LQBUENO,2026-01-18,122962,1,22,0,199.0
10109564LQBUENO_2026-01-18_G18,10109564LQBUENO,2026-01-18,123909,1,16,0,464.0
10109564LQBUENO_2026-01-18_G19,10109564LQBUENO,2026-01-18,"124370, 123909",2,5,18,300.0
10109564LQBUENO_2026-01-18_G20,10109564LQBUENO,2026-01-18,122185,1,50,0,616.0
10109564LQBUENO_2026-01-18_G21,10109564LQBUENO,2026-01-18,121760,1,4,0,247.0
10109564LQBUENO_2026-01-18_G22,10109564LQBUENO,2026-01-18,122962,1,2,0,117.0
10109564LQBUENO_2026-01-18_G23,10109564LQBUENO,2026-01-18,123909,1,5,0,131.0
10109564LQBUENO_2026-01-18_G24,10109564LQBUENO,2026-01-18,123889,1,10,0,320.0
10109564LQBUENO_2026-01-18_G25,10109564LQBUENO,2026-01-18,124370,1,4,0,85.0
10109564LQBUENO_2026-01-18_G26,10109564LQBUENO,2026-01-18,122983,1,4,0,117.0
10109564LQBUENO_2026-01-18_G27,10109564LQBUENO,2026-01-18,122984,1,4,0,91.0
10109564LQBUENO_2026-01-18_G28,10109564LQBUENO,2026-01-18,122962,1,8,0,59.0
10109564LQBUENO_2026-01-18_G29,10109564LQBUENO,2026-01-18,123313,1,4,0,139.0
10109564LQBUENO_2026-01-18_G30,10109564LQBUENO,2026-01-18,123909,1,5,0,146.0
10109564LQBUENO_2026-01-18_G32,10109564LQBUENO,2026-01-18,123345,1,50,0,679.0
10109564LQBUENO_2026-01-19_G02,10109564LQBUENO,2026-01-19,122962,1,4,0,287.0
10109564LQBUENO_2026-01-19_G03,10109564LQBUENO,2026-01-19,124475,1,4,0,691.0
10109564LQBUENO_2026-01-19_G04,10109564LQBUENO,2026-01-19,123909,1,2,0,69.0
10109564LQBUENO_2026-01-19_G05,10109564LQBUENO,2026-01-19,122673,1,6,0,177.0
10109564LQBUENO_2026-01-19_G06,10109564LQBUENO,2026-01-19,124594,1,6,0,153.0
10109564LQBUENO_2026-01-19_G07,10109564LQBUENO,2026-01-19,124486,1,2,0,132.0
10109564LQBUENO_2026-01-19_G08,10109564LQBUENO,2026-01-19,122962,1,12,0,73.0
10109564LQBUENO_2026-01-19_G09,10109564LQBUENO,2026-01-19,123909,1,7,0,331.0
10109564LQBUENO_2026-01-19_G10,10109564LQBUENO,2026-01-19,123345,1,9,0,118.0
10109564LQBUENO_2026-01-19_G11,10109564LQBUENO,2026-01-19,124548,1,30,0,989.0
10109564LQBUENO_2026-01-19_G12,10109564LQBUENO,2026-01-19,120339,1,30,0,1124.0
10109564LQBUENO_2026-01-19_G15,10109564LQBUENO,2026-01-19,123344,1,12,0,271.0
10109564LQBUENO_2026-01-19_G16,10109564LQBUENO,2026-01-19,122703,1,2,0,168.0
10109564LQBUENO_2026-01-19_G17,10109564LQBUENO,2026-01-19,124264,1,60,0,1294.0
10109564LQBUENO_2026-01-19_G18,10109564LQBUENO,2026-01-19,123343,2,22,9,1474.0
10109564LQBUENO_2026-01-19_G19,10109564LQBUENO,2026-01-19,124486,1,20,0,246.0
10109564LQBUENO_2026-01-19_G20,10109564LQBUENO,2026-01-19,124486,1,20,0,287.0
10109564LQBUENO_2026-01-19_G21,10109564LQBUENO,2026-01-19,122988,1,10,0,164.0
10109564LQBUENO_2026-01-19_G22,10109564LQBUENO,2026-01-19,124371,2,20,9,52.0
10109564LQBUENO_2026-01-19_G23,10109564LQBUENO,2026-01-19,124475,1,6,0,329.0
10109564LQBUENO_2026-01-19_G24,10109564LQBUENO,2026-01-19,121651,1,17,0,258.0
10109564LQBUENO_2026-01-19_G25,10109564LQBUENO,2026-01-19,122962,1,50,0,235.0
10109564LQBUENO_2026-01-19_G26,10109564LQBUENO,2026-01-19,122962,1,11,0,400.0
10109564LQBUENO_2026-01-19_G27,10109564LQBUENO,2026-01-19,120028,1,5,0,210.0
10109564LQBUENO_2026-01-19_G28,10109564LQBUENO,2026-01-19,123909,1,4,0,100.0
10109564LQBUENO_2026-01-19_G29,10109564LQBUENO,2026-01-19,"122962, 124486",2,28,25,3040.0
10109564LQBUENO_2026-01-19_G30,10109564LQBUENO,2026-01-19,"122647, 124486",2,48,27,1075.0
10109564LQBUENO_2026-01-19_G31,10109564LQBUENO,2026-01-19,114647,1,8,0,263.0
10109564LQBUENO_2026-01-19_G32,10109564LQBUENO,2026-01-19,"120389, 121651",2,6,14,46.0
10109564LQBUENO_2026-01-20_G02,10109564LQBUENO,2026-01-20,123343,1,4,0,201.0
10109564LQBUENO_2026-01-20_G03,10109564LQBUENO,2026-01-20,124486,1,2,0,57.0
10109564LQBUENO_2026-01-20_G04,10109564LQBUENO,2026-01-20,122983,1,40,0,675.0
10109564LQBUENO_2026-01-20_G05,10109564LQBUENO,2026-01-20,122673,1,10,0,209.0
10109564LQBUENO_2026-01-20_G06,10109564LQBUENO,2026-01-20,123343,1,8,0,119.0
10109564LQBUENO_2026-01-20_G07,10109564LQBUENO,2026-01-20,123909,1,150,0,1941.0
10109564LQBUENO_2026-01-20_G08,10109564LQBUENO,2026-01-20,124624,1,130,0,1394.0
10109564LQBUENO_2026-01-20_G10,10109564LQBUENO,2026-01-20,123822,1,24,0,1485.0
10109564LQBUENO_2026-01-20_G11,10109564LQBUENO,2026-01-20,124371,1,20,0,506.0
10109564LQBUENO_2026-01-20_G12,10109564LQBUENO,2026-01-20,121651,1,100,0,1947.0
10109564LQBUENO_2026-01-20_G13,10109564LQBUENO,2026-01-20,114647,1,4,0,1222.0
10109564LQBUENO_2026-01-20_G14,10109564LQBUENO,2026-01-20,"122962, 122703",2,112,9,858.0
10109564LQBUENO_2026-01-20_G15,10109564LQBUENO,2026-01-20,122962,1,23,0,171.0
10109564LQBUENO_2026-01-20_G16,10109564LQBUENO,2026-01-20,122962,1,48,0,73.0
10109564LQBUENO_2026-01-21_G02,10109564LQBUENO,2026-01-21,122185,1,4,0,305.0
10109564LQBUENO_2026-01-21_G03,10109564LQBUENO,2026-01-21,124486,1,10,0,1942.0
10109564LQBUENO_2026-01-21_G04,10109564LQBUENO,2026-01-21,120389,1,22,0,739.0
10109564LQBUENO_2026-01-21_G05,10109564LQBUENO,2026-01-21,122703,1,4,0,460.0
10109564LQBUENO_2026-01-21_G06,10109564LQBUENO,2026-01-21,124370,1,10,0,98.0
10109564LQBUENO_2026-01-21_G07,10109564LQBUENO,2026-01-21,124371,1,4,0,126.0
10109564LQBUENO_2026-01-21_G08,10109564LQBUENO,2026-01-21,121760,1,20,0,356.0
10109564LQBUENO_2026-01-21_G09,10109564LQBUENO,2026-01-21,124475,1,8,0,141.0
10109564LQBUENO_2026-01-21_G10,10109564LQBUENO,2026-01-21,124476,1,4,0,231.0
10109564LQBUENO_2026-01-21_G11,10109564LQBUENO,2026-01-21,123521,1,3,0,99.0
10109564LQBUENO_2026-01-21_G12,10109564LQBUENO,2026-01-21,124477,1,6,0,202.0
10109564LQBUENO_2026-01-21_G13,10109564LQBUENO,2026-01-21,124248,1,250,0,2027.0
10109564LQBUENO_2026-01-21_G15,10109564LQBUENO,2026-01-21,181815,1,7,0,695.0
10109564LQBUENO_2026-01-21_G16,10109564LQBUENO,2026-01-21,124486,1,10,0,141.0
10109564LQBUENO_2026-01-21_G17,10109564LQBUENO,2026-01-21,122703,1,8,0,260.0
10109564LQBUENO_2026-01-21_G18,10109564LQBUENO,2026-01-21,124548,1,20,0,224.0
10109564LQBUENO_2026-01-21_G19,10109564LQBUENO,2026-01-21,122984,1,30,0,317.0
10109564LQBUENO_2026-01-21_G20,10109564LQBUENO,2026-01-21,121760,1,97,0,837.0
10109564LQBUENO_2026-01-21_G21,10109564LQBUENO,2026-01-21,123153,1,5,0,550.0
10109564LQBUENO_2026-01-21_G22,10109564LQBUENO,2026-01-21,121651,1,30,0,193.0
10109564LQBUENO_2026-01-21_G23,10109564LQBUENO,2026-01-21,120028,1,6,0,147.0
10109564LQBUENO_2026-01-21_G24,10109564LQBUENO,2026-01-21,122962,1,20,0,88.0
10109564LQBUENO_2026-01-21_G25,10109564LQBUENO,2026-01-21,123344,1,20,0,601.0
10109564LQBUENO_2026-01-21_G26,10109564LQBUENO,2026-01-21,123081,1,147,0,1536.0
10109564LQBUENO_2026-01-21_G27,10109564LQBUENO,2026-01-21,124486,1,127,0,828.0
10109564LQBUENO_2026-01-21_G28,10109564LQBUENO,2026-01-21,122647,1,5,0,635.0
10109564LQBUENO_2026-01-21_G29,10109564LQBUENO,2026-01-21,122647,1,80,0,659.0
10109564LQBUENO_2026-01-21_G30,10109564LQBUENO,2026-01-21,122962,1,40,0,273.0
10109564LQBUENO_2026-01-22_G02,10109564LQBUENO,2026-01-22,"123344, 124477",2,58,8,46.0
10109564LQBUENO_2026-01-22_G03,10109564LQBUENO,2026-01-22,124370,1,16,0,1012.0
10109564LQBUENO_2026-01-22_G04,10109564LQBUENO,2026-01-22,122673,1,4,0,200.0
10109564LQBUENO_2026-01-22_G05,10109564LQBUENO,2026-01-22,124371,1,12,0,182.0
10109564LQBUENO_2026-01-22_G06,10109564LQBUENO,2026-01-22,124475,1,10,0,158.0
10109564LQBUENO_2026-01-22_G07,10109564LQBUENO,2026-01-22,124476,1,8,0,242.0
10109564LQBUENO_2026-01-22_G08,10109564LQBUENO,2026-01-22,"123343, 123313",2,14,28,37.0
10109564LQBUENO_2026-01-22_G09,10109564LQBUENO,2026-01-22,122703,1,9,0,1744.0
10109564LQBUENO_2026-01-22_G10,10109564LQBUENO,2026-01-22,124486,1,20,0,370.0
10109564LQBUENO_2026-01-22_G11,10109564LQBUENO,2026-01-22,122984,1,2,0,158.0
10109564LQBUENO_2026-01-22_G12,10109564LQBUENO,2026-01-22,124371,1,4,0,37.0
10109564LQBUENO_2026-01-22_G13,10109564LQBUENO,2026-01-22,122671,1,16,0,74.0
10109564LQBUENO_2026-01-22_G14,10109564LQBUENO,2026-01-22,122647,1,12,0,307.0
10109564LQBUENO_2026-01-22_G15,10109564LQBUENO,2026-01-22,123909,1,24,0,106.0
10109564LQBUENO_2026-01-22_G16,10109564LQBUENO,2026-01-22,122962,1,16,0,249.0
10109564LQBUENO_2026-01-22_G17,10109564LQBUENO,2026-01-22,"123345, 123343",2,32,15,493.0
10109564LQBUENO_2026-01-22_G18,10109564LQBUENO,2026-01-22,123345,1,16,0,552.0
10109564LQBUENO_2026-01-22_G19,10109564LQBUENO,2026-01-22,"124486, 124371",2,14,8,55.0
10109564LQBUENO_2026-01-22_G20,10109564LQBUENO,2026-01-22,122647,1,8,0,32.0
10109564LQBUENO_2026-01-22_G21,10109564LQBUENO,2026-01-22,121923,1,2,0,116.0
10109564LQBUENO_2026-01-22_G22,10109564LQBUENO,2026-01-22,123560,1,2,0,1265.0
10109564LQBUENO_2026-01-22_G23,10109564LQBUENO,2026-01-22,122671,1,2,0,1205.0
10109564LQBUENO_2026-01-22_G24,10109564LQBUENO,2026-01-22,"124264, 124486",2,28,24,313.0
10109564LQBUENO_2026-01-22_G26,10109564LQBUENO,2026-01-22,123345,1,10,0,348.0
10109564LQBUENO_2026-01-22_G27,10109564LQBUENO,2026-01-22,122673,1,20,0,484.0
10109564LQBUENO_2026-01-22_G28,10109564LQBUENO,2026-01-22,122647,1,4,0,282.0
10109564LQBUENO_2026-01-22_G29,10109564LQBUENO,2026-01-22,124486,1,25,0,111.0
10109564LQBUENO_2026-01-22_G30,10109564LQBUENO,2026-01-22,122673,1,30,0,512.0
10109564LQBUENO_2026-01-22_G31,10109564LQBUENO,2026-01-22,122962,1,28,0,469.0
10109564LQBUENO_2026-01-22_G32,10109564LQBUENO,2026-01-22,120028,1,60,0,782.0
10109564LQBUENO_2026-01-22_G33,10109564LQBUENO,2026-01-22,"122962, 123343",2,18,25,693.0
10109564LQBUENO_2026-01-22_G34,10109564LQBUENO,2026-01-22,123909,1,7,0,595.0
10109564LQBUENO_2026-01-22_G35,10109564LQBUENO,2026-01-22,123345,1,5,0,751.0
10109564LQBUENO_2026-01-22_G36,10109564LQBUENO,2026-01-22,123343,1,4,0,55.0
10109564LQBUENO_2026-01-22_G37,10109564LQBUENO,2026-01-22,120339,1,6,0,228.0
10109564LQBUENO_2026-01-22_G38,10109564LQBUENO,2026-01-22,124486,1,10,0,689.0
10109564LQBUENO_2026-01-22_G39,10109564LQBUENO,2026-01-22,123345,1,10,0,36.0
10109564LQBUENO_2026-01-22_G40,10109564LQBUENO,2026-01-22,123909,1,6,0,596.0
10109564LQBUENO_2026-01-22_G41,10109564LQBUENO,2026-01-22,124486,1,16,0,127.0
10109564LQBUENO_2026-01-22_G42,10109564LQBUENO,2026-01-22,122671,1,8,0,148.0
10109564LQBUENO_2026-01-22_G43,10109564LQBUENO,2026-01-22,122962,1,12,0,66.0
10109564LQBUENO_2026-01-22_G44,10109564LQBUENO,2026-01-22,122962,1,24,0,335.0
10109564LQBUENO_2026-01-22_G45,10109564LQBUENO,2026-01-22,124248,1,4,0,223.0
10109564LQBUENO_2026-01-22_G46,10109564LQBUENO,2026-01-22,124248,1,2,0,82.0
10109564LQBUENO_2026-01-22_G47,10109564LQBUENO,2026-01-22,124624,1,10,0,192.0
10109564LQBUENO_2026-01-22_G48,10109564LQBUENO,2026-01-22,123153,1,10,0,400.0
10109564LQBUENO_2026-01-22_G49,10109564LQBUENO,2026-01-22,123344,1,19,0,114.0
10109564LQBUENO_2026-01-22_G50,10109564LQBUENO,2026-01-22,122671,1,2,0,206.0
10109564LQBUENO_2026-01-22_G51,10109564LQBUENO,2026-01-22,123345,1,8,0,176.0
10109564LQBUENO_2026-01-22_G52,10109564LQBUENO,2026-01-22,123343,1,3,0,89.0
10109564LQBUENO_2026-01-22_G53,10109564LQBUENO,2026-01-22,123909,1,44,0,229.0
10109564LQBUENO_2026-01-22_G54,10109564LQBUENO,2026-01-22,124548,1,11,0,825.0
10109564LQBUENO_2026-01-22_G55,10109564LQBUENO,2026-01-22,120339,1,2,0,68.0
10109564LQBUENO_2026-01-23_G02,10109564LQBUENO,2026-01-23,123492,1,2,0,155.0
10109564LQBUENO_2026-01-23_G03,10109564LQBUENO,2026-01-23,124486,1,12,0,446.0
10109564LQBUENO_2026-01-23_G04,10109564LQBUENO,2026-01-23,123153,1,22,0,240.0
10109564LQBUENO_2026-01-23_G05,10109564LQBUENO,2026-01-23,124475,1,5,0,335.0
10109564LQBUENO_2026-01-23_G06,10109564LQBUENO,2026-01-23,124264,1,30,0,368.0
10109564LQBUENO_2026-01-23_G07,10109564LQBUENO,2026-01-23,122962,1,20,0,162.0
10109564LQBUENO_2026-01-23_G08,10109564LQBUENO,2026-01-23,122647,1,90,0,1715.0
10109564LQBUENO_2026-01-23_G09,10109564LQBUENO,2026-01-23,122647,1,30,0,563.0
10109564LQBUENO_2026-01-23_G10,10109564LQBUENO,2026-01-23,122962,1,30,0,1208.0
10109564LQBUENO_2026-01-23_G11,10109564LQBUENO,2026-01-23,122984,1,8,0,3011.0
10109564LQBUENO_2026-01-23_G12,10109564LQBUENO,2026-01-23,123153,1,30,0,556.0
10109564LQBUENO_2026-01-23_G13,10109564LQBUENO,2026-01-23,122673,1,18,0,121.0
10109564LQBUENO_2026-01-23_G15,10109564LQBUENO,2026-01-23,123345,1,6,0,177.0
10109564LQBUENO_2026-01-23_G16,10109564LQBUENO,2026-01-23,123345,1,2,0,412.0
10109564LQBUENO_2026-01-23_G17,10109564LQBUENO,2026-01-23,124475,1,2,0,86.0
10109564LQBUENO_2026-01-23_G18,10109564LQBUENO,2026-01-23,123345,2,4,8,79.0
10109564LQBUENO_2026-01-23_G19,10109564LQBUENO,2026-01-23,122962,1,74,0,1814.0
10109564LQBUENO_2026-01-23_G20,10109564LQBUENO,2026-01-23,121760,1,2,0,640.0
10109564LQBUENO_2026-01-23_G21,10109564LQBUENO,2026-01-23,121760,1,3,0,151.0
10109564LQBUENO_2026-01-23_G22,10109564LQBUENO,2026-01-23,"123344, 123909, 124486",3,12,33,73.0
10109564LQBUENO_2026-01-23_G23,10109564LQBUENO,2026-01-23,122703,1,4,0,344.0
10109564LQBUENO_2026-01-23_G24,10109564LQBUENO,2026-01-23,122962,1,4,0,64.0
10109564LQBUENO_2026-01-23_G25,10109564LQBUENO,2026-01-23,123345,1,4,0,49.0
10109564LQBUENO_2026-01-23_G26,10109564LQBUENO,2026-01-23,122967,2,12,8,570.0
10109564LQBUENO_2026-01-23_G27,10109564LQBUENO,2026-01-23,124486,1,24,0,240.0
10109564LQBUENO_2026-01-23_G28,10109564LQBUENO,2026-01-23,122984,1,12,0,180.0
10109564LQBUENO_2026-01-23_G29,10109564LQBUENO,2026-01-23,120339,1,3,0,79.0
10109564LQBUENO_2026-01-23_G30,10109564LQBUENO,2026-01-23,124548,1,4,0,104.0
10109564LQBUENO_2026-01-23_G31,10109564LQBUENO,2026-01-23,122983,1,7,0,70.0
10109564LQBUENO_2026-01-23_G32,10109564LQBUENO,2026-01-23,122982,1,8,0,69.0
10109564LQBUENO_2026-01-23_G33,10109564LQBUENO,2026-01-23,124476,1,4,0,142.0
10109564LQBUENO_2026-01-23_G34,10109564LQBUENO,2026-01-23,"120028, 123345, 123343, 124264",4,44,67,1330.0
10109564LQBUENO_2026-01-23_G35,10109564LQBUENO,2026-01-23,120028,1,20,0,62.0
10109564LQBUENO_2026-01-23_G36,10109564LQBUENO,2026-01-23,"122185, 122962",2,54,15,40.0
10109564LQBUENO_2026-01-23_G37,10109564LQBUENO,2026-01-23,124486,1,2,0,409.0
10109564LQBUENO_2026-01-23_G38,10109564LQBUENO,2026-01-23,123153,1,50,0,572.0
10109564LQBUENO_2026-01-23_G39,10109564LQBUENO,2026-01-23,"180024, 123345, 123343, 122185, 124264",5,118,79,2793.0
10109564LQBUENO_2026-01-24_G02,10109564LQBUENO,2026-01-24,180590,2,8,11,45.0
10109564LQBUENO_2026-01-24_G03,10109564LQBUENO,2026-01-24,122962,1,24,0,592.0
10109564LQBUENO_2026-01-24_G04,10109564LQBUENO,2026-01-24,120028,1,40,0,850.0
10109564LQBUENO_2026-01-24_G05,10109564LQBUENO,2026-01-24,122962,1,40,0,1487.0
10109564LQBUENO_2026-01-24_G06,10109564LQBUENO,2026-01-24,122962,2,24,15,134.0
10109564LQBUENO_2026-01-24_G07,10109564LQBUENO,2026-01-24,120028,1,40,0,1021.0
10109564LQBUENO_2026-01-24_G08,10109564LQBUENO,2026-01-24,124248,1,20,0,329.0
10109564LQBUENO_2026-01-24_G09,10109564LQBUENO,2026-01-24,122984,1,16,0,79.0
10109564LQBUENO_2026-01-24_G10,10109564LQBUENO,2026-01-24,122185,1,20,0,572.0
10109564LQBUENO_2026-01-24_G11,10109564LQBUENO,2026-01-24,123080,1,2,0,157.0
10109564LQBUENO_2026-01-24_G12,10109564LQBUENO,2026-01-24,123343,1,20,0,1203.0
10109564LQBUENO_2026-01-24_G13,10109564LQBUENO,2026-01-24,124370,1,20,0,86.0
10109564LQBUENO_2026-01-24_G14,10109564LQBUENO,2026-01-24,124486,1,60,0,595.0
10109564LQBUENO_2026-01-24_G15,10109564LQBUENO,2026-01-24,124371,1,40,0,70.0
10109564LQBUENO_2026-01-24_G16,10109564LQBUENO,2026-01-24,122982,1,24,0,509.0
10109564LQBUENO_2026-01-24_G17,10109564LQBUENO,2026-01-24,122671,1,6,0,330.0
10109564LQBUENO_2026-01-24_G18,10109564LQBUENO,2026-01-24,120028,1,40,0,846.0
10109564LQBUENO_2026-01-24_G19,10109564LQBUENO,2026-01-24,124248,1,10,0,202.0
10109564LQBUENO_2026-01-24_G20,10109564LQBUENO,2026-01-24,"124486, 124475",2,44,23,234.0
10109564LQBUENO_2026-01-24_G21,10109564LQBUENO,2026-01-24,122962,1,12,0,116.0
10109564LQBUENO_2026-01-26_G02,10109564LQBUENO,2026-01-26,123909,1,5,0,157.0
10109564LQBUENO_2026-01-26_G03,10109564LQBUENO,2026-01-26,121651,1,12,0,113.0
10109564LQBUENO_2026-01-26_G04,10109564LQBUENO,2026-01-26,"124264, 122671",2,63,9,1137.0
10109564LQBUENO_2026-01-26_G05,10109564LQBUENO,2026-01-26,124475,1,7,0,135.0
10109564LQBUENO_2026-01-26_G06,10109564LQBUENO,2026-01-26,123153,1,20,0,263.0
10109564LQBUENO_2026-01-26_G07,10109564LQBUENO,2026-01-26,123344,1,5,0,418.0
10109564LQBUENO_2026-01-26_G08,10109564LQBUENO,2026-01-26,124477,1,4,0,101.0
10109564LQBUENO_2026-01-26_G09,10109564LQBUENO,2026-01-26,123345,1,12,0,103.0
10109564LQBUENO_2026-01-26_G10,10109564LQBUENO,2026-01-26,180026,1,6,0,596.0
10109564LQBUENO_2026-01-26_G11,10109564LQBUENO,2026-01-26,181056,1,4,0,593.0
10109564LQBUENO_2026-01-26_G12,10109564LQBUENO,2026-01-26,123822,1,130,0,2362.0
10109564LQBUENO_2026-01-26_G13,10109564LQBUENO,2026-01-26,123909,1,30,0,485.0
10109564LQBUENO_2026-01-26_G14,10109564LQBUENO,2026-01-26,122984,1,46,0,806.0
10109564LQBUENO_2026-01-26_G15,10109564LQBUENO,2026-01-26,124371,1,40,0,914.0
10109564LQBUENO_2026-01-27_G02,10109564LQBUENO,2026-01-27,123153,1,50,0,746.0
10109564LQBUENO_2026-01-27_G03,10109564LQBUENO,2026-01-27,124486,1,50,0,591.0
10109564LQBUENO_2026-01-27_G04,10109564LQBUENO,2026-01-27,123343,1,14,0,1434.0
10109564LQBUENO_2026-01-27_G05,10109564LQBUENO,2026-01-27,124624,1,2,0,32.0
10109564LQBUENO_2026-01-27_G06,10109564LQBUENO,2026-01-27,123345,1,50,0,199.0
10109564LQBUENO_2026-01-27_G07,10109564LQBUENO,2026-01-27,123909,1,13,0,633.0
10109564LQBUENO_2026-01-27_G08,10109564LQBUENO,2026-01-27,120339,1,6,0,593.0
10109564LQBUENO_2026-01-27_G09,10109564LQBUENO,2026-01-27,122962,1,25,0,798.0
10109564LQBUENO_2026-01-27_G10,10109564LQBUENO,2026-01-27,124370,1,50,0,2019.0
10109564LQBUENO_2026-01-27_G11,10109564LQBUENO,2026-01-27,124486,1,25,0,663.0
10109564LQBUENO_2026-01-27_G12,10109564LQBUENO,2026-01-27,120272,1,2,0,259.0
10109564LQBUENO_2026-01-27_G13,10109564LQBUENO,2026-01-27,123521,1,2,0,67.0
10109564LQBUENO_2026-01-27_G14,10109564LQBUENO,2026-01-27,123343,1,33,0,1188.0
10109564LQBUENO_2026-01-27_G16,10109564LQBUENO,2026-01-27,124486,1,50,0,1187.0
10109564LQBUENO_2026-01-27_G17,10109564LQBUENO,2026-01-27,123822,1,20,0,815.0
10109564LQBUENO_2026-01-27_G18,10109564LQBUENO,2026-01-27,124486,1,20,0,1418.0
10109564LQBUENO_2026-01-27_G19,10109564LQBUENO,2026-01-27,122983,1,20,0,239.0
10109564LQBUENO_2026-01-27_G20,10109564LQBUENO,2026-01-27,120028,1,20,0,336.0
10109564LQBUENO_2026-01-27_G21,10109564LQBUENO,2026-01-27,122647,1,6,0,222.0
10109564LQBUENO_2026-01-27_G22,10109564LQBUENO,2026-01-27,122962,1,30,0,1978.0
10109564LQBUENO_2026-01-27_G23,10109564LQBUENO,2026-01-27,122962,1,20,0,154.0
10109564LQBUENO_2026-01-27_G24,10109564LQBUENO,2026-01-27,122962,1,16,0,442.0
10109564LQBUENO_2026-01-27_G25,10109564LQBUENO,2026-01-27,"123345, 122673, 122962",4,86,42,1222.0
10109564LQBUENO_2026-01-27_G27,10109564LQBUENO,2026-01-27,122673,1,10,0,248.0
10109564LQBUENO_2026-01-28_G02,10109564LQBUENO,2026-01-28,124475,1,8,0,358.0
10109564LQBUENO_2026-01-28_G03,10109564LQBUENO,2026-01-28,124247,1,37,0,2349.0
10109564LQBUENO_2026-01-28_G04,10109564LQBUENO,2026-01-28,124247,1,12,0,250.0
10109564LQBUENO_2026-01-28_G05,10109564LQBUENO,2026-01-28,123345,1,4,0,500.0
10109564LQBUENO_2026-01-28_G06,10109564LQBUENO,2026-01-28,122962,1,40,0,75.0
10109564LQBUENO_2026-01-28_G07,10109564LQBUENO,2026-01-28,120028,1,6,0,334.0
10109564LQBUENO_2026-01-28_G08,10109564LQBUENO,2026-01-28,120389,1,20,0,684.0
10109564LQBUENO_2026-01-28_G09,10109564LQBUENO,2026-01-28,120389,1,30,0,1409.0
10109564LQBUENO_2026-01-28_G10,10109564LQBUENO,2026-01-28,120339,1,2,0,199.0
10109564LQBUENO_2026-01-28_G11,10109564LQBUENO,2026-01-28,122983,1,8,0,141.0
10109564LQBUENO_2026-01-28_G12,10109564LQBUENO,2026-01-28,123153,1,12,0,53.0
10109564LQBUENO_2026-01-28_G13,10109564LQBUENO,2026-01-28,124624,1,6,0,229.0
10109564LQBUENO_2026-01-28_G14,10109564LQBUENO,2026-01-28,122984,1,14,0,1284.0
10109564LQBUENO_2026-01-28_G15,10109564LQBUENO,2026-01-28,122671,1,2,0,192.0
10109564LQBUENO_2026-01-28_G16,10109564LQBUENO,2026-01-28,181887,1,30,0,629.0
10109564LQBUENO_2026-01-28_G17,10109564LQBUENO,2026-01-28,122962,1,30,0,409.0
10109564LQBUENO_2026-01-28_G19,10109564LQBUENO,2026-01-28,122962,1,8,0,100.0
10109564LQBUENO_2026-01-28_G20,10109564LQBUENO,2026-01-28,124486,1,16,0,790.0
10109564LQBUENO_2026-01-28_G21,10109564LQBUENO,2026-01-28,124247,1,4,0,111.0
10109564LQBUENO_2026-01-28_G22,10109564LQBUENO,2026-01-28,122983,1,2,0,195.0
10109564LQBUENO_2026-01-28_G23,10109564LQBUENO,2026-01-28,123909,1,16,0,336.0
10109564LQBUENO_2026-01-28_G24,10109564LQBUENO,2026-01-28,122673,1,10,0,150.0
10109564LQBUENO_2026-01-28_G25,10109564LQBUENO,2026-01-28,124371,1,4,0,140.0
10109564LQBUENO_2026-01-28_G26,10109564LQBUENO,2026-01-28,120028,1,3,0,184.0
10109564LQBUENO_2026-01-28_G27,10109564LQBUENO,2026-01-28,124476,1,4,0,123.0
10109564LQBUENO_2026-01-28_G28,10109564LQBUENO,2026-01-28,124475,1,5,0,412.0
10109564LQBUENO_2026-01-28_G29,10109564LQBUENO,2026-01-28,122647,1,30,0,644.0
10109564LQBUENO_2026-01-28_G30,10109564LQBUENO,2026-01-28,123343,1,14,0,250.0
10109564LQBUENO_2026-01-28_G31,10109564LQBUENO,2026-01-28,123345,1,24,0,1441.0
10109564LQBUENO_2026-01-28_G32,10109564LQBUENO,2026-01-28,124247,2,10,7,509.0
10109564LQBUENO_2026-01-28_G33,10109564LQBUENO,2026-01-28,122988,1,14,0,155.0
10109564LQBUENO_2026-01-28_G34,10109564LQBUENO,2026-01-28,122988,1,6,0,66.0
10109564LQBUENO_2026-01-28_G35,10109564LQBUENO,2026-01-28,123520,1,8,0,91.0
10109564LQBUENO_2026-01-28_G36,10109564LQBUENO,2026-01-28,181056,2,8,21,108.0
10109564LQBUENO_2026-01-28_G37,10109564LQBUENO,2026-01-28,123822,1,8,0,260.0
10109564LQBUENO_2026-01-28_G38,10109564LQBUENO,2026-01-28,124548,1,8,0,127.0
10109564LQBUENO_2026-01-28_G39,10109564LQBUENO,2026-01-28,181056,1,2,0,76.0
10109564LQBUENO_2026-01-28_G40,10109564LQBUENO,2026-01-28,124486,1,10,0,130.0
10109564LQBUENO_2026-01-28_G41,10109564LQBUENO,2026-01-28,122962,1,12,0,109.0
10109564LQBUENO_2026-01-28_G42,10109564LQBUENO,2026-01-28,122962,1,20,0,45.0
10109564LQBUENO_2026-01-28_G43,10109564LQBUENO,2026-01-28,124486,1,20,0,200.0
10109564LQBUENO_2026-01-28_G44,10109564LQBUENO,2026-01-28,"120028, 123313, 122671, 122673",4,22,52,518.0
10109564LQBUENO_2026-01-29_G02,10109564LQBUENO,2026-01-29,181057,1,2,0,93.0
10109564LQBUENO_2026-01-29_G03,10109564LQBUENO,2026-01-29,180372,1,1,0,960.0
10109564LQBUENO_2026-01-29_G04,10109564LQBUENO,2026-01-29,123909,1,24,0,433.0
10109564LQBUENO_2026-01-29_G05,10109564LQBUENO,2026-01-29,181056,1,8,0,166.0
10109564LQBUENO_2026-01-29_G06,10109564LQBUENO,2026-01-29,181887,1,11,0,445.0
10109564LQBUENO_2026-01-29_G07,10109564LQBUENO,2026-01-29,181057,1,4,0,256.0
10109564LQBUENO_2026-01-29_G08,10109564LQBUENO,2026-01-29,121760,1,2,0,92.0
10109564LQBUENO_2026-01-29_G09,10109564LQBUENO,2026-01-29,122962,1,4,0,81.0
10109564LQBUENO_2026-01-29_G10,10109564LQBUENO,2026-01-29,124624,1,8,0,303.0
10109564LQBUENO_2026-01-29_G11,10109564LQBUENO,2026-01-29,123561,1,1,0,186.0
10109564LQBUENO_2026-01-29_G12,10109564LQBUENO,2026-01-29,124624,1,5,0,560.0
10109564LQBUENO_2026-01-29_G13,10109564LQBUENO,2026-01-29,123345,1,10,0,241.0
10109564LQBUENO_2026-01-29_G14,10109564LQBUENO,2026-01-29,122647,1,16,0,1518.0
10109564LQBUENO_2026-01-29_G15,10109564LQBUENO,2026-01-29,122962,1,14,0,243.0
10109564LQBUENO_2026-01-29_G16,10109564LQBUENO,2026-01-29,"123343, 123345",2,8,19,1010.0
10109564LQBUENO_2026-01-29_G17,10109564LQBUENO,2026-01-29,"124486, 122962, 123909, 123345",6,46,80,841.0
10109564LQBUENO_2026-01-29_G18,10109564LQBUENO,2026-01-29,121760,1,5,0,276.0
10109564LQBUENO_2026-01-29_G19,10109564LQBUENO,2026-01-29,121651,1,14,0,43.0
10109564LQBUENO_2026-01-29_G20,10109564LQBUENO,2026-01-29,122962,1,8,0,70.0
10109564LQBUENO_2026-01-29_G21,10109564LQBUENO,2026-01-29,123345,1,2,0,43.0
10109564LQBUENO_2026-01-29_G23,10109564LQBUENO,2026-01-29,124548,1,100,0,1443.0
10109564LQBUENO_2026-01-29_G24,10109564LQBUENO,2026-01-29,123153,1,30,0,2048.0
10109564LQBUENO_2026-01-29_G25,10109564LQBUENO,2026-01-29,124486,1,20,0,156.0
10109564LQBUENO_2026-01-29_G26,10109564LQBUENO,2026-01-29,123909,1,20,0,47.0
10109564LQBUENO_2026-01-29_G27,10109564LQBUENO,2026-01-29,"124248, 123909",2,6,16,243.0
10109564LQBUENO_2026-01-29_G28,10109564LQBUENO,2026-01-29,"124370, 120028, 122962, 123343",4,39,46,1112.0
10109564LQBUENO_2026-01-29_G29,10109564LQBUENO,2026-01-29,122962,1,14,0,971.0
10109564LQBUENO_2026-01-29_G30,10109564LQBUENO,2026-01-29,124624,1,4,0,191.0
10109564LQBUENO_2026-01-29_G31,10109564LQBUENO,2026-01-29,122671,1,2,0,117.0
10109564LQBUENO_2026-01-29_G32,10109564LQBUENO,2026-01-29,121651,1,14,0,237.0
10109564LQBUENO_2026-01-29_G33,10109564LQBUENO,2026-01-29,124486,1,30,0,103.0
10109564LQBUENO_2026-01-29_G34,10109564LQBUENO,2026-01-29,124247,3,13,18,167.0
10109564LQBUENO_2026-01-29_G35,10109564LQBUENO,2026-01-29,123909,1,9,0,154.0
10109564LQBUENO_2026-01-29_G36,10109564LQBUENO,2026-01-29,121760,1,20,0,194.0
10109564LQBUENO_2026-01-29_G37,10109564LQBUENO,2026-01-29,124371,1,16,0,146.0
10109564LQBUENO_2026-01-29_G38,10109564LQBUENO,2026-01-29,124370,1,20,0,198.0
10109564LQBUENO_2026-01-29_G39,10109564LQBUENO,2026-01-29,124476,1,5,0,310.0
10109564LQBUENO_2026-01-29_G40,10109564LQBUENO,2026-01-29,123153,1,40,0,304.0
10109564LQBUENO_2026-01-29_G41,10109564LQBUENO,2026-01-29,181887,2,3,26,395.0
10109564LQBUENO_2026-01-29_G42,10109564LQBUENO,2026-01-29,123343,1,8,0,170.0
10109564LQBUENO_2026-01-30_G02,10109564LQBUENO,2026-01-30,124247,1,6,0,76.0
10109564LQBUENO_2026-01-30_G03,10109564LQBUENO,2026-01-30,121760,1,1,0,121.0
10109564LQBUENO_2026-01-30_G04,10109564LQBUENO,2026-01-30,124371,1,2,0,82.0
10109564LQBUENO_2026-01-30_G05,10109564LQBUENO,2026-01-30,122703,1,6,0,193.0
10109564LQBUENO_2026-01-30_G06,10109564LQBUENO,2026-01-30,123909,1,5,0,110.0
10109564LQBUENO_2026-01-30_G07,10109564LQBUENO,2026-01-30,124264,1,4,0,165.0
10109564LQBUENO_2026-01-30_G08,10109564LQBUENO,2026-01-30,124371,1,4,0,109.0
10109564LQBUENO_2026-01-30_G09,10109564LQBUENO,2026-01-30,123822,1,3,0,120.0
10109564LQBUENO_2026-01-30_G10,10109564LQBUENO,2026-01-30,122983,1,18,0,143.0
10109564LQBUENO_2026-01-30_G11,10109564LQBUENO,2026-01-30,124475,1,2,0,86.0
10109564LQBUENO_2026-01-30_G12,10109564LQBUENO,2026-01-30,122647,1,4,0,76.0
10109564LQBUENO_2026-01-30_G13,10109564LQBUENO,2026-01-30,123344,1,1,0,104.0
10109564LQBUENO_2026-01-30_G14,10109564LQBUENO,2026-01-30,"121760, 124476",2,4,9,52.0
10109564LQBUENO_2026-01-30_G15,10109564LQBUENO,2026-01-30,181887,1,4,0,121.0
10109564LQBUENO_2026-01-30_G16,10109564LQBUENO,2026-01-30,123343,1,4,0,362.0
10109564LQBUENO_2026-01-30_G17,10109564LQBUENO,2026-01-30,122984,1,10,0,299.0
10109564LQBUENO_2026-01-30_G18,10109564LQBUENO,2026-01-30,122983,1,2,0,57.0
10109564LQBUENO_2026-01-30_G19,10109564LQBUENO,2026-01-30,124247,1,17,0,754.0
10109564LQBUENO_2026-01-30_G20,10109564LQBUENO,2026-01-30,120389,1,8,0,377.0
10109564LQBUENO_2026-01-30_G21,10109564LQBUENO,2026-01-30,123561,1,10,0,289.0
10109564LQBUENO_2026-01-30_G22,10109564LQBUENO,2026-01-30,124477,1,1,0,237.0
10109564LQBUENO_2026-01-30_G23,10109564LQBUENO,2026-01-30,121651,1,4,0,132.0
10109564LQBUENO_2026-01-30_G24,10109564LQBUENO,2026-01-30,124371,1,5,0,140.0
10109564LQBUENO_2026-01-30_G25,10109564LQBUENO,2026-01-30,124370,1,14,0,199.0
10109564LQBUENO_2026-01-30_G26,10109564LQBUENO,2026-01-30,124475,1,8,0,140.0
10109564LQBUENO_2026-01-30_G27,10109564LQBUENO,2026-01-30,120028,1,1,0,48.0
10109564LQBUENO_2026-01-30_G28,10109564LQBUENO,2026-01-30,124548,1,50,0,1468.0
10109564LQBUENO_2026-01-30_G29,10109564LQBUENO,2026-01-30,124475,1,8,0,364.0
10109564LQBUENO_2026-01-30_G30,10109564LQBUENO,2026-01-30,123345,1,6,0,284.0
10109564LQBUENO_2026-01-30_G31,10109564LQBUENO,2026-01-30,123343,1,4,0,356.0
10109564LQBUENO_2026-01-30_G32,10109564LQBUENO,2026-01-30,122962,2,54,25,400.0
10109564LQBUENO_2026-01-30_G33,10109564LQBUENO,2026-01-30,123345,1,30,0,293.0
10109564LQBUENO_2026-01-30_G34,10109564LQBUENO,2026-01-30,120339,1,2,0,637.0
10109564LQBUENO_2026-01-30_G35,10109564LQBUENO,2026-01-30,122984,1,1,0,83.0
10109564LQBUENO_2026-01-30_G37,10109564LQBUENO,2026-01-30,123345,1,20,0,831.0
10109564LQBUENO_2026-01-30_G38,10109564LQBUENO,2026-01-30,121651,1,10,0,1025.0
10109564LQBUENO_2026-01-30_G39,10109564LQBUENO,2026-01-30,123909,1,4,0,78.0
10109564LQBUENO_2026-01-30_G40,10109564LQBUENO,2026-01-30,123153,1,20,0,172.0
10109564LQBUENO_2026-01-30_G41,10109564LQBUENO,2026-01-30,123344,1,8,0,264.0
10109564LQBUENO_2026-01-30_G42,10109564LQBUENO,2026-01-30,121651,1,7,0,385.0
10109564LQBUENO_2026-01-30_G43,10109564LQBUENO,2026-01-30,124371,1,9,0,80.0
10109564LQBUENO_2026-01-30_G44,10109564LQBUENO,2026-01-30,"124475, 123345",2,14,18,109.0
10109564LQBUENO_2026-01-30_G45,10109564LQBUENO,2026-01-30,121760,1,6,0,198.0
10109564LQBUENO_2026-01-30_G46,10109564LQBUENO,2026-01-30,124475,1,8,0,188.0
10109564LQBUENO_2026-01-30_G47,10109564LQBUENO,2026-01-30,122962,1,38,0,827.0
10109564LQBUENO_2026-01-30_G48,10109564LQBUENO,2026-01-30,124486,1,12,0,346.0
10109564LQBUENO_2026-01-30_G49,10109564LQBUENO,2026-01-30,123153,1,46,0,888.0
10109564LQBUENO_2026-01-30_G50,10109564LQBUENO,2026-01-30,122962,1,4,0,358.0
10109564LQBUENO_2026-01-30_G51,10109564LQBUENO,2026-01-30,"122988, 122968",2,12,16,214.0
10109564LQBUENO_2026-01-30_G52,10109564LQBUENO,2026-01-30,124475,1,2,0,138.0
10109564LQBUENO_2026-01-30_G53,10109564LQBUENO,2026-01-30,122962,1,40,0,352.0
10109564LQBUENO_2026-01-30_G54,10109564LQBUENO,2026-01-30,123909,1,4,0,368.0
10109564LQBUENO_2026-01-30_G55,10109564LQBUENO,2026-01-30,124247,1,4,0,268.0
10109564LQBUENO_2026-01-30_G56,10109564LQBUENO,2026-01-30,123153,1,6,0,219.0
10109564LQBUENO_2026-01-30_G57,10109564LQBUENO,2026-01-30,123562,1,4,0,564.0
10109564LQBUENO_2026-01-30_G58,10109564LQBUENO,2026-01-30,120389,1,8,0,785.0
10109564LQBUENO_2026-01-30_G59,10109564LQBUENO,2026-01-30,121651,1,40,0,607.0
10109564LQBUENO_2026-01-30_G60,10109564LQBUENO,2026-01-30,122962,1,60,0,434.0
10109564LQBUENO_2026-01-31_G02,10109564LQBUENO,2026-01-31,124370,1,60,0,1034.0
10109564LQBUENO_2026-01-31_G03,10109564LQBUENO,2026-01-31,124486,1,60,0,257.0
10109564LQBUENO_2026-01-31_G04,10109564LQBUENO,2026-01-31,123909,1,7,0,287.0
10109564LQBUENO_2026-01-31_G05,10109564LQBUENO,2026-01-31,123343,1,18,0,475.0
10109564LQBUENO_2026-01-31_G06,10109564LQBUENO,2026-01-31,123560,1,4,0,241.0
10109564LQBUENO_2026-01-31_G07,10109564LQBUENO,2026-01-31,120028,1,8,0,44.0
10109564LQBUENO_2026-01-31_G08,10109564LQBUENO,2026-01-31,123345,1,4,0,593.0
10109564LQBUENO_2026-01-31_G09,10109564LQBUENO,2026-01-31,123344,1,2,0,107.0
10109564LQBUENO_2026-01-31_G10,10109564LQBUENO,2026-01-31,122673,1,1,0,650.0
10109564LQBUENO_2026-01-31_G11,10109564LQBUENO,2026-01-31,124476,1,2,0,129.0
10109564LQBUENO_2026-01-31_G12,10109564LQBUENO,2026-01-31,"123345, 123343",2,5,8,268.0
10109564LQBUENO_2026-01-31_G13,10109564LQBUENO,2026-01-31,122673,1,4,0,139.0
10109564LQBUENO_2026-01-31_G14,10109564LQBUENO,2026-01-31,121760,1,8,0,273.0
10109564LQBUENO_2026-01-31_G15,10109564LQBUENO,2026-01-31,124475,1,8,0,239.0
10109564LQBUENO_2026-01-31_G16,10109564LQBUENO,2026-01-31,123909,1,6,0,282.0
10109564LQBUENO_2026-01-31_G17,10109564LQBUENO,2026-01-31,123345,1,4,0,102.0
10109564LQBUENO_2026-01-31_G18,10109564LQBUENO,2026-01-31,124548,1,10,0,1848.0
10109564LQBUENO_2026-01-31_G19,10109564LQBUENO,2026-01-31,120272,1,4,0,164.0
10109564LQBUENO_2026-01-31_G20,10109564LQBUENO,2026-01-31,123153,1,10,0,358.0
10109564LQBUENO_2026-01-31_G21,10109564LQBUENO,2026-01-31,123492,1,20,0,240.0
10109564LQBUENO_2026-01-31_G22,10109564LQBUENO,2026-01-31,124477,1,8,0,648.0
10109564LQBUENO_2026-01-31_G23,10109564LQBUENO,2026-01-31,121651,1,10,0,312.0
10109564LQBUENO_2026-01-31_G24,10109564LQBUENO,2026-01-31,123344,1,12,0,409.0
10109564LQBUENO_2026-01-31_G25,10109564LQBUENO,2026-01-31,120028,1,25,0,451.0
10109564LQBUENO_2026-02-03_G02,10109564LQBUENO,2026-02-03,123345,1,47,0,51.0
10109564LQBUENO_2026-02-04_G02,10109564LQBUENO,2026-02-04,124247,1,24,0,509.0
10109564LQBUENO_2026-02-04_G03,10109564LQBUENO,2026-02-04,123153,1,14,0,636.0
10109564LQBUENO_2026-02-04_G04,10109564LQBUENO,2026-02-04,124248,1,100,0,47.0
10109564LQBUENO_2026-02-04_G05,10109564LQBUENO,2026-02-04,"124264, 123153",2,12,9,47.0
10109564LQBUENO_2026-02-04_G06,10109564LQBUENO,2026-02-04,124594,1,20,0,320.0
10109564LQBUENO_2026-02-04_G07,10109564LQBUENO,2026-02-04,123889,1,2,0,56.0
10109564LQBUENO_2026-02-04_G08,10109564LQBUENO,2026-02-04,124486,1,6,0,203.0
10109564LQBUENO_2026-02-04_G09,10109564LQBUENO,2026-02-04,124247,1,6,0,183.0
10109564LQBUENO_2026-02-04_G10,10109564LQBUENO,2026-02-04,123153,1,10,0,336.0
10109564LQBUENO_2026-02-04_G11,10109564LQBUENO,2026-02-04,124486,1,8,0,141.0
10109564LQBUENO_2026-02-04_G12,10109564LQBUENO,2026-02-04,124486,1,24,0,579.0
10109564LQBUENO_2026-02-04_G13,10109564LQBUENO,2026-02-04,123909,1,56,0,744.0
10109564LQBUENO_2026-02-04_G14,10109564LQBUENO,2026-02-04,124486,1,12,0,645.0
10109564LQBUENO_2026-02-04_G15,10109564LQBUENO,2026-02-04,122962,1,12,0,381.0
10109564LQBUENO_2026-02-04_G16,10109564LQBUENO,2026-02-04,122968,1,44,0,1442.0
10109564LQBUENO_2026-02-04_G17,10109564LQBUENO,2026-02-04,123080,1,2,0,139.0
10109564LQBUENO_2026-02-04_G18,10109564LQBUENO,2026-02-04,124548,1,49,0,789.0
10109564LQBUENO_2026-02-04_G21,10109564LQBUENO,2026-02-04,123909,1,100,0,793.0
10109564LQBUENO_2026-02-04_G22,10109564LQBUENO,2026-02-04,122962,1,8,0,297.0
10109564LQBUENO_2026-02-04_G23,10109564LQBUENO,2026-02-04,120028,1,22,0,744.0
10109564LQBUENO_2026-02-04_G24,10109564LQBUENO,2026-02-04,124594,1,4,0,140.0
10109564LQBUENO_2026-02-04_G25,10109564LQBUENO,2026-02-04,"123153, 123889",2,5,18,421.0
10109564LQBUENO_2026-02-04_G26,10109564LQBUENO,2026-02-04,122962,1,70,0,1769.0
10109564LQBUENO_2026-02-04_G28,10109564LQBUENO,2026-02-04,123153,1,12,0,238.0
10109564LQBUENO_2026-02-05_G02,10109564LQBUENO,2026-02-05,120028,1,12,0,374.0
10109564LQBUENO_2026-02-05_G03,10109564LQBUENO,2026-02-05,122647,1,20,0,483.0
10109564LQBUENO_2026-02-05_G04,10109564LQBUENO,2026-02-05,122185,1,6,0,212.0
10109564LQBUENO_2026-02-05_G05,10109564LQBUENO,2026-02-05,122984,1,14,0,719.0
10109564LQBUENO_2026-02-05_G08,10109564LQBUENO,2026-02-05,121651,1,12,0,120.0
10109564LQBUENO_2026-02-05_G09,10109564LQBUENO,2026-02-05,120339,1,4,0,128.0
10109564LQBUENO_2026-02-05_G10,10109564LQBUENO,2026-02-05,122703,1,12,0,144.0
10109564LQBUENO_2026-02-05_G11,10109564LQBUENO,2026-02-05,124371,1,16,0,157.0
10109564LQBUENO_2026-02-05_G12,10109564LQBUENO,2026-02-05,121760,1,17,0,219.0
10109564LQBUENO_2026-02-05_G13,10109564LQBUENO,2026-02-05,124476,1,3,0,101.0
10109564LQBUENO_2026-02-05_G14,10109564LQBUENO,2026-02-05,124370,1,20,0,160.0
10109564LQBUENO_2026-02-05_G15,10109564LQBUENO,2026-02-05,124475,1,17,0,350.0
10109564LQBUENO_2026-02-05_G16,10109564LQBUENO,2026-02-05,123345,1,16,0,1540.0
10109564LQBUENO_2026-02-05_G17,10109564LQBUENO,2026-02-05,124624,1,2,0,63.0
10109564LQBUENO_2026-02-05_G18,10109564LQBUENO,2026-02-05,124248,1,80,0,1315.0
10109564LQBUENO_2026-02-05_G19,10109564LQBUENO,2026-02-05,124475,1,150,0,3377.0
10109564LQBUENO_2026-02-05_G20,10109564LQBUENO,2026-02-05,122671,1,11,0,440.0
10109564LQBUENO_2026-02-05_G22,10109564LQBUENO,2026-02-05,124370,1,7,0,167.0
10109564LQBUENO_2026-02-05_G23,10109564LQBUENO,2026-02-05,123909,1,4,0,129.0
10109564LQBUENO_2026-02-06_G03,10109564LQBUENO,2026-02-06,181057,1,4,0,1226.0
10109564LQBUENO_2026-02-06_G05,10109564LQBUENO,2026-02-06,122982,1,6,0,149.0
10109564LQBUENO_2026-02-06_G06,10109564LQBUENO,2026-02-06,122983,1,10,0,31.0
10109564LQBUENO_2026-02-06_G07,10109564LQBUENO,2026-02-06,123909,1,10,0,561.0
10109564LQBUENO_2026-02-06_G08,10109564LQBUENO,2026-02-06,123822,1,16,0,234.0
10109564LQBUENO_2026-02-06_G09,10109564LQBUENO,2026-02-06,"124476, 124371",2,20,17,1313.0
10109564LQBUENO_2026-02-06_G10,10109564LQBUENO,2026-02-06,123822,1,130,0,1271.0
10109564LQBUENO_2026-02-06_G11,10109564LQBUENO,2026-02-06,122671,1,4,0,1350.0
10109564LQBUENO_2026-02-06_G12,10109564LQBUENO,2026-02-06,122984,1,29,0,831.0
10109564LQBUENO_2026-02-06_G13,10109564LQBUENO,2026-02-06,122982,1,24,0,219.0
10109564LQBUENO_2026-02-06_G14,10109564LQBUENO,2026-02-06,124370,1,24,0,529.0
10109564LQBUENO_2026-02-06_G15,10109564LQBUENO,2026-02-06,122983,1,24,0,422.0
10109564LQBUENO_2026-02-06_G16,10109564LQBUENO,2026-02-06,124248,1,4,0,130.0
10109564LQBUENO_2026-02-06_G18,10109564LQBUENO,2026-02-06,122185,1,13,0,423.0
10109564LQBUENO_2026-02-07_G02,10109564LQBUENO,2026-02-07,122984,1,60,0,1392.0
10109564LQBUENO_2026-02-07_G03,10109564LQBUENO,2026-02-07,122962,1,40,0,33.0
10109564LQBUENO_2026-02-07_G04,10109564LQBUENO,2026-02-07,122673,1,8,0,342.0
10109564LQBUENO_2026-02-07_G05,10109564LQBUENO,2026-02-07,122984,1,24,0,268.0
10109564LQBUENO_2026-02-07_G06,10109564LQBUENO,2026-02-07,120028,1,24,0,306.0
10109564LQBUENO_2026-02-07_G07,10109564LQBUENO,2026-02-07,124476,1,12,0,113.0
10109564LQBUENO_2026-02-07_G08,10109564LQBUENO,2026-02-07,124475,1,8,0,136.0
10109564LQBUENO_2026-02-07_G09,10109564LQBUENO,2026-02-07,123562,1,6,0,901.0
10109564LQBUENO_2026-02-07_G10,10109564LQBUENO,2026-02-07,"124624, 124594",2,8,15,386.0
10109564LQBUENO_2026-02-07_G11,10109564LQBUENO,2026-02-07,121760,1,6,0,165.0
10109564LQBUENO_2026-02-07_G12,10109564LQBUENO,2026-02-07,122983,2,6,15,146.0
10109564LQBUENO_2026-02-08_G02,10109564LQBUENO,2026-02-08,122962,2,46,25,560.0
10109564LQBUENO_2026-02-08_G03,10109564LQBUENO,2026-02-08,122962,1,8,0,470.0
10109564LQBUENO_2026-02-08_G04,10109564LQBUENO,2026-02-08,124594,1,6,0,369.0
10109564LQBUENO_2026-02-08_G05,10109564LQBUENO,2026-02-08,123345,1,10,0,135.0
10109564LQBUENO_2026-02-08_G06,10109564LQBUENO,2026-02-08,122982,1,20,0,529.0
10109564LQBUENO_2026-02-08_G07,10109564LQBUENO,2026-02-08,124594,1,2,0,63.0
10109564LQBUENO_2026-02-08_G08,10109564LQBUENO,2026-02-08,124247,1,10,0,281.0
10109564LQBUENO_2026-02-08_G09,10109564LQBUENO,2026-02-08,122185,1,2,0,92.0
10109564LQBUENO_2026-02-08_G10,10109564LQBUENO,2026-02-08,123343,1,4,0,165.0
10109564LQBUENO_2026-02-08_G11,10109564LQBUENO,2026-02-08,124247,1,10,0,166.0
10109564LQBUENO_2026-02-08_G12,10109564LQBUENO,2026-02-08,124247,1,10,0,36.0
10109564LQBUENO_2026-02-08_G13,10109564LQBUENO,2026-02-08,122647,1,10,0,597.0
10109564LQBUENO_2026-02-08_G14,10109564LQBUENO,2026-02-08,123909,1,12,0,253.0
10109564LQBUENO_2026-02-08_G15,10109564LQBUENO,2026-02-08,120028,1,30,0,361.0
10109564LQBUENO_2026-02-08_G16,10109564LQBUENO,2026-02-08,120028,1,60,0,910.0
10109564LQBUENO_2026-02-08_G17,10109564LQBUENO,2026-02-08,124264,1,16,0,38.0
10109564LQBUENO_2026-02-08_G18,10109564LQBUENO,2026-02-08,123822,1,13,0,88.0
10109564LQBUENO_2026-02-08_G19,10109564LQBUENO,2026-02-08,122962,1,12,0,132.0
10109564LQBUENO_2026-02-08_G20,10109564LQBUENO,2026-02-08,122962,1,20,0,412.0
10109564LQBUENO_2026-02-08_G21,10109564LQBUENO,2026-02-08,123909,1,20,0,329.0
10109564LQBUENO_2026-02-08_G22,10109564LQBUENO,2026-02-08,"122962, 123822",3,70,25,108.0
10109564LQBUENO_2026-02-08_G23,10109564LQBUENO,2026-02-08,122185,1,23,0,1006.0
10109564LQBUENO_2026-02-08_G25,10109564LQBUENO,2026-02-08,122962,1,20,0,53.0
10109564LQBUENO_2026-02-08_G26,10109564LQBUENO,2026-02-08,122984,1,60,0,862.0
10109564LQBUENO_2026-02-09_G02,10109564LQBUENO,2026-02-09,124247,1,6,0,2571.0
10109564LQBUENO_2026-02-09_G03,10109564LQBUENO,2026-02-09,123561,1,8,0,116.0
10109564LQBUENO_2026-02-09_G04,10109564LQBUENO,2026-02-09,124248,1,8,0,159.0
10109564LQBUENO_2026-02-09_G05,10109564LQBUENO,2026-02-09,123343,1,5,0,553.0
10109564LQBUENO_2026-02-09_G06,10109564LQBUENO,2026-02-09,124624,1,40,0,139.0
10109564LQBUENO_2026-02-09_G08,10109564LQBUENO,2026-02-09,123909,1,150,0,2549.0
10109564LQBUENO_2026-02-09_G09,10109564LQBUENO,2026-02-09,124247,1,3,0,522.0
10109564LQBUENO_2026-02-09_G10,10109564LQBUENO,2026-02-09,122703,1,2,0,68.0
10109564LQBUENO_2026-02-09_G11,10109564LQBUENO,2026-02-09,120271,1,2,0,222.0
10109564LQBUENO_2026-02-09_G12,10109564LQBUENO,2026-02-09,120028,1,10,0,105.0
10109564LQBUENO_2026-02-09_G13,10109564LQBUENO,2026-02-09,123153,1,8,0,881.0
10109564LQBUENO_2026-02-09_G14,10109564LQBUENO,2026-02-09,122983,1,1,0,89.0
10109564LQBUENO_2026-02-09_G15,10109564LQBUENO,2026-02-09,124370,1,10,0,186.0
10109564LQBUENO_2026-02-09_G16,10109564LQBUENO,2026-02-09,122196,1,4,0,230.0
10109564LQBUENO_2026-02-09_G17,10109564LQBUENO,2026-02-09,124624,1,12,0,61.0
10109564LQBUENO_2026-02-09_G18,10109564LQBUENO,2026-02-09,"123343, 123313",2,14,15,66.0
10109564LQBUENO_2026-02-10_G02,10109564LQBUENO,2026-02-10,121760,1,11,0,31.0
10109564LQBUENO_2026-02-10_G03,10109564LQBUENO,2026-02-10,123343,1,3,0,32.0
10109564LQBUENO_2026-02-10_G04,10109564LQBUENO,2026-02-10,124371,1,4,0,563.0
10109564LQBUENO_2026-02-10_G05,10109564LQBUENO,2026-02-10,121760,1,8,0,192.0
10109564LQBUENO_2026-02-10_G06,10109564LQBUENO,2026-02-10,124476,1,2,0,49.0
10109564LQBUENO_2026-02-10_G07,10109564LQBUENO,2026-02-10,124475,1,1,0,54.0
10109564LQBUENO_2026-02-10_G08,10109564LQBUENO,2026-02-10,123909,1,2,0,44.0
10109564LQBUENO_2026-02-10_G09,10109564LQBUENO,2026-02-10,123343,1,3,0,47.0
10109564LQBUENO_2026-02-10_G10,10109564LQBUENO,2026-02-10,"124371, 121760",2,6,9,236.0
10109564LQBUENO_2026-02-10_G11,10109564LQBUENO,2026-02-10,124476,1,4,0,414.0
10109564LQBUENO_2026-02-10_G12,10109564LQBUENO,2026-02-10,"124475, 123909",2,14,17,219.0
10109564LQBUENO_2026-02-10_G13,10109564LQBUENO,2026-02-10,"123345, 123343",2,4,30,125.0
10109564LQBUENO_2026-02-10_G14,10109564LQBUENO,2026-02-10,122984,1,32,0,279.0
10109564LQBUENO_2026-02-10_G15,10109564LQBUENO,2026-02-10,"121651, 121760",2,14,29,965.0
10109564LQBUENO_2026-02-10_G16,10109564LQBUENO,2026-02-10,"124476, 124475",2,4,7,62.0
10109564LQBUENO_2026-02-10_G17,10109564LQBUENO,2026-02-10,123344,1,2,0,52.0
10109564LQBUENO_2026-02-10_G18,10109564LQBUENO,2026-02-10,120389,1,4,0,181.0
10109564LQBUENO_2026-02-10_G19,10109564LQBUENO,2026-02-10,121651,1,2,0,37.0
10109564LQBUENO_2026-02-10_G20,10109564LQBUENO,2026-02-10,121760,1,4,0,128.0
10109564LQBUENO_2026-02-10_G21,10109564LQBUENO,2026-02-10,124476,1,2,0,378.0
10109564LQBUENO_2026-02-10_G22,10109564LQBUENO,2026-02-10,"124370, 123909",2,5,7,70.0
10109564LQBUENO_2026-02-10_G23,10109564LQBUENO,2026-02-10,123345,1,4,0,298.0
10109564LQBUENO_2026-02-10_G24,10109564LQBUENO,2026-02-10,"124248, 123344",2,11,22,656.0
10109564LQBUENO_2026-02-10_G25,10109564LQBUENO,2026-02-10,122671,1,4,0,65.0
10109564LQBUENO_2026-02-10_G26,10109564LQBUENO,2026-02-10,123345,1,8,0,111.0
10109564LQBUENO_2026-02-10_G27,10109564LQBUENO,2026-02-10,123343,1,6,0,48.0
10109564LQBUENO_2026-02-10_G28,10109564LQBUENO,2026-02-10,121651,1,12,0,49.0
10109564LQBUENO_2026-02-10_G29,10109564LQBUENO,2026-02-10,124476,1,8,0,126.0
10109564LQBUENO_2026-02-10_G30,10109564LQBUENO,2026-02-10,124370,1,8,0,316.0
10109564LQBUENO_2026-02-10_G31,10109564LQBUENO,2026-02-10,"123909, 123344, 121760",3,24,33,145.0
10109564LQBUENO_2026-02-10_G32,10109564LQBUENO,2026-02-10,122981,1,4,0,144.0
10109564LQBUENO_2026-02-10_G33,10109564LQBUENO,2026-02-10,120271,1,6,0,109.0
10109564LQBUENO_2026-02-10_G34,10109564LQBUENO,2026-02-10,123345,1,12,0,52.0
10109564LQBUENO_2026-02-10_G35,10109564LQBUENO,2026-02-10,122671,1,4,0,80.0
10109564LQBUENO_2026-02-10_G36,10109564LQBUENO,2026-02-10,122703,1,2,0,42.0
10109564LQBUENO_2026-02-10_G37,10109564LQBUENO,2026-02-10,121760,1,2,0,207.0
10109564LQBUENO_2026-02-10_G38,10109564LQBUENO,2026-02-10,"124475, 123909",2,11,20,95.0
10109564LQBUENO_2026-02-10_G39,10109564LQBUENO,2026-02-10,123153,1,19,0,819.0
10109564LQBUENO_2026-02-10_G41,10109564LQBUENO,2026-02-10,122984,1,40,0,576.0
10109564LQBUENO_2026-02-10_G42,10109564LQBUENO,2026-02-10,123889,1,50,0,1540.0
10109564LQBUENO_2026-02-10_G43,10109564LQBUENO,2026-02-10,120321,1,2,0,263.0
10109564LQBUENO_2026-02-10_G44,10109564LQBUENO,2026-02-10,120287,1,33,0,578.0
10109564LQBUENO_2026-02-10_G45,10109564LQBUENO,2026-02-10,122962,1,116,0,1801.0
10109564LQBUENO_2026-02-10_G46,10109564LQBUENO,2026-02-10,123153,1,10,0,701.0
10109564LQBUENO_2026-02-10_G47,10109564LQBUENO,2026-02-10,124477,1,150,0,2580.0
10109564LQBUENO_2026-02-11_G02,10109564LQBUENO,2026-02-11,123343,1,8,0,1705.0
10109564LQBUENO_2026-02-11_G03,10109564LQBUENO,2026-02-11,124548,1,150,0,3342.0
10109564LQBUENO_2026-02-11_G04,10109564LQBUENO,2026-02-11,124548,1,150,0,1953.0
10109564LQBUENO_2026-02-11_G05,10109564LQBUENO,2026-02-11,124594,1,8,0,395.0
10109564LQBUENO_2026-02-11_G06,10109564LQBUENO,2026-02-11,120339,1,6,0,314.0
10109564LQBUENO_2026-02-11_G07,10109564LQBUENO,2026-02-11,123561,1,16,0,246.0
10109564LQBUENO_2026-02-11_G08,10109564LQBUENO,2026-02-11,121651,1,2,0,459.0
10109564LQBUENO_2026-02-11_G09,10109564LQBUENO,2026-02-11,120271,1,6,0,112.0
10109564LQBUENO_2026-02-11_G10,10109564LQBUENO,2026-02-11,124371,2,8,14,166.0
10109564LQBUENO_2026-02-11_G11,10109564LQBUENO,2026-02-11,124371,1,6,0,131.0
10109564LQBUENO_2026-02-11_G12,10109564LQBUENO,2026-02-11,124476,1,9,0,148.0
10109564LQBUENO_2026-02-11_G14,10109564LQBUENO,2026-02-11,180078,1,1,0,580.0
10109564LQBUENO_2026-02-11_G15,10109564LQBUENO,2026-02-11,124486,1,20,0,635.0
10109564LQBUENO_2026-02-11_G16,10109564LQBUENO,2026-02-11,123343,1,73,0,1046.0
10109564LQBUENO_2026-02-11_G17,10109564LQBUENO,2026-02-11,124624,1,7,0,1326.0
10109564LQBUENO_2026-02-11_G18,10109564LQBUENO,2026-02-11,123947,1,8,0,242.0
10109564LQBUENO_2026-02-11_G19,10109564LQBUENO,2026-02-11,120271,1,6,0,293.0
10109564LQBUENO_2026-02-11_G20,10109564LQBUENO,2026-02-11,124476,1,60,0,1895.0
10109564LQBUENO_2026-02-11_G21,10109564LQBUENO,2026-02-11,121760,1,100,0,165.0
10109564LQBUENO_2026-02-11_G22,10109564LQBUENO,2026-02-11,121760,1,25,0,251.0
10109564LQBUENO_2026-02-11_G23,10109564LQBUENO,2026-02-11,123521,1,2,0,145.0
10109564LQBUENO_2026-02-11_G24,10109564LQBUENO,2026-02-11,122962,2,118,10,1278.0
10109564LQBUENO_2026-02-12_G02,10109564LQBUENO,2026-02-12,123343,1,4,0,306.0
10109564LQBUENO_2026-02-12_G03,10109564LQBUENO,2026-02-12,123909,1,12,0,252.0
10109564LQBUENO_2026-02-12_G04,10109564LQBUENO,2026-02-12,181906,1,8,0,1299.0
10109564LQBUENO_2026-02-12_G05,10109564LQBUENO,2026-02-12,123909,1,300,0,2621.0
10109564LQBUENO_2026-02-12_G06,10109564LQBUENO,2026-02-12,123822,1,64,0,928.0
10109564LQBUENO_2026-02-12_G07,10109564LQBUENO,2026-02-12,122982,1,4,0,173.0
10109564LQBUENO_2026-02-12_G08,10109564LQBUENO,2026-02-12,122983,1,8,0,173.0
10109564LQBUENO_2026-02-12_G09,10109564LQBUENO,2026-02-12,124475,1,8,0,153.0
10109564LQBUENO_2026-02-12_G10,10109564LQBUENO,2026-02-12,123909,1,4,0,72.0
10109564LQBUENO_2026-02-12_G11,10109564LQBUENO,2026-02-12,124248,1,8,0,147.0
10109564LQBUENO_2026-02-12_G12,10109564LQBUENO,2026-02-12,121928,1,2,0,103.0
10109564LQBUENO_2026-02-12_G13,10109564LQBUENO,2026-02-12,120287,1,10,0,513.0
10109564LQBUENO_2026-02-12_G14,10109564LQBUENO,2026-02-12,120389,1,4,0,70.0
10109564LQBUENO_2026-02-12_G15,10109564LQBUENO,2026-02-12,121651,1,8,0,170.0
10109564LQBUENO_2026-02-12_G16,10109564LQBUENO,2026-02-12,122988,1,2,0,49.0
10109564LQBUENO_2026-02-12_G17,10109564LQBUENO,2026-02-12,121760,1,4,0,103.0
10109564LQBUENO_2026-02-12_G18,10109564LQBUENO,2026-02-12,122983,1,4,0,66.0
10109564LQBUENO_2026-02-12_G19,10109564LQBUENO,2026-02-12,124370,1,6,0,135.0
10109564LQBUENO_2026-02-12_G20,10109564LQBUENO,2026-02-12,124475,1,4,0,125.0
10109564LQBUENO_2026-02-12_G21,10109564LQBUENO,2026-02-12,123343,1,4,0,254.0
10109564LQBUENO_2026-02-12_G22,10109564LQBUENO,2026-02-12,122984,1,36,0,384.0
10109564LQBUENO_2026-02-12_G24,10109564LQBUENO,2026-02-12,123909,1,60,0,1081.0
10109564LQBUENO_2026-02-12_G25,10109564LQBUENO,2026-02-12,124370,1,200,0,2398.0
10109564LQBUENO_2026-02-12_G26,10109564LQBUENO,2026-02-12,123345,1,150,0,2255.0
10109564LQBUENO_2026-02-13_G02,10109564LQBUENO,2026-02-13,"123343, 123313",2,14,16,1081.0
10109564LQBUENO_2026-02-13_G03,10109564LQBUENO,2026-02-13,123344,1,10,0,1235.0
10109564LQBUENO_2026-02-13_G04,10109564LQBUENO,2026-02-13,123344,1,8,0,128.0
10109564LQBUENO_2026-02-13_G05,10109564LQBUENO,2026-02-13,124624,1,4,0,400.0
10109564LQBUENO_2026-02-13_G06,10109564LQBUENO,2026-02-13,120339,2,26,19,246.0
10109564LQBUENO_2026-02-13_G07,10109564LQBUENO,2026-02-13,123561,2,16,20,465.0
10109564LQBUENO_2026-02-13_G08,10109564LQBUENO,2026-02-13,121651,1,2,0,456.0
10109564LQBUENO_2026-02-13_G09,10109564LQBUENO,2026-02-13,122984,1,10,0,323.0
10109564LQBUENO_2026-02-13_G10,10109564LQBUENO,2026-02-13,122983,1,16,0,665.0
10109564LQBUENO_2026-02-13_G11,10109564LQBUENO,2026-02-13,122983,1,15,0,88.0
10109564LQBUENO_2026-02-13_G12,10109564LQBUENO,2026-02-13,124247,1,8,0,597.0
10109564LQBUENO_2026-02-13_G13,10109564LQBUENO,2026-02-13,120028,1,36,0,323.0
10109564LQBUENO_2026-02-13_G14,10109564LQBUENO,2026-02-13,122967,1,28,0,541.0
10109564LQBUENO_2026-02-13_G15,10109564LQBUENO,2026-02-13,181907,1,2,0,291.0
10109564LQBUENO_2026-02-13_G16,10109564LQBUENO,2026-02-13,120389,1,12,0,103.0
10109564LQBUENO_2026-02-13_G17,10109564LQBUENO,2026-02-13,120028,1,20,0,285.0
10109564LQBUENO_2026-02-13_G18,10109564LQBUENO,2026-02-13,123343,1,8,0,621.0
10109564LQBUENO_2026-02-13_G19,10109564LQBUENO,2026-02-13,123345,1,24,0,41.0
10109564LQBUENO_2026-02-13_G21,10109564LQBUENO,2026-02-13,123345,1,2,0,74.0
10109564LQBUENO_2026-02-13_G22,10109564LQBUENO,2026-02-13,122671,1,5,0,117.0
10109564LQBUENO_2026-02-13_G23,10109564LQBUENO,2026-02-13,120339,1,5,0,262.0
10109564LQBUENO_2026-02-13_G24,10109564LQBUENO,2026-02-13,124594,1,4,0,728.0
10109564LQBUENO_2026-02-13_G25,10109564LQBUENO,2026-02-13,122962,1,48,0,1547.0
10109564LQBUENO_2026-02-13_G26,10109564LQBUENO,2026-02-13,124486,1,35,0,910.0
10109564LQBUENO_2026-02-13_G27,10109564LQBUENO,2026-02-13,121760,1,12,0,156.0
10109564LQBUENO_2026-02-13_G28,10109564LQBUENO,2026-02-13,123153,1,24,0,473.0
10109564LQBUENO_2026-02-13_G29,10109564LQBUENO,2026-02-13,123313,1,4,0,109.0
10109564LQBUENO_2026-02-13_G30,10109564LQBUENO,2026-02-13,124371,1,15,0,360.0
10109564LQBUENO_2026-02-13_G31,10109564LQBUENO,2026-02-13,122984,1,4,0,140.0
10109564LQBUENO_2026-02-13_G32,10109564LQBUENO,2026-02-13,124433,1,4,0,52.0
10109564LQBUENO_2026-02-13_G33,10109564LQBUENO,2026-02-13,123521,1,2,0,91.0
10109564LQBUENO_2026-02-13_G34,10109564LQBUENO,2026-02-13,121923,1,2,0,84.0
10109564LQBUENO_2026-02-13_G35,10109564LQBUENO,2026-02-13,124264,1,20,0,530.0
10109564LQBUENO_2026-02-13_G36,10109564LQBUENO,2026-02-13,122671,1,16,0,907.0
10109564LQBUENO_2026-02-14_G02,10109564LQBUENO,2026-02-14,124247,1,10,0,294.0
10109564LQBUENO_2026-02-14_G03,10109564LQBUENO,2026-02-14,121651,1,40,0,692.0
10109564LQBUENO_2026-02-14_G04,10109564LQBUENO,2026-02-14,122967,2,61,17,489.0
10109564LQBUENO_2026-02-14_G05,10109564LQBUENO,2026-02-14,122988,1,6,0,271.0
10109564LQBUENO_2026-02-14_G06,10109564LQBUENO,2026-02-14,122983,1,30,0,269.0
10109564LQBUENO_2026-02-14_G07,10109564LQBUENO,2026-02-14,123343,1,20,0,606.0
10109564LQBUENO_2026-02-14_G08,10109564LQBUENO,2026-02-14,121651,1,24,0,344.0
10109564LQBUENO_2026-02-14_G09,10109564LQBUENO,2026-02-14,124476,1,12,0,231.0
10109564LQBUENO_2026-02-14_G10,10109564LQBUENO,2026-02-14,120028,1,24,0,190.0
10109564LQBUENO_2026-02-14_G11,10109564LQBUENO,2026-02-14,123153,1,12,0,219.0
10109564LQBUENO_2026-02-15_G02,10109564LQBUENO,2026-02-15,"122962, 120272",2,36,9,52.0
10109564LQBUENO_2026-02-15_G03,10109564LQBUENO,2026-02-15,124475,1,8,0,124.0
10109564LQBUENO_2026-02-15_G04,10109564LQBUENO,2026-02-15,122962,1,52,0,1057.0
10109564LQBUENO_2026-02-15_G05,10109564LQBUENO,2026-02-15,"121651, 122982",3,13,33,419.0
10109564LQBUENO_2026-02-15_G06,10109564LQBUENO,2026-02-15,120272,1,2,0,83.0
10109564LQBUENO_2026-02-15_G07,10109564LQBUENO,2026-02-15,123521,1,3,0,87.0
10109564LQBUENO_2026-02-15_G08,10109564LQBUENO,2026-02-15,124486,1,2,0,195.0
10109564LQBUENO_2026-02-15_G09,10109564LQBUENO,2026-02-15,124476,1,2,0,56.0
10109564LQBUENO_2026-02-15_G10,10109564LQBUENO,2026-02-15,121760,1,5,0,84.0
10109564LQBUENO_2026-02-15_G11,10109564LQBUENO,2026-02-15,124371,1,6,0,196.0
10109564LQBUENO_2026-02-15_G12,10109564LQBUENO,2026-02-15,123521,1,4,0,150.0
10109564LQBUENO_2026-02-15_G13,10109564LQBUENO,2026-02-15,123909,1,2,0,84.0
10109564LQBUENO_2026-02-15_G14,10109564LQBUENO,2026-02-15,123909,1,8,0,154.0
10109564LQBUENO_2026-02-15_G15,10109564LQBUENO,2026-02-15,124370,1,10,0,64.0
10109564LQBUENO_2026-02-15_G16,10109564LQBUENO,2026-02-15,124486,1,4,0,71.0
10109564LQBUENO_2026-02-15_G17,10109564LQBUENO,2026-02-15,121651,1,15,0,451.0
10109564LQBUENO_2026-02-15_G18,10109564LQBUENO,2026-02-15,123909,1,10,0,39.0
10109564LQBUENO_2026-02-15_G19,10109564LQBUENO,2026-02-15,123345,1,7,0,133.0
10109564LQBUENO_2026-02-15_G20,10109564LQBUENO,2026-02-15,122703,1,4,0,159.0
10109564LQBUENO_2026-02-15_G21,10109564LQBUENO,2026-02-15,121651,2,6,10,76.0
10109564LQBUENO_2026-02-15_G22,10109564LQBUENO,2026-02-15,121760,2,6,9,39.0
10109564LQBUENO_2026-02-15_G23,10109564LQBUENO,2026-02-15,122962,1,1,0,221.0
10109564LQBUENO_2026-02-15_G24,10109564LQBUENO,2026-02-15,121760,1,2,0,33.0
10109564LQBUENO_2026-02-15_G25,10109564LQBUENO,2026-02-15,123343,1,3,0,169.0
10109564LQBUENO_2026-02-15_G26,10109564LQBUENO,2026-02-15,122988,1,10,0,69.0
10109564LQBUENO_2026-02-15_G27,10109564LQBUENO,2026-02-15,"124370, 121760",2,6,8,112.0
10109564LQBUENO_2026-02-15_G28,10109564LQBUENO,2026-02-15,121651,1,8,0,1042.0
10109564LQBUENO_2026-02-15_G29,10109564LQBUENO,2026-02-15,124624,1,12,0,305.0
10109564LQBUENO_2026-02-15_G30,10109564LQBUENO,2026-02-15,"123343, 123345",2,10,19,374.0
10109564LQBUENO_2026-02-15_G31,10109564LQBUENO,2026-02-15,121651,1,10,0,312.0
10109564LQBUENO_2026-02-15_G32,10109564LQBUENO,2026-02-15,121760,1,3,0,117.0
10109564LQBUENO_2026-02-15_G33,10109564LQBUENO,2026-02-15,124371,1,4,0,249.0
10109564LQBUENO_2026-02-15_G34,10109564LQBUENO,2026-02-15,123345,1,4,0,263.0
10109564LQBUENO_2026-02-15_G36,10109564LQBUENO,2026-02-15,121651,1,4,0,55.0
10109564LQBUENO_2026-02-15_G37,10109564LQBUENO,2026-02-15,122988,1,6,0,136.0
10109564LQBUENO_2026-02-15_G38,10109564LQBUENO,2026-02-15,"123343, 123345",2,4,17,46.0
10109564LQBUENO_2026-02-15_G39,10109564LQBUENO,2026-02-15,121760,1,10,0,137.0
10109564LQBUENO_2026-02-15_G40,10109564LQBUENO,2026-02-15,122962,1,40,0,377.0
10109564LQBUENO_2026-02-15_G41,10109564LQBUENO,2026-02-15,121651,1,8,0,478.0
10109564LQBUENO_2026-02-15_G42,10109564LQBUENO,2026-02-15,124475,1,8,0,156.0
10109564LQBUENO_2026-02-15_G43,10109564LQBUENO,2026-02-15,121760,1,4,0,93.0
10109564LQBUENO_2026-02-16_G02,10109564LQBUENO,2026-02-16,"123343, 123345",2,6,15,210.0
10109564LQBUENO_2026-02-16_G03,10109564LQBUENO,2026-02-16,123345,1,20,0,1515.0
10109564LQBUENO_2026-02-16_G06,10109564LQBUENO,2026-02-16,120028,1,20,0,209.0
10109564LQBUENO_2026-02-16_G07,10109564LQBUENO,2026-02-16,120389,1,12,0,197.0
10109564LQBUENO_2026-02-16_G08,10109564LQBUENO,2026-02-16,122647,1,30,0,672.0
10109564LQBUENO_2026-02-16_G09,10109564LQBUENO,2026-02-16,123909,2,40,21,280.0
10109564LQBUENO_2026-02-16_G10,10109564LQBUENO,2026-02-16,120028,1,40,0,1717.0
10109564LQBUENO_2026-02-16_G11,10109564LQBUENO,2026-02-16,123520,1,8,0,164.0
10109564LQBUENO_2026-02-16_G12,10109564LQBUENO,2026-02-16,120339,1,2,0,136.0
10109564LQBUENO_2026-02-16_G13,10109564LQBUENO,2026-02-16,120339,1,8,0,497.0
10109564LQBUENO_2026-02-16_G14,10109564LQBUENO,2026-02-16,123343,1,8,0,529.0
10109564LQBUENO_2026-02-16_G15,10109564LQBUENO,2026-02-16,"124477, 120339",2,4,26,617.0
10109564LQBUENO_2026-02-16_G16,10109564LQBUENO,2026-02-16,124475,1,4,0,53.0
10109564LQBUENO_2026-02-16_G17,10109564LQBUENO,2026-02-16,"122983, 124248",2,6,9,292.0
10109564LQBUENO_2026-02-16_G18,10109564LQBUENO,2026-02-16,124624,1,4,0,676.0
10109564LQBUENO_2026-02-16_G19,10109564LQBUENO,2026-02-16,124594,1,4,0,331.0
10109564LQBUENO_2026-02-16_G20,10109564LQBUENO,2026-02-16,"123343, 123345",2,8,19,161.0
10109564LQBUENO_2026-02-16_G21,10109564LQBUENO,2026-02-16,122647,1,10,0,107.0
10109564LQBUENO_2026-02-16_G22,10109564LQBUENO,2026-02-16,"122671, 123343",2,37,27,827.0
10109564LQBUENO_2026-02-17_G02,10109564LQBUENO,2026-02-17,123561,1,4,0,157.0
10109564LQBUENO_2026-02-17_G03,10109564LQBUENO,2026-02-17,124476,1,30,0,364.0
10109564LQBUENO_2026-02-17_G04,10109564LQBUENO,2026-02-17,124476,1,30,0,219.0
10109564LQBUENO_2026-02-17_G05,10109564LQBUENO,2026-02-17,122185,1,14,0,399.0
10109564LQBUENO_2026-02-17_G06,10109564LQBUENO,2026-02-17,122984,1,40,0,682.0
10109564LQBUENO_2026-02-17_G07,10109564LQBUENO,2026-02-17,123344,1,20,0,31.0
10109564LQBUENO_2026-02-17_G08,10109564LQBUENO,2026-02-17,124370,1,60,0,545.0
10109564LQBUENO_2026-02-17_G09,10109564LQBUENO,2026-02-17,124486,1,12,0,1257.0
10109564LQBUENO_2026-02-17_G11,10109564LQBUENO,2026-02-17,121760,1,26,0,301.0
10109564LQBUENO_2026-02-17_G12,10109564LQBUENO,2026-02-17,122983,1,1,0,89.0
10109564LQBUENO_2026-02-17_G13,10109564LQBUENO,2026-02-17,121928,1,8,0,318.0
10109564LQBUENO_2026-02-17_G14,10109564LQBUENO,2026-02-17,123344,1,60,0,3011.0
10109564LQBUENO_2026-02-17_G15,10109564LQBUENO,2026-02-17,"124483, 123343, 123345",3,97,35,88.0
10109564LQBUENO_2026-02-17_G16,10109564LQBUENO,2026-02-17,124264,1,34,0,1358.0
10109564LQBUENO_2026-02-17_G17,10109564LQBUENO,2026-02-17,122962,1,35,0,615.0
10109564LQBUENO_2026-02-17_G18,10109564LQBUENO,2026-02-17,122962,2,61,27,286.0
10109564LQBUENO_2026-02-17_G19,10109564LQBUENO,2026-02-17,124475,1,8,0,964.0
10109564LQBUENO_2026-02-17_G20,10109564LQBUENO,2026-02-17,124476,1,6,0,33.0
10109564LQBUENO_2026-02-17_G21,10109564LQBUENO,2026-02-17,124433,1,8,0,108.0
10109564LQBUENO_2026-02-17_G22,10109564LQBUENO,2026-02-17,122196,1,12,0,77.0
10109564LQBUENO_2026-02-18_G02,10109564LQBUENO,2026-02-18,124486,1,4,0,1982.0
10109564LQBUENO_2026-02-18_G03,10109564LQBUENO,2026-02-18,121760,1,3,0,272.0
10109564LQBUENO_2026-02-18_G04,10109564LQBUENO,2026-02-18,"123343, 123345",2,4,20,227.0
10109564LQBUENO_2026-02-18_G05,10109564LQBUENO,2026-02-18,124594,1,10,0,830.0
10109564LQBUENO_2026-02-18_G06,10109564LQBUENO,2026-02-18,122962,1,8,0,474.0
10109564LQBUENO_2026-02-18_G07,10109564LQBUENO,2026-02-18,"120028, 122962, 124486",3,124,31,2032.0
10109564LQBUENO_2026-02-18_G09,10109564LQBUENO,2026-02-18,124486,1,109,0,822.0
10109564LQBUENO_2026-02-18_G10,10109564LQBUENO,2026-02-18,"124476, 124371",2,4,13,948.0
10109564LQBUENO_2026-02-18_G11,10109564LQBUENO,2026-02-18,122196,1,1,0,83.0
10109564LQBUENO_2026-02-18_G12,10109564LQBUENO,2026-02-18,123390,1,1,0,339.0
10109564LQBUENO_2026-02-18_G13,10109564LQBUENO,2026-02-18,123153,1,46,0,985.0
10109564LQBUENO_2026-02-18_G14,10109564LQBUENO,2026-02-18,122671,1,112,0,1141.0
10109564LQBUENO_2026-02-18_G15,10109564LQBUENO,2026-02-18,123822,1,20,0,388.0
10109564LQBUENO_2026-02-18_G16,10109564LQBUENO,2026-02-18,122185,1,76,0,1867.0
10109564LQBUENO_2026-02-18_G18,10109564LQBUENO,2026-02-18,123909,1,40,0,501.0
10109564LQBUENO_2026-02-19_G02,10109564LQBUENO,2026-02-19,120389,1,45,0,81.0
10109564LQBUENO_2026-02-19_G03,10109564LQBUENO,2026-02-19,123313,1,20,0,428.0
10109564LQBUENO_2026-02-19_G04,10109564LQBUENO,2026-02-19,122962,1,30,0,1166.0
10109564LQBUENO_2026-02-19_G05,10109564LQBUENO,2026-02-19,124486,1,20,0,170.0
10109564LQBUENO_2026-02-19_G06,10109564LQBUENO,2026-02-19,124475,1,30,0,735.0
10109564LQBUENO_2026-02-19_G07,10109564LQBUENO,2026-02-19,124476,1,20,0,266.0
10109564LQBUENO_2026-02-19_G08,10109564LQBUENO,2026-02-19,121760,1,30,0,402.0
10109564LQBUENO_2026-02-19_G09,10109564LQBUENO,2026-02-19,124371,1,30,0,280.0
10109564LQBUENO_2026-02-19_G10,10109564LQBUENO,2026-02-19,124371,1,30,0,400.0
10109564LQBUENO_2026-02-19_G11,10109564LQBUENO,2026-02-19,122962,1,40,0,558.0
10109564LQBUENO_2026-02-19_G12,10109564LQBUENO,2026-02-19,124624,1,8,0,782.0
10109564LQBUENO_2026-02-19_G13,10109564LQBUENO,2026-02-19,123343,1,20,0,32.0
10109564LQBUENO_2026-02-19_G14,10109564LQBUENO,2026-02-19,181887,1,8,0,1038.0
10109564LQBUENO_2026-02-19_G15,10109564LQBUENO,2026-02-19,123889,1,8,0,247.0
10109564LQBUENO_2026-02-19_G16,10109564LQBUENO,2026-02-19,123344,1,11,0,122.0
10109564LQBUENO_2026-02-19_G17,10109564LQBUENO,2026-02-19,122962,2,100,15,590.0
10109564LQBUENO_2026-02-19_G18,10109564LQBUENO,2026-02-19,180001,1,4,0,1219.0
10109564LQBUENO_2026-02-19_G20,10109564LQBUENO,2026-02-19,122986,1,16,0,742.0
10109564LQBUENO_2026-02-19_G21,10109564LQBUENO,2026-02-19,"121304, 122984, 123313",3,30,38,426.0
10109564LQBUENO_2026-02-19_G22,10109564LQBUENO,2026-02-19,124248,1,50,0,872.0
10109564LQBUENO_2026-02-19_G23,10109564LQBUENO,2026-02-19,120008,1,104,0,1577.0
10109564LQBUENO_2026-02-19_G24,10109564LQBUENO,2026-02-19,122984,1,90,0,1014.0
10109564LQBUENO_2026-02-20_G02,10109564LQBUENO,2026-02-20,120389,1,40,0,656.0
10109564LQBUENO_2026-02-20_G03,10109564LQBUENO,2026-02-20,122962,1,20,0,258.0
10109564LQBUENO_2026-02-20_G04,10109564LQBUENO,2026-02-20,122982,1,40,0,409.0
10109564LQBUENO_2026-02-20_G05,10109564LQBUENO,2026-02-20,123343,1,100,0,2783.0
10109564LQBUENO_2026-02-20_G06,10109564LQBUENO,2026-02-20,123343,1,20,0,246.0
10109564LQBUENO_2026-02-20_G07,10109564LQBUENO,2026-02-20,123344,1,4,0,573.0
10109564LQBUENO_2026-02-20_G08,10109564LQBUENO,2026-02-20,124594,1,10,0,490.0
10109564LQBUENO_2026-02-20_G09,10109564LQBUENO,2026-02-20,123345,3,10,15,170.0
10109564LQBUENO_2026-02-20_G10,10109564LQBUENO,2026-02-20,122962,1,60,0,1137.0
10109564LQBUENO_2026-02-20_G11,10109564LQBUENO,2026-02-20,122981,1,8,0,354.0
10109564LQBUENO_2026-02-20_G12,10109564LQBUENO,2026-02-20,123822,1,9,0,98.0
10109564LQBUENO_2026-02-20_G13,10109564LQBUENO,2026-02-20,122189,1,2,0,130.0
10109564LQBUENO_2026-02-20_G14,10109564LQBUENO,2026-02-20,122982,1,50,0,241.0
10109564LQBUENO_2026-02-20_G15,10109564LQBUENO,2026-02-20,"122988, 124476",2,5,25,153.0
10109564LQBUENO_2026-02-20_G16,10109564LQBUENO,2026-02-20,120028,1,4,0,65.0
10109564LQBUENO_2026-02-20_G17,10109564LQBUENO,2026-02-20,122185,1,2,0,42.0
10109564LQBUENO_2026-02-20_G18,10109564LQBUENO,2026-02-20,123153,1,11,0,123.0
10109564LQBUENO_2026-02-20_G19,10109564LQBUENO,2026-02-20,124371,2,6,12,340.0
10109564LQBUENO_2026-02-20_G20,10109564LQBUENO,2026-02-20,122984,1,8,0,149.0
10109564LQBUENO_2026-02-20_G21,10109564LQBUENO,2026-02-20,122984,1,8,0,154.0
10109564LQBUENO_2026-02-20_G22,10109564LQBUENO,2026-02-20,122196,1,8,0,418.0
10109564LQBUENO_2026-02-20_G23,10109564LQBUENO,2026-02-20,124248,1,4,0,73.0
10109564LQBUENO_2026-02-20_G25,10109564LQBUENO,2026-02-20,114671,1,1,0,670.0
10109564LQBUENO_2026-02-20_G26,10109564LQBUENO,2026-02-20,124475,1,20,0,726.0
10109564LQBUENO_2026-02-20_G27,10109564LQBUENO,2026-02-20,124476,1,20,0,548.0
10109564LQBUENO_2026-02-20_G28,10109564LQBUENO,2026-02-20,120028,1,30,0,433.0
10109564LQBUENO_2026-02-20_G29,10109564LQBUENO,2026-02-20,124370,1,80,0,665.0
10109564LQBUENO_2026-02-20_G30,10109564LQBUENO,2026-02-20,122983,2,8,7,1124.0
10109564LQBUENO_2026-02-20_G31,10109564LQBUENO,2026-02-20,181235,1,3,0,84.0
10109564LQBUENO_2026-02-20_G32,10109564LQBUENO,2026-02-20,120389,1,12,0,254.0
10109564LQBUENO_2026-02-20_G33,10109564LQBUENO,2026-02-20,124247,1,12,0,380.0
10109564LQBUENO_2026-02-20_G34,10109564LQBUENO,2026-02-20,122983,1,8,0,591.0
10109564LQBUENO_2026-02-20_G35,10109564LQBUENO,2026-02-20,123909,1,2,0,439.0
10109564LQBUENO_2026-02-20_G36,10109564LQBUENO,2026-02-20,123343,1,4,0,60.0
10109564LQBUENO_2026-02-20_G37,10109564LQBUENO,2026-02-20,120389,1,6,0,524.0
10109564LQBUENO_2026-02-20_G38,10109564LQBUENO,2026-02-20,122185,1,23,0,315.0
10109564LQBUENO_2026-02-20_G39,10109564LQBUENO,2026-02-20,123343,1,21,0,1356.0
10109564LQBUENO_2026-02-20_G40,10109564LQBUENO,2026-02-20,122983,1,8,0,519.0
10109564LQBUENO_2026-02-20_G42,10109564LQBUENO,2026-02-20,123909,1,24,0,465.0
10109564LQBUENO_2026-02-20_G43,10109564LQBUENO,2026-02-20,181905,1,6,0,189.0
10109564LQBUENO_2026-02-20_G44,10109564LQBUENO,2026-02-20,122984,1,68,0,56.0
10109564LQBUENO_2026-02-21_G02,10109564LQBUENO,2026-02-21,124248,1,3,0,939.0
10109564LQBUENO_2026-02-21_G03,10109564LQBUENO,2026-02-21,181235,1,4,0,93.0
10109564LQBUENO_2026-02-21_G04,10109564LQBUENO,2026-02-21,124486,1,2,0,393.0
10109564LQBUENO_2026-02-21_G05,10109564LQBUENO,2026-02-21,121760,1,8,0,236.0
10109564LQBUENO_2026-02-21_G06,10109564LQBUENO,2026-02-21,122185,1,2,0,40.0
10109564LQBUENO_2026-02-21_G07,10109564LQBUENO,2026-02-21,122984,1,12,0,135.0
10109564LQBUENO_2026-02-21_G08,10109564LQBUENO,2026-02-21,122983,1,3,0,224.0
10109564LQBUENO_2026-02-21_G09,10109564LQBUENO,2026-02-21,123909,1,6,0,59.0
10109564LQBUENO_2026-02-21_G10,10109564LQBUENO,2026-02-21,124477,1,6,0,414.0
10109564LQBUENO_2026-02-21_G11,10109564LQBUENO,2026-02-21,124475,1,10,0,110.0
10109564LQBUENO_2026-02-21_G12,10109564LQBUENO,2026-02-21,124486,1,2,0,171.0
10109564LQBUENO_2026-02-21_G13,10109564LQBUENO,2026-02-21,121760,1,12,0,124.0
10109564LQBUENO_2026-02-21_G14,10109564LQBUENO,2026-02-21,122185,1,2,0,120.0
10109564LQBUENO_2026-02-21_G15,10109564LQBUENO,2026-02-21,122984,1,10,0,78.0
10109564LQBUENO_2026-02-21_G16,10109564LQBUENO,2026-02-21,123909,1,14,0,216.0
10109564LQBUENO_2026-02-21_G17,10109564LQBUENO,2026-02-21,"123343, 123345",2,20,17,910.0
10109564LQBUENO_2026-02-21_G18,10109564LQBUENO,2026-02-21,124475,1,8,0,102.0
10109564LQBUENO_2026-02-21_G19,10109564LQBUENO,2026-02-21,124476,1,1,0,224.0
10109564LQBUENO_2026-02-21_G20,10109564LQBUENO,2026-02-21,124370,1,12,0,92.0
10109564LQBUENO_2026-02-21_G21,10109564LQBUENO,2026-02-21,124371,1,4,0,64.0
10109564LQBUENO_2026-02-21_G22,10109564LQBUENO,2026-02-21,124248,1,4,0,173.0
10109564LQBUENO_2026-02-21_G23,10109564LQBUENO,2026-02-21,124486,1,32,0,388.0
10109564LQBUENO_2026-02-21_G24,10109564LQBUENO,2026-02-21,124486,1,4,0,94.0
10109564LQBUENO_2026-02-21_G25,10109564LQBUENO,2026-02-21,181235,1,4,0,395.0
10109564LQBUENO_2026-02-21_G26,10109564LQBUENO,2026-02-21,123560,1,10,0,174.0
10109564LQBUENO_2026-02-21_G27,10109564LQBUENO,2026-02-21,123560,1,8,0,93.0
10109564LQBUENO_2026-02-21_G28,10109564LQBUENO,2026-02-21,181052,1,8,0,183.0
10109564LQBUENO_2026-02-21_G29,10109564LQBUENO,2026-02-21,181052,1,8,0,53.0
10109564LQBUENO_2026-02-22_G02,10109564LQBUENO,2026-02-22,124433,1,1,0,111.0
10109564LQBUENO_2026-02-22_G04,10109564LQBUENO,2026-02-22,124486,1,4,0,459.0
10109564LQBUENO_2026-02-22_G05,10109564LQBUENO,2026-02-22,124247,1,8,0,130.0
10109564LQBUENO_2026-02-22_G06,10109564LQBUENO,2026-02-22,123345,1,8,0,3263.0
10109564LQBUENO_2026-02-22_G07,10109564LQBUENO,2026-02-22,123345,1,50,0,124.0
10109564LQBUENO_2026-02-22_G08,10109564LQBUENO,2026-02-22,"123822, 122962, 124248, 122984, 121760, 123344, 121651, 120028",9,121,145,39.0
10109564LQBUENO_2026-02-22_G10,10109564LQBUENO,2026-02-22,124486,1,2,0,35.0
10109564LQBUENO_2026-02-23_G02,10109564LQBUENO,2026-02-23,120389,1,20,0,2536.0
10109564LQBUENO_2026-02-23_G03,10109564LQBUENO,2026-02-23,122962,1,12,0,394.0
10109564LQBUENO_2026-02-23_G04,10109564LQBUENO,2026-02-23,122671,1,8,0,153.0
10109564LQBUENO_2026-02-23_G05,10109564LQBUENO,2026-02-23,122981,1,4,0,118.0
10109564LQBUENO_2026-02-23_G06,10109564LQBUENO,2026-02-23,121651,1,10,0,126.0
10109564LQBUENO_2026-02-23_G07,10109564LQBUENO,2026-02-23,124475,1,10,0,118.0
10109564LQBUENO_2026-02-23_G08,10109564LQBUENO,2026-02-23,124476,1,3,0,156.0
10109564LQBUENO_2026-02-23_G09,10109564LQBUENO,2026-02-23,121760,1,10,0,55.0
10109564LQBUENO_2026-02-23_G10,10109564LQBUENO,2026-02-23,124371,1,12,0,225.0
10109564LQBUENO_2026-02-23_G11,10109564LQBUENO,2026-02-23,123909,1,10,0,106.0
10109564LQBUENO_2026-02-23_G12,10109564LQBUENO,2026-02-23,123562,1,4,0,2091.0
10109564LQBUENO_2026-02-23_G13,10109564LQBUENO,2026-02-23,"120028, 120339, 122984, 121760, 122703, 124476",6,89,71,34.0
10109564LQBUENO_2026-02-23_G14,10109564LQBUENO,2026-02-23,124248,2,40,16,444.0
10109564LQBUENO_2026-02-23_G15,10109564LQBUENO,2026-02-23,124486,1,18,0,444.0
10109564LQBUENO_2026-02-23_G16,10109564LQBUENO,2026-02-23,"124247, 123822",2,46,26,403.0
10109564LQBUENO_2026-02-23_G17,10109564LQBUENO,2026-02-23,122185,1,9,0,50.0
10109564LQBUENO_2026-02-24_G02,10109564LQBUENO,2026-02-24,123492,1,25,0,115.0
10109564LQBUENO_2026-02-24_G03,10109564LQBUENO,2026-02-24,122962,1,12,0,331.0
10109564LQBUENO_2026-02-24_G04,10109564LQBUENO,2026-02-24,123345,1,15,0,188.0
10109564LQBUENO_2026-02-24_G05,10109564LQBUENO,2026-02-24,123909,1,4,0,622.0
10109564LQBUENO_2026-02-24_G06,10109564LQBUENO,2026-02-24,"123344, 121760",2,4,11,201.0
10109564LQBUENO_2026-02-24_G07,10109564LQBUENO,2026-02-24,123345,1,3,0,86.0
10109564LQBUENO_2026-02-24_G08,10109564LQBUENO,2026-02-24,120008,1,11,0,282.0
10109564LQBUENO_2026-02-24_G09,10109564LQBUENO,2026-02-24,122968,1,1,0,278.0
10109564LQBUENO_2026-02-24_G10,10109564LQBUENO,2026-02-24,123345,1,2,0,1122.0
10109564LQBUENO_2026-02-24_G11,10109564LQBUENO,2026-02-24,123345,2,10,19,63.0
10109564LQBUENO_2026-02-24_G12,10109564LQBUENO,2026-02-24,124248,1,13,0,1400.0
10109564LQBUENO_2026-02-24_G13,10109564LQBUENO,2026-02-24,123521,1,2,0,1384.0
10109564LQBUENO_2026-02-24_G14,10109564LQBUENO,2026-02-24,124594,1,2,0,85.0
10109564LQBUENO_2026-02-24_G15,10109564LQBUENO,2026-02-24,"123343, 122984",2,27,17,400.0
10109564LQBUENO_2026-02-24_G17,10109564LQBUENO,2026-02-24,181057,1,4,0,104.0
10109564LQBUENO_2026-02-24_G18,10109564LQBUENO,2026-02-24,123313,1,10,0,188.0
10109564LQBUENO_2026-02-24_G19,10109564LQBUENO,2026-02-24,122981,1,12,0,264.0
10109564LQBUENO_2026-02-24_G20,10109564LQBUENO,2026-02-24,121651,1,40,0,400.0
10109564LQBUENO_2026-02-24_G21,10109564LQBUENO,2026-02-24,124486,1,30,0,440.0
10109564LQBUENO_2026-02-24_G22,10109564LQBUENO,2026-02-24,122986,1,8,0,136.0
10109564LQBUENO_2026-02-24_G24,10109564LQBUENO,2026-02-24,120339,1,6,0,200.0
10109564LQBUENO_2026-02-24_G25,10109564LQBUENO,2026-02-24,121760,1,12,0,136.0
10109564LQBUENO_2026-02-24_G26,10109564LQBUENO,2026-02-24,123909,1,36,0,389.0
10109564LQBUENO_2026-02-24_G27,10109564LQBUENO,2026-02-24,124433,1,4,0,54.0
10109564LQBUENO_2026-02-24_G28,10109564LQBUENO,2026-02-24,124248,1,12,0,124.0
10109564LQBUENO_2026-02-24_G29,10109564LQBUENO,2026-02-24,121923,1,2,0,137.0
10109564LQBUENO_2026-02-24_G30,10109564LQBUENO,2026-02-24,123343,1,12,0,669.0
10109564LQBUENO_2026-02-24_G31,10109564LQBUENO,2026-02-24,122984,1,4,0,407.0
10109564LQBUENO_2026-02-24_G33,10109564LQBUENO,2026-02-24,121760,1,5,0,390.0
10109564LQBUENO_2026-02-24_G34,10109564LQBUENO,2026-02-24,123909,1,3,0,115.0
10109564LQBUENO_2026-02-25_G02,10109564LQBUENO,2026-02-25,122984,1,4,0,89.0
10109564LQBUENO_2026-02-25_G03,10109564LQBUENO,2026-02-25,124247,1,16,0,1312.0
10109564LQBUENO_2026-02-25_G04,10109564LQBUENO,2026-02-25,122983,1,12,0,237.0
10109564LQBUENO_2026-02-25_G05,10109564LQBUENO,2026-02-25,124248,1,16,0,422.0
10109564LQBUENO_2026-02-25_G06,10109564LQBUENO,2026-02-25,122703,1,8,0,130.0
10109564LQBUENO_2026-02-25_G07,10109564LQBUENO,2026-02-25,"124371, 123521",2,5,18,111.0
10109564LQBUENO_2026-02-25_G08,10109564LQBUENO,2026-02-25,122984,1,16,0,310.0
10109564LQBUENO_2026-02-25_G09,10109564LQBUENO,2026-02-25,122984,1,16,0,301.0
10109564LQBUENO_2026-02-25_G10,10109564LQBUENO,2026-02-25,120287,1,30,0,1657.0
10109564LQBUENO_2026-02-25_G11,10109564LQBUENO,2026-02-25,123822,1,100,0,1811.0
10109564LQBUENO_2026-02-25_G12,10109564LQBUENO,2026-02-25,123822,1,100,0,495.0
10109564LQBUENO_2026-02-25_G13,10109564LQBUENO,2026-02-25,123822,1,100,0,2621.0
10109564LQBUENO_2026-02-25_G15,10109564LQBUENO,2026-02-25,122671,1,3,0,60.0
10109564LQBUENO_2026-02-25_G16,10109564LQBUENO,2026-02-25,121651,1,12,0,154.0
10109564LQBUENO_2026-02-25_G17,10109564LQBUENO,2026-02-25,124247,1,4,0,122.0
10109564LQBUENO_2026-02-25_G18,10109564LQBUENO,2026-02-25,124475,1,5,0,142.0
10109564LQBUENO_2026-02-25_G19,10109564LQBUENO,2026-02-25,124476,1,6,0,71.0
10109564LQBUENO_2026-02-25_G20,10109564LQBUENO,2026-02-25,124486,1,12,0,290.0
10109564LQBUENO_2026-02-25_G21,10109564LQBUENO,2026-02-25,121760,1,20,0,1489.0
10109564LQBUENO_2026-02-25_G22,10109564LQBUENO,2026-02-25,122185,1,6,0,121.0
10109564LQBUENO_2026-02-25_G23,10109564LQBUENO,2026-02-25,123344,1,8,0,1327.0
10109564LQBUENO_2026-02-25_G24,10109564LQBUENO,2026-02-25,123345,1,36,0,230.0
10109564LQBUENO_2026-02-25_G25,10109564LQBUENO,2026-02-25,123081,1,10,0,1226.0
10109564LQBUENO_2026-02-26_G02,10109564LQBUENO,2026-02-26,122984,1,40,0,541.0
10109564LQBUENO_2026-02-26_G03,10109564LQBUENO,2026-02-26,124594,1,2,0,388.0
10109564LQBUENO_2026-02-26_G04,10109564LQBUENO,2026-02-26,124247,1,15,0,124.0
10109564LQBUENO_2026-02-26_G05,10109564LQBUENO,2026-02-26,123909,1,6,0,108.0
10109564LQBUENO_2026-02-26_G06,10109564LQBUENO,2026-02-26,122984,1,14,0,387.0
10109564LQBUENO_2026-02-26_G07,10109564LQBUENO,2026-02-26,121651,1,2,0,3144.0
10109564LQBUENO_2026-02-26_G08,10109564LQBUENO,2026-02-26,123344,1,2,0,45.0
10109564LQBUENO_2026-02-26_G09,10109564LQBUENO,2026-02-26,123909,1,12,0,35.0
10109564LQBUENO_2026-02-26_G10,10109564LQBUENO,2026-02-26,122671,2,32,17,48.0
10109564LQBUENO_2026-02-26_G11,10109564LQBUENO,2026-02-26,"122647, 120389",2,26,24,57.0
10109564LQBUENO_2026-02-26_G12,10109564LQBUENO,2026-02-26,122962,1,8,0,41.0
10109564LQBUENO_2026-02-26_G13,10109564LQBUENO,2026-02-26,123822,1,12,0,270.0
10109564LQBUENO_2026-02-26_G14,10109564LQBUENO,2026-02-26,124486,1,6,0,351.0
10109564LQBUENO_2026-02-26_G15,10109564LQBUENO,2026-02-26,181057,1,8,0,113.0
10109564LQBUENO_2026-02-26_G16,10109564LQBUENO,2026-02-26,122984,1,32,0,2063.0
10109564LQBUENO_2026-02-27_G02,10109564LQBUENO,2026-02-27,181052,1,20,0,642.0
10109564LQBUENO_2026-02-27_G03,10109564LQBUENO,2026-02-27,181235,1,8,0,355.0
10109564LQBUENO_2026-02-27_G04,10109564LQBUENO,2026-02-27,181057,1,18,0,469.0
10109564LQBUENO_2026-02-27_G05,10109564LQBUENO,2026-02-27,181235,1,12,0,803.0
10109564LQBUENO_2026-02-27_G06,10109564LQBUENO,2026-02-27,124486,1,5,0,464.0
10109564LQBUENO_2026-02-27_G07,10109564LQBUENO,2026-02-27,124264,1,14,0,593.0
10109564LQBUENO_2026-02-27_G08,10109564LQBUENO,2026-02-27,122962,1,5,0,60.0
10109564LQBUENO_2026-02-27_G09,10109564LQBUENO,2026-02-27,122703,1,10,0,349.0
10109564LQBUENO_2026-02-27_G10,10109564LQBUENO,2026-02-27,124247,1,1,0,48.0
10109564LQBUENO_2026-02-27_G11,10109564LQBUENO,2026-02-27,120389,1,4,0,90.0
10109564LQBUENO_2026-02-27_G12,10109564LQBUENO,2026-02-27,"120389, 124475",2,12,25,158.0
10109564LQBUENO_2026-02-27_G13,10109564LQBUENO,2026-02-27,121760,1,10,0,104.0
10109564LQBUENO_2026-02-27_G14,10109564LQBUENO,2026-02-27,121760,2,22,27,147.0
10109564LQBUENO_2026-02-27_G15,10109564LQBUENO,2026-02-27,122185,1,2,0,242.0
10109564LQBUENO_2026-02-27_G16,10109564LQBUENO,2026-02-27,"124486, 124370",2,14,22,63.0
10109564LQBUENO_2026-02-27_G17,10109564LQBUENO,2026-02-27,124370,1,5,0,43.0
10109564LQBUENO_2026-02-27_G18,10109564LQBUENO,2026-02-27,124594,1,4,0,722.0
10109564LQBUENO_2026-02-27_G19,10109564LQBUENO,2026-02-27,122984,1,4,0,1246.0
10109564LQBUENO_2026-02-27_G20,10109564LQBUENO,2026-02-27,123344,1,16,0,47.0
10109564LQBUENO_2026-02-27_G21,10109564LQBUENO,2026-02-27,122962,1,24,0,119.0
10109564LQBUENO_2026-02-27_G22,10109564LQBUENO,2026-02-27,122671,1,5,0,366.0
10109564LQBUENO_2026-02-27_G23,10109564LQBUENO,2026-02-27,121651,1,10,0,58.0
10109564LQBUENO_2026-02-27_G24,10109564LQBUENO,2026-02-27,120339,1,4,0,126.0
10109564LQBUENO_2026-02-27_G25,10109564LQBUENO,2026-02-27,124247,1,6,0,77.0
10109564LQBUENO_2026-02-27_G26,10109564LQBUENO,2026-02-27,121760,1,10,0,172.0
10109564LQBUENO_2026-02-27_G27,10109564LQBUENO,2026-02-27,124371,1,4,0,118.0
10109564LQBUENO_2026-02-27_G28,10109564LQBUENO,2026-02-27,123909,1,13,0,108.0
10109564LQBUENO_2026-02-27_G29,10109564LQBUENO,2026-02-27,123343,1,10,0,1042.0
10109564LQBUENO_2026-02-27_G30,10109564LQBUENO,2026-02-27,122984,1,8,0,34.0
10109564LQBUENO_2026-02-27_G31,10109564LQBUENO,2026-02-27,122671,1,16,0,66.0
10109564LQBUENO_2026-02-27_G32,10109564LQBUENO,2026-02-27,124247,2,10,10,146.0
10109564LQBUENO_2026-02-27_G33,10109564LQBUENO,2026-02-27,124475,1,10,0,127.0
10109564LQBUENO_2026-02-27_G34,10109564LQBUENO,2026-02-27,121760,1,6,0,93.0
10109564LQBUENO_2026-02-27_G35,10109564LQBUENO,2026-02-27,123909,1,16,0,235.0
10109564LQBUENO_2026-02-27_G36,10109564LQBUENO,2026-02-27,123521,1,2,0,178.0
10109564LQBUENO_2026-02-27_G37,10109564LQBUENO,2026-02-27,121923,1,2,0,116.0
10109564LQBUENO_2026-02-27_G38,10109564LQBUENO,2026-02-27,123313,1,5,0,32.0
10109564LQBUENO_2026-02-27_G39,10109564LQBUENO,2026-02-27,123343,1,3,0,57.0
10109564LQBUENO_2026-02-27_G40,10109564LQBUENO,2026-02-27,124370,1,9,0,250.0
10109564LQBUENO_2026-02-27_G42,10109564LQBUENO,2026-02-27,122703,1,8,0,214.0
10109564LQBUENO_2026-02-27_G43,10109564LQBUENO,2026-02-27,121651,1,30,0,293.0
10109564LQBUENO_2026-02-27_G44,10109564LQBUENO,2026-02-27,"122981, 124247",2,26,10,242.0
10109564LQBUENO_2026-02-27_G45,10109564LQBUENO,2026-02-27,120271,1,16,0,177.0
10109564LQBUENO_2026-02-27_G46,10109564LQBUENO,2026-02-27,122982,1,32,0,289.0
10109564LQBUENO_2026-02-27_G47,10109564LQBUENO,2026-02-27,120272,1,20,0,91.0
10109564LQBUENO_2026-02-27_G48,10109564LQBUENO,2026-02-27,122185,1,20,0,61.0
10109564LQBUENO_2026-02-27_G49,10109564LQBUENO,2026-02-27,123909,1,30,0,629.0
10109564LQBUENO_2026-02-27_G50,10109564LQBUENO,2026-02-27,122984,1,24,0,33.0
10109564LQBUENO_2026-02-27_G51,10109564LQBUENO,2026-02-27,122962,5,74,31,916.0
10109564LQBUENO_2026-02-27_G52,10109564LQBUENO,2026-02-27,122962,1,36,0,65.0
10109564LQBUENO_2026-02-27_G53,10109564LQBUENO,2026-02-27,122647,2,20,12,1460.0
10109564LQBUENO_2026-02-27_G54,10109564LQBUENO,2026-02-27,122671,1,4,0,109.0
10109564LQBUENO_2026-02-27_G55,10109564LQBUENO,2026-02-27,122671,4,28,53,51.0
10109564LQBUENO_2026-02-27_G56,10109564LQBUENO,2026-02-27,124247,1,4,0,100.0
10109564LQBUENO_2026-02-27_G57,10109564LQBUENO,2026-02-27,120389,1,6,0,164.0
10109564LQBUENO_2026-02-27_G58,10109564LQBUENO,2026-02-27,120028,2,30,21,84.0
10109564LQBUENO_2026-02-27_G59,10109564LQBUENO,2026-02-27,124486,2,14,10,217.0
10109564LQBUENO_2026-02-27_G60,10109564LQBUENO,2026-02-27,122647,1,2,0,492.0
10109564LQBUENO_2026-02-27_G61,10109564LQBUENO,2026-02-27,123909,2,10,10,84.0
10109564LQBUENO_2026-02-27_G62,10109564LQBUENO,2026-02-27,123909,1,8,0,53.0
10109564LQBUENO_2026-02-27_G64,10109564LQBUENO,2026-02-27,"122673, 124486",4,43,56,32.0
10109564LQBUENO_2026-02-28_G02,10109564LQBUENO,2026-02-28,123344,3,6,18,73.0
10109564LQBUENO_2026-02-28_G03,10109564LQBUENO,2026-02-28,123153,1,26,0,733.0
10109564LQBUENO_2026-02-28_G04,10109564LQBUENO,2026-02-28,123343,1,5,0,455.0
10109564LQBUENO_2026-02-28_G05,10109564LQBUENO,2026-02-28,123345,1,4,0,272.0
10109564LQBUENO_2026-02-28_G06,10109564LQBUENO,2026-02-28,"124370, 122673",3,28,26,485.0
10109564LQBUENO_2026-02-28_G07,10109564LQBUENO,2026-02-28,122185,1,12,0,295.0
10109564LQBUENO_2026-02-28_G08,10109564LQBUENO,2026-02-28,123561,1,8,0,1964.0
10109564LQBUENO_2026-02-28_G09,10109564LQBUENO,2026-02-28,122981,1,24,0,236.0
10109564LQBUENO_2026-02-28_G10,10109564LQBUENO,2026-02-28,"120271, 122185",2,6,30,82.0
10109564LQBUENO_2026-02-28_G11,10109564LQBUENO,2026-02-28,122983,1,24,0,480.0
10109564LQBUENO_2026-02-28_G12,10109564LQBUENO,2026-02-28,122983,3,64,25,108.0
10109564LQBUENO_2026-02-28_G13,10109564LQBUENO,2026-02-28,121928,1,2,0,45.0
10109564LQBUENO_2026-02-28_G14,10109564LQBUENO,2026-02-28,124594,1,22,0,488.0
10109564LQBUENO_2026-02-28_G15,10109564LQBUENO,2026-02-28,123313,2,24,15,208.0
10109564LQBUENO_2026-02-28_G16,10109564LQBUENO,2026-02-28,123345,3,20,20,1005.0
10109564LQBUENO_2026-02-28_G17,10109564LQBUENO,2026-02-28,122962,2,20,5,292.0
10109564LQBUENO_2026-02-28_G18,10109564LQBUENO,2026-02-28,"122981, 123822",2,7,24,1176.0
10109564LQBUENO_2026-02-28_G19,10109564LQBUENO,2026-02-28,122986,1,4,0,374.0
10109564LQBUENO_2026-03-02_G02,10109564LQBUENO,2026-03-02,123822,1,100,0,3375.0
10109564LQBUENO_2026-03-02_G03,10109564LQBUENO,2026-03-02,124484,1,150,0,1262.0
10109564LQBUENO_2026-03-02_G04,10109564LQBUENO,2026-03-02,122671,1,150,0,1676.0
10109564LQBUENO_2026-03-03_G02,10109564LQBUENO,2026-03-03,123822,1,100,0,1465.0
10109564LQBUENO_2026-03-03_G04,10109564LQBUENO,2026-03-03,124247,1,14,0,228.0
10109564LQBUENO_2026-03-03_G05,10109564LQBUENO,2026-03-03,124248,1,10,0,216.0
10109564LQBUENO_2026-03-03_G06,10109564LQBUENO,2026-03-03,122984,1,16,0,685.0
10109564LQBUENO_2026-03-03_G07,10109564LQBUENO,2026-03-03,"120028, 120339",2,32,14,2200.0
10109564LQBUENO_2026-03-03_G08,10109564LQBUENO,2026-03-03,122983,1,16,0,291.0
10109564LQBUENO_2026-03-03_G09,10109564LQBUENO,2026-03-03,124264,1,2,0,228.0
10109564LQBUENO_2026-03-03_G10,10109564LQBUENO,2026-03-03,124247,1,13,0,153.0
10109564LQBUENO_2026-03-03_G11,10109564LQBUENO,2026-03-03,124248,1,55,0,930.0
10109564LQBUENO_2026-03-03_G12,10109564LQBUENO,2026-03-03,"120272, 123822",2,84,28,1846.0
10109564LQBUENO_2026-03-03_G14,10109564LQBUENO,2026-03-03,122962,1,8,0,417.0
10109564LQBUENO_2026-03-04_G02,10109564LQBUENO,2026-03-04,124486,1,8,0,125.0
10109564LQBUENO_2026-03-04_G03,10109564LQBUENO,2026-03-04,120028,1,8,0,394.0
10109564LQBUENO_2026-03-04_G05,10109564LQBUENO,2026-03-04,124248,1,5,0,237.0
10109564LQBUENO_2026-03-04_G06,10109564LQBUENO,2026-03-04,124248,1,57,0,1644.0
10109564LQBUENO_2026-03-04_G07,10109564LQBUENO,2026-03-04,122962,1,64,0,1202.0
10109564LQBUENO_2026-03-04_G08,10109564LQBUENO,2026-03-04,120028,1,56,0,503.0
10109564LQBUENO_2026-03-04_G09,10109564LQBUENO,2026-03-04,124486,1,37,0,489.0
10109564LQBUENO_2026-03-04_G10,10109564LQBUENO,2026-03-04,124486,1,3,0,520.0
10109564LQBUENO_2026-03-04_G11,10109564LQBUENO,2026-03-04,122962,1,10,0,1133.0
10109564LQBUENO_2026-03-04_G13,10109564LQBUENO,2026-03-04,122647,1,70,0,1660.0
10109564LQBUENO_2026-03-04_G14,10109564LQBUENO,2026-03-04,120008,1,44,0,913.0
10109564LQBUENO_2026-03-04_G15,10109564LQBUENO,2026-03-04,122647,1,12,0,297.0
10109564LQBUENO_2026-03-04_G16,10109564LQBUENO,2026-03-04,124486,1,12,0,356.0
10109564LQBUENO_2026-03-05_G04,10109564LQBUENO,2026-03-05,124248,1,15,0,314.0
10109564LQBUENO_2026-03-05_G05,10109564LQBUENO,2026-03-05,124248,1,20,0,332.0
10109564LQBUENO_2026-03-05_G06,10109564LQBUENO,2026-03-05,124248,1,41,0,401.0
10109564LQBUENO_2026-03-06_G04,10109564LQBUENO,2026-03-06,123313,1,4,0,142.0
10109564LQBUENO_2026-03-06_G06,10109564LQBUENO,2026-03-06,124484,2,8,8,787.0
10109564LQBUENO_2026-03-06_G07,10109564LQBUENO,2026-03-06,124370,1,6,0,212.0
10109564LQBUENO_2026-03-06_G08,10109564LQBUENO,2026-03-06,124486,3,14,30,69.0
10109564LQBUENO_2026-03-06_G09,10109564LQBUENO,2026-03-06,124371,1,4,0,508.0
10109564LQBUENO_2026-03-06_G10,10109564LQBUENO,2026-03-06,123909,1,1,0,111.0
10109564LQBUENO_2026-03-06_G11,10109564LQBUENO,2026-03-06,"123343, 123889, 123344",3,12,21,689.0
10109564LQBUENO_2026-03-06_G12,10109564LQBUENO,2026-03-06,123345,1,1,0,58.0
10109564LQBUENO_2026-03-06_G13,10109564LQBUENO,2026-03-06,122962,1,40,0,204.0
10109564LQBUENO_2026-03-06_G14,10109564LQBUENO,2026-03-06,120028,1,40,0,631.0
10109564LQBUENO_2026-03-06_G15,10109564LQBUENO,2026-03-06,120339,1,7,0,293.0
10109564LQBUENO_2026-03-06_G16,10109564LQBUENO,2026-03-06,124247,1,1,0,2985.0
10109564LQBUENO_2026-03-06_G17,10109564LQBUENO,2026-03-06,122982,1,1,0,34.0
10109564LQBUENO_2026-03-06_G18,10109564LQBUENO,2026-03-06,124248,1,4,0,61.0
10109564LQBUENO_2026-03-06_G19,10109564LQBUENO,2026-03-06,"122647, 122962, 120339",3,40,32,338.0
10109564LQBUENO_2026-03-06_G20,10109564LQBUENO,2026-03-06,122984,3,19,15,190.0
10109564LQBUENO_2026-03-06_G21,10109564LQBUENO,2026-03-06,122984,1,12,0,1135.0
10109564LQBUENO_2026-03-06_G23,10109564LQBUENO,2026-03-06,122962,1,4,0,973.0
10109564LQBUENO_2026-03-06_G24,10109564LQBUENO,2026-03-06,124248,1,14,0,72.0
10109564LQBUENO_2026-03-07_G02,10109564LQBUENO,2026-03-07,122962,2,34,16,1378.0
10109564LQBUENO_2026-03-07_G03,10109564LQBUENO,2026-03-07,122962,1,12,0,250.0
10109564LQBUENO_2026-03-07_G04,10109564LQBUENO,2026-03-07,122983,1,8,0,789.0
10109564LQBUENO_2026-03-07_G05,10109564LQBUENO,2026-03-07,122984,1,8,0,946.0
10109564LQBUENO_2026-03-07_G06,10109564LQBUENO,2026-03-07,124486,1,30,0,602.0
10109564LQBUENO_2026-03-07_G07,10109564LQBUENO,2026-03-07,123909,1,180,0,2695.0
10109564LQBUENO_2026-03-07_G08,10109564LQBUENO,2026-03-07,123343,1,56,0,3045.0
10109564LQBUENO_2026-03-08_G02,10109564LQBUENO,2026-03-08,"123909, 122962",2,32,17,489.0
10109564LQBUENO_2026-03-08_G03,10109564LQBUENO,2026-03-08,123343,1,20,0,1152.0
10109564LQBUENO_2026-03-08_G04,10109564LQBUENO,2026-03-08,121651,1,10,0,776.0
10109564LQBUENO_2026-03-08_G05,10109564LQBUENO,2026-03-08,122984,1,64,0,3271.0
10109564LQBUENO_2026-03-09_G02,10109564LQBUENO,2026-03-09,123343,1,4,0,76.0
10109564LQBUENO_2026-03-09_G03,10109564LQBUENO,2026-03-09,123343,1,2,0,223.0
10109564LQBUENO_2026-03-09_G04,10109564LQBUENO,2026-03-09,123344,3,22,30,528.0
10109564LQBUENO_2026-03-09_G05,10109564LQBUENO,2026-03-09,121651,2,4,7,129.0
10109564LQBUENO_2026-03-09_G06,10109564LQBUENO,2026-03-09,121760,4,36,32,33.0
10109564LQBUENO_2026-03-09_G07,10109564LQBUENO,2026-03-09,121304,1,2,0,708.0
10109564LQBUENO_2026-03-09_G08,10109564LQBUENO,2026-03-09,122673,4,35,54,166.0
10109564LQBUENO_2026-03-09_G09,10109564LQBUENO,2026-03-09,122673,1,2,0,684.0
10109564LQBUENO_2026-03-09_G10,10109564LQBUENO,2026-03-09,122673,1,14,0,104.0
10109564LQBUENO_2026-03-09_G11,10109564LQBUENO,2026-03-09,122673,2,18,19,341.0
10109564LQBUENO_2026-03-09_G12,10109564LQBUENO,2026-03-09,122673,1,100,0,2696.0
10109564LQBUENO_2026-03-09_G13,10109564LQBUENO,2026-03-09,124624,1,6,0,1675.0
10109564LQBUENO_2026-03-09_G14,10109564LQBUENO,2026-03-09,181052,1,4,0,106.0
10109564LQBUENO_2026-03-09_G15,10109564LQBUENO,2026-03-09,124247,1,30,0,1571.0
10109564LQBUENO_2026-03-09_G16,10109564LQBUENO,2026-03-09,122962,2,24,13,159.0
10109564LQBUENO_2026-03-09_G17,10109564LQBUENO,2026-03-09,122671,1,8,0,54.0
10109564LQBUENO_2026-03-09_G18,10109564LQBUENO,2026-03-09,120028,1,16,0,120.0
10109564LQBUENO_2026-03-09_G19,10109564LQBUENO,2026-03-09,123909,1,2,0,220.0
10109564LQBUENO_2026-03-09_G20,10109564LQBUENO,2026-03-09,"181255, 122986",2,22,21,1366.0
10109564LQBUENO_2026-03-09_G22,10109564LQBUENO,2026-03-09,124624,1,2,0,128.0
10109564LQBUENO_2026-03-09_G23,10109564LQBUENO,2026-03-09,123909,1,16,0,471.0
10109564LQBUENO_2026-03-09_G24,10109564LQBUENO,2026-03-09,124486,1,15,0,251.0
10109564LQBUENO_2026-03-09_G25,10109564LQBUENO,2026-03-09,122967,1,1,0,377.0
10109564LQBUENO_2026-03-09_G26,10109564LQBUENO,2026-03-09,123345,1,20,0,841.0
10109564LQBUENO_2026-03-09_G27,10109564LQBUENO,2026-03-09,122673,1,6,0,178.0
10109564LQBUENO_2026-03-09_G28,10109564LQBUENO,2026-03-09,124247,1,4,0,1100.0
10109564LQBUENO_2026-03-09_G29,10109564LQBUENO,2026-03-09,122673,1,16,0,461.0
10109564LQBUENO_2026-03-09_G30,10109564LQBUENO,2026-03-09,"123343, 124594",2,6,16,63.0
10109564LQBUENO_2026-03-09_G31,10109564LQBUENO,2026-03-09,121651,2,8,25,1064.0
10109564LQBUENO_2026-03-09_G32,10109564LQBUENO,2026-03-09,"120272, 123521",2,4,9,253.0
10109564LQBUENO_2026-03-09_G33,10109564LQBUENO,2026-03-09,121760,1,12,0,1850.0
10109564LQBUENO_2026-03-09_G34,10109564LQBUENO,2026-03-09,122962,1,10,0,232.0
10109564LQBUENO_2026-03-09_G35,10109564LQBUENO,2026-03-09,124475,1,16,0,749.0
10109564LQBUENO_2026-03-09_G36,10109564LQBUENO,2026-03-09,124370,1,24,0,249.0
10109564LQBUENO_2026-03-09_G37,10109564LQBUENO,2026-03-09,124486,1,20,0,886.0
10109564LQBUENO_2026-03-10_G02,10109564LQBUENO,2026-03-10,124486,1,50,0,1476.0
10109564LQBUENO_2026-03-10_G04,10109564LQBUENO,2026-03-10,122981,1,8,0,588.0
10109564LQBUENO_2026-03-10_G05,10109564LQBUENO,2026-03-10,122986,1,8,0,204.0
10109564LQBUENO_2026-03-10_G06,10109564LQBUENO,2026-03-10,122984,1,120,0,33.0
10109564LQBUENO_2026-03-10_G09,10109564LQBUENO,2026-03-10,121923,1,18,0,575.0
10109564LQBUENO_2026-03-10_G10,10109564LQBUENO,2026-03-10,122703,1,50,0,901.0
10109564LQBUENO_2026-03-10_G11,10109564LQBUENO,2026-03-10,122984,1,5,0,474.0
10109564LQBUENO_2026-03-11_G02,10109564LQBUENO,2026-03-11,124247,1,4,0,274.0
10109564LQBUENO_2026-03-11_G03,10109564LQBUENO,2026-03-11,123909,1,28,0,2187.0
10109564LQBUENO_2026-03-11_G04,10109564LQBUENO,2026-03-11,124486,1,138,0,138.0
10109564LQBUENO_2026-03-11_G05,10109564LQBUENO,2026-03-11,120287,1,2,0,891.0
10109564LQBUENO_2026-03-11_G06,10109564LQBUENO,2026-03-11,122962,1,8,0,1195.0
10109564LQBUENO_2026-03-11_G07,10109564LQBUENO,2026-03-11,180024,1,4,0,711.0
10109564LQBUENO_2026-03-11_G08,10109564LQBUENO,2026-03-11,122647,1,20,0,774.0
10109564LQBUENO_2026-03-11_G09,10109564LQBUENO,2026-03-11,123345,1,20,0,2228.0
10109564LQBUENO_2026-03-11_G10,10109564LQBUENO,2026-03-11,121760,1,16,0,306.0
10109564LQBUENO_2026-03-11_G11,10109564LQBUENO,2026-03-11,"123345, 121651",2,8,17,859.0
10109564LQBUENO_2026-03-11_G12,10109564LQBUENO,2026-03-11,123344,1,14,0,51.0
10109564LQBUENO_2026-03-11_G13,10109564LQBUENO,2026-03-11,121923,1,4,0,381.0
10109564LQBUENO_2026-03-11_G14,10109564LQBUENO,2026-03-11,120272,1,5,0,123.0
10109564LQBUENO_2026-03-11_G15,10109564LQBUENO,2026-03-11,121760,1,40,0,291.0
10109564LQBUENO_2026-03-11_G17,10109564LQBUENO,2026-03-11,120272,1,4,0,641.0
10109564LQBUENO_2026-03-11_G18,10109564LQBUENO,2026-03-11,120271,1,4,0,184.0
10109564LQBUENO_2026-03-11_G19,10109564LQBUENO,2026-03-11,124247,1,16,0,92.0
10109564LQBUENO_2026-03-11_G20,10109564LQBUENO,2026-03-11,124370,1,30,0,632.0
10109564LQBUENO_2026-03-11_G21,10109564LQBUENO,2026-03-11,122703,1,12,0,142.0
10109564LQBUENO_2026-03-11_G22,10109564LQBUENO,2026-03-11,122988,1,2,0,62.0
10109564LQBUENO_2026-03-11_G23,10109564LQBUENO,2026-03-11,122671,1,2,0,41.0
10109564LQBUENO_2026-03-11_G24,10109564LQBUENO,2026-03-11,124248,1,20,0,257.0
10109564LQBUENO_2026-03-11_G25,10109564LQBUENO,2026-03-11,122986,1,8,0,158.0
10109564LQBUENO_2026-03-11_G26,10109564LQBUENO,2026-03-11,121651,1,24,0,329.0
10109564LQBUENO_2026-03-11_G27,10109564LQBUENO,2026-03-11,122185,1,26,0,271.0
10109564LQBUENO_2026-03-11_G28,10109564LQBUENO,2026-03-11,123520,1,2,0,130.0
10109564LQBUENO_2026-03-11_G29,10109564LQBUENO,2026-03-11,120339,1,6,0,143.0
10109564LQBUENO_2026-03-11_G30,10109564LQBUENO,2026-03-11,124594,1,8,0,586.0
10109564LQBUENO_2026-03-11_G31,10109564LQBUENO,2026-03-11,"123345, 123343",2,17,21,357.0
10109564LQBUENO_2026-03-11_G32,10109564LQBUENO,2026-03-11,"122981, 124433",2,6,22,297.0
10109564LQBUENO_2026-03-11_G33,10109564LQBUENO,2026-03-11,122988,1,3,0,42.0
10109564LQBUENO_2026-03-11_G34,10109564LQBUENO,2026-03-11,122968,1,6,0,166.0
10109564LQBUENO_2026-03-11_G35,10109564LQBUENO,2026-03-11,122185,1,15,0,106.0
10109564LQBUENO_2026-03-12_G02,10109564LQBUENO,2026-03-12,123080,1,1,0,2168.0
10109564LQBUENO_2026-03-12_G03,10109564LQBUENO,2026-03-12,123492,2,48,16,807.0
10109564LQBUENO_2026-03-12_G04,10109564LQBUENO,2026-03-12,122647,1,1,0,51.0
10109564LQBUENO_2026-03-12_G05,10109564LQBUENO,2026-03-12,124371,1,10,0,108.0
10109564LQBUENO_2026-03-12_G06,10109564LQBUENO,2026-03-12,124371,1,20,0,163.0
10109564LQBUENO_2026-03-12_G07,10109564LQBUENO,2026-03-12,123889,1,40,0,1449.0
10109564LQBUENO_2026-03-12_G08,10109564LQBUENO,2026-03-12,123343,1,10,0,410.0
10109564LQBUENO_2026-03-12_G09,10109564LQBUENO,2026-03-12,122189,1,70,0,1551.0
10109564LQBUENO_2026-03-12_G10,10109564LQBUENO,2026-03-12,122189,1,16,0,407.0
10109564LQBUENO_2026-03-12_G11,10109564LQBUENO,2026-03-12,122196,1,104,0,1266.0
10109564LQBUENO_2026-03-12_G12,10109564LQBUENO,2026-03-12,122196,1,32,0,1474.0
10109564LQBUENO_2026-03-12_G14,10109564LQBUENO,2026-03-12,"122962, 124370",2,8,26,232.0
10109564LQBUENO_2026-03-12_G15,10109564LQBUENO,2026-03-12,"121760, 121651",2,10,10,496.0
10109564LQBUENO_2026-03-12_G16,10109564LQBUENO,2026-03-12,123909,1,4,0,204.0
10109564LQBUENO_2026-03-12_G17,10109564LQBUENO,2026-03-12,122982,1,20,0,208.0
10109564LQBUENO_2026-03-12_G18,10109564LQBUENO,2026-03-12,122988,1,20,0,107.0
10109564LQBUENO_2026-03-12_G19,10109564LQBUENO,2026-03-12,122962,1,40,0,542.0
10109564LQBUENO_2026-03-12_G20,10109564LQBUENO,2026-03-12,"124486, 120008",2,83,17,903.0
10109564LQBUENO_2026-03-12_G21,10109564LQBUENO,2026-03-12,123345,1,4,0,314.0
10109564LQBUENO_2026-03-12_G22,10109564LQBUENO,2026-03-12,181052,1,2,0,65.0
10109564LQBUENO_2026-03-12_G23,10109564LQBUENO,2026-03-12,122962,2,5,6,452.0
10109564LQBUENO_2026-03-12_G24,10109564LQBUENO,2026-03-12,124486,1,100,0,1872.0
10109564LQBUENO_2026-03-12_G25,10109564LQBUENO,2026-03-12,122984,1,2,0,38.0
10109564LQBUENO_2026-03-13_G02,10109564LQBUENO,2026-03-13,124248,1,100,0,225.0
10109564LQBUENO_2026-03-13_G03,10109564LQBUENO,2026-03-13,123822,1,100,0,2148.0
10109564LQBUENO_2026-03-13_G04,10109564LQBUENO,2026-03-13,123822,1,100,0,1455.0
10109564LQBUENO_2026-03-13_G05,10109564LQBUENO,2026-03-13,123822,1,100,0,547.0
10109564LQBUENO_2026-03-13_G06,10109564LQBUENO,2026-03-13,124370,1,10,0,1915.0
10109564LQBUENO_2026-03-13_G08,10109564LQBUENO,2026-03-13,124248,1,4,0,1160.0
10109564LQBUENO_2026-03-13_G09,10109564LQBUENO,2026-03-13,120272,1,6,0,172.0
10109564LQBUENO_2026-03-13_G10,10109564LQBUENO,2026-03-13,122962,2,24,9,78.0
10109564LQBUENO_2026-03-13_G11,10109564LQBUENO,2026-03-13,123561,1,1,0,229.0
10109564LQBUENO_2026-03-13_G12,10109564LQBUENO,2026-03-13,124582,3,47,33,106.0
10109564LQBUENO_2026-03-13_G13,10109564LQBUENO,2026-03-13,124475,1,4,0,366.0
10109564LQBUENO_2026-03-13_G14,10109564LQBUENO,2026-03-13,121760,1,4,0,238.0
10109564LQBUENO_2026-03-13_G15,10109564LQBUENO,2026-03-13,120339,1,12,0,202.0
10109564LQBUENO_2026-03-13_G16,10109564LQBUENO,2026-03-13,123345,1,12,0,107.0
10109564LQBUENO_2026-03-13_G17,10109564LQBUENO,2026-03-13,120339,1,11,0,748.0
10109564LQBUENO_2026-03-13_G18,10109564LQBUENO,2026-03-13,121923,1,2,0,296.0
10109564LQBUENO_2026-03-13_G19,10109564LQBUENO,2026-03-13,123521,1,4,0,173.0
10109564LQBUENO_2026-03-13_G20,10109564LQBUENO,2026-03-13,123343,1,2,0,141.0
10109564LQBUENO_2026-03-13_G21,10109564LQBUENO,2026-03-13,181057,1,4,0,282.0
10109564LQBUENO_2026-03-13_G22,10109564LQBUENO,2026-03-13,123345,1,12,0,807.0
10109564LQBUENO_2026-03-13_G23,10109564LQBUENO,2026-03-13,124624,4,29,50,340.0
10109564LQBUENO_2026-03-13_G24,10109564LQBUENO,2026-03-13,123313,1,10,0,112.0
10109564LQBUENO_2026-03-14_G02,10109564LQBUENO,2026-03-14,122962,1,14,0,1056.0
10109564LQBUENO_2026-03-14_G03,10109564LQBUENO,2026-03-14,122647,1,6,0,146.0
10109564LQBUENO_2026-03-14_G04,10109564LQBUENO,2026-03-14,124370,1,12,0,667.0
10109564LQBUENO_2026-03-14_G05,10109564LQBUENO,2026-03-14,124475,1,12,0,559.0
10109564LQBUENO_2026-03-14_G06,10109564LQBUENO,2026-03-14,124484,1,50,0,828.0
10109564LQBUENO_2026-03-14_G07,10109564LQBUENO,2026-03-14,121760,1,50,0,1320.0
10109564LQBUENO_2026-03-14_G08,10109564LQBUENO,2026-03-14,124486,1,12,0,787.0
10109564LQBUENO_2026-03-14_G09,10109564LQBUENO,2026-03-14,122673,1,10,0,425.0
10109564LQBUENO_2026-03-14_G10,10109564LQBUENO,2026-03-14,122673,1,44,0,377.0
10109564LQBUENO_2026-03-14_G11,10109564LQBUENO,2026-03-14,"123343, 123345",2,90,25,1749.0
10109564LQBUENO_2026-03-14_G12,10109564LQBUENO,2026-03-14,123344,1,10,0,632.0
10109564LQBUENO_2026-03-14_G13,10109564LQBUENO,2026-03-14,124729,1,4,0,430.0
10109564LQBUENO_2026-03-14_G14,10109564LQBUENO,2026-03-14,124247,1,3,0,67.0
10109564LQBUENO_2026-03-14_G15,10109564LQBUENO,2026-03-14,122962,1,12,0,276.0
10109564LQBUENO_2026-03-14_G16,10109564LQBUENO,2026-03-14,123345,1,30,0,80.0
10109564LQBUENO_2026-03-14_G17,10109564LQBUENO,2026-03-14,121760,1,13,0,1071.0
10109564LQBUENO_2026-03-14_G18,10109564LQBUENO,2026-03-14,123909,1,5,0,242.0
10109564LQBUENO_2026-03-14_G19,10109564LQBUENO,2026-03-14,122671,1,7,0,35.0
10109564LQBUENO_2026-03-15_G02,10109564LQBUENO,2026-03-15,123822,1,100,0,829.0
10109564LQBUENO_2026-03-15_G03,10109564LQBUENO,2026-03-15,122962,1,2,0,1087.0
10109564LQBUENO_2026-03-15_G04,10109564LQBUENO,2026-03-15,122703,1,12,0,100.0
10109564LQBUENO_2026-03-15_G05,10109564LQBUENO,2026-03-15,122962,1,30,0,704.0
10109564LQBUENO_2026-03-15_G06,10109564LQBUENO,2026-03-15,181052,1,24,0,685.0
10109564LQBUENO_2026-03-15_G07,10109564LQBUENO,2026-03-15,"124486, 122962",2,30,26,914.0
10109564LQBUENO_2026-03-15_G08,10109564LQBUENO,2026-03-15,122647,1,4,0,371.0
10109564LQBUENO_2026-03-15_G09,10109564LQBUENO,2026-03-15,124248,1,40,0,673.0
10109564LQBUENO_2026-03-16_G02,10109564LQBUENO,2026-03-16,123343,1,43,0,874.0
10109564LQBUENO_2026-03-16_G03,10109564LQBUENO,2026-03-16,124729,1,12,0,112.0
10109564LQBUENO_2026-03-16_G04,10109564LQBUENO,2026-03-16,124247,1,6,0,148.0
10109564LQBUENO_2026-03-16_G05,10109564LQBUENO,2026-03-16,124582,1,12,0,241.0
10109564LQBUENO_2026-03-16_G06,10109564LQBUENO,2026-03-16,124484,1,4,0,297.0
10109564LQBUENO_2026-03-16_G07,10109564LQBUENO,2026-03-16,124370,1,40,0,519.0
10109564LQBUENO_2026-03-16_G08,10109564LQBUENO,2026-03-16,121651,1,20,0,866.0
10109564LQBUENO_2026-03-16_G09,10109564LQBUENO,2026-03-16,120028,1,16,0,118.0
10109564LQBUENO_2026-03-16_G10,10109564LQBUENO,2026-03-16,123822,1,100,0,2200.0
10109564LQBUENO_2026-03-16_G11,10109564LQBUENO,2026-03-16,123822,1,100,0,1833.0
10109564LQBUENO_2026-03-16_G12,10109564LQBUENO,2026-03-16,123822,1,100,0,92.0
10109564LQBUENO_2026-03-16_G13,10109564LQBUENO,2026-03-16,123822,1,140,0,3331.0
10109564LQBUENO_2026-03-16_G15,10109564LQBUENO,2026-03-16,124484,1,26,0,973.0
10109564LQBUENO_2026-03-16_G16,10109564LQBUENO,2026-03-16,122962,1,100,0,2207.0
10109564LQBUENO_2026-03-16_G17,10109564LQBUENO,2026-03-16,180094,1,20,0,2141.0
10109564LQBUENO_2026-03-16_G18,10109564LQBUENO,2026-03-16,181052,1,42,0,466.0
10109564LQBUENO_2026-03-17_G02,10109564LQBUENO,2026-03-17,123822,1,100,0,621.0
10109564LQBUENO_2026-03-17_G03,10109564LQBUENO,2026-03-17,123822,1,100,0,127.0
10109564LQBUENO_2026-03-17_G04,10109564LQBUENO,2026-03-17,123822,1,70,0,2404.0
10109564LQBUENO_2026-03-17_G05,10109564LQBUENO,2026-03-17,123822,1,100,0,127.0
10109564LQBUENO_2026-03-17_G08,10109564LQBUENO,2026-03-17,121651,1,75,0,1005.0
10109564LQBUENO_2026-03-17_G09,10109564LQBUENO,2026-03-17,123345,1,4,0,137.0
10109564LQBUENO_2026-03-17_G10,10109564LQBUENO,2026-03-17,181052,1,4,0,1509.0
10109564LQBUENO_2026-03-17_G12,10109564LQBUENO,2026-03-17,124247,1,32,0,449.0
10109564LQBUENO_2026-03-18_G03,10109564LQBUENO,2026-03-18,123822,1,300,0,226.0
10109564LQBUENO_2026-03-18_G04,10109564LQBUENO,2026-03-18,124247,1,1,0,599.0
10109564LQBUENO_2026-03-18_G05,10109564LQBUENO,2026-03-18,122962,1,8,0,103.0
10109564LQBUENO_2026-03-18_G06,10109564LQBUENO,2026-03-18,122962,1,12,0,95.0
10109564LQBUENO_2026-03-18_G07,10109564LQBUENO,2026-03-18,124475,1,12,0,665.0
10109564LQBUENO_2026-03-18_G08,10109564LQBUENO,2026-03-18,124370,1,16,0,710.0
10109564LQBUENO_2026-03-18_G09,10109564LQBUENO,2026-03-18,124484,1,12,0,303.0
10109564LQBUENO_2026-03-18_G10,10109564LQBUENO,2026-03-18,120389,1,5,0,75.0
10109564LQBUENO_2026-03-18_G11,10109564LQBUENO,2026-03-18,121760,1,20,0,249.0
10109564LQBUENO_2026-03-18_G12,10109564LQBUENO,2026-03-18,121760,1,10,0,134.0
10109564LQBUENO_2026-03-18_G13,10109564LQBUENO,2026-03-18,122671,2,8,12,274.0
10109564LQBUENO_2026-03-18_G14,10109564LQBUENO,2026-03-18,124476,1,12,0,168.0
10109564LQBUENO_2026-03-18_G15,10109564LQBUENO,2026-03-18,123909,1,12,0,683.0
10109564LQBUENO_2026-03-18_G17,10109564LQBUENO,2026-03-18,122962,1,16,0,554.0
10109564LQBUENO_2026-03-18_G18,10109564LQBUENO,2026-03-18,120028,1,24,0,288.0
10109564LQBUENO_2026-03-18_G19,10109564LQBUENO,2026-03-18,124370,1,24,0,354.0
10109564LQBUENO_2026-03-18_G20,10109564LQBUENO,2026-03-18,124371,1,16,0,349.0
10109564LQBUENO_2026-03-18_G21,10109564LQBUENO,2026-03-18,124476,1,2,0,55.0
10109564LQBUENO_2026-03-18_G22,10109564LQBUENO,2026-03-18,122962,1,6,0,109.0
10109564LQBUENO_2026-03-18_G23,10109564LQBUENO,2026-03-18,124483,2,3,7,252.0
10109564LQBUENO_2026-03-18_G24,10109564LQBUENO,2026-03-18,124370,1,8,0,126.0
10109564LQBUENO_2026-03-18_G25,10109564LQBUENO,2026-03-18,120389,1,2,0,245.0
10109564LQBUENO_2026-03-18_G26,10109564LQBUENO,2026-03-18,124371,1,5,0,103.0
10109564LQBUENO_2026-03-18_G27,10109564LQBUENO,2026-03-18,122982,1,2,0,71.0
10109564LQBUENO_2026-03-18_G28,10109564LQBUENO,2026-03-18,124582,1,4,0,108.0
10109564LQBUENO_2026-03-18_G29,10109564LQBUENO,2026-03-18,124486,1,10,0,188.0
10109564LQBUENO_2026-03-18_G30,10109564LQBUENO,2026-03-18,124594,1,2,0,227.0
10109564LQBUENO_2026-03-18_G31,10109564LQBUENO,2026-03-18,123909,1,4,0,327.0
10109564LQBUENO_2026-03-18_G32,10109564LQBUENO,2026-03-18,122962,1,29,0,1011.0
10109564LQBUENO_2026-03-18_G33,10109564LQBUENO,2026-03-18,122647,1,60,0,518.0
10109564LQBUENO_2026-03-18_G34,10109564LQBUENO,2026-03-18,122673,1,4,0,325.0
10109564LQBUENO_2026-03-18_G35,10109564LQBUENO,2026-03-18,124486,1,9,0,115.0
10109564LQBUENO_2026-03-18_G36,10109564LQBUENO,2026-03-18,122673,1,10,0,331.0
10109564LQBUENO_2026-03-18_G37,10109564LQBUENO,2026-03-18,122673,1,30,0,63.0
10109564LQBUENO_2026-03-19_G02,10109564LQBUENO,2026-03-19,121760,1,2,0,70.0
10109564LQBUENO_2026-03-19_G03,10109564LQBUENO,2026-03-19,122982,1,37,0,436.0
10109564LQBUENO_2026-03-19_G04,10109564LQBUENO,2026-03-19,122983,1,6,0,424.0
10109564LQBUENO_2026-03-19_G05,10109564LQBUENO,2026-03-19,121651,1,7,0,417.0
10109564LQBUENO_2026-03-19_G06,10109564LQBUENO,2026-03-19,124476,1,4,0,210.0
10109564LQBUENO_2026-03-19_G07,10109564LQBUENO,2026-03-19,124370,1,6,0,99.0
10109564LQBUENO_2026-03-19_G08,10109564LQBUENO,2026-03-19,122673,3,16,17,101.0
10109564LQBUENO_2026-03-19_G09,10109564LQBUENO,2026-03-19,124371,1,16,0,493.0
10109564LQBUENO_2026-03-19_G10,10109564LQBUENO,2026-03-19,121760,1,2,0,82.0
10109564LQBUENO_2026-03-19_G11,10109564LQBUENO,2026-03-19,123521,1,2,0,91.0
10109564LQBUENO_2026-03-19_G12,10109564LQBUENO,2026-03-19,124582,1,8,0,308.0
10109564LQBUENO_2026-03-19_G13,10109564LQBUENO,2026-03-19,124582,1,12,0,307.0
10109564LQBUENO_2026-03-19_G14,10109564LQBUENO,2026-03-19,123909,1,2,0,659.0
10109564LQBUENO_2026-03-19_G15,10109564LQBUENO,2026-03-19,122962,1,12,0,224.0
10109564LQBUENO_2026-03-19_G16,10109564LQBUENO,2026-03-19,124475,1,5,0,346.0
10109564LQBUENO_2026-03-19_G17,10109564LQBUENO,2026-03-19,124582,1,2,0,59.0
10109564LQBUENO_2026-03-19_G18,10109564LQBUENO,2026-03-19,124486,1,25,0,358.0
10109564LQBUENO_2026-03-19_G19,10109564LQBUENO,2026-03-19,124729,1,6,0,287.0
10109564LQBUENO_2026-03-19_G20,10109564LQBUENO,2026-03-19,121651,1,35,0,183.0
10109564LQBUENO_2026-03-19_G21,10109564LQBUENO,2026-03-19,122647,1,10,0,281.0
10109564LQBUENO_2026-03-19_G22,10109564LQBUENO,2026-03-19,120028,1,30,0,378.0
10109564LQBUENO_2026-03-19_G23,10109564LQBUENO,2026-03-19,121760,1,18,0,849.0
10109564LQBUENO_2026-03-19_G24,10109564LQBUENO,2026-03-19,124484,1,40,0,956.0
10109564LQBUENO_2026-03-19_G25,10109564LQBUENO,2026-03-19,123889,1,10,0,296.0
10109564LQBUENO_2026-03-19_G26,10109564LQBUENO,2026-03-19,122196,1,95,0,1001.0
10109564LQBUENO_2026-03-19_G27,10109564LQBUENO,2026-03-19,122196,1,7,0,232.0
10109564LQBUENO_2026-03-19_G28,10109564LQBUENO,2026-03-19,122189,2,40,17,265.0
10109564LQBUENO_2026-03-19_G29,10109564LQBUENO,2026-03-19,122196,1,12,0,567.0
10109564LQBUENO_2026-03-19_G30,10109564LQBUENO,2026-03-19,122647,1,250,0,1698.0
10109564LQBUENO_2026-03-19_G32,10109564LQBUENO,2026-03-19,123822,1,100,0,312.0
10109564LQBUENO_2026-03-19_G33,10109564LQBUENO,2026-03-19,123822,1,100,0,1026.0
10109564LQBUENO_2026-03-19_G34,10109564LQBUENO,2026-03-19,122185,1,23,0,673.0
10109564LQBUENO_2026-03-19_G35,10109564LQBUENO,2026-03-19,120272,1,2,0,595.0
10109564LQBUENO_2026-03-19_G36,10109564LQBUENO,2026-03-19,122981,1,1,0,57.0
10109564LQBUENO_2026-03-19_G37,10109564LQBUENO,2026-03-19,122982,1,8,0,85.0
10109564LQBUENO_2026-03-19_G38,10109564LQBUENO,2026-03-19,124582,1,7,0,101.0
10109564LQBUENO_2026-03-19_G39,10109564LQBUENO,2026-03-19,122185,1,8,0,37.0
10109564LQBUENO_2026-03-19_G40,10109564LQBUENO,2026-03-19,124594,1,2,0,33.0
10109564LQBUENO_2026-03-19_G41,10109564LQBUENO,2026-03-19,120028,1,20,0,486.0
10109564LQBUENO_2026-03-19_G42,10109564LQBUENO,2026-03-19,122185,1,16,0,194.0
10109564LQBUENO_2026-03-19_G43,10109564LQBUENO,2026-03-19,122673,1,30,0,165.0
10109564LQBUENO_2026-03-19_G44,10109564LQBUENO,2026-03-19,122962,1,24,0,153.0
10109564LQBUENO_2026-03-19_G45,10109564LQBUENO,2026-03-19,"124247, 124248",2,4,20,292.0
10109564LQBUENO_2026-03-19_G46,10109564LQBUENO,2026-03-19,120028,1,12,0,53.0
10109564LQBUENO_2026-03-19_G47,10109564LQBUENO,2026-03-19,124582,1,8,0,40.0
10109564LQBUENO_2026-03-19_G48,10109564LQBUENO,2026-03-19,122185,1,4,0,51.0
10109564LQBUENO_2026-03-19_G49,10109564LQBUENO,2026-03-19,124248,1,4,0,74.0
10109564LQBUENO_2026-03-19_G50,10109564LQBUENO,2026-03-19,124582,1,56,0,284.0
10109564LQBUENO_2026-03-19_G51,10109564LQBUENO,2026-03-19,122185,1,14,0,343.0
10109564LQBUENO_2026-03-19_G52,10109564LQBUENO,2026-03-19,122673,1,16,0,90.0
10109564LQBUENO_2026-03-19_G53,10109564LQBUENO,2026-03-19,122185,1,4,0,95.0
10109564LQBUENO_2026-03-19_G54,10109564LQBUENO,2026-03-19,120028,1,50,0,361.0
10109564LQBUENO_2026-03-20_G02,10109564LQBUENO,2026-03-20,124264,1,22,0,731.0
10109564LQBUENO_2026-03-20_G03,10109564LQBUENO,2026-03-20,123343,2,28,21,947.0
10109564LQBUENO_2026-03-20_G04,10109564LQBUENO,2026-03-20,122962,1,30,0,486.0
10109564LQBUENO_2026-03-20_G05,10109564LQBUENO,2026-03-20,120008,1,20,0,538.0
10109564LQBUENO_2026-03-20_G06,10109564LQBUENO,2026-03-20,120028,1,38,0,535.0
10109564LQBUENO_2026-03-20_G07,10109564LQBUENO,2026-03-20,123343,1,10,0,551.0
10109564LQBUENO_2026-03-20_G08,10109564LQBUENO,2026-03-20,124624,1,8,0,951.0
10109564LQBUENO_2026-03-20_G09,10109564LQBUENO,2026-03-20,122962,1,8,0,433.0
10109564LQBUENO_2026-03-20_G11,10109564LQBUENO,2026-03-20,123909,1,16,0,125.0
10109564LQBUENO_2026-03-20_G12,10109564LQBUENO,2026-03-20,124594,1,2,0,995.0
10109564LQBUENO_2026-03-20_G13,10109564LQBUENO,2026-03-20,124476,1,12,0,339.0
10109564LQBUENO_2026-03-20_G14,10109564LQBUENO,2026-03-20,124476,1,16,0,35.0
10109564LQBUENO_2026-03-20_G15,10109564LQBUENO,2026-03-20,124476,1,12,0,282.0
10109564LQBUENO_2026-03-20_G16,10109564LQBUENO,2026-03-20,124433,1,8,0,149.0
10109564LQBUENO_2026-03-20_G17,10109564LQBUENO,2026-03-20,124371,1,12,0,83.0
10109564LQBUENO_2026-03-20_G18,10109564LQBUENO,2026-03-20,124247,1,12,0,116.0
10109564LQBUENO_2026-03-20_G19,10109564LQBUENO,2026-03-20,124248,1,4,0,192.0
10109564LQBUENO_2026-03-20_G20,10109564LQBUENO,2026-03-20,124582,1,4,0,93.0
10109564LQBUENO_2026-03-20_G21,10109564LQBUENO,2026-03-20,122983,1,8,0,171.0
10109564LQBUENO_2026-03-20_G22,10109564LQBUENO,2026-03-20,124729,1,6,0,118.0
10109564LQBUENO_2026-03-20_G23,10109564LQBUENO,2026-03-20,124725,1,1,0,386.0
10109564LQBUENO_2026-03-20_G24,10109564LQBUENO,2026-03-20,120339,2,12,8,1809.0
10109564LQBUENO_2026-03-20_G25,10109564LQBUENO,2026-03-20,"123345, 123343",4,78,44,136.0
10109564LQBUENO_2026-03-21_G02,10109564LQBUENO,2026-03-21,"121923, 123343",2,12,20,297.0
10109564LQBUENO_2026-03-21_G03,10109564LQBUENO,2026-03-21,123909,2,6,13,1437.0
10109564LQBUENO_2026-03-21_G04,10109564LQBUENO,2026-03-21,123344,2,4,8,88.0
10109564LQBUENO_2026-03-21_G05,10109564LQBUENO,2026-03-21,122962,1,12,0,131.0
10109564LQBUENO_2026-03-21_G06,10109564LQBUENO,2026-03-21,121760,1,4,0,312.0
10109564LQBUENO_2026-03-21_G07,10109564LQBUENO,2026-03-21,124729,1,2,0,64.0
10109564LQBUENO_2026-03-21_G08,10109564LQBUENO,2026-03-21,121651,1,5,0,136.0
10109564LQBUENO_2026-03-21_G09,10109564LQBUENO,2026-03-21,121651,1,5,0,133.0
10109564LQBUENO_2026-03-21_G10,10109564LQBUENO,2026-03-21,124725,1,2,0,130.0
10109564LQBUENO_2026-03-21_G11,10109564LQBUENO,2026-03-21,"124484, 124248",2,4,18,572.0
10109564LQBUENO_2026-03-21_G12,10109564LQBUENO,2026-03-21,123343,1,2,0,201.0
10109564LQBUENO_2026-03-21_G13,10109564LQBUENO,2026-03-21,123345,1,6,0,50.0
10109564LQBUENO_2026-03-21_G14,10109564LQBUENO,2026-03-21,123343,1,6,0,258.0
10109564LQBUENO_2026-03-21_G15,10109564LQBUENO,2026-03-21,122983,1,16,0,249.0
10109564LQBUENO_2026-03-21_G16,10109564LQBUENO,2026-03-21,121760,1,2,0,180.0
10109564LQBUENO_2026-03-21_G17,10109564LQBUENO,2026-03-21,123344,1,12,0,365.0
10109564LQBUENO_2026-03-21_G18,10109564LQBUENO,2026-03-21,122962,1,40,0,2216.0
10109564LQBUENO_2026-03-21_G19,10109564LQBUENO,2026-03-21,122962,1,24,0,239.0
10109564LQBUENO_2026-03-21_G20,10109564LQBUENO,2026-03-21,124475,1,10,0,149.0
10109564LQBUENO_2026-03-21_G21,10109564LQBUENO,2026-03-21,124486,1,9,0,372.0
10109564LQBUENO_2026-03-21_G22,10109564LQBUENO,2026-03-21,121760,1,10,0,226.0
10109564LQBUENO_2026-03-21_G23,10109564LQBUENO,2026-03-21,122671,1,6,0,412.0
10109564LQBUENO_2026-03-21_G24,10109564LQBUENO,2026-03-21,121651,1,10,0,236.0
10109564LQBUENO_2026-03-21_G25,10109564LQBUENO,2026-03-21,124725,1,2,0,133.0
10109564LQBUENO_2026-03-21_G26,10109564LQBUENO,2026-03-21,124370,1,13,0,32.0
10109564LQBUENO_2026-03-22_G02,10109564LQBUENO,2026-03-22,123822,1,100,0,1540.0
10109564LQBUENO_2026-03-22_G03,10109564LQBUENO,2026-03-22,123344,1,2,0,545.0
10109564LQBUENO_2026-03-22_G04,10109564LQBUENO,2026-03-22,124475,1,6,0,506.0
10109564LQBUENO_2026-03-22_G05,10109564LQBUENO,2026-03-22,124476,1,4,0,2041.0
10109564LQBUENO_2026-03-22_G06,10109564LQBUENO,2026-03-22,123343,1,20,0,65.0
10109564LQBUENO_2026-03-22_G07,10109564LQBUENO,2026-03-22,123343,1,2,0,139.0
10109564LQBUENO_2026-03-22_G08,10109564LQBUENO,2026-03-22,"123909, 122671, 122673",3,106,29,80.0
10109564LQBUENO_2026-03-22_G09,10109564LQBUENO,2026-03-22,123889,1,10,0,123.0
10109564LQBUENO_2026-03-22_G10,10109564LQBUENO,2026-03-22,120389,1,20,0,305.0
10109564LQBUENO_2026-03-22_G11,10109564LQBUENO,2026-03-22,122185,1,12,0,87.0
10109564LQBUENO_2026-03-22_G12,10109564LQBUENO,2026-03-22,124582,1,50,0,798.0
10109564LQBUENO_2026-03-23_G02,10109564LQBUENO,2026-03-23,124433,1,3,0,698.0
10109564LQBUENO_2026-03-23_G03,10109564LQBUENO,2026-03-23,124582,1,2,0,39.0
10109564LQBUENO_2026-03-23_G04,10109564LQBUENO,2026-03-23,121651,1,2,0,687.0
10109564LQBUENO_2026-03-23_G05,10109564LQBUENO,2026-03-23,123909,1,12,0,580.0
10109564LQBUENO_2026-03-23_G06,10109564LQBUENO,2026-03-23,124477,1,7,0,231.0
10109564LQBUENO_2026-03-23_G07,10109564LQBUENO,2026-03-23,124475,1,12,0,550.0
10109564LQBUENO_2026-03-23_G08,10109564LQBUENO,2026-03-23,124484,1,10,0,275.0
10109564LQBUENO_2026-03-23_G09,10109564LQBUENO,2026-03-23,124486,1,14,0,177.0
10109564LQBUENO_2026-03-23_G10,10109564LQBUENO,2026-03-23,120389,1,18,0,481.0
10109564LQBUENO_2026-03-23_G11,10109564LQBUENO,2026-03-23,124371,1,4,0,84.0
10109564LQBUENO_2026-03-23_G12,10109564LQBUENO,2026-03-23,123345,1,24,0,908.0
10109564LQBUENO_2026-03-23_G15,10109564LQBUENO,2026-03-23,122982,1,13,0,209.0
10109564LQBUENO_2026-03-23_G16,10109564LQBUENO,2026-03-23,122983,1,4,0,390.0
10109564LQBUENO_2026-03-23_G17,10109564LQBUENO,2026-03-23,121651,1,4,0,281.0
10109564LQBUENO_2026-03-23_G18,10109564LQBUENO,2026-03-23,124370,1,4,0,156.0
10109564LQBUENO_2026-03-23_G19,10109564LQBUENO,2026-03-23,124484,1,2,0,38.0
10109564LQBUENO_2026-03-23_G20,10109564LQBUENO,2026-03-23,"121760, 124371",2,8,30,88.0
10109564LQBUENO_2026-03-23_G21,10109564LQBUENO,2026-03-23,124624,1,4,0,265.0
10109564LQBUENO_2026-03-23_G22,10109564LQBUENO,2026-03-23,123344,1,3,0,384.0
10109564LQBUENO_2026-03-23_G23,10109564LQBUENO,2026-03-23,123343,1,3,0,167.0
10109564LQBUENO_2026-03-23_G24,10109564LQBUENO,2026-03-23,121760,1,3,0,1632.0
10109564LQBUENO_2026-03-23_G25,10109564LQBUENO,2026-03-23,"124582, 123313",2,20,27,152.0
10109564LQBUENO_2026-03-23_G26,10109564LQBUENO,2026-03-23,122962,1,6,0,329.0
10109564LQBUENO_2026-03-23_G27,10109564LQBUENO,2026-03-23,"124475, 121760",2,5,19,72.0
10109564LQBUENO_2026-03-23_G28,10109564LQBUENO,2026-03-23,124582,1,2,0,53.0
10109564LQBUENO_2026-03-23_G29,10109564LQBUENO,2026-03-23,121651,1,11,0,155.0
10109564LQBUENO_2026-03-23_G30,10109564LQBUENO,2026-03-23,123909,1,4,0,675.0
10109564LQBUENO_2026-03-23_G31,10109564LQBUENO,2026-03-23,"124475, 124371",2,9,20,50.0
10109564LQBUENO_2026-03-23_G32,10109564LQBUENO,2026-03-23,123521,1,4,0,187.0
10109564LQBUENO_2026-03-23_G33,10109564LQBUENO,2026-03-23,123344,1,9,0,422.0
10109564LQBUENO_2026-03-23_G34,10109564LQBUENO,2026-03-23,124624,3,20,17,106.0
10109564LQBUENO_2026-03-23_G35,10109564LQBUENO,2026-03-23,"122703, 124370",2,6,15,393.0
10109564LQBUENO_2026-03-23_G36,10109564LQBUENO,2026-03-23,121760,1,4,0,91.0
10109564LQBUENO_2026-03-23_G37,10109564LQBUENO,2026-03-23,124582,1,8,0,48.0
10109564LQBUENO_2026-03-23_G38,10109564LQBUENO,2026-03-23,122673,1,12,0,80.0
10109564LQBUENO_2026-03-23_G39,10109564LQBUENO,2026-03-23,122962,1,30,0,211.0
10109564LQBUENO_2026-03-23_G40,10109564LQBUENO,2026-03-23,120389,1,20,0,810.0
10109564LQBUENO_2026-03-23_G41,10109564LQBUENO,2026-03-23,120028,1,30,0,228.0
10109564LQBUENO_2026-03-23_G42,10109564LQBUENO,2026-03-23,122671,1,20,0,182.0
10109564LQBUENO_2026-03-23_G43,10109564LQBUENO,2026-03-23,124594,1,6,0,178.0
10109564LQBUENO_2026-03-23_G44,10109564LQBUENO,2026-03-23,123345,1,2,0,303.0
10109564LQBUENO_2026-03-23_G45,10109564LQBUENO,2026-03-23,124624,1,10,0,391.0
10109564LQBUENO_2026-03-23_G46,10109564LQBUENO,2026-03-23,122962,1,80,0,777.0
10109564LQBUENO_2026-03-23_G47,10109564LQBUENO,2026-03-23,124475,1,20,0,388.0
10109564LQBUENO_2026-03-23_G48,10109564LQBUENO,2026-03-23,122988,1,10,0,244.0
10109564LQBUENO_2026-03-23_G49,10109564LQBUENO,2026-03-23,"120028, 124582",2,24,9,341.0
10109564LQBUENO_2026-03-23_G50,10109564LQBUENO,2026-03-23,124248,1,9,0,102.0
10109564LQBUENO_2026-03-23_G51,10109564LQBUENO,2026-03-23,122671,1,14,0,71.0
10109564LQBUENO_2026-03-24_G02,10109564LQBUENO,2026-03-24,121651,1,35,0,1227.0
10109564LQBUENO_2026-03-24_G03,10109564LQBUENO,2026-03-24,123909,1,50,0,301.0
10109564LQBUENO_2026-03-24_G04,10109564LQBUENO,2026-03-24,124264,1,18,0,1481.0
10109564LQBUENO_2026-03-24_G05,10109564LQBUENO,2026-03-24,122962,1,32,0,419.0
10109564LQBUENO_2026-03-24_G06,10109564LQBUENO,2026-03-24,124247,1,40,0,591.0
10109564LQBUENO_2026-03-24_G07,10109564LQBUENO,2026-03-24,124371,1,80,0,208.0
10109564LQBUENO_2026-03-24_G08,10109564LQBUENO,2026-03-24,121928,1,8,0,1190.0
10109564LQBUENO_2026-03-24_G09,10109564LQBUENO,2026-03-24,124725,1,97,0,167.0
10109564LQBUENO_2026-03-24_G10,10109564LQBUENO,2026-03-24,123909,1,40,0,535.0
10109564LQBUENO_2026-03-24_G12,10109564LQBUENO,2026-03-24,124371,1,2,0,434.0
10109564LQBUENO_2026-03-24_G13,10109564LQBUENO,2026-03-24,124729,1,2,0,89.0
10109564LQBUENO_2026-03-24_G14,10109564LQBUENO,2026-03-24,123344,1,50,0,694.0
10109564LQBUENO_2026-03-24_G15,10109564LQBUENO,2026-03-24,122962,1,12,0,936.0
10109564LQBUENO_2026-03-24_G16,10109564LQBUENO,2026-03-24,123909,1,30,0,2349.0
10109564LQBUENO_2026-03-24_G17,10109564LQBUENO,2026-03-24,124624,1,2,0,283.0
10109564LQBUENO_2026-03-24_G18,10109564LQBUENO,2026-03-24,122962,1,30,0,267.0
10109564LQBUENO_2026-03-24_G19,10109564LQBUENO,2026-03-24,122962,1,24,0,254.0
10109564LQBUENO_2026-03-24_G20,10109564LQBUENO,2026-03-24,124370,1,20,0,868.0
10109564LQBUENO_2026-03-24_G21,10109564LQBUENO,2026-03-24,121760,1,20,0,203.0
10109564LQBUENO_2026-03-24_G22,10109564LQBUENO,2026-03-24,121651,1,12,0,138.0
10109564LQBUENO_2026-03-25_G02,10109564LQBUENO,2026-03-25,124624,1,10,0,258.0
10109564LQBUENO_2026-03-25_G03,10109564LQBUENO,2026-03-25,124433,1,4,0,471.0
10109564LQBUENO_2026-03-25_G04,10109564LQBUENO,2026-03-25,124486,1,57,0,107.0
10109564LQBUENO_2026-03-25_G05,10109564LQBUENO,2026-03-25,124247,1,4,0,486.0
10109564LQBUENO_2026-03-25_G06,10109564LQBUENO,2026-03-25,124582,1,68,0,211.0
10109564LQBUENO_2026-03-25_G07,10109564LQBUENO,2026-03-25,124370,1,16,0,213.0
10109564LQBUENO_2026-03-25_G08,10109564LQBUENO,2026-03-25,122671,1,6,0,162.0
10109564LQBUENO_2026-03-25_G09,10109564LQBUENO,2026-03-25,124371,1,10,0,80.0
10109564LQBUENO_2026-03-25_G10,10109564LQBUENO,2026-03-25,122983,1,20,0,124.0
10109564LQBUENO_2026-03-25_G11,10109564LQBUENO,2026-03-25,121651,1,24,0,197.0
10109564LQBUENO_2026-03-25_G12,10109564LQBUENO,2026-03-25,122982,1,16,0,462.0
10109564LQBUENO_2026-03-25_G13,10109564LQBUENO,2026-03-25,123561,1,15,0,79.0
10109564LQBUENO_2026-03-25_G14,10109564LQBUENO,2026-03-25,123313,1,8,0,56.0
10109564LQBUENO_2026-03-25_G15,10109564LQBUENO,2026-03-25,123343,1,12,0,419.0
10109564LQBUENO_2026-03-25_G16,10109564LQBUENO,2026-03-25,120389,1,100,0,1081.0
10109564LQBUENO_2026-03-25_G17,10109564LQBUENO,2026-03-25,124582,1,130,0,837.0
10109564LQBUENO_2026-03-25_G18,10109564LQBUENO,2026-03-25,123344,1,200,0,1133.0
10109564LQBUENO_2026-03-26_G02,10109564LQBUENO,2026-03-26,123313,1,2,0,63.0
10109564LQBUENO_2026-03-26_G03,10109564LQBUENO,2026-03-26,123345,1,4,0,97.0
10109564LQBUENO_2026-03-26_G04,10109564LQBUENO,2026-03-26,124486,1,20,0,446.0
10109564LQBUENO_2026-03-26_G05,10109564LQBUENO,2026-03-26,123345,1,2,0,76.0
10109564LQBUENO_2026-03-26_G06,10109564LQBUENO,2026-03-26,"123909, 120028",2,9,16,1604.0
10109564LQBUENO_2026-03-26_G07,10109564LQBUENO,2026-03-26,124486,1,12,0,109.0
10109564LQBUENO_2026-03-26_G08,10109564LQBUENO,2026-03-26,124247,1,4,0,749.0
10109564LQBUENO_2026-03-26_G09,10109564LQBUENO,2026-03-26,123345,1,12,0,59.0
10109564LQBUENO_2026-03-26_G10,10109564LQBUENO,2026-03-26,"124247, 124484, 122671",3,38,47,75.0
10109564LQBUENO_2026-03-26_G11,10109564LQBUENO,2026-03-26,124486,1,4,0,120.0
10109564LQBUENO_2026-03-26_G12,10109564LQBUENO,2026-03-26,123344,1,2,0,736.0
10109564LQBUENO_2026-03-26_G13,10109564LQBUENO,2026-03-26,"121760, 124486, 123345, 124247, 124484, 124370",7,40,91,136.0
10109564LQBUENO_2026-03-26_G14,10109564LQBUENO,2026-03-26,122671,1,2,0,57.0
10109564LQBUENO_2026-03-26_G15,10109564LQBUENO,2026-03-26,123345,1,8,0,113.0
10109564LQBUENO_2026-03-26_G16,10109564LQBUENO,2026-03-26,124247,1,18,0,326.0
10109564LQBUENO_2026-03-26_G17,10109564LQBUENO,2026-03-26,"122703, 124486",2,12,15,669.0
10109564LQBUENO_2026-03-26_G18,10109564LQBUENO,2026-03-26,"124475, 122967, 122983, 124247, 124582, 123343",6,41,84,432.0
10109564LQBUENO_2026-03-26_G19,10109564LQBUENO,2026-03-26,"124486, 123909, 123344",3,7,25,45.0
10109564LQBUENO_2026-03-26_G20,10109564LQBUENO,2026-03-26,122703,1,2,0,58.0
10109564LQBUENO_2026-03-26_G21,10109564LQBUENO,2026-03-26,123909,1,3,0,122.0
10109564LQBUENO_2026-03-26_G22,10109564LQBUENO,2026-03-26,"121760, 122983",2,5,8,478.0
10109564LQBUENO_2026-03-26_G23,10109564LQBUENO,2026-03-26,121651,1,6,0,36.0
10109564LQBUENO_2026-03-26_G24,10109564LQBUENO,2026-03-26,123344,1,2,0,47.0
10109564LQBUENO_2026-03-26_G25,10109564LQBUENO,2026-03-26,123345,1,2,0,129.0
10109564LQBUENO_2026-03-26_G26,10109564LQBUENO,2026-03-26,124624,1,4,0,264.0
10109564LQBUENO_2026-03-26_G27,10109564LQBUENO,2026-03-26,123909,1,7,0,165.0
10109564LQBUENO_2026-03-26_G28,10109564LQBUENO,2026-03-26,122962,1,4,0,33.0
10109564LQBUENO_2026-03-26_G29,10109564LQBUENO,2026-03-26,122986,1,1,0,75.0
10109564LQBUENO_2026-03-26_G30,10109564LQBUENO,2026-03-26,122962,1,2,0,201.0
10109564LQBUENO_2026-03-26_G31,10109564LQBUENO,2026-03-26,123343,1,2,0,217.0
10109564LQBUENO_2026-03-26_G32,10109564LQBUENO,2026-03-26,123313,1,2,0,38.0
10109564LQBUENO_2026-03-26_G34,10109564LQBUENO,2026-03-26,122962,1,80,0,1737.0
10109564LQBUENO_2026-03-26_G35,10109564LQBUENO,2026-03-26,122647,1,40,0,126.0
10109564LQBUENO_2026-03-26_G36,10109564LQBUENO,2026-03-26,122962,1,8,0,36.0
10109564LQBUENO_2026-03-26_G37,10109564LQBUENO,2026-03-26,122986,1,6,0,52.0
10109564LQBUENO_2026-03-26_G38,10109564LQBUENO,2026-03-26,124486,1,4,0,187.0
10109564LQBUENO_2026-03-26_G39,10109564LQBUENO,2026-03-26,122986,1,11,0,185.0
10109564LQBUENO_2026-03-26_G40,10109564LQBUENO,2026-03-26,124486,1,24,0,695.0
10109564LQBUENO_2026-03-26_G41,10109564LQBUENO,2026-03-26,124624,1,4,0,92.0
10109564LQBUENO_2026-03-26_G42,10109564LQBUENO,2026-03-26,123345,1,2,0,1192.0
10109564LQBUENO_2026-03-26_G43,10109564LQBUENO,2026-03-26,124624,1,33,0,3121.0
10109564LQBUENO_2026-03-26_G44,10109564LQBUENO,2026-03-26,"124624, 124433",3,42,33,171.0
10109564LQBUENO_2026-03-26_G45,10109564LQBUENO,2026-03-26,124486,2,200,7,403.0
10109564LQBUENO_2026-03-26_G46,10109564LQBUENO,2026-03-26,121760,1,10,0,729.0
10109564LQBUENO_2026-03-26_G47,10109564LQBUENO,2026-03-26,124371,1,8,0,52.0
10109564LQBUENO_2026-03-26_G48,10109564LQBUENO,2026-03-26,123521,1,6,0,177.0
10109564LQBUENO_2026-03-26_G49,10109564LQBUENO,2026-03-26,123344,1,4,0,216.0
10109564LQBUENO_2026-03-26_G50,10109564LQBUENO,2026-03-26,123343,1,5,0,164.0
10109564LQBUENO_2026-03-27_G02,10109564LQBUENO,2026-03-27,123345,1,16,0,507.0
10109564LQBUENO_2026-03-27_G03,10109564LQBUENO,2026-03-27,123492,1,4,0,335.0
10109564LQBUENO_2026-03-27_G04,10109564LQBUENO,2026-03-27,122962,1,14,0,117.0
10109564LQBUENO_2026-03-27_G05,10109564LQBUENO,2026-03-27,123948,1,8,0,740.0
10109564LQBUENO_2026-03-27_G06,10109564LQBUENO,2026-03-27,124475,1,4,0,270.0
10109564LQBUENO_2026-03-27_G07,10109564LQBUENO,2026-03-27,122671,1,4,0,217.0
10109564LQBUENO_2026-03-27_G08,10109564LQBUENO,2026-03-27,124371,1,20,0,493.0
10109564LQBUENO_2026-03-27_G09,10109564LQBUENO,2026-03-27,124371,1,40,0,151.0
10109564LQBUENO_2026-03-27_G10,10109564LQBUENO,2026-03-27,124476,1,4,0,636.0
10109564LQBUENO_2026-03-27_G11,10109564LQBUENO,2026-03-27,121651,1,40,0,298.0
10109564LQBUENO_2026-03-27_G12,10109564LQBUENO,2026-03-27,124370,1,14,0,878.0
10109564LQBUENO_2026-03-27_G13,10109564LQBUENO,2026-03-27,121760,1,10,0,718.0
10109564LQBUENO_2026-03-27_G14,10109564LQBUENO,2026-03-27,124486,1,6,0,67.0
10109564LQBUENO_2026-03-27_G15,10109564LQBUENO,2026-03-27,"122962, 124582",2,36,7,354.0
10109564LQBUENO_2026-03-27_G16,10109564LQBUENO,2026-03-27,124729,2,4,17,347.0
10109564LQBUENO_2026-03-27_G17,10109564LQBUENO,2026-03-27,124486,1,20,0,715.0
10109564LQBUENO_2026-03-27_G18,10109564LQBUENO,2026-03-27,124582,1,24,0,1939.0
10109564LQBUENO_2026-03-27_G19,10109564LQBUENO,2026-03-27,124624,1,4,0,95.0
10109564LQBUENO_2026-03-27_G20,10109564LQBUENO,2026-03-27,"122671, 122647, 120389",3,36,34,55.0
10109564LQBUENO_2026-03-27_G21,10109564LQBUENO,2026-03-27,122967,1,12,0,855.0
10109564LQBUENO_2026-03-27_G22,10109564LQBUENO,2026-03-27,123822,1,8,0,258.0
10109564LQBUENO_2026-03-27_G23,10109564LQBUENO,2026-03-27,120272,1,2,0,130.0
10109564LQBUENO_2026-03-27_G24,10109564LQBUENO,2026-03-27,122962,1,8,0,195.0
10109564LQBUENO_2026-03-27_G25,10109564LQBUENO,2026-03-27,122185,1,14,0,249.0
10109564LQBUENO_2026-03-27_G26,10109564LQBUENO,2026-03-27,124483,1,1,0,110.0
10109564LQBUENO_2026-03-27_G27,10109564LQBUENO,2026-03-27,124475,1,10,0,237.0
10109564LQBUENO_2026-03-27_G29,10109564LQBUENO,2026-03-27,"123344, 123345",2,3,16,441.0
10109564LQBUENO_2026-03-27_G30,10109564LQBUENO,2026-03-27,123345,1,2,0,1481.0
10109564LQBUENO_2026-03-27_G31,10109564LQBUENO,2026-03-27,121760,1,2,0,83.0
10109564LQBUENO_2026-03-27_G32,10109564LQBUENO,2026-03-27,123344,1,1,0,420.0
10109564LQBUENO_2026-03-27_G33,10109564LQBUENO,2026-03-27,121760,1,16,0,274.0
10109564LQBUENO_2026-03-27_G34,10109564LQBUENO,2026-03-27,124371,1,4,0,221.0
10109564LQBUENO_2026-03-27_G35,10109564LQBUENO,2026-03-27,121651,1,4,0,137.0
10109564LQBUENO_2026-03-27_G36,10109564LQBUENO,2026-03-27,123345,1,14,0,735.0
10109564LQBUENO_2026-03-27_G37,10109564LQBUENO,2026-03-27,122962,1,10,0,365.0
10109564LQBUENO_2026-03-27_G38,10109564LQBUENO,2026-03-27,124475,1,8,0,205.0
10109564LQBUENO_2026-03-27_G39,10109564LQBUENO,2026-03-27,123343,1,20,0,755.0
10109564LQBUENO_2026-03-27_G40,10109564LQBUENO,2026-03-27,122962,1,40,0,1167.0
10109564LQBUENO_2026-03-27_G41,10109564LQBUENO,2026-03-27,123822,1,60,0,973.0
10109564LQBUENO_2026-03-28_G02,10109564LQBUENO,2026-03-28,123909,1,6,0,307.0
10109564LQBUENO_2026-03-28_G03,10109564LQBUENO,2026-03-28,122962,1,4,0,176.0
10109564LQBUENO_2026-03-28_G04,10109564LQBUENO,2026-03-28,124264,1,34,0,1163.0
10109564LQBUENO_2026-03-28_G05,10109564LQBUENO,2026-03-28,124247,1,6,0,524.0
10109564LQBUENO_2026-03-29_G02,10109564LQBUENO,2026-03-29,"121760, 124370, 124486",3,50,36,56.0
10109564LQBUENO_2026-03-29_G03,10109564LQBUENO,2026-03-29,124486,2,6,7,316.0
10109564LQBUENO_2026-03-29_G04,10109564LQBUENO,2026-03-29,"123909, 124624, 124594, 122962",4,12,25,36.0
10109564LQBUENO_2026-03-29_G05,10109564LQBUENO,2026-03-29,124548,1,6,0,178.0
10109564LQBUENO_2026-03-29_G06,10109564LQBUENO,2026-03-29,124475,1,16,0,1159.0
10109564LQBUENO_2026-03-29_G07,10109564LQBUENO,2026-03-29,121760,1,20,0,203.0
10109564LQBUENO_2026-03-29_G08,10109564LQBUENO,2026-03-29,124486,1,3,0,370.0
10109564LQBUENO_2026-03-29_G09,10109564LQBUENO,2026-03-29,181057,1,24,0,1303.0
10109564LQBUENO_2026-03-29_G10,10109564LQBUENO,2026-03-29,181057,1,54,0,1110.0
10109564LQBUENO_2026-03-29_G11,10109564LQBUENO,2026-03-29,124594,1,10,0,309.0
10109564LQBUENO_2026-03-29_G12,10109564LQBUENO,2026-03-29,124489,1,10,0,535.0
10109564LQBUENO_2026-03-30_G02,10109564LQBUENO,2026-03-30,122673,1,4,0,78.0
10109564LQBUENO_2026-03-30_G03,10109564LQBUENO,2026-03-30,122673,1,14,0,173.0
10109564LQBUENO_2026-03-30_G04,10109564LQBUENO,2026-03-30,122647,1,8,0,88.0
10109564LQBUENO_2026-03-30_G05,10109564LQBUENO,2026-03-30,122673,1,4,0,60.0
10109564LQBUENO_2026-03-30_G06,10109564LQBUENO,2026-03-30,122962,1,16,0,560.0
10109564LQBUENO_2026-03-30_G07,10109564LQBUENO,2026-03-30,124486,1,13,0,313.0
10109564LQBUENO_2026-03-30_G08,10109564LQBUENO,2026-03-30,120008,1,60,0,1334.0
10109564LQBUENO_2026-03-30_G09,10109564LQBUENO,2026-03-30,120271,1,19,0,161.0
10109564LQBUENO_2026-03-30_G10,10109564LQBUENO,2026-03-30,120271,1,10,0,204.0
10109564LQBUENO_2026-03-30_G11,10109564LQBUENO,2026-03-30,120271,3,16,20,265.0
10109564LQBUENO_2026-03-30_G12,10109564LQBUENO,2026-03-30,124247,1,20,0,489.0
10109564LQBUENO_2026-03-30_G13,10109564LQBUENO,2026-03-30,123345,1,10,0,608.0
10109564LQBUENO_2026-03-30_G14,10109564LQBUENO,2026-03-30,123313,1,4,0,868.0
10109564LQBUENO_2026-03-30_G15,10109564LQBUENO,2026-03-30,124477,1,4,0,1829.0
10109564LQBUENO_2026-03-30_G16,10109564LQBUENO,2026-03-30,120272,1,12,0,254.0
10109564LQBUENO_2026-03-30_G17,10109564LQBUENO,2026-03-30,122983,1,8,0,588.0
10109564LQBUENO_2026-03-30_G18,10109564LQBUENO,2026-03-30,122981,1,10,0,256.0
10109564LQBUENO_2026-03-30_G19,10109564LQBUENO,2026-03-30,124475,1,10,0,191.0
10109564LQBUENO_2026-03-30_G20,10109564LQBUENO,2026-03-30,124582,1,30,0,269.0
10109564LQBUENO_2026-03-30_G21,10109564LQBUENO,2026-03-30,123822,1,16,0,522.0
10109564LQBUENO_2026-03-30_G22,10109564LQBUENO,2026-03-30,120008,1,4,0,63.0
10109564LQBUENO_2026-03-30_G23,10109564LQBUENO,2026-03-30,122988,1,6,0,217.0
10109564LQBUENO_2026-03-30_G24,10109564LQBUENO,2026-03-30,120028,1,10,0,453.0
10109564LQBUENO_2026-03-30_G25,10109564LQBUENO,2026-03-30,122986,1,2,0,121.0
10109564LQBUENO_2026-03-30_G26,10109564LQBUENO,2026-03-30,124476,1,3,0,103.0
10109564LQBUENO_2026-03-30_G27,10109564LQBUENO,2026-03-30,123521,1,8,0,76.0
10109564LQBUENO_2026-03-30_G29,10109564LQBUENO,2026-03-30,124475,1,60,0,551.0
10109564LQBUENO_2026-03-30_G30,10109564LQBUENO,2026-03-30,124484,1,80,0,1005.0
10109564LQBUENO_2026-03-30_G31,10109564LQBUENO,2026-03-30,124370,1,37,0,795.0
10109564LQBUENO_2026-03-30_G32,10109564LQBUENO,2026-03-30,124370,1,40,0,457.0
10109564LQBUENO_2026-03-30_G33,10109564LQBUENO,2026-03-30,121760,1,30,0,738.0
10109564LQBUENO_2026-03-30_G34,10109564LQBUENO,2026-03-30,121760,2,16,9,374.0
10109564LQBUENO_2026-03-30_G35,10109564LQBUENO,2026-03-30,121760,1,15,0,154.0
10109564LQBUENO_2026-03-30_G36,10109564LQBUENO,2026-03-30,122673,2,16,17,459.0
10109564LQBUENO_2026-03-30_G37,10109564LQBUENO,2026-03-30,122673,1,15,0,233.0
10109564LQBUENO_2026-03-30_G38,10109564LQBUENO,2026-03-30,123344,1,13,0,534.0
10109564LQBUENO_2026-03-30_G39,10109564LQBUENO,2026-03-30,123343,1,25,0,423.0
10109564LQBUENO_2026-03-30_G40,10109564LQBUENO,2026-03-30,124484,1,20,0,299.0
10109564LQBUENO_2026-03-30_G41,10109564LQBUENO,2026-03-30,123343,1,1,0,73.0
10109564LQBUENO_2026-03-30_G42,10109564LQBUENO,2026-03-30,124486,1,20,0,463.0
10109564LQBUENO_2026-03-30_G43,10109564LQBUENO,2026-03-30,"123080, 124484",2,32,17,244.0
10109564LQBUENO_2026-03-30_G44,10109564LQBUENO,2026-03-30,122962,1,40,0,256.0
10109564LQBUENO_2026-03-30_G45,10109564LQBUENO,2026-03-30,124486,1,40,0,441.0
10109564LQBUENO_2026-03-31_G02,10109564LQBUENO,2026-03-31,121760,1,4,0,130.0
10109564LQBUENO_2026-03-31_G03,10109564LQBUENO,2026-03-31,122962,1,1,0,299.0
10109564LQBUENO_2026-03-31_G04,10109564LQBUENO,2026-03-31,124371,1,4,0,1009.0
10109564LQBUENO_2026-03-31_G05,10109564LQBUENO,2026-03-31,123345,1,15,0,510.0
10109564LQBUENO_2026-03-31_G06,10109564LQBUENO,2026-03-31,124594,1,4,0,125.0
10109564LQBUENO_2026-03-31_G07,10109564LQBUENO,2026-03-31,121923,1,2,0,333.0
10109564LQBUENO_2026-03-31_G08,10109564LQBUENO,2026-03-31,122962,1,30,0,706.0
10109564LQBUENO_2026-03-31_G09,10109564LQBUENO,2026-03-31,124486,1,40,0,518.0
10109564LQBUENO_2026-03-31_G10,10109564LQBUENO,2026-03-31,120321,1,20,0,236.0
10109564LQBUENO_2026-03-31_G11,10109564LQBUENO,2026-03-31,123345,1,10,0,222.0
10109564LQBUENO_2026-03-31_G12,10109564LQBUENO,2026-03-31,123343,2,45,8,319.0
10109564LQBUENO_2026-03-31_G13,10109564LQBUENO,2026-03-31,123345,1,8,0,231.0
10109564LQBUENO_2026-03-31_G14,10109564LQBUENO,2026-03-31,124728,1,4,0,372.0
10109564LQBUENO_2026-03-31_G15,10109564LQBUENO,2026-03-31,124484,1,20,0,335.0
10109564LQBUENO_2026-03-31_G16,10109564LQBUENO,2026-03-31,120389,1,10,0,152.0
10109564LQBUENO_2026-03-31_G17,10109564LQBUENO,2026-03-31,124264,1,14,0,311.0
10109564LQBUENO_2026-03-31_G18,10109564LQBUENO,2026-03-31,124486,1,12,0,381.0
10109564LQBUENO_2026-03-31_G19,10109564LQBUENO,2026-03-31,124486,1,4,0,64.0
10109564LQBUENO_2026-03-31_G20,10109564LQBUENO,2026-03-31,121651,1,15,0,1039.0
10109564LQBUENO_2026-03-31_G21,10109564LQBUENO,2026-03-31,121651,1,10,0,174.0
10109564LQBUENO_2026-04-01_G02,10109564LQBUENO,2026-04-01,124475,1,17,0,216.0
10109564LQBUENO_2026-04-01_G03,10109564LQBUENO,2026-04-01,124433,1,10,0,208.0
10109564LQBUENO_2026-04-01_G04,10109564LQBUENO,2026-04-01,124371,1,32,0,747.0
10109564LQBUENO_2026-04-01_G05,10109564LQBUENO,2026-04-01,122195,1,21,0,927.0
10109564LQBUENO_2026-04-01_G06,10109564LQBUENO,2026-04-01,123080,1,150,0,1313.0
10109564LQBUENO_2026-04-01_G07,10109564LQBUENO,2026-04-01,124489,2,24,12,636.0
10109565EPNASC_2025-01-09_G02,10109565EPNASC,2025-01-09,111602,1,2,0,186.0
10109565EPNASC_2025-01-09_G03,10109565EPNASC,2025-01-09,109640,1,2,0,57.0
10109565EPNASC_2025-01-09_G04,10109565EPNASC,2025-01-09,109647,1,2,0,72.0
10109565EPNASC_2025-01-09_G05,10109565EPNASC,2025-01-09,110515,1,6,0,116.0
10109565EPNASC_2025-01-09_G06,10109565EPNASC,2025-01-09,141047,1,1,0,82.0
10109565EPNASC_2025-01-09_G07,10109565EPNASC,2025-01-09,110741,1,4,0,122.0
10109565EPNASC_2025-01-09_G08,10109565EPNASC,2025-01-09,117821,1,6,0,777.0
10109565EPNASC_2025-01-09_G09,10109565EPNASC,2025-01-09,118140,1,9,0,128.0
10109565EPNASC_2025-01-09_G10,10109565EPNASC,2025-01-09,117831,1,3,0,721.0
10109565EPNASC_2025-01-09_G11,10109565EPNASC,2025-01-09,117831,1,5,0,547.0
10109565EPNASC_2025-01-09_G12,10109565EPNASC,2025-01-09,117785,1,10,0,164.0
10109565EPNASC_2025-01-09_G13,10109565EPNASC,2025-01-09,111743,1,4,0,756.0
10109565EPNASC_2025-01-09_G14,10109565EPNASC,2025-01-09,111463,1,22,0,617.0
10109565EPNASC_2025-01-09_G15,10109565EPNASC,2025-01-09,111466,1,8,0,166.0
10109565EPNASC_2025-01-09_G16,10109565EPNASC,2025-01-09,110374,1,26,0,342.0
10109565EPNASC_2025-01-09_G17,10109565EPNASC,2025-01-09,117809,1,3,0,113.0
10109565EPNASC_2025-01-09_G18,10109565EPNASC,2025-01-09,110375,1,3,0,225.0
10109565EPNASC_2025-01-09_G19,10109565EPNASC,2025-01-09,117830,1,14,0,126.0
10109565EPNASC_2025-01-09_G20,10109565EPNASC,2025-01-09,117820,2,32,9,413.0
10109565EPNASC_2025-01-09_G21,10109565EPNASC,2025-01-09,110374,1,26,0,297.0
10109565EPNASC_2025-01-09_G22,10109565EPNASC,2025-01-09,110373,1,28,0,230.0
10109565EPNASC_2025-01-09_G24,10109565EPNASC,2025-01-09,118004,1,12,0,152.0
10109565EPNASC_2025-01-09_G25,10109565EPNASC,2025-01-09,111441,1,1,0,263.0
10109565EPNASC_2025-01-09_G26,10109565EPNASC,2025-01-09,111530,1,1,0,70.0
10109565EPNASC_2025-01-09_G27,10109565EPNASC,2025-01-09,110752,1,3,0,161.0
10109565EPNASC_2025-01-09_G28,10109565EPNASC,2025-01-09,111602,1,10,0,247.0
10109565EPNASC_2025-01-09_G29,10109565EPNASC,2025-01-09,117855,1,12,0,278.0
10109565EPNASC_2025-01-09_G30,10109565EPNASC,2025-01-09,141047,1,1,0,144.0
10109565EPNASC_2025-01-09_G31,10109565EPNASC,2025-01-09,108772,1,4,0,83.0
10109565EPNASC_2025-01-09_G32,10109565EPNASC,2025-01-09,117862,1,8,0,177.0
10109565EPNASC_2025-01-09_G33,10109565EPNASC,2025-01-09,108711,1,1,0,235.0
10109565EPNASC_2025-01-09_G34,10109565EPNASC,2025-01-09,111463,1,2,0,89.0
10109565EPNASC_2025-01-09_G35,10109565EPNASC,2025-01-09,111463,1,5,0,68.0
10109565EPNASC_2025-01-09_G36,10109565EPNASC,2025-01-09,111442,1,36,0,488.0
10109565EPNASC_2025-01-13_G02,10109565EPNASC,2025-01-13,109645,1,8,0,79.0
10109565EPNASC_2025-01-13_G03,10109565EPNASC,2025-01-13,111465,1,1,0,46.0
10109565EPNASC_2025-01-13_G04,10109565EPNASC,2025-01-13,111462,1,4,0,79.0
10109565EPNASC_2025-01-13_G05,10109565EPNASC,2025-01-13,111463,1,11,0,79.0
10109565EPNASC_2025-01-13_G06,10109565EPNASC,2025-01-13,111466,1,10,0,85.0
10109565EPNASC_2025-01-13_G07,10109565EPNASC,2025-01-13,111172,1,4,0,65.0
10109565EPNASC_2025-01-13_G08,10109565EPNASC,2025-01-13,110743,1,8,0,234.0
10109565EPNASC_2025-01-13_G09,10109565EPNASC,2025-01-13,111418,1,15,0,399.0
10109565EPNASC_2025-01-27_G02,10109565EPNASC,2025-01-27,117808,1,18,0,436.0
10109565EPNASC_2025-01-27_G03,10109565EPNASC,2025-01-27,110375,2,6,16,83.0
10109565EPNASC_2025-01-27_G04,10109565EPNASC,2025-01-27,118299,1,25,0,87.0
10109565EPNASC_2025-01-27_G05,10109565EPNASC,2025-01-27,118299,1,8,0,182.0
10109565EPNASC_2025-01-27_G06,10109565EPNASC,2025-01-27,117820,1,3,0,96.0
10109565EPNASC_2025-01-27_G07,10109565EPNASC,2025-01-27,111441,1,5,0,1161.0
10109565EPNASC_2025-01-27_G08,10109565EPNASC,2025-01-27,110895,1,1,0,227.0
10109565EPNASC_2025-01-27_G09,10109565EPNASC,2025-01-27,110373,1,3,0,131.0
10109565EPNASC_2025-01-27_G10,10109565EPNASC,2025-01-27,109640,1,4,0,300.0
10109565EPNASC_2025-01-27_G11,10109565EPNASC,2025-01-27,111876,1,4,0,133.0
10109565EPNASC_2025-01-27_G12,10109565EPNASC,2025-01-27,110515,1,4,0,127.0
10109565EPNASC_2025-01-27_G13,10109565EPNASC,2025-01-27,109641,1,1,0,78.0
10109565EPNASC_2025-01-27_G14,10109565EPNASC,2025-01-27,117785,1,7,0,376.0
10109565EPNASC_2025-01-27_G15,10109565EPNASC,2025-01-27,117821,1,4,0,108.0
10109565EPNASC_2025-01-27_G16,10109565EPNASC,2025-01-27,111463,1,8,0,245.0
10109565EPNASC_2025-01-27_G17,10109565EPNASC,2025-01-27,110515,1,1,0,2563.0
10109565EPNASC_2025-01-27_G18,10109565EPNASC,2025-01-27,117862,1,6,0,98.0
10109565EPNASC_2025-01-27_G19,10109565EPNASC,2025-01-27,140922,1,2,0,119.0
10109565EPNASC_2025-01-27_G20,10109565EPNASC,2025-01-27,111433,1,1,0,89.0
10109565EPNASC_2025-01-27_G21,10109565EPNASC,2025-01-27,111418,1,15,0,146.0
10109565EPNASC_2025-01-27_G22,10109565EPNASC,2025-01-27,108711,1,3,0,78.0
10109565EPNASC_2025-01-27_G23,10109565EPNASC,2025-01-27,111469,1,12,0,223.0
10109565EPNASC_2025-01-27_G24,10109565EPNASC,2025-01-27,111430,1,10,0,228.0
10109565EPNASC_2025-01-27_G25,10109565EPNASC,2025-01-27,118299,1,3,0,686.0
10109565EPNASC_2025-01-27_G26,10109565EPNASC,2025-01-27,117830,1,5,0,108.0
10109565EPNASC_2025-01-27_G27,10109565EPNASC,2025-01-27,110372,1,2,0,59.0
10109565EPNASC_2025-01-27_G28,10109565EPNASC,2025-01-27,117820,1,3,0,79.0
10109565EPNASC_2025-01-27_G30,10109565EPNASC,2025-01-27,110373,1,3,0,105.0
10109565EPNASC_2025-01-27_G31,10109565EPNASC,2025-01-27,118299,1,4,0,62.0
10109565EPNASC_2025-01-27_G32,10109565EPNASC,2025-01-27,111182,1,4,0,659.0
10109565EPNASC_2025-01-27_G33,10109565EPNASC,2025-01-27,105705,1,12,0,349.0
10109565EPNASC_2025-01-27_G34,10109565EPNASC,2025-01-27,105705,1,8,0,126.0
10109565EPNASC_2025-01-27_G35,10109565EPNASC,2025-01-27,111446,1,20,0,1000.0
10109565EPNASC_2025-01-27_G36,10109565EPNASC,2025-01-27,140922,1,20,0,184.0
10109565EPNASC_2025-01-27_G37,10109565EPNASC,2025-01-27,110745,1,2,0,117.0
10109565EPNASC_2025-01-27_G38,10109565EPNASC,2025-01-27,110748,1,8,0,99.0
10109565EPNASC_2025-01-27_G39,10109565EPNASC,2025-01-27,105705,1,1,0,132.0
10109565EPNASC_2025-01-27_G40,10109565EPNASC,2025-01-27,111469,1,30,0,893.0
10109565EPNASC_2025-01-27_G41,10109565EPNASC,2025-01-27,118222,1,31,0,650.0
10109565EPNASC_2025-01-27_G42,10109565EPNASC,2025-01-27,111530,1,45,0,643.0
10109565EPNASC_2025-01-27_G43,10109565EPNASC,2025-01-27,110515,1,22,0,173.0
10109565EPNASC_2025-01-27_G44,10109565EPNASC,2025-01-27,110515,1,100,0,292.0
10109565EPNASC_2025-01-27_G45,10109565EPNASC,2025-01-27,111462,1,50,0,559.0
10109582FELIPEC_2025-01-06_G02,10109582FELIPEC,2025-01-06,111743,2,120,11,480.0
10109582FELIPEC_2025-01-09_G02,10109582FELIPEC,2025-01-09,110742,1,2,0,252.0
10109582FELIPEC_2025-01-09_G03,10109582FELIPEC,2025-01-09,"117862, 117831",2,8,21,88.0
10109582FELIPEC_2025-01-09_G04,10109582FELIPEC,2025-01-09,111463,1,7,0,108.0
10109582FELIPEC_2025-01-09_G05,10109582FELIPEC,2025-01-09,110339,1,8,0,230.0
10109582FELIPEC_2025-01-09_G06,10109582FELIPEC,2025-01-09,111172,1,4,0,95.0
10109582FELIPEC_2025-01-09_G07,10109582FELIPEC,2025-01-09,117855,1,4,0,132.0
10109582FELIPEC_2025-01-09_G08,10109582FELIPEC,2025-01-09,160053,1,12,0,268.0
10109582FELIPEC_2025-01-09_G09,10109582FELIPEC,2025-01-09,109640,1,16,0,1456.0
10109582FELIPEC_2025-01-11_G02,10109582FELIPEC,2025-01-11,117862,1,4,0,109.0
10109582FELIPEC_2025-01-11_G03,10109582FELIPEC,2025-01-11,109641,1,2,0,128.0
10109582FELIPEC_2025-01-11_G04,10109582FELIPEC,2025-01-11,"111418, 111469",2,9,28,83.0
10109582FELIPEC_2025-01-11_G05,10109582FELIPEC,2025-01-11,117838,1,4,0,94.0
10109582FELIPEC_2025-01-11_G06,10109582FELIPEC,2025-01-11,117820,1,2,0,370.0
10109582FELIPEC_2025-01-11_G07,10109582FELIPEC,2025-01-11,117809,1,4,0,144.0
10109582FELIPEC_2025-01-11_G08,10109582FELIPEC,2025-01-11,117830,1,8,0,107.0
10109582FELIPEC_2025-01-11_G09,10109582FELIPEC,2025-01-11,111437,1,2,0,152.0
10109582FELIPEC_2025-01-11_G10,10109582FELIPEC,2025-01-11,118306,1,2,0,108.0
10109582FELIPEC_2025-01-11_G11,10109582FELIPEC,2025-01-11,118250,1,4,0,130.0
10109582FELIPEC_2025-01-11_G12,10109582FELIPEC,2025-01-11,141035,1,4,0,138.0
10109582FELIPEC_2025-01-11_G13,10109582FELIPEC,2025-01-11,110756,1,2,0,76.0
10109582FELIPEC_2025-01-11_G14,10109582FELIPEC,2025-01-11,111467,1,1,0,37.0
10109582FELIPEC_2025-01-11_G15,10109582FELIPEC,2025-01-11,117856,1,4,0,40.0
10109582FELIPEC_2025-01-11_G16,10109582FELIPEC,2025-01-11,118094,1,5,0,91.0
10109582FELIPEC_2025-01-11_G17,10109582FELIPEC,2025-01-11,108772,1,4,0,209.0
10109582FELIPEC_2025-01-11_G18,10109582FELIPEC,2025-01-11,107830,1,2,0,430.0
10109582FELIPEC_2025-01-11_G19,10109582FELIPEC,2025-01-11,"117832, 117830",2,12,27,111.0
10109582FELIPEC_2025-01-11_G20,10109582FELIPEC,2025-01-11,110733,1,8,0,105.0
10109582FELIPEC_2025-01-11_G21,10109582FELIPEC,2025-01-11,"117862, 108798, 117842",3,6,31,130.0
10109582FELIPEC_2025-01-11_G22,10109582FELIPEC,2025-01-11,111418,1,12,0,111.0
10109582FELIPEC_2025-01-13_G02,10109582FELIPEC,2025-01-13,110373,1,458,0,336.0
10109582FELIPEC_2025-01-13_G03,10109582FELIPEC,2025-01-13,117808,1,321,0,777.0
10109582FELIPEC_2025-01-13_G04,10109582FELIPEC,2025-01-13,109640,1,10,0,1625.0
10109582FELIPEC_2025-01-13_G05,10109582FELIPEC,2025-01-13,110500,1,2,0,174.0
10109582FELIPEC_2025-01-13_G06,10109582FELIPEC,2025-01-13,110711,1,4,0,174.0
10109582FELIPEC_2025-01-13_G07,10109582FELIPEC,2025-01-13,117862,1,14,0,126.0
10109582FELIPEC_2025-01-13_G08,10109582FELIPEC,2025-01-13,117820,1,40,0,1199.0
10109582FELIPEC_2025-01-13_G09,10109582FELIPEC,2025-01-13,110374,1,20,0,466.0
10109582FELIPEC_2025-01-13_G10,10109582FELIPEC,2025-01-13,117808,1,30,0,803.0
10109582FELIPEC_2025-01-13_G11,10109582FELIPEC,2025-01-13,117808,1,20,0,658.0
10109582FELIPEC_2025-01-13_G12,10109582FELIPEC,2025-01-13,109643,1,20,0,272.0
10109582FELIPEC_2025-01-13_G13,10109582FELIPEC,2025-01-13,117830,1,12,0,253.0
10109582FELIPEC_2025-01-13_G14,10109582FELIPEC,2025-01-13,117830,1,9,0,84.0
10109582FELIPEC_2025-01-13_G15,10109582FELIPEC,2025-01-13,110373,1,18,0,240.0
10109582FELIPEC_2025-01-13_G16,10109582FELIPEC,2025-01-13,160051,1,10,0,880.0
10109582FELIPEC_2025-01-13_G17,10109582FELIPEC,2025-01-13,109645,1,14,0,440.0
10109582FELIPEC_2025-01-13_G18,10109582FELIPEC,2025-01-13,109645,1,16,0,236.0
10109582FELIPEC_2025-01-13_G19,10109582FELIPEC,2025-01-13,111443,1,8,0,172.0
10109582FELIPEC_2025-01-13_G20,10109582FELIPEC,2025-01-13,118140,1,7,0,187.0
10109582FELIPEC_2025-01-13_G21,10109582FELIPEC,2025-01-13,110740,1,12,0,445.0
10109582FELIPEC_2025-01-13_G22,10109582FELIPEC,2025-01-13,110787,1,30,0,423.0
10109582FELIPEC_2025-01-13_G23,10109582FELIPEC,2025-01-13,105705,1,11,0,294.0
10109582FELIPEC_2025-01-13_G24,10109582FELIPEC,2025-01-13,117821,1,6,0,161.0
10109582FELIPEC_2025-01-13_G25,10109582FELIPEC,2025-01-13,111462,1,12,0,208.0
10109582FELIPEC_2025-01-13_G26,10109582FELIPEC,2025-01-13,111463,1,16,0,543.0
10109582FELIPEC_2025-01-13_G27,10109582FELIPEC,2025-01-13,111172,1,8,0,367.0
10109582FELIPEC_2025-01-13_G28,10109582FELIPEC,2025-01-13,111172,1,4,0,53.0
10109582FELIPEC_2025-01-13_G29,10109582FELIPEC,2025-01-13,111466,1,46,0,530.0
10109582FELIPEC_2025-01-13_G30,10109582FELIPEC,2025-01-13,111348,1,8,0,387.0
10109582FELIPEC_2025-01-23_G02,10109582FELIPEC,2025-01-23,"111418, 160055",2,194,26,64.0
10109582FELIPEC_2025-01-23_G03,10109582FELIPEC,2025-01-23,111530,1,341,0,1104.0
10109582FELIPEC_2025-02-01_G02,10109582FELIPEC,2025-02-01,111438,1,94,0,61.0
10109582FELIPEC_2025-02-01_G03,10109582FELIPEC,2025-02-01,109647,1,74,0,31.0
10109582FELIPEC_2025-02-06_G02,10109582FELIPEC,2025-02-06,160051,1,10,0,761.0
10109582FELIPEC_2025-02-06_G03,10109582FELIPEC,2025-02-06,160055,1,6,0,191.0
10109582FELIPEC_2025-02-06_G04,10109582FELIPEC,2025-02-06,118290,1,2,0,203.0
10109582FELIPEC_2025-02-06_G05,10109582FELIPEC,2025-02-06,160057,1,6,0,450.0
10109582FELIPEC_2025-02-06_G06,10109582FELIPEC,2025-02-06,109937,1,6,0,1247.0
10109582FELIPEC_2025-02-06_G07,10109582FELIPEC,2025-02-06,100334,1,6,0,202.0
10109582FELIPEC_2025-02-06_G08,10109582FELIPEC,2025-02-06,118253,1,10,0,195.0
10109582FELIPEC_2025-02-06_G09,10109582FELIPEC,2025-02-06,110339,2,14,17,1686.0
10109582FELIPEC_2025-02-06_G10,10109582FELIPEC,2025-02-06,117853,1,4,0,787.0
10109582FELIPEC_2025-02-06_G11,10109582FELIPEC,2025-02-06,111602,1,4,0,103.0
10109582FELIPEC_2025-02-06_G12,10109582FELIPEC,2025-02-06,110313,2,16,12,432.0
10109582FELIPEC_2025-02-06_G13,10109582FELIPEC,2025-02-06,111467,1,10,0,149.0
10109582FELIPEC_2025-02-06_G14,10109582FELIPEC,2025-02-06,109647,1,12,0,194.0
10109582FELIPEC_2025-02-06_G15,10109582FELIPEC,2025-02-06,110515,1,6,0,127.0
10109582FELIPEC_2025-02-06_G16,10109582FELIPEC,2025-02-06,111530,2,15,15,72.0
10109582FELIPEC_2025-02-06_G17,10109582FELIPEC,2025-02-06,117786,1,5,0,859.0
10109582FELIPEC_2025-02-15_G02,10109582FELIPEC,2025-02-15,110371,1,30,0,323.0
10109582FELIPEC_2025-02-15_G03,10109582FELIPEC,2025-02-15,110325,1,12,0,208.0
10109582FELIPEC_2025-02-15_G04,10109582FELIPEC,2025-02-15,107830,1,2,0,93.0
10109582FELIPEC_2025-02-15_G05,10109582FELIPEC,2025-02-15,117820,1,12,0,156.0
10109582FELIPEC_2025-02-15_G06,10109582FELIPEC,2025-02-15,110373,1,60,0,491.0
10109582FELIPEC_2025-02-15_G07,10109582FELIPEC,2025-02-15,111435,1,2,0,771.0
10109582FELIPEC_2025-02-15_G08,10109582FELIPEC,2025-02-15,107236,1,4,0,453.0
10109582FELIPEC_2025-02-15_G09,10109582FELIPEC,2025-02-15,140922,1,4,0,125.0
10109582FELIPEC_2025-02-15_G10,10109582FELIPEC,2025-02-15,109641,1,4,0,88.0
10109582FELIPEC_2025-02-15_G11,10109582FELIPEC,2025-02-15,111743,1,4,0,128.0
10109582FELIPEC_2025-02-15_G12,10109582FELIPEC,2025-02-15,117838,1,3,0,748.0
10109582FELIPEC_2025-02-15_G13,10109582FELIPEC,2025-02-15,109645,1,4,0,68.0
10109582FELIPEC_2025-02-15_G14,10109582FELIPEC,2025-02-15,118140,1,30,0,178.0
10109582FELIPEC_2025-02-15_G15,10109582FELIPEC,2025-02-15,117821,1,10,0,116.0
10109582FELIPEC_2025-03-10_G02,10109582FELIPEC,2025-03-10,111466,1,800,0,982.0
10109582FELIPEC_2025-03-10_G03,10109582FELIPEC,2025-03-10,117785,1,150,0,806.0
10109582FELIPEC_2025-04-04_G02,10109582FELIPEC,2025-04-04,111441,1,170,0,2139.0
10109582FELIPEC_2025-04-04_G03,10109582FELIPEC,2025-04-04,111532,1,48,0,428.0
10109582FELIPEC_2025-05-27_G02,10109582FELIPEC,2025-05-27,109643,1,32,0,216.0
10109582FELIPEC_2025-05-27_G04,10109582FELIPEC,2025-05-27,110372,2,28,8,294.0
10109582FELIPEC_2025-05-27_G05,10109582FELIPEC,2025-05-27,"117832, 117830",2,3,26,140.0
10109582FELIPEC_2025-05-27_G06,10109582FELIPEC,2025-05-27,110375,1,3,0,82.0
10109582FELIPEC_2025-05-27_G07,10109582FELIPEC,2025-05-27,117809,1,6,0,361.0
10109582FELIPEC_2025-05-27_G08,10109582FELIPEC,2025-05-27,110373,1,70,0,597.0
10109582FELIPEC_2025-05-29_G02,10109582FELIPEC,2025-05-29,117808,1,670,0,225.0
10109582FELIPEC_2025-05-29_G03,10109582FELIPEC,2025-05-29,110372,1,35,0,1170.0
10109582FELIPEC_2025-05-29_G04,10109582FELIPEC,2025-05-29,118299,1,418,0,412.0
10109582FELIPEC_2025-05-29_G05,10109582FELIPEC,2025-05-29,117808,1,216,0,181.0
10109582FELIPEC_2025-05-29_G06,10109582FELIPEC,2025-05-29,117832,1,20,0,814.0
10109582FELIPEC_2025-05-29_G07,10109582FELIPEC,2025-05-29,141202,1,8,0,328.0
10109582FELIPEC_2025-05-29_G08,10109582FELIPEC,2025-05-29,109643,1,20,0,99.0
10109582FELIPEC_2025-05-29_G09,10109582FELIPEC,2025-05-29,110742,1,6,0,744.0
10109582FELIPEC_2025-05-29_G10,10109582FELIPEC,2025-05-29,118222,1,12,0,254.0
10109582FELIPEC_2025-05-29_G11,10109582FELIPEC,2025-05-29,117837,1,12,0,276.0
10109582FELIPEC_2025-05-29_G12,10109582FELIPEC,2025-05-29,117935,1,10,0,89.0
10109582FELIPEC_2025-05-29_G13,10109582FELIPEC,2025-05-29,117935,1,14,0,236.0
10109582FELIPEC_2025-05-29_G14,10109582FELIPEC,2025-05-29,117856,1,16,0,132.0
10109582FELIPEC_2025-05-29_G15,10109582FELIPEC,2025-05-29,111602,2,20,13,147.0
10109582FELIPEC_2025-05-29_G16,10109582FELIPEC,2025-05-29,"111530, 110515",3,30,12,219.0
10109582FELIPEC_2025-05-29_G17,10109582FELIPEC,2025-05-29,117821,1,10,0,527.0
10109582FELIPEC_2025-05-29_G18,10109582FELIPEC,2025-05-29,111462,1,20,0,708.0
10109582FELIPEC_2025-05-29_G19,10109582FELIPEC,2025-05-29,111463,1,20,0,319.0
10109582FELIPEC_2025-05-29_G20,10109582FELIPEC,2025-05-29,111469,1,30,0,141.0
10109582FELIPEC_2025-05-29_G21,10109582FELIPEC,2025-05-29,117831,1,8,0,160.0
10109582FELIPEC_2025-05-29_G22,10109582FELIPEC,2025-05-29,117831,4,49,40,203.0
10109582FELIPEC_2025-05-29_G23,10109582FELIPEC,2025-05-29,111330,1,5,0,626.0
10109582FELIPEC_2025-05-29_G24,10109582FELIPEC,2025-05-29,118140,1,16,0,176.0
10109582FELIPEC_2026-02-09_G02,10109582FELIPEC,2026-02-09,111569,1,6,0,412.0
10109582FELIPEC_2026-02-09_G03,10109582FELIPEC,2026-02-09,118094,1,2,0,361.0
10109582FELIPEC_2026-02-09_G04,10109582FELIPEC,2026-02-09,111602,1,8,0,614.0
10109582FELIPEC_2026-02-09_G05,10109582FELIPEC,2026-02-09,118140,1,2,0,97.0
10109582FELIPEC_2026-02-09_G06,10109582FELIPEC,2026-02-09,111433,1,2,0,92.0
10109582FELIPEC_2026-02-09_G07,10109582FELIPEC,2026-02-09,111435,1,8,0,242.0
10109582FELIPEC_2026-02-09_G08,10109582FELIPEC,2026-02-09,141458,1,10,0,158.0
10109582FELIPEC_2026-02-09_G09,10109582FELIPEC,2026-02-09,117785,1,12,0,204.0
10109582FELIPEC_2026-02-09_G10,10109582FELIPEC,2026-02-09,110374,1,12,0,383.0
10109582FELIPEC_2026-02-09_G11,10109582FELIPEC,2026-02-09,117820,1,26,0,359.0
10109582FELIPEC_2026-02-09_G12,10109582FELIPEC,2026-02-09,117832,1,7,0,403.0
10109582FELIPEC_2026-02-09_G13,10109582FELIPEC,2026-02-09,117830,1,2,0,81.0
10109582FELIPEC_2026-02-09_G14,10109582FELIPEC,2026-02-09,110373,1,8,0,156.0
10109582FELIPEC_2026-02-09_G15,10109582FELIPEC,2026-02-09,118299,1,80,0,800.0
10109582FELIPEC_2026-02-10_G02,10109582FELIPEC,2026-02-10,117862,1,74,0,277.0
10109582FELIPEC_2026-02-10_G03,10109582FELIPEC,2026-02-10,111466,1,57,0,319.0
10109582FELIPEC_2026-02-10_G04,10109582FELIPEC,2026-02-10,118140,1,54,0,259.0
10109582FELIPEC_2026-02-10_G05,10109582FELIPEC,2026-02-10,117808,1,189,0,180.0
10109582FELIPEC_2026-02-10_G06,10109582FELIPEC,2026-02-10,110372,1,1423,0,2337.0
10109584DIASM_2025-01-23_G02,10109584DIASM,2025-01-23,120389,1,24,0,1034.0
10109584DIASM_2025-01-23_G03,10109584DIASM,2025-01-23,123907,1,12,0,682.0
10109584DIASM_2025-01-23_G04,10109584DIASM,2025-01-23,121760,1,27,0,2000.0
10109584DIASM_2025-01-23_G05,10109584DIASM,2025-01-23,121760,1,10,0,1045.0
10109584DIASM_2025-01-31_G02,10109584DIASM,2025-01-31,122988,1,4,0,221.0
10109584DIASM_2025-01-31_G04,10109584DIASM,2025-01-31,121651,1,20,0,2248.0
10109584DIASM_2025-01-31_G05,10109584DIASM,2025-01-31,122983,1,4,0,278.0
10109584DIASM_2025-01-31_G06,10109584DIASM,2025-01-31,124247,1,8,0,201.0
10109584DIASM_2025-01-31_G07,10109584DIASM,2025-01-31,121760,1,30,0,1933.0
10109584DIASM_2025-01-31_G08,10109584DIASM,2025-01-31,124433,1,1,0,360.0
10109584DIASM_2025-01-31_G09,10109584DIASM,2025-01-31,124433,1,2,0,34.0
10109584DIASM_2025-01-31_G10,10109584DIASM,2025-01-31,123345,1,12,0,561.0
10109584DIASM_2025-02-14_G02,10109584DIASM,2025-02-14,111602,1,6,0,88.0
10109584DIASM_2025-02-14_G03,10109584DIASM,2025-02-14,109640,1,10,0,146.0
10109584DIASM_2025-02-14_G04,10109584DIASM,2025-02-14,110515,1,4,0,339.0
10109584DIASM_2025-02-14_G05,10109584DIASM,2025-02-14,111530,1,7,0,356.0
10109584DIASM_2025-02-14_G06,10109584DIASM,2025-02-14,111435,1,7,0,606.0
10109584DIASM_2025-02-14_G07,10109584DIASM,2025-02-14,111431,1,4,0,117.0
10109584DIASM_2025-02-14_G08,10109584DIASM,2025-02-14,117831,1,6,0,219.0
10109584DIASM_2025-02-14_G09,10109584DIASM,2025-02-14,111418,1,12,0,943.0
10109584DIASM_2025-02-14_G10,10109584DIASM,2025-02-14,111532,1,4,0,177.0
10109584DIASM_2025-02-14_G11,10109584DIASM,2025-02-14,118004,1,2,0,154.0
10109584DIASM_2025-02-14_G12,10109584DIASM,2025-02-14,109641,1,8,0,188.0
10109584DIASM_2025-02-14_G13,10109584DIASM,2025-02-14,110787,2,4,8,84.0
10109584DIASM_2025-02-14_G14,10109584DIASM,2025-02-14,117785,2,5,6,155.0
10109584DIASM_2025-02-14_G15,10109584DIASM,2025-02-14,118140,1,7,0,482.0
10109584DIASM_2025-02-14_G16,10109584DIASM,2025-02-14,108798,1,1,0,59.0
10109584DIASM_2025-02-14_G17,10109584DIASM,2025-02-14,108795,1,2,0,107.0
10109584DIASM_2025-02-14_G18,10109584DIASM,2025-02-14,105705,1,12,0,518.0
10109584DIASM_2025-02-14_G19,10109584DIASM,2025-02-14,111469,1,6,0,152.0
10109584DIASM_2025-02-14_G20,10109584DIASM,2025-02-14,111462,1,6,0,96.0
10109584DIASM_2025-02-14_G21,10109584DIASM,2025-02-14,111465,1,2,0,77.0
10109584DIASM_2025-02-14_G22,10109584DIASM,2025-02-14,117832,1,4,0,408.0
10109584DIASM_2025-02-14_G23,10109584DIASM,2025-02-14,117832,2,10,10,105.0
10109584DIASM_2025-02-14_G24,10109584DIASM,2025-02-14,118299,1,8,0,714.0
10109584DIASM_2025-02-14_G25,10109584DIASM,2025-02-14,110371,1,9,0,102.0
10109584DIASM_2025-02-14_G26,10109584DIASM,2025-02-14,109643,1,2,0,313.0
10109584DIASM_2025-02-14_G27,10109584DIASM,2025-02-14,117809,1,14,0,147.0
10109584DIASM_2025-02-14_G28,10109584DIASM,2025-02-14,117820,1,12,0,124.0
10109584DIASM_2025-02-14_G29,10109584DIASM,2025-02-14,118222,1,95,0,3113.0
10109584DIASM_2025-02-14_G31,10109584DIASM,2025-02-14,117836,1,4,0,158.0
10109584DIASM_2025-02-14_G32,10109584DIASM,2025-02-14,110895,1,80,0,207.0
10109584DIASM_2025-02-14_G33,10109584DIASM,2025-02-14,115773,1,5,0,220.0
10109584DIASM_2025-02-14_G34,10109584DIASM,2025-02-14,111569,1,36,0,75.0
10109584DIASM_2025-02-14_G35,10109584DIASM,2025-02-14,118306,1,24,0,568.0
10109584DIASM_2025-02-14_G36,10109584DIASM,2025-02-14,118290,1,4,0,1200.0
10109584DIASM_2025-02-14_G37,10109584DIASM,2025-02-14,110747,1,60,0,346.0
10109584DIASM_2025-02-28_G02,10109584DIASM,2025-02-28,124475,1,24,0,1356.0
10109584DIASM_2025-02-28_G03,10109584DIASM,2025-02-28,120389,1,8,0,1169.0
10109584DIASM_2025-02-28_G04,10109584DIASM,2025-02-28,121651,1,70,0,3319.0
10109584DIASM_2025-02-28_G05,10109584DIASM,2025-02-28,120028,1,7,0,338.0
10109584DIASM_2025-02-28_G06,10109584DIASM,2025-02-28,120339,1,6,0,1392.0
10109584DIASM_2025-02-28_G07,10109584DIASM,2025-02-28,123081,1,16,0,3352.0
10109584DIASM_2025-02-28_G08,10109584DIASM,2025-02-28,123081,1,9,0,421.0
10109584DIASM_2025-02-28_G09,10109584DIASM,2025-02-28,122982,1,8,0,458.0
10109584DIASM_2025-02-28_G11,10109584DIASM,2025-02-28,124476,1,4,0,1025.0
10109584DIASM_2025-02-28_G12,10109584DIASM,2025-02-28,124475,1,8,0,549.0
10109584DIASM_2025-02-28_G13,10109584DIASM,2025-02-28,124475,2,8,24,1134.0
10109584DIASM_2025-02-28_G14,10109584DIASM,2025-02-28,124475,1,8,0,456.0
10109584DIASM_2025-02-28_G15,10109584DIASM,2025-02-28,124475,1,8,0,2111.0
10109584DIASM_2025-03-25_G03,10109584DIASM,2025-03-25,111442,1,338,0,799.0
10109584DIASM_2025-03-25_G05,10109584DIASM,2025-03-25,109640,1,2,0,154.0
10109584DIASM_2025-03-25_G06,10109584DIASM,2025-03-25,117809,1,10,0,287.0
10109584DIASM_2025-03-25_G07,10109584DIASM,2025-03-25,118299,1,30,0,528.0
10109584DIASM_2025-03-25_G08,10109584DIASM,2025-03-25,117820,1,50,0,116.0
10109584DIASM_2025-03-25_G09,10109584DIASM,2025-03-25,117808,1,50,0,50.0
10109584DIASM_2025-03-25_G10,10109584DIASM,2025-03-25,110371,1,50,0,33.0
10109584DIASM_2025-03-25_G11,10109584DIASM,2025-03-25,110372,1,20,0,511.0
10109584DIASM_2025-03-25_G12,10109584DIASM,2025-03-25,110374,1,20,0,2560.0
10109584DIASM_2025-03-25_G13,10109584DIASM,2025-03-25,117809,1,41,0,1676.0
10109584DIASM_2025-03-25_G14,10109584DIASM,2025-03-25,117808,1,200,0,195.0
10109584DIASM_2025-03-25_G15,10109584DIASM,2025-03-25,117808,1,80,0,40.0
10109584DIASM_2025-03-25_G16,10109584DIASM,2025-03-25,109640,1,27,0,2405.0
10109584DIASM_2025-03-26_G02,10109584DIASM,2025-03-26,124594,1,30,0,1703.0
10109584DIASM_2025-03-26_G03,10109584DIASM,2025-03-26,122962,1,22,0,911.0
10109584DIASM_2025-03-26_G04,10109584DIASM,2025-03-26,121760,2,41,23,1119.0
10109584DIASM_2025-03-26_G05,10109584DIASM,2025-03-26,121651,1,100,0,800.0
10109584DIASM_2025-03-26_G06,10109584DIASM,2025-03-26,124248,1,15,0,103.0
10109584DIASM_2025-03-26_G07,10109584DIASM,2025-03-26,124475,1,60,0,1606.0
10109584DIASM_2025-03-26_G08,10109584DIASM,2025-03-26,124476,1,10,0,213.0
10109584DIASM_2025-03-26_G09,10109584DIASM,2025-03-26,123561,1,8,0,86.0
10109584DIASM_2025-03-26_G10,10109584DIASM,2025-03-26,123521,1,8,0,314.0
10109584DIASM_2025-03-26_G11,10109584DIASM,2025-03-26,122982,1,16,0,446.0
10109584DIASM_2025-03-26_G12,10109584DIASM,2025-03-26,123909,1,20,0,739.0
10109584DIASM_2025-03-26_G13,10109584DIASM,2025-03-26,121760,1,10,0,33.0
10109584DIASM_2025-03-26_G14,10109584DIASM,2025-03-26,122986,1,8,0,41.0
10109584DIASM_2025-03-26_G15,10109584DIASM,2025-03-26,121651,1,50,0,956.0
10109584DIASM_2025-03-26_G16,10109584DIASM,2025-03-26,124371,1,16,0,480.0
10109584DIASM_2025-03-26_G17,10109584DIASM,2025-03-26,123822,2,35,28,40.0
10109584DIASM_2025-03-26_G18,10109584DIASM,2025-03-26,124476,2,28,22,61.0
10109584DIASM_2025-03-26_G19,10109584DIASM,2025-03-26,124486,1,40,0,1371.0
10109584DIASM_2025-03-26_G20,10109584DIASM,2025-03-26,121651,1,26,0,331.0
10109584DIASM_2025-03-26_G21,10109584DIASM,2025-03-26,122983,2,17,29,88.0
10109584DIASM_2025-03-26_G22,10109584DIASM,2025-03-26,120028,2,26,19,50.0
10109584DIASM_2025-03-26_G23,10109584DIASM,2025-03-26,"121651, 123344, 181057",3,36,25,2156.0
10109584DIASM_2025-03-26_G24,10109584DIASM,2025-03-26,123343,1,30,0,796.0
10109584DIASM_2025-03-26_G26,10109584DIASM,2025-03-26,123344,2,18,22,36.0
10109584DIASM_2025-03-26_G28,10109584DIASM,2025-03-26,123345,1,5,0,257.0
10109584DIASM_2025-03-26_G29,10109584DIASM,2025-03-26,123345,1,5,0,191.0
10109584DIASM_2025-03-26_G30,10109584DIASM,2025-03-26,123345,1,5,0,53.0
10109584DIASM_2025-03-26_G31,10109584DIASM,2025-03-26,123345,1,5,0,44.0
10109584DIASM_2025-03-26_G32,10109584DIASM,2025-03-26,123345,2,2,6,425.0
10109584DIASM_2025-03-26_G33,10109584DIASM,2025-03-26,124370,1,6,0,878.0
10109584DIASM_2025-03-26_G34,10109584DIASM,2025-03-26,123344,2,28,10,212.0
10109584DIASM_2025-03-26_G35,10109584DIASM,2025-03-26,121760,1,1,0,40.0
10109584DIASM_2025-03-26_G36,10109584DIASM,2025-03-26,"121651, 121760",2,21,21,128.0
10109584DIASM_2025-03-31_G02,10109584DIASM,2025-03-31,124486,1,18,0,691.0
10109584DIASM_2025-03-31_G03,10109584DIASM,2025-03-31,123343,1,8,0,568.0
10109584DIASM_2025-03-31_G04,10109584DIASM,2025-03-31,120389,1,23,0,484.0
10109584DIASM_2025-03-31_G05,10109584DIASM,2025-03-31,120389,1,2,0,88.0
10109584DIASM_2025-03-31_G06,10109584DIASM,2025-03-31,124486,1,6,0,163.0
10109584DIASM_2025-03-31_G07,10109584DIASM,2025-03-31,124486,1,12,0,275.0
10109584DIASM_2025-03-31_G08,10109584DIASM,2025-03-31,123032,1,8,0,171.0
10109584DIASM_2025-03-31_G09,10109584DIASM,2025-03-31,121760,1,2,0,144.0
10109584DIASM_2025-03-31_G10,10109584DIASM,2025-03-31,120339,1,4,0,124.0
10109584DIASM_2025-03-31_G11,10109584DIASM,2025-03-31,123153,1,8,0,373.0
10109584DIASM_2025-03-31_G12,10109584DIASM,2025-03-31,123032,1,24,0,320.0
10109584DIASM_2025-03-31_G13,10109584DIASM,2025-03-31,124248,1,2,0,97.0
10109584DIASM_2025-03-31_G14,10109584DIASM,2025-03-31,123032,1,92,0,886.0
10109584DIASM_2025-03-31_G15,10109584DIASM,2025-03-31,123032,1,4,0,95.0
10109584DIASM_2025-03-31_G16,10109584DIASM,2025-03-31,123492,1,26,0,354.0
10109584DIASM_2025-03-31_G17,10109584DIASM,2025-03-31,123032,1,6,0,112.0
10109584DIASM_2025-03-31_G18,10109584DIASM,2025-03-31,120339,1,25,0,316.0
10109584DIASM_2025-03-31_G19,10109584DIASM,2025-03-31,122185,1,13,0,432.0
10109584DIASM_2025-04-29_G02,10109584DIASM,2025-04-29,107892,1,1,0,818.0
10109584DIASM_2025-04-29_G03,10109584DIASM,2025-04-29,111430,1,2,0,105.0
10109584DIASM_2025-04-29_G04,10109584DIASM,2025-04-29,"111445, 111438",2,10,30,352.0
10109584DIASM_2025-04-29_G05,10109584DIASM,2025-04-29,118306,1,2,0,134.0
10109584DIASM_2025-04-29_G06,10109584DIASM,2025-04-29,117835,1,2,0,63.0
10109584DIASM_2025-04-29_G07,10109584DIASM,2025-04-29,111441,2,10,12,470.0
10109584DIASM_2025-04-29_G08,10109584DIASM,2025-04-29,118094,1,2,0,1125.0
10109584DIASM_2025-04-29_G09,10109584DIASM,2025-04-29,110756,1,1,0,271.0
10109584DIASM_2025-04-29_G10,10109584DIASM,2025-04-29,110313,1,12,0,470.0
10109584DIASM_2025-04-29_G11,10109584DIASM,2025-04-29,110733,1,5,0,91.0
10109584DIASM_2025-04-29_G12,10109584DIASM,2025-04-29,111650,1,4,0,283.0
10109584DIASM_2025-04-29_G13,10109584DIASM,2025-04-29,111530,1,10,0,222.0
10109584DIASM_2025-04-29_G14,10109584DIASM,2025-04-29,117853,1,16,0,284.0
10109584DIASM_2025-04-29_G15,10109584DIASM,2025-04-29,117855,1,4,0,126.0
10109584DIASM_2025-04-29_G16,10109584DIASM,2025-04-29,110515,1,5,0,262.0
10109584DIASM_2025-04-29_G18,10109584DIASM,2025-04-29,111602,1,16,0,633.0
10109584DIASM_2025-04-29_G19,10109584DIASM,2025-04-29,109640,1,4,0,376.0
10109584DIASM_2025-04-29_G20,10109584DIASM,2025-04-29,110711,1,1,0,117.0
10109584DIASM_2025-04-29_G21,10109584DIASM,2025-04-29,109640,1,5,0,38.0
10109584DIASM_2025-04-29_G22,10109584DIASM,2025-04-29,117820,1,10,0,462.0
10109584DIASM_2025-04-29_G23,10109584DIASM,2025-04-29,"110374, 117809, 118299",3,68,58,41.0
10109584DIASM_2025-04-29_G24,10109584DIASM,2025-04-29,110376,1,2,0,71.0
10109584DIASM_2025-04-29_G25,10109584DIASM,2025-04-29,117832,1,12,0,470.0
10109584DIASM_2025-05-14_G02,10109584DIASM,2025-05-14,124486,1,8,0,132.0
10109584DIASM_2025-05-14_G03,10109584DIASM,2025-05-14,121651,1,4,0,413.0
10109584DIASM_2025-05-14_G04,10109584DIASM,2025-05-14,123909,1,4,0,264.0
10109584DIASM_2025-05-14_G05,10109584DIASM,2025-05-14,122962,2,16,24,481.0
10109584DIASM_2025-05-14_G06,10109584DIASM,2025-05-14,123345,1,4,0,2786.0
10109584DIASM_2025-05-23_G02,10109584DIASM,2025-05-23,122962,1,25,0,312.0
10109584DIASM_2025-05-23_G03,10109584DIASM,2025-05-23,122962,1,50,0,235.0
10109584DIASM_2025-05-23_G04,10109584DIASM,2025-05-23,121651,1,40,0,524.0
10109584DIASM_2025-05-23_G05,10109584DIASM,2025-05-23,121651,1,50,0,536.0
10109584DIASM_2025-05-23_G06,10109584DIASM,2025-05-23,122988,1,4,0,84.0
10109584DIASM_2025-05-23_G07,10109584DIASM,2025-05-23,121760,1,6,0,228.0
10109584DIASM_2025-05-23_G08,10109584DIASM,2025-05-23,121760,1,60,0,1952.0
10109584DIASM_2025-05-23_G09,10109584DIASM,2025-05-23,123909,1,8,0,215.0
10109584DIASM_2025-05-23_G10,10109584DIASM,2025-05-23,123345,1,12,0,241.0
10109584DIASM_2025-05-24_G02,10109584DIASM,2025-05-24,122984,1,4,0,495.0
10109584DIASM_2025-05-24_G03,10109584DIASM,2025-05-24,124248,1,4,0,266.0
10109584DIASM_2025-05-24_G04,10109584DIASM,2025-05-24,122983,1,4,0,359.0
10109584DIASM_2025-05-24_G05,10109584DIASM,2025-05-24,120389,1,12,0,996.0
10109584DIASM_2025-05-24_G06,10109584DIASM,2025-05-24,123345,1,2,0,589.0
10109584DIASM_2025-05-24_G07,10109584DIASM,2025-05-24,122671,1,7,0,242.0
10109584DIASM_2025-05-24_G08,10109584DIASM,2025-05-24,122981,1,8,0,344.0
10109584DIASM_2025-05-24_G09,10109584DIASM,2025-05-24,121651,1,10,0,152.0
10109584DIASM_2025-05-24_G10,10109584DIASM,2025-05-24,124475,1,16,0,130.0
10109584DIASM_2025-05-24_G11,10109584DIASM,2025-05-24,124476,1,10,0,1085.0
10109584DIASM_2025-05-24_G12,10109584DIASM,2025-05-24,120339,1,6,0,269.0
10109584DIASM_2025-05-24_G13,10109584DIASM,2025-05-24,181280,1,2,0,491.0
10109584DIASM_2025-05-24_G14,10109584DIASM,2025-05-24,181887,1,4,0,203.0
10109584DIASM_2025-05-26_G02,10109584DIASM,2025-05-26,123345,1,4,0,327.0
10109584DIASM_2025-05-26_G03,10109584DIASM,2025-05-26,122962,1,4,0,95.0
10109584DIASM_2025-05-26_G04,10109584DIASM,2025-05-26,124247,1,60,0,893.0
10109584DIASM_2025-05-26_G05,10109584DIASM,2025-05-26,124264,1,30,0,162.0
10109584DIASM_2025-05-26_G06,10109584DIASM,2025-05-26,122962,1,24,0,1712.0
10109584DIASM_2025-05-26_G07,10109584DIASM,2025-05-26,122962,1,16,0,328.0
10109584DIASM_2025-05-26_G08,10109584DIASM,2025-05-26,122962,1,16,0,390.0
10109584DIASM_2025-05-26_G09,10109584DIASM,2025-05-26,120028,1,50,0,1602.0
10109584DIASM_2025-05-30_G02,10109584DIASM,2025-05-30,123345,1,13,0,122.0
10109584DIASM_2025-05-30_G03,10109584DIASM,2025-05-30,124475,1,4,0,1892.0
10109584DIASM_2025-05-30_G04,10109584DIASM,2025-05-30,121760,1,4,0,222.0
10109584DIASM_2025-05-30_G05,10109584DIASM,2025-05-30,124477,1,4,0,764.0
10109584DIASM_2025-05-30_G06,10109584DIASM,2025-05-30,"123345, 123344, 122984, 122985, 124247, 124486, 123948",7,83,105,1675.0
10109584DIASM_2025-05-30_G07,10109584DIASM,2025-05-30,122962,1,7,0,135.0
10109584DIASM_2025-05-30_G08,10109584DIASM,2025-05-30,122982,1,4,0,129.0
10109584DIASM_2025-05-30_G09,10109584DIASM,2025-05-30,122962,1,2,0,85.0
10109584DIASM_2025-05-30_G10,10109584DIASM,2025-05-30,121651,1,6,0,250.0
10109584DIASM_2025-05-30_G11,10109584DIASM,2025-05-30,123345,1,6,0,288.0
10109584DIASM_2025-05-30_G12,10109584DIASM,2025-05-30,123560,1,5,0,416.0
10109584DIASM_2025-05-30_G13,10109584DIASM,2025-05-30,121760,1,9,0,378.0
10109584DIASM_2025-05-30_G14,10109584DIASM,2025-05-30,122985,1,2,0,375.0
10109584DIASM_2025-05-30_G15,10109584DIASM,2025-05-30,124477,1,4,0,212.0
10109584DIASM_2025-05-30_G17,10109584DIASM,2025-05-30,123344,1,2,0,686.0
10109584DIASM_2025-05-30_G18,10109584DIASM,2025-05-30,121760,1,39,0,849.0
10109584DIASM_2025-05-30_G19,10109584DIASM,2025-05-30,123560,1,32,0,765.0
10109584DIASM_2025-05-30_G20,10109584DIASM,2025-05-30,122985,1,11,0,1177.0
10109584DIASM_2025-05-30_G21,10109584DIASM,2025-05-30,123560,1,6,0,590.0
10109584DIASM_2025-05-30_G22,10109584DIASM,2025-05-30,123560,1,2,0,77.0
10109584DIASM_2025-05-30_G23,10109584DIASM,2025-05-30,122984,1,8,0,316.0
10109584DIASM_2025-05-30_G24,10109584DIASM,2025-05-30,124371,1,16,0,836.0
10109584DIASM_2025-05-30_G25,10109584DIASM,2025-05-30,122985,1,4,0,189.0
10109584DIASM_2025-05-30_G26,10109584DIASM,2025-05-30,122985,1,1,0,89.0
10109584DIASM_2025-05-31_G02,10109584DIASM,2025-05-31,111850,1,1,0,150.0
10109584DIASM_2025-05-31_G03,10109584DIASM,2025-05-31,111330,1,2,0,154.0
10109584DIASM_2025-05-31_G04,10109584DIASM,2025-05-31,111602,1,24,0,1383.0
10109584DIASM_2025-05-31_G06,10109584DIASM,2025-05-31,117853,1,2,0,263.0
10109584DIASM_2025-05-31_G07,10109584DIASM,2025-05-31,109643,1,5,0,215.0
10109584DIASM_2025-05-31_G08,10109584DIASM,2025-05-31,110371,1,8,0,302.0
10109584DIASM_2025-05-31_G09,10109584DIASM,2025-05-31,110374,1,12,0,303.0
10109584DIASM_2025-05-31_G10,10109584DIASM,2025-05-31,"117837, 117862",2,4,16,1258.0
10109584DIASM_2025-05-31_G11,10109584DIASM,2025-05-31,117935,1,4,0,419.0
10109584DIASM_2025-05-31_G12,10109584DIASM,2025-05-31,117935,1,4,0,81.0
10109584DIASM_2025-05-31_G13,10109584DIASM,2025-05-31,111467,1,2,0,84.0
10109584DIASM_2025-05-31_G14,10109584DIASM,2025-05-31,111530,1,2,0,146.0
10109584DIASM_2025-05-31_G15,10109584DIASM,2025-05-31,110515,1,1,0,3275.0
10109584DIASM_2025-05-31_G16,10109584DIASM,2025-05-31,111743,1,3,0,585.0
10109584DIASM_2025-05-31_G17,10109584DIASM,2025-05-31,116241,1,2,0,133.0
10109584DIASM_2025-05-31_G18,10109584DIASM,2025-05-31,111463,1,4,0,175.0
10109584DIASM_2025-05-31_G19,10109584DIASM,2025-05-31,110745,1,2,0,66.0
10109584DIASM_2025-05-31_G20,10109584DIASM,2025-05-31,111466,1,6,0,77.0
10109584DIASM_2025-05-31_G21,10109584DIASM,2025-05-31,117831,1,1,0,210.0
10109584DIASM_2025-05-31_G22,10109584DIASM,2025-05-31,111172,1,4,0,107.0
10109584DIASM_2025-05-31_G23,10109584DIASM,2025-05-31,111532,2,8,10,117.0
10109584DIASM_2025-05-31_G24,10109584DIASM,2025-05-31,111465,1,1,0,180.0
10109584DIASM_2025-05-31_G25,10109584DIASM,2025-05-31,111469,1,4,0,684.0
10109584DIASM_2025-05-31_G26,10109584DIASM,2025-05-31,"117935, 111530",2,6,29,317.0
10109584DIASM_2025-05-31_G27,10109584DIASM,2025-05-31,160057,1,2,0,50.0
10109584DIASM_2025-05-31_G28,10109584DIASM,2025-05-31,117831,1,1,0,431.0
10109584DIASM_2025-05-31_G29,10109584DIASM,2025-05-31,"110787, 111465",2,4,25,43.0
10109584DIASM_2025-05-31_G30,10109584DIASM,2025-05-31,111469,1,6,0,960.0
10109584DIASM_2025-05-31_G32,10109584DIASM,2025-05-31,110895,1,4,0,238.0
10109584DIASM_2025-05-31_G33,10109584DIASM,2025-05-31,111438,1,1,0,95.0
10109584DIASM_2025-05-31_G34,10109584DIASM,2025-05-31,140922,1,1,0,90.0
10109584DIASM_2025-05-31_G35,10109584DIASM,2025-05-31,111465,1,1,0,38.0
10109584DIASM_2025-05-31_G36,10109584DIASM,2025-05-31,110371,1,4,0,1681.0
10109584DIASM_2025-05-31_G37,10109584DIASM,2025-05-31,111655,1,10,0,50.0
10109584DIASM_2025-05-31_G38,10109584DIASM,2025-05-31,110711,1,1,0,920.0
10109584DIASM_2025-07-31_G02,10109584DIASM,2025-07-31,121760,1,12,0,476.0
10109584DIASM_2025-07-31_G03,10109584DIASM,2025-07-31,122671,1,4,0,181.0
10109584DIASM_2025-07-31_G04,10109584DIASM,2025-07-31,"121651, 124486",2,4,28,222.0
10109584DIASM_2025-07-31_G05,10109584DIASM,2025-07-31,122983,1,2,0,66.0
10109584DIASM_2025-07-31_G06,10109584DIASM,2025-07-31,124476,1,4,0,129.0
10109584DIASM_2025-07-31_G07,10109584DIASM,2025-07-31,123345,1,20,0,447.0
10109584DIASM_2025-07-31_G09,10109584DIASM,2025-07-31,122671,1,2,0,162.0
10109584DIASM_2025-07-31_G11,10109584DIASM,2025-07-31,181887,1,2,0,254.0
10109584DIASM_2025-07-31_G12,10109584DIASM,2025-07-31,120339,1,3,0,84.0
10109584DIASM_2025-07-31_G13,10109584DIASM,2025-07-31,124248,1,4,0,70.0
10109584DIASM_2025-07-31_G14,10109584DIASM,2025-07-31,124371,1,12,0,542.0
10109584DIASM_2025-07-31_G15,10109584DIASM,2025-07-31,123343,1,4,0,671.0
10109584DIASM_2025-07-31_G16,10109584DIASM,2025-07-31,123345,1,2,0,1523.0
10109584DIASM_2025-07-31_G17,10109584DIASM,2025-07-31,122962,1,24,0,1530.0
10109584DIASM_2025-08-29_G02,10109584DIASM,2025-08-29,141352,1,5,0,65.0
10109584DIASM_2025-08-29_G03,10109584DIASM,2025-08-29,117854,1,3,0,367.0
10109584DIASM_2025-08-29_G04,10109584DIASM,2025-08-29,"117862, 117855",2,14,29,36.0
10109584DIASM_2025-08-29_G05,10109584DIASM,2025-08-29,"107629, 111876",2,9,26,49.0
10109584DIASM_2025-08-29_G06,10109584DIASM,2025-08-29,"117935, 117861, 109647",3,15,55,32.0
10109584DIASM_2025-08-29_G07,10109584DIASM,2025-08-29,110515,1,14,0,40.0
10109584DIASM_2025-08-29_G08,10109584DIASM,2025-08-29,"111435, 140922",2,8,26,2842.0
10109584DIASM_2025-08-29_G09,10109584DIASM,2025-08-29,111463,1,10,0,39.0
10109584DIASM_2025-08-29_G10,10109584DIASM,2025-08-29,"116241, 117785",2,18,24,36.0
10109584DIASM_2025-08-29_G11,10109584DIASM,2025-08-29,111443,1,10,0,33.0
10109584DIASM_2025-08-29_G12,10109584DIASM,2025-08-29,117787,1,10,0,34.0
10109584DIASM_2025-08-29_G13,10109584DIASM,2025-08-29,"117842, 141456",2,24,26,36.0
10109584DIASM_2025-08-29_G14,10109584DIASM,2025-08-29,109645,1,2,0,38.0
10109584DIASM_2025-08-29_G15,10109584DIASM,2025-08-29,"117831, 110740, 111465",3,30,52,45.0
10109584DIASM_2025-08-29_G17,10109584DIASM,2025-08-29,"117820, 110373",2,60,22,32.0
10109584DIASM_2025-08-29_G18,10109584DIASM,2025-08-29,110376,1,6,0,59.0
10109584DIASM_2025-08-29_G19,10109584DIASM,2025-08-29,"110371, 117830",2,30,25,65.0
10109584DIASM_2025-08-29_G21,10109584DIASM,2025-08-29,111441,1,12,0,149.0
10109584DIASM_2025-08-29_G22,10109584DIASM,2025-08-29,110755,1,8,0,710.0
10109584DIASM_2025-08-29_G23,10109584DIASM,2025-08-29,"111655, 110747, 111438, 111660",4,36,83,40.0
10109584DIASM_2025-08-29_G25,10109584DIASM,2025-08-29,110325,1,20,0,72.0
10109584DIASM_2025-08-29_G26,10109584DIASM,2025-08-29,"117809, 160051",2,24,26,46.0
10109584DIASM_2025-08-29_G27,10109584DIASM,2025-08-29,"117832, 141202",2,48,23,32.0
10109584DIASM_2025-08-29_G28,10109584DIASM,2025-08-29,"108711, 140922, 116241, 111443, 117833, 141823",6,56,93,2813.0
10109584DIASM_2025-08-29_G29,10109584DIASM,2025-08-29,117821,1,20,0,41.0
10109584DIASM_2025-08-29_G30,10109584DIASM,2025-08-29,111431,1,8,0,357.0
10109584DIASM_2025-08-29_G31,10109584DIASM,2025-08-29,"118140, 110745, 109641, 111433, 111444, 110740",6,73,111,33.0
10109584DIASM_2025-09-11_G02,10109584DIASM,2025-09-11,111441,1,8,0,88.0
10109584DIASM_2025-09-11_G03,10109584DIASM,2025-09-11,111438,1,8,0,40.0
10109584DIASM_2025-09-11_G04,10109584DIASM,2025-09-11,"111532, 117785",2,99,24,80.0
10109584DIASM_2025-09-11_G05,10109584DIASM,2025-09-11,111330,1,4,0,46.0
10109584DIASM_2025-09-11_G06,10109584DIASM,2025-09-11,140922,1,16,0,31.0
10109584DIASM_2025-09-11_G07,10109584DIASM,2025-09-11,"118299, 117809",2,321,21,46.0
10109584DIASM_2025-09-11_G08,10109584DIASM,2025-09-11,107830,1,8,0,38.0
10109584DIASM_2025-09-11_G09,10109584DIASM,2025-09-11,"110374, 110372",2,142,28,35.0
10109584DIASM_2025-09-11_G10,10109584DIASM,2025-09-11,117830,1,6,0,33.0
10109584DIASM_2025-09-11_G11,10109584DIASM,2025-09-11,110373,1,114,0,32.0
10109584DIASM_2025-09-12_G02,10109584DIASM,2025-09-12,110733,1,1,0,200.0
10109584DIASM_2025-09-12_G03,10109584DIASM,2025-09-12,117855,1,4,0,212.0
10109584DIASM_2025-09-12_G04,10109584DIASM,2025-09-12,111602,1,5,0,756.0
10109584DIASM_2025-09-12_G05,10109584DIASM,2025-09-12,110313,1,2,0,741.0
10109584DIASM_2025-09-12_G06,10109584DIASM,2025-09-12,110375,1,2,0,120.0
10109584DIASM_2025-09-12_G07,10109584DIASM,2025-09-12,117808,1,100,0,160.0
10109584DIASM_2025-09-12_G08,10109584DIASM,2025-09-12,117809,1,10,0,140.0
10109584DIASM_2025-09-12_G09,10109584DIASM,2025-09-12,118299,1,100,0,41.0
10109584DIASM_2025-09-26_G02,10109584DIASM,2025-09-26,141202,1,6,0,268.0
10109584DIASM_2025-09-26_G03,10109584DIASM,2025-09-26,140923,1,2,0,237.0
10109584DIASM_2025-09-26_G04,10109584DIASM,2025-09-26,117856,1,2,0,96.0
10109584DIASM_2025-09-26_G05,10109584DIASM,2025-09-26,110741,1,2,0,115.0
10109584DIASM_2025-09-26_G06,10109584DIASM,2025-09-26,117855,1,4,0,128.0
10109584DIASM_2025-09-26_G07,10109584DIASM,2025-09-26,141456,1,2,0,238.0
10109584DIASM_2025-09-26_G08,10109584DIASM,2025-09-26,111469,1,4,0,92.0
10109584DIASM_2025-09-26_G09,10109584DIASM,2025-09-26,118317,1,2,0,151.0
10109584DIASM_2025-09-26_G10,10109584DIASM,2025-09-26,111443,1,2,0,82.0
10109584DIASM_2025-09-26_G11,10109584DIASM,2025-09-26,140922,1,2,0,55.0
10109584DIASM_2025-09-26_G12,10109584DIASM,2025-09-26,111532,1,2,0,162.0
10109584DIASM_2025-09-26_G13,10109584DIASM,2025-09-26,111462,1,2,0,123.0
10109584DIASM_2025-09-26_G14,10109584DIASM,2025-09-26,111444,1,2,0,68.0
10109584DIASM_2025-09-26_G15,10109584DIASM,2025-09-26,117821,1,2,0,110.0
10109584DIASM_2025-09-26_G16,10109584DIASM,2025-09-26,118306,1,4,0,3233.0
10109584DIASM_2025-09-26_G17,10109584DIASM,2025-09-26,117788,1,2,0,481.0
10109584DIASM_2025-09-26_G18,10109584DIASM,2025-09-26,110733,1,1,0,129.0
10109584DIASM_2025-09-26_G19,10109584DIASM,2025-09-26,111469,1,4,0,116.0
10109584DIASM_2025-10-09_G02,10109584DIASM,2025-10-09,124486,1,40,0,779.0
10109584DIASM_2025-10-09_G03,10109584DIASM,2025-10-09,122962,1,24,0,776.0
10109584DIASM_2025-10-09_G04,10109584DIASM,2025-10-09,122671,1,10,0,271.0
10109584DIASM_2025-10-09_G05,10109584DIASM,2025-10-09,122647,1,20,0,610.0
10109584DIASM_2025-10-09_G06,10109584DIASM,2025-10-09,124247,1,28,0,863.0
10109584DIASM_2025-10-09_G07,10109584DIASM,2025-10-09,124248,1,12,0,231.0
10109584DIASM_2025-10-09_G08,10109584DIASM,2025-10-09,122984,1,50,0,2010.0
10109584DIASM_2025-10-09_G09,10109584DIASM,2025-10-09,123153,1,10,0,296.0
10109584DIASM_2025-10-09_G10,10109584DIASM,2025-10-09,120028,1,20,0,862.0
10109584DIASM_2025-10-09_G11,10109584DIASM,2025-10-09,122647,1,20,0,442.0
10109584DIASM_2025-10-09_G12,10109584DIASM,2025-10-09,122962,1,16,0,394.0
10109584DIASM_2025-10-09_G13,10109584DIASM,2025-10-09,124248,1,48,0,1224.0
10109584DIASM_2025-10-11_G02,10109584DIASM,2025-10-11,124248,1,30,0,601.0
10109584DIASM_2025-10-11_G03,10109584DIASM,2025-10-11,124475,1,26,0,460.0
10109584DIASM_2025-10-11_G04,10109584DIASM,2025-10-11,122984,1,60,0,1099.0
10109584DIASM_2025-10-11_G05,10109584DIASM,2025-10-11,122962,1,70,0,103.0
10109584DIASM_2025-10-11_G06,10109584DIASM,2025-10-11,123345,1,18,0,1122.0
10109584DIASM_2025-10-11_G07,10109584DIASM,2025-10-11,123343,1,30,0,501.0
10109584DIASM_2025-10-11_G08,10109584DIASM,2025-10-11,121760,1,43,0,1925.0
10109584DIASM_2025-10-11_G11,10109584DIASM,2025-10-11,122981,1,10,0,822.0
10109584DIASM_2025-10-11_G12,10109584DIASM,2025-10-11,121760,1,26,0,1135.0
10109584DIASM_2025-10-11_G13,10109584DIASM,2025-10-11,122983,1,34,0,583.0
10109584DIASM_2025-10-13_G02,10109584DIASM,2025-10-13,181057,1,8,0,411.0
10109584DIASM_2025-10-13_G03,10109584DIASM,2025-10-13,124548,1,20,0,1343.0
10109584DIASM_2025-10-13_G04,10109584DIASM,2025-10-13,124248,1,50,0,834.0
10109584DIASM_2025-10-13_G05,10109584DIASM,2025-10-13,122984,1,10,0,476.0
10109584DIASM_2025-10-13_G06,10109584DIASM,2025-10-13,124486,1,15,0,252.0
10109584DIASM_2025-10-13_G07,10109584DIASM,2025-10-13,122962,1,40,0,934.0
10109584DIASM_2025-10-13_G08,10109584DIASM,2025-10-13,123343,1,4,0,334.0
10109584DIASM_2025-10-13_G09,10109584DIASM,2025-10-13,124624,1,20,0,380.0
10109584DIASM_2025-10-13_G10,10109584DIASM,2025-10-13,124476,1,7,0,1293.0
10109584DIASM_2025-10-13_G11,10109584DIASM,2025-10-13,124475,1,7,0,616.0
10109584DIASM_2025-10-13_G12,10109584DIASM,2025-10-13,123344,1,5,0,1139.0
10109584DIASM_2025-10-13_G13,10109584DIASM,2025-10-13,123909,1,10,0,726.0
10109584DIASM_2025-10-13_G14,10109584DIASM,2025-10-13,124476,1,12,0,593.0
10109584DIASM_2025-10-13_G15,10109584DIASM,2025-10-13,122988,1,15,0,508.0
10109584DIASM_2025-10-13_G16,10109584DIASM,2025-10-13,122983,1,6,0,113.0
10109584DIASM_2025-10-13_G17,10109584DIASM,2025-10-13,122984,1,13,0,708.0
10109584DIASM_2025-10-13_G18,10109584DIASM,2025-10-13,122703,1,10,0,244.0
10109584DIASM_2025-10-13_G19,10109584DIASM,2025-10-13,123561,1,8,0,480.0
10109584DIASM_2025-10-13_G20,10109584DIASM,2025-10-13,124486,1,10,0,231.0
10109584DIASM_2025-10-13_G21,10109584DIASM,2025-10-13,123080,1,8,0,375.0
10109584DIASM_2025-10-28_G02,10109584DIASM,2025-10-28,123909,1,12,0,257.0
10109584DIASM_2025-10-28_G03,10109584DIASM,2025-10-28,123909,1,26,0,813.0
10109584DIASM_2025-10-28_G04,10109584DIASM,2025-10-28,122671,1,4,0,139.0
10109584DIASM_2025-11-30_G02,10109584DIASM,2025-11-30,122967,1,16,0,262.0
10109584DIASM_2025-11-30_G03,10109584DIASM,2025-11-30,122962,1,24,0,607.0
10109584DIASM_2025-11-30_G04,10109584DIASM,2025-11-30,120028,1,100,0,1262.0
10109584DIASM_2025-11-30_G05,10109584DIASM,2025-11-30,124486,1,8,0,346.0
10109584DIASM_2025-11-30_G06,10109584DIASM,2025-11-30,122962,1,6,0,180.0
10109584DIASM_2025-11-30_G07,10109584DIASM,2025-11-30,122185,1,6,0,182.0
10109584DIASM_2025-11-30_G08,10109584DIASM,2025-11-30,122962,1,20,0,253.0
10109584DIASM_2025-11-30_G09,10109584DIASM,2025-11-30,121923,1,4,0,726.0
10109584DIASM_2025-11-30_G10,10109584DIASM,2025-11-30,"124594, 122185",2,6,9,639.0
10109584DIASM_2025-11-30_G11,10109584DIASM,2025-11-30,122981,1,4,0,310.0
10109584DIASM_2025-11-30_G12,10109584DIASM,2025-11-30,124475,1,2,0,213.0
10109584DIASM_2025-11-30_G13,10109584DIASM,2025-11-30,124370,1,2,0,324.0
10109584DIASM_2025-11-30_G14,10109584DIASM,2025-11-30,122986,1,2,0,58.0
10109584DIASM_2025-11-30_G15,10109584DIASM,2025-11-30,123909,1,2,0,237.0
10109584DIASM_2025-11-30_G16,10109584DIASM,2025-11-30,123492,1,40,0,765.0
10109584DIASM_2025-11-30_G17,10109584DIASM,2025-11-30,122673,1,20,0,617.0
10109584DIASM_2025-11-30_G18,10109584DIASM,2025-11-30,124594,1,6,0,146.0
10109584DIASM_2025-11-30_G19,10109584DIASM,2025-11-30,123344,1,2,0,450.0
10109584DIASM_2025-11-30_G20,10109584DIASM,2025-11-30,124486,1,6,0,1380.0
10109584DIASM_2025-11-30_G21,10109584DIASM,2025-11-30,122962,1,8,0,249.0
10109584DIASM_2025-11-30_G22,10109584DIASM,2025-11-30,121651,1,12,0,944.0
10109584DIASM_2025-11-30_G23,10109584DIASM,2025-11-30,122984,1,20,0,1142.0
10109584DIASM_2025-11-30_G24,10109584DIASM,2025-11-30,122962,1,16,0,884.0
10109584DIASM_2025-11-30_G25,10109584DIASM,2025-11-30,122984,1,2,0,266.0
10109584DIASM_2025-11-30_G26,10109584DIASM,2025-11-30,124370,1,8,0,204.0
10109584DIASM_2025-11-30_G28,10109584DIASM,2025-11-30,122673,1,6,0,569.0
10109584DIASM_2025-11-30_G29,10109584DIASM,2025-11-30,124370,1,4,0,232.0
10109584DIASM_2025-12-12_G02,10109584DIASM,2025-12-12,123344,1,2,0,292.0
10109584DIASM_2025-12-12_G03,10109584DIASM,2025-12-12,120339,1,8,0,215.0
10109584DIASM_2025-12-12_G04,10109584DIASM,2025-12-12,124486,1,28,0,1038.0
10109584DIASM_2025-12-12_G05,10109584DIASM,2025-12-12,123153,1,8,0,372.0
10109584DIASM_2025-12-12_G06,10109584DIASM,2025-12-12,124264,1,2,0,449.0
10109584DIASM_2025-12-12_G07,10109584DIASM,2025-12-12,124486,1,4,0,334.0
10109584DIASM_2025-12-12_G08,10109584DIASM,2025-12-12,123343,1,2,0,346.0
10109584DIASM_2025-12-12_G09,10109584DIASM,2025-12-12,122962,1,18,0,708.0
10109584DIASM_2025-12-12_G10,10109584DIASM,2025-12-12,124486,1,12,0,558.0
10109584DIASM_2025-12-12_G11,10109584DIASM,2025-12-12,122981,1,1,0,154.0
10109584DIASM_2025-12-12_G12,10109584DIASM,2025-12-12,122986,1,6,0,186.0
10109584DIASM_2026-01-23_G02,10109584DIASM,2026-01-23,122988,1,6,0,269.0
10109584DIASM_2026-01-23_G03,10109584DIASM,2026-01-23,122984,1,10,0,800.0
10109584DIASM_2026-01-23_G04,10109584DIASM,2026-01-23,124486,1,8,0,69.0
10109584DIASM_2026-01-30_G02,10109584DIASM,2026-01-30,117835,1,12,0,316.0
10109584DIASM_2026-01-30_G03,10109584DIASM,2026-01-30,111569,1,8,0,293.0
10109584DIASM_2026-01-30_G04,10109584DIASM,2026-01-30,111530,1,40,0,915.0
10109584DIASM_2026-01-30_G05,10109584DIASM,2026-01-30,111530,1,40,0,280.0
10109584DIASM_2026-01-30_G06,10109584DIASM,2026-01-30,140923,1,50,0,914.0
10109584DIASM_2026-01-30_G07,10109584DIASM,2026-01-30,141166,1,8,0,153.0
10109584DIASM_2026-01-30_G08,10109584DIASM,2026-01-30,141166,1,8,0,93.0
10109584DIASM_2026-01-30_G09,10109584DIASM,2026-01-30,109647,1,10,0,275.0
10109584DIASM_2026-01-30_G10,10109584DIASM,2026-01-30,109641,1,4,0,443.0
10109584DIASM_2026-01-30_G11,10109584DIASM,2026-01-30,105705,1,12,0,285.0
10109584DIASM_2026-01-30_G12,10109584DIASM,2026-01-30,111330,1,5,0,192.0
10109584DIASM_2026-01-30_G13,10109584DIASM,2026-01-30,111330,1,1,0,49.0
10109584DIASM_2026-01-30_G14,10109584DIASM,2026-01-30,116241,1,11,0,246.0
10109584DIASM_2026-01-30_G15,10109584DIASM,2026-01-30,111463,1,30,0,140.0
10109584DIASM_2026-01-30_G16,10109584DIASM,2026-01-30,141457,1,50,0,115.0
10109584DIASM_2026-01-30_G17,10109584DIASM,2026-01-30,"141458, 117785",2,80,23,38.0
10109584DIASM_2026-01-30_G19,10109584DIASM,2026-01-30,117832,1,20,0,809.0
10109584DIASM_2026-01-30_G20,10109584DIASM,2026-01-30,117808,1,300,0,855.0
10109584DIASM_2026-02-20_G02,10109584DIASM,2026-02-20,120028,1,50,0,1654.0
10109584DIASM_2026-02-20_G03,10109584DIASM,2026-02-20,123153,1,8,0,263.0
10109584DIASM_2026-02-20_G04,10109584DIASM,2026-02-20,123562,1,13,0,176.0
10109584DIASM_2026-02-20_G05,10109584DIASM,2026-02-20,121923,1,20,0,524.0
10109584DIASM_2026-02-20_G06,10109584DIASM,2026-02-20,123822,1,26,0,636.0
10109584DIASM_2026-02-20_G07,10109584DIASM,2026-02-20,122962,1,16,0,934.0
10109584DIASM_2026-02-20_G08,10109584DIASM,2026-02-20,120389,1,6,0,358.0
10109584DIASM_2026-02-20_G09,10109584DIASM,2026-02-20,122984,1,30,0,630.0
10109584DIASM_2026-02-20_G10,10109584DIASM,2026-02-20,124248,1,6,0,168.0
10109584DIASM_2026-02-20_G11,10109584DIASM,2026-02-20,122962,1,20,0,528.0
10109584DIASM_2026-02-20_G12,10109584DIASM,2026-02-20,122984,1,24,0,2053.0
10109584DIASM_2026-02-28_G02,10109584DIASM,2026-02-28,123889,1,8,0,1313.0
10109584DIASM_2026-02-28_G03,10109584DIASM,2026-02-28,122962,1,28,0,444.0
10109584DIASM_2026-02-28_G04,10109584DIASM,2026-02-28,"122962, 122671",2,20,10,393.0
10109584DIASM_2026-02-28_G05,10109584DIASM,2026-02-28,"120028, 122185",2,33,12,515.0
10109584DIASM_2026-02-28_G06,10109584DIASM,2026-02-28,123909,1,8,0,227.0
10109584DIASM_2026-02-28_G07,10109584DIASM,2026-02-28,123909,1,6,0,78.0
10109584DIASM_2026-02-28_G08,10109584DIASM,2026-02-28,123521,1,2,0,131.0
10109584DIASM_2026-02-28_G09,10109584DIASM,2026-02-28,124248,2,9,8,186.0
10109584DIASM_2026-02-28_G10,10109584DIASM,2026-02-28,181057,1,18,0,259.0
10109584DIASM_2026-02-28_G11,10109584DIASM,2026-02-28,180098,1,1,0,1895.0
10109584DIASM_2026-02-28_G12,10109584DIASM,2026-02-28,123313,1,20,0,182.0
10109590SILVAA_2025-01-02_G02,10109590SILVAA,2025-01-02,122962,1,5,0,157.0
10109590SILVAA_2025-01-02_G03,10109590SILVAA,2025-01-02,122962,1,5,0,57.0
10109590SILVAA_2025-01-02_G04,10109590SILVAA,2025-01-02,123080,1,30,0,1051.0
10109590SILVAA_2025-01-02_G05,10109590SILVAA,2025-01-02,122647,1,48,0,919.0
10109590SILVAA_2025-01-09_G02,10109590SILVAA,2025-01-09,124247,1,10,0,486.0
10109590SILVAA_2025-01-09_G03,10109590SILVAA,2025-01-09,122962,1,30,0,290.0
10109590SILVAA_2025-01-09_G04,10109590SILVAA,2025-01-09,180169,1,1,0,291.0
10109590SILVAA_2025-01-09_G05,10109590SILVAA,2025-01-09,180168,1,2,0,389.0
10109590SILVAA_2025-01-09_G06,10109590SILVAA,2025-01-09,123907,1,25,0,438.0
10109590SILVAA_2025-01-09_G07,10109590SILVAA,2025-01-09,122673,1,2,0,82.0
10109590SILVAA_2025-01-09_G08,10109590SILVAA,2025-01-09,122985,1,12,0,313.0
10109590SILVAA_2025-01-09_G09,10109590SILVAA,2025-01-09,124248,1,16,0,230.0
10109590SILVAA_2025-01-09_G10,10109590SILVAA,2025-01-09,120028,1,8,0,384.0
10109590SILVAA_2025-01-09_G11,10109590SILVAA,2025-01-09,122982,1,4,0,138.0
10109590SILVAA_2025-01-09_G12,10109590SILVAA,2025-01-09,123907,1,2,0,83.0
10109590SILVAA_2025-01-09_G13,10109590SILVAA,2025-01-09,122673,1,30,0,598.0
10109590SILVAA_2025-01-09_G14,10109590SILVAA,2025-01-09,122962,1,8,0,223.0
10109590SILVAA_2025-01-09_G15,10109590SILVAA,2025-01-09,122671,1,8,0,247.0
10109590SILVAA_2025-01-09_G16,10109590SILVAA,2025-01-09,122986,1,6,0,176.0
10109590SILVAA_2025-01-09_G17,10109590SILVAA,2025-01-09,123909,1,6,0,234.0
10109590SILVAA_2025-01-09_G18,10109590SILVAA,2025-01-09,124247,1,30,0,1012.0
10109590SILVAA_2025-01-09_G19,10109590SILVAA,2025-01-09,122673,1,20,0,193.0
10109590SILVAA_2025-01-09_G20,10109590SILVAA,2025-01-09,122671,1,10,0,341.0
10109590SILVAA_2025-01-09_G21,10109590SILVAA,2025-01-09,122673,1,40,0,935.0
10109590SILVAA_2025-01-10_G02,10109590SILVAA,2025-01-10,122962,1,8,0,205.0
10109590SILVAA_2025-01-10_G03,10109590SILVAA,2025-01-10,122986,1,6,0,136.0
10109590SILVAA_2025-01-10_G04,10109590SILVAA,2025-01-10,122984,1,8,0,167.0
10109590SILVAA_2025-01-10_G05,10109590SILVAA,2025-01-10,123907,1,8,0,63.0
10109590SILVAA_2025-01-10_G06,10109590SILVAA,2025-01-10,122988,1,6,0,685.0
10109590SILVAA_2025-01-10_G07,10109590SILVAA,2025-01-10,123343,1,2,0,714.0
10109590SILVAA_2025-01-10_G08,10109590SILVAA,2025-01-10,122962,1,100,0,1349.0
10109590SILVAA_2025-01-10_G09,10109590SILVAA,2025-01-10,122986,1,2,0,204.0
10109590SILVAA_2025-01-10_G10,10109590SILVAA,2025-01-10,124248,1,2,0,80.0
10109590SILVAA_2025-01-10_G11,10109590SILVAA,2025-01-10,"122188, 122988",2,4,22,193.0
10109590SILVAA_2025-01-10_G12,10109590SILVAA,2025-01-10,123907,1,100,0,2509.0
10109590SILVAA_2025-01-10_G13,10109590SILVAA,2025-01-10,122673,1,30,0,425.0
10109590SILVAA_2025-01-10_G14,10109590SILVAA,2025-01-10,123343,1,9,0,219.0
10109590SILVAA_2025-01-10_G15,10109590SILVAA,2025-01-10,123343,1,21,0,188.0
10109590SILVAA_2025-01-10_G16,10109590SILVAA,2025-01-10,122962,1,40,0,370.0
10109590SILVAA_2025-01-10_G17,10109590SILVAA,2025-01-10,123343,1,5,0,108.0
10109590SILVAA_2025-01-10_G18,10109590SILVAA,2025-01-10,122673,1,10,0,212.0
10109590SILVAA_2025-01-10_G19,10109590SILVAA,2025-01-10,124248,1,4,0,1262.0
10109590SILVAA_2025-01-10_G20,10109590SILVAA,2025-01-10,124248,1,2,0,304.0
10109590SILVAA_2025-01-10_G21,10109590SILVAA,2025-01-10,123081,1,12,0,349.0
10109590SILVAA_2025-01-10_G22,10109590SILVAA,2025-01-10,123909,1,2,0,117.0
10109590SILVAA_2025-01-10_G23,10109590SILVAA,2025-01-10,123909,1,2,0,47.0
10109590SILVAA_2025-01-10_G24,10109590SILVAA,2025-01-10,123345,1,6,0,223.0
10109590SILVAA_2025-01-10_G26,10109590SILVAA,2025-01-10,124433,1,2,0,501.0
10109590SILVAA_2025-01-10_G27,10109590SILVAA,2025-01-10,123947,1,6,0,444.0
10109590SILVAA_2025-01-10_G28,10109590SILVAA,2025-01-10,124248,1,25,0,407.0
10109590SILVAA_2025-01-10_G29,10109590SILVAA,2025-01-10,122703,1,4,0,1570.0
10109590SILVAA_2025-01-10_G30,10109590SILVAA,2025-01-10,122984,1,4,0,83.0
10109590SILVAA_2025-01-10_G31,10109590SILVAA,2025-01-10,124433,1,6,0,261.0
10109590SILVAA_2025-01-10_G32,10109590SILVAA,2025-01-10,122985,1,4,0,105.0
10109590SILVAA_2025-01-10_G33,10109590SILVAA,2025-01-10,123822,1,10,0,531.0
10109590SILVAA_2025-01-10_G34,10109590SILVAA,2025-01-10,123907,1,10,0,211.0
10109590SILVAA_2025-01-10_G35,10109590SILVAA,2025-01-10,123947,1,4,0,212.0
10109590SILVAA_2025-01-10_G36,10109590SILVAA,2025-01-10,124247,1,2,0,202.0
10109590SILVAA_2025-01-10_G37,10109590SILVAA,2025-01-10,122673,1,18,0,726.0
10109590SILVAA_2025-01-10_G38,10109590SILVAA,2025-01-10,122705,1,8,0,187.0
10109590SILVAA_2025-01-10_G39,10109590SILVAA,2025-01-10,121760,1,5,0,149.0
10109590SILVAA_2025-01-10_G40,10109590SILVAA,2025-01-10,123153,1,2,0,85.0
10109590SILVAA_2025-01-10_G41,10109590SILVAA,2025-01-10,123947,1,4,0,190.0
10109590SILVAA_2025-01-10_G42,10109590SILVAA,2025-01-10,122962,1,120,0,1615.0
10109590SILVAA_2025-01-13_G02,10109590SILVAA,2025-01-13,123343,1,4,0,401.0
10109590SILVAA_2025-01-13_G03,10109590SILVAA,2025-01-13,123345,1,2,0,179.0
10109590SILVAA_2025-01-13_G04,10109590SILVAA,2025-01-13,123344,1,4,0,239.0
10109590SILVAA_2025-01-13_G05,10109590SILVAA,2025-01-13,122671,3,6,26,118.0
10109590SILVAA_2025-01-13_G06,10109590SILVAA,2025-01-13,123907,1,2,0,388.0
10109590SILVAA_2025-01-13_G07,10109590SILVAA,2025-01-13,122983,1,8,0,439.0
10109590SILVAA_2025-01-13_G08,10109590SILVAA,2025-01-13,120389,1,10,0,392.0
10109590SILVAA_2025-01-13_G09,10109590SILVAA,2025-01-13,123911,1,6,0,136.0
10109590SILVAA_2025-01-13_G10,10109590SILVAA,2025-01-13,123345,1,1,0,184.0
10109590SILVAA_2025-01-13_G11,10109590SILVAA,2025-01-13,123313,1,2,0,88.0
10109590SILVAA_2025-01-13_G12,10109590SILVAA,2025-01-13,123907,1,20,0,403.0
10109590SILVAA_2025-01-13_G13,10109590SILVAA,2025-01-13,122962,1,10,0,694.0
10109590SILVAA_2025-01-13_G14,10109590SILVAA,2025-01-13,122647,1,10,0,238.0
10109590SILVAA_2025-01-13_G15,10109590SILVAA,2025-01-13,122962,1,26,0,338.0
10109590SILVAA_2025-01-13_G16,10109590SILVAA,2025-01-13,124248,1,30,0,286.0
10109590SILVAA_2025-01-13_G17,10109590SILVAA,2025-01-13,122647,1,11,0,392.0
10109590SILVAA_2025-01-13_G18,10109590SILVAA,2025-01-13,123907,1,10,0,442.0
10109590SILVAA_2025-01-13_G19,10109590SILVAA,2025-01-13,122962,1,8,0,164.0
10109590SILVAA_2025-01-13_G20,10109590SILVAA,2025-01-13,120389,1,20,0,614.0
10109590SILVAA_2025-01-13_G21,10109590SILVAA,2025-01-13,122671,1,10,0,252.0
10109590SILVAA_2025-01-13_G22,10109590SILVAA,2025-01-13,122673,1,40,0,2114.0
10109590SILVAA_2025-01-13_G23,10109590SILVAA,2025-01-13,121760,1,5,0,118.0
10109590SILVAA_2025-01-13_G24,10109590SILVAA,2025-01-13,122962,1,40,0,386.0
10109590SILVAA_2025-01-13_G25,10109590SILVAA,2025-01-13,123909,1,20,0,308.0
10109590SILVAA_2025-01-13_G26,10109590SILVAA,2025-01-13,123907,1,40,0,438.0
10109590SILVAA_2025-01-14_G02,10109590SILVAA,2025-01-14,114671,1,4,0,79.0
10109590SILVAA_2025-01-14_G03,10109590SILVAA,2025-01-14,122962,1,17,0,3038.0
10109590SILVAA_2025-01-14_G04,10109590SILVAA,2025-01-14,123909,1,4,0,77.0
10109590SILVAA_2025-01-14_G05,10109590SILVAA,2025-01-14,123822,1,7,0,207.0
10109590SILVAA_2025-01-14_G06,10109590SILVAA,2025-01-14,123907,1,24,0,771.0
10109590SILVAA_2025-01-14_G07,10109590SILVAA,2025-01-14,123889,1,4,0,89.0
10109590SILVAA_2025-01-14_G08,10109590SILVAA,2025-01-14,123947,1,4,0,340.0
10109590SILVAA_2025-01-14_G09,10109590SILVAA,2025-01-14,123344,1,2,0,238.0
10109590SILVAA_2025-01-14_G10,10109590SILVAA,2025-01-14,120339,1,2,0,82.0
10109590SILVAA_2025-01-14_G11,10109590SILVAA,2025-01-14,122985,1,4,0,180.0
10109590SILVAA_2025-01-15_G02,10109590SILVAA,2025-01-15,124248,1,4,0,231.0
10109590SILVAA_2025-01-15_G03,10109590SILVAA,2025-01-15,122983,1,3,0,167.0
10109590SILVAA_2025-01-15_G04,10109590SILVAA,2025-01-15,122985,1,6,0,102.0
10109590SILVAA_2025-01-15_G05,10109590SILVAA,2025-01-15,123345,1,4,0,112.0
10109590SILVAA_2025-01-15_G06,10109590SILVAA,2025-01-15,123911,1,60,0,1647.0
10109590SILVAA_2025-01-15_G07,10109590SILVAA,2025-01-15,120389,1,10,0,517.0
10109590SILVAA_2025-01-15_G08,10109590SILVAA,2025-01-15,122984,1,4,0,197.0
10109590SILVAA_2025-01-15_G09,10109590SILVAA,2025-01-15,122984,1,16,0,442.0
10109590SILVAA_2025-01-15_G10,10109590SILVAA,2025-01-15,123909,1,6,0,223.0
10109590SILVAA_2025-01-15_G11,10109590SILVAA,2025-01-15,122185,1,6,0,222.0
10109590SILVAA_2025-01-15_G12,10109590SILVAA,2025-01-15,124248,1,4,0,96.0
10109590SILVAA_2025-01-15_G13,10109590SILVAA,2025-01-15,121651,1,4,0,180.0
10109590SILVAA_2025-01-15_G14,10109590SILVAA,2025-01-15,122985,1,12,0,374.0
10109590SILVAA_2025-01-15_G15,10109590SILVAA,2025-01-15,123345,1,4,0,122.0
10109590SILVAA_2025-01-15_G16,10109590SILVAA,2025-01-15,122647,1,4,0,289.0
10109590SILVAA_2025-01-15_G17,10109590SILVAA,2025-01-15,122962,1,24,0,749.0
10109590SILVAA_2025-01-15_G18,10109590SILVAA,2025-01-15,122647,1,16,0,1879.0
10109590SILVAA_2025-01-15_G19,10109590SILVAA,2025-01-15,180024,1,1,0,199.0
10109590SILVAA_2025-01-15_G20,10109590SILVAA,2025-01-15,180024,1,1,0,174.0
10109590SILVAA_2025-01-15_G21,10109590SILVAA,2025-01-15,180024,1,1,0,416.0
10109590SILVAA_2025-01-15_G22,10109590SILVAA,2025-01-15,180024,1,1,0,410.0
10109590SILVAA_2025-01-15_G23,10109590SILVAA,2025-01-15,122984,1,110,0,2603.0
10109590SILVAA_2025-01-15_G24,10109590SILVAA,2025-01-15,124247,1,30,0,326.0
10109590SILVAA_2025-01-15_G25,10109590SILVAA,2025-01-15,123344,1,2,0,278.0
10109590SILVAA_2025-01-15_G26,10109590SILVAA,2025-01-15,122984,1,10,0,376.0
10109590SILVAA_2025-01-15_G27,10109590SILVAA,2025-01-15,123909,1,8,0,122.0
10109590SILVAA_2025-01-15_G28,10109590SILVAA,2025-01-15,122983,1,4,0,73.0
10109590SILVAA_2025-01-15_G29,10109590SILVAA,2025-01-15,122962,1,19,0,316.0
10109590SILVAA_2025-01-15_G30,10109590SILVAA,2025-01-15,122962,1,48,0,560.0
10109590SILVAA_2025-01-15_G31,10109590SILVAA,2025-01-15,122982,1,5,0,167.0
10109590SILVAA_2025-01-15_G32,10109590SILVAA,2025-01-15,123907,1,15,0,331.0
10109590SILVAA_2025-01-15_G33,10109590SILVAA,2025-01-15,122988,1,6,0,296.0
10109590SILVAA_2025-01-15_G34,10109590SILVAA,2025-01-15,123344,1,8,0,259.0
10109590SILVAA_2025-01-15_G35,10109590SILVAA,2025-01-15,123080,1,8,0,165.0
10109590SILVAA_2025-01-15_G36,10109590SILVAA,2025-01-15,122986,1,6,0,142.0
10109590SILVAA_2025-01-15_G37,10109590SILVAA,2025-01-15,123909,1,7,0,63.0
10109590SILVAA_2025-01-15_G38,10109590SILVAA,2025-01-15,122982,1,20,0,332.0
10109590SILVAA_2025-01-15_G39,10109590SILVAA,2025-01-15,121651,1,20,0,289.0
10109590SILVAA_2025-01-15_G40,10109590SILVAA,2025-01-15,124370,1,15,0,306.0
10109590SILVAA_2025-01-15_G41,10109590SILVAA,2025-01-15,124247,1,4,0,85.0
10109590SILVAA_2025-01-15_G42,10109590SILVAA,2025-01-15,120028,1,6,0,107.0
10109590SILVAA_2025-01-15_G43,10109590SILVAA,2025-01-15,122703,1,9,0,259.0
10109590SILVAA_2025-01-15_G44,10109590SILVAA,2025-01-15,122962,1,10,0,232.0
10109590SILVAA_2025-01-15_G45,10109590SILVAA,2025-01-15,123907,1,4,0,82.0
10109590SILVAA_2025-01-15_G46,10109590SILVAA,2025-01-15,122962,1,24,0,340.0
10109590SILVAA_2025-01-15_G48,10109590SILVAA,2025-01-15,123909,1,10,0,470.0
10109590SILVAA_2025-01-15_G49,10109590SILVAA,2025-01-15,123907,1,3,0,69.0
10109590SILVAA_2025-01-15_G50,10109590SILVAA,2025-01-15,122671,1,4,0,247.0
10109590SILVAA_2025-01-15_G51,10109590SILVAA,2025-01-15,123153,1,40,0,2511.0
10109590SILVAA_2025-01-15_G52,10109590SILVAA,2025-01-15,122671,1,8,0,224.0
10109590SILVAA_2025-01-15_G53,10109590SILVAA,2025-01-15,124371,1,5,0,66.0
10109590SILVAA_2025-01-15_G54,10109590SILVAA,2025-01-15,123909,1,5,0,119.0
10109590SILVAA_2025-01-15_G55,10109590SILVAA,2025-01-15,122705,1,2,0,139.0
10109590SILVAA_2025-01-15_G56,10109590SILVAA,2025-01-15,121651,1,30,0,747.0
10109590SILVAA_2025-01-15_G57,10109590SILVAA,2025-01-15,124370,1,4,0,90.0
10109590SILVAA_2025-01-15_G58,10109590SILVAA,2025-01-15,124264,1,8,0,232.0
10109590SILVAA_2025-01-15_G59,10109590SILVAA,2025-01-15,122703,1,2,0,80.0
10109590SILVAA_2025-01-15_G60,10109590SILVAA,2025-01-15,122962,1,5,0,118.0
10109590SILVAA_2025-01-15_G61,10109590SILVAA,2025-01-15,123345,1,3,0,123.0
10109590SILVAA_2025-01-15_G62,10109590SILVAA,2025-01-15,123343,1,3,0,161.0
10109590SILVAA_2025-01-15_G63,10109590SILVAA,2025-01-15,122962,1,36,0,652.0
10109590SILVAA_2025-01-15_G64,10109590SILVAA,2025-01-15,123908,1,8,0,177.0
10109590SILVAA_2025-01-15_G65,10109590SILVAA,2025-01-15,122962,1,16,0,259.0
10109590SILVAA_2025-01-15_G66,10109590SILVAA,2025-01-15,123153,1,4,0,217.0
10109590SILVAA_2025-01-16_G02,10109590SILVAA,2025-01-16,122986,1,6,0,89.0
10109590SILVAA_2025-01-16_G03,10109590SILVAA,2025-01-16,122185,1,32,0,453.0
10109590SILVAA_2025-01-16_G04,10109590SILVAA,2025-01-16,122988,1,4,0,111.0
10109590SILVAA_2025-01-16_G05,10109590SILVAA,2025-01-16,122962,1,20,0,326.0
10109590SILVAA_2025-01-16_G06,10109590SILVAA,2025-01-16,123907,1,14,0,382.0
10109590SILVAA_2025-01-16_G07,10109590SILVAA,2025-01-16,121760,1,35,0,922.0
10109590SILVAA_2025-01-16_G08,10109590SILVAA,2025-01-16,123345,1,6,0,129.0
10109590SILVAA_2025-01-16_G09,10109590SILVAA,2025-01-16,123153,1,12,0,687.0
10109590SILVAA_2025-01-16_G10,10109590SILVAA,2025-01-16,123153,1,10,0,168.0
10109590SILVAA_2025-01-16_G11,10109590SILVAA,2025-01-16,123153,1,18,0,322.0
10109590SILVAA_2025-01-16_G12,10109590SILVAA,2025-01-16,123889,1,4,0,129.0
10109590SILVAA_2025-01-16_G13,10109590SILVAA,2025-01-16,124247,1,20,0,469.0
10109590SILVAA_2025-01-16_G14,10109590SILVAA,2025-01-16,122962,1,24,0,1531.0
10109590SILVAA_2025-01-16_G15,10109590SILVAA,2025-01-16,123907,1,84,0,2703.0
10109590SILVAA_2025-01-16_G16,10109590SILVAA,2025-01-16,122962,1,20,0,319.0
10109590SILVAA_2025-01-16_G17,10109590SILVAA,2025-01-16,122647,1,20,0,651.0
10109590SILVAA_2025-01-16_G18,10109590SILVAA,2025-01-16,123344,1,6,0,208.0
10109590SILVAA_2025-01-16_G19,10109590SILVAA,2025-01-16,122984,1,2,0,76.0
10109590SILVAA_2025-01-16_G20,10109590SILVAA,2025-01-16,123561,1,2,0,52.0
10109590SILVAA_2025-01-16_G21,10109590SILVAA,2025-01-16,123909,1,2,0,35.0
10109590SILVAA_2025-01-16_G22,10109590SILVAA,2025-01-16,122705,1,2,0,106.0
10109590SILVAA_2025-01-16_G23,10109590SILVAA,2025-01-16,124370,1,2,0,223.0
10109590SILVAA_2025-01-16_G24,10109590SILVAA,2025-01-16,123345,1,4,0,115.0
10109590SILVAA_2025-01-16_G25,10109590SILVAA,2025-01-16,124247,1,10,0,235.0
10109590SILVAA_2025-01-16_G26,10109590SILVAA,2025-01-16,122185,1,2,0,295.0
10109590SILVAA_2025-01-16_G27,10109590SILVAA,2025-01-16,122185,1,3,0,165.0
10109590SILVAA_2025-01-16_G28,10109590SILVAA,2025-01-16,123909,1,10,0,116.0
10109590SILVAA_2025-01-16_G29,10109590SILVAA,2025-01-16,123345,1,4,0,152.0
10109590SILVAA_2025-01-16_G30,10109590SILVAA,2025-01-16,123153,1,60,0,922.0
10109590SILVAA_2025-01-16_G32,10109590SILVAA,2025-01-16,124264,1,20,0,365.0
10109590SILVAA_2025-01-16_G33,10109590SILVAA,2025-01-16,121651,1,12,0,228.0
10109590SILVAA_2025-01-16_G34,10109590SILVAA,2025-01-16,120389,1,2,0,61.0
10109590SILVAA_2025-01-16_G35,10109590SILVAA,2025-01-16,120339,1,4,0,104.0
10109590SILVAA_2025-01-16_G36,10109590SILVAA,2025-01-16,122703,1,4,0,109.0
10109590SILVAA_2025-01-16_G37,10109590SILVAA,2025-01-16,122962,1,17,0,217.0
10109590SILVAA_2025-01-16_G38,10109590SILVAA,2025-01-16,122982,1,20,0,1049.0
10109590SILVAA_2025-01-16_G39,10109590SILVAA,2025-01-16,124247,1,12,0,730.0
10109590SILVAA_2025-01-16_G40,10109590SILVAA,2025-01-16,120028,1,20,0,722.0
10109590SILVAA_2025-01-16_G41,10109590SILVAA,2025-01-16,124370,1,18,0,623.0
10109590SILVAA_2025-01-16_G42,10109590SILVAA,2025-01-16,123313,1,80,0,932.0
10109590SILVAA_2025-01-17_G02,10109590SILVAA,2025-01-17,123909,1,3,0,53.0
10109590SILVAA_2025-01-17_G03,10109590SILVAA,2025-01-17,122185,1,18,0,370.0
10109590SILVAA_2025-01-17_G04,10109590SILVAA,2025-01-17,122983,1,4,0,117.0
10109590SILVAA_2025-01-17_G05,10109590SILVAA,2025-01-17,123907,1,3,0,170.0
10109590SILVAA_2025-01-17_G06,10109590SILVAA,2025-01-17,122195,1,3,0,299.0
10109590SILVAA_2025-01-17_G07,10109590SILVAA,2025-01-17,124371,1,4,0,159.0
10109590SILVAA_2025-01-17_G08,10109590SILVAA,2025-01-17,181057,1,4,0,264.0
10109590SILVAA_2025-01-17_G09,10109590SILVAA,2025-01-17,123343,1,6,0,271.0
10109590SILVAA_2025-01-17_G10,10109590SILVAA,2025-01-17,122673,1,8,0,500.0
10109590SILVAA_2025-01-17_G11,10109590SILVAA,2025-01-17,122671,1,16,0,475.0
10109590SILVAA_2025-01-17_G12,10109590SILVAA,2025-01-17,122962,1,4,0,1841.0
10109590SILVAA_2025-01-17_G13,10109590SILVAA,2025-01-17,124248,1,64,0,1594.0
10109590SILVAA_2025-01-17_G14,10109590SILVAA,2025-01-17,122647,1,36,0,558.0
10109590SILVAA_2025-01-17_G15,10109590SILVAA,2025-01-17,122984,1,15,0,572.0
10109590SILVAA_2025-01-17_G16,10109590SILVAA,2025-01-17,124248,1,3,0,41.0
10109590SILVAA_2025-01-17_G17,10109590SILVAA,2025-01-17,"122983, 122984",2,12,26,94.0
10109590SILVAA_2025-01-17_G18,10109590SILVAA,2025-01-17,122962,1,11,0,526.0
10109590SILVAA_2025-01-17_G19,10109590SILVAA,2025-01-17,124264,1,20,0,1317.0
10109590SILVAA_2025-01-17_G20,10109590SILVAA,2025-01-17,123345,1,6,0,299.0
10109590SILVAA_2025-01-17_G21,10109590SILVAA,2025-01-17,120389,1,20,0,1766.0
10109590SILVAA_2025-01-17_G22,10109590SILVAA,2025-01-17,123907,1,10,0,156.0
10109590SILVAA_2025-01-17_G24,10109590SILVAA,2025-01-17,124248,1,70,0,995.0
10109590SILVAA_2025-01-17_G26,10109590SILVAA,2025-01-17,123561,1,8,0,140.0
10109590SILVAA_2025-01-17_G27,10109590SILVAA,2025-01-17,123561,1,8,0,61.0
10109590SILVAA_2025-01-17_G28,10109590SILVAA,2025-01-17,122185,1,4,0,93.0
10109590SILVAA_2025-01-17_G29,10109590SILVAA,2025-01-17,122185,1,4,0,124.0
10109590SILVAA_2025-01-17_G30,10109590SILVAA,2025-01-17,123562,1,8,0,205.0
10109590SILVAA_2025-01-17_G31,10109590SILVAA,2025-01-17,122983,1,8,0,423.0
10109590SILVAA_2025-01-17_G32,10109590SILVAA,2025-01-17,122983,1,8,0,105.0
10109590SILVAA_2025-01-17_G33,10109590SILVAA,2025-01-17,122983,1,8,0,203.0
10109590SILVAA_2025-01-17_G34,10109590SILVAA,2025-01-17,122983,1,8,0,121.0
10109590SILVAA_2025-01-17_G35,10109590SILVAA,2025-01-17,122983,1,5,0,170.0
10109590SILVAA_2025-01-17_G36,10109590SILVAA,2025-01-17,120389,1,3,0,65.0
10109590SILVAA_2025-01-17_G37,10109590SILVAA,2025-01-17,122962,1,60,0,686.0
10109590SILVAA_2025-01-17_G38,10109590SILVAA,2025-01-17,124248,1,40,0,401.0
10109590SILVAA_2025-01-17_G39,10109590SILVAA,2025-01-17,122962,1,40,0,354.0
10109590SILVAA_2025-01-17_G40,10109590SILVAA,2025-01-17,123907,1,49,0,631.0
10109590SILVAA_2025-01-20_G02,10109590SILVAA,2025-01-20,123907,1,11,0,444.0
10109590SILVAA_2025-01-20_G03,10109590SILVAA,2025-01-20,121760,1,15,0,471.0
10109590SILVAA_2025-01-20_G04,10109590SILVAA,2025-01-20,122962,1,80,0,2441.0
10109590SILVAA_2025-01-20_G05,10109590SILVAA,2025-01-20,122962,1,50,0,681.0
10109590SILVAA_2025-01-20_G08,10109590SILVAA,2025-01-20,122673,1,3,0,64.0
10109590SILVAA_2025-01-20_G09,10109590SILVAA,2025-01-20,123345,1,10,0,385.0
10109590SILVAA_2025-01-20_G10,10109590SILVAA,2025-01-20,122703,1,8,0,581.0
10109590SILVAA_2025-01-20_G11,10109590SILVAA,2025-01-20,122671,1,12,0,389.0
10109590SILVAA_2025-01-20_G12,10109590SILVAA,2025-01-20,123909,1,3,0,178.0
10109590SILVAA_2025-01-20_G13,10109590SILVAA,2025-01-20,121651,1,14,0,301.0
10109590SILVAA_2025-01-20_G14,10109590SILVAA,2025-01-20,124264,1,50,0,1264.0
10109590SILVAA_2025-01-20_G15,10109590SILVAA,2025-01-20,180073,1,5,0,984.0
10109590SILVAA_2025-01-21_G02,10109590SILVAA,2025-01-21,123822,1,30,0,650.0
10109590SILVAA_2025-01-21_G03,10109590SILVAA,2025-01-21,122962,1,6,0,130.0
10109590SILVAA_2025-01-21_G04,10109590SILVAA,2025-01-21,122647,1,70,0,1609.0
10109590SILVAA_2025-01-21_G05,10109590SILVAA,2025-01-21,123907,1,18,0,496.0
10109590SILVAA_2025-01-21_G06,10109590SILVAA,2025-01-21,181057,1,1,0,131.0
10109590SILVAA_2025-01-21_G07,10109590SILVAA,2025-01-21,180094,1,3,0,369.0
10109590SILVAA_2025-01-21_G08,10109590SILVAA,2025-01-21,180373,1,1,0,249.0
10109590SILVAA_2025-01-21_G09,10109590SILVAA,2025-01-21,122986,1,6,0,864.0
10109590SILVAA_2025-01-21_G12,10109590SILVAA,2025-01-21,114671,1,35,0,590.0
10109590SILVAA_2025-01-22_G02,10109590SILVAA,2025-01-22,123907,1,4,0,65.0
10109590SILVAA_2025-01-22_G04,10109590SILVAA,2025-01-22,124486,1,180,0,1938.0
10109590SILVAA_2025-01-22_G07,10109590SILVAA,2025-01-22,122985,1,20,0,578.0
10109590SILVAA_2025-01-22_G08,10109590SILVAA,2025-01-22,123907,1,48,0,1024.0
10109590SILVAA_2025-01-22_G09,10109590SILVAA,2025-01-22,123313,1,6,0,96.0
10109590SILVAA_2025-01-22_G10,10109590SILVAA,2025-01-22,124371,1,2,0,153.0
10109590SILVAA_2025-01-22_G11,10109590SILVAA,2025-01-22,122962,1,40,0,1176.0
10109590SILVAA_2025-01-22_G12,10109590SILVAA,2025-01-22,123080,1,7,0,282.0
10109590SILVAA_2025-01-22_G13,10109590SILVAA,2025-01-22,122647,1,4,0,390.0
10109590SILVAA_2025-01-22_G14,10109590SILVAA,2025-01-22,122185,1,16,0,404.0
10109590SILVAA_2025-01-22_G15,10109590SILVAA,2025-01-22,120028,1,9,0,279.0
10109590SILVAA_2025-01-22_G16,10109590SILVAA,2025-01-22,124248,1,17,0,394.0
10109590SILVAA_2025-01-22_G17,10109590SILVAA,2025-01-22,121760,1,21,0,1139.0
10109590SILVAA_2025-01-22_G18,10109590SILVAA,2025-01-22,123345,1,30,0,410.0
10109590SILVAA_2025-01-22_G19,10109590SILVAA,2025-01-22,121760,1,40,0,2213.0
10109590SILVAA_2025-01-23_G02,10109590SILVAA,2025-01-23,124371,1,100,0,1912.0
10109590SILVAA_2025-01-23_G03,10109590SILVAA,2025-01-23,123909,1,120,0,1214.0
10109590SILVAA_2025-01-23_G05,10109590SILVAA,2025-01-23,122673,1,12,0,203.0
10109590SILVAA_2025-01-23_G06,10109590SILVAA,2025-01-23,124486,1,4,0,170.0
10109590SILVAA_2025-01-23_G07,10109590SILVAA,2025-01-23,123345,1,4,0,86.0
10109590SILVAA_2025-01-23_G08,10109590SILVAA,2025-01-23,123345,1,2,0,117.0
10109590SILVAA_2025-01-23_G09,10109590SILVAA,2025-01-23,123343,1,4,0,178.0
10109590SILVAA_2025-01-23_G10,10109590SILVAA,2025-01-23,123345,1,2,0,69.0
10109590SILVAA_2025-01-23_G11,10109590SILVAA,2025-01-23,123344,1,1,0,116.0
10109590SILVAA_2025-01-23_G12,10109590SILVAA,2025-01-23,122962,1,20,0,525.0
10109590SILVAA_2025-01-23_G13,10109590SILVAA,2025-01-23,124486,1,30,0,639.0
10109590SILVAA_2025-01-23_G14,10109590SILVAA,2025-01-23,124486,1,20,0,564.0
10109590SILVAA_2025-01-23_G15,10109590SILVAA,2025-01-23,123907,1,2,0,63.0
10109590SILVAA_2025-01-23_G16,10109590SILVAA,2025-01-23,120995,1,3,0,450.0
10109590SILVAA_2025-01-23_G17,10109590SILVAA,2025-01-23,123911,1,60,0,1622.0
10109590SILVAA_2025-01-23_G18,10109590SILVAA,2025-01-23,123153,1,18,0,265.0
10109590SILVAA_2025-01-23_G19,10109590SILVAA,2025-01-23,123153,1,18,0,471.0
10109590SILVAA_2025-01-23_G20,10109590SILVAA,2025-01-23,120028,1,12,0,216.0
10109590SILVAA_2025-01-23_G21,10109590SILVAA,2025-01-23,123153,1,4,0,139.0
10109590SILVAA_2025-01-23_G22,10109590SILVAA,2025-01-23,123153,1,44,0,719.0
10109590SILVAA_2025-01-23_G23,10109590SILVAA,2025-01-23,124486,1,4,0,122.0
10109590SILVAA_2025-01-23_G24,10109590SILVAA,2025-01-23,122671,1,5,0,152.0
10109590SILVAA_2025-01-23_G25,10109590SILVAA,2025-01-23,123153,1,2,0,177.0
10109590SILVAA_2025-01-23_G26,10109590SILVAA,2025-01-23,122962,1,4,0,183.0
10109590SILVAA_2025-01-23_G27,10109590SILVAA,2025-01-23,122189,1,8,0,236.0
10109590SILVAA_2025-01-23_G28,10109590SILVAA,2025-01-23,122962,1,32,0,573.0
10109590SILVAA_2025-01-23_G29,10109590SILVAA,2025-01-23,122962,1,8,0,129.0
10109590SILVAA_2025-01-23_G30,10109590SILVAA,2025-01-23,120028,1,8,0,127.0
10109590SILVAA_2025-01-23_G31,10109590SILVAA,2025-01-23,123080,1,3,0,122.0
10109590SILVAA_2025-01-23_G32,10109590SILVAA,2025-01-23,122673,1,32,0,701.0
10109590SILVAA_2025-01-23_G33,10109590SILVAA,2025-01-23,123909,1,6,0,114.0
10109590SILVAA_2025-01-23_G34,10109590SILVAA,2025-01-23,120389,1,20,0,806.0
10109590SILVAA_2025-01-27_G02,10109590SILVAA,2025-01-27,123344,1,14,0,987.0
10109590SILVAA_2025-01-27_G03,10109590SILVAA,2025-01-27,120339,1,2,0,114.0
10109590SILVAA_2025-01-27_G04,10109590SILVAA,2025-01-27,123909,1,11,0,399.0
10109590SILVAA_2025-01-27_G05,10109590SILVAA,2025-01-27,123822,1,2,0,142.0
10109590SILVAA_2025-01-27_G06,10109590SILVAA,2025-01-27,123345,1,11,0,497.0
10109590SILVAA_2025-01-27_G08,10109590SILVAA,2025-01-27,122962,1,1,0,40.0
10109590SILVAA_2025-01-27_G09,10109590SILVAA,2025-01-27,124247,1,1,0,62.0
10109590SILVAA_2025-01-27_G10,10109590SILVAA,2025-01-27,123344,1,50,0,563.0
10109590SILVAA_2025-01-27_G11,10109590SILVAA,2025-01-27,121760,1,5,0,829.0
10109590SILVAA_2025-01-27_G12,10109590SILVAA,2025-01-27,120389,1,23,0,681.0
10109590SILVAA_2025-01-27_G13,10109590SILVAA,2025-01-27,122185,1,12,0,166.0
10109590SILVAA_2025-01-27_G14,10109590SILVAA,2025-01-27,120008,1,24,0,484.0
10109590SILVAA_2025-01-27_G15,10109590SILVAA,2025-01-27,120008,1,7,0,413.0
10109590SILVAA_2025-01-27_G16,10109590SILVAA,2025-01-27,120389,1,24,0,436.0
10109590SILVAA_2025-01-27_G17,10109590SILVAA,2025-01-27,122195,1,8,0,680.0
10109590SILVAA_2025-01-28_G02,10109590SILVAA,2025-01-28,123343,1,5,0,778.0
10109590SILVAA_2025-01-28_G03,10109590SILVAA,2025-01-28,123343,1,1,0,99.0
10109590SILVAA_2025-01-28_G04,10109590SILVAA,2025-01-28,123343,1,2,0,56.0
10109590SILVAA_2025-01-28_G05,10109590SILVAA,2025-01-28,123344,1,10,0,261.0
10109590SILVAA_2025-01-28_G06,10109590SILVAA,2025-01-28,122962,1,10,0,239.0
10109590SILVAA_2025-01-28_G07,10109590SILVAA,2025-01-28,122962,1,10,0,167.0
10109590SILVAA_2025-01-28_G08,10109590SILVAA,2025-01-28,123909,1,11,0,214.0
10109590SILVAA_2025-01-28_G09,10109590SILVAA,2025-01-28,121760,1,10,0,211.0
10109590SILVAA_2025-01-28_G10,10109590SILVAA,2025-01-28,123822,1,3,0,92.0
10109590SILVAA_2025-01-28_G11,10109590SILVAA,2025-01-28,122983,1,1,0,86.0
10109590SILVAA_2025-01-28_G12,10109590SILVAA,2025-01-28,124247,1,1,0,102.0
10109590SILVAA_2025-01-28_G13,10109590SILVAA,2025-01-28,121651,1,10,0,363.0
10109590SILVAA_2025-01-28_G15,10109590SILVAA,2025-01-28,124248,1,150,0,1573.0
10109590SILVAA_2025-01-28_G17,10109590SILVAA,2025-01-28,123909,1,12,0,277.0
10109590SILVAA_2025-01-28_G18,10109590SILVAA,2025-01-28,123343,1,1,0,114.0
10109590SILVAA_2025-01-28_G19,10109590SILVAA,2025-01-28,123343,1,5,0,722.0
10109590SILVAA_2025-01-28_G20,10109590SILVAA,2025-01-28,123343,2,10,24,38.0
10109590SILVAA_2025-01-28_G21,10109590SILVAA,2025-01-28,123822,1,4,0,709.0
10109590SILVAA_2025-01-28_G22,10109590SILVAA,2025-01-28,122962,1,48,0,667.0
10109590SILVAA_2025-01-28_G23,10109590SILVAA,2025-01-28,123909,1,4,0,96.0
10109590SILVAA_2025-01-28_G24,10109590SILVAA,2025-01-28,121760,1,6,0,278.0
10109590SILVAA_2025-01-28_G25,10109590SILVAA,2025-01-28,123343,1,2,0,115.0
10109590SILVAA_2025-01-29_G02,10109590SILVAA,2025-01-29,123343,1,5,0,32.0
10109590SILVAA_2025-01-29_G03,10109590SILVAA,2025-01-29,123343,1,2,0,659.0
10109590SILVAA_2025-01-29_G04,10109590SILVAA,2025-01-29,122986,1,2,0,96.0
10109590SILVAA_2025-01-29_G05,10109590SILVAA,2025-01-29,122986,1,6,0,181.0
10109590SILVAA_2025-01-29_G06,10109590SILVAA,2025-01-29,122988,2,4,10,76.0
10109590SILVAA_2025-01-29_G07,10109590SILVAA,2025-01-29,121760,1,8,0,258.0
10109590SILVAA_2025-01-29_G08,10109590SILVAA,2025-01-29,121760,1,19,0,547.0
10109590SILVAA_2025-01-29_G09,10109590SILVAA,2025-01-29,122962,1,8,0,123.0
10109590SILVAA_2025-01-29_G10,10109590SILVAA,2025-01-29,123492,1,6,0,350.0
10109590SILVAA_2025-01-29_G11,10109590SILVAA,2025-01-29,122984,1,8,0,176.0
10109590SILVAA_2025-01-29_G12,10109590SILVAA,2025-01-29,123909,1,6,0,93.0
10109590SILVAA_2025-01-29_G13,10109590SILVAA,2025-01-29,123153,1,14,0,423.0
10109590SILVAA_2025-01-29_G14,10109590SILVAA,2025-01-29,121760,1,6,0,89.0
10109590SILVAA_2025-01-29_G15,10109590SILVAA,2025-01-29,121760,1,10,0,198.0
10109590SILVAA_2025-01-29_G16,10109590SILVAA,2025-01-29,122673,1,7,0,649.0
10109590SILVAA_2025-01-29_G17,10109590SILVAA,2025-01-29,123822,1,4,0,210.0
10109590SILVAA_2025-01-29_G18,10109590SILVAA,2025-01-29,123822,1,22,0,699.0
10109590SILVAA_2025-01-29_G19,10109590SILVAA,2025-01-29,123907,1,1,0,80.0
10109590SILVAA_2025-01-29_G20,10109590SILVAA,2025-01-29,123907,1,18,0,337.0
10109590SILVAA_2025-01-29_G21,10109590SILVAA,2025-01-29,123911,1,2,0,1124.0
10109590SILVAA_2025-01-29_G22,10109590SILVAA,2025-01-29,122673,1,12,0,373.0
10109590SILVAA_2025-01-29_G23,10109590SILVAA,2025-01-29,123562,1,14,0,710.0
10109590SILVAA_2025-01-29_G24,10109590SILVAA,2025-01-29,123907,1,2,0,113.0
10109590SILVAA_2025-01-29_G25,10109590SILVAA,2025-01-29,124486,1,14,0,836.0
10109590SILVAA_2025-01-29_G26,10109590SILVAA,2025-01-29,122983,1,8,0,228.0
10109590SILVAA_2025-01-29_G27,10109590SILVAA,2025-01-29,122962,1,30,0,544.0
10109590SILVAA_2025-01-29_G28,10109590SILVAA,2025-01-29,122984,1,41,0,897.0
10109590SILVAA_2025-01-29_G29,10109590SILVAA,2025-01-29,124248,1,16,0,174.0
10109590SILVAA_2025-01-29_G30,10109590SILVAA,2025-01-29,122962,1,20,0,1395.0
10109590SILVAA_2025-01-29_G32,10109590SILVAA,2025-01-29,121760,1,8,0,94.0
10109590SILVAA_2025-01-29_G33,10109590SILVAA,2025-01-29,121651,1,12,0,402.0
10109590SILVAA_2025-01-29_G34,10109590SILVAA,2025-01-29,123343,1,12,0,504.0
10109590SILVAA_2025-01-29_G35,10109590SILVAA,2025-01-29,123345,1,20,0,258.0
10109590SILVAA_2025-01-29_G36,10109590SILVAA,2025-01-29,"122962, 122647, 123822",3,35,36,493.0
10109590SILVAA_2025-01-29_G37,10109590SILVAA,2025-01-29,120389,1,32,0,923.0
10109590SILVAA_2025-01-29_G38,10109590SILVAA,2025-01-29,123344,1,8,0,99.0
10109590SILVAA_2025-01-29_G39,10109590SILVAA,2025-01-29,124370,1,4,0,131.0
10109590SILVAA_2025-01-29_G40,10109590SILVAA,2025-01-29,121760,1,6,0,71.0
10109590SILVAA_2025-01-29_G41,10109590SILVAA,2025-01-29,121651,1,8,0,119.0
10109590SILVAA_2025-01-29_G42,10109590SILVAA,2025-01-29,124486,1,60,0,550.0
10109590SILVAA_2025-01-29_G43,10109590SILVAA,2025-01-29,124486,1,10,0,84.0
10109590SILVAA_2025-01-29_G44,10109590SILVAA,2025-01-29,122671,1,24,0,537.0
10109590SILVAA_2025-01-29_G45,10109590SILVAA,2025-01-29,120389,1,80,0,1578.0
10109590SILVAA_2025-01-29_G46,10109590SILVAA,2025-01-29,122673,1,30,0,670.0
10109590SILVAA_2025-01-29_G47,10109590SILVAA,2025-01-29,123344,1,14,0,303.0
10109590SILVAA_2025-01-29_G48,10109590SILVAA,2025-01-29,124370,1,7,0,358.0
10109590SILVAA_2025-01-29_G49,10109590SILVAA,2025-01-29,121651,1,12,0,571.0
10109590SILVAA_2025-01-29_G50,10109590SILVAA,2025-01-29,122985,1,2,0,91.0
10109590SILVAA_2025-01-29_G51,10109590SILVAA,2025-01-29,122185,1,1,0,107.0
10109590SILVAA_2025-01-30_G02,10109590SILVAA,2025-01-30,124486,1,70,0,879.0
10109590SILVAA_2025-01-30_G03,10109590SILVAA,2025-01-30,122984,1,7,0,337.0
10109590SILVAA_2025-01-30_G04,10109590SILVAA,2025-01-30,123907,1,20,0,398.0
10109590SILVAA_2025-01-30_G05,10109590SILVAA,2025-01-30,123907,1,4,0,146.0
10109590SILVAA_2025-01-30_G06,10109590SILVAA,2025-01-30,123344,1,12,0,446.0
10109590SILVAA_2025-01-30_G07,10109590SILVAA,2025-01-30,122185,1,2,0,353.0
10109590SILVAA_2025-01-30_G08,10109590SILVAA,2025-01-30,120272,1,4,0,108.0
10109590SILVAA_2025-01-30_G09,10109590SILVAA,2025-01-30,121760,1,12,0,508.0
10109590SILVAA_2025-01-30_G10,10109590SILVAA,2025-01-30,121651,1,5,0,34.0
10109590SILVAA_2025-01-30_G11,10109590SILVAA,2025-01-30,122673,1,6,0,160.0
10109590SILVAA_2025-01-30_G12,10109590SILVAA,2025-01-30,123153,1,14,0,343.0
10109590SILVAA_2025-01-30_G13,10109590SILVAA,2025-01-30,124247,1,4,0,313.0
10109590SILVAA_2025-01-30_G14,10109590SILVAA,2025-01-30,124247,1,3,0,118.0
10109590SILVAA_2025-01-30_G15,10109590SILVAA,2025-01-30,122962,1,2,0,183.0
10109590SILVAA_2025-01-30_G16,10109590SILVAA,2025-01-30,122962,1,2,0,154.0
10109590SILVAA_2025-01-30_G17,10109590SILVAA,2025-01-30,124486,1,50,0,1703.0
10109590SILVAA_2025-01-30_G18,10109590SILVAA,2025-01-30,123909,1,4,0,118.0
10109590SILVAA_2025-01-30_G19,10109590SILVAA,2025-01-30,121760,1,6,0,233.0
10109590SILVAA_2025-01-30_G20,10109590SILVAA,2025-01-30,122985,1,2,0,67.0
10109590SILVAA_2025-01-30_G21,10109590SILVAA,2025-01-30,123343,1,2,0,126.0
10109590SILVAA_2025-01-30_G22,10109590SILVAA,2025-01-30,123909,1,6,0,216.0
10109590SILVAA_2025-01-30_G23,10109590SILVAA,2025-01-30,121760,1,7,0,290.0
10109590SILVAA_2025-01-30_G24,10109590SILVAA,2025-01-30,122985,1,4,0,81.0
10109590SILVAA_2025-01-30_G25,10109590SILVAA,2025-01-30,123343,1,4,0,360.0
10109590SILVAA_2025-01-30_G26,10109590SILVAA,2025-01-30,120389,1,2,0,128.0
10109590SILVAA_2025-01-30_G27,10109590SILVAA,2025-01-30,123822,1,32,0,751.0
10109590SILVAA_2025-01-30_G28,10109590SILVAA,2025-01-30,123822,1,8,0,56.0
10109590SILVAA_2025-01-30_G30,10109590SILVAA,2025-01-30,122671,1,36,0,583.0
10109590SILVAA_2025-01-30_G31,10109590SILVAA,2025-01-30,122671,1,10,0,172.0
10109590SILVAA_2025-01-30_G32,10109590SILVAA,2025-01-30,122703,1,3,0,222.0
10109590SILVAA_2025-01-30_G33,10109590SILVAA,2025-01-30,121651,1,10,0,217.0
10109590SILVAA_2025-01-30_G34,10109590SILVAA,2025-01-30,124247,1,3,0,80.0
10109590SILVAA_2025-01-30_G35,10109590SILVAA,2025-01-30,123907,1,4,0,87.0
10109590SILVAA_2025-01-30_G36,10109590SILVAA,2025-01-30,121760,1,12,0,328.0
10109590SILVAA_2025-01-30_G37,10109590SILVAA,2025-01-30,122985,1,1,0,78.0
10109590SILVAA_2025-01-30_G38,10109590SILVAA,2025-01-30,123343,1,2,0,220.0
10109590SILVAA_2025-01-30_G39,10109590SILVAA,2025-01-30,122185,1,18,0,323.0
10109590SILVAA_2025-01-30_G40,10109590SILVAA,2025-01-30,123344,1,10,0,124.0
10109590SILVAA_2025-01-30_G41,10109590SILVAA,2025-01-30,121651,1,8,0,145.0
10109590SILVAA_2025-01-30_G42,10109590SILVAA,2025-01-30,121760,1,2,0,85.0
10109590SILVAA_2025-01-30_G43,10109590SILVAA,2025-01-30,123822,1,4,0,1305.0
10109590SILVAA_2025-01-30_G44,10109590SILVAA,2025-01-30,122962,1,8,0,181.0
10109590SILVAA_2025-01-30_G45,10109590SILVAA,2025-01-30,123909,1,20,0,1129.0
10109590SILVAA_2025-01-30_G46,10109590SILVAA,2025-01-30,124486,1,20,0,465.0
10109590SILVAA_2025-01-30_G47,10109590SILVAA,2025-01-30,123153,1,6,0,180.0
10109590SILVAA_2025-01-30_G48,10109590SILVAA,2025-01-30,122986,1,4,0,125.0
10109590SILVAA_2025-01-30_G49,10109590SILVAA,2025-01-30,124264,1,6,0,158.0
10109590SILVAA_2025-01-30_G50,10109590SILVAA,2025-01-30,123907,1,4,0,245.0
10109590SILVAA_2025-01-30_G51,10109590SILVAA,2025-01-30,122673,1,4,0,245.0
10109590SILVAA_2025-01-30_G52,10109590SILVAA,2025-01-30,121651,1,2,0,159.0
10109590SILVAA_2025-01-30_G53,10109590SILVAA,2025-01-30,122673,1,2,0,71.0
10109590SILVAA_2025-01-30_G54,10109590SILVAA,2025-01-30,121760,1,2,0,147.0
10109590SILVAA_2025-01-30_G55,10109590SILVAA,2025-01-30,121760,1,2,0,36.0
10109590SILVAA_2025-01-30_G56,10109590SILVAA,2025-01-30,121760,1,4,0,187.0
10109590SILVAA_2025-01-30_G57,10109590SILVAA,2025-01-30,124486,1,4,0,806.0
10109590SILVAA_2025-01-30_G58,10109590SILVAA,2025-01-30,123343,1,5,0,677.0
10109590SILVAA_2025-01-30_G59,10109590SILVAA,2025-01-30,122673,2,10,17,95.0
10109590SILVAA_2025-01-30_G60,10109590SILVAA,2025-01-30,122983,3,12,37,669.0
10109590SILVAA_2025-01-30_G61,10109590SILVAA,2025-01-30,122983,1,4,0,38.0
10109590SILVAA_2025-01-30_G62,10109590SILVAA,2025-01-30,123344,1,12,0,624.0
10109590SILVAA_2025-01-30_G63,10109590SILVAA,2025-01-30,122962,1,8,0,123.0
10109590SILVAA_2025-01-30_G64,10109590SILVAA,2025-01-30,122984,1,2,0,65.0
10109590SILVAA_2025-01-30_G65,10109590SILVAA,2025-01-30,122185,1,8,0,60.0
10109590SILVAA_2025-01-30_G66,10109590SILVAA,2025-01-30,120028,1,14,0,186.0
10109590SILVAA_2025-01-30_G67,10109590SILVAA,2025-01-30,121651,1,8,0,42.0
10109590SILVAA_2025-01-30_G68,10109590SILVAA,2025-01-30,122983,1,2,0,64.0
10109590SILVAA_2025-01-30_G69,10109590SILVAA,2025-01-30,120339,1,11,0,187.0
10109590SILVAA_2025-01-30_G70,10109590SILVAA,2025-01-30,121760,1,15,0,269.0
10109590SILVAA_2025-01-31_G02,10109590SILVAA,2025-01-31,123153,1,20,0,343.0
10109590SILVAA_2025-01-31_G03,10109590SILVAA,2025-01-31,120339,1,2,0,168.0
10109590SILVAA_2025-01-31_G04,10109590SILVAA,2025-01-31,120389,1,4,0,974.0
10109590SILVAA_2025-01-31_G05,10109590SILVAA,2025-01-31,123153,1,10,0,279.0
10109590SILVAA_2025-01-31_G06,10109590SILVAA,2025-01-31,121651,2,8,24,1226.0
10109590SILVAA_2025-01-31_G07,10109590SILVAA,2025-01-31,123344,1,12,0,880.0
10109590SILVAA_2025-01-31_G08,10109590SILVAA,2025-01-31,121651,1,4,0,171.0
10109590SILVAA_2025-01-31_G09,10109590SILVAA,2025-01-31,121760,1,30,0,857.0
10109590SILVAA_2025-01-31_G10,10109590SILVAA,2025-01-31,123344,1,12,0,553.0
10109590SILVAA_2025-01-31_G11,10109590SILVAA,2025-01-31,121651,1,14,0,550.0
10109590SILVAA_2025-01-31_G12,10109590SILVAA,2025-01-31,123889,1,6,0,364.0
10109590SILVAA_2025-01-31_G13,10109590SILVAA,2025-01-31,124264,1,40,0,1515.0
10109590SILVAA_2025-01-31_G14,10109590SILVAA,2025-01-31,123344,1,12,0,430.0
10109590SILVAA_2025-01-31_G15,10109590SILVAA,2025-01-31,121923,1,12,0,436.0
10109590SILVAA_2025-01-31_G16,10109590SILVAA,2025-01-31,122983,1,8,0,84.0
10109590SILVAA_2025-01-31_G17,10109590SILVAA,2025-01-31,120339,1,12,0,666.0
10109590SILVAA_2025-01-31_G18,10109590SILVAA,2025-01-31,120339,1,20,0,614.0
10109590SILVAA_2025-01-31_G19,10109590SILVAA,2025-01-31,120028,1,12,0,518.0
10109590SILVAA_2025-01-31_G20,10109590SILVAA,2025-01-31,123344,1,20,0,510.0
10109590SILVAA_2025-02-05_G03,10109590SILVAA,2025-02-05,124247,1,4,0,97.0
10109590SILVAA_2025-02-05_G04,10109590SILVAA,2025-02-05,123889,1,100,0,1917.0
10109590SILVAA_2025-02-05_G05,10109590SILVAA,2025-02-05,123889,1,44,0,525.0
10109590SILVAA_2025-02-05_G06,10109590SILVAA,2025-02-05,123343,1,60,0,1421.0
10109590SILVAA_2025-02-05_G07,10109590SILVAA,2025-02-05,123345,1,115,0,1671.0
10109590SILVAA_2025-02-05_G09,10109590SILVAA,2025-02-05,124371,1,35,0,696.0
10109590SILVAA_2025-02-05_G10,10109590SILVAA,2025-02-05,124370,1,4,0,125.0
10109590SILVAA_2025-02-05_G11,10109590SILVAA,2025-02-05,123492,1,143,0,2718.0
10109590SILVAA_2025-02-05_G12,10109590SILVAA,2025-02-05,122647,1,24,0,800.0
10109590SILVAA_2025-02-05_G13,10109590SILVAA,2025-02-05,122962,1,20,0,382.0
10109590SILVAA_2025-02-05_G14,10109590SILVAA,2025-02-05,122962,1,8,0,300.0
10109590SILVAA_2025-02-05_G15,10109590SILVAA,2025-02-05,123822,1,14,0,190.0
10109590SILVAA_2025-02-05_G16,10109590SILVAA,2025-02-05,123889,1,6,0,447.0
10109590SILVAA_2025-02-05_G17,10109590SILVAA,2025-02-05,122647,1,2,0,92.0
10109590SILVAA_2025-02-05_G18,10109590SILVAA,2025-02-05,122647,1,2,0,142.0
10109590SILVAA_2025-02-05_G19,10109590SILVAA,2025-02-05,120008,1,3,0,519.0
10109590SILVAA_2025-02-05_G20,10109590SILVAA,2025-02-05,124247,1,6,0,186.0
10109590SILVAA_2025-02-05_G21,10109590SILVAA,2025-02-05,123889,1,10,0,89.0
10109590SILVAA_2025-02-05_G22,10109590SILVAA,2025-02-05,122962,1,24,0,451.0
10109590SILVAA_2025-02-05_G23,10109590SILVAA,2025-02-05,122673,1,10,0,172.0
10109590SILVAA_2025-02-05_G24,10109590SILVAA,2025-02-05,123911,1,13,0,343.0
10109590SILVAA_2025-02-05_G25,10109590SILVAA,2025-02-05,123153,1,20,0,245.0
10109590SILVAA_2025-02-05_G26,10109590SILVAA,2025-02-05,123889,1,2,0,99.0
10109590SILVAA_2025-02-05_G27,10109590SILVAA,2025-02-05,122962,1,20,0,281.0
10109590SILVAA_2025-02-05_G28,10109590SILVAA,2025-02-05,123153,1,4,0,114.0
10109590SILVAA_2025-02-05_G29,10109590SILVAA,2025-02-05,122673,1,14,0,287.0
10109590SILVAA_2025-02-05_G30,10109590SILVAA,2025-02-05,123345,1,4,0,96.0
10109590SILVAA_2025-02-05_G31,10109590SILVAA,2025-02-05,123822,1,1,0,54.0
10109590SILVAA_2025-02-05_G32,10109590SILVAA,2025-02-05,123909,1,20,0,270.0
10109590SILVAA_2025-02-05_G33,10109590SILVAA,2025-02-05,122673,1,14,0,327.0
10109590SILVAA_2025-02-05_G34,10109590SILVAA,2025-02-05,123822,1,16,0,172.0
10109590SILVAA_2025-02-05_G35,10109590SILVAA,2025-02-05,122985,1,8,0,109.0
10109590SILVAA_2025-02-05_G36,10109590SILVAA,2025-02-05,122673,1,6,0,171.0
10109590SILVAA_2025-02-05_G37,10109590SILVAA,2025-02-05,122647,1,5,0,71.0
10109590SILVAA_2025-02-05_G38,10109590SILVAA,2025-02-05,123889,1,5,0,158.0
10109590SILVAA_2025-02-05_G39,10109590SILVAA,2025-02-05,122647,1,5,0,451.0
10109590SILVAA_2025-02-05_G40,10109590SILVAA,2025-02-05,123889,1,5,0,144.0
10109590SILVAA_2025-02-06_G02,10109590SILVAA,2025-02-06,122671,1,7,0,397.0
10109590SILVAA_2025-02-06_G03,10109590SILVAA,2025-02-06,123909,1,4,0,92.0
10109590SILVAA_2025-02-06_G04,10109590SILVAA,2025-02-06,123909,1,12,0,532.0
10109590SILVAA_2025-02-06_G06,10109590SILVAA,2025-02-06,123909,1,2,0,486.0
10109590SILVAA_2025-02-06_G07,10109590SILVAA,2025-02-06,123560,1,42,0,1013.0
10109590SILVAA_2025-02-06_G08,10109590SILVAA,2025-02-06,121760,1,7,0,180.0
10109590SILVAA_2025-02-06_G09,10109590SILVAA,2025-02-06,121760,1,3,0,59.0
10109590SILVAA_2025-02-06_G10,10109590SILVAA,2025-02-06,121760,1,19,0,613.0
10109590SILVAA_2025-02-06_G11,10109590SILVAA,2025-02-06,123344,1,40,0,1045.0
10109590SILVAA_2025-02-06_G12,10109590SILVAA,2025-02-06,122985,1,52,0,562.0
10109590SILVAA_2025-02-06_G13,10109590SILVAA,2025-02-06,120028,1,34,0,663.0
10109590SILVAA_2025-02-06_G14,10109590SILVAA,2025-02-06,123344,1,10,0,280.0
10109590SILVAA_2025-02-06_G15,10109590SILVAA,2025-02-06,122671,1,2,0,96.0
10109590SILVAA_2025-02-06_G16,10109590SILVAA,2025-02-06,123343,1,2,0,690.0
10109590SILVAA_2025-02-06_G17,10109590SILVAA,2025-02-06,123345,1,1,0,162.0
10109590SILVAA_2025-02-06_G18,10109590SILVAA,2025-02-06,122962,1,12,0,396.0
10109590SILVAA_2025-02-06_G19,10109590SILVAA,2025-02-06,124486,1,8,0,190.0
10109590SILVAA_2025-02-06_G20,10109590SILVAA,2025-02-06,124486,1,4,0,84.0
10109590SILVAA_2025-02-06_G21,10109590SILVAA,2025-02-06,122185,1,1,0,60.0
10109590SILVAA_2025-02-06_G22,10109590SILVAA,2025-02-06,122984,1,12,0,355.0
10109590SILVAA_2025-02-06_G23,10109590SILVAA,2025-02-06,122982,1,4,0,121.0
10109590SILVAA_2025-02-06_G24,10109590SILVAA,2025-02-06,122982,1,4,0,67.0
10109590SILVAA_2025-02-06_G25,10109590SILVAA,2025-02-06,120389,1,20,0,737.0
10109590SILVAA_2025-02-06_G26,10109590SILVAA,2025-02-06,120339,1,8,0,200.0
10109590SILVAA_2025-02-06_G27,10109590SILVAA,2025-02-06,124486,1,12,0,157.0
10109590SILVAA_2025-02-06_G28,10109590SILVAA,2025-02-06,124486,1,10,0,166.0
10109590SILVAA_2025-02-07_G02,10109590SILVAA,2025-02-07,122962,1,16,0,439.0
10109590SILVAA_2025-02-07_G03,10109590SILVAA,2025-02-07,122986,1,2,0,404.0
10109590SILVAA_2025-02-07_G04,10109590SILVAA,2025-02-07,124248,1,1,0,68.0
10109590SILVAA_2025-02-07_G05,10109590SILVAA,2025-02-07,121760,1,12,0,216.0
10109590SILVAA_2025-02-07_G06,10109590SILVAA,2025-02-07,121760,1,20,0,438.0
10109590SILVAA_2025-02-07_G07,10109590SILVAA,2025-02-07,120389,1,2,0,164.0
10109590SILVAA_2025-02-07_G08,10109590SILVAA,2025-02-07,124371,1,38,0,623.0
10109590SILVAA_2025-02-07_G09,10109590SILVAA,2025-02-07,122671,1,2,0,77.0
10109590SILVAA_2025-02-07_G10,10109590SILVAA,2025-02-07,123909,1,5,0,48.0
10109590SILVAA_2025-02-07_G11,10109590SILVAA,2025-02-07,121651,1,5,0,188.0
10109590SILVAA_2025-02-07_G12,10109590SILVAA,2025-02-07,123343,1,12,0,869.0
10109590SILVAA_2025-02-07_G13,10109590SILVAA,2025-02-07,123345,1,8,0,125.0
10109590SILVAA_2025-02-07_G14,10109590SILVAA,2025-02-07,124486,1,50,0,831.0
10109590SILVAA_2025-02-07_G15,10109590SILVAA,2025-02-07,122962,1,16,0,213.0
10109590SILVAA_2025-02-07_G16,10109590SILVAA,2025-02-07,120028,1,24,0,649.0
10109590SILVAA_2025-02-07_G17,10109590SILVAA,2025-02-07,123153,1,10,0,228.0
10109590SILVAA_2025-02-07_G18,10109590SILVAA,2025-02-07,124247,1,8,0,169.0
10109590SILVAA_2025-02-07_G19,10109590SILVAA,2025-02-07,123889,1,10,0,145.0
10109590SILVAA_2025-02-10_G02,10109590SILVAA,2025-02-10,122985,1,14,0,261.0
10109590SILVAA_2025-02-10_G03,10109590SILVAA,2025-02-10,124264,1,9,0,1303.0
10109590SILVAA_2025-02-11_G02,10109590SILVAA,2025-02-11,122983,1,4,0,53.0
10109590SILVAA_2025-02-11_G03,10109590SILVAA,2025-02-11,122983,2,8,27,37.0
10109590SILVAA_2025-02-11_G04,10109590SILVAA,2025-02-11,122983,1,4,0,60.0
10109590SILVAA_2025-02-11_G05,10109590SILVAA,2025-02-11,123344,1,146,0,1227.0
10109590SILVAA_2025-02-11_G06,10109590SILVAA,2025-02-11,122982,1,10,0,91.0
10109590SILVAA_2025-02-11_G07,10109590SILVAA,2025-02-11,122983,1,44,0,718.0
10109590SILVAA_2025-02-11_G08,10109590SILVAA,2025-02-11,124247,1,40,0,699.0
10109590SILVAA_2025-02-11_G09,10109590SILVAA,2025-02-11,122985,1,50,0,863.0
10109590SILVAA_2025-02-11_G10,10109590SILVAA,2025-02-11,123520,1,1,0,46.0
10109590SILVAA_2025-02-11_G11,10109590SILVAA,2025-02-11,123345,1,40,0,455.0
10109590SILVAA_2025-02-11_G12,10109590SILVAA,2025-02-11,124370,1,65,0,1021.0
10109590SILVAA_2025-02-11_G13,10109590SILVAA,2025-02-11,120339,1,70,0,1781.0
10109590SILVAA_2025-02-12_G02,10109590SILVAA,2025-02-12,122673,1,16,0,451.0
10109590SILVAA_2025-02-12_G03,10109590SILVAA,2025-02-12,123345,1,8,0,208.0
10109590SILVAA_2025-02-12_G04,10109590SILVAA,2025-02-12,122962,1,66,0,1638.0
10109590SILVAA_2025-02-12_G05,10109590SILVAA,2025-02-12,124486,1,104,0,595.0
10109590SILVAA_2025-02-12_G06,10109590SILVAA,2025-02-12,123153,1,12,0,434.0
10109590SILVAA_2025-02-12_G07,10109590SILVAA,2025-02-12,123153,1,48,0,718.0
10109590SILVAA_2025-02-12_G08,10109590SILVAA,2025-02-12,122673,1,8,0,69.0
10109590SILVAA_2025-02-12_G09,10109590SILVAA,2025-02-12,122673,1,2,0,77.0
10109590SILVAA_2025-02-12_G10,10109590SILVAA,2025-02-12,122962,1,22,0,469.0
10109590SILVAA_2025-02-12_G11,10109590SILVAA,2025-02-12,124486,1,38,0,616.0
10109590SILVAA_2025-02-12_G12,10109590SILVAA,2025-02-12,122962,1,40,0,1592.0
10109590SILVAA_2025-02-12_G13,10109590SILVAA,2025-02-12,124248,1,16,0,297.0
10109590SILVAA_2025-02-12_G14,10109590SILVAA,2025-02-12,123153,1,18,0,1311.0
10109590SILVAA_2025-02-12_G15,10109590SILVAA,2025-02-12,123345,1,12,0,190.0
10109590SILVAA_2025-02-12_G16,10109590SILVAA,2025-02-12,123153,1,40,0,731.0
10109590SILVAA_2025-02-12_G17,10109590SILVAA,2025-02-12,123153,1,90,0,903.0
10109590SILVAA_2025-02-12_G18,10109590SILVAA,2025-02-12,124486,1,6,0,91.0
10109590SILVAA_2025-02-12_G19,10109590SILVAA,2025-02-12,122673,1,6,0,97.0
10109590SILVAA_2025-02-12_G21,10109590SILVAA,2025-02-12,124371,1,6,0,1347.0
10109590SILVAA_2025-02-12_G22,10109590SILVAA,2025-02-12,"120389, 124248",2,52,26,937.0
10109590SILVAA_2025-02-12_G23,10109590SILVAA,2025-02-12,124370,1,12,0,316.0
10109590SILVAA_2025-02-12_G24,10109590SILVAA,2025-02-12,123562,1,6,0,61.0
10109590SILVAA_2025-02-12_G25,10109590SILVAA,2025-02-12,120339,1,4,0,135.0
10109590SILVAA_2025-02-12_G26,10109590SILVAA,2025-02-12,121651,1,22,0,393.0
10109590SILVAA_2025-02-12_G27,10109590SILVAA,2025-02-12,121651,1,18,0,458.0
10109590SILVAA_2025-02-12_G28,10109590SILVAA,2025-02-12,121651,1,8,0,118.0
10109590SILVAA_2025-02-12_G29,10109590SILVAA,2025-02-12,121760,1,20,0,426.0
10109590SILVAA_2025-02-12_G30,10109590SILVAA,2025-02-12,123343,1,6,0,394.0
10109590SILVAA_2025-02-12_G31,10109590SILVAA,2025-02-12,123153,1,10,0,847.0
10109590SILVAA_2025-02-12_G32,10109590SILVAA,2025-02-12,122673,1,3,0,583.0
10109590SILVAA_2025-02-12_G33,10109590SILVAA,2025-02-12,122647,1,10,0,219.0
10109590SILVAA_2025-02-12_G34,10109590SILVAA,2025-02-12,124247,1,6,0,183.0
10109590SILVAA_2025-02-12_G35,10109590SILVAA,2025-02-12,120339,1,6,0,330.0
10109590SILVAA_2025-02-12_G36,10109590SILVAA,2025-02-12,121651,1,10,0,345.0
10109590SILVAA_2025-02-12_G37,10109590SILVAA,2025-02-12,121651,1,14,0,331.0
10109590SILVAA_2025-02-12_G38,10109590SILVAA,2025-02-12,121760,1,10,0,339.0
10109590SILVAA_2025-02-12_G39,10109590SILVAA,2025-02-12,121760,1,16,0,372.0
10109590SILVAA_2025-02-12_G40,10109590SILVAA,2025-02-12,122984,1,14,0,486.0
10109590SILVAA_2025-02-12_G41,10109590SILVAA,2025-02-12,122983,1,19,0,259.0
10109590SILVAA_2025-02-12_G42,10109590SILVAA,2025-02-12,124247,1,20,0,200.0
10109590SILVAA_2025-02-13_G02,10109590SILVAA,2025-02-13,120339,1,20,0,815.0
10109590SILVAA_2025-02-13_G03,10109590SILVAA,2025-02-13,122962,1,60,0,1192.0
10109590SILVAA_2025-02-13_G04,10109590SILVAA,2025-02-13,124486,1,50,0,687.0
10109590SILVAA_2025-02-13_G05,10109590SILVAA,2025-02-13,123822,1,100,0,1313.0
10109590SILVAA_2025-02-13_G06,10109590SILVAA,2025-02-13,123153,1,60,0,974.0
10109590SILVAA_2025-02-13_G07,10109590SILVAA,2025-02-13,123153,1,38,0,443.0
10109590SILVAA_2025-02-13_G08,10109590SILVAA,2025-02-13,124486,1,10,0,126.0
10109590SILVAA_2025-02-13_G09,10109590SILVAA,2025-02-13,123345,1,8,0,98.0
10109590SILVAA_2025-02-13_G10,10109590SILVAA,2025-02-13,120028,1,20,0,1395.0
10109590SILVAA_2025-02-13_G11,10109590SILVAA,2025-02-13,123822,1,20,0,591.0
10109590SILVAA_2025-02-13_G12,10109590SILVAA,2025-02-13,123153,1,6,0,1072.0
10109590SILVAA_2025-02-13_G13,10109590SILVAA,2025-02-13,123153,1,24,0,534.0
10109590SILVAA_2025-02-13_G14,10109590SILVAA,2025-02-13,123153,1,14,0,1960.0
10109590SILVAA_2025-02-13_G15,10109590SILVAA,2025-02-13,124486,1,8,0,613.0
10109590SILVAA_2025-02-13_G16,10109590SILVAA,2025-02-13,123889,1,6,0,148.0
10109590SILVAA_2025-02-13_G17,10109590SILVAA,2025-02-13,122471,1,8,0,246.0
10109590SILVAA_2025-02-13_G18,10109590SILVAA,2025-02-13,121760,1,8,0,178.0
10109590SILVAA_2025-02-13_G19,10109590SILVAA,2025-02-13,122647,1,22,0,546.0
10109590SILVAA_2025-02-13_G20,10109590SILVAA,2025-02-13,123153,1,12,0,322.0
10109590SILVAA_2025-02-13_G21,10109590SILVAA,2025-02-13,122196,1,23,0,741.0
10109590SILVAA_2025-02-13_G22,10109590SILVAA,2025-02-13,122196,1,39,0,628.0
10109590SILVAA_2025-02-13_G23,10109590SILVAA,2025-02-13,124248,1,56,0,708.0
10109590SILVAA_2025-02-13_G24,10109590SILVAA,2025-02-13,124247,1,12,0,223.0
10109590SILVAA_2025-02-13_G26,10109590SILVAA,2025-02-13,124370,1,8,0,288.0
10109590SILVAA_2025-02-13_G27,10109590SILVAA,2025-02-13,124370,1,2,0,162.0
10109590SILVAA_2025-02-15_G02,10109590SILVAA,2025-02-15,123911,1,216,0,902.0
10109590SILVAA_2025-02-15_G03,10109590SILVAA,2025-02-15,122703,1,4,0,2084.0
10109590SILVAA_2025-02-15_G04,10109590SILVAA,2025-02-15,123521,1,4,0,111.0
10109590SILVAA_2025-02-15_G05,10109590SILVAA,2025-02-15,122988,1,4,0,366.0
10109590SILVAA_2025-02-15_G06,10109590SILVAA,2025-02-15,123345,1,2,0,49.0
10109590SILVAA_2025-02-15_G07,10109590SILVAA,2025-02-15,123153,1,20,0,475.0
10109590SILVAA_2025-02-15_G08,10109590SILVAA,2025-02-15,124486,1,16,0,420.0
10109590SILVAA_2025-02-15_G09,10109590SILVAA,2025-02-15,123344,1,12,0,482.0
10109590SILVAA_2025-02-15_G10,10109590SILVAA,2025-02-15,124371,1,12,0,182.0
10109590SILVAA_2025-02-15_G11,10109590SILVAA,2025-02-15,122981,1,4,0,116.0
10109590SILVAA_2025-02-15_G12,10109590SILVAA,2025-02-15,122703,1,18,0,584.0
10109590SILVAA_2025-02-15_G13,10109590SILVAA,2025-02-15,121760,1,16,0,928.0
10109590SILVAA_2025-02-15_G14,10109590SILVAA,2025-02-15,123909,1,12,0,351.0
10109590SILVAA_2025-02-15_G15,10109590SILVAA,2025-02-15,123521,1,8,0,128.0
10109590SILVAA_2025-02-15_G16,10109590SILVAA,2025-02-15,124370,1,15,0,240.0
10109590SILVAA_2025-02-15_G17,10109590SILVAA,2025-02-15,123345,1,2,0,159.0
10109590SILVAA_2025-02-15_G18,10109590SILVAA,2025-02-15,120389,1,25,0,695.0
10109590SILVAA_2025-02-15_G20,10109590SILVAA,2025-02-15,123344,1,2,0,105.0
10109590SILVAA_2025-02-15_G21,10109590SILVAA,2025-02-15,123344,1,4,0,53.0
10109590SILVAA_2025-02-15_G22,10109590SILVAA,2025-02-15,121760,1,2,0,297.0
10109590SILVAA_2025-02-15_G23,10109590SILVAA,2025-02-15,121760,1,10,0,628.0
10109590SILVAA_2025-02-15_G24,10109590SILVAA,2025-02-15,124370,1,2,0,116.0
10109590SILVAA_2025-02-15_G25,10109590SILVAA,2025-02-15,123343,1,9,0,560.0
10109590SILVAA_2025-02-15_G26,10109590SILVAA,2025-02-15,123345,1,2,0,77.0
10109590SILVAA_2025-02-15_G27,10109590SILVAA,2025-02-15,120028,1,4,0,1264.0
10109590SILVAA_2025-02-15_G28,10109590SILVAA,2025-02-15,120028,2,8,25,67.0
10109590SILVAA_2025-02-15_G29,10109590SILVAA,2025-02-15,120028,1,4,0,33.0
10109590SILVAA_2025-02-17_G02,10109590SILVAA,2025-02-17,123911,1,76,0,79.0
10109590SILVAA_2025-02-17_G05,10109590SILVAA,2025-02-17,122982,1,3,0,112.0
10109590SILVAA_2025-02-17_G06,10109590SILVAA,2025-02-17,124486,1,60,0,739.0
10109590SILVAA_2025-02-17_G07,10109590SILVAA,2025-02-17,124486,1,89,0,947.0
10109590SILVAA_2025-02-17_G08,10109590SILVAA,2025-02-17,122962,1,48,0,975.0
10109590SILVAA_2025-02-17_G09,10109590SILVAA,2025-02-17,122988,1,10,0,136.0
10109590SILVAA_2025-02-17_G10,10109590SILVAA,2025-02-17,123520,1,4,0,181.0
10109590SILVAA_2025-02-17_G11,10109590SILVAA,2025-02-17,123345,1,20,0,298.0
10109590SILVAA_2025-02-17_G12,10109590SILVAA,2025-02-17,123344,1,50,0,469.0
10109590SILVAA_2025-02-17_G13,10109590SILVAA,2025-02-17,124371,1,36,0,1016.0
10109590SILVAA_2025-02-17_G14,10109590SILVAA,2025-02-17,121760,1,60,0,1328.0
10109590SILVAA_2025-02-17_G15,10109590SILVAA,2025-02-17,123907,1,23,0,676.0
10109590SILVAA_2025-02-17_G16,10109590SILVAA,2025-02-17,121651,1,1,0,56.0
10109590SILVAA_2025-02-17_G17,10109590SILVAA,2025-02-17,124370,1,36,0,276.0
10109590SILVAA_2025-02-17_G18,10109590SILVAA,2025-02-17,124370,1,80,0,589.0
10109590SILVAA_2025-02-17_G19,10109590SILVAA,2025-02-17,123345,1,40,0,898.0
10109590SILVAA_2025-02-18_G03,10109590SILVAA,2025-02-18,122185,1,100,0,1800.0
10109590SILVAA_2025-02-18_G04,10109590SILVAA,2025-02-18,122986,1,1,0,38.0
10109590SILVAA_2025-02-18_G05,10109590SILVAA,2025-02-18,122984,1,60,0,1148.0
10109590SILVAA_2025-02-18_G06,10109590SILVAA,2025-02-18,122984,1,20,0,173.0
10109590SILVAA_2025-02-18_G07,10109590SILVAA,2025-02-18,124248,1,20,0,210.0
10109590SILVAA_2025-02-18_G08,10109590SILVAA,2025-02-18,123521,1,2,0,56.0
10109590SILVAA_2025-02-18_G09,10109590SILVAA,2025-02-18,120339,1,24,0,684.0
10109590SILVAA_2025-02-18_G10,10109590SILVAA,2025-02-18,123345,1,8,0,430.0
10109590SILVAA_2025-02-18_G11,10109590SILVAA,2025-02-18,122673,1,100,0,2135.0
10109590SILVAA_2025-02-18_G12,10109590SILVAA,2025-02-18,124433,1,6,0,117.0
10109590SILVAA_2025-02-18_G13,10109590SILVAA,2025-02-18,124433,1,10,0,199.0
10109590SILVAA_2025-02-18_G14,10109590SILVAA,2025-02-18,122671,1,8,0,171.0
10109590SILVAA_2025-02-18_G15,10109590SILVAA,2025-02-18,122673,1,8,0,263.0
10109590SILVAA_2025-02-18_G16,10109590SILVAA,2025-02-18,122671,1,2,0,116.0
10109590SILVAA_2025-02-18_G17,10109590SILVAA,2025-02-18,124370,1,5,0,137.0
10109590SILVAA_2025-02-18_G18,10109590SILVAA,2025-02-18,122985,1,30,0,486.0
10109590SILVAA_2025-02-18_G19,10109590SILVAA,2025-02-18,124248,1,30,0,578.0
10109590SILVAA_2025-02-18_G20,10109590SILVAA,2025-02-18,124486,1,20,0,205.0
10109590SILVAA_2025-02-18_G21,10109590SILVAA,2025-02-18,122962,1,30,0,438.0
10109590SILVAA_2025-02-18_G22,10109590SILVAA,2025-02-18,123345,1,8,0,167.0
10109590SILVAA_2025-02-18_G23,10109590SILVAA,2025-02-18,124433,1,20,0,160.0
10109590SILVAA_2025-02-18_G24,10109590SILVAA,2025-02-18,122185,1,4,0,83.0
10109590SILVAA_2025-02-18_G25,10109590SILVAA,2025-02-18,122984,1,8,0,55.0
10109590SILVAA_2025-02-18_G26,10109590SILVAA,2025-02-18,122985,1,1,0,146.0
10109590SILVAA_2025-02-18_G27,10109590SILVAA,2025-02-18,124370,1,10,0,68.0
10109590SILVAA_2025-02-19_G02,10109590SILVAA,2025-02-19,122984,1,12,0,888.0
10109590SILVAA_2025-02-19_G03,10109590SILVAA,2025-02-19,121760,1,4,0,57.0
10109590SILVAA_2025-02-19_G04,10109590SILVAA,2025-02-19,122703,1,4,0,161.0
10109590SILVAA_2025-02-19_G05,10109590SILVAA,2025-02-19,122673,1,6,0,229.0
10109590SILVAA_2025-02-19_G06,10109590SILVAA,2025-02-19,123345,1,6,0,229.0
10109590SILVAA_2025-02-20_G02,10109590SILVAA,2025-02-20,122962,1,60,0,1142.0
10109590SILVAA_2025-02-20_G03,10109590SILVAA,2025-02-20,123344,1,4,0,436.0
10109590SILVAA_2025-02-20_G04,10109590SILVAA,2025-02-20,124371,1,8,0,460.0
10109590SILVAA_2025-02-20_G05,10109590SILVAA,2025-02-20,122981,1,9,0,233.0
10109590SILVAA_2025-02-20_G06,10109590SILVAA,2025-02-20,122984,1,20,0,236.0
10109590SILVAA_2025-02-20_G07,10109590SILVAA,2025-02-20,123822,1,10,0,1157.0
10109590SILVAA_2025-02-20_G08,10109590SILVAA,2025-02-20,122703,1,2,0,58.0
10109590SILVAA_2025-02-20_G09,10109590SILVAA,2025-02-20,123909,1,4,0,94.0
10109590SILVAA_2025-02-20_G10,10109590SILVAA,2025-02-20,120272,1,6,0,243.0
10109590SILVAA_2025-02-20_G12,10109590SILVAA,2025-02-20,124433,1,40,0,1707.0
10109590SILVAA_2025-02-20_G13,10109590SILVAA,2025-02-20,122984,1,20,0,254.0
10109590SILVAA_2025-02-20_G14,10109590SILVAA,2025-02-20,122984,1,16,0,288.0
10109590SILVAA_2025-02-20_G15,10109590SILVAA,2025-02-20,121760,1,20,0,198.0
10109590SILVAA_2025-02-20_G16,10109590SILVAA,2025-02-20,124486,1,12,0,226.0
10109590SILVAA_2025-02-20_G17,10109590SILVAA,2025-02-20,123345,1,20,0,292.0
10109590SILVAA_2025-02-20_G18,10109590SILVAA,2025-02-20,123343,1,6,0,382.0
10109590SILVAA_2025-02-21_G02,10109590SILVAA,2025-02-21,122983,3,35,53,114.0
10109590SILVAA_2025-02-21_G03,10109590SILVAA,2025-02-21,122185,1,20,0,1861.0
10109590SILVAA_2025-02-21_G04,10109590SILVAA,2025-02-21,122984,1,12,0,245.0
10109590SILVAA_2025-02-21_G05,10109590SILVAA,2025-02-21,124248,1,8,0,201.0
10109590SILVAA_2025-02-21_G06,10109590SILVAA,2025-02-21,124370,1,15,0,483.0
10109590SILVAA_2025-02-21_G07,10109590SILVAA,2025-02-21,122962,1,5,0,412.0
10109590SILVAA_2025-02-22_G02,10109590SILVAA,2025-02-22,121760,1,6,0,252.0
10109590SILVAA_2025-02-22_G03,10109590SILVAA,2025-02-22,124594,1,4,0,996.0
10109590SILVAA_2025-02-22_G04,10109590SILVAA,2025-02-22,181056,1,1,0,109.0
10109590SILVAA_2025-02-22_G05,10109590SILVAA,2025-02-22,123889,1,4,0,213.0
10109590SILVAA_2025-02-22_G06,10109590SILVAA,2025-02-22,122962,1,18,0,445.0
10109590SILVAA_2025-02-22_G07,10109590SILVAA,2025-02-22,124486,1,5,0,185.0
10109590SILVAA_2025-02-22_G08,10109590SILVAA,2025-02-22,122982,1,12,0,269.0
10109590SILVAA_2025-02-22_G09,10109590SILVAA,2025-02-22,124594,1,4,0,272.0
10109590SILVAA_2025-02-22_G10,10109590SILVAA,2025-02-22,120389,1,30,0,926.0
10109590SILVAA_2025-02-22_G11,10109590SILVAA,2025-02-22,122983,1,12,0,104.0
10109590SILVAA_2025-02-24_G02,10109590SILVAA,2025-02-24,120389,1,16,0,860.0
10109590SILVAA_2025-02-24_G03,10109590SILVAA,2025-02-24,123344,1,4,0,130.0
10109590SILVAA_2025-02-24_G04,10109590SILVAA,2025-02-24,121760,1,4,0,87.0
10109590SILVAA_2025-02-24_G05,10109590SILVAA,2025-02-24,120028,1,2,0,199.0
10109590SILVAA_2025-02-24_G06,10109590SILVAA,2025-02-24,120389,1,40,0,721.0
10109590SILVAA_2025-02-24_G07,10109590SILVAA,2025-02-24,120389,1,30,0,797.0
10109590SILVAA_2025-02-24_G08,10109590SILVAA,2025-02-24,120271,1,4,0,76.0
10109590SILVAA_2025-02-24_G09,10109590SILVAA,2025-02-24,120339,1,12,0,577.0
10109590SILVAA_2025-02-24_G10,10109590SILVAA,2025-02-24,123907,1,4,0,554.0
10109590SILVAA_2025-02-24_G11,10109590SILVAA,2025-02-24,121651,1,8,0,231.0
10109590SILVAA_2025-02-24_G12,10109590SILVAA,2025-02-24,121651,1,24,0,34.0
10109590SILVAA_2025-02-24_G13,10109590SILVAA,2025-02-24,121651,2,4,23,162.0
10109590SILVAA_2025-02-24_G14,10109590SILVAA,2025-02-24,123345,1,10,0,943.0
10109590SILVAA_2025-02-24_G15,10109590SILVAA,2025-02-24,123081,1,6,0,248.0
10109590SILVAA_2025-02-24_G16,10109590SILVAA,2025-02-24,122703,1,12,0,280.0
10109590SILVAA_2025-02-24_G17,10109590SILVAA,2025-02-24,123345,1,2,0,141.0
10109590SILVAA_2025-02-24_G18,10109590SILVAA,2025-02-24,122962,1,40,0,1691.0
10109590SILVAA_2025-02-24_G19,10109590SILVAA,2025-02-24,123153,1,15,0,245.0
10109590SILVAA_2025-02-24_G20,10109590SILVAA,2025-02-24,122982,1,42,0,473.0
10109590SILVAA_2025-02-24_G21,10109590SILVAA,2025-02-24,123344,1,31,0,663.0
10109590SILVAA_2025-02-24_G22,10109590SILVAA,2025-02-24,124594,1,4,0,142.0
10109590SILVAA_2025-02-24_G23,10109590SILVAA,2025-02-24,122983,1,26,0,580.0
10109590SILVAA_2025-02-24_G24,10109590SILVAA,2025-02-24,121760,1,11,0,77.0
10109590SILVAA_2025-02-24_G25,10109590SILVAA,2025-02-24,121760,1,12,0,449.0
10109590SILVAA_2025-02-24_G26,10109590SILVAA,2025-02-24,122962,1,4,0,84.0
10109590SILVAA_2025-02-24_G27,10109590SILVAA,2025-02-24,122671,1,6,0,193.0
10109590SILVAA_2025-02-24_G28,10109590SILVAA,2025-02-24,123909,1,5,0,135.0
10109590SILVAA_2025-02-24_G29,10109590SILVAA,2025-02-24,124486,1,1,0,160.0
10109590SILVAA_2025-02-24_G30,10109590SILVAA,2025-02-24,121760,1,4,0,100.0
10109590SILVAA_2025-02-24_G31,10109590SILVAA,2025-02-24,124594,1,4,0,203.0
10109590SILVAA_2025-02-24_G32,10109590SILVAA,2025-02-24,122984,1,10,0,215.0
10109590SILVAA_2025-02-24_G33,10109590SILVAA,2025-02-24,124486,1,10,0,67.0
10109590SILVAA_2025-02-24_G34,10109590SILVAA,2025-02-24,123344,1,8,0,100.0
10109590SILVAA_2025-02-24_G35,10109590SILVAA,2025-02-24,180026,1,4,0,325.0
10109590SILVAA_2025-02-24_G36,10109590SILVAA,2025-02-24,124371,1,2,0,357.0
10109590SILVAA_2025-02-24_G37,10109590SILVAA,2025-02-24,123345,1,2,0,132.0
10109590SILVAA_2025-02-24_G38,10109590SILVAA,2025-02-24,121651,1,6,0,109.0
10109590SILVAA_2025-02-24_G40,10109590SILVAA,2025-02-24,122962,1,26,0,539.0
10109590SILVAA_2025-02-24_G41,10109590SILVAA,2025-02-24,122671,1,2,0,64.0
10109590SILVAA_2025-02-24_G42,10109590SILVAA,2025-02-24,122673,1,6,0,112.0
10109590SILVAA_2025-02-24_G43,10109590SILVAA,2025-02-24,122647,1,4,0,168.0
10109590SILVAA_2025-02-24_G44,10109590SILVAA,2025-02-24,123907,1,12,0,371.0
10109590SILVAA_2025-02-24_G45,10109590SILVAA,2025-02-24,123344,1,10,0,448.0
10109590SILVAA_2025-02-24_G46,10109590SILVAA,2025-02-24,122985,1,2,0,91.0
10109590SILVAA_2025-02-24_G47,10109590SILVAA,2025-02-24,122962,1,18,0,384.0
10109590SILVAA_2025-02-24_G48,10109590SILVAA,2025-02-24,122671,1,4,0,73.0
10109590SILVAA_2025-02-24_G49,10109590SILVAA,2025-02-24,122981,1,2,0,50.0
10109590SILVAA_2025-02-24_G50,10109590SILVAA,2025-02-24,122984,1,4,0,115.0
10109590SILVAA_2025-02-24_G51,10109590SILVAA,2025-02-24,124371,1,6,0,189.0
10109590SILVAA_2025-02-24_G52,10109590SILVAA,2025-02-24,124370,1,10,0,380.0
10109590SILVAA_2025-02-24_G53,10109590SILVAA,2025-02-24,123909,1,1,0,90.0
10109590SILVAA_2025-02-24_G54,10109590SILVAA,2025-02-24,121760,1,10,0,279.0
10109590SILVAA_2025-02-24_G55,10109590SILVAA,2025-02-24,123345,1,10,0,627.0
10109590SILVAA_2025-02-24_G56,10109590SILVAA,2025-02-24,123822,1,20,0,481.0
10109590SILVAA_2025-02-24_G57,10109590SILVAA,2025-02-24,121651,1,6,0,122.0
10109590SILVAA_2025-02-24_G58,10109590SILVAA,2025-02-24,120028,1,100,0,1874.0
10109590SILVAA_2025-02-24_G59,10109590SILVAA,2025-02-24,122647,1,180,0,2363.0
10109590SILVAA_2025-02-25_G02,10109590SILVAA,2025-02-25,122673,1,21,0,228.0
10109590SILVAA_2025-02-25_G03,10109590SILVAA,2025-02-25,123313,1,6,0,577.0
10109590SILVAA_2025-02-25_G04,10109590SILVAA,2025-02-25,123345,1,4,0,227.0
10109590SILVAA_2025-02-25_G05,10109590SILVAA,2025-02-25,122962,1,10,0,411.0
10109590SILVAA_2025-02-25_G06,10109590SILVAA,2025-02-25,121651,1,10,0,1504.0
10109590SILVAA_2025-02-25_G07,10109590SILVAA,2025-02-25,124486,1,6,0,142.0
10109590SILVAA_2025-02-25_G08,10109590SILVAA,2025-02-25,123909,1,14,0,266.0
10109590SILVAA_2025-02-25_G09,10109590SILVAA,2025-02-25,123345,1,14,0,445.0
10109590SILVAA_2025-02-25_G10,10109590SILVAA,2025-02-25,123344,1,19,0,895.0
10109590SILVAA_2025-02-25_G11,10109590SILVAA,2025-02-25,124370,1,10,0,335.0
10109590SILVAA_2025-02-26_G02,10109590SILVAA,2025-02-26,122962,1,26,0,504.0
10109590SILVAA_2025-02-26_G03,10109590SILVAA,2025-02-26,122185,1,100,0,1123.0
10109590SILVAA_2025-02-26_G04,10109590SILVAA,2025-02-26,122984,1,80,0,743.0
10109590SILVAA_2025-02-26_G05,10109590SILVAA,2025-02-26,123080,1,8,0,473.0
10109590SILVAA_2025-02-26_G06,10109590SILVAA,2025-02-26,124486,1,20,0,386.0
10109590SILVAA_2025-02-26_G07,10109590SILVAA,2025-02-26,124476,1,20,0,529.0
10109590SILVAA_2025-02-26_G08,10109590SILVAA,2025-02-26,124371,1,10,0,382.0
10109590SILVAA_2025-02-26_G09,10109590SILVAA,2025-02-26,123313,1,30,0,1292.0
10109590SILVAA_2025-02-26_G10,10109590SILVAA,2025-02-26,124486,1,28,0,1440.0
10109590SILVAA_2025-02-26_G11,10109590SILVAA,2025-02-26,124476,1,8,0,272.0
10109590SILVAA_2025-02-26_G12,10109590SILVAA,2025-02-26,124370,3,12,58,379.0
10109590SILVAA_2025-02-26_G13,10109590SILVAA,2025-02-26,123080,1,4,0,1551.0
10109590SILVAA_2025-02-26_G14,10109590SILVAA,2025-02-26,122982,1,8,0,211.0
10109590SILVAA_2025-02-26_G15,10109590SILVAA,2025-02-26,124370,1,14,0,393.0
10109590SILVAA_2025-02-26_G16,10109590SILVAA,2025-02-26,123909,1,10,0,165.0
10109590SILVAA_2025-02-26_G17,10109590SILVAA,2025-02-26,120339,1,4,0,48.0
10109590SILVAA_2025-02-26_G18,10109590SILVAA,2025-02-26,123343,1,5,0,455.0
10109590SILVAA_2025-02-26_G19,10109590SILVAA,2025-02-26,123907,1,3,0,135.0
10109590SILVAA_2025-02-26_G20,10109590SILVAA,2025-02-26,124476,1,16,0,494.0
10109590SILVAA_2025-02-26_G21,10109590SILVAA,2025-02-26,124476,1,4,0,90.0
10109590SILVAA_2025-02-26_G22,10109590SILVAA,2025-02-26,123889,1,2,0,73.0
10109590SILVAA_2025-02-26_G23,10109590SILVAA,2025-02-26,124476,1,20,0,595.0
10109590SILVAA_2025-02-26_G24,10109590SILVAA,2025-02-26,124486,1,36,0,649.0
10109590SILVAA_2025-02-26_G25,10109590SILVAA,2025-02-26,124476,1,4,0,78.0
10109590SILVAA_2025-02-26_G26,10109590SILVAA,2025-02-26,124247,1,2,0,147.0
10109590SILVAA_2025-02-26_G27,10109590SILVAA,2025-02-26,122962,1,2,0,131.0
10109590SILVAA_2025-02-26_G28,10109590SILVAA,2025-02-26,124486,1,16,0,508.0
10109590SILVAA_2025-02-26_G29,10109590SILVAA,2025-02-26,122962,1,4,0,86.0
10109590SILVAA_2025-02-26_G30,10109590SILVAA,2025-02-26,122671,1,4,0,58.0
10109590SILVAA_2025-02-26_G31,10109590SILVAA,2025-02-26,123909,1,4,0,207.0
10109590SILVAA_2025-02-26_G32,10109590SILVAA,2025-02-26,122962,1,8,0,60.0
10109590SILVAA_2025-02-26_G33,10109590SILVAA,2025-02-26,122647,1,4,0,97.0
10109590SILVAA_2025-02-26_G34,10109590SILVAA,2025-02-26,123344,1,4,0,197.0
10109590SILVAA_2025-02-26_G35,10109590SILVAA,2025-02-26,121760,1,12,0,367.0
10109590SILVAA_2025-02-26_G36,10109590SILVAA,2025-02-26,123345,1,8,0,353.0
10109590SILVAA_2025-02-26_G38,10109590SILVAA,2025-02-26,122703,1,6,0,352.0
10109590SILVAA_2025-02-26_G39,10109590SILVAA,2025-02-26,123345,1,8,0,174.0
10109590SILVAA_2025-02-26_G40,10109590SILVAA,2025-02-26,124476,1,8,0,169.0
10109590SILVAA_2025-02-26_G41,10109590SILVAA,2025-02-26,123344,1,3,0,145.0
10109590SILVAA_2025-02-26_G42,10109590SILVAA,2025-02-26,121760,1,1,0,103.0
10109590SILVAA_2025-02-26_G43,10109590SILVAA,2025-02-26,121760,1,2,0,66.0
10109590SILVAA_2025-02-26_G44,10109590SILVAA,2025-02-26,123345,1,1,0,60.0
10109590SILVAA_2025-02-26_G45,10109590SILVAA,2025-02-26,123345,1,7,0,175.0
10109590SILVAA_2025-02-26_G46,10109590SILVAA,2025-02-26,122982,1,4,0,105.0
10109590SILVAA_2025-02-26_G47,10109590SILVAA,2025-02-26,122984,1,2,0,320.0
10109590SILVAA_2025-02-26_G48,10109590SILVAA,2025-02-26,123909,1,4,0,109.0
10109590SILVAA_2025-02-26_G49,10109590SILVAA,2025-02-26,123344,1,13,0,429.0
10109590SILVAA_2025-02-26_G50,10109590SILVAA,2025-02-26,121760,1,16,0,216.0
10109590SILVAA_2025-02-26_G51,10109590SILVAA,2025-02-26,121760,1,6,0,160.0
10109590SILVAA_2025-02-26_G52,10109590SILVAA,2025-02-26,121651,1,8,0,200.0
10109590SILVAA_2025-02-26_G53,10109590SILVAA,2025-02-26,121651,1,1,0,53.0
10109590SILVAA_2025-02-26_G54,10109590SILVAA,2025-02-26,123344,1,4,0,158.0
10109590SILVAA_2025-02-26_G55,10109590SILVAA,2025-02-26,122673,1,12,0,431.0
10109590SILVAA_2025-02-26_G56,10109590SILVAA,2025-02-26,121651,1,5,0,208.0
10109590SILVAA_2025-02-26_G57,10109590SILVAA,2025-02-26,121651,1,5,0,207.0
10109590SILVAA_2025-02-26_G58,10109590SILVAA,2025-02-26,121760,1,5,0,161.0
10109590SILVAA_2025-02-26_G59,10109590SILVAA,2025-02-26,121760,1,5,0,64.0
10109590SILVAA_2025-02-26_G60,10109590SILVAA,2025-02-26,123313,1,4,0,212.0
10109590SILVAA_2025-02-26_G61,10109590SILVAA,2025-02-26,121760,1,10,0,265.0
10109590SILVAA_2025-02-26_G62,10109590SILVAA,2025-02-26,121651,1,6,0,241.0
10109590SILVAA_2025-02-26_G63,10109590SILVAA,2025-02-26,121760,1,1,0,35.0
10109590SILVAA_2025-02-26_G64,10109590SILVAA,2025-02-26,121760,1,10,0,376.0
10109590SILVAA_2025-02-26_G65,10109590SILVAA,2025-02-26,124486,1,4,0,50.0
10109590SILVAA_2025-02-26_G66,10109590SILVAA,2025-02-26,121760,1,23,0,414.0
10109590SILVAA_2025-02-26_G67,10109590SILVAA,2025-02-26,121760,1,20,0,262.0
10109590SILVAA_2025-02-26_G68,10109590SILVAA,2025-02-26,121760,1,10,0,976.0
10109590SILVAA_2025-02-26_G69,10109590SILVAA,2025-02-26,121760,1,9,0,122.0
10109590SILVAA_2025-02-26_G70,10109590SILVAA,2025-02-26,123344,1,2,0,134.0
10109590SILVAA_2025-02-26_G71,10109590SILVAA,2025-02-26,121651,1,2,0,143.0
10109590SILVAA_2025-02-26_G72,10109590SILVAA,2025-02-26,121760,1,5,0,199.0
10109590SILVAA_2025-02-26_G73,10109590SILVAA,2025-02-26,121651,1,6,0,161.0
10109590SILVAA_2025-02-26_G74,10109590SILVAA,2025-02-26,121651,1,18,0,274.0
10109590SILVAA_2025-02-26_G75,10109590SILVAA,2025-02-26,122703,1,2,0,52.0
10109590SILVAA_2025-02-26_G76,10109590SILVAA,2025-02-26,122703,1,2,0,55.0
10109590SILVAA_2025-02-26_G77,10109590SILVAA,2025-02-26,124486,1,28,0,274.0
10109590SILVAA_2025-02-26_G78,10109590SILVAA,2025-02-26,121760,1,34,0,295.0
10109590SILVAA_2025-02-26_G79,10109590SILVAA,2025-02-26,180073,1,1,0,184.0
10109590SILVAA_2025-02-27_G02,10109590SILVAA,2025-02-27,123345,1,8,0,440.0
10109590SILVAA_2025-02-27_G03,10109590SILVAA,2025-02-27,123345,1,2,0,143.0
10109590SILVAA_2025-02-27_G04,10109590SILVAA,2025-02-27,120389,1,10,0,425.0
10109590SILVAA_2025-02-27_G05,10109590SILVAA,2025-02-27,122673,1,6,0,825.0
10109590SILVAA_2025-02-27_G06,10109590SILVAA,2025-02-27,122673,1,10,0,228.0
10109590SILVAA_2025-02-27_G07,10109590SILVAA,2025-02-27,122673,1,6,0,234.0
10109590SILVAA_2025-02-27_G08,10109590SILVAA,2025-02-27,122673,1,10,0,204.0
10109590SILVAA_2025-02-27_G09,10109590SILVAA,2025-02-27,124475,1,4,0,499.0
10109590SILVAA_2025-02-27_G10,10109590SILVAA,2025-02-27,121760,1,14,0,858.0
10109590SILVAA_2025-02-27_G11,10109590SILVAA,2025-02-27,124370,1,4,0,183.0
10109590SILVAA_2025-02-27_G12,10109590SILVAA,2025-02-27,123343,1,2,0,200.0
10109590SILVAA_2025-02-27_G13,10109590SILVAA,2025-02-27,123345,1,4,0,2294.0
10109590SILVAA_2025-02-27_G14,10109590SILVAA,2025-02-27,"123343, 124476",2,10,27,263.0
10109590SILVAA_2025-02-27_G15,10109590SILVAA,2025-02-27,124594,1,4,0,326.0
10109590SILVAA_2025-02-27_G16,10109590SILVAA,2025-02-27,124475,1,8,0,238.0
10109590SILVAA_2025-02-27_G17,10109590SILVAA,2025-02-27,123153,1,4,0,81.0
10109590SILVAA_2025-02-27_G18,10109590SILVAA,2025-02-27,122673,1,4,0,65.0
10109590SILVAA_2025-02-27_G19,10109590SILVAA,2025-02-27,123345,1,2,0,178.0
10109590SILVAA_2025-02-27_G20,10109590SILVAA,2025-02-27,120028,1,51,0,1025.0
10109590SILVAA_2025-02-27_G21,10109590SILVAA,2025-02-27,122185,1,50,0,1627.0
10109590SILVAA_2025-02-27_G23,10109590SILVAA,2025-02-27,120028,1,56,0,893.0
10109590SILVAA_2025-02-27_G24,10109590SILVAA,2025-02-27,120028,1,4,0,80.0
10109590SILVAA_2025-02-27_G25,10109590SILVAA,2025-02-27,124475,1,2,0,269.0
10109590SILVAA_2025-02-27_G26,10109590SILVAA,2025-02-27,124594,1,4,0,1213.0
10109590SILVAA_2025-02-27_G27,10109590SILVAA,2025-02-27,124475,1,8,0,417.0
10109590SILVAA_2025-02-27_G28,10109590SILVAA,2025-02-27,121760,1,4,0,228.0
10109590SILVAA_2025-02-27_G29,10109590SILVAA,2025-02-27,123909,1,5,0,75.0
10109590SILVAA_2025-02-27_G30,10109590SILVAA,2025-02-27,123343,1,5,0,334.0
10109590SILVAA_2025-02-27_G31,10109590SILVAA,2025-02-27,123345,1,9,0,201.0
10109590SILVAA_2025-02-27_G32,10109590SILVAA,2025-02-27,122647,1,30,0,870.0
10109590SILVAA_2025-02-27_G33,10109590SILVAA,2025-02-27,124594,1,8,0,482.0
10109590SILVAA_2025-02-27_G34,10109590SILVAA,2025-02-27,124475,1,12,0,545.0
10109590SILVAA_2025-02-27_G35,10109590SILVAA,2025-02-27,124475,1,20,0,787.0
10109590SILVAA_2025-02-27_G36,10109590SILVAA,2025-02-27,122962,1,8,0,91.0
10109590SILVAA_2025-02-27_G37,10109590SILVAA,2025-02-27,124248,1,4,0,85.0
10109590SILVAA_2025-02-27_G38,10109590SILVAA,2025-02-27,124370,1,6,0,204.0
10109590SILVAA_2025-02-27_G39,10109590SILVAA,2025-02-27,123907,1,8,0,133.0
10109590SILVAA_2025-02-27_G40,10109590SILVAA,2025-02-27,120028,1,4,0,55.0
10109590SILVAA_2025-02-27_G41,10109590SILVAA,2025-02-27,123909,1,22,0,420.0
10109590SILVAA_2025-02-27_G42,10109590SILVAA,2025-02-27,123345,1,10,0,258.0
10109590SILVAA_2025-02-27_G43,10109590SILVAA,2025-02-27,122673,1,16,0,310.0
10109590SILVAA_2025-02-28_G02,10109590SILVAA,2025-02-28,123153,1,4,0,41.0
10109590SILVAA_2025-02-28_G03,10109590SILVAA,2025-02-28,123153,1,15,0,185.0
10109590SILVAA_2025-02-28_G04,10109590SILVAA,2025-02-28,122962,1,4,0,44.0
10109590SILVAA_2025-02-28_G05,10109590SILVAA,2025-02-28,122962,2,16,11,38.0
10109590SILVAA_2025-02-28_G06,10109590SILVAA,2025-02-28,124475,1,2,0,305.0
10109590SILVAA_2025-02-28_G07,10109590SILVAA,2025-02-28,124475,1,8,0,350.0
10109590SILVAA_2025-02-28_G08,10109590SILVAA,2025-02-28,124475,1,2,0,147.0
10109590SILVAA_2025-02-28_G09,10109590SILVAA,2025-02-28,124475,1,6,0,250.0
10109590SILVAA_2025-02-28_G10,10109590SILVAA,2025-02-28,124475,1,6,0,325.0
10109590SILVAA_2025-02-28_G11,10109590SILVAA,2025-02-28,124475,1,4,0,289.0
10109590SILVAA_2025-02-28_G12,10109590SILVAA,2025-02-28,124475,1,2,0,51.0
10109590SILVAA_2025-02-28_G13,10109590SILVAA,2025-02-28,124475,1,5,0,314.0
10109590SILVAA_2025-02-28_G14,10109590SILVAA,2025-02-28,124475,1,6,0,254.0
10109590SILVAA_2025-02-28_G15,10109590SILVAA,2025-02-28,121760,1,6,0,358.0
10109590SILVAA_2025-02-28_G16,10109590SILVAA,2025-02-28,124370,1,2,0,246.0
10109590SILVAA_2025-02-28_G17,10109590SILVAA,2025-02-28,124247,1,6,0,247.0
10109590SILVAA_2025-02-28_G18,10109590SILVAA,2025-02-28,122983,1,30,0,425.0
10109590SILVAA_2025-02-28_G19,10109590SILVAA,2025-02-28,122983,1,5,0,104.0
10109590SILVAA_2025-02-28_G20,10109590SILVAA,2025-02-28,123521,1,1,0,58.0
10109590SILVAA_2025-02-28_G21,10109590SILVAA,2025-02-28,124371,2,4,23,208.0
10109590SILVAA_2025-02-28_G22,10109590SILVAA,2025-02-28,123909,1,6,0,704.0
10109590SILVAA_2025-02-28_G23,10109590SILVAA,2025-02-28,123889,1,6,0,272.0
10109590SILVAA_2025-02-28_G24,10109590SILVAA,2025-02-28,123344,1,4,0,271.0
10109590SILVAA_2025-02-28_G25,10109590SILVAA,2025-02-28,122967,1,3,0,147.0
10109590SILVAA_2025-02-28_G26,10109590SILVAA,2025-02-28,120339,1,2,0,191.0
10109590SILVAA_2025-02-28_G27,10109590SILVAA,2025-02-28,121760,1,2,0,98.0
10109590SILVAA_2025-02-28_G28,10109590SILVAA,2025-02-28,123344,1,4,0,119.0
10109590SILVAA_2025-02-28_G29,10109590SILVAA,2025-02-28,123345,1,8,0,429.0
10109590SILVAA_2025-02-28_G30,10109590SILVAA,2025-02-28,123345,2,5,8,175.0
10109590SILVAA_2025-02-28_G31,10109590SILVAA,2025-02-28,123343,1,4,0,210.0
10109590SILVAA_2025-02-28_G32,10109590SILVAA,2025-02-28,123343,1,10,0,452.0
10109590SILVAA_2025-02-28_G33,10109590SILVAA,2025-02-28,123343,1,2,0,96.0
10109590SILVAA_2025-02-28_G34,10109590SILVAA,2025-02-28,123343,1,8,0,398.0
10109590SILVAA_2025-02-28_G35,10109590SILVAA,2025-02-28,123343,1,3,0,470.0
10109590SILVAA_2025-02-28_G36,10109590SILVAA,2025-02-28,123343,1,1,0,49.0
10109590SILVAA_2025-02-28_G37,10109590SILVAA,2025-02-28,123343,1,5,0,235.0
10109590SILVAA_2025-02-28_G38,10109590SILVAA,2025-02-28,123343,1,2,0,103.0
10109590SILVAA_2025-02-28_G40,10109590SILVAA,2025-02-28,123907,1,80,0,897.0
10109590SILVAA_2025-02-28_G41,10109590SILVAA,2025-02-28,120339,1,39,0,459.0
10109590SILVAA_2025-02-28_G42,10109590SILVAA,2025-02-28,120339,1,1,0,46.0
10109590SILVAA_2025-03-03_G02,10109590SILVAA,2025-03-03,122962,1,8,0,69.0
10109590SILVAA_2025-03-03_G03,10109590SILVAA,2025-03-03,124264,1,71,0,1993.0
10109590SILVAA_2025-03-04_G02,10109590SILVAA,2025-03-04,122984,1,96,0,1317.0
10109590SILVAA_2025-03-04_G03,10109590SILVAA,2025-03-04,180169,1,1,0,324.0
10109590SILVAA_2025-03-05_G02,10109590SILVAA,2025-03-05,121760,1,10,0,181.0
10109590SILVAA_2025-03-05_G03,10109590SILVAA,2025-03-05,124247,1,8,0,205.0
10109590SILVAA_2025-03-05_G04,10109590SILVAA,2025-03-05,124247,1,4,0,94.0
10109590SILVAA_2025-03-05_G05,10109590SILVAA,2025-03-05,123344,1,4,0,104.0
10109590SILVAA_2025-03-05_G06,10109590SILVAA,2025-03-05,121307,1,8,0,1192.0
10109590SILVAA_2025-03-05_G07,10109590SILVAA,2025-03-05,123822,1,22,0,519.0
10109590SILVAA_2025-03-05_G08,10109590SILVAA,2025-03-05,123822,1,28,0,430.0
10109590SILVAA_2025-03-05_G09,10109590SILVAA,2025-03-05,120389,1,1,0,64.0
10109590SILVAA_2025-03-05_G10,10109590SILVAA,2025-03-05,122188,1,20,0,322.0
10109590SILVAA_2025-03-06_G02,10109590SILVAA,2025-03-06,123822,1,20,0,399.0
10109590SILVAA_2025-03-06_G03,10109590SILVAA,2025-03-06,122703,1,12,0,222.0
10109590SILVAA_2025-03-06_G04,10109590SILVAA,2025-03-06,121651,1,40,0,466.0
10109590SILVAA_2025-03-06_G05,10109590SILVAA,2025-03-06,121760,1,12,0,385.0
10109590SILVAA_2025-03-06_G06,10109590SILVAA,2025-03-06,124370,1,40,0,617.0
10109590SILVAA_2025-03-06_G07,10109590SILVAA,2025-03-06,123561,1,28,0,316.0
10109590SILVAA_2025-03-06_G08,10109590SILVAA,2025-03-06,122983,1,26,0,1137.0
10109590SILVAA_2025-03-06_G09,10109590SILVAA,2025-03-06,122962,1,80,0,995.0
10109590SILVAA_2025-03-06_G10,10109590SILVAA,2025-03-06,122703,1,6,0,984.0
10109590SILVAA_2025-03-06_G11,10109590SILVAA,2025-03-06,122185,1,24,0,602.0
10109590SILVAA_2025-03-06_G12,10109590SILVAA,2025-03-06,124370,1,8,0,225.0
10109590SILVAA_2025-03-06_G13,10109590SILVAA,2025-03-06,124486,1,7,0,119.0
10109590SILVAA_2025-03-06_G14,10109590SILVAA,2025-03-06,123343,1,6,0,597.0
10109590SILVAA_2025-03-07_G02,10109590SILVAA,2025-03-07,120028,1,11,0,421.0
10109590SILVAA_2025-03-07_G03,10109590SILVAA,2025-03-07,122981,1,4,0,96.0
10109590SILVAA_2025-03-07_G04,10109590SILVAA,2025-03-07,122982,1,2,0,144.0
10109590SILVAA_2025-03-07_G05,10109590SILVAA,2025-03-07,120271,1,2,0,110.0
10109590SILVAA_2025-03-07_G06,10109590SILVAA,2025-03-07,122185,1,8,0,204.0
10109590SILVAA_2025-03-07_G07,10109590SILVAA,2025-03-07,122185,1,12,0,622.0
10109590SILVAA_2025-03-07_G08,10109590SILVAA,2025-03-07,123343,1,4,0,135.0
10109590SILVAA_2025-03-07_G09,10109590SILVAA,2025-03-07,124247,1,10,0,347.0
10109590SILVAA_2025-03-07_G10,10109590SILVAA,2025-03-07,122967,1,37,0,948.0
10109590SILVAA_2025-03-07_G12,10109590SILVAA,2025-03-07,121651,1,30,0,647.0
10109590SILVAA_2025-03-07_G13,10109590SILVAA,2025-03-07,121760,1,14,0,119.0
10109590SILVAA_2025-03-07_G14,10109590SILVAA,2025-03-07,122962,1,12,0,142.0
10109590SILVAA_2025-03-07_G15,10109590SILVAA,2025-03-07,123521,1,4,0,112.0
10109590SILVAA_2025-03-07_G16,10109590SILVAA,2025-03-07,123343,1,12,0,809.0
10109590SILVAA_2025-03-07_G17,10109590SILVAA,2025-03-07,122962,1,10,0,452.0
10109590SILVAA_2025-03-07_G18,10109590SILVAA,2025-03-07,124247,1,8,0,191.0
10109590SILVAA_2025-03-07_G19,10109590SILVAA,2025-03-07,122671,1,16,0,406.0
10109590SILVAA_2025-03-07_G20,10109590SILVAA,2025-03-07,122673,1,60,0,577.0
10109590SILVAA_2025-03-07_G21,10109590SILVAA,2025-03-07,122962,1,12,0,161.0
10109590SILVAA_2025-03-07_G22,10109590SILVAA,2025-03-07,122647,1,70,0,1885.0
10109590SILVAA_2025-03-07_G23,10109590SILVAA,2025-03-07,122962,1,12,0,244.0
10109590SILVAA_2025-03-07_G24,10109590SILVAA,2025-03-07,122647,1,30,0,595.0
10109590SILVAA_2025-03-07_G25,10109590SILVAA,2025-03-07,122962,1,8,0,306.0
10109590SILVAA_2025-03-07_G26,10109590SILVAA,2025-03-07,122984,1,50,0,1171.0
10109590SILVAA_2025-03-07_G27,10109590SILVAA,2025-03-07,124248,1,50,0,520.0
10109590SILVAA_2025-03-10_G02,10109590SILVAA,2025-03-10,124476,1,4,0,146.0
10109590SILVAA_2025-03-10_G03,10109590SILVAA,2025-03-10,122983,1,3,0,114.0
10109590SILVAA_2025-03-10_G04,10109590SILVAA,2025-03-10,122986,1,12,0,428.0
10109590SILVAA_2025-03-10_G05,10109590SILVAA,2025-03-10,124247,1,8,0,156.0
10109590SILVAA_2025-03-10_G06,10109590SILVAA,2025-03-10,122986,1,2,0,118.0
10109590SILVAA_2025-03-10_G07,10109590SILVAA,2025-03-10,124476,1,4,0,88.0
10109590SILVAA_2025-03-10_G08,10109590SILVAA,2025-03-10,122985,1,6,0,263.0
10109590SILVAA_2025-03-10_G09,10109590SILVAA,2025-03-10,123080,1,8,0,492.0
10109590SILVAA_2025-03-10_G10,10109590SILVAA,2025-03-10,122189,1,9,0,259.0
10109590SILVAA_2025-03-10_G11,10109590SILVAA,2025-03-10,122189,1,31,0,775.0
10109590SILVAA_2025-03-10_G12,10109590SILVAA,2025-03-10,122673,1,10,0,97.0
10109590SILVAA_2025-03-10_G13,10109590SILVAA,2025-03-10,124476,1,4,0,152.0
10109590SILVAA_2025-03-10_G14,10109590SILVAA,2025-03-10,120008,1,30,0,612.0
10109590SILVAA_2025-03-10_G15,10109590SILVAA,2025-03-10,124486,1,8,0,1657.0
10109590SILVAA_2025-03-10_G16,10109590SILVAA,2025-03-10,122962,1,12,0,268.0
10109590SILVAA_2025-03-10_G17,10109590SILVAA,2025-03-10,123080,1,56,0,994.0
10109590SILVAA_2025-03-10_G18,10109590SILVAA,2025-03-10,124476,1,4,0,132.0
10109590SILVAA_2025-03-10_G19,10109590SILVAA,2025-03-10,124476,1,4,0,130.0
10109590SILVAA_2025-03-10_G20,10109590SILVAA,2025-03-10,122189,1,13,0,527.0
10109590SILVAA_2025-03-10_G21,10109590SILVAA,2025-03-10,122985,1,3,0,155.0
10109590SILVAA_2025-03-10_G22,10109590SILVAA,2025-03-10,124476,1,4,0,56.0
10109590SILVAA_2025-03-10_G23,10109590SILVAA,2025-03-10,122986,1,3,0,220.0
10109590SILVAA_2025-03-10_G24,10109590SILVAA,2025-03-10,122185,1,54,0,3093.0
10109590SILVAA_2025-03-10_G25,10109590SILVAA,2025-03-10,122196,1,4,0,97.0
10109590SILVAA_2025-03-10_G26,10109590SILVAA,2025-03-10,123908,1,18,0,559.0
10109590SILVAA_2025-03-10_G27,10109590SILVAA,2025-03-10,180420,1,6,0,372.0
10109590SILVAA_2025-03-10_G28,10109590SILVAA,2025-03-10,124486,1,13,0,382.0
10109590SILVAA_2025-03-10_G29,10109590SILVAA,2025-03-10,123909,1,2,0,219.0
10109590SILVAA_2025-03-10_G30,10109590SILVAA,2025-03-10,122671,1,4,0,102.0
10109590SILVAA_2025-03-10_G31,10109590SILVAA,2025-03-10,124486,1,2,0,136.0
10109590SILVAA_2025-03-10_G32,10109590SILVAA,2025-03-10,124476,1,4,0,179.0
10109590SILVAA_2025-03-10_G33,10109590SILVAA,2025-03-10,122671,1,4,0,189.0
10109590SILVAA_2025-03-10_G34,10109590SILVAA,2025-03-10,123343,1,7,0,285.0
10109590SILVAA_2025-03-10_G35,10109590SILVAA,2025-03-10,124248,1,16,0,401.0
10109590SILVAA_2025-03-10_G36,10109590SILVAA,2025-03-10,121760,1,18,0,440.0
10109590SILVAA_2025-03-10_G37,10109590SILVAA,2025-03-10,124476,2,4,9,81.0
10109590SILVAA_2025-03-10_G38,10109590SILVAA,2025-03-10,123343,1,6,0,295.0
10109590SILVAA_2025-03-10_G39,10109590SILVAA,2025-03-10,123153,1,20,0,421.0
10109590SILVAA_2025-03-10_G40,10109590SILVAA,2025-03-10,124264,1,11,0,208.0
10109590SILVAA_2025-03-10_G41,10109590SILVAA,2025-03-10,124264,1,9,0,218.0
10109590SILVAA_2025-03-10_G42,10109590SILVAA,2025-03-10,122986,1,6,0,253.0
10109590SILVAA_2025-03-10_G43,10109590SILVAA,2025-03-10,122986,1,3,0,80.0
10109590SILVAA_2025-03-10_G45,10109590SILVAA,2025-03-10,123909,1,12,0,598.0
10109590SILVAA_2025-03-10_G46,10109590SILVAA,2025-03-10,122986,1,3,0,62.0
10109590SILVAA_2025-03-10_G47,10109590SILVAA,2025-03-10,122984,1,12,0,779.0
10109590SILVAA_2025-03-10_G48,10109590SILVAA,2025-03-10,120271,1,4,0,83.0
10109590SILVAA_2025-03-10_G49,10109590SILVAA,2025-03-10,121651,1,60,0,869.0
10109590SILVAA_2025-03-10_G50,10109590SILVAA,2025-03-10,121760,1,80,0,1002.0
10109590SILVAA_2025-03-10_G51,10109590SILVAA,2025-03-10,123907,1,20,0,399.0
10109590SILVAA_2025-03-10_G52,10109590SILVAA,2025-03-10,120028,1,10,0,230.0
10109590SILVAA_2025-03-10_G53,10109590SILVAA,2025-03-10,124476,1,8,0,88.0
10109590SILVAA_2025-03-10_G54,10109590SILVAA,2025-03-10,120389,1,12,0,176.0
10109590SILVAA_2025-03-10_G55,10109590SILVAA,2025-03-10,123313,1,4,0,668.0
10109590SILVAA_2025-03-10_G56,10109590SILVAA,2025-03-10,123345,1,50,0,422.0
10109590SILVAA_2025-03-10_G57,10109590SILVAA,2025-03-10,123343,1,1,0,201.0
10109590SILVAA_2025-03-10_G58,10109590SILVAA,2025-03-10,123343,1,5,0,359.0
10109590SILVAA_2025-03-11_G02,10109590SILVAA,2025-03-11,124248,1,28,0,489.0
10109590SILVAA_2025-03-11_G03,10109590SILVAA,2025-03-11,124247,1,38,0,110.0
10109590SILVAA_2025-03-11_G05,10109590SILVAA,2025-03-11,122647,1,74,0,2956.0
10109590SILVAA_2025-03-12_G02,10109590SILVAA,2025-03-12,121760,1,24,0,1602.0
10109590SILVAA_2025-03-12_G03,10109590SILVAA,2025-03-12,121651,1,30,0,2448.0
10109590SILVAA_2025-03-12_G04,10109590SILVAA,2025-03-12,124486,1,4,0,222.0
10109590SILVAA_2025-03-12_G05,10109590SILVAA,2025-03-12,122671,1,1,0,222.0
10109590SILVAA_2025-03-12_G06,10109590SILVAA,2025-03-12,123909,1,30,0,1225.0
10109590SILVAA_2025-03-12_G07,10109590SILVAA,2025-03-12,124247,1,10,0,148.0
10109590SILVAA_2025-03-12_G08,10109590SILVAA,2025-03-12,122985,1,25,0,353.0
10109590SILVAA_2025-03-12_G09,10109590SILVAA,2025-03-12,123345,1,6,0,76.0
10109590SILVAA_2025-03-12_G10,10109590SILVAA,2025-03-12,122985,1,2,0,137.0
10109590SILVAA_2025-03-12_G11,10109590SILVAA,2025-03-12,124247,1,10,0,231.0
10109590SILVAA_2025-03-12_G12,10109590SILVAA,2025-03-12,123345,1,4,0,88.0
10109590SILVAA_2025-03-12_G13,10109590SILVAA,2025-03-12,124247,1,2,0,100.0
10109590SILVAA_2025-03-12_G14,10109590SILVAA,2025-03-12,123345,1,2,0,91.0
10109590SILVAA_2025-03-12_G15,10109590SILVAA,2025-03-12,122985,1,2,0,144.0
10109590SILVAA_2025-03-12_G16,10109590SILVAA,2025-03-12,124247,1,12,0,327.0
10109590SILVAA_2025-03-12_G17,10109590SILVAA,2025-03-12,123345,1,2,0,910.0
10109590SILVAA_2025-03-12_G18,10109590SILVAA,2025-03-12,123822,1,64,0,1021.0
10109590SILVAA_2025-03-12_G20,10109590SILVAA,2025-03-12,122671,1,2,0,117.0
10109590SILVAA_2025-03-12_G21,10109590SILVAA,2025-03-12,120028,1,6,0,138.0
10109590SILVAA_2025-03-12_G22,10109590SILVAA,2025-03-12,123909,1,10,0,702.0
10109590SILVAA_2025-03-12_G23,10109590SILVAA,2025-03-12,121760,1,25,0,762.0
10109590SILVAA_2025-03-12_G24,10109590SILVAA,2025-03-12,124247,1,20,0,559.0
10109590SILVAA_2025-03-12_G25,10109590SILVAA,2025-03-12,123492,1,21,0,579.0
10109590SILVAA_2025-03-12_G26,10109590SILVAA,2025-03-12,122962,1,16,0,800.0
10109590SILVAA_2025-03-12_G27,10109590SILVAA,2025-03-12,124486,1,20,0,395.0
10109590SILVAA_2025-03-12_G28,10109590SILVAA,2025-03-12,123492,1,3,0,615.0
10109590SILVAA_2025-03-12_G29,10109590SILVAA,2025-03-12,124476,1,6,0,964.0
10109590SILVAA_2025-03-13_G02,10109590SILVAA,2025-03-13,181237,2,2,23,75.0
10109590SILVAA_2025-03-13_G03,10109590SILVAA,2025-03-13,180035,1,1,0,46.0
10109590SILVAA_2025-03-13_G04,10109590SILVAA,2025-03-13,181237,1,1,0,84.0
10109590SILVAA_2025-03-13_G05,10109590SILVAA,2025-03-13,181237,1,1,0,35.0
10109590SILVAA_2025-03-13_G06,10109590SILVAA,2025-03-13,180098,1,4,0,176.0
10109590SILVAA_2025-03-13_G07,10109590SILVAA,2025-03-13,180373,1,1,0,1389.0
10109590SILVAA_2025-03-13_G08,10109590SILVAA,2025-03-13,181237,1,1,0,437.0
10109590SILVAA_2025-03-13_G09,10109590SILVAA,2025-03-13,180373,1,1,0,833.0
10109590SILVAA_2025-03-13_G10,10109590SILVAA,2025-03-13,124247,1,20,0,798.0
10109590SILVAA_2025-03-13_G11,10109590SILVAA,2025-03-13,124486,1,5,0,381.0
10109590SILVAA_2025-03-13_G12,10109590SILVAA,2025-03-13,124486,1,13,0,305.0
10109590SILVAA_2025-03-13_G13,10109590SILVAA,2025-03-13,122985,1,2,0,115.0
10109590SILVAA_2025-03-13_G14,10109590SILVAA,2025-03-13,124433,1,4,0,1005.0
10109590SILVAA_2025-03-13_G15,10109590SILVAA,2025-03-13,122986,1,6,0,138.0
10109590SILVAA_2025-03-13_G16,10109590SILVAA,2025-03-13,124247,1,4,0,132.0
10109590SILVAA_2025-03-13_G17,10109590SILVAA,2025-03-13,122188,1,8,0,249.0
10109590SILVAA_2025-03-13_G18,10109590SILVAA,2025-03-13,122988,1,8,0,164.0
10109590SILVAA_2025-03-13_G19,10109590SILVAA,2025-03-13,122671,1,8,0,3059.0
10109590SILVAA_2025-03-13_G20,10109590SILVAA,2025-03-13,123822,1,50,0,517.0
10109590SILVAA_2025-03-13_G21,10109590SILVAA,2025-03-13,124486,1,7,0,142.0
10109590SILVAA_2025-03-13_G22,10109590SILVAA,2025-03-13,124486,1,13,0,240.0
10109590SILVAA_2025-03-13_G23,10109590SILVAA,2025-03-13,122962,1,26,0,357.0
10109590SILVAA_2025-03-13_G24,10109590SILVAA,2025-03-13,122671,1,6,0,59.0
10109590SILVAA_2025-03-13_G25,10109590SILVAA,2025-03-13,122647,1,20,0,373.0
10109590SILVAA_2025-03-13_G26,10109590SILVAA,2025-03-13,122962,1,8,0,73.0
10109590SILVAA_2025-03-13_G27,10109590SILVAA,2025-03-13,124486,1,12,0,244.0
10109590SILVAA_2025-03-13_G28,10109590SILVAA,2025-03-13,180073,1,4,0,466.0
10109590SILVAA_2025-03-13_G29,10109590SILVAA,2025-03-13,121760,1,4,0,274.0
10109590SILVAA_2025-03-13_G30,10109590SILVAA,2025-03-13,122705,1,8,0,174.0
10109590SILVAA_2025-03-13_G31,10109590SILVAA,2025-03-13,120028,1,4,0,281.0
10109590SILVAA_2025-03-13_G32,10109590SILVAA,2025-03-13,120028,1,4,0,170.0
10109590SILVAA_2025-03-13_G33,10109590SILVAA,2025-03-13,123822,1,24,0,806.0
10109590SILVAA_2025-03-13_G34,10109590SILVAA,2025-03-13,124486,1,3,0,86.0
10109590SILVAA_2025-03-13_G36,10109590SILVAA,2025-03-13,122986,1,2,0,731.0
10109590SILVAA_2025-03-13_G37,10109590SILVAA,2025-03-13,122981,1,40,0,698.0
10109590SILVAA_2025-03-13_G38,10109590SILVAA,2025-03-13,124371,1,20,0,481.0
10109590SILVAA_2025-03-13_G39,10109590SILVAA,2025-03-13,122673,1,16,0,303.0
10109590SILVAA_2025-03-13_G40,10109590SILVAA,2025-03-13,122984,1,8,0,103.0
10109590SILVAA_2025-03-13_G41,10109590SILVAA,2025-03-13,122983,1,10,0,828.0
10109590SILVAA_2025-03-13_G42,10109590SILVAA,2025-03-13,124247,1,6,0,361.0
10109590SILVAA_2025-03-13_G43,10109590SILVAA,2025-03-13,"122983, 124247",2,96,9,856.0
10109590SILVAA_2025-03-13_G44,10109590SILVAA,2025-03-13,122982,1,12,0,327.0
10109590SILVAA_2025-03-13_G45,10109590SILVAA,2025-03-13,124370,1,100,0,1682.0
10109590SILVAA_2025-03-13_G46,10109590SILVAA,2025-03-13,122967,1,3,0,261.0
10109590SILVAA_2025-03-13_G47,10109590SILVAA,2025-03-13,123345,1,80,0,195.0
10109590SILVAA_2025-03-14_G02,10109590SILVAA,2025-03-14,120271,1,2,0,233.0
10109590SILVAA_2025-03-14_G03,10109590SILVAA,2025-03-14,122983,1,10,0,382.0
10109590SILVAA_2025-03-14_G04,10109590SILVAA,2025-03-14,122984,1,78,0,1720.0
10109590SILVAA_2025-03-14_G05,10109590SILVAA,2025-03-14,122982,1,6,0,355.0
10109590SILVAA_2025-03-14_G06,10109590SILVAA,2025-03-14,124433,1,55,0,1256.0
10109590SILVAA_2025-03-14_G07,10109590SILVAA,2025-03-14,123345,1,2,0,68.0
10109590SILVAA_2025-03-14_G08,10109590SILVAA,2025-03-14,120028,1,20,0,429.0
10109590SILVAA_2025-03-14_G09,10109590SILVAA,2025-03-14,121760,1,2,0,77.0
10109590SILVAA_2025-03-14_G10,10109590SILVAA,2025-03-14,122705,1,10,0,326.0
10109590SILVAA_2025-03-14_G11,10109590SILVAA,2025-03-14,123344,1,6,0,167.0
10109590SILVAA_2025-03-14_G12,10109590SILVAA,2025-03-14,124264,1,4,0,106.0
10109590SILVAA_2025-03-14_G13,10109590SILVAA,2025-03-14,120028,1,2,0,127.0
10109590SILVAA_2025-03-14_G14,10109590SILVAA,2025-03-14,120028,1,22,0,326.0
10109590SILVAA_2025-03-14_G15,10109590SILVAA,2025-03-14,123153,1,6,0,366.0
10109590SILVAA_2025-03-14_G16,10109590SILVAA,2025-03-14,181815,1,14,0,1882.0
10109590SILVAA_2025-03-14_G17,10109590SILVAA,2025-03-14,122983,1,24,0,503.0
10109590SILVAA_2025-03-14_G18,10109590SILVAA,2025-03-14,123560,1,2,0,73.0
10109590SILVAA_2025-03-14_G19,10109590SILVAA,2025-03-14,122673,1,10,0,237.0
10109590SILVAA_2025-03-14_G20,10109590SILVAA,2025-03-14,124486,1,8,0,164.0
10109590SILVAA_2025-03-14_G21,10109590SILVAA,2025-03-14,122962,1,50,0,700.0
10109590SILVAA_2025-03-14_G22,10109590SILVAA,2025-03-14,124486,1,30,0,872.0
10109590SILVAA_2025-03-14_G23,10109590SILVAA,2025-03-14,181616,1,11,0,663.0
10109590SILVAA_2025-03-14_G24,10109590SILVAA,2025-03-14,122701,1,12,0,1002.0
10109590SILVAA_2025-03-14_G25,10109590SILVAA,2025-03-14,123822,1,50,0,949.0
10109590SILVAA_2025-03-14_G26,10109590SILVAA,2025-03-14,122967,1,14,0,351.0
10109590SILVAA_2025-03-14_G28,10109590SILVAA,2025-03-14,121760,1,4,0,82.0
10109590SILVAA_2025-03-14_G29,10109590SILVAA,2025-03-14,122986,1,4,0,105.0
10109590SILVAA_2025-03-14_G30,10109590SILVAA,2025-03-14,122981,1,4,0,181.0
10109590SILVAA_2025-03-14_G31,10109590SILVAA,2025-03-14,124248,1,4,0,209.0
10109590SILVAA_2025-03-14_G32,10109590SILVAA,2025-03-14,121651,1,8,0,155.0
10109590SILVAA_2025-03-14_G33,10109590SILVAA,2025-03-14,121923,1,4,0,111.0
10109590SILVAA_2025-03-14_G34,10109590SILVAA,2025-03-14,123907,1,23,0,358.0
10109590SILVAA_2025-03-14_G35,10109590SILVAA,2025-03-14,122984,1,8,0,164.0
10109590SILVAA_2025-03-14_G36,10109590SILVAA,2025-03-14,124247,1,21,0,385.0
10109590SILVAA_2025-03-14_G37,10109590SILVAA,2025-03-14,123909,1,70,0,1083.0
10109590SILVAA_2025-03-14_G38,10109590SILVAA,2025-03-14,122988,1,4,0,90.0
10109590SILVAA_2025-03-14_G39,10109590SILVAA,2025-03-14,123344,1,2,0,266.0
10109590SILVAA_2025-03-14_G40,10109590SILVAA,2025-03-14,123345,1,70,0,867.0
10109590SILVAA_2025-03-14_G41,10109590SILVAA,2025-03-14,123343,1,24,0,1249.0
10109590SILVAA_2025-03-14_G42,10109590SILVAA,2025-03-14,124486,1,3,0,784.0
10109590SILVAA_2025-03-14_G43,10109590SILVAA,2025-03-14,124486,1,97,0,1547.0
10109590SILVAA_2025-03-14_G44,10109590SILVAA,2025-03-14,121651,1,90,0,1606.0
10109590SILVAA_2025-03-14_G45,10109590SILVAA,2025-03-14,124476,1,40,0,309.0
10109590SILVAA_2025-03-14_G46,10109590SILVAA,2025-03-14,120339,1,46,0,977.0
10109590SILVAA_2025-03-14_G47,10109590SILVAA,2025-03-14,120339,1,4,0,93.0
10109590SILVAA_2025-03-17_G02,10109590SILVAA,2025-03-17,124248,1,40,0,1080.0
10109590SILVAA_2025-03-17_G03,10109590SILVAA,2025-03-17,122962,1,18,0,355.0
10109590SILVAA_2025-03-17_G04,10109590SILVAA,2025-03-17,124486,1,30,0,818.0
10109590SILVAA_2025-03-17_G05,10109590SILVAA,2025-03-17,122962,1,27,0,750.0
10109590SILVAA_2025-03-17_G06,10109590SILVAA,2025-03-17,121760,1,8,0,411.0
10109590SILVAA_2025-03-17_G07,10109590SILVAA,2025-03-17,124370,1,12,0,147.0
10109590SILVAA_2025-03-17_G08,10109590SILVAA,2025-03-17,123344,1,6,0,213.0
10109590SILVAA_2025-03-17_G09,10109590SILVAA,2025-03-17,120272,1,6,0,204.0
10109590SILVAA_2025-03-17_G10,10109590SILVAA,2025-03-17,122986,1,2,0,158.0
10109590SILVAA_2025-03-17_G11,10109590SILVAA,2025-03-17,123561,1,7,0,150.0
10109590SILVAA_2025-03-17_G12,10109590SILVAA,2025-03-17,122984,1,8,0,134.0
10109590SILVAA_2025-03-17_G13,10109590SILVAA,2025-03-17,123344,1,8,0,394.0
10109590SILVAA_2025-03-17_G14,10109590SILVAA,2025-03-17,124370,1,4,0,126.0
10109590SILVAA_2025-03-17_G15,10109590SILVAA,2025-03-17,122984,1,14,0,356.0
10109590SILVAA_2025-03-17_G16,10109590SILVAA,2025-03-17,124370,1,10,0,230.0
10109590SILVAA_2025-03-17_G17,10109590SILVAA,2025-03-17,122986,1,2,0,909.0
10109590SILVAA_2025-03-17_G18,10109590SILVAA,2025-03-17,122982,1,17,0,339.0
10109590SILVAA_2025-03-17_G19,10109590SILVAA,2025-03-17,122185,1,20,0,373.0
10109590SILVAA_2025-03-17_G20,10109590SILVAA,2025-03-17,122185,1,24,0,392.0
10109590SILVAA_2025-03-17_G21,10109590SILVAA,2025-03-17,121651,1,20,0,470.0
10109590SILVAA_2025-03-17_G22,10109590SILVAA,2025-03-17,122962,1,24,0,541.0
10109590SILVAA_2025-03-17_G23,10109590SILVAA,2025-03-17,121760,1,12,0,676.0
10109590SILVAA_2025-03-17_G24,10109590SILVAA,2025-03-17,120028,1,4,0,41.0
10109590SILVAA_2025-03-17_G25,10109590SILVAA,2025-03-17,123344,1,15,0,472.0
10109590SILVAA_2025-03-17_G27,10109590SILVAA,2025-03-17,121651,1,14,0,364.0
10109590SILVAA_2025-03-17_G28,10109590SILVAA,2025-03-17,122962,1,20,0,210.0
10109590SILVAA_2025-03-17_G29,10109590SILVAA,2025-03-17,122671,1,6,0,143.0
10109590SILVAA_2025-03-17_G30,10109590SILVAA,2025-03-17,121760,1,30,0,858.0
10109590SILVAA_2025-03-17_G31,10109590SILVAA,2025-03-17,124371,1,5,0,675.0
10109590SILVAA_2025-03-17_G32,10109590SILVAA,2025-03-17,124371,1,10,0,149.0
10109590SILVAA_2025-03-17_G33,10109590SILVAA,2025-03-17,124370,1,10,0,118.0
10109590SILVAA_2025-03-17_G34,10109590SILVAA,2025-03-17,124370,1,50,0,617.0
10109590SILVAA_2025-03-17_G35,10109590SILVAA,2025-03-17,121760,1,11,0,140.0
10109590SILVAA_2025-03-17_G36,10109590SILVAA,2025-03-17,123345,1,68,0,410.0
10109590SILVAA_2025-03-18_G02,10109590SILVAA,2025-03-18,121651,1,10,0,448.0
10109590SILVAA_2025-03-18_G03,10109590SILVAA,2025-03-18,122962,1,8,0,63.0
10109590SILVAA_2025-03-18_G04,10109590SILVAA,2025-03-18,123344,1,10,0,596.0
10109590SILVAA_2025-03-18_G05,10109590SILVAA,2025-03-18,122673,1,1,0,1159.0
10109590SILVAA_2025-03-18_G06,10109590SILVAA,2025-03-18,122962,1,18,0,464.0
10109590SILVAA_2025-03-18_G07,10109590SILVAA,2025-03-18,122962,1,60,0,909.0
10109590SILVAA_2025-03-18_G08,10109590SILVAA,2025-03-18,121651,1,24,0,2028.0
10109590SILVAA_2025-03-18_G09,10109590SILVAA,2025-03-18,122671,1,3,0,53.0
10109590SILVAA_2025-03-18_G10,10109590SILVAA,2025-03-18,124486,1,1,0,67.0
10109590SILVAA_2025-03-18_G11,10109590SILVAA,2025-03-18,121760,1,2,0,156.0
10109590SILVAA_2025-03-18_G12,10109590SILVAA,2025-03-18,121651,1,8,0,360.0
10109590SILVAA_2025-03-18_G13,10109590SILVAA,2025-03-18,124371,1,8,0,451.0
10109590SILVAA_2025-03-18_G14,10109590SILVAA,2025-03-18,122982,1,16,0,259.0
10109590SILVAA_2025-03-18_G15,10109590SILVAA,2025-03-18,123153,1,12,0,502.0
10109590SILVAA_2025-03-18_G16,10109590SILVAA,2025-03-18,180378,1,4,0,513.0
10109590SILVAA_2025-03-18_G17,10109590SILVAA,2025-03-18,123947,1,8,0,535.0
10109590SILVAA_2025-03-18_G19,10109590SILVAA,2025-03-18,122647,1,80,0,1415.0
10109590SILVAA_2025-03-18_G20,10109590SILVAA,2025-03-18,122962,1,61,0,1160.0
10109590SILVAA_2025-03-18_G21,10109590SILVAA,2025-03-18,123909,1,12,0,299.0
10109590SILVAA_2025-03-18_G22,10109590SILVAA,2025-03-18,122962,1,36,0,1040.0
10109590SILVAA_2025-03-18_G23,10109590SILVAA,2025-03-18,122985,1,2,0,87.0
10109590SILVAA_2025-03-18_G24,10109590SILVAA,2025-03-18,122673,1,20,0,495.0
10109590SILVAA_2025-03-18_G25,10109590SILVAA,2025-03-18,122673,1,4,0,106.0
10109590SILVAA_2025-03-18_G26,10109590SILVAA,2025-03-18,122673,1,40,0,499.0
10109590SILVAA_2025-03-18_G27,10109590SILVAA,2025-03-18,122671,1,6,0,256.0
10109590SILVAA_2025-03-18_G28,10109590SILVAA,2025-03-18,122673,1,2,0,224.0
10109590SILVAA_2025-03-18_G29,10109590SILVAA,2025-03-18,122673,1,10,0,254.0
10109590SILVAA_2025-03-18_G30,10109590SILVAA,2025-03-18,122673,1,10,0,148.0
10109590SILVAA_2025-03-18_G31,10109590SILVAA,2025-03-18,122673,1,14,0,330.0
10109590SILVAA_2025-03-19_G02,10109590SILVAA,2025-03-19,122962,1,40,0,879.0
10109590SILVAA_2025-03-19_G03,10109590SILVAA,2025-03-19,122703,1,6,0,407.0
10109590SILVAA_2025-03-19_G04,10109590SILVAA,2025-03-19,123909,1,48,0,956.0
10109590SILVAA_2025-03-19_G05,10109590SILVAA,2025-03-19,122671,1,8,0,376.0
10109590SILVAA_2025-03-19_G06,10109590SILVAA,2025-03-19,122984,1,3,0,307.0
10109590SILVAA_2025-03-19_G07,10109590SILVAA,2025-03-19,121760,1,6,0,127.0
10109590SILVAA_2025-03-19_G08,10109590SILVAA,2025-03-19,123345,1,36,0,105.0
10109590SILVAA_2025-03-19_G09,10109590SILVAA,2025-03-19,123909,1,5,0,81.0
10109590SILVAA_2025-03-19_G10,10109590SILVAA,2025-03-19,122984,1,10,0,475.0
10109590SILVAA_2025-03-19_G11,10109590SILVAA,2025-03-19,121760,1,11,0,376.0
10109590SILVAA_2025-03-19_G12,10109590SILVAA,2025-03-19,123909,1,5,0,78.0
10109590SILVAA_2025-03-19_G13,10109590SILVAA,2025-03-19,124247,1,4,0,283.0
10109590SILVAA_2025-03-19_G14,10109590SILVAA,2025-03-19,121651,1,7,0,737.0
10109590SILVAA_2025-03-19_G15,10109590SILVAA,2025-03-19,122962,1,18,0,464.0
10109590SILVAA_2025-03-19_G16,10109590SILVAA,2025-03-19,122983,1,6,0,74.0
10109590SILVAA_2025-03-19_G17,10109590SILVAA,2025-03-19,121760,1,2,0,111.0
10109590SILVAA_2025-03-19_G18,10109590SILVAA,2025-03-19,123345,1,11,0,285.0
10109590SILVAA_2025-03-19_G19,10109590SILVAA,2025-03-19,121651,1,5,0,127.0
10109590SILVAA_2025-03-19_G20,10109590SILVAA,2025-03-19,123344,2,49,7,717.0
10109590SILVAA_2025-03-19_G21,10109590SILVAA,2025-03-19,123345,1,12,0,287.0
10109590SILVAA_2025-03-19_G22,10109590SILVAA,2025-03-19,123345,1,3,0,62.0
10109590SILVAA_2025-03-19_G23,10109590SILVAA,2025-03-19,123345,1,1,0,72.0
10109590SILVAA_2025-03-19_G24,10109590SILVAA,2025-03-19,121651,1,10,0,640.0
10109590SILVAA_2025-03-19_G25,10109590SILVAA,2025-03-19,122962,1,20,0,1580.0
10109590SILVAA_2025-03-19_G26,10109590SILVAA,2025-03-19,122671,1,4,0,128.0
10109590SILVAA_2025-03-19_G27,10109590SILVAA,2025-03-19,122986,1,10,0,725.0
10109590SILVAA_2025-03-19_G28,10109590SILVAA,2025-03-19,122981,1,4,0,71.0
10109590SILVAA_2025-03-19_G29,10109590SILVAA,2025-03-19,124248,1,7,0,254.0
10109590SILVAA_2025-03-19_G30,10109590SILVAA,2025-03-19,121923,1,2,0,121.0
10109590SILVAA_2025-03-19_G31,10109590SILVAA,2025-03-19,122982,1,2,0,75.0
10109590SILVAA_2025-03-19_G32,10109590SILVAA,2025-03-19,122984,1,15,0,581.0
10109590SILVAA_2025-03-19_G33,10109590SILVAA,2025-03-19,124370,1,2,0,69.0
10109590SILVAA_2025-03-19_G34,10109590SILVAA,2025-03-19,123344,1,4,0,225.0
10109590SILVAA_2025-03-19_G36,10109590SILVAA,2025-03-19,121651,1,1,0,104.0
10109590SILVAA_2025-03-19_G37,10109590SILVAA,2025-03-19,123822,1,9,0,516.0
10109590SILVAA_2025-03-19_G38,10109590SILVAA,2025-03-19,121923,1,6,0,188.0
10109590SILVAA_2025-03-19_G39,10109590SILVAA,2025-03-19,121760,1,13,0,316.0
10109590SILVAA_2025-03-19_G40,10109590SILVAA,2025-03-19,123313,1,4,0,262.0
10109590SILVAA_2025-03-19_G41,10109590SILVAA,2025-03-19,123345,1,7,0,224.0
10109590SILVAA_2025-03-19_G42,10109590SILVAA,2025-03-19,120272,1,2,0,684.0
10109590SILVAA_2025-03-19_G43,10109590SILVAA,2025-03-19,122962,1,1,0,117.0
10109590SILVAA_2025-03-19_G44,10109590SILVAA,2025-03-19,122671,1,4,0,82.0
10109590SILVAA_2025-03-19_G45,10109590SILVAA,2025-03-19,122986,1,2,0,177.0
10109590SILVAA_2025-03-19_G46,10109590SILVAA,2025-03-19,120271,1,3,0,291.0
10109590SILVAA_2025-03-19_G47,10109590SILVAA,2025-03-19,122982,1,3,0,141.0
10109590SILVAA_2025-03-19_G48,10109590SILVAA,2025-03-19,122982,1,2,0,88.0
10109590SILVAA_2025-03-19_G49,10109590SILVAA,2025-03-19,122984,1,12,0,818.0
10109590SILVAA_2025-03-19_G50,10109590SILVAA,2025-03-19,122188,1,2,0,129.0
10109590SILVAA_2025-03-19_G51,10109590SILVAA,2025-03-19,122185,1,12,0,368.0
10109590SILVAA_2025-03-19_G52,10109590SILVAA,2025-03-19,122988,1,4,0,165.0
10109590SILVAA_2025-03-19_G53,10109590SILVAA,2025-03-19,121760,1,4,0,96.0
10109590SILVAA_2025-03-19_G54,10109590SILVAA,2025-03-19,123344,1,22,0,919.0
10109590SILVAA_2025-03-19_G55,10109590SILVAA,2025-03-19,123343,1,24,0,763.0
10109590SILVAA_2025-03-19_G56,10109590SILVAA,2025-03-19,123345,1,50,0,306.0
10109590SILVAA_2025-03-19_G57,10109590SILVAA,2025-03-19,122962,1,5,0,757.0
10109590SILVAA_2025-03-19_G58,10109590SILVAA,2025-03-19,122962,3,15,36,31.0
10109590SILVAA_2025-03-19_G59,10109590SILVAA,2025-03-19,121760,1,60,0,1076.0
10109590SILVAA_2025-03-19_G60,10109590SILVAA,2025-03-19,121651,1,4,0,312.0
10109590SILVAA_2025-03-19_G61,10109590SILVAA,2025-03-19,124476,1,12,0,296.0
10109590SILVAA_2025-03-19_G62,10109590SILVAA,2025-03-19,123909,1,3,0,57.0
10109590SILVAA_2025-03-19_G63,10109590SILVAA,2025-03-19,124486,1,3,0,97.0
10109590SILVAA_2025-03-19_G64,10109590SILVAA,2025-03-19,121760,1,12,0,212.0
10109590SILVAA_2025-03-19_G65,10109590SILVAA,2025-03-19,124370,1,6,0,110.0
10109590SILVAA_2025-03-20_G02,10109590SILVAA,2025-03-20,122984,1,12,0,516.0
10109590SILVAA_2025-03-20_G03,10109590SILVAA,2025-03-20,121760,1,8,0,241.0
10109590SILVAA_2025-03-20_G04,10109590SILVAA,2025-03-20,123343,1,6,0,176.0
10109590SILVAA_2025-03-20_G05,10109590SILVAA,2025-03-20,122962,1,48,0,1218.0
10109590SILVAA_2025-03-20_G06,10109590SILVAA,2025-03-20,180601,1,1,0,595.0
10109590SILVAA_2025-03-20_G07,10109590SILVAA,2025-03-20,180601,1,1,0,65.0
10109590SILVAA_2025-03-20_G08,10109590SILVAA,2025-03-20,180601,4,4,27,34.0
10109590SILVAA_2025-03-20_G09,10109590SILVAA,2025-03-20,120028,1,15,0,550.0
10109590SILVAA_2025-03-20_G10,10109590SILVAA,2025-03-20,122647,1,20,0,893.0
10109590SILVAA_2025-03-20_G11,10109590SILVAA,2025-03-20,122962,1,37,0,672.0
10109590SILVAA_2025-03-20_G12,10109590SILVAA,2025-03-20,120272,1,6,0,310.0
10109590SILVAA_2025-03-20_G13,10109590SILVAA,2025-03-20,122988,1,4,0,251.0
10109590SILVAA_2025-03-20_G14,10109590SILVAA,2025-03-20,122962,1,12,0,168.0
10109590SILVAA_2025-03-20_G15,10109590SILVAA,2025-03-20,122647,1,24,0,527.0
10109590SILVAA_2025-03-20_G16,10109590SILVAA,2025-03-20,122962,1,44,0,602.0
10109590SILVAA_2025-03-20_G17,10109590SILVAA,2025-03-20,120028,1,12,0,197.0
10109590SILVAA_2025-03-20_G18,10109590SILVAA,2025-03-20,123909,1,20,0,480.0
10109590SILVAA_2025-03-20_G19,10109590SILVAA,2025-03-20,122962,1,33,0,1366.0
10109590SILVAA_2025-03-20_G20,10109590SILVAA,2025-03-20,122983,1,4,0,92.0
10109590SILVAA_2025-03-20_G21,10109590SILVAA,2025-03-20,122983,1,4,0,42.0
10109590SILVAA_2025-03-20_G22,10109590SILVAA,2025-03-20,122962,1,29,0,507.0
10109590SILVAA_2025-03-20_G23,10109590SILVAA,2025-03-20,124486,1,4,0,118.0
10109590SILVAA_2025-03-20_G24,10109590SILVAA,2025-03-20,120028,1,32,0,562.0
10109590SILVAA_2025-03-20_G25,10109590SILVAA,2025-03-20,122983,1,14,0,417.0
10109590SILVAA_2025-03-20_G26,10109590SILVAA,2025-03-20,122962,1,30,0,616.0
10109590SILVAA_2025-03-20_G27,10109590SILVAA,2025-03-20,124247,1,6,0,121.0
10109590SILVAA_2025-03-20_G30,10109590SILVAA,2025-03-20,122983,1,11,0,410.0
10109590SILVAA_2025-03-20_G31,10109590SILVAA,2025-03-20,124371,1,10,0,171.0
10109590SILVAA_2025-03-20_G32,10109590SILVAA,2025-03-20,122185,1,92,0,1238.0
10109590SILVAA_2025-03-20_G33,10109590SILVAA,2025-03-20,123561,1,8,0,98.0
10109590SILVAA_2025-03-20_G34,10109590SILVAA,2025-03-20,122185,1,50,0,688.0
10109590SILVAA_2025-03-21_G02,10109590SILVAA,2025-03-21,122962,1,20,0,312.0
10109590SILVAA_2025-03-21_G03,10109590SILVAA,2025-03-21,124371,1,8,0,1311.0
10109590SILVAA_2025-03-21_G04,10109590SILVAA,2025-03-21,124248,1,1,0,37.0
10109590SILVAA_2025-03-21_G05,10109590SILVAA,2025-03-21,124475,1,7,0,167.0
10109590SILVAA_2025-03-21_G06,10109590SILVAA,2025-03-21,124247,1,1,0,91.0
10109590SILVAA_2025-03-21_G07,10109590SILVAA,2025-03-21,122673,1,10,0,175.0
10109590SILVAA_2025-03-21_G08,10109590SILVAA,2025-03-21,122673,1,10,0,120.0
10109590SILVAA_2025-03-21_G09,10109590SILVAA,2025-03-21,122986,1,2,0,62.0
10109590SILVAA_2025-03-21_G10,10109590SILVAA,2025-03-21,122673,1,12,0,509.0
10109590SILVAA_2025-03-21_G11,10109590SILVAA,2025-03-21,181235,1,2,0,148.0
10109590SILVAA_2025-03-21_G12,10109590SILVAA,2025-03-21,124486,1,4,0,74.0
10109590SILVAA_2025-03-21_G13,10109590SILVAA,2025-03-21,123909,1,8,0,96.0
10109590SILVAA_2025-03-21_G14,10109590SILVAA,2025-03-21,123345,1,4,0,123.0
10109590SILVAA_2025-03-21_G15,10109590SILVAA,2025-03-21,122962,1,20,0,244.0
10109590SILVAA_2025-03-21_G16,10109590SILVAA,2025-03-21,122671,1,8,0,115.0
10109590SILVAA_2025-03-21_G17,10109590SILVAA,2025-03-21,122647,1,4,0,113.0
10109590SILVAA_2025-03-21_G18,10109590SILVAA,2025-03-21,122962,1,4,0,127.0
10109590SILVAA_2025-03-21_G19,10109590SILVAA,2025-03-21,122647,1,6,0,250.0
10109590SILVAA_2025-03-21_G20,10109590SILVAA,2025-03-21,122986,1,10,0,196.0
10109590SILVAA_2025-03-21_G21,10109590SILVAA,2025-03-21,123909,1,10,0,236.0
10109590SILVAA_2025-03-21_G22,10109590SILVAA,2025-03-21,122962,1,32,0,572.0
10109590SILVAA_2025-03-21_G23,10109590SILVAA,2025-03-21,122962,1,12,0,168.0
10109590SILVAA_2025-03-21_G24,10109590SILVAA,2025-03-21,122647,1,12,0,305.0
10109590SILVAA_2025-03-21_G25,10109590SILVAA,2025-03-21,123822,1,10,0,188.0
10109590SILVAA_2025-03-21_G26,10109590SILVAA,2025-03-21,122673,2,13,19,144.0
10109590SILVAA_2025-03-21_G27,10109590SILVAA,2025-03-21,122673,1,7,0,39.0
10109590SILVAA_2025-03-21_G28,10109590SILVAA,2025-03-21,122984,1,14,0,173.0
10109590SILVAA_2025-03-21_G29,10109590SILVAA,2025-03-21,123153,1,2,0,310.0
10109590SILVAA_2025-03-21_G30,10109590SILVAA,2025-03-21,122673,1,10,0,238.0
10109590SILVAA_2025-03-21_G31,10109590SILVAA,2025-03-21,124486,1,5,0,2429.0
10109590SILVAA_2025-03-21_G32,10109590SILVAA,2025-03-21,121760,1,8,0,412.0
10109590SILVAA_2025-03-21_G33,10109590SILVAA,2025-03-21,123153,1,22,0,671.0
10109590SILVAA_2025-03-21_G34,10109590SILVAA,2025-03-21,123153,1,12,0,491.0
10109590SILVAA_2025-03-21_G35,10109590SILVAA,2025-03-21,123153,1,12,0,402.0
10109590SILVAA_2025-03-21_G36,10109590SILVAA,2025-03-21,123153,1,4,0,94.0
10109590SILVAA_2025-03-21_G37,10109590SILVAA,2025-03-21,124486,1,2,0,168.0
10109590SILVAA_2025-03-21_G38,10109590SILVAA,2025-03-21,122673,1,10,0,271.0
10109590SILVAA_2025-03-21_G39,10109590SILVAA,2025-03-21,123345,1,6,0,291.0
10109590SILVAA_2025-03-21_G40,10109590SILVAA,2025-03-21,122983,1,20,0,374.0
10109590SILVAA_2025-03-21_G41,10109590SILVAA,2025-03-21,124248,1,6,0,106.0
10109590SILVAA_2025-03-21_G42,10109590SILVAA,2025-03-21,122984,1,16,0,479.0
10109590SILVAA_2025-03-21_G43,10109590SILVAA,2025-03-21,124247,1,22,0,297.0
10109590SILVAA_2025-03-21_G44,10109590SILVAA,2025-03-21,121651,1,3,0,91.0
10109590SILVAA_2025-03-21_G45,10109590SILVAA,2025-03-21,122962,1,2,0,55.0
10109590SILVAA_2025-03-21_G46,10109590SILVAA,2025-03-21,124371,1,4,0,104.0
10109590SILVAA_2025-03-21_G47,10109590SILVAA,2025-03-21,124248,1,5,0,176.0
10109590SILVAA_2025-03-21_G48,10109590SILVAA,2025-03-21,124475,1,4,0,105.0
10109590SILVAA_2025-03-21_G49,10109590SILVAA,2025-03-21,124476,1,2,0,128.0
10109590SILVAA_2025-03-21_G50,10109590SILVAA,2025-03-21,122984,1,8,0,204.0
10109590SILVAA_2025-03-21_G51,10109590SILVAA,2025-03-21,121760,2,4,9,76.0
10109590SILVAA_2025-03-21_G52,10109590SILVAA,2025-03-21,123345,1,2,0,97.0
10109590SILVAA_2025-03-21_G53,10109590SILVAA,2025-03-21,124475,1,6,0,140.0
10109590SILVAA_2025-03-21_G54,10109590SILVAA,2025-03-21,123909,1,4,0,215.0
10109590SILVAA_2025-03-21_G55,10109590SILVAA,2025-03-21,121760,1,2,0,219.0
10109590SILVAA_2025-03-21_G56,10109590SILVAA,2025-03-21,121760,1,9,0,149.0
10109590SILVAA_2025-03-21_G57,10109590SILVAA,2025-03-21,121760,1,8,0,143.0
10109590SILVAA_2025-03-21_G59,10109590SILVAA,2025-03-21,122671,1,9,0,336.0
10109590SILVAA_2025-03-21_G60,10109590SILVAA,2025-03-21,123909,1,8,0,156.0
10109590SILVAA_2025-03-21_G61,10109590SILVAA,2025-03-21,121760,1,2,0,136.0
10109590SILVAA_2025-03-21_G62,10109590SILVAA,2025-03-21,123344,1,4,0,136.0
10109590SILVAA_2025-03-21_G63,10109590SILVAA,2025-03-21,121651,1,50,0,835.0
10109590SILVAA_2025-03-21_G64,10109590SILVAA,2025-03-21,122703,1,6,0,170.0
10109590SILVAA_2025-03-21_G65,10109590SILVAA,2025-03-21,122984,1,4,0,69.0
10109590SILVAA_2025-03-21_G66,10109590SILVAA,2025-03-21,"122703, 123344",2,26,9,760.0
10109590SILVAA_2025-03-21_G67,10109590SILVAA,2025-03-21,123345,1,11,0,220.0
10109590SILVAA_2025-03-21_G68,10109590SILVAA,2025-03-21,121651,1,25,0,522.0
10109590SILVAA_2025-03-21_G69,10109590SILVAA,2025-03-21,122962,1,12,0,227.0
10109590SILVAA_2025-03-21_G70,10109590SILVAA,2025-03-21,122982,1,4,0,97.0
10109590SILVAA_2025-03-21_G71,10109590SILVAA,2025-03-21,"121760, 123344",3,62,31,429.0
10109590SILVAA_2025-03-21_G72,10109590SILVAA,2025-03-21,122983,1,8,0,1274.0
10109590SILVAA_2025-03-21_G73,10109590SILVAA,2025-03-21,124248,1,4,0,74.0
10109590SILVAA_2025-03-21_G74,10109590SILVAA,2025-03-21,124247,1,12,0,328.0
10109590SILVAA_2025-03-21_G75,10109590SILVAA,2025-03-21,122673,1,4,0,266.0
10109590SILVAA_2025-03-21_G76,10109590SILVAA,2025-03-21,123153,1,6,0,284.0
10109590SILVAA_2025-03-21_G77,10109590SILVAA,2025-03-21,124594,1,8,0,360.0
10109590SILVAA_2025-03-21_G78,10109590SILVAA,2025-03-21,122983,1,20,0,411.0
10109590SILVAA_2025-03-21_G79,10109590SILVAA,2025-03-21,124371,1,4,0,116.0
10109590SILVAA_2025-03-21_G80,10109590SILVAA,2025-03-21,124475,1,2,0,67.0
10109590SILVAA_2025-03-21_G81,10109590SILVAA,2025-03-21,124475,1,2,0,89.0
10109590SILVAA_2025-03-21_G82,10109590SILVAA,2025-03-21,122673,1,2,0,222.0
10109590SILVAA_2025-03-21_G83,10109590SILVAA,2025-03-21,121760,1,18,0,325.0
10109590SILVAA_2025-03-21_G84,10109590SILVAA,2025-03-21,123344,1,4,0,124.0
10109590SILVAA_2025-03-22_G02,10109590SILVAA,2025-03-22,124476,1,80,0,1012.0
10109590SILVAA_2025-03-24_G02,10109590SILVAA,2025-03-24,122984,1,10,0,748.0
10109590SILVAA_2025-03-24_G03,10109590SILVAA,2025-03-24,123153,1,20,0,317.0
10109590SILVAA_2025-03-24_G04,10109590SILVAA,2025-03-24,124486,1,7,0,2379.0
10109590SILVAA_2025-03-24_G05,10109590SILVAA,2025-03-24,122984,1,5,0,184.0
10109590SILVAA_2025-03-24_G06,10109590SILVAA,2025-03-24,122962,1,12,0,213.0
10109590SILVAA_2025-03-24_G07,10109590SILVAA,2025-03-24,122984,1,8,0,247.0
10109590SILVAA_2025-03-24_G08,10109590SILVAA,2025-03-24,123080,1,8,0,415.0
10109590SILVAA_2025-03-24_G09,10109590SILVAA,2025-03-24,124247,1,8,0,214.0
10109590SILVAA_2025-03-24_G10,10109590SILVAA,2025-03-24,122673,1,30,0,265.0
10109590SILVAA_2025-03-24_G11,10109590SILVAA,2025-03-24,122673,1,12,0,223.0
10109590SILVAA_2025-03-24_G12,10109590SILVAA,2025-03-24,124486,1,2,0,45.0
10109590SILVAA_2025-03-24_G13,10109590SILVAA,2025-03-24,124486,1,2,0,89.0
10109590SILVAA_2025-03-24_G14,10109590SILVAA,2025-03-24,121760,1,6,0,269.0
10109590SILVAA_2025-03-24_G15,10109590SILVAA,2025-03-24,121651,1,12,0,366.0
10109590SILVAA_2025-03-24_G16,10109590SILVAA,2025-03-24,122962,1,6,0,55.0
10109590SILVAA_2025-03-24_G17,10109590SILVAA,2025-03-24,124371,1,7,0,161.0
10109590SILVAA_2025-03-24_G18,10109590SILVAA,2025-03-24,124475,1,20,0,386.0
10109590SILVAA_2025-03-24_G19,10109590SILVAA,2025-03-24,124476,1,8,0,133.0
10109590SILVAA_2025-03-24_G20,10109590SILVAA,2025-03-24,124486,1,10,0,156.0
10109590SILVAA_2025-03-24_G21,10109590SILVAA,2025-03-24,124486,1,11,0,144.0
10109590SILVAA_2025-03-24_G22,10109590SILVAA,2025-03-24,124370,1,10,0,495.0
10109590SILVAA_2025-03-24_G24,10109590SILVAA,2025-03-24,123909,1,9,0,116.0
10109590SILVAA_2025-03-24_G25,10109590SILVAA,2025-03-24,122185,1,25,0,526.0
10109590SILVAA_2025-03-24_G26,10109590SILVAA,2025-03-24,124247,1,7,0,159.0
10109590SILVAA_2025-03-24_G27,10109590SILVAA,2025-03-24,121760,1,24,0,508.0
10109590SILVAA_2025-03-24_G28,10109590SILVAA,2025-03-24,123343,1,9,0,376.0
10109590SILVAA_2025-03-24_G29,10109590SILVAA,2025-03-24,123343,1,1,0,78.0
10109590SILVAA_2025-03-24_G30,10109590SILVAA,2025-03-24,123345,1,20,0,541.0
10109590SILVAA_2025-03-24_G32,10109590SILVAA,2025-03-24,120272,1,18,0,756.0
10109590SILVAA_2025-03-24_G33,10109590SILVAA,2025-03-24,122962,1,30,0,682.0
10109590SILVAA_2025-03-24_G34,10109590SILVAA,2025-03-24,122981,1,8,0,155.0
10109590SILVAA_2025-03-24_G35,10109590SILVAA,2025-03-24,124476,1,6,0,82.0
10109590SILVAA_2025-03-24_G36,10109590SILVAA,2025-03-24,124486,1,30,0,323.0
10109590SILVAA_2025-03-24_G37,10109590SILVAA,2025-03-24,123561,1,12,0,161.0
10109590SILVAA_2025-03-24_G38,10109590SILVAA,2025-03-24,121760,1,30,0,247.0
10109590SILVAA_2025-03-25_G02,10109590SILVAA,2025-03-25,121760,1,8,0,161.0
10109590SILVAA_2025-03-25_G03,10109590SILVAA,2025-03-25,123909,1,10,0,339.0
10109590SILVAA_2025-03-25_G04,10109590SILVAA,2025-03-25,123344,1,6,0,224.0
10109590SILVAA_2025-03-25_G05,10109590SILVAA,2025-03-25,123345,1,1,0,78.0
10109590SILVAA_2025-03-25_G06,10109590SILVAA,2025-03-25,122196,1,40,0,1545.0
10109590SILVAA_2025-03-25_G07,10109590SILVAA,2025-03-25,124247,1,24,0,434.0
10109590SILVAA_2025-03-25_G08,10109590SILVAA,2025-03-25,123313,1,4,0,172.0
10109590SILVAA_2025-03-25_G09,10109590SILVAA,2025-03-25,123909,1,6,0,306.0
10109590SILVAA_2025-03-25_G10,10109590SILVAA,2025-03-25,121760,1,20,0,576.0
10109590SILVAA_2025-03-25_G11,10109590SILVAA,2025-03-25,124475,1,12,0,217.0
10109590SILVAA_2025-03-25_G12,10109590SILVAA,2025-03-25,124476,1,20,0,899.0
10109590SILVAA_2025-03-25_G13,10109590SILVAA,2025-03-25,123313,1,4,0,187.0
10109590SILVAA_2025-03-25_G14,10109590SILVAA,2025-03-25,122983,1,24,0,493.0
10109590SILVAA_2025-03-25_G15,10109590SILVAA,2025-03-25,122984,1,8,0,214.0
10109590SILVAA_2025-03-25_G17,10109590SILVAA,2025-03-25,123153,1,2,0,117.0
10109590SILVAA_2025-03-25_G18,10109590SILVAA,2025-03-25,123345,1,40,0,168.0
10109590SILVAA_2025-03-25_G19,10109590SILVAA,2025-03-25,123560,2,4,27,220.0
10109590SILVAA_2025-03-25_G20,10109590SILVAA,2025-03-25,123520,1,3,0,37.0
10109590SILVAA_2025-03-25_G21,10109590SILVAA,2025-03-25,121760,1,15,0,512.0
10109590SILVAA_2025-03-25_G22,10109590SILVAA,2025-03-25,120271,1,10,0,162.0
10109590SILVAA_2025-03-25_G23,10109590SILVAA,2025-03-25,124264,1,12,0,285.0
10109590SILVAA_2025-03-25_G24,10109590SILVAA,2025-03-25,122982,1,22,0,460.0
10109590SILVAA_2025-03-25_G25,10109590SILVAA,2025-03-25,123344,1,10,0,397.0
10109590SILVAA_2025-03-26_G02,10109590SILVAA,2025-03-26,124486,1,100,0,1127.0
10109590SILVAA_2025-03-26_G03,10109590SILVAA,2025-03-26,122984,1,30,0,1008.0
10109590SILVAA_2025-03-26_G04,10109590SILVAA,2025-03-26,124248,1,30,0,516.0
10109590SILVAA_2025-03-26_G05,10109590SILVAA,2025-03-26,124486,1,30,0,223.0
10109590SILVAA_2025-03-26_G06,10109590SILVAA,2025-03-26,122982,1,30,0,498.0
10109590SILVAA_2025-03-26_G07,10109590SILVAA,2025-03-26,122988,1,25,0,343.0
10109590SILVAA_2025-03-26_G08,10109590SILVAA,2025-03-26,122988,1,5,0,152.0
10109590SILVAA_2025-03-26_G09,10109590SILVAA,2025-03-26,122986,1,14,0,1144.0
10109590SILVAA_2025-03-26_G10,10109590SILVAA,2025-03-26,122673,1,26,0,507.0
10109590SILVAA_2025-03-26_G11,10109590SILVAA,2025-03-26,123153,1,16,0,310.0
10109590SILVAA_2025-03-26_G12,10109590SILVAA,2025-03-26,123153,1,60,0,938.0
10109590SILVAA_2025-03-26_G13,10109590SILVAA,2025-03-26,123153,1,10,0,1246.0
10109590SILVAA_2025-03-26_G14,10109590SILVAA,2025-03-26,123153,1,10,0,237.0
10109590SILVAA_2025-03-26_G15,10109590SILVAA,2025-03-26,123153,1,4,0,80.0
10109590SILVAA_2025-03-26_G16,10109590SILVAA,2025-03-26,122985,1,1,0,219.0
10109590SILVAA_2025-03-26_G17,10109590SILVAA,2025-03-26,122962,1,8,0,369.0
10109590SILVAA_2025-03-26_G18,10109590SILVAA,2025-03-26,124486,1,12,0,296.0
10109590SILVAA_2025-03-26_G19,10109590SILVAA,2025-03-26,122673,1,5,0,93.0
10109590SILVAA_2025-03-26_G20,10109590SILVAA,2025-03-26,123345,1,4,0,422.0
10109590SILVAA_2025-03-26_G22,10109590SILVAA,2025-03-26,122962,1,8,0,70.0
10109590SILVAA_2025-03-26_G23,10109590SILVAA,2025-03-26,122671,1,8,0,123.0
10109590SILVAA_2025-03-26_G24,10109590SILVAA,2025-03-26,124371,1,4,0,216.0
10109590SILVAA_2025-03-26_G25,10109590SILVAA,2025-03-26,122647,1,12,0,164.0
10109590SILVAA_2025-03-26_G26,10109590SILVAA,2025-03-26,124475,1,10,0,187.0
10109590SILVAA_2025-03-26_G27,10109590SILVAA,2025-03-26,124476,1,8,0,132.0
10109590SILVAA_2025-03-26_G28,10109590SILVAA,2025-03-26,120389,1,8,0,68.0
10109590SILVAA_2025-03-26_G29,10109590SILVAA,2025-03-26,124370,1,6,0,100.0
10109590SILVAA_2025-03-26_G30,10109590SILVAA,2025-03-26,121760,1,80,0,2647.0
10109590SILVAA_2025-03-26_G31,10109590SILVAA,2025-03-26,122673,1,70,0,832.0
10109590SILVAA_2025-03-26_G32,10109590SILVAA,2025-03-26,123153,1,60,0,566.0
10109590SILVAA_2025-03-26_G33,10109590SILVAA,2025-03-26,123344,1,16,0,722.0
10109590SILVAA_2025-03-26_G34,10109590SILVAA,2025-03-26,123345,1,1,0,76.0
10109590SILVAA_2025-03-26_G35,10109590SILVAA,2025-03-26,123343,1,16,0,405.0
10109590SILVAA_2025-03-26_G36,10109590SILVAA,2025-03-26,123345,3,15,47,771.0
10109590SILVAA_2025-03-26_G37,10109590SILVAA,2025-03-26,123345,2,10,15,62.0
10109590SILVAA_2025-03-28_G02,10109590SILVAA,2025-03-28,120321,1,32,0,244.0
10109590SILVAA_2025-03-28_G03,10109590SILVAA,2025-03-28,120321,1,50,0,1274.0
10109590SILVAA_2025-03-28_G04,10109590SILVAA,2025-03-28,120321,1,22,0,605.0
10109590SILVAA_2025-03-28_G06,10109590SILVAA,2025-03-28,123492,1,14,0,554.0
10109590SILVAA_2025-03-28_G07,10109590SILVAA,2025-03-28,124486,1,28,0,825.0
10109590SILVAA_2025-03-28_G08,10109590SILVAA,2025-03-28,180094,1,2,0,199.0
10109590SILVAA_2025-03-28_G09,10109590SILVAA,2025-03-28,122985,1,6,0,284.0
10109590SILVAA_2025-03-28_G10,10109590SILVAA,2025-03-28,122981,1,10,0,138.0
10109590SILVAA_2025-03-28_G11,10109590SILVAA,2025-03-28,120271,1,2,0,64.0
10109590SILVAA_2025-03-28_G12,10109590SILVAA,2025-03-28,122983,1,8,0,316.0
10109590SILVAA_2025-03-28_G13,10109590SILVAA,2025-03-28,122983,1,7,0,85.0
10109590SILVAA_2025-03-28_G14,10109590SILVAA,2025-03-28,123032,1,100,0,1621.0
10109590SILVAA_2025-03-28_G16,10109590SILVAA,2025-03-28,123947,1,120,0,181.0
10109590SILVAA_2025-03-28_G17,10109590SILVAA,2025-03-28,123153,1,60,0,468.0
10109590SILVAA_2025-03-28_G19,10109590SILVAA,2025-03-28,122185,1,66,0,1037.0
10109590SILVAA_2025-03-29_G02,10109590SILVAA,2025-03-29,121760,1,20,0,239.0
10109590SILVAA_2025-03-29_G03,10109590SILVAA,2025-03-29,122983,1,8,0,246.0
10109590SILVAA_2025-03-29_G04,10109590SILVAA,2025-03-29,123909,1,10,0,131.0
10109590SILVAA_2025-03-29_G05,10109590SILVAA,2025-03-29,123344,1,10,0,581.0
10109590SILVAA_2025-03-29_G06,10109590SILVAA,2025-03-29,123345,1,10,0,84.0
10109590SILVAA_2025-03-29_G07,10109590SILVAA,2025-03-29,122671,1,4,0,120.0
10109590SILVAA_2025-03-29_G08,10109590SILVAA,2025-03-29,124371,1,12,0,216.0
10109590SILVAA_2025-03-29_G09,10109590SILVAA,2025-03-29,124475,1,8,0,251.0
10109590SILVAA_2025-03-29_G10,10109590SILVAA,2025-03-29,121760,1,24,0,341.0
10109590SILVAA_2025-03-29_G11,10109590SILVAA,2025-03-29,123909,1,4,0,34.0
10109590SILVAA_2025-03-29_G12,10109590SILVAA,2025-03-29,123344,1,24,0,360.0
10109590SILVAA_2025-03-29_G13,10109590SILVAA,2025-03-29,123343,1,3,0,160.0
10109590SILVAA_2025-03-29_G14,10109590SILVAA,2025-03-29,123345,1,10,0,148.0
10109590SILVAA_2025-03-29_G15,10109590SILVAA,2025-03-29,123032,1,100,0,3100.0
10109590SILVAA_2025-03-29_G16,10109590SILVAA,2025-03-29,124371,1,21,0,725.0
10109590SILVAA_2025-03-29_G17,10109590SILVAA,2025-03-29,124476,1,4,0,627.0
10109590SILVAA_2025-03-29_G18,10109590SILVAA,2025-03-29,122984,1,2,0,84.0
10109590SILVAA_2025-03-29_G19,10109590SILVAA,2025-03-29,121760,1,22,0,457.0
10109590SILVAA_2025-03-29_G20,10109590SILVAA,2025-03-29,121760,1,1,0,38.0
10109590SILVAA_2025-03-29_G21,10109590SILVAA,2025-03-29,123561,2,4,19,96.0
10109590SILVAA_2025-03-29_G22,10109590SILVAA,2025-03-29,121651,1,10,0,416.0
10109590SILVAA_2025-03-29_G23,10109590SILVAA,2025-03-29,121760,1,8,0,268.0
10109590SILVAA_2025-03-29_G24,10109590SILVAA,2025-03-29,123032,1,12,0,236.0
10109590SILVAA_2025-03-29_G25,10109590SILVAA,2025-03-29,180378,1,2,0,217.0
10109590SILVAA_2025-03-29_G26,10109590SILVAA,2025-03-29,123343,1,10,0,454.0
10109590SILVAA_2025-03-29_G28,10109590SILVAA,2025-03-29,122982,1,5,0,164.0
10109590SILVAA_2025-03-29_G29,10109590SILVAA,2025-03-29,122986,1,8,0,326.0
10109590SILVAA_2025-03-29_G30,10109590SILVAA,2025-03-29,122981,1,8,0,132.0
10109590SILVAA_2025-03-29_G31,10109590SILVAA,2025-03-29,124248,1,20,0,337.0
10109590SILVAA_2025-03-29_G32,10109590SILVAA,2025-03-29,122982,1,3,0,84.0
10109590SILVAA_2025-03-29_G33,10109590SILVAA,2025-03-29,122988,1,20,0,646.0
10109590SILVAA_2025-03-29_G34,10109590SILVAA,2025-03-29,123822,1,53,0,1246.0
10109590SILVAA_2025-03-29_G35,10109590SILVAA,2025-03-29,123344,1,40,0,416.0
10109590SILVAA_2025-03-29_G36,10109590SILVAA,2025-03-29,124486,1,60,0,332.0
10109590SILVAA_2025-03-29_G37,10109590SILVAA,2025-03-29,123343,1,30,0,563.0
10109590SILVAA_2025-03-29_G38,10109590SILVAA,2025-03-29,124476,1,12,0,158.0
10109590SILVAA_2025-03-29_G39,10109590SILVAA,2025-03-29,123032,2,10,27,164.0
10109590SILVAA_2025-03-29_G40,10109590SILVAA,2025-03-29,123313,1,5,0,254.0
10109590SILVAA_2025-03-29_G41,10109590SILVAA,2025-03-29,123032,1,2,0,194.0
10109590SILVAA_2025-03-29_G42,10109590SILVAA,2025-03-29,124486,1,60,0,502.0
10109590SILVAA_2025-03-29_G43,10109590SILVAA,2025-03-29,"123032, 122671",2,20,26,105.0
10109590SILVAA_2025-03-29_G44,10109590SILVAA,2025-03-29,124433,1,8,0,377.0
10109590SILVAA_2025-03-29_G45,10109590SILVAA,2025-03-29,124433,1,12,0,416.0
10109590SILVAA_2025-03-29_G46,10109590SILVAA,2025-03-29,121760,1,10,0,236.0
10109590SILVAA_2025-03-29_G47,10109590SILVAA,2025-03-29,123521,1,50,0,989.0
10109590SILVAA_2025-03-29_G48,10109590SILVAA,2025-03-29,124486,1,80,0,586.0
10109590SILVAA_2025-03-30_G02,10109590SILVAA,2025-03-30,122671,1,2,0,122.0
10109590SILVAA_2025-03-30_G03,10109590SILVAA,2025-03-30,124248,1,30,0,576.0
10109590SILVAA_2025-03-30_G04,10109590SILVAA,2025-03-30,122985,1,2,0,230.0
10109590SILVAA_2025-03-30_G05,10109590SILVAA,2025-03-30,122671,1,4,0,104.0
10109590SILVAA_2025-03-30_G06,10109590SILVAA,2025-03-30,122981,1,3,0,161.0
10109590SILVAA_2025-03-30_G07,10109590SILVAA,2025-03-30,122703,1,1,0,146.0
10109590SILVAA_2025-03-30_G08,10109590SILVAA,2025-03-30,124248,1,8,0,265.0
10109590SILVAA_2025-03-30_G09,10109590SILVAA,2025-03-30,122185,1,4,0,101.0
10109590SILVAA_2025-03-30_G10,10109590SILVAA,2025-03-30,122984,1,12,0,356.0
10109590SILVAA_2025-03-30_G11,10109590SILVAA,2025-03-30,122983,1,4,0,73.0
10109590SILVAA_2025-03-30_G13,10109590SILVAA,2025-03-30,123344,1,4,0,115.0
10109590SILVAA_2025-03-30_G14,10109590SILVAA,2025-03-30,123343,1,12,0,485.0
10109590SILVAA_2025-03-30_G15,10109590SILVAA,2025-03-30,123345,1,11,0,286.0
10109590SILVAA_2025-03-30_G16,10109590SILVAA,2025-03-30,123032,1,13,0,340.0
10109590SILVAA_2025-03-30_G17,10109590SILVAA,2025-03-30,181057,1,4,0,319.0
10109590SILVAA_2025-03-30_G18,10109590SILVAA,2025-03-30,181887,1,6,0,218.0
10109590SILVAA_2025-03-30_G19,10109590SILVAA,2025-03-30,122185,1,42,0,718.0
10109590SILVAA_2025-03-30_G20,10109590SILVAA,2025-03-30,122984,1,36,0,825.0
10109590SILVAA_2025-03-30_G22,10109590SILVAA,2025-03-30,121760,1,26,0,713.0
10109590SILVAA_2025-03-30_G23,10109590SILVAA,2025-03-30,124475,1,8,0,257.0
10109590SILVAA_2025-03-30_G24,10109590SILVAA,2025-03-30,121651,1,4,0,83.0
10109590SILVAA_2025-03-30_G25,10109590SILVAA,2025-03-30,123344,1,12,0,561.0
10109590SILVAA_2025-03-30_G26,10109590SILVAA,2025-03-30,123345,1,6,0,189.0
10109590SILVAA_2025-03-30_G27,10109590SILVAA,2025-03-30,121760,1,4,0,234.0
10109590SILVAA_2025-03-30_G28,10109590SILVAA,2025-03-30,122986,1,16,0,479.0
10109590SILVAA_2025-03-30_G29,10109590SILVAA,2025-03-30,124247,1,10,0,193.0
10109590SILVAA_2025-03-30_G30,10109590SILVAA,2025-03-30,122986,1,12,0,1229.0
10109590SILVAA_2025-03-30_G31,10109590SILVAA,2025-03-30,122985,1,28,0,613.0
10109590SILVAA_2025-03-30_G32,10109590SILVAA,2025-03-30,122985,1,14,0,263.0
10109590SILVAA_2025-03-30_G33,10109590SILVAA,2025-03-30,121760,1,18,0,342.0
10109590SILVAA_2025-03-30_G34,10109590SILVAA,2025-03-30,121760,1,2,0,70.0
10109590SILVAA_2025-03-30_G35,10109590SILVAA,2025-03-30,122981,1,20,0,199.0
10109590SILVAA_2025-03-30_G36,10109590SILVAA,2025-03-30,122984,1,20,0,524.0
10109590SILVAA_2025-03-30_G37,10109590SILVAA,2025-03-30,123561,1,32,0,511.0
10109590SILVAA_2025-03-30_G38,10109590SILVAA,2025-03-30,122983,1,20,0,343.0
10109590SILVAA_2025-03-30_G39,10109590SILVAA,2025-03-30,121651,1,4,0,88.0
10109590SILVAA_2025-03-30_G40,10109590SILVAA,2025-03-30,120339,1,2,0,133.0
10109590SILVAA_2025-03-30_G41,10109590SILVAA,2025-03-30,123561,1,4,0,254.0
10109590SILVAA_2025-03-30_G42,10109590SILVAA,2025-03-30,120339,1,3,0,168.0
10109590SILVAA_2025-03-30_G43,10109590SILVAA,2025-03-30,120339,1,8,0,217.0
10109590SILVAA_2025-03-30_G44,10109590SILVAA,2025-03-30,120339,1,10,0,216.0
10109590SILVAA_2025-03-30_G45,10109590SILVAA,2025-03-30,120339,1,2,0,58.0
10109590SILVAA_2025-03-30_G46,10109590SILVAA,2025-03-30,123344,1,4,0,624.0
10109590SILVAA_2025-03-30_G47,10109590SILVAA,2025-03-30,122983,1,20,0,1067.0
10109590SILVAA_2025-03-30_G48,10109590SILVAA,2025-03-30,124248,1,4,0,100.0
10109590SILVAA_2025-03-30_G49,10109590SILVAA,2025-03-30,122185,1,12,0,215.0
10109590SILVAA_2025-03-30_G50,10109590SILVAA,2025-03-30,122984,1,8,0,178.0
10109590SILVAA_2025-03-30_G51,10109590SILVAA,2025-03-30,123909,1,2,0,55.0
10109590SILVAA_2025-03-30_G52,10109590SILVAA,2025-03-30,123032,1,48,0,703.0
10109590SILVAA_2025-03-31_G02,10109590SILVAA,2025-03-31,123909,1,4,0,238.0
10109590SILVAA_2025-03-31_G03,10109590SILVAA,2025-03-31,120008,1,30,0,1918.0
10109590SILVAA_2025-03-31_G04,10109590SILVAA,2025-03-31,122982,1,1,0,170.0
10109590SILVAA_2025-03-31_G05,10109590SILVAA,2025-03-31,122984,1,8,0,179.0
10109590SILVAA_2025-03-31_G06,10109590SILVAA,2025-03-31,121651,1,8,0,115.0
10109590SILVAA_2025-03-31_G07,10109590SILVAA,2025-03-31,123344,1,6,0,294.0
10109590SILVAA_2025-03-31_G08,10109590SILVAA,2025-03-31,124475,1,12,0,333.0
10109590SILVAA_2025-03-31_G09,10109590SILVAA,2025-03-31,122984,1,4,0,49.0
10109590SILVAA_2025-03-31_G10,10109590SILVAA,2025-03-31,120339,1,8,0,281.0
10109590SILVAA_2025-03-31_G11,10109590SILVAA,2025-03-31,121651,1,30,0,698.0
10109590SILVAA_2025-03-31_G12,10109590SILVAA,2025-03-31,121651,1,30,0,880.0
10109590SILVAA_2025-03-31_G13,10109590SILVAA,2025-03-31,121760,1,6,0,151.0
10109590SILVAA_2025-03-31_G14,10109590SILVAA,2025-03-31,124475,1,8,0,294.0
10109590SILVAA_2025-03-31_G15,10109590SILVAA,2025-03-31,123344,1,12,0,393.0
10109590SILVAA_2025-03-31_G16,10109590SILVAA,2025-03-31,122984,1,20,0,586.0
10109590SILVAA_2025-03-31_G17,10109590SILVAA,2025-03-31,121760,1,1,0,59.0
10109590SILVAA_2025-03-31_G18,10109590SILVAA,2025-03-31,124371,1,24,0,480.0
10109590SILVAA_2025-03-31_G19,10109590SILVAA,2025-03-31,124475,1,8,0,251.0
10109590SILVAA_2025-03-31_G20,10109590SILVAA,2025-03-31,124476,1,4,0,486.0
10109590SILVAA_2025-03-31_G21,10109590SILVAA,2025-03-31,120389,1,3,0,106.0
10109590SILVAA_2025-03-31_G22,10109590SILVAA,2025-03-31,122673,1,1,0,59.0
10109590SILVAA_2025-03-31_G23,10109590SILVAA,2025-03-31,122984,1,5,0,86.0
10109590SILVAA_2025-03-31_G24,10109590SILVAA,2025-03-31,122185,1,2,0,96.0
10109590SILVAA_2025-03-31_G25,10109590SILVAA,2025-03-31,122673,1,4,0,140.0
10109590SILVAA_2025-03-31_G26,10109590SILVAA,2025-03-31,122984,1,4,0,161.0
10109590SILVAA_2025-03-31_G27,10109590SILVAA,2025-03-31,123344,1,5,0,216.0
10109590SILVAA_2025-03-31_G28,10109590SILVAA,2025-03-31,121760,1,1,0,165.0
10109590SILVAA_2025-03-31_G29,10109590SILVAA,2025-03-31,122185,1,8,0,141.0
10109590SILVAA_2025-03-31_G30,10109590SILVAA,2025-03-31,123345,1,4,0,99.0
10109590SILVAA_2025-03-31_G31,10109590SILVAA,2025-03-31,122647,1,90,0,2779.0
10109590SILVAA_2025-03-31_G32,10109590SILVAA,2025-03-31,122647,1,48,0,983.0
10109590SILVAA_2025-03-31_G33,10109590SILVAA,2025-03-31,122984,1,31,0,513.0
10109590SILVAA_2025-03-31_G34,10109590SILVAA,2025-03-31,122647,1,10,0,261.0
10109590SILVAA_2025-03-31_G35,10109590SILVAA,2025-03-31,122647,1,12,0,338.0
10109590SILVAA_2025-03-31_G36,10109590SILVAA,2025-03-31,"124475, 123344",2,6,17,643.0
10109590SILVAA_2025-03-31_G37,10109590SILVAA,2025-03-31,121760,1,6,0,80.0
10109590SILVAA_2025-03-31_G38,10109590SILVAA,2025-03-31,123889,1,8,0,206.0
10109590SILVAA_2025-03-31_G39,10109590SILVAA,2025-03-31,124594,1,4,0,167.0
10109590SILVAA_2025-03-31_G40,10109590SILVAA,2025-03-31,124486,1,40,0,717.0
10109590SILVAA_2025-03-31_G41,10109590SILVAA,2025-03-31,124371,1,4,0,574.0
10109590SILVAA_2025-03-31_G42,10109590SILVAA,2025-03-31,124475,1,6,0,306.0
10109590SILVAA_2025-03-31_G43,10109590SILVAA,2025-03-31,120028,1,20,0,511.0
10109590SILVAA_2025-03-31_G44,10109590SILVAA,2025-03-31,121651,1,50,0,952.0
10109590SILVAA_2025-03-31_G45,10109590SILVAA,2025-03-31,124248,1,4,0,110.0
10109590SILVAA_2025-04-03_G02,10109590SILVAA,2025-04-03,121651,1,20,0,263.0
10109590SILVAA_2025-04-07_G02,10109590SILVAA,2025-04-07,123344,1,4,0,402.0
10109590SILVAA_2025-04-07_G03,10109590SILVAA,2025-04-07,123909,1,2,0,172.0
10109590SILVAA_2025-04-07_G04,10109590SILVAA,2025-04-07,121760,1,12,0,338.0
10109590SILVAA_2025-04-07_G05,10109590SILVAA,2025-04-07,123343,1,2,0,127.0
10109590SILVAA_2025-04-07_G06,10109590SILVAA,2025-04-07,122962,1,11,0,283.0
10109590SILVAA_2025-04-07_G07,10109590SILVAA,2025-04-07,124486,1,20,0,380.0
10109590SILVAA_2025-04-07_G08,10109590SILVAA,2025-04-07,121760,1,4,0,109.0
10109590SILVAA_2025-04-07_G09,10109590SILVAA,2025-04-07,121760,1,4,0,245.0
10109590SILVAA_2025-04-07_G10,10109590SILVAA,2025-04-07,122985,1,15,0,867.0
10109590SILVAA_2025-04-07_G11,10109590SILVAA,2025-04-07,122981,1,10,0,93.0
10109590SILVAA_2025-04-07_G12,10109590SILVAA,2025-04-07,124371,1,50,0,582.0
10109590SILVAA_2025-04-07_G13,10109590SILVAA,2025-04-07,123345,2,64,11,1497.0
10109590SILVAA_2025-04-07_G14,10109590SILVAA,2025-04-07,123343,1,30,0,407.0
10109590SILVAA_2025-04-07_G15,10109590SILVAA,2025-04-07,123344,1,20,0,690.0
10109590SILVAA_2025-04-08_G02,10109590SILVAA,2025-04-08,122984,1,90,0,1465.0
10109590SILVAA_2025-04-08_G03,10109590SILVAA,2025-04-08,122985,1,10,0,609.0
10109590SILVAA_2025-04-08_G04,10109590SILVAA,2025-04-08,122673,1,29,0,814.0
10109590SILVAA_2025-04-08_G05,10109590SILVAA,2025-04-08,124248,1,6,0,108.0
10109590SILVAA_2025-04-08_G06,10109590SILVAA,2025-04-08,122984,1,18,0,611.0
10109590SILVAA_2025-04-08_G07,10109590SILVAA,2025-04-08,124248,1,4,0,121.0
10109590SILVAA_2025-04-08_G08,10109590SILVAA,2025-04-08,122985,1,2,0,112.0
10109590SILVAA_2025-04-08_G09,10109590SILVAA,2025-04-08,122673,1,10,0,291.0
10109590SILVAA_2025-04-08_G10,10109590SILVAA,2025-04-08,123345,1,4,0,150.0
10109590SILVAA_2025-04-08_G11,10109590SILVAA,2025-04-08,122673,1,10,0,728.0
10109590SILVAA_2025-04-08_G12,10109590SILVAA,2025-04-08,123345,1,2,0,80.0
10109590SILVAA_2025-04-08_G13,10109590SILVAA,2025-04-08,122985,1,2,0,102.0
10109590SILVAA_2025-04-08_G14,10109590SILVAA,2025-04-08,122673,1,14,0,414.0
10109590SILVAA_2025-04-08_G15,10109590SILVAA,2025-04-08,123345,1,2,0,84.0
10109590SILVAA_2025-04-08_G16,10109590SILVAA,2025-04-08,122962,1,6,0,232.0
10109590SILVAA_2025-04-08_G17,10109590SILVAA,2025-04-08,121760,1,4,0,159.0
10109590SILVAA_2025-04-08_G18,10109590SILVAA,2025-04-08,124475,1,4,0,141.0
10109590SILVAA_2025-04-08_G19,10109590SILVAA,2025-04-08,124475,1,12,0,229.0
10109590SILVAA_2025-04-08_G20,10109590SILVAA,2025-04-08,123344,1,4,0,516.0
10109590SILVAA_2025-04-08_G21,10109590SILVAA,2025-04-08,121760,1,4,0,200.0
10109590SILVAA_2025-04-08_G22,10109590SILVAA,2025-04-08,123909,1,4,0,115.0
10109590SILVAA_2025-04-08_G23,10109590SILVAA,2025-04-08,122962,1,51,0,724.0
10109590SILVAA_2025-04-08_G24,10109590SILVAA,2025-04-08,122985,1,11,0,1607.0
10109590SILVAA_2025-04-08_G25,10109590SILVAA,2025-04-08,121760,1,10,0,231.0
10109590SILVAA_2025-04-08_G26,10109590SILVAA,2025-04-08,122671,1,1,0,37.0
10109590SILVAA_2025-04-08_G27,10109590SILVAA,2025-04-08,122981,1,2,0,79.0
10109590SILVAA_2025-04-08_G28,10109590SILVAA,2025-04-08,124371,1,8,0,237.0
10109590SILVAA_2025-04-08_G29,10109590SILVAA,2025-04-08,124476,1,6,0,109.0
10109590SILVAA_2025-04-08_G30,10109590SILVAA,2025-04-08,122982,1,1,0,152.0
10109590SILVAA_2025-04-08_G31,10109590SILVAA,2025-04-08,120389,1,6,0,127.0
10109590SILVAA_2025-04-08_G32,10109590SILVAA,2025-04-08,124248,1,10,0,287.0
10109590SILVAA_2025-04-08_G33,10109590SILVAA,2025-04-08,124370,1,19,0,871.0
10109590SILVAA_2025-04-08_G34,10109590SILVAA,2025-04-08,124475,1,12,0,280.0
10109590SILVAA_2025-04-08_G35,10109590SILVAA,2025-04-08,122983,1,9,0,200.0
10109590SILVAA_2025-04-08_G36,10109590SILVAA,2025-04-08,122984,1,11,0,310.0
10109590SILVAA_2025-04-08_G37,10109590SILVAA,2025-04-08,122984,1,22,0,500.0
10109590SILVAA_2025-04-08_G38,10109590SILVAA,2025-04-08,124486,1,9,0,96.0
10109590SILVAA_2025-04-08_G39,10109590SILVAA,2025-04-08,123909,1,15,0,460.0
10109590SILVAA_2025-04-08_G40,10109590SILVAA,2025-04-08,123345,1,14,0,289.0
10109590SILVAA_2025-04-08_G42,10109590SILVAA,2025-04-08,124486,1,60,0,1591.0
10109590SILVAA_2025-04-08_G43,10109590SILVAA,2025-04-08,122962,1,40,0,603.0
10109590SILVAA_2025-04-08_G44,10109590SILVAA,2025-04-08,124486,1,16,0,302.0
10109590SILVAA_2025-04-08_G45,10109590SILVAA,2025-04-08,122962,1,8,0,182.0
10109590SILVAA_2025-04-08_G46,10109590SILVAA,2025-04-08,123520,1,2,0,184.0
10109590SILVAA_2025-04-08_G47,10109590SILVAA,2025-04-08,124486,1,36,0,993.0
10109590SILVAA_2025-04-08_G48,10109590SILVAA,2025-04-08,122962,1,36,0,613.0
10109590SILVAA_2025-04-08_G49,10109590SILVAA,2025-04-08,123343,1,6,0,462.0
10109590SILVAA_2025-04-08_G50,10109590SILVAA,2025-04-08,123345,1,6,0,239.0
10109590SILVAA_2025-04-08_G51,10109590SILVAA,2025-04-08,124486,1,25,0,671.0
10109590SILVAA_2025-04-08_G52,10109590SILVAA,2025-04-08,122962,1,4,0,95.0
10109590SILVAA_2025-04-08_G53,10109590SILVAA,2025-04-08,123153,1,40,0,658.0
10109590SILVAA_2025-04-08_G54,10109590SILVAA,2025-04-08,122962,1,32,0,626.0
10109590SILVAA_2025-04-10_G02,10109590SILVAA,2025-04-10,124486,1,30,0,2240.0
10109590SILVAA_2025-04-10_G03,10109590SILVAA,2025-04-10,122189,1,14,0,709.0
10109590SILVAA_2025-04-10_G04,10109590SILVAA,2025-04-10,123911,1,10,0,456.0
10109590SILVAA_2025-04-10_G05,10109590SILVAA,2025-04-10,124248,1,8,0,1211.0
10109590SILVAA_2025-04-10_G06,10109590SILVAA,2025-04-10,123562,1,10,0,259.0
10109590SILVAA_2025-04-10_G08,10109590SILVAA,2025-04-10,123521,1,12,0,224.0
10109590SILVAA_2025-04-10_G09,10109590SILVAA,2025-04-10,122984,1,4,0,79.0
10109590SILVAA_2025-04-10_G10,10109590SILVAA,2025-04-10,122983,1,6,0,199.0
10109590SILVAA_2025-04-10_G11,10109590SILVAA,2025-04-10,123560,1,7,0,330.0
10109590SILVAA_2025-04-10_G12,10109590SILVAA,2025-04-10,123032,1,28,0,256.0
10109590SILVAA_2025-04-10_G13,10109590SILVAA,2025-04-10,123032,1,20,0,488.0
10109590SILVAA_2025-04-10_G14,10109590SILVAA,2025-04-10,180024,1,8,0,392.0
10109590SILVAA_2025-04-10_G15,10109590SILVAA,2025-04-10,120028,1,4,0,181.0
10109590SILVAA_2025-04-10_G16,10109590SILVAA,2025-04-10,123032,1,7,0,301.0
10109590SILVAA_2025-04-10_G17,10109590SILVAA,2025-04-10,122647,1,6,0,177.0
10109590SILVAA_2025-04-10_G18,10109590SILVAA,2025-04-10,123032,2,49,17,523.0
10109590SILVAA_2025-04-10_G19,10109590SILVAA,2025-04-10,124475,1,1,0,463.0
10109590SILVAA_2025-04-10_G20,10109590SILVAA,2025-04-10,122673,1,4,0,220.0
10109590SILVAA_2025-04-10_G21,10109590SILVAA,2025-04-10,122983,1,4,0,419.0
10109590SILVAA_2025-04-10_G22,10109590SILVAA,2025-04-10,122984,1,4,0,254.0
10109590SILVAA_2025-04-10_G23,10109590SILVAA,2025-04-10,124371,1,4,0,92.0
10109590SILVAA_2025-04-10_G24,10109590SILVAA,2025-04-10,123343,1,4,0,135.0
10109590SILVAA_2025-04-10_G25,10109590SILVAA,2025-04-10,122673,1,25,0,512.0
10109590SILVAA_2025-04-10_G26,10109590SILVAA,2025-04-10,124486,1,20,0,250.0
10109590SILVAA_2025-04-10_G27,10109590SILVAA,2025-04-10,124486,1,30,0,285.0
10109590SILVAA_2025-04-10_G28,10109590SILVAA,2025-04-10,123909,1,40,0,407.0
10109590SILVAA_2025-04-10_G29,10109590SILVAA,2025-04-10,123492,1,11,0,411.0
10109590SILVAA_2025-04-10_G30,10109590SILVAA,2025-04-10,180025,1,1,0,345.0
10109590SILVAA_2025-04-10_G31,10109590SILVAA,2025-04-10,122983,1,5,0,434.0
10109590SILVAA_2025-04-10_G32,10109590SILVAA,2025-04-10,122985,1,2,0,128.0
10109590SILVAA_2025-04-10_G33,10109590SILVAA,2025-04-10,122962,1,4,0,150.0
10109590SILVAA_2025-04-10_G34,10109590SILVAA,2025-04-10,124476,1,4,0,78.0
10109590SILVAA_2025-04-10_G35,10109590SILVAA,2025-04-10,123080,1,8,0,145.0
10109590SILVAA_2025-04-10_G36,10109590SILVAA,2025-04-10,120389,1,16,0,149.0
10109590SILVAA_2025-04-10_G37,10109590SILVAA,2025-04-10,124475,1,5,0,58.0
10109590SILVAA_2025-04-10_G38,10109590SILVAA,2025-04-10,123343,1,6,0,77.0
10109590SILVAA_2025-04-10_G39,10109590SILVAA,2025-04-10,123081,1,20,0,515.0
10109590SILVAA_2025-04-10_G40,10109590SILVAA,2025-04-10,122985,1,14,0,191.0
10109590SILVAA_2025-04-10_G41,10109590SILVAA,2025-04-10,122673,1,20,0,179.0
10109590SILVAA_2025-04-10_G42,10109590SILVAA,2025-04-10,122647,1,10,0,230.0
10109590SILVAA_2025-04-10_G43,10109590SILVAA,2025-04-10,122984,1,4,0,762.0
10109590SILVAA_2025-04-11_G02,10109590SILVAA,2025-04-11,123822,1,1,0,124.0
10109590SILVAA_2025-04-11_G03,10109590SILVAA,2025-04-11,122647,1,20,0,541.0
10109590SILVAA_2025-04-11_G04,10109590SILVAA,2025-04-11,124486,1,4,0,175.0
10109590SILVAA_2025-04-11_G05,10109590SILVAA,2025-04-11,124248,1,4,0,1640.0
10109590SILVAA_2025-04-11_G06,10109590SILVAA,2025-04-11,122984,1,8,0,134.0
10109590SILVAA_2025-04-11_G07,10109590SILVAA,2025-04-11,123889,1,10,0,479.0
10109590SILVAA_2025-04-11_G08,10109590SILVAA,2025-04-11,123153,1,2,0,111.0
10109590SILVAA_2025-04-11_G09,10109590SILVAA,2025-04-11,123153,2,6,24,51.0
10109590SILVAA_2025-04-11_G10,10109590SILVAA,2025-04-11,123947,1,4,0,204.0
10109590SILVAA_2025-04-11_G11,10109590SILVAA,2025-04-11,123947,1,12,0,753.0
10109590SILVAA_2025-04-11_G12,10109590SILVAA,2025-04-11,123947,1,8,0,647.0
10109590SILVAA_2025-04-11_G13,10109590SILVAA,2025-04-11,123947,1,8,0,618.0
10109590SILVAA_2025-04-11_G14,10109590SILVAA,2025-04-11,123947,2,38,17,811.0
10109590SILVAA_2025-04-11_G15,10109590SILVAA,2025-04-11,123153,1,16,0,487.0
10109590SILVAA_2025-04-11_G16,10109590SILVAA,2025-04-11,124264,1,16,0,2001.0
10109590SILVAA_2025-04-12_G02,10109590SILVAA,2025-04-12,120389,1,40,0,652.0
10109590SILVAA_2025-04-12_G03,10109590SILVAA,2025-04-12,120028,1,12,0,446.0
10109590SILVAA_2025-04-12_G04,10109590SILVAA,2025-04-12,123153,1,20,0,362.0
10109590SILVAA_2025-04-12_G05,10109590SILVAA,2025-04-12,124264,1,20,0,281.0
10109590SILVAA_2025-04-12_G06,10109590SILVAA,2025-04-12,124248,1,20,0,296.0
10109590SILVAA_2025-04-12_G07,10109590SILVAA,2025-04-12,122986,1,6,0,1914.0
10109590SILVAA_2025-04-12_G08,10109590SILVAA,2025-04-12,124486,1,6,0,278.0
10109590SILVAA_2025-04-12_G09,10109590SILVAA,2025-04-12,120389,1,4,0,99.0
10109590SILVAA_2025-04-12_G10,10109590SILVAA,2025-04-12,121923,1,4,0,49.0
10109590SILVAA_2025-04-12_G11,10109590SILVAA,2025-04-12,123909,1,6,0,141.0
10109590SILVAA_2025-04-12_G12,10109590SILVAA,2025-04-12,124486,1,11,0,172.0
10109590SILVAA_2025-04-12_G13,10109590SILVAA,2025-04-12,123343,1,6,0,158.0
10109590SILVAA_2025-04-12_G14,10109590SILVAA,2025-04-12,123344,1,2,0,480.0
10109590SILVAA_2025-04-12_G15,10109590SILVAA,2025-04-12,121760,1,16,0,983.0
10109590SILVAA_2025-04-12_G16,10109590SILVAA,2025-04-12,122671,1,6,0,157.0
10109590SILVAA_2025-04-12_G17,10109590SILVAA,2025-04-12,124476,1,8,0,79.0
10109590SILVAA_2025-04-12_G18,10109590SILVAA,2025-04-12,"124486, 124475",2,29,28,493.0
10109590SILVAA_2025-04-12_G19,10109590SILVAA,2025-04-12,121651,1,14,0,814.0
10109590SILVAA_2025-04-12_G20,10109590SILVAA,2025-04-12,123343,1,6,0,143.0
10109590SILVAA_2025-04-12_G21,10109590SILVAA,2025-04-12,123345,1,16,0,318.0
10109590SILVAA_2025-04-12_G22,10109590SILVAA,2025-04-12,124486,1,12,0,338.0
10109590SILVAA_2025-04-12_G23,10109590SILVAA,2025-04-12,121760,1,8,0,367.0
10109590SILVAA_2025-04-12_G24,10109590SILVAA,2025-04-12,122671,1,5,0,194.0
10109590SILVAA_2025-04-12_G25,10109590SILVAA,2025-04-12,124486,1,5,0,153.0
10109590SILVAA_2025-04-12_G26,10109590SILVAA,2025-04-12,124371,1,4,0,153.0
10109590SILVAA_2025-04-12_G27,10109590SILVAA,2025-04-12,121651,1,8,0,101.0
10109590SILVAA_2025-04-12_G28,10109590SILVAA,2025-04-12,181887,1,1,0,254.0
10109590SILVAA_2025-04-12_G29,10109590SILVAA,2025-04-12,123343,1,3,0,192.0
10109590SILVAA_2025-04-12_G30,10109590SILVAA,2025-04-12,124370,1,8,0,104.0
10109590SILVAA_2025-04-12_G31,10109590SILVAA,2025-04-12,124475,1,2,0,273.0
10109590SILVAA_2025-04-12_G33,10109590SILVAA,2025-04-12,122703,1,4,0,62.0
10109590SILVAA_2025-04-12_G34,10109590SILVAA,2025-04-12,124476,1,8,0,91.0
10109590SILVAA_2025-04-12_G35,10109590SILVAA,2025-04-12,"124486, 120389",2,12,24,77.0
10109590SILVAA_2025-04-12_G36,10109590SILVAA,2025-04-12,124370,1,18,0,437.0
10109590SILVAA_2025-04-12_G37,10109590SILVAA,2025-04-12,122984,1,8,0,36.0
10109590SILVAA_2025-04-12_G38,10109590SILVAA,2025-04-12,121651,1,12,0,491.0
10109590SILVAA_2025-04-12_G39,10109590SILVAA,2025-04-12,122983,1,1,0,95.0
10109590SILVAA_2025-04-12_G40,10109590SILVAA,2025-04-12,123344,1,2,0,195.0
10109590SILVAA_2025-04-12_G41,10109590SILVAA,2025-04-12,123343,1,4,0,64.0
10109590SILVAA_2025-04-12_G42,10109590SILVAA,2025-04-12,123345,1,4,0,239.0
10109590SILVAA_2025-04-14_G02,10109590SILVAA,2025-04-14,122981,1,2,0,71.0
10109590SILVAA_2025-04-14_G03,10109590SILVAA,2025-04-14,122647,1,4,0,233.0
10109590SILVAA_2025-04-14_G04,10109590SILVAA,2025-04-14,122982,1,30,0,357.0
10109590SILVAA_2025-04-14_G05,10109590SILVAA,2025-04-14,122703,1,20,0,67.0
10109590SILVAA_2025-04-14_G06,10109590SILVAA,2025-04-14,122703,1,12,0,166.0
10109590SILVAA_2025-04-14_G08,10109590SILVAA,2025-04-14,122982,1,27,0,268.0
10109590SILVAA_2025-04-14_G09,10109590SILVAA,2025-04-14,122673,1,8,0,159.0
10109590SILVAA_2025-04-14_G10,10109590SILVAA,2025-04-14,123822,1,14,0,180.0
10109590SILVAA_2025-04-14_G11,10109590SILVAA,2025-04-14,122983,1,50,0,793.0
10109590SILVAA_2025-04-14_G12,10109590SILVAA,2025-04-14,181235,1,2,0,113.0
10109590SILVAA_2025-04-14_G13,10109590SILVAA,2025-04-14,181887,1,4,0,186.0
10109590SILVAA_2025-04-14_G14,10109590SILVAA,2025-04-14,123345,1,20,0,398.0
10109590SILVAA_2025-04-14_G15,10109590SILVAA,2025-04-14,123343,1,10,0,277.0
10109590SILVAA_2025-04-14_G17,10109590SILVAA,2025-04-14,121760,1,16,0,1227.0
10109590SILVAA_2025-04-14_G18,10109590SILVAA,2025-04-14,124370,1,18,0,513.0
10109590SILVAA_2025-04-14_G19,10109590SILVAA,2025-04-14,124370,1,12,0,399.0
10109590SILVAA_2025-04-14_G20,10109590SILVAA,2025-04-14,121651,1,6,0,98.0
10109590SILVAA_2025-04-14_G21,10109590SILVAA,2025-04-14,124475,1,12,0,1508.0
10109590SILVAA_2025-04-14_G22,10109590SILVAA,2025-04-14,124371,1,16,0,360.0
10109590SILVAA_2025-04-15_G02,10109590SILVAA,2025-04-15,124248,1,150,0,1876.0
10109590SILVAA_2025-04-15_G03,10109590SILVAA,2025-04-15,123080,1,13,0,219.0
10109590SILVAA_2025-04-15_G04,10109590SILVAA,2025-04-15,122195,1,15,0,1094.0
10109590SILVAA_2025-04-15_G05,10109590SILVAA,2025-04-15,123343,1,80,0,1227.0
10109590SILVAA_2025-04-15_G07,10109590SILVAA,2025-04-15,124486,1,16,0,295.0
10109590SILVAA_2025-04-15_G08,10109590SILVAA,2025-04-15,123889,1,42,0,1521.0
10109590SILVAA_2025-04-16_G02,10109590SILVAA,2025-04-16,123344,1,6,0,169.0
10109590SILVAA_2025-04-16_G03,10109590SILVAA,2025-04-16,123344,1,1,0,40.0
10109590SILVAA_2025-04-16_G04,10109590SILVAA,2025-04-16,121760,1,4,0,60.0
10109590SILVAA_2025-04-16_G05,10109590SILVAA,2025-04-16,"124486, 121651",3,11,28,145.0
10109590SILVAA_2025-04-16_G06,10109590SILVAA,2025-04-16,123344,1,56,0,721.0
10109590SILVAA_2025-04-16_G07,10109590SILVAA,2025-04-16,121760,1,15,0,372.0
10109590SILVAA_2025-04-16_G08,10109590SILVAA,2025-04-16,124370,1,12,0,622.0
10109590SILVAA_2025-04-16_G09,10109590SILVAA,2025-04-16,124248,1,2,0,55.0
10109590SILVAA_2025-04-16_G10,10109590SILVAA,2025-04-16,121651,1,40,0,743.0
10109590SILVAA_2025-04-16_G11,10109590SILVAA,2025-04-16,121651,1,8,0,46.0
10109590SILVAA_2025-04-16_G12,10109590SILVAA,2025-04-16,123345,1,18,0,238.0
10109590SILVAA_2025-04-16_G13,10109590SILVAA,2025-04-16,123343,1,2,0,102.0
10109590SILVAA_2025-04-16_G14,10109590SILVAA,2025-04-16,122962,1,5,0,337.0
10109590SILVAA_2025-04-16_G15,10109590SILVAA,2025-04-16,122962,1,1,0,70.0
10109590SILVAA_2025-04-16_G16,10109590SILVAA,2025-04-16,121760,1,25,0,677.0
10109590SILVAA_2025-04-16_G17,10109590SILVAA,2025-04-16,122703,1,12,0,149.0
10109590SILVAA_2025-04-16_G18,10109590SILVAA,2025-04-16,121923,1,4,0,111.0
10109590SILVAA_2025-04-16_G19,10109590SILVAA,2025-04-16,122984,1,4,0,44.0
10109590SILVAA_2025-04-16_G20,10109590SILVAA,2025-04-16,121651,1,18,0,239.0
10109590SILVAA_2025-04-16_G21,10109590SILVAA,2025-04-16,123345,1,6,0,458.0
10109590SILVAA_2025-04-16_G22,10109590SILVAA,2025-04-16,123343,1,3,0,89.0
10109590SILVAA_2025-04-16_G23,10109590SILVAA,2025-04-16,122703,1,3,0,132.0
10109590SILVAA_2025-04-16_G24,10109590SILVAA,2025-04-16,122703,1,6,0,123.0
10109590SILVAA_2025-04-16_G25,10109590SILVAA,2025-04-16,121651,1,10,0,227.0
10109590SILVAA_2025-04-16_G26,10109590SILVAA,2025-04-16,123345,1,12,0,149.0
10109590SILVAA_2025-04-16_G27,10109590SILVAA,2025-04-16,123343,1,9,0,99.0
10109590SILVAA_2025-04-16_G28,10109590SILVAA,2025-04-16,121651,1,8,0,230.0
10109590SILVAA_2025-04-16_G29,10109590SILVAA,2025-04-16,123909,1,9,0,2065.0
10109590SILVAA_2025-04-16_G30,10109590SILVAA,2025-04-16,122962,1,150,0,1963.0
10109590SILVAA_2025-04-16_G31,10109590SILVAA,2025-04-16,124486,1,10,0,105.0
10109590SILVAA_2025-04-16_G32,10109590SILVAA,2025-04-16,120389,1,4,0,206.0
10109590SILVAA_2025-04-16_G33,10109590SILVAA,2025-04-16,122671,1,4,0,317.0
10109590SILVAA_2025-04-16_G34,10109590SILVAA,2025-04-16,122962,1,16,0,1522.0
10109590SILVAA_2025-04-16_G35,10109590SILVAA,2025-04-16,124486,1,9,0,116.0
10109590SILVAA_2025-04-16_G36,10109590SILVAA,2025-04-16,"124370, 120389",2,82,16,861.0
10109590SILVAA_2025-04-16_G37,10109590SILVAA,2025-04-16,123909,1,4,0,92.0
10109590SILVAA_2025-04-16_G38,10109590SILVAA,2025-04-16,123889,1,4,0,163.0
10109590SILVAA_2025-04-16_G39,10109590SILVAA,2025-04-16,123345,1,16,0,228.0
10109590SILVAA_2025-04-16_G40,10109590SILVAA,2025-04-16,123343,1,4,0,102.0
10109590SILVAA_2025-04-16_G42,10109590SILVAA,2025-04-16,123889,1,12,0,1569.0
10109590SILVAA_2025-04-16_G43,10109590SILVAA,2025-04-16,120271,1,16,0,290.0
10109590SILVAA_2025-04-16_G44,10109590SILVAA,2025-04-16,124486,1,107,0,1091.0
10109590SILVAA_2025-04-16_G45,10109590SILVAA,2025-04-16,122673,1,30,0,292.0
10109590SILVAA_2025-04-16_G46,10109590SILVAA,2025-04-16,124264,1,20,0,318.0
10109590SILVAA_2025-04-16_G47,10109590SILVAA,2025-04-16,122984,1,56,0,977.0
10109590SILVAA_2025-04-16_G48,10109590SILVAA,2025-04-16,122984,1,24,0,478.0
10109590SILVAA_2025-04-16_G49,10109590SILVAA,2025-04-16,120339,1,6,0,102.0
10109590SILVAA_2025-04-16_G50,10109590SILVAA,2025-04-16,124475,1,38,0,2121.0
10109590SILVAA_2025-04-16_G51,10109590SILVAA,2025-04-16,124486,1,43,0,398.0
10109590SILVAA_2025-04-17_G02,10109590SILVAA,2025-04-17,121760,1,6,0,139.0
10109590SILVAA_2025-04-17_G03,10109590SILVAA,2025-04-17,122673,1,125,0,1145.0
10109590SILVAA_2025-04-17_G05,10109590SILVAA,2025-04-17,120028,1,52,0,580.0
10109590SILVAA_2025-04-19_G02,10109590SILVAA,2025-04-19,122673,1,60,0,1150.0
10109590SILVAA_2025-04-19_G03,10109590SILVAA,2025-04-19,122673,1,40,0,375.0
10109590SILVAA_2025-04-19_G04,10109590SILVAA,2025-04-19,124477,1,4,0,166.0
10109590SILVAA_2025-04-19_G05,10109590SILVAA,2025-04-19,124248,1,2,0,209.0
10109590SILVAA_2025-04-19_G06,10109590SILVAA,2025-04-19,122984,1,4,0,88.0
10109590SILVAA_2025-04-19_G07,10109590SILVAA,2025-04-19,123521,1,2,0,94.0
10109590SILVAA_2025-04-19_G08,10109590SILVAA,2025-04-19,123343,1,4,0,112.0
10109590SILVAA_2025-04-19_G09,10109590SILVAA,2025-04-19,123345,1,6,0,163.0
10109590SILVAA_2025-04-19_G10,10109590SILVAA,2025-04-19,124477,1,8,0,345.0
10109590SILVAA_2025-04-19_G11,10109590SILVAA,2025-04-19,122962,1,1,0,245.0
10109590SILVAA_2025-04-19_G12,10109590SILVAA,2025-04-19,123153,1,4,0,91.0
10109590SILVAA_2025-04-19_G13,10109590SILVAA,2025-04-19,121760,1,8,0,129.0
10109590SILVAA_2025-04-19_G14,10109590SILVAA,2025-04-19,122185,1,53,0,895.0
10109590SILVAA_2025-04-19_G15,10109590SILVAA,2025-04-19,123562,1,2,0,118.0
10109590SILVAA_2025-04-19_G16,10109590SILVAA,2025-04-19,124248,1,16,0,2243.0
10109590SILVAA_2025-04-19_G17,10109590SILVAA,2025-04-19,120339,1,8,0,99.0
10109590SILVAA_2025-04-19_G18,10109590SILVAA,2025-04-19,123345,1,8,0,1409.0
10109590SILVAA_2025-04-19_G19,10109590SILVAA,2025-04-19,122962,1,24,0,972.0
10109590SILVAA_2025-04-19_G20,10109590SILVAA,2025-04-19,121760,1,20,0,438.0
10109590SILVAA_2025-04-19_G21,10109590SILVAA,2025-04-19,124370,1,36,0,772.0
10109590SILVAA_2025-04-19_G22,10109590SILVAA,2025-04-19,124476,1,8,0,180.0
10109590SILVAA_2025-04-19_G23,10109590SILVAA,2025-04-19,122703,1,40,0,465.0
10109590SILVAA_2025-04-19_G24,10109590SILVAA,2025-04-19,124486,1,12,0,212.0
10109590SILVAA_2025-04-19_G25,10109590SILVAA,2025-04-19,123561,1,4,0,84.0
10109590SILVAA_2025-04-19_G26,10109590SILVAA,2025-04-19,120339,1,5,0,110.0
10109590SILVAA_2025-04-19_G27,10109590SILVAA,2025-04-19,123343,1,8,0,113.0
10109590SILVAA_2025-04-19_G28,10109590SILVAA,2025-04-19,123345,1,16,0,204.0
10109590SILVAA_2025-04-19_G30,10109590SILVAA,2025-04-19,122962,1,75,0,1037.0
10109590SILVAA_2025-04-19_G31,10109590SILVAA,2025-04-19,121760,1,26,0,492.0
10109590SILVAA_2025-04-19_G32,10109590SILVAA,2025-04-19,123560,1,18,0,223.0
10109590SILVAA_2025-04-19_G33,10109590SILVAA,2025-04-19,124486,1,40,0,359.0
10109590SILVAA_2025-04-19_G34,10109590SILVAA,2025-04-19,124486,1,100,0,971.0
10109590SILVAA_2025-04-19_G35,10109590SILVAA,2025-04-19,123562,1,8,0,70.0
10109590SILVAA_2025-04-19_G36,10109590SILVAA,2025-04-19,122962,1,5,0,104.0
10109590SILVAA_2025-04-19_G37,10109590SILVAA,2025-04-19,122671,1,4,0,269.0
10109590SILVAA_2025-04-19_G38,10109590SILVAA,2025-04-19,121760,1,4,0,148.0
10109590SILVAA_2025-04-19_G39,10109590SILVAA,2025-04-19,122981,1,18,0,840.0
10109590SILVAA_2025-04-19_G40,10109590SILVAA,2025-04-19,124370,1,4,0,111.0
10109590SILVAA_2025-04-19_G41,10109590SILVAA,2025-04-19,124476,1,4,0,218.0
10109590SILVAA_2025-04-19_G42,10109590SILVAA,2025-04-19,124486,1,10,0,182.0
10109590SILVAA_2025-04-19_G43,10109590SILVAA,2025-04-19,122673,1,10,0,403.0
10109590SILVAA_2025-04-19_G44,10109590SILVAA,2025-04-19,124248,1,4,0,173.0
10109590SILVAA_2025-04-19_G45,10109590SILVAA,2025-04-19,120339,1,18,0,538.0
10109590SILVAA_2025-04-19_G46,10109590SILVAA,2025-04-19,120339,1,11,0,437.0
10109590SILVAA_2025-04-19_G47,10109590SILVAA,2025-04-19,120339,1,3,0,72.0
10109590SILVAA_2025-04-19_G48,10109590SILVAA,2025-04-19,123909,1,6,0,225.0
10109590SILVAA_2025-04-19_G49,10109590SILVAA,2025-04-19,124475,1,2,0,210.0
10109590SILVAA_2025-04-19_G50,10109590SILVAA,2025-04-19,123343,1,4,0,171.0
10109590SILVAA_2025-04-19_G51,10109590SILVAA,2025-04-19,123345,1,10,0,166.0
10109590SILVAA_2025-04-22_G02,10109590SILVAA,2025-04-22,122962,1,16,0,135.0
10109590SILVAA_2025-04-22_G03,10109590SILVAA,2025-04-22,122647,1,20,0,490.0
10109590SILVAA_2025-04-22_G04,10109590SILVAA,2025-04-22,124486,1,12,0,261.0
10109590SILVAA_2025-04-22_G05,10109590SILVAA,2025-04-22,122962,1,16,0,210.0
10109590SILVAA_2025-04-22_G06,10109590SILVAA,2025-04-22,122671,1,12,0,206.0
10109590SILVAA_2025-04-22_G07,10109590SILVAA,2025-04-22,123909,1,24,0,166.0
10109590SILVAA_2025-04-22_G09,10109590SILVAA,2025-04-22,120389,1,7,0,46.0
10109590SILVAA_2025-04-23_G02,10109590SILVAA,2025-04-23,122962,1,5,0,445.0
10109590SILVAA_2025-04-23_G03,10109590SILVAA,2025-04-23,124371,1,8,0,187.0
10109590SILVAA_2025-04-23_G04,10109590SILVAA,2025-04-23,122673,1,8,0,364.0
10109590SILVAA_2025-04-23_G05,10109590SILVAA,2025-04-23,124371,1,4,0,124.0
10109590SILVAA_2025-04-23_G06,10109590SILVAA,2025-04-23,124371,1,11,0,588.0
10109590SILVAA_2025-04-23_G07,10109590SILVAA,2025-04-23,124371,1,1,0,43.0
10109590SILVAA_2025-04-23_G08,10109590SILVAA,2025-04-23,124371,1,2,0,277.0
10109590SILVAA_2025-04-23_G09,10109590SILVAA,2025-04-23,124486,1,120,0,2392.0
10109590SILVAA_2025-04-23_G10,10109590SILVAA,2025-04-23,122984,1,60,0,927.0
10109590SILVAA_2025-04-23_G11,10109590SILVAA,2025-04-23,124475,1,80,0,1093.0
10109590SILVAA_2025-04-23_G12,10109590SILVAA,2025-04-23,123345,1,120,0,650.0
10109590SILVAA_2025-04-23_G13,10109590SILVAA,2025-04-23,122985,1,36,0,2473.0
10109590SILVAA_2025-04-23_G14,10109590SILVAA,2025-04-23,124475,1,22,0,227.0
10109590SILVAA_2025-04-23_G15,10109590SILVAA,2025-04-23,122185,1,80,0,896.0
10109590SILVAA_2025-04-23_G17,10109590SILVAA,2025-04-23,124371,1,14,0,135.0
10109590SILVAA_2025-04-23_G18,10109590SILVAA,2025-04-23,124486,1,100,0,676.0
10109590SILVAA_2025-04-23_G19,10109590SILVAA,2025-04-23,122984,1,83,0,996.0
10109590SILVAA_2025-04-23_G20,10109590SILVAA,2025-04-23,123344,1,13,0,395.0
10109590SILVAA_2025-04-23_G21,10109590SILVAA,2025-04-23,122986,1,4,0,592.0
10109590SILVAA_2025-04-23_G22,10109590SILVAA,2025-04-23,122962,1,34,0,528.0
10109590SILVAA_2025-04-23_G23,10109590SILVAA,2025-04-23,122982,1,1,0,63.0
10109590SILVAA_2025-04-23_G24,10109590SILVAA,2025-04-23,122981,1,1,0,76.0
10109590SILVAA_2025-04-23_G25,10109590SILVAA,2025-04-23,"122703, 124486",2,3,28,52.0
10109590SILVAA_2025-04-23_G26,10109590SILVAA,2025-04-23,122984,1,9,0,214.0
10109590SILVAA_2025-04-23_G27,10109590SILVAA,2025-04-23,122673,1,20,0,185.0
10109590SILVAA_2025-04-23_G28,10109590SILVAA,2025-04-23,123343,1,15,0,231.0
10109590SILVAA_2025-04-23_G29,10109590SILVAA,2025-04-23,123345,1,17,0,172.0
10109590SILVAA_2025-04-23_G30,10109590SILVAA,2025-04-23,114647,1,4,0,740.0
10109590SILVAA_2025-04-24_G02,10109590SILVAA,2025-04-24,122981,1,4,0,77.0
10109590SILVAA_2025-04-24_G03,10109590SILVAA,2025-04-24,124548,1,26,0,457.0
10109590SILVAA_2025-04-24_G04,10109590SILVAA,2025-04-24,124475,1,10,0,205.0
10109590SILVAA_2025-04-24_G05,10109590SILVAA,2025-04-24,120339,1,50,0,1087.0
10109590SILVAA_2025-04-24_G06,10109590SILVAA,2025-04-24,122985,1,79,0,882.0
10109590SILVAA_2025-04-24_G07,10109590SILVAA,2025-04-24,123345,1,15,0,49.0
10109590SILVAA_2025-04-24_G08,10109590SILVAA,2025-04-24,122983,1,100,0,1909.0
10109590SILVAA_2025-04-24_G09,10109590SILVAA,2025-04-24,122983,1,24,0,510.0
10109590SILVAA_2025-04-24_G10,10109590SILVAA,2025-04-24,122985,1,14,0,37.0
10109590SILVAA_2025-04-25_G03,10109590SILVAA,2025-04-25,124370,1,50,0,1054.0
10109590SILVAA_2025-04-25_G04,10109590SILVAA,2025-04-25,124371,1,55,0,955.0
10109590SILVAA_2025-04-25_G05,10109590SILVAA,2025-04-25,124486,1,64,0,848.0
10109590SILVAA_2025-04-25_G06,10109590SILVAA,2025-04-25,122962,1,8,0,671.0
10109590SILVAA_2025-04-25_G07,10109590SILVAA,2025-04-25,123313,1,1,0,290.0
10109590SILVAA_2025-04-25_G08,10109590SILVAA,2025-04-25,122647,1,8,0,345.0
10109590SILVAA_2025-04-25_G09,10109590SILVAA,2025-04-25,122647,1,8,0,112.0
10109590SILVAA_2025-04-25_G10,10109590SILVAA,2025-04-25,123889,1,4,0,168.0
10109590SILVAA_2025-04-25_G11,10109590SILVAA,2025-04-25,123153,1,10,0,276.0
10109590SILVAA_2025-04-25_G12,10109590SILVAA,2025-04-25,124264,1,2,0,44.0
10109590SILVAA_2025-04-25_G13,10109590SILVAA,2025-04-25,122985,1,6,0,131.0
10109590SILVAA_2025-04-25_G14,10109590SILVAA,2025-04-25,123345,1,8,0,237.0
10109590SILVAA_2025-04-25_G15,10109590SILVAA,2025-04-25,124264,1,6,0,183.0
10109590SILVAA_2025-04-25_G16,10109590SILVAA,2025-04-25,123889,1,12,0,438.0
10109590SILVAA_2025-04-25_G17,10109590SILVAA,2025-04-25,124264,1,22,0,394.0
10109590SILVAA_2025-04-25_G18,10109590SILVAA,2025-04-25,124264,1,10,0,152.0
10109590SILVAA_2025-04-25_G19,10109590SILVAA,2025-04-25,122985,1,2,0,104.0
10109590SILVAA_2025-04-25_G20,10109590SILVAA,2025-04-25,123345,1,4,0,98.0
10109590SILVAA_2025-04-25_G21,10109590SILVAA,2025-04-25,123153,1,10,0,249.0
10109590SILVAA_2025-04-25_G22,10109590SILVAA,2025-04-25,122962,1,4,0,166.0
10109590SILVAA_2025-04-25_G23,10109590SILVAA,2025-04-25,123889,1,4,0,327.0
10109590SILVAA_2025-04-25_G24,10109590SILVAA,2025-04-25,123153,1,14,0,303.0
10109590SILVAA_2025-04-25_G25,10109590SILVAA,2025-04-25,124264,1,14,0,218.0
10109590SILVAA_2025-04-25_G26,10109590SILVAA,2025-04-25,122962,1,8,0,48.0
10109590SILVAA_2025-04-25_G27,10109590SILVAA,2025-04-25,124486,1,16,0,252.0
10109590SILVAA_2025-04-25_G28,10109590SILVAA,2025-04-25,124486,1,40,0,233.0
10109590SILVAA_2025-04-25_G29,10109590SILVAA,2025-04-25,124486,1,28,0,239.0
10109590SILVAA_2025-04-26_G02,10109590SILVAA,2025-04-26,123909,1,17,0,268.0
10109590SILVAA_2025-04-26_G03,10109590SILVAA,2025-04-26,122962,1,12,0,102.0
10109590SILVAA_2025-04-26_G04,10109590SILVAA,2025-04-26,122671,1,17,0,219.0
10109590SILVAA_2025-04-26_G05,10109590SILVAA,2025-04-26,123822,1,21,0,305.0
10109590SILVAA_2025-04-26_G06,10109590SILVAA,2025-04-26,124486,1,20,0,150.0
10109590SILVAA_2025-04-26_G07,10109590SILVAA,2025-04-26,122673,1,10,0,56.0
10109590SILVAA_2025-04-26_G08,10109590SILVAA,2025-04-26,122673,1,100,0,1266.0
10109590SILVAA_2025-04-26_G09,10109590SILVAA,2025-04-26,122962,1,10,0,42.0
10109590SILVAA_2025-04-26_G10,10109590SILVAA,2025-04-26,"124486, 124247",2,35,18,374.0
10109590SILVAA_2025-04-26_G11,10109590SILVAA,2025-04-26,124248,1,30,0,202.0
10109590SILVAA_2025-04-26_G12,10109590SILVAA,2025-04-26,122185,1,200,0,1953.0
10109590SILVAA_2025-04-26_G13,10109590SILVAA,2025-04-26,123313,1,2,0,134.0
10109590SILVAA_2025-04-26_G14,10109590SILVAA,2025-04-26,123344,1,37,0,196.0
10109590SILVAA_2025-04-28_G02,10109590SILVAA,2025-04-28,122671,1,6,0,510.0
10109590SILVAA_2025-04-28_G03,10109590SILVAA,2025-04-28,121651,1,12,0,656.0
10109590SILVAA_2025-04-28_G04,10109590SILVAA,2025-04-28,122673,1,3,0,112.0
10109590SILVAA_2025-04-28_G05,10109590SILVAA,2025-04-28,123344,1,10,0,416.0
10109590SILVAA_2025-04-28_G06,10109590SILVAA,2025-04-28,181235,1,6,0,429.0
10109590SILVAA_2025-04-28_G07,10109590SILVAA,2025-04-28,181280,1,2,0,69.0
10109590SILVAA_2025-04-28_G08,10109590SILVAA,2025-04-28,181887,1,2,0,959.0
10109590SILVAA_2025-04-28_G09,10109590SILVAA,2025-04-28,123345,1,20,0,399.0
10109590SILVAA_2025-04-28_G12,10109590SILVAA,2025-04-28,124476,1,2,0,92.0
10109590SILVAA_2025-04-28_G13,10109590SILVAA,2025-04-28,124475,1,2,0,53.0
10109590SILVAA_2025-04-28_G14,10109590SILVAA,2025-04-28,121651,1,10,0,261.0
10109590SILVAA_2025-04-28_G15,10109590SILVAA,2025-04-28,123344,1,6,0,181.0
10109590SILVAA_2025-04-28_G16,10109590SILVAA,2025-04-28,123343,1,6,0,223.0
10109590SILVAA_2025-04-28_G17,10109590SILVAA,2025-04-28,122962,1,12,0,95.0
10109590SILVAA_2025-04-28_G18,10109590SILVAA,2025-04-28,120028,1,16,0,169.0
10109590SILVAA_2025-04-28_G19,10109590SILVAA,2025-04-28,122647,1,12,0,277.0
10109590SILVAA_2025-04-28_G20,10109590SILVAA,2025-04-28,123909,1,1,0,67.0
10109590SILVAA_2025-04-28_G21,10109590SILVAA,2025-04-28,124476,1,3,0,57.0
10109590SILVAA_2025-04-28_G22,10109590SILVAA,2025-04-28,122185,1,24,0,238.0
10109590SILVAA_2025-04-28_G23,10109590SILVAA,2025-04-28,122984,1,8,0,77.0
10109590SILVAA_2025-04-28_G24,10109590SILVAA,2025-04-28,122185,1,12,0,200.0
10109590SILVAA_2025-04-28_G25,10109590SILVAA,2025-04-28,124248,1,19,0,247.0
10109590SILVAA_2025-04-28_G26,10109590SILVAA,2025-04-28,121760,1,4,0,108.0
10109590SILVAA_2025-04-28_G27,10109590SILVAA,2025-04-28,124247,1,2,0,175.0
10109590SILVAA_2025-04-28_G28,10109590SILVAA,2025-04-28,122983,1,10,0,290.0
10109590SILVAA_2025-04-28_G29,10109590SILVAA,2025-04-28,121760,1,16,0,209.0
10109590SILVAA_2025-04-28_G30,10109590SILVAA,2025-04-28,124476,1,4,0,96.0
10109590SILVAA_2025-04-28_G31,10109590SILVAA,2025-04-28,124548,1,2,0,122.0
10109590SILVAA_2025-04-28_G32,10109590SILVAA,2025-04-28,124371,1,6,0,89.0
10109590SILVAA_2025-04-28_G33,10109590SILVAA,2025-04-28,123344,1,7,0,291.0
10109590SILVAA_2025-04-28_G34,10109590SILVAA,2025-04-28,123313,1,3,0,95.0
10109590SILVAA_2025-04-28_G35,10109590SILVAA,2025-04-28,124486,1,3,0,39.0
10109590SILVAA_2025-04-28_G36,10109590SILVAA,2025-04-28,122988,1,6,0,202.0
10109590SILVAA_2025-04-28_G37,10109590SILVAA,2025-04-28,122185,1,28,0,291.0
10109590SILVAA_2025-04-28_G38,10109590SILVAA,2025-04-28,123947,1,2,0,110.0
10109590SILVAA_2025-04-28_G39,10109590SILVAA,2025-04-28,123947,1,2,0,47.0
10109590SILVAA_2025-04-28_G40,10109590SILVAA,2025-04-28,123947,1,8,0,221.0
10109590SILVAA_2025-04-28_G41,10109590SILVAA,2025-04-28,122962,1,6,0,112.0
10109590SILVAA_2025-04-28_G42,10109590SILVAA,2025-04-28,124371,1,6,0,196.0
10109590SILVAA_2025-04-28_G43,10109590SILVAA,2025-04-28,122673,1,5,0,73.0
10109590SILVAA_2025-04-28_G44,10109590SILVAA,2025-04-28,123345,1,6,0,134.0
10109590SILVAA_2025-04-28_G45,10109590SILVAA,2025-04-28,123345,1,4,0,89.0
10109590SILVAA_2025-04-28_G46,10109590SILVAA,2025-04-28,123153,1,10,0,308.0
10109590SILVAA_2025-04-28_G47,10109590SILVAA,2025-04-28,122962,1,16,0,301.0
10109590SILVAA_2025-04-28_G48,10109590SILVAA,2025-04-28,122185,1,6,0,84.0
10109590SILVAA_2025-04-28_G49,10109590SILVAA,2025-04-28,122671,1,24,0,1030.0
10109590SILVAA_2025-04-28_G50,10109590SILVAA,2025-04-28,121760,1,24,0,840.0
10109590SILVAA_2025-04-28_G51,10109590SILVAA,2025-04-28,120028,1,27,0,1982.0
10109590SILVAA_2025-04-28_G52,10109590SILVAA,2025-04-28,123344,1,36,0,203.0
10109590SILVAA_2025-04-28_G53,10109590SILVAA,2025-04-28,123909,1,20,0,906.0
10109590SILVAA_2025-04-28_G54,10109590SILVAA,2025-04-28,122982,1,8,0,351.0
10109590SILVAA_2025-04-28_G55,10109590SILVAA,2025-04-28,123343,1,24,0,369.0
10109590SILVAA_2025-04-29_G02,10109590SILVAA,2025-04-29,124477,1,8,0,237.0
10109590SILVAA_2025-04-29_G03,10109590SILVAA,2025-04-29,121760,1,20,0,468.0
10109590SILVAA_2025-04-29_G04,10109590SILVAA,2025-04-29,124370,1,6,0,228.0
10109590SILVAA_2025-04-29_G05,10109590SILVAA,2025-04-29,122673,1,4,0,218.0
10109590SILVAA_2025-04-29_G06,10109590SILVAA,2025-04-29,122647,1,4,0,61.0
10109590SILVAA_2025-04-29_G07,10109590SILVAA,2025-04-29,123344,1,16,0,702.0
10109590SILVAA_2025-04-29_G08,10109590SILVAA,2025-04-29,122986,1,2,0,213.0
10109590SILVAA_2025-04-29_G09,10109590SILVAA,2025-04-29,121760,1,3,0,246.0
10109590SILVAA_2025-04-29_G10,10109590SILVAA,2025-04-29,124476,1,4,0,151.0
10109590SILVAA_2025-04-29_G11,10109590SILVAA,2025-04-29,124475,1,4,0,103.0
10109590SILVAA_2025-04-29_G12,10109590SILVAA,2025-04-29,124371,1,4,0,181.0
10109590SILVAA_2025-04-29_G13,10109590SILVAA,2025-04-29,122189,1,60,0,2483.0
10109590SILVAA_2025-04-29_G14,10109590SILVAA,2025-04-29,123909,1,50,0,609.0
10109590SILVAA_2025-04-29_G15,10109590SILVAA,2025-04-29,120272,1,10,0,194.0
10109590SILVAA_2025-04-29_G16,10109590SILVAA,2025-04-29,124248,1,18,0,385.0
10109590SILVAA_2025-04-29_G17,10109590SILVAA,2025-04-29,123492,1,2,0,605.0
10109590SILVAA_2025-04-29_G18,10109590SILVAA,2025-04-29,123947,1,6,0,806.0
10109590SILVAA_2025-04-29_G19,10109590SILVAA,2025-04-29,123947,1,10,0,75.0
10109590SILVAA_2025-04-29_G20,10109590SILVAA,2025-04-29,123947,2,12,13,123.0
10109590SILVAA_2025-04-29_G21,10109590SILVAA,2025-04-29,123909,1,10,0,2630.0
10109590SILVAA_2025-04-29_G22,10109590SILVAA,2025-04-29,121760,1,20,0,637.0
10109590SILVAA_2025-04-29_G23,10109590SILVAA,2025-04-29,123153,1,30,0,265.0
10109590SILVAA_2025-04-29_G24,10109590SILVAA,2025-04-29,124476,1,10,0,382.0
10109590SILVAA_2025-04-29_G25,10109590SILVAA,2025-04-29,124486,1,7,0,89.0
10109590SILVAA_2025-04-29_G26,10109590SILVAA,2025-04-29,124475,1,10,0,318.0
10109590SILVAA_2025-04-29_G27,10109590SILVAA,2025-04-29,121651,1,6,0,199.0
10109590SILVAA_2025-04-29_G28,10109590SILVAA,2025-04-29,122673,1,12,0,279.0
10109590SILVAA_2025-04-29_G29,10109590SILVAA,2025-04-29,120339,1,2,0,150.0
10109590SILVAA_2025-04-29_G30,10109590SILVAA,2025-04-29,122962,1,18,0,415.0
10109590SILVAA_2025-04-29_G31,10109590SILVAA,2025-04-29,122962,1,26,0,865.0
10109590SILVAA_2025-04-29_G32,10109590SILVAA,2025-04-29,122671,1,10,0,200.0
10109590SILVAA_2025-04-29_G33,10109590SILVAA,2025-04-29,124486,1,13,0,129.0
10109590SILVAA_2025-04-29_G34,10109590SILVAA,2025-04-29,122673,1,25,0,642.0
10109590SILVAA_2025-04-29_G36,10109590SILVAA,2025-04-29,123153,1,10,0,938.0
10109590SILVAA_2025-04-29_G37,10109590SILVAA,2025-04-29,123153,1,4,0,95.0
10109590SILVAA_2025-04-29_G38,10109590SILVAA,2025-04-29,122962,1,30,0,726.0
10109590SILVAA_2025-04-29_G39,10109590SILVAA,2025-04-29,120339,1,2,0,66.0
10109590SILVAA_2025-04-29_G40,10109590SILVAA,2025-04-29,123344,1,100,0,101.0
10109590SILVAA_2025-04-29_G41,10109590SILVAA,2025-04-29,122983,1,8,0,265.0
10109590SILVAA_2025-04-29_G42,10109590SILVAA,2025-04-29,121760,1,12,0,894.0
10109590SILVAA_2025-04-29_G43,10109590SILVAA,2025-04-29,122703,1,16,0,135.0
10109590SILVAA_2025-04-29_G44,10109590SILVAA,2025-04-29,122984,1,8,0,177.0
10109590SILVAA_2025-04-29_G45,10109590SILVAA,2025-04-29,122985,1,8,0,346.0
10109590SILVAA_2025-04-29_G46,10109590SILVAA,2025-04-29,123343,1,10,0,267.0
10109590SILVAA_2025-04-29_G47,10109590SILVAA,2025-04-29,123313,1,2,0,68.0
10109590SILVAA_2025-04-29_G48,10109590SILVAA,2025-04-29,123345,1,10,0,1143.0
10109590SILVAA_2025-04-29_G49,10109590SILVAA,2025-04-29,124476,1,20,0,404.0
10109590SILVAA_2025-04-29_G50,10109590SILVAA,2025-04-29,124370,1,50,0,1076.0
10109590SILVAA_2025-04-29_G51,10109590SILVAA,2025-04-29,120389,1,20,0,317.0
10109590SILVAA_2025-04-29_G52,10109590SILVAA,2025-04-29,120339,1,5,0,129.0
10109590SILVAA_2025-04-29_G53,10109590SILVAA,2025-04-29,120339,1,40,0,517.0
10109590SILVAA_2025-04-29_G54,10109590SILVAA,2025-04-29,122983,1,40,0,270.0
10109590SILVAA_2025-04-30_G02,10109590SILVAA,2025-04-30,124248,1,30,0,229.0
10109590SILVAA_2025-04-30_G03,10109590SILVAA,2025-04-30,124433,1,23,0,2035.0
10109590SILVAA_2025-04-30_G04,10109590SILVAA,2025-04-30,124433,1,7,0,183.0
10109590SILVAA_2025-04-30_G05,10109590SILVAA,2025-04-30,122988,1,6,0,197.0
10109590SILVAA_2025-04-30_G06,10109590SILVAA,2025-04-30,122984,1,132,0,897.0
10109590SILVAA_2025-04-30_G07,10109590SILVAA,2025-04-30,123153,1,10,0,81.0
10109590SILVAA_2025-04-30_G08,10109590SILVAA,2025-04-30,180054,1,2,0,577.0
10109590SILVAA_2025-04-30_G09,10109590SILVAA,2025-04-30,181887,1,1,0,105.0
10109590SILVAA_2025-04-30_G10,10109590SILVAA,2025-04-30,123521,1,2,0,440.0
10109590SILVAA_2025-04-30_G11,10109590SILVAA,2025-04-30,123344,1,28,0,272.0
10109590SILVAA_2025-04-30_G12,10109590SILVAA,2025-04-30,123344,1,9,0,130.0
10109590SILVAA_2025-04-30_G13,10109590SILVAA,2025-04-30,123344,1,8,0,194.0
10109590SILVAA_2025-04-30_G14,10109590SILVAA,2025-04-30,180024,1,7,0,283.0
10109590SILVAA_2025-04-30_G15,10109590SILVAA,2025-04-30,181235,1,6,0,123.0
10109590SILVAA_2025-04-30_G16,10109590SILVAA,2025-04-30,124370,1,7,0,343.0
10109590SILVAA_2025-04-30_G17,10109590SILVAA,2025-04-30,124370,1,3,0,45.0
10109590SILVAA_2025-04-30_G18,10109590SILVAA,2025-04-30,124370,1,2,0,91.0
10109590SILVAA_2025-04-30_G19,10109590SILVAA,2025-04-30,124370,1,4,0,138.0
10109590SILVAA_2025-04-30_G20,10109590SILVAA,2025-04-30,124475,1,10,0,222.0
10109590SILVAA_2025-04-30_G21,10109590SILVAA,2025-04-30,120028,1,10,0,106.0
10109590SILVAA_2025-04-30_G22,10109590SILVAA,2025-04-30,120028,1,12,0,299.0
10109590SILVAA_2025-04-30_G23,10109590SILVAA,2025-04-30,124477,1,4,0,200.0
10109590SILVAA_2025-04-30_G24,10109590SILVAA,2025-04-30,124475,1,1,0,527.0
10109590SILVAA_2025-04-30_G25,10109590SILVAA,2025-04-30,124475,1,9,0,133.0
10109590SILVAA_2025-04-30_G26,10109590SILVAA,2025-04-30,121651,1,12,0,348.0
10109590SILVAA_2025-04-30_G27,10109590SILVAA,2025-04-30,124475,1,8,0,285.0
10109590SILVAA_2025-04-30_G28,10109590SILVAA,2025-04-30,123344,1,6,0,102.0
10109590SILVAA_2025-04-30_G29,10109590SILVAA,2025-04-30,123344,1,6,0,176.0
10109590SILVAA_2025-04-30_G30,10109590SILVAA,2025-04-30,180373,1,11,0,3093.0
10109590SILVAA_2025-04-30_G31,10109590SILVAA,2025-04-30,123153,1,10,0,282.0
10109590SILVAA_2025-04-30_G32,10109590SILVAA,2025-04-30,123153,1,6,0,111.0
10109590SILVAA_2025-04-30_G33,10109590SILVAA,2025-04-30,123153,1,6,0,148.0
10109590SILVAA_2025-04-30_G34,10109590SILVAA,2025-04-30,122673,1,10,0,249.0
10109590SILVAA_2025-04-30_G35,10109590SILVAA,2025-04-30,122962,1,24,0,289.0
10109590SILVAA_2025-04-30_G36,10109590SILVAA,2025-04-30,124486,1,50,0,586.0
10109590SILVAA_2025-04-30_G37,10109590SILVAA,2025-04-30,123909,1,8,0,191.0
10109590SILVAA_2025-04-30_G38,10109590SILVAA,2025-04-30,181887,1,8,0,510.0
10109590SILVAA_2025-04-30_G39,10109590SILVAA,2025-04-30,181057,1,4,0,307.0
10109590SILVAA_2025-04-30_G40,10109590SILVAA,2025-04-30,120339,1,1,0,118.0
10109590SILVAA_2025-04-30_G41,10109590SILVAA,2025-04-30,122985,1,6,0,148.0
10109590SILVAA_2025-04-30_G42,10109590SILVAA,2025-04-30,122983,1,20,0,321.0
10109590SILVAA_2025-04-30_G44,10109590SILVAA,2025-04-30,122647,1,20,0,144.0
10109590SILVAA_2025-04-30_G45,10109590SILVAA,2025-04-30,122988,1,10,0,115.0
10109590SILVAA_2025-05-06_G02,10109590SILVAA,2025-05-06,124370,1,2,0,113.0
10109590SILVAA_2025-05-06_G03,10109590SILVAA,2025-05-06,121760,1,17,0,339.0
10109590SILVAA_2025-05-06_G04,10109590SILVAA,2025-05-06,124475,1,4,0,126.0
10109590SILVAA_2025-05-06_G05,10109590SILVAA,2025-05-06,124370,1,6,0,428.0
10109590SILVAA_2025-05-06_G06,10109590SILVAA,2025-05-06,124486,1,4,0,90.0
10109590SILVAA_2025-05-06_G07,10109590SILVAA,2025-05-06,124247,1,2,0,117.0
10109590SILVAA_2025-05-06_G08,10109590SILVAA,2025-05-06,121923,1,2,0,156.0
10109590SILVAA_2025-05-06_G09,10109590SILVAA,2025-05-06,121651,1,6,0,137.0
10109590SILVAA_2025-05-06_G10,10109590SILVAA,2025-05-06,123344,1,8,0,403.0
10109590SILVAA_2025-05-07_G02,10109590SILVAA,2025-05-07,123909,1,1,0,53.0
10109590SILVAA_2025-05-07_G03,10109590SILVAA,2025-05-07,123080,1,8,0,258.0
10109590SILVAA_2025-05-07_G04,10109590SILVAA,2025-05-07,122984,1,112,0,2386.0
10109590SILVAA_2025-05-07_G05,10109590SILVAA,2025-05-07,124433,1,10,0,453.0
10109590SILVAA_2025-05-07_G06,10109590SILVAA,2025-05-07,122983,1,14,0,396.0
10109590SILVAA_2025-05-07_G07,10109590SILVAA,2025-05-07,123345,1,2,0,73.0
10109590SILVAA_2025-05-07_G08,10109590SILVAA,2025-05-07,124486,1,5,0,2524.0
10109590SILVAA_2025-05-07_G09,10109590SILVAA,2025-05-07,120389,1,4,0,74.0
10109590SILVAA_2025-05-07_G10,10109590SILVAA,2025-05-07,124486,1,5,0,77.0
10109590SILVAA_2025-05-07_G11,10109590SILVAA,2025-05-07,124486,1,2,0,238.0
10109590SILVAA_2025-05-07_G12,10109590SILVAA,2025-05-07,120389,1,16,0,147.0
10109590SILVAA_2025-05-07_G13,10109590SILVAA,2025-05-07,123909,1,8,0,199.0
10109590SILVAA_2025-05-07_G14,10109590SILVAA,2025-05-07,122962,1,8,0,181.0
10109590SILVAA_2025-05-07_G15,10109590SILVAA,2025-05-07,124248,1,13,0,298.0
10109590SILVAA_2025-05-07_G16,10109590SILVAA,2025-05-07,120028,1,56,0,3274.0
10109590SILVAA_2025-05-07_G17,10109590SILVAA,2025-05-07,180169,1,4,0,194.0
10109590SILVAA_2025-05-07_G19,10109590SILVAA,2025-05-07,124371,1,60,0,528.0
10109590SILVAA_2025-05-07_G20,10109590SILVAA,2025-05-07,120339,1,2,0,3067.0
10109590SILVAA_2025-05-07_G21,10109590SILVAA,2025-05-07,122983,1,8,0,329.0
10109590SILVAA_2025-05-08_G02,10109590SILVAA,2025-05-08,124371,1,1,0,115.0
10109590SILVAA_2025-05-08_G03,10109590SILVAA,2025-05-08,124486,1,20,0,1291.0
10109590SILVAA_2025-05-08_G04,10109590SILVAA,2025-05-08,121651,1,6,0,315.0
10109590SILVAA_2025-05-08_G05,10109590SILVAA,2025-05-08,124371,1,6,0,119.0
10109590SILVAA_2025-05-08_G06,10109590SILVAA,2025-05-08,121651,1,3,0,218.0
10109590SILVAA_2025-05-08_G07,10109590SILVAA,2025-05-08,123345,1,4,0,133.0
10109590SILVAA_2025-05-08_G08,10109590SILVAA,2025-05-08,123345,1,20,0,487.0
10109590SILVAA_2025-05-08_G09,10109590SILVAA,2025-05-08,120271,1,2,0,77.0
10109590SILVAA_2025-05-08_G10,10109590SILVAA,2025-05-08,121760,1,21,0,863.0
10109590SILVAA_2025-05-08_G11,10109590SILVAA,2025-05-08,120028,1,21,0,641.0
10109590SILVAA_2025-05-08_G12,10109590SILVAA,2025-05-08,120389,1,7,0,215.0
10109590SILVAA_2025-05-08_G13,10109590SILVAA,2025-05-08,120389,1,3,0,97.0
10109590SILVAA_2025-05-08_G14,10109590SILVAA,2025-05-08,181280,1,2,0,871.0
10109590SILVAA_2025-05-08_G15,10109590SILVAA,2025-05-08,122962,1,24,0,1235.0
10109590SILVAA_2025-05-08_G16,10109590SILVAA,2025-05-08,122962,1,6,0,44.0
10109590SILVAA_2025-05-08_G17,10109590SILVAA,2025-05-08,122647,1,13,0,42.0
10109590SILVAA_2025-05-08_G18,10109590SILVAA,2025-05-08,124486,1,33,0,1723.0
10109590SILVAA_2025-05-08_G19,10109590SILVAA,2025-05-08,124476,1,4,0,1002.0
10109590SILVAA_2025-05-08_G20,10109590SILVAA,2025-05-08,121651,1,14,0,556.0
10109590SILVAA_2025-05-08_G21,10109590SILVAA,2025-05-08,121651,1,6,0,132.0
10109590SILVAA_2025-05-08_G22,10109590SILVAA,2025-05-08,123561,1,2,0,112.0
10109590SILVAA_2025-05-08_G23,10109590SILVAA,2025-05-08,121760,1,10,0,349.0
10109590SILVAA_2025-05-08_G24,10109590SILVAA,2025-05-08,123345,1,20,0,420.0
10109590SILVAA_2025-05-08_G25,10109590SILVAA,2025-05-08,124248,1,3,0,382.0
10109590SILVAA_2025-05-08_G26,10109590SILVAA,2025-05-08,122984,1,2,0,81.0
10109590SILVAA_2025-05-08_G27,10109590SILVAA,2025-05-08,122985,1,2,0,205.0
10109590SILVAA_2025-05-08_G29,10109590SILVAA,2025-05-08,180078,1,2,0,311.0
10109590SILVAA_2025-05-08_G30,10109590SILVAA,2025-05-08,122985,1,6,0,260.0
10109590SILVAA_2025-05-08_G31,10109590SILVAA,2025-05-08,124476,1,5,0,104.0
10109590SILVAA_2025-05-08_G32,10109590SILVAA,2025-05-08,124370,1,16,0,382.0
10109590SILVAA_2025-05-08_G33,10109590SILVAA,2025-05-08,121760,1,2,0,117.0
10109590SILVAA_2025-05-08_G34,10109590SILVAA,2025-05-08,123343,1,4,0,43.0
10109590SILVAA_2025-05-08_G35,10109590SILVAA,2025-05-08,124486,1,60,0,757.0
10109590SILVAA_2025-05-08_G36,10109590SILVAA,2025-05-08,124247,1,4,0,84.0
10109590SILVAA_2025-05-08_G37,10109590SILVAA,2025-05-08,123909,1,40,0,551.0
10109590SILVAA_2025-05-08_G39,10109590SILVAA,2025-05-08,122962,1,48,0,663.0
10109590SILVAA_2025-05-08_G40,10109590SILVAA,2025-05-08,122962,1,16,0,1030.0
10109590SILVAA_2025-05-08_G41,10109590SILVAA,2025-05-08,124476,1,2,0,61.0
10109590SILVAA_2025-05-08_G42,10109590SILVAA,2025-05-08,121760,1,2,0,121.0
10109590SILVAA_2025-05-08_G43,10109590SILVAA,2025-05-08,180169,1,2,0,133.0
10109590SILVAA_2025-05-09_G02,10109590SILVAA,2025-05-09,122962,1,100,0,1992.0
10109590SILVAA_2025-05-09_G03,10109590SILVAA,2025-05-09,120028,1,2,0,78.0
10109590SILVAA_2025-05-09_G04,10109590SILVAA,2025-05-09,122981,1,2,0,222.0
10109590SILVAA_2025-05-09_G05,10109590SILVAA,2025-05-09,124476,1,8,0,236.0
10109590SILVAA_2025-05-09_G06,10109590SILVAA,2025-05-09,122185,1,8,0,129.0
10109590SILVAA_2025-05-09_G07,10109590SILVAA,2025-05-09,121760,1,4,0,93.0
10109590SILVAA_2025-05-09_G08,10109590SILVAA,2025-05-09,121760,1,10,0,243.0
10109590SILVAA_2025-05-09_G09,10109590SILVAA,2025-05-09,123344,1,10,0,342.0
10109590SILVAA_2025-05-09_G10,10109590SILVAA,2025-05-09,124486,1,6,0,116.0
10109590SILVAA_2025-05-09_G11,10109590SILVAA,2025-05-09,122962,1,12,0,366.0
10109590SILVAA_2025-05-09_G12,10109590SILVAA,2025-05-09,124486,1,40,0,736.0
10109590SILVAA_2025-05-09_G13,10109590SILVAA,2025-05-09,122962,1,40,0,421.0
10109590SILVAA_2025-05-09_G14,10109590SILVAA,2025-05-09,120028,1,7,0,204.0
10109590SILVAA_2025-05-09_G15,10109590SILVAA,2025-05-09,120028,1,33,0,606.0
10109590SILVAA_2025-05-09_G16,10109590SILVAA,2025-05-09,124486,1,4,0,1816.0
10109590SILVAA_2025-05-09_G17,10109590SILVAA,2025-05-09,123909,1,8,0,237.0
10109590SILVAA_2025-05-09_G18,10109590SILVAA,2025-05-09,124247,1,6,0,442.0
10109590SILVAA_2025-05-09_G19,10109590SILVAA,2025-05-09,122189,1,15,0,483.0
10109590SILVAA_2025-05-09_G20,10109590SILVAA,2025-05-09,124548,1,4,0,118.0
10109590SILVAA_2025-05-09_G21,10109590SILVAA,2025-05-09,124548,1,6,0,207.0
10109590SILVAA_2025-05-09_G22,10109590SILVAA,2025-05-09,124548,1,4,0,137.0
10109590SILVAA_2025-05-09_G23,10109590SILVAA,2025-05-09,123343,1,4,0,186.0
10109590SILVAA_2025-05-09_G24,10109590SILVAA,2025-05-09,122962,1,12,0,368.0
10109590SILVAA_2025-05-09_G25,10109590SILVAA,2025-05-09,122962,1,8,0,85.0
10109590SILVAA_2025-05-09_G26,10109590SILVAA,2025-05-09,124486,1,36,0,555.0
10109590SILVAA_2025-05-09_G27,10109590SILVAA,2025-05-09,122962,1,16,0,292.0
10109590SILVAA_2025-05-09_G29,10109590SILVAA,2025-05-09,122671,1,14,0,440.0
10109590SILVAA_2025-05-09_G30,10109590SILVAA,2025-05-09,124475,1,30,0,596.0
10109590SILVAA_2025-05-09_G31,10109590SILVAA,2025-05-09,123909,1,30,0,1226.0
10109590SILVAA_2025-05-09_G32,10109590SILVAA,2025-05-09,124433,1,2,0,79.0
10109590SILVAA_2025-05-09_G33,10109590SILVAA,2025-05-09,124370,1,150,0,840.0
10109590SILVAA_2025-05-10_G02,10109590SILVAA,2025-05-10,120272,1,16,0,1051.0
10109590SILVAA_2025-05-10_G03,10109590SILVAA,2025-05-10,123130,1,13,0,293.0
10109590SILVAA_2025-05-10_G04,10109590SILVAA,2025-05-10,124486,1,12,0,145.0
10109590SILVAA_2025-05-10_G05,10109590SILVAA,2025-05-10,122962,1,12,0,195.0
10109590SILVAA_2025-05-10_G06,10109590SILVAA,2025-05-10,123822,1,4,0,89.0
10109590SILVAA_2025-05-10_G07,10109590SILVAA,2025-05-10,123153,1,14,0,215.0
10109590SILVAA_2025-05-10_G08,10109590SILVAA,2025-05-10,122984,1,10,0,404.0
10109590SILVAA_2025-05-10_G10,10109590SILVAA,2025-05-10,123345,1,10,0,216.0
10109590SILVAA_2025-05-10_G11,10109590SILVAA,2025-05-10,120995,1,6,0,249.0
10109590SILVAA_2025-05-10_G12,10109590SILVAA,2025-05-10,124248,1,24,0,785.0
10109590SILVAA_2025-05-10_G14,10109590SILVAA,2025-05-10,122982,1,40,0,494.0
10109590SILVAA_2025-05-10_G15,10109590SILVAA,2025-05-10,122185,1,30,0,605.0
10109590SILVAA_2025-05-10_G16,10109590SILVAA,2025-05-10,122196,1,5,0,111.0
10109590SILVAA_2025-05-10_G17,10109590SILVAA,2025-05-10,124247,1,6,0,119.0
10109590SILVAA_2025-05-10_G18,10109590SILVAA,2025-05-10,122962,1,24,0,519.0
10109590SILVAA_2025-05-10_G19,10109590SILVAA,2025-05-10,122984,1,10,0,263.0
10109590SILVAA_2025-05-10_G20,10109590SILVAA,2025-05-10,122983,1,16,0,289.0
10109590SILVAA_2025-05-10_G21,10109590SILVAA,2025-05-10,123345,1,12,0,332.0
10109590SILVAA_2025-05-10_G22,10109590SILVAA,2025-05-10,124486,1,4,0,1106.0
10109590SILVAA_2025-05-10_G23,10109590SILVAA,2025-05-10,122962,1,36,0,302.0
10109590SILVAA_2025-05-10_G24,10109590SILVAA,2025-05-10,123909,1,2,0,55.0
10109590SILVAA_2025-05-10_G25,10109590SILVAA,2025-05-10,123345,1,2,0,85.0
10109590SILVAA_2025-05-10_G26,10109590SILVAA,2025-05-10,123343,1,2,0,130.0
10109590SILVAA_2025-05-10_G27,10109590SILVAA,2025-05-10,122982,1,3,0,131.0
10109590SILVAA_2025-05-10_G28,10109590SILVAA,2025-05-10,122984,1,46,0,483.0
10109590SILVAA_2025-05-10_G29,10109590SILVAA,2025-05-10,124248,1,70,0,879.0
10109590SILVAA_2025-05-10_G30,10109590SILVAA,2025-05-10,122982,1,12,0,152.0
10109590SILVAA_2025-05-10_G31,10109590SILVAA,2025-05-10,124548,1,16,0,196.0
10109590SILVAA_2025-05-10_G32,10109590SILVAA,2025-05-10,122984,1,16,0,163.0
10109590SILVAA_2025-05-10_G33,10109590SILVAA,2025-05-10,124248,1,16,0,122.0
10109590SILVAA_2025-05-10_G34,10109590SILVAA,2025-05-10,123345,1,2,0,109.0
10109590SILVAA_2025-05-12_G02,10109590SILVAA,2025-05-12,122673,1,7,0,181.0
10109590SILVAA_2025-05-12_G03,10109590SILVAA,2025-05-12,122185,1,2,0,161.0
10109590SILVAA_2025-05-12_G04,10109590SILVAA,2025-05-12,122673,1,4,0,197.0
10109590SILVAA_2025-05-12_G05,10109590SILVAA,2025-05-12,124486,1,30,0,384.0
10109590SILVAA_2025-05-12_G06,10109590SILVAA,2025-05-12,122982,1,10,0,154.0
10109590SILVAA_2025-05-12_G07,10109590SILVAA,2025-05-12,124477,1,40,0,1001.0
10109590SILVAA_2025-05-12_G09,10109590SILVAA,2025-05-12,123012,1,90,0,1236.0
10109590SILVAA_2025-05-12_G10,10109590SILVAA,2025-05-12,124475,1,223,0,1409.0
10109590SILVAA_2025-05-12_G12,10109590SILVAA,2025-05-12,124247,1,14,0,332.0
10109590SILVAA_2025-05-12_G13,10109590SILVAA,2025-05-12,122962,1,229,0,3537.0
10109590SILVAA_2025-05-12_G14,10109590SILVAA,2025-05-12,124371,1,11,0,250.0
10109590SILVAA_2025-05-13_G02,10109590SILVAA,2025-05-13,123822,1,10,0,462.0
10109590SILVAA_2025-05-13_G03,10109590SILVAA,2025-05-13,123521,1,30,0,590.0
10109590SILVAA_2025-05-13_G04,10109590SILVAA,2025-05-13,124248,1,7,0,270.0
10109590SILVAA_2025-05-13_G05,10109590SILVAA,2025-05-13,124477,1,8,0,362.0
10109590SILVAA_2025-05-13_G06,10109590SILVAA,2025-05-13,124370,1,8,0,284.0
10109590SILVAA_2025-05-13_G07,10109590SILVAA,2025-05-13,121651,1,10,0,527.0
10109590SILVAA_2025-05-13_G08,10109590SILVAA,2025-05-13,121651,1,13,0,1013.0
10109590SILVAA_2025-05-13_G09,10109590SILVAA,2025-05-13,121651,1,2,0,131.0
10109590SILVAA_2025-05-13_G10,10109590SILVAA,2025-05-13,123521,1,4,0,210.0
10109590SILVAA_2025-05-13_G11,10109590SILVAA,2025-05-13,123561,1,8,0,200.0
10109590SILVAA_2025-05-13_G12,10109590SILVAA,2025-05-13,121760,1,6,0,100.0
10109590SILVAA_2025-05-13_G13,10109590SILVAA,2025-05-13,121651,1,1,0,177.0
10109590SILVAA_2025-05-13_G14,10109590SILVAA,2025-05-13,121651,1,14,0,715.0
10109590SILVAA_2025-05-13_G16,10109590SILVAA,2025-05-13,122988,1,166,0,1859.0
10109590SILVAA_2025-05-13_G18,10109590SILVAA,2025-05-13,124370,1,40,0,596.0
10109590SILVAA_2025-05-13_G19,10109590SILVAA,2025-05-13,124371,1,30,0,490.0
10109590SILVAA_2025-05-13_G20,10109590SILVAA,2025-05-13,121760,1,6,0,83.0
10109590SILVAA_2025-05-13_G21,10109590SILVAA,2025-05-13,123345,1,3,0,59.0
10109590SILVAA_2025-05-13_G22,10109590SILVAA,2025-05-13,124248,1,44,0,882.0
10109590SILVAA_2025-05-13_G23,10109590SILVAA,2025-05-13,122671,1,4,0,78.0
10109590SILVAA_2025-05-13_G24,10109590SILVAA,2025-05-13,122962,1,30,0,517.0
10109590SILVAA_2025-05-13_G25,10109590SILVAA,2025-05-13,122196,1,32,0,469.0
10109590SILVAA_2025-05-13_G26,10109590SILVAA,2025-05-13,123822,1,62,0,1955.0
10109590SILVAA_2025-05-13_G27,10109590SILVAA,2025-05-13,124475,1,8,0,269.0
10109590SILVAA_2025-05-13_G28,10109590SILVAA,2025-05-13,124475,1,1,0,46.0
10109590SILVAA_2025-05-13_G29,10109590SILVAA,2025-05-13,121651,1,4,0,221.0
10109590SILVAA_2025-05-13_G30,10109590SILVAA,2025-05-13,124371,1,7,0,213.0
10109590SILVAA_2025-05-13_G31,10109590SILVAA,2025-05-13,121760,1,10,0,118.0
10109590SILVAA_2025-05-13_G32,10109590SILVAA,2025-05-13,123343,1,2,0,79.0
10109590SILVAA_2025-05-14_G02,10109590SILVAA,2025-05-14,122189,1,4,0,271.0
10109590SILVAA_2025-05-14_G03,10109590SILVAA,2025-05-14,124247,1,8,0,239.0
10109590SILVAA_2025-05-14_G04,10109590SILVAA,2025-05-14,124247,1,1,0,41.0
10109590SILVAA_2025-05-14_G05,10109590SILVAA,2025-05-14,120272,1,4,0,132.0
10109590SILVAA_2025-05-14_G06,10109590SILVAA,2025-05-14,120028,1,20,0,436.0
10109590SILVAA_2025-05-14_G07,10109590SILVAA,2025-05-14,123909,1,8,0,163.0
10109590SILVAA_2025-05-14_G08,10109590SILVAA,2025-05-14,124248,1,8,0,206.0
10109590SILVAA_2025-05-14_G09,10109590SILVAA,2025-05-14,124548,1,24,0,427.0
10109590SILVAA_2025-05-14_G10,10109590SILVAA,2025-05-14,122983,1,4,0,70.0
10109590SILVAA_2025-05-14_G11,10109590SILVAA,2025-05-14,122986,1,2,0,158.0
10109590SILVAA_2025-05-14_G12,10109590SILVAA,2025-05-14,123345,1,10,0,492.0
10109590SILVAA_2025-05-14_G13,10109590SILVAA,2025-05-14,124433,1,4,0,67.0
10109590SILVAA_2025-05-14_G14,10109590SILVAA,2025-05-14,124433,1,26,0,308.0
10109590SILVAA_2025-05-14_G15,10109590SILVAA,2025-05-14,120389,1,9,0,963.0
10109590SILVAA_2025-05-14_G16,10109590SILVAA,2025-05-14,120028,1,7,0,919.0
10109590SILVAA_2025-05-14_G17,10109590SILVAA,2025-05-14,121760,1,5,0,212.0
10109590SILVAA_2025-05-14_G18,10109590SILVAA,2025-05-14,121760,1,12,0,489.0
10109590SILVAA_2025-05-14_G19,10109590SILVAA,2025-05-14,122985,1,2,0,351.0
10109590SILVAA_2025-05-14_G20,10109590SILVAA,2025-05-14,121651,1,30,0,1543.0
10109590SILVAA_2025-05-14_G21,10109590SILVAA,2025-05-14,122984,1,8,0,1068.0
10109590SILVAA_2025-05-14_G22,10109590SILVAA,2025-05-14,121760,1,3,0,122.0
10109590SILVAA_2025-05-14_G23,10109590SILVAA,2025-05-14,123345,1,4,0,160.0
10109590SILVAA_2025-05-14_G24,10109590SILVAA,2025-05-14,122703,1,2,0,148.0
10109590SILVAA_2025-05-14_G25,10109590SILVAA,2025-05-14,122988,1,6,0,151.0
10109590SILVAA_2025-05-14_G26,10109590SILVAA,2025-05-14,122984,1,4,0,179.0
10109590SILVAA_2025-05-15_G02,10109590SILVAA,2025-05-15,122982,1,10,0,148.0
10109590SILVAA_2025-05-15_G03,10109590SILVAA,2025-05-15,122185,1,24,0,320.0
10109590SILVAA_2025-05-15_G04,10109590SILVAA,2025-05-15,122962,1,100,0,1567.0
10109590SILVAA_2025-05-15_G05,10109590SILVAA,2025-05-15,122984,1,10,0,947.0
10109590SILVAA_2025-05-15_G06,10109590SILVAA,2025-05-15,122673,1,20,0,205.0
10109590SILVAA_2025-05-15_G07,10109590SILVAA,2025-05-15,181887,1,10,0,235.0
10109590SILVAA_2025-05-15_G08,10109590SILVAA,2025-05-15,124264,1,10,0,103.0
10109590SILVAA_2025-05-15_G09,10109590SILVAA,2025-05-15,122185,1,6,0,167.0
10109590SILVAA_2025-05-15_G10,10109590SILVAA,2025-05-15,124486,1,10,0,205.0
10109590SILVAA_2025-05-15_G11,10109590SILVAA,2025-05-15,124371,1,4,0,249.0
10109590SILVAA_2025-05-15_G12,10109590SILVAA,2025-05-15,122962,1,8,0,1186.0
10109590SILVAA_2025-05-15_G14,10109590SILVAA,2025-05-15,122673,1,14,0,370.0
10109590SILVAA_2025-05-15_G15,10109590SILVAA,2025-05-15,123909,1,8,0,109.0
10109590SILVAA_2025-05-15_G16,10109590SILVAA,2025-05-15,180554,1,6,0,653.0
10109590SILVAA_2025-05-15_G17,10109590SILVAA,2025-05-15,181887,1,12,0,175.0
10109590SILVAA_2025-05-15_G18,10109590SILVAA,2025-05-15,123130,1,50,0,1219.0
10109590SILVAA_2025-05-15_G19,10109590SILVAA,2025-05-15,123344,1,40,0,1295.0
10109590SILVAA_2025-05-15_G20,10109590SILVAA,2025-05-15,123313,1,32,0,1408.0
10109590SILVAA_2025-05-15_G21,10109590SILVAA,2025-05-15,122984,1,6,0,500.0
10109590SILVAA_2025-05-15_G22,10109590SILVAA,2025-05-15,120028,1,40,0,791.0
10109590SILVAA_2025-05-15_G23,10109590SILVAA,2025-05-15,120389,1,34,0,433.0
10109590SILVAA_2025-05-15_G24,10109590SILVAA,2025-05-15,120389,1,4,0,40.0
10109590SILVAA_2025-05-15_G25,10109590SILVAA,2025-05-15,122962,1,16,0,162.0
10109590SILVAA_2025-05-15_G26,10109590SILVAA,2025-05-15,122647,2,24,29,209.0
10109590SILVAA_2025-05-15_G27,10109590SILVAA,2025-05-15,122962,1,16,0,146.0
10109590SILVAA_2025-05-15_G28,10109590SILVAA,2025-05-15,123822,1,8,0,101.0
10109590SILVAA_2025-05-16_G02,10109590SILVAA,2025-05-16,122673,1,10,0,236.0
10109590SILVAA_2025-05-16_G03,10109590SILVAA,2025-05-16,123153,1,44,0,842.0
10109590SILVAA_2025-05-16_G04,10109590SILVAA,2025-05-16,124486,1,100,0,1022.0
10109590SILVAA_2025-05-16_G05,10109590SILVAA,2025-05-16,124247,1,2,0,34.0
10109590SILVAA_2025-05-16_G06,10109590SILVAA,2025-05-16,123313,1,1,0,341.0
10109590SILVAA_2025-05-16_G07,10109590SILVAA,2025-05-16,181887,1,8,0,459.0
10109590SILVAA_2025-05-16_G08,10109590SILVAA,2025-05-16,181056,1,4,0,216.0
10109590SILVAA_2025-05-16_G09,10109590SILVAA,2025-05-16,124370,1,4,0,89.0
10109590SILVAA_2025-05-16_G10,10109590SILVAA,2025-05-16,124476,1,4,0,131.0
10109590SILVAA_2025-05-16_G11,10109590SILVAA,2025-05-16,124247,1,2,0,86.0
10109590SILVAA_2025-05-16_G12,10109590SILVAA,2025-05-16,124371,1,4,0,118.0
10109590SILVAA_2025-05-16_G13,10109590SILVAA,2025-05-16,122962,1,2,0,56.0
10109590SILVAA_2025-05-16_G14,10109590SILVAA,2025-05-16,120339,1,4,0,169.0
10109590SILVAA_2025-05-16_G15,10109590SILVAA,2025-05-16,123343,1,6,0,2285.0
10109590SILVAA_2025-05-16_G16,10109590SILVAA,2025-05-16,124486,1,1,0,53.0
10109590SILVAA_2025-05-16_G17,10109590SILVAA,2025-05-16,122671,1,8,0,134.0
10109590SILVAA_2025-05-16_G18,10109590SILVAA,2025-05-16,124370,1,34,0,740.0
10109590SILVAA_2025-05-16_G19,10109590SILVAA,2025-05-16,124475,1,8,0,176.0
10109590SILVAA_2025-05-16_G20,10109590SILVAA,2025-05-16,122962,1,19,0,324.0
10109590SILVAA_2025-05-16_G21,10109590SILVAA,2025-05-16,120339,1,4,0,133.0
10109590SILVAA_2025-05-16_G22,10109590SILVAA,2025-05-16,123153,1,10,0,179.0
10109590SILVAA_2025-05-16_G23,10109590SILVAA,2025-05-16,123153,1,40,0,597.0
10109590SILVAA_2025-05-16_G24,10109590SILVAA,2025-05-16,124486,1,10,0,113.0
10109590SILVAA_2025-05-16_G25,10109590SILVAA,2025-05-16,123345,1,6,0,126.0
10109590SILVAA_2025-05-16_G26,10109590SILVAA,2025-05-16,123909,1,6,0,152.0
10109590SILVAA_2025-05-16_G27,10109590SILVAA,2025-05-16,122985,1,10,0,162.0
10109590SILVAA_2025-05-16_G28,10109590SILVAA,2025-05-16,122647,1,17,0,444.0
10109590SILVAA_2025-05-16_G30,10109590SILVAA,2025-05-16,121760,1,46,0,1338.0
10109590SILVAA_2025-05-16_G31,10109590SILVAA,2025-05-16,124433,1,27,0,1456.0
10109590SILVAA_2025-05-16_G32,10109590SILVAA,2025-05-16,122986,1,8,0,134.0
10109590SILVAA_2025-05-16_G33,10109590SILVAA,2025-05-16,124370,1,16,0,371.0
10109590SILVAA_2025-05-16_G34,10109590SILVAA,2025-05-16,123153,1,3,0,69.0
10109590SILVAA_2025-05-16_G35,10109590SILVAA,2025-05-16,122981,1,6,0,58.0
10109590SILVAA_2025-05-16_G36,10109590SILVAA,2025-05-16,124371,1,17,0,842.0
10109590SILVAA_2025-05-16_G37,10109590SILVAA,2025-05-16,121651,1,13,0,323.0
10109590SILVAA_2025-05-16_G38,10109590SILVAA,2025-05-16,123909,1,150,0,2320.0
10109590SILVAA_2025-05-16_G39,10109590SILVAA,2025-05-16,122671,1,40,0,539.0
10109590SILVAA_2025-05-16_G40,10109590SILVAA,2025-05-16,123153,1,31,0,706.0
10109590SILVAA_2025-05-16_G41,10109590SILVAA,2025-05-16,122984,1,29,0,689.0
10109590SILVAA_2025-05-16_G42,10109590SILVAA,2025-05-16,121760,1,40,0,437.0
10109590SILVAA_2025-05-16_G43,10109590SILVAA,2025-05-16,123345,1,50,0,284.0
10109590SILVAA_2025-05-17_G03,10109590SILVAA,2025-05-17,124475,1,4,0,153.0
10109590SILVAA_2025-05-17_G04,10109590SILVAA,2025-05-17,124476,1,4,0,120.0
10109590SILVAA_2025-05-17_G05,10109590SILVAA,2025-05-17,123343,1,4,0,61.0
10109590SILVAA_2025-05-17_G06,10109590SILVAA,2025-05-17,123345,1,14,0,317.0
10109590SILVAA_2025-05-17_G07,10109590SILVAA,2025-05-17,124486,1,20,0,288.0
10109590SILVAA_2025-05-17_G08,10109590SILVAA,2025-05-17,122703,1,4,0,34.0
10109590SILVAA_2025-05-17_G09,10109590SILVAA,2025-05-17,120339,1,2,0,180.0
10109590SILVAA_2025-05-17_G10,10109590SILVAA,2025-05-17,123909,1,14,0,214.0
10109590SILVAA_2025-05-17_G11,10109590SILVAA,2025-05-17,121760,1,37,0,630.0
10109590SILVAA_2025-05-17_G12,10109590SILVAA,2025-05-17,181056,1,1,0,97.0
10109590SILVAA_2025-05-17_G13,10109590SILVAA,2025-05-17,123343,1,4,0,303.0
10109590SILVAA_2025-05-17_G14,10109590SILVAA,2025-05-17,123345,1,10,0,246.0
10109590SILVAA_2025-05-17_G15,10109590SILVAA,2025-05-17,123313,1,4,0,122.0
10109590SILVAA_2025-05-17_G16,10109590SILVAA,2025-05-17,124247,1,2,0,90.0
10109590SILVAA_2025-05-17_G17,10109590SILVAA,2025-05-17,122982,1,1,0,95.0
10109590SILVAA_2025-05-17_G19,10109590SILVAA,2025-05-17,122703,1,6,0,250.0
10109590SILVAA_2025-05-17_G20,10109590SILVAA,2025-05-17,121651,1,8,0,331.0
10109590SILVAA_2025-05-17_G21,10109590SILVAA,2025-05-17,124264,1,16,0,277.0
10109590SILVAA_2025-05-17_G22,10109590SILVAA,2025-05-17,122984,1,6,0,364.0
10109590SILVAA_2025-05-17_G23,10109590SILVAA,2025-05-17,123909,1,48,0,839.0
10109590SILVAA_2025-05-17_G24,10109590SILVAA,2025-05-17,122673,1,4,0,174.0
10109590SILVAA_2025-05-17_G25,10109590SILVAA,2025-05-17,122983,1,8,0,271.0
10109590SILVAA_2025-05-17_G26,10109590SILVAA,2025-05-17,181057,1,4,0,82.0
10109590SILVAA_2025-05-17_G27,10109590SILVAA,2025-05-17,181056,1,4,0,352.0
10109590SILVAA_2025-05-17_G28,10109590SILVAA,2025-05-17,123343,1,33,0,651.0
10109590SILVAA_2025-05-17_G29,10109590SILVAA,2025-05-17,123345,1,48,0,876.0
10109590SILVAA_2025-05-19_G02,10109590SILVAA,2025-05-19,124476,1,4,0,133.0
10109590SILVAA_2025-05-19_G03,10109590SILVAA,2025-05-19,124371,1,4,0,184.0
10109590SILVAA_2025-05-19_G04,10109590SILVAA,2025-05-19,120272,1,4,0,133.0
10109590SILVAA_2025-05-19_G05,10109590SILVAA,2025-05-19,121760,1,5,0,206.0
10109590SILVAA_2025-05-19_G06,10109590SILVAA,2025-05-19,124248,1,2,0,179.0
10109590SILVAA_2025-05-19_G07,10109590SILVAA,2025-05-19,122984,1,4,0,70.0
10109590SILVAA_2025-05-19_G08,10109590SILVAA,2025-05-19,123343,1,5,0,156.0
10109590SILVAA_2025-05-19_G09,10109590SILVAA,2025-05-19,123345,1,12,0,329.0
10109590SILVAA_2025-05-19_G10,10109590SILVAA,2025-05-19,122984,1,6,0,167.0
10109590SILVAA_2025-05-19_G11,10109590SILVAA,2025-05-19,122983,1,4,0,356.0
10109590SILVAA_2025-05-19_G12,10109590SILVAA,2025-05-19,122984,1,6,0,361.0
10109590SILVAA_2025-05-19_G13,10109590SILVAA,2025-05-19,123343,1,6,0,214.0
10109590SILVAA_2025-05-19_G14,10109590SILVAA,2025-05-19,124486,1,5,0,144.0
10109590SILVAA_2025-05-19_G15,10109590SILVAA,2025-05-19,124486,1,80,0,739.0
10109590SILVAA_2025-05-19_G16,10109590SILVAA,2025-05-19,123876,1,10,0,1091.0
10109590SILVAA_2025-05-19_G17,10109590SILVAA,2025-05-19,120389,1,8,0,538.0
10109590SILVAA_2025-05-19_G18,10109590SILVAA,2025-05-19,121760,1,4,0,205.0
10109590SILVAA_2025-05-19_G19,10109590SILVAA,2025-05-19,120339,1,17,0,592.0
10109590SILVAA_2025-05-19_G20,10109590SILVAA,2025-05-19,120389,1,212,0,2521.0
10109590SILVAA_2025-05-19_G21,10109590SILVAA,2025-05-19,122985,1,63,0,405.0
10109590SILVAA_2025-05-19_G22,10109590SILVAA,2025-05-19,122985,1,40,0,189.0
10109590SILVAA_2025-05-19_G24,10109590SILVAA,2025-05-19,122982,1,1,0,297.0
10109590SILVAA_2025-05-19_G25,10109590SILVAA,2025-05-19,120321,1,9,0,471.0
10109590SILVAA_2025-05-19_G26,10109590SILVAA,2025-05-19,120008,1,4,0,1212.0
10109590SILVAA_2025-05-20_G02,10109590SILVAA,2025-05-20,123562,1,6,0,486.0
10109590SILVAA_2025-05-20_G03,10109590SILVAA,2025-05-20,122671,1,24,0,254.0
10109590SILVAA_2025-05-20_G04,10109590SILVAA,2025-05-20,122185,1,6,0,77.0
10109590SILVAA_2025-05-20_G05,10109590SILVAA,2025-05-20,123345,1,32,0,751.0
10109590SILVAA_2025-05-20_G06,10109590SILVAA,2025-05-20,122962,1,30,0,351.0
10109590SILVAA_2025-05-20_G07,10109590SILVAA,2025-05-20,122962,1,3,0,79.0
10109590SILVAA_2025-05-20_G08,10109590SILVAA,2025-05-20,124486,1,30,0,353.0
10109590SILVAA_2025-05-20_G09,10109590SILVAA,2025-05-20,122185,1,20,0,267.0
10109590SILVAA_2025-05-20_G10,10109590SILVAA,2025-05-20,122962,1,48,0,538.0
10109590SILVAA_2025-05-20_G11,10109590SILVAA,2025-05-20,122647,1,60,0,1156.0
10109590SILVAA_2025-05-20_G12,10109590SILVAA,2025-05-20,122962,1,20,0,234.0
10109590SILVAA_2025-05-22_G02,10109590SILVAA,2025-05-22,122988,1,4,0,244.0
10109590SILVAA_2025-05-22_G03,10109590SILVAA,2025-05-22,124476,1,120,0,2120.0
10109590SILVAA_2025-05-22_G04,10109590SILVAA,2025-05-22,124247,1,6,0,859.0
10109590SILVAA_2025-05-22_G05,10109590SILVAA,2025-05-22,122962,1,2,0,164.0
10109590SILVAA_2025-05-22_G06,10109590SILVAA,2025-05-22,124486,1,5,0,238.0
10109590SILVAA_2025-05-22_G07,10109590SILVAA,2025-05-22,122185,1,4,0,128.0
10109590SILVAA_2025-05-22_G08,10109590SILVAA,2025-05-22,122962,1,8,0,239.0
10109590SILVAA_2025-05-22_G09,10109590SILVAA,2025-05-22,122984,1,13,0,205.0
10109590SILVAA_2025-05-22_G10,10109590SILVAA,2025-05-22,124486,1,18,0,233.0
10109590SILVAA_2025-05-22_G11,10109590SILVAA,2025-05-22,122962,1,30,0,575.0
10109590SILVAA_2025-05-22_G12,10109590SILVAA,2025-05-22,122673,1,5,0,152.0
10109590SILVAA_2025-05-22_G13,10109590SILVAA,2025-05-22,122673,1,2,0,189.0
10109590SILVAA_2025-05-22_G14,10109590SILVAA,2025-05-22,124486,1,9,0,154.0
10109590SILVAA_2025-05-22_G15,10109590SILVAA,2025-05-22,120028,1,1,0,80.0
10109590SILVAA_2025-05-22_G16,10109590SILVAA,2025-05-22,122962,1,16,0,457.0
10109590SILVAA_2025-05-22_G17,10109590SILVAA,2025-05-22,124486,1,12,0,198.0
10109590SILVAA_2025-05-22_G18,10109590SILVAA,2025-05-22,122984,1,16,0,288.0
10109590SILVAA_2025-05-22_G19,10109590SILVAA,2025-05-22,122984,1,4,0,149.0
10109590SILVAA_2025-05-22_G20,10109590SILVAA,2025-05-22,124477,1,4,0,421.0
10109590SILVAA_2025-05-22_G21,10109590SILVAA,2025-05-22,123153,1,17,0,1596.0
10109590SILVAA_2025-05-22_G22,10109590SILVAA,2025-05-22,120028,1,6,0,403.0
10109590SILVAA_2025-05-22_G23,10109590SILVAA,2025-05-22,124548,1,20,0,282.0
10109590SILVAA_2025-05-22_G26,10109590SILVAA,2025-05-22,122984,1,40,0,1110.0
10109590SILVAA_2025-05-22_G27,10109590SILVAA,2025-05-22,124370,1,100,0,1436.0
10109590SILVAA_2025-05-22_G28,10109590SILVAA,2025-05-22,124475,1,90,0,872.0
10109590SILVAA_2025-05-22_G29,10109590SILVAA,2025-05-22,124371,1,50,0,349.0
10109590SILVAA_2025-05-23_G02,10109590SILVAA,2025-05-23,123081,1,8,0,108.0
10109590SILVAA_2025-05-23_G03,10109590SILVAA,2025-05-23,120028,1,40,0,1564.0
10109590SILVAA_2025-05-23_G04,10109590SILVAA,2025-05-23,124370,1,4,0,75.0
10109590SILVAA_2025-05-23_G05,10109590SILVAA,2025-05-23,124486,1,4,0,130.0
10109590SILVAA_2025-05-23_G06,10109590SILVAA,2025-05-23,121651,1,23,0,248.0
10109590SILVAA_2025-05-23_G07,10109590SILVAA,2025-05-23,121651,1,36,0,461.0
10109590SILVAA_2025-05-23_G08,10109590SILVAA,2025-05-23,122988,1,25,0,322.0
10109590SILVAA_2025-05-23_G09,10109590SILVAA,2025-05-23,123521,1,25,0,499.0
10109590SILVAA_2025-05-23_G10,10109590SILVAA,2025-05-23,122984,1,10,0,244.0
10109590SILVAA_2025-05-23_G11,10109590SILVAA,2025-05-23,122984,1,30,0,824.0
10109590SILVAA_2025-05-23_G12,10109590SILVAA,2025-05-23,124548,1,12,0,2161.0
10109590SILVAA_2025-05-23_G13,10109590SILVAA,2025-05-23,123909,1,4,0,58.0
10109590SILVAA_2025-05-23_G14,10109590SILVAA,2025-05-23,181056,1,2,0,324.0
10109590SILVAA_2025-05-23_G15,10109590SILVAA,2025-05-23,123345,1,6,0,165.0
10109590SILVAA_2025-05-23_G16,10109590SILVAA,2025-05-23,124248,1,26,0,648.0
10109590SILVAA_2025-05-23_G17,10109590SILVAA,2025-05-23,123345,1,2,0,57.0
10109590SILVAA_2025-05-23_G18,10109590SILVAA,2025-05-23,124486,1,8,0,290.0
10109590SILVAA_2025-05-23_G19,10109590SILVAA,2025-05-23,181057,1,4,0,200.0
10109590SILVAA_2025-05-23_G20,10109590SILVAA,2025-05-23,121651,1,5,0,98.0
10109590SILVAA_2025-05-23_G21,10109590SILVAA,2025-05-23,122984,2,6,29,51.0
10109590SILVAA_2025-05-23_G22,10109590SILVAA,2025-05-23,181887,1,4,0,162.0
10109590SILVAA_2025-05-23_G23,10109590SILVAA,2025-05-23,123343,1,4,0,155.0
10109590SILVAA_2025-05-23_G24,10109590SILVAA,2025-05-23,124371,1,70,0,2301.0
10109590SILVAA_2025-05-23_G26,10109590SILVAA,2025-05-23,121760,1,4,0,94.0
10109590SILVAA_2025-05-23_G27,10109590SILVAA,2025-05-23,123343,1,8,0,280.0
10109590SILVAA_2025-05-23_G28,10109590SILVAA,2025-05-23,181057,1,5,0,234.0
10109590SILVAA_2025-05-23_G29,10109590SILVAA,2025-05-23,114647,1,4,0,609.0
10109590SILVAA_2025-05-23_G30,10109590SILVAA,2025-05-23,122982,1,4,0,85.0
10109590SILVAA_2025-05-23_G31,10109590SILVAA,2025-05-23,122982,1,4,0,33.0
10109590SILVAA_2025-05-23_G32,10109590SILVAA,2025-05-23,122982,1,30,0,409.0
10109590SILVAA_2025-05-23_G33,10109590SILVAA,2025-05-23,122982,1,4,0,85.0
10109590SILVAA_2025-05-23_G34,10109590SILVAA,2025-05-23,122962,1,24,0,358.0
10109590SILVAA_2025-05-23_G35,10109590SILVAA,2025-05-23,122984,2,20,28,370.0
10109590SILVAA_2025-05-23_G36,10109590SILVAA,2025-05-23,120339,1,4,0,132.0
10109590SILVAA_2025-05-23_G37,10109590SILVAA,2025-05-23,124594,1,8,0,403.0
10109590SILVAA_2025-05-23_G38,10109590SILVAA,2025-05-23,124594,1,4,0,168.0
10109590SILVAA_2025-05-23_G39,10109590SILVAA,2025-05-23,123313,1,2,0,421.0
10109590SILVAA_2025-05-23_G40,10109590SILVAA,2025-05-23,123343,1,20,0,1402.0
10109590SILVAA_2025-05-24_G02,10109590SILVAA,2025-05-24,123343,1,5,0,389.0
10109590SILVAA_2025-05-24_G03,10109590SILVAA,2025-05-24,122185,1,16,0,459.0
10109590SILVAA_2025-05-24_G04,10109590SILVAA,2025-05-24,124486,1,12,0,399.0
10109590SILVAA_2025-05-24_G05,10109590SILVAA,2025-05-24,122962,1,16,0,277.0
10109590SILVAA_2025-05-24_G06,10109590SILVAA,2025-05-24,121651,1,3,0,325.0
10109590SILVAA_2025-05-24_G07,10109590SILVAA,2025-05-24,124370,1,10,0,143.0
10109590SILVAA_2025-05-24_G08,10109590SILVAA,2025-05-24,121760,1,10,0,349.0
10109590SILVAA_2025-05-24_G09,10109590SILVAA,2025-05-24,180078,1,1,0,1302.0
10109590SILVAA_2025-05-24_G10,10109590SILVAA,2025-05-24,123343,1,8,0,153.0
10109590SILVAA_2025-05-24_G11,10109590SILVAA,2025-05-24,122671,1,10,0,180.0
10109590SILVAA_2025-05-24_G12,10109590SILVAA,2025-05-24,124486,1,7,0,2181.0
10109590SILVAA_2025-05-24_G13,10109590SILVAA,2025-05-24,121651,1,9,0,112.0
10109590SILVAA_2025-05-24_G14,10109590SILVAA,2025-05-24,124476,1,5,0,115.0
10109590SILVAA_2025-05-24_G15,10109590SILVAA,2025-05-24,181235,1,4,0,99.0
10109590SILVAA_2025-05-24_G16,10109590SILVAA,2025-05-24,181057,1,4,0,80.0
10109590SILVAA_2025-05-24_G17,10109590SILVAA,2025-05-24,181056,1,2,0,52.0
10109590SILVAA_2025-05-24_G18,10109590SILVAA,2025-05-24,181887,1,2,0,117.0
10109590SILVAA_2025-05-24_G19,10109590SILVAA,2025-05-24,180090,1,1,0,378.0
10109590SILVAA_2025-05-24_G21,10109590SILVAA,2025-05-24,124486,1,12,0,1198.0
10109590SILVAA_2025-05-24_G22,10109590SILVAA,2025-05-24,124264,1,8,0,296.0
10109590SILVAA_2025-05-24_G23,10109590SILVAA,2025-05-24,122985,1,12,0,2654.0
10109590SILVAA_2025-05-26_G02,10109590SILVAA,2025-05-26,124370,1,70,0,1007.0
10109590SILVAA_2025-05-26_G03,10109590SILVAA,2025-05-26,124476,1,40,0,472.0
10109590SILVAA_2025-05-26_G04,10109590SILVAA,2025-05-26,123521,1,10,0,181.0
10109590SILVAA_2025-05-26_G05,10109590SILVAA,2025-05-26,122984,1,30,0,742.0
10109590SILVAA_2025-05-26_G06,10109590SILVAA,2025-05-26,124433,1,2,0,55.0
10109590SILVAA_2025-05-26_G07,10109590SILVAA,2025-05-26,124371,1,40,0,398.0
10109590SILVAA_2025-05-26_G08,10109590SILVAA,2025-05-26,123561,1,10,0,820.0
10109590SILVAA_2025-05-26_G09,10109590SILVAA,2025-05-26,124475,1,2,0,493.0
10109590SILVAA_2025-05-26_G10,10109590SILVAA,2025-05-26,124476,1,2,0,63.0
10109590SILVAA_2025-05-26_G11,10109590SILVAA,2025-05-26,121760,1,6,0,99.0
10109590SILVAA_2025-05-26_G12,10109590SILVAA,2025-05-26,122984,1,4,0,226.0
10109590SILVAA_2025-05-26_G13,10109590SILVAA,2025-05-26,123909,1,4,0,217.0
10109590SILVAA_2025-05-26_G14,10109590SILVAA,2025-05-26,124247,1,8,0,191.0
10109590SILVAA_2025-05-26_G15,10109590SILVAA,2025-05-26,122983,1,4,0,263.0
10109590SILVAA_2025-05-26_G16,10109590SILVAA,2025-05-26,124477,1,1,0,625.0
10109590SILVAA_2025-05-26_G17,10109590SILVAA,2025-05-26,123520,1,2,0,959.0
10109590SILVAA_2025-05-26_G18,10109590SILVAA,2025-05-26,122982,1,10,0,1080.0
10109590SILVAA_2025-05-26_G19,10109590SILVAA,2025-05-26,121651,1,1,0,53.0
10109590SILVAA_2025-05-26_G20,10109590SILVAA,2025-05-26,122988,1,4,0,89.0
10109590SILVAA_2025-05-26_G21,10109590SILVAA,2025-05-26,124264,1,52,0,754.0
10109590SILVAA_2025-05-26_G22,10109590SILVAA,2025-05-26,121760,1,5,0,146.0
10109590SILVAA_2025-05-26_G23,10109590SILVAA,2025-05-26,122984,1,11,0,188.0
10109590SILVAA_2025-05-26_G24,10109590SILVAA,2025-05-26,122673,1,7,0,74.0
10109590SILVAA_2025-05-26_G25,10109590SILVAA,2025-05-26,120339,1,2,0,90.0
10109590SILVAA_2025-05-26_G26,10109590SILVAA,2025-05-26,123909,1,89,0,1396.0
10109590SILVAA_2025-05-26_G27,10109590SILVAA,2025-05-26,122983,1,7,0,561.0
10109590SILVAA_2025-05-26_G28,10109590SILVAA,2025-05-26,123343,1,74,0,325.0
10109590SILVAA_2025-05-26_G29,10109590SILVAA,2025-05-26,123561,1,2,0,184.0
10109590SILVAA_2025-05-26_G32,10109590SILVAA,2025-05-26,123343,2,8,19,166.0
10109590SILVAA_2025-05-26_G33,10109590SILVAA,2025-05-26,123343,1,12,0,369.0
10109590SILVAA_2025-05-26_G34,10109590SILVAA,2025-05-26,124370,1,50,0,1344.0
10109590SILVAA_2025-05-26_G35,10109590SILVAA,2025-05-26,124475,1,12,0,410.0
10109590SILVAA_2025-05-26_G36,10109590SILVAA,2025-05-26,124248,1,6,0,53.0
10109590SILVAA_2025-05-26_G37,10109590SILVAA,2025-05-26,124548,1,9,0,907.0
10109590SILVAA_2025-05-28_G02,10109590SILVAA,2025-05-28,124486,1,18,0,327.0
10109590SILVAA_2025-05-28_G03,10109590SILVAA,2025-05-28,124486,1,19,0,367.0
10109590SILVAA_2025-05-28_G04,10109590SILVAA,2025-05-28,124486,1,18,0,268.0
10109590SILVAA_2025-05-28_G05,10109590SILVAA,2025-05-28,122673,1,11,0,240.0
10109590SILVAA_2025-05-28_G06,10109590SILVAA,2025-05-28,123909,1,9,0,191.0
10109590SILVAA_2025-05-28_G07,10109590SILVAA,2025-05-28,124486,1,14,0,181.0
10109590SILVAA_2025-05-28_G08,10109590SILVAA,2025-05-28,122962,1,14,0,255.0
10109590SILVAA_2025-05-28_G09,10109590SILVAA,2025-05-28,124475,1,20,0,257.0
10109590SILVAA_2025-05-28_G10,10109590SILVAA,2025-05-28,124476,1,6,0,69.0
10109590SILVAA_2025-05-28_G11,10109590SILVAA,2025-05-28,121760,1,10,0,422.0
10109590SILVAA_2025-05-28_G12,10109590SILVAA,2025-05-28,123344,1,13,0,756.0
10109590SILVAA_2025-05-28_G13,10109590SILVAA,2025-05-28,123345,1,12,0,181.0
10109590SILVAA_2025-05-28_G14,10109590SILVAA,2025-05-28,123343,1,10,0,93.0
10109590SILVAA_2025-05-28_G15,10109590SILVAA,2025-05-28,123909,1,40,0,361.0
10109590SILVAA_2025-05-28_G16,10109590SILVAA,2025-05-28,123345,1,40,0,376.0
10109590SILVAA_2025-05-28_G17,10109590SILVAA,2025-05-28,122962,1,60,0,748.0
10109590SILVAA_2025-05-28_G18,10109590SILVAA,2025-05-28,122962,1,12,0,671.0
10109590SILVAA_2025-05-28_G19,10109590SILVAA,2025-05-28,123907,1,17,0,2104.0
10109590SILVAA_2025-05-28_G20,10109590SILVAA,2025-05-28,123344,1,11,0,530.0
10109590SILVAA_2025-05-28_G21,10109590SILVAA,2025-05-28,123344,1,4,0,142.0
10109590SILVAA_2025-05-28_G22,10109590SILVAA,2025-05-28,123344,1,4,0,86.0
10109590SILVAA_2025-05-28_G24,10109590SILVAA,2025-05-28,124486,1,21,0,258.0
10109590SILVAA_2025-05-28_G25,10109590SILVAA,2025-05-28,123344,3,193,40,3187.0
10109590SILVAA_2025-05-28_G26,10109590SILVAA,2025-05-28,181057,1,4,0,856.0
10109590SILVAA_2025-05-29_G02,10109590SILVAA,2025-05-29,122962,1,4,0,880.0
10109590SILVAA_2025-05-29_G03,10109590SILVAA,2025-05-29,123822,1,1,0,198.0
10109590SILVAA_2025-05-29_G04,10109590SILVAA,2025-05-29,123345,1,2,0,211.0
10109590SILVAA_2025-05-29_G05,10109590SILVAA,2025-05-29,120271,1,4,0,114.0
10109590SILVAA_2025-05-29_G06,10109590SILVAA,2025-05-29,122185,1,6,0,212.0
10109590SILVAA_2025-05-29_G07,10109590SILVAA,2025-05-29,123344,1,4,0,241.0
10109590SILVAA_2025-05-29_G08,10109590SILVAA,2025-05-29,124548,1,25,0,737.0
10109590SILVAA_2025-05-29_G10,10109590SILVAA,2025-05-29,122986,1,10,0,316.0
10109590SILVAA_2025-05-29_G11,10109590SILVAA,2025-05-29,122968,1,10,0,226.0
10109590SILVAA_2025-05-29_G12,10109590SILVAA,2025-05-29,122671,1,5,0,75.0
10109590SILVAA_2025-05-29_G13,10109590SILVAA,2025-05-29,122671,1,14,0,194.0
10109590SILVAA_2025-05-29_G14,10109590SILVAA,2025-05-29,123909,1,43,0,564.0
10109590SILVAA_2025-05-29_G15,10109590SILVAA,2025-05-29,123153,1,35,0,478.0
10109590SILVAA_2025-05-29_G16,10109590SILVAA,2025-05-29,122981,1,9,0,448.0
10109590SILVAA_2025-05-29_G17,10109590SILVAA,2025-05-29,122988,1,2,0,59.0
10109590SILVAA_2025-05-29_G18,10109590SILVAA,2025-05-29,121651,1,60,0,473.0
10109590SILVAA_2025-05-29_G19,10109590SILVAA,2025-05-29,121923,1,2,0,115.0
10109590SILVAA_2025-05-29_G20,10109590SILVAA,2025-05-29,124264,1,20,0,177.0
10109590SILVAA_2025-05-29_G21,10109590SILVAA,2025-05-29,121760,1,21,0,312.0
10109590SILVAA_2025-05-29_G22,10109590SILVAA,2025-05-29,122984,1,8,0,65.0
10109590SILVAA_2025-05-29_G23,10109590SILVAA,2025-05-29,122984,1,17,0,121.0
10109590SILVAA_2025-05-29_G24,10109590SILVAA,2025-05-29,124247,1,2,0,72.0
10109590SILVAA_2025-05-29_G25,10109590SILVAA,2025-05-29,123313,1,24,0,525.0
10109590SILVAA_2025-05-29_G28,10109590SILVAA,2025-05-29,124486,1,40,0,562.0
10109590SILVAA_2025-05-30_G02,10109590SILVAA,2025-05-30,124476,1,4,0,239.0
10109590SILVAA_2025-05-30_G03,10109590SILVAA,2025-05-30,122962,1,4,0,148.0
10109590SILVAA_2025-05-30_G04,10109590SILVAA,2025-05-30,120271,1,4,0,137.0
10109590SILVAA_2025-05-30_G05,10109590SILVAA,2025-05-30,123313,1,4,0,88.0
10109590SILVAA_2025-05-30_G06,10109590SILVAA,2025-05-30,123909,1,6,0,100.0
10109590SILVAA_2025-05-30_G07,10109590SILVAA,2025-05-30,121760,1,22,0,663.0
10109590SILVAA_2025-05-30_G08,10109590SILVAA,2025-05-30,124486,1,18,0,154.0
10109590SILVAA_2025-05-30_G09,10109590SILVAA,2025-05-30,122962,1,16,0,161.0
10109590SILVAA_2025-05-30_G10,10109590SILVAA,2025-05-30,121651,1,10,0,181.0
10109590SILVAA_2025-05-30_G11,10109590SILVAA,2025-05-30,124247,1,5,0,113.0
10109590SILVAA_2025-05-30_G12,10109590SILVAA,2025-05-30,123344,1,10,0,240.0
10109590SILVAA_2025-05-30_G13,10109590SILVAA,2025-05-30,123343,1,7,0,284.0
10109590SILVAA_2025-05-30_G14,10109590SILVAA,2025-05-30,120389,1,30,0,518.0
10109590SILVAA_2025-05-30_G15,10109590SILVAA,2025-05-30,121760,1,4,0,71.0
10109590SILVAA_2025-05-30_G16,10109590SILVAA,2025-05-30,124371,1,16,0,203.0
10109590SILVAA_2025-05-30_G17,10109590SILVAA,2025-05-30,123344,1,2,0,89.0
10109590SILVAA_2025-05-30_G18,10109590SILVAA,2025-05-30,123345,1,2,0,51.0
10109590SILVAA_2025-05-30_G19,10109590SILVAA,2025-05-30,123343,1,4,0,169.0
10109590SILVAA_2025-05-30_G20,10109590SILVAA,2025-05-30,121760,1,3,0,1662.0
10109590SILVAA_2025-05-30_G21,10109590SILVAA,2025-05-30,124486,1,7,0,211.0
10109590SILVAA_2025-05-30_G22,10109590SILVAA,2025-05-30,124476,1,6,0,85.0
10109590SILVAA_2025-05-30_G23,10109590SILVAA,2025-05-30,123344,1,6,0,170.0
10109590SILVAA_2025-05-30_G24,10109590SILVAA,2025-05-30,122962,1,11,0,291.0
10109590SILVAA_2025-05-30_G25,10109590SILVAA,2025-05-30,124486,1,20,0,264.0
10109590SILVAA_2025-05-30_G26,10109590SILVAA,2025-05-30,121651,1,4,0,77.0
10109590SILVAA_2025-05-30_G27,10109590SILVAA,2025-05-30,124370,1,6,0,182.0
10109590SILVAA_2025-05-30_G28,10109590SILVAA,2025-05-30,124247,1,1,0,143.0
10109590SILVAA_2025-05-30_G29,10109590SILVAA,2025-05-30,123345,1,10,0,129.0
10109590SILVAA_2025-05-30_G30,10109590SILVAA,2025-05-30,123343,1,16,0,706.0
10109590SILVAA_2025-05-30_G31,10109590SILVAA,2025-05-30,122671,1,12,0,351.0
10109590SILVAA_2025-05-30_G32,10109590SILVAA,2025-05-30,123130,1,44,0,678.0
10109590SILVAA_2025-05-30_G33,10109590SILVAA,2025-05-30,122673,1,25,0,391.0
10109590SILVAA_2025-05-30_G34,10109590SILVAA,2025-05-30,123130,1,44,0,522.0
10109590SILVAA_2025-05-30_G35,10109590SILVAA,2025-05-30,122673,1,25,0,220.0
10109590SILVAA_2025-05-30_G36,10109590SILVAA,2025-05-30,"123909, 121760",2,17,24,156.0
10109590SILVAA_2025-05-30_G37,10109590SILVAA,2025-05-30,123345,1,2,0,64.0
10109590SILVAA_2025-05-30_G38,10109590SILVAA,2025-05-30,123343,1,5,0,191.0
10109590SILVAA_2025-05-30_G39,10109590SILVAA,2025-05-30,121760,1,2,0,122.0
10109590SILVAA_2025-05-30_G40,10109590SILVAA,2025-05-30,123344,1,4,0,187.0
10109590SILVAA_2025-05-30_G41,10109590SILVAA,2025-05-30,122982,1,4,0,139.0
10109590SILVAA_2025-05-30_G42,10109590SILVAA,2025-05-30,121760,1,4,0,77.0
10109590SILVAA_2025-05-30_G43,10109590SILVAA,2025-05-30,122988,1,4,0,37.0
10109590SILVAA_2025-05-30_G44,10109590SILVAA,2025-05-30,120271,1,4,0,51.0
10109590SILVAA_2025-05-30_G45,10109590SILVAA,2025-05-30,121651,1,4,0,45.0
10109590SILVAA_2025-05-30_G46,10109590SILVAA,2025-05-30,123344,1,5,0,224.0
10109590SILVAA_2025-05-30_G47,10109590SILVAA,2025-05-30,123130,1,40,0,383.0
10109590SILVAA_2025-05-30_G49,10109590SILVAA,2025-05-30,123909,1,2,0,119.0
10109590SILVAA_2025-05-30_G50,10109590SILVAA,2025-05-30,121760,1,3,0,93.0
10109590SILVAA_2025-05-30_G51,10109590SILVAA,2025-05-30,122985,1,4,0,124.0
10109590SILVAA_2025-05-30_G52,10109590SILVAA,2025-05-30,122985,1,4,0,3238.0
10109590SILVAA_2025-05-30_G53,10109590SILVAA,2025-05-30,122962,1,80,0,3174.0
10109590SILVAA_2025-05-30_G54,10109590SILVAA,2025-05-30,124486,1,80,0,762.0
10109590SILVAA_2025-05-30_G55,10109590SILVAA,2025-05-30,121651,1,80,0,993.0
10109590SILVAA_2025-05-30_G56,10109590SILVAA,2025-05-30,123521,1,10,0,197.0
10109590SILVAA_2025-05-30_G57,10109590SILVAA,2025-05-30,124477,1,20,0,333.0
10109590SILVAA_2025-05-30_G58,10109590SILVAA,2025-05-30,123345,1,20,0,142.0
10109590SILVAA_2025-05-31_G02,10109590SILVAA,2025-05-31,123344,1,4,0,404.0
10109590SILVAA_2025-05-31_G03,10109590SILVAA,2025-05-31,123909,1,10,0,129.0
10109590SILVAA_2025-05-31_G04,10109590SILVAA,2025-05-31,124486,1,8,0,111.0
10109590SILVAA_2025-05-31_G05,10109590SILVAA,2025-05-31,122962,1,24,0,295.0
10109590SILVAA_2025-05-31_G06,10109590SILVAA,2025-05-31,124264,1,16,0,253.0
10109590SILVAA_2025-05-31_G07,10109590SILVAA,2025-05-31,124594,1,4,0,1149.0
10109590SILVAA_2025-05-31_G08,10109590SILVAA,2025-05-31,124264,1,20,0,336.0
10109590SILVAA_2025-05-31_G09,10109590SILVAA,2025-05-31,123520,2,20,30,1176.0
10109590SILVAA_2025-05-31_G10,10109590SILVAA,2025-05-31,122986,1,6,0,183.0
10109590SILVAA_2025-05-31_G11,10109590SILVAA,2025-05-31,122962,2,8,14,608.0
10109590SILVAA_2025-05-31_G12,10109590SILVAA,2025-05-31,124486,1,7,0,212.0
10109590SILVAA_2025-05-31_G13,10109590SILVAA,2025-05-31,122983,1,8,0,125.0
10109590SILVAA_2025-05-31_G14,10109590SILVAA,2025-05-31,124486,1,16,0,234.0
10109590SILVAA_2025-05-31_G15,10109590SILVAA,2025-05-31,123822,1,16,0,426.0
10109590SILVAA_2025-05-31_G16,10109590SILVAA,2025-05-31,123313,1,20,0,2690.0
10109590SILVAA_2025-06-02_G02,10109590SILVAA,2025-06-02,122984,1,2,0,65.0
10109590SILVAA_2025-06-05_G02,10109590SILVAA,2025-06-05,123344,1,17,0,221.0
10109590SILVAA_2025-06-05_G03,10109590SILVAA,2025-06-05,123344,1,2,0,50.0
10109590SILVAA_2025-06-05_G04,10109590SILVAA,2025-06-05,181280,1,4,0,1113.0
10109590SILVAA_2025-06-05_G05,10109590SILVAA,2025-06-05,181057,1,2,0,98.0
10109590SILVAA_2025-06-05_G06,10109590SILVAA,2025-06-05,181056,1,8,0,219.0
10109590SILVAA_2025-06-05_G07,10109590SILVAA,2025-06-05,124486,1,150,0,1929.0
10109590SILVAA_2025-06-05_G08,10109590SILVAA,2025-06-05,122985,1,4,0,3395.0
10109590SILVAA_2025-06-05_G09,10109590SILVAA,2025-06-05,124371,1,6,0,126.0
10109590SILVAA_2025-06-05_G10,10109590SILVAA,2025-06-05,122986,1,1,0,109.0
10109590SILVAA_2025-06-05_G11,10109590SILVAA,2025-06-05,122671,1,9,0,144.0
10109590SILVAA_2025-06-05_G12,10109590SILVAA,2025-06-05,123909,1,16,0,237.0
10109590SILVAA_2025-06-05_G13,10109590SILVAA,2025-06-05,124371,1,12,0,126.0
10109590SILVAA_2025-06-05_G14,10109590SILVAA,2025-06-05,121760,1,20,0,341.0
10109590SILVAA_2025-06-06_G03,10109590SILVAA,2025-06-06,123344,1,21,0,702.0
10109590SILVAA_2025-06-06_G04,10109590SILVAA,2025-06-06,122983,1,57,0,1181.0
10109590SILVAA_2025-06-06_G05,10109590SILVAA,2025-06-06,122983,1,20,0,397.0
10109590SILVAA_2025-06-06_G06,10109590SILVAA,2025-06-06,122983,1,35,0,535.0
10109590SILVAA_2025-06-06_G07,10109590SILVAA,2025-06-06,123313,1,24,0,235.0
10109590SILVAA_2025-06-06_G08,10109590SILVAA,2025-06-06,123343,1,20,0,318.0
10109590SILVAA_2025-06-06_G09,10109590SILVAA,2025-06-06,123345,1,12,0,246.0
10109590SILVAA_2025-06-06_G10,10109590SILVAA,2025-06-06,123345,1,7,0,66.0
10109590SILVAA_2025-06-07_G02,10109590SILVAA,2025-06-07,122962,1,8,0,197.0
10109590SILVAA_2025-06-07_G03,10109590SILVAA,2025-06-07,124486,1,20,0,210.0
10109590SILVAA_2025-06-07_G04,10109590SILVAA,2025-06-07,124370,1,20,0,332.0
10109590SILVAA_2025-06-07_G05,10109590SILVAA,2025-06-07,122671,1,4,0,65.0
10109590SILVAA_2025-06-07_G06,10109590SILVAA,2025-06-07,122983,1,4,0,63.0
10109590SILVAA_2025-06-07_G07,10109590SILVAA,2025-06-07,120389,1,6,0,64.0
10109590SILVAA_2025-06-07_G08,10109590SILVAA,2025-06-07,120028,1,4,0,65.0
10109590SILVAA_2025-06-07_G09,10109590SILVAA,2025-06-07,122962,1,8,0,95.0
10109590SILVAA_2025-06-07_G10,10109590SILVAA,2025-06-07,124486,1,6,0,96.0
10109590SILVAA_2025-06-07_G11,10109590SILVAA,2025-06-07,124486,1,14,0,173.0
10109590SILVAA_2025-06-07_G12,10109590SILVAA,2025-06-07,120028,1,15,0,180.0
10109590SILVAA_2025-06-07_G13,10109590SILVAA,2025-06-07,120028,1,20,0,176.0
10109590SILVAA_2025-06-07_G14,10109590SILVAA,2025-06-07,122984,1,60,0,752.0
10109590SILVAA_2025-06-07_G15,10109590SILVAA,2025-06-07,122962,1,30,0,324.0
10109590SILVAA_2025-06-07_G16,10109590SILVAA,2025-06-07,124486,1,30,0,201.0
10109590SILVAA_2025-06-07_G17,10109590SILVAA,2025-06-07,123909,1,50,0,416.0
10109590SILVAA_2025-06-07_G18,10109590SILVAA,2025-06-07,122962,1,40,0,1359.0
10109590SILVAA_2025-06-07_G19,10109590SILVAA,2025-06-07,124486,1,100,0,806.0
10109590SILVAA_2025-06-07_G20,10109590SILVAA,2025-06-07,122647,1,13,0,299.0
10109590SILVAA_2025-06-07_G21,10109590SILVAA,2025-06-07,122647,1,7,0,151.0
10109590SILVAA_2025-06-07_G22,10109590SILVAA,2025-06-07,122962,1,14,0,129.0
10109590SILVAA_2025-06-07_G23,10109590SILVAA,2025-06-07,124248,1,40,0,308.0
10109590SILVAA_2025-06-07_G24,10109590SILVAA,2025-06-07,122988,1,4,0,114.0
10109590SILVAA_2025-06-07_G25,10109590SILVAA,2025-06-07,122962,1,8,0,148.0
10109590SILVAA_2025-06-07_G26,10109590SILVAA,2025-06-07,123153,1,14,0,284.0
10109590SILVAA_2025-06-07_G28,10109590SILVAA,2025-06-07,122703,1,8,0,119.0
10109590SILVAA_2025-06-07_G29,10109590SILVAA,2025-06-07,120272,1,10,0,219.0
10109590SILVAA_2025-06-07_G30,10109590SILVAA,2025-06-07,124248,1,5,0,270.0
10109590SILVAA_2025-06-07_G31,10109590SILVAA,2025-06-07,121760,1,50,0,1480.0
10109590SILVAA_2025-06-09_G02,10109590SILVAA,2025-06-09,124486,1,10,0,726.0
10109590SILVAA_2025-06-09_G03,10109590SILVAA,2025-06-09,120389,1,8,0,154.0
10109590SILVAA_2025-06-09_G04,10109590SILVAA,2025-06-09,123343,1,2,0,200.0
10109590SILVAA_2025-06-09_G05,10109590SILVAA,2025-06-09,122673,1,24,0,524.0
10109590SILVAA_2025-06-09_G06,10109590SILVAA,2025-06-09,122985,1,6,0,108.0
10109590SILVAA_2025-06-09_G07,10109590SILVAA,2025-06-09,123947,1,8,0,185.0
10109590SILVAA_2025-06-09_G08,10109590SILVAA,2025-06-09,123153,1,10,0,133.0
10109590SILVAA_2025-06-09_G09,10109590SILVAA,2025-06-09,122962,1,22,0,743.0
10109590SILVAA_2025-06-09_G10,10109590SILVAA,2025-06-09,122671,1,16,0,177.0
10109590SILVAA_2025-06-09_G11,10109590SILVAA,2025-06-09,124486,1,60,0,448.0
10109590SILVAA_2025-06-09_G12,10109590SILVAA,2025-06-09,124248,1,40,0,639.0
10109590SILVAA_2025-06-09_G13,10109590SILVAA,2025-06-09,122962,1,20,0,191.0
10109590SILVAA_2025-06-09_G14,10109590SILVAA,2025-06-09,122647,1,20,0,273.0
10109590SILVAA_2025-06-09_G15,10109590SILVAA,2025-06-09,122984,1,8,0,156.0
10109590SILVAA_2025-06-09_G16,10109590SILVAA,2025-06-09,122984,1,16,0,399.0
10109590SILVAA_2025-06-09_G17,10109590SILVAA,2025-06-09,122984,1,28,0,564.0
10109590SILVAA_2025-06-09_G18,10109590SILVAA,2025-06-09,122982,1,8,0,103.0
10109590SILVAA_2025-06-09_G19,10109590SILVAA,2025-06-09,120272,1,2,0,101.0
10109590SILVAA_2025-06-09_G20,10109590SILVAA,2025-06-09,122985,1,2,0,168.0
10109590SILVAA_2025-06-09_G22,10109590SILVAA,2025-06-09,124370,1,100,0,1265.0
10109590SILVAA_2025-06-09_G23,10109590SILVAA,2025-06-09,122962,1,24,0,209.0
10109590SILVAA_2025-06-09_G24,10109590SILVAA,2025-06-09,120028,1,30,0,496.0
10109590SILVAA_2025-06-09_G25,10109590SILVAA,2025-06-09,120028,1,14,0,410.0
10109590SILVAA_2025-06-09_G26,10109590SILVAA,2025-06-09,120028,1,35,0,603.0
10109590SILVAA_2025-06-09_G27,10109590SILVAA,2025-06-09,120028,1,11,0,209.0
10109590SILVAA_2025-06-09_G28,10109590SILVAA,2025-06-09,122962,1,24,0,288.0
10109590SILVAA_2025-06-09_G29,10109590SILVAA,2025-06-09,123909,1,250,0,3080.0
10109590SILVAA_2025-06-10_G02,10109590SILVAA,2025-06-10,123345,1,5,0,724.0
10109590SILVAA_2025-06-10_G03,10109590SILVAA,2025-06-10,123153,1,2,0,126.0
10109590SILVAA_2025-06-10_G04,10109590SILVAA,2025-06-10,122962,1,8,0,1641.0
10109590SILVAA_2025-06-10_G05,10109590SILVAA,2025-06-10,124370,1,67,0,1303.0
10109590SILVAA_2025-06-10_G06,10109590SILVAA,2025-06-10,122983,1,3,0,758.0
10109590SILVAA_2025-06-10_G07,10109590SILVAA,2025-06-10,124370,1,14,0,374.0
10109590SILVAA_2025-06-10_G08,10109590SILVAA,2025-06-10,124475,1,10,0,382.0
10109590SILVAA_2025-06-10_G09,10109590SILVAA,2025-06-10,121760,1,100,0,1924.0
10109590SILVAA_2025-06-10_G10,10109590SILVAA,2025-06-10,124486,1,60,0,2353.0
10109590SILVAA_2025-06-10_G11,10109590SILVAA,2025-06-10,122673,1,6,0,184.0
10109590SILVAA_2025-06-10_G12,10109590SILVAA,2025-06-10,122985,1,6,0,283.0
10109590SILVAA_2025-06-10_G13,10109590SILVAA,2025-06-10,124486,1,2,0,71.0
10109590SILVAA_2025-06-10_G14,10109590SILVAA,2025-06-10,124248,1,4,0,122.0
10109590SILVAA_2025-06-10_G15,10109590SILVAA,2025-06-10,124594,1,4,0,360.0
10109590SILVAA_2025-06-10_G16,10109590SILVAA,2025-06-10,122673,1,2,0,92.0
10109590SILVAA_2025-06-10_G17,10109590SILVAA,2025-06-10,122962,1,16,0,230.0
10109590SILVAA_2025-06-10_G18,10109590SILVAA,2025-06-10,120389,1,10,0,202.0
10109590SILVAA_2025-06-10_G19,10109590SILVAA,2025-06-10,122647,1,2,0,67.0
10109590SILVAA_2025-06-10_G20,10109590SILVAA,2025-06-10,122673,1,6,0,210.0
10109590SILVAA_2025-06-10_G21,10109590SILVAA,2025-06-10,122673,1,12,0,398.0
10109590SILVAA_2025-06-10_G23,10109590SILVAA,2025-06-10,123345,1,22,0,326.0
10109590SILVAA_2025-06-10_G24,10109590SILVAA,2025-06-10,120389,1,10,0,256.0
10109590SILVAA_2025-06-10_G25,10109590SILVAA,2025-06-10,123343,1,4,0,61.0
10109590SILVAA_2025-06-10_G26,10109590SILVAA,2025-06-10,123345,1,8,0,235.0
10109590SILVAA_2025-06-10_G27,10109590SILVAA,2025-06-10,123909,1,2,0,236.0
10109590SILVAA_2025-06-10_G28,10109590SILVAA,2025-06-10,122673,1,2,0,113.0
10109590SILVAA_2025-06-10_G29,10109590SILVAA,2025-06-10,121651,1,1,0,320.0
10109590SILVAA_2025-06-10_G30,10109590SILVAA,2025-06-10,121760,1,3,0,67.0
10109590SILVAA_2025-06-10_G31,10109590SILVAA,2025-06-10,123345,1,2,0,114.0
10109590SILVAA_2025-06-10_G32,10109590SILVAA,2025-06-10,124371,1,4,0,275.0
10109590SILVAA_2025-06-10_G33,10109590SILVAA,2025-06-10,123344,1,2,0,409.0
10109590SILVAA_2025-06-10_G34,10109590SILVAA,2025-06-10,122962,1,12,0,225.0
10109590SILVAA_2025-06-10_G35,10109590SILVAA,2025-06-10,124248,1,19,0,611.0
10109590SILVAA_2025-06-10_G36,10109590SILVAA,2025-06-10,123390,1,15,0,1059.0
10109590SILVAA_2025-06-10_G37,10109590SILVAA,2025-06-10,124548,1,110,0,3492.0
10109590SILVAA_2025-06-11_G02,10109590SILVAA,2025-06-11,124548,1,16,0,330.0
10109590SILVAA_2025-06-11_G03,10109590SILVAA,2025-06-11,122985,5,8,30,59.0
10109590SILVAA_2025-06-11_G04,10109590SILVAA,2025-06-11,122962,1,12,0,379.0
10109590SILVAA_2025-06-11_G05,10109590SILVAA,2025-06-11,122982,1,5,0,113.0
10109590SILVAA_2025-06-11_G06,10109590SILVAA,2025-06-11,120272,1,8,0,164.0
10109590SILVAA_2025-06-11_G07,10109590SILVAA,2025-06-11,122189,1,4,0,543.0
10109590SILVAA_2025-06-11_G08,10109590SILVAA,2025-06-11,122196,1,8,0,210.0
10109590SILVAA_2025-06-11_G09,10109590SILVAA,2025-06-11,122981,1,1,0,50.0
10109590SILVAA_2025-06-11_G10,10109590SILVAA,2025-06-11,123313,1,1,0,54.0
10109590SILVAA_2025-06-11_G11,10109590SILVAA,2025-06-11,122647,1,6,0,229.0
10109590SILVAA_2025-06-11_G12,10109590SILVAA,2025-06-11,122673,1,6,0,204.0
10109590SILVAA_2025-06-11_G13,10109590SILVAA,2025-06-11,123343,1,6,0,192.0
10109590SILVAA_2025-06-11_G14,10109590SILVAA,2025-06-11,123345,1,6,0,232.0
10109590SILVAA_2025-06-11_G16,10109590SILVAA,2025-06-11,122647,1,26,0,1508.0
10109590SILVAA_2025-06-11_G17,10109590SILVAA,2025-06-11,122986,1,20,0,1125.0
10109590SILVAA_2025-06-11_G18,10109590SILVAA,2025-06-11,122981,1,20,0,262.0
10109590SILVAA_2025-06-11_G19,10109590SILVAA,2025-06-11,180005,1,1,0,290.0
10109590SILVAA_2025-06-11_G20,10109590SILVAA,2025-06-11,124248,1,40,0,918.0
10109590SILVAA_2025-06-11_G22,10109590SILVAA,2025-06-11,122962,1,16,0,84.0
10109590SILVAA_2025-06-11_G23,10109590SILVAA,2025-06-11,124486,1,20,0,59.0
10109590SILVAA_2025-06-11_G24,10109590SILVAA,2025-06-11,123947,1,11,0,137.0
10109590SILVAA_2025-06-11_G25,10109590SILVAA,2025-06-11,122647,1,4,0,70.0
10109590SILVAA_2025-06-11_G26,10109590SILVAA,2025-06-11,122673,1,12,0,177.0
10109590SILVAA_2025-06-11_G27,10109590SILVAA,2025-06-11,122962,1,60,0,207.0
10109590SILVAA_2025-06-11_G28,10109590SILVAA,2025-06-11,124486,1,40,0,187.0
10109590SILVAA_2025-06-11_G29,10109590SILVAA,2025-06-11,122673,1,20,0,212.0
10109590SILVAA_2025-06-11_G30,10109590SILVAA,2025-06-11,122962,1,40,0,142.0
10109590SILVAA_2025-06-11_G31,10109590SILVAA,2025-06-11,122962,1,6,0,93.0
10109590SILVAA_2025-06-11_G32,10109590SILVAA,2025-06-11,122647,1,6,0,54.0
10109590SILVAA_2025-06-11_G33,10109590SILVAA,2025-06-11,122673,1,16,0,120.0
10109590SILVAA_2025-06-11_G34,10109590SILVAA,2025-06-11,122673,1,8,0,142.0
10109590SILVAA_2025-06-11_G35,10109590SILVAA,2025-06-11,124247,1,8,0,368.0
10109590SILVAA_2025-06-11_G36,10109590SILVAA,2025-06-11,124486,1,20,0,391.0
10109590SILVAA_2025-06-11_G37,10109590SILVAA,2025-06-11,122983,1,20,0,164.0
10109590SILVAA_2025-06-11_G38,10109590SILVAA,2025-06-11,123313,1,10,0,128.0
10109590SILVAA_2025-06-11_G39,10109590SILVAA,2025-06-11,122962,1,4,0,52.0
10109590SILVAA_2025-06-11_G40,10109590SILVAA,2025-06-11,124486,1,8,0,102.0
10109590SILVAA_2025-06-11_G41,10109590SILVAA,2025-06-11,123909,1,12,0,118.0
10109590SILVAA_2025-06-11_G42,10109590SILVAA,2025-06-11,122962,1,80,0,435.0
10109590SILVAA_2025-06-11_G43,10109590SILVAA,2025-06-11,120272,1,2,0,80.0
10109590SILVAA_2025-06-11_G44,10109590SILVAA,2025-06-11,122981,1,5,0,117.0
10109590SILVAA_2025-06-11_G45,10109590SILVAA,2025-06-11,122962,1,9,0,87.0
10109590SILVAA_2025-06-11_G46,10109590SILVAA,2025-06-11,124486,1,10,0,63.0
10109590SILVAA_2025-06-11_G47,10109590SILVAA,2025-06-11,122673,1,14,0,144.0
10109590SILVAA_2025-06-11_G48,10109590SILVAA,2025-06-11,122985,1,2,0,59.0
10109590SILVAA_2025-06-11_G49,10109590SILVAA,2025-06-11,123345,1,6,0,152.0
10109590SILVAA_2025-06-13_G02,10109590SILVAA,2025-06-13,124486,1,150,0,2387.0
10109590SILVAA_2025-06-13_G03,10109590SILVAA,2025-06-13,123909,1,50,0,937.0
10109590SILVAA_2025-06-13_G04,10109590SILVAA,2025-06-13,122982,1,4,0,2748.0
10109590SILVAA_2025-06-13_G05,10109590SILVAA,2025-06-13,122962,1,6,0,216.0
10109590SILVAA_2025-06-13_G06,10109590SILVAA,2025-06-13,124475,1,3,0,81.0
10109590SILVAA_2025-06-13_G07,10109590SILVAA,2025-06-13,123345,1,6,0,154.0
10109590SILVAA_2025-06-13_G08,10109590SILVAA,2025-06-13,122962,1,4,0,72.0
10109590SILVAA_2025-06-13_G09,10109590SILVAA,2025-06-13,124370,1,6,0,169.0
10109590SILVAA_2025-06-13_G10,10109590SILVAA,2025-06-13,124486,1,4,0,104.0
10109590SILVAA_2025-06-13_G11,10109590SILVAA,2025-06-13,122185,1,6,0,132.0
10109590SILVAA_2025-06-13_G12,10109590SILVAA,2025-06-13,121651,1,3,0,138.0
10109590SILVAA_2025-06-13_G13,10109590SILVAA,2025-06-13,121760,1,10,0,194.0
10109590SILVAA_2025-06-13_G14,10109590SILVAA,2025-06-13,123344,1,8,0,176.0
10109590SILVAA_2025-06-13_G15,10109590SILVAA,2025-06-13,122962,1,16,0,347.0
10109590SILVAA_2025-06-13_G16,10109590SILVAA,2025-06-13,124486,1,12,0,345.0
10109590SILVAA_2025-06-13_G17,10109590SILVAA,2025-06-13,123909,1,3,0,164.0
10109590SILVAA_2025-06-13_G18,10109590SILVAA,2025-06-13,124371,1,6,0,160.0
10109590SILVAA_2025-06-13_G19,10109590SILVAA,2025-06-13,124475,1,10,0,273.0
10109590SILVAA_2025-06-13_G20,10109590SILVAA,2025-06-13,121651,1,8,0,125.0
10109590SILVAA_2025-06-13_G21,10109590SILVAA,2025-06-13,123344,1,10,0,337.0
10109590SILVAA_2025-06-13_G22,10109590SILVAA,2025-06-13,123345,1,6,0,101.0
10109590SILVAA_2025-06-13_G23,10109590SILVAA,2025-06-13,124486,1,14,0,308.0
10109590SILVAA_2025-06-13_G24,10109590SILVAA,2025-06-13,124371,1,3,0,63.0
10109590SILVAA_2025-06-13_G25,10109590SILVAA,2025-06-13,124475,1,4,0,108.0
10109590SILVAA_2025-06-13_G26,10109590SILVAA,2025-06-13,121651,1,4,0,99.0
10109590SILVAA_2025-06-13_G27,10109590SILVAA,2025-06-13,121760,1,6,0,122.0
10109590SILVAA_2025-06-13_G28,10109590SILVAA,2025-06-13,122982,1,8,0,168.0
10109590SILVAA_2025-06-13_G29,10109590SILVAA,2025-06-13,122647,1,20,0,339.0
10109590SILVAA_2025-06-13_G31,10109590SILVAA,2025-06-13,122962,1,32,0,1336.0
10109590SILVAA_2025-06-13_G32,10109590SILVAA,2025-06-13,123909,1,6,0,278.0
10109590SILVAA_2025-06-13_G33,10109590SILVAA,2025-06-13,122981,1,16,0,203.0
10109590SILVAA_2025-06-13_G34,10109590SILVAA,2025-06-13,124433,1,2,0,60.0
10109590SILVAA_2025-06-13_G35,10109590SILVAA,2025-06-13,124248,1,4,0,235.0
10109590SILVAA_2025-06-13_G36,10109590SILVAA,2025-06-13,121651,1,12,0,242.0
10109590SILVAA_2025-06-13_G37,10109590SILVAA,2025-06-13,121760,1,3,0,69.0
10109590SILVAA_2025-06-13_G38,10109590SILVAA,2025-06-13,124486,1,16,0,357.0
10109590SILVAA_2025-06-13_G39,10109590SILVAA,2025-06-13,121760,1,8,0,79.0
10109590SILVAA_2025-06-13_G40,10109590SILVAA,2025-06-13,122962,1,24,0,124.0
10109590SILVAA_2025-06-13_G41,10109590SILVAA,2025-06-13,124371,1,16,0,262.0
10109590SILVAA_2025-06-13_G42,10109590SILVAA,2025-06-13,122185,1,8,0,83.0
10109590SILVAA_2025-06-13_G43,10109590SILVAA,2025-06-13,124371,1,16,0,236.0
10109590SILVAA_2025-06-13_G44,10109590SILVAA,2025-06-13,124248,1,1,0,51.0
10109590SILVAA_2025-06-13_G45,10109590SILVAA,2025-06-13,124248,1,38,0,918.0
10109590SILVAA_2025-06-13_G46,10109590SILVAA,2025-06-13,122673,1,25,0,475.0
10109590SILVAA_2025-06-13_G47,10109590SILVAA,2025-06-13,124370,1,2,0,83.0
10109590SILVAA_2025-06-13_G48,10109590SILVAA,2025-06-13,122185,1,2,0,75.0
10109590SILVAA_2025-06-13_G49,10109590SILVAA,2025-06-13,124248,1,2,0,60.0
10109590SILVAA_2025-06-13_G50,10109590SILVAA,2025-06-13,122647,1,30,0,574.0
10109590SILVAA_2025-06-13_G51,10109590SILVAA,2025-06-13,124248,1,40,0,364.0
10109590SILVAA_2025-06-13_G52,10109590SILVAA,2025-06-13,124370,1,15,0,172.0
10109590SILVAA_2025-06-13_G53,10109590SILVAA,2025-06-13,122962,1,5,0,50.0
10109590SILVAA_2025-06-13_G54,10109590SILVAA,2025-06-13,122673,1,30,0,325.0
10109590SILVAA_2025-06-13_G55,10109590SILVAA,2025-06-13,122962,1,6,0,63.0
10109590SILVAA_2025-06-13_G56,10109590SILVAA,2025-06-13,122647,1,6,0,99.0
10109590SILVAA_2025-06-13_G57,10109590SILVAA,2025-06-13,122673,1,16,0,236.0
10109590SILVAA_2025-06-13_G58,10109590SILVAA,2025-06-13,122673,1,8,0,101.0
10109590SILVAA_2025-06-13_G59,10109590SILVAA,2025-06-13,180025,1,2,0,296.0
10109590SILVAA_2025-06-13_G60,10109590SILVAA,2025-06-13,122673,1,5,0,492.0
10109590SILVAA_2025-06-13_G61,10109590SILVAA,2025-06-13,120008,1,120,0,2159.0
10109590SILVAA_2025-06-16_G02,10109590SILVAA,2025-06-16,123344,1,4,0,107.0
10109590SILVAA_2025-06-16_G03,10109590SILVAA,2025-06-16,123345,1,2,0,96.0
10109590SILVAA_2025-06-16_G04,10109590SILVAA,2025-06-16,122962,1,20,0,424.0
10109590SILVAA_2025-06-16_G05,10109590SILVAA,2025-06-16,123492,1,50,0,738.0
10109590SILVAA_2025-06-16_G06,10109590SILVAA,2025-06-16,122982,1,20,0,403.0
10109590SILVAA_2025-06-16_G07,10109590SILVAA,2025-06-16,121760,1,16,0,491.0
10109590SILVAA_2025-06-16_G08,10109590SILVAA,2025-06-16,123492,1,8,0,122.0
10109590SILVAA_2025-06-16_G09,10109590SILVAA,2025-06-16,122984,1,6,0,103.0
10109590SILVAA_2025-06-16_G10,10109590SILVAA,2025-06-16,123344,1,6,0,91.0
10109590SILVAA_2025-06-16_G11,10109590SILVAA,2025-06-16,123345,1,12,0,225.0
10109590SILVAA_2025-06-16_G12,10109590SILVAA,2025-06-16,122703,1,24,0,904.0
10109590SILVAA_2025-06-16_G13,10109590SILVAA,2025-06-16,121651,1,16,0,253.0
10109590SILVAA_2025-06-16_G14,10109590SILVAA,2025-06-16,123344,1,13,0,243.0
10109590SILVAA_2025-06-16_G15,10109590SILVAA,2025-06-16,124486,1,7,0,85.0
10109590SILVAA_2025-06-16_G16,10109590SILVAA,2025-06-16,121651,1,22,0,533.0
10109590SILVAA_2025-06-16_G17,10109590SILVAA,2025-06-16,123344,1,1,0,64.0
10109590SILVAA_2025-06-16_G18,10109590SILVAA,2025-06-16,123344,1,1,0,46.0
10109590SILVAA_2025-06-16_G19,10109590SILVAA,2025-06-16,124486,1,8,0,231.0
10109590SILVAA_2025-06-16_G20,10109590SILVAA,2025-06-16,121651,1,5,0,85.0
10109590SILVAA_2025-06-16_G21,10109590SILVAA,2025-06-16,123344,1,2,0,84.0
10109590SILVAA_2025-06-16_G22,10109590SILVAA,2025-06-16,123562,1,2,0,237.0
10109590SILVAA_2025-06-16_G23,10109590SILVAA,2025-06-16,121760,1,5,0,141.0
10109590SILVAA_2025-06-16_G24,10109590SILVAA,2025-06-16,"124486, 123909",2,10,28,183.0
10109590SILVAA_2025-06-16_G25,10109590SILVAA,2025-06-16,124475,1,6,0,139.0
10109590SILVAA_2025-06-16_G26,10109590SILVAA,2025-06-16,124475,1,3,0,111.0
10109590SILVAA_2025-06-16_G27,10109590SILVAA,2025-06-16,123344,1,27,0,390.0
10109590SILVAA_2025-06-16_G28,10109590SILVAA,2025-06-16,123345,1,5,0,103.0
10109590SILVAA_2025-06-16_G29,10109590SILVAA,2025-06-16,124477,1,4,0,155.0
10109590SILVAA_2025-06-16_G30,10109590SILVAA,2025-06-16,124477,1,16,0,343.0
10109590SILVAA_2025-06-16_G31,10109590SILVAA,2025-06-16,122671,1,2,0,907.0
10109590SILVAA_2025-06-16_G32,10109590SILVAA,2025-06-16,122962,1,8,0,174.0
10109590SILVAA_2025-06-16_G33,10109590SILVAA,2025-06-16,124486,1,20,0,1573.0
10109590SILVAA_2025-06-16_G34,10109590SILVAA,2025-06-16,123909,1,28,0,669.0
10109590SILVAA_2025-06-16_G35,10109590SILVAA,2025-06-16,122673,1,12,0,204.0
10109590SILVAA_2025-06-16_G36,10109590SILVAA,2025-06-16,122962,1,50,0,858.0
10109590SILVAA_2025-06-16_G37,10109590SILVAA,2025-06-16,124624,1,6,0,865.0
10109590SILVAA_2025-06-16_G38,10109590SILVAA,2025-06-16,122673,1,16,0,236.0
10109590SILVAA_2025-06-16_G39,10109590SILVAA,2025-06-16,122673,1,8,0,86.0
10109590SILVAA_2025-06-16_G40,10109590SILVAA,2025-06-16,121760,1,6,0,78.0
10109590SILVAA_2025-06-16_G41,10109590SILVAA,2025-06-16,122962,1,1,0,77.0
10109590SILVAA_2025-06-16_G42,10109590SILVAA,2025-06-16,124486,1,12,0,157.0
10109590SILVAA_2025-06-16_G43,10109590SILVAA,2025-06-16,123153,1,9,0,133.0
10109590SILVAA_2025-06-16_G46,10109590SILVAA,2025-06-16,181235,1,2,0,112.0
10109590SILVAA_2025-06-16_G47,10109590SILVAA,2025-06-16,124370,1,20,0,633.0
10109590SILVAA_2025-06-16_G48,10109590SILVAA,2025-06-16,121760,1,5,0,64.0
10109590SILVAA_2025-06-16_G49,10109590SILVAA,2025-06-16,122962,1,2,0,121.0
10109590SILVAA_2025-06-16_G50,10109590SILVAA,2025-06-16,122983,1,4,0,119.0
10109590SILVAA_2025-06-16_G51,10109590SILVAA,2025-06-16,122983,1,5,0,201.0
10109590SILVAA_2025-06-16_G52,10109590SILVAA,2025-06-16,124371,1,2,0,75.0
10109590SILVAA_2025-06-16_G53,10109590SILVAA,2025-06-16,121651,1,4,0,184.0
10109590SILVAA_2025-06-17_G02,10109590SILVAA,2025-06-17,124624,1,1,0,101.0
10109590SILVAA_2025-06-17_G03,10109590SILVAA,2025-06-17,122196,1,64,0,855.0
10109590SILVAA_2025-06-17_G04,10109590SILVAA,2025-06-17,124624,1,2,0,112.0
10109590SILVAA_2025-06-17_G05,10109590SILVAA,2025-06-17,124486,1,238,0,3593.0
10109590SILVAA_2025-06-17_G07,10109590SILVAA,2025-06-17,124486,1,42,0,844.0
10109590SILVAA_2025-06-17_G08,10109590SILVAA,2025-06-17,122962,1,180,0,2970.0
10109590SILVAA_2025-06-17_G09,10109590SILVAA,2025-06-17,122705,1,32,0,1263.0
10109590SILVAA_2025-06-17_G10,10109590SILVAA,2025-06-17,122982,1,23,0,897.0
10109590SILVAA_2025-06-17_G11,10109590SILVAA,2025-06-17,122988,1,6,0,87.0
10109590SILVAA_2025-06-17_G12,10109590SILVAA,2025-06-17,123909,1,2,0,88.0
10109590SILVAA_2025-06-17_G13,10109590SILVAA,2025-06-17,122185,1,6,0,97.0
10109590SILVAA_2025-06-17_G14,10109590SILVAA,2025-06-17,124475,1,4,0,171.0
10109590SILVAA_2025-06-17_G15,10109590SILVAA,2025-06-17,124248,1,8,0,291.0
10109590SILVAA_2025-06-17_G16,10109590SILVAA,2025-06-17,123345,1,3,0,95.0
10109590SILVAA_2025-06-17_G17,10109590SILVAA,2025-06-17,123313,1,4,0,206.0
10109590SILVAA_2025-06-17_G18,10109590SILVAA,2025-06-17,124370,1,12,0,451.0
10109590SILVAA_2025-06-17_G19,10109590SILVAA,2025-06-17,124486,1,16,0,268.0
10109590SILVAA_2025-06-17_G20,10109590SILVAA,2025-06-17,122962,1,16,0,272.0
10109590SILVAA_2025-06-17_G21,10109590SILVAA,2025-06-17,120389,1,10,0,244.0
10109590SILVAA_2025-06-17_G22,10109590SILVAA,2025-06-17,122703,1,8,0,101.0
10109590SILVAA_2025-06-17_G23,10109590SILVAA,2025-06-17,124371,1,12,0,279.0
10109590SILVAA_2025-06-17_G24,10109590SILVAA,2025-06-17,124475,1,8,0,121.0
10109590SILVAA_2025-06-18_G02,10109590SILVAA,2025-06-18,124370,1,2,0,319.0
10109590SILVAA_2025-06-18_G03,10109590SILVAA,2025-06-18,121760,1,5,0,145.0
10109590SILVAA_2025-06-18_G04,10109590SILVAA,2025-06-18,121760,1,8,0,123.0
10109590SILVAA_2025-06-18_G05,10109590SILVAA,2025-06-18,122703,1,2,0,132.0
10109590SILVAA_2025-06-18_G06,10109590SILVAA,2025-06-18,123909,1,4,0,135.0
10109590SILVAA_2025-06-18_G07,10109590SILVAA,2025-06-18,123909,1,2,0,101.0
10109590SILVAA_2025-06-18_G08,10109590SILVAA,2025-06-18,123344,1,8,0,230.0
10109590SILVAA_2025-06-18_G09,10109590SILVAA,2025-06-18,123344,1,6,0,58.0
10109590SILVAA_2025-06-18_G10,10109590SILVAA,2025-06-18,123344,1,4,0,69.0
10109590SILVAA_2025-06-18_G11,10109590SILVAA,2025-06-18,121651,1,2,0,66.0
10109590SILVAA_2025-06-18_G12,10109590SILVAA,2025-06-18,121651,1,2,0,33.0
10109590SILVAA_2025-06-18_G13,10109590SILVAA,2025-06-18,123345,2,2,9,90.0
10109590SILVAA_2025-06-18_G14,10109590SILVAA,2025-06-18,122673,1,50,0,1866.0
10109590SILVAA_2025-06-18_G15,10109590SILVAA,2025-06-18,123822,1,65,0,889.0
10109590SILVAA_2025-06-18_G16,10109590SILVAA,2025-06-18,122962,1,50,0,534.0
10109590SILVAA_2025-06-18_G17,10109590SILVAA,2025-06-18,122968,1,5,0,3491.0
10109590SILVAA_2025-06-18_G18,10109590SILVAA,2025-06-18,124594,1,50,0,2462.0
10109590SILVAA_2025-06-18_G19,10109590SILVAA,2025-06-18,124476,1,1,0,54.0
10109590SILVAA_2025-06-18_G21,10109590SILVAA,2025-06-18,124476,1,95,0,1263.0
10109590SILVAA_2025-06-18_G22,10109590SILVAA,2025-06-18,124476,1,1,0,102.0
10109590SILVAA_2025-06-18_G23,10109590SILVAA,2025-06-18,120028,1,10,0,879.0
10109590SILVAA_2025-06-18_G24,10109590SILVAA,2025-06-18,122647,1,26,0,1088.0
10109590SILVAA_2025-06-18_G25,10109590SILVAA,2025-06-18,123344,1,7,0,264.0
10109590SILVAA_2025-06-18_G26,10109590SILVAA,2025-06-18,123345,1,24,0,849.0
10109590SILVAA_2025-06-18_G27,10109590SILVAA,2025-06-18,123822,1,4,0,98.0
10109590SILVAA_2025-06-18_G28,10109590SILVAA,2025-06-18,122671,1,20,0,620.0
10109590SILVAA_2025-06-18_G29,10109590SILVAA,2025-06-18,122962,1,30,0,544.0
10109590SILVAA_2025-06-18_G30,10109590SILVAA,2025-06-18,122962,1,40,0,366.0
10109590SILVAA_2025-06-18_G31,10109590SILVAA,2025-06-18,123562,1,1,0,194.0
10109590SILVAA_2025-06-18_G32,10109590SILVAA,2025-06-18,124370,1,24,0,333.0
10109590SILVAA_2025-06-18_G33,10109590SILVAA,2025-06-18,123492,1,3,0,68.0
10109590SILVAA_2025-06-18_G34,10109590SILVAA,2025-06-18,123344,1,6,0,193.0
10109590SILVAA_2025-06-18_G35,10109590SILVAA,2025-06-18,124477,1,5,0,1311.0
10109590SILVAA_2025-06-19_G02,10109590SILVAA,2025-06-19,124486,1,6,0,134.0
10109590SILVAA_2025-06-19_G03,10109590SILVAA,2025-06-19,124371,1,8,0,350.0
10109590SILVAA_2025-06-19_G04,10109590SILVAA,2025-06-19,122984,1,4,0,1005.0
10109590SILVAA_2025-06-19_G05,10109590SILVAA,2025-06-19,122703,1,2,0,165.0
10109590SILVAA_2025-06-19_G06,10109590SILVAA,2025-06-19,124371,1,8,0,134.0
10109590SILVAA_2025-06-19_G07,10109590SILVAA,2025-06-19,122962,1,12,0,343.0
10109590SILVAA_2025-06-19_G08,10109590SILVAA,2025-06-19,124486,1,8,0,159.0
10109590SILVAA_2025-06-19_G09,10109590SILVAA,2025-06-19,122984,1,10,0,177.0
10109590SILVAA_2025-06-19_G10,10109590SILVAA,2025-06-19,123313,1,10,0,355.0
10109590SILVAA_2025-06-19_G11,10109590SILVAA,2025-06-19,124370,1,12,0,317.0
10109590SILVAA_2025-06-19_G12,10109590SILVAA,2025-06-19,124486,1,12,0,241.0
10109590SILVAA_2025-06-19_G13,10109590SILVAA,2025-06-19,122982,1,12,0,559.0
10109590SILVAA_2025-06-19_G14,10109590SILVAA,2025-06-19,123345,1,2,0,1232.0
10109590SILVAA_2025-06-19_G15,10109590SILVAA,2025-06-19,124370,1,7,0,244.0
10109590SILVAA_2025-06-19_G16,10109590SILVAA,2025-06-19,122982,1,4,0,114.0
10109590SILVAA_2025-06-19_G17,10109590SILVAA,2025-06-19,124371,1,8,0,58.0
10109590SILVAA_2025-06-19_G18,10109590SILVAA,2025-06-19,124371,1,16,0,183.0
10109590SILVAA_2025-06-19_G19,10109590SILVAA,2025-06-19,122185,1,6,0,63.0
10109590SILVAA_2025-06-19_G20,10109590SILVAA,2025-06-19,124475,1,8,0,138.0
10109590SILVAA_2025-06-19_G21,10109590SILVAA,2025-06-19,122984,1,8,0,98.0
10109590SILVAA_2025-06-19_G22,10109590SILVAA,2025-06-19,180094,1,2,0,114.0
10109590SILVAA_2025-06-19_G23,10109590SILVAA,2025-06-19,124594,1,16,0,650.0
10109590SILVAA_2025-06-19_G24,10109590SILVAA,2025-06-19,123822,1,7,0,89.0
10109590SILVAA_2025-06-19_G25,10109590SILVAA,2025-06-19,124370,1,20,0,463.0
10109590SILVAA_2025-06-19_G26,10109590SILVAA,2025-06-19,123344,1,3,0,128.0
10109590SILVAA_2025-06-19_G27,10109590SILVAA,2025-06-19,122962,1,1,0,77.0
10109590SILVAA_2025-06-19_G28,10109590SILVAA,2025-06-19,120028,1,10,0,177.0
10109590SILVAA_2025-06-19_G29,10109590SILVAA,2025-06-19,123909,1,6,0,119.0
10109590SILVAA_2025-06-19_G30,10109590SILVAA,2025-06-19,120008,1,2,0,122.0
10109590SILVAA_2025-06-19_G31,10109590SILVAA,2025-06-19,124486,1,40,0,774.0
10109590SILVAA_2025-06-19_G32,10109590SILVAA,2025-06-19,122962,1,80,0,975.0
10109590SILVAA_2025-06-19_G33,10109590SILVAA,2025-06-19,121760,1,6,0,150.0
10109590SILVAA_2025-06-19_G34,10109590SILVAA,2025-06-19,122984,1,12,0,320.0
10109590SILVAA_2025-06-19_G35,10109590SILVAA,2025-06-19,123343,1,10,0,211.0
10109590SILVAA_2025-06-19_G36,10109590SILVAA,2025-06-19,122984,1,12,0,273.0
10109590SILVAA_2025-06-19_G37,10109590SILVAA,2025-06-19,121651,1,20,0,174.0
10109590SILVAA_2025-06-19_G38,10109590SILVAA,2025-06-19,120339,1,3,0,147.0
10109590SILVAA_2025-06-19_G39,10109590SILVAA,2025-06-19,122962,1,20,0,395.0
10109590SILVAA_2025-06-19_G40,10109590SILVAA,2025-06-19,124624,1,12,0,236.0
10109590SILVAA_2025-06-19_G41,10109590SILVAA,2025-06-19,120389,1,36,0,740.0
10109590SILVAA_2025-06-19_G42,10109590SILVAA,2025-06-19,124624,1,10,0,844.0
10109590SILVAA_2025-06-19_G43,10109590SILVAA,2025-06-19,121760,1,8,0,173.0
10109590SILVAA_2025-06-19_G44,10109590SILVAA,2025-06-19,122984,1,24,0,289.0
10109590SILVAA_2025-06-19_G45,10109590SILVAA,2025-06-19,122703,1,2,0,71.0
10109590SILVAA_2025-06-19_G46,10109590SILVAA,2025-06-19,122984,1,10,0,123.0
10109590SILVAA_2025-06-19_G47,10109590SILVAA,2025-06-19,121651,1,8,0,120.0
10109590SILVAA_2025-06-19_G49,10109590SILVAA,2025-06-19,122962,1,75,0,1418.0
10109590SILVAA_2025-06-19_G50,10109590SILVAA,2025-06-19,123344,1,30,0,356.0
10109590SILVAA_2025-06-19_G51,10109590SILVAA,2025-06-19,124370,1,8,0,400.0
10109590SILVAA_2025-06-19_G52,10109590SILVAA,2025-06-19,124486,1,6,0,97.0
10109590SILVAA_2025-06-19_G53,10109590SILVAA,2025-06-19,124475,1,6,0,136.0
10109590SILVAA_2025-06-19_G54,10109590SILVAA,2025-06-19,123344,1,10,0,142.0
10109590SILVAA_2025-06-19_G55,10109590SILVAA,2025-06-19,124548,1,40,0,801.0
10109590SILVAA_2025-06-19_G56,10109590SILVAA,2025-06-19,122983,1,8,0,107.0
10109590SILVAA_2025-06-19_G57,10109590SILVAA,2025-06-19,122185,1,8,0,124.0
10109590SILVAA_2025-06-19_G58,10109590SILVAA,2025-06-19,122984,1,8,0,50.0
10109590SILVAA_2025-06-19_G59,10109590SILVAA,2025-06-19,122189,1,40,0,538.0
10109590SILVAA_2025-06-19_G60,10109590SILVAA,2025-06-19,123343,1,4,0,44.0
10109590SILVAA_2025-06-19_G61,10109590SILVAA,2025-06-19,123343,1,4,0,56.0
10109590SILVAA_2025-06-19_G62,10109590SILVAA,2025-06-19,123345,1,2,0,50.0
10109590SILVAA_2025-06-19_G63,10109590SILVAA,2025-06-19,124370,1,12,0,347.0
10109590SILVAA_2025-06-19_G64,10109590SILVAA,2025-06-19,124371,1,12,0,66.0
10109590SILVAA_2025-06-19_G65,10109590SILVAA,2025-06-19,124475,1,10,0,126.0
10109590SILVAA_2025-06-19_G66,10109590SILVAA,2025-06-19,124475,1,6,0,252.0
10109590SILVAA_2025-06-19_G67,10109590SILVAA,2025-06-19,124370,1,8,0,99.0
10109590SILVAA_2025-06-19_G68,10109590SILVAA,2025-06-19,122703,1,8,0,98.0
10109590SILVAA_2025-06-19_G69,10109590SILVAA,2025-06-19,123344,1,12,0,199.0
10109590SILVAA_2025-06-19_G70,10109590SILVAA,2025-06-19,123345,1,6,0,69.0
10109590SILVAA_2025-06-19_G71,10109590SILVAA,2025-06-19,123889,1,14,0,314.0
10109590SILVAA_2025-06-19_G72,10109590SILVAA,2025-06-19,124370,1,10,0,182.0
10109590SILVAA_2025-06-19_G73,10109590SILVAA,2025-06-19,124371,1,14,0,118.0
10109590SILVAA_2025-06-19_G74,10109590SILVAA,2025-06-19,124475,1,12,0,163.0
10109590SILVAA_2025-06-19_G75,10109590SILVAA,2025-06-19,122984,1,16,0,217.0
10109590SILVAA_2025-06-19_G76,10109590SILVAA,2025-06-19,123344,1,4,0,60.0
10109590SILVAA_2025-06-19_G77,10109590SILVAA,2025-06-19,124477,1,4,0,81.0
10109590SILVAA_2025-06-19_G78,10109590SILVAA,2025-06-19,123343,1,8,0,419.0
10109590SILVAA_2025-06-20_G02,10109590SILVAA,2025-06-20,123345,1,2,0,173.0
10109590SILVAA_2025-06-20_G03,10109590SILVAA,2025-06-20,120028,1,12,0,458.0
10109590SILVAA_2025-06-20_G05,10109590SILVAA,2025-06-20,122185,1,217,0,2656.0
10109590SILVAA_2025-06-20_G07,10109590SILVAA,2025-06-20,124477,1,4,0,89.0
10109590SILVAA_2025-06-20_G08,10109590SILVAA,2025-06-20,124248,1,43,0,2010.0
10109590SILVAA_2025-06-20_G09,10109590SILVAA,2025-06-20,124594,1,8,0,602.0
10109590SILVAA_2025-06-20_G10,10109590SILVAA,2025-06-20,124594,1,23,0,77.0
10109590SILVAA_2025-06-20_G11,10109590SILVAA,2025-06-20,124486,1,98,0,1297.0
10109590SILVAA_2025-06-24_G02,10109590SILVAA,2025-06-24,121760,2,5,28,163.0
10109590SILVAA_2025-06-24_G03,10109590SILVAA,2025-06-24,124370,1,30,0,509.0
10109590SILVAA_2025-06-24_G04,10109590SILVAA,2025-06-24,122983,1,10,0,270.0
10109590SILVAA_2025-06-24_G05,10109590SILVAA,2025-06-24,123080,1,7,0,229.0
10109590SILVAA_2025-06-24_G06,10109590SILVAA,2025-06-24,123561,1,10,0,1060.0
10109590SILVAA_2025-06-24_G07,10109590SILVAA,2025-06-24,124477,1,22,0,357.0
10109590SILVAA_2025-06-24_G08,10109590SILVAA,2025-06-24,124624,1,17,0,768.0
10109590SILVAA_2025-06-24_G09,10109590SILVAA,2025-06-24,122673,1,18,0,202.0
10109590SILVAA_2025-06-24_G10,10109590SILVAA,2025-06-24,180054,1,1,0,74.0
10109590SILVAA_2025-06-24_G11,10109590SILVAA,2025-06-24,123822,1,29,0,1366.0
10109590SILVAA_2025-06-24_G12,10109590SILVAA,2025-06-24,121651,1,2,0,288.0
10109590SILVAA_2025-06-24_G13,10109590SILVAA,2025-06-24,124624,1,8,0,358.0
10109590SILVAA_2025-06-24_G14,10109590SILVAA,2025-06-24,124247,1,16,0,1001.0
10109590SILVAA_2025-06-24_G15,10109590SILVAA,2025-06-24,122671,1,10,0,3234.0
10109590SILVAA_2025-06-24_G16,10109590SILVAA,2025-06-24,121760,1,16,0,261.0
10109590SILVAA_2025-06-24_G17,10109590SILVAA,2025-06-24,123344,1,12,0,196.0
10109590SILVAA_2025-06-24_G18,10109590SILVAA,2025-06-24,124476,1,5,0,111.0
10109590SILVAA_2025-06-24_G19,10109590SILVAA,2025-06-24,122985,1,4,0,211.0
10109590SILVAA_2025-06-24_G20,10109590SILVAA,2025-06-24,124477,1,16,0,369.0
10109590SILVAA_2025-06-24_G21,10109590SILVAA,2025-06-24,123343,1,10,0,276.0
10109590SILVAA_2025-06-24_G22,10109590SILVAA,2025-06-24,123345,1,16,0,211.0
10109590SILVAA_2025-06-24_G23,10109590SILVAA,2025-06-24,123313,1,8,0,203.0
10109590SILVAA_2025-06-24_G24,10109590SILVAA,2025-06-24,121760,1,10,0,208.0
10109590SILVAA_2025-06-24_G25,10109590SILVAA,2025-06-24,124370,1,18,0,460.0
10109590SILVAA_2025-06-24_G26,10109590SILVAA,2025-06-24,122983,1,6,0,126.0
10109590SILVAA_2025-06-24_G27,10109590SILVAA,2025-06-24,120028,1,4,0,136.0
10109590SILVAA_2025-06-24_G28,10109590SILVAA,2025-06-24,122982,1,8,0,90.0
10109590SILVAA_2025-06-24_G29,10109590SILVAA,2025-06-24,123909,1,3,0,83.0
10109590SILVAA_2025-06-24_G30,10109590SILVAA,2025-06-24,124486,1,11,0,136.0
10109590SILVAA_2025-06-24_G31,10109590SILVAA,2025-06-24,122984,1,5,0,155.0
10109590SILVAA_2025-06-24_G32,10109590SILVAA,2025-06-24,122981,1,6,0,116.0
10109590SILVAA_2025-06-24_G33,10109590SILVAA,2025-06-24,123344,1,10,0,143.0
10109590SILVAA_2025-06-24_G34,10109590SILVAA,2025-06-24,124477,1,20,0,459.0
10109590SILVAA_2025-06-24_G35,10109590SILVAA,2025-06-24,123343,1,10,0,256.0
10109590SILVAA_2025-06-24_G36,10109590SILVAA,2025-06-24,123345,1,10,0,83.0
10109590SILVAA_2025-06-24_G37,10109590SILVAA,2025-06-24,121760,1,30,0,249.0
10109590SILVAA_2025-06-24_G38,10109590SILVAA,2025-06-24,122673,1,20,0,205.0
10109590SILVAA_2025-06-24_G39,10109590SILVAA,2025-06-24,122647,1,14,0,65.0
10109590SILVAA_2025-06-24_G40,10109590SILVAA,2025-06-24,123343,1,22,0,229.0
10109590SILVAA_2025-06-24_G41,10109590SILVAA,2025-06-24,123343,1,18,0,71.0
10109590SILVAA_2025-06-25_G02,10109590SILVAA,2025-06-25,124264,1,4,0,2008.0
10109590SILVAA_2025-06-25_G03,10109590SILVAA,2025-06-25,123153,1,10,0,140.0
10109590SILVAA_2025-06-25_G04,10109590SILVAA,2025-06-25,123153,1,10,0,202.0
10109590SILVAA_2025-06-25_G05,10109590SILVAA,2025-06-25,124264,1,20,0,260.0
10109590SILVAA_2025-06-25_G06,10109590SILVAA,2025-06-25,123889,1,12,0,577.0
10109590SILVAA_2025-06-25_G07,10109590SILVAA,2025-06-25,123153,1,50,0,1056.0
10109590SILVAA_2025-06-25_G08,10109590SILVAA,2025-06-25,124264,1,20,0,290.0
10109590SILVAA_2025-06-25_G09,10109590SILVAA,2025-06-25,124486,1,20,0,200.0
10109590SILVAA_2025-06-25_G10,10109590SILVAA,2025-06-25,122962,1,12,0,164.0
10109590SILVAA_2025-06-25_G11,10109590SILVAA,2025-06-25,122185,1,37,0,1909.0
10109590SILVAA_2025-06-25_G12,10109590SILVAA,2025-06-25,124247,1,30,0,648.0
10109590SILVAA_2025-06-25_G13,10109590SILVAA,2025-06-25,124624,1,12,0,922.0
10109590SILVAA_2025-06-25_G14,10109590SILVAA,2025-06-25,122673,1,20,0,300.0
10109590SILVAA_2025-06-25_G15,10109590SILVAA,2025-06-25,123345,1,6,0,104.0
10109590SILVAA_2025-06-25_G16,10109590SILVAA,2025-06-25,123345,1,4,0,167.0
10109590SILVAA_2025-06-25_G17,10109590SILVAA,2025-06-25,123153,1,20,0,372.0
10109590SILVAA_2025-06-25_G18,10109590SILVAA,2025-06-25,122673,1,20,0,304.0
10109590SILVAA_2025-06-25_G19,10109590SILVAA,2025-06-25,123345,1,4,0,133.0
10109590SILVAA_2025-06-25_G21,10109590SILVAA,2025-06-25,124486,1,1,0,148.0
10109590SILVAA_2025-06-25_G22,10109590SILVAA,2025-06-25,123153,1,10,0,148.0
10109590SILVAA_2025-06-25_G23,10109590SILVAA,2025-06-25,124486,1,10,0,112.0
10109590SILVAA_2025-06-25_G24,10109590SILVAA,2025-06-25,123345,1,6,0,134.0
10109590SILVAA_2025-06-25_G25,10109590SILVAA,2025-06-25,123909,1,4,0,175.0
10109590SILVAA_2025-06-25_G26,10109590SILVAA,2025-06-25,124486,1,7,0,123.0
10109590SILVAA_2025-06-25_G27,10109590SILVAA,2025-06-25,121651,1,6,0,244.0
10109590SILVAA_2025-06-25_G28,10109590SILVAA,2025-06-25,123153,1,26,0,574.0
10109590SILVAA_2025-06-25_G29,10109590SILVAA,2025-06-25,123153,1,2,0,69.0
10109590SILVAA_2025-06-25_G30,10109590SILVAA,2025-06-25,124247,1,30,0,258.0
10109590SILVAA_2025-06-25_G31,10109590SILVAA,2025-06-25,122673,1,18,0,343.0
10109590SILVAA_2025-06-25_G32,10109590SILVAA,2025-06-25,122673,1,16,0,346.0
10109590SILVAA_2025-06-25_G33,10109590SILVAA,2025-06-25,123889,1,14,0,604.0
10109590SILVAA_2025-06-25_G34,10109590SILVAA,2025-06-25,123153,1,40,0,347.0
10109590SILVAA_2025-06-25_G35,10109590SILVAA,2025-06-25,124247,1,10,0,174.0
10109590SILVAA_2025-06-25_G36,10109590SILVAA,2025-06-25,124486,1,10,0,141.0
10109590SILVAA_2025-06-25_G37,10109590SILVAA,2025-06-25,122671,1,4,0,123.0
10109590SILVAA_2025-06-25_G38,10109590SILVAA,2025-06-25,123909,1,14,0,353.0
10109590SILVAA_2025-06-25_G39,10109590SILVAA,2025-06-25,122962,1,8,0,139.0
10109590SILVAA_2025-06-25_G40,10109590SILVAA,2025-06-25,124486,1,4,0,54.0
10109590SILVAA_2025-06-25_G41,10109590SILVAA,2025-06-25,124264,1,97,0,1695.0
10109590SILVAA_2025-06-25_G42,10109590SILVAA,2025-06-25,123909,1,18,0,274.0
10109590SILVAA_2025-06-25_G43,10109590SILVAA,2025-06-25,124486,1,20,0,207.0
10109590SILVAA_2025-06-25_G44,10109590SILVAA,2025-06-25,123390,1,40,0,329.0
10109590SILVAA_2025-06-25_G45,10109590SILVAA,2025-06-25,123390,1,5,0,143.0
10109590SILVAA_2025-06-25_G46,10109590SILVAA,2025-06-25,124624,1,47,0,985.0
10109590SILVAA_2025-06-25_G47,10109590SILVAA,2025-06-25,124624,1,20,0,385.0
10109590SILVAA_2025-06-25_G48,10109590SILVAA,2025-06-25,124624,1,12,0,945.0
10109590SILVAA_2025-06-26_G02,10109590SILVAA,2025-06-26,122967,1,10,0,223.0
10109590SILVAA_2025-06-26_G03,10109590SILVAA,2025-06-26,124624,1,2,0,113.0
10109590SILVAA_2025-06-26_G04,10109590SILVAA,2025-06-26,124486,1,30,0,400.0
10109590SILVAA_2025-06-26_G05,10109590SILVAA,2025-06-26,124624,1,3,0,449.0
10109590SILVAA_2025-06-26_G06,10109590SILVAA,2025-06-26,124624,1,4,0,98.0
10109590SILVAA_2025-06-26_G07,10109590SILVAA,2025-06-26,122986,1,10,0,248.0
10109590SILVAA_2025-06-26_G08,10109590SILVAA,2025-06-26,123909,1,1,0,284.0
10109590SILVAA_2025-06-26_G09,10109590SILVAA,2025-06-26,122962,1,40,0,320.0
10109590SILVAA_2025-06-26_G10,10109590SILVAA,2025-06-26,122673,1,20,0,399.0
10109590SILVAA_2025-06-26_G11,10109590SILVAA,2025-06-26,122673,1,30,0,400.0
10109590SILVAA_2025-06-26_G12,10109590SILVAA,2025-06-26,124486,1,8,0,139.0
10109590SILVAA_2025-06-26_G13,10109590SILVAA,2025-06-26,122673,1,12,0,209.0
10109590SILVAA_2025-06-26_G14,10109590SILVAA,2025-06-26,122673,1,4,0,57.0
10109590SILVAA_2025-06-26_G15,10109590SILVAA,2025-06-26,124486,1,10,0,418.0
10109590SILVAA_2025-06-26_G16,10109590SILVAA,2025-06-26,122673,1,8,0,89.0
10109590SILVAA_2025-06-26_G17,10109590SILVAA,2025-06-26,121760,1,6,0,182.0
10109590SILVAA_2025-06-26_G18,10109590SILVAA,2025-06-26,124247,1,6,0,69.0
10109590SILVAA_2025-06-26_G19,10109590SILVAA,2025-06-26,122983,1,8,0,134.0
10109590SILVAA_2025-06-26_G20,10109590SILVAA,2025-06-26,122962,1,8,0,109.0
10109590SILVAA_2025-06-26_G21,10109590SILVAA,2025-06-26,121651,1,8,0,199.0
10109590SILVAA_2025-06-26_G22,10109590SILVAA,2025-06-26,124247,1,8,0,186.0
10109590SILVAA_2025-06-26_G23,10109590SILVAA,2025-06-26,124248,1,10,0,179.0
10109590SILVAA_2025-06-26_G24,10109590SILVAA,2025-06-26,124433,1,8,0,175.0
10109590SILVAA_2025-06-26_G25,10109590SILVAA,2025-06-26,121651,1,16,0,206.0
10109590SILVAA_2025-06-26_G26,10109590SILVAA,2025-06-26,124624,1,4,0,156.0
10109590SILVAA_2025-06-26_G27,10109590SILVAA,2025-06-26,124624,1,2,0,92.0
10109590SILVAA_2025-06-26_G28,10109590SILVAA,2025-06-26,120028,1,12,0,366.0
10109590SILVAA_2025-06-26_G29,10109590SILVAA,2025-06-26,122962,1,24,0,716.0
10109590SILVAA_2025-06-26_G30,10109590SILVAA,2025-06-26,"123130, 122962",2,150,26,799.0
10109590SILVAA_2025-06-26_G31,10109590SILVAA,2025-06-26,123080,1,120,0,2964.0
10109590SILVAA_2025-06-26_G32,10109590SILVAA,2025-06-26,124624,1,3,0,118.0
10109590SILVAA_2025-06-26_G33,10109590SILVAA,2025-06-26,124486,1,4,0,82.0
10109590SILVAA_2025-06-26_G34,10109590SILVAA,2025-06-26,123492,1,16,0,151.0
10109590SILVAA_2025-06-26_G35,10109590SILVAA,2025-06-26,122962,1,8,0,153.0
10109590SILVAA_2025-06-26_G36,10109590SILVAA,2025-06-26,121760,1,9,0,118.0
10109590SILVAA_2025-06-26_G37,10109590SILVAA,2025-06-26,121760,1,9,0,166.0
10109590SILVAA_2025-06-26_G38,10109590SILVAA,2025-06-26,122647,1,8,0,91.0
10109590SILVAA_2025-06-26_G39,10109590SILVAA,2025-06-26,122962,1,4,0,126.0
10109590SILVAA_2025-06-26_G40,10109590SILVAA,2025-06-26,122962,1,28,0,228.0
10109590SILVAA_2025-06-26_G41,10109590SILVAA,2025-06-26,121760,1,10,0,186.0
10109590SILVAA_2025-06-26_G42,10109590SILVAA,2025-06-26,121651,1,10,0,122.0
10109590SILVAA_2025-06-26_G43,10109590SILVAA,2025-06-26,123153,1,20,0,97.0
10109590SILVAA_2025-06-26_G44,10109590SILVAA,2025-06-26,122673,1,20,0,187.0
10109590SILVAA_2025-06-26_G46,10109590SILVAA,2025-06-26,124370,1,11,0,430.0
10109590SILVAA_2025-06-26_G47,10109590SILVAA,2025-06-26,122703,1,2,0,160.0
10109590SILVAA_2025-06-26_G48,10109590SILVAA,2025-06-26,124475,1,4,0,383.0
10109590SILVAA_2025-06-26_G49,10109590SILVAA,2025-06-26,123521,1,2,0,134.0
10109590SILVAA_2025-06-26_G50,10109590SILVAA,2025-06-26,"122984, 124624",2,6,17,203.0
10109590SILVAA_2025-06-26_G51,10109590SILVAA,2025-06-26,123344,1,1,0,63.0
10109590SILVAA_2025-06-26_G52,10109590SILVAA,2025-06-26,124624,1,8,0,300.0
10109590SILVAA_2025-06-26_G53,10109590SILVAA,2025-06-26,123345,1,2,0,113.0
10109590SILVAA_2025-06-26_G54,10109590SILVAA,2025-06-26,181887,1,6,0,446.0
10109590SILVAA_2025-06-26_G56,10109590SILVAA,2025-06-26,121760,1,6,0,194.0
10109590SILVAA_2025-06-26_G57,10109590SILVAA,2025-06-26,122189,1,8,0,187.0
10109590SILVAA_2025-06-26_G58,10109590SILVAA,2025-06-26,122988,1,4,0,179.0
10109590SILVAA_2025-06-26_G59,10109590SILVAA,2025-06-26,122673,1,60,0,504.0
10109590SILVAA_2025-06-27_G02,10109590SILVAA,2025-06-27,121651,1,37,0,1461.0
10109590SILVAA_2025-06-27_G03,10109590SILVAA,2025-06-27,124624,1,10,0,235.0
10109590SILVAA_2025-06-27_G04,10109590SILVAA,2025-06-27,123343,1,14,0,1518.0
10109590SILVAA_2025-06-27_G05,10109590SILVAA,2025-06-27,123343,1,8,0,2254.0
10109590SILVAA_2025-06-27_G06,10109590SILVAA,2025-06-27,123344,1,6,0,188.0
10109590SILVAA_2025-06-27_G07,10109590SILVAA,2025-06-27,124264,1,2,0,129.0
10109590SILVAA_2025-06-27_G08,10109590SILVAA,2025-06-27,122982,1,10,0,206.0
10109590SILVAA_2025-06-27_G09,10109590SILVAA,2025-06-27,122988,1,4,0,109.0
10109590SILVAA_2025-06-27_G10,10109590SILVAA,2025-06-27,122671,1,12,0,209.0
10109590SILVAA_2025-06-27_G11,10109590SILVAA,2025-06-27,122673,1,12,0,295.0
10109590SILVAA_2025-06-27_G12,10109590SILVAA,2025-06-27,180054,1,4,0,125.0
10109590SILVAA_2025-06-27_G13,10109590SILVAA,2025-06-27,124486,1,6,0,152.0
10109590SILVAA_2025-06-27_G14,10109590SILVAA,2025-06-27,123561,1,4,0,97.0
10109590SILVAA_2025-06-27_G15,10109590SILVAA,2025-06-27,123343,1,2,0,139.0
10109590SILVAA_2025-06-27_G16,10109590SILVAA,2025-06-27,123561,1,4,0,91.0
10109590SILVAA_2025-06-27_G17,10109590SILVAA,2025-06-27,181057,1,6,0,207.0
10109590SILVAA_2025-06-27_G18,10109590SILVAA,2025-06-27,122673,1,30,0,389.0
10109590SILVAA_2025-06-27_G19,10109590SILVAA,2025-06-27,123822,1,6,0,315.0
10109590SILVAA_2025-06-27_G20,10109590SILVAA,2025-06-27,122962,1,4,0,167.0
10109590SILVAA_2025-06-27_G21,10109590SILVAA,2025-06-27,181057,1,6,0,146.0
10109590SILVAA_2025-06-27_G22,10109590SILVAA,2025-06-27,122671,1,2,0,128.0
10109590SILVAA_2025-06-27_G23,10109590SILVAA,2025-06-27,122983,1,18,0,305.0
10109590SILVAA_2025-06-27_G24,10109590SILVAA,2025-06-27,124247,1,18,0,290.0
10109590SILVAA_2025-06-27_G25,10109590SILVAA,2025-06-27,123345,1,4,0,104.0
10109590SILVAA_2025-06-27_G26,10109590SILVAA,2025-06-27,122647,1,1,0,84.0
10109590SILVAA_2025-06-27_G27,10109590SILVAA,2025-06-27,123345,1,4,0,223.0
10109590SILVAA_2025-06-27_G29,10109590SILVAA,2025-06-27,122671,1,8,0,129.0
10109590SILVAA_2025-06-27_G30,10109590SILVAA,2025-06-27,122962,1,100,0,1277.0
10109590SILVAA_2025-06-27_G31,10109590SILVAA,2025-06-27,122981,1,8,0,226.0
10109590SILVAA_2025-06-27_G32,10109590SILVAA,2025-06-27,122962,1,20,0,305.0
10109590SILVAA_2025-06-27_G33,10109590SILVAA,2025-06-27,124264,1,10,0,227.0
10109590SILVAA_2025-06-27_G34,10109590SILVAA,2025-06-27,122673,1,2,0,148.0
10109590SILVAA_2025-06-29_G02,10109590SILVAA,2025-06-29,121760,1,7,0,143.0
10109590SILVAA_2025-06-29_G03,10109590SILVAA,2025-06-29,123520,1,2,0,210.0
10109590SILVAA_2025-06-29_G04,10109590SILVAA,2025-06-29,122983,1,13,0,254.0
10109590SILVAA_2025-06-29_G05,10109590SILVAA,2025-06-29,120271,1,2,0,59.0
10109590SILVAA_2025-06-29_G06,10109590SILVAA,2025-06-29,121928,1,1,0,97.0
10109590SILVAA_2025-06-29_G07,10109590SILVAA,2025-06-29,"123909, 122984",2,43,26,572.0
10109590SILVAA_2025-06-29_G08,10109590SILVAA,2025-06-29,122185,1,6,0,308.0
10109590SILVAA_2025-06-29_G09,10109590SILVAA,2025-06-29,123909,1,28,0,275.0
10109590SILVAA_2025-06-29_G10,10109590SILVAA,2025-06-29,123344,1,53,0,376.0
10109590SILVAA_2025-06-29_G11,10109590SILVAA,2025-06-29,123344,1,67,0,388.0
10109590SILVAA_2025-06-29_G12,10109590SILVAA,2025-06-29,181887,1,4,0,180.0
10109590SILVAA_2025-06-29_G13,10109590SILVAA,2025-06-29,123343,1,64,0,429.0
10109590SILVAA_2025-06-29_G14,10109590SILVAA,2025-06-29,123345,1,25,0,414.0
10109590SILVAA_2025-06-29_G15,10109590SILVAA,2025-06-29,123345,1,59,0,603.0
10109590SILVAA_2025-06-29_G16,10109590SILVAA,2025-06-29,124247,1,28,0,2012.0
10109590SILVAA_2025-06-29_G17,10109590SILVAA,2025-06-29,124248,1,3,0,87.0
10109590SILVAA_2025-06-29_G18,10109590SILVAA,2025-06-29,121760,1,3,0,730.0
10109590SILVAA_2025-06-29_G19,10109590SILVAA,2025-06-29,121760,1,1,0,38.0
10109590SILVAA_2025-06-29_G20,10109590SILVAA,2025-06-29,121760,1,2,0,103.0
10109590SILVAA_2025-06-29_G21,10109590SILVAA,2025-06-29,123889,1,6,0,534.0
10109590SILVAA_2025-06-29_G22,10109590SILVAA,2025-06-29,124370,1,9,0,257.0
10109590SILVAA_2025-06-29_G23,10109590SILVAA,2025-06-29,124477,1,4,0,175.0
10109590SILVAA_2025-06-29_G24,10109590SILVAA,2025-06-29,"124247, 121760",2,53,29,1234.0
10109590SILVAA_2025-06-29_G25,10109590SILVAA,2025-06-29,122988,1,2,0,1425.0
10109590SILVAA_2025-06-29_G26,10109590SILVAA,2025-06-29,123345,1,9,0,105.0
10109590SILVAA_2025-06-29_G27,10109590SILVAA,2025-06-29,123562,1,3,0,911.0
10109590SILVAA_2025-06-29_G28,10109590SILVAA,2025-06-29,122983,1,4,0,126.0
10109590SILVAA_2025-06-29_G29,10109590SILVAA,2025-06-29,124370,1,10,0,483.0
10109590SILVAA_2025-06-29_G30,10109590SILVAA,2025-06-29,122671,1,6,0,100.0
10109590SILVAA_2025-06-29_G31,10109590SILVAA,2025-06-29,123909,1,9,0,166.0
10109590SILVAA_2025-06-29_G32,10109590SILVAA,2025-06-29,123561,1,10,0,180.0
10109590SILVAA_2025-06-29_G33,10109590SILVAA,2025-06-29,123561,1,10,0,150.0
10109590SILVAA_2025-06-29_G34,10109590SILVAA,2025-06-29,124371,1,6,0,262.0
10109590SILVAA_2025-06-29_G35,10109590SILVAA,2025-06-29,124486,1,5,0,220.0
10109590SILVAA_2025-06-29_G36,10109590SILVAA,2025-06-29,124548,1,3,0,75.0
10109590SILVAA_2025-06-29_G37,10109590SILVAA,2025-06-29,123344,1,10,0,833.0
10109590SILVAA_2025-06-29_G38,10109590SILVAA,2025-06-29,123344,1,13,0,152.0
10109590SILVAA_2025-06-29_G39,10109590SILVAA,2025-06-29,124477,1,10,0,535.0
10109590SILVAA_2025-06-29_G40,10109590SILVAA,2025-06-29,123343,1,10,0,390.0
10109590SILVAA_2025-06-29_G41,10109590SILVAA,2025-06-29,123345,1,10,0,125.0
10109590SILVAA_2025-06-29_G42,10109590SILVAA,2025-06-29,122983,1,18,0,315.0
10109590SILVAA_2025-06-29_G43,10109590SILVAA,2025-06-29,124247,1,18,0,151.0
10109590SILVAA_2025-06-29_G44,10109590SILVAA,2025-06-29,122671,1,2,0,93.0
10109590SILVAA_2025-06-29_G45,10109590SILVAA,2025-06-29,123822,1,12,0,114.0
10109590SILVAA_2025-06-29_G46,10109590SILVAA,2025-06-29,123822,1,8,0,33.0
10109590SILVAA_2025-06-29_G47,10109590SILVAA,2025-06-29,123822,1,20,0,266.0
10109590SILVAA_2025-06-29_G48,10109590SILVAA,2025-06-29,122671,1,4,0,94.0
10109590SILVAA_2025-06-29_G49,10109590SILVAA,2025-06-29,123909,1,12,0,157.0
10109590SILVAA_2025-06-29_G50,10109590SILVAA,2025-06-29,122673,1,6,0,226.0
10109590SILVAA_2025-06-29_G51,10109590SILVAA,2025-06-29,122962,1,20,0,191.0
10109590SILVAA_2025-06-29_G52,10109590SILVAA,2025-06-29,124486,1,10,0,80.0
10109590SILVAA_2025-06-29_G53,10109590SILVAA,2025-06-29,124370,1,16,0,240.0
10109590SILVAA_2025-06-29_G54,10109590SILVAA,2025-06-29,120028,1,3,0,41.0
10109590SILVAA_2025-06-29_G55,10109590SILVAA,2025-06-29,122982,1,6,0,285.0
10109590SILVAA_2025-06-29_G56,10109590SILVAA,2025-06-29,123561,1,4,0,100.0
10109590SILVAA_2025-06-29_G57,10109590SILVAA,2025-06-29,122185,1,10,0,50.0
10109590SILVAA_2025-06-29_G58,10109590SILVAA,2025-06-29,124486,1,10,0,162.0
10109590SILVAA_2025-06-29_G59,10109590SILVAA,2025-06-29,123345,1,15,0,214.0
10109590SILVAA_2025-06-29_G61,10109590SILVAA,2025-06-29,123130,1,36,0,1464.0
10109590SILVAA_2025-06-29_G62,10109590SILVAA,2025-06-29,121760,1,10,0,233.0
10109590SILVAA_2025-06-30_G02,10109590SILVAA,2025-06-30,181887,1,9,0,243.0
10109590SILVAA_2025-06-30_G03,10109590SILVAA,2025-06-30,120028,1,8,0,179.0
10109590SILVAA_2025-06-30_G04,10109590SILVAA,2025-06-30,122962,1,16,0,203.0
10109590SILVAA_2025-06-30_G05,10109590SILVAA,2025-06-30,124486,1,20,0,452.0
10109590SILVAA_2025-06-30_G06,10109590SILVAA,2025-06-30,124247,1,8,0,396.0
10109590SILVAA_2025-06-30_G07,10109590SILVAA,2025-06-30,122986,1,4,0,604.0
10109590SILVAA_2025-06-30_G08,10109590SILVAA,2025-06-30,122189,1,18,0,318.0
10109590SILVAA_2025-06-30_G09,10109590SILVAA,2025-06-30,122196,1,2,0,99.0
10109590SILVAA_2025-06-30_G10,10109590SILVAA,2025-06-30,122671,1,24,0,184.0
10109590SILVAA_2025-06-30_G11,10109590SILVAA,2025-06-30,123909,1,24,0,320.0
10109590SILVAA_2025-06-30_G12,10109590SILVAA,2025-06-30,124371,1,12,0,627.0
10109590SILVAA_2025-06-30_G13,10109590SILVAA,2025-06-30,123343,1,2,0,115.0
10109590SILVAA_2025-06-30_G14,10109590SILVAA,2025-06-30,120028,1,8,0,525.0
10109590SILVAA_2025-06-30_G15,10109590SILVAA,2025-06-30,122962,1,8,0,54.0
10109590SILVAA_2025-06-30_G16,10109590SILVAA,2025-06-30,122962,1,26,0,332.0
10109590SILVAA_2025-06-30_G17,10109590SILVAA,2025-06-30,120028,1,64,0,677.0
10109590SILVAA_2025-06-30_G18,10109590SILVAA,2025-06-30,122962,1,16,0,420.0
10109590SILVAA_2025-06-30_G19,10109590SILVAA,2025-06-30,124264,1,4,0,2090.0
10109590SILVAA_2025-06-30_G20,10109590SILVAA,2025-06-30,124264,1,13,0,86.0
10109590SILVAA_2025-06-30_G21,10109590SILVAA,2025-06-30,124370,1,14,0,351.0
10109590SILVAA_2025-06-30_G22,10109590SILVAA,2025-06-30,124371,1,43,0,674.0
10109590SILVAA_2025-07-03_G02,10109590SILVAA,2025-07-03,120287,1,125,0,545.0
10109590SILVAA_2025-07-03_G03,10109590SILVAA,2025-07-03,180035,1,2,0,211.0
10109590SILVAA_2025-07-03_G04,10109590SILVAA,2025-07-03,181056,1,40,0,815.0
10109590SILVAA_2025-07-03_G05,10109590SILVAA,2025-07-03,180073,1,2,0,344.0
10109590SILVAA_2025-07-07_G04,10109590SILVAA,2025-07-07,124264,1,71,0,750.0
10109590SILVAA_2025-07-08_G02,10109590SILVAA,2025-07-08,120028,1,13,0,187.0
10109590SILVAA_2025-07-08_G03,10109590SILVAA,2025-07-08,123822,1,74,0,1318.0
10109590SILVAA_2025-07-08_G04,10109590SILVAA,2025-07-08,124624,1,10,0,189.0
10109590SILVAA_2025-07-08_G05,10109590SILVAA,2025-07-08,122671,1,10,0,168.0
10109590SILVAA_2025-07-08_G06,10109590SILVAA,2025-07-08,124486,1,4,0,113.0
10109590SILVAA_2025-07-08_G07,10109590SILVAA,2025-07-08,122962,1,4,0,72.0
10109590SILVAA_2025-07-08_G08,10109590SILVAA,2025-07-08,120028,1,8,0,229.0
10109590SILVAA_2025-07-08_G09,10109590SILVAA,2025-07-08,124370,1,2,0,108.0
10109590SILVAA_2025-07-08_G10,10109590SILVAA,2025-07-08,122984,1,2,0,93.0
10109590SILVAA_2025-07-08_G11,10109590SILVAA,2025-07-08,124433,1,2,0,195.0
10109590SILVAA_2025-07-08_G12,10109590SILVAA,2025-07-08,122984,1,4,0,108.0
10109590SILVAA_2025-07-08_G13,10109590SILVAA,2025-07-08,122984,1,8,0,221.0
10109590SILVAA_2025-07-08_G14,10109590SILVAA,2025-07-08,124248,1,12,0,306.0
10109590SILVAA_2025-07-08_G15,10109590SILVAA,2025-07-08,124486,1,10,0,2158.0
10109590SILVAA_2025-07-08_G16,10109590SILVAA,2025-07-08,122983,1,10,0,151.0
10109590SILVAA_2025-07-08_G17,10109590SILVAA,2025-07-08,124624,1,6,0,197.0
10109590SILVAA_2025-07-08_G18,10109590SILVAA,2025-07-08,122986,1,10,0,193.0
10109590SILVAA_2025-07-08_G19,10109590SILVAA,2025-07-08,122647,2,2,18,154.0
10109590SILVAA_2025-07-08_G20,10109590SILVAA,2025-07-08,124248,1,4,0,141.0
10109590SILVAA_2025-07-08_G21,10109590SILVAA,2025-07-08,122982,1,50,0,1112.0
10109590SILVAA_2025-07-08_G22,10109590SILVAA,2025-07-08,122981,1,2,0,58.0
10109590SILVAA_2025-07-08_G23,10109590SILVAA,2025-07-08,123081,1,3,0,112.0
10109590SILVAA_2025-07-08_G24,10109590SILVAA,2025-07-08,123560,1,4,0,171.0
10109590SILVAA_2025-07-08_G25,10109590SILVAA,2025-07-08,124370,1,25,0,2226.0
10109590SILVAA_2025-07-08_G26,10109590SILVAA,2025-07-08,124475,1,29,0,881.0
10109590SILVAA_2025-07-08_G27,10109590SILVAA,2025-07-08,123344,1,8,0,208.0
10109590SILVAA_2025-07-08_G28,10109590SILVAA,2025-07-08,122983,1,9,0,152.0
10109590SILVAA_2025-07-08_G29,10109590SILVAA,2025-07-08,123561,1,5,0,73.0
10109590SILVAA_2025-07-08_G30,10109590SILVAA,2025-07-08,124247,1,10,0,162.0
10109590SILVAA_2025-07-08_G31,10109590SILVAA,2025-07-08,181056,1,7,0,277.0
10109590SILVAA_2025-07-08_G33,10109590SILVAA,2025-07-08,122962,1,16,0,181.0
10109590SILVAA_2025-07-08_G34,10109590SILVAA,2025-07-08,122962,1,1,0,58.0
10109590SILVAA_2025-07-08_G35,10109590SILVAA,2025-07-08,123153,1,3,0,45.0
10109590SILVAA_2025-07-08_G36,10109590SILVAA,2025-07-08,124370,1,14,0,498.0
10109590SILVAA_2025-07-08_G37,10109590SILVAA,2025-07-08,124624,1,10,0,228.0
10109590SILVAA_2025-07-08_G38,10109590SILVAA,2025-07-08,122984,1,40,0,782.0
10109590SILVAA_2025-07-08_G39,10109590SILVAA,2025-07-08,122185,1,150,0,2623.0
10109590SILVAA_2025-07-08_G40,10109590SILVAA,2025-07-08,124476,1,2,0,66.0
10109590SILVAA_2025-07-08_G41,10109590SILVAA,2025-07-08,123492,1,3,0,381.0
10109590SILVAA_2025-07-08_G42,10109590SILVAA,2025-07-08,124594,1,1,0,144.0
10109590SILVAA_2025-07-08_G43,10109590SILVAA,2025-07-08,124247,1,10,0,230.0
10109590SILVAA_2025-07-08_G44,10109590SILVAA,2025-07-08,123345,1,4,0,150.0
10109590SILVAA_2025-07-09_G02,10109590SILVAA,2025-07-09,123343,1,11,0,266.0
10109590SILVAA_2025-07-09_G03,10109590SILVAA,2025-07-09,124248,1,40,0,424.0
10109590SILVAA_2025-07-09_G04,10109590SILVAA,2025-07-09,124247,1,29,0,543.0
10109590SILVAA_2025-07-09_G05,10109590SILVAA,2025-07-09,123344,1,8,0,219.0
10109590SILVAA_2025-07-09_G06,10109590SILVAA,2025-07-09,121760,1,4,0,71.0
10109590SILVAA_2025-07-09_G07,10109590SILVAA,2025-07-09,122703,1,4,0,1029.0
10109590SILVAA_2025-07-09_G08,10109590SILVAA,2025-07-09,124475,1,2,0,90.0
10109590SILVAA_2025-07-09_G09,10109590SILVAA,2025-07-09,122185,1,12,0,384.0
10109590SILVAA_2025-07-09_G10,10109590SILVAA,2025-07-09,122962,1,36,0,878.0
10109590SILVAA_2025-07-09_G11,10109590SILVAA,2025-07-09,123822,1,26,0,679.0
10109590SILVAA_2025-07-09_G12,10109590SILVAA,2025-07-09,124486,1,3,0,1350.0
10109590SILVAA_2025-07-09_G13,10109590SILVAA,2025-07-09,124248,1,6,0,156.0
10109590SILVAA_2025-07-09_G14,10109590SILVAA,2025-07-09,124486,1,4,0,462.0
10109590SILVAA_2025-07-09_G15,10109590SILVAA,2025-07-09,121760,1,8,0,184.0
10109590SILVAA_2025-07-09_G16,10109590SILVAA,2025-07-09,124370,1,2,0,85.0
10109590SILVAA_2025-07-09_G17,10109590SILVAA,2025-07-09,122984,1,35,0,599.0
10109590SILVAA_2025-07-09_G18,10109590SILVAA,2025-07-09,123561,1,4,0,74.0
10109590SILVAA_2025-07-09_G19,10109590SILVAA,2025-07-09,122962,1,10,0,256.0
10109590SILVAA_2025-07-09_G20,10109590SILVAA,2025-07-09,123909,1,1,0,150.0
10109590SILVAA_2025-07-09_G21,10109590SILVAA,2025-07-09,121651,1,31,0,781.0
10109590SILVAA_2025-07-09_G22,10109590SILVAA,2025-07-09,122988,1,3,0,286.0
10109590SILVAA_2025-07-09_G23,10109590SILVAA,2025-07-09,123521,1,3,0,883.0
10109590SILVAA_2025-07-09_G24,10109590SILVAA,2025-07-09,123560,1,2,0,547.0
10109590SILVAA_2025-07-09_G25,10109590SILVAA,2025-07-09,123345,1,2,0,173.0
10109590SILVAA_2025-07-09_G26,10109590SILVAA,2025-07-09,181057,1,4,0,115.0
10109590SILVAA_2025-07-09_G27,10109590SILVAA,2025-07-09,121651,1,30,0,535.0
10109590SILVAA_2025-07-09_G28,10109590SILVAA,2025-07-09,123909,1,8,0,180.0
10109590SILVAA_2025-07-09_G29,10109590SILVAA,2025-07-09,123909,1,4,0,201.0
10109590SILVAA_2025-07-09_G30,10109590SILVAA,2025-07-09,123909,1,4,0,101.0
10109590SILVAA_2025-07-09_G31,10109590SILVAA,2025-07-09,121651,1,11,0,251.0
10109590SILVAA_2025-07-09_G32,10109590SILVAA,2025-07-09,121651,1,28,0,873.0
10109590SILVAA_2025-07-09_G33,10109590SILVAA,2025-07-09,122647,1,40,0,415.0
10109590SILVAA_2025-07-09_G35,10109590SILVAA,2025-07-09,122962,1,8,0,590.0
10109590SILVAA_2025-07-09_G36,10109590SILVAA,2025-07-09,124370,1,10,0,355.0
10109590SILVAA_2025-07-09_G37,10109590SILVAA,2025-07-09,122962,1,12,0,266.0
10109590SILVAA_2025-07-09_G38,10109590SILVAA,2025-07-09,123344,1,8,0,354.0
10109590SILVAA_2025-07-09_G39,10109590SILVAA,2025-07-09,124486,1,4,0,110.0
10109590SILVAA_2025-07-09_G40,10109590SILVAA,2025-07-09,121760,1,7,0,113.0
10109590SILVAA_2025-07-09_G41,10109590SILVAA,2025-07-09,124370,1,21,0,869.0
10109590SILVAA_2025-07-09_G42,10109590SILVAA,2025-07-09,122962,1,8,0,97.0
10109590SILVAA_2025-07-09_G43,10109590SILVAA,2025-07-09,121651,1,10,0,256.0
10109590SILVAA_2025-07-09_G44,10109590SILVAA,2025-07-09,124476,1,4,0,120.0
10109590SILVAA_2025-07-09_G45,10109590SILVAA,2025-07-09,124477,1,8,0,383.0
10109590SILVAA_2025-07-09_G46,10109590SILVAA,2025-07-09,123313,1,4,0,190.0
10109590SILVAA_2025-07-09_G47,10109590SILVAA,2025-07-09,124486,1,1,0,85.0
10109590SILVAA_2025-07-09_G48,10109590SILVAA,2025-07-09,124475,1,4,0,111.0
10109590SILVAA_2025-07-09_G49,10109590SILVAA,2025-07-09,122962,1,4,0,212.0
10109590SILVAA_2025-07-09_G50,10109590SILVAA,2025-07-09,124477,1,4,0,161.0
10109590SILVAA_2025-07-09_G51,10109590SILVAA,2025-07-09,124247,1,4,0,114.0
10109590SILVAA_2025-07-09_G52,10109590SILVAA,2025-07-09,120028,1,15,0,446.0
10109590SILVAA_2025-07-09_G53,10109590SILVAA,2025-07-09,122984,1,38,0,1207.0
10109590SILVAA_2025-07-09_G54,10109590SILVAA,2025-07-09,123344,1,11,0,312.0
10109590SILVAA_2025-07-09_G55,10109590SILVAA,2025-07-09,124486,1,21,0,396.0
10109590SILVAA_2025-07-09_G56,10109590SILVAA,2025-07-09,124370,1,10,0,485.0
10109590SILVAA_2025-07-09_G57,10109590SILVAA,2025-07-09,123909,1,10,0,183.0
10109590SILVAA_2025-07-09_G58,10109590SILVAA,2025-07-09,124477,1,10,0,499.0
10109590SILVAA_2025-07-09_G59,10109590SILVAA,2025-07-09,124247,1,4,0,94.0
10109590SILVAA_2025-07-09_G60,10109590SILVAA,2025-07-09,123345,1,10,0,276.0
10109590SILVAA_2025-07-09_G61,10109590SILVAA,2025-07-09,123343,1,20,0,500.0
10109590SILVAA_2025-07-09_G62,10109590SILVAA,2025-07-09,124486,1,10,0,242.0
10109590SILVAA_2025-07-09_G63,10109590SILVAA,2025-07-09,123909,1,4,0,97.0
10109590SILVAA_2025-07-09_G64,10109590SILVAA,2025-07-09,120028,1,7,0,309.0
10109590SILVAA_2025-07-10_G02,10109590SILVAA,2025-07-10,123345,1,9,0,191.0
10109590SILVAA_2025-07-10_G03,10109590SILVAA,2025-07-10,123343,1,2,0,147.0
10109590SILVAA_2025-07-10_G05,10109590SILVAA,2025-07-10,181235,1,14,0,608.0
10109590SILVAA_2025-07-10_G06,10109590SILVAA,2025-07-10,181235,1,12,0,194.0
10109590SILVAA_2025-07-10_G07,10109590SILVAA,2025-07-10,181057,1,12,0,264.0
10109590SILVAA_2025-07-10_G08,10109590SILVAA,2025-07-10,180054,1,2,0,67.0
10109590SILVAA_2025-07-10_G09,10109590SILVAA,2025-07-10,180054,1,6,0,221.0
10109590SILVAA_2025-07-10_G10,10109590SILVAA,2025-07-10,122968,1,2,0,61.0
10109590SILVAA_2025-07-10_G11,10109590SILVAA,2025-07-10,122962,1,100,0,1738.0
10109590SILVAA_2025-07-10_G12,10109590SILVAA,2025-07-10,121651,1,14,0,1156.0
10109590SILVAA_2025-07-10_G13,10109590SILVAA,2025-07-10,123889,1,12,0,542.0
10109590SILVAA_2025-07-10_G14,10109590SILVAA,2025-07-10,123345,1,30,0,436.0
10109590SILVAA_2025-07-10_G15,10109590SILVAA,2025-07-10,123343,1,5,0,198.0
10109590SILVAA_2025-07-11_G02,10109590SILVAA,2025-07-11,121923,1,2,0,121.0
10109590SILVAA_2025-07-11_G03,10109590SILVAA,2025-07-11,123345,1,2,0,108.0
10109590SILVAA_2025-07-11_G04,10109590SILVAA,2025-07-11,123313,1,6,0,279.0
10109590SILVAA_2025-07-11_G05,10109590SILVAA,2025-07-11,124247,1,14,0,312.0
10109590SILVAA_2025-07-14_G02,10109590SILVAA,2025-07-14,181057,1,12,0,258.0
10109590SILVAA_2025-07-14_G03,10109590SILVAA,2025-07-14,124475,1,2,0,79.0
10109590SILVAA_2025-07-14_G04,10109590SILVAA,2025-07-14,122982,1,4,0,2309.0
10109590SILVAA_2025-07-14_G06,10109590SILVAA,2025-07-14,124247,1,6,0,100.0
10109590SILVAA_2025-07-14_G07,10109590SILVAA,2025-07-14,124370,1,12,0,523.0
10109590SILVAA_2025-07-14_G08,10109590SILVAA,2025-07-14,124475,1,4,0,113.0
10109590SILVAA_2025-07-14_G09,10109590SILVAA,2025-07-14,122185,1,4,0,110.0
10109590SILVAA_2025-07-14_G10,10109590SILVAA,2025-07-14,124248,1,4,0,108.0
10109590SILVAA_2025-07-14_G11,10109590SILVAA,2025-07-14,124476,1,8,0,242.0
10109590SILVAA_2025-07-14_G12,10109590SILVAA,2025-07-14,181057,1,12,0,498.0
10109590SILVAA_2025-07-15_G02,10109590SILVAA,2025-07-15,120339,1,12,0,527.0
10109590SILVAA_2025-07-15_G03,10109590SILVAA,2025-07-15,120339,1,2,0,78.0
10109590SILVAA_2025-07-15_G04,10109590SILVAA,2025-07-15,120339,1,5,0,264.0
10109590SILVAA_2025-07-15_G05,10109590SILVAA,2025-07-15,120339,1,10,0,421.0
10109590SILVAA_2025-07-15_G06,10109590SILVAA,2025-07-15,120339,1,2,0,279.0
10109590SILVAA_2025-07-15_G07,10109590SILVAA,2025-07-15,122984,1,8,0,105.0
10109590SILVAA_2025-07-15_G08,10109590SILVAA,2025-07-15,122981,1,4,0,177.0
10109590SILVAA_2025-07-15_G09,10109590SILVAA,2025-07-15,120339,1,20,0,698.0
10109590SILVAA_2025-07-15_G10,10109590SILVAA,2025-07-15,123345,1,8,0,449.0
10109590SILVAA_2025-07-15_G12,10109590SILVAA,2025-07-15,120028,1,16,0,183.0
10109590SILVAA_2025-07-15_G13,10109590SILVAA,2025-07-15,180024,1,6,0,428.0
10109590SILVAA_2025-07-15_G15,10109590SILVAA,2025-07-15,120271,1,6,0,217.0
10109590SILVAA_2025-07-15_G16,10109590SILVAA,2025-07-15,124370,1,70,0,1392.0
10109590SILVAA_2025-07-15_G17,10109590SILVAA,2025-07-15,122185,1,20,0,431.0
10109590SILVAA_2025-07-15_G18,10109590SILVAA,2025-07-15,123562,1,14,0,382.0
10109590SILVAA_2025-07-15_G19,10109590SILVAA,2025-07-15,124548,1,8,0,119.0
10109590SILVAA_2025-07-15_G20,10109590SILVAA,2025-07-15,122981,1,8,0,106.0
10109590SILVAA_2025-07-15_G21,10109590SILVAA,2025-07-15,123343,1,10,0,313.0
10109590SILVAA_2025-07-15_G22,10109590SILVAA,2025-07-15,181280,1,8,0,1317.0
10109590SILVAA_2025-07-15_G23,10109590SILVAA,2025-07-15,123344,1,5,0,279.0
10109590SILVAA_2025-07-15_G24,10109590SILVAA,2025-07-15,122962,1,12,0,417.0
10109590SILVAA_2025-07-15_G25,10109590SILVAA,2025-07-15,124247,1,2,0,71.0
10109590SILVAA_2025-07-15_G26,10109590SILVAA,2025-07-15,124475,1,3,0,169.0
10109590SILVAA_2025-07-15_G27,10109590SILVAA,2025-07-15,124476,1,4,0,132.0
10109590SILVAA_2025-07-15_G28,10109590SILVAA,2025-07-15,124476,1,4,0,59.0
10109590SILVAA_2025-07-15_G29,10109590SILVAA,2025-07-15,121651,1,8,0,297.0
10109590SILVAA_2025-07-15_G30,10109590SILVAA,2025-07-15,122703,1,4,0,629.0
10109590SILVAA_2025-07-15_G31,10109590SILVAA,2025-07-15,121923,1,18,0,648.0
10109590SILVAA_2025-07-15_G32,10109590SILVAA,2025-07-15,121651,1,20,0,683.0
10109590SILVAA_2025-07-15_G33,10109590SILVAA,2025-07-15,124594,1,4,0,355.0
10109590SILVAA_2025-07-15_G34,10109590SILVAA,2025-07-15,123345,1,30,0,645.0
10109590SILVAA_2025-07-17_G03,10109590SILVAA,2025-07-17,122671,1,200,0,1586.0
10109590SILVAA_2025-07-17_G04,10109590SILVAA,2025-07-17,124248,1,16,0,394.0
10109590SILVAA_2025-07-17_G05,10109590SILVAA,2025-07-17,122984,1,20,0,607.0
10109590SILVAA_2025-07-17_G06,10109590SILVAA,2025-07-17,124248,1,11,0,255.0
10109590SILVAA_2025-07-17_G07,10109590SILVAA,2025-07-17,122988,1,110,0,1404.0
10109590SILVAA_2025-07-17_G08,10109590SILVAA,2025-07-17,123822,1,5,0,349.0
10109590SILVAA_2025-07-19_G02,10109590SILVAA,2025-07-19,124248,1,180,0,2009.0
10109590SILVAA_2025-07-19_G03,10109590SILVAA,2025-07-19,122984,1,32,0,1227.0
10109590SILVAA_2025-07-19_G04,10109590SILVAA,2025-07-19,122185,1,60,0,1302.0
10109590SILVAA_2025-07-19_G05,10109590SILVAA,2025-07-19,122196,1,8,0,1203.0
10109590SILVAA_2025-07-19_G06,10109590SILVAA,2025-07-19,124477,1,8,0,514.0
10109590SILVAA_2025-07-21_G02,10109590SILVAA,2025-07-21,120271,1,4,0,65.0
10109590SILVAA_2025-07-21_G03,10109590SILVAA,2025-07-21,121928,1,2,0,55.0
10109590SILVAA_2025-07-21_G04,10109590SILVAA,2025-07-21,124486,1,30,0,439.0
10109590SILVAA_2025-07-21_G05,10109590SILVAA,2025-07-21,123345,1,40,0,500.0
10109590SILVAA_2025-07-21_G06,10109590SILVAA,2025-07-21,122962,1,30,0,180.0
10109590SILVAA_2025-07-21_G07,10109590SILVAA,2025-07-21,121651,1,20,0,694.0
10109590SILVAA_2025-07-21_G08,10109590SILVAA,2025-07-21,124548,1,46,0,1008.0
10109590SILVAA_2025-07-21_G09,10109590SILVAA,2025-07-21,123889,1,1,0,564.0
10109590SILVAA_2025-07-21_G10,10109590SILVAA,2025-07-21,122982,1,10,0,774.0
10109590SILVAA_2025-07-21_G11,10109590SILVAA,2025-07-21,123822,1,4,0,968.0
10109590SILVAA_2025-07-21_G12,10109590SILVAA,2025-07-21,123822,1,16,0,229.0
10109590SILVAA_2025-07-21_G13,10109590SILVAA,2025-07-21,120339,1,7,0,514.0
10109590SILVAA_2025-07-21_G14,10109590SILVAA,2025-07-21,120339,1,4,0,122.0
10109590SILVAA_2025-07-21_G15,10109590SILVAA,2025-07-21,120339,1,4,0,398.0
10109590SILVAA_2025-07-21_G16,10109590SILVAA,2025-07-21,122185,1,20,0,325.0
10109590SILVAA_2025-07-21_G17,10109590SILVAA,2025-07-21,120028,1,10,0,474.0
10109590SILVAA_2025-07-21_G18,10109590SILVAA,2025-07-21,"123492, 123344, 124370",3,6,36,72.0
10109590SILVAA_2025-07-21_G19,10109590SILVAA,2025-07-21,121651,1,12,0,141.0
10109590SILVAA_2025-07-21_G20,10109590SILVAA,2025-07-21,123909,2,2,7,35.0
10109590SILVAA_2025-07-21_G21,10109590SILVAA,2025-07-21,122673,1,66,0,563.0
10109590SILVAA_2025-07-21_G22,10109590SILVAA,2025-07-21,123344,1,23,0,74.0
10109590SILVAA_2025-07-21_G23,10109590SILVAA,2025-07-21,121651,1,5,0,250.0
10109590SILVAA_2025-07-21_G24,10109590SILVAA,2025-07-21,123345,1,8,0,90.0
10109590SILVAA_2025-07-21_G25,10109590SILVAA,2025-07-21,123822,1,10,0,44.0
10109590SILVAA_2025-07-21_G26,10109590SILVAA,2025-07-21,120339,1,8,0,148.0
10109590SILVAA_2025-07-22_G02,10109590SILVAA,2025-07-22,122647,1,100,0,1362.0
10109590SILVAA_2025-07-22_G03,10109590SILVAA,2025-07-22,123081,1,150,0,1733.0
10109590SILVAA_2025-07-22_G05,10109590SILVAA,2025-07-22,122962,1,29,0,444.0
10109590SILVAA_2025-07-22_G06,10109590SILVAA,2025-07-22,123153,1,3,0,125.0
10109590SILVAA_2025-07-22_G07,10109590SILVAA,2025-07-22,123153,1,4,0,91.0
10109590SILVAA_2025-07-22_G08,10109590SILVAA,2025-07-22,124370,1,26,0,1200.0
10109590SILVAA_2025-07-22_G09,10109590SILVAA,2025-07-22,124370,1,60,0,1903.0
10109590SILVAA_2025-07-22_G10,10109590SILVAA,2025-07-22,124247,1,14,0,174.0
10109590SILVAA_2025-07-22_G11,10109590SILVAA,2025-07-22,124486,1,4,0,58.0
10109590SILVAA_2025-07-22_G12,10109590SILVAA,2025-07-22,124486,1,43,0,399.0
10109590SILVAA_2025-07-22_G13,10109590SILVAA,2025-07-22,122984,1,8,0,155.0
10109590SILVAA_2025-07-22_G14,10109590SILVAA,2025-07-22,123561,1,40,0,478.0
10109590SILVAA_2025-07-22_G15,10109590SILVAA,2025-07-22,122185,1,12,0,210.0
10109590SILVAA_2025-07-22_G16,10109590SILVAA,2025-07-22,124476,1,4,0,116.0
10109590SILVAA_2025-07-22_G17,10109590SILVAA,2025-07-22,123345,1,7,0,604.0
10109590SILVAA_2025-07-23_G02,10109590SILVAA,2025-07-23,122982,1,16,0,174.0
10109590SILVAA_2025-07-23_G03,10109590SILVAA,2025-07-23,122673,1,34,0,1552.0
10109590SILVAA_2025-07-23_G04,10109590SILVAA,2025-07-23,122671,1,12,0,879.0
10109590SILVAA_2025-07-23_G05,10109590SILVAA,2025-07-23,123153,1,56,0,680.0
10109590SILVAA_2025-07-23_G06,10109590SILVAA,2025-07-23,124486,1,30,0,607.0
10109590SILVAA_2025-07-23_G07,10109590SILVAA,2025-07-23,122673,1,8,0,153.0
10109590SILVAA_2025-07-24_G02,10109590SILVAA,2025-07-24,124370,1,13,0,375.0
10109590SILVAA_2025-07-24_G03,10109590SILVAA,2025-07-24,122984,1,40,0,824.0
10109590SILVAA_2025-07-24_G04,10109590SILVAA,2025-07-24,123345,1,30,0,630.0
10109590SILVAA_2025-07-24_G05,10109590SILVAA,2025-07-24,123313,1,14,0,302.0
10109590SILVAA_2025-07-24_G06,10109590SILVAA,2025-07-24,123343,1,12,0,752.0
10109590SILVAA_2025-07-24_G07,10109590SILVAA,2025-07-24,180024,1,4,0,490.0
10109590SILVAA_2025-07-24_G08,10109590SILVAA,2025-07-24,181057,1,5,0,397.0
10109590SILVAA_2025-07-24_G09,10109590SILVAA,2025-07-24,122984,1,70,0,2059.0
10109590SILVAA_2025-07-24_G10,10109590SILVAA,2025-07-24,123561,1,1,0,63.0
10109590SILVAA_2025-07-24_G11,10109590SILVAA,2025-07-24,122185,1,50,0,431.0
10109590SILVAA_2025-07-25_G03,10109590SILVAA,2025-07-25,124247,1,4,0,223.0
10109590SILVAA_2025-07-25_G04,10109590SILVAA,2025-07-25,123560,1,4,0,93.0
10109590SILVAA_2025-07-25_G05,10109590SILVAA,2025-07-25,124624,1,6,0,258.0
10109590SILVAA_2025-07-25_G06,10109590SILVAA,2025-07-25,120339,1,15,0,245.0
10109590SILVAA_2025-07-25_G07,10109590SILVAA,2025-07-25,122671,1,6,0,76.0
10109590SILVAA_2025-07-25_G08,10109590SILVAA,2025-07-25,122983,1,3,0,169.0
10109590SILVAA_2025-07-25_G09,10109590SILVAA,2025-07-25,122981,1,8,0,200.0
10109590SILVAA_2025-07-25_G10,10109590SILVAA,2025-07-25,123345,1,4,0,194.0
10109590SILVAA_2025-07-25_G11,10109590SILVAA,2025-07-25,124548,1,10,0,452.0
10109590SILVAA_2025-07-25_G12,10109590SILVAA,2025-07-25,120389,1,10,0,819.0
10109590SILVAA_2025-07-25_G13,10109590SILVAA,2025-07-25,122962,1,24,0,246.0
10109590SILVAA_2025-07-25_G14,10109590SILVAA,2025-07-25,124486,1,100,0,1077.0
10109590SILVAA_2025-07-25_G15,10109590SILVAA,2025-07-25,122673,1,30,0,526.0
10109590SILVAA_2025-07-25_G16,10109590SILVAA,2025-07-25,122673,1,10,0,295.0
10109590SILVAA_2025-07-25_G17,10109590SILVAA,2025-07-25,120389,1,4,0,266.0
10109590SILVAA_2025-07-25_G18,10109590SILVAA,2025-07-25,123153,1,15,0,442.0
10109590SILVAA_2025-07-25_G19,10109590SILVAA,2025-07-25,121760,1,32,0,416.0
10109590SILVAA_2025-07-25_G20,10109590SILVAA,2025-07-25,124264,1,8,0,175.0
10109590SILVAA_2025-07-25_G21,10109590SILVAA,2025-07-25,124264,1,17,0,252.0
10109590SILVAA_2025-07-25_G22,10109590SILVAA,2025-07-25,124370,1,12,0,174.0
10109590SILVAA_2025-07-25_G23,10109590SILVAA,2025-07-25,121651,1,8,0,103.0
10109590SILVAA_2025-07-26_G02,10109590SILVAA,2025-07-26,121760,1,2,0,46.0
10109590SILVAA_2025-07-26_G03,10109590SILVAA,2025-07-26,122703,1,2,0,81.0
10109590SILVAA_2025-07-26_G04,10109590SILVAA,2025-07-26,122962,1,2,0,133.0
10109590SILVAA_2025-07-26_G05,10109590SILVAA,2025-07-26,123345,1,8,0,181.0
10109590SILVAA_2025-07-26_G06,10109590SILVAA,2025-07-26,123343,1,2,0,99.0
10109590SILVAA_2025-07-26_G07,10109590SILVAA,2025-07-26,122962,1,20,0,369.0
10109590SILVAA_2025-07-26_G08,10109590SILVAA,2025-07-26,122962,1,12,0,270.0
10109590SILVAA_2025-07-26_G09,10109590SILVAA,2025-07-26,124486,1,8,0,128.0
10109590SILVAA_2025-07-26_G10,10109590SILVAA,2025-07-26,123909,1,12,0,251.0
10109590SILVAA_2025-07-26_G11,10109590SILVAA,2025-07-26,122673,1,20,0,477.0
10109590SILVAA_2025-07-26_G12,10109590SILVAA,2025-07-26,123909,1,16,0,266.0
10109590SILVAA_2025-07-26_G13,10109590SILVAA,2025-07-26,122962,1,40,0,593.0
10109590SILVAA_2025-07-26_G14,10109590SILVAA,2025-07-26,124486,1,40,0,650.0
10109590SILVAA_2025-07-26_G16,10109590SILVAA,2025-07-26,124247,1,8,0,204.0
10109590SILVAA_2025-07-26_G17,10109590SILVAA,2025-07-26,122647,1,4,0,49.0
10109590SILVAA_2025-07-26_G18,10109590SILVAA,2025-07-26,124371,1,10,0,593.0
10109590SILVAA_2025-07-26_G19,10109590SILVAA,2025-07-26,121760,1,6,0,164.0
10109590SILVAA_2025-07-26_G20,10109590SILVAA,2025-07-26,122671,1,4,0,132.0
10109590SILVAA_2025-07-26_G21,10109590SILVAA,2025-07-26,122982,1,10,0,155.0
10109590SILVAA_2025-07-26_G22,10109590SILVAA,2025-07-26,120028,1,12,0,157.0
10109590SILVAA_2025-07-26_G23,10109590SILVAA,2025-07-26,122962,1,20,0,199.0
10109590SILVAA_2025-07-26_G24,10109590SILVAA,2025-07-26,124371,1,50,0,1209.0
10109590SILVAA_2025-07-26_G25,10109590SILVAA,2025-07-26,123343,1,12,0,527.0
10109590SILVAA_2025-07-26_G26,10109590SILVAA,2025-07-26,122962,1,40,0,448.0
10109590SILVAA_2025-07-26_G27,10109590SILVAA,2025-07-26,122962,1,2,0,86.0
10109590SILVAA_2025-07-26_G28,10109590SILVAA,2025-07-26,122962,1,8,0,130.0
10109590SILVAA_2025-07-26_G29,10109590SILVAA,2025-07-26,123822,1,2,0,954.0
10109590SILVAA_2025-07-26_G30,10109590SILVAA,2025-07-26,122984,1,8,0,569.0
10109590SILVAA_2025-07-26_G31,10109590SILVAA,2025-07-26,122962,1,12,0,257.0
10109590SILVAA_2025-07-26_G32,10109590SILVAA,2025-07-26,121651,1,10,0,353.0
10109590SILVAA_2025-07-26_G33,10109590SILVAA,2025-07-26,120272,1,2,0,99.0
10109590SILVAA_2025-07-26_G34,10109590SILVAA,2025-07-26,122982,1,8,0,253.0
10109590SILVAA_2025-07-26_G35,10109590SILVAA,2025-07-26,124548,1,8,0,80.0
10109590SILVAA_2025-07-26_G36,10109590SILVAA,2025-07-26,123343,1,2,0,87.0
10109590SILVAA_2025-07-26_G37,10109590SILVAA,2025-07-26,123343,1,7,0,272.0
10109590SILVAA_2025-07-26_G38,10109590SILVAA,2025-07-26,122647,1,60,0,826.0
10109590SILVAA_2025-07-26_G39,10109590SILVAA,2025-07-26,122962,1,24,0,392.0
10109590SILVAA_2025-07-26_G40,10109590SILVAA,2025-07-26,122671,1,2,0,109.0
10109590SILVAA_2025-07-26_G41,10109590SILVAA,2025-07-26,123909,1,5,0,323.0
10109590SILVAA_2025-07-28_G02,10109590SILVAA,2025-07-28,124486,1,5,0,658.0
10109590SILVAA_2025-07-28_G04,10109590SILVAA,2025-07-28,123345,1,30,0,1131.0
10109590SILVAA_2025-07-29_G02,10109590SILVAA,2025-07-29,120028,1,30,0,1218.0
10109590SILVAA_2025-07-29_G03,10109590SILVAA,2025-07-29,120028,1,25,0,380.0
10109590SILVAA_2025-07-29_G04,10109590SILVAA,2025-07-29,124248,1,14,0,1737.0
10109590SILVAA_2025-07-29_G05,10109590SILVAA,2025-07-29,121760,1,10,0,446.0
10109590SILVAA_2025-07-29_G06,10109590SILVAA,2025-07-29,123909,1,10,0,176.0
10109590SILVAA_2025-07-29_G07,10109590SILVAA,2025-07-29,123947,1,10,0,687.0
10109590SILVAA_2025-07-29_G08,10109590SILVAA,2025-07-29,123153,1,10,0,66.0
10109590SILVAA_2025-07-29_G09,10109590SILVAA,2025-07-29,123909,1,16,0,319.0
10109590SILVAA_2025-07-29_G10,10109590SILVAA,2025-07-29,121760,1,14,0,167.0
10109590SILVAA_2025-07-29_G11,10109590SILVAA,2025-07-29,124548,1,2,0,161.0
10109590SILVAA_2025-07-29_G12,10109590SILVAA,2025-07-29,124370,1,2,0,74.0
10109590SILVAA_2025-07-29_G13,10109590SILVAA,2025-07-29,"121651, 122984",2,11,30,71.0
10109590SILVAA_2025-07-29_G14,10109590SILVAA,2025-07-29,124371,1,8,0,274.0
10109590SILVAA_2025-07-29_G16,10109590SILVAA,2025-07-29,122984,1,40,0,404.0
10109590SILVAA_2025-07-29_G18,10109590SILVAA,2025-07-29,124476,1,24,0,260.0
10109590SILVAA_2025-07-30_G02,10109590SILVAA,2025-07-30,122962,1,28,0,287.0
10109590SILVAA_2025-07-30_G03,10109590SILVAA,2025-07-30,122673,1,24,0,490.0
10109590SILVAA_2025-07-30_G04,10109590SILVAA,2025-07-30,124486,1,7,0,467.0
10109590SILVAA_2025-07-30_G05,10109590SILVAA,2025-07-30,122962,1,4,0,143.0
10109590SILVAA_2025-07-30_G06,10109590SILVAA,2025-07-30,122673,1,8,0,167.0
10109590SILVAA_2025-07-30_G07,10109590SILVAA,2025-07-30,120339,1,2,0,149.0
10109590SILVAA_2025-07-30_G08,10109590SILVAA,2025-07-30,124475,1,4,0,183.0
10109590SILVAA_2025-07-30_G09,10109590SILVAA,2025-07-30,124476,1,6,0,181.0
10109590SILVAA_2025-07-30_G10,10109590SILVAA,2025-07-30,122647,1,18,0,1077.0
10109590SILVAA_2025-07-30_G11,10109590SILVAA,2025-07-30,123153,1,57,0,713.0
10109590SILVAA_2025-07-30_G12,10109590SILVAA,2025-07-30,123153,1,10,0,435.0
10109590SILVAA_2025-07-30_G13,10109590SILVAA,2025-07-30,124486,1,2,0,81.0
10109590SILVAA_2025-07-30_G14,10109590SILVAA,2025-07-30,124264,1,6,0,183.0
10109590SILVAA_2025-07-30_G15,10109590SILVAA,2025-07-30,122647,1,10,0,245.0
10109590SILVAA_2025-07-30_G16,10109590SILVAA,2025-07-30,122647,1,12,0,236.0
10109590SILVAA_2025-07-30_G17,10109590SILVAA,2025-07-30,123153,1,12,0,697.0
10109590SILVAA_2025-07-30_G18,10109590SILVAA,2025-07-30,122647,1,6,0,126.0
10109590SILVAA_2025-07-30_G19,10109590SILVAA,2025-07-30,122647,1,2,0,31.0
10109590SILVAA_2025-07-30_G20,10109590SILVAA,2025-07-30,123889,1,6,0,553.0
10109590SILVAA_2025-07-30_G21,10109590SILVAA,2025-07-30,124486,1,6,0,296.0
10109590SILVAA_2025-07-30_G23,10109590SILVAA,2025-07-30,123153,1,24,0,241.0
10109590SILVAA_2025-07-30_G24,10109590SILVAA,2025-07-30,123153,1,33,0,1737.0
10109590SILVAA_2025-07-30_G25,10109590SILVAA,2025-07-30,123153,1,10,0,70.0
10109590SILVAA_2025-07-30_G26,10109590SILVAA,2025-07-30,124264,1,6,0,116.0
10109590SILVAA_2025-07-30_G27,10109590SILVAA,2025-07-30,122647,1,10,0,290.0
10109590SILVAA_2025-07-30_G28,10109590SILVAA,2025-07-30,124486,1,14,0,201.0
10109590SILVAA_2025-07-30_G29,10109590SILVAA,2025-07-30,123889,1,4,0,354.0
10109590SILVAA_2025-07-31_G02,10109590SILVAA,2025-07-31,181235,1,2,0,247.0
10109590SILVAA_2025-07-31_G03,10109590SILVAA,2025-07-31,123909,1,2,0,91.0
10109590SILVAA_2025-07-31_G04,10109590SILVAA,2025-07-31,123909,1,1,0,31.0
10109590SILVAA_2025-07-31_G05,10109590SILVAA,2025-07-31,122962,3,3,15,57.0
10109590SILVAA_2025-07-31_G06,10109590SILVAA,2025-07-31,122962,1,4,0,154.0
10109590SILVAA_2025-07-31_G07,10109590SILVAA,2025-07-31,122673,1,4,0,97.0
10109590SILVAA_2025-07-31_G08,10109590SILVAA,2025-07-31,122703,1,2,0,70.0
10109590SILVAA_2025-07-31_G09,10109590SILVAA,2025-07-31,122703,1,2,0,63.0
10109590SILVAA_2025-07-31_G10,10109590SILVAA,2025-07-31,122703,1,2,0,122.0
10109590SILVAA_2025-07-31_G11,10109590SILVAA,2025-07-31,122703,2,5,12,39.0
10109590SILVAA_2025-07-31_G12,10109590SILVAA,2025-07-31,121928,1,1,0,50.0
10109590SILVAA_2025-07-31_G13,10109590SILVAA,2025-07-31,120389,1,1,0,63.0
10109590SILVAA_2025-07-31_G14,10109590SILVAA,2025-07-31,120389,1,46,0,441.0
10109590SILVAA_2025-07-31_G15,10109590SILVAA,2025-07-31,124624,2,8,14,57.0
10109590SILVAA_2025-07-31_G16,10109590SILVAA,2025-07-31,120339,1,10,0,204.0
10109590SILVAA_2025-07-31_G17,10109590SILVAA,2025-07-31,120339,2,12,21,87.0
10109590SILVAA_2025-07-31_G18,10109590SILVAA,2025-07-31,122986,1,1,0,62.0
10109590SILVAA_2025-07-31_G19,10109590SILVAA,2025-07-31,121760,3,3,14,70.0
10109590SILVAA_2025-07-31_G20,10109590SILVAA,2025-07-31,122671,1,1,0,76.0
10109590SILVAA_2025-07-31_G21,10109590SILVAA,2025-07-31,122196,1,10,0,193.0
10109590SILVAA_2025-07-31_G22,10109590SILVAA,2025-07-31,124370,1,8,0,168.0
10109590SILVAA_2025-07-31_G23,10109590SILVAA,2025-07-31,124248,1,7,0,98.0
10109590SILVAA_2025-07-31_G24,10109590SILVAA,2025-07-31,124248,1,5,0,35.0
10109590SILVAA_2025-07-31_G25,10109590SILVAA,2025-07-31,124248,1,8,0,63.0
10109590SILVAA_2025-07-31_G26,10109590SILVAA,2025-07-31,121651,2,5,13,235.0
10109590SILVAA_2025-07-31_G27,10109590SILVAA,2025-07-31,121651,1,3,0,55.0
10109590SILVAA_2025-07-31_G28,10109590SILVAA,2025-07-31,120028,1,1,0,35.0
10109590SILVAA_2025-07-31_G29,10109590SILVAA,2025-07-31,124486,2,2,8,39.0
10109590SILVAA_2025-07-31_G30,10109590SILVAA,2025-07-31,124486,2,5,23,104.0
10109590SILVAA_2025-07-31_G31,10109590SILVAA,2025-07-31,124486,1,1,0,54.0
10109590SILVAA_2025-07-31_G32,10109590SILVAA,2025-07-31,122185,1,2,0,65.0
10109590SILVAA_2025-07-31_G33,10109590SILVAA,2025-07-31,122185,1,8,0,53.0
10109590SILVAA_2025-07-31_G34,10109590SILVAA,2025-07-31,122185,1,15,0,161.0
10109590SILVAA_2025-07-31_G35,10109590SILVAA,2025-07-31,122185,1,4,0,91.0
10109590SILVAA_2025-07-31_G36,10109590SILVAA,2025-07-31,122185,1,1,0,34.0
10109590SILVAA_2025-07-31_G37,10109590SILVAA,2025-07-31,122982,1,1,0,96.0
10109590SILVAA_2025-07-31_G38,10109590SILVAA,2025-07-31,122984,1,1,0,36.0
10109590SILVAA_2025-07-31_G39,10109590SILVAA,2025-07-31,122984,1,16,0,160.0
10109590SILVAA_2025-07-31_G40,10109590SILVAA,2025-07-31,122984,1,48,0,1918.0
10109590SILVAA_2025-07-31_G41,10109590SILVAA,2025-07-31,"124371, 124475",2,2,23,775.0
10109590SILVAA_2025-07-31_G42,10109590SILVAA,2025-07-31,124433,1,2,0,84.0
10109590SILVAA_2025-07-31_G43,10109590SILVAA,2025-07-31,124594,1,16,0,579.0
10109590SILVAA_2025-07-31_G44,10109590SILVAA,2025-07-31,124594,1,10,0,231.0
10109590SILVAA_2025-07-31_G45,10109590SILVAA,2025-07-31,123345,4,10,28,119.0
10109590SILVAA_2025-07-31_G46,10109590SILVAA,2025-07-31,123343,1,1,0,281.0
10109590SILVAA_2025-07-31_G47,10109590SILVAA,2025-07-31,123908,1,2,0,1507.0
10109590SILVAA_2025-07-31_G48,10109590SILVAA,2025-07-31,123153,1,30,0,721.0
10109590SILVAA_2025-07-31_G49,10109590SILVAA,2025-07-31,123153,1,37,0,781.0
10109590SILVAA_2025-07-31_G50,10109590SILVAA,2025-07-31,124624,1,6,0,219.0
10109590SILVAA_2025-07-31_G51,10109590SILVAA,2025-07-31,122981,1,12,0,1541.0
10109590SILVAA_2025-07-31_G52,10109590SILVAA,2025-07-31,124594,1,6,0,113.0
10109590SILVAA_2025-07-31_G53,10109590SILVAA,2025-07-31,122196,1,102,0,929.0
10109590SILVAA_2025-08-04_G02,10109590SILVAA,2025-08-04,124248,1,23,0,1368.0
10109590SILVAA_2025-08-04_G03,10109590SILVAA,2025-08-04,122981,1,8,0,301.0
10109590SILVAA_2025-08-04_G04,10109590SILVAA,2025-08-04,122185,1,20,0,481.0
10109590SILVAA_2025-08-04_G05,10109590SILVAA,2025-08-04,122962,1,16,0,369.0
10109590SILVAA_2025-08-04_G06,10109590SILVAA,2025-08-04,123909,1,5,0,169.0
10109590SILVAA_2025-08-04_G07,10109590SILVAA,2025-08-04,122647,1,16,0,445.0
10109590SILVAA_2025-08-04_G08,10109590SILVAA,2025-08-04,122962,1,8,0,170.0
10109590SILVAA_2025-08-04_G09,10109590SILVAA,2025-08-04,124247,1,4,0,294.0
10109590SILVAA_2025-08-04_G10,10109590SILVAA,2025-08-04,124248,1,7,0,249.0
10109590SILVAA_2025-08-04_G11,10109590SILVAA,2025-08-04,120271,1,5,0,181.0
10109590SILVAA_2025-08-04_G12,10109590SILVAA,2025-08-04,124248,1,20,0,455.0
10109590SILVAA_2025-08-04_G13,10109590SILVAA,2025-08-04,122984,1,26,0,641.0
10109590SILVAA_2025-08-04_G14,10109590SILVAA,2025-08-04,124248,1,1,0,83.0
10109590SILVAA_2025-08-04_G15,10109590SILVAA,2025-08-04,122647,1,32,0,976.0
10109590SILVAA_2025-08-04_G16,10109590SILVAA,2025-08-04,122983,1,9,0,366.0
10109590SILVAA_2025-08-04_G17,10109590SILVAA,2025-08-04,123947,1,8,0,683.0
10109590SILVAA_2025-08-04_G18,10109590SILVAA,2025-08-04,123153,1,16,0,240.0
10109590SILVAA_2025-08-04_G19,10109590SILVAA,2025-08-04,124247,1,16,0,333.0
10109590SILVAA_2025-08-04_G20,10109590SILVAA,2025-08-04,123822,1,17,0,336.0
10109590SILVAA_2025-08-05_G02,10109590SILVAA,2025-08-05,123153,1,28,0,1064.0
10109590SILVAA_2025-08-05_G03,10109590SILVAA,2025-08-05,124370,1,64,0,1721.0
10109590SILVAA_2025-08-05_G04,10109590SILVAA,2025-08-05,121760,1,20,0,488.0
10109590SILVAA_2025-08-05_G05,10109590SILVAA,2025-08-05,122983,1,2,0,140.0
10109590SILVAA_2025-08-05_G06,10109590SILVAA,2025-08-05,124371,1,7,0,160.0
10109590SILVAA_2025-08-05_G07,10109590SILVAA,2025-08-05,124371,1,1,0,177.0
10109590SILVAA_2025-08-05_G08,10109590SILVAA,2025-08-05,124371,1,8,0,74.0
10109590SILVAA_2025-08-06_G02,10109590SILVAA,2025-08-06,123344,1,9,0,966.0
10109590SILVAA_2025-08-06_G03,10109590SILVAA,2025-08-06,121760,1,1,0,109.0
10109590SILVAA_2025-08-06_G04,10109590SILVAA,2025-08-06,121760,1,6,0,68.0
10109590SILVAA_2025-08-06_G05,10109590SILVAA,2025-08-06,124371,1,12,0,447.0
10109590SILVAA_2025-08-06_G06,10109590SILVAA,2025-08-06,124371,1,4,0,127.0
10109590SILVAA_2025-08-06_G07,10109590SILVAA,2025-08-06,124371,1,4,0,269.0
10109590SILVAA_2025-08-06_G08,10109590SILVAA,2025-08-06,124371,1,20,0,477.0
10109590SILVAA_2025-08-06_G09,10109590SILVAA,2025-08-06,124475,1,8,0,255.0
10109590SILVAA_2025-08-06_G10,10109590SILVAA,2025-08-06,123343,1,9,0,151.0
10109590SILVAA_2025-08-06_G11,10109590SILVAA,2025-08-06,123343,1,4,0,3321.0
10109590SILVAA_2025-08-06_G12,10109590SILVAA,2025-08-06,123344,1,5,0,304.0
10109590SILVAA_2025-08-06_G13,10109590SILVAA,2025-08-06,120272,1,1,0,181.0
10109590SILVAA_2025-08-06_G14,10109590SILVAA,2025-08-06,124370,1,15,0,814.0
10109590SILVAA_2025-08-06_G15,10109590SILVAA,2025-08-06,122185,1,12,0,362.0
10109590SILVAA_2025-08-06_G16,10109590SILVAA,2025-08-06,122984,1,12,0,465.0
10109590SILVAA_2025-08-06_G17,10109590SILVAA,2025-08-06,123345,1,20,0,584.0
10109590SILVAA_2025-08-06_G18,10109590SILVAA,2025-08-06,123343,1,4,0,201.0
10109590SILVAA_2025-08-06_G20,10109590SILVAA,2025-08-06,181235,1,4,0,115.0
10109590SILVAA_2025-08-06_G21,10109590SILVAA,2025-08-06,123344,1,24,0,69.0
10109590SILVAA_2025-08-06_G22,10109590SILVAA,2025-08-06,180035,1,1,0,668.0
10109590SILVAA_2025-08-06_G23,10109590SILVAA,2025-08-06,181906,1,4,0,78.0
10109590SILVAA_2025-08-06_G24,10109590SILVAA,2025-08-06,124486,1,300,0,2659.0
10109590SILVAA_2025-08-08_G02,10109590SILVAA,2025-08-08,122673,1,12,0,596.0
10109590SILVAA_2025-08-08_G03,10109590SILVAA,2025-08-08,122671,1,13,0,153.0
10109590SILVAA_2025-08-08_G04,10109590SILVAA,2025-08-08,122673,1,19,0,361.0
10109590SILVAA_2025-08-08_G05,10109590SILVAA,2025-08-08,122673,1,24,0,195.0
10109590SILVAA_2025-08-08_G06,10109590SILVAA,2025-08-08,122673,1,31,0,1125.0
10109590SILVAA_2025-08-08_G07,10109590SILVAA,2025-08-08,122673,1,4,0,390.0
10109590SILVAA_2025-08-08_G08,10109590SILVAA,2025-08-08,123492,1,2,0,169.0
10109590SILVAA_2025-08-08_G09,10109590SILVAA,2025-08-08,123822,1,70,0,802.0
10109590SILVAA_2025-08-08_G10,10109590SILVAA,2025-08-08,122673,1,2,0,1166.0
10109590SILVAA_2025-08-08_G11,10109590SILVAA,2025-08-08,123343,1,4,0,291.0
10109590SILVAA_2025-08-08_G12,10109590SILVAA,2025-08-08,122983,1,2,0,243.0
10109590SILVAA_2025-08-08_G13,10109590SILVAA,2025-08-08,124476,1,2,0,87.0
10109590SILVAA_2025-08-08_G14,10109590SILVAA,2025-08-08,124248,1,9,0,246.0
10109590SILVAA_2025-08-08_G15,10109590SILVAA,2025-08-08,121651,1,2,0,143.0
10109590SILVAA_2025-08-08_G16,10109590SILVAA,2025-08-08,124370,1,5,0,226.0
10109590SILVAA_2025-08-08_G17,10109590SILVAA,2025-08-08,123153,1,28,0,987.0
10109590SILVAA_2025-08-08_G18,10109590SILVAA,2025-08-08,122986,1,7,0,320.0
10109590SILVAA_2025-08-08_G19,10109590SILVAA,2025-08-08,121760,1,7,0,110.0
10109590SILVAA_2025-08-08_G20,10109590SILVAA,2025-08-08,123889,1,3,0,309.0
10109590SILVAA_2025-08-08_G21,10109590SILVAA,2025-08-08,121651,1,10,0,166.0
10109590SILVAA_2025-08-08_G22,10109590SILVAA,2025-08-08,122984,1,55,0,1098.0
10109590SILVAA_2025-08-08_G23,10109590SILVAA,2025-08-08,124370,1,110,0,1281.0
10109590SILVAA_2025-08-08_G25,10109590SILVAA,2025-08-08,124247,1,200,0,1982.0
10109590SILVAA_2025-08-09_G02,10109590SILVAA,2025-08-09,122962,1,24,0,3006.0
10109590SILVAA_2025-08-09_G03,10109590SILVAA,2025-08-09,123492,1,1,0,87.0
10109590SILVAA_2025-08-09_G04,10109590SILVAA,2025-08-09,120028,1,30,0,848.0
10109590SILVAA_2025-08-09_G05,10109590SILVAA,2025-08-09,114647,1,4,0,1211.0
10109590SILVAA_2025-08-09_G06,10109590SILVAA,2025-08-09,120271,1,6,0,215.0
10109590SILVAA_2025-08-09_G07,10109590SILVAA,2025-08-09,122986,1,4,0,88.0
10109590SILVAA_2025-08-09_G08,10109590SILVAA,2025-08-09,123521,1,8,0,447.0
10109590SILVAA_2025-08-09_G09,10109590SILVAA,2025-08-09,120339,1,5,0,1530.0
10109590SILVAA_2025-08-11_G02,10109590SILVAA,2025-08-11,122962,1,28,0,498.0
10109590SILVAA_2025-08-11_G03,10109590SILVAA,2025-08-11,122647,1,65,0,1191.0
10109590SILVAA_2025-08-11_G04,10109590SILVAA,2025-08-11,122647,1,4,0,111.0
10109590SILVAA_2025-08-11_G06,10109590SILVAA,2025-08-11,122962,1,12,0,274.0
10109590SILVAA_2025-08-11_G07,10109590SILVAA,2025-08-11,124486,1,26,0,706.0
10109590SILVAA_2025-08-11_G08,10109590SILVAA,2025-08-11,122673,1,50,0,783.0
10109590SILVAA_2025-08-11_G09,10109590SILVAA,2025-08-11,122671,1,11,0,97.0
10109590SILVAA_2025-08-11_G10,10109590SILVAA,2025-08-11,122962,1,8,0,242.0
10109590SILVAA_2025-08-11_G11,10109590SILVAA,2025-08-11,124624,1,4,0,131.0
10109590SILVAA_2025-08-11_G12,10109590SILVAA,2025-08-11,122988,1,2,0,675.0
10109590SILVAA_2025-08-11_G13,10109590SILVAA,2025-08-11,124248,1,8,0,194.0
10109590SILVAA_2025-08-11_G14,10109590SILVAA,2025-08-11,123822,1,38,0,759.0
10109590SILVAA_2025-08-11_G15,10109590SILVAA,2025-08-11,124624,1,2,0,78.0
10109590SILVAA_2025-08-11_G16,10109590SILVAA,2025-08-11,122647,1,8,0,177.0
10109590SILVAA_2025-08-11_G17,10109590SILVAA,2025-08-11,122984,1,16,0,125.0
10109590SILVAA_2025-08-11_G19,10109590SILVAA,2025-08-11,124475,1,6,0,85.0
10109590SILVAA_2025-08-11_G20,10109590SILVAA,2025-08-11,122962,1,16,0,317.0
10109590SILVAA_2025-08-11_G21,10109590SILVAA,2025-08-11,124247,1,6,0,142.0
10109590SILVAA_2025-08-11_G22,10109590SILVAA,2025-08-11,124370,1,4,0,200.0
10109590SILVAA_2025-08-11_G23,10109590SILVAA,2025-08-11,124370,1,2,0,110.0
10109590SILVAA_2025-08-12_G03,10109590SILVAA,2025-08-12,122962,1,24,0,317.0
10109590SILVAA_2025-08-12_G04,10109590SILVAA,2025-08-12,123345,1,24,0,398.0
10109590SILVAA_2025-08-13_G02,10109590SILVAA,2025-08-13,122967,1,50,0,967.0
10109590SILVAA_2025-08-13_G03,10109590SILVAA,2025-08-13,122673,1,20,0,651.0
10109590SILVAA_2025-08-13_G04,10109590SILVAA,2025-08-13,124486,1,16,0,289.0
10109590SILVAA_2025-08-13_G05,10109590SILVAA,2025-08-13,122962,1,8,0,66.0
10109590SILVAA_2025-08-13_G06,10109590SILVAA,2025-08-13,123822,1,17,0,255.0
10109590SILVAA_2025-08-13_G07,10109590SILVAA,2025-08-13,120028,1,3,0,101.0
10109590SILVAA_2025-08-13_G08,10109590SILVAA,2025-08-13,124475,1,2,0,99.0
10109590SILVAA_2025-08-13_G09,10109590SILVAA,2025-08-13,122647,1,7,0,167.0
10109590SILVAA_2025-08-13_G10,10109590SILVAA,2025-08-13,122671,1,4,0,65.0
10109590SILVAA_2025-08-13_G11,10109590SILVAA,2025-08-13,124248,1,5,0,108.0
10109590SILVAA_2025-08-13_G12,10109590SILVAA,2025-08-13,122671,1,4,0,63.0
10109590SILVAA_2025-08-13_G13,10109590SILVAA,2025-08-13,124486,1,6,0,109.0
10109590SILVAA_2025-08-13_G14,10109590SILVAA,2025-08-13,122671,1,32,0,302.0
10109590SILVAA_2025-08-13_G15,10109590SILVAA,2025-08-13,123909,1,10,0,116.0
10109590SILVAA_2025-08-13_G16,10109590SILVAA,2025-08-13,122962,1,110,0,1798.0
10109590SILVAA_2025-08-13_G17,10109590SILVAA,2025-08-13,122967,1,10,0,345.0
10109590SILVAA_2025-08-13_G19,10109590SILVAA,2025-08-13,124475,1,10,0,225.0
10109590SILVAA_2025-08-13_G20,10109590SILVAA,2025-08-13,124486,1,3,0,120.0
10109590SILVAA_2025-08-13_G21,10109590SILVAA,2025-08-13,124371,1,3,0,166.0
10109590SILVAA_2025-08-13_G22,10109590SILVAA,2025-08-13,124370,1,10,0,189.0
10109590SILVAA_2025-08-13_G23,10109590SILVAA,2025-08-13,123343,1,1,0,54.0
10109590SILVAA_2025-08-13_G24,10109590SILVAA,2025-08-13,122189,1,3,0,216.0
10109590SILVAA_2025-08-13_G25,10109590SILVAA,2025-08-13,120272,1,8,0,202.0
10109590SILVAA_2025-08-13_G26,10109590SILVAA,2025-08-13,123822,1,16,0,272.0
10109590SILVAA_2025-08-13_G27,10109590SILVAA,2025-08-13,122962,1,8,0,120.0
10109590SILVAA_2025-08-13_G28,10109590SILVAA,2025-08-13,123345,1,4,0,130.0
10109590SILVAA_2025-08-13_G29,10109590SILVAA,2025-08-13,123344,1,4,0,95.0
10109590SILVAA_2025-08-13_G30,10109590SILVAA,2025-08-13,120339,1,5,0,59.0
10109590SILVAA_2025-08-13_G31,10109590SILVAA,2025-08-13,124475,1,4,0,163.0
10109590SILVAA_2025-08-13_G32,10109590SILVAA,2025-08-13,121760,1,10,0,239.0
10109590SILVAA_2025-08-13_G33,10109590SILVAA,2025-08-13,124248,1,12,0,183.0
10109590SILVAA_2025-08-13_G34,10109590SILVAA,2025-08-13,124486,1,2,0,86.0
10109590SILVAA_2025-08-13_G35,10109590SILVAA,2025-08-13,122185,1,20,0,488.0
10109590SILVAA_2025-08-13_G36,10109590SILVAA,2025-08-13,121651,1,20,0,217.0
10109590SILVAA_2025-08-13_G37,10109590SILVAA,2025-08-13,124371,1,6,0,94.0
10109590SILVAA_2025-08-13_G38,10109590SILVAA,2025-08-13,124370,1,12,0,89.0
10109590SILVAA_2025-08-13_G39,10109590SILVAA,2025-08-13,124548,1,2,0,95.0
10109590SILVAA_2025-08-14_G02,10109590SILVAA,2025-08-14,120028,1,50,0,1244.0
10109590SILVAA_2025-08-14_G03,10109590SILVAA,2025-08-14,124370,1,1,0,1332.0
10109590SILVAA_2025-08-14_G04,10109590SILVAA,2025-08-14,"122703, 123343",2,2,26,171.0
10109590SILVAA_2025-08-14_G05,10109590SILVAA,2025-08-14,123909,1,4,0,146.0
10109590SILVAA_2025-08-14_G06,10109590SILVAA,2025-08-14,124486,1,8,0,75.0
10109590SILVAA_2025-08-14_G07,10109590SILVAA,2025-08-14,122982,1,4,0,79.0
10109590SILVAA_2025-08-14_G08,10109590SILVAA,2025-08-14,123822,1,4,0,85.0
10109590SILVAA_2025-08-14_G09,10109590SILVAA,2025-08-14,123521,1,2,0,105.0
10109590SILVAA_2025-08-14_G10,10109590SILVAA,2025-08-14,122986,1,4,0,109.0
10109590SILVAA_2025-08-14_G11,10109590SILVAA,2025-08-14,124248,1,6,0,116.0
10109590SILVAA_2025-08-14_G12,10109590SILVAA,2025-08-14,124486,1,11,0,66.0
10109590SILVAA_2025-08-14_G13,10109590SILVAA,2025-08-14,122962,1,18,0,218.0
10109590SILVAA_2025-08-14_G14,10109590SILVAA,2025-08-14,122982,1,3,0,144.0
10109590SILVAA_2025-08-14_G15,10109590SILVAA,2025-08-14,124370,1,6,0,44.0
10109590SILVAA_2025-08-14_G16,10109590SILVAA,2025-08-14,123345,1,3,0,119.0
10109590SILVAA_2025-08-14_G17,10109590SILVAA,2025-08-14,120028,1,30,0,1033.0
10109590SILVAA_2025-08-14_G18,10109590SILVAA,2025-08-14,122962,1,24,0,404.0
10109590SILVAA_2025-08-14_G19,10109590SILVAA,2025-08-14,123822,1,20,0,221.0
10109590SILVAA_2025-08-14_G20,10109590SILVAA,2025-08-14,124486,1,4,0,115.0
10109590SILVAA_2025-08-14_G21,10109590SILVAA,2025-08-14,122962,1,11,0,138.0
10109590SILVAA_2025-08-14_G22,10109590SILVAA,2025-08-14,122962,1,16,0,258.0
10109590SILVAA_2025-08-14_G23,10109590SILVAA,2025-08-14,121928,1,2,0,711.0
10109590SILVAA_2025-08-14_G24,10109590SILVAA,2025-08-14,122185,1,22,0,863.0
10109590SILVAA_2025-08-14_G26,10109590SILVAA,2025-08-14,124371,1,4,0,164.0
10109590SILVAA_2025-08-14_G27,10109590SILVAA,2025-08-14,124370,1,4,0,231.0
10109590SILVAA_2025-08-14_G28,10109590SILVAA,2025-08-14,120339,1,4,0,1199.0
10109590SILVAA_2025-08-14_G29,10109590SILVAA,2025-08-14,121760,1,3,0,110.0
10109590SILVAA_2025-08-14_G30,10109590SILVAA,2025-08-14,121651,1,7,0,155.0
10109590SILVAA_2025-08-14_G31,10109590SILVAA,2025-08-14,122962,1,8,0,169.0
10109590SILVAA_2025-08-14_G32,10109590SILVAA,2025-08-14,124370,1,4,0,303.0
10109590SILVAA_2025-08-14_G33,10109590SILVAA,2025-08-14,122984,1,5,0,140.0
10109590SILVAA_2025-08-14_G34,10109590SILVAA,2025-08-14,122984,1,20,0,95.0
10109590SILVAA_2025-08-14_G35,10109590SILVAA,2025-08-14,123344,1,23,0,128.0
10109590SILVAA_2025-08-14_G36,10109590SILVAA,2025-08-14,123909,1,15,0,236.0
10109590SILVAA_2025-08-14_G37,10109590SILVAA,2025-08-14,121760,1,7,0,282.0
10109590SILVAA_2025-08-14_G38,10109590SILVAA,2025-08-14,124486,1,12,0,200.0
10109590SILVAA_2025-08-14_G39,10109590SILVAA,2025-08-14,"122185, 121651",2,24,18,901.0
10109590SILVAA_2025-08-14_G40,10109590SILVAA,2025-08-14,122962,1,40,0,245.0
10109590SILVAA_2025-08-14_G41,10109590SILVAA,2025-08-14,124371,1,13,0,114.0
10109590SILVAA_2025-08-14_G42,10109590SILVAA,2025-08-14,124370,1,5,0,135.0
10109590SILVAA_2025-08-14_G43,10109590SILVAA,2025-08-14,123313,1,8,0,120.0
10109590SILVAA_2025-08-14_G44,10109590SILVAA,2025-08-14,123345,1,26,0,423.0
10109590SILVAA_2025-08-14_G45,10109590SILVAA,2025-08-14,123343,1,14,0,256.0
10109590SILVAA_2025-08-14_G46,10109590SILVAA,2025-08-14,123344,1,6,0,54.0
10109590SILVAA_2025-08-14_G47,10109590SILVAA,2025-08-14,123909,1,4,0,89.0
10109590SILVAA_2025-08-14_G48,10109590SILVAA,2025-08-14,121760,1,6,0,260.0
10109590SILVAA_2025-08-14_G49,10109590SILVAA,2025-08-14,122185,1,16,0,144.0
10109590SILVAA_2025-08-14_G50,10109590SILVAA,2025-08-14,121651,1,6,0,134.0
10109590SILVAA_2025-08-14_G51,10109590SILVAA,2025-08-14,122962,1,10,0,118.0
10109590SILVAA_2025-08-14_G52,10109590SILVAA,2025-08-14,124371,1,4,0,61.0
10109590SILVAA_2025-08-14_G53,10109590SILVAA,2025-08-14,123345,1,8,0,60.0
10109590SILVAA_2025-08-14_G54,10109590SILVAA,2025-08-14,123313,1,8,0,771.0
10109590SILVAA_2025-08-14_G55,10109590SILVAA,2025-08-14,123345,1,8,0,141.0
10109590SILVAA_2025-08-14_G56,10109590SILVAA,2025-08-14,123343,1,17,0,306.0
10109590SILVAA_2025-08-14_G57,10109590SILVAA,2025-08-14,123313,1,4,0,135.0
10109590SILVAA_2025-08-14_G58,10109590SILVAA,2025-08-14,123343,1,4,0,61.0
10109590SILVAA_2025-08-14_G59,10109590SILVAA,2025-08-14,122962,1,8,0,433.0
10109590SILVAA_2025-08-14_G60,10109590SILVAA,2025-08-14,124371,1,4,0,38.0
10109590SILVAA_2025-08-14_G61,10109590SILVAA,2025-08-14,123343,1,2,0,88.0
10109590SILVAA_2025-08-14_G62,10109590SILVAA,2025-08-14,123343,1,2,0,72.0
10109590SILVAA_2025-08-14_G63,10109590SILVAA,2025-08-14,122185,1,4,0,210.0
10109590SILVAA_2025-08-14_G64,10109590SILVAA,2025-08-14,124371,1,4,0,83.0
10109590SILVAA_2025-08-14_G65,10109590SILVAA,2025-08-14,124247,1,3,0,122.0
10109590SILVAA_2025-08-14_G66,10109590SILVAA,2025-08-14,124370,1,8,0,60.0
10109590SILVAA_2025-08-14_G67,10109590SILVAA,2025-08-14,123344,1,3,0,224.0
10109590SILVAA_2025-08-14_G68,10109590SILVAA,2025-08-14,123909,1,4,0,99.0
10109590SILVAA_2025-08-14_G69,10109590SILVAA,2025-08-14,124624,1,4,0,156.0
10109590SILVAA_2025-08-14_G70,10109590SILVAA,2025-08-14,121760,1,3,0,85.0
10109590SILVAA_2025-08-14_G71,10109590SILVAA,2025-08-14,124486,1,13,0,194.0
10109590SILVAA_2025-08-14_G72,10109590SILVAA,2025-08-14,121651,1,6,0,135.0
10109590SILVAA_2025-08-14_G73,10109590SILVAA,2025-08-14,124371,1,4,0,150.0
10109590SILVAA_2025-08-14_G74,10109590SILVAA,2025-08-14,124548,1,4,0,128.0
10109590SILVAA_2025-08-15_G02,10109590SILVAA,2025-08-15,122705,1,4,0,89.0
10109590SILVAA_2025-08-15_G03,10109590SILVAA,2025-08-15,121760,1,24,0,650.0
10109590SILVAA_2025-08-15_G04,10109590SILVAA,2025-08-15,122981,1,8,0,654.0
10109590SILVAA_2025-08-15_G05,10109590SILVAA,2025-08-15,120339,1,2,0,44.0
10109590SILVAA_2025-08-15_G06,10109590SILVAA,2025-08-15,120339,1,2,0,69.0
10109590SILVAA_2025-08-15_G07,10109590SILVAA,2025-08-15,120339,1,8,0,210.0
10109590SILVAA_2025-08-15_G08,10109590SILVAA,2025-08-15,120339,1,2,0,137.0
10109590SILVAA_2025-08-15_G09,10109590SILVAA,2025-08-15,120339,1,8,0,102.0
10109590SILVAA_2025-08-15_G10,10109590SILVAA,2025-08-15,120339,1,2,0,80.0
10109590SILVAA_2025-08-15_G11,10109590SILVAA,2025-08-15,120339,1,13,0,408.0
10109590SILVAA_2025-08-15_G12,10109590SILVAA,2025-08-15,122981,1,4,0,116.0
10109590SILVAA_2025-08-15_G13,10109590SILVAA,2025-08-15,122981,1,10,0,168.0
10109590SILVAA_2025-08-15_G14,10109590SILVAA,2025-08-15,120339,1,4,0,97.0
10109590SILVAA_2025-08-15_G15,10109590SILVAA,2025-08-15,120339,1,6,0,198.0
10109590SILVAA_2025-08-15_G16,10109590SILVAA,2025-08-15,120339,1,4,0,179.0
10109590SILVAA_2025-08-15_G17,10109590SILVAA,2025-08-15,122983,1,8,0,147.0
10109590SILVAA_2025-08-15_G18,10109590SILVAA,2025-08-15,122983,1,8,0,213.0
10109590SILVAA_2025-08-15_G19,10109590SILVAA,2025-08-15,122983,1,4,0,113.0
10109590SILVAA_2025-08-15_G20,10109590SILVAA,2025-08-15,123561,1,20,0,276.0
10109590SILVAA_2025-08-15_G21,10109590SILVAA,2025-08-15,124247,1,10,0,170.0
10109590SILVAA_2025-08-15_G22,10109590SILVAA,2025-08-15,120339,1,4,0,96.0
10109590SILVAA_2025-08-15_G23,10109590SILVAA,2025-08-15,123822,1,36,0,536.0
10109590SILVAA_2025-08-15_G24,10109590SILVAA,2025-08-15,124486,1,20,0,1624.0
10109590SILVAA_2025-08-15_G25,10109590SILVAA,2025-08-15,124624,1,6,0,63.0
10109590SILVAA_2025-08-15_G26,10109590SILVAA,2025-08-15,124247,1,3,0,86.0
10109590SILVAA_2025-08-15_G27,10109590SILVAA,2025-08-15,123343,1,24,0,876.0
10109590SILVAA_2025-08-15_G28,10109590SILVAA,2025-08-15,181057,1,3,0,1544.0
10109590SILVAA_2025-08-15_G29,10109590SILVAA,2025-08-15,181235,1,2,0,256.0
10109590SILVAA_2025-08-15_G30,10109590SILVAA,2025-08-15,123822,1,36,0,3099.0
10109590SILVAA_2025-08-15_G32,10109590SILVAA,2025-08-15,122962,1,50,0,668.0
10109590SILVAA_2025-08-15_G33,10109590SILVAA,2025-08-15,123909,1,14,0,298.0
10109590SILVAA_2025-08-15_G34,10109590SILVAA,2025-08-15,124371,1,3,0,127.0
10109590SILVAA_2025-08-15_G35,10109590SILVAA,2025-08-15,122962,1,10,0,117.0
10109590SILVAA_2025-08-15_G36,10109590SILVAA,2025-08-15,123345,1,8,0,271.0
10109590SILVAA_2025-08-15_G37,10109590SILVAA,2025-08-15,123822,1,7,0,98.0
10109590SILVAA_2025-08-15_G38,10109590SILVAA,2025-08-15,124624,1,2,0,268.0
10109590SILVAA_2025-08-15_G39,10109590SILVAA,2025-08-15,124548,1,24,0,397.0
10109590SILVAA_2025-08-16_G02,10109590SILVAA,2025-08-16,180420,1,1,0,202.0
10109590SILVAA_2025-08-16_G03,10109590SILVAA,2025-08-16,180420,1,1,0,116.0
10109590SILVAA_2025-08-16_G04,10109590SILVAA,2025-08-16,180420,2,2,18,31.0
10109590SILVAA_2025-08-16_G05,10109590SILVAA,2025-08-16,180420,7,7,101,76.0
10109590SILVAA_2025-08-16_G06,10109590SILVAA,2025-08-16,120008,1,4,0,967.0
10109590SILVAA_2025-08-16_G07,10109590SILVAA,2025-08-16,120389,1,12,0,344.0
10109590SILVAA_2025-08-16_G09,10109590SILVAA,2025-08-16,121651,1,3,0,221.0
10109590SILVAA_2025-08-16_G10,10109590SILVAA,2025-08-16,122984,1,1,0,160.0
10109590SILVAA_2025-08-16_G11,10109590SILVAA,2025-08-16,122984,1,17,0,731.0
10109590SILVAA_2025-08-16_G12,10109590SILVAA,2025-08-16,123909,1,9,0,156.0
10109590SILVAA_2025-08-16_G13,10109590SILVAA,2025-08-16,122984,1,14,0,344.0
10109590SILVAA_2025-08-16_G14,10109590SILVAA,2025-08-16,122962,1,8,0,255.0
10109590SILVAA_2025-08-16_G15,10109590SILVAA,2025-08-16,122984,1,8,0,1076.0
10109590SILVAA_2025-08-16_G16,10109590SILVAA,2025-08-16,181057,1,2,0,124.0
10109590SILVAA_2025-08-16_G17,10109590SILVAA,2025-08-16,122981,1,5,0,447.0
10109590SILVAA_2025-08-16_G18,10109590SILVAA,2025-08-16,120339,1,6,0,89.0
10109590SILVAA_2025-08-16_G19,10109590SILVAA,2025-08-16,124475,1,4,0,105.0
10109590SILVAA_2025-08-16_G20,10109590SILVAA,2025-08-16,122988,1,4,0,43.0
10109590SILVAA_2025-08-16_G21,10109590SILVAA,2025-08-16,120272,1,10,0,97.0
10109590SILVAA_2025-08-16_G22,10109590SILVAA,2025-08-16,123561,1,12,0,199.0
10109590SILVAA_2025-08-16_G23,10109590SILVAA,2025-08-16,124371,1,2,0,31.0
10109590SILVAA_2025-08-16_G24,10109590SILVAA,2025-08-16,124248,1,20,0,277.0
10109590SILVAA_2025-08-16_G25,10109590SILVAA,2025-08-16,122984,1,40,0,845.0
10109590SILVAA_2025-08-16_G26,10109590SILVAA,2025-08-16,123080,1,6,0,96.0
10109590SILVAA_2025-08-16_G27,10109590SILVAA,2025-08-16,123080,1,6,0,173.0
10109590SILVAA_2025-08-16_G28,10109590SILVAA,2025-08-16,122986,1,2,0,80.0
10109590SILVAA_2025-08-16_G29,10109590SILVAA,2025-08-16,122982,1,40,0,726.0
10109590SILVAA_2025-08-16_G31,10109590SILVAA,2025-08-16,122962,1,16,0,197.0
10109590SILVAA_2025-08-16_G32,10109590SILVAA,2025-08-16,124370,1,20,0,681.0
10109590SILVAA_2025-08-16_G33,10109590SILVAA,2025-08-16,122984,1,3,0,89.0
10109590SILVAA_2025-08-16_G34,10109590SILVAA,2025-08-16,122984,1,7,0,191.0
10109590SILVAA_2025-08-16_G35,10109590SILVAA,2025-08-16,120339,1,12,0,299.0
10109590SILVAA_2025-08-16_G36,10109590SILVAA,2025-08-16,124594,1,8,0,255.0
10109590SILVAA_2025-08-16_G37,10109590SILVAA,2025-08-16,121923,1,6,0,283.0
10109590SILVAA_2025-08-16_G38,10109590SILVAA,2025-08-16,123313,1,6,0,105.0
10109590SILVAA_2025-08-16_G39,10109590SILVAA,2025-08-16,123345,1,6,0,431.0
10109590SILVAA_2025-08-16_G40,10109590SILVAA,2025-08-16,180098,1,8,0,300.0
10109590SILVAA_2025-08-18_G02,10109590SILVAA,2025-08-18,123909,1,21,0,256.0
10109590SILVAA_2025-08-18_G03,10109590SILVAA,2025-08-18,120339,1,14,0,194.0
10109590SILVAA_2025-08-18_G04,10109590SILVAA,2025-08-18,123492,1,10,0,258.0
10109590SILVAA_2025-08-18_G05,10109590SILVAA,2025-08-18,124370,1,16,0,456.0
10109590SILVAA_2025-08-18_G06,10109590SILVAA,2025-08-18,120008,1,8,0,244.0
10109590SILVAA_2025-08-18_G07,10109590SILVAA,2025-08-18,122984,1,3,0,145.0
10109590SILVAA_2025-08-18_G08,10109590SILVAA,2025-08-18,122962,1,100,0,830.0
10109590SILVAA_2025-08-18_G09,10109590SILVAA,2025-08-18,120008,1,5,0,181.0
10109590SILVAA_2025-08-18_G11,10109590SILVAA,2025-08-18,123521,1,2,0,98.0
10109590SILVAA_2025-08-18_G12,10109590SILVAA,2025-08-18,123344,1,10,0,1406.0
10109590SILVAA_2025-08-18_G13,10109590SILVAA,2025-08-18,124475,1,4,0,79.0
10109590SILVAA_2025-08-18_G14,10109590SILVAA,2025-08-18,124371,1,8,0,220.0
10109590SILVAA_2025-08-18_G15,10109590SILVAA,2025-08-18,124370,1,4,0,107.0
10109590SILVAA_2025-08-18_G16,10109590SILVAA,2025-08-18,181057,1,5,0,410.0
10109590SILVAA_2025-08-18_G17,10109590SILVAA,2025-08-18,181056,1,3,0,106.0
10109590SILVAA_2025-08-18_G18,10109590SILVAA,2025-08-18,123345,1,4,0,93.0
10109590SILVAA_2025-08-18_G19,10109590SILVAA,2025-08-18,123343,1,6,0,138.0
10109590SILVAA_2025-08-18_G20,10109590SILVAA,2025-08-18,123344,1,50,0,230.0
10109590SILVAA_2025-08-18_G21,10109590SILVAA,2025-08-18,122196,1,3,0,59.0
10109590SILVAA_2025-08-18_G22,10109590SILVAA,2025-08-18,121760,1,17,0,617.0
10109590SILVAA_2025-08-18_G23,10109590SILVAA,2025-08-18,122185,1,30,0,392.0
10109590SILVAA_2025-08-18_G24,10109590SILVAA,2025-08-18,122982,1,100,0,781.0
10109590SILVAA_2025-08-18_G25,10109590SILVAA,2025-08-18,122962,1,11,0,54.0
10109590SILVAA_2025-08-19_G02,10109590SILVAA,2025-08-19,124264,1,32,0,1497.0
10109590SILVAA_2025-08-19_G03,10109590SILVAA,2025-08-19,122984,1,18,0,540.0
10109590SILVAA_2025-08-19_G05,10109590SILVAA,2025-08-19,120272,1,8,0,271.0
10109590SILVAA_2025-08-19_G06,10109590SILVAA,2025-08-19,120389,1,9,0,126.0
10109590SILVAA_2025-08-19_G07,10109590SILVAA,2025-08-19,123492,1,1,0,43.0
10109590SILVAA_2025-08-19_G08,10109590SILVAA,2025-08-19,121760,1,50,0,963.0
10109590SILVAA_2025-08-19_G09,10109590SILVAA,2025-08-19,124370,1,10,0,371.0
10109590SILVAA_2025-08-19_G10,10109590SILVAA,2025-08-19,122962,1,50,0,436.0
10109590SILVAA_2025-08-19_G11,10109590SILVAA,2025-08-19,123889,1,8,0,580.0
10109590SILVAA_2025-08-20_G02,10109590SILVAA,2025-08-20,122673,1,10,0,2170.0
10109590SILVAA_2025-08-20_G03,10109590SILVAA,2025-08-20,123344,1,4,0,332.0
10109590SILVAA_2025-08-20_G04,10109590SILVAA,2025-08-20,121760,1,2,0,70.0
10109590SILVAA_2025-08-20_G05,10109590SILVAA,2025-08-20,122984,1,4,0,111.0
10109590SILVAA_2025-08-20_G06,10109590SILVAA,2025-08-20,124247,1,2,0,101.0
10109590SILVAA_2025-08-20_G07,10109590SILVAA,2025-08-20,123345,1,1,0,422.0
10109590SILVAA_2025-08-20_G08,10109590SILVAA,2025-08-20,124477,1,4,0,2023.0
10109590SILVAA_2025-08-20_G09,10109590SILVAA,2025-08-20,123344,1,12,0,199.0
10109590SILVAA_2025-08-20_G10,10109590SILVAA,2025-08-20,123153,1,4,0,206.0
10109590SILVAA_2025-08-20_G11,10109590SILVAA,2025-08-20,123909,1,3,0,72.0
10109590SILVAA_2025-08-20_G12,10109590SILVAA,2025-08-20,122984,1,4,0,114.0
10109590SILVAA_2025-08-20_G13,10109590SILVAA,2025-08-20,124247,1,7,0,132.0
10109590SILVAA_2025-08-20_G14,10109590SILVAA,2025-08-20,123345,1,4,0,65.0
10109590SILVAA_2025-08-20_G15,10109590SILVAA,2025-08-20,180420,1,2,0,565.0
10109590SILVAA_2025-08-20_G16,10109590SILVAA,2025-08-20,120008,1,4,0,205.0
10109590SILVAA_2025-08-20_G17,10109590SILVAA,2025-08-20,123909,1,2,0,213.0
10109590SILVAA_2025-08-20_G18,10109590SILVAA,2025-08-20,122962,1,14,0,185.0
10109590SILVAA_2025-08-20_G19,10109590SILVAA,2025-08-20,120008,1,2,0,75.0
10109590SILVAA_2025-08-20_G20,10109590SILVAA,2025-08-20,121760,1,2,0,71.0
10109590SILVAA_2025-08-20_G21,10109590SILVAA,2025-08-20,120389,1,12,0,179.0
10109590SILVAA_2025-08-20_G22,10109590SILVAA,2025-08-20,122673,1,26,0,251.0
10109590SILVAA_2025-08-20_G23,10109590SILVAA,2025-08-20,123909,1,50,0,2170.0
10109590SILVAA_2025-08-20_G24,10109590SILVAA,2025-08-20,120028,1,24,0,612.0
10109590SILVAA_2025-08-20_G25,10109590SILVAA,2025-08-20,120028,1,10,0,236.0
10109590SILVAA_2025-08-20_G26,10109590SILVAA,2025-08-20,124247,1,12,0,120.0
10109590SILVAA_2025-08-20_G27,10109590SILVAA,2025-08-20,120028,1,50,0,987.0
10109590SILVAA_2025-08-20_G28,10109590SILVAA,2025-08-20,122962,1,8,0,122.0
10109590SILVAA_2025-08-20_G29,10109590SILVAA,2025-08-20,123909,1,6,0,88.0
10109590SILVAA_2025-08-20_G30,10109590SILVAA,2025-08-20,124247,1,8,0,54.0
10109590SILVAA_2025-08-20_G31,10109590SILVAA,2025-08-20,123822,1,34,0,472.0
10109590SILVAA_2025-08-20_G32,10109590SILVAA,2025-08-20,123822,1,34,0,315.0
10109590SILVAA_2025-08-20_G33,10109590SILVAA,2025-08-20,123909,1,14,0,212.0
10109590SILVAA_2025-08-20_G36,10109590SILVAA,2025-08-20,122984,1,12,0,323.0
10109590SILVAA_2025-08-21_G02,10109590SILVAA,2025-08-21,122673,1,14,0,495.0
10109590SILVAA_2025-08-21_G03,10109590SILVAA,2025-08-21,122962,1,20,0,180.0
10109590SILVAA_2025-08-21_G04,10109590SILVAA,2025-08-21,122962,1,50,0,350.0
10109590SILVAA_2025-08-21_G05,10109590SILVAA,2025-08-21,122673,1,20,0,280.0
10109590SILVAA_2025-08-21_G06,10109590SILVAA,2025-08-21,122185,1,10,0,300.0
10109590SILVAA_2025-08-21_G07,10109590SILVAA,2025-08-21,122671,1,8,0,767.0
10109590SILVAA_2025-08-21_G08,10109590SILVAA,2025-08-21,122982,1,5,0,259.0
10109590SILVAA_2025-08-21_G09,10109590SILVAA,2025-08-21,123344,1,4,0,224.0
10109590SILVAA_2025-08-21_G10,10109590SILVAA,2025-08-21,181056,1,2,0,773.0
10109590SILVAA_2025-08-21_G12,10109590SILVAA,2025-08-21,124486,1,50,0,920.0
10109590SILVAA_2025-08-21_G13,10109590SILVAA,2025-08-21,122984,1,12,0,382.0
10109590SILVAA_2025-08-21_G14,10109590SILVAA,2025-08-21,123313,1,11,0,255.0
10109590SILVAA_2025-08-21_G15,10109590SILVAA,2025-08-21,122986,1,20,0,1120.0
10109590SILVAA_2025-08-21_G16,10109590SILVAA,2025-08-21,122962,1,32,0,279.0
10109590SILVAA_2025-08-21_G17,10109590SILVAA,2025-08-21,"122671, 124486",2,13,26,155.0
10109590SILVAA_2025-08-21_G18,10109590SILVAA,2025-08-21,122962,1,2,0,84.0
10109590SILVAA_2025-08-21_G19,10109590SILVAA,2025-08-21,120028,1,30,0,360.0
10109590SILVAA_2025-08-21_G20,10109590SILVAA,2025-08-21,122962,1,8,0,95.0
10109590SILVAA_2025-08-21_G21,10109590SILVAA,2025-08-21,122673,1,2,0,74.0
10109590SILVAA_2025-08-21_G22,10109590SILVAA,2025-08-21,123909,1,2,0,57.0
10109590SILVAA_2025-08-21_G23,10109590SILVAA,2025-08-21,123822,1,10,0,142.0
10109590SILVAA_2025-08-21_G24,10109590SILVAA,2025-08-21,120028,1,6,0,109.0
10109590SILVAA_2025-08-21_G25,10109590SILVAA,2025-08-21,120389,1,6,0,265.0
10109590SILVAA_2025-08-21_G26,10109590SILVAA,2025-08-21,122962,1,4,0,48.0
10109590SILVAA_2025-08-21_G27,10109590SILVAA,2025-08-21,124486,1,12,0,179.0
10109590SILVAA_2025-08-21_G28,10109590SILVAA,2025-08-21,121760,1,4,0,119.0
10109590SILVAA_2025-08-21_G29,10109590SILVAA,2025-08-21,123343,1,4,0,141.0
10109590SILVAA_2025-08-21_G30,10109590SILVAA,2025-08-21,123344,1,22,0,283.0
10109590SILVAA_2025-08-21_G31,10109590SILVAA,2025-08-21,122673,1,20,0,296.0
10109590SILVAA_2025-08-21_G32,10109590SILVAA,2025-08-21,124486,1,40,0,260.0
10109590SILVAA_2025-08-22_G02,10109590SILVAA,2025-08-22,120339,1,6,0,375.0
10109590SILVAA_2025-08-22_G03,10109590SILVAA,2025-08-22,124475,1,20,0,617.0
10109590SILVAA_2025-08-22_G04,10109590SILVAA,2025-08-22,121760,1,12,0,440.0
10109590SILVAA_2025-08-22_G05,10109590SILVAA,2025-08-22,124371,1,16,0,545.0
10109590SILVAA_2025-08-22_G06,10109590SILVAA,2025-08-22,122185,1,10,0,230.0
10109590SILVAA_2025-08-22_G07,10109590SILVAA,2025-08-22,121651,1,20,0,418.0
10109590SILVAA_2025-08-22_G08,10109590SILVAA,2025-08-22,122984,1,8,0,368.0
10109590SILVAA_2025-08-22_G09,10109590SILVAA,2025-08-22,124370,1,20,0,549.0
10109590SILVAA_2025-08-22_G10,10109590SILVAA,2025-08-22,123313,1,5,0,100.0
10109590SILVAA_2025-08-22_G11,10109590SILVAA,2025-08-22,123345,1,5,0,156.0
10109590SILVAA_2025-08-22_G12,10109590SILVAA,2025-08-22,180073,1,6,0,756.0
10109590SILVAA_2025-08-22_G13,10109590SILVAA,2025-08-22,122195,1,18,0,247.0
10109590SILVAA_2025-08-22_G14,10109590SILVAA,2025-08-22,122195,1,4,0,94.0
10109590SILVAA_2025-08-22_G15,10109590SILVAA,2025-08-22,120272,1,16,0,301.0
10109590SILVAA_2025-08-22_G16,10109590SILVAA,2025-08-22,122986,1,18,0,484.0
10109590SILVAA_2025-08-22_G17,10109590SILVAA,2025-08-22,122982,1,18,0,225.0
10109590SILVAA_2025-08-22_G18,10109590SILVAA,2025-08-22,122982,1,20,0,226.0
10109590SILVAA_2025-08-22_G19,10109590SILVAA,2025-08-22,124486,1,39,0,600.0
10109590SILVAA_2025-08-22_G20,10109590SILVAA,2025-08-22,124548,1,13,0,114.0
10109590SILVAA_2025-08-22_G21,10109590SILVAA,2025-08-22,180024,1,4,0,325.0
10109590SILVAA_2025-08-23_G02,10109590SILVAA,2025-08-23,122983,1,14,0,241.0
10109590SILVAA_2025-08-25_G02,10109590SILVAA,2025-08-25,122962,1,16,0,196.0
10109590SILVAA_2025-08-25_G03,10109590SILVAA,2025-08-25,123345,1,2,0,524.0
10109590SILVAA_2025-08-25_G04,10109590SILVAA,2025-08-25,122983,1,8,0,186.0
10109590SILVAA_2025-08-25_G05,10109590SILVAA,2025-08-25,122671,1,6,0,423.0
10109590SILVAA_2025-08-25_G07,10109590SILVAA,2025-08-25,122962,1,250,0,2121.0
10109590SILVAA_2025-08-27_G02,10109590SILVAA,2025-08-27,123560,1,8,0,475.0
10109590SILVAA_2025-08-27_G03,10109590SILVAA,2025-08-27,124475,1,12,0,303.0
10109590SILVAA_2025-08-27_G04,10109590SILVAA,2025-08-27,124486,1,20,0,267.0
10109590SILVAA_2025-08-27_G05,10109590SILVAA,2025-08-27,121760,1,30,0,991.0
10109590SILVAA_2025-08-27_G06,10109590SILVAA,2025-08-27,121651,1,16,0,542.0
10109590SILVAA_2025-08-27_G07,10109590SILVAA,2025-08-27,122986,1,4,0,87.0
10109590SILVAA_2025-08-27_G08,10109590SILVAA,2025-08-27,123344,1,12,0,306.0
10109590SILVAA_2025-08-27_G09,10109590SILVAA,2025-08-27,124247,1,6,0,265.0
10109590SILVAA_2025-08-27_G10,10109590SILVAA,2025-08-27,123562,1,4,0,929.0
10109590SILVAA_2025-08-27_G11,10109590SILVAA,2025-08-27,123313,1,4,0,182.0
10109590SILVAA_2025-08-27_G12,10109590SILVAA,2025-08-27,121651,1,10,0,1378.0
10109590SILVAA_2025-08-27_G13,10109590SILVAA,2025-08-27,124371,1,1,0,120.0
10109590SILVAA_2025-08-27_G14,10109590SILVAA,2025-08-27,121651,1,3,0,127.0
10109590SILVAA_2025-08-27_G15,10109590SILVAA,2025-08-27,123344,1,4,0,195.0
10109590SILVAA_2025-08-27_G16,10109590SILVAA,2025-08-27,123343,1,2,0,121.0
10109590SILVAA_2025-08-27_G17,10109590SILVAA,2025-08-27,123521,1,6,0,176.0
10109590SILVAA_2025-08-27_G18,10109590SILVAA,2025-08-27,124486,1,4,0,137.0
10109590SILVAA_2025-08-27_G19,10109590SILVAA,2025-08-27,123343,1,4,0,117.0
10109590SILVAA_2025-08-27_G20,10109590SILVAA,2025-08-27,123345,1,6,0,259.0
10109590SILVAA_2025-08-27_G21,10109590SILVAA,2025-08-27,121760,1,8,0,200.0
10109590SILVAA_2025-08-27_G22,10109590SILVAA,2025-08-27,124476,1,17,0,1365.0
10109590SILVAA_2025-08-27_G23,10109590SILVAA,2025-08-27,122962,1,160,0,2020.0
10109590SILVAA_2025-08-27_G24,10109590SILVAA,2025-08-27,124486,1,40,0,598.0
10109590SILVAA_2025-08-27_G25,10109590SILVAA,2025-08-27,123081,1,13,0,282.0
10109590SILVAA_2025-08-27_G26,10109590SILVAA,2025-08-27,124476,1,2,0,140.0
10109590SILVAA_2025-08-27_G29,10109590SILVAA,2025-08-27,124247,1,6,0,246.0
10109590SILVAA_2025-08-27_G30,10109590SILVAA,2025-08-27,124370,1,4,0,485.0
10109590SILVAA_2025-08-27_G31,10109590SILVAA,2025-08-27,121760,1,8,0,330.0
10109590SILVAA_2025-08-27_G32,10109590SILVAA,2025-08-27,122185,1,24,0,671.0
10109590SILVAA_2025-08-27_G33,10109590SILVAA,2025-08-27,122703,1,2,0,105.0
10109590SILVAA_2025-08-27_G34,10109590SILVAA,2025-08-27,120389,1,4,0,785.0
10109590SILVAA_2025-08-27_G35,10109590SILVAA,2025-08-27,121651,1,2,0,334.0
10109590SILVAA_2025-08-27_G36,10109590SILVAA,2025-08-27,123344,2,4,26,227.0
10109590SILVAA_2025-08-27_G37,10109590SILVAA,2025-08-27,123313,1,4,0,165.0
10109590SILVAA_2025-08-27_G38,10109590SILVAA,2025-08-27,122962,1,11,0,224.0
10109590SILVAA_2025-08-27_G39,10109590SILVAA,2025-08-27,122189,1,8,0,134.0
10109590SILVAA_2025-08-27_G40,10109590SILVAA,2025-08-27,122196,1,27,0,342.0
10109590SILVAA_2025-08-27_G41,10109590SILVAA,2025-08-27,121651,1,30,0,806.0
10109590SILVAA_2025-08-27_G42,10109590SILVAA,2025-08-27,122982,1,11,0,116.0
10109590SILVAA_2025-08-27_G43,10109590SILVAA,2025-08-27,122982,1,20,0,300.0
10109590SILVAA_2025-08-27_G44,10109590SILVAA,2025-08-27,123344,1,2,0,161.0
10109590SILVAA_2025-08-28_G02,10109590SILVAA,2025-08-28,123909,1,14,0,357.0
10109590SILVAA_2025-08-28_G03,10109590SILVAA,2025-08-28,121760,1,4,0,237.0
10109590SILVAA_2025-08-28_G04,10109590SILVAA,2025-08-28,121651,1,8,0,220.0
10109590SILVAA_2025-08-28_G05,10109590SILVAA,2025-08-28,124475,1,5,0,93.0
10109590SILVAA_2025-08-28_G06,10109590SILVAA,2025-08-28,124370,1,14,0,1412.0
10109590SILVAA_2025-08-28_G07,10109590SILVAA,2025-08-28,120271,1,4,0,67.0
10109590SILVAA_2025-08-28_G08,10109590SILVAA,2025-08-28,121760,1,6,0,358.0
10109590SILVAA_2025-08-28_G09,10109590SILVAA,2025-08-28,124475,1,12,0,399.0
10109590SILVAA_2025-08-28_G10,10109590SILVAA,2025-08-28,123344,1,11,0,441.0
10109590SILVAA_2025-08-28_G11,10109590SILVAA,2025-08-28,124370,1,12,0,374.0
10109590SILVAA_2025-08-28_G12,10109590SILVAA,2025-08-28,123909,1,4,0,117.0
10109590SILVAA_2025-08-28_G13,10109590SILVAA,2025-08-28,124624,1,4,0,169.0
10109590SILVAA_2025-08-28_G14,10109590SILVAA,2025-08-28,121651,1,5,0,165.0
10109590SILVAA_2025-08-28_G15,10109590SILVAA,2025-08-28,124475,1,4,0,92.0
10109590SILVAA_2025-08-28_G16,10109590SILVAA,2025-08-28,123344,1,4,0,181.0
10109590SILVAA_2025-08-28_G17,10109590SILVAA,2025-08-28,123345,1,5,0,1277.0
10109590SILVAA_2025-08-28_G18,10109590SILVAA,2025-08-28,124476,1,7,0,519.0
10109590SILVAA_2025-08-28_G19,10109590SILVAA,2025-08-28,124486,1,40,0,1584.0
10109590SILVAA_2025-08-28_G20,10109590SILVAA,2025-08-28,123153,1,20,0,392.0
10109590SILVAA_2025-08-28_G21,10109590SILVAA,2025-08-28,123081,1,5,0,409.0
10109590SILVAA_2025-08-28_G22,10109590SILVAA,2025-08-28,123081,1,10,0,202.0
10109590SILVAA_2025-08-28_G23,10109590SILVAA,2025-08-28,122962,1,6,0,156.0
10109590SILVAA_2025-08-28_G24,10109590SILVAA,2025-08-28,124486,1,30,0,1066.0
10109590SILVAA_2025-08-28_G25,10109590SILVAA,2025-08-28,121651,1,12,0,283.0
10109590SILVAA_2025-08-28_G26,10109590SILVAA,2025-08-28,122703,1,16,0,331.0
10109590SILVAA_2025-08-28_G27,10109590SILVAA,2025-08-28,123153,1,8,0,192.0
10109590SILVAA_2025-08-28_G28,10109590SILVAA,2025-08-28,122962,1,30,0,570.0
10109590SILVAA_2025-08-28_G29,10109590SILVAA,2025-08-28,122981,1,6,0,197.0
10109590SILVAA_2025-08-28_G30,10109590SILVAA,2025-08-28,122962,1,70,0,1280.0
10109590SILVAA_2025-08-29_G02,10109590SILVAA,2025-08-29,123909,1,14,0,292.0
10109590SILVAA_2025-08-29_G03,10109590SILVAA,2025-08-29,122962,1,12,0,268.0
10109590SILVAA_2025-08-29_G04,10109590SILVAA,2025-08-29,124371,1,8,0,140.0
10109590SILVAA_2025-08-29_G05,10109590SILVAA,2025-08-29,121760,1,12,0,215.0
10109590SILVAA_2025-08-29_G06,10109590SILVAA,2025-08-29,121651,1,24,0,382.0
10109590SILVAA_2025-08-29_G07,10109590SILVAA,2025-08-29,124475,1,8,0,144.0
10109590SILVAA_2025-08-29_G08,10109590SILVAA,2025-08-29,122703,1,4,0,64.0
10109590SILVAA_2025-08-29_G09,10109590SILVAA,2025-08-29,120321,1,2,0,260.0
10109590SILVAA_2025-08-29_G10,10109590SILVAA,2025-08-29,120321,1,14,0,891.0
10109590SILVAA_2025-08-29_G11,10109590SILVAA,2025-08-29,123313,1,4,0,47.0
10109590SILVAA_2025-08-29_G12,10109590SILVAA,2025-08-29,124476,2,13,9,84.0
10109590SILVAA_2025-08-30_G03,10109590SILVAA,2025-08-30,122988,1,12,0,762.0
10109590SILVAA_2025-08-30_G04,10109590SILVAA,2025-08-30,123081,1,4,0,137.0
10109590SILVAA_2025-08-30_G05,10109590SILVAA,2025-08-30,123521,1,2,0,85.0
10109590SILVAA_2025-08-30_G06,10109590SILVAA,2025-08-30,124371,1,8,0,393.0
10109590SILVAA_2025-08-30_G07,10109590SILVAA,2025-08-30,121651,1,30,0,788.0
10109590SILVAA_2025-08-30_G08,10109590SILVAA,2025-08-30,123344,1,4,0,223.0
10109590SILVAA_2025-08-30_G09,10109590SILVAA,2025-08-30,122703,1,12,0,354.0
10109590SILVAA_2025-08-30_G10,10109590SILVAA,2025-08-30,122703,1,4,0,187.0
10109590SILVAA_2025-08-30_G11,10109590SILVAA,2025-08-30,122981,1,9,0,115.0
10109590SILVAA_2025-08-30_G12,10109590SILVAA,2025-08-30,122647,1,12,0,723.0
10109590SILVAA_2025-08-30_G13,10109590SILVAA,2025-08-30,122986,1,14,0,577.0
10109590SILVAA_2025-08-30_G14,10109590SILVAA,2025-08-30,124486,1,8,0,152.0
10109590SILVAA_2025-08-30_G15,10109590SILVAA,2025-08-30,121651,1,10,0,184.0
10109590SILVAA_2025-08-30_G16,10109590SILVAA,2025-08-30,124486,1,6,0,238.0
10109590SILVAA_2025-08-30_G17,10109590SILVAA,2025-08-30,121651,1,16,0,396.0
10109590SILVAA_2025-08-30_G19,10109590SILVAA,2025-08-30,124370,1,15,0,458.0
10109590SILVAA_2025-08-30_G20,10109590SILVAA,2025-08-30,122962,1,52,0,581.0
10109590SILVAA_2025-08-30_G21,10109590SILVAA,2025-08-30,122988,1,2,0,76.0
10109590SILVAA_2025-08-30_G22,10109590SILVAA,2025-08-30,120028,1,20,0,525.0
10109590SILVAA_2025-09-02_G02,10109590SILVAA,2025-09-02,122983,1,12,0,233.0
10109590SILVAA_2025-09-02_G03,10109590SILVAA,2025-09-02,124248,1,12,0,396.0
10109590SILVAA_2025-09-02_G04,10109590SILVAA,2025-09-02,122984,1,12,0,261.0
10109590SILVAA_2025-09-02_G05,10109590SILVAA,2025-09-02,124247,1,18,0,408.0
10109590SILVAA_2025-09-02_G06,10109590SILVAA,2025-09-02,120008,1,14,0,441.0
10109590SILVAA_2025-09-02_G07,10109590SILVAA,2025-09-02,123520,1,4,0,196.0
10109590SILVAA_2025-09-02_G08,10109590SILVAA,2025-09-02,124264,1,40,0,564.0
10109590SILVAA_2025-09-02_G09,10109590SILVAA,2025-09-02,123947,1,20,0,367.0
10109590SILVAA_2025-09-02_G10,10109590SILVAA,2025-09-02,122673,1,18,0,292.0
10109590SILVAA_2025-09-08_G02,10109590SILVAA,2025-09-08,122984,1,12,0,171.0
10109590SILVAA_2025-09-08_G03,10109590SILVAA,2025-09-08,124548,1,10,0,362.0
10109590SILVAA_2025-09-08_G04,10109590SILVAA,2025-09-08,124248,1,30,0,390.0
10109590SILVAA_2025-09-08_G05,10109590SILVAA,2025-09-08,124248,1,14,0,216.0
10109590SILVAA_2025-09-08_G06,10109590SILVAA,2025-09-08,124486,1,32,0,297.0
10109590SILVAA_2025-09-08_G07,10109590SILVAA,2025-09-08,122962,1,24,0,1791.0
10109590SILVAA_2025-09-08_G08,10109590SILVAA,2025-09-08,123909,1,24,0,366.0
10109590SILVAA_2025-09-08_G09,10109590SILVAA,2025-09-08,120028,1,12,0,293.0
10109590SILVAA_2025-09-08_G10,10109590SILVAA,2025-09-08,123343,1,24,0,543.0
10109590SILVAA_2025-09-08_G11,10109590SILVAA,2025-09-08,122647,1,20,0,349.0
10109590SILVAA_2025-09-08_G12,10109590SILVAA,2025-09-08,122962,1,24,0,400.0
10109590SILVAA_2025-09-08_G13,10109590SILVAA,2025-09-08,124248,1,30,0,515.0
10109590SILVAA_2025-09-09_G02,10109590SILVAA,2025-09-09,122673,1,51,0,430.0
10109590SILVAA_2025-09-09_G03,10109590SILVAA,2025-09-09,122984,1,120,0,2057.0
10109590SILVAA_2025-09-09_G06,10109590SILVAA,2025-09-09,122983,1,10,0,322.0
10109590SILVAA_2025-09-09_G07,10109590SILVAA,2025-09-09,123521,1,90,0,1812.0
10109590SILVAA_2025-09-09_G08,10109590SILVAA,2025-09-09,124624,1,70,0,487.0
10109590SILVAA_2025-09-09_G09,10109590SILVAA,2025-09-09,122703,1,40,0,337.0
10109590SILVAA_2025-09-09_G10,10109590SILVAA,2025-09-09,124433,1,100,0,909.0
10109590SILVAA_2025-09-10_G02,10109590SILVAA,2025-09-10,122984,1,11,0,257.0
10109590SILVAA_2025-09-10_G03,10109590SILVAA,2025-09-10,122962,1,32,0,447.0
10109590SILVAA_2025-09-10_G04,10109590SILVAA,2025-09-10,123080,1,64,0,1208.0
10109590SILVAA_2025-09-10_G05,10109590SILVAA,2025-09-10,124548,1,16,0,507.0
10109590SILVAA_2025-09-10_G06,10109590SILVAA,2025-09-10,122962,1,1,0,3158.0
10109590SILVAA_2025-09-10_G07,10109590SILVAA,2025-09-10,124248,1,8,0,385.0
10109590SILVAA_2025-09-10_G08,10109590SILVAA,2025-09-10,122984,1,8,0,257.0
10109590SILVAA_2025-09-10_G09,10109590SILVAA,2025-09-10,123909,1,4,0,685.0
10109590SILVAA_2025-09-10_G10,10109590SILVAA,2025-09-10,121760,1,21,0,372.0
10109590SILVAA_2025-09-10_G11,10109590SILVAA,2025-09-10,122703,1,2,0,33.0
10109590SILVAA_2025-09-10_G12,10109590SILVAA,2025-09-10,124370,1,24,0,609.0
10109590SILVAA_2025-09-10_G13,10109590SILVAA,2025-09-10,121651,1,20,0,402.0
10109590SILVAA_2025-09-10_G14,10109590SILVAA,2025-09-10,123313,1,4,0,189.0
10109590SILVAA_2025-09-10_G15,10109590SILVAA,2025-09-10,122189,1,4,0,124.0
10109590SILVAA_2025-09-10_G16,10109590SILVAA,2025-09-10,124248,1,10,0,176.0
10109590SILVAA_2025-09-10_G17,10109590SILVAA,2025-09-10,122196,1,8,0,251.0
10109590SILVAA_2025-09-10_G18,10109590SILVAA,2025-09-10,122984,1,48,0,842.0
10109590SILVAA_2025-09-10_G19,10109590SILVAA,2025-09-10,124476,1,8,0,282.0
10109590SILVAA_2025-09-10_G20,10109590SILVAA,2025-09-10,122671,1,4,0,931.0
10109590SILVAA_2025-09-10_G21,10109590SILVAA,2025-09-10,121651,1,20,0,654.0
10109590SILVAA_2025-09-10_G22,10109590SILVAA,2025-09-10,122962,1,16,0,229.0
10109590SILVAA_2025-09-10_G23,10109590SILVAA,2025-09-10,121760,1,29,0,414.0
10109590SILVAA_2025-09-10_G24,10109590SILVAA,2025-09-10,124486,1,4,0,148.0
10109590SILVAA_2025-09-10_G25,10109590SILVAA,2025-09-10,122185,1,30,0,310.0
10109590SILVAA_2025-09-10_G26,10109590SILVAA,2025-09-10,"122983, 123909",2,5,25,66.0
10109590SILVAA_2025-09-10_G27,10109590SILVAA,2025-09-10,123344,1,24,0,553.0
10109590SILVAA_2025-09-10_G28,10109590SILVAA,2025-09-10,124371,1,12,0,371.0
10109590SILVAA_2025-09-10_G29,10109590SILVAA,2025-09-10,123521,1,2,0,56.0
10109590SILVAA_2025-09-10_G30,10109590SILVAA,2025-09-10,121651,1,4,0,97.0
10109590SILVAA_2025-09-10_G31,10109590SILVAA,2025-09-10,122984,1,21,0,362.0
10109590SILVAA_2025-09-10_G32,10109590SILVAA,2025-09-10,121760,1,5,0,153.0
10109590SILVAA_2025-09-10_G33,10109590SILVAA,2025-09-10,124370,1,5,0,138.0
10109590SILVAA_2025-09-10_G35,10109590SILVAA,2025-09-10,122983,1,12,0,190.0
10109590SILVAA_2025-09-10_G36,10109590SILVAA,2025-09-10,123345,1,4,0,45.0
10109590SILVAA_2025-09-10_G37,10109590SILVAA,2025-09-10,123343,1,4,0,162.0
10109590SILVAA_2025-09-10_G38,10109590SILVAA,2025-09-10,123909,1,4,0,245.0
10109590SILVAA_2025-09-10_G39,10109590SILVAA,2025-09-10,120339,1,6,0,113.0
10109590SILVAA_2025-09-10_G40,10109590SILVAA,2025-09-10,122185,1,28,0,346.0
10109590SILVAA_2025-09-10_G41,10109590SILVAA,2025-09-10,123909,1,3,0,202.0
10109590SILVAA_2025-09-10_G42,10109590SILVAA,2025-09-10,124371,1,7,0,114.0
10109590SILVAA_2025-09-10_G43,10109590SILVAA,2025-09-10,121651,1,4,0,188.0
10109590SILVAA_2025-09-10_G44,10109590SILVAA,2025-09-10,122984,1,4,0,116.0
10109590SILVAA_2025-09-10_G45,10109590SILVAA,2025-09-10,122962,1,14,0,199.0
10109590SILVAA_2025-09-10_G46,10109590SILVAA,2025-09-10,122185,1,11,0,125.0
10109590SILVAA_2025-09-10_G47,10109590SILVAA,2025-09-10,123344,1,4,0,52.0
10109590SILVAA_2025-09-10_G48,10109590SILVAA,2025-09-10,123345,1,3,0,150.0
10109590SILVAA_2025-09-10_G49,10109590SILVAA,2025-09-10,124476,3,16,52,202.0
10109590SILVAA_2025-09-11_G02,10109590SILVAA,2025-09-11,122647,1,26,0,336.0
10109590SILVAA_2025-09-11_G03,10109590SILVAA,2025-09-11,123822,1,35,0,364.0
10109590SILVAA_2025-09-11_G04,10109590SILVAA,2025-09-11,123822,1,26,0,317.0
10109590SILVAA_2025-09-11_G05,10109590SILVAA,2025-09-11,124247,1,1,0,234.0
10109590SILVAA_2025-09-11_G06,10109590SILVAA,2025-09-11,123345,1,2,0,103.0
10109590SILVAA_2025-09-11_G07,10109590SILVAA,2025-09-11,123343,1,3,0,85.0
10109590SILVAA_2025-09-11_G08,10109590SILVAA,2025-09-11,120028,1,34,0,469.0
10109590SILVAA_2025-09-11_G09,10109590SILVAA,2025-09-11,122962,1,52,0,541.0
10109590SILVAA_2025-09-11_G10,10109590SILVAA,2025-09-11,122671,1,2,0,2522.0
10109590SILVAA_2025-09-11_G11,10109590SILVAA,2025-09-11,123909,1,2,0,46.0
10109590SILVAA_2025-09-11_G12,10109590SILVAA,2025-09-11,123153,1,2,0,61.0
10109590SILVAA_2025-09-11_G13,10109590SILVAA,2025-09-11,124371,1,2,0,77.0
10109590SILVAA_2025-09-11_G14,10109590SILVAA,2025-09-11,121651,1,2,0,129.0
10109590SILVAA_2025-09-11_G15,10109590SILVAA,2025-09-11,121760,1,2,0,56.0
10109590SILVAA_2025-09-11_G16,10109590SILVAA,2025-09-11,122962,1,2,0,42.0
10109590SILVAA_2025-09-11_G17,10109590SILVAA,2025-09-11,124370,1,2,0,103.0
10109590SILVAA_2025-09-11_G18,10109590SILVAA,2025-09-11,123344,1,2,0,76.0
10109590SILVAA_2025-09-12_G02,10109590SILVAA,2025-09-12,124248,1,35,0,474.0
10109590SILVAA_2025-09-12_G03,10109590SILVAA,2025-09-12,122984,1,45,0,1094.0
10109590SILVAA_2025-09-12_G04,10109590SILVAA,2025-09-12,120008,1,50,0,3349.0
10109590SILVAA_2025-09-12_G05,10109590SILVAA,2025-09-12,123081,1,25,0,305.0
10109590SILVAA_2025-09-12_G06,10109590SILVAA,2025-09-12,122981,1,8,0,106.0
10109590SILVAA_2025-09-12_G07,10109590SILVAA,2025-09-12,123080,1,8,0,90.0
10109590SILVAA_2025-09-12_G08,10109590SILVAA,2025-09-12,124370,1,50,0,2934.0
10109590SILVAA_2025-09-12_G09,10109590SILVAA,2025-09-12,123909,1,22,0,165.0
10109590SILVAA_2025-09-12_G10,10109590SILVAA,2025-09-12,124371,1,22,0,264.0
10109590SILVAA_2025-09-12_G11,10109590SILVAA,2025-09-12,124476,1,6,0,69.0
10109590SILVAA_2025-09-12_G12,10109590SILVAA,2025-09-12,123153,1,28,0,238.0
10109590SILVAA_2025-09-12_G13,10109590SILVAA,2025-09-12,121651,1,8,0,62.0
10109590SILVAA_2025-09-12_G14,10109590SILVAA,2025-09-12,121760,1,12,0,225.0
10109590SILVAA_2025-09-12_G15,10109590SILVAA,2025-09-12,124486,1,24,0,197.0
10109590SILVAA_2025-09-12_G16,10109590SILVAA,2025-09-12,122703,1,6,0,63.0
10109590SILVAA_2025-09-12_G17,10109590SILVAA,2025-09-12,122962,1,100,0,548.0
10109590SILVAA_2025-09-13_G02,10109590SILVAA,2025-09-13,123080,1,10,0,172.0
10109590SILVAA_2025-09-13_G03,10109590SILVAA,2025-09-13,"124370, 121760, 122962, 123344",4,16,49,61.0
10109590SILVAA_2025-09-13_G04,10109590SILVAA,2025-09-13,124486,1,10,0,742.0
10109590SILVAA_2025-09-13_G05,10109590SILVAA,2025-09-13,122962,1,4,0,31.0
10109590SILVAA_2025-09-13_G06,10109590SILVAA,2025-09-13,"121760, 122962",3,15,31,157.0
10109590SILVAA_2025-09-13_G07,10109590SILVAA,2025-09-13,123909,1,1,0,119.0
10109590SILVAA_2025-09-13_G08,10109590SILVAA,2025-09-13,123909,1,1,0,98.0
10109590SILVAA_2025-09-13_G09,10109590SILVAA,2025-09-13,121651,1,4,0,275.0
10109590SILVAA_2025-09-13_G10,10109590SILVAA,2025-09-13,122962,1,14,0,191.0
10109590SILVAA_2025-09-13_G11,10109590SILVAA,2025-09-13,122984,1,4,0,61.0
10109590SILVAA_2025-09-13_G12,10109590SILVAA,2025-09-13,"123909, 123344",2,5,21,38.0
10109590SILVAA_2025-09-13_G13,10109590SILVAA,2025-09-13,123345,1,3,0,144.0
10109590SILVAA_2025-09-13_G14,10109590SILVAA,2025-09-13,122189,1,48,0,313.0
10109590SILVAA_2025-09-13_G15,10109590SILVAA,2025-09-13,122673,1,10,0,199.0
10109590SILVAA_2025-09-13_G16,10109590SILVAA,2025-09-13,124370,1,14,0,502.0
10109590SILVAA_2025-09-13_G17,10109590SILVAA,2025-09-13,120339,1,6,0,128.0
10109590SILVAA_2025-09-13_G18,10109590SILVAA,2025-09-13,121651,1,6,0,61.0
10109590SILVAA_2025-09-13_G19,10109590SILVAA,2025-09-13,124371,1,8,0,261.0
10109590SILVAA_2025-09-13_G20,10109590SILVAA,2025-09-13,124248,1,4,0,81.0
10109590SILVAA_2025-09-13_G21,10109590SILVAA,2025-09-13,121760,1,4,0,122.0
10109590SILVAA_2025-09-13_G22,10109590SILVAA,2025-09-13,122185,1,8,0,449.0
10109590SILVAA_2025-09-13_G23,10109590SILVAA,2025-09-13,122185,1,24,0,449.0
10109590SILVAA_2025-09-13_G24,10109590SILVAA,2025-09-13,122185,1,12,0,57.0
10109590SILVAA_2025-09-13_G25,10109590SILVAA,2025-09-13,122185,1,8,0,205.0
10109590SILVAA_2025-09-13_G26,10109590SILVAA,2025-09-13,122185,1,11,0,40.0
10109590SILVAA_2025-09-15_G02,10109590SILVAA,2025-09-15,123521,1,3,0,129.0
10109590SILVAA_2025-09-15_G03,10109590SILVAA,2025-09-15,124548,1,8,0,148.0
10109590SILVAA_2025-09-15_G04,10109590SILVAA,2025-09-15,120272,1,8,0,296.0
10109590SILVAA_2025-09-15_G05,10109590SILVAA,2025-09-15,123080,1,4,0,119.0
10109590SILVAA_2025-09-15_G06,10109590SILVAA,2025-09-15,124247,1,6,0,316.0
10109590SILVAA_2025-09-15_G07,10109590SILVAA,2025-09-15,122983,1,4,0,83.0
10109590SILVAA_2025-09-15_G08,10109590SILVAA,2025-09-15,120028,1,60,0,1522.0
10109590SILVAA_2025-09-15_G09,10109590SILVAA,2025-09-15,122185,1,40,0,2346.0
10109590SILVAA_2025-09-15_G10,10109590SILVAA,2025-09-15,121307,1,14,0,167.0
10109590SILVAA_2025-09-15_G11,10109590SILVAA,2025-09-15,121307,1,13,0,156.0
10109590SILVAA_2025-09-15_G12,10109590SILVAA,2025-09-15,124370,1,8,0,3338.0
10109590SILVAA_2025-09-15_G13,10109590SILVAA,2025-09-15,124371,1,6,0,135.0
10109590SILVAA_2025-09-15_G14,10109590SILVAA,2025-09-15,122673,1,115,0,1364.0
10109590SILVAA_2025-09-15_G15,10109590SILVAA,2025-09-15,122703,1,11,0,166.0
10109590SILVAA_2025-09-15_G16,10109590SILVAA,2025-09-15,122984,1,5,0,53.0
10109590SILVAA_2025-09-15_G17,10109590SILVAA,2025-09-15,123345,1,50,0,116.0
10109590SILVAA_2025-09-16_G02,10109590SILVAA,2025-09-16,122962,1,12,0,207.0
10109590SILVAA_2025-09-16_G03,10109590SILVAA,2025-09-16,123822,1,100,0,1412.0
10109590SILVAA_2025-09-16_G04,10109590SILVAA,2025-09-16,124370,1,2,0,2635.0
10109590SILVAA_2025-09-16_G05,10109590SILVAA,2025-09-16,124371,1,4,0,102.0
10109590SILVAA_2025-09-16_G06,10109590SILVAA,2025-09-16,122962,1,1,0,287.0
10109590SILVAA_2025-09-16_G07,10109590SILVAA,2025-09-16,123153,1,20,0,270.0
10109590SILVAA_2025-09-16_G08,10109590SILVAA,2025-09-16,122962,1,2,0,76.0
10109590SILVAA_2025-09-16_G09,10109590SILVAA,2025-09-16,123343,1,13,0,391.0
10109590SILVAA_2025-09-16_G10,10109590SILVAA,2025-09-16,121760,1,2,0,382.0
10109590SILVAA_2025-09-16_G11,10109590SILVAA,2025-09-16,121651,1,2,0,66.0
10109590SILVAA_2025-09-16_G12,10109590SILVAA,2025-09-16,122647,1,14,0,435.0
10109590SILVAA_2025-09-16_G13,10109590SILVAA,2025-09-16,123345,1,18,0,316.0
10109590SILVAA_2025-09-16_G14,10109590SILVAA,2025-09-16,123909,1,6,0,138.0
10109590SILVAA_2025-09-16_G15,10109590SILVAA,2025-09-16,120028,1,40,0,757.0
10109590SILVAA_2025-09-16_G16,10109590SILVAA,2025-09-16,124486,1,20,0,389.0
10109590SILVAA_2025-09-16_G17,10109590SILVAA,2025-09-16,120028,1,30,0,648.0
10109590SILVAA_2025-09-16_G18,10109590SILVAA,2025-09-16,122962,1,8,0,225.0
10109590SILVAA_2025-09-16_G19,10109590SILVAA,2025-09-16,122962,1,8,0,200.0
10109590SILVAA_2025-09-16_G21,10109590SILVAA,2025-09-16,123909,1,10,0,337.0
10109590SILVAA_2025-09-16_G22,10109590SILVAA,2025-09-16,124371,1,20,0,397.0
10109590SILVAA_2025-09-16_G23,10109590SILVAA,2025-09-16,121760,1,10,0,204.0
10109590SILVAA_2025-09-16_G24,10109590SILVAA,2025-09-16,124624,1,6,0,118.0
10109590SILVAA_2025-09-16_G25,10109590SILVAA,2025-09-16,122673,1,8,0,124.0
10109590SILVAA_2025-09-16_G26,10109590SILVAA,2025-09-16,121651,1,10,0,259.0
10109590SILVAA_2025-09-16_G27,10109590SILVAA,2025-09-16,124486,1,20,0,281.0
10109590SILVAA_2025-09-16_G28,10109590SILVAA,2025-09-16,121923,1,2,0,62.0
10109590SILVAA_2025-09-16_G29,10109590SILVAA,2025-09-16,122984,1,40,0,733.0
10109590SILVAA_2025-09-16_G30,10109590SILVAA,2025-09-16,123344,1,40,0,934.0
10109590SILVAA_2025-09-16_G31,10109590SILVAA,2025-09-16,123345,1,20,0,198.0
10109590SILVAA_2025-09-16_G32,10109590SILVAA,2025-09-16,123313,1,4,0,44.0
10109590SILVAA_2025-09-16_G33,10109590SILVAA,2025-09-16,124371,1,8,0,1175.0
10109590SILVAA_2025-09-16_G34,10109590SILVAA,2025-09-16,123344,1,22,0,492.0
10109590SILVAA_2025-09-16_G35,10109590SILVAA,2025-09-16,123344,1,17,0,226.0
10109590SILVAA_2025-09-17_G02,10109590SILVAA,2025-09-17,124370,1,6,0,351.0
10109590SILVAA_2025-09-17_G03,10109590SILVAA,2025-09-17,122962,1,4,0,219.0
10109590SILVAA_2025-09-17_G04,10109590SILVAA,2025-09-17,124486,1,3,0,144.0
10109590SILVAA_2025-09-17_G05,10109590SILVAA,2025-09-17,123343,1,16,0,470.0
10109590SILVAA_2025-09-17_G06,10109590SILVAA,2025-09-17,122962,1,16,0,1135.0
10109590SILVAA_2025-09-17_G07,10109590SILVAA,2025-09-17,124486,1,5,0,186.0
10109590SILVAA_2025-09-17_G08,10109590SILVAA,2025-09-17,124486,1,10,0,243.0
10109590SILVAA_2025-09-17_G09,10109590SILVAA,2025-09-17,124475,1,22,0,1070.0
10109590SILVAA_2025-09-17_G10,10109590SILVAA,2025-09-17,121760,1,2,0,71.0
10109590SILVAA_2025-09-17_G11,10109590SILVAA,2025-09-17,123909,1,4,0,237.0
10109590SILVAA_2025-09-17_G12,10109590SILVAA,2025-09-17,122962,1,4,0,143.0
10109590SILVAA_2025-09-17_G13,10109590SILVAA,2025-09-17,124486,1,4,0,110.0
10109590SILVAA_2025-09-17_G14,10109590SILVAA,2025-09-17,120028,1,6,0,241.0
10109590SILVAA_2025-09-17_G15,10109590SILVAA,2025-09-17,122982,1,6,0,203.0
10109590SILVAA_2025-09-17_G16,10109590SILVAA,2025-09-17,180024,1,12,0,1053.0
10109590SILVAA_2025-09-17_G17,10109590SILVAA,2025-09-17,123909,1,2,0,92.0
10109590SILVAA_2025-09-17_G18,10109590SILVAA,2025-09-17,122647,1,4,0,62.0
10109590SILVAA_2025-09-17_G19,10109590SILVAA,2025-09-17,124476,1,4,0,79.0
10109590SILVAA_2025-09-17_G20,10109590SILVAA,2025-09-17,121760,1,4,0,121.0
10109590SILVAA_2025-09-17_G21,10109590SILVAA,2025-09-17,122673,1,8,0,211.0
10109590SILVAA_2025-09-17_G22,10109590SILVAA,2025-09-17,121651,1,2,0,81.0
10109590SILVAA_2025-09-17_G23,10109590SILVAA,2025-09-17,122703,1,2,0,65.0
10109590SILVAA_2025-09-17_G24,10109590SILVAA,2025-09-17,123345,1,2,0,83.0
10109590SILVAA_2025-09-17_G25,10109590SILVAA,2025-09-17,123343,1,9,0,77.0
10109590SILVAA_2025-09-17_G26,10109590SILVAA,2025-09-17,181235,1,2,0,495.0
10109590SILVAA_2025-09-17_G27,10109590SILVAA,2025-09-17,124371,1,6,0,40.0
10109590SILVAA_2025-09-17_G28,10109590SILVAA,2025-09-17,121923,1,1,0,56.0
10109590SILVAA_2025-09-17_G29,10109590SILVAA,2025-09-17,124475,1,1,0,52.0
10109590SILVAA_2025-09-17_G30,10109590SILVAA,2025-09-17,122671,1,4,0,221.0
10109590SILVAA_2025-09-18_G02,10109590SILVAA,2025-09-18,181057,1,2,0,153.0
10109590SILVAA_2025-09-18_G03,10109590SILVAA,2025-09-18,122962,1,56,0,570.0
10109590SILVAA_2025-09-18_G04,10109590SILVAA,2025-09-18,122962,1,40,0,222.0
10109590SILVAA_2025-09-18_G06,10109590SILVAA,2025-09-18,123909,1,6,0,106.0
10109590SILVAA_2025-09-18_G07,10109590SILVAA,2025-09-18,122962,1,4,0,109.0
10109590SILVAA_2025-09-18_G08,10109590SILVAA,2025-09-18,"122647, 122962",2,41,21,395.0
10109590SILVAA_2025-09-18_G09,10109590SILVAA,2025-09-18,124486,1,30,0,320.0
10109590SILVAA_2025-09-19_G02,10109590SILVAA,2025-09-19,124486,1,50,0,950.0
10109590SILVAA_2025-09-19_G03,10109590SILVAA,2025-09-19,122983,1,21,0,338.0
10109590SILVAA_2025-09-19_G04,10109590SILVAA,2025-09-19,123345,1,14,0,310.0
10109590SILVAA_2025-09-20_G02,10109590SILVAA,2025-09-20,122986,1,40,0,686.0
10109590SILVAA_2025-09-20_G03,10109590SILVAA,2025-09-20,122673,1,6,0,156.0
10109590SILVAA_2025-09-20_G04,10109590SILVAA,2025-09-20,122962,1,20,0,180.0
10109590SILVAA_2025-09-20_G05,10109590SILVAA,2025-09-20,124486,1,1,0,114.0
10109590SILVAA_2025-09-20_G06,10109590SILVAA,2025-09-20,122962,1,40,0,415.0
10109590SILVAA_2025-09-20_G07,10109590SILVAA,2025-09-20,124370,1,2,0,75.0
10109590SILVAA_2025-09-20_G08,10109590SILVAA,2025-09-20,121928,1,6,0,109.0
10109590SILVAA_2025-09-20_G09,10109590SILVAA,2025-09-20,120028,1,10,0,61.0
10109590SILVAA_2025-09-20_G10,10109590SILVAA,2025-09-20,124475,1,8,0,2410.0
10109590SILVAA_2025-09-20_G11,10109590SILVAA,2025-09-20,123153,1,30,0,384.0
10109590SILVAA_2025-09-20_G12,10109590SILVAA,2025-09-20,123153,1,10,0,110.0
10109590SILVAA_2025-09-20_G13,10109590SILVAA,2025-09-20,122673,1,10,0,231.0
10109590SILVAA_2025-09-20_G14,10109590SILVAA,2025-09-20,123153,1,4,0,146.0
10109590SILVAA_2025-09-20_G15,10109590SILVAA,2025-09-20,123343,1,6,0,148.0
10109590SILVAA_2025-09-20_G16,10109590SILVAA,2025-09-20,124475,1,7,0,758.0
10109590SILVAA_2025-09-20_G17,10109590SILVAA,2025-09-20,181056,1,11,0,720.0
10109590SILVAA_2025-09-20_G18,10109590SILVAA,2025-09-20,124511,1,20,0,1783.0
10109590SILVAA_2025-09-20_G19,10109590SILVAA,2025-09-20,120339,1,2,0,136.0
10109590SILVAA_2025-09-20_G20,10109590SILVAA,2025-09-20,123521,1,4,0,122.0
10109590SILVAA_2025-09-20_G21,10109590SILVAA,2025-09-20,121651,1,10,0,337.0
10109590SILVAA_2025-09-20_G22,10109590SILVAA,2025-09-20,124371,1,6,0,183.0
10109590SILVAA_2025-09-20_G23,10109590SILVAA,2025-09-20,122962,1,14,0,499.0
10109590SILVAA_2025-09-20_G24,10109590SILVAA,2025-09-20,123344,1,12,0,299.0
10109590SILVAA_2025-09-20_G25,10109590SILVAA,2025-09-20,181235,1,4,0,1033.0
10109590SILVAA_2025-09-20_G27,10109590SILVAA,2025-09-20,122673,1,4,0,472.0
10109590SILVAA_2025-09-20_G28,10109590SILVAA,2025-09-20,123343,1,6,0,232.0
10109590SILVAA_2025-09-20_G29,10109590SILVAA,2025-09-20,124486,1,20,0,612.0
10109590SILVAA_2025-09-20_G30,10109590SILVAA,2025-09-20,123889,1,10,0,855.0
10109590SILVAA_2025-09-20_G31,10109590SILVAA,2025-09-20,123345,1,4,0,73.0
10109590SILVAA_2025-09-20_G32,10109590SILVAA,2025-09-20,121760,1,3,0,200.0
10109590SILVAA_2025-09-20_G33,10109590SILVAA,2025-09-20,124264,1,4,0,156.0
10109590SILVAA_2025-09-20_G34,10109590SILVAA,2025-09-20,122647,1,6,0,213.0
10109590SILVAA_2025-09-20_G35,10109590SILVAA,2025-09-20,122673,1,6,0,243.0
10109590SILVAA_2025-09-20_G36,10109590SILVAA,2025-09-20,124624,1,2,0,304.0
10109590SILVAA_2025-09-20_G37,10109590SILVAA,2025-09-20,123313,1,4,0,196.0
10109590SILVAA_2025-09-20_G38,10109590SILVAA,2025-09-20,124586,1,34,0,538.0
10109590SILVAA_2025-09-20_G39,10109590SILVAA,2025-09-20,123153,1,23,0,673.0
10109590SILVAA_2025-09-20_G40,10109590SILVAA,2025-09-20,122647,1,10,0,248.0
10109590SILVAA_2025-09-20_G41,10109590SILVAA,2025-09-20,124548,1,90,0,2195.0
10109590SILVAA_2025-09-22_G02,10109590SILVAA,2025-09-22,124475,1,10,0,160.0
10109590SILVAA_2025-09-22_G03,10109590SILVAA,2025-09-22,120389,1,6,0,142.0
10109590SILVAA_2025-09-22_G04,10109590SILVAA,2025-09-22,122984,1,60,0,1574.0
10109590SILVAA_2025-09-22_G05,10109590SILVAA,2025-09-22,122983,1,8,0,235.0
10109590SILVAA_2025-09-22_G06,10109590SILVAA,2025-09-22,122673,1,20,0,613.0
10109590SILVAA_2025-09-22_G07,10109590SILVAA,2025-09-22,122647,1,10,0,235.0
10109590SILVAA_2025-09-22_G08,10109590SILVAA,2025-09-22,122647,1,160,0,1869.0
10109590SILVAA_2025-09-22_G09,10109590SILVAA,2025-09-22,124486,1,50,0,793.0
10109590SILVAA_2025-09-22_G10,10109590SILVAA,2025-09-22,122962,1,50,0,793.0
10109590SILVAA_2025-09-22_G11,10109590SILVAA,2025-09-22,123345,1,10,0,954.0
10109590SILVAA_2025-09-22_G12,10109590SILVAA,2025-09-22,122962,1,20,0,357.0
10109590SILVAA_2025-09-22_G13,10109590SILVAA,2025-09-22,124248,1,10,0,128.0
10109590SILVAA_2025-09-22_G14,10109590SILVAA,2025-09-22,124475,1,29,0,619.0
10109590SILVAA_2025-09-22_G15,10109590SILVAA,2025-09-22,120389,1,8,0,115.0
10109590SILVAA_2025-09-22_G16,10109590SILVAA,2025-09-22,122984,1,13,0,301.0
10109590SILVAA_2025-09-23_G02,10109590SILVAA,2025-09-23,122983,1,16,0,357.0
10109590SILVAA_2025-09-23_G03,10109590SILVAA,2025-09-23,122647,1,10,0,1254.0
10109590SILVAA_2025-09-23_G04,10109590SILVAA,2025-09-23,124264,1,10,0,209.0
10109590SILVAA_2025-09-24_G02,10109590SILVAA,2025-09-24,124486,1,2,0,842.0
10109590SILVAA_2025-09-24_G03,10109590SILVAA,2025-09-24,122671,1,20,0,1115.0
10109590SILVAA_2025-09-24_G04,10109590SILVAA,2025-09-24,124475,1,4,0,278.0
10109590SILVAA_2025-09-24_G05,10109590SILVAA,2025-09-24,124248,1,12,0,312.0
10109590SILVAA_2025-09-24_G06,10109590SILVAA,2025-09-24,122962,1,20,0,257.0
10109590SILVAA_2025-09-24_G07,10109590SILVAA,2025-09-24,122962,1,52,0,847.0
10109590SILVAA_2025-09-24_G08,10109590SILVAA,2025-09-24,122984,1,8,0,343.0
10109590SILVAA_2025-09-24_G09,10109590SILVAA,2025-09-24,124370,1,4,0,37.0
10109590SILVAA_2025-09-24_G10,10109590SILVAA,2025-09-24,181887,1,8,0,392.0
10109590SILVAA_2025-09-24_G11,10109590SILVAA,2025-09-24,181887,1,8,0,256.0
10109590SILVAA_2025-09-24_G12,10109590SILVAA,2025-09-24,123345,1,8,0,762.0
10109590SILVAA_2025-09-24_G13,10109590SILVAA,2025-09-24,124477,1,3,0,352.0
10109590SILVAA_2025-09-24_G14,10109590SILVAA,2025-09-24,124476,1,2,0,584.0
10109590SILVAA_2025-09-24_G15,10109590SILVAA,2025-09-24,121760,1,2,0,234.0
10109590SILVAA_2025-09-24_G16,10109590SILVAA,2025-09-24,121651,1,4,0,90.0
10109590SILVAA_2025-09-24_G17,10109590SILVAA,2025-09-24,124475,1,4,0,1230.0
10109590SILVAA_2025-09-24_G18,10109590SILVAA,2025-09-24,124370,1,4,0,87.0
10109590SILVAA_2025-09-24_G19,10109590SILVAA,2025-09-24,"123344, 123345, 123343",3,11,43,49.0
10109590SILVAA_2025-09-24_G20,10109590SILVAA,2025-09-24,123345,1,4,0,122.0
10109590SILVAA_2025-09-24_G21,10109590SILVAA,2025-09-24,122647,1,2,0,69.0
10109590SILVAA_2025-09-24_G22,10109590SILVAA,2025-09-24,122962,1,8,0,96.0
10109590SILVAA_2025-09-24_G23,10109590SILVAA,2025-09-24,124486,1,8,0,82.0
10109590SILVAA_2025-09-24_G24,10109590SILVAA,2025-09-24,123343,1,2,0,54.0
10109590SILVAA_2025-09-24_G25,10109590SILVAA,2025-09-24,122673,1,4,0,33.0
10109590SILVAA_2025-09-24_G26,10109590SILVAA,2025-09-24,122647,1,30,0,340.0
10109590SILVAA_2025-09-24_G27,10109590SILVAA,2025-09-24,124486,1,1,0,61.0
10109590SILVAA_2025-09-24_G28,10109590SILVAA,2025-09-24,124624,1,4,0,113.0
10109590SILVAA_2025-09-24_G30,10109590SILVAA,2025-09-24,122962,1,50,0,851.0
10109590SILVAA_2025-09-24_G31,10109590SILVAA,2025-09-24,122983,1,12,0,237.0
10109590SILVAA_2025-09-24_G32,10109590SILVAA,2025-09-24,122982,1,8,0,202.0
10109590SILVAA_2025-09-24_G33,10109590SILVAA,2025-09-24,123313,1,4,0,79.0
10109590SILVAA_2025-09-25_G02,10109590SILVAA,2025-09-25,123822,1,6,0,162.0
10109590SILVAA_2025-09-25_G03,10109590SILVAA,2025-09-25,124624,1,2,0,87.0
10109590SILVAA_2025-09-25_G04,10109590SILVAA,2025-09-25,124548,1,10,0,132.0
10109590SILVAA_2025-09-25_G05,10109590SILVAA,2025-09-25,120271,1,4,0,147.0
10109590SILVAA_2025-09-25_G06,10109590SILVAA,2025-09-25,124247,1,8,0,160.0
10109590SILVAA_2025-09-25_G07,10109590SILVAA,2025-09-25,"123153, 124486",2,14,14,37.0
10109590SILVAA_2025-09-25_G08,10109590SILVAA,2025-09-25,122962,1,24,0,362.0
10109590SILVAA_2025-09-25_G09,10109590SILVAA,2025-09-25,120028,1,20,0,148.0
10109590SILVAA_2025-09-25_G10,10109590SILVAA,2025-09-25,122962,1,20,0,310.0
10109590SILVAA_2025-09-25_G11,10109590SILVAA,2025-09-25,122962,1,1,0,45.0
10109590SILVAA_2025-09-25_G12,10109590SILVAA,2025-09-25,124486,1,30,0,280.0
10109590SILVAA_2025-09-25_G13,10109590SILVAA,2025-09-25,122984,1,1,0,79.0
10109590SILVAA_2025-09-25_G14,10109590SILVAA,2025-09-25,122982,1,14,0,163.0
10109590SILVAA_2025-09-25_G15,10109590SILVAA,2025-09-25,122982,1,12,0,134.0
10109590SILVAA_2025-09-25_G16,10109590SILVAA,2025-09-25,122673,1,20,0,225.0
10109590SILVAA_2025-09-25_G17,10109590SILVAA,2025-09-25,122962,1,12,0,303.0
10109590SILVAA_2025-09-25_G18,10109590SILVAA,2025-09-25,120028,1,10,0,86.0
10109590SILVAA_2025-09-25_G20,10109590SILVAA,2025-09-25,123492,1,2,0,163.0
10109590SILVAA_2025-09-25_G21,10109590SILVAA,2025-09-25,123492,1,1,0,181.0
10109590SILVAA_2025-09-25_G22,10109590SILVAA,2025-09-25,123492,1,1,0,34.0
10109590SILVAA_2025-09-25_G23,10109590SILVAA,2025-09-25,181235,1,4,0,988.0
10109590SILVAA_2025-09-25_G24,10109590SILVAA,2025-09-25,122671,1,5,0,311.0
10109590SILVAA_2025-09-25_G25,10109590SILVAA,2025-09-25,123909,1,10,0,214.0
10109590SILVAA_2025-09-25_G26,10109590SILVAA,2025-09-25,123909,1,10,0,59.0
10109590SILVAA_2025-09-25_G27,10109590SILVAA,2025-09-25,121760,1,20,0,647.0
10109590SILVAA_2025-09-26_G02,10109590SILVAA,2025-09-26,124248,1,20,0,1217.0
10109590SILVAA_2025-09-26_G03,10109590SILVAA,2025-09-26,124248,1,24,0,329.0
10109590SILVAA_2025-09-26_G04,10109590SILVAA,2025-09-26,122962,1,50,0,609.0
10109590SILVAA_2025-09-26_G05,10109590SILVAA,2025-09-26,122984,1,80,0,1370.0
10109590SILVAA_2025-09-26_G06,10109590SILVAA,2025-09-26,120028,1,60,0,787.0
10109590SILVAA_2025-09-26_G07,10109590SILVAA,2025-09-26,122962,1,50,0,490.0
10109590SILVAA_2025-09-26_G08,10109590SILVAA,2025-09-26,120339,1,12,0,2263.0
10109590SILVAA_2025-09-26_G09,10109590SILVAA,2025-09-26,124248,1,6,0,172.0
10109590SILVAA_2025-09-26_G10,10109590SILVAA,2025-09-26,122982,1,8,0,159.0
10109590SILVAA_2025-09-26_G11,10109590SILVAA,2025-09-26,122984,1,8,0,258.0
10109590SILVAA_2025-09-26_G12,10109590SILVAA,2025-09-26,122185,1,4,0,127.0
10109590SILVAA_2025-09-26_G13,10109590SILVAA,2025-09-26,123345,1,9,0,394.0
10109590SILVAA_2025-09-26_G14,10109590SILVAA,2025-09-26,123343,1,10,0,257.0
10109590SILVAA_2025-09-26_G15,10109590SILVAA,2025-09-26,122647,1,12,0,363.0
10109590SILVAA_2025-09-26_G16,10109590SILVAA,2025-09-26,122984,1,16,0,469.0
10109590SILVAA_2025-09-26_G17,10109590SILVAA,2025-09-26,122962,1,2,0,179.0
10109590SILVAA_2025-09-26_G18,10109590SILVAA,2025-09-26,120339,1,6,0,288.0
10109590SILVAA_2025-09-26_G19,10109590SILVAA,2025-09-26,124475,1,6,0,140.0
10109590SILVAA_2025-09-26_G20,10109590SILVAA,2025-09-26,124371,1,8,0,60.0
10109590SILVAA_2025-09-26_G21,10109590SILVAA,2025-09-26,123313,1,8,0,611.0
10109590SILVAA_2025-09-26_G22,10109590SILVAA,2025-09-26,120339,1,2,0,206.0
10109590SILVAA_2025-09-26_G23,10109590SILVAA,2025-09-26,120339,2,6,18,269.0
10109590SILVAA_2025-09-26_G25,10109590SILVAA,2025-09-26,124248,1,12,0,254.0
10109590SILVAA_2025-09-26_G26,10109590SILVAA,2025-09-26,124247,1,15,0,266.0
10109590SILVAA_2025-09-26_G27,10109590SILVAA,2025-09-26,122984,1,34,0,810.0
10109590SILVAA_2025-09-26_G28,10109590SILVAA,2025-09-26,122189,1,5,0,182.0
10109590SILVAA_2025-09-26_G29,10109590SILVAA,2025-09-26,123345,1,12,0,398.0
10109590SILVAA_2025-09-26_G30,10109590SILVAA,2025-09-26,121923,1,2,0,155.0
10109590SILVAA_2025-09-26_G31,10109590SILVAA,2025-09-26,123909,1,4,0,293.0
10109590SILVAA_2025-09-26_G32,10109590SILVAA,2025-09-26,122647,1,42,0,778.0
10109590SILVAA_2025-09-26_G33,10109590SILVAA,2025-09-26,124486,1,150,0,2931.0
10109590SILVAA_2025-09-26_G34,10109590SILVAA,2025-09-26,124486,1,150,0,1225.0
10109590SILVAA_2025-09-27_G02,10109590SILVAA,2025-09-27,122673,1,3,0,92.0
10109590SILVAA_2025-09-27_G03,10109590SILVAA,2025-09-27,123909,1,3,0,62.0
10109590SILVAA_2025-09-27_G04,10109590SILVAA,2025-09-27,122647,1,20,0,541.0
10109590SILVAA_2025-09-27_G05,10109590SILVAA,2025-09-27,"122962, 124486",2,123,29,2417.0
10109590SILVAA_2025-09-27_G07,10109590SILVAA,2025-09-27,124370,1,22,0,1023.0
10109590SILVAA_2025-09-29_G02,10109590SILVAA,2025-09-29,122984,1,4,0,84.0
10109590SILVAA_2025-09-29_G03,10109590SILVAA,2025-09-29,124476,1,10,0,247.0
10109590SILVAA_2025-09-29_G04,10109590SILVAA,2025-09-29,121760,1,10,0,458.0
10109590SILVAA_2025-09-29_G05,10109590SILVAA,2025-09-29,123345,1,12,0,284.0
10109590SILVAA_2025-09-29_G06,10109590SILVAA,2025-09-29,121760,1,10,0,208.0
10109590SILVAA_2025-09-29_G07,10109590SILVAA,2025-09-29,124475,1,8,0,139.0
10109590SILVAA_2025-09-29_G08,10109590SILVAA,2025-09-29,123343,1,4,0,99.0
10109590SILVAA_2025-09-29_G10,10109590SILVAA,2025-09-29,124433,1,4,0,185.0
10109590SILVAA_2025-09-29_G11,10109590SILVAA,2025-09-29,122988,1,6,0,76.0
10109590SILVAA_2025-09-29_G12,10109590SILVAA,2025-09-29,122962,1,24,0,373.0
10109590SILVAA_2025-09-29_G13,10109590SILVAA,2025-09-29,124370,1,8,0,311.0
10109590SILVAA_2025-09-29_G14,10109590SILVAA,2025-09-29,123909,1,17,0,382.0
10109590SILVAA_2025-09-29_G15,10109590SILVAA,2025-09-29,122962,1,28,0,298.0
10109590SILVAA_2025-09-29_G16,10109590SILVAA,2025-09-29,124486,1,37,0,634.0
10109590SILVAA_2025-09-29_G17,10109590SILVAA,2025-09-29,122967,1,34,0,350.0
10109590SILVAA_2025-09-29_G18,10109590SILVAA,2025-09-29,123343,1,6,0,85.0
10109590SILVAA_2025-09-29_G19,10109590SILVAA,2025-09-29,124371,1,72,0,1087.0
10109590SILVAA_2025-09-29_G20,10109590SILVAA,2025-09-29,122968,1,30,0,2395.0
10109590SILVAA_2025-09-29_G21,10109590SILVAA,2025-09-29,124248,1,15,0,141.0
10109590SILVAA_2025-09-29_G22,10109590SILVAA,2025-09-29,122982,1,7,0,140.0
10109590SILVAA_2025-09-29_G23,10109590SILVAA,2025-09-29,124247,1,2,0,43.0
10109590SILVAA_2025-09-29_G24,10109590SILVAA,2025-09-29,124475,1,25,0,450.0
10109590SILVAA_2025-09-29_G25,10109590SILVAA,2025-09-29,124486,1,60,0,1212.0
10109590SILVAA_2025-09-29_G26,10109590SILVAA,2025-09-29,122983,1,8,0,820.0
10109590SILVAA_2025-09-29_G27,10109590SILVAA,2025-09-29,123313,1,4,0,359.0
10109590SILVAA_2025-09-29_G28,10109590SILVAA,2025-09-29,120272,1,10,0,580.0
10109590SILVAA_2025-09-29_G29,10109590SILVAA,2025-09-29,124477,1,12,0,846.0
10109590SILVAA_2025-09-29_G30,10109590SILVAA,2025-09-29,122673,1,2,0,130.0
10109590SILVAA_2025-09-29_G31,10109590SILVAA,2025-09-29,123909,1,10,0,135.0
10109590SILVAA_2025-09-29_G32,10109590SILVAA,2025-09-29,123153,1,30,0,196.0
10109590SILVAA_2025-10-01_G02,10109590SILVAA,2025-10-01,122962,1,113,0,624.0
10109590SILVAA_2025-10-01_G03,10109590SILVAA,2025-10-01,121304,1,40,0,164.0
10109590SILVAA_2025-10-02_G02,10109590SILVAA,2025-10-02,122984,1,40,0,934.0
10109590SILVAA_2025-10-02_G03,10109590SILVAA,2025-10-02,124248,1,39,0,538.0
10109590SILVAA_2025-10-02_G04,10109590SILVAA,2025-10-02,124247,1,8,0,226.0
10109590SILVAA_2025-10-02_G05,10109590SILVAA,2025-10-02,122962,1,60,0,344.0
10109590SILVAA_2025-10-02_G06,10109590SILVAA,2025-10-02,122983,1,8,0,161.0
10109590SILVAA_2025-10-02_G07,10109590SILVAA,2025-10-02,122962,1,8,0,207.0
10109590SILVAA_2025-10-02_G08,10109590SILVAA,2025-10-02,122671,1,8,0,235.0
10109590SILVAA_2025-10-02_G09,10109590SILVAA,2025-10-02,124486,1,9,0,305.0
10109590SILVAA_2025-10-02_G10,10109590SILVAA,2025-10-02,124248,1,70,0,822.0
10109590SILVAA_2025-10-02_G11,10109590SILVAA,2025-10-02,124248,1,24,0,333.0
10109590SILVAA_2025-10-02_G12,10109590SILVAA,2025-10-02,123345,1,12,0,244.0
10109590SILVAA_2025-10-03_G02,10109590SILVAA,2025-10-03,122671,1,4,0,237.0
10109590SILVAA_2025-10-03_G03,10109590SILVAA,2025-10-03,123909,1,4,0,159.0
10109590SILVAA_2025-10-03_G04,10109590SILVAA,2025-10-03,123909,1,2,0,187.0
10109590SILVAA_2025-10-03_G05,10109590SILVAA,2025-10-03,120339,1,5,0,160.0
10109590SILVAA_2025-10-03_G06,10109590SILVAA,2025-10-03,120389,1,8,0,352.0
10109590SILVAA_2025-10-03_G07,10109590SILVAA,2025-10-03,122671,1,4,0,77.0
10109590SILVAA_2025-10-03_G08,10109590SILVAA,2025-10-03,123909,1,6,0,185.0
10109590SILVAA_2025-10-03_G09,10109590SILVAA,2025-10-03,120028,1,1,0,78.0
10109590SILVAA_2025-10-03_G10,10109590SILVAA,2025-10-03,124247,1,4,0,238.0
10109590SILVAA_2025-10-03_G11,10109590SILVAA,2025-10-03,124548,1,26,0,818.0
10109590SILVAA_2025-10-03_G12,10109590SILVAA,2025-10-03,120008,1,3,0,238.0
10109590SILVAA_2025-10-03_G13,10109590SILVAA,2025-10-03,124486,1,22,0,415.0
10109590SILVAA_2025-10-03_G14,10109590SILVAA,2025-10-03,122962,1,16,0,341.0
10109590SILVAA_2025-10-03_G15,10109590SILVAA,2025-10-03,123344,1,4,0,104.0
10109590SILVAA_2025-10-03_G16,10109590SILVAA,2025-10-03,124624,1,2,0,154.0
10109590SILVAA_2025-10-03_G17,10109590SILVAA,2025-10-03,123909,1,8,0,162.0
10109590SILVAA_2025-10-03_G18,10109590SILVAA,2025-10-03,124475,1,4,0,172.0
10109590SILVAA_2025-10-03_G19,10109590SILVAA,2025-10-03,124370,1,6,0,234.0
10109590SILVAA_2025-10-03_G20,10109590SILVAA,2025-10-03,122983,1,2,0,80.0
10109590SILVAA_2025-10-03_G21,10109590SILVAA,2025-10-03,123345,1,4,0,296.0
10109590SILVAA_2025-10-03_G22,10109590SILVAA,2025-10-03,123345,1,8,0,60.0
10109590SILVAA_2025-10-03_G23,10109590SILVAA,2025-10-03,123345,1,20,0,1485.0
10109590SILVAA_2025-10-03_G24,10109590SILVAA,2025-10-03,124548,1,2,0,548.0
10109590SILVAA_2025-10-03_G25,10109590SILVAA,2025-10-03,124477,1,20,0,1045.0
10109590SILVAA_2025-10-03_G26,10109590SILVAA,2025-10-03,123343,1,6,0,333.0
10109590SILVAA_2025-10-03_G27,10109590SILVAA,2025-10-03,121760,1,4,0,228.0
10109590SILVAA_2025-10-06_G02,10109590SILVAA,2025-10-06,120028,1,30,0,704.0
10109590SILVAA_2025-10-06_G03,10109590SILVAA,2025-10-06,122703,1,118,0,2220.0
10109590SILVAA_2025-10-06_G04,10109590SILVAA,2025-10-06,124486,1,52,0,1472.0
10109590SILVAA_2025-10-06_G05,10109590SILVAA,2025-10-06,123909,2,3,12,213.0
10109590SILVAA_2025-10-06_G06,10109590SILVAA,2025-10-06,123909,1,1,0,89.0
10109590SILVAA_2025-10-06_G07,10109590SILVAA,2025-10-06,124486,1,4,0,210.0
10109590SILVAA_2025-10-06_G08,10109590SILVAA,2025-10-06,123909,1,5,0,166.0
10109590SILVAA_2025-10-06_G09,10109590SILVAA,2025-10-06,122673,1,18,0,300.0
10109590SILVAA_2025-10-06_G10,10109590SILVAA,2025-10-06,123080,1,8,0,460.0
10109590SILVAA_2025-10-06_G11,10109590SILVAA,2025-10-06,123080,1,17,0,594.0
10109590SILVAA_2025-10-06_G12,10109590SILVAA,2025-10-06,122968,1,8,0,257.0
10109590SILVAA_2025-10-06_G13,10109590SILVAA,2025-10-06,122962,1,32,0,540.0
10109590SILVAA_2025-10-07_G02,10109590SILVAA,2025-10-07,124370,1,2,0,45.0
10109590SILVAA_2025-10-07_G03,10109590SILVAA,2025-10-07,124371,1,16,0,1261.0
10109590SILVAA_2025-10-07_G04,10109590SILVAA,2025-10-07,180094,1,1,0,3394.0
10109590SILVAA_2025-10-07_G05,10109590SILVAA,2025-10-07,124475,1,39,0,1398.0
10109590SILVAA_2025-10-08_G02,10109590SILVAA,2025-10-08,124624,1,3,0,344.0
10109590SILVAA_2025-10-08_G03,10109590SILVAA,2025-10-08,124248,1,2,0,119.0
10109590SILVAA_2025-10-08_G04,10109590SILVAA,2025-10-08,122984,1,3,0,235.0
10109590SILVAA_2025-10-08_G05,10109590SILVAA,2025-10-08,122962,1,1,0,169.0
10109590SILVAA_2025-10-08_G06,10109590SILVAA,2025-10-08,124624,1,16,0,701.0
10109590SILVAA_2025-10-08_G07,10109590SILVAA,2025-10-08,122673,1,8,0,341.0
10109590SILVAA_2025-10-08_G08,10109590SILVAA,2025-10-08,122962,1,10,0,191.0
10109590SILVAA_2025-10-08_G09,10109590SILVAA,2025-10-08,123561,1,4,0,751.0
10109590SILVAA_2025-10-08_G10,10109590SILVAA,2025-10-08,124486,1,12,0,328.0
10109590SILVAA_2025-10-08_G11,10109590SILVAA,2025-10-08,120028,1,40,0,432.0
10109590SILVAA_2025-10-08_G12,10109590SILVAA,2025-10-08,122962,1,30,0,346.0
10109590SILVAA_2025-10-08_G14,10109590SILVAA,2025-10-08,123345,1,40,0,194.0
10109590SILVAA_2025-10-08_G15,10109590SILVAA,2025-10-08,124624,1,14,0,898.0
10109590SILVAA_2025-10-08_G16,10109590SILVAA,2025-10-08,122673,1,6,0,182.0
10109590SILVAA_2025-10-08_G17,10109590SILVAA,2025-10-08,122671,1,4,0,142.0
10109590SILVAA_2025-10-08_G18,10109590SILVAA,2025-10-08,124476,1,5,0,132.0
10109590SILVAA_2025-10-08_G19,10109590SILVAA,2025-10-08,120271,1,8,0,198.0
10109590SILVAA_2025-10-08_G20,10109590SILVAA,2025-10-08,124247,1,10,0,154.0
10109590SILVAA_2025-10-08_G21,10109590SILVAA,2025-10-08,124475,1,10,0,334.0
10109590SILVAA_2025-10-08_G22,10109590SILVAA,2025-10-08,124370,1,10,0,283.0
10109590SILVAA_2025-10-08_G23,10109590SILVAA,2025-10-08,122703,1,8,0,191.0
10109590SILVAA_2025-10-08_G24,10109590SILVAA,2025-10-08,120272,1,8,0,465.0
10109590SILVAA_2025-10-08_G25,10109590SILVAA,2025-10-08,122986,1,8,0,222.0
10109590SILVAA_2025-10-09_G02,10109590SILVAA,2025-10-09,124486,1,40,0,551.0
10109590SILVAA_2025-10-09_G03,10109590SILVAA,2025-10-09,124248,1,2,0,118.0
10109590SILVAA_2025-10-09_G04,10109590SILVAA,2025-10-09,124264,1,4,0,189.0
10109590SILVAA_2025-10-09_G05,10109590SILVAA,2025-10-09,122986,1,2,0,394.0
10109590SILVAA_2025-10-09_G06,10109590SILVAA,2025-10-09,123822,1,40,0,610.0
10109590SILVAA_2025-10-09_G07,10109590SILVAA,2025-10-09,122962,1,30,0,661.0
10109590SILVAA_2025-10-09_G08,10109590SILVAA,2025-10-09,124247,1,1,0,85.0
10109590SILVAA_2025-10-09_G09,10109590SILVAA,2025-10-09,122962,1,20,0,1582.0
10109590SILVAA_2025-10-09_G10,10109590SILVAA,2025-10-09,122967,1,13,0,244.0
10109590SILVAA_2025-10-09_G11,10109590SILVAA,2025-10-09,123822,1,19,0,257.0
10109590SILVAA_2025-10-09_G12,10109590SILVAA,2025-10-09,122673,1,51,0,1266.0
10109590SILVAA_2025-10-09_G13,10109590SILVAA,2025-10-09,121304,1,2,0,547.0
10109590SILVAA_2025-10-09_G14,10109590SILVAA,2025-10-09,122647,1,40,0,676.0
10109590SILVAA_2025-10-09_G15,10109590SILVAA,2025-10-09,122962,1,60,0,974.0
10109590SILVAA_2025-10-09_G16,10109590SILVAA,2025-10-09,122962,1,8,0,180.0
10109590SILVAA_2025-10-09_G17,10109590SILVAA,2025-10-09,124247,1,8,0,176.0
10109590SILVAA_2025-10-09_G18,10109590SILVAA,2025-10-09,120028,1,24,0,809.0
10109590SILVAA_2025-10-09_G19,10109590SILVAA,2025-10-09,122967,1,6,0,137.0
10109590SILVAA_2025-10-09_G21,10109590SILVAA,2025-10-09,122673,1,6,0,141.0
10109590SILVAA_2025-10-09_G22,10109590SILVAA,2025-10-09,122671,1,6,0,136.0
10109590SILVAA_2025-10-09_G23,10109590SILVAA,2025-10-09,122962,1,20,0,271.0
10109590SILVAA_2025-10-09_G24,10109590SILVAA,2025-10-09,122962,1,40,0,444.0
10109590SILVAA_2025-10-09_G25,10109590SILVAA,2025-10-09,121760,1,12,0,305.0
10109590SILVAA_2025-10-09_G26,10109590SILVAA,2025-10-09,123343,1,2,0,122.0
10109590SILVAA_2025-10-09_G28,10109590SILVAA,2025-10-09,122647,1,200,0,395.0
10109590SILVAA_2025-10-09_G29,10109590SILVAA,2025-10-09,124486,1,24,0,1165.0
10109590SILVAA_2025-10-09_G30,10109590SILVAA,2025-10-09,122962,1,36,0,831.0
10109590SILVAA_2025-10-09_G31,10109590SILVAA,2025-10-09,120028,1,18,0,393.0
10109590SILVAA_2025-10-09_G32,10109590SILVAA,2025-10-09,123822,1,43,0,732.0
10109590SILVAA_2025-10-09_G33,10109590SILVAA,2025-10-09,122671,1,30,0,252.0
10109590SILVAA_2025-10-09_G34,10109590SILVAA,2025-10-09,124248,1,20,0,106.0
10109590SILVAA_2025-10-09_G35,10109590SILVAA,2025-10-09,122647,1,10,0,395.0
10109590SILVAA_2025-10-09_G36,10109590SILVAA,2025-10-09,122984,1,20,0,348.0
10109590SILVAA_2025-10-10_G02,10109590SILVAA,2025-10-10,120008,1,12,0,297.0
10109590SILVAA_2025-10-10_G03,10109590SILVAA,2025-10-10,122189,1,2,0,119.0
10109590SILVAA_2025-10-10_G04,10109590SILVAA,2025-10-10,123344,1,6,0,553.0
10109590SILVAA_2025-10-10_G05,10109590SILVAA,2025-10-10,121760,1,4,0,241.0
10109590SILVAA_2025-10-10_G06,10109590SILVAA,2025-10-10,124475,1,2,0,171.0
10109590SILVAA_2025-10-10_G07,10109590SILVAA,2025-10-10,124370,1,6,0,121.0
10109590SILVAA_2025-10-10_G08,10109590SILVAA,2025-10-10,124371,1,6,0,99.0
10109590SILVAA_2025-10-10_G09,10109590SILVAA,2025-10-10,124370,1,8,0,228.0
10109590SILVAA_2025-10-10_G10,10109590SILVAA,2025-10-10,124247,1,9,0,185.0
10109590SILVAA_2025-10-10_G11,10109590SILVAA,2025-10-10,124624,1,2,0,161.0
10109590SILVAA_2025-10-10_G12,10109590SILVAA,2025-10-10,120271,1,2,0,91.0
10109590SILVAA_2025-10-10_G13,10109590SILVAA,2025-10-10,123080,1,28,0,500.0
10109590SILVAA_2025-10-10_G14,10109590SILVAA,2025-10-10,122671,1,6,0,487.0
10109590SILVAA_2025-10-10_G15,10109590SILVAA,2025-10-10,123909,1,2,0,55.0
10109590SILVAA_2025-10-10_G16,10109590SILVAA,2025-10-10,121760,1,20,0,920.0
10109590SILVAA_2025-10-10_G17,10109590SILVAA,2025-10-10,124247,1,9,0,1109.0
10109590SILVAA_2025-10-10_G18,10109590SILVAA,2025-10-10,121651,1,9,0,254.0
10109590SILVAA_2025-10-10_G19,10109590SILVAA,2025-10-10,124370,1,12,0,349.0
10109590SILVAA_2025-10-10_G20,10109590SILVAA,2025-10-10,122984,1,12,0,312.0
10109590SILVAA_2025-10-10_G21,10109590SILVAA,2025-10-10,124486,1,8,0,116.0
10109590SILVAA_2025-10-10_G22,10109590SILVAA,2025-10-10,122962,1,20,0,221.0
10109590SILVAA_2025-10-10_G23,10109590SILVAA,2025-10-10,124371,1,12,0,365.0
10109590SILVAA_2025-10-10_G24,10109590SILVAA,2025-10-10,181887,1,10,0,292.0
10109590SILVAA_2025-10-10_G25,10109590SILVAA,2025-10-10,123345,1,8,0,195.0
10109590SILVAA_2025-10-10_G26,10109590SILVAA,2025-10-10,123343,1,3,0,111.0
10109590SILVAA_2025-10-10_G27,10109590SILVAA,2025-10-10,121651,1,8,0,484.0
10109590SILVAA_2025-10-10_G28,10109590SILVAA,2025-10-10,124370,1,10,0,410.0
10109590SILVAA_2025-10-10_G29,10109590SILVAA,2025-10-10,122984,1,16,0,326.0
10109590SILVAA_2025-10-10_G30,10109590SILVAA,2025-10-10,181887,2,4,11,65.0
10109590SILVAA_2025-10-10_G31,10109590SILVAA,2025-10-10,123345,1,4,0,280.0
10109590SILVAA_2025-10-10_G32,10109590SILVAA,2025-10-10,123343,1,4,0,398.0
10109590SILVAA_2025-10-10_G33,10109590SILVAA,2025-10-10,123344,1,3,0,180.0
10109590SILVAA_2025-10-10_G34,10109590SILVAA,2025-10-10,123909,1,4,0,211.0
10109590SILVAA_2025-10-10_G35,10109590SILVAA,2025-10-10,121760,1,4,0,164.0
10109590SILVAA_2025-10-10_G36,10109590SILVAA,2025-10-10,124475,1,6,0,318.0
10109590SILVAA_2025-10-10_G37,10109590SILVAA,2025-10-10,121651,1,6,0,276.0
10109590SILVAA_2025-10-10_G38,10109590SILVAA,2025-10-10,124486,1,6,0,232.0
10109590SILVAA_2025-10-10_G39,10109590SILVAA,2025-10-10,122185,1,22,0,566.0
10109590SILVAA_2025-10-10_G40,10109590SILVAA,2025-10-10,123345,1,4,0,132.0
10109590SILVAA_2025-10-10_G41,10109590SILVAA,2025-10-10,123343,1,4,0,272.0
10109590SILVAA_2025-10-10_G42,10109590SILVAA,2025-10-10,121928,1,4,0,160.0
10109590SILVAA_2025-10-10_G43,10109590SILVAA,2025-10-10,124475,1,6,0,140.0
10109590SILVAA_2025-10-10_G44,10109590SILVAA,2025-10-10,121651,1,4,0,85.0
10109590SILVAA_2025-10-10_G45,10109590SILVAA,2025-10-10,124370,1,8,0,93.0
10109590SILVAA_2025-10-10_G46,10109590SILVAA,2025-10-10,122962,1,6,0,95.0
10109590SILVAA_2025-10-10_G47,10109590SILVAA,2025-10-10,181887,1,4,0,177.0
10109590SILVAA_2025-10-10_G48,10109590SILVAA,2025-10-10,123343,1,4,0,248.0
10109590SILVAA_2025-10-10_G51,10109590SILVAA,2025-10-10,122967,1,4,0,90.0
10109590SILVAA_2025-10-10_G52,10109590SILVAA,2025-10-10,122967,1,8,0,213.0
10109590SILVAA_2025-10-10_G53,10109590SILVAA,2025-10-10,122962,1,12,0,562.0
10109590SILVAA_2025-10-10_G54,10109590SILVAA,2025-10-10,124248,1,4,0,217.0
10109590SILVAA_2025-10-10_G55,10109590SILVAA,2025-10-10,124247,1,2,0,96.0
10109590SILVAA_2025-10-10_G56,10109590SILVAA,2025-10-10,124247,1,2,0,43.0
10109590SILVAA_2025-10-10_G57,10109590SILVAA,2025-10-10,123909,1,10,0,641.0
10109590SILVAA_2025-10-10_G58,10109590SILVAA,2025-10-10,124476,1,6,0,100.0
10109590SILVAA_2025-10-10_G59,10109590SILVAA,2025-10-10,124370,1,6,0,77.0
10109590SILVAA_2025-10-10_G60,10109590SILVAA,2025-10-10,124486,1,10,0,289.0
10109590SILVAA_2025-10-10_G61,10109590SILVAA,2025-10-10,124594,1,6,0,196.0
10109590SILVAA_2025-10-13_G02,10109590SILVAA,2025-10-13,124247,1,12,0,744.0
10109590SILVAA_2025-10-13_G03,10109590SILVAA,2025-10-13,122671,1,8,0,157.0
10109590SILVAA_2025-10-13_G04,10109590SILVAA,2025-10-13,123822,1,25,0,1345.0
10109590SILVAA_2025-10-13_G05,10109590SILVAA,2025-10-13,123822,1,17,0,1242.0
10109590SILVAA_2025-10-13_G06,10109590SILVAA,2025-10-13,124247,1,4,0,1052.0
10109590SILVAA_2025-10-13_G07,10109590SILVAA,2025-10-13,124247,1,16,0,223.0
10109590SILVAA_2025-10-13_G08,10109590SILVAA,2025-10-13,122185,1,6,0,209.0
10109590SILVAA_2025-10-13_G09,10109590SILVAA,2025-10-13,124247,1,2,0,33.0
10109590SILVAA_2025-10-13_G10,10109590SILVAA,2025-10-13,124247,1,8,0,130.0
10109590SILVAA_2025-10-13_G11,10109590SILVAA,2025-10-13,122185,1,25,0,364.0
10109590SILVAA_2025-10-13_G12,10109590SILVAA,2025-10-13,122984,1,48,0,1073.0
10109590SILVAA_2025-10-13_G13,10109590SILVAA,2025-10-13,122185,1,96,0,1186.0
10109590SILVAA_2025-10-13_G14,10109590SILVAA,2025-10-13,123822,1,30,0,113.0
10109590SILVAA_2025-10-13_G15,10109590SILVAA,2025-10-13,124624,1,4,0,736.0
10109590SILVAA_2025-10-13_G16,10109590SILVAA,2025-10-13,123153,1,17,0,633.0
10109590SILVAA_2025-10-13_G17,10109590SILVAA,2025-10-13,123889,1,2,0,338.0
10109590SILVAA_2025-10-13_G18,10109590SILVAA,2025-10-13,121651,1,2,0,198.0
10109590SILVAA_2025-10-13_G19,10109590SILVAA,2025-10-13,124247,1,19,0,294.0
10109590SILVAA_2025-10-13_G20,10109590SILVAA,2025-10-13,122983,1,9,0,154.0
10109590SILVAA_2025-10-13_G22,10109590SILVAA,2025-10-13,122962,1,32,0,314.0
10109590SILVAA_2025-10-13_G23,10109590SILVAA,2025-10-13,124624,1,4,0,82.0
10109590SILVAA_2025-10-13_G24,10109590SILVAA,2025-10-13,124475,1,6,0,125.0
10109590SILVAA_2025-10-13_G25,10109590SILVAA,2025-10-13,124248,1,2,0,44.0
10109590SILVAA_2025-10-13_G26,10109590SILVAA,2025-10-13,123345,1,17,0,343.0
10109590SILVAA_2025-10-13_G27,10109590SILVAA,2025-10-13,123343,1,11,0,90.0
10109590SILVAA_2025-10-13_G28,10109590SILVAA,2025-10-13,124594,1,4,0,255.0
10109590SILVAA_2025-10-13_G30,10109590SILVAA,2025-10-13,123343,1,8,0,397.0
10109590SILVAA_2025-10-14_G02,10109590SILVAA,2025-10-14,124248,1,70,0,706.0
10109590SILVAA_2025-10-14_G03,10109590SILVAA,2025-10-14,123080,1,16,0,126.0
10109590SILVAA_2025-10-14_G04,10109590SILVAA,2025-10-14,124247,1,20,0,2719.0
10109590SILVAA_2025-10-14_G05,10109590SILVAA,2025-10-14,122986,1,16,0,449.0
10109590SILVAA_2025-10-14_G06,10109590SILVAA,2025-10-14,124486,1,10,0,353.0
10109590SILVAA_2025-10-14_G07,10109590SILVAA,2025-10-14,124248,1,5,0,116.0
10109590SILVAA_2025-10-14_G08,10109590SILVAA,2025-10-14,123344,1,10,0,730.0
10109590SILVAA_2025-10-14_G09,10109590SILVAA,2025-10-14,123909,1,3,0,65.0
10109590SILVAA_2025-10-14_G10,10109590SILVAA,2025-10-14,124248,1,4,0,146.0
10109590SILVAA_2025-10-14_G11,10109590SILVAA,2025-10-14,122983,1,8,0,222.0
10109590SILVAA_2025-10-14_G12,10109590SILVAA,2025-10-14,120339,1,2,0,115.0
10109590SILVAA_2025-10-14_G13,10109590SILVAA,2025-10-14,123343,1,4,0,253.0
10109590SILVAA_2025-10-14_G14,10109590SILVAA,2025-10-14,123344,1,3,0,356.0
10109590SILVAA_2025-10-14_G15,10109590SILVAA,2025-10-14,121760,1,2,0,209.0
10109590SILVAA_2025-10-14_G16,10109590SILVAA,2025-10-14,120339,1,4,0,198.0
10109590SILVAA_2025-10-14_G17,10109590SILVAA,2025-10-14,124486,1,2,0,190.0
10109590SILVAA_2025-10-14_G18,10109590SILVAA,2025-10-14,124371,1,3,0,127.0
10109590SILVAA_2025-10-14_G19,10109590SILVAA,2025-10-14,124371,1,3,0,40.0
10109590SILVAA_2025-10-14_G20,10109590SILVAA,2025-10-14,124548,1,4,0,130.0
10109590SILVAA_2025-10-14_G21,10109590SILVAA,2025-10-14,123343,1,2,0,525.0
10109590SILVAA_2025-10-14_G22,10109590SILVAA,2025-10-14,122673,1,30,0,546.0
10109590SILVAA_2025-10-14_G24,10109590SILVAA,2025-10-14,124477,1,30,0,429.0
10109590SILVAA_2025-10-14_G25,10109590SILVAA,2025-10-14,124475,1,39,0,1366.0
10109590SILVAA_2025-10-14_G26,10109590SILVAA,2025-10-14,124370,1,32,0,424.0
10109590SILVAA_2025-10-14_G27,10109590SILVAA,2025-10-14,122647,1,2,0,91.0
10109590SILVAA_2025-10-15_G02,10109590SILVAA,2025-10-15,121651,1,30,0,900.0
10109590SILVAA_2025-10-15_G03,10109590SILVAA,2025-10-15,122986,1,7,0,171.0
10109590SILVAA_2025-10-15_G04,10109590SILVAA,2025-10-15,124486,1,20,0,221.0
10109590SILVAA_2025-10-15_G05,10109590SILVAA,2025-10-15,124486,1,18,0,239.0
10109590SILVAA_2025-10-15_G06,10109590SILVAA,2025-10-15,123343,1,30,0,1384.0
10109590SILVAA_2025-10-15_G07,10109590SILVAA,2025-10-15,123345,1,30,0,316.0
10109590SILVAA_2025-10-15_G08,10109590SILVAA,2025-10-15,123344,1,8,0,1609.0
10109590SILVAA_2025-10-15_G09,10109590SILVAA,2025-10-15,124477,1,1,0,39.0
10109590SILVAA_2025-10-15_G10,10109590SILVAA,2025-10-15,114647,1,4,0,184.0
10109590SILVAA_2025-10-15_G11,10109590SILVAA,2025-10-15,123909,1,2,0,95.0
10109590SILVAA_2025-10-15_G12,10109590SILVAA,2025-10-15,121760,1,2,0,51.0
10109590SILVAA_2025-10-15_G13,10109590SILVAA,2025-10-15,121760,1,4,0,132.0
10109590SILVAA_2025-10-15_G14,10109590SILVAA,2025-10-15,124476,1,2,0,80.0
10109590SILVAA_2025-10-15_G15,10109590SILVAA,2025-10-15,124248,1,13,0,311.0
10109590SILVAA_2025-10-15_G16,10109590SILVAA,2025-10-15,124248,1,1,0,50.0
10109590SILVAA_2025-10-15_G17,10109590SILVAA,2025-10-15,124486,1,16,0,267.0
10109590SILVAA_2025-10-15_G18,10109590SILVAA,2025-10-15,124486,1,14,0,550.0
10109590SILVAA_2025-10-15_G19,10109590SILVAA,2025-10-15,124370,1,12,0,381.0
10109590SILVAA_2025-10-15_G20,10109590SILVAA,2025-10-15,123343,1,3,0,82.0
10109590SILVAA_2025-10-15_G21,10109590SILVAA,2025-10-15,123345,1,4,0,215.0
10109590SILVAA_2025-10-15_G22,10109590SILVAA,2025-10-15,124624,1,70,0,1018.0
10109590SILVAA_2025-10-15_G23,10109590SILVAA,2025-10-15,124247,1,36,0,405.0
10109590SILVAA_2025-10-15_G24,10109590SILVAA,2025-10-15,122983,1,36,0,442.0
10109590SILVAA_2025-10-15_G25,10109590SILVAA,2025-10-15,122196,1,48,0,786.0
10109590SILVAA_2025-10-15_G26,10109590SILVAA,2025-10-15,124371,1,1,0,40.0
10109590SILVAA_2025-10-15_G27,10109590SILVAA,2025-10-15,124371,1,47,0,874.0
10109590SILVAA_2025-10-15_G28,10109590SILVAA,2025-10-15,124371,1,22,0,340.0
10109590SILVAA_2025-10-15_G30,10109590SILVAA,2025-10-15,124370,1,250,0,2080.0
10109590SILVAA_2025-10-16_G02,10109590SILVAA,2025-10-16,124248,1,50,0,532.0
10109590SILVAA_2025-10-16_G03,10109590SILVAA,2025-10-16,122984,1,10,0,426.0
10109590SILVAA_2025-10-16_G04,10109590SILVAA,2025-10-16,122984,1,8,0,265.0
10109590SILVAA_2025-10-16_G05,10109590SILVAA,2025-10-16,122962,1,4,0,128.0
10109590SILVAA_2025-10-16_G06,10109590SILVAA,2025-10-16,120028,1,2,0,110.0
10109590SILVAA_2025-10-16_G07,10109590SILVAA,2025-10-16,120028,1,4,0,184.0
10109590SILVAA_2025-10-16_G08,10109590SILVAA,2025-10-16,122647,1,4,0,115.0
10109590SILVAA_2025-10-16_G09,10109590SILVAA,2025-10-16,122189,1,3,0,270.0
10109590SILVAA_2025-10-16_G10,10109590SILVAA,2025-10-16,122196,1,6,0,308.0
10109590SILVAA_2025-10-16_G11,10109590SILVAA,2025-10-16,122196,1,3,0,255.0
10109590SILVAA_2025-10-16_G12,10109590SILVAA,2025-10-16,123343,1,1,0,119.0
10109590SILVAA_2025-10-16_G13,10109590SILVAA,2025-10-16,124248,1,22,0,398.0
10109590SILVAA_2025-10-16_G14,10109590SILVAA,2025-10-16,122984,1,32,0,1241.0
10109590SILVAA_2025-10-16_G15,10109590SILVAA,2025-10-16,124624,1,8,0,240.0
10109590SILVAA_2025-10-16_G16,10109590SILVAA,2025-10-16,123080,1,33,0,2111.0
10109590SILVAA_2025-10-16_G17,10109590SILVAA,2025-10-16,124264,1,18,0,479.0
10109590SILVAA_2025-10-16_G18,10109590SILVAA,2025-10-16,124264,1,46,0,858.0
10109590SILVAA_2025-10-16_G19,10109590SILVAA,2025-10-16,123153,1,10,0,137.0
10109590SILVAA_2025-10-16_G20,10109590SILVAA,2025-10-16,121928,1,4,0,83.0
10109590SILVAA_2025-10-16_G21,10109590SILVAA,2025-10-16,122962,1,80,0,1517.0
10109590SILVAA_2025-10-16_G22,10109590SILVAA,2025-10-16,122986,1,6,0,137.0
10109590SILVAA_2025-10-16_G23,10109590SILVAA,2025-10-16,122986,1,2,0,194.0
10109590SILVAA_2025-10-16_G24,10109590SILVAA,2025-10-16,124477,1,4,0,181.0
10109590SILVAA_2025-10-16_G25,10109590SILVAA,2025-10-16,124624,1,4,0,219.0
10109590SILVAA_2025-10-16_G26,10109590SILVAA,2025-10-16,124476,1,4,0,89.0
10109590SILVAA_2025-10-16_G27,10109590SILVAA,2025-10-16,124247,1,6,0,270.0
10109590SILVAA_2025-10-16_G28,10109590SILVAA,2025-10-16,124370,1,4,0,193.0
10109590SILVAA_2025-10-16_G29,10109590SILVAA,2025-10-16,124475,1,1,0,189.0
10109590SILVAA_2025-10-16_G30,10109590SILVAA,2025-10-16,123343,1,4,0,302.0
10109590SILVAA_2025-10-16_G31,10109590SILVAA,2025-10-16,124486,1,25,0,535.0
10109590SILVAA_2025-10-16_G32,10109590SILVAA,2025-10-16,123153,1,4,0,85.0
10109590SILVAA_2025-10-16_G33,10109590SILVAA,2025-10-16,122984,1,24,0,512.0
10109590SILVAA_2025-10-16_G34,10109590SILVAA,2025-10-16,122673,1,11,0,325.0
10109590SILVAA_2025-10-16_G35,10109590SILVAA,2025-10-16,122986,1,2,0,186.0
10109590SILVAA_2025-10-16_G36,10109590SILVAA,2025-10-16,122984,1,4,0,55.0
10109590SILVAA_2025-10-16_G37,10109590SILVAA,2025-10-16,122185,1,8,0,162.0
10109590SILVAA_2025-10-16_G38,10109590SILVAA,2025-10-16,122185,1,12,0,206.0
10109590SILVAA_2025-10-16_G39,10109590SILVAA,2025-10-16,124486,1,8,0,174.0
10109590SILVAA_2025-10-17_G02,10109590SILVAA,2025-10-17,122647,1,1,0,88.0
10109590SILVAA_2025-10-17_G03,10109590SILVAA,2025-10-17,122647,1,60,0,1477.0
10109590SILVAA_2025-10-17_G04,10109590SILVAA,2025-10-17,123343,1,5,0,261.0
10109590SILVAA_2025-10-17_G05,10109590SILVAA,2025-10-17,123344,1,5,0,436.0
10109590SILVAA_2025-10-17_G06,10109590SILVAA,2025-10-17,122673,1,10,0,312.0
10109590SILVAA_2025-10-17_G07,10109590SILVAA,2025-10-17,121651,1,5,0,83.0
10109590SILVAA_2025-10-17_G08,10109590SILVAA,2025-10-17,180026,1,3,0,1466.0
10109590SILVAA_2025-10-17_G09,10109590SILVAA,2025-10-17,180026,1,3,0,1862.0
10109590SILVAA_2025-10-17_G10,10109590SILVAA,2025-10-17,122647,1,30,0,1022.0
10109590SILVAA_2025-10-17_G11,10109590SILVAA,2025-10-17,122671,1,8,0,49.0
10109590SILVAA_2025-10-17_G12,10109590SILVAA,2025-10-17,123909,1,12,0,271.0
10109590SILVAA_2025-10-17_G13,10109590SILVAA,2025-10-17,124248,1,20,0,160.0
10109590SILVAA_2025-10-17_G14,10109590SILVAA,2025-10-17,122647,1,20,0,438.0
10109590SILVAA_2025-10-17_G15,10109590SILVAA,2025-10-17,122962,1,8,0,187.0
10109590SILVAA_2025-10-17_G16,10109590SILVAA,2025-10-17,122671,1,2,0,104.0
10109590SILVAA_2025-10-17_G17,10109590SILVAA,2025-10-17,124486,1,8,0,171.0
10109590SILVAA_2025-10-17_G18,10109590SILVAA,2025-10-17,120028,1,10,0,180.0
10109590SILVAA_2025-10-17_G19,10109590SILVAA,2025-10-17,122984,1,12,0,286.0
10109590SILVAA_2025-10-17_G20,10109590SILVAA,2025-10-17,124486,1,6,0,158.0
10109590SILVAA_2025-10-17_G21,10109590SILVAA,2025-10-17,122673,1,2,0,88.0
10109590SILVAA_2025-10-17_G22,10109590SILVAA,2025-10-17,123909,1,6,0,159.0
10109590SILVAA_2025-10-17_G23,10109590SILVAA,2025-10-17,124486,1,9,0,344.0
10109590SILVAA_2025-10-18_G02,10109590SILVAA,2025-10-18,123344,1,4,0,121.0
10109590SILVAA_2025-10-18_G03,10109590SILVAA,2025-10-18,123344,1,3,0,92.0
10109590SILVAA_2025-10-18_G04,10109590SILVAA,2025-10-18,122185,1,2,0,86.0
10109590SILVAA_2025-10-18_G05,10109590SILVAA,2025-10-18,122984,1,8,0,222.0
10109590SILVAA_2025-10-18_G06,10109590SILVAA,2025-10-18,122984,1,10,0,142.0
10109590SILVAA_2025-10-18_G07,10109590SILVAA,2025-10-18,122981,1,8,0,162.0
10109590SILVAA_2025-10-18_G08,10109590SILVAA,2025-10-18,123909,1,8,0,254.0
10109590SILVAA_2025-10-18_G09,10109590SILVAA,2025-10-18,121760,1,50,0,1166.0
10109590SILVAA_2025-10-18_G10,10109590SILVAA,2025-10-18,122968,1,6,0,1242.0
10109590SILVAA_2025-10-18_G11,10109590SILVAA,2025-10-18,122983,1,8,0,96.0
10109590SILVAA_2025-10-18_G12,10109590SILVAA,2025-10-18,122983,1,6,0,116.0
10109590SILVAA_2025-10-18_G13,10109590SILVAA,2025-10-18,122983,1,6,0,56.0
10109590SILVAA_2025-10-18_G14,10109590SILVAA,2025-10-18,122983,1,2,0,126.0
10109590SILVAA_2025-10-18_G15,10109590SILVAA,2025-10-18,120339,1,4,0,239.0
10109590SILVAA_2025-10-18_G16,10109590SILVAA,2025-10-18,120339,1,6,0,145.0
10109590SILVAA_2025-10-18_G17,10109590SILVAA,2025-10-18,120339,1,6,0,75.0
10109590SILVAA_2025-10-18_G18,10109590SILVAA,2025-10-18,120339,1,4,0,143.0
10109590SILVAA_2025-10-18_G19,10109590SILVAA,2025-10-18,120339,1,4,0,48.0
10109590SILVAA_2025-10-18_G20,10109590SILVAA,2025-10-18,122986,1,3,0,123.0
10109590SILVAA_2025-10-18_G21,10109590SILVAA,2025-10-18,122982,1,4,0,104.0
10109590SILVAA_2025-10-18_G22,10109590SILVAA,2025-10-18,123343,1,2,0,102.0
10109590SILVAA_2025-10-18_G23,10109590SILVAA,2025-10-18,123343,1,6,0,150.0
10109590SILVAA_2025-10-18_G24,10109590SILVAA,2025-10-18,123313,1,32,0,595.0
10109590SILVAA_2025-10-18_G25,10109590SILVAA,2025-10-18,123313,1,12,0,121.0
10109590SILVAA_2025-10-18_G26,10109590SILVAA,2025-10-18,123345,1,16,0,275.0
10109590SILVAA_2025-10-18_G27,10109590SILVAA,2025-10-18,123521,1,6,0,197.0
10109590SILVAA_2025-10-18_G28,10109590SILVAA,2025-10-18,123345,1,70,0,1436.0
10109590SILVAA_2025-10-18_G29,10109590SILVAA,2025-10-18,122962,1,40,0,2742.0
10109590SILVAA_2025-10-18_G30,10109590SILVAA,2025-10-18,123080,1,3,0,56.0
10109590SILVAA_2025-10-18_G31,10109590SILVAA,2025-10-18,124486,1,29,0,502.0
10109590SILVAA_2025-10-18_G32,10109590SILVAA,2025-10-18,181887,1,6,0,802.0
10109590SILVAA_2025-10-18_G33,10109590SILVAA,2025-10-18,114647,1,4,0,145.0
10109590SILVAA_2025-10-18_G34,10109590SILVAA,2025-10-18,122962,1,1,0,78.0
10109590SILVAA_2025-10-18_G35,10109590SILVAA,2025-10-18,122962,1,5,0,34.0
10109590SILVAA_2025-10-18_G36,10109590SILVAA,2025-10-18,122962,1,9,0,279.0
10109590SILVAA_2025-10-18_G37,10109590SILVAA,2025-10-18,124476,1,20,0,428.0
10109590SILVAA_2025-10-18_G38,10109590SILVAA,2025-10-18,123562,1,2,0,120.0
10109590SILVAA_2025-10-18_G39,10109590SILVAA,2025-10-18,123562,1,3,0,73.0
10109590SILVAA_2025-10-18_G40,10109590SILVAA,2025-10-18,122983,1,2,0,93.0
10109590SILVAA_2025-10-18_G41,10109590SILVAA,2025-10-18,122703,1,10,0,253.0
10109590SILVAA_2025-10-18_G42,10109590SILVAA,2025-10-18,122647,2,4,9,116.0
10109590SILVAA_2025-10-18_G43,10109590SILVAA,2025-10-18,124475,1,5,0,282.0
10109590SILVAA_2025-10-18_G44,10109590SILVAA,2025-10-18,123343,1,2,0,128.0
10109590SILVAA_2025-10-18_G45,10109590SILVAA,2025-10-18,123343,1,10,0,511.0
10109590SILVAA_2025-10-18_G46,10109590SILVAA,2025-10-18,123345,1,20,0,481.0
10109590SILVAA_2025-10-18_G47,10109590SILVAA,2025-10-18,123909,1,10,0,204.0
10109590SILVAA_2025-10-18_G48,10109590SILVAA,2025-10-18,122962,1,16,0,342.0
10109590SILVAA_2025-10-18_G50,10109590SILVAA,2025-10-18,124476,1,6,0,123.0
10109590SILVAA_2025-10-18_G51,10109590SILVAA,2025-10-18,120271,1,6,0,119.0
10109590SILVAA_2025-10-18_G52,10109590SILVAA,2025-10-18,124247,1,6,0,98.0
10109590SILVAA_2025-10-18_G53,10109590SILVAA,2025-10-18,124486,1,12,0,309.0
10109590SILVAA_2025-10-18_G54,10109590SILVAA,2025-10-18,120389,1,3,0,58.0
10109590SILVAA_2025-10-18_G55,10109590SILVAA,2025-10-18,120339,1,8,0,163.0
10109590SILVAA_2025-10-18_G56,10109590SILVAA,2025-10-18,124370,1,20,0,700.0
10109590SILVAA_2025-10-18_G57,10109590SILVAA,2025-10-18,120028,1,8,0,178.0
10109590SILVAA_2025-10-18_G58,10109590SILVAA,2025-10-18,122986,1,1,0,55.0
10109590SILVAA_2025-10-20_G02,10109590SILVAA,2025-10-20,121760,1,4,0,2924.0
10109590SILVAA_2025-10-20_G03,10109590SILVAA,2025-10-20,123909,1,1,0,152.0
10109590SILVAA_2025-10-20_G04,10109590SILVAA,2025-10-20,124248,1,2,0,112.0
10109590SILVAA_2025-10-20_G05,10109590SILVAA,2025-10-20,121651,1,14,0,556.0
10109590SILVAA_2025-10-20_G06,10109590SILVAA,2025-10-20,123343,1,2,0,44.0
10109590SILVAA_2025-10-20_G07,10109590SILVAA,2025-10-20,123343,1,4,0,164.0
10109590SILVAA_2025-10-20_G08,10109590SILVAA,2025-10-20,122671,1,30,0,788.0
10109590SILVAA_2025-10-20_G09,10109590SILVAA,2025-10-20,122673,1,20,0,304.0
10109590SILVAA_2025-10-20_G10,10109590SILVAA,2025-10-20,122673,1,9,0,263.0
10109590SILVAA_2025-10-20_G11,10109590SILVAA,2025-10-20,122984,1,31,0,713.0
10109590SILVAA_2025-10-20_G12,10109590SILVAA,2025-10-20,122984,1,4,0,112.0
10109590SILVAA_2025-10-20_G13,10109590SILVAA,2025-10-20,124248,1,3,0,143.0
10109590SILVAA_2025-10-20_G14,10109590SILVAA,2025-10-20,124248,1,3,0,133.0
10109590SILVAA_2025-10-20_G15,10109590SILVAA,2025-10-20,122983,1,4,0,89.0
10109590SILVAA_2025-10-20_G16,10109590SILVAA,2025-10-20,123345,1,20,0,533.0
10109590SILVAA_2025-10-20_G17,10109590SILVAA,2025-10-20,120028,1,14,0,388.0
10109590SILVAA_2025-10-20_G18,10109590SILVAA,2025-10-20,122647,1,2,0,46.0
10109590SILVAA_2025-10-20_G19,10109590SILVAA,2025-10-20,122647,2,5,17,189.0
10109590SILVAA_2025-10-20_G21,10109590SILVAA,2025-10-20,123153,1,25,0,520.0
10109590SILVAA_2025-10-20_G22,10109590SILVAA,2025-10-20,123909,1,10,0,234.0
10109590SILVAA_2025-10-20_G23,10109590SILVAA,2025-10-20,124476,1,4,0,841.0
10109590SILVAA_2025-10-20_G24,10109590SILVAA,2025-10-20,124486,1,7,0,172.0
10109590SILVAA_2025-10-20_G25,10109590SILVAA,2025-10-20,122703,1,8,0,88.0
10109590SILVAA_2025-10-20_G26,10109590SILVAA,2025-10-20,121651,1,11,0,162.0
10109590SILVAA_2025-10-20_G27,10109590SILVAA,2025-10-20,122982,1,50,0,395.0
10109590SILVAA_2025-10-20_G28,10109590SILVAA,2025-10-20,122982,1,18,0,117.0
10109590SILVAA_2025-10-20_G29,10109590SILVAA,2025-10-20,122982,1,14,0,121.0
10109590SILVAA_2025-10-20_G30,10109590SILVAA,2025-10-20,122982,1,50,0,255.0
10109590SILVAA_2025-10-20_G31,10109590SILVAA,2025-10-20,123345,1,20,0,2039.0
10109590SILVAA_2025-10-20_G32,10109590SILVAA,2025-10-20,181887,1,2,0,93.0
10109590SILVAA_2025-10-21_G02,10109590SILVAA,2025-10-21,124247,1,6,0,76.0
10109590SILVAA_2025-10-21_G03,10109590SILVAA,2025-10-21,124486,1,11,0,206.0
10109590SILVAA_2025-10-21_G04,10109590SILVAA,2025-10-21,124370,1,20,0,382.0
10109590SILVAA_2025-10-21_G05,10109590SILVAA,2025-10-21,120389,1,4,0,101.0
10109590SILVAA_2025-10-21_G06,10109590SILVAA,2025-10-21,"124370, 124548",2,16,9,557.0
10109590SILVAA_2025-10-21_G07,10109590SILVAA,2025-10-21,122982,1,8,0,89.0
10109590SILVAA_2025-10-21_G08,10109590SILVAA,2025-10-21,181887,1,3,0,192.0
10109590SILVAA_2025-10-21_G09,10109590SILVAA,2025-10-21,123313,1,4,0,141.0
10109590SILVAA_2025-10-21_G10,10109590SILVAA,2025-10-21,123345,1,40,0,275.0
10109590SILVAA_2025-10-21_G11,10109590SILVAA,2025-10-21,122983,1,20,0,327.0
10109590SILVAA_2025-10-21_G12,10109590SILVAA,2025-10-21,181887,1,6,0,119.0
10109590SILVAA_2025-10-21_G13,10109590SILVAA,2025-10-21,121760,1,10,0,635.0
10109590SILVAA_2025-10-21_G14,10109590SILVAA,2025-10-21,123521,1,1,0,347.0
10109590SILVAA_2025-10-21_G15,10109590SILVAA,2025-10-21,121928,1,2,0,52.0
10109590SILVAA_2025-10-21_G16,10109590SILVAA,2025-10-21,124486,1,4,0,151.0
10109590SILVAA_2025-10-21_G17,10109590SILVAA,2025-10-21,121651,1,6,0,152.0
10109590SILVAA_2025-10-21_G18,10109590SILVAA,2025-10-21,123560,1,2,0,202.0
10109590SILVAA_2025-10-21_G19,10109590SILVAA,2025-10-21,124371,1,8,0,129.0
10109590SILVAA_2025-10-21_G21,10109590SILVAA,2025-10-21,123012,1,148,0,2549.0
10109590SILVAA_2025-10-22_G02,10109590SILVAA,2025-10-22,122986,1,6,0,134.0
10109590SILVAA_2025-10-22_G03,10109590SILVAA,2025-10-22,124548,1,16,0,703.0
10109590SILVAA_2025-10-22_G04,10109590SILVAA,2025-10-22,124548,1,37,0,1440.0
10109590SILVAA_2025-10-22_G05,10109590SILVAA,2025-10-22,124247,1,8,0,371.0
10109590SILVAA_2025-10-22_G06,10109590SILVAA,2025-10-22,124247,1,3,0,216.0
10109590SILVAA_2025-10-22_G07,10109590SILVAA,2025-10-22,122983,1,33,0,885.0
10109590SILVAA_2025-10-22_G08,10109590SILVAA,2025-10-22,181887,1,4,0,255.0
10109590SILVAA_2025-10-22_G09,10109590SILVAA,2025-10-22,122671,1,4,0,1273.0
10109590SILVAA_2025-10-22_G10,10109590SILVAA,2025-10-22,122673,1,1,0,84.0
10109590SILVAA_2025-10-22_G11,10109590SILVAA,2025-10-22,120389,1,6,0,216.0
10109590SILVAA_2025-10-22_G12,10109590SILVAA,2025-10-22,120028,1,10,0,457.0
10109590SILVAA_2025-10-22_G13,10109590SILVAA,2025-10-22,120028,1,6,0,226.0
10109590SILVAA_2025-10-22_G14,10109590SILVAA,2025-10-22,123080,1,27,0,565.0
10109590SILVAA_2025-10-22_G15,10109590SILVAA,2025-10-22,123345,1,4,0,151.0
10109590SILVAA_2025-10-22_G16,10109590SILVAA,2025-10-22,123492,1,50,0,1391.0
10109590SILVAA_2025-10-22_G17,10109590SILVAA,2025-10-22,124486,1,2,0,86.0
10109590SILVAA_2025-10-22_G18,10109590SILVAA,2025-10-22,122984,1,12,0,568.0
10109590SILVAA_2025-10-22_G19,10109590SILVAA,2025-10-22,124486,1,2,0,117.0
10109590SILVAA_2025-10-22_G20,10109590SILVAA,2025-10-22,122982,1,15,0,493.0
10109590SILVAA_2025-10-22_G21,10109590SILVAA,2025-10-22,122185,1,10,0,312.0
10109590SILVAA_2025-10-22_G22,10109590SILVAA,2025-10-22,124486,1,4,0,128.0
10109590SILVAA_2025-10-22_G23,10109590SILVAA,2025-10-22,123343,1,4,0,194.0
10109590SILVAA_2025-10-22_G24,10109590SILVAA,2025-10-22,123564,1,34,0,1259.0
10109590SILVAA_2025-10-22_G25,10109590SILVAA,2025-10-22,124624,1,24,0,654.0
10109590SILVAA_2025-10-22_G26,10109590SILVAA,2025-10-22,122553,1,9,0,245.0
10109590SILVAA_2025-10-22_G28,10109590SILVAA,2025-10-22,123521,1,3,0,222.0
10109590SILVAA_2025-10-22_G29,10109590SILVAA,2025-10-22,120339,1,4,0,122.0
10109590SILVAA_2025-10-22_G30,10109590SILVAA,2025-10-22,122703,1,4,0,204.0
10109590SILVAA_2025-10-22_G31,10109590SILVAA,2025-10-22,121651,1,10,0,327.0
10109590SILVAA_2025-10-22_G32,10109590SILVAA,2025-10-22,121651,1,10,0,347.0
10109590SILVAA_2025-10-22_G33,10109590SILVAA,2025-10-22,122647,1,4,0,129.0
10109590SILVAA_2025-10-22_G34,10109590SILVAA,2025-10-22,124486,1,11,0,346.0
10109590SILVAA_2025-10-22_G35,10109590SILVAA,2025-10-22,124247,2,4,13,99.0
10109590SILVAA_2025-10-22_G36,10109590SILVAA,2025-10-22,122986,1,3,0,191.0
10109590SILVAA_2025-10-22_G37,10109590SILVAA,2025-10-22,121760,1,12,0,629.0
10109590SILVAA_2025-10-22_G38,10109590SILVAA,2025-10-22,122983,1,4,0,114.0
10109590SILVAA_2025-10-22_G39,10109590SILVAA,2025-10-22,121651,1,8,0,361.0
10109590SILVAA_2025-10-22_G40,10109590SILVAA,2025-10-22,123345,1,30,0,546.0
10109590SILVAA_2025-10-22_G41,10109590SILVAA,2025-10-22,181056,1,4,0,1833.0
10109590SILVAA_2025-10-22_G42,10109590SILVAA,2025-10-22,122671,1,4,0,999.0
10109590SILVAA_2025-10-22_G43,10109590SILVAA,2025-10-22,124594,1,18,0,316.0
10109590SILVAA_2025-10-22_G44,10109590SILVAA,2025-10-22,122986,1,2,0,217.0
10109590SILVAA_2025-10-23_G02,10109590SILVAA,2025-10-23,123313,1,4,0,99.0
10109590SILVAA_2025-10-23_G03,10109590SILVAA,2025-10-23,123345,1,10,0,234.0
10109590SILVAA_2025-10-23_G04,10109590SILVAA,2025-10-23,123492,1,13,0,450.0
10109590SILVAA_2025-10-23_G05,10109590SILVAA,2025-10-23,123492,1,15,0,474.0
10109590SILVAA_2025-10-23_G06,10109590SILVAA,2025-10-23,122647,1,40,0,1281.0
10109590SILVAA_2025-10-23_G07,10109590SILVAA,2025-10-23,123822,1,48,0,1015.0
10109590SILVAA_2025-10-23_G08,10109590SILVAA,2025-10-23,120339,1,10,0,895.0
10109590SILVAA_2025-10-23_G09,10109590SILVAA,2025-10-23,124370,1,35,0,2356.0
10109590SILVAA_2025-10-23_G10,10109590SILVAA,2025-10-23,123081,1,24,0,475.0
10109590SILVAA_2025-10-23_G11,10109590SILVAA,2025-10-23,122986,1,4,0,143.0
10109590SILVAA_2025-10-23_G12,10109590SILVAA,2025-10-23,124548,1,8,0,205.0
10109590SILVAA_2025-10-23_G13,10109590SILVAA,2025-10-23,122189,1,4,0,61.0
10109590SILVAA_2025-10-23_G14,10109590SILVAA,2025-10-23,122196,1,10,0,259.0
10109590SILVAA_2025-10-23_G15,10109590SILVAA,2025-10-23,124486,1,4,0,296.0
10109590SILVAA_2025-10-23_G16,10109590SILVAA,2025-10-23,122984,1,19,0,579.0
10109590SILVAA_2025-10-23_G17,10109590SILVAA,2025-10-23,123153,1,1,0,82.0
10109590SILVAA_2025-10-23_G18,10109590SILVAA,2025-10-23,122671,1,4,0,187.0
10109590SILVAA_2025-10-23_G19,10109590SILVAA,2025-10-23,122673,1,6,0,263.0
10109590SILVAA_2025-10-23_G20,10109590SILVAA,2025-10-23,122982,1,5,0,109.0
10109590SILVAA_2025-10-23_G21,10109590SILVAA,2025-10-23,120339,1,2,0,116.0
10109590SILVAA_2025-10-23_G22,10109590SILVAA,2025-10-23,122984,1,24,0,662.0
10109590SILVAA_2025-10-23_G23,10109590SILVAA,2025-10-23,120028,1,60,0,1514.0
10109590SILVAA_2025-10-23_G24,10109590SILVAA,2025-10-23,122984,1,32,0,669.0
10109590SILVAA_2025-10-23_G26,10109590SILVAA,2025-10-23,121760,1,5,0,384.0
10109590SILVAA_2025-10-23_G27,10109590SILVAA,2025-10-23,124475,1,3,0,214.0
10109590SILVAA_2025-10-23_G28,10109590SILVAA,2025-10-23,122981,1,7,0,753.0
10109590SILVAA_2025-10-23_G29,10109590SILVAA,2025-10-23,122673,1,12,0,207.0
10109590SILVAA_2025-10-23_G30,10109590SILVAA,2025-10-23,123345,1,8,0,262.0
10109590SILVAA_2025-10-23_G31,10109590SILVAA,2025-10-23,124594,1,2,0,222.0
10109590SILVAA_2025-10-23_G32,10109590SILVAA,2025-10-23,122962,1,24,0,219.0
10109590SILVAA_2025-10-23_G33,10109590SILVAA,2025-10-23,122962,1,12,0,231.0
10109590SILVAA_2025-10-23_G34,10109590SILVAA,2025-10-23,124370,1,9,0,370.0
10109590SILVAA_2025-10-23_G35,10109590SILVAA,2025-10-23,123343,1,1,0,143.0
10109590SILVAA_2025-10-23_G36,10109590SILVAA,2025-10-23,122983,1,8,0,316.0
10109590SILVAA_2025-10-23_G37,10109590SILVAA,2025-10-23,124247,1,2,0,114.0
10109590SILVAA_2025-10-23_G38,10109590SILVAA,2025-10-23,123313,1,4,0,116.0
10109590SILVAA_2025-10-23_G39,10109590SILVAA,2025-10-23,122962,1,9,0,420.0
10109590SILVAA_2025-10-23_G40,10109590SILVAA,2025-10-23,123909,1,4,0,88.0
10109590SILVAA_2025-10-23_G41,10109590SILVAA,2025-10-23,124476,1,4,0,147.0
10109590SILVAA_2025-10-23_G42,10109590SILVAA,2025-10-23,124486,1,6,0,205.0
10109590SILVAA_2025-10-23_G43,10109590SILVAA,2025-10-23,121651,1,8,0,214.0
10109590SILVAA_2025-10-23_G44,10109590SILVAA,2025-10-23,121760,1,17,0,652.0
10109590SILVAA_2025-10-23_G45,10109590SILVAA,2025-10-23,124486,1,20,0,1337.0
10109590SILVAA_2025-10-23_G46,10109590SILVAA,2025-10-23,122962,1,60,0,147.0
10109590SILVAA_2025-10-23_G47,10109590SILVAA,2025-10-23,122962,1,24,0,2020.0
10109590SILVAA_2025-10-23_G48,10109590SILVAA,2025-10-23,123822,1,16,0,267.0
10109590SILVAA_2025-10-23_G49,10109590SILVAA,2025-10-23,122962,1,8,0,63.0
10109590SILVAA_2025-10-23_G50,10109590SILVAA,2025-10-23,120028,1,12,0,269.0
10109590SILVAA_2025-10-23_G51,10109590SILVAA,2025-10-23,122962,1,20,0,252.0
10109590SILVAA_2025-10-23_G52,10109590SILVAA,2025-10-23,122962,1,50,0,590.0
10109590SILVAA_2025-10-24_G02,10109590SILVAA,2025-10-24,123822,1,13,0,1067.0
10109590SILVAA_2025-10-24_G03,10109590SILVAA,2025-10-24,122988,1,10,0,155.0
10109590SILVAA_2025-10-24_G04,10109590SILVAA,2025-10-24,123909,1,8,0,322.0
10109590SILVAA_2025-10-24_G05,10109590SILVAA,2025-10-24,124486,1,12,0,135.0
10109590SILVAA_2025-10-24_G06,10109590SILVAA,2025-10-24,"120339, 122185",2,16,23,98.0
10109590SILVAA_2025-10-24_G07,10109590SILVAA,2025-10-24,122962,1,8,0,194.0
10109590SILVAA_2025-10-24_G08,10109590SILVAA,2025-10-24,122984,1,65,0,1404.0
10109590SILVAA_2025-10-24_G09,10109590SILVAA,2025-10-24,122981,1,4,0,158.0
10109590SILVAA_2025-10-24_G10,10109590SILVAA,2025-10-24,122962,1,8,0,170.0
10109590SILVAA_2025-10-24_G11,10109590SILVAA,2025-10-24,123344,1,8,0,223.0
10109590SILVAA_2025-10-24_G12,10109590SILVAA,2025-10-24,123947,1,8,0,2323.0
10109590SILVAA_2025-10-24_G13,10109590SILVAA,2025-10-24,122185,1,8,0,148.0
10109590SILVAA_2025-10-24_G14,10109590SILVAA,2025-10-24,123909,1,1,0,48.0
10109590SILVAA_2025-10-24_G15,10109590SILVAA,2025-10-24,121760,1,4,0,42.0
10109590SILVAA_2025-10-24_G16,10109590SILVAA,2025-10-24,124475,1,16,0,329.0
10109590SILVAA_2025-10-24_G17,10109590SILVAA,2025-10-24,124370,1,24,0,356.0
10109590SILVAA_2025-10-24_G18,10109590SILVAA,2025-10-24,120339,1,6,0,65.0
10109590SILVAA_2025-10-24_G19,10109590SILVAA,2025-10-24,120028,1,2,0,159.0
10109590SILVAA_2025-10-24_G20,10109590SILVAA,2025-10-24,122984,1,8,0,54.0
10109590SILVAA_2025-10-24_G21,10109590SILVAA,2025-10-24,124486,1,1,0,106.0
10109590SILVAA_2025-10-24_G22,10109590SILVAA,2025-10-24,123560,1,2,0,212.0
10109590SILVAA_2025-10-24_G23,10109590SILVAA,2025-10-24,123313,1,10,0,219.0
10109590SILVAA_2025-10-24_G24,10109590SILVAA,2025-10-24,123343,1,4,0,162.0
10109590SILVAA_2025-10-24_G25,10109590SILVAA,2025-10-24,124247,1,10,0,168.0
10109590SILVAA_2025-10-24_G26,10109590SILVAA,2025-10-24,124248,1,20,0,121.0
10109590SILVAA_2025-10-24_G27,10109590SILVAA,2025-10-24,122984,1,41,0,572.0
10109590SILVAA_2025-10-24_G28,10109590SILVAA,2025-10-24,122988,1,2,0,71.0
10109590SILVAA_2025-10-24_G29,10109590SILVAA,2025-10-24,122984,1,72,0,1124.0
10109590SILVAA_2025-10-24_G30,10109590SILVAA,2025-10-24,122962,1,50,0,2365.0
10109590SILVAA_2025-10-24_G31,10109590SILVAA,2025-10-24,122962,1,28,0,628.0
10109590SILVAA_2025-10-24_G32,10109590SILVAA,2025-10-24,"123909, 122673, 122671",3,32,35,220.0
10109590SILVAA_2025-10-24_G33,10109590SILVAA,2025-10-24,124486,1,8,0,170.0
10109590SILVAA_2025-10-24_G34,10109590SILVAA,2025-10-24,123492,1,23,0,311.0
10109590SILVAA_2025-10-24_G35,10109590SILVAA,2025-10-24,120028,1,20,0,203.0
10109590SILVAA_2025-10-24_G36,10109590SILVAA,2025-10-24,181056,1,2,0,474.0
10109590SILVAA_2025-10-24_G37,10109590SILVAA,2025-10-24,122673,1,20,0,451.0
10109590SILVAA_2025-10-24_G38,10109590SILVAA,2025-10-24,124247,1,6,0,153.0
10109590SILVAA_2025-10-24_G40,10109590SILVAA,2025-10-24,124624,1,8,0,479.0
10109590SILVAA_2025-10-24_G41,10109590SILVAA,2025-10-24,123344,1,10,0,552.0
10109590SILVAA_2025-10-24_G42,10109590SILVAA,2025-10-24,122185,1,24,0,326.0
10109590SILVAA_2025-10-24_G43,10109590SILVAA,2025-10-24,124475,1,6,0,225.0
10109590SILVAA_2025-10-24_G44,10109590SILVAA,2025-10-24,124370,1,1,0,47.0
10109590SILVAA_2025-10-24_G45,10109590SILVAA,2025-10-24,122967,1,8,0,222.0
10109590SILVAA_2025-10-24_G46,10109590SILVAA,2025-10-24,124548,1,8,0,293.0
10109590SILVAA_2025-10-24_G47,10109590SILVAA,2025-10-24,122647,1,1,0,202.0
10109590SILVAA_2025-10-24_G48,10109590SILVAA,2025-10-24,123345,1,80,0,234.0
10109590SILVAA_2025-10-24_G49,10109590SILVAA,2025-10-24,123343,1,10,0,455.0
10109590SILVAA_2025-10-24_G50,10109590SILVAA,2025-10-24,122962,1,80,0,2752.0
10109590SILVAA_2025-10-25_G02,10109590SILVAA,2025-10-25,121651,1,30,0,561.0
10109590SILVAA_2025-10-25_G03,10109590SILVAA,2025-10-25,124594,1,2,0,146.0
10109590SILVAA_2025-10-25_G04,10109590SILVAA,2025-10-25,123345,1,50,0,193.0
10109590SILVAA_2025-10-25_G05,10109590SILVAA,2025-10-25,121760,1,1,0,286.0
10109590SILVAA_2025-10-25_G06,10109590SILVAA,2025-10-25,120339,1,2,0,125.0
10109590SILVAA_2025-10-25_G08,10109590SILVAA,2025-10-25,122647,1,1,0,187.0
10109590SILVAA_2025-10-25_G09,10109590SILVAA,2025-10-25,122647,1,2,0,54.0
10109590SILVAA_2025-10-25_G10,10109590SILVAA,2025-10-25,123492,1,30,0,526.0
10109590SILVAA_2025-10-25_G11,10109590SILVAA,2025-10-25,122673,1,4,0,138.0
10109590SILVAA_2025-10-25_G12,10109590SILVAA,2025-10-25,122673,1,2,0,36.0
10109590SILVAA_2025-10-25_G13,10109590SILVAA,2025-10-25,124594,1,4,0,108.0
10109590SILVAA_2025-10-25_G14,10109590SILVAA,2025-10-25,122962,1,20,0,220.0
10109590SILVAA_2025-10-25_G15,10109590SILVAA,2025-10-25,122962,1,20,0,176.0
10109590SILVAA_2025-10-25_G16,10109590SILVAA,2025-10-25,123909,1,6,0,262.0
10109590SILVAA_2025-10-25_G17,10109590SILVAA,2025-10-25,123909,1,6,0,220.0
10109590SILVAA_2025-10-25_G18,10109590SILVAA,2025-10-25,124486,1,20,0,319.0
10109590SILVAA_2025-10-25_G19,10109590SILVAA,2025-10-25,124486,1,20,0,186.0
10109590SILVAA_2025-10-25_G20,10109590SILVAA,2025-10-25,122962,1,4,0,99.0
10109590SILVAA_2025-10-25_G21,10109590SILVAA,2025-10-25,124486,1,6,0,107.0
10109590SILVAA_2025-10-25_G22,10109590SILVAA,2025-10-25,122962,1,4,0,149.0
10109590SILVAA_2025-10-25_G23,10109590SILVAA,2025-10-25,124486,1,20,0,141.0
10109590SILVAA_2025-10-25_G24,10109590SILVAA,2025-10-25,122185,1,20,0,367.0
10109590SILVAA_2025-10-25_G25,10109590SILVAA,2025-10-25,124248,1,30,0,478.0
10109590SILVAA_2025-10-25_G26,10109590SILVAA,2025-10-25,124371,1,8,0,448.0
10109590SILVAA_2025-10-25_G27,10109590SILVAA,2025-10-25,124486,1,4,0,101.0
10109590SILVAA_2025-10-25_G28,10109590SILVAA,2025-10-25,181887,1,1,0,76.0
10109590SILVAA_2025-10-25_G29,10109590SILVAA,2025-10-25,124371,1,8,0,154.0
10109590SILVAA_2025-10-25_G30,10109590SILVAA,2025-10-25,122962,1,8,0,78.0
10109590SILVAA_2025-10-25_G31,10109590SILVAA,2025-10-25,121760,1,4,0,92.0
10109590SILVAA_2025-10-25_G32,10109590SILVAA,2025-10-25,121651,1,20,0,337.0
10109590SILVAA_2025-10-25_G33,10109590SILVAA,2025-10-25,121651,1,20,0,374.0
10109590SILVAA_2025-10-25_G34,10109590SILVAA,2025-10-25,121760,1,4,0,58.0
10109590SILVAA_2025-10-25_G35,10109590SILVAA,2025-10-25,122988,3,5,20,70.0
10109590SILVAA_2025-10-25_G36,10109590SILVAA,2025-10-25,122962,1,54,0,657.0
10109590SILVAA_2025-10-25_G37,10109590SILVAA,2025-10-25,124486,1,8,0,130.0
10109590SILVAA_2025-10-25_G38,10109590SILVAA,2025-10-25,121651,1,8,0,141.0
10109590SILVAA_2025-10-25_G39,10109590SILVAA,2025-10-25,123343,1,8,0,231.0
10109590SILVAA_2025-10-25_G40,10109590SILVAA,2025-10-25,122962,1,48,0,684.0
10109590SILVAA_2025-10-25_G41,10109590SILVAA,2025-10-25,124486,1,4,0,104.0
10109590SILVAA_2025-10-25_G42,10109590SILVAA,2025-10-25,121760,1,8,0,187.0
10109590SILVAA_2025-10-25_G43,10109590SILVAA,2025-10-25,124486,1,4,0,425.0
10109590SILVAA_2025-10-25_G45,10109590SILVAA,2025-10-25,123562,1,8,0,217.0
10109590SILVAA_2025-10-25_G46,10109590SILVAA,2025-10-25,122983,1,8,0,99.0
10109590SILVAA_2025-10-25_G47,10109590SILVAA,2025-10-25,122703,1,12,0,294.0
10109590SILVAA_2025-10-25_G48,10109590SILVAA,2025-10-25,123561,1,4,0,123.0
10109590SILVAA_2025-10-25_G49,10109590SILVAA,2025-10-25,123560,1,8,0,230.0
10109590SILVAA_2025-10-25_G50,10109590SILVAA,2025-10-25,124548,1,8,0,111.0
10109590SILVAA_2025-10-25_G51,10109590SILVAA,2025-10-25,124371,1,60,0,958.0
10109590SILVAA_2025-10-25_G52,10109590SILVAA,2025-10-25,123492,1,1,0,242.0
10109590SILVAA_2025-10-25_G53,10109590SILVAA,2025-10-25,123313,1,4,0,126.0
10109590SILVAA_2025-10-27_G02,10109590SILVAA,2025-10-27,122962,1,12,0,347.0
10109590SILVAA_2025-10-27_G03,10109590SILVAA,2025-10-27,123909,1,60,0,731.0
10109590SILVAA_2025-10-27_G04,10109590SILVAA,2025-10-27,122185,1,2,0,118.0
10109590SILVAA_2025-10-27_G05,10109590SILVAA,2025-10-27,122185,1,16,0,113.0
10109590SILVAA_2025-10-27_G06,10109590SILVAA,2025-10-27,124247,1,6,0,79.0
10109590SILVAA_2025-10-27_G07,10109590SILVAA,2025-10-27,122962,1,12,0,158.0
10109590SILVAA_2025-10-27_G08,10109590SILVAA,2025-10-27,122647,1,26,0,340.0
10109590SILVAA_2025-10-27_G09,10109590SILVAA,2025-10-27,122673,1,4,0,48.0
10109590SILVAA_2025-10-27_G11,10109590SILVAA,2025-10-27,124248,1,10,0,247.0
10109590SILVAA_2025-10-27_G12,10109590SILVAA,2025-10-27,124370,1,22,0,568.0
10109590SILVAA_2025-10-27_G13,10109590SILVAA,2025-10-27,120389,1,3,0,56.0
10109590SILVAA_2025-10-27_G14,10109590SILVAA,2025-10-27,124511,1,30,0,393.0
10109590SILVAA_2025-10-27_G15,10109590SILVAA,2025-10-27,180054,1,1,0,97.0
10109590SILVAA_2025-10-27_G16,10109590SILVAA,2025-10-27,181887,1,4,0,132.0
10109590SILVAA_2025-10-27_G17,10109590SILVAA,2025-10-27,180054,1,1,0,135.0
10109590SILVAA_2025-10-27_G18,10109590SILVAA,2025-10-27,123343,1,20,0,797.0
10109590SILVAA_2025-10-27_G19,10109590SILVAA,2025-10-27,123343,1,155,0,699.0
10109590SILVAA_2025-10-27_G20,10109590SILVAA,2025-10-27,123345,1,7,0,622.0
10109590SILVAA_2025-10-27_G21,10109590SILVAA,2025-10-27,123344,1,7,0,500.0
10109590SILVAA_2025-10-27_G22,10109590SILVAA,2025-10-27,123909,1,5,0,637.0
10109590SILVAA_2025-10-27_G23,10109590SILVAA,2025-10-27,123822,1,20,0,585.0
10109590SILVAA_2025-10-27_G24,10109590SILVAA,2025-10-27,123822,1,20,0,608.0
10109590SILVAA_2025-10-27_G25,10109590SILVAA,2025-10-27,122962,1,2,0,109.0
10109590SILVAA_2025-10-27_G26,10109590SILVAA,2025-10-27,123562,1,3,0,208.0
10109590SILVAA_2025-10-27_G27,10109590SILVAA,2025-10-27,124370,1,5,0,286.0
10109590SILVAA_2025-10-27_G28,10109590SILVAA,2025-10-27,124247,1,2,0,55.0
10109590SILVAA_2025-10-27_G29,10109590SILVAA,2025-10-27,122984,1,4,0,117.0
10109590SILVAA_2025-10-27_G30,10109590SILVAA,2025-10-27,121651,1,16,0,618.0
10109590SILVAA_2025-10-27_G31,10109590SILVAA,2025-10-27,124371,1,8,0,150.0
10109590SILVAA_2025-10-27_G32,10109590SILVAA,2025-10-27,123345,1,6,0,239.0
10109590SILVAA_2025-10-27_G33,10109590SILVAA,2025-10-27,180024,1,6,0,603.0
10109590SILVAA_2025-10-27_G34,10109590SILVAA,2025-10-27,123345,1,18,0,600.0
10109590SILVAA_2025-10-27_G35,10109590SILVAA,2025-10-27,124624,1,6,0,182.0
10109590SILVAA_2025-10-27_G36,10109590SILVAA,2025-10-27,123909,1,4,0,191.0
10109590SILVAA_2025-10-27_G37,10109590SILVAA,2025-10-27,123345,1,3,0,164.0
10109590SILVAA_2025-10-27_G38,10109590SILVAA,2025-10-27,123345,1,2,0,54.0
10109590SILVAA_2025-10-27_G39,10109590SILVAA,2025-10-27,123822,1,2,0,197.0
10109590SILVAA_2025-10-27_G40,10109590SILVAA,2025-10-27,123345,1,20,0,500.0
10109590SILVAA_2025-10-27_G41,10109590SILVAA,2025-10-27,123345,2,10,16,103.0
10109590SILVAA_2025-10-27_G42,10109590SILVAA,2025-10-27,123344,1,6,0,443.0
10109590SILVAA_2025-10-27_G43,10109590SILVAA,2025-10-27,122673,1,3,0,160.0
10109590SILVAA_2025-10-27_G44,10109590SILVAA,2025-10-27,124371,1,2,0,142.0
10109590SILVAA_2025-10-28_G02,10109590SILVAA,2025-10-28,123492,2,6,27,365.0
10109590SILVAA_2025-10-28_G03,10109590SILVAA,2025-10-28,123909,1,26,0,788.0
10109590SILVAA_2025-10-28_G04,10109590SILVAA,2025-10-28,124370,1,20,0,197.0
10109590SILVAA_2025-10-28_G05,10109590SILVAA,2025-10-28,124247,1,6,0,60.0
10109590SILVAA_2025-10-28_G06,10109590SILVAA,2025-10-28,120272,1,20,0,199.0
10109590SILVAA_2025-10-28_G07,10109590SILVAA,2025-10-28,"120272, 124371",2,12,28,87.0
10109590SILVAA_2025-10-28_G08,10109590SILVAA,2025-10-28,123889,1,4,0,53.0
10109590SILVAA_2025-10-28_G09,10109590SILVAA,2025-10-28,181057,1,12,0,241.0
10109590SILVAA_2025-10-28_G10,10109590SILVAA,2025-10-28,123345,1,30,0,204.0
10109590SILVAA_2025-10-29_G02,10109590SILVAA,2025-10-29,122647,1,35,0,722.0
10109590SILVAA_2025-10-29_G03,10109590SILVAA,2025-10-29,124371,1,4,0,116.0
10109590SILVAA_2025-10-29_G04,10109590SILVAA,2025-10-29,120272,1,8,0,558.0
10109590SILVAA_2025-10-29_G05,10109590SILVAA,2025-10-29,122185,2,4,14,61.0
10109590SILVAA_2025-10-29_G06,10109590SILVAA,2025-10-29,124247,1,6,0,252.0
10109590SILVAA_2025-10-29_G07,10109590SILVAA,2025-10-29,122962,1,12,0,116.0
10109590SILVAA_2025-10-29_G08,10109590SILVAA,2025-10-29,122647,1,26,0,398.0
10109590SILVAA_2025-10-29_G09,10109590SILVAA,2025-10-29,122673,1,4,0,121.0
10109590SILVAA_2025-10-29_G10,10109590SILVAA,2025-10-29,122984,1,38,0,1009.0
10109590SILVAA_2025-10-29_G11,10109590SILVAA,2025-10-29,122983,1,4,0,54.0
10109590SILVAA_2025-10-29_G12,10109590SILVAA,2025-10-29,120389,1,4,0,275.0
10109590SILVAA_2025-10-29_G13,10109590SILVAA,2025-10-29,120008,1,12,0,224.0
10109590SILVAA_2025-10-29_G14,10109590SILVAA,2025-10-29,122962,1,20,0,156.0
10109590SILVAA_2025-10-29_G15,10109590SILVAA,2025-10-29,122962,1,20,0,137.0
10109590SILVAA_2025-10-29_G16,10109590SILVAA,2025-10-29,122647,1,20,0,295.0
10109590SILVAA_2025-10-29_G17,10109590SILVAA,2025-10-29,122647,1,47,0,628.0
10109590SILVAA_2025-10-29_G18,10109590SILVAA,2025-10-29,124248,1,15,0,621.0
10109590SILVAA_2025-10-29_G20,10109590SILVAA,2025-10-29,122983,1,32,0,858.0
10109590SILVAA_2025-10-29_G21,10109590SILVAA,2025-10-29,122984,1,125,0,2523.0
10109590SILVAA_2025-10-29_G22,10109590SILVAA,2025-10-29,122196,1,30,0,480.0
10109590SILVAA_2025-10-29_G23,10109590SILVAA,2025-10-29,123390,1,19,0,710.0
10109590SILVAA_2025-10-30_G02,10109590SILVAA,2025-10-30,120339,1,4,0,208.0
10109590SILVAA_2025-10-30_G03,10109590SILVAA,2025-10-30,122962,1,12,0,244.0
10109590SILVAA_2025-10-30_G04,10109590SILVAA,2025-10-30,124486,1,4,0,98.0
10109590SILVAA_2025-10-30_G05,10109590SILVAA,2025-10-30,120272,1,2,0,259.0
10109590SILVAA_2025-10-30_G06,10109590SILVAA,2025-10-30,120028,1,16,0,611.0
10109590SILVAA_2025-10-30_G07,10109590SILVAA,2025-10-30,122967,1,8,0,154.0
10109590SILVAA_2025-10-30_G08,10109590SILVAA,2025-10-30,124486,1,1,0,1005.0
10109590SILVAA_2025-10-30_G09,10109590SILVAA,2025-10-30,123822,1,34,0,700.0
10109590SILVAA_2025-10-30_G10,10109590SILVAA,2025-10-30,122962,1,30,0,84.0
10109590SILVAA_2025-10-30_G11,10109590SILVAA,2025-10-30,"122673, 122962",2,22,6,349.0
10109590SILVAA_2025-10-30_G12,10109590SILVAA,2025-10-30,124486,1,40,0,448.0
10109590SILVAA_2025-10-30_G13,10109590SILVAA,2025-10-30,181887,1,8,0,118.0
10109590SILVAA_2025-10-30_G14,10109590SILVAA,2025-10-30,123345,1,35,0,366.0
10109590SILVAA_2025-10-30_G15,10109590SILVAA,2025-10-30,124511,1,20,0,137.0
10109590SILVAA_2025-10-30_G16,10109590SILVAA,2025-10-30,180054,1,2,0,157.0
10109590SILVAA_2025-10-30_G17,10109590SILVAA,2025-10-30,"122962, 123909",2,34,12,230.0
10109590SILVAA_2025-10-30_G18,10109590SILVAA,2025-10-30,124486,1,70,0,801.0
10109590SILVAA_2025-10-30_G20,10109590SILVAA,2025-10-30,123822,1,1,0,76.0
10109590SILVAA_2025-10-30_G21,10109590SILVAA,2025-10-30,122647,1,2,0,70.0
10109590SILVAA_2025-10-30_G22,10109590SILVAA,2025-10-30,121304,1,16,0,381.0
10109590SILVAA_2025-10-30_G23,10109590SILVAA,2025-10-30,122962,1,28,0,199.0
10109590SILVAA_2025-10-30_G24,10109590SILVAA,2025-10-30,124433,1,30,0,160.0
10109590SILVAA_2025-10-30_G25,10109590SILVAA,2025-10-30,120028,1,24,0,343.0
10109590SILVAA_2025-10-30_G26,10109590SILVAA,2025-10-30,120028,1,40,0,523.0
10109590SILVAA_2025-10-31_G02,10109590SILVAA,2025-10-31,124511,1,100,0,370.0
10109590SILVAA_2025-10-31_G03,10109590SILVAA,2025-10-31,122671,1,4,0,124.0
10109590SILVAA_2025-10-31_G04,10109590SILVAA,2025-10-31,124511,1,30,0,124.0
10109590SILVAA_2025-10-31_G05,10109590SILVAA,2025-10-31,123909,1,6,0,165.0
10109590SILVAA_2025-10-31_G06,10109590SILVAA,2025-10-31,124511,1,20,0,44.0
10109590SILVAA_2025-10-31_G07,10109590SILVAA,2025-10-31,122671,1,4,0,59.0
10109590SILVAA_2025-10-31_G09,10109590SILVAA,2025-10-31,121760,1,3,0,144.0
10109590SILVAA_2025-11-06_G02,10109590SILVAA,2025-11-06,122185,1,64,0,986.0
10109590SILVAA_2025-11-06_G03,10109590SILVAA,2025-11-06,122962,1,8,0,205.0
10109590SILVAA_2025-11-06_G04,10109590SILVAA,2025-11-06,124548,1,24,0,403.0
10109590SILVAA_2025-11-06_G05,10109590SILVAA,2025-11-06,122962,1,12,0,343.0
10109590SILVAA_2025-11-06_G06,10109590SILVAA,2025-11-06,122983,1,4,0,124.0
10109590SILVAA_2025-11-06_G08,10109590SILVAA,2025-11-06,122962,1,20,0,298.0
10109590SILVAA_2025-11-06_G09,10109590SILVAA,2025-11-06,122981,1,1,0,46.0
10109590SILVAA_2025-11-06_G10,10109590SILVAA,2025-11-06,123153,1,10,0,232.0
10109590SILVAA_2025-11-06_G11,10109590SILVAA,2025-11-06,123080,1,22,0,297.0
10109590SILVAA_2025-11-06_G12,10109590SILVAA,2025-11-06,123153,1,40,0,325.0
10109590SILVAA_2025-11-06_G13,10109590SILVAA,2025-11-06,122962,1,26,0,356.0
10109590SILVAA_2025-11-06_G14,10109590SILVAA,2025-11-06,124247,1,6,0,179.0
10109590SILVAA_2025-11-06_G15,10109590SILVAA,2025-11-06,122962,1,24,0,608.0
10109590SILVAA_2025-11-06_G16,10109590SILVAA,2025-11-06,124264,1,52,0,587.0
10109590SILVAA_2025-11-06_G17,10109590SILVAA,2025-11-06,121928,1,2,0,79.0
10109590SILVAA_2025-11-06_G18,10109590SILVAA,2025-11-06,124370,1,50,0,1347.0
10109590SILVAA_2025-11-06_G19,10109590SILVAA,2025-11-06,123345,1,30,0,391.0
10109590SILVAA_2025-11-06_G21,10109590SILVAA,2025-11-06,124247,1,6,0,130.0
10109590SILVAA_2025-11-11_G02,10109590SILVAA,2025-11-11,124486,1,17,0,329.0
10109590SILVAA_2025-11-11_G03,10109590SILVAA,2025-11-11,124486,1,30,0,624.0
10109590SILVAA_2025-11-11_G04,10109590SILVAA,2025-11-11,120028,1,20,0,289.0
10109590SILVAA_2025-11-11_G05,10109590SILVAA,2025-11-11,122647,1,9,0,99.0
10109590SILVAA_2025-11-11_G06,10109590SILVAA,2025-11-11,122647,1,1,0,40.0
10109590SILVAA_2025-11-11_G07,10109590SILVAA,2025-11-11,124486,1,3,0,328.0
10109590SILVAA_2025-11-11_G08,10109590SILVAA,2025-11-11,123909,1,3,0,82.0
10109590SILVAA_2025-11-11_G09,10109590SILVAA,2025-11-11,121760,1,25,0,694.0
10109590SILVAA_2025-11-11_G10,10109590SILVAA,2025-11-11,123343,1,4,0,456.0
10109590SILVAA_2025-11-11_G11,10109590SILVAA,2025-11-11,123345,1,2,0,102.0
10109590SILVAA_2025-11-11_G12,10109590SILVAA,2025-11-11,123889,1,2,0,272.0
10109590SILVAA_2025-11-11_G13,10109590SILVAA,2025-11-11,123153,1,2,0,115.0
10109590SILVAA_2025-11-11_G14,10109590SILVAA,2025-11-11,124486,1,5,0,152.0
10109590SILVAA_2025-11-11_G15,10109590SILVAA,2025-11-11,124486,1,4,0,1136.0
10109590SILVAA_2025-11-11_G16,10109590SILVAA,2025-11-11,123909,1,5,0,115.0
10109590SILVAA_2025-11-11_G17,10109590SILVAA,2025-11-11,121760,1,3,0,88.0
10109590SILVAA_2025-11-11_G18,10109590SILVAA,2025-11-11,124371,1,4,0,84.0
10109590SILVAA_2025-11-11_G19,10109590SILVAA,2025-11-11,124370,1,3,0,351.0
10109590SILVAA_2025-11-11_G20,10109590SILVAA,2025-11-11,121651,1,4,0,79.0
10109590SILVAA_2025-11-11_G21,10109590SILVAA,2025-11-11,123345,1,2,0,101.0
10109590SILVAA_2025-11-11_G22,10109590SILVAA,2025-11-11,124486,1,3,0,1261.0
10109590SILVAA_2025-11-11_G23,10109590SILVAA,2025-11-11,121760,1,4,0,179.0
10109590SILVAA_2025-11-11_G24,10109590SILVAA,2025-11-11,124371,1,8,0,106.0
10109590SILVAA_2025-11-11_G25,10109590SILVAA,2025-11-11,124370,1,12,0,239.0
10109590SILVAA_2025-11-11_G26,10109590SILVAA,2025-11-11,124475,1,6,0,137.0
10109590SILVAA_2025-11-11_G27,10109590SILVAA,2025-11-11,124486,1,2,0,72.0
10109590SILVAA_2025-11-11_G28,10109590SILVAA,2025-11-11,122185,1,2,0,110.0
10109590SILVAA_2025-11-11_G29,10109590SILVAA,2025-11-11,121760,1,2,0,136.0
10109590SILVAA_2025-11-11_G30,10109590SILVAA,2025-11-11,124371,1,2,0,84.0
10109590SILVAA_2025-11-11_G31,10109590SILVAA,2025-11-11,124370,1,3,0,84.0
10109590SILVAA_2025-11-11_G32,10109590SILVAA,2025-11-11,124475,1,4,0,122.0
10109590SILVAA_2025-11-11_G33,10109590SILVAA,2025-11-11,123345,1,1,0,319.0
10109590SILVAA_2025-11-11_G34,10109590SILVAA,2025-11-11,122988,1,9,0,284.0
10109590SILVAA_2025-11-11_G35,10109590SILVAA,2025-11-11,122982,1,12,0,334.0
10109590SILVAA_2025-11-11_G36,10109590SILVAA,2025-11-11,123909,1,4,0,275.0
10109590SILVAA_2025-11-11_G37,10109590SILVAA,2025-11-11,121760,1,5,0,384.0
10109590SILVAA_2025-11-11_G38,10109590SILVAA,2025-11-11,124371,1,8,0,189.0
10109590SILVAA_2025-11-11_G39,10109590SILVAA,2025-11-11,124370,1,6,0,63.0
10109590SILVAA_2025-11-11_G40,10109590SILVAA,2025-11-11,124475,1,2,0,59.0
10109590SILVAA_2025-11-11_G41,10109590SILVAA,2025-11-11,124486,2,4,12,223.0
10109590SILVAA_2025-11-11_G44,10109590SILVAA,2025-11-11,122984,1,12,0,346.0
10109590SILVAA_2025-11-11_G45,10109590SILVAA,2025-11-11,123909,1,4,0,129.0
10109590SILVAA_2025-11-11_G46,10109590SILVAA,2025-11-11,124475,1,3,0,224.0
10109590SILVAA_2025-11-11_G47,10109590SILVAA,2025-11-11,123344,1,5,0,221.0
10109590SILVAA_2025-11-11_G48,10109590SILVAA,2025-11-11,121651,1,6,0,385.0
10109590SILVAA_2025-11-11_G49,10109590SILVAA,2025-11-11,122962,1,5,0,995.0
10109590SILVAA_2025-11-11_G50,10109590SILVAA,2025-11-11,122962,1,95,0,1162.0
10109590SILVAA_2025-11-11_G51,10109590SILVAA,2025-11-11,121923,1,1,0,188.0
10109590SILVAA_2025-11-11_G52,10109590SILVAA,2025-11-11,124486,1,60,0,898.0
10109590SILVAA_2025-11-11_G53,10109590SILVAA,2025-11-11,122981,1,30,0,384.0
10109590SILVAA_2025-11-12_G02,10109590SILVAA,2025-11-12,120008,1,18,0,870.0
10109590SILVAA_2025-11-12_G03,10109590SILVAA,2025-11-12,124486,1,3,0,67.0
10109590SILVAA_2025-11-12_G04,10109590SILVAA,2025-11-12,121760,1,6,0,154.0
10109590SILVAA_2025-11-12_G05,10109590SILVAA,2025-11-12,122703,1,4,0,174.0
10109590SILVAA_2025-11-12_G06,10109590SILVAA,2025-11-12,124370,1,4,0,197.0
10109590SILVAA_2025-11-12_G07,10109590SILVAA,2025-11-12,124475,1,4,0,213.0
10109590SILVAA_2025-11-12_G08,10109590SILVAA,2025-11-12,123345,1,4,0,241.0
10109590SILVAA_2025-11-12_G09,10109590SILVAA,2025-11-12,114647,1,4,0,335.0
10109590SILVAA_2025-11-12_G10,10109590SILVAA,2025-11-12,124247,1,32,0,608.0
10109590SILVAA_2025-11-12_G11,10109590SILVAA,2025-11-12,122962,1,24,0,548.0
10109590SILVAA_2025-11-12_G13,10109590SILVAA,2025-11-12,124476,1,12,0,340.0
10109590SILVAA_2025-11-12_G14,10109590SILVAA,2025-11-12,122983,1,12,0,289.0
10109590SILVAA_2025-11-12_G15,10109590SILVAA,2025-11-12,124247,1,3,0,74.0
10109590SILVAA_2025-11-12_G16,10109590SILVAA,2025-11-12,124475,1,6,0,363.0
10109590SILVAA_2025-11-12_G17,10109590SILVAA,2025-11-12,121651,1,20,0,780.0
10109590SILVAA_2025-11-12_G18,10109590SILVAA,2025-11-12,123344,1,5,0,345.0
10109590SILVAA_2025-11-12_G20,10109590SILVAA,2025-11-12,122185,1,30,0,824.0
10109590SILVAA_2025-11-12_G21,10109590SILVAA,2025-11-12,122984,1,50,0,1080.0
10109590SILVAA_2025-11-12_G22,10109590SILVAA,2025-11-12,122647,1,12,0,287.0
10109590SILVAA_2025-11-12_G23,10109590SILVAA,2025-11-12,124371,1,40,0,543.0
10109590SILVAA_2025-11-12_G24,10109590SILVAA,2025-11-12,120272,1,8,0,166.0
10109590SILVAA_2025-11-12_G25,10109590SILVAA,2025-11-12,120008,1,4,0,134.0
10109590SILVAA_2025-11-13_G02,10109590SILVAA,2025-11-13,122981,1,8,0,203.0
10109590SILVAA_2025-11-13_G03,10109590SILVAA,2025-11-13,123080,1,8,0,320.0
10109590SILVAA_2025-11-13_G04,10109590SILVAA,2025-11-13,120028,1,30,0,1001.0
10109590SILVAA_2025-11-13_G05,10109590SILVAA,2025-11-13,122189,1,2,0,93.0
10109590SILVAA_2025-11-13_G06,10109590SILVAA,2025-11-13,120272,1,6,0,302.0
10109590SILVAA_2025-11-13_G07,10109590SILVAA,2025-11-13,123822,1,26,0,1632.0
10109590SILVAA_2025-11-13_G08,10109590SILVAA,2025-11-13,120008,1,32,0,2031.0
10109590SILVAA_2025-11-13_G09,10109590SILVAA,2025-11-13,120008,1,27,0,727.0
10109590SILVAA_2025-11-13_G10,10109590SILVAA,2025-11-13,122185,1,2,0,192.0
10109590SILVAA_2025-11-13_G11,10109590SILVAA,2025-11-13,124247,1,4,0,165.0
10109590SILVAA_2025-11-13_G12,10109590SILVAA,2025-11-13,124548,1,10,0,449.0
10109590SILVAA_2025-11-13_G13,10109590SILVAA,2025-11-13,124548,1,16,0,468.0
10109590SILVAA_2025-11-13_G14,10109590SILVAA,2025-11-13,124548,1,20,0,492.0
10109590SILVAA_2025-11-13_G15,10109590SILVAA,2025-11-13,120339,1,6,0,195.0
10109590SILVAA_2025-11-13_G17,10109590SILVAA,2025-11-13,123343,1,4,0,676.0
10109590SILVAA_2025-11-13_G18,10109590SILVAA,2025-11-13,120028,1,24,0,515.0
10109590SILVAA_2025-11-13_G19,10109590SILVAA,2025-11-13,124486,1,50,0,744.0
10109590SILVAA_2025-11-13_G20,10109590SILVAA,2025-11-13,123909,1,20,0,173.0
10109590SILVAA_2025-11-13_G21,10109590SILVAA,2025-11-13,122671,1,20,0,149.0
10109590SILVAA_2025-11-13_G22,10109590SILVAA,2025-11-13,122962,1,50,0,502.0
10109590SILVAA_2025-11-13_G23,10109590SILVAA,2025-11-13,122962,1,2,0,128.0
10109590SILVAA_2025-11-17_G02,10109590SILVAA,2025-11-17,120028,1,4,0,85.0
10109590SILVAA_2025-11-17_G03,10109590SILVAA,2025-11-17,124370,1,30,0,484.0
10109590SILVAA_2025-11-17_G04,10109590SILVAA,2025-11-17,120008,1,4,0,134.0
10109590SILVAA_2025-11-17_G05,10109590SILVAA,2025-11-17,123520,1,2,0,80.0
10109590SILVAA_2025-11-17_G06,10109590SILVAA,2025-11-17,123343,1,20,0,752.0
10109590SILVAA_2025-11-17_G07,10109590SILVAA,2025-11-17,123343,1,2,0,317.0
10109590SILVAA_2025-11-17_G08,10109590SILVAA,2025-11-17,123313,1,24,0,816.0
10109590SILVAA_2025-11-17_G09,10109590SILVAA,2025-11-17,124477,1,8,0,479.0
10109590SILVAA_2025-11-17_G10,10109590SILVAA,2025-11-17,124624,1,30,0,453.0
10109590SILVAA_2025-11-17_G11,10109590SILVAA,2025-11-17,121760,1,18,0,273.0
10109590SILVAA_2025-11-17_G12,10109590SILVAA,2025-11-17,122984,2,7,13,62.0
10109590SILVAA_2025-11-17_G13,10109590SILVAA,2025-11-17,122984,1,8,0,79.0
10109590SILVAA_2025-11-17_G14,10109590SILVAA,2025-11-17,120271,1,6,0,170.0
10109590SILVAA_2025-11-17_G15,10109590SILVAA,2025-11-17,124475,1,6,0,136.0
10109590SILVAA_2025-11-17_G16,10109590SILVAA,2025-11-17,122983,1,10,0,139.0
10109590SILVAA_2025-11-17_G17,10109590SILVAA,2025-11-17,120339,1,70,0,1166.0
10109590SILVAA_2025-11-17_G18,10109590SILVAA,2025-11-17,120339,1,2,0,32.0
10109590SILVAA_2025-11-17_G19,10109590SILVAA,2025-11-17,120389,1,2,0,70.0
10109590SILVAA_2025-11-17_G20,10109590SILVAA,2025-11-17,123343,1,4,0,249.0
10109590SILVAA_2025-11-17_G21,10109590SILVAA,2025-11-17,121760,1,10,0,543.0
10109590SILVAA_2025-11-17_G22,10109590SILVAA,2025-11-17,124476,1,4,0,79.0
10109590SILVAA_2025-11-18_G02,10109590SILVAA,2025-11-18,181887,1,4,0,365.0
10109590SILVAA_2025-11-18_G03,10109590SILVAA,2025-11-18,181057,1,1,0,197.0
10109590SILVAA_2025-11-18_G04,10109590SILVAA,2025-11-18,181057,1,8,0,106.0
10109590SILVAA_2025-11-18_G05,10109590SILVAA,2025-11-18,181887,1,16,0,681.0
10109590SILVAA_2025-11-18_G06,10109590SILVAA,2025-11-18,123492,1,1,0,297.0
10109590SILVAA_2025-11-18_G07,10109590SILVAA,2025-11-18,122185,1,2,0,122.0
10109590SILVAA_2025-11-18_G08,10109590SILVAA,2025-11-18,122185,1,8,0,225.0
10109590SILVAA_2025-11-18_G09,10109590SILVAA,2025-11-18,122185,1,8,0,150.0
10109590SILVAA_2025-11-18_G10,10109590SILVAA,2025-11-18,122981,1,10,0,171.0
10109590SILVAA_2025-11-18_G11,10109590SILVAA,2025-11-18,124476,1,2,0,91.0
10109590SILVAA_2025-11-18_G12,10109590SILVAA,2025-11-18,124370,1,2,0,118.0
10109590SILVAA_2025-11-18_G13,10109590SILVAA,2025-11-18,124371,1,8,0,349.0
10109590SILVAA_2025-11-18_G14,10109590SILVAA,2025-11-18,124433,1,4,0,193.0
10109590SILVAA_2025-11-19_G02,10109590SILVAA,2025-11-19,123153,1,22,0,394.0
10109590SILVAA_2025-11-19_G03,10109590SILVAA,2025-11-19,122981,1,16,0,238.0
10109590SILVAA_2025-11-19_G04,10109590SILVAA,2025-11-19,124248,1,20,0,254.0
10109590SILVAA_2025-11-19_G05,10109590SILVAA,2025-11-19,124370,1,52,0,833.0
10109590SILVAA_2025-11-19_G06,10109590SILVAA,2025-11-19,122967,1,37,0,652.0
10109590SILVAA_2025-11-19_G07,10109590SILVAA,2025-11-19,124247,1,37,0,1048.0
10109590SILVAA_2025-11-19_G08,10109590SILVAA,2025-11-19,124486,1,45,0,634.0
10109590SILVAA_2025-11-19_G09,10109590SILVAA,2025-11-19,122986,1,20,0,976.0
10109590SILVAA_2025-11-19_G10,10109590SILVAA,2025-11-19,121651,1,45,0,466.0
10109590SILVAA_2025-11-19_G12,10109590SILVAA,2025-11-19,124486,1,35,0,509.0
10109590SILVAA_2025-11-19_G14,10109590SILVAA,2025-11-19,122984,1,12,0,324.0
10109590SILVAA_2025-11-19_G15,10109590SILVAA,2025-11-19,123822,1,8,0,222.0
10109590SILVAA_2025-11-19_G16,10109590SILVAA,2025-11-19,123562,1,3,0,58.0
10109590SILVAA_2025-11-19_G17,10109590SILVAA,2025-11-19,122703,1,40,0,705.0
10109590SILVAA_2025-11-19_G18,10109590SILVAA,2025-11-19,121651,1,60,0,1153.0
10109590SILVAA_2025-11-19_G19,10109590SILVAA,2025-11-19,123521,1,5,0,174.0
10109590SILVAA_2025-11-19_G20,10109590SILVAA,2025-11-19,180069,1,10,0,1311.0
10109590SILVAA_2025-11-19_G21,10109590SILVAA,2025-11-19,123345,1,20,0,333.0
10109590SILVAA_2025-11-19_G22,10109590SILVAA,2025-11-19,123343,1,2,0,454.0
10109590SILVAA_2025-11-19_G23,10109590SILVAA,2025-11-19,122962,1,32,0,690.0
10109590SILVAA_2025-11-19_G24,10109590SILVAA,2025-11-19,124486,1,1,0,62.0
10109590SILVAA_2025-11-19_G25,10109590SILVAA,2025-11-19,122673,1,2,0,81.0
10109590SILVAA_2025-11-19_G26,10109590SILVAA,2025-11-19,122673,1,10,0,394.0
10109590SILVAA_2025-11-19_G27,10109590SILVAA,2025-11-19,122673,1,30,0,447.0
10109590SILVAA_2025-11-19_G28,10109590SILVAA,2025-11-19,122673,1,30,0,526.0
10109590SILVAA_2025-11-21_G02,10109590SILVAA,2025-11-21,120028,1,40,0,863.0
10109590SILVAA_2025-11-21_G03,10109590SILVAA,2025-11-21,123889,1,8,0,273.0
10109590SILVAA_2025-11-21_G04,10109590SILVAA,2025-11-21,123889,1,6,0,270.0
10109590SILVAA_2025-11-21_G05,10109590SILVAA,2025-11-21,123153,1,22,0,1652.0
10109590SILVAA_2025-11-21_G06,10109590SILVAA,2025-11-21,122962,1,20,0,372.0
10109590SILVAA_2025-11-21_G07,10109590SILVAA,2025-11-21,120028,1,24,0,522.0
10109590SILVAA_2025-11-21_G08,10109590SILVAA,2025-11-21,124247,1,4,0,72.0
10109590SILVAA_2025-11-21_G09,10109590SILVAA,2025-11-21,124248,1,16,0,246.0
10109590SILVAA_2025-11-21_G10,10109590SILVAA,2025-11-21,120389,1,24,0,359.0
10109590SILVAA_2025-11-21_G11,10109590SILVAA,2025-11-21,123344,1,22,0,778.0
10109590SILVAA_2025-11-21_G12,10109590SILVAA,2025-11-21,120339,1,6,0,57.0
10109590SILVAA_2025-11-21_G13,10109590SILVAA,2025-11-21,124486,1,70,0,1389.0
10109590SILVAA_2025-11-21_G14,10109590SILVAA,2025-11-21,122673,1,20,0,456.0
10109590SILVAA_2025-11-21_G15,10109590SILVAA,2025-11-21,122673,1,6,0,107.0
10109590SILVAA_2025-11-21_G16,10109590SILVAA,2025-11-21,122673,1,6,0,262.0
10109590SILVAA_2025-11-21_G17,10109590SILVAA,2025-11-21,122962,1,20,0,633.0
10109590SILVAA_2025-11-21_G18,10109590SILVAA,2025-11-21,123492,1,50,0,871.0
10109590SILVAA_2025-11-21_G19,10109590SILVAA,2025-11-21,124486,1,20,0,343.0
10109590SILVAA_2025-11-21_G20,10109590SILVAA,2025-11-21,124486,1,16,0,312.0
10109590SILVAA_2025-11-21_G21,10109590SILVAA,2025-11-21,124486,1,14,0,237.0
10109590SILVAA_2025-11-21_G22,10109590SILVAA,2025-11-21,124486,1,1,0,61.0
10109590SILVAA_2025-11-21_G23,10109590SILVAA,2025-11-21,123344,1,2,0,620.0
10109590SILVAA_2025-11-21_G24,10109590SILVAA,2025-11-21,124475,1,3,0,243.0
10109590SILVAA_2025-11-21_G25,10109590SILVAA,2025-11-21,123345,1,20,0,301.0
10109590SILVAA_2025-11-21_G26,10109590SILVAA,2025-11-21,123343,1,2,0,68.0
10109590SILVAA_2025-11-21_G27,10109590SILVAA,2025-11-21,123344,1,2,0,134.0
10109590SILVAA_2025-11-21_G28,10109590SILVAA,2025-11-21,121760,1,2,0,151.0
10109590SILVAA_2025-11-21_G29,10109590SILVAA,2025-11-21,121651,1,2,0,138.0
10109590SILVAA_2025-11-21_G30,10109590SILVAA,2025-11-21,121651,1,2,0,125.0
10109590SILVAA_2025-11-21_G31,10109590SILVAA,2025-11-21,124370,1,80,0,1269.0
10109590SILVAA_2025-11-21_G33,10109590SILVAA,2025-11-21,124486,1,6,0,251.0
10109590SILVAA_2025-11-21_G34,10109590SILVAA,2025-11-21,122984,1,30,0,545.0
10109590SILVAA_2025-11-21_G35,10109590SILVAA,2025-11-21,124248,1,5,0,36.0
10109590SILVAA_2025-11-21_G36,10109590SILVAA,2025-11-21,122671,1,4,0,167.0
10109590SILVAA_2025-11-21_G37,10109590SILVAA,2025-11-21,122988,1,16,0,844.0
10109590SILVAA_2025-11-21_G38,10109590SILVAA,2025-11-21,124370,1,16,0,298.0
10109590SILVAA_2025-11-21_G39,10109590SILVAA,2025-11-21,123909,1,44,0,741.0
10109590SILVAA_2025-11-21_G40,10109590SILVAA,2025-11-21,124371,1,8,0,132.0
10109590SILVAA_2025-11-21_G41,10109590SILVAA,2025-11-21,122968,1,4,0,863.0
10109590SILVAA_2025-11-21_G42,10109590SILVAA,2025-11-21,124548,1,28,0,849.0
10109590SILVAA_2025-11-21_G43,10109590SILVAA,2025-11-21,120389,1,6,0,195.0
10109590SILVAA_2025-11-21_G44,10109590SILVAA,2025-11-21,122962,1,50,0,941.0
10109590SILVAA_2025-11-21_G45,10109590SILVAA,2025-11-21,123344,1,30,0,2278.0
10109590SILVAA_2025-11-21_G46,10109590SILVAA,2025-11-21,124476,1,12,0,496.0
10109590SILVAA_2025-11-21_G47,10109590SILVAA,2025-11-21,121760,1,30,0,737.0
10109590SILVAA_2025-11-22_G02,10109590SILVAA,2025-11-22,124476,1,10,0,512.0
10109590SILVAA_2025-11-22_G03,10109590SILVAA,2025-11-22,124476,1,12,0,213.0
10109590SILVAA_2025-11-22_G04,10109590SILVAA,2025-11-22,122984,1,8,0,139.0
10109590SILVAA_2025-11-22_G05,10109590SILVAA,2025-11-22,124248,1,6,0,115.0
10109590SILVAA_2025-11-22_G06,10109590SILVAA,2025-11-22,124475,1,12,0,135.0
10109590SILVAA_2025-11-22_G07,10109590SILVAA,2025-11-22,123909,1,30,0,408.0
10109590SILVAA_2025-11-22_G08,10109590SILVAA,2025-11-22,124371,1,20,0,337.0
10109590SILVAA_2025-11-22_G09,10109590SILVAA,2025-11-22,124370,1,40,0,815.0
10109590SILVAA_2025-11-22_G10,10109590SILVAA,2025-11-22,120389,1,40,0,661.0
10109590SILVAA_2025-11-22_G11,10109590SILVAA,2025-11-22,124486,1,30,0,466.0
10109590SILVAA_2025-11-22_G12,10109590SILVAA,2025-11-22,123521,1,6,0,116.0
10109590SILVAA_2025-11-22_G13,10109590SILVAA,2025-11-22,124371,1,20,0,411.0
10109590SILVAA_2025-11-22_G14,10109590SILVAA,2025-11-22,123345,1,20,0,97.0
10109590SILVAA_2025-11-22_G15,10109590SILVAA,2025-11-22,123343,1,20,0,406.0
10109590SILVAA_2025-11-22_G17,10109590SILVAA,2025-11-22,124476,1,4,0,80.0
10109590SILVAA_2025-11-22_G18,10109590SILVAA,2025-11-22,122982,1,28,0,776.0
10109590SILVAA_2025-11-22_G19,10109590SILVAA,2025-11-22,124475,1,32,0,867.0
10109590SILVAA_2025-11-22_G20,10109590SILVAA,2025-11-22,122671,1,2,0,80.0
10109590SILVAA_2025-11-22_G21,10109590SILVAA,2025-11-22,121760,1,25,0,989.0
10109590SILVAA_2025-11-22_G22,10109590SILVAA,2025-11-22,120339,1,16,0,323.0
10109590SILVAA_2025-11-22_G23,10109590SILVAA,2025-11-22,122986,1,12,0,296.0
10109590SILVAA_2025-11-22_G24,10109590SILVAA,2025-11-22,121651,1,4,0,716.0
10109590SILVAA_2025-11-22_G25,10109590SILVAA,2025-11-22,124594,1,10,0,723.0
10109590SILVAA_2025-11-22_G26,10109590SILVAA,2025-11-22,123344,1,40,0,198.0
10109590SILVAA_2025-11-22_G27,10109590SILVAA,2025-11-22,122962,1,170,0,2869.0
10109590SILVAA_2025-11-22_G28,10109590SILVAA,2025-11-22,123081,1,12,0,204.0
10109590SILVAA_2025-11-22_G29,10109590SILVAA,2025-11-22,124476,1,14,0,241.0
10109590SILVAA_2025-11-22_G30,10109590SILVAA,2025-11-22,124475,1,20,0,439.0
10109590SILVAA_2025-11-22_G31,10109590SILVAA,2025-11-22,121760,1,13,0,247.0
10109590SILVAA_2025-11-22_G32,10109590SILVAA,2025-11-22,124371,1,12,0,324.0
10109590SILVAA_2025-11-22_G33,10109590SILVAA,2025-11-22,122673,1,9,0,132.0
10109590SILVAA_2025-11-24_G02,10109590SILVAA,2025-11-24,180094,1,1,0,199.0
10109590SILVAA_2025-11-24_G03,10109590SILVAA,2025-11-24,122982,1,40,0,1586.0
10109590SILVAA_2025-11-24_G04,10109590SILVAA,2025-11-24,120028,1,4,0,102.0
10109590SILVAA_2025-11-24_G05,10109590SILVAA,2025-11-24,120389,1,14,0,289.0
10109590SILVAA_2025-11-24_G06,10109590SILVAA,2025-11-24,124624,1,40,0,196.0
10109590SILVAA_2025-11-24_G07,10109590SILVAA,2025-11-24,120339,1,60,0,1356.0
10109590SILVAA_2025-11-24_G08,10109590SILVAA,2025-11-24,122984,1,4,0,97.0
10109590SILVAA_2025-11-24_G09,10109590SILVAA,2025-11-24,124248,1,5,0,163.0
10109590SILVAA_2025-11-24_G10,10109590SILVAA,2025-11-24,122988,1,6,0,130.0
10109590SILVAA_2025-11-25_G02,10109590SILVAA,2025-11-25,123822,1,40,0,1742.0
10109590SILVAA_2025-11-25_G03,10109590SILVAA,2025-11-25,120028,1,40,0,1369.0
10109590SILVAA_2025-11-25_G04,10109590SILVAA,2025-11-25,123153,1,6,0,173.0
10109590SILVAA_2025-11-25_G05,10109590SILVAA,2025-11-25,120272,1,2,0,194.0
10109590SILVAA_2025-11-25_G06,10109590SILVAA,2025-11-25,124486,1,2,0,825.0
10109590SILVAA_2025-11-25_G07,10109590SILVAA,2025-11-25,124247,1,2,0,208.0
10109590SILVAA_2025-11-25_G09,10109590SILVAA,2025-11-25,123909,1,12,0,571.0
10109590SILVAA_2025-11-25_G10,10109590SILVAA,2025-11-25,123345,1,20,0,332.0
10109590SILVAA_2025-11-25_G11,10109590SILVAA,2025-11-25,124248,1,40,0,539.0
10109590SILVAA_2025-11-25_G12,10109590SILVAA,2025-11-25,122984,1,40,0,721.0
10109590SILVAA_2025-11-25_G13,10109590SILVAA,2025-11-25,122962,1,12,0,266.0
10109590SILVAA_2025-11-25_G14,10109590SILVAA,2025-11-25,122962,1,36,0,744.0
10109590SILVAA_2025-11-25_G15,10109590SILVAA,2025-11-25,124486,1,130,0,1776.0
10109590SILVAA_2025-11-27_G02,10109590SILVAA,2025-11-27,181056,1,4,0,213.0
10109590SILVAA_2025-11-27_G03,10109590SILVAA,2025-11-27,120389,1,30,0,698.0
10109590SILVAA_2025-11-27_G04,10109590SILVAA,2025-11-27,123345,1,6,0,124.0
10109590SILVAA_2025-11-27_G05,10109590SILVAA,2025-11-27,181057,1,4,0,288.0
10109590SILVAA_2025-11-27_G06,10109590SILVAA,2025-11-27,122647,1,6,0,216.0
10109590SILVAA_2025-11-27_G07,10109590SILVAA,2025-11-27,122647,1,52,0,718.0
10109590SILVAA_2025-11-27_G08,10109590SILVAA,2025-11-27,122962,1,8,0,428.0
10109590SILVAA_2025-11-27_G09,10109590SILVAA,2025-11-27,122647,1,2,0,94.0
10109590SILVAA_2025-11-27_G10,10109590SILVAA,2025-11-27,181056,1,4,0,264.0
10109590SILVAA_2025-11-27_G11,10109590SILVAA,2025-11-27,124433,1,4,0,248.0
10109590SILVAA_2025-11-27_G12,10109590SILVAA,2025-11-27,122962,1,24,0,482.0
10109590SILVAA_2025-11-27_G13,10109590SILVAA,2025-11-27,122962,1,40,0,2528.0
10109590SILVAA_2025-11-27_G14,10109590SILVAA,2025-11-27,120028,1,8,0,150.0
10109590SILVAA_2025-11-27_G15,10109590SILVAA,2025-11-27,124247,1,8,0,304.0
10109590SILVAA_2025-11-27_G16,10109590SILVAA,2025-11-27,120339,1,1,0,93.0
10109590SILVAA_2025-11-27_G17,10109590SILVAA,2025-11-27,122673,1,18,0,904.0
10109590SILVAA_2025-11-27_G18,10109590SILVAA,2025-11-27,122673,1,16,0,469.0
10109590SILVAA_2025-11-27_G19,10109590SILVAA,2025-11-27,123153,1,10,0,449.0
10109590SILVAA_2025-11-27_G20,10109590SILVAA,2025-11-27,123153,1,4,0,108.0
10109590SILVAA_2025-11-27_G22,10109590SILVAA,2025-11-27,123345,1,40,0,530.0
10109590SILVAA_2025-11-27_G23,10109590SILVAA,2025-11-27,124486,1,250,0,3348.0
10109590SILVAA_2025-11-27_G24,10109590SILVAA,2025-11-27,122196,1,16,0,795.0
10109590SILVAA_2025-11-27_G25,10109590SILVAA,2025-11-27,122962,1,32,0,597.0
10109590SILVAA_2025-11-27_G26,10109590SILVAA,2025-11-27,124486,1,12,0,411.0
10109590SILVAA_2025-11-27_G27,10109590SILVAA,2025-11-27,124476,1,2,0,258.0
10109590SILVAA_2025-11-27_G28,10109590SILVAA,2025-11-27,124475,1,2,0,155.0
10109590SILVAA_2025-11-27_G29,10109590SILVAA,2025-11-27,121760,1,4,0,76.0
10109590SILVAA_2025-11-27_G30,10109590SILVAA,2025-11-27,124371,1,8,0,33.0
10109590SILVAA_2025-11-27_G31,10109590SILVAA,2025-11-27,123345,1,1,0,180.0
10109590SILVAA_2025-11-27_G32,10109590SILVAA,2025-11-27,123822,1,60,0,1005.0
10109590SILVAA_2025-11-27_G33,10109590SILVAA,2025-11-27,123909,1,41,0,365.0
10109590SILVAA_2025-11-27_G34,10109590SILVAA,2025-11-27,123345,1,36,0,832.0
10109590SILVAA_2025-11-28_G02,10109590SILVAA,2025-11-28,123343,1,4,0,229.0
10109590SILVAA_2025-11-28_G03,10109590SILVAA,2025-11-28,123345,1,4,0,501.0
10109590SILVAA_2025-11-28_G04,10109590SILVAA,2025-11-28,122962,1,32,0,1146.0
10109590SILVAA_2025-11-28_G05,10109590SILVAA,2025-11-28,123344,1,5,0,197.0
10109590SILVAA_2025-11-28_G06,10109590SILVAA,2025-11-28,122962,1,4,0,121.0
10109590SILVAA_2025-11-28_G07,10109590SILVAA,2025-11-28,122962,1,40,0,544.0
10109590SILVAA_2025-11-28_G08,10109590SILVAA,2025-11-28,121651,1,20,0,455.0
10109590SILVAA_2025-11-28_G09,10109590SILVAA,2025-11-28,124486,1,6,0,66.0
10109590SILVAA_2025-11-28_G10,10109590SILVAA,2025-11-28,122703,1,8,0,196.0
10109590SILVAA_2025-11-28_G11,10109590SILVAA,2025-11-28,181056,1,2,0,137.0
10109590SILVAA_2025-11-28_G12,10109590SILVAA,2025-11-28,122984,1,12,0,1232.0
10109590SILVAA_2025-11-28_G13,10109590SILVAA,2025-11-28,124475,1,1,0,82.0
10109590SILVAA_2025-11-28_G14,10109590SILVAA,2025-11-28,124371,1,4,0,147.0
10109590SILVAA_2025-11-28_G15,10109590SILVAA,2025-11-28,123909,1,4,0,171.0
10109590SILVAA_2025-11-28_G16,10109590SILVAA,2025-11-28,124370,1,4,0,138.0
10109590SILVAA_2025-11-28_G17,10109590SILVAA,2025-11-28,181056,1,2,0,151.0
10109590SILVAA_2025-11-28_G18,10109590SILVAA,2025-11-28,123344,1,7,0,197.0
10109590SILVAA_2025-11-28_G19,10109590SILVAA,2025-11-28,121651,1,8,0,109.0
10109590SILVAA_2025-11-28_G20,10109590SILVAA,2025-11-28,181056,1,2,0,79.0
10109590SILVAA_2025-11-28_G23,10109590SILVAA,2025-11-28,124486,1,4,0,194.0
10109590SILVAA_2025-11-28_G24,10109590SILVAA,2025-11-28,120028,1,12,0,311.0
10109590SILVAA_2025-11-28_G25,10109590SILVAA,2025-11-28,122962,1,24,0,367.0
10109590SILVAA_2025-11-28_G26,10109590SILVAA,2025-11-28,122647,1,60,0,1115.0
10109590SILVAA_2025-11-28_G27,10109590SILVAA,2025-11-28,122671,1,4,0,69.0
10109590SILVAA_2025-11-28_G28,10109590SILVAA,2025-11-28,122673,1,6,0,276.0
10109590SILVAA_2025-11-28_G29,10109590SILVAA,2025-11-28,122671,1,4,0,155.0
10109590SILVAA_2025-11-28_G30,10109590SILVAA,2025-11-28,122647,1,4,0,229.0
10109590SILVAA_2025-11-28_G31,10109590SILVAA,2025-11-28,122673,1,4,0,232.0
10109590SILVAA_2025-11-28_G32,10109590SILVAA,2025-11-28,123343,1,26,0,2921.0
10109590SILVAA_2025-11-28_G33,10109590SILVAA,2025-11-28,123345,1,50,0,453.0
10109590SILVAA_2025-11-28_G34,10109590SILVAA,2025-11-28,123822,1,10,0,635.0
10109590SILVAA_2025-11-28_G35,10109590SILVAA,2025-11-28,122673,1,4,0,113.0
10109590SILVAA_2025-11-28_G36,10109590SILVAA,2025-11-28,122982,1,14,0,323.0
10109590SILVAA_2025-11-28_G37,10109590SILVAA,2025-11-28,123080,1,8,0,495.0
10109590SILVAA_2025-11-28_G38,10109590SILVAA,2025-11-28,122962,1,12,0,316.0
10109590SILVAA_2025-11-28_G39,10109590SILVAA,2025-11-28,124486,1,12,0,294.0
10109590SILVAA_2025-11-28_G40,10109590SILVAA,2025-11-28,124248,1,20,0,380.0
10109590SILVAA_2025-11-28_G41,10109590SILVAA,2025-11-28,122984,1,20,0,336.0
10109590SILVAA_2025-11-28_G42,10109590SILVAA,2025-11-28,120272,1,6,0,194.0
10109590SILVAA_2025-11-28_G43,10109590SILVAA,2025-11-28,124247,1,8,0,441.0
10109590SILVAA_2025-11-29_G02,10109590SILVAA,2025-11-29,124248,1,24,0,173.0
10109590SILVAA_2025-11-29_G03,10109590SILVAA,2025-11-29,122962,1,200,0,2249.0
10109590SILVAA_2025-11-29_G04,10109590SILVAA,2025-11-29,120028,1,12,0,451.0
10109590SILVAA_2025-11-29_G05,10109590SILVAA,2025-11-29,122671,1,24,0,203.0
10109590SILVAA_2025-11-29_G06,10109590SILVAA,2025-11-29,122983,1,4,0,95.0
10109590SILVAA_2025-11-29_G07,10109590SILVAA,2025-11-29,124247,1,20,0,346.0
10109590SILVAA_2025-11-29_G09,10109590SILVAA,2025-11-29,120028,1,222,0,1994.0
10109590SILVAA_2025-11-29_G10,10109590SILVAA,2025-11-29,123343,1,2,0,982.0
10109590SILVAA_2025-11-29_G11,10109590SILVAA,2025-11-29,124486,1,6,0,107.0
10109590SILVAA_2025-11-29_G12,10109590SILVAA,2025-11-29,121651,1,4,0,104.0
10109590SILVAA_2025-11-29_G13,10109590SILVAA,2025-11-29,123343,1,2,0,139.0
10109590SILVAA_2025-11-29_G14,10109590SILVAA,2025-11-29,120028,1,25,0,536.0
10109590SILVAA_2025-11-29_G15,10109590SILVAA,2025-11-29,122671,1,8,0,61.0
10109590SILVAA_2025-11-29_G16,10109590SILVAA,2025-11-29,123343,1,2,0,238.0
10109590SILVAA_2025-11-29_G17,10109590SILVAA,2025-11-29,124624,1,6,0,139.0
10109590SILVAA_2025-11-29_G18,10109590SILVAA,2025-11-29,124247,1,8,0,134.0
10109590SILVAA_2025-11-29_G19,10109590SILVAA,2025-11-29,180098,1,4,0,89.0
10109590SILVAA_2025-11-29_G20,10109590SILVAA,2025-11-29,121651,1,6,0,126.0
10109590SILVAA_2025-11-29_G21,10109590SILVAA,2025-11-29,"122982, 124486",2,10,28,103.0
10109590SILVAA_2025-11-29_G22,10109590SILVAA,2025-11-29,122982,1,4,0,66.0
10109590SILVAA_2025-11-29_G23,10109590SILVAA,2025-11-29,181056,1,2,0,100.0
10109590SILVAA_2025-11-29_G24,10109590SILVAA,2025-11-29,124486,1,7,0,62.0
10109590SILVAA_2025-11-29_G25,10109590SILVAA,2025-11-29,122981,1,4,0,70.0
10109590SILVAA_2025-11-29_G26,10109590SILVAA,2025-11-29,121651,1,7,0,86.0
10109590SILVAA_2025-11-29_G27,10109590SILVAA,2025-11-29,121760,1,4,0,73.0
10109590SILVAA_2025-11-29_G28,10109590SILVAA,2025-11-29,124248,1,19,0,249.0
10109590SILVAA_2025-11-29_G29,10109590SILVAA,2025-11-29,123492,1,4,0,84.0
10109590SILVAA_2025-11-29_G30,10109590SILVAA,2025-11-29,124248,1,3,0,73.0
10109590SILVAA_2025-11-29_G31,10109590SILVAA,2025-11-29,124475,1,4,0,143.0
10109590SILVAA_2025-11-29_G32,10109590SILVAA,2025-11-29,121760,1,4,0,142.0
10109590SILVAA_2025-11-29_G33,10109590SILVAA,2025-11-29,124370,1,9,0,57.0
10109590SILVAA_2025-11-29_G34,10109590SILVAA,2025-11-29,124486,1,6,0,121.0
10109590SILVAA_2025-11-29_G35,10109590SILVAA,2025-11-29,121651,1,4,0,141.0
10109590SILVAA_2025-11-29_G36,10109590SILVAA,2025-11-29,124371,1,6,0,90.0
10109590SILVAA_2025-11-29_G37,10109590SILVAA,2025-11-29,124370,1,4,0,137.0
10109590SILVAA_2025-11-29_G39,10109590SILVAA,2025-11-29,181056,1,3,0,45.0
10109590SILVAA_2025-11-29_G40,10109590SILVAA,2025-11-29,123345,1,61,0,744.0
10109590SILVAA_2025-11-29_G41,10109590SILVAA,2025-11-29,123344,1,10,0,146.0
10109590SILVAA_2025-11-29_G42,10109590SILVAA,2025-11-29,124486,1,10,0,188.0
10109590SILVAA_2025-11-29_G43,10109590SILVAA,2025-11-29,123562,1,1,0,68.0
10109590SILVAA_2025-11-29_G44,10109590SILVAA,2025-11-29,124475,1,6,0,140.0
10109590SILVAA_2025-11-29_G45,10109590SILVAA,2025-11-29,123080,1,4,0,42.0
10109590SILVAA_2025-11-29_G46,10109590SILVAA,2025-11-29,122671,1,12,0,40.0
10109590SILVAA_2025-11-29_G47,10109590SILVAA,2025-11-29,124371,1,10,0,179.0
10109590SILVAA_2025-11-29_G48,10109590SILVAA,2025-11-29,123909,1,3,0,40.0
10109590SILVAA_2025-11-29_G49,10109590SILVAA,2025-11-29,181887,1,6,0,125.0
10109590SILVAA_2025-11-29_G50,10109590SILVAA,2025-11-29,180054,1,1,0,285.0
10109590SILVAA_2025-11-29_G51,10109590SILVAA,2025-11-29,180054,1,1,0,50.0
10109590SILVAA_2025-11-29_G52,10109590SILVAA,2025-11-29,123343,1,3,0,120.0
10109590SILVAA_2025-11-29_G53,10109590SILVAA,2025-11-29,123345,1,30,0,449.0
10109590SILVAA_2025-11-29_G54,10109590SILVAA,2025-11-29,123344,1,20,0,580.0
10109590SILVAA_2025-11-29_G55,10109590SILVAA,2025-11-29,123343,1,24,0,705.0
10109590SILVAA_2025-11-29_G56,10109590SILVAA,2025-11-29,123345,1,50,0,823.0
10109590SILVAA_2025-11-29_G57,10109590SILVAA,2025-11-29,123313,1,6,0,46.0
10109590SILVAA_2025-11-29_G58,10109590SILVAA,2025-11-29,124371,1,50,0,1191.0
10109590SILVAA_2025-12-01_G02,10109590SILVAA,2025-12-01,122962,1,40,0,596.0
10109590SILVAA_2025-12-01_G03,10109590SILVAA,2025-12-01,124264,1,40,0,386.0
10109590SILVAA_2025-12-01_G04,10109590SILVAA,2025-12-01,124264,1,60,0,670.0
10109590SILVAA_2025-12-01_G05,10109590SILVAA,2025-12-01,122673,1,100,0,1118.0
10109590SILVAA_2025-12-02_G02,10109590SILVAA,2025-12-02,122984,1,20,0,531.0
10109590SILVAA_2025-12-02_G03,10109590SILVAA,2025-12-02,124248,1,92,0,1349.0
10109590SILVAA_2025-12-02_G04,10109590SILVAA,2025-12-02,123153,1,50,0,803.0
10109590SILVAA_2025-12-02_G05,10109590SILVAA,2025-12-02,122673,1,10,0,163.0
10109590SILVAA_2025-12-02_G06,10109590SILVAA,2025-12-02,122962,1,29,0,427.0
10109590SILVAA_2025-12-02_G07,10109590SILVAA,2025-12-02,124486,1,20,0,283.0
10109590SILVAA_2025-12-02_G08,10109590SILVAA,2025-12-02,123909,1,4,0,167.0
10109590SILVAA_2025-12-02_G09,10109590SILVAA,2025-12-02,124586,1,20,0,691.0
10109590SILVAA_2025-12-02_G10,10109590SILVAA,2025-12-02,180373,1,8,0,428.0
10109590SILVAA_2025-12-02_G11,10109590SILVAA,2025-12-02,122962,1,30,0,1271.0
10109590SILVAA_2025-12-02_G12,10109590SILVAA,2025-12-02,123822,1,50,0,1693.0
10109590SILVAA_2025-12-02_G13,10109590SILVAA,2025-12-02,124486,1,50,0,644.0
10109590SILVAA_2025-12-04_G02,10109590SILVAA,2025-12-04,123344,1,82,0,397.0
10109590SILVAA_2025-12-04_G03,10109590SILVAA,2025-12-04,122981,1,8,0,167.0
10109590SILVAA_2025-12-04_G04,10109590SILVAA,2025-12-04,124476,1,4,0,95.0
10109590SILVAA_2025-12-04_G05,10109590SILVAA,2025-12-04,122984,1,8,0,183.0
10109590SILVAA_2025-12-04_G06,10109590SILVAA,2025-12-04,124248,1,2,0,927.0
10109590SILVAA_2025-12-04_G07,10109590SILVAA,2025-12-04,120339,1,2,0,138.0
10109590SILVAA_2025-12-04_G08,10109590SILVAA,2025-12-04,121760,1,50,0,808.0
10109590SILVAA_2025-12-04_G09,10109590SILVAA,2025-12-04,122703,1,8,0,158.0
10109590SILVAA_2025-12-04_G10,10109590SILVAA,2025-12-04,121651,1,60,0,506.0
10109590SILVAA_2025-12-04_G11,10109590SILVAA,2025-12-04,121651,1,2,0,131.0
10109590SILVAA_2025-12-04_G12,10109590SILVAA,2025-12-04,121651,1,8,0,1051.0
10109590SILVAA_2025-12-04_G13,10109590SILVAA,2025-12-04,121760,1,2,0,116.0
10109590SILVAA_2025-12-04_G14,10109590SILVAA,2025-12-04,123343,1,6,0,168.0
10109590SILVAA_2025-12-04_G15,10109590SILVAA,2025-12-04,123345,1,2,0,258.0
10109590SILVAA_2025-12-04_G17,10109590SILVAA,2025-12-04,124548,1,50,0,980.0
10109590SILVAA_2025-12-04_G18,10109590SILVAA,2025-12-04,124548,1,200,0,3159.0
10109590SILVAA_2025-12-04_G19,10109590SILVAA,2025-12-04,181235,1,7,0,381.0
10109590SILVAA_2025-12-04_G20,10109590SILVAA,2025-12-04,181235,1,1,0,90.0
10109590SILVAA_2025-12-04_G21,10109590SILVAA,2025-12-04,123344,1,6,0,347.0
10109590SILVAA_2025-12-04_G22,10109590SILVAA,2025-12-04,124475,1,25,0,469.0
10109590SILVAA_2025-12-04_G23,10109590SILVAA,2025-12-04,124371,1,12,0,358.0
10109590SILVAA_2025-12-04_G24,10109590SILVAA,2025-12-04,124370,1,6,0,164.0
10109590SILVAA_2025-12-04_G25,10109590SILVAA,2025-12-04,123313,1,4,0,109.0
10109590SILVAA_2025-12-05_G02,10109590SILVAA,2025-12-05,124476,1,4,0,48.0
10109590SILVAA_2025-12-05_G03,10109590SILVAA,2025-12-05,121760,1,2,0,84.0
10109590SILVAA_2025-12-05_G04,10109590SILVAA,2025-12-05,124371,1,6,0,111.0
10109590SILVAA_2025-12-05_G05,10109590SILVAA,2025-12-05,122984,1,12,0,264.0
10109590SILVAA_2025-12-05_G06,10109590SILVAA,2025-12-05,124248,1,16,0,121.0
10109590SILVAA_2025-12-05_G07,10109590SILVAA,2025-12-05,122988,1,2,0,169.0
10109590SILVAA_2025-12-05_G08,10109590SILVAA,2025-12-05,122962,1,27,0,273.0
10109590SILVAA_2025-12-05_G09,10109590SILVAA,2025-12-05,124486,1,12,0,260.0
10109590SILVAA_2025-12-05_G10,10109590SILVAA,2025-12-05,123909,1,6,0,182.0
10109590SILVAA_2025-12-05_G11,10109590SILVAA,2025-12-05,124248,1,10,0,75.0
10109590SILVAA_2025-12-05_G12,10109590SILVAA,2025-12-05,124247,1,6,0,173.0
10109590SILVAA_2025-12-05_G14,10109590SILVAA,2025-12-05,121923,1,20,0,2172.0
10109590SILVAA_2025-12-05_G15,10109590SILVAA,2025-12-05,124248,1,200,0,412.0
10109590SILVAA_2025-12-05_G16,10109590SILVAA,2025-12-05,122981,1,60,0,1077.0
10109590SILVAA_2025-12-05_G17,10109590SILVAA,2025-12-05,122671,1,100,0,992.0
10109590SILVAA_2025-12-05_G18,10109590SILVAA,2025-12-05,122703,1,90,0,1720.0
10109590SILVAA_2025-12-05_G19,10109590SILVAA,2025-12-05,122986,1,70,0,1528.0
10109590SILVAA_2025-12-06_G02,10109590SILVAA,2025-12-06,122647,1,8,0,244.0
10109590SILVAA_2025-12-06_G03,10109590SILVAA,2025-12-06,124624,1,11,0,354.0
10109590SILVAA_2025-12-06_G04,10109590SILVAA,2025-12-06,124548,1,12,0,224.0
10109590SILVAA_2025-12-06_G05,10109590SILVAA,2025-12-06,120272,1,8,0,146.0
10109590SILVAA_2025-12-06_G06,10109590SILVAA,2025-12-06,122981,1,6,0,121.0
10109590SILVAA_2025-12-06_G07,10109590SILVAA,2025-12-06,122962,1,88,0,938.0
10109590SILVAA_2025-12-06_G08,10109590SILVAA,2025-12-06,122984,1,20,0,190.0
10109590SILVAA_2025-12-06_G09,10109590SILVAA,2025-12-06,122982,1,15,0,356.0
10109590SILVAA_2025-12-06_G10,10109590SILVAA,2025-12-06,122983,1,8,0,259.0
10109590SILVAA_2025-12-06_G11,10109590SILVAA,2025-12-06,120339,1,20,0,396.0
10109590SILVAA_2025-12-06_G12,10109590SILVAA,2025-12-06,124247,1,8,0,205.0
10109590SILVAA_2025-12-06_G13,10109590SILVAA,2025-12-06,122185,1,52,0,1488.0
10109590SILVAA_2025-12-06_G14,10109590SILVAA,2025-12-06,122962,1,20,0,134.0
10109590SILVAA_2025-12-06_G15,10109590SILVAA,2025-12-06,122962,1,6,0,69.0
10109590SILVAA_2025-12-06_G16,10109590SILVAA,2025-12-06,122984,1,24,0,613.0
10109590SILVAA_2025-12-06_G17,10109590SILVAA,2025-12-06,122984,1,30,0,691.0
10109590SILVAA_2025-12-06_G18,10109590SILVAA,2025-12-06,124475,1,10,0,434.0
10109590SILVAA_2025-12-06_G19,10109590SILVAA,2025-12-06,121651,1,12,0,442.0
10109590SILVAA_2025-12-06_G20,10109590SILVAA,2025-12-06,122967,1,16,0,272.0
10109590SILVAA_2025-12-06_G21,10109590SILVAA,2025-12-06,120339,1,9,0,136.0
10109590SILVAA_2025-12-06_G22,10109590SILVAA,2025-12-06,121760,1,8,0,158.0
10109590SILVAA_2025-12-06_G23,10109590SILVAA,2025-12-06,122703,1,3,0,49.0
10109590SILVAA_2025-12-06_G24,10109590SILVAA,2025-12-06,124370,1,32,0,804.0
10109590SILVAA_2025-12-06_G25,10109590SILVAA,2025-12-06,120028,1,8,0,119.0
10109590SILVAA_2025-12-06_G26,10109590SILVAA,2025-12-06,120008,1,2,0,87.0
10109590SILVAA_2025-12-06_G27,10109590SILVAA,2025-12-06,123909,1,7,0,176.0
10109590SILVAA_2025-12-06_G28,10109590SILVAA,2025-12-06,122673,1,4,0,146.0
10109590SILVAA_2025-12-06_G29,10109590SILVAA,2025-12-06,123561,1,16,0,373.0
10109590SILVAA_2025-12-06_G30,10109590SILVAA,2025-12-06,123345,1,6,0,240.0
10109590SILVAA_2025-12-08_G02,10109590SILVAA,2025-12-08,124476,1,31,0,751.0
10109590SILVAA_2025-12-08_G03,10109590SILVAA,2025-12-08,122986,1,60,0,1256.0
10109590SILVAA_2025-12-08_G04,10109590SILVAA,2025-12-08,123345,1,140,0,374.0
10109590SILVAA_2025-12-09_G02,10109590SILVAA,2025-12-09,124248,1,108,0,886.0
10109590SILVAA_2025-12-09_G04,10109590SILVAA,2025-12-09,123153,1,10,0,319.0
10109590SILVAA_2025-12-09_G05,10109590SILVAA,2025-12-09,120339,1,4,0,84.0
10109590SILVAA_2025-12-09_G06,10109590SILVAA,2025-12-09,122988,1,5,0,155.0
10109590SILVAA_2025-12-09_G07,10109590SILVAA,2025-12-09,124248,1,20,0,468.0
10109590SILVAA_2025-12-09_G08,10109590SILVAA,2025-12-09,122673,1,10,0,572.0
10109590SILVAA_2025-12-09_G09,10109590SILVAA,2025-12-09,121923,1,4,0,212.0
10109590SILVAA_2025-12-09_G10,10109590SILVAA,2025-12-09,123561,1,10,0,317.0
10109590SILVAA_2025-12-09_G11,10109590SILVAA,2025-12-09,122982,1,10,0,1080.0
10109590SILVAA_2025-12-10_G02,10109590SILVAA,2025-12-10,124476,1,4,0,88.0
10109590SILVAA_2025-12-10_G03,10109590SILVAA,2025-12-10,122983,1,6,0,167.0
10109590SILVAA_2025-12-10_G04,10109590SILVAA,2025-12-10,121651,1,40,0,968.0
10109590SILVAA_2025-12-10_G05,10109590SILVAA,2025-12-10,121760,1,40,0,1067.0
10109590SILVAA_2025-12-10_G06,10109590SILVAA,2025-12-10,123909,1,2,0,80.0
10109590SILVAA_2025-12-10_G07,10109590SILVAA,2025-12-10,122962,1,23,0,666.0
10109590SILVAA_2025-12-10_G08,10109590SILVAA,2025-12-10,122962,1,90,0,1177.0
10109590SILVAA_2025-12-10_G09,10109590SILVAA,2025-12-10,123909,1,40,0,721.0
10109590SILVAA_2025-12-10_G10,10109590SILVAA,2025-12-10,123343,1,20,0,1194.0
10109590SILVAA_2025-12-10_G11,10109590SILVAA,2025-12-10,122962,1,20,0,237.0
10109590SILVAA_2025-12-10_G12,10109590SILVAA,2025-12-10,122673,1,10,0,121.0
10109590SILVAA_2025-12-10_G13,10109590SILVAA,2025-12-10,122673,1,50,0,719.0
10109590SILVAA_2025-12-10_G14,10109590SILVAA,2025-12-10,122647,1,10,0,1328.0
10109590SILVAA_2025-12-10_G15,10109590SILVAA,2025-12-10,122673,1,6,0,54.0
10109590SILVAA_2025-12-10_G16,10109590SILVAA,2025-12-10,123345,1,10,0,212.0
10109590SILVAA_2025-12-11_G02,10109590SILVAA,2025-12-11,123344,1,30,0,882.0
10109590SILVAA_2025-12-11_G03,10109590SILVAA,2025-12-11,124548,1,12,0,270.0
10109590SILVAA_2025-12-11_G04,10109590SILVAA,2025-12-11,124476,1,10,0,266.0
10109590SILVAA_2025-12-11_G05,10109590SILVAA,2025-12-11,120271,1,8,0,266.0
10109590SILVAA_2025-12-11_G06,10109590SILVAA,2025-12-11,124475,1,40,0,941.0
10109590SILVAA_2025-12-11_G07,10109590SILVAA,2025-12-11,121651,1,50,0,752.0
10109590SILVAA_2025-12-11_G08,10109590SILVAA,2025-12-11,124371,1,36,0,509.0
10109590SILVAA_2025-12-11_G09,10109590SILVAA,2025-12-11,124486,1,50,0,668.0
10109590SILVAA_2025-12-11_G10,10109590SILVAA,2025-12-11,123521,1,8,0,137.0
10109590SILVAA_2025-12-11_G11,10109590SILVAA,2025-12-11,123345,1,40,0,599.0
10109590SILVAA_2025-12-11_G12,10109590SILVAA,2025-12-11,123153,1,38,0,1568.0
10109590SILVAA_2025-12-11_G13,10109590SILVAA,2025-12-11,124475,1,20,0,162.0
10109590SILVAA_2025-12-11_G14,10109590SILVAA,2025-12-11,123343,1,7,0,130.0
10109590SILVAA_2025-12-11_G15,10109590SILVAA,2025-12-11,180038,1,2,0,1273.0
10109590SILVAA_2025-12-11_G16,10109590SILVAA,2025-12-11,124247,1,30,0,226.0
10109590SILVAA_2025-12-11_G17,10109590SILVAA,2025-12-11,122962,1,80,0,1382.0
10109590SILVAA_2025-12-11_G18,10109590SILVAA,2025-12-11,122962,1,4,0,34.0
10109590SILVAA_2025-12-11_G19,10109590SILVAA,2025-12-11,124475,1,2,0,50.0
10109590SILVAA_2025-12-11_G20,10109590SILVAA,2025-12-11,121760,1,4,0,67.0
10109590SILVAA_2025-12-11_G21,10109590SILVAA,2025-12-11,124247,1,6,0,50.0
10109590SILVAA_2025-12-11_G22,10109590SILVAA,2025-12-11,123521,1,1,0,43.0
10109590SILVAA_2025-12-11_G23,10109590SILVAA,2025-12-11,122673,1,40,0,213.0
10109590SILVAA_2025-12-11_G24,10109590SILVAA,2025-12-11,122962,1,20,0,1081.0
10109590SILVAA_2025-12-11_G25,10109590SILVAA,2025-12-11,123909,1,12,0,64.0
10109590SILVAA_2025-12-11_G26,10109590SILVAA,2025-12-11,124264,1,10,0,201.0
10109590SILVAA_2025-12-11_G28,10109590SILVAA,2025-12-11,122962,1,28,0,602.0
10109590SILVAA_2025-12-11_G29,10109590SILVAA,2025-12-11,123520,1,12,0,300.0
10109590SILVAA_2025-12-11_G30,10109590SILVAA,2025-12-11,123345,1,8,0,417.0
10109590SILVAA_2025-12-11_G31,10109590SILVAA,2025-12-11,124624,1,7,0,233.0
10109590SILVAA_2025-12-11_G32,10109590SILVAA,2025-12-11,121651,1,10,0,177.0
10109590SILVAA_2025-12-11_G33,10109590SILVAA,2025-12-11,124247,1,8,0,391.0
10109590SILVAA_2025-12-11_G34,10109590SILVAA,2025-12-11,123909,1,7,0,227.0
10109590SILVAA_2025-12-11_G35,10109590SILVAA,2025-12-11,123344,1,4,0,189.0
10109590SILVAA_2025-12-11_G36,10109590SILVAA,2025-12-11,124477,1,2,0,100.0
10109590SILVAA_2025-12-11_G37,10109590SILVAA,2025-12-11,124624,1,4,0,165.0
10109590SILVAA_2025-12-11_G38,10109590SILVAA,2025-12-11,124247,1,1,0,162.0
10109590SILVAA_2025-12-11_G39,10109590SILVAA,2025-12-11,124486,1,26,0,1047.0
10109590SILVAA_2025-12-11_G40,10109590SILVAA,2025-12-11,122986,1,30,0,636.0
10109590SILVAA_2025-12-11_G41,10109590SILVAA,2025-12-11,122967,1,12,0,331.0
10109590SILVAA_2025-12-11_G42,10109590SILVAA,2025-12-11,120028,1,12,0,357.0
10109590SILVAA_2025-12-11_G43,10109590SILVAA,2025-12-11,122967,1,4,0,168.0
10109590SILVAA_2025-12-12_G02,10109590SILVAA,2025-12-12,121651,1,17,0,134.0
10109590SILVAA_2025-12-12_G03,10109590SILVAA,2025-12-12,122703,1,12,0,243.0
10109590SILVAA_2025-12-12_G04,10109590SILVAA,2025-12-12,124371,1,7,0,93.0
10109590SILVAA_2025-12-12_G05,10109590SILVAA,2025-12-12,121760,1,26,0,212.0
10109590SILVAA_2025-12-12_G06,10109590SILVAA,2025-12-12,124486,1,12,0,150.0
10109590SILVAA_2025-12-12_G07,10109590SILVAA,2025-12-12,124370,1,10,0,39.0
10109590SILVAA_2025-12-12_G08,10109590SILVAA,2025-12-12,123345,1,12,0,397.0
10109590SILVAA_2025-12-12_G09,10109590SILVAA,2025-12-12,180373,1,4,0,675.0
10109590SILVAA_2025-12-12_G10,10109590SILVAA,2025-12-12,123344,1,3,0,2347.0
10109590SILVAA_2025-12-12_G11,10109590SILVAA,2025-12-12,124477,1,2,0,123.0
10109590SILVAA_2025-12-12_G12,10109590SILVAA,2025-12-12,124475,1,6,0,168.0
10109590SILVAA_2025-12-12_G13,10109590SILVAA,2025-12-12,122962,1,5,0,124.0
10109590SILVAA_2025-12-12_G14,10109590SILVAA,2025-12-12,120389,1,20,0,485.0
10109590SILVAA_2025-12-12_G15,10109590SILVAA,2025-12-12,121760,1,5,0,158.0
10109590SILVAA_2025-12-12_G16,10109590SILVAA,2025-12-12,123909,1,10,0,150.0
10109590SILVAA_2025-12-12_G17,10109590SILVAA,2025-12-12,124370,1,7,0,195.0
10109590SILVAA_2025-12-12_G18,10109590SILVAA,2025-12-12,123345,1,18,0,391.0
10109590SILVAA_2025-12-12_G19,10109590SILVAA,2025-12-12,124477,1,1,0,94.0
10109590SILVAA_2025-12-12_G20,10109590SILVAA,2025-12-12,124475,1,8,0,311.0
10109590SILVAA_2025-12-12_G21,10109590SILVAA,2025-12-12,124370,1,8,0,212.0
10109590SILVAA_2025-12-12_G22,10109590SILVAA,2025-12-12,124477,1,2,0,87.0
10109590SILVAA_2025-12-12_G23,10109590SILVAA,2025-12-12,124475,1,2,0,283.0
10109590SILVAA_2025-12-12_G24,10109590SILVAA,2025-12-12,121651,1,2,0,88.0
10109590SILVAA_2025-12-12_G25,10109590SILVAA,2025-12-12,122703,1,8,0,251.0
10109590SILVAA_2025-12-12_G26,10109590SILVAA,2025-12-12,124371,1,4,0,135.0
10109590SILVAA_2025-12-12_G27,10109590SILVAA,2025-12-12,124486,1,4,0,68.0
10109590SILVAA_2025-12-12_G28,10109590SILVAA,2025-12-12,120008,1,84,0,2684.0
10109590SILVAA_2025-12-12_G29,10109590SILVAA,2025-12-12,123909,1,4,0,394.0
10109590SILVAA_2025-12-12_G31,10109590SILVAA,2025-12-12,122983,1,6,0,61.0
10109590SILVAA_2025-12-12_G32,10109590SILVAA,2025-12-12,120389,1,4,0,76.0
10109590SILVAA_2025-12-12_G33,10109590SILVAA,2025-12-12,124486,1,50,0,607.0
10109590SILVAA_2025-12-12_G34,10109590SILVAA,2025-12-12,124486,1,40,0,763.0
10109590SILVAA_2025-12-12_G35,10109590SILVAA,2025-12-12,123822,1,7,0,144.0
10109590SILVAA_2025-12-12_G36,10109590SILVAA,2025-12-12,122962,1,30,0,399.0
10109590SILVAA_2025-12-12_G37,10109590SILVAA,2025-12-12,124486,1,30,0,188.0
10109590SILVAA_2025-12-12_G38,10109590SILVAA,2025-12-12,124548,1,16,0,303.0
10109590SILVAA_2025-12-12_G39,10109590SILVAA,2025-12-12,124486,1,24,0,385.0
10109590SILVAA_2025-12-12_G40,10109590SILVAA,2025-12-12,124624,1,4,0,292.0
10109590SILVAA_2025-12-12_G41,10109590SILVAA,2025-12-12,122671,1,4,0,84.0
10109590SILVAA_2025-12-12_G42,10109590SILVAA,2025-12-12,124486,1,7,0,372.0
10109590SILVAA_2025-12-12_G43,10109590SILVAA,2025-12-12,124370,1,4,0,43.0
10109590SILVAA_2025-12-12_G44,10109590SILVAA,2025-12-12,122962,1,40,0,738.0
10109590SILVAA_2025-12-12_G45,10109590SILVAA,2025-12-12,124486,1,20,0,622.0
10109590SILVAA_2025-12-12_G46,10109590SILVAA,2025-12-12,122962,1,40,0,479.0
10109590SILVAA_2025-12-12_G47,10109590SILVAA,2025-12-12,124486,1,20,0,407.0
10109590SILVAA_2025-12-12_G48,10109590SILVAA,2025-12-12,123909,1,30,0,920.0
10109590SILVAA_2025-12-12_G49,10109590SILVAA,2025-12-12,122962,1,8,0,305.0
10109590SILVAA_2025-12-12_G50,10109590SILVAA,2025-12-12,124486,1,30,0,484.0
10109590SILVAA_2025-12-13_G02,10109590SILVAA,2025-12-13,123081,1,20,0,431.0
10109590SILVAA_2025-12-13_G03,10109590SILVAA,2025-12-13,122981,1,6,0,159.0
10109590SILVAA_2025-12-13_G04,10109590SILVAA,2025-12-13,124476,1,6,0,230.0
10109590SILVAA_2025-12-13_G05,10109590SILVAA,2025-12-13,122984,1,11,0,195.0
10109590SILVAA_2025-12-13_G06,10109590SILVAA,2025-12-13,124475,1,10,0,235.0
10109590SILVAA_2025-12-13_G07,10109590SILVAA,2025-12-13,123080,1,6,0,39.0
10109590SILVAA_2025-12-13_G08,10109590SILVAA,2025-12-13,122671,1,7,0,121.0
10109590SILVAA_2025-12-13_G09,10109590SILVAA,2025-12-13,124248,1,13,0,213.0
10109590SILVAA_2025-12-13_G10,10109590SILVAA,2025-12-13,124371,1,6,0,142.0
10109590SILVAA_2025-12-13_G11,10109590SILVAA,2025-12-13,124247,1,4,0,2971.0
10109590SILVAA_2025-12-13_G12,10109590SILVAA,2025-12-13,123561,1,4,0,243.0
10109590SILVAA_2025-12-13_G13,10109590SILVAA,2025-12-13,123343,1,10,0,131.0
10109590SILVAA_2025-12-13_G14,10109590SILVAA,2025-12-13,122962,1,7,0,866.0
10109590SILVAA_2025-12-13_G15,10109590SILVAA,2025-12-13,121651,1,5,0,149.0
10109590SILVAA_2025-12-13_G16,10109590SILVAA,2025-12-13,121760,1,4,0,39.0
10109590SILVAA_2025-12-13_G17,10109590SILVAA,2025-12-13,123909,1,14,0,175.0
10109590SILVAA_2025-12-13_G18,10109590SILVAA,2025-12-13,123345,1,4,0,56.0
10109590SILVAA_2025-12-13_G19,10109590SILVAA,2025-12-13,123344,1,6,0,243.0
10109590SILVAA_2025-12-13_G20,10109590SILVAA,2025-12-13,122962,1,16,0,116.0
10109590SILVAA_2025-12-13_G21,10109590SILVAA,2025-12-13,122983,1,4,0,45.0
10109590SILVAA_2025-12-13_G22,10109590SILVAA,2025-12-13,121651,1,4,0,97.0
10109590SILVAA_2025-12-13_G23,10109590SILVAA,2025-12-13,121760,1,4,0,51.0
10109590SILVAA_2025-12-13_G24,10109590SILVAA,2025-12-13,120028,1,2,0,66.0
10109590SILVAA_2025-12-13_G25,10109590SILVAA,2025-12-13,124370,1,6,0,73.0
10109590SILVAA_2025-12-13_G26,10109590SILVAA,2025-12-13,123345,1,1,0,76.0
10109590SILVAA_2025-12-13_G27,10109590SILVAA,2025-12-13,123344,1,1,0,142.0
10109590SILVAA_2025-12-13_G28,10109590SILVAA,2025-12-13,122984,1,5,0,103.0
10109590SILVAA_2025-12-13_G29,10109590SILVAA,2025-12-13,124475,1,8,0,110.0
10109590SILVAA_2025-12-13_G30,10109590SILVAA,2025-12-13,122962,1,4,0,38.0
10109590SILVAA_2025-12-13_G31,10109590SILVAA,2025-12-13,121760,1,12,0,113.0
10109590SILVAA_2025-12-13_G32,10109590SILVAA,2025-12-13,124486,1,5,0,86.0
10109590SILVAA_2025-12-13_G33,10109590SILVAA,2025-12-13,123909,1,5,0,73.0
10109590SILVAA_2025-12-13_G34,10109590SILVAA,2025-12-13,124370,1,4,0,105.0
10109590SILVAA_2025-12-13_G35,10109590SILVAA,2025-12-13,123345,1,3,0,104.0
10109590SILVAA_2025-12-13_G36,10109590SILVAA,2025-12-13,123344,1,7,0,154.0
10109590SILVAA_2025-12-13_G37,10109590SILVAA,2025-12-13,122984,1,8,0,145.0
10109590SILVAA_2025-12-13_G38,10109590SILVAA,2025-12-13,124475,1,4,0,46.0
10109590SILVAA_2025-12-13_G39,10109590SILVAA,2025-12-13,122962,1,4,0,86.0
10109590SILVAA_2025-12-13_G40,10109590SILVAA,2025-12-13,124248,1,4,0,52.0
10109590SILVAA_2025-12-13_G41,10109590SILVAA,2025-12-13,121651,1,24,0,220.0
10109590SILVAA_2025-12-13_G42,10109590SILVAA,2025-12-13,121760,1,10,0,133.0
10109590SILVAA_2025-12-13_G43,10109590SILVAA,2025-12-13,120028,1,14,0,125.0
10109590SILVAA_2025-12-13_G44,10109590SILVAA,2025-12-13,123909,1,6,0,70.0
10109590SILVAA_2025-12-13_G45,10109590SILVAA,2025-12-13,124370,1,15,0,567.0
10109590SILVAA_2025-12-13_G46,10109590SILVAA,2025-12-13,123345,1,12,0,657.0
10109590SILVAA_2025-12-13_G47,10109590SILVAA,2025-12-13,123344,1,7,0,2016.0
10109590SILVAA_2025-12-13_G48,10109590SILVAA,2025-12-13,121760,1,14,0,457.0
10109590SILVAA_2025-12-13_G49,10109590SILVAA,2025-12-13,124486,1,6,0,55.0
10109590SILVAA_2025-12-13_G50,10109590SILVAA,2025-12-13,123345,1,20,0,845.0
10109590SILVAA_2025-12-13_G51,10109590SILVAA,2025-12-13,123344,1,6,0,41.0
10109590SILVAA_2025-12-13_G52,10109590SILVAA,2025-12-13,121651,1,8,0,211.0
10109590SILVAA_2025-12-13_G53,10109590SILVAA,2025-12-13,124486,1,4,0,55.0
10109590SILVAA_2025-12-13_G54,10109590SILVAA,2025-12-13,123344,1,9,0,339.0
10109590SILVAA_2025-12-13_G55,10109590SILVAA,2025-12-13,120389,1,1,0,58.0
10109590SILVAA_2025-12-13_G56,10109590SILVAA,2025-12-13,123344,1,2,0,94.0
10109590SILVAA_2025-12-13_G57,10109590SILVAA,2025-12-13,124475,1,3,0,42.0
10109590SILVAA_2025-12-13_G58,10109590SILVAA,2025-12-13,124370,1,12,0,307.0
10109590SILVAA_2025-12-13_G59,10109590SILVAA,2025-12-13,123521,1,2,0,111.0
10109590SILVAA_2025-12-13_G60,10109590SILVAA,2025-12-13,123343,1,6,0,224.0
10109590SILVAA_2025-12-13_G62,10109590SILVAA,2025-12-13,124370,1,80,0,2783.0
10109590SILVAA_2025-12-15_G02,10109590SILVAA,2025-12-15,124548,1,12,0,452.0
10109590SILVAA_2025-12-15_G03,10109590SILVAA,2025-12-15,124476,1,4,0,94.0
10109590SILVAA_2025-12-15_G04,10109590SILVAA,2025-12-15,122984,1,12,0,308.0
10109590SILVAA_2025-12-15_G05,10109590SILVAA,2025-12-15,124248,1,8,0,328.0
10109590SILVAA_2025-12-15_G06,10109590SILVAA,2025-12-15,124475,1,6,0,78.0
10109590SILVAA_2025-12-15_G07,10109590SILVAA,2025-12-15,124371,1,4,0,222.0
10109590SILVAA_2025-12-15_G08,10109590SILVAA,2025-12-15,124486,1,12,0,384.0
10109590SILVAA_2025-12-15_G09,10109590SILVAA,2025-12-15,122195,1,4,0,132.0
10109590SILVAA_2025-12-15_G10,10109590SILVAA,2025-12-15,122986,1,4,0,118.0
10109590SILVAA_2025-12-15_G11,10109590SILVAA,2025-12-15,123909,1,12,0,239.0
10109590SILVAA_2025-12-15_G12,10109590SILVAA,2025-12-15,124370,1,4,0,133.0
10109590SILVAA_2025-12-15_G14,10109590SILVAA,2025-12-15,123344,1,4,0,169.0
10109590SILVAA_2025-12-15_G15,10109590SILVAA,2025-12-15,123560,1,14,0,573.0
10109590SILVAA_2025-12-15_G16,10109590SILVAA,2025-12-15,122962,1,16,0,655.0
10109590SILVAA_2025-12-15_G17,10109590SILVAA,2025-12-15,124548,1,2,0,62.0
10109590SILVAA_2025-12-15_G18,10109590SILVAA,2025-12-15,124548,1,2,0,41.0
10109590SILVAA_2025-12-15_G19,10109590SILVAA,2025-12-15,124548,1,2,0,46.0
10109590SILVAA_2025-12-15_G20,10109590SILVAA,2025-12-15,120339,1,10,0,288.0
10109590SILVAA_2025-12-15_G21,10109590SILVAA,2025-12-15,120339,1,6,0,111.0
10109590SILVAA_2025-12-15_G22,10109590SILVAA,2025-12-15,120339,1,4,0,53.0
10109590SILVAA_2025-12-15_G23,10109590SILVAA,2025-12-15,120339,1,6,0,434.0
10109590SILVAA_2025-12-15_G24,10109590SILVAA,2025-12-15,120339,1,6,0,93.0
10109590SILVAA_2025-12-15_G25,10109590SILVAA,2025-12-15,120339,1,2,0,123.0
10109590SILVAA_2025-12-15_G26,10109590SILVAA,2025-12-15,122984,1,4,0,66.0
10109590SILVAA_2025-12-15_G27,10109590SILVAA,2025-12-15,122984,1,8,0,117.0
10109590SILVAA_2025-12-15_G28,10109590SILVAA,2025-12-15,123562,1,6,0,122.0
10109590SILVAA_2025-12-15_G29,10109590SILVAA,2025-12-15,123562,1,6,0,210.0
10109590SILVAA_2025-12-15_G30,10109590SILVAA,2025-12-15,123562,1,6,0,106.0
10109590SILVAA_2025-12-15_G31,10109590SILVAA,2025-12-15,123562,1,6,0,213.0
10109590SILVAA_2025-12-15_G32,10109590SILVAA,2025-12-15,124371,1,4,0,51.0
10109590SILVAA_2025-12-15_G33,10109590SILVAA,2025-12-15,121760,1,1,0,48.0
10109590SILVAA_2025-12-15_G34,10109590SILVAA,2025-12-15,124486,1,2,0,68.0
10109590SILVAA_2025-12-15_G35,10109590SILVAA,2025-12-15,124433,1,4,0,188.0
10109590SILVAA_2025-12-15_G36,10109590SILVAA,2025-12-15,123909,1,4,0,40.0
10109590SILVAA_2025-12-15_G37,10109590SILVAA,2025-12-15,123345,1,2,0,276.0
10109590SILVAA_2025-12-15_G38,10109590SILVAA,2025-12-15,122673,1,4,0,1378.0
10109590SILVAA_2025-12-15_G39,10109590SILVAA,2025-12-15,180094,1,2,0,288.0
10109590SILVAA_2025-12-15_G40,10109590SILVAA,2025-12-15,122647,1,4,0,332.0
10109590SILVAA_2025-12-15_G41,10109590SILVAA,2025-12-15,122962,1,60,0,937.0
10109590SILVAA_2025-12-15_G42,10109590SILVAA,2025-12-15,120339,1,1,0,82.0
10109590SILVAA_2025-12-15_G43,10109590SILVAA,2025-12-15,124476,1,11,0,174.0
10109590SILVAA_2025-12-15_G44,10109590SILVAA,2025-12-15,122984,1,4,0,65.0
10109590SILVAA_2025-12-15_G45,10109590SILVAA,2025-12-15,123153,1,8,0,239.0
10109590SILVAA_2025-12-15_G46,10109590SILVAA,2025-12-15,120389,1,8,0,354.0
10109590SILVAA_2025-12-15_G47,10109590SILVAA,2025-12-15,121651,1,18,0,257.0
10109590SILVAA_2025-12-15_G48,10109590SILVAA,2025-12-15,124486,1,70,0,997.0
10109590SILVAA_2025-12-15_G49,10109590SILVAA,2025-12-15,123822,1,20,0,533.0
10109590SILVAA_2025-12-15_G50,10109590SILVAA,2025-12-15,120008,1,2,0,74.0
10109590SILVAA_2025-12-15_G51,10109590SILVAA,2025-12-15,123909,1,10,0,224.0
10109590SILVAA_2025-12-15_G52,10109590SILVAA,2025-12-15,124370,1,50,0,753.0
10109590SILVAA_2025-12-16_G02,10109590SILVAA,2025-12-16,122673,1,8,0,190.0
10109590SILVAA_2025-12-16_G03,10109590SILVAA,2025-12-16,121760,1,50,0,1241.0
10109590SILVAA_2025-12-16_G04,10109590SILVAA,2025-12-16,123343,1,3,0,438.0
10109590SILVAA_2025-12-16_G05,10109590SILVAA,2025-12-16,123343,1,13,0,518.0
10109590SILVAA_2025-12-16_G06,10109590SILVAA,2025-12-16,123313,1,8,0,647.0
10109590SILVAA_2025-12-16_G07,10109590SILVAA,2025-12-16,122673,1,10,0,209.0
10109590SILVAA_2025-12-16_G08,10109590SILVAA,2025-12-16,122673,1,4,0,122.0
10109590SILVAA_2025-12-16_G09,10109590SILVAA,2025-12-16,123822,1,25,0,341.0
10109590SILVAA_2025-12-16_G10,10109590SILVAA,2025-12-16,122673,1,13,0,246.0
10109590SILVAA_2025-12-16_G11,10109590SILVAA,2025-12-16,122673,1,2,0,68.0
10109590SILVAA_2025-12-16_G12,10109590SILVAA,2025-12-16,122673,1,8,0,139.0
10109590SILVAA_2025-12-16_G13,10109590SILVAA,2025-12-16,120389,1,6,0,166.0
10109590SILVAA_2025-12-16_G14,10109590SILVAA,2025-12-16,123822,1,10,0,110.0
10109590SILVAA_2025-12-16_G15,10109590SILVAA,2025-12-16,122962,1,7,0,46.0
10109590SILVAA_2025-12-16_G16,10109590SILVAA,2025-12-16,124486,1,20,0,333.0
10109590SILVAA_2025-12-16_G17,10109590SILVAA,2025-12-16,120271,1,2,0,1654.0
10109590SILVAA_2025-12-16_G18,10109590SILVAA,2025-12-16,122983,1,4,0,76.0
10109590SILVAA_2025-12-16_G19,10109590SILVAA,2025-12-16,120028,1,12,0,1225.0
10109590SILVAA_2025-12-16_G20,10109590SILVAA,2025-12-16,124248,1,2,0,232.0
10109590SILVAA_2025-12-16_G21,10109590SILVAA,2025-12-16,122967,1,40,0,767.0
10109590SILVAA_2025-12-16_G22,10109590SILVAA,2025-12-16,124486,1,2,0,44.0
10109590SILVAA_2025-12-16_G23,10109590SILVAA,2025-12-16,123822,1,40,0,961.0
10109590SILVAA_2025-12-16_G24,10109590SILVAA,2025-12-16,120028,1,40,0,1003.0
10109590SILVAA_2025-12-16_G25,10109590SILVAA,2025-12-16,122962,1,10,0,201.0
10109590SILVAA_2025-12-16_G26,10109590SILVAA,2025-12-16,124486,1,12,0,197.0
10109590SILVAA_2025-12-16_G27,10109590SILVAA,2025-12-16,122981,1,1,0,58.0
10109590SILVAA_2025-12-16_G28,10109590SILVAA,2025-12-16,122986,1,6,0,264.0
10109590SILVAA_2025-12-16_G30,10109590SILVAA,2025-12-16,122673,1,8,0,536.0
10109590SILVAA_2025-12-16_G31,10109590SILVAA,2025-12-16,122962,1,24,0,404.0
10109590SILVAA_2025-12-16_G32,10109590SILVAA,2025-12-16,124370,1,8,0,182.0
10109590SILVAA_2025-12-16_G33,10109590SILVAA,2025-12-16,122647,1,50,0,1462.0
10109590SILVAA_2025-12-16_G34,10109590SILVAA,2025-12-16,122189,1,40,0,460.0
10109590SILVAA_2025-12-16_G35,10109590SILVAA,2025-12-16,120028,1,48,0,643.0
10109590SILVAA_2025-12-16_G36,10109590SILVAA,2025-12-16,123313,1,5,0,65.0
10109590SILVAA_2025-12-16_G37,10109590SILVAA,2025-12-16,123313,1,5,0,177.0
10109590SILVAA_2025-12-17_G02,10109590SILVAA,2025-12-17,124594,1,8,0,452.0
10109590SILVAA_2025-12-17_G03,10109590SILVAA,2025-12-17,124548,1,10,0,257.0
10109590SILVAA_2025-12-17_G04,10109590SILVAA,2025-12-17,122962,1,4,0,224.0
10109590SILVAA_2025-12-17_G05,10109590SILVAA,2025-12-17,121760,1,7,0,345.0
10109590SILVAA_2025-12-17_G06,10109590SILVAA,2025-12-17,124486,1,18,0,358.0
10109590SILVAA_2025-12-17_G07,10109590SILVAA,2025-12-17,124624,1,2,0,632.0
10109590SILVAA_2025-12-17_G08,10109590SILVAA,2025-12-17,122962,1,4,0,215.0
10109590SILVAA_2025-12-17_G09,10109590SILVAA,2025-12-17,123822,1,2,0,73.0
10109590SILVAA_2025-12-17_G10,10109590SILVAA,2025-12-17,123344,1,5,0,274.0
10109590SILVAA_2025-12-17_G11,10109590SILVAA,2025-12-17,122984,1,8,0,165.0
10109590SILVAA_2025-12-17_G12,10109590SILVAA,2025-12-17,124370,1,10,0,273.0
10109590SILVAA_2025-12-17_G13,10109590SILVAA,2025-12-17,124476,1,2,0,73.0
10109590SILVAA_2025-12-17_G14,10109590SILVAA,2025-12-17,121760,1,5,0,148.0
10109590SILVAA_2025-12-17_G15,10109590SILVAA,2025-12-17,123909,1,3,0,79.0
10109590SILVAA_2025-12-17_G16,10109590SILVAA,2025-12-17,123345,1,9,0,406.0
10109590SILVAA_2025-12-17_G17,10109590SILVAA,2025-12-17,122962,1,32,0,1839.0
10109590SILVAA_2025-12-17_G18,10109590SILVAA,2025-12-17,122647,1,5,0,180.0
10109590SILVAA_2025-12-17_G19,10109590SILVAA,2025-12-17,124624,1,8,0,388.0
10109590SILVAA_2025-12-17_G20,10109590SILVAA,2025-12-17,124594,1,9,0,779.0
10109590SILVAA_2025-12-17_G21,10109590SILVAA,2025-12-17,123344,1,5,0,169.0
10109590SILVAA_2025-12-17_G22,10109590SILVAA,2025-12-17,124548,1,20,0,422.0
10109590SILVAA_2025-12-17_G23,10109590SILVAA,2025-12-17,123081,1,4,0,87.0
10109590SILVAA_2025-12-17_G24,10109590SILVAA,2025-12-17,122984,1,20,0,402.0
10109590SILVAA_2025-12-17_G25,10109590SILVAA,2025-12-17,124586,1,8,0,185.0
10109590SILVAA_2025-12-17_G26,10109590SILVAA,2025-12-17,122671,1,4,0,81.0
10109590SILVAA_2025-12-17_G27,10109590SILVAA,2025-12-17,121760,1,2,0,104.0
10109590SILVAA_2025-12-17_G28,10109590SILVAA,2025-12-17,123909,1,2,0,140.0
10109590SILVAA_2025-12-17_G29,10109590SILVAA,2025-12-17,122671,1,4,0,181.0
10109590SILVAA_2025-12-17_G30,10109590SILVAA,2025-12-17,120389,1,4,0,142.0
10109590SILVAA_2025-12-17_G31,10109590SILVAA,2025-12-17,120028,1,40,0,1017.0
10109590SILVAA_2025-12-17_G32,10109590SILVAA,2025-12-17,124486,1,16,0,276.0
10109590SILVAA_2025-12-17_G33,10109590SILVAA,2025-12-17,122962,1,24,0,496.0
10109590SILVAA_2025-12-17_G34,10109590SILVAA,2025-12-17,120028,1,20,0,953.0
10109590SILVAA_2025-12-17_G36,10109590SILVAA,2025-12-17,123822,1,12,0,388.0
10109590SILVAA_2025-12-17_G37,10109590SILVAA,2025-12-17,123344,1,8,0,828.0
10109590SILVAA_2025-12-17_G38,10109590SILVAA,2025-12-17,124477,1,6,0,585.0
10109590SILVAA_2025-12-17_G39,10109590SILVAA,2025-12-17,122981,1,4,0,77.0
10109590SILVAA_2025-12-17_G40,10109590SILVAA,2025-12-17,122984,1,30,0,722.0
10109590SILVAA_2025-12-17_G41,10109590SILVAA,2025-12-17,124370,1,28,0,1010.0
10109590SILVAA_2025-12-17_G42,10109590SILVAA,2025-12-17,122185,1,46,0,815.0
10109590SILVAA_2025-12-17_G43,10109590SILVAA,2025-12-17,120271,1,2,0,77.0
10109590SILVAA_2025-12-17_G44,10109590SILVAA,2025-12-17,124248,1,14,0,249.0
10109590SILVAA_2025-12-17_G45,10109590SILVAA,2025-12-17,121651,1,20,0,535.0
10109590SILVAA_2025-12-17_G46,10109590SILVAA,2025-12-17,121760,1,6,0,114.0
10109590SILVAA_2025-12-17_G47,10109590SILVAA,2025-12-17,124486,1,22,0,304.0
10109590SILVAA_2025-12-17_G48,10109590SILVAA,2025-12-17,122962,1,14,0,199.0
10109590SILVAA_2025-12-17_G49,10109590SILVAA,2025-12-17,122962,1,50,0,757.0
10109590SILVAA_2025-12-17_G50,10109590SILVAA,2025-12-17,123520,1,2,0,57.0
10109590SILVAA_2025-12-17_G51,10109590SILVAA,2025-12-17,123521,1,4,0,132.0
10109590SILVAA_2025-12-17_G52,10109590SILVAA,2025-12-17,123561,1,8,0,1370.0
10109590SILVAA_2025-12-17_G53,10109590SILVAA,2025-12-17,123345,1,4,0,437.0
10109590SILVAA_2025-12-18_G02,10109590SILVAA,2025-12-18,122988,1,12,0,262.0
10109590SILVAA_2025-12-18_G03,10109590SILVAA,2025-12-18,124475,1,3,0,147.0
10109590SILVAA_2025-12-18_G04,10109590SILVAA,2025-12-18,124371,1,4,0,194.0
10109590SILVAA_2025-12-18_G05,10109590SILVAA,2025-12-18,124486,1,2,0,66.0
10109590SILVAA_2025-12-18_G06,10109590SILVAA,2025-12-18,123344,1,4,0,268.0
10109590SILVAA_2025-12-18_G07,10109590SILVAA,2025-12-18,122703,1,4,0,153.0
10109590SILVAA_2025-12-18_G08,10109590SILVAA,2025-12-18,121760,1,8,0,290.0
10109590SILVAA_2025-12-18_G09,10109590SILVAA,2025-12-18,124486,1,2,0,40.0
10109590SILVAA_2025-12-18_G10,10109590SILVAA,2025-12-18,122962,1,4,0,37.0
10109590SILVAA_2025-12-18_G11,10109590SILVAA,2025-12-18,123345,1,6,0,196.0
10109590SILVAA_2025-12-18_G12,10109590SILVAA,2025-12-18,120028,1,30,0,657.0
10109590SILVAA_2025-12-18_G13,10109590SILVAA,2025-12-18,123344,1,4,0,116.0
10109590SILVAA_2025-12-18_G14,10109590SILVAA,2025-12-18,124371,1,6,0,304.0
10109590SILVAA_2025-12-18_G15,10109590SILVAA,2025-12-18,121760,1,2,0,76.0
10109590SILVAA_2025-12-18_G16,10109590SILVAA,2025-12-18,124486,1,4,0,67.0
10109590SILVAA_2025-12-18_G17,10109590SILVAA,2025-12-18,124486,1,6,0,164.0
10109590SILVAA_2025-12-18_G18,10109590SILVAA,2025-12-18,122962,1,2,0,64.0
10109590SILVAA_2025-12-18_G19,10109590SILVAA,2025-12-18,123822,1,12,0,320.0
10109590SILVAA_2025-12-18_G20,10109590SILVAA,2025-12-18,122962,1,20,0,519.0
10109590SILVAA_2025-12-18_G21,10109590SILVAA,2025-12-18,122962,1,4,0,978.0
10109590SILVAA_2025-12-18_G22,10109590SILVAA,2025-12-18,120028,1,12,0,352.0
10109590SILVAA_2025-12-18_G23,10109590SILVAA,2025-12-18,124486,1,20,0,426.0
10109590SILVAA_2025-12-18_G24,10109590SILVAA,2025-12-18,122962,1,56,0,629.0
10109590SILVAA_2025-12-18_G25,10109590SILVAA,2025-12-18,122673,1,20,0,228.0
10109590SILVAA_2025-12-18_G26,10109590SILVAA,2025-12-18,124264,1,135,0,1720.0
10109590SILVAA_2025-12-18_G27,10109590SILVAA,2025-12-18,123345,1,195,0,496.0
10109590SILVAA_2025-12-18_G29,10109590SILVAA,2025-12-18,123344,1,10,0,327.0
10109590SILVAA_2025-12-18_G30,10109590SILVAA,2025-12-18,123889,1,3,0,357.0
10109590SILVAA_2025-12-18_G31,10109590SILVAA,2025-12-18,124476,1,4,0,135.0
10109590SILVAA_2025-12-18_G32,10109590SILVAA,2025-12-18,122984,1,24,0,659.0
10109590SILVAA_2025-12-18_G33,10109590SILVAA,2025-12-18,123153,1,5,0,484.0
10109590SILVAA_2025-12-18_G34,10109590SILVAA,2025-12-18,122185,1,36,0,828.0
10109590SILVAA_2025-12-18_G35,10109590SILVAA,2025-12-18,122671,1,4,0,105.0
10109590SILVAA_2025-12-18_G36,10109590SILVAA,2025-12-18,122983,1,4,0,116.0
10109590SILVAA_2025-12-18_G37,10109590SILVAA,2025-12-18,120339,1,6,0,193.0
10109590SILVAA_2025-12-18_G38,10109590SILVAA,2025-12-18,124486,1,10,0,228.0
10109590SILVAA_2025-12-18_G39,10109590SILVAA,2025-12-18,122962,1,30,0,337.0
10109590SILVAA_2025-12-18_G40,10109590SILVAA,2025-12-18,124247,1,4,0,76.0
10109590SILVAA_2025-12-18_G41,10109590SILVAA,2025-12-18,124247,1,12,0,160.0
10109590SILVAA_2025-12-18_G42,10109590SILVAA,2025-12-18,123520,1,4,0,126.0
10109590SILVAA_2025-12-18_G43,10109590SILVAA,2025-12-18,123909,1,10,0,154.0
10109590SILVAA_2025-12-18_G44,10109590SILVAA,2025-12-18,122673,1,4,0,40.0
10109590SILVAA_2025-12-18_G45,10109590SILVAA,2025-12-18,181057,1,6,0,119.0
10109590SILVAA_2025-12-18_G46,10109590SILVAA,2025-12-18,181887,1,3,0,113.0
10109590SILVAA_2025-12-18_G47,10109590SILVAA,2025-12-18,181057,1,2,0,72.0
10109590SILVAA_2025-12-18_G48,10109590SILVAA,2025-12-18,123345,1,10,0,561.0
10109590SILVAA_2025-12-18_G49,10109590SILVAA,2025-12-18,123153,1,12,0,989.0
10109590SILVAA_2025-12-18_G50,10109590SILVAA,2025-12-18,123153,1,12,0,129.0
10109590SILVAA_2025-12-18_G51,10109590SILVAA,2025-12-18,124264,1,12,0,327.0
10109590SILVAA_2025-12-18_G52,10109590SILVAA,2025-12-18,124264,1,12,0,225.0
10109590SILVAA_2025-12-18_G53,10109590SILVAA,2025-12-18,124248,1,20,0,259.0
10109590SILVAA_2025-12-18_G54,10109590SILVAA,2025-12-18,124247,1,30,0,612.0
10109590SILVAA_2025-12-18_G55,10109590SILVAA,2025-12-18,122986,1,20,0,337.0
10109590SILVAA_2025-12-18_G56,10109590SILVAA,2025-12-18,123345,1,4,0,180.0
10109590SILVAA_2025-12-18_G57,10109590SILVAA,2025-12-18,124247,1,4,0,107.0
10109590SILVAA_2025-12-18_G58,10109590SILVAA,2025-12-18,122673,1,10,0,241.0
10109590SILVAA_2025-12-18_G59,10109590SILVAA,2025-12-18,122984,1,20,0,379.0
10109590SILVAA_2025-12-18_G60,10109590SILVAA,2025-12-18,124248,1,10,0,159.0
10109590SILVAA_2025-12-18_G61,10109590SILVAA,2025-12-18,122962,1,12,0,229.0
10109590SILVAA_2025-12-18_G62,10109590SILVAA,2025-12-18,124247,1,4,0,89.0
10109590SILVAA_2025-12-19_G02,10109590SILVAA,2025-12-19,123520,1,2,0,137.0
10109590SILVAA_2025-12-19_G03,10109590SILVAA,2025-12-19,122984,1,50,0,1131.0
10109590SILVAA_2025-12-19_G04,10109590SILVAA,2025-12-19,122962,1,10,0,184.0
10109590SILVAA_2025-12-19_G05,10109590SILVAA,2025-12-19,124247,1,66,0,1239.0
10109590SILVAA_2025-12-19_G06,10109590SILVAA,2025-12-19,122647,1,4,0,127.0
10109590SILVAA_2025-12-19_G07,10109590SILVAA,2025-12-19,122673,1,10,0,327.0
10109590SILVAA_2025-12-19_G08,10109590SILVAA,2025-12-19,124247,1,6,0,1065.0
10109590SILVAA_2025-12-19_G09,10109590SILVAA,2025-12-19,122671,1,5,0,218.0
10109590SILVAA_2025-12-19_G10,10109590SILVAA,2025-12-19,123343,1,2,0,1847.0
10109590SILVAA_2025-12-19_G11,10109590SILVAA,2025-12-19,123345,1,6,0,405.0
10109590SILVAA_2025-12-19_G12,10109590SILVAA,2025-12-19,120339,1,1,0,112.0
10109590SILVAA_2025-12-19_G13,10109590SILVAA,2025-12-19,122962,1,40,0,587.0
10109590SILVAA_2025-12-19_G14,10109590SILVAA,2025-12-19,120028,1,10,0,176.0
10109590SILVAA_2025-12-19_G15,10109590SILVAA,2025-12-19,123909,1,10,0,577.0
10109590SILVAA_2025-12-19_G16,10109590SILVAA,2025-12-19,123343,1,8,0,483.0
10109590SILVAA_2025-12-19_G17,10109590SILVAA,2025-12-19,123343,1,8,0,136.0
10109590SILVAA_2025-12-19_G18,10109590SILVAA,2025-12-19,123343,1,5,0,229.0
10109590SILVAA_2025-12-19_G19,10109590SILVAA,2025-12-19,123343,1,9,0,932.0
10109590SILVAA_2025-12-19_G20,10109590SILVAA,2025-12-19,122647,1,10,0,382.0
10109590SILVAA_2025-12-19_G21,10109590SILVAA,2025-12-19,122962,1,6,0,175.0
10109590SILVAA_2025-12-19_G22,10109590SILVAA,2025-12-19,124247,1,2,0,220.0
10109590SILVAA_2025-12-19_G24,10109590SILVAA,2025-12-19,122984,1,16,0,249.0
10109590SILVAA_2025-12-19_G25,10109590SILVAA,2025-12-19,124486,1,20,0,353.0
10109590SILVAA_2025-12-19_G26,10109590SILVAA,2025-12-19,123343,1,6,0,207.0
10109590SILVAA_2025-12-19_G27,10109590SILVAA,2025-12-19,124370,1,7,0,219.0
10109590SILVAA_2025-12-19_G28,10109590SILVAA,2025-12-19,123822,1,44,0,1226.0
10109590SILVAA_2025-12-19_G29,10109590SILVAA,2025-12-19,121651,1,12,0,329.0
10109590SILVAA_2025-12-19_G30,10109590SILVAA,2025-12-19,121923,1,8,0,483.0
10109590SILVAA_2025-12-19_G31,10109590SILVAA,2025-12-19,122673,1,16,0,662.0
10109590SILVAA_2025-12-19_G32,10109590SILVAA,2025-12-19,124548,1,7,0,260.0
10109590SILVAA_2025-12-19_G33,10109590SILVAA,2025-12-19,123343,1,8,0,1133.0
10109590SILVAA_2025-12-19_G34,10109590SILVAA,2025-12-19,123909,1,7,0,360.0
10109590SILVAA_2025-12-19_G35,10109590SILVAA,2025-12-19,123343,1,2,0,221.0
10109590SILVAA_2025-12-19_G36,10109590SILVAA,2025-12-19,123909,1,4,0,86.0
10109590SILVAA_2025-12-19_G37,10109590SILVAA,2025-12-19,123343,1,6,0,498.0
10109590SILVAA_2025-12-19_G38,10109590SILVAA,2025-12-19,123343,1,7,0,223.0
10109590SILVAA_2025-12-19_G39,10109590SILVAA,2025-12-19,124248,1,5,0,489.0
10109590SILVAA_2025-12-19_G40,10109590SILVAA,2025-12-19,124247,1,4,0,58.0
10109590SILVAA_2025-12-19_G41,10109590SILVAA,2025-12-19,122673,1,57,0,685.0
10109590SILVAA_2025-12-19_G42,10109590SILVAA,2025-12-19,124248,1,20,0,201.0
10109590SILVAA_2025-12-19_G43,10109590SILVAA,2025-12-19,122673,1,8,0,85.0
10109590SILVAA_2025-12-19_G44,10109590SILVAA,2025-12-19,122962,1,16,0,275.0
10109590SILVAA_2025-12-19_G45,10109590SILVAA,2025-12-19,120028,1,20,0,392.0
10109590SILVAA_2025-12-19_G46,10109590SILVAA,2025-12-19,123343,1,2,0,264.0
10109590SILVAA_2025-12-19_G47,10109590SILVAA,2025-12-19,123343,1,2,0,83.0
10109590SILVAA_2025-12-19_G48,10109590SILVAA,2025-12-19,124548,1,20,0,460.0
10109590SILVAA_2025-12-19_G49,10109590SILVAA,2025-12-19,122671,1,4,0,133.0
10109590SILVAA_2025-12-19_G50,10109590SILVAA,2025-12-19,122962,1,4,0,132.0
10109590SILVAA_2025-12-19_G51,10109590SILVAA,2025-12-19,122671,1,2,0,123.0
10109590SILVAA_2025-12-19_G52,10109590SILVAA,2025-12-19,123343,1,2,0,95.0
10109590SILVAA_2025-12-19_G53,10109590SILVAA,2025-12-19,123343,1,2,0,187.0
10109590SILVAA_2025-12-19_G54,10109590SILVAA,2025-12-19,123343,1,2,0,60.0
10109590SILVAA_2025-12-19_G55,10109590SILVAA,2025-12-19,123343,1,6,0,566.0
10109590SILVAA_2025-12-19_G56,10109590SILVAA,2025-12-19,123343,1,2,0,62.0
10109590SILVAA_2025-12-20_G02,10109590SILVAA,2025-12-20,122981,1,7,0,192.0
10109590SILVAA_2025-12-20_G03,10109590SILVAA,2025-12-20,124370,1,8,0,113.0
10109590SILVAA_2025-12-20_G04,10109590SILVAA,2025-12-20,124476,1,6,0,111.0
10109590SILVAA_2025-12-20_G05,10109590SILVAA,2025-12-20,122185,1,20,0,252.0
10109590SILVAA_2025-12-20_G06,10109590SILVAA,2025-12-20,124475,1,8,0,237.0
10109590SILVAA_2025-12-20_G07,10109590SILVAA,2025-12-20,121760,1,16,0,182.0
10109590SILVAA_2025-12-20_G08,10109590SILVAA,2025-12-20,121760,1,20,0,463.0
10109590SILVAA_2025-12-20_G09,10109590SILVAA,2025-12-20,121651,1,10,0,178.0
10109590SILVAA_2025-12-20_G10,10109590SILVAA,2025-12-20,124247,1,8,0,214.0
10109590SILVAA_2025-12-20_G11,10109590SILVAA,2025-12-20,123561,1,6,0,59.0
10109590SILVAA_2025-12-20_G12,10109590SILVAA,2025-12-20,123343,1,10,0,360.0
10109590SILVAA_2025-12-20_G13,10109590SILVAA,2025-12-20,124475,1,30,0,990.0
10109590SILVAA_2025-12-20_G14,10109590SILVAA,2025-12-20,121760,1,28,0,538.0
10109590SILVAA_2025-12-20_G15,10109590SILVAA,2025-12-20,124548,1,6,0,149.0
10109590SILVAA_2025-12-20_G16,10109590SILVAA,2025-12-20,123909,1,20,0,313.0
10109590SILVAA_2025-12-22_G02,10109590SILVAA,2025-12-22,123343,1,2,0,120.0
10109590SILVAA_2025-12-22_G03,10109590SILVAA,2025-12-22,123343,1,2,0,241.0
10109590SILVAA_2025-12-22_G04,10109590SILVAA,2025-12-22,124486,1,18,0,417.0
10109590SILVAA_2025-12-22_G05,10109590SILVAA,2025-12-22,122962,1,6,0,149.0
10109590SILVAA_2025-12-22_G06,10109590SILVAA,2025-12-22,124247,1,4,0,86.0
10109590SILVAA_2025-12-22_G07,10109590SILVAA,2025-12-22,123343,1,5,0,365.0
10109590SILVAA_2025-12-22_G08,10109590SILVAA,2025-12-22,123909,1,10,0,279.0
10109590SILVAA_2025-12-22_G09,10109590SILVAA,2025-12-22,124594,1,4,0,240.0
10109590SILVAA_2025-12-22_G10,10109590SILVAA,2025-12-22,123343,1,5,0,229.0
10109590SILVAA_2025-12-22_G11,10109590SILVAA,2025-12-22,124247,1,10,0,174.0
10109590SILVAA_2025-12-22_G12,10109590SILVAA,2025-12-22,124247,1,2,0,126.0
10109590SILVAA_2025-12-22_G13,10109590SILVAA,2025-12-22,124247,1,8,0,172.0
10109590SILVAA_2025-12-22_G14,10109590SILVAA,2025-12-22,124247,1,12,0,373.0
10109590SILVAA_2025-12-22_G15,10109590SILVAA,2025-12-22,124594,1,4,0,243.0
10109590SILVAA_2025-12-22_G16,10109590SILVAA,2025-12-22,123343,1,20,0,335.0
10109590SILVAA_2025-12-22_G17,10109590SILVAA,2025-12-22,123343,1,20,0,366.0
10109590SILVAA_2025-12-22_G18,10109590SILVAA,2025-12-22,124594,1,6,0,1900.0
10109590SILVAA_2025-12-22_G19,10109590SILVAA,2025-12-22,123343,1,10,0,348.0
10109590SILVAA_2025-12-22_G20,10109590SILVAA,2025-12-22,124486,1,12,0,813.0
10109590SILVAA_2025-12-22_G21,10109590SILVAA,2025-12-22,122962,1,8,0,74.0
10109590SILVAA_2025-12-22_G22,10109590SILVAA,2025-12-22,180090,1,4,0,430.0
10109590SILVAA_2025-12-22_G23,10109590SILVAA,2025-12-22,180373,1,2,0,528.0
10109590SILVAA_2025-12-22_G24,10109590SILVAA,2025-12-22,181057,1,30,0,937.0
10109590SILVAA_2025-12-22_G25,10109590SILVAA,2025-12-22,181057,1,8,0,337.0
10109590SILVAA_2025-12-22_G26,10109590SILVAA,2025-12-22,181057,1,1,0,199.0
10109590SILVAA_2025-12-22_G27,10109590SILVAA,2025-12-22,181057,1,2,0,92.0
10109590SILVAA_2025-12-22_G28,10109590SILVAA,2025-12-22,181057,1,6,0,280.0
10109590SILVAA_2025-12-22_G29,10109590SILVAA,2025-12-22,181057,1,6,0,357.0
10109590SILVAA_2025-12-22_G30,10109590SILVAA,2025-12-22,181887,1,4,0,164.0
10109590SILVAA_2025-12-22_G31,10109590SILVAA,2025-12-22,181887,1,6,0,191.0
10109590SILVAA_2025-12-22_G32,10109590SILVAA,2025-12-22,181887,1,6,0,172.0
10109590SILVAA_2025-12-22_G33,10109590SILVAA,2025-12-22,124247,1,20,0,222.0
10109590SILVAA_2025-12-22_G34,10109590SILVAA,2025-12-22,124247,1,20,0,187.0
10109590SILVAA_2025-12-23_G02,10109590SILVAA,2025-12-23,123343,1,4,0,203.0
10109590SILVAA_2025-12-23_G03,10109590SILVAA,2025-12-23,122983,1,252,0,1650.0
10109590SILVAA_2025-12-23_G04,10109590SILVAA,2025-12-23,123344,1,8,0,669.0
10109590SILVAA_2025-12-23_G06,10109590SILVAA,2025-12-23,120028,1,1,0,56.0
10109590SILVAA_2025-12-23_G07,10109590SILVAA,2025-12-23,122984,1,20,0,460.0
10109590SILVAA_2025-12-23_G08,10109590SILVAA,2025-12-23,121651,1,10,0,482.0
10109590SILVAA_2025-12-23_G09,10109590SILVAA,2025-12-23,120339,1,4,0,247.0
10109590SILVAA_2025-12-23_G10,10109590SILVAA,2025-12-23,121760,1,10,0,540.0
10109590SILVAA_2025-12-23_G11,10109590SILVAA,2025-12-23,124486,1,30,0,657.0
10109590SILVAA_2025-12-23_G12,10109590SILVAA,2025-12-23,122962,1,60,0,1428.0
10109590SILVAA_2025-12-23_G13,10109590SILVAA,2025-12-23,123909,1,24,0,523.0
10109590SILVAA_2025-12-23_G14,10109590SILVAA,2025-12-23,123909,1,6,0,180.0
10109590SILVAA_2025-12-23_G15,10109590SILVAA,2025-12-23,121651,1,10,0,556.0
10109590SILVAA_2025-12-23_G16,10109590SILVAA,2025-12-23,123343,1,5,0,434.0
10109590SILVAA_2025-12-23_G17,10109590SILVAA,2025-12-23,123343,1,5,0,169.0
10109590SILVAA_2025-12-23_G18,10109590SILVAA,2025-12-23,123343,1,5,0,251.0
10109590SILVAA_2025-12-23_G19,10109590SILVAA,2025-12-23,122673,1,15,0,689.0
10109590SILVAA_2025-12-23_G20,10109590SILVAA,2025-12-23,123344,1,20,0,905.0
10109590SILVAA_2025-12-23_G21,10109590SILVAA,2025-12-23,122647,1,3,0,82.0
10109590SILVAA_2025-12-23_G22,10109590SILVAA,2025-12-23,"121651, 124486",2,23,19,511.0
10109590SILVAA_2025-12-23_G23,10109590SILVAA,2025-12-23,122647,1,4,0,143.0
10109590SILVAA_2025-12-26_G02,10109590SILVAA,2025-12-26,122671,1,20,0,350.0
10109590SILVAA_2025-12-26_G03,10109590SILVAA,2025-12-26,124248,1,20,0,188.0
10109590SILVAA_2025-12-26_G04,10109590SILVAA,2025-12-26,122962,1,80,0,2773.0
10109590SILVAA_2025-12-26_G05,10109590SILVAA,2025-12-26,123822,1,10,0,136.0
10109590SILVAA_2025-12-26_G06,10109590SILVAA,2025-12-26,124486,1,6,0,159.0
10109590SILVAA_2025-12-26_G07,10109590SILVAA,2025-12-26,122962,1,10,0,198.0
10109590SILVAA_2025-12-26_G08,10109590SILVAA,2025-12-26,123909,1,6,0,229.0
10109590SILVAA_2025-12-26_G09,10109590SILVAA,2025-12-26,122673,1,12,0,307.0
10109590SILVAA_2025-12-26_G10,10109590SILVAA,2025-12-26,122647,1,8,0,163.0
10109590SILVAA_2025-12-26_G11,10109590SILVAA,2025-12-26,122673,1,12,0,221.0
10109590SILVAA_2025-12-26_G12,10109590SILVAA,2025-12-26,122673,1,4,0,121.0
10109590SILVAA_2025-12-26_G13,10109590SILVAA,2025-12-26,122967,1,30,0,777.0
10109590SILVAA_2025-12-26_G14,10109590SILVAA,2025-12-26,124594,1,4,0,486.0
10109590SILVAA_2025-12-26_G15,10109590SILVAA,2025-12-26,123344,1,1,0,117.0
10109590SILVAA_2025-12-26_G16,10109590SILVAA,2025-12-26,124371,1,8,0,304.0
10109590SILVAA_2025-12-26_G17,10109590SILVAA,2025-12-26,122983,1,4,0,52.0
10109590SILVAA_2025-12-26_G18,10109590SILVAA,2025-12-26,124476,1,1,0,100.0
10109590SILVAA_2025-12-26_G19,10109590SILVAA,2025-12-26,120028,1,2,0,102.0
10109590SILVAA_2025-12-26_G20,10109590SILVAA,2025-12-26,123153,1,30,0,367.0
10109590SILVAA_2025-12-26_G21,10109590SILVAA,2025-12-26,122671,1,6,0,136.0
10109590SILVAA_2025-12-26_G22,10109590SILVAA,2025-12-26,124370,1,60,0,1178.0
10109590SILVAA_2025-12-26_G23,10109590SILVAA,2025-12-26,124486,1,80,0,608.0
10109590SILVAA_2025-12-26_G24,10109590SILVAA,2025-12-26,122962,1,90,0,916.0
10109590SILVAA_2025-12-26_G25,10109590SILVAA,2025-12-26,124264,1,8,0,214.0
10109590SILVAA_2025-12-26_G26,10109590SILVAA,2025-12-26,123343,1,2,0,99.0
10109590SILVAA_2025-12-26_G27,10109590SILVAA,2025-12-26,122982,1,4,0,206.0
10109590SILVAA_2025-12-26_G29,10109590SILVAA,2025-12-26,122185,1,4,0,75.0
10109590SILVAA_2025-12-26_G30,10109590SILVAA,2025-12-26,124248,1,2,0,143.0
10109590SILVAA_2025-12-26_G31,10109590SILVAA,2025-12-26,122962,1,8,0,133.0
10109590SILVAA_2025-12-26_G32,10109590SILVAA,2025-12-26,124247,1,2,0,191.0
10109590SILVAA_2025-12-26_G33,10109590SILVAA,2025-12-26,122185,1,2,0,50.0
10109590SILVAA_2025-12-26_G34,10109590SILVAA,2025-12-26,122984,1,16,0,314.0
10109590SILVAA_2025-12-31_G02,10109590SILVAA,2025-12-31,122962,1,40,0,789.0
10109590SILVAA_2025-12-31_G03,10109590SILVAA,2025-12-31,124548,1,20,0,1777.0
10109590SILVAA_2025-12-31_G04,10109590SILVAA,2025-12-31,123343,1,2,0,916.0
10109590SILVAA_2025-12-31_G05,10109590SILVAA,2025-12-31,122671,1,20,0,662.0
10109590SILVAA_2025-12-31_G06,10109590SILVAA,2025-12-31,122673,1,20,0,313.0
10109590SILVAA_2025-12-31_G07,10109590SILVAA,2025-12-31,122986,1,30,0,638.0
10109590SILVAA_2025-12-31_G08,10109590SILVAA,2025-12-31,123909,1,2,0,52.0
10109590SILVAA_2025-12-31_G09,10109590SILVAA,2025-12-31,123345,1,4,0,333.0
10109590SILVAA_2025-12-31_G10,10109590SILVAA,2025-12-31,124247,1,50,0,809.0
10109590SILVAA_2026-01-07_G02,10109590SILVAA,2026-01-07,122984,1,28,0,731.0
10109590SILVAA_2026-01-07_G03,10109590SILVAA,2026-01-07,124248,1,12,0,191.0
10109590SILVAA_2026-01-07_G04,10109590SILVAA,2026-01-07,122984,1,16,0,292.0
10109590SILVAA_2026-01-07_G05,10109590SILVAA,2026-01-07,120389,1,12,0,442.0
10109590SILVAA_2026-01-07_G06,10109590SILVAA,2026-01-07,120321,1,2,0,117.0
10109590SILVAA_2026-01-07_G07,10109590SILVAA,2026-01-07,122962,1,8,0,289.0
10109590SILVAA_2026-01-07_G08,10109590SILVAA,2026-01-07,123153,1,40,0,963.0
10109590SILVAA_2026-01-07_G09,10109590SILVAA,2026-01-07,124264,1,38,0,1123.0
10109590SILVAA_2026-01-07_G10,10109590SILVAA,2026-01-07,123492,1,10,0,182.0
10109590SILVAA_2026-01-07_G11,10109590SILVAA,2026-01-07,123521,1,1,0,412.0
10109590SILVAA_2026-01-07_G12,10109590SILVAA,2026-01-07,124548,1,17,0,995.0
10109590SILVAA_2026-01-07_G13,10109590SILVAA,2026-01-07,122962,1,40,0,912.0
10109590SILVAA_2026-01-07_G14,10109590SILVAA,2026-01-07,122647,1,20,0,491.0
10109590SILVAA_2026-01-07_G15,10109590SILVAA,2026-01-07,122962,1,12,0,196.0
10109590SILVAA_2026-01-07_G16,10109590SILVAA,2026-01-07,122962,1,16,0,137.0
10109590SILVAA_2026-01-07_G17,10109590SILVAA,2026-01-07,122962,1,50,0,449.0
10109590SILVAA_2026-01-07_G18,10109590SILVAA,2026-01-07,120028,1,12,0,409.0
10109590SILVAA_2026-01-07_G19,10109590SILVAA,2026-01-07,122967,1,80,0,1037.0
10109590SILVAA_2026-01-07_G20,10109590SILVAA,2026-01-07,120028,1,20,0,689.0
10109590SILVAA_2026-01-07_G21,10109590SILVAA,2026-01-07,122962,1,30,0,310.0
10109590SILVAA_2026-01-09_G02,10109590SILVAA,2026-01-09,122983,1,10,0,230.0
10109590SILVAA_2026-01-09_G03,10109590SILVAA,2026-01-09,120272,1,10,0,353.0
10109590SILVAA_2026-01-09_G04,10109590SILVAA,2026-01-09,124624,1,30,0,499.0
10109590SILVAA_2026-01-09_G05,10109590SILVAA,2026-01-09,120339,1,20,0,591.0
10109590SILVAA_2026-01-09_G06,10109590SILVAA,2026-01-09,124594,1,4,0,281.0
10109590SILVAA_2026-01-09_G07,10109590SILVAA,2026-01-09,124594,1,2,0,263.0
10109590SILVAA_2026-01-09_G08,10109590SILVAA,2026-01-09,123344,1,12,0,499.0
10109590SILVAA_2026-01-09_G09,10109590SILVAA,2026-01-09,122962,1,32,0,511.0
10109590SILVAA_2026-01-09_G10,10109590SILVAA,2026-01-09,124433,1,6,0,328.0
10109590SILVAA_2026-01-09_G11,10109590SILVAA,2026-01-09,123313,1,6,0,549.0
10109590SILVAA_2026-01-09_G13,10109590SILVAA,2026-01-09,122962,1,40,0,630.0
10109590SILVAA_2026-01-09_G14,10109590SILVAA,2026-01-09,122983,1,10,0,321.0
10109590SILVAA_2026-01-09_G15,10109590SILVAA,2026-01-09,124248,1,25,0,427.0
10109590SILVAA_2026-01-09_G16,10109590SILVAA,2026-01-09,124247,1,9,0,404.0
10109590SILVAA_2026-01-09_G17,10109590SILVAA,2026-01-09,122962,1,10,0,297.0
10109590SILVAA_2026-01-09_G18,10109590SILVAA,2026-01-09,120008,1,43,0,706.0
10109590SILVAA_2026-01-09_G19,10109590SILVAA,2026-01-09,124486,1,24,0,294.0
10109590SILVAA_2026-01-09_G20,10109590SILVAA,2026-01-09,122962,1,10,0,324.0
10109590SILVAA_2026-01-09_G21,10109590SILVAA,2026-01-09,122673,1,16,0,791.0
10109590SILVAA_2026-01-09_G22,10109590SILVAA,2026-01-09,122962,1,24,0,471.0
10109590SILVAA_2026-01-09_G23,10109590SILVAA,2026-01-09,122647,1,2,0,86.0
10109590SILVAA_2026-01-09_G24,10109590SILVAA,2026-01-09,122673,1,12,0,440.0
10109590SILVAA_2026-01-09_G25,10109590SILVAA,2026-01-09,123153,1,2,0,109.0
10109590SILVAA_2026-01-09_G26,10109590SILVAA,2026-01-09,120008,1,12,0,509.0
10109590SILVAA_2026-01-09_G27,10109590SILVAA,2026-01-09,120008,1,8,0,343.0
10109590SILVAA_2026-01-09_G28,10109590SILVAA,2026-01-09,124486,1,10,0,575.0
10109590SILVAA_2026-01-09_G29,10109590SILVAA,2026-01-09,122962,1,4,0,70.0
10109590SILVAA_2026-01-09_G30,10109590SILVAA,2026-01-09,122984,1,200,0,3466.0
10109590SILVAA_2026-01-10_G02,10109590SILVAA,2026-01-10,123344,1,7,0,375.0
10109590SILVAA_2026-01-10_G03,10109590SILVAA,2026-01-10,122962,1,9,0,285.0
10109590SILVAA_2026-01-10_G04,10109590SILVAA,2026-01-10,122981,1,8,0,109.0
10109590SILVAA_2026-01-10_G05,10109590SILVAA,2026-01-10,123153,1,30,0,622.0
10109590SILVAA_2026-01-10_G06,10109590SILVAA,2026-01-10,123080,1,14,0,328.0
10109590SILVAA_2026-01-10_G07,10109590SILVAA,2026-01-10,121651,1,8,0,131.0
10109590SILVAA_2026-01-10_G08,10109590SILVAA,2026-01-10,121760,1,17,0,842.0
10109590SILVAA_2026-01-10_G09,10109590SILVAA,2026-01-10,124264,1,20,0,665.0
10109590SILVAA_2026-01-10_G10,10109590SILVAA,2026-01-10,122986,1,4,0,95.0
10109590SILVAA_2026-01-10_G11,10109590SILVAA,2026-01-10,123909,1,8,0,216.0
10109590SILVAA_2026-01-10_G12,10109590SILVAA,2026-01-10,124370,1,11,0,144.0
10109590SILVAA_2026-01-10_G13,10109590SILVAA,2026-01-10,123343,1,5,0,242.0
10109590SILVAA_2026-01-10_G14,10109590SILVAA,2026-01-10,124486,1,20,0,624.0
10109590SILVAA_2026-01-10_G15,10109590SILVAA,2026-01-10,122962,1,16,0,291.0
10109590SILVAA_2026-01-10_G16,10109590SILVAA,2026-01-10,120271,1,2,0,121.0
10109590SILVAA_2026-01-10_G17,10109590SILVAA,2026-01-10,123153,1,40,0,1079.0
10109590SILVAA_2026-01-10_G18,10109590SILVAA,2026-01-10,124475,1,8,0,230.0
10109590SILVAA_2026-01-10_G19,10109590SILVAA,2026-01-10,121760,1,20,0,578.0
10109590SILVAA_2026-01-10_G20,10109590SILVAA,2026-01-10,123345,1,30,0,237.0
10109590SILVAA_2026-01-10_G21,10109590SILVAA,2026-01-10,123343,1,8,0,618.0
10109590SILVAA_2026-01-10_G22,10109590SILVAA,2026-01-10,123343,1,8,0,203.0
10109590SILVAA_2026-01-10_G23,10109590SILVAA,2026-01-10,124486,1,18,0,956.0
10109590SILVAA_2026-01-10_G24,10109590SILVAA,2026-01-10,123344,1,6,0,744.0
10109590SILVAA_2026-01-10_G25,10109590SILVAA,2026-01-10,122984,1,14,0,283.0
10109590SILVAA_2026-01-10_G26,10109590SILVAA,2026-01-10,122988,1,8,0,64.0
10109590SILVAA_2026-01-10_G27,10109590SILVAA,2026-01-10,122962,1,34,0,709.0
10109590SILVAA_2026-01-10_G28,10109590SILVAA,2026-01-10,122981,1,20,0,284.0
10109590SILVAA_2026-01-10_G29,10109590SILVAA,2026-01-10,122983,1,12,0,385.0
10109590SILVAA_2026-01-10_G30,10109590SILVAA,2026-01-10,122982,1,8,0,162.0
10109590SILVAA_2026-01-10_G31,10109590SILVAA,2026-01-10,124248,1,7,0,169.0
10109590SILVAA_2026-01-12_G02,10109590SILVAA,2026-01-12,122673,1,10,0,937.0
10109590SILVAA_2026-01-12_G03,10109590SILVAA,2026-01-12,123343,1,10,0,391.0
10109590SILVAA_2026-01-13_G02,10109590SILVAA,2026-01-13,122984,1,72,0,3233.0
10109590SILVAA_2026-01-13_G03,10109590SILVAA,2026-01-13,122962,1,99,0,1022.0
10109590SILVAA_2026-01-13_G04,10109590SILVAA,2026-01-13,124371,1,64,0,1282.0
10109590SILVAA_2026-01-13_G05,10109590SILVAA,2026-01-13,122962,1,250,0,3357.0
10109590SILVAA_2026-01-13_G07,10109590SILVAA,2026-01-13,122984,1,60,0,2361.0
10109590SILVAA_2026-01-13_G08,10109590SILVAA,2026-01-13,122967,1,8,0,184.0
10109590SILVAA_2026-01-13_G09,10109590SILVAA,2026-01-13,124370,1,21,0,523.0
10109590SILVAA_2026-01-13_G10,10109590SILVAA,2026-01-13,122962,1,10,0,559.0
10109590SILVAA_2026-01-13_G11,10109590SILVAA,2026-01-13,124371,1,12,0,484.0
10109590SILVAA_2026-01-13_G12,10109590SILVAA,2026-01-13,124486,1,26,0,392.0
10109590SILVAA_2026-01-13_G13,10109590SILVAA,2026-01-13,122983,1,6,0,111.0
10109590SILVAA_2026-01-13_G14,10109590SILVAA,2026-01-13,122982,1,16,0,250.0
10109590SILVAA_2026-01-13_G15,10109590SILVAA,2026-01-13,124475,1,16,0,244.0
10109590SILVAA_2026-01-13_G16,10109590SILVAA,2026-01-13,124248,1,26,0,292.0
10109590SILVAA_2026-01-13_G17,10109590SILVAA,2026-01-13,121651,1,10,0,249.0
10109590SILVAA_2026-01-13_G18,10109590SILVAA,2026-01-13,121760,1,8,0,109.0
10109590SILVAA_2026-01-13_G19,10109590SILVAA,2026-01-13,122185,1,20,0,239.0
10109590SILVAA_2026-01-13_G20,10109590SILVAA,2026-01-13,123909,1,20,0,324.0
10109590SILVAA_2026-01-13_G21,10109590SILVAA,2026-01-13,122673,1,4,0,75.0
10109590SILVAA_2026-01-13_G22,10109590SILVAA,2026-01-13,123521,1,4,0,84.0
10109590SILVAA_2026-01-13_G23,10109590SILVAA,2026-01-13,123345,1,6,0,178.0
10109590SILVAA_2026-01-14_G02,10109590SILVAA,2026-01-14,122962,1,50,0,1125.0
10109590SILVAA_2026-01-14_G03,10109590SILVAA,2026-01-14,122647,1,14,0,892.0
10109590SILVAA_2026-01-14_G04,10109590SILVAA,2026-01-14,122962,1,100,0,2352.0
10109590SILVAA_2026-01-14_G05,10109590SILVAA,2026-01-14,123909,1,10,0,80.0
10109590SILVAA_2026-01-14_G06,10109590SILVAA,2026-01-14,122983,1,8,0,924.0
10109590SILVAA_2026-01-14_G07,10109590SILVAA,2026-01-14,123313,1,4,0,111.0
10109590SILVAA_2026-01-14_G08,10109590SILVAA,2026-01-14,123343,1,4,0,371.0
10109590SILVAA_2026-01-14_G09,10109590SILVAA,2026-01-14,123345,1,4,0,188.0
10109590SILVAA_2026-01-14_G10,10109590SILVAA,2026-01-14,123562,1,2,0,376.0
10109590SILVAA_2026-01-14_G11,10109590SILVAA,2026-01-14,123344,1,10,0,318.0
10109590SILVAA_2026-01-14_G12,10109590SILVAA,2026-01-14,122984,1,6,0,61.0
10109590SILVAA_2026-01-14_G13,10109590SILVAA,2026-01-14,122984,1,16,0,287.0
10109590SILVAA_2026-01-14_G14,10109590SILVAA,2026-01-14,122673,1,8,0,119.0
10109590SILVAA_2026-01-14_G15,10109590SILVAA,2026-01-14,120389,1,4,0,94.0
10109590SILVAA_2026-01-14_G16,10109590SILVAA,2026-01-14,124370,1,10,0,271.0
10109590SILVAA_2026-01-14_G17,10109590SILVAA,2026-01-14,124486,1,6,0,69.0
10109590SILVAA_2026-01-14_G18,10109590SILVAA,2026-01-14,122983,1,4,0,146.0
10109590SILVAA_2026-01-14_G19,10109590SILVAA,2026-01-14,124476,1,8,0,253.0
10109590SILVAA_2026-01-14_G20,10109590SILVAA,2026-01-14,121760,1,13,0,175.0
10109590SILVAA_2026-01-14_G21,10109590SILVAA,2026-01-14,123153,1,10,0,302.0
10109590SILVAA_2026-01-14_G22,10109590SILVAA,2026-01-14,123153,1,10,0,107.0
10109590SILVAA_2026-01-14_G23,10109590SILVAA,2026-01-14,124475,1,10,0,224.0
10109590SILVAA_2026-01-14_G24,10109590SILVAA,2026-01-14,121651,1,8,0,115.0
10109590SILVAA_2026-01-14_G25,10109590SILVAA,2026-01-14,120339,1,4,0,108.0
10109590SILVAA_2026-01-14_G26,10109590SILVAA,2026-01-14,122962,1,4,0,76.0
10109590SILVAA_2026-01-14_G27,10109590SILVAA,2026-01-14,122962,1,4,0,103.0
10109590SILVAA_2026-01-14_G28,10109590SILVAA,2026-01-14,123909,1,8,0,116.0
10109590SILVAA_2026-01-14_G29,10109590SILVAA,2026-01-14,122673,1,5,0,326.0
10109590SILVAA_2026-01-14_G30,10109590SILVAA,2026-01-14,122673,1,6,0,113.0
10109590SILVAA_2026-01-14_G31,10109590SILVAA,2026-01-14,122647,1,6,0,202.0
10109590SILVAA_2026-01-14_G32,10109590SILVAA,2026-01-14,123345,1,24,0,683.0
10109590SILVAA_2026-01-14_G34,10109590SILVAA,2026-01-14,122673,1,2,0,112.0
10109590SILVAA_2026-01-14_G35,10109590SILVAA,2026-01-14,122647,1,2,0,170.0
10109590SILVAA_2026-01-14_G36,10109590SILVAA,2026-01-14,124371,1,2,0,207.0
10109590SILVAA_2026-01-14_G37,10109590SILVAA,2026-01-14,123153,1,2,0,113.0
10109590SILVAA_2026-01-14_G38,10109590SILVAA,2026-01-14,123343,1,3,0,239.0
10109590SILVAA_2026-01-14_G39,10109590SILVAA,2026-01-14,122988,1,2,0,244.0
10109590SILVAA_2026-01-14_G40,10109590SILVAA,2026-01-14,122962,1,32,0,658.0
10109590SILVAA_2026-01-14_G41,10109590SILVAA,2026-01-14,124433,1,6,0,174.0
10109590SILVAA_2026-01-14_G42,10109590SILVAA,2026-01-14,123343,1,21,0,379.0
10109590SILVAA_2026-01-14_G43,10109590SILVAA,2026-01-14,123344,1,50,0,672.0
10109590SILVAA_2026-01-14_G44,10109590SILVAA,2026-01-14,123344,1,30,0,1169.0
10109590SILVAA_2026-01-14_G45,10109590SILVAA,2026-01-14,124483,1,16,0,737.0
10109590SILVAA_2026-01-14_G46,10109590SILVAA,2026-01-14,122967,1,136,0,2611.0
10109590SILVAA_2026-01-14_G47,10109590SILVAA,2026-01-14,122647,1,9,0,293.0
10109590SILVAA_2026-01-15_G02,10109590SILVAA,2026-01-15,122962,1,30,0,560.0
10109590SILVAA_2026-01-15_G03,10109590SILVAA,2026-01-15,123822,1,68,0,2247.0
10109590SILVAA_2026-01-15_G04,10109590SILVAA,2026-01-15,122673,1,10,0,294.0
10109590SILVAA_2026-01-15_G05,10109590SILVAA,2026-01-15,120339,1,10,0,322.0
10109590SILVAA_2026-01-15_G06,10109590SILVAA,2026-01-15,123909,1,10,0,242.0
10109590SILVAA_2026-01-15_G07,10109590SILVAA,2026-01-15,124248,1,12,0,210.0
10109590SILVAA_2026-01-15_G08,10109590SILVAA,2026-01-15,124624,1,30,0,304.0
10109590SILVAA_2026-01-15_G09,10109590SILVAA,2026-01-15,123909,1,4,0,143.0
10109590SILVAA_2026-01-15_G10,10109590SILVAA,2026-01-15,123345,1,4,0,267.0
10109590SILVAA_2026-01-15_G11,10109590SILVAA,2026-01-15,124594,1,4,0,383.0
10109590SILVAA_2026-01-15_G12,10109590SILVAA,2026-01-15,120028,1,10,0,418.0
10109590SILVAA_2026-01-15_G13,10109590SILVAA,2026-01-15,122962,1,13,0,263.0
10109590SILVAA_2026-01-15_G14,10109590SILVAA,2026-01-15,122986,1,8,0,1127.0
10109590SILVAA_2026-01-15_G15,10109590SILVAA,2026-01-15,122984,1,4,0,126.0
10109590SILVAA_2026-01-15_G16,10109590SILVAA,2026-01-15,122983,1,20,0,359.0
10109590SILVAA_2026-01-15_G17,10109590SILVAA,2026-01-15,124483,1,30,0,296.0
10109590SILVAA_2026-01-15_G18,10109590SILVAA,2026-01-15,124248,1,2,0,37.0
10109590SILVAA_2026-01-15_G19,10109590SILVAA,2026-01-15,122962,1,2,0,50.0
10109590SILVAA_2026-01-15_G20,10109590SILVAA,2026-01-15,123909,1,2,0,115.0
10109590SILVAA_2026-01-15_G21,10109590SILVAA,2026-01-15,121760,1,8,0,813.0
10109590SILVAA_2026-01-15_G22,10109590SILVAA,2026-01-15,124486,1,2,0,67.0
10109590SILVAA_2026-01-15_G23,10109590SILVAA,2026-01-15,122647,1,2,0,96.0
10109590SILVAA_2026-01-15_G24,10109590SILVAA,2026-01-15,124248,1,2,0,55.0
10109590SILVAA_2026-01-15_G25,10109590SILVAA,2026-01-15,122962,1,4,0,209.0
10109590SILVAA_2026-01-15_G26,10109590SILVAA,2026-01-15,124483,1,5,0,63.0
10109590SILVAA_2026-01-15_G27,10109590SILVAA,2026-01-15,124248,1,6,0,162.0
10109590SILVAA_2026-01-15_G28,10109590SILVAA,2026-01-15,124486,1,10,0,230.0
10109590SILVAA_2026-01-15_G29,10109590SILVAA,2026-01-15,122984,1,4,0,101.0
10109590SILVAA_2026-01-15_G30,10109590SILVAA,2026-01-15,124486,1,4,0,141.0
10109590SILVAA_2026-01-15_G31,10109590SILVAA,2026-01-15,122983,1,4,0,131.0
10109590SILVAA_2026-01-15_G32,10109590SILVAA,2026-01-15,124483,1,2,0,106.0
10109590SILVAA_2026-01-15_G33,10109590SILVAA,2026-01-15,122983,1,8,0,100.0
10109590SILVAA_2026-01-15_G34,10109590SILVAA,2026-01-15,122982,1,16,0,193.0
10109590SILVAA_2026-01-15_G35,10109590SILVAA,2026-01-15,123520,1,10,0,93.0
10109590SILVAA_2026-01-15_G36,10109590SILVAA,2026-01-15,124483,1,4,0,90.0
10109590SILVAA_2026-01-15_G37,10109590SILVAA,2026-01-15,122185,1,4,0,122.0
10109590SILVAA_2026-01-15_G38,10109590SILVAA,2026-01-15,124483,1,2,0,91.0
10109590SILVAA_2026-01-15_G39,10109590SILVAA,2026-01-15,122673,1,12,0,258.0
10109590SILVAA_2026-01-15_G40,10109590SILVAA,2026-01-15,"122983, 124483",2,14,30,232.0
10109590SILVAA_2026-01-15_G41,10109590SILVAA,2026-01-15,122647,1,6,0,167.0
10109590SILVAA_2026-01-15_G42,10109590SILVAA,2026-01-15,123909,1,1,0,36.0
10109590SILVAA_2026-01-15_G43,10109590SILVAA,2026-01-15,122962,1,48,0,574.0
10109590SILVAA_2026-01-15_G45,10109590SILVAA,2026-01-15,120028,1,20,0,243.0
10109590SILVAA_2026-01-15_G46,10109590SILVAA,2026-01-15,122647,1,30,0,398.0
10109590SILVAA_2026-01-15_G47,10109590SILVAA,2026-01-15,122962,1,4,0,73.0
10109590SILVAA_2026-01-15_G48,10109590SILVAA,2026-01-15,"123344, 123343",2,7,21,2948.0
10109590SILVAA_2026-01-15_G49,10109590SILVAA,2026-01-15,122984,1,8,0,348.0
10109590SILVAA_2026-01-15_G50,10109590SILVAA,2026-01-15,120389,1,2,0,67.0
10109590SILVAA_2026-01-15_G51,10109590SILVAA,2026-01-15,124371,1,6,0,275.0
10109590SILVAA_2026-01-15_G52,10109590SILVAA,2026-01-15,120028,1,2,0,67.0
10109590SILVAA_2026-01-15_G53,10109590SILVAA,2026-01-15,124475,1,8,0,291.0
10109590SILVAA_2026-01-15_G54,10109590SILVAA,2026-01-15,124248,1,4,0,102.0
10109590SILVAA_2026-01-15_G55,10109590SILVAA,2026-01-15,122673,1,6,0,188.0
10109590SILVAA_2026-01-15_G56,10109590SILVAA,2026-01-15,122673,1,8,0,81.0
10109590SILVAA_2026-01-15_G57,10109590SILVAA,2026-01-15,122962,1,52,0,709.0
10109590SILVAA_2026-01-16_G02,10109590SILVAA,2026-01-16,122673,1,100,0,2864.0
10109590SILVAA_2026-01-16_G03,10109590SILVAA,2026-01-16,122673,1,65,0,818.0
10109590SILVAA_2026-01-16_G04,10109590SILVAA,2026-01-16,124594,1,2,0,360.0
10109590SILVAA_2026-01-16_G05,10109590SILVAA,2026-01-16,124370,1,10,0,335.0
10109590SILVAA_2026-01-16_G06,10109590SILVAA,2026-01-16,124371,1,2,0,87.0
10109590SILVAA_2026-01-16_G07,10109590SILVAA,2026-01-16,"121760, 123343",2,2,26,120.0
10109590SILVAA_2026-01-16_G08,10109590SILVAA,2026-01-16,122673,1,2,0,58.0
10109590SILVAA_2026-01-16_G09,10109590SILVAA,2026-01-16,122962,1,4,0,98.0
10109590SILVAA_2026-01-16_G10,10109590SILVAA,2026-01-16,"124486, 122647",2,22,19,731.0
10109590SILVAA_2026-01-16_G11,10109590SILVAA,2026-01-16,123909,1,20,0,247.0
10109590SILVAA_2026-01-16_G12,10109590SILVAA,2026-01-16,122962,1,4,0,828.0
10109590SILVAA_2026-01-16_G13,10109590SILVAA,2026-01-16,122986,1,30,0,548.0
10109590SILVAA_2026-01-16_G14,10109590SILVAA,2026-01-16,124486,1,20,0,185.0
10109590SILVAA_2026-01-16_G15,10109590SILVAA,2026-01-16,124483,1,4,0,113.0
10109590SILVAA_2026-01-16_G16,10109590SILVAA,2026-01-16,124483,1,22,0,225.0
10109590SILVAA_2026-01-16_G17,10109590SILVAA,2026-01-16,124483,1,12,0,193.0
10109590SILVAA_2026-01-16_G18,10109590SILVAA,2026-01-16,120028,1,50,0,860.0
10109590SILVAA_2026-01-16_G19,10109590SILVAA,2026-01-16,122962,1,20,0,298.0
10109590SILVAA_2026-01-16_G20,10109590SILVAA,2026-01-16,124486,1,10,0,72.0
10109590SILVAA_2026-01-16_G21,10109590SILVAA,2026-01-16,122962,1,12,0,214.0
10109590SILVAA_2026-01-16_G22,10109590SILVAA,2026-01-16,122988,1,12,0,699.0
10109590SILVAA_2026-01-16_G23,10109590SILVAA,2026-01-16,122982,1,12,0,169.0
10109590SILVAA_2026-01-16_G24,10109590SILVAA,2026-01-16,123343,1,10,0,116.0
10109590SILVAA_2026-01-16_G25,10109590SILVAA,2026-01-16,124594,1,1,0,39.0
10109590SILVAA_2026-01-16_G26,10109590SILVAA,2026-01-16,123344,1,6,0,181.0
10109590SILVAA_2026-01-16_G28,10109590SILVAA,2026-01-16,124475,1,4,0,213.0
10109590SILVAA_2026-01-16_G29,10109590SILVAA,2026-01-16,124248,1,4,0,179.0
10109590SILVAA_2026-01-16_G30,10109590SILVAA,2026-01-16,121651,1,2,0,62.0
10109590SILVAA_2026-01-16_G31,10109590SILVAA,2026-01-16,122962,1,4,0,195.0
10109590SILVAA_2026-01-16_G32,10109590SILVAA,2026-01-16,123909,1,100,0,1665.0
10109590SILVAA_2026-01-16_G33,10109590SILVAA,2026-01-16,124624,1,4,0,196.0
10109590SILVAA_2026-01-16_G34,10109590SILVAA,2026-01-16,124476,1,4,0,269.0
10109590SILVAA_2026-01-16_G35,10109590SILVAA,2026-01-16,124475,1,4,0,108.0
10109590SILVAA_2026-01-16_G36,10109590SILVAA,2026-01-16,124475,1,8,0,222.0
10109590SILVAA_2026-01-16_G37,10109590SILVAA,2026-01-16,124248,1,4,0,88.0
10109590SILVAA_2026-01-16_G38,10109590SILVAA,2026-01-16,121651,1,2,0,45.0
10109590SILVAA_2026-01-16_G39,10109590SILVAA,2026-01-16,122962,1,4,0,96.0
10109590SILVAA_2026-01-16_G40,10109590SILVAA,2026-01-16,123313,1,4,0,205.0
10109590SILVAA_2026-01-16_G41,10109590SILVAA,2026-01-16,123313,1,4,0,48.0
10109590SILVAA_2026-01-16_G42,10109590SILVAA,2026-01-16,123343,1,9,0,338.0
10109590SILVAA_2026-01-16_G43,10109590SILVAA,2026-01-16,122647,1,36,0,820.0
10109590SILVAA_2026-01-16_G44,10109590SILVAA,2026-01-16,124624,1,4,0,397.0
10109590SILVAA_2026-01-16_G45,10109590SILVAA,2026-01-16,122983,1,4,0,120.0
10109590SILVAA_2026-01-16_G46,10109590SILVAA,2026-01-16,124248,1,4,0,124.0
10109590SILVAA_2026-01-16_G47,10109590SILVAA,2026-01-16,122962,1,8,0,124.0
10109590SILVAA_2026-01-16_G48,10109590SILVAA,2026-01-16,123313,1,4,0,70.0
10109590SILVAA_2026-01-16_G49,10109590SILVAA,2026-01-16,123343,1,16,0,987.0
10109590SILVAA_2026-01-16_G50,10109590SILVAA,2026-01-16,123345,1,10,0,377.0
10109590SILVAA_2026-01-16_G51,10109590SILVAA,2026-01-16,120287,1,50,0,1009.0
10109590SILVAA_2026-01-16_G52,10109590SILVAA,2026-01-16,122984,1,100,0,2106.0
10109590SILVAA_2026-01-16_G53,10109590SILVAA,2026-01-16,124548,1,12,0,298.0
10109590SILVAA_2026-01-16_G54,10109590SILVAA,2026-01-16,122962,1,40,0,771.0
10109590SILVAA_2026-01-16_G55,10109590SILVAA,2026-01-16,122189,1,2,0,85.0
10109590SILVAA_2026-01-16_G56,10109590SILVAA,2026-01-16,120272,1,9,0,198.0
10109590SILVAA_2026-01-16_G57,10109590SILVAA,2026-01-16,122196,1,8,0,99.0
10109590SILVAA_2026-01-19_G02,10109590SILVAA,2026-01-19,124248,1,2,0,167.0
10109590SILVAA_2026-01-19_G03,10109590SILVAA,2026-01-19,124483,1,18,0,658.0
10109590SILVAA_2026-01-19_G04,10109590SILVAA,2026-01-19,123909,1,20,0,534.0
10109590SILVAA_2026-01-19_G05,10109590SILVAA,2026-01-19,122984,1,4,0,133.0
10109590SILVAA_2026-01-19_G06,10109590SILVAA,2026-01-19,122982,1,64,0,1366.0
10109590SILVAA_2026-01-19_G07,10109590SILVAA,2026-01-19,121760,1,6,0,149.0
10109590SILVAA_2026-01-19_G08,10109590SILVAA,2026-01-19,123153,1,20,0,515.0
10109590SILVAA_2026-01-19_G09,10109590SILVAA,2026-01-19,122671,1,1,0,159.0
10109590SILVAA_2026-01-19_G10,10109590SILVAA,2026-01-19,122962,1,13,0,393.0
10109590SILVAA_2026-01-19_G11,10109590SILVAA,2026-01-19,124264,1,2,0,1928.0
10109590SILVAA_2026-01-19_G12,10109590SILVAA,2026-01-19,123313,1,4,0,100.0
10109590SILVAA_2026-01-19_G13,10109590SILVAA,2026-01-19,123343,1,15,0,481.0
10109590SILVAA_2026-01-19_G14,10109590SILVAA,2026-01-19,123345,1,12,0,421.0
10109590SILVAA_2026-01-19_G15,10109590SILVAA,2026-01-19,124483,1,18,0,522.0
10109590SILVAA_2026-01-19_G16,10109590SILVAA,2026-01-19,123909,1,2,0,263.0
10109590SILVAA_2026-01-19_G17,10109590SILVAA,2026-01-19,122962,1,16,0,428.0
10109590SILVAA_2026-01-19_G18,10109590SILVAA,2026-01-19,123344,1,16,0,552.0
10109590SILVAA_2026-01-19_G19,10109590SILVAA,2026-01-19,121760,1,8,0,103.0
10109590SILVAA_2026-01-19_G20,10109590SILVAA,2026-01-19,123343,1,4,0,275.0
10109590SILVAA_2026-01-19_G21,10109590SILVAA,2026-01-19,122673,1,6,0,125.0
10109590SILVAA_2026-01-19_G22,10109590SILVAA,2026-01-19,122962,1,12,0,203.0
10109590SILVAA_2026-01-19_G23,10109590SILVAA,2026-01-19,122962,1,24,0,185.0
10109590SILVAA_2026-01-19_G24,10109590SILVAA,2026-01-19,124248,1,12,0,437.0
10109590SILVAA_2026-01-19_G25,10109590SILVAA,2026-01-19,124486,1,4,0,54.0
10109590SILVAA_2026-01-19_G26,10109590SILVAA,2026-01-19,120389,1,10,0,138.0
10109590SILVAA_2026-01-19_G27,10109590SILVAA,2026-01-19,122673,1,4,0,149.0
10109590SILVAA_2026-01-19_G28,10109590SILVAA,2026-01-19,122671,1,2,0,78.0
10109590SILVAA_2026-01-19_G29,10109590SILVAA,2026-01-19,122962,1,6,0,109.0
10109590SILVAA_2026-01-19_G30,10109590SILVAA,2026-01-19,120028,1,4,0,59.0
10109590SILVAA_2026-01-19_G31,10109590SILVAA,2026-01-19,123909,1,4,0,134.0
10109590SILVAA_2026-01-19_G32,10109590SILVAA,2026-01-19,180169,1,2,0,416.0
10109590SILVAA_2026-01-19_G33,10109590SILVAA,2026-01-19,180038,1,4,0,1597.0
10109590SILVAA_2026-01-19_G34,10109590SILVAA,2026-01-19,180078,1,2,0,316.0
10109590SILVAA_2026-01-19_G35,10109590SILVAA,2026-01-19,180026,1,12,0,652.0
10109590SILVAA_2026-01-19_G36,10109590SILVAA,2026-01-19,124624,1,6,0,100.0
10109590SILVAA_2026-01-19_G37,10109590SILVAA,2026-01-19,122673,1,6,0,94.0
10109590SILVAA_2026-01-19_G39,10109590SILVAA,2026-01-19,123560,1,2,0,110.0
10109590SILVAA_2026-01-19_G40,10109590SILVAA,2026-01-19,122984,1,10,0,276.0
10109590SILVAA_2026-01-19_G41,10109590SILVAA,2026-01-19,122673,1,3,0,174.0
10109590SILVAA_2026-01-19_G42,10109590SILVAA,2026-01-19,124475,1,8,0,361.0
10109590SILVAA_2026-01-19_G43,10109590SILVAA,2026-01-19,123909,1,20,0,372.0
10109590SILVAA_2026-01-19_G44,10109590SILVAA,2026-01-19,123343,1,10,0,526.0
10109590SILVAA_2026-01-19_G45,10109590SILVAA,2026-01-19,123345,1,30,0,114.0
10109590SILVAA_2026-01-19_G46,10109590SILVAA,2026-01-19,124548,1,16,0,1490.0
10109590SILVAA_2026-01-19_G47,10109590SILVAA,2026-01-19,124548,1,16,0,31.0
10109590SILVAA_2026-01-20_G02,10109590SILVAA,2026-01-20,122962,1,20,0,612.0
10109590SILVAA_2026-01-20_G03,10109590SILVAA,2026-01-20,120028,1,60,0,2013.0
10109590SILVAA_2026-01-20_G04,10109590SILVAA,2026-01-20,124483,1,6,0,518.0
10109590SILVAA_2026-01-20_G05,10109590SILVAA,2026-01-20,122962,1,8,0,418.0
10109590SILVAA_2026-01-20_G06,10109590SILVAA,2026-01-20,124624,1,10,0,661.0
10109590SILVAA_2026-01-20_G07,10109590SILVAA,2026-01-20,122983,1,12,0,266.0
10109590SILVAA_2026-01-20_G08,10109590SILVAA,2026-01-20,124433,1,4,0,174.0
10109590SILVAA_2026-01-20_G10,10109590SILVAA,2026-01-20,123344,1,12,0,275.0
10109590SILVAA_2026-01-20_G11,10109590SILVAA,2026-01-20,124477,1,12,0,1143.0
10109590SILVAA_2026-01-20_G12,10109590SILVAA,2026-01-20,122703,1,2,0,63.0
10109590SILVAA_2026-01-20_G13,10109590SILVAA,2026-01-20,121760,1,8,0,123.0
10109590SILVAA_2026-01-20_G14,10109590SILVAA,2026-01-20,124475,1,8,0,282.0
10109590SILVAA_2026-01-20_G15,10109590SILVAA,2026-01-20,121651,1,8,0,148.0
10109590SILVAA_2026-01-20_G16,10109590SILVAA,2026-01-20,121923,1,4,0,166.0
10109590SILVAA_2026-01-20_G17,10109590SILVAA,2026-01-20,123343,1,12,0,921.0
10109590SILVAA_2026-01-20_G18,10109590SILVAA,2026-01-20,123345,1,12,0,344.0
10109590SILVAA_2026-01-21_G02,10109590SILVAA,2026-01-21,124370,1,80,0,1540.0
10109590SILVAA_2026-01-21_G03,10109590SILVAA,2026-01-21,122984,1,80,0,2413.0
10109590SILVAA_2026-01-21_G04,10109590SILVAA,2026-01-21,124371,1,15,0,346.0
10109590SILVAA_2026-01-21_G05,10109590SILVAA,2026-01-21,124371,1,19,0,280.0
10109590SILVAA_2026-01-21_G06,10109590SILVAA,2026-01-21,122984,1,6,0,161.0
10109590SILVAA_2026-01-21_G07,10109590SILVAA,2026-01-21,123343,1,1,0,205.0
10109590SILVAA_2026-01-21_G08,10109590SILVAA,2026-01-21,123343,1,11,0,637.0
10109590SILVAA_2026-01-21_G09,10109590SILVAA,2026-01-21,124624,1,6,0,692.0
10109590SILVAA_2026-01-21_G10,10109590SILVAA,2026-01-21,120389,1,4,0,338.0
10109590SILVAA_2026-01-21_G11,10109590SILVAA,2026-01-21,122983,1,8,0,201.0
10109590SILVAA_2026-01-21_G12,10109590SILVAA,2026-01-21,122962,1,4,0,109.0
10109590SILVAA_2026-01-21_G13,10109590SILVAA,2026-01-21,120028,1,4,0,105.0
10109590SILVAA_2026-01-21_G14,10109590SILVAA,2026-01-21,123313,1,4,0,349.0
10109590SILVAA_2026-01-21_G15,10109590SILVAA,2026-01-21,123153,1,10,0,506.0
10109590SILVAA_2026-01-21_G16,10109590SILVAA,2026-01-21,124483,1,30,0,466.0
10109590SILVAA_2026-01-21_G17,10109590SILVAA,2026-01-21,124248,1,20,0,322.0
10109590SILVAA_2026-01-21_G18,10109590SILVAA,2026-01-21,124486,1,3,0,276.0
10109590SILVAA_2026-01-21_G19,10109590SILVAA,2026-01-21,124486,1,67,0,1417.0
10109590SILVAA_2026-01-21_G20,10109590SILVAA,2026-01-21,123909,1,5,0,153.0
10109590SILVAA_2026-01-21_G21,10109590SILVAA,2026-01-21,123345,1,4,0,83.0
10109590SILVAA_2026-01-21_G22,10109590SILVAA,2026-01-21,123343,1,4,0,350.0
10109590SILVAA_2026-01-21_G23,10109590SILVAA,2026-01-21,120028,1,12,0,409.0
10109590SILVAA_2026-01-21_G24,10109590SILVAA,2026-01-21,124483,1,18,0,304.0
10109590SILVAA_2026-01-21_G25,10109590SILVAA,2026-01-21,122962,1,8,0,194.0
10109590SILVAA_2026-01-21_G26,10109590SILVAA,2026-01-21,123345,1,6,0,193.0
10109590SILVAA_2026-01-21_G27,10109590SILVAA,2026-01-21,122703,1,6,0,133.0
10109590SILVAA_2026-01-21_G28,10109590SILVAA,2026-01-21,122703,1,2,0,76.0
10109590SILVAA_2026-01-21_G29,10109590SILVAA,2026-01-21,124476,1,8,0,103.0
10109590SILVAA_2026-01-21_G30,10109590SILVAA,2026-01-21,124248,1,1,0,147.0
10109590SILVAA_2026-01-21_G32,10109590SILVAA,2026-01-21,122962,1,2,0,90.0
10109590SILVAA_2026-01-21_G33,10109590SILVAA,2026-01-21,121760,1,16,0,616.0
10109590SILVAA_2026-01-21_G34,10109590SILVAA,2026-01-21,122962,1,12,0,285.0
10109590SILVAA_2026-01-21_G35,10109590SILVAA,2026-01-21,122471,1,6,0,290.0
10109590SILVAA_2026-01-21_G36,10109590SILVAA,2026-01-21,123345,1,6,0,831.0
10109590SILVAA_2026-01-21_G37,10109590SILVAA,2026-01-21,124486,1,12,0,325.0
10109590SILVAA_2026-01-21_G38,10109590SILVAA,2026-01-21,122962,1,20,0,149.0
10109590SILVAA_2026-01-21_G39,10109590SILVAA,2026-01-21,123909,1,8,0,198.0
10109590SILVAA_2026-01-21_G40,10109590SILVAA,2026-01-21,122962,1,4,0,104.0
10109590SILVAA_2026-01-21_G41,10109590SILVAA,2026-01-21,120028,1,4,0,189.0
10109590SILVAA_2026-01-21_G42,10109590SILVAA,2026-01-21,120287,1,4,0,152.0
10109590SILVAA_2026-01-21_G43,10109590SILVAA,2026-01-21,120008,1,3,0,180.0
10109590SILVAA_2026-01-21_G44,10109590SILVAA,2026-01-21,122962,1,24,0,975.0
10109590SILVAA_2026-01-21_G45,10109590SILVAA,2026-01-21,123343,1,2,0,131.0
10109590SILVAA_2026-01-22_G02,10109590SILVAA,2026-01-22,124248,1,22,0,294.0
10109590SILVAA_2026-01-22_G03,10109590SILVAA,2026-01-22,122984,1,2,0,296.0
10109590SILVAA_2026-01-22_G04,10109590SILVAA,2026-01-22,124483,1,2,0,50.0
10109590SILVAA_2026-01-22_G05,10109590SILVAA,2026-01-22,124248,1,2,0,136.0
10109590SILVAA_2026-01-22_G06,10109590SILVAA,2026-01-22,123909,1,2,0,127.0
10109590SILVAA_2026-01-22_G07,10109590SILVAA,2026-01-22,124486,1,4,0,88.0
10109590SILVAA_2026-01-22_G08,10109590SILVAA,2026-01-22,122962,1,4,0,293.0
10109590SILVAA_2026-01-22_G09,10109590SILVAA,2026-01-22,122986,1,8,0,183.0
10109590SILVAA_2026-01-22_G10,10109590SILVAA,2026-01-22,122647,1,36,0,586.0
10109590SILVAA_2026-01-22_G11,10109590SILVAA,2026-01-22,122962,1,32,0,752.0
10109590SILVAA_2026-01-22_G12,10109590SILVAA,2026-01-22,124483,1,3,0,416.0
10109590SILVAA_2026-01-22_G13,10109590SILVAA,2026-01-22,122962,1,40,0,2016.0
10109590SILVAA_2026-01-22_G14,10109590SILVAA,2026-01-22,123343,1,2,0,70.0
10109590SILVAA_2026-01-22_G15,10109590SILVAA,2026-01-22,122962,1,4,0,231.0
10109590SILVAA_2026-01-22_G16,10109590SILVAA,2026-01-22,121651,1,4,0,84.0
10109590SILVAA_2026-01-22_G17,10109590SILVAA,2026-01-22,123343,1,6,0,385.0
10109590SILVAA_2026-01-22_G18,10109590SILVAA,2026-01-22,123345,1,3,0,243.0
10109590SILVAA_2026-01-22_G19,10109590SILVAA,2026-01-22,124486,1,1,0,57.0
10109590SILVAA_2026-01-22_G20,10109590SILVAA,2026-01-22,121760,1,2,0,79.0
10109590SILVAA_2026-01-22_G21,10109590SILVAA,2026-01-22,123345,1,2,0,168.0
10109590SILVAA_2026-01-22_G22,10109590SILVAA,2026-01-22,123345,1,4,0,78.0
10109590SILVAA_2026-01-22_G23,10109590SILVAA,2026-01-22,124486,1,40,0,686.0
10109590SILVAA_2026-01-22_G24,10109590SILVAA,2026-01-22,122962,1,16,0,320.0
10109590SILVAA_2026-01-22_G25,10109590SILVAA,2026-01-22,121651,1,4,0,192.0
10109590SILVAA_2026-01-22_G26,10109590SILVAA,2026-01-22,124248,1,20,0,477.0
10109590SILVAA_2026-01-22_G27,10109590SILVAA,2026-01-22,121651,1,35,0,1046.0
10109590SILVAA_2026-01-22_G28,10109590SILVAA,2026-01-22,124475,1,2,0,584.0
10109590SILVAA_2026-01-22_G29,10109590SILVAA,2026-01-22,124476,1,6,0,147.0
10109590SILVAA_2026-01-22_G30,10109590SILVAA,2026-01-22,121651,1,1,0,96.0
10109590SILVAA_2026-01-22_G31,10109590SILVAA,2026-01-22,123345,1,2,0,216.0
10109590SILVAA_2026-01-22_G32,10109590SILVAA,2026-01-22,120008,1,26,0,608.0
10109590SILVAA_2026-01-22_G33,10109590SILVAA,2026-01-22,124248,1,8,0,41.0
10109590SILVAA_2026-01-22_G36,10109590SILVAA,2026-01-22,123909,1,8,0,440.0
10109590SILVAA_2026-01-22_G37,10109590SILVAA,2026-01-22,122982,1,29,0,293.0
10109590SILVAA_2026-01-22_G38,10109590SILVAA,2026-01-22,123153,1,43,0,645.0
10109590SILVAA_2026-01-22_G39,10109590SILVAA,2026-01-22,124264,1,4,0,110.0
10109590SILVAA_2026-01-22_G40,10109590SILVAA,2026-01-22,122988,1,13,0,383.0
10109590SILVAA_2026-01-22_G41,10109590SILVAA,2026-01-22,122703,1,6,0,359.0
10109590SILVAA_2026-01-22_G42,10109590SILVAA,2026-01-22,124486,1,8,0,246.0
10109590SILVAA_2026-01-22_G43,10109590SILVAA,2026-01-22,122962,1,2,0,114.0
10109590SILVAA_2026-01-22_G44,10109590SILVAA,2026-01-22,123343,1,1,0,114.0
10109590SILVAA_2026-01-22_G45,10109590SILVAA,2026-01-22,123345,1,6,0,373.0
10109590SILVAA_2026-01-22_G46,10109590SILVAA,2026-01-22,123909,1,6,0,171.0
10109590SILVAA_2026-01-22_G47,10109590SILVAA,2026-01-22,120028,1,4,0,203.0
10109590SILVAA_2026-01-22_G48,10109590SILVAA,2026-01-22,123561,1,10,0,512.0
10109590SILVAA_2026-01-22_G49,10109590SILVAA,2026-01-22,123561,1,7,0,65.0
10109590SILVAA_2026-01-22_G50,10109590SILVAA,2026-01-22,122981,1,3,0,42.0
10109590SILVAA_2026-01-22_G51,10109590SILVAA,2026-01-22,122984,1,4,0,85.0
10109590SILVAA_2026-01-22_G52,10109590SILVAA,2026-01-22,121651,1,23,0,169.0
10109590SILVAA_2026-01-22_G53,10109590SILVAA,2026-01-22,124548,1,8,0,214.0
10109590SILVAA_2026-01-22_G54,10109590SILVAA,2026-01-22,124433,1,20,0,48.0
10109590SILVAA_2026-01-22_G55,10109590SILVAA,2026-01-22,122982,1,9,0,80.0
10109590SILVAA_2026-01-22_G56,10109590SILVAA,2026-01-22,122982,1,18,0,256.0
10109590SILVAA_2026-01-22_G57,10109590SILVAA,2026-01-22,123345,1,4,0,173.0
10109590SILVAA_2026-01-23_G02,10109590SILVAA,2026-01-23,124433,1,10,0,231.0
10109590SILVAA_2026-01-23_G03,10109590SILVAA,2026-01-23,124486,1,90,0,1168.0
10109590SILVAA_2026-01-23_G04,10109590SILVAA,2026-01-23,120008,1,52,0,698.0
10109590SILVAA_2026-01-23_G05,10109590SILVAA,2026-01-23,124370,1,100,0,2800.0
10109590SILVAA_2026-01-23_G06,10109590SILVAA,2026-01-23,124371,1,18,0,2001.0
10109590SILVAA_2026-01-23_G07,10109590SILVAA,2026-01-23,122962,1,8,0,130.0
10109590SILVAA_2026-01-23_G08,10109590SILVAA,2026-01-23,124475,1,4,0,187.0
10109590SILVAA_2026-01-23_G11,10109590SILVAA,2026-01-23,122982,1,20,0,659.0
10109590SILVAA_2026-01-23_G12,10109590SILVAA,2026-01-23,123153,1,20,0,356.0
10109590SILVAA_2026-01-23_G13,10109590SILVAA,2026-01-23,123153,1,9,0,172.0
10109590SILVAA_2026-01-23_G14,10109590SILVAA,2026-01-23,124486,1,13,0,277.0
10109590SILVAA_2026-01-23_G15,10109590SILVAA,2026-01-23,122673,1,6,0,294.0
10109590SILVAA_2026-01-23_G16,10109590SILVAA,2026-01-23,122671,1,8,0,95.0
10109590SILVAA_2026-01-23_G17,10109590SILVAA,2026-01-23,120389,1,2,0,100.0
10109590SILVAA_2026-01-23_G18,10109590SILVAA,2026-01-23,123343,1,2,0,136.0
10109590SILVAA_2026-01-23_G19,10109590SILVAA,2026-01-23,124486,1,30,0,457.0
10109590SILVAA_2026-01-23_G20,10109590SILVAA,2026-01-23,180024,1,12,0,750.0
10109590SILVAA_2026-01-23_G21,10109590SILVAA,2026-01-23,114647,1,16,0,758.0
10109590SILVAA_2026-01-23_G22,10109590SILVAA,2026-01-23,123345,1,2,0,654.0
10109590SILVAA_2026-01-23_G23,10109590SILVAA,2026-01-23,124486,1,20,0,487.0
10109590SILVAA_2026-01-23_G24,10109590SILVAA,2026-01-23,122962,1,32,0,578.0
10109590SILVAA_2026-01-26_G02,10109590SILVAA,2026-01-26,123344,1,30,0,648.0
10109590SILVAA_2026-01-26_G03,10109590SILVAA,2026-01-26,122671,1,8,0,251.0
10109590SILVAA_2026-01-26_G04,10109590SILVAA,2026-01-26,124476,1,6,0,187.0
10109590SILVAA_2026-01-26_G05,10109590SILVAA,2026-01-26,124264,1,6,0,209.0
10109590SILVAA_2026-01-26_G06,10109590SILVAA,2026-01-26,181815,1,2,0,320.0
10109590SILVAA_2026-01-27_G02,10109590SILVAA,2026-01-27,124370,1,25,0,280.0
10109590SILVAA_2026-01-27_G03,10109590SILVAA,2026-01-27,124475,1,25,0,1728.0
10109590SILVAA_2026-01-27_G04,10109590SILVAA,2026-01-27,124548,1,25,0,581.0
10109590SILVAA_2026-01-27_G06,10109590SILVAA,2026-01-27,123889,1,8,0,813.0
10109590SILVAA_2026-01-27_G07,10109590SILVAA,2026-01-27,122984,1,44,0,615.0
10109590SILVAA_2026-01-27_G08,10109590SILVAA,2026-01-27,124548,1,10,0,99.0
10109590SILVAA_2026-01-27_G09,10109590SILVAA,2026-01-27,124486,1,30,0,299.0
10109590SILVAA_2026-01-27_G10,10109590SILVAA,2026-01-27,123909,1,30,0,380.0
10109590SILVAA_2026-01-27_G11,10109590SILVAA,2026-01-27,120272,1,6,0,95.0
10109590SILVAA_2026-01-27_G12,10109590SILVAA,2026-01-27,124475,1,6,0,107.0
10109590SILVAA_2026-01-27_G13,10109590SILVAA,2026-01-27,123153,1,10,0,102.0
10109590SILVAA_2026-01-27_G14,10109590SILVAA,2026-01-27,123313,1,2,0,79.0
10109590SILVAA_2026-01-27_G15,10109590SILVAA,2026-01-27,123345,1,20,0,174.0
10109590SILVAA_2026-01-27_G16,10109590SILVAA,2026-01-27,123343,1,10,0,490.0
10109590SILVAA_2026-01-27_G17,10109590SILVAA,2026-01-27,123344,1,9,0,967.0
10109590SILVAA_2026-01-27_G18,10109590SILVAA,2026-01-27,124476,1,5,0,482.0
10109590SILVAA_2026-01-27_G19,10109590SILVAA,2026-01-27,123343,1,2,0,70.0
10109590SILVAA_2026-01-27_G20,10109590SILVAA,2026-01-27,181887,1,2,0,162.0
10109590SILVAA_2026-01-27_G21,10109590SILVAA,2026-01-27,181056,1,1,0,122.0
10109590SILVAA_2026-01-27_G22,10109590SILVAA,2026-01-27,123345,1,2,0,222.0
10109590SILVAA_2026-01-27_G23,10109590SILVAA,2026-01-27,124486,1,6,0,258.0
10109590SILVAA_2026-01-27_G24,10109590SILVAA,2026-01-27,123909,1,20,0,525.0
10109590SILVAA_2026-01-27_G25,10109590SILVAA,2026-01-27,122962,1,4,0,55.0
10109590SILVAA_2026-01-27_G26,10109590SILVAA,2026-01-27,124594,1,2,0,60.0
10109590SILVAA_2026-01-27_G27,10109590SILVAA,2026-01-27,123344,1,4,0,116.0
10109590SILVAA_2026-01-27_G28,10109590SILVAA,2026-01-27,124475,1,2,0,109.0
10109590SILVAA_2026-01-27_G29,10109590SILVAA,2026-01-27,124476,1,8,0,144.0
10109590SILVAA_2026-01-27_G30,10109590SILVAA,2026-01-27,123313,1,4,0,208.0
10109590SILVAA_2026-01-27_G31,10109590SILVAA,2026-01-27,120389,1,8,0,512.0
10109590SILVAA_2026-01-27_G32,10109590SILVAA,2026-01-27,122671,1,3,0,323.0
10109590SILVAA_2026-01-27_G33,10109590SILVAA,2026-01-27,121651,1,8,0,163.0
10109590SILVAA_2026-01-27_G34,10109590SILVAA,2026-01-27,122962,1,60,0,1303.0
10109590SILVAA_2026-01-27_G35,10109590SILVAA,2026-01-27,124486,1,50,0,349.0
10109590SILVAA_2026-01-27_G36,10109590SILVAA,2026-01-27,123909,1,12,0,71.0
10109590SILVAA_2026-01-27_G37,10109590SILVAA,2026-01-27,"124370, 120028",2,58,26,811.0
10109590SILVAA_2026-01-27_G38,10109590SILVAA,2026-01-27,124476,1,8,0,47.0
10109590SILVAA_2026-01-27_G39,10109590SILVAA,2026-01-27,123153,1,20,0,170.0
10109590SILVAA_2026-01-27_G40,10109590SILVAA,2026-01-27,123345,1,8,0,43.0
10109590SILVAA_2026-01-28_G02,10109590SILVAA,2026-01-28,123345,1,10,0,940.0
10109590SILVAA_2026-01-28_G03,10109590SILVAA,2026-01-28,123343,1,6,0,189.0
10109590SILVAA_2026-01-28_G04,10109590SILVAA,2026-01-28,121760,1,4,0,149.0
10109590SILVAA_2026-01-28_G05,10109590SILVAA,2026-01-28,123345,1,6,0,280.0
10109590SILVAA_2026-01-28_G06,10109590SILVAA,2026-01-28,122671,1,42,0,700.0
10109590SILVAA_2026-01-28_G07,10109590SILVAA,2026-01-28,124486,1,10,0,902.0
10109590SILVAA_2026-01-28_G08,10109590SILVAA,2026-01-28,123909,1,4,0,108.0
10109590SILVAA_2026-01-28_G09,10109590SILVAA,2026-01-28,123343,1,6,0,624.0
10109590SILVAA_2026-01-28_G10,10109590SILVAA,2026-01-28,120028,1,1,0,348.0
10109590SILVAA_2026-01-28_G11,10109590SILVAA,2026-01-28,122962,1,16,0,142.0
10109590SILVAA_2026-01-28_G12,10109590SILVAA,2026-01-28,123344,1,10,0,250.0
10109590SILVAA_2026-01-28_G13,10109590SILVAA,2026-01-28,123345,1,4,0,210.0
10109590SILVAA_2026-01-28_G14,10109590SILVAA,2026-01-28,123343,1,12,0,477.0
10109590SILVAA_2026-01-28_G15,10109590SILVAA,2026-01-28,124370,1,12,0,1288.0
10109590SILVAA_2026-01-28_G16,10109590SILVAA,2026-01-28,123345,1,6,0,406.0
10109590SILVAA_2026-01-28_G17,10109590SILVAA,2026-01-28,122962,1,48,0,311.0
10109590SILVAA_2026-01-28_G18,10109590SILVAA,2026-01-28,124624,1,2,0,188.0
10109590SILVAA_2026-01-28_G19,10109590SILVAA,2026-01-28,124594,1,2,0,112.0
10109590SILVAA_2026-01-28_G20,10109590SILVAA,2026-01-28,124370,1,4,0,357.0
10109590SILVAA_2026-01-28_G21,10109590SILVAA,2026-01-28,124370,1,15,0,467.0
10109590SILVAA_2026-01-28_G22,10109590SILVAA,2026-01-28,124371,1,8,0,179.0
10109590SILVAA_2026-01-28_G23,10109590SILVAA,2026-01-28,124371,1,8,0,137.0
10109590SILVAA_2026-01-28_G24,10109590SILVAA,2026-01-28,124476,1,5,0,110.0
10109590SILVAA_2026-01-28_G25,10109590SILVAA,2026-01-28,124475,1,5,0,174.0
10109590SILVAA_2026-01-28_G26,10109590SILVAA,2026-01-28,123343,1,1,0,136.0
10109590SILVAA_2026-01-28_G28,10109590SILVAA,2026-01-28,122962,1,8,0,191.0
10109590SILVAA_2026-01-28_G29,10109590SILVAA,2026-01-28,124486,1,4,0,85.0
10109590SILVAA_2026-01-28_G30,10109590SILVAA,2026-01-28,180073,1,3,0,354.0
10109590SILVAA_2026-01-28_G31,10109590SILVAA,2026-01-28,123492,1,20,0,221.0
10109590SILVAA_2026-01-28_G32,10109590SILVAA,2026-01-28,122968,1,120,0,2367.0
10109590SILVAA_2026-01-28_G34,10109590SILVAA,2026-01-28,122962,1,9,0,153.0
10109590SILVAA_2026-01-28_G35,10109590SILVAA,2026-01-28,124486,1,18,0,326.0
10109590SILVAA_2026-01-28_G36,10109590SILVAA,2026-01-28,124548,1,25,0,509.0
10109590SILVAA_2026-01-28_G37,10109590SILVAA,2026-01-28,124548,1,70,0,815.0
10109590SILVAA_2026-01-28_G38,10109590SILVAA,2026-01-28,123343,1,19,0,314.0
10109590SILVAA_2026-01-29_G02,10109590SILVAA,2026-01-29,122984,1,11,0,501.0
10109590SILVAA_2026-01-29_G03,10109590SILVAA,2026-01-29,124247,1,8,0,221.0
10109590SILVAA_2026-01-29_G04,10109590SILVAA,2026-01-29,122983,1,9,0,500.0
10109590SILVAA_2026-01-29_G05,10109590SILVAA,2026-01-29,123080,1,16,0,560.0
10109590SILVAA_2026-01-29_G06,10109590SILVAA,2026-01-29,124476,1,16,0,462.0
10109590SILVAA_2026-01-29_G07,10109590SILVAA,2026-01-29,123343,1,14,0,685.0
10109590SILVAA_2026-01-29_G09,10109590SILVAA,2026-01-29,124475,1,30,0,672.0
10109590SILVAA_2026-01-29_G10,10109590SILVAA,2026-01-29,124248,1,20,0,133.0
10109590SILVAA_2026-01-29_G11,10109590SILVAA,2026-01-29,122962,1,127,0,1224.0
10109590SILVAA_2026-01-29_G12,10109590SILVAA,2026-01-29,124486,1,30,0,816.0
10109590SILVAA_2026-01-29_G13,10109590SILVAA,2026-01-29,122673,1,10,0,229.0
10109590SILVAA_2026-01-29_G14,10109590SILVAA,2026-01-29,123345,1,6,0,144.0
10109590SILVAA_2026-01-29_G15,10109590SILVAA,2026-01-29,124486,1,16,0,206.0
10109590SILVAA_2026-01-29_G16,10109590SILVAA,2026-01-29,122962,1,16,0,222.0
10109590SILVAA_2026-01-29_G17,10109590SILVAA,2026-01-29,122671,1,16,0,288.0
10109590SILVAA_2026-01-29_G18,10109590SILVAA,2026-01-29,123909,1,10,0,53.0
10109590SILVAA_2026-01-29_G19,10109590SILVAA,2026-01-29,122673,1,4,0,98.0
10109590SILVAA_2026-01-29_G20,10109590SILVAA,2026-01-29,122647,2,4,28,44.0
10109590SILVAA_2026-01-29_G21,10109590SILVAA,2026-01-29,123343,1,3,0,220.0
10109590SILVAA_2026-01-29_G22,10109590SILVAA,2026-01-29,122962,1,12,0,212.0
10109590SILVAA_2026-01-29_G23,10109590SILVAA,2026-01-29,"123822, 122962",2,20,28,179.0
10109590SILVAA_2026-01-29_G24,10109590SILVAA,2026-01-29,123344,1,15,0,361.0
10109590SILVAA_2026-01-29_G25,10109590SILVAA,2026-01-29,122671,1,10,0,147.0
10109590SILVAA_2026-01-29_G26,10109590SILVAA,2026-01-29,123909,1,3,0,54.0
10109590SILVAA_2026-01-29_G27,10109590SILVAA,2026-01-29,122673,1,2,0,86.0
10109590SILVAA_2026-01-29_G28,10109590SILVAA,2026-01-29,124371,1,2,0,136.0
10109590SILVAA_2026-01-29_G29,10109590SILVAA,2026-01-29,124370,1,4,0,104.0
10109590SILVAA_2026-01-29_G30,10109590SILVAA,2026-01-29,124476,1,10,0,86.0
10109590SILVAA_2026-01-29_G31,10109590SILVAA,2026-01-29,123343,1,10,0,70.0
10109590SILVAA_2026-01-29_G32,10109590SILVAA,2026-01-29,123345,1,10,0,312.0
10109590SILVAA_2026-01-29_G33,10109590SILVAA,2026-01-29,120028,1,40,0,466.0
10109590SILVAA_2026-01-29_G34,10109590SILVAA,2026-01-29,124486,1,16,0,342.0
10109590SILVAA_2026-01-29_G35,10109590SILVAA,2026-01-29,124370,1,16,0,204.0
10109590SILVAA_2026-01-29_G37,10109590SILVAA,2026-01-29,124264,1,8,0,655.0
10109590SILVAA_2026-01-29_G38,10109590SILVAA,2026-01-29,123889,1,6,0,151.0
10109590SILVAA_2026-01-29_G39,10109590SILVAA,2026-01-29,122673,1,4,0,93.0
10109590SILVAA_2026-01-29_G40,10109590SILVAA,2026-01-29,124247,1,2,0,242.0
10109590SILVAA_2026-01-29_G41,10109590SILVAA,2026-01-29,122673,1,20,0,200.0
10109590SILVAA_2026-01-29_G42,10109590SILVAA,2026-01-29,123889,1,4,0,510.0
10109590SILVAA_2026-01-29_G43,10109590SILVAA,2026-01-29,122673,1,2,0,85.0
10109590SILVAA_2026-01-29_G44,10109590SILVAA,2026-01-29,122962,1,6,0,215.0
10109590SILVAA_2026-01-29_G45,10109590SILVAA,2026-01-29,122671,1,4,0,240.0
10109590SILVAA_2026-01-29_G46,10109590SILVAA,2026-01-29,122673,1,2,0,44.0
10109590SILVAA_2026-01-29_G47,10109590SILVAA,2026-01-29,122647,1,8,0,86.0
10109590SILVAA_2026-01-29_G48,10109590SILVAA,2026-01-29,120389,1,12,0,539.0
10109590SILVAA_2026-01-29_G49,10109590SILVAA,2026-01-29,122673,1,2,0,100.0
10109590SILVAA_2026-01-29_G50,10109590SILVAA,2026-01-29,122673,1,4,0,64.0
10109590SILVAA_2026-01-29_G51,10109590SILVAA,2026-01-29,122673,1,8,0,186.0
10109590SILVAA_2026-01-29_G52,10109590SILVAA,2026-01-29,122962,1,4,0,202.0
10109590SILVAA_2026-01-29_G53,10109590SILVAA,2026-01-29,122671,1,12,0,318.0
10109590SILVAA_2026-01-29_G54,10109590SILVAA,2026-01-29,122673,1,6,0,253.0
10109590SILVAA_2026-01-29_G55,10109590SILVAA,2026-01-29,122962,1,5,0,80.0
10109590SILVAA_2026-01-29_G56,10109590SILVAA,2026-01-29,122962,1,12,0,462.0
10109590SILVAA_2026-01-29_G57,10109590SILVAA,2026-01-29,122962,1,6,0,87.0
10109590SILVAA_2026-01-29_G58,10109590SILVAA,2026-01-29,120028,1,14,0,253.0
10109590SILVAA_2026-01-29_G59,10109590SILVAA,2026-01-29,123909,1,4,0,142.0
10109590SILVAA_2026-01-29_G60,10109590SILVAA,2026-01-29,122673,1,10,0,46.0
10109590SILVAA_2026-01-29_G61,10109590SILVAA,2026-01-29,122647,1,4,0,93.0
10109590SILVAA_2026-01-29_G62,10109590SILVAA,2026-01-29,124486,1,2,0,72.0
10109590SILVAA_2026-01-29_G63,10109590SILVAA,2026-01-29,122962,1,4,0,65.0
10109590SILVAA_2026-01-29_G64,10109590SILVAA,2026-01-29,122671,1,2,0,114.0
10109590SILVAA_2026-01-29_G65,10109590SILVAA,2026-01-29,123909,1,2,0,42.0
10109590SILVAA_2026-01-29_G66,10109590SILVAA,2026-01-29,122673,1,2,0,141.0
10109590SILVAA_2026-01-29_G67,10109590SILVAA,2026-01-29,123822,1,2,0,62.0
10109590SILVAA_2026-01-29_G68,10109590SILVAA,2026-01-29,122647,1,8,0,132.0
10109590SILVAA_2026-01-29_G69,10109590SILVAA,2026-01-29,122671,1,4,0,91.0
10109590SILVAA_2026-01-29_G70,10109590SILVAA,2026-01-29,122673,1,2,0,234.0
10109590SILVAA_2026-01-30_G02,10109590SILVAA,2026-01-30,120008,1,16,0,566.0
10109590SILVAA_2026-01-30_G03,10109590SILVAA,2026-01-30,120008,1,60,0,2445.0
10109590SILVAA_2026-01-30_G04,10109590SILVAA,2026-01-30,122984,1,30,0,225.0
10109590SILVAA_2026-01-30_G05,10109590SILVAA,2026-01-30,122962,1,12,0,822.0
10109590SILVAA_2026-01-30_G06,10109590SILVAA,2026-01-30,124486,1,20,0,309.0
10109590SILVAA_2026-01-30_G07,10109590SILVAA,2026-01-30,122962,1,32,0,692.0
10109590SILVAA_2026-01-30_G08,10109590SILVAA,2026-01-30,122962,1,100,0,982.0
10109590SILVAA_2026-01-30_G09,10109590SILVAA,2026-01-30,120028,1,100,0,3574.0
10109590SILVAA_2026-01-30_G10,10109590SILVAA,2026-01-30,122962,1,2,0,154.0
10109590SILVAA_2026-01-30_G12,10109590SILVAA,2026-01-30,122962,1,2,0,199.0
10109590SILVAA_2026-01-30_G14,10109590SILVAA,2026-01-30,122962,1,30,0,250.0
10109590SILVAA_2026-01-30_G15,10109590SILVAA,2026-01-30,124486,1,10,0,130.0
10109590SILVAA_2026-01-30_G16,10109590SILVAA,2026-01-30,124486,1,20,0,320.0
10109590SILVAA_2026-01-30_G17,10109590SILVAA,2026-01-30,124371,1,2,0,82.0
10109590SILVAA_2026-01-30_G18,10109590SILVAA,2026-01-30,124476,1,4,0,67.0
10109590SILVAA_2026-01-30_G19,10109590SILVAA,2026-01-30,123153,1,5,0,197.0
10109590SILVAA_2026-01-30_G20,10109590SILVAA,2026-01-30,122984,1,20,0,677.0
10109590SILVAA_2026-01-30_G21,10109590SILVAA,2026-01-30,123909,1,20,0,214.0
10109590SILVAA_2026-01-30_G22,10109590SILVAA,2026-01-30,123909,1,10,0,186.0
10109590SILVAA_2026-01-30_G23,10109590SILVAA,2026-01-30,120028,1,6,0,134.0
10109590SILVAA_2026-02-03_G02,10109590SILVAA,2026-02-03,124247,1,10,0,122.0
10109590SILVAA_2026-02-03_G03,10109590SILVAA,2026-02-03,120389,1,10,0,442.0
10109590SILVAA_2026-02-03_G04,10109590SILVAA,2026-02-03,122671,1,12,0,257.0
10109590SILVAA_2026-02-03_G05,10109590SILVAA,2026-02-03,122962,1,140,0,2745.0
10109590SILVAA_2026-02-03_G06,10109590SILVAA,2026-02-03,120028,1,40,0,550.0
10109590SILVAA_2026-02-03_G07,10109590SILVAA,2026-02-03,124486,1,70,0,1062.0
10109590SILVAA_2026-02-03_G08,10109590SILVAA,2026-02-03,123909,1,20,0,485.0
10109590SILVAA_2026-02-03_G09,10109590SILVAA,2026-02-03,122983,1,6,0,60.0
10109590SILVAA_2026-02-03_G10,10109590SILVAA,2026-02-03,123345,1,20,0,282.0
10109590SILVAA_2026-02-03_G11,10109590SILVAA,2026-02-03,123343,1,1,0,306.0
10109590SILVAA_2026-02-03_G12,10109590SILVAA,2026-02-03,123345,1,180,0,2192.0
10109590SILVAA_2026-02-04_G02,10109590SILVAA,2026-02-04,180169,1,4,0,216.0
10109590SILVAA_2026-02-04_G03,10109590SILVAA,2026-02-04,123313,1,20,0,608.0
10109590SILVAA_2026-02-04_G04,10109590SILVAA,2026-02-04,123345,1,32,0,608.0
10109590SILVAA_2026-02-04_G05,10109590SILVAA,2026-02-04,123345,1,20,0,320.0
10109590SILVAA_2026-02-04_G06,10109590SILVAA,2026-02-04,122962,1,36,0,915.0
10109590SILVAA_2026-02-04_G08,10109590SILVAA,2026-02-04,122983,1,9,0,258.0
10109590SILVAA_2026-02-04_G09,10109590SILVAA,2026-02-04,122962,1,24,0,765.0
10109590SILVAA_2026-02-04_G10,10109590SILVAA,2026-02-04,120008,1,2,0,120.0
10109590SILVAA_2026-02-04_G11,10109590SILVAA,2026-02-04,121760,1,20,0,651.0
10109590SILVAA_2026-02-04_G12,10109590SILVAA,2026-02-04,124370,1,20,0,644.0
10109590SILVAA_2026-02-04_G13,10109590SILVAA,2026-02-04,123345,1,10,0,256.0
10109590SILVAA_2026-02-05_G02,10109590SILVAA,2026-02-05,123909,1,63,0,1291.0
10109590SILVAA_2026-02-05_G03,10109590SILVAA,2026-02-05,123343,1,42,0,855.0
10109590SILVAA_2026-02-05_G05,10109590SILVAA,2026-02-05,122671,1,6,0,825.0
10109590SILVAA_2026-02-05_G06,10109590SILVAA,2026-02-05,124371,1,4,0,239.0
10109590SILVAA_2026-02-05_G07,10109590SILVAA,2026-02-05,120028,1,6,0,257.0
10109590SILVAA_2026-02-05_G08,10109590SILVAA,2026-02-05,124476,1,8,0,237.0
10109590SILVAA_2026-02-05_G09,10109590SILVAA,2026-02-05,124370,1,10,0,310.0
10109590SILVAA_2026-02-05_G10,10109590SILVAA,2026-02-05,123153,1,10,0,317.0
10109590SILVAA_2026-02-05_G11,10109590SILVAA,2026-02-05,123909,1,20,0,231.0
10109590SILVAA_2026-02-05_G12,10109590SILVAA,2026-02-05,124475,1,10,0,524.0
10109590SILVAA_2026-02-05_G13,10109590SILVAA,2026-02-05,124248,1,9,0,233.0
10109590SILVAA_2026-02-05_G14,10109590SILVAA,2026-02-05,121928,1,6,0,179.0
10109590SILVAA_2026-02-05_G15,10109590SILVAA,2026-02-05,123343,1,16,0,776.0
10109590SILVAA_2026-02-05_G16,10109590SILVAA,2026-02-05,123343,1,20,0,469.0
10109590SILVAA_2026-02-05_G17,10109590SILVAA,2026-02-05,123345,1,130,0,1233.0
10109590SILVAA_2026-02-05_G18,10109590SILVAA,2026-02-05,124264,1,60,0,1176.0
10109590SILVAA_2026-02-05_G19,10109590SILVAA,2026-02-05,124264,1,6,0,113.0
10109590SILVAA_2026-02-05_G20,10109590SILVAA,2026-02-05,123345,1,130,0,823.0
10109590SILVAA_2026-02-05_G21,10109590SILVAA,2026-02-05,122671,1,20,0,545.0
10109590SILVAA_2026-02-05_G22,10109590SILVAA,2026-02-05,122962,1,60,0,913.0
10109590SILVAA_2026-02-05_G23,10109590SILVAA,2026-02-05,122962,1,40,0,515.0
10109590SILVAA_2026-02-05_G24,10109590SILVAA,2026-02-05,123344,1,6,0,1508.0
10109590SILVAA_2026-02-06_G02,10109590SILVAA,2026-02-06,122962,1,22,0,130.0
10109590SILVAA_2026-02-06_G03,10109590SILVAA,2026-02-06,122984,1,12,0,291.0
10109590SILVAA_2026-02-06_G04,10109590SILVAA,2026-02-06,124370,1,20,0,521.0
10109590SILVAA_2026-02-06_G05,10109590SILVAA,2026-02-06,122673,1,3,0,342.0
10109590SILVAA_2026-02-06_G06,10109590SILVAA,2026-02-06,124624,1,10,0,724.0
10109590SILVAA_2026-02-06_G07,10109590SILVAA,2026-02-06,122671,1,8,0,164.0
10109590SILVAA_2026-02-06_G08,10109590SILVAA,2026-02-06,123561,1,8,0,178.0
10109590SILVAA_2026-02-06_G09,10109590SILVAA,2026-02-06,123822,1,7,0,150.0
10109590SILVAA_2026-02-06_G10,10109590SILVAA,2026-02-06,122984,1,80,0,1371.0
10109590SILVAA_2026-02-06_G11,10109590SILVAA,2026-02-06,122982,1,32,0,568.0
10109590SILVAA_2026-02-06_G12,10109590SILVAA,2026-02-06,124371,1,28,0,423.0
10109590SILVAA_2026-02-06_G13,10109590SILVAA,2026-02-06,120028,1,10,0,217.0
10109590SILVAA_2026-02-06_G14,10109590SILVAA,2026-02-06,124476,1,4,0,74.0
10109590SILVAA_2026-02-06_G15,10109590SILVAA,2026-02-06,124370,1,20,0,520.0
10109590SILVAA_2026-02-06_G16,10109590SILVAA,2026-02-06,123909,1,5,0,112.0
10109590SILVAA_2026-02-06_G17,10109590SILVAA,2026-02-06,122983,1,16,0,335.0
10109590SILVAA_2026-02-06_G18,10109590SILVAA,2026-02-06,124248,1,6,0,61.0
10109590SILVAA_2026-02-06_G19,10109590SILVAA,2026-02-06,122185,1,60,0,1547.0
10109590SILVAA_2026-02-06_G20,10109590SILVAA,2026-02-06,122962,1,20,0,1120.0
10109590SILVAA_2026-02-06_G21,10109590SILVAA,2026-02-06,122671,1,4,0,129.0
10109590SILVAA_2026-02-06_G22,10109590SILVAA,2026-02-06,123822,1,40,0,825.0
10109590SILVAA_2026-02-06_G23,10109590SILVAA,2026-02-06,124486,1,4,0,67.0
10109590SILVAA_2026-02-06_G24,10109590SILVAA,2026-02-06,123909,1,6,0,90.0
10109590SILVAA_2026-02-06_G25,10109590SILVAA,2026-02-06,124486,1,11,0,502.0
10109590SILVAA_2026-02-06_G26,10109590SILVAA,2026-02-06,124486,1,8,0,167.0
10109590SILVAA_2026-02-06_G27,10109590SILVAA,2026-02-06,124594,1,2,0,229.0
10109590SILVAA_2026-02-09_G02,10109590SILVAA,2026-02-09,120339,1,2,0,174.0
10109590SILVAA_2026-02-09_G03,10109590SILVAA,2026-02-09,120339,1,10,0,1602.0
10109590SILVAA_2026-02-09_G04,10109590SILVAA,2026-02-09,122962,1,21,0,467.0
10109590SILVAA_2026-02-09_G05,10109590SILVAA,2026-02-09,120272,1,24,0,809.0
10109590SILVAA_2026-02-09_G06,10109590SILVAA,2026-02-09,123909,1,27,0,485.0
10109590SILVAA_2026-02-09_G07,10109590SILVAA,2026-02-09,123909,1,16,0,273.0
10109590SILVAA_2026-02-09_G08,10109590SILVAA,2026-02-09,124486,1,21,0,444.0
10109590SILVAA_2026-02-09_G09,10109590SILVAA,2026-02-09,124486,1,6,0,110.0
10109590SILVAA_2026-02-09_G10,10109590SILVAA,2026-02-09,124248,1,48,0,1342.0
10109590SILVAA_2026-02-09_G11,10109590SILVAA,2026-02-09,123344,1,10,0,1715.0
10109590SILVAA_2026-02-09_G12,10109590SILVAA,2026-02-09,122703,1,12,0,276.0
10109590SILVAA_2026-02-09_G13,10109590SILVAA,2026-02-09,124371,1,8,0,220.0
10109590SILVAA_2026-02-09_G14,10109590SILVAA,2026-02-09,121760,1,7,0,212.0
10109590SILVAA_2026-02-09_G15,10109590SILVAA,2026-02-09,123345,1,6,0,205.0
10109590SILVAA_2026-02-09_G16,10109590SILVAA,2026-02-09,123344,1,8,0,570.0
10109590SILVAA_2026-02-09_G17,10109590SILVAA,2026-02-09,121760,1,10,0,301.0
10109590SILVAA_2026-02-09_G18,10109590SILVAA,2026-02-09,124370,1,16,0,395.0
10109590SILVAA_2026-02-09_G19,10109590SILVAA,2026-02-09,123345,1,2,0,213.0
10109590SILVAA_2026-02-09_G20,10109590SILVAA,2026-02-09,123344,1,1,0,53.0
10109590SILVAA_2026-02-09_G21,10109590SILVAA,2026-02-09,123343,1,2,0,246.0
10109590SILVAA_2026-02-09_G22,10109590SILVAA,2026-02-09,123345,1,8,0,390.0
10109590SILVAA_2026-02-09_G23,10109590SILVAA,2026-02-09,124475,1,2,0,210.0
10109590SILVAA_2026-02-09_G24,10109590SILVAA,2026-02-09,123345,1,2,0,201.0
10109590SILVAA_2026-02-09_G25,10109590SILVAA,2026-02-09,124370,1,2,0,108.0
10109590SILVAA_2026-02-09_G26,10109590SILVAA,2026-02-09,124548,1,24,0,792.0
10109590SILVAA_2026-02-09_G27,10109590SILVAA,2026-02-09,120389,1,4,0,121.0
10109590SILVAA_2026-02-09_G28,10109590SILVAA,2026-02-09,120389,1,4,0,209.0
10109590SILVAA_2026-02-09_G29,10109590SILVAA,2026-02-09,121651,1,5,0,200.0
10109590SILVAA_2026-02-09_G30,10109590SILVAA,2026-02-09,123909,1,3,0,130.0
10109590SILVAA_2026-02-09_G31,10109590SILVAA,2026-02-09,124370,1,4,0,118.0
10109590SILVAA_2026-02-09_G32,10109590SILVAA,2026-02-09,123313,1,2,0,75.0
10109590SILVAA_2026-02-09_G33,10109590SILVAA,2026-02-09,123343,1,3,0,143.0
10109590SILVAA_2026-02-09_G34,10109590SILVAA,2026-02-09,123345,1,12,0,369.0
10109590SILVAA_2026-02-09_G35,10109590SILVAA,2026-02-09,123343,1,2,0,3198.0
10109590SILVAA_2026-02-09_G36,10109590SILVAA,2026-02-09,121651,1,29,0,628.0
10109590SILVAA_2026-02-09_G37,10109590SILVAA,2026-02-09,123909,1,2,0,88.0
10109590SILVAA_2026-02-09_G38,10109590SILVAA,2026-02-09,121651,1,12,0,292.0
10109590SILVAA_2026-02-09_G39,10109590SILVAA,2026-02-09,123345,1,5,0,449.0
10109590SILVAA_2026-02-09_G40,10109590SILVAA,2026-02-09,122671,1,64,0,1121.0
10109590SILVAA_2026-02-09_G41,10109590SILVAA,2026-02-09,123909,1,24,0,412.0
10109590SILVAA_2026-02-09_G42,10109590SILVAA,2026-02-09,122671,1,32,0,458.0
10109590SILVAA_2026-02-09_G43,10109590SILVAA,2026-02-09,123909,1,24,0,489.0
10109590SILVAA_2026-02-09_G44,10109590SILVAA,2026-02-09,181905,1,6,0,988.0
10109590SILVAA_2026-02-10_G02,10109590SILVAA,2026-02-10,122983,1,1,0,65.0
10109590SILVAA_2026-02-10_G03,10109590SILVAA,2026-02-10,124248,1,14,0,554.0
10109590SILVAA_2026-02-10_G04,10109590SILVAA,2026-02-10,123343,1,2,0,265.0
10109590SILVAA_2026-02-10_G05,10109590SILVAA,2026-02-10,124624,1,6,0,211.0
10109590SILVAA_2026-02-10_G06,10109590SILVAA,2026-02-10,124594,1,10,0,480.0
10109590SILVAA_2026-02-10_G07,10109590SILVAA,2026-02-10,122984,1,70,0,1957.0
10109590SILVAA_2026-02-10_G09,10109590SILVAA,2026-02-10,124594,1,6,0,251.0
10109590SILVAA_2026-02-10_G10,10109590SILVAA,2026-02-10,122984,1,2,0,182.0
10109590SILVAA_2026-02-10_G11,10109590SILVAA,2026-02-10,123345,1,16,0,1025.0
10109590SILVAA_2026-02-10_G12,10109590SILVAA,2026-02-10,123344,1,2,0,146.0
10109590SILVAA_2026-02-10_G14,10109590SILVAA,2026-02-10,121760,1,30,0,1436.0
10109590SILVAA_2026-02-10_G15,10109590SILVAA,2026-02-10,124370,1,20,0,1203.0
10109590SILVAA_2026-02-10_G16,10109590SILVAA,2026-02-10,124475,1,8,0,295.0
10109590SILVAA_2026-02-10_G17,10109590SILVAA,2026-02-10,123343,1,18,0,473.0
10109590SILVAA_2026-02-10_G18,10109590SILVAA,2026-02-10,122962,1,159,0,3244.0
10109590SILVAA_2026-02-10_G19,10109590SILVAA,2026-02-10,123153,1,90,0,1146.0
10109590SILVAA_2026-02-11_G02,10109590SILVAA,2026-02-11,123344,1,8,0,275.0
10109590SILVAA_2026-02-11_G03,10109590SILVAA,2026-02-11,124624,1,2,0,173.0
10109590SILVAA_2026-02-11_G04,10109590SILVAA,2026-02-11,124486,1,3,0,281.0
10109590SILVAA_2026-02-11_G05,10109590SILVAA,2026-02-11,124370,1,4,0,148.0
10109590SILVAA_2026-02-11_G06,10109590SILVAA,2026-02-11,124475,1,5,0,830.0
10109590SILVAA_2026-02-11_G07,10109590SILVAA,2026-02-11,122962,1,24,0,2929.0
10109590SILVAA_2026-02-11_G08,10109590SILVAA,2026-02-11,124624,1,2,0,145.0
10109590SILVAA_2026-02-11_G09,10109590SILVAA,2026-02-11,122983,1,4,0,225.0
10109590SILVAA_2026-02-11_G10,10109590SILVAA,2026-02-11,123345,1,10,0,417.0
10109590SILVAA_2026-02-11_G11,10109590SILVAA,2026-02-11,120339,1,6,0,289.0
10109590SILVAA_2026-02-11_G12,10109590SILVAA,2026-02-11,120389,1,6,0,126.0
10109590SILVAA_2026-02-11_G13,10109590SILVAA,2026-02-11,122671,1,2,0,80.0
10109590SILVAA_2026-02-11_G14,10109590SILVAA,2026-02-11,120028,1,12,0,315.0
10109590SILVAA_2026-02-11_G15,10109590SILVAA,2026-02-11,124486,1,6,0,70.0
10109590SILVAA_2026-02-11_G16,10109590SILVAA,2026-02-11,123343,1,6,0,344.0
10109590SILVAA_2026-02-11_G17,10109590SILVAA,2026-02-11,122962,1,8,0,211.0
10109590SILVAA_2026-02-11_G18,10109590SILVAA,2026-02-11,124486,1,20,0,312.0
10109590SILVAA_2026-02-11_G19,10109590SILVAA,2026-02-11,180025,1,1,0,498.0
10109590SILVAA_2026-02-11_G20,10109590SILVAA,2026-02-11,122962,1,32,0,640.0
10109590SILVAA_2026-02-11_G21,10109590SILVAA,2026-02-11,124486,1,8,0,196.0
10109590SILVAA_2026-02-11_G22,10109590SILVAA,2026-02-11,123343,1,5,0,233.0
10109590SILVAA_2026-02-11_G23,10109590SILVAA,2026-02-11,122671,1,4,0,133.0
10109590SILVAA_2026-02-11_G24,10109590SILVAA,2026-02-11,122984,1,140,0,3481.0
10109590SILVAA_2026-02-11_G25,10109590SILVAA,2026-02-11,124486,1,110,0,1625.0
10109590SILVAA_2026-02-11_G27,10109590SILVAA,2026-02-11,120389,1,16,0,1262.0
10109590SILVAA_2026-02-12_G02,10109590SILVAA,2026-02-12,122962,1,14,0,32.0
10109590SILVAA_2026-02-12_G03,10109590SILVAA,2026-02-12,122984,1,16,0,283.0
10109590SILVAA_2026-02-12_G04,10109590SILVAA,2026-02-12,124248,1,24,0,274.0
10109590SILVAA_2026-02-12_G05,10109590SILVAA,2026-02-12,124594,1,8,0,64.0
10109590SILVAA_2026-02-12_G06,10109590SILVAA,2026-02-12,122671,1,10,0,122.0
10109590SILVAA_2026-02-12_G07,10109590SILVAA,2026-02-12,122984,1,14,0,254.0
10109590SILVAA_2026-02-12_G08,10109590SILVAA,2026-02-12,122984,1,20,0,512.0
10109590SILVAA_2026-02-12_G09,10109590SILVAA,2026-02-12,121760,1,10,0,113.0
10109590SILVAA_2026-02-12_G10,10109590SILVAA,2026-02-12,123909,1,6,0,63.0
10109590SILVAA_2026-02-12_G11,10109590SILVAA,2026-02-12,124486,1,14,0,101.0
10109590SILVAA_2026-02-12_G12,10109590SILVAA,2026-02-12,124624,1,19,0,521.0
10109590SILVAA_2026-02-12_G13,10109590SILVAA,2026-02-12,124624,1,18,0,314.0
10109590SILVAA_2026-02-12_G14,10109590SILVAA,2026-02-12,120339,1,24,0,637.0
10109590SILVAA_2026-02-12_G15,10109590SILVAA,2026-02-12,122962,1,4,0,88.0
10109590SILVAA_2026-02-12_G16,10109590SILVAA,2026-02-12,123343,1,3,0,130.0
10109590SILVAA_2026-02-12_G17,10109590SILVAA,2026-02-12,122962,1,50,0,394.0
10109590SILVAA_2026-02-12_G18,10109590SILVAA,2026-02-12,122962,1,24,0,180.0
10109590SILVAA_2026-02-12_G19,10109590SILVAA,2026-02-12,123344,1,3,0,91.0
10109590SILVAA_2026-02-12_G20,10109590SILVAA,2026-02-12,124370,1,5,0,151.0
10109590SILVAA_2026-02-12_G21,10109590SILVAA,2026-02-12,122984,1,4,0,130.0
10109590SILVAA_2026-02-12_G22,10109590SILVAA,2026-02-12,121760,1,3,0,78.0
10109590SILVAA_2026-02-12_G23,10109590SILVAA,2026-02-12,181280,1,3,0,625.0
10109590SILVAA_2026-02-12_G24,10109590SILVAA,2026-02-12,124248,1,100,0,2201.0
10109590SILVAA_2026-02-12_G25,10109590SILVAA,2026-02-12,123822,1,200,0,1713.0
10109590SILVAA_2026-02-13_G02,10109590SILVAA,2026-02-13,122983,1,12,0,381.0
10109590SILVAA_2026-02-13_G03,10109590SILVAA,2026-02-13,120339,1,2,0,143.0
10109590SILVAA_2026-02-13_G04,10109590SILVAA,2026-02-13,123889,1,8,0,455.0
10109590SILVAA_2026-02-13_G05,10109590SILVAA,2026-02-13,123153,1,30,0,734.0
10109590SILVAA_2026-02-13_G06,10109590SILVAA,2026-02-13,122984,1,8,0,148.0
10109590SILVAA_2026-02-13_G07,10109590SILVAA,2026-02-13,122982,1,16,0,422.0
10109590SILVAA_2026-02-13_G08,10109590SILVAA,2026-02-13,122962,1,12,0,222.0
10109590SILVAA_2026-02-13_G09,10109590SILVAA,2026-02-13,123822,1,20,0,736.0
10109590SILVAA_2026-02-13_G10,10109590SILVAA,2026-02-13,123153,1,20,0,312.0
10109590SILVAA_2026-02-13_G11,10109590SILVAA,2026-02-13,122984,1,100,0,2382.0
10109590SILVAA_2026-02-13_G12,10109590SILVAA,2026-02-13,121760,1,2,0,90.0
10109590SILVAA_2026-02-13_G13,10109590SILVAA,2026-02-13,123345,1,3,0,149.0
10109590SILVAA_2026-02-13_G14,10109590SILVAA,2026-02-13,122671,1,4,0,119.0
10109590SILVAA_2026-02-13_G15,10109590SILVAA,2026-02-13,124264,1,12,0,277.0
10109590SILVAA_2026-02-13_G16,10109590SILVAA,2026-02-13,123822,1,20,0,420.0
10109590SILVAA_2026-02-13_G17,10109590SILVAA,2026-02-13,123344,1,6,0,976.0
10109590SILVAA_2026-02-13_G18,10109590SILVAA,2026-02-13,122671,1,6,0,104.0
10109590SILVAA_2026-02-13_G19,10109590SILVAA,2026-02-13,121760,1,2,0,153.0
10109590SILVAA_2026-02-13_G20,10109590SILVAA,2026-02-13,123345,1,17,0,491.0
10109590SILVAA_2026-02-13_G21,10109590SILVAA,2026-02-13,122962,1,50,0,699.0
10109590SILVAA_2026-02-13_G22,10109590SILVAA,2026-02-13,122984,1,5,0,301.0
10109590SILVAA_2026-02-13_G23,10109590SILVAA,2026-02-13,122962,1,16,0,416.0
10109590SILVAA_2026-02-13_G24,10109590SILVAA,2026-02-13,120028,1,6,0,240.0
10109590SILVAA_2026-02-13_G25,10109590SILVAA,2026-02-13,122962,1,20,0,295.0
10109590SILVAA_2026-02-16_G02,10109590SILVAA,2026-02-16,123345,1,30,0,940.0
10109590SILVAA_2026-02-16_G03,10109590SILVAA,2026-02-16,122962,1,8,0,154.0
10109590SILVAA_2026-02-16_G04,10109590SILVAA,2026-02-16,124486,1,2,0,138.0
10109590SILVAA_2026-02-16_G05,10109590SILVAA,2026-02-16,123909,1,8,0,503.0
10109590SILVAA_2026-02-16_G06,10109590SILVAA,2026-02-16,122984,1,4,0,114.0
10109590SILVAA_2026-02-16_G07,10109590SILVAA,2026-02-16,124248,1,8,0,255.0
10109590SILVAA_2026-02-16_G08,10109590SILVAA,2026-02-16,123909,1,2,0,214.0
10109590SILVAA_2026-02-16_G09,10109590SILVAA,2026-02-16,123345,1,2,0,392.0
10109590SILVAA_2026-02-16_G10,10109590SILVAA,2026-02-16,123343,1,2,0,166.0
10109590SILVAA_2026-02-16_G11,10109590SILVAA,2026-02-16,123343,1,8,0,775.0
10109590SILVAA_2026-02-16_G12,10109590SILVAA,2026-02-16,123344,1,1,0,67.0
10109590SILVAA_2026-02-16_G13,10109590SILVAA,2026-02-16,123345,1,2,0,94.0
10109590SILVAA_2026-02-16_G14,10109590SILVAA,2026-02-16,123345,1,2,0,171.0
10109590SILVAA_2026-02-16_G15,10109590SILVAA,2026-02-16,123889,1,60,0,2015.0
10109590SILVAA_2026-02-16_G16,10109590SILVAA,2026-02-16,124624,1,40,0,69.0
10109590SILVAA_2026-02-16_G17,10109590SILVAA,2026-02-16,124247,1,100,0,1370.0
10109590SILVAA_2026-02-16_G18,10109590SILVAA,2026-02-16,123822,1,40,0,621.0
10109590SILVAA_2026-02-16_G20,10109590SILVAA,2026-02-16,123344,1,20,0,1094.0
10109590SILVAA_2026-02-16_G21,10109590SILVAA,2026-02-16,123344,1,10,0,74.0
10109590SILVAA_2026-02-16_G22,10109590SILVAA,2026-02-16,122671,1,8,0,523.0
10109590SILVAA_2026-02-16_G23,10109590SILVAA,2026-02-16,124370,1,21,0,624.0
10109590SILVAA_2026-02-16_G24,10109590SILVAA,2026-02-16,123561,1,4,0,68.0
10109590SILVAA_2026-02-16_G25,10109590SILVAA,2026-02-16,122988,1,4,0,209.0
10109590SILVAA_2026-02-16_G26,10109590SILVAA,2026-02-16,124476,1,20,0,487.0
10109590SILVAA_2026-02-16_G27,10109590SILVAA,2026-02-16,124371,1,23,0,364.0
10109590SILVAA_2026-02-16_G28,10109590SILVAA,2026-02-16,122984,1,25,0,614.0
10109590SILVAA_2026-02-16_G29,10109590SILVAA,2026-02-16,124248,1,11,0,435.0
10109590SILVAA_2026-02-16_G30,10109590SILVAA,2026-02-16,123343,1,19,0,307.0
10109590SILVAA_2026-02-16_G31,10109590SILVAA,2026-02-16,123344,1,12,0,919.0
10109590SILVAA_2026-02-16_G32,10109590SILVAA,2026-02-16,124475,1,8,0,204.0
10109590SILVAA_2026-02-16_G33,10109590SILVAA,2026-02-16,124371,1,4,0,451.0
10109590SILVAA_2026-02-16_G34,10109590SILVAA,2026-02-16,122185,1,4,0,1677.0
10109590SILVAA_2026-02-16_G35,10109590SILVAA,2026-02-16,122981,1,4,0,150.0
10109590SILVAA_2026-02-16_G36,10109590SILVAA,2026-02-16,120271,1,2,0,151.0
10109590SILVAA_2026-02-16_G37,10109590SILVAA,2026-02-16,120339,1,2,0,115.0
10109590SILVAA_2026-02-16_G38,10109590SILVAA,2026-02-16,122962,1,5,0,139.0
10109590SILVAA_2026-02-16_G39,10109590SILVAA,2026-02-16,122981,1,6,0,244.0
10109590SILVAA_2026-02-16_G40,10109590SILVAA,2026-02-16,122984,1,10,0,237.0
10109590SILVAA_2026-02-16_G41,10109590SILVAA,2026-02-16,122962,1,100,0,1658.0
10109590SILVAA_2026-02-16_G42,10109590SILVAA,2026-02-16,123889,1,6,0,212.0
10109590SILVAA_2026-02-18_G02,10109590SILVAA,2026-02-18,124264,1,30,0,485.0
10109590SILVAA_2026-02-18_G03,10109590SILVAA,2026-02-18,123909,1,7,0,89.0
10109590SILVAA_2026-02-18_G04,10109590SILVAA,2026-02-18,122671,1,1,0,63.0
10109590SILVAA_2026-02-18_G05,10109590SILVAA,2026-02-18,122671,1,4,0,116.0
10109590SILVAA_2026-02-18_G06,10109590SILVAA,2026-02-18,124247,1,4,0,90.0
10109590SILVAA_2026-02-18_G07,10109590SILVAA,2026-02-18,124475,1,6,0,198.0
10109590SILVAA_2026-02-18_G08,10109590SILVAA,2026-02-18,124476,1,4,0,62.0
10109590SILVAA_2026-02-18_G09,10109590SILVAA,2026-02-18,121760,1,20,0,188.0
10109590SILVAA_2026-02-18_G10,10109590SILVAA,2026-02-18,123343,1,12,0,647.0
10109590SILVAA_2026-02-18_G11,10109590SILVAA,2026-02-18,124624,1,6,0,604.0
10109590SILVAA_2026-02-18_G12,10109590SILVAA,2026-02-18,122962,1,30,0,630.0
10109590SILVAA_2026-02-18_G13,10109590SILVAA,2026-02-18,123909,1,10,0,122.0
10109590SILVAA_2026-02-18_G14,10109590SILVAA,2026-02-18,124486,1,40,0,369.0
10109590SILVAA_2026-02-18_G15,10109590SILVAA,2026-02-18,120271,1,2,0,67.0
10109590SILVAA_2026-02-19_G02,10109590SILVAA,2026-02-19,122671,1,8,0,257.0
10109590SILVAA_2026-02-19_G03,10109590SILVAA,2026-02-19,123822,1,2,0,124.0
10109590SILVAA_2026-02-19_G04,10109590SILVAA,2026-02-19,123909,1,4,0,174.0
10109590SILVAA_2026-02-19_G05,10109590SILVAA,2026-02-19,120389,1,8,0,295.0
10109590SILVAA_2026-02-19_G06,10109590SILVAA,2026-02-19,120028,1,4,0,93.0
10109590SILVAA_2026-02-19_G07,10109590SILVAA,2026-02-19,124624,1,50,0,399.0
10109590SILVAA_2026-02-19_G08,10109590SILVAA,2026-02-19,120339,1,60,0,1629.0
10109590SILVAA_2026-02-19_G09,10109590SILVAA,2026-02-19,124477,1,5,0,719.0
10109590SILVAA_2026-02-19_G10,10109590SILVAA,2026-02-19,124477,1,6,0,280.0
10109590SILVAA_2026-02-19_G11,10109590SILVAA,2026-02-19,124247,1,4,0,136.0
10109590SILVAA_2026-02-19_G12,10109590SILVAA,2026-02-19,124475,1,10,0,254.0
10109590SILVAA_2026-02-19_G13,10109590SILVAA,2026-02-19,123153,1,10,0,234.0
10109590SILVAA_2026-02-19_G14,10109590SILVAA,2026-02-19,123153,1,20,0,370.0
10109590SILVAA_2026-02-19_G15,10109590SILVAA,2026-02-19,121760,1,20,0,362.0
10109590SILVAA_2026-02-19_G16,10109590SILVAA,2026-02-19,123909,1,10,0,328.0
10109590SILVAA_2026-02-19_G17,10109590SILVAA,2026-02-19,123343,1,10,0,657.0
10109590SILVAA_2026-02-19_G18,10109590SILVAA,2026-02-19,124624,1,6,0,495.0
10109590SILVAA_2026-02-19_G19,10109590SILVAA,2026-02-19,123492,1,4,0,188.0
10109590SILVAA_2026-02-19_G20,10109590SILVAA,2026-02-19,124247,1,4,0,114.0
10109590SILVAA_2026-02-19_G21,10109590SILVAA,2026-02-19,122984,1,20,0,679.0
10109590SILVAA_2026-02-20_G03,10109590SILVAA,2026-02-20,120339,1,26,0,598.0
10109590SILVAA_2026-02-20_G04,10109590SILVAA,2026-02-20,124248,1,8,0,157.0
10109590SILVAA_2026-02-20_G05,10109590SILVAA,2026-02-20,123345,1,10,0,635.0
10109590SILVAA_2026-02-20_G06,10109590SILVAA,2026-02-20,123343,1,12,0,254.0
10109590SILVAA_2026-02-20_G07,10109590SILVAA,2026-02-20,181887,1,6,0,354.0
10109590SILVAA_2026-02-20_G09,10109590SILVAA,2026-02-20,124247,1,14,0,207.0
10109590SILVAA_2026-02-20_G10,10109590SILVAA,2026-02-20,122984,1,12,0,172.0
10109590SILVAA_2026-02-20_G11,10109590SILVAA,2026-02-20,122983,1,22,0,324.0
10109590SILVAA_2026-02-20_G12,10109590SILVAA,2026-02-20,124248,1,10,0,156.0
10109590SILVAA_2026-02-20_G13,10109590SILVAA,2026-02-20,124486,1,20,0,420.0
10109590SILVAA_2026-02-20_G14,10109590SILVAA,2026-02-20,123822,1,150,0,1388.0
10109590SILVAA_2026-02-20_G15,10109590SILVAA,2026-02-20,123822,1,150,0,1845.0
10109590SILVAA_2026-02-21_G02,10109590SILVAA,2026-02-21,120339,1,2,0,66.0
10109590SILVAA_2026-02-21_G03,10109590SILVAA,2026-02-21,123344,1,2,0,383.0
10109590SILVAA_2026-02-21_G04,10109590SILVAA,2026-02-21,124475,1,1,0,201.0
10109590SILVAA_2026-02-21_G05,10109590SILVAA,2026-02-21,121760,1,7,0,235.0
10109590SILVAA_2026-02-21_G06,10109590SILVAA,2026-02-21,123345,1,1,0,109.0
10109590SILVAA_2026-02-21_G07,10109590SILVAA,2026-02-21,123343,1,1,0,94.0
10109590SILVAA_2026-02-21_G08,10109590SILVAA,2026-02-21,122962,1,32,0,1030.0
10109590SILVAA_2026-02-21_G09,10109590SILVAA,2026-02-21,122962,1,16,0,209.0
10109590SILVAA_2026-02-21_G10,10109590SILVAA,2026-02-21,124582,1,8,0,237.0
10109590SILVAA_2026-02-21_G11,10109590SILVAA,2026-02-21,124247,1,20,0,3260.0
10109590SILVAA_2026-02-21_G12,10109590SILVAA,2026-02-21,120028,1,32,0,370.0
10109590SILVAA_2026-02-21_G13,10109590SILVAA,2026-02-21,124486,1,13,0,232.0
10109590SILVAA_2026-02-21_G14,10109590SILVAA,2026-02-21,124486,1,5,0,43.0
10109590SILVAA_2026-02-21_G15,10109590SILVAA,2026-02-21,122983,1,8,0,189.0
10109590SILVAA_2026-02-21_G16,10109590SILVAA,2026-02-21,124248,1,16,0,136.0
10109590SILVAA_2026-02-21_G17,10109590SILVAA,2026-02-21,122967,1,14,0,178.0
10109590SILVAA_2026-02-21_G18,10109590SILVAA,2026-02-21,123343,1,4,0,188.0
10109590SILVAA_2026-02-21_G19,10109590SILVAA,2026-02-21,181057,1,4,0,112.0
10109590SILVAA_2026-02-21_G20,10109590SILVAA,2026-02-21,122962,1,18,0,241.0
10109590SILVAA_2026-02-21_G21,10109590SILVAA,2026-02-21,123822,1,20,0,251.0
10109590SILVAA_2026-02-21_G22,10109590SILVAA,2026-02-21,120028,1,4,0,83.0
10109590SILVAA_2026-02-21_G23,10109590SILVAA,2026-02-21,120028,1,40,0,448.0
10109590SILVAA_2026-02-21_G25,10109590SILVAA,2026-02-21,123822,1,150,0,1742.0
10109590SILVAA_2026-02-23_G02,10109590SILVAA,2026-02-23,123080,1,14,0,97.0
10109590SILVAA_2026-02-23_G03,10109590SILVAA,2026-02-23,124433,1,20,0,116.0
10109590SILVAA_2026-02-23_G04,10109590SILVAA,2026-02-23,181057,1,4,0,58.0
10109590SILVAA_2026-02-23_G05,10109590SILVAA,2026-02-23,181057,1,3,0,81.0
10109590SILVAA_2026-02-23_G06,10109590SILVAA,2026-02-23,124486,1,50,0,470.0
10109590SILVAA_2026-02-23_G07,10109590SILVAA,2026-02-23,181235,1,4,0,150.0
10109590SILVAA_2026-02-23_G08,10109590SILVAA,2026-02-23,181057,1,4,0,81.0
10109590SILVAA_2026-02-23_G09,10109590SILVAA,2026-02-23,124594,1,11,0,948.0
10109590SILVAA_2026-02-23_G10,10109590SILVAA,2026-02-23,122962,1,40,0,237.0
10109590SILVAA_2026-02-23_G11,10109590SILVAA,2026-02-23,124247,1,8,0,111.0
10109590SILVAA_2026-02-23_G12,10109590SILVAA,2026-02-23,120271,1,1,0,33.0
10109590SILVAA_2026-02-23_G13,10109590SILVAA,2026-02-23,124475,1,4,0,50.0
10109590SILVAA_2026-02-23_G14,10109590SILVAA,2026-02-23,124476,1,6,0,79.0
10109590SILVAA_2026-02-23_G15,10109590SILVAA,2026-02-23,124486,1,20,0,98.0
10109590SILVAA_2026-02-23_G16,10109590SILVAA,2026-02-23,122984,1,30,0,2029.0
10109590SILVAA_2026-02-23_G17,10109590SILVAA,2026-02-23,181887,1,1,0,403.0
10109590SILVAA_2026-02-23_G18,10109590SILVAA,2026-02-23,123822,1,150,0,1548.0
10109590SILVAA_2026-02-23_G19,10109590SILVAA,2026-02-23,123822,1,150,0,855.0
10109590SILVAA_2026-02-23_G20,10109590SILVAA,2026-02-23,124264,1,100,0,1303.0
10109590SILVAA_2026-02-23_G21,10109590SILVAA,2026-02-23,123345,1,18,0,218.0
10109590SILVAA_2026-02-23_G22,10109590SILVAA,2026-02-23,123343,1,12,0,456.0
10109590SILVAA_2026-02-24_G02,10109590SILVAA,2026-02-24,122962,1,100,0,1013.0
10109590SILVAA_2026-02-24_G03,10109590SILVAA,2026-02-24,124486,1,120,0,829.0
10109590SILVAA_2026-02-24_G05,10109590SILVAA,2026-02-24,123153,1,2,0,341.0
10109590SILVAA_2026-02-24_G06,10109590SILVAA,2026-02-24,123909,1,2,0,165.0
10109590SILVAA_2026-02-24_G07,10109590SILVAA,2026-02-24,121651,1,7,0,340.0
10109590SILVAA_2026-02-24_G08,10109590SILVAA,2026-02-24,123345,1,8,0,490.0
10109590SILVAA_2026-02-24_G09,10109590SILVAA,2026-02-24,122185,1,2,0,100.0
10109590SILVAA_2026-02-24_G10,10109590SILVAA,2026-02-24,"124486, 122671",2,13,24,122.0
10109590SILVAA_2026-02-24_G11,10109590SILVAA,2026-02-24,124486,1,20,0,250.0
10109590SILVAA_2026-02-24_G12,10109590SILVAA,2026-02-24,120389,1,6,0,249.0
10109590SILVAA_2026-02-24_G13,10109590SILVAA,2026-02-24,122962,1,11,0,87.0
10109590SILVAA_2026-02-24_G14,10109590SILVAA,2026-02-24,122703,1,4,0,236.0
10109590SILVAA_2026-02-24_G15,10109590SILVAA,2026-02-24,122962,1,4,0,106.0
10109590SILVAA_2026-02-24_G16,10109590SILVAA,2026-02-24,124486,1,12,0,410.0
10109590SILVAA_2026-02-24_G17,10109590SILVAA,2026-02-24,122962,1,4,0,106.0
10109590SILVAA_2026-02-24_G18,10109590SILVAA,2026-02-24,122703,1,4,0,182.0
10109590SILVAA_2026-02-24_G19,10109590SILVAA,2026-02-24,123343,1,2,0,92.0
10109590SILVAA_2026-02-24_G20,10109590SILVAA,2026-02-24,122982,1,8,0,146.0
10109590SILVAA_2026-02-24_G21,10109590SILVAA,2026-02-24,122988,1,12,0,193.0
10109590SILVAA_2026-02-24_G22,10109590SILVAA,2026-02-24,122185,1,16,0,375.0
10109590SILVAA_2026-02-24_G23,10109590SILVAA,2026-02-24,123492,1,2,0,597.0
10109590SILVAA_2026-02-24_G24,10109590SILVAA,2026-02-24,122962,1,20,0,383.0
10109590SILVAA_2026-02-24_G25,10109590SILVAA,2026-02-24,124247,1,16,0,279.0
10109590SILVAA_2026-02-24_G26,10109590SILVAA,2026-02-24,120008,1,6,0,168.0
10109590SILVAA_2026-02-24_G27,10109590SILVAA,2026-02-24,123520,1,4,0,1761.0
10109590SILVAA_2026-02-24_G28,10109590SILVAA,2026-02-24,120389,1,16,0,388.0
10109590SILVAA_2026-02-25_G02,10109590SILVAA,2026-02-25,123344,1,6,0,302.0
10109590SILVAA_2026-02-25_G03,10109590SILVAA,2026-02-25,124475,1,8,0,151.0
10109590SILVAA_2026-02-25_G04,10109590SILVAA,2026-02-25,124476,1,4,0,61.0
10109590SILVAA_2026-02-25_G05,10109590SILVAA,2026-02-25,122983,1,2,0,145.0
10109590SILVAA_2026-02-25_G07,10109590SILVAA,2026-02-25,122984,1,4,0,212.0
10109590SILVAA_2026-02-25_G08,10109590SILVAA,2026-02-25,122984,1,76,0,2545.0
10109590SILVAA_2026-02-25_G09,10109590SILVAA,2026-02-25,124624,1,20,0,130.0
10109590SILVAA_2026-02-25_G10,10109590SILVAA,2026-02-25,120272,1,4,0,105.0
10109590SILVAA_2026-02-25_G11,10109590SILVAA,2026-02-25,123909,1,10,0,383.0
10109590SILVAA_2026-02-26_G02,10109590SILVAA,2026-02-26,122984,1,2,0,1070.0
10109590SILVAA_2026-02-26_G03,10109590SILVAA,2026-02-26,122962,1,8,0,159.0
10109590SILVAA_2026-02-26_G04,10109590SILVAA,2026-02-26,120339,1,6,0,101.0
10109590SILVAA_2026-02-26_G05,10109590SILVAA,2026-02-26,124247,1,4,0,204.0
10109590SILVAA_2026-02-26_G06,10109590SILVAA,2026-02-26,122983,1,4,0,108.0
10109590SILVAA_2026-02-26_G07,10109590SILVAA,2026-02-26,123345,1,20,0,554.0
10109590SILVAA_2026-02-26_G08,10109590SILVAA,2026-02-26,123345,1,4,0,182.0
10109590SILVAA_2026-02-26_G09,10109590SILVAA,2026-02-26,122962,1,10,0,118.0
10109590SILVAA_2026-02-26_G10,10109590SILVAA,2026-02-26,122982,1,4,0,269.0
10109590SILVAA_2026-02-26_G11,10109590SILVAA,2026-02-26,124476,1,4,0,127.0
10109590SILVAA_2026-02-26_G12,10109590SILVAA,2026-02-26,122984,1,14,0,2707.0
10109590SILVAA_2026-02-26_G13,10109590SILVAA,2026-02-26,122671,1,5,0,137.0
10109590SILVAA_2026-02-26_G14,10109590SILVAA,2026-02-26,124475,1,12,0,277.0
10109590SILVAA_2026-02-26_G15,10109590SILVAA,2026-02-26,124476,1,20,0,400.0
10109590SILVAA_2026-02-26_G16,10109590SILVAA,2026-02-26,124371,1,10,0,375.0
10109590SILVAA_2026-02-26_G17,10109590SILVAA,2026-02-26,122185,1,20,0,487.0
10109590SILVAA_2026-02-26_G18,10109590SILVAA,2026-02-26,123313,1,3,0,128.0
10109590SILVAA_2026-02-26_G19,10109590SILVAA,2026-02-26,123344,1,14,0,1241.0
10109590SILVAA_2026-02-26_G20,10109590SILVAA,2026-02-26,124264,1,8,0,97.0
10109590SILVAA_2026-02-26_G21,10109590SILVAA,2026-02-26,123520,1,2,0,130.0
10109590SILVAA_2026-02-26_G22,10109590SILVAA,2026-02-26,123343,1,8,0,678.0
10109590SILVAA_2026-02-26_G23,10109590SILVAA,2026-02-26,121651,1,46,0,637.0
10109590SILVAA_2026-02-26_G24,10109590SILVAA,2026-02-26,123343,1,10,0,588.0
10109590SILVAA_2026-02-26_G25,10109590SILVAA,2026-02-26,122962,1,80,0,777.0
10109590SILVAA_2026-02-26_G26,10109590SILVAA,2026-02-26,124486,1,12,0,428.0
10109590SILVAA_2026-02-26_G27,10109590SILVAA,2026-02-26,122703,1,8,0,174.0
10109590SILVAA_2026-02-26_G28,10109590SILVAA,2026-02-26,120272,1,8,0,102.0
10109590SILVAA_2026-02-26_G29,10109590SILVAA,2026-02-26,120028,1,2,0,133.0
10109590SILVAA_2026-02-26_G30,10109590SILVAA,2026-02-26,121760,1,10,0,223.0
10109590SILVAA_2026-02-26_G31,10109590SILVAA,2026-02-26,123909,1,3,0,3277.0
10109590SILVAA_2026-02-26_G32,10109590SILVAA,2026-02-26,123520,1,2,0,110.0
10109590SILVAA_2026-02-26_G33,10109590SILVAA,2026-02-26,123521,1,4,0,81.0
10109590SILVAA_2026-02-26_G34,10109590SILVAA,2026-02-26,123345,1,7,0,293.0
10109590SILVAA_2026-02-26_G35,10109590SILVAA,2026-02-26,123345,1,1,0,57.0
10109590SILVAA_2026-02-26_G36,10109590SILVAA,2026-02-26,124594,1,10,0,566.0
10109590SILVAA_2026-02-26_G37,10109590SILVAA,2026-02-26,124486,1,2,0,1051.0
10109590SILVAA_2026-02-26_G38,10109590SILVAA,2026-02-26,123344,1,3,0,124.0
10109590SILVAA_2026-02-26_G39,10109590SILVAA,2026-02-26,123343,1,2,0,124.0
10109590SILVAA_2026-02-26_G40,10109590SILVAA,2026-02-26,123344,1,4,0,199.0
10109590SILVAA_2026-02-26_G41,10109590SILVAA,2026-02-26,122962,1,4,0,159.0
10109590SILVAA_2026-02-26_G42,10109590SILVAA,2026-02-26,123561,1,8,0,228.0
10109590SILVAA_2026-02-26_G43,10109590SILVAA,2026-02-26,123343,1,2,0,101.0
10109590SILVAA_2026-02-26_G44,10109590SILVAA,2026-02-26,180024,1,2,0,344.0
10109590SILVAA_2026-02-26_G45,10109590SILVAA,2026-02-26,122962,1,8,0,83.0
10109590SILVAA_2026-02-26_G46,10109590SILVAA,2026-02-26,123520,1,4,0,221.0
10109590SILVAA_2026-02-26_G47,10109590SILVAA,2026-02-26,122984,1,80,0,163.0
10109590SILVAA_2026-02-26_G48,10109590SILVAA,2026-02-26,124486,1,20,0,2542.0
10109590SILVAA_2026-02-26_G49,10109590SILVAA,2026-02-26,123492,1,40,0,534.0
10109590SILVAA_2026-02-26_G50,10109590SILVAA,2026-02-26,122962,1,30,0,440.0
10109590SILVAA_2026-02-26_G51,10109590SILVAA,2026-02-26,124486,1,40,0,977.0
10109590SILVAA_2026-02-26_G52,10109590SILVAA,2026-02-26,124247,1,8,0,136.0
10109590SILVAA_2026-02-26_G53,10109590SILVAA,2026-02-26,122984,1,1,0,62.0
10109590SILVAA_2026-02-26_G54,10109590SILVAA,2026-02-26,124486,1,2,0,247.0
10109590SILVAA_2026-02-27_G02,10109590SILVAA,2026-02-27,123344,1,10,0,708.0
10109590SILVAA_2026-02-27_G03,10109590SILVAA,2026-02-27,124486,1,2,0,764.0
10109590SILVAA_2026-02-27_G04,10109590SILVAA,2026-02-27,123345,1,10,0,81.0
10109590SILVAA_2026-02-27_G05,10109590SILVAA,2026-02-27,122962,1,30,0,352.0
10109590SILVAA_2026-02-27_G06,10109590SILVAA,2026-02-27,124486,1,30,0,1068.0
10109590SILVAA_2026-02-27_G07,10109590SILVAA,2026-02-27,124248,1,30,0,679.0
10109590SILVAA_2026-02-27_G08,10109590SILVAA,2026-02-27,122962,1,40,0,361.0
10109590SILVAA_2026-02-27_G10,10109590SILVAA,2026-02-27,124486,1,12,0,179.0
10109590SILVAA_2026-02-27_G11,10109590SILVAA,2026-02-27,120389,1,4,0,140.0
10109590SILVAA_2026-02-27_G12,10109590SILVAA,2026-02-27,124433,1,20,0,200.0
10109590SILVAA_2026-02-27_G13,10109590SILVAA,2026-02-27,123313,1,4,0,98.0
10109590SILVAA_2026-02-27_G14,10109590SILVAA,2026-02-27,114647,1,4,0,210.0
10109590SILVAA_2026-02-27_G15,10109590SILVAA,2026-02-27,124264,1,4,0,98.0
10109590SILVAA_2026-02-27_G16,10109590SILVAA,2026-02-27,122671,1,2,0,67.0
10109590SILVAA_2026-02-27_G17,10109590SILVAA,2026-02-27,120339,1,2,0,81.0
10109590SILVAA_2026-02-27_G18,10109590SILVAA,2026-02-27,120389,1,4,0,37.0
10109590SILVAA_2026-02-27_G19,10109590SILVAA,2026-02-27,124476,1,3,0,60.0
10109590SILVAA_2026-02-27_G20,10109590SILVAA,2026-02-27,123345,1,4,0,61.0
10109590SILVAA_2026-02-27_G21,10109590SILVAA,2026-02-27,123313,1,8,0,40.0
10109590SILVAA_2026-02-27_G22,10109590SILVAA,2026-02-27,124433,1,8,0,65.0
10109590SILVAA_2026-02-27_G23,10109590SILVAA,2026-02-27,122671,1,4,0,86.0
10109590SILVAA_2026-02-27_G24,10109590SILVAA,2026-02-27,124624,1,4,0,510.0
10109590SILVAA_2026-02-27_G25,10109590SILVAA,2026-02-27,124264,1,90,0,540.0
10109590SILVAA_2026-02-27_G26,10109590SILVAA,2026-02-27,122671,1,4,0,92.0
10109590SILVAA_2026-02-27_G27,10109590SILVAA,2026-02-27,124247,1,6,0,80.0
10109590SILVAA_2026-02-27_G28,10109590SILVAA,2026-02-27,124247,2,8,24,37.0
10109590SILVAA_2026-02-27_G29,10109590SILVAA,2026-02-27,120389,1,5,0,33.0
10109590SILVAA_2026-02-27_G30,10109590SILVAA,2026-02-27,124476,1,2,0,86.0
10109590SILVAA_2026-02-27_G31,10109590SILVAA,2026-02-27,123153,1,16,0,90.0
10109590SILVAA_2026-02-27_G32,10109590SILVAA,2026-02-27,124486,1,8,0,41.0
10109590SILVAA_2026-02-27_G33,10109590SILVAA,2026-02-27,124486,1,12,0,70.0
10109590SILVAA_2026-02-27_G34,10109590SILVAA,2026-02-27,123345,1,46,0,354.0
10109590SILVAA_2026-02-27_G35,10109590SILVAA,2026-02-27,123343,1,15,0,246.0
10109590SILVAA_2026-02-28_G02,10109590SILVAA,2026-02-28,124477,1,20,0,823.0
10109590SILVAA_2026-02-28_G03,10109590SILVAA,2026-02-28,124475,1,62,0,691.0
10109590SILVAA_2026-02-28_G04,10109590SILVAA,2026-02-28,124476,1,114,0,1011.0
10109590SILVAA_2026-02-28_G05,10109590SILVAA,2026-02-28,124371,1,20,0,174.0
10109590SILVAA_2026-02-28_G06,10109590SILVAA,2026-02-28,123345,1,10,0,91.0
10109590SILVAA_2026-02-28_G07,10109590SILVAA,2026-02-28,122647,1,30,0,368.0
10109590SILVAA_2026-02-28_G08,10109590SILVAA,2026-02-28,120028,1,30,0,433.0
10109590SILVAA_2026-02-28_G09,10109590SILVAA,2026-02-28,122962,1,3,0,236.0
10109590SILVAA_2026-02-28_G10,10109590SILVAA,2026-02-28,124486,1,1,0,833.0
10109590SILVAA_2026-02-28_G11,10109590SILVAA,2026-02-28,122962,1,50,0,315.0
10109590SILVAA_2026-02-28_G12,10109590SILVAA,2026-02-28,122673,1,4,0,431.0
10109590SILVAA_2026-02-28_G13,10109590SILVAA,2026-02-28,120339,1,2,0,85.0
10109590SILVAA_2026-02-28_G14,10109590SILVAA,2026-02-28,124247,1,4,0,55.0
10109590SILVAA_2026-02-28_G15,10109590SILVAA,2026-02-28,122673,1,28,0,48.0
10109590SILVAA_2026-02-28_G16,10109590SILVAA,2026-02-28,123345,1,2,0,77.0
10109590SILVAA_2026-02-28_G17,10109590SILVAA,2026-02-28,"120389, 122962",2,8,27,48.0
10109590SILVAA_2026-02-28_G18,10109590SILVAA,2026-02-28,124433,1,6,0,157.0
10109590SILVAA_2026-02-28_G19,10109590SILVAA,2026-02-28,123345,1,25,0,92.0
10109590SILVAA_2026-02-28_G20,10109590SILVAA,2026-02-28,122673,1,19,0,645.0
10109590SILVAA_2026-02-28_G21,10109590SILVAA,2026-02-28,122984,1,6,0,2327.0
10109590SILVAA_2026-02-28_G22,10109590SILVAA,2026-02-28,123344,1,8,0,32.0
10109590SILVAA_2026-02-28_G23,10109590SILVAA,2026-02-28,121651,1,10,0,114.0
10109590SILVAA_2026-02-28_G24,10109590SILVAA,2026-02-28,122982,1,6,0,162.0
10109590SILVAA_2026-02-28_G25,10109590SILVAA,2026-02-28,122988,1,4,0,46.0
10109590SILVAA_2026-02-28_G26,10109590SILVAA,2026-02-28,124476,1,2,0,63.0
10109590SILVAA_2026-02-28_G27,10109590SILVAA,2026-02-28,122983,1,18,0,207.0
10109590SILVAA_2026-02-28_G28,10109590SILVAA,2026-02-28,124486,1,3,0,306.0
10109590SILVAA_2026-02-28_G29,10109590SILVAA,2026-02-28,122962,2,16,28,52.0
10109590SILVAA_2026-02-28_G30,10109590SILVAA,2026-02-28,123344,1,4,0,231.0
10109590SILVAA_2026-02-28_G31,10109590SILVAA,2026-02-28,"122671, 122981",2,7,10,191.0
10109590SILVAA_2026-02-28_G32,10109590SILVAA,2026-02-28,123822,1,8,0,45.0
10109590SILVAA_2026-02-28_G33,10109590SILVAA,2026-02-28,124486,1,4,0,146.0
10109590SILVAA_2026-02-28_G34,10109590SILVAA,2026-02-28,121760,1,4,0,82.0
10109590SILVAA_2026-02-28_G35,10109590SILVAA,2026-02-28,123909,1,6,0,33.0
10109590SILVAA_2026-02-28_G36,10109590SILVAA,2026-02-28,122962,1,8,0,84.0
10109590SILVAA_2026-02-28_G37,10109590SILVAA,2026-02-28,123345,1,6,0,115.0
10109590SILVAA_2026-02-28_G38,10109590SILVAA,2026-02-28,123313,1,8,0,35.0
10109590SILVAA_2026-02-28_G39,10109590SILVAA,2026-02-28,123889,1,5,0,133.0
10109590SILVAA_2026-02-28_G40,10109590SILVAA,2026-02-28,123947,1,15,0,237.0
10109590SILVAA_2026-02-28_G41,10109590SILVAA,2026-02-28,124486,1,20,0,746.0
10109590SILVAA_2026-02-28_G42,10109590SILVAA,2026-02-28,122962,1,16,0,484.0
10109590SILVAA_2026-02-28_G43,10109590SILVAA,2026-02-28,124486,1,1,0,56.0
10109590SILVAA_2026-02-28_G44,10109590SILVAA,2026-02-28,121760,1,3,0,47.0
10109590SILVAA_2026-02-28_G45,10109590SILVAA,2026-02-28,122983,1,1,0,45.0
10109590SILVAA_2026-02-28_G46,10109590SILVAA,2026-02-28,124248,1,1,0,130.0
10109590SILVAA_2026-02-28_G47,10109590SILVAA,2026-02-28,121923,1,2,0,395.0
10109590SILVAA_2026-02-28_G48,10109590SILVAA,2026-02-28,122984,1,4,0,88.0
10109590SILVAA_2026-02-28_G49,10109590SILVAA,2026-02-28,124486,1,3,0,84.0
10109590SILVAA_2026-02-28_G50,10109590SILVAA,2026-02-28,122983,1,1,0,99.0
10109590SILVAA_2026-02-28_G51,10109590SILVAA,2026-02-28,124248,1,7,0,166.0
10109590SILVAA_2026-02-28_G52,10109590SILVAA,2026-02-28,122962,1,2,0,106.0
10109590SILVAA_2026-02-28_G53,10109590SILVAA,2026-02-28,122988,1,32,0,247.0
10109590SILVAA_2026-02-28_G54,10109590SILVAA,2026-02-28,122647,1,11,0,188.0
10109590SILVAA_2026-02-28_G56,10109590SILVAA,2026-02-28,121651,1,4,0,1585.0
10109590SILVAA_2026-02-28_G57,10109590SILVAA,2026-02-28,122988,1,4,0,132.0
10109590SILVAA_2026-02-28_G58,10109590SILVAA,2026-02-28,123520,1,6,0,118.0
10109590SILVAA_2026-02-28_G59,10109590SILVAA,2026-02-28,122984,1,24,0,307.0
10109590SILVAA_2026-02-28_G60,10109590SILVAA,2026-02-28,122984,1,13,0,245.0
10109590SILVAA_2026-02-28_G61,10109590SILVAA,2026-02-28,122673,1,5,0,155.0
10109590SILVAA_2026-02-28_G62,10109590SILVAA,2026-02-28,122673,4,76,60,47.0
10109590SILVAA_2026-02-28_G64,10109590SILVAA,2026-02-28,124483,1,4,0,394.0
10109590SILVAA_2026-02-28_G65,10109590SILVAA,2026-02-28,123313,1,12,0,228.0
10109590SILVAA_2026-03-05_G02,10109590SILVAA,2026-03-05,122962,1,12,0,69.0
10109590SILVAA_2026-03-05_G03,10109590SILVAA,2026-03-05,120389,1,12,0,221.0
10109590SILVAA_2026-03-05_G04,10109590SILVAA,2026-03-05,120028,1,12,0,202.0
10109590SILVAA_2026-03-05_G05,10109590SILVAA,2026-03-05,124486,1,6,0,89.0
10109590SILVAA_2026-03-05_G06,10109590SILVAA,2026-03-05,123909,1,12,0,339.0
10109590SILVAA_2026-03-05_G07,10109590SILVAA,2026-03-05,181052,1,28,0,929.0
10109590SILVAA_2026-03-05_G08,10109590SILVAA,2026-03-05,124486,1,3,0,83.0
10109590SILVAA_2026-03-05_G09,10109590SILVAA,2026-03-05,"181056, 124594, 122962",3,22,39,245.0
10109590SILVAA_2026-03-05_G10,10109590SILVAA,2026-03-05,"181052, 122962",2,24,21,113.0
10109590SILVAA_2026-03-05_G11,10109590SILVAA,2026-03-05,122671,1,8,0,205.0
10109590SILVAA_2026-03-05_G12,10109590SILVAA,2026-03-05,124248,1,8,0,171.0
10109590SILVAA_2026-03-05_G13,10109590SILVAA,2026-03-05,"123909, 124624",2,28,22,137.0
10109590SILVAA_2026-03-23_G02,10109590SILVAA,2026-03-23,124484,1,12,0,204.0
10109590SILVAA_2026-03-23_G03,10109590SILVAA,2026-03-23,124264,1,2,0,84.0
10109590SILVAA_2026-03-23_G04,10109590SILVAA,2026-03-23,120272,1,8,0,216.0
10109590SILVAA_2026-03-23_G05,10109590SILVAA,2026-03-23,122982,1,32,0,400.0
10109590SILVAA_2026-03-23_G06,10109590SILVAA,2026-03-23,122962,1,40,0,626.0
10109590SILVAA_2026-03-23_G07,10109590SILVAA,2026-03-23,124484,1,12,0,170.0
10109590SILVAA_2026-03-23_G08,10109590SILVAA,2026-03-23,124486,1,8,0,175.0
10109590SILVAA_2026-03-23_G09,10109590SILVAA,2026-03-23,124247,1,6,0,175.0
10109590SILVAA_2026-03-23_G10,10109590SILVAA,2026-03-23,124594,1,26,0,649.0
10109590SILVAA_2026-03-23_G11,10109590SILVAA,2026-03-23,123947,1,4,0,90.0
10109590SILVAA_2026-03-23_G12,10109590SILVAA,2026-03-23,124484,1,8,0,255.0
10109590SILVAA_2026-03-23_G13,10109590SILVAA,2026-03-23,124247,1,4,0,137.0
10109590SILVAA_2026-03-23_G14,10109590SILVAA,2026-03-23,124486,1,2,0,76.0
10109590SILVAA_2026-03-23_G15,10109590SILVAA,2026-03-23,124486,1,2,0,91.0
10109590SILVAA_2026-03-23_G16,10109590SILVAA,2026-03-23,120272,1,11,0,2218.0
10109590SILVAA_2026-03-23_G17,10109590SILVAA,2026-03-23,122196,1,5,0,126.0
10109590SILVAA_2026-03-23_G18,10109590SILVAA,2026-03-23,122673,1,2,0,83.0
10109590SILVAA_2026-03-23_G19,10109590SILVAA,2026-03-23,123343,1,8,0,741.0
10109590SILVAA_2026-03-23_G20,10109590SILVAA,2026-03-23,123343,1,2,0,257.0
10109590SILVAA_2026-03-23_G21,10109590SILVAA,2026-03-23,124582,1,32,0,875.0
10109590SILVAA_2026-03-23_G22,10109590SILVAA,2026-03-23,122185,1,2,0,55.0
10109590SILVAA_2026-03-23_G23,10109590SILVAA,2026-03-23,121651,1,26,0,1123.0
10109590SILVAA_2026-03-23_G24,10109590SILVAA,2026-03-23,124624,1,10,0,1162.0
10109590SILVAA_2026-03-23_G25,10109590SILVAA,2026-03-23,123343,1,8,0,304.0
10109590SILVAA_2026-03-23_G26,10109590SILVAA,2026-03-23,122962,1,24,0,814.0
10109590SILVAA_2026-03-23_G27,10109590SILVAA,2026-03-23,124486,1,12,0,212.0
10109590SILVAA_2026-03-23_G28,10109590SILVAA,2026-03-23,124486,1,12,0,192.0
10109590SILVAA_2026-03-23_G29,10109590SILVAA,2026-03-23,124247,2,51,26,285.0
10109590SILVAA_2026-03-23_G30,10109590SILVAA,2026-03-23,124729,1,4,0,89.0
10109590SILVAA_2026-03-23_G31,10109590SILVAA,2026-03-23,124725,1,2,0,105.0
10109590SILVAA_2026-03-23_G32,10109590SILVAA,2026-03-23,123345,1,1,0,185.0
10109590SILVAA_2026-03-23_G33,10109590SILVAA,2026-03-23,124486,1,6,0,114.0
10109590SILVAA_2026-03-23_G34,10109590SILVAA,2026-03-23,121651,1,4,0,171.0
10109590SILVAA_2026-03-23_G35,10109590SILVAA,2026-03-23,122962,1,20,0,281.0
10109590SILVAA_2026-03-23_G36,10109590SILVAA,2026-03-23,122647,1,40,0,521.0
10109590SILVAA_2026-03-23_G38,10109590SILVAA,2026-03-23,120008,1,40,0,1361.0
10109590SILVAA_2026-03-23_G39,10109590SILVAA,2026-03-23,124248,1,40,0,1133.0
10109590SILVAA_2026-03-23_G40,10109590SILVAA,2026-03-23,124248,1,86,0,1232.0
10109590SILVAA_2026-03-23_G41,10109590SILVAA,2026-03-23,124582,1,24,0,493.0
10109590SILVAA_2026-03-23_G42,10109590SILVAA,2026-03-23,124624,1,12,0,485.0
10109590SILVAA_2026-03-23_G43,10109590SILVAA,2026-03-23,122962,1,17,0,294.0
10109590SILVAA_2026-03-23_G44,10109590SILVAA,2026-03-23,122962,1,2,0,79.0
10109590SILVAA_2026-03-23_G45,10109590SILVAA,2026-03-23,124486,1,2,0,143.0
10109590SILVAA_2026-03-23_G46,10109590SILVAA,2026-03-23,124248,1,4,0,128.0
10109590SILVAA_2026-03-23_G47,10109590SILVAA,2026-03-23,124582,1,4,0,215.0
10109590SILVAA_2026-03-23_G48,10109590SILVAA,2026-03-23,122983,1,2,0,94.0
10109590SILVAA_2026-03-23_G49,10109590SILVAA,2026-03-23,122962,1,4,0,211.0
10109590SILVAA_2026-03-24_G02,10109590SILVAA,2026-03-24,123909,1,50,0,1220.0
10109590SILVAA_2026-03-24_G03,10109590SILVAA,2026-03-24,124594,1,8,0,607.0
10109590SILVAA_2026-03-24_G04,10109590SILVAA,2026-03-24,123345,1,20,0,79.0
10109590SILVAA_2026-03-24_G05,10109590SILVAA,2026-03-24,124371,1,2,0,258.0
10109590SILVAA_2026-03-24_G06,10109590SILVAA,2026-03-24,123345,1,2,0,234.0
10109590SILVAA_2026-03-24_G07,10109590SILVAA,2026-03-24,124486,1,2,0,164.0
10109590SILVAA_2026-03-24_G08,10109590SILVAA,2026-03-24,124248,1,14,0,355.0
10109590SILVAA_2026-03-24_G09,10109590SILVAA,2026-03-24,124247,1,30,0,542.0
10109590SILVAA_2026-03-24_G10,10109590SILVAA,2026-03-24,124486,1,20,0,1159.0
10109590SILVAA_2026-03-24_G11,10109590SILVAA,2026-03-24,121760,1,15,0,280.0
10109590SILVAA_2026-03-24_G12,10109590SILVAA,2026-03-24,124484,1,8,0,499.0
10109590SILVAA_2026-03-24_G13,10109590SILVAA,2026-03-24,124247,1,8,0,174.0
10109590SILVAA_2026-03-24_G14,10109590SILVAA,2026-03-24,122967,1,20,0,1045.0
10109590SILVAA_2026-03-24_G15,10109590SILVAA,2026-03-24,122962,1,2,0,96.0
10109590SILVAA_2026-03-24_G16,10109590SILVAA,2026-03-24,123909,1,1,0,361.0
10109590SILVAA_2026-03-24_G17,10109590SILVAA,2026-03-24,124624,1,8,0,875.0
10109590SILVAA_2026-03-24_G18,10109590SILVAA,2026-03-24,124594,1,4,0,282.0
10109590SILVAA_2026-03-24_G19,10109590SILVAA,2026-03-24,122962,1,8,0,121.0
10109590SILVAA_2026-03-24_G20,10109590SILVAA,2026-03-24,124486,1,12,0,332.0
10109590SILVAA_2026-03-24_G21,10109590SILVAA,2026-03-24,124247,1,4,0,87.0
10109590SILVAA_2026-03-24_G22,10109590SILVAA,2026-03-24,124248,1,6,0,231.0
10109590SILVAA_2026-03-24_G23,10109590SILVAA,2026-03-24,122185,1,8,0,51.0
10109590SILVAA_2026-03-24_G24,10109590SILVAA,2026-03-24,123345,1,2,0,659.0
10109590SILVAA_2026-03-24_G25,10109590SILVAA,2026-03-24,123313,1,4,0,157.0
10109590SILVAA_2026-03-24_G26,10109590SILVAA,2026-03-24,123562,1,8,0,74.0
10109590SILVAA_2026-03-24_G27,10109590SILVAA,2026-03-24,122983,1,10,0,42.0
10109590SILVAA_2026-03-24_G28,10109590SILVAA,2026-03-24,123561,1,16,0,321.0
10109590SILVAA_2026-03-24_G29,10109590SILVAA,2026-03-24,122962,1,50,0,472.0
10109590SILVAA_2026-03-24_G30,10109590SILVAA,2026-03-24,180023,1,2,0,168.0
10109590SILVAA_2026-03-24_G31,10109590SILVAA,2026-03-24,124594,1,14,0,220.0
10109590SILVAA_2026-03-24_G32,10109590SILVAA,2026-03-24,124624,1,8,0,152.0
10109590SILVAA_2026-03-24_G34,10109590SILVAA,2026-03-24,124486,1,20,0,107.0
10109590SILVAA_2026-03-24_G35,10109590SILVAA,2026-03-24,123561,1,8,0,66.0
10109590SILVAA_2026-03-24_G36,10109590SILVAA,2026-03-24,122988,1,4,0,72.0
10109590SILVAA_2026-03-24_G37,10109590SILVAA,2026-03-24,122185,1,5,0,130.0
10109590SILVAA_2026-03-24_G38,10109590SILVAA,2026-03-24,124728,1,9,0,109.0
10109590SILVAA_2026-03-24_G39,10109590SILVAA,2026-03-24,122673,1,16,0,449.0
10109590SILVAA_2026-03-24_G40,10109590SILVAA,2026-03-24,122647,1,10,0,35.0
10109590SILVAA_2026-03-24_G41,10109590SILVAA,2026-03-24,123909,1,70,0,485.0
10109590SILVAA_2026-03-24_G42,10109590SILVAA,2026-03-24,124248,1,60,0,1030.0
10109590SILVAA_2026-03-24_G44,10109590SILVAA,2026-03-24,124475,1,20,0,612.0
10109590SILVAA_2026-03-24_G45,10109590SILVAA,2026-03-24,124486,1,20,0,395.0
10109590SILVAA_2026-03-24_G46,10109590SILVAA,2026-03-24,124264,1,6,0,193.0
10109590SILVAA_2026-03-24_G47,10109590SILVAA,2026-03-24,124582,1,75,0,1163.0
10109590SILVAA_2026-03-24_G48,10109590SILVAA,2026-03-24,124725,1,34,0,1131.0
10109590SILVAA_2026-03-24_G49,10109590SILVAA,2026-03-24,121651,1,34,0,516.0
10109590SILVAA_2026-03-25_G02,10109590SILVAA,2026-03-25,121923,1,4,0,633.0
10109590SILVAA_2026-03-25_G03,10109590SILVAA,2026-03-25,124370,1,10,0,315.0
10109590SILVAA_2026-03-25_G04,10109590SILVAA,2026-03-25,124475,1,17,0,289.0
10109590SILVAA_2026-03-25_G05,10109590SILVAA,2026-03-25,124486,1,20,0,549.0
10109590SILVAA_2026-03-25_G06,10109590SILVAA,2026-03-25,123080,1,12,0,66.0
10109590SILVAA_2026-03-25_G07,10109590SILVAA,2026-03-25,122988,1,8,0,44.0
10109590SILVAA_2026-03-25_G08,10109590SILVAA,2026-03-25,124729,1,4,0,59.0
10109590SILVAA_2026-03-25_G09,10109590SILVAA,2026-03-25,121651,1,10,0,272.0
10109590SILVAA_2026-03-25_G10,10109590SILVAA,2026-03-25,181057,1,4,0,116.0
10109590SILVAA_2026-03-25_G11,10109590SILVAA,2026-03-25,123343,1,12,0,507.0
10109590SILVAA_2026-03-25_G13,10109590SILVAA,2026-03-25,124484,1,60,0,555.0
10109590SILVAA_2026-03-25_G14,10109590SILVAA,2026-03-25,124264,1,8,0,510.0
10109590SILVAA_2026-03-25_G15,10109590SILVAA,2026-03-25,124484,1,26,0,336.0
10109590SILVAA_2026-03-25_G16,10109590SILVAA,2026-03-25,124264,1,20,0,188.0
10109590SILVAA_2026-03-25_G17,10109590SILVAA,2026-03-25,123343,1,6,0,37.0
10109590SILVAA_2026-03-25_G18,10109590SILVAA,2026-03-25,124484,1,20,0,206.0
10109590SILVAA_2026-03-25_G19,10109590SILVAA,2026-03-25,124484,1,6,0,87.0
10109590SILVAA_2026-03-25_G20,10109590SILVAA,2026-03-25,122647,1,10,0,36.0
10109590SILVAA_2026-03-25_G21,10109590SILVAA,2026-03-25,122647,1,8,0,114.0
10109590SILVAA_2026-03-25_G22,10109590SILVAA,2026-03-25,124484,1,20,0,261.0
10109590SILVAA_2026-03-25_G23,10109590SILVAA,2026-03-25,122647,1,10,0,132.0
10109590SILVAA_2026-03-25_G25,10109590SILVAA,2026-03-25,123343,1,2,0,163.0
10109590SILVAA_2026-03-25_G26,10109590SILVAA,2026-03-25,124624,1,12,0,937.0
10109590SILVAA_2026-03-25_G27,10109590SILVAA,2026-03-25,123344,1,2,0,133.0
10109590SILVAA_2026-03-25_G28,10109590SILVAA,2026-03-25,123344,1,4,0,102.0
10109590SILVAA_2026-03-25_G29,10109590SILVAA,2026-03-25,124476,1,16,0,380.0
10109590SILVAA_2026-03-25_G30,10109590SILVAA,2026-03-25,124476,1,13,0,222.0
10109590SILVAA_2026-03-25_G31,10109590SILVAA,2026-03-25,123343,1,14,0,514.0
10109590SILVAA_2026-03-25_G32,10109590SILVAA,2026-03-25,123343,1,10,0,191.0
10109590SILVAA_2026-03-25_G33,10109590SILVAA,2026-03-25,122962,1,60,0,1463.0
10109590SILVAA_2026-03-25_G34,10109590SILVAA,2026-03-25,124370,1,80,0,1156.0
10109590SILVAA_2026-03-25_G35,10109590SILVAA,2026-03-25,124486,1,50,0,639.0
10109590SILVAA_2026-03-25_G36,10109590SILVAA,2026-03-25,124582,1,150,0,1450.0
10109590SILVAA_2026-03-27_G02,10109590SILVAA,2026-03-27,120389,1,36,0,391.0
10109590SILVAA_2026-03-27_G03,10109590SILVAA,2026-03-27,124247,1,9,0,120.0
10109590SILVAA_2026-03-27_G04,10109590SILVAA,2026-03-27,124247,1,8,0,99.0
10109590SILVAA_2026-03-27_G05,10109590SILVAA,2026-03-27,121760,1,10,0,345.0
10109590SILVAA_2026-03-27_G07,10109590SILVAA,2026-03-27,122185,1,60,0,594.0
10109590SILVAA_2026-03-27_G08,10109590SILVAA,2026-03-27,122185,1,24,0,248.0
10109590SILVAA_2026-03-27_G09,10109590SILVAA,2026-03-27,122185,1,50,0,510.0
10109590SILVAA_2026-03-27_G10,10109590SILVAA,2026-03-27,124486,1,50,0,322.0
10109590SILVAA_2026-03-27_G11,10109590SILVAA,2026-03-27,121928,1,12,0,207.0
10109590SILVAA_2026-03-27_G12,10109590SILVAA,2026-03-27,123822,1,52,0,1124.0
10109590SILVAA_2026-03-27_G13,10109590SILVAA,2026-03-27,"122189, 123822",3,248,29,2515.0
10109590SILVAA_2026-03-27_G14,10109590SILVAA,2026-03-27,122962,1,8,0,664.0
10109590SILVAA_2026-03-27_G15,10109590SILVAA,2026-03-27,124486,1,6,0,199.0
10109590SILVAA_2026-03-27_G16,10109590SILVAA,2026-03-27,122962,1,8,0,347.0
10109590SILVAA_2026-03-27_G17,10109590SILVAA,2026-03-27,124486,1,13,0,129.0
10109590SILVAA_2026-03-27_G18,10109590SILVAA,2026-03-27,122647,1,2,0,61.0
10109590SILVAA_2026-03-27_G19,10109590SILVAA,2026-03-27,122673,1,10,0,49.0
10109590SILVAA_2026-03-27_G20,10109590SILVAA,2026-03-27,123345,1,2,0,65.0
10109590SILVAA_2026-03-27_G21,10109590SILVAA,2026-03-27,181057,1,4,0,86.0
10109590SILVAA_2026-03-27_G22,10109590SILVAA,2026-03-27,181057,1,10,0,203.0
10109590SILVAA_2026-03-27_G23,10109590SILVAA,2026-03-27,124433,1,25,0,268.0
10109590SILVAA_2026-03-27_G24,10109590SILVAA,2026-03-27,124248,1,6,0,113.0
10109590SILVAA_2026-03-27_G25,10109590SILVAA,2026-03-27,123345,1,40,0,67.0
10109590SILVAA_2026-03-27_G26,10109590SILVAA,2026-03-27,124247,1,6,0,128.0
10109590SILVAA_2026-03-27_G27,10109590SILVAA,2026-03-27,181057,1,2,0,157.0
10109590SILVAA_2026-03-27_G28,10109590SILVAA,2026-03-27,124486,1,8,0,101.0
10109590SILVAA_2026-03-27_G29,10109590SILVAA,2026-03-27,124486,1,2,0,74.0
10109590SILVAA_2026-03-27_G30,10109590SILVAA,2026-03-27,122982,1,16,0,97.0
10109590SILVAA_2026-03-27_G31,10109590SILVAA,2026-03-27,124247,1,2,0,103.0
10109590SILVAA_2026-03-28_G02,10109590SILVAA,2026-03-28,121760,1,6,0,125.0
10109590SILVAA_2026-03-28_G03,10109590SILVAA,2026-03-28,122962,1,40,0,667.0
10109590SILVAA_2026-03-28_G04,10109590SILVAA,2026-03-28,122962,1,40,0,712.0
10109590SILVAA_2026-03-28_G05,10109590SILVAA,2026-03-28,124486,1,40,0,530.0
10109590SILVAA_2026-03-28_G06,10109590SILVAA,2026-03-28,122981,1,8,0,135.0
10109590SILVAA_2026-03-28_G07,10109590SILVAA,2026-03-28,123909,1,3,0,221.0
10109590SILVAA_2026-03-28_G08,10109590SILVAA,2026-03-28,123344,1,3,0,75.0
10109590SILVAA_2026-03-28_G09,10109590SILVAA,2026-03-28,"122982, 122988",2,6,28,645.0
10109590SILVAA_2026-03-28_G10,10109590SILVAA,2026-03-28,122981,1,4,0,195.0
10109590SILVAA_2026-03-28_G11,10109590SILVAA,2026-03-28,122962,1,4,0,161.0
10109590SILVAA_2026-03-28_G12,10109590SILVAA,2026-03-28,124475,1,4,0,131.0
10109590SILVAA_2026-03-28_G13,10109590SILVAA,2026-03-28,124370,1,4,0,200.0
10109590SILVAA_2026-03-28_G14,10109590SILVAA,2026-03-28,124370,1,4,0,376.0
10109590SILVAA_2026-03-28_G15,10109590SILVAA,2026-03-28,123345,1,8,0,246.0
10109590SILVAA_2026-03-28_G16,10109590SILVAA,2026-03-28,121923,1,2,0,2059.0
10109590SILVAA_2026-03-28_G17,10109590SILVAA,2026-03-28,122983,1,3,0,124.0
10109590SILVAA_2026-03-28_G18,10109590SILVAA,2026-03-28,124475,1,6,0,228.0
10109590SILVAA_2026-03-28_G19,10109590SILVAA,2026-03-28,124582,1,13,0,254.0
10109590SILVAA_2026-03-28_G20,10109590SILVAA,2026-03-28,124433,1,10,0,277.0
10109590SILVAA_2026-03-28_G21,10109590SILVAA,2026-03-28,123081,1,5,0,83.0
10109590SILVAA_2026-03-28_G22,10109590SILVAA,2026-03-28,123081,1,9,0,146.0
10109590SILVAA_2026-03-28_G23,10109590SILVAA,2026-03-28,124370,1,10,0,594.0
10109590SILVAA_2026-03-28_G24,10109590SILVAA,2026-03-28,121760,1,9,0,542.0
10109590SILVAA_2026-03-28_G25,10109590SILVAA,2026-03-28,124371,1,5,0,82.0
10109590SILVAA_2026-03-28_G26,10109590SILVAA,2026-03-28,123345,1,20,0,285.0
10109590SILVAA_2026-03-28_G27,10109590SILVAA,2026-03-28,123343,1,4,0,734.0
10109590SILVAA_2026-03-28_G28,10109590SILVAA,2026-03-28,123343,1,8,0,337.0
10109590SILVAA_2026-03-29_G02,10109590SILVAA,2026-03-29,124247,1,8,0,250.0
10109590SILVAA_2026-03-29_G03,10109590SILVAA,2026-03-29,122962,1,60,0,1325.0
10109590SILVAA_2026-03-29_G04,10109590SILVAA,2026-03-29,122962,1,4,0,293.0
10109590SILVAA_2026-03-29_G05,10109590SILVAA,2026-03-29,124247,1,2,0,94.0
10109590SILVAA_2026-03-29_G06,10109590SILVAA,2026-03-29,124247,1,8,0,112.0
10109590SILVAA_2026-03-29_G07,10109590SILVAA,2026-03-29,122185,1,24,0,384.0
10109590SILVAA_2026-03-29_G08,10109590SILVAA,2026-03-29,124582,1,16,0,259.0
10109590SILVAA_2026-03-29_G09,10109590SILVAA,2026-03-29,124247,1,30,0,553.0
10109590SILVAA_2026-03-29_G10,10109590SILVAA,2026-03-29,124370,1,2,0,506.0
10109590SILVAA_2026-03-29_G11,10109590SILVAA,2026-03-29,124475,1,2,0,127.0
10109590SILVAA_2026-03-29_G12,10109590SILVAA,2026-03-29,121760,1,10,0,409.0
10109590SILVAA_2026-03-29_G13,10109590SILVAA,2026-03-29,123344,1,1,0,141.0
10109590SILVAA_2026-03-29_G14,10109590SILVAA,2026-03-29,122962,1,40,0,1110.0
10109590SILVAA_2026-03-29_G15,10109590SILVAA,2026-03-29,120028,1,40,0,702.0
10109590SILVAA_2026-03-29_G16,10109590SILVAA,2026-03-29,122962,1,8,0,53.0
10109590SILVAA_2026-03-29_G17,10109590SILVAA,2026-03-29,122647,1,20,0,352.0
10109590SILVAA_2026-03-29_G18,10109590SILVAA,2026-03-29,124486,1,20,0,963.0
10109590SILVAA_2026-03-29_G19,10109590SILVAA,2026-03-29,122647,1,4,0,120.0
10109590SILVAA_2026-03-29_G20,10109590SILVAA,2026-03-29,123909,1,10,0,1164.0
10109590SILVAA_2026-03-29_G21,10109590SILVAA,2026-03-29,123889,1,8,0,340.0
10109590SILVAA_2026-03-29_G22,10109590SILVAA,2026-03-29,123344,1,10,0,593.0
10109590SILVAA_2026-03-29_G23,10109590SILVAA,2026-03-29,122962,1,40,0,780.0
10109590SILVAA_2026-03-29_G24,10109590SILVAA,2026-03-29,122962,1,10,0,178.0
10109590SILVAA_2026-03-29_G25,10109590SILVAA,2026-03-29,122185,1,24,0,339.0
10109590SILVAA_2026-03-29_G26,10109590SILVAA,2026-03-29,122703,1,3,0,77.0
10109590SILVAA_2026-03-29_G27,10109590SILVAA,2026-03-29,124484,1,10,0,358.0
10109590SILVAA_2026-03-29_G28,10109590SILVAA,2026-03-29,120389,1,4,0,85.0
10109590SILVAA_2026-03-29_G29,10109590SILVAA,2026-03-29,120389,1,5,0,177.0
10109590SILVAA_2026-03-29_G30,10109590SILVAA,2026-03-29,121760,1,10,0,296.0
10109590SILVAA_2026-03-29_G31,10109590SILVAA,2026-03-29,120028,1,6,0,166.0
10109590SILVAA_2026-03-29_G32,10109590SILVAA,2026-03-29,124486,1,10,0,219.0
10109590SILVAA_2026-03-29_G33,10109590SILVAA,2026-03-29,124371,1,4,0,62.0
10109590SILVAA_2026-03-29_G34,10109590SILVAA,2026-03-29,124489,1,10,0,296.0
10109590SILVAA_2026-03-29_G35,10109590SILVAA,2026-03-29,180094,1,2,0,361.0
10109590SILVAA_2026-03-29_G36,10109590SILVAA,2026-03-29,124484,1,10,0,581.0
10109590SILVAA_2026-03-29_G38,10109590SILVAA,2026-03-29,124370,1,11,0,383.0
10109590SILVAA_2026-03-29_G39,10109590SILVAA,2026-03-29,124486,1,10,0,163.0
10109590SILVAA_2026-03-29_G40,10109590SILVAA,2026-03-29,121651,1,10,0,189.0
10109590SILVAA_2026-03-29_G41,10109590SILVAA,2026-03-29,121651,1,10,0,182.0
10109590SILVAA_2026-03-29_G42,10109590SILVAA,2026-03-29,124486,1,20,0,458.0
10109590SILVAA_2026-03-29_G43,10109590SILVAA,2026-03-29,124247,1,4,0,139.0
10109590SILVAA_2026-03-29_G44,10109590SILVAA,2026-03-29,124582,1,7,0,138.0
10109590SILVAA_2026-03-29_G45,10109590SILVAA,2026-03-29,124489,1,9,0,221.0
10109590SILVAA_2026-03-29_G46,10109590SILVAA,2026-03-29,124582,1,2,0,105.0
10109590SILVAA_2026-03-29_G47,10109590SILVAA,2026-03-29,124247,1,11,0,299.0
10109590SILVAA_2026-03-29_G48,10109590SILVAA,2026-03-29,124728,1,2,0,111.0
10109590SILVAA_2026-03-29_G49,10109590SILVAA,2026-03-29,122962,1,9,0,156.0
10109590SILVAA_2026-03-29_G50,10109590SILVAA,2026-03-29,121651,1,6,0,226.0
10109590SILVAA_2026-03-29_G51,10109590SILVAA,2026-03-29,124486,1,20,0,350.0
10109590SILVAA_2026-03-29_G52,10109590SILVAA,2026-03-29,123947,1,6,0,254.0
10109590SILVAA_2026-03-29_G53,10109590SILVAA,2026-03-29,122673,1,10,0,447.0
10109590SILVAA_2026-03-29_G54,10109590SILVAA,2026-03-29,122673,1,19,0,418.0
10109590SILVAA_2026-03-29_G55,10109590SILVAA,2026-03-29,124486,1,40,0,1300.0
10109590SILVAA_2026-03-29_G56,10109590SILVAA,2026-03-29,122673,1,14,0,323.0
10109590SILVAA_2026-03-29_G57,10109590SILVAA,2026-03-29,123345,1,5,0,260.0
10109590SILVAA_2026-03-29_G58,10109590SILVAA,2026-03-29,123345,1,4,0,106.0
10109590SILVAA_2026-03-29_G59,10109590SILVAA,2026-03-29,122962,1,24,0,461.0
10109590SILVAA_2026-03-29_G60,10109590SILVAA,2026-03-29,122647,1,12,0,177.0
10109590SILVAA_2026-03-29_G61,10109590SILVAA,2026-03-29,124486,1,12,0,457.0
10109590SILVAA_2026-03-29_G62,10109590SILVAA,2026-03-29,122962,1,30,0,278.0
10109590SILVAA_2026-03-29_G63,10109590SILVAA,2026-03-29,120028,1,20,0,515.0
10109590SILVAA_2026-03-29_G64,10109590SILVAA,2026-03-29,124475,1,10,0,277.0
10109590SILVAA_2026-03-29_G65,10109590SILVAA,2026-03-29,123909,1,4,0,1255.0
10109590SILVAA_2026-03-29_G66,10109590SILVAA,2026-03-29,124624,1,8,0,1023.0
10109590SILVAA_2026-03-29_G67,10109590SILVAA,2026-03-29,122962,1,2,0,101.0
10109590SILVAA_2026-03-29_G68,10109590SILVAA,2026-03-29,124483,1,1,0,129.0
10109590SILVAA_2026-03-29_G69,10109590SILVAA,2026-03-29,124582,1,14,0,145.0
10109590SILVAA_2026-03-29_G70,10109590SILVAA,2026-03-29,"124371, 124489",2,4,28,148.0
10109590SILVAA_2026-03-29_G71,10109590SILVAA,2026-03-29,123345,1,4,0,265.0
10109590SILVAA_2026-03-29_G72,10109590SILVAA,2026-03-29,124486,1,4,0,146.0
10109590SILVAA_2026-03-29_G73,10109590SILVAA,2026-03-29,181057,1,10,0,655.0
10109590SILVAA_2026-03-30_G02,10109590SILVAA,2026-03-30,121760,1,2,0,220.0
10109590SILVAA_2026-03-30_G03,10109590SILVAA,2026-03-30,124476,1,2,0,102.0
10109590SILVAA_2026-03-30_G04,10109590SILVAA,2026-03-30,124489,1,2,0,263.0
10109590SILVAA_2026-03-30_G05,10109590SILVAA,2026-03-30,120272,1,2,0,164.0
10109590SILVAA_2026-03-30_G06,10109590SILVAA,2026-03-30,121760,1,2,0,142.0
10109590SILVAA_2026-03-30_G07,10109590SILVAA,2026-03-30,124486,1,6,0,143.0
10109590SILVAA_2026-03-30_G08,10109590SILVAA,2026-03-30,124489,1,3,0,232.0
10109590SILVAA_2026-03-30_G09,10109590SILVAA,2026-03-30,122647,1,6,0,236.0
10109590SILVAA_2026-03-30_G10,10109590SILVAA,2026-03-30,124475,1,4,0,246.0
10109590SILVAA_2026-03-30_G11,10109590SILVAA,2026-03-30,124486,1,10,0,90.0
10109590SILVAA_2026-03-30_G12,10109590SILVAA,2026-03-30,123909,1,10,0,803.0
10109590SILVAA_2026-03-30_G13,10109590SILVAA,2026-03-30,121651,1,3,0,373.0
10109590SILVAA_2026-03-30_G14,10109590SILVAA,2026-03-30,123344,1,4,0,227.0
10109590SILVAA_2026-03-30_G15,10109590SILVAA,2026-03-30,124475,1,1,0,241.0
10109590SILVAA_2026-03-30_G16,10109590SILVAA,2026-03-30,124370,1,4,0,180.0
10109590SILVAA_2026-03-30_G17,10109590SILVAA,2026-03-30,121760,1,12,0,2523.0
10109590SILVAA_2026-03-30_G18,10109590SILVAA,2026-03-30,121760,1,10,0,318.0
10109590SILVAA_2026-03-30_G19,10109590SILVAA,2026-03-30,122185,1,40,0,1074.0
10109590SILVAA_2026-03-30_G20,10109590SILVAA,2026-03-30,123345,1,2,0,64.0
10109590SILVAA_2026-03-30_G21,10109590SILVAA,2026-03-30,124475,1,5,0,286.0
10109590SILVAA_2026-03-30_G22,10109590SILVAA,2026-03-30,121760,1,7,0,186.0
10109590SILVAA_2026-03-30_G23,10109590SILVAA,2026-03-30,122962,1,18,0,903.0
10109590SILVAA_2026-03-30_G24,10109590SILVAA,2026-03-30,124486,1,2,0,72.0
10109590SILVAA_2026-03-30_G25,10109590SILVAA,2026-03-30,121651,1,8,0,481.0
10109590SILVAA_2026-03-30_G26,10109590SILVAA,2026-03-30,123345,1,7,0,212.0
10109590SILVAA_2026-03-30_G27,10109590SILVAA,2026-03-30,124476,1,4,0,139.0
10109590SILVAA_2026-03-30_G28,10109590SILVAA,2026-03-30,124247,1,6,0,292.0
10109590SILVAA_2026-03-30_G29,10109590SILVAA,2026-03-30,124486,1,12,0,242.0
10109590SILVAA_2026-03-30_G30,10109590SILVAA,2026-03-30,180054,1,2,0,149.0
10109590SILVAA_2026-03-30_G32,10109590SILVAA,2026-03-30,124486,1,12,0,307.0
10109590SILVAA_2026-03-30_G33,10109590SILVAA,2026-03-30,124486,1,20,0,417.0
10109590SILVAA_2026-03-30_G34,10109590SILVAA,2026-03-30,124476,1,3,0,108.0
10109590SILVAA_2026-03-30_G35,10109590SILVAA,2026-03-30,121651,1,20,0,847.0
10109590SILVAA_2026-03-30_G36,10109590SILVAA,2026-03-30,122962,1,20,0,179.0
10109590SILVAA_2026-03-30_G37,10109590SILVAA,2026-03-30,123345,1,25,0,809.0
10109590SILVAA_2026-03-30_G38,10109590SILVAA,2026-03-30,122984,1,5,0,350.0
10109590SILVAA_2026-03-30_G39,10109590SILVAA,2026-03-30,124728,1,24,0,1136.0
10109590SILVAA_2026-03-30_G40,10109590SILVAA,2026-03-30,124484,1,5,0,75.0
10109590SILVAA_2026-03-30_G41,10109590SILVAA,2026-03-30,123343,1,22,0,404.0
10109590SILVAA_2026-03-30_G42,10109590SILVAA,2026-03-30,123343,1,2,0,219.0
10109590SILVAA_2026-03-30_G43,10109590SILVAA,2026-03-30,181056,1,8,0,594.0
10109590SILVAA_2026-03-30_G44,10109590SILVAA,2026-03-30,122962,1,12,0,138.0
10109590SILVAA_2026-03-30_G45,10109590SILVAA,2026-03-30,124486,1,24,0,477.0
10109590SILVAA_2026-03-30_G46,10109590SILVAA,2026-03-30,124624,1,12,0,1412.0
10109590SILVAA_2026-03-30_G47,10109590SILVAA,2026-03-30,123344,1,10,0,197.0
10109590SILVAA_2026-03-30_G48,10109590SILVAA,2026-03-30,122962,1,20,0,376.0
10109590SILVAA_2026-03-30_G49,10109590SILVAA,2026-03-30,124728,1,6,0,64.0
10109590SILVAA_2026-03-30_G50,10109590SILVAA,2026-03-30,124247,1,12,0,265.0
10109590SILVAA_2026-03-30_G51,10109590SILVAA,2026-03-30,124247,1,5,0,86.0
10109590SILVAA_2026-03-30_G52,10109590SILVAA,2026-03-30,124247,1,4,0,33.0
10109590SILVAA_2026-03-30_G53,10109590SILVAA,2026-03-30,122673,1,4,0,309.0
10109590SILVAA_2026-03-30_G54,10109590SILVAA,2026-03-30,124624,1,4,0,118.0
10109590SILVAA_2026-03-30_G55,10109590SILVAA,2026-03-30,123345,2,24,26,288.0
10109590SILVAA_2026-03-30_G56,10109590SILVAA,2026-03-30,123343,1,4,0,476.0
10109590SILVAA_2026-03-31_G02,10109590SILVAA,2026-03-31,122962,1,24,0,260.0
10109590SILVAA_2026-03-31_G03,10109590SILVAA,2026-03-31,122647,1,14,0,154.0
10109590SILVAA_2026-03-31_G04,10109590SILVAA,2026-03-31,122671,1,8,0,119.0
10109590SILVAA_2026-03-31_G05,10109590SILVAA,2026-03-31,122962,1,2,0,187.0
10109590SILVAA_2026-03-31_G06,10109590SILVAA,2026-03-31,122647,1,12,0,148.0
10109590SILVAA_2026-03-31_G07,10109590SILVAA,2026-03-31,122671,1,4,0,100.0
10109590SILVAA_2026-03-31_G08,10109590SILVAA,2026-03-31,122647,1,40,0,564.0
10109590SILVAA_2026-03-31_G09,10109590SILVAA,2026-03-31,123909,1,10,0,64.0
10109590SILVAA_2026-03-31_G10,10109590SILVAA,2026-03-31,124582,1,72,0,591.0
10109590SILVAA_2026-03-31_G11,10109590SILVAA,2026-03-31,122185,1,18,0,189.0
10109590SILVAA_2026-03-31_G12,10109590SILVAA,2026-03-31,122673,1,1,0,274.0
10109590SILVAA_2026-03-31_G13,10109590SILVAA,2026-03-31,124475,1,4,0,265.0
10109590SILVAA_2026-03-31_G14,10109590SILVAA,2026-03-31,122962,1,12,0,75.0
10109590SILVAA_2026-03-31_G15,10109590SILVAA,2026-03-31,122647,1,4,0,66.0
10109590SILVAA_2026-03-31_G16,10109590SILVAA,2026-03-31,122647,1,40,0,482.0
10109590SILVAA_2026-03-31_G17,10109590SILVAA,2026-03-31,120389,1,10,0,62.0
10109590SILVAA_2026-03-31_G18,10109590SILVAA,2026-03-31,123343,1,2,0,198.0
10109590SILVAA_2026-03-31_G20,10109590SILVAA,2026-03-31,122984,1,10,0,49.0
10109590SILVAA_2026-03-31_G21,10109590SILVAA,2026-03-31,123889,1,50,0,1138.0
10109590SILVAA_2026-03-31_G22,10109590SILVAA,2026-03-31,122189,1,60,0,411.0
10109590SILVAA_2026-03-31_G23,10109590SILVAA,2026-03-31,122196,1,20,0,178.0
10109590SILVAA_2026-03-31_G24,10109590SILVAA,2026-03-31,124247,1,42,0,704.0
10109590SILVAA_2026-03-31_G25,10109590SILVAA,2026-03-31,124247,1,16,0,197.0
10109590SILVAA_2026-03-31_G26,10109590SILVAA,2026-03-31,124247,1,20,0,187.0
10109590SILVAA_2026-03-31_G27,10109590SILVAA,2026-03-31,124247,1,18,0,145.0
10109590SILVAA_2026-03-31_G28,10109590SILVAA,2026-03-31,122185,1,25,0,302.0
10109590SILVAA_2026-03-31_G29,10109590SILVAA,2026-03-31,124489,1,2,0,74.0
10109590SILVAA_2026-03-31_G30,10109590SILVAA,2026-03-31,123313,1,2,0,146.0
10109590SILVAA_2026-03-31_G31,10109590SILVAA,2026-03-31,123343,1,13,0,118.0
10109590SILVAA_2026-03-31_G34,10109590SILVAA,2026-03-31,122962,1,4,0,129.0
10109590SILVAA_2026-03-31_G35,10109590SILVAA,2026-03-31,124486,1,2,0,77.0
10109590SILVAA_2026-03-31_G36,10109590SILVAA,2026-03-31,120389,1,40,0,595.0
10109590SILVAA_2026-03-31_G37,10109590SILVAA,2026-03-31,120389,1,4,0,46.0
10109590SILVAA_2026-03-31_G38,10109590SILVAA,2026-03-31,123344,1,4,0,135.0
10109590SILVAA_2026-03-31_G39,10109590SILVAA,2026-03-31,180601,1,2,0,313.0
10109590SILVAA_2026-04-01_G02,10109590SILVAA,2026-04-01,123947,1,120,0,172.0
10109590SILVAA_2026-04-01_G03,10109590SILVAA,2026-04-01,123080,1,68,0,1444.0
10109590SILVAA_2026-04-06_G02,10109590SILVAA,2026-04-06,124484,1,160,0,1405.0
10109590SILVAA_2026-04-06_G03,10109590SILVAA,2026-04-06,122671,1,160,0,2516.0
10109590SILVAA_2026-04-06_G04,10109590SILVAA,2026-04-06,124486,1,41,0,593.0
10109590SILVAA_2026-04-06_G05,10109590SILVAA,2026-04-06,123344,1,200,0,880.0
10109590SILVAA_2026-04-06_G06,10109590SILVAA,2026-04-06,122962,1,60,0,643.0
10109590SILVAA_2026-04-06_G07,10109590SILVAA,2026-04-06,124487,1,150,0,1330.0
10109590SILVAA_2026-04-06_G08,10109590SILVAA,2026-04-06,124486,1,39,0,357.0
10109590SILVAA_2026-04-07_G02,10109590SILVAA,2026-04-07,120287,1,60,0,1216.0
10109590SILVAA_2026-04-07_G03,10109590SILVAA,2026-04-07,120389,1,10,0,454.0
10109590SILVAA_2026-04-07_G04,10109590SILVAA,2026-04-07,124475,1,12,0,171.0
10109590SILVAA_2026-04-07_G05,10109590SILVAA,2026-04-07,124484,1,10,0,149.0
10109590SILVAA_2026-04-07_G06,10109590SILVAA,2026-04-07,121760,1,20,0,371.0
10109590SILVAA_2026-04-07_G07,10109590SILVAA,2026-04-07,122671,1,4,0,72.0
10109590SILVAA_2026-04-07_G08,10109590SILVAA,2026-04-07,123343,1,5,0,791.0
10109590SILVAA_2026-04-07_G09,10109590SILVAA,2026-04-07,"123345, 123343",4,80,69,121.0
10109590SILVAA_2026-04-07_G10,10109590SILVAA,2026-04-07,180073,1,6,0,1929.0
10109590SILVAA_2026-04-07_G11,10109590SILVAA,2026-04-07,114647,1,4,0,179.0
10109590SILVAA_2026-04-08_G02,10109590SILVAA,2026-04-08,122988,1,2,0,130.0
10109590SILVAA_2026-04-08_G03,10109590SILVAA,2026-04-08,123909,1,3,0,79.0
10109590SILVAA_2026-04-08_G04,10109590SILVAA,2026-04-08,123344,1,3,0,174.0
10109590SILVAA_2026-04-08_G05,10109590SILVAA,2026-04-08,124475,1,4,0,147.0
10109590SILVAA_2026-04-08_G06,10109590SILVAA,2026-04-08,124370,1,8,0,194.0
10109590SILVAA_2026-04-08_G07,10109590SILVAA,2026-04-08,122982,1,20,0,385.0
10109590SILVAA_2026-04-08_G08,10109590SILVAA,2026-04-08,122647,1,12,0,210.0
10109590SILVAA_2026-04-08_G09,10109590SILVAA,2026-04-08,121760,1,6,0,141.0
10109590SILVAA_2026-04-08_G10,10109590SILVAA,2026-04-08,122962,1,12,0,557.0
10109591LIMAA_2025-01-02_G02,10109591LIMAA,2025-01-02,117786,1,97,0,702.0
10109591LIMAA_2025-01-02_G03,10109591LIMAA,2025-01-02,110752,1,11,0,366.0
10109591LIMAA_2025-01-02_G04,10109591LIMAA,2025-01-02,110752,1,450,0,3005.0
10109591LIMAA_2025-01-02_G05,10109591LIMAA,2025-01-02,110753,1,53,0,640.0
10109591LIMAA_2025-01-02_G06,10109591LIMAA,2025-01-02,117832,1,11,0,867.0
10109591LIMAA_2025-01-09_G02,10109591LIMAA,2025-01-09,108772,2,16,11,436.0
10109591LIMAA_2025-01-09_G03,10109591LIMAA,2025-01-09,110752,3,6,19,444.0
10109591LIMAA_2025-01-09_G04,10109591LIMAA,2025-01-09,117808,1,1,0,221.0
10109591LIMAA_2025-01-09_G05,10109591LIMAA,2025-01-09,110515,1,1,0,234.0
10109591LIMAA_2025-01-09_G06,10109591LIMAA,2025-01-09,118299,1,4,0,64.0
10109591LIMAA_2025-01-09_G07,10109591LIMAA,2025-01-09,110030,1,1,0,1376.0
10109591LIMAA_2025-01-09_G08,10109591LIMAA,2025-01-09,110582,1,8,0,135.0
10109591LIMAA_2025-01-09_G09,10109591LIMAA,2025-01-09,111850,1,4,0,45.0
10109591LIMAA_2025-01-09_G10,10109591LIMAA,2025-01-09,103149,1,1,0,170.0
10109591LIMAA_2025-01-09_G11,10109591LIMAA,2025-01-09,103148,1,2,0,76.0
10109591LIMAA_2025-01-09_G12,10109591LIMAA,2025-01-09,111530,1,8,0,276.0
10109591LIMAA_2025-01-09_G13,10109591LIMAA,2025-01-09,117856,1,4,0,703.0
10109591LIMAA_2025-01-09_G14,10109591LIMAA,2025-01-09,"101217, 108772",2,13,26,307.0
10109591LIMAA_2025-01-09_G15,10109591LIMAA,2025-01-09,110711,1,4,0,351.0
10109591LIMAA_2025-01-09_G16,10109591LIMAA,2025-01-09,110741,1,4,0,74.0
10109591LIMAA_2025-01-09_G17,10109591LIMAA,2025-01-09,117808,1,4,0,145.0
10109591LIMAA_2025-01-09_G18,10109591LIMAA,2025-01-09,117840,1,1,0,252.0
10109591LIMAA_2025-01-09_G19,10109591LIMAA,2025-01-09,117809,1,2,0,73.0
10109591LIMAA_2025-01-09_G20,10109591LIMAA,2025-01-09,110372,1,4,0,50.0
10109591LIMAA_2025-01-09_G21,10109591LIMAA,2025-01-09,118299,1,8,0,250.0
10109591LIMAA_2025-01-09_G22,10109591LIMAA,2025-01-09,110371,1,2,0,86.0
10109591LIMAA_2025-01-09_G23,10109591LIMAA,2025-01-09,110841,1,1,0,366.0
10109591LIMAA_2025-01-09_G24,10109591LIMAA,2025-01-09,109974,1,3,0,145.0
10109591LIMAA_2025-01-09_G25,10109591LIMAA,2025-01-09,110500,1,3,0,120.0
10109591LIMAA_2025-01-09_G26,10109591LIMAA,2025-01-09,117821,1,5,0,236.0
10109591LIMAA_2025-01-09_G27,10109591LIMAA,2025-01-09,111532,1,17,0,228.0
10109591LIMAA_2025-01-09_G28,10109591LIMAA,2025-01-09,"110740, 111468",2,11,30,254.0
10109591LIMAA_2025-01-09_G29,10109591LIMAA,2025-01-09,110787,1,6,0,111.0
10109591LIMAA_2025-01-09_G30,10109591LIMAA,2025-01-09,111418,1,14,0,141.0
10109591LIMAA_2025-01-09_G31,10109591LIMAA,2025-01-09,108798,1,2,0,106.0
10109591LIMAA_2025-01-09_G32,10109591LIMAA,2025-01-09,108795,1,2,0,48.0
10109591LIMAA_2025-01-09_G33,10109591LIMAA,2025-01-09,117833,1,3,0,48.0
10109591LIMAA_2025-01-09_G34,10109591LIMAA,2025-01-09,108711,1,8,0,193.0
10109591LIMAA_2025-01-09_G35,10109591LIMAA,2025-01-09,110895,1,3,0,348.0
10109591LIMAA_2025-01-09_G36,10109591LIMAA,2025-01-09,117831,1,12,0,214.0
10109591LIMAA_2025-01-09_G37,10109591LIMAA,2025-01-09,111463,1,8,0,124.0
10109591LIMAA_2025-01-09_G38,10109591LIMAA,2025-01-09,118299,1,4,0,75.0
10109591LIMAA_2025-01-09_G39,10109591LIMAA,2025-01-09,110895,1,4,0,167.0
10109591LIMAA_2025-01-09_G40,10109591LIMAA,2025-01-09,111532,1,12,0,66.0
10109591LIMAA_2025-01-09_G41,10109591LIMAA,2025-01-09,118299,1,20,0,371.0
10109591LIMAA_2025-01-09_G42,10109591LIMAA,2025-01-09,118094,1,12,0,1633.0
10109591LIMAA_2025-01-09_G43,10109591LIMAA,2025-01-09,111602,1,12,0,90.0
10109591LIMAA_2025-01-09_G44,10109591LIMAA,2025-01-09,108711,1,4,0,245.0
10109591LIMAA_2025-01-09_G45,10109591LIMAA,2025-01-09,111530,1,4,0,906.0
10109591LIMAA_2025-01-09_G46,10109591LIMAA,2025-01-09,117861,1,3,0,169.0
10109591LIMAA_2025-01-09_G47,10109591LIMAA,2025-01-09,111602,1,5,0,53.0
10109591LIMAA_2025-01-09_G48,10109591LIMAA,2025-01-09,108772,1,2,0,89.0
10109591LIMAA_2025-01-09_G49,10109591LIMAA,2025-01-09,111418,1,3,0,131.0
10109591LIMAA_2025-01-09_G50,10109591LIMAA,2025-01-09,110751,1,2,0,153.0
10109591LIMAA_2025-01-09_G51,10109591LIMAA,2025-01-09,109747,1,4,0,239.0
10109591LIMAA_2025-01-09_G52,10109591LIMAA,2025-01-09,110372,1,4,0,102.0
10109591LIMAA_2025-01-09_G53,10109591LIMAA,2025-01-09,"117862, 117832",2,7,25,63.0
10109591LIMAA_2025-01-09_G54,10109591LIMAA,2025-01-09,110375,1,4,0,43.0
10109591LIMAA_2025-01-09_G55,10109591LIMAA,2025-01-09,117830,1,2,0,79.0
10109591LIMAA_2025-01-09_G56,10109591LIMAA,2025-01-09,111850,1,4,0,388.0
10109591LIMAA_2025-01-09_G57,10109591LIMAA,2025-01-09,111569,1,4,0,179.0
10109591LIMAA_2025-01-09_G58,10109591LIMAA,2025-01-09,110733,1,1,0,182.0
10109591LIMAA_2025-01-09_G59,10109591LIMAA,2025-01-09,108794,1,3,0,148.0
10109591LIMAA_2025-01-09_G60,10109591LIMAA,2025-01-09,107236,1,4,0,127.0
10109591LIMAA_2025-01-09_G61,10109591LIMAA,2025-01-09,110751,1,4,0,65.0
10109591LIMAA_2025-01-09_G62,10109591LIMAA,2025-01-09,117833,1,1,0,84.0
10109591LIMAA_2025-01-09_G63,10109591LIMAA,2025-01-09,117785,1,4,0,316.0
10109591LIMAA_2025-01-09_G64,10109591LIMAA,2025-01-09,111172,1,2,0,107.0
10109591LIMAA_2025-01-09_G65,10109591LIMAA,2025-01-09,110372,1,6,0,176.0
10109591LIMAA_2025-01-09_G66,10109591LIMAA,2025-01-09,111530,1,1,0,1013.0
10109591LIMAA_2025-01-09_G67,10109591LIMAA,2025-01-09,117861,1,3,0,36.0
10109591LIMAA_2025-01-09_G68,10109591LIMAA,2025-01-09,111602,1,4,0,40.0
10109591LIMAA_2025-01-09_G69,10109591LIMAA,2025-01-09,110515,1,3,0,135.0
10109591LIMAA_2025-01-09_G70,10109591LIMAA,2025-01-09,110733,1,4,0,71.0
10109591LIMAA_2025-01-09_G72,10109591LIMAA,2025-01-09,117833,1,1,0,73.0
10109591LIMAA_2025-01-09_G73,10109591LIMAA,2025-01-09,111465,1,1,0,101.0
10109591LIMAA_2025-01-09_G74,10109591LIMAA,2025-01-09,"111462, 111172",2,10,23,54.0
10109591LIMAA_2025-01-09_G75,10109591LIMAA,2025-01-09,109643,1,2,0,114.0
10109591LIMAA_2025-01-09_G76,10109591LIMAA,2025-01-09,110372,1,16,0,63.0
10109591LIMAA_2025-01-09_G77,10109591LIMAA,2025-01-09,117832,1,4,0,120.0
10109591LIMAA_2025-01-09_G78,10109591LIMAA,2025-01-09,110371,1,3,0,32.0
10109591LIMAA_2025-01-09_G79,10109591LIMAA,2025-01-09,117830,1,6,0,55.0
10109591LIMAA_2025-01-09_G80,10109591LIMAA,2025-01-09,117836,1,2,0,346.0
10109591LIMAA_2025-01-09_G81,10109591LIMAA,2025-01-09,117820,1,10,0,97.0
10109591LIMAA_2025-01-09_G82,10109591LIMAA,2025-01-09,118298,1,2,0,116.0
10109591LIMAA_2025-01-09_G83,10109591LIMAA,2025-01-09,109643,1,4,0,39.0
10109591LIMAA_2025-01-09_G84,10109591LIMAA,2025-01-09,110372,1,6,0,111.0
10109591LIMAA_2025-01-09_G85,10109591LIMAA,2025-01-09,117832,1,2,0,63.0
10109591LIMAA_2025-01-09_G86,10109591LIMAA,2025-01-09,111463,1,2,0,55.0
10109591LIMAA_2025-01-09_G87,10109591LIMAA,2025-01-09,117785,1,4,0,117.0
10109591LIMAA_2025-01-09_G88,10109591LIMAA,2025-01-09,110742,1,2,0,698.0
10109591LIMAA_2025-01-09_G89,10109591LIMAA,2025-01-09,110515,1,8,0,193.0
10109591LIMAA_2025-01-09_G90,10109591LIMAA,2025-01-09,117831,1,6,0,111.0
10109591LIMAA_2025-01-09_G91,10109591LIMAA,2025-01-09,108711,1,4,0,326.0
10109591LIMAA_2025-01-09_G92,10109591LIMAA,2025-01-09,"111743, 109645",2,10,10,72.0
10109591LIMAA_2025-01-09_G93,10109591LIMAA,2025-01-09,117830,1,12,0,87.0
10109591LIMAA_2025-01-09_G94,10109591LIMAA,2025-01-09,117820,1,28,0,157.0
10109591LIMAA_2025-01-09_G95,10109591LIMAA,2025-01-09,141047,1,4,0,529.0
10109591LIMAA_2025-01-09_G96,10109591LIMAA,2025-01-09,111463,1,12,0,259.0
10109591LIMAA_2025-01-09_G97,10109591LIMAA,2025-01-09,117830,1,8,0,59.0
10109591LIMAA_2025-01-09_G98,10109591LIMAA,2025-01-09,117855,1,4,0,122.0
10109591LIMAA_2025-01-09_G99,10109591LIMAA,2025-01-09,111441,1,2,0,94.0
10109591LIMAA_2025-01-10_G02,10109591LIMAA,2025-01-10,117853,1,4,0,151.0
10109591LIMAA_2025-01-10_G03,10109591LIMAA,2025-01-10,111467,1,4,0,90.0
10109591LIMAA_2025-01-10_G04,10109591LIMAA,2025-01-10,111602,1,5,0,103.0
10109591LIMAA_2025-01-10_G05,10109591LIMAA,2025-01-10,110515,1,6,0,237.0
10109591LIMAA_2025-01-10_G06,10109591LIMAA,2025-01-10,141047,1,4,0,122.0
10109591LIMAA_2025-01-10_G07,10109591LIMAA,2025-01-10,110711,1,1,0,101.0
10109591LIMAA_2025-01-10_G08,10109591LIMAA,2025-01-10,108794,1,4,0,183.0
10109591LIMAA_2025-01-10_G09,10109591LIMAA,2025-01-10,111468,1,5,0,235.0
10109591LIMAA_2025-01-10_G10,10109591LIMAA,2025-01-10,110787,1,8,0,130.0
10109591LIMAA_2025-01-10_G11,10109591LIMAA,2025-01-10,111348,1,6,0,1340.0
10109591LIMAA_2025-01-10_G12,10109591LIMAA,2025-01-10,117833,1,6,0,173.0
10109591LIMAA_2025-01-10_G13,10109591LIMAA,2025-01-10,108711,1,4,0,37.0
10109591LIMAA_2025-01-10_G14,10109591LIMAA,2025-01-10,111463,1,12,0,82.0
10109591LIMAA_2025-01-10_G15,10109591LIMAA,2025-01-10,111172,1,3,0,185.0
10109591LIMAA_2025-01-10_G16,10109591LIMAA,2025-01-10,117838,1,3,0,598.0
10109591LIMAA_2025-01-10_G17,10109591LIMAA,2025-01-10,117808,1,12,0,126.0
10109591LIMAA_2025-01-10_G18,10109591LIMAA,2025-01-10,"117809, 107830",2,12,22,273.0
10109591LIMAA_2025-01-10_G19,10109591LIMAA,2025-01-10,110371,1,6,0,68.0
10109591LIMAA_2025-01-10_G20,10109591LIMAA,2025-01-10,109974,1,4,0,467.0
10109591LIMAA_2025-01-10_G21,10109591LIMAA,2025-01-10,110500,1,4,0,321.0
10109591LIMAA_2025-01-10_G22,10109591LIMAA,2025-01-10,110064,1,2,0,109.0
10109591LIMAA_2025-01-10_G23,10109591LIMAA,2025-01-10,118299,1,2,0,116.0
10109591LIMAA_2025-01-10_G24,10109591LIMAA,2025-01-10,118299,1,8,0,122.0
10109591LIMAA_2025-01-10_G25,10109591LIMAA,2025-01-10,111463,1,4,0,106.0
10109591LIMAA_2025-01-10_G26,10109591LIMAA,2025-01-10,108711,1,2,0,99.0
10109591LIMAA_2025-01-10_G27,10109591LIMAA,2025-01-10,117808,1,8,0,64.0
10109591LIMAA_2025-01-10_G28,10109591LIMAA,2025-01-10,117855,1,2,0,1206.0
10109591LIMAA_2025-01-10_G29,10109591LIMAA,2025-01-10,108711,1,3,0,168.0
10109591LIMAA_2025-01-10_G30,10109591LIMAA,2025-01-10,117808,1,23,0,81.0
10109591LIMAA_2025-01-10_G31,10109591LIMAA,2025-01-10,"117832, 117830",2,5,16,172.0
10109591LIMAA_2025-01-10_G32,10109591LIMAA,2025-01-10,108798,1,4,0,146.0
10109591LIMAA_2025-01-10_G33,10109591LIMAA,2025-01-10,117808,4,160,47,686.0
10109591LIMAA_2025-01-10_G34,10109591LIMAA,2025-01-10,117809,1,8,0,420.0
10109591LIMAA_2025-01-10_G35,10109591LIMAA,2025-01-10,118299,1,37,0,107.0
10109591LIMAA_2025-01-10_G36,10109591LIMAA,2025-01-10,110375,1,12,0,178.0
10109591LIMAA_2025-01-10_G37,10109591LIMAA,2025-01-10,117830,1,15,0,316.0
10109591LIMAA_2025-01-10_G38,10109591LIMAA,2025-01-10,111468,1,6,0,95.0
10109591LIMAA_2025-01-10_G39,10109591LIMAA,2025-01-10,108798,1,4,0,88.0
10109591LIMAA_2025-01-10_G40,10109591LIMAA,2025-01-10,"108795, 117833",2,10,9,64.0
10109591LIMAA_2025-01-10_G41,10109591LIMAA,2025-01-10,140922,1,9,0,68.0
10109591LIMAA_2025-01-10_G42,10109591LIMAA,2025-01-10,117808,1,3,0,455.0
10109591LIMAA_2025-01-10_G43,10109591LIMAA,2025-01-10,118299,2,14,6,277.0
10109591LIMAA_2025-01-10_G44,10109591LIMAA,2025-01-10,108711,1,6,0,234.0
10109591LIMAA_2025-01-10_G45,10109591LIMAA,2025-01-10,117808,1,44,0,360.0
10109591LIMAA_2025-01-10_G46,10109591LIMAA,2025-01-10,111435,1,5,0,715.0
10109591LIMAA_2025-01-10_G47,10109591LIMAA,2025-01-10,108794,2,22,7,86.0
10109591LIMAA_2025-01-10_G48,10109591LIMAA,2025-01-10,111443,1,4,0,113.0
10109591LIMAA_2025-01-10_G49,10109591LIMAA,2025-01-10,117821,1,20,0,110.0
10109591LIMAA_2025-01-10_G50,10109591LIMAA,2025-01-10,111433,1,10,0,185.0
10109591LIMAA_2025-01-10_G51,10109591LIMAA,2025-01-10,117831,2,12,6,105.0
10109591LIMAA_2025-01-10_G52,10109591LIMAA,2025-01-10,111418,1,120,0,649.0
10109591LIMAA_2025-01-10_G53,10109591LIMAA,2025-01-10,108795,1,4,0,645.0
10109591LIMAA_2025-01-10_G54,10109591LIMAA,2025-01-10,108711,1,10,0,174.0
10109591LIMAA_2025-01-10_G55,10109591LIMAA,2025-01-10,111172,1,6,0,202.0
10109591LIMAA_2025-01-10_G56,10109591LIMAA,2025-01-10,117838,1,8,0,31.0
10109591LIMAA_2025-01-10_G57,10109591LIMAA,2025-01-10,111442,1,20,0,125.0
10109591LIMAA_2025-01-10_G58,10109591LIMAA,2025-01-10,117830,1,20,0,156.0
10109591LIMAA_2025-01-10_G59,10109591LIMAA,2025-01-10,117808,1,200,0,1081.0
10109591LIMAA_2025-01-10_G61,10109591LIMAA,2025-01-10,111530,2,4,6,302.0
10109591LIMAA_2025-01-10_G62,10109591LIMAA,2025-01-10,110752,1,4,0,158.0
10109591LIMAA_2025-01-10_G63,10109591LIMAA,2025-01-10,141047,1,1,0,106.0
10109591LIMAA_2025-01-10_G64,10109591LIMAA,2025-01-10,110740,1,4,0,192.0
10109591LIMAA_2025-01-10_G65,10109591LIMAA,2025-01-10,117820,1,1,0,92.0
10109591LIMAA_2025-01-10_G66,10109591LIMAA,2025-01-10,111530,2,8,7,273.0
10109591LIMAA_2025-01-10_G67,10109591LIMAA,2025-01-10,111602,1,1,0,147.0
10109591LIMAA_2025-01-10_G68,10109591LIMAA,2025-01-10,110740,1,2,0,172.0
10109591LIMAA_2025-01-10_G69,10109591LIMAA,2025-01-10,111463,1,5,0,142.0
10109591LIMAA_2025-01-10_G70,10109591LIMAA,2025-01-10,111463,1,1,0,60.0
10109591LIMAA_2025-01-10_G71,10109591LIMAA,2025-01-10,117820,1,2,0,110.0
10109591LIMAA_2025-01-10_G72,10109591LIMAA,2025-01-10,117830,1,3,0,157.0
10109591LIMAA_2025-01-10_G73,10109591LIMAA,2025-01-10,111441,1,20,0,204.0
10109591LIMAA_2025-01-10_G74,10109591LIMAA,2025-01-10,118222,1,8,0,692.0
10109591LIMAA_2025-01-10_G75,10109591LIMAA,2025-01-10,111443,1,10,0,205.0
10109591LIMAA_2025-01-10_G76,10109591LIMAA,2025-01-10,110740,1,16,0,198.0
10109591LIMAA_2025-01-10_G77,10109591LIMAA,2025-01-10,117785,1,5,0,97.0
10109591LIMAA_2025-01-10_G78,10109591LIMAA,2025-01-10,110756,1,15,0,515.0
10109591LIMAA_2025-01-10_G79,10109591LIMAA,2025-01-10,110515,1,32,0,161.0
10109591LIMAA_2025-01-10_G80,10109591LIMAA,2025-01-10,110733,1,10,0,240.0
10109591LIMAA_2025-01-10_G81,10109591LIMAA,2025-01-10,108794,1,62,0,220.0
10109591LIMAA_2025-01-10_G82,10109591LIMAA,2025-01-10,107236,1,56,0,370.0
10109591LIMAA_2025-01-10_G83,10109591LIMAA,2025-01-10,110740,1,96,0,467.0
10109591LIMAA_2025-01-10_G84,10109591LIMAA,2025-01-10,111418,1,20,0,219.0
10109591LIMAA_2025-01-10_G85,10109591LIMAA,2025-01-10,111348,1,10,0,113.0
10109591LIMAA_2025-01-10_G86,10109591LIMAA,2025-01-10,"118330, 111462",2,32,19,257.0
10109591LIMAA_2025-01-10_G87,10109591LIMAA,2025-01-10,110745,1,4,0,82.0
10109591LIMAA_2025-01-11_G02,10109591LIMAA,2025-01-11,118094,1,4,0,97.0
10109591LIMAA_2025-01-11_G03,10109591LIMAA,2025-01-11,117786,1,10,0,120.0
10109591LIMAA_2025-01-11_G04,10109591LIMAA,2025-01-11,110515,1,11,0,95.0
10109591LIMAA_2025-01-11_G05,10109591LIMAA,2025-01-11,117965,1,4,0,151.0
10109591LIMAA_2025-01-11_G06,10109591LIMAA,2025-01-11,110733,1,5,0,115.0
10109591LIMAA_2025-01-11_G07,10109591LIMAA,2025-01-11,110711,1,3,0,210.0
10109591LIMAA_2025-01-11_G08,10109591LIMAA,2025-01-11,117862,1,8,0,600.0
10109591LIMAA_2025-01-11_G09,10109591LIMAA,2025-01-11,111530,1,37,0,565.0
10109591LIMAA_2025-01-11_G10,10109591LIMAA,2025-01-11,110313,1,4,0,580.0
10109591LIMAA_2025-01-11_G11,10109591LIMAA,2025-01-11,117856,1,6,0,120.0
10109591LIMAA_2025-01-11_G12,10109591LIMAA,2025-01-11,118317,1,2,0,234.0
10109591LIMAA_2025-01-11_G13,10109591LIMAA,2025-01-11,108794,1,2,0,86.0
10109591LIMAA_2025-01-11_G14,10109591LIMAA,2025-01-11,117821,1,10,0,118.0
10109591LIMAA_2025-01-11_G15,10109591LIMAA,2025-01-11,118140,1,4,0,69.0
10109591LIMAA_2025-01-11_G16,10109591LIMAA,2025-01-11,110740,1,4,0,679.0
10109591LIMAA_2025-01-11_G17,10109591LIMAA,2025-01-11,111468,1,10,0,58.0
10109591LIMAA_2025-01-11_G18,10109591LIMAA,2025-01-11,110787,1,4,0,336.0
10109591LIMAA_2025-01-11_G19,10109591LIMAA,2025-01-11,111418,1,120,0,473.0
10109591LIMAA_2025-01-11_G20,10109591LIMAA,2025-01-11,"105705, 108711",2,4,18,459.0
10109591LIMAA_2025-01-11_G21,10109591LIMAA,2025-01-11,117785,1,35,0,187.0
10109591LIMAA_2025-01-11_G22,10109591LIMAA,2025-01-11,"111462, 111463",2,14,7,392.0
10109591LIMAA_2025-01-11_G23,10109591LIMAA,2025-01-11,111172,1,4,0,61.0
10109591LIMAA_2025-01-14_G02,10109591LIMAA,2025-01-14,111530,1,20,0,104.0
10109591LIMAA_2025-01-14_G03,10109591LIMAA,2025-01-14,118298,1,8,0,223.0
10109591LIMAA_2025-01-14_G04,10109591LIMAA,2025-01-14,108772,1,2,0,219.0
10109591LIMAA_2025-01-14_G05,10109591LIMAA,2025-01-14,117788,1,10,0,114.0
10109591LIMAA_2025-01-14_G06,10109591LIMAA,2025-01-14,110711,1,10,0,374.0
10109591LIMAA_2025-01-14_G07,10109591LIMAA,2025-01-14,117842,1,9,0,670.0
10109591LIMAA_2025-01-14_G08,10109591LIMAA,2025-01-14,110129,1,20,0,308.0
10109591LIMAA_2025-01-14_G09,10109591LIMAA,2025-01-14,111443,1,3,0,115.0
10109591LIMAA_2025-01-14_G10,10109591LIMAA,2025-01-14,110751,1,20,0,953.0
10109591LIMAA_2025-01-14_G11,10109591LIMAA,2025-01-14,110748,1,4,0,211.0
10109591LIMAA_2025-01-14_G12,10109591LIMAA,2025-01-14,111466,1,10,0,115.0
10109591LIMAA_2025-01-14_G13,10109591LIMAA,2025-01-14,111462,1,20,0,151.0
10109591LIMAA_2025-01-14_G14,10109591LIMAA,2025-01-14,108794,1,56,0,700.0
10109591LIMAA_2025-01-14_G15,10109591LIMAA,2025-01-14,117821,1,40,0,1294.0
10109591LIMAA_2025-01-14_G17,10109591LIMAA,2025-01-14,111444,1,4,0,117.0
10109591LIMAA_2025-01-14_G18,10109591LIMAA,2025-01-14,109645,1,4,0,158.0
10109591LIMAA_2025-01-14_G19,10109591LIMAA,2025-01-14,117820,1,50,0,476.0
10109591LIMAA_2025-01-14_G20,10109591LIMAA,2025-01-14,117835,1,4,0,1067.0
10109591LIMAA_2025-01-14_G21,10109591LIMAA,2025-01-14,100334,1,4,0,399.0
10109591LIMAA_2025-01-14_G22,10109591LIMAA,2025-01-14,110755,1,15,0,149.0
10109591LIMAA_2025-01-14_G23,10109591LIMAA,2025-01-14,110742,1,6,0,200.0
10109591LIMAA_2025-01-14_G24,10109591LIMAA,2025-01-14,118094,1,8,0,241.0
10109591LIMAA_2025-01-14_G25,10109591LIMAA,2025-01-14,110339,1,3,0,142.0
10109591LIMAA_2025-01-14_G26,10109591LIMAA,2025-01-14,110313,1,6,0,488.0
10109591LIMAA_2025-01-14_G27,10109591LIMAA,2025-01-14,140922,1,12,0,189.0
10109591LIMAA_2025-01-14_G28,10109591LIMAA,2025-01-14,117785,1,27,0,196.0
10109591LIMAA_2025-01-14_G29,10109591LIMAA,2025-01-14,100334,1,4,0,2116.0
10109591LIMAA_2025-01-14_G30,10109591LIMAA,2025-01-14,110755,1,7,0,183.0
10109591LIMAA_2025-01-14_G31,10109591LIMAA,2025-01-14,110742,1,6,0,99.0
10109591LIMAA_2025-01-14_G32,10109591LIMAA,2025-01-14,111430,1,8,0,356.0
10109591LIMAA_2025-01-14_G33,10109591LIMAA,2025-01-14,117835,1,18,0,291.0
10109591LIMAA_2025-01-14_G34,10109591LIMAA,2025-01-14,110747,1,4,0,227.0
10109591LIMAA_2025-01-14_G35,10109591LIMAA,2025-01-14,116527,2,6,11,99.0
10109591LIMAA_2025-01-14_G36,10109591LIMAA,2025-01-14,141047,2,6,11,165.0
10109591LIMAA_2025-01-14_G37,10109591LIMAA,2025-01-14,111430,1,26,0,725.0
10109591LIMAA_2025-01-14_G38,10109591LIMAA,2025-01-14,111182,1,3,0,230.0
10109591LIMAA_2025-01-14_G39,10109591LIMAA,2025-01-14,108794,1,4,0,103.0
10109591LIMAA_2025-01-14_G40,10109591LIMAA,2025-01-14,110787,1,2,0,234.0
10109591LIMAA_2025-01-14_G41,10109591LIMAA,2025-01-14,140922,1,12,0,107.0
10109591LIMAA_2025-01-14_G42,10109591LIMAA,2025-01-14,140922,1,2,0,148.0
10109591LIMAA_2025-01-14_G43,10109591LIMAA,2025-01-14,118299,1,46,0,835.0
10109591LIMAA_2025-01-14_G44,10109591LIMAA,2025-01-14,111439,1,8,0,448.0
10109591LIMAA_2025-01-14_G45,10109591LIMAA,2025-01-14,117820,1,40,0,605.0
10109591LIMAA_2025-01-14_G46,10109591LIMAA,2025-01-14,110747,1,8,0,406.0
10109591LIMAA_2025-01-14_G47,10109591LIMAA,2025-01-14,110339,2,14,10,274.0
10109591LIMAA_2025-01-14_G48,10109591LIMAA,2025-01-14,110313,1,5,0,118.0
10109591LIMAA_2025-01-14_G49,10109591LIMAA,2025-01-14,118094,1,4,0,206.0
10109591LIMAA_2025-01-14_G50,10109591LIMAA,2025-01-14,111444,1,6,0,145.0
10109591LIMAA_2025-01-14_G51,10109591LIMAA,2025-01-14,111446,1,5,0,134.0
10109591LIMAA_2025-01-14_G52,10109591LIMAA,2025-01-14,110740,1,2,0,366.0
10109591LIMAA_2025-01-14_G53,10109591LIMAA,2025-01-14,109645,1,1,0,79.0
10109591LIMAA_2025-01-14_G54,10109591LIMAA,2025-01-14,140922,1,7,0,123.0
10109591LIMAA_2025-01-15_G02,10109591LIMAA,2025-01-15,111850,2,10,16,87.0
10109591LIMAA_2025-01-15_G03,10109591LIMAA,2025-01-15,118306,2,9,8,295.0
10109591LIMAA_2025-01-15_G04,10109591LIMAA,2025-01-15,117842,2,5,15,370.0
10109591LIMAA_2025-01-15_G05,10109591LIMAA,2025-01-15,111435,2,9,17,493.0
10109591LIMAA_2025-01-15_G06,10109591LIMAA,2025-01-15,108794,1,10,0,135.0
10109591LIMAA_2025-01-15_G07,10109591LIMAA,2025-01-15,110129,1,10,0,108.0
10109591LIMAA_2025-01-15_G08,10109591LIMAA,2025-01-15,117821,2,12,8,170.0
10109591LIMAA_2025-01-15_G09,10109591LIMAA,2025-01-15,109641,1,4,0,152.0
10109591LIMAA_2025-01-15_G10,10109591LIMAA,2025-01-15,110787,1,4,0,80.0
10109591LIMAA_2025-01-15_G11,10109591LIMAA,2025-01-15,110787,1,10,0,36.0
10109591LIMAA_2025-01-15_G12,10109591LIMAA,2025-01-15,117831,1,1,0,318.0
10109591LIMAA_2025-01-15_G13,10109591LIMAA,2025-01-15,109645,1,4,0,38.0
10109591LIMAA_2025-01-15_G14,10109591LIMAA,2025-01-15,116241,1,10,0,77.0
10109591LIMAA_2025-01-15_G15,10109591LIMAA,2025-01-15,117785,1,20,0,218.0
10109591LIMAA_2025-01-15_G16,10109591LIMAA,2025-01-15,111462,2,28,21,322.0
10109591LIMAA_2025-01-15_G17,10109591LIMAA,2025-01-15,111462,1,10,0,367.0
10109591LIMAA_2025-01-15_G18,10109591LIMAA,2025-01-15,117830,3,36,22,472.0
10109591LIMAA_2025-01-15_G19,10109591LIMAA,2025-01-15,117820,5,85,58,186.0
10109591LIMAA_2025-01-15_G20,10109591LIMAA,2025-01-15,117832,2,12,15,485.0
10109591LIMAA_2025-01-15_G21,10109591LIMAA,2025-01-15,117809,1,30,0,167.0
10109591LIMAA_2025-01-15_G22,10109591LIMAA,2025-01-15,117809,1,15,0,806.0
10109591LIMAA_2025-01-15_G23,10109591LIMAA,2025-01-15,107830,2,16,17,87.0
10109591LIMAA_2025-01-15_G24,10109591LIMAA,2025-01-15,117808,2,116,6,220.0
10109591LIMAA_2025-01-15_G25,10109591LIMAA,2025-01-15,111418,1,40,0,1001.0
10109591LIMAA_2025-01-15_G27,10109591LIMAA,2025-01-15,110740,1,2,0,187.0
10109591LIMAA_2025-01-15_G28,10109591LIMAA,2025-01-15,117831,1,3,0,56.0
10109591LIMAA_2025-01-15_G29,10109591LIMAA,2025-01-15,108798,1,1,0,75.0
10109591LIMAA_2025-01-15_G30,10109591LIMAA,2025-01-15,108795,1,3,0,95.0
10109591LIMAA_2025-01-15_G31,10109591LIMAA,2025-01-15,117785,1,2,0,68.0
10109591LIMAA_2025-01-15_G32,10109591LIMAA,2025-01-15,109641,1,8,0,596.0
10109591LIMAA_2025-01-15_G33,10109591LIMAA,2025-01-15,108711,1,4,0,302.0
10109591LIMAA_2025-01-15_G34,10109591LIMAA,2025-01-15,110313,1,6,0,248.0
10109591LIMAA_2025-01-15_G35,10109591LIMAA,2025-01-15,111463,1,1,0,271.0
10109591LIMAA_2025-01-15_G36,10109591LIMAA,2025-01-15,140922,1,4,0,143.0
10109591LIMAA_2025-01-15_G37,10109591LIMAA,2025-01-15,108794,1,4,0,454.0
10109591LIMAA_2025-01-15_G38,10109591LIMAA,2025-01-15,118140,1,8,0,51.0
10109591LIMAA_2025-01-15_G39,10109591LIMAA,2025-01-15,110787,1,6,0,117.0
10109591LIMAA_2025-01-15_G40,10109591LIMAA,2025-01-15,117833,1,4,0,146.0
10109591LIMAA_2025-01-15_G41,10109591LIMAA,2025-01-15,140922,1,4,0,103.0
10109591LIMAA_2025-01-15_G42,10109591LIMAA,2025-01-15,111743,1,2,0,68.0
10109591LIMAA_2025-01-15_G43,10109591LIMAA,2025-01-15,111465,1,1,0,36.0
10109591LIMAA_2025-01-15_G44,10109591LIMAA,2025-01-15,110743,1,4,0,275.0
10109591LIMAA_2025-01-15_G45,10109591LIMAA,2025-01-15,111462,1,4,0,303.0
10109591LIMAA_2025-01-15_G46,10109591LIMAA,2025-01-15,111172,1,6,0,194.0
10109591LIMAA_2025-01-15_G47,10109591LIMAA,2025-01-15,111418,1,4,0,134.0
10109591LIMAA_2025-01-15_G48,10109591LIMAA,2025-01-15,117830,1,4,0,121.0
10109591LIMAA_2025-01-15_G49,10109591LIMAA,2025-01-15,110371,1,8,0,409.0
10109591LIMAA_2025-01-15_G50,10109591LIMAA,2025-01-15,110372,1,2,0,82.0
10109591LIMAA_2025-01-15_G51,10109591LIMAA,2025-01-15,117832,1,4,0,999.0
10109591LIMAA_2025-01-15_G52,10109591LIMAA,2025-01-15,108794,1,8,0,230.0
10109591LIMAA_2025-01-15_G53,10109591LIMAA,2025-01-15,110787,1,4,0,119.0
10109591LIMAA_2025-01-15_G54,10109591LIMAA,2025-01-15,117787,1,4,0,179.0
10109591LIMAA_2025-01-15_G55,10109591LIMAA,2025-01-15,117785,1,6,0,108.0
10109591LIMAA_2025-01-15_G56,10109591LIMAA,2025-01-15,111418,1,4,0,90.0
10109591LIMAA_2025-01-15_G57,10109591LIMAA,2025-01-15,111463,1,6,0,63.0
10109591LIMAA_2025-01-15_G58,10109591LIMAA,2025-01-15,117838,1,4,0,70.0
10109591LIMAA_2025-01-15_G59,10109591LIMAA,2025-01-15,111468,1,7,0,355.0
10109591LIMAA_2025-01-15_G60,10109591LIMAA,2025-01-15,110313,1,4,0,300.0
10109591LIMAA_2025-01-15_G61,10109591LIMAA,2025-01-15,111650,1,3,0,36.0
10109591LIMAA_2025-01-15_G62,10109591LIMAA,2025-01-15,118094,1,8,0,120.0
10109591LIMAA_2025-01-15_G63,10109591LIMAA,2025-01-15,110515,1,10,0,178.0
10109591LIMAA_2025-01-15_G64,10109591LIMAA,2025-01-15,117965,1,2,0,107.0
10109591LIMAA_2025-01-15_G65,10109591LIMAA,2025-01-15,"110711, 110741",2,5,25,122.0
10109591LIMAA_2025-01-15_G66,10109591LIMAA,2025-01-15,111353,1,4,0,256.0
10109591LIMAA_2025-01-15_G67,10109591LIMAA,2025-01-15,109648,1,17,0,358.0
10109591LIMAA_2025-01-15_G68,10109591LIMAA,2025-01-15,111182,1,8,0,283.0
10109591LIMAA_2025-01-15_G69,10109591LIMAA,2025-01-15,105705,1,8,0,171.0
10109591LIMAA_2025-01-15_G70,10109591LIMAA,2025-01-15,140922,3,74,40,198.0
10109591LIMAA_2025-01-15_G71,10109591LIMAA,2025-01-15,110733,1,57,0,604.0
10109592LOPESW_2025-01-09_G02,10109592LOPESW,2025-01-09,111444,1,20,0,304.0
10109592LOPESW_2025-01-09_G03,10109592LOPESW,2025-01-09,111435,1,5,0,164.0
10109592LOPESW_2025-01-09_G04,10109592LOPESW,2025-01-09,108794,1,10,0,85.0
10109592LOPESW_2025-01-09_G05,10109592LOPESW,2025-01-09,111468,1,10,0,142.0
10109592LOPESW_2025-01-09_G06,10109592LOPESW,2025-01-09,111433,1,6,0,44.0
10109592LOPESW_2025-01-09_G07,10109592LOPESW,2025-01-09,111433,1,8,0,50.0
10109592LOPESW_2025-01-09_G08,10109592LOPESW,2025-01-09,111433,1,10,0,343.0
10109592LOPESW_2025-01-09_G09,10109592LOPESW,2025-01-09,117831,1,10,0,93.0
10109592LOPESW_2025-01-09_G10,10109592LOPESW,2025-01-09,117831,1,10,0,45.0
10109592LOPESW_2025-01-09_G11,10109592LOPESW,2025-01-09,116241,1,6,0,91.0
10109592LOPESW_2025-01-09_G12,10109592LOPESW,2025-01-09,118004,1,10,0,86.0
10109592LOPESW_2025-01-09_G13,10109592LOPESW,2025-01-09,117842,1,10,0,160.0
10109592LOPESW_2025-01-09_G14,10109592LOPESW,2025-01-09,105705,1,6,0,351.0
10109592LOPESW_2025-01-09_G15,10109592LOPESW,2025-01-09,108711,1,10,0,231.0
10109592LOPESW_2025-01-09_G16,10109592LOPESW,2025-01-09,117785,1,10,0,1408.0
10109592LOPESW_2025-01-09_G17,10109592LOPESW,2025-01-09,109645,1,10,0,97.0
10109592LOPESW_2025-01-09_G18,10109592LOPESW,2025-01-09,111172,1,1,0,62.0
10109592LOPESW_2025-01-09_G19,10109592LOPESW,2025-01-09,111442,1,20,0,136.0
10109592LOPESW_2025-01-10_G02,10109592LOPESW,2025-01-10,110742,1,8,0,159.0
10109592LOPESW_2025-01-10_G03,10109592LOPESW,2025-01-10,111430,1,12,0,95.0
10109592LOPESW_2025-01-10_G04,10109592LOPESW,2025-01-10,111467,1,8,0,127.0
10109592LOPESW_2025-01-10_G05,10109592LOPESW,2025-01-10,118094,1,12,0,128.0
10109592LOPESW_2025-01-10_G06,10109592LOPESW,2025-01-10,117855,1,40,0,589.0
10109592LOPESW_2025-01-10_G07,10109592LOPESW,2025-01-10,109647,1,6,0,147.0
10109592LOPESW_2025-01-10_G08,10109592LOPESW,2025-01-10,118298,1,12,0,150.0
10109592LOPESW_2025-01-10_G09,10109592LOPESW,2025-01-10,141047,1,16,0,298.0
10109592LOPESW_2025-01-10_G10,10109592LOPESW,2025-01-10,110733,1,7,0,159.0
10109592LOPESW_2025-01-10_G11,10109592LOPESW,2025-01-10,110515,1,12,0,692.0
10109592LOPESW_2025-01-10_G12,10109592LOPESW,2025-01-10,117786,1,12,0,84.0
10109592LOPESW_2025-01-10_G13,10109592LOPESW,2025-01-10,111443,1,4,0,234.0
10109592LOPESW_2025-01-10_G14,10109592LOPESW,2025-01-10,117821,1,16,0,119.0
10109592LOPESW_2025-01-10_G15,10109592LOPESW,2025-01-10,110740,1,16,0,131.0
10109592LOPESW_2025-01-10_G16,10109592LOPESW,2025-01-10,109641,1,18,0,166.0
10109592LOPESW_2025-01-10_G17,10109592LOPESW,2025-01-10,110787,1,10,0,209.0
10109592LOPESW_2025-01-10_G18,10109592LOPESW,2025-01-10,110751,1,12,0,166.0
10109592LOPESW_2025-01-10_G19,10109592LOPESW,2025-01-10,108798,1,13,0,72.0
10109592LOPESW_2025-01-10_G20,10109592LOPESW,2025-01-10,110748,1,8,0,74.0
10109592LOPESW_2025-01-10_G21,10109592LOPESW,2025-01-10,117833,1,10,0,82.0
10109592LOPESW_2025-01-10_G22,10109592LOPESW,2025-01-10,140922,1,34,0,227.0
10109592LOPESW_2025-01-10_G23,10109592LOPESW,2025-01-10,117787,1,12,0,85.0
10109592LOPESW_2025-01-10_G24,10109592LOPESW,2025-01-10,108711,1,24,0,195.0
10109592LOPESW_2025-01-10_G25,10109592LOPESW,2025-01-10,109645,1,12,0,185.0
10109592LOPESW_2025-01-10_G26,10109592LOPESW,2025-01-10,111465,1,20,0,334.0
10109592LOPESW_2025-01-10_G27,10109592LOPESW,2025-01-10,111172,1,4,0,156.0
10109592LOPESW_2025-01-10_G28,10109592LOPESW,2025-01-10,117838,1,8,0,47.0
10109592LOPESW_2025-01-10_G29,10109592LOPESW,2025-01-10,110376,2,10,25,173.0
10109592LOPESW_2025-01-10_G30,10109592LOPESW,2025-01-10,117808,1,280,0,370.0
10109592LOPESW_2025-01-10_G31,10109592LOPESW,2025-01-10,117809,1,80,0,336.0
10109592LOPESW_2025-01-10_G32,10109592LOPESW,2025-01-10,110375,1,300,0,662.0
10109592LOPESW_2025-01-15_G02,10109592LOPESW,2025-01-15,111430,1,4,0,228.0
10109592LOPESW_2025-01-15_G03,10109592LOPESW,2025-01-15,109471,1,4,0,79.0
10109592LOPESW_2025-01-15_G04,10109592LOPESW,2025-01-15,118094,1,8,0,105.0
10109592LOPESW_2025-01-15_G05,10109592LOPESW,2025-01-15,117861,1,4,0,115.0
10109592LOPESW_2025-01-15_G06,10109592LOPESW,2025-01-15,117786,1,6,0,43.0
10109592LOPESW_2025-01-15_G07,10109592LOPESW,2025-01-15,117862,1,6,0,110.0
10109592LOPESW_2025-01-15_G08,10109592LOPESW,2025-01-15,117788,1,1,0,749.0
10109592LOPESW_2025-01-15_G09,10109592LOPESW,2025-01-15,110711,1,2,0,282.0
10109592LOPESW_2025-01-15_G10,10109592LOPESW,2025-01-15,117831,1,3,0,121.0
10109592LOPESW_2025-01-15_G11,10109592LOPESW,2025-01-15,108711,1,8,0,421.0
10109592LOPESW_2025-01-15_G12,10109592LOPESW,2025-01-15,117787,1,4,0,87.0
10109592LOPESW_2025-01-15_G13,10109592LOPESW,2025-01-15,117838,1,4,0,85.0
10109592LOPESW_2025-01-15_G14,10109592LOPESW,2025-01-15,111462,1,12,0,94.0
10109592LOPESW_2025-01-15_G15,10109592LOPESW,2025-01-15,117820,1,20,0,184.0
10109592LOPESW_2025-01-15_G16,10109592LOPESW,2025-01-15,117832,1,10,0,197.0
10109592LOPESW_2025-01-15_G17,10109592LOPESW,2025-01-15,117808,1,22,0,845.0
10109592LOPESW_2025-01-15_G18,10109592LOPESW,2025-01-15,117808,1,30,0,383.0
10109592LOPESW_2025-01-15_G19,10109592LOPESW,2025-01-15,110373,1,10,0,1652.0
10109592LOPESW_2025-01-15_G20,10109592LOPESW,2025-01-15,111530,1,4,0,452.0
10109592LOPESW_2025-01-15_G21,10109592LOPESW,2025-01-15,109640,1,24,0,624.0
10109592LOPESW_2025-01-15_G22,10109592LOPESW,2025-01-15,108772,1,20,0,186.0
10109592LOPESW_2025-01-15_G23,10109592LOPESW,2025-01-15,140922,1,6,0,433.0
10109592LOPESW_2025-01-15_G24,10109592LOPESW,2025-01-15,110313,1,2,0,155.0
10109592LOPESW_2025-01-15_G25,10109592LOPESW,2025-01-15,118094,1,4,0,192.0
10109592LOPESW_2025-01-15_G26,10109592LOPESW,2025-01-15,118418,1,4,0,101.0
10109592LOPESW_2025-01-15_G27,10109592LOPESW,2025-01-15,111469,1,6,0,165.0
10109592LOPESW_2025-01-15_G28,10109592LOPESW,2025-01-15,117785,1,5,0,752.0
10109592LOPESW_2025-01-15_G29,10109592LOPESW,2025-01-15,111469,1,8,0,169.0
10109592LOPESW_2025-01-15_G30,10109592LOPESW,2025-01-15,110372,1,12,0,732.0
10109592LOPESW_2025-01-15_G31,10109592LOPESW,2025-01-15,111469,1,16,0,208.0
10109592LOPESW_2025-01-15_G32,10109592LOPESW,2025-01-15,117785,1,6,0,393.0
10109592LOPESW_2025-01-15_G33,10109592LOPESW,2025-01-15,111469,1,8,0,174.0
10109592LOPESW_2025-01-15_G34,10109592LOPESW,2025-01-15,110372,1,4,0,56.0
10109592LOPESW_2025-01-15_G35,10109592LOPESW,2025-01-15,111469,1,16,0,248.0
10109592LOPESW_2025-01-15_G36,10109592LOPESW,2025-01-15,118094,1,10,0,230.0
10109592LOPESW_2025-01-15_G37,10109592LOPESW,2025-01-15,140922,1,6,0,54.0
10109592LOPESW_2025-01-15_G38,10109592LOPESW,2025-01-15,117856,1,2,0,202.0
10109592LOPESW_2025-01-15_G39,10109592LOPESW,2025-01-15,111444,1,1,0,145.0
10109592LOPESW_2025-01-15_G40,10109592LOPESW,2025-01-15,118140,1,1,0,73.0
10109592LOPESW_2025-01-15_G41,10109592LOPESW,2025-01-15,111433,1,2,0,126.0
10109592LOPESW_2025-01-15_G42,10109592LOPESW,2025-01-15,117831,1,2,0,225.0
10109592LOPESW_2025-01-15_G43,10109592LOPESW,2025-01-15,117838,1,4,0,98.0
10109592LOPESW_2025-01-15_G44,10109592LOPESW,2025-01-15,111462,1,8,0,284.0
10109592LOPESW_2025-01-15_G45,10109592LOPESW,2025-01-15,117830,1,2,0,150.0
10109592LOPESW_2025-01-15_G46,10109592LOPESW,2025-01-15,117808,1,14,0,91.0
10109592LOPESW_2025-01-15_G47,10109592LOPESW,2025-01-15,110375,1,4,0,111.0
10109592LOPESW_2025-01-15_G48,10109592LOPESW,2025-01-15,110371,2,6,21,32.0
10109592LOPESW_2025-01-15_G49,10109592LOPESW,2025-01-15,140922,1,4,0,396.0
10109592LOPESW_2025-01-15_G50,10109592LOPESW,2025-01-15,110755,1,2,0,137.0
10109592LOPESW_2025-01-15_G51,10109592LOPESW,2025-01-15,118403,1,2,0,168.0
10109592LOPESW_2025-01-15_G52,10109592LOPESW,2025-01-15,110515,1,7,0,174.0
10109592LOPESW_2025-01-15_G53,10109592LOPESW,2025-01-15,117862,1,4,0,267.0
10109592LOPESW_2025-01-15_G54,10109592LOPESW,2025-01-15,141047,1,6,0,82.0
10109592LOPESW_2025-01-15_G55,10109592LOPESW,2025-01-15,117856,1,4,0,104.0
10109592LOPESW_2025-01-15_G56,10109592LOPESW,2025-01-15,117842,1,2,0,159.0
10109592LOPESW_2025-01-15_G57,10109592LOPESW,2025-01-15,108711,1,4,0,227.0
10109592LOPESW_2025-01-15_G58,10109592LOPESW,2025-01-15,111463,1,18,0,130.0
10109592LOPESW_2025-01-15_G59,10109592LOPESW,2025-01-15,117838,1,2,0,35.0
10109592LOPESW_2025-01-15_G60,10109592LOPESW,2025-01-15,110743,1,8,0,55.0
10109592LOPESW_2025-01-15_G61,10109592LOPESW,2025-01-15,111172,1,2,0,173.0
10109592LOPESW_2025-01-15_G63,10109592LOPESW,2025-01-15,108711,1,8,0,132.0
10109592LOPESW_2025-01-15_G64,10109592LOPESW,2025-01-15,109397,1,168,0,2036.0
10109592LOPESW_2025-01-15_G65,10109592LOPESW,2025-01-15,111465,1,160,0,758.0
10109592LOPESW_2025-01-15_G66,10109592LOPESW,2025-01-15,111463,1,200,0,333.0
10109592LOPESW_2025-01-15_G67,10109592LOPESW,2025-01-15,117832,1,181,0,710.0
10109592LOPESW_2025-01-15_G68,10109592LOPESW,2025-01-15,118094,1,72,0,336.0
10109592LOPESW_2025-01-16_G02,10109592LOPESW,2025-01-16,111330,1,3,0,401.0
10109592LOPESW_2025-01-16_G03,10109592LOPESW,2025-01-16,100334,1,2,0,167.0
10109592LOPESW_2025-01-16_G04,10109592LOPESW,2025-01-16,111438,1,4,0,178.0
10109592LOPESW_2025-01-16_G05,10109592LOPESW,2025-01-16,110742,1,6,0,261.0
10109592LOPESW_2025-01-16_G06,10109592LOPESW,2025-01-16,110747,1,4,0,280.0
10109592LOPESW_2025-01-16_G07,10109592LOPESW,2025-01-16,118094,1,4,0,111.0
10109592LOPESW_2025-01-16_G08,10109592LOPESW,2025-01-16,117786,1,4,0,97.0
10109592LOPESW_2025-01-16_G09,10109592LOPESW,2025-01-16,141047,1,12,0,190.0
10109592LOPESW_2025-01-16_G10,10109592LOPESW,2025-01-16,118140,1,15,0,414.0
10109592LOPESW_2025-01-16_G11,10109592LOPESW,2025-01-16,109641,1,10,0,138.0
10109592LOPESW_2025-01-16_G12,10109592LOPESW,2025-01-16,110787,1,46,0,944.0
10109592LOPESW_2025-01-16_G13,10109592LOPESW,2025-01-16,117831,1,16,0,287.0
10109592LOPESW_2025-01-16_G14,10109592LOPESW,2025-01-16,109645,1,22,0,521.0
10109592LOPESW_2025-01-16_G15,10109592LOPESW,2025-01-16,110751,1,4,0,59.0
10109592LOPESW_2025-01-16_G16,10109592LOPESW,2025-01-16,108795,1,8,0,108.0
10109592LOPESW_2025-01-16_G17,10109592LOPESW,2025-01-16,108711,1,4,0,93.0
10109592LOPESW_2025-01-16_G18,10109592LOPESW,2025-01-16,105705,1,6,0,162.0
10109592LOPESW_2025-01-16_G19,10109592LOPESW,2025-01-16,111743,1,4,0,68.0
10109592LOPESW_2025-01-16_G20,10109592LOPESW,2025-01-16,110755,1,24,0,830.0
10109592LOPESW_2025-01-16_G21,10109592LOPESW,2025-01-16,109937,1,10,0,189.0
10109592LOPESW_2025-01-16_G22,10109592LOPESW,2025-01-16,111462,1,32,0,284.0
10109592LOPESW_2025-01-16_G23,10109592LOPESW,2025-01-16,117821,1,16,0,296.0
10109592LOPESW_2025-01-16_G24,10109592LOPESW,2025-01-16,118299,1,13,0,1396.0
10109592LOPESW_2025-01-16_G25,10109592LOPESW,2025-01-16,117808,1,5,0,129.0
10109592LOPESW_2025-01-16_G26,10109592LOPESW,2025-01-16,118140,1,8,0,169.0
10109592LOPESW_2025-01-16_G27,10109592LOPESW,2025-01-16,118299,1,30,0,145.0
10109592LOPESW_2025-01-16_G28,10109592LOPESW,2025-01-16,117808,1,6,0,380.0
10109592LOPESW_2025-01-16_G29,10109592LOPESW,2025-01-16,111602,1,12,0,1559.0
10109592LOPESW_2025-01-16_G30,10109592LOPESW,2025-01-16,118299,1,14,0,194.0
10109592LOPESW_2025-01-16_G31,10109592LOPESW,2025-01-16,117808,1,7,0,184.0
10109592LOPESW_2025-01-16_G32,10109592LOPESW,2025-01-16,140922,1,4,0,296.0
10109592LOPESW_2025-01-16_G33,10109592LOPESW,2025-01-16,118299,1,14,0,122.0
10109592LOPESW_2025-01-16_G34,10109592LOPESW,2025-01-16,117808,1,4,0,107.0
10109592LOPESW_2025-01-17_G02,10109592LOPESW,2025-01-17,117831,1,2,0,106.0
10109592LOPESW_2025-01-17_G03,10109592LOPESW,2025-01-17,111469,1,6,0,165.0
10109592LOPESW_2025-01-17_G04,10109592LOPESW,2025-01-17,117830,1,6,0,170.0
10109592LOPESW_2025-01-17_G05,10109592LOPESW,2025-01-17,117832,2,18,15,186.0
10109592LOPESW_2025-01-17_G06,10109592LOPESW,2025-01-17,110372,1,15,0,139.0
10109592LOPESW_2025-01-17_G07,10109592LOPESW,2025-01-17,117856,1,4,0,118.0
10109592LOPESW_2025-01-17_G08,10109592LOPESW,2025-01-17,111441,1,3,0,634.0
10109592LOPESW_2025-01-17_G09,10109592LOPESW,2025-01-17,109937,1,2,0,99.0
10109592LOPESW_2025-01-17_G10,10109592LOPESW,2025-01-17,110747,1,6,0,284.0
10109592LOPESW_2025-01-17_G11,10109592LOPESW,2025-01-17,108794,1,10,0,202.0
10109592LOPESW_2025-01-17_G12,10109592LOPESW,2025-01-17,110787,1,16,0,241.0
10109592LOPESW_2025-01-17_G13,10109592LOPESW,2025-01-17,111443,1,5,0,327.0
10109592LOPESW_2025-01-17_G14,10109592LOPESW,2025-01-17,111430,1,2,0,1215.0
10109592LOPESW_2025-01-17_G15,10109592LOPESW,2025-01-17,111530,1,1,0,45.0
10109592LOPESW_2025-01-17_G16,10109592LOPESW,2025-01-17,117856,1,3,0,100.0
10109592LOPESW_2025-01-17_G17,10109592LOPESW,2025-01-17,140922,1,3,0,160.0
10109592LOPESW_2025-01-17_G18,10109592LOPESW,2025-01-17,110787,1,3,0,278.0
10109592LOPESW_2025-01-17_G19,10109592LOPESW,2025-01-17,111530,1,4,0,1442.0
10109592LOPESW_2025-01-17_G20,10109592LOPESW,2025-01-17,117853,1,6,0,190.0
10109592LOPESW_2025-01-17_G21,10109592LOPESW,2025-01-17,108772,1,12,0,188.0
10109592LOPESW_2025-01-17_G22,10109592LOPESW,2025-01-17,110747,1,10,0,319.0
10109592LOPESW_2025-01-17_G23,10109592LOPESW,2025-01-17,109937,1,1,0,327.0
10109592LOPESW_2025-01-17_G24,10109592LOPESW,2025-01-17,109640,1,4,0,151.0
10109592LOPESW_2025-01-17_G25,10109592LOPESW,2025-01-17,118094,1,2,0,90.0
10109592LOPESW_2025-01-17_G26,10109592LOPESW,2025-01-17,117786,1,2,0,53.0
10109592LOPESW_2025-01-17_G27,10109592LOPESW,2025-01-17,110787,1,1,0,64.0
10109592LOPESW_2025-01-17_G28,10109592LOPESW,2025-01-17,111469,1,3,0,82.0
10109592LOPESW_2025-01-17_G29,10109592LOPESW,2025-01-17,141047,1,4,0,151.0
10109592LOPESW_2025-01-17_G30,10109592LOPESW,2025-01-17,110733,1,3,0,63.0
10109592LOPESW_2025-01-17_G31,10109592LOPESW,2025-01-17,111442,1,4,0,147.0
10109592LOPESW_2025-01-17_G32,10109592LOPESW,2025-01-17,109645,1,3,0,362.0
10109592LOPESW_2025-01-17_G33,10109592LOPESW,2025-01-17,117787,1,8,0,301.0
10109592LOPESW_2025-01-17_G34,10109592LOPESW,2025-01-17,105705,1,3,0,43.0
10109592LOPESW_2025-01-17_G35,10109592LOPESW,2025-01-17,111465,1,4,0,80.0
10109592LOPESW_2025-01-17_G36,10109592LOPESW,2025-01-17,111441,1,5,0,526.0
10109592LOPESW_2025-01-17_G37,10109592LOPESW,2025-01-17,140922,1,4,0,79.0
10109592LOPESW_2025-01-17_G38,10109592LOPESW,2025-01-17,118299,1,16,0,233.0
10109592LOPESW_2025-01-17_G39,10109592LOPESW,2025-01-17,100334,1,1,0,87.0
10109592LOPESW_2025-01-17_G40,10109592LOPESW,2025-01-17,117853,1,4,0,299.0
10109592LOPESW_2025-01-17_G41,10109592LOPESW,2025-01-17,111530,1,16,0,137.0
10109592LOPESW_2025-01-17_G42,10109592LOPESW,2025-01-17,118094,1,16,0,366.0
10109592LOPESW_2025-01-17_G43,10109592LOPESW,2025-01-17,118094,1,4,0,109.0
10109592LOPESW_2025-01-17_G44,10109592LOPESW,2025-01-17,110711,1,8,0,153.0
10109592LOPESW_2025-01-17_G45,10109592LOPESW,2025-01-17,108794,1,7,0,328.0
10109592LOPESW_2025-01-17_G46,10109592LOPESW,2025-01-17,110787,1,3,0,90.0
10109592LOPESW_2025-01-17_G47,10109592LOPESW,2025-01-17,110787,1,5,0,58.0
10109592LOPESW_2025-01-17_G48,10109592LOPESW,2025-01-17,105705,1,3,0,106.0
10109592LOPESW_2025-01-17_G49,10109592LOPESW,2025-01-17,111465,1,1,0,79.0
10109592LOPESW_2025-01-17_G50,10109592LOPESW,2025-01-17,111469,1,4,0,117.0
10109592LOPESW_2025-01-17_G51,10109592LOPESW,2025-01-17,117830,1,2,0,116.0
10109592LOPESW_2025-01-17_G52,10109592LOPESW,2025-01-17,117832,1,4,0,107.0
10109592LOPESW_2025-01-17_G53,10109592LOPESW,2025-01-17,117832,1,8,0,70.0
10109592LOPESW_2025-01-17_G54,10109592LOPESW,2025-01-17,110372,1,2,0,83.0
10109592LOPESW_2025-01-17_G55,10109592LOPESW,2025-01-17,110372,1,16,0,94.0
10109592LOPESW_2025-01-17_G56,10109592LOPESW,2025-01-17,118418,1,1,0,337.0
10109592LOPESW_2025-01-17_G57,10109592LOPESW,2025-01-17,118417,1,2,0,72.0
10109592LOPESW_2025-01-17_G58,10109592LOPESW,2025-01-17,118290,1,4,0,88.0
10109592LOPESW_2025-01-17_G59,10109592LOPESW,2025-01-17,110752,1,2,0,151.0
10109592LOPESW_2025-01-17_G60,10109592LOPESW,2025-01-17,111530,1,16,0,238.0
10109592LOPESW_2025-01-17_G61,10109592LOPESW,2025-01-17,118094,1,4,0,78.0
10109592LOPESW_2025-01-17_G62,10109592LOPESW,2025-01-17,118140,1,4,0,211.0
10109592LOPESW_2025-01-17_G63,10109592LOPESW,2025-01-17,110787,1,4,0,145.0
10109592LOPESW_2025-01-17_G64,10109592LOPESW,2025-01-17,117833,1,4,0,59.0
10109592LOPESW_2025-01-17_G65,10109592LOPESW,2025-01-17,111469,1,2,0,146.0
10109592LOPESW_2025-01-24_G02,10109592LOPESW,2025-01-24,110711,1,2,0,66.0
10109592LOPESW_2025-01-24_G03,10109592LOPESW,2025-01-24,117862,1,5,0,70.0
10109592LOPESW_2025-01-24_G04,10109592LOPESW,2025-01-24,117821,1,1,0,87.0
10109592LOPESW_2025-01-24_G05,10109592LOPESW,2025-01-24,117831,1,4,0,123.0
10109592LOPESW_2025-01-24_G06,10109592LOPESW,2025-01-24,110787,1,7,0,42.0
10109592LOPESW_2025-01-24_G07,10109592LOPESW,2025-01-24,111463,1,5,0,133.0
10109592LOPESW_2025-01-24_G08,10109592LOPESW,2025-01-24,109643,1,2,0,80.0
10109592LOPESW_2025-01-24_G09,10109592LOPESW,2025-01-24,117830,1,12,0,110.0
10109592LOPESW_2025-01-24_G10,10109592LOPESW,2025-01-24,110372,1,13,0,74.0
10109592LOPESW_2025-01-24_G11,10109592LOPESW,2025-01-24,117820,1,5,0,78.0
10109592LOPESW_2025-01-24_G12,10109592LOPESW,2025-01-24,117821,1,12,0,645.0
10109592LOPESW_2025-01-24_G13,10109592LOPESW,2025-01-24,120002,1,11,0,215.0
10109592LOPESW_2025-01-24_G14,10109592LOPESW,2025-01-24,110373,1,60,0,635.0
10109592LOPESW_2025-01-24_G15,10109592LOPESW,2025-01-24,117821,1,10,0,448.0
10109592LOPESW_2025-01-24_G16,10109592LOPESW,2025-01-24,111598,1,1,0,232.0
10109592LOPESW_2025-01-24_G17,10109592LOPESW,2025-01-24,110313,1,2,0,59.0
10109592LOPESW_2025-01-24_G18,10109592LOPESW,2025-01-24,110711,1,5,0,86.0
10109592LOPESW_2025-01-24_G19,10109592LOPESW,2025-01-24,117862,1,8,0,98.0
10109592LOPESW_2025-01-24_G20,10109592LOPESW,2025-01-24,117821,1,3,0,110.0
10109592LOPESW_2025-01-24_G21,10109592LOPESW,2025-01-24,111468,1,5,0,89.0
10109592LOPESW_2025-01-24_G22,10109592LOPESW,2025-01-24,109645,1,1,0,65.0
10109592LOPESW_2025-01-24_G23,10109592LOPESW,2025-01-24,111569,1,2,0,67.0
10109592LOPESW_2025-01-24_G24,10109592LOPESW,2025-01-24,117830,1,14,0,177.0
10109592LOPESW_2025-01-24_G25,10109592LOPESW,2025-01-24,"110372, 109643",2,23,27,162.0
10109592LOPESW_2025-01-25_G03,10109592LOPESW,2025-01-25,111532,1,23,0,626.0
10109592LOPESW_2025-01-25_G04,10109592LOPESW,2025-01-25,111532,1,31,0,452.0
10109592LOPESW_2025-01-25_G05,10109592LOPESW,2025-01-25,111532,1,56,0,32.0
10109592LOPESW_2025-01-25_G06,10109592LOPESW,2025-01-25,117841,1,2,0,124.0
10109592LOPESW_2025-01-25_G07,10109592LOPESW,2025-01-25,"117841, 111743",2,4,24,43.0
10109592LOPESW_2025-01-25_G08,10109592LOPESW,2025-01-25,118299,1,19,0,498.0
10109592LOPESW_2025-01-25_G09,10109592LOPESW,2025-01-25,111469,1,8,0,97.0
10109592LOPESW_2025-01-25_G10,10109592LOPESW,2025-01-25,117808,1,33,0,262.0
10109592LOPESW_2025-01-25_G11,10109592LOPESW,2025-01-25,110895,1,4,0,584.0
10109592LOPESW_2025-01-25_G12,10109592LOPESW,2025-01-25,111602,1,1,0,49.0
10109592LOPESW_2025-01-25_G13,10109592LOPESW,2025-01-25,117786,2,3,17,105.0
10109592LOPESW_2025-01-25_G14,10109592LOPESW,2025-01-25,110733,1,3,0,63.0
10109592LOPESW_2025-01-25_G15,10109592LOPESW,2025-01-25,111418,1,8,0,705.0
10109592LOPESW_2025-01-25_G16,10109592LOPESW,2025-01-25,117841,1,4,0,117.0
10109592LOPESW_2025-01-25_G17,10109592LOPESW,2025-01-25,110895,1,26,0,1030.0
10109592LOPESW_2025-01-25_G18,10109592LOPESW,2025-01-25,117935,1,11,0,84.0
10109592LOPESW_2025-01-25_G19,10109592LOPESW,2025-01-25,111418,1,14,0,134.0
10109592LOPESW_2025-01-25_G20,10109592LOPESW,2025-01-25,111465,1,4,0,86.0
10109592LOPESW_2025-01-25_G21,10109592LOPESW,2025-01-25,110373,1,21,0,153.0
10109592LOPESW_2025-01-25_G22,10109592LOPESW,2025-01-25,117832,1,18,0,344.0
10109592LOPESW_2025-01-25_G23,10109592LOPESW,2025-01-25,111348,1,1,0,452.0
10109592LOPESW_2025-01-25_G24,10109592LOPESW,2025-01-25,140922,1,4,0,71.0
10109592LOPESW_2025-01-25_G25,10109592LOPESW,2025-01-25,111418,1,10,0,145.0
10109592LOPESW_2025-01-25_G26,10109592LOPESW,2025-01-25,117935,1,1,0,539.0
10109592LOPESW_2025-01-25_G27,10109592LOPESW,2025-01-25,110515,1,9,0,151.0
10109592LOPESW_2025-01-25_G28,10109592LOPESW,2025-01-25,140922,1,4,0,116.0
10109592LOPESW_2025-01-25_G29,10109592LOPESW,2025-01-25,111418,1,4,0,103.0
10109592LOPESW_2025-01-25_G30,10109592LOPESW,2025-01-25,118222,1,11,0,193.0
10109592LOPESW_2025-01-25_G31,10109592LOPESW,2025-01-25,111850,1,10,0,132.0
10109592LOPESW_2025-01-25_G32,10109592LOPESW,2025-01-25,110895,1,33,0,498.0
10109592LOPESW_2025-01-25_G33,10109592LOPESW,2025-01-25,110747,1,8,0,200.0
10109592LOPESW_2025-01-27_G02,10109592LOPESW,2025-01-27,110895,1,24,0,153.0
10109592LOPESW_2025-01-27_G03,10109592LOPESW,2025-01-27,117935,1,4,0,41.0
10109592LOPESW_2025-01-27_G04,10109592LOPESW,2025-01-27,117935,1,10,0,43.0
10109592LOPESW_2025-01-27_G05,10109592LOPESW,2025-01-27,111602,1,42,0,491.0
10109592LOPESW_2025-01-27_G06,10109592LOPESW,2025-01-27,111602,1,18,0,78.0
10109592LOPESW_2025-01-27_G07,10109592LOPESW,2025-01-27,109649,1,4,0,545.0
10109592LOPESW_2025-01-27_G08,10109592LOPESW,2025-01-27,111532,1,41,0,213.0
10109592LOPESW_2025-01-27_G09,10109592LOPESW,2025-01-27,111468,1,24,0,252.0
10109592LOPESW_2025-01-27_G10,10109592LOPESW,2025-01-27,111466,1,100,0,430.0
10109592LOPESW_2025-01-27_G11,10109592LOPESW,2025-01-27,111418,1,500,0,735.0
10109592LOPESW_2025-01-27_G12,10109592LOPESW,2025-01-27,111172,1,10,0,1412.0
10109592LOPESW_2025-01-28_G02,10109592LOPESW,2025-01-28,111469,1,9,0,145.0
10109592LOPESW_2025-01-28_G03,10109592LOPESW,2025-01-28,110371,1,1,0,266.0
10109592LOPESW_2025-01-28_G04,10109592LOPESW,2025-01-28,110373,1,10,0,159.0
10109592LOPESW_2025-01-28_G05,10109592LOPESW,2025-01-28,118299,2,6,26,71.0
10109592LOPESW_2025-01-28_G06,10109592LOPESW,2025-01-28,111438,1,1,0,147.0
10109592LOPESW_2025-01-28_G07,10109592LOPESW,2025-01-28,111602,1,2,0,48.0
10109592LOPESW_2025-01-28_G08,10109592LOPESW,2025-01-28,111441,1,27,0,610.0
10109592LOPESW_2025-01-28_G09,10109592LOPESW,2025-01-28,111602,1,60,0,435.0
10109592LOPESW_2025-01-28_G10,10109592LOPESW,2025-01-28,117841,1,8,0,234.0
10109592LOPESW_2025-01-28_G11,10109592LOPESW,2025-01-28,111438,1,2,0,375.0
10109592LOPESW_2025-01-28_G12,10109592LOPESW,2025-01-28,111441,1,1,0,136.0
10109592LOPESW_2025-01-28_G13,10109592LOPESW,2025-01-28,111602,2,24,23,146.0
10109592LOPESW_2025-01-28_G14,10109592LOPESW,2025-01-28,110515,1,6,0,119.0
10109592LOPESW_2025-01-28_G15,10109592LOPESW,2025-01-28,111469,1,4,0,132.0
10109592LOPESW_2025-01-28_G16,10109592LOPESW,2025-01-28,117808,1,8,0,173.0
10109592LOPESW_2025-01-28_G17,10109592LOPESW,2025-01-28,110373,1,6,0,87.0
10109592LOPESW_2025-01-28_G18,10109592LOPESW,2025-01-28,118299,1,9,0,96.0
10109592LOPESW_2025-01-28_G19,10109592LOPESW,2025-01-28,108798,1,4,0,488.0
10109592LOPESW_2025-01-28_G20,10109592LOPESW,2025-01-28,111463,1,4,0,79.0
10109592LOPESW_2025-01-28_G21,10109592LOPESW,2025-01-28,111602,1,4,0,167.0
10109592LOPESW_2025-01-28_G22,10109592LOPESW,2025-01-28,111418,1,14,0,130.0
10109592LOPESW_2025-01-28_G23,10109592LOPESW,2025-01-28,111469,1,15,0,197.0
10109592LOPESW_2025-01-28_G24,10109592LOPESW,2025-01-28,110325,1,4,0,148.0
10109592LOPESW_2025-01-28_G25,10109592LOPESW,2025-01-28,118299,1,2,0,96.0
10109592LOPESW_2025-01-28_G26,10109592LOPESW,2025-01-28,110515,1,2,0,225.0
10109592LOPESW_2025-01-28_G27,10109592LOPESW,2025-01-28,117786,1,2,0,70.0
10109592LOPESW_2025-01-28_G28,10109592LOPESW,2025-01-28,111465,1,4,0,63.0
10109592LOPESW_2025-01-28_G29,10109592LOPESW,2025-01-28,111462,1,2,0,111.0
10109592LOPESW_2025-01-28_G30,10109592LOPESW,2025-01-28,118299,1,9,0,98.0
10109592LOPESW_2025-01-28_G31,10109592LOPESW,2025-01-28,111602,1,4,0,140.0
10109592LOPESW_2025-01-28_G32,10109592LOPESW,2025-01-28,111469,1,17,0,218.0
10109592LOPESW_2025-01-28_G33,10109592LOPESW,2025-01-28,110371,1,20,0,197.0
10109592LOPESW_2025-01-29_G02,10109592LOPESW,2025-01-29,111465,1,4,0,78.0
10109592LOPESW_2025-01-29_G03,10109592LOPESW,2025-01-29,111469,1,5,0,102.0
10109592LOPESW_2025-01-29_G04,10109592LOPESW,2025-01-29,111462,1,4,0,37.0
10109592LOPESW_2025-01-29_G05,10109592LOPESW,2025-01-29,111602,1,4,0,154.0
10109592LOPESW_2025-01-29_G06,10109592LOPESW,2025-01-29,110371,1,11,0,434.0
10109592LOPESW_2025-01-29_G07,10109592LOPESW,2025-01-29,110515,1,4,0,160.0
10109592LOPESW_2025-01-29_G08,10109592LOPESW,2025-01-29,117835,1,4,0,279.0
10109592LOPESW_2025-01-29_G09,10109592LOPESW,2025-01-29,111569,1,12,0,144.0
10109592LOPESW_2025-01-29_G10,10109592LOPESW,2025-01-29,117821,1,4,0,129.0
10109592LOPESW_2025-01-29_G11,10109592LOPESW,2025-01-29,117808,1,24,0,377.0
10109592LOPESW_2025-01-29_G12,10109592LOPESW,2025-01-29,110373,1,68,0,165.0
10109592LOPESW_2025-01-29_G13,10109592LOPESW,2025-01-29,110371,1,40,0,265.0
10109592LOPESW_2025-01-29_G14,10109592LOPESW,2025-01-29,109643,1,4,0,83.0
10109592LOPESW_2025-01-30_G02,10109592LOPESW,2025-01-30,111602,1,6,0,106.0
10109592LOPESW_2025-01-30_G03,10109592LOPESW,2025-01-30,111530,1,5,0,100.0
10109592LOPESW_2025-01-30_G04,10109592LOPESW,2025-01-30,111530,1,3,0,34.0
10109592LOPESW_2025-01-30_G05,10109592LOPESW,2025-01-30,111530,1,22,0,254.0
10109592LOPESW_2025-01-30_G06,10109592LOPESW,2025-01-30,118094,1,4,0,66.0
10109592LOPESW_2025-01-30_G07,10109592LOPESW,2025-01-30,111739,1,2,0,435.0
10109592LOPESW_2025-01-30_G08,10109592LOPESW,2025-01-30,111532,1,2,0,137.0
10109592LOPESW_2025-01-30_G09,10109592LOPESW,2025-01-30,111532,1,4,0,34.0
10109592LOPESW_2025-01-30_G10,10109592LOPESW,2025-01-30,118140,1,2,0,66.0
10109592LOPESW_2025-01-30_G11,10109592LOPESW,2025-01-30,111759,1,16,0,58.0
10109592LOPESW_2025-01-30_G12,10109592LOPESW,2025-01-30,111466,2,8,23,166.0
10109592LOPESW_2025-01-30_G13,10109592LOPESW,2025-01-30,110787,1,2,0,52.0
10109592LOPESW_2025-01-30_G14,10109592LOPESW,2025-01-30,109645,1,2,0,40.0
10109592LOPESW_2025-01-30_G15,10109592LOPESW,2025-01-30,108711,1,9,0,618.0
10109592LOPESW_2025-01-30_G16,10109592LOPESW,2025-01-30,110743,1,3,0,114.0
10109592LOPESW_2025-01-30_G17,10109592LOPESW,2025-01-30,111751,1,5,0,212.0
10109592LOPESW_2025-01-30_G18,10109592LOPESW,2025-01-30,111741,1,2,0,151.0
10109592LOPESW_2025-01-30_G19,10109592LOPESW,2025-01-30,111723,1,52,0,1131.0
10109592LOPESW_2025-01-30_G20,10109592LOPESW,2025-01-30,110515,1,21,0,203.0
10109592LOPESW_2025-01-30_G21,10109592LOPESW,2025-01-30,111532,1,4,0,1076.0
10109592LOPESW_2025-01-30_G22,10109592LOPESW,2025-01-30,111532,1,4,0,33.0
10109592LOPESW_2025-01-30_G23,10109592LOPESW,2025-01-30,111442,1,4,0,62.0
10109592LOPESW_2025-01-30_G24,10109592LOPESW,2025-01-30,111418,1,24,0,268.0
10109592LOPESW_2025-01-30_G25,10109592LOPESW,2025-01-30,111418,1,2,0,32.0
10109592LOPESW_2025-01-30_G26,10109592LOPESW,2025-01-30,117785,1,12,0,89.0
10109592LOPESW_2025-01-30_G27,10109592LOPESW,2025-01-30,117785,2,12,15,121.0
10109592LOPESW_2025-01-30_G28,10109592LOPESW,2025-01-30,110129,2,12,26,66.0
10109592LOPESW_2025-01-30_G29,10109592LOPESW,2025-01-30,108711,1,4,0,39.0
10109592LOPESW_2025-01-30_G30,10109592LOPESW,2025-01-30,117841,1,8,0,343.0
10109592LOPESW_2025-01-30_G31,10109592LOPESW,2025-01-30,160055,1,1,0,76.0
10109592LOPESW_2025-01-30_G32,10109592LOPESW,2025-01-30,109640,1,4,0,137.0
10109592LOPESW_2025-01-30_G33,10109592LOPESW,2025-01-30,111602,1,20,0,140.0
10109592LOPESW_2025-01-30_G34,10109592LOPESW,2025-01-30,110742,2,4,24,501.0
10109592LOPESW_2025-01-30_G35,10109592LOPESW,2025-01-30,117835,1,50,0,366.0
10109592LOPESW_2025-01-30_G36,10109592LOPESW,2025-01-30,110895,1,1,0,110.0
10109592LOPESW_2025-01-30_G37,10109592LOPESW,2025-01-30,110895,1,2,0,33.0
10109592LOPESW_2025-01-30_G38,10109592LOPESW,2025-01-30,110580,1,2,0,319.0
10109592LOPESW_2025-01-30_G39,10109592LOPESW,2025-01-30,111602,2,3,18,59.0
10109592LOPESW_2025-01-30_G40,10109592LOPESW,2025-01-30,111530,2,6,27,57.0
10109592LOPESW_2025-01-30_G41,10109592LOPESW,2025-01-30,117855,2,2,17,83.0
10109592LOPESW_2025-01-30_G42,10109592LOPESW,2025-01-30,118298,1,2,0,74.0
10109592LOPESW_2025-01-30_G43,10109592LOPESW,2025-01-30,141047,1,4,0,86.0
10109592LOPESW_2025-01-30_G44,10109592LOPESW,2025-01-30,110515,2,4,27,44.0
10109592LOPESW_2025-01-30_G45,10109592LOPESW,2025-01-30,117862,1,3,0,78.0
10109592LOPESW_2025-01-30_G46,10109592LOPESW,2025-01-30,117808,1,19,0,219.0
10109592LOPESW_2025-01-30_G47,10109592LOPESW,2025-01-30,117808,1,8,0,107.0
10109592LOPESW_2025-01-30_G48,10109592LOPESW,2025-01-30,117808,1,8,0,55.0
10109592LOPESW_2025-01-30_G49,10109592LOPESW,2025-01-30,117809,1,2,0,73.0
10109592LOPESW_2025-01-30_G50,10109592LOPESW,2025-01-30,118299,1,2,0,32.0
10109592LOPESW_2025-01-30_G51,10109592LOPESW,2025-01-30,118299,1,8,0,55.0
10109592LOPESW_2025-01-30_G52,10109592LOPESW,2025-01-30,118299,1,7,0,62.0
10109592LOPESW_2025-01-30_G53,10109592LOPESW,2025-01-30,110374,1,15,0,255.0
10109592LOPESW_2025-01-30_G54,10109592LOPESW,2025-01-30,110374,1,8,0,34.0
10109592LOPESW_2025-01-30_G55,10109592LOPESW,2025-01-30,107830,1,2,0,73.0
10109592LOPESW_2025-01-30_G56,10109592LOPESW,2025-01-30,110325,2,5,19,43.0
10109592LOPESW_2025-01-30_G57,10109592LOPESW,2025-01-30,117832,1,2,0,79.0
10109592LOPESW_2025-01-30_G58,10109592LOPESW,2025-01-30,110371,1,4,0,107.0
10109592LOPESW_2025-01-30_G59,10109592LOPESW,2025-01-30,117830,1,8,0,57.0
10109592LOPESW_2025-01-30_G60,10109592LOPESW,2025-01-30,110372,2,4,16,42.0
10109592LOPESW_2025-01-30_G61,10109592LOPESW,2025-01-30,"110376, 109643",2,4,16,33.0
10109592LOPESW_2025-01-30_G62,10109592LOPESW,2025-01-30,117820,2,13,20,102.0
10109592LOPESW_2025-01-30_G63,10109592LOPESW,2025-01-30,"110787, 109645",3,4,50,84.0
10109592LOPESW_2025-01-30_G64,10109592LOPESW,2025-01-30,110751,1,2,0,38.0
10109592LOPESW_2025-01-30_G65,10109592LOPESW,2025-01-30,"117785, 110745",2,5,29,34.0
10109592LOPESW_2025-01-30_G66,10109592LOPESW,2025-01-30,117841,1,6,0,100.0
10109592LOPESW_2025-01-30_G67,10109592LOPESW,2025-01-30,110743,1,2,0,362.0
10109592LOPESW_2025-01-30_G69,10109592LOPESW,2025-01-30,118299,1,120,0,669.0
10109592LOPESW_2025-01-30_G70,10109592LOPESW,2025-01-30,118299,1,340,0,1605.0
10109592LOPESW_2025-01-30_G71,10109592LOPESW,2025-01-30,110372,1,224,0,843.0
10109592LOPESW_2025-01-30_G72,10109592LOPESW,2025-01-30,110373,1,100,0,325.0
10109592LOPESW_2025-01-30_G73,10109592LOPESW,2025-01-30,117820,1,54,0,617.0
10109592LOPESW_2025-01-30_G74,10109592LOPESW,2025-01-30,111532,1,2,0,2219.0
10109592LOPESW_2025-01-30_G75,10109592LOPESW,2025-01-30,118140,1,5,0,154.0
10109592LOPESW_2025-01-30_G76,10109592LOPESW,2025-01-30,111466,1,4,0,282.0
10109592LOPESW_2025-01-30_G77,10109592LOPESW,2025-01-30,111466,1,2,0,34.0
10109592LOPESW_2025-01-30_G78,10109592LOPESW,2025-01-30,111466,1,8,0,38.0
10109592LOPESW_2025-01-30_G79,10109592LOPESW,2025-01-30,117831,1,2,0,180.0
10109592LOPESW_2025-01-30_G80,10109592LOPESW,2025-01-30,111418,2,8,23,51.0
10109592LOPESW_2025-01-30_G81,10109592LOPESW,2025-01-30,111418,1,8,0,41.0
10109592LOPESW_2025-01-30_G82,10109592LOPESW,2025-01-30,"111418, 110787",3,11,52,49.0
10109592LOPESW_2025-01-30_G83,10109592LOPESW,2025-01-30,"110787, 117785, 110745",5,15,80,46.0
10109592LOPESW_2025-01-30_G84,10109592LOPESW,2025-01-30,111465,1,2,0,46.0
10109592LOPESW_2025-01-30_G85,10109592LOPESW,2025-01-30,140922,1,2,0,38.0
10109592LOPESW_2025-01-30_G86,10109592LOPESW,2025-01-30,105705,1,1,0,96.0
10109592LOPESW_2025-01-30_G87,10109592LOPESW,2025-01-30,117821,2,4,21,53.0
10109592LOPESW_2025-01-30_G88,10109592LOPESW,2025-01-30,111469,4,15,32,66.0
10109592LOPESW_2025-01-30_G89,10109592LOPESW,2025-01-30,111469,1,4,0,68.0
10109592LOPESW_2025-01-30_G90,10109592LOPESW,2025-01-30,111463,3,6,16,265.0
10109592LOPESW_2025-01-30_G91,10109592LOPESW,2025-01-30,111462,2,6,8,52.0
10109592LOPESW_2025-01-30_G92,10109592LOPESW,2025-01-30,111462,1,4,0,34.0
10109592LOPESW_2025-01-30_G93,10109592LOPESW,2025-01-30,111532,1,2,0,445.0
10109592LOPESW_2025-01-30_G94,10109592LOPESW,2025-01-30,118004,2,7,23,62.0
10109592LOPESW_2025-01-30_G95,10109592LOPESW,2025-01-30,"107236, 111468",2,8,30,47.0
10109592LOPESW_2025-01-30_G96,10109592LOPESW,2025-01-30,109641,1,4,0,40.0
10109592LOPESW_2025-01-30_G97,10109592LOPESW,2025-01-30,"117831, 111743",2,8,23,107.0
10109592LOPESW_2025-01-30_G98,10109592LOPESW,2025-01-30,111418,1,20,0,179.0
10109592LOPESW_2025-01-30_G99,10109592LOPESW,2025-01-30,110787,1,12,0,85.0
10109592LOPESW_2025-01-30_G100,10109592LOPESW,2025-01-30,117785,1,12,0,201.0
10109592LOPESW_2025-01-30_G101,10109592LOPESW,2025-01-30,111443,1,1,0,36.0
10109592LOPESW_2025-01-30_G102,10109592LOPESW,2025-01-30,"108795, 140922",2,7,25,41.0
10109592LOPESW_2025-01-30_G103,10109592LOPESW,2025-01-30,"140922, 108711",2,12,17,205.0
10109592LOPESW_2025-01-30_G104,10109592LOPESW,2025-01-30,111462,1,10,0,141.0
10109592LOPESW_2025-01-30_G105,10109592LOPESW,2025-01-30,111462,1,10,0,47.0
10109592LOPESW_2025-01-30_G106,10109592LOPESW,2025-01-30,111466,1,4,0,218.0
10109592LOPESW_2025-01-31_G02,10109592LOPESW,2025-01-31,111602,1,50,0,989.0
10109592LOPESW_2025-01-31_G03,10109592LOPESW,2025-01-31,117935,1,40,0,401.0
10109592LOPESW_2025-01-31_G04,10109592LOPESW,2025-01-31,118004,1,13,0,259.0
10109592LOPESW_2025-01-31_G05,10109592LOPESW,2025-01-31,109641,1,26,0,159.0
10109592LOPESW_2025-01-31_G06,10109592LOPESW,2025-01-31,117831,1,80,0,357.0
10109592LOPESW_2025-01-31_G07,10109592LOPESW,2025-01-31,118140,1,45,0,526.0
10109592LOPESW_2025-01-31_G08,10109592LOPESW,2025-01-31,110787,1,16,0,242.0
10109592LOPESW_2025-01-31_G09,10109592LOPESW,2025-01-31,110751,1,14,0,337.0
10109592LOPESW_2025-01-31_G10,10109592LOPESW,2025-01-31,140922,1,56,0,273.0
10109592LOPESW_2025-01-31_G11,10109592LOPESW,2025-01-31,105705,1,4,0,138.0
10109592LOPESW_2025-01-31_G12,10109592LOPESW,2025-01-31,111463,1,64,0,379.0
10109592LOPESW_2025-01-31_G13,10109592LOPESW,2025-01-31,110373,1,62,0,570.0
10109592LOPESW_2025-01-31_G14,10109592LOPESW,2025-01-31,110325,1,39,0,486.0
10109592LOPESW_2025-01-31_G15,10109592LOPESW,2025-01-31,110325,1,9,0,131.0
10109592LOPESW_2025-01-31_G16,10109592LOPESW,2025-01-31,117808,1,7,0,1031.0
10109592LOPESW_2025-01-31_G17,10109592LOPESW,2025-01-31,117808,1,182,0,647.0
10109592LOPESW_2025-01-31_G18,10109592LOPESW,2025-01-31,110582,1,8,0,1216.0
10109592LOPESW_2025-01-31_G19,10109592LOPESW,2025-01-31,111850,1,4,0,124.0
10109592LOPESW_2025-01-31_G20,10109592LOPESW,2025-01-31,111850,1,4,0,41.0
10109592LOPESW_2025-01-31_G21,10109592LOPESW,2025-01-31,110756,1,6,0,63.0
10109592LOPESW_2025-01-31_G22,10109592LOPESW,2025-01-31,110751,1,2,0,366.0
10109592LOPESW_2025-01-31_G23,10109592LOPESW,2025-01-31,110745,1,4,0,42.0
10109592LOPESW_2025-01-31_G24,10109592LOPESW,2025-01-31,111348,1,34,0,364.0
10109592LOPESW_2025-01-31_G25,10109592LOPESW,2025-01-31,111443,1,8,0,283.0
10109592LOPESW_2025-01-31_G26,10109592LOPESW,2025-01-31,108711,1,4,0,74.0
10109592LOPESW_2025-01-31_G27,10109592LOPESW,2025-01-31,117833,1,2,0,66.0
10109592LOPESW_2025-01-31_G28,10109592LOPESW,2025-01-31,117833,1,11,0,104.0
10109592LOPESW_2025-01-31_G29,10109592LOPESW,2025-01-31,110743,1,4,0,102.0
10109592LOPESW_2025-02-14_G02,10109592LOPESW,2025-02-14,118140,1,3,0,116.0
10109592LOPESW_2025-02-14_G03,10109592LOPESW,2025-02-14,111602,1,8,0,202.0
10109592LOPESW_2025-02-14_G04,10109592LOPESW,2025-02-14,109640,1,1,0,381.0
10109592LOPESW_2025-02-14_G05,10109592LOPESW,2025-02-14,110515,1,5,0,93.0
10109592LOPESW_2025-02-14_G06,10109592LOPESW,2025-02-14,108711,1,1,0,429.0
10109592LOPESW_2025-02-14_G07,10109592LOPESW,2025-02-14,110332,1,2,0,141.0
10109592LOPESW_2025-02-14_G08,10109592LOPESW,2025-02-14,111418,1,1,0,188.0
10109592LOPESW_2025-02-14_G09,10109592LOPESW,2025-02-14,111532,1,4,0,79.0
10109592LOPESW_2025-02-14_G10,10109592LOPESW,2025-02-14,118140,1,10,0,247.0
10109592LOPESW_2025-02-17_G02,10109592LOPESW,2025-02-17,111435,1,4,0,206.0
10109592LOPESW_2025-02-17_G03,10109592LOPESW,2025-02-17,111469,1,1,0,161.0
10109592LOPESW_2025-02-17_G04,10109592LOPESW,2025-02-17,117808,1,7,0,301.0
10109592LOPESW_2025-02-17_G05,10109592LOPESW,2025-02-17,111530,1,1,0,288.0
10109592LOPESW_2025-02-17_G06,10109592LOPESW,2025-02-17,111466,1,3,0,269.0
10109592LOPESW_2025-02-17_G07,10109592LOPESW,2025-02-17,140922,1,2,0,327.0
10109592LOPESW_2025-02-17_G08,10109592LOPESW,2025-02-17,117808,1,13,0,131.0
10109592LOPESW_2025-02-17_G09,10109592LOPESW,2025-02-17,109937,1,4,0,1930.0
10109592LOPESW_2025-02-17_G10,10109592LOPESW,2025-02-17,111441,1,4,0,207.0
10109592LOPESW_2025-02-17_G11,10109592LOPESW,2025-02-17,111441,1,8,0,202.0
10109592LOPESW_2025-02-17_G12,10109592LOPESW,2025-02-17,110752,1,2,0,136.0
10109592LOPESW_2025-02-17_G13,10109592LOPESW,2025-02-17,110339,1,2,0,250.0
10109592LOPESW_2025-02-17_G14,10109592LOPESW,2025-02-17,110740,1,2,0,503.0
10109592LOPESW_2025-02-17_G15,10109592LOPESW,2025-02-17,117785,1,2,0,109.0
10109592LOPESW_2025-02-17_G16,10109592LOPESW,2025-02-17,118140,1,2,0,34.0
10109592LOPESW_2025-02-17_G17,10109592LOPESW,2025-02-17,110787,1,4,0,109.0
10109592LOPESW_2025-02-17_G18,10109592LOPESW,2025-02-17,111469,1,6,0,170.0
10109592LOPESW_2025-02-17_G19,10109592LOPESW,2025-02-17,110373,1,2,0,160.0
10109592LOPESW_2025-02-17_G20,10109592LOPESW,2025-02-17,117832,1,2,0,98.0
10109592LOPESW_2025-02-17_G21,10109592LOPESW,2025-02-17,117820,1,2,0,80.0
10109592LOPESW_2025-02-17_G22,10109592LOPESW,2025-02-17,111469,1,3,0,84.0
10109592LOPESW_2025-02-17_G23,10109592LOPESW,2025-02-17,110747,1,1,0,346.0
10109592LOPESW_2025-02-17_G24,10109592LOPESW,2025-02-17,111441,1,25,0,213.0
10109592LOPESW_2025-02-17_G25,10109592LOPESW,2025-02-17,111620,1,1,0,3224.0
10109592LOPESW_2025-02-17_G26,10109592LOPESW,2025-02-17,111620,1,2,0,174.0
10109592LOPESW_2025-02-17_G27,10109592LOPESW,2025-02-17,118283,1,120,0,564.0
10109592LOPESW_2025-02-17_G28,10109592LOPESW,2025-02-17,118222,1,12,0,350.0
10109592LOPESW_2025-02-17_G29,10109592LOPESW,2025-02-17,110765,1,2,0,91.0
10109592LOPESW_2025-02-17_G30,10109592LOPESW,2025-02-17,110765,1,2,0,121.0
10109592LOPESW_2025-02-17_G31,10109592LOPESW,2025-02-17,110583,2,4,24,110.0
10109592LOPESW_2025-02-17_G32,10109592LOPESW,2025-02-17,140911,1,12,0,333.0
10109592LOPESW_2025-02-17_G33,10109592LOPESW,2025-02-17,140911,1,8,0,49.0
10109592LOPESW_2025-02-17_G34,10109592LOPESW,2025-02-17,105359,2,4,27,100.0
10109592LOPESW_2025-02-17_G35,10109592LOPESW,2025-02-17,105272,2,2,20,70.0
10109592LOPESW_2025-02-17_G36,10109592LOPESW,2025-02-17,110325,1,12,0,283.0
10109592LOPESW_2025-02-17_G37,10109592LOPESW,2025-02-17,110373,1,70,0,205.0
10109592LOPESW_2025-02-17_G38,10109592LOPESW,2025-02-17,118281,1,120,0,223.0
10109592LOPESW_2025-02-17_G39,10109592LOPESW,2025-02-17,117809,1,100,0,312.0
10109592LOPESW_2025-02-17_G40,10109592LOPESW,2025-02-17,117820,1,70,0,498.0
10109592LOPESW_2025-02-26_G02,10109592LOPESW,2025-02-26,111530,1,4,0,144.0
10109592LOPESW_2025-02-26_G03,10109592LOPESW,2025-02-26,105705,1,10,0,201.0
10109592LOPESW_2025-02-26_G04,10109592LOPESW,2025-02-26,110373,1,10,0,586.0
10109592LOPESW_2025-02-26_G05,10109592LOPESW,2025-02-26,117833,1,23,0,684.0
10109592LOPESW_2025-02-26_G06,10109592LOPESW,2025-02-26,108794,1,12,0,378.0
10109592LOPESW_2025-02-26_G07,10109592LOPESW,2025-02-26,107892,1,16,0,565.0
10109592LOPESW_2025-02-26_G08,10109592LOPESW,2025-02-26,110733,1,17,0,320.0
10109592LOPESW_2025-02-26_G09,10109592LOPESW,2025-02-26,110733,1,7,0,240.0
10109592LOPESW_2025-02-26_G10,10109592LOPESW,2025-02-26,111530,1,25,0,333.0
10109592LOPESW_2025-02-26_G11,10109592LOPESW,2025-02-26,117830,1,115,0,707.0
10109592LOPESW_2025-02-26_G12,10109592LOPESW,2025-02-26,110733,1,1,0,206.0
10109592LOPESW_2025-02-26_G13,10109592LOPESW,2025-02-26,110743,1,3,0,118.0
10109592LOPESW_2025-02-26_G14,10109592LOPESW,2025-02-26,111530,1,2,0,137.0
10109592LOPESW_2025-02-26_G15,10109592LOPESW,2025-02-26,110733,1,3,0,308.0
10109592LOPESW_2025-02-26_G16,10109592LOPESW,2025-02-26,110747,2,4,29,1424.0
10109592LOPESW_2025-02-26_G17,10109592LOPESW,2025-02-26,107892,1,8,0,180.0
10109592LOPESW_2025-02-26_G18,10109592LOPESW,2025-02-26,110733,2,12,15,111.0
10109592LOPESW_2025-02-26_G19,10109592LOPESW,2025-02-26,111530,1,2,0,84.0
10109592LOPESW_2025-02-26_G20,10109592LOPESW,2025-02-26,110747,1,2,0,417.0
10109592LOPESW_2025-02-26_G21,10109592LOPESW,2025-02-26,107892,1,3,0,103.0
10109592LOPESW_2025-02-26_G22,10109592LOPESW,2025-02-26,117830,1,5,0,372.0
10109592LOPESW_2025-02-26_G23,10109592LOPESW,2025-02-26,110733,1,3,0,983.0
10109592LOPESW_2025-02-26_G24,10109592LOPESW,2025-02-26,111602,1,8,0,59.0
10109592LOPESW_2025-02-26_G25,10109592LOPESW,2025-02-26,111876,1,2,0,202.0
10109592LOPESW_2025-02-26_G26,10109592LOPESW,2025-02-26,110515,1,4,0,102.0
10109592LOPESW_2025-02-26_G27,10109592LOPESW,2025-02-26,111530,1,12,0,100.0
10109592LOPESW_2025-02-26_G28,10109592LOPESW,2025-02-26,141047,1,2,0,88.0
10109592LOPESW_2025-02-26_G29,10109592LOPESW,2025-02-26,"117838, 111443",2,4,28,776.0
10109592LOPESW_2025-02-26_G30,10109592LOPESW,2025-02-26,111532,1,8,0,340.0
10109592LOPESW_2025-02-26_G31,10109592LOPESW,2025-02-26,111442,1,1,0,46.0
10109592LOPESW_2025-02-26_G32,10109592LOPESW,2025-02-26,140922,1,4,0,187.0
10109592LOPESW_2025-02-26_G33,10109592LOPESW,2025-02-26,111418,1,4,0,133.0
10109592LOPESW_2025-02-26_G34,10109592LOPESW,2025-02-26,110787,1,8,0,550.0
10109592LOPESW_2025-02-26_G35,10109592LOPESW,2025-02-26,117785,1,3,0,39.0
10109592LOPESW_2025-02-26_G36,10109592LOPESW,2025-02-26,118140,1,15,0,115.0
10109592LOPESW_2025-02-26_G37,10109592LOPESW,2025-02-26,118140,1,8,0,41.0
10109592LOPESW_2025-02-26_G38,10109592LOPESW,2025-02-26,108794,1,6,0,77.0
10109592LOPESW_2025-02-26_G39,10109592LOPESW,2025-02-26,108794,1,4,0,58.0
10109592LOPESW_2025-02-26_G40,10109592LOPESW,2025-02-26,111462,1,1,0,32.0
10109592LOPESW_2025-02-26_G42,10109592LOPESW,2025-02-26,110733,1,5,0,451.0
10109592LOPESW_2025-02-26_G43,10109592LOPESW,2025-02-26,117785,1,71,0,258.0
10109592LOPESW_2025-02-26_G44,10109592LOPESW,2025-02-26,111463,1,6,0,413.0
10109592LOPESW_2025-02-26_G45,10109592LOPESW,2025-02-26,117831,1,1,0,102.0
10109592LOPESW_2025-02-26_G46,10109592LOPESW,2025-02-26,111466,1,6,0,93.0
10109592LOPESW_2025-02-26_G47,10109592LOPESW,2025-02-26,107892,1,4,0,195.0
10109592LOPESW_2025-02-26_G48,10109592LOPESW,2025-02-26,111530,1,4,0,86.0
10109592LOPESW_2025-02-26_G49,10109592LOPESW,2025-02-26,110733,1,4,0,61.0
10109592LOPESW_2025-02-26_G50,10109592LOPESW,2025-02-26,117830,1,10,0,190.0
10109592LOPESW_2025-02-26_G51,10109592LOPESW,2025-02-26,111463,1,4,0,1560.0
10109592LOPESW_2025-02-26_G52,10109592LOPESW,2025-02-26,109647,1,8,0,175.0
10109592LOPESW_2025-02-26_G53,10109592LOPESW,2025-02-26,117830,1,12,0,426.0
10109592LOPESW_2025-02-26_G54,10109592LOPESW,2025-02-26,111469,1,5,0,507.0
10109592LOPESW_2025-02-26_G55,10109592LOPESW,2025-02-26,110745,1,2,0,93.0
10109592LOPESW_2025-02-26_G56,10109592LOPESW,2025-02-26,109643,1,5,0,168.0
10109592LOPESW_2025-02-26_G57,10109592LOPESW,2025-02-26,107830,1,3,0,204.0
10109592LOPESW_2025-02-26_G58,10109592LOPESW,2025-02-26,118416,1,2,0,209.0
10109592LOPESW_2025-02-26_G59,10109592LOPESW,2025-02-26,109643,1,8,0,195.0
10109592LOPESW_2025-02-26_G60,10109592LOPESW,2025-02-26,111530,1,4,0,1673.0
10109592LOPESW_2025-02-26_G61,10109592LOPESW,2025-02-26,111530,1,12,0,114.0
10109592LOPESW_2025-02-26_G62,10109592LOPESW,2025-02-26,110733,1,2,0,56.0
10109592LOPESW_2025-02-26_G63,10109592LOPESW,2025-02-26,111602,1,12,0,89.0
10109592LOPESW_2025-02-26_G64,10109592LOPESW,2025-02-26,111532,1,11,0,127.0
10109592LOPESW_2025-02-26_G65,10109592LOPESW,2025-02-26,118140,1,14,0,551.0
10109592LOPESW_2025-02-26_G66,10109592LOPESW,2025-02-26,111466,1,12,0,111.0
10109592LOPESW_2025-02-26_G67,10109592LOPESW,2025-02-26,111469,1,12,0,182.0
10109592LOPESW_2025-02-26_G68,10109592LOPESW,2025-02-26,110747,1,2,0,327.0
10109592LOPESW_2025-02-26_G69,10109592LOPESW,2025-02-26,110733,1,4,0,86.0
10109592LOPESW_2025-02-26_G70,10109592LOPESW,2025-02-26,111530,1,4,0,102.0
10109592LOPESW_2025-02-26_G71,10109592LOPESW,2025-02-26,111602,1,4,0,190.0
10109592LOPESW_2025-02-26_G72,10109592LOPESW,2025-02-26,111532,1,4,0,149.0
10109592LOPESW_2025-02-26_G73,10109592LOPESW,2025-02-26,118140,1,10,0,229.0
10109592LOPESW_2025-02-26_G74,10109592LOPESW,2025-02-26,111466,1,8,0,111.0
10109592LOPESW_2025-02-26_G75,10109592LOPESW,2025-02-26,110733,1,8,0,868.0
10109592LOPESW_2025-02-26_G76,10109592LOPESW,2025-02-26,110733,2,8,10,55.0
10109592LOPESW_2025-02-26_G77,10109592LOPESW,2025-02-26,110747,1,8,0,248.0
10109592LOPESW_2025-02-26_G78,10109592LOPESW,2025-02-26,111530,1,3,0,81.0
10109592LOPESW_2025-02-26_G79,10109592LOPESW,2025-02-26,110733,1,2,0,152.0
10109592LOPESW_2025-02-26_G80,10109592LOPESW,2025-02-26,117830,1,1,0,111.0
10109592LOPESW_2025-02-26_G81,10109592LOPESW,2025-02-26,111441,1,4,0,243.0
10109592LOPESW_2025-02-26_G82,10109592LOPESW,2025-02-26,110733,1,4,0,120.0
10109592LOPESW_2025-02-26_G83,10109592LOPESW,2025-02-26,111530,1,4,0,97.0
10109592LOPESW_2025-02-27_G02,10109592LOPESW,2025-02-27,109640,1,15,0,186.0
10109592LOPESW_2025-02-27_G03,10109592LOPESW,2025-02-27,111446,1,10,0,143.0
10109592LOPESW_2025-02-27_G04,10109592LOPESW,2025-02-27,111532,1,4,0,102.0
10109592LOPESW_2025-02-27_G05,10109592LOPESW,2025-02-27,140922,1,8,0,54.0
10109592LOPESW_2025-02-27_G06,10109592LOPESW,2025-02-27,117830,1,4,0,51.0
10109592LOPESW_2025-02-27_G07,10109592LOPESW,2025-02-27,117820,1,16,0,183.0
10109592LOPESW_2025-02-27_G08,10109592LOPESW,2025-02-27,118299,1,80,0,577.0
10109592LOPESW_2025-02-27_G09,10109592LOPESW,2025-02-27,111348,1,6,0,1167.0
10109592LOPESW_2025-02-27_G10,10109592LOPESW,2025-02-27,111463,1,8,0,354.0
10109592LOPESW_2025-02-27_G11,10109592LOPESW,2025-02-27,111463,1,7,0,890.0
10109592LOPESW_2025-02-27_G12,10109592LOPESW,2025-02-27,111463,1,9,0,56.0
10109592LOPESW_2025-02-27_G13,10109592LOPESW,2025-02-27,108794,1,4,0,162.0
10109592LOPESW_2025-02-27_G14,10109592LOPESW,2025-02-27,108794,2,8,16,37.0
10109592LOPESW_2025-02-27_G15,10109592LOPESW,2025-02-27,110711,1,2,0,129.0
10109592LOPESW_2025-02-27_G16,10109592LOPESW,2025-02-27,109974,1,2,0,304.0
10109592LOPESW_2025-02-27_G17,10109592LOPESW,2025-02-27,110500,1,2,0,182.0
10109592LOPESW_2025-02-27_G18,10109592LOPESW,2025-02-27,111442,1,12,0,207.0
10109592LOPESW_2025-02-27_G19,10109592LOPESW,2025-02-27,109747,1,92,0,326.0
10109592LOPESW_2025-02-27_G20,10109592LOPESW,2025-02-27,111442,1,40,0,551.0
10109592LOPESW_2025-02-27_G21,10109592LOPESW,2025-02-27,109747,1,80,0,291.0
10109592LOPESW_2025-02-27_G22,10109592LOPESW,2025-02-27,118418,1,4,0,1617.0
10109592LOPESW_2025-02-27_G23,10109592LOPESW,2025-02-27,118417,1,4,0,70.0
10109592LOPESW_2025-02-27_G24,10109592LOPESW,2025-02-27,111463,1,14,0,132.0
10109592LOPESW_2025-02-27_G25,10109592LOPESW,2025-02-27,110515,1,3,0,185.0
10109592LOPESW_2025-02-27_G26,10109592LOPESW,2025-02-27,111463,1,4,0,346.0
10109592LOPESW_2025-02-27_G27,10109592LOPESW,2025-02-27,108794,1,3,0,96.0
10109592LOPESW_2025-02-27_G28,10109592LOPESW,2025-02-27,117821,1,4,0,608.0
10109592LOPESW_2025-02-27_G29,10109592LOPESW,2025-02-27,110787,1,12,0,288.0
10109592LOPESW_2025-02-27_G30,10109592LOPESW,2025-02-27,110372,1,20,0,336.0
10109592LOPESW_2025-02-27_G31,10109592LOPESW,2025-02-27,118290,1,4,0,487.0
10109592LOPESW_2025-02-27_G32,10109592LOPESW,2025-02-27,109640,1,4,0,118.0
10109592LOPESW_2025-02-27_G33,10109592LOPESW,2025-02-27,111430,1,10,0,343.0
10109592LOPESW_2025-02-27_G34,10109592LOPESW,2025-02-27,109647,1,4,0,122.0
10109592LOPESW_2025-02-27_G35,10109592LOPESW,2025-02-27,111463,1,7,0,187.0
10109592LOPESW_2025-02-27_G36,10109592LOPESW,2025-02-27,117787,1,5,0,70.0
10109592LOPESW_2025-02-27_G37,10109592LOPESW,2025-02-27,108794,1,20,0,176.0
10109592LOPESW_2025-02-27_G38,10109592LOPESW,2025-02-27,111430,1,12,0,231.0
10109592LOPESW_2025-02-27_G39,10109592LOPESW,2025-02-27,111463,1,36,0,1097.0
10109592LOPESW_2025-02-27_G40,10109592LOPESW,2025-02-27,118317,1,2,0,265.0
10109592LOPESW_2025-02-27_G41,10109592LOPESW,2025-02-27,108772,1,2,0,202.0
10109592LOPESW_2025-02-27_G43,10109592LOPESW,2025-02-27,160051,1,30,0,334.0
10109592LOPESW_2025-02-27_G44,10109592LOPESW,2025-02-27,111530,1,4,0,248.0
10109592LOPESW_2025-02-27_G45,10109592LOPESW,2025-02-27,111463,1,3,0,122.0
10109592LOPESW_2025-02-27_G46,10109592LOPESW,2025-02-27,108794,1,4,0,144.0
10109592LOPESW_2025-02-27_G47,10109592LOPESW,2025-02-27,111469,1,4,0,39.0
10109592LOPESW_2025-02-27_G48,10109592LOPESW,2025-02-27,111530,1,8,0,322.0
10109592LOPESW_2025-02-27_G49,10109592LOPESW,2025-02-27,111463,1,20,0,188.0
10109592LOPESW_2025-02-27_G50,10109592LOPESW,2025-02-27,111463,1,8,0,53.0
10109592LOPESW_2025-02-27_G51,10109592LOPESW,2025-02-27,108794,1,4,0,129.0
10109592LOPESW_2025-02-27_G52,10109592LOPESW,2025-02-27,108794,1,4,0,42.0
10109592LOPESW_2025-02-27_G53,10109592LOPESW,2025-02-27,108794,1,4,0,61.0
10109592LOPESW_2025-02-27_G54,10109592LOPESW,2025-02-27,100334,1,11,0,319.0
10109592LOPESW_2025-02-27_G55,10109592LOPESW,2025-02-27,111120,1,1,0,117.0
10109592LOPESW_2025-02-27_G56,10109592LOPESW,2025-02-27,111530,1,11,0,714.0
10109592LOPESW_2025-02-27_G57,10109592LOPESW,2025-02-27,111463,2,13,13,281.0
10109592LOPESW_2025-02-27_G58,10109592LOPESW,2025-02-27,108794,1,4,0,141.0
10109592LOPESW_2025-02-27_G59,10109592LOPESW,2025-02-27,110376,1,1,0,197.0
10109592LOPESW_2025-02-27_G60,10109592LOPESW,2025-02-27,108794,1,12,0,279.0
10109592LOPESW_2025-02-27_G61,10109592LOPESW,2025-02-27,111463,2,8,26,267.0
10109592LOPESW_2025-02-27_G62,10109592LOPESW,2025-02-27,111463,1,8,0,94.0
10109592LOPESW_2025-06-09_G02,10109592LOPESW,2025-06-09,110895,1,4,0,109.0
10109592LOPESW_2025-06-09_G03,10109592LOPESW,2025-06-09,118094,1,4,0,480.0
10109592LOPESW_2025-06-09_G04,10109592LOPESW,2025-06-09,110339,1,21,0,237.0
10109592LOPESW_2025-06-09_G05,10109592LOPESW,2025-06-09,117855,1,4,0,775.0
10109592LOPESW_2025-06-09_G06,10109592LOPESW,2025-06-09,111602,1,13,0,255.0
10109592LOPESW_2025-06-09_G07,10109592LOPESW,2025-06-09,110313,1,8,0,1927.0
10109592LOPESW_2025-06-09_G08,10109592LOPESW,2025-06-09,111530,1,22,0,302.0
10109592LOPESW_2025-06-09_G09,10109592LOPESW,2025-06-09,111743,1,4,0,383.0
10109592LOPESW_2025-06-09_G10,10109592LOPESW,2025-06-09,105705,1,4,0,582.0
10109592LOPESW_2025-06-09_G11,10109592LOPESW,2025-06-09,108711,1,2,0,107.0
10109592LOPESW_2025-06-09_G12,10109592LOPESW,2025-06-09,108711,1,20,0,820.0
10109592LOPESW_2025-06-09_G13,10109592LOPESW,2025-06-09,111532,1,14,0,180.0
10109592LOPESW_2025-06-09_G14,10109592LOPESW,2025-06-09,111431,1,4,0,109.0
10109592LOPESW_2025-06-09_G15,10109592LOPESW,2025-06-09,111418,1,56,0,1315.0
10109592LOPESW_2025-06-09_G16,10109592LOPESW,2025-06-09,109645,1,24,0,1604.0
10109592LOPESW_2025-06-09_G17,10109592LOPESW,2025-06-09,118140,1,2,0,189.0
10109592LOPESW_2025-06-09_G18,10109592LOPESW,2025-06-09,118140,1,50,0,116.0
10109592LOPESW_2025-06-09_G20,10109592LOPESW,2025-06-09,110787,1,11,0,163.0
10109592LOPESW_2025-06-09_G21,10109592LOPESW,2025-06-09,111465,1,2,0,121.0
10109592LOPESW_2025-06-09_G22,10109592LOPESW,2025-06-09,110787,1,11,0,281.0
10109592LOPESW_2025-06-09_G23,10109592LOPESW,2025-06-09,111438,1,30,0,863.0
10109592LOPESW_2025-06-09_G24,10109592LOPESW,2025-06-09,141047,1,6,0,734.0
10109592LOPESW_2025-06-09_G25,10109592LOPESW,2025-06-09,111602,1,53,0,1328.0
10109592LOPESW_2025-06-09_G26,10109592LOPESW,2025-06-09,111602,1,824,0,2180.0
10109592LOPESW_2025-06-10_G02,10109592LOPESW,2025-06-10,117832,1,580,0,1580.0
10109592LOPESW_2025-06-10_G03,10109592LOPESW,2025-06-10,110755,1,11,0,880.0
10109592LOPESW_2025-06-10_G04,10109592LOPESW,2025-06-10,111569,1,36,0,365.0
10109592LOPESW_2025-06-10_G05,10109592LOPESW,2025-06-10,110755,1,11,0,226.0
10109592LOPESW_2025-06-10_G06,10109592LOPESW,2025-06-10,118094,1,5,0,736.0
10109592LOPESW_2025-06-10_G07,10109592LOPESW,2025-06-10,117855,1,4,0,554.0
10109592LOPESW_2025-06-10_G08,10109592LOPESW,2025-06-10,110733,1,8,0,359.0
10109592LOPESW_2025-06-10_G09,10109592LOPESW,2025-06-10,111530,1,3,0,158.0
10109592LOPESW_2025-06-10_G10,10109592LOPESW,2025-06-10,110515,1,2,0,31.0
10109592LOPESW_2025-06-10_G11,10109592LOPESW,2025-06-10,111465,1,10,0,146.0
10109592LOPESW_2025-06-10_G12,10109592LOPESW,2025-06-10,111532,1,6,0,308.0
10109592LOPESW_2025-06-10_G13,10109592LOPESW,2025-06-10,118317,1,3,0,199.0
10109592LOPESW_2025-06-10_G14,10109592LOPESW,2025-06-10,117786,1,160,0,2845.0
10109592LOPESW_2025-06-10_G16,10109592LOPESW,2025-06-10,111729,1,11,0,1784.0
10109592LOPESW_2025-06-10_G17,10109592LOPESW,2025-06-10,110754,1,15,0,424.0
10109592LOPESW_2025-06-10_G18,10109592LOPESW,2025-06-10,110895,1,11,0,1500.0
10109592LOPESW_2025-06-10_G19,10109592LOPESW,2025-06-10,111445,1,10,0,279.0
10109592LOPESW_2025-06-10_G20,10109592LOPESW,2025-06-10,110755,1,40,0,320.0
10109592LOPESW_2025-06-10_G21,10109592LOPESW,2025-06-10,110754,1,15,0,658.0
10109592LOPESW_2025-06-10_G22,10109592LOPESW,2025-06-10,111443,1,60,0,1274.0
10109592LOPESW_2025-06-11_G02,10109592LOPESW,2025-06-11,110755,1,9,0,129.0
10109592LOPESW_2025-06-11_G03,10109592LOPESW,2025-06-11,118094,1,1,0,76.0
10109592LOPESW_2025-06-11_G04,10109592LOPESW,2025-06-11,110515,1,4,0,84.0
10109592LOPESW_2025-06-11_G05,10109592LOPESW,2025-06-11,109640,1,6,0,85.0
10109592LOPESW_2025-06-11_G06,10109592LOPESW,2025-06-11,117855,1,4,0,58.0
10109592LOPESW_2025-06-11_G07,10109592LOPESW,2025-06-11,110752,1,10,0,129.0
10109592LOPESW_2025-06-11_G08,10109592LOPESW,2025-06-11,110313,1,8,0,522.0
10109592LOPESW_2025-06-11_G09,10109592LOPESW,2025-06-11,111530,1,10,0,841.0
10109592LOPESW_2025-06-11_G10,10109592LOPESW,2025-06-11,117856,1,4,0,98.0
10109592LOPESW_2025-06-11_G11,10109592LOPESW,2025-06-11,111602,1,17,0,138.0
10109592LOPESW_2025-06-11_G12,10109592LOPESW,2025-06-11,109643,1,21,0,708.0
10109592LOPESW_2025-06-11_G13,10109592LOPESW,2025-06-11,117808,1,8,0,416.0
10109592LOPESW_2025-06-11_G14,10109592LOPESW,2025-06-11,110373,1,9,0,105.0
10109592LOPESW_2025-06-11_G15,10109592LOPESW,2025-06-11,117832,1,4,0,72.0
10109592LOPESW_2025-06-11_G16,10109592LOPESW,2025-06-11,110371,1,14,0,698.0
10109592LOPESW_2025-06-11_G17,10109592LOPESW,2025-06-11,111465,1,8,0,139.0
10109592LOPESW_2025-06-11_G18,10109592LOPESW,2025-06-11,117821,1,2,0,80.0
10109592LOPESW_2025-06-11_G19,10109592LOPESW,2025-06-11,140911,1,2,0,2494.0
10109592LOPESW_2025-06-11_G20,10109592LOPESW,2025-06-11,100334,1,25,0,237.0
10109592LOPESW_2025-06-11_G21,10109592LOPESW,2025-06-11,110841,1,8,0,275.0
10109592LOPESW_2025-06-11_G22,10109592LOPESW,2025-06-11,118283,1,6,0,46.0
10109592LOPESW_2025-06-11_G23,10109592LOPESW,2025-06-11,111440,1,4,0,53.0
10109592LOPESW_2025-06-11_G24,10109592LOPESW,2025-06-11,111655,1,6,0,130.0
10109592LOPESW_2025-06-11_G25,10109592LOPESW,2025-06-11,111861,1,4,0,50.0
10109592LOPESW_2025-06-11_G26,10109592LOPESW,2025-06-11,108759,1,9,0,212.0
10109592LOPESW_2025-06-11_G27,10109592LOPESW,2025-06-11,108759,1,7,0,62.0
10109592LOPESW_2025-06-11_G28,10109592LOPESW,2025-06-11,114102,1,4,0,317.0
10109592LOPESW_2025-06-11_G30,10109592LOPESW,2025-06-11,117836,1,5,0,348.0
10109592LOPESW_2025-06-11_G31,10109592LOPESW,2025-06-11,110374,1,21,0,1485.0
10109592LOPESW_2025-06-11_G32,10109592LOPESW,2025-06-11,117822,1,15,0,679.0
10109592LOPESW_2025-06-11_G33,10109592LOPESW,2025-06-11,117832,1,70,0,705.0
10109592LOPESW_2025-06-11_G34,10109592LOPESW,2025-06-11,108772,1,7,0,987.0
10109592LOPESW_2025-06-11_G35,10109592LOPESW,2025-06-11,141047,1,16,0,1086.0
10109592LOPESW_2025-06-11_G36,10109592LOPESW,2025-06-11,117831,1,2,0,2284.0
10109592LOPESW_2025-06-11_G37,10109592LOPESW,2025-06-11,108794,1,4,0,144.0
10109592LOPESW_2025-06-11_G38,10109592LOPESW,2025-06-11,111469,1,6,0,60.0
10109592LOPESW_2025-06-11_G39,10109592LOPESW,2025-06-11,140922,1,7,0,63.0
10109592LOPESW_2025-06-11_G40,10109592LOPESW,2025-06-11,111468,1,4,0,46.0
10109592LOPESW_2025-06-11_G41,10109592LOPESW,2025-06-11,111466,1,5,0,38.0
10109592LOPESW_2025-06-11_G42,10109592LOPESW,2025-06-11,111172,1,6,0,104.0
10109592LOPESW_2025-06-11_G43,10109592LOPESW,2025-06-11,117785,1,6,0,121.0
10109592LOPESW_2025-06-11_G44,10109592LOPESW,2025-06-11,117821,1,3,0,92.0
10109592LOPESW_2025-06-11_G45,10109592LOPESW,2025-06-11,117830,1,4,0,206.0
10109592LOPESW_2025-06-11_G46,10109592LOPESW,2025-06-11,110371,1,2,0,99.0
10109592LOPESW_2025-06-11_G47,10109592LOPESW,2025-06-11,117832,1,2,0,142.0
10109592LOPESW_2025-06-11_G48,10109592LOPESW,2025-06-11,108772,1,8,0,509.0
10109592LOPESW_2025-06-18_G02,10109592LOPESW,2025-06-18,117862,1,20,0,449.0
10109592LOPESW_2025-06-18_G03,10109592LOPESW,2025-06-18,118094,1,34,0,811.0
10109592LOPESW_2025-06-18_G04,10109592LOPESW,2025-06-18,110515,1,30,0,588.0
10109592LOPESW_2025-06-18_G05,10109592LOPESW,2025-06-18,117855,1,1,0,78.0
10109592LOPESW_2025-06-18_G06,10109592LOPESW,2025-06-18,117785,1,50,0,462.0
10109592LOPESW_2025-06-18_G07,10109592LOPESW,2025-06-18,117831,1,36,0,244.0
10109592LOPESW_2025-06-18_G08,10109592LOPESW,2025-06-18,108798,1,10,0,172.0
10109592LOPESW_2025-06-18_G09,10109592LOPESW,2025-06-18,117842,1,7,0,91.0
10109592LOPESW_2025-06-18_G10,10109592LOPESW,2025-06-18,109641,1,5,0,62.0
10109592LOPESW_2025-06-18_G11,10109592LOPESW,2025-06-18,111330,1,13,0,413.0
10109592LOPESW_2025-06-18_G12,10109592LOPESW,2025-06-18,117808,1,1425,0,2121.0
10109592LOPESW_2025-06-18_G13,10109592LOPESW,2025-06-18,111743,1,123,0,3400.0
10109592LOPESW_2025-06-18_G14,10109592LOPESW,2025-06-18,111438,1,48,0,208.0
10109592LOPESW_2025-06-18_G15,10109592LOPESW,2025-06-18,111441,1,63,0,397.0
10109592LOPESW_2025-06-18_G16,10109592LOPESW,2025-06-18,111441,1,70,0,451.0
10109592LOPESW_2025-06-18_G17,10109592LOPESW,2025-06-18,109647,1,20,0,755.0
10109592LOPESW_2025-06-18_G18,10109592LOPESW,2025-06-18,111530,1,50,0,338.0
10109592LOPESW_2025-06-18_G20,10109592LOPESW,2025-06-18,116241,1,8,0,160.0
10109592LOPESW_2025-06-18_G21,10109592LOPESW,2025-06-18,108794,1,12,0,86.0
10109592LOPESW_2025-06-18_G22,10109592LOPESW,2025-06-18,140922,1,30,0,1557.0
10109592LOPESW_2025-06-18_G23,10109592LOPESW,2025-06-18,111431,1,5,0,133.0
10109592LOPESW_2025-06-18_G24,10109592LOPESW,2025-06-18,111462,1,50,0,1315.0
10109592LOPESW_2025-06-18_G25,10109592LOPESW,2025-06-18,117787,1,10,0,250.0
10109592LOPESW_2025-06-18_G26,10109592LOPESW,2025-06-18,111418,1,30,0,694.0
10109592LOPESW_2025-06-18_G27,10109592LOPESW,2025-06-18,111418,1,40,0,894.0
10109592LOPESW_2025-06-20_G02,10109592LOPESW,2025-06-20,108759,1,4,0,102.0
10109592LOPESW_2025-06-20_G03,10109592LOPESW,2025-06-20,111660,1,4,0,230.0
10109592LOPESW_2025-06-20_G04,10109592LOPESW,2025-06-20,118311,1,1,0,42.0
10109592LOPESW_2025-06-20_G05,10109592LOPESW,2025-06-20,111660,1,2,0,129.0
10109592LOPESW_2025-06-20_G06,10109592LOPESW,2025-06-20,141313,1,4,0,221.0
10109592LOPESW_2025-06-20_G07,10109592LOPESW,2025-06-20,109643,1,6,0,184.0
10109592LOPESW_2025-06-20_G08,10109592LOPESW,2025-06-20,111434,1,5,0,364.0
10109592LOPESW_2025-06-20_G09,10109592LOPESW,2025-06-20,140922,1,4,0,128.0
10109592LOPESW_2025-06-20_G10,10109592LOPESW,2025-06-20,111435,1,4,0,330.0
10109592LOPESW_2025-06-20_G11,10109592LOPESW,2025-06-20,117786,1,16,0,816.0
10109592LOPESW_2025-06-20_G12,10109592LOPESW,2025-06-20,117855,1,30,0,502.0
10109592LOPESW_2025-06-20_G13,10109592LOPESW,2025-06-20,111530,1,20,0,272.0
10109592LOPESW_2025-06-20_G14,10109592LOPESW,2025-06-20,117808,1,500,0,2617.0
10109592LOPESW_2025-06-24_G02,10109592LOPESW,2025-06-24,110373,1,1,0,60.0
10109592LOPESW_2025-06-24_G03,10109592LOPESW,2025-06-24,109643,1,2,0,59.0
10109592LOPESW_2025-06-24_G04,10109592LOPESW,2025-06-24,117820,1,12,0,138.0
10109592LOPESW_2025-06-24_G05,10109592LOPESW,2025-06-24,117835,1,2,0,448.0
10109592LOPESW_2025-06-24_G06,10109592LOPESW,2025-06-24,109640,1,2,0,554.0
10109592LOPESW_2025-06-24_G07,10109592LOPESW,2025-06-24,110515,1,10,0,117.0
10109592LOPESW_2025-06-24_G08,10109592LOPESW,2025-06-24,117856,1,1,0,141.0
10109592LOPESW_2025-06-24_G09,10109592LOPESW,2025-06-24,110372,1,6,0,87.0
10109592LOPESW_2025-06-24_G10,10109592LOPESW,2025-06-24,117834,1,2,0,857.0
10109592LOPESW_2025-06-24_G11,10109592LOPESW,2025-06-24,110733,1,8,0,247.0
10109592LOPESW_2025-06-24_G12,10109592LOPESW,2025-06-24,110339,1,2,0,944.0
10109592LOPESW_2025-06-24_G13,10109592LOPESW,2025-06-24,110515,1,2,0,235.0
10109592LOPESW_2025-06-24_G14,10109592LOPESW,2025-06-24,111530,1,4,0,194.0
10109592LOPESW_2025-06-24_G15,10109592LOPESW,2025-06-24,117808,1,3,0,204.0
10109592LOPESW_2025-06-24_G16,10109592LOPESW,2025-06-24,117832,1,4,0,161.0
10109592LOPESW_2025-06-24_G17,10109592LOPESW,2025-06-24,117830,1,10,0,126.0
10109592LOPESW_2025-06-24_G18,10109592LOPESW,2025-06-24,117820,1,5,0,160.0
10109592LOPESW_2025-06-24_G19,10109592LOPESW,2025-06-24,110372,1,2,0,38.0
10109592LOPESW_2025-06-24_G20,10109592LOPESW,2025-06-24,111466,1,4,0,131.0
10109592LOPESW_2025-06-24_G21,10109592LOPESW,2025-06-24,117833,1,2,0,44.0
10109592LOPESW_2025-06-24_G22,10109592LOPESW,2025-06-24,117785,1,2,0,149.0
10109592LOPESW_2025-06-24_G23,10109592LOPESW,2025-06-24,140922,1,4,0,123.0
10109592LOPESW_2025-06-24_G24,10109592LOPESW,2025-06-24,111466,1,2,0,48.0
10109592LOPESW_2025-06-24_G25,10109592LOPESW,2025-06-24,111462,1,2,0,120.0
10109592LOPESW_2025-06-24_G26,10109592LOPESW,2025-06-24,109645,1,2,0,114.0
10109592LOPESW_2025-06-24_G27,10109592LOPESW,2025-06-24,111418,1,10,0,180.0
10109592LOPESW_2025-06-24_G28,10109592LOPESW,2025-06-24,118140,1,4,0,41.0
10109592LOPESW_2025-06-24_G29,10109592LOPESW,2025-06-24,111441,1,8,0,1487.0
10109592LOPESW_2025-06-24_G30,10109592LOPESW,2025-06-24,111569,1,7,0,63.0
10109592LOPESW_2025-06-24_G31,10109592LOPESW,2025-06-24,111441,1,24,0,142.0
10109592LOPESW_2025-06-24_G32,10109592LOPESW,2025-06-24,111569,1,6,0,439.0
10109592LOPESW_2025-06-24_G33,10109592LOPESW,2025-06-24,110313,1,12,0,133.0
10109592LOPESW_2025-06-24_G34,10109592LOPESW,2025-06-24,110740,1,14,0,279.0
10109592LOPESW_2025-06-24_G35,10109592LOPESW,2025-06-24,107830,1,8,0,118.0
10109592LOPESW_2025-06-24_G36,10109592LOPESW,2025-06-24,160054,1,8,0,178.0
10109592LOPESW_2025-06-24_G37,10109592LOPESW,2025-06-24,117808,1,40,0,436.0
10109592LOPESW_2025-06-24_G38,10109592LOPESW,2025-06-24,109643,1,5,0,282.0
10109592LOPESW_2025-06-24_G39,10109592LOPESW,2025-06-24,118299,1,30,0,173.0
10109592LOPESW_2025-06-24_G40,10109592LOPESW,2025-06-24,110373,1,70,0,139.0
10109592LOPESW_2025-06-24_G41,10109592LOPESW,2025-06-24,117820,1,61,0,462.0
10109592LOPESW_2025-06-24_G42,10109592LOPESW,2025-06-24,160051,1,2,0,38.0
10109592LOPESW_2025-06-24_G43,10109592LOPESW,2025-06-24,110372,1,13,0,392.0
10109592LOPESW_2025-06-25_G02,10109592LOPESW,2025-06-25,117786,1,16,0,501.0
10109592LOPESW_2025-06-25_G03,10109592LOPESW,2025-06-25,111467,1,16,0,234.0
10109592LOPESW_2025-06-25_G04,10109592LOPESW,2025-06-25,111532,1,8,0,176.0
10109592LOPESW_2025-06-25_G05,10109592LOPESW,2025-06-25,117861,1,20,0,458.0
10109592LOPESW_2025-06-25_G06,10109592LOPESW,2025-06-25,117820,1,16,0,231.0
10109592LOPESW_2025-06-25_G07,10109592LOPESW,2025-06-25,117808,1,10,0,308.0
10109592LOPESW_2025-06-25_G08,10109592LOPESW,2025-06-25,111172,1,4,0,1041.0
10109592LOPESW_2025-06-25_G09,10109592LOPESW,2025-06-25,110740,1,1,0,70.0
10109592LOPESW_2025-06-25_G10,10109592LOPESW,2025-06-25,117787,1,4,0,132.0
10109592LOPESW_2025-06-25_G11,10109592LOPESW,2025-06-25,107830,1,1,0,86.0
10109592LOPESW_2025-06-25_G12,10109592LOPESW,2025-06-25,108794,1,4,0,314.0
10109592LOPESW_2025-06-25_G13,10109592LOPESW,2025-06-25,118299,1,8,0,162.0
10109592LOPESW_2025-06-25_G14,10109592LOPESW,2025-06-25,117830,1,2,0,59.0
10109592LOPESW_2025-06-25_G15,10109592LOPESW,2025-06-25,110373,1,2,0,80.0
10109592LOPESW_2025-06-25_G16,10109592LOPESW,2025-06-25,117820,1,10,0,146.0
10109592LOPESW_2025-06-25_G17,10109592LOPESW,2025-06-25,110372,1,2,0,73.0
10109592LOPESW_2025-06-25_G18,10109592LOPESW,2025-06-25,110787,1,12,0,524.0
10109592LOPESW_2025-06-25_G19,10109592LOPESW,2025-06-25,107830,1,4,0,113.0
10109592LOPESW_2025-06-25_G20,10109592LOPESW,2025-06-25,109640,1,2,0,226.0
10109592LOPESW_2025-06-25_G21,10109592LOPESW,2025-06-25,118140,1,4,0,187.0
10109592LOPESW_2025-06-25_G22,10109592LOPESW,2025-06-25,118140,1,60,0,563.0
10109592LOPESW_2025-06-25_G23,10109592LOPESW,2025-06-25,118290,1,4,0,617.0
10109592LOPESW_2025-06-25_G24,10109592LOPESW,2025-06-25,111793,1,5,0,139.0
10109592LOPESW_2025-06-25_G25,10109592LOPESW,2025-06-25,118280,1,4,0,163.0
10109592LOPESW_2025-06-25_G26,10109592LOPESW,2025-06-25,111660,1,60,0,576.0
10109592LOPESW_2025-06-26_G02,10109592LOPESW,2025-06-26,118222,1,4,0,118.0
10109592LOPESW_2025-06-26_G03,10109592LOPESW,2025-06-26,109640,1,4,0,559.0
10109592LOPESW_2025-06-26_G04,10109592LOPESW,2025-06-26,111602,1,2,0,155.0
10109592LOPESW_2025-06-26_G05,10109592LOPESW,2025-06-26,110711,1,5,0,134.0
10109592LOPESW_2025-06-26_G06,10109592LOPESW,2025-06-26,111430,1,2,0,202.0
10109592LOPESW_2025-06-26_G07,10109592LOPESW,2025-06-26,100334,1,4,0,67.0
10109592LOPESW_2025-06-26_G08,10109592LOPESW,2025-06-26,109640,1,5,0,168.0
10109592LOPESW_2025-06-26_G09,10109592LOPESW,2025-06-26,111602,1,2,0,146.0
10109592LOPESW_2025-06-26_G10,10109592LOPESW,2025-06-26,111753,1,4,0,62.0
10109592LOPESW_2025-06-26_G11,10109592LOPESW,2025-06-26,118299,1,4,0,427.0
10109592LOPESW_2025-06-26_G12,10109592LOPESW,2025-06-26,110374,1,13,0,465.0
10109592LOPESW_2025-06-26_G13,10109592LOPESW,2025-06-26,118140,1,5,0,595.0
10109592LOPESW_2025-06-27_G02,10109592LOPESW,2025-06-27,110740,1,4,0,118.0
10109592LOPESW_2025-06-27_G03,10109592LOPESW,2025-06-27,107236,1,2,0,102.0
10109592LOPESW_2025-06-27_G04,10109592LOPESW,2025-06-27,109640,1,4,0,125.0
10109592LOPESW_2025-06-27_G05,10109592LOPESW,2025-06-27,140922,1,4,0,43.0
10109592LOPESW_2025-06-27_G06,10109592LOPESW,2025-06-27,110582,1,4,0,723.0
10109592LOPESW_2025-06-27_G07,10109592LOPESW,2025-06-27,110742,1,8,0,188.0
10109592LOPESW_2025-06-27_G08,10109592LOPESW,2025-06-27,110895,1,8,0,143.0
10109592LOPESW_2025-06-27_G09,10109592LOPESW,2025-06-27,108759,1,2,0,117.0
10109592LOPESW_2025-06-27_G10,10109592LOPESW,2025-06-27,117835,1,4,0,104.0
10109592LOPESW_2025-06-27_G11,10109592LOPESW,2025-06-27,111438,1,11,0,194.0
10109592LOPESW_2025-06-27_G12,10109592LOPESW,2025-06-27,108770,1,4,0,129.0
10109592LOPESW_2025-06-27_G13,10109592LOPESW,2025-06-27,110740,1,8,0,185.0
10109592LOPESW_2025-06-27_G14,10109592LOPESW,2025-06-27,117855,1,20,0,505.0
10109592LOPESW_2025-06-27_G15,10109592LOPESW,2025-06-27,117862,1,10,0,136.0
10109592LOPESW_2025-06-27_G16,10109592LOPESW,2025-06-27,117862,1,4,0,43.0
10109592LOPESW_2025-06-27_G17,10109592LOPESW,2025-06-27,117965,1,1,0,93.0
10109592LOPESW_2025-06-27_G18,10109592LOPESW,2025-06-27,110741,1,4,0,108.0
10109592LOPESW_2025-06-27_G19,10109592LOPESW,2025-06-27,118094,1,8,0,190.0
10109592LOPESW_2025-06-27_G20,10109592LOPESW,2025-06-27,117786,1,12,0,104.0
10109592LOPESW_2025-06-27_G21,10109592LOPESW,2025-06-27,118298,1,1,0,79.0
10109592LOPESW_2025-06-27_G22,10109592LOPESW,2025-06-27,118298,1,6,0,41.0
10109592LOPESW_2025-06-27_G23,10109592LOPESW,2025-06-27,110515,1,12,0,2574.0
10109592LOPESW_2025-06-27_G24,10109592LOPESW,2025-06-27,117837,1,8,0,131.0
10109592LOPESW_2025-06-27_G25,10109592LOPESW,2025-06-27,109640,1,20,0,297.0
10109592LOPESW_2025-06-27_G26,10109592LOPESW,2025-06-27,117861,1,10,0,146.0
10109592LOPESW_2025-06-27_G27,10109592LOPESW,2025-06-27,141047,1,8,0,74.0
10109592LOPESW_2025-06-27_G28,10109592LOPESW,2025-06-27,111530,1,12,0,806.0
10109592LOPESW_2025-06-27_G29,10109592LOPESW,2025-06-27,111602,1,12,0,187.0
10109592LOPESW_2025-06-27_G30,10109592LOPESW,2025-06-27,117856,1,20,0,879.0
10109592LOPESW_2025-06-27_G31,10109592LOPESW,2025-06-27,107892,1,1,0,857.0
10109592LOPESW_2025-06-27_G32,10109592LOPESW,2025-06-27,108711,1,1,0,332.0
10109592LOPESW_2025-06-27_G33,10109592LOPESW,2025-06-27,117831,1,1,0,195.0
10109592LOPESW_2025-06-27_G34,10109592LOPESW,2025-06-27,117821,1,1,0,254.0
10109592LOPESW_2025-06-27_G35,10109592LOPESW,2025-06-27,118140,1,4,0,125.0
10109592LOPESW_2025-06-27_G36,10109592LOPESW,2025-06-27,111465,1,1,0,44.0
10109592LOPESW_2025-06-27_G37,10109592LOPESW,2025-06-27,117808,1,16,0,269.0
10109592LOPESW_2025-06-27_G38,10109592LOPESW,2025-06-27,110374,1,7,0,193.0
10109592LOPESW_2025-06-27_G39,10109592LOPESW,2025-06-27,110371,1,3,0,53.0
10109592LOPESW_2025-06-27_G40,10109592LOPESW,2025-06-27,117820,1,3,0,42.0
10109592LOPESW_2025-06-27_G41,10109592LOPESW,2025-06-27,110733,1,1,0,322.0
10109592LOPESW_2025-06-27_G42,10109592LOPESW,2025-06-27,111463,1,7,0,708.0
10109592LOPESW_2025-06-27_G43,10109592LOPESW,2025-06-27,108711,1,3,0,98.0
10109592LOPESW_2025-06-27_G44,10109592LOPESW,2025-06-27,117831,1,2,0,68.0
10109592LOPESW_2025-06-27_G45,10109592LOPESW,2025-06-27,111462,1,4,0,83.0
10109592LOPESW_2025-06-29_G02,10109592LOPESW,2025-06-29,111430,1,16,0,143.0
10109592LOPESW_2025-06-29_G03,10109592LOPESW,2025-06-29,110747,1,8,0,156.0
10109592LOPESW_2025-06-29_G04,10109592LOPESW,2025-06-29,111436,1,4,0,335.0
10109592LOPESW_2025-06-29_G05,10109592LOPESW,2025-06-29,110895,1,4,0,91.0
10109592LOPESW_2025-06-29_G06,10109592LOPESW,2025-06-29,108759,1,4,0,116.0
10109592LOPESW_2025-06-29_G07,10109592LOPESW,2025-06-29,117835,1,3,0,93.0
10109592LOPESW_2025-06-29_G08,10109592LOPESW,2025-06-29,111441,1,4,0,82.0
10109592LOPESW_2025-06-29_G09,10109592LOPESW,2025-06-29,111569,1,6,0,127.0
10109592LOPESW_2025-06-29_G10,10109592LOPESW,2025-06-29,110623,1,4,0,322.0
10109592LOPESW_2025-06-29_G11,10109592LOPESW,2025-06-29,118222,1,8,0,266.0
10109592LOPESW_2025-06-29_G12,10109592LOPESW,2025-06-29,100334,1,21,0,1097.0
10109592LOPESW_2025-06-29_G13,10109592LOPESW,2025-06-29,118299,1,14,0,506.0
10109592LOPESW_2025-06-29_G14,10109592LOPESW,2025-06-29,109643,1,10,0,223.0
10109592LOPESW_2025-06-29_G15,10109592LOPESW,2025-06-29,110373,1,98,0,355.0
10109592LOPESW_2025-06-29_G16,10109592LOPESW,2025-06-29,107830,1,12,0,138.0
10109592LOPESW_2025-06-29_G17,10109592LOPESW,2025-06-29,110376,1,4,0,73.0
10109592LOPESW_2025-06-29_G18,10109592LOPESW,2025-06-29,110375,1,18,0,953.0
10109592LOPESW_2025-06-29_G19,10109592LOPESW,2025-06-29,117809,1,22,0,517.0
10109592LOPESW_2025-06-29_G20,10109592LOPESW,2025-06-29,110372,1,50,0,591.0
10109592LOPESW_2025-06-29_G21,10109592LOPESW,2025-06-29,110371,1,36,0,1052.0
10109592LOPESW_2025-06-29_G22,10109592LOPESW,2025-06-29,111330,1,22,0,427.0
10109592LOPESW_2025-06-29_G23,10109592LOPESW,2025-06-29,111330,1,2,0,43.0
10109592LOPESW_2025-06-29_G25,10109592LOPESW,2025-06-29,111569,1,1,0,982.0
10109592LOPESW_2025-06-29_G26,10109592LOPESW,2025-06-29,110711,2,10,29,133.0
10109592LOPESW_2025-06-29_G27,10109592LOPESW,2025-06-29,141066,1,19,0,212.0
10109592LOPESW_2025-06-29_G28,10109592LOPESW,2025-06-29,110711,1,5,0,150.0
10109592LOPESW_2025-06-29_G29,10109592LOPESW,2025-06-29,111348,1,4,0,336.0
10109592LOPESW_2025-06-29_G30,10109592LOPESW,2025-06-29,110711,1,3,0,368.0
10109592LOPESW_2025-06-29_G31,10109592LOPESW,2025-06-29,109640,1,12,0,339.0
10109592LOPESW_2025-06-29_G32,10109592LOPESW,2025-06-29,111443,1,8,0,454.0
10109592LOPESW_2025-06-29_G33,10109592LOPESW,2025-06-29,110711,1,7,0,876.0
10109592LOPESW_2025-06-29_G34,10109592LOPESW,2025-06-29,141066,1,60,0,492.0
10109592LOPESW_2025-06-29_G35,10109592LOPESW,2025-06-29,110500,1,4,0,315.0
10109592LOPESW_2025-06-29_G37,10109592LOPESW,2025-06-29,111469,1,285,0,538.0
10109592LOPESW_2025-06-29_G38,10109592LOPESW,2025-06-29,110372,1,692,0,743.0
10109592LOPESW_2025-06-30_G02,10109592LOPESW,2025-06-30,160051,1,4,0,228.0
10109592LOPESW_2025-06-30_G03,10109592LOPESW,2025-06-30,111442,1,4,0,181.0
10109592LOPESW_2025-06-30_G04,10109592LOPESW,2025-06-30,111443,1,8,0,289.0
10109592LOPESW_2025-06-30_G05,10109592LOPESW,2025-06-30,111569,1,7,0,339.0
10109592LOPESW_2025-06-30_G06,10109592LOPESW,2025-06-30,111569,1,6,0,234.0
10109592LOPESW_2025-06-30_G07,10109592LOPESW,2025-06-30,110711,1,3,0,363.0
10109592LOPESW_2025-06-30_G08,10109592LOPESW,2025-06-30,111443,1,10,0,133.0
10109592LOPESW_2025-06-30_G09,10109592LOPESW,2025-06-30,111443,1,11,0,68.0
10109592LOPESW_2025-06-30_G10,10109592LOPESW,2025-06-30,111430,1,4,0,1412.0
10109592LOPESW_2025-06-30_G11,10109592LOPESW,2025-06-30,117836,1,1,0,190.0
10109592LOPESW_2025-06-30_G12,10109592LOPESW,2025-06-30,110515,1,4,0,175.0
10109592LOPESW_2025-06-30_G13,10109592LOPESW,2025-06-30,111439,1,1,0,289.0
10109592LOPESW_2025-06-30_G14,10109592LOPESW,2025-06-30,117856,1,4,0,210.0
10109592LOPESW_2025-06-30_G15,10109592LOPESW,2025-06-30,118140,1,4,0,187.0
10109592LOPESW_2025-06-30_G16,10109592LOPESW,2025-06-30,117787,1,4,0,190.0
10109592LOPESW_2025-06-30_G17,10109592LOPESW,2025-06-30,110373,1,4,0,83.0
10109592LOPESW_2025-06-30_G18,10109592LOPESW,2025-06-30,110372,1,10,0,153.0
10109592LOPESW_2025-06-30_G19,10109592LOPESW,2025-06-30,111602,1,3,0,356.0
10109592LOPESW_2025-06-30_G20,10109592LOPESW,2025-06-30,117785,1,2,0,182.0
10109592LOPESW_2025-06-30_G21,10109592LOPESW,2025-06-30,118140,1,3,0,123.0
10109592LOPESW_2025-06-30_G22,10109592LOPESW,2025-06-30,111443,1,8,0,541.0
10109592LOPESW_2025-06-30_G23,10109592LOPESW,2025-06-30,111443,1,4,0,65.0
10109592LOPESW_2025-06-30_G24,10109592LOPESW,2025-06-30,111443,1,1,0,933.0
10109592LOPESW_2025-06-30_G25,10109592LOPESW,2025-06-30,117808,1,6,0,137.0
10109592LOPESW_2025-06-30_G26,10109592LOPESW,2025-06-30,111443,1,2,0,153.0
10109592LOPESW_2025-06-30_G27,10109592LOPESW,2025-06-30,117837,1,6,0,167.0
10109592LOPESW_2025-06-30_G28,10109592LOPESW,2025-06-30,109647,1,3,0,191.0
10109592LOPESW_2025-06-30_G29,10109592LOPESW,2025-06-30,111467,1,4,0,66.0
10109592LOPESW_2025-06-30_G30,10109592LOPESW,2025-06-30,111602,1,6,0,157.0
10109592LOPESW_2025-06-30_G31,10109592LOPESW,2025-06-30,111463,1,16,0,828.0
10109592LOPESW_2025-06-30_G32,10109592LOPESW,2025-06-30,118140,1,1,0,105.0
10109592LOPESW_2025-06-30_G33,10109592LOPESW,2025-06-30,117831,1,4,0,94.0
10109592LOPESW_2025-06-30_G34,10109592LOPESW,2025-06-30,141823,1,4,0,194.0
10109592LOPESW_2025-06-30_G35,10109592LOPESW,2025-06-30,117809,1,3,0,138.0
10109592LOPESW_2025-06-30_G36,10109592LOPESW,2025-06-30,117832,1,4,0,122.0
10109592LOPESW_2025-06-30_G37,10109592LOPESW,2025-06-30,110373,1,11,0,170.0
10109592LOPESW_2025-06-30_G39,10109592LOPESW,2025-06-30,118140,1,2,0,71.0
10109592LOPESW_2025-06-30_G40,10109592LOPESW,2025-06-30,140922,1,12,0,173.0
10109592LOPESW_2025-06-30_G41,10109592LOPESW,2025-06-30,110750,1,68,0,1677.0
10109592LOPESW_2025-06-30_G42,10109592LOPESW,2025-06-30,117821,1,19,0,225.0
10109592LOPESW_2025-06-30_G43,10109592LOPESW,2025-06-30,117833,1,639,0,1051.0
10109592LOPESW_2025-06-30_G44,10109592LOPESW,2025-06-30,109641,1,241,0,1314.0
10109592LOPESW_2025-06-30_G45,10109592LOPESW,2025-06-30,109643,1,38,0,591.0
10109592LOPESW_2025-07-29_G02,10109592LOPESW,2025-07-29,141458,1,4,0,117.0
10109592LOPESW_2025-07-29_G03,10109592LOPESW,2025-07-29,141457,1,4,0,90.0
10109592LOPESW_2025-07-29_G05,10109592LOPESW,2025-07-29,109640,1,1,0,105.0
10109592LOPESW_2025-07-29_G06,10109592LOPESW,2025-07-29,111532,1,2,0,151.0
10109592LOPESW_2025-07-29_G07,10109592LOPESW,2025-07-29,109640,1,4,0,165.0
10109592LOPESW_2025-07-29_G08,10109592LOPESW,2025-07-29,109640,1,1,0,81.0
10109592LOPESW_2025-07-29_G09,10109592LOPESW,2025-07-29,110755,1,50,0,1285.0
10109592LOPESW_2025-07-29_G10,10109592LOPESW,2025-07-29,110313,1,20,0,415.0
10109592LOPESW_2025-07-29_G11,10109592LOPESW,2025-07-29,111182,1,30,0,355.0
10109592LOPESW_2025-07-29_G12,10109592LOPESW,2025-07-29,111330,1,20,0,587.0
10109592LOPESW_2025-07-29_G13,10109592LOPESW,2025-07-29,111655,1,12,0,733.0
10109592LOPESW_2025-07-29_G14,10109592LOPESW,2025-07-29,107629,1,3,0,124.0
10109592LOPESW_2025-07-29_G15,10109592LOPESW,2025-07-29,111530,1,3,0,125.0
10109592LOPESW_2025-07-29_G16,10109592LOPESW,2025-07-29,111530,1,10,0,429.0
10109592LOPESW_2025-07-29_G17,10109592LOPESW,2025-07-29,111172,1,4,0,200.0
10109592LOPESW_2025-07-29_G18,10109592LOPESW,2025-07-29,108711,1,4,0,108.0
10109592LOPESW_2025-07-29_G19,10109592LOPESW,2025-07-29,118317,1,12,0,181.0
10109592LOPESW_2025-07-29_G20,10109592LOPESW,2025-07-29,160054,1,8,0,211.0
10109592LOPESW_2025-07-29_G21,10109592LOPESW,2025-07-29,109643,1,8,0,406.0
10109592LOPESW_2025-07-29_G22,10109592LOPESW,2025-07-29,141066,1,32,0,1720.0
10109592LOPESW_2025-07-29_G23,10109592LOPESW,2025-07-29,117856,1,17,0,182.0
10109592LOPESW_2025-07-29_G24,10109592LOPESW,2025-07-29,110313,1,33,0,834.0
10109592LOPESW_2025-07-29_G25,10109592LOPESW,2025-07-29,111602,1,30,0,349.0
10109592LOPESW_2025-07-29_G26,10109592LOPESW,2025-07-29,111530,1,40,0,303.0
10109592LOPESW_2025-07-29_G27,10109592LOPESW,2025-07-29,110733,1,160,0,812.0
10109592LOPESW_2025-07-29_G28,10109592LOPESW,2025-07-29,111418,1,20,0,347.0
10109592LOPESW_2025-07-29_G29,10109592LOPESW,2025-07-29,111466,1,100,0,1118.0
10109592LOPESW_2025-07-31_G02,10109592LOPESW,2025-07-31,141458,1,20,0,213.0
10109592LOPESW_2025-07-31_G03,10109592LOPESW,2025-07-31,141456,1,160,0,864.0
10109592LOPESW_2025-07-31_G04,10109592LOPESW,2025-07-31,141456,1,32,0,498.0
10109592LOPESW_2025-07-31_G05,10109592LOPESW,2025-07-31,141457,1,20,0,311.0
10109592LOPESW_2025-07-31_G06,10109592LOPESW,2025-07-31,141456,1,12,0,383.0
10109592LOPESW_2025-07-31_G07,10109592LOPESW,2025-07-31,141457,1,20,0,380.0
10109592LOPESW_2025-07-31_G08,10109592LOPESW,2025-07-31,141369,1,4,0,540.0
10109592LOPESW_2025-07-31_G09,10109592LOPESW,2025-07-31,110750,1,8,0,82.0
10109592LOPESW_2025-07-31_G10,10109592LOPESW,2025-07-31,111879,1,20,0,159.0
10109592LOPESW_2025-07-31_G11,10109592LOPESW,2025-07-31,141458,1,50,0,981.0
10109592LOPESW_2025-07-31_G12,10109592LOPESW,2025-07-31,118222,1,30,0,1612.0
10109592LOPESW_2025-07-31_G13,10109592LOPESW,2025-07-31,111530,1,16,0,1814.0
10109592LOPESW_2025-07-31_G14,10109592LOPESW,2025-07-31,117853,1,6,0,80.0
10109592LOPESW_2025-07-31_G15,10109592LOPESW,2025-07-31,110733,2,14,27,319.0
10109592LOPESW_2025-07-31_G16,10109592LOPESW,2025-07-31,110733,1,20,0,406.0
10109592LOPESW_2025-07-31_G17,10109592LOPESW,2025-07-31,110733,1,1,0,57.0
10109592LOPESW_2025-07-31_G18,10109592LOPESW,2025-07-31,118299,1,80,0,513.0
10109592LOPESW_2025-07-31_G19,10109592LOPESW,2025-07-31,107830,1,4,0,311.0
10109592LOPESW_2025-07-31_G21,10109592LOPESW,2025-07-31,111430,1,1,0,49.0
10109592LOPESW_2025-07-31_G22,10109592LOPESW,2025-07-31,110755,1,2,0,66.0
10109592LOPESW_2025-07-31_G23,10109592LOPESW,2025-07-31,111438,1,2,0,60.0
10109592LOPESW_2025-07-31_G24,10109592LOPESW,2025-07-31,111438,1,9,0,82.0
10109592LOPESW_2025-08-26_G02,10109592LOPESW,2025-08-26,111463,1,10,0,170.0
10109592LOPESW_2025-08-26_G03,10109592LOPESW,2025-08-26,111463,1,10,0,69.0
10109592LOPESW_2025-08-26_G04,10109592LOPESW,2025-08-26,140922,1,6,0,151.0
10109592LOPESW_2025-08-26_G05,10109592LOPESW,2025-08-26,117842,1,9,0,216.0
10109592LOPESW_2025-08-26_G06,10109592LOPESW,2025-08-26,141456,1,5,0,108.0
10109592LOPESW_2025-08-26_G07,10109592LOPESW,2025-08-26,111468,1,8,0,176.0
10109592LOPESW_2025-08-26_G08,10109592LOPESW,2025-08-26,109645,1,4,0,110.0
10109592LOPESW_2025-08-26_G09,10109592LOPESW,2025-08-26,141457,1,10,0,573.0
10109592LOPESW_2025-08-26_G10,10109592LOPESW,2025-08-26,141457,1,30,0,186.0
10109592LOPESW_2025-08-26_G11,10109592LOPESW,2025-08-26,110748,1,5,0,83.0
10109592LOPESW_2025-08-26_G12,10109592LOPESW,2025-08-26,118140,1,30,0,351.0
10109592LOPESW_2025-08-26_G13,10109592LOPESW,2025-08-26,110787,2,12,30,918.0
10109592LOPESW_2025-08-26_G14,10109592LOPESW,2025-08-26,110787,1,20,0,116.0
10109592LOPESW_2025-08-26_G15,10109592LOPESW,2025-08-26,110787,1,20,0,186.0
10109592LOPESW_2025-08-26_G16,10109592LOPESW,2025-08-26,110745,1,12,0,853.0
10109592LOPESW_2025-08-26_G17,10109592LOPESW,2025-08-26,109641,1,5,0,82.0
10109592LOPESW_2025-08-26_G18,10109592LOPESW,2025-08-26,109641,1,2,0,35.0
10109592LOPESW_2025-08-26_G19,10109592LOPESW,2025-08-26,109641,1,2,0,40.0
10109592LOPESW_2025-08-26_G20,10109592LOPESW,2025-08-26,111462,2,14,30,398.0
10109592LOPESW_2025-08-26_G21,10109592LOPESW,2025-08-26,111462,1,10,0,51.0
10109592LOPESW_2025-08-26_G22,10109592LOPESW,2025-08-26,111462,1,10,0,101.0
10109592LOPESW_2025-08-26_G23,10109592LOPESW,2025-08-26,111442,1,10,0,117.0
10109592LOPESW_2025-08-26_G24,10109592LOPESW,2025-08-26,111330,1,2,0,42.0
10109592LOPESW_2025-08-26_G25,10109592LOPESW,2025-08-26,141458,1,10,0,154.0
10109592LOPESW_2025-08-26_G26,10109592LOPESW,2025-08-26,118140,1,20,0,522.0
10109592LOPESW_2025-08-26_G27,10109592LOPESW,2025-08-26,118140,1,6,0,49.0
10109592LOPESW_2025-08-26_G28,10109592LOPESW,2025-08-26,117785,1,10,0,315.0
10109592LOPESW_2025-08-26_G29,10109592LOPESW,2025-08-26,109643,1,14,0,92.0
10109592LOPESW_2025-08-26_G30,10109592LOPESW,2025-08-26,110374,1,10,0,61.0
10109592LOPESW_2025-08-26_G31,10109592LOPESW,2025-08-26,117840,1,7,0,120.0
10109592LOPESW_2025-08-26_G32,10109592LOPESW,2025-08-26,160051,1,2,0,82.0
10109592LOPESW_2025-08-26_G33,10109592LOPESW,2025-08-26,110376,1,4,0,57.0
10109592LOPESW_2025-08-26_G34,10109592LOPESW,2025-08-26,110374,1,7,0,152.0
10109592LOPESW_2025-08-26_G35,10109592LOPESW,2025-08-26,117855,1,40,0,286.0
10109592LOPESW_2025-08-26_G36,10109592LOPESW,2025-08-26,110741,1,4,0,61.0
10109592LOPESW_2025-08-26_G37,10109592LOPESW,2025-08-26,118094,1,6,0,102.0
10109592LOPESW_2025-08-26_G38,10109592LOPESW,2025-08-26,111602,1,5,0,130.0
10109592LOPESW_2025-08-26_G39,10109592LOPESW,2025-08-26,111602,1,10,0,66.0
10109592LOPESW_2025-08-26_G40,10109592LOPESW,2025-08-26,111467,1,10,0,249.0
10109592LOPESW_2025-08-26_G41,10109592LOPESW,2025-08-26,110374,1,10,0,206.0
10109592LOPESW_2025-08-26_G42,10109592LOPESW,2025-08-26,110372,1,34,0,310.0
10109592LOPESW_2025-08-26_G44,10109592LOPESW,2025-08-26,118280,1,14,0,247.0
10109592LOPESW_2025-08-26_G45,10109592LOPESW,2025-08-26,140911,1,11,0,143.0
10109592LOPESW_2025-08-26_G46,10109592LOPESW,2025-08-26,117855,1,30,0,425.0
10109592LOPESW_2025-08-26_G47,10109592LOPESW,2025-08-26,111602,1,20,0,191.0
10109592LOPESW_2025-08-26_G48,10109592LOPESW,2025-08-26,117837,1,12,0,459.0
10109592LOPESW_2025-08-26_G49,10109592LOPESW,2025-08-26,117785,1,100,0,1960.0
10109592LOPESW_2025-08-26_G50,10109592LOPESW,2025-08-26,111463,1,70,0,494.0
10109592LOPESW_2025-08-26_G51,10109592LOPESW,2025-08-26,111418,1,100,0,606.0
10109592LOPESW_2025-08-26_G52,10109592LOPESW,2025-08-26,111466,1,60,0,467.0
10109592LOPESW_2025-08-26_G53,10109592LOPESW,2025-08-26,117808,1,610,0,1341.0
10109592LOPESW_2025-08-26_G54,10109592LOPESW,2025-08-26,118299,1,500,0,1079.0
10109592LOPESW_2025-08-27_G02,10109592LOPESW,2025-08-27,110756,1,1,0,444.0
10109592LOPESW_2025-08-27_G03,10109592LOPESW,2025-08-27,117862,1,2,0,206.0
10109592LOPESW_2025-08-27_G04,10109592LOPESW,2025-08-27,107629,1,2,0,42.0
10109592LOPESW_2025-08-27_G05,10109592LOPESW,2025-08-27,117856,1,2,0,64.0
10109592LOPESW_2025-08-27_G06,10109592LOPESW,2025-08-27,118094,1,3,0,61.0
10109592LOPESW_2025-08-27_G07,10109592LOPESW,2025-08-27,117935,1,4,0,109.0
10109592LOPESW_2025-08-27_G08,10109592LOPESW,2025-08-27,111467,1,2,0,122.0
10109592LOPESW_2025-08-27_G09,10109592LOPESW,2025-08-27,117837,1,2,0,138.0
10109592LOPESW_2025-08-27_G10,10109592LOPESW,2025-08-27,109643,1,2,0,114.0
10109592LOPESW_2025-08-27_G11,10109592LOPESW,2025-08-27,117809,1,1,0,134.0
10109592LOPESW_2025-08-27_G12,10109592LOPESW,2025-08-27,111468,1,2,0,92.0
10109592LOPESW_2025-08-27_G13,10109592LOPESW,2025-08-27,110740,1,1,0,31.0
10109592LOPESW_2025-08-27_G14,10109592LOPESW,2025-08-27,117831,1,2,0,84.0
10109592LOPESW_2025-08-27_G15,10109592LOPESW,2025-08-27,110129,1,1,0,1080.0
10109592LOPESW_2025-08-27_G16,10109592LOPESW,2025-08-27,111469,1,6,0,77.0
10109592LOPESW_2025-08-27_G17,10109592LOPESW,2025-08-27,109645,1,2,0,106.0
10109592LOPESW_2025-08-27_G18,10109592LOPESW,2025-08-27,141457,1,2,0,38.0
10109592LOPESW_2025-08-27_G19,10109592LOPESW,2025-08-27,111418,1,6,0,47.0
10109592LOPESW_2025-08-27_G20,10109592LOPESW,2025-08-27,118140,1,4,0,37.0
10109592LOPESW_2025-08-27_G21,10109592LOPESW,2025-08-27,111466,1,4,0,68.0
10109592LOPESW_2025-08-27_G22,10109592LOPESW,2025-08-27,111462,1,6,0,83.0
10109592LOPESW_2025-08-27_G23,10109592LOPESW,2025-08-27,117820,1,30,0,369.0
10109592LOPESW_2025-08-27_G24,10109592LOPESW,2025-08-27,111569,1,2,0,174.0
10109592LOPESW_2025-08-27_G26,10109592LOPESW,2025-08-27,118290,1,2,0,198.0
10109592LOPESW_2025-08-27_G27,10109592LOPESW,2025-08-27,117808,1,2,0,279.0
10109592LOPESW_2025-08-27_G28,10109592LOPESW,2025-08-27,118299,1,2,0,244.0
10109592LOPESW_2025-08-27_G29,10109592LOPESW,2025-08-27,117935,1,2,0,227.0
10109592LOPESW_2025-08-27_G30,10109592LOPESW,2025-08-27,117837,1,8,0,830.0
10109592LOPESW_2025-08-27_G31,10109592LOPESW,2025-08-27,110895,1,4,0,462.0
10109592LOPESW_2025-08-27_G32,10109592LOPESW,2025-08-27,111442,1,6,0,206.0
10109592LOPESW_2025-08-27_G33,10109592LOPESW,2025-08-27,110787,1,6,0,226.0
10109592LOPESW_2025-08-27_G34,10109592LOPESW,2025-08-27,111602,1,4,0,175.0
10109592LOPESW_2025-08-27_G35,10109592LOPESW,2025-08-27,108795,1,4,0,335.0
10109592LOPESW_2025-08-27_G36,10109592LOPESW,2025-08-27,110787,1,12,0,181.0
10109592LOPESW_2025-08-27_G37,10109592LOPESW,2025-08-27,108711,1,2,0,797.0
10109592LOPESW_2025-08-27_G38,10109592LOPESW,2025-08-27,111743,1,4,0,173.0
10109592LOPESW_2025-08-27_G39,10109592LOPESW,2025-08-27,110787,1,1,0,82.0
10109592LOPESW_2025-08-27_G40,10109592LOPESW,2025-08-27,117935,1,4,0,348.0
10109592LOPESW_2025-08-27_G41,10109592LOPESW,2025-08-27,141823,1,4,0,237.0
10109592LOPESW_2025-08-27_G42,10109592LOPESW,2025-08-27,116241,1,3,0,1297.0
10109592LOPESW_2025-08-27_G43,10109592LOPESW,2025-08-27,109645,1,3,0,106.0
10109592LOPESW_2025-08-27_G44,10109592LOPESW,2025-08-27,111418,1,14,0,93.0
10109592LOPESW_2025-08-27_G45,10109592LOPESW,2025-08-27,118140,1,16,0,228.0
10109592LOPESW_2025-08-27_G46,10109592LOPESW,2025-08-27,117831,1,15,0,291.0
10109592LOPESW_2025-08-27_G47,10109592LOPESW,2025-08-27,111182,1,1,0,46.0
10109592LOPESW_2025-08-27_G48,10109592LOPESW,2025-08-27,111462,1,20,0,294.0
10109592LOPESW_2025-08-27_G49,10109592LOPESW,2025-08-27,111530,1,10,0,1141.0
10109592LOPESW_2025-08-27_G50,10109592LOPESW,2025-08-27,111530,1,10,0,82.0
10109592LOPESW_2025-08-27_G51,10109592LOPESW,2025-08-27,118094,1,3,0,149.0
10109592LOPESW_2025-08-27_G52,10109592LOPESW,2025-08-27,117935,1,10,0,151.0
10109592LOPESW_2025-08-27_G53,10109592LOPESW,2025-08-27,117808,1,9,0,165.0
10109592LOPESW_2025-08-27_G54,10109592LOPESW,2025-08-27,117820,1,6,0,184.0
10109592LOPESW_2025-08-27_G55,10109592LOPESW,2025-08-27,117830,1,16,0,238.0
10109592LOPESW_2025-08-29_G02,10109592LOPESW,2025-08-29,105705,1,4,0,563.0
10109592LOPESW_2025-08-29_G03,10109592LOPESW,2025-08-29,110895,1,4,0,145.0
10109592LOPESW_2025-08-29_G04,10109592LOPESW,2025-08-29,111530,1,12,0,884.0
10109592LOPESW_2025-08-29_G05,10109592LOPESW,2025-08-29,117935,1,6,0,407.0
10109592LOPESW_2025-08-29_G06,10109592LOPESW,2025-08-29,118283,1,10,0,926.0
10109592LOPESW_2025-08-29_G07,10109592LOPESW,2025-08-29,108411,1,3,0,118.0
10109592LOPESW_2025-08-29_G08,10109592LOPESW,2025-08-29,110534,1,4,0,188.0
10109592LOPESW_2025-08-29_G09,10109592LOPESW,2025-08-29,118281,1,20,0,273.0
10109592LOPESW_2025-08-29_G10,10109592LOPESW,2025-08-29,118418,1,4,0,275.0
10109592LOPESW_2025-08-29_G11,10109592LOPESW,2025-08-29,111530,1,10,0,220.0
10109592LOPESW_2025-08-29_G12,10109592LOPESW,2025-08-29,111532,1,5,0,341.0
10109592LOPESW_2025-08-29_G13,10109592LOPESW,2025-08-29,111530,1,3,0,561.0
10109592LOPESW_2025-08-29_G14,10109592LOPESW,2025-08-29,117935,1,6,0,76.0
10109592LOPESW_2025-08-29_G15,10109592LOPESW,2025-08-29,111530,1,3,0,58.0
10109592LOPESW_2025-08-29_G16,10109592LOPESW,2025-08-29,111532,1,4,0,124.0
10109592LOPESW_2025-09-29_G02,10109592LOPESW,2025-09-29,111182,1,15,0,126.0
10109592LOPESW_2025-09-29_G03,10109592LOPESW,2025-09-29,111462,1,60,0,125.0
10109592LOPESW_2025-09-29_G04,10109592LOPESW,2025-09-29,117831,1,60,0,820.0
10109592LOPESW_2025-09-29_G05,10109592LOPESW,2025-09-29,107236,1,1,0,61.0
10109592LOPESW_2025-09-29_G06,10109592LOPESW,2025-09-29,109641,1,14,0,431.0
10109592LOPESW_2025-09-29_G07,10109592LOPESW,2025-09-29,111172,1,20,0,277.0
10109592LOPESW_2025-09-29_G09,10109592LOPESW,2025-09-29,107629,1,4,0,200.0
10109592LOPESW_2025-09-29_G10,10109592LOPESW,2025-09-29,140923,1,4,0,105.0
10109592LOPESW_2025-09-29_G11,10109592LOPESW,2025-09-29,140923,2,14,29,63.0
10109592LOPESW_2025-09-29_G12,10109592LOPESW,2025-09-29,117861,2,4,18,34.0
10109592LOPESW_2025-09-29_G13,10109592LOPESW,2025-09-29,110733,1,2,0,31.0
10109592LOPESW_2025-09-29_G14,10109592LOPESW,2025-09-29,109647,1,1,0,34.0
10109592LOPESW_2025-09-29_G15,10109592LOPESW,2025-09-29,117855,2,4,18,146.0
10109592LOPESW_2025-09-29_G16,10109592LOPESW,2025-09-29,117855,2,7,15,32.0
10109592LOPESW_2025-09-29_G17,10109592LOPESW,2025-09-29,111467,1,2,0,576.0
10109592LOPESW_2025-09-29_G18,10109592LOPESW,2025-09-29,109640,1,5,0,220.0
10109592LOPESW_2025-09-29_G19,10109592LOPESW,2025-09-29,117786,1,2,0,2148.0
10109592LOPESW_2025-09-29_G20,10109592LOPESW,2025-09-29,111439,1,4,0,263.0
10109592LOPESW_2025-09-29_G21,10109592LOPESW,2025-09-29,118094,1,1,0,53.0
10109592LOPESW_2025-09-29_G22,10109592LOPESW,2025-09-29,117837,1,2,0,36.0
10109592LOPESW_2025-09-29_G23,10109592LOPESW,2025-09-29,111462,1,3,0,93.0
10109592LOPESW_2025-09-29_G24,10109592LOPESW,2025-09-29,111462,1,5,0,49.0
10109592LOPESW_2025-09-29_G25,10109592LOPESW,2025-09-29,111442,1,2,0,54.0
10109592LOPESW_2025-09-29_G26,10109592LOPESW,2025-09-29,117821,2,6,19,70.0
10109592LOPESW_2025-09-29_G27,10109592LOPESW,2025-09-29,118140,2,12,30,125.0
10109592LOPESW_2025-09-29_G28,10109592LOPESW,2025-09-29,118140,1,4,0,32.0
10109592LOPESW_2025-09-29_G29,10109592LOPESW,2025-09-29,"110372, 117832",2,12,15,172.0
10109592LOPESW_2025-09-29_G30,10109592LOPESW,2025-09-29,117808,1,70,0,243.0
10109592LOPESW_2025-09-29_G31,10109592LOPESW,2025-09-29,110375,1,2,0,268.0
10109592LOPESW_2025-09-29_G32,10109592LOPESW,2025-09-29,110325,1,2,0,135.0
10109592LOPESW_2025-09-29_G33,10109592LOPESW,2025-09-29,110325,2,18,19,64.0
10109592LOPESW_2025-09-29_G34,10109592LOPESW,2025-09-29,117809,1,10,0,124.0
10109592LOPESW_2025-09-29_G35,10109592LOPESW,2025-09-29,160054,1,2,0,245.0
10109593GONCALVESC_2025-01-02_G02,10109593GONCALVESC,2025-01-02,111753,1,7,0,261.0
10109593GONCALVESC_2025-01-02_G03,10109593GONCALVESC,2025-01-02,117831,1,12,0,95.0
10109593GONCALVESC_2025-01-13_G02,10109593GONCALVESC,2025-01-13,140922,1,2,0,161.0
10109593GONCALVESC_2025-01-13_G03,10109593GONCALVESC,2025-01-13,117853,1,3,0,272.0
10109593GONCALVESC_2025-01-13_G04,10109593GONCALVESC,2025-01-13,110752,1,2,0,173.0
10109593GONCALVESC_2025-01-13_G05,10109593GONCALVESC,2025-01-13,110515,1,2,0,189.0
10109593GONCALVESC_2025-01-13_G06,10109593GONCALVESC,2025-01-13,108772,1,2,0,117.0
10109593GONCALVESC_2025-01-13_G07,10109593GONCALVESC,2025-01-13,140922,1,7,0,224.0
10109593GONCALVESC_2025-01-13_G08,10109593GONCALVESC,2025-01-13,140922,1,11,0,107.0
10109593GONCALVESC_2025-01-13_G09,10109593GONCALVESC,2025-01-13,140922,1,4,0,47.0
10109593GONCALVESC_2025-01-13_G10,10109593GONCALVESC,2025-01-13,108711,1,1,0,58.0
10109593GONCALVESC_2025-01-13_G11,10109593GONCALVESC,2025-01-13,109645,1,2,0,96.0
10109593GONCALVESC_2025-01-13_G12,10109593GONCALVESC,2025-01-13,109645,1,1,0,35.0
10109593GONCALVESC_2025-01-13_G13,10109593GONCALVESC,2025-01-13,111172,1,3,0,344.0
10109593GONCALVESC_2025-01-13_G14,10109593GONCALVESC,2025-01-13,118299,1,96,0,441.0
10109593GONCALVESC_2025-01-13_G15,10109593GONCALVESC,2025-01-13,111530,1,13,0,319.0
10109593GONCALVESC_2025-01-13_G16,10109593GONCALVESC,2025-01-13,117862,1,3,0,233.0
10109593GONCALVESC_2025-01-13_G17,10109593GONCALVESC,2025-01-13,140922,1,2,0,203.0
10109593GONCALVESC_2025-01-13_G18,10109593GONCALVESC,2025-01-13,111172,1,2,0,288.0
10109593GONCALVESC_2025-01-13_G19,10109593GONCALVESC,2025-01-13,111441,1,2,0,189.0
10109593GONCALVESC_2025-01-13_G20,10109593GONCALVESC,2025-01-13,111441,1,32,0,619.0
10109593GONCALVESC_2025-01-13_G21,10109593GONCALVESC,2025-01-13,117853,1,24,0,557.0
10109593GONCALVESC_2025-01-13_G22,10109593GONCALVESC,2025-01-13,111530,1,2,0,69.0
10109593GONCALVESC_2025-01-13_G23,10109593GONCALVESC,2025-01-13,111530,1,9,0,69.0
10109593GONCALVESC_2025-01-13_G24,10109593GONCALVESC,2025-01-13,111602,1,4,0,146.0
10109593GONCALVESC_2025-01-13_G25,10109593GONCALVESC,2025-01-13,111602,1,7,0,61.0
10109593GONCALVESC_2025-01-13_G26,10109593GONCALVESC,2025-01-13,110515,1,2,0,100.0
10109593GONCALVESC_2025-01-13_G27,10109593GONCALVESC,2025-01-13,141047,1,3,0,104.0
10109593GONCALVESC_2025-01-13_G28,10109593GONCALVESC,2025-01-13,141047,1,1,0,31.0
10109593GONCALVESC_2025-01-13_G29,10109593GONCALVESC,2025-01-13,108772,1,4,0,108.0
10109593GONCALVESC_2025-01-13_G30,10109593GONCALVESC,2025-01-13,117862,1,29,0,611.0
10109593GONCALVESC_2025-01-13_G31,10109593GONCALVESC,2025-01-13,117862,1,2,0,31.0
10109609MARQUESL_2025-01-02_G02,10109609MARQUESL,2025-01-02,111430,1,324,0,2689.0
10109609MARQUESL_2025-01-02_G03,10109609MARQUESL,2025-01-02,110756,1,93,0,1647.0
10109609MARQUESL_2025-01-02_G04,10109609MARQUESL,2025-01-02,118140,1,4,0,112.0
10109609MARQUESL_2025-01-02_G05,10109609MARQUESL,2025-01-02,111468,1,31,0,667.0
10109609MARQUESL_2025-01-02_G06,10109609MARQUESL,2025-01-02,111330,1,16,0,175.0
10109609MARQUESL_2025-01-09_G02,10109609MARQUESL,2025-01-09,117808,1,1,0,166.0
10109609MARQUESL_2025-01-09_G03,10109609MARQUESL,2025-01-09,110895,1,8,0,188.0
10109609MARQUESL_2025-01-09_G04,10109609MARQUESL,2025-01-09,108772,1,3,0,412.0
10109609MARQUESL_2025-01-09_G05,10109609MARQUESL,2025-01-09,110339,1,7,0,152.0
10109609MARQUESL_2025-01-09_G06,10109609MARQUESL,2025-01-09,108711,1,12,0,670.0
10109609MARQUESL_2025-01-09_G07,10109609MARQUESL,2025-01-09,111532,1,17,0,1985.0
10109609MARQUESL_2025-01-09_G08,10109609MARQUESL,2025-01-09,111463,1,28,0,219.0
10109609MARQUESL_2025-01-09_G09,10109609MARQUESL,2025-01-09,118299,1,30,0,639.0
10109609MARQUESL_2025-01-09_G10,10109609MARQUESL,2025-01-09,117808,1,24,0,352.0
10109609MARQUESL_2025-01-09_G11,10109609MARQUESL,2025-01-09,117861,1,3,0,1491.0
10109609MARQUESL_2025-01-09_G12,10109609MARQUESL,2025-01-09,110063,1,1,0,64.0
10109609MARQUESL_2025-01-09_G13,10109609MARQUESL,2025-01-09,141047,1,2,0,103.0
10109609MARQUESL_2025-01-09_G14,10109609MARQUESL,2025-01-09,101217,1,1,0,44.0
10109609MARQUESL_2025-01-09_G15,10109609MARQUESL,2025-01-09,110733,1,8,0,93.0
10109609MARQUESL_2025-01-09_G16,10109609MARQUESL,2025-01-09,110339,1,8,0,136.0
10109609MARQUESL_2025-01-09_G17,10109609MARQUESL,2025-01-09,110711,1,14,0,109.0
10109609MARQUESL_2025-01-09_G18,10109609MARQUESL,2025-01-09,110741,1,1,0,64.0
10109609MARQUESL_2025-01-09_G19,10109609MARQUESL,2025-01-09,108772,1,6,0,277.0
10109609MARQUESL_2025-01-09_G20,10109609MARQUESL,2025-01-09,111463,1,17,0,185.0
10109609MARQUESL_2025-01-09_G21,10109609MARQUESL,2025-01-09,109645,1,2,0,116.0
10109609MARQUESL_2025-01-09_G22,10109609MARQUESL,2025-01-09,110374,1,2,0,208.0
10109609MARQUESL_2025-01-09_G23,10109609MARQUESL,2025-01-09,117820,1,5,0,111.0
10109609MARQUESL_2025-01-09_G24,10109609MARQUESL,2025-01-09,109643,1,6,0,160.0
10109609MARQUESL_2025-01-09_G25,10109609MARQUESL,2025-01-09,117809,1,4,0,94.0
10109609MARQUESL_2025-01-09_G26,10109609MARQUESL,2025-01-09,111418,1,8,0,1559.0
10109609MARQUESL_2025-01-09_G27,10109609MARQUESL,2025-01-09,111532,1,12,0,150.0
10109609MARQUESL_2025-01-09_G28,10109609MARQUESL,2025-01-09,111418,1,8,0,96.0
10109609MARQUESL_2025-01-09_G29,10109609MARQUESL,2025-01-09,118299,1,40,0,757.0
10109609MARQUESL_2025-01-09_G30,10109609MARQUESL,2025-01-09,109648,1,4,0,427.0
10109609MARQUESL_2025-01-09_G31,10109609MARQUESL,2025-01-09,111348,1,2,0,521.0
10109609MARQUESL_2025-01-09_G32,10109609MARQUESL,2025-01-09,111182,1,2,0,158.0
10109609MARQUESL_2025-01-09_G33,10109609MARQUESL,2025-01-09,110755,1,1,0,226.0
10109609MARQUESL_2025-01-09_G34,10109609MARQUESL,2025-01-09,109937,1,4,0,232.0
10109609MARQUESL_2025-01-09_G35,10109609MARQUESL,2025-01-09,110747,1,4,0,396.0
10109609MARQUESL_2025-01-09_G36,10109609MARQUESL,2025-01-09,118094,1,4,0,629.0
10109609MARQUESL_2025-01-09_G37,10109609MARQUESL,2025-01-09,117855,1,2,0,71.0
10109609MARQUESL_2025-01-09_G38,10109609MARQUESL,2025-01-09,110711,1,2,0,101.0
10109609MARQUESL_2025-01-09_G39,10109609MARQUESL,2025-01-09,117833,1,5,0,1008.0
10109609MARQUESL_2025-01-09_G40,10109609MARQUESL,2025-01-09,111172,1,5,0,348.0
10109609MARQUESL_2025-01-09_G41,10109609MARQUESL,2025-01-09,111418,1,6,0,168.0
10109609MARQUESL_2025-01-09_G42,10109609MARQUESL,2025-01-09,110375,1,3,0,199.0
10109609MARQUESL_2025-01-09_G44,10109609MARQUESL,2025-01-09,110747,1,6,0,64.0
10109609MARQUESL_2025-01-09_G45,10109609MARQUESL,2025-01-09,118298,1,2,0,106.0
10109609MARQUESL_2025-01-09_G46,10109609MARQUESL,2025-01-09,111172,1,2,0,110.0
10109609MARQUESL_2025-01-09_G47,10109609MARQUESL,2025-01-09,109643,2,6,7,149.0
10109609MARQUESL_2025-01-09_G48,10109609MARQUESL,2025-01-09,111530,1,3,0,501.0
10109609MARQUESL_2025-01-09_G49,10109609MARQUESL,2025-01-09,108794,1,4,0,143.0
10109609MARQUESL_2025-01-09_G50,10109609MARQUESL,2025-01-09,111418,1,6,0,272.0
10109609MARQUESL_2025-01-09_G51,10109609MARQUESL,2025-01-09,111172,1,4,0,137.0
10109609MARQUESL_2025-01-09_G52,10109609MARQUESL,2025-01-09,117808,1,25,0,1020.0
10109609MARQUESL_2025-01-09_G53,10109609MARQUESL,2025-01-09,111441,1,4,0,197.0
10109609MARQUESL_2025-01-09_G54,10109609MARQUESL,2025-01-09,117820,1,14,0,210.0
10109609MARQUESL_2025-01-09_G55,10109609MARQUESL,2025-01-09,111442,1,4,0,280.0
10109609MARQUESL_2025-01-09_G56,10109609MARQUESL,2025-01-09,110742,1,4,0,366.0
10109609MARQUESL_2025-01-09_G57,10109609MARQUESL,2025-01-09,111441,1,1,0,61.0
10109609MARQUESL_2025-01-09_G58,10109609MARQUESL,2025-01-09,117820,1,2,0,94.0
10109609MARQUESL_2025-01-09_G59,10109609MARQUESL,2025-01-09,108772,1,4,0,1139.0
10109609MARQUESL_2025-01-09_G60,10109609MARQUESL,2025-01-09,117831,1,4,0,121.0
10109609MARQUESL_2025-01-09_G61,10109609MARQUESL,2025-01-09,109645,1,4,0,84.0
10109609MARQUESL_2025-01-09_G62,10109609MARQUESL,2025-01-09,117820,1,4,0,349.0
10109609MARQUESL_2025-01-10_G02,10109609MARQUESL,2025-01-10,117831,1,4,0,114.0
10109609MARQUESL_2025-01-10_G03,10109609MARQUESL,2025-01-10,109645,1,5,0,189.0
10109609MARQUESL_2025-01-10_G04,10109609MARQUESL,2025-01-10,111532,1,6,0,165.0
10109609MARQUESL_2025-01-10_G05,10109609MARQUESL,2025-01-10,140922,1,4,0,466.0
10109609MARQUESL_2025-01-10_G06,10109609MARQUESL,2025-01-10,110747,1,2,0,132.0
10109609MARQUESL_2025-01-10_G07,10109609MARQUESL,2025-01-10,111467,1,2,0,2048.0
10109609MARQUESL_2025-01-10_G08,10109609MARQUESL,2025-01-10,111468,1,4,0,148.0
10109609MARQUESL_2025-01-10_G09,10109609MARQUESL,2025-01-10,110787,1,2,0,78.0
10109609MARQUESL_2025-01-10_G10,10109609MARQUESL,2025-01-10,117831,1,4,0,71.0
10109609MARQUESL_2025-01-10_G11,10109609MARQUESL,2025-01-10,111418,1,16,0,257.0
10109609MARQUESL_2025-01-10_G12,10109609MARQUESL,2025-01-10,111348,1,4,0,101.0
10109609MARQUESL_2025-01-10_G13,10109609MARQUESL,2025-01-10,111462,1,6,0,142.0
10109609MARQUESL_2025-01-10_G14,10109609MARQUESL,2025-01-10,111463,1,9,0,106.0
10109609MARQUESL_2025-01-10_G15,10109609MARQUESL,2025-01-10,117838,1,4,0,391.0
10109609MARQUESL_2025-01-10_G16,10109609MARQUESL,2025-01-10,109747,1,2,0,147.0
10109609MARQUESL_2025-01-10_G17,10109609MARQUESL,2025-01-10,117808,1,20,0,110.0
10109609MARQUESL_2025-01-10_G18,10109609MARQUESL,2025-01-10,117820,1,2,0,148.0
10109609MARQUESL_2025-01-10_G19,10109609MARQUESL,2025-01-10,117809,1,4,0,130.0
10109609MARQUESL_2025-01-10_G20,10109609MARQUESL,2025-01-10,117832,1,2,0,148.0
10109609MARQUESL_2025-01-10_G21,10109609MARQUESL,2025-01-10,110371,1,3,0,43.0
10109609MARQUESL_2025-01-10_G22,10109609MARQUESL,2025-01-10,141047,1,4,0,1425.0
10109609MARQUESL_2025-01-10_G23,10109609MARQUESL,2025-01-10,117831,1,5,0,342.0
10109609MARQUESL_2025-01-10_G24,10109609MARQUESL,2025-01-10,109645,1,5,0,84.0
10109609MARQUESL_2025-01-10_G25,10109609MARQUESL,2025-01-10,111463,1,8,0,93.0
10109609MARQUESL_2025-01-10_G26,10109609MARQUESL,2025-01-10,109647,1,2,0,1069.0
10109609MARQUESL_2025-01-10_G27,10109609MARQUESL,2025-01-10,111467,1,6,0,105.0
10109609MARQUESL_2025-01-10_G28,10109609MARQUESL,2025-01-10,110751,1,2,0,125.0
10109609MARQUESL_2025-01-10_G29,10109609MARQUESL,2025-01-10,140922,1,11,0,136.0
10109609MARQUESL_2025-01-10_G30,10109609MARQUESL,2025-01-10,108711,1,7,0,71.0
10109609MARQUESL_2025-01-10_G31,10109609MARQUESL,2025-01-10,160055,1,16,0,287.0
10109609MARQUESL_2025-01-10_G32,10109609MARQUESL,2025-01-10,117838,1,4,0,413.0
10109609MARQUESL_2025-01-10_G33,10109609MARQUESL,2025-01-10,110339,2,22,30,1118.0
10109609MARQUESL_2025-01-10_G34,10109609MARQUESL,2025-01-10,111530,1,20,0,169.0
10109609MARQUESL_2025-01-10_G35,10109609MARQUESL,2025-01-10,111439,1,6,0,291.0
10109609MARQUESL_2025-01-10_G36,10109609MARQUESL,2025-01-10,110752,1,4,0,84.0
10109609MARQUESL_2025-01-10_G37,10109609MARQUESL,2025-01-10,110752,1,4,0,47.0
10109609MARQUESL_2025-01-10_G38,10109609MARQUESL,2025-01-10,117856,1,10,0,134.0
10109609MARQUESL_2025-01-10_G39,10109609MARQUESL,2025-01-10,117856,1,10,0,55.0
10109609MARQUESL_2025-01-10_G40,10109609MARQUESL,2025-01-10,117786,1,14,0,596.0
10109609MARQUESL_2025-01-10_G41,10109609MARQUESL,2025-01-10,117786,1,14,0,90.0
10109609MARQUESL_2025-01-10_G42,10109609MARQUESL,2025-01-10,141047,1,12,0,163.0
10109609MARQUESL_2025-01-10_G43,10109609MARQUESL,2025-01-10,141047,1,12,0,237.0
10109609MARQUESL_2025-01-10_G44,10109609MARQUESL,2025-01-10,110733,1,2,0,106.0
10109609MARQUESL_2025-01-10_G45,10109609MARQUESL,2025-01-10,110741,1,4,0,122.0
10109609MARQUESL_2025-01-10_G46,10109609MARQUESL,2025-01-10,111463,1,20,0,570.0
10109609MARQUESL_2025-01-10_G47,10109609MARQUESL,2025-01-10,111172,1,10,0,218.0
10109609MARQUESL_2025-01-10_G48,10109609MARQUESL,2025-01-10,117838,1,8,0,162.0
10109609MARQUESL_2025-01-10_G49,10109609MARQUESL,2025-01-10,111442,1,60,0,272.0
10109609MARQUESL_2025-01-10_G50,10109609MARQUESL,2025-01-10,111462,1,15,0,371.0
10109609MARQUESL_2025-01-10_G51,10109609MARQUESL,2025-01-10,116241,1,10,0,633.0
10109609MARQUESL_2025-01-10_G52,10109609MARQUESL,2025-01-10,118140,1,40,0,684.0
10109609MARQUESL_2025-01-10_G53,10109609MARQUESL,2025-01-10,110740,1,25,0,517.0
10109609MARQUESL_2025-01-10_G54,10109609MARQUESL,2025-01-10,107830,1,10,0,473.0
10109609MARQUESL_2025-01-10_G56,10109609MARQUESL,2025-01-10,111530,1,20,0,120.0
10109609MARQUESL_2025-01-10_G57,10109609MARQUESL,2025-01-10,117855,1,4,0,511.0
10109609MARQUESL_2025-01-10_G58,10109609MARQUESL,2025-01-10,110515,1,2,0,86.0
10109609MARQUESL_2025-01-10_G59,10109609MARQUESL,2025-01-10,141047,1,2,0,302.0
10109609MARQUESL_2025-01-10_G60,10109609MARQUESL,2025-01-10,118317,1,4,0,118.0
10109609MARQUESL_2025-01-10_G61,10109609MARQUESL,2025-01-10,108711,1,2,0,118.0
10109609MARQUESL_2025-01-10_G62,10109609MARQUESL,2025-01-10,111442,1,12,0,129.0
10109609MARQUESL_2025-01-10_G63,10109609MARQUESL,2025-01-10,117820,1,54,0,519.0
10109609MARQUESL_2025-01-10_G64,10109609MARQUESL,2025-01-10,117808,1,60,0,302.0
10109609MARQUESL_2025-01-10_G65,10109609MARQUESL,2025-01-10,111530,1,10,0,334.0
10109609MARQUESL_2025-01-10_G66,10109609MARQUESL,2025-01-10,111467,1,2,0,118.0
10109609MARQUESL_2025-01-10_G67,10109609MARQUESL,2025-01-10,110515,1,2,0,114.0
10109609MARQUESL_2025-01-10_G68,10109609MARQUESL,2025-01-10,111463,2,4,27,143.0
10109609MARQUESL_2025-01-10_G69,10109609MARQUESL,2025-01-10,111438,1,183,0,3142.0
10109609MARQUESL_2025-01-11_G02,10109609MARQUESL,2025-01-11,110742,1,4,0,677.0
10109609MARQUESL_2025-01-11_G03,10109609MARQUESL,2025-01-11,111602,1,8,0,116.0
10109609MARQUESL_2025-01-11_G04,10109609MARQUESL,2025-01-11,111172,1,2,0,222.0
10109609MARQUESL_2025-01-11_G05,10109609MARQUESL,2025-01-11,118317,1,2,0,138.0
10109609MARQUESL_2025-01-11_G06,10109609MARQUESL,2025-01-11,117831,1,8,0,168.0
10109609MARQUESL_2025-01-11_G07,10109609MARQUESL,2025-01-11,117830,1,3,0,216.0
10109609MARQUESL_2025-01-11_G08,10109609MARQUESL,2025-01-11,111441,1,1,0,200.0
10109609MARQUESL_2025-01-11_G09,10109609MARQUESL,2025-01-11,108798,1,5,0,857.0
10109609MARQUESL_2025-01-11_G10,10109609MARQUESL,2025-01-11,111430,1,4,0,198.0
10109609MARQUESL_2025-01-11_G11,10109609MARQUESL,2025-01-11,111441,1,7,0,207.0
10109609MARQUESL_2025-01-11_G12,10109609MARQUESL,2025-01-11,111439,1,8,0,232.0
10109609MARQUESL_2025-01-11_G13,10109609MARQUESL,2025-01-11,110742,1,4,0,405.0
10109609MARQUESL_2025-01-11_G14,10109609MARQUESL,2025-01-11,117831,1,4,0,69.0
10109609MARQUESL_2025-01-11_G15,10109609MARQUESL,2025-01-11,111463,1,6,0,109.0
10109609MARQUESL_2025-01-11_G16,10109609MARQUESL,2025-01-11,118299,1,5,0,118.0
10109609MARQUESL_2025-01-11_G17,10109609MARQUESL,2025-01-11,117832,1,4,0,75.0
10109609MARQUESL_2025-01-11_G18,10109609MARQUESL,2025-01-11,111348,1,274,0,2511.0
10109609MARQUESL_2025-01-13_G02,10109609MARQUESL,2025-01-13,111650,1,2,0,147.0
10109609MARQUESL_2025-01-13_G03,10109609MARQUESL,2025-01-13,117856,1,4,0,106.0
10109609MARQUESL_2025-01-13_G04,10109609MARQUESL,2025-01-13,118094,1,2,0,77.0
10109609MARQUESL_2025-01-13_G05,10109609MARQUESL,2025-01-13,117786,1,2,0,102.0
10109609MARQUESL_2025-01-13_G06,10109609MARQUESL,2025-01-13,110741,1,2,0,146.0
10109609MARQUESL_2025-01-13_G07,10109609MARQUESL,2025-01-13,108794,1,8,0,206.0
10109609MARQUESL_2025-01-13_G08,10109609MARQUESL,2025-01-13,110740,1,2,0,110.0
10109609MARQUESL_2025-01-13_G09,10109609MARQUESL,2025-01-13,110787,1,4,0,82.0
10109609MARQUESL_2025-01-13_G10,10109609MARQUESL,2025-01-13,117831,1,9,0,132.0
10109609MARQUESL_2025-01-13_G11,10109609MARQUESL,2025-01-13,111418,1,6,0,124.0
10109609MARQUESL_2025-01-13_G12,10109609MARQUESL,2025-01-13,108798,1,4,0,111.0
10109609MARQUESL_2025-01-13_G13,10109609MARQUESL,2025-01-13,110748,1,2,0,70.0
10109609MARQUESL_2025-01-13_G14,10109609MARQUESL,2025-01-13,108795,1,4,0,65.0
10109609MARQUESL_2025-01-13_G15,10109609MARQUESL,2025-01-13,117833,1,8,0,151.0
10109609MARQUESL_2025-01-13_G16,10109609MARQUESL,2025-01-13,140922,1,2,0,188.0
10109609MARQUESL_2025-01-13_G17,10109609MARQUESL,2025-01-13,109645,1,2,0,92.0
10109609MARQUESL_2025-01-13_G18,10109609MARQUESL,2025-01-13,111468,1,7,0,199.0
10109609MARQUESL_2025-01-13_G19,10109609MARQUESL,2025-01-13,111438,1,2,0,2595.0
10109609MARQUESL_2025-01-13_G20,10109609MARQUESL,2025-01-13,111850,1,8,0,427.0
10109609MARQUESL_2025-01-13_G21,10109609MARQUESL,2025-01-13,110755,1,2,0,53.0
10109609MARQUESL_2025-01-13_G22,10109609MARQUESL,2025-01-13,110742,1,6,0,190.0
10109609MARQUESL_2025-01-13_G23,10109609MARQUESL,2025-01-13,118306,1,2,0,102.0
10109609MARQUESL_2025-01-13_G24,10109609MARQUESL,2025-01-13,118140,1,17,0,353.0
10109609MARQUESL_2025-01-13_G25,10109609MARQUESL,2025-01-13,110740,1,16,0,331.0
10109609MARQUESL_2025-01-13_G26,10109609MARQUESL,2025-01-13,110787,1,10,0,151.0
10109609MARQUESL_2025-01-13_G27,10109609MARQUESL,2025-01-13,111418,1,31,0,492.0
10109609MARQUESL_2025-01-13_G28,10109609MARQUESL,2025-01-13,108795,1,2,0,186.0
10109609MARQUESL_2025-01-13_G29,10109609MARQUESL,2025-01-13,117833,1,8,0,295.0
10109609MARQUESL_2025-01-13_G30,10109609MARQUESL,2025-01-13,111465,1,4,0,179.0
10109609MARQUESL_2025-01-13_G31,10109609MARQUESL,2025-01-13,111462,1,12,0,384.0
10109609MARQUESL_2025-01-13_G32,10109609MARQUESL,2025-01-13,111468,1,2,0,126.0
10109609MARQUESL_2025-01-13_G33,10109609MARQUESL,2025-01-13,111469,1,2,0,67.0
10109609MARQUESL_2025-01-13_G34,10109609MARQUESL,2025-01-13,117785,1,6,0,144.0
10109609MARQUESL_2025-01-13_G35,10109609MARQUESL,2025-01-13,117820,1,4,0,225.0
10109609MARQUESL_2025-01-13_G36,10109609MARQUESL,2025-01-13,107830,1,6,0,123.0
10109609MARQUESL_2025-01-13_G37,10109609MARQUESL,2025-01-13,110372,1,40,0,584.0
10109609MARQUESL_2025-01-13_G38,10109609MARQUESL,2025-01-13,117832,1,12,0,195.0
10109609MARQUESL_2025-01-13_G39,10109609MARQUESL,2025-01-13,111530,1,1,0,224.0
10109609MARQUESL_2025-01-13_G40,10109609MARQUESL,2025-01-13,111467,1,2,0,158.0
10109609MARQUESL_2025-01-13_G41,10109609MARQUESL,2025-01-13,141047,1,2,0,123.0
10109609MARQUESL_2025-01-13_G42,10109609MARQUESL,2025-01-13,110733,1,6,0,152.0
10109609MARQUESL_2025-01-13_G43,10109609MARQUESL,2025-01-13,111468,1,3,0,125.0
10109609MARQUESL_2025-01-13_G44,10109609MARQUESL,2025-01-13,111465,1,1,0,140.0
10109609MARQUESL_2025-01-13_G45,10109609MARQUESL,2025-01-13,117830,1,10,0,175.0
10109609MARQUESL_2025-01-13_G46,10109609MARQUESL,2025-01-13,118140,1,10,0,498.0
10109609MARQUESL_2025-01-13_G47,10109609MARQUESL,2025-01-13,117831,1,30,0,152.0
10109609MARQUESL_2025-01-13_G48,10109609MARQUESL,2025-01-13,117821,1,20,0,699.0
10109609MARQUESL_2025-01-13_G49,10109609MARQUESL,2025-01-13,108711,1,20,0,582.0
10109609MARQUESL_2025-01-13_G50,10109609MARQUESL,2025-01-13,117861,1,4,0,898.0
10109609MARQUESL_2025-01-13_G51,10109609MARQUESL,2025-01-13,117862,1,5,0,267.0
10109609MARQUESL_2025-01-13_G52,10109609MARQUESL,2025-01-13,111418,1,13,0,171.0
10109609MARQUESL_2025-01-13_G53,10109609MARQUESL,2025-01-13,105705,1,4,0,168.0
10109609MARQUESL_2025-01-13_G54,10109609MARQUESL,2025-01-13,108711,1,6,0,227.0
10109609MARQUESL_2025-01-13_G55,10109609MARQUESL,2025-01-13,111463,1,2,0,90.0
10109609MARQUESL_2025-01-13_G56,10109609MARQUESL,2025-01-13,117832,1,1,0,126.0
10109609MARQUESL_2025-01-13_G57,10109609MARQUESL,2025-01-13,118299,1,2,0,866.0
10109609MARQUESL_2025-01-13_G58,10109609MARQUESL,2025-01-13,111467,1,2,0,607.0
10109609MARQUESL_2025-01-13_G59,10109609MARQUESL,2025-01-13,118094,1,8,0,128.0
10109609MARQUESL_2025-01-13_G60,10109609MARQUESL,2025-01-13,110733,1,2,0,155.0
10109609MARQUESL_2025-01-13_G61,10109609MARQUESL,2025-01-13,110740,1,1,0,120.0
10109609MARQUESL_2025-01-13_G63,10109609MARQUESL,2025-01-13,117833,1,2,0,92.0
10109609MARQUESL_2025-01-13_G64,10109609MARQUESL,2025-01-13,105705,1,2,0,119.0
10109609MARQUESL_2025-01-13_G65,10109609MARQUESL,2025-01-13,117785,1,5,0,130.0
10109609MARQUESL_2025-01-13_G66,10109609MARQUESL,2025-01-13,109645,1,2,0,52.0
10109609MARQUESL_2025-01-13_G67,10109609MARQUESL,2025-01-13,111469,1,20,0,495.0
10109609MARQUESL_2025-01-13_G68,10109609MARQUESL,2025-01-13,117862,1,4,0,77.0
10109609MARQUESL_2025-01-13_G69,10109609MARQUESL,2025-01-13,109747,1,4,0,168.0
10109609MARQUESL_2025-01-13_G70,10109609MARQUESL,2025-01-13,110376,1,4,0,119.0
10109609MARQUESL_2025-01-13_G71,10109609MARQUESL,2025-01-13,117809,1,4,0,179.0
10109609MARQUESL_2025-01-13_G72,10109609MARQUESL,2025-01-13,111441,1,4,0,650.0
10109609MARQUESL_2025-01-13_G73,10109609MARQUESL,2025-01-13,111530,1,6,0,142.0
10109609MARQUESL_2025-01-13_G74,10109609MARQUESL,2025-01-13,111467,1,4,0,100.0
10109609MARQUESL_2025-01-13_G75,10109609MARQUESL,2025-01-13,118094,1,1,0,71.0
10109609MARQUESL_2025-01-13_G76,10109609MARQUESL,2025-01-13,110733,1,4,0,173.0
10109609MARQUESL_2025-01-13_G77,10109609MARQUESL,2025-01-13,117862,1,4,0,124.0
10109609MARQUESL_2025-01-13_G78,10109609MARQUESL,2025-01-13,111442,1,8,0,125.0
10109609MARQUESL_2025-01-13_G79,10109609MARQUESL,2025-01-13,110740,1,4,0,138.0
10109609MARQUESL_2025-01-13_G80,10109609MARQUESL,2025-01-13,111418,1,11,0,200.0
10109609MARQUESL_2025-01-13_G81,10109609MARQUESL,2025-01-13,140922,1,3,0,102.0
10109609MARQUESL_2025-01-13_G82,10109609MARQUESL,2025-01-13,111463,1,8,0,333.0
10109609MARQUESL_2025-01-13_G83,10109609MARQUESL,2025-01-13,111850,1,4,0,590.0
10109609MARQUESL_2025-01-13_G84,10109609MARQUESL,2025-01-13,110733,1,3,0,136.0
10109609MARQUESL_2025-01-13_G85,10109609MARQUESL,2025-01-13,111530,1,5,0,192.0
10109609MARQUESL_2025-01-13_G86,10109609MARQUESL,2025-01-13,110313,1,1,0,79.0
10109609MARQUESL_2025-01-13_G87,10109609MARQUESL,2025-01-13,109640,1,8,0,394.0
10109609MARQUESL_2025-01-13_G88,10109609MARQUESL,2025-01-13,110740,1,2,0,117.0
10109609MARQUESL_2025-01-13_G89,10109609MARQUESL,2025-01-13,118223,1,4,0,119.0
10109609MARQUESL_2025-01-13_G90,10109609MARQUESL,2025-01-13,117808,1,500,0,1168.0
10109609MARQUESL_2025-01-14_G02,10109609MARQUESL,2025-01-14,111437,1,7,0,352.0
10109609MARQUESL_2025-01-14_G03,10109609MARQUESL,2025-01-14,110755,1,5,0,242.0
10109609MARQUESL_2025-01-14_G04,10109609MARQUESL,2025-01-14,110742,1,8,0,335.0
10109609MARQUESL_2025-01-14_G05,10109609MARQUESL,2025-01-14,109937,1,7,0,2416.0
10109609MARQUESL_2025-01-14_G06,10109609MARQUESL,2025-01-14,118290,1,5,0,311.0
10109609MARQUESL_2025-01-14_G07,10109609MARQUESL,2025-01-14,110580,1,8,0,176.0
10109609MARQUESL_2025-01-14_G08,10109609MARQUESL,2025-01-14,110752,1,20,0,326.0
10109609MARQUESL_2025-01-14_G09,10109609MARQUESL,2025-01-14,111467,1,23,0,472.0
10109609MARQUESL_2025-01-14_G10,10109609MARQUESL,2025-01-14,111602,1,89,0,206.0
10109609MARQUESL_2025-01-14_G11,10109609MARQUESL,2025-01-14,110753,1,6,0,90.0
10109609MARQUESL_2025-01-14_G12,10109609MARQUESL,2025-01-14,111876,1,8,0,147.0
10109609MARQUESL_2025-01-14_G13,10109609MARQUESL,2025-01-14,117856,1,24,0,406.0
10109609MARQUESL_2025-01-14_G14,10109609MARQUESL,2025-01-14,117786,1,30,0,350.0
10109609MARQUESL_2025-01-14_G15,10109609MARQUESL,2025-01-14,117853,1,12,0,268.0
10109609MARQUESL_2025-01-14_G16,10109609MARQUESL,2025-01-14,141047,1,10,0,235.0
10109609MARQUESL_2025-01-14_G17,10109609MARQUESL,2025-01-14,101217,1,20,0,310.0
10109609MARQUESL_2025-01-14_G18,10109609MARQUESL,2025-01-14,108772,1,8,0,312.0
10109609MARQUESL_2025-01-14_G19,10109609MARQUESL,2025-01-14,110733,1,20,0,320.0
10109609MARQUESL_2025-01-14_G20,10109609MARQUESL,2025-01-14,111433,1,6,0,213.0
10109609MARQUESL_2025-01-14_G21,10109609MARQUESL,2025-01-14,111466,1,3,0,297.0
10109609MARQUESL_2025-01-14_G22,10109609MARQUESL,2025-01-14,111466,1,57,0,55.0
10109609MARQUESL_2025-01-14_G23,10109609MARQUESL,2025-01-14,117838,1,5,0,463.0
10109609MARQUESL_2025-01-14_G24,10109609MARQUESL,2025-01-14,110743,1,10,0,133.0
10109609MARQUESL_2025-01-14_G25,10109609MARQUESL,2025-01-14,111468,1,30,0,461.0
10109609MARQUESL_2025-01-14_G26,10109609MARQUESL,2025-01-14,111465,1,20,0,287.0
10109609MARQUESL_2025-01-14_G27,10109609MARQUESL,2025-01-14,118140,1,50,0,473.0
10109609MARQUESL_2025-01-14_G28,10109609MARQUESL,2025-01-14,109645,1,20,0,879.0
10109609MARQUESL_2025-01-14_G29,10109609MARQUESL,2025-01-14,111462,1,40,0,447.0
10109609MARQUESL_2025-01-14_G30,10109609MARQUESL,2025-01-14,109747,1,50,0,459.0
10109609MARQUESL_2025-01-14_G31,10109609MARQUESL,2025-01-14,140922,1,20,0,775.0
10109609MARQUESL_2025-01-14_G32,10109609MARQUESL,2025-01-14,110733,1,8,0,2422.0
10109609MARQUESL_2025-01-14_G33,10109609MARQUESL,2025-01-14,110711,1,19,0,192.0
10109609MARQUESL_2025-01-14_G34,10109609MARQUESL,2025-01-14,111443,1,12,0,245.0
10109609MARQUESL_2025-01-14_G35,10109609MARQUESL,2025-01-14,111442,1,5,0,116.0
10109609MARQUESL_2025-01-14_G36,10109609MARQUESL,2025-01-14,110740,1,11,0,187.0
10109609MARQUESL_2025-01-14_G37,10109609MARQUESL,2025-01-14,110787,1,15,0,139.0
10109609MARQUESL_2025-01-14_G38,10109609MARQUESL,2025-01-14,117831,1,8,0,224.0
10109609MARQUESL_2025-01-14_G39,10109609MARQUESL,2025-01-14,109645,1,2,0,619.0
10109609MARQUESL_2025-01-14_G40,10109609MARQUESL,2025-01-14,117833,1,2,0,75.0
10109609MARQUESL_2025-01-14_G41,10109609MARQUESL,2025-01-14,111418,1,184,0,367.0
10109609MARQUESL_2025-01-14_G42,10109609MARQUESL,2025-01-14,111468,1,2,0,565.0
10109609MARQUESL_2025-01-14_G44,10109609MARQUESL,2025-01-14,140922,1,1,0,76.0
10109609MARQUESL_2025-01-14_G45,10109609MARQUESL,2025-01-14,111463,1,8,0,153.0
10109609MARQUESL_2025-01-14_G46,10109609MARQUESL,2025-01-14,111463,1,8,0,163.0
10109609MARQUESL_2025-01-14_G47,10109609MARQUESL,2025-01-14,110313,1,4,0,266.0
10109609MARQUESL_2025-01-14_G48,10109609MARQUESL,2025-01-14,108711,1,46,0,678.0
10109609MARQUESL_2025-01-14_G49,10109609MARQUESL,2025-01-14,110325,1,12,0,287.0
10109609MARQUESL_2025-01-14_G50,10109609MARQUESL,2025-01-14,110747,1,14,0,1400.0
10109609MARQUESL_2025-01-14_G51,10109609MARQUESL,2025-01-14,111438,1,10,0,232.0
10109609MARQUESL_2025-01-14_G52,10109609MARQUESL,2025-01-14,110755,1,12,0,405.0
10109609MARQUESL_2025-01-14_G53,10109609MARQUESL,2025-01-14,111418,1,57,0,480.0
10109609MARQUESL_2025-01-14_G54,10109609MARQUESL,2025-01-14,111462,1,8,0,124.0
10109609MARQUESL_2025-01-14_G55,10109609MARQUESL,2025-01-14,108711,1,4,0,266.0
10109609MARQUESL_2025-01-15_G02,10109609MARQUESL,2025-01-15,117832,1,432,0,1578.0
10109609MARQUESL_2025-01-15_G03,10109609MARQUESL,2025-01-15,111447,1,6,0,3514.0
10109609MARQUESL_2025-01-15_G04,10109609MARQUESL,2025-01-15,118306,1,8,0,167.0
10109609MARQUESL_2025-01-15_G05,10109609MARQUESL,2025-01-15,110733,1,50,0,147.0
10109609MARQUESL_2025-01-15_G06,10109609MARQUESL,2025-01-15,111530,1,77,0,702.0
10109609MARQUESL_2025-01-15_G07,10109609MARQUESL,2025-01-15,118298,1,30,0,847.0
10109609MARQUESL_2025-01-15_G08,10109609MARQUESL,2025-01-15,117831,1,220,0,860.0
10109609MARQUESL_2025-01-15_G09,10109609MARQUESL,2025-01-15,117853,1,10,0,1755.0
10109609MARQUESL_2025-01-15_G10,10109609MARQUESL,2025-01-15,117853,1,5,0,47.0
10109609MARQUESL_2025-01-15_G11,10109609MARQUESL,2025-01-15,111530,1,10,0,125.0
10109609MARQUESL_2025-01-15_G12,10109609MARQUESL,2025-01-15,118094,1,10,0,91.0
10109609MARQUESL_2025-01-15_G13,10109609MARQUESL,2025-01-15,117862,1,10,0,255.0
10109609MARQUESL_2025-01-15_G14,10109609MARQUESL,2025-01-15,117862,1,10,0,67.0
10109609MARQUESL_2025-01-15_G15,10109609MARQUESL,2025-01-15,141047,1,10,0,256.0
10109609MARQUESL_2025-01-15_G16,10109609MARQUESL,2025-01-15,110733,1,10,0,330.0
10109609MARQUESL_2025-01-15_G17,10109609MARQUESL,2025-01-15,117788,1,8,0,710.0
10109609MARQUESL_2025-01-15_G18,10109609MARQUESL,2025-01-15,140922,1,20,0,624.0
10109609MARQUESL_2025-01-15_G19,10109609MARQUESL,2025-01-15,117787,1,6,0,72.0
10109609MARQUESL_2025-01-15_G20,10109609MARQUESL,2025-01-15,140922,5,24,40,245.0
10109609MARQUESL_2025-01-15_G21,10109609MARQUESL,2025-01-15,118317,1,5,0,830.0
10109609MARQUESL_2025-01-15_G22,10109609MARQUESL,2025-01-15,117832,1,10,0,220.0
10109609MARQUESL_2025-01-15_G23,10109609MARQUESL,2025-01-15,109643,1,6,0,590.0
10109609MARQUESL_2025-01-15_G24,10109609MARQUESL,2025-01-15,118299,5,175,43,182.0
10109609MARQUESL_2025-01-15_G25,10109609MARQUESL,2025-01-15,117822,1,3,0,1079.0
10109609MARQUESL_2025-01-15_G26,10109609MARQUESL,2025-01-15,117822,1,4,0,39.0
10109609MARQUESL_2025-01-15_G27,10109609MARQUESL,2025-01-15,110375,1,9,0,245.0
10109609MARQUESL_2025-01-15_G28,10109609MARQUESL,2025-01-15,111437,1,4,0,331.0
10109609MARQUESL_2025-01-15_G30,10109609MARQUESL,2025-01-15,111462,1,8,0,174.0
10109609MARQUESL_2025-01-15_G31,10109609MARQUESL,2025-01-15,111418,1,28,0,468.0
10109609MARQUESL_2025-01-15_G32,10109609MARQUESL,2025-01-15,118140,1,9,0,239.0
10109609MARQUESL_2025-01-15_G33,10109609MARQUESL,2025-01-15,117808,1,100,0,170.0
10109609MARQUESL_2025-01-15_G34,10109609MARQUESL,2025-01-15,117820,1,30,0,624.0
10109609MARQUESL_2025-01-15_G35,10109609MARQUESL,2025-01-15,117821,1,20,0,212.0
10109609MARQUESL_2025-01-15_G36,10109609MARQUESL,2025-01-15,118299,1,100,0,271.0
10109609MARQUESL_2025-01-15_G37,10109609MARQUESL,2025-01-15,114091,1,2,0,149.0
10109609MARQUESL_2025-01-15_G38,10109609MARQUESL,2025-01-15,117809,1,23,0,798.0
10109609MARQUESL_2025-01-15_G39,10109609MARQUESL,2025-01-15,109747,1,8,0,739.0
10109609MARQUESL_2025-01-15_G40,10109609MARQUESL,2025-01-15,110895,1,4,0,1065.0
10109609MARQUESL_2025-01-15_G41,10109609MARQUESL,2025-01-15,111439,1,4,0,238.0
10109609MARQUESL_2025-01-15_G42,10109609MARQUESL,2025-01-15,117855,1,10,0,184.0
10109609MARQUESL_2025-01-15_G43,10109609MARQUESL,2025-01-15,108772,1,2,0,79.0
10109609MARQUESL_2025-01-15_G44,10109609MARQUESL,2025-01-15,117785,1,10,0,111.0
10109609MARQUESL_2025-01-15_G45,10109609MARQUESL,2025-01-15,117820,1,10,0,138.0
10109609MARQUESL_2025-01-15_G46,10109609MARQUESL,2025-01-15,118299,1,42,0,182.0
10109609MARQUESL_2025-01-16_G02,10109609MARQUESL,2025-01-16,117948,1,4,0,184.0
10109609MARQUESL_2025-01-16_G03,10109609MARQUESL,2025-01-16,110582,1,4,0,328.0
10109609MARQUESL_2025-01-16_G04,10109609MARQUESL,2025-01-16,100334,1,2,0,261.0
10109609MARQUESL_2025-01-16_G05,10109609MARQUESL,2025-01-16,110742,1,8,0,262.0
10109609MARQUESL_2025-01-16_G06,10109609MARQUESL,2025-01-16,118306,1,4,0,142.0
10109609MARQUESL_2025-01-16_G07,10109609MARQUESL,2025-01-16,111569,1,6,0,1142.0
10109609MARQUESL_2025-01-16_G08,10109609MARQUESL,2025-01-16,118169,1,8,0,288.0
10109609MARQUESL_2025-01-16_G09,10109609MARQUESL,2025-01-16,117862,1,16,0,325.0
10109609MARQUESL_2025-01-16_G10,10109609MARQUESL,2025-01-16,111466,1,50,0,535.0
10109609MARQUESL_2025-01-16_G11,10109609MARQUESL,2025-01-16,110374,1,20,0,826.0
10109609MARQUESL_2025-01-16_G12,10109609MARQUESL,2025-01-16,117832,1,50,0,428.0
10109609MARQUESL_2025-01-16_G13,10109609MARQUESL,2025-01-16,117830,1,43,0,362.0
10109609MARQUESL_2025-01-16_G14,10109609MARQUESL,2025-01-16,117830,1,7,0,58.0
10109609MARQUESL_2025-01-16_G15,10109609MARQUESL,2025-01-16,117808,1,550,0,747.0
10109609MARQUESL_2025-01-16_G16,10109609MARQUESL,2025-01-16,118299,1,292,0,1549.0
10109609MARQUESL_2025-01-16_G17,10109609MARQUESL,2025-01-16,111463,1,40,0,641.0
10109609MARQUESL_2025-01-16_G18,10109609MARQUESL,2025-01-16,111850,1,4,0,1227.0
10109609MARQUESL_2025-01-16_G19,10109609MARQUESL,2025-01-16,111447,1,2,0,147.0
10109609MARQUESL_2025-01-16_G20,10109609MARQUESL,2025-01-16,117855,1,4,0,353.0
10109609MARQUESL_2025-01-16_G21,10109609MARQUESL,2025-01-16,111330,1,11,0,327.0
10109609MARQUESL_2025-01-16_G22,10109609MARQUESL,2025-01-16,108711,1,3,0,88.0
10109609MARQUESL_2025-01-16_G23,10109609MARQUESL,2025-01-16,105705,1,12,0,122.0
10109609MARQUESL_2025-01-16_G24,10109609MARQUESL,2025-01-16,105705,1,21,0,40.0
10109609MARQUESL_2025-01-16_G25,10109609MARQUESL,2025-01-16,160055,1,6,0,618.0
10109609MARQUESL_2025-01-16_G26,10109609MARQUESL,2025-01-16,111172,1,2,0,238.0
10109609MARQUESL_2025-01-16_G27,10109609MARQUESL,2025-01-16,111463,1,6,0,127.0
10109609MARQUESL_2025-01-16_G28,10109609MARQUESL,2025-01-16,118299,1,12,0,182.0
10109609MARQUESL_2025-01-16_G29,10109609MARQUESL,2025-01-16,160054,1,7,0,344.0
10109609MARQUESL_2025-01-16_G30,10109609MARQUESL,2025-01-16,117809,1,6,0,388.0
10109609MARQUESL_2025-01-16_G31,10109609MARQUESL,2025-01-16,117809,1,4,0,36.0
10109609MARQUESL_2025-01-16_G32,10109609MARQUESL,2025-01-16,160053,1,16,0,152.0
10109609MARQUESL_2025-01-16_G34,10109609MARQUESL,2025-01-16,111850,1,12,0,507.0
10109609MARQUESL_2025-01-16_G35,10109609MARQUESL,2025-01-16,118251,1,2,0,477.0
10109609MARQUESL_2025-01-16_G36,10109609MARQUESL,2025-01-16,109937,1,4,0,151.0
10109609MARQUESL_2025-01-16_G37,10109609MARQUESL,2025-01-16,110583,1,1,0,60.0
10109609MARQUESL_2025-01-16_G38,10109609MARQUESL,2025-01-16,118290,1,1,0,103.0
10109609MARQUESL_2025-01-16_G39,10109609MARQUESL,2025-01-16,117289,1,4,0,206.0
10109609MARQUESL_2025-01-16_G40,10109609MARQUESL,2025-01-16,111430,1,24,0,418.0
10109609MARQUESL_2025-01-16_G41,10109609MARQUESL,2025-01-16,108410,1,2,0,304.0
10109609MARQUESL_2025-01-16_G42,10109609MARQUESL,2025-01-16,111775,1,1,0,222.0
10109609MARQUESL_2025-01-16_G43,10109609MARQUESL,2025-01-16,111437,1,4,0,179.0
10109609MARQUESL_2025-01-16_G44,10109609MARQUESL,2025-01-16,110742,1,16,0,352.0
10109609MARQUESL_2025-01-16_G45,10109609MARQUESL,2025-01-16,110747,1,16,0,273.0
10109609MARQUESL_2025-01-16_G46,10109609MARQUESL,2025-01-16,117856,1,50,0,668.0
10109609MARQUESL_2025-01-16_G47,10109609MARQUESL,2025-01-16,110339,1,25,0,410.0
10109609MARQUESL_2025-01-16_G48,10109609MARQUESL,2025-01-16,117853,1,11,0,192.0
10109609MARQUESL_2025-01-16_G49,10109609MARQUESL,2025-01-16,111439,1,6,0,144.0
10109609MARQUESL_2025-01-16_G50,10109609MARQUESL,2025-01-16,109640,1,4,0,128.0
10109609MARQUESL_2025-01-16_G51,10109609MARQUESL,2025-01-16,118094,1,64,0,250.0
10109609MARQUESL_2025-01-17_G02,10109609MARQUESL,2025-01-17,110339,1,4,0,355.0
10109609MARQUESL_2025-01-17_G03,10109609MARQUESL,2025-01-17,111530,1,8,0,1009.0
10109609MARQUESL_2025-01-17_G04,10109609MARQUESL,2025-01-17,110711,1,3,0,266.0
10109609MARQUESL_2025-01-17_G05,10109609MARQUESL,2025-01-17,108794,1,4,0,2696.0
10109609MARQUESL_2025-01-17_G06,10109609MARQUESL,2025-01-17,118140,1,4,0,462.0
10109609MARQUESL_2025-01-17_G07,10109609MARQUESL,2025-01-17,117831,1,6,0,474.0
10109609MARQUESL_2025-01-17_G08,10109609MARQUESL,2025-01-17,111469,1,4,0,238.0
10109609MARQUESL_2025-01-17_G09,10109609MARQUESL,2025-01-17,117820,1,2,0,199.0
10109609MARQUESL_2025-01-17_G10,10109609MARQUESL,2025-01-17,110372,1,12,0,254.0
10109609MARQUESL_2025-01-17_G11,10109609MARQUESL,2025-01-17,109643,1,2,0,119.0
10109609MARQUESL_2025-01-17_G12,10109609MARQUESL,2025-01-17,118299,1,40,0,1025.0
10109609MARQUESL_2025-01-17_G13,10109609MARQUESL,2025-01-17,118290,1,4,0,325.0
10109609MARQUESL_2025-01-17_G14,10109609MARQUESL,2025-01-17,118140,1,7,0,566.0
10109609MARQUESL_2025-01-17_G15,10109609MARQUESL,2025-01-17,140911,1,2,0,1810.0
10109609MARQUESL_2025-01-17_G16,10109609MARQUESL,2025-01-17,118222,1,40,0,509.0
10109609MARQUESL_2025-01-17_G17,10109609MARQUESL,2025-01-17,117853,1,16,0,981.0
10109609MARQUESL_2025-01-17_G18,10109609MARQUESL,2025-01-17,110313,1,11,0,400.0
10109609MARQUESL_2025-01-17_G19,10109609MARQUESL,2025-01-17,111530,1,28,0,324.0
10109609MARQUESL_2025-01-17_G20,10109609MARQUESL,2025-01-17,109640,1,10,0,565.0
10109609MARQUESL_2025-01-17_G21,10109609MARQUESL,2025-01-17,108772,1,2,0,193.0
10109609MARQUESL_2025-01-17_G22,10109609MARQUESL,2025-01-17,117856,1,10,0,344.0
10109609MARQUESL_2025-01-17_G23,10109609MARQUESL,2025-01-17,111435,1,15,0,756.0
10109609MARQUESL_2025-01-17_G24,10109609MARQUESL,2025-01-17,108711,1,19,0,273.0
10109609MARQUESL_2025-01-17_G25,10109609MARQUESL,2025-01-17,105705,1,16,0,391.0
10109609MARQUESL_2025-01-17_G26,10109609MARQUESL,2025-01-17,109937,1,4,0,1093.0
10109609MARQUESL_2025-01-17_G27,10109609MARQUESL,2025-01-17,111430,1,8,0,348.0
10109609MARQUESL_2025-01-17_G29,10109609MARQUESL,2025-01-17,110580,1,2,0,49.0
10109609MARQUESL_2025-01-17_G30,10109609MARQUESL,2025-01-17,117853,1,3,0,91.0
10109609MARQUESL_2025-01-17_G31,10109609MARQUESL,2025-01-17,117853,1,2,0,75.0
10109609MARQUESL_2025-01-17_G32,10109609MARQUESL,2025-01-17,110313,1,2,0,259.0
10109609MARQUESL_2025-01-17_G33,10109609MARQUESL,2025-01-17,110752,1,4,0,127.0
10109609MARQUESL_2025-01-17_G34,10109609MARQUESL,2025-01-17,118094,1,4,0,190.0
10109609MARQUESL_2025-01-17_G35,10109609MARQUESL,2025-01-17,117862,1,2,0,104.0
10109609MARQUESL_2025-01-17_G36,10109609MARQUESL,2025-01-17,108772,1,6,0,309.0
10109609MARQUESL_2025-01-17_G37,10109609MARQUESL,2025-01-17,110711,1,4,0,189.0
10109609MARQUESL_2025-01-17_G38,10109609MARQUESL,2025-01-17,118140,1,8,0,251.0
10109609MARQUESL_2025-01-17_G39,10109609MARQUESL,2025-01-17,140922,1,4,0,242.0
10109609MARQUESL_2025-01-17_G40,10109609MARQUESL,2025-01-17,140922,1,4,0,59.0
10109609MARQUESL_2025-01-17_G41,10109609MARQUESL,2025-01-17,140922,1,4,0,101.0
10109609MARQUESL_2025-01-17_G42,10109609MARQUESL,2025-01-17,111433,1,2,0,129.0
10109609MARQUESL_2025-01-17_G43,10109609MARQUESL,2025-01-17,110745,1,4,0,172.0
10109609MARQUESL_2025-01-17_G44,10109609MARQUESL,2025-01-17,108711,1,7,0,274.0
10109609MARQUESL_2025-01-17_G45,10109609MARQUESL,2025-01-17,108711,1,2,0,42.0
10109609MARQUESL_2025-01-17_G46,10109609MARQUESL,2025-01-17,105705,1,1,0,125.0
10109609MARQUESL_2025-01-17_G47,10109609MARQUESL,2025-01-17,111465,1,5,0,184.0
10109609MARQUESL_2025-01-17_G48,10109609MARQUESL,2025-01-17,111465,1,1,0,39.0
10109609MARQUESL_2025-01-17_G49,10109609MARQUESL,2025-01-17,111463,1,14,0,377.0
10109609MARQUESL_2025-01-17_G50,10109609MARQUESL,2025-01-17,111430,1,1,0,1369.0
10109609MARQUESL_2025-01-17_G51,10109609MARQUESL,2025-01-17,109937,1,1,0,152.0
10109609MARQUESL_2025-01-17_G52,10109609MARQUESL,2025-01-17,111530,1,1,0,141.0
10109609MARQUESL_2025-01-17_G53,10109609MARQUESL,2025-01-17,118094,1,2,0,200.0
10109609MARQUESL_2025-01-17_G54,10109609MARQUESL,2025-01-17,117786,1,6,0,428.0
10109609MARQUESL_2025-01-17_G55,10109609MARQUESL,2025-01-17,110711,1,2,0,118.0
10109609MARQUESL_2025-01-17_G56,10109609MARQUESL,2025-01-17,140922,1,1,0,254.0
10109609MARQUESL_2025-01-17_G57,10109609MARQUESL,2025-01-17,118317,1,1,0,118.0
10109609MARQUESL_2025-01-17_G58,10109609MARQUESL,2025-01-17,108794,1,1,0,109.0
10109609MARQUESL_2025-01-17_G59,10109609MARQUESL,2025-01-17,109643,1,1,0,182.0
10109609MARQUESL_2025-01-17_G60,10109609MARQUESL,2025-01-17,110372,1,2,0,74.0
10109609MARQUESL_2025-01-18_G02,10109609MARQUESL,2025-01-18,117965,1,2,0,155.0
10109609MARQUESL_2025-01-18_G03,10109609MARQUESL,2025-01-18,117856,1,4,0,139.0
10109609MARQUESL_2025-01-18_G04,10109609MARQUESL,2025-01-18,108711,1,4,0,118.0
10109609MARQUESL_2025-01-18_G05,10109609MARQUESL,2025-01-18,111418,1,4,0,161.0
10109609MARQUESL_2025-01-18_G06,10109609MARQUESL,2025-01-18,111469,1,12,0,103.0
10109609MARQUESL_2025-01-18_G07,10109609MARQUESL,2025-01-18,118140,1,4,0,148.0
10109609MARQUESL_2025-01-18_G08,10109609MARQUESL,2025-01-18,111442,1,4,0,108.0
10109609MARQUESL_2025-01-18_G09,10109609MARQUESL,2025-01-18,110751,1,4,0,108.0
10109609MARQUESL_2025-01-18_G10,10109609MARQUESL,2025-01-18,110745,1,8,0,91.0
10109609MARQUESL_2025-01-18_G11,10109609MARQUESL,2025-01-18,117820,1,16,0,273.0
10109609MARQUESL_2025-01-18_G12,10109609MARQUESL,2025-01-18,110373,1,16,0,3010.0
10109609MARQUESL_2025-01-18_G13,10109609MARQUESL,2025-01-18,117833,1,2,0,160.0
10109609MARQUESL_2025-01-18_G14,10109609MARQUESL,2025-01-18,110372,1,50,0,1310.0
10109609MARQUESL_2025-01-18_G15,10109609MARQUESL,2025-01-18,110339,1,1,0,170.0
10109609MARQUESL_2025-01-18_G16,10109609MARQUESL,2025-01-18,110313,1,1,0,97.0
10109609MARQUESL_2025-01-18_G17,10109609MARQUESL,2025-01-18,109640,1,6,0,166.0
10109609MARQUESL_2025-01-18_G18,10109609MARQUESL,2025-01-18,117862,1,8,0,177.0
10109609MARQUESL_2025-01-18_G19,10109609MARQUESL,2025-01-18,140922,1,6,0,283.0
10109609MARQUESL_2025-01-18_G20,10109609MARQUESL,2025-01-18,117831,1,7,0,183.0
10109609MARQUESL_2025-01-18_G21,10109609MARQUESL,2025-01-18,108711,1,4,0,105.0
10109609MARQUESL_2025-01-18_G22,10109609MARQUESL,2025-01-18,111469,1,6,0,297.0
10109609MARQUESL_2025-01-18_G23,10109609MARQUESL,2025-01-18,117820,1,4,0,260.0
10109609MARQUESL_2025-01-18_G24,10109609MARQUESL,2025-01-18,117832,1,10,0,131.0
10109609MARQUESL_2025-01-18_G25,10109609MARQUESL,2025-01-18,110372,2,10,28,327.0
10109609MARQUESL_2025-01-18_G26,10109609MARQUESL,2025-01-18,117809,1,8,0,57.0
10109609MARQUESL_2025-01-18_G27,10109609MARQUESL,2025-01-18,110339,1,8,0,178.0
10109609MARQUESL_2025-01-18_G28,10109609MARQUESL,2025-01-18,111530,1,4,0,89.0
10109609MARQUESL_2025-01-18_G29,10109609MARQUESL,2025-01-18,118094,1,8,0,240.0
10109609MARQUESL_2025-01-18_G30,10109609MARQUESL,2025-01-18,117862,1,4,0,103.0
10109609MARQUESL_2025-01-18_G31,10109609MARQUESL,2025-01-18,117831,1,6,0,151.0
10109609MARQUESL_2025-01-18_G32,10109609MARQUESL,2025-01-18,110787,1,4,0,46.0
10109609MARQUESL_2025-01-18_G33,10109609MARQUESL,2025-01-18,110745,1,4,0,51.0
10109609MARQUESL_2025-01-18_G34,10109609MARQUESL,2025-01-18,110129,1,8,0,243.0
10109609MARQUESL_2025-01-18_G35,10109609MARQUESL,2025-01-18,111469,1,8,0,156.0
10109609MARQUESL_2025-01-18_G36,10109609MARQUESL,2025-01-18,111463,1,12,0,68.0
10109609MARQUESL_2025-01-18_G37,10109609MARQUESL,2025-01-18,109747,1,6,0,410.0
10109609MARQUESL_2025-01-18_G38,10109609MARQUESL,2025-01-18,117832,1,4,0,114.0
10109609MARQUESL_2025-01-18_G39,10109609MARQUESL,2025-01-18,110372,1,60,0,259.0
10109609MARQUESL_2025-01-18_G40,10109609MARQUESL,2025-01-18,109643,1,4,0,389.0
10109609MARQUESL_2025-01-18_G41,10109609MARQUESL,2025-01-18,111430,1,2,0,1053.0
10109609MARQUESL_2025-01-18_G42,10109609MARQUESL,2025-01-18,110339,1,1,0,114.0
10109609MARQUESL_2025-01-18_G43,10109609MARQUESL,2025-01-18,117786,1,3,0,89.0
10109609MARQUESL_2025-01-18_G44,10109609MARQUESL,2025-01-18,117856,1,2,0,95.0
10109609MARQUESL_2025-01-18_G45,10109609MARQUESL,2025-01-18,118140,1,2,0,157.0
10109609MARQUESL_2025-01-18_G46,10109609MARQUESL,2025-01-18,117831,1,4,0,84.0
10109609MARQUESL_2025-01-18_G47,10109609MARQUESL,2025-01-18,110787,1,1,0,104.0
10109609MARQUESL_2025-01-18_G48,10109609MARQUESL,2025-01-18,110371,1,2,0,174.0
10109609MARQUESL_2025-01-18_G49,10109609MARQUESL,2025-01-18,109643,1,2,0,428.0
10109609MARQUESL_2025-01-18_G50,10109609MARQUESL,2025-01-18,110582,1,4,0,1228.0
10109609MARQUESL_2025-01-18_G51,10109609MARQUESL,2025-01-18,110580,1,1,0,168.0
10109609MARQUESL_2025-01-18_G52,10109609MARQUESL,2025-01-18,140957,1,2,0,455.0
10109609MARQUESL_2025-01-18_G53,10109609MARQUESL,2025-01-18,117855,1,2,0,102.0
10109609MARQUESL_2025-01-18_G54,10109609MARQUESL,2025-01-18,109640,1,1,0,37.0
10109609MARQUESL_2025-01-18_G55,10109609MARQUESL,2025-01-18,117861,1,14,0,141.0
10109609MARQUESL_2025-01-18_G56,10109609MARQUESL,2025-01-18,117856,1,9,0,622.0
10109609MARQUESL_2025-01-18_G57,10109609MARQUESL,2025-01-18,109747,1,4,0,153.0
10109609MARQUESL_2025-01-18_G58,10109609MARQUESL,2025-01-18,110371,1,11,0,389.0
10109609MARQUESL_2025-01-18_G60,10109609MARQUESL,2025-01-18,111445,1,4,0,276.0
10109609MARQUESL_2025-01-18_G61,10109609MARQUESL,2025-01-18,109141,1,12,0,920.0
10109609MARQUESL_2025-01-18_G62,10109609MARQUESL,2025-01-18,110740,1,3,0,275.0
10109609MARQUESL_2025-01-18_G63,10109609MARQUESL,2025-01-18,117808,1,90,0,1528.0
10109609MARQUESL_2025-01-18_G64,10109609MARQUESL,2025-01-18,110371,1,16,0,374.0
10109609MARQUESL_2025-01-20_G02,10109609MARQUESL,2025-01-20,118317,1,18,0,230.0
10109609MARQUESL_2025-01-20_G03,10109609MARQUESL,2025-01-20,111466,1,34,0,785.0
10109609MARQUESL_2025-01-20_G04,10109609MARQUESL,2025-01-20,118285,1,11,0,595.0
10109609MARQUESL_2025-01-20_G05,10109609MARQUESL,2025-01-20,117821,1,28,0,601.0
10109609MARQUESL_2025-01-20_G06,10109609MARQUESL,2025-01-20,117785,1,45,0,575.0
10109609MARQUESL_2025-01-20_G07,10109609MARQUESL,2025-01-20,110787,1,24,0,525.0
10109609MARQUESL_2025-01-20_G08,10109609MARQUESL,2025-01-20,111655,1,14,0,1276.0
10109609MARQUESL_2025-01-20_G09,10109609MARQUESL,2025-01-20,118306,1,2,0,142.0
10109609MARQUESL_2025-01-20_G10,10109609MARQUESL,2025-01-20,110747,1,4,0,168.0
10109609MARQUESL_2025-01-20_G11,10109609MARQUESL,2025-01-20,111530,1,37,0,1976.0
10109609MARQUESL_2025-01-20_G12,10109609MARQUESL,2025-01-20,110733,1,2,0,446.0
10109609MARQUESL_2025-01-20_G13,10109609MARQUESL,2025-01-20,110313,1,2,0,114.0
10109609MARQUESL_2025-01-20_G14,10109609MARQUESL,2025-01-20,110313,1,2,0,36.0
10109609MARQUESL_2025-01-20_G15,10109609MARQUESL,2025-01-20,111467,1,4,0,70.0
10109609MARQUESL_2025-01-20_G16,10109609MARQUESL,2025-01-20,117831,1,5,0,117.0
10109609MARQUESL_2025-01-20_G17,10109609MARQUESL,2025-01-20,110787,2,16,30,98.0
10109609MARQUESL_2025-01-20_G18,10109609MARQUESL,2025-01-20,111443,1,6,0,82.0
10109609MARQUESL_2025-01-20_G19,10109609MARQUESL,2025-01-20,105705,1,6,0,148.0
10109609MARQUESL_2025-01-20_G20,10109609MARQUESL,2025-01-20,111465,1,8,0,649.0
10109609MARQUESL_2025-01-20_G21,10109609MARQUESL,2025-01-20,110371,1,14,0,231.0
10109609MARQUESL_2025-01-20_G22,10109609MARQUESL,2025-01-20,110374,1,12,0,222.0
10109609MARQUESL_2025-01-20_G23,10109609MARQUESL,2025-01-20,110374,1,6,0,57.0
10109609MARQUESL_2025-01-20_G24,10109609MARQUESL,2025-01-20,117820,1,52,0,96.0
10109609MARQUESL_2025-01-20_G25,10109609MARQUESL,2025-01-20,117832,2,23,22,732.0
10109609MARQUESL_2025-01-20_G26,10109609MARQUESL,2025-01-20,117808,1,4,0,103.0
10109609MARQUESL_2025-01-20_G27,10109609MARQUESL,2025-01-20,110372,1,14,0,151.0
10109609MARQUESL_2025-01-20_G28,10109609MARQUESL,2025-01-20,117808,1,34,0,705.0
10109609MARQUESL_2025-01-20_G29,10109609MARQUESL,2025-01-20,109937,1,4,0,704.0
10109609MARQUESL_2025-01-20_G30,10109609MARQUESL,2025-01-20,110895,1,8,0,647.0
10109609MARQUESL_2025-01-20_G31,10109609MARQUESL,2025-01-20,110339,1,4,0,330.0
10109609MARQUESL_2025-01-20_G32,10109609MARQUESL,2025-01-20,111530,1,5,0,104.0
10109609MARQUESL_2025-01-20_G33,10109609MARQUESL,2025-01-20,118140,1,9,0,134.0
10109609MARQUESL_2025-01-20_G34,10109609MARQUESL,2025-01-20,110740,1,2,0,142.0
10109609MARQUESL_2025-01-20_G35,10109609MARQUESL,2025-01-20,109641,1,8,0,175.0
10109609MARQUESL_2025-01-20_G36,10109609MARQUESL,2025-01-20,110745,1,2,0,118.0
10109609MARQUESL_2025-01-20_G37,10109609MARQUESL,2025-01-20,116241,1,4,0,133.0
10109609MARQUESL_2025-01-20_G38,10109609MARQUESL,2025-01-20,111443,1,6,0,76.0
10109609MARQUESL_2025-01-20_G40,10109609MARQUESL,2025-01-20,118094,1,13,0,161.0
10109609MARQUESL_2025-01-20_G41,10109609MARQUESL,2025-01-20,117786,1,8,0,384.0
10109609MARQUESL_2025-01-20_G42,10109609MARQUESL,2025-01-20,110371,1,100,0,551.0
10109609MARQUESL_2025-01-21_G02,10109609MARQUESL,2025-01-21,141047,1,3,0,181.0
10109609MARQUESL_2025-01-21_G03,10109609MARQUESL,2025-01-21,141047,1,1,0,32.0
10109609MARQUESL_2025-01-21_G04,10109609MARQUESL,2025-01-21,117856,1,2,0,106.0
10109609MARQUESL_2025-01-21_G05,10109609MARQUESL,2025-01-21,111435,1,2,0,220.0
10109609MARQUESL_2025-01-21_G06,10109609MARQUESL,2025-01-21,108794,1,4,0,93.0
10109609MARQUESL_2025-01-21_G07,10109609MARQUESL,2025-01-21,111442,1,4,0,160.0
10109609MARQUESL_2025-01-21_G08,10109609MARQUESL,2025-01-21,107236,1,12,0,268.0
10109609MARQUESL_2025-01-21_G09,10109609MARQUESL,2025-01-21,109641,1,10,0,285.0
10109609MARQUESL_2025-01-21_G11,10109609MARQUESL,2025-01-21,110579,1,1,0,121.0
10109609MARQUESL_2025-01-21_G12,10109609MARQUESL,2025-01-21,111887,1,2,0,164.0
10109609MARQUESL_2025-01-21_G13,10109609MARQUESL,2025-01-21,110030,1,1,0,136.0
10109609MARQUESL_2025-01-21_G14,10109609MARQUESL,2025-01-21,110742,1,2,0,200.0
10109609MARQUESL_2025-01-21_G15,10109609MARQUESL,2025-01-21,118418,1,2,0,84.0
10109609MARQUESL_2025-01-21_G16,10109609MARQUESL,2025-01-21,111430,1,8,0,1914.0
10109609MARQUESL_2025-01-21_G17,10109609MARQUESL,2025-01-21,118290,1,5,0,178.0
10109609MARQUESL_2025-01-21_G18,10109609MARQUESL,2025-01-21,111110,1,4,0,122.0
10109609MARQUESL_2025-01-21_G19,10109609MARQUESL,2025-01-21,110320,1,1,0,95.0
10109609MARQUESL_2025-01-21_G20,10109609MARQUESL,2025-01-21,118299,1,247,0,1376.0
10109609MARQUESL_2025-01-21_G21,10109609MARQUESL,2025-01-21,111330,1,5,0,157.0
10109609MARQUESL_2025-01-21_G22,10109609MARQUESL,2025-01-21,111330,1,13,0,202.0
10109609MARQUESL_2025-01-21_G23,10109609MARQUESL,2025-01-21,109641,1,30,0,830.0
10109609MARQUESL_2025-01-21_G24,10109609MARQUESL,2025-01-21,118299,2,180,21,1205.0
10109609MARQUESL_2025-01-21_G25,10109609MARQUESL,2025-01-21,117822,1,9,0,832.0
10109609MARQUESL_2025-01-21_G26,10109609MARQUESL,2025-01-21,110372,1,40,0,556.0
10109609MARQUESL_2025-01-21_G28,10109609MARQUESL,2025-01-21,160055,1,14,0,1134.0
10109609MARQUESL_2025-01-21_G29,10109609MARQUESL,2025-01-21,108711,1,6,0,146.0
10109609MARQUESL_2025-01-21_G30,10109609MARQUESL,2025-01-21,110895,1,16,0,212.0
10109609MARQUESL_2025-01-21_G31,10109609MARQUESL,2025-01-21,160057,1,2,0,255.0
10109609MARQUESL_2025-01-21_G32,10109609MARQUESL,2025-01-21,110711,1,20,0,997.0
10109609MARQUESL_2025-01-21_G33,10109609MARQUESL,2025-01-21,111442,1,5,0,233.0
10109609MARQUESL_2025-01-21_G34,10109609MARQUESL,2025-01-21,107236,1,3,0,52.0
10109609MARQUESL_2025-01-21_G35,10109609MARQUESL,2025-01-21,111438,1,8,0,425.0
10109609MARQUESL_2025-01-21_G36,10109609MARQUESL,2025-01-21,110895,1,6,0,65.0
10109609MARQUESL_2025-01-21_G37,10109609MARQUESL,2025-01-21,111569,1,6,0,92.0
10109609MARQUESL_2025-01-21_G38,10109609MARQUESL,2025-01-21,118299,1,80,0,374.0
10109609MARQUESL_2025-01-21_G39,10109609MARQUESL,2025-01-21,110372,1,30,0,611.0
10109609MARQUESL_2025-01-22_G02,10109609MARQUESL,2025-01-22,118222,1,100,0,114.0
10109609MARQUESL_2025-01-22_G03,10109609MARQUESL,2025-01-22,118324,1,4,0,1264.0
10109609MARQUESL_2025-01-22_G04,10109609MARQUESL,2025-01-22,111438,1,9,0,478.0
10109609MARQUESL_2025-01-22_G05,10109609MARQUESL,2025-01-22,118418,1,5,0,133.0
10109609MARQUESL_2025-01-22_G06,10109609MARQUESL,2025-01-22,118251,1,4,0,237.0
10109609MARQUESL_2025-01-22_G07,10109609MARQUESL,2025-01-22,118250,1,20,0,508.0
10109609MARQUESL_2025-01-22_G08,10109609MARQUESL,2025-01-22,118403,1,80,0,524.0
10109609MARQUESL_2025-01-22_G09,10109609MARQUESL,2025-01-22,118094,1,60,0,207.0
10109609MARQUESL_2025-01-22_G10,10109609MARQUESL,2025-01-22,110515,1,40,0,535.0
10109609MARQUESL_2025-01-22_G11,10109609MARQUESL,2025-01-22,141047,1,20,0,191.0
10109609MARQUESL_2025-01-22_G12,10109609MARQUESL,2025-01-22,118140,1,130,0,1188.0
10109609MARQUESL_2025-01-22_G13,10109609MARQUESL,2025-01-22,110372,1,298,0,914.0
10109609MARQUESL_2025-01-22_G14,10109609MARQUESL,2025-01-22,117836,1,2,0,958.0
10109609MARQUESL_2025-01-22_G15,10109609MARQUESL,2025-01-22,111569,1,2,0,114.0
10109609MARQUESL_2025-01-22_G16,10109609MARQUESL,2025-01-22,111430,1,2,0,99.0
10109609MARQUESL_2025-01-22_G17,10109609MARQUESL,2025-01-22,118306,1,2,0,116.0
10109609MARQUESL_2025-01-22_G18,10109609MARQUESL,2025-01-22,110747,1,4,0,255.0
10109609MARQUESL_2025-01-22_G19,10109609MARQUESL,2025-01-22,111569,1,2,0,395.0
10109609MARQUESL_2025-01-22_G20,10109609MARQUESL,2025-01-22,110752,1,2,0,2026.0
10109609MARQUESL_2025-01-22_G21,10109609MARQUESL,2025-01-22,111530,1,3,0,64.0
10109609MARQUESL_2025-01-22_G22,10109609MARQUESL,2025-01-22,110515,1,1,0,117.0
10109609MARQUESL_2025-01-22_G23,10109609MARQUESL,2025-01-22,110515,1,7,0,61.0
10109609MARQUESL_2025-01-22_G24,10109609MARQUESL,2025-01-22,117862,1,2,0,87.0
10109609MARQUESL_2025-01-22_G25,10109609MARQUESL,2025-01-22,117862,1,2,0,31.0
10109609MARQUESL_2025-01-22_G26,10109609MARQUESL,2025-01-22,108794,1,4,0,146.0
10109609MARQUESL_2025-01-22_G27,10109609MARQUESL,2025-01-22,111418,1,1,0,80.0
10109609MARQUESL_2025-01-22_G28,10109609MARQUESL,2025-01-22,111418,1,3,0,42.0
10109609MARQUESL_2025-01-22_G29,10109609MARQUESL,2025-01-22,118140,1,4,0,70.0
10109609MARQUESL_2025-01-22_G30,10109609MARQUESL,2025-01-22,111466,1,2,0,358.0
10109609MARQUESL_2025-01-22_G31,10109609MARQUESL,2025-01-22,111466,1,2,0,35.0
10109609MARQUESL_2025-01-22_G32,10109609MARQUESL,2025-01-22,111466,2,27,10,51.0
10109609MARQUESL_2025-01-22_G33,10109609MARQUESL,2025-01-22,111442,1,2,0,681.0
10109609MARQUESL_2025-01-22_G34,10109609MARQUESL,2025-01-22,109641,1,2,0,819.0
10109609MARQUESL_2025-01-22_G35,10109609MARQUESL,2025-01-22,118317,1,4,0,72.0
10109609MARQUESL_2025-01-22_G36,10109609MARQUESL,2025-01-22,109645,1,4,0,103.0
10109609MARQUESL_2025-01-22_G37,10109609MARQUESL,2025-01-22,117785,1,3,0,40.0
10109609MARQUESL_2025-01-22_G38,10109609MARQUESL,2025-01-22,111348,1,2,0,54.0
10109609MARQUESL_2025-01-22_G39,10109609MARQUESL,2025-01-22,110374,1,1,0,84.0
10109609MARQUESL_2025-01-22_G40,10109609MARQUESL,2025-01-22,110374,1,8,0,62.0
10109609MARQUESL_2025-01-22_G41,10109609MARQUESL,2025-01-22,118299,1,15,0,160.0
10109609MARQUESL_2025-01-22_G42,10109609MARQUESL,2025-01-22,118299,1,5,0,58.0
10109609MARQUESL_2025-01-22_G43,10109609MARQUESL,2025-01-22,110371,1,12,0,127.0
10109609MARQUESL_2025-01-22_G44,10109609MARQUESL,2025-01-22,110375,1,2,0,74.0
10109609MARQUESL_2025-01-22_G46,10109609MARQUESL,2025-01-22,110711,1,4,0,411.0
10109609MARQUESL_2025-01-22_G47,10109609MARQUESL,2025-01-22,160053,1,10,0,814.0
10109609MARQUESL_2025-01-22_G48,10109609MARQUESL,2025-01-22,105705,1,6,0,198.0
10109609MARQUESL_2025-01-22_G49,10109609MARQUESL,2025-01-22,111348,1,3,0,134.0
10109609MARQUESL_2025-01-22_G50,10109609MARQUESL,2025-01-22,111569,1,20,0,692.0
10109609MARQUESL_2025-01-22_G51,10109609MARQUESL,2025-01-22,109933,1,1,0,140.0
10109609MARQUESL_2025-01-22_G52,10109609MARQUESL,2025-01-22,111850,1,2,0,81.0
10109609MARQUESL_2025-01-22_G53,10109609MARQUESL,2025-01-22,111438,1,2,0,244.0
10109609MARQUESL_2025-01-22_G54,10109609MARQUESL,2025-01-22,110747,1,4,0,121.0
10109609MARQUESL_2025-01-22_G55,10109609MARQUESL,2025-01-22,115234,1,1,0,92.0
10109609MARQUESL_2025-01-22_G56,10109609MARQUESL,2025-01-22,111439,1,2,0,152.0
10109609MARQUESL_2025-01-22_G57,10109609MARQUESL,2025-01-22,109647,1,4,0,168.0
10109609MARQUESL_2025-01-22_G58,10109609MARQUESL,2025-01-22,141047,1,6,0,177.0
10109609MARQUESL_2025-01-22_G59,10109609MARQUESL,2025-01-22,111435,1,4,0,1147.0
10109609MARQUESL_2025-01-22_G60,10109609MARQUESL,2025-01-22,107236,1,2,0,186.0
10109609MARQUESL_2025-01-22_G61,10109609MARQUESL,2025-01-22,110787,1,10,0,211.0
10109609MARQUESL_2025-01-22_G62,10109609MARQUESL,2025-01-22,111348,1,2,0,120.0
10109609MARQUESL_2025-01-22_G63,10109609MARQUESL,2025-01-22,110129,1,4,0,47.0
10109609MARQUESL_2025-01-22_G64,10109609MARQUESL,2025-01-22,108711,1,4,0,49.0
10109609MARQUESL_2025-01-22_G65,10109609MARQUESL,2025-01-22,105705,1,8,0,222.0
10109609MARQUESL_2025-01-22_G66,10109609MARQUESL,2025-01-22,160055,1,1,0,100.0
10109609MARQUESL_2025-01-22_G67,10109609MARQUESL,2025-01-22,110375,1,3,0,107.0
10109609MARQUESL_2025-01-22_G68,10109609MARQUESL,2025-01-22,110372,1,32,0,113.0
10109609MARQUESL_2025-01-23_G02,10109609MARQUESL,2025-01-23,118222,1,72,0,592.0
10109609MARQUESL_2025-01-23_G03,10109609MARQUESL,2025-01-23,110313,1,30,0,818.0
10109609MARQUESL_2025-01-23_G04,10109609MARQUESL,2025-01-23,117856,1,19,0,1189.0
10109609MARQUESL_2025-01-23_G05,10109609MARQUESL,2025-01-23,111530,1,70,0,295.0
10109609MARQUESL_2025-01-23_G06,10109609MARQUESL,2025-01-23,110339,1,38,0,879.0
10109609MARQUESL_2025-01-23_G07,10109609MARQUESL,2025-01-23,110711,1,20,0,686.0
10109609MARQUESL_2025-01-23_G08,10109609MARQUESL,2025-01-23,117836,1,4,0,2061.0
10109609MARQUESL_2025-01-23_G09,10109609MARQUESL,2025-01-23,111569,1,4,0,167.0
10109609MARQUESL_2025-01-23_G10,10109609MARQUESL,2025-01-23,109937,1,7,0,164.0
10109609MARQUESL_2025-01-23_G11,10109609MARQUESL,2025-01-23,110756,1,2,0,206.0
10109609MARQUESL_2025-01-23_G12,10109609MARQUESL,2025-01-23,117855,1,8,0,952.0
10109609MARQUESL_2025-01-23_G13,10109609MARQUESL,2025-01-23,117809,1,5,0,93.0
10109609MARQUESL_2025-01-23_G14,10109609MARQUESL,2025-01-23,110373,1,10,0,159.0
10109609MARQUESL_2025-01-23_G15,10109609MARQUESL,2025-01-23,118140,1,12,0,560.0
10109609MARQUESL_2025-01-23_G16,10109609MARQUESL,2025-01-23,111602,1,12,0,342.0
10109609MARQUESL_2025-01-23_G17,10109609MARQUESL,2025-01-23,110313,1,2,0,244.0
10109609MARQUESL_2025-01-23_G18,10109609MARQUESL,2025-01-23,110711,1,8,0,227.0
10109609MARQUESL_2025-01-23_G19,10109609MARQUESL,2025-01-23,111330,1,2,0,669.0
10109609MARQUESL_2025-01-23_G20,10109609MARQUESL,2025-01-23,118004,1,4,0,248.0
10109609MARQUESL_2025-01-23_G21,10109609MARQUESL,2025-01-23,108711,1,3,0,105.0
10109609MARQUESL_2025-01-23_G22,10109609MARQUESL,2025-01-23,110373,1,2,0,252.0
10109609MARQUESL_2025-01-23_G23,10109609MARQUESL,2025-01-23,117855,1,10,0,1677.0
10109609MARQUESL_2025-01-23_G24,10109609MARQUESL,2025-01-23,108795,1,10,0,126.0
10109609MARQUESL_2025-01-23_G25,10109609MARQUESL,2025-01-23,110372,1,30,0,417.0
10109609MARQUESL_2025-01-23_G26,10109609MARQUESL,2025-01-23,111468,1,2,0,1283.0
10109609MARQUESL_2025-01-23_G27,10109609MARQUESL,2025-01-23,111763,1,6,0,226.0
10109609MARQUESL_2025-01-23_G28,10109609MARQUESL,2025-01-23,117808,1,10,0,181.0
10109609MARQUESL_2025-01-23_G29,10109609MARQUESL,2025-01-23,109643,1,2,0,63.0
10109609MARQUESL_2025-01-23_G30,10109609MARQUESL,2025-01-23,110374,1,20,0,159.0
10109609MARQUESL_2025-01-23_G32,10109609MARQUESL,2025-01-23,111602,1,4,0,255.0
10109609MARQUESL_2025-01-23_G33,10109609MARQUESL,2025-01-23,110374,1,2,0,50.0
10109609MARQUESL_2025-01-23_G34,10109609MARQUESL,2025-01-23,118094,1,8,0,123.0
10109609MARQUESL_2025-01-23_G35,10109609MARQUESL,2025-01-23,111468,1,30,0,535.0
10109609MARQUESL_2025-01-23_G36,10109609MARQUESL,2025-01-23,111182,1,10,0,190.0
10109609MARQUESL_2025-01-23_G37,10109609MARQUESL,2025-01-23,111466,1,9,0,140.0
10109609MARQUESL_2025-01-23_G38,10109609MARQUESL,2025-01-23,117832,1,20,0,216.0
10109609MARQUESL_2025-01-23_G39,10109609MARQUESL,2025-01-23,109643,1,21,0,288.0
10109609MARQUESL_2025-01-23_G40,10109609MARQUESL,2025-01-23,111430,1,4,0,425.0
10109609MARQUESL_2025-01-23_G41,10109609MARQUESL,2025-01-23,110579,1,2,0,186.0
10109609MARQUESL_2025-01-23_G42,10109609MARQUESL,2025-01-23,110339,1,2,0,99.0
10109609MARQUESL_2025-01-23_G43,10109609MARQUESL,2025-01-23,111598,1,3,0,199.0
10109609MARQUESL_2025-01-23_G44,10109609MARQUESL,2025-01-23,110313,1,6,0,154.0
10109609MARQUESL_2025-01-23_G45,10109609MARQUESL,2025-01-23,117855,1,2,0,59.0
10109609MARQUESL_2025-01-23_G46,10109609MARQUESL,2025-01-23,111876,1,6,0,203.0
10109609MARQUESL_2025-01-23_G47,10109609MARQUESL,2025-01-23,105242,1,4,0,191.0
10109609MARQUESL_2025-01-23_G48,10109609MARQUESL,2025-01-23,110711,1,3,0,346.0
10109609MARQUESL_2025-01-23_G49,10109609MARQUESL,2025-01-23,117862,1,2,0,123.0
10109609MARQUESL_2025-01-23_G50,10109609MARQUESL,2025-01-23,118140,1,4,0,125.0
10109609MARQUESL_2025-01-23_G51,10109609MARQUESL,2025-01-23,118299,1,6,0,90.0
10109609MARQUESL_2025-01-23_G52,10109609MARQUESL,2025-01-23,117830,1,2,0,74.0
10109609MARQUESL_2025-01-23_G53,10109609MARQUESL,2025-01-23,118094,1,4,0,443.0
10109609MARQUESL_2025-01-23_G54,10109609MARQUESL,2025-01-23,110711,1,8,0,209.0
10109609MARQUESL_2025-01-23_G55,10109609MARQUESL,2025-01-23,117831,1,8,0,130.0
10109609MARQUESL_2025-01-23_G56,10109609MARQUESL,2025-01-23,117838,1,4,0,102.0
10109609MARQUESL_2025-01-23_G57,10109609MARQUESL,2025-01-23,117809,1,6,0,99.0
10109609MARQUESL_2025-01-23_G58,10109609MARQUESL,2025-01-23,110372,1,13,0,137.0
10109609MARQUESL_2025-01-23_G59,10109609MARQUESL,2025-01-23,110841,1,2,0,321.0
10109609MARQUESL_2025-01-23_G60,10109609MARQUESL,2025-01-23,118140,1,4,0,204.0
10109609MARQUESL_2025-01-23_G61,10109609MARQUESL,2025-01-23,118317,1,2,0,73.0
10109609MARQUESL_2025-01-23_G62,10109609MARQUESL,2025-01-23,117833,1,8,0,140.0
10109609MARQUESL_2025-01-23_G63,10109609MARQUESL,2025-01-23,110743,1,2,0,189.0
10109609MARQUESL_2025-01-23_G64,10109609MARQUESL,2025-01-23,117830,1,2,0,102.0
10109609MARQUESL_2025-01-24_G02,10109609MARQUESL,2025-01-24,111850,1,4,0,74.0
10109609MARQUESL_2025-01-24_G03,10109609MARQUESL,2025-01-24,110500,1,2,0,98.0
10109609MARQUESL_2025-01-24_G04,10109609MARQUESL,2025-01-24,110311,1,2,0,235.0
10109609MARQUESL_2025-01-24_G05,10109609MARQUESL,2025-01-24,109873,1,2,0,97.0
10109609MARQUESL_2025-01-24_G06,10109609MARQUESL,2025-01-24,109937,1,4,0,131.0
10109609MARQUESL_2025-01-24_G07,10109609MARQUESL,2025-01-24,118198,1,4,0,520.0
10109609MARQUESL_2025-01-24_G08,10109609MARQUESL,2025-01-24,108772,1,4,0,1180.0
10109609MARQUESL_2025-01-24_G09,10109609MARQUESL,2025-01-24,117862,1,12,0,171.0
10109609MARQUESL_2025-01-24_G10,10109609MARQUESL,2025-01-24,111446,1,4,0,987.0
10109609MARQUESL_2025-01-24_G11,10109609MARQUESL,2025-01-24,118140,1,20,0,415.0
10109609MARQUESL_2025-01-24_G12,10109609MARQUESL,2025-01-24,111466,1,16,0,177.0
10109609MARQUESL_2025-01-24_G13,10109609MARQUESL,2025-01-24,107236,1,6,0,531.0
10109609MARQUESL_2025-01-24_G14,10109609MARQUESL,2025-01-24,109641,1,4,0,109.0
10109609MARQUESL_2025-01-24_G15,10109609MARQUESL,2025-01-24,108798,1,8,0,155.0
10109609MARQUESL_2025-01-24_G16,10109609MARQUESL,2025-01-24,111743,1,6,0,451.0
10109609MARQUESL_2025-01-24_G17,10109609MARQUESL,2025-01-24,111433,1,4,0,183.0
10109609MARQUESL_2025-01-24_G18,10109609MARQUESL,2025-01-24,111463,1,20,0,428.0
10109609MARQUESL_2025-01-24_G19,10109609MARQUESL,2025-01-24,108711,1,16,0,983.0
10109609MARQUESL_2025-01-24_G20,10109609MARQUESL,2025-01-24,118299,1,100,0,122.0
10109609MARQUESL_2025-01-24_G21,10109609MARQUESL,2025-01-24,110373,1,32,0,408.0
10109609MARQUESL_2025-01-24_G22,10109609MARQUESL,2025-01-24,117830,1,8,0,355.0
10109609MARQUESL_2025-01-24_G23,10109609MARQUESL,2025-01-24,117808,1,100,0,381.0
10109609MARQUESL_2025-01-24_G24,10109609MARQUESL,2025-01-24,109643,1,4,0,187.0
10109609MARQUESL_2025-01-24_G25,10109609MARQUESL,2025-01-24,110375,1,20,0,901.0
10109609MARQUESL_2025-01-24_G26,10109609MARQUESL,2025-01-24,111569,1,80,0,1570.0
10109609MARQUESL_2025-01-24_G27,10109609MARQUESL,2025-01-24,117785,1,100,0,299.0
10109609MARQUESL_2025-01-24_G28,10109609MARQUESL,2025-01-24,111469,1,13,0,899.0
10109609MARQUESL_2025-01-24_G29,10109609MARQUESL,2025-01-24,111348,1,4,0,576.0
10109609MARQUESL_2025-01-24_G30,10109609MARQUESL,2025-01-24,117808,1,70,0,248.0
10109609MARQUESL_2025-01-28_G02,10109609MARQUESL,2025-01-28,117841,1,9,0,156.0
10109609MARQUESL_2025-01-28_G03,10109609MARQUESL,2025-01-28,117841,1,9,0,140.0
10109609MARQUESL_2025-01-28_G04,10109609MARQUESL,2025-01-28,111463,1,30,0,322.0
10109609MARQUESL_2025-01-28_G05,10109609MARQUESL,2025-01-28,110325,1,20,0,223.0
10109609MARQUESL_2025-01-28_G06,10109609MARQUESL,2025-01-28,110325,1,9,0,133.0
10109609MARQUESL_2025-01-28_G07,10109609MARQUESL,2025-01-28,110373,1,70,0,291.0
10109609MARQUESL_2025-01-28_G08,10109609MARQUESL,2025-01-28,110373,2,130,29,48.0
10109609MARQUESL_2025-01-28_G09,10109609MARQUESL,2025-01-28,117832,1,15,0,1837.0
10109609MARQUESL_2025-01-28_G10,10109609MARQUESL,2025-01-28,110372,1,50,0,414.0
10109609MARQUESL_2025-01-28_G11,10109609MARQUESL,2025-01-28,111348,1,10,0,2301.0
10109609MARQUESL_2025-01-28_G12,10109609MARQUESL,2025-01-28,117833,1,30,0,839.0
10109609MARQUESL_2025-01-28_G13,10109609MARQUESL,2025-01-28,111462,1,12,0,686.0
10109609MARQUESL_2025-01-28_G14,10109609MARQUESL,2025-01-28,117809,1,70,0,674.0
10109609MARQUESL_2025-01-28_G15,10109609MARQUESL,2025-01-28,109747,1,10,0,511.0
10109609MARQUESL_2025-01-28_G16,10109609MARQUESL,2025-01-28,111441,1,20,0,2198.0
10109609MARQUESL_2025-01-28_G17,10109609MARQUESL,2025-01-28,118094,1,8,0,405.0
10109609MARQUESL_2025-01-28_G18,10109609MARQUESL,2025-01-28,111469,1,20,0,271.0
10109609MARQUESL_2025-01-28_G19,10109609MARQUESL,2025-01-28,117830,1,10,0,1299.0
10109609MARQUESL_2025-01-28_G20,10109609MARQUESL,2025-01-28,117808,1,60,0,3351.0
10109609MARQUESL_2025-01-28_G21,10109609MARQUESL,2025-01-28,117862,1,4,0,234.0
10109609MARQUESL_2025-01-28_G23,10109609MARQUESL,2025-01-28,111430,1,5,0,141.0
10109609MARQUESL_2025-01-28_G24,10109609MARQUESL,2025-01-28,111441,1,5,0,135.0
10109609MARQUESL_2025-01-28_G25,10109609MARQUESL,2025-01-28,117853,1,4,0,375.0
10109609MARQUESL_2025-01-28_G26,10109609MARQUESL,2025-01-28,110313,1,10,0,334.0
10109609MARQUESL_2025-01-28_G27,10109609MARQUESL,2025-01-28,110752,1,10,0,662.0
10109609MARQUESL_2025-01-28_G28,10109609MARQUESL,2025-01-28,111530,1,2,0,93.0
10109609MARQUESL_2025-01-28_G29,10109609MARQUESL,2025-01-28,111530,1,8,0,56.0
10109609MARQUESL_2025-01-28_G30,10109609MARQUESL,2025-01-28,105242,1,4,0,198.0
10109609MARQUESL_2025-01-28_G31,10109609MARQUESL,2025-01-28,141047,1,8,0,138.0
10109609MARQUESL_2025-01-28_G32,10109609MARQUESL,2025-01-28,117856,1,4,0,449.0
10109609MARQUESL_2025-01-28_G33,10109609MARQUESL,2025-01-28,110743,1,1,0,116.0
10109609MARQUESL_2025-01-28_G34,10109609MARQUESL,2025-01-28,111463,1,15,0,164.0
10109609MARQUESL_2025-01-29_G02,10109609MARQUESL,2025-01-29,111438,1,6,0,409.0
10109609MARQUESL_2025-01-29_G03,10109609MARQUESL,2025-01-29,111430,1,4,0,180.0
10109609MARQUESL_2025-01-29_G04,10109609MARQUESL,2025-01-29,111441,1,2,0,693.0
10109609MARQUESL_2025-01-29_G05,10109609MARQUESL,2025-01-29,117289,1,1,0,272.0
10109609MARQUESL_2025-01-29_G06,10109609MARQUESL,2025-01-29,117830,1,4,0,3479.0
10109609MARQUESL_2025-01-29_G07,10109609MARQUESL,2025-01-29,110372,1,4,0,94.0
10109609MARQUESL_2025-01-29_G08,10109609MARQUESL,2025-01-29,110376,1,2,0,47.0
10109609MARQUESL_2025-01-29_G09,10109609MARQUESL,2025-01-29,117820,1,8,0,92.0
10109609MARQUESL_2025-01-29_G10,10109609MARQUESL,2025-01-29,118299,1,35,0,246.0
10109609MARQUESL_2025-01-29_G11,10109609MARQUESL,2025-01-29,100334,1,2,0,2104.0
10109609MARQUESL_2025-01-29_G12,10109609MARQUESL,2025-01-29,111850,1,8,0,339.0
10109609MARQUESL_2025-01-29_G13,10109609MARQUESL,2025-01-29,118417,1,4,0,468.0
10109609MARQUESL_2025-01-29_G14,10109609MARQUESL,2025-01-29,111602,1,8,0,106.0
10109609MARQUESL_2025-01-29_G15,10109609MARQUESL,2025-01-29,117861,1,6,0,103.0
10109609MARQUESL_2025-01-29_G16,10109609MARQUESL,2025-01-29,117786,1,3,0,93.0
10109609MARQUESL_2025-01-29_G17,10109609MARQUESL,2025-01-29,109641,1,30,0,168.0
10109609MARQUESL_2025-01-29_G18,10109609MARQUESL,2025-01-29,118140,1,4,0,497.0
10109609MARQUESL_2025-01-29_G19,10109609MARQUESL,2025-01-29,111469,1,16,0,296.0
10109609MARQUESL_2025-01-29_G20,10109609MARQUESL,2025-01-29,111463,1,10,0,80.0
10109609MARQUESL_2025-01-29_G21,10109609MARQUESL,2025-01-29,117832,1,8,0,155.0
10109609MARQUESL_2025-01-29_G22,10109609MARQUESL,2025-01-29,110373,1,30,0,1229.0
10109609MARQUESL_2025-01-29_G23,10109609MARQUESL,2025-01-29,110373,1,2,0,119.0
10109609MARQUESL_2025-01-29_G24,10109609MARQUESL,2025-01-29,117841,1,4,0,251.0
10109609MARQUESL_2025-01-29_G25,10109609MARQUESL,2025-01-29,110371,1,2,0,115.0
10109609MARQUESL_2025-01-29_G26,10109609MARQUESL,2025-01-29,111598,1,4,0,160.0
10109609MARQUESL_2025-01-29_G27,10109609MARQUESL,2025-01-29,111763,1,12,0,540.0
10109609MARQUESL_2025-01-29_G28,10109609MARQUESL,2025-01-29,110373,1,10,0,245.0
10109609MARQUESL_2025-01-29_G29,10109609MARQUESL,2025-01-29,110371,1,20,0,789.0
10109609MARQUESL_2025-01-29_G30,10109609MARQUESL,2025-01-29,111441,1,4,0,1017.0
10109609MARQUESL_2025-01-29_G31,10109609MARQUESL,2025-01-29,111602,1,3,0,186.0
10109609MARQUESL_2025-01-29_G32,10109609MARQUESL,2025-01-29,117935,1,4,0,121.0
10109609MARQUESL_2025-01-29_G33,10109609MARQUESL,2025-01-29,118004,1,6,0,115.0
10109609MARQUESL_2025-01-29_G34,10109609MARQUESL,2025-01-29,117785,1,2,0,121.0
10109609MARQUESL_2025-01-29_G35,10109609MARQUESL,2025-01-29,110373,1,10,0,122.0
10109609MARQUESL_2025-01-29_G36,10109609MARQUESL,2025-01-29,110373,1,2,0,59.0
10109609MARQUESL_2025-01-30_G03,10109609MARQUESL,2025-01-30,110374,1,2,0,141.0
10109609MARQUESL_2025-01-30_G04,10109609MARQUESL,2025-01-30,110373,1,120,0,246.0
10109609MARQUESL_2025-01-30_G05,10109609MARQUESL,2025-01-30,110371,1,60,0,269.0
10109609MARQUESL_2025-01-30_G06,10109609MARQUESL,2025-01-30,111532,1,20,0,2769.0
10109609MARQUESL_2025-01-30_G07,10109609MARQUESL,2025-01-30,110623,1,4,0,178.0
10109609MARQUESL_2025-01-30_G08,10109609MARQUESL,2025-01-30,111532,1,8,0,233.0
10109609MARQUESL_2025-01-30_G09,10109609MARQUESL,2025-01-30,107236,1,4,0,1757.0
10109609MARQUESL_2025-01-30_G10,10109609MARQUESL,2025-01-30,108795,1,2,0,124.0
10109609MARQUESL_2025-01-30_G11,10109609MARQUESL,2025-01-30,110372,1,4,0,135.0
10109609MARQUESL_2025-01-30_G12,10109609MARQUESL,2025-01-30,109640,1,6,0,670.0
10109609MARQUESL_2025-01-30_G13,10109609MARQUESL,2025-01-30,117861,1,2,0,171.0
10109609MARQUESL_2025-01-30_G14,10109609MARQUESL,2025-01-30,117788,1,3,0,174.0
10109609MARQUESL_2025-01-30_G15,10109609MARQUESL,2025-01-30,111465,1,1,0,449.0
10109609MARQUESL_2025-01-30_G16,10109609MARQUESL,2025-01-30,111418,1,20,0,885.0
10109609MARQUESL_2025-01-30_G17,10109609MARQUESL,2025-01-30,111602,1,2,0,225.0
10109609MARQUESL_2025-01-30_G18,10109609MARQUESL,2025-01-30,110373,1,11,0,177.0
10109609MARQUESL_2025-01-30_G19,10109609MARQUESL,2025-01-30,107830,1,4,0,121.0
10109609MARQUESL_2025-01-30_G21,10109609MARQUESL,2025-01-30,109640,1,4,0,273.0
10109609MARQUESL_2025-01-30_G22,10109609MARQUESL,2025-01-30,111532,1,20,0,262.0
10109609MARQUESL_2025-01-30_G23,10109609MARQUESL,2025-01-30,111466,1,4,0,523.0
10109609MARQUESL_2025-01-30_G24,10109609MARQUESL,2025-01-30,109647,1,2,0,752.0
10109609MARQUESL_2025-01-30_G25,10109609MARQUESL,2025-01-30,111532,1,8,0,492.0
10109609MARQUESL_2025-01-30_G26,10109609MARQUESL,2025-01-30,111532,1,8,0,383.0
10109609MARQUESL_2025-01-30_G27,10109609MARQUESL,2025-01-30,111532,1,11,0,127.0
10109609MARQUESL_2025-01-30_G28,10109609MARQUESL,2025-01-30,110371,1,1,0,745.0
10109609MARQUESL_2025-01-30_G29,10109609MARQUESL,2025-01-30,"111438, 111602",2,4,28,187.0
10109609MARQUESL_2025-01-30_G30,10109609MARQUESL,2025-01-30,111438,1,3,0,216.0
10109609MARQUESL_2025-01-30_G31,10109609MARQUESL,2025-01-30,118004,1,3,0,212.0
10109609MARQUESL_2025-01-30_G32,10109609MARQUESL,2025-01-30,110371,1,1,0,102.0
10109609MARQUESL_2025-01-30_G33,10109609MARQUESL,2025-01-30,117808,1,280,0,1490.0
10109609MARQUESL_2025-01-30_G34,10109609MARQUESL,2025-01-30,118299,1,47,0,406.0
10109609MARQUESL_2025-01-31_G02,10109609MARQUESL,2025-01-31,109640,1,39,0,59.0
10109609MARQUESL_2025-01-31_G03,10109609MARQUESL,2025-01-31,110711,1,2,0,1343.0
10109609MARQUESL_2025-01-31_G04,10109609MARQUESL,2025-01-31,110339,1,4,0,112.0
10109609MARQUESL_2025-01-31_G05,10109609MARQUESL,2025-01-31,109640,1,13,0,314.0
10109609MARQUESL_2025-01-31_G06,10109609MARQUESL,2025-01-31,111850,1,2,0,600.0
10109609MARQUESL_2025-01-31_G07,10109609MARQUESL,2025-01-31,160057,1,6,0,148.0
10109609MARQUESL_2025-01-31_G08,10109609MARQUESL,2025-01-31,110623,1,2,0,91.0
10109609MARQUESL_2025-01-31_G09,10109609MARQUESL,2025-01-31,111466,1,10,0,599.0
10109609MARQUESL_2025-01-31_G10,10109609MARQUESL,2025-01-31,109645,1,6,0,146.0
10109609MARQUESL_2025-01-31_G11,10109609MARQUESL,2025-01-31,118223,1,2,0,80.0
10109609MARQUESL_2025-01-31_G12,10109609MARQUESL,2025-01-31,111443,1,2,0,60.0
10109609MARQUESL_2025-01-31_G13,10109609MARQUESL,2025-01-31,109648,1,1,0,212.0
10109609MARQUESL_2025-01-31_G14,10109609MARQUESL,2025-01-31,110372,1,7,0,112.0
10109609MARQUESL_2025-01-31_G15,10109609MARQUESL,2025-01-31,110374,1,4,0,117.0
10109609MARQUESL_2025-01-31_G16,10109609MARQUESL,2025-01-31,160054,1,7,0,211.0
10109609MARQUESL_2025-01-31_G17,10109609MARQUESL,2025-01-31,118299,1,16,0,260.0
10109609MARQUESL_2025-01-31_G18,10109609MARQUESL,2025-01-31,117808,1,16,0,133.0
10109609MARQUESL_2025-01-31_G19,10109609MARQUESL,2025-01-31,117820,1,21,0,216.0
10109609MARQUESL_2025-01-31_G20,10109609MARQUESL,2025-01-31,117935,1,4,0,1426.0
10109609MARQUESL_2025-01-31_G21,10109609MARQUESL,2025-01-31,111743,1,10,0,190.0
10109609MARQUESL_2025-01-31_G22,10109609MARQUESL,2025-01-31,110374,1,12,0,358.0
10109609MARQUESL_2025-01-31_G23,10109609MARQUESL,2025-01-31,117935,1,2,0,141.0
10109609MARQUESL_2025-01-31_G24,10109609MARQUESL,2025-01-31,111602,1,1,0,91.0
10109609MARQUESL_2025-01-31_G25,10109609MARQUESL,2025-01-31,117861,1,1,0,90.0
10109609MARQUESL_2025-01-31_G26,10109609MARQUESL,2025-01-31,111469,1,1,0,115.0
10109609MARQUESL_2025-01-31_G27,10109609MARQUESL,2025-01-31,117786,1,12,0,412.0
10109609MARQUESL_2025-01-31_G28,10109609MARQUESL,2025-01-31,111602,1,8,0,148.0
10109609MARQUESL_2025-01-31_G29,10109609MARQUESL,2025-01-31,111602,1,11,0,111.0
10109609MARQUESL_2025-01-31_G30,10109609MARQUESL,2025-01-31,118004,1,1,0,93.0
10109609MARQUESL_2025-01-31_G31,10109609MARQUESL,2025-01-31,110313,1,7,0,374.0
10109609MARQUESL_2025-01-31_G32,10109609MARQUESL,2025-01-31,140922,1,4,0,124.0
10109609MARQUESL_2025-01-31_G33,10109609MARQUESL,2025-01-31,110373,1,6,0,163.0
10109609MARQUESL_2025-01-31_G34,10109609MARQUESL,2025-01-31,111532,1,6,0,255.0
10109609MARQUESL_2025-01-31_G36,10109609MARQUESL,2025-01-31,111182,1,2,0,216.0
10109609MARQUESL_2025-01-31_G37,10109609MARQUESL,2025-01-31,111441,1,8,0,432.0
10109609MARQUESL_2025-01-31_G38,10109609MARQUESL,2025-01-31,110373,2,10,29,156.0
10109609MARQUESL_2025-01-31_G39,10109609MARQUESL,2025-01-31,109640,1,6,0,662.0
10109609MARQUESL_2025-01-31_G40,10109609MARQUESL,2025-01-31,110515,1,4,0,125.0
10109609MARQUESL_2025-01-31_G41,10109609MARQUESL,2025-01-31,111182,1,5,0,183.0
10109609MARQUESL_2025-01-31_G42,10109609MARQUESL,2025-01-31,111532,1,12,0,149.0
10109609MARQUESL_2025-01-31_G43,10109609MARQUESL,2025-01-31,117785,1,32,0,328.0
10109609MARQUESL_2025-02-06_G02,10109609MARQUESL,2025-02-06,118094,1,12,0,196.0
10109609MARQUESL_2025-02-06_G03,10109609MARQUESL,2025-02-06,111598,1,14,0,276.0
10109609MARQUESL_2025-02-06_G04,10109609MARQUESL,2025-02-06,111530,1,10,0,328.0
10109609MARQUESL_2025-02-06_G05,10109609MARQUESL,2025-02-06,110515,1,8,0,186.0
10109609MARQUESL_2025-02-06_G06,10109609MARQUESL,2025-02-06,111532,1,54,0,380.0
10109609MARQUESL_2025-02-06_G07,10109609MARQUESL,2025-02-06,111468,1,4,0,109.0
10109609MARQUESL_2025-02-06_G08,10109609MARQUESL,2025-02-06,109641,1,6,0,89.0
10109609MARQUESL_2025-02-06_G09,10109609MARQUESL,2025-02-06,111463,1,24,0,2314.0
10109609MARQUESL_2025-02-06_G10,10109609MARQUESL,2025-02-06,111465,1,6,0,1405.0
10109609MARQUESL_2025-02-07_G02,10109609MARQUESL,2025-02-07,160053,1,2,0,367.0
10109609MARQUESL_2025-02-07_G03,10109609MARQUESL,2025-02-07,111439,1,8,0,621.0
10109609MARQUESL_2025-02-07_G04,10109609MARQUESL,2025-02-07,110787,1,11,0,1431.0
10109609MARQUESL_2025-02-07_G05,10109609MARQUESL,2025-02-07,110374,1,6,0,494.0
10109609MARQUESL_2025-02-07_G06,10109609MARQUESL,2025-02-07,117830,1,5,0,250.0
10109609MARQUESL_2025-02-07_G07,10109609MARQUESL,2025-02-07,111182,1,12,0,991.0
10109609MARQUESL_2025-02-07_G08,10109609MARQUESL,2025-02-07,110374,1,8,0,265.0
10109609MARQUESL_2025-02-10_G02,10109609MARQUESL,2025-02-10,111418,1,6,0,160.0
10109609MARQUESL_2025-02-10_G03,10109609MARQUESL,2025-02-10,111418,1,6,0,641.0
10109609MARQUESL_2025-02-10_G04,10109609MARQUESL,2025-02-10,117787,1,2,0,1306.0
10109609MARQUESL_2025-02-10_G05,10109609MARQUESL,2025-02-10,111469,1,1,0,611.0
10109609MARQUESL_2025-02-10_G06,10109609MARQUESL,2025-02-10,111462,1,1,0,44.0
10109609MARQUESL_2025-02-10_G07,10109609MARQUESL,2025-02-10,116241,1,1,0,351.0
10109609MARQUESL_2025-02-10_G08,10109609MARQUESL,2025-02-10,111182,2,4,29,169.0
10109609MARQUESL_2025-02-10_G09,10109609MARQUESL,2025-02-10,111435,1,2,0,103.0
10109609MARQUESL_2025-02-10_G10,10109609MARQUESL,2025-02-10,111466,1,6,0,130.0
10109609MARQUESL_2025-02-10_G11,10109609MARQUESL,2025-02-10,111172,1,2,0,70.0
10109609MARQUESL_2025-02-10_G12,10109609MARQUESL,2025-02-10,111468,1,2,0,74.0
10109609MARQUESL_2025-02-10_G13,10109609MARQUESL,2025-02-10,110787,1,2,0,406.0
10109609MARQUESL_2025-02-10_G14,10109609MARQUESL,2025-02-10,110745,1,2,0,71.0
10109609MARQUESL_2025-02-10_G15,10109609MARQUESL,2025-02-10,117821,1,1,0,185.0
10109609MARQUESL_2025-02-10_G16,10109609MARQUESL,2025-02-10,110374,1,3,0,270.0
10109609MARQUESL_2025-02-10_G17,10109609MARQUESL,2025-02-10,107830,1,4,0,128.0
10109609MARQUESL_2025-02-10_G18,10109609MARQUESL,2025-02-10,117830,1,2,0,449.0
10109609MARQUESL_2025-02-10_G19,10109609MARQUESL,2025-02-10,117830,1,6,0,34.0
10109609MARQUESL_2025-02-10_G20,10109609MARQUESL,2025-02-10,110325,1,2,0,156.0
10109609MARQUESL_2025-02-10_G21,10109609MARQUESL,2025-02-10,109643,1,4,0,124.0
10109609MARQUESL_2025-02-10_G22,10109609MARQUESL,2025-02-10,117820,1,8,0,145.0
10109609MARQUESL_2025-02-10_G23,10109609MARQUESL,2025-02-10,117820,1,12,0,273.0
10109609MARQUESL_2025-02-10_G24,10109609MARQUESL,2025-02-10,117830,1,6,0,191.0
10109609MARQUESL_2025-02-10_G25,10109609MARQUESL,2025-02-10,117830,1,6,0,50.0
10109609MARQUESL_2025-02-10_G26,10109609MARQUESL,2025-02-10,117809,1,3,0,78.0
10109609MARQUESL_2025-02-10_G27,10109609MARQUESL,2025-02-10,111850,1,6,0,452.0
10109609MARQUESL_2025-02-10_G28,10109609MARQUESL,2025-02-10,100334,1,1,0,141.0
10109609MARQUESL_2025-02-10_G29,10109609MARQUESL,2025-02-10,111569,1,1,0,173.0
10109609MARQUESL_2025-02-10_G30,10109609MARQUESL,2025-02-10,110753,1,2,0,429.0
10109609MARQUESL_2025-02-10_G31,10109609MARQUESL,2025-02-10,141047,1,4,0,210.0
10109609MARQUESL_2025-02-10_G32,10109609MARQUESL,2025-02-10,110787,1,1,0,208.0
10109609MARQUESL_2025-02-10_G33,10109609MARQUESL,2025-02-10,109645,1,2,0,44.0
10109609MARQUESL_2025-02-10_G34,10109609MARQUESL,2025-02-10,108795,1,8,0,154.0
10109609MARQUESL_2025-02-10_G35,10109609MARQUESL,2025-02-10,116241,1,2,0,301.0
10109609MARQUESL_2025-02-10_G36,10109609MARQUESL,2025-02-10,110740,1,2,0,260.0
10109609MARQUESL_2025-02-10_G37,10109609MARQUESL,2025-02-10,118140,1,1,0,83.0
10109609MARQUESL_2025-02-10_G38,10109609MARQUESL,2025-02-10,110373,1,2,0,1057.0
10109609MARQUESL_2025-02-10_G39,10109609MARQUESL,2025-02-10,109747,1,4,0,165.0
10109609MARQUESL_2025-02-10_G40,10109609MARQUESL,2025-02-10,117820,1,4,0,258.0
10109609MARQUESL_2025-02-10_G41,10109609MARQUESL,2025-02-10,111602,1,1,0,552.0
10109609MARQUESL_2025-02-10_G42,10109609MARQUESL,2025-02-10,111466,1,2,0,74.0
10109609MARQUESL_2025-02-10_G43,10109609MARQUESL,2025-02-10,110751,1,2,0,345.0
10109609MARQUESL_2025-02-10_G44,10109609MARQUESL,2025-02-10,110745,1,4,0,180.0
10109609MARQUESL_2025-02-10_G45,10109609MARQUESL,2025-02-10,117833,1,2,0,93.0
10109609MARQUESL_2025-02-10_G46,10109609MARQUESL,2025-02-10,111469,1,4,0,1091.0
10109609MARQUESL_2025-02-10_G47,10109609MARQUESL,2025-02-10,111462,1,2,0,39.0
10109609MARQUESL_2025-02-10_G48,10109609MARQUESL,2025-02-10,110372,1,8,0,131.0
10109609MARQUESL_2025-02-10_G49,10109609MARQUESL,2025-02-10,110325,1,4,0,77.0
10109609MARQUESL_2025-02-10_G50,10109609MARQUESL,2025-02-10,107830,1,1,0,76.0
10109609MARQUESL_2025-02-10_G52,10109609MARQUESL,2025-02-10,111430,1,5,0,311.0
10109609MARQUESL_2025-02-10_G53,10109609MARQUESL,2025-02-10,110841,1,1,0,474.0
10109609MARQUESL_2025-02-10_G54,10109609MARQUESL,2025-02-10,118290,1,12,0,961.0
10109609MARQUESL_2025-02-10_G55,10109609MARQUESL,2025-02-10,110475,1,2,0,199.0
10109609MARQUESL_2025-02-10_G56,10109609MARQUESL,2025-02-10,110515,1,42,0,628.0
10109609MARQUESL_2025-02-10_G57,10109609MARQUESL,2025-02-10,110745,1,40,0,513.0
10109609MARQUESL_2025-02-10_G58,10109609MARQUESL,2025-02-10,108795,1,16,0,283.0
10109609MARQUESL_2025-02-10_G59,10109609MARQUESL,2025-02-10,108736,1,18,0,190.0
10109609MARQUESL_2025-02-10_G60,10109609MARQUESL,2025-02-10,117831,1,94,0,998.0
10109609MARQUESL_2025-02-10_G61,10109609MARQUESL,2025-02-10,111532,1,40,0,1074.0
10109609MARQUESL_2025-02-11_G02,10109609MARQUESL,2025-02-11,118222,1,5,0,131.0
10109609MARQUESL_2025-02-11_G03,10109609MARQUESL,2025-02-11,118403,1,2,0,78.0
10109609MARQUESL_2025-02-11_G04,10109609MARQUESL,2025-02-11,111467,1,4,0,114.0
10109609MARQUESL_2025-02-11_G05,10109609MARQUESL,2025-02-11,111530,1,8,0,377.0
10109609MARQUESL_2025-02-11_G06,10109609MARQUESL,2025-02-11,117831,1,6,0,158.0
10109609MARQUESL_2025-02-11_G07,10109609MARQUESL,2025-02-11,117831,1,4,0,38.0
10109609MARQUESL_2025-02-11_G08,10109609MARQUESL,2025-02-11,107236,1,1,0,146.0
10109609MARQUESL_2025-02-11_G09,10109609MARQUESL,2025-02-11,109641,1,2,0,222.0
10109609MARQUESL_2025-02-11_G10,10109609MARQUESL,2025-02-11,118140,1,20,0,201.0
10109609MARQUESL_2025-02-11_G11,10109609MARQUESL,2025-02-11,111743,1,3,0,103.0
10109609MARQUESL_2025-02-11_G12,10109609MARQUESL,2025-02-11,111418,1,10,0,157.0
10109609MARQUESL_2025-02-11_G13,10109609MARQUESL,2025-02-11,108795,1,1,0,141.0
10109609MARQUESL_2025-02-11_G14,10109609MARQUESL,2025-02-11,111792,1,2,0,2406.0
10109609MARQUESL_2025-02-11_G15,10109609MARQUESL,2025-02-11,111530,1,8,0,495.0
10109609MARQUESL_2025-02-11_G16,10109609MARQUESL,2025-02-11,109747,1,4,0,159.0
10109609MARQUESL_2025-02-11_G17,10109609MARQUESL,2025-02-11,118222,1,8,0,118.0
10109609MARQUESL_2025-02-11_G18,10109609MARQUESL,2025-02-11,110374,1,4,0,95.0
10109609MARQUESL_2025-02-11_G19,10109609MARQUESL,2025-02-11,111793,1,2,0,1419.0
10109609MARQUESL_2025-02-11_G20,10109609MARQUESL,2025-02-11,110895,1,1,0,2049.0
10109609MARQUESL_2025-02-11_G21,10109609MARQUESL,2025-02-11,111530,1,2,0,173.0
10109609MARQUESL_2025-02-11_G22,10109609MARQUESL,2025-02-11,111466,1,1,0,186.0
10109609MARQUESL_2025-02-11_G23,10109609MARQUESL,2025-02-11,111532,1,1,0,789.0
10109609MARQUESL_2025-02-11_G24,10109609MARQUESL,2025-02-11,110740,1,5,0,89.0
10109609MARQUESL_2025-02-11_G25,10109609MARQUESL,2025-02-11,110740,1,1,0,61.0
10109609MARQUESL_2025-02-11_G26,10109609MARQUESL,2025-02-11,110374,1,3,0,231.0
10109609MARQUESL_2025-02-11_G27,10109609MARQUESL,2025-02-11,118253,1,8,0,429.0
10109609MARQUESL_2025-02-11_G28,10109609MARQUESL,2025-02-11,111467,1,3,0,142.0
10109609MARQUESL_2025-02-11_G29,10109609MARQUESL,2025-02-11,111530,1,16,0,378.0
10109609MARQUESL_2025-02-11_G30,10109609MARQUESL,2025-02-11,116241,1,11,0,370.0
10109609MARQUESL_2025-02-11_G31,10109609MARQUESL,2025-02-11,111466,1,11,0,600.0
10109609MARQUESL_2025-02-11_G32,10109609MARQUESL,2025-02-11,111532,1,8,0,987.0
10109609MARQUESL_2025-02-11_G33,10109609MARQUESL,2025-02-11,110740,1,10,0,143.0
10109609MARQUESL_2025-02-11_G34,10109609MARQUESL,2025-02-11,110374,1,10,0,144.0
10109609MARQUESL_2025-02-11_G35,10109609MARQUESL,2025-02-11,140922,1,69,0,1249.0
10109609MARQUESL_2025-02-11_G36,10109609MARQUESL,2025-02-11,117837,1,4,0,541.0
10109609MARQUESL_2025-02-11_G37,10109609MARQUESL,2025-02-11,111469,1,4,0,105.0
10109609MARQUESL_2025-02-11_G38,10109609MARQUESL,2025-02-11,117855,1,3,0,458.0
10109609MARQUESL_2025-02-11_G39,10109609MARQUESL,2025-02-11,111532,1,7,0,75.0
10109609MARQUESL_2025-02-11_G40,10109609MARQUESL,2025-02-11,110740,1,1,0,69.0
10109609MARQUESL_2025-02-11_G41,10109609MARQUESL,2025-02-11,110374,1,3,0,112.0
10109609MARQUESL_2025-02-11_G42,10109609MARQUESL,2025-02-11,111532,2,2,16,52.0
10109609MARQUESL_2025-02-11_G44,10109609MARQUESL,2025-02-11,110895,1,2,0,366.0
10109609MARQUESL_2025-02-11_G45,10109609MARQUESL,2025-02-11,110747,1,2,0,148.0
10109609MARQUESL_2025-02-11_G46,10109609MARQUESL,2025-02-11,111602,1,3,0,100.0
10109609MARQUESL_2025-02-11_G47,10109609MARQUESL,2025-02-11,118094,1,7,0,151.0
10109609MARQUESL_2025-02-11_G48,10109609MARQUESL,2025-02-11,110339,1,10,0,441.0
10109609MARQUESL_2025-02-11_G49,10109609MARQUESL,2025-02-11,110515,1,5,0,122.0
10109609MARQUESL_2025-02-11_G50,10109609MARQUESL,2025-02-11,111532,1,6,0,110.0
10109609MARQUESL_2025-02-11_G51,10109609MARQUESL,2025-02-11,110740,1,20,0,162.0
10109609MARQUESL_2025-02-11_G52,10109609MARQUESL,2025-02-11,109641,1,5,0,68.0
10109609MARQUESL_2025-02-11_G53,10109609MARQUESL,2025-02-11,111418,1,80,0,613.0
10109609MARQUESL_2025-02-11_G54,10109609MARQUESL,2025-02-11,111418,1,71,0,1073.0
10109609MARQUESL_2025-02-11_G55,10109609MARQUESL,2025-02-11,108795,1,8,0,180.0
10109609MARQUESL_2025-02-11_G56,10109609MARQUESL,2025-02-11,105705,1,6,0,141.0
10109609MARQUESL_2025-02-11_G57,10109609MARQUESL,2025-02-11,111462,1,42,0,685.0
10109609MARQUESL_2025-02-11_G58,10109609MARQUESL,2025-02-11,110372,1,7,0,487.0
10109609MARQUESL_2025-02-11_G59,10109609MARQUESL,2025-02-11,110325,1,7,0,147.0
10109609MARQUESL_2025-02-11_G60,10109609MARQUESL,2025-02-11,118299,1,51,0,461.0
10109609MARQUESL_2025-02-11_G61,10109609MARQUESL,2025-02-11,110371,1,50,0,308.0
10109609MARQUESL_2025-02-12_G02,10109609MARQUESL,2025-02-12,111569,1,40,0,255.0
10109609MARQUESL_2025-02-12_G03,10109609MARQUESL,2025-02-12,110742,1,6,0,390.0
10109609MARQUESL_2025-02-12_G04,10109609MARQUESL,2025-02-12,118222,1,4,0,149.0
10109609MARQUESL_2025-02-12_G05,10109609MARQUESL,2025-02-12,118299,1,142,0,954.0
10109609MARQUESL_2025-02-12_G06,10109609MARQUESL,2025-02-12,117830,1,34,0,438.0
10109609MARQUESL_2025-02-12_G07,10109609MARQUESL,2025-02-12,141047,1,2,0,1968.0
10109609MARQUESL_2025-02-12_G08,10109609MARQUESL,2025-02-12,117831,1,1,0,368.0
10109609MARQUESL_2025-02-12_G09,10109609MARQUESL,2025-02-12,117832,1,6,0,443.0
10109609MARQUESL_2025-02-12_G10,10109609MARQUESL,2025-02-12,117830,1,12,0,267.0
10109609MARQUESL_2025-02-12_G11,10109609MARQUESL,2025-02-12,117820,1,14,0,201.0
10109609MARQUESL_2025-02-12_G12,10109609MARQUESL,2025-02-12,111467,1,2,0,3288.0
10109609MARQUESL_2025-02-12_G13,10109609MARQUESL,2025-02-12,118094,1,2,0,120.0
10109609MARQUESL_2025-02-12_G14,10109609MARQUESL,2025-02-12,111466,1,11,0,432.0
10109609MARQUESL_2025-02-12_G15,10109609MARQUESL,2025-02-12,110740,1,2,0,117.0
10109609MARQUESL_2025-02-12_G16,10109609MARQUESL,2025-02-12,110787,1,2,0,61.0
10109609MARQUESL_2025-02-12_G17,10109609MARQUESL,2025-02-12,111743,1,1,0,96.0
10109609MARQUESL_2025-02-12_G18,10109609MARQUESL,2025-02-12,111418,1,2,0,39.0
10109609MARQUESL_2025-02-12_G19,10109609MARQUESL,2025-02-12,117785,1,2,0,78.0
10109609MARQUESL_2025-02-12_G20,10109609MARQUESL,2025-02-12,110745,1,4,0,223.0
10109609MARQUESL_2025-02-12_G21,10109609MARQUESL,2025-02-12,108711,1,4,0,220.0
10109609MARQUESL_2025-02-12_G22,10109609MARQUESL,2025-02-12,105705,1,4,0,113.0
10109609MARQUESL_2025-02-12_G23,10109609MARQUESL,2025-02-12,110373,1,10,0,227.0
10109609MARQUESL_2025-02-12_G24,10109609MARQUESL,2025-02-12,109643,1,1,0,514.0
10109609MARQUESL_2025-02-12_G25,10109609MARQUESL,2025-02-12,117809,1,2,0,415.0
10109609MARQUESL_2025-02-12_G26,10109609MARQUESL,2025-02-12,111466,1,60,0,341.0
10109609MARQUESL_2025-02-12_G27,10109609MARQUESL,2025-02-12,111469,1,20,0,601.0
10109609MARQUESL_2025-02-12_G28,10109609MARQUESL,2025-02-12,111465,1,13,0,129.0
10109609MARQUESL_2025-02-12_G29,10109609MARQUESL,2025-02-12,107830,1,24,0,819.0
10109609MARQUESL_2025-02-12_G30,10109609MARQUESL,2025-02-12,117855,1,1,0,78.0
10109609MARQUESL_2025-02-12_G31,10109609MARQUESL,2025-02-12,110372,1,3,0,131.0
10109609MARQUESL_2025-02-12_G32,10109609MARQUESL,2025-02-12,110374,1,6,0,113.0
10109609MARQUESL_2025-02-12_G33,10109609MARQUESL,2025-02-12,117840,1,4,0,101.0
10109609MARQUESL_2025-02-12_G34,10109609MARQUESL,2025-02-12,117809,1,2,0,62.0
10109609MARQUESL_2025-02-12_G35,10109609MARQUESL,2025-02-12,117837,1,5,0,378.0
10109609MARQUESL_2025-02-12_G36,10109609MARQUESL,2025-02-12,108759,1,4,0,1371.0
10109609MARQUESL_2025-02-12_G37,10109609MARQUESL,2025-02-12,118306,1,1,0,105.0
10109609MARQUESL_2025-02-12_G38,10109609MARQUESL,2025-02-12,111120,1,1,0,405.0
10109609MARQUESL_2025-02-12_G39,10109609MARQUESL,2025-02-12,111650,1,2,0,159.0
10109609MARQUESL_2025-02-12_G40,10109609MARQUESL,2025-02-12,109640,1,10,0,893.0
10109609MARQUESL_2025-02-12_G41,10109609MARQUESL,2025-02-12,111467,1,5,0,60.0
10109609MARQUESL_2025-02-12_G42,10109609MARQUESL,2025-02-12,117855,1,10,0,99.0
10109609MARQUESL_2025-02-12_G43,10109609MARQUESL,2025-02-12,111876,1,4,0,360.0
10109609MARQUESL_2025-02-12_G44,10109609MARQUESL,2025-02-12,109647,1,10,0,132.0
10109609MARQUESL_2025-02-12_G45,10109609MARQUESL,2025-02-12,110515,1,15,0,646.0
10109609MARQUESL_2025-02-12_G46,10109609MARQUESL,2025-02-12,117862,1,11,0,209.0
10109609MARQUESL_2025-02-12_G47,10109609MARQUESL,2025-02-12,105705,1,4,0,114.0
10109609MARQUESL_2025-02-12_G48,10109609MARQUESL,2025-02-12,117821,1,30,0,491.0
10109609MARQUESL_2025-02-12_G49,10109609MARQUESL,2025-02-12,111433,1,2,0,57.0
10109609MARQUESL_2025-02-12_G50,10109609MARQUESL,2025-02-12,118140,1,30,0,453.0
10109609MARQUESL_2025-02-12_G52,10109609MARQUESL,2025-02-12,107629,1,325,0,1662.0
10109609MARQUESL_2025-02-12_G53,10109609MARQUESL,2025-02-12,110371,1,124,0,543.0
10109609MARQUESL_2025-02-12_G54,10109609MARQUESL,2025-02-12,107830,1,394,0,622.0
10109609MARQUESL_2025-02-13_G02,10109609MARQUESL,2025-02-13,117832,1,2,0,343.0
10109609MARQUESL_2025-02-13_G03,10109609MARQUESL,2025-02-13,111438,1,2,0,226.0
10109609MARQUESL_2025-02-13_G04,10109609MARQUESL,2025-02-13,109640,1,2,0,125.0
10109609MARQUESL_2025-02-13_G05,10109609MARQUESL,2025-02-13,118222,1,1,0,203.0
10109609MARQUESL_2025-02-13_G06,10109609MARQUESL,2025-02-13,117834,1,4,0,116.0
10109609MARQUESL_2025-02-13_G07,10109609MARQUESL,2025-02-13,110895,1,1,0,122.0
10109609MARQUESL_2025-02-13_G08,10109609MARQUESL,2025-02-13,111602,1,1,0,146.0
10109609MARQUESL_2025-02-13_G09,10109609MARQUESL,2025-02-13,117837,1,1,0,281.0
10109609MARQUESL_2025-02-13_G10,10109609MARQUESL,2025-02-13,109640,1,2,0,74.0
10109609MARQUESL_2025-02-13_G11,10109609MARQUESL,2025-02-13,111467,1,4,0,93.0
10109609MARQUESL_2025-02-13_G12,10109609MARQUESL,2025-02-13,118094,1,2,0,96.0
10109609MARQUESL_2025-02-13_G13,10109609MARQUESL,2025-02-13,110339,1,1,0,61.0
10109609MARQUESL_2025-02-13_G14,10109609MARQUESL,2025-02-13,109647,1,2,0,61.0
10109609MARQUESL_2025-02-13_G15,10109609MARQUESL,2025-02-13,110750,1,1,0,49.0
10109609MARQUESL_2025-02-13_G16,10109609MARQUESL,2025-02-13,110515,1,1,0,1239.0
10109609MARQUESL_2025-02-13_G17,10109609MARQUESL,2025-02-13,117786,1,1,0,70.0
10109609MARQUESL_2025-02-13_G18,10109609MARQUESL,2025-02-13,110711,1,1,0,57.0
10109609MARQUESL_2025-02-13_G19,10109609MARQUESL,2025-02-13,116241,1,4,0,2314.0
10109609MARQUESL_2025-02-13_G20,10109609MARQUESL,2025-02-13,117831,1,4,0,1016.0
10109609MARQUESL_2025-02-13_G21,10109609MARQUESL,2025-02-13,111418,1,4,0,270.0
10109609MARQUESL_2025-02-13_G22,10109609MARQUESL,2025-02-13,111466,1,6,0,126.0
10109609MARQUESL_2025-02-13_G23,10109609MARQUESL,2025-02-13,118004,1,1,0,115.0
10109609MARQUESL_2025-02-13_G24,10109609MARQUESL,2025-02-13,110740,1,2,0,183.0
10109609MARQUESL_2025-02-13_G25,10109609MARQUESL,2025-02-13,109645,1,4,0,283.0
10109609MARQUESL_2025-02-13_G26,10109609MARQUESL,2025-02-13,108711,1,4,0,150.0
10109609MARQUESL_2025-02-13_G27,10109609MARQUESL,2025-02-13,111430,1,1,0,2502.0
10109609MARQUESL_2025-02-13_G28,10109609MARQUESL,2025-02-13,117837,1,1,0,129.0
10109609MARQUESL_2025-02-13_G29,10109609MARQUESL,2025-02-13,117837,1,2,0,62.0
10109609MARQUESL_2025-02-13_G30,10109609MARQUESL,2025-02-13,110711,1,5,0,1166.0
10109609MARQUESL_2025-02-13_G31,10109609MARQUESL,2025-02-13,111418,1,2,0,503.0
10109609MARQUESL_2025-02-13_G32,10109609MARQUESL,2025-02-13,111532,1,55,0,496.0
10109609MARQUESL_2025-02-13_G33,10109609MARQUESL,2025-02-13,118140,1,15,0,476.0
10109609MARQUESL_2025-02-13_G34,10109609MARQUESL,2025-02-13,108711,1,14,0,354.0
10109609MARQUESL_2025-02-13_G35,10109609MARQUESL,2025-02-13,111462,1,1,0,148.0
10109609MARQUESL_2025-02-13_G36,10109609MARQUESL,2025-02-13,111447,1,4,0,2208.0
10109609MARQUESL_2025-02-13_G37,10109609MARQUESL,2025-02-13,117834,1,4,0,133.0
10109609MARQUESL_2025-02-13_G38,10109609MARQUESL,2025-02-13,111466,1,4,0,117.0
10109609MARQUESL_2025-02-13_G39,10109609MARQUESL,2025-02-13,111466,1,4,0,79.0
10109609MARQUESL_2025-02-13_G40,10109609MARQUESL,2025-02-13,118004,1,4,0,80.0
10109609MARQUESL_2025-02-13_G41,10109609MARQUESL,2025-02-13,140922,2,34,11,37.0
10109609MARQUESL_2025-02-13_G42,10109609MARQUESL,2025-02-13,110740,1,4,0,512.0
10109609MARQUESL_2025-02-13_G43,10109609MARQUESL,2025-02-13,117841,1,2,0,107.0
10109609MARQUESL_2025-02-13_G44,10109609MARQUESL,2025-02-13,105705,1,10,0,345.0
10109609MARQUESL_2025-02-13_G45,10109609MARQUESL,2025-02-13,117830,1,21,0,499.0
10109609MARQUESL_2025-02-13_G46,10109609MARQUESL,2025-02-13,117809,2,14,22,295.0
10109609MARQUESL_2025-02-13_G47,10109609MARQUESL,2025-02-13,117820,1,6,0,90.0
10109609MARQUESL_2025-02-13_G48,10109609MARQUESL,2025-02-13,117820,1,4,0,70.0
10109609MARQUESL_2025-02-13_G49,10109609MARQUESL,2025-02-13,117830,1,4,0,155.0
10109609MARQUESL_2025-02-13_G50,10109609MARQUESL,2025-02-13,111743,1,4,0,499.0
10109609MARQUESL_2025-02-13_G51,10109609MARQUESL,2025-02-13,111743,1,4,0,69.0
10109609MARQUESL_2025-02-13_G52,10109609MARQUESL,2025-02-13,110742,1,4,0,417.0
10109609MARQUESL_2025-02-13_G53,10109609MARQUESL,2025-02-13,111430,1,2,0,107.0
10109609MARQUESL_2025-02-13_G54,10109609MARQUESL,2025-02-13,111438,1,6,0,115.0
10109609MARQUESL_2025-02-13_G55,10109609MARQUESL,2025-02-13,110895,1,7,0,248.0
10109609MARQUESL_2025-02-13_G57,10109609MARQUESL,2025-02-13,105242,1,3,0,695.0
10109609MARQUESL_2025-02-13_G58,10109609MARQUESL,2025-02-13,117786,1,6,0,73.0
10109609MARQUESL_2025-02-13_G59,10109609MARQUESL,2025-02-13,110711,1,50,0,260.0
10109609MARQUESL_2025-02-17_G02,10109609MARQUESL,2025-02-17,111569,1,6,0,116.0
10109609MARQUESL_2025-02-17_G03,10109609MARQUESL,2025-02-17,111467,1,4,0,74.0
10109609MARQUESL_2025-02-17_G04,10109609MARQUESL,2025-02-17,118298,1,8,0,363.0
10109609MARQUESL_2025-02-17_G05,10109609MARQUESL,2025-02-17,110711,1,8,0,137.0
10109609MARQUESL_2025-02-17_G06,10109609MARQUESL,2025-02-17,141047,1,4,0,198.0
10109609MARQUESL_2025-02-17_G07,10109609MARQUESL,2025-02-17,110339,1,6,0,1434.0
10109609MARQUESL_2025-02-17_G08,10109609MARQUESL,2025-02-17,111532,1,32,0,541.0
10109609MARQUESL_2025-02-17_G09,10109609MARQUESL,2025-02-17,111466,1,10,0,474.0
10109609MARQUESL_2025-02-17_G10,10109609MARQUESL,2025-02-17,111418,1,36,0,366.0
10109609MARQUESL_2025-02-17_G11,10109609MARQUESL,2025-02-17,140922,1,3,0,408.0
10109609MARQUESL_2025-02-17_G12,10109609MARQUESL,2025-02-17,111330,1,4,0,70.0
10109609MARQUESL_2025-02-17_G13,10109609MARQUESL,2025-02-17,109645,1,3,0,106.0
10109609MARQUESL_2025-02-17_G14,10109609MARQUESL,2025-02-17,118140,1,2,0,462.0
10109609MARQUESL_2025-02-17_G15,10109609MARQUESL,2025-02-17,117841,1,4,0,103.0
10109609MARQUESL_2025-02-17_G16,10109609MARQUESL,2025-02-17,105705,1,8,0,259.0
10109609MARQUESL_2025-02-17_G17,10109609MARQUESL,2025-02-17,118004,1,3,0,67.0
10109609MARQUESL_2025-02-17_G18,10109609MARQUESL,2025-02-17,111462,1,11,0,98.0
10109609MARQUESL_2025-02-17_G20,10109609MARQUESL,2025-02-17,111441,1,5,0,755.0
10109609MARQUESL_2025-02-17_G21,10109609MARQUESL,2025-02-17,111441,1,4,0,121.0
10109609MARQUESL_2025-02-17_G22,10109609MARQUESL,2025-02-17,109640,1,2,0,372.0
10109609MARQUESL_2025-02-17_G23,10109609MARQUESL,2025-02-17,110752,1,4,0,274.0
10109609MARQUESL_2025-02-17_G24,10109609MARQUESL,2025-02-17,117855,1,2,0,81.0
10109609MARQUESL_2025-02-17_G25,10109609MARQUESL,2025-02-17,117855,1,6,0,52.0
10109609MARQUESL_2025-02-17_G26,10109609MARQUESL,2025-02-17,110339,1,2,0,103.0
10109609MARQUESL_2025-02-17_G27,10109609MARQUESL,2025-02-17,117862,1,3,0,512.0
10109609MARQUESL_2025-02-17_G28,10109609MARQUESL,2025-02-17,111466,1,3,0,344.0
10109609MARQUESL_2025-02-17_G29,10109609MARQUESL,2025-02-17,117785,1,17,0,474.0
10109609MARQUESL_2025-02-17_G30,10109609MARQUESL,2025-02-17,118140,1,3,0,46.0
10109609MARQUESL_2025-02-17_G31,10109609MARQUESL,2025-02-17,110787,1,4,0,166.0
10109609MARQUESL_2025-02-17_G32,10109609MARQUESL,2025-02-17,111469,1,8,0,83.0
10109609MARQUESL_2025-02-17_G33,10109609MARQUESL,2025-02-17,111469,1,5,0,37.0
10109609MARQUESL_2025-02-17_G34,10109609MARQUESL,2025-02-17,110372,1,2,0,303.0
10109609MARQUESL_2025-02-17_G35,10109609MARQUESL,2025-02-17,110515,1,17,0,605.0
10109610FERREIRAI_2025-01-23_G02,10109610FERREIRAI,2025-01-23,181057,1,10,0,394.0
10109610FERREIRAI_2025-01-23_G03,10109610FERREIRAI,2025-01-23,123909,1,1,0,84.0
10109610FERREIRAI_2025-01-23_G04,10109610FERREIRAI,2025-01-23,180091,1,2,0,1054.0
10109610FERREIRAI_2025-01-23_G05,10109610FERREIRAI,2025-01-23,122986,1,2,0,281.0
10109610FERREIRAI_2025-01-23_G06,10109610FERREIRAI,2025-01-23,122188,1,8,0,492.0
10109610FERREIRAI_2025-01-23_G07,10109610FERREIRAI,2025-01-23,122986,1,4,0,449.0
10109610FERREIRAI_2025-01-23_G08,10109610FERREIRAI,2025-01-23,120389,1,2,0,479.0
10109610FERREIRAI_2025-01-23_G09,10109610FERREIRAI,2025-01-23,123345,1,4,0,84.0
10109610FERREIRAI_2025-01-23_G10,10109610FERREIRAI,2025-01-23,180073,1,1,0,934.0
10109610FERREIRAI_2025-02-07_G02,10109610FERREIRAI,2025-02-07,122962,1,12,0,405.0
10109610FERREIRAI_2025-02-07_G03,10109610FERREIRAI,2025-02-07,122673,1,4,0,93.0
10109610FERREIRAI_2025-02-07_G04,10109610FERREIRAI,2025-02-07,122647,1,20,0,536.0
10109610FERREIRAI_2025-02-07_G05,10109610FERREIRAI,2025-02-07,124486,1,1,0,129.0
10109610FERREIRAI_2025-02-07_G06,10109610FERREIRAI,2025-02-07,122962,1,12,0,511.0
10109610FERREIRAI_2025-02-07_G07,10109610FERREIRAI,2025-02-07,124486,1,6,0,430.0
10109610FERREIRAI_2025-02-07_G08,10109610FERREIRAI,2025-02-07,123909,1,10,0,360.0
10109610FERREIRAI_2025-02-07_G09,10109610FERREIRAI,2025-02-07,122962,1,16,0,423.0
10109610FERREIRAI_2025-02-11_G02,10109610FERREIRAI,2025-02-11,120008,1,39,0,927.0
10109610FERREIRAI_2025-02-11_G03,10109610FERREIRAI,2025-02-11,122962,1,24,0,743.0
10109610FERREIRAI_2025-02-11_G04,10109610FERREIRAI,2025-02-11,122962,1,3,0,251.0
10109610FERREIRAI_2025-02-11_G05,10109610FERREIRAI,2025-02-11,122671,1,4,0,202.0
10109610FERREIRAI_2025-02-14_G02,10109610FERREIRAI,2025-02-14,180169,1,1,0,516.0
10109610FERREIRAI_2025-03-13_G02,10109610FERREIRAI,2025-03-13,122647,1,15,0,296.0
10109610FERREIRAI_2025-03-13_G03,10109610FERREIRAI,2025-03-13,124486,1,16,0,368.0
10109610FERREIRAI_2025-03-13_G04,10109610FERREIRAI,2025-03-13,122962,1,30,0,308.0
10109610FERREIRAI_2025-03-13_G05,10109610FERREIRAI,2025-03-13,122962,1,52,0,512.0
10109610FERREIRAI_2025-03-13_G06,10109610FERREIRAI,2025-03-13,122962,1,13,0,292.0
10109610FERREIRAI_2025-03-13_G07,10109610FERREIRAI,2025-03-13,122647,1,30,0,446.0
10109610FERREIRAI_2025-03-21_G02,10109610FERREIRAI,2025-03-21,122962,1,12,0,166.0
10109610FERREIRAI_2025-03-21_G03,10109610FERREIRAI,2025-03-21,124475,1,10,0,966.0
10109610FERREIRAI_2025-03-21_G04,10109610FERREIRAI,2025-03-21,124476,1,8,0,241.0
10109610FERREIRAI_2025-03-21_G05,10109610FERREIRAI,2025-03-21,124486,1,20,0,419.0
10109610FERREIRAI_2025-03-21_G06,10109610FERREIRAI,2025-03-21,120339,1,4,0,95.0
10109610FERREIRAI_2025-03-21_G07,10109610FERREIRAI,2025-03-21,124370,1,10,0,404.0
10109610FERREIRAI_2025-03-21_G08,10109610FERREIRAI,2025-03-21,123344,1,5,0,623.0
10109610FERREIRAI_2025-03-21_G09,10109610FERREIRAI,2025-03-21,123343,1,10,0,442.0
10109610FERREIRAI_2025-03-21_G10,10109610FERREIRAI,2025-03-21,123345,1,6,0,215.0
10109610FERREIRAI_2025-03-25_G02,10109610FERREIRAI,2025-03-25,121651,1,16,0,432.0
10109610FERREIRAI_2025-03-25_G03,10109610FERREIRAI,2025-03-25,124475,1,12,0,299.0
10109610FERREIRAI_2025-03-25_G04,10109610FERREIRAI,2025-03-25,124370,1,10,0,464.0
10109610FERREIRAI_2025-03-25_G05,10109610FERREIRAI,2025-03-25,123345,1,12,0,514.0
10109610FERREIRAI_2025-03-25_G06,10109610FERREIRAI,2025-03-25,123344,1,6,0,627.0
10109610FERREIRAI_2025-03-25_G07,10109610FERREIRAI,2025-03-25,122985,1,4,0,913.0
10109610FERREIRAI_2025-03-25_G08,10109610FERREIRAI,2025-03-25,123081,1,4,0,272.0
10109610FERREIRAI_2025-03-25_G09,10109610FERREIRAI,2025-03-25,121651,1,6,0,659.0
10109610FERREIRAI_2025-03-25_G10,10109610FERREIRAI,2025-03-25,122962,1,10,0,128.0
10109610FERREIRAI_2025-03-25_G11,10109610FERREIRAI,2025-03-25,121760,1,9,0,275.0
10109610FERREIRAI_2025-03-25_G12,10109610FERREIRAI,2025-03-25,124248,1,7,0,466.0
10109610FERREIRAI_2025-03-25_G13,10109610FERREIRAI,2025-03-25,124475,1,10,0,190.0
10109610FERREIRAI_2025-03-25_G14,10109610FERREIRAI,2025-03-25,122703,1,4,0,149.0
10109610FERREIRAI_2025-03-25_G15,10109610FERREIRAI,2025-03-25,123562,1,2,0,100.0
10109610FERREIRAI_2025-03-25_G16,10109610FERREIRAI,2025-03-25,124476,1,4,0,150.0
10109610FERREIRAI_2025-03-25_G17,10109610FERREIRAI,2025-03-25,124486,1,10,0,295.0
10109610FERREIRAI_2025-03-25_G18,10109610FERREIRAI,2025-03-25,124370,1,4,0,247.0
10109610FERREIRAI_2025-03-25_G19,10109610FERREIRAI,2025-03-25,122703,1,1,0,105.0
10109610FERREIRAI_2025-03-25_G20,10109610FERREIRAI,2025-03-25,121651,1,14,0,517.0
10109610FERREIRAI_2025-03-25_G21,10109610FERREIRAI,2025-03-25,122962,1,19,0,307.0
10109610FERREIRAI_2025-03-25_G22,10109610FERREIRAI,2025-03-25,121760,1,1,0,40.0
10109610FERREIRAI_2025-03-25_G23,10109610FERREIRAI,2025-03-25,124371,1,4,0,31.0
10109610FERREIRAI_2025-03-25_G24,10109610FERREIRAI,2025-03-25,124475,1,14,0,482.0
10109610FERREIRAI_2025-03-25_G25,10109610FERREIRAI,2025-03-25,124476,1,8,0,122.0
10109610FERREIRAI_2025-03-25_G26,10109610FERREIRAI,2025-03-25,124370,1,10,0,392.0
10109610FERREIRAI_2025-03-25_G27,10109610FERREIRAI,2025-03-25,123344,1,14,0,414.0
10109610FERREIRAI_2025-03-25_G28,10109610FERREIRAI,2025-03-25,122962,1,20,0,150.0
10109610FERREIRAI_2025-03-25_G29,10109610FERREIRAI,2025-03-25,121760,1,10,0,178.0
10109610FERREIRAI_2025-03-25_G30,10109610FERREIRAI,2025-03-25,123344,1,14,0,774.0
10109610FERREIRAI_2025-03-25_G31,10109610FERREIRAI,2025-03-25,123345,1,10,0,371.0
10109610FERREIRAI_2025-03-25_G32,10109610FERREIRAI,2025-03-25,124248,1,32,0,2706.0
10109610FERREIRAI_2025-03-25_G33,10109610FERREIRAI,2025-03-25,122984,1,4,0,84.0
10109610FERREIRAI_2025-03-25_G34,10109610FERREIRAI,2025-03-25,122962,1,20,0,631.0
10109610FERREIRAI_2025-03-25_G35,10109610FERREIRAI,2025-03-25,124486,1,12,0,157.0
10109610FERREIRAI_2025-03-25_G36,10109610FERREIRAI,2025-03-25,122185,1,91,0,2990.0
10109610FERREIRAI_2025-03-25_G38,10109610FERREIRAI,2025-03-25,123562,1,4,0,174.0
10109610FERREIRAI_2025-03-25_G39,10109610FERREIRAI,2025-03-25,122985,1,4,0,623.0
10109610FERREIRAI_2025-03-25_G40,10109610FERREIRAI,2025-03-25,120339,1,12,0,376.0
10109610FERREIRAI_2025-03-25_G41,10109610FERREIRAI,2025-03-25,123492,1,32,0,778.0
10109610FERREIRAI_2025-03-25_G42,10109610FERREIRAI,2025-03-25,120008,1,50,0,1900.0
10109610FERREIRAI_2025-03-25_G43,10109610FERREIRAI,2025-03-25,122985,1,1,0,433.0
10109610FERREIRAI_2025-03-25_G44,10109610FERREIRAI,2025-03-25,120339,1,4,0,258.0
10109610FERREIRAI_2025-03-25_G45,10109610FERREIRAI,2025-03-25,122984,1,24,0,1275.0
10109610FERREIRAI_2025-03-25_G46,10109610FERREIRAI,2025-03-25,123909,1,21,0,323.0
10109610FERREIRAI_2025-03-25_G47,10109610FERREIRAI,2025-03-25,122185,1,36,0,688.0
10109610FERREIRAI_2025-03-25_G48,10109610FERREIRAI,2025-03-25,123909,1,7,0,82.0
10109610FERREIRAI_2025-03-25_G49,10109610FERREIRAI,2025-03-25,122983,1,33,0,862.0
10109610FERREIRAI_2025-03-25_G50,10109610FERREIRAI,2025-03-25,122984,1,16,0,191.0
10109610FERREIRAI_2025-03-25_G51,10109610FERREIRAI,2025-03-25,124248,1,10,0,146.0
10109610FERREIRAI_2025-03-27_G02,10109610FERREIRAI,2025-03-27,122671,1,16,0,280.0
10109610FERREIRAI_2025-03-27_G03,10109610FERREIRAI,2025-03-27,124486,1,16,0,392.0
10109610FERREIRAI_2025-03-27_G04,10109610FERREIRAI,2025-03-27,124486,1,100,0,1298.0
10109610FERREIRAI_2025-03-27_G05,10109610FERREIRAI,2025-03-27,121760,1,4,0,226.0
10109610FERREIRAI_2025-03-27_G06,10109610FERREIRAI,2025-03-27,122673,1,2,0,84.0
10109610FERREIRAI_2025-03-27_G07,10109610FERREIRAI,2025-03-27,124486,1,3,0,74.0
10109610FERREIRAI_2025-03-27_G08,10109610FERREIRAI,2025-03-27,121651,1,2,0,101.0
10109610FERREIRAI_2025-03-27_G09,10109610FERREIRAI,2025-03-27,121651,1,6,0,171.0
10109610FERREIRAI_2025-03-27_G10,10109610FERREIRAI,2025-03-27,122962,1,2,0,147.0
10109610FERREIRAI_2025-03-27_G11,10109610FERREIRAI,2025-03-27,123344,1,5,0,192.0
10109610FERREIRAI_2025-03-27_G12,10109610FERREIRAI,2025-03-27,123344,1,14,0,408.0
10109610FERREIRAI_2025-03-27_G13,10109610FERREIRAI,2025-03-27,123343,1,2,0,391.0
10109610FERREIRAI_2025-03-27_G14,10109610FERREIRAI,2025-03-27,123345,1,4,0,569.0
10109610FERREIRAI_2025-03-27_G15,10109610FERREIRAI,2025-03-27,124476,1,8,0,266.0
10109610FERREIRAI_2025-03-27_G16,10109610FERREIRAI,2025-03-27,124370,1,4,0,126.0
10109610FERREIRAI_2025-03-27_G17,10109610FERREIRAI,2025-03-27,123153,1,1,0,104.0
10109610FERREIRAI_2025-03-27_G18,10109610FERREIRAI,2025-03-27,121760,1,6,0,173.0
10109610FERREIRAI_2025-03-27_G19,10109610FERREIRAI,2025-03-27,121760,1,8,0,368.0
10109610FERREIRAI_2025-03-31_G02,10109610FERREIRAI,2025-03-31,122982,1,5,0,420.0
10109610FERREIRAI_2025-03-31_G03,10109610FERREIRAI,2025-03-31,124370,1,6,0,730.0
10109610FERREIRAI_2025-03-31_G04,10109610FERREIRAI,2025-03-31,124370,1,6,0,128.0
10109610FERREIRAI_2025-03-31_G05,10109610FERREIRAI,2025-03-31,122986,1,16,0,263.0
10109610FERREIRAI_2025-03-31_G06,10109610FERREIRAI,2025-03-31,122982,1,4,0,158.0
10109610FERREIRAI_2025-03-31_G07,10109610FERREIRAI,2025-03-31,121923,1,10,0,185.0
10109610FERREIRAI_2025-03-31_G08,10109610FERREIRAI,2025-03-31,123561,1,12,0,176.0
10109610FERREIRAI_2025-03-31_G09,10109610FERREIRAI,2025-03-31,122983,1,40,0,597.0
10109610FERREIRAI_2025-03-31_G10,10109610FERREIRAI,2025-03-31,122984,1,100,0,1630.0
10109610FERREIRAI_2025-03-31_G11,10109610FERREIRAI,2025-03-31,120339,1,50,0,1646.0
10109610FERREIRAI_2025-03-31_G12,10109610FERREIRAI,2025-03-31,122703,1,8,0,904.0
10109610FERREIRAI_2025-03-31_G13,10109610FERREIRAI,2025-03-31,124475,1,5,0,394.0
10109610FERREIRAI_2025-03-31_G14,10109610FERREIRAI,2025-03-31,123562,1,3,0,118.0
10109610FERREIRAI_2025-03-31_G15,10109610FERREIRAI,2025-03-31,123521,1,3,0,94.0
10109610FERREIRAI_2025-03-31_G16,10109610FERREIRAI,2025-03-31,121651,1,18,0,627.0
10109610FERREIRAI_2025-03-31_G17,10109610FERREIRAI,2025-03-31,124486,1,29,0,1662.0
10109610FERREIRAI_2025-03-31_G18,10109610FERREIRAI,2025-03-31,124247,1,2,0,1354.0
10109610FERREIRAI_2025-03-31_G19,10109610FERREIRAI,2025-03-31,120008,1,2,0,541.0
10109610FERREIRAI_2025-03-31_G20,10109610FERREIRAI,2025-03-31,124247,2,13,21,171.0
10109610FERREIRAI_2025-03-31_G22,10109610FERREIRAI,2025-03-31,123345,1,5,0,278.0
10109610FERREIRAI_2025-03-31_G23,10109610FERREIRAI,2025-03-31,124247,1,4,0,367.0
10109610FERREIRAI_2025-03-31_G24,10109610FERREIRAI,2025-03-31,122986,1,5,0,306.0
10109610FERREIRAI_2025-03-31_G25,10109610FERREIRAI,2025-03-31,122981,1,2,0,90.0
10109610FERREIRAI_2025-03-31_G26,10109610FERREIRAI,2025-03-31,122185,1,10,0,266.0
10109610FERREIRAI_2025-03-31_G27,10109610FERREIRAI,2025-03-31,122185,1,10,0,239.0
10109610FERREIRAI_2025-03-31_G28,10109610FERREIRAI,2025-03-31,123561,1,4,0,426.0
10109610FERREIRAI_2025-03-31_G29,10109610FERREIRAI,2025-03-31,122983,1,8,0,228.0
10109610FERREIRAI_2025-03-31_G30,10109610FERREIRAI,2025-03-31,120339,1,6,0,297.0
10109610FERREIRAI_2025-03-31_G31,10109610FERREIRAI,2025-03-31,121651,1,6,0,104.0
10109610FERREIRAI_2025-03-31_G32,10109610FERREIRAI,2025-03-31,122985,1,52,0,1220.0
10109610FERREIRAI_2025-03-31_G33,10109610FERREIRAI,2025-03-31,122985,2,16,19,765.0
10109610FERREIRAI_2025-03-31_G34,10109610FERREIRAI,2025-03-31,123344,1,50,0,768.0
10109610FERREIRAI_2025-03-31_G35,10109610FERREIRAI,2025-03-31,123344,1,60,0,252.0
10109610FERREIRAI_2025-04-29_G02,10109610FERREIRAI,2025-04-29,121760,1,20,0,526.0
10109610FERREIRAI_2025-04-29_G03,10109610FERREIRAI,2025-04-29,124486,1,6,0,92.0
10109610FERREIRAI_2025-04-29_G04,10109610FERREIRAI,2025-04-29,124486,1,12,0,213.0
10109610FERREIRAI_2025-04-29_G05,10109610FERREIRAI,2025-04-29,121651,1,12,0,383.0
10109610FERREIRAI_2025-04-29_G06,10109610FERREIRAI,2025-04-29,120321,1,20,0,190.0
10109610FERREIRAI_2025-04-29_G07,10109610FERREIRAI,2025-04-29,123344,1,20,0,486.0
10109610FERREIRAI_2025-04-29_G08,10109610FERREIRAI,2025-04-29,123345,1,20,0,449.0
10109610FERREIRAI_2025-04-29_G09,10109610FERREIRAI,2025-04-29,123947,1,1,0,1356.0
10109610FERREIRAI_2025-04-29_G10,10109610FERREIRAI,2025-04-29,123344,1,20,0,1430.0
10109610FERREIRAI_2025-04-29_G11,10109610FERREIRAI,2025-04-29,123313,1,32,0,3290.0
10109610FERREIRAI_2025-04-29_G12,10109610FERREIRAI,2025-04-29,121760,1,1,0,120.0
10109610FERREIRAI_2025-04-29_G13,10109610FERREIRAI,2025-04-29,123344,1,4,0,323.0
10109610FERREIRAI_2025-04-29_G14,10109610FERREIRAI,2025-04-29,123345,1,2,0,875.0
10109610FERREIRAI_2025-04-29_G15,10109610FERREIRAI,2025-04-29,123344,1,5,0,474.0
10109610FERREIRAI_2025-04-29_G16,10109610FERREIRAI,2025-04-29,123345,1,8,0,166.0
10109610FERREIRAI_2025-04-29_G17,10109610FERREIRAI,2025-04-29,124594,1,2,0,327.0
10109610FERREIRAI_2025-04-29_G18,10109610FERREIRAI,2025-04-29,122984,1,48,0,728.0
10109610FERREIRAI_2025-04-29_G19,10109610FERREIRAI,2025-04-29,124486,1,18,0,227.0
10109610FERREIRAI_2025-04-29_G20,10109610FERREIRAI,2025-04-29,181057,1,2,0,423.0
10109610FERREIRAI_2025-04-29_G21,10109610FERREIRAI,2025-04-29,123343,1,4,0,163.0
10109610FERREIRAI_2025-04-29_G22,10109610FERREIRAI,2025-04-29,123345,1,2,0,84.0
10109610FERREIRAI_2025-04-29_G23,10109610FERREIRAI,2025-04-29,122985,1,42,0,1734.0
10109610FERREIRAI_2025-04-29_G24,10109610FERREIRAI,2025-04-29,"120028, 123345",2,24,26,115.0
10109610FERREIRAI_2025-04-29_G26,10109610FERREIRAI,2025-04-29,124370,1,60,0,1584.0
10109610FERREIRAI_2025-04-29_G27,10109610FERREIRAI,2025-04-29,122185,1,80,0,960.0
10109610FERREIRAI_2025-04-29_G28,10109610FERREIRAI,2025-04-29,124486,1,20,0,136.0
10109610FERREIRAI_2025-04-29_G29,10109610FERREIRAI,2025-04-29,124264,1,4,0,67.0
10109610FERREIRAI_2025-04-29_G30,10109610FERREIRAI,2025-04-29,120339,1,10,0,259.0
10109610FERREIRAI_2025-04-29_G31,10109610FERREIRAI,2025-04-29,122985,1,8,0,218.0
10109610FERREIRAI_2025-04-29_G32,10109610FERREIRAI,2025-04-29,123560,1,20,0,273.0
10109610FERREIRAI_2025-04-29_G33,10109610FERREIRAI,2025-04-29,123889,1,4,0,141.0
10109610FERREIRAI_2025-04-30_G03,10109610FERREIRAI,2025-04-30,122985,1,4,0,180.0
10109610FERREIRAI_2025-04-30_G04,10109610FERREIRAI,2025-04-30,124247,1,20,0,612.0
10109610FERREIRAI_2025-04-30_G05,10109610FERREIRAI,2025-04-30,123344,1,2,0,147.0
10109610FERREIRAI_2025-04-30_G06,10109610FERREIRAI,2025-04-30,122962,1,36,0,2250.0
10109610FERREIRAI_2025-04-30_G07,10109610FERREIRAI,2025-04-30,122962,1,60,0,1008.0
10109610FERREIRAI_2025-04-30_G08,10109610FERREIRAI,2025-04-30,120028,1,10,0,427.0
10109610FERREIRAI_2025-04-30_G09,10109610FERREIRAI,2025-04-30,124247,1,3,0,111.0
10109610FERREIRAI_2025-04-30_G10,10109610FERREIRAI,2025-04-30,121928,1,2,0,385.0
10109610FERREIRAI_2025-04-30_G11,10109610FERREIRAI,2025-04-30,122983,1,25,0,741.0
10109610FERREIRAI_2025-04-30_G12,10109610FERREIRAI,2025-04-30,122983,1,17,0,247.0
10109610FERREIRAI_2025-05-22_G02,10109610FERREIRAI,2025-05-22,124486,1,10,0,419.0
10109610FERREIRAI_2025-05-22_G03,10109610FERREIRAI,2025-05-22,123345,1,8,0,218.0
10109610FERREIRAI_2025-05-22_G04,10109610FERREIRAI,2025-05-22,124370,1,3,0,142.0
10109610FERREIRAI_2025-05-22_G05,10109610FERREIRAI,2025-05-22,124476,1,4,0,287.0
10109610FERREIRAI_2025-05-22_G06,10109610FERREIRAI,2025-05-22,122673,1,4,0,176.0
10109610FERREIRAI_2025-05-22_G07,10109610FERREIRAI,2025-05-22,123909,1,2,0,89.0
10109610FERREIRAI_2025-05-22_G08,10109610FERREIRAI,2025-05-22,123343,1,3,0,143.0
10109610FERREIRAI_2025-05-22_G09,10109610FERREIRAI,2025-05-22,123345,1,4,0,176.0
10109610FERREIRAI_2025-05-22_G10,10109610FERREIRAI,2025-05-22,123153,1,30,0,489.0
10109610FERREIRAI_2025-05-22_G11,10109610FERREIRAI,2025-05-22,122673,1,10,0,270.0
10109610FERREIRAI_2025-05-22_G12,10109610FERREIRAI,2025-05-22,122673,1,10,0,149.0
10109610FERREIRAI_2025-05-22_G13,10109610FERREIRAI,2025-05-22,122673,1,18,0,459.0
10109610FERREIRAI_2025-05-22_G14,10109610FERREIRAI,2025-05-22,123345,1,10,0,173.0
10109610FERREIRAI_2025-05-26_G02,10109610FERREIRAI,2025-05-26,122981,1,8,0,242.0
10109610FERREIRAI_2025-05-26_G03,10109610FERREIRAI,2025-05-26,120271,1,8,0,225.0
10109610FERREIRAI_2025-05-26_G04,10109610FERREIRAI,2025-05-26,124247,1,14,0,397.0
10109610FERREIRAI_2025-05-26_G05,10109610FERREIRAI,2025-05-26,122962,1,48,0,980.0
10109610FERREIRAI_2025-05-26_G06,10109610FERREIRAI,2025-05-26,124486,1,2,0,97.0
10109610FERREIRAI_2025-05-26_G07,10109610FERREIRAI,2025-05-26,122673,1,4,0,209.0
10109610FERREIRAI_2025-05-26_G08,10109610FERREIRAI,2025-05-26,122962,1,24,0,442.0
10109610FERREIRAI_2025-05-26_G09,10109610FERREIRAI,2025-05-26,122962,1,12,0,345.0
10109610FERREIRAI_2025-05-26_G10,10109610FERREIRAI,2025-05-26,120389,1,20,0,199.0
10109610FERREIRAI_2025-05-26_G11,10109610FERREIRAI,2025-05-26,122962,1,20,0,252.0
10109610FERREIRAI_2025-05-26_G12,10109610FERREIRAI,2025-05-26,120028,1,30,0,2050.0
10109610FERREIRAI_2025-05-26_G13,10109610FERREIRAI,2025-05-26,123822,1,20,0,287.0
10109610FERREIRAI_2025-05-26_G14,10109610FERREIRAI,2025-05-26,120028,1,12,0,263.0
10109610FERREIRAI_2025-05-31_G02,10109610FERREIRAI,2025-05-31,120028,1,8,0,165.0
10109610FERREIRAI_2025-05-31_G03,10109610FERREIRAI,2025-05-31,120028,1,42,0,579.0
10109610FERREIRAI_2025-05-31_G04,10109610FERREIRAI,2025-05-31,123130,1,12,0,368.0
10109610FERREIRAI_2025-05-31_G05,10109610FERREIRAI,2025-05-31,123130,1,25,0,387.0
10109610FERREIRAI_2025-05-31_G06,10109610FERREIRAI,2025-05-31,123130,1,24,0,403.0
10109610FERREIRAI_2025-05-31_G07,10109610FERREIRAI,2025-05-31,122962,1,50,0,398.0
10109610FERREIRAI_2025-05-31_G08,10109610FERREIRAI,2025-05-31,123130,1,100,0,1515.0
10109610FERREIRAI_2025-05-31_G09,10109610FERREIRAI,2025-05-31,123822,1,8,0,197.0
10109610FERREIRAI_2025-05-31_G10,10109610FERREIRAI,2025-05-31,123822,1,6,0,109.0
10109610FERREIRAI_2025-05-31_G11,10109610FERREIRAI,2025-05-31,121651,1,5,0,1334.0
10109610FERREIRAI_2025-05-31_G12,10109610FERREIRAI,2025-05-31,121760,1,6,0,978.0
10109610FERREIRAI_2025-05-31_G13,10109610FERREIRAI,2025-05-31,124370,1,4,0,201.0
10109610FERREIRAI_2025-05-31_G14,10109610FERREIRAI,2025-05-31,124370,1,2,0,58.0
10109610FERREIRAI_2025-05-31_G15,10109610FERREIRAI,2025-05-31,124475,1,5,0,558.0
10109610FERREIRAI_2025-05-31_G16,10109610FERREIRAI,2025-05-31,124475,1,4,0,171.0
10109610FERREIRAI_2025-05-31_G17,10109610FERREIRAI,2025-05-31,123344,2,10,12,423.0
10109610FERREIRAI_2025-05-31_G18,10109610FERREIRAI,2025-05-31,123343,1,2,0,679.0
10109610FERREIRAI_2025-05-31_G19,10109610FERREIRAI,2025-05-31,123130,1,2,0,162.0
10109610FERREIRAI_2025-05-31_G20,10109610FERREIRAI,2025-05-31,123345,1,10,0,908.0
10109610FERREIRAI_2025-05-31_G21,10109610FERREIRAI,2025-05-31,121760,1,2,0,695.0
10109610FERREIRAI_2025-05-31_G22,10109610FERREIRAI,2025-05-31,122673,1,20,0,363.0
10109610FERREIRAI_2025-05-31_G23,10109610FERREIRAI,2025-05-31,123344,1,4,0,143.0
10109610FERREIRAI_2025-05-31_G24,10109610FERREIRAI,2025-05-31,"121760, 123344",2,3,22,171.0
10109610FERREIRAI_2025-05-31_G25,10109610FERREIRAI,2025-05-31,124475,1,4,0,348.0
10109610FERREIRAI_2025-05-31_G26,10109610FERREIRAI,2025-05-31,122962,1,8,0,82.0
10109610FERREIRAI_2025-05-31_G27,10109610FERREIRAI,2025-05-31,124370,1,8,0,2433.0
10109610FERREIRAI_2025-05-31_G29,10109610FERREIRAI,2025-05-31,121651,1,4,0,893.0
10109610FERREIRAI_2025-05-31_G30,10109610FERREIRAI,2025-05-31,124370,1,4,0,286.0
10109610FERREIRAI_2025-05-31_G31,10109610FERREIRAI,2025-05-31,122984,1,6,0,107.0
10109610FERREIRAI_2025-05-31_G32,10109610FERREIRAI,2025-05-31,124371,1,6,0,244.0
10109610FERREIRAI_2025-05-31_G33,10109610FERREIRAI,2025-05-31,122986,1,4,0,262.0
10109610FERREIRAI_2025-05-31_G34,10109610FERREIRAI,2025-05-31,122982,1,10,0,192.0
10109610FERREIRAI_2025-05-31_G35,10109610FERREIRAI,2025-05-31,124486,1,20,0,352.0
10109610FERREIRAI_2025-05-31_G36,10109610FERREIRAI,2025-05-31,121760,1,8,0,511.0
10109610FERREIRAI_2025-05-31_G37,10109610FERREIRAI,2025-05-31,122984,1,6,0,123.0
10109610FERREIRAI_2025-05-31_G38,10109610FERREIRAI,2025-05-31,122984,1,8,0,95.0
10109610FERREIRAI_2025-05-31_G39,10109610FERREIRAI,2025-05-31,181057,1,6,0,906.0
10109610FERREIRAI_2025-05-31_G40,10109610FERREIRAI,2025-05-31,123345,1,4,0,1390.0
10109610FERREIRAI_2025-06-07_G02,10109610FERREIRAI,2025-06-07,124370,1,2,0,257.0
10109610FERREIRAI_2025-06-07_G03,10109610FERREIRAI,2025-06-07,124475,1,2,0,54.0
10109610FERREIRAI_2025-06-07_G04,10109610FERREIRAI,2025-06-07,123822,1,16,0,617.0
10109610FERREIRAI_2025-06-07_G05,10109610FERREIRAI,2025-06-07,124486,1,15,0,284.0
10109610FERREIRAI_2025-06-30_G02,10109610FERREIRAI,2025-06-30,121760,2,16,22,218.0
10109610FERREIRAI_2025-06-30_G03,10109610FERREIRAI,2025-06-30,121760,1,12,0,279.0
10109610FERREIRAI_2025-06-30_G04,10109610FERREIRAI,2025-06-30,121760,1,5,0,103.0
10109610FERREIRAI_2025-06-30_G05,10109610FERREIRAI,2025-06-30,120339,1,10,0,106.0
10109610FERREIRAI_2025-06-30_G06,10109610FERREIRAI,2025-06-30,123909,1,12,0,514.0
10109610FERREIRAI_2025-06-30_G07,10109610FERREIRAI,2025-06-30,123909,1,12,0,262.0
10109610FERREIRAI_2025-06-30_G08,10109610FERREIRAI,2025-06-30,122962,1,36,0,390.0
10109610FERREIRAI_2025-06-30_G09,10109610FERREIRAI,2025-06-30,124486,1,24,0,416.0
10109610FERREIRAI_2025-06-30_G10,10109610FERREIRAI,2025-06-30,121651,1,24,0,781.0
10109610FERREIRAI_2025-06-30_G11,10109610FERREIRAI,2025-06-30,123561,1,4,0,1421.0
10109610FERREIRAI_2025-06-30_G12,10109610FERREIRAI,2025-06-30,123561,1,8,0,216.0
10109610FERREIRAI_2025-06-30_G13,10109610FERREIRAI,2025-06-30,123561,1,2,0,54.0
10109610FERREIRAI_2025-06-30_G14,10109610FERREIRAI,2025-06-30,123561,1,4,0,174.0
10109610FERREIRAI_2025-06-30_G15,10109610FERREIRAI,2025-06-30,123561,1,18,0,319.0
10109610FERREIRAI_2025-06-30_G16,10109610FERREIRAI,2025-06-30,123561,1,8,0,154.0
10109610FERREIRAI_2025-06-30_G17,10109610FERREIRAI,2025-06-30,123561,1,8,0,103.0
10109610FERREIRAI_2025-06-30_G18,10109610FERREIRAI,2025-06-30,122983,1,12,0,504.0
10109610FERREIRAI_2025-06-30_G19,10109610FERREIRAI,2025-06-30,120339,1,6,0,135.0
10109610FERREIRAI_2025-06-30_G20,10109610FERREIRAI,2025-06-30,120339,1,2,0,47.0
10109610FERREIRAI_2025-06-30_G21,10109610FERREIRAI,2025-06-30,124371,1,8,0,239.0
10109610FERREIRAI_2025-06-30_G23,10109610FERREIRAI,2025-06-30,181887,1,7,0,590.0
10109610FERREIRAI_2025-06-30_G24,10109610FERREIRAI,2025-06-30,120028,1,10,0,265.0
10109610FERREIRAI_2025-06-30_G25,10109610FERREIRAI,2025-06-30,122984,1,16,0,754.0
10109610FERREIRAI_2025-06-30_G26,10109610FERREIRAI,2025-06-30,121928,1,3,0,901.0
10109610FERREIRAI_2025-06-30_G27,10109610FERREIRAI,2025-06-30,122673,1,2,0,290.0
10109610FERREIRAI_2025-06-30_G28,10109610FERREIRAI,2025-06-30,122673,1,2,0,82.0
10109610FERREIRAI_2025-06-30_G29,10109610FERREIRAI,2025-06-30,120272,1,2,0,229.0
10109610FERREIRAI_2025-06-30_G30,10109610FERREIRAI,2025-06-30,122962,1,20,0,738.0
10109610FERREIRAI_2025-06-30_G32,10109610FERREIRAI,2025-06-30,124248,1,24,0,2136.0
10109610FERREIRAI_2025-06-30_G33,10109610FERREIRAI,2025-06-30,120028,1,9,0,247.0
10109610FERREIRAI_2025-06-30_G34,10109610FERREIRAI,2025-06-30,120339,1,20,0,146.0
10109610FERREIRAI_2025-06-30_G35,10109610FERREIRAI,2025-06-30,123492,1,1,0,50.0
10109610FERREIRAI_2025-06-30_G36,10109610FERREIRAI,2025-06-30,122982,1,7,0,82.0
10109610FERREIRAI_2025-06-30_G37,10109610FERREIRAI,2025-06-30,123909,1,12,0,221.0
10109610FERREIRAI_2025-06-30_G38,10109610FERREIRAI,2025-06-30,124475,1,6,0,155.0
10109610FERREIRAI_2025-06-30_G39,10109610FERREIRAI,2025-06-30,122984,1,63,0,985.0
10109610FERREIRAI_2025-06-30_G40,10109610FERREIRAI,2025-06-30,122185,1,20,0,347.0
10109610FERREIRAI_2025-06-30_G41,10109610FERREIRAI,2025-06-30,122962,1,10,0,397.0
10109610FERREIRAI_2025-06-30_G42,10109610FERREIRAI,2025-06-30,122962,1,31,0,329.0
10109610FERREIRAI_2025-06-30_G43,10109610FERREIRAI,2025-06-30,124433,1,4,0,91.0
10109610FERREIRAI_2025-06-30_G44,10109610FERREIRAI,2025-06-30,124594,1,1,0,181.0
10109610FERREIRAI_2025-06-30_G45,10109610FERREIRAI,2025-06-30,124624,1,10,0,82.0
10109610FERREIRAI_2025-06-30_G46,10109610FERREIRAI,2025-06-30,124486,1,41,0,426.0
10109610FERREIRAI_2025-06-30_G47,10109610FERREIRAI,2025-06-30,124433,1,4,0,796.0
10109610FERREIRAI_2025-07-31_G02,10109610FERREIRAI,2025-07-31,124264,1,20,0,280.0
10109610FERREIRAI_2025-07-31_G03,10109610FERREIRAI,2025-07-31,124247,1,6,0,184.0
10109610FERREIRAI_2025-07-31_G04,10109610FERREIRAI,2025-07-31,121651,1,12,0,483.0
10109610FERREIRAI_2025-07-31_G06,10109610FERREIRAI,2025-07-31,124370,1,36,0,2368.0
10109610FERREIRAI_2025-07-31_G07,10109610FERREIRAI,2025-07-31,124370,1,60,0,921.0
10109610FERREIRAI_2025-07-31_G08,10109610FERREIRAI,2025-07-31,122962,1,30,0,299.0
10109610FERREIRAI_2025-07-31_G09,10109610FERREIRAI,2025-07-31,120339,1,24,0,442.0
10109610FERREIRAI_2025-07-31_G10,10109610FERREIRAI,2025-07-31,121760,1,20,0,268.0
10109610FERREIRAI_2025-07-31_G11,10109610FERREIRAI,2025-07-31,124475,1,20,0,448.0
10109610FERREIRAI_2025-07-31_G12,10109610FERREIRAI,2025-07-31,123822,1,10,0,1772.0
10109610FERREIRAI_2025-07-31_G13,10109610FERREIRAI,2025-07-31,122962,1,24,0,404.0
10109610FERREIRAI_2025-07-31_G14,10109610FERREIRAI,2025-07-31,122647,1,19,0,307.0
10109610FERREIRAI_2025-07-31_G15,10109610FERREIRAI,2025-07-31,122962,1,24,0,370.0
10109610FERREIRAI_2025-07-31_G16,10109610FERREIRAI,2025-07-31,122984,1,16,0,320.0
10109610FERREIRAI_2025-07-31_G18,10109610FERREIRAI,2025-07-31,120028,1,20,0,731.0
10109610FERREIRAI_2025-07-31_G19,10109610FERREIRAI,2025-07-31,181057,1,2,0,87.0
10109610FERREIRAI_2025-07-31_G20,10109610FERREIRAI,2025-07-31,181057,1,4,0,250.0
10109610FERREIRAI_2025-07-31_G21,10109610FERREIRAI,2025-07-31,122962,1,16,0,327.0
10109610FERREIRAI_2025-07-31_G22,10109610FERREIRAI,2025-07-31,124486,1,8,0,251.0
10109610FERREIRAI_2025-07-31_G23,10109610FERREIRAI,2025-07-31,122962,1,50,0,820.0
10109610FERREIRAI_2025-07-31_G24,10109610FERREIRAI,2025-07-31,124477,1,4,0,1740.0
10109610FERREIRAI_2025-07-31_G25,10109610FERREIRAI,2025-07-31,123343,1,2,0,3121.0
10109610FERREIRAI_2025-09-26_G02,10109610FERREIRAI,2025-09-26,124476,1,1,0,40.0
10109610FERREIRAI_2025-09-26_G03,10109610FERREIRAI,2025-09-26,123344,1,8,0,998.0
10109610FERREIRAI_2025-09-26_G04,10109610FERREIRAI,2025-09-26,181235,1,2,0,808.0
10109610FERREIRAI_2025-09-26_G05,10109610FERREIRAI,2025-09-26,124486,1,8,0,1190.0
10109610FERREIRAI_2025-09-26_G06,10109610FERREIRAI,2025-09-26,124486,1,12,0,54.0
10109610FERREIRAI_2025-09-26_G07,10109610FERREIRAI,2025-09-26,122962,1,2,0,294.0
10109610FERREIRAI_2025-09-26_G08,10109610FERREIRAI,2025-09-26,122962,1,13,0,246.0
10109610FERREIRAI_2025-09-26_G09,10109610FERREIRAI,2025-09-26,124486,1,40,0,433.0
10109610FERREIRAI_2025-09-26_G10,10109610FERREIRAI,2025-09-26,122962,1,4,0,571.0
10109610FERREIRAI_2025-09-26_G11,10109610FERREIRAI,2025-09-26,124486,1,30,0,219.0
10109610FERREIRAI_2025-09-26_G12,10109610FERREIRAI,2025-09-26,180420,1,5,0,578.0
10109610FERREIRAI_2025-09-26_G13,10109610FERREIRAI,2025-09-26,124624,1,2,0,245.0
10109610FERREIRAI_2025-09-26_G14,10109610FERREIRAI,2025-09-26,123345,1,1,0,322.0
10109610FERREIRAI_2025-10-08_G02,10109610FERREIRAI,2025-10-08,122983,1,30,0,913.0
10109610FERREIRAI_2025-10-08_G03,10109610FERREIRAI,2025-10-08,122984,1,89,0,1883.0
10109610FERREIRAI_2025-10-09_G02,10109610FERREIRAI,2025-10-09,124476,1,12,0,330.0
10109610FERREIRAI_2025-10-09_G03,10109610FERREIRAI,2025-10-09,123153,1,16,0,375.0
10109610FERREIRAI_2025-10-09_G04,10109610FERREIRAI,2025-10-09,124248,1,30,0,262.0
10109610FERREIRAI_2025-10-09_G05,10109610FERREIRAI,2025-10-09,122982,1,17,0,183.0
10109610FERREIRAI_2025-10-09_G06,10109610FERREIRAI,2025-10-09,124247,1,10,0,106.0
10109610FERREIRAI_2025-10-09_G07,10109610FERREIRAI,2025-10-09,122983,1,12,0,229.0
10109610FERREIRAI_2025-10-09_G08,10109610FERREIRAI,2025-10-09,122962,1,17,0,326.0
10109610FERREIRAI_2025-10-09_G09,10109610FERREIRAI,2025-10-09,122185,1,58,0,829.0
10109610FERREIRAI_2025-10-09_G10,10109610FERREIRAI,2025-10-09,123345,1,30,0,259.0
10109610FERREIRAI_2025-10-09_G12,10109610FERREIRAI,2025-10-09,122984,1,10,0,275.0
10109610FERREIRAI_2025-10-09_G13,10109610FERREIRAI,2025-10-09,122983,1,2,0,169.0
10109610FERREIRAI_2025-10-09_G14,10109610FERREIRAI,2025-10-09,124624,1,4,0,2045.0
10109610FERREIRAI_2025-10-09_G15,10109610FERREIRAI,2025-10-09,"123561, 124624",2,18,28,470.0
10109610FERREIRAI_2025-10-09_G16,10109610FERREIRAI,2025-10-09,124624,1,20,0,45.0
10109610FERREIRAI_2025-10-09_G17,10109610FERREIRAI,2025-10-09,124624,1,15,0,47.0
10109610FERREIRAI_2025-10-09_G18,10109610FERREIRAI,2025-10-09,123313,2,10,14,637.0
10109610FERREIRAI_2025-10-09_G19,10109610FERREIRAI,2025-10-09,123343,1,4,0,273.0
10109610FERREIRAI_2025-10-09_G20,10109610FERREIRAI,2025-10-09,123561,1,8,0,153.0
10109610FERREIRAI_2025-10-09_G21,10109610FERREIRAI,2025-10-09,123561,1,8,0,143.0
10109610FERREIRAI_2025-10-09_G22,10109610FERREIRAI,2025-10-09,123561,1,10,0,314.0
10109610FERREIRAI_2025-10-09_G23,10109610FERREIRAI,2025-10-09,123561,1,8,0,128.0
10109610FERREIRAI_2025-10-09_G24,10109610FERREIRAI,2025-10-09,123561,1,8,0,141.0
10109610FERREIRAI_2025-10-09_G25,10109610FERREIRAI,2025-10-09,120339,1,8,0,173.0
10109610FERREIRAI_2025-10-09_G26,10109610FERREIRAI,2025-10-09,120339,1,10,0,139.0
10109610FERREIRAI_2025-10-09_G27,10109610FERREIRAI,2025-10-09,120339,1,6,0,215.0
10109610FERREIRAI_2025-10-09_G28,10109610FERREIRAI,2025-10-09,120339,1,4,0,79.0
10109610FERREIRAI_2025-10-09_G29,10109610FERREIRAI,2025-10-09,120339,1,4,0,117.0
10109610FERREIRAI_2025-10-09_G30,10109610FERREIRAI,2025-10-09,120339,1,6,0,69.0
10109610FERREIRAI_2025-10-09_G31,10109610FERREIRAI,2025-10-09,120339,2,6,22,89.0
10109610FERREIRAI_2025-10-09_G32,10109610FERREIRAI,2025-10-09,120339,1,12,0,290.0
10109610FERREIRAI_2025-10-09_G33,10109610FERREIRAI,2025-10-09,120339,1,2,0,64.0
10109610FERREIRAI_2025-10-09_G34,10109610FERREIRAI,2025-10-09,122984,1,12,0,257.0
10109610FERREIRAI_2025-10-09_G35,10109610FERREIRAI,2025-10-09,122984,1,8,0,114.0
10109610FERREIRAI_2025-10-09_G36,10109610FERREIRAI,2025-10-09,122984,1,12,0,150.0
10109610FERREIRAI_2025-10-09_G37,10109610FERREIRAI,2025-10-09,122983,1,7,0,304.0
10109610FERREIRAI_2025-10-09_G38,10109610FERREIRAI,2025-10-09,123345,1,4,0,149.0
10109610FERREIRAI_2025-10-09_G39,10109610FERREIRAI,2025-10-09,123345,1,5,0,208.0
10109610FERREIRAI_2025-10-09_G40,10109610FERREIRAI,2025-10-09,123345,2,14,12,67.0
10109610FERREIRAI_2025-10-09_G41,10109610FERREIRAI,2025-10-09,123345,1,6,0,41.0
10109610FERREIRAI_2025-10-09_G42,10109610FERREIRAI,2025-10-09,123345,2,8,12,42.0
10109610FERREIRAI_2025-10-09_G43,10109610FERREIRAI,2025-10-09,123345,1,4,0,60.0
10109610FERREIRAI_2025-10-09_G44,10109610FERREIRAI,2025-10-09,123343,1,2,0,77.0
10109610FERREIRAI_2025-10-13_G02,10109610FERREIRAI,2025-10-13,122962,1,100,0,1097.0
10109610FERREIRAI_2025-10-14_G02,10109610FERREIRAI,2025-10-14,123153,1,1,0,52.0
10109610FERREIRAI_2025-10-14_G03,10109610FERREIRAI,2025-10-14,124475,1,5,0,333.0
10109610FERREIRAI_2025-10-14_G04,10109610FERREIRAI,2025-10-14,124248,1,11,0,175.0
10109610FERREIRAI_2025-10-14_G05,10109610FERREIRAI,2025-10-14,122984,1,20,0,264.0
10109610FERREIRAI_2025-10-14_G06,10109610FERREIRAI,2025-10-14,123561,1,4,0,185.0
10109610FERREIRAI_2025-10-14_G07,10109610FERREIRAI,2025-10-14,124486,1,15,0,256.0
10109610FERREIRAI_2025-10-14_G08,10109610FERREIRAI,2025-10-14,122962,1,30,0,556.0
10109610FERREIRAI_2025-10-14_G09,10109610FERREIRAI,2025-10-14,123343,1,10,0,118.0
10109610FERREIRAI_2025-10-14_G10,10109610FERREIRAI,2025-10-14,122984,1,9,0,536.0
10109610FERREIRAI_2025-10-14_G11,10109610FERREIRAI,2025-10-14,122984,1,16,0,220.0
10109610FERREIRAI_2025-10-14_G12,10109610FERREIRAI,2025-10-14,124370,1,5,0,169.0
10109610FERREIRAI_2025-10-14_G13,10109610FERREIRAI,2025-10-14,124548,1,96,0,2694.0
10109610FERREIRAI_2025-10-14_G14,10109610FERREIRAI,2025-10-14,123909,1,50,0,826.0
10109610FERREIRAI_2025-10-14_G15,10109610FERREIRAI,2025-10-14,124370,1,40,0,995.0
10109610FERREIRAI_2025-10-14_G16,10109610FERREIRAI,2025-10-14,123909,1,4,0,64.0
10109610FERREIRAI_2025-10-14_G17,10109610FERREIRAI,2025-10-14,124247,1,1,0,171.0
10109610FERREIRAI_2025-10-14_G18,10109610FERREIRAI,2025-10-14,124486,1,10,0,213.0
10109610FERREIRAI_2025-10-14_G19,10109610FERREIRAI,2025-10-14,124486,1,3,0,68.0
10109610FERREIRAI_2025-10-14_G20,10109610FERREIRAI,2025-10-14,121651,1,30,0,593.0
10109610FERREIRAI_2025-10-14_G21,10109610FERREIRAI,2025-10-14,122984,1,20,0,400.0
10109610FERREIRAI_2025-10-14_G22,10109610FERREIRAI,2025-10-14,120028,1,34,0,3061.0
10109610FERREIRAI_2025-10-14_G23,10109610FERREIRAI,2025-10-14,122962,1,26,0,463.0
10109610FERREIRAI_2025-10-14_G24,10109610FERREIRAI,2025-10-14,122962,1,50,0,506.0
10109610FERREIRAI_2025-10-14_G25,10109610FERREIRAI,2025-10-14,124594,1,8,0,703.0
10109610FERREIRAI_2025-10-14_G26,10109610FERREIRAI,2025-10-14,123345,1,10,0,575.0
10109610FERREIRAI_2025-10-14_G27,10109610FERREIRAI,2025-10-14,122647,1,2,0,80.0
10109610FERREIRAI_2025-10-14_G28,10109610FERREIRAI,2025-10-14,122962,1,2,0,63.0
10109610FERREIRAI_2025-10-14_G29,10109610FERREIRAI,2025-10-14,122647,1,8,0,147.0
10109610FERREIRAI_2025-10-14_G30,10109610FERREIRAI,2025-10-14,122962,1,4,0,186.0
10109610FERREIRAI_2025-10-14_G31,10109610FERREIRAI,2025-10-14,123909,1,2,0,64.0
10109610FERREIRAI_2025-10-14_G32,10109610FERREIRAI,2025-10-14,122962,1,20,0,665.0
10109610FERREIRAI_2025-10-14_G33,10109610FERREIRAI,2025-10-14,122673,1,4,0,152.0
10109610FERREIRAI_2025-10-14_G34,10109610FERREIRAI,2025-10-14,122671,1,4,0,135.0
10109610FERREIRAI_2025-10-14_G35,10109610FERREIRAI,2025-10-14,122673,1,28,0,346.0
10109610FERREIRAI_2025-10-14_G36,10109610FERREIRAI,2025-10-14,122673,1,2,0,85.0
10109610FERREIRAI_2025-10-14_G37,10109610FERREIRAI,2025-10-14,122671,1,2,0,56.0
10109610FERREIRAI_2025-10-14_G38,10109610FERREIRAI,2025-10-14,122962,1,2,0,378.0
10109610FERREIRAI_2025-10-14_G40,10109610FERREIRAI,2025-10-14,"122673, 122647",2,22,29,312.0
10109610FERREIRAI_2025-10-14_G41,10109610FERREIRAI,2025-10-14,122962,1,10,0,220.0
10109610FERREIRAI_2025-10-14_G42,10109610FERREIRAI,2025-10-14,122673,1,4,0,151.0
10109610FERREIRAI_2025-10-14_G43,10109610FERREIRAI,2025-10-14,124248,1,6,0,418.0
10109610FERREIRAI_2025-10-14_G44,10109610FERREIRAI,2025-10-14,122962,1,12,0,948.0
10109610FERREIRAI_2025-10-14_G45,10109610FERREIRAI,2025-10-14,122962,1,21,0,1495.0
10109610FERREIRAI_2025-10-15_G02,10109610FERREIRAI,2025-10-15,122185,1,100,0,1474.0
10109610FERREIRAI_2025-10-15_G03,10109610FERREIRAI,2025-10-15,123343,1,2,0,179.0
10109610FERREIRAI_2025-10-15_G04,10109610FERREIRAI,2025-10-15,122984,1,22,0,462.0
10109610FERREIRAI_2025-10-15_G05,10109610FERREIRAI,2025-10-15,120008,1,55,0,904.0
10109610FERREIRAI_2025-10-17_G02,10109610FERREIRAI,2025-10-17,123345,1,8,0,224.0
10109610FERREIRAI_2025-10-17_G03,10109610FERREIRAI,2025-10-17,124248,1,28,0,1171.0
10109610FERREIRAI_2025-10-17_G04,10109610FERREIRAI,2025-10-17,123343,1,4,0,581.0
10109610FERREIRAI_2025-10-17_G05,10109610FERREIRAI,2025-10-17,123345,1,3,0,503.0
10109610FERREIRAI_2025-10-17_G06,10109610FERREIRAI,2025-10-17,122962,1,2,0,90.0
10109610FERREIRAI_2025-10-17_G07,10109610FERREIRAI,2025-10-17,124486,1,2,0,125.0
10109610FERREIRAI_2025-10-17_G08,10109610FERREIRAI,2025-10-17,124475,1,1,0,202.0
10109610FERREIRAI_2025-10-17_G10,10109610FERREIRAI,2025-10-17,122962,1,30,0,938.0
10109610FERREIRAI_2025-10-17_G11,10109610FERREIRAI,2025-10-17,120028,1,10,0,204.0
10109610FERREIRAI_2025-10-17_G12,10109610FERREIRAI,2025-10-17,120339,1,2,0,69.0
10109610FERREIRAI_2025-10-17_G13,10109610FERREIRAI,2025-10-17,122962,1,32,0,762.0
10109610FERREIRAI_2025-10-17_G14,10109610FERREIRAI,2025-10-17,124486,1,39,0,404.0
10109610FERREIRAI_2025-10-17_G15,10109610FERREIRAI,2025-10-17,122962,1,20,0,371.0
10109610FERREIRAI_2025-10-17_G16,10109610FERREIRAI,2025-10-17,123153,1,12,0,233.0
10109610FERREIRAI_2025-10-18_G02,10109610FERREIRAI,2025-10-18,122185,1,80,0,1660.0
10109610FERREIRAI_2025-10-18_G03,10109610FERREIRAI,2025-10-18,122984,1,40,0,813.0
10109610FERREIRAI_2025-10-18_G04,10109610FERREIRAI,2025-10-18,123562,1,8,0,96.0
10109610FERREIRAI_2025-10-18_G05,10109610FERREIRAI,2025-10-18,124248,1,8,0,251.0
10109610FERREIRAI_2025-10-18_G06,10109610FERREIRAI,2025-10-18,124247,1,8,0,161.0
10109610FERREIRAI_2025-10-18_G07,10109610FERREIRAI,2025-10-18,124486,1,24,0,282.0
10109610FERREIRAI_2025-10-18_G08,10109610FERREIRAI,2025-10-18,120339,1,16,0,464.0
10109610FERREIRAI_2025-10-18_G09,10109610FERREIRAI,2025-10-18,124370,1,40,0,861.0
10109610FERREIRAI_2025-10-18_G10,10109610FERREIRAI,2025-10-18,121651,1,14,0,372.0
10109610FERREIRAI_2025-10-18_G11,10109610FERREIRAI,2025-10-18,124548,1,4,0,847.0
10109610FERREIRAI_2025-10-18_G12,10109610FERREIRAI,2025-10-18,122962,1,16,0,583.0
10109610FERREIRAI_2025-10-18_G13,10109610FERREIRAI,2025-10-18,122703,1,5,0,152.0
10109610FERREIRAI_2025-10-18_G14,10109610FERREIRAI,2025-10-18,180183,1,4,0,3506.0
10109610FERREIRAI_2025-10-29_G02,10109610FERREIRAI,2025-10-29,122983,1,6,0,360.0
10109610FERREIRAI_2025-10-29_G03,10109610FERREIRAI,2025-10-29,124248,1,19,0,507.0
10109610FERREIRAI_2025-10-29_G04,10109610FERREIRAI,2025-10-29,120272,1,16,0,1787.0
10109610FERREIRAI_2025-10-29_G05,10109610FERREIRAI,2025-10-29,120272,1,16,0,332.0
10109610FERREIRAI_2025-10-29_G06,10109610FERREIRAI,2025-10-29,120008,1,24,0,660.0
10109610FERREIRAI_2025-10-29_G07,10109610FERREIRAI,2025-10-29,122962,1,16,0,424.0
10109610FERREIRAI_2025-10-29_G08,10109610FERREIRAI,2025-10-29,120028,1,26,0,622.0
10109610FERREIRAI_2025-10-29_G09,10109610FERREIRAI,2025-10-29,124548,1,16,0,485.0
10109610FERREIRAI_2025-10-29_G10,10109610FERREIRAI,2025-10-29,120028,1,40,0,722.0
10109610FERREIRAI_2025-10-30_G02,10109610FERREIRAI,2025-10-30,121651,1,10,0,178.0
10109610FERREIRAI_2025-10-30_G03,10109610FERREIRAI,2025-10-30,124370,1,60,0,1844.0
10109610FERREIRAI_2025-10-30_G04,10109610FERREIRAI,2025-10-30,123345,1,20,0,544.0
10109610FERREIRAI_2025-10-30_G05,10109610FERREIRAI,2025-10-30,122988,1,1,0,257.0
10109610FERREIRAI_2025-10-30_G06,10109610FERREIRAI,2025-10-30,124486,1,45,0,2257.0
10109610FERREIRAI_2025-10-30_G07,10109610FERREIRAI,2025-10-30,124371,1,80,0,1536.0
10109610FERREIRAI_2025-10-30_G08,10109610FERREIRAI,2025-10-30,120028,1,30,0,902.0
10109610FERREIRAI_2025-10-30_G09,10109610FERREIRAI,2025-10-30,122189,1,40,0,874.0
10109610FERREIRAI_2025-10-30_G10,10109610FERREIRAI,2025-10-30,123909,1,20,0,302.0
10109610FERREIRAI_2025-10-30_G11,10109610FERREIRAI,2025-10-30,122671,1,20,0,246.0
10109610FERREIRAI_2025-10-30_G12,10109610FERREIRAI,2025-10-30,123344,1,22,0,975.0
10109610FERREIRAI_2025-10-30_G13,10109610FERREIRAI,2025-10-30,123562,1,13,0,177.0
10109610FERREIRAI_2025-10-30_G14,10109610FERREIRAI,2025-10-30,121760,1,24,0,743.0
10109610FERREIRAI_2025-10-30_G15,10109610FERREIRAI,2025-10-30,123561,1,26,0,634.0
10109610FERREIRAI_2025-10-30_G16,10109610FERREIRAI,2025-10-30,124370,1,24,0,201.0
10109610FERREIRAI_2025-10-30_G17,10109610FERREIRAI,2025-10-30,124475,1,24,0,281.0
10109610FERREIRAI_2025-10-30_G18,10109610FERREIRAI,2025-10-30,121651,1,32,0,266.0
10109610FERREIRAI_2025-10-31_G02,10109610FERREIRAI,2025-10-31,181887,1,4,0,157.0
10109610FERREIRAI_2025-10-31_G03,10109610FERREIRAI,2025-10-31,180054,1,4,0,189.0
10109610FERREIRAI_2025-10-31_G04,10109610FERREIRAI,2025-10-31,181887,1,4,0,144.0
10109610FERREIRAI_2025-10-31_G05,10109610FERREIRAI,2025-10-31,181280,1,4,0,1702.0
10109610FERREIRAI_2025-10-31_G06,10109610FERREIRAI,2025-10-31,180054,1,2,0,191.0
10109610FERREIRAI_2025-10-31_G07,10109610FERREIRAI,2025-10-31,181057,1,2,0,183.0
10109610FERREIRAI_2025-10-31_G08,10109610FERREIRAI,2025-10-31,181057,1,6,0,458.0
10109610FERREIRAI_2025-10-31_G09,10109610FERREIRAI,2025-10-31,180054,1,4,0,119.0
10109610FERREIRAI_2025-10-31_G10,10109610FERREIRAI,2025-10-31,181057,1,2,0,45.0
10109610FERREIRAI_2025-10-31_G11,10109610FERREIRAI,2025-10-31,124486,1,26,0,1161.0
10109610FERREIRAI_2025-10-31_G12,10109610FERREIRAI,2025-10-31,124371,1,16,0,254.0
10109610FERREIRAI_2025-10-31_G13,10109610FERREIRAI,2025-10-31,120008,1,4,0,64.0
10109610FERREIRAI_2025-10-31_G14,10109610FERREIRAI,2025-10-31,123345,1,4,0,105.0
10109610FERREIRAI_2025-10-31_G15,10109610FERREIRAI,2025-10-31,124624,1,10,0,200.0
10109610FERREIRAI_2025-10-31_G16,10109610FERREIRAI,2025-10-31,124511,1,5,0,134.0
10109610FERREIRAI_2025-10-31_G17,10109610FERREIRAI,2025-10-31,124247,1,16,0,160.0
10109610FERREIRAI_2025-10-31_G18,10109610FERREIRAI,2025-10-31,120028,1,11,0,2066.0
10109610FERREIRAI_2025-10-31_G19,10109610FERREIRAI,2025-10-31,124624,1,8,0,363.0
10109610FERREIRAI_2025-10-31_G20,10109610FERREIRAI,2025-10-31,124624,1,4,0,97.0
10109610FERREIRAI_2025-10-31_G21,10109610FERREIRAI,2025-10-31,120339,1,8,0,381.0
10109610FERREIRAI_2025-10-31_G22,10109610FERREIRAI,2025-10-31,122673,1,20,0,164.0
10109610FERREIRAI_2025-10-31_G24,10109610FERREIRAI,2025-10-31,122982,1,4,0,534.0
10109610FERREIRAI_2025-10-31_G25,10109610FERREIRAI,2025-10-31,122962,1,100,0,1683.0
10109610FERREIRAI_2025-10-31_G26,10109610FERREIRAI,2025-10-31,121651,1,8,0,1180.0
10109610FERREIRAI_2025-10-31_G27,10109610FERREIRAI,2025-10-31,124370,1,12,0,311.0
10109610FERREIRAI_2025-10-31_G28,10109610FERREIRAI,2025-10-31,"123313, 123343",2,5,24,456.0
10109610FERREIRAI_2025-11-06_G02,10109610FERREIRAI,2025-11-06,120389,1,20,0,318.0
10109610FERREIRAI_2025-11-06_G03,10109610FERREIRAI,2025-11-06,121651,1,4,0,93.0
10109610FERREIRAI_2025-11-26_G02,10109610FERREIRAI,2025-11-26,123080,1,100,0,1321.0
10109610FERREIRAI_2025-11-29_G02,10109610FERREIRAI,2025-11-29,123947,1,8,0,936.0
10109610FERREIRAI_2025-11-29_G03,10109610FERREIRAI,2025-11-29,122962,1,8,0,172.0
10109610FERREIRAI_2025-11-29_G04,10109610FERREIRAI,2025-11-29,121651,1,12,0,393.0
10109610FERREIRAI_2025-11-29_G05,10109610FERREIRAI,2025-11-29,121760,1,4,0,118.0
10109610FERREIRAI_2025-11-29_G06,10109610FERREIRAI,2025-11-29,120339,1,4,0,58.0
10109610FERREIRAI_2025-11-29_G07,10109610FERREIRAI,2025-11-29,123343,1,6,0,565.0
10109610FERREIRAI_2025-11-29_G08,10109610FERREIRAI,2025-11-29,120272,1,10,0,1940.0
10109610FERREIRAI_2025-11-29_G09,10109610FERREIRAI,2025-11-29,122185,1,40,0,614.0
10109610FERREIRAI_2025-11-29_G10,10109610FERREIRAI,2025-11-29,124370,1,56,0,1232.0
10109610FERREIRAI_2025-11-29_G11,10109610FERREIRAI,2025-11-29,124594,1,24,0,288.0
10109610FERREIRAI_2025-11-29_G12,10109610FERREIRAI,2025-11-29,124486,1,12,0,222.0
10109610FERREIRAI_2025-11-29_G13,10109610FERREIRAI,2025-11-29,120028,1,30,0,702.0
10109610FERREIRAI_2025-11-29_G14,10109610FERREIRAI,2025-11-29,124370,1,100,0,1950.0
10109610FERREIRAI_2025-11-29_G15,10109610FERREIRAI,2025-11-29,123822,1,41,0,1531.0
10109610FERREIRAI_2025-11-29_G16,10109610FERREIRAI,2025-11-29,122984,1,40,0,154.0
10109610FERREIRAI_2025-11-29_G17,10109610FERREIRAI,2025-11-29,123343,1,36,0,1177.0
10109610FERREIRAI_2025-11-29_G18,10109610FERREIRAI,2025-11-29,124486,1,9,0,1463.0
10109610FERREIRAI_2025-11-29_G19,10109610FERREIRAI,2025-11-29,121651,1,9,0,149.0
10109610FERREIRAI_2025-11-29_G20,10109610FERREIRAI,2025-11-29,121760,1,8,0,238.0
10109610FERREIRAI_2025-11-29_G21,10109610FERREIRAI,2025-11-29,124371,1,4,0,357.0
10109610FERREIRAI_2025-11-29_G22,10109610FERREIRAI,2025-11-29,123909,1,8,0,352.0
10109610FERREIRAI_2025-11-29_G23,10109610FERREIRAI,2025-11-29,181056,1,4,0,227.0
10109610FERREIRAI_2025-11-29_G24,10109610FERREIRAI,2025-11-29,123345,1,25,0,864.0
10109610FERREIRAI_2025-11-29_G25,10109610FERREIRAI,2025-11-29,123520,1,4,0,678.0
10109610FERREIRAI_2025-11-29_G26,10109610FERREIRAI,2025-11-29,123344,1,4,0,361.0
10109610FERREIRAI_2025-11-29_G27,10109610FERREIRAI,2025-11-29,123344,1,4,0,68.0
10109610FERREIRAI_2025-11-29_G29,10109610FERREIRAI,2025-11-29,123153,1,12,0,514.0
10109610FERREIRAI_2025-11-29_G30,10109610FERREIRAI,2025-11-29,124486,1,36,0,655.0
10109610FERREIRAI_2025-11-29_G31,10109610FERREIRAI,2025-11-29,121651,1,15,0,488.0
10109610FERREIRAI_2025-11-29_G32,10109610FERREIRAI,2025-11-29,123909,1,4,0,547.0
10109610FERREIRAI_2025-11-29_G33,10109610FERREIRAI,2025-11-29,122988,1,11,0,740.0
10109610FERREIRAI_2025-11-30_G02,10109610FERREIRAI,2025-11-30,123344,1,20,0,309.0
10109610FERREIRAI_2025-11-30_G03,10109610FERREIRAI,2025-11-30,124486,1,2,0,1171.0
10109610FERREIRAI_2025-11-30_G04,10109610FERREIRAI,2025-11-30,124475,1,6,0,132.0
10109610FERREIRAI_2025-11-30_G05,10109610FERREIRAI,2025-11-30,121760,1,7,0,287.0
10109610FERREIRAI_2025-11-30_G06,10109610FERREIRAI,2025-11-30,124371,1,2,0,71.0
10109610FERREIRAI_2025-11-30_G07,10109610FERREIRAI,2025-11-30,123343,1,6,0,935.0
10109610FERREIRAI_2025-11-30_G08,10109610FERREIRAI,2025-11-30,122647,1,6,0,726.0
10109610FERREIRAI_2025-11-30_G09,10109610FERREIRAI,2025-11-30,123345,1,20,0,2307.0
10109610FERREIRAI_2025-11-30_G10,10109610FERREIRAI,2025-11-30,123153,1,2,0,78.0
10109610FERREIRAI_2025-11-30_G11,10109610FERREIRAI,2025-11-30,123343,1,2,0,256.0
10109610FERREIRAI_2025-11-30_G12,10109610FERREIRAI,2025-11-30,124486,1,4,0,373.0
10109610FERREIRAI_2025-11-30_G13,10109610FERREIRAI,2025-11-30,122962,1,6,0,598.0
10109610FERREIRAI_2025-11-30_G14,10109610FERREIRAI,2025-11-30,123153,1,10,0,315.0
10109610FERREIRAI_2025-11-30_G16,10109610FERREIRAI,2025-11-30,123822,1,50,0,1850.0
10109610FERREIRAI_2025-12-12_G02,10109610FERREIRAI,2025-12-12,124486,1,32,0,588.0
10109610FERREIRAI_2025-12-12_G03,10109610FERREIRAI,2025-12-12,122962,1,20,0,205.0
10109610FERREIRAI_2025-12-12_G04,10109610FERREIRAI,2025-12-12,123345,1,2,0,274.0
10109610FERREIRAI_2025-12-12_G05,10109610FERREIRAI,2025-12-12,122986,1,30,0,1074.0
10109610FERREIRAI_2025-12-12_G06,10109610FERREIRAI,2025-12-12,122647,1,4,0,284.0
10109610FERREIRAI_2025-12-12_G07,10109610FERREIRAI,2025-12-12,123520,1,4,0,197.0
10109610FERREIRAI_2025-12-12_G08,10109610FERREIRAI,2025-12-12,123153,1,60,0,827.0
10109610FERREIRAI_2025-12-12_G09,10109610FERREIRAI,2025-12-12,123153,1,8,0,187.0
10109610FERREIRAI_2025-12-12_G10,10109610FERREIRAI,2025-12-12,123153,1,12,0,189.0
10109610FERREIRAI_2025-12-12_G11,10109610FERREIRAI,2025-12-12,123343,1,8,0,1266.0
10109610FERREIRAI_2025-12-12_G12,10109610FERREIRAI,2025-12-12,122185,1,9,0,713.0
10109610FERREIRAI_2025-12-12_G13,10109610FERREIRAI,2025-12-12,122962,1,12,0,188.0
10109610FERREIRAI_2025-12-12_G14,10109610FERREIRAI,2025-12-12,124475,1,11,0,425.0
10109610FERREIRAI_2025-12-12_G15,10109610FERREIRAI,2025-12-12,124486,1,20,0,262.0
10109610FERREIRAI_2025-12-12_G17,10109610FERREIRAI,2025-12-12,123344,1,4,0,669.0
10109610FERREIRAI_2025-12-12_G18,10109610FERREIRAI,2025-12-12,122185,1,7,0,340.0
10109610FERREIRAI_2025-12-12_G19,10109610FERREIRAI,2025-12-12,121651,1,8,0,317.0
10109610FERREIRAI_2025-12-12_G20,10109610FERREIRAI,2025-12-12,123909,1,6,0,176.0
10109610FERREIRAI_2025-12-12_G21,10109610FERREIRAI,2025-12-12,123345,1,9,0,1414.0
10109610FERREIRAI_2025-12-12_G22,10109610FERREIRAI,2025-12-12,124248,1,6,0,2078.0
10109610FERREIRAI_2025-12-12_G23,10109610FERREIRAI,2025-12-12,122962,1,16,0,547.0
10109610FERREIRAI_2025-12-12_G24,10109610FERREIRAI,2025-12-12,124486,1,36,0,430.0
10109610FERREIRAI_2025-12-12_G25,10109610FERREIRAI,2025-12-12,124475,1,8,0,87.0
10109610FERREIRAI_2025-12-12_G26,10109610FERREIRAI,2025-12-12,122962,1,55,0,583.0
10109610FERREIRAI_2026-01-13_G02,10109610FERREIRAI,2026-01-13,121760,1,5,0,50.0
10109610FERREIRAI_2026-01-13_G03,10109610FERREIRAI,2026-01-13,124476,1,4,0,287.0
10109610FERREIRAI_2026-01-13_G04,10109610FERREIRAI,2026-01-13,123822,1,6,0,172.0
10109610FERREIRAI_2026-01-13_G05,10109610FERREIRAI,2026-01-13,122984,1,12,0,319.0
10109610FERREIRAI_2026-01-13_G06,10109610FERREIRAI,2026-01-13,122983,1,12,0,253.0
10109610FERREIRAI_2026-01-13_G07,10109610FERREIRAI,2026-01-13,122984,1,16,0,255.0
10109610FERREIRAI_2026-01-13_G08,10109610FERREIRAI,2026-01-13,122983,1,8,0,114.0
10109610FERREIRAI_2026-01-13_G09,10109610FERREIRAI,2026-01-13,124486,1,4,0,476.0
10109610FERREIRAI_2026-01-13_G10,10109610FERREIRAI,2026-01-13,122983,1,4,0,69.0
10109610FERREIRAI_2026-01-13_G11,10109610FERREIRAI,2026-01-13,124248,1,16,0,211.0
10109610FERREIRAI_2026-01-29_G02,10109610FERREIRAI,2026-01-29,123561,1,20,0,626.0
10109610FERREIRAI_2026-01-29_G03,10109610FERREIRAI,2026-01-29,123561,1,6,0,88.0
10109610FERREIRAI_2026-01-29_G04,10109610FERREIRAI,2026-01-29,123561,1,6,0,91.0
10109610FERREIRAI_2026-01-29_G05,10109610FERREIRAI,2026-01-29,120339,1,8,0,209.0
10109610FERREIRAI_2026-01-29_G06,10109610FERREIRAI,2026-01-29,120339,1,12,0,137.0
10109610FERREIRAI_2026-01-29_G07,10109610FERREIRAI,2026-01-29,122983,1,8,0,70.0
10109610FERREIRAI_2026-01-29_G08,10109610FERREIRAI,2026-01-29,122983,1,6,0,87.0
10109610FERREIRAI_2026-01-29_G09,10109610FERREIRAI,2026-01-29,122983,1,24,0,462.0
10109610FERREIRAI_2026-01-29_G10,10109610FERREIRAI,2026-01-29,124371,1,2,0,92.0
10109610FERREIRAI_2026-01-29_G11,10109610FERREIRAI,2026-01-29,123345,2,16,24,181.0
10109610FERREIRAI_2026-01-29_G12,10109610FERREIRAI,2026-01-29,124247,1,40,0,1197.0
10109610FERREIRAI_2026-01-29_G13,10109610FERREIRAI,2026-01-29,122962,1,20,0,439.0
10109610FERREIRAI_2026-01-29_G14,10109610FERREIRAI,2026-01-29,124486,1,10,0,110.0
10109610FERREIRAI_2026-01-29_G15,10109610FERREIRAI,2026-01-29,122962,1,24,0,215.0
10109610FERREIRAI_2026-01-29_G16,10109610FERREIRAI,2026-01-29,120028,1,7,0,498.0
10109610FERREIRAI_2026-01-29_G17,10109610FERREIRAI,2026-01-29,123313,1,4,0,512.0
10109610FERREIRAI_2026-01-29_G19,10109610FERREIRAI,2026-01-29,123153,1,70,0,1151.0
10109610FERREIRAI_2026-01-29_G20,10109610FERREIRAI,2026-01-29,123822,1,13,0,257.0
10109610FERREIRAI_2026-01-29_G21,10109610FERREIRAI,2026-01-29,122967,1,20,0,2194.0
10109610FERREIRAI_2026-01-29_G22,10109610FERREIRAI,2026-01-29,122673,1,2,0,375.0
10109610FERREIRAI_2026-01-29_G23,10109610FERREIRAI,2026-01-29,124247,1,4,0,84.0
10109610FERREIRAI_2026-01-29_G24,10109610FERREIRAI,2026-01-29,124548,1,50,0,1150.0
10109610FERREIRAI_2026-02-10_G03,10109610FERREIRAI,2026-02-10,123822,1,150,0,2333.0
10109610FERREIRAI_2026-02-10_G05,10109610FERREIRAI,2026-02-10,124624,1,11,0,1033.0
10109610FERREIRAI_2026-02-10_G06,10109610FERREIRAI,2026-02-10,124594,1,2,0,834.0
10109610FERREIRAI_2026-02-10_G07,10109610FERREIRAI,2026-02-10,122962,1,4,0,239.0
10109610FERREIRAI_2026-02-10_G08,10109610FERREIRAI,2026-02-10,122671,1,12,0,467.0
10109610FERREIRAI_2026-02-10_G09,10109610FERREIRAI,2026-02-10,120028,1,12,0,104.0
10109610FERREIRAI_2026-02-10_G10,10109610FERREIRAI,2026-02-10,122984,1,4,0,253.0
10109610FERREIRAI_2026-02-10_G11,10109610FERREIRAI,2026-02-10,123343,1,5,0,559.0
10109610FERREIRAI_2026-02-12_G02,10109610FERREIRAI,2026-02-12,124486,1,13,0,184.0
10109610FERREIRAI_2026-02-13_G02,10109610FERREIRAI,2026-02-13,123822,1,57,0,1557.0
10109610FERREIRAI_2026-02-13_G03,10109610FERREIRAI,2026-02-13,123909,1,6,0,569.0
10109610FERREIRAI_2026-02-13_G04,10109610FERREIRAI,2026-02-13,124486,1,8,0,918.0
10109610FERREIRAI_2026-02-13_G05,10109610FERREIRAI,2026-02-13,122962,1,24,0,659.0
10109610FERREIRAI_2026-02-13_G06,10109610FERREIRAI,2026-02-13,123345,1,4,0,307.0
10109610FERREIRAI_2026-02-13_G07,10109610FERREIRAI,2026-02-13,124486,1,32,0,428.0
10109610FERREIRAI_2026-02-19_G02,10109610FERREIRAI,2026-02-19,124486,1,200,0,2532.0
10109610FERREIRAI_2026-02-25_G02,10109610FERREIRAI,2026-02-25,122962,1,4,0,139.0
10109610FERREIRAI_2026-02-25_G03,10109610FERREIRAI,2026-02-25,180024,1,2,0,245.0
10109610FERREIRAI_2026-02-25_G04,10109610FERREIRAI,2026-02-25,124483,1,3,0,1180.0
10109610FERREIRAI_2026-02-25_G05,10109610FERREIRAI,2026-02-25,123343,1,2,0,233.0
10109610FERREIRAI_2026-02-25_G06,10109610FERREIRAI,2026-02-25,123562,1,4,0,191.0
10109610FERREIRAI_2026-02-25_G07,10109610FERREIRAI,2026-02-25,124370,1,6,0,352.0
10109610FERREIRAI_2026-02-25_G08,10109610FERREIRAI,2026-02-25,123822,1,3,0,147.0
10109610FERREIRAI_2026-02-25_G09,10109610FERREIRAI,2026-02-25,124624,1,16,0,735.0
10109610FERREIRAI_2026-02-25_G10,10109610FERREIRAI,2026-02-25,123492,1,6,0,400.0
10109610FERREIRAI_2026-02-25_G11,10109610FERREIRAI,2026-02-25,122962,1,4,0,122.0
10109610FERREIRAI_2026-02-25_G12,10109610FERREIRAI,2026-02-25,122671,1,6,0,176.0
10109610FERREIRAI_2026-02-25_G13,10109610FERREIRAI,2026-02-25,124486,1,4,0,160.0
10109610FERREIRAI_2026-02-25_G14,10109610FERREIRAI,2026-02-25,123909,1,4,0,236.0
10109610FERREIRAI_2026-02-25_G15,10109610FERREIRAI,2026-02-25,121923,1,4,0,121.0
10109610FERREIRAI_2026-02-25_G16,10109610FERREIRAI,2026-02-25,123345,1,2,0,236.0
10109610FERREIRAI_2026-02-25_G17,10109610FERREIRAI,2026-02-25,123345,1,2,0,293.0
10109610FERREIRAI_2026-02-25_G18,10109610FERREIRAI,2026-02-25,123889,1,10,0,768.0
10109610FERREIRAI_2026-02-25_G19,10109610FERREIRAI,2026-02-25,120389,1,10,0,175.0
10109610FERREIRAI_2026-02-25_G20,10109610FERREIRAI,2026-02-25,120028,1,4,0,57.0
10109610FERREIRAI_2026-02-25_G21,10109610FERREIRAI,2026-02-25,181057,1,4,0,419.0
10109610FERREIRAI_2026-02-25_G22,10109610FERREIRAI,2026-02-25,181235,1,2,0,197.0
10109610FERREIRAI_2026-02-25_G23,10109610FERREIRAI,2026-02-25,181057,1,4,0,687.0
10109610FERREIRAI_2026-02-26_G02,10109610FERREIRAI,2026-02-26,122962,1,32,0,655.0
10109610FERREIRAI_2026-02-26_G03,10109610FERREIRAI,2026-02-26,122962,1,8,0,45.0
10109610FERREIRAI_2026-02-26_G04,10109610FERREIRAI,2026-02-26,124486,1,2,0,196.0
10109610FERREIRAI_2026-02-26_G05,10109610FERREIRAI,2026-02-26,124594,1,4,0,526.0
10109610FERREIRAI_2026-02-26_G06,10109610FERREIRAI,2026-02-26,124247,1,2,0,117.0
10109610FERREIRAI_2026-02-26_G07,10109610FERREIRAI,2026-02-26,"124475, 124486",2,6,21,399.0
10109610FERREIRAI_2026-02-26_G08,10109610FERREIRAI,2026-02-26,122185,1,4,0,82.0
10109610FERREIRAI_2026-02-26_G09,10109610FERREIRAI,2026-02-26,123909,1,4,0,51.0
10109610FERREIRAI_2026-02-26_G10,10109610FERREIRAI,2026-02-26,124248,1,4,0,138.0
10109610FERREIRAI_2026-02-26_G11,10109610FERREIRAI,2026-02-26,124370,1,2,0,205.0
10109610FERREIRAI_2026-02-26_G13,10109610FERREIRAI,2026-02-26,122962,1,32,0,461.0
10109610FERREIRAI_2026-02-26_G14,10109610FERREIRAI,2026-02-26,122962,1,80,0,1057.0
10109610FERREIRAI_2026-02-26_G15,10109610FERREIRAI,2026-02-26,123345,1,4,0,203.0
10109610FERREIRAI_2026-03-12_G02,10109610FERREIRAI,2026-03-12,124486,1,4,0,402.0
10109610FERREIRAI_2026-03-12_G03,10109610FERREIRAI,2026-03-12,122984,1,24,0,919.0
10109610FERREIRAI_2026-03-20_G02,10109610FERREIRAI,2026-03-20,122962,1,12,0,3128.0
10109610FERREIRAI_2026-03-20_G03,10109610FERREIRAI,2026-03-20,120389,1,16,0,927.0
10109610FERREIRAI_2026-03-20_G04,10109610FERREIRAI,2026-03-20,122673,1,5,0,162.0
10109610FERREIRAI_2026-03-20_G05,10109610FERREIRAI,2026-03-20,122962,1,12,0,223.0
10109610FERREIRAI_2026-03-20_G06,10109610FERREIRAI,2026-03-20,124433,1,2,0,811.0
10109610FERREIRAI_2026-03-20_G07,10109610FERREIRAI,2026-03-20,123889,1,80,0,1430.0
10109610FERREIRAI_2026-03-20_G09,10109610FERREIRAI,2026-03-20,120389,1,1,0,166.0
10109610FERREIRAI_2026-03-20_G10,10109610FERREIRAI,2026-03-20,124486,2,12,25,1144.0
10109610FERREIRAI_2026-03-20_G11,10109610FERREIRAI,2026-03-20,122962,1,25,0,656.0
10109610FERREIRAI_2026-03-20_G12,10109610FERREIRAI,2026-03-20,120008,1,56,0,1283.0
10109610FERREIRAI_2026-03-20_G13,10109610FERREIRAI,2026-03-20,123909,1,8,0,749.0
10109610FERREIRAI_2026-03-20_G14,10109610FERREIRAI,2026-03-20,123344,1,10,0,314.0
10109610FERREIRAI_2026-03-20_G15,10109610FERREIRAI,2026-03-20,122962,1,10,0,87.0
10109610FERREIRAI_2026-03-20_G16,10109610FERREIRAI,2026-03-20,124486,1,20,0,204.0
10109610FERREIRAI_2026-03-20_G17,10109610FERREIRAI,2026-03-20,124486,1,50,0,1280.0
10109610FERREIRAI_2026-03-20_G18,10109610FERREIRAI,2026-03-20,124247,1,30,0,268.0
10109610FERREIRAI_2026-03-21_G02,10109610FERREIRAI,2026-03-21,122962,1,4,0,489.0
10109610FERREIRAI_2026-03-21_G03,10109610FERREIRAI,2026-03-21,122647,1,2,0,170.0
10109610FERREIRAI_2026-03-21_G04,10109610FERREIRAI,2026-03-21,124248,1,70,0,526.0
10109610FERREIRAI_2026-03-21_G05,10109610FERREIRAI,2026-03-21,124248,1,60,0,1726.0
10109610FERREIRAI_2026-03-26_G02,10109610FERREIRAI,2026-03-26,123344,1,8,0,206.0
10109610FERREIRAI_2026-03-26_G03,10109610FERREIRAI,2026-03-26,124477,1,2,0,334.0
10109610FERREIRAI_2026-03-26_G04,10109610FERREIRAI,2026-03-26,122962,1,27,0,311.0
10109610FERREIRAI_2026-03-26_G05,10109610FERREIRAI,2026-03-26,124371,1,8,0,155.0
10109610FERREIRAI_2026-03-26_G06,10109610FERREIRAI,2026-03-26,123343,1,15,0,766.0
10109610FERREIRAI_2026-03-26_G07,10109610FERREIRAI,2026-03-26,122962,1,30,0,2349.0
10109610FERREIRAI_2026-03-26_G08,10109610FERREIRAI,2026-03-26,124486,1,30,0,231.0
10109610FERREIRAI_2026-03-30_G02,10109610FERREIRAI,2026-03-30,124370,1,100,0,1800.0
10109610FERREIRAI_2026-03-30_G03,10109610FERREIRAI,2026-03-30,124371,1,60,0,1108.0
10109610FERREIRAI_2026-03-30_G04,10109610FERREIRAI,2026-03-30,120287,1,100,0,2822.0
10109610FERREIRAI_2026-03-30_G05,10109610FERREIRAI,2026-03-30,124486,1,200,0,2900.0
10109610FERREIRAI_2026-03-31_G02,10109610FERREIRAI,2026-03-31,123344,1,8,0,95.0
10109610FERREIRAI_2026-03-31_G03,10109610FERREIRAI,2026-03-31,122962,1,10,0,758.0
10109610FERREIRAI_2026-03-31_G04,10109610FERREIRAI,2026-03-31,124475,1,4,0,84.0
10109610FERREIRAI_2026-03-31_G05,10109610FERREIRAI,2026-03-31,124475,1,5,0,314.0
10109610FERREIRAI_2026-03-31_G06,10109610FERREIRAI,2026-03-31,124582,1,24,0,254.0
10109610FERREIRAI_2026-03-31_G07,10109610FERREIRAI,2026-03-31,120389,1,1,0,144.0
10109610FERREIRAI_2026-03-31_G08,10109610FERREIRAI,2026-03-31,124476,1,4,0,106.0
10109610FERREIRAI_2026-03-31_G09,10109610FERREIRAI,2026-03-31,124371,1,10,0,412.0
10109610FERREIRAI_2026-03-31_G10,10109610FERREIRAI,2026-03-31,123343,1,1,0,145.0
10109610FERREIRAI_2026-03-31_G11,10109610FERREIRAI,2026-03-31,123909,1,7,0,509.0
10109610FERREIRAI_2026-03-31_G12,10109610FERREIRAI,2026-03-31,124475,1,10,0,576.0
10109610FERREIRAI_2026-03-31_G14,10109610FERREIRAI,2026-03-31,124247,1,20,0,1465.0
10109610FERREIRAI_2026-03-31_G15,10109610FERREIRAI,2026-03-31,122986,1,10,0,276.0
10109610FERREIRAI_2026-03-31_G16,10109610FERREIRAI,2026-03-31,124486,1,14,0,239.0
10109610FERREIRAI_2026-03-31_G17,10109610FERREIRAI,2026-03-31,124594,1,10,0,1429.0
10109610FERREIRAI_2026-03-31_G18,10109610FERREIRAI,2026-03-31,181052,1,1,0,189.0
10109610FERREIRAI_2026-03-31_G19,10109610FERREIRAI,2026-03-31,122962,1,3,0,313.0
10109610FERREIRAI_2026-03-31_G20,10109610FERREIRAI,2026-03-31,124582,1,3,0,168.0
10109610FERREIRAI_2026-03-31_G21,10109610FERREIRAI,2026-03-31,124486,1,100,0,1314.0
10109610FERREIRAI_2026-03-31_G22,10109610FERREIRAI,2026-03-31,122983,1,5,0,62.0
10109610FERREIRAI_2026-03-31_G23,10109610FERREIRAI,2026-03-31,122962,1,16,0,196.0
10109610FERREIRAI_2026-03-31_G24,10109610FERREIRAI,2026-03-31,124486,1,22,0,238.0
10109610FERREIRAI_2026-03-31_G25,10109610FERREIRAI,2026-03-31,122647,1,60,0,477.0
10109622VITORJ_2025-01-17_G02,10109622VITORJ,2025-01-17,108770,1,4,0,688.0
10109622VITORJ_2025-01-17_G03,10109622VITORJ,2025-01-17,110373,1,4,0,432.0
10109622VITORJ_2025-01-17_G04,10109622VITORJ,2025-01-17,117855,1,4,0,311.0
10109622VITORJ_2025-01-17_G05,10109622VITORJ,2025-01-17,111466,1,7,0,421.0
10109622VITORJ_2025-01-17_G06,10109622VITORJ,2025-01-17,109643,1,2,0,285.0
10109622VITORJ_2025-01-17_G07,10109622VITORJ,2025-01-17,117830,1,5,0,40.0
10109622VITORJ_2025-01-17_G08,10109622VITORJ,2025-01-17,"117832, 110372",2,9,25,37.0
10109622VITORJ_2025-01-17_G09,10109622VITORJ,2025-01-17,140922,1,3,0,136.0
10109622VITORJ_2025-01-18_G02,10109622VITORJ,2025-01-18,117833,1,2,0,36.0
10109622VITORJ_2025-01-18_G03,10109622VITORJ,2025-01-18,"111469, 111463",2,11,27,1040.0
10109622VITORJ_2025-01-18_G04,10109622VITORJ,2025-01-18,"111467, 110063",2,6,26,555.0
10109622VITORJ_2025-01-18_G05,10109622VITORJ,2025-01-18,110753,1,2,0,31.0
10109622VITORJ_2025-01-18_G06,10109622VITORJ,2025-01-18,117861,1,4,0,630.0
10109622VITORJ_2025-01-18_G07,10109622VITORJ,2025-01-18,111356,1,3,0,189.0
10109622VITORJ_2025-01-18_G08,10109622VITORJ,2025-01-18,"118222, 110747",2,11,24,60.0
10109622VITORJ_2025-01-18_G09,10109622VITORJ,2025-01-18,108794,1,30,0,1370.0
10109622VITORJ_2025-01-18_G11,10109622VITORJ,2025-01-18,110313,1,4,0,106.0
10109622VITORJ_2025-01-18_G12,10109622VITORJ,2025-01-18,110752,1,8,0,356.0
10109622VITORJ_2025-01-18_G13,10109622VITORJ,2025-01-18,111530,1,8,0,119.0
10109622VITORJ_2025-01-18_G14,10109622VITORJ,2025-01-18,109640,1,4,0,123.0
10109622VITORJ_2025-01-18_G15,10109622VITORJ,2025-01-18,117861,1,8,0,207.0
10109622VITORJ_2025-01-18_G16,10109622VITORJ,2025-01-18,117862,1,8,0,297.0
10109622VITORJ_2025-01-18_G17,10109622VITORJ,2025-01-18,110711,1,8,0,364.0
10109622VITORJ_2025-01-18_G18,10109622VITORJ,2025-01-18,108794,1,12,0,1187.0
10109622VITORJ_2025-01-18_G19,10109622VITORJ,2025-01-18,118140,1,20,0,301.0
10109622VITORJ_2025-01-18_G20,10109622VITORJ,2025-01-18,117831,1,12,0,189.0
10109622VITORJ_2025-01-18_G21,10109622VITORJ,2025-01-18,110787,1,12,0,153.0
10109622VITORJ_2025-01-18_G22,10109622VITORJ,2025-01-18,110745,1,4,0,612.0
10109622VITORJ_2025-01-18_G23,10109622VITORJ,2025-01-18,111443,1,4,0,143.0
10109622VITORJ_2025-01-18_G24,10109622VITORJ,2025-01-18,108795,1,4,0,88.0
10109622VITORJ_2025-01-18_G25,10109622VITORJ,2025-01-18,111465,1,12,0,337.0
10109622VITORJ_2025-01-18_G26,10109622VITORJ,2025-01-18,110743,1,4,0,159.0
10109622VITORJ_2025-01-18_G27,10109622VITORJ,2025-01-18,111469,1,12,0,502.0
10109622VITORJ_2025-01-18_G28,10109622VITORJ,2025-01-18,117830,1,16,0,312.0
10109622VITORJ_2025-01-18_G29,10109622VITORJ,2025-01-18,117820,1,12,0,173.0
10109622VITORJ_2025-01-18_G30,10109622VITORJ,2025-01-18,117832,1,20,0,256.0
10109622VITORJ_2025-01-18_G31,10109622VITORJ,2025-01-18,117809,1,20,0,380.0
10109622VITORJ_2025-01-18_G32,10109622VITORJ,2025-01-18,110372,1,100,0,1522.0
10109622VITORJ_2025-01-20_G02,10109622VITORJ,2025-01-20,111438,1,10,0,236.0
10109622VITORJ_2025-01-20_G03,10109622VITORJ,2025-01-20,110742,1,10,0,293.0
10109622VITORJ_2025-01-20_G04,10109622VITORJ,2025-01-20,141035,1,4,0,160.0
10109622VITORJ_2025-01-20_G05,10109622VITORJ,2025-01-20,110339,1,20,0,342.0
10109622VITORJ_2025-01-20_G06,10109622VITORJ,2025-01-20,110313,1,10,0,622.0
10109622VITORJ_2025-01-20_G07,10109622VITORJ,2025-01-20,118094,1,10,0,366.0
10109622VITORJ_2025-01-21_G02,10109622VITORJ,2025-01-21,118298,1,10,0,155.0
10109622VITORJ_2025-01-21_G03,10109622VITORJ,2025-01-21,110711,1,20,0,603.0
10109622VITORJ_2025-01-21_G04,10109622VITORJ,2025-01-21,117856,1,95,0,1125.0
10109622VITORJ_2025-01-21_G07,10109622VITORJ,2025-01-21,109647,1,12,0,301.0
10109622VITORJ_2025-01-21_G08,10109622VITORJ,2025-01-21,117786,1,24,0,544.0
10109622VITORJ_2025-01-21_G09,10109622VITORJ,2025-01-21,110711,1,4,0,139.0
10109622VITORJ_2025-01-21_G10,10109622VITORJ,2025-01-21,117862,1,30,0,611.0
10109622VITORJ_2025-01-21_G11,10109622VITORJ,2025-01-21,117856,1,6,0,104.0
10109622VITORJ_2025-01-21_G12,10109622VITORJ,2025-01-21,111530,1,84,0,1116.0
10109622VITORJ_2025-01-21_G13,10109622VITORJ,2025-01-21,110515,1,60,0,696.0
10109622VITORJ_2025-01-22_G02,10109622VITORJ,2025-01-22,117808,1,400,0,1776.0
10109622VITORJ_2025-01-22_G04,10109622VITORJ,2025-01-22,110373,1,400,0,846.0
10109622VITORJ_2025-01-22_G06,10109622VITORJ,2025-01-22,107236,1,12,0,288.0
10109622VITORJ_2025-01-22_G07,10109622VITORJ,2025-01-22,117853,1,200,0,2463.0
10109622VITORJ_2025-01-22_G08,10109622VITORJ,2025-01-22,110063,1,21,0,487.0
10109622VITORJ_2025-01-22_G09,10109622VITORJ,2025-01-22,111876,1,23,0,598.0
10109622VITORJ_2025-01-22_G10,10109622VITORJ,2025-01-22,110313,1,100,0,558.0
10109622VITORJ_2025-01-22_G12,10109622VITORJ,2025-01-22,118306,1,8,0,187.0
10109622VITORJ_2025-01-22_G13,10109622VITORJ,2025-01-22,117855,1,4,0,107.0
10109622VITORJ_2025-01-22_G14,10109622VITORJ,2025-01-22,117855,1,5,0,168.0
10109622VITORJ_2025-01-22_G15,10109622VITORJ,2025-01-22,111330,1,8,0,927.0
10109622VITORJ_2025-01-23_G02,10109622VITORJ,2025-01-23,117820,1,160,0,1101.0
10109622VITORJ_2025-01-23_G03,10109622VITORJ,2025-01-23,117808,1,27,0,407.0
10109622VITORJ_2025-01-23_G04,10109622VITORJ,2025-01-23,109647,1,10,0,1545.0
10109622VITORJ_2025-01-23_G05,10109622VITORJ,2025-01-23,117821,1,4,0,230.0
10109622VITORJ_2025-01-23_G06,10109622VITORJ,2025-01-23,118140,1,10,0,128.0
10109622VITORJ_2025-01-23_G07,10109622VITORJ,2025-01-23,109645,1,8,0,222.0
10109622VITORJ_2025-01-23_G08,10109622VITORJ,2025-01-23,117785,1,6,0,82.0
10109622VITORJ_2025-01-23_G09,10109622VITORJ,2025-01-23,111348,1,5,0,128.0
10109622VITORJ_2025-01-23_G10,10109622VITORJ,2025-01-23,105705,1,6,0,154.0
10109622VITORJ_2025-01-23_G11,10109622VITORJ,2025-01-23,109648,1,3,0,219.0
10109622VITORJ_2025-01-23_G12,10109622VITORJ,2025-01-23,110372,1,17,0,895.0
10109622VITORJ_2025-01-23_G13,10109622VITORJ,2025-01-23,117820,1,14,0,173.0
10109622VITORJ_2025-01-23_G14,10109622VITORJ,2025-01-23,118299,1,17,0,543.0
10109622VITORJ_2025-01-23_G15,10109622VITORJ,2025-01-23,117808,1,6,0,342.0
10109622VITORJ_2025-01-23_G16,10109622VITORJ,2025-01-23,109643,1,6,0,130.0
10109622VITORJ_2025-01-23_G18,10109622VITORJ,2025-01-23,111655,1,2,0,183.0
10109622VITORJ_2025-01-23_G20,10109622VITORJ,2025-01-23,111444,1,4,0,151.0
10109622VITORJ_2025-01-23_G21,10109622VITORJ,2025-01-23,117855,1,4,0,445.0
10109622VITORJ_2025-01-23_G22,10109622VITORJ,2025-01-23,110325,1,2,0,351.0
10109622VITORJ_2025-01-23_G23,10109622VITORJ,2025-01-23,111660,1,4,0,256.0
10109622VITORJ_2025-01-23_G24,10109622VITORJ,2025-01-23,117855,1,4,0,177.0
10109622VITORJ_2025-01-23_G25,10109622VITORJ,2025-01-23,110515,1,4,0,1022.0
10109622VITORJ_2025-01-23_G26,10109622VITORJ,2025-01-23,140922,1,4,0,226.0
10109622VITORJ_2025-01-23_G27,10109622VITORJ,2025-01-23,111466,1,4,0,225.0
10109622VITORJ_2025-01-23_G28,10109622VITORJ,2025-01-23,111466,1,4,0,111.0
10109622VITORJ_2025-01-23_G29,10109622VITORJ,2025-01-23,117855,1,2,0,114.0
10109622VITORJ_2025-01-23_G30,10109622VITORJ,2025-01-23,140922,1,2,0,149.0
10109622VITORJ_2025-01-24_G02,10109622VITORJ,2025-01-24,111439,1,4,0,249.0
10109622VITORJ_2025-01-24_G03,10109622VITORJ,2025-01-24,109643,1,6,0,402.0
10109622VITORJ_2025-01-24_G04,10109622VITORJ,2025-01-24,117785,1,2,0,191.0
10109622VITORJ_2025-01-24_G05,10109622VITORJ,2025-01-24,110787,1,3,0,226.0
10109622VITORJ_2025-01-24_G06,10109622VITORJ,2025-01-24,110374,1,4,0,165.0
10109622VITORJ_2025-01-24_G07,10109622VITORJ,2025-01-24,108770,1,4,0,623.0
10109622VITORJ_2025-01-24_G08,10109622VITORJ,2025-01-24,111444,1,4,0,210.0
10109622VITORJ_2025-01-24_G09,10109622VITORJ,2025-01-24,111463,1,2,0,146.0
10109622VITORJ_2025-01-24_G10,10109622VITORJ,2025-01-24,111660,1,4,0,270.0
10109622VITORJ_2025-01-24_G11,10109622VITORJ,2025-01-24,111466,1,63,0,1239.0
10109622VITORJ_2025-01-24_G13,10109622VITORJ,2025-01-24,110515,1,20,0,1407.0
10109622VITORJ_2025-01-24_G14,10109622VITORJ,2025-01-24,117808,1,8,0,103.0
10109622VITORJ_2025-01-24_G15,10109622VITORJ,2025-01-24,100334,1,2,0,1532.0
10109622VITORJ_2025-01-24_G16,10109622VITORJ,2025-01-24,111569,1,2,0,113.0
10109622VITORJ_2025-01-24_G17,10109622VITORJ,2025-01-24,109937,1,2,0,101.0
10109622VITORJ_2025-01-24_G18,10109622VITORJ,2025-01-24,110747,1,2,0,110.0
10109622VITORJ_2025-01-24_G19,10109622VITORJ,2025-01-24,110752,1,2,0,164.0
10109622VITORJ_2025-01-24_G20,10109622VITORJ,2025-01-24,117855,1,2,0,96.0
10109622VITORJ_2025-01-24_G21,10109622VITORJ,2025-01-24,109647,1,2,0,102.0
10109622VITORJ_2025-01-24_G22,10109622VITORJ,2025-01-24,110515,1,2,0,101.0
10109622VITORJ_2025-01-24_G23,10109622VITORJ,2025-01-24,118140,1,4,0,121.0
10109622VITORJ_2025-01-24_G24,10109622VITORJ,2025-01-24,111442,1,12,0,479.0
10109622VITORJ_2025-01-24_G25,10109622VITORJ,2025-01-24,111468,1,2,0,90.0
10109622VITORJ_2025-01-24_G26,10109622VITORJ,2025-01-24,111463,1,2,0,64.0
10109622VITORJ_2025-01-24_G27,10109622VITORJ,2025-01-24,110787,1,6,0,95.0
10109622VITORJ_2025-01-24_G28,10109622VITORJ,2025-01-24,111443,1,2,0,76.0
10109622VITORJ_2025-01-24_G29,10109622VITORJ,2025-01-24,108795,1,2,0,45.0
10109622VITORJ_2025-01-24_G30,10109622VITORJ,2025-01-24,117820,1,3,0,260.0
10109622VITORJ_2025-01-24_G31,10109622VITORJ,2025-01-24,117840,1,2,0,63.0
10109622VITORJ_2025-01-24_G32,10109622VITORJ,2025-01-24,110372,1,5,0,92.0
10109622VITORJ_2025-01-24_G33,10109622VITORJ,2025-01-24,109643,1,4,0,66.0
10109622VITORJ_2025-01-24_G34,10109622VITORJ,2025-01-24,111466,1,1,0,776.0
10109622VITORJ_2025-01-24_G35,10109622VITORJ,2025-01-24,118299,1,22,0,337.0
10109622VITORJ_2025-01-24_G36,10109622VITORJ,2025-01-24,117808,1,31,0,318.0
10109622VITORJ_2025-01-24_G37,10109622VITORJ,2025-01-24,110373,1,26,0,997.0
10109622VITORJ_2025-01-24_G38,10109622VITORJ,2025-01-24,100334,1,2,0,653.0
10109622VITORJ_2025-01-24_G39,10109622VITORJ,2025-01-24,111569,1,2,0,135.0
10109622VITORJ_2025-01-24_G40,10109622VITORJ,2025-01-24,109937,1,2,0,246.0
10109622VITORJ_2025-01-24_G41,10109622VITORJ,2025-01-24,110747,1,2,0,393.0
10109622VITORJ_2025-01-24_G42,10109622VITORJ,2025-01-24,109747,1,2,0,90.0
10109622VITORJ_2025-01-24_G43,10109622VITORJ,2025-01-24,110752,1,2,0,120.0
10109622VITORJ_2025-01-24_G44,10109622VITORJ,2025-01-24,111463,1,10,0,382.0
10109622VITORJ_2025-01-24_G45,10109622VITORJ,2025-01-24,111463,1,2,0,39.0
10109622VITORJ_2025-01-24_G46,10109622VITORJ,2025-01-24,110787,1,6,0,109.0
10109622VITORJ_2025-01-24_G47,10109622VITORJ,2025-01-24,111443,1,2,0,59.0
10109622VITORJ_2025-01-24_G48,10109622VITORJ,2025-01-24,108795,1,2,0,37.0
10109622VITORJ_2025-01-24_G50,10109622VITORJ,2025-01-24,111463,1,12,0,133.0
10109622VITORJ_2025-01-24_G51,10109622VITORJ,2025-01-24,111530,1,3,0,260.0
10109622VITORJ_2025-01-24_G52,10109622VITORJ,2025-01-24,118004,1,4,0,161.0
10109622VITORJ_2025-01-24_G53,10109622VITORJ,2025-01-24,111468,1,6,0,538.0
10109622VITORJ_2025-01-24_G54,10109622VITORJ,2025-01-24,110371,1,5,0,1413.0
10109622VITORJ_2025-01-25_G02,10109622VITORJ,2025-01-25,111468,1,8,0,160.0
10109622VITORJ_2025-01-25_G03,10109622VITORJ,2025-01-25,111463,1,70,0,704.0
10109622VITORJ_2025-01-25_G04,10109622VITORJ,2025-01-25,117855,1,7,0,1175.0
10109622VITORJ_2025-01-25_G05,10109622VITORJ,2025-01-25,111602,1,10,0,86.0
10109622VITORJ_2025-01-25_G07,10109622VITORJ,2025-01-25,110313,1,2,0,66.0
10109622VITORJ_2025-01-25_G08,10109622VITORJ,2025-01-25,141047,1,1,0,145.0
10109622VITORJ_2025-01-25_G09,10109622VITORJ,2025-01-25,117862,1,1,0,76.0
10109622VITORJ_2025-01-25_G10,10109622VITORJ,2025-01-25,111182,1,2,0,285.0
10109622VITORJ_2025-01-25_G11,10109622VITORJ,2025-01-25,117831,1,5,0,160.0
10109622VITORJ_2025-01-25_G12,10109622VITORJ,2025-01-25,110129,1,1,0,107.0
10109622VITORJ_2025-01-25_G13,10109622VITORJ,2025-01-25,108711,1,1,0,44.0
10109622VITORJ_2025-01-25_G14,10109622VITORJ,2025-01-25,111463,1,2,0,91.0
10109622VITORJ_2025-01-25_G15,10109622VITORJ,2025-01-25,117809,1,2,0,207.0
10109622VITORJ_2025-01-25_G16,10109622VITORJ,2025-01-25,107830,1,2,0,134.0
10109622VITORJ_2025-01-25_G17,10109622VITORJ,2025-01-25,110373,1,6,0,152.0
10109622VITORJ_2025-01-25_G18,10109622VITORJ,2025-01-25,118299,1,29,0,193.0
10109622VITORJ_2025-01-25_G19,10109622VITORJ,2025-01-25,110372,1,13,0,157.0
10109622VITORJ_2025-01-25_G20,10109622VITORJ,2025-01-25,110376,1,1,0,39.0
10109622VITORJ_2025-01-25_G21,10109622VITORJ,2025-01-25,117808,1,15,0,464.0
10109622VITORJ_2025-01-25_G22,10109622VITORJ,2025-01-25,110375,1,4,0,99.0
10109622VITORJ_2025-01-25_G23,10109622VITORJ,2025-01-25,110332,1,2,0,200.0
10109622VITORJ_2025-01-25_G24,10109622VITORJ,2025-01-25,111602,1,9,0,1009.0
10109622VITORJ_2025-01-25_G25,10109622VITORJ,2025-01-25,111462,1,6,0,222.0
10109622VITORJ_2025-01-30_G03,10109622VITORJ,2025-01-30,"123344, 124370, 124371, 122673, 124247, 123343",7,138,60,3018.0
10109622VITORJ_2025-02-06_G02,10109622VITORJ,2025-02-06,"124264, 123153, 122705",4,124,32,107.0
10109622VITORJ_2025-02-06_G03,10109622VITORJ,2025-02-06,"123081, 123344, 121928",3,18,25,3474.0
10109622VITORJ_2025-02-06_G04,10109622VITORJ,2025-02-06,"122962, 122647, 120028",9,288,105,77.0
10109622VITORJ_2025-02-06_G07,10109622VITORJ,2025-02-06,122962,1,300,0,95.0
10109622VITORJ_2025-02-06_G09,10109622VITORJ,2025-02-06,122988,1,15,0,325.0
10109622VITORJ_2025-02-07_G02,10109622VITORJ,2025-02-07,124371,1,11,0,244.0
10109622VITORJ_2025-02-07_G03,10109622VITORJ,2025-02-07,122185,1,23,0,173.0
10109622VITORJ_2025-02-07_G04,10109622VITORJ,2025-02-07,123909,1,8,0,263.0
10109622VITORJ_2025-02-07_G05,10109622VITORJ,2025-02-07,124370,1,12,0,299.0
10109622VITORJ_2025-02-07_G06,10109622VITORJ,2025-02-07,122983,1,100,0,1920.0
10109622VITORJ_2025-02-07_G07,10109622VITORJ,2025-02-07,122962,1,40,0,532.0
10109622VITORJ_2025-02-07_G08,10109622VITORJ,2025-02-07,123521,1,8,0,103.0
10109622VITORJ_2025-02-07_G09,10109622VITORJ,2025-02-07,124247,1,17,0,253.0
10109622VITORJ_2025-02-07_G10,10109622VITORJ,2025-02-07,120339,1,12,0,552.0
10109622VITORJ_2025-02-07_G12,10109622VITORJ,2025-02-07,123343,1,5,0,142.0
10109622VITORJ_2025-02-07_G13,10109622VITORJ,2025-02-07,123345,1,14,0,220.0
10109622VITORJ_2025-02-07_G14,10109622VITORJ,2025-02-07,120028,1,60,0,1504.0
10109622VITORJ_2025-02-07_G15,10109622VITORJ,2025-02-07,122962,1,40,0,1448.0
10109622VITORJ_2025-02-07_G16,10109622VITORJ,2025-02-07,123343,1,20,0,88.0
10109622VITORJ_2025-02-07_G17,10109622VITORJ,2025-02-07,122988,1,20,0,366.0
10109622VITORJ_2025-02-07_G18,10109622VITORJ,2025-02-07,122984,1,30,0,810.0
10109622VITORJ_2025-02-07_G19,10109622VITORJ,2025-02-07,124248,1,20,0,255.0
10109622VITORJ_2025-02-07_G20,10109622VITORJ,2025-02-07,122982,1,30,0,779.0
10109622VITORJ_2025-02-07_G21,10109622VITORJ,2025-02-07,123909,1,12,0,306.0
10109622VITORJ_2025-02-07_G22,10109622VITORJ,2025-02-07,122962,1,12,0,165.0
10109622VITORJ_2025-02-07_G23,10109622VITORJ,2025-02-07,124486,1,10,0,123.0
10109622VITORJ_2025-02-07_G24,10109622VITORJ,2025-02-07,122988,1,9,0,542.0
10109622VITORJ_2025-02-07_G25,10109622VITORJ,2025-02-07,124248,1,2,0,969.0
10109622VITORJ_2025-02-07_G26,10109622VITORJ,2025-02-07,122962,1,56,0,711.0
10109622VITORJ_2025-02-07_G27,10109622VITORJ,2025-02-07,123822,1,12,0,108.0
10109622VITORJ_2025-02-07_G28,10109622VITORJ,2025-02-07,123909,1,10,0,174.0
10109622VITORJ_2025-02-07_G29,10109622VITORJ,2025-02-07,122962,1,32,0,474.0
10109622VITORJ_2025-02-07_G30,10109622VITORJ,2025-02-07,120028,1,60,0,885.0
10109622VITORJ_2025-02-07_G31,10109622VITORJ,2025-02-07,123909,1,27,0,428.0
10109622VITORJ_2025-02-07_G32,10109622VITORJ,2025-02-07,122983,1,16,0,176.0
10109622VITORJ_2025-02-07_G33,10109622VITORJ,2025-02-07,122962,1,4,0,92.0
10109622VITORJ_2025-02-07_G34,10109622VITORJ,2025-02-07,124486,1,4,0,106.0
10109622VITORJ_2025-02-07_G36,10109622VITORJ,2025-02-07,123153,1,20,0,549.0
10109622VITORJ_2025-02-07_G37,10109622VITORJ,2025-02-07,123889,1,60,0,950.0
10109622VITORJ_2025-02-08_G02,10109622VITORJ,2025-02-08,122983,1,4,0,346.0
10109622VITORJ_2025-02-08_G03,10109622VITORJ,2025-02-08,124248,1,6,0,358.0
10109622VITORJ_2025-02-08_G04,10109622VITORJ,2025-02-08,122983,1,8,0,78.0
10109622VITORJ_2025-02-08_G05,10109622VITORJ,2025-02-08,124247,1,12,0,301.0
10109622VITORJ_2025-02-08_G06,10109622VITORJ,2025-02-08,124248,1,25,0,830.0
10109622VITORJ_2025-02-08_G07,10109622VITORJ,2025-02-08,122671,1,4,0,154.0
10109622VITORJ_2025-02-08_G08,10109622VITORJ,2025-02-08,124247,1,30,0,279.0
10109622VITORJ_2025-02-08_G09,10109622VITORJ,2025-02-08,124486,1,8,0,285.0
10109622VITORJ_2025-02-08_G10,10109622VITORJ,2025-02-08,122984,1,10,0,1128.0
10109622VITORJ_2025-02-08_G11,10109622VITORJ,2025-02-08,124248,1,8,0,79.0
10109622VITORJ_2025-02-08_G12,10109622VITORJ,2025-02-08,122983,1,20,0,376.0
10109622VITORJ_2025-02-08_G13,10109622VITORJ,2025-02-08,124247,1,12,0,220.0
10109622VITORJ_2025-02-08_G14,10109622VITORJ,2025-02-08,122962,1,4,0,294.0
10109622VITORJ_2025-02-08_G15,10109622VITORJ,2025-02-08,124486,1,26,0,74.0
10109622VITORJ_2025-02-08_G16,10109622VITORJ,2025-02-08,122671,1,4,0,361.0
10109622VITORJ_2025-02-13_G02,10109622VITORJ,2025-02-13,117853,1,30,0,573.0
10109622VITORJ_2025-02-14_G02,10109622VITORJ,2025-02-14,117808,2,73,12,111.0
10109622VITORJ_2025-02-16_G02,10109622VITORJ,2025-02-16,110515,1,160,0,249.0
10109622VITORJ_2025-02-16_G03,10109622VITORJ,2025-02-16,110373,1,430,0,729.0
10109622VITORJ_2025-02-17_G02,10109622VITORJ,2025-02-17,117820,1,370,0,720.0
10109622VITORJ_2025-02-17_G03,10109622VITORJ,2025-02-17,111850,1,2,0,2246.0
10109622VITORJ_2025-02-17_G04,10109622VITORJ,2025-02-17,110895,1,1,0,92.0
10109622VITORJ_2025-02-17_G05,10109622VITORJ,2025-02-17,117837,1,10,0,202.0
10109622VITORJ_2025-02-17_G06,10109622VITORJ,2025-02-17,111467,1,13,0,128.0
10109622VITORJ_2025-02-17_G07,10109622VITORJ,2025-02-17,118094,1,4,0,176.0
10109622VITORJ_2025-02-17_G08,10109622VITORJ,2025-02-17,110313,1,5,0,89.0
10109622VITORJ_2025-02-17_G09,10109622VITORJ,2025-02-17,110515,1,5,0,147.0
10109622VITORJ_2025-02-17_G10,10109622VITORJ,2025-02-17,107629,1,1,0,62.0
10109622VITORJ_2025-02-17_G11,10109622VITORJ,2025-02-17,110787,1,13,0,172.0
10109622VITORJ_2025-02-17_G12,10109622VITORJ,2025-02-17,109643,1,10,0,1074.0
10109622VITORJ_2025-02-17_G14,10109622VITORJ,2025-02-17,118094,1,50,0,417.0
10109622VITORJ_2025-02-17_G15,10109622VITORJ,2025-02-17,110375,1,26,0,361.0
10109622VITORJ_2025-02-17_G16,10109622VITORJ,2025-02-17,141047,1,34,0,311.0
10109622VITORJ_2025-02-17_G17,10109622VITORJ,2025-02-17,109747,1,22,0,142.0
10109622VITORJ_2025-02-17_G18,10109622VITORJ,2025-02-17,111466,1,47,0,570.0
10109622VITORJ_2025-02-17_G19,10109622VITORJ,2025-02-17,110372,1,33,0,174.0
10109622VITORJ_2025-02-17_G20,10109622VITORJ,2025-02-17,118299,1,200,0,439.0
10109622VITORJ_2025-02-17_G21,10109622VITORJ,2025-02-17,117820,1,50,0,450.0
10109622VITORJ_2025-02-17_G22,10109622VITORJ,2025-02-17,107830,1,1,0,96.0
10109622VITORJ_2025-02-17_G23,10109622VITORJ,2025-02-17,160057,1,2,0,93.0
10109622VITORJ_2025-02-17_G24,10109622VITORJ,2025-02-17,160050,1,2,0,147.0
10109622VITORJ_2025-02-17_G25,10109622VITORJ,2025-02-17,160055,1,2,0,89.0
10109622VITORJ_2025-02-17_G26,10109622VITORJ,2025-02-17,160054,1,6,0,130.0
10109622VITORJ_2025-02-17_G27,10109622VITORJ,2025-02-17,160052,1,2,0,65.0
10109622VITORJ_2025-02-17_G28,10109622VITORJ,2025-02-17,110740,1,200,0,935.0
10109622VITORJ_2025-02-17_G29,10109622VITORJ,2025-02-17,111602,1,6,0,1387.0
10109622VITORJ_2025-02-17_G30,10109622VITORJ,2025-02-17,111443,1,2,0,139.0
10109622VITORJ_2025-02-17_G31,10109622VITORJ,2025-02-17,111466,1,10,0,155.0
10109622VITORJ_2025-02-17_G32,10109622VITORJ,2025-02-17,109641,1,1,0,110.0
10109622VITORJ_2025-02-17_G33,10109622VITORJ,2025-02-17,118299,1,37,0,318.0
10109622VITORJ_2025-02-17_G34,10109622VITORJ,2025-02-17,117808,1,31,0,384.0
10109622VITORJ_2025-02-17_G35,10109622VITORJ,2025-02-17,111602,2,18,12,510.0
10109622VITORJ_2025-02-17_G36,10109622VITORJ,2025-02-17,107629,1,4,0,128.0
10109622VITORJ_2025-02-17_G37,10109622VITORJ,2025-02-17,"111443, 110743",2,6,7,137.0
10109622VITORJ_2025-02-17_G38,10109622VITORJ,2025-02-17,117831,1,4,0,85.0
10109622VITORJ_2025-02-17_G39,10109622VITORJ,2025-02-17,117831,1,7,0,77.0
10109622VITORJ_2025-02-17_G40,10109622VITORJ,2025-02-17,111466,1,9,0,190.0
10109622VITORJ_2025-02-17_G41,10109622VITORJ,2025-02-17,140922,1,3,0,155.0
10109622VITORJ_2025-02-17_G42,10109622VITORJ,2025-02-17,117785,1,2,0,335.0
10109622VITORJ_2025-02-17_G43,10109622VITORJ,2025-02-17,111469,1,4,0,163.0
10109622VITORJ_2025-02-17_G44,10109622VITORJ,2025-02-17,118299,1,1,0,141.0
10109622VITORJ_2025-02-17_G45,10109622VITORJ,2025-02-17,117808,1,23,0,213.0
10109622VITORJ_2025-02-17_G46,10109622VITORJ,2025-02-17,"110895, 100334",2,8,5,614.0
10109622VITORJ_2025-02-17_G47,10109622VITORJ,2025-02-17,111861,1,2,0,85.0
10109622VITORJ_2025-02-17_G48,10109622VITORJ,2025-02-17,118094,1,3,0,164.0
10109622VITORJ_2025-02-17_G49,10109622VITORJ,2025-02-17,117788,1,12,0,114.0
10109622VITORJ_2025-02-17_G50,10109622VITORJ,2025-02-17,105705,1,10,0,213.0
10109622VITORJ_2025-02-17_G51,10109622VITORJ,2025-02-17,111532,1,8,0,285.0
10109622VITORJ_2025-02-17_G53,10109622VITORJ,2025-02-17,108798,1,30,0,428.0
10109622VITORJ_2025-02-17_G54,10109622VITORJ,2025-02-17,105705,1,6,0,143.0
10109622VITORJ_2025-02-17_G55,10109622VITORJ,2025-02-17,110371,1,20,0,96.0
10109622VITORJ_2025-02-17_G56,10109622VITORJ,2025-02-17,110787,1,40,0,570.0
10109622VITORJ_2025-02-17_G57,10109622VITORJ,2025-02-17,110325,1,10,0,240.0
10109622VITORJ_2025-02-17_G58,10109622VITORJ,2025-02-17,107830,1,10,0,117.0
10109622VITORJ_2025-02-17_G59,10109622VITORJ,2025-02-17,109747,1,10,0,100.0
10109622VITORJ_2025-02-17_G60,10109622VITORJ,2025-02-17,109643,1,20,0,414.0
10109622VITORJ_2025-02-17_G61,10109622VITORJ,2025-02-17,117832,1,60,0,470.0
10109622VITORJ_2025-02-17_G62,10109622VITORJ,2025-02-17,117809,1,50,0,487.0
10109622VITORJ_2025-02-17_G63,10109622VITORJ,2025-02-17,117820,1,60,0,502.0
10109622VITORJ_2025-02-18_G02,10109622VITORJ,2025-02-18,111439,1,4,0,253.0
10109622VITORJ_2025-02-18_G03,10109622VITORJ,2025-02-18,118140,1,8,0,141.0
10109622VITORJ_2025-02-18_G04,10109622VITORJ,2025-02-18,110752,1,8,0,269.0
10109622VITORJ_2025-02-18_G05,10109622VITORJ,2025-02-18,111330,1,20,0,416.0
10109622VITORJ_2025-02-18_G06,10109622VITORJ,2025-02-18,110515,1,12,0,214.0
10109622VITORJ_2025-02-18_G07,10109622VITORJ,2025-02-18,110313,1,15,0,367.0
10109622VITORJ_2025-02-18_G08,10109622VITORJ,2025-02-18,111330,1,12,0,240.0
10109622VITORJ_2025-02-18_G09,10109622VITORJ,2025-02-18,109640,1,8,0,1981.0
10109622VITORJ_2025-02-18_G10,10109622VITORJ,2025-02-18,111182,1,4,0,98.0
10109622VITORJ_2025-02-18_G11,10109622VITORJ,2025-02-18,108759,1,4,0,88.0
10109622VITORJ_2025-02-18_G12,10109622VITORJ,2025-02-18,111602,1,5,0,68.0
10109622VITORJ_2025-02-18_G13,10109622VITORJ,2025-02-18,110752,1,4,0,463.0
10109622VITORJ_2025-02-18_G14,10109622VITORJ,2025-02-18,117855,1,8,0,65.0
10109622VITORJ_2025-02-18_G15,10109622VITORJ,2025-02-18,111530,1,6,0,224.0
10109622VITORJ_2025-02-18_G16,10109622VITORJ,2025-02-18,140922,1,8,0,89.0
10109622VITORJ_2025-02-18_G17,10109622VITORJ,2025-02-18,117820,1,8,0,107.0
10109622VITORJ_2025-02-18_G19,10109622VITORJ,2025-02-18,117808,1,803,0,2071.0
10109622VITORJ_2025-02-18_G20,10109622VITORJ,2025-02-18,110372,1,450,0,148.0
10109622VITORJ_2025-02-18_G21,10109622VITORJ,2025-02-18,110371,1,300,0,332.0
10109622VITORJ_2025-02-20_G02,10109622VITORJ,2025-02-20,118299,1,941,0,2571.0
10109622VITORJ_2025-02-20_G03,10109622VITORJ,2025-02-20,111466,1,215,0,1131.0
10109622VITORJ_2025-02-20_G06,10109622VITORJ,2025-02-20,110745,1,3,0,532.0
10109622VITORJ_2025-02-20_G07,10109622VITORJ,2025-02-20,114091,1,4,0,165.0
10109622VITORJ_2025-02-20_G08,10109622VITORJ,2025-02-20,111418,1,8,0,166.0
10109622VITORJ_2025-02-20_G09,10109622VITORJ,2025-02-20,140922,1,4,0,115.0
10109622VITORJ_2025-02-20_G10,10109622VITORJ,2025-02-20,110740,1,2,0,56.0
10109622VITORJ_2025-02-20_G11,10109622VITORJ,2025-02-20,118140,1,3,0,111.0
10109622VITORJ_2025-02-20_G12,10109622VITORJ,2025-02-20,117821,1,4,0,138.0
10109622VITORJ_2025-02-20_G13,10109622VITORJ,2025-02-20,111462,1,2,0,49.0
10109622VITORJ_2025-02-20_G14,10109622VITORJ,2025-02-20,110372,1,16,0,737.0
10109622VITORJ_2025-02-20_G15,10109622VITORJ,2025-02-20,117832,1,4,0,224.0
10109622VITORJ_2025-02-20_G16,10109622VITORJ,2025-02-20,117820,1,20,0,257.0
10109622VITORJ_2025-02-20_G17,10109622VITORJ,2025-02-20,110373,1,16,0,417.0
10109622VITORJ_2025-02-20_G18,10109622VITORJ,2025-02-20,111569,1,2,0,163.0
10109622VITORJ_2025-02-20_G19,10109622VITORJ,2025-02-20,140922,1,2,0,111.0
10109622VITORJ_2025-02-21_G02,10109622VITORJ,2025-02-21,"111469, 111418, 110129, 118140, 117831, 111466",6,19,38,1184.0
10109622VITORJ_2025-02-22_G02,10109622VITORJ,2025-02-22,109645,1,4,0,194.0
10109622VITORJ_2025-02-22_G03,10109622VITORJ,2025-02-22,111433,1,4,0,732.0
10109622VITORJ_2025-02-22_G04,10109622VITORJ,2025-02-22,111569,1,2,0,200.0
10109622VITORJ_2025-02-22_G05,10109622VITORJ,2025-02-22,110372,1,1,0,104.0
10109622VITORJ_2025-02-22_G06,10109622VITORJ,2025-02-22,118299,1,11,0,145.0
10109622VITORJ_2025-02-22_G07,10109622VITORJ,2025-02-22,109747,1,4,0,140.0
10109622VITORJ_2025-02-22_G08,10109622VITORJ,2025-02-22,110787,1,12,0,560.0
10109622VITORJ_2025-02-22_G09,10109622VITORJ,2025-02-22,111466,1,12,0,327.0
10109622VITORJ_2025-02-22_G10,10109622VITORJ,2025-02-22,110787,1,3,0,326.0
10109622VITORJ_2025-02-22_G11,10109622VITORJ,2025-02-22,117838,1,4,0,133.0
10109622VITORJ_2025-02-22_G12,10109622VITORJ,2025-02-22,110373,1,4,0,149.0
10109622VITORJ_2025-02-22_G13,10109622VITORJ,2025-02-22,111850,1,8,0,1034.0
10109622VITORJ_2025-02-22_G14,10109622VITORJ,2025-02-22,103149,1,2,0,222.0
10109622VITORJ_2025-02-22_G15,10109622VITORJ,2025-02-22,110515,1,12,0,253.0
10109622VITORJ_2025-02-22_G16,10109622VITORJ,2025-02-22,111463,1,8,0,151.0
10109622VITORJ_2025-02-22_G18,10109622VITORJ,2025-02-22,"110372, 118299, 117808, 109643, 117809",5,36,20,49.0
10109622VITORJ_2025-02-22_G19,10109622VITORJ,2025-02-22,"117837, 118140, 111466, 111469",4,16,28,859.0
10109622VITORJ_2025-02-22_G20,10109622VITORJ,2025-02-22,"108759, 111602, 117785, 118140, 117831",5,26,33,916.0
10109622VITORJ_2025-02-22_G21,10109622VITORJ,2025-02-22,"117820, 117832",2,5,9,1654.0
10109622VITORJ_2025-02-22_G22,10109622VITORJ,2025-02-22,"118004, 111743, 110745, 117785, 108795, 117831, 117821, 111466, 110743, 111348, 107236",14,132,91,3034.0
10109622VITORJ_2025-02-22_G23,10109622VITORJ,2025-02-22,110325,1,10,0,229.0
10109622VITORJ_2025-02-22_G24,10109622VITORJ,2025-02-22,"107830, 117832",2,20,30,39.0
10109622VITORJ_2025-02-23_G02,10109622VITORJ,2025-02-23,110743,1,16,0,1459.0
10109622VITORJ_2025-02-23_G03,10109622VITORJ,2025-02-23,111348,1,5,0,280.0
10109622VITORJ_2025-02-24_G02,10109622VITORJ,2025-02-24,110313,1,8,0,995.0
10109622VITORJ_2025-02-24_G03,10109622VITORJ,2025-02-24,110755,1,4,0,322.0
10109622VITORJ_2025-02-24_G04,10109622VITORJ,2025-02-24,118222,1,10,0,745.0
10109622VITORJ_2025-02-24_G05,10109622VITORJ,2025-02-24,111602,1,20,0,274.0
10109622VITORJ_2025-02-24_G06,10109622VITORJ,2025-02-24,110515,1,12,0,222.0
10109622VITORJ_2025-02-24_G07,10109622VITORJ,2025-02-24,"111469, 108794, 111532, 118140, 111466",6,99,58,1827.0
10109622VITORJ_2025-02-24_G08,10109622VITORJ,2025-02-24,"111463, 118140, 111469, 118299",4,40,36,1431.0
10109622VITORJ_2025-02-24_G10,10109622VITORJ,2025-02-24,110755,1,2,0,463.0
10109622VITORJ_2025-02-24_G11,10109622VITORJ,2025-02-24,110755,1,2,0,33.0
10109622VITORJ_2025-02-24_G12,10109622VITORJ,2025-02-24,110313,1,5,0,309.0
10109622VITORJ_2025-02-24_G13,10109622VITORJ,2025-02-24,"118222, 110755, 117785, 117831, 111469",5,80,56,3225.0
10109622VITORJ_2025-02-24_G14,10109622VITORJ,2025-02-24,"109640, 110752",2,12,12,45.0
10109622VITORJ_2025-02-24_G15,10109622VITORJ,2025-02-24,110755,1,6,0,1158.0
10109622VITORJ_2025-02-24_G16,10109622VITORJ,2025-02-24,110752,1,6,0,129.0
10109622VITORJ_2025-02-24_G17,10109622VITORJ,2025-02-24,118403,1,1,0,403.0
10109622VITORJ_2025-02-24_G18,10109622VITORJ,2025-02-24,110515,1,8,0,187.0
10109622VITORJ_2025-02-24_G19,10109622VITORJ,2025-02-24,141047,1,6,0,145.0
10109622VITORJ_2025-02-24_G20,10109622VITORJ,2025-02-24,110339,1,11,0,290.0
10109622VITORJ_2025-02-24_G21,10109622VITORJ,2025-02-24,117832,1,6,0,116.0
10109622VITORJ_2025-02-24_G22,10109622VITORJ,2025-02-24,110373,1,20,0,338.0
10109622VITORJ_2025-02-24_G23,10109622VITORJ,2025-02-24,117808,1,10,0,267.0
10109622VITORJ_2025-02-26_G02,10109622VITORJ,2025-02-26,140911,1,8,0,241.0
10109622VITORJ_2025-02-26_G03,10109622VITORJ,2025-02-26,"110515, 109647",3,54,21,2369.0
10109622VITORJ_2025-02-26_G04,10109622VITORJ,2025-02-26,110752,1,24,0,432.0
10109622VITORJ_2025-02-26_G06,10109622VITORJ,2025-02-26,"117785, 105705, 108794, 117821, 111463, 118004, 111442",9,997,59,2791.0
10109622VITORJ_2025-02-26_G07,10109622VITORJ,2025-02-26,105705,1,10,0,2095.0
10109622VITORJ_2025-02-26_G08,10109622VITORJ,2025-02-26,"111348, 111463, 111532, 111462, 110339",5,20,44,1233.0
10109622VITORJ_2025-02-26_G09,10109622VITORJ,2025-02-26,110372,1,2,0,113.0
10109622VITORJ_2025-02-26_G10,10109622VITORJ,2025-02-26,110371,1,123,0,1648.0
10109622VITORJ_2025-02-26_G11,10109622VITORJ,2025-02-26,110374,1,216,0,414.0
10109622VITORJ_2025-02-26_G12,10109622VITORJ,2025-02-26,110373,1,90,0,456.0
10109622VITORJ_2025-02-27_G02,10109622VITORJ,2025-02-27,107892,1,10,0,3232.0
10109622VITORJ_2025-02-27_G03,10109622VITORJ,2025-02-27,109647,1,10,0,194.0
10109622VITORJ_2025-02-27_G04,10109622VITORJ,2025-02-27,110733,1,4,0,514.0
10109622VITORJ_2025-02-27_G05,10109622VITORJ,2025-02-27,110733,1,4,0,39.0
10109622VITORJ_2025-02-27_G06,10109622VITORJ,2025-02-27,110733,1,4,0,42.0
10109622VITORJ_2025-02-27_G07,10109622VITORJ,2025-02-27,117935,1,8,0,136.0
10109622VITORJ_2025-02-27_G08,10109622VITORJ,2025-02-27,141047,1,12,0,560.0
10109622VITORJ_2025-02-27_G09,10109622VITORJ,2025-02-27,111530,1,15,0,277.0
10109622VITORJ_2025-02-27_G11,10109622VITORJ,2025-02-27,108736,1,24,0,576.0
10109622VITORJ_2025-02-27_G12,10109622VITORJ,2025-02-27,117831,1,24,0,260.0
10109622VITORJ_2025-02-27_G13,10109622VITORJ,2025-02-27,105705,1,1,0,71.0
10109622VITORJ_2025-02-27_G14,10109622VITORJ,2025-02-27,111465,1,4,0,72.0
10109622VITORJ_2025-02-27_G15,10109622VITORJ,2025-02-27,108794,1,24,0,440.0
10109622VITORJ_2025-02-27_G16,10109622VITORJ,2025-02-27,160054,1,5,0,258.0
10109622VITORJ_2025-02-27_G17,10109622VITORJ,2025-02-27,117822,1,20,0,217.0
10109622VITORJ_2025-02-27_G18,10109622VITORJ,2025-02-27,110371,1,50,0,1238.0
10109622VITORJ_2025-02-27_G19,10109622VITORJ,2025-02-27,160053,1,5,0,606.0
10109622VITORJ_2025-02-27_G20,10109622VITORJ,2025-02-27,118299,1,200,0,1169.0
10109622VITORJ_2025-02-27_G21,10109622VITORJ,2025-02-27,117808,1,200,0,1525.0
10109622VITORJ_2025-02-27_G22,10109622VITORJ,2025-02-27,"110733, 111602, 109640, 141047, 110515",7,40,29,3271.0
10109622VITORJ_2025-02-28_G02,10109622VITORJ,2025-02-28,"110750, 117856, 117935, 110515, 117833, 117787, 111172, 118140",8,27,68,31.0
10109622VITORJ_2025-02-28_G04,10109622VITORJ,2025-02-28,"118223, 160051",2,4,15,1205.0
10109622VITORJ_2025-02-28_G05,10109622VITORJ,2025-02-28,"110747, 117856, 117855, 110515, 110339, 107629",6,37,51,1437.0
10109622VITORJ_2025-02-28_G06,10109622VITORJ,2025-02-28,"117838, 117833, 140922, 111468, 111418, 108736, 111465",7,24,43,1399.0
10109622VITORJ_2025-02-28_G07,10109622VITORJ,2025-02-28,"117822, 110372, 110374, 117830, 118299, 117832, 117809, 117820",8,36,44,1106.0
10109622VITORJ_2025-02-28_G08,10109622VITORJ,2025-02-28,"110371, 110374, 118299, 110373, 117808",5,38,34,1839.0
10109622VITORJ_2025-02-28_G09,10109622VITORJ,2025-02-28,110895,1,2,0,504.0
10109622VITORJ_2025-02-28_G10,10109622VITORJ,2025-02-28,111441,1,1,0,74.0
10109622VITORJ_2025-02-28_G11,10109622VITORJ,2025-02-28,117861,1,4,0,268.0
10109622VITORJ_2025-02-28_G12,10109622VITORJ,2025-02-28,117935,1,1,0,66.0
10109622VITORJ_2025-02-28_G13,10109622VITORJ,2025-02-28,110515,1,4,0,103.0
10109622VITORJ_2025-02-28_G15,10109622VITORJ,2025-02-28,110733,1,11,0,437.0
10109622VITORJ_2025-02-28_G16,10109622VITORJ,2025-02-28,110733,1,4,0,34.0
10109622VITORJ_2025-02-28_G17,10109622VITORJ,2025-02-28,109640,2,4,18,108.0
10109622VITORJ_2025-02-28_G18,10109622VITORJ,2025-02-28,117935,1,2,0,83.0
10109622VITORJ_2025-02-28_G19,10109622VITORJ,2025-02-28,118004,1,12,0,199.0
10109622VITORJ_2025-02-28_G20,10109622VITORJ,2025-02-28,111172,3,8,46,78.0
10109622VITORJ_2025-02-28_G21,10109622VITORJ,2025-02-28,111172,2,5,24,40.0
10109622VITORJ_2025-02-28_G22,10109622VITORJ,2025-02-28,111172,1,2,0,31.0
10109622VITORJ_2025-02-28_G23,10109622VITORJ,2025-02-28,118317,1,3,0,111.0
10109622VITORJ_2025-02-28_G24,10109622VITORJ,2025-02-28,111463,1,14,0,105.0
10109622VITORJ_2025-02-28_G25,10109622VITORJ,2025-02-28,111463,1,4,0,51.0
10109622VITORJ_2025-02-28_G26,10109622VITORJ,2025-02-28,108794,1,6,0,118.0
10109622VITORJ_2025-02-28_G27,10109622VITORJ,2025-02-28,117856,1,1,0,529.0
10109622VITORJ_2025-02-28_G28,10109622VITORJ,2025-02-28,111530,1,10,0,2039.0
10109622VITORJ_2025-02-28_G29,10109622VITORJ,2025-02-28,111463,1,20,0,160.0
10109622VITORJ_2025-02-28_G30,10109622VITORJ,2025-02-28,111466,1,20,0,294.0
10109622VITORJ_2025-02-28_G31,10109622VITORJ,2025-02-28,109640,1,2,0,748.0
10109622VITORJ_2025-02-28_G32,10109622VITORJ,2025-02-28,117935,1,2,0,83.0
10109622VITORJ_2025-02-28_G33,10109622VITORJ,2025-02-28,110733,1,1,0,399.0
10109622VITORJ_2025-02-28_G34,10109622VITORJ,2025-02-28,117786,1,2,0,412.0
10109622VITORJ_2025-02-28_G35,10109622VITORJ,2025-02-28,111182,1,6,0,420.0
10109622VITORJ_2025-02-28_G36,10109622VITORJ,2025-02-28,109645,1,10,0,788.0
10109622VITORJ_2025-02-28_G37,10109622VITORJ,2025-02-28,160053,1,4,0,159.0
10109622VITORJ_2025-02-28_G38,10109622VITORJ,2025-02-28,110313,1,20,0,2240.0
10109622VITORJ_2025-02-28_G39,10109622VITORJ,2025-02-28,110733,1,10,0,123.0
10109622VITORJ_2025-02-28_G40,10109622VITORJ,2025-02-28,111467,1,10,0,126.0
10109622VITORJ_2025-02-28_G41,10109622VITORJ,2025-02-28,110753,1,7,0,126.0
10109622VITORJ_2025-02-28_G42,10109622VITORJ,2025-02-28,110515,1,30,0,525.0
10109622VITORJ_2025-02-28_G43,10109622VITORJ,2025-02-28,111530,1,30,0,272.0
10109622VITORJ_2025-02-28_G44,10109622VITORJ,2025-02-28,110325,1,1,0,123.0
10109622VITORJ_2025-03-04_G02,10109622VITORJ,2025-03-04,110371,1,100,0,466.0
10109622VITORJ_2025-03-04_G03,10109622VITORJ,2025-03-04,118299,1,140,0,1346.0
10109622VITORJ_2025-03-04_G04,10109622VITORJ,2025-03-04,117832,1,40,0,134.0
10109622VITORJ_2025-03-05_G02,10109622VITORJ,2025-03-05,117833,1,28,0,1751.0
10109622VITORJ_2025-03-05_G03,10109622VITORJ,2025-03-05,117832,1,40,0,375.0
10109622VITORJ_2025-03-05_G04,10109622VITORJ,2025-03-05,110375,1,29,0,660.0
10109622VITORJ_2025-03-05_G05,10109622VITORJ,2025-03-05,117820,1,60,0,617.0
10109622VITORJ_2025-03-05_G06,10109622VITORJ,2025-03-05,118299,1,150,0,880.0
10109622VITORJ_2025-03-05_G08,10109622VITORJ,2025-03-05,160051,1,2,0,150.0
10109622VITORJ_2025-03-05_G09,10109622VITORJ,2025-03-05,160057,1,2,0,266.0
10109622VITORJ_2025-03-05_G10,10109622VITORJ,2025-03-05,160054,1,4,0,187.0
10109622VITORJ_2025-03-05_G11,10109622VITORJ,2025-03-05,118094,1,1,0,273.0
10109622VITORJ_2025-03-05_G12,10109622VITORJ,2025-03-05,117856,1,5,0,109.0
10109622VITORJ_2025-03-05_G13,10109622VITORJ,2025-03-05,117786,2,26,7,514.0
10109622VITORJ_2025-03-05_G14,10109622VITORJ,2025-03-05,117786,1,4,0,328.0
10109622VITORJ_2025-03-05_G15,10109622VITORJ,2025-03-05,118094,1,3,0,156.0
10109622VITORJ_2025-03-05_G16,10109622VITORJ,2025-03-05,117856,1,3,0,69.0
10109622VITORJ_2025-03-05_G17,10109622VITORJ,2025-03-05,110376,1,4,0,116.0
10109622VITORJ_2025-03-05_G18,10109622VITORJ,2025-03-05,110376,1,4,0,123.0
10109622VITORJ_2025-03-06_G02,10109622VITORJ,2025-03-06,117786,1,1,0,93.0
10109622VITORJ_2025-03-06_G03,10109622VITORJ,2025-03-06,117786,1,5,0,94.0
10109622VITORJ_2025-03-06_G04,10109622VITORJ,2025-03-06,160050,1,6,0,1879.0
10109622VITORJ_2025-03-06_G05,10109622VITORJ,2025-03-06,118094,1,4,0,285.0
10109622VITORJ_2025-03-06_G06,10109622VITORJ,2025-03-06,111435,1,1,0,141.0
10109622VITORJ_2025-03-06_G07,10109622VITORJ,2025-03-06,111348,1,2,0,245.0
10109622VITORJ_2025-03-06_G08,10109622VITORJ,2025-03-06,117855,1,4,0,1035.0
10109622VITORJ_2025-03-06_G09,10109622VITORJ,2025-03-06,111530,1,24,0,236.0
10109622VITORJ_2025-03-06_G10,10109622VITORJ,2025-03-06,111435,1,1,0,99.0
10109622VITORJ_2025-03-06_G11,10109622VITORJ,2025-03-06,118222,1,27,0,699.0
10109622VITORJ_2025-03-06_G12,10109622VITORJ,2025-03-06,117821,1,4,0,202.0
10109622VITORJ_2025-03-06_G13,10109622VITORJ,2025-03-06,118299,1,4,0,131.0
10109622VITORJ_2025-03-06_G14,10109622VITORJ,2025-03-06,117820,1,4,0,116.0
10109622VITORJ_2025-03-06_G15,10109622VITORJ,2025-03-06,110711,1,4,0,477.0
10109622VITORJ_2025-03-06_G16,10109622VITORJ,2025-03-06,109640,1,2,0,85.0
10109622VITORJ_2025-03-06_G17,10109622VITORJ,2025-03-06,109640,1,18,0,237.0
10109622VITORJ_2025-03-06_G18,10109622VITORJ,2025-03-06,117855,1,7,0,166.0
10109622VITORJ_2025-03-06_G19,10109622VITORJ,2025-03-06,110515,1,6,0,187.0
10109622VITORJ_2025-03-06_G21,10109622VITORJ,2025-03-06,111418,1,12,0,202.0
10109622VITORJ_2025-03-06_G22,10109622VITORJ,2025-03-06,117785,1,4,0,96.0
10109622VITORJ_2025-03-06_G23,10109622VITORJ,2025-03-06,108711,1,3,0,67.0
10109622VITORJ_2025-03-06_G24,10109622VITORJ,2025-03-06,110740,1,6,0,242.0
10109622VITORJ_2025-03-06_G25,10109622VITORJ,2025-03-06,110740,1,4,0,39.0
10109622VITORJ_2025-03-06_G26,10109622VITORJ,2025-03-06,111466,1,8,0,160.0
10109622VITORJ_2025-03-06_G27,10109622VITORJ,2025-03-06,111465,1,4,0,95.0
10109622VITORJ_2025-03-06_G28,10109622VITORJ,2025-03-06,117831,1,4,0,238.0
10109622VITORJ_2025-03-06_G29,10109622VITORJ,2025-03-06,105705,1,4,0,97.0
10109622VITORJ_2025-03-06_G30,10109622VITORJ,2025-03-06,117821,1,4,0,70.0
10109622VITORJ_2025-03-06_G31,10109622VITORJ,2025-03-06,111182,1,12,0,435.0
10109622VITORJ_2025-03-06_G32,10109622VITORJ,2025-03-06,109641,1,12,0,630.0
10109622VITORJ_2025-03-06_G33,10109622VITORJ,2025-03-06,110371,1,7,0,188.0
10109622VITORJ_2025-03-06_G34,10109622VITORJ,2025-03-06,117808,1,20,0,135.0
10109622VITORJ_2025-03-06_G35,10109622VITORJ,2025-03-06,117808,1,8,0,62.0
10109622VITORJ_2025-03-06_G36,10109622VITORJ,2025-03-06,118299,1,7,0,137.0
10109622VITORJ_2025-03-06_G37,10109622VITORJ,2025-03-06,110373,1,16,0,536.0
10109622VITORJ_2025-03-06_G38,10109622VITORJ,2025-03-06,117820,1,8,0,683.0
10109622VITORJ_2025-03-06_G39,10109622VITORJ,2025-03-06,117820,1,14,0,60.0
10109622VITORJ_2025-03-06_G40,10109622VITORJ,2025-03-06,111466,1,12,0,737.0
10109622VITORJ_2025-03-06_G41,10109622VITORJ,2025-03-06,105705,1,4,0,1026.0
10109622VITORJ_2025-03-06_G42,10109622VITORJ,2025-03-06,118094,1,4,0,256.0
10109622VITORJ_2025-03-06_G43,10109622VITORJ,2025-03-06,117836,1,4,0,1314.0
10109622VITORJ_2025-03-06_G44,10109622VITORJ,2025-03-06,110376,1,43,0,469.0
10109622VITORJ_2025-03-06_G45,10109622VITORJ,2025-03-06,111469,1,12,0,684.0
10109622VITORJ_2025-03-06_G47,10109622VITORJ,2025-03-06,108772,1,2,0,97.0
10109622VITORJ_2025-03-06_G48,10109622VITORJ,2025-03-06,110515,1,10,0,124.0
10109622VITORJ_2025-03-06_G49,10109622VITORJ,2025-03-06,111530,1,21,0,198.0
10109622VITORJ_2025-03-06_G50,10109622VITORJ,2025-03-06,111468,1,25,0,415.0
10109622VITORJ_2025-03-06_G51,10109622VITORJ,2025-03-06,111463,1,50,0,383.0
10109622VITORJ_2025-03-06_G52,10109622VITORJ,2025-03-06,118140,1,10,0,146.0
10109622VITORJ_2025-03-06_G53,10109622VITORJ,2025-03-06,111466,1,35,0,901.0
10109622VITORJ_2025-03-07_G02,10109622VITORJ,2025-03-07,111435,1,2,0,446.0
10109622VITORJ_2025-03-07_G03,10109622VITORJ,2025-03-07,111172,1,1,0,93.0
10109622VITORJ_2025-03-07_G04,10109622VITORJ,2025-03-07,111743,1,2,0,81.0
10109622VITORJ_2025-03-07_G05,10109622VITORJ,2025-03-07,110745,1,2,0,52.0
10109622VITORJ_2025-03-07_G06,10109622VITORJ,2025-03-07,108711,1,2,0,41.0
10109622VITORJ_2025-03-07_G07,10109622VITORJ,2025-03-07,117821,1,4,0,101.0
10109622VITORJ_2025-03-07_G08,10109622VITORJ,2025-03-07,111466,1,3,0,38.0
10109622VITORJ_2025-03-07_G09,10109622VITORJ,2025-03-07,117808,1,6,0,162.0
10109622VITORJ_2025-03-07_G10,10109622VITORJ,2025-03-07,110374,1,4,0,96.0
10109622VITORJ_2025-03-07_G11,10109622VITORJ,2025-03-07,117832,1,4,0,243.0
10109622VITORJ_2025-03-07_G12,10109622VITORJ,2025-03-07,109747,1,2,0,96.0
10109622VITORJ_2025-03-07_G13,10109622VITORJ,2025-03-07,109640,1,1,0,125.0
10109622VITORJ_2025-03-07_G14,10109622VITORJ,2025-03-07,141047,1,1,0,69.0
10109622VITORJ_2025-03-07_G15,10109622VITORJ,2025-03-07,117835,1,2,0,323.0
10109622VITORJ_2025-03-07_G16,10109622VITORJ,2025-03-07,117833,1,2,0,740.0
10109622VITORJ_2025-03-07_G17,10109622VITORJ,2025-03-07,111468,1,12,0,220.0
10109622VITORJ_2025-03-07_G18,10109622VITORJ,2025-03-07,111172,1,5,0,62.0
10109622VITORJ_2025-03-07_G19,10109622VITORJ,2025-03-07,110748,1,4,0,155.0
10109622VITORJ_2025-03-07_G20,10109622VITORJ,2025-03-07,117785,1,52,0,420.0
10109622VITORJ_2025-03-07_G21,10109622VITORJ,2025-03-07,108711,1,30,0,1042.0
10109622VITORJ_2025-03-07_G22,10109622VITORJ,2025-03-07,111462,1,52,0,600.0
10109622VITORJ_2025-03-07_G23,10109622VITORJ,2025-03-07,111465,1,9,0,603.0
10109622VITORJ_2025-03-07_G25,10109622VITORJ,2025-03-07,110313,1,4,0,75.0
10109622VITORJ_2025-03-07_G26,10109622VITORJ,2025-03-07,111418,1,10,0,137.0
10109622VITORJ_2025-03-07_G27,10109622VITORJ,2025-03-07,118140,1,10,0,108.0
10109622VITORJ_2025-03-07_G28,10109622VITORJ,2025-03-07,110374,1,10,0,149.0
10109622VITORJ_2025-03-07_G29,10109622VITORJ,2025-03-07,110372,1,10,0,131.0
10109622VITORJ_2025-03-07_G30,10109622VITORJ,2025-03-07,111430,1,5,0,542.0
10109622VITORJ_2025-03-07_G31,10109622VITORJ,2025-03-07,110747,1,5,0,98.0
10109622VITORJ_2025-03-07_G32,10109622VITORJ,2025-03-07,110895,1,4,0,79.0
10109622VITORJ_2025-03-07_G33,10109622VITORJ,2025-03-07,117935,1,7,0,408.0
10109622VITORJ_2025-03-07_G34,10109622VITORJ,2025-03-07,110752,1,4,0,673.0
10109622VITORJ_2025-03-07_G35,10109622VITORJ,2025-03-07,111431,1,4,0,213.0
10109622VITORJ_2025-03-07_G36,10109622VITORJ,2025-03-07,111435,1,6,0,130.0
10109622VITORJ_2025-03-07_G37,10109622VITORJ,2025-03-07,140922,1,8,0,133.0
10109622VITORJ_2025-03-07_G38,10109622VITORJ,2025-03-07,109641,1,8,0,134.0
10109622VITORJ_2025-03-07_G39,10109622VITORJ,2025-03-07,117838,1,2,0,132.0
10109622VITORJ_2025-03-07_G40,10109622VITORJ,2025-03-07,111418,1,20,0,521.0
10109622VITORJ_2025-03-07_G41,10109622VITORJ,2025-03-07,117821,1,10,0,417.0
10109622VITORJ_2025-03-07_G42,10109622VITORJ,2025-03-07,111465,1,10,0,86.0
10109622VITORJ_2025-03-07_G43,10109622VITORJ,2025-03-07,118299,1,20,0,918.0
10109622VITORJ_2025-03-07_G44,10109622VITORJ,2025-03-07,110374,1,10,0,127.0
10109622VITORJ_2025-03-07_G45,10109622VITORJ,2025-03-07,109643,1,10,0,184.0
10109622VITORJ_2025-03-07_G46,10109622VITORJ,2025-03-07,117820,1,20,0,956.0
10109622VITORJ_2025-03-07_G47,10109622VITORJ,2025-03-07,117856,1,2,0,231.0
10109622VITORJ_2025-03-07_G48,10109622VITORJ,2025-03-07,117856,1,4,0,83.0
10109622VITORJ_2025-03-07_G49,10109622VITORJ,2025-03-07,110741,1,6,0,152.0
10109622VITORJ_2025-03-07_G50,10109622VITORJ,2025-03-07,111435,1,4,0,121.0
10109622VITORJ_2025-03-07_G51,10109622VITORJ,2025-03-07,111465,1,2,0,374.0
10109622VITORJ_2025-03-07_G52,10109622VITORJ,2025-03-07,109641,1,4,0,154.0
10109622VITORJ_2025-03-07_G53,10109622VITORJ,2025-03-07,110733,1,6,0,155.0
10109622VITORJ_2025-03-07_G54,10109622VITORJ,2025-03-07,100334,1,6,0,199.0
10109622VITORJ_2025-03-07_G55,10109622VITORJ,2025-03-07,117836,1,4,0,150.0
10109622VITORJ_2025-03-07_G56,10109622VITORJ,2025-03-07,117836,1,2,0,57.0
10109622VITORJ_2025-03-07_G57,10109622VITORJ,2025-03-07,140922,1,4,0,133.0
10109622VITORJ_2025-03-07_G58,10109622VITORJ,2025-03-07,140922,1,6,0,57.0
10109622VITORJ_2025-03-07_G59,10109622VITORJ,2025-03-07,109641,1,2,0,62.0
10109622VITORJ_2025-03-07_G60,10109622VITORJ,2025-03-07,111463,1,8,0,194.0
10109622VITORJ_2025-03-07_G61,10109622VITORJ,2025-03-07,111469,1,4,0,103.0
10109622VITORJ_2025-03-07_G62,10109622VITORJ,2025-03-07,111469,3,60,11,932.0
10109622VITORJ_2025-03-08_G02,10109622VITORJ,2025-03-08,160056,1,30,0,901.0
10109622VITORJ_2025-03-08_G03,10109622VITORJ,2025-03-08,160055,1,20,0,418.0
10109622VITORJ_2025-03-08_G04,10109622VITORJ,2025-03-08,160054,1,40,0,1030.0
10109622VITORJ_2025-03-08_G05,10109622VITORJ,2025-03-08,160051,1,40,0,581.0
10109622VITORJ_2025-03-08_G06,10109622VITORJ,2025-03-08,109640,1,20,0,1403.0
10109622VITORJ_2025-03-08_G07,10109622VITORJ,2025-03-08,109641,1,16,0,364.0
10109622VITORJ_2025-03-08_G08,10109622VITORJ,2025-03-08,109645,1,13,0,323.0
10109622VITORJ_2025-03-08_G10,10109622VITORJ,2025-03-08,110747,1,4,0,660.0
10109622VITORJ_2025-03-08_G11,10109622VITORJ,2025-03-08,111850,1,4,0,333.0
10109622VITORJ_2025-03-08_G12,10109622VITORJ,2025-03-08,117935,1,12,0,677.0
10109622VITORJ_2025-03-08_G13,10109622VITORJ,2025-03-08,117935,1,12,0,136.0
10109622VITORJ_2025-03-08_G14,10109622VITORJ,2025-03-08,109640,1,40,0,933.0
10109622VITORJ_2025-03-08_G15,10109622VITORJ,2025-03-08,109641,1,36,0,1194.0
10109622VITORJ_2025-03-10_G02,10109622VITORJ,2025-03-10,110747,1,4,0,384.0
10109622VITORJ_2025-03-10_G03,10109622VITORJ,2025-03-10,108361,1,2,0,168.0
10109622VITORJ_2025-03-10_G04,10109622VITORJ,2025-03-10,117935,1,2,0,103.0
10109622VITORJ_2025-03-10_G05,10109622VITORJ,2025-03-10,111602,1,4,0,96.0
10109622VITORJ_2025-03-10_G06,10109622VITORJ,2025-03-10,110515,1,10,0,113.0
10109622VITORJ_2025-03-10_G07,10109622VITORJ,2025-03-10,118298,1,2,0,66.0
10109622VITORJ_2025-03-10_G08,10109622VITORJ,2025-03-10,111532,1,5,0,308.0
10109622VITORJ_2025-03-10_G09,10109622VITORJ,2025-03-10,111463,1,3,0,82.0
10109622VITORJ_2025-03-10_G10,10109622VITORJ,2025-03-10,110325,1,6,0,130.0
10109622VITORJ_2025-03-10_G11,10109622VITORJ,2025-03-10,117809,1,2,0,79.0
10109622VITORJ_2025-03-10_G12,10109622VITORJ,2025-03-10,109643,1,1,0,57.0
10109622VITORJ_2025-03-10_G13,10109622VITORJ,2025-03-10,117820,1,2,0,57.0
10109622VITORJ_2025-03-10_G14,10109622VITORJ,2025-03-10,109640,1,4,0,366.0
10109622VITORJ_2025-03-10_G15,10109622VITORJ,2025-03-10,109640,1,4,0,56.0
10109622VITORJ_2025-03-10_G16,10109622VITORJ,2025-03-10,108361,1,2,0,427.0
10109622VITORJ_2025-03-10_G17,10109622VITORJ,2025-03-10,117862,1,6,0,76.0
10109622VITORJ_2025-03-10_G18,10109622VITORJ,2025-03-10,117935,1,2,0,65.0
10109622VITORJ_2025-03-10_G19,10109622VITORJ,2025-03-10,111602,1,4,0,84.0
10109622VITORJ_2025-03-10_G20,10109622VITORJ,2025-03-10,141047,1,2,0,151.0
10109622VITORJ_2025-03-10_G21,10109622VITORJ,2025-03-10,111530,1,8,0,146.0
10109622VITORJ_2025-03-10_G22,10109622VITORJ,2025-03-10,108711,1,2,0,492.0
10109622VITORJ_2025-03-10_G23,10109622VITORJ,2025-03-10,117831,1,2,0,109.0
10109622VITORJ_2025-03-10_G24,10109622VITORJ,2025-03-10,117821,1,2,0,97.0
10109622VITORJ_2025-03-10_G25,10109622VITORJ,2025-03-10,111466,1,4,0,69.0
10109622VITORJ_2025-03-10_G26,10109622VITORJ,2025-03-10,111469,1,4,0,95.0
10109622VITORJ_2025-03-10_G27,10109622VITORJ,2025-03-10,111469,1,4,0,217.0
10109622VITORJ_2025-03-10_G28,10109622VITORJ,2025-03-10,111462,1,2,0,34.0
10109622VITORJ_2025-03-10_G29,10109622VITORJ,2025-03-10,110325,1,8,0,164.0
10109622VITORJ_2025-03-10_G30,10109622VITORJ,2025-03-10,110373,1,4,0,97.0
10109622VITORJ_2025-03-10_G31,10109622VITORJ,2025-03-10,117820,1,6,0,123.0
10109622VITORJ_2025-03-10_G32,10109622VITORJ,2025-03-10,109933,1,4,0,385.0
10109622VITORJ_2025-03-10_G33,10109622VITORJ,2025-03-10,115773,1,4,0,106.0
10109622VITORJ_2025-03-10_G34,10109622VITORJ,2025-03-10,118250,1,4,0,138.0
10109622VITORJ_2025-03-10_G35,10109622VITORJ,2025-03-10,117935,1,1,0,100.0
10109622VITORJ_2025-03-10_G36,10109622VITORJ,2025-03-10,109640,1,1,0,111.0
10109622VITORJ_2025-03-10_G37,10109622VITORJ,2025-03-10,117855,1,4,0,568.0
10109622VITORJ_2025-03-10_G38,10109622VITORJ,2025-03-10,117788,1,2,0,130.0
10109622VITORJ_2025-03-10_G40,10109622VITORJ,2025-03-10,116241,1,4,0,239.0
10109622VITORJ_2025-03-10_G41,10109622VITORJ,2025-03-10,117808,1,3,0,236.0
10109622VITORJ_2025-03-10_G42,10109622VITORJ,2025-03-10,110374,1,2,0,88.0
10109622VITORJ_2025-03-10_G43,10109622VITORJ,2025-03-10,117786,1,20,0,377.0
10109622VITORJ_2025-03-10_G44,10109622VITORJ,2025-03-10,111430,1,6,0,379.0
10109622VITORJ_2025-03-10_G45,10109622VITORJ,2025-03-10,110747,1,2,0,35.0
10109622VITORJ_2025-03-10_G46,10109622VITORJ,2025-03-10,117834,1,7,0,120.0
10109622VITORJ_2025-03-10_G47,10109622VITORJ,2025-03-10,111569,1,8,0,132.0
10109622VITORJ_2025-03-10_G48,10109622VITORJ,2025-03-10,110339,1,5,0,131.0
10109622VITORJ_2025-03-10_G49,10109622VITORJ,2025-03-10,111431,1,4,0,119.0
10109622VITORJ_2025-03-10_G50,10109622VITORJ,2025-03-10,111435,1,9,0,180.0
10109622VITORJ_2025-03-10_G51,10109622VITORJ,2025-03-10,111172,1,8,0,131.0
10109622VITORJ_2025-03-10_G52,10109622VITORJ,2025-03-10,111418,1,8,0,323.0
10109622VITORJ_2025-03-10_G53,10109622VITORJ,2025-03-10,110374,1,4,0,304.0
10109622VITORJ_2025-03-10_G54,10109622VITORJ,2025-03-10,110371,1,4,0,77.0
10109622VITORJ_2025-03-10_G55,10109622VITORJ,2025-03-10,110376,1,7,0,133.0
10109622VITORJ_2025-03-10_G56,10109622VITORJ,2025-03-10,110372,1,5,0,34.0
10109622VITORJ_2025-03-10_G57,10109622VITORJ,2025-03-10,110373,1,12,0,644.0
10109622VITORJ_2025-03-10_G58,10109622VITORJ,2025-03-10,111438,1,4,0,127.0
10109622VITORJ_2025-03-10_G59,10109622VITORJ,2025-03-10,110742,1,2,0,53.0
10109622VITORJ_2025-03-10_G60,10109622VITORJ,2025-03-10,108361,1,1,0,223.0
10109622VITORJ_2025-03-10_G61,10109622VITORJ,2025-03-10,117862,1,6,0,958.0
10109622VITORJ_2025-03-10_G62,10109622VITORJ,2025-03-10,117935,1,6,0,415.0
10109622VITORJ_2025-03-10_G63,10109622VITORJ,2025-03-10,107629,1,4,0,174.0
10109622VITORJ_2025-03-10_G64,10109622VITORJ,2025-03-10,117855,1,5,0,148.0
10109622VITORJ_2025-03-10_G65,10109622VITORJ,2025-03-10,141047,1,2,0,404.0
10109622VITORJ_2025-03-10_G66,10109622VITORJ,2025-03-10,108711,1,1,0,166.0
10109622VITORJ_2025-03-10_G67,10109622VITORJ,2025-03-10,117821,1,4,0,169.0
10109622VITORJ_2025-03-10_G68,10109622VITORJ,2025-03-10,111466,1,4,0,40.0
10109622VITORJ_2025-03-10_G69,10109622VITORJ,2025-03-10,111469,1,4,0,48.0
10109622VITORJ_2025-03-10_G70,10109622VITORJ,2025-03-10,111462,1,2,0,37.0
10109622VITORJ_2025-03-10_G71,10109622VITORJ,2025-03-10,111465,1,4,0,68.0
10109622VITORJ_2025-03-10_G72,10109622VITORJ,2025-03-10,110371,1,4,0,134.0
10109622VITORJ_2025-03-10_G73,10109622VITORJ,2025-03-10,110376,1,6,0,73.0
10109622VITORJ_2025-03-10_G74,10109622VITORJ,2025-03-10,117820,1,6,0,623.0
10109622VITORJ_2025-03-10_G75,10109622VITORJ,2025-03-10,118222,1,5,0,163.0
10109622VITORJ_2025-03-10_G76,10109622VITORJ,2025-03-10,109937,1,4,0,72.0
10109622VITORJ_2025-03-10_G77,10109622VITORJ,2025-03-10,110741,1,4,0,469.0
10109622VITORJ_2025-03-10_G78,10109622VITORJ,2025-03-10,110895,1,6,0,333.0
10109622VITORJ_2025-03-10_G79,10109622VITORJ,2025-03-10,110741,1,2,0,184.0
10109622VITORJ_2025-03-11_G02,10109622VITORJ,2025-03-11,117855,1,40,0,2504.0
10109622VITORJ_2025-03-11_G03,10109622VITORJ,2025-03-11,111463,1,120,0,963.0
10109622VITORJ_2025-03-11_G04,10109622VITORJ,2025-03-11,111463,1,120,0,450.0
10109622VITORJ_2025-03-11_G05,10109622VITORJ,2025-03-11,117808,1,80,0,544.0
10109622VITORJ_2025-03-11_G06,10109622VITORJ,2025-03-11,110372,1,200,0,654.0
10109622VITORJ_2025-03-11_G07,10109622VITORJ,2025-03-11,118299,1,80,0,1044.0
10109622VITORJ_2025-03-11_G09,10109622VITORJ,2025-03-11,111442,1,2,0,420.0
10109622VITORJ_2025-03-11_G10,10109622VITORJ,2025-03-11,111172,1,2,0,131.0
10109622VITORJ_2025-03-11_G11,10109622VITORJ,2025-03-11,111442,1,2,0,128.0
10109622VITORJ_2025-03-11_G12,10109622VITORJ,2025-03-11,111172,1,2,0,400.0
10109622VITORJ_2025-03-11_G13,10109622VITORJ,2025-03-11,110752,1,2,0,213.0
10109622VITORJ_2025-03-11_G14,10109622VITORJ,2025-03-11,111172,1,8,0,233.0
10109622VITORJ_2025-03-11_G15,10109622VITORJ,2025-03-11,110515,1,10,0,2387.0
10109622VITORJ_2025-03-11_G16,10109622VITORJ,2025-03-11,111530,1,10,0,657.0
10109622VITORJ_2025-03-11_G17,10109622VITORJ,2025-03-11,117935,1,4,0,139.0
10109622VITORJ_2025-03-11_G18,10109622VITORJ,2025-03-11,110376,1,4,0,60.0
10109622VITORJ_2025-03-11_G19,10109622VITORJ,2025-03-11,117830,1,4,0,220.0
10109622VITORJ_2025-03-11_G20,10109622VITORJ,2025-03-11,140956,1,12,0,538.0
10109622VITORJ_2025-03-11_G21,10109622VITORJ,2025-03-11,111348,1,3,0,1178.0
10109622VITORJ_2025-03-11_G22,10109622VITORJ,2025-03-11,108736,1,4,0,196.0
10109622VITORJ_2025-03-11_G23,10109622VITORJ,2025-03-11,111435,1,2,0,84.0
10109622VITORJ_2025-03-11_G24,10109622VITORJ,2025-03-11,107236,1,4,0,66.0
10109622VITORJ_2025-03-11_G25,10109622VITORJ,2025-03-11,117831,1,8,0,68.0
10109622VITORJ_2025-03-11_G26,10109622VITORJ,2025-03-11,110745,1,2,0,110.0
10109622VITORJ_2025-03-11_G27,10109622VITORJ,2025-03-11,108711,1,8,0,84.0
10109622VITORJ_2025-03-11_G28,10109622VITORJ,2025-03-11,117329,1,4,0,101.0
10109622VITORJ_2025-03-11_G29,10109622VITORJ,2025-03-11,110787,1,8,0,112.0
10109622VITORJ_2025-03-11_G30,10109622VITORJ,2025-03-11,118140,1,10,0,190.0
10109622VITORJ_2025-03-11_G31,10109622VITORJ,2025-03-11,109645,1,10,0,147.0
10109622VITORJ_2025-03-11_G32,10109622VITORJ,2025-03-11,105705,1,4,0,109.0
10109622VITORJ_2025-03-11_G33,10109622VITORJ,2025-03-11,117821,1,16,0,1542.0
10109622VITORJ_2025-03-11_G35,10109622VITORJ,2025-03-11,111530,1,25,0,536.0
10109622VITORJ_2025-03-11_G36,10109622VITORJ,2025-03-11,105242,1,9,0,142.0
10109622VITORJ_2025-03-11_G37,10109622VITORJ,2025-03-11,109640,1,23,0,166.0
10109622VITORJ_2025-03-11_G38,10109622VITORJ,2025-03-11,109640,1,8,0,34.0
10109622VITORJ_2025-03-11_G39,10109622VITORJ,2025-03-11,118403,1,12,0,1282.0
10109622VITORJ_2025-03-11_G40,10109622VITORJ,2025-03-11,118094,1,33,0,592.0
10109622VITORJ_2025-03-11_G41,10109622VITORJ,2025-03-11,110733,1,1,0,601.0
10109622VITORJ_2025-03-12_G02,10109622VITORJ,2025-03-12,110325,1,4,0,205.0
10109622VITORJ_2025-03-12_G03,10109622VITORJ,2025-03-12,117822,1,40,0,1251.0
10109622VITORJ_2025-03-12_G04,10109622VITORJ,2025-03-12,110372,1,1,0,41.0
10109622VITORJ_2025-03-12_G05,10109622VITORJ,2025-03-12,118299,1,8,0,375.0
10109622VITORJ_2025-03-12_G06,10109622VITORJ,2025-03-12,117832,1,2,0,49.0
10109622VITORJ_2025-03-12_G07,10109622VITORJ,2025-03-12,110373,1,9,0,98.0
10109622VITORJ_2025-03-12_G08,10109622VITORJ,2025-03-12,110375,1,100,0,711.0
10109622VITORJ_2025-03-12_G09,10109622VITORJ,2025-03-12,111743,1,4,0,306.0
10109622VITORJ_2025-03-12_G10,10109622VITORJ,2025-03-12,111743,1,3,0,215.0
10109622VITORJ_2025-03-12_G11,10109622VITORJ,2025-03-12,111466,1,4,0,94.0
10109622VITORJ_2025-03-12_G12,10109622VITORJ,2025-03-12,111466,1,4,0,40.0
10109622VITORJ_2025-03-12_G13,10109622VITORJ,2025-03-12,117841,1,19,0,492.0
10109622VITORJ_2025-03-12_G14,10109622VITORJ,2025-03-12,111462,1,60,0,821.0
10109622VITORJ_2025-03-12_G16,10109622VITORJ,2025-03-12,111569,1,2,0,78.0
10109622VITORJ_2025-03-12_G17,10109622VITORJ,2025-03-12,111569,1,2,0,55.0
10109622VITORJ_2025-03-12_G18,10109622VITORJ,2025-03-12,111532,1,4,0,416.0
10109622VITORJ_2025-03-12_G19,10109622VITORJ,2025-03-12,117785,1,6,0,293.0
10109622VITORJ_2025-03-12_G20,10109622VITORJ,2025-03-12,117785,1,2,0,81.0
10109622VITORJ_2025-03-12_G21,10109622VITORJ,2025-03-12,111463,1,4,0,223.0
10109622VITORJ_2025-03-12_G22,10109622VITORJ,2025-03-12,111466,2,14,28,112.0
10109622VITORJ_2025-03-12_G23,10109622VITORJ,2025-03-12,118004,1,2,0,111.0
10109622VITORJ_2025-03-12_G24,10109622VITORJ,2025-03-12,117833,1,4,0,57.0
10109622VITORJ_2025-03-12_G25,10109622VITORJ,2025-03-12,109641,2,6,25,77.0
10109622VITORJ_2025-03-12_G26,10109622VITORJ,2025-03-12,118140,1,4,0,179.0
10109622VITORJ_2025-03-12_G27,10109622VITORJ,2025-03-12,111418,2,11,25,135.0
10109622VITORJ_2025-03-12_G28,10109622VITORJ,2025-03-12,108711,1,4,0,104.0
10109622VITORJ_2025-03-12_G29,10109622VITORJ,2025-03-12,110740,1,2,0,61.0
10109622VITORJ_2025-03-12_G30,10109622VITORJ,2025-03-12,110787,1,4,0,103.0
10109622VITORJ_2025-03-12_G31,10109622VITORJ,2025-03-12,110787,1,2,0,43.0
10109622VITORJ_2025-03-12_G32,10109622VITORJ,2025-03-12,109645,1,10,0,386.0
10109622VITORJ_2025-03-12_G33,10109622VITORJ,2025-03-12,117821,1,4,0,73.0
10109622VITORJ_2025-03-12_G34,10109622VITORJ,2025-03-12,111465,1,2,0,48.0
10109622VITORJ_2025-03-12_G35,10109622VITORJ,2025-03-12,117808,1,50,0,90.0
10109622VITORJ_2025-03-12_G36,10109622VITORJ,2025-03-12,110371,1,12,0,658.0
10109622VITORJ_2025-03-12_G37,10109622VITORJ,2025-03-12,110371,1,2,0,38.0
10109622VITORJ_2025-03-12_G38,10109622VITORJ,2025-03-12,110372,1,18,0,213.0
10109622VITORJ_2025-03-12_G39,10109622VITORJ,2025-03-12,110372,1,12,0,414.0
10109622VITORJ_2025-03-12_G40,10109622VITORJ,2025-03-12,117809,2,8,20,83.0
10109622VITORJ_2025-03-12_G41,10109622VITORJ,2025-03-12,118299,1,10,0,215.0
10109622VITORJ_2025-03-12_G42,10109622VITORJ,2025-03-12,118299,1,12,0,51.0
10109622VITORJ_2025-03-12_G43,10109622VITORJ,2025-03-12,117830,2,7,20,482.0
10109622VITORJ_2025-03-12_G44,10109622VITORJ,2025-03-12,109643,1,4,0,169.0
10109622VITORJ_2025-03-12_G45,10109622VITORJ,2025-03-12,117832,1,4,0,475.0
10109622VITORJ_2025-03-12_G46,10109622VITORJ,2025-03-12,110374,1,8,0,1330.0
10109622VITORJ_2025-03-12_G47,10109622VITORJ,2025-03-12,117820,1,18,0,184.0
10109622VITORJ_2025-03-12_G48,10109622VITORJ,2025-03-12,117820,1,5,0,48.0
10109622VITORJ_2025-03-12_G49,10109622VITORJ,2025-03-12,110373,2,31,5,1816.0
10109622VITORJ_2025-03-12_G50,10109622VITORJ,2025-03-12,109647,1,2,0,135.0
10109622VITORJ_2025-03-12_G51,10109622VITORJ,2025-03-12,118094,2,8,25,97.0
10109622VITORJ_2025-03-12_G52,10109622VITORJ,2025-03-12,111602,1,2,0,84.0
10109622VITORJ_2025-03-12_G53,10109622VITORJ,2025-03-12,117861,1,4,0,116.0
10109622VITORJ_2025-03-12_G54,10109622VITORJ,2025-03-12,117786,1,6,0,81.0
10109622VITORJ_2025-03-12_G55,10109622VITORJ,2025-03-12,110515,1,4,0,101.0
10109622VITORJ_2025-03-12_G56,10109622VITORJ,2025-03-12,111530,1,2,0,41.0
10109622VITORJ_2025-03-12_G57,10109622VITORJ,2025-03-12,110711,1,1,0,65.0
10109622VITORJ_2025-03-12_G58,10109622VITORJ,2025-03-12,109640,1,6,0,121.0
10109622VITORJ_2025-03-12_G59,10109622VITORJ,2025-03-12,109640,1,6,0,46.0
10109622VITORJ_2025-03-12_G61,10109622VITORJ,2025-03-12,118306,1,4,0,123.0
10109622VITORJ_2025-03-12_G62,10109622VITORJ,2025-03-12,109647,1,6,0,1238.0
10109622VITORJ_2025-03-12_G63,10109622VITORJ,2025-03-12,118094,1,3,0,122.0
10109622VITORJ_2025-03-12_G64,10109622VITORJ,2025-03-12,111602,1,54,0,570.0
10109622VITORJ_2025-03-12_G65,10109622VITORJ,2025-03-12,117786,1,2,0,94.0
10109622VITORJ_2025-03-12_G66,10109622VITORJ,2025-03-12,111182,1,6,0,246.0
10109622VITORJ_2025-03-12_G67,10109622VITORJ,2025-03-12,110743,1,2,0,474.0
10109622VITORJ_2025-03-12_G68,10109622VITORJ,2025-03-12,111348,1,2,0,55.0
10109622VITORJ_2025-03-12_G69,10109622VITORJ,2025-03-12,111463,2,50,28,268.0
10109622VITORJ_2025-03-13_G02,10109622VITORJ,2025-03-13,111435,1,44,0,196.0
10109622VITORJ_2025-03-13_G03,10109622VITORJ,2025-03-13,117831,1,19,0,1059.0
10109622VITORJ_2025-03-13_G04,10109622VITORJ,2025-03-13,140922,1,16,0,371.0
10109622VITORJ_2025-03-13_G05,10109622VITORJ,2025-03-13,117785,1,4,0,266.0
10109622VITORJ_2025-03-13_G06,10109622VITORJ,2025-03-13,118140,1,80,0,439.0
10109622VITORJ_2025-03-13_G07,10109622VITORJ,2025-03-13,118140,1,2,0,78.0
10109622VITORJ_2025-03-13_G08,10109622VITORJ,2025-03-13,110745,1,8,0,407.0
10109622VITORJ_2025-03-13_G09,10109622VITORJ,2025-03-13,109645,1,10,0,147.0
10109622VITORJ_2025-03-13_G10,10109622VITORJ,2025-03-13,108794,1,4,0,62.0
10109622VITORJ_2025-03-13_G11,10109622VITORJ,2025-03-13,117821,1,42,0,73.0
10109622VITORJ_2025-03-13_G12,10109622VITORJ,2025-03-13,111462,1,30,0,1843.0
10109622VITORJ_2025-03-13_G13,10109622VITORJ,2025-03-13,110325,1,4,0,421.0
10109622VITORJ_2025-03-13_G14,10109622VITORJ,2025-03-13,117808,1,84,0,930.0
10109622VITORJ_2025-03-13_G15,10109622VITORJ,2025-03-13,110371,1,14,0,319.0
10109622VITORJ_2025-03-13_G17,10109622VITORJ,2025-03-13,118299,1,2,0,80.0
10109622VITORJ_2025-03-13_G18,10109622VITORJ,2025-03-13,110372,2,92,23,1159.0
10109622VITORJ_2025-03-13_G19,10109622VITORJ,2025-03-13,117809,1,8,0,50.0
10109622VITORJ_2025-03-13_G20,10109622VITORJ,2025-03-13,117830,1,3,0,80.0
10109622VITORJ_2025-03-13_G21,10109622VITORJ,2025-03-13,109643,1,34,0,596.0
10109622VITORJ_2025-03-13_G22,10109622VITORJ,2025-03-13,117832,1,4,0,165.0
10109622VITORJ_2025-03-13_G23,10109622VITORJ,2025-03-13,110373,1,30,0,195.0
10109622VITORJ_2025-03-13_G24,10109622VITORJ,2025-03-13,110373,1,4,0,73.0
10109622VITORJ_2025-03-13_G25,10109622VITORJ,2025-03-13,110374,1,5,0,404.0
10109622VITORJ_2025-03-13_G26,10109622VITORJ,2025-03-13,117820,1,91,0,641.0
10109622VITORJ_2025-03-13_G27,10109622VITORJ,2025-03-13,117820,1,2,0,41.0
10109622VITORJ_2025-03-13_G28,10109622VITORJ,2025-03-13,110325,1,5,0,440.0
10109622VITORJ_2025-03-13_G29,10109622VITORJ,2025-03-13,110371,1,40,0,401.0
10109622VITORJ_2025-03-13_G30,10109622VITORJ,2025-03-13,118299,1,9,0,315.0
10109622VITORJ_2025-03-13_G31,10109622VITORJ,2025-03-13,110372,1,6,0,65.0
10109622VITORJ_2025-03-13_G32,10109622VITORJ,2025-03-13,109643,1,5,0,129.0
10109622VITORJ_2025-03-13_G33,10109622VITORJ,2025-03-13,117808,1,40,0,461.0
10109622VITORJ_2025-03-13_G34,10109622VITORJ,2025-03-13,117831,1,4,0,340.0
10109622VITORJ_2025-03-13_G35,10109622VITORJ,2025-03-13,118140,1,8,0,124.0
10109622VITORJ_2025-03-13_G36,10109622VITORJ,2025-03-13,117821,1,2,0,157.0
10109622VITORJ_2025-03-13_G37,10109622VITORJ,2025-03-13,111462,1,16,0,187.0
10109622VITORJ_2025-03-13_G38,10109622VITORJ,2025-03-13,109647,1,4,0,112.0
10109622VITORJ_2025-03-13_G39,10109622VITORJ,2025-03-13,118094,1,2,0,89.0
10109622VITORJ_2025-03-13_G40,10109622VITORJ,2025-03-13,111435,1,18,0,506.0
10109622VITORJ_2025-03-13_G41,10109622VITORJ,2025-03-13,110371,1,32,0,1630.0
10109622VITORJ_2025-03-13_G42,10109622VITORJ,2025-03-13,118299,1,91,0,885.0
10109622VITORJ_2025-03-13_G43,10109622VITORJ,2025-03-13,118299,1,2,0,446.0
10109622VITORJ_2025-03-13_G44,10109622VITORJ,2025-03-13,110372,1,46,0,274.0
10109622VITORJ_2025-03-13_G45,10109622VITORJ,2025-03-13,117820,1,1,0,102.0
10109622VITORJ_2025-03-13_G47,10109622VITORJ,2025-03-13,117862,1,78,0,1229.0
10109622VITORJ_2025-03-13_G48,10109622VITORJ,2025-03-13,110832,1,1,0,97.0
10109622VITORJ_2025-03-13_G49,10109622VITORJ,2025-03-13,110733,1,84,0,672.0
10109622VITORJ_2025-03-13_G50,10109622VITORJ,2025-03-13,107629,1,80,0,490.0
10109622VITORJ_2025-03-14_G02,10109622VITORJ,2025-03-14,117831,1,80,0,442.0
10109622VITORJ_2025-03-14_G03,10109622VITORJ,2025-03-14,140922,1,90,0,478.0
10109622VITORJ_2025-03-14_G04,10109622VITORJ,2025-03-14,111172,1,4,0,54.0
10109622VITORJ_2025-03-14_G05,10109622VITORJ,2025-03-14,110787,1,100,0,1104.0
10109622VITORJ_2025-03-14_G06,10109622VITORJ,2025-03-14,111465,1,90,0,539.0
10109622VITORJ_2025-03-14_G07,10109622VITORJ,2025-03-14,110325,1,90,0,461.0
10109622VITORJ_2025-03-14_G08,10109622VITORJ,2025-03-14,117809,1,210,0,1098.0
10109622VITORJ_2025-03-14_G09,10109622VITORJ,2025-03-14,109643,1,104,0,1197.0
10109622VITORJ_2025-03-14_G10,10109622VITORJ,2025-03-14,117832,1,110,0,591.0
10109622VITORJ_2025-03-14_G12,10109622VITORJ,2025-03-14,117862,2,30,16,2576.0
10109622VITORJ_2025-03-14_G13,10109622VITORJ,2025-03-14,141035,1,4,0,432.0
10109622VITORJ_2025-03-14_G14,10109622VITORJ,2025-03-14,118403,1,10,0,64.0
10109622VITORJ_2025-03-14_G15,10109622VITORJ,2025-03-14,118094,1,20,0,433.0
10109622VITORJ_2025-03-14_G16,10109622VITORJ,2025-03-14,118094,1,30,0,1160.0
10109622VITORJ_2025-03-14_G17,10109622VITORJ,2025-03-14,118094,1,20,0,195.0
10109622VITORJ_2025-03-14_G18,10109622VITORJ,2025-03-14,110313,1,20,0,503.0
10109622VITORJ_2025-03-14_G19,10109622VITORJ,2025-03-14,117856,2,38,14,764.0
10109622VITORJ_2025-03-14_G20,10109622VITORJ,2025-03-14,110733,1,30,0,627.0
10109622VITORJ_2025-03-14_G21,10109622VITORJ,2025-03-14,108772,1,8,0,1473.0
10109622VITORJ_2025-03-14_G22,10109622VITORJ,2025-03-14,108772,1,8,0,77.0
10109622VITORJ_2025-03-14_G23,10109622VITORJ,2025-03-14,111530,1,12,0,531.0
10109622VITORJ_2025-03-14_G24,10109622VITORJ,2025-03-14,110741,1,23,0,459.0
10109622VITORJ_2025-03-14_G25,10109622VITORJ,2025-03-14,117861,1,20,0,1017.0
10109622VITORJ_2025-03-14_G27,10109622VITORJ,2025-03-14,110325,1,70,0,1600.0
10109622VITORJ_2025-03-14_G28,10109622VITORJ,2025-03-14,110371,1,400,0,1390.0
10109622VITORJ_2025-03-15_G02,10109622VITORJ,2025-03-15,110372,1,300,0,564.0
10109622VITORJ_2025-03-15_G03,10109622VITORJ,2025-03-15,111443,1,4,0,532.0
10109622VITORJ_2025-03-15_G04,10109622VITORJ,2025-03-15,111441,1,24,0,689.0
10109622VITORJ_2025-03-15_G06,10109622VITORJ,2025-03-15,111330,1,16,0,429.0
10109622VITORJ_2025-03-15_G07,10109622VITORJ,2025-03-15,111438,1,4,0,1059.0
10109622VITORJ_2025-03-15_G08,10109622VITORJ,2025-03-15,111441,1,4,0,103.0
10109622VITORJ_2025-03-15_G09,10109622VITORJ,2025-03-15,111876,1,8,0,1188.0
10109622VITORJ_2025-03-15_G10,10109622VITORJ,2025-03-15,110325,1,8,0,646.0
10109622VITORJ_2025-03-15_G11,10109622VITORJ,2025-03-15,110371,1,48,0,318.0
10109622VITORJ_2025-03-15_G12,10109622VITORJ,2025-03-15,118299,1,4,0,428.0
10109622VITORJ_2025-03-15_G13,10109622VITORJ,2025-03-15,110376,1,4,0,60.0
10109622VITORJ_2025-03-15_G14,10109622VITORJ,2025-03-15,117808,1,24,0,186.0
10109622VITORJ_2025-03-15_G15,10109622VITORJ,2025-03-15,117809,1,24,0,205.0
10109622VITORJ_2025-03-15_G16,10109622VITORJ,2025-03-15,110372,1,76,0,1146.0
10109622VITORJ_2025-03-15_G17,10109622VITORJ,2025-03-15,109643,1,48,0,481.0
10109622VITORJ_2025-03-15_G18,10109622VITORJ,2025-03-15,110375,1,20,0,233.0
10109622VITORJ_2025-03-15_G19,10109622VITORJ,2025-03-15,110374,1,4,0,86.0
10109622VITORJ_2025-03-15_G20,10109622VITORJ,2025-03-15,117820,1,16,0,110.0
10109622VITORJ_2025-03-15_G21,10109622VITORJ,2025-03-15,110373,1,102,0,337.0
10109622VITORJ_2025-03-15_G22,10109622VITORJ,2025-03-15,111182,1,4,0,1911.0
10109622VITORJ_2025-03-15_G23,10109622VITORJ,2025-03-15,108711,1,56,0,901.0
10109622VITORJ_2025-03-15_G24,10109622VITORJ,2025-03-15,118140,1,76,0,361.0
10109622VITORJ_2025-03-16_G02,10109622VITORJ,2025-03-16,117856,1,4,0,117.0
10109622VITORJ_2025-03-16_G03,10109622VITORJ,2025-03-16,110733,1,8,0,110.0
10109622VITORJ_2025-03-16_G04,10109622VITORJ,2025-03-16,110515,1,20,0,581.0
10109622VITORJ_2025-03-16_G05,10109622VITORJ,2025-03-16,118317,1,8,0,100.0
10109622VITORJ_2025-03-16_G06,10109622VITORJ,2025-03-16,110740,1,4,0,69.0
10109622VITORJ_2025-03-16_G07,10109622VITORJ,2025-03-16,117808,1,14,0,222.0
10109622VITORJ_2025-03-16_G08,10109622VITORJ,2025-03-16,111438,1,18,0,474.0
10109622VITORJ_2025-03-16_G09,10109622VITORJ,2025-03-16,111438,1,2,0,69.0
10109622VITORJ_2025-03-16_G10,10109622VITORJ,2025-03-16,110515,1,22,0,340.0
10109622VITORJ_2025-03-16_G11,10109622VITORJ,2025-03-16,110371,1,5,0,584.0
10109622VITORJ_2025-03-17_G02,10109622VITORJ,2025-03-17,111438,1,4,0,93.0
10109622VITORJ_2025-03-17_G03,10109622VITORJ,2025-03-17,117835,1,6,0,436.0
10109622VITORJ_2025-03-17_G04,10109622VITORJ,2025-03-17,117809,1,2,0,101.0
10109622VITORJ_2025-03-17_G05,10109622VITORJ,2025-03-17,111438,1,5,0,646.0
10109622VITORJ_2025-03-17_G06,10109622VITORJ,2025-03-17,111569,1,4,0,131.0
10109622VITORJ_2025-03-17_G07,10109622VITORJ,2025-03-17,111602,1,5,0,223.0
10109622VITORJ_2025-03-17_G08,10109622VITORJ,2025-03-17,110515,1,13,0,796.0
10109622VITORJ_2025-03-17_G09,10109622VITORJ,2025-03-17,111530,1,4,0,73.0
10109622VITORJ_2025-03-17_G10,10109622VITORJ,2025-03-17,111463,1,3,0,130.0
10109622VITORJ_2025-03-17_G11,10109622VITORJ,2025-03-17,111466,1,2,0,123.0
10109622VITORJ_2025-03-17_G12,10109622VITORJ,2025-03-17,110743,1,4,0,89.0
10109622VITORJ_2025-03-17_G13,10109622VITORJ,2025-03-17,118299,1,4,0,68.0
10109622VITORJ_2025-03-17_G14,10109622VITORJ,2025-03-17,111438,1,2,0,303.0
10109622VITORJ_2025-03-17_G15,10109622VITORJ,2025-03-17,110515,1,9,0,169.0
10109622VITORJ_2025-03-17_G16,10109622VITORJ,2025-03-17,111443,1,12,0,184.0
10109622VITORJ_2025-03-17_G17,10109622VITORJ,2025-03-17,111438,1,16,0,393.0
10109622VITORJ_2025-03-17_G18,10109622VITORJ,2025-03-17,110515,1,5,0,147.0
10109622VITORJ_2025-03-17_G19,10109622VITORJ,2025-03-17,110895,1,14,0,588.0
10109622VITORJ_2025-03-17_G20,10109622VITORJ,2025-03-17,110515,1,3,0,233.0
10109622VITORJ_2025-03-17_G21,10109622VITORJ,2025-03-17,111443,1,3,0,140.0
10109622VITORJ_2025-03-17_G22,10109622VITORJ,2025-03-17,111330,1,2,0,450.0
10109622VITORJ_2025-03-17_G24,10109622VITORJ,2025-03-17,111532,1,2,0,79.0
10109622VITORJ_2025-03-17_G25,10109622VITORJ,2025-03-17,117785,1,8,0,114.0
10109622VITORJ_2025-03-17_G26,10109622VITORJ,2025-03-17,118140,1,39,0,650.0
10109622VITORJ_2025-03-17_G27,10109622VITORJ,2025-03-17,118140,1,2,0,38.0
10109622VITORJ_2025-03-17_G28,10109622VITORJ,2025-03-17,111418,1,20,0,251.0
10109622VITORJ_2025-03-17_G29,10109622VITORJ,2025-03-17,109645,1,3,0,97.0
10109622VITORJ_2025-03-17_G30,10109622VITORJ,2025-03-17,108794,1,2,0,60.0
10109622VITORJ_2025-03-17_G31,10109622VITORJ,2025-03-17,117808,1,53,0,531.0
10109622VITORJ_2025-03-17_G32,10109622VITORJ,2025-03-17,110373,1,11,0,139.0
10109622VITORJ_2025-03-17_G33,10109622VITORJ,2025-03-17,109643,1,6,0,97.0
10109622VITORJ_2025-03-17_G34,10109622VITORJ,2025-03-17,110374,1,4,0,92.0
10109622VITORJ_2025-03-17_G35,10109622VITORJ,2025-03-17,118094,1,2,0,176.0
10109622VITORJ_2025-03-17_G36,10109622VITORJ,2025-03-17,110515,1,10,0,826.0
10109622VITORJ_2025-03-17_G37,10109622VITORJ,2025-03-17,111438,1,2,0,494.0
10109622VITORJ_2025-03-17_G38,10109622VITORJ,2025-03-17,111569,1,21,0,403.0
10109622VITORJ_2025-03-17_G39,10109622VITORJ,2025-03-17,110747,1,4,0,106.0
10109622VITORJ_2025-03-17_G40,10109622VITORJ,2025-03-17,109937,1,2,0,98.0
10109622VITORJ_2025-03-17_G41,10109622VITORJ,2025-03-17,116527,1,6,0,127.0
10109622VITORJ_2025-03-17_G42,10109622VITORJ,2025-03-17,116527,1,4,0,39.0
10109622VITORJ_2025-03-17_G43,10109622VITORJ,2025-03-17,111530,1,11,0,241.0
10109622VITORJ_2025-03-17_G44,10109622VITORJ,2025-03-17,117820,1,50,0,874.0
10109622VITORJ_2025-03-17_G45,10109622VITORJ,2025-03-17,110373,1,3,0,156.0
10109622VITORJ_2025-03-17_G46,10109622VITORJ,2025-03-17,111441,1,2,0,523.0
10109622VITORJ_2025-03-17_G47,10109622VITORJ,2025-03-17,111469,1,2,0,103.0
10109622VITORJ_2025-03-17_G48,10109622VITORJ,2025-03-17,111418,1,20,0,1046.0
10109622VITORJ_2025-03-17_G49,10109622VITORJ,2025-03-17,110515,1,32,0,329.0
10109622VITORJ_2025-03-17_G50,10109622VITORJ,2025-03-17,111330,1,4,0,1074.0
10109622VITORJ_2025-03-17_G51,10109622VITORJ,2025-03-17,111441,2,4,26,172.0
10109622VITORJ_2025-03-17_G52,10109622VITORJ,2025-03-17,160054,1,1,0,79.0
10109622VITORJ_2025-03-17_G53,10109622VITORJ,2025-03-17,160051,1,6,0,109.0
10109622VITORJ_2025-03-17_G54,10109622VITORJ,2025-03-17,160055,1,2,0,130.0
10109622VITORJ_2025-03-17_G56,10109622VITORJ,2025-03-17,108759,1,5,0,240.0
10109622VITORJ_2025-03-17_G57,10109622VITORJ,2025-03-17,114097,1,6,0,182.0
10109622VITORJ_2025-03-17_G58,10109622VITORJ,2025-03-17,117789,1,1,0,87.0
10109622VITORJ_2025-03-17_G59,10109622VITORJ,2025-03-17,109647,1,11,0,731.0
10109622VITORJ_2025-03-17_G60,10109622VITORJ,2025-03-17,117853,1,12,0,69.0
10109622VITORJ_2025-03-17_G61,10109622VITORJ,2025-03-17,117853,1,20,0,256.0
10109622VITORJ_2025-03-17_G62,10109622VITORJ,2025-03-17,110313,1,133,0,1261.0
10109622VITORJ_2025-03-18_G02,10109622VITORJ,2025-03-18,118326,1,4,0,495.0
10109622VITORJ_2025-03-18_G03,10109622VITORJ,2025-03-18,111442,1,20,0,428.0
10109622VITORJ_2025-03-18_G04,10109622VITORJ,2025-03-18,109641,1,8,0,245.0
10109622VITORJ_2025-03-18_G05,10109622VITORJ,2025-03-18,117853,1,1,0,1626.0
10109622VITORJ_2025-03-18_G06,10109622VITORJ,2025-03-18,111469,1,2,0,71.0
10109622VITORJ_2025-03-18_G07,10109622VITORJ,2025-03-18,117853,1,2,0,128.0
10109622VITORJ_2025-03-18_G08,10109622VITORJ,2025-03-18,111441,1,5,0,149.0
10109622VITORJ_2025-03-18_G09,10109622VITORJ,2025-03-18,111441,1,11,0,734.0
10109622VITORJ_2025-03-18_G10,10109622VITORJ,2025-03-18,117853,1,4,0,452.0
10109622VITORJ_2025-03-18_G11,10109622VITORJ,2025-03-18,111441,1,10,0,167.0
10109622VITORJ_2025-03-18_G12,10109622VITORJ,2025-03-18,116241,1,3,0,653.0
10109622VITORJ_2025-03-18_G14,10109622VITORJ,2025-03-18,111469,2,16,26,284.0
10109622VITORJ_2025-03-18_G15,10109622VITORJ,2025-03-18,117831,1,5,0,159.0
10109622VITORJ_2025-03-18_G16,10109622VITORJ,2025-03-18,140922,1,3,0,67.0
10109622VITORJ_2025-03-18_G17,10109622VITORJ,2025-03-18,118140,1,2,0,85.0
10109622VITORJ_2025-03-18_G18,10109622VITORJ,2025-03-18,118317,1,4,0,83.0
10109622VITORJ_2025-03-18_G19,10109622VITORJ,2025-03-18,111462,1,9,0,69.0
10109622VITORJ_2025-03-18_G20,10109622VITORJ,2025-03-18,117821,1,8,0,290.0
10109622VITORJ_2025-03-18_G21,10109622VITORJ,2025-03-18,110787,1,4,0,126.0
10109622VITORJ_2025-03-18_G22,10109622VITORJ,2025-03-18,110787,1,2,0,33.0
10109622VITORJ_2025-03-18_G23,10109622VITORJ,2025-03-18,110740,1,2,0,116.0
10109622VITORJ_2025-03-18_G24,10109622VITORJ,2025-03-18,110740,1,16,0,484.0
10109622VITORJ_2025-03-18_G25,10109622VITORJ,2025-03-18,111466,1,4,0,722.0
10109622VITORJ_2025-03-18_G26,10109622VITORJ,2025-03-18,111466,1,62,0,43.0
10109622VITORJ_2025-03-18_G27,10109622VITORJ,2025-03-18,117785,1,80,0,358.0
10109622VITORJ_2025-03-18_G28,10109622VITORJ,2025-03-18,118140,1,30,0,479.0
10109622VITORJ_2025-03-18_G29,10109622VITORJ,2025-03-18,118094,1,8,0,390.0
10109622VITORJ_2025-03-18_G30,10109622VITORJ,2025-03-18,116241,1,8,0,217.0
10109622VITORJ_2025-03-18_G31,10109622VITORJ,2025-03-18,111469,1,2,0,80.0
10109622VITORJ_2025-03-18_G32,10109622VITORJ,2025-03-18,140922,1,4,0,132.0
10109622VITORJ_2025-03-18_G33,10109622VITORJ,2025-03-18,110787,1,4,0,121.0
10109622VITORJ_2025-03-18_G34,10109622VITORJ,2025-03-18,110582,1,3,0,528.0
10109622VITORJ_2025-03-18_G35,10109622VITORJ,2025-03-18,110515,1,3,0,111.0
10109622VITORJ_2025-03-18_G36,10109622VITORJ,2025-03-18,111418,1,12,0,128.0
10109622VITORJ_2025-03-18_G37,10109622VITORJ,2025-03-18,110740,1,3,0,83.0
10109622VITORJ_2025-03-18_G39,10109622VITORJ,2025-03-18,109643,1,28,0,2234.0
10109622VITORJ_2025-03-19_G02,10109622VITORJ,2025-03-19,117856,1,87,0,1806.0
10109622VITORJ_2025-03-19_G03,10109622VITORJ,2025-03-19,111530,1,16,0,311.0
10109622VITORJ_2025-03-19_G04,10109622VITORJ,2025-03-19,111330,1,8,0,314.0
10109622VITORJ_2025-03-19_G07,10109622VITORJ,2025-03-19,111172,1,5,0,229.0
10109622VITORJ_2025-03-19_G08,10109622VITORJ,2025-03-19,117785,1,10,0,125.0
10109622VITORJ_2025-03-19_G09,10109622VITORJ,2025-03-19,111418,1,10,0,436.0
10109622VITORJ_2025-03-19_G10,10109622VITORJ,2025-03-19,117841,1,6,0,248.0
10109622VITORJ_2025-03-19_G11,10109622VITORJ,2025-03-19,118140,1,10,0,169.0
10109622VITORJ_2025-03-20_G03,10109622VITORJ,2025-03-20,111430,1,62,0,421.0
10109622VITORJ_2025-03-20_G04,10109622VITORJ,2025-03-20,110339,1,71,0,2151.0
10109622VITORJ_2025-03-20_G05,10109622VITORJ,2025-03-20,111598,1,158,0,1244.0
10109622VITORJ_2025-03-20_G06,10109622VITORJ,2025-03-20,141047,1,94,0,2124.0
10109622VITORJ_2025-03-20_G07,10109622VITORJ,2025-03-20,109645,1,8,0,174.0
10109622VITORJ_2025-03-20_G08,10109622VITORJ,2025-03-20,118140,1,66,0,597.0
10109622VITORJ_2025-03-20_G09,10109622VITORJ,2025-03-20,110325,1,49,0,871.0
10109622VITORJ_2025-03-20_G11,10109622VITORJ,2025-03-20,110313,1,6,0,148.0
10109622VITORJ_2025-03-20_G12,10109622VITORJ,2025-03-20,111602,1,8,0,110.0
10109622VITORJ_2025-03-20_G13,10109622VITORJ,2025-03-20,111530,1,9,0,122.0
10109622VITORJ_2025-03-20_G14,10109622VITORJ,2025-03-20,111532,1,10,0,241.0
10109622VITORJ_2025-03-20_G15,10109622VITORJ,2025-03-20,117785,1,8,0,84.0
10109622VITORJ_2025-03-20_G16,10109622VITORJ,2025-03-20,117785,1,14,0,98.0
10109622VITORJ_2025-03-20_G17,10109622VITORJ,2025-03-20,117831,1,8,0,333.0
10109622VITORJ_2025-03-20_G18,10109622VITORJ,2025-03-20,109645,1,1,0,73.0
10109622VITORJ_2025-03-20_G19,10109622VITORJ,2025-03-20,118299,1,32,0,441.0
10109622VITORJ_2025-03-20_G20,10109622VITORJ,2025-03-20,109643,1,4,0,113.0
10109622VITORJ_2025-03-20_G21,10109622VITORJ,2025-03-20,117840,1,4,0,61.0
10109622VITORJ_2025-03-20_G22,10109622VITORJ,2025-03-20,110339,1,1,0,395.0
10109622VITORJ_2025-03-20_G23,10109622VITORJ,2025-03-20,117820,1,20,0,196.0
10109622VITORJ_2025-03-20_G24,10109622VITORJ,2025-03-20,110030,1,1,0,162.0
10109622VITORJ_2025-03-21_G02,10109622VITORJ,2025-03-21,118286,1,4,0,184.0
10109622VITORJ_2025-03-21_G03,10109622VITORJ,2025-03-21,111112,1,1,0,52.0
10109622VITORJ_2025-03-21_G04,10109622VITORJ,2025-03-21,108770,1,32,0,624.0
10109622VITORJ_2025-03-21_G05,10109622VITORJ,2025-03-21,111569,1,46,0,341.0
10109622VITORJ_2025-03-21_G06,10109622VITORJ,2025-03-21,110747,1,11,0,300.0
10109622VITORJ_2025-03-21_G07,10109622VITORJ,2025-03-21,111850,1,20,0,264.0
10109622VITORJ_2025-03-21_G08,10109622VITORJ,2025-03-21,109937,1,1,0,63.0
10109622VITORJ_2025-03-21_G09,10109622VITORJ,2025-03-21,110841,1,3,0,87.0
10109622VITORJ_2025-03-21_G10,10109622VITORJ,2025-03-21,118418,1,1,0,97.0
10109622VITORJ_2025-03-21_G11,10109622VITORJ,2025-03-21,118363,1,4,0,1037.0
10109622VITORJ_2025-03-21_G12,10109622VITORJ,2025-03-21,108759,1,1,0,46.0
10109622VITORJ_2025-03-21_G13,10109622VITORJ,2025-03-21,107254,1,2,0,532.0
10109622VITORJ_2025-03-21_G15,10109622VITORJ,2025-03-21,110895,1,50,0,645.0
10109622VITORJ_2025-03-21_G16,10109622VITORJ,2025-03-21,100334,1,9,0,950.0
10109622VITORJ_2025-03-21_G17,10109622VITORJ,2025-03-21,118364,1,2,0,112.0
10109622VITORJ_2025-03-21_G18,10109622VITORJ,2025-03-21,117789,1,40,0,628.0
10109622VITORJ_2025-03-21_G19,10109622VITORJ,2025-03-21,117855,1,8,0,2548.0
10109622VITORJ_2025-03-21_G20,10109622VITORJ,2025-03-21,118306,1,2,0,68.0
10109622VITORJ_2025-03-21_G21,10109622VITORJ,2025-03-21,117838,1,4,0,123.0
10109622VITORJ_2025-03-21_G22,10109622VITORJ,2025-03-21,109649,1,9,0,1773.0
10109622VITORJ_2025-03-21_G23,10109622VITORJ,2025-03-21,117785,1,150,0,572.0
10109622VITORJ_2025-03-21_G24,10109622VITORJ,2025-03-21,111532,1,60,0,451.0
10109622VITORJ_2025-03-21_G25,10109622VITORJ,2025-03-21,109645,1,52,0,871.0
10109622VITORJ_2025-03-21_G27,10109622VITORJ,2025-03-21,110895,1,5,0,106.0
10109622VITORJ_2025-03-21_G28,10109622VITORJ,2025-03-21,111532,1,10,0,342.0
10109622VITORJ_2025-03-21_G29,10109622VITORJ,2025-03-21,110745,1,2,0,99.0
10109622VITORJ_2025-03-21_G30,10109622VITORJ,2025-03-21,118140,1,4,0,123.0
10109622VITORJ_2025-03-21_G31,10109622VITORJ,2025-03-21,118299,1,10,0,136.0
10109622VITORJ_2025-03-21_G32,10109622VITORJ,2025-03-21,117808,1,10,0,192.0
10109622VITORJ_2025-03-21_G33,10109622VITORJ,2025-03-21,110371,1,10,0,303.0
10109622VITORJ_2025-03-21_G34,10109622VITORJ,2025-03-21,110372,1,10,0,852.0
10109622VITORJ_2025-03-21_G35,10109622VITORJ,2025-03-21,111463,1,2,0,339.0
10109622VITORJ_2025-03-21_G36,10109622VITORJ,2025-03-21,111418,1,10,0,266.0
10109622VITORJ_2025-03-22_G02,10109622VITORJ,2025-03-22,110372,1,20,0,303.0
10109622VITORJ_2025-03-22_G03,10109622VITORJ,2025-03-22,118253,1,6,0,216.0
10109622VITORJ_2025-03-22_G04,10109622VITORJ,2025-03-22,109933,1,4,0,129.0
10109622VITORJ_2025-03-22_G05,10109622VITORJ,2025-03-22,111569,1,20,0,317.0
10109622VITORJ_2025-03-22_G06,10109622VITORJ,2025-03-22,109937,1,4,0,617.0
10109622VITORJ_2025-03-22_G07,10109622VITORJ,2025-03-22,118250,1,4,0,293.0
10109622VITORJ_2025-03-22_G08,10109622VITORJ,2025-03-22,111442,1,10,0,782.0
10109622VITORJ_2025-03-22_G09,10109622VITORJ,2025-03-22,111443,1,8,0,264.0
10109622VITORJ_2025-03-22_G10,10109622VITORJ,2025-03-22,111443,1,2,0,43.0
10109622VITORJ_2025-03-22_G12,10109622VITORJ,2025-03-22,111466,1,14,0,392.0
10109622VITORJ_2025-03-22_G13,10109622VITORJ,2025-03-22,111532,1,8,0,1720.0
10109622VITORJ_2025-03-22_G14,10109622VITORJ,2025-03-22,111418,1,7,0,174.0
10109622VITORJ_2025-03-22_G15,10109622VITORJ,2025-03-22,111462,1,5,0,113.0
10109622VITORJ_2025-03-22_G16,10109622VITORJ,2025-03-22,110745,1,10,0,78.0
10109622VITORJ_2025-03-22_G17,10109622VITORJ,2025-03-22,110787,1,28,0,386.0
10109622VITORJ_2025-03-22_G18,10109622VITORJ,2025-03-22,118140,1,8,0,133.0
10109622VITORJ_2025-03-22_G19,10109622VITORJ,2025-03-22,105705,1,1,0,52.0
10109622VITORJ_2025-03-22_G20,10109622VITORJ,2025-03-22,111465,1,4,0,291.0
10109622VITORJ_2025-03-22_G21,10109622VITORJ,2025-03-22,108772,1,4,0,549.0
10109622VITORJ_2025-03-22_G22,10109622VITORJ,2025-03-22,117840,1,8,0,515.0
10109622VITORJ_2025-03-22_G23,10109622VITORJ,2025-03-22,110372,1,14,0,377.0
10109622VITORJ_2025-03-22_G24,10109622VITORJ,2025-03-22,110374,1,39,0,584.0
10109622VITORJ_2025-03-22_G25,10109622VITORJ,2025-03-22,109640,1,29,0,2266.0
10109622VITORJ_2025-03-22_G26,10109622VITORJ,2025-03-22,108759,1,5,0,207.0
10109622VITORJ_2025-03-22_G27,10109622VITORJ,2025-03-22,111182,1,10,0,444.0
10109622VITORJ_2025-03-22_G28,10109622VITORJ,2025-03-22,117820,1,6,0,244.0
10109622VITORJ_2025-03-22_G29,10109622VITORJ,2025-03-22,117808,1,4,0,34.0
10109622VITORJ_2025-03-22_G30,10109622VITORJ,2025-03-22,109643,1,4,0,87.0
10109622VITORJ_2025-03-22_G31,10109622VITORJ,2025-03-22,109643,1,4,0,55.0
10109622VITORJ_2025-03-24_G02,10109622VITORJ,2025-03-24,110580,1,2,0,1292.0
10109622VITORJ_2025-03-24_G03,10109622VITORJ,2025-03-24,117855,1,6,0,103.0
10109622VITORJ_2025-03-24_G04,10109622VITORJ,2025-03-24,111876,1,2,0,143.0
10109622VITORJ_2025-03-24_G05,10109622VITORJ,2025-03-24,108772,1,2,0,54.0
10109622VITORJ_2025-03-24_G06,10109622VITORJ,2025-03-24,109640,1,2,0,466.0
10109622VITORJ_2025-03-24_G07,10109622VITORJ,2025-03-24,111418,1,8,0,143.0
10109622VITORJ_2025-03-24_G08,10109622VITORJ,2025-03-24,111462,1,4,0,151.0
10109622VITORJ_2025-03-24_G09,10109622VITORJ,2025-03-24,118140,1,2,0,448.0
10109622VITORJ_2025-03-24_G10,10109622VITORJ,2025-03-24,110376,1,1,0,205.0
10109622VITORJ_2025-03-24_G11,10109622VITORJ,2025-03-24,117809,1,4,0,114.0
10109622VITORJ_2025-03-24_G12,10109622VITORJ,2025-03-24,118299,1,3,0,82.0
10109622VITORJ_2025-03-24_G13,10109622VITORJ,2025-03-24,117820,1,2,0,37.0
10109622VITORJ_2025-03-24_G14,10109622VITORJ,2025-03-24,117808,1,10,0,345.0
10109622VITORJ_2025-03-24_G15,10109622VITORJ,2025-03-24,117832,1,2,0,197.0
10109622VITORJ_2025-03-24_G16,10109622VITORJ,2025-03-24,110742,1,2,0,646.0
10109622VITORJ_2025-03-24_G17,10109622VITORJ,2025-03-24,110895,1,4,0,84.0
10109622VITORJ_2025-03-24_G19,10109622VITORJ,2025-03-24,110339,1,1,0,706.0
10109622VITORJ_2025-03-24_G20,10109622VITORJ,2025-03-24,117856,1,7,0,221.0
10109622VITORJ_2025-03-24_G21,10109622VITORJ,2025-03-24,111602,1,5,0,85.0
10109622VITORJ_2025-03-24_G22,10109622VITORJ,2025-03-24,111530,1,3,0,119.0
10109622VITORJ_2025-03-24_G23,10109622VITORJ,2025-03-24,117786,1,3,0,81.0
10109622VITORJ_2025-03-24_G24,10109622VITORJ,2025-03-24,109640,1,2,0,140.0
10109622VITORJ_2025-03-24_G25,10109622VITORJ,2025-03-24,111418,1,1,0,70.0
10109622VITORJ_2025-03-24_G26,10109622VITORJ,2025-03-24,111469,1,1,0,58.0
10109622VITORJ_2025-03-24_G27,10109622VITORJ,2025-03-24,111532,1,4,0,211.0
10109622VITORJ_2025-03-24_G28,10109622VITORJ,2025-03-24,108795,1,4,0,64.0
10109622VITORJ_2025-03-24_G29,10109622VITORJ,2025-03-24,111172,1,4,0,65.0
10109622VITORJ_2025-03-24_G30,10109622VITORJ,2025-03-24,117785,1,4,0,68.0
10109622VITORJ_2025-03-24_G31,10109622VITORJ,2025-03-24,111462,1,4,0,135.0
10109622VITORJ_2025-03-24_G32,10109622VITORJ,2025-03-24,117831,1,1,0,80.0
10109622VITORJ_2025-03-24_G33,10109622VITORJ,2025-03-24,110376,1,2,0,243.0
10109622VITORJ_2025-03-24_G34,10109622VITORJ,2025-03-24,118299,1,4,0,124.0
10109622VITORJ_2025-03-24_G35,10109622VITORJ,2025-03-24,117820,1,17,0,178.0
10109622VITORJ_2025-03-24_G36,10109622VITORJ,2025-03-24,110371,1,2,0,173.0
10109622VITORJ_2025-03-24_G37,10109622VITORJ,2025-03-24,110375,1,4,0,194.0
10109622VITORJ_2025-03-24_G38,10109622VITORJ,2025-03-24,110374,1,4,0,91.0
10109622VITORJ_2025-03-24_G39,10109622VITORJ,2025-03-24,109640,1,2,0,229.0
10109622VITORJ_2025-03-24_G40,10109622VITORJ,2025-03-24,111530,1,6,0,461.0
10109622VITORJ_2025-03-24_G41,10109622VITORJ,2025-03-24,109747,1,2,0,122.0
10109622VITORJ_2025-03-24_G42,10109622VITORJ,2025-03-24,110313,1,6,0,1183.0
10109622VITORJ_2025-03-24_G43,10109622VITORJ,2025-03-24,110711,1,8,0,176.0
10109622VITORJ_2025-03-24_G44,10109622VITORJ,2025-03-24,111462,1,3,0,200.0
10109622VITORJ_2025-03-24_G45,10109622VITORJ,2025-03-24,117831,1,8,0,185.0
10109622VITORJ_2025-03-24_G46,10109622VITORJ,2025-03-24,117853,1,7,0,2523.0
10109622VITORJ_2025-03-24_G47,10109622VITORJ,2025-03-24,117862,1,8,0,432.0
10109622VITORJ_2025-03-24_G48,10109622VITORJ,2025-03-24,117856,1,11,0,201.0
10109622VITORJ_2025-03-24_G49,10109622VITORJ,2025-03-24,117856,1,10,0,616.0
10109622VITORJ_2025-03-24_G50,10109622VITORJ,2025-03-24,118403,1,2,0,127.0
10109622VITORJ_2025-03-24_G51,10109622VITORJ,2025-03-24,111530,1,6,0,225.0
10109622VITORJ_2025-03-25_G02,10109622VITORJ,2025-03-25,110740,1,15,0,182.0
10109622VITORJ_2025-03-25_G03,10109622VITORJ,2025-03-25,111463,1,3,0,390.0
10109622VITORJ_2025-03-25_G04,10109622VITORJ,2025-03-25,110500,1,4,0,473.0
10109622VITORJ_2025-03-25_G05,10109622VITORJ,2025-03-25,107904,1,2,0,436.0
10109622VITORJ_2025-03-25_G06,10109622VITORJ,2025-03-25,105242,1,4,0,371.0
10109622VITORJ_2025-03-25_G07,10109622VITORJ,2025-03-25,110373,1,60,0,2435.0
10109622VITORJ_2025-03-25_G08,10109622VITORJ,2025-03-25,118299,1,25,0,1131.0
10109622VITORJ_2025-03-25_G10,10109622VITORJ,2025-03-25,111437,1,2,0,449.0
10109622VITORJ_2025-03-25_G11,10109622VITORJ,2025-03-25,117856,1,4,0,278.0
10109622VITORJ_2025-03-25_G12,10109622VITORJ,2025-03-25,108772,1,2,0,110.0
10109622VITORJ_2025-03-25_G13,10109622VITORJ,2025-03-25,111442,1,4,0,607.0
10109622VITORJ_2025-03-25_G14,10109622VITORJ,2025-03-25,111418,1,34,0,670.0
10109622VITORJ_2025-03-25_G15,10109622VITORJ,2025-03-25,111435,1,7,0,368.0
10109622VITORJ_2025-03-25_G16,10109622VITORJ,2025-03-25,111463,1,2,0,83.0
10109622VITORJ_2025-03-25_G17,10109622VITORJ,2025-03-25,117831,1,5,0,244.0
10109622VITORJ_2025-03-25_G18,10109622VITORJ,2025-03-25,110787,1,8,0,116.0
10109622VITORJ_2025-03-25_G19,10109622VITORJ,2025-03-25,110740,1,5,0,354.0
10109622VITORJ_2025-03-25_G20,10109622VITORJ,2025-03-25,110740,1,7,0,52.0
10109622VITORJ_2025-03-25_G21,10109622VITORJ,2025-03-25,117808,1,204,0,696.0
10109622VITORJ_2025-03-25_G22,10109622VITORJ,2025-03-25,118299,1,5,0,258.0
10109622VITORJ_2025-03-25_G23,10109622VITORJ,2025-03-25,117820,1,39,0,194.0
10109622VITORJ_2025-03-25_G24,10109622VITORJ,2025-03-25,110371,1,17,0,153.0
10109622VITORJ_2025-03-25_G25,10109622VITORJ,2025-03-25,107830,1,4,0,102.0
10109622VITORJ_2025-03-25_G26,10109622VITORJ,2025-03-25,110372,1,31,0,597.0
10109622VITORJ_2025-03-25_G27,10109622VITORJ,2025-03-25,110373,1,27,0,224.0
10109622VITORJ_2025-03-25_G28,10109622VITORJ,2025-03-25,109747,1,3,0,82.0
10109622VITORJ_2025-03-25_G29,10109622VITORJ,2025-03-25,110580,1,2,0,345.0
10109622VITORJ_2025-03-25_G30,10109622VITORJ,2025-03-25,107629,1,20,0,440.0
10109622VITORJ_2025-03-25_G31,10109622VITORJ,2025-03-25,117788,1,6,0,178.0
10109622VITORJ_2025-03-25_G32,10109622VITORJ,2025-03-25,108736,1,7,0,360.0
10109622VITORJ_2025-03-25_G33,10109622VITORJ,2025-03-25,117821,1,20,0,297.0
10109622VITORJ_2025-03-25_G34,10109622VITORJ,2025-03-25,117831,1,40,0,719.0
10109622VITORJ_2025-03-25_G35,10109622VITORJ,2025-03-25,117808,1,300,0,738.0
10109622VITORJ_2025-03-25_G37,10109622VITORJ,2025-03-25,109641,1,15,0,94.0
10109622VITORJ_2025-03-25_G38,10109622VITORJ,2025-03-25,111348,1,2,0,471.0
10109622VITORJ_2025-03-25_G39,10109622VITORJ,2025-03-25,110740,1,4,0,58.0
10109622VITORJ_2025-03-25_G40,10109622VITORJ,2025-03-25,108794,1,12,0,225.0
10109622VITORJ_2025-03-25_G41,10109622VITORJ,2025-03-25,108794,1,4,0,126.0
10109622VITORJ_2025-03-25_G42,10109622VITORJ,2025-03-25,111418,1,30,0,332.0
10109622VITORJ_2025-03-25_G43,10109622VITORJ,2025-03-25,118140,1,17,0,722.0
10109622VITORJ_2025-03-25_G44,10109622VITORJ,2025-03-25,111469,1,4,0,67.0
10109622VITORJ_2025-03-25_G45,10109622VITORJ,2025-03-25,111466,1,14,0,129.0
10109622VITORJ_2025-03-25_G46,10109622VITORJ,2025-03-25,111435,1,8,0,190.0
10109622VITORJ_2025-03-25_G47,10109622VITORJ,2025-03-25,111443,1,4,0,170.0
10109622VITORJ_2025-03-25_G48,10109622VITORJ,2025-03-25,111443,1,16,0,245.0
10109622VITORJ_2025-03-25_G49,10109622VITORJ,2025-03-25,117838,1,2,0,294.0
10109622VITORJ_2025-03-26_G02,10109622VITORJ,2025-03-26,117821,1,26,0,698.0
10109622VITORJ_2025-03-26_G03,10109622VITORJ,2025-03-26,111463,1,10,0,241.0
10109622VITORJ_2025-03-26_G04,10109622VITORJ,2025-03-26,109645,1,2,0,223.0
10109622VITORJ_2025-03-26_G05,10109622VITORJ,2025-03-26,111433,1,2,0,131.0
10109622VITORJ_2025-03-26_G06,10109622VITORJ,2025-03-26,111465,1,7,0,100.0
10109622VITORJ_2025-03-26_G07,10109622VITORJ,2025-03-26,105705,1,45,0,568.0
10109622VITORJ_2025-03-26_G08,10109622VITORJ,2025-03-26,107830,1,2,0,1025.0
10109622VITORJ_2025-03-26_G09,10109622VITORJ,2025-03-26,107830,1,4,0,58.0
10109622VITORJ_2025-03-26_G10,10109622VITORJ,2025-03-26,110372,1,28,0,1478.0
10109622VITORJ_2025-03-26_G11,10109622VITORJ,2025-03-26,110375,1,14,0,125.0
10109622VITORJ_2025-03-26_G13,10109622VITORJ,2025-03-26,118290,1,1,0,473.0
10109622VITORJ_2025-03-26_G14,10109622VITORJ,2025-03-26,110741,1,3,0,911.0
10109622VITORJ_2025-03-26_G15,10109622VITORJ,2025-03-26,109640,1,2,0,148.0
10109622VITORJ_2025-03-26_G16,10109622VITORJ,2025-03-26,109640,1,2,0,68.0
10109622VITORJ_2025-03-26_G17,10109622VITORJ,2025-03-26,110740,1,5,0,204.0
10109622VITORJ_2025-03-26_G18,10109622VITORJ,2025-03-26,111466,1,13,0,171.0
10109622VITORJ_2025-03-26_G19,10109622VITORJ,2025-03-26,108711,1,2,0,85.0
10109622VITORJ_2025-03-26_G20,10109622VITORJ,2025-03-26,111462,1,9,0,100.0
10109622VITORJ_2025-03-26_G21,10109622VITORJ,2025-03-26,105705,1,4,0,156.0
10109622VITORJ_2025-03-26_G22,10109622VITORJ,2025-03-26,110787,1,8,0,359.0
10109622VITORJ_2025-03-26_G23,10109622VITORJ,2025-03-26,110372,1,8,0,432.0
10109622VITORJ_2025-03-26_G24,10109622VITORJ,2025-03-26,110374,1,4,0,109.0
10109622VITORJ_2025-03-26_G25,10109622VITORJ,2025-03-26,110373,1,16,0,112.0
10109622VITORJ_2025-03-26_G26,10109622VITORJ,2025-03-26,117820,1,8,0,35.0
10109622VITORJ_2025-03-26_G27,10109622VITORJ,2025-03-26,110371,1,4,0,109.0
10109622VITORJ_2025-03-26_G29,10109622VITORJ,2025-03-26,"117787, 111182, 111463",4,18,17,1997.0
10109622VITORJ_2025-03-26_G31,10109622VITORJ,2025-03-26,110372,1,100,0,432.0
10109622VITORJ_2025-03-26_G32,10109622VITORJ,2025-03-26,110375,1,9,0,88.0
10109622VITORJ_2025-03-26_G33,10109622VITORJ,2025-03-26,109747,1,2,0,104.0
10109622VITORJ_2025-03-26_G34,10109622VITORJ,2025-03-26,118306,1,4,0,226.0
10109622VITORJ_2025-03-27_G02,10109622VITORJ,2025-03-27,111463,1,4,0,267.0
10109622VITORJ_2025-03-27_G03,10109622VITORJ,2025-03-27,111463,1,8,0,68.0
10109622VITORJ_2025-03-27_G04,10109622VITORJ,2025-03-27,111469,1,24,0,1143.0
10109622VITORJ_2025-03-27_G05,10109622VITORJ,2025-03-27,111466,1,8,0,89.0
10109622VITORJ_2025-03-27_G06,10109622VITORJ,2025-03-27,111466,1,16,0,176.0
10109622VITORJ_2025-03-27_G07,10109622VITORJ,2025-03-27,141047,1,49,0,1418.0
10109622VITORJ_2025-03-27_G08,10109622VITORJ,2025-03-27,110740,1,4,0,114.0
10109622VITORJ_2025-03-27_G09,10109622VITORJ,2025-03-27,111468,1,40,0,857.0
10109622VITORJ_2025-03-27_G10,10109622VITORJ,2025-03-27,117808,1,810,0,2165.0
10109622VITORJ_2025-03-27_G12,10109622VITORJ,2025-03-27,117809,1,50,0,836.0
10109622VITORJ_2025-03-27_G13,10109622VITORJ,2025-03-27,118299,1,84,0,449.0
10109622VITORJ_2025-03-27_G14,10109622VITORJ,2025-03-27,118299,1,110,0,1382.0
10109622VITORJ_2025-03-27_G15,10109622VITORJ,2025-03-27,110373,1,30,0,341.0
10109622VITORJ_2025-03-27_G16,10109622VITORJ,2025-03-27,117808,1,180,0,633.0
10109622VITORJ_2025-03-27_G17,10109622VITORJ,2025-03-27,110371,1,10,0,161.0
10109622VITORJ_2025-03-27_G18,10109622VITORJ,2025-03-27,110371,1,13,0,165.0
10109622VITORJ_2025-03-27_G19,10109622VITORJ,2025-03-27,110371,1,12,0,85.0
10109622VITORJ_2025-03-27_G20,10109622VITORJ,2025-03-27,117830,1,30,0,719.0
10109622VITORJ_2025-03-27_G21,10109622VITORJ,2025-03-27,117820,1,30,0,625.0
10109622VITORJ_2025-03-27_G22,10109622VITORJ,2025-03-27,117840,1,1,0,68.0
10109622VITORJ_2025-03-27_G23,10109622VITORJ,2025-03-27,117832,1,30,0,591.0
10109622VITORJ_2025-03-27_G24,10109622VITORJ,2025-03-27,110372,1,70,0,241.0
10109622VITORJ_2025-03-27_G25,10109622VITORJ,2025-03-27,110375,1,12,0,563.0
10109622VITORJ_2025-03-27_G26,10109622VITORJ,2025-03-27,109747,1,12,0,371.0
10109622VITORJ_2025-03-27_G27,10109622VITORJ,2025-03-27,110374,1,34,0,326.0
10109622VITORJ_2025-03-27_G28,10109622VITORJ,2025-03-27,140922,1,10,0,215.0
10109622VITORJ_2025-03-27_G29,10109622VITORJ,2025-03-27,111463,1,30,0,426.0
10109622VITORJ_2025-03-27_G30,10109622VITORJ,2025-03-27,118140,1,40,0,843.0
10109622VITORJ_2025-03-28_G02,10109622VITORJ,2025-03-28,110580,1,1,0,687.0
10109622VITORJ_2025-03-28_G03,10109622VITORJ,2025-03-28,117935,1,10,0,539.0
10109622VITORJ_2025-03-29_G02,10109622VITORJ,2025-03-29,117861,1,10,0,178.0
10109622VITORJ_2025-03-29_G03,10109622VITORJ,2025-03-29,117786,1,10,0,113.0
10109622VITORJ_2025-03-29_G04,10109622VITORJ,2025-03-29,117786,1,70,0,1054.0
10109622VITORJ_2025-03-29_G05,10109622VITORJ,2025-03-29,111602,1,10,0,159.0
10109622VITORJ_2025-03-29_G06,10109622VITORJ,2025-03-29,111602,3,30,42,119.0
10109622VITORJ_2025-03-29_G07,10109622VITORJ,2025-03-29,110515,1,50,0,1627.0
10109622VITORJ_2025-04-03_G02,10109622VITORJ,2025-04-03,111172,1,4,0,88.0
10109622VITORJ_2025-04-03_G03,10109622VITORJ,2025-04-03,111418,1,6,0,127.0
10109622VITORJ_2025-04-03_G04,10109622VITORJ,2025-04-03,111465,1,2,0,89.0
10109622VITORJ_2025-04-03_G05,10109622VITORJ,2025-04-03,110325,1,4,0,285.0
10109622VITORJ_2025-04-03_G06,10109622VITORJ,2025-04-03,117809,1,4,0,741.0
10109622VITORJ_2025-04-03_G07,10109622VITORJ,2025-04-03,118299,1,7,0,78.0
10109622VITORJ_2025-04-03_G08,10109622VITORJ,2025-04-03,117808,1,9,0,119.0
10109622VITORJ_2025-04-03_G09,10109622VITORJ,2025-04-03,110372,1,6,0,111.0
10109622VITORJ_2025-04-03_G10,10109622VITORJ,2025-04-03,110375,1,2,0,73.0
10109622VITORJ_2025-04-03_G11,10109622VITORJ,2025-04-03,117855,1,2,0,650.0
10109622VITORJ_2025-04-03_G12,10109622VITORJ,2025-04-03,111467,1,1,0,153.0
10109622VITORJ_2025-04-03_G13,10109622VITORJ,2025-04-03,111602,1,12,0,145.0
10109622VITORJ_2025-04-03_G14,10109622VITORJ,2025-04-03,118140,1,4,0,122.0
10109622VITORJ_2025-04-03_G15,10109622VITORJ,2025-04-03,111463,1,4,0,65.0
10109622VITORJ_2025-04-03_G16,10109622VITORJ,2025-04-03,111462,1,6,0,128.0
10109622VITORJ_2025-04-03_G17,10109622VITORJ,2025-04-03,117831,1,5,0,117.0
10109622VITORJ_2025-04-04_G02,10109622VITORJ,2025-04-04,117809,1,5,0,315.0
10109622VITORJ_2025-04-04_G03,10109622VITORJ,2025-04-04,118299,1,9,0,111.0
10109622VITORJ_2025-04-04_G04,10109622VITORJ,2025-04-04,117808,1,15,0,539.0
10109622VITORJ_2025-04-04_G05,10109622VITORJ,2025-04-04,110372,1,9,0,136.0
10109622VITORJ_2025-04-04_G06,10109622VITORJ,2025-04-04,110746,1,2,0,1668.0
10109622VITORJ_2025-04-04_G07,10109622VITORJ,2025-04-04,110755,1,4,0,343.0
10109622VITORJ_2025-04-04_G08,10109622VITORJ,2025-04-04,109640,1,2,0,194.0
10109622VITORJ_2025-04-04_G10,10109622VITORJ,2025-04-04,111182,1,6,0,818.0
10109622VITORJ_2025-04-04_G11,10109622VITORJ,2025-04-04,117821,1,28,0,507.0
10109622VITORJ_2025-04-04_G12,10109622VITORJ,2025-04-04,118299,1,16,0,205.0
10109622VITORJ_2025-04-04_G13,10109622VITORJ,2025-04-04,109643,1,4,0,142.0
10109622VITORJ_2025-04-04_G14,10109622VITORJ,2025-04-04,110371,1,24,0,190.0
10109622VITORJ_2025-04-04_G15,10109622VITORJ,2025-04-04,117830,1,2,0,139.0
10109622VITORJ_2025-04-04_G16,10109622VITORJ,2025-04-04,117820,1,30,0,584.0
10109622VITORJ_2025-04-04_G17,10109622VITORJ,2025-04-04,117820,1,8,0,67.0
10109622VITORJ_2025-04-04_G18,10109622VITORJ,2025-04-04,117808,1,30,0,326.0
10109622VITORJ_2025-04-04_G19,10109622VITORJ,2025-04-04,117832,1,6,0,119.0
10109622VITORJ_2025-04-04_G20,10109622VITORJ,2025-04-04,117832,1,10,0,85.0
10109622VITORJ_2025-04-04_G21,10109622VITORJ,2025-04-04,109747,1,2,0,96.0
10109622VITORJ_2025-04-04_G22,10109622VITORJ,2025-04-04,110373,1,39,0,2590.0
10109622VITORJ_2025-04-04_G23,10109622VITORJ,2025-04-04,110372,1,27,0,254.0
10109622VITORJ_2025-04-04_G24,10109622VITORJ,2025-04-04,111462,1,6,0,85.0
10109622VITORJ_2025-04-04_G25,10109622VITORJ,2025-04-04,111469,1,10,0,99.0
10109622VITORJ_2025-04-04_G26,10109622VITORJ,2025-04-04,117831,1,6,0,134.0
10109622VITORJ_2025-04-04_G27,10109622VITORJ,2025-04-04,110787,1,8,0,414.0
10109622VITORJ_2025-04-04_G28,10109622VITORJ,2025-04-04,111465,1,4,0,50.0
10109622VITORJ_2025-04-04_G29,10109622VITORJ,2025-04-04,111463,1,2,0,227.0
10109622VITORJ_2025-04-04_G30,10109622VITORJ,2025-04-04,109641,1,4,0,235.0
10109622VITORJ_2025-04-04_G32,10109622VITORJ,2025-04-04,108794,1,4,0,320.0
10109622VITORJ_2025-04-04_G33,10109622VITORJ,2025-04-04,118222,1,4,0,925.0
10109622VITORJ_2025-04-04_G34,10109622VITORJ,2025-04-04,111441,1,9,0,262.0
10109622VITORJ_2025-04-05_G02,10109622VITORJ,2025-04-05,109643,1,2,0,122.0
10109622VITORJ_2025-04-05_G03,10109622VITORJ,2025-04-05,100334,1,8,0,1112.0
10109622VITORJ_2025-04-05_G04,10109622VITORJ,2025-04-05,100334,1,3,0,289.0
10109622VITORJ_2025-04-05_G05,10109622VITORJ,2025-04-05,118222,1,4,0,107.0
10109622VITORJ_2025-04-05_G06,10109622VITORJ,2025-04-05,111438,1,4,0,112.0
10109622VITORJ_2025-04-05_G07,10109622VITORJ,2025-04-05,109937,1,4,0,279.0
10109622VITORJ_2025-04-05_G08,10109622VITORJ,2025-04-05,117855,1,3,0,999.0
10109622VITORJ_2025-04-05_G09,10109622VITORJ,2025-04-05,111532,1,4,0,731.0
10109622VITORJ_2025-04-05_G10,10109622VITORJ,2025-04-05,109645,1,1,0,59.0
10109622VITORJ_2025-04-05_G11,10109622VITORJ,2025-04-05,110711,1,2,0,599.0
10109622VITORJ_2025-04-05_G12,10109622VITORJ,2025-04-05,160055,1,2,0,805.0
10109622VITORJ_2025-04-05_G13,10109622VITORJ,2025-04-05,160054,1,3,0,525.0
10109622VITORJ_2025-04-05_G14,10109622VITORJ,2025-04-05,118222,1,4,0,67.0
10109622VITORJ_2025-04-05_G16,10109622VITORJ,2025-04-05,117855,1,1,0,195.0
10109622VITORJ_2025-04-05_G17,10109622VITORJ,2025-04-05,118222,1,4,0,128.0
10109622VITORJ_2025-04-05_G18,10109622VITORJ,2025-04-05,109937,1,2,0,743.0
10109622VITORJ_2025-04-05_G19,10109622VITORJ,2025-04-05,117837,1,1,0,328.0
10109622VITORJ_2025-04-05_G20,10109622VITORJ,2025-04-05,117855,1,3,0,204.0
10109622VITORJ_2025-04-05_G21,10109622VITORJ,2025-04-05,110515,1,6,0,111.0
10109622VITORJ_2025-04-05_G22,10109622VITORJ,2025-04-05,140922,1,6,0,231.0
10109622VITORJ_2025-04-05_G23,10109622VITORJ,2025-04-05,111532,1,2,0,81.0
10109622VITORJ_2025-04-05_G24,10109622VITORJ,2025-04-05,105705,1,4,0,145.0
10109622VITORJ_2025-04-05_G25,10109622VITORJ,2025-04-05,109643,1,6,0,522.0
10109622VITORJ_2025-04-05_G26,10109622VITORJ,2025-04-05,108794,1,2,0,754.0
10109622VITORJ_2025-04-05_G27,10109622VITORJ,2025-04-05,111465,1,4,0,123.0
10109622VITORJ_2025-04-05_G28,10109622VITORJ,2025-04-05,111463,1,2,0,296.0
10109622VITORJ_2025-04-05_G29,10109622VITORJ,2025-04-05,110740,1,8,0,423.0
10109622VITORJ_2025-04-07_G02,10109622VITORJ,2025-04-07,110313,1,4,0,430.0
10109622VITORJ_2025-04-07_G03,10109622VITORJ,2025-04-07,111602,1,10,0,152.0
10109622VITORJ_2025-04-07_G04,10109622VITORJ,2025-04-07,110711,1,20,0,634.0
10109622VITORJ_2025-04-07_G05,10109622VITORJ,2025-04-07,118140,1,6,0,529.0
10109622VITORJ_2025-04-07_G06,10109622VITORJ,2025-04-07,140922,1,2,0,426.0
10109622VITORJ_2025-04-07_G07,10109622VITORJ,2025-04-07,117832,1,8,0,168.0
10109622VITORJ_2025-04-07_G08,10109622VITORJ,2025-04-07,111467,1,1,0,898.0
10109622VITORJ_2025-04-07_G09,10109622VITORJ,2025-04-07,140911,1,8,0,625.0
10109622VITORJ_2025-04-07_G10,10109622VITORJ,2025-04-07,140911,1,12,0,139.0
10109622VITORJ_2025-04-07_G11,10109622VITORJ,2025-04-07,110741,1,4,0,197.0
10109622VITORJ_2025-04-07_G12,10109622VITORJ,2025-04-07,116241,1,1,0,523.0
10109622VITORJ_2025-04-07_G14,10109622VITORJ,2025-04-07,111463,1,8,0,206.0
10109622VITORJ_2025-04-07_G15,10109622VITORJ,2025-04-07,111468,1,8,0,142.0
10109622VITORJ_2025-04-07_G16,10109622VITORJ,2025-04-07,109641,1,12,0,729.0
10109622VITORJ_2025-04-07_G17,10109622VITORJ,2025-04-07,109645,1,6,0,203.0
10109622VITORJ_2025-04-07_G19,10109622VITORJ,2025-04-07,111602,1,4,0,884.0
10109622VITORJ_2025-04-07_G20,10109622VITORJ,2025-04-07,111602,1,6,0,40.0
10109622VITORJ_2025-04-07_G21,10109622VITORJ,2025-04-07,111530,1,4,0,511.0
10109622VITORJ_2025-04-08_G02,10109622VITORJ,2025-04-08,108711,1,3,0,101.0
10109622VITORJ_2025-04-08_G03,10109622VITORJ,2025-04-08,110787,1,4,0,275.0
10109622VITORJ_2025-04-08_G04,10109622VITORJ,2025-04-08,117808,1,2,0,207.0
10109622VITORJ_2025-04-08_G05,10109622VITORJ,2025-04-08,117862,1,2,0,286.0
10109622VITORJ_2025-04-08_G06,10109622VITORJ,2025-04-08,110339,1,6,0,209.0
10109622VITORJ_2025-04-08_G07,10109622VITORJ,2025-04-08,117935,1,1,0,243.0
10109622VITORJ_2025-04-08_G08,10109622VITORJ,2025-04-08,117861,1,2,0,116.0
10109622VITORJ_2025-04-08_G09,10109622VITORJ,2025-04-08,117856,1,12,0,976.0
10109622VITORJ_2025-04-08_G10,10109622VITORJ,2025-04-08,111602,1,6,0,88.0
10109622VITORJ_2025-04-08_G11,10109622VITORJ,2025-04-08,111530,1,3,0,435.0
10109622VITORJ_2025-04-08_G12,10109622VITORJ,2025-04-08,109640,1,2,0,270.0
10109622VITORJ_2025-04-08_G13,10109622VITORJ,2025-04-08,110743,1,8,0,597.0
10109622VITORJ_2025-04-08_G14,10109622VITORJ,2025-04-08,118004,1,1,0,118.0
10109622VITORJ_2025-04-08_G15,10109622VITORJ,2025-04-08,118140,1,4,0,482.0
10109622VITORJ_2025-04-08_G16,10109622VITORJ,2025-04-08,140922,1,3,0,53.0
10109622VITORJ_2025-04-08_G17,10109622VITORJ,2025-04-08,111532,1,17,0,1185.0
10109622VITORJ_2025-04-08_G18,10109622VITORJ,2025-04-08,117838,1,8,0,87.0
10109622VITORJ_2025-04-08_G19,10109622VITORJ,2025-04-08,105705,1,2,0,62.0
10109622VITORJ_2025-04-08_G20,10109622VITORJ,2025-04-08,117785,1,14,0,174.0
10109622VITORJ_2025-04-08_G21,10109622VITORJ,2025-04-08,118140,1,12,0,142.0
10109622VITORJ_2025-04-08_G22,10109622VITORJ,2025-04-08,140911,2,6,19,282.0
10109622VITORJ_2025-04-08_G23,10109622VITORJ,2025-04-08,109645,1,2,0,145.0
10109622VITORJ_2025-04-08_G24,10109622VITORJ,2025-04-08,117853,1,6,0,830.0
10109622VITORJ_2025-04-08_G25,10109622VITORJ,2025-04-08,110376,1,4,0,436.0
10109622VITORJ_2025-04-08_G26,10109622VITORJ,2025-04-08,110371,1,4,0,428.0
10109622VITORJ_2025-04-08_G27,10109622VITORJ,2025-04-08,111463,1,12,0,120.0
10109622VITORJ_2025-04-08_G28,10109622VITORJ,2025-04-08,111879,1,2,0,308.0
10109622VITORJ_2025-04-08_G29,10109622VITORJ,2025-04-08,111602,1,6,0,506.0
10109622VITORJ_2025-04-08_G30,10109622VITORJ,2025-04-08,117820,1,6,0,105.0
10109622VITORJ_2025-04-08_G31,10109622VITORJ,2025-04-08,110373,1,6,0,117.0
10109622VITORJ_2025-04-08_G32,10109622VITORJ,2025-04-08,111468,1,1,0,479.0
10109622VITORJ_2025-04-08_G33,10109622VITORJ,2025-04-08,117833,1,4,0,74.0
10109622VITORJ_2025-04-08_G34,10109622VITORJ,2025-04-08,118004,1,1,0,321.0
10109622VITORJ_2025-04-08_G35,10109622VITORJ,2025-04-08,108795,1,14,0,375.0
10109622VITORJ_2025-04-08_G36,10109622VITORJ,2025-04-08,108795,1,8,0,63.0
10109622VITORJ_2025-04-08_G37,10109622VITORJ,2025-04-08,111468,1,2,0,94.0
10109622VITORJ_2025-04-08_G38,10109622VITORJ,2025-04-08,111418,1,20,0,292.0
10109622VITORJ_2025-04-08_G39,10109622VITORJ,2025-04-08,140922,1,10,0,260.0
10109622VITORJ_2025-04-08_G40,10109622VITORJ,2025-04-08,111348,1,4,0,69.0
10109622VITORJ_2025-04-08_G41,10109622VITORJ,2025-04-08,111743,1,3,0,85.0
10109622VITORJ_2025-04-08_G42,10109622VITORJ,2025-04-08,117833,1,8,0,89.0
10109622VITORJ_2025-04-08_G43,10109622VITORJ,2025-04-08,109641,1,2,0,67.0
10109622VITORJ_2025-04-08_G44,10109622VITORJ,2025-04-08,111172,1,2,0,35.0
10109622VITORJ_2025-04-08_G45,10109622VITORJ,2025-04-08,109645,1,6,0,90.0
10109622VITORJ_2025-04-08_G46,10109622VITORJ,2025-04-08,117838,1,4,0,108.0
10109622VITORJ_2025-04-08_G47,10109622VITORJ,2025-04-08,108711,1,8,0,673.0
10109622VITORJ_2025-04-08_G48,10109622VITORJ,2025-04-08,110745,1,8,0,106.0
10109622VITORJ_2025-04-08_G49,10109622VITORJ,2025-04-08,105705,1,4,0,78.0
10109622VITORJ_2025-04-08_G50,10109622VITORJ,2025-04-08,111465,1,15,0,116.0
10109622VITORJ_2025-04-08_G51,10109622VITORJ,2025-04-08,117862,1,9,0,171.0
10109622VITORJ_2025-04-08_G52,10109622VITORJ,2025-04-08,141047,1,4,0,274.0
10109622VITORJ_2025-04-08_G53,10109622VITORJ,2025-04-08,110313,1,10,0,119.0
10109622VITORJ_2025-04-08_G54,10109622VITORJ,2025-04-08,118403,1,6,0,124.0
10109622VITORJ_2025-04-08_G55,10109622VITORJ,2025-04-08,117855,1,10,0,324.0
10109622VITORJ_2025-04-08_G56,10109622VITORJ,2025-04-08,111467,1,12,0,352.0
10109622VITORJ_2025-04-08_G57,10109622VITORJ,2025-04-08,117786,1,11,0,93.0
10109622VITORJ_2025-04-08_G58,10109622VITORJ,2025-04-08,111876,1,4,0,61.0
10109622VITORJ_2025-04-08_G59,10109622VITORJ,2025-04-08,111602,1,20,0,294.0
10109622VITORJ_2025-04-08_G60,10109622VITORJ,2025-04-08,110515,1,3,0,70.0
10109622VITORJ_2025-04-08_G61,10109622VITORJ,2025-04-08,110711,1,2,0,55.0
10109622VITORJ_2025-04-08_G62,10109622VITORJ,2025-04-08,109640,1,16,0,452.0
10109622VITORJ_2025-04-08_G63,10109622VITORJ,2025-04-08,118299,1,100,0,1887.0
10109622VITORJ_2025-04-08_G64,10109622VITORJ,2025-04-08,110373,1,10,0,596.0
10109622VITORJ_2025-04-08_G65,10109622VITORJ,2025-04-08,109747,1,20,0,209.0
10109622VITORJ_2025-04-08_G66,10109622VITORJ,2025-04-08,117808,1,50,0,77.0
10109622VITORJ_2025-04-08_G67,10109622VITORJ,2025-04-08,110752,1,2,0,68.0
10109622VITORJ_2025-04-08_G69,10109622VITORJ,2025-04-08,117809,1,60,0,784.0
10109622VITORJ_2025-04-08_G70,10109622VITORJ,2025-04-08,118403,1,120,0,914.0
10109622VITORJ_2025-04-09_G02,10109622VITORJ,2025-04-09,110740,1,24,0,1825.0
10109622VITORJ_2025-04-09_G03,10109622VITORJ,2025-04-09,111462,1,30,0,240.0
10109622VITORJ_2025-04-09_G04,10109622VITORJ,2025-04-09,118004,1,3,0,101.0
10109622VITORJ_2025-04-09_G05,10109622VITORJ,2025-04-09,118004,1,12,0,636.0
10109622VITORJ_2025-04-09_G06,10109622VITORJ,2025-04-09,111418,1,120,0,643.0
10109622VITORJ_2025-04-09_G07,10109622VITORJ,2025-04-09,140922,1,17,0,175.0
10109622VITORJ_2025-04-09_G08,10109622VITORJ,2025-04-09,111348,1,8,0,1244.0
10109622VITORJ_2025-04-09_G09,10109622VITORJ,2025-04-09,111532,1,24,0,852.0
10109622VITORJ_2025-04-09_G10,10109622VITORJ,2025-04-09,109645,1,15,0,246.0
10109622VITORJ_2025-04-09_G12,10109622VITORJ,2025-04-09,117787,1,20,0,161.0
10109622VITORJ_2025-04-09_G13,10109622VITORJ,2025-04-09,110748,1,2,0,64.0
10109622VITORJ_2025-04-09_G14,10109622VITORJ,2025-04-09,118317,1,16,0,160.0
10109622VITORJ_2025-04-09_G15,10109622VITORJ,2025-04-09,117821,1,48,0,510.0
10109622VITORJ_2025-04-09_G16,10109622VITORJ,2025-04-09,117785,1,80,0,159.0
10109622VITORJ_2025-04-09_G17,10109622VITORJ,2025-04-09,116241,1,12,0,1170.0
10109622VITORJ_2025-04-09_G18,10109622VITORJ,2025-04-09,111439,1,3,0,557.0
10109622VITORJ_2025-04-09_G19,10109622VITORJ,2025-04-09,111569,1,14,0,562.0
10109622VITORJ_2025-04-09_G20,10109622VITORJ,2025-04-09,140911,1,2,0,188.0
10109622VITORJ_2025-04-09_G21,10109622VITORJ,2025-04-09,114097,1,3,0,259.0
10109622VITORJ_2025-04-09_G22,10109622VITORJ,2025-04-09,118290,1,5,0,1554.0
10109622VITORJ_2025-04-09_G24,10109622VITORJ,2025-04-09,110373,1,600,0,1060.0
10109622VITORJ_2025-04-09_G26,10109622VITORJ,2025-04-09,110742,1,21,0,114.0
10109622VITORJ_2025-04-09_G27,10109622VITORJ,2025-04-09,110753,1,18,0,145.0
10109622VITORJ_2025-04-10_G02,10109622VITORJ,2025-04-10,111330,1,45,0,32.0
10109622VITORJ_2025-04-10_G05,10109622VITORJ,2025-04-10,118299,1,20,0,581.0
10109622VITORJ_2025-04-10_G06,10109622VITORJ,2025-04-10,117809,1,16,0,129.0
10109622VITORJ_2025-04-10_G07,10109622VITORJ,2025-04-10,110371,1,20,0,252.0
10109622VITORJ_2025-04-10_G08,10109622VITORJ,2025-04-10,117820,1,30,0,380.0
10109622VITORJ_2025-04-10_G09,10109622VITORJ,2025-04-10,117808,1,100,0,355.0
10109622VITORJ_2025-04-10_G10,10109622VITORJ,2025-04-10,110375,1,14,0,454.0
10109622VITORJ_2025-04-10_G11,10109622VITORJ,2025-04-10,110373,1,30,0,334.0
10109622VITORJ_2025-04-11_G02,10109622VITORJ,2025-04-11,118004,1,6,0,733.0
10109622VITORJ_2025-04-11_G03,10109622VITORJ,2025-04-11,111466,1,8,0,159.0
10109622VITORJ_2025-04-11_G04,10109622VITORJ,2025-04-11,118004,1,10,0,174.0
10109622VITORJ_2025-04-11_G05,10109622VITORJ,2025-04-11,105705,1,2,0,185.0
10109622VITORJ_2025-04-11_G06,10109622VITORJ,2025-04-11,111467,1,3,0,1276.0
10109622VITORJ_2025-04-11_G07,10109622VITORJ,2025-04-11,117786,1,7,0,90.0
10109622VITORJ_2025-04-11_G08,10109622VITORJ,2025-04-11,111462,1,5,0,127.0
10109622VITORJ_2025-04-11_G09,10109622VITORJ,2025-04-11,111418,1,11,0,100.0
10109622VITORJ_2025-04-11_G10,10109622VITORJ,2025-04-11,118004,1,4,0,69.0
10109622VITORJ_2025-04-11_G11,10109622VITORJ,2025-04-11,118140,1,17,0,193.0
10109622VITORJ_2025-04-11_G12,10109622VITORJ,2025-04-11,111463,1,14,0,116.0
10109622VITORJ_2025-04-11_G13,10109622VITORJ,2025-04-11,111466,1,1,0,42.0
10109622VITORJ_2025-04-11_G14,10109622VITORJ,2025-04-11,117785,1,1,0,97.0
10109622VITORJ_2025-04-11_G15,10109622VITORJ,2025-04-11,110787,1,26,0,373.0
10109622VITORJ_2025-04-11_G16,10109622VITORJ,2025-04-11,110325,1,12,0,327.0
10109622VITORJ_2025-04-11_G17,10109622VITORJ,2025-04-11,110371,1,4,0,103.0
10109622VITORJ_2025-04-11_G18,10109622VITORJ,2025-04-11,117820,1,15,0,192.0
10109622VITORJ_2025-04-11_G19,10109622VITORJ,2025-04-11,110374,1,14,0,146.0
10109622VITORJ_2025-04-11_G20,10109622VITORJ,2025-04-11,109747,1,8,0,569.0
10109622VITORJ_2025-04-11_G22,10109622VITORJ,2025-04-11,110325,1,2,0,882.0
10109622VITORJ_2025-04-11_G23,10109622VITORJ,2025-04-11,110372,1,7,0,84.0
10109622VITORJ_2025-04-11_G24,10109622VITORJ,2025-04-11,118299,1,20,0,194.0
10109622VITORJ_2025-04-11_G25,10109622VITORJ,2025-04-11,110371,1,5,0,93.0
10109622VITORJ_2025-04-11_G26,10109622VITORJ,2025-04-11,"117830, 117820",2,11,25,110.0
10109622VITORJ_2025-04-11_G27,10109622VITORJ,2025-04-11,117808,1,42,0,203.0
10109622VITORJ_2025-04-11_G28,10109622VITORJ,2025-04-11,117832,1,3,0,379.0
10109622VITORJ_2025-04-11_G29,10109622VITORJ,2025-04-11,110373,1,12,0,125.0
10109622VITORJ_2025-04-11_G30,10109622VITORJ,2025-04-11,110740,1,4,0,2389.0
10109622VITORJ_2025-04-11_G31,10109622VITORJ,2025-04-11,117831,1,20,0,331.0
10109622VITORJ_2025-04-11_G32,10109622VITORJ,2025-04-11,111462,1,12,0,126.0
10109622VITORJ_2025-04-11_G33,10109622VITORJ,2025-04-11,111348,1,1,0,122.0
10109622VITORJ_2025-04-11_G34,10109622VITORJ,2025-04-11,111743,1,5,0,58.0
10109622VITORJ_2025-04-11_G35,10109622VITORJ,2025-04-11,117833,1,18,0,165.0
10109622VITORJ_2025-04-11_G36,10109622VITORJ,2025-04-11,109641,1,2,0,46.0
10109622VITORJ_2025-04-11_G37,10109622VITORJ,2025-04-11,117785,1,30,0,900.0
10109622VITORJ_2025-04-11_G38,10109622VITORJ,2025-04-11,109645,1,6,0,84.0
10109622VITORJ_2025-04-11_G39,10109622VITORJ,2025-04-11,108794,1,12,0,151.0
10109622VITORJ_2025-04-11_G40,10109622VITORJ,2025-04-11,117838,1,2,0,64.0
10109622VITORJ_2025-04-11_G41,10109622VITORJ,2025-04-11,118223,1,4,0,61.0
10109622VITORJ_2025-04-11_G42,10109622VITORJ,2025-04-11,111465,1,12,0,190.0
10109622VITORJ_2025-04-11_G43,10109622VITORJ,2025-04-11,118298,1,8,0,182.0
10109622VITORJ_2025-04-11_G44,10109622VITORJ,2025-04-11,117786,1,20,0,198.0
10109622VITORJ_2025-04-11_G45,10109622VITORJ,2025-04-11,117856,1,6,0,89.0
10109622VITORJ_2025-04-11_G46,10109622VITORJ,2025-04-11,110515,1,14,0,613.0
10109622VITORJ_2025-04-11_G47,10109622VITORJ,2025-04-11,110515,1,6,0,38.0
10109622VITORJ_2025-04-11_G48,10109622VITORJ,2025-04-11,117788,1,2,0,99.0
10109622VITORJ_2025-04-11_G49,10109622VITORJ,2025-04-11,118299,1,150,0,1059.0
10109622VITORJ_2025-04-11_G51,10109622VITORJ,2025-04-11,110755,1,4,0,204.0
10109622VITORJ_2025-04-11_G52,10109622VITORJ,2025-04-11,117831,1,2,0,53.0
10109622VITORJ_2025-04-11_G53,10109622VITORJ,2025-04-11,111418,1,2,0,115.0
10109622VITORJ_2025-04-11_G54,10109622VITORJ,2025-04-11,111466,1,2,0,240.0
10109622VITORJ_2025-04-11_G55,10109622VITORJ,2025-04-11,117785,1,6,0,179.0
10109622VITORJ_2025-04-11_G56,10109622VITORJ,2025-04-11,118299,1,29,0,238.0
10109622VITORJ_2025-04-11_G57,10109622VITORJ,2025-04-11,117808,1,31,0,761.0
10109622VITORJ_2025-04-11_G58,10109622VITORJ,2025-04-11,117832,1,8,0,137.0
10109622VITORJ_2025-04-11_G59,10109622VITORJ,2025-04-11,110747,1,2,0,309.0
10109622VITORJ_2025-04-11_G60,10109622VITORJ,2025-04-11,118306,1,4,0,230.0
10109622VITORJ_2025-04-11_G61,10109622VITORJ,2025-04-11,117862,1,8,0,154.0
10109622VITORJ_2025-04-11_G62,10109622VITORJ,2025-04-11,110733,1,2,0,58.0
10109622VITORJ_2025-04-11_G63,10109622VITORJ,2025-04-11,107629,1,2,0,49.0
10109622VITORJ_2025-04-12_G02,10109622VITORJ,2025-04-12,117786,1,3,0,43.0
10109622VITORJ_2025-04-12_G03,10109622VITORJ,2025-04-12,117856,1,4,0,76.0
10109622VITORJ_2025-04-12_G04,10109622VITORJ,2025-04-12,110740,1,2,0,179.0
10109622VITORJ_2025-04-12_G05,10109622VITORJ,2025-04-12,117831,1,6,0,520.0
10109622VITORJ_2025-04-12_G06,10109622VITORJ,2025-04-12,111462,1,4,0,93.0
10109622VITORJ_2025-04-12_G07,10109622VITORJ,2025-04-12,111418,1,12,0,147.0
10109622VITORJ_2025-04-12_G08,10109622VITORJ,2025-04-12,111463,1,7,0,95.0
10109622VITORJ_2025-04-12_G09,10109622VITORJ,2025-04-12,111466,1,6,0,54.0
10109622VITORJ_2025-04-12_G10,10109622VITORJ,2025-04-12,111532,1,3,0,66.0
10109622VITORJ_2025-04-12_G11,10109622VITORJ,2025-04-12,109645,1,2,0,55.0
10109622VITORJ_2025-04-12_G12,10109622VITORJ,2025-04-12,111442,1,3,0,212.0
10109622VITORJ_2025-04-12_G13,10109622VITORJ,2025-04-12,105705,1,4,0,132.0
10109622VITORJ_2025-04-12_G14,10109622VITORJ,2025-04-12,110325,1,9,0,606.0
10109622VITORJ_2025-04-12_G15,10109622VITORJ,2025-04-12,117820,1,8,0,89.0
10109622VITORJ_2025-04-12_G16,10109622VITORJ,2025-04-12,110374,1,6,0,109.0
10109622VITORJ_2025-04-12_G17,10109622VITORJ,2025-04-12,117808,1,55,0,744.0
10109622VITORJ_2025-04-12_G18,10109622VITORJ,2025-04-12,118299,1,5,0,79.0
10109622VITORJ_2025-04-12_G19,10109622VITORJ,2025-04-12,117809,1,8,0,131.0
10109622VITORJ_2025-04-12_G20,10109622VITORJ,2025-04-12,117830,1,2,0,103.0
10109622VITORJ_2025-04-12_G21,10109622VITORJ,2025-04-12,110372,1,10,0,144.0
10109622VITORJ_2025-04-12_G22,10109622VITORJ,2025-04-12,117832,1,4,0,99.0
10109622VITORJ_2025-04-12_G23,10109622VITORJ,2025-04-12,110373,1,4,0,89.0
10109622VITORJ_2025-04-12_G24,10109622VITORJ,2025-04-12,111437,1,4,0,428.0
10109622VITORJ_2025-04-12_G25,10109622VITORJ,2025-04-12,110752,1,4,0,79.0
10109622VITORJ_2025-04-12_G26,10109622VITORJ,2025-04-12,109641,1,6,0,149.0
10109622VITORJ_2025-04-12_G27,10109622VITORJ,2025-04-12,110787,1,12,0,193.0
10109622VITORJ_2025-04-12_G28,10109622VITORJ,2025-04-12,110372,1,11,0,169.0
10109622VITORJ_2025-04-12_G29,10109622VITORJ,2025-04-12,110313,1,4,0,269.0
10109622VITORJ_2025-04-12_G30,10109622VITORJ,2025-04-12,110711,1,1,0,170.0
10109622VITORJ_2025-04-12_G31,10109622VITORJ,2025-04-12,118299,1,44,0,1071.0
10109622VITORJ_2025-04-12_G32,10109622VITORJ,2025-04-12,118306,1,5,0,104.0
10109622VITORJ_2025-04-12_G33,10109622VITORJ,2025-04-12,111439,1,4,0,87.0
10109622VITORJ_2025-04-12_G35,10109622VITORJ,2025-04-12,100334,1,3,0,187.0
10109622VITORJ_2025-04-12_G36,10109622VITORJ,2025-04-12,110313,1,1,0,102.0
10109622VITORJ_2025-04-12_G37,10109622VITORJ,2025-04-12,110733,1,2,0,37.0
10109622VITORJ_2025-04-12_G38,10109622VITORJ,2025-04-12,118140,1,3,0,73.0
10109622VITORJ_2025-04-12_G39,10109622VITORJ,2025-04-12,140922,1,6,0,80.0
10109622VITORJ_2025-04-12_G40,10109622VITORJ,2025-04-12,111463,1,7,0,1307.0
10109622VITORJ_2025-04-12_G41,10109622VITORJ,2025-04-12,111466,1,1,0,74.0
10109622VITORJ_2025-04-12_G42,10109622VITORJ,2025-04-12,117785,1,4,0,114.0
10109622VITORJ_2025-04-12_G43,10109622VITORJ,2025-04-12,110787,1,22,0,788.0
10109622VITORJ_2025-04-12_G44,10109622VITORJ,2025-04-12,117820,1,3,0,102.0
10109622VITORJ_2025-04-12_G45,10109622VITORJ,2025-04-12,110374,1,2,0,87.0
10109622VITORJ_2025-04-12_G46,10109622VITORJ,2025-04-12,117808,1,37,0,448.0
10109622VITORJ_2025-04-12_G48,10109622VITORJ,2025-04-12,110372,1,22,0,381.0
10109622VITORJ_2025-04-12_G49,10109622VITORJ,2025-04-12,117832,1,4,0,41.0
10109622VITORJ_2025-04-12_G50,10109622VITORJ,2025-04-12,110747,1,1,0,709.0
10109622VITORJ_2025-04-12_G51,10109622VITORJ,2025-04-12,110339,1,3,0,55.0
10109622VITORJ_2025-04-12_G52,10109622VITORJ,2025-04-12,117855,1,1,0,200.0
10109622VITORJ_2025-04-12_G53,10109622VITORJ,2025-04-12,118140,1,1,0,57.0
10109622VITORJ_2025-04-12_G54,10109622VITORJ,2025-04-12,140922,1,3,0,66.0
10109622VITORJ_2025-04-12_G55,10109622VITORJ,2025-04-12,117820,1,2,0,182.0
10109622VITORJ_2025-04-12_G56,10109622VITORJ,2025-04-12,109643,1,1,0,123.0
10109622VITORJ_2025-04-12_G57,10109622VITORJ,2025-04-12,111469,1,2,0,694.0
10109622VITORJ_2025-04-12_G58,10109622VITORJ,2025-04-12,111418,1,8,0,129.0
10109622VITORJ_2025-04-12_G59,10109622VITORJ,2025-04-12,118004,1,11,0,79.0
10109622VITORJ_2025-04-12_G60,10109622VITORJ,2025-04-12,111466,1,1,0,46.0
10109622VITORJ_2025-04-12_G61,10109622VITORJ,2025-04-12,108794,1,5,0,102.0
10109622VITORJ_2025-04-12_G62,10109622VITORJ,2025-04-12,110787,1,4,0,137.0
10109622VITORJ_2025-04-12_G63,10109622VITORJ,2025-04-12,118140,2,13,29,313.0
10109622VITORJ_2025-04-13_G02,10109622VITORJ,2025-04-13,108794,1,32,0,608.0
10109622VITORJ_2025-04-14_G02,10109622VITORJ,2025-04-14,110745,1,10,0,261.0
10109622VITORJ_2025-04-14_G03,10109622VITORJ,2025-04-14,117834,1,4,0,3178.0
10109622VITORJ_2025-04-14_G04,10109622VITORJ,2025-04-14,111438,1,4,0,119.0
10109622VITORJ_2025-04-14_G05,10109622VITORJ,2025-04-14,110313,1,2,0,99.0
10109622VITORJ_2025-04-14_G06,10109622VITORJ,2025-04-14,117786,1,2,0,488.0
10109622VITORJ_2025-04-14_G07,10109622VITORJ,2025-04-14,110515,1,2,0,222.0
10109622VITORJ_2025-04-14_G08,10109622VITORJ,2025-04-14,111469,1,16,0,271.0
10109622VITORJ_2025-04-14_G09,10109622VITORJ,2025-04-14,111348,1,1,0,90.0
10109622VITORJ_2025-04-14_G10,10109622VITORJ,2025-04-14,111172,1,2,0,288.0
10109622VITORJ_2025-04-14_G11,10109622VITORJ,2025-04-14,111465,1,6,0,153.0
10109622VITORJ_2025-04-14_G12,10109622VITORJ,2025-04-14,117809,1,4,0,153.0
10109622VITORJ_2025-04-14_G13,10109622VITORJ,2025-04-14,117840,1,4,0,136.0
10109622VITORJ_2025-04-14_G14,10109622VITORJ,2025-04-14,117832,1,2,0,84.0
10109622VITORJ_2025-04-14_G16,10109622VITORJ,2025-04-14,107629,1,2,0,51.0
10109622VITORJ_2025-04-14_G17,10109622VITORJ,2025-04-14,117861,1,4,0,100.0
10109622VITORJ_2025-04-14_G18,10109622VITORJ,2025-04-14,117856,1,1,0,92.0
10109622VITORJ_2025-04-14_G19,10109622VITORJ,2025-04-14,111348,1,2,0,553.0
10109622VITORJ_2025-04-14_G20,10109622VITORJ,2025-04-14,118223,1,1,0,74.0
10109622VITORJ_2025-04-14_G21,10109622VITORJ,2025-04-14,118004,2,10,18,215.0
10109622VITORJ_2025-04-14_G22,10109622VITORJ,2025-04-14,109640,1,6,0,633.0
10109622VITORJ_2025-04-14_G23,10109622VITORJ,2025-04-14,110371,1,4,0,473.0
10109622VITORJ_2025-04-14_G24,10109622VITORJ,2025-04-14,111441,1,2,0,1702.0
10109622VITORJ_2025-04-14_G25,10109622VITORJ,2025-04-14,110747,1,4,0,106.0
10109622VITORJ_2025-04-14_G26,10109622VITORJ,2025-04-14,109937,1,2,0,199.0
10109622VITORJ_2025-04-14_G27,10109622VITORJ,2025-04-14,109640,1,4,0,217.0
10109622VITORJ_2025-04-14_G28,10109622VITORJ,2025-04-14,108795,1,4,0,98.0
10109622VITORJ_2025-04-14_G29,10109622VITORJ,2025-04-14,111172,1,2,0,697.0
10109622VITORJ_2025-04-14_G30,10109622VITORJ,2025-04-14,111435,1,4,0,535.0
10109622VITORJ_2025-04-14_G31,10109622VITORJ,2025-04-14,111466,1,5,0,336.0
10109622VITORJ_2025-04-14_G32,10109622VITORJ,2025-04-14,116241,1,2,0,52.0
10109622VITORJ_2025-04-14_G33,10109622VITORJ,2025-04-14,118004,1,1,0,148.0
10109622VITORJ_2025-04-14_G34,10109622VITORJ,2025-04-14,111172,1,4,0,132.0
10109622VITORJ_2025-04-14_G36,10109622VITORJ,2025-04-14,110373,1,600,0,1758.0
10109622VITORJ_2025-04-15_G03,10109622VITORJ,2025-04-15,111569,1,80,0,428.0
10109622VITORJ_2025-04-15_G04,10109622VITORJ,2025-04-15,105705,1,12,0,461.0
10109622VITORJ_2025-04-15_G05,10109622VITORJ,2025-04-15,117831,1,20,0,217.0
10109622VITORJ_2025-04-15_G06,10109622VITORJ,2025-04-15,111466,1,180,0,1828.0
10109622VITORJ_2025-04-15_G07,10109622VITORJ,2025-04-15,111348,1,12,0,170.0
10109622VITORJ_2025-04-15_G08,10109622VITORJ,2025-04-15,116241,1,12,0,255.0
10109622VITORJ_2025-04-15_G09,10109622VITORJ,2025-04-15,117785,1,100,0,370.0
10109622VITORJ_2025-04-15_G10,10109622VITORJ,2025-04-15,111442,1,12,0,542.0
10109622VITORJ_2025-04-15_G11,10109622VITORJ,2025-04-15,118223,1,6,0,90.0
10109622VITORJ_2025-04-15_G12,10109622VITORJ,2025-04-15,110740,1,30,0,590.0
10109622VITORJ_2025-04-15_G13,10109622VITORJ,2025-04-15,110787,1,20,0,620.0
10109622VITORJ_2025-04-15_G14,10109622VITORJ,2025-04-15,111465,1,28,0,246.0
10109622VITORJ_2025-04-15_G16,10109622VITORJ,2025-04-15,111438,1,32,0,821.0
10109622VITORJ_2025-04-15_G17,10109622VITORJ,2025-04-15,118290,1,5,0,64.0
10109622VITORJ_2025-04-15_G18,10109622VITORJ,2025-04-15,110895,1,2,0,82.0
10109622VITORJ_2025-04-15_G19,10109622VITORJ,2025-04-15,109937,1,3,0,133.0
10109622VITORJ_2025-04-15_G20,10109622VITORJ,2025-04-15,117831,1,13,0,359.0
10109622VITORJ_2025-04-15_G21,10109622VITORJ,2025-04-15,111469,1,20,0,233.0
10109622VITORJ_2025-04-15_G22,10109622VITORJ,2025-04-15,111469,1,4,0,38.0
10109622VITORJ_2025-04-15_G23,10109622VITORJ,2025-04-15,117821,1,9,0,100.0
10109622VITORJ_2025-04-16_G02,10109622VITORJ,2025-04-16,118004,1,6,0,147.0
10109622VITORJ_2025-04-16_G03,10109622VITORJ,2025-04-16,111348,1,3,0,326.0
10109622VITORJ_2025-04-16_G04,10109622VITORJ,2025-04-16,118140,1,11,0,336.0
10109622VITORJ_2025-04-16_G05,10109622VITORJ,2025-04-16,140922,1,11,0,369.0
10109622VITORJ_2025-04-16_G06,10109622VITORJ,2025-04-16,109641,1,3,0,185.0
10109622VITORJ_2025-04-16_G07,10109622VITORJ,2025-04-16,117785,1,85,0,162.0
10109622VITORJ_2025-04-16_G08,10109622VITORJ,2025-04-16,111466,1,49,0,1400.0
10109622VITORJ_2025-04-16_G09,10109622VITORJ,2025-04-16,108794,1,4,0,242.0
10109622VITORJ_2025-04-16_G10,10109622VITORJ,2025-04-16,111532,1,59,0,517.0
10109622VITORJ_2025-04-16_G11,10109622VITORJ,2025-04-16,111462,1,11,0,174.0
10109622VITORJ_2025-04-16_G12,10109622VITORJ,2025-04-16,110745,1,9,0,270.0
10109622VITORJ_2025-04-16_G13,10109622VITORJ,2025-04-16,111465,1,15,0,299.0
10109622VITORJ_2025-04-16_G14,10109622VITORJ,2025-04-16,111465,1,7,0,198.0
10109622VITORJ_2025-04-16_G15,10109622VITORJ,2025-04-16,111435,1,2,0,565.0
10109622VITORJ_2025-04-16_G16,10109622VITORJ,2025-04-16,111532,1,3,0,447.0
10109622VITORJ_2025-04-16_G18,10109622VITORJ,2025-04-16,110580,1,1,0,211.0
10109622VITORJ_2025-04-16_G19,10109622VITORJ,2025-04-16,141047,1,3,0,116.0
10109622VITORJ_2025-04-16_G20,10109622VITORJ,2025-04-16,117862,1,20,0,447.0
10109622VITORJ_2025-04-16_G21,10109622VITORJ,2025-04-16,107629,1,2,0,232.0
10109622VITORJ_2025-04-16_G22,10109622VITORJ,2025-04-16,117861,1,20,0,214.0
10109622VITORJ_2025-04-16_G23,10109622VITORJ,2025-04-16,117855,1,16,0,312.0
10109622VITORJ_2025-04-16_G24,10109622VITORJ,2025-04-16,117786,1,6,0,91.0
10109622VITORJ_2025-04-16_G25,10109622VITORJ,2025-04-16,110515,1,3,0,235.0
10109622VITORJ_2025-04-16_G26,10109622VITORJ,2025-04-16,111602,1,2,0,136.0
10109622VITORJ_2025-04-16_G27,10109622VITORJ,2025-04-16,109640,1,2,0,56.0
10109622VITORJ_2025-04-16_G28,10109622VITORJ,2025-04-16,110711,1,3,0,99.0
10109622VITORJ_2025-04-16_G29,10109622VITORJ,2025-04-16,110711,1,13,0,375.0
10109622VITORJ_2025-04-16_G30,10109622VITORJ,2025-04-16,111602,1,26,0,191.0
10109622VITORJ_2025-04-16_G31,10109622VITORJ,2025-04-16,110371,1,6,0,1278.0
10109622VITORJ_2025-04-16_G32,10109622VITORJ,2025-04-16,117830,1,5,0,150.0
10109622VITORJ_2025-04-16_G33,10109622VITORJ,2025-04-16,117830,1,49,0,369.0
10109622VITORJ_2025-04-16_G34,10109622VITORJ,2025-04-16,110372,1,1,0,71.0
10109622VITORJ_2025-04-16_G35,10109622VITORJ,2025-04-16,110372,1,25,0,238.0
10109622VITORJ_2025-04-16_G36,10109622VITORJ,2025-04-16,110373,1,20,0,291.0
10109622VITORJ_2025-04-16_G37,10109622VITORJ,2025-04-16,117831,1,350,0,2472.0
10109622VITORJ_2025-04-16_G38,10109622VITORJ,2025-04-16,117785,1,525,0,1871.0
10109622VITORJ_2025-04-16_G40,10109622VITORJ,2025-04-16,111463,1,120,0,658.0
10109622VITORJ_2025-04-16_G41,10109622VITORJ,2025-04-16,111348,1,6,0,108.0
10109622VITORJ_2025-04-16_G42,10109622VITORJ,2025-04-16,117833,1,6,0,66.0
10109622VITORJ_2025-04-16_G43,10109622VITORJ,2025-04-16,109641,1,12,0,49.0
10109622VITORJ_2025-04-16_G44,10109622VITORJ,2025-04-16,111532,1,8,0,299.0
10109622VITORJ_2025-04-16_G45,10109622VITORJ,2025-04-16,118223,1,6,0,106.0
10109622VITORJ_2025-04-16_G46,10109622VITORJ,2025-04-16,109645,1,6,0,139.0
10109622VITORJ_2025-04-17_G02,10109622VITORJ,2025-04-17,118317,1,10,0,533.0
10109622VITORJ_2025-04-17_G03,10109622VITORJ,2025-04-17,111435,1,4,0,409.0
10109622VITORJ_2025-04-17_G04,10109622VITORJ,2025-04-17,118140,1,10,0,2413.0
10109622VITORJ_2025-04-17_G05,10109622VITORJ,2025-04-17,108711,1,5,0,449.0
10109622VITORJ_2025-04-17_G06,10109622VITORJ,2025-04-17,118004,1,2,0,174.0
10109622VITORJ_2025-04-17_G07,10109622VITORJ,2025-04-17,108711,1,8,0,226.0
10109622VITORJ_2025-04-17_G08,10109622VITORJ,2025-04-17,108711,1,4,0,114.0
10109622VITORJ_2025-04-17_G09,10109622VITORJ,2025-04-17,111330,1,16,0,691.0
10109622VITORJ_2025-04-17_G10,10109622VITORJ,2025-04-17,118253,1,6,0,261.0
10109622VITORJ_2025-04-17_G11,10109622VITORJ,2025-04-17,111441,1,2,0,349.0
10109622VITORJ_2025-04-17_G12,10109622VITORJ,2025-04-17,110742,1,2,0,56.0
10109622VITORJ_2025-04-17_G13,10109622VITORJ,2025-04-17,117862,1,2,0,80.0
10109622VITORJ_2025-04-17_G14,10109622VITORJ,2025-04-17,107629,1,2,0,189.0
10109622VITORJ_2025-04-17_G15,10109622VITORJ,2025-04-17,110339,1,1,0,50.0
10109622VITORJ_2025-04-17_G16,10109622VITORJ,2025-04-17,117861,1,2,0,39.0
10109622VITORJ_2025-04-17_G17,10109622VITORJ,2025-04-17,110752,1,2,0,162.0
10109622VITORJ_2025-04-17_G18,10109622VITORJ,2025-04-17,111439,1,2,0,185.0
10109622VITORJ_2025-04-17_G19,10109622VITORJ,2025-04-17,109640,1,2,0,53.0
10109622VITORJ_2025-04-17_G21,10109622VITORJ,2025-04-17,118299,1,8,0,182.0
10109622VITORJ_2025-04-17_G22,10109622VITORJ,2025-04-17,117830,1,4,0,102.0
10109622VITORJ_2025-04-17_G23,10109622VITORJ,2025-04-17,118285,1,23,0,3470.0
10109622VITORJ_2025-04-17_G24,10109622VITORJ,2025-04-17,111469,1,20,0,834.0
10109622VITORJ_2025-04-17_G25,10109622VITORJ,2025-04-17,117821,1,20,0,395.0
10109622VITORJ_2025-04-17_G26,10109622VITORJ,2025-04-17,111418,1,80,0,282.0
10109622VITORJ_2025-04-17_G27,10109622VITORJ,2025-04-17,118004,1,50,0,329.0
10109622VITORJ_2025-04-17_G28,10109622VITORJ,2025-04-17,118004,1,40,0,99.0
10109622VITORJ_2025-04-17_G29,10109622VITORJ,2025-04-17,111468,1,3,0,458.0
10109622VITORJ_2025-04-17_G31,10109622VITORJ,2025-04-17,118299,1,12,0,155.0
10109622VITORJ_2025-04-17_G32,10109622VITORJ,2025-04-17,107629,1,5,0,361.0
10109622VITORJ_2025-04-17_G33,10109622VITORJ,2025-04-17,110515,1,6,0,153.0
10109622VITORJ_2025-04-17_G34,10109622VITORJ,2025-04-17,108798,1,3,0,193.0
10109622VITORJ_2025-04-17_G35,10109622VITORJ,2025-04-17,111172,1,8,0,226.0
10109622VITORJ_2025-04-17_G36,10109622VITORJ,2025-04-17,118140,1,3,0,123.0
10109622VITORJ_2025-04-17_G37,10109622VITORJ,2025-04-17,107830,1,3,0,188.0
10109622VITORJ_2025-04-17_G38,10109622VITORJ,2025-04-17,110339,1,21,0,378.0
10109622VITORJ_2025-04-17_G39,10109622VITORJ,2025-04-17,111602,1,16,0,174.0
10109622VITORJ_2025-04-17_G40,10109622VITORJ,2025-04-17,111463,1,15,0,201.0
10109622VITORJ_2025-04-17_G41,10109622VITORJ,2025-04-17,111466,1,14,0,139.0
10109622VITORJ_2025-04-18_G02,10109622VITORJ,2025-04-18,111532,1,20,0,163.0
10109622VITORJ_2025-04-18_G03,10109622VITORJ,2025-04-18,118299,1,24,0,192.0
10109622VITORJ_2025-04-18_G04,10109622VITORJ,2025-04-18,110373,1,12,0,169.0
10109622VITORJ_2025-04-18_G05,10109622VITORJ,2025-04-18,141047,1,7,0,574.0
10109622VITORJ_2025-04-18_G06,10109622VITORJ,2025-04-18,110711,1,4,0,112.0
10109622VITORJ_2025-04-18_G07,10109622VITORJ,2025-04-18,111330,1,5,0,142.0
10109622VITORJ_2025-04-18_G08,10109622VITORJ,2025-04-18,117835,1,1,0,1475.0
10109622VITORJ_2025-04-18_G09,10109622VITORJ,2025-04-18,108759,1,2,0,143.0
10109622VITORJ_2025-04-18_G10,10109622VITORJ,2025-04-18,109640,1,7,0,213.0
10109622VITORJ_2025-04-18_G11,10109622VITORJ,2025-04-18,110755,1,3,0,350.0
10109622VITORJ_2025-04-18_G12,10109622VITORJ,2025-04-18,111441,1,4,0,160.0
10109622VITORJ_2025-04-18_G13,10109622VITORJ,2025-04-18,116527,1,4,0,139.0
10109622VITORJ_2025-04-18_G14,10109622VITORJ,2025-04-18,110711,1,4,0,113.0
10109622VITORJ_2025-04-18_G15,10109622VITORJ,2025-04-18,111602,1,5,0,97.0
10109622VITORJ_2025-04-18_G16,10109622VITORJ,2025-04-18,117831,1,8,0,149.0
10109622VITORJ_2025-04-18_G17,10109622VITORJ,2025-04-18,111469,1,10,0,1053.0
10109622VITORJ_2025-04-18_G18,10109622VITORJ,2025-04-18,111418,1,12,0,523.0
10109622VITORJ_2025-04-18_G20,10109622VITORJ,2025-04-18,118317,1,4,0,88.0
10109622VITORJ_2025-04-18_G21,10109622VITORJ,2025-04-18,111330,1,6,0,385.0
10109622VITORJ_2025-04-18_G22,10109622VITORJ,2025-04-18,110325,1,4,0,107.0
10109622VITORJ_2025-04-18_G23,10109622VITORJ,2025-04-18,117808,1,12,0,114.0
10109622VITORJ_2025-04-18_G24,10109622VITORJ,2025-04-18,118299,1,10,0,163.0
10109622VITORJ_2025-04-18_G25,10109622VITORJ,2025-04-18,110371,1,4,0,118.0
10109622VITORJ_2025-04-18_G26,10109622VITORJ,2025-04-18,117830,1,6,0,80.0
10109622VITORJ_2025-04-18_G27,10109622VITORJ,2025-04-18,110373,1,12,0,354.0
10109622VITORJ_2025-04-18_G28,10109622VITORJ,2025-04-18,110373,1,6,0,41.0
10109622VITORJ_2025-04-18_G29,10109622VITORJ,2025-04-18,110746,1,2,0,1356.0
10109622VITORJ_2025-04-18_G30,10109622VITORJ,2025-04-18,117834,1,12,0,151.0
10109622VITORJ_2025-04-18_G31,10109622VITORJ,2025-04-18,111441,1,4,0,163.0
10109622VITORJ_2025-04-18_G32,10109622VITORJ,2025-04-18,117836,1,2,0,110.0
10109622VITORJ_2025-04-18_G33,10109622VITORJ,2025-04-18,110339,1,4,0,156.0
10109622VITORJ_2025-04-18_G34,10109622VITORJ,2025-04-18,109640,1,4,0,118.0
10109622VITORJ_2025-04-18_G35,10109622VITORJ,2025-04-18,111469,1,12,0,293.0
10109622VITORJ_2025-04-18_G36,10109622VITORJ,2025-04-18,111463,1,24,0,297.0
10109622VITORJ_2025-04-18_G37,10109622VITORJ,2025-04-18,111330,1,12,0,550.0
10109622VITORJ_2025-04-18_G38,10109622VITORJ,2025-04-18,118299,1,4,0,119.0
10109622VITORJ_2025-04-18_G39,10109622VITORJ,2025-04-18,117820,1,4,0,112.0
10109622VITORJ_2025-04-18_G40,10109622VITORJ,2025-04-18,117830,1,20,0,321.0
10109622VITORJ_2025-04-18_G41,10109622VITORJ,2025-04-18,118306,1,6,0,549.0
10109622VITORJ_2025-04-18_G42,10109622VITORJ,2025-04-18,111469,1,12,0,1524.0
10109622VITORJ_2025-04-18_G43,10109622VITORJ,2025-04-18,111469,1,4,0,41.0
10109622VITORJ_2025-04-18_G44,10109622VITORJ,2025-04-18,117821,1,8,0,81.0
10109622VITORJ_2025-04-18_G45,10109622VITORJ,2025-04-18,111469,1,4,0,407.0
10109622VITORJ_2025-04-18_G46,10109622VITORJ,2025-04-18,117785,1,10,0,309.0
10109622VITORJ_2025-04-20_G02,10109622VITORJ,2025-04-20,109640,1,12,0,283.0
10109622VITORJ_2025-04-20_G03,10109622VITORJ,2025-04-20,117820,1,5,0,1461.0
10109622VITORJ_2025-04-20_G04,10109622VITORJ,2025-04-20,110373,1,5,0,109.0
10109622VITORJ_2025-04-20_G05,10109622VITORJ,2025-04-20,117808,1,21,0,293.0
10109622VITORJ_2025-04-21_G02,10109622VITORJ,2025-04-21,160053,1,2,0,1578.0
10109622VITORJ_2025-04-21_G03,10109622VITORJ,2025-04-21,110747,1,12,0,282.0
10109622VITORJ_2025-04-21_G04,10109622VITORJ,2025-04-21,111438,1,7,0,434.0
10109622VITORJ_2025-04-21_G06,10109622VITORJ,2025-04-21,111569,1,1,0,554.0
10109622VITORJ_2025-04-21_G07,10109622VITORJ,2025-04-21,110742,1,4,0,91.0
10109622VITORJ_2025-04-21_G08,10109622VITORJ,2025-04-21,111850,1,3,0,53.0
10109622VITORJ_2025-04-21_G09,10109622VITORJ,2025-04-21,111438,1,4,0,114.0
10109622VITORJ_2025-04-21_G10,10109622VITORJ,2025-04-21,111441,1,3,0,115.0
10109622VITORJ_2025-04-21_G11,10109622VITORJ,2025-04-21,106865,1,2,0,133.0
10109622VITORJ_2025-04-21_G12,10109622VITORJ,2025-04-21,141047,1,4,0,182.0
10109622VITORJ_2025-04-21_G13,10109622VITORJ,2025-04-21,107629,1,5,0,112.0
10109622VITORJ_2025-04-21_G14,10109622VITORJ,2025-04-21,110313,1,12,0,173.0
10109622VITORJ_2025-04-21_G15,10109622VITORJ,2025-04-21,117861,1,8,0,101.0
10109622VITORJ_2025-04-21_G16,10109622VITORJ,2025-04-21,110733,1,2,0,42.0
10109622VITORJ_2025-04-21_G17,10109622VITORJ,2025-04-21,117855,1,8,0,151.0
10109622VITORJ_2025-04-21_G18,10109622VITORJ,2025-04-21,111467,1,5,0,293.0
10109622VITORJ_2025-04-21_G19,10109622VITORJ,2025-04-21,110711,1,5,0,129.0
10109622VITORJ_2025-04-21_G20,10109622VITORJ,2025-04-21,117854,1,4,0,59.0
10109622VITORJ_2025-04-21_G21,10109622VITORJ,2025-04-21,109640,1,7,0,91.0
10109622VITORJ_2025-04-21_G22,10109622VITORJ,2025-04-21,117831,1,8,0,140.0
10109622VITORJ_2025-04-21_G23,10109622VITORJ,2025-04-21,111433,1,1,0,108.0
10109622VITORJ_2025-04-21_G24,10109622VITORJ,2025-04-21,111463,1,16,0,168.0
10109622VITORJ_2025-04-21_G25,10109622VITORJ,2025-04-21,109641,1,3,0,108.0
10109622VITORJ_2025-04-21_G26,10109622VITORJ,2025-04-21,111172,1,3,0,55.0
10109622VITORJ_2025-04-21_G27,10109622VITORJ,2025-04-21,117785,1,12,0,114.0
10109622VITORJ_2025-04-21_G28,10109622VITORJ,2025-04-21,111462,1,16,0,841.0
10109622VITORJ_2025-04-21_G29,10109622VITORJ,2025-04-21,110787,1,2,0,94.0
10109622VITORJ_2025-04-21_G30,10109622VITORJ,2025-04-21,108736,1,4,0,112.0
10109622VITORJ_2025-04-21_G31,10109622VITORJ,2025-04-21,117808,1,20,0,248.0
10109622VITORJ_2025-04-21_G32,10109622VITORJ,2025-04-21,109643,1,2,0,112.0
10109622VITORJ_2025-04-21_G33,10109622VITORJ,2025-04-21,110373,1,40,0,769.0
10109622VITORJ_2025-04-21_G34,10109622VITORJ,2025-04-21,105705,1,4,0,569.0
10109622VITORJ_2025-04-21_G35,10109622VITORJ,2025-04-21,110313,1,6,0,1538.0
10109622VITORJ_2025-04-21_G36,10109622VITORJ,2025-04-21,140922,1,4,0,136.0
10109622VITORJ_2025-04-21_G37,10109622VITORJ,2025-04-21,117935,1,8,0,158.0
10109622VITORJ_2025-04-21_G38,10109622VITORJ,2025-04-21,109647,1,2,0,39.0
10109622VITORJ_2025-04-21_G39,10109622VITORJ,2025-04-21,118140,1,20,0,663.0
10109622VITORJ_2025-04-23_G02,10109622VITORJ,2025-04-23,111598,1,48,0,663.0
10109622VITORJ_2025-04-23_G03,10109622VITORJ,2025-04-23,108794,1,112,0,1496.0
10109622VITORJ_2025-04-23_G04,10109622VITORJ,2025-04-23,110745,1,62,0,530.0
10109622VITORJ_2025-04-23_G05,10109622VITORJ,2025-04-23,110745,1,10,0,121.0
10109622VITORJ_2025-04-23_G06,10109622VITORJ,2025-04-23,111330,1,13,0,943.0
10109622VITORJ_2025-04-23_G07,10109622VITORJ,2025-04-23,110325,1,270,0,1118.0
10109622VITORJ_2025-04-23_G09,10109622VITORJ,2025-04-23,117835,1,1,0,106.0
10109622VITORJ_2025-04-23_G10,10109622VITORJ,2025-04-23,110313,1,66,0,656.0
10109622VITORJ_2025-04-23_G11,10109622VITORJ,2025-04-23,111468,1,23,0,305.0
10109622VITORJ_2025-04-23_G12,10109622VITORJ,2025-04-23,108798,1,11,0,411.0
10109622VITORJ_2025-04-23_G13,10109622VITORJ,2025-04-23,111330,1,76,0,582.0
10109622VITORJ_2025-04-23_G14,10109622VITORJ,2025-04-23,110325,1,180,0,856.0
10109622VITORJ_2025-04-23_G15,10109622VITORJ,2025-04-23,110374,1,240,0,987.0
10109622VITORJ_2025-04-23_G16,10109622VITORJ,2025-04-23,117809,1,200,0,1209.0
10109622VITORJ_2025-04-23_G17,10109622VITORJ,2025-04-23,118299,1,200,0,775.0
10109622VITORJ_2025-04-23_G18,10109622VITORJ,2025-04-23,110371,1,320,0,713.0
10109622VITORJ_2025-04-23_G19,10109622VITORJ,2025-04-23,118281,1,50,0,384.0
10109622VITORJ_2025-04-23_G21,10109622VITORJ,2025-04-23,111602,1,20,0,273.0
10109622VITORJ_2025-04-23_G22,10109622VITORJ,2025-04-23,105705,1,37,0,663.0
10109622VITORJ_2025-04-23_G23,10109622VITORJ,2025-04-23,117838,1,32,0,820.0
10109622VITORJ_2025-04-24_G02,10109622VITORJ,2025-04-24,118317,1,5,0,214.0
10109622VITORJ_2025-04-24_G03,10109622VITORJ,2025-04-24,111330,1,1,0,52.0
10109622VITORJ_2025-04-24_G04,10109622VITORJ,2025-04-24,108736,1,14,0,164.0
10109622VITORJ_2025-04-24_G05,10109622VITORJ,2025-04-24,118299,1,400,0,2332.0
10109622VITORJ_2025-04-24_G06,10109622VITORJ,2025-04-24,117808,1,700,0,3380.0
10109622VITORJ_2025-04-24_G07,10109622VITORJ,2025-04-24,117809,1,100,0,307.0
10109622VITORJ_2025-04-24_G09,10109622VITORJ,2025-04-24,110373,1,80,0,555.0
10109622VITORJ_2025-04-24_G10,10109622VITORJ,2025-04-24,110325,1,15,0,388.0
10109622VITORJ_2025-04-24_G11,10109622VITORJ,2025-04-24,110374,1,30,0,294.0
10109622VITORJ_2025-04-24_G12,10109622VITORJ,2025-04-24,110371,1,30,0,349.0
10109622VITORJ_2025-04-24_G13,10109622VITORJ,2025-04-24,117830,1,12,0,276.0
10109622VITORJ_2025-04-24_G14,10109622VITORJ,2025-04-24,110372,1,50,0,830.0
10109622VITORJ_2025-04-24_G15,10109622VITORJ,2025-04-24,110500,1,2,0,1106.0
10109622VITORJ_2025-04-24_G16,10109622VITORJ,2025-04-24,118253,1,4,0,260.0
10109622VITORJ_2025-04-24_G17,10109622VITORJ,2025-04-24,109873,1,2,0,98.0
10109622VITORJ_2025-04-24_G18,10109622VITORJ,2025-04-24,108759,1,1,0,125.0
10109622VITORJ_2025-04-24_G19,10109622VITORJ,2025-04-24,109974,1,2,0,136.0
10109622VITORJ_2025-04-24_G21,10109622VITORJ,2025-04-24,109647,1,2,0,94.0
10109622VITORJ_2025-04-24_G22,10109622VITORJ,2025-04-24,111876,1,2,0,71.0
10109622VITORJ_2025-04-24_G23,10109622VITORJ,2025-04-24,117854,1,2,0,98.0
10109622VITORJ_2025-04-24_G24,10109622VITORJ,2025-04-24,116241,1,4,0,325.0
10109622VITORJ_2025-04-24_G25,10109622VITORJ,2025-04-24,117787,1,4,0,116.0
10109622VITORJ_2025-04-24_G27,10109622VITORJ,2025-04-24,111445,1,13,0,404.0
10109622VITORJ_2025-04-24_G28,10109622VITORJ,2025-04-24,111530,1,30,0,1227.0
10109622VITORJ_2025-04-24_G29,10109622VITORJ,2025-04-24,118094,1,8,0,560.0
10109622VITORJ_2025-04-25_G02,10109622VITORJ,2025-04-25,110747,1,8,0,471.0
10109622VITORJ_2025-04-25_G03,10109622VITORJ,2025-04-25,111445,1,6,0,150.0
10109622VITORJ_2025-04-25_G04,10109622VITORJ,2025-04-25,111438,1,2,0,64.0
10109622VITORJ_2025-04-25_G05,10109622VITORJ,2025-04-25,110740,1,5,0,259.0
10109622VITORJ_2025-04-25_G06,10109622VITORJ,2025-04-25,107830,1,4,0,160.0
10109622VITORJ_2025-04-25_G07,10109622VITORJ,2025-04-25,110371,1,2,0,67.0
10109622VITORJ_2025-04-25_G08,10109622VITORJ,2025-04-25,117830,1,8,0,717.0
10109622VITORJ_2025-04-25_G09,10109622VITORJ,2025-04-25,118290,1,1,0,183.0
10109622VITORJ_2025-04-25_G10,10109622VITORJ,2025-04-25,111445,1,2,0,599.0
10109622VITORJ_2025-04-25_G11,10109622VITORJ,2025-04-25,118094,1,1,0,1359.0
10109622VITORJ_2025-04-25_G12,10109622VITORJ,2025-04-25,111430,1,2,0,875.0
10109622VITORJ_2025-04-25_G13,10109622VITORJ,2025-04-25,111430,1,6,0,356.0
10109622VITORJ_2025-04-25_G14,10109622VITORJ,2025-04-25,111330,1,3,0,135.0
10109622VITORJ_2025-04-25_G15,10109622VITORJ,2025-04-25,140911,1,4,0,165.0
10109622VITORJ_2025-04-25_G16,10109622VITORJ,2025-04-25,111530,1,9,0,769.0
10109622VITORJ_2025-04-25_G18,10109622VITORJ,2025-04-25,117935,1,92,0,761.0
10109622VITORJ_2025-04-25_G19,10109622VITORJ,2025-04-25,109640,1,30,0,448.0
10109622VITORJ_2025-04-25_G20,10109622VITORJ,2025-04-25,111418,1,153,0,2228.0
10109622VITORJ_2025-04-25_G21,10109622VITORJ,2025-04-25,110371,1,100,0,176.0
10109622VITORJ_2025-04-25_G22,10109622VITORJ,2025-04-25,110372,1,321,0,1040.0
10109622VITORJ_2025-04-25_G23,10109622VITORJ,2025-04-25,110373,1,260,0,1218.0
10109622VITORJ_2025-04-25_G24,10109622VITORJ,2025-04-25,117808,1,1000,0,1302.0
10109622VITORJ_2025-04-25_G26,10109622VITORJ,2025-04-25,110623,1,12,0,431.0
10109622VITORJ_2025-04-25_G27,10109622VITORJ,2025-04-25,108361,1,12,0,160.0
10109622VITORJ_2025-04-26_G02,10109622VITORJ,2025-04-26,109649,1,97,0,1363.0
10109622VITORJ_2025-04-26_G04,10109622VITORJ,2025-04-26,111463,1,20,0,594.0
10109622VITORJ_2025-04-26_G05,10109622VITORJ,2025-04-26,111469,1,20,0,285.0
10109622VITORJ_2025-04-26_G06,10109622VITORJ,2025-04-26,111172,1,8,0,131.0
10109622VITORJ_2025-04-26_G07,10109622VITORJ,2025-04-26,111462,1,10,0,1383.0
10109622VITORJ_2025-04-26_G09,10109622VITORJ,2025-04-26,117808,1,12,0,369.0
10109622VITORJ_2025-04-26_G10,10109622VITORJ,2025-04-26,117785,1,6,0,190.0
10109622VITORJ_2025-04-26_G11,10109622VITORJ,2025-04-26,109641,1,2,0,102.0
10109622VITORJ_2025-04-26_G12,10109622VITORJ,2025-04-26,111348,1,2,0,121.0
10109622VITORJ_2025-04-28_G02,10109622VITORJ,2025-04-28,117832,1,80,0,839.0
10109622VITORJ_2025-04-28_G03,10109622VITORJ,2025-04-28,110372,1,150,0,1508.0
10109622VITORJ_2025-04-28_G04,10109622VITORJ,2025-04-28,117830,1,120,0,763.0
10109622VITORJ_2025-04-28_G05,10109622VITORJ,2025-04-28,117808,1,69,0,796.0
10109622VITORJ_2025-04-28_G08,10109622VITORJ,2025-04-28,107830,1,8,0,750.0
10109622VITORJ_2025-04-28_G09,10109622VITORJ,2025-04-28,110371,1,51,0,286.0
10109622VITORJ_2025-04-28_G10,10109622VITORJ,2025-04-28,118299,1,100,0,825.0
10109622VITORJ_2025-04-28_G11,10109622VITORJ,2025-04-28,118299,1,500,0,1338.0
10109622VITORJ_2025-04-28_G12,10109622VITORJ,2025-04-28,117832,1,20,0,1084.0
10109622VITORJ_2025-04-28_G13,10109622VITORJ,2025-04-28,117808,1,426,0,752.0
10109622VITORJ_2025-04-28_G15,10109622VITORJ,2025-04-28,118299,1,939,0,2055.0
10109622VITORJ_2025-04-28_G16,10109622VITORJ,2025-04-28,110376,1,20,0,327.0
10109622VITORJ_2025-04-28_G17,10109622VITORJ,2025-04-28,117832,1,30,0,372.0
10109622VITORJ_2025-04-29_G02,10109622VITORJ,2025-04-29,114092,1,2,0,148.0
10109622VITORJ_2025-04-29_G03,10109622VITORJ,2025-04-29,111330,1,3,0,1368.0
10109622VITORJ_2025-04-29_G04,10109622VITORJ,2025-04-29,111330,1,6,0,77.0
10109622VITORJ_2025-04-29_G05,10109622VITORJ,2025-04-29,117831,1,50,0,798.0
10109622VITORJ_2025-04-29_G06,10109622VITORJ,2025-04-29,108711,1,53,0,631.0
10109622VITORJ_2025-04-29_G07,10109622VITORJ,2025-04-29,109641,1,4,0,93.0
10109622VITORJ_2025-04-29_G08,10109622VITORJ,2025-04-29,108798,1,11,0,279.0
10109622VITORJ_2025-04-29_G09,10109622VITORJ,2025-04-29,118223,1,4,0,143.0
10109622VITORJ_2025-04-29_G10,10109622VITORJ,2025-04-29,118140,1,100,0,1949.0
10109622VITORJ_2025-04-29_G11,10109622VITORJ,2025-04-29,107236,1,10,0,128.0
10109622VITORJ_2025-04-29_G12,10109622VITORJ,2025-04-29,107629,1,10,0,215.0
10109622VITORJ_2025-04-29_G13,10109622VITORJ,2025-04-29,110753,1,25,0,678.0
10109622VITORJ_2025-04-29_G14,10109622VITORJ,2025-04-29,117935,1,31,0,418.0
10109622VITORJ_2025-04-29_G15,10109622VITORJ,2025-04-29,111530,1,210,0,337.0
10109622VITORJ_2025-04-29_G16,10109622VITORJ,2025-04-29,100334,1,20,0,342.0
10109622VITORJ_2025-04-29_G18,10109622VITORJ,2025-04-29,110325,1,12,0,697.0
10109622VITORJ_2025-04-29_G19,10109622VITORJ,2025-04-29,117820,1,20,0,154.0
10109622VITORJ_2025-04-29_G20,10109622VITORJ,2025-04-29,110374,1,8,0,193.0
10109622VITORJ_2025-04-29_G21,10109622VITORJ,2025-04-29,117809,1,12,0,100.0
10109622VITORJ_2025-04-29_G22,10109622VITORJ,2025-04-29,118299,1,370,0,1548.0
10109622VITORJ_2025-04-29_G23,10109622VITORJ,2025-04-29,110376,1,20,0,882.0
10109622VITORJ_2025-04-29_G24,10109622VITORJ,2025-04-29,110372,1,234,0,1571.0
10109622VITORJ_2025-04-29_G25,10109622VITORJ,2025-04-29,117808,1,254,0,1209.0
10109622VITORJ_2025-04-29_G26,10109622VITORJ,2025-04-29,117808,1,10,0,457.0
10109622VITORJ_2025-04-29_G27,10109622VITORJ,2025-04-29,111463,1,18,0,688.0
10109622VITORJ_2025-04-29_G28,10109622VITORJ,2025-04-29,111466,1,40,0,382.0
10109622VITORJ_2025-04-29_G30,10109622VITORJ,2025-04-29,140922,1,6,0,181.0
10109622VITORJ_2025-04-29_G31,10109622VITORJ,2025-04-29,100334,1,4,0,132.0
10109622VITORJ_2025-04-29_G32,10109622VITORJ,2025-04-29,141047,1,2,0,282.0
10109622VITORJ_2025-04-29_G33,10109622VITORJ,2025-04-29,110339,1,1,0,65.0
10109622VITORJ_2025-04-29_G34,10109622VITORJ,2025-04-29,111462,1,6,0,73.0
10109622VITORJ_2025-04-29_G35,10109622VITORJ,2025-04-29,111444,1,4,0,144.0
10109622VITORJ_2025-04-29_G36,10109622VITORJ,2025-04-29,107830,1,4,0,99.0
10109622VITORJ_2025-04-29_G37,10109622VITORJ,2025-04-29,100334,2,3,28,1282.0
10109622VITORJ_2025-04-29_G38,10109622VITORJ,2025-04-29,111444,1,4,0,150.0
10109622VITORJ_2025-04-29_G39,10109622VITORJ,2025-04-29,108770,1,4,0,402.0
10109622VITORJ_2025-04-29_G40,10109622VITORJ,2025-04-29,108711,1,6,0,116.0
10109622VITORJ_2025-04-29_G41,10109622VITORJ,2025-04-29,111444,1,2,0,81.0
10109622VITORJ_2025-04-30_G02,10109622VITORJ,2025-04-30,107236,1,4,0,32.0
10109622VITORJ_2025-04-30_G03,10109622VITORJ,2025-04-30,100334,2,6,6,654.0
10109622VITORJ_2025-04-30_G04,10109622VITORJ,2025-04-30,108711,1,1,0,53.0
10109622VITORJ_2025-04-30_G05,10109622VITORJ,2025-04-30,111444,1,4,0,144.0
10109622VITORJ_2025-04-30_G06,10109622VITORJ,2025-04-30,107236,1,2,0,244.0
10109622VITORJ_2025-04-30_G07,10109622VITORJ,2025-04-30,107236,1,2,0,42.0
10109622VITORJ_2025-04-30_G08,10109622VITORJ,2025-04-30,110376,1,2,0,164.0
10109622VITORJ_2025-04-30_G09,10109622VITORJ,2025-04-30,111569,1,2,0,381.0
10109622VITORJ_2025-04-30_G10,10109622VITORJ,2025-04-30,111463,1,4,0,161.0
10109622VITORJ_2025-04-30_G11,10109622VITORJ,2025-04-30,111466,1,8,0,185.0
10109622VITORJ_2025-04-30_G12,10109622VITORJ,2025-04-30,111442,1,2,0,183.0
10109622VITORJ_2025-04-30_G13,10109622VITORJ,2025-04-30,107236,1,8,0,146.0
10109622VITORJ_2025-04-30_G14,10109622VITORJ,2025-04-30,109643,1,6,0,141.0
10109622VITORJ_2025-04-30_G15,10109622VITORJ,2025-04-30,100334,1,3,0,304.0
10109622VITORJ_2025-04-30_G16,10109622VITORJ,2025-04-30,111444,1,4,0,251.0
10109622VITORJ_2025-04-30_G17,10109622VITORJ,2025-04-30,100334,1,4,0,498.0
10109622VITORJ_2025-04-30_G18,10109622VITORJ,2025-04-30,108711,1,2,0,101.0
10109622VITORJ_2025-04-30_G19,10109622VITORJ,2025-04-30,111444,1,2,0,66.0
10109622VITORJ_2025-04-30_G20,10109622VITORJ,2025-04-30,107236,1,4,0,166.0
10109622VITORJ_2025-04-30_G21,10109622VITORJ,2025-04-30,141047,1,2,0,268.0
10109622VITORJ_2025-04-30_G22,10109622VITORJ,2025-04-30,100334,1,4,0,768.0
10109622VITORJ_2025-04-30_G23,10109622VITORJ,2025-04-30,117861,1,4,0,504.0
10109622VITORJ_2025-04-30_G24,10109622VITORJ,2025-04-30,107629,1,4,0,1190.0
10109622VITORJ_2025-04-30_G26,10109622VITORJ,2025-04-30,111532,1,2,0,91.0
10109622VITORJ_2025-04-30_G27,10109622VITORJ,2025-04-30,111444,1,2,0,70.0
10109622VITORJ_2025-04-30_G28,10109622VITORJ,2025-04-30,109645,1,2,0,217.0
10109622VITORJ_2025-04-30_G29,10109622VITORJ,2025-04-30,111442,1,4,0,93.0
10109622VITORJ_2025-04-30_G30,10109622VITORJ,2025-04-30,111444,1,2,0,64.0
10109622VITORJ_2025-04-30_G31,10109622VITORJ,2025-04-30,111465,1,1,0,2983.0
10109622VITORJ_2025-04-30_G32,10109622VITORJ,2025-04-30,117831,1,8,0,220.0
10109622VITORJ_2025-04-30_G33,10109622VITORJ,2025-04-30,111463,1,28,0,387.0
10109622VITORJ_2025-04-30_G34,10109622VITORJ,2025-04-30,117821,1,4,0,38.0
10109622VITORJ_2025-04-30_G35,10109622VITORJ,2025-04-30,117821,1,28,0,142.0
10109622VITORJ_2025-04-30_G36,10109622VITORJ,2025-04-30,105705,1,1,0,192.0
10109622VITORJ_2025-04-30_G37,10109622VITORJ,2025-04-30,105705,1,5,0,63.0
10109622VITORJ_2025-04-30_G38,10109622VITORJ,2025-04-30,111466,1,7,0,110.0
10109622VITORJ_2025-04-30_G39,10109622VITORJ,2025-04-30,111532,1,52,0,510.0
10109622VITORJ_2025-04-30_G40,10109622VITORJ,2025-04-30,111418,1,94,0,629.0
10109622VITORJ_2025-04-30_G41,10109622VITORJ,2025-04-30,117838,1,2,0,441.0
10109622VITORJ_2025-04-30_G42,10109622VITORJ,2025-04-30,111348,1,9,0,133.0
10109622VITORJ_2025-04-30_G43,10109622VITORJ,2025-04-30,111348,1,8,0,71.0
10109622VITORJ_2025-04-30_G44,10109622VITORJ,2025-04-30,118317,1,10,0,1807.0
10109622VITORJ_2025-04-30_G45,10109622VITORJ,2025-04-30,"110787, 110129",2,53,10,548.0
10109622VITORJ_2025-04-30_G46,10109622VITORJ,2025-04-30,"110129, 111348",2,38,28,44.0
10109622VITORJ_2025-04-30_G47,10109622VITORJ,2025-04-30,118317,2,35,7,550.0
10109622VITORJ_2025-05-01_G02,10109622VITORJ,2025-05-01,117785,1,460,0,2625.0
10109622VITORJ_2025-05-01_G03,10109622VITORJ,2025-05-01,110373,1,85,0,469.0
10109622VITORJ_2025-05-01_G05,10109622VITORJ,2025-05-01,110750,1,150,0,1791.0
10109622VITORJ_2025-05-06_G02,10109622VITORJ,2025-05-06,109643,1,30,0,363.0
10109622VITORJ_2025-05-06_G03,10109622VITORJ,2025-05-06,118004,1,4,0,1579.0
10109622VITORJ_2025-05-06_G04,10109622VITORJ,2025-05-06,110743,1,2,0,884.0
10109622VITORJ_2025-05-06_G05,10109622VITORJ,2025-05-06,111465,1,4,0,391.0
10109622VITORJ_2025-05-06_G06,10109622VITORJ,2025-05-06,111463,1,18,0,885.0
10109622VITORJ_2025-05-06_G07,10109622VITORJ,2025-05-06,111466,1,10,0,137.0
10109622VITORJ_2025-05-06_G08,10109622VITORJ,2025-05-06,"109640, 117861, 110313, 110733",4,15,41,159.0
10109622VITORJ_2025-05-06_G09,10109622VITORJ,2025-05-06,117785,1,10,0,664.0
10109622VITORJ_2025-05-06_G10,10109622VITORJ,2025-05-06,118004,1,10,0,116.0
10109622VITORJ_2025-05-06_G11,10109622VITORJ,2025-05-06,111418,1,8,0,176.0
10109622VITORJ_2025-05-06_G12,10109622VITORJ,2025-05-06,109645,1,4,0,143.0
10109622VITORJ_2025-05-06_G13,10109622VITORJ,2025-05-06,109647,1,4,0,995.0
10109622VITORJ_2025-05-07_G02,10109622VITORJ,2025-05-07,110733,1,2,0,143.0
10109622VITORJ_2025-05-07_G03,10109622VITORJ,2025-05-07,117787,1,2,0,167.0
10109622VITORJ_2025-05-07_G04,10109622VITORJ,2025-05-07,111469,1,1,0,173.0
10109622VITORJ_2025-05-07_G05,10109622VITORJ,2025-05-07,111466,1,2,0,135.0
10109622VITORJ_2025-05-07_G06,10109622VITORJ,2025-05-07,107236,1,8,0,496.0
10109622VITORJ_2025-05-07_G07,10109622VITORJ,2025-05-07,117820,1,2,0,199.0
10109622VITORJ_2025-05-07_G08,10109622VITORJ,2025-05-07,118299,1,2,0,124.0
10109622VITORJ_2025-05-07_G09,10109622VITORJ,2025-05-07,110373,1,4,0,184.0
10109622VITORJ_2025-05-07_G10,10109622VITORJ,2025-05-07,109643,1,2,0,99.0
10109622VITORJ_2025-05-07_G11,10109622VITORJ,2025-05-07,117785,1,6,0,233.0
10109622VITORJ_2025-05-07_G12,10109622VITORJ,2025-05-07,111468,1,2,0,41.0
10109622VITORJ_2025-05-07_G13,10109622VITORJ,2025-05-07,"117830, 117820, 118299, 110373, 110372, 117808, 110747",7,100,61,106.0
10109622VITORJ_2025-05-07_G14,10109622VITORJ,2025-05-07,111463,1,14,0,532.0
10109622VITORJ_2025-05-07_G15,10109622VITORJ,2025-05-07,111469,1,8,0,253.0
10109622VITORJ_2025-05-07_G16,10109622VITORJ,2025-05-07,118004,1,4,0,86.0
10109622VITORJ_2025-05-07_G17,10109622VITORJ,2025-05-07,111466,1,2,0,107.0
10109622VITORJ_2025-05-07_G18,10109622VITORJ,2025-05-07,111532,1,4,0,87.0
10109622VITORJ_2025-05-07_G19,10109622VITORJ,2025-05-07,117833,1,12,0,388.0
10109622VITORJ_2025-05-07_G20,10109622VITORJ,2025-05-07,111418,1,6,0,123.0
10109622VITORJ_2025-05-07_G21,10109622VITORJ,2025-05-07,118317,1,3,0,117.0
10109622VITORJ_2025-05-07_G22,10109622VITORJ,2025-05-07,111442,1,2,0,66.0
10109622VITORJ_2025-05-07_G23,10109622VITORJ,2025-05-07,110740,1,4,0,89.0
10109622VITORJ_2025-05-07_G24,10109622VITORJ,2025-05-07,110129,1,4,0,139.0
10109622VITORJ_2025-05-07_G25,10109622VITORJ,2025-05-07,110756,1,4,0,789.0
10109622VITORJ_2025-05-07_G26,10109622VITORJ,2025-05-07,"117862, 110733, 117935, 111467",4,16,44,39.0
10109622VITORJ_2025-05-07_G27,10109622VITORJ,2025-05-07,"111850, 110895",2,3,11,246.0
10109622VITORJ_2025-05-07_G28,10109622VITORJ,2025-05-07,117820,1,12,0,261.0
10109622VITORJ_2025-05-07_G29,10109622VITORJ,2025-05-07,117808,1,12,0,887.0
10109622VITORJ_2025-05-07_G30,10109622VITORJ,2025-05-07,109643,1,2,0,129.0
10109622VITORJ_2025-05-07_G31,10109622VITORJ,2025-05-07,"117861, 111602",2,14,9,438.0
10109622VITORJ_2025-05-07_G32,10109622VITORJ,2025-05-07,"117832, 118299, 110373",3,41,23,1558.0
10109622VITORJ_2025-05-07_G34,10109622VITORJ,2025-05-07,109641,1,10,0,302.0
10109622VITORJ_2025-05-07_G35,10109622VITORJ,2025-05-07,111182,1,20,0,819.0
10109622VITORJ_2025-05-07_G36,10109622VITORJ,2025-05-07,111443,1,4,0,1275.0
10109622VITORJ_2025-05-07_G37,10109622VITORJ,2025-05-07,111182,1,2,0,112.0
10109622VITORJ_2025-05-07_G38,10109622VITORJ,2025-05-07,110311,1,2,0,1812.0
10109622VITORJ_2025-05-07_G39,10109622VITORJ,2025-05-07,110895,1,5,0,139.0
10109622VITORJ_2025-05-07_G40,10109622VITORJ,2025-05-07,110317,1,2,0,137.0
10109622VITORJ_2025-05-07_G41,10109622VITORJ,2025-05-07,117856,1,4,0,140.0
10109622VITORJ_2025-05-07_G42,10109622VITORJ,2025-05-07,101217,1,4,0,142.0
10109622VITORJ_2025-05-07_G43,10109622VITORJ,2025-05-07,110711,1,8,0,124.0
10109622VITORJ_2025-05-07_G44,10109622VITORJ,2025-05-07,111743,1,2,0,498.0
10109622VITORJ_2025-05-07_G45,10109622VITORJ,2025-05-07,111463,1,6,0,155.0
10109622VITORJ_2025-05-07_G46,10109622VITORJ,2025-05-07,111462,1,4,0,51.0
10109622VITORJ_2025-05-07_G47,10109622VITORJ,2025-05-07,117785,1,4,0,65.0
10109622VITORJ_2025-05-07_G48,10109622VITORJ,2025-05-07,118004,1,1,0,52.0
10109622VITORJ_2025-05-07_G49,10109622VITORJ,2025-05-07,111172,1,4,0,184.0
10109622VITORJ_2025-05-07_G50,10109622VITORJ,2025-05-07,108798,1,3,0,71.0
10109622VITORJ_2025-05-07_G51,10109622VITORJ,2025-05-07,108794,1,4,0,130.0
10109622VITORJ_2025-05-07_G52,10109622VITORJ,2025-05-07,111348,1,2,0,116.0
10109622VITORJ_2025-05-07_G53,10109622VITORJ,2025-05-07,118299,1,2,0,291.0
10109622VITORJ_2025-05-07_G54,10109622VITORJ,2025-05-07,110372,1,4,0,86.0
10109622VITORJ_2025-05-08_G02,10109622VITORJ,2025-05-08,118418,1,9,0,1183.0
10109622VITORJ_2025-05-08_G03,10109622VITORJ,2025-05-08,117853,1,6,0,214.0
10109622VITORJ_2025-05-08_G04,10109622VITORJ,2025-05-08,117831,1,6,0,330.0
10109622VITORJ_2025-05-08_G05,10109622VITORJ,2025-05-08,110372,1,20,0,343.0
10109622VITORJ_2025-05-08_G06,10109622VITORJ,2025-05-08,109647,1,15,0,1031.0
10109622VITORJ_2025-05-08_G07,10109622VITORJ,2025-05-08,111530,1,18,0,366.0
10109622VITORJ_2025-05-08_G08,10109622VITORJ,2025-05-08,108711,1,10,0,186.0
10109622VITORJ_2025-05-08_G09,10109622VITORJ,2025-05-08,110754,1,4,0,137.0
10109622VITORJ_2025-05-08_G10,10109622VITORJ,2025-05-08,105705,1,4,0,481.0
10109622VITORJ_2025-05-08_G11,10109622VITORJ,2025-05-08,111530,1,4,0,177.0
10109622VITORJ_2025-05-08_G12,10109622VITORJ,2025-05-08,107236,1,4,0,157.0
10109622VITORJ_2025-05-08_G13,10109622VITORJ,2025-05-08,108711,1,2,0,169.0
10109622VITORJ_2025-05-08_G14,10109622VITORJ,2025-05-08,118094,1,2,0,879.0
10109622VITORJ_2025-05-08_G15,10109622VITORJ,2025-05-08,111530,1,2,0,101.0
10109622VITORJ_2025-05-08_G16,10109622VITORJ,2025-05-08,108711,1,2,0,222.0
10109622VITORJ_2025-05-08_G17,10109622VITORJ,2025-05-08,107236,1,8,0,146.0
10109622VITORJ_2025-05-08_G18,10109622VITORJ,2025-05-08,111330,1,2,0,258.0
10109622VITORJ_2025-05-08_G20,10109622VITORJ,2025-05-08,107629,1,2,0,72.0
10109622VITORJ_2025-05-08_G21,10109622VITORJ,2025-05-08,110339,1,2,0,61.0
10109622VITORJ_2025-05-08_G22,10109622VITORJ,2025-05-08,117786,1,2,0,68.0
10109622VITORJ_2025-05-08_G23,10109622VITORJ,2025-05-08,111602,1,6,0,108.0
10109622VITORJ_2025-05-08_G24,10109622VITORJ,2025-05-08,110711,1,2,0,90.0
10109622VITORJ_2025-05-08_G25,10109622VITORJ,2025-05-08,111468,1,1,0,172.0
10109622VITORJ_2025-05-08_G26,10109622VITORJ,2025-05-08,111465,1,1,0,154.0
10109622VITORJ_2025-05-08_G27,10109622VITORJ,2025-05-08,111463,1,4,0,91.0
10109622VITORJ_2025-05-08_G28,10109622VITORJ,2025-05-08,"117785, 118004",2,9,29,87.0
10109622VITORJ_2025-05-08_G29,10109622VITORJ,2025-05-08,111466,1,8,0,108.0
10109622VITORJ_2025-05-08_G30,10109622VITORJ,2025-05-08,108794,1,1,0,81.0
10109622VITORJ_2025-05-08_G31,10109622VITORJ,2025-05-08,111418,1,4,0,62.0
10109622VITORJ_2025-05-08_G32,10109622VITORJ,2025-05-08,117820,1,4,0,153.0
10109622VITORJ_2025-05-08_G33,10109622VITORJ,2025-05-08,118299,1,8,0,103.0
10109622VITORJ_2025-05-08_G34,10109622VITORJ,2025-05-08,117808,1,4,0,79.0
10109622VITORJ_2025-05-08_G35,10109622VITORJ,2025-05-08,111468,1,2,0,450.0
10109622VITORJ_2025-05-08_G36,10109622VITORJ,2025-05-08,111463,1,4,0,64.0
10109622VITORJ_2025-05-08_G37,10109622VITORJ,2025-05-08,117785,1,6,0,63.0
10109622VITORJ_2025-05-08_G38,10109622VITORJ,2025-05-08,108711,1,4,0,71.0
10109622VITORJ_2025-05-08_G39,10109622VITORJ,2025-05-08,105705,1,2,0,65.0
10109622VITORJ_2025-05-08_G40,10109622VITORJ,2025-05-08,140922,1,2,0,46.0
10109622VITORJ_2025-05-08_G41,10109622VITORJ,2025-05-08,111466,1,8,0,74.0
10109622VITORJ_2025-05-08_G42,10109622VITORJ,2025-05-08,109641,1,1,0,57.0
10109622VITORJ_2025-05-08_G43,10109622VITORJ,2025-05-08,"111418, 108794",2,7,28,94.0
10109622VITORJ_2025-05-08_G44,10109622VITORJ,2025-05-08,109645,1,4,0,117.0
10109622VITORJ_2025-05-08_G45,10109622VITORJ,2025-05-08,111348,1,2,0,50.0
10109622VITORJ_2025-05-08_G46,10109622VITORJ,2025-05-08,108736,1,4,0,386.0
10109622VITORJ_2025-05-08_G47,10109622VITORJ,2025-05-08,117855,1,2,0,300.0
10109622VITORJ_2025-05-08_G48,10109622VITORJ,2025-05-08,111602,1,2,0,72.0
10109622VITORJ_2025-05-08_G49,10109622VITORJ,2025-05-08,110711,1,2,0,90.0
10109622VITORJ_2025-05-08_G50,10109622VITORJ,2025-05-08,111172,1,2,0,308.0
10109622VITORJ_2025-05-08_G51,10109622VITORJ,2025-05-08,110740,1,3,0,119.0
10109622VITORJ_2025-05-08_G52,10109622VITORJ,2025-05-08,117785,1,6,0,192.0
10109622VITORJ_2025-05-08_G53,10109622VITORJ,2025-05-08,108711,1,2,0,170.0
10109622VITORJ_2025-05-08_G54,10109622VITORJ,2025-05-08,117833,1,2,0,369.0
10109622VITORJ_2025-05-08_G55,10109622VITORJ,2025-05-08,111418,1,6,0,138.0
10109622VITORJ_2025-05-08_G56,10109622VITORJ,2025-05-08,118140,1,4,0,106.0
10109622VITORJ_2025-05-08_G57,10109622VITORJ,2025-05-08,110787,1,2,0,68.0
10109622VITORJ_2025-05-08_G58,10109622VITORJ,2025-05-08,108736,1,2,0,71.0
10109622VITORJ_2025-05-08_G59,10109622VITORJ,2025-05-08,117820,1,4,0,406.0
10109622VITORJ_2025-05-08_G60,10109622VITORJ,2025-05-08,118299,1,8,0,220.0
10109622VITORJ_2025-05-08_G61,10109622VITORJ,2025-05-08,117830,1,4,0,582.0
10109622VITORJ_2025-05-08_G62,10109622VITORJ,2025-05-08,110371,1,4,0,103.0
10109622VITORJ_2025-05-08_G63,10109622VITORJ,2025-05-08,141202,1,2,0,39.0
10109622VITORJ_2025-05-08_G64,10109622VITORJ,2025-05-08,117808,1,10,0,99.0
10109622VITORJ_2025-05-08_G65,10109622VITORJ,2025-05-08,117785,1,6,0,570.0
10109622VITORJ_2025-05-08_G66,10109622VITORJ,2025-05-08,108711,1,4,0,75.0
10109622VITORJ_2025-05-08_G67,10109622VITORJ,2025-05-08,111466,1,1,0,45.0
10109622VITORJ_2025-05-08_G68,10109622VITORJ,2025-05-08,117833,1,2,0,42.0
10109622VITORJ_2025-05-08_G69,10109622VITORJ,2025-05-08,111418,1,1,0,82.0
10109622VITORJ_2025-05-08_G70,10109622VITORJ,2025-05-08,108794,1,1,0,36.0
10109622VITORJ_2025-05-08_G71,10109622VITORJ,2025-05-08,"111348, 111468",2,3,14,80.0
10109622VITORJ_2025-05-08_G72,10109622VITORJ,2025-05-08,111463,1,4,0,184.0
10109622VITORJ_2025-05-08_G73,10109622VITORJ,2025-05-08,110895,1,2,0,305.0
10109622VITORJ_2025-05-08_G74,10109622VITORJ,2025-05-08,110581,1,2,0,109.0
10109622VITORJ_2025-05-08_G75,10109622VITORJ,2025-05-08,117862,1,2,0,51.0
10109622VITORJ_2025-05-08_G76,10109622VITORJ,2025-05-08,111467,1,4,0,129.0
10109622VITORJ_2025-05-08_G77,10109622VITORJ,2025-05-08,110752,1,2,0,43.0
10109622VITORJ_2025-05-08_G78,10109622VITORJ,2025-05-08,117855,1,4,0,75.0
10109622VITORJ_2025-05-08_G79,10109622VITORJ,2025-05-08,117856,1,1,0,49.0
10109622VITORJ_2025-05-08_G80,10109622VITORJ,2025-05-08,117786,1,8,0,95.0
10109622VITORJ_2025-05-08_G81,10109622VITORJ,2025-05-08,110711,1,1,0,62.0
10109622VITORJ_2025-05-08_G82,10109622VITORJ,2025-05-08,110373,1,16,0,188.0
10109622VITORJ_2025-05-08_G83,10109622VITORJ,2025-05-08,110374,1,2,0,58.0
10109622VITORJ_2025-05-08_G84,10109622VITORJ,2025-05-08,107830,1,6,0,74.0
10109622VITORJ_2025-05-09_G02,10109622VITORJ,2025-05-09,118306,1,4,0,440.0
10109622VITORJ_2025-05-09_G03,10109622VITORJ,2025-05-09,107629,1,2,0,75.0
10109622VITORJ_2025-05-09_G04,10109622VITORJ,2025-05-09,110339,1,4,0,74.0
10109622VITORJ_2025-05-09_G05,10109622VITORJ,2025-05-09,117862,1,4,0,159.0
10109622VITORJ_2025-05-09_G06,10109622VITORJ,2025-05-09,117861,1,4,0,95.0
10109622VITORJ_2025-05-09_G07,10109622VITORJ,2025-05-09,111467,1,4,0,74.0
10109622VITORJ_2025-05-09_G08,10109622VITORJ,2025-05-09,117786,1,2,0,69.0
10109622VITORJ_2025-05-09_G09,10109622VITORJ,2025-05-09,110711,1,4,0,88.0
10109622VITORJ_2025-05-09_G10,10109622VITORJ,2025-05-09,108795,1,4,0,148.0
10109622VITORJ_2025-05-09_G11,10109622VITORJ,2025-05-09,111469,1,2,0,51.0
10109622VITORJ_2025-05-09_G12,10109622VITORJ,2025-05-09,108711,1,4,0,108.0
10109622VITORJ_2025-05-09_G13,10109622VITORJ,2025-05-09,111466,1,4,0,74.0
10109622VITORJ_2025-05-09_G14,10109622VITORJ,2025-05-09,108794,1,1,0,108.0
10109622VITORJ_2025-05-09_G15,10109622VITORJ,2025-05-09,109645,1,4,0,302.0
10109622VITORJ_2025-05-09_G16,10109622VITORJ,2025-05-09,118140,1,4,0,73.0
10109622VITORJ_2025-05-09_G17,10109622VITORJ,2025-05-09,111348,1,4,0,164.0
10109622VITORJ_2025-05-09_G18,10109622VITORJ,2025-05-09,107236,1,4,0,101.0
10109622VITORJ_2025-05-09_G19,10109622VITORJ,2025-05-09,111465,1,4,0,86.0
10109622VITORJ_2025-05-09_G20,10109622VITORJ,2025-05-09,110325,1,2,0,128.0
10109622VITORJ_2025-05-09_G21,10109622VITORJ,2025-05-09,118299,1,8,0,177.0
10109622VITORJ_2025-05-09_G22,10109622VITORJ,2025-05-09,107830,1,1,0,118.0
10109622VITORJ_2025-05-09_G23,10109622VITORJ,2025-05-09,110372,1,8,0,1054.0
10109622VITORJ_2025-05-09_G24,10109622VITORJ,2025-05-09,117822,1,2,0,473.0
10109622VITORJ_2025-05-09_G25,10109622VITORJ,2025-05-09,117832,1,2,0,75.0
10109622VITORJ_2025-05-09_G26,10109622VITORJ,2025-05-09,110371,1,4,0,104.0
10109622VITORJ_2025-05-09_G27,10109622VITORJ,2025-05-09,117808,1,12,0,100.0
10109622VITORJ_2025-05-09_G28,10109622VITORJ,2025-05-09,117809,1,8,0,60.0
10109622VITORJ_2025-05-09_G30,10109622VITORJ,2025-05-09,111532,1,10,0,282.0
10109622VITORJ_2025-05-09_G31,10109622VITORJ,2025-05-09,117935,1,2,0,117.0
10109622VITORJ_2025-05-09_G32,10109622VITORJ,2025-05-09,117838,1,4,0,97.0
10109622VITORJ_2025-05-09_G33,10109622VITORJ,2025-05-09,110787,1,5,0,94.0
10109622VITORJ_2025-05-09_G34,10109622VITORJ,2025-05-09,160057,1,14,0,537.0
10109622VITORJ_2025-05-09_G35,10109622VITORJ,2025-05-09,110787,1,2,0,562.0
10109622VITORJ_2025-05-09_G36,10109622VITORJ,2025-05-09,110895,1,6,0,391.0
10109622VITORJ_2025-05-09_G37,10109622VITORJ,2025-05-09,110711,1,2,0,124.0
10109622VITORJ_2025-05-09_G38,10109622VITORJ,2025-05-09,111462,1,4,0,346.0
10109622VITORJ_2025-05-09_G39,10109622VITORJ,2025-05-09,111463,1,10,0,147.0
10109622VITORJ_2025-05-09_G40,10109622VITORJ,2025-05-09,117833,1,8,0,110.0
10109622VITORJ_2025-05-09_G41,10109622VITORJ,2025-05-09,108794,1,7,0,135.0
10109622VITORJ_2025-05-09_G42,10109622VITORJ,2025-05-09,117838,1,2,0,113.0
10109622VITORJ_2025-05-09_G43,10109622VITORJ,2025-05-09,111465,1,6,0,81.0
10109622VITORJ_2025-05-09_G44,10109622VITORJ,2025-05-09,117820,1,16,0,265.0
10109622VITORJ_2025-05-09_G45,10109622VITORJ,2025-05-09,110374,1,4,0,220.0
10109622VITORJ_2025-05-09_G46,10109622VITORJ,2025-05-09,110372,1,8,0,126.0
10109622VITORJ_2025-05-09_G47,10109622VITORJ,2025-05-09,117832,1,2,0,96.0
10109622VITORJ_2025-05-09_G48,10109622VITORJ,2025-05-09,110371,1,4,0,87.0
10109622VITORJ_2025-05-09_G49,10109622VITORJ,2025-05-09,117808,1,8,0,100.0
10109622VITORJ_2025-05-09_G50,10109622VITORJ,2025-05-09,111440,1,4,0,358.0
10109622VITORJ_2025-05-09_G51,10109622VITORJ,2025-05-09,160057,1,14,0,918.0
10109622VITORJ_2025-05-09_G52,10109622VITORJ,2025-05-09,110787,1,2,0,137.0
10109622VITORJ_2025-05-09_G53,10109622VITORJ,2025-05-09,110313,1,2,0,170.0
10109622VITORJ_2025-05-09_G54,10109622VITORJ,2025-05-09,117838,1,3,0,265.0
10109622VITORJ_2025-05-09_G55,10109622VITORJ,2025-05-09,118322,1,2,0,336.0
10109622VITORJ_2025-05-09_G56,10109622VITORJ,2025-05-09,140922,1,8,0,733.0
10109622VITORJ_2025-05-09_G57,10109622VITORJ,2025-05-09,111462,1,200,0,1531.0
10109622VITORJ_2025-05-09_G58,10109622VITORJ,2025-05-09,118418,1,7,0,376.0
10109622VITORJ_2025-05-09_G59,10109622VITORJ,2025-05-09,118417,1,4,0,140.0
10109622VITORJ_2025-05-09_G60,10109622VITORJ,2025-05-09,117820,1,12,0,732.0
10109622VITORJ_2025-05-09_G61,10109622VITORJ,2025-05-09,110373,1,8,0,246.0
10109622VITORJ_2025-05-11_G02,10109622VITORJ,2025-05-11,118222,1,4,0,1107.0
10109622VITORJ_2025-05-11_G03,10109622VITORJ,2025-05-11,111438,1,3,0,485.0
10109622VITORJ_2025-05-11_G04,10109622VITORJ,2025-05-11,110895,1,4,0,54.0
10109622VITORJ_2025-05-11_G05,10109622VITORJ,2025-05-11,118094,1,2,0,181.0
10109622VITORJ_2025-05-11_G06,10109622VITORJ,2025-05-11,111876,1,2,0,75.0
10109622VITORJ_2025-05-11_G07,10109622VITORJ,2025-05-11,117862,1,1,0,184.0
10109622VITORJ_2025-05-11_G08,10109622VITORJ,2025-05-11,117786,1,3,0,69.0
10109622VITORJ_2025-05-11_G09,10109622VITORJ,2025-05-11,110515,1,5,0,68.0
10109622VITORJ_2025-05-11_G10,10109622VITORJ,2025-05-11,111602,1,8,0,461.0
10109622VITORJ_2025-05-11_G11,10109622VITORJ,2025-05-11,111466,1,8,0,224.0
10109622VITORJ_2025-05-11_G12,10109622VITORJ,2025-05-11,111532,1,3,0,120.0
10109622VITORJ_2025-05-11_G13,10109622VITORJ,2025-05-11,111172,1,2,0,341.0
10109622VITORJ_2025-05-11_G14,10109622VITORJ,2025-05-11,111172,1,5,0,84.0
10109622VITORJ_2025-05-11_G15,10109622VITORJ,2025-05-11,111418,1,18,0,215.0
10109622VITORJ_2025-05-11_G16,10109622VITORJ,2025-05-11,118299,1,18,0,442.0
10109622VITORJ_2025-05-11_G17,10109622VITORJ,2025-05-11,110372,1,1,0,82.0
10109622VITORJ_2025-05-11_G18,10109622VITORJ,2025-05-11,117861,1,4,0,3204.0
10109622VITORJ_2025-05-11_G19,10109622VITORJ,2025-05-11,111467,1,2,0,115.0
10109622VITORJ_2025-05-11_G20,10109622VITORJ,2025-05-11,110515,1,1,0,85.0
10109622VITORJ_2025-05-11_G21,10109622VITORJ,2025-05-11,111602,1,2,0,103.0
10109622VITORJ_2025-05-11_G22,10109622VITORJ,2025-05-11,110711,2,3,21,609.0
10109622VITORJ_2025-05-11_G23,10109622VITORJ,2025-05-11,117935,1,2,0,101.0
10109622VITORJ_2025-05-11_G24,10109622VITORJ,2025-05-11,111468,1,5,0,120.0
10109622VITORJ_2025-05-11_G25,10109622VITORJ,2025-05-11,111469,1,4,0,70.0
10109622VITORJ_2025-05-11_G26,10109622VITORJ,2025-05-11,118140,1,7,0,96.0
10109622VITORJ_2025-05-11_G27,10109622VITORJ,2025-05-11,108711,2,4,21,43.0
10109622VITORJ_2025-05-11_G28,10109622VITORJ,2025-05-11,140922,1,2,0,43.0
10109622VITORJ_2025-05-11_G29,10109622VITORJ,2025-05-11,110745,1,2,0,35.0
10109622VITORJ_2025-05-11_G30,10109622VITORJ,2025-05-11,111463,1,8,0,101.0
10109622VITORJ_2025-05-11_G31,10109622VITORJ,2025-05-11,111466,1,6,0,71.0
10109622VITORJ_2025-05-11_G32,10109622VITORJ,2025-05-11,108798,1,3,0,73.0
10109622VITORJ_2025-05-11_G33,10109622VITORJ,2025-05-11,141048,1,4,0,98.0
10109622VITORJ_2025-05-12_G02,10109622VITORJ,2025-05-12,111418,1,4,0,59.0
10109622VITORJ_2025-05-12_G03,10109622VITORJ,2025-05-12,108794,1,4,0,65.0
10109622VITORJ_2025-05-12_G04,10109622VITORJ,2025-05-12,109645,1,5,0,732.0
10109622VITORJ_2025-05-12_G05,10109622VITORJ,2025-05-12,111348,1,4,0,58.0
10109622VITORJ_2025-05-12_G06,10109622VITORJ,2025-05-12,110129,2,4,28,126.0
10109622VITORJ_2025-05-12_G07,10109622VITORJ,2025-05-12,110325,1,7,0,104.0
10109622VITORJ_2025-05-12_G08,10109622VITORJ,2025-05-12,118299,1,4,0,56.0
10109622VITORJ_2025-05-12_G09,10109622VITORJ,2025-05-12,110373,1,6,0,218.0
10109622VITORJ_2025-05-12_G10,10109622VITORJ,2025-05-12,110373,1,2,0,38.0
10109622VITORJ_2025-05-12_G11,10109622VITORJ,2025-05-12,110374,2,6,26,98.0
10109622VITORJ_2025-05-12_G12,10109622VITORJ,2025-05-12,110374,1,4,0,53.0
10109622VITORJ_2025-05-12_G13,10109622VITORJ,2025-05-12,107830,1,2,0,41.0
10109622VITORJ_2025-05-12_G14,10109622VITORJ,2025-05-12,110372,1,2,0,197.0
10109622VITORJ_2025-05-12_G15,10109622VITORJ,2025-05-12,117808,1,14,0,164.0
10109622VITORJ_2025-05-12_G16,10109622VITORJ,2025-05-12,110754,1,32,0,1256.0
10109622VITORJ_2025-05-12_G17,10109622VITORJ,2025-05-12,110754,1,16,0,217.0
10109622VITORJ_2025-05-12_G18,10109622VITORJ,2025-05-12,111440,1,8,0,305.0
10109622VITORJ_2025-05-12_G20,10109622VITORJ,2025-05-12,111462,1,12,0,160.0
10109622VITORJ_2025-05-12_G21,10109622VITORJ,2025-05-12,109641,1,51,0,380.0
10109622VITORJ_2025-05-12_G22,10109622VITORJ,2025-05-12,111433,1,8,0,1165.0
10109622VITORJ_2025-05-12_G23,10109622VITORJ,2025-05-12,118140,1,39,0,423.0
10109622VITORJ_2025-05-12_G24,10109622VITORJ,2025-05-12,108711,1,26,0,1942.0
10109622VITORJ_2025-05-12_G25,10109622VITORJ,2025-05-12,140922,1,10,0,206.0
10109622VITORJ_2025-05-12_G26,10109622VITORJ,2025-05-12,110745,1,6,0,189.0
10109622VITORJ_2025-05-12_G27,10109622VITORJ,2025-05-12,117821,1,9,0,197.0
10109622VITORJ_2025-05-12_G28,10109622VITORJ,2025-05-12,111463,2,42,1,529.0
10109622VITORJ_2025-05-12_G29,10109622VITORJ,2025-05-12,111532,1,81,0,263.0
10109622VITORJ_2025-05-12_G30,10109622VITORJ,2025-05-12,117833,1,5,0,129.0
10109622VITORJ_2025-05-12_G31,10109622VITORJ,2025-05-12,111172,1,8,0,102.0
10109622VITORJ_2025-05-12_G32,10109622VITORJ,2025-05-12,111418,1,80,0,217.0
10109622VITORJ_2025-05-12_G33,10109622VITORJ,2025-05-12,117831,1,2,0,95.0
10109622VITORJ_2025-05-12_G34,10109622VITORJ,2025-05-12,109645,1,24,0,915.0
10109622VITORJ_2025-05-13_G02,10109622VITORJ,2025-05-13,111465,1,2,0,139.0
10109622VITORJ_2025-05-13_G03,10109622VITORJ,2025-05-13,111330,1,10,0,759.0
10109622VITORJ_2025-05-13_G04,10109622VITORJ,2025-05-13,111469,1,89,0,901.0
10109622VITORJ_2025-05-13_G05,10109622VITORJ,2025-05-13,110373,1,102,0,288.0
10109622VITORJ_2025-05-13_G06,10109622VITORJ,2025-05-13,110374,1,12,0,394.0
10109622VITORJ_2025-05-13_G07,10109622VITORJ,2025-05-13,110372,1,68,0,520.0
10109622VITORJ_2025-05-13_G08,10109622VITORJ,2025-05-13,110372,1,2,0,70.0
10109622VITORJ_2025-05-13_G09,10109622VITORJ,2025-05-13,118299,1,29,0,389.0
10109622VITORJ_2025-05-13_G10,10109622VITORJ,2025-05-13,117809,1,6,0,84.0
10109622VITORJ_2025-05-13_G11,10109622VITORJ,2025-05-13,110373,1,4,0,114.0
10109622VITORJ_2025-05-13_G12,10109622VITORJ,2025-05-13,118094,1,8,0,653.0
10109622VITORJ_2025-05-13_G13,10109622VITORJ,2025-05-13,108772,1,8,0,212.0
10109622VITORJ_2025-05-13_G14,10109622VITORJ,2025-05-13,141047,1,12,0,526.0
10109622VITORJ_2025-05-13_G15,10109622VITORJ,2025-05-13,107629,1,5,0,93.0
10109622VITORJ_2025-05-13_G16,10109622VITORJ,2025-05-13,109647,1,20,0,514.0
10109622VITORJ_2025-05-13_G17,10109622VITORJ,2025-05-13,117855,1,2,0,124.0
10109622VITORJ_2025-05-13_G18,10109622VITORJ,2025-05-13,111439,1,2,0,81.0
10109622VITORJ_2025-05-13_G19,10109622VITORJ,2025-05-13,117786,1,8,0,114.0
10109622VITORJ_2025-05-13_G20,10109622VITORJ,2025-05-13,111530,1,87,0,2321.0
10109622VITORJ_2025-05-13_G22,10109622VITORJ,2025-05-13,118317,1,5,0,238.0
10109622VITORJ_2025-05-13_G23,10109622VITORJ,2025-05-13,107236,1,4,0,111.0
10109622VITORJ_2025-05-13_G24,10109622VITORJ,2025-05-13,111465,1,3,0,49.0
10109622VITORJ_2025-05-13_G25,10109622VITORJ,2025-05-13,111444,1,3,0,314.0
10109622VITORJ_2025-05-13_G26,10109622VITORJ,2025-05-13,111444,1,3,0,76.0
10109622VITORJ_2025-05-13_G27,10109622VITORJ,2025-05-13,118299,1,15,0,429.0
10109622VITORJ_2025-05-13_G28,10109622VITORJ,2025-05-13,160054,1,18,0,1298.0
10109622VITORJ_2025-05-13_G29,10109622VITORJ,2025-05-13,117820,1,100,0,1347.0
10109622VITORJ_2025-05-13_G30,10109622VITORJ,2025-05-13,117830,1,40,0,451.0
10109622VITORJ_2025-05-13_G31,10109622VITORJ,2025-05-13,141202,1,80,0,378.0
10109622VITORJ_2025-05-13_G32,10109622VITORJ,2025-05-13,117809,1,50,0,365.0
10109622VITORJ_2025-05-13_G33,10109622VITORJ,2025-05-13,160051,1,6,0,1285.0
10109622VITORJ_2025-05-13_G34,10109622VITORJ,2025-05-13,111468,1,50,0,339.0
10109622VITORJ_2025-05-13_G35,10109622VITORJ,2025-05-13,118140,1,100,0,1024.0
10109622VITORJ_2025-05-14_G02,10109622VITORJ,2025-05-14,108794,1,30,0,320.0
10109622VITORJ_2025-05-14_G03,10109622VITORJ,2025-05-14,109645,1,60,0,345.0
10109622VITORJ_2025-05-14_G04,10109622VITORJ,2025-05-14,160056,1,4,0,197.0
10109622VITORJ_2025-05-14_G06,10109622VITORJ,2025-05-14,111465,1,40,0,591.0
10109622VITORJ_2025-05-14_G07,10109622VITORJ,2025-05-14,110711,1,50,0,206.0
10109622VITORJ_2025-05-14_G08,10109622VITORJ,2025-05-14,117856,1,20,0,284.0
10109622VITORJ_2025-05-14_G09,10109622VITORJ,2025-05-14,117786,1,30,0,660.0
10109622VITORJ_2025-05-14_G10,10109622VITORJ,2025-05-14,110895,1,40,0,571.0
10109622VITORJ_2025-05-14_G11,10109622VITORJ,2025-05-14,118326,1,2,0,1873.0
10109622VITORJ_2025-05-14_G12,10109622VITORJ,2025-05-14,111443,1,10,0,148.0
10109622VITORJ_2025-05-14_G13,10109622VITORJ,2025-05-14,110743,1,14,0,446.0
10109622VITORJ_2025-05-14_G14,10109622VITORJ,2025-05-14,109641,1,20,0,157.0
10109622VITORJ_2025-05-14_G16,10109622VITORJ,2025-05-14,111418,1,59,0,441.0
10109622VITORJ_2025-05-14_G17,10109622VITORJ,2025-05-14,111418,1,2,0,381.0
10109622VITORJ_2025-05-14_G18,10109622VITORJ,2025-05-14,117831,1,36,0,360.0
10109622VITORJ_2025-05-14_G19,10109622VITORJ,2025-05-14,118223,1,2,0,56.0
10109622VITORJ_2025-05-14_G20,10109622VITORJ,2025-05-14,111348,1,4,0,94.0
10109622VITORJ_2025-05-14_G21,10109622VITORJ,2025-05-14,117785,1,1,0,499.0
10109622VITORJ_2025-05-14_G23,10109622VITORJ,2025-05-14,111462,1,14,0,116.0
10109622VITORJ_2025-05-14_G24,10109622VITORJ,2025-05-14,108711,2,12,25,124.0
10109622VITORJ_2025-05-14_G25,10109622VITORJ,2025-05-14,111466,1,10,0,91.0
10109622VITORJ_2025-05-14_G26,10109622VITORJ,2025-05-14,117833,1,14,0,130.0
10109622VITORJ_2025-05-14_G27,10109622VITORJ,2025-05-14,111172,1,2,0,44.0
10109622VITORJ_2025-05-14_G28,10109622VITORJ,2025-05-14,117785,1,8,0,172.0
10109622VITORJ_2025-05-14_G29,10109622VITORJ,2025-05-14,117785,1,2,0,33.0
10109622VITORJ_2025-05-14_G30,10109622VITORJ,2025-05-14,108794,1,10,0,873.0
10109622VITORJ_2025-05-14_G31,10109622VITORJ,2025-05-14,111418,1,20,0,269.0
10109622VITORJ_2025-05-14_G32,10109622VITORJ,2025-05-14,111442,1,10,0,425.0
10109622VITORJ_2025-05-14_G33,10109622VITORJ,2025-05-14,107236,1,10,0,137.0
10109622VITORJ_2025-05-14_G34,10109622VITORJ,2025-05-14,111465,1,1,0,40.0
10109622VITORJ_2025-05-14_G35,10109622VITORJ,2025-05-14,110129,2,8,27,89.0
10109622VITORJ_2025-05-14_G36,10109622VITORJ,2025-05-14,108736,1,1,0,86.0
10109622VITORJ_2025-05-14_G37,10109622VITORJ,2025-05-14,117842,1,5,0,137.0
10109622VITORJ_2025-05-14_G38,10109622VITORJ,2025-05-14,110325,1,10,0,412.0
10109622VITORJ_2025-05-14_G39,10109622VITORJ,2025-05-14,110325,1,2,0,52.0
10109622VITORJ_2025-05-14_G40,10109622VITORJ,2025-05-14,117808,1,100,0,251.0
10109622VITORJ_2025-05-15_G02,10109622VITORJ,2025-05-15,110374,1,20,0,496.0
10109622VITORJ_2025-05-15_G03,10109622VITORJ,2025-05-15,110372,1,40,0,243.0
10109622VITORJ_2025-05-15_G04,10109622VITORJ,2025-05-15,118299,1,50,0,982.0
10109622VITORJ_2025-05-15_G05,10109622VITORJ,2025-05-15,110375,1,2,0,381.0
10109622VITORJ_2025-05-15_G06,10109622VITORJ,2025-05-15,141202,1,10,0,92.0
10109622VITORJ_2025-05-15_G07,10109622VITORJ,2025-05-15,117809,1,4,0,188.0
10109622VITORJ_2025-05-15_G08,10109622VITORJ,2025-05-15,117862,1,10,0,131.0
10109622VITORJ_2025-05-15_G09,10109622VITORJ,2025-05-15,110515,1,15,0,165.0
10109622VITORJ_2025-05-15_G10,10109622VITORJ,2025-05-15,117855,1,20,0,312.0
10109622VITORJ_2025-05-15_G11,10109622VITORJ,2025-05-15,117788,1,2,0,1077.0
10109622VITORJ_2025-05-15_G12,10109622VITORJ,2025-05-15,110747,1,2,0,641.0
10109622VITORJ_2025-05-15_G13,10109622VITORJ,2025-05-15,111440,1,50,0,370.0
10109622VITORJ_2025-05-15_G14,10109622VITORJ,2025-05-15,110755,2,17,17,503.0
10109622VITORJ_2025-05-15_G15,10109622VITORJ,2025-05-15,111438,1,5,0,138.0
10109622VITORJ_2025-05-15_G16,10109622VITORJ,2025-05-15,111655,1,1,0,105.0
10109622VITORJ_2025-05-15_G17,10109622VITORJ,2025-05-15,111655,1,6,0,48.0
10109622VITORJ_2025-05-15_G18,10109622VITORJ,2025-05-15,109647,1,43,0,2319.0
10109622VITORJ_2025-05-15_G19,10109622VITORJ,2025-05-15,"109645, 105705",2,30,20,475.0
10109622VITORJ_2025-05-15_G20,10109622VITORJ,2025-05-15,109641,1,30,0,132.0
10109622VITORJ_2025-05-15_G21,10109622VITORJ,2025-05-15,111182,1,30,0,343.0
10109622VITORJ_2025-05-15_G23,10109622VITORJ,2025-05-15,118222,1,4,0,117.0
10109622VITORJ_2025-05-15_G24,10109622VITORJ,2025-05-15,111569,1,2,0,156.0
10109622VITORJ_2025-05-15_G25,10109622VITORJ,2025-05-15,111660,1,4,0,190.0
10109622VITORJ_2025-05-15_G26,10109622VITORJ,2025-05-15,117855,1,4,0,230.0
10109622VITORJ_2025-05-15_G27,10109622VITORJ,2025-05-15,117856,1,2,0,404.0
10109622VITORJ_2025-05-15_G28,10109622VITORJ,2025-05-15,111444,1,2,0,282.0
10109622VITORJ_2025-05-15_G29,10109622VITORJ,2025-05-15,111433,1,3,0,273.0
10109622VITORJ_2025-05-15_G30,10109622VITORJ,2025-05-15,140922,1,4,0,817.0
10109622VITORJ_2025-05-15_G31,10109622VITORJ,2025-05-15,111418,1,4,0,132.0
10109622VITORJ_2025-05-15_G32,10109622VITORJ,2025-05-15,111442,1,4,0,100.0
10109622VITORJ_2025-05-15_G33,10109622VITORJ,2025-05-15,110373,1,2,0,112.0
10109622VITORJ_2025-05-15_G34,10109622VITORJ,2025-05-15,110374,1,6,0,121.0
10109622VITORJ_2025-05-15_G35,10109622VITORJ,2025-05-15,117820,1,12,0,230.0
10109622VITORJ_2025-05-15_G36,10109622VITORJ,2025-05-15,109643,1,9,0,427.0
10109622VITORJ_2025-05-15_G37,10109622VITORJ,2025-05-15,140922,1,2,0,361.0
10109622VITORJ_2025-05-15_G38,10109622VITORJ,2025-05-15,111532,1,4,0,177.0
10109622VITORJ_2025-05-15_G39,10109622VITORJ,2025-05-15,117842,1,10,0,125.0
10109622VITORJ_2025-05-15_G40,10109622VITORJ,2025-05-15,110748,1,2,0,390.0
10109622VITORJ_2025-05-15_G41,10109622VITORJ,2025-05-15,117785,1,2,0,82.0
10109622VITORJ_2025-05-15_G42,10109622VITORJ,2025-05-15,107629,1,2,0,312.0
10109622VITORJ_2025-05-15_G43,10109622VITORJ,2025-05-15,109643,1,8,0,1256.0
10109622VITORJ_2025-05-15_G44,10109622VITORJ,2025-05-15,109643,1,3,0,63.0
10109622VITORJ_2025-05-15_G45,10109622VITORJ,2025-05-15,117808,1,23,0,200.0
10109622VITORJ_2025-05-15_G46,10109622VITORJ,2025-05-15,111438,1,6,0,415.0
10109622VITORJ_2025-05-15_G47,10109622VITORJ,2025-05-15,111438,1,5,0,63.0
10109622VITORJ_2025-05-15_G48,10109622VITORJ,2025-05-15,117855,1,4,0,211.0
10109622VITORJ_2025-05-15_G49,10109622VITORJ,2025-05-15,118222,1,3,0,311.0
10109622VITORJ_2025-05-15_G50,10109622VITORJ,2025-05-15,118094,1,3,0,224.0
10109622VITORJ_2025-05-15_G51,10109622VITORJ,2025-05-15,108711,1,3,0,110.0
10109622VITORJ_2025-05-15_G52,10109622VITORJ,2025-05-15,111463,1,2,0,50.0
10109622VITORJ_2025-05-15_G53,10109622VITORJ,2025-05-15,118140,1,4,0,44.0
10109622VITORJ_2025-05-15_G54,10109622VITORJ,2025-05-15,111418,1,4,0,279.0
10109622VITORJ_2025-05-16_G02,10109622VITORJ,2025-05-16,117820,1,3,0,148.0
10109622VITORJ_2025-05-16_G03,10109622VITORJ,2025-05-16,117808,1,1,0,155.0
10109622VITORJ_2025-05-16_G04,10109622VITORJ,2025-05-16,110787,1,2,0,459.0
10109622VITORJ_2025-05-16_G05,10109622VITORJ,2025-05-16,117832,1,3,0,119.0
10109622VITORJ_2025-05-16_G06,10109622VITORJ,2025-05-16,111462,1,2,0,1340.0
10109622VITORJ_2025-05-16_G07,10109622VITORJ,2025-05-16,111463,1,1,0,189.0
10109622VITORJ_2025-05-16_G08,10109622VITORJ,2025-05-16,111463,1,8,0,60.0
10109622VITORJ_2025-05-16_G09,10109622VITORJ,2025-05-16,111466,1,1,0,123.0
10109622VITORJ_2025-05-16_G10,10109622VITORJ,2025-05-16,118223,1,2,0,85.0
10109622VITORJ_2025-05-16_G11,10109622VITORJ,2025-05-16,109645,1,8,0,126.0
10109622VITORJ_2025-05-16_G12,10109622VITORJ,2025-05-16,111348,1,8,0,879.0
10109622VITORJ_2025-05-16_G13,10109622VITORJ,2025-05-16,"160057, 110841, 141047, 160054, 118299, 160051, 160053",7,29,78,1246.0
10109622VITORJ_2025-05-16_G15,10109622VITORJ,2025-05-16,111462,1,20,0,200.0
10109622VITORJ_2025-05-16_G16,10109622VITORJ,2025-05-16,140922,1,20,0,297.0
10109622VITORJ_2025-05-16_G17,10109622VITORJ,2025-05-16,111418,1,20,0,862.0
10109622VITORJ_2025-05-16_G18,10109622VITORJ,2025-05-16,111532,1,34,0,460.0
10109622VITORJ_2025-05-16_G19,10109622VITORJ,2025-05-16,117834,1,2,0,1303.0
10109622VITORJ_2025-05-16_G20,10109622VITORJ,2025-05-16,111569,1,4,0,129.0
10109622VITORJ_2025-05-16_G21,10109622VITORJ,2025-05-16,110755,1,2,0,47.0
10109622VITORJ_2025-05-16_G22,10109622VITORJ,2025-05-16,117821,1,28,0,245.0
10109622VITORJ_2025-05-16_G23,10109622VITORJ,2025-05-16,111468,1,6,0,93.0
10109622VITORJ_2025-05-16_G24,10109622VITORJ,2025-05-16,110373,1,33,0,406.0
10109622VITORJ_2025-05-16_G25,10109622VITORJ,2025-05-16,110376,1,50,0,622.0
10109622VITORJ_2025-05-16_G26,10109622VITORJ,2025-05-16,117809,1,50,0,1376.0
10109622VITORJ_2025-05-16_G27,10109622VITORJ,2025-05-16,117808,1,133,0,452.0
10109622VITORJ_2025-05-16_G28,10109622VITORJ,2025-05-16,117832,1,43,0,724.0
10109622VITORJ_2025-05-17_G02,10109622VITORJ,2025-05-17,111182,1,7,0,155.0
10109622VITORJ_2025-05-19_G02,10109622VITORJ,2025-05-19,110754,1,4,0,98.0
10109622VITORJ_2025-05-19_G03,10109622VITORJ,2025-05-19,110754,1,4,0,172.0
10109622VITORJ_2025-05-19_G04,10109622VITORJ,2025-05-19,111430,1,10,0,289.0
10109622VITORJ_2025-05-19_G05,10109622VITORJ,2025-05-19,100334,1,10,0,250.0
10109622VITORJ_2025-05-19_G06,10109622VITORJ,2025-05-19,100334,1,10,0,375.0
10109622VITORJ_2025-05-19_G07,10109622VITORJ,2025-05-19,108770,1,12,0,627.0
10109622VITORJ_2025-05-19_G08,10109622VITORJ,2025-05-19,108772,1,4,0,222.0
10109622VITORJ_2025-05-19_G09,10109622VITORJ,2025-05-19,110339,1,10,0,147.0
10109622VITORJ_2025-05-19_G10,10109622VITORJ,2025-05-19,117935,1,4,0,86.0
10109622VITORJ_2025-05-19_G11,10109622VITORJ,2025-05-19,141047,1,6,0,149.0
10109622VITORJ_2025-05-19_G12,10109622VITORJ,2025-05-19,117841,1,4,0,476.0
10109622VITORJ_2025-05-19_G13,10109622VITORJ,2025-05-19,111443,1,4,0,150.0
10109622VITORJ_2025-05-19_G14,10109622VITORJ,2025-05-19,111443,1,4,0,46.0
10109622VITORJ_2025-05-19_G15,10109622VITORJ,2025-05-19,105705,1,6,0,324.0
10109622VITORJ_2025-05-19_G16,10109622VITORJ,2025-05-19,140922,1,15,0,149.0
10109622VITORJ_2025-05-19_G17,10109622VITORJ,2025-05-19,110748,1,8,0,231.0
10109622VITORJ_2025-05-19_G18,10109622VITORJ,2025-05-19,118004,1,4,0,69.0
10109622VITORJ_2025-05-19_G19,10109622VITORJ,2025-05-19,111442,1,10,0,162.0
10109622VITORJ_2025-05-19_G20,10109622VITORJ,2025-05-19,107236,1,40,0,328.0
10109622VITORJ_2025-05-19_G21,10109622VITORJ,2025-05-19,117820,1,10,0,129.0
10109622VITORJ_2025-05-19_G22,10109622VITORJ,2025-05-19,117832,1,10,0,109.0
10109622VITORJ_2025-05-19_G23,10109622VITORJ,2025-05-19,141202,1,14,0,165.0
10109622VITORJ_2025-05-19_G24,10109622VITORJ,2025-05-19,118299,1,30,0,832.0
10109622VITORJ_2025-05-19_G25,10109622VITORJ,2025-05-19,118299,1,10,0,159.0
10109622VITORJ_2025-05-19_G26,10109622VITORJ,2025-05-19,117808,1,50,0,673.0
10109622VITORJ_2025-05-19_G27,10109622VITORJ,2025-05-19,117808,1,30,0,154.0
10109622VITORJ_2025-05-20_G02,10109622VITORJ,2025-05-20,110751,1,2,0,167.0
10109622VITORJ_2025-05-20_G03,10109622VITORJ,2025-05-20,109643,1,6,0,141.0
10109622VITORJ_2025-05-20_G04,10109622VITORJ,2025-05-20,110755,1,2,0,272.0
10109622VITORJ_2025-05-20_G05,10109622VITORJ,2025-05-20,111466,1,8,0,139.0
10109622VITORJ_2025-05-20_G06,10109622VITORJ,2025-05-20,111442,1,8,0,167.0
10109622VITORJ_2025-05-20_G07,10109622VITORJ,2025-05-20,117785,1,2,0,88.0
10109622VITORJ_2025-05-20_G08,10109622VITORJ,2025-05-20,111465,1,2,0,42.0
10109622VITORJ_2025-05-20_G09,10109622VITORJ,2025-05-20,110373,1,8,0,271.0
10109622VITORJ_2025-05-20_G10,10109622VITORJ,2025-05-20,117820,1,12,0,140.0
10109622VITORJ_2025-05-20_G11,10109622VITORJ,2025-05-20,118299,1,18,0,361.0
10109622VITORJ_2025-05-20_G12,10109622VITORJ,2025-05-20,117809,1,4,0,47.0
10109622VITORJ_2025-05-20_G13,10109622VITORJ,2025-05-20,117808,1,24,0,336.0
10109622VITORJ_2025-05-20_G14,10109622VITORJ,2025-05-20,117840,1,3,0,155.0
10109622VITORJ_2025-05-20_G15,10109622VITORJ,2025-05-20,117820,1,16,0,183.0
10109622VITORJ_2025-05-20_G16,10109622VITORJ,2025-05-20,110372,1,10,0,191.0
10109622VITORJ_2025-05-20_G17,10109622VITORJ,2025-05-20,110371,1,18,0,270.0
10109622VITORJ_2025-05-20_G18,10109622VITORJ,2025-05-20,118299,1,18,0,468.0
10109622VITORJ_2025-05-20_G19,10109622VITORJ,2025-05-20,117809,1,4,0,255.0
10109622VITORJ_2025-05-20_G20,10109622VITORJ,2025-05-20,117808,1,22,0,204.0
10109622VITORJ_2025-05-20_G21,10109622VITORJ,2025-05-20,108711,1,6,0,325.0
10109622VITORJ_2025-05-20_G22,10109622VITORJ,2025-05-20,117821,1,6,0,64.0
10109622VITORJ_2025-05-20_G23,10109622VITORJ,2025-05-20,111418,1,18,0,539.0
10109622VITORJ_2025-05-20_G24,10109622VITORJ,2025-05-20,111442,1,6,0,73.0
10109622VITORJ_2025-05-20_G25,10109622VITORJ,2025-05-20,111463,1,4,0,99.0
10109622VITORJ_2025-05-20_G26,10109622VITORJ,2025-05-20,117785,1,18,0,140.0
10109622VITORJ_2025-05-20_G27,10109622VITORJ,2025-05-20,111465,1,6,0,134.0
10109622VITORJ_2025-05-20_G29,10109622VITORJ,2025-05-20,107254,1,4,0,2290.0
10109622VITORJ_2025-05-20_G30,10109622VITORJ,2025-05-20,111851,1,2,0,121.0
10109622VITORJ_2025-05-20_G31,10109622VITORJ,2025-05-20,110081,1,1,0,151.0
10109622VITORJ_2025-05-20_G32,10109622VITORJ,2025-05-20,"110756, 118094, 107629, 110515",4,19,32,451.0
10109622VITORJ_2025-05-20_G33,10109622VITORJ,2025-05-20,110747,1,3,0,220.0
10109622VITORJ_2025-05-20_G34,10109622VITORJ,2025-05-20,111850,1,3,0,81.0
10109622VITORJ_2025-05-20_G35,10109622VITORJ,2025-05-20,110895,1,6,0,295.0
10109622VITORJ_2025-05-20_G36,10109622VITORJ,2025-05-20,111705,1,2,0,95.0
10109622VITORJ_2025-05-21_G02,10109622VITORJ,2025-05-21,111468,1,10,0,446.0
10109622VITORJ_2025-05-21_G03,10109622VITORJ,2025-05-21,111466,1,10,0,111.0
10109622VITORJ_2025-05-21_G04,10109622VITORJ,2025-05-21,111172,1,4,0,85.0
10109622VITORJ_2025-05-21_G05,10109622VITORJ,2025-05-21,111532,1,3,0,72.0
10109622VITORJ_2025-05-21_G06,10109622VITORJ,2025-05-21,111330,1,2,0,34.0
10109622VITORJ_2025-05-21_G07,10109622VITORJ,2025-05-21,115817,1,1,0,89.0
10109622VITORJ_2025-05-21_G08,10109622VITORJ,2025-05-21,109645,1,1,0,34.0
10109622VITORJ_2025-05-21_G09,10109622VITORJ,2025-05-21,110332,1,2,0,79.0
10109622VITORJ_2025-05-21_G10,10109622VITORJ,2025-05-21,118298,1,1,0,164.0
10109622VITORJ_2025-05-21_G11,10109622VITORJ,2025-05-21,111743,1,2,0,543.0
10109622VITORJ_2025-05-21_G12,10109622VITORJ,2025-05-21,108711,1,4,0,71.0
10109622VITORJ_2025-05-21_G13,10109622VITORJ,2025-05-21,140922,1,6,0,92.0
10109622VITORJ_2025-05-21_G14,10109622VITORJ,2025-05-21,111468,1,4,0,67.0
10109622VITORJ_2025-05-21_G15,10109622VITORJ,2025-05-21,111466,1,1,0,51.0
10109622VITORJ_2025-05-21_G16,10109622VITORJ,2025-05-21,"111443, 110751, 111462, 109641, 105705, 111182, 108711, 140922",8,30,36,1479.0
10109622VITORJ_2025-05-21_G17,10109622VITORJ,2025-05-21,118140,1,2,0,206.0
10109622VITORJ_2025-05-21_G18,10109622VITORJ,2025-05-21,117842,1,4,0,271.0
10109622VITORJ_2025-05-21_G19,10109622VITORJ,2025-05-21,"111660, 117861, 110515, 117820",4,18,40,1598.0
10109622VITORJ_2025-05-21_G20,10109622VITORJ,2025-05-21,"110371, 110373",2,4,5,37.0
10109622VITORJ_2025-05-21_G21,10109622VITORJ,2025-05-21,111418,1,65,0,393.0
10109622VITORJ_2025-05-21_G22,10109622VITORJ,2025-05-21,111442,1,4,0,1140.0
10109622VITORJ_2025-05-21_G23,10109622VITORJ,2025-05-21,117831,1,80,0,317.0
10109622VITORJ_2025-05-21_G24,10109622VITORJ,2025-05-21,107236,1,23,0,341.0
10109622VITORJ_2025-05-21_G25,10109622VITORJ,2025-05-21,108736,1,26,0,321.0
10109622VITORJ_2025-05-21_G26,10109622VITORJ,2025-05-21,110371,1,150,0,426.0
10109622VITORJ_2025-05-21_G27,10109622VITORJ,2025-05-21,107830,1,40,0,848.0
10109622VITORJ_2025-05-21_G28,10109622VITORJ,2025-05-21,117840,1,5,0,110.0
10109622VITORJ_2025-05-21_G29,10109622VITORJ,2025-05-21,117820,1,200,0,385.0
10109622VITORJ_2025-05-21_G30,10109622VITORJ,2025-05-21,"111462, 117787",2,70,10,52.0
10109622VITORJ_2025-05-21_G32,10109622VITORJ,2025-05-21,110371,1,30,0,231.0
10109622VITORJ_2025-05-21_G33,10109622VITORJ,2025-05-21,110371,1,24,0,303.0
10109622VITORJ_2025-05-21_G34,10109622VITORJ,2025-05-21,110371,1,3,0,42.0
10109622VITORJ_2025-05-21_G35,10109622VITORJ,2025-05-21,110373,1,40,0,507.0
10109622VITORJ_2025-05-21_G36,10109622VITORJ,2025-05-21,117820,1,20,0,362.0
10109622VITORJ_2025-05-21_G37,10109622VITORJ,2025-05-21,110372,1,26,0,225.0
10109622VITORJ_2025-05-21_G38,10109622VITORJ,2025-05-21,110372,1,20,0,202.0
10109622VITORJ_2025-05-21_G39,10109622VITORJ,2025-05-21,117832,1,10,0,188.0
10109622VITORJ_2025-05-21_G41,10109622VITORJ,2025-05-21,118299,1,17,0,244.0
10109622VITORJ_2025-05-21_G42,10109622VITORJ,2025-05-21,118299,1,26,0,331.0
10109622VITORJ_2025-05-21_G43,10109622VITORJ,2025-05-21,117808,1,34,0,355.0
10109622VITORJ_2025-05-21_G44,10109622VITORJ,2025-05-21,117853,1,10,0,217.0
10109622VITORJ_2025-05-21_G45,10109622VITORJ,2025-05-21,117821,1,16,0,252.0
10109622VITORJ_2025-05-21_G46,10109622VITORJ,2025-05-21,111348,1,1,0,51.0
10109622VITORJ_2025-05-21_G47,10109622VITORJ,2025-05-21,111444,1,40,0,34.0
10109622VITORJ_2025-05-21_G48,10109622VITORJ,2025-05-21,117785,1,20,0,978.0
10109622VITORJ_2025-05-21_G49,10109622VITORJ,2025-05-21,111465,1,10,0,97.0
10109622VITORJ_2025-05-21_G50,10109622VITORJ,2025-05-21,"110751, 111462, 111463, 109641, 105705, 111182, 108711, 111466, 118140, 111330, 118317, 111433, 111418, 160055, 107236",16,114,86,850.0
10109622VITORJ_2025-05-22_G02,10109622VITORJ,2025-05-22,110747,1,2,0,142.0
10109622VITORJ_2025-05-22_G03,10109622VITORJ,2025-05-22,109937,1,4,0,136.0
10109622VITORJ_2025-05-22_G04,10109622VITORJ,2025-05-22,111466,1,4,0,152.0
10109622VITORJ_2025-05-22_G05,10109622VITORJ,2025-05-22,110371,1,6,0,274.0
10109622VITORJ_2025-05-22_G06,10109622VITORJ,2025-05-22,110372,1,1,0,113.0
10109622VITORJ_2025-05-22_G07,10109622VITORJ,2025-05-22,117809,1,6,0,116.0
10109622VITORJ_2025-05-22_G08,10109622VITORJ,2025-05-22,"111438, 110895, 108770, 110371, 110373, 117833",6,38,49,212.0
10109622VITORJ_2025-05-22_G09,10109622VITORJ,2025-05-22,"110372, 111438, 110515, 111532",4,12,40,1655.0
10109622VITORJ_2025-05-22_G10,10109622VITORJ,2025-05-22,"110895, 110339",2,10,14,3176.0
10109622VITORJ_2025-05-22_G11,10109622VITORJ,2025-05-22,111532,2,17,7,116.0
10109622VITORJ_2025-05-22_G12,10109622VITORJ,2025-05-22,111418,1,117,0,888.0
10109622VITORJ_2025-05-22_G13,10109622VITORJ,2025-05-22,117808,1,1559,0,1023.0
10109622VITORJ_2025-05-22_G15,10109622VITORJ,2025-05-22,118299,1,700,0,3454.0
10109622VITORJ_2025-05-22_G16,10109622VITORJ,2025-05-22,109643,1,36,0,1412.0
10109622VITORJ_2025-05-22_G17,10109622VITORJ,2025-05-22,117808,1,400,0,911.0
10109622VITORJ_2025-05-22_G18,10109622VITORJ,2025-05-22,110371,1,170,0,1076.0
10109622VITORJ_2025-05-22_G19,10109622VITORJ,2025-05-22,117809,1,38,0,355.0
10109622VITORJ_2025-05-23_G02,10109622VITORJ,2025-05-23,111466,1,37,0,274.0
10109622VITORJ_2025-05-23_G03,10109622VITORJ,2025-05-23,111418,1,141,0,934.0
10109622VITORJ_2025-05-23_G04,10109622VITORJ,2025-05-23,111330,1,32,0,543.0
10109622VITORJ_2025-05-23_G05,10109622VITORJ,2025-05-23,117855,1,59,0,856.0
10109622VITORJ_2025-05-23_G06,10109622VITORJ,2025-05-23,111602,1,110,0,1067.0
10109622VITORJ_2025-05-23_G07,10109622VITORJ,2025-05-23,110515,1,23,0,211.0
10109622VITORJ_2025-05-23_G08,10109622VITORJ,2025-05-23,111463,1,80,0,2429.0
10109622VITORJ_2025-05-23_G09,10109622VITORJ,2025-05-23,110745,1,12,0,194.0
10109622VITORJ_2025-05-23_G10,10109622VITORJ,2025-05-23,111418,1,80,0,302.0
10109622VITORJ_2025-05-23_G12,10109622VITORJ,2025-05-23,110740,1,8,0,1704.0
10109622VITORJ_2025-05-23_G13,10109622VITORJ,2025-05-23,110740,1,4,0,33.0
10109622VITORJ_2025-05-23_G14,10109622VITORJ,2025-05-23,111463,1,3,0,69.0
10109622VITORJ_2025-05-23_G15,10109622VITORJ,2025-05-23,111463,1,6,0,53.0
10109622VITORJ_2025-05-23_G16,10109622VITORJ,2025-05-23,109641,1,8,0,97.0
10109622VITORJ_2025-05-23_G17,10109622VITORJ,2025-05-23,111446,1,10,0,103.0
10109622VITORJ_2025-05-23_G18,10109622VITORJ,2025-05-23,105705,1,10,0,212.0
10109622VITORJ_2025-05-23_G19,10109622VITORJ,2025-05-23,105705,1,8,0,929.0
10109622VITORJ_2025-05-23_G20,10109622VITORJ,2025-05-23,105705,1,4,0,45.0
10109622VITORJ_2025-05-23_G21,10109622VITORJ,2025-05-23,111182,1,12,0,140.0
10109622VITORJ_2025-05-23_G22,10109622VITORJ,2025-05-23,111182,1,6,0,80.0
10109622VITORJ_2025-05-23_G23,10109622VITORJ,2025-05-23,140922,1,8,0,178.0
10109622VITORJ_2025-05-23_G24,10109622VITORJ,2025-05-23,140922,1,4,0,49.0
10109622VITORJ_2025-05-23_G25,10109622VITORJ,2025-05-23,111466,1,6,0,137.0
10109622VITORJ_2025-05-23_G26,10109622VITORJ,2025-05-23,117842,1,5,0,124.0
10109622VITORJ_2025-05-24_G02,10109622VITORJ,2025-05-24,117820,1,12,0,91.0
10109622VITORJ_2025-05-24_G03,10109622VITORJ,2025-05-24,117820,1,4,0,46.0
10109622VITORJ_2025-05-24_G04,10109622VITORJ,2025-05-24,117820,1,4,0,44.0
10109622VITORJ_2025-05-24_G05,10109622VITORJ,2025-05-24,117820,1,14,0,130.0
10109622VITORJ_2025-05-24_G06,10109622VITORJ,2025-05-24,117830,1,4,0,206.0
10109622VITORJ_2025-05-24_G07,10109622VITORJ,2025-05-24,140922,1,8,0,1053.0
10109622VITORJ_2025-05-25_G02,10109622VITORJ,2025-05-25,110372,1,30,0,549.0
10109622VITORJ_2025-05-25_G03,10109622VITORJ,2025-05-25,117832,1,12,0,604.0
10109622VITORJ_2025-05-25_G04,10109622VITORJ,2025-05-25,117830,1,12,0,111.0
10109622VITORJ_2025-05-25_G05,10109622VITORJ,2025-05-25,110375,1,8,0,65.0
10109622VITORJ_2025-05-25_G06,10109622VITORJ,2025-05-25,117809,1,8,0,105.0
10109622VITORJ_2025-05-25_G07,10109622VITORJ,2025-05-25,117808,1,140,0,625.0
10109622VITORJ_2025-05-25_G08,10109622VITORJ,2025-05-25,117820,1,50,0,1313.0
10109622VITORJ_2025-05-25_G09,10109622VITORJ,2025-05-25,110373,1,60,0,716.0
10109622VITORJ_2025-05-25_G10,10109622VITORJ,2025-05-25,118222,1,12,0,735.0
10109622VITORJ_2025-05-25_G11,10109622VITORJ,2025-05-25,118306,1,8,0,129.0
10109622VITORJ_2025-05-25_G12,10109622VITORJ,2025-05-25,107892,1,2,0,116.0
10109622VITORJ_2025-05-25_G13,10109622VITORJ,2025-05-25,110746,1,2,0,64.0
10109622VITORJ_2025-05-25_G14,10109622VITORJ,2025-05-25,111441,1,4,0,150.0
10109622VITORJ_2025-05-25_G15,10109622VITORJ,2025-05-25,111438,1,2,0,435.0
10109622VITORJ_2025-05-25_G16,10109622VITORJ,2025-05-25,110755,1,2,0,55.0
10109622VITORJ_2025-05-25_G17,10109622VITORJ,2025-05-25,117835,1,4,0,67.0
10109622VITORJ_2025-05-25_G18,10109622VITORJ,2025-05-25,111569,1,4,0,107.0
10109622VITORJ_2025-05-26_G02,10109622VITORJ,2025-05-26,160055,1,4,0,234.0
10109622VITORJ_2025-05-26_G03,10109622VITORJ,2025-05-26,160054,1,10,0,232.0
10109622VITORJ_2025-05-26_G04,10109622VITORJ,2025-05-26,160051,1,6,0,131.0
10109622VITORJ_2025-05-26_G05,10109622VITORJ,2025-05-26,160053,1,2,0,102.0
10109622VITORJ_2025-05-26_G06,10109622VITORJ,2025-05-26,111462,1,8,0,1976.0
10109622VITORJ_2025-05-26_G07,10109622VITORJ,2025-05-26,111462,1,10,0,60.0
10109622VITORJ_2025-05-26_G08,10109622VITORJ,2025-05-26,117785,1,40,0,201.0
10109622VITORJ_2025-05-26_G09,10109622VITORJ,2025-05-26,111463,1,20,0,383.0
10109622VITORJ_2025-05-26_G10,10109622VITORJ,2025-05-26,109641,1,10,0,1729.0
10109622VITORJ_2025-05-26_G11,10109622VITORJ,2025-05-26,111466,1,20,0,185.0
10109622VITORJ_2025-05-26_G12,10109622VITORJ,2025-05-26,117831,1,10,0,93.0
10109622VITORJ_2025-05-26_G14,10109622VITORJ,2025-05-26,117862,1,10,0,153.0
10109622VITORJ_2025-05-26_G15,10109622VITORJ,2025-05-26,117861,1,16,0,194.0
10109622VITORJ_2025-05-26_G16,10109622VITORJ,2025-05-26,109640,1,26,0,1107.0
10109622VITORJ_2025-05-26_G17,10109622VITORJ,2025-05-26,109640,1,34,0,375.0
10109622VITORJ_2025-05-26_G18,10109622VITORJ,2025-05-26,111467,1,6,0,294.0
10109622VITORJ_2025-05-26_G19,10109622VITORJ,2025-05-26,110752,1,4,0,120.0
10109622VITORJ_2025-05-26_G20,10109622VITORJ,2025-05-26,110752,1,8,0,600.0
10109622VITORJ_2025-05-26_G21,10109622VITORJ,2025-05-26,117853,1,3,0,85.0
10109622VITORJ_2025-05-26_G22,10109622VITORJ,2025-05-26,117856,1,18,0,252.0
10109622VITORJ_2025-05-26_G23,10109622VITORJ,2025-05-26,117856,1,1,0,36.0
10109622VITORJ_2025-05-26_G24,10109622VITORJ,2025-05-26,108361,1,2,0,86.0
10109622VITORJ_2025-05-26_G25,10109622VITORJ,2025-05-26,111602,1,52,0,982.0
10109622VITORJ_2025-05-26_G26,10109622VITORJ,2025-05-26,110515,1,60,0,1464.0
10109622VITORJ_2025-05-26_G27,10109622VITORJ,2025-05-26,110063,1,1,0,684.0
10109622VITORJ_2025-05-26_G28,10109622VITORJ,2025-05-26,117808,1,9,0,2545.0
10109622VITORJ_2025-05-26_G29,10109622VITORJ,2025-05-26,117820,1,10,0,405.0
10109622VITORJ_2025-05-26_G30,10109622VITORJ,2025-05-26,109643,1,18,0,301.0
10109622VITORJ_2025-05-27_G03,10109622VITORJ,2025-05-27,110373,1,280,0,1357.0
10109622VITORJ_2025-05-27_G04,10109622VITORJ,2025-05-27,117820,1,60,0,352.0
10109622VITORJ_2025-05-27_G05,10109622VITORJ,2025-05-27,110372,1,125,0,791.0
10109622VITORJ_2025-05-27_G07,10109622VITORJ,2025-05-27,110751,1,4,0,252.0
10109622VITORJ_2025-05-27_G08,10109622VITORJ,2025-05-27,111469,1,4,0,114.0
10109622VITORJ_2025-05-27_G09,10109622VITORJ,2025-05-27,111532,1,5,0,86.0
10109622VITORJ_2025-05-27_G10,10109622VITORJ,2025-05-27,111330,1,12,0,250.0
10109622VITORJ_2025-05-27_G11,10109622VITORJ,2025-05-27,111442,1,4,0,54.0
10109622VITORJ_2025-05-27_G12,10109622VITORJ,2025-05-27,110787,1,7,0,108.0
10109622VITORJ_2025-05-27_G13,10109622VITORJ,2025-05-27,109643,1,11,0,1068.0
10109622VITORJ_2025-05-27_G14,10109622VITORJ,2025-05-27,109643,1,16,0,126.0
10109622VITORJ_2025-05-27_G15,10109622VITORJ,2025-05-27,109643,1,9,0,143.0
10109622VITORJ_2025-05-27_G16,10109622VITORJ,2025-05-27,110371,1,11,0,94.0
10109622VITORJ_2025-05-27_G17,10109622VITORJ,2025-05-27,110371,1,13,0,139.0
10109622VITORJ_2025-05-27_G18,10109622VITORJ,2025-05-27,110373,1,104,0,1049.0
10109622VITORJ_2025-05-27_G19,10109622VITORJ,2025-05-27,117820,1,48,0,782.0
10109622VITORJ_2025-05-27_G20,10109622VITORJ,2025-05-27,110372,1,12,0,415.0
10109622VITORJ_2025-05-27_G21,10109622VITORJ,2025-05-27,110375,1,1,0,73.0
10109622VITORJ_2025-05-27_G22,10109622VITORJ,2025-05-27,110375,1,16,0,74.0
10109622VITORJ_2025-05-27_G23,10109622VITORJ,2025-05-27,117809,1,1,0,104.0
10109622VITORJ_2025-05-27_G24,10109622VITORJ,2025-05-27,117809,1,8,0,124.0
10109622VITORJ_2025-05-27_G25,10109622VITORJ,2025-05-27,117808,1,4,0,100.0
10109622VITORJ_2025-05-27_G26,10109622VITORJ,2025-05-27,117808,1,480,0,1462.0
10109622VITORJ_2025-05-27_G27,10109622VITORJ,2025-05-27,110372,1,4,0,739.0
10109622VITORJ_2025-05-27_G28,10109622VITORJ,2025-05-27,110373,1,80,0,201.0
10109622VITORJ_2025-05-28_G02,10109622VITORJ,2025-05-28,110740,1,10,0,158.0
10109622VITORJ_2025-05-28_G03,10109622VITORJ,2025-05-28,117785,1,148,0,687.0
10109622VITORJ_2025-05-28_G04,10109622VITORJ,2025-05-28,111463,1,40,0,808.0
10109622VITORJ_2025-05-28_G05,10109622VITORJ,2025-05-28,108711,1,10,0,128.0
10109622VITORJ_2025-05-28_G06,10109622VITORJ,2025-05-28,140922,1,20,0,331.0
10109622VITORJ_2025-05-28_G07,10109622VITORJ,2025-05-28,111468,1,20,0,168.0
10109622VITORJ_2025-05-28_G08,10109622VITORJ,2025-05-28,110745,1,10,0,122.0
10109622VITORJ_2025-05-28_G09,10109622VITORJ,2025-05-28,111418,1,50,0,393.0
10109622VITORJ_2025-05-28_G10,10109622VITORJ,2025-05-28,117833,1,30,0,527.0
10109622VITORJ_2025-05-28_G11,10109622VITORJ,2025-05-28,111172,1,10,0,141.0
10109622VITORJ_2025-05-28_G12,10109622VITORJ,2025-05-28,117821,1,20,0,1097.0
10109622VITORJ_2025-05-28_G13,10109622VITORJ,2025-05-28,111330,1,10,0,154.0
10109622VITORJ_2025-05-28_G14,10109622VITORJ,2025-05-28,110787,1,8,0,238.0
10109622VITORJ_2025-05-28_G15,10109622VITORJ,2025-05-28,111850,1,2,0,1849.0
10109622VITORJ_2025-05-28_G16,10109622VITORJ,2025-05-28,117935,1,4,0,176.0
10109622VITORJ_2025-05-28_G17,10109622VITORJ,2025-05-28,110787,1,2,0,138.0
10109622VITORJ_2025-05-28_G18,10109622VITORJ,2025-05-28,117935,1,2,0,198.0
10109622VITORJ_2025-05-28_G19,10109622VITORJ,2025-05-28,117935,1,5,0,88.0
10109622VITORJ_2025-05-28_G20,10109622VITORJ,2025-05-28,111431,1,2,0,85.0
10109622VITORJ_2025-05-28_G21,10109622VITORJ,2025-05-28,110787,1,1,0,140.0
10109622VITORJ_2025-05-28_G22,10109622VITORJ,2025-05-28,117935,1,3,0,278.0
10109622VITORJ_2025-05-28_G23,10109622VITORJ,2025-05-28,110787,1,18,0,222.0
10109622VITORJ_2025-05-28_G24,10109622VITORJ,2025-05-28,117935,1,2,0,451.0
10109622VITORJ_2025-05-28_G26,10109622VITORJ,2025-05-28,109643,1,10,0,88.0
10109622VITORJ_2025-05-28_G27,10109622VITORJ,2025-05-28,110371,1,10,0,118.0
10109622VITORJ_2025-05-28_G28,10109622VITORJ,2025-05-28,110373,1,20,0,242.0
10109622VITORJ_2025-05-28_G29,10109622VITORJ,2025-05-28,117820,1,10,0,393.0
10109622VITORJ_2025-05-28_G30,10109622VITORJ,2025-05-28,117820,1,4,0,45.0
10109622VITORJ_2025-05-28_G31,10109622VITORJ,2025-05-28,118299,1,20,0,271.0
10109622VITORJ_2025-05-28_G32,10109622VITORJ,2025-05-28,110372,1,30,0,499.0
10109622VITORJ_2025-05-28_G33,10109622VITORJ,2025-05-28,117832,1,6,0,480.0
10109622VITORJ_2025-05-28_G34,10109622VITORJ,2025-05-28,141202,1,4,0,112.0
10109622VITORJ_2025-05-28_G35,10109622VITORJ,2025-05-28,141202,1,5,0,33.0
10109622VITORJ_2025-05-28_G36,10109622VITORJ,2025-05-28,117808,1,30,0,216.0
10109622VITORJ_2025-05-28_G37,10109622VITORJ,2025-05-28,117808,1,30,0,216.0
10109622VITORJ_2025-05-28_G38,10109622VITORJ,2025-05-28,117808,1,4,0,70.0
10109622VITORJ_2025-05-28_G39,10109622VITORJ,2025-05-28,117830,1,12,0,186.0
10109622VITORJ_2025-05-28_G40,10109622VITORJ,2025-05-28,111743,1,2,0,1307.0
10109622VITORJ_2025-05-28_G41,10109622VITORJ,2025-05-28,111443,1,4,0,98.0
10109622VITORJ_2025-05-28_G42,10109622VITORJ,2025-05-28,111466,1,12,0,267.0
10109622VITORJ_2025-05-28_G43,10109622VITORJ,2025-05-28,117785,1,6,0,161.0
10109622VITORJ_2025-05-28_G44,10109622VITORJ,2025-05-28,109641,1,4,0,250.0
10109622VITORJ_2025-05-28_G45,10109622VITORJ,2025-05-28,111182,1,6,0,232.0
10109622VITORJ_2025-05-28_G46,10109622VITORJ,2025-05-28,140922,1,12,0,197.0
10109622VITORJ_2025-05-28_G47,10109622VITORJ,2025-05-28,117833,1,4,0,100.0
10109622VITORJ_2025-05-28_G48,10109622VITORJ,2025-05-28,111431,1,2,0,179.0
10109622VITORJ_2025-05-28_G49,10109622VITORJ,2025-05-28,118004,1,8,0,660.0
10109622VITORJ_2025-05-28_G50,10109622VITORJ,2025-05-28,109645,1,4,0,96.0
10109622VITORJ_2025-05-28_G51,10109622VITORJ,2025-05-28,118140,1,8,0,98.0
10109622VITORJ_2025-05-28_G52,10109622VITORJ,2025-05-28,111418,1,12,0,462.0
10109622VITORJ_2025-05-28_G53,10109622VITORJ,2025-05-28,110787,1,4,0,97.0
10109622VITORJ_2025-05-28_G54,10109622VITORJ,2025-05-28,107236,1,6,0,68.0
10109622VITORJ_2025-05-28_G55,10109622VITORJ,2025-05-28,111465,1,3,0,40.0
10109622VITORJ_2025-05-28_G56,10109622VITORJ,2025-05-28,117821,1,8,0,348.0
10109622VITORJ_2025-05-28_G57,10109622VITORJ,2025-05-28,110374,1,8,0,239.0
10109622VITORJ_2025-05-28_G58,10109622VITORJ,2025-05-28,110371,1,16,0,168.0
10109622VITORJ_2025-05-29_G02,10109622VITORJ,2025-05-29,110373,1,16,0,210.0
10109622VITORJ_2025-05-29_G03,10109622VITORJ,2025-05-29,118299,1,8,0,396.0
10109622VITORJ_2025-05-29_G04,10109622VITORJ,2025-05-29,110372,1,12,0,134.0
10109622VITORJ_2025-05-29_G05,10109622VITORJ,2025-05-29,117832,1,4,0,62.0
10109622VITORJ_2025-05-29_G06,10109622VITORJ,2025-05-29,117830,1,8,0,132.0
10109622VITORJ_2025-05-29_G07,10109622VITORJ,2025-05-29,110741,1,3,0,216.0
10109622VITORJ_2025-05-29_G08,10109622VITORJ,2025-05-29,111876,1,4,0,69.0
10109622VITORJ_2025-05-29_G09,10109622VITORJ,2025-05-29,117855,1,10,0,129.0
10109622VITORJ_2025-05-29_G10,10109622VITORJ,2025-05-29,111439,1,6,0,241.0
10109622VITORJ_2025-05-29_G11,10109622VITORJ,2025-05-29,117856,1,4,0,151.0
10109622VITORJ_2025-05-29_G12,10109622VITORJ,2025-05-29,111602,1,2,0,97.0
10109622VITORJ_2025-05-29_G13,10109622VITORJ,2025-05-29,110895,1,2,0,204.0
10109622VITORJ_2025-05-29_G14,10109622VITORJ,2025-05-29,110747,1,2,0,126.0
10109622VITORJ_2025-05-29_G15,10109622VITORJ,2025-05-29,111850,1,4,0,122.0
10109622VITORJ_2025-05-29_G16,10109622VITORJ,2025-05-29,111569,1,4,0,499.0
10109622VITORJ_2025-05-29_G17,10109622VITORJ,2025-05-29,118222,1,8,0,502.0
10109622VITORJ_2025-05-29_G18,10109622VITORJ,2025-05-29,111441,1,4,0,150.0
10109622VITORJ_2025-05-29_G19,10109622VITORJ,2025-05-29,111660,1,4,0,779.0
10109622VITORJ_2025-05-29_G20,10109622VITORJ,2025-05-29,110747,1,4,0,429.0
10109622VITORJ_2025-05-29_G21,10109622VITORJ,2025-05-29,111850,1,4,0,71.0
10109622VITORJ_2025-05-29_G22,10109622VITORJ,2025-05-29,110895,1,4,0,91.0
10109622VITORJ_2025-05-29_G23,10109622VITORJ,2025-05-29,111441,1,3,0,108.0
10109622VITORJ_2025-05-29_G24,10109622VITORJ,2025-05-29,111445,1,1,0,88.0
10109622VITORJ_2025-05-29_G25,10109622VITORJ,2025-05-29,110711,1,2,0,271.0
10109622VITORJ_2025-05-29_G26,10109622VITORJ,2025-05-29,109647,1,2,0,52.0
10109622VITORJ_2025-05-29_G27,10109622VITORJ,2025-05-29,117855,1,10,0,389.0
10109622VITORJ_2025-05-29_G28,10109622VITORJ,2025-05-29,117861,1,4,0,128.0
10109622VITORJ_2025-05-29_G29,10109622VITORJ,2025-05-29,117856,1,4,0,169.0
10109622VITORJ_2025-05-29_G30,10109622VITORJ,2025-05-29,110515,1,6,0,148.0
10109622VITORJ_2025-05-29_G31,10109622VITORJ,2025-05-29,117785,1,4,0,171.0
10109622VITORJ_2025-05-29_G32,10109622VITORJ,2025-05-29,118140,1,8,0,1366.0
10109622VITORJ_2025-05-29_G33,10109622VITORJ,2025-05-29,111418,1,10,0,393.0
10109622VITORJ_2025-05-29_G34,10109622VITORJ,2025-05-29,107236,1,4,0,84.0
10109622VITORJ_2025-05-29_G35,10109622VITORJ,2025-05-29,110325,1,4,0,332.0
10109622VITORJ_2025-05-29_G36,10109622VITORJ,2025-05-29,110373,1,10,0,124.0
10109622VITORJ_2025-05-29_G37,10109622VITORJ,2025-05-29,110372,1,12,0,1039.0
10109622VITORJ_2025-05-29_G38,10109622VITORJ,2025-05-29,117820,1,10,0,109.0
10109622VITORJ_2025-05-29_G40,10109622VITORJ,2025-05-29,110741,1,24,0,589.0
10109622VITORJ_2025-05-29_G41,10109622VITORJ,2025-05-29,111876,1,30,0,579.0
10109622VITORJ_2025-05-29_G42,10109622VITORJ,2025-05-29,118298,1,43,0,519.0
10109622VITORJ_2025-05-29_G43,10109622VITORJ,2025-05-29,117862,1,80,0,717.0
10109622VITORJ_2025-05-29_G44,10109622VITORJ,2025-05-29,110753,1,40,0,566.0
10109622VITORJ_2025-05-29_G45,10109622VITORJ,2025-05-29,111879,1,20,0,505.0
10109622VITORJ_2025-05-29_G46,10109622VITORJ,2025-05-29,117856,1,3,0,821.0
10109622VITORJ_2025-05-29_G47,10109622VITORJ,2025-05-29,111532,1,100,0,1229.0
10109622VITORJ_2025-05-29_G48,10109622VITORJ,2025-05-29,111431,1,20,0,297.0
10109622VITORJ_2025-05-29_G49,10109622VITORJ,2025-05-29,107236,1,33,0,441.0
10109622VITORJ_2025-05-29_G50,10109622VITORJ,2025-05-29,110372,1,100,0,1012.0
10109622VITORJ_2025-05-29_G51,10109622VITORJ,2025-05-29,118299,1,400,0,1579.0
10109622VITORJ_2025-05-29_G52,10109622VITORJ,2025-05-29,118299,1,108,0,350.0
10109622VITORJ_2025-05-30_G02,10109622VITORJ,2025-05-30,117855,1,2,0,118.0
10109622VITORJ_2025-05-30_G03,10109622VITORJ,2025-05-30,117853,1,4,0,115.0
10109622VITORJ_2025-05-30_G04,10109622VITORJ,2025-05-30,111532,1,1,0,130.0
10109622VITORJ_2025-05-30_G05,10109622VITORJ,2025-05-30,118140,1,20,0,283.0
10109622VITORJ_2025-05-30_G06,10109622VITORJ,2025-05-30,108798,1,8,0,779.0
10109622VITORJ_2025-05-30_G07,10109622VITORJ,2025-05-30,110373,1,4,0,1033.0
10109622VITORJ_2025-05-30_G08,10109622VITORJ,2025-05-30,110372,1,4,0,53.0
10109622VITORJ_2025-05-30_G09,10109622VITORJ,2025-05-30,117822,1,4,0,89.0
10109622VITORJ_2025-05-30_G10,10109622VITORJ,2025-05-30,117808,1,4,0,204.0
10109622VITORJ_2025-05-30_G11,10109622VITORJ,2025-05-30,118299,1,4,0,99.0
10109622VITORJ_2025-05-30_G12,10109622VITORJ,2025-05-30,110371,1,4,0,106.0
10109622VITORJ_2025-05-30_G13,10109622VITORJ,2025-05-30,110580,1,1,0,138.0
10109622VITORJ_2025-05-30_G14,10109622VITORJ,2025-05-30,111467,1,4,0,100.0
10109622VITORJ_2025-05-30_G15,10109622VITORJ,2025-05-30,109641,1,12,0,2019.0
10109622VITORJ_2025-05-30_G16,10109622VITORJ,2025-05-30,111468,1,6,0,84.0
10109622VITORJ_2025-05-30_G17,10109622VITORJ,2025-05-30,111466,1,20,0,140.0
10109622VITORJ_2025-05-30_G18,10109622VITORJ,2025-05-30,111469,1,29,0,296.0
10109622VITORJ_2025-05-30_G19,10109622VITORJ,2025-05-30,117833,1,4,0,96.0
10109622VITORJ_2025-05-30_G20,10109622VITORJ,2025-05-30,118140,1,40,0,458.0
10109622VITORJ_2025-05-30_G21,10109622VITORJ,2025-05-30,111418,1,100,0,692.0
10109622VITORJ_2025-05-30_G22,10109622VITORJ,2025-05-30,111348,1,8,0,172.0
10109622VITORJ_2025-05-30_G23,10109622VITORJ,2025-05-30,111465,1,12,0,120.0
10109622VITORJ_2025-05-30_G25,10109622VITORJ,2025-05-30,109643,1,2,0,312.0
10109622VITORJ_2025-05-30_G26,10109622VITORJ,2025-05-30,109643,1,2,0,181.0
10109622VITORJ_2025-05-30_G27,10109622VITORJ,2025-05-30,109643,1,5,0,44.0
10109622VITORJ_2025-05-30_G28,10109622VITORJ,2025-05-30,110373,1,2,0,245.0
10109622VITORJ_2025-05-30_G29,10109622VITORJ,2025-05-30,110373,1,11,0,114.0
10109622VITORJ_2025-05-30_G30,10109622VITORJ,2025-05-30,110373,1,4,0,32.0
10109622VITORJ_2025-05-30_G31,10109622VITORJ,2025-05-30,110373,1,4,0,421.0
10109622VITORJ_2025-05-30_G32,10109622VITORJ,2025-05-30,110372,1,5,0,56.0
10109622VITORJ_2025-05-30_G33,10109622VITORJ,2025-05-30,110372,1,4,0,38.0
10109622VITORJ_2025-05-30_G34,10109622VITORJ,2025-05-30,110372,1,4,0,54.0
10109622VITORJ_2025-05-30_G35,10109622VITORJ,2025-05-30,118299,2,10,27,251.0
10109622VITORJ_2025-05-30_G36,10109622VITORJ,2025-05-30,118299,1,8,0,59.0
10109622VITORJ_2025-05-30_G37,10109622VITORJ,2025-05-30,118299,1,7,0,95.0
10109622VITORJ_2025-05-30_G38,10109622VITORJ,2025-05-30,110371,1,1,0,98.0
10109622VITORJ_2025-05-30_G39,10109622VITORJ,2025-05-30,110371,1,10,0,75.0
10109622VITORJ_2025-05-30_G40,10109622VITORJ,2025-05-30,110371,1,6,0,62.0
10109622VITORJ_2025-05-30_G41,10109622VITORJ,2025-05-30,117809,1,2,0,85.0
10109622VITORJ_2025-05-30_G42,10109622VITORJ,2025-05-30,117820,1,6,0,582.0
10109622VITORJ_2025-05-30_G43,10109622VITORJ,2025-05-30,117830,1,2,0,59.0
10109622VITORJ_2025-05-30_G44,10109622VITORJ,2025-05-30,110373,1,2,0,578.0
10109622VITORJ_2025-05-30_G45,10109622VITORJ,2025-05-30,110742,2,4,24,1303.0
10109622VITORJ_2025-05-30_G46,10109622VITORJ,2025-05-30,111569,1,6,0,150.0
10109622VITORJ_2025-05-30_G47,10109622VITORJ,2025-05-30,111569,1,2,0,48.0
10109622VITORJ_2025-05-30_G48,10109622VITORJ,2025-05-30,118306,1,2,0,61.0
10109622VITORJ_2025-05-30_G49,10109622VITORJ,2025-05-30,111441,1,4,0,244.0
10109622VITORJ_2025-05-30_G50,10109622VITORJ,2025-05-30,110373,1,4,0,857.0
10109622VITORJ_2025-05-30_G51,10109622VITORJ,2025-05-30,110372,1,5,0,58.0
10109622VITORJ_2025-05-30_G52,10109622VITORJ,2025-05-30,117822,1,2,0,65.0
10109622VITORJ_2025-05-30_G53,10109622VITORJ,2025-05-30,118299,1,4,0,82.0
10109622VITORJ_2025-05-30_G54,10109622VITORJ,2025-05-30,117808,1,30,0,363.0
10109622VITORJ_2025-05-30_G55,10109622VITORJ,2025-05-30,117808,5,94,24,218.0
10109622VITORJ_2025-05-30_G56,10109622VITORJ,2025-05-30,117820,1,5,0,157.0
10109622VITORJ_2025-05-30_G57,10109622VITORJ,2025-05-30,110371,1,2,0,150.0
10109622VITORJ_2025-05-30_G58,10109622VITORJ,2025-05-30,111602,1,4,0,157.0
10109622VITORJ_2025-05-30_G59,10109622VITORJ,2025-05-30,140922,1,4,0,132.0
10109622VITORJ_2025-05-30_G60,10109622VITORJ,2025-05-30,117831,1,4,0,238.0
10109622VITORJ_2025-05-30_G61,10109622VITORJ,2025-05-30,118140,1,8,0,322.0
10109622VITORJ_2025-05-30_G62,10109622VITORJ,2025-05-30,117785,1,4,0,84.0
10109622VITORJ_2025-05-30_G63,10109622VITORJ,2025-05-30,110373,1,4,0,136.0
10109622VITORJ_2025-05-30_G64,10109622VITORJ,2025-05-30,117820,1,4,0,177.0
10109622VITORJ_2025-05-31_G02,10109622VITORJ,2025-05-31,110747,1,3,0,88.0
10109622VITORJ_2025-05-31_G03,10109622VITORJ,2025-05-31,110754,1,4,0,60.0
10109622VITORJ_2025-05-31_G04,10109622VITORJ,2025-05-31,111850,1,3,0,65.0
10109622VITORJ_2025-05-31_G05,10109622VITORJ,2025-05-31,110841,1,4,0,83.0
10109622VITORJ_2025-05-31_G06,10109622VITORJ,2025-05-31,110746,1,4,0,1626.0
10109622VITORJ_2025-05-31_G07,10109622VITORJ,2025-05-31,110895,1,7,0,98.0
10109622VITORJ_2025-05-31_G08,10109622VITORJ,2025-05-31,108770,1,2,0,85.0
10109622VITORJ_2025-05-31_G09,10109622VITORJ,2025-05-31,110376,1,4,0,141.0
10109622VITORJ_2025-05-31_G10,10109622VITORJ,2025-05-31,110375,1,2,0,169.0
10109622VITORJ_2025-05-31_G11,10109622VITORJ,2025-05-31,117809,1,4,0,82.0
10109622VITORJ_2025-05-31_G12,10109622VITORJ,2025-05-31,117808,1,10,0,212.0
10109622VITORJ_2025-05-31_G13,10109622VITORJ,2025-05-31,118290,1,1,0,384.0
10109622VITORJ_2025-05-31_G14,10109622VITORJ,2025-05-31,110742,1,2,0,123.0
10109622VITORJ_2025-05-31_G15,10109622VITORJ,2025-05-31,111850,1,6,0,119.0
10109622VITORJ_2025-05-31_G16,10109622VITORJ,2025-05-31,111850,1,4,0,78.0
10109622VITORJ_2025-05-31_G17,10109622VITORJ,2025-05-31,110746,1,4,0,70.0
10109622VITORJ_2025-05-31_G18,10109622VITORJ,2025-05-31,117837,1,2,0,123.0
10109622VITORJ_2025-05-31_G19,10109622VITORJ,2025-05-31,117862,1,6,0,57.0
10109622VITORJ_2025-05-31_G20,10109622VITORJ,2025-05-31,111172,1,2,0,698.0
10109622VITORJ_2025-05-31_G21,10109622VITORJ,2025-05-31,141048,1,4,0,84.0
10109622VITORJ_2025-05-31_G22,10109622VITORJ,2025-05-31,117787,1,3,0,127.0
10109622VITORJ_2025-05-31_G23,10109622VITORJ,2025-05-31,111348,1,7,0,277.0
10109622VITORJ_2025-05-31_G24,10109622VITORJ,2025-05-31,117808,1,4,0,99.0
10109622VITORJ_2025-06-05_G02,10109622VITORJ,2025-06-05,111435,1,4,0,84.0
10109622VITORJ_2025-06-05_G03,10109622VITORJ,2025-06-05,111463,1,20,0,189.0
10109622VITORJ_2025-06-05_G04,10109622VITORJ,2025-06-05,111469,1,30,0,407.0
10109622VITORJ_2025-06-05_G05,10109622VITORJ,2025-06-05,111469,1,23,0,150.0
10109622VITORJ_2025-06-05_G06,10109622VITORJ,2025-06-05,111469,1,30,0,479.0
10109622VITORJ_2025-06-05_G07,10109622VITORJ,2025-06-05,111469,1,20,0,152.0
10109622VITORJ_2025-06-05_G08,10109622VITORJ,2025-06-05,111469,1,10,0,95.0
10109622VITORJ_2025-06-05_G09,10109622VITORJ,2025-06-05,140922,1,10,0,133.0
10109622VITORJ_2025-06-05_G10,10109622VITORJ,2025-06-05,110745,1,20,0,228.0
10109622VITORJ_2025-06-05_G11,10109622VITORJ,2025-06-05,111466,1,30,0,529.0
10109622VITORJ_2025-06-05_G12,10109622VITORJ,2025-06-05,117833,1,10,0,422.0
10109622VITORJ_2025-06-05_G13,10109622VITORJ,2025-06-05,108711,1,10,0,109.0
10109622VITORJ_2025-06-05_G14,10109622VITORJ,2025-06-05,111431,1,4,0,70.0
10109622VITORJ_2025-06-05_G15,10109622VITORJ,2025-06-05,111418,1,20,0,206.0
10109622VITORJ_2025-06-05_G16,10109622VITORJ,2025-06-05,109645,1,4,0,93.0
10109622VITORJ_2025-06-05_G17,10109622VITORJ,2025-06-05,118317,1,5,0,69.0
10109622VITORJ_2025-06-05_G18,10109622VITORJ,2025-06-05,118317,1,6,0,757.0
10109622VITORJ_2025-06-05_G19,10109622VITORJ,2025-06-05,110787,1,10,0,331.0
10109622VITORJ_2025-06-05_G20,10109622VITORJ,2025-06-05,111465,1,10,0,95.0
10109622VITORJ_2025-06-05_G21,10109622VITORJ,2025-06-05,116241,3,45,14,2384.0
10109622VITORJ_2025-06-05_G22,10109622VITORJ,2025-06-05,115775,1,4,0,307.0
10109622VITORJ_2025-06-06_G02,10109622VITORJ,2025-06-06,121651,1,2,0,426.0
10109622VITORJ_2025-06-06_G03,10109622VITORJ,2025-06-06,124371,1,6,0,918.0
10109622VITORJ_2025-06-06_G04,10109622VITORJ,2025-06-06,124371,1,10,0,564.0
10109622VITORJ_2025-06-06_G05,10109622VITORJ,2025-06-06,122982,1,6,0,417.0
10109622VITORJ_2025-06-06_G06,10109622VITORJ,2025-06-06,121651,1,6,0,464.0
10109622VITORJ_2025-06-06_G07,10109622VITORJ,2025-06-06,122185,1,16,0,1013.0
10109622VITORJ_2025-06-06_G08,10109622VITORJ,2025-06-06,124370,1,6,0,576.0
10109622VITORJ_2025-06-06_G09,10109622VITORJ,2025-06-06,122984,1,14,0,1583.0
10109622VITORJ_2025-06-06_G10,10109622VITORJ,2025-06-06,120028,1,20,0,1261.0
10109622VITORJ_2025-06-06_G11,10109622VITORJ,2025-06-06,122647,1,30,0,707.0
10109622VITORJ_2025-06-06_G12,10109622VITORJ,2025-06-06,120028,1,14,0,230.0
10109622VITORJ_2025-06-06_G15,10109622VITORJ,2025-06-06,121651,1,10,0,754.0
10109622VITORJ_2025-06-06_G16,10109622VITORJ,2025-06-06,121760,1,25,0,1300.0
10109622VITORJ_2025-06-07_G02,10109622VITORJ,2025-06-07,121760,1,12,0,703.0
10109622VITORJ_2025-06-07_G03,10109622VITORJ,2025-06-07,122984,1,10,0,1151.0
10109622VITORJ_2025-06-07_G04,10109622VITORJ,2025-06-07,124248,1,8,0,425.0
10109622VITORJ_2025-06-07_G05,10109622VITORJ,2025-06-07,124247,1,12,0,1505.0
10109622VITORJ_2025-06-07_G06,10109622VITORJ,2025-06-07,122983,1,20,0,1238.0
10109622VITORJ_2025-06-07_G07,10109622VITORJ,2025-06-07,120389,1,30,0,1016.0
10109622VITORJ_2025-06-09_G02,10109622VITORJ,2025-06-09,122984,1,20,0,1029.0
10109622VITORJ_2025-06-09_G03,10109622VITORJ,2025-06-09,122962,1,24,0,1010.0
10109622VITORJ_2025-06-09_G04,10109622VITORJ,2025-06-09,122647,1,60,0,2675.0
10109622VITORJ_2025-06-09_G05,10109622VITORJ,2025-06-09,123907,1,5,0,1363.0
10109622VITORJ_2025-06-09_G08,10109622VITORJ,2025-06-09,122988,1,2,0,1055.0
10109622VITORJ_2025-06-09_G09,10109622VITORJ,2025-06-09,124371,1,8,0,396.0
10109622VITORJ_2025-06-09_G10,10109622VITORJ,2025-06-09,122673,1,28,0,1535.0
10109622VITORJ_2025-06-10_G02,10109622VITORJ,2025-06-10,122185,1,20,0,276.0
10109622VITORJ_2025-06-10_G03,10109622VITORJ,2025-06-10,122185,1,11,0,304.0
10109622VITORJ_2025-06-10_G04,10109622VITORJ,2025-06-10,124475,1,4,0,406.0
10109622VITORJ_2025-06-10_G05,10109622VITORJ,2025-06-10,123344,1,11,0,1545.0
10109622VITORJ_2025-06-10_G06,10109622VITORJ,2025-06-10,121760,1,4,0,221.0
10109622VITORJ_2025-06-10_G07,10109622VITORJ,2025-06-10,124548,1,4,0,196.0
10109622VITORJ_2025-06-10_G08,10109622VITORJ,2025-06-10,120339,1,8,0,658.0
10109622VITORJ_2025-06-10_G09,10109622VITORJ,2025-06-10,123153,1,50,0,3537.0
10109622VITORJ_2025-06-10_G10,10109622VITORJ,2025-06-10,122962,1,4,0,592.0
10109622VITORJ_2025-06-10_G11,10109622VITORJ,2025-06-10,124486,1,24,0,652.0
10109622VITORJ_2025-06-10_G12,10109622VITORJ,2025-06-10,122982,1,7,0,268.0
10109622VITORJ_2025-06-10_G13,10109622VITORJ,2025-06-10,122988,1,2,0,106.0
10109622VITORJ_2025-06-10_G14,10109622VITORJ,2025-06-10,122984,1,4,0,313.0
10109622VITORJ_2025-06-10_G15,10109622VITORJ,2025-06-10,124248,1,2,0,177.0
10109622VITORJ_2025-06-10_G17,10109622VITORJ,2025-06-10,110339,1,70,0,837.0
10109622VITORJ_2025-06-10_G18,10109622VITORJ,2025-06-10,117855,1,8,0,273.0
10109622VITORJ_2025-06-10_G19,10109622VITORJ,2025-06-10,117861,1,60,0,425.0
10109622VITORJ_2025-06-10_G20,10109622VITORJ,2025-06-10,110733,1,60,0,636.0
10109622VITORJ_2025-06-10_G21,10109622VITORJ,2025-06-10,111530,1,80,0,476.0
10109622VITORJ_2025-06-10_G22,10109622VITORJ,2025-06-10,110515,1,70,0,293.0
10109622VITORJ_2025-06-10_G23,10109622VITORJ,2025-06-10,111463,1,8,0,271.0
10109622VITORJ_2025-06-10_G24,10109622VITORJ,2025-06-10,140922,1,80,0,807.0
10109622VITORJ_2025-06-10_G25,10109622VITORJ,2025-06-10,108711,1,70,0,807.0
10109622VITORJ_2025-06-10_G26,10109622VITORJ,2025-06-10,111431,1,4,0,258.0
10109622VITORJ_2025-06-10_G27,10109622VITORJ,2025-06-10,111348,1,6,0,117.0
10109622VITORJ_2025-06-10_G28,10109622VITORJ,2025-06-10,109643,1,1,0,132.0
10109622VITORJ_2025-06-10_G29,10109622VITORJ,2025-06-10,117820,1,710,0,3191.0
10109622VITORJ_2025-06-10_G30,10109622VITORJ,2025-06-10,117830,1,110,0,655.0
10109622VITORJ_2025-06-10_G31,10109622VITORJ,2025-06-10,140912,1,4,0,635.0
10109622VITORJ_2025-06-10_G32,10109622VITORJ,2025-06-10,100334,1,1,0,75.0
10109622VITORJ_2025-06-11_G02,10109622VITORJ,2025-06-11,"111723, 111742",2,8,4,2275.0
10109622VITORJ_2025-06-11_G03,10109622VITORJ,2025-06-11,111742,1,5,0,739.0
10109622VITORJ_2025-06-11_G04,10109622VITORJ,2025-06-11,118140,1,8,0,549.0
10109622VITORJ_2025-06-11_G05,10109622VITORJ,2025-06-11,108711,1,8,0,137.0
10109622VITORJ_2025-06-11_G06,10109622VITORJ,2025-06-11,117808,1,4,0,134.0
10109622VITORJ_2025-06-11_G07,10109622VITORJ,2025-06-11,117809,1,2,0,148.0
10109622VITORJ_2025-06-11_G08,10109622VITORJ,2025-06-11,110313,1,4,0,114.0
10109622VITORJ_2025-06-11_G09,10109622VITORJ,2025-06-11,118094,1,4,0,230.0
10109622VITORJ_2025-06-11_G10,10109622VITORJ,2025-06-11,108711,1,2,0,296.0
10109622VITORJ_2025-06-11_G11,10109622VITORJ,2025-06-11,118140,1,2,0,41.0
10109622VITORJ_2025-06-11_G12,10109622VITORJ,2025-06-11,111466,1,8,0,203.0
10109622VITORJ_2025-06-11_G13,10109622VITORJ,2025-06-11,110313,1,4,0,286.0
10109622VITORJ_2025-06-11_G14,10109622VITORJ,2025-06-11,110733,1,2,0,92.0
10109622VITORJ_2025-06-11_G15,10109622VITORJ,2025-06-11,117808,1,2,0,106.0
10109622VITORJ_2025-06-11_G16,10109622VITORJ,2025-06-11,118299,1,2,0,132.0
10109622VITORJ_2025-06-11_G17,10109622VITORJ,2025-06-11,118140,1,6,0,123.0
10109622VITORJ_2025-06-11_G18,10109622VITORJ,2025-06-11,109640,1,7,0,310.0
10109622VITORJ_2025-06-11_G19,10109622VITORJ,2025-06-11,111434,1,4,0,118.0
10109622VITORJ_2025-06-11_G20,10109622VITORJ,2025-06-11,109648,1,4,0,118.0
10109622VITORJ_2025-06-11_G22,10109622VITORJ,2025-06-11,110374,1,83,0,694.0
10109622VITORJ_2025-06-11_G23,10109622VITORJ,2025-06-11,109643,1,52,0,793.0
10109622VITORJ_2025-06-11_G24,10109622VITORJ,2025-06-11,117840,1,4,0,165.0
10109622VITORJ_2025-06-11_G25,10109622VITORJ,2025-06-11,117822,1,8,0,79.0
10109622VITORJ_2025-06-11_G26,10109622VITORJ,2025-06-11,110376,1,8,0,91.0
10109622VITORJ_2025-06-11_G27,10109622VITORJ,2025-06-11,110373,1,212,0,467.0
10109622VITORJ_2025-06-11_G28,10109622VITORJ,2025-06-11,118299,1,323,0,814.0
10109622VITORJ_2025-06-11_G29,10109622VITORJ,2025-06-11,117820,1,28,0,1468.0
10109622VITORJ_2025-06-11_G30,10109622VITORJ,2025-06-11,117832,1,16,0,553.0
10109622VITORJ_2025-06-12_G02,10109622VITORJ,2025-06-12,117830,1,32,0,302.0
10109622VITORJ_2025-06-12_G03,10109622VITORJ,2025-06-12,110371,1,158,0,1458.0
10109622VITORJ_2025-06-12_G04,10109622VITORJ,2025-06-12,141202,1,1,0,153.0
10109622VITORJ_2025-06-12_G05,10109622VITORJ,2025-06-12,117809,1,39,0,278.0
10109622VITORJ_2025-06-12_G06,10109622VITORJ,2025-06-12,141047,1,4,0,231.0
10109622VITORJ_2025-06-12_G07,10109622VITORJ,2025-06-12,108772,1,4,0,461.0
10109622VITORJ_2025-06-12_G08,10109622VITORJ,2025-06-12,111876,1,8,0,288.0
10109622VITORJ_2025-06-12_G09,10109622VITORJ,2025-06-12,117837,1,8,0,166.0
10109622VITORJ_2025-06-12_G10,10109622VITORJ,2025-06-12,117855,1,2,0,92.0
10109622VITORJ_2025-06-12_G11,10109622VITORJ,2025-06-12,110752,1,6,0,99.0
10109622VITORJ_2025-06-12_G12,10109622VITORJ,2025-06-12,110313,1,1,0,116.0
10109622VITORJ_2025-06-12_G13,10109622VITORJ,2025-06-12,111530,1,14,0,2510.0
10109622VITORJ_2025-06-12_G14,10109622VITORJ,2025-06-12,117856,1,20,0,312.0
10109622VITORJ_2025-06-12_G16,10109622VITORJ,2025-06-12,109648,1,4,0,83.0
10109622VITORJ_2025-06-12_G17,10109622VITORJ,2025-06-12,110313,1,1,0,112.0
10109622VITORJ_2025-06-12_G18,10109622VITORJ,2025-06-12,117821,1,8,0,420.0
10109622VITORJ_2025-06-12_G19,10109622VITORJ,2025-06-12,111435,1,4,0,238.0
10109622VITORJ_2025-06-12_G20,10109622VITORJ,2025-06-12,109648,1,8,0,285.0
10109622VITORJ_2025-06-12_G21,10109622VITORJ,2025-06-12,118299,1,93,0,650.0
10109622VITORJ_2025-06-12_G22,10109622VITORJ,2025-06-12,117830,1,8,0,239.0
10109622VITORJ_2025-06-12_G23,10109622VITORJ,2025-06-12,111660,1,2,0,240.0
10109622VITORJ_2025-06-12_G24,10109622VITORJ,2025-06-12,140922,1,58,0,1090.0
10109622VITORJ_2025-06-12_G25,10109622VITORJ,2025-06-12,117808,1,34,0,450.0
10109622VITORJ_2025-06-12_G26,10109622VITORJ,2025-06-12,109640,1,19,0,525.0
10109622VITORJ_2025-06-12_G27,10109622VITORJ,2025-06-12,116241,1,10,0,236.0
10109622VITORJ_2025-06-12_G28,10109622VITORJ,2025-06-12,118311,1,4,0,558.0
10109622VITORJ_2025-06-12_G29,10109622VITORJ,2025-06-12,109648,1,17,0,346.0
10109622VITORJ_2025-06-12_G30,10109622VITORJ,2025-06-12,108759,1,2,0,134.0
10109622VITORJ_2025-06-12_G31,10109622VITORJ,2025-06-12,110733,1,7,0,411.0
10109622VITORJ_2025-06-12_G32,10109622VITORJ,2025-06-12,111530,1,36,0,746.0
10109622VITORJ_2025-06-12_G33,10109622VITORJ,2025-06-12,105705,1,23,0,423.0
10109622VITORJ_2025-06-12_G34,10109622VITORJ,2025-06-12,117834,1,31,0,3105.0
10109622VITORJ_2025-06-13_G02,10109622VITORJ,2025-06-13,111775,1,2,0,885.0
10109622VITORJ_2025-06-13_G03,10109622VITORJ,2025-06-13,110841,1,1,0,90.0
10109622VITORJ_2025-06-13_G04,10109622VITORJ,2025-06-13,118418,1,4,0,850.0
10109622VITORJ_2025-06-13_G05,10109622VITORJ,2025-06-13,111120,1,2,0,81.0
10109622VITORJ_2025-06-13_G06,10109622VITORJ,2025-06-13,105359,1,2,0,134.0
10109622VITORJ_2025-06-13_G07,10109622VITORJ,2025-06-13,109974,1,2,0,462.0
10109622VITORJ_2025-06-13_G08,10109622VITORJ,2025-06-13,117789,1,4,0,293.0
10109622VITORJ_2025-06-13_G09,10109622VITORJ,2025-06-13,110580,1,1,0,72.0
10109622VITORJ_2025-06-13_G10,10109622VITORJ,2025-06-13,117788,1,3,0,57.0
10109622VITORJ_2025-06-13_G11,10109622VITORJ,2025-06-13,107629,1,1,0,52.0
10109622VITORJ_2025-06-13_G12,10109622VITORJ,2025-06-13,118298,1,3,0,88.0
10109622VITORJ_2025-06-13_G13,10109622VITORJ,2025-06-13,117862,1,52,0,1746.0
10109622VITORJ_2025-06-13_G14,10109622VITORJ,2025-06-13,111467,1,23,0,216.0
10109622VITORJ_2025-06-13_G15,10109622VITORJ,2025-06-13,118403,1,12,0,131.0
10109622VITORJ_2025-06-13_G16,10109622VITORJ,2025-06-13,117786,1,15,0,171.0
10109622VITORJ_2025-06-13_G17,10109622VITORJ,2025-06-13,110733,1,4,0,177.0
10109622VITORJ_2025-06-13_G18,10109622VITORJ,2025-06-13,109643,1,36,0,1015.0
10109622VITORJ_2025-06-13_G19,10109622VITORJ,2025-06-13,109641,1,1,0,1896.0
10109622VITORJ_2025-06-13_G20,10109622VITORJ,2025-06-13,110743,1,2,0,124.0
10109622VITORJ_2025-06-13_G21,10109622VITORJ,2025-06-13,140922,1,11,0,181.0
10109622VITORJ_2025-06-13_G22,10109622VITORJ,2025-06-13,110745,1,1,0,38.0
10109622VITORJ_2025-06-13_G23,10109622VITORJ,2025-06-13,117831,1,2,0,56.0
10109622VITORJ_2025-06-13_G24,10109622VITORJ,2025-06-13,117831,1,3,0,36.0
10109622VITORJ_2025-06-13_G25,10109622VITORJ,2025-06-13,108711,1,5,0,135.0
10109622VITORJ_2025-06-13_G26,10109622VITORJ,2025-06-13,111532,1,8,0,106.0
10109622VITORJ_2025-06-13_G27,10109622VITORJ,2025-06-13,117785,1,5,0,461.0
10109622VITORJ_2025-06-13_G28,10109622VITORJ,2025-06-13,111444,1,4,0,71.0
10109622VITORJ_2025-06-13_G29,10109622VITORJ,2025-06-13,118317,1,3,0,67.0
10109622VITORJ_2025-06-13_G30,10109622VITORJ,2025-06-13,111442,1,2,0,52.0
10109622VITORJ_2025-06-13_G31,10109622VITORJ,2025-06-13,117821,1,1,0,55.0
10109622VITORJ_2025-06-13_G32,10109622VITORJ,2025-06-13,110787,1,2,0,286.0
10109622VITORJ_2025-06-13_G34,10109622VITORJ,2025-06-13,123153,1,20,0,1124.0
10109622VITORJ_2025-06-13_G35,10109622VITORJ,2025-06-13,123345,1,2,0,275.0
10109622VITORJ_2025-06-13_G36,10109622VITORJ,2025-06-13,124477,1,4,0,538.0
10109622VITORJ_2025-06-13_G37,10109622VITORJ,2025-06-13,122962,1,16,0,2053.0
10109622VITORJ_2025-06-13_G38,10109622VITORJ,2025-06-13,124486,1,12,0,729.0
10109622VITORJ_2025-06-13_G39,10109622VITORJ,2025-06-13,118094,1,2,0,1813.0
10109622VITORJ_2025-06-13_G40,10109622VITORJ,2025-06-13,110515,1,1,0,78.0
10109622VITORJ_2025-06-13_G41,10109622VITORJ,2025-06-13,118298,1,2,0,61.0
10109622VITORJ_2025-06-13_G42,10109622VITORJ,2025-06-13,116241,1,2,0,385.0
10109622VITORJ_2025-06-13_G43,10109622VITORJ,2025-06-13,111469,1,5,0,113.0
10109622VITORJ_2025-06-13_G44,10109622VITORJ,2025-06-13,111466,1,5,0,152.0
10109622VITORJ_2025-06-13_G45,10109622VITORJ,2025-06-13,111443,1,1,0,84.0
10109622VITORJ_2025-06-13_G46,10109622VITORJ,2025-06-13,111431,1,4,0,95.0
10109622VITORJ_2025-06-13_G47,10109622VITORJ,2025-06-13,111434,1,4,0,173.0
10109622VITORJ_2025-06-13_G48,10109622VITORJ,2025-06-13,110374,1,4,0,227.0
10109622VITORJ_2025-06-13_G49,10109622VITORJ,2025-06-13,117808,1,10,0,92.0
10109622VITORJ_2025-06-13_G50,10109622VITORJ,2025-06-13,118299,1,10,0,324.0
10109622VITORJ_2025-06-13_G51,10109622VITORJ,2025-06-13,117832,1,4,0,82.0
10109622VITORJ_2025-06-13_G52,10109622VITORJ,2025-06-13,110372,1,10,0,133.0
10109622VITORJ_2025-06-13_G53,10109622VITORJ,2025-06-13,110371,1,10,0,184.0
10109622VITORJ_2025-06-13_G54,10109622VITORJ,2025-06-13,117862,1,10,0,775.0
10109622VITORJ_2025-06-13_G55,10109622VITORJ,2025-06-13,117842,1,12,0,186.0
10109622VITORJ_2025-06-14_G02,10109622VITORJ,2025-06-14,110373,1,30,0,266.0
10109622VITORJ_2025-06-14_G03,10109622VITORJ,2025-06-14,118299,1,4,0,197.0
10109622VITORJ_2025-06-14_G05,10109622VITORJ,2025-06-14,117808,1,400,0,2640.0
10109622VITORJ_2025-06-15_G02,10109622VITORJ,2025-06-15,110787,1,12,0,106.0
10109622VITORJ_2025-06-15_G03,10109622VITORJ,2025-06-15,118290,1,4,0,788.0
10109622VITORJ_2025-06-15_G04,10109622VITORJ,2025-06-15,108701,1,1,0,438.0
10109622VITORJ_2025-06-15_G05,10109622VITORJ,2025-06-15,111759,1,4,0,799.0
10109622VITORJ_2025-06-15_G06,10109622VITORJ,2025-06-15,111723,1,4,0,316.0
10109622VITORJ_2025-06-15_G07,10109622VITORJ,2025-06-15,111754,1,4,0,558.0
10109622VITORJ_2025-06-15_G08,10109622VITORJ,2025-06-15,111738,1,4,0,193.0
10109622VITORJ_2025-06-15_G09,10109622VITORJ,2025-06-15,111742,1,6,0,887.0
10109622VITORJ_2025-06-15_G10,10109622VITORJ,2025-06-15,111739,1,4,0,92.0
10109622VITORJ_2025-06-15_G11,10109622VITORJ,2025-06-15,111755,1,4,0,62.0
10109622VITORJ_2025-06-15_G12,10109622VITORJ,2025-06-15,111761,1,4,0,189.0
10109622VITORJ_2025-06-15_G13,10109622VITORJ,2025-06-15,111753,1,4,0,236.0
10109622VITORJ_2025-06-15_G14,10109622VITORJ,2025-06-15,111723,1,4,0,928.0
10109622VITORJ_2025-06-15_G15,10109622VITORJ,2025-06-15,111754,1,4,0,548.0
10109622VITORJ_2025-06-15_G16,10109622VITORJ,2025-06-15,111738,1,4,0,138.0
10109622VITORJ_2025-06-15_G17,10109622VITORJ,2025-06-15,111742,1,6,0,268.0
10109622VITORJ_2025-06-15_G18,10109622VITORJ,2025-06-15,111739,1,4,0,2672.0
10109622VITORJ_2025-06-16_G02,10109622VITORJ,2025-06-16,109640,1,6,0,149.0
10109622VITORJ_2025-06-16_G03,10109622VITORJ,2025-06-16,110325,1,25,0,1849.0
10109622VITORJ_2025-06-16_G04,10109622VITORJ,2025-06-16,110374,1,40,0,292.0
10109622VITORJ_2025-06-16_G05,10109622VITORJ,2025-06-16,114091,1,24,0,463.0
10109622VITORJ_2025-06-16_G06,10109622VITORJ,2025-06-16,117822,1,10,0,168.0
10109622VITORJ_2025-06-16_G07,10109622VITORJ,2025-06-16,118299,1,700,0,2769.0
10109622VITORJ_2025-06-16_G08,10109622VITORJ,2025-06-16,"110375, 114092, 117809, 110371, 117820",5,295,22,3269.0
10109622VITORJ_2025-06-17_G03,10109622VITORJ,2025-06-17,124247,1,150,0,1052.0
10109622VITORJ_2025-06-17_G04,10109622VITORJ,2025-06-17,122962,1,60,0,409.0
10109622VITORJ_2025-06-17_G05,10109622VITORJ,2025-06-17,123909,1,30,0,285.0
10109622VITORJ_2025-06-17_G06,10109622VITORJ,2025-06-17,124371,1,20,0,181.0
10109622VITORJ_2025-06-17_G07,10109622VITORJ,2025-06-17,123560,1,4,0,89.0
10109622VITORJ_2025-06-17_G08,10109622VITORJ,2025-06-17,122185,1,60,0,298.0
10109622VITORJ_2025-06-17_G09,10109622VITORJ,2025-06-17,124248,1,40,0,242.0
10109622VITORJ_2025-06-17_G10,10109622VITORJ,2025-06-17,124247,1,20,0,339.0
10109622VITORJ_2025-06-17_G11,10109622VITORJ,2025-06-17,"124477, 123345",2,14,14,197.0
10109622VITORJ_2025-06-17_G13,10109622VITORJ,2025-06-17,111463,1,380,0,1897.0
10109622VITORJ_2025-06-17_G14,10109622VITORJ,2025-06-17,111466,1,320,0,1888.0
10109622VITORJ_2025-06-17_G15,10109622VITORJ,2025-06-17,111431,1,2,0,225.0
10109622VITORJ_2025-06-17_G16,10109622VITORJ,2025-06-17,118330,1,6,0,112.0
10109622VITORJ_2025-06-17_G17,10109622VITORJ,2025-06-17,108770,1,4,0,1206.0
10109622VITORJ_2025-06-17_G18,10109622VITORJ,2025-06-17,111530,1,4,0,99.0
10109622VITORJ_2025-06-17_G19,10109622VITORJ,2025-06-17,108794,1,2,0,114.0
10109622VITORJ_2025-06-17_G20,10109622VITORJ,2025-06-17,111462,1,3,0,136.0
10109622VITORJ_2025-06-17_G21,10109622VITORJ,2025-06-17,109645,1,2,0,236.0
10109622VITORJ_2025-06-17_G22,10109622VITORJ,2025-06-17,110374,1,6,0,147.0
10109622VITORJ_2025-06-17_G23,10109622VITORJ,2025-06-17,110373,1,4,0,117.0
10109622VITORJ_2025-06-17_G24,10109622VITORJ,2025-06-17,111435,1,8,0,496.0
10109622VITORJ_2025-06-17_G25,10109622VITORJ,2025-06-17,111182,1,6,0,217.0
10109622VITORJ_2025-06-17_G26,10109622VITORJ,2025-06-17,141823,1,4,0,161.0
10109622VITORJ_2025-06-18_G02,10109622VITORJ,2025-06-18,108701,1,1,0,392.0
10109622VITORJ_2025-06-18_G03,10109622VITORJ,2025-06-18,118222,1,4,0,168.0
10109622VITORJ_2025-06-18_G04,10109622VITORJ,2025-06-18,110515,1,4,0,70.0
10109622VITORJ_2025-06-18_G05,10109622VITORJ,2025-06-18,117785,1,100,0,2695.0
10109622VITORJ_2025-06-18_G06,10109622VITORJ,2025-06-18,110743,1,5,0,84.0
10109622VITORJ_2025-06-18_G07,10109622VITORJ,2025-06-18,117833,1,8,0,244.0
10109622VITORJ_2025-06-18_G08,10109622VITORJ,2025-06-18,108798,1,8,0,101.0
10109622VITORJ_2025-06-18_G09,10109622VITORJ,2025-06-18,111532,1,10,0,105.0
10109622VITORJ_2025-06-18_G10,10109622VITORJ,2025-06-18,117842,1,2,0,136.0
10109622VITORJ_2025-06-20_G02,10109622VITORJ,2025-06-20,117785,1,30,0,329.0
10109622VITORJ_2025-06-20_G03,10109622VITORJ,2025-06-20,105705,1,20,0,376.0
10109622VITORJ_2025-06-20_G04,10109622VITORJ,2025-06-20,108794,1,2,0,45.0
10109622VITORJ_2025-06-20_G05,10109622VITORJ,2025-06-20,111466,1,20,0,964.0
10109622VITORJ_2025-06-20_G06,10109622VITORJ,2025-06-20,117831,1,10,0,156.0
10109622VITORJ_2025-06-20_G07,10109622VITORJ,2025-06-20,117833,1,5,0,79.0
10109622VITORJ_2025-06-20_G08,10109622VITORJ,2025-06-20,111172,1,3,0,73.0
10109622VITORJ_2025-06-20_G09,10109622VITORJ,2025-06-20,111532,1,10,0,131.0
10109622VITORJ_2025-06-20_G10,10109622VITORJ,2025-06-20,111469,1,30,0,382.0
10109622VITORJ_2025-06-20_G11,10109622VITORJ,2025-06-20,117842,1,2,0,375.0
10109622VITORJ_2025-06-20_G12,10109622VITORJ,2025-06-20,109641,1,5,0,101.0
10109622VITORJ_2025-06-20_G13,10109622VITORJ,2025-06-20,110748,1,4,0,97.0
10109622VITORJ_2025-06-20_G14,10109622VITORJ,2025-06-20,109645,1,5,0,228.0
10109622VITORJ_2025-06-20_G15,10109622VITORJ,2025-06-20,117821,1,4,0,59.0
10109622VITORJ_2025-06-20_G16,10109622VITORJ,2025-06-20,118317,1,13,0,209.0
10109622VITORJ_2025-06-20_G17,10109622VITORJ,2025-06-20,111433,1,3,0,78.0
10109622VITORJ_2025-06-20_G18,10109622VITORJ,2025-06-20,141823,1,8,0,356.0
10109622VITORJ_2025-06-20_G19,10109622VITORJ,2025-06-20,111444,1,7,0,120.0
10109622VITORJ_2025-06-20_G20,10109622VITORJ,2025-06-20,111418,1,28,0,588.0
10109622VITORJ_2025-06-20_G21,10109622VITORJ,2025-06-20,110787,1,21,0,409.0
10109622VITORJ_2025-06-20_G22,10109622VITORJ,2025-06-20,118140,1,16,0,1174.0
10109622VITORJ_2025-06-20_G23,10109622VITORJ,2025-06-20,116241,1,21,0,1715.0
10109622VITORJ_2025-06-20_G24,10109622VITORJ,2025-06-20,118299,1,130,0,1003.0
10109622VITORJ_2025-06-20_G25,10109622VITORJ,2025-06-20,110373,1,20,0,263.0
10109622VITORJ_2025-06-20_G26,10109622VITORJ,2025-06-20,117820,2,145,9,545.0
10109622VITORJ_2025-06-20_G27,10109622VITORJ,2025-06-20,118299,1,180,0,861.0
10109622VITORJ_2025-06-21_G02,10109622VITORJ,2025-06-21,117935,1,8,0,1651.0
10109622VITORJ_2025-06-21_G03,10109622VITORJ,2025-06-21,107830,1,1,0,56.0
10109622VITORJ_2025-06-21_G04,10109622VITORJ,2025-06-21,111438,1,4,0,241.0
10109622VITORJ_2025-06-21_G05,10109622VITORJ,2025-06-21,117856,1,4,0,200.0
10109622VITORJ_2025-06-21_G06,10109622VITORJ,2025-06-21,110733,1,4,0,146.0
10109622VITORJ_2025-06-21_G07,10109622VITORJ,2025-06-21,108711,1,4,0,147.0
10109622VITORJ_2025-06-21_G08,10109622VITORJ,2025-06-21,110373,1,20,0,1659.0
10109622VITORJ_2025-06-21_G09,10109622VITORJ,2025-06-21,110373,1,3,0,204.0
10109622VITORJ_2025-06-21_G10,10109622VITORJ,2025-06-21,111466,1,4,0,183.0
10109622VITORJ_2025-06-21_G11,10109622VITORJ,2025-06-21,111462,1,4,0,147.0
10109622VITORJ_2025-06-21_G12,10109622VITORJ,2025-06-21,110373,1,4,0,305.0
10109622VITORJ_2025-06-21_G13,10109622VITORJ,2025-06-21,110372,1,2,0,116.0
10109622VITORJ_2025-06-21_G14,10109622VITORJ,2025-06-21,111469,1,12,0,698.0
10109622VITORJ_2025-06-21_G15,10109622VITORJ,2025-06-21,111330,1,9,0,534.0
10109622VITORJ_2025-06-21_G16,10109622VITORJ,2025-06-21,118191,1,100,0,2151.0
10109622VITORJ_2025-06-21_G17,10109622VITORJ,2025-06-21,117935,1,6,0,331.0
10109622VITORJ_2025-06-21_G18,10109622VITORJ,2025-06-21,107830,1,2,0,82.0
10109622VITORJ_2025-06-21_G19,10109622VITORJ,2025-06-21,110313,1,10,0,148.0
10109622VITORJ_2025-06-21_G20,10109622VITORJ,2025-06-21,110129,1,4,0,114.0
10109622VITORJ_2025-06-23_G02,10109622VITORJ,2025-06-23,111650,1,8,0,127.0
10109622VITORJ_2025-06-23_G03,10109622VITORJ,2025-06-23,117855,1,70,0,459.0
10109622VITORJ_2025-06-23_G04,10109622VITORJ,2025-06-23,108361,1,13,0,258.0
10109622VITORJ_2025-06-23_G05,10109622VITORJ,2025-06-23,110733,1,33,0,309.0
10109622VITORJ_2025-06-23_G06,10109622VITORJ,2025-06-23,101217,1,1,0,743.0
10109622VITORJ_2025-06-23_G07,10109622VITORJ,2025-06-23,111602,1,20,0,216.0
10109622VITORJ_2025-06-23_G08,10109622VITORJ,2025-06-23,110752,1,5,0,94.0
10109622VITORJ_2025-06-23_G09,10109622VITORJ,2025-06-23,"111620, 110742, 111430, 111850, 111120, 111437",6,94,28,974.0
10109622VITORJ_2025-06-23_G11,10109622VITORJ,2025-06-23,118191,1,75,0,1457.0
10109622VITORJ_2025-06-24_G02,10109622VITORJ,2025-06-24,110371,1,209,0,532.0
10109622VITORJ_2025-06-24_G03,10109622VITORJ,2025-06-24,117820,1,219,0,324.0
10109622VITORJ_2025-06-24_G04,10109622VITORJ,2025-06-24,110372,1,100,0,369.0
10109622VITORJ_2025-06-24_G05,10109622VITORJ,2025-06-24,118222,1,91,0,969.0
10109622VITORJ_2025-06-24_G06,10109622VITORJ,2025-06-24,110129,1,8,0,1136.0
10109622VITORJ_2025-06-24_G07,10109622VITORJ,2025-06-24,111743,1,20,0,1350.0
10109622VITORJ_2025-06-24_G08,10109622VITORJ,2025-06-24,108794,1,10,0,189.0
10109622VITORJ_2025-06-24_G09,10109622VITORJ,2025-06-24,111463,1,50,0,425.0
10109622VITORJ_2025-06-24_G10,10109622VITORJ,2025-06-24,111463,1,20,0,125.0
10109622VITORJ_2025-06-24_G11,10109622VITORJ,2025-06-24,108711,1,10,0,120.0
10109622VITORJ_2025-06-24_G12,10109622VITORJ,2025-06-24,108711,1,12,0,109.0
10109622VITORJ_2025-06-24_G13,10109622VITORJ,2025-06-24,140922,1,70,0,295.0
10109622VITORJ_2025-06-24_G14,10109622VITORJ,2025-06-24,111172,1,15,0,376.0
10109622VITORJ_2025-06-24_G15,10109622VITORJ,2025-06-24,111469,1,10,0,251.0
10109622VITORJ_2025-06-24_G17,10109622VITORJ,2025-06-24,110339,1,8,0,142.0
10109622VITORJ_2025-06-24_G18,10109622VITORJ,2025-06-24,117855,1,50,0,424.0
10109622VITORJ_2025-06-24_G19,10109622VITORJ,2025-06-24,111439,1,4,0,504.0
10109622VITORJ_2025-06-24_G20,10109622VITORJ,2025-06-24,111439,1,16,0,149.0
10109622VITORJ_2025-06-24_G21,10109622VITORJ,2025-06-24,111602,1,50,0,605.0
10109622VITORJ_2025-06-24_G22,10109622VITORJ,2025-06-24,117935,1,5,0,292.0
10109622VITORJ_2025-06-24_G23,10109622VITORJ,2025-06-24,117855,1,8,0,144.0
10109622VITORJ_2025-06-24_G24,10109622VITORJ,2025-06-24,117854,1,4,0,116.0
10109622VITORJ_2025-06-24_G25,10109622VITORJ,2025-06-24,110373,1,7,0,179.0
10109622VITORJ_2025-06-24_G26,10109622VITORJ,2025-06-24,110372,1,8,0,108.0
10109622VITORJ_2025-06-24_G27,10109622VITORJ,2025-06-24,117785,1,80,0,666.0
10109622VITORJ_2025-06-24_G28,10109622VITORJ,2025-06-24,111463,1,20,0,615.0
10109622VITORJ_2025-06-24_G29,10109622VITORJ,2025-06-24,111463,1,30,0,341.0
10109622VITORJ_2025-06-24_G30,10109622VITORJ,2025-06-24,140922,1,4,0,94.0
10109622VITORJ_2025-06-24_G31,10109622VITORJ,2025-06-24,110745,1,8,0,261.0
10109622VITORJ_2025-06-24_G32,10109622VITORJ,2025-06-24,111443,1,16,0,299.0
10109622VITORJ_2025-06-24_G33,10109622VITORJ,2025-06-24,110740,1,50,0,540.0
10109622VITORJ_2025-06-24_G34,10109622VITORJ,2025-06-24,118140,1,8,0,129.0
10109622VITORJ_2025-06-25_G02,10109622VITORJ,2025-06-25,118191,1,30,0,571.0
10109622VITORJ_2025-06-25_G03,10109622VITORJ,2025-06-25,141261,1,44,0,1829.0
10109622VITORJ_2025-06-25_G04,10109622VITORJ,2025-06-25,117808,1,756,0,2595.0
10109622VITORJ_2025-06-25_G05,10109622VITORJ,2025-06-25,107830,1,77,0,463.0
10109622VITORJ_2025-06-25_G06,10109622VITORJ,2025-06-25,110373,1,480,0,2732.0
10109622VITORJ_2025-06-25_G07,10109622VITORJ,2025-06-25,108771,1,12,0,250.0
10109622VITORJ_2025-06-25_G08,10109622VITORJ,2025-06-25,110313,1,55,0,196.0
10109622VITORJ_2025-06-25_G09,10109622VITORJ,2025-06-25,110740,1,43,0,596.0
10109622VITORJ_2025-06-25_G10,10109622VITORJ,2025-06-25,111330,1,20,0,200.0
10109622VITORJ_2025-06-26_G02,10109622VITORJ,2025-06-26,118250,1,40,0,1425.0
10109622VITORJ_2025-06-26_G03,10109622VITORJ,2025-06-26,111441,1,23,0,462.0
10109622VITORJ_2025-06-26_G04,10109622VITORJ,2025-06-26,111441,1,64,0,1235.0
10109622VITORJ_2025-06-26_G05,10109622VITORJ,2025-06-26,111660,1,142,0,2450.0
10109622VITORJ_2025-06-26_G06,10109622VITORJ,2025-06-26,111462,1,20,0,504.0
10109622VITORJ_2025-06-27_G02,10109622VITORJ,2025-06-27,111438,1,2,0,109.0
10109622VITORJ_2025-06-27_G03,10109622VITORJ,2025-06-27,111569,1,2,0,84.0
10109622VITORJ_2025-06-27_G04,10109622VITORJ,2025-06-27,109640,1,1,0,156.0
10109622VITORJ_2025-06-27_G05,10109622VITORJ,2025-06-27,110313,1,12,0,257.0
10109622VITORJ_2025-06-27_G06,10109622VITORJ,2025-06-27,110733,1,1,0,231.0
10109622VITORJ_2025-06-27_G07,10109622VITORJ,2025-06-27,110740,1,16,0,1171.0
10109622VITORJ_2025-06-27_G08,10109622VITORJ,2025-06-27,160055,1,10,0,220.0
10109622VITORJ_2025-06-27_G09,10109622VITORJ,2025-06-27,160054,1,20,0,446.0
10109622VITORJ_2025-06-27_G10,10109622VITORJ,2025-06-27,117808,1,411,0,671.0
10109622VITORJ_2025-06-27_G11,10109622VITORJ,2025-06-27,160052,1,4,0,105.0
10109622VITORJ_2025-06-27_G12,10109622VITORJ,2025-06-27,118299,1,43,0,294.0
10109622VITORJ_2025-06-27_G13,10109622VITORJ,2025-06-27,160051,1,10,0,150.0
10109622VITORJ_2025-06-27_G15,10109622VITORJ,2025-06-27,110580,1,2,0,50.0
10109622VITORJ_2025-06-27_G16,10109622VITORJ,2025-06-27,118094,1,8,0,117.0
10109622VITORJ_2025-06-27_G17,10109622VITORJ,2025-06-27,107629,1,11,0,171.0
10109622VITORJ_2025-06-27_G18,10109622VITORJ,2025-06-27,117786,1,6,0,665.0
10109622VITORJ_2025-06-27_G19,10109622VITORJ,2025-06-27,111467,1,12,0,256.0
10109622VITORJ_2025-06-27_G20,10109622VITORJ,2025-06-27,110313,1,4,0,445.0
10109622VITORJ_2025-06-27_G21,10109622VITORJ,2025-06-27,111602,1,4,0,178.0
10109622VITORJ_2025-06-27_G22,10109622VITORJ,2025-06-27,110752,1,4,0,78.0
10109622VITORJ_2025-06-27_G23,10109622VITORJ,2025-06-27,109647,1,7,0,252.0
10109622VITORJ_2025-06-27_G24,10109622VITORJ,2025-06-27,117855,1,32,0,327.0
10109622VITORJ_2025-06-27_G25,10109622VITORJ,2025-06-27,110515,1,16,0,425.0
10109622VITORJ_2025-06-27_G26,10109622VITORJ,2025-06-27,109640,1,4,0,158.0
10109622VITORJ_2025-06-27_G27,10109622VITORJ,2025-06-27,111530,1,16,0,245.0
10109622VITORJ_2025-06-27_G28,10109622VITORJ,2025-06-27,100334,1,4,0,1978.0
10109622VITORJ_2025-06-27_G29,10109622VITORJ,2025-06-27,111850,1,1,0,37.0
10109622VITORJ_2025-06-27_G30,10109622VITORJ,2025-06-27,110895,1,6,0,278.0
10109622VITORJ_2025-06-27_G31,10109622VITORJ,2025-06-27,111569,1,7,0,306.0
10109622VITORJ_2025-06-27_G32,10109622VITORJ,2025-06-27,108770,1,2,0,93.0
10109622VITORJ_2025-06-27_G33,10109622VITORJ,2025-06-27,107892,1,2,0,100.0
10109622VITORJ_2025-06-27_G34,10109622VITORJ,2025-06-27,107892,1,2,0,50.0
10109622VITORJ_2025-06-27_G35,10109622VITORJ,2025-06-27,117862,1,12,0,398.0
10109622VITORJ_2025-06-27_G36,10109622VITORJ,2025-06-27,117855,1,14,0,1100.0
10109622VITORJ_2025-06-27_G37,10109622VITORJ,2025-06-27,107629,1,4,0,129.0
10109622VITORJ_2025-06-27_G38,10109622VITORJ,2025-06-27,111439,1,12,0,414.0
10109622VITORJ_2025-06-27_G39,10109622VITORJ,2025-06-27,110733,1,4,0,233.0
10109622VITORJ_2025-06-27_G40,10109622VITORJ,2025-06-27,117856,1,8,0,199.0
10109622VITORJ_2025-06-28_G02,10109622VITORJ,2025-06-28,111463,1,4,0,80.0
10109622VITORJ_2025-06-28_G03,10109622VITORJ,2025-06-28,140922,1,4,0,98.0
10109622VITORJ_2025-06-28_G04,10109622VITORJ,2025-06-28,117831,1,7,0,176.0
10109622VITORJ_2025-06-28_G05,10109622VITORJ,2025-06-28,111532,1,4,0,118.0
10109622VITORJ_2025-06-28_G06,10109622VITORJ,2025-06-28,111469,1,12,0,985.0
10109622VITORJ_2025-06-28_G07,10109622VITORJ,2025-06-28,109641,1,4,0,104.0
10109622VITORJ_2025-06-28_G08,10109622VITORJ,2025-06-28,111462,1,16,0,414.0
10109622VITORJ_2025-06-28_G09,10109622VITORJ,2025-06-28,110740,1,2,0,45.0
10109622VITORJ_2025-06-28_G10,10109622VITORJ,2025-06-28,110787,1,8,0,115.0
10109622VITORJ_2025-06-28_G11,10109622VITORJ,2025-06-28,117821,1,5,0,79.0
10109622VITORJ_2025-06-28_G12,10109622VITORJ,2025-06-28,111433,1,2,0,57.0
10109622VITORJ_2025-06-28_G13,10109622VITORJ,2025-06-28,141823,1,4,0,55.0
10109622VITORJ_2025-06-28_G14,10109622VITORJ,2025-06-28,107236,1,4,0,106.0
10109622VITORJ_2025-06-28_G15,10109622VITORJ,2025-06-28,110325,1,6,0,174.0
10109622VITORJ_2025-06-28_G16,10109622VITORJ,2025-06-28,117808,1,20,0,181.0
10109622VITORJ_2025-06-28_G17,10109622VITORJ,2025-06-28,109643,1,6,0,65.0
10109622VITORJ_2025-06-28_G18,10109622VITORJ,2025-06-28,117832,1,4,0,82.0
10109622VITORJ_2025-06-28_G19,10109622VITORJ,2025-06-28,117830,1,4,0,44.0
10109622VITORJ_2025-06-28_G20,10109622VITORJ,2025-06-28,110373,1,40,0,399.0
10109622VITORJ_2025-06-28_G21,10109622VITORJ,2025-06-28,110374,1,4,0,121.0
10109622VITORJ_2025-06-28_G22,10109622VITORJ,2025-06-28,117820,1,16,0,899.0
10109622VITORJ_2025-06-28_G23,10109622VITORJ,2025-06-28,118299,1,10,0,84.0
10109622VITORJ_2025-06-28_G24,10109622VITORJ,2025-06-28,110372,1,18,0,131.0
10109622VITORJ_2025-06-28_G25,10109622VITORJ,2025-06-28,117834,1,4,0,1199.0
10109622VITORJ_2025-06-28_G26,10109622VITORJ,2025-06-28,110895,1,5,0,61.0
10109622VITORJ_2025-06-28_G27,10109622VITORJ,2025-06-28,111655,1,4,0,67.0
10109622VITORJ_2025-06-28_G28,10109622VITORJ,2025-06-28,117935,1,4,0,230.0
10109622VITORJ_2025-06-28_G29,10109622VITORJ,2025-06-28,110313,1,12,0,243.0
10109622VITORJ_2025-06-28_G30,10109622VITORJ,2025-06-28,111530,1,4,0,113.0
10109622VITORJ_2025-06-28_G31,10109622VITORJ,2025-06-28,111602,1,4,0,71.0
10109622VITORJ_2025-06-28_G32,10109622VITORJ,2025-06-28,117785,1,12,0,167.0
10109622VITORJ_2025-06-28_G33,10109622VITORJ,2025-06-28,111466,1,12,0,171.0
10109622VITORJ_2025-06-28_G34,10109622VITORJ,2025-06-28,117821,1,12,0,821.0
10109622VITORJ_2025-06-28_G35,10109622VITORJ,2025-06-28,117832,1,12,0,593.0
10109622VITORJ_2025-06-28_G36,10109622VITORJ,2025-06-28,110374,1,12,0,135.0
10109622VITORJ_2025-06-29_G02,10109622VITORJ,2025-06-29,111182,1,8,0,261.0
10109622VITORJ_2025-06-29_G03,10109622VITORJ,2025-06-29,110787,1,12,0,583.0
10109622VITORJ_2025-06-29_G04,10109622VITORJ,2025-06-29,111441,1,4,0,544.0
10109622VITORJ_2025-06-29_G05,10109622VITORJ,2025-06-29,111660,1,4,0,123.0
10109622VITORJ_2025-06-29_G06,10109622VITORJ,2025-06-29,110515,1,8,0,138.0
10109622VITORJ_2025-06-29_G07,10109622VITORJ,2025-06-29,111743,1,8,0,179.0
10109622VITORJ_2025-06-29_G08,10109622VITORJ,2025-06-29,110374,1,8,0,186.0
10109622VITORJ_2025-06-29_G09,10109622VITORJ,2025-06-29,111443,1,5,0,1233.0
10109622VITORJ_2025-06-29_G10,10109622VITORJ,2025-06-29,111532,1,3,0,166.0
10109622VITORJ_2025-06-29_G11,10109622VITORJ,2025-06-29,111182,1,8,0,232.0
10109622VITORJ_2025-06-29_G12,10109622VITORJ,2025-06-29,111330,1,8,0,164.0
10109622VITORJ_2025-06-30_G02,10109622VITORJ,2025-06-30,118222,1,176,0,1627.0
10109622VITORJ_2025-07-03_G02,10109622VITORJ,2025-07-03,108772,1,2,0,104.0
10109622VITORJ_2025-07-03_G03,10109622VITORJ,2025-07-03,116241,1,1,0,141.0
10109622VITORJ_2025-07-03_G04,10109622VITORJ,2025-07-03,118317,1,10,0,191.0
10109622VITORJ_2025-07-03_G05,10109622VITORJ,2025-07-03,117861,1,2,0,111.0
10109622VITORJ_2025-07-03_G06,10109622VITORJ,2025-07-03,111418,1,10,0,367.0
10109622VITORJ_2025-07-03_G07,10109622VITORJ,2025-07-03,117785,1,8,0,237.0
10109622VITORJ_2025-07-03_G08,10109622VITORJ,2025-07-03,108794,1,3,0,76.0
10109622VITORJ_2025-07-03_G09,10109622VITORJ,2025-07-03,111462,1,6,0,271.0
10109622VITORJ_2025-07-03_G10,10109622VITORJ,2025-07-03,118317,1,4,0,130.0
10109622VITORJ_2025-07-03_G11,10109622VITORJ,2025-07-03,117808,1,4,0,1716.0
10109622VITORJ_2025-07-03_G13,10109622VITORJ,2025-07-03,108795,1,12,0,150.0
10109622VITORJ_2025-07-03_G14,10109622VITORJ,2025-07-03,116241,1,8,0,92.0
10109622VITORJ_2025-07-03_G15,10109622VITORJ,2025-07-03,108794,1,8,0,82.0
10109622VITORJ_2025-07-03_G16,10109622VITORJ,2025-07-03,111743,1,4,0,47.0
10109622VITORJ_2025-07-03_G17,10109622VITORJ,2025-07-03,108711,1,12,0,195.0
10109622VITORJ_2025-07-03_G18,10109622VITORJ,2025-07-03,117821,1,12,0,160.0
10109622VITORJ_2025-07-04_G02,10109622VITORJ,2025-07-04,111431,1,4,0,107.0
10109622VITORJ_2025-07-04_G03,10109622VITORJ,2025-07-04,117842,1,4,0,92.0
10109622VITORJ_2025-07-04_G04,10109622VITORJ,2025-07-04,111418,1,80,0,257.0
10109622VITORJ_2025-07-04_G05,10109622VITORJ,2025-07-04,110740,1,8,0,216.0
10109622VITORJ_2025-07-04_G06,10109622VITORJ,2025-07-04,111433,1,4,0,186.0
10109622VITORJ_2025-07-04_G07,10109622VITORJ,2025-07-04,111442,1,12,0,137.0
10109622VITORJ_2025-07-04_G08,10109622VITORJ,2025-07-04,107236,1,20,0,330.0
10109622VITORJ_2025-07-04_G09,10109622VITORJ,2025-07-04,111465,1,8,0,116.0
10109622VITORJ_2025-07-04_G10,10109622VITORJ,2025-07-04,111469,1,48,0,2184.0
10109622VITORJ_2025-07-04_G11,10109622VITORJ,2025-07-04,110745,1,16,0,344.0
10109622VITORJ_2025-07-04_G12,10109622VITORJ,2025-07-04,111466,1,28,0,602.0
10109622VITORJ_2025-07-04_G13,10109622VITORJ,2025-07-04,111462,1,16,0,575.0
10109622VITORJ_2025-07-04_G15,10109622VITORJ,2025-07-04,108795,1,8,0,165.0
10109622VITORJ_2025-07-04_G16,10109622VITORJ,2025-07-04,111431,1,5,0,326.0
10109622VITORJ_2025-07-04_G17,10109622VITORJ,2025-07-04,111418,1,12,0,204.0
10109622VITORJ_2025-07-04_G18,10109622VITORJ,2025-07-04,111462,1,15,0,150.0
10109622VITORJ_2025-07-04_G19,10109622VITORJ,2025-07-04,110740,1,8,0,93.0
10109622VITORJ_2025-07-04_G20,10109622VITORJ,2025-07-04,111330,1,6,0,149.0
10109622VITORJ_2025-07-04_G21,10109622VITORJ,2025-07-04,110787,1,2,0,86.0
10109622VITORJ_2025-07-04_G22,10109622VITORJ,2025-07-04,117787,1,4,0,88.0
10109622VITORJ_2025-07-04_G23,10109622VITORJ,2025-07-04,111433,1,2,0,142.0
10109622VITORJ_2025-07-04_G24,10109622VITORJ,2025-07-04,111442,1,7,0,884.0
10109622VITORJ_2025-07-04_G25,10109622VITORJ,2025-07-04,117785,1,34,0,1208.0
10109622VITORJ_2025-07-04_G26,10109622VITORJ,2025-07-04,111463,1,24,0,856.0
10109622VITORJ_2025-07-04_G27,10109622VITORJ,2025-07-04,111466,2,42,5,634.0
10109622VITORJ_2025-07-04_G28,10109622VITORJ,2025-07-04,117821,1,32,0,302.0
10109622VITORJ_2025-07-04_G29,10109622VITORJ,2025-07-04,110787,1,27,0,411.0
10109622VITORJ_2025-07-04_G30,10109622VITORJ,2025-07-04,118094,1,2,0,857.0
10109622VITORJ_2025-07-04_G31,10109622VITORJ,2025-07-04,109647,1,2,0,708.0
10109622VITORJ_2025-07-04_G32,10109622VITORJ,2025-07-04,117855,1,2,0,69.0
10109622VITORJ_2025-07-04_G33,10109622VITORJ,2025-07-04,117855,1,24,0,783.0
10109622VITORJ_2025-07-04_G34,10109622VITORJ,2025-07-04,117830,1,22,0,236.0
10109622VITORJ_2025-07-04_G35,10109622VITORJ,2025-07-04,110372,1,1,0,159.0
10109622VITORJ_2025-07-04_G36,10109622VITORJ,2025-07-04,110374,1,17,0,109.0
10109622VITORJ_2025-07-05_G02,10109622VITORJ,2025-07-05,110372,1,45,0,269.0
10109622VITORJ_2025-07-05_G03,10109622VITORJ,2025-07-05,117820,2,86,10,1238.0
10109622VITORJ_2025-07-05_G04,10109622VITORJ,2025-07-05,111435,1,3,0,926.0
10109622VITORJ_2025-07-05_G05,10109622VITORJ,2025-07-05,117785,1,7,0,134.0
10109622VITORJ_2025-07-05_G06,10109622VITORJ,2025-07-05,110743,1,5,0,65.0
10109622VITORJ_2025-07-05_G07,10109622VITORJ,2025-07-05,111463,1,19,0,880.0
10109622VITORJ_2025-07-05_G08,10109622VITORJ,2025-07-05,111469,1,13,0,247.0
10109622VITORJ_2025-07-05_G09,10109622VITORJ,2025-07-05,108711,1,9,0,112.0
10109622VITORJ_2025-07-05_G10,10109622VITORJ,2025-07-05,140922,1,2,0,45.0
10109622VITORJ_2025-07-05_G11,10109622VITORJ,2025-07-05,111466,1,10,0,269.0
10109622VITORJ_2025-07-05_G12,10109622VITORJ,2025-07-05,111172,1,3,0,96.0
10109622VITORJ_2025-07-05_G13,10109622VITORJ,2025-07-05,111442,1,2,0,101.0
10109622VITORJ_2025-07-05_G14,10109622VITORJ,2025-07-05,111465,1,2,0,90.0
10109622VITORJ_2025-07-05_G15,10109622VITORJ,2025-07-05,111418,1,23,0,702.0
10109622VITORJ_2025-07-05_G16,10109622VITORJ,2025-07-05,118317,1,22,0,455.0
10109622VITORJ_2025-07-05_G17,10109622VITORJ,2025-07-05,111463,1,24,0,1508.0
10109622VITORJ_2025-07-05_G18,10109622VITORJ,2025-07-05,111469,1,14,0,312.0
10109622VITORJ_2025-07-05_G19,10109622VITORJ,2025-07-05,140922,1,30,0,431.0
10109622VITORJ_2025-07-05_G20,10109622VITORJ,2025-07-05,111466,1,20,0,276.0
10109622VITORJ_2025-07-05_G21,10109622VITORJ,2025-07-05,117821,1,28,0,711.0
10109622VITORJ_2025-07-05_G22,10109622VITORJ,2025-07-05,110373,1,2,0,88.0
10109622VITORJ_2025-07-05_G23,10109622VITORJ,2025-07-05,110372,1,2,0,59.0
10109622VITORJ_2025-07-05_G24,10109622VITORJ,2025-07-05,110372,1,100,0,134.0
10109622VITORJ_2025-07-05_G25,10109622VITORJ,2025-07-05,110373,1,21,0,276.0
10109622VITORJ_2025-07-06_G02,10109622VITORJ,2025-07-06,110841,1,1,0,142.0
10109622VITORJ_2025-07-06_G03,10109622VITORJ,2025-07-06,117836,1,4,0,93.0
10109622VITORJ_2025-07-06_G04,10109622VITORJ,2025-07-06,110895,1,3,0,80.0
10109622VITORJ_2025-07-06_G05,10109622VITORJ,2025-07-06,118094,1,8,0,146.0
10109622VITORJ_2025-07-06_G06,10109622VITORJ,2025-07-06,111876,1,4,0,151.0
10109622VITORJ_2025-07-06_G07,10109622VITORJ,2025-07-06,110339,1,6,0,100.0
10109622VITORJ_2025-07-06_G08,10109622VITORJ,2025-07-06,110515,1,6,0,156.0
10109622VITORJ_2025-07-06_G09,10109622VITORJ,2025-07-06,117862,1,4,0,350.0
10109622VITORJ_2025-07-06_G10,10109622VITORJ,2025-07-06,110711,1,4,0,426.0
10109622VITORJ_2025-07-06_G11,10109622VITORJ,2025-07-06,110711,1,8,0,83.0
10109622VITORJ_2025-07-06_G12,10109622VITORJ,2025-07-06,117820,1,20,0,1099.0
10109622VITORJ_2025-07-06_G13,10109622VITORJ,2025-07-06,117809,1,4,0,236.0
10109622VITORJ_2025-07-06_G14,10109622VITORJ,2025-07-06,117808,1,20,0,191.0
10109622VITORJ_2025-07-06_G15,10109622VITORJ,2025-07-06,109643,1,8,0,104.0
10109622VITORJ_2025-07-06_G16,10109622VITORJ,2025-07-06,110373,1,10,0,132.0
10109622VITORJ_2025-07-06_G17,10109622VITORJ,2025-07-06,110373,1,20,0,508.0
10109622VITORJ_2025-07-06_G18,10109622VITORJ,2025-07-06,110372,1,10,0,163.0
10109622VITORJ_2025-07-06_G19,10109622VITORJ,2025-07-06,110374,1,16,0,171.0
10109622VITORJ_2025-07-06_G20,10109622VITORJ,2025-07-06,110748,1,4,0,2305.0
10109622VITORJ_2025-07-06_G21,10109622VITORJ,2025-07-06,117809,1,2,0,160.0
10109622VITORJ_2025-07-06_G22,10109622VITORJ,2025-07-06,117808,1,340,0,793.0
10109622VITORJ_2025-07-07_G02,10109622VITORJ,2025-07-07,110371,1,20,0,217.0
10109622VITORJ_2025-07-07_G03,10109622VITORJ,2025-07-07,118222,1,2,0,157.0
10109622VITORJ_2025-07-07_G04,10109622VITORJ,2025-07-07,110895,1,9,0,131.0
10109622VITORJ_2025-07-07_G05,10109622VITORJ,2025-07-07,111569,1,10,0,247.0
10109622VITORJ_2025-07-07_G06,10109622VITORJ,2025-07-07,111467,1,6,0,744.0
10109622VITORJ_2025-07-07_G07,10109622VITORJ,2025-07-07,117855,1,8,0,261.0
10109622VITORJ_2025-07-07_G08,10109622VITORJ,2025-07-07,117785,1,14,0,318.0
10109622VITORJ_2025-07-07_G09,10109622VITORJ,2025-07-07,111469,1,25,0,247.0
10109622VITORJ_2025-07-07_G10,10109622VITORJ,2025-07-07,108711,1,4,0,82.0
10109622VITORJ_2025-07-07_G11,10109622VITORJ,2025-07-07,110745,1,4,0,77.0
10109622VITORJ_2025-07-07_G12,10109622VITORJ,2025-07-07,111466,1,14,0,171.0
10109622VITORJ_2025-07-07_G13,10109622VITORJ,2025-07-07,111466,1,2,0,37.0
10109622VITORJ_2025-07-07_G14,10109622VITORJ,2025-07-07,117821,1,8,0,149.0
10109622VITORJ_2025-07-07_G15,10109622VITORJ,2025-07-07,110787,1,7,0,315.0
10109622VITORJ_2025-07-07_G16,10109622VITORJ,2025-07-07,117820,2,62,20,815.0
10109622VITORJ_2025-07-07_G17,10109622VITORJ,2025-07-07,117832,1,6,0,289.0
10109622VITORJ_2025-07-07_G18,10109622VITORJ,2025-07-07,117808,1,97,0,227.0
10109622VITORJ_2025-07-07_G19,10109622VITORJ,2025-07-07,118299,1,90,0,257.0
10109622VITORJ_2025-07-07_G20,10109622VITORJ,2025-07-07,117830,1,4,0,776.0
10109622VITORJ_2025-07-07_G21,10109622VITORJ,2025-07-07,110711,1,6,0,1274.0
10109622VITORJ_2025-07-07_G22,10109622VITORJ,2025-07-07,110313,3,23,37,986.0
10109622VITORJ_2025-07-07_G24,10109622VITORJ,2025-07-07,110742,1,4,0,159.0
10109622VITORJ_2025-07-07_G25,10109622VITORJ,2025-07-07,111437,1,2,0,130.0
10109622VITORJ_2025-07-07_G26,10109622VITORJ,2025-07-07,110623,2,2,20,90.0
10109622VITORJ_2025-07-07_G27,10109622VITORJ,2025-07-07,117786,1,7,0,269.0
10109622VITORJ_2025-07-07_G28,10109622VITORJ,2025-07-07,109640,1,4,0,116.0
10109622VITORJ_2025-07-07_G29,10109622VITORJ,2025-07-07,109640,1,4,0,52.0
10109622VITORJ_2025-07-07_G30,10109622VITORJ,2025-07-07,117855,1,5,0,177.0
10109622VITORJ_2025-07-07_G31,10109622VITORJ,2025-07-07,117855,1,2,0,84.0
10109622VITORJ_2025-07-07_G32,10109622VITORJ,2025-07-07,110375,1,4,0,208.0
10109622VITORJ_2025-07-07_G33,10109622VITORJ,2025-07-07,117832,1,8,0,142.0
10109622VITORJ_2025-07-07_G34,10109622VITORJ,2025-07-07,117809,1,12,0,97.0
10109622VITORJ_2025-07-07_G35,10109622VITORJ,2025-07-07,118299,1,70,0,262.0
10109622VITORJ_2025-07-07_G36,10109622VITORJ,2025-07-07,109643,1,12,0,488.0
10109622VITORJ_2025-07-07_G37,10109622VITORJ,2025-07-07,117820,1,16,0,354.0
10109622VITORJ_2025-07-07_G38,10109622VITORJ,2025-07-07,117808,1,100,0,325.0
10109622VITORJ_2025-07-07_G39,10109622VITORJ,2025-07-07,117820,1,16,0,176.0
10109622VITORJ_2025-07-07_G40,10109622VITORJ,2025-07-07,110372,1,19,0,315.0
10109622VITORJ_2025-07-07_G41,10109622VITORJ,2025-07-07,110374,1,20,0,258.0
10109622VITORJ_2025-07-07_G42,10109622VITORJ,2025-07-07,110373,2,40,8,616.0
10109622VITORJ_2025-07-07_G43,10109622VITORJ,2025-07-07,110580,1,4,0,1037.0
10109622VITORJ_2025-07-07_G44,10109622VITORJ,2025-07-07,118094,1,16,0,167.0
10109622VITORJ_2025-07-07_G45,10109622VITORJ,2025-07-07,111876,1,8,0,480.0
10109622VITORJ_2025-07-07_G46,10109622VITORJ,2025-07-07,117786,1,16,0,604.0
10109622VITORJ_2025-07-08_G02,10109622VITORJ,2025-07-08,110581,1,4,0,130.0
10109622VITORJ_2025-07-08_G03,10109622VITORJ,2025-07-08,111467,1,16,0,775.0
10109622VITORJ_2025-07-08_G04,10109622VITORJ,2025-07-08,111879,1,8,0,270.0
10109622VITORJ_2025-07-08_G05,10109622VITORJ,2025-07-08,117855,1,8,0,129.0
10109622VITORJ_2025-07-08_G06,10109622VITORJ,2025-07-08,111602,1,12,0,166.0
10109622VITORJ_2025-07-08_G07,10109622VITORJ,2025-07-08,117856,1,8,0,404.0
10109622VITORJ_2025-07-08_G08,10109622VITORJ,2025-07-08,117935,1,4,0,266.0
10109622VITORJ_2025-07-08_G09,10109622VITORJ,2025-07-08,110752,1,4,0,227.0
10109622VITORJ_2025-07-08_G10,10109622VITORJ,2025-07-08,117788,1,8,0,1127.0
10109622VITORJ_2025-07-08_G11,10109622VITORJ,2025-07-08,110339,1,24,0,221.0
10109622VITORJ_2025-07-08_G12,10109622VITORJ,2025-07-08,110313,1,12,0,149.0
10109622VITORJ_2025-07-08_G13,10109622VITORJ,2025-07-08,117832,1,24,0,686.0
10109622VITORJ_2025-07-08_G14,10109622VITORJ,2025-07-08,117809,1,20,0,149.0
10109622VITORJ_2025-07-08_G15,10109622VITORJ,2025-07-08,118299,1,40,0,248.0
10109622VITORJ_2025-07-08_G16,10109622VITORJ,2025-07-08,109643,1,4,0,59.0
10109622VITORJ_2025-07-08_G17,10109622VITORJ,2025-07-08,117808,1,100,0,529.0
10109622VITORJ_2025-07-08_G19,10109622VITORJ,2025-07-08,111466,1,520,0,1865.0
10109622VITORJ_2025-07-08_G20,10109622VITORJ,2025-07-08,111469,1,500,0,2149.0
10109622VITORJ_2025-07-09_G02,10109622VITORJ,2025-07-09,111743,1,1300,0,2566.0
10109622VITORJ_2025-07-09_G04,10109622VITORJ,2025-07-09,110515,1,220,0,1798.0
10109622VITORJ_2025-07-09_G05,10109622VITORJ,2025-07-09,117808,1,8,0,354.0
10109622VITORJ_2025-07-09_G06,10109622VITORJ,2025-07-09,110374,1,6,0,204.0
10109622VITORJ_2025-07-09_G07,10109622VITORJ,2025-07-09,118281,1,24,0,283.0
10109622VITORJ_2025-07-09_G08,10109622VITORJ,2025-07-09,117830,1,4,0,106.0
10109622VITORJ_2025-07-09_G09,10109622VITORJ,2025-07-09,117808,1,53,0,524.0
10109622VITORJ_2025-07-09_G10,10109622VITORJ,2025-07-09,109643,1,100,0,826.0
10109622VITORJ_2025-07-09_G11,10109622VITORJ,2025-07-09,118222,1,30,0,2137.0
10109622VITORJ_2025-07-09_G12,10109622VITORJ,2025-07-09,110582,1,8,0,444.0
10109622VITORJ_2025-07-09_G13,10109622VITORJ,2025-07-09,110742,1,4,0,95.0
10109622VITORJ_2025-07-09_G14,10109622VITORJ,2025-07-09,110747,1,40,0,831.0
10109622VITORJ_2025-07-10_G02,10109622VITORJ,2025-07-10,111569,1,10,0,166.0
10109622VITORJ_2025-07-10_G03,10109622VITORJ,2025-07-10,111660,1,10,0,311.0
10109622VITORJ_2025-07-10_G04,10109622VITORJ,2025-07-10,117789,1,20,0,507.0
10109622VITORJ_2025-07-10_G05,10109622VITORJ,2025-07-10,110313,1,4,0,1244.0
10109622VITORJ_2025-07-10_G06,10109622VITORJ,2025-07-10,118299,1,10,0,109.0
10109622VITORJ_2025-07-10_G07,10109622VITORJ,2025-07-10,140922,1,4,0,2794.0
10109622VITORJ_2025-07-10_G08,10109622VITORJ,2025-07-10,111418,1,2,0,98.0
10109622VITORJ_2025-07-10_G09,10109622VITORJ,2025-07-10,110740,1,4,0,51.0
10109622VITORJ_2025-07-10_G10,10109622VITORJ,2025-07-10,111442,1,12,0,191.0
10109622VITORJ_2025-07-10_G11,10109622VITORJ,2025-07-10,110754,1,2,0,296.0
10109622VITORJ_2025-07-10_G12,10109622VITORJ,2025-07-10,110756,1,8,0,765.0
10109622VITORJ_2025-07-10_G13,10109622VITORJ,2025-07-10,118299,1,2,0,92.0
10109622VITORJ_2025-07-10_G14,10109622VITORJ,2025-07-10,118222,1,12,0,525.0
10109622VITORJ_2025-07-10_G15,10109622VITORJ,2025-07-10,110742,1,2,0,139.0
10109622VITORJ_2025-07-10_G16,10109622VITORJ,2025-07-10,111569,1,2,0,137.0
10109622VITORJ_2025-07-10_G17,10109622VITORJ,2025-07-10,108770,1,2,0,96.0
10109622VITORJ_2025-07-10_G18,10109622VITORJ,2025-07-10,108772,1,3,0,431.0
10109622VITORJ_2025-07-10_G19,10109622VITORJ,2025-07-10,108794,1,2,0,514.0
10109622VITORJ_2025-07-10_G20,10109622VITORJ,2025-07-10,110740,1,2,0,79.0
10109622VITORJ_2025-07-10_G21,10109622VITORJ,2025-07-10,117785,1,1,0,90.0
10109622VITORJ_2025-07-10_G22,10109622VITORJ,2025-07-10,111469,1,3,0,98.0
10109622VITORJ_2025-07-10_G24,10109622VITORJ,2025-07-10,110129,1,3,0,2953.0
10109622VITORJ_2025-07-10_G25,10109622VITORJ,2025-07-10,111463,1,10,0,513.0
10109622VITORJ_2025-07-10_G26,10109622VITORJ,2025-07-10,108794,1,4,0,185.0
10109622VITORJ_2025-07-10_G27,10109622VITORJ,2025-07-10,111462,1,30,0,337.0
10109622VITORJ_2025-07-11_G02,10109622VITORJ,2025-07-11,111172,1,10,0,274.0
10109622VITORJ_2025-07-11_G03,10109622VITORJ,2025-07-11,111532,1,10,0,124.0
10109622VITORJ_2025-07-11_G04,10109622VITORJ,2025-07-11,108711,1,4,0,259.0
10109622VITORJ_2025-07-11_G05,10109622VITORJ,2025-07-11,116241,1,4,0,246.0
10109622VITORJ_2025-07-11_G06,10109622VITORJ,2025-07-11,107236,1,1,0,108.0
10109622VITORJ_2025-07-11_G07,10109622VITORJ,2025-07-11,111466,1,30,0,1806.0
10109622VITORJ_2025-07-11_G08,10109622VITORJ,2025-07-11,111418,1,20,0,1601.0
10109622VITORJ_2025-07-11_G09,10109622VITORJ,2025-07-11,118140,1,14,0,338.0
10109622VITORJ_2025-07-11_G10,10109622VITORJ,2025-07-11,111465,1,7,0,703.0
10109622VITORJ_2025-07-11_G11,10109622VITORJ,2025-07-11,117820,1,6,0,300.0
10109622VITORJ_2025-07-11_G12,10109622VITORJ,2025-07-11,111468,1,16,0,1350.0
10109622VITORJ_2025-07-11_G13,10109622VITORJ,2025-07-11,117862,1,8,0,1359.0
10109622VITORJ_2025-07-11_G14,10109622VITORJ,2025-07-11,109647,1,1,0,254.0
10109622VITORJ_2025-07-11_G15,10109622VITORJ,2025-07-11,110711,1,6,0,243.0
10109622VITORJ_2025-07-11_G16,10109622VITORJ,2025-07-11,111602,1,10,0,112.0
10109622VITORJ_2025-07-11_G18,10109622VITORJ,2025-07-11,111348,1,1,0,55.0
10109622VITORJ_2025-07-11_G19,10109622VITORJ,2025-07-11,111443,1,1,0,67.0
10109622VITORJ_2025-07-11_G20,10109622VITORJ,2025-07-11,108711,1,2,0,68.0
10109622VITORJ_2025-07-11_G21,10109622VITORJ,2025-07-11,111418,1,2,0,37.0
10109622VITORJ_2025-07-11_G22,10109622VITORJ,2025-07-11,111418,1,4,0,48.0
10109622VITORJ_2025-07-11_G23,10109622VITORJ,2025-07-11,117785,1,1,0,118.0
10109622VITORJ_2025-07-11_G24,10109622VITORJ,2025-07-11,111433,1,2,0,152.0
10109622VITORJ_2025-07-11_G25,10109622VITORJ,2025-07-11,111466,2,7,29,1216.0
10109622VITORJ_2025-07-11_G26,10109622VITORJ,2025-07-11,111469,1,14,0,110.0
10109622VITORJ_2025-07-11_G27,10109622VITORJ,2025-07-11,110740,1,2,0,56.0
10109622VITORJ_2025-07-11_G28,10109622VITORJ,2025-07-11,110740,1,2,0,155.0
10109622VITORJ_2025-07-11_G29,10109622VITORJ,2025-07-11,111465,1,4,0,51.0
10109622VITORJ_2025-07-11_G30,10109622VITORJ,2025-07-11,118140,1,11,0,611.0
10109622VITORJ_2025-07-11_G31,10109622VITORJ,2025-07-11,118094,1,3,0,145.0
10109622VITORJ_2025-07-11_G32,10109622VITORJ,2025-07-11,111876,1,4,0,55.0
10109622VITORJ_2025-07-11_G33,10109622VITORJ,2025-07-11,110339,1,2,0,92.0
10109622VITORJ_2025-07-11_G34,10109622VITORJ,2025-07-11,110515,1,7,0,135.0
10109622VITORJ_2025-07-11_G35,10109622VITORJ,2025-07-11,117862,1,1,0,50.0
10109622VITORJ_2025-07-11_G36,10109622VITORJ,2025-07-11,110313,1,6,0,423.0
10109622VITORJ_2025-07-11_G37,10109622VITORJ,2025-07-11,111430,1,2,0,1260.0
10109622VITORJ_2025-07-11_G38,10109622VITORJ,2025-07-11,100334,1,2,0,79.0
10109622VITORJ_2025-07-11_G39,10109622VITORJ,2025-07-11,111569,1,2,0,367.0
10109622VITORJ_2025-07-11_G40,10109622VITORJ,2025-07-11,108770,1,2,0,378.0
10109622VITORJ_2025-07-11_G41,10109622VITORJ,2025-07-11,117832,1,2,0,155.0
10109622VITORJ_2025-07-11_G42,10109622VITORJ,2025-07-11,109643,1,3,0,116.0
10109622VITORJ_2025-07-11_G43,10109622VITORJ,2025-07-11,110373,1,4,0,161.0
10109622VITORJ_2025-07-11_G44,10109622VITORJ,2025-07-11,110325,1,2,0,1288.0
10109622VITORJ_2025-07-11_G45,10109622VITORJ,2025-07-11,117809,1,2,0,41.0
10109622VITORJ_2025-07-11_G46,10109622VITORJ,2025-07-11,117808,1,30,0,308.0
10109622VITORJ_2025-07-11_G47,10109622VITORJ,2025-07-11,118299,1,20,0,140.0
10109622VITORJ_2025-07-11_G48,10109622VITORJ,2025-07-11,109643,1,4,0,75.0
10109622VITORJ_2025-07-11_G49,10109622VITORJ,2025-07-11,110372,1,14,0,285.0
10109622VITORJ_2025-07-11_G50,10109622VITORJ,2025-07-11,117820,1,10,0,154.0
10109622VITORJ_2025-07-11_G51,10109622VITORJ,2025-07-11,110373,1,4,0,82.0
10109622VITORJ_2025-07-11_G52,10109622VITORJ,2025-07-11,140922,1,2,0,161.0
10109622VITORJ_2025-07-11_G53,10109622VITORJ,2025-07-11,111462,1,2,0,37.0
10109622VITORJ_2025-07-12_G02,10109622VITORJ,2025-07-12,111441,1,2,0,1111.0
10109622VITORJ_2025-07-12_G03,10109622VITORJ,2025-07-12,110313,1,4,0,618.0
10109622VITORJ_2025-07-12_G04,10109622VITORJ,2025-07-12,111463,1,2,0,97.0
10109622VITORJ_2025-07-12_G05,10109622VITORJ,2025-07-12,111418,1,2,0,495.0
10109622VITORJ_2025-07-12_G06,10109622VITORJ,2025-07-12,111469,1,4,0,71.0
10109622VITORJ_2025-07-12_G07,10109622VITORJ,2025-07-12,118094,1,1,0,125.0
10109622VITORJ_2025-07-12_G08,10109622VITORJ,2025-07-12,117935,1,2,0,161.0
10109622VITORJ_2025-07-12_G09,10109622VITORJ,2025-07-12,111602,1,8,0,639.0
10109622VITORJ_2025-07-12_G10,10109622VITORJ,2025-07-12,110313,1,8,0,109.0
10109622VITORJ_2025-07-12_G11,10109622VITORJ,2025-07-12,117831,1,4,0,107.0
10109622VITORJ_2025-07-12_G12,10109622VITORJ,2025-07-12,118140,1,4,0,99.0
10109622VITORJ_2025-07-12_G13,10109622VITORJ,2025-07-12,110787,1,4,0,54.0
10109622VITORJ_2025-07-12_G14,10109622VITORJ,2025-07-12,111466,1,4,0,87.0
10109622VITORJ_2025-07-12_G15,10109622VITORJ,2025-07-12,118140,1,20,0,199.0
10109622VITORJ_2025-07-12_G16,10109622VITORJ,2025-07-12,111430,1,4,0,279.0
10109622VITORJ_2025-07-12_G17,10109622VITORJ,2025-07-12,117855,1,4,0,783.0
10109622VITORJ_2025-07-12_G18,10109622VITORJ,2025-07-12,110339,1,2,0,104.0
10109622VITORJ_2025-07-12_G19,10109622VITORJ,2025-07-12,140922,1,8,0,129.0
10109622VITORJ_2025-07-12_G20,10109622VITORJ,2025-07-12,117831,1,4,0,167.0
10109622VITORJ_2025-07-12_G21,10109622VITORJ,2025-07-12,118140,1,18,0,210.0
10109622VITORJ_2025-07-12_G22,10109622VITORJ,2025-07-12,117832,1,2,0,163.0
10109622VITORJ_2025-07-12_G23,10109622VITORJ,2025-07-12,117808,1,1,0,46.0
10109622VITORJ_2025-07-12_G24,10109622VITORJ,2025-07-12,110371,1,10,0,171.0
10109622VITORJ_2025-07-12_G25,10109622VITORJ,2025-07-12,117820,1,9,0,98.0
10109622VITORJ_2025-07-12_G26,10109622VITORJ,2025-07-12,111430,1,293,0,2719.0
10109622VITORJ_2025-07-12_G27,10109622VITORJ,2025-07-12,111441,1,123,0,1012.0
10109622VITORJ_2025-07-13_G02,10109622VITORJ,2025-07-13,109649,1,5,0,606.0
10109622VITORJ_2025-07-13_G03,10109622VITORJ,2025-07-13,110515,1,60,0,2075.0
10109622VITORJ_2025-07-13_G04,10109622VITORJ,2025-07-13,141047,1,12,0,145.0
10109622VITORJ_2025-07-13_G05,10109622VITORJ,2025-07-13,108795,1,30,0,400.0
10109622VITORJ_2025-07-13_G06,10109622VITORJ,2025-07-13,108794,1,50,0,285.0
10109622VITORJ_2025-07-13_G07,10109622VITORJ,2025-07-13,117833,1,60,0,718.0
10109622VITORJ_2025-07-13_G08,10109622VITORJ,2025-07-13,111466,1,50,0,1737.0
10109622VITORJ_2025-07-13_G09,10109622VITORJ,2025-07-13,110325,1,50,0,905.0
10109622VITORJ_2025-07-13_G10,10109622VITORJ,2025-07-13,117832,1,50,0,261.0
10109622VITORJ_2025-07-13_G11,10109622VITORJ,2025-07-13,110372,1,100,0,450.0
10109622VITORJ_2025-07-13_G12,10109622VITORJ,2025-07-13,107830,1,20,0,312.0
10109622VITORJ_2025-07-14_G02,10109622VITORJ,2025-07-14,114091,1,16,0,801.0
10109622VITORJ_2025-07-14_G03,10109622VITORJ,2025-07-14,110325,1,28,0,279.0
10109622VITORJ_2025-07-14_G04,10109622VITORJ,2025-07-14,109643,1,40,0,404.0
10109622VITORJ_2025-07-14_G05,10109622VITORJ,2025-07-14,117832,1,24,0,369.0
10109622VITORJ_2025-07-14_G06,10109622VITORJ,2025-07-14,110372,1,4,0,141.0
10109622VITORJ_2025-07-14_G07,10109622VITORJ,2025-07-14,117840,1,6,0,90.0
10109622VITORJ_2025-07-14_G08,10109622VITORJ,2025-07-14,107830,1,9,0,136.0
10109622VITORJ_2025-07-14_G09,10109622VITORJ,2025-07-14,118281,1,16,0,116.0
10109622VITORJ_2025-07-14_G10,10109622VITORJ,2025-07-14,110376,1,10,0,98.0
10109622VITORJ_2025-07-14_G11,10109622VITORJ,2025-07-14,117830,1,50,0,1325.0
10109622VITORJ_2025-07-14_G12,10109622VITORJ,2025-07-14,117830,1,10,0,99.0
10109622VITORJ_2025-07-14_G13,10109622VITORJ,2025-07-14,117822,1,28,0,245.0
10109622VITORJ_2025-07-14_G14,10109622VITORJ,2025-07-14,118299,1,4,0,128.0
10109622VITORJ_2025-07-14_G15,10109622VITORJ,2025-07-14,118299,1,600,0,1434.0
10109622VITORJ_2025-07-14_G16,10109622VITORJ,2025-07-14,110372,1,125,0,744.0
10109622VITORJ_2025-07-14_G18,10109622VITORJ,2025-07-14,118285,1,2,0,174.0
10109622VITORJ_2025-07-14_G19,10109622VITORJ,2025-07-14,108794,1,2,0,156.0
10109622VITORJ_2025-07-14_G20,10109622VITORJ,2025-07-14,111462,1,21,0,294.0
10109622VITORJ_2025-07-14_G21,10109622VITORJ,2025-07-14,111743,1,2,0,50.0
10109622VITORJ_2025-07-14_G22,10109622VITORJ,2025-07-14,117821,1,12,0,129.0
10109622VITORJ_2025-07-14_G23,10109622VITORJ,2025-07-14,117833,1,4,0,50.0
10109622VITORJ_2025-07-14_G24,10109622VITORJ,2025-07-14,117842,1,2,0,211.0
10109622VITORJ_2025-07-14_G25,10109622VITORJ,2025-07-14,109641,1,6,0,113.0
10109622VITORJ_2025-07-14_G26,10109622VITORJ,2025-07-14,141823,1,16,0,252.0
10109622VITORJ_2025-07-14_G27,10109622VITORJ,2025-07-14,111466,1,9,0,266.0
10109622VITORJ_2025-07-14_G28,10109622VITORJ,2025-07-14,111469,1,33,0,200.0
10109622VITORJ_2025-07-14_G29,10109622VITORJ,2025-07-14,107236,1,4,0,230.0
10109622VITORJ_2025-07-14_G30,10109622VITORJ,2025-07-14,111463,1,71,0,2766.0
10109622VITORJ_2025-07-14_G31,10109622VITORJ,2025-07-14,117831,1,32,0,1127.0
10109622VITORJ_2025-07-14_G32,10109622VITORJ,2025-07-14,111418,1,161,0,489.0
10109622VITORJ_2025-07-14_G33,10109622VITORJ,2025-07-14,118140,1,139,0,520.0
10109622VITORJ_2025-07-14_G34,10109622VITORJ,2025-07-14,117785,1,116,0,687.0
10109622VITORJ_2025-07-15_G02,10109622VITORJ,2025-07-15,110374,1,20,0,245.0
10109622VITORJ_2025-07-15_G03,10109622VITORJ,2025-07-15,117840,1,4,0,526.0
10109622VITORJ_2025-07-15_G04,10109622VITORJ,2025-07-15,107830,1,19,0,200.0
10109622VITORJ_2025-07-15_G05,10109622VITORJ,2025-07-15,110371,1,20,0,335.0
10109622VITORJ_2025-07-15_G06,10109622VITORJ,2025-07-15,118299,1,100,0,259.0
10109622VITORJ_2025-07-15_G07,10109622VITORJ,2025-07-15,117822,1,30,0,357.0
10109622VITORJ_2025-07-15_G09,10109622VITORJ,2025-07-15,117820,1,100,0,597.0
10109622VITORJ_2025-07-15_G10,10109622VITORJ,2025-07-15,118281,1,60,0,1852.0
10109622VITORJ_2025-07-16_G02,10109622VITORJ,2025-07-16,110741,1,4,0,611.0
10109622VITORJ_2025-07-16_G03,10109622VITORJ,2025-07-16,110741,1,4,0,79.0
10109622VITORJ_2025-07-16_G04,10109622VITORJ,2025-07-16,117837,1,10,0,178.0
10109622VITORJ_2025-07-16_G05,10109622VITORJ,2025-07-16,117862,1,10,0,327.0
10109622VITORJ_2025-07-16_G06,10109622VITORJ,2025-07-16,117853,1,16,0,329.0
10109622VITORJ_2025-07-16_G07,10109622VITORJ,2025-07-16,141047,1,5,0,97.0
10109622VITORJ_2025-07-17_G02,10109622VITORJ,2025-07-17,117935,1,5,0,164.0
10109622VITORJ_2025-07-17_G03,10109622VITORJ,2025-07-17,110733,1,15,0,372.0
10109622VITORJ_2025-07-17_G04,10109622VITORJ,2025-07-17,117786,1,20,0,181.0
10109622VITORJ_2025-07-17_G05,10109622VITORJ,2025-07-17,110515,1,20,0,348.0
10109622VITORJ_2025-07-17_G06,10109622VITORJ,2025-07-17,117856,1,20,0,963.0
10109622VITORJ_2025-07-17_G07,10109622VITORJ,2025-07-17,110747,1,10,0,356.0
10109622VITORJ_2025-07-17_G08,10109622VITORJ,2025-07-17,107888,1,4,0,68.0
10109622VITORJ_2025-07-17_G09,10109622VITORJ,2025-07-17,107254,1,2,0,79.0
10109622VITORJ_2025-07-17_G10,10109622VITORJ,2025-07-17,117834,1,6,0,249.0
10109622VITORJ_2025-07-17_G11,10109622VITORJ,2025-07-17,111438,1,4,0,460.0
10109622VITORJ_2025-07-17_G12,10109622VITORJ,2025-07-17,111602,1,2,0,1423.0
10109622VITORJ_2025-07-17_G13,10109622VITORJ,2025-07-17,110313,1,4,0,78.0
10109622VITORJ_2025-07-17_G14,10109622VITORJ,2025-07-17,111465,1,4,0,112.0
10109622VITORJ_2025-07-17_G15,10109622VITORJ,2025-07-17,109933,1,4,0,642.0
10109622VITORJ_2025-07-17_G16,10109622VITORJ,2025-07-17,100334,1,2,0,866.0
10109622VITORJ_2025-07-17_G17,10109622VITORJ,2025-07-17,111655,1,4,0,253.0
10109622VITORJ_2025-07-17_G18,10109622VITORJ,2025-07-17,111438,1,4,0,266.0
10109622VITORJ_2025-07-17_G19,10109622VITORJ,2025-07-17,118222,1,3,0,126.0
10109622VITORJ_2025-07-17_G20,10109622VITORJ,2025-07-17,109647,1,1,0,101.0
10109622VITORJ_2025-07-17_G21,10109622VITORJ,2025-07-17,108795,1,4,0,69.0
10109622VITORJ_2025-07-17_G22,10109622VITORJ,2025-07-17,108794,1,4,0,80.0
10109622VITORJ_2025-07-17_G23,10109622VITORJ,2025-07-17,109643,1,3,0,76.0
10109622VITORJ_2025-07-17_G24,10109622VITORJ,2025-07-17,111466,1,4,0,600.0
10109622VITORJ_2025-07-17_G25,10109622VITORJ,2025-07-17,117808,1,8,0,103.0
10109622VITORJ_2025-07-17_G26,10109622VITORJ,2025-07-17,110373,1,4,0,84.0
10109622VITORJ_2025-07-17_G27,10109622VITORJ,2025-07-17,108795,1,4,0,185.0
10109622VITORJ_2025-07-17_G28,10109622VITORJ,2025-07-17,117856,1,4,0,188.0
10109622VITORJ_2025-07-17_G29,10109622VITORJ,2025-07-17,111463,1,4,0,719.0
10109622VITORJ_2025-07-17_G30,10109622VITORJ,2025-07-17,108794,1,2,0,50.0
10109622VITORJ_2025-07-17_G31,10109622VITORJ,2025-07-17,111418,1,12,0,179.0
10109622VITORJ_2025-07-17_G32,10109622VITORJ,2025-07-17,108711,1,1,0,56.0
10109622VITORJ_2025-07-17_G34,10109622VITORJ,2025-07-17,117853,1,1,0,93.0
10109622VITORJ_2025-07-17_G35,10109622VITORJ,2025-07-17,110711,1,1,0,100.0
10109622VITORJ_2025-07-17_G36,10109622VITORJ,2025-07-17,110711,1,2,0,60.0
10109622VITORJ_2025-07-17_G37,10109622VITORJ,2025-07-17,111602,1,7,0,109.0
10109622VITORJ_2025-07-17_G38,10109622VITORJ,2025-07-17,111463,1,1,0,88.0
10109622VITORJ_2025-07-17_G39,10109622VITORJ,2025-07-17,111532,1,6,0,247.0
10109622VITORJ_2025-07-17_G40,10109622VITORJ,2025-07-17,111469,1,8,0,221.0
10109622VITORJ_2025-07-17_G41,10109622VITORJ,2025-07-17,110741,1,8,0,1365.0
10109622VITORJ_2025-07-17_G42,10109622VITORJ,2025-07-17,118094,1,12,0,200.0
10109622VITORJ_2025-07-17_G43,10109622VITORJ,2025-07-17,107629,1,12,0,1059.0
10109622VITORJ_2025-07-17_G44,10109622VITORJ,2025-07-17,110339,1,2,0,297.0
10109622VITORJ_2025-07-17_G45,10109622VITORJ,2025-07-17,117786,1,2,0,66.0
10109622VITORJ_2025-07-17_G46,10109622VITORJ,2025-07-17,117853,1,4,0,121.0
10109622VITORJ_2025-07-17_G47,10109622VITORJ,2025-07-17,111467,1,20,0,379.0
10109622VITORJ_2025-07-17_G48,10109622VITORJ,2025-07-17,111602,1,6,0,126.0
10109622VITORJ_2025-07-17_G49,10109622VITORJ,2025-07-17,110515,1,1,0,42.0
10109622VITORJ_2025-07-17_G50,10109622VITORJ,2025-07-17,111530,1,24,0,381.0
10109622VITORJ_2025-07-18_G02,10109622VITORJ,2025-07-18,111462,1,2,0,101.0
10109622VITORJ_2025-07-18_G03,10109622VITORJ,2025-07-18,111418,1,4,0,334.0
10109622VITORJ_2025-07-18_G04,10109622VITORJ,2025-07-18,111469,1,6,0,124.0
10109622VITORJ_2025-07-18_G05,10109622VITORJ,2025-07-18,111466,1,4,0,78.0
10109622VITORJ_2025-07-18_G06,10109622VITORJ,2025-07-18,111465,1,1,0,39.0
10109622VITORJ_2025-07-18_G07,10109622VITORJ,2025-07-18,118094,1,2,0,167.0
10109622VITORJ_2025-07-18_G08,10109622VITORJ,2025-07-18,117786,1,1,0,43.0
10109622VITORJ_2025-07-18_G09,10109622VITORJ,2025-07-18,117862,1,1,0,659.0
10109622VITORJ_2025-07-18_G10,10109622VITORJ,2025-07-18,118140,1,3,0,128.0
10109622VITORJ_2025-07-18_G11,10109622VITORJ,2025-07-18,111463,1,3,0,157.0
10109622VITORJ_2025-07-18_G12,10109622VITORJ,2025-07-18,111418,1,17,0,301.0
10109622VITORJ_2025-07-18_G13,10109622VITORJ,2025-07-18,108711,1,4,0,80.0
10109622VITORJ_2025-07-18_G14,10109622VITORJ,2025-07-18,117785,1,4,0,74.0
10109622VITORJ_2025-07-18_G15,10109622VITORJ,2025-07-18,111469,1,3,0,68.0
10109622VITORJ_2025-07-18_G16,10109622VITORJ,2025-07-18,111466,1,5,0,68.0
10109622VITORJ_2025-07-18_G17,10109622VITORJ,2025-07-18,108794,1,6,0,1038.0
10109622VITORJ_2025-07-18_G18,10109622VITORJ,2025-07-18,111348,1,2,0,70.0
10109622VITORJ_2025-07-18_G19,10109622VITORJ,2025-07-18,140922,1,5,0,238.0
10109622VITORJ_2025-07-18_G20,10109622VITORJ,2025-07-18,111462,1,13,0,188.0
10109622VITORJ_2025-07-18_G21,10109622VITORJ,2025-07-18,111463,1,30,0,250.0
10109622VITORJ_2025-07-18_G22,10109622VITORJ,2025-07-18,108711,1,3,0,58.0
10109622VITORJ_2025-07-18_G23,10109622VITORJ,2025-07-18,111466,1,31,0,345.0
10109622VITORJ_2025-07-18_G24,10109622VITORJ,2025-07-18,111465,1,6,0,1073.0
10109622VITORJ_2025-07-18_G25,10109622VITORJ,2025-07-18,"111348, 111469",2,26,8,346.0
10109622VITORJ_2025-07-18_G26,10109622VITORJ,2025-07-18,107629,1,4,0,97.0
10109622VITORJ_2025-07-18_G27,10109622VITORJ,2025-07-18,118298,1,1,0,120.0
10109622VITORJ_2025-07-18_G28,10109622VITORJ,2025-07-18,110711,1,3,0,84.0
10109622VITORJ_2025-07-18_G29,10109622VITORJ,2025-07-18,111602,1,6,0,99.0
10109622VITORJ_2025-07-18_G30,10109622VITORJ,2025-07-18,110515,1,10,0,83.0
10109622VITORJ_2025-07-18_G31,10109622VITORJ,2025-07-18,111530,1,10,0,146.0
10109622VITORJ_2025-07-18_G32,10109622VITORJ,2025-07-18,110747,1,4,0,247.0
10109622VITORJ_2025-07-18_G33,10109622VITORJ,2025-07-18,117820,1,10,0,923.0
10109622VITORJ_2025-07-18_G34,10109622VITORJ,2025-07-18,117830,1,10,0,238.0
10109622VITORJ_2025-07-18_G35,10109622VITORJ,2025-07-18,117808,1,20,0,111.0
10109622VITORJ_2025-07-18_G36,10109622VITORJ,2025-07-18,110374,1,10,0,152.0
10109622VITORJ_2025-07-18_G37,10109622VITORJ,2025-07-18,107830,1,4,0,173.0
10109622VITORJ_2025-07-18_G38,10109622VITORJ,2025-07-18,110373,1,40,0,441.0
10109622VITORJ_2025-07-18_G39,10109622VITORJ,2025-07-18,118299,1,20,0,170.0
10109622VITORJ_2025-07-18_G40,10109622VITORJ,2025-07-18,110372,1,50,0,452.0
10109622VITORJ_2025-07-18_G42,10109622VITORJ,2025-07-18,110754,1,2,0,286.0
10109622VITORJ_2025-07-18_G43,10109622VITORJ,2025-07-18,110747,1,10,0,178.0
10109622VITORJ_2025-07-18_G44,10109622VITORJ,2025-07-18,117834,1,4,0,130.0
10109622VITORJ_2025-07-18_G45,10109622VITORJ,2025-07-18,108770,1,2,0,141.0
10109622VITORJ_2025-07-18_G46,10109622VITORJ,2025-07-18,118094,1,4,0,152.0
10109622VITORJ_2025-07-18_G47,10109622VITORJ,2025-07-18,110515,1,20,0,393.0
10109622VITORJ_2025-07-18_G48,10109622VITORJ,2025-07-18,110752,1,6,0,145.0
10109622VITORJ_2025-07-18_G49,10109622VITORJ,2025-07-18,111172,1,2,0,536.0
10109622VITORJ_2025-07-18_G50,10109622VITORJ,2025-07-18,110743,1,6,0,116.0
10109622VITORJ_2025-07-18_G51,10109622VITORJ,2025-07-18,140922,1,14,0,316.0
10109622VITORJ_2025-07-18_G52,10109622VITORJ,2025-07-18,118140,1,6,0,66.0
10109622VITORJ_2025-07-18_G53,10109622VITORJ,2025-07-18,111465,1,32,0,446.0
10109622VITORJ_2025-07-18_G54,10109622VITORJ,2025-07-18,111468,1,2,0,45.0
10109622VITORJ_2025-07-18_G55,10109622VITORJ,2025-07-18,111172,1,26,0,953.0
10109622VITORJ_2025-07-18_G56,10109622VITORJ,2025-07-18,111466,1,58,0,1489.0
10109622VITORJ_2025-07-18_G57,10109622VITORJ,2025-07-18,105705,1,26,0,982.0
10109622VITORJ_2025-07-18_G58,10109622VITORJ,2025-07-18,109641,1,29,0,690.0
10109622VITORJ_2025-07-19_G02,10109622VITORJ,2025-07-19,118298,1,8,0,141.0
10109622VITORJ_2025-07-19_G03,10109622VITORJ,2025-07-19,111530,1,12,0,376.0
10109622VITORJ_2025-07-19_G04,10109622VITORJ,2025-07-19,111418,1,100,0,2679.0
10109622VITORJ_2025-07-19_G05,10109622VITORJ,2025-07-19,110743,1,8,0,322.0
10109622VITORJ_2025-07-19_G06,10109622VITORJ,2025-07-19,108759,1,8,0,152.0
10109622VITORJ_2025-07-19_G07,10109622VITORJ,2025-07-19,110372,1,120,0,677.0
10109622VITORJ_2025-07-19_G08,10109622VITORJ,2025-07-19,117820,1,33,0,307.0
10109622VITORJ_2025-07-19_G09,10109622VITORJ,2025-07-19,111469,1,6,0,570.0
10109622VITORJ_2025-07-19_G10,10109622VITORJ,2025-07-19,111465,1,2,0,72.0
10109622VITORJ_2025-07-19_G11,10109622VITORJ,2025-07-19,111602,1,3,0,250.0
10109622VITORJ_2025-07-19_G12,10109622VITORJ,2025-07-19,160051,1,2,0,307.0
10109622VITORJ_2025-07-19_G13,10109622VITORJ,2025-07-19,108711,1,6,0,255.0
10109622VITORJ_2025-07-19_G14,10109622VITORJ,2025-07-19,110375,1,12,0,259.0
10109622VITORJ_2025-07-21_G02,10109622VITORJ,2025-07-21,117808,1,11,0,64.0
10109622VITORJ_2025-07-21_G03,10109622VITORJ,2025-07-21,117830,1,9,0,170.0
10109622VITORJ_2025-07-21_G04,10109622VITORJ,2025-07-21,117832,1,4,0,64.0
10109622VITORJ_2025-07-21_G05,10109622VITORJ,2025-07-21,117809,1,6,0,48.0
10109622VITORJ_2025-07-21_G06,10109622VITORJ,2025-07-21,110374,1,4,0,104.0
10109622VITORJ_2025-07-21_G07,10109622VITORJ,2025-07-21,110376,1,2,0,48.0
10109622VITORJ_2025-07-21_G08,10109622VITORJ,2025-07-21,117820,1,1,0,155.0
10109622VITORJ_2025-07-21_G09,10109622VITORJ,2025-07-21,141202,1,6,0,65.0
10109622VITORJ_2025-07-21_G10,10109622VITORJ,2025-07-21,118299,1,26,0,242.0
10109622VITORJ_2025-07-21_G11,10109622VITORJ,2025-07-21,110372,1,21,0,302.0
10109622VITORJ_2025-07-21_G12,10109622VITORJ,2025-07-21,111438,1,2,0,205.0
10109622VITORJ_2025-07-21_G13,10109622VITORJ,2025-07-21,117834,1,2,0,228.0
10109622VITORJ_2025-07-21_G14,10109622VITORJ,2025-07-21,111435,1,2,0,670.0
10109622VITORJ_2025-07-21_G15,10109622VITORJ,2025-07-21,140922,1,4,0,99.0
10109622VITORJ_2025-07-21_G16,10109622VITORJ,2025-07-21,108711,1,3,0,86.0
10109622VITORJ_2025-07-21_G17,10109622VITORJ,2025-07-21,117833,1,2,0,113.0
10109622VITORJ_2025-07-21_G18,10109622VITORJ,2025-07-21,117785,1,2,0,79.0
10109622VITORJ_2025-07-21_G19,10109622VITORJ,2025-07-21,108794,1,4,0,81.0
10109622VITORJ_2025-07-21_G20,10109622VITORJ,2025-07-21,117831,1,2,0,60.0
10109622VITORJ_2025-07-21_G21,10109622VITORJ,2025-07-21,111444,1,4,0,64.0
10109622VITORJ_2025-07-21_G22,10109622VITORJ,2025-07-21,110740,1,2,0,88.0
10109622VITORJ_2025-07-21_G23,10109622VITORJ,2025-07-21,111466,1,11,0,132.0
10109622VITORJ_2025-07-21_G24,10109622VITORJ,2025-07-21,111465,1,4,0,77.0
10109622VITORJ_2025-07-21_G25,10109622VITORJ,2025-07-21,111468,1,2,0,251.0
10109622VITORJ_2025-07-21_G26,10109622VITORJ,2025-07-21,110372,1,20,0,1489.0
10109622VITORJ_2025-07-21_G27,10109622VITORJ,2025-07-21,111172,1,2,0,1073.0
10109622VITORJ_2025-07-21_G28,10109622VITORJ,2025-07-21,140922,1,5,0,73.0
10109622VITORJ_2025-07-21_G29,10109622VITORJ,2025-07-21,111462,1,2,0,71.0
10109622VITORJ_2025-07-21_G30,10109622VITORJ,2025-07-21,109645,1,2,0,106.0
10109622VITORJ_2025-07-21_G31,10109622VITORJ,2025-07-21,111418,1,14,0,147.0
10109622VITORJ_2025-07-21_G32,10109622VITORJ,2025-07-21,118140,1,2,0,40.0
10109622VITORJ_2025-07-21_G33,10109622VITORJ,2025-07-21,108794,1,2,0,101.0
10109622VITORJ_2025-07-21_G34,10109622VITORJ,2025-07-21,117831,1,4,0,44.0
10109622VITORJ_2025-07-21_G35,10109622VITORJ,2025-07-21,111442,1,2,0,32.0
10109622VITORJ_2025-07-21_G36,10109622VITORJ,2025-07-21,111444,1,4,0,73.0
10109622VITORJ_2025-07-21_G37,10109622VITORJ,2025-07-21,111469,1,2,0,250.0
10109622VITORJ_2025-07-21_G38,10109622VITORJ,2025-07-21,110740,1,2,0,188.0
10109622VITORJ_2025-07-21_G39,10109622VITORJ,2025-07-21,111466,1,10,0,149.0
10109622VITORJ_2025-07-21_G40,10109622VITORJ,2025-07-21,107236,1,6,0,218.0
10109622VITORJ_2025-07-21_G41,10109622VITORJ,2025-07-21,111465,1,2,0,414.0
10109622VITORJ_2025-07-21_G42,10109622VITORJ,2025-07-21,111463,1,4,0,758.0
10109622VITORJ_2025-07-21_G43,10109622VITORJ,2025-07-21,111602,1,11,0,582.0
10109622VITORJ_2025-07-21_G44,10109622VITORJ,2025-07-21,110515,1,12,0,236.0
10109622VITORJ_2025-07-22_G02,10109622VITORJ,2025-07-22,111530,1,10,0,112.0
10109622VITORJ_2025-07-22_G03,10109622VITORJ,2025-07-22,117856,1,11,0,227.0
10109622VITORJ_2025-07-22_G04,10109622VITORJ,2025-07-22,110711,1,4,0,1988.0
10109622VITORJ_2025-07-22_G05,10109622VITORJ,2025-07-22,111463,1,4,0,232.0
10109622VITORJ_2025-07-22_G06,10109622VITORJ,2025-07-22,111418,1,6,0,174.0
10109622VITORJ_2025-07-22_G07,10109622VITORJ,2025-07-22,110375,1,8,0,173.0
10109622VITORJ_2025-07-22_G08,10109622VITORJ,2025-07-22,110373,1,1,0,152.0
10109622VITORJ_2025-07-22_G09,10109622VITORJ,2025-07-22,110371,1,4,0,97.0
10109622VITORJ_2025-07-22_G10,10109622VITORJ,2025-07-22,111569,1,3,0,171.0
10109622VITORJ_2025-07-22_G11,10109622VITORJ,2025-07-22,117855,1,4,0,157.0
10109622VITORJ_2025-07-22_G12,10109622VITORJ,2025-07-22,110515,1,20,0,310.0
10109622VITORJ_2025-07-22_G13,10109622VITORJ,2025-07-22,110752,1,4,0,151.0
10109622VITORJ_2025-07-22_G14,10109622VITORJ,2025-07-22,111463,1,8,0,406.0
10109622VITORJ_2025-07-22_G15,10109622VITORJ,2025-07-22,109645,1,2,0,85.0
10109622VITORJ_2025-07-22_G16,10109622VITORJ,2025-07-22,111418,1,6,0,68.0
10109622VITORJ_2025-07-22_G17,10109622VITORJ,2025-07-22,117785,1,8,0,440.0
10109622VITORJ_2025-07-22_G18,10109622VITORJ,2025-07-22,111469,1,8,0,96.0
10109622VITORJ_2025-07-22_G19,10109622VITORJ,2025-07-22,111468,1,3,0,63.0
10109622VITORJ_2025-07-22_G20,10109622VITORJ,2025-07-22,110375,1,5,0,125.0
10109622VITORJ_2025-07-22_G21,10109622VITORJ,2025-07-22,110373,1,17,0,1175.0
10109622VITORJ_2025-07-22_G22,10109622VITORJ,2025-07-22,110374,1,4,0,55.0
10109622VITORJ_2025-07-22_G23,10109622VITORJ,2025-07-22,110371,1,18,0,217.0
10109622VITORJ_2025-07-22_G24,10109622VITORJ,2025-07-22,118299,1,2,0,38.0
10109622VITORJ_2025-07-22_G25,10109622VITORJ,2025-07-22,110372,1,16,0,213.0
10109622VITORJ_2025-07-22_G26,10109622VITORJ,2025-07-22,109933,1,2,0,882.0
10109622VITORJ_2025-07-22_G27,10109622VITORJ,2025-07-22,111418,1,4,0,103.0
10109622VITORJ_2025-07-22_G28,10109622VITORJ,2025-07-22,110373,1,10,0,124.0
10109622VITORJ_2025-07-22_G29,10109622VITORJ,2025-07-22,110374,1,4,0,60.0
10109622VITORJ_2025-07-22_G30,10109622VITORJ,2025-07-22,110371,1,2,0,87.0
10109622VITORJ_2025-07-22_G31,10109622VITORJ,2025-07-22,111602,1,1,0,118.0
10109622VITORJ_2025-07-22_G32,10109622VITORJ,2025-07-22,111743,1,8,0,321.0
10109622VITORJ_2025-07-22_G33,10109622VITORJ,2025-07-22,111462,1,4,0,101.0
10109622VITORJ_2025-07-22_G34,10109622VITORJ,2025-07-22,110373,1,7,0,293.0
10109622VITORJ_2025-07-22_G35,10109622VITORJ,2025-07-22,110371,1,4,0,112.0
10109622VITORJ_2025-07-22_G36,10109622VITORJ,2025-07-22,110372,1,28,0,612.0
10109622VITORJ_2025-07-22_G38,10109622VITORJ,2025-07-22,118222,1,24,0,590.0
10109622VITORJ_2025-07-22_G39,10109622VITORJ,2025-07-22,118222,1,35,0,1870.0
10109622VITORJ_2025-07-22_G40,10109622VITORJ,2025-07-22,117856,1,24,0,246.0
10109622VITORJ_2025-07-22_G41,10109622VITORJ,2025-07-22,107830,1,41,0,1145.0
10109622VITORJ_2025-07-22_G42,10109622VITORJ,2025-07-22,110376,1,5,0,87.0
10109622VITORJ_2025-07-22_G43,10109622VITORJ,2025-07-22,117830,1,61,0,1192.0
10109622VITORJ_2025-07-22_G44,10109622VITORJ,2025-07-22,111441,1,138,0,3220.0
10109622VITORJ_2025-07-22_G45,10109622VITORJ,2025-07-22,117855,1,1,0,176.0
10109622VITORJ_2025-07-23_G02,10109622VITORJ,2025-07-23,111182,1,150,0,519.0
10109622VITORJ_2025-07-23_G03,10109622VITORJ,2025-07-23,109641,1,60,0,2455.0
10109622VITORJ_2025-07-23_G04,10109622VITORJ,2025-07-23,118140,1,85,0,499.0
10109622VITORJ_2025-07-23_G06,10109622VITORJ,2025-07-23,160055,1,16,0,303.0
10109622VITORJ_2025-07-23_G07,10109622VITORJ,2025-07-23,109641,1,20,0,287.0
10109622VITORJ_2025-07-23_G08,10109622VITORJ,2025-07-23,109645,1,10,0,217.0
10109622VITORJ_2025-07-23_G09,10109622VITORJ,2025-07-23,111793,1,4,0,1285.0
10109622VITORJ_2025-07-23_G10,10109622VITORJ,2025-07-23,105359,1,2,0,90.0
10109622VITORJ_2025-07-23_G11,10109622VITORJ,2025-07-23,110895,1,109,0,665.0
10109622VITORJ_2025-07-23_G12,10109622VITORJ,2025-07-23,110310,1,4,0,189.0
10109622VITORJ_2025-07-23_G13,10109622VITORJ,2025-07-23,110580,1,1,0,154.0
10109622VITORJ_2025-07-23_G14,10109622VITORJ,2025-07-23,115209,1,4,0,231.0
10109622VITORJ_2025-07-23_G15,10109622VITORJ,2025-07-23,117785,1,30,0,654.0
10109622VITORJ_2025-07-23_G16,10109622VITORJ,2025-07-23,118299,1,850,0,3234.0
10109622VITORJ_2025-07-23_G17,10109622VITORJ,2025-07-23,117808,1,581,0,2268.0
10109622VITORJ_2025-07-24_G02,10109622VITORJ,2025-07-24,111851,1,2,0,223.0
10109622VITORJ_2025-07-24_G03,10109622VITORJ,2025-07-24,117785,1,80,0,2414.0
10109622VITORJ_2025-07-24_G04,10109622VITORJ,2025-07-24,109974,1,8,0,1095.0
10109622VITORJ_2025-07-24_G05,10109622VITORJ,2025-07-24,110742,1,50,0,2055.0
10109622VITORJ_2025-07-24_G06,10109622VITORJ,2025-07-24,111569,1,86,0,1181.0
10109622VITORJ_2025-07-24_G07,10109622VITORJ,2025-07-24,111430,1,200,0,1447.0
10109622VITORJ_2025-07-24_G08,10109622VITORJ,2025-07-24,111441,1,75,0,1045.0
10109622VITORJ_2025-07-24_G09,10109622VITORJ,2025-07-24,111438,1,60,0,746.0
10109622VITORJ_2025-07-24_G11,10109622VITORJ,2025-07-24,118299,1,800,0,2181.0
10109622VITORJ_2025-07-24_G12,10109622VITORJ,2025-07-24,117808,1,172,0,1363.0
10109622VITORJ_2025-07-24_G13,10109622VITORJ,2025-07-24,111435,1,12,0,1769.0
10109622VITORJ_2025-07-24_G14,10109622VITORJ,2025-07-24,117842,1,10,0,741.0
10109622VITORJ_2025-07-24_G15,10109622VITORJ,2025-07-24,118299,1,10,0,215.0
10109622VITORJ_2025-07-24_G16,10109622VITORJ,2025-07-24,117808,1,4,0,154.0
10109622VITORJ_2025-07-25_G02,10109622VITORJ,2025-07-25,"110313, 117862",2,6,30,134.0
10109622VITORJ_2025-07-25_G03,10109622VITORJ,2025-07-25,117855,1,2,0,97.0
10109622VITORJ_2025-07-25_G04,10109622VITORJ,2025-07-25,110711,1,2,0,90.0
10109622VITORJ_2025-07-25_G05,10109622VITORJ,2025-07-25,111530,1,2,0,112.0
10109622VITORJ_2025-07-25_G06,10109622VITORJ,2025-07-25,111435,1,4,0,141.0
10109622VITORJ_2025-07-25_G07,10109622VITORJ,2025-07-25,111348,1,4,0,90.0
10109622VITORJ_2025-07-25_G08,10109622VITORJ,2025-07-25,111462,1,2,0,119.0
10109622VITORJ_2025-07-25_G09,10109622VITORJ,2025-07-25,118140,1,6,0,112.0
10109622VITORJ_2025-07-25_G10,10109622VITORJ,2025-07-25,117787,1,1,0,65.0
10109622VITORJ_2025-07-25_G11,10109622VITORJ,2025-07-25,108794,1,2,0,62.0
10109622VITORJ_2025-07-25_G12,10109622VITORJ,2025-07-25,117830,1,3,0,265.0
10109622VITORJ_2025-07-25_G13,10109622VITORJ,2025-07-25,118299,1,3,0,71.0
10109622VITORJ_2025-07-25_G14,10109622VITORJ,2025-07-25,110372,1,9,0,169.0
10109622VITORJ_2025-07-25_G15,10109622VITORJ,2025-07-25,110373,1,8,0,165.0
10109622VITORJ_2025-07-25_G16,10109622VITORJ,2025-07-25,117820,1,1,0,67.0
10109622VITORJ_2025-07-25_G17,10109622VITORJ,2025-07-25,141202,1,1,0,453.0
10109622VITORJ_2025-07-25_G18,10109622VITORJ,2025-07-25,109933,1,4,0,853.0
10109622VITORJ_2025-07-25_G19,10109622VITORJ,2025-07-25,111438,1,2,0,159.0
10109622VITORJ_2025-07-25_G20,10109622VITORJ,2025-07-25,100334,1,4,0,127.0
10109622VITORJ_2025-07-25_G21,10109622VITORJ,2025-07-25,118094,1,2,0,129.0
10109622VITORJ_2025-07-25_G22,10109622VITORJ,2025-07-25,117855,1,8,0,129.0
10109622VITORJ_2025-07-25_G23,10109622VITORJ,2025-07-25,110515,1,4,0,124.0
10109622VITORJ_2025-07-25_G24,10109622VITORJ,2025-07-25,108772,1,4,0,496.0
10109622VITORJ_2025-07-25_G25,10109622VITORJ,2025-07-25,111530,1,2,0,96.0
10109622VITORJ_2025-07-25_G26,10109622VITORJ,2025-07-25,108795,1,3,0,93.0
10109622VITORJ_2025-07-25_G27,10109622VITORJ,2025-07-25,111466,1,8,0,116.0
10109622VITORJ_2025-07-25_G28,10109622VITORJ,2025-07-25,111466,1,4,0,52.0
10109622VITORJ_2025-07-25_G29,10109622VITORJ,2025-07-25,118140,1,12,0,188.0
10109622VITORJ_2025-07-25_G30,10109622VITORJ,2025-07-25,141823,1,14,0,219.0
10109622VITORJ_2025-07-25_G31,10109622VITORJ,2025-07-25,107236,1,2,0,223.0
10109622VITORJ_2025-07-25_G32,10109622VITORJ,2025-07-25,111468,1,1,0,46.0
10109622VITORJ_2025-07-25_G33,10109622VITORJ,2025-07-25,118299,1,4,0,128.0
10109622VITORJ_2025-07-25_G34,10109622VITORJ,2025-07-25,110374,1,4,0,83.0
10109622VITORJ_2025-07-25_G35,10109622VITORJ,2025-07-25,110374,1,4,0,36.0
10109622VITORJ_2025-07-25_G36,10109622VITORJ,2025-07-25,110373,1,11,0,174.0
10109622VITORJ_2025-07-25_G37,10109622VITORJ,2025-07-25,117820,1,2,0,118.0
10109622VITORJ_2025-07-25_G38,10109622VITORJ,2025-07-25,141202,1,2,0,96.0
10109622VITORJ_2025-07-25_G39,10109622VITORJ,2025-07-25,111743,1,1,0,605.0
10109622VITORJ_2025-07-25_G40,10109622VITORJ,2025-07-25,120002,1,7,0,303.0
10109622VITORJ_2025-07-25_G41,10109622VITORJ,2025-07-25,120002,1,3,0,54.0
10109622VITORJ_2025-07-25_G42,10109622VITORJ,2025-07-25,110787,1,4,0,184.0
10109622VITORJ_2025-07-25_G43,10109622VITORJ,2025-07-25,110373,1,8,0,154.0
10109622VITORJ_2025-07-25_G44,10109622VITORJ,2025-07-25,110313,1,4,0,469.0
10109622VITORJ_2025-07-25_G45,10109622VITORJ,2025-07-25,110747,1,2,0,123.0
10109622VITORJ_2025-07-25_G46,10109622VITORJ,2025-07-25,111850,1,2,0,61.0
10109622VITORJ_2025-07-25_G47,10109622VITORJ,2025-07-25,111438,1,4,0,96.0
10109622VITORJ_2025-07-25_G48,10109622VITORJ,2025-07-25,100334,1,2,0,79.0
10109622VITORJ_2025-07-25_G49,10109622VITORJ,2025-07-25,108701,1,1,0,108.0
10109622VITORJ_2025-07-25_G50,10109622VITORJ,2025-07-25,118094,1,4,0,120.0
10109622VITORJ_2025-07-25_G51,10109622VITORJ,2025-07-25,111602,1,4,0,92.0
10109622VITORJ_2025-07-25_G52,10109622VITORJ,2025-07-25,107263,1,1,0,154.0
10109622VITORJ_2025-07-25_G53,10109622VITORJ,2025-07-25,105705,1,3,0,107.0
10109622VITORJ_2025-07-25_G54,10109622VITORJ,2025-07-25,111348,1,4,0,68.0
10109622VITORJ_2025-07-25_G55,10109622VITORJ,2025-07-25,111462,1,8,0,421.0
10109622VITORJ_2025-07-25_G56,10109622VITORJ,2025-07-25,111462,1,4,0,39.0
10109622VITORJ_2025-07-25_G57,10109622VITORJ,2025-07-25,117831,1,4,0,66.0
10109622VITORJ_2025-07-25_G58,10109622VITORJ,2025-07-25,118140,1,9,0,112.0
10109622VITORJ_2025-07-25_G59,10109622VITORJ,2025-07-25,117785,1,2,0,80.0
10109622VITORJ_2025-07-25_G60,10109622VITORJ,2025-07-25,141823,1,6,0,99.0
10109622VITORJ_2025-07-25_G62,10109622VITORJ,2025-07-25,108770,1,6,0,62.0
10109622VITORJ_2025-07-25_G63,10109622VITORJ,2025-07-25,108410,1,4,0,434.0
10109622VITORJ_2025-07-25_G64,10109622VITORJ,2025-07-25,110080,1,1,0,95.0
10109622VITORJ_2025-07-25_G65,10109622VITORJ,2025-07-25,110742,1,4,0,67.0
10109622VITORJ_2025-07-25_G66,10109622VITORJ,2025-07-25,111569,1,5,0,616.0
10109622VITORJ_2025-07-25_G67,10109622VITORJ,2025-07-25,108759,1,4,0,146.0
10109622VITORJ_2025-07-25_G68,10109622VITORJ,2025-07-25,117837,1,10,0,168.0
10109622VITORJ_2025-07-25_G69,10109622VITORJ,2025-07-25,110313,1,10,0,392.0
10109622VITORJ_2025-07-25_G70,10109622VITORJ,2025-07-25,117862,1,6,0,85.0
10109622VITORJ_2025-07-25_G71,10109622VITORJ,2025-07-25,117862,1,10,0,63.0
10109622VITORJ_2025-07-25_G72,10109622VITORJ,2025-07-25,117861,1,6,0,73.0
10109622VITORJ_2025-07-25_G73,10109622VITORJ,2025-07-25,117861,1,10,0,63.0
10109622VITORJ_2025-07-25_G74,10109622VITORJ,2025-07-25,117853,1,10,0,112.0
10109622VITORJ_2025-07-25_G75,10109622VITORJ,2025-07-25,117935,1,20,0,483.0
10109622VITORJ_2025-07-25_G76,10109622VITORJ,2025-07-25,118299,1,200,0,582.0
10109622VITORJ_2025-07-25_G77,10109622VITORJ,2025-07-25,110374,1,20,0,378.0
10109622VITORJ_2025-07-25_G78,10109622VITORJ,2025-07-25,110374,1,10,0,81.0
10109622VITORJ_2025-07-25_G79,10109622VITORJ,2025-07-25,110371,1,20,0,456.0
10109622VITORJ_2025-07-25_G80,10109622VITORJ,2025-07-25,110373,1,40,0,629.0
10109622VITORJ_2025-07-25_G81,10109622VITORJ,2025-07-25,110373,1,40,0,722.0
10109622VITORJ_2025-07-25_G82,10109622VITORJ,2025-07-25,117820,1,30,0,196.0
10109622VITORJ_2025-07-25_G83,10109622VITORJ,2025-07-25,117820,1,40,0,355.0
10109622VITORJ_2025-07-25_G84,10109622VITORJ,2025-07-25,117820,1,30,0,156.0
10109622VITORJ_2025-07-25_G85,10109622VITORJ,2025-07-25,141202,1,10,0,98.0
10109622VITORJ_2025-07-25_G86,10109622VITORJ,2025-07-25,110372,1,100,0,327.0
10109622VITORJ_2025-07-26_G02,10109622VITORJ,2025-07-26,100334,1,2,0,184.0
10109622VITORJ_2025-07-26_G03,10109622VITORJ,2025-07-26,110895,1,4,0,105.0
10109622VITORJ_2025-07-26_G04,10109622VITORJ,2025-07-26,118094,1,2,0,81.0
10109622VITORJ_2025-07-26_G05,10109622VITORJ,2025-07-26,110313,1,2,0,58.0
10109622VITORJ_2025-07-26_G06,10109622VITORJ,2025-07-26,117856,1,2,0,135.0
10109622VITORJ_2025-07-26_G07,10109622VITORJ,2025-07-26,111418,1,15,0,323.0
10109622VITORJ_2025-07-26_G08,10109622VITORJ,2025-07-26,108711,1,4,0,106.0
10109622VITORJ_2025-07-26_G09,10109622VITORJ,2025-07-26,111466,1,1,0,43.0
10109622VITORJ_2025-07-26_G10,10109622VITORJ,2025-07-26,118140,1,3,0,77.0
10109622VITORJ_2025-07-26_G11,10109622VITORJ,2025-07-26,117785,1,6,0,188.0
10109622VITORJ_2025-07-26_G12,10109622VITORJ,2025-07-26,118317,1,3,0,68.0
10109622VITORJ_2025-07-26_G13,10109622VITORJ,2025-07-26,111469,1,8,0,322.0
10109622VITORJ_2025-07-26_G14,10109622VITORJ,2025-07-26,110371,1,10,0,198.0
10109622VITORJ_2025-07-26_G15,10109622VITORJ,2025-07-26,117820,1,12,0,1738.0
10109622VITORJ_2025-07-26_G16,10109622VITORJ,2025-07-26,110372,1,4,0,61.0
10109622VITORJ_2025-07-26_G17,10109622VITORJ,2025-07-26,111463,1,2,0,217.0
10109622VITORJ_2025-07-26_G18,10109622VITORJ,2025-07-26,110325,1,2,0,82.0
10109622VITORJ_2025-07-26_G19,10109622VITORJ,2025-07-26,117830,1,2,0,38.0
10109622VITORJ_2025-07-26_G20,10109622VITORJ,2025-07-26,110371,1,1,0,155.0
10109622VITORJ_2025-07-26_G21,10109622VITORJ,2025-07-26,117808,1,4,0,131.0
10109622VITORJ_2025-07-26_G22,10109622VITORJ,2025-07-26,111569,1,4,0,1420.0
10109622VITORJ_2025-07-26_G23,10109622VITORJ,2025-07-26,160055,1,4,0,106.0
10109622VITORJ_2025-07-26_G24,10109622VITORJ,2025-07-26,"118223, 111433",2,14,0,547.0
10109622VITORJ_2025-07-26_G25,10109622VITORJ,2025-07-26,141823,1,7,0,118.0
10109622VITORJ_2025-07-27_G02,10109622VITORJ,2025-07-27,111466,1,60,0,501.0
10109622VITORJ_2025-07-27_G03,10109622VITORJ,2025-07-27,117821,1,28,0,344.0
10109622VITORJ_2025-07-27_G04,10109622VITORJ,2025-07-27,117833,1,36,0,376.0
10109622VITORJ_2025-07-27_G05,10109622VITORJ,2025-07-27,117785,1,76,0,468.0
10109622VITORJ_2025-07-27_G06,10109622VITORJ,2025-07-27,111463,1,40,0,800.0
10109622VITORJ_2025-07-27_G07,10109622VITORJ,2025-07-27,117831,1,58,0,1704.0
10109622VITORJ_2025-07-27_G08,10109622VITORJ,2025-07-27,117830,1,34,0,559.0
10109622VITORJ_2025-07-27_G09,10109622VITORJ,2025-07-27,117832,1,30,0,274.0
10109622VITORJ_2025-07-27_G10,10109622VITORJ,2025-07-27,117809,1,58,0,1177.0
10109622VITORJ_2025-07-27_G11,10109622VITORJ,2025-07-27,118299,1,30,0,515.0
10109622VITORJ_2025-07-27_G12,10109622VITORJ,2025-07-27,110373,1,18,0,531.0
10109622VITORJ_2025-07-27_G13,10109622VITORJ,2025-07-27,110374,1,9,0,126.0
10109622VITORJ_2025-07-27_G14,10109622VITORJ,2025-07-27,110374,1,4,0,333.0
10109622VITORJ_2025-07-27_G15,10109622VITORJ,2025-07-27,110374,1,18,0,197.0
10109622VITORJ_2025-07-27_G16,10109622VITORJ,2025-07-27,117820,1,18,0,183.0
10109622VITORJ_2025-07-27_G17,10109622VITORJ,2025-07-27,117822,1,6,0,174.0
10109622VITORJ_2025-07-27_G18,10109622VITORJ,2025-07-27,117808,1,76,0,487.0
10109622VITORJ_2025-07-28_G02,10109622VITORJ,2025-07-28,110755,1,40,0,2380.0
10109622VITORJ_2025-07-28_G03,10109622VITORJ,2025-07-28,111436,1,8,0,279.0
10109622VITORJ_2025-07-28_G04,10109622VITORJ,2025-07-28,111441,1,23,0,511.0
10109622VITORJ_2025-07-28_G05,10109622VITORJ,2025-07-28,111441,1,97,0,903.0
10109622VITORJ_2025-07-28_G06,10109622VITORJ,2025-07-28,118094,1,8,0,562.0
10109622VITORJ_2025-07-28_G07,10109622VITORJ,2025-07-28,111530,1,60,0,628.0
10109622VITORJ_2025-07-28_G08,10109622VITORJ,2025-07-28,111530,1,40,0,341.0
10109622VITORJ_2025-07-28_G09,10109622VITORJ,2025-07-28,111742,1,70,0,1693.0
10109622VITORJ_2025-07-28_G10,10109622VITORJ,2025-07-28,110376,1,10,0,213.0
10109622VITORJ_2025-07-28_G12,10109622VITORJ,2025-07-28,111431,1,150,0,1488.0
10109622VITORJ_2025-07-28_G13,10109622VITORJ,2025-07-28,111435,1,18,0,1681.0
10109622VITORJ_2025-07-28_G14,10109622VITORJ,2025-07-28,111172,1,6,0,127.0
10109622VITORJ_2025-07-28_G15,10109622VITORJ,2025-07-28,108795,1,11,0,134.0
10109622VITORJ_2025-07-28_G16,10109622VITORJ,2025-07-28,118285,1,16,0,252.0
10109622VITORJ_2025-07-28_G17,10109622VITORJ,2025-07-28,111418,1,75,0,354.0
10109622VITORJ_2025-07-28_G18,10109622VITORJ,2025-07-28,141456,1,150,0,934.0
10109622VITORJ_2025-07-28_G19,10109622VITORJ,2025-07-28,141458,1,150,0,1006.0
10109622VITORJ_2025-07-28_G20,10109622VITORJ,2025-07-28,108711,1,16,0,226.0
10109622VITORJ_2025-07-28_G21,10109622VITORJ,2025-07-28,110787,1,20,0,249.0
10109622VITORJ_2025-07-28_G22,10109622VITORJ,2025-07-28,111469,1,30,0,549.0
10109622VITORJ_2025-07-28_G23,10109622VITORJ,2025-07-28,111431,1,4,0,587.0
10109622VITORJ_2025-07-28_G24,10109622VITORJ,2025-07-28,141823,1,16,0,334.0
10109622VITORJ_2025-07-29_G02,10109622VITORJ,2025-07-29,117785,1,50,0,622.0
10109622VITORJ_2025-07-29_G03,10109622VITORJ,2025-07-29,111466,1,6,0,1413.0
10109622VITORJ_2025-07-29_G04,10109622VITORJ,2025-07-29,111469,1,12,0,160.0
10109622VITORJ_2025-07-29_G05,10109622VITORJ,2025-07-29,117830,1,8,0,124.0
10109622VITORJ_2025-07-29_G06,10109622VITORJ,2025-07-29,110373,1,12,0,536.0
10109622VITORJ_2025-07-29_G07,10109622VITORJ,2025-07-29,110374,1,8,0,69.0
10109622VITORJ_2025-07-29_G08,10109622VITORJ,2025-07-29,141456,1,32,0,381.0
10109622VITORJ_2025-07-29_G09,10109622VITORJ,2025-07-29,141458,1,32,0,1616.0
10109622VITORJ_2025-07-29_G10,10109622VITORJ,2025-07-29,141457,1,20,0,210.0
10109622VITORJ_2025-07-29_G11,10109622VITORJ,2025-07-29,109640,1,11,0,803.0
10109622VITORJ_2025-07-29_G12,10109622VITORJ,2025-07-29,141456,1,32,0,268.0
10109622VITORJ_2025-07-29_G13,10109622VITORJ,2025-07-29,141458,1,32,0,601.0
10109622VITORJ_2025-07-29_G14,10109622VITORJ,2025-07-29,141457,1,32,0,218.0
10109622VITORJ_2025-07-29_G15,10109622VITORJ,2025-07-29,141458,1,12,0,476.0
10109622VITORJ_2025-07-29_G16,10109622VITORJ,2025-07-29,141457,1,8,0,112.0
10109622VITORJ_2025-07-29_G17,10109622VITORJ,2025-07-29,141456,1,12,0,179.0
10109622VITORJ_2025-07-29_G18,10109622VITORJ,2025-07-29,141458,1,20,0,200.0
10109622VITORJ_2025-07-29_G19,10109622VITORJ,2025-07-29,141457,1,12,0,147.0
10109622VITORJ_2025-07-29_G21,10109622VITORJ,2025-07-29,118290,1,14,0,317.0
10109622VITORJ_2025-07-29_G22,10109622VITORJ,2025-07-29,110742,1,1,0,161.0
10109622VITORJ_2025-07-29_G23,10109622VITORJ,2025-07-29,111569,1,4,0,172.0
10109622VITORJ_2025-07-29_G24,10109622VITORJ,2025-07-29,111440,1,4,0,169.0
10109622VITORJ_2025-07-29_G25,10109622VITORJ,2025-07-29,100334,1,5,0,779.0
10109622VITORJ_2025-07-29_G26,10109622VITORJ,2025-07-29,111441,1,10,0,390.0
10109622VITORJ_2025-07-29_G27,10109622VITORJ,2025-07-29,110741,1,5,0,821.0
10109622VITORJ_2025-07-29_G28,10109622VITORJ,2025-07-29,111650,1,12,0,221.0
10109622VITORJ_2025-07-29_G29,10109622VITORJ,2025-07-29,117853,1,8,0,107.0
10109622VITORJ_2025-07-29_G30,10109622VITORJ,2025-07-29,141047,1,2,0,77.0
10109622VITORJ_2025-07-29_G31,10109622VITORJ,2025-07-29,110711,1,10,0,248.0
10109622VITORJ_2025-07-29_G32,10109622VITORJ,2025-07-29,110733,1,4,0,655.0
10109622VITORJ_2025-07-29_G33,10109622VITORJ,2025-07-29,110733,1,8,0,84.0
10109622VITORJ_2025-07-29_G34,10109622VITORJ,2025-07-29,117935,2,35,12,2928.0
10109622VITORJ_2025-07-29_G35,10109622VITORJ,2025-07-29,111530,2,63,7,485.0
10109622VITORJ_2025-07-30_G02,10109622VITORJ,2025-07-30,110515,1,3,0,126.0
10109622VITORJ_2025-07-30_G03,10109622VITORJ,2025-07-30,111172,1,5,0,524.0
10109622VITORJ_2025-07-30_G04,10109622VITORJ,2025-07-30,117785,1,12,0,227.0
10109622VITORJ_2025-07-30_G05,10109622VITORJ,2025-07-30,110740,1,3,0,125.0
10109622VITORJ_2025-07-30_G06,10109622VITORJ,2025-07-30,107830,1,2,0,199.0
10109622VITORJ_2025-07-30_G07,10109622VITORJ,2025-07-30,111463,1,3,0,56.0
10109622VITORJ_2025-07-30_G08,10109622VITORJ,2025-07-30,118299,1,50,0,1389.0
10109622VITORJ_2025-07-30_G09,10109622VITORJ,2025-07-30,110500,1,1,0,1390.0
10109622VITORJ_2025-07-30_G10,10109622VITORJ,2025-07-30,105359,1,2,0,229.0
10109622VITORJ_2025-07-30_G11,10109622VITORJ,2025-07-30,110733,1,3,0,264.0
10109622VITORJ_2025-07-30_G12,10109622VITORJ,2025-07-30,111442,1,4,0,142.0
10109622VITORJ_2025-07-30_G13,10109622VITORJ,2025-07-30,111469,1,18,0,319.0
10109622VITORJ_2025-07-30_G14,10109622VITORJ,2025-07-30,111442,1,2,0,257.0
10109622VITORJ_2025-07-30_G15,10109622VITORJ,2025-07-30,111850,1,2,0,3485.0
10109622VITORJ_2025-07-30_G17,10109622VITORJ,2025-07-30,111418,1,10,0,1243.0
10109622VITORJ_2025-07-30_G18,10109622VITORJ,2025-07-30,111418,1,8,0,63.0
10109622VITORJ_2025-07-30_G19,10109622VITORJ,2025-07-30,"111462, 118140, 141823, 118330",4,201,27,2928.0
10109622VITORJ_2025-07-30_G20,10109622VITORJ,2025-07-30,117821,1,51,0,439.0
10109622VITORJ_2025-07-30_G21,10109622VITORJ,2025-07-30,111743,1,43,0,3061.0
10109622VITORJ_2025-07-30_G22,10109622VITORJ,2025-07-30,111463,2,99,21,47.0
10109622VITORJ_2025-07-30_G23,10109622VITORJ,2025-07-30,110313,1,8,0,489.0
10109622VITORJ_2025-07-30_G24,10109622VITORJ,2025-07-30,109647,1,2,0,71.0
10109622VITORJ_2025-07-30_G25,10109622VITORJ,2025-07-30,111467,1,3,0,63.0
10109622VITORJ_2025-07-30_G26,10109622VITORJ,2025-07-30,117855,1,2,0,45.0
10109622VITORJ_2025-07-30_G27,10109622VITORJ,2025-07-30,108772,1,4,0,189.0
10109622VITORJ_2025-07-30_G28,10109622VITORJ,2025-07-30,110515,1,10,0,143.0
10109622VITORJ_2025-07-31_G02,10109622VITORJ,2025-07-31,117786,1,4,0,256.0
10109622VITORJ_2025-07-31_G03,10109622VITORJ,2025-07-31,109647,1,4,0,139.0
10109622VITORJ_2025-07-31_G04,10109622VITORJ,2025-07-31,111467,1,4,0,68.0
10109622VITORJ_2025-07-31_G05,10109622VITORJ,2025-07-31,110515,1,6,0,135.0
10109622VITORJ_2025-07-31_G06,10109622VITORJ,2025-07-31,118290,1,3,0,1114.0
10109622VITORJ_2025-07-31_G07,10109622VITORJ,2025-07-31,111330,1,3,0,240.0
10109622VITORJ_2025-07-31_G08,10109622VITORJ,2025-07-31,111602,1,8,0,322.0
10109622VITORJ_2025-07-31_G09,10109622VITORJ,2025-07-31,111172,1,2,0,389.0
10109622VITORJ_2025-07-31_G10,10109622VITORJ,2025-07-31,111172,1,10,0,380.0
10109622VITORJ_2025-07-31_G11,10109622VITORJ,2025-07-31,111469,1,24,0,506.0
10109622VITORJ_2025-07-31_G12,10109622VITORJ,2025-07-31,116241,1,8,0,559.0
10109622VITORJ_2025-07-31_G13,10109622VITORJ,2025-07-31,110745,1,10,0,1922.0
10109622VITORJ_2025-07-31_G14,10109622VITORJ,2025-07-31,111444,1,6,0,2402.0
10109622VITORJ_2025-07-31_G15,10109622VITORJ,2025-07-31,110740,1,15,0,160.0
10109622VITORJ_2025-07-31_G16,10109622VITORJ,2025-07-31,141457,1,180,0,1037.0
10109622VITORJ_2025-07-31_G17,10109622VITORJ,2025-07-31,111468,1,12,0,208.0
10109622VITORJ_2025-08-05_G02,10109622VITORJ,2025-08-05,111172,1,10,0,310.0
10109622VITORJ_2025-08-05_G03,10109622VITORJ,2025-08-05,111532,1,10,0,210.0
10109622VITORJ_2025-08-05_G04,10109622VITORJ,2025-08-05,117821,1,6,0,158.0
10109622VITORJ_2025-08-05_G05,10109622VITORJ,2025-08-05,111466,1,24,0,578.0
10109622VITORJ_2025-08-05_G06,10109622VITORJ,2025-08-05,111443,1,2,0,133.0
10109622VITORJ_2025-08-05_G07,10109622VITORJ,2025-08-05,117833,1,4,0,106.0
10109622VITORJ_2025-08-05_G08,10109622VITORJ,2025-08-05,111182,1,1,0,81.0
10109622VITORJ_2025-08-05_G09,10109622VITORJ,2025-08-05,111469,1,10,0,158.0
10109622VITORJ_2025-08-05_G10,10109622VITORJ,2025-08-05,111418,1,50,0,1455.0
10109622VITORJ_2025-08-05_G11,10109622VITORJ,2025-08-05,111468,1,10,0,156.0
10109622VITORJ_2025-08-05_G12,10109622VITORJ,2025-08-05,109645,1,3,0,58.0
10109622VITORJ_2025-08-05_G13,10109622VITORJ,2025-08-05,111433,1,8,0,219.0
10109622VITORJ_2025-08-05_G14,10109622VITORJ,2025-08-05,111465,1,24,0,302.0
10109622VITORJ_2025-08-05_G15,10109622VITORJ,2025-08-05,140922,1,4,0,162.0
10109622VITORJ_2025-08-05_G16,10109622VITORJ,2025-08-05,140922,1,4,0,37.0
10109622VITORJ_2025-08-05_G17,10109622VITORJ,2025-08-05,141066,1,10,0,374.0
10109622VITORJ_2025-08-05_G18,10109622VITORJ,2025-08-05,111876,1,9,0,166.0
10109622VITORJ_2025-08-05_G19,10109622VITORJ,2025-08-05,118094,1,30,0,1081.0
10109622VITORJ_2025-08-05_G20,10109622VITORJ,2025-08-05,117862,1,30,0,383.0
10109622VITORJ_2025-08-06_G02,10109622VITORJ,2025-08-06,109640,1,8,0,82.0
10109622VITORJ_2025-08-06_G03,10109622VITORJ,2025-08-06,111602,1,1,0,1413.0
10109622VITORJ_2025-08-06_G04,10109622VITORJ,2025-08-06,117856,1,6,0,245.0
10109622VITORJ_2025-08-06_G05,10109622VITORJ,2025-08-06,117856,1,11,0,105.0
10109622VITORJ_2025-08-06_G06,10109622VITORJ,2025-08-06,108772,1,1,0,128.0
10109622VITORJ_2025-08-06_G07,10109622VITORJ,2025-08-06,111438,1,48,0,269.0
10109622VITORJ_2025-08-06_G09,10109622VITORJ,2025-08-06,110515,1,100,0,447.0
10109622VITORJ_2025-08-06_G11,10109622VITORJ,2025-08-06,105242,1,8,0,155.0
10109622VITORJ_2025-08-06_G12,10109622VITORJ,2025-08-06,110752,1,6,0,343.0
10109622VITORJ_2025-08-06_G13,10109622VITORJ,2025-08-06,110339,1,13,0,449.0
10109622VITORJ_2025-08-06_G14,10109622VITORJ,2025-08-06,118094,1,25,0,344.0
10109622VITORJ_2025-08-06_G15,10109622VITORJ,2025-08-06,117862,1,16,0,208.0
10109622VITORJ_2025-08-06_G16,10109622VITORJ,2025-08-06,117855,1,30,0,1995.0
10109622VITORJ_2025-08-06_G17,10109622VITORJ,2025-08-06,"111876, 109640",3,53,13,449.0
10109622VITORJ_2025-08-06_G18,10109622VITORJ,2025-08-06,117856,1,20,0,1121.0
10109622VITORJ_2025-08-06_G19,10109622VITORJ,2025-08-06,117786,1,362,0,2772.0
10109622VITORJ_2025-08-07_G02,10109622VITORJ,2025-08-07,111445,1,4,0,1983.0
10109622VITORJ_2025-08-07_G03,10109622VITORJ,2025-08-07,140911,1,24,0,1025.0
10109622VITORJ_2025-08-07_G04,10109622VITORJ,2025-08-07,141313,1,30,0,1800.0
10109622VITORJ_2025-08-07_G05,10109622VITORJ,2025-08-07,111602,1,4,0,399.0
10109622VITORJ_2025-08-07_G06,10109622VITORJ,2025-08-07,140922,1,1,0,123.0
10109622VITORJ_2025-08-07_G07,10109622VITORJ,2025-08-07,110748,1,2,0,450.0
10109622VITORJ_2025-08-07_G09,10109622VITORJ,2025-08-07,140922,1,2,0,219.0
10109622VITORJ_2025-08-07_G10,10109622VITORJ,2025-08-07,111466,1,2,0,48.0
10109622VITORJ_2025-08-07_G11,10109622VITORJ,2025-08-07,111465,1,2,0,119.0
10109622VITORJ_2025-08-07_G12,10109622VITORJ,2025-08-07,111433,1,2,0,124.0
10109622VITORJ_2025-08-07_G13,10109622VITORJ,2025-08-07,117809,1,4,0,258.0
10109622VITORJ_2025-08-07_G14,10109622VITORJ,2025-08-07,118299,1,38,0,470.0
10109622VITORJ_2025-08-07_G15,10109622VITORJ,2025-08-07,110373,1,2,0,108.0
10109622VITORJ_2025-08-07_G16,10109622VITORJ,2025-08-07,110373,1,132,0,1448.0
10109622VITORJ_2025-08-07_G17,10109622VITORJ,2025-08-07,110752,1,4,0,202.0
10109622VITORJ_2025-08-07_G18,10109622VITORJ,2025-08-07,141456,1,10,0,2619.0
10109622VITORJ_2025-08-07_G19,10109622VITORJ,2025-08-07,118222,1,12,0,609.0
10109622VITORJ_2025-08-07_G20,10109622VITORJ,2025-08-07,110755,1,4,0,131.0
10109622VITORJ_2025-08-07_G21,10109622VITORJ,2025-08-07,100334,1,16,0,679.0
10109622VITORJ_2025-08-07_G22,10109622VITORJ,2025-08-07,108759,1,6,0,117.0
10109622VITORJ_2025-08-07_G23,10109622VITORJ,2025-08-07,118306,1,16,0,754.0
10109622VITORJ_2025-08-07_G24,10109622VITORJ,2025-08-07,117835,1,20,0,416.0
10109622VITORJ_2025-08-08_G02,10109622VITORJ,2025-08-08,117855,1,24,0,185.0
10109622VITORJ_2025-08-08_G03,10109622VITORJ,2025-08-08,107629,1,6,0,179.0
10109622VITORJ_2025-08-08_G04,10109622VITORJ,2025-08-08,110339,1,8,0,201.0
10109622VITORJ_2025-08-08_G05,10109622VITORJ,2025-08-08,111602,1,18,0,237.0
10109622VITORJ_2025-08-08_G06,10109622VITORJ,2025-08-08,117786,1,8,0,854.0
10109622VITORJ_2025-08-08_G07,10109622VITORJ,2025-08-08,110733,1,6,0,141.0
10109622VITORJ_2025-08-08_G08,10109622VITORJ,2025-08-08,141047,1,12,0,331.0
10109622VITORJ_2025-08-08_G09,10109622VITORJ,2025-08-08,109647,1,8,0,118.0
10109622VITORJ_2025-08-08_G10,10109622VITORJ,2025-08-08,110711,1,12,0,150.0
10109622VITORJ_2025-08-08_G11,10109622VITORJ,2025-08-08,110752,1,10,0,249.0
10109622VITORJ_2025-08-08_G12,10109622VITORJ,2025-08-08,109640,1,16,0,574.0
10109622VITORJ_2025-08-08_G13,10109622VITORJ,2025-08-08,118299,1,150,0,2644.0
10109622VITORJ_2025-08-08_G14,10109622VITORJ,2025-08-08,117808,1,36,0,451.0
10109622VITORJ_2025-08-08_G15,10109622VITORJ,2025-08-08,118299,1,2,0,658.0
10109622VITORJ_2025-08-08_G16,10109622VITORJ,2025-08-08,110374,1,2,0,398.0
10109622VITORJ_2025-08-08_G17,10109622VITORJ,2025-08-08,110373,1,30,0,45.0
10109622VITORJ_2025-08-08_G18,10109622VITORJ,2025-08-08,111418,1,200,0,1665.0
10109622VITORJ_2025-08-08_G19,10109622VITORJ,2025-08-08,108795,1,2,0,424.0
10109622VITORJ_2025-08-08_G20,10109622VITORJ,2025-08-08,117821,1,10,0,89.0
10109622VITORJ_2025-08-08_G21,10109622VITORJ,2025-08-08,110748,1,2,0,208.0
10109622VITORJ_2025-08-08_G22,10109622VITORJ,2025-08-08,118317,1,12,0,179.0
10109622VITORJ_2025-08-08_G24,10109622VITORJ,2025-08-08,117809,1,20,0,533.0
10109622VITORJ_2025-08-08_G25,10109622VITORJ,2025-08-08,111832,1,6,0,650.0
10109622VITORJ_2025-08-08_G26,10109622VITORJ,2025-08-08,118251,1,8,0,125.0
10109622VITORJ_2025-08-08_G27,10109622VITORJ,2025-08-08,118417,1,19,0,486.0
10109622VITORJ_2025-08-08_G28,10109622VITORJ,2025-08-08,117855,1,4,0,125.0
10109622VITORJ_2025-08-08_G29,10109622VITORJ,2025-08-08,110339,1,4,0,460.0
10109622VITORJ_2025-08-08_G30,10109622VITORJ,2025-08-08,117862,1,8,0,113.0
10109622VITORJ_2025-08-08_G31,10109622VITORJ,2025-08-08,117853,1,20,0,258.0
10109622VITORJ_2025-08-08_G32,10109622VITORJ,2025-08-08,111467,1,12,0,215.0
10109622VITORJ_2025-08-08_G33,10109622VITORJ,2025-08-08,110515,1,10,0,156.0
10109622VITORJ_2025-08-08_G34,10109622VITORJ,2025-08-08,111532,1,8,0,290.0
10109622VITORJ_2025-08-08_G35,10109622VITORJ,2025-08-08,108711,1,4,0,261.0
10109622VITORJ_2025-08-08_G36,10109622VITORJ,2025-08-08,105705,1,4,0,103.0
10109622VITORJ_2025-08-08_G37,10109622VITORJ,2025-08-08,140922,1,8,0,140.0
10109622VITORJ_2025-08-08_G38,10109622VITORJ,2025-08-08,111348,1,4,0,66.0
10109622VITORJ_2025-08-08_G39,10109622VITORJ,2025-08-08,111330,1,4,0,53.0
10109622VITORJ_2025-08-08_G40,10109622VITORJ,2025-08-08,117831,1,4,0,101.0
10109622VITORJ_2025-08-08_G41,10109622VITORJ,2025-08-08,141456,1,8,0,154.0
10109622VITORJ_2025-08-08_G42,10109622VITORJ,2025-08-08,118317,1,4,0,132.0
10109622VITORJ_2025-08-08_G43,10109622VITORJ,2025-08-08,141823,1,4,0,135.0
10109622VITORJ_2025-08-08_G44,10109622VITORJ,2025-08-08,141458,1,4,0,69.0
10109622VITORJ_2025-08-08_G45,10109622VITORJ,2025-08-08,109643,1,4,0,139.0
10109622VITORJ_2025-08-08_G46,10109622VITORJ,2025-08-08,117832,1,10,0,335.0
10109622VITORJ_2025-08-08_G47,10109622VITORJ,2025-08-08,117809,1,20,0,161.0
10109622VITORJ_2025-08-08_G48,10109622VITORJ,2025-08-08,110374,1,6,0,170.0
10109622VITORJ_2025-08-08_G49,10109622VITORJ,2025-08-08,110374,1,4,0,112.0
10109622VITORJ_2025-08-08_G50,10109622VITORJ,2025-08-08,141202,1,4,0,95.0
10109622VITORJ_2025-08-08_G51,10109622VITORJ,2025-08-08,111330,1,4,0,571.0
10109622VITORJ_2025-08-08_G52,10109622VITORJ,2025-08-08,117809,1,20,0,191.0
10109622VITORJ_2025-08-08_G53,10109622VITORJ,2025-08-08,111532,1,8,0,122.0
10109622VITORJ_2025-08-08_G54,10109622VITORJ,2025-08-08,117821,1,10,0,120.0
10109622VITORJ_2025-08-08_G55,10109622VITORJ,2025-08-08,108711,1,4,0,127.0
10109622VITORJ_2025-08-08_G56,10109622VITORJ,2025-08-08,105705,1,4,0,154.0
10109622VITORJ_2025-08-08_G57,10109622VITORJ,2025-08-08,140922,1,8,0,119.0
10109622VITORJ_2025-08-08_G58,10109622VITORJ,2025-08-08,111348,1,4,0,94.0
10109622VITORJ_2025-08-08_G59,10109622VITORJ,2025-08-08,111330,1,1,0,42.0
10109622VITORJ_2025-08-08_G60,10109622VITORJ,2025-08-08,117831,1,4,0,139.0
10109622VITORJ_2025-08-08_G61,10109622VITORJ,2025-08-08,118317,1,4,0,379.0
10109622VITORJ_2025-08-08_G62,10109622VITORJ,2025-08-08,108794,1,10,0,133.0
10109622VITORJ_2025-08-08_G63,10109622VITORJ,2025-08-08,111442,1,4,0,80.0
10109622VITORJ_2025-08-08_G64,10109622VITORJ,2025-08-08,141823,1,4,0,96.0
10109622VITORJ_2025-08-08_G65,10109622VITORJ,2025-08-08,141458,1,4,0,111.0
10109622VITORJ_2025-08-08_G66,10109622VITORJ,2025-08-08,117862,1,8,0,427.0
10109622VITORJ_2025-08-08_G67,10109622VITORJ,2025-08-08,117855,1,4,0,324.0
10109622VITORJ_2025-08-09_G02,10109622VITORJ,2025-08-09,118094,1,20,0,285.0
10109622VITORJ_2025-08-09_G03,10109622VITORJ,2025-08-09,111467,1,12,0,262.0
10109622VITORJ_2025-08-09_G04,10109622VITORJ,2025-08-09,110515,1,10,0,1875.0
10109622VITORJ_2025-08-09_G05,10109622VITORJ,2025-08-09,111330,1,4,0,1994.0
10109622VITORJ_2025-08-09_G06,10109622VITORJ,2025-08-09,117809,1,20,0,497.0
10109622VITORJ_2025-08-09_G07,10109622VITORJ,2025-08-09,111330,1,4,0,70.0
10109622VITORJ_2025-08-09_G08,10109622VITORJ,2025-08-09,117809,1,20,0,224.0
10109622VITORJ_2025-08-10_G02,10109622VITORJ,2025-08-10,117821,1,8,0,154.0
10109622VITORJ_2025-08-10_G03,10109622VITORJ,2025-08-10,105705,1,4,0,180.0
10109622VITORJ_2025-08-10_G04,10109622VITORJ,2025-08-10,140922,1,2,0,84.0
10109622VITORJ_2025-08-10_G05,10109622VITORJ,2025-08-10,111330,1,10,0,168.0
10109622VITORJ_2025-08-10_G06,10109622VITORJ,2025-08-10,111443,1,10,0,629.0
10109622VITORJ_2025-08-10_G07,10109622VITORJ,2025-08-10,117831,1,2,0,214.0
10109622VITORJ_2025-08-10_G08,10109622VITORJ,2025-08-10,117785,1,80,0,407.0
10109622VITORJ_2025-08-10_G09,10109622VITORJ,2025-08-10,141823,2,6,22,131.0
10109622VITORJ_2025-08-10_G10,10109622VITORJ,2025-08-10,111418,1,82,0,570.0
10109622VITORJ_2025-08-10_G11,10109622VITORJ,2025-08-10,111469,1,3,0,121.0
10109622VITORJ_2025-08-10_G12,10109622VITORJ,2025-08-10,111466,1,5,0,323.0
10109622VITORJ_2025-08-10_G13,10109622VITORJ,2025-08-10,111466,1,2,0,31.0
10109622VITORJ_2025-08-10_G14,10109622VITORJ,2025-08-10,118317,1,20,0,651.0
10109622VITORJ_2025-08-11_G02,10109622VITORJ,2025-08-11,107892,1,2,0,563.0
10109622VITORJ_2025-08-11_G03,10109622VITORJ,2025-08-11,111463,1,2,0,541.0
10109622VITORJ_2025-08-11_G04,10109622VITORJ,2025-08-11,117787,1,2,0,124.0
10109622VITORJ_2025-08-11_G05,10109622VITORJ,2025-08-11,107236,1,2,0,261.0
10109622VITORJ_2025-08-11_G06,10109622VITORJ,2025-08-11,108794,1,1,0,837.0
10109622VITORJ_2025-08-11_G07,10109622VITORJ,2025-08-11,110372,1,3,0,1281.0
10109622VITORJ_2025-08-11_G08,10109622VITORJ,2025-08-11,110376,1,6,0,236.0
10109622VITORJ_2025-08-11_G09,10109622VITORJ,2025-08-11,110372,1,10,0,778.0
10109622VITORJ_2025-08-11_G10,10109622VITORJ,2025-08-11,110325,1,1,0,144.0
10109622VITORJ_2025-08-11_G11,10109622VITORJ,2025-08-11,109643,1,3,0,125.0
10109622VITORJ_2025-08-11_G12,10109622VITORJ,2025-08-11,110376,1,2,0,113.0
10109622VITORJ_2025-08-11_G13,10109622VITORJ,2025-08-11,141202,1,6,0,123.0
10109622VITORJ_2025-08-11_G14,10109622VITORJ,2025-08-11,109471,1,2,0,346.0
10109622VITORJ_2025-08-11_G15,10109622VITORJ,2025-08-11,107629,1,2,0,241.0
10109622VITORJ_2025-08-11_G16,10109622VITORJ,2025-08-11,117786,1,1,0,129.0
10109622VITORJ_2025-08-11_G17,10109622VITORJ,2025-08-11,109641,1,2,0,234.0
10109622VITORJ_2025-08-11_G18,10109622VITORJ,2025-08-11,117821,1,2,0,104.0
10109622VITORJ_2025-08-11_G19,10109622VITORJ,2025-08-11,111463,1,6,0,122.0
10109622VITORJ_2025-08-11_G20,10109622VITORJ,2025-08-11,110372,1,9,0,372.0
10109622VITORJ_2025-08-11_G21,10109622VITORJ,2025-08-11,110325,1,1,0,58.0
10109622VITORJ_2025-08-11_G22,10109622VITORJ,2025-08-11,110325,1,1,0,183.0
10109622VITORJ_2025-08-11_G23,10109622VITORJ,2025-08-11,118299,1,20,0,259.0
10109622VITORJ_2025-08-11_G24,10109622VITORJ,2025-08-11,110741,1,1,0,77.0
10109622VITORJ_2025-08-11_G25,10109622VITORJ,2025-08-11,117855,1,5,0,327.0
10109622VITORJ_2025-08-11_G26,10109622VITORJ,2025-08-11,109640,1,2,0,418.0
10109622VITORJ_2025-08-11_G27,10109622VITORJ,2025-08-11,108772,1,3,0,90.0
10109622VITORJ_2025-08-11_G28,10109622VITORJ,2025-08-11,108772,1,2,0,41.0
10109622VITORJ_2025-08-11_G29,10109622VITORJ,2025-08-11,111467,1,4,0,178.0
10109622VITORJ_2025-08-11_G30,10109622VITORJ,2025-08-11,107629,1,6,0,457.0
10109622VITORJ_2025-08-11_G31,10109622VITORJ,2025-08-11,117862,1,3,0,45.0
10109622VITORJ_2025-08-11_G32,10109622VITORJ,2025-08-11,117831,1,8,0,971.0
10109622VITORJ_2025-08-11_G34,10109622VITORJ,2025-08-11,141456,1,22,0,3324.0
10109622VITORJ_2025-08-11_G35,10109622VITORJ,2025-08-11,117785,1,20,0,217.0
10109622VITORJ_2025-08-12_G02,10109622VITORJ,2025-08-12,117820,1,40,0,621.0
10109622VITORJ_2025-08-12_G03,10109622VITORJ,2025-08-12,110371,1,30,0,551.0
10109622VITORJ_2025-08-12_G04,10109622VITORJ,2025-08-12,110373,1,40,0,382.0
10109622VITORJ_2025-08-12_G05,10109622VITORJ,2025-08-12,117820,1,40,0,501.0
10109622VITORJ_2025-08-12_G06,10109622VITORJ,2025-08-12,141456,1,30,0,877.0
10109622VITORJ_2025-08-12_G07,10109622VITORJ,2025-08-12,110371,1,30,0,208.0
10109622VITORJ_2025-08-12_G08,10109622VITORJ,2025-08-12,110373,1,40,0,458.0
10109622VITORJ_2025-08-12_G09,10109622VITORJ,2025-08-12,117820,1,40,0,883.0
10109622VITORJ_2025-08-12_G11,10109622VITORJ,2025-08-12,117820,1,40,0,829.0
10109622VITORJ_2025-08-12_G12,10109622VITORJ,2025-08-12,110371,1,20,0,706.0
10109622VITORJ_2025-08-12_G14,10109622VITORJ,2025-08-12,110733,1,8,0,322.0
10109622VITORJ_2025-08-12_G15,10109622VITORJ,2025-08-12,141456,1,12,0,352.0
10109622VITORJ_2025-08-12_G16,10109622VITORJ,2025-08-12,141456,1,12,0,99.0
10109622VITORJ_2025-08-12_G17,10109622VITORJ,2025-08-12,141458,1,4,0,170.0
10109622VITORJ_2025-08-12_G18,10109622VITORJ,2025-08-12,160054,1,4,0,204.0
10109622VITORJ_2025-08-12_G19,10109622VITORJ,2025-08-12,160051,1,5,0,131.0
10109622VITORJ_2025-08-12_G20,10109622VITORJ,2025-08-12,141458,1,24,0,543.0
10109622VITORJ_2025-08-12_G21,10109622VITORJ,2025-08-12,160053,1,2,0,89.0
10109622VITORJ_2025-08-12_G22,10109622VITORJ,2025-08-12,160054,1,12,0,320.0
10109622VITORJ_2025-08-12_G23,10109622VITORJ,2025-08-12,117820,1,145,0,1418.0
10109622VITORJ_2025-08-12_G24,10109622VITORJ,2025-08-12,160052,1,5,0,341.0
10109622VITORJ_2025-08-12_G25,10109622VITORJ,2025-08-12,160051,1,40,0,149.0
10109622VITORJ_2025-08-12_G26,10109622VITORJ,2025-08-12,110373,1,208,0,625.0
10109622VITORJ_2025-08-13_G02,10109622VITORJ,2025-08-13,117854,1,4,0,115.0
10109622VITORJ_2025-08-13_G03,10109622VITORJ,2025-08-13,117855,1,24,0,434.0
10109622VITORJ_2025-08-13_G04,10109622VITORJ,2025-08-13,107629,1,8,0,125.0
10109622VITORJ_2025-08-13_G05,10109622VITORJ,2025-08-13,110339,1,36,0,824.0
10109622VITORJ_2025-08-13_G06,10109622VITORJ,2025-08-13,118298,1,3,0,120.0
10109622VITORJ_2025-08-13_G07,10109622VITORJ,2025-08-13,117861,1,20,0,416.0
10109622VITORJ_2025-08-13_G08,10109622VITORJ,2025-08-13,109647,1,7,0,660.0
10109622VITORJ_2025-08-13_G09,10109622VITORJ,2025-08-13,141047,1,20,0,699.0
10109622VITORJ_2025-08-13_G10,10109622VITORJ,2025-08-13,108772,1,5,0,157.0
10109622VITORJ_2025-08-13_G11,10109622VITORJ,2025-08-13,111467,1,24,0,57.0
10109622VITORJ_2025-08-13_G12,10109622VITORJ,2025-08-13,105242,1,8,0,388.0
10109622VITORJ_2025-08-13_G13,10109622VITORJ,2025-08-13,110515,1,55,0,574.0
10109622VITORJ_2025-08-13_G14,10109622VITORJ,2025-08-13,110752,1,8,0,318.0
10109622VITORJ_2025-08-13_G15,10109622VITORJ,2025-08-13,117837,1,20,0,301.0
10109622VITORJ_2025-08-13_G16,10109622VITORJ,2025-08-13,117853,1,20,0,679.0
10109622VITORJ_2025-08-13_G19,10109622VITORJ,2025-08-13,108794,1,46,0,389.0
10109622VITORJ_2025-08-13_G20,10109622VITORJ,2025-08-13,118223,1,4,0,253.0
10109622VITORJ_2025-08-13_G21,10109622VITORJ,2025-08-13,110745,1,59,0,1281.0
10109622VITORJ_2025-08-13_G22,10109622VITORJ,2025-08-13,118317,1,34,0,503.0
10109622VITORJ_2025-08-13_G23,10109622VITORJ,2025-08-13,111433,1,8,0,280.0
10109622VITORJ_2025-08-13_G24,10109622VITORJ,2025-08-13,107263,1,4,0,1491.0
10109622VITORJ_2025-08-13_G25,10109622VITORJ,2025-08-13,117833,1,9,0,249.0
10109622VITORJ_2025-08-13_G26,10109622VITORJ,2025-08-13,108798,1,19,0,247.0
10109622VITORJ_2025-08-13_G27,10109622VITORJ,2025-08-13,111468,1,120,0,211.0
10109622VITORJ_2025-08-14_G02,10109622VITORJ,2025-08-14,107236,1,100,0,540.0
10109622VITORJ_2025-08-14_G03,10109622VITORJ,2025-08-14,141823,1,350,0,1789.0
10109622VITORJ_2025-08-14_G04,10109622VITORJ,2025-08-14,111469,1,20,0,213.0
10109622VITORJ_2025-08-14_G05,10109622VITORJ,2025-08-14,141823,1,550,0,3348.0
10109622VITORJ_2025-08-14_G06,10109622VITORJ,2025-08-14,111761,1,8,0,889.0
10109622VITORJ_2025-08-14_G07,10109622VITORJ,2025-08-14,111743,1,3,0,98.0
10109622VITORJ_2025-08-14_G08,10109622VITORJ,2025-08-14,110375,1,5,0,605.0
10109622VITORJ_2025-08-14_G09,10109622VITORJ,2025-08-14,111463,1,12,0,417.0
10109622VITORJ_2025-08-14_G10,10109622VITORJ,2025-08-14,110372,1,19,0,230.0
10109622VITORJ_2025-08-14_G11,10109622VITORJ,2025-08-14,110895,1,14,0,699.0
10109622VITORJ_2025-08-14_G12,10109622VITORJ,2025-08-14,117786,1,40,0,610.0
10109622VITORJ_2025-08-14_G13,10109622VITORJ,2025-08-14,111530,1,8,0,224.0
10109622VITORJ_2025-08-14_G14,10109622VITORJ,2025-08-14,111463,1,91,0,382.0
10109622VITORJ_2025-08-14_G15,10109622VITORJ,2025-08-14,110372,1,2,0,496.0
10109622VITORJ_2025-08-14_G16,10109622VITORJ,2025-08-14,110372,1,19,0,106.0
10109622VITORJ_2025-08-14_G18,10109622VITORJ,2025-08-14,117808,1,100,0,534.0
10109622VITORJ_2025-08-14_G19,10109622VITORJ,2025-08-14,117785,1,30,0,883.0
10109622VITORJ_2025-08-14_G20,10109622VITORJ,2025-08-14,117809,1,20,0,304.0
10109622VITORJ_2025-08-14_G21,10109622VITORJ,2025-08-14,117785,1,20,0,437.0
10109622VITORJ_2025-08-14_G22,10109622VITORJ,2025-08-14,117809,1,20,0,161.0
10109622VITORJ_2025-08-14_G23,10109622VITORJ,2025-08-14,111418,1,60,0,700.0
10109622VITORJ_2025-08-14_G24,10109622VITORJ,2025-08-14,117808,1,100,0,326.0
10109622VITORJ_2025-08-14_G25,10109622VITORJ,2025-08-14,111418,1,60,0,859.0
10109622VITORJ_2025-08-14_G26,10109622VITORJ,2025-08-14,117809,1,20,0,695.0
10109622VITORJ_2025-08-14_G27,10109622VITORJ,2025-08-14,117785,1,30,0,939.0
10109622VITORJ_2025-08-14_G28,10109622VITORJ,2025-08-14,117808,1,100,0,1019.0
10109622VITORJ_2025-08-15_G02,10109622VITORJ,2025-08-15,160057,1,6,0,369.0
10109622VITORJ_2025-08-15_G03,10109622VITORJ,2025-08-15,109641,1,9,0,397.0
10109622VITORJ_2025-08-15_G04,10109622VITORJ,2025-08-15,105705,1,7,0,132.0
10109622VITORJ_2025-08-15_G05,10109622VITORJ,2025-08-15,111463,1,2,0,42.0
10109622VITORJ_2025-08-15_G06,10109622VITORJ,2025-08-15,160055,1,4,0,157.0
10109622VITORJ_2025-08-15_G07,10109622VITORJ,2025-08-15,117821,1,6,0,87.0
10109622VITORJ_2025-08-15_G08,10109622VITORJ,2025-08-15,111182,1,4,0,122.0
10109622VITORJ_2025-08-15_G09,10109622VITORJ,2025-08-15,109645,1,12,0,193.0
10109622VITORJ_2025-08-15_G10,10109622VITORJ,2025-08-15,118140,1,4,0,295.0
10109622VITORJ_2025-08-15_G11,10109622VITORJ,2025-08-15,160054,1,8,0,215.0
10109622VITORJ_2025-08-15_G12,10109622VITORJ,2025-08-15,117820,1,14,0,583.0
10109622VITORJ_2025-08-15_G13,10109622VITORJ,2025-08-15,110374,1,8,0,125.0
10109622VITORJ_2025-08-15_G14,10109622VITORJ,2025-08-15,160051,1,14,0,140.0
10109622VITORJ_2025-08-15_G15,10109622VITORJ,2025-08-15,118299,1,12,0,267.0
10109622VITORJ_2025-08-15_G16,10109622VITORJ,2025-08-15,140922,1,4,0,1240.0
10109622VITORJ_2025-08-15_G17,10109622VITORJ,2025-08-15,111463,1,15,0,115.0
10109622VITORJ_2025-08-15_G18,10109622VITORJ,2025-08-15,111348,1,1,0,37.0
10109622VITORJ_2025-08-15_G19,10109622VITORJ,2025-08-15,111418,1,10,0,105.0
10109622VITORJ_2025-08-15_G20,10109622VITORJ,2025-08-15,111431,1,2,0,81.0
10109622VITORJ_2025-08-15_G21,10109622VITORJ,2025-08-15,118140,1,4,0,141.0
10109622VITORJ_2025-08-15_G22,10109622VITORJ,2025-08-15,117831,1,8,0,139.0
10109622VITORJ_2025-08-15_G23,10109622VITORJ,2025-08-15,110745,1,4,0,44.0
10109622VITORJ_2025-08-15_G24,10109622VITORJ,2025-08-15,117785,1,4,0,60.0
10109622VITORJ_2025-08-15_G25,10109622VITORJ,2025-08-15,111442,1,1,0,130.0
10109622VITORJ_2025-08-15_G26,10109622VITORJ,2025-08-15,110787,1,3,0,96.0
10109622VITORJ_2025-08-15_G27,10109622VITORJ,2025-08-15,110740,1,2,0,54.0
10109622VITORJ_2025-08-15_G28,10109622VITORJ,2025-08-15,111465,1,5,0,87.0
10109622VITORJ_2025-08-15_G29,10109622VITORJ,2025-08-15,118140,1,4,0,121.0
10109622VITORJ_2025-08-15_G30,10109622VITORJ,2025-08-15,117786,1,2,0,911.0
10109622VITORJ_2025-08-15_G31,10109622VITORJ,2025-08-15,110313,1,2,0,103.0
10109622VITORJ_2025-08-15_G32,10109622VITORJ,2025-08-15,109641,1,20,0,337.0
10109622VITORJ_2025-08-15_G33,10109622VITORJ,2025-08-15,109641,1,8,0,97.0
10109622VITORJ_2025-08-15_G34,10109622VITORJ,2025-08-15,118140,1,24,0,700.0
10109622VITORJ_2025-08-15_G35,10109622VITORJ,2025-08-15,110787,1,15,0,130.0
10109622VITORJ_2025-08-15_G36,10109622VITORJ,2025-08-15,109641,1,1,0,360.0
10109622VITORJ_2025-08-15_G37,10109622VITORJ,2025-08-15,109641,1,3,0,38.0
10109622VITORJ_2025-08-15_G38,10109622VITORJ,2025-08-15,110787,1,12,0,187.0
10109622VITORJ_2025-08-15_G39,10109622VITORJ,2025-08-15,118140,1,8,0,551.0
10109622VITORJ_2025-08-15_G41,10109622VITORJ,2025-08-15,117854,2,10,7,863.0
10109622VITORJ_2025-08-15_G42,10109622VITORJ,2025-08-15,111532,1,4,0,98.0
10109622VITORJ_2025-08-15_G43,10109622VITORJ,2025-08-15,109643,1,5,0,139.0
10109622VITORJ_2025-08-15_G44,10109622VITORJ,2025-08-15,117832,1,4,0,48.0
10109622VITORJ_2025-08-15_G45,10109622VITORJ,2025-08-15,117820,1,5,0,56.0
10109622VITORJ_2025-08-15_G46,10109622VITORJ,2025-08-15,117820,3,14,16,37.0
10109622VITORJ_2025-08-15_G47,10109622VITORJ,2025-08-15,117840,1,4,0,102.0
10109622VITORJ_2025-08-15_G48,10109622VITORJ,2025-08-15,117832,1,12,0,110.0
10109622VITORJ_2025-08-15_G49,10109622VITORJ,2025-08-15,110711,1,5,0,854.0
10109622VITORJ_2025-08-15_G50,10109622VITORJ,2025-08-15,110313,1,2,0,121.0
10109622VITORJ_2025-08-15_G51,10109622VITORJ,2025-08-15,110743,1,4,0,791.0
10109622VITORJ_2025-08-15_G52,10109622VITORJ,2025-08-15,108795,1,2,0,167.0
10109622VITORJ_2025-08-15_G53,10109622VITORJ,2025-08-15,110751,1,2,0,55.0
10109622VITORJ_2025-08-15_G54,10109622VITORJ,2025-08-15,117833,1,8,0,796.0
10109622VITORJ_2025-08-15_G55,10109622VITORJ,2025-08-15,117787,1,4,0,107.0
10109622VITORJ_2025-08-15_G56,10109622VITORJ,2025-08-15,111431,1,2,0,45.0
10109622VITORJ_2025-08-15_G57,10109622VITORJ,2025-08-15,141456,1,20,0,368.0
10109622VITORJ_2025-08-15_G58,10109622VITORJ,2025-08-15,110745,1,4,0,120.0
10109622VITORJ_2025-08-15_G59,10109622VITORJ,2025-08-15,141458,1,20,0,159.0
10109622VITORJ_2025-08-15_G60,10109622VITORJ,2025-08-15,141457,1,20,0,175.0
10109622VITORJ_2025-08-15_G61,10109622VITORJ,2025-08-15,110741,1,4,0,1450.0
10109622VITORJ_2025-08-15_G62,10109622VITORJ,2025-08-15,111602,1,11,0,800.0
10109622VITORJ_2025-08-15_G63,10109622VITORJ,2025-08-15,110515,1,4,0,110.0
10109622VITORJ_2025-08-15_G64,10109622VITORJ,2025-08-15,110752,1,1,0,50.0
10109622VITORJ_2025-08-15_G65,10109622VITORJ,2025-08-15,110373,1,40,0,382.0
10109622VITORJ_2025-08-15_G66,10109622VITORJ,2025-08-15,117832,1,10,0,93.0
10109622VITORJ_2025-08-15_G67,10109622VITORJ,2025-08-15,117809,1,9,0,151.0
10109622VITORJ_2025-08-16_G03,10109622VITORJ,2025-08-16,117808,1,500,0,32.0
10109622VITORJ_2025-08-16_G04,10109622VITORJ,2025-08-16,111466,1,4,0,2027.0
10109622VITORJ_2025-08-16_G05,10109622VITORJ,2025-08-16,118140,1,6,0,117.0
10109622VITORJ_2025-08-16_G06,10109622VITORJ,2025-08-16,110787,1,12,0,342.0
10109622VITORJ_2025-08-18_G02,10109622VITORJ,2025-08-18,141457,1,20,0,199.0
10109622VITORJ_2025-08-18_G03,10109622VITORJ,2025-08-18,110372,1,50,0,1179.0
10109622VITORJ_2025-08-18_G04,10109622VITORJ,2025-08-18,111463,1,20,0,780.0
10109622VITORJ_2025-08-18_G05,10109622VITORJ,2025-08-18,118140,1,10,0,278.0
10109622VITORJ_2025-08-18_G06,10109622VITORJ,2025-08-18,141457,1,20,0,198.0
10109622VITORJ_2025-08-18_G07,10109622VITORJ,2025-08-18,110372,1,50,0,587.0
10109622VITORJ_2025-08-18_G08,10109622VITORJ,2025-08-18,111463,1,30,0,491.0
10109622VITORJ_2025-08-18_G09,10109622VITORJ,2025-08-18,141457,1,20,0,263.0
10109622VITORJ_2025-08-18_G10,10109622VITORJ,2025-08-18,110372,1,50,0,615.0
10109622VITORJ_2025-08-18_G11,10109622VITORJ,2025-08-18,110895,1,50,0,1636.0
10109622VITORJ_2025-08-18_G12,10109622VITORJ,2025-08-18,110711,1,4,0,286.0
10109622VITORJ_2025-08-18_G13,10109622VITORJ,2025-08-18,110313,1,4,0,114.0
10109622VITORJ_2025-08-18_G14,10109622VITORJ,2025-08-18,111463,1,20,0,278.0
10109622VITORJ_2025-08-18_G15,10109622VITORJ,2025-08-18,118140,1,10,0,976.0
10109622VITORJ_2025-08-18_G16,10109622VITORJ,2025-08-18,"141457, 110372",2,70,17,232.0
10109622VITORJ_2025-08-19_G02,10109622VITORJ,2025-08-19,118140,1,10,0,178.0
10109622VITORJ_2025-08-19_G03,10109622VITORJ,2025-08-19,141457,1,20,0,372.0
10109622VITORJ_2025-08-19_G04,10109622VITORJ,2025-08-19,110372,1,50,0,570.0
10109622VITORJ_2025-08-19_G05,10109622VITORJ,2025-08-19,117787,1,2,0,2536.0
10109622VITORJ_2025-08-19_G06,10109622VITORJ,2025-08-19,141456,1,4,0,196.0
10109622VITORJ_2025-08-19_G07,10109622VITORJ,2025-08-19,118140,1,6,0,55.0
10109622VITORJ_2025-08-19_G08,10109622VITORJ,2025-08-19,107236,1,4,0,92.0
10109622VITORJ_2025-08-19_G09,10109622VITORJ,2025-08-19,110740,1,2,0,87.0
10109622VITORJ_2025-08-19_G10,10109622VITORJ,2025-08-19,141458,1,4,0,110.0
10109622VITORJ_2025-08-19_G11,10109622VITORJ,2025-08-19,141457,1,4,0,42.0
10109622VITORJ_2025-08-19_G12,10109622VITORJ,2025-08-19,109640,1,4,0,146.0
10109622VITORJ_2025-08-19_G13,10109622VITORJ,2025-08-19,110752,1,2,0,100.0
10109622VITORJ_2025-08-19_G14,10109622VITORJ,2025-08-19,117832,1,4,0,115.0
10109622VITORJ_2025-08-19_G15,10109622VITORJ,2025-08-19,117820,1,6,0,328.0
10109622VITORJ_2025-08-19_G16,10109622VITORJ,2025-08-19,111466,1,16,0,1582.0
10109622VITORJ_2025-08-19_G17,10109622VITORJ,2025-08-19,111463,1,25,0,280.0
10109622VITORJ_2025-08-19_G18,10109622VITORJ,2025-08-19,118140,1,7,0,1258.0
10109622VITORJ_2025-08-19_G19,10109622VITORJ,2025-08-19,109641,1,2,0,96.0
10109622VITORJ_2025-08-19_G20,10109622VITORJ,2025-08-19,"111418, 110372",2,18,24,116.0
10109622VITORJ_2025-08-19_G22,10109622VITORJ,2025-08-19,111434,1,60,0,2608.0
10109622VITORJ_2025-08-19_G23,10109622VITORJ,2025-08-19,107236,1,50,0,1025.0
10109622VITORJ_2025-08-19_G24,10109622VITORJ,2025-08-19,110756,1,12,0,1853.0
10109622VITORJ_2025-08-19_G25,10109622VITORJ,2025-08-19,117854,1,2,0,109.0
10109622VITORJ_2025-08-19_G26,10109622VITORJ,2025-08-19,107629,1,21,0,163.0
10109622VITORJ_2025-08-19_G27,10109622VITORJ,2025-08-19,111876,1,46,0,226.0
10109622VITORJ_2025-08-19_G28,10109622VITORJ,2025-08-19,110750,1,36,0,535.0
10109622VITORJ_2025-08-20_G02,10109622VITORJ,2025-08-20,111430,1,49,0,2440.0
10109622VITORJ_2025-08-20_G04,10109622VITORJ,2025-08-20,117853,1,12,0,188.0
10109622VITORJ_2025-08-20_G06,10109622VITORJ,2025-08-20,118191,1,24,0,386.0
10109622VITORJ_2025-08-20_G07,10109622VITORJ,2025-08-20,111634,1,4,0,96.0
10109622VITORJ_2025-08-20_G08,10109622VITORJ,2025-08-20,111751,1,8,0,152.0
10109622VITORJ_2025-08-20_G09,10109622VITORJ,2025-08-20,141262,1,24,0,380.0
10109622VITORJ_2025-08-20_G10,10109622VITORJ,2025-08-20,111469,1,3,0,393.0
10109622VITORJ_2025-08-20_G11,10109622VITORJ,2025-08-20,110895,1,3,0,158.0
10109622VITORJ_2025-08-20_G12,10109622VITORJ,2025-08-20,140922,1,4,0,401.0
10109622VITORJ_2025-08-20_G13,10109622VITORJ,2025-08-20,111469,1,3,0,171.0
10109622VITORJ_2025-08-20_G14,10109622VITORJ,2025-08-20,111466,1,8,0,386.0
10109622VITORJ_2025-08-20_G15,10109622VITORJ,2025-08-20,111469,1,13,0,602.0
10109622VITORJ_2025-08-21_G02,10109622VITORJ,2025-08-21,111466,1,7,0,179.0
10109622VITORJ_2025-08-21_G03,10109622VITORJ,2025-08-21,111463,1,2,0,424.0
10109622VITORJ_2025-08-21_G05,10109622VITORJ,2025-08-21,"117786, 141047",2,20,27,38.0
10109622VITORJ_2025-08-21_G06,10109622VITORJ,2025-08-21,110741,1,5,0,102.0
10109622VITORJ_2025-08-21_G08,10109622VITORJ,2025-08-21,111434,1,140,0,1586.0
10109622VITORJ_2025-08-21_G09,10109622VITORJ,2025-08-21,109641,1,6,0,335.0
10109622VITORJ_2025-08-21_G10,10109622VITORJ,2025-08-21,111430,1,5,0,2718.0
10109622VITORJ_2025-08-21_G11,10109622VITORJ,2025-08-21,160057,1,10,0,2948.0
10109622VITORJ_2025-08-21_G12,10109622VITORJ,2025-08-21,111438,1,4,0,82.0
10109622VITORJ_2025-08-22_G02,10109622VITORJ,2025-08-22,111430,1,4,0,737.0
10109622VITORJ_2025-08-22_G03,10109622VITORJ,2025-08-22,111469,1,4,0,239.0
10109622VITORJ_2025-08-22_G04,10109622VITORJ,2025-08-22,110751,1,2,0,71.0
10109622VITORJ_2025-08-22_G05,10109622VITORJ,2025-08-22,111743,1,3,0,128.0
10109622VITORJ_2025-08-22_G06,10109622VITORJ,2025-08-22,141456,1,4,0,238.0
10109622VITORJ_2025-08-22_G07,10109622VITORJ,2025-08-22,111418,1,3,0,260.0
10109622VITORJ_2025-08-22_G08,10109622VITORJ,2025-08-22,117831,1,2,0,62.0
10109622VITORJ_2025-08-22_G09,10109622VITORJ,2025-08-22,141458,1,4,0,85.0
10109622VITORJ_2025-08-22_G10,10109622VITORJ,2025-08-22,141457,1,4,0,52.0
10109622VITORJ_2025-08-22_G11,10109622VITORJ,2025-08-22,110372,1,8,0,181.0
10109622VITORJ_2025-08-22_G12,10109622VITORJ,2025-08-22,118222,1,4,0,1310.0
10109622VITORJ_2025-08-22_G13,10109622VITORJ,2025-08-22,111430,1,6,0,796.0
10109622VITORJ_2025-08-22_G14,10109622VITORJ,2025-08-22,118253,1,4,0,505.0
10109622VITORJ_2025-08-22_G15,10109622VITORJ,2025-08-22,118250,1,8,0,758.0
10109622VITORJ_2025-08-22_G16,10109622VITORJ,2025-08-22,111438,1,13,0,474.0
10109622VITORJ_2025-08-22_G17,10109622VITORJ,2025-08-22,111602,1,1,0,881.0
10109622VITORJ_2025-08-22_G18,10109622VITORJ,2025-08-22,110515,1,1,0,71.0
10109622VITORJ_2025-08-22_G19,10109622VITORJ,2025-08-22,111435,1,6,0,164.0
10109622VITORJ_2025-08-22_G20,10109622VITORJ,2025-08-22,108795,1,3,0,85.0
10109622VITORJ_2025-08-22_G21,10109622VITORJ,2025-08-22,111443,1,16,0,293.0
10109622VITORJ_2025-08-22_G22,10109622VITORJ,2025-08-22,111418,1,3,0,800.0
10109622VITORJ_2025-08-22_G23,10109622VITORJ,2025-08-22,110787,1,4,0,283.0
10109622VITORJ_2025-08-22_G24,10109622VITORJ,2025-08-22,110745,1,8,0,82.0
10109622VITORJ_2025-08-22_G25,10109622VITORJ,2025-08-22,110740,1,16,0,416.0
10109622VITORJ_2025-08-22_G26,10109622VITORJ,2025-08-22,110374,1,10,0,168.0
10109622VITORJ_2025-08-22_G27,10109622VITORJ,2025-08-22,117820,1,10,0,91.0
10109622VITORJ_2025-08-22_G28,10109622VITORJ,2025-08-22,110373,1,20,0,424.0
10109622VITORJ_2025-08-22_G29,10109622VITORJ,2025-08-22,110372,1,10,0,273.0
10109622VITORJ_2025-08-22_G30,10109622VITORJ,2025-08-22,117830,1,10,0,109.0
10109622VITORJ_2025-08-22_G31,10109622VITORJ,2025-08-22,110371,1,40,0,443.0
10109622VITORJ_2025-08-22_G33,10109622VITORJ,2025-08-22,111444,1,1,0,162.0
10109622VITORJ_2025-08-22_G34,10109622VITORJ,2025-08-22,111530,1,2,0,96.0
10109622VITORJ_2025-08-22_G35,10109622VITORJ,2025-08-22,111462,1,7,0,133.0
10109622VITORJ_2025-08-22_G36,10109622VITORJ,2025-08-22,110129,1,4,0,1401.0
10109622VITORJ_2025-08-22_G37,10109622VITORJ,2025-08-22,111446,1,1,0,52.0
10109622VITORJ_2025-08-22_G38,10109622VITORJ,2025-08-22,111444,1,1,0,740.0
10109622VITORJ_2025-08-22_G39,10109622VITORJ,2025-08-22,108711,1,2,0,125.0
10109622VITORJ_2025-08-22_G40,10109622VITORJ,2025-08-22,117821,1,4,0,103.0
10109622VITORJ_2025-08-22_G41,10109622VITORJ,2025-08-22,"111532, 141823",2,6,30,78.0
10109622VITORJ_2025-08-22_G42,10109622VITORJ,2025-08-22,111468,1,6,0,72.0
10109622VITORJ_2025-08-22_G43,10109622VITORJ,2025-08-22,109645,1,2,0,55.0
10109622VITORJ_2025-08-22_G44,10109622VITORJ,2025-08-22,118140,1,5,0,117.0
10109622VITORJ_2025-08-22_G45,10109622VITORJ,2025-08-22,111418,1,4,0,54.0
10109622VITORJ_2025-08-22_G46,10109622VITORJ,2025-08-22,111466,1,6,0,58.0
10109622VITORJ_2025-08-22_G47,10109622VITORJ,2025-08-22,117831,1,2,0,113.0
10109622VITORJ_2025-08-22_G48,10109622VITORJ,2025-08-22,111462,2,2,17,45.0
10109622VITORJ_2025-08-22_G49,10109622VITORJ,2025-08-22,110740,1,4,0,105.0
10109622VITORJ_2025-08-22_G50,10109622VITORJ,2025-08-22,111469,1,1,0,596.0
10109622VITORJ_2025-08-22_G51,10109622VITORJ,2025-08-22,117785,1,4,0,65.0
10109622VITORJ_2025-08-22_G52,10109622VITORJ,2025-08-22,111463,1,2,0,42.0
10109622VITORJ_2025-08-22_G53,10109622VITORJ,2025-08-22,111743,1,2,0,189.0
10109622VITORJ_2025-08-22_G54,10109622VITORJ,2025-08-22,140922,1,9,0,125.0
10109622VITORJ_2025-08-22_G55,10109622VITORJ,2025-08-22,108798,1,2,0,47.0
10109622VITORJ_2025-08-22_G56,10109622VITORJ,2025-08-22,111468,1,4,0,104.0
10109622VITORJ_2025-08-22_G57,10109622VITORJ,2025-08-22,118140,1,8,0,177.0
10109622VITORJ_2025-08-22_G58,10109622VITORJ,2025-08-22,111418,1,2,0,128.0
10109622VITORJ_2025-08-22_G59,10109622VITORJ,2025-08-22,110740,1,1,0,106.0
10109622VITORJ_2025-08-22_G60,10109622VITORJ,2025-08-22,117808,1,17,0,378.0
10109622VITORJ_2025-08-22_G61,10109622VITORJ,2025-08-22,110325,1,1,0,566.0
10109622VITORJ_2025-08-22_G62,10109622VITORJ,2025-08-22,117809,1,2,0,659.0
10109622VITORJ_2025-08-22_G63,10109622VITORJ,2025-08-22,110373,1,2,0,77.0
10109622VITORJ_2025-08-22_G64,10109622VITORJ,2025-08-22,118299,1,12,0,234.0
10109622VITORJ_2025-08-22_G65,10109622VITORJ,2025-08-22,117830,1,4,0,95.0
10109622VITORJ_2025-08-22_G66,10109622VITORJ,2025-08-22,110371,1,2,0,59.0
10109622VITORJ_2025-08-23_G02,10109622VITORJ,2025-08-23,117833,1,2,0,105.0
10109622VITORJ_2025-08-23_G03,10109622VITORJ,2025-08-23,117787,1,4,0,188.0
10109622VITORJ_2025-08-23_G04,10109622VITORJ,2025-08-23,141823,1,1,0,53.0
10109622VITORJ_2025-08-23_G05,10109622VITORJ,2025-08-23,111468,1,4,0,69.0
10109622VITORJ_2025-08-23_G06,10109622VITORJ,2025-08-23,109645,1,4,0,55.0
10109622VITORJ_2025-08-23_G07,10109622VITORJ,2025-08-23,"105705, 118140",2,3,28,44.0
10109622VITORJ_2025-08-23_G08,10109622VITORJ,2025-08-23,111418,1,4,0,50.0
10109622VITORJ_2025-08-23_G09,10109622VITORJ,2025-08-23,117831,1,1,0,77.0
10109622VITORJ_2025-08-23_G10,10109622VITORJ,2025-08-23,108794,1,2,0,48.0
10109622VITORJ_2025-08-23_G11,10109622VITORJ,2025-08-23,110371,1,4,0,209.0
10109622VITORJ_2025-08-23_G12,10109622VITORJ,2025-08-23,111530,1,2,0,224.0
10109622VITORJ_2025-08-23_G13,10109622VITORJ,2025-08-23,117862,1,1,0,170.0
10109622VITORJ_2025-08-23_G14,10109622VITORJ,2025-08-23,117861,1,2,0,198.0
10109622VITORJ_2025-08-23_G15,10109622VITORJ,2025-08-23,117786,1,2,0,74.0
10109622VITORJ_2025-08-23_G16,10109622VITORJ,2025-08-23,110515,1,2,0,113.0
10109622VITORJ_2025-08-23_G17,10109622VITORJ,2025-08-23,110325,1,90,0,1504.0
10109622VITORJ_2025-08-23_G18,10109622VITORJ,2025-08-23,110372,1,21,0,172.0
10109622VITORJ_2025-08-23_G19,10109622VITORJ,2025-08-23,110375,1,1,0,117.0
10109622VITORJ_2025-08-23_G20,10109622VITORJ,2025-08-23,141262,1,600,0,2964.0
10109622VITORJ_2025-08-23_G21,10109622VITORJ,2025-08-23,118191,1,600,0,2514.0
10109622VITORJ_2025-08-23_G22,10109622VITORJ,2025-08-23,118191,1,200,0,823.0
10109622VITORJ_2025-08-24_G02,10109622VITORJ,2025-08-24,117965,1,10,0,205.0
10109622VITORJ_2025-08-24_G03,10109622VITORJ,2025-08-24,117854,1,10,0,122.0
10109622VITORJ_2025-08-24_G04,10109622VITORJ,2025-08-24,141066,1,5,0,189.0
10109622VITORJ_2025-08-24_G05,10109622VITORJ,2025-08-24,117862,1,15,0,247.0
10109622VITORJ_2025-08-24_G06,10109622VITORJ,2025-08-24,117855,1,12,0,155.0
10109622VITORJ_2025-08-24_G07,10109622VITORJ,2025-08-24,107629,1,5,0,74.0
10109622VITORJ_2025-08-24_G08,10109622VITORJ,2025-08-24,111876,1,4,0,145.0
10109622VITORJ_2025-08-24_G09,10109622VITORJ,2025-08-24,110711,1,5,0,104.0
10109622VITORJ_2025-08-24_G10,10109622VITORJ,2025-08-24,117856,1,12,0,192.0
10109622VITORJ_2025-08-24_G11,10109622VITORJ,2025-08-24,110741,1,5,0,94.0
10109622VITORJ_2025-08-24_G12,10109622VITORJ,2025-08-24,110733,1,5,0,77.0
10109622VITORJ_2025-08-24_G13,10109622VITORJ,2025-08-24,110750,1,5,0,53.0
10109622VITORJ_2025-08-24_G14,10109622VITORJ,2025-08-24,117786,1,10,0,183.0
10109622VITORJ_2025-08-24_G15,10109622VITORJ,2025-08-24,141047,1,10,0,120.0
10109622VITORJ_2025-08-24_G16,10109622VITORJ,2025-08-24,111602,1,15,0,1611.0
10109622VITORJ_2025-08-24_G17,10109622VITORJ,2025-08-24,108361,1,6,0,61.0
10109622VITORJ_2025-08-24_G18,10109622VITORJ,2025-08-24,109640,1,15,0,277.0
10109622VITORJ_2025-08-24_G19,10109622VITORJ,2025-08-24,110339,1,12,0,189.0
10109622VITORJ_2025-08-24_G20,10109622VITORJ,2025-08-24,111467,1,15,0,281.0
10109622VITORJ_2025-08-24_G21,10109622VITORJ,2025-08-24,110752,1,10,0,167.0
10109622VITORJ_2025-08-24_G22,10109622VITORJ,2025-08-24,110515,1,15,0,1133.0
10109622VITORJ_2025-08-24_G23,10109622VITORJ,2025-08-24,117837,1,5,0,219.0
10109622VITORJ_2025-08-24_G24,10109622VITORJ,2025-08-24,110753,1,5,0,78.0
10109622VITORJ_2025-08-25_G02,10109622VITORJ,2025-08-25,110711,1,2,0,421.0
10109622VITORJ_2025-08-25_G03,10109622VITORJ,2025-08-25,110733,1,8,0,127.0
10109622VITORJ_2025-08-25_G04,10109622VITORJ,2025-08-25,110752,1,2,0,102.0
10109622VITORJ_2025-08-25_G05,10109622VITORJ,2025-08-25,111530,2,15,10,178.0
10109622VITORJ_2025-08-25_G06,10109622VITORJ,2025-08-25,111469,1,6,0,423.0
10109622VITORJ_2025-08-25_G07,10109622VITORJ,2025-08-25,117838,1,4,0,49.0
10109622VITORJ_2025-08-25_G08,10109622VITORJ,2025-08-25,108711,1,2,0,96.0
10109622VITORJ_2025-08-25_G09,10109622VITORJ,2025-08-25,111348,1,2,0,57.0
10109622VITORJ_2025-08-25_G10,10109622VITORJ,2025-08-25,117787,1,2,0,139.0
10109622VITORJ_2025-08-25_G11,10109622VITORJ,2025-08-25,111418,1,3,0,115.0
10109622VITORJ_2025-08-25_G12,10109622VITORJ,2025-08-25,118223,1,2,0,102.0
10109622VITORJ_2025-08-25_G13,10109622VITORJ,2025-08-25,108794,1,4,0,148.0
10109622VITORJ_2025-08-25_G14,10109622VITORJ,2025-08-25,141458,1,2,0,100.0
10109622VITORJ_2025-08-25_G15,10109622VITORJ,2025-08-25,111465,1,2,0,53.0
10109622VITORJ_2025-08-25_G16,10109622VITORJ,2025-08-25,117820,1,2,0,151.0
10109622VITORJ_2025-08-25_G17,10109622VITORJ,2025-08-25,117832,1,1,0,75.0
10109622VITORJ_2025-08-25_G18,10109622VITORJ,2025-08-25,110372,1,6,0,134.0
10109622VITORJ_2025-08-25_G19,10109622VITORJ,2025-08-25,118299,1,8,0,145.0
10109622VITORJ_2025-08-25_G20,10109622VITORJ,2025-08-25,110376,1,6,0,1004.0
10109622VITORJ_2025-08-25_G21,10109622VITORJ,2025-08-25,111530,1,10,0,3011.0
10109622VITORJ_2025-08-25_G22,10109622VITORJ,2025-08-25,107629,1,2,0,137.0
10109622VITORJ_2025-08-25_G23,10109622VITORJ,2025-08-25,117856,2,6,27,228.0
10109622VITORJ_2025-08-25_G24,10109622VITORJ,2025-08-25,117853,1,2,0,237.0
10109622VITORJ_2025-08-25_G25,10109622VITORJ,2025-08-25,111602,1,1,0,72.0
10109622VITORJ_2025-08-25_G26,10109622VITORJ,2025-08-25,117855,2,16,6,2209.0
10109622VITORJ_2025-08-25_G28,10109622VITORJ,2025-08-25,117838,1,4,0,70.0
10109622VITORJ_2025-08-25_G29,10109622VITORJ,2025-08-25,118285,1,2,0,37.0
10109622VITORJ_2025-08-25_G30,10109622VITORJ,2025-08-25,111348,1,3,0,65.0
10109622VITORJ_2025-08-25_G31,10109622VITORJ,2025-08-25,111434,1,2,0,89.0
10109622VITORJ_2025-08-25_G32,10109622VITORJ,2025-08-25,141457,1,100,0,444.0
10109622VITORJ_2025-08-25_G33,10109622VITORJ,2025-08-25,110748,1,4,0,195.0
10109622VITORJ_2025-08-25_G34,10109622VITORJ,2025-08-25,111466,1,455,0,1401.0
10109622VITORJ_2025-08-25_G35,10109622VITORJ,2025-08-25,111462,1,240,0,1271.0
10109622VITORJ_2025-08-25_G36,10109622VITORJ,2025-08-25,111330,1,10,0,375.0
10109622VITORJ_2025-08-25_G37,10109622VITORJ,2025-08-25,110740,1,10,0,100.0
10109622VITORJ_2025-08-25_G38,10109622VITORJ,2025-08-25,111530,1,300,0,2491.0
10109622VITORJ_2025-08-26_G02,10109622VITORJ,2025-08-26,118299,1,5,0,289.0
10109622VITORJ_2025-08-26_G03,10109622VITORJ,2025-08-26,118299,1,44,0,416.0
10109622VITORJ_2025-08-26_G04,10109622VITORJ,2025-08-26,117830,1,2,0,328.0
10109622VITORJ_2025-08-26_G05,10109622VITORJ,2025-08-26,117830,1,4,0,74.0
10109622VITORJ_2025-08-26_G06,10109622VITORJ,2025-08-26,109640,2,32,6,1558.0
10109622VITORJ_2025-08-26_G07,10109622VITORJ,2025-08-26,117837,1,2,0,121.0
10109622VITORJ_2025-08-26_G08,10109622VITORJ,2025-08-26,110375,1,7,0,835.0
10109622VITORJ_2025-08-26_G09,10109622VITORJ,2025-08-26,110372,1,56,0,408.0
10109622VITORJ_2025-08-26_G10,10109622VITORJ,2025-08-26,110372,1,78,0,783.0
10109622VITORJ_2025-08-26_G11,10109622VITORJ,2025-08-26,117830,1,8,0,90.0
10109622VITORJ_2025-08-26_G12,10109622VITORJ,2025-08-26,140956,1,4,0,2708.0
10109622VITORJ_2025-08-26_G13,10109622VITORJ,2025-08-26,111530,1,4,0,249.0
10109622VITORJ_2025-08-26_G14,10109622VITORJ,2025-08-26,110313,1,4,0,105.0
10109622VITORJ_2025-08-26_G15,10109622VITORJ,2025-08-26,110711,1,9,0,234.0
10109622VITORJ_2025-08-26_G16,10109622VITORJ,2025-08-26,111602,1,6,0,132.0
10109622VITORJ_2025-08-26_G17,10109622VITORJ,2025-08-26,111469,1,6,0,141.0
10109622VITORJ_2025-08-26_G18,10109622VITORJ,2025-08-26,108772,1,5,0,647.0
10109622VITORJ_2025-08-26_G19,10109622VITORJ,2025-08-26,111602,1,6,0,911.0
10109622VITORJ_2025-08-26_G20,10109622VITORJ,2025-08-26,108711,1,4,0,106.0
10109622VITORJ_2025-08-26_G21,10109622VITORJ,2025-08-26,110373,1,4,0,74.0
10109622VITORJ_2025-08-26_G23,10109622VITORJ,2025-08-26,110582,1,4,0,734.0
10109622VITORJ_2025-08-26_G24,10109622VITORJ,2025-08-26,160054,1,2,0,128.0
10109622VITORJ_2025-08-26_G25,10109622VITORJ,2025-08-26,117808,1,467,0,2394.0
10109622VITORJ_2025-08-26_G27,10109622VITORJ,2025-08-26,110743,1,2,0,38.0
10109622VITORJ_2025-08-26_G28,10109622VITORJ,2025-08-26,117785,1,125,0,714.0
10109622VITORJ_2025-08-26_G29,10109622VITORJ,2025-08-26,110751,1,6,0,93.0
10109622VITORJ_2025-08-26_G30,10109622VITORJ,2025-08-26,108711,1,10,0,133.0
10109622VITORJ_2025-08-26_G31,10109622VITORJ,2025-08-26,111463,1,7,0,74.0
10109622VITORJ_2025-08-26_G32,10109622VITORJ,2025-08-26,116241,1,4,0,100.0
10109622VITORJ_2025-08-26_G33,10109622VITORJ,2025-08-26,117841,1,2,0,254.0
10109622VITORJ_2025-08-27_G02,10109622VITORJ,2025-08-27,111532,1,22,0,315.0
10109622VITORJ_2025-08-27_G03,10109622VITORJ,2025-08-27,111431,1,6,0,104.0
10109622VITORJ_2025-08-27_G04,10109622VITORJ,2025-08-27,111468,1,12,0,174.0
10109622VITORJ_2025-08-27_G05,10109622VITORJ,2025-08-27,109645,1,6,0,163.0
10109622VITORJ_2025-08-27_G06,10109622VITORJ,2025-08-27,118317,1,4,0,186.0
10109622VITORJ_2025-08-27_G07,10109622VITORJ,2025-08-27,108794,1,12,0,216.0
10109622VITORJ_2025-08-27_G08,10109622VITORJ,2025-08-27,111418,1,12,0,94.0
10109622VITORJ_2025-08-27_G09,10109622VITORJ,2025-08-27,118140,1,20,0,389.0
10109622VITORJ_2025-08-27_G10,10109622VITORJ,2025-08-27,110787,1,12,0,740.0
10109622VITORJ_2025-08-27_G11,10109622VITORJ,2025-08-27,111182,1,2,0,146.0
10109622VITORJ_2025-08-27_G12,10109622VITORJ,2025-08-27,117329,1,8,0,248.0
10109622VITORJ_2025-08-27_G13,10109622VITORJ,2025-08-27,107236,1,11,0,137.0
10109622VITORJ_2025-08-27_G14,10109622VITORJ,2025-08-27,109641,1,5,0,59.0
10109622VITORJ_2025-08-27_G15,10109622VITORJ,2025-08-27,111462,1,21,0,235.0
10109622VITORJ_2025-08-27_G16,10109622VITORJ,2025-08-27,114100,1,4,0,63.0
10109622VITORJ_2025-08-27_G17,10109622VITORJ,2025-08-27,118330,1,2,0,98.0
10109622VITORJ_2025-08-27_G18,10109622VITORJ,2025-08-27,110740,1,10,0,476.0
10109622VITORJ_2025-08-27_G19,10109622VITORJ,2025-08-27,111469,1,32,0,307.0
10109622VITORJ_2025-08-27_G20,10109622VITORJ,2025-08-27,108795,1,6,0,82.0
10109622VITORJ_2025-08-27_G21,10109622VITORJ,2025-08-27,111465,1,9,0,471.0
10109622VITORJ_2025-08-27_G22,10109622VITORJ,2025-08-27,111463,1,8,0,1938.0
10109622VITORJ_2025-08-27_G23,10109622VITORJ,2025-08-27,110582,1,4,0,403.0
10109622VITORJ_2025-08-27_G24,10109622VITORJ,2025-08-27,117935,1,8,0,959.0
10109622VITORJ_2025-08-27_G25,10109622VITORJ,2025-08-27,117935,1,4,0,259.0
10109622VITORJ_2025-08-27_G26,10109622VITORJ,2025-08-27,141823,1,2,0,129.0
10109622VITORJ_2025-08-27_G27,10109622VITORJ,2025-08-27,117935,1,4,0,493.0
10109622VITORJ_2025-08-27_G28,10109622VITORJ,2025-08-27,141457,1,8,0,217.0
10109622VITORJ_2025-08-27_G29,10109622VITORJ,2025-08-27,141458,1,4,0,122.0
10109622VITORJ_2025-08-27_G30,10109622VITORJ,2025-08-27,141456,1,8,0,232.0
10109622VITORJ_2025-08-27_G31,10109622VITORJ,2025-08-27,111660,1,6,0,399.0
10109622VITORJ_2025-08-27_G32,10109622VITORJ,2025-08-27,111530,1,1,0,152.0
10109622VITORJ_2025-08-27_G33,10109622VITORJ,2025-08-27,117785,1,5,0,127.0
10109622VITORJ_2025-08-27_G34,10109622VITORJ,2025-08-27,117821,1,5,0,130.0
10109622VITORJ_2025-08-27_G35,10109622VITORJ,2025-08-27,140922,1,4,0,90.0
10109622VITORJ_2025-08-27_G36,10109622VITORJ,2025-08-27,111431,1,2,0,125.0
10109622VITORJ_2025-08-27_G37,10109622VITORJ,2025-08-27,111462,1,12,0,459.0
10109622VITORJ_2025-08-27_G39,10109622VITORJ,2025-08-27,111463,1,199,0,746.0
10109622VITORJ_2025-08-27_G40,10109622VITORJ,2025-08-27,118140,1,280,0,500.0
10109622VITORJ_2025-08-27_G41,10109622VITORJ,2025-08-27,118222,1,30,0,2188.0
10109622VITORJ_2025-08-27_G42,10109622VITORJ,2025-08-27,140911,1,8,0,287.0
10109622VITORJ_2025-08-27_G43,10109622VITORJ,2025-08-27,141066,1,10,0,159.0
10109622VITORJ_2025-08-27_G44,10109622VITORJ,2025-08-27,110711,1,10,0,171.0
10109622VITORJ_2025-08-27_G45,10109622VITORJ,2025-08-27,111879,1,2,0,124.0
10109622VITORJ_2025-08-27_G46,10109622VITORJ,2025-08-27,110129,1,30,0,528.0
10109622VITORJ_2025-08-27_G47,10109622VITORJ,2025-08-27,117841,1,4,0,152.0
10109622VITORJ_2025-08-27_G48,10109622VITORJ,2025-08-27,109641,1,8,0,143.0
10109622VITORJ_2025-08-27_G49,10109622VITORJ,2025-08-27,117808,1,200,0,589.0
10109622VITORJ_2025-08-27_G50,10109622VITORJ,2025-08-27,118299,1,1300,0,2201.0
10109622VITORJ_2025-08-28_G02,10109622VITORJ,2025-08-28,117821,1,20,0,2875.0
10109622VITORJ_2025-08-28_G03,10109622VITORJ,2025-08-28,105705,1,1,0,68.0
10109622VITORJ_2025-08-28_G04,10109622VITORJ,2025-08-28,110787,1,150,0,530.0
10109622VITORJ_2025-08-28_G05,10109622VITORJ,2025-08-28,111443,1,150,0,62.0
10109622VITORJ_2025-08-28_G06,10109622VITORJ,2025-08-28,"109640, 111602",2,46,26,756.0
10109622VITORJ_2025-08-28_G07,10109622VITORJ,2025-08-28,110895,1,24,0,3180.0
10109622VITORJ_2025-08-28_G08,10109622VITORJ,2025-08-28,111430,1,88,0,322.0
10109622VITORJ_2025-08-28_G09,10109622VITORJ,2025-08-28,111430,1,12,0,154.0
10109622VITORJ_2025-08-28_G10,10109622VITORJ,2025-08-28,118253,1,32,0,798.0
10109622VITORJ_2025-08-28_G11,10109622VITORJ,2025-08-28,108770,1,4,0,172.0
10109622VITORJ_2025-08-28_G12,10109622VITORJ,2025-08-28,108770,1,46,0,222.0
10109622VITORJ_2025-08-28_G13,10109622VITORJ,2025-08-28,111569,1,11,0,225.0
10109622VITORJ_2025-08-28_G14,10109622VITORJ,2025-08-28,111569,1,129,0,319.0
10109622VITORJ_2025-08-28_G15,10109622VITORJ,2025-08-28,111438,1,50,0,369.0
10109622VITORJ_2025-08-29_G02,10109622VITORJ,2025-08-29,111433,1,4,0,125.0
10109622VITORJ_2025-08-29_G03,10109622VITORJ,2025-08-29,111569,1,22,0,1786.0
10109622VITORJ_2025-08-29_G04,10109622VITORJ,2025-08-29,111723,1,6,0,669.0
10109622VITORJ_2025-08-29_G05,10109622VITORJ,2025-08-29,111723,1,8,0,87.0
10109622VITORJ_2025-08-29_G06,10109622VITORJ,2025-08-29,111742,1,4,0,635.0
10109622VITORJ_2025-08-29_G07,10109622VITORJ,2025-08-29,111742,1,6,0,55.0
10109622VITORJ_2025-08-29_G08,10109622VITORJ,2025-08-29,111753,1,8,0,174.0
10109622VITORJ_2025-08-29_G09,10109622VITORJ,2025-08-29,111753,1,4,0,36.0
10109622VITORJ_2025-08-29_G11,10109622VITORJ,2025-08-29,111759,1,4,0,48.0
10109622VITORJ_2025-08-30_G02,10109622VITORJ,2025-08-30,110030,2,4,6,473.0
10109622VITORJ_2025-08-30_G03,10109622VITORJ,2025-08-30,110423,1,2,0,248.0
10109622VITORJ_2025-08-30_G04,10109622VITORJ,2025-08-30,111792,2,4,5,293.0
10109622VITORJ_2025-08-30_G05,10109622VITORJ,2025-08-30,110500,2,2,4,242.0
10109622VITORJ_2025-08-30_G06,10109622VITORJ,2025-08-30,110080,3,8,9,301.0
10109622VITORJ_2025-08-30_G07,10109622VITORJ,2025-08-30,118169,2,8,27,430.0
10109622VITORJ_2025-08-30_G08,10109622VITORJ,2025-08-30,110895,1,20,0,829.0
10109622VITORJ_2025-08-30_G09,10109622VITORJ,2025-08-30,110454,3,8,10,237.0
10109622VITORJ_2025-08-30_G10,10109622VITORJ,2025-08-30,110841,3,20,18,233.0
10109622VITORJ_2025-08-30_G11,10109622VITORJ,2025-08-30,103149,2,6,9,160.0
10109622VITORJ_2025-08-30_G12,10109622VITORJ,2025-08-30,107254,2,2,6,121.0
10109622VITORJ_2025-08-30_G13,10109622VITORJ,2025-08-30,110311,2,4,6,267.0
10109622VITORJ_2025-08-30_G14,10109622VITORJ,2025-08-30,110714,2,10,4,450.0
10109622VITORJ_2025-08-30_G15,10109622VITORJ,2025-08-30,116527,3,6,10,247.0
10109622VITORJ_2025-08-30_G16,10109622VITORJ,2025-08-30,111779,2,4,17,213.0
10109622VITORJ_2025-08-30_G17,10109622VITORJ,2025-08-30,111793,2,4,17,106.0
10109622VITORJ_2025-08-30_G18,10109622VITORJ,2025-08-30,110354,1,4,0,133.0
10109622VITORJ_2025-08-30_G19,10109622VITORJ,2025-08-30,105359,3,8,10,183.0
10109622VITORJ_2025-08-30_G20,10109622VITORJ,2025-08-30,141370,1,4,0,93.0
10109622VITORJ_2025-08-30_G21,10109622VITORJ,2025-08-30,109495,2,5,4,359.0
10109622VITORJ_2025-08-30_G22,10109622VITORJ,2025-08-30,105272,2,4,5,87.0
10109622VITORJ_2025-08-30_G23,10109622VITORJ,2025-08-30,110423,1,2,0,45.0
10109622VITORJ_2025-08-30_G24,10109622VITORJ,2025-08-30,118198,2,4,6,527.0
10109622VITORJ_2025-08-30_G25,10109622VITORJ,2025-08-30,140911,1,12,0,113.0
10109622VITORJ_2025-08-30_G26,10109622VITORJ,2025-08-30,110310,2,8,6,300.0
10109622VITORJ_2025-08-30_G27,10109622VITORJ,2025-08-30,110516,1,4,0,300.0
10109622VITORJ_2025-08-30_G28,10109622VITORJ,2025-08-30,141369,1,4,0,101.0
10109622VITORJ_2025-08-30_G29,10109622VITORJ,2025-08-30,111833,1,4,0,414.0
10109622VITORJ_2025-08-30_G30,10109622VITORJ,2025-08-30,110289,1,4,0,159.0
10109622VITORJ_2025-08-30_G32,10109622VITORJ,2025-08-30,141262,1,24,0,438.0
10109622VITORJ_2025-08-30_G33,10109622VITORJ,2025-08-30,118191,1,24,0,443.0
10109622VITORJ_2025-08-30_G34,10109622VITORJ,2025-08-30,111751,1,4,0,165.0
10109622VITORJ_2025-08-30_G35,10109622VITORJ,2025-08-30,111753,1,4,0,1005.0
10109622VITORJ_2025-08-30_G36,10109622VITORJ,2025-08-30,111723,1,4,0,988.0
10109622VITORJ_2025-08-30_G37,10109622VITORJ,2025-08-30,111753,1,4,0,2202.0
10109622VITORJ_2025-08-30_G38,10109622VITORJ,2025-08-30,108410,1,2,0,2361.0
10109622VITORJ_2025-08-30_G39,10109622VITORJ,2025-08-30,108759,1,6,0,462.0
10109622VITORJ_2025-08-30_G40,10109622VITORJ,2025-08-30,110755,1,8,0,160.0
10109622VITORJ_2025-08-30_G41,10109622VITORJ,2025-08-30,117855,1,20,0,195.0
10109622VITORJ_2025-08-31_G02,10109622VITORJ,2025-08-31,118290,1,8,0,507.0
10109622VITORJ_2025-08-31_G03,10109622VITORJ,2025-08-31,110372,1,75,0,1434.0
10109622VITORJ_2025-08-31_G04,10109622VITORJ,2025-08-31,111602,1,3,0,1915.0
10109622VITORJ_2025-08-31_G05,10109622VITORJ,2025-08-31,140922,1,2,0,124.0
10109622VITORJ_2025-08-31_G06,10109622VITORJ,2025-08-31,118140,1,2,0,107.0
10109622VITORJ_2025-08-31_G07,10109622VITORJ,2025-08-31,117935,1,10,0,185.0
10109622VITORJ_2025-08-31_G08,10109622VITORJ,2025-08-31,117935,1,10,0,92.0
10109622VITORJ_2025-08-31_G09,10109622VITORJ,2025-08-31,108772,1,5,0,309.0
10109622VITORJ_2025-08-31_G10,10109622VITORJ,2025-08-31,108772,1,5,0,49.0
10109622VITORJ_2025-08-31_G11,10109622VITORJ,2025-08-31,110373,1,4,0,962.0
10109622VITORJ_2025-08-31_G12,10109622VITORJ,2025-08-31,141318,1,4,0,177.0
10109622VITORJ_2025-08-31_G13,10109622VITORJ,2025-08-31,118299,1,2,0,122.0
10109622VITORJ_2025-08-31_G14,10109622VITORJ,2025-08-31,117808,1,2,0,170.0
10109622VITORJ_2025-08-31_G15,10109622VITORJ,2025-08-31,111418,1,4,0,225.0
10109622VITORJ_2025-08-31_G16,10109622VITORJ,2025-08-31,117820,1,2,0,167.0
10109622VITORJ_2025-08-31_G17,10109622VITORJ,2025-08-31,117808,1,24,0,255.0
10109622VITORJ_2025-08-31_G18,10109622VITORJ,2025-08-31,117855,1,4,0,502.0
10109622VITORJ_2025-08-31_G19,10109622VITORJ,2025-08-31,110733,1,2,0,137.0
10109622VITORJ_2025-08-31_G20,10109622VITORJ,2025-08-31,111602,1,4,0,180.0
10109622VITORJ_2025-08-31_G21,10109622VITORJ,2025-08-31,108711,1,6,0,270.0
10109622VITORJ_2025-08-31_G22,10109622VITORJ,2025-08-31,111743,1,4,0,121.0
10109622VITORJ_2025-08-31_G23,10109622VITORJ,2025-08-31,110787,1,2,0,99.0
10109622VITORJ_2025-08-31_G24,10109622VITORJ,2025-08-31,118140,1,4,0,123.0
10109622VITORJ_2025-08-31_G25,10109622VITORJ,2025-08-31,111441,1,4,0,432.0
10109622VITORJ_2025-08-31_G26,10109622VITORJ,2025-08-31,141318,1,4,0,955.0
10109622VITORJ_2025-08-31_G27,10109622VITORJ,2025-08-31,160054,1,2,0,253.0
10109622VITORJ_2025-08-31_G28,10109622VITORJ,2025-08-31,111330,1,6,0,332.0
10109622VITORJ_2025-09-04_G02,10109622VITORJ,2025-09-04,122962,1,60,0,1592.0
10109622VITORJ_2025-09-04_G03,10109622VITORJ,2025-09-04,180024,1,4,0,345.0
10109622VITORJ_2025-09-04_G05,10109622VITORJ,2025-09-04,122673,1,6,0,993.0
10109622VITORJ_2025-09-04_G06,10109622VITORJ,2025-09-04,122962,1,12,0,328.0
10109622VITORJ_2025-09-04_G07,10109622VITORJ,2025-09-04,122984,1,44,0,1301.0
10109622VITORJ_2025-09-04_G08,10109622VITORJ,2025-09-04,180024,1,4,0,367.0
10109622VITORJ_2025-09-05_G03,10109622VITORJ,2025-09-05,120339,1,4,0,959.0
10109622VITORJ_2025-09-05_G04,10109622VITORJ,2025-09-05,123909,1,2,0,826.0
10109622VITORJ_2025-09-05_G05,10109622VITORJ,2025-09-05,122983,1,7,0,392.0
10109622VITORJ_2025-09-05_G06,10109622VITORJ,2025-09-05,124624,1,1,0,154.0
10109622VITORJ_2025-09-05_G07,10109622VITORJ,2025-09-05,124248,1,11,0,523.0
10109622VITORJ_2025-09-05_G08,10109622VITORJ,2025-09-05,121651,1,16,0,547.0
10109622VITORJ_2025-09-06_G02,10109622VITORJ,2025-09-06,123080,1,4,0,183.0
10109622VITORJ_2025-09-06_G03,10109622VITORJ,2025-09-06,123909,1,10,0,375.0
10109622VITORJ_2025-09-06_G04,10109622VITORJ,2025-09-06,124370,1,2,0,128.0
10109622VITORJ_2025-09-06_G05,10109622VITORJ,2025-09-06,124371,1,8,0,349.0
10109622VITORJ_2025-09-06_G06,10109622VITORJ,2025-09-06,124371,1,10,0,322.0
10109622VITORJ_2025-09-06_G07,10109622VITORJ,2025-09-06,122962,1,32,0,677.0
10109622VITORJ_2025-09-06_G08,10109622VITORJ,2025-09-06,180601,1,1,0,888.0
10109622VITORJ_2025-09-06_G09,10109622VITORJ,2025-09-06,180601,5,5,39,903.0
10109622VITORJ_2025-09-06_G10,10109622VITORJ,2025-09-06,180024,1,12,0,1211.0
10109622VITORJ_2025-09-06_G11,10109622VITORJ,2025-09-06,124486,1,12,0,455.0
10109622VITORJ_2025-09-06_G12,10109622VITORJ,2025-09-06,124486,1,44,0,964.0
10109622VITORJ_2025-09-06_G13,10109622VITORJ,2025-09-06,122962,1,44,0,371.0
10109622VITORJ_2025-09-06_G14,10109622VITORJ,2025-09-06,114671,1,4,0,3041.0
10109622VITORJ_2025-09-06_G15,10109622VITORJ,2025-09-06,114647,1,4,0,951.0
10109622VITORJ_2025-09-07_G02,10109622VITORJ,2025-09-07,110339,1,100,0,689.0
10109622VITORJ_2025-09-07_G03,10109622VITORJ,2025-09-07,111463,1,150,0,3585.0
10109622VITORJ_2025-09-07_G04,10109622VITORJ,2025-09-07,111466,1,70,0,599.0
10109622VITORJ_2025-09-07_G05,10109622VITORJ,2025-09-07,117820,1,200,0,737.0
10109622VITORJ_2025-09-08_G02,10109622VITORJ,2025-09-08,111441,1,4,0,225.0
10109622VITORJ_2025-09-08_G03,10109622VITORJ,2025-09-08,110755,1,4,0,132.0
10109622VITORJ_2025-09-08_G04,10109622VITORJ,2025-09-08,118222,1,4,0,162.0
10109622VITORJ_2025-09-08_G05,10109622VITORJ,2025-09-08,111466,1,3,0,109.0
10109622VITORJ_2025-09-08_G06,10109622VITORJ,2025-09-08,117785,1,3,0,293.0
10109622VITORJ_2025-09-08_G07,10109622VITORJ,2025-09-08,111442,1,2,0,55.0
10109622VITORJ_2025-09-08_G08,10109622VITORJ,2025-09-08,109643,1,4,0,152.0
10109622VITORJ_2025-09-08_G09,10109622VITORJ,2025-09-08,117808,1,7,0,100.0
10109622VITORJ_2025-09-08_G10,10109622VITORJ,2025-09-08,117832,1,4,0,137.0
10109622VITORJ_2025-09-08_G11,10109622VITORJ,2025-09-08,110371,1,8,0,94.0
10109622VITORJ_2025-09-08_G13,10109622VITORJ,2025-09-08,111469,1,100,0,1087.0
10109622VITORJ_2025-09-08_G14,10109622VITORJ,2025-09-08,107830,1,450,0,2123.0
10109622VITORJ_2025-09-08_G15,10109622VITORJ,2025-09-08,110371,1,900,0,1116.0
10109622VITORJ_2025-09-09_G02,10109622VITORJ,2025-09-09,110755,1,5,0,264.0
10109622VITORJ_2025-09-09_G03,10109622VITORJ,2025-09-09,111569,1,30,0,1218.0
10109622VITORJ_2025-09-09_G04,10109622VITORJ,2025-09-09,110747,1,2,0,441.0
10109622VITORJ_2025-09-09_G05,10109622VITORJ,2025-09-09,111438,1,45,0,337.0
10109622VITORJ_2025-09-09_G06,10109622VITORJ,2025-09-09,118222,1,91,0,1747.0
10109622VITORJ_2025-09-09_G07,10109622VITORJ,2025-09-09,111463,1,6,0,383.0
10109622VITORJ_2025-09-09_G08,10109622VITORJ,2025-09-09,116241,1,28,0,264.0
10109622VITORJ_2025-09-09_G09,10109622VITORJ,2025-09-09,118140,1,70,0,354.0
10109622VITORJ_2025-09-09_G10,10109622VITORJ,2025-09-09,118140,1,2,0,196.0
10109622VITORJ_2025-09-09_G11,10109622VITORJ,2025-09-09,111743,1,6,0,68.0
10109622VITORJ_2025-09-09_G12,10109622VITORJ,2025-09-09,117821,1,25,0,768.0
10109622VITORJ_2025-09-09_G13,10109622VITORJ,2025-09-09,141457,1,7,0,104.0
10109622VITORJ_2025-09-09_G14,10109622VITORJ,2025-09-09,111418,1,124,0,753.0
10109622VITORJ_2025-09-09_G15,10109622VITORJ,2025-09-09,111532,1,25,0,629.0
10109622VITORJ_2025-09-09_G16,10109622VITORJ,2025-09-09,111466,1,2,0,155.0
10109622VITORJ_2025-09-09_G18,10109622VITORJ,2025-09-09,124264,1,67,0,1336.0
10109622VITORJ_2025-09-09_G19,10109622VITORJ,2025-09-09,124264,1,24,0,644.0
10109622VITORJ_2025-09-09_G20,10109622VITORJ,2025-09-09,124264,1,25,0,600.0
10109622VITORJ_2025-09-10_G02,10109622VITORJ,2025-09-10,122647,1,2,0,1585.0
10109622VITORJ_2025-09-10_G03,10109622VITORJ,2025-09-10,122984,1,8,0,505.0
10109622VITORJ_2025-09-10_G04,10109622VITORJ,2025-09-10,123909,1,100,0,2443.0
10109622VITORJ_2025-09-10_G05,10109622VITORJ,2025-09-10,123153,1,250,0,1833.0
10109622VITORJ_2025-09-10_G08,10109622VITORJ,2025-09-10,111438,1,4,0,103.0
10109622VITORJ_2025-09-10_G09,10109622VITORJ,2025-09-10,118222,1,8,0,308.0
10109622VITORJ_2025-09-10_G10,10109622VITORJ,2025-09-10,117862,1,6,0,171.0
10109622VITORJ_2025-09-10_G11,10109622VITORJ,2025-09-10,111530,1,6,0,149.0
10109622VITORJ_2025-09-10_G12,10109622VITORJ,2025-09-10,111530,1,8,0,76.0
10109622VITORJ_2025-09-10_G13,10109622VITORJ,2025-09-10,110733,1,3,0,70.0
10109622VITORJ_2025-09-10_G14,10109622VITORJ,2025-09-10,110313,1,4,0,106.0
10109622VITORJ_2025-09-10_G15,10109622VITORJ,2025-09-10,118094,1,6,0,661.0
10109622VITORJ_2025-09-10_G16,10109622VITORJ,2025-09-10,111742,1,1,0,2803.0
10109622VITORJ_2025-09-10_G17,10109622VITORJ,2025-09-10,111754,2,11,24,721.0
10109622VITORJ_2025-09-10_G18,10109622VITORJ,2025-09-10,111740,1,13,0,591.0
10109622VITORJ_2025-09-10_G19,10109622VITORJ,2025-09-10,111740,1,9,0,79.0
10109622VITORJ_2025-09-10_G20,10109622VITORJ,2025-09-10,117786,1,8,0,610.0
10109622VITORJ_2025-09-10_G21,10109622VITORJ,2025-09-10,117862,1,8,0,100.0
10109622VITORJ_2025-09-10_G22,10109622VITORJ,2025-09-10,111876,1,2,0,66.0
10109622VITORJ_2025-09-10_G23,10109622VITORJ,2025-09-10,118094,1,4,0,185.0
10109622VITORJ_2025-09-11_G02,10109622VITORJ,2025-09-11,118140,1,20,0,301.0
10109622VITORJ_2025-09-11_G03,10109622VITORJ,2025-09-11,117787,1,1,0,73.0
10109622VITORJ_2025-09-11_G04,10109622VITORJ,2025-09-11,111431,1,2,0,200.0
10109622VITORJ_2025-09-11_G05,10109622VITORJ,2025-09-11,141456,1,10,0,162.0
10109622VITORJ_2025-09-11_G06,10109622VITORJ,2025-09-11,141457,1,10,0,121.0
10109622VITORJ_2025-09-11_G07,10109622VITORJ,2025-09-11,117785,1,9,0,149.0
10109622VITORJ_2025-09-11_G08,10109622VITORJ,2025-09-11,111330,1,1,0,67.0
10109622VITORJ_2025-09-11_G09,10109622VITORJ,2025-09-11,111468,1,4,0,178.0
10109622VITORJ_2025-09-11_G10,10109622VITORJ,2025-09-11,110740,1,6,0,110.0
10109622VITORJ_2025-09-11_G11,10109622VITORJ,2025-09-11,110374,1,4,0,163.0
10109622VITORJ_2025-09-11_G12,10109622VITORJ,2025-09-11,117820,1,10,0,488.0
10109622VITORJ_2025-09-11_G13,10109622VITORJ,2025-09-11,"117832, 110371",2,11,24,94.0
10109622VITORJ_2025-09-11_G14,10109622VITORJ,2025-09-11,110787,1,10,0,3363.0
10109622VITORJ_2025-09-11_G15,10109622VITORJ,2025-09-11,"117820, 160054",2,18,25,993.0
10109622VITORJ_2025-09-11_G16,10109622VITORJ,2025-09-11,110787,1,1,0,155.0
10109622VITORJ_2025-09-11_G17,10109622VITORJ,2025-09-11,110787,1,2,0,57.0
10109622VITORJ_2025-09-11_G18,10109622VITORJ,2025-09-11,111435,1,5,0,677.0
10109622VITORJ_2025-09-11_G19,10109622VITORJ,2025-09-11,118317,1,11,0,483.0
10109622VITORJ_2025-09-11_G20,10109622VITORJ,2025-09-11,109641,1,8,0,217.0
10109622VITORJ_2025-09-11_G21,10109622VITORJ,2025-09-11,118140,1,4,0,1200.0
10109622VITORJ_2025-09-11_G22,10109622VITORJ,2025-09-11,117841,1,4,0,56.0
10109622VITORJ_2025-09-11_G23,10109622VITORJ,2025-09-11,141823,1,2,0,92.0
10109622VITORJ_2025-09-11_G24,10109622VITORJ,2025-09-11,117821,1,4,0,52.0
10109622VITORJ_2025-09-11_G25,10109622VITORJ,2025-09-11,111418,1,9,0,223.0
10109622VITORJ_2025-09-11_G26,10109622VITORJ,2025-09-11,107236,1,4,0,253.0
10109622VITORJ_2025-09-11_G27,10109622VITORJ,2025-09-11,111462,1,8,0,103.0
10109622VITORJ_2025-09-11_G28,10109622VITORJ,2025-09-11,117831,1,3,0,94.0
10109622VITORJ_2025-09-11_G29,10109622VITORJ,2025-09-11,110740,1,2,0,160.0
10109622VITORJ_2025-09-11_G30,10109622VITORJ,2025-09-11,111443,1,10,0,1494.0
10109622VITORJ_2025-09-11_G32,10109622VITORJ,2025-09-11,111850,1,4,0,106.0
10109622VITORJ_2025-09-11_G33,10109622VITORJ,2025-09-11,110747,1,3,0,172.0
10109622VITORJ_2025-09-11_G34,10109622VITORJ,2025-09-11,111660,1,2,0,732.0
10109622VITORJ_2025-09-11_G35,10109622VITORJ,2025-09-11,111876,1,8,0,146.0
10109622VITORJ_2025-09-11_G36,10109622VITORJ,2025-09-11,141047,1,4,0,331.0
10109622VITORJ_2025-09-11_G37,10109622VITORJ,2025-09-11,109643,1,4,0,367.0
10109622VITORJ_2025-09-11_G38,10109622VITORJ,2025-09-11,110374,1,13,0,646.0
10109622VITORJ_2025-09-11_G39,10109622VITORJ,2025-09-11,117820,1,2,0,48.0
10109622VITORJ_2025-09-11_G40,10109622VITORJ,2025-09-11,117820,1,61,0,680.0
10109622VITORJ_2025-09-11_G41,10109622VITORJ,2025-09-11,110372,1,14,0,176.0
10109622VITORJ_2025-09-11_G42,10109622VITORJ,2025-09-11,110371,1,6,0,53.0
10109622VITORJ_2025-09-11_G43,10109622VITORJ,2025-09-11,110373,1,30,0,543.0
10109622VITORJ_2025-09-11_G44,10109622VITORJ,2025-09-11,117808,1,60,0,815.0
10109622VITORJ_2025-09-11_G45,10109622VITORJ,2025-09-11,111850,1,2,0,661.0
10109622VITORJ_2025-09-11_G46,10109622VITORJ,2025-09-11,111850,1,2,0,31.0
10109622VITORJ_2025-09-11_G47,10109622VITORJ,2025-09-11,110742,1,6,0,258.0
10109622VITORJ_2025-09-11_G48,10109622VITORJ,2025-09-11,117786,1,6,0,81.0
10109622VITORJ_2025-09-11_G49,10109622VITORJ,2025-09-11,111876,1,4,0,113.0
10109622VITORJ_2025-09-11_G50,10109622VITORJ,2025-09-11,110313,1,6,0,141.0
10109622VITORJ_2025-09-11_G51,10109622VITORJ,2025-09-11,105705,1,2,0,277.0
10109622VITORJ_2025-09-12_G02,10109622VITORJ,2025-09-12,111569,1,15,0,899.0
10109622VITORJ_2025-09-12_G03,10109622VITORJ,2025-09-12,118418,1,4,0,729.0
10109622VITORJ_2025-09-12_G04,10109622VITORJ,2025-09-12,100334,1,8,0,609.0
10109622VITORJ_2025-09-12_G05,10109622VITORJ,2025-09-12,111438,1,21,0,989.0
10109622VITORJ_2025-09-12_G06,10109622VITORJ,2025-09-12,110582,1,12,0,363.0
10109622VITORJ_2025-09-12_G07,10109622VITORJ,2025-09-12,110743,1,2,0,1383.0
10109622VITORJ_2025-09-12_G08,10109622VITORJ,2025-09-12,111435,1,8,0,106.0
10109622VITORJ_2025-09-12_G09,10109622VITORJ,2025-09-12,111418,1,66,0,204.0
10109622VITORJ_2025-09-12_G10,10109622VITORJ,2025-09-12,111463,1,73,0,512.0
10109622VITORJ_2025-09-12_G11,10109622VITORJ,2025-09-12,116241,1,4,0,881.0
10109622VITORJ_2025-09-12_G12,10109622VITORJ,2025-09-12,108711,1,11,0,109.0
10109622VITORJ_2025-09-12_G13,10109622VITORJ,2025-09-12,111443,1,2,0,71.0
10109622VITORJ_2025-09-12_G14,10109622VITORJ,2025-09-12,118140,1,102,0,633.0
10109622VITORJ_2025-09-12_G15,10109622VITORJ,2025-09-12,117841,1,2,0,84.0
10109622VITORJ_2025-09-12_G16,10109622VITORJ,2025-09-12,117787,1,1,0,90.0
10109622VITORJ_2025-09-12_G17,10109622VITORJ,2025-09-12,117821,1,18,0,125.0
10109622VITORJ_2025-09-12_G18,10109622VITORJ,2025-09-12,141456,1,8,0,456.0
10109622VITORJ_2025-09-12_G19,10109622VITORJ,2025-09-12,109645,1,8,0,102.0
10109622VITORJ_2025-09-12_G20,10109622VITORJ,2025-09-12,108794,1,6,0,82.0
10109622VITORJ_2025-09-12_G22,10109622VITORJ,2025-09-12,109974,1,2,0,1234.0
10109622VITORJ_2025-09-12_G23,10109622VITORJ,2025-09-12,111793,1,2,0,1312.0
10109622VITORJ_2025-09-12_G24,10109622VITORJ,2025-09-12,111112,1,4,0,274.0
10109622VITORJ_2025-09-12_G25,10109622VITORJ,2025-09-12,140988,1,4,0,375.0
10109622VITORJ_2025-09-12_G26,10109622VITORJ,2025-09-12,110749,1,4,0,163.0
10109622VITORJ_2025-09-12_G27,10109622VITORJ,2025-09-12,110841,1,1,0,165.0
10109622VITORJ_2025-09-12_G28,10109622VITORJ,2025-09-12,108031,1,2,0,112.0
10109622VITORJ_2025-09-12_G29,10109622VITORJ,2025-09-12,110682,1,1,0,212.0
10109622VITORJ_2025-09-12_G30,10109622VITORJ,2025-09-12,109873,1,1,0,66.0
10109622VITORJ_2025-09-12_G31,10109622VITORJ,2025-09-12,118417,1,9,0,110.0
10109622VITORJ_2025-09-12_G32,10109622VITORJ,2025-09-12,118364,1,1,0,576.0
10109622VITORJ_2025-09-12_G33,10109622VITORJ,2025-09-12,111437,1,1,0,1375.0
10109622VITORJ_2025-09-13_G02,10109622VITORJ,2025-09-13,117785,1,535,0,1784.0
10109622VITORJ_2025-09-13_G03,10109622VITORJ,2025-09-13,111418,1,400,0,1713.0
10109622VITORJ_2025-09-13_G04,10109622VITORJ,2025-09-13,117821,1,100,0,709.0
10109622VITORJ_2025-09-13_G05,10109622VITORJ,2025-09-13,109645,1,30,0,1519.0
10109622VITORJ_2025-09-13_G06,10109622VITORJ,2025-09-13,108794,1,40,0,382.0
10109622VITORJ_2025-09-13_G07,10109622VITORJ,2025-09-13,111466,1,112,0,1803.0
10109622VITORJ_2025-09-13_G08,10109622VITORJ,2025-09-13,109643,1,60,0,380.0
10109622VITORJ_2025-09-13_G09,10109622VITORJ,2025-09-13,110374,1,100,0,394.0
10109622VITORJ_2025-09-13_G10,10109622VITORJ,2025-09-13,117832,1,140,0,1049.0
10109622VITORJ_2025-09-13_G11,10109622VITORJ,2025-09-13,117830,1,100,0,548.0
10109622VITORJ_2025-09-14_G02,10109622VITORJ,2025-09-14,109643,1,8,0,104.0
10109622VITORJ_2025-09-14_G03,10109622VITORJ,2025-09-14,110374,1,20,0,122.0
10109622VITORJ_2025-09-15_G02,10109622VITORJ,2025-09-15,117840,1,12,0,797.0
10109622VITORJ_2025-09-15_G04,10109622VITORJ,2025-09-15,117820,1,150,0,1095.0
10109622VITORJ_2025-09-15_G05,10109622VITORJ,2025-09-15,117808,1,400,0,897.0
10109622VITORJ_2025-09-15_G06,10109622VITORJ,2025-09-15,117809,1,30,0,313.0
10109622VITORJ_2025-09-15_G07,10109622VITORJ,2025-09-15,117830,1,16,0,118.0
10109622VITORJ_2025-09-15_G08,10109622VITORJ,2025-09-15,109647,1,2,0,508.0
10109622VITORJ_2025-09-15_G09,10109622VITORJ,2025-09-15,117833,1,2,0,122.0
10109622VITORJ_2025-09-15_G10,10109622VITORJ,2025-09-15,110373,1,6,0,113.0
10109622VITORJ_2025-09-15_G11,10109622VITORJ,2025-09-15,118299,1,10,0,148.0
10109622VITORJ_2025-09-15_G12,10109622VITORJ,2025-09-15,117832,1,2,0,65.0
10109622VITORJ_2025-09-15_G13,10109622VITORJ,2025-09-15,110371,1,4,0,49.0
10109622VITORJ_2025-09-15_G14,10109622VITORJ,2025-09-15,117820,1,2,0,108.0
10109622VITORJ_2025-09-15_G15,10109622VITORJ,2025-09-15,117808,1,20,0,517.0
10109622VITORJ_2025-09-15_G16,10109622VITORJ,2025-09-15,117830,1,4,0,131.0
10109622VITORJ_2025-09-15_G17,10109622VITORJ,2025-09-15,110895,1,3,0,672.0
10109622VITORJ_2025-09-15_G19,10109622VITORJ,2025-09-15,111463,1,30,0,400.0
10109622VITORJ_2025-09-15_G20,10109622VITORJ,2025-09-15,108795,1,25,0,397.0
10109622VITORJ_2025-09-15_G21,10109622VITORJ,2025-09-15,111418,1,80,0,164.0
10109622VITORJ_2025-09-15_G22,10109622VITORJ,2025-09-15,118317,1,10,0,145.0
10109622VITORJ_2025-09-15_G23,10109622VITORJ,2025-09-15,109645,1,8,0,82.0
10109622VITORJ_2025-09-15_G24,10109622VITORJ,2025-09-15,108711,1,20,0,107.0
10109622VITORJ_2025-09-15_G25,10109622VITORJ,2025-09-15,111435,1,6,0,225.0
10109622VITORJ_2025-09-15_G26,10109622VITORJ,2025-09-15,111532,1,25,0,120.0
10109622VITORJ_2025-09-15_G27,10109622VITORJ,2025-09-15,141823,1,30,0,220.0
10109622VITORJ_2025-09-15_G28,10109622VITORJ,2025-09-15,108794,1,20,0,512.0
10109622VITORJ_2025-09-15_G29,10109622VITORJ,2025-09-15,111469,1,30,0,174.0
10109622VITORJ_2025-09-15_G30,10109622VITORJ,2025-09-15,111466,1,30,0,181.0
10109622VITORJ_2025-09-15_G31,10109622VITORJ,2025-09-15,111462,1,30,0,360.0
10109622VITORJ_2025-09-15_G32,10109622VITORJ,2025-09-15,140922,1,10,0,125.0
10109622VITORJ_2025-09-15_G33,10109622VITORJ,2025-09-15,111468,1,16,0,182.0
10109622VITORJ_2025-09-15_G34,10109622VITORJ,2025-09-15,110740,1,10,0,81.0
10109622VITORJ_2025-09-15_G35,10109622VITORJ,2025-09-15,117831,1,30,0,243.0
10109622VITORJ_2025-09-15_G36,10109622VITORJ,2025-09-15,111465,1,16,0,143.0
10109622VITORJ_2025-09-15_G37,10109622VITORJ,2025-09-15,111172,1,9,0,117.0
10109622VITORJ_2025-09-15_G38,10109622VITORJ,2025-09-15,117821,1,15,0,82.0
10109622VITORJ_2025-09-15_G39,10109622VITORJ,2025-09-15,110373,1,40,0,1937.0
10109622VITORJ_2025-09-15_G40,10109622VITORJ,2025-09-15,117808,1,192,0,554.0
10109622VITORJ_2025-09-15_G41,10109622VITORJ,2025-09-15,117830,1,200,0,755.0
10109622VITORJ_2025-09-15_G42,10109622VITORJ,2025-09-15,117808,1,108,0,460.0
10109622VITORJ_2025-09-15_G43,10109622VITORJ,2025-09-15,117855,1,30,0,582.0
10109622VITORJ_2025-09-16_G02,10109622VITORJ,2025-09-16,110747,1,50,0,387.0
10109622VITORJ_2025-09-16_G03,10109622VITORJ,2025-09-16,111660,1,40,0,592.0
10109622VITORJ_2025-09-16_G06,10109622VITORJ,2025-09-16,110373,2,4,23,75.0
10109622VITORJ_2025-09-16_G07,10109622VITORJ,2025-09-16,110371,1,1,0,85.0
10109622VITORJ_2025-09-16_G08,10109622VITORJ,2025-09-16,117808,1,8,0,55.0
10109622VITORJ_2025-09-16_G09,10109622VITORJ,2025-09-16,117808,1,9,0,40.0
10109622VITORJ_2025-09-16_G10,10109622VITORJ,2025-09-16,117820,1,1,0,69.0
10109622VITORJ_2025-09-16_G11,10109622VITORJ,2025-09-16,118299,2,2,17,91.0
10109622VITORJ_2025-09-16_G12,10109622VITORJ,2025-09-16,118299,1,6,0,41.0
10109622VITORJ_2025-09-16_G13,10109622VITORJ,2025-09-16,107629,1,4,0,323.0
10109622VITORJ_2025-09-16_G14,10109622VITORJ,2025-09-16,107629,1,4,0,46.0
10109622VITORJ_2025-09-16_G15,10109622VITORJ,2025-09-16,117861,1,1,0,64.0
10109622VITORJ_2025-09-16_G16,10109622VITORJ,2025-09-16,110313,1,2,0,149.0
10109622VITORJ_2025-09-16_G17,10109622VITORJ,2025-09-16,110515,1,1,0,54.0
10109622VITORJ_2025-09-16_G19,10109622VITORJ,2025-09-16,118222,1,4,0,894.0
10109622VITORJ_2025-09-16_G20,10109622VITORJ,2025-09-16,111441,1,8,0,284.0
10109622VITORJ_2025-09-16_G21,10109622VITORJ,2025-09-16,141047,1,2,0,123.0
10109622VITORJ_2025-09-16_G22,10109622VITORJ,2025-09-16,111348,1,7,0,171.0
10109622VITORJ_2025-09-16_G23,10109622VITORJ,2025-09-16,109643,1,10,0,162.0
10109622VITORJ_2025-09-17_G02,10109622VITORJ,2025-09-17,108759,1,4,0,890.0
10109622VITORJ_2025-09-17_G03,10109622VITORJ,2025-09-17,110742,1,4,0,129.0
10109622VITORJ_2025-09-17_G04,10109622VITORJ,2025-09-17,118251,1,8,0,443.0
10109622VITORJ_2025-09-17_G05,10109622VITORJ,2025-09-17,117834,1,50,0,711.0
10109622VITORJ_2025-09-17_G06,10109622VITORJ,2025-09-17,111445,1,4,0,368.0
10109622VITORJ_2025-09-17_G07,10109622VITORJ,2025-09-17,109384,1,4,0,99.0
10109622VITORJ_2025-09-17_G08,10109622VITORJ,2025-09-17,117809,1,10,0,651.0
10109622VITORJ_2025-09-17_G09,10109622VITORJ,2025-09-17,110372,1,200,0,569.0
10109622VITORJ_2025-09-17_G10,10109622VITORJ,2025-09-17,110374,1,76,0,403.0
10109622VITORJ_2025-09-17_G11,10109622VITORJ,2025-09-17,110371,1,50,0,758.0
10109622VITORJ_2025-09-17_G12,10109622VITORJ,2025-09-17,110375,1,8,0,166.0
10109622VITORJ_2025-09-17_G13,10109622VITORJ,2025-09-17,117830,1,20,0,155.0
10109622VITORJ_2025-09-17_G14,10109622VITORJ,2025-09-17,118299,1,115,0,457.0
10109622VITORJ_2025-09-17_G15,10109622VITORJ,2025-09-17,141047,1,8,0,194.0
10109622VITORJ_2025-09-17_G16,10109622VITORJ,2025-09-17,141047,1,8,0,499.0
10109622VITORJ_2025-09-17_G17,10109622VITORJ,2025-09-17,117855,1,8,0,79.0
10109622VITORJ_2025-09-17_G18,10109622VITORJ,2025-09-17,117786,1,10,0,148.0
10109622VITORJ_2025-09-17_G19,10109622VITORJ,2025-09-17,109640,1,4,0,93.0
10109622VITORJ_2025-09-17_G20,10109622VITORJ,2025-09-17,109640,1,8,0,83.0
10109622VITORJ_2025-09-17_G21,10109622VITORJ,2025-09-17,109640,1,7,0,64.0
10109622VITORJ_2025-09-17_G22,10109622VITORJ,2025-09-17,110752,1,10,0,119.0
10109622VITORJ_2025-09-17_G23,10109622VITORJ,2025-09-17,118094,1,6,0,209.0
10109622VITORJ_2025-09-17_G25,10109622VITORJ,2025-09-17,110742,1,4,0,60.0
10109622VITORJ_2025-09-17_G26,10109622VITORJ,2025-09-17,110623,1,2,0,105.0
10109622VITORJ_2025-09-17_G27,10109622VITORJ,2025-09-17,117862,1,20,0,330.0
10109622VITORJ_2025-09-17_G28,10109622VITORJ,2025-09-17,140957,1,2,0,77.0
10109622VITORJ_2025-09-17_G29,10109622VITORJ,2025-09-17,118298,1,4,0,58.0
10109622VITORJ_2025-09-17_G30,10109622VITORJ,2025-09-17,111530,1,40,0,306.0
10109622VITORJ_2025-09-17_G31,10109622VITORJ,2025-09-17,110733,1,6,0,128.0
10109622VITORJ_2025-09-17_G32,10109622VITORJ,2025-09-17,111879,1,6,0,95.0
10109622VITORJ_2025-09-17_G33,10109622VITORJ,2025-09-17,117786,1,30,0,296.0
10109622VITORJ_2025-09-17_G34,10109622VITORJ,2025-09-17,141457,1,100,0,275.0
10109622VITORJ_2025-09-17_G35,10109622VITORJ,2025-09-17,109649,1,4,0,166.0
10109622VITORJ_2025-09-17_G36,10109622VITORJ,2025-09-17,111463,1,20,0,680.0
10109622VITORJ_2025-09-17_G37,10109622VITORJ,2025-09-17,117785,1,100,0,447.0
10109622VITORJ_2025-09-17_G38,10109622VITORJ,2025-09-17,108711,1,10,0,145.0
10109622VITORJ_2025-09-17_G39,10109622VITORJ,2025-09-17,111418,1,80,0,198.0
10109622VITORJ_2025-09-17_G40,10109622VITORJ,2025-09-17,105705,1,3,0,138.0
10109622VITORJ_2025-09-17_G41,10109622VITORJ,2025-09-17,110748,1,2,0,505.0
10109622VITORJ_2025-09-17_G42,10109622VITORJ,2025-09-17,111466,1,20,0,105.0
10109622VITORJ_2025-09-17_G43,10109622VITORJ,2025-09-17,111348,1,6,0,225.0
10109622VITORJ_2025-09-17_G44,10109622VITORJ,2025-09-17,117831,1,40,0,311.0
10109622VITORJ_2025-09-17_G45,10109622VITORJ,2025-09-17,117831,1,20,0,118.0
10109622VITORJ_2025-09-17_G46,10109622VITORJ,2025-09-17,111172,1,8,0,1490.0
10109622VITORJ_2025-09-17_G47,10109622VITORJ,2025-09-17,117785,1,980,0,1767.0
10109622VITORJ_2025-09-18_G02,10109622VITORJ,2025-09-18,117820,1,270,0,511.0
10109622VITORJ_2025-09-18_G03,10109622VITORJ,2025-09-18,117808,1,400,0,920.0
10109622VITORJ_2025-09-18_G04,10109622VITORJ,2025-09-18,118299,1,700,0,566.0
10109622VITORJ_2025-09-18_G05,10109622VITORJ,2025-09-18,111463,1,1,0,2160.0
10109622VITORJ_2025-09-18_G06,10109622VITORJ,2025-09-18,109641,1,3,0,77.0
10109622VITORJ_2025-09-18_G07,10109622VITORJ,2025-09-18,111466,1,150,0,754.0
10109622VITORJ_2025-09-18_G08,10109622VITORJ,2025-09-18,100334,1,8,0,244.0
10109622VITORJ_2025-09-18_G09,10109622VITORJ,2025-09-18,111530,1,84,0,679.0
10109622VITORJ_2025-09-18_G12,10109622VITORJ,2025-09-18,141456,1,320,0,1500.0
10109622VITORJ_2025-09-18_G13,10109622VITORJ,2025-09-18,141457,1,430,0,1117.0
10109622VITORJ_2025-09-18_G14,10109622VITORJ,2025-09-18,110374,1,31,0,1218.0
10109622VITORJ_2025-09-18_G15,10109622VITORJ,2025-09-18,118299,1,22,0,146.0
10109622VITORJ_2025-09-18_G16,10109622VITORJ,2025-09-18,141202,1,10,0,195.0
10109622VITORJ_2025-09-18_G17,10109622VITORJ,2025-09-18,117808,1,301,0,677.0
10109622VITORJ_2025-09-18_G18,10109622VITORJ,2025-09-18,117830,1,60,0,464.0
10109622VITORJ_2025-09-18_G19,10109622VITORJ,2025-09-18,116241,1,18,0,1022.0
10109622VITORJ_2025-09-18_G20,10109622VITORJ,2025-09-18,111446,1,2,0,127.0
10109622VITORJ_2025-09-19_G02,10109622VITORJ,2025-09-19,111433,1,6,0,357.0
10109622VITORJ_2025-09-19_G03,10109622VITORJ,2025-09-19,111443,1,8,0,131.0
10109622VITORJ_2025-09-19_G04,10109622VITORJ,2025-09-19,111418,1,50,0,261.0
10109622VITORJ_2025-09-19_G05,10109622VITORJ,2025-09-19,109641,1,8,0,122.0
10109622VITORJ_2025-09-19_G06,10109622VITORJ,2025-09-19,111435,1,12,0,209.0
10109622VITORJ_2025-09-19_G07,10109622VITORJ,2025-09-19,141823,1,50,0,778.0
10109622VITORJ_2025-09-19_G08,10109622VITORJ,2025-09-19,141456,1,100,0,244.0
10109622VITORJ_2025-09-19_G09,10109622VITORJ,2025-09-19,141457,1,40,0,562.0
10109622VITORJ_2025-09-19_G10,10109622VITORJ,2025-09-19,117833,1,50,0,568.0
10109622VITORJ_2025-09-19_G11,10109622VITORJ,2025-09-19,111348,1,10,0,306.0
10109622VITORJ_2025-09-19_G12,10109622VITORJ,2025-09-19,111444,1,9,0,159.0
10109622VITORJ_2025-09-19_G13,10109622VITORJ,2025-09-19,118330,1,8,0,233.0
10109622VITORJ_2025-09-19_G14,10109622VITORJ,2025-09-19,107236,1,10,0,90.0
10109622VITORJ_2025-09-19_G15,10109622VITORJ,2025-09-19,111465,1,8,0,177.0
10109622VITORJ_2025-09-19_G16,10109622VITORJ,2025-09-19,110332,1,10,0,363.0
10109622VITORJ_2025-09-19_G17,10109622VITORJ,2025-09-19,111876,1,48,0,1784.0
10109622VITORJ_2025-09-19_G18,10109622VITORJ,2025-09-19,107629,1,17,0,1379.0
10109622VITORJ_2025-09-19_G19,10109622VITORJ,2025-09-19,117861,1,11,0,107.0
10109622VITORJ_2025-09-19_G20,10109622VITORJ,2025-09-19,110733,1,57,0,263.0
10109622VITORJ_2025-09-19_G21,10109622VITORJ,2025-09-19,111469,1,20,0,1681.0
10109622VITORJ_2025-09-19_G22,10109622VITORJ,2025-09-19,160055,1,4,0,297.0
10109622VITORJ_2025-09-19_G23,10109622VITORJ,2025-09-19,160055,1,4,0,39.0
10109622VITORJ_2025-09-19_G24,10109622VITORJ,2025-09-19,141456,1,30,0,509.0
10109622VITORJ_2025-09-19_G25,10109622VITORJ,2025-09-19,117785,1,40,0,906.0
10109622VITORJ_2025-09-19_G26,10109622VITORJ,2025-09-19,117833,1,30,0,491.0
10109622VITORJ_2025-09-19_G27,10109622VITORJ,2025-09-19,141458,1,16,0,289.0
10109622VITORJ_2025-09-19_G28,10109622VITORJ,2025-09-19,117786,1,7,0,420.0
10109622VITORJ_2025-09-19_G29,10109622VITORJ,2025-09-19,118094,1,6,0,40.0
10109622VITORJ_2025-09-19_G30,10109622VITORJ,2025-09-19,109640,1,5,0,92.0
10109622VITORJ_2025-09-19_G32,10109622VITORJ,2025-09-19,111438,1,3,0,96.0
10109622VITORJ_2025-09-19_G33,10109622VITORJ,2025-09-19,111430,1,4,0,85.0
10109622VITORJ_2025-09-19_G34,10109622VITORJ,2025-09-19,116527,1,4,0,210.0
10109622VITORJ_2025-09-19_G35,10109622VITORJ,2025-09-19,117935,1,2,0,109.0
10109622VITORJ_2025-09-19_G36,10109622VITORJ,2025-09-19,110751,1,2,0,539.0
10109622VITORJ_2025-09-19_G37,10109622VITORJ,2025-09-19,111431,1,2,0,83.0
10109622VITORJ_2025-09-19_G38,10109622VITORJ,2025-09-19,111418,1,3,0,135.0
10109622VITORJ_2025-09-19_G39,10109622VITORJ,2025-09-19,111462,1,4,0,85.0
10109622VITORJ_2025-09-19_G40,10109622VITORJ,2025-09-19,110374,1,5,0,123.0
10109622VITORJ_2025-09-19_G41,10109622VITORJ,2025-09-19,117808,1,26,0,188.0
10109622VITORJ_2025-09-19_G42,10109622VITORJ,2025-09-19,118299,1,8,0,154.0
10109622VITORJ_2025-09-19_G43,10109622VITORJ,2025-09-19,117830,1,2,0,38.0
10109622VITORJ_2025-09-19_G44,10109622VITORJ,2025-09-19,109640,1,2,0,187.0
10109622VITORJ_2025-09-19_G45,10109622VITORJ,2025-09-19,117855,1,12,0,220.0
10109622VITORJ_2025-09-19_G46,10109622VITORJ,2025-09-19,109645,1,4,0,114.0
10109622VITORJ_2025-09-19_G47,10109622VITORJ,2025-09-19,109641,1,4,0,102.0
10109622VITORJ_2025-09-19_G48,10109622VITORJ,2025-09-19,105705,1,4,0,40.0
10109622VITORJ_2025-09-19_G49,10109622VITORJ,2025-09-19,141457,1,4,0,49.0
10109622VITORJ_2025-09-19_G50,10109622VITORJ,2025-09-19,111418,1,16,0,82.0
10109622VITORJ_2025-09-19_G51,10109622VITORJ,2025-09-19,117820,1,24,0,516.0
10109622VITORJ_2025-09-19_G52,10109622VITORJ,2025-09-19,118317,1,3,0,201.0
10109622VITORJ_2025-09-19_G53,10109622VITORJ,2025-09-19,109645,1,2,0,74.0
10109622VITORJ_2025-09-19_G54,10109622VITORJ,2025-09-19,108711,1,5,0,35.0
10109622VITORJ_2025-09-19_G55,10109622VITORJ,2025-09-19,105705,1,22,0,139.0
10109622VITORJ_2025-09-19_G56,10109622VITORJ,2025-09-19,111418,1,26,0,329.0
10109622VITORJ_2025-09-19_G57,10109622VITORJ,2025-09-19,111466,1,4,0,35.0
10109622VITORJ_2025-09-19_G58,10109622VITORJ,2025-09-19,111462,1,8,0,112.0
10109622VITORJ_2025-09-19_G59,10109622VITORJ,2025-09-19,140922,1,10,0,317.0
10109622VITORJ_2025-09-19_G60,10109622VITORJ,2025-09-19,140922,1,4,0,43.0
10109622VITORJ_2025-09-19_G61,10109622VITORJ,2025-09-19,117831,1,4,0,43.0
10109622VITORJ_2025-09-19_G62,10109622VITORJ,2025-09-19,110745,1,3,0,84.0
10109622VITORJ_2025-09-19_G63,10109622VITORJ,2025-09-19,118222,1,133,0,3038.0
10109622VITORJ_2025-09-19_G64,10109622VITORJ,2025-09-19,107830,1,33,0,356.0
10109622VITORJ_2025-09-20_G02,10109622VITORJ,2025-09-20,110372,1,216,0,586.0
10109622VITORJ_2025-09-20_G03,10109622VITORJ,2025-09-20,110373,1,9,0,293.0
10109622VITORJ_2025-09-20_G04,10109622VITORJ,2025-09-20,118299,1,800,0,2488.0
10109622VITORJ_2025-09-20_G05,10109622VITORJ,2025-09-20,117809,1,103,0,256.0
10109622VITORJ_2025-09-20_G06,10109622VITORJ,2025-09-20,"117830, 110374, 117820",3,113,32,583.0
10109622VITORJ_2025-09-20_G07,10109622VITORJ,2025-09-20,111446,1,4,0,1689.0
10109622VITORJ_2025-09-20_G08,10109622VITORJ,2025-09-20,111446,2,14,28,94.0
10109622VITORJ_2025-09-20_G09,10109622VITORJ,2025-09-20,111463,1,4,0,90.0
10109622VITORJ_2025-09-20_G10,10109622VITORJ,2025-09-20,111532,1,5,0,70.0
10109622VITORJ_2025-09-20_G11,10109622VITORJ,2025-09-20,111532,2,6,19,32.0
10109622VITORJ_2025-09-20_G12,10109622VITORJ,2025-09-20,111532,1,8,0,44.0
10109622VITORJ_2025-09-20_G13,10109622VITORJ,2025-09-20,109641,1,4,0,121.0
10109622VITORJ_2025-09-20_G14,10109622VITORJ,2025-09-20,110332,1,4,0,206.0
10109622VITORJ_2025-09-20_G15,10109622VITORJ,2025-09-20,117832,1,5,0,171.0
10109622VITORJ_2025-09-20_G16,10109622VITORJ,2025-09-20,117820,1,4,0,76.0
10109622VITORJ_2025-09-20_G17,10109622VITORJ,2025-09-20,117820,1,16,0,91.0
10109622VITORJ_2025-09-20_G18,10109622VITORJ,2025-09-20,111430,1,4,0,351.0
10109622VITORJ_2025-09-20_G19,10109622VITORJ,2025-09-20,117836,1,2,0,102.0
10109622VITORJ_2025-09-20_G20,10109622VITORJ,2025-09-20,117854,1,2,0,145.0
10109622VITORJ_2025-09-20_G21,10109622VITORJ,2025-09-20,111530,1,2,0,95.0
10109622VITORJ_2025-09-20_G22,10109622VITORJ,2025-09-20,110623,1,4,0,375.0
10109622VITORJ_2025-09-20_G23,10109622VITORJ,2025-09-20,109640,1,4,0,61.0
10109622VITORJ_2025-09-21_G02,10109622VITORJ,2025-09-21,118299,1,300,0,606.0
10109622VITORJ_2025-09-21_G03,10109622VITORJ,2025-09-21,117820,1,30,0,405.0
10109622VITORJ_2025-09-21_G04,10109622VITORJ,2025-09-21,141202,1,10,0,234.0
10109622VITORJ_2025-09-21_G05,10109622VITORJ,2025-09-21,117809,1,50,0,367.0
10109622VITORJ_2025-09-21_G06,10109622VITORJ,2025-09-21,117830,1,12,0,98.0
10109622VITORJ_2025-09-21_G07,10109622VITORJ,2025-09-21,117808,1,300,0,920.0
10109622VITORJ_2025-09-21_G08,10109622VITORJ,2025-09-21,110372,1,20,0,318.0
10109622VITORJ_2025-09-21_G09,10109622VITORJ,2025-09-21,118317,1,8,0,178.0
10109622VITORJ_2025-09-21_G10,10109622VITORJ,2025-09-21,111463,1,20,0,293.0
10109622VITORJ_2025-09-21_G11,10109622VITORJ,2025-09-21,108711,1,28,0,455.0
10109622VITORJ_2025-09-21_G12,10109622VITORJ,2025-09-21,111743,1,10,0,107.0
10109622VITORJ_2025-09-21_G13,10109622VITORJ,2025-09-21,110787,1,20,0,1320.0
10109622VITORJ_2025-09-21_G14,10109622VITORJ,2025-09-21,118140,2,31,22,478.0
10109622VITORJ_2025-09-22_G02,10109622VITORJ,2025-09-22,111466,1,28,0,153.0
10109622VITORJ_2025-09-22_G03,10109622VITORJ,2025-09-22,111462,1,8,0,298.0
10109622VITORJ_2025-09-22_G04,10109622VITORJ,2025-09-22,117821,1,20,0,173.0
10109622VITORJ_2025-09-22_G05,10109622VITORJ,2025-09-22,"111468, 117831",2,16,8,59.0
10109622VITORJ_2025-09-22_G06,10109622VITORJ,2025-09-22,110332,1,32,0,307.0
10109622VITORJ_2025-09-22_G08,10109622VITORJ,2025-09-22,111348,1,968,0,3403.0
10109622VITORJ_2025-09-22_G10,10109622VITORJ,2025-09-22,111418,1,449,0,702.0
10109622VITORJ_2025-09-23_G02,10109622VITORJ,2025-09-23,111602,1,32,0,208.0
10109622VITORJ_2025-09-23_G03,10109622VITORJ,2025-09-23,118140,1,16,0,95.0
10109622VITORJ_2025-09-23_G04,10109622VITORJ,2025-09-23,118222,1,8,0,249.0
10109622VITORJ_2025-09-23_G05,10109622VITORJ,2025-09-23,111530,1,20,0,388.0
10109622VITORJ_2025-09-23_G06,10109622VITORJ,2025-09-23,111602,1,7,0,98.0
10109622VITORJ_2025-09-23_G07,10109622VITORJ,2025-09-23,110787,1,8,0,134.0
10109622VITORJ_2025-09-23_G08,10109622VITORJ,2025-09-23,140923,1,16,0,564.0
10109622VITORJ_2025-09-23_G09,10109622VITORJ,2025-09-23,110787,1,15,0,315.0
10109622VITORJ_2025-09-23_G10,10109622VITORJ,2025-09-23,117856,1,1,0,256.0
10109622VITORJ_2025-09-23_G11,10109622VITORJ,2025-09-23,140923,2,6,21,99.0
10109622VITORJ_2025-09-23_G12,10109622VITORJ,2025-09-23,111463,1,10,0,585.0
10109622VITORJ_2025-09-23_G13,10109622VITORJ,2025-09-23,111532,1,4,0,98.0
10109622VITORJ_2025-09-23_G14,10109622VITORJ,2025-09-23,111530,1,10,0,286.0
10109622VITORJ_2025-09-23_G15,10109622VITORJ,2025-09-23,111438,1,30,0,918.0
10109622VITORJ_2025-09-23_G16,10109622VITORJ,2025-09-23,140923,1,22,0,289.0
10109622VITORJ_2025-09-23_G17,10109622VITORJ,2025-09-23,"111602, 140923",3,30,53,378.0
10109622VITORJ_2025-09-23_G18,10109622VITORJ,2025-09-23,118140,1,13,0,75.0
10109622VITORJ_2025-09-23_G19,10109622VITORJ,2025-09-23,110092,1,2,0,1379.0
10109622VITORJ_2025-09-23_G20,10109622VITORJ,2025-09-23,141047,1,4,0,144.0
10109622VITORJ_2025-09-23_G21,10109622VITORJ,2025-09-23,111876,1,5,0,250.0
10109622VITORJ_2025-09-23_G22,10109622VITORJ,2025-09-23,140957,1,1,0,35.0
10109622VITORJ_2025-09-23_G23,10109622VITORJ,2025-09-23,117862,1,19,0,123.0
10109622VITORJ_2025-09-23_G24,10109622VITORJ,2025-09-23,140923,1,205,0,764.0
10109622VITORJ_2025-09-23_G25,10109622VITORJ,2025-09-23,111650,1,1,0,767.0
10109622VITORJ_2025-09-23_G26,10109622VITORJ,2025-09-23,117935,1,9,0,89.0
10109622VITORJ_2025-09-23_G27,10109622VITORJ,2025-09-23,117861,1,8,0,72.0
10109622VITORJ_2025-09-23_G28,10109622VITORJ,2025-09-23,110733,1,32,0,402.0
10109622VITORJ_2025-09-23_G29,10109622VITORJ,2025-09-23,118094,1,15,0,141.0
10109622VITORJ_2025-09-23_G30,10109622VITORJ,2025-09-23,110063,1,1,0,121.0
10109622VITORJ_2025-09-24_G02,10109622VITORJ,2025-09-24,117788,1,4,0,2583.0
10109622VITORJ_2025-09-24_G03,10109622VITORJ,2025-09-24,140923,1,4,0,94.0
10109622VITORJ_2025-09-24_G04,10109622VITORJ,2025-09-24,118298,1,4,0,58.0
10109622VITORJ_2025-09-24_G05,10109622VITORJ,2025-09-24,141456,1,4,0,121.0
10109622VITORJ_2025-09-24_G06,10109622VITORJ,2025-09-24,117787,1,4,0,203.0
10109622VITORJ_2025-09-24_G07,10109622VITORJ,2025-09-24,141457,1,4,0,89.0
10109622VITORJ_2025-09-24_G08,10109622VITORJ,2025-09-24,117785,1,4,0,87.0
10109622VITORJ_2025-09-24_G09,10109622VITORJ,2025-09-24,117831,1,4,0,77.0
10109622VITORJ_2025-09-24_G10,10109622VITORJ,2025-09-24,109643,1,4,0,244.0
10109622VITORJ_2025-09-24_G11,10109622VITORJ,2025-09-24,118299,1,100,0,187.0
10109622VITORJ_2025-09-24_G12,10109622VITORJ,2025-09-24,117808,1,100,0,432.0
10109622VITORJ_2025-09-24_G13,10109622VITORJ,2025-09-24,117840,1,4,0,252.0
10109622VITORJ_2025-09-24_G14,10109622VITORJ,2025-09-24,117820,1,4,0,93.0
10109622VITORJ_2025-09-24_G15,10109622VITORJ,2025-09-24,117809,1,100,0,199.0
10109622VITORJ_2025-09-24_G16,10109622VITORJ,2025-09-24,117830,1,4,0,126.0
10109622VITORJ_2025-09-24_G17,10109622VITORJ,2025-09-24,117856,1,20,0,706.0
10109622VITORJ_2025-09-24_G18,10109622VITORJ,2025-09-24,111530,1,50,0,265.0
10109622VITORJ_2025-09-24_G19,10109622VITORJ,2025-09-24,111879,1,4,0,257.0
10109622VITORJ_2025-09-24_G20,10109622VITORJ,2025-09-24,111602,1,50,0,733.0
10109622VITORJ_2025-09-24_G21,10109622VITORJ,2025-09-24,111743,1,30,0,226.0
10109622VITORJ_2025-09-24_G22,10109622VITORJ,2025-09-24,118140,1,40,0,334.0
10109622VITORJ_2025-09-24_G23,10109622VITORJ,2025-09-24,111442,1,7,0,203.0
10109622VITORJ_2025-09-24_G24,10109622VITORJ,2025-09-24,118271,1,8,0,89.0
10109622VITORJ_2025-09-24_G25,10109622VITORJ,2025-09-24,110325,1,50,0,482.0
10109622VITORJ_2025-09-25_G02,10109622VITORJ,2025-09-25,111469,1,6,0,157.0
10109622VITORJ_2025-09-25_G03,10109622VITORJ,2025-09-25,109641,1,10,0,260.0
10109622VITORJ_2025-09-25_G04,10109622VITORJ,2025-09-25,111743,1,14,0,99.0
10109622VITORJ_2025-09-25_G05,10109622VITORJ,2025-09-25,111418,1,20,0,176.0
10109622VITORJ_2025-09-25_G06,10109622VITORJ,2025-09-25,110372,1,37,0,453.0
10109622VITORJ_2025-09-25_G07,10109622VITORJ,2025-09-25,110325,1,8,0,147.0
10109622VITORJ_2025-09-25_G08,10109622VITORJ,2025-09-25,110833,1,1,0,185.0
10109622VITORJ_2025-09-25_G09,10109622VITORJ,2025-09-25,118290,1,3,0,123.0
10109622VITORJ_2025-09-25_G10,10109622VITORJ,2025-09-25,140923,1,100,0,605.0
10109622VITORJ_2025-09-25_G11,10109622VITORJ,2025-09-25,111879,1,12,0,312.0
10109622VITORJ_2025-09-25_G12,10109622VITORJ,2025-09-25,118299,1,4,0,99.0
10109622VITORJ_2025-09-25_G13,10109622VITORJ,2025-09-25,110325,1,80,0,342.0
10109622VITORJ_2025-09-25_G14,10109622VITORJ,2025-09-25,110325,1,7,0,70.0
10109622VITORJ_2025-09-25_G15,10109622VITORJ,2025-09-25,117832,1,4,0,390.0
10109622VITORJ_2025-09-25_G16,10109622VITORJ,2025-09-25,141456,1,50,0,1043.0
10109622VITORJ_2025-09-25_G17,10109622VITORJ,2025-09-25,111463,1,31,0,207.0
10109622VITORJ_2025-09-25_G18,10109622VITORJ,2025-09-25,108711,1,12,0,112.0
10109622VITORJ_2025-09-25_G19,10109622VITORJ,2025-09-25,111418,1,110,0,555.0
10109622VITORJ_2025-09-25_G20,10109622VITORJ,2025-09-25,108794,1,9,0,245.0
10109622VITORJ_2025-09-25_G21,10109622VITORJ,2025-09-25,111462,1,31,0,558.0
10109622VITORJ_2025-09-25_G22,10109622VITORJ,2025-09-25,117821,1,16,0,173.0
10109622VITORJ_2025-09-25_G23,10109622VITORJ,2025-09-25,141458,1,42,0,391.0
10109622VITORJ_2025-09-25_G24,10109622VITORJ,2025-09-25,117831,1,51,0,299.0
10109622VITORJ_2025-09-25_G25,10109622VITORJ,2025-09-25,111348,1,11,0,112.0
10109622VITORJ_2025-09-25_G26,10109622VITORJ,2025-09-25,107236,1,13,0,150.0
10109622VITORJ_2025-09-25_G27,10109622VITORJ,2025-09-25,111172,1,14,0,260.0
10109622VITORJ_2025-09-25_G28,10109622VITORJ,2025-09-25,140923,1,27,0,283.0
10109622VITORJ_2025-09-25_G29,10109622VITORJ,2025-09-25,111879,1,32,0,3090.0
10109622VITORJ_2025-09-25_G31,10109622VITORJ,2025-09-25,105705,1,8,0,165.0
10109622VITORJ_2025-09-25_G32,10109622VITORJ,2025-09-25,108795,1,100,0,414.0
10109622VITORJ_2025-09-25_G33,10109622VITORJ,2025-09-25,110751,1,12,0,403.0
10109622VITORJ_2025-09-25_G34,10109622VITORJ,2025-09-25,111463,1,120,0,583.0
10109622VITORJ_2025-09-25_G35,10109622VITORJ,2025-09-25,111443,1,20,0,289.0
10109622VITORJ_2025-09-25_G36,10109622VITORJ,2025-09-25,109645,1,8,0,65.0
10109622VITORJ_2025-09-25_G37,10109622VITORJ,2025-09-25,108711,1,40,0,473.0
10109622VITORJ_2025-09-25_G38,10109622VITORJ,2025-09-25,109641,1,8,0,85.0
10109622VITORJ_2025-09-25_G39,10109622VITORJ,2025-09-25,108798,1,40,0,279.0
10109622VITORJ_2025-09-25_G40,10109622VITORJ,2025-09-25,111330,1,8,0,212.0
10109622VITORJ_2025-09-25_G41,10109622VITORJ,2025-09-25,111418,1,100,0,724.0
10109622VITORJ_2025-09-25_G42,10109622VITORJ,2025-09-25,111466,1,180,0,595.0
10109622VITORJ_2025-09-25_G43,10109622VITORJ,2025-09-25,110745,1,20,0,652.0
10109622VITORJ_2025-09-25_G44,10109622VITORJ,2025-09-25,111465,1,60,0,208.0
10109622VITORJ_2025-09-25_G45,10109622VITORJ,2025-09-25,"110332, 111348",2,16,15,210.0
10109622VITORJ_2025-09-25_G46,10109622VITORJ,2025-09-25,117786,1,20,0,2109.0
10109622VITORJ_2025-09-25_G47,10109622VITORJ,2025-09-25,141047,1,20,0,224.0
10109622VITORJ_2025-09-25_G48,10109622VITORJ,2025-09-25,140923,1,40,0,391.0
10109622VITORJ_2025-09-25_G49,10109622VITORJ,2025-09-25,140923,1,25,0,339.0
10109622VITORJ_2025-09-26_G02,10109622VITORJ,2025-09-26,107629,1,12,0,219.0
10109622VITORJ_2025-09-26_G03,10109622VITORJ,2025-09-26,117861,1,8,0,86.0
10109622VITORJ_2025-09-26_G04,10109622VITORJ,2025-09-26,110733,1,20,0,332.0
10109622VITORJ_2025-09-26_G05,10109622VITORJ,2025-09-26,111467,1,12,0,251.0
10109622VITORJ_2025-09-26_G06,10109622VITORJ,2025-09-26,117837,1,30,0,589.0
10109622VITORJ_2025-09-26_G07,10109622VITORJ,2025-09-26,110374,1,50,0,418.0
10109622VITORJ_2025-09-26_G08,10109622VITORJ,2025-09-26,110371,1,20,0,238.0
10109622VITORJ_2025-09-26_G09,10109622VITORJ,2025-09-26,117832,1,12,0,620.0
10109622VITORJ_2025-09-26_G10,10109622VITORJ,2025-09-26,110372,1,50,0,3198.0
10109622VITORJ_2025-09-26_G11,10109622VITORJ,2025-09-26,118299,1,80,0,325.0
10109622VITORJ_2025-09-26_G12,10109622VITORJ,2025-09-26,110373,1,50,0,563.0
10109622VITORJ_2025-09-26_G13,10109622VITORJ,2025-09-26,110325,1,12,0,286.0
10109622VITORJ_2025-09-26_G14,10109622VITORJ,2025-09-26,117830,1,50,0,408.0
10109622VITORJ_2025-09-26_G16,10109622VITORJ,2025-09-26,111530,1,22,0,197.0
10109622VITORJ_2025-09-26_G17,10109622VITORJ,2025-09-26,111530,1,20,0,314.0
10109622VITORJ_2025-09-26_G18,10109622VITORJ,2025-09-26,111467,1,13,0,145.0
10109622VITORJ_2025-09-26_G19,10109622VITORJ,2025-09-26,111602,1,24,0,197.0
10109622VITORJ_2025-09-26_G20,10109622VITORJ,2025-09-26,118317,1,8,0,351.0
10109622VITORJ_2025-09-26_G21,10109622VITORJ,2025-09-26,118140,1,60,0,378.0
10109622VITORJ_2025-09-26_G22,10109622VITORJ,2025-09-26,141823,1,1,0,243.0
10109622VITORJ_2025-09-26_G23,10109622VITORJ,2025-09-26,110787,1,11,0,91.0
10109622VITORJ_2025-09-26_G24,10109622VITORJ,2025-09-26,141457,1,34,0,445.0
10109622VITORJ_2025-09-26_G25,10109622VITORJ,2025-09-26,116241,1,6,0,78.0
10109622VITORJ_2025-09-26_G26,10109622VITORJ,2025-09-26,110372,1,100,0,272.0
10109622VITORJ_2025-09-26_G27,10109622VITORJ,2025-09-26,117808,1,1000,0,1130.0
10109622VITORJ_2025-09-26_G28,10109622VITORJ,2025-09-26,118299,1,300,0,601.0
10109622VITORJ_2025-09-26_G29,10109622VITORJ,2025-09-26,141202,1,12,0,265.0
10109622VITORJ_2025-09-26_G30,10109622VITORJ,2025-09-26,110325,1,60,0,561.0
10109622VITORJ_2025-09-27_G02,10109622VITORJ,2025-09-27,118140,1,232,0,543.0
10109622VITORJ_2025-09-27_G03,10109622VITORJ,2025-09-27,111418,1,20,0,361.0
10109622VITORJ_2025-09-27_G04,10109622VITORJ,2025-09-27,110895,1,4,0,95.0
10109622VITORJ_2025-09-27_G05,10109622VITORJ,2025-09-27,110895,1,8,0,73.0
10109622VITORJ_2025-09-27_G07,10109622VITORJ,2025-09-27,110372,1,28,0,292.0
10109622VITORJ_2025-09-27_G08,10109622VITORJ,2025-09-27,110375,1,22,0,2170.0
10109622VITORJ_2025-09-27_G09,10109622VITORJ,2025-09-27,117808,1,1056,0,2272.0
10109622VITORJ_2025-09-27_G10,10109622VITORJ,2025-09-27,110373,1,50,0,502.0
10109622VITORJ_2025-09-28_G02,10109622VITORJ,2025-09-28,110339,1,4,0,266.0
10109622VITORJ_2025-09-28_G03,10109622VITORJ,2025-09-28,140923,1,3,0,236.0
10109622VITORJ_2025-09-28_G04,10109622VITORJ,2025-09-28,111434,1,5,0,175.0
10109622VITORJ_2025-09-28_G05,10109622VITORJ,2025-09-28,118140,1,22,0,579.0
10109622VITORJ_2025-09-28_G06,10109622VITORJ,2025-09-28,118140,1,11,0,433.0
10109622VITORJ_2025-09-28_G07,10109622VITORJ,2025-09-28,110372,1,3,0,93.0
10109622VITORJ_2025-09-28_G08,10109622VITORJ,2025-09-28,140923,1,45,0,1347.0
10109622VITORJ_2025-09-28_G09,10109622VITORJ,2025-09-28,118222,1,6,0,592.0
10109622VITORJ_2025-09-28_G10,10109622VITORJ,2025-09-28,117836,1,4,0,1862.0
10109622VITORJ_2025-09-28_G11,10109622VITORJ,2025-09-28,110733,1,3,0,40.0
10109622VITORJ_2025-09-28_G12,10109622VITORJ,2025-09-28,108772,1,4,0,105.0
10109622VITORJ_2025-09-28_G13,10109622VITORJ,2025-09-28,140923,1,4,0,212.0
10109622VITORJ_2025-09-28_G14,10109622VITORJ,2025-09-28,140923,1,6,0,390.0
10109622VITORJ_2025-09-28_G15,10109622VITORJ,2025-09-28,118094,1,3,0,76.0
10109622VITORJ_2025-09-28_G16,10109622VITORJ,2025-09-28,111182,1,4,0,127.0
10109622VITORJ_2025-09-28_G17,10109622VITORJ,2025-09-28,110373,1,8,0,114.0
10109622VITORJ_2025-09-28_G18,10109622VITORJ,2025-09-28,110325,1,3,0,473.0
10109622VITORJ_2025-09-28_G19,10109622VITORJ,2025-09-28,110325,1,7,0,49.0
10109622VITORJ_2025-09-29_G02,10109622VITORJ,2025-09-29,111879,1,4,0,385.0
10109622VITORJ_2025-09-29_G03,10109622VITORJ,2025-09-29,111446,1,4,0,277.0
10109622VITORJ_2025-09-29_G04,10109622VITORJ,2025-09-29,118140,1,20,0,209.0
10109622VITORJ_2025-09-29_G05,10109622VITORJ,2025-09-29,111446,1,4,0,1055.0
10109622VITORJ_2025-09-29_G06,10109622VITORJ,2025-09-29,111446,1,4,0,32.0
10109622VITORJ_2025-09-29_G07,10109622VITORJ,2025-09-29,111446,2,6,27,33.0
10109622VITORJ_2025-09-29_G08,10109622VITORJ,2025-09-29,111446,2,20,9,31.0
10109622VITORJ_2025-09-29_G09,10109622VITORJ,2025-09-29,111330,1,4,0,346.0
10109622VITORJ_2025-09-29_G10,10109622VITORJ,2025-09-29,117833,1,4,0,106.0
10109622VITORJ_2025-09-29_G11,10109622VITORJ,2025-09-29,110332,1,4,0,148.0
10109622VITORJ_2025-09-29_G12,10109622VITORJ,2025-09-29,117820,1,8,0,528.0
10109622VITORJ_2025-09-29_G13,10109622VITORJ,2025-09-29,117820,3,10,48,38.0
10109622VITORJ_2025-09-29_G14,10109622VITORJ,2025-09-29,111778,1,4,0,344.0
10109622VITORJ_2025-09-29_G15,10109622VITORJ,2025-09-29,109933,1,5,0,2335.0
10109622VITORJ_2025-09-29_G16,10109622VITORJ,2025-09-29,117808,1,13,0,181.0
10109622VITORJ_2025-09-29_G17,10109622VITORJ,2025-09-29,118140,1,11,0,288.0
10109622VITORJ_2025-09-29_G18,10109622VITORJ,2025-09-29,117808,1,1,0,33.0
10109622VITORJ_2025-09-29_G19,10109622VITORJ,2025-09-29,109640,1,4,0,136.0
10109622VITORJ_2025-09-29_G20,10109622VITORJ,2025-09-29,117808,1,13,0,138.0
10109622VITORJ_2025-09-29_G21,10109622VITORJ,2025-09-29,111438,1,24,0,635.0
10109622VITORJ_2025-09-29_G22,10109622VITORJ,2025-09-29,111530,1,4,0,133.0
10109622VITORJ_2025-09-29_G23,10109622VITORJ,2025-09-29,110787,1,10,0,430.0
10109622VITORJ_2025-09-29_G24,10109622VITORJ,2025-09-29,109640,1,1,0,133.0
10109622VITORJ_2025-09-29_G25,10109622VITORJ,2025-09-29,118222,1,8,0,337.0
10109622VITORJ_2025-09-29_G26,10109622VITORJ,2025-09-29,110787,1,9,0,98.0
10109622VITORJ_2025-09-29_G27,10109622VITORJ,2025-09-29,118222,1,6,0,133.0
10109622VITORJ_2025-09-29_G28,10109622VITORJ,2025-09-29,118290,1,3,0,186.0
10109622VITORJ_2025-09-29_G29,10109622VITORJ,2025-09-29,109640,1,4,0,143.0
10109622VITORJ_2025-09-29_G31,10109622VITORJ,2025-09-29,110895,1,33,0,851.0
10109622VITORJ_2025-09-29_G32,10109622VITORJ,2025-09-29,110339,1,8,0,549.0
10109622VITORJ_2025-09-29_G33,10109622VITORJ,2025-09-29,108772,1,2,0,700.0
10109622VITORJ_2025-09-29_G34,10109622VITORJ,2025-09-29,160054,1,1,0,117.0
10109622VITORJ_2025-09-29_G35,10109622VITORJ,2025-09-29,160051,1,2,0,147.0
10109622VITORJ_2025-09-29_G36,10109622VITORJ,2025-09-29,109640,1,4,0,175.0
10109622VITORJ_2025-09-29_G37,10109622VITORJ,2025-09-29,111443,1,4,0,129.0
10109622VITORJ_2025-09-29_G38,10109622VITORJ,2025-09-29,117830,1,4,0,124.0
10109622VITORJ_2025-09-29_G39,10109622VITORJ,2025-09-29,118299,1,4,0,101.0
10109622VITORJ_2025-09-29_G40,10109622VITORJ,2025-09-29,110733,1,8,0,159.0
10109622VITORJ_2025-09-29_G41,10109622VITORJ,2025-09-29,111462,1,8,0,142.0
10109622VITORJ_2025-09-29_G42,10109622VITORJ,2025-09-29,118222,1,4,0,442.0
10109622VITORJ_2025-09-29_G43,10109622VITORJ,2025-09-29,111569,1,2,0,101.0
10109622VITORJ_2025-09-29_G44,10109622VITORJ,2025-09-29,117856,1,2,0,177.0
10109622VITORJ_2025-09-29_G45,10109622VITORJ,2025-09-29,140923,1,3,0,83.0
10109622VITORJ_2025-09-29_G46,10109622VITORJ,2025-09-29,108795,1,2,0,176.0
10109622VITORJ_2025-09-29_G47,10109622VITORJ,2025-09-29,140922,1,2,0,81.0
10109622VITORJ_2025-09-29_G48,10109622VITORJ,2025-09-29,110787,1,4,0,101.0
10109622VITORJ_2025-09-29_G49,10109622VITORJ,2025-09-29,141457,1,4,0,93.0
10109622VITORJ_2025-09-29_G50,10109622VITORJ,2025-09-29,111418,1,4,0,55.0
10109622VITORJ_2025-09-29_G51,10109622VITORJ,2025-09-29,111466,1,2,0,34.0
10109622VITORJ_2025-09-29_G52,10109622VITORJ,2025-09-29,117808,1,5,0,102.0
10109622VITORJ_2025-09-29_G53,10109622VITORJ,2025-09-29,110325,1,2,0,89.0
10109622VITORJ_2025-09-29_G54,10109622VITORJ,2025-09-29,117830,1,4,0,45.0
10109622VITORJ_2025-09-29_G55,10109622VITORJ,2025-09-29,140922,1,6,0,348.0
10109622VITORJ_2025-09-29_G56,10109622VITORJ,2025-09-29,141066,1,4,0,2121.0
10109622VITORJ_2025-09-29_G57,10109622VITORJ,2025-09-29,117856,1,8,0,78.0
10109622VITORJ_2025-09-29_G58,10109622VITORJ,2025-09-29,117862,1,50,0,227.0
10109622VITORJ_2025-09-30_G02,10109622VITORJ,2025-09-30,141352,1,80,0,568.0
10109622VITORJ_2025-09-30_G03,10109622VITORJ,2025-09-30,110339,1,2,0,68.0
10109622VITORJ_2025-09-30_G04,10109622VITORJ,2025-09-30,109640,1,10,0,185.0
10109622VITORJ_2025-09-30_G05,10109622VITORJ,2025-09-30,111602,1,26,0,475.0
10109622VITORJ_2025-09-30_G06,10109622VITORJ,2025-09-30,118094,1,10,0,84.0
10109622VITORJ_2025-09-30_G08,10109622VITORJ,2025-09-30,111530,1,5,0,165.0
10109622VITORJ_2025-09-30_G09,10109622VITORJ,2025-09-30,110733,1,2,0,85.0
10109622VITORJ_2025-09-30_G10,10109622VITORJ,2025-09-30,109647,1,2,0,35.0
10109622VITORJ_2025-09-30_G11,10109622VITORJ,2025-09-30,111879,1,4,0,53.0
10109622VITORJ_2025-09-30_G12,10109622VITORJ,2025-09-30,117855,1,10,0,106.0
10109622VITORJ_2025-09-30_G13,10109622VITORJ,2025-09-30,111469,1,5,0,132.0
10109622VITORJ_2025-09-30_G14,10109622VITORJ,2025-09-30,108795,1,6,0,57.0
10109622VITORJ_2025-09-30_G15,10109622VITORJ,2025-09-30,111463,1,6,0,168.0
10109622VITORJ_2025-09-30_G16,10109622VITORJ,2025-09-30,140922,1,2,0,50.0
10109622VITORJ_2025-09-30_G17,10109622VITORJ,2025-09-30,108798,1,2,0,86.0
10109622VITORJ_2025-09-30_G18,10109622VITORJ,2025-09-30,110787,1,2,0,39.0
10109622VITORJ_2025-09-30_G19,10109622VITORJ,2025-09-30,141457,1,4,0,104.0
10109622VITORJ_2025-09-30_G20,10109622VITORJ,2025-09-30,111466,1,3,0,67.0
10109622VITORJ_2025-09-30_G21,10109622VITORJ,2025-09-30,111462,1,2,0,99.0
10109622VITORJ_2025-09-30_G22,10109622VITORJ,2025-09-30,117821,1,4,0,86.0
10109622VITORJ_2025-09-30_G23,10109622VITORJ,2025-09-30,117831,1,2,0,69.0
10109622VITORJ_2025-09-30_G24,10109622VITORJ,2025-09-30,110745,1,2,0,42.0
10109622VITORJ_2025-09-30_G25,10109622VITORJ,2025-09-30,118140,1,6,0,63.0
10109622VITORJ_2025-09-30_G26,10109622VITORJ,2025-09-30,111465,1,2,0,59.0
10109622VITORJ_2025-09-30_G27,10109622VITORJ,2025-09-30,117785,1,6,0,260.0
10109622VITORJ_2025-09-30_G28,10109622VITORJ,2025-09-30,141202,1,4,0,350.0
10109622VITORJ_2025-09-30_G29,10109622VITORJ,2025-09-30,117830,1,4,0,95.0
10109622VITORJ_2025-09-30_G30,10109622VITORJ,2025-09-30,118299,1,13,0,94.0
10109622VITORJ_2025-10-08_G02,10109622VITORJ,2025-10-08,140923,1,20,0,178.0
10109622VITORJ_2025-10-08_G03,10109622VITORJ,2025-10-08,111469,1,2,0,112.0
10109622VITORJ_2025-10-08_G04,10109622VITORJ,2025-10-08,111466,1,2,0,51.0
10109622VITORJ_2025-10-08_G05,10109622VITORJ,2025-10-08,140923,1,4,0,161.0
10109622VITORJ_2025-10-08_G06,10109622VITORJ,2025-10-08,110741,1,2,0,58.0
10109622VITORJ_2025-10-08_G07,10109622VITORJ,2025-10-08,117965,1,4,0,78.0
10109622VITORJ_2025-10-08_G08,10109622VITORJ,2025-10-08,111879,1,4,0,129.0
10109622VITORJ_2025-10-08_G09,10109622VITORJ,2025-10-08,110339,1,2,0,81.0
10109622VITORJ_2025-10-08_G10,10109622VITORJ,2025-10-08,111418,1,7,0,129.0
10109622VITORJ_2025-10-08_G11,10109622VITORJ,2025-10-08,117820,1,6,0,193.0
10109622VITORJ_2025-10-08_G12,10109622VITORJ,2025-10-08,140923,1,9,0,293.0
10109622VITORJ_2025-10-08_G13,10109622VITORJ,2025-10-08,110741,1,2,0,42.0
10109622VITORJ_2025-10-08_G14,10109622VITORJ,2025-10-08,110339,1,2,0,81.0
10109622VITORJ_2025-10-08_G15,10109622VITORJ,2025-10-08,111467,1,2,0,38.0
10109622VITORJ_2025-10-08_G16,10109622VITORJ,2025-10-08,141456,1,10,0,119.0
10109622VITORJ_2025-10-08_G17,10109622VITORJ,2025-10-08,111418,1,10,0,142.0
10109622VITORJ_2025-10-08_G18,10109622VITORJ,2025-10-08,141457,1,7,0,135.0
10109622VITORJ_2025-10-08_G19,10109622VITORJ,2025-10-08,117831,1,4,0,94.0
10109622VITORJ_2025-10-08_G20,10109622VITORJ,2025-10-08,141458,1,4,0,50.0
10109622VITORJ_2025-10-08_G21,10109622VITORJ,2025-10-08,110372,1,10,0,116.0
10109622VITORJ_2025-10-08_G22,10109622VITORJ,2025-10-08,118222,1,8,0,519.0
10109622VITORJ_2025-10-08_G23,10109622VITORJ,2025-10-08,117837,1,4,0,98.0
10109622VITORJ_2025-10-08_G24,10109622VITORJ,2025-10-08,111466,1,2,0,75.0
10109622VITORJ_2025-10-08_G25,10109622VITORJ,2025-10-08,111441,1,2,0,475.0
10109622VITORJ_2025-10-08_G26,10109622VITORJ,2025-10-08,111530,1,4,0,100.0
10109622VITORJ_2025-10-08_G27,10109622VITORJ,2025-10-08,117965,1,4,0,78.0
10109622VITORJ_2025-10-08_G28,10109622VITORJ,2025-10-08,141456,1,4,0,129.0
10109622VITORJ_2025-10-08_G29,10109622VITORJ,2025-10-08,111418,1,5,0,173.0
10109622VITORJ_2025-10-08_G30,10109622VITORJ,2025-10-08,141457,1,2,0,122.0
10109622VITORJ_2025-10-08_G31,10109622VITORJ,2025-10-08,141458,1,2,0,77.0
10109622VITORJ_2025-10-08_G32,10109622VITORJ,2025-10-08,110374,1,2,0,111.0
10109622VITORJ_2025-10-08_G33,10109622VITORJ,2025-10-08,110711,1,7,0,292.0
10109622VITORJ_2025-10-09_G02,10109622VITORJ,2025-10-09,111468,1,689,0,984.0
10109622VITORJ_2025-10-09_G03,10109622VITORJ,2025-10-09,117862,1,3,0,1076.0
10109622VITORJ_2025-10-09_G04,10109622VITORJ,2025-10-09,117965,1,8,0,237.0
10109622VITORJ_2025-10-09_G05,10109622VITORJ,2025-10-09,111418,1,16,0,333.0
10109622VITORJ_2025-10-09_G06,10109622VITORJ,2025-10-09,110740,1,4,0,66.0
10109622VITORJ_2025-10-09_G07,10109622VITORJ,2025-10-09,110740,1,8,0,95.0
10109622VITORJ_2025-10-09_G08,10109622VITORJ,2025-10-09,111466,1,8,0,117.0
10109622VITORJ_2025-10-09_G09,10109622VITORJ,2025-10-09,111442,1,6,0,463.0
10109622VITORJ_2025-10-09_G10,10109622VITORJ,2025-10-09,110371,1,4,0,121.0
10109622VITORJ_2025-10-09_G11,10109622VITORJ,2025-10-09,109641,1,30,0,451.0
10109622VITORJ_2025-10-09_G12,10109622VITORJ,2025-10-09,117856,1,40,0,2341.0
10109622VITORJ_2025-10-09_G13,10109622VITORJ,2025-10-09,118094,1,8,0,113.0
10109622VITORJ_2025-10-09_G14,10109622VITORJ,2025-10-09,141047,1,20,0,927.0
10109622VITORJ_2025-10-09_G15,10109622VITORJ,2025-10-09,110374,1,70,0,1980.0
10109622VITORJ_2025-10-10_G02,10109622VITORJ,2025-10-10,105705,1,15,0,151.0
10109622VITORJ_2025-10-10_G03,10109622VITORJ,2025-10-10,108795,1,4,0,38.0
10109622VITORJ_2025-10-10_G04,10109622VITORJ,2025-10-10,111463,1,2,0,41.0
10109622VITORJ_2025-10-10_G05,10109622VITORJ,2025-10-10,111532,1,4,0,103.0
10109622VITORJ_2025-10-10_G06,10109622VITORJ,2025-10-10,108794,1,4,0,122.0
10109622VITORJ_2025-10-10_G07,10109622VITORJ,2025-10-10,111466,1,3,0,135.0
10109622VITORJ_2025-10-10_G08,10109622VITORJ,2025-10-10,109641,1,2,0,79.0
10109622VITORJ_2025-10-10_G09,10109622VITORJ,2025-10-10,111444,1,2,0,204.0
10109622VITORJ_2025-10-10_G10,10109622VITORJ,2025-10-10,111418,1,32,0,327.0
10109622VITORJ_2025-10-10_G11,10109622VITORJ,2025-10-10,107830,1,9,0,123.0
10109622VITORJ_2025-10-10_G12,10109622VITORJ,2025-10-10,160051,1,4,0,97.0
10109622VITORJ_2025-10-10_G13,10109622VITORJ,2025-10-10,110372,1,2,0,109.0
10109622VITORJ_2025-10-10_G14,10109622VITORJ,2025-10-10,160054,1,4,0,96.0
10109622VITORJ_2025-10-10_G15,10109622VITORJ,2025-10-10,110373,1,39,0,356.0
10109622VITORJ_2025-10-10_G16,10109622VITORJ,2025-10-10,110373,1,2,0,367.0
10109622VITORJ_2025-10-10_G17,10109622VITORJ,2025-10-10,117832,1,4,0,90.0
10109622VITORJ_2025-10-10_G18,10109622VITORJ,2025-10-10,160051,1,4,0,81.0
10109622VITORJ_2025-10-10_G19,10109622VITORJ,2025-10-10,117830,1,2,0,44.0
10109622VITORJ_2025-10-10_G20,10109622VITORJ,2025-10-10,110372,1,5,0,58.0
10109622VITORJ_2025-10-10_G21,10109622VITORJ,2025-10-10,117820,1,54,0,461.0
10109622VITORJ_2025-10-10_G22,10109622VITORJ,2025-10-10,117820,1,2,0,634.0
10109622VITORJ_2025-10-10_G23,10109622VITORJ,2025-10-10,118299,1,29,0,207.0
10109622VITORJ_2025-10-10_G24,10109622VITORJ,2025-10-10,110325,1,11,0,64.0
10109622VITORJ_2025-10-10_G25,10109622VITORJ,2025-10-10,"111530, 117855",2,18,15,804.0
10109622VITORJ_2025-10-11_G02,10109622VITORJ,2025-10-11,110371,1,24,0,310.0
10109622VITORJ_2025-10-11_G03,10109622VITORJ,2025-10-11,117808,1,822,0,2552.0
10109622VITORJ_2025-10-11_G04,10109622VITORJ,2025-10-11,107830,1,4,0,1007.0
10109622VITORJ_2025-10-11_G05,10109622VITORJ,2025-10-11,109643,2,4,22,125.0
10109622VITORJ_2025-10-11_G06,10109622VITORJ,2025-10-11,110373,1,9,0,104.0
10109622VITORJ_2025-10-11_G07,10109622VITORJ,2025-10-11,110373,1,17,0,96.0
10109622VITORJ_2025-10-11_G08,10109622VITORJ,2025-10-11,110373,1,20,0,120.0
10109622VITORJ_2025-10-11_G09,10109622VITORJ,2025-10-11,117832,1,1,0,34.0
10109622VITORJ_2025-10-11_G10,10109622VITORJ,2025-10-11,117820,1,4,0,81.0
10109622VITORJ_2025-10-11_G11,10109622VITORJ,2025-10-11,117820,1,14,0,201.0
10109622VITORJ_2025-10-11_G12,10109622VITORJ,2025-10-11,141202,1,1,0,49.0
10109622VITORJ_2025-10-11_G13,10109622VITORJ,2025-10-11,110325,3,14,55,42.0
10109622VITORJ_2025-10-11_G14,10109622VITORJ,2025-10-11,117809,1,3,0,77.0
10109622VITORJ_2025-10-11_G15,10109622VITORJ,2025-10-11,117855,2,7,15,304.0
10109622VITORJ_2025-10-11_G16,10109622VITORJ,2025-10-11,110711,1,6,0,178.0
10109622VITORJ_2025-10-11_G17,10109622VITORJ,2025-10-11,110711,2,7,28,50.0
10109622VITORJ_2025-10-11_G18,10109622VITORJ,2025-10-11,117862,1,3,0,40.0
10109622VITORJ_2025-10-11_G19,10109622VITORJ,2025-10-11,110733,1,3,0,60.0
10109622VITORJ_2025-10-11_G20,10109622VITORJ,2025-10-11,"118094, 111530",2,14,20,155.0
10109622VITORJ_2025-10-11_G21,10109622VITORJ,2025-10-11,117808,1,10,0,1016.0
10109622VITORJ_2025-10-11_G22,10109622VITORJ,2025-10-11,117808,1,4,0,38.0
10109622VITORJ_2025-10-11_G23,10109622VITORJ,2025-10-11,117808,1,5,0,41.0
10109622VITORJ_2025-10-11_G24,10109622VITORJ,2025-10-11,105167,1,4,0,1345.0
10109622VITORJ_2025-10-11_G25,10109622VITORJ,2025-10-11,111467,1,2,0,190.0
10109622VITORJ_2025-10-11_G26,10109622VITORJ,2025-10-11,110373,1,15,0,171.0
10109622VITORJ_2025-10-11_G27,10109622VITORJ,2025-10-11,118299,1,5,0,120.0
10109622VITORJ_2025-10-11_G28,10109622VITORJ,2025-10-11,117820,1,5,0,87.0
10109622VITORJ_2025-10-11_G29,10109622VITORJ,2025-10-11,111172,1,10,0,540.0
10109622VITORJ_2025-10-11_G30,10109622VITORJ,2025-10-11,117820,1,20,0,91.0
10109622VITORJ_2025-10-11_G31,10109622VITORJ,2025-10-11,110711,1,2,0,344.0
10109622VITORJ_2025-10-11_G32,10109622VITORJ,2025-10-11,110711,1,2,0,32.0
10109622VITORJ_2025-10-11_G33,10109622VITORJ,2025-10-11,111602,1,4,0,140.0
10109622VITORJ_2025-10-11_G34,10109622VITORJ,2025-10-11,117834,1,12,0,185.0
10109622VITORJ_2025-10-31_G02,10109622VITORJ,2025-10-31,118283,1,20,0,968.0
10109622VITORJ_2025-10-31_G03,10109622VITORJ,2025-10-31,118363,1,4,0,476.0
10109622VITORJ_2025-10-31_G04,10109622VITORJ,2025-10-31,118326,1,60,0,475.0
10109622VITORJ_2025-10-31_G05,10109622VITORJ,2025-10-31,118281,1,90,0,1192.0
10109622VITORJ_2025-11-10_G02,10109622VITORJ,2025-11-10,123313,1,15,0,1371.0
10109622VITORJ_2025-11-10_G03,10109622VITORJ,2025-11-10,124370,1,12,0,720.0
10109622VITORJ_2025-11-10_G04,10109622VITORJ,2025-11-10,120008,1,26,0,586.0
10109622VITORJ_2025-11-10_G05,10109622VITORJ,2025-11-10,124548,1,18,0,480.0
10109622VITORJ_2025-11-10_G06,10109622VITORJ,2025-11-10,"120028, 122671, 123153, 122962",4,36,57,1490.0
10109622VITORJ_2025-11-10_G07,10109622VITORJ,2025-11-10,181057,1,2,0,324.0
10109622VITORJ_2025-11-23_G02,10109622VITORJ,2025-11-23,110755,1,4,0,261.0
10109622VITORJ_2025-11-23_G03,10109622VITORJ,2025-11-23,110755,1,4,0,457.0
10109622VITORJ_2025-11-23_G04,10109622VITORJ,2025-11-23,117834,1,4,0,109.0
10109622VITORJ_2025-11-23_G05,10109622VITORJ,2025-11-23,105705,1,4,0,125.0
10109622VITORJ_2025-11-23_G06,10109622VITORJ,2025-11-23,105705,1,12,0,408.0
10109622VITORJ_2025-11-23_G07,10109622VITORJ,2025-11-23,110740,1,10,0,148.0
10109622VITORJ_2025-11-23_G08,10109622VITORJ,2025-11-23,111418,1,8,0,100.0
10109622VITORJ_2025-11-23_G09,10109622VITORJ,2025-11-23,111469,1,4,0,56.0
10109622VITORJ_2025-11-23_G10,10109622VITORJ,2025-11-23,111469,1,8,0,84.0
10109622VITORJ_2025-11-23_G11,10109622VITORJ,2025-11-23,111466,1,20,0,2286.0
10109622VITORJ_2025-11-23_G12,10109622VITORJ,2025-11-23,111466,1,2,0,33.0
10109622VITORJ_2025-11-23_G13,10109622VITORJ,2025-11-23,111466,1,10,0,118.0
10109622VITORJ_2025-11-23_G14,10109622VITORJ,2025-11-23,117820,1,16,0,227.0
10109622VITORJ_2025-11-23_G15,10109622VITORJ,2025-11-23,117820,1,4,0,32.0
10109622VITORJ_2025-11-23_G16,10109622VITORJ,2025-11-23,117820,1,4,0,36.0
10109622VITORJ_2025-11-23_G17,10109622VITORJ,2025-11-23,118299,1,4,0,95.0
10109622VITORJ_2025-11-23_G18,10109622VITORJ,2025-11-23,117830,1,12,0,312.0
10109622VITORJ_2025-11-23_G19,10109622VITORJ,2025-11-23,117830,1,4,0,104.0
10109622VITORJ_2025-11-23_G20,10109622VITORJ,2025-11-23,105705,1,5,0,1011.0
10109622VITORJ_2025-11-23_G21,10109622VITORJ,2025-11-23,117838,1,4,0,72.0
10109622VITORJ_2025-11-23_G22,10109622VITORJ,2025-11-23,140922,1,2,0,38.0
10109622VITORJ_2025-11-23_G23,10109622VITORJ,2025-11-23,111418,1,3,0,85.0
10109622VITORJ_2025-11-23_G24,10109622VITORJ,2025-11-23,111418,1,12,0,259.0
10109622VITORJ_2025-11-23_G25,10109622VITORJ,2025-11-23,118223,1,4,0,85.0
10109622VITORJ_2025-11-23_G26,10109622VITORJ,2025-11-23,109641,1,8,0,187.0
10109622VITORJ_2025-11-23_G27,10109622VITORJ,2025-11-23,111442,1,2,0,69.0
10109622VITORJ_2025-11-23_G28,10109622VITORJ,2025-11-23,110741,1,2,0,130.0
10109622VITORJ_2025-11-23_G29,10109622VITORJ,2025-11-23,110733,1,1,0,77.0
10109622VITORJ_2025-11-23_G30,10109622VITORJ,2025-11-23,109640,1,15,0,577.0
10109622VITORJ_2025-11-23_G31,10109622VITORJ,2025-11-23,118222,1,1,0,185.0
10109622VITORJ_2025-11-23_G32,10109622VITORJ,2025-11-23,110371,1,8,0,223.0
10109622VITORJ_2025-11-23_G33,10109622VITORJ,2025-11-23,110371,1,12,0,441.0
10109622VITORJ_2025-11-23_G34,10109622VITORJ,2025-11-23,141202,1,1,0,81.0
10109622VITORJ_2025-11-24_G02,10109622VITORJ,2025-11-24,110740,1,2,0,79.0
10109622VITORJ_2025-11-24_G03,10109622VITORJ,2025-11-24,111469,1,6,0,101.0
10109622VITORJ_2025-11-24_G04,10109622VITORJ,2025-11-24,111463,1,30,0,262.0
10109622VITORJ_2025-11-24_G05,10109622VITORJ,2025-11-24,111463,1,26,0,196.0
10109622VITORJ_2025-11-24_G06,10109622VITORJ,2025-11-24,141456,1,6,0,117.0
10109622VITORJ_2025-11-24_G07,10109622VITORJ,2025-11-24,141458,1,14,0,634.0
10109622VITORJ_2025-11-24_G08,10109622VITORJ,2025-11-24,111418,1,2,0,1560.0
10109622VITORJ_2025-11-24_G09,10109622VITORJ,2025-11-24,118299,1,37,0,229.0
10109622VITORJ_2025-11-24_G10,10109622VITORJ,2025-11-24,110813,1,2,0,237.0
10109622VITORJ_2025-11-24_G11,10109622VITORJ,2025-11-24,111418,1,12,0,330.0
10109622VITORJ_2025-11-24_G12,10109622VITORJ,2025-11-24,111463,1,17,0,282.0
10109622VITORJ_2025-11-24_G13,10109622VITORJ,2025-11-24,118299,1,13,0,312.0
10109622VITORJ_2025-11-24_G14,10109622VITORJ,2025-11-24,111430,1,2,0,1073.0
10109622VITORJ_2025-11-24_G15,10109622VITORJ,2025-11-24,111446,1,1,0,69.0
10109622VITORJ_2025-11-24_G16,10109622VITORJ,2025-11-24,110787,1,2,0,470.0
10109622VITORJ_2025-11-24_G17,10109622VITORJ,2025-11-24,111418,1,51,0,243.0
10109622VITORJ_2025-11-24_G18,10109622VITORJ,2025-11-24,111469,1,35,0,517.0
10109622VITORJ_2025-11-24_G19,10109622VITORJ,2025-11-24,111463,1,14,0,151.0
10109622VITORJ_2025-11-24_G20,10109622VITORJ,2025-11-24,109641,1,6,0,102.0
10109622VITORJ_2025-11-24_G21,10109622VITORJ,2025-11-24,141458,1,20,0,233.0
10109622VITORJ_2025-11-24_G22,10109622VITORJ,2025-11-24,110372,1,81,0,403.0
10109622VITORJ_2025-11-24_G23,10109622VITORJ,2025-11-24,117832,1,4,0,131.0
10109622VITORJ_2025-11-24_G24,10109622VITORJ,2025-11-24,111463,1,14,0,331.0
10109622VITORJ_2025-11-24_G25,10109622VITORJ,2025-11-24,110313,1,4,0,105.0
10109622VITORJ_2025-11-24_G26,10109622VITORJ,2025-11-24,117786,1,2,0,50.0
10109622VITORJ_2025-11-24_G27,10109622VITORJ,2025-11-24,111418,1,3,0,71.0
10109622VITORJ_2025-11-24_G28,10109622VITORJ,2025-11-24,117855,1,20,0,631.0
10109622VITORJ_2025-11-24_G29,10109622VITORJ,2025-11-24,111466,1,10,0,124.0
10109622VITORJ_2025-11-28_G02,10109622VITORJ,2025-11-28,111530,1,14,0,171.0
10109622VITORJ_2025-11-28_G03,10109622VITORJ,2025-11-28,141047,1,4,0,123.0
10109622VITORJ_2025-11-28_G04,10109622VITORJ,2025-11-28,111530,1,7,0,179.0
10109622VITORJ_2025-11-28_G05,10109622VITORJ,2025-11-28,111602,1,6,0,820.0
10109622VITORJ_2025-11-28_G06,10109622VITORJ,2025-11-28,118094,1,2,0,668.0
10109622VITORJ_2025-11-28_G07,10109622VITORJ,2025-11-28,111602,1,4,0,228.0
10109622VITORJ_2025-11-28_G08,10109622VITORJ,2025-11-28,110374,1,28,0,254.0
10109622VITORJ_2025-11-28_G09,10109622VITORJ,2025-11-28,110325,1,15,0,139.0
10109622VITORJ_2025-11-28_G10,10109622VITORJ,2025-11-28,110325,1,20,0,216.0
10109622VITORJ_2025-11-28_G11,10109622VITORJ,2025-11-28,110325,1,10,0,44.0
10109622VITORJ_2025-11-28_G12,10109622VITORJ,2025-11-28,110325,1,10,0,243.0
10109622VITORJ_2025-11-28_G13,10109622VITORJ,2025-11-28,110372,1,9,0,140.0
10109622VITORJ_2025-11-28_G14,10109622VITORJ,2025-11-28,111418,1,4,0,354.0
10109622VITORJ_2025-11-28_G15,10109622VITORJ,2025-11-28,141318,1,20,0,225.0
10109622VITORJ_2025-11-28_G16,10109622VITORJ,2025-11-28,111530,1,20,0,235.0
10109622VITORJ_2025-11-28_G17,10109622VITORJ,2025-11-28,110339,1,1,0,55.0
10109622VITORJ_2025-11-28_G18,10109622VITORJ,2025-11-28,111463,1,12,0,293.0
10109622VITORJ_2025-11-28_G19,10109622VITORJ,2025-11-28,107236,1,7,0,245.0
10109622VITORJ_2025-11-28_G20,10109622VITORJ,2025-11-28,107236,1,5,0,53.0
10109622VITORJ_2025-11-28_G21,10109622VITORJ,2025-11-28,111466,1,24,0,554.0
10109622VITORJ_2025-11-28_G22,10109622VITORJ,2025-11-28,110325,1,5,0,128.0
10109622VITORJ_2025-11-28_G23,10109622VITORJ,2025-11-28,110325,1,7,0,46.0
10109622VITORJ_2025-11-28_G24,10109622VITORJ,2025-11-28,117855,1,8,0,173.0
10109622VITORJ_2025-11-28_G25,10109622VITORJ,2025-11-28,111182,1,4,0,141.0
10109622VITORJ_2025-11-28_G26,10109622VITORJ,2025-11-28,111469,1,1,0,44.0
10109622VITORJ_2025-11-28_G27,10109622VITORJ,2025-11-28,107236,1,2,0,157.0
10109622VITORJ_2025-11-28_G28,10109622VITORJ,2025-11-28,110325,1,6,0,99.0
10109622VITORJ_2025-11-28_G29,10109622VITORJ,2025-11-28,111418,1,4,0,529.0
10109622VITORJ_2025-11-28_G30,10109622VITORJ,2025-11-28,118299,1,24,0,172.0
10109622VITORJ_2025-11-28_G31,10109622VITORJ,2025-11-28,110374,1,10,0,196.0
10109622VITORJ_2025-11-28_G32,10109622VITORJ,2025-11-28,140911,1,4,0,166.0
10109622VITORJ_2025-12-27_G02,10109622VITORJ,2025-12-27,124624,1,8,0,568.0
10109622VITORJ_2025-12-27_G03,10109622VITORJ,2025-12-27,123343,1,2,0,218.0
10109622VITORJ_2025-12-27_G04,10109622VITORJ,2025-12-27,123313,1,16,0,823.0
10109622VITORJ_2025-12-27_G05,10109622VITORJ,2025-12-27,123343,1,7,0,136.0
10109622VITORJ_2025-12-27_G06,10109622VITORJ,2025-12-27,117785,1,4,0,2877.0
10109622VITORJ_2026-01-25_G02,10109622VITORJ,2026-01-25,111532,1,4,0,118.0
10109622VITORJ_2026-01-25_G03,10109622VITORJ,2026-01-25,111532,1,4,0,31.0
10109622VITORJ_2026-01-25_G04,10109622VITORJ,2026-01-25,118299,1,4,0,143.0
10109622VITORJ_2026-01-25_G05,10109622VITORJ,2026-01-25,110374,1,4,0,217.0
10109622VITORJ_2026-01-25_G06,10109622VITORJ,2026-01-25,117808,1,2,0,87.0
10109622VITORJ_2026-01-25_G07,10109622VITORJ,2026-01-25,118299,1,6,0,47.0
10109622VITORJ_2026-01-25_G08,10109622VITORJ,2026-01-25,110373,1,4,0,65.0
10109622VITORJ_2026-01-25_G09,10109622VITORJ,2026-01-25,111438,1,12,0,731.0
10109622VITORJ_2026-01-25_G10,10109622VITORJ,2026-01-25,110895,1,7,0,167.0
10109622VITORJ_2026-01-29_G02,10109622VITORJ,2026-01-29,111437,1,15,0,180.0
10109622VITORJ_2026-01-29_G03,10109622VITORJ,2026-01-29,111437,1,27,0,650.0
10109622VITORJ_2026-01-29_G04,10109622VITORJ,2026-01-29,110755,1,60,0,1134.0
10109622VITORJ_2026-01-29_G05,10109622VITORJ,2026-01-29,111752,1,20,0,1029.0
10109622VITORJ_2026-01-29_G06,10109622VITORJ,2026-01-29,110753,1,10,0,130.0
10109622VITORJ_2026-01-29_G07,10109622VITORJ,2026-01-29,110313,1,9,0,102.0
10109622VITORJ_2026-01-29_G08,10109622VITORJ,2026-01-29,110339,1,100,0,541.0
10109622VITORJ_2026-01-29_G09,10109622VITORJ,2026-01-29,110733,1,30,0,183.0
10109622VITORJ_2026-02-13_G02,10109622VITORJ,2026-02-13,117856,1,2,0,126.0
10109622VITORJ_2026-02-13_G03,10109622VITORJ,2026-02-13,111463,1,5,0,256.0
10109622VITORJ_2026-02-13_G04,10109622VITORJ,2026-02-13,111466,1,5,0,458.0
10109622VITORJ_2026-02-13_G05,10109622VITORJ,2026-02-13,109645,1,6,0,115.0
10109622VITORJ_2026-02-13_G06,10109622VITORJ,2026-02-13,111435,1,3,0,132.0
10109622VITORJ_2026-02-13_G07,10109622VITORJ,2026-02-13,110740,1,2,0,79.0
10109622VITORJ_2026-02-13_G08,10109622VITORJ,2026-02-13,110371,1,4,0,138.0
10109622VITORJ_2026-02-13_G09,10109622VITORJ,2026-02-13,117820,1,3,0,63.0
10109622VITORJ_2026-02-13_G10,10109622VITORJ,2026-02-13,110376,1,2,0,191.0
10109622VITORJ_2026-02-13_G11,10109622VITORJ,2026-02-13,110372,1,6,0,139.0
10109622VITORJ_2026-02-13_G12,10109622VITORJ,2026-02-13,117832,1,6,0,110.0
10109622VITORJ_2026-02-13_G13,10109622VITORJ,2026-02-13,110747,1,2,0,448.0
10109622VITORJ_2026-02-13_G14,10109622VITORJ,2026-02-13,141047,1,4,0,67.0
10109622VITORJ_2026-02-13_G15,10109622VITORJ,2026-02-13,111743,1,4,0,154.0
10109622VITORJ_2026-02-13_G16,10109622VITORJ,2026-02-13,111172,1,2,0,63.0
10109622VITORJ_2026-02-15_G02,10109622VITORJ,2026-02-15,110755,1,5,0,109.0
10109622VITORJ_2026-02-15_G03,10109622VITORJ,2026-02-15,110895,1,5,0,81.0
10109622VITORJ_2026-02-15_G04,10109622VITORJ,2026-02-15,117862,1,4,0,210.0
10109622VITORJ_2026-02-15_G05,10109622VITORJ,2026-02-15,111530,1,18,0,404.0
10109622VITORJ_2026-02-15_G06,10109622VITORJ,2026-02-15,141352,1,13,0,353.0
10109622VITORJ_2026-02-16_G02,10109622VITORJ,2026-02-16,110372,1,19,0,315.0
10109622VITORJ_2026-02-16_G03,10109622VITORJ,2026-02-16,110373,1,68,0,259.0
10109622VITORJ_2026-02-16_G05,10109622VITORJ,2026-02-16,108711,1,10,0,92.0
10109622VITORJ_2026-02-16_G06,10109622VITORJ,2026-02-16,116241,1,36,0,368.0
10109622VITORJ_2026-02-16_G07,10109622VITORJ,2026-02-16,111743,1,30,0,682.0
10109622VITORJ_2026-02-16_G08,10109622VITORJ,2026-02-16,118140,1,80,0,356.0
10109622VITORJ_2026-02-16_G09,10109622VITORJ,2026-02-16,105705,1,50,0,583.0
10109622VITORJ_2026-02-16_G10,10109622VITORJ,2026-02-16,141823,1,12,0,222.0
10109622VITORJ_2026-02-16_G11,10109622VITORJ,2026-02-16,111433,1,5,0,131.0
10109622VITORJ_2026-02-16_G12,10109622VITORJ,2026-02-16,111465,1,12,0,131.0
10109622VITORJ_2026-02-16_G13,10109622VITORJ,2026-02-16,110740,1,30,0,903.0
10109622VITORJ_2026-02-16_G14,10109622VITORJ,2026-02-16,141458,1,150,0,406.0
10109622VITORJ_2026-02-16_G15,10109622VITORJ,2026-02-16,109641,1,21,0,338.0
10109622VITORJ_2026-02-16_G16,10109622VITORJ,2026-02-16,117834,1,30,0,257.0
10109622VITORJ_2026-02-16_G17,10109622VITORJ,2026-02-16,111438,1,24,0,311.0
10109622VITORJ_2026-02-16_G18,10109622VITORJ,2026-02-16,110742,1,8,0,177.0
10109622VITORJ_2026-02-16_G19,10109622VITORJ,2026-02-16,110754,1,4,0,81.0
10109622VITORJ_2026-03-03_G02,10109622VITORJ,2026-03-03,124247,1,16,0,564.0
10109622VITORJ_2026-03-03_G03,10109622VITORJ,2026-03-03,122983,1,28,0,734.0
10109622VITORJ_2026-03-03_G04,10109622VITORJ,2026-03-03,124248,1,12,0,555.0
10109622VITORJ_2026-03-03_G05,10109622VITORJ,2026-03-03,124247,1,40,0,3559.0
10109622VITORJ_2026-03-03_G06,10109622VITORJ,2026-03-03,123343,1,6,0,650.0
10109622VITORJ_2026-03-03_G07,10109622VITORJ,2026-03-03,123153,1,2,0,396.0
10109622VITORJ_2026-03-03_G08,10109622VITORJ,2026-03-03,124264,1,40,0,1178.0
10109622VITORJ_2026-03-03_G09,10109622VITORJ,2026-03-03,122986,1,4,0,162.0
10109622VITORJ_2026-03-03_G10,10109622VITORJ,2026-03-03,122962,1,24,0,221.0
10109622VITORJ_2026-03-04_G02,10109622VITORJ,2026-03-04,122962,1,20,0,233.0
10109622VITORJ_2026-03-05_G02,10109622VITORJ,2026-03-05,122962,1,8,0,923.0
10109622VITORJ_2026-03-05_G03,10109622VITORJ,2026-03-05,122671,1,1,0,364.0
10109622VITORJ_2026-03-05_G04,10109622VITORJ,2026-03-05,121651,1,16,0,442.0
10109622VITORJ_2026-03-05_G05,10109622VITORJ,2026-03-05,120389,2,11,11,194.0
10109622VITORJ_2026-03-05_G06,10109622VITORJ,2026-03-05,"124475, 120008",2,5,29,266.0
10109622VITORJ_2026-03-05_G07,10109622VITORJ,2026-03-05,124370,1,12,0,212.0
10109622VITORJ_2026-03-05_G08,10109622VITORJ,2026-03-05,124370,1,11,0,206.0
10109622VITORJ_2026-03-05_G09,10109622VITORJ,2026-03-05,123343,1,10,0,595.0
10109622VITORJ_2026-03-05_G12,10109622VITORJ,2026-03-05,123080,1,8,0,297.0
10109622VITORJ_2026-03-05_G13,10109622VITORJ,2026-03-05,124486,1,31,0,703.0
10109622VITORJ_2026-03-05_G14,10109622VITORJ,2026-03-05,121760,1,20,0,481.0
10109622VITORJ_2026-03-05_G15,10109622VITORJ,2026-03-05,123313,1,4,0,272.0
10109622VITORJ_2026-03-06_G02,10109622VITORJ,2026-03-06,124484,1,10,0,523.0
10109622VITORJ_2026-03-06_G03,10109622VITORJ,2026-03-06,124484,1,8,0,334.0
10109622VITORJ_2026-03-06_G04,10109622VITORJ,2026-03-06,124484,1,78,0,1422.0
10109622VITORJ_2026-03-06_G05,10109622VITORJ,2026-03-06,124248,1,10,0,1115.0
10109622VITORJ_2026-03-06_G06,10109622VITORJ,2026-03-06,122986,1,10,0,511.0
10109622VITORJ_2026-03-06_G07,10109622VITORJ,2026-03-06,124247,1,30,0,275.0
10109622VITORJ_2026-03-06_G08,10109622VITORJ,2026-03-06,123889,1,20,0,592.0
10109622VITORJ_2026-03-06_G09,10109622VITORJ,2026-03-06,123947,1,12,0,725.0
10109622VITORJ_2026-03-06_G10,10109622VITORJ,2026-03-06,124486,1,1,0,138.0
10109622VITORJ_2026-03-06_G11,10109622VITORJ,2026-03-06,123909,1,1,0,157.0
10109622VITORJ_2026-03-06_G12,10109622VITORJ,2026-03-06,123345,1,1,0,199.0
10109622VITORJ_2026-03-06_G13,10109622VITORJ,2026-03-06,181052,1,4,0,282.0
10109622VITORJ_2026-03-10_G02,10109622VITORJ,2026-03-10,142093,1,21,0,1029.0
10109622VITORJ_2026-03-10_G03,10109622VITORJ,2026-03-10,111462,1,12,0,156.0
10109622VITORJ_2026-03-10_G04,10109622VITORJ,2026-03-10,141271,1,6,0,92.0
10109622VITORJ_2026-03-10_G05,10109622VITORJ,2026-03-10,141457,1,10,0,159.0
10109622VITORJ_2026-03-10_G06,10109622VITORJ,2026-03-10,117855,1,7,0,478.0
10109622VITORJ_2026-03-10_G07,10109622VITORJ,2026-03-10,111466,1,552,0,2377.0
10109622VITORJ_2026-03-10_G08,10109622VITORJ,2026-03-10,111463,1,340,0,2073.0
10109622VITORJ_2026-03-10_G09,10109622VITORJ,2026-03-10,141823,1,100,0,269.0
10109622VITORJ_2026-03-10_G10,10109622VITORJ,2026-03-10,105705,1,50,0,224.0
10109622VITORJ_2026-03-12_G02,10109622VITORJ,2026-03-12,117862,1,6,0,120.0
10109622VITORJ_2026-03-12_G03,10109622VITORJ,2026-03-12,111462,1,5,0,244.0
10109622VITORJ_2026-03-12_G04,10109622VITORJ,2026-03-12,117831,1,4,0,172.0
10109622VITORJ_2026-03-12_G05,10109622VITORJ,2026-03-12,142093,2,24,4,209.0
10109622VITORJ_2026-03-12_G06,10109622VITORJ,2026-03-12,111418,1,2,0,316.0
10109622VITORJ_2026-03-12_G07,10109622VITORJ,2026-03-12,111469,1,6,0,201.0
10109622VITORJ_2026-03-12_G08,10109622VITORJ,2026-03-12,111418,1,38,0,419.0
10109622VITORJ_2026-03-12_G09,10109622VITORJ,2026-03-12,110372,1,2,0,72.0
10109622VITORJ_2026-03-12_G10,10109622VITORJ,2026-03-12,110313,1,9,0,782.0
10109622VITORJ_2026-03-12_G11,10109622VITORJ,2026-03-12,110733,1,6,0,133.0
10109622VITORJ_2026-03-12_G12,10109622VITORJ,2026-03-12,118298,1,1,0,352.0
10109622VITORJ_2026-03-12_G13,10109622VITORJ,2026-03-12,111879,1,4,0,142.0
10109622VITORJ_2026-03-12_G14,10109622VITORJ,2026-03-12,111467,1,2,0,545.0
10109622VITORJ_2026-03-12_G15,10109622VITORJ,2026-03-12,117856,1,19,0,58.0
10109622VITORJ_2026-03-12_G16,10109622VITORJ,2026-03-12,141047,1,2,0,42.0
10109622VITORJ_2026-03-12_G17,10109622VITORJ,2026-03-12,111469,1,1,0,637.0
10109622VITORJ_2026-03-12_G18,10109622VITORJ,2026-03-12,109647,1,5,0,309.0
10109622VITORJ_2026-03-12_G19,10109622VITORJ,2026-03-12,"140923, 117837",2,23,12,816.0
10109622VITORJ_2026-03-12_G20,10109622VITORJ,2026-03-12,117855,1,2,0,923.0
10109622VITORJ_2026-03-12_G21,10109622VITORJ,2026-03-12,111602,1,1,0,82.0
10109622VITORJ_2026-03-12_G22,10109622VITORJ,2026-03-12,141166,1,2,0,94.0
10109622VITORJ_2026-03-13_G02,10109622VITORJ,2026-03-13,117808,1,12,0,61.0
10109622VITORJ_2026-03-13_G03,10109622VITORJ,2026-03-13,117808,1,20,0,190.0
10109622VITORJ_2026-03-13_G04,10109622VITORJ,2026-03-13,117808,1,24,0,125.0
10109622VITORJ_2026-03-13_G05,10109622VITORJ,2026-03-13,110374,4,28,40,810.0
10109622VITORJ_2026-03-13_G06,10109622VITORJ,2026-03-13,117820,1,5,0,562.0
10109622VITORJ_2026-03-13_G07,10109622VITORJ,2026-03-13,160052,1,2,0,118.0
10109622VITORJ_2026-03-13_G08,10109622VITORJ,2026-03-13,160051,1,2,0,93.0
10109622VITORJ_2026-03-13_G09,10109622VITORJ,2026-03-13,110373,2,26,16,141.0
10109622VITORJ_2026-03-13_G10,10109622VITORJ,2026-03-13,118299,1,3,0,59.0
10109622VITORJ_2026-03-13_G11,10109622VITORJ,2026-03-13,118299,2,60,15,57.0
10109622VITORJ_2026-03-13_G12,10109622VITORJ,2026-03-13,118299,3,288,31,34.0
10109622VITORJ_2026-03-13_G13,10109622VITORJ,2026-03-13,117808,5,166,47,793.0
10109622VITORJ_2026-03-13_G14,10109622VITORJ,2026-03-13,111466,2,13,13,217.0
10109622VITORJ_2026-03-13_G15,10109622VITORJ,2026-03-13,111418,2,26,14,31.0
10109622VITORJ_2026-03-13_G16,10109622VITORJ,2026-03-13,141457,1,2,0,37.0
10109622VITORJ_2026-03-13_G18,10109622VITORJ,2026-03-13,111447,1,20,0,733.0
10109622VITORJ_2026-03-13_G19,10109622VITORJ,2026-03-13,110740,1,393,0,2821.0
10109622VITORJ_2026-03-19_G02,10109622VITORJ,2026-03-19,141456,1,4,0,359.0
10109622VITORJ_2026-03-19_G03,10109622VITORJ,2026-03-19,111172,1,2,0,385.0
10109622VITORJ_2026-03-19_G04,10109622VITORJ,2026-03-19,141456,1,3,0,196.0
10109622VITORJ_2026-03-19_G05,10109622VITORJ,2026-03-19,142045,1,7,0,192.0
10109622VITORJ_2026-03-19_G06,10109622VITORJ,2026-03-19,140923,1,12,0,276.0
10109622VITORJ_2026-03-19_G07,10109622VITORJ,2026-03-19,111330,1,4,0,413.0
10109622VITORJ_2026-03-19_G08,10109622VITORJ,2026-03-19,110372,1,1000,0,2963.0
10109622VITORJ_2026-03-19_G09,10109622VITORJ,2026-03-19,111466,1,318,0,2266.0
10109622VITORJ_2026-03-20_G02,10109622VITORJ,2026-03-20,111465,1,8,0,232.0
10109622VITORJ_2026-03-20_G03,10109622VITORJ,2026-03-20,110751,1,4,0,94.0
10109622VITORJ_2026-03-20_G04,10109622VITORJ,2026-03-20,141458,1,36,0,412.0
10109622VITORJ_2026-03-20_G05,10109622VITORJ,2026-03-20,160053,1,3,0,588.0
10109622VITORJ_2026-03-20_G06,10109622VITORJ,2026-03-20,111172,1,1,0,2024.0
10109622VITORJ_2026-03-20_G07,10109622VITORJ,2026-03-20,111532,1,4,0,698.0
10109622VITORJ_2026-03-20_G08,10109622VITORJ,2026-03-20,141271,1,14,0,345.0
10109622VITORJ_2026-03-20_G09,10109622VITORJ,2026-03-20,141458,1,20,0,289.0
10109622VITORJ_2026-03-20_G10,10109622VITORJ,2026-03-20,111418,1,10,0,479.0
10109622VITORJ_2026-03-20_G11,10109622VITORJ,2026-03-20,141202,1,8,0,104.0
10109622VITORJ_2026-03-20_G12,10109622VITORJ,2026-03-20,109640,1,8,0,355.0
10109622VITORJ_2026-03-20_G13,10109622VITORJ,2026-03-20,140922,1,12,0,141.0
10109622VITORJ_2026-03-20_G14,10109622VITORJ,2026-03-20,109495,1,4,0,174.0
10109622VITORJ_2026-03-20_G15,10109622VITORJ,2026-03-20,141166,1,5,0,400.0
10109622VITORJ_2026-03-20_G16,10109622VITORJ,2026-03-20,117856,1,8,0,92.0
10109622VITORJ_2026-03-20_G17,10109622VITORJ,2026-03-20,110339,1,5,0,64.0
10109622VITORJ_2026-03-20_G18,10109622VITORJ,2026-03-20,110332,1,2,0,83.0
10109622VITORJ_2026-03-20_G19,10109622VITORJ,2026-03-20,111743,1,3,0,72.0
10109622VITORJ_2026-03-20_G20,10109622VITORJ,2026-03-20,141271,1,4,0,106.0
10109622VITORJ_2026-03-20_G21,10109622VITORJ,2026-03-20,107236,1,2,0,61.0
10109622VITORJ_2026-03-20_G22,10109622VITORJ,2026-03-20,110373,1,12,0,374.0
10109622VITORJ_2026-03-20_G23,10109622VITORJ,2026-03-20,110372,1,12,0,198.0
10109622VITORJ_2026-03-20_G24,10109622VITORJ,2026-03-20,110371,1,4,0,109.0
10109622VITORJ_2026-03-20_G25,10109622VITORJ,2026-03-20,111530,1,2,0,216.0
10109622VITORJ_2026-03-20_G26,10109622VITORJ,2026-03-20,141166,1,2,0,71.0
10109622VITORJ_2026-03-20_G27,10109622VITORJ,2026-03-20,111602,1,4,0,54.0
10109622VITORJ_2026-03-20_G28,10109622VITORJ,2026-03-20,111602,1,7,0,55.0
10109622VITORJ_2026-03-20_G29,10109622VITORJ,2026-03-20,117853,1,2,0,133.0
10109622VITORJ_2026-03-20_G30,10109622VITORJ,2026-03-20,109640,1,2,0,97.0
10109622VITORJ_2026-03-20_G31,10109622VITORJ,2026-03-20,111602,1,4,0,1058.0
10109622VITORJ_2026-03-20_G32,10109622VITORJ,2026-03-20,107629,1,2,0,184.0
10109622VITORJ_2026-03-20_G33,10109622VITORJ,2026-03-20,110751,1,1,0,49.0
10109622VITORJ_2026-03-20_G34,10109622VITORJ,2026-03-20,111418,1,2,0,49.0
10109622VITORJ_2026-03-20_G35,10109622VITORJ,2026-03-20,111743,1,1,0,67.0
10109622VITORJ_2026-03-20_G36,10109622VITORJ,2026-03-20,117833,1,3,0,112.0
10109622VITORJ_2026-03-20_G37,10109622VITORJ,2026-03-20,111469,1,2,0,100.0
10109622VITORJ_2026-03-20_G38,10109622VITORJ,2026-03-20,110373,1,2,0,131.0
10109622VITORJ_2026-03-20_G39,10109622VITORJ,2026-03-20,110372,1,1,0,126.0
10109622VITORJ_2026-03-20_G40,10109622VITORJ,2026-03-20,141202,1,1,0,77.0
10109622VITORJ_2026-03-23_G02,10109622VITORJ,2026-03-23,117842,1,1,0,323.0
10109622VITORJ_2026-03-23_G03,10109622VITORJ,2026-03-23,111466,1,47,0,453.0
10109622VITORJ_2026-03-23_G04,10109622VITORJ,2026-03-23,111532,1,28,0,314.0
10109622VITORJ_2026-03-23_G05,10109622VITORJ,2026-03-23,111532,1,10,0,662.0
10109622VITORJ_2026-03-23_G06,10109622VITORJ,2026-03-23,111532,1,36,0,86.0
10109622VITORJ_2026-04-08_G02,10109622VITORJ,2026-04-08,117855,1,4,0,102.0
10109622VITORJ_2026-04-08_G03,10109622VITORJ,2026-04-08,142093,1,3,0,74.0
10109622VITORJ_2026-04-08_G04,10109622VITORJ,2026-04-08,141458,1,6,0,107.0
10109622VITORJ_2026-04-08_G05,10109622VITORJ,2026-04-08,110376,1,4,0,85.0
10109622VITORJ_2026-04-08_G06,10109622VITORJ,2026-04-08,109643,1,13,0,154.0
10109622VITORJ_2026-04-08_G07,10109622VITORJ,2026-04-08,110741,1,1,0,169.0
10109622VITORJ_2026-04-08_G08,10109622VITORJ,2026-04-08,141271,1,8,0,166.0
10109622VITORJ_2026-04-08_G09,10109622VITORJ,2026-04-08,108711,1,5,0,128.0
10109622VITORJ_2026-04-08_G10,10109622VITORJ,2026-04-08,110745,1,3,0,190.0
10109622VITORJ_2026-04-08_G11,10109622VITORJ,2026-04-08,111172,1,6,0,103.0
10109622VITORJ_2026-04-08_G12,10109622VITORJ,2026-04-08,108711,1,8,0,611.0
10109622VITORJ_2026-04-08_G13,10109622VITORJ,2026-04-08,100334,1,4,0,182.0
10109622VITORJ_2026-04-08_G14,10109622VITORJ,2026-04-08,110745,1,24,0,459.0
10109622VITORJ_2026-04-08_G15,10109622VITORJ,2026-04-08,142080,1,12,0,698.0
10109622VITORJ_2026-04-08_G16,10109622VITORJ,2026-04-08,141035,1,2,0,880.0
10109622VITORJ_2026-04-08_G17,10109622VITORJ,2026-04-08,141166,1,3,0,204.0
10109622VITORJ_2026-04-08_G18,10109622VITORJ,2026-04-08,111465,1,2,0,252.0
10109622VITORJ_2026-04-08_G19,10109622VITORJ,2026-04-08,111466,1,12,0,267.0
10109622VITORJ_2026-04-08_G20,10109622VITORJ,2026-04-08,110745,1,2,0,89.0
10109622VITORJ_2026-04-08_G21,10109622VITORJ,2026-04-08,107830,1,8,0,182.0
10109622VITORJ_2026-04-08_G22,10109622VITORJ,2026-04-08,111437,1,1,0,208.0
10109622VITORJ_2026-04-08_G23,10109622VITORJ,2026-04-08,110745,1,4,0,134.0
10109622VITORJ_2026-04-08_G24,10109622VITORJ,2026-04-08,111445,1,90,0,2449.0
10109622VITORJ_2026-04-08_G25,10109622VITORJ,2026-04-08,109640,1,26,0,365.0
10109625ESTEVAOP_2025-01-02_G02,10109625ESTEVAOP,2025-01-02,118094,1,50,0,190.0
10109625ESTEVAOP_2025-01-02_G03,10109625ESTEVAOP,2025-01-02,117786,1,63,0,407.0
10109625ESTEVAOP_2025-01-02_G04,10109625ESTEVAOP,2025-01-02,110733,1,132,0,299.0
10109625ESTEVAOP_2025-01-02_G05,10109625ESTEVAOP,2025-01-02,117861,1,32,0,561.0
10109625ESTEVAOP_2025-01-02_G06,10109625ESTEVAOP,2025-01-02,108798,1,50,0,1642.0
10109625ESTEVAOP_2025-01-02_G07,10109625ESTEVAOP,2025-01-02,110373,1,353,0,930.0
10109625ESTEVAOP_2025-01-02_G08,10109625ESTEVAOP,2025-01-02,110376,1,108,0,268.0
10109625ESTEVAOP_2025-01-09_G02,10109625ESTEVAOP,2025-01-09,117808,1,17,0,348.0
10109625ESTEVAOP_2025-01-09_G03,10109625ESTEVAOP,2025-01-09,118299,1,12,0,373.0
10109625ESTEVAOP_2025-01-09_G04,10109625ESTEVAOP,2025-01-09,110895,1,3,0,146.0
10109625ESTEVAOP_2025-01-09_G05,10109625ESTEVAOP,2025-01-09,117820,1,8,0,376.0
10109625ESTEVAOP_2025-01-09_G06,10109625ESTEVAOP,2025-01-09,110895,1,6,0,117.0
10109625ESTEVAOP_2025-01-09_G07,10109625ESTEVAOP,2025-01-09,111463,1,6,0,491.0
10109625ESTEVAOP_2025-01-09_G08,10109625ESTEVAOP,2025-01-09,105335,1,4,0,2231.0
10109625ESTEVAOP_2025-01-09_G09,10109625ESTEVAOP,2025-01-09,111532,1,3,0,120.0
10109625ESTEVAOP_2025-01-09_G10,10109625ESTEVAOP,2025-01-09,111462,1,1,0,172.0
10109625ESTEVAOP_2025-01-09_G11,10109625ESTEVAOP,2025-01-09,108711,1,4,0,108.0
10109625ESTEVAOP_2025-01-09_G12,10109625ESTEVAOP,2025-01-09,111463,1,4,0,167.0
10109625ESTEVAOP_2025-01-09_G13,10109625ESTEVAOP,2025-01-09,110743,1,4,0,1132.0
10109625ESTEVAOP_2025-01-09_G14,10109625ESTEVAOP,2025-01-09,118094,1,4,0,267.0
10109625ESTEVAOP_2025-01-09_G15,10109625ESTEVAOP,2025-01-09,111530,1,8,0,197.0
10109625ESTEVAOP_2025-01-09_G16,10109625ESTEVAOP,2025-01-09,110313,1,4,0,184.0
10109625ESTEVAOP_2025-01-09_G17,10109625ESTEVAOP,2025-01-09,111650,1,1,0,96.0
10109625ESTEVAOP_2025-01-09_G18,10109625ESTEVAOP,2025-01-09,118094,1,7,0,610.0
10109625ESTEVAOP_2025-01-09_G19,10109625ESTEVAOP,2025-01-09,111888,1,2,0,163.0
10109625ESTEVAOP_2025-01-09_G20,10109625ESTEVAOP,2025-01-09,111462,1,1,0,263.0
10109625ESTEVAOP_2025-01-09_G21,10109625ESTEVAOP,2025-01-09,110743,1,4,0,56.0
10109625ESTEVAOP_2025-01-09_G22,10109625ESTEVAOP,2025-01-09,117808,1,10,0,393.0
10109625ESTEVAOP_2025-01-09_G23,10109625ESTEVAOP,2025-01-09,110376,1,2,0,260.0
10109625ESTEVAOP_2025-01-09_G24,10109625ESTEVAOP,2025-01-09,107830,1,4,0,188.0
10109625ESTEVAOP_2025-01-09_G25,10109625ESTEVAOP,2025-01-09,110372,1,13,0,78.0
10109625ESTEVAOP_2025-01-09_G26,10109625ESTEVAOP,2025-01-09,117832,1,4,0,829.0
10109625ESTEVAOP_2025-01-09_G27,10109625ESTEVAOP,2025-01-09,110371,1,4,0,126.0
10109625ESTEVAOP_2025-01-09_G28,10109625ESTEVAOP,2025-01-09,118299,1,20,0,204.0
10109625ESTEVAOP_2025-01-09_G29,10109625ESTEVAOP,2025-01-09,110895,1,1,0,879.0
10109625ESTEVAOP_2025-01-09_G30,10109625ESTEVAOP,2025-01-09,111418,1,8,0,229.0
10109625ESTEVAOP_2025-01-09_G31,10109625ESTEVAOP,2025-01-09,117834,1,3,0,1477.0
10109625ESTEVAOP_2025-01-09_G32,10109625ESTEVAOP,2025-01-09,111887,1,1,0,379.0
10109625ESTEVAOP_2025-01-09_G33,10109625ESTEVAOP,2025-01-09,117861,1,6,0,108.0
10109625ESTEVAOP_2025-01-09_G34,10109625ESTEVAOP,2025-01-09,111602,1,4,0,303.0
10109625ESTEVAOP_2025-01-09_G35,10109625ESTEVAOP,2025-01-09,110339,1,5,0,356.0
10109625ESTEVAOP_2025-01-09_G36,10109625ESTEVAOP,2025-01-09,110740,1,4,0,156.0
10109625ESTEVAOP_2025-01-09_G37,10109625ESTEVAOP,2025-01-09,117831,1,6,0,137.0
10109625ESTEVAOP_2025-01-09_G38,10109625ESTEVAOP,2025-01-09,117785,1,4,0,705.0
10109625ESTEVAOP_2025-01-09_G39,10109625ESTEVAOP,2025-01-09,111463,1,8,0,203.0
10109625ESTEVAOP_2025-01-09_G40,10109625ESTEVAOP,2025-01-09,117838,1,1,0,246.0
10109625ESTEVAOP_2025-01-09_G41,10109625ESTEVAOP,2025-01-09,117820,1,6,0,203.0
10109625ESTEVAOP_2025-01-09_G42,10109625ESTEVAOP,2025-01-09,110372,1,6,0,197.0
10109625ESTEVAOP_2025-01-09_G43,10109625ESTEVAOP,2025-01-09,111438,1,4,0,794.0
10109625ESTEVAOP_2025-01-09_G45,10109625ESTEVAOP,2025-01-09,118094,1,1,0,88.0
10109625ESTEVAOP_2025-01-09_G46,10109625ESTEVAOP,2025-01-09,111602,1,5,0,92.0
10109625ESTEVAOP_2025-01-09_G47,10109625ESTEVAOP,2025-01-09,110733,1,1,0,94.0
10109625ESTEVAOP_2025-01-09_G48,10109625ESTEVAOP,2025-01-09,109747,1,4,0,185.0
10109625ESTEVAOP_2025-01-09_G49,10109625ESTEVAOP,2025-01-09,117820,1,4,0,104.0
10109625ESTEVAOP_2025-01-09_G50,10109625ESTEVAOP,2025-01-09,110373,1,4,0,135.0
10109625ESTEVAOP_2025-01-09_G51,10109625ESTEVAOP,2025-01-09,110582,1,4,0,777.0
10109625ESTEVAOP_2025-01-09_G52,10109625ESTEVAOP,2025-01-09,111090,1,4,0,207.0
10109625ESTEVAOP_2025-01-09_G53,10109625ESTEVAOP,2025-01-09,117853,1,2,0,191.0
10109625ESTEVAOP_2025-01-09_G54,10109625ESTEVAOP,2025-01-09,111598,1,9,0,227.0
10109625ESTEVAOP_2025-01-09_G55,10109625ESTEVAOP,2025-01-09,108711,1,20,0,403.0
10109625ESTEVAOP_2025-01-09_G56,10109625ESTEVAOP,2025-01-09,111463,1,20,0,483.0
10109625ESTEVAOP_2025-01-09_G57,10109625ESTEVAOP,2025-01-09,111172,1,2,0,270.0
10109625ESTEVAOP_2025-01-09_G58,10109625ESTEVAOP,2025-01-09,111442,1,4,0,143.0
10109625ESTEVAOP_2025-01-09_G59,10109625ESTEVAOP,2025-01-09,116241,1,4,0,83.0
10109625ESTEVAOP_2025-01-09_G60,10109625ESTEVAOP,2025-01-09,117820,1,12,0,235.0
10109625ESTEVAOP_2025-01-09_G61,10109625ESTEVAOP,2025-01-09,117830,1,12,0,312.0
10109625ESTEVAOP_2025-01-09_G62,10109625ESTEVAOP,2025-01-09,111463,1,3,0,663.0
10109625ESTEVAOP_2025-01-09_G63,10109625ESTEVAOP,2025-01-09,117862,1,4,0,98.0
10109625ESTEVAOP_2025-01-10_G02,10109625ESTEVAOP,2025-01-10,111602,1,10,0,289.0
10109625ESTEVAOP_2025-01-10_G03,10109625ESTEVAOP,2025-01-10,108711,1,3,0,252.0
10109625ESTEVAOP_2025-01-10_G04,10109625ESTEVAOP,2025-01-10,117808,1,152,0,461.0
10109625ESTEVAOP_2025-01-10_G05,10109625ESTEVAOP,2025-01-10,117820,1,15,0,501.0
10109625ESTEVAOP_2025-01-10_G06,10109625ESTEVAOP,2025-01-10,118299,1,8,0,151.0
10109625ESTEVAOP_2025-01-10_G07,10109625ESTEVAOP,2025-01-10,117855,1,12,0,261.0
10109625ESTEVAOP_2025-01-10_G08,10109625ESTEVAOP,2025-01-10,111602,1,1,0,184.0
10109625ESTEVAOP_2025-01-10_G09,10109625ESTEVAOP,2025-01-10,117808,1,28,0,1498.0
10109625ESTEVAOP_2025-01-10_G10,10109625ESTEVAOP,2025-01-10,140911,1,2,0,253.0
10109625ESTEVAOP_2025-01-10_G11,10109625ESTEVAOP,2025-01-10,111569,1,12,0,273.0
10109625ESTEVAOP_2025-01-10_G12,10109625ESTEVAOP,2025-01-10,110339,1,1,0,317.0
10109625ESTEVAOP_2025-01-10_G13,10109625ESTEVAOP,2025-01-10,141047,1,2,0,156.0
10109625ESTEVAOP_2025-01-10_G14,10109625ESTEVAOP,2025-01-10,108772,1,2,0,114.0
10109625ESTEVAOP_2025-01-10_G15,10109625ESTEVAOP,2025-01-10,118140,1,2,0,130.0
10109625ESTEVAOP_2025-01-10_G16,10109625ESTEVAOP,2025-01-10,117831,1,4,0,125.0
10109625ESTEVAOP_2025-01-10_G17,10109625ESTEVAOP,2025-01-10,140922,1,2,0,101.0
10109625ESTEVAOP_2025-01-10_G18,10109625ESTEVAOP,2025-01-10,111463,1,2,0,147.0
10109625ESTEVAOP_2025-01-10_G19,10109625ESTEVAOP,2025-01-10,117831,1,4,0,109.0
10109625ESTEVAOP_2025-01-10_G20,10109625ESTEVAOP,2025-01-10,117808,1,30,0,240.0
10109625ESTEVAOP_2025-01-10_G21,10109625ESTEVAOP,2025-01-10,110371,1,10,0,677.0
10109625ESTEVAOP_2025-01-10_G22,10109625ESTEVAOP,2025-01-10,117832,1,12,0,154.0
10109625ESTEVAOP_2025-01-10_G23,10109625ESTEVAOP,2025-01-10,110742,1,2,0,239.0
10109625ESTEVAOP_2025-01-10_G24,10109625ESTEVAOP,2025-01-10,111602,1,17,0,49.0
10109625ESTEVAOP_2025-01-10_G25,10109625ESTEVAOP,2025-01-10,117855,1,11,0,371.0
10109625ESTEVAOP_2025-01-10_G26,10109625ESTEVAOP,2025-01-10,117808,1,201,0,436.0
10109625ESTEVAOP_2025-01-10_G27,10109625ESTEVAOP,2025-01-10,100334,1,20,0,2030.0
10109625ESTEVAOP_2025-01-10_G28,10109625ESTEVAOP,2025-01-10,100334,1,10,0,230.0
10109625ESTEVAOP_2025-01-10_G29,10109625ESTEVAOP,2025-01-10,118290,1,6,0,409.0
10109625ESTEVAOP_2025-01-10_G30,10109625ESTEVAOP,2025-01-10,111436,1,4,0,290.0
10109625ESTEVAOP_2025-01-10_G31,10109625ESTEVAOP,2025-01-10,111430,2,25,6,374.0
10109625ESTEVAOP_2025-01-10_G32,10109625ESTEVAOP,2025-01-10,111438,2,20,27,474.0
10109625ESTEVAOP_2025-01-10_G33,10109625ESTEVAOP,2025-01-10,110582,1,4,0,211.0
10109625ESTEVAOP_2025-01-10_G34,10109625ESTEVAOP,2025-01-10,111441,1,4,0,285.0
10109625ESTEVAOP_2025-01-10_G35,10109625ESTEVAOP,2025-01-10,110742,1,6,0,129.0
10109625ESTEVAOP_2025-01-10_G36,10109625ESTEVAOP,2025-01-10,111418,1,100,0,479.0
10109625ESTEVAOP_2025-01-10_G37,10109625ESTEVAOP,2025-01-10,117833,1,10,0,427.0
10109625ESTEVAOP_2025-01-10_G38,10109625ESTEVAOP,2025-01-10,140922,1,10,0,115.0
10109625ESTEVAOP_2025-01-10_G39,10109625ESTEVAOP,2025-01-10,108711,1,12,0,45.0
10109625ESTEVAOP_2025-01-10_G40,10109625ESTEVAOP,2025-01-10,117785,1,50,0,314.0
10109625ESTEVAOP_2025-01-10_G41,10109625ESTEVAOP,2025-01-10,111743,1,20,0,648.0
10109625ESTEVAOP_2025-01-10_G42,10109625ESTEVAOP,2025-01-10,117820,1,40,0,303.0
10109625ESTEVAOP_2025-01-10_G43,10109625ESTEVAOP,2025-01-10,117820,1,20,0,77.0
10109625ESTEVAOP_2025-01-10_G44,10109625ESTEVAOP,2025-01-10,109643,1,10,0,525.0
10109625ESTEVAOP_2025-01-10_G45,10109625ESTEVAOP,2025-01-10,117809,1,12,0,173.0
10109625ESTEVAOP_2025-01-10_G46,10109625ESTEVAOP,2025-01-10,110375,1,10,0,255.0
10109625ESTEVAOP_2025-01-10_G47,10109625ESTEVAOP,2025-01-10,109747,1,10,0,278.0
10109625ESTEVAOP_2025-01-10_G49,10109625ESTEVAOP,2025-01-10,110740,1,1,0,114.0
10109625ESTEVAOP_2025-01-10_G50,10109625ESTEVAOP,2025-01-10,117820,1,2,0,134.0
10109625ESTEVAOP_2025-01-10_G51,10109625ESTEVAOP,2025-01-10,117834,1,4,0,143.0
10109625ESTEVAOP_2025-01-10_G52,10109625ESTEVAOP,2025-01-10,111441,1,20,0,193.0
10109625ESTEVAOP_2025-01-10_G53,10109625ESTEVAOP,2025-01-10,117853,1,4,0,353.0
10109625ESTEVAOP_2025-01-10_G54,10109625ESTEVAOP,2025-01-10,110740,1,4,0,337.0
10109625ESTEVAOP_2025-01-10_G55,10109625ESTEVAOP,2025-01-10,117808,1,20,0,538.0
10109625ESTEVAOP_2025-01-10_G56,10109625ESTEVAOP,2025-01-10,117820,1,20,0,116.0
10109625ESTEVAOP_2025-01-10_G57,10109625ESTEVAOP,2025-01-10,111530,1,3,0,347.0
10109625ESTEVAOP_2025-01-10_G58,10109625ESTEVAOP,2025-01-10,117820,1,3,0,47.0
10109625ESTEVAOP_2025-01-10_G59,10109625ESTEVAOP,2025-01-10,117830,1,24,0,172.0
10109625ESTEVAOP_2025-01-10_G60,10109625ESTEVAOP,2025-01-10,110374,1,17,0,606.0
10109625ESTEVAOP_2025-01-10_G61,10109625ESTEVAOP,2025-01-10,111431,1,42,0,659.0
10109625ESTEVAOP_2025-01-10_G62,10109625ESTEVAOP,2025-01-10,111431,1,34,0,478.0
10109625ESTEVAOP_2025-01-10_G63,10109625ESTEVAOP,2025-01-10,111569,1,50,0,478.0
10109625ESTEVAOP_2025-01-10_G64,10109625ESTEVAOP,2025-01-10,111447,1,20,0,633.0
10109625ESTEVAOP_2025-01-10_G65,10109625ESTEVAOP,2025-01-10,111438,1,159,0,673.0
10109625ESTEVAOP_2025-01-11_G02,10109625ESTEVAOP,2025-01-11,117831,2,16,6,179.0
10109625ESTEVAOP_2025-01-11_G03,10109625ESTEVAOP,2025-01-11,110374,1,10,0,329.0
10109625ESTEVAOP_2025-01-11_G04,10109625ESTEVAOP,2025-01-11,117832,1,8,0,207.0
10109625ESTEVAOP_2025-01-11_G05,10109625ESTEVAOP,2025-01-11,140911,1,3,0,363.0
10109625ESTEVAOP_2025-01-11_G06,10109625ESTEVAOP,2025-01-11,108772,1,4,0,354.0
10109625ESTEVAOP_2025-01-11_G07,10109625ESTEVAOP,2025-01-11,108772,1,4,0,36.0
10109625ESTEVAOP_2025-01-11_G08,10109625ESTEVAOP,2025-01-11,110313,1,14,0,679.0
10109625ESTEVAOP_2025-01-11_G09,10109625ESTEVAOP,2025-01-11,110895,1,3,0,94.0
10109625ESTEVAOP_2025-01-11_G10,10109625ESTEVAOP,2025-01-11,111602,1,6,0,161.0
10109625ESTEVAOP_2025-01-11_G11,10109625ESTEVAOP,2025-01-11,110515,1,6,0,153.0
10109625ESTEVAOP_2025-01-11_G12,10109625ESTEVAOP,2025-01-11,111602,1,6,0,409.0
10109625ESTEVAOP_2025-01-11_G13,10109625ESTEVAOP,2025-01-11,118299,1,2,0,181.0
10109625ESTEVAOP_2025-01-11_G14,10109625ESTEVAOP,2025-01-11,117855,1,4,0,179.0
10109625ESTEVAOP_2025-01-11_G15,10109625ESTEVAOP,2025-01-11,111569,1,200,0,1775.0
10109625ESTEVAOP_2025-01-11_G16,10109625ESTEVAOP,2025-01-11,111418,1,1069,0,2878.0
10109625ESTEVAOP_2025-01-13_G02,10109625ESTEVAOP,2025-01-13,110756,1,4,0,355.0
10109625ESTEVAOP_2025-01-13_G03,10109625ESTEVAOP,2025-01-13,110313,1,1,0,45.0
10109625ESTEVAOP_2025-01-13_G04,10109625ESTEVAOP,2025-01-13,110711,1,3,0,148.0
10109625ESTEVAOP_2025-01-13_G05,10109625ESTEVAOP,2025-01-13,110375,1,4,0,105.0
10109625ESTEVAOP_2025-01-13_G06,10109625ESTEVAOP,2025-01-13,117820,1,12,0,186.0
10109625ESTEVAOP_2025-01-13_G07,10109625ESTEVAOP,2025-01-13,107830,1,4,0,118.0
10109625ESTEVAOP_2025-01-13_G08,10109625ESTEVAOP,2025-01-13,117832,1,3,0,318.0
10109625ESTEVAOP_2025-01-13_G09,10109625ESTEVAOP,2025-01-13,117787,1,4,0,396.0
10109625ESTEVAOP_2025-01-13_G10,10109625ESTEVAOP,2025-01-13,108711,1,4,0,111.0
10109625ESTEVAOP_2025-01-13_G11,10109625ESTEVAOP,2025-01-13,111465,1,2,0,70.0
10109625ESTEVAOP_2025-01-13_G12,10109625ESTEVAOP,2025-01-13,110743,1,2,0,97.0
10109625ESTEVAOP_2025-01-13_G13,10109625ESTEVAOP,2025-01-13,117831,1,4,0,2330.0
10109625ESTEVAOP_2025-01-13_G14,10109625ESTEVAOP,2025-01-13,111418,1,6,0,68.0
10109625ESTEVAOP_2025-01-13_G15,10109625ESTEVAOP,2025-01-13,110751,1,2,0,65.0
10109625ESTEVAOP_2025-01-13_G16,10109625ESTEVAOP,2025-01-13,117833,1,1,0,75.0
10109625ESTEVAOP_2025-01-13_G17,10109625ESTEVAOP,2025-01-13,108711,1,8,0,155.0
10109625ESTEVAOP_2025-01-13_G18,10109625ESTEVAOP,2025-01-13,108736,1,2,0,56.0
10109625ESTEVAOP_2025-01-13_G19,10109625ESTEVAOP,2025-01-13,117785,1,16,0,81.0
10109625ESTEVAOP_2025-01-13_G20,10109625ESTEVAOP,2025-01-13,110743,1,2,0,249.0
10109625ESTEVAOP_2025-01-13_G21,10109625ESTEVAOP,2025-01-13,111469,1,8,0,189.0
10109625ESTEVAOP_2025-01-13_G22,10109625ESTEVAOP,2025-01-13,110339,1,14,0,197.0
10109625ESTEVAOP_2025-01-13_G23,10109625ESTEVAOP,2025-01-13,110752,1,6,0,447.0
10109625ESTEVAOP_2025-01-13_G24,10109625ESTEVAOP,2025-01-13,110733,1,3,0,570.0
10109625ESTEVAOP_2025-01-13_G25,10109625ESTEVAOP,2025-01-13,111530,1,18,0,402.0
10109625ESTEVAOP_2025-01-13_G26,10109625ESTEVAOP,2025-01-13,117785,1,28,0,1256.0
10109625ESTEVAOP_2025-01-13_G27,10109625ESTEVAOP,2025-01-13,111442,1,2,0,629.0
10109625ESTEVAOP_2025-01-13_G28,10109625ESTEVAOP,2025-01-13,111438,1,8,0,845.0
10109625ESTEVAOP_2025-01-13_G29,10109625ESTEVAOP,2025-01-13,108794,1,2,0,250.0
10109625ESTEVAOP_2025-01-13_G30,10109625ESTEVAOP,2025-01-13,117821,1,4,0,99.0
10109625ESTEVAOP_2025-01-13_G31,10109625ESTEVAOP,2025-01-13,111418,1,14,0,192.0
10109625ESTEVAOP_2025-01-13_G32,10109625ESTEVAOP,2025-01-13,110372,1,45,0,171.0
10109625ESTEVAOP_2025-01-13_G33,10109625ESTEVAOP,2025-01-13,117832,1,6,0,471.0
10109625ESTEVAOP_2025-01-13_G34,10109625ESTEVAOP,2025-01-13,110372,1,80,0,326.0
10109625ESTEVAOP_2025-01-13_G35,10109625ESTEVAOP,2025-01-13,116241,1,4,0,585.0
10109625ESTEVAOP_2025-01-13_G36,10109625ESTEVAOP,2025-01-13,111602,1,4,0,928.0
10109625ESTEVAOP_2025-01-13_G37,10109625ESTEVAOP,2025-01-13,110313,1,4,0,197.0
10109625ESTEVAOP_2025-01-13_G38,10109625ESTEVAOP,2025-01-13,111467,1,6,0,102.0
10109625ESTEVAOP_2025-01-13_G39,10109625ESTEVAOP,2025-01-13,110733,1,1,0,284.0
10109625ESTEVAOP_2025-01-13_G40,10109625ESTEVAOP,2025-01-13,141047,1,1,0,65.0
10109625ESTEVAOP_2025-01-13_G41,10109625ESTEVAOP,2025-01-13,111444,1,4,0,493.0
10109625ESTEVAOP_2025-01-13_G42,10109625ESTEVAOP,2025-01-13,110740,1,7,0,189.0
10109625ESTEVAOP_2025-01-13_G43,10109625ESTEVAOP,2025-01-13,108711,1,1,0,234.0
10109625ESTEVAOP_2025-01-13_G44,10109625ESTEVAOP,2025-01-13,117808,1,2,0,126.0
10109625ESTEVAOP_2025-01-13_G45,10109625ESTEVAOP,2025-01-13,117832,1,3,0,228.0
10109625ESTEVAOP_2025-01-13_G46,10109625ESTEVAOP,2025-01-13,111442,1,36,0,476.0
10109625ESTEVAOP_2025-01-13_G47,10109625ESTEVAOP,2025-01-13,111467,1,2,0,551.0
10109625ESTEVAOP_2025-01-13_G48,10109625ESTEVAOP,2025-01-13,118094,1,4,0,106.0
10109625ESTEVAOP_2025-01-13_G49,10109625ESTEVAOP,2025-01-13,117855,1,4,0,100.0
10109625ESTEVAOP_2025-01-13_G50,10109625ESTEVAOP,2025-01-13,110733,1,2,0,161.0
10109625ESTEVAOP_2025-01-13_G52,10109625ESTEVAOP,2025-01-13,117862,1,4,0,591.0
10109625ESTEVAOP_2025-01-13_G53,10109625ESTEVAOP,2025-01-13,117809,1,4,0,191.0
10109625ESTEVAOP_2025-01-13_G54,10109625ESTEVAOP,2025-01-13,111444,1,4,0,162.0
10109625ESTEVAOP_2025-01-13_G55,10109625ESTEVAOP,2025-01-13,110740,1,2,0,292.0
10109625ESTEVAOP_2025-01-13_G56,10109625ESTEVAOP,2025-01-13,140922,1,8,0,245.0
10109625ESTEVAOP_2025-01-13_G57,10109625ESTEVAOP,2025-01-13,105705,1,4,0,176.0
10109625ESTEVAOP_2025-01-13_G58,10109625ESTEVAOP,2025-01-13,140922,1,8,0,752.0
10109625ESTEVAOP_2025-01-13_G59,10109625ESTEVAOP,2025-01-13,117821,1,4,0,61.0
10109625ESTEVAOP_2025-01-13_G60,10109625ESTEVAOP,2025-01-13,111442,1,12,0,212.0
10109625ESTEVAOP_2025-01-13_G61,10109625ESTEVAOP,2025-01-13,160057,1,2,0,497.0
10109625ESTEVAOP_2025-01-13_G62,10109625ESTEVAOP,2025-01-13,111530,1,2,0,157.0
10109625ESTEVAOP_2025-01-13_G63,10109625ESTEVAOP,2025-01-13,110313,1,4,0,158.0
10109625ESTEVAOP_2025-01-13_G64,10109625ESTEVAOP,2025-01-13,118094,1,4,0,146.0
10109625ESTEVAOP_2025-01-13_G65,10109625ESTEVAOP,2025-01-13,117862,1,4,0,262.0
10109625ESTEVAOP_2025-01-13_G66,10109625ESTEVAOP,2025-01-13,109641,1,4,0,405.0
10109625ESTEVAOP_2025-01-13_G67,10109625ESTEVAOP,2025-01-13,109645,1,4,0,134.0
10109625ESTEVAOP_2025-01-13_G68,10109625ESTEVAOP,2025-01-13,111442,1,4,0,161.0
10109625ESTEVAOP_2025-01-13_G69,10109625ESTEVAOP,2025-01-13,118094,1,5,0,87.0
10109625ESTEVAOP_2025-01-13_G70,10109625ESTEVAOP,2025-01-13,117862,1,4,0,164.0
10109625ESTEVAOP_2025-01-13_G71,10109625ESTEVAOP,2025-01-13,111530,1,20,0,514.0
10109625ESTEVAOP_2025-01-13_G72,10109625ESTEVAOP,2025-01-13,109747,1,8,0,435.0
10109625ESTEVAOP_2025-01-14_G02,10109625ESTEVAOP,2025-01-14,111602,1,20,0,225.0
10109625ESTEVAOP_2025-01-14_G03,10109625ESTEVAOP,2025-01-14,118094,2,24,10,133.0
10109625ESTEVAOP_2025-01-14_G04,10109625ESTEVAOP,2025-01-14,117786,1,40,0,550.0
10109625ESTEVAOP_2025-01-14_G05,10109625ESTEVAOP,2025-01-14,117786,1,12,0,265.0
10109625ESTEVAOP_2025-01-14_G06,10109625ESTEVAOP,2025-01-14,110515,1,30,0,1638.0
10109625ESTEVAOP_2025-01-14_G07,10109625ESTEVAOP,2025-01-14,108711,1,20,0,751.0
10109625ESTEVAOP_2025-01-14_G08,10109625ESTEVAOP,2025-01-14,111444,1,10,0,237.0
10109625ESTEVAOP_2025-01-14_G09,10109625ESTEVAOP,2025-01-14,117787,1,20,0,289.0
10109625ESTEVAOP_2025-01-14_G10,10109625ESTEVAOP,2025-01-14,117785,1,80,0,418.0
10109625ESTEVAOP_2025-01-14_G11,10109625ESTEVAOP,2025-01-14,110743,1,6,0,364.0
10109625ESTEVAOP_2025-01-14_G12,10109625ESTEVAOP,2025-01-14,111172,1,10,0,244.0
10109625ESTEVAOP_2025-01-14_G13,10109625ESTEVAOP,2025-01-14,117820,1,60,0,372.0
10109625ESTEVAOP_2025-01-14_G14,10109625ESTEVAOP,2025-01-14,118299,1,33,0,921.0
10109625ESTEVAOP_2025-01-14_G15,10109625ESTEVAOP,2025-01-14,118299,1,100,0,78.0
10109625ESTEVAOP_2025-01-14_G16,10109625ESTEVAOP,2025-01-14,117830,1,10,0,530.0
10109625ESTEVAOP_2025-01-14_G17,10109625ESTEVAOP,2025-01-14,110749,1,4,0,398.0
10109625ESTEVAOP_2025-01-14_G18,10109625ESTEVAOP,2025-01-14,110755,1,4,0,1790.0
10109625ESTEVAOP_2025-01-14_G19,10109625ESTEVAOP,2025-01-14,110742,1,8,0,397.0
10109625ESTEVAOP_2025-01-14_G20,10109625ESTEVAOP,2025-01-14,118418,1,16,0,119.0
10109625ESTEVAOP_2025-01-14_G21,10109625ESTEVAOP,2025-01-14,105359,1,3,0,315.0
10109625ESTEVAOP_2025-01-14_G22,10109625ESTEVAOP,2025-01-14,"110623, 111438",2,8,14,196.0
10109625ESTEVAOP_2025-01-14_G23,10109625ESTEVAOP,2025-01-14,110756,1,4,0,488.0
10109625ESTEVAOP_2025-01-14_G24,10109625ESTEVAOP,2025-01-14,110752,1,6,0,119.0
10109625ESTEVAOP_2025-01-14_G25,10109625ESTEVAOP,2025-01-14,111467,1,20,0,391.0
10109625ESTEVAOP_2025-01-14_G26,10109625ESTEVAOP,2025-01-14,110063,1,4,0,72.0
10109625ESTEVAOP_2025-01-14_G27,10109625ESTEVAOP,2025-01-14,110753,1,1,0,63.0
10109625ESTEVAOP_2025-01-14_G28,10109625ESTEVAOP,2025-01-14,118094,1,10,0,122.0
10109625ESTEVAOP_2025-01-14_G29,10109625ESTEVAOP,2025-01-14,117786,1,40,0,297.0
10109625ESTEVAOP_2025-01-14_G30,10109625ESTEVAOP,2025-01-14,111876,1,4,0,161.0
10109625ESTEVAOP_2025-01-14_G31,10109625ESTEVAOP,2025-01-14,141047,1,10,0,275.0
10109625ESTEVAOP_2025-01-14_G32,10109625ESTEVAOP,2025-01-14,110733,1,10,0,229.0
10109625ESTEVAOP_2025-01-14_G33,10109625ESTEVAOP,2025-01-14,111353,1,2,0,149.0
10109625ESTEVAOP_2025-01-14_G34,10109625ESTEVAOP,2025-01-14,117832,1,30,0,409.0
10109625ESTEVAOP_2025-01-14_G35,10109625ESTEVAOP,2025-01-14,107830,1,20,0,298.0
10109625ESTEVAOP_2025-01-14_G36,10109625ESTEVAOP,2025-01-14,117830,1,30,0,705.0
10109625ESTEVAOP_2025-01-14_G37,10109625ESTEVAOP,2025-01-14,110740,1,10,0,592.0
10109625ESTEVAOP_2025-01-14_G38,10109625ESTEVAOP,2025-01-14,110740,1,21,0,188.0
10109625ESTEVAOP_2025-01-14_G39,10109625ESTEVAOP,2025-01-14,110787,1,30,0,56.0
10109625ESTEVAOP_2025-01-14_G40,10109625ESTEVAOP,2025-01-14,117787,1,30,0,431.0
10109625ESTEVAOP_2025-01-14_G41,10109625ESTEVAOP,2025-01-14,110743,1,10,0,388.0
10109625ESTEVAOP_2025-01-14_G42,10109625ESTEVAOP,2025-01-14,111468,1,30,0,509.0
10109625ESTEVAOP_2025-01-14_G43,10109625ESTEVAOP,2025-01-14,117838,1,40,0,291.0
10109625ESTEVAOP_2025-01-14_G44,10109625ESTEVAOP,2025-01-14,108798,1,30,0,452.0
10109625ESTEVAOP_2025-01-14_G46,10109625ESTEVAOP,2025-01-14,111441,1,26,0,293.0
10109625ESTEVAOP_2025-01-14_G47,10109625ESTEVAOP,2025-01-14,117808,1,488,0,1996.0
10109625ESTEVAOP_2025-01-15_G02,10109625ESTEVAOP,2025-01-15,111532,1,67,0,1695.0
10109625ESTEVAOP_2025-01-15_G03,10109625ESTEVAOP,2025-01-15,111467,1,130,0,3281.0
10109625ESTEVAOP_2025-01-15_G04,10109625ESTEVAOP,2025-01-15,117838,1,20,0,595.0
10109625ESTEVAOP_2025-01-15_G05,10109625ESTEVAOP,2025-01-15,110787,1,50,0,422.0
10109625ESTEVAOP_2025-01-15_G06,10109625ESTEVAOP,2025-01-15,117787,1,60,0,569.0
10109625ESTEVAOP_2025-01-15_G07,10109625ESTEVAOP,2025-01-15,118222,1,50,0,2082.0
10109625ESTEVAOP_2025-01-15_G08,10109625ESTEVAOP,2025-01-15,109647,1,119,0,541.0
10109625ESTEVAOP_2025-01-15_G09,10109625ESTEVAOP,2025-01-15,108798,1,551,0,2625.0
10109625ESTEVAOP_2025-01-15_G10,10109625ESTEVAOP,2025-01-15,117785,1,250,0,1035.0
10109625ESTEVAOP_2025-01-15_G13,10109625ESTEVAOP,2025-01-15,110841,1,2,0,277.0
10109625ESTEVAOP_2025-01-15_G14,10109625ESTEVAOP,2025-01-15,117862,1,4,0,206.0
10109625ESTEVAOP_2025-01-15_G15,10109625ESTEVAOP,2025-01-15,110711,1,4,0,228.0
10109625ESTEVAOP_2025-01-15_G16,10109625ESTEVAOP,2025-01-15,110339,1,4,0,794.0
10109625ESTEVAOP_2025-01-15_G17,10109625ESTEVAOP,2025-01-15,111467,1,4,0,98.0
10109625ESTEVAOP_2025-01-15_G18,10109625ESTEVAOP,2025-01-15,111602,1,5,0,66.0
10109625ESTEVAOP_2025-01-15_G19,10109625ESTEVAOP,2025-01-15,118094,1,4,0,102.0
10109625ESTEVAOP_2025-01-15_G20,10109625ESTEVAOP,2025-01-15,110515,1,6,0,153.0
10109625ESTEVAOP_2025-01-15_G21,10109625ESTEVAOP,2025-01-15,117822,1,4,0,317.0
10109625ESTEVAOP_2025-01-15_G22,10109625ESTEVAOP,2025-01-15,107830,1,4,0,234.0
10109625ESTEVAOP_2025-01-16_G02,10109625ESTEVAOP,2025-01-16,111463,1,45,0,453.0
10109625ESTEVAOP_2025-01-16_G03,10109625ESTEVAOP,2025-01-16,110745,1,7,0,1310.0
10109625ESTEVAOP_2025-01-16_G04,10109625ESTEVAOP,2025-01-16,111441,1,7,0,1795.0
10109625ESTEVAOP_2025-01-16_G05,10109625ESTEVAOP,2025-01-16,108794,1,34,0,162.0
10109625ESTEVAOP_2025-01-16_G06,10109625ESTEVAOP,2025-01-16,117821,1,27,0,339.0
10109625ESTEVAOP_2025-01-16_G07,10109625ESTEVAOP,2025-01-16,118140,1,9,0,350.0
10109625ESTEVAOP_2025-01-16_G08,10109625ESTEVAOP,2025-01-16,117785,1,53,0,310.0
10109625ESTEVAOP_2025-01-16_G09,10109625ESTEVAOP,2025-01-16,140922,1,32,0,140.0
10109625ESTEVAOP_2025-01-16_G10,10109625ESTEVAOP,2025-01-16,110787,1,74,0,612.0
10109625ESTEVAOP_2025-01-16_G11,10109625ESTEVAOP,2025-01-16,117831,1,30,0,93.0
10109625ESTEVAOP_2025-01-16_G12,10109625ESTEVAOP,2025-01-16,116241,1,2,0,278.0
10109625ESTEVAOP_2025-01-16_G13,10109625ESTEVAOP,2025-01-16,117833,1,30,0,384.0
10109625ESTEVAOP_2025-01-16_G14,10109625ESTEVAOP,2025-01-16,117830,1,40,0,778.0
10109625ESTEVAOP_2025-01-16_G15,10109625ESTEVAOP,2025-01-16,117820,1,126,0,830.0
10109625ESTEVAOP_2025-01-16_G16,10109625ESTEVAOP,2025-01-16,117832,1,96,0,349.0
10109625ESTEVAOP_2025-01-16_G17,10109625ESTEVAOP,2025-01-16,118299,1,600,0,1039.0
10109625ESTEVAOP_2025-01-16_G18,10109625ESTEVAOP,2025-01-16,110372,2,130,21,495.0
10109625ESTEVAOP_2025-01-16_G19,10109625ESTEVAOP,2025-01-16,109747,1,3,0,389.0
10109625ESTEVAOP_2025-01-16_G20,10109625ESTEVAOP,2025-01-16,107830,1,20,0,126.0
10109625ESTEVAOP_2025-01-16_G21,10109625ESTEVAOP,2025-01-16,109643,1,14,0,551.0
10109625ESTEVAOP_2025-01-16_G22,10109625ESTEVAOP,2025-01-16,118140,1,2,0,1977.0
10109625ESTEVAOP_2025-01-16_G23,10109625ESTEVAOP,2025-01-16,117808,1,8,0,207.0
10109625ESTEVAOP_2025-01-16_G24,10109625ESTEVAOP,2025-01-16,117808,1,7,0,40.0
10109625ESTEVAOP_2025-01-16_G25,10109625ESTEVAOP,2025-01-16,117808,1,10,0,167.0
10109625ESTEVAOP_2025-01-16_G26,10109625ESTEVAOP,2025-01-16,117808,1,26,0,392.0
10109625ESTEVAOP_2025-01-16_G27,10109625ESTEVAOP,2025-01-16,111602,1,12,0,729.0
10109625ESTEVAOP_2025-01-16_G28,10109625ESTEVAOP,2025-01-16,111330,1,2,0,158.0
10109625ESTEVAOP_2025-01-16_G29,10109625ESTEVAOP,2025-01-16,118290,1,4,0,152.0
10109625ESTEVAOP_2025-01-16_G30,10109625ESTEVAOP,2025-01-16,118299,1,28,0,1017.0
10109625ESTEVAOP_2025-01-16_G32,10109625ESTEVAOP,2025-01-16,100334,1,7,0,258.0
10109625ESTEVAOP_2025-01-16_G33,10109625ESTEVAOP,2025-01-16,110755,1,5,0,239.0
10109625ESTEVAOP_2025-01-16_G34,10109625ESTEVAOP,2025-01-16,118306,1,6,0,54.0
10109625ESTEVAOP_2025-01-16_G35,10109625ESTEVAOP,2025-01-16,110339,1,6,0,621.0
10109625ESTEVAOP_2025-01-16_G36,10109625ESTEVAOP,2025-01-16,118317,1,6,0,224.0
10109625ESTEVAOP_2025-01-16_G37,10109625ESTEVAOP,2025-01-16,111435,1,6,0,175.0
10109625ESTEVAOP_2025-01-16_G38,10109625ESTEVAOP,2025-01-16,140922,2,16,22,66.0
10109625ESTEVAOP_2025-01-16_G39,10109625ESTEVAOP,2025-01-16,116241,1,4,0,393.0
10109625ESTEVAOP_2025-01-16_G40,10109625ESTEVAOP,2025-01-16,111438,1,10,0,521.0
10109625ESTEVAOP_2025-01-16_G41,10109625ESTEVAOP,2025-01-16,118299,1,85,0,748.0
10109625ESTEVAOP_2025-01-16_G42,10109625ESTEVAOP,2025-01-16,111441,1,20,0,648.0
10109625ESTEVAOP_2025-01-16_G43,10109625ESTEVAOP,2025-01-16,118094,1,8,0,557.0
10109625ESTEVAOP_2025-01-16_G44,10109625ESTEVAOP,2025-01-16,117786,1,20,0,413.0
10109625ESTEVAOP_2025-01-16_G45,10109625ESTEVAOP,2025-01-16,117856,1,8,0,242.0
10109625ESTEVAOP_2025-01-16_G46,10109625ESTEVAOP,2025-01-16,117785,1,20,0,405.0
10109625ESTEVAOP_2025-01-16_G47,10109625ESTEVAOP,2025-01-16,111442,1,6,0,175.0
10109625ESTEVAOP_2025-01-16_G48,10109625ESTEVAOP,2025-01-16,108795,1,4,0,184.0
10109625ESTEVAOP_2025-01-16_G49,10109625ESTEVAOP,2025-01-16,111463,1,12,0,509.0
10109625ESTEVAOP_2025-01-16_G50,10109625ESTEVAOP,2025-01-16,118317,1,8,0,228.0
10109625ESTEVAOP_2025-01-16_G51,10109625ESTEVAOP,2025-01-16,117821,1,20,0,283.0
10109625ESTEVAOP_2025-01-17_G02,10109625ESTEVAOP,2025-01-17,111438,2,7,14,155.0
10109625ESTEVAOP_2025-01-17_G03,10109625ESTEVAOP,2025-01-17,111430,1,12,0,417.0
10109625ESTEVAOP_2025-01-17_G04,10109625ESTEVAOP,2025-01-17,111430,1,11,0,126.0
10109625ESTEVAOP_2025-01-17_G05,10109625ESTEVAOP,2025-01-17,110747,1,4,0,136.0
10109625ESTEVAOP_2025-01-17_G06,10109625ESTEVAOP,2025-01-17,110752,1,6,0,322.0
10109625ESTEVAOP_2025-01-17_G07,10109625ESTEVAOP,2025-01-17,110515,1,18,0,252.0
10109625ESTEVAOP_2025-01-17_G08,10109625ESTEVAOP,2025-01-17,117862,1,2,0,68.0
10109625ESTEVAOP_2025-01-17_G09,10109625ESTEVAOP,2025-01-17,117862,1,4,0,53.0
10109625ESTEVAOP_2025-01-17_G10,10109625ESTEVAOP,2025-01-17,111443,1,1,0,1791.0
10109625ESTEVAOP_2025-01-17_G11,10109625ESTEVAOP,2025-01-17,118140,1,4,0,202.0
10109625ESTEVAOP_2025-01-17_G12,10109625ESTEVAOP,2025-01-17,110740,1,4,0,157.0
10109625ESTEVAOP_2025-01-17_G13,10109625ESTEVAOP,2025-01-17,117831,1,2,0,305.0
10109625ESTEVAOP_2025-01-17_G14,10109625ESTEVAOP,2025-01-17,108711,1,1,0,76.0
10109625ESTEVAOP_2025-01-17_G15,10109625ESTEVAOP,2025-01-17,111465,1,2,0,94.0
10109625ESTEVAOP_2025-01-17_G16,10109625ESTEVAOP,2025-01-17,111463,1,2,0,80.0
10109625ESTEVAOP_2025-01-17_G17,10109625ESTEVAOP,2025-01-17,160054,1,4,0,143.0
10109625ESTEVAOP_2025-01-17_G18,10109625ESTEVAOP,2025-01-17,117820,1,197,0,1014.0
10109625ESTEVAOP_2025-01-17_G19,10109625ESTEVAOP,2025-01-17,117820,1,9,0,281.0
10109625ESTEVAOP_2025-01-17_G20,10109625ESTEVAOP,2025-01-17,110372,1,4,0,307.0
10109625ESTEVAOP_2025-01-17_G21,10109625ESTEVAOP,2025-01-17,110372,1,1,0,197.0
10109625ESTEVAOP_2025-01-17_G22,10109625ESTEVAOP,2025-01-17,123344,1,24,0,2650.0
10109625ESTEVAOP_2025-01-17_G23,10109625ESTEVAOP,2025-01-17,121923,1,6,0,686.0
10109625ESTEVAOP_2025-01-17_G24,10109625ESTEVAOP,2025-01-17,121928,1,3,0,329.0
10109625ESTEVAOP_2025-01-17_G25,10109625ESTEVAOP,2025-01-17,123153,1,12,0,316.0
10109625ESTEVAOP_2025-01-17_G26,10109625ESTEVAOP,2025-01-17,122671,1,12,0,745.0
10109625ESTEVAOP_2025-01-17_G27,10109625ESTEVAOP,2025-01-17,123909,1,24,0,722.0
10109625ESTEVAOP_2025-01-17_G28,10109625ESTEVAOP,2025-01-17,122983,1,24,0,944.0
10109625ESTEVAOP_2025-01-17_G29,10109625ESTEVAOP,2025-01-17,123521,1,4,0,313.0
10109625ESTEVAOP_2025-01-17_G30,10109625ESTEVAOP,2025-01-17,120389,1,36,0,1394.0
10109625ESTEVAOP_2025-01-17_G31,10109625ESTEVAOP,2025-01-17,124247,1,8,0,201.0
10109625ESTEVAOP_2025-01-17_G33,10109625ESTEVAOP,2025-01-17,140922,1,14,0,207.0
10109625ESTEVAOP_2025-01-17_G34,10109625ESTEVAOP,2025-01-17,109645,1,6,0,116.0
10109625ESTEVAOP_2025-01-17_G35,10109625ESTEVAOP,2025-01-17,111469,1,60,0,559.0
10109625ESTEVAOP_2025-01-17_G36,10109625ESTEVAOP,2025-01-17,110375,1,2,0,139.0
10109625ESTEVAOP_2025-01-17_G37,10109625ESTEVAOP,2025-01-17,105705,1,8,0,322.0
10109625ESTEVAOP_2025-01-17_G38,10109625ESTEVAOP,2025-01-17,111441,1,4,0,568.0
10109625ESTEVAOP_2025-01-17_G39,10109625ESTEVAOP,2025-01-17,109641,1,4,0,243.0
10109625ESTEVAOP_2025-01-17_G40,10109625ESTEVAOP,2025-01-17,117832,1,14,0,229.0
10109625ESTEVAOP_2025-01-17_G41,10109625ESTEVAOP,2025-01-17,110372,1,4,0,125.0
10109625ESTEVAOP_2025-01-17_G42,10109625ESTEVAOP,2025-01-17,110372,1,18,0,131.0
10109625ESTEVAOP_2025-01-17_G43,10109625ESTEVAOP,2025-01-17,109643,1,4,0,146.0
10109625ESTEVAOP_2025-01-17_G44,10109625ESTEVAOP,2025-01-17,117808,1,2,0,47.0
10109625ESTEVAOP_2025-01-17_G45,10109625ESTEVAOP,2025-01-17,111469,1,9,0,220.0
10109625ESTEVAOP_2025-01-17_G46,10109625ESTEVAOP,2025-01-17,111602,1,4,0,1362.0
10109625ESTEVAOP_2025-01-17_G47,10109625ESTEVAOP,2025-01-17,111430,1,4,0,275.0
10109625ESTEVAOP_2025-01-17_G48,10109625ESTEVAOP,2025-01-17,117853,1,20,0,387.0
10109625ESTEVAOP_2025-01-17_G49,10109625ESTEVAOP,2025-01-17,110313,1,2,0,224.0
10109625ESTEVAOP_2025-01-17_G50,10109625ESTEVAOP,2025-01-17,111530,1,10,0,152.0
10109625ESTEVAOP_2025-01-17_G51,10109625ESTEVAOP,2025-01-17,109640,1,8,0,318.0
10109625ESTEVAOP_2025-01-17_G52,10109625ESTEVAOP,2025-01-17,118094,1,4,0,117.0
10109625ESTEVAOP_2025-01-17_G53,10109625ESTEVAOP,2025-01-17,117786,1,2,0,372.0
10109625ESTEVAOP_2025-01-17_G54,10109625ESTEVAOP,2025-01-17,110711,1,5,0,239.0
10109625ESTEVAOP_2025-01-17_G55,10109625ESTEVAOP,2025-01-17,117856,1,1,0,250.0
10109625ESTEVAOP_2025-01-18_G03,10109625ESTEVAOP,2025-01-18,108770,1,1,0,150.0
10109625ESTEVAOP_2025-01-18_G04,10109625ESTEVAOP,2025-01-18,117855,1,2,0,199.0
10109625ESTEVAOP_2025-01-18_G05,10109625ESTEVAOP,2025-01-18,117855,1,3,0,57.0
10109625ESTEVAOP_2025-01-18_G06,10109625ESTEVAOP,2025-01-18,111330,2,4,6,143.0
10109625ESTEVAOP_2025-01-18_G07,10109625ESTEVAOP,2025-01-18,118317,1,4,0,262.0
10109625ESTEVAOP_2025-01-18_G08,10109625ESTEVAOP,2025-01-18,110745,1,2,0,120.0
10109625ESTEVAOP_2025-01-18_G09,10109625ESTEVAOP,2025-01-18,111469,1,22,0,268.0
10109625ESTEVAOP_2025-01-18_G10,10109625ESTEVAOP,2025-01-18,110372,1,20,0,250.0
10109625ESTEVAOP_2025-01-18_G11,10109625ESTEVAOP,2025-01-18,110582,1,1,0,265.0
10109625ESTEVAOP_2025-01-18_G12,10109625ESTEVAOP,2025-01-18,111438,1,2,0,105.0
10109625ESTEVAOP_2025-01-18_G13,10109625ESTEVAOP,2025-01-18,110339,1,1,0,138.0
10109625ESTEVAOP_2025-01-18_G14,10109625ESTEVAOP,2025-01-18,117853,1,1,0,67.0
10109625ESTEVAOP_2025-01-18_G15,10109625ESTEVAOP,2025-01-18,111530,1,1,0,93.0
10109625ESTEVAOP_2025-01-18_G16,10109625ESTEVAOP,2025-01-18,118094,1,2,0,131.0
10109625ESTEVAOP_2025-01-18_G17,10109625ESTEVAOP,2025-01-18,117862,1,1,0,89.0
10109625ESTEVAOP_2025-01-18_G18,10109625ESTEVAOP,2025-01-18,118140,1,9,0,81.0
10109625ESTEVAOP_2025-01-18_G19,10109625ESTEVAOP,2025-01-18,117820,1,4,0,3074.0
10109625ESTEVAOP_2025-01-18_G20,10109625ESTEVAOP,2025-01-18,110372,1,3,0,139.0
10109625ESTEVAOP_2025-01-18_G21,10109625ESTEVAOP,2025-01-18,109643,1,2,0,204.0
10109625ESTEVAOP_2025-01-18_G22,10109625ESTEVAOP,2025-01-18,100334,1,1,0,92.0
10109625ESTEVAOP_2025-01-18_G23,10109625ESTEVAOP,2025-01-18,111438,1,3,0,171.0
10109625ESTEVAOP_2025-01-18_G24,10109625ESTEVAOP,2025-01-18,117853,1,2,0,107.0
10109625ESTEVAOP_2025-01-18_G25,10109625ESTEVAOP,2025-01-18,118094,1,6,0,1192.0
10109625ESTEVAOP_2025-01-18_G26,10109625ESTEVAOP,2025-01-18,117862,1,5,0,188.0
10109625ESTEVAOP_2025-01-18_G27,10109625ESTEVAOP,2025-01-18,117786,1,1,0,86.0
10109625ESTEVAOP_2025-01-18_G28,10109625ESTEVAOP,2025-01-18,110711,1,2,0,106.0
10109625ESTEVAOP_2025-01-18_G29,10109625ESTEVAOP,2025-01-18,108711,1,1,0,178.0
10109625ESTEVAOP_2025-01-18_G30,10109625ESTEVAOP,2025-01-18,110313,1,1,0,893.0
10109625ESTEVAOP_2025-01-18_G31,10109625ESTEVAOP,2025-01-18,117855,1,1,0,59.0
10109625ESTEVAOP_2025-01-18_G32,10109625ESTEVAOP,2025-01-18,111443,1,2,0,96.0
10109625ESTEVAOP_2025-01-18_G33,10109625ESTEVAOP,2025-01-18,111469,1,3,0,113.0
10109625ESTEVAOP_2025-01-18_G34,10109625ESTEVAOP,2025-01-18,117830,1,3,0,141.0
10109625ESTEVAOP_2025-01-18_G35,10109625ESTEVAOP,2025-01-18,117820,1,4,0,144.0
10109625ESTEVAOP_2025-01-18_G36,10109625ESTEVAOP,2025-01-18,117808,1,5,0,118.0
10109625ESTEVAOP_2025-01-18_G37,10109625ESTEVAOP,2025-01-18,109643,1,1,0,94.0
10109625ESTEVAOP_2025-01-18_G38,10109625ESTEVAOP,2025-01-18,110371,1,1,0,52.0
10109625ESTEVAOP_2025-01-18_G39,10109625ESTEVAOP,2025-01-18,108794,1,4,0,398.0
10109625ESTEVAOP_2025-01-18_G40,10109625ESTEVAOP,2025-01-18,108798,1,2,0,183.0
10109625ESTEVAOP_2025-01-18_G41,10109625ESTEVAOP,2025-01-18,108711,1,9,0,117.0
10109625ESTEVAOP_2025-01-18_G42,10109625ESTEVAOP,2025-01-18,111743,1,2,0,105.0
10109625ESTEVAOP_2025-01-18_G43,10109625ESTEVAOP,2025-01-18,108770,1,15,0,913.0
10109625ESTEVAOP_2025-01-18_G45,10109625ESTEVAOP,2025-01-18,140922,1,12,0,176.0
10109625ESTEVAOP_2025-01-18_G46,10109625ESTEVAOP,2025-01-18,111442,1,1,0,151.0
10109625ESTEVAOP_2025-01-18_G47,10109625ESTEVAOP,2025-01-18,118317,3,30,17,40.0
10109625ESTEVAOP_2025-01-18_G48,10109625ESTEVAOP,2025-01-18,111466,1,30,0,496.0
10109625ESTEVAOP_2025-01-18_G49,10109625ESTEVAOP,2025-01-18,117831,1,30,0,673.0
10109625ESTEVAOP_2025-01-18_G50,10109625ESTEVAOP,2025-01-18,109645,1,20,0,259.0
10109625ESTEVAOP_2025-01-18_G51,10109625ESTEVAOP,2025-01-18,108711,1,6,0,345.0
10109625ESTEVAOP_2025-01-18_G52,10109625ESTEVAOP,2025-01-18,105705,1,12,0,290.0
10109625ESTEVAOP_2025-01-18_G53,10109625ESTEVAOP,2025-01-18,111465,1,1,0,58.0
10109625ESTEVAOP_2025-01-18_G54,10109625ESTEVAOP,2025-01-18,111469,1,6,0,140.0
10109625ESTEVAOP_2025-01-18_G55,10109625ESTEVAOP,2025-01-18,111469,1,17,0,439.0
10109625ESTEVAOP_2025-01-18_G56,10109625ESTEVAOP,2025-01-18,111463,1,4,0,107.0
10109625ESTEVAOP_2025-01-18_G57,10109625ESTEVAOP,2025-01-18,111462,1,1,0,57.0
10109625ESTEVAOP_2025-01-18_G58,10109625ESTEVAOP,2025-01-18,111172,1,3,0,188.0
10109625ESTEVAOP_2025-01-18_G59,10109625ESTEVAOP,2025-01-18,105705,1,4,0,195.0
10109625ESTEVAOP_2025-01-18_G60,10109625ESTEVAOP,2025-01-18,110373,2,5,7,1035.0
10109625ESTEVAOP_2025-01-18_G61,10109625ESTEVAOP,2025-01-18,117786,1,28,0,2375.0
10109625ESTEVAOP_2025-01-20_G02,10109625ESTEVAOP,2025-01-20,117809,1,14,0,494.0
10109625ESTEVAOP_2025-01-20_G03,10109625ESTEVAOP,2025-01-20,110375,1,15,0,434.0
10109625ESTEVAOP_2025-01-20_G04,10109625ESTEVAOP,2025-01-20,117830,1,26,0,311.0
10109625ESTEVAOP_2025-01-20_G05,10109625ESTEVAOP,2025-01-20,109643,1,18,0,381.0
10109625ESTEVAOP_2025-01-20_G06,10109625ESTEVAOP,2025-01-20,111743,1,7,0,321.0
10109625ESTEVAOP_2025-01-20_G07,10109625ESTEVAOP,2025-01-20,111465,1,26,0,853.0
10109625ESTEVAOP_2025-01-20_G08,10109625ESTEVAOP,2025-01-20,117833,1,12,0,338.0
10109625ESTEVAOP_2025-01-20_G09,10109625ESTEVAOP,2025-01-20,105705,1,21,0,433.0
10109625ESTEVAOP_2025-01-20_G11,10109625ESTEVAOP,2025-01-20,118298,1,7,0,361.0
10109625ESTEVAOP_2025-01-20_G12,10109625ESTEVAOP,2025-01-20,110711,1,40,0,863.0
10109625ESTEVAOP_2025-01-20_G13,10109625ESTEVAOP,2025-01-20,117862,1,280,0,1204.0
10109625ESTEVAOP_2025-01-20_G14,10109625ESTEVAOP,2025-01-20,109643,1,80,0,232.0
10109625ESTEVAOP_2025-01-20_G15,10109625ESTEVAOP,2025-01-20,118140,1,400,0,832.0
10109625ESTEVAOP_2025-01-20_G16,10109625ESTEVAOP,2025-01-20,140922,1,15,0,313.0
10109625ESTEVAOP_2025-01-20_G17,10109625ESTEVAOP,2025-01-20,110787,1,120,0,817.0
10109625ESTEVAOP_2025-01-20_G18,10109625ESTEVAOP,2025-01-20,118317,1,28,0,589.0
10109625ESTEVAOP_2025-01-20_G19,10109625ESTEVAOP,2025-01-20,118317,1,27,0,115.0
10109625ESTEVAOP_2025-01-20_G20,10109625ESTEVAOP,2025-01-20,118222,1,24,0,1339.0
10109625ESTEVAOP_2025-01-20_G21,10109625ESTEVAOP,2025-01-20,100334,1,13,0,323.0
10109625ESTEVAOP_2025-01-20_G22,10109625ESTEVAOP,2025-01-20,111438,1,10,0,423.0
10109625ESTEVAOP_2025-01-20_G23,10109625ESTEVAOP,2025-01-20,108770,2,5,7,143.0
10109625ESTEVAOP_2025-01-20_G24,10109625ESTEVAOP,2025-01-20,110895,1,13,0,538.0
10109625ESTEVAOP_2025-01-20_G25,10109625ESTEVAOP,2025-01-20,118290,1,2,0,109.0
10109625ESTEVAOP_2025-01-20_G26,10109625ESTEVAOP,2025-01-20,110747,1,4,0,97.0
10109625ESTEVAOP_2025-01-20_G27,10109625ESTEVAOP,2025-01-20,110582,1,4,0,371.0
10109625ESTEVAOP_2025-01-20_G28,10109625ESTEVAOP,2025-01-20,117785,1,29,0,406.0
10109625ESTEVAOP_2025-01-20_G29,10109625ESTEVAOP,2025-01-20,118140,1,28,0,162.0
10109625ESTEVAOP_2025-01-20_G30,10109625ESTEVAOP,2025-01-20,140922,1,10,0,744.0
10109625ESTEVAOP_2025-01-20_G31,10109625ESTEVAOP,2025-01-20,107236,1,4,0,98.0
10109625ESTEVAOP_2025-01-20_G32,10109625ESTEVAOP,2025-01-20,111433,1,2,0,66.0
10109625ESTEVAOP_2025-01-20_G33,10109625ESTEVAOP,2025-01-20,110745,1,1,0,77.0
10109625ESTEVAOP_2025-01-20_G34,10109625ESTEVAOP,2025-01-20,111443,1,8,0,39.0
10109625ESTEVAOP_2025-01-20_G35,10109625ESTEVAOP,2025-01-20,110129,1,4,0,165.0
10109625ESTEVAOP_2025-01-20_G36,10109625ESTEVAOP,2025-01-20,111463,1,54,0,525.0
10109625ESTEVAOP_2025-01-20_G38,10109625ESTEVAOP,2025-01-20,110339,1,5,0,957.0
10109625ESTEVAOP_2025-01-20_G39,10109625ESTEVAOP,2025-01-20,110313,1,4,0,273.0
10109625ESTEVAOP_2025-01-20_G40,10109625ESTEVAOP,2025-01-20,110752,1,4,0,91.0
10109625ESTEVAOP_2025-01-20_G41,10109625ESTEVAOP,2025-01-20,118094,1,4,0,239.0
10109625ESTEVAOP_2025-01-20_G42,10109625ESTEVAOP,2025-01-20,118298,1,5,0,345.0
10109625ESTEVAOP_2025-01-20_G43,10109625ESTEVAOP,2025-01-20,110711,1,3,0,101.0
10109625ESTEVAOP_2025-01-20_G44,10109625ESTEVAOP,2025-01-20,117831,2,6,6,91.0
10109625ESTEVAOP_2025-01-20_G45,10109625ESTEVAOP,2025-01-20,110787,2,16,6,425.0
10109625ESTEVAOP_2025-01-20_G46,10109625ESTEVAOP,2025-01-20,117832,1,2,0,148.0
10109625ESTEVAOP_2025-01-20_G47,10109625ESTEVAOP,2025-01-20,118140,1,24,0,429.0
10109625ESTEVAOP_2025-01-20_G48,10109625ESTEVAOP,2025-01-20,117820,1,17,0,289.0
10109625ESTEVAOP_2025-01-21_G02,10109625ESTEVAOP,2025-01-21,111438,1,8,0,459.0
10109625ESTEVAOP_2025-01-21_G03,10109625ESTEVAOP,2025-01-21,110895,1,26,0,388.0
10109625ESTEVAOP_2025-01-21_G04,10109625ESTEVAOP,2025-01-21,111598,1,12,0,826.0
10109625ESTEVAOP_2025-01-21_G05,10109625ESTEVAOP,2025-01-21,117855,1,30,0,172.0
10109625ESTEVAOP_2025-01-21_G06,10109625ESTEVAOP,2025-01-21,118004,1,1,0,2316.0
10109625ESTEVAOP_2025-01-21_G07,10109625ESTEVAOP,2025-01-21,110374,1,47,0,1907.0
10109625ESTEVAOP_2025-01-21_G08,10109625ESTEVAOP,2025-01-21,111466,1,44,0,285.0
10109625ESTEVAOP_2025-01-21_G09,10109625ESTEVAOP,2025-01-21,107236,1,5,0,405.0
10109625ESTEVAOP_2025-01-21_G10,10109625ESTEVAOP,2025-01-21,110373,1,9,0,101.0
10109625ESTEVAOP_2025-01-21_G11,10109625ESTEVAOP,2025-01-21,111466,1,4,0,397.0
10109625ESTEVAOP_2025-01-21_G12,10109625ESTEVAOP,2025-01-21,111530,1,4,0,195.0
10109625ESTEVAOP_2025-01-21_G13,10109625ESTEVAOP,2025-01-21,118094,1,4,0,91.0
10109625ESTEVAOP_2025-01-21_G14,10109625ESTEVAOP,2025-01-21,111569,1,8,0,964.0
10109625ESTEVAOP_2025-01-21_G15,10109625ESTEVAOP,2025-01-21,111602,1,40,0,830.0
10109625ESTEVAOP_2025-01-21_G16,10109625ESTEVAOP,2025-01-21,111462,1,14,0,377.0
10109625ESTEVAOP_2025-01-21_G17,10109625ESTEVAOP,2025-01-21,111463,1,7,0,1241.0
10109625ESTEVAOP_2025-01-21_G18,10109625ESTEVAOP,2025-01-21,110373,1,20,0,207.0
10109625ESTEVAOP_2025-01-21_G19,10109625ESTEVAOP,2025-01-21,110313,1,33,0,1407.0
10109625ESTEVAOP_2025-01-21_G20,10109625ESTEVAOP,2025-01-21,111467,1,30,0,258.0
10109625ESTEVAOP_2025-01-21_G21,10109625ESTEVAOP,2025-01-21,118298,1,7,0,481.0
10109625ESTEVAOP_2025-01-21_G22,10109625ESTEVAOP,2025-01-21,110733,1,10,0,179.0
10109625ESTEVAOP_2025-01-21_G23,10109625ESTEVAOP,2025-01-21,110711,1,20,0,227.0
10109625ESTEVAOP_2025-01-21_G24,10109625ESTEVAOP,2025-01-21,117856,1,8,0,170.0
10109625ESTEVAOP_2025-01-21_G25,10109625ESTEVAOP,2025-01-21,118140,1,21,0,81.0
10109625ESTEVAOP_2025-01-21_G26,10109625ESTEVAOP,2025-01-21,111418,1,80,0,582.0
10109625ESTEVAOP_2025-01-21_G27,10109625ESTEVAOP,2025-01-21,111465,1,15,0,640.0
10109625ESTEVAOP_2025-01-21_G28,10109625ESTEVAOP,2025-01-21,108711,1,40,0,714.0
10109625ESTEVAOP_2025-01-21_G29,10109625ESTEVAOP,2025-01-21,117831,1,10,0,180.0
10109625ESTEVAOP_2025-01-21_G30,10109625ESTEVAOP,2025-01-21,111462,1,31,0,687.0
10109625ESTEVAOP_2025-01-21_G31,10109625ESTEVAOP,2025-01-21,111469,1,33,0,296.0
10109625ESTEVAOP_2025-01-21_G32,10109625ESTEVAOP,2025-01-21,110372,1,100,0,304.0
10109625ESTEVAOP_2025-01-21_G33,10109625ESTEVAOP,2025-01-21,117785,1,40,0,710.0
10109625ESTEVAOP_2025-01-21_G34,10109625ESTEVAOP,2025-01-21,110371,1,42,0,407.0
10109625ESTEVAOP_2025-01-21_G36,10109625ESTEVAOP,2025-01-21,111569,1,8,0,562.0
10109625ESTEVAOP_2025-01-21_G37,10109625ESTEVAOP,2025-01-21,107236,1,12,0,229.0
10109625ESTEVAOP_2025-01-21_G38,10109625ESTEVAOP,2025-01-21,111418,2,47,17,2353.0
10109625ESTEVAOP_2025-01-21_G39,10109625ESTEVAOP,2025-01-21,110372,1,53,0,1096.0
10109625ESTEVAOP_2025-01-22_G02,10109625ESTEVAOP,2025-01-22,111569,1,6,0,306.0
10109625ESTEVAOP_2025-01-22_G03,10109625ESTEVAOP,2025-01-22,117855,2,3,6,71.0
10109625ESTEVAOP_2025-01-22_G04,10109625ESTEVAOP,2025-01-22,118004,1,5,0,125.0
10109625ESTEVAOP_2025-01-22_G05,10109625ESTEVAOP,2025-01-22,117821,1,1,0,105.0
10109625ESTEVAOP_2025-01-22_G06,10109625ESTEVAOP,2025-01-22,111418,1,2,0,82.0
10109625ESTEVAOP_2025-01-22_G07,10109625ESTEVAOP,2025-01-22,111418,1,11,0,82.0
10109625ESTEVAOP_2025-01-22_G08,10109625ESTEVAOP,2025-01-22,111466,1,9,0,112.0
10109625ESTEVAOP_2025-01-22_G09,10109625ESTEVAOP,2025-01-22,111466,1,2,0,99.0
10109625ESTEVAOP_2025-01-22_G10,10109625ESTEVAOP,2025-01-22,111465,1,15,0,389.0
10109625ESTEVAOP_2025-01-22_G11,10109625ESTEVAOP,2025-01-22,111469,1,50,0,1360.0
10109625ESTEVAOP_2025-01-22_G12,10109625ESTEVAOP,2025-01-22,111444,1,2,0,861.0
10109625ESTEVAOP_2025-01-22_G13,10109625ESTEVAOP,2025-01-22,108794,1,3,0,139.0
10109625ESTEVAOP_2025-01-22_G14,10109625ESTEVAOP,2025-01-22,118004,1,11,0,118.0
10109625ESTEVAOP_2025-01-22_G15,10109625ESTEVAOP,2025-01-22,111418,1,8,0,205.0
10109625ESTEVAOP_2025-01-22_G16,10109625ESTEVAOP,2025-01-22,140922,1,10,0,148.0
10109625ESTEVAOP_2025-01-22_G17,10109625ESTEVAOP,2025-01-22,111442,1,1,0,75.0
10109625ESTEVAOP_2025-01-22_G18,10109625ESTEVAOP,2025-01-22,109641,1,10,0,168.0
10109625ESTEVAOP_2025-01-22_G19,10109625ESTEVAOP,2025-01-22,111462,1,56,0,644.0
10109625ESTEVAOP_2025-01-22_G20,10109625ESTEVAOP,2025-01-22,118004,1,4,0,303.0
10109625ESTEVAOP_2025-01-22_G21,10109625ESTEVAOP,2025-01-22,111660,1,4,0,191.0
10109625ESTEVAOP_2025-01-22_G22,10109625ESTEVAOP,2025-01-22,111569,1,2,0,88.0
10109625ESTEVAOP_2025-01-22_G23,10109625ESTEVAOP,2025-01-22,111430,1,1,0,80.0
10109625ESTEVAOP_2025-01-22_G24,10109625ESTEVAOP,2025-01-22,110752,1,2,0,424.0
10109625ESTEVAOP_2025-01-22_G25,10109625ESTEVAOP,2025-01-22,117855,1,5,0,104.0
10109625ESTEVAOP_2025-01-22_G26,10109625ESTEVAOP,2025-01-22,117855,1,12,0,1082.0
10109625ESTEVAOP_2025-01-22_G27,10109625ESTEVAOP,2025-01-22,117786,1,26,0,375.0
10109625ESTEVAOP_2025-01-22_G28,10109625ESTEVAOP,2025-01-22,110711,1,6,0,329.0
10109625ESTEVAOP_2025-01-22_G29,10109625ESTEVAOP,2025-01-22,117862,1,8,0,129.0
10109625ESTEVAOP_2025-01-22_G30,10109625ESTEVAOP,2025-01-22,108770,1,4,0,162.0
10109625ESTEVAOP_2025-01-22_G31,10109625ESTEVAOP,2025-01-22,117785,1,62,0,585.0
10109625ESTEVAOP_2025-01-22_G32,10109625ESTEVAOP,2025-01-22,110372,1,5,0,371.0
10109625ESTEVAOP_2025-01-22_G33,10109625ESTEVAOP,2025-01-22,110374,1,28,0,826.0
10109625ESTEVAOP_2025-01-22_G34,10109625ESTEVAOP,2025-01-22,110372,1,44,0,194.0
10109625ESTEVAOP_2025-01-22_G35,10109625ESTEVAOP,2025-01-22,117809,1,57,0,674.0
10109625ESTEVAOP_2025-01-22_G36,10109625ESTEVAOP,2025-01-22,110895,1,5,0,1364.0
10109625ESTEVAOP_2025-01-22_G37,10109625ESTEVAOP,2025-01-22,110373,1,40,0,361.0
10109625ESTEVAOP_2025-01-22_G38,10109625ESTEVAOP,2025-01-22,109640,1,2,0,409.0
10109625ESTEVAOP_2025-01-22_G39,10109625ESTEVAOP,2025-01-22,111182,1,13,0,640.0
10109625ESTEVAOP_2025-01-22_G40,10109625ESTEVAOP,2025-01-22,117832,1,48,0,363.0
10109625ESTEVAOP_2025-01-22_G41,10109625ESTEVAOP,2025-01-22,118222,1,2,0,379.0
10109625ESTEVAOP_2025-01-22_G43,10109625ESTEVAOP,2025-01-22,110895,1,16,0,501.0
10109625ESTEVAOP_2025-01-22_G44,10109625ESTEVAOP,2025-01-22,118140,1,5,0,85.0
10109625ESTEVAOP_2025-01-22_G45,10109625ESTEVAOP,2025-01-22,111348,1,6,0,335.0
10109625ESTEVAOP_2025-01-22_G46,10109625ESTEVAOP,2025-01-22,117830,1,8,0,193.0
10109625ESTEVAOP_2025-01-22_G47,10109625ESTEVAOP,2025-01-22,109747,1,16,0,373.0
10109625ESTEVAOP_2025-01-22_G48,10109625ESTEVAOP,2025-01-22,117836,1,4,0,433.0
10109625ESTEVAOP_2025-01-22_G49,10109625ESTEVAOP,2025-01-22,118299,1,30,0,1445.0
10109625ESTEVAOP_2025-01-22_G50,10109625ESTEVAOP,2025-01-22,118004,1,4,0,207.0
10109625ESTEVAOP_2025-01-22_G51,10109625ESTEVAOP,2025-01-22,108770,2,4,8,167.0
10109625ESTEVAOP_2025-01-22_G52,10109625ESTEVAOP,2025-01-22,110373,1,400,0,2356.0
10109625ESTEVAOP_2025-01-23_G02,10109625ESTEVAOP,2025-01-23,111569,1,10,0,3581.0
10109625ESTEVAOP_2025-01-23_G03,10109625ESTEVAOP,2025-01-23,110747,1,6,0,195.0
10109625ESTEVAOP_2025-01-23_G04,10109625ESTEVAOP,2025-01-23,110752,1,6,0,404.0
10109625ESTEVAOP_2025-01-23_G05,10109625ESTEVAOP,2025-01-23,117855,2,6,8,137.0
10109625ESTEVAOP_2025-01-23_G06,10109625ESTEVAOP,2025-01-23,118004,1,10,0,252.0
10109625ESTEVAOP_2025-01-23_G07,10109625ESTEVAOP,2025-01-23,111466,1,20,0,522.0
10109625ESTEVAOP_2025-01-23_G08,10109625ESTEVAOP,2025-01-23,111442,1,10,0,971.0
10109625ESTEVAOP_2025-01-23_G09,10109625ESTEVAOP,2025-01-23,109641,1,12,0,48.0
10109625ESTEVAOP_2025-01-23_G10,10109625ESTEVAOP,2025-01-23,111444,1,4,0,787.0
10109625ESTEVAOP_2025-01-23_G11,10109625ESTEVAOP,2025-01-23,111660,1,11,0,748.0
10109625ESTEVAOP_2025-01-23_G12,10109625ESTEVAOP,2025-01-23,118306,1,4,0,295.0
10109625ESTEVAOP_2025-01-23_G13,10109625ESTEVAOP,2025-01-23,118094,1,10,0,213.0
10109625ESTEVAOP_2025-01-23_G14,10109625ESTEVAOP,2025-01-23,117786,1,8,0,455.0
10109625ESTEVAOP_2025-01-23_G15,10109625ESTEVAOP,2025-01-23,108795,1,4,0,130.0
10109625ESTEVAOP_2025-01-23_G16,10109625ESTEVAOP,2025-01-23,110373,1,8,0,142.0
10109625ESTEVAOP_2025-01-23_G17,10109625ESTEVAOP,2025-01-23,109643,1,4,0,74.0
10109625ESTEVAOP_2025-01-23_G18,10109625ESTEVAOP,2025-01-23,105705,1,4,0,972.0
10109625ESTEVAOP_2025-01-23_G19,10109625ESTEVAOP,2025-01-23,118004,1,12,0,307.0
10109625ESTEVAOP_2025-01-23_G20,10109625ESTEVAOP,2025-01-23,111330,1,8,0,383.0
10109625ESTEVAOP_2025-01-23_G21,10109625ESTEVAOP,2025-01-23,110895,1,5,0,1226.0
10109625ESTEVAOP_2025-01-23_G22,10109625ESTEVAOP,2025-01-23,110895,1,15,0,197.0
10109625ESTEVAOP_2025-01-23_G23,10109625ESTEVAOP,2025-01-23,110733,1,7,0,1097.0
10109625ESTEVAOP_2025-01-23_G25,10109625ESTEVAOP,2025-01-23,111602,2,80,28,83.0
10109625ESTEVAOP_2025-01-23_G26,10109625ESTEVAOP,2025-01-23,108795,1,8,0,588.0
10109625ESTEVAOP_2025-01-23_G27,10109625ESTEVAOP,2025-01-23,111743,1,8,0,155.0
10109625ESTEVAOP_2025-01-23_G28,10109625ESTEVAOP,2025-01-23,108711,2,40,9,446.0
10109625ESTEVAOP_2025-01-23_G29,10109625ESTEVAOP,2025-01-23,117821,1,12,0,1107.0
10109625ESTEVAOP_2025-01-23_G30,10109625ESTEVAOP,2025-01-23,118299,1,22,0,616.0
10109625ESTEVAOP_2025-01-23_G31,10109625ESTEVAOP,2025-01-23,111602,2,24,28,297.0
10109625ESTEVAOP_2025-01-23_G32,10109625ESTEVAOP,2025-01-23,110733,1,8,0,407.0
10109625ESTEVAOP_2025-01-23_G33,10109625ESTEVAOP,2025-01-23,117820,1,10,0,791.0
10109625ESTEVAOP_2025-01-23_G34,10109625ESTEVAOP,2025-01-23,110373,1,4,0,160.0
10109625ESTEVAOP_2025-01-23_G35,10109625ESTEVAOP,2025-01-23,107830,1,6,0,179.0
10109625ESTEVAOP_2025-01-23_G36,10109625ESTEVAOP,2025-01-23,118299,1,26,0,116.0
10109625ESTEVAOP_2025-01-23_G37,10109625ESTEVAOP,2025-01-23,110515,1,2,0,99.0
10109625ESTEVAOP_2025-01-23_G38,10109625ESTEVAOP,2025-01-23,110372,1,24,0,740.0
10109625ESTEVAOP_2025-01-24_G02,10109625ESTEVAOP,2025-01-24,111793,1,2,0,3239.0
10109625ESTEVAOP_2025-01-24_G03,10109625ESTEVAOP,2025-01-24,111463,1,4,0,137.0
10109625ESTEVAOP_2025-01-24_G04,10109625ESTEVAOP,2025-01-24,117785,1,2,0,113.0
10109625ESTEVAOP_2025-01-24_G05,10109625ESTEVAOP,2025-01-24,110325,1,8,0,332.0
10109625ESTEVAOP_2025-01-24_G06,10109625ESTEVAOP,2025-01-24,110711,1,2,0,262.0
10109625ESTEVAOP_2025-01-24_G07,10109625ESTEVAOP,2025-01-24,117830,1,4,0,136.0
10109625ESTEVAOP_2025-01-24_G08,10109625ESTEVAOP,2025-01-24,111463,1,6,0,529.0
10109625ESTEVAOP_2025-01-24_G09,10109625ESTEVAOP,2025-01-24,108711,1,1,0,80.0
10109625ESTEVAOP_2025-01-24_G10,10109625ESTEVAOP,2025-01-24,100334,1,3,0,191.0
10109625ESTEVAOP_2025-01-24_G11,10109625ESTEVAOP,2025-01-24,110787,1,8,0,1452.0
10109625ESTEVAOP_2025-01-24_G12,10109625ESTEVAOP,2025-01-24,118140,1,17,0,100.0
10109625ESTEVAOP_2025-01-24_G13,10109625ESTEVAOP,2025-01-24,110372,1,6,0,314.0
10109625ESTEVAOP_2025-01-24_G14,10109625ESTEVAOP,2025-01-24,109643,1,13,0,350.0
10109625ESTEVAOP_2025-01-24_G15,10109625ESTEVAOP,2025-01-24,118290,1,4,0,84.0
10109625ESTEVAOP_2025-01-24_G16,10109625ESTEVAOP,2025-01-24,110339,1,3,0,402.0
10109625ESTEVAOP_2025-01-24_G17,10109625ESTEVAOP,2025-01-24,111435,1,4,0,461.0
10109625ESTEVAOP_2025-01-24_G18,10109625ESTEVAOP,2025-01-24,117833,1,2,0,325.0
10109625ESTEVAOP_2025-01-24_G19,10109625ESTEVAOP,2025-01-24,111463,1,4,0,202.0
10109625ESTEVAOP_2025-01-24_G20,10109625ESTEVAOP,2025-01-24,110372,1,4,0,190.0
10109625ESTEVAOP_2025-01-24_G21,10109625ESTEVAOP,2025-01-24,110742,1,4,0,343.0
10109625ESTEVAOP_2025-01-24_G22,10109625ESTEVAOP,2025-01-24,118290,1,1,0,66.0
10109625ESTEVAOP_2025-01-24_G23,10109625ESTEVAOP,2025-01-24,110339,1,2,0,213.0
10109625ESTEVAOP_2025-01-24_G24,10109625ESTEVAOP,2025-01-24,118094,1,8,0,491.0
10109625ESTEVAOP_2025-01-24_G25,10109625ESTEVAOP,2025-01-24,110711,1,4,0,156.0
10109625ESTEVAOP_2025-01-25_G02,10109625ESTEVAOP,2025-01-25,122967,1,92,0,2533.0
10109625ESTEVAOP_2025-01-25_G03,10109625ESTEVAOP,2025-01-25,124486,1,80,0,3118.0
10109625ESTEVAOP_2025-01-25_G04,10109625ESTEVAOP,2025-01-25,123153,1,50,0,1723.0
10109625ESTEVAOP_2025-01-25_G05,10109625ESTEVAOP,2025-01-25,123153,1,10,0,550.0
10109625ESTEVAOP_2025-01-25_G06,10109625ESTEVAOP,2025-01-25,123345,1,2,0,322.0
10109625ESTEVAOP_2025-01-25_G07,10109625ESTEVAOP,2025-01-25,120389,1,31,0,1210.0
10109625ESTEVAOP_2025-01-25_G08,10109625ESTEVAOP,2025-01-25,120028,1,8,0,218.0
10109625ESTEVAOP_2025-01-25_G09,10109625ESTEVAOP,2025-01-25,180168,1,2,0,756.0
10109625ESTEVAOP_2025-01-27_G02,10109625ESTEVAOP,2025-01-27,111418,1,21,0,43.0
10109625ESTEVAOP_2025-01-27_G03,10109625ESTEVAOP,2025-01-27,110745,1,6,0,689.0
10109625ESTEVAOP_2025-01-27_G04,10109625ESTEVAOP,2025-01-27,111465,1,1,0,49.0
10109625ESTEVAOP_2025-01-27_G05,10109625ESTEVAOP,2025-01-27,110748,1,1,0,77.0
10109625ESTEVAOP_2025-01-27_G06,10109625ESTEVAOP,2025-01-27,108711,1,1,0,55.0
10109625ESTEVAOP_2025-01-27_G07,10109625ESTEVAOP,2025-01-27,117833,1,2,0,115.0
10109625ESTEVAOP_2025-01-27_G08,10109625ESTEVAOP,2025-01-27,110743,1,1,0,77.0
10109625ESTEVAOP_2025-01-27_G09,10109625ESTEVAOP,2025-01-27,111469,4,34,47,55.0
10109625ESTEVAOP_2025-01-27_G10,10109625ESTEVAOP,2025-01-27,111463,1,4,0,484.0
10109625ESTEVAOP_2025-01-27_G11,10109625ESTEVAOP,2025-01-27,111463,1,36,0,264.0
10109625ESTEVAOP_2025-01-27_G12,10109625ESTEVAOP,2025-01-27,111463,1,32,0,289.0
10109625ESTEVAOP_2025-01-27_G13,10109625ESTEVAOP,2025-01-27,111463,1,28,0,58.0
10109625ESTEVAOP_2025-01-27_G14,10109625ESTEVAOP,2025-01-27,111462,1,9,0,257.0
10109625ESTEVAOP_2025-01-27_G15,10109625ESTEVAOP,2025-01-27,111462,1,4,0,33.0
10109625ESTEVAOP_2025-01-27_G16,10109625ESTEVAOP,2025-01-27,111462,1,15,0,32.0
10109625ESTEVAOP_2025-01-27_G17,10109625ESTEVAOP,2025-01-27,110787,2,8,8,1374.0
10109625ESTEVAOP_2025-01-27_G18,10109625ESTEVAOP,2025-01-27,109645,2,5,7,154.0
10109625ESTEVAOP_2025-01-27_G19,10109625ESTEVAOP,2025-01-27,110751,1,2,0,161.0
10109625ESTEVAOP_2025-01-27_G20,10109625ESTEVAOP,2025-01-27,117785,1,1,0,59.0
10109625ESTEVAOP_2025-01-27_G21,10109625ESTEVAOP,2025-01-27,111465,1,3,0,79.0
10109625ESTEVAOP_2025-01-27_G22,10109625ESTEVAOP,2025-01-27,110745,1,4,0,74.0
10109625ESTEVAOP_2025-01-27_G23,10109625ESTEVAOP,2025-01-27,118299,1,1,0,55.0
10109625ESTEVAOP_2025-01-27_G24,10109625ESTEVAOP,2025-01-27,110375,1,1,0,83.0
10109625ESTEVAOP_2025-01-27_G25,10109625ESTEVAOP,2025-01-27,110895,1,2,0,1339.0
10109625ESTEVAOP_2025-01-27_G26,10109625ESTEVAOP,2025-01-27,111569,1,2,0,98.0
10109625ESTEVAOP_2025-01-27_G27,10109625ESTEVAOP,2025-01-27,110339,1,1,0,122.0
10109625ESTEVAOP_2025-01-27_G28,10109625ESTEVAOP,2025-01-27,111418,1,4,0,118.0
10109625ESTEVAOP_2025-01-27_G29,10109625ESTEVAOP,2025-01-27,111469,1,2,0,148.0
10109625ESTEVAOP_2025-01-27_G30,10109625ESTEVAOP,2025-01-27,111438,1,4,0,283.0
10109625ESTEVAOP_2025-01-27_G31,10109625ESTEVAOP,2025-01-27,111441,1,2,0,591.0
10109625ESTEVAOP_2025-01-27_G32,10109625ESTEVAOP,2025-01-27,110895,1,1,0,102.0
10109625ESTEVAOP_2025-01-27_G33,10109625ESTEVAOP,2025-01-27,111430,1,4,0,227.0
10109625ESTEVAOP_2025-01-27_G34,10109625ESTEVAOP,2025-01-27,111569,1,6,0,2454.0
10109625ESTEVAOP_2025-01-27_G35,10109625ESTEVAOP,2025-01-27,"111418, 110787",2,9,21,133.0
10109625ESTEVAOP_2025-01-27_G36,10109625ESTEVAOP,2025-01-27,117821,1,2,0,191.0
10109625ESTEVAOP_2025-01-27_G37,10109625ESTEVAOP,2025-01-27,111463,1,5,0,104.0
10109625ESTEVAOP_2025-01-27_G38,10109625ESTEVAOP,2025-01-27,110373,1,2,0,143.0
10109625ESTEVAOP_2025-01-27_G39,10109625ESTEVAOP,2025-01-27,117808,1,6,0,132.0
10109625ESTEVAOP_2025-01-27_G40,10109625ESTEVAOP,2025-01-27,117820,1,2,0,138.0
10109625ESTEVAOP_2025-01-27_G41,10109625ESTEVAOP,2025-01-27,110339,1,1,0,216.0
10109625ESTEVAOP_2025-01-27_G42,10109625ESTEVAOP,2025-01-27,110895,1,2,0,414.0
10109625ESTEVAOP_2025-01-27_G43,10109625ESTEVAOP,2025-01-27,111598,1,1,0,100.0
10109625ESTEVAOP_2025-01-27_G44,10109625ESTEVAOP,2025-01-27,111433,1,2,0,150.0
10109625ESTEVAOP_2025-01-27_G45,10109625ESTEVAOP,2025-01-27,117785,1,1,0,156.0
10109625ESTEVAOP_2025-01-27_G47,10109625ESTEVAOP,2025-01-27,118299,2,8,29,121.0
10109625ESTEVAOP_2025-01-27_G48,10109625ESTEVAOP,2025-01-27,110515,1,9,0,2172.0
10109625ESTEVAOP_2025-01-27_G49,10109625ESTEVAOP,2025-01-27,111348,1,4,0,196.0
10109625ESTEVAOP_2025-01-27_G50,10109625ESTEVAOP,2025-01-27,110373,1,2,0,88.0
10109625ESTEVAOP_2025-01-27_G51,10109625ESTEVAOP,2025-01-27,117821,1,26,0,366.0
10109625ESTEVAOP_2025-01-27_G52,10109625ESTEVAOP,2025-01-27,110515,2,72,22,313.0
10109625ESTEVAOP_2025-01-27_G53,10109625ESTEVAOP,2025-01-27,111330,1,4,0,420.0
10109625ESTEVAOP_2025-01-27_G54,10109625ESTEVAOP,2025-01-27,110515,1,7,0,805.0
10109625ESTEVAOP_2025-01-27_G55,10109625ESTEVAOP,2025-01-27,117821,1,6,0,250.0
10109625ESTEVAOP_2025-01-27_G56,10109625ESTEVAOP,2025-01-27,118140,1,4,0,149.0
10109625ESTEVAOP_2025-01-27_G57,10109625ESTEVAOP,2025-01-27,117808,1,200,0,362.0
10109625ESTEVAOP_2025-01-27_G58,10109625ESTEVAOP,2025-01-27,114097,1,16,0,1214.0
10109625ESTEVAOP_2025-01-27_G59,10109625ESTEVAOP,2025-01-27,105359,1,1,0,110.0
10109625ESTEVAOP_2025-01-27_G60,10109625ESTEVAOP,2025-01-27,114102,1,12,0,240.0
10109625ESTEVAOP_2025-01-28_G02,10109625ESTEVAOP,2025-01-28,111876,1,8,0,192.0
10109625ESTEVAOP_2025-01-28_G03,10109625ESTEVAOP,2025-01-28,117786,1,20,0,212.0
10109625ESTEVAOP_2025-01-28_G04,10109625ESTEVAOP,2025-01-28,117841,1,4,0,396.0
10109625ESTEVAOP_2025-01-28_G05,10109625ESTEVAOP,2025-01-28,111469,1,20,0,2091.0
10109625ESTEVAOP_2025-01-28_G06,10109625ESTEVAOP,2025-01-28,118299,1,268,0,1164.0
10109625ESTEVAOP_2025-01-28_G07,10109625ESTEVAOP,2025-01-28,"117830, 118299",2,47,20,807.0
10109625ESTEVAOP_2025-01-28_G08,10109625ESTEVAOP,2025-01-28,111418,1,36,0,637.0
10109625ESTEVAOP_2025-01-28_G09,10109625ESTEVAOP,2025-01-28,110787,1,40,0,709.0
10109625ESTEVAOP_2025-01-28_G10,10109625ESTEVAOP,2025-01-28,111463,1,40,0,516.0
10109625ESTEVAOP_2025-01-28_G11,10109625ESTEVAOP,2025-01-28,111532,1,50,0,822.0
10109625ESTEVAOP_2025-01-28_G12,10109625ESTEVAOP,2025-01-28,118299,1,100,0,1085.0
10109625ESTEVAOP_2025-01-28_G13,10109625ESTEVAOP,2025-01-28,111530,1,42,0,2516.0
10109625ESTEVAOP_2025-01-28_G14,10109625ESTEVAOP,2025-01-28,110515,1,30,0,2389.0
10109625ESTEVAOP_2025-01-28_G15,10109625ESTEVAOP,2025-01-28,117786,1,20,0,544.0
10109625ESTEVAOP_2025-01-28_G16,10109625ESTEVAOP,2025-01-28,109640,1,3,0,198.0
10109625ESTEVAOP_2025-01-28_G17,10109625ESTEVAOP,2025-01-28,117831,1,80,0,1424.0
10109625ESTEVAOP_2025-01-28_G18,10109625ESTEVAOP,2025-01-28,140922,1,18,0,327.0
10109625ESTEVAOP_2025-01-28_G19,10109625ESTEVAOP,2025-01-28,111876,1,20,0,486.0
10109625ESTEVAOP_2025-01-28_G21,10109625ESTEVAOP,2025-01-28,109747,1,3,0,125.0
10109625ESTEVAOP_2025-01-28_G22,10109625ESTEVAOP,2025-01-28,107830,1,9,0,190.0
10109625ESTEVAOP_2025-01-28_G23,10109625ESTEVAOP,2025-01-28,110325,1,30,0,251.0
10109625ESTEVAOP_2025-01-28_G24,10109625ESTEVAOP,2025-01-28,110372,1,88,0,1198.0
10109625ESTEVAOP_2025-01-29_G02,10109625ESTEVAOP,2025-01-29,111418,1,290,0,1327.0
10109625ESTEVAOP_2025-01-29_G03,10109625ESTEVAOP,2025-01-29,109747,1,140,0,2244.0
10109625ESTEVAOP_2025-01-29_G04,10109625ESTEVAOP,2025-01-29,111602,1,10,0,2599.0
10109625ESTEVAOP_2025-01-29_G05,10109625ESTEVAOP,2025-01-29,110515,1,10,0,723.0
10109625ESTEVAOP_2025-01-29_G06,10109625ESTEVAOP,2025-01-29,117841,1,6,0,446.0
10109625ESTEVAOP_2025-01-29_G07,10109625ESTEVAOP,2025-01-29,110371,1,2,0,307.0
10109625ESTEVAOP_2025-01-29_G08,10109625ESTEVAOP,2025-01-29,111602,1,2,0,277.0
10109625ESTEVAOP_2025-01-29_G09,10109625ESTEVAOP,2025-01-29,110373,1,32,0,495.0
10109625ESTEVAOP_2025-01-29_G10,10109625ESTEVAOP,2025-01-29,110373,1,2,0,97.0
10109625ESTEVAOP_2025-01-29_G11,10109625ESTEVAOP,2025-01-29,110515,1,38,0,494.0
10109625ESTEVAOP_2025-01-29_G12,10109625ESTEVAOP,2025-01-29,118004,2,24,8,433.0
10109625ESTEVAOP_2025-01-29_G13,10109625ESTEVAOP,2025-01-29,111602,1,6,0,429.0
10109625ESTEVAOP_2025-01-29_G14,10109625ESTEVAOP,2025-01-29,118094,1,4,0,155.0
10109625ESTEVAOP_2025-01-29_G15,10109625ESTEVAOP,2025-01-29,110515,1,30,0,100.0
10109625ESTEVAOP_2025-01-29_G16,10109625ESTEVAOP,2025-01-29,117841,1,2,0,288.0
10109625ESTEVAOP_2025-01-29_G17,10109625ESTEVAOP,2025-01-29,110373,2,42,6,287.0
10109625ESTEVAOP_2025-01-29_G20,10109625ESTEVAOP,2025-01-29,"111433, 118140",2,20,26,321.0
10109625ESTEVAOP_2025-01-29_G21,10109625ESTEVAOP,2025-01-29,117831,1,8,0,388.0
10109625ESTEVAOP_2025-01-29_G22,10109625ESTEVAOP,2025-01-29,111418,1,25,0,161.0
10109625ESTEVAOP_2025-01-29_G23,10109625ESTEVAOP,2025-01-29,110787,1,8,0,338.0
10109625ESTEVAOP_2025-01-29_G24,10109625ESTEVAOP,2025-01-29,109645,1,8,0,48.0
10109625ESTEVAOP_2025-01-29_G25,10109625ESTEVAOP,2025-01-29,117785,1,20,0,476.0
10109625ESTEVAOP_2025-01-29_G26,10109625ESTEVAOP,2025-01-29,111465,1,3,0,313.0
10109625ESTEVAOP_2025-01-29_G27,10109625ESTEVAOP,2025-01-29,105705,1,7,0,784.0
10109625ESTEVAOP_2025-01-29_G28,10109625ESTEVAOP,2025-01-29,111569,1,2,0,652.0
10109625ESTEVAOP_2025-01-29_G29,10109625ESTEVAOP,2025-01-29,117808,1,12,0,97.0
10109625ESTEVAOP_2025-01-29_G30,10109625ESTEVAOP,2025-01-29,118299,1,8,0,495.0
10109625ESTEVAOP_2025-01-29_G31,10109625ESTEVAOP,2025-01-29,107830,1,8,0,375.0
10109625ESTEVAOP_2025-01-29_G32,10109625ESTEVAOP,2025-01-29,110373,1,10,0,212.0
10109625ESTEVAOP_2025-01-29_G33,10109625ESTEVAOP,2025-01-29,110372,1,12,0,353.0
10109625ESTEVAOP_2025-01-30_G02,10109625ESTEVAOP,2025-01-30,111602,2,19,27,705.0
10109625ESTEVAOP_2025-01-30_G03,10109625ESTEVAOP,2025-01-30,110515,1,20,0,544.0
10109625ESTEVAOP_2025-01-30_G04,10109625ESTEVAOP,2025-01-30,117832,2,3,6,952.0
10109625ESTEVAOP_2025-01-30_G05,10109625ESTEVAOP,2025-01-30,111418,1,53,0,1454.0
10109625ESTEVAOP_2025-01-30_G06,10109625ESTEVAOP,2025-01-30,111418,1,7,0,50.0
10109625ESTEVAOP_2025-01-30_G07,10109625ESTEVAOP,2025-01-30,111469,1,5,0,547.0
10109625ESTEVAOP_2025-01-30_G08,10109625ESTEVAOP,2025-01-30,111462,1,5,0,110.0
10109625ESTEVAOP_2025-01-30_G09,10109625ESTEVAOP,2025-01-30,111743,1,5,0,531.0
10109625ESTEVAOP_2025-01-30_G10,10109625ESTEVAOP,2025-01-30,117821,1,4,0,124.0
10109625ESTEVAOP_2025-01-30_G11,10109625ESTEVAOP,2025-01-30,111463,1,32,0,365.0
10109625ESTEVAOP_2025-01-30_G12,10109625ESTEVAOP,2025-01-30,110373,1,20,0,2300.0
10109625ESTEVAOP_2025-01-30_G13,10109625ESTEVAOP,2025-01-30,111438,1,10,0,136.0
10109625ESTEVAOP_2025-01-30_G14,10109625ESTEVAOP,2025-01-30,111182,1,2,0,835.0
10109625ESTEVAOP_2025-01-30_G15,10109625ESTEVAOP,2025-01-30,111532,1,22,0,651.0
10109625ESTEVAOP_2025-01-30_G16,10109625ESTEVAOP,2025-01-30,110895,1,4,0,681.0
10109625ESTEVAOP_2025-01-30_G17,10109625ESTEVAOP,2025-01-30,117861,1,4,0,213.0
10109625ESTEVAOP_2025-01-30_G18,10109625ESTEVAOP,2025-01-30,111418,1,3,0,1636.0
10109625ESTEVAOP_2025-01-30_G19,10109625ESTEVAOP,2025-01-30,117785,1,4,0,101.0
10109625ESTEVAOP_2025-01-30_G20,10109625ESTEVAOP,2025-01-30,111465,1,4,0,622.0
10109625ESTEVAOP_2025-01-30_G21,10109625ESTEVAOP,2025-01-30,111743,1,8,0,2260.0
10109625ESTEVAOP_2025-01-30_G23,10109625ESTEVAOP,2025-01-30,109649,1,10,0,540.0
10109625ESTEVAOP_2025-01-30_G24,10109625ESTEVAOP,2025-01-30,111441,1,7,0,262.0
10109625ESTEVAOP_2025-01-30_G25,10109625ESTEVAOP,2025-01-30,111602,1,11,0,359.0
10109625ESTEVAOP_2025-01-30_G26,10109625ESTEVAOP,2025-01-30,118004,1,5,0,419.0
10109625ESTEVAOP_2025-01-30_G27,10109625ESTEVAOP,2025-01-30,110325,1,10,0,172.0
10109625ESTEVAOP_2025-01-31_G02,10109625ESTEVAOP,2025-01-31,111182,1,6,0,404.0
10109625ESTEVAOP_2025-01-31_G03,10109625ESTEVAOP,2025-01-31,111602,1,4,0,379.0
10109625ESTEVAOP_2025-01-31_G04,10109625ESTEVAOP,2025-01-31,117832,1,4,0,249.0
10109625ESTEVAOP_2025-01-31_G05,10109625ESTEVAOP,2025-01-31,111602,1,2,0,488.0
10109625ESTEVAOP_2025-01-31_G06,10109625ESTEVAOP,2025-01-31,111418,1,20,0,2048.0
10109625ESTEVAOP_2025-01-31_G07,10109625ESTEVAOP,2025-01-31,111469,1,4,0,299.0
10109625ESTEVAOP_2025-01-31_G08,10109625ESTEVAOP,2025-01-31,117832,1,4,0,263.0
10109625ESTEVAOP_2025-01-31_G09,10109625ESTEVAOP,2025-01-31,107830,1,4,0,233.0
10109625ESTEVAOP_2025-01-31_G10,10109625ESTEVAOP,2025-01-31,110373,1,11,0,590.0
10109625ESTEVAOP_2025-01-31_G11,10109625ESTEVAOP,2025-01-31,110313,1,32,0,732.0
10109625ESTEVAOP_2025-01-31_G12,10109625ESTEVAOP,2025-01-31,111752,1,1,0,983.0
10109625ESTEVAOP_2025-01-31_G13,10109625ESTEVAOP,2025-01-31,118094,1,4,0,380.0
10109625ESTEVAOP_2025-01-31_G14,10109625ESTEVAOP,2025-01-31,110515,1,3,0,170.0
10109625ESTEVAOP_2025-01-31_G15,10109625ESTEVAOP,2025-01-31,118191,1,20,0,319.0
10109625ESTEVAOP_2025-01-31_G16,10109625ESTEVAOP,2025-01-31,111532,2,7,9,708.0
10109625ESTEVAOP_2025-01-31_G17,10109625ESTEVAOP,2025-01-31,111759,1,12,0,292.0
10109625ESTEVAOP_2025-01-31_G18,10109625ESTEVAOP,2025-01-31,111728,1,2,0,110.0
10109625ESTEVAOP_2025-01-31_G19,10109625ESTEVAOP,2025-01-31,110743,1,2,0,120.0
10109625ESTEVAOP_2025-01-31_G20,10109625ESTEVAOP,2025-01-31,111462,1,2,0,72.0
10109625ESTEVAOP_2025-01-31_G21,10109625ESTEVAOP,2025-01-31,111602,1,7,0,866.0
10109625ESTEVAOP_2025-01-31_G22,10109625ESTEVAOP,2025-01-31,111439,1,5,0,114.0
10109625ESTEVAOP_2025-01-31_G23,10109625ESTEVAOP,2025-01-31,111876,1,2,0,1292.0
10109625ESTEVAOP_2025-01-31_G24,10109625ESTEVAOP,2025-01-31,105470,1,2,0,45.0
10109625ESTEVAOP_2025-01-31_G25,10109625ESTEVAOP,2025-01-31,105242,1,3,0,149.0
10109625ESTEVAOP_2025-01-31_G26,10109625ESTEVAOP,2025-01-31,110515,1,2,0,104.0
10109625ESTEVAOP_2025-01-31_G27,10109625ESTEVAOP,2025-01-31,117862,1,3,0,139.0
10109625ESTEVAOP_2025-01-31_G28,10109625ESTEVAOP,2025-01-31,108736,1,2,0,242.0
10109625ESTEVAOP_2025-01-31_G29,10109625ESTEVAOP,2025-01-31,111435,1,3,0,179.0
10109625ESTEVAOP_2025-01-31_G30,10109625ESTEVAOP,2025-01-31,111532,1,16,0,242.0
10109625ESTEVAOP_2025-01-31_G31,10109625ESTEVAOP,2025-01-31,118299,1,11,0,1244.0
10109625ESTEVAOP_2025-01-31_G32,10109625ESTEVAOP,2025-01-31,110371,1,3,0,97.0
10109625ESTEVAOP_2025-01-31_G33,10109625ESTEVAOP,2025-01-31,117808,1,14,0,153.0
10109625ESTEVAOP_2025-01-31_G34,10109625ESTEVAOP,2025-01-31,110374,2,66,17,1216.0
10109625ESTEVAOP_2025-01-31_G36,10109625ESTEVAOP,2025-01-31,117935,1,4,0,394.0
10109625ESTEVAOP_2025-01-31_G37,10109625ESTEVAOP,2025-01-31,111743,1,10,0,261.0
10109625ESTEVAOP_2025-01-31_G38,10109625ESTEVAOP,2025-01-31,111465,1,9,0,827.0
10109625ESTEVAOP_2025-01-31_G39,10109625ESTEVAOP,2025-01-31,111602,1,8,0,315.0
10109625ESTEVAOP_2025-01-31_G40,10109625ESTEVAOP,2025-01-31,110372,1,16,0,1004.0
10109625ESTEVAOP_2025-01-31_G41,10109625ESTEVAOP,2025-01-31,107830,1,4,0,114.0
10109625ESTEVAOP_2025-01-31_G42,10109625ESTEVAOP,2025-01-31,110371,1,12,0,300.0
10109625ESTEVAOP_2025-01-31_G43,10109625ESTEVAOP,2025-01-31,117830,1,8,0,78.0
10109625ESTEVAOP_2025-01-31_G44,10109625ESTEVAOP,2025-01-31,111602,1,8,0,176.0
10109625ESTEVAOP_2025-01-31_G45,10109625ESTEVAOP,2025-01-31,117832,1,8,0,649.0
10109625ESTEVAOP_2025-02-11_G02,10109625ESTEVAOP,2025-02-11,117834,1,4,0,110.0
10109625ESTEVAOP_2025-02-11_G03,10109625ESTEVAOP,2025-02-11,111850,1,2,0,94.0
10109625ESTEVAOP_2025-02-11_G04,10109625ESTEVAOP,2025-02-11,110895,1,1,0,79.0
10109625ESTEVAOP_2025-02-11_G05,10109625ESTEVAOP,2025-02-11,117837,1,4,0,201.0
10109625ESTEVAOP_2025-02-11_G06,10109625ESTEVAOP,2025-02-11,117855,1,1,0,411.0
10109625ESTEVAOP_2025-02-11_G07,10109625ESTEVAOP,2025-02-11,117855,1,4,0,139.0
10109625ESTEVAOP_2025-02-11_G08,10109625ESTEVAOP,2025-02-11,110711,1,8,0,116.0
10109625ESTEVAOP_2025-02-11_G09,10109625ESTEVAOP,2025-02-11,117837,1,1,0,365.0
10109625ESTEVAOP_2025-02-11_G10,10109625ESTEVAOP,2025-02-11,117785,1,6,0,185.0
10109625ESTEVAOP_2025-02-11_G11,10109625ESTEVAOP,2025-02-11,117837,1,2,0,219.0
10109625ESTEVAOP_2025-02-11_G12,10109625ESTEVAOP,2025-02-11,111469,1,8,0,264.0
10109625ESTEVAOP_2025-02-11_G13,10109625ESTEVAOP,2025-02-11,109640,1,4,0,194.0
10109625ESTEVAOP_2025-02-11_G14,10109625ESTEVAOP,2025-02-11,111466,1,24,0,246.0
10109625ESTEVAOP_2025-02-28_G02,10109625ESTEVAOP,2025-02-28,111466,1,1,0,243.0
10109625ESTEVAOP_2025-02-28_G03,10109625ESTEVAOP,2025-02-28,111469,1,1,0,68.0
10109625ESTEVAOP_2025-02-28_G04,10109625ESTEVAOP,2025-02-28,111462,1,5,0,78.0
10109625ESTEVAOP_2025-02-28_G05,10109625ESTEVAOP,2025-02-28,111465,1,1,0,74.0
10109625ESTEVAOP_2025-02-28_G06,10109625ESTEVAOP,2025-02-28,117821,1,1,0,424.0
10109625ESTEVAOP_2025-02-28_G07,10109625ESTEVAOP,2025-02-28,111439,1,1,0,456.0
10109625ESTEVAOP_2025-02-28_G08,10109625ESTEVAOP,2025-02-28,109640,1,21,0,472.0
10109625ESTEVAOP_2025-02-28_G09,10109625ESTEVAOP,2025-02-28,117861,1,1,0,149.0
10109625ESTEVAOP_2025-02-28_G10,10109625ESTEVAOP,2025-02-28,141047,1,1,0,86.0
10109625ESTEVAOP_2025-02-28_G11,10109625ESTEVAOP,2025-02-28,110515,1,1,0,73.0
10109625ESTEVAOP_2025-02-28_G12,10109625ESTEVAOP,2025-02-28,110339,1,1,0,58.0
10109625ESTEVAOP_2025-02-28_G13,10109625ESTEVAOP,2025-02-28,107629,1,1,0,170.0
10109625ESTEVAOP_2025-02-28_G14,10109625ESTEVAOP,2025-02-28,107629,1,4,0,70.0
10109625ESTEVAOP_2025-02-28_G15,10109625ESTEVAOP,2025-02-28,111436,1,1,0,400.0
10109625ESTEVAOP_2025-02-28_G16,10109625ESTEVAOP,2025-02-28,110747,1,1,0,302.0
10109625ESTEVAOP_2025-02-28_G17,10109625ESTEVAOP,2025-02-28,107892,1,11,0,263.0
10109625ESTEVAOP_2025-02-28_G18,10109625ESTEVAOP,2025-02-28,117834,1,1,0,1641.0
10109625ESTEVAOP_2025-02-28_G19,10109625ESTEVAOP,2025-02-28,110755,1,1,0,104.0
10109625ESTEVAOP_2025-02-28_G20,10109625ESTEVAOP,2025-02-28,117836,1,1,0,194.0
10109625ESTEVAOP_2025-02-28_G21,10109625ESTEVAOP,2025-02-28,100334,1,1,0,94.0
10109625ESTEVAOP_2025-02-28_G22,10109625ESTEVAOP,2025-02-28,111569,1,1,0,66.0
10109625ESTEVAOP_2025-02-28_G23,10109625ESTEVAOP,2025-02-28,118306,1,1,0,75.0
10109625ESTEVAOP_2025-02-28_G24,10109625ESTEVAOP,2025-02-28,117835,1,1,0,92.0
10109625ESTEVAOP_2025-02-28_G25,10109625ESTEVAOP,2025-02-28,107892,1,7,0,705.0
10109625ESTEVAOP_2025-02-28_G26,10109625ESTEVAOP,2025-02-28,117856,1,208,0,1846.0
10109625ESTEVAOP_2025-02-28_G27,10109625ESTEVAOP,2025-02-28,117786,1,144,0,707.0
10109625ESTEVAOP_2025-02-28_G28,10109625ESTEVAOP,2025-02-28,117935,1,100,0,547.0
10109625ESTEVAOP_2025-02-28_G29,10109625ESTEVAOP,2025-02-28,110753,1,24,0,622.0
10109625ESTEVAOP_2025-02-28_G30,10109625ESTEVAOP,2025-02-28,111348,1,6,0,213.0
10109625ESTEVAOP_2025-02-28_G31,10109625ESTEVAOP,2025-02-28,111172,1,4,0,352.0
10109625ESTEVAOP_2025-02-28_G32,10109625ESTEVAOP,2025-02-28,108794,1,22,0,526.0
10109625ESTEVAOP_2025-02-28_G33,10109625ESTEVAOP,2025-02-28,109640,1,12,0,3481.0
10109625ESTEVAOP_2025-02-28_G34,10109625ESTEVAOP,2025-02-28,111182,1,8,0,400.0
10109625ESTEVAOP_2025-02-28_G35,10109625ESTEVAOP,2025-02-28,107892,1,4,0,394.0
10109625ESTEVAOP_2025-02-28_G36,10109625ESTEVAOP,2025-02-28,110755,1,4,0,233.0
10109625ESTEVAOP_2025-02-28_G38,10109625ESTEVAOP,2025-02-28,117786,1,8,0,228.0
10109625ESTEVAOP_2025-02-28_G39,10109625ESTEVAOP,2025-02-28,110740,1,14,0,212.0
10109625ESTEVAOP_2025-02-28_G40,10109625ESTEVAOP,2025-02-28,111463,1,20,0,307.0
10109625ESTEVAOP_2025-02-28_G41,10109625ESTEVAOP,2025-02-28,117808,1,20,0,183.0
10109625ESTEVAOP_2025-02-28_G42,10109625ESTEVAOP,2025-02-28,110373,1,20,0,433.0
10109625ESTEVAOP_2025-03-25_G02,10109625ESTEVAOP,2025-03-25,124476,1,4,0,169.0
10109625ESTEVAOP_2025-03-25_G03,10109625ESTEVAOP,2025-03-25,123909,1,4,0,78.0
10109625ESTEVAOP_2025-03-25_G04,10109625ESTEVAOP,2025-03-25,123345,1,14,0,997.0
10109625ESTEVAOP_2025-03-25_G06,10109625ESTEVAOP,2025-03-25,122185,1,18,0,880.0
10109625ESTEVAOP_2025-03-25_G07,10109625ESTEVAOP,2025-03-25,122185,1,12,0,2763.0
10109625ESTEVAOP_2025-03-25_G08,10109625ESTEVAOP,2025-03-25,122962,1,12,0,279.0
10109625ESTEVAOP_2025-03-25_G10,10109625ESTEVAOP,2025-03-25,120389,1,4,0,379.0
10109625ESTEVAOP_2025-03-25_G11,10109625ESTEVAOP,2025-03-25,120389,1,4,0,52.0
10109625ESTEVAOP_2025-03-25_G12,10109625ESTEVAOP,2025-03-25,120339,1,4,0,284.0
10109625ESTEVAOP_2025-03-25_G13,10109625ESTEVAOP,2025-03-25,120389,1,4,0,134.0
10109625ESTEVAOP_2025-03-25_G14,10109625ESTEVAOP,2025-03-25,123343,1,34,0,992.0
10109625ESTEVAOP_2025-03-27_G02,10109625ESTEVAOP,2025-03-27,118418,1,2,0,318.0
10109625ESTEVAOP_2025-03-27_G03,10109625ESTEVAOP,2025-03-27,118290,2,15,13,182.0
10109625ESTEVAOP_2025-03-27_G04,10109625ESTEVAOP,2025-03-27,140911,1,2,0,229.0
10109625ESTEVAOP_2025-03-27_G05,10109625ESTEVAOP,2025-03-27,116241,2,4,8,1791.0
10109625ESTEVAOP_2025-03-27_G06,10109625ESTEVAOP,2025-03-27,111433,1,1,0,196.0
10109625ESTEVAOP_2025-03-27_G07,10109625ESTEVAOP,2025-03-27,117809,1,57,0,1165.0
10109625ESTEVAOP_2025-03-27_G08,10109625ESTEVAOP,2025-03-27,110373,1,70,0,1044.0
10109625ESTEVAOP_2025-03-27_G09,10109625ESTEVAOP,2025-03-27,111441,1,4,0,1645.0
10109625ESTEVAOP_2025-03-27_G10,10109625ESTEVAOP,2025-03-27,110733,1,2,0,496.0
10109625ESTEVAOP_2025-03-27_G11,10109625ESTEVAOP,2025-03-27,117855,1,4,0,111.0
10109625ESTEVAOP_2025-03-27_G12,10109625ESTEVAOP,2025-03-27,117855,2,13,11,133.0
10109625ESTEVAOP_2025-03-27_G13,10109625ESTEVAOP,2025-03-27,117786,1,4,0,1696.0
10109625ESTEVAOP_2025-03-27_G14,10109625ESTEVAOP,2025-03-27,111602,1,4,0,79.0
10109625ESTEVAOP_2025-03-27_G15,10109625ESTEVAOP,2025-03-27,111602,1,4,0,105.0
10109625ESTEVAOP_2025-03-27_G16,10109625ESTEVAOP,2025-03-27,110740,1,2,0,191.0
10109625ESTEVAOP_2025-03-27_G17,10109625ESTEVAOP,2025-03-27,111463,2,4,23,193.0
10109625ESTEVAOP_2025-03-27_G18,10109625ESTEVAOP,2025-03-27,111463,1,3,0,66.0
10109625ESTEVAOP_2025-03-27_G19,10109625ESTEVAOP,2025-03-27,118140,1,10,0,278.0
10109625ESTEVAOP_2025-03-27_G20,10109625ESTEVAOP,2025-03-27,118140,1,10,0,239.0
10109625ESTEVAOP_2025-03-27_G21,10109625ESTEVAOP,2025-03-27,118140,1,10,0,34.0
10109625ESTEVAOP_2025-03-27_G22,10109625ESTEVAOP,2025-03-27,118140,1,2,0,651.0
10109625ESTEVAOP_2025-03-27_G23,10109625ESTEVAOP,2025-03-27,111466,2,6,12,48.0
10109625ESTEVAOP_2025-03-27_G24,10109625ESTEVAOP,2025-03-27,109641,1,2,0,227.0
10109625ESTEVAOP_2025-03-27_G25,10109625ESTEVAOP,2025-03-27,111418,3,39,16,93.0
10109625ESTEVAOP_2025-03-27_G26,10109625ESTEVAOP,2025-03-27,108711,1,2,0,713.0
10109625ESTEVAOP_2025-03-27_G27,10109625ESTEVAOP,2025-03-27,111462,1,6,0,348.0
10109625ESTEVAOP_2025-03-27_G29,10109625ESTEVAOP,2025-03-27,111469,1,10,0,283.0
10109625ESTEVAOP_2025-03-27_G30,10109625ESTEVAOP,2025-03-27,111469,2,8,8,707.0
10109625ESTEVAOP_2025-03-27_G31,10109625ESTEVAOP,2025-03-27,110745,1,2,0,203.0
10109625ESTEVAOP_2025-03-27_G32,10109625ESTEVAOP,2025-03-27,117821,1,2,0,66.0
10109625ESTEVAOP_2025-03-27_G33,10109625ESTEVAOP,2025-03-27,117831,1,2,0,620.0
10109625ESTEVAOP_2025-03-27_G34,10109625ESTEVAOP,2025-03-27,110787,1,3,0,114.0
10109625ESTEVAOP_2025-03-27_G35,10109625ESTEVAOP,2025-03-27,117820,1,4,0,394.0
10109625ESTEVAOP_2025-03-27_G36,10109625ESTEVAOP,2025-03-27,110372,1,32,0,241.0
10109625ESTEVAOP_2025-03-27_G37,10109625ESTEVAOP,2025-03-27,110375,1,2,0,383.0
10109625ESTEVAOP_2025-03-27_G38,10109625ESTEVAOP,2025-03-27,110742,1,4,0,826.0
10109625ESTEVAOP_2025-03-27_G39,10109625ESTEVAOP,2025-03-27,118140,1,4,0,303.0
10109625ESTEVAOP_2025-03-27_G40,10109625ESTEVAOP,2025-03-27,117785,1,2,0,210.0
10109625ESTEVAOP_2025-03-27_G41,10109625ESTEVAOP,2025-03-27,117820,1,5,0,150.0
10109625ESTEVAOP_2025-03-27_G42,10109625ESTEVAOP,2025-03-27,110372,1,6,0,290.0
10109625ESTEVAOP_2025-03-27_G43,10109625ESTEVAOP,2025-03-27,117808,1,6,0,143.0
10109625ESTEVAOP_2025-03-27_G44,10109625ESTEVAOP,2025-03-27,110339,1,4,0,837.0
10109625ESTEVAOP_2025-03-27_G45,10109625ESTEVAOP,2025-03-27,110313,1,4,0,69.0
10109625ESTEVAOP_2025-03-27_G46,10109625ESTEVAOP,2025-03-27,118140,1,6,0,218.0
10109625ESTEVAOP_2025-03-27_G47,10109625ESTEVAOP,2025-03-27,110787,1,4,0,172.0
10109625ESTEVAOP_2025-03-28_G02,10109625ESTEVAOP,2025-03-28,110711,1,1,0,249.0
10109625ESTEVAOP_2025-03-28_G03,10109625ESTEVAOP,2025-03-28,111468,1,3,0,283.0
10109625ESTEVAOP_2025-03-28_G04,10109625ESTEVAOP,2025-03-28,117855,1,2,0,234.0
10109625ESTEVAOP_2025-03-28_G05,10109625ESTEVAOP,2025-03-28,105705,1,2,0,144.0
10109625ESTEVAOP_2025-03-28_G06,10109625ESTEVAOP,2025-03-28,117808,1,16,0,328.0
10109625ESTEVAOP_2025-03-28_G07,10109625ESTEVAOP,2025-03-28,117820,1,30,0,337.0
10109625ESTEVAOP_2025-03-28_G08,10109625ESTEVAOP,2025-03-28,140911,1,6,0,626.0
10109625ESTEVAOP_2025-03-28_G09,10109625ESTEVAOP,2025-03-28,140922,1,6,0,1826.0
10109625ESTEVAOP_2025-03-28_G10,10109625ESTEVAOP,2025-03-28,111466,1,6,0,158.0
10109625ESTEVAOP_2025-03-28_G11,10109625ESTEVAOP,2025-03-28,111468,1,6,0,371.0
10109625ESTEVAOP_2025-03-28_G12,10109625ESTEVAOP,2025-03-28,117838,1,2,0,104.0
10109625ESTEVAOP_2025-03-28_G13,10109625ESTEVAOP,2025-03-28,110745,1,2,0,90.0
10109625ESTEVAOP_2025-03-28_G14,10109625ESTEVAOP,2025-03-28,117831,1,2,0,93.0
10109625ESTEVAOP_2025-03-28_G15,10109625ESTEVAOP,2025-03-28,117820,1,6,0,263.0
10109625ESTEVAOP_2025-03-28_G16,10109625ESTEVAOP,2025-03-28,110325,1,1,0,504.0
10109625ESTEVAOP_2025-03-28_G17,10109625ESTEVAOP,2025-03-28,117832,1,4,0,341.0
10109625ESTEVAOP_2025-03-28_G18,10109625ESTEVAOP,2025-03-28,110373,1,16,0,494.0
10109625ESTEVAOP_2025-03-28_G19,10109625ESTEVAOP,2025-03-28,110372,1,13,0,169.0
10109625ESTEVAOP_2025-03-28_G20,10109625ESTEVAOP,2025-03-28,109937,1,2,0,1647.0
10109625ESTEVAOP_2025-03-28_G21,10109625ESTEVAOP,2025-03-28,110339,1,2,0,282.0
10109625ESTEVAOP_2025-03-28_G22,10109625ESTEVAOP,2025-03-28,111467,1,11,0,289.0
10109625ESTEVAOP_2025-03-28_G23,10109625ESTEVAOP,2025-03-28,111602,1,3,0,79.0
10109625ESTEVAOP_2025-03-28_G24,10109625ESTEVAOP,2025-03-28,109640,1,4,0,163.0
10109625ESTEVAOP_2025-03-28_G25,10109625ESTEVAOP,2025-03-28,110711,1,2,0,164.0
10109625ESTEVAOP_2025-03-28_G26,10109625ESTEVAOP,2025-03-28,140922,1,3,0,451.0
10109625ESTEVAOP_2025-03-28_G27,10109625ESTEVAOP,2025-03-28,118140,1,5,0,322.0
10109625ESTEVAOP_2025-03-28_G28,10109625ESTEVAOP,2025-03-28,111466,1,2,0,84.0
10109625ESTEVAOP_2025-03-28_G29,10109625ESTEVAOP,2025-03-28,111418,1,18,0,603.0
10109625ESTEVAOP_2025-03-28_G30,10109625ESTEVAOP,2025-03-28,111462,1,4,0,107.0
10109625ESTEVAOP_2025-03-28_G31,10109625ESTEVAOP,2025-03-28,111469,1,4,0,73.0
10109625ESTEVAOP_2025-03-28_G32,10109625ESTEVAOP,2025-03-28,117787,1,5,0,234.0
10109625ESTEVAOP_2025-03-28_G33,10109625ESTEVAOP,2025-03-28,105705,1,3,0,120.0
10109625ESTEVAOP_2025-03-28_G34,10109625ESTEVAOP,2025-03-28,110787,1,9,0,1457.0
10109625ESTEVAOP_2025-03-28_G35,10109625ESTEVAOP,2025-03-28,111433,1,2,0,170.0
10109625ESTEVAOP_2025-03-28_G36,10109625ESTEVAOP,2025-03-28,117785,1,8,0,157.0
10109625ESTEVAOP_2025-03-28_G38,10109625ESTEVAOP,2025-03-28,110711,1,4,0,190.0
10109625ESTEVAOP_2025-03-28_G39,10109625ESTEVAOP,2025-03-28,117834,1,4,0,1890.0
10109625ESTEVAOP_2025-03-28_G40,10109625ESTEVAOP,2025-03-28,117836,1,2,0,172.0
10109625ESTEVAOP_2025-03-28_G41,10109625ESTEVAOP,2025-03-28,109647,1,8,0,698.0
10109625ESTEVAOP_2025-03-28_G42,10109625ESTEVAOP,2025-03-28,110787,1,4,0,223.0
10109625ESTEVAOP_2025-03-29_G02,10109625ESTEVAOP,2025-03-29,110515,1,10,0,246.0
10109625ESTEVAOP_2025-03-29_G03,10109625ESTEVAOP,2025-03-29,110515,1,2,0,77.0
10109625ESTEVAOP_2025-03-29_G04,10109625ESTEVAOP,2025-03-29,110313,1,4,0,644.0
10109625ESTEVAOP_2025-03-29_G05,10109625ESTEVAOP,2025-03-29,117786,1,8,0,361.0
10109625ESTEVAOP_2025-03-29_G06,10109625ESTEVAOP,2025-03-29,117831,1,12,0,288.0
10109625ESTEVAOP_2025-03-29_G07,10109625ESTEVAOP,2025-03-29,111532,1,2,0,180.0
10109625ESTEVAOP_2025-03-29_G08,10109625ESTEVAOP,2025-03-29,111532,1,28,0,529.0
10109625ESTEVAOP_2025-03-29_G09,10109625ESTEVAOP,2025-03-29,110746,1,2,0,2511.0
10109625ESTEVAOP_2025-03-29_G10,10109625ESTEVAOP,2025-03-29,111467,1,4,0,179.0
10109625ESTEVAOP_2025-03-29_G11,10109625ESTEVAOP,2025-03-29,111722,1,6,0,1707.0
10109625ESTEVAOP_2025-03-29_G12,10109625ESTEVAOP,2025-03-29,141261,1,20,0,345.0
10109625ESTEVAOP_2025-03-29_G13,10109625ESTEVAOP,2025-03-29,118191,1,20,0,498.0
10109625ESTEVAOP_2025-03-29_G14,10109625ESTEVAOP,2025-03-29,111740,1,6,0,588.0
10109625ESTEVAOP_2025-03-29_G15,10109625ESTEVAOP,2025-03-29,111850,1,2,0,2155.0
10109625ESTEVAOP_2025-03-29_G16,10109625ESTEVAOP,2025-03-29,118290,1,2,0,594.0
10109625ESTEVAOP_2025-03-29_G17,10109625ESTEVAOP,2025-03-29,117862,1,8,0,365.0
10109625ESTEVAOP_2025-03-29_G18,10109625ESTEVAOP,2025-03-29,117861,1,4,0,112.0
10109625ESTEVAOP_2025-03-29_G19,10109625ESTEVAOP,2025-03-29,109640,1,2,0,269.0
10109625ESTEVAOP_2025-03-29_G20,10109625ESTEVAOP,2025-03-29,110711,1,4,0,174.0
10109625ESTEVAOP_2025-03-29_G21,10109625ESTEVAOP,2025-03-29,111466,1,4,0,323.0
10109625ESTEVAOP_2025-03-29_G22,10109625ESTEVAOP,2025-03-29,111348,1,4,0,235.0
10109625ESTEVAOP_2025-03-29_G23,10109625ESTEVAOP,2025-03-29,111532,1,2,0,177.0
10109625ESTEVAOP_2025-03-29_G25,10109625ESTEVAOP,2025-03-29,111330,1,4,0,181.0
10109625ESTEVAOP_2025-03-29_G26,10109625ESTEVAOP,2025-03-29,111418,1,8,0,351.0
10109625ESTEVAOP_2025-03-29_G27,10109625ESTEVAOP,2025-03-29,117785,1,3,0,387.0
10109625ESTEVAOP_2025-03-29_G28,10109625ESTEVAOP,2025-03-29,110374,1,4,0,158.0
10109625ESTEVAOP_2025-04-16_G02,10109625ESTEVAOP,2025-04-16,124371,1,16,0,1443.0
10109625ESTEVAOP_2025-04-16_G04,10109625ESTEVAOP,2025-04-16,122962,1,5,0,218.0
10109625ESTEVAOP_2025-04-16_G05,10109625ESTEVAOP,2025-04-16,123344,2,67,8,1145.0
10109625ESTEVAOP_2025-04-21_G02,10109625ESTEVAOP,2025-04-21,122981,1,1,0,225.0
10109625ESTEVAOP_2025-04-21_G03,10109625ESTEVAOP,2025-04-21,124476,1,1,0,64.0
10109625ESTEVAOP_2025-04-21_G04,10109625ESTEVAOP,2025-04-21,121923,1,1,0,155.0
10109625ESTEVAOP_2025-04-21_G05,10109625ESTEVAOP,2025-04-21,120339,1,2,0,174.0
10109625ESTEVAOP_2025-04-21_G06,10109625ESTEVAOP,2025-04-21,123909,1,2,0,147.0
10109625ESTEVAOP_2025-04-21_G07,10109625ESTEVAOP,2025-04-21,122981,1,4,0,581.0
10109625ESTEVAOP_2025-04-21_G08,10109625ESTEVAOP,2025-04-21,120339,1,6,0,192.0
10109625ESTEVAOP_2025-04-21_G09,10109625ESTEVAOP,2025-04-21,123909,1,6,0,513.0
10109625ESTEVAOP_2025-04-21_G10,10109625ESTEVAOP,2025-04-21,123345,1,4,0,700.0
10109625ESTEVAOP_2025-04-21_G11,10109625ESTEVAOP,2025-04-21,124594,1,4,0,261.0
10109625ESTEVAOP_2025-04-21_G12,10109625ESTEVAOP,2025-04-21,122673,1,24,0,637.0
10109625ESTEVAOP_2025-04-21_G13,10109625ESTEVAOP,2025-04-21,120271,1,20,0,294.0
10109625ESTEVAOP_2025-04-21_G14,10109625ESTEVAOP,2025-04-21,124486,1,10,0,142.0
10109625ESTEVAOP_2025-04-21_G15,10109625ESTEVAOP,2025-04-21,124370,1,8,0,189.0
10109625ESTEVAOP_2025-04-21_G16,10109625ESTEVAOP,2025-04-21,124486,1,4,0,175.0
10109625ESTEVAOP_2025-04-21_G17,10109625ESTEVAOP,2025-04-21,120339,1,3,0,358.0
10109625ESTEVAOP_2025-04-21_G18,10109625ESTEVAOP,2025-04-21,123345,1,4,0,175.0
10109625ESTEVAOP_2025-04-21_G19,10109625ESTEVAOP,2025-04-21,122673,1,20,0,1139.0
10109625ESTEVAOP_2025-04-30_G02,10109625ESTEVAOP,2025-04-30,110755,1,4,0,149.0
10109625ESTEVAOP_2025-04-30_G03,10109625ESTEVAOP,2025-04-30,118222,1,8,0,436.0
10109625ESTEVAOP_2025-04-30_G04,10109625ESTEVAOP,2025-04-30,100334,1,4,0,316.0
10109625ESTEVAOP_2025-04-30_G05,10109625ESTEVAOP,2025-04-30,117786,1,4,0,1568.0
10109625ESTEVAOP_2025-04-30_G06,10109625ESTEVAOP,2025-04-30,111602,1,5,0,120.0
10109625ESTEVAOP_2025-04-30_G07,10109625ESTEVAOP,2025-04-30,111530,1,4,0,151.0
10109625ESTEVAOP_2025-04-30_G08,10109625ESTEVAOP,2025-04-30,117935,1,4,0,119.0
10109625ESTEVAOP_2025-04-30_G09,10109625ESTEVAOP,2025-04-30,100334,1,2,0,799.0
10109625ESTEVAOP_2025-04-30_G10,10109625ESTEVAOP,2025-04-30,117853,1,4,0,227.0
10109625ESTEVAOP_2025-04-30_G11,10109625ESTEVAOP,2025-04-30,108711,1,4,0,134.0
10109625ESTEVAOP_2025-04-30_G12,10109625ESTEVAOP,2025-04-30,107236,1,6,0,177.0
10109625ESTEVAOP_2025-04-30_G13,10109625ESTEVAOP,2025-04-30,117861,1,2,0,534.0
10109625ESTEVAOP_2025-04-30_G14,10109625ESTEVAOP,2025-04-30,118094,1,2,0,159.0
10109625ESTEVAOP_2025-04-30_G15,10109625ESTEVAOP,2025-04-30,117862,2,6,10,70.0
10109625ESTEVAOP_2025-04-30_G16,10109625ESTEVAOP,2025-04-30,117837,1,2,0,193.0
10109625ESTEVAOP_2025-04-30_G17,10109625ESTEVAOP,2025-04-30,110733,1,2,0,54.0
10109625ESTEVAOP_2025-04-30_G18,10109625ESTEVAOP,2025-04-30,117935,2,2,7,100.0
10109625ESTEVAOP_2025-04-30_G19,10109625ESTEVAOP,2025-04-30,117855,2,10,16,253.0
10109625ESTEVAOP_2025-04-30_G20,10109625ESTEVAOP,2025-04-30,109647,1,1,0,130.0
10109625ESTEVAOP_2025-04-30_G21,10109625ESTEVAOP,2025-04-30,117856,1,2,0,36.0
10109625ESTEVAOP_2025-04-30_G22,10109625ESTEVAOP,2025-04-30,110515,1,2,0,163.0
10109625ESTEVAOP_2025-04-30_G23,10109625ESTEVAOP,2025-04-30,110515,1,2,0,32.0
10109625ESTEVAOP_2025-04-30_G24,10109625ESTEVAOP,2025-04-30,111530,1,1,0,59.0
10109625ESTEVAOP_2025-04-30_G25,10109625ESTEVAOP,2025-04-30,110374,1,1,0,186.0
10109625ESTEVAOP_2025-04-30_G26,10109625ESTEVAOP,2025-04-30,110372,1,2,0,64.0
10109625ESTEVAOP_2025-04-30_G27,10109625ESTEVAOP,2025-04-30,110372,1,4,0,63.0
10109625ESTEVAOP_2025-04-30_G28,10109625ESTEVAOP,2025-04-30,117809,1,8,0,92.0
10109625ESTEVAOP_2025-04-30_G29,10109625ESTEVAOP,2025-04-30,117808,1,22,0,768.0
10109625ESTEVAOP_2025-04-30_G30,10109625ESTEVAOP,2025-04-30,117808,1,15,0,35.0
10109625ESTEVAOP_2025-04-30_G31,10109625ESTEVAOP,2025-04-30,118299,2,18,7,288.0
10109625ESTEVAOP_2025-04-30_G32,10109625ESTEVAOP,2025-04-30,110371,1,4,0,803.0
10109625ESTEVAOP_2025-04-30_G33,10109625ESTEVAOP,2025-04-30,111569,1,4,0,160.0
10109625ESTEVAOP_2025-04-30_G34,10109625ESTEVAOP,2025-04-30,100334,1,1,0,94.0
10109625ESTEVAOP_2025-04-30_G35,10109625ESTEVAOP,2025-04-30,110895,1,2,0,162.0
10109625ESTEVAOP_2025-04-30_G36,10109625ESTEVAOP,2025-04-30,117833,1,14,0,188.0
10109625ESTEVAOP_2025-04-30_G37,10109625ESTEVAOP,2025-04-30,117835,1,4,0,2658.0
10109625ESTEVAOP_2025-04-30_G38,10109625ESTEVAOP,2025-04-30,117820,1,70,0,446.0
10109625ESTEVAOP_2025-04-30_G39,10109625ESTEVAOP,2025-04-30,110372,1,50,0,567.0
10109625ESTEVAOP_2025-04-30_G40,10109625ESTEVAOP,2025-04-30,117809,1,50,0,829.0
10109625ESTEVAOP_2025-04-30_G41,10109625ESTEVAOP,2025-04-30,108770,1,4,0,601.0
10109625ESTEVAOP_2025-04-30_G42,10109625ESTEVAOP,2025-04-30,100334,1,3,0,44.0
10109625ESTEVAOP_2025-04-30_G44,10109625ESTEVAOP,2025-04-30,160054,2,6,6,97.0
10109625ESTEVAOP_2025-04-30_G45,10109625ESTEVAOP,2025-04-30,107830,1,2,0,122.0
10109625ESTEVAOP_2025-04-30_G46,10109625ESTEVAOP,2025-04-30,160051,2,6,6,198.0
10109625ESTEVAOP_2025-04-30_G47,10109625ESTEVAOP,2025-04-30,108711,1,4,0,221.0
10109625ESTEVAOP_2025-04-30_G48,10109625ESTEVAOP,2025-04-30,110515,1,12,0,222.0
10109632RIBEIROH_2025-01-03_G02,10109632RIBEIROH,2025-01-03,110755,1,11,0,249.0
10109632RIBEIROH_2025-01-03_G03,10109632RIBEIROH,2025-01-03,111443,1,50,0,650.0
10109632RIBEIROH_2025-01-03_G04,10109632RIBEIROH,2025-01-03,108795,1,60,0,446.0
10109632RIBEIROH_2025-01-12_G02,10109632RIBEIROH,2025-01-12,111444,1,4,0,298.0
10109632RIBEIROH_2025-01-12_G03,10109632RIBEIROH,2025-01-12,111433,1,2,0,303.0
10109632RIBEIROH_2025-01-12_G04,10109632RIBEIROH,2025-01-12,111418,1,2,0,754.0
10109632RIBEIROH_2025-01-12_G05,10109632RIBEIROH,2025-01-12,111462,1,2,0,71.0
10109632RIBEIROH_2025-01-12_G06,10109632RIBEIROH,2025-01-12,110371,1,30,0,236.0
10109632RIBEIROH_2025-01-12_G07,10109632RIBEIROH,2025-01-12,117808,1,114,0,400.0
10109632RIBEIROH_2025-01-12_G08,10109632RIBEIROH,2025-01-12,110339,1,4,0,342.0
10109632RIBEIROH_2025-01-12_G09,10109632RIBEIROH,2025-01-12,111530,1,4,0,60.0
10109632RIBEIROH_2025-01-12_G10,10109632RIBEIROH,2025-01-12,118094,1,4,0,99.0
10109632RIBEIROH_2025-01-12_G11,10109632RIBEIROH,2025-01-12,141047,1,2,0,78.0
10109632RIBEIROH_2025-01-12_G12,10109632RIBEIROH,2025-01-12,110787,1,2,0,87.0
10109632RIBEIROH_2025-01-12_G13,10109632RIBEIROH,2025-01-12,109645,1,2,0,67.0
10109632RIBEIROH_2025-01-12_G14,10109632RIBEIROH,2025-01-12,110371,1,20,0,178.0
10109632RIBEIROH_2025-01-12_G15,10109632RIBEIROH,2025-01-12,111467,1,4,0,117.0
10109632RIBEIROH_2025-01-12_G16,10109632RIBEIROH,2025-01-12,111444,1,8,0,531.0
10109632RIBEIROH_2025-01-13_G02,10109632RIBEIROH,2025-01-13,117808,1,300,0,802.0
10109632RIBEIROH_2025-01-13_G03,10109632RIBEIROH,2025-01-13,110371,1,23,0,204.0
10109632RIBEIROH_2025-01-13_G04,10109632RIBEIROH,2025-01-13,117836,1,5,0,2446.0
10109632RIBEIROH_2025-01-13_G05,10109632RIBEIROH,2025-01-13,111430,1,6,0,82.0
10109632RIBEIROH_2025-01-13_G06,10109632RIBEIROH,2025-01-13,109937,1,2,0,74.0
10109632RIBEIROH_2025-01-13_G07,10109632RIBEIROH,2025-01-13,111090,1,4,0,124.0
10109632RIBEIROH_2025-01-13_G08,10109632RIBEIROH,2025-01-13,116527,1,2,0,105.0
10109632RIBEIROH_2025-01-13_G09,10109632RIBEIROH,2025-01-13,111530,1,12,0,565.0
10109632RIBEIROH_2025-01-13_G10,10109632RIBEIROH,2025-01-13,111467,1,9,0,107.0
10109632RIBEIROH_2025-01-13_G11,10109632RIBEIROH,2025-01-13,110515,1,2,0,114.0
10109632RIBEIROH_2025-01-13_G12,10109632RIBEIROH,2025-01-13,118317,1,5,0,332.0
10109632RIBEIROH_2025-01-13_G13,10109632RIBEIROH,2025-01-13,108794,1,4,0,172.0
10109632RIBEIROH_2025-01-13_G14,10109632RIBEIROH,2025-01-13,111433,1,6,0,112.0
10109632RIBEIROH_2025-01-13_G15,10109632RIBEIROH,2025-01-13,116527,1,3,0,244.0
10109632RIBEIROH_2025-01-13_G16,10109632RIBEIROH,2025-01-13,110515,1,2,0,96.0
10109632RIBEIROH_2025-01-13_G17,10109632RIBEIROH,2025-01-13,111433,1,6,0,84.0
10109632RIBEIROH_2025-01-13_G18,10109632RIBEIROH,2025-01-13,117808,1,12,0,247.0
10109632RIBEIROH_2025-01-13_G19,10109632RIBEIROH,2025-01-13,117808,1,66,0,297.0
10109632RIBEIROH_2025-01-13_G21,10109632RIBEIROH,2025-01-13,110339,1,2,0,120.0
10109632RIBEIROH_2025-01-13_G22,10109632RIBEIROH,2025-01-13,111467,1,4,0,303.0
10109632RIBEIROH_2025-01-13_G23,10109632RIBEIROH,2025-01-13,118094,1,4,0,56.0
10109632RIBEIROH_2025-01-13_G24,10109632RIBEIROH,2025-01-13,108772,1,2,0,84.0
10109632RIBEIROH_2025-01-13_G25,10109632RIBEIROH,2025-01-13,108794,1,4,0,140.0
10109632RIBEIROH_2025-01-13_G26,10109632RIBEIROH,2025-01-13,118140,1,2,0,63.0
10109632RIBEIROH_2025-01-13_G27,10109632RIBEIROH,2025-01-13,111468,1,2,0,374.0
10109632RIBEIROH_2025-01-13_G28,10109632RIBEIROH,2025-01-13,117831,1,2,0,88.0
10109632RIBEIROH_2025-01-13_G29,10109632RIBEIROH,2025-01-13,111462,1,2,0,69.0
10109632RIBEIROH_2025-01-13_G30,10109632RIBEIROH,2025-01-13,110743,1,2,0,177.0
10109632RIBEIROH_2025-01-13_G31,10109632RIBEIROH,2025-01-13,117820,1,4,0,318.0
10109632RIBEIROH_2025-01-13_G32,10109632RIBEIROH,2025-01-13,110375,1,2,0,136.0
10109632RIBEIROH_2025-01-13_G33,10109632RIBEIROH,2025-01-13,117830,1,4,0,55.0
10109632RIBEIROH_2025-01-13_G34,10109632RIBEIROH,2025-01-13,108794,1,12,0,210.0
10109632RIBEIROH_2025-01-13_G35,10109632RIBEIROH,2025-01-13,110129,1,4,0,45.0
10109632RIBEIROH_2025-01-13_G36,10109632RIBEIROH,2025-01-13,117821,1,16,0,330.0
10109632RIBEIROH_2025-01-13_G37,10109632RIBEIROH,2025-01-13,118140,1,6,0,65.0
10109632RIBEIROH_2025-01-13_G38,10109632RIBEIROH,2025-01-13,109641,1,4,0,125.0
10109632RIBEIROH_2025-01-13_G39,10109632RIBEIROH,2025-01-13,110787,1,8,0,421.0
10109632RIBEIROH_2025-01-13_G40,10109632RIBEIROH,2025-01-13,117831,1,17,0,130.0
10109632RIBEIROH_2025-01-13_G41,10109632RIBEIROH,2025-01-13,111418,1,16,0,111.0
10109632RIBEIROH_2025-01-13_G42,10109632RIBEIROH,2025-01-13,110751,1,4,0,283.0
10109632RIBEIROH_2025-01-13_G43,10109632RIBEIROH,2025-01-13,108798,1,8,0,90.0
10109632RIBEIROH_2025-01-13_G44,10109632RIBEIROH,2025-01-13,117833,1,8,0,94.0
10109632RIBEIROH_2025-01-13_G45,10109632RIBEIROH,2025-01-13,117842,1,4,0,82.0
10109632RIBEIROH_2025-01-13_G46,10109632RIBEIROH,2025-01-13,117787,1,4,0,92.0
10109632RIBEIROH_2025-01-13_G47,10109632RIBEIROH,2025-01-13,105705,1,4,0,207.0
10109632RIBEIROH_2025-01-13_G48,10109632RIBEIROH,2025-01-13,108711,1,12,0,698.0
10109632RIBEIROH_2025-01-13_G49,10109632RIBEIROH,2025-01-13,108736,1,4,0,107.0
10109632RIBEIROH_2025-01-13_G50,10109632RIBEIROH,2025-01-13,109645,1,4,0,120.0
10109632RIBEIROH_2025-01-13_G51,10109632RIBEIROH,2025-01-13,111462,1,4,0,236.0
10109632RIBEIROH_2025-01-13_G52,10109632RIBEIROH,2025-01-13,117838,1,8,0,150.0
10109632RIBEIROH_2025-01-13_G53,10109632RIBEIROH,2025-01-13,110743,1,4,0,90.0
10109632RIBEIROH_2025-01-13_G54,10109632RIBEIROH,2025-01-13,111468,1,4,0,107.0
10109632RIBEIROH_2025-01-13_G55,10109632RIBEIROH,2025-01-13,"117785, 110332",2,20,13,1693.0
10109632RIBEIROH_2025-01-13_G56,10109632RIBEIROH,2025-01-13,117820,1,26,0,326.0
10109632RIBEIROH_2025-01-13_G57,10109632RIBEIROH,2025-01-13,109747,1,16,0,530.0
10109632RIBEIROH_2025-01-13_G58,10109632RIBEIROH,2025-01-13,117809,1,24,0,148.0
10109632RIBEIROH_2025-01-13_G59,10109632RIBEIROH,2025-01-13,117832,1,11,0,219.0
10109632RIBEIROH_2025-01-13_G61,10109632RIBEIROH,2025-01-13,108759,2,6,16,107.0
10109632RIBEIROH_2025-01-13_G62,10109632RIBEIROH,2025-01-13,110755,1,8,0,393.0
10109632RIBEIROH_2025-01-13_G63,10109632RIBEIROH,2025-01-13,118306,1,10,0,253.0
10109632RIBEIROH_2025-01-13_G64,10109632RIBEIROH,2025-01-13,118290,1,1,0,103.0
10109632RIBEIROH_2025-01-13_G65,10109632RIBEIROH,2025-01-13,111438,1,8,0,163.0
10109632RIBEIROH_2025-01-13_G66,10109632RIBEIROH,2025-01-13,111430,1,16,0,574.0
10109632RIBEIROH_2025-01-13_G67,10109632RIBEIROH,2025-01-13,141047,1,3,0,251.0
10109632RIBEIROH_2025-01-13_G68,10109632RIBEIROH,2025-01-13,108711,1,40,0,795.0
10109632RIBEIROH_2025-01-14_G02,10109632RIBEIROH,2025-01-14,111530,1,30,0,747.0
10109632RIBEIROH_2025-01-14_G03,10109632RIBEIROH,2025-01-14,107236,1,2,0,79.0
10109632RIBEIROH_2025-01-14_G04,10109632RIBEIROH,2025-01-14,107236,1,8,0,80.0
10109632RIBEIROH_2025-01-14_G05,10109632RIBEIROH,2025-01-14,110751,1,20,0,76.0
10109632RIBEIROH_2025-01-14_G06,10109632RIBEIROH,2025-01-14,110748,1,4,0,142.0
10109632RIBEIROH_2025-01-14_G07,10109632RIBEIROH,2025-01-14,117838,1,3,0,324.0
10109632RIBEIROH_2025-01-14_G08,10109632RIBEIROH,2025-01-14,117821,1,20,0,315.0
10109632RIBEIROH_2025-01-14_G09,10109632RIBEIROH,2025-01-14,111743,1,10,0,81.0
10109632RIBEIROH_2025-01-14_G10,10109632RIBEIROH,2025-01-14,111463,1,30,0,258.0
10109632RIBEIROH_2025-01-14_G11,10109632RIBEIROH,2025-01-14,111442,1,10,0,116.0
10109632RIBEIROH_2025-01-14_G12,10109632RIBEIROH,2025-01-14,117830,1,20,0,175.0
10109632RIBEIROH_2025-01-14_G13,10109632RIBEIROH,2025-01-14,111418,1,80,0,203.0
10109632RIBEIROH_2025-01-14_G14,10109632RIBEIROH,2025-01-14,111462,1,60,0,635.0
10109632RIBEIROH_2025-01-14_G15,10109632RIBEIROH,2025-01-14,110374,1,30,0,138.0
10109632RIBEIROH_2025-01-14_G16,10109632RIBEIROH,2025-01-14,117820,1,100,0,465.0
10109632RIBEIROH_2025-01-14_G17,10109632RIBEIROH,2025-01-14,117808,1,300,0,592.0
10109632RIBEIROH_2025-01-14_G18,10109632RIBEIROH,2025-01-14,117808,1,300,0,1533.0
10109632RIBEIROH_2025-01-14_G20,10109632RIBEIROH,2025-01-14,116241,1,12,0,527.0
10109632RIBEIROH_2025-01-14_G21,10109632RIBEIROH,2025-01-14,110373,3,300,22,724.0
10109632RIBEIROH_2025-01-14_G23,10109632RIBEIROH,2025-01-14,110787,1,20,0,1914.0
10109632RIBEIROH_2025-01-14_G25,10109632RIBEIROH,2025-01-14,111850,1,2,0,41.0
10109632RIBEIROH_2025-01-14_G26,10109632RIBEIROH,2025-01-14,110339,1,1,0,113.0
10109632RIBEIROH_2025-01-14_G27,10109632RIBEIROH,2025-01-14,111530,1,3,0,66.0
10109632RIBEIROH_2025-01-14_G28,10109632RIBEIROH,2025-01-14,117856,1,2,0,76.0
10109632RIBEIROH_2025-01-14_G29,10109632RIBEIROH,2025-01-14,111602,1,12,0,103.0
10109632RIBEIROH_2025-01-14_G30,10109632RIBEIROH,2025-01-14,117855,1,3,0,82.0
10109632RIBEIROH_2025-01-14_G31,10109632RIBEIROH,2025-01-14,109647,1,2,0,105.0
10109632RIBEIROH_2025-01-14_G32,10109632RIBEIROH,2025-01-14,110515,1,2,0,80.0
10109632RIBEIROH_2025-01-14_G33,10109632RIBEIROH,2025-01-14,117862,1,4,0,83.0
10109632RIBEIROH_2025-01-14_G34,10109632RIBEIROH,2025-01-14,117862,1,2,0,36.0
10109632RIBEIROH_2025-01-14_G35,10109632RIBEIROH,2025-01-14,110733,1,1,0,90.0
10109632RIBEIROH_2025-01-14_G36,10109632RIBEIROH,2025-01-14,110129,1,2,0,108.0
10109632RIBEIROH_2025-01-14_G37,10109632RIBEIROH,2025-01-14,117821,1,4,0,52.0
10109632RIBEIROH_2025-01-14_G38,10109632RIBEIROH,2025-01-14,111442,1,2,0,339.0
10109632RIBEIROH_2025-01-14_G39,10109632RIBEIROH,2025-01-14,110740,1,2,0,63.0
10109632RIBEIROH_2025-01-14_G40,10109632RIBEIROH,2025-01-14,111431,1,2,0,44.0
10109632RIBEIROH_2025-01-14_G41,10109632RIBEIROH,2025-01-14,108711,1,6,0,90.0
10109632RIBEIROH_2025-01-14_G42,10109632RIBEIROH,2025-01-14,108711,1,2,0,35.0
10109632RIBEIROH_2025-01-14_G43,10109632RIBEIROH,2025-01-14,140922,1,2,0,175.0
10109632RIBEIROH_2025-01-14_G44,10109632RIBEIROH,2025-01-14,117785,1,4,0,234.0
10109632RIBEIROH_2025-01-14_G45,10109632RIBEIROH,2025-01-14,111465,1,1,0,33.0
10109632RIBEIROH_2025-01-14_G46,10109632RIBEIROH,2025-01-14,111463,1,4,0,81.0
10109632RIBEIROH_2025-01-14_G47,10109632RIBEIROH,2025-01-14,111466,1,3,0,45.0
10109632RIBEIROH_2025-01-14_G48,10109632RIBEIROH,2025-01-14,111468,1,2,0,46.0
10109632RIBEIROH_2025-01-14_G49,10109632RIBEIROH,2025-01-14,111462,1,5,0,58.0
10109632RIBEIROH_2025-01-14_G50,10109632RIBEIROH,2025-01-14,117830,3,12,12,163.0
10109632RIBEIROH_2025-01-14_G51,10109632RIBEIROH,2025-01-14,117808,1,40,0,95.0
10109632RIBEIROH_2025-01-14_G52,10109632RIBEIROH,2025-01-14,117809,1,4,0,147.0
10109632RIBEIROH_2025-01-14_G53,10109632RIBEIROH,2025-01-14,107830,1,2,0,59.0
10109632RIBEIROH_2025-01-14_G54,10109632RIBEIROH,2025-01-14,110372,1,4,0,47.0
10109632RIBEIROH_2025-01-14_G55,10109632RIBEIROH,2025-01-14,118299,2,20,6,92.0
10109632RIBEIROH_2025-01-14_G56,10109632RIBEIROH,2025-01-14,"110373, 117808",5,139,44,208.0
10109632RIBEIROH_2025-01-15_G02,10109632RIBEIROH,2025-01-15,109643,1,2,0,87.0
10109632RIBEIROH_2025-01-15_G03,10109632RIBEIROH,2025-01-15,117856,1,22,0,2105.0
10109632RIBEIROH_2025-01-15_G04,10109632RIBEIROH,2025-01-15,118299,1,18,0,147.0
10109632RIBEIROH_2025-01-15_G05,10109632RIBEIROH,2025-01-15,109647,1,3,0,717.0
10109632RIBEIROH_2025-01-15_G06,10109632RIBEIROH,2025-01-15,111443,1,20,0,360.0
10109632RIBEIROH_2025-01-15_G07,10109632RIBEIROH,2025-01-15,117838,1,30,0,374.0
10109632RIBEIROH_2025-01-15_G08,10109632RIBEIROH,2025-01-15,110751,1,25,0,900.0
10109632RIBEIROH_2025-01-15_G09,10109632RIBEIROH,2025-01-15,117840,1,26,0,279.0
10109632RIBEIROH_2025-01-15_G10,10109632RIBEIROH,2025-01-15,117832,1,1,0,57.0
10109632RIBEIROH_2025-01-15_G12,10109632RIBEIROH,2025-01-15,117833,1,4,0,132.0
10109632RIBEIROH_2025-01-15_G13,10109632RIBEIROH,2025-01-15,140922,1,6,0,115.0
10109632RIBEIROH_2025-01-15_G14,10109632RIBEIROH,2025-01-15,111418,1,20,0,413.0
10109632RIBEIROH_2025-01-15_G15,10109632RIBEIROH,2025-01-15,117831,1,20,0,303.0
10109632RIBEIROH_2025-01-15_G16,10109632RIBEIROH,2025-01-15,117830,1,4,0,154.0
10109632RIBEIROH_2025-01-15_G17,10109632RIBEIROH,2025-01-15,118229,1,18,0,643.0
10109632RIBEIROH_2025-01-15_G18,10109632RIBEIROH,2025-01-15,118250,1,10,0,624.0
10109632RIBEIROH_2025-01-15_G19,10109632RIBEIROH,2025-01-15,111444,1,12,0,1284.0
10109632RIBEIROH_2025-01-15_G20,10109632RIBEIROH,2025-01-15,111330,1,4,0,82.0
10109632RIBEIROH_2025-01-15_G21,10109632RIBEIROH,2025-01-15,111446,1,8,0,155.0
10109632RIBEIROH_2025-01-15_G22,10109632RIBEIROH,2025-01-15,110740,1,4,0,111.0
10109632RIBEIROH_2025-01-15_G23,10109632RIBEIROH,2025-01-15,117831,1,25,0,282.0
10109632RIBEIROH_2025-01-15_G24,10109632RIBEIROH,2025-01-15,111435,1,3,0,999.0
10109632RIBEIROH_2025-01-15_G25,10109632RIBEIROH,2025-01-15,111446,1,2,0,96.0
10109632RIBEIROH_2025-01-15_G26,10109632RIBEIROH,2025-01-15,111433,1,16,0,224.0
10109632RIBEIROH_2025-01-15_G27,10109632RIBEIROH,2025-01-15,118326,1,12,0,184.0
10109632RIBEIROH_2025-01-15_G28,10109632RIBEIROH,2025-01-15,108798,1,7,0,93.0
10109632RIBEIROH_2025-01-15_G29,10109632RIBEIROH,2025-01-15,118285,1,4,0,72.0
10109632RIBEIROH_2025-01-15_G30,10109632RIBEIROH,2025-01-15,116241,1,22,0,334.0
10109632RIBEIROH_2025-01-15_G31,10109632RIBEIROH,2025-01-15,118223,1,8,0,227.0
10109632RIBEIROH_2025-01-15_G32,10109632RIBEIROH,2025-01-15,114100,1,2,0,227.0
10109632RIBEIROH_2025-01-15_G33,10109632RIBEIROH,2025-01-15,118306,1,20,0,426.0
10109632RIBEIROH_2025-01-15_G34,10109632RIBEIROH,2025-01-15,110747,1,25,0,301.0
10109632RIBEIROH_2025-01-15_G35,10109632RIBEIROH,2025-01-15,118311,1,4,0,270.0
10109632RIBEIROH_2025-01-15_G36,10109632RIBEIROH,2025-01-15,"109974, 100334",2,26,8,120.0
10109632RIBEIROH_2025-01-15_G37,10109632RIBEIROH,2025-01-15,110500,1,8,0,293.0
10109632RIBEIROH_2025-01-15_G38,10109632RIBEIROH,2025-01-15,118418,1,6,0,96.0
10109632RIBEIROH_2025-01-15_G39,10109632RIBEIROH,2025-01-15,114097,1,4,0,197.0
10109632RIBEIROH_2025-01-15_G40,10109632RIBEIROH,2025-01-15,117836,1,12,0,425.0
10109632RIBEIROH_2025-01-15_G41,10109632RIBEIROH,2025-01-15,118290,1,13,0,704.0
10109632RIBEIROH_2025-01-15_G43,10109632RIBEIROH,2025-01-15,110742,1,2,0,90.0
10109632RIBEIROH_2025-01-15_G44,10109632RIBEIROH,2025-01-15,109937,1,4,0,94.0
10109632RIBEIROH_2025-01-15_G45,10109632RIBEIROH,2025-01-15,110339,1,19,0,215.0
10109632RIBEIROH_2025-01-15_G46,10109632RIBEIROH,2025-01-15,110313,1,12,0,150.0
10109632RIBEIROH_2025-01-15_G47,10109632RIBEIROH,2025-01-15,111876,1,5,0,93.0
10109632RIBEIROH_2025-01-15_G48,10109632RIBEIROH,2025-01-15,108794,1,5,0,105.0
10109632RIBEIROH_2025-01-15_G49,10109632RIBEIROH,2025-01-15,111442,1,3,0,87.0
10109632RIBEIROH_2025-01-15_G50,10109632RIBEIROH,2025-01-15,111446,1,20,0,438.0
10109632RIBEIROH_2025-01-15_G51,10109632RIBEIROH,2025-01-15,111446,1,29,0,60.0
10109632RIBEIROH_2025-01-15_G52,10109632RIBEIROH,2025-01-15,110787,1,10,0,366.0
10109632RIBEIROH_2025-01-15_G53,10109632RIBEIROH,2025-01-15,109645,1,3,0,77.0
10109632RIBEIROH_2025-01-15_G54,10109632RIBEIROH,2025-01-15,111418,1,39,0,449.0
10109632RIBEIROH_2025-01-15_G55,10109632RIBEIROH,2025-01-15,110743,1,5,0,64.0
10109632RIBEIROH_2025-01-15_G56,10109632RIBEIROH,2025-01-15,111468,1,7,0,84.0
10109632RIBEIROH_2025-01-15_G57,10109632RIBEIROH,2025-01-15,111462,1,6,0,61.0
10109632RIBEIROH_2025-01-15_G58,10109632RIBEIROH,2025-01-15,117831,1,15,0,153.0
10109632RIBEIROH_2025-01-15_G59,10109632RIBEIROH,2025-01-15,107830,1,4,0,552.0
10109632RIBEIROH_2025-01-15_G60,10109632RIBEIROH,2025-01-15,109643,1,4,0,100.0
10109632RIBEIROH_2025-01-16_G02,10109632RIBEIROH,2025-01-16,118140,1,60,0,297.0
10109632RIBEIROH_2025-01-16_G03,10109632RIBEIROH,2025-01-16,118299,1,16,0,452.0
10109632RIBEIROH_2025-01-16_G04,10109632RIBEIROH,2025-01-16,111438,1,4,0,807.0
10109632RIBEIROH_2025-01-16_G05,10109632RIBEIROH,2025-01-16,110755,1,70,0,989.0
10109632RIBEIROH_2025-01-16_G06,10109632RIBEIROH,2025-01-16,116527,1,4,0,280.0
10109632RIBEIROH_2025-01-16_G07,10109632RIBEIROH,2025-01-16,110339,1,23,0,366.0
10109632RIBEIROH_2025-01-16_G08,10109632RIBEIROH,2025-01-16,111467,1,2,0,171.0
10109632RIBEIROH_2025-01-16_G09,10109632RIBEIROH,2025-01-16,109640,1,13,0,173.0
10109632RIBEIROH_2025-01-16_G10,10109632RIBEIROH,2025-01-16,118094,1,6,0,93.0
10109632RIBEIROH_2025-01-16_G11,10109632RIBEIROH,2025-01-16,118298,1,6,0,118.0
10109632RIBEIROH_2025-01-16_G12,10109632RIBEIROH,2025-01-16,141047,1,6,0,695.0
10109632RIBEIROH_2025-01-16_G13,10109632RIBEIROH,2025-01-16,140922,1,10,0,241.0
10109632RIBEIROH_2025-01-16_G14,10109632RIBEIROH,2025-01-16,110787,1,16,0,155.0
10109632RIBEIROH_2025-01-16_G15,10109632RIBEIROH,2025-01-16,109645,1,4,0,150.0
10109632RIBEIROH_2025-01-16_G16,10109632RIBEIROH,2025-01-16,111418,1,26,0,451.0
10109632RIBEIROH_2025-01-16_G17,10109632RIBEIROH,2025-01-16,117820,1,4,0,97.0
10109632RIBEIROH_2025-01-16_G18,10109632RIBEIROH,2025-01-16,117832,1,8,0,149.0
10109632RIBEIROH_2025-01-16_G20,10109632RIBEIROH,2025-01-16,110372,1,8,0,135.0
10109632RIBEIROH_2025-01-16_G21,10109632RIBEIROH,2025-01-16,110755,1,5,0,150.0
10109632RIBEIROH_2025-01-16_G22,10109632RIBEIROH,2025-01-16,111430,1,6,0,79.0
10109632RIBEIROH_2025-01-16_G23,10109632RIBEIROH,2025-01-16,109937,1,4,0,110.0
10109632RIBEIROH_2025-01-16_G24,10109632RIBEIROH,2025-01-16,110339,1,12,0,321.0
10109632RIBEIROH_2025-01-16_G25,10109632RIBEIROH,2025-01-16,117853,1,4,0,214.0
10109632RIBEIROH_2025-01-16_G26,10109632RIBEIROH,2025-01-16,111467,1,11,0,165.0
10109632RIBEIROH_2025-01-16_G27,10109632RIBEIROH,2025-01-16,117821,1,4,0,85.0
10109632RIBEIROH_2025-01-16_G28,10109632RIBEIROH,2025-01-16,118140,1,6,0,60.0
10109632RIBEIROH_2025-01-16_G29,10109632RIBEIROH,2025-01-16,140922,1,5,0,98.0
10109632RIBEIROH_2025-01-16_G30,10109632RIBEIROH,2025-01-16,111463,1,42,0,634.0
10109632RIBEIROH_2025-01-16_G31,10109632RIBEIROH,2025-01-16,111418,1,35,0,155.0
10109632RIBEIROH_2025-01-16_G32,10109632RIBEIROH,2025-01-16,109643,1,2,0,79.0
10109632RIBEIROH_2025-01-16_G33,10109632RIBEIROH,2025-01-16,110371,1,2,0,38.0
10109632RIBEIROH_2025-01-16_G34,10109632RIBEIROH,2025-01-16,117853,1,3,0,771.0
10109632RIBEIROH_2025-01-16_G35,10109632RIBEIROH,2025-01-16,110752,1,6,0,319.0
10109632RIBEIROH_2025-01-16_G36,10109632RIBEIROH,2025-01-16,111530,1,20,0,168.0
10109632RIBEIROH_2025-01-16_G37,10109632RIBEIROH,2025-01-16,117786,1,20,0,173.0
10109632RIBEIROH_2025-01-16_G38,10109632RIBEIROH,2025-01-16,118298,1,11,0,142.0
10109632RIBEIROH_2025-01-16_G39,10109632RIBEIROH,2025-01-16,117965,1,3,0,304.0
10109632RIBEIROH_2025-01-16_G40,10109632RIBEIROH,2025-01-16,141047,2,16,12,279.0
10109632RIBEIROH_2025-01-16_G41,10109632RIBEIROH,2025-01-16,108772,1,8,0,297.0
10109632RIBEIROH_2025-01-16_G42,10109632RIBEIROH,2025-01-16,116241,1,6,0,204.0
10109632RIBEIROH_2025-01-16_G43,10109632RIBEIROH,2025-01-16,108736,1,3,0,101.0
10109632RIBEIROH_2025-01-16_G44,10109632RIBEIROH,2025-01-16,110743,1,5,0,117.0
10109632RIBEIROH_2025-01-16_G45,10109632RIBEIROH,2025-01-16,118299,1,208,0,529.0
10109632RIBEIROH_2025-01-16_G46,10109632RIBEIROH,2025-01-16,117820,1,80,0,1483.0
10109632RIBEIROH_2025-01-16_G47,10109632RIBEIROH,2025-01-16,117809,1,80,0,1367.0
10109632RIBEIROH_2025-01-16_G49,10109632RIBEIROH,2025-01-16,111851,1,3,0,79.0
10109632RIBEIROH_2025-01-16_G50,10109632RIBEIROH,2025-01-16,110833,1,2,0,193.0
10109632RIBEIROH_2025-01-16_G51,10109632RIBEIROH,2025-01-16,110500,1,4,0,148.0
10109632RIBEIROH_2025-01-16_G52,10109632RIBEIROH,2025-01-16,115775,1,2,0,58.0
10109632RIBEIROH_2025-01-16_G53,10109632RIBEIROH,2025-01-16,110311,1,2,0,110.0
10109632RIBEIROH_2025-01-16_G54,10109632RIBEIROH,2025-01-16,111861,1,4,0,95.0
10109632RIBEIROH_2025-01-16_G55,10109632RIBEIROH,2025-01-16,110310,1,2,0,92.0
10109632RIBEIROH_2025-01-16_G56,10109632RIBEIROH,2025-01-16,111775,1,2,0,190.0
10109632RIBEIROH_2025-01-16_G57,10109632RIBEIROH,2025-01-16,110834,1,2,0,76.0
10109632RIBEIROH_2025-01-16_G58,10109632RIBEIROH,2025-01-16,118110,1,2,0,42.0
10109632RIBEIROH_2025-01-17_G02,10109632RIBEIROH,2025-01-17,117786,1,150,0,150.0
10109632RIBEIROH_2025-01-17_G03,10109632RIBEIROH,2025-01-17,111469,1,73,0,396.0
10109632RIBEIROH_2025-01-17_G04,10109632RIBEIROH,2025-01-17,118317,1,16,0,550.0
10109632RIBEIROH_2025-01-17_G05,10109632RIBEIROH,2025-01-17,110745,1,113,0,289.0
10109632RIBEIROH_2025-01-17_G06,10109632RIBEIROH,2025-01-17,111463,1,450,0,1183.0
10109632RIBEIROH_2025-01-17_G07,10109632RIBEIROH,2025-01-17,110743,1,30,0,997.0
10109632RIBEIROH_2025-01-17_G09,10109632RIBEIROH,2025-01-17,110371,1,12,0,228.0
10109632RIBEIROH_2025-01-17_G10,10109632RIBEIROH,2025-01-17,111466,1,10,0,348.0
10109632RIBEIROH_2025-01-17_G11,10109632RIBEIROH,2025-01-17,110745,1,4,0,149.0
10109632RIBEIROH_2025-01-17_G12,10109632RIBEIROH,2025-01-17,111469,1,4,0,520.0
10109632RIBEIROH_2025-01-17_G13,10109632RIBEIROH,2025-01-17,100334,1,13,0,873.0
10109632RIBEIROH_2025-01-17_G14,10109632RIBEIROH,2025-01-17,117836,1,2,0,278.0
10109632RIBEIROH_2025-01-17_G15,10109632RIBEIROH,2025-01-17,110742,1,2,0,90.0
10109632RIBEIROH_2025-01-17_G16,10109632RIBEIROH,2025-01-17,109640,2,8,8,267.0
10109632RIBEIROH_2025-01-17_G17,10109632RIBEIROH,2025-01-17,118140,2,9,6,1201.0
10109632RIBEIROH_2025-01-17_G18,10109632RIBEIROH,2025-01-17,110787,1,16,0,98.0
10109632RIBEIROH_2025-01-17_G19,10109632RIBEIROH,2025-01-17,117831,1,9,0,174.0
10109632RIBEIROH_2025-01-17_G20,10109632RIBEIROH,2025-01-17,109645,2,6,7,59.0
10109632RIBEIROH_2025-01-17_G21,10109632RIBEIROH,2025-01-17,110745,2,4,7,102.0
10109632RIBEIROH_2025-01-17_G22,10109632RIBEIROH,2025-01-17,105705,1,10,0,919.0
10109632RIBEIROH_2025-01-17_G23,10109632RIBEIROH,2025-01-17,111465,1,10,0,393.0
10109632RIBEIROH_2025-01-17_G24,10109632RIBEIROH,2025-01-17,117838,1,2,0,73.0
10109632RIBEIROH_2025-01-17_G25,10109632RIBEIROH,2025-01-17,109747,1,30,0,915.0
10109632RIBEIROH_2025-01-17_G26,10109632RIBEIROH,2025-01-17,160054,1,8,0,214.0
10109632RIBEIROH_2025-01-17_G27,10109632RIBEIROH,2025-01-17,109643,1,20,0,191.0
10109632RIBEIROH_2025-01-17_G28,10109632RIBEIROH,2025-01-17,117808,1,128,0,953.0
10109632RIBEIROH_2025-01-17_G29,10109632RIBEIROH,2025-01-17,117820,1,101,0,77.0
10109632RIBEIROH_2025-01-17_G30,10109632RIBEIROH,2025-01-17,110371,1,76,0,456.0
10109632RIBEIROH_2025-01-19_G02,10109632RIBEIROH,2025-01-19,111441,1,16,0,295.0
10109632RIBEIROH_2025-01-19_G03,10109632RIBEIROH,2025-01-19,118222,1,52,0,846.0
10109632RIBEIROH_2025-01-20_G02,10109632RIBEIROH,2025-01-20,114097,1,10,0,864.0
10109632RIBEIROH_2025-01-20_G03,10109632RIBEIROH,2025-01-20,110747,1,12,0,152.0
10109632RIBEIROH_2025-01-20_G04,10109632RIBEIROH,2025-01-20,114093,1,2,0,742.0
10109632RIBEIROH_2025-01-20_G05,10109632RIBEIROH,2025-01-20,110741,1,2,0,396.0
10109632RIBEIROH_2025-01-20_G06,10109632RIBEIROH,2025-01-20,118403,1,10,0,212.0
10109632RIBEIROH_2025-01-20_G07,10109632RIBEIROH,2025-01-20,111467,1,40,0,956.0
10109632RIBEIROH_2025-01-20_G09,10109632RIBEIROH,2025-01-20,108361,1,2,0,158.0
10109632RIBEIROH_2025-01-20_G10,10109632RIBEIROH,2025-01-20,110313,1,4,0,62.0
10109632RIBEIROH_2025-01-20_G11,10109632RIBEIROH,2025-01-20,109747,1,3,0,92.0
10109632RIBEIROH_2025-01-20_G12,10109632RIBEIROH,2025-01-20,117820,1,8,0,427.0
10109632RIBEIROH_2025-01-20_G13,10109632RIBEIROH,2025-01-20,107830,1,4,0,61.0
10109632RIBEIROH_2025-01-20_G14,10109632RIBEIROH,2025-01-20,117808,1,12,0,142.0
10109632RIBEIROH_2025-01-20_G15,10109632RIBEIROH,2025-01-20,117809,1,8,0,803.0
10109632RIBEIROH_2025-01-20_G16,10109632RIBEIROH,2025-01-20,110375,1,4,0,103.0
10109632RIBEIROH_2025-01-20_G17,10109632RIBEIROH,2025-01-20,117830,1,10,0,554.0
10109632RIBEIROH_2025-01-20_G19,10109632RIBEIROH,2025-01-20,118306,1,6,0,148.0
10109632RIBEIROH_2025-01-20_G20,10109632RIBEIROH,2025-01-20,111466,1,20,0,524.0
10109632RIBEIROH_2025-01-20_G21,10109632RIBEIROH,2025-01-20,110372,1,54,0,1163.0
10109632RIBEIROH_2025-01-20_G22,10109632RIBEIROH,2025-01-20,110373,1,30,0,210.0
10109632RIBEIROH_2025-01-20_G23,10109632RIBEIROH,2025-01-20,118004,1,4,0,447.0
10109632RIBEIROH_2025-01-20_G24,10109632RIBEIROH,2025-01-20,110373,1,10,0,88.0
10109632RIBEIROH_2025-01-20_G25,10109632RIBEIROH,2025-01-20,111466,1,4,0,195.0
10109632RIBEIROH_2025-01-21_G02,10109632RIBEIROH,2025-01-21,117855,1,4,0,192.0
10109632RIBEIROH_2025-01-21_G03,10109632RIBEIROH,2025-01-21,111602,1,4,0,52.0
10109632RIBEIROH_2025-01-21_G04,10109632RIBEIROH,2025-01-21,111444,1,2,0,214.0
10109632RIBEIROH_2025-01-21_G05,10109632RIBEIROH,2025-01-21,111442,1,2,0,144.0
10109632RIBEIROH_2025-01-21_G06,10109632RIBEIROH,2025-01-21,111348,1,4,0,78.0
10109632RIBEIROH_2025-01-21_G07,10109632RIBEIROH,2025-01-21,111465,1,4,0,470.0
10109632RIBEIROH_2025-01-21_G09,10109632RIBEIROH,2025-01-21,111462,1,4,0,89.0
10109632RIBEIROH_2025-01-21_G10,10109632RIBEIROH,2025-01-21,111172,1,2,0,106.0
10109632RIBEIROH_2025-01-21_G11,10109632RIBEIROH,2025-01-21,110372,1,16,0,149.0
10109632RIBEIROH_2025-01-21_G12,10109632RIBEIROH,2025-01-21,110373,1,15,0,350.0
10109632RIBEIROH_2025-01-21_G13,10109632RIBEIROH,2025-01-21,117832,1,10,0,98.0
10109632RIBEIROH_2025-01-21_G14,10109632RIBEIROH,2025-01-21,111569,1,4,0,298.0
10109632RIBEIROH_2025-01-21_G15,10109632RIBEIROH,2025-01-21,117855,1,6,0,114.0
10109632RIBEIROH_2025-01-21_G16,10109632RIBEIROH,2025-01-21,111602,1,5,0,92.0
10109632RIBEIROH_2025-01-21_G17,10109632RIBEIROH,2025-01-21,111348,1,4,0,97.0
10109632RIBEIROH_2025-01-21_G18,10109632RIBEIROH,2025-01-21,118004,1,4,0,317.0
10109632RIBEIROH_2025-01-21_G19,10109632RIBEIROH,2025-01-21,110373,1,8,0,259.0
10109632RIBEIROH_2025-01-21_G20,10109632RIBEIROH,2025-01-21,111466,1,14,0,221.0
10109632RIBEIROH_2025-01-21_G21,10109632RIBEIROH,2025-01-21,118004,1,8,0,596.0
10109632RIBEIROH_2025-01-21_G22,10109632RIBEIROH,2025-01-21,111466,1,4,0,91.0
10109632RIBEIROH_2025-01-21_G23,10109632RIBEIROH,2025-01-21,140922,1,6,0,188.0
10109632RIBEIROH_2025-01-21_G24,10109632RIBEIROH,2025-01-21,110745,1,3,0,1146.0
10109632RIBEIROH_2025-01-21_G25,10109632RIBEIROH,2025-01-21,110515,1,8,0,120.0
10109632RIBEIROH_2025-01-21_G26,10109632RIBEIROH,2025-01-21,111444,1,4,0,135.0
10109632RIBEIROH_2025-01-21_G27,10109632RIBEIROH,2025-01-21,107236,1,8,0,136.0
10109632RIBEIROH_2025-01-21_G28,10109632RIBEIROH,2025-01-21,110371,1,88,0,825.0
10109632RIBEIROH_2025-01-21_G29,10109632RIBEIROH,2025-01-21,117808,1,647,0,873.0
10109632RIBEIROH_2025-01-21_G30,10109632RIBEIROH,2025-01-21,111469,1,4,0,540.0
10109632RIBEIROH_2025-01-21_G31,10109632RIBEIROH,2025-01-21,111792,1,1,0,209.0
10109632RIBEIROH_2025-01-21_G32,10109632RIBEIROH,2025-01-21,111356,1,1,0,512.0
10109632RIBEIROH_2025-01-21_G33,10109632RIBEIROH,2025-01-21,111655,1,50,0,984.0
10109632RIBEIROH_2025-01-21_G34,10109632RIBEIROH,2025-01-21,111569,1,45,0,308.0
10109632RIBEIROH_2025-01-21_G35,10109632RIBEIROH,2025-01-21,111469,1,70,0,160.0
10109632RIBEIROH_2025-01-21_G36,10109632RIBEIROH,2025-01-21,107236,1,60,0,306.0
10109632RIBEIROH_2025-01-21_G37,10109632RIBEIROH,2025-01-21,110515,1,1,0,454.0
10109632RIBEIROH_2025-01-21_G39,10109632RIBEIROH,2025-01-21,109645,1,140,0,3100.0
10109632RIBEIROH_2025-01-21_G40,10109632RIBEIROH,2025-01-21,110752,1,40,0,567.0
10109632RIBEIROH_2025-01-22_G02,10109632RIBEIROH,2025-01-22,117808,1,992,0,1653.0
10109632RIBEIROH_2025-01-22_G04,10109632RIBEIROH,2025-01-22,114091,1,30,0,1144.0
10109632RIBEIROH_2025-01-22_G05,10109632RIBEIROH,2025-01-22,111446,1,12,0,292.0
10109632RIBEIROH_2025-01-22_G06,10109632RIBEIROH,2025-01-22,110129,1,9,0,1040.0
10109632RIBEIROH_2025-01-22_G07,10109632RIBEIROH,2025-01-22,114100,1,8,0,170.0
10109632RIBEIROH_2025-01-22_G08,10109632RIBEIROH,2025-01-22,118317,1,100,0,485.0
10109632RIBEIROH_2025-01-22_G09,10109632RIBEIROH,2025-01-22,109645,1,34,0,381.0
10109632RIBEIROH_2025-01-22_G10,10109632RIBEIROH,2025-01-22,114099,1,9,0,997.0
10109632RIBEIROH_2025-01-22_G11,10109632RIBEIROH,2025-01-22,114092,1,21,0,554.0
10109632RIBEIROH_2025-01-22_G12,10109632RIBEIROH,2025-01-22,111443,1,21,0,327.0
10109632RIBEIROH_2025-01-22_G13,10109632RIBEIROH,2025-01-22,118285,1,40,0,1157.0
10109632RIBEIROH_2025-01-22_G14,10109632RIBEIROH,2025-01-22,108736,1,39,0,158.0
10109632RIBEIROH_2025-01-22_G16,10109632RIBEIROH,2025-01-22,108711,2,12,7,157.0
10109632RIBEIROH_2025-01-22_G17,10109632RIBEIROH,2025-01-22,111602,1,20,0,755.0
10109632RIBEIROH_2025-01-22_G18,10109632RIBEIROH,2025-01-22,118004,1,8,0,115.0
10109632RIBEIROH_2025-01-22_G19,10109632RIBEIROH,2025-01-22,111463,1,8,0,126.0
10109632RIBEIROH_2025-01-22_G20,10109632RIBEIROH,2025-01-22,117831,1,20,0,292.0
10109632RIBEIROH_2025-01-22_G21,10109632RIBEIROH,2025-01-22,117830,1,8,0,191.0
10109632RIBEIROH_2025-01-22_G22,10109632RIBEIROH,2025-01-22,118299,1,2,0,593.0
10109632RIBEIROH_2025-01-22_G23,10109632RIBEIROH,2025-01-22,118299,2,20,6,47.0
10109632RIBEIROH_2025-01-23_G02,10109632RIBEIROH,2025-01-23,108794,1,4,0,191.0
10109632RIBEIROH_2025-01-23_G03,10109632RIBEIROH,2025-01-23,109640,1,20,0,89.0
10109632RIBEIROH_2025-01-23_G04,10109632RIBEIROH,2025-01-23,118306,1,6,0,448.0
10109632RIBEIROH_2025-01-23_G05,10109632RIBEIROH,2025-01-23,111466,1,6,0,158.0
10109632RIBEIROH_2025-01-23_G06,10109632RIBEIROH,2025-01-23,117808,1,20,0,186.0
10109632RIBEIROH_2025-01-23_G07,10109632RIBEIROH,2025-01-23,110373,1,20,0,328.0
10109632RIBEIROH_2025-01-23_G08,10109632RIBEIROH,2025-01-23,160055,1,20,0,2914.0
10109632RIBEIROH_2025-01-23_G09,10109632RIBEIROH,2025-01-23,108798,1,2,0,69.0
10109632RIBEIROH_2025-01-23_G10,10109632RIBEIROH,2025-01-23,"160054, 160051",2,8,15,68.0
10109632RIBEIROH_2025-01-23_G11,10109632RIBEIROH,2025-01-23,160053,1,4,0,105.0
10109632RIBEIROH_2025-01-23_G13,10109632RIBEIROH,2025-01-23,111569,1,98,0,545.0
10109632RIBEIROH_2025-01-23_G14,10109632RIBEIROH,2025-01-23,110751,2,14,10,272.0
10109632RIBEIROH_2025-01-23_G15,10109632RIBEIROH,2025-01-23,111569,1,28,0,600.0
10109632RIBEIROH_2025-01-23_G16,10109632RIBEIROH,2025-01-23,110339,1,1,0,251.0
10109632RIBEIROH_2025-01-23_G17,10109632RIBEIROH,2025-01-23,117853,1,2,0,39.0
10109632RIBEIROH_2025-01-23_G18,10109632RIBEIROH,2025-01-23,118317,1,4,0,108.0
10109632RIBEIROH_2025-01-23_G19,10109632RIBEIROH,2025-01-23,111569,1,7,0,85.0
10109632RIBEIROH_2025-01-23_G20,10109632RIBEIROH,2025-01-23,108711,1,8,0,295.0
10109632RIBEIROH_2025-01-23_G21,10109632RIBEIROH,2025-01-23,111569,1,4,0,86.0
10109632RIBEIROH_2025-01-23_G22,10109632RIBEIROH,2025-01-23,118290,1,6,0,179.0
10109632RIBEIROH_2025-01-23_G23,10109632RIBEIROH,2025-01-23,117830,1,6,0,93.0
10109632RIBEIROH_2025-01-23_G24,10109632RIBEIROH,2025-01-23,118299,1,4,0,102.0
10109632RIBEIROH_2025-01-23_G25,10109632RIBEIROH,2025-01-23,109747,1,4,0,805.0
10109632RIBEIROH_2025-01-23_G26,10109632RIBEIROH,2025-01-23,118299,1,250,0,714.0
10109632RIBEIROH_2025-01-23_G27,10109632RIBEIROH,2025-01-23,109643,1,6,0,271.0
10109632RIBEIROH_2025-01-23_G28,10109632RIBEIROH,2025-01-23,110373,1,8,0,103.0
10109632RIBEIROH_2025-01-23_G29,10109632RIBEIROH,2025-01-23,110373,1,198,0,455.0
10109632RIBEIROH_2025-01-23_G30,10109632RIBEIROH,2025-01-23,110372,1,75,0,1309.0
10109632RIBEIROH_2025-01-23_G31,10109632RIBEIROH,2025-01-23,110756,1,6,0,447.0
10109632RIBEIROH_2025-01-23_G32,10109632RIBEIROH,2025-01-23,110313,1,16,0,246.0
10109632RIBEIROH_2025-01-23_G33,10109632RIBEIROH,2025-01-23,110752,1,4,0,65.0
10109632RIBEIROH_2025-01-23_G34,10109632RIBEIROH,2025-01-23,117853,1,24,0,340.0
10109632RIBEIROH_2025-01-23_G35,10109632RIBEIROH,2025-01-23,110752,1,6,0,164.0
10109632RIBEIROH_2025-01-23_G36,10109632RIBEIROH,2025-01-23,117855,1,19,0,201.0
10109632RIBEIROH_2025-01-23_G37,10109632RIBEIROH,2025-01-23,111876,1,6,0,101.0
10109632RIBEIROH_2025-01-23_G38,10109632RIBEIROH,2025-01-23,111569,1,12,0,173.0
10109632RIBEIROH_2025-01-23_G39,10109632RIBEIROH,2025-01-23,111655,4,15,46,233.0
10109632RIBEIROH_2025-01-23_G40,10109632RIBEIROH,2025-01-23,110711,1,4,0,200.0
10109632RIBEIROH_2025-01-23_G41,10109632RIBEIROH,2025-01-23,106860,1,8,0,192.0
10109632RIBEIROH_2025-01-23_G42,10109632RIBEIROH,2025-01-23,"110743, 117833",2,10,20,301.0
10109632RIBEIROH_2025-01-23_G43,10109632RIBEIROH,2025-01-23,109641,1,30,0,248.0
10109632RIBEIROH_2025-01-23_G44,10109632RIBEIROH,2025-01-23,109641,1,4,0,174.0
10109632RIBEIROH_2025-01-23_G45,10109632RIBEIROH,2025-01-23,111443,1,5,0,375.0
10109632RIBEIROH_2025-01-23_G46,10109632RIBEIROH,2025-01-23,111443,1,12,0,84.0
10109632RIBEIROH_2025-01-23_G47,10109632RIBEIROH,2025-01-23,117838,1,8,0,177.0
10109632RIBEIROH_2025-01-23_G49,10109632RIBEIROH,2025-01-23,140922,1,4,0,63.0
10109632RIBEIROH_2025-01-23_G50,10109632RIBEIROH,2025-01-23,108770,1,4,0,116.0
10109632RIBEIROH_2025-01-23_G51,10109632RIBEIROH,2025-01-23,111444,1,4,0,103.0
10109632RIBEIROH_2025-01-23_G52,10109632RIBEIROH,2025-01-23,111463,1,2,0,132.0
10109632RIBEIROH_2025-01-23_G53,10109632RIBEIROH,2025-01-23,117785,1,3,0,728.0
10109632RIBEIROH_2025-01-23_G54,10109632RIBEIROH,2025-01-23,117855,1,4,0,233.0
10109632RIBEIROH_2025-01-23_G55,10109632RIBEIROH,2025-01-23,111444,1,4,0,221.0
10109632RIBEIROH_2025-01-23_G56,10109632RIBEIROH,2025-01-23,111660,1,6,0,701.0
10109632RIBEIROH_2025-01-23_G57,10109632RIBEIROH,2025-01-23,117855,1,4,0,500.0
10109632RIBEIROH_2025-01-23_G58,10109632RIBEIROH,2025-01-23,111444,1,4,0,128.0
10109632RIBEIROH_2025-01-23_G59,10109632RIBEIROH,2025-01-23,111532,1,4,0,366.0
10109632RIBEIROH_2025-01-24_G02,10109632RIBEIROH,2025-01-24,111468,1,1,0,67.0
10109632RIBEIROH_2025-01-24_G03,10109632RIBEIROH,2025-01-24,110787,1,10,0,153.0
10109632RIBEIROH_2025-01-24_G04,10109632RIBEIROH,2025-01-24,107830,1,5,0,123.0
10109632RIBEIROH_2025-01-24_G05,10109632RIBEIROH,2025-01-24,111444,1,4,0,853.0
10109632RIBEIROH_2025-01-24_G06,10109632RIBEIROH,2025-01-24,111463,1,150,0,2893.0
10109632RIBEIROH_2025-01-24_G07,10109632RIBEIROH,2025-01-24,110515,1,229,0,413.0
10109632RIBEIROH_2025-01-24_G09,10109632RIBEIROH,2025-01-24,110374,1,4,0,2172.0
10109632RIBEIROH_2025-01-24_G10,10109632RIBEIROH,2025-01-24,110742,1,4,0,182.0
10109632RIBEIROH_2025-01-24_G11,10109632RIBEIROH,2025-01-24,118004,2,4,7,310.0
10109632RIBEIROH_2025-01-24_G12,10109632RIBEIROH,2025-01-24,111530,1,7,0,125.0
10109632RIBEIROH_2025-01-24_G13,10109632RIBEIROH,2025-01-24,100334,1,2,0,483.0
10109632RIBEIROH_2025-01-24_G14,10109632RIBEIROH,2025-01-24,111569,1,2,0,93.0
10109632RIBEIROH_2025-01-24_G15,10109632RIBEIROH,2025-01-24,109937,1,2,0,109.0
10109632RIBEIROH_2025-01-24_G16,10109632RIBEIROH,2025-01-24,110747,1,2,0,106.0
10109632RIBEIROH_2025-01-24_G17,10109632RIBEIROH,2025-01-24,110313,1,8,0,184.0
10109632RIBEIROH_2025-01-24_G18,10109632RIBEIROH,2025-01-24,110752,1,2,0,44.0
10109632RIBEIROH_2025-01-24_G19,10109632RIBEIROH,2025-01-24,109647,1,2,0,107.0
10109632RIBEIROH_2025-01-24_G20,10109632RIBEIROH,2025-01-24,110515,1,2,0,96.0
10109632RIBEIROH_2025-01-24_G21,10109632RIBEIROH,2025-01-24,141047,1,2,0,111.0
10109632RIBEIROH_2025-01-24_G22,10109632RIBEIROH,2025-01-24,118140,1,4,0,210.0
10109632RIBEIROH_2025-01-24_G23,10109632RIBEIROH,2025-01-24,111466,1,5,0,51.0
10109632RIBEIROH_2025-01-24_G24,10109632RIBEIROH,2025-01-24,111442,1,12,0,125.0
10109632RIBEIROH_2025-01-24_G25,10109632RIBEIROH,2025-01-24,111468,1,2,0,60.0
10109632RIBEIROH_2025-01-24_G26,10109632RIBEIROH,2025-01-24,111463,1,2,0,74.0
10109632RIBEIROH_2025-01-24_G27,10109632RIBEIROH,2025-01-24,110787,1,8,0,175.0
10109632RIBEIROH_2025-01-24_G28,10109632RIBEIROH,2025-01-24,111443,1,2,0,57.0
10109632RIBEIROH_2025-01-24_G29,10109632RIBEIROH,2025-01-24,108795,1,2,0,89.0
10109632RIBEIROH_2025-01-24_G30,10109632RIBEIROH,2025-01-24,117820,1,3,0,537.0
10109632RIBEIROH_2025-01-24_G31,10109632RIBEIROH,2025-01-24,117840,1,2,0,62.0
10109632RIBEIROH_2025-01-24_G32,10109632RIBEIROH,2025-01-24,110372,1,5,0,807.0
10109632RIBEIROH_2025-01-24_G33,10109632RIBEIROH,2025-01-24,110376,1,2,0,47.0
10109632RIBEIROH_2025-01-24_G34,10109632RIBEIROH,2025-01-24,"109643, 109747",2,6,19,51.0
10109632RIBEIROH_2025-01-24_G35,10109632RIBEIROH,2025-01-24,160057,1,16,0,266.0
10109632RIBEIROH_2025-01-24_G36,10109632RIBEIROH,2025-01-24,160055,1,10,0,200.0
10109632RIBEIROH_2025-01-24_G37,10109632RIBEIROH,2025-01-24,160054,1,10,0,64.0
10109632RIBEIROH_2025-01-24_G38,10109632RIBEIROH,2025-01-24,160051,1,15,0,280.0
10109632RIBEIROH_2025-01-24_G39,10109632RIBEIROH,2025-01-24,110373,1,2,0,180.0
10109632RIBEIROH_2025-01-24_G40,10109632RIBEIROH,2025-01-24,109747,1,2,0,113.0
10109632RIBEIROH_2025-01-24_G41,10109632RIBEIROH,2025-01-24,117820,1,2,0,144.0
10109632RIBEIROH_2025-01-24_G42,10109632RIBEIROH,2025-01-24,117840,1,2,0,41.0
10109632RIBEIROH_2025-01-24_G43,10109632RIBEIROH,2025-01-24,110373,1,8,0,82.0
10109632RIBEIROH_2025-01-24_G44,10109632RIBEIROH,2025-01-24,"110372, 109643",2,8,18,131.0
10109632RIBEIROH_2025-01-24_G45,10109632RIBEIROH,2025-01-24,118140,1,4,0,476.0
10109632RIBEIROH_2025-01-24_G46,10109632RIBEIROH,2025-01-24,111466,1,7,0,90.0
10109632RIBEIROH_2025-01-24_G47,10109632RIBEIROH,2025-01-24,111442,1,12,0,52.0
10109632RIBEIROH_2025-01-24_G49,10109632RIBEIROH,2025-01-24,110515,1,9,0,178.0
10109632RIBEIROH_2025-01-24_G50,10109632RIBEIROH,2025-01-24,110515,1,8,0,670.0
10109632RIBEIROH_2025-01-24_G51,10109632RIBEIROH,2025-01-24,110373,1,1,0,40.0
10109632RIBEIROH_2025-01-24_G52,10109632RIBEIROH,2025-01-24,118403,1,4,0,139.0
10109632RIBEIROH_2025-01-24_G53,10109632RIBEIROH,2025-01-24,110752,1,2,0,115.0
10109632RIBEIROH_2025-01-24_G54,10109632RIBEIROH,2025-01-24,110711,1,2,0,129.0
10109632RIBEIROH_2025-01-24_G55,10109632RIBEIROH,2025-01-24,117862,1,4,0,80.0
10109632RIBEIROH_2025-01-24_G56,10109632RIBEIROH,2025-01-24,117831,1,6,0,102.0
10109632RIBEIROH_2025-01-24_G57,10109632RIBEIROH,2025-01-24,109645,1,2,0,32.0
10109632RIBEIROH_2025-01-24_G58,10109632RIBEIROH,2025-01-24,110745,1,2,0,45.0
10109632RIBEIROH_2025-01-24_G59,10109632RIBEIROH,2025-01-24,108795,1,4,0,49.0
10109632RIBEIROH_2025-01-24_G60,10109632RIBEIROH,2025-01-24,108736,1,4,0,75.0
10109632RIBEIROH_2025-01-24_G61,10109632RIBEIROH,2025-01-24,117821,1,8,0,192.0
10109632RIBEIROH_2025-01-24_G62,10109632RIBEIROH,2025-01-24,109747,1,2,0,281.0
10109632RIBEIROH_2025-01-25_G02,10109632RIBEIROH,2025-01-25,110372,1,9,0,123.0
10109632RIBEIROH_2025-01-25_G03,10109632RIBEIROH,2025-01-25,109643,1,4,0,41.0
10109632RIBEIROH_2025-01-25_G04,10109632RIBEIROH,2025-01-25,117820,1,7,0,93.0
10109632RIBEIROH_2025-01-25_G05,10109632RIBEIROH,2025-01-25,110375,1,8,0,79.0
10109632RIBEIROH_2025-01-25_G06,10109632RIBEIROH,2025-01-25,110515,1,8,0,492.0
10109632RIBEIROH_2025-01-25_G07,10109632RIBEIROH,2025-01-25,111463,1,9,0,112.0
10109632RIBEIROH_2025-01-25_G08,10109632RIBEIROH,2025-01-25,110373,1,12,0,139.0
10109632RIBEIROH_2025-01-25_G09,10109632RIBEIROH,2025-01-25,110580,1,6,0,511.0
10109632RIBEIROH_2025-01-25_G10,10109632RIBEIROH,2025-01-25,110580,1,6,0,177.0
10109632RIBEIROH_2025-01-25_G11,10109632RIBEIROH,2025-01-25,110325,1,12,0,149.0
10109632RIBEIROH_2025-01-25_G12,10109632RIBEIROH,2025-01-25,117821,1,6,0,785.0
10109632RIBEIROH_2025-01-25_G13,10109632RIBEIROH,2025-01-25,111463,1,3,0,200.0
10109632RIBEIROH_2025-01-25_G15,10109632RIBEIROH,2025-01-25,107830,1,400,0,1089.0
10109632RIBEIROH_2025-01-25_G16,10109632RIBEIROH,2025-01-25,100334,1,11,0,292.0
10109632RIBEIROH_2025-01-25_G17,10109632RIBEIROH,2025-01-25,109643,1,40,0,436.0
10109632RIBEIROH_2025-01-25_G18,10109632RIBEIROH,2025-01-25,110711,1,10,0,52.0
10109632RIBEIROH_2025-01-25_G19,10109632RIBEIROH,2025-01-25,110339,1,6,0,137.0
10109632RIBEIROH_2025-01-25_G20,10109632RIBEIROH,2025-01-25,109643,1,10,0,2010.0
10109632RIBEIROH_2025-02-11_G02,10109632RIBEIROH,2025-02-11,111469,1,911,0,228.0
10109632RIBEIROH_2025-02-11_G03,10109632RIBEIROH,2025-02-11,110895,1,2,0,624.0
10109632RIBEIROH_2025-02-11_G04,10109632RIBEIROH,2025-02-11,110313,1,8,0,266.0
10109632RIBEIROH_2025-02-11_G05,10109632RIBEIROH,2025-02-11,110339,1,2,0,85.0
10109632RIBEIROH_2025-02-11_G06,10109632RIBEIROH,2025-02-11,109647,1,5,0,73.0
10109632RIBEIROH_2025-02-11_G07,10109632RIBEIROH,2025-02-11,110515,1,21,0,59.0
10109632RIBEIROH_2025-02-11_G08,10109632RIBEIROH,2025-02-11,110711,1,3,0,227.0
10109632RIBEIROH_2025-02-11_G09,10109632RIBEIROH,2025-02-11,110787,1,25,0,383.0
10109632RIBEIROH_2025-02-11_G11,10109632RIBEIROH,2025-02-11,108711,1,10,0,135.0
10109632RIBEIROH_2025-02-11_G12,10109632RIBEIROH,2025-02-11,111431,1,10,0,223.0
10109632RIBEIROH_2025-02-11_G13,10109632RIBEIROH,2025-02-11,111418,1,27,0,659.0
10109632RIBEIROH_2025-02-11_G14,10109632RIBEIROH,2025-02-11,110373,1,32,0,399.0
10109632RIBEIROH_2025-02-11_G15,10109632RIBEIROH,2025-02-11,110374,1,18,0,192.0
10109632RIBEIROH_2025-02-11_G16,10109632RIBEIROH,2025-02-11,107830,1,3,0,89.0
10109632RIBEIROH_2025-02-11_G17,10109632RIBEIROH,2025-02-11,118299,1,11,0,304.0
10109632RIBEIROH_2025-02-11_G18,10109632RIBEIROH,2025-02-11,109645,1,23,0,395.0
10109632RIBEIROH_2025-02-11_G19,10109632RIBEIROH,2025-02-11,110372,1,40,0,420.0
10109632RIBEIROH_2025-02-11_G20,10109632RIBEIROH,2025-02-11,117808,1,14,0,593.0
10109632RIBEIROH_2025-02-11_G21,10109632RIBEIROH,2025-02-11,109643,1,6,0,113.0
10109632RIBEIROH_2025-02-11_G22,10109632RIBEIROH,2025-02-11,110371,1,5,0,132.0
10109632RIBEIROH_2025-02-11_G23,10109632RIBEIROH,2025-02-11,111439,1,4,0,158.0
10109632RIBEIROH_2025-02-11_G24,10109632RIBEIROH,2025-02-11,"111602, 118094, 110339, 109647, 110515, 141047",6,96,89,40.0
10109632RIBEIROH_2025-02-11_G25,10109632RIBEIROH,2025-02-11,110374,1,74,0,1413.0
10109632RIBEIROH_2025-02-11_G26,10109632RIBEIROH,2025-02-11,109643,1,16,0,292.0
10109632RIBEIROH_2025-02-11_G27,10109632RIBEIROH,2025-02-11,110371,1,4,0,143.0
10109632RIBEIROH_2025-02-11_G28,10109632RIBEIROH,2025-02-11,107830,1,4,0,244.0
10109632RIBEIROH_2025-02-11_G29,10109632RIBEIROH,2025-02-11,117808,1,100,0,326.0
10109632RIBEIROH_2025-02-11_G30,10109632RIBEIROH,2025-02-11,"110742, 111430, 111569",3,36,40,246.0
10109632RIBEIROH_2025-02-11_G31,10109632RIBEIROH,2025-02-11,110373,1,67,0,676.0
10109632RIBEIROH_2025-02-11_G32,10109632RIBEIROH,2025-02-11,118299,1,32,0,265.0
10109632RIBEIROH_2025-02-11_G33,10109632RIBEIROH,2025-02-11,110372,1,40,0,782.0
10109632RIBEIROH_2025-02-11_G34,10109632RIBEIROH,2025-02-11,"110325, 117835, 110747",3,27,35,1100.0
10109632RIBEIROH_2025-02-11_G35,10109632RIBEIROH,2025-02-11,100334,1,25,0,283.0
10109632RIBEIROH_2025-02-11_G37,10109632RIBEIROH,2025-02-11,"110895, 118290",2,18,23,254.0
10109632RIBEIROH_2025-02-11_G38,10109632RIBEIROH,2025-02-11,108031,1,1,0,36.0
10109632RIBEIROH_2025-02-11_G39,10109632RIBEIROH,2025-02-11,117836,1,1,0,65.0
10109632RIBEIROH_2025-02-11_G40,10109632RIBEIROH,2025-02-11,110581,2,8,7,170.0
10109632RIBEIROH_2025-02-11_G41,10109632RIBEIROH,2025-02-11,117837,1,10,0,123.0
10109632RIBEIROH_2025-02-11_G42,10109632RIBEIROH,2025-02-11,118326,1,8,0,99.0
10109632RIBEIROH_2025-02-11_G43,10109632RIBEIROH,2025-02-11,115817,1,4,0,89.0
10109632RIBEIROH_2025-02-11_G44,10109632RIBEIROH,2025-02-11,111467,1,85,0,536.0
10109632RIBEIROH_2025-02-12_G02,10109632RIBEIROH,2025-02-12,117840,1,3,0,455.0
10109632RIBEIROH_2025-02-12_G03,10109632RIBEIROH,2025-02-12,108759,2,140,10,1219.0
10109632RIBEIROH_2025-02-12_G04,10109632RIBEIROH,2025-02-12,110374,2,38,18,2554.0
10109632RIBEIROH_2025-02-12_G05,10109632RIBEIROH,2025-02-12,160054,1,6,0,375.0
10109632RIBEIROH_2025-02-12_G06,10109632RIBEIROH,2025-02-12,109643,1,10,0,412.0
10109632RIBEIROH_2025-02-12_G08,10109632RIBEIROH,2025-02-12,117808,1,135,0,276.0
10109632RIBEIROH_2025-02-12_G09,10109632RIBEIROH,2025-02-12,117820,1,38,0,395.0
10109632RIBEIROH_2025-02-12_G10,10109632RIBEIROH,2025-02-12,111182,1,8,0,1053.0
10109632RIBEIROH_2025-02-12_G11,10109632RIBEIROH,2025-02-12,111469,1,8,0,155.0
10109632RIBEIROH_2025-02-12_G12,10109632RIBEIROH,2025-02-12,117831,1,4,0,93.0
10109632RIBEIROH_2025-02-12_G13,10109632RIBEIROH,2025-02-12,140922,1,11,0,139.0
10109632RIBEIROH_2025-02-12_G14,10109632RIBEIROH,2025-02-12,110740,1,1,0,84.0
10109632RIBEIROH_2025-02-12_G15,10109632RIBEIROH,2025-02-12,111418,1,5,0,115.0
10109632RIBEIROH_2025-02-12_G16,10109632RIBEIROH,2025-02-12,117785,1,13,0,347.0
10109632RIBEIROH_2025-02-12_G17,10109632RIBEIROH,2025-02-12,110745,1,6,0,130.0
10109632RIBEIROH_2025-02-12_G18,10109632RIBEIROH,2025-02-12,117841,1,4,0,139.0
10109632RIBEIROH_2025-02-12_G19,10109632RIBEIROH,2025-02-12,160055,1,7,0,396.0
10109632RIBEIROH_2025-02-12_G20,10109632RIBEIROH,2025-02-12,117821,1,10,0,123.0
10109632RIBEIROH_2025-02-12_G21,10109632RIBEIROH,2025-02-12,111463,1,11,0,89.0
10109632RIBEIROH_2025-02-12_G23,10109632RIBEIROH,2025-02-12,117820,1,200,0,723.0
10109632RIBEIROH_2025-02-12_G25,10109632RIBEIROH,2025-02-12,117835,1,4,0,74.0
10109632RIBEIROH_2025-02-12_G26,10109632RIBEIROH,2025-02-12,117289,1,4,0,124.0
10109632RIBEIROH_2025-02-12_G27,10109632RIBEIROH,2025-02-12,111602,1,20,0,206.0
10109632RIBEIROH_2025-02-12_G28,10109632RIBEIROH,2025-02-12,117837,2,6,16,46.0
10109632RIBEIROH_2025-02-12_G29,10109632RIBEIROH,2025-02-12,117855,1,10,0,87.0
10109632RIBEIROH_2025-02-12_G30,10109632RIBEIROH,2025-02-12,111467,3,20,10,348.0
10109632RIBEIROH_2025-02-12_G31,10109632RIBEIROH,2025-02-12,118094,1,10,0,105.0
10109632RIBEIROH_2025-02-12_G32,10109632RIBEIROH,2025-02-12,110515,1,10,0,209.0
10109632RIBEIROH_2025-02-12_G33,10109632RIBEIROH,2025-02-12,117786,1,10,0,151.0
10109632RIBEIROH_2025-02-12_G34,10109632RIBEIROH,2025-02-12,141047,1,2,0,68.0
10109632RIBEIROH_2025-02-12_G35,10109632RIBEIROH,2025-02-12,107629,1,7,0,171.0
10109632RIBEIROH_2025-02-12_G36,10109632RIBEIROH,2025-02-12,111569,1,16,0,308.0
10109632RIBEIROH_2025-02-12_G37,10109632RIBEIROH,2025-02-12,117831,1,20,0,123.0
10109632RIBEIROH_2025-02-12_G38,10109632RIBEIROH,2025-02-12,111532,2,22,10,196.0
10109632RIBEIROH_2025-02-12_G39,10109632RIBEIROH,2025-02-12,"109641, 110787",3,13,27,249.0
10109632RIBEIROH_2025-02-12_G40,10109632RIBEIROH,2025-02-12,117785,2,36,7,193.0
10109632RIBEIROH_2025-02-12_G41,10109632RIBEIROH,2025-02-12,118140,1,2,0,121.0
10109632RIBEIROH_2025-02-12_G42,10109632RIBEIROH,2025-02-12,118140,1,10,0,270.0
10109632RIBEIROH_2025-02-12_G43,10109632RIBEIROH,2025-02-12,117841,1,3,0,70.0
10109632RIBEIROH_2025-02-12_G44,10109632RIBEIROH,2025-02-12,108711,1,10,0,45.0
10109632RIBEIROH_2025-02-12_G45,10109632RIBEIROH,2025-02-12,117821,1,1,0,107.0
10109632RIBEIROH_2025-02-12_G46,10109632RIBEIROH,2025-02-12,111433,1,2,0,84.0
10109632RIBEIROH_2025-02-12_G47,10109632RIBEIROH,2025-02-12,111469,1,8,0,209.0
10109632RIBEIROH_2025-02-12_G48,10109632RIBEIROH,2025-02-12,111462,1,30,0,269.0
10109632RIBEIROH_2025-02-13_G02,10109632RIBEIROH,2025-02-13,110373,1,70,0,347.0
10109632RIBEIROH_2025-02-13_G03,10109632RIBEIROH,2025-02-13,110373,1,67,0,697.0
10109632RIBEIROH_2025-02-13_G04,10109632RIBEIROH,2025-02-13,110373,1,40,0,35.0
10109632RIBEIROH_2025-02-13_G05,10109632RIBEIROH,2025-02-13,"109747, 117809",2,4,16,438.0
10109632RIBEIROH_2025-02-13_G06,10109632RIBEIROH,2025-02-13,160051,1,2,0,89.0
10109632RIBEIROH_2025-02-13_G07,10109632RIBEIROH,2025-02-13,117808,1,124,0,279.0
10109632RIBEIROH_2025-02-13_G08,10109632RIBEIROH,2025-02-13,117808,1,70,0,79.0
10109632RIBEIROH_2025-02-13_G09,10109632RIBEIROH,2025-02-13,110371,2,47,6,454.0
10109632RIBEIROH_2025-02-13_G10,10109632RIBEIROH,2025-02-13,110371,1,400,0,1833.0
10109632RIBEIROH_2025-02-13_G11,10109632RIBEIROH,2025-02-13,110373,1,400,0,1031.0
10109632RIBEIROH_2025-02-13_G12,10109632RIBEIROH,2025-02-13,116241,1,10,0,376.0
10109632RIBEIROH_2025-02-13_G13,10109632RIBEIROH,2025-02-13,117840,1,30,0,235.0
10109632RIBEIROH_2025-02-13_G14,10109632RIBEIROH,2025-02-13,140922,1,30,0,119.0
10109632RIBEIROH_2025-02-13_G15,10109632RIBEIROH,2025-02-13,110740,1,44,0,437.0
10109632RIBEIROH_2025-02-13_G17,10109632RIBEIROH,2025-02-13,118094,1,25,0,423.0
10109632RIBEIROH_2025-02-13_G18,10109632RIBEIROH,2025-02-13,110313,1,70,0,90.0
10109632RIBEIROH_2025-02-13_G19,10109632RIBEIROH,2025-02-13,111466,1,110,0,561.0
10109632RIBEIROH_2025-02-13_G20,10109632RIBEIROH,2025-02-13,111445,1,21,0,283.0
10109632RIBEIROH_2025-02-13_G21,10109632RIBEIROH,2025-02-13,111469,1,45,0,895.0
10109632RIBEIROH_2025-02-13_G22,10109632RIBEIROH,2025-02-13,140922,1,14,0,256.0
10109632RIBEIROH_2025-02-13_G23,10109632RIBEIROH,2025-02-13,111330,1,14,0,290.0
10109632RIBEIROH_2025-02-13_G24,10109632RIBEIROH,2025-02-13,111466,1,70,0,203.0
10109632RIBEIROH_2025-02-13_G25,10109632RIBEIROH,2025-02-13,111418,1,50,0,1138.0
10109632RIBEIROH_2025-02-13_G26,10109632RIBEIROH,2025-02-13,111466,1,50,0,394.0
10109632RIBEIROH_2025-02-13_G27,10109632RIBEIROH,2025-02-13,110787,1,30,0,1521.0
10109632RIBEIROH_2025-02-13_G28,10109632RIBEIROH,2025-02-13,117841,1,10,0,74.0
10109632RIBEIROH_2025-02-13_G29,10109632RIBEIROH,2025-02-13,105705,1,7,0,65.0
10109632RIBEIROH_2025-02-13_G30,10109632RIBEIROH,2025-02-13,118317,1,3,0,219.0
10109632RIBEIROH_2025-02-13_G31,10109632RIBEIROH,2025-02-13,111465,1,9,0,68.0
10109632RIBEIROH_2025-02-13_G32,10109632RIBEIROH,2025-02-13,110740,1,23,0,300.0
10109632RIBEIROH_2025-02-13_G34,10109632RIBEIROH,2025-02-13,111602,1,2,0,33.0
10109632RIBEIROH_2025-02-13_G35,10109632RIBEIROH,2025-02-13,110339,1,2,0,97.0
10109632RIBEIROH_2025-02-13_G36,10109632RIBEIROH,2025-02-13,110515,1,8,0,116.0
10109632RIBEIROH_2025-02-13_G37,10109632RIBEIROH,2025-02-13,140922,1,6,0,103.0
10109632RIBEIROH_2025-02-13_G38,10109632RIBEIROH,2025-02-13,110740,1,2,0,59.0
10109632RIBEIROH_2025-02-13_G39,10109632RIBEIROH,2025-02-13,117785,1,14,0,164.0
10109632RIBEIROH_2025-02-13_G40,10109632RIBEIROH,2025-02-13,118140,1,5,0,51.0
10109632RIBEIROH_2025-02-13_G41,10109632RIBEIROH,2025-02-13,108711,1,1,0,73.0
10109632RIBEIROH_2025-02-13_G42,10109632RIBEIROH,2025-02-13,111462,1,4,0,86.0
10109632RIBEIROH_2025-02-13_G43,10109632RIBEIROH,2025-02-13,111433,1,2,0,52.0
10109632RIBEIROH_2025-02-13_G44,10109632RIBEIROH,2025-02-13,118317,1,4,0,52.0
10109632RIBEIROH_2025-02-13_G45,10109632RIBEIROH,2025-02-13,110373,1,4,0,99.0
10109632RIBEIROH_2025-02-13_G46,10109632RIBEIROH,2025-02-13,110372,1,12,0,128.0
10109632RIBEIROH_2025-02-13_G47,10109632RIBEIROH,2025-02-13,107830,1,3,0,111.0
10109632RIBEIROH_2025-02-13_G48,10109632RIBEIROH,2025-02-13,110371,1,8,0,753.0
10109632RIBEIROH_2025-02-13_G49,10109632RIBEIROH,2025-02-13,110375,1,4,0,129.0
10109632RIBEIROH_2025-02-13_G50,10109632RIBEIROH,2025-02-13,117809,1,6,0,89.0
10109632RIBEIROH_2025-02-13_G51,10109632RIBEIROH,2025-02-13,117820,1,3,0,81.0
10109632RIBEIROH_2025-02-13_G52,10109632RIBEIROH,2025-02-13,117837,1,2,0,449.0
10109632RIBEIROH_2025-02-13_G53,10109632RIBEIROH,2025-02-13,110515,1,2,0,109.0
10109632RIBEIROH_2025-02-13_G54,10109632RIBEIROH,2025-02-13,109645,1,2,0,140.0
10109632RIBEIROH_2025-02-13_G55,10109632RIBEIROH,2025-02-13,117821,1,2,0,91.0
10109632RIBEIROH_2025-02-14_G02,10109632RIBEIROH,2025-02-14,110372,1,10,0,164.0
10109632RIBEIROH_2025-02-14_G03,10109632RIBEIROH,2025-02-14,109643,1,2,0,82.0
10109632RIBEIROH_2025-02-14_G04,10109632RIBEIROH,2025-02-14,117820,1,8,0,115.0
10109632RIBEIROH_2025-02-14_G05,10109632RIBEIROH,2025-02-14,110373,1,4,0,448.0
10109632RIBEIROH_2025-02-14_G06,10109632RIBEIROH,2025-02-14,109640,1,4,0,116.0
10109632RIBEIROH_2025-02-14_G07,10109632RIBEIROH,2025-02-14,110373,1,8,0,122.0
10109632RIBEIROH_2025-02-14_G08,10109632RIBEIROH,2025-02-14,118140,1,2,0,441.0
10109632RIBEIROH_2025-02-14_G09,10109632RIBEIROH,2025-02-14,108711,1,2,0,78.0
10109632RIBEIROH_2025-02-14_G10,10109632RIBEIROH,2025-02-14,110373,1,4,0,99.0
10109632RIBEIROH_2025-02-14_G11,10109632RIBEIROH,2025-02-14,110371,1,4,0,44.0
10109632RIBEIROH_2025-02-14_G12,10109632RIBEIROH,2025-02-14,110325,1,4,0,76.0
10109632RIBEIROH_2025-02-14_G13,10109632RIBEIROH,2025-02-14,118140,1,2,0,174.0
10109632RIBEIROH_2025-02-14_G14,10109632RIBEIROH,2025-02-14,108711,1,2,0,81.0
10109632RIBEIROH_2025-02-14_G15,10109632RIBEIROH,2025-02-14,110373,1,4,0,111.0
10109632RIBEIROH_2025-02-14_G16,10109632RIBEIROH,2025-02-14,110371,1,4,0,34.0
10109632RIBEIROH_2025-02-14_G17,10109632RIBEIROH,2025-02-14,110325,1,4,0,87.0
10109632RIBEIROH_2025-02-14_G18,10109632RIBEIROH,2025-02-14,109640,1,4,0,289.0
10109632RIBEIROH_2025-02-14_G19,10109632RIBEIROH,2025-02-14,105705,1,4,0,136.0
10109632RIBEIROH_2025-02-14_G20,10109632RIBEIROH,2025-02-14,110747,1,41,0,2276.0
10109632RIBEIROH_2025-02-14_G21,10109632RIBEIROH,2025-02-14,110895,1,80,0,246.0
10109632RIBEIROH_2025-02-14_G22,10109632RIBEIROH,2025-02-14,114102,1,8,0,173.0
10109632RIBEIROH_2025-02-14_G23,10109632RIBEIROH,2025-02-14,117834,1,60,0,151.0
10109632RIBEIROH_2025-02-14_G24,10109632RIBEIROH,2025-02-14,111569,1,41,0,404.0
10109632RIBEIROH_2025-02-14_G26,10109632RIBEIROH,2025-02-14,118222,1,80,0,107.0
10109632RIBEIROH_2025-02-14_G27,10109632RIBEIROH,2025-02-14,117855,1,78,0,142.0
10109632RIBEIROH_2025-02-14_G28,10109632RIBEIROH,2025-02-14,118004,1,80,0,218.0
10109632RIBEIROH_2025-02-14_G29,10109632RIBEIROH,2025-02-14,118140,1,200,0,526.0
10109632RIBEIROH_2025-02-14_G30,10109632RIBEIROH,2025-02-14,108759,1,50,0,1219.0
10109632RIBEIROH_2025-02-14_G31,10109632RIBEIROH,2025-02-14,111467,1,140,0,998.0
10109632RIBEIROH_2025-02-14_G32,10109632RIBEIROH,2025-02-14,118140,1,320,0,1603.0
10109632RIBEIROH_2025-02-14_G33,10109632RIBEIROH,2025-02-14,109643,1,150,0,1530.0
10109632RIBEIROH_2025-02-14_G34,10109632RIBEIROH,2025-02-14,"109974, 111620, 110080, 110582, 105359, 111110, 117935",7,62,110,945.0
10109632RIBEIROH_2025-02-14_G35,10109632RIBEIROH,2025-02-14,117862,1,160,0,297.0
10109632RIBEIROH_2025-02-14_G36,10109632RIBEIROH,2025-02-14,141035,1,6,0,143.0
10109632RIBEIROH_2025-02-14_G37,10109632RIBEIROH,2025-02-14,110740,1,140,0,240.0
10109632RIBEIROH_2025-02-14_G38,10109632RIBEIROH,2025-02-14,160055,1,4,0,36.0
10109632RIBEIROH_2025-02-14_G39,10109632RIBEIROH,2025-02-14,115209,1,2,0,67.0
10109632RIBEIROH_2025-02-14_G40,10109632RIBEIROH,2025-02-14,110371,1,460,0,195.0
10109632RIBEIROH_2025-02-14_G41,10109632RIBEIROH,2025-02-14,160054,1,4,0,152.0
10109632RIBEIROH_2025-02-14_G42,10109632RIBEIROH,2025-02-14,160051,1,6,0,120.0
10109632RIBEIROH_2025-02-14_G44,10109632RIBEIROH,2025-02-14,111418,1,284,0,63.0
10109632RIBEIROH_2025-02-14_G45,10109632RIBEIROH,2025-02-14,111532,1,160,0,37.0
10109632RIBEIROH_2025-02-14_G46,10109632RIBEIROH,2025-02-14,110373,1,120,0,3062.0
10109632RIBEIROH_2025-02-15_G02,10109632RIBEIROH,2025-02-15,117822,1,8,0,207.0
10109632RIBEIROH_2025-02-15_G03,10109632RIBEIROH,2025-02-15,110325,1,20,0,146.0
10109632RIBEIROH_2025-02-15_G04,10109632RIBEIROH,2025-02-15,107830,1,6,0,93.0
10109632RIBEIROH_2025-02-15_G05,10109632RIBEIROH,2025-02-15,110375,1,8,0,196.0
10109632RIBEIROH_2025-02-15_G06,10109632RIBEIROH,2025-02-15,109747,1,12,0,157.0
10109632RIBEIROH_2025-02-15_G07,10109632RIBEIROH,2025-02-15,117820,1,280,0,1609.0
10109632RIBEIROH_2025-02-15_G08,10109632RIBEIROH,2025-02-15,110374,1,60,0,32.0
10109632RIBEIROH_2025-02-15_G09,10109632RIBEIROH,2025-02-15,110371,1,80,0,270.0
10109632RIBEIROH_2025-02-15_G10,10109632RIBEIROH,2025-02-15,110747,1,67,0,884.0
10109632RIBEIROH_2025-02-15_G11,10109632RIBEIROH,2025-02-15,108798,1,26,0,535.0
10109632RIBEIROH_2025-02-15_G12,10109632RIBEIROH,2025-02-15,111433,1,113,0,318.0
10109632RIBEIROH_2025-02-15_G13,10109632RIBEIROH,2025-02-15,105705,1,12,0,299.0
10109632RIBEIROH_2025-02-15_G15,10109632RIBEIROH,2025-02-15,141047,1,100,0,560.0
10109632RIBEIROH_2025-02-15_G16,10109632RIBEIROH,2025-02-15,111655,1,10,0,212.0
10109632RIBEIROH_2025-02-15_G17,10109632RIBEIROH,2025-02-15,160057,1,1,0,1522.0
10109632RIBEIROH_2025-02-15_G18,10109632RIBEIROH,2025-02-15,109640,1,2,0,161.0
10109632RIBEIROH_2025-02-15_G19,10109632RIBEIROH,2025-02-15,109641,1,7,0,117.0
10109632RIBEIROH_2025-02-15_G20,10109632RIBEIROH,2025-02-15,109937,1,6,0,382.0
10109632RIBEIROH_2025-02-18_G02,10109632RIBEIROH,2025-02-18,110740,1,4,0,141.0
10109632RIBEIROH_2025-02-18_G03,10109632RIBEIROH,2025-02-18,110787,1,641,0,976.0
10109632RIBEIROH_2025-02-18_G04,10109632RIBEIROH,2025-02-18,111468,1,61,0,248.0
10109632RIBEIROH_2025-02-18_G06,10109632RIBEIROH,2025-02-18,111418,1,2,0,181.0
10109632RIBEIROH_2025-02-18_G07,10109632RIBEIROH,2025-02-18,110373,1,16,0,37.0
10109632RIBEIROH_2025-02-18_G08,10109632RIBEIROH,2025-02-18,110372,1,29,0,138.0
10109632RIBEIROH_2025-02-18_G09,10109632RIBEIROH,2025-02-18,110374,1,8,0,376.0
10109632RIBEIROH_2025-02-18_G10,10109632RIBEIROH,2025-02-18,109643,1,10,0,204.0
10109632RIBEIROH_2025-02-18_G11,10109632RIBEIROH,2025-02-18,117832,1,4,0,97.0
10109632RIBEIROH_2025-02-18_G12,10109632RIBEIROH,2025-02-18,109747,1,4,0,100.0
10109632RIBEIROH_2025-02-18_G13,10109632RIBEIROH,2025-02-18,117820,1,7,0,67.0
10109632RIBEIROH_2025-02-18_G14,10109632RIBEIROH,2025-02-18,117808,1,60,0,557.0
10109632RIBEIROH_2025-02-19_G02,10109632RIBEIROH,2025-02-19,117834,2,6,6,1498.0
10109632RIBEIROH_2025-02-19_G03,10109632RIBEIROH,2025-02-19,111435,1,4,0,105.0
10109632RIBEIROH_2025-02-19_G04,10109632RIBEIROH,2025-02-19,111348,1,114,0,1169.0
10109632RIBEIROH_2025-02-19_G05,10109632RIBEIROH,2025-02-19,111330,1,1,0,251.0
10109632RIBEIROH_2025-02-19_G06,10109632RIBEIROH,2025-02-19,110313,1,55,0,1431.0
10109632RIBEIROH_2025-02-19_G07,10109632RIBEIROH,2025-02-19,111462,1,150,0,184.0
10109632RIBEIROH_2025-02-19_G08,10109632RIBEIROH,2025-02-19,110325,1,150,0,1224.0
10109632RIBEIROH_2025-02-19_G09,10109632RIBEIROH,2025-02-19,110374,1,200,0,399.0
10109632RIBEIROH_2025-02-19_G10,10109632RIBEIROH,2025-02-19,110515,1,150,0,1125.0
10109632RIBEIROH_2025-02-19_G11,10109632RIBEIROH,2025-02-19,110371,1,300,0,1444.0
10109632RIBEIROH_2025-02-19_G12,10109632RIBEIROH,2025-02-19,140922,1,70,0,331.0
10109632RIBEIROH_2025-02-19_G13,10109632RIBEIROH,2025-02-19,"117820, 109649",2,176,25,273.0
10109632RIBEIROH_2025-02-19_G14,10109632RIBEIROH,2025-02-19,111442,1,20,0,191.0
10109632RIBEIROH_2025-02-19_G16,10109632RIBEIROH,2025-02-19,111463,1,16,0,409.0
10109632RIBEIROH_2025-02-19_G17,10109632RIBEIROH,2025-02-19,140922,1,26,0,145.0
10109632RIBEIROH_2025-02-19_G18,10109632RIBEIROH,2025-02-19,140922,1,8,0,46.0
10109632RIBEIROH_2025-02-19_G19,10109632RIBEIROH,2025-02-19,110740,1,21,0,55.0
10109632RIBEIROH_2025-02-19_G20,10109632RIBEIROH,2025-02-19,110745,1,6,0,173.0
10109632RIBEIROH_2025-02-19_G21,10109632RIBEIROH,2025-02-19,111466,1,20,0,113.0
10109632RIBEIROH_2025-02-19_G22,10109632RIBEIROH,2025-02-19,111441,2,70,8,393.0
10109632RIBEIROH_2025-02-19_G23,10109632RIBEIROH,2025-02-19,111462,1,12,0,1138.0
10109632RIBEIROH_2025-02-19_G24,10109632RIBEIROH,2025-02-19,111465,2,7,5,78.0
10109632RIBEIROH_2025-02-19_G25,10109632RIBEIROH,2025-02-19,117822,1,4,0,128.0
10109632RIBEIROH_2025-02-19_G26,10109632RIBEIROH,2025-02-19,118299,1,12,0,247.0
10109632RIBEIROH_2025-02-19_G27,10109632RIBEIROH,2025-02-19,117808,1,8,0,104.0
10109632RIBEIROH_2025-02-19_G28,10109632RIBEIROH,2025-02-19,110325,1,16,0,107.0
10109632RIBEIROH_2025-02-20_G02,10109632RIBEIROH,2025-02-20,110374,2,18,12,195.0
10109632RIBEIROH_2025-02-20_G03,10109632RIBEIROH,2025-02-20,117832,1,8,0,236.0
10109632RIBEIROH_2025-02-20_G04,10109632RIBEIROH,2025-02-20,117831,1,6,0,221.0
10109632RIBEIROH_2025-02-20_G05,10109632RIBEIROH,2025-02-20,110373,1,20,0,1841.0
10109632RIBEIROH_2025-02-20_G06,10109632RIBEIROH,2025-02-20,110371,1,30,0,157.0
10109632RIBEIROH_2025-02-20_G07,10109632RIBEIROH,2025-02-20,118299,1,19,0,499.0
10109632RIBEIROH_2025-02-20_G08,10109632RIBEIROH,2025-02-20,110325,1,4,0,199.0
10109632RIBEIROH_2025-02-20_G09,10109632RIBEIROH,2025-02-20,109643,2,12,7,97.0
10109632RIBEIROH_2025-02-20_G10,10109632RIBEIROH,2025-02-20,117840,1,2,0,74.0
10109632RIBEIROH_2025-02-20_G11,10109632RIBEIROH,2025-02-20,117832,1,4,0,69.0
10109632RIBEIROH_2025-02-20_G12,10109632RIBEIROH,2025-02-20,110372,1,70,0,143.0
10109632RIBEIROH_2025-02-20_G13,10109632RIBEIROH,2025-02-20,110372,1,50,0,292.0
10109632RIBEIROH_2025-02-20_G14,10109632RIBEIROH,2025-02-20,117832,1,10,0,168.0
10109632RIBEIROH_2025-02-20_G15,10109632RIBEIROH,2025-02-20,110375,1,6,0,53.0
10109632RIBEIROH_2025-02-20_G16,10109632RIBEIROH,2025-02-20,117820,1,32,0,484.0
10109632RIBEIROH_2025-02-20_G17,10109632RIBEIROH,2025-02-20,160054,1,2,0,87.0
10109632RIBEIROH_2025-02-20_G18,10109632RIBEIROH,2025-02-20,117808,1,50,0,297.0
10109632RIBEIROH_2025-02-20_G19,10109632RIBEIROH,2025-02-20,117809,1,70,0,229.0
10109632RIBEIROH_2025-02-20_G21,10109632RIBEIROH,2025-02-20,110372,1,1000,0,2416.0
10109632RIBEIROH_2025-02-20_G22,10109632RIBEIROH,2025-02-20,111438,1,9,0,1047.0
10109632RIBEIROH_2025-02-20_G23,10109632RIBEIROH,2025-02-20,110752,1,4,0,491.0
10109632RIBEIROH_2025-02-20_G24,10109632RIBEIROH,2025-02-20,118140,1,2,0,55.0
10109632RIBEIROH_2025-02-20_G25,10109632RIBEIROH,2025-02-20,111466,1,4,0,90.0
10109632RIBEIROH_2025-02-20_G26,10109632RIBEIROH,2025-02-20,110755,1,35,0,294.0
10109632RIBEIROH_2025-02-20_G27,10109632RIBEIROH,2025-02-20,109640,1,22,0,402.0
10109632RIBEIROH_2025-02-20_G28,10109632RIBEIROH,2025-02-20,111438,1,3,0,130.0
10109632RIBEIROH_2025-02-20_G29,10109632RIBEIROH,2025-02-20,111441,2,7,6,87.0
10109632RIBEIROH_2025-02-20_G30,10109632RIBEIROH,2025-02-20,117855,1,2,0,91.0
10109632RIBEIROH_2025-02-20_G31,10109632RIBEIROH,2025-02-20,111442,1,2,0,166.0
10109632RIBEIROH_2025-02-20_G32,10109632RIBEIROH,2025-02-20,110787,1,2,0,120.0
10109632RIBEIROH_2025-02-20_G33,10109632RIBEIROH,2025-02-20,111441,1,4,0,299.0
10109632RIBEIROH_2025-02-20_G34,10109632RIBEIROH,2025-02-20,118317,1,10,0,403.0
10109632RIBEIROH_2025-02-20_G36,10109632RIBEIROH,2025-02-20,110030,2,2,5,172.0
10109632RIBEIROH_2025-02-20_G37,10109632RIBEIROH,2025-02-20,110313,1,30,0,289.0
10109632RIBEIROH_2025-02-20_G38,10109632RIBEIROH,2025-02-20,111467,2,14,7,257.0
10109632RIBEIROH_2025-02-20_G39,10109632RIBEIROH,2025-02-20,109640,1,20,0,351.0
10109632RIBEIROH_2025-02-20_G40,10109632RIBEIROH,2025-02-20,110752,1,12,0,265.0
10109632RIBEIROH_2025-02-20_G41,10109632RIBEIROH,2025-02-20,111602,1,40,0,649.0
10109632RIBEIROH_2025-02-20_G42,10109632RIBEIROH,2025-02-20,110339,1,20,0,827.0
10109632RIBEIROH_2025-02-20_G43,10109632RIBEIROH,2025-02-20,117838,1,27,0,389.0
10109632RIBEIROH_2025-02-20_G44,10109632RIBEIROH,2025-02-20,110895,2,33,6,241.0
10109632RIBEIROH_2025-02-21_G02,10109632RIBEIROH,2025-02-21,110743,1,10,0,276.0
10109632RIBEIROH_2025-02-21_G03,10109632RIBEIROH,2025-02-21,111418,1,20,0,620.0
10109632RIBEIROH_2025-02-21_G04,10109632RIBEIROH,2025-02-21,111442,1,8,0,348.0
10109632RIBEIROH_2025-02-21_G05,10109632RIBEIROH,2025-02-21,140922,1,23,0,82.0
10109632RIBEIROH_2025-02-21_G06,10109632RIBEIROH,2025-02-21,111330,1,1,0,161.0
10109632RIBEIROH_2025-02-21_G07,10109632RIBEIROH,2025-02-21,110745,1,18,0,85.0
10109632RIBEIROH_2025-02-21_G08,10109632RIBEIROH,2025-02-21,117785,1,108,0,2239.0
10109632RIBEIROH_2025-02-21_G09,10109632RIBEIROH,2025-02-21,118140,1,40,0,472.0
10109632RIBEIROH_2025-02-21_G10,10109632RIBEIROH,2025-02-21,111466,1,90,0,108.0
10109632RIBEIROH_2025-02-21_G11,10109632RIBEIROH,2025-02-21,111462,1,20,0,423.0
10109632RIBEIROH_2025-02-21_G12,10109632RIBEIROH,2025-02-21,111466,1,13,0,88.0
10109632RIBEIROH_2025-02-21_G13,10109632RIBEIROH,2025-02-21,111465,1,4,0,112.0
10109632RIBEIROH_2025-02-21_G15,10109632RIBEIROH,2025-02-21,110515,1,300,0,3171.0
10109632RIBEIROH_2025-02-21_G16,10109632RIBEIROH,2025-02-21,110339,1,8,0,167.0
10109632RIBEIROH_2025-02-21_G17,10109632RIBEIROH,2025-02-21,110313,1,64,0,497.0
10109632RIBEIROH_2025-02-21_G18,10109632RIBEIROH,2025-02-21,109640,1,64,0,1122.0
10109632RIBEIROH_2025-02-21_G19,10109632RIBEIROH,2025-02-21,111530,2,184,30,520.0
10109632RIBEIROH_2025-02-21_G21,10109632RIBEIROH,2025-02-21,110339,1,19,0,864.0
10109632RIBEIROH_2025-02-21_G22,10109632RIBEIROH,2025-02-21,108794,1,80,0,406.0
10109632RIBEIROH_2025-02-21_G23,10109632RIBEIROH,2025-02-21,110743,1,10,0,393.0
10109632RIBEIROH_2025-02-21_G24,10109632RIBEIROH,2025-02-21,111463,1,50,0,215.0
10109632RIBEIROH_2025-02-21_G25,10109632RIBEIROH,2025-02-21,118004,1,60,0,725.0
10109632RIBEIROH_2025-02-21_G26,10109632RIBEIROH,2025-02-21,108711,1,6,0,244.0
10109632RIBEIROH_2025-02-21_G27,10109632RIBEIROH,2025-02-21,111418,1,200,0,302.0
10109632RIBEIROH_2025-02-21_G28,10109632RIBEIROH,2025-02-21,110787,1,61,0,334.0
10109632RIBEIROH_2025-02-22_G02,10109632RIBEIROH,2025-02-22,111442,1,30,0,187.0
10109632RIBEIROH_2025-02-22_G03,10109632RIBEIROH,2025-02-22,117785,1,50,0,139.0
10109632RIBEIROH_2025-02-22_G04,10109632RIBEIROH,2025-02-22,117785,1,50,0,139.0
10109632RIBEIROH_2025-02-22_G05,10109632RIBEIROH,2025-02-22,111469,1,50,0,778.0
10109632RIBEIROH_2025-02-22_G06,10109632RIBEIROH,2025-02-22,117821,1,41,0,362.0
10109632RIBEIROH_2025-02-22_G07,10109632RIBEIROH,2025-02-22,111462,1,59,0,315.0
10109632RIBEIROH_2025-02-22_G08,10109632RIBEIROH,2025-02-22,117808,1,214,0,597.0
10109632RIBEIROH_2025-02-22_G09,10109632RIBEIROH,2025-02-22,117820,1,150,0,192.0
10109632RIBEIROH_2025-02-22_G11,10109632RIBEIROH,2025-02-22,117785,1,12,0,145.0
10109632RIBEIROH_2025-02-22_G12,10109632RIBEIROH,2025-02-22,140922,1,34,0,562.0
10109632RIBEIROH_2025-02-22_G13,10109632RIBEIROH,2025-02-22,117785,1,8,0,355.0
10109632RIBEIROH_2025-02-22_G14,10109632RIBEIROH,2025-02-22,118299,2,16,7,185.0
10109632RIBEIROH_2025-02-22_G15,10109632RIBEIROH,2025-02-22,117808,1,4,0,78.0
10109632RIBEIROH_2025-02-22_G16,10109632RIBEIROH,2025-02-22,117809,1,10,0,134.0
10109632RIBEIROH_2025-02-22_G17,10109632RIBEIROH,2025-02-22,160057,1,2,0,185.0
10109632RIBEIROH_2025-02-22_G18,10109632RIBEIROH,2025-02-22,110752,1,5,0,128.0
10109632RIBEIROH_2025-02-22_G19,10109632RIBEIROH,2025-02-22,118299,1,10,0,74.0
10109632RIBEIROH_2025-02-22_G20,10109632RIBEIROH,2025-02-22,117820,1,4,0,81.0
10109632RIBEIROH_2025-02-22_G21,10109632RIBEIROH,2025-02-22,111876,1,4,0,1004.0
10109632RIBEIROH_2025-02-22_G22,10109632RIBEIROH,2025-02-22,117831,1,5,0,191.0
10109632RIBEIROH_2025-02-22_G23,10109632RIBEIROH,2025-02-22,109641,1,4,0,667.0
10109632RIBEIROH_2025-02-22_G24,10109632RIBEIROH,2025-02-22,110755,1,1,0,81.0
10109632RIBEIROH_2025-02-22_G25,10109632RIBEIROH,2025-02-22,117855,1,12,0,53.0
10109632RIBEIROH_2025-02-22_G26,10109632RIBEIROH,2025-02-22,117831,1,3,0,285.0
10109632RIBEIROH_2025-02-22_G27,10109632RIBEIROH,2025-02-22,111438,1,4,0,220.0
10109632RIBEIROH_2025-02-22_G28,10109632RIBEIROH,2025-02-22,111441,1,2,0,77.0
10109632RIBEIROH_2025-02-22_G29,10109632RIBEIROH,2025-02-22,117855,1,2,0,58.0
10109632RIBEIROH_2025-02-22_G30,10109632RIBEIROH,2025-02-22,110755,1,14,0,176.0
10109632RIBEIROH_2025-02-22_G31,10109632RIBEIROH,2025-02-22,118416,1,6,0,263.0
10109632RIBEIROH_2025-02-22_G32,10109632RIBEIROH,2025-02-22,110582,1,4,0,131.0
10109632RIBEIROH_2025-02-22_G33,10109632RIBEIROH,2025-02-22,117831,1,8,0,185.0
10109632RIBEIROH_2025-02-22_G34,10109632RIBEIROH,2025-02-22,117831,2,18,11,132.0
10109632RIBEIROH_2025-02-22_G35,10109632RIBEIROH,2025-02-22,118004,1,2,0,336.0
10109632RIBEIROH_2025-02-22_G36,10109632RIBEIROH,2025-02-22,105705,1,2,0,95.0
10109632RIBEIROH_2025-02-22_G37,10109632RIBEIROH,2025-02-22,111569,1,2,0,145.0
10109632RIBEIROH_2025-02-22_G38,10109632RIBEIROH,2025-02-22,118299,1,20,0,130.0
10109632RIBEIROH_2025-02-22_G39,10109632RIBEIROH,2025-02-22,"110374, 117808",2,16,14,77.0
10109632RIBEIROH_2025-02-22_G40,10109632RIBEIROH,2025-02-22,117808,1,60,0,452.0
10109632RIBEIROH_2025-02-23_G02,10109632RIBEIROH,2025-02-23,111441,1,12,0,311.0
10109632RIBEIROH_2025-02-23_G03,10109632RIBEIROH,2025-02-23,110711,1,15,0,151.0
10109632RIBEIROH_2025-02-23_G04,10109632RIBEIROH,2025-02-23,117785,1,36,0,180.0
10109632RIBEIROH_2025-02-23_G05,10109632RIBEIROH,2025-02-23,110740,1,15,0,189.0
10109632RIBEIROH_2025-02-23_G06,10109632RIBEIROH,2025-02-23,111463,1,240,0,790.0
10109632RIBEIROH_2025-02-23_G07,10109632RIBEIROH,2025-02-23,111418,1,105,0,241.0
10109632RIBEIROH_2025-02-23_G08,10109632RIBEIROH,2025-02-23,110787,1,60,0,355.0
10109632RIBEIROH_2025-02-23_G09,10109632RIBEIROH,2025-02-23,111469,1,2,0,189.0
10109632RIBEIROH_2025-02-23_G10,10109632RIBEIROH,2025-02-23,117822,1,26,0,270.0
10109632RIBEIROH_2025-02-23_G11,10109632RIBEIROH,2025-02-23,117831,1,46,0,735.0
10109632RIBEIROH_2025-02-23_G12,10109632RIBEIROH,2025-02-23,110325,1,47,0,266.0
10109632RIBEIROH_2025-02-24_G02,10109632RIBEIROH,2025-02-24,110371,1,100,0,471.0
10109632RIBEIROH_2025-02-24_G03,10109632RIBEIROH,2025-02-24,118299,1,400,0,1560.0
10109632RIBEIROH_2025-02-24_G04,10109632RIBEIROH,2025-02-24,117809,1,17,0,300.0
10109632RIBEIROH_2025-02-24_G05,10109632RIBEIROH,2025-02-24,117820,1,120,0,455.0
10109632RIBEIROH_2025-02-24_G06,10109632RIBEIROH,2025-02-24,110373,1,150,0,350.0
10109632RIBEIROH_2025-02-24_G07,10109632RIBEIROH,2025-02-24,117832,1,20,0,408.0
10109632RIBEIROH_2025-02-24_G08,10109632RIBEIROH,2025-02-24,110372,1,169,0,467.0
10109632RIBEIROH_2025-02-24_G09,10109632RIBEIROH,2025-02-24,111465,1,46,0,292.0
10109632RIBEIROH_2025-02-24_G10,10109632RIBEIROH,2025-02-24,110339,1,35,0,223.0
10109632RIBEIROH_2025-02-24_G12,10109632RIBEIROH,2025-02-24,118299,1,9,0,222.0
10109632RIBEIROH_2025-02-24_G13,10109632RIBEIROH,2025-02-24,110374,1,24,0,188.0
10109632RIBEIROH_2025-02-24_G14,10109632RIBEIROH,2025-02-24,117808,1,24,0,325.0
10109632RIBEIROH_2025-02-24_G15,10109632RIBEIROH,2025-02-24,117809,2,7,7,51.0
10109632RIBEIROH_2025-02-24_G16,10109632RIBEIROH,2025-02-24,117820,1,12,0,127.0
10109632RIBEIROH_2025-02-24_G17,10109632RIBEIROH,2025-02-24,110325,1,6,0,169.0
10109632RIBEIROH_2025-02-24_G18,10109632RIBEIROH,2025-02-24,110743,1,2,0,693.0
10109632RIBEIROH_2025-02-24_G19,10109632RIBEIROH,2025-02-24,111463,1,9,0,184.0
10109632RIBEIROH_2025-02-24_G20,10109632RIBEIROH,2025-02-24,117787,1,6,0,158.0
10109632RIBEIROH_2025-02-24_G21,10109632RIBEIROH,2025-02-24,111418,1,19,0,113.0
10109632RIBEIROH_2025-02-24_G22,10109632RIBEIROH,2025-02-24,140922,2,6,7,43.0
10109632RIBEIROH_2025-02-24_G23,10109632RIBEIROH,2025-02-24,111330,1,6,0,73.0
10109632RIBEIROH_2025-02-24_G24,10109632RIBEIROH,2025-02-24,110745,2,4,7,234.0
10109632RIBEIROH_2025-02-24_G25,10109632RIBEIROH,2025-02-24,110748,1,5,0,80.0
10109632RIBEIROH_2025-02-24_G26,10109632RIBEIROH,2025-02-24,110740,1,2,0,64.0
10109632RIBEIROH_2025-02-24_G27,10109632RIBEIROH,2025-02-24,108736,1,2,0,101.0
10109632RIBEIROH_2025-02-24_G28,10109632RIBEIROH,2025-02-24,117785,3,40,19,430.0
10109632RIBEIROH_2025-02-24_G29,10109632RIBEIROH,2025-02-24,117831,2,39,14,272.0
10109632RIBEIROH_2025-02-24_G30,10109632RIBEIROH,2025-02-24,"108794, 160055",2,12,25,172.0
10109632RIBEIROH_2025-02-24_G31,10109632RIBEIROH,2025-02-24,111466,1,2,0,143.0
10109632RIBEIROH_2025-02-24_G32,10109632RIBEIROH,2025-02-24,111469,1,23,0,100.0
10109632RIBEIROH_2025-02-24_G33,10109632RIBEIROH,2025-02-24,111469,1,12,0,278.0
10109632RIBEIROH_2025-02-24_G34,10109632RIBEIROH,2025-02-24,"118140, 117831",2,35,19,1608.0
10109632RIBEIROH_2025-02-24_G35,10109632RIBEIROH,2025-02-24,111462,1,15,0,1173.0
10109632RIBEIROH_2025-02-24_G36,10109632RIBEIROH,2025-02-24,111465,1,6,0,69.0
10109632RIBEIROH_2025-02-24_G37,10109632RIBEIROH,2025-02-24,110515,1,8,0,632.0
10109632RIBEIROH_2025-02-24_G39,10109632RIBEIROH,2025-02-24,118403,1,192,0,2516.0
10109632RIBEIROH_2025-02-24_G40,10109632RIBEIROH,2025-02-24,110325,1,1,0,102.0
10109632RIBEIROH_2025-02-24_G41,10109632RIBEIROH,2025-02-24,110373,1,450,0,159.0
10109632RIBEIROH_2025-02-24_G42,10109632RIBEIROH,2025-02-24,117821,1,108,0,396.0
10109632RIBEIROH_2025-02-25_G02,10109632RIBEIROH,2025-02-25,"114091, 117822",2,25,30,42.0
10109632RIBEIROH_2025-02-25_G05,10109632RIBEIROH,2025-02-25,110325,1,10,0,872.0
10109632RIBEIROH_2025-02-25_G06,10109632RIBEIROH,2025-02-25,110374,3,56,34,103.0
10109632RIBEIROH_2025-02-25_G07,10109632RIBEIROH,2025-02-25,117830,1,15,0,351.0
10109632RIBEIROH_2025-02-25_G08,10109632RIBEIROH,2025-02-25,110373,1,20,0,177.0
10109632RIBEIROH_2025-02-25_G09,10109632RIBEIROH,2025-02-25,117808,1,300,0,505.0
10109632RIBEIROH_2025-02-25_G10,10109632RIBEIROH,2025-02-25,118299,1,200,0,490.0
10109632RIBEIROH_2025-02-25_G11,10109632RIBEIROH,2025-02-25,109643,2,85,10,69.0
10109632RIBEIROH_2025-02-26_G02,10109632RIBEIROH,2025-02-26,110371,1,278,0,347.0
10109632RIBEIROH_2025-02-26_G03,10109632RIBEIROH,2025-02-26,110372,1,233,0,220.0
10109632RIBEIROH_2025-02-26_G04,10109632RIBEIROH,2025-02-26,117808,1,225,0,110.0
10109632RIBEIROH_2025-02-26_G05,10109632RIBEIROH,2025-02-26,110373,1,346,0,238.0
10109632RIBEIROH_2025-02-26_G06,10109632RIBEIROH,2025-02-26,100334,1,16,0,367.0
10109632RIBEIROH_2025-02-26_G07,10109632RIBEIROH,2025-02-26,117856,1,28,0,371.0
10109632RIBEIROH_2025-02-26_G08,10109632RIBEIROH,2025-02-26,110515,1,9,0,403.0
10109632RIBEIROH_2025-02-26_G09,10109632RIBEIROH,2025-02-26,110339,1,9,0,214.0
10109632RIBEIROH_2025-02-26_G10,10109632RIBEIROH,2025-02-26,110339,1,35,0,41.0
10109632RIBEIROH_2025-02-26_G11,10109632RIBEIROH,2025-02-26,111469,1,146,0,848.0
10109632RIBEIROH_2025-02-26_G12,10109632RIBEIROH,2025-02-26,111418,1,255,0,533.0
10109632RIBEIROH_2025-02-26_G14,10109632RIBEIROH,2025-02-26,111463,1,36,0,895.0
10109632RIBEIROH_2025-02-26_G15,10109632RIBEIROH,2025-02-26,110895,1,10,0,1172.0
10109632RIBEIROH_2025-02-26_G16,10109632RIBEIROH,2025-02-26,110580,1,12,0,169.0
10109632RIBEIROH_2025-02-26_G17,10109632RIBEIROH,2025-02-26,140957,1,4,0,120.0
10109632RIBEIROH_2025-02-26_G18,10109632RIBEIROH,2025-02-26,110515,1,3,0,84.0
10109632RIBEIROH_2025-02-26_G19,10109632RIBEIROH,2025-02-26,118140,1,7,0,1020.0
10109632RIBEIROH_2025-02-26_G20,10109632RIBEIROH,2025-02-26,108794,1,4,0,38.0
10109632RIBEIROH_2025-02-26_G21,10109632RIBEIROH,2025-02-26,117822,1,12,0,154.0
10109632RIBEIROH_2025-02-26_G22,10109632RIBEIROH,2025-02-26,117808,1,100,0,532.0
10109632RIBEIROH_2025-02-26_G23,10109632RIBEIROH,2025-02-26,117808,1,130,0,401.0
10109632RIBEIROH_2025-02-26_G24,10109632RIBEIROH,2025-02-26,107830,1,60,0,460.0
10109632RIBEIROH_2025-02-26_G25,10109632RIBEIROH,2025-02-26,117830,1,6,0,134.0
10109632RIBEIROH_2025-02-26_G26,10109632RIBEIROH,2025-02-26,117832,1,100,0,290.0
10109632RIBEIROH_2025-02-26_G27,10109632RIBEIROH,2025-02-26,117832,1,67,0,238.0
10109632RIBEIROH_2025-02-26_G28,10109632RIBEIROH,2025-02-26,110373,1,100,0,130.0
10109632RIBEIROH_2025-02-26_G29,10109632RIBEIROH,2025-02-26,117809,2,87,6,221.0
10109632RIBEIROH_2025-02-26_G30,10109632RIBEIROH,2025-02-26,111463,1,60,0,794.0
10109632RIBEIROH_2025-02-26_G32,10109632RIBEIROH,2025-02-26,110582,1,1,0,267.0
10109632RIBEIROH_2025-02-26_G33,10109632RIBEIROH,2025-02-26,111438,1,4,0,157.0
10109632RIBEIROH_2025-02-26_G34,10109632RIBEIROH,2025-02-26,107892,1,2,0,103.0
10109632RIBEIROH_2025-02-26_G35,10109632RIBEIROH,2025-02-26,110755,3,7,14,77.0
10109632RIBEIROH_2025-02-26_G36,10109632RIBEIROH,2025-02-26,111850,1,4,0,85.0
10109632RIBEIROH_2025-02-26_G37,10109632RIBEIROH,2025-02-26,117836,1,4,0,92.0
10109632RIBEIROH_2025-02-26_G38,10109632RIBEIROH,2025-02-26,111569,1,6,0,111.0
10109632RIBEIROH_2025-02-26_G39,10109632RIBEIROH,2025-02-26,110895,1,8,0,73.0
10109632RIBEIROH_2025-02-26_G40,10109632RIBEIROH,2025-02-26,140988,1,9,0,415.0
10109632RIBEIROH_2025-02-26_G41,10109632RIBEIROH,2025-02-26,107892,2,13,29,507.0
10109632RIBEIROH_2025-02-26_G42,10109632RIBEIROH,2025-02-26,100334,1,7,0,286.0
10109632RIBEIROH_2025-02-26_G43,10109632RIBEIROH,2025-02-26,117835,1,7,0,195.0
10109632RIBEIROH_2025-02-26_G44,10109632RIBEIROH,2025-02-26,117861,1,10,0,223.0
10109632RIBEIROH_2025-02-26_G45,10109632RIBEIROH,2025-02-26,110753,1,2,0,133.0
10109632RIBEIROH_2025-02-26_G46,10109632RIBEIROH,2025-02-26,118298,1,5,0,78.0
10109632RIBEIROH_2025-02-26_G47,10109632RIBEIROH,2025-02-26,117838,1,2,0,126.0
10109632RIBEIROH_2025-02-26_G48,10109632RIBEIROH,2025-02-26,117833,1,4,0,57.0
10109632RIBEIROH_2025-02-26_G49,10109632RIBEIROH,2025-02-26,107236,1,10,0,100.0
10109632RIBEIROH_2025-02-26_G50,10109632RIBEIROH,2025-02-26,110787,1,10,0,122.0
10109632RIBEIROH_2025-02-27_G02,10109632RIBEIROH,2025-02-27,117831,1,10,0,186.0
10109632RIBEIROH_2025-02-27_G03,10109632RIBEIROH,2025-02-27,108794,1,2,0,87.0
10109632RIBEIROH_2025-02-27_G04,10109632RIBEIROH,2025-02-27,111466,1,10,0,498.0
10109632RIBEIROH_2025-02-27_G05,10109632RIBEIROH,2025-02-27,111463,1,10,0,335.0
10109632RIBEIROH_2025-02-27_G06,10109632RIBEIROH,2025-02-27,111469,2,20,12,172.0
10109632RIBEIROH_2025-02-27_G07,10109632RIBEIROH,2025-02-27,111433,1,6,0,129.0
10109632RIBEIROH_2025-02-27_G08,10109632RIBEIROH,2025-02-27,"160054, 110371",2,33,23,100.0
10109632RIBEIROH_2025-02-27_G09,10109632RIBEIROH,2025-02-27,117830,2,14,7,240.0
10109632RIBEIROH_2025-02-27_G10,10109632RIBEIROH,2025-02-27,110372,1,80,0,732.0
10109632RIBEIROH_2025-02-27_G11,10109632RIBEIROH,2025-02-27,117832,1,10,0,107.0
10109632RIBEIROH_2025-02-27_G12,10109632RIBEIROH,2025-02-27,110373,1,70,0,187.0
10109632RIBEIROH_2025-02-27_G13,10109632RIBEIROH,2025-02-27,117808,1,150,0,288.0
10109632RIBEIROH_2025-02-27_G14,10109632RIBEIROH,2025-02-27,117856,4,33,19,420.0
10109632RIBEIROH_2025-02-27_G15,10109632RIBEIROH,2025-02-27,110747,1,6,0,1593.0
10109632RIBEIROH_2025-02-27_G16,10109632RIBEIROH,2025-02-27,110339,1,10,0,279.0
10109632RIBEIROH_2025-02-27_G17,10109632RIBEIROH,2025-02-27,111348,1,4,0,317.0
10109632RIBEIROH_2025-02-27_G18,10109632RIBEIROH,2025-02-27,160054,1,3,0,91.0
10109632RIBEIROH_2025-02-27_G20,10109632RIBEIROH,2025-02-27,109645,1,9,0,210.0
10109632RIBEIROH_2025-02-27_G21,10109632RIBEIROH,2025-02-27,107830,2,8,7,145.0
10109632RIBEIROH_2025-02-27_G22,10109632RIBEIROH,2025-02-27,117809,1,4,0,57.0
10109632RIBEIROH_2025-02-27_G23,10109632RIBEIROH,2025-02-27,117821,1,16,0,253.0
10109632RIBEIROH_2025-02-27_G24,10109632RIBEIROH,2025-02-27,117836,1,4,0,341.0
10109632RIBEIROH_2025-02-27_G25,10109632RIBEIROH,2025-02-27,111569,1,12,0,85.0
10109632RIBEIROH_2025-02-27_G26,10109632RIBEIROH,2025-02-27,111441,1,2,0,217.0
10109632RIBEIROH_2025-02-27_G27,10109632RIBEIROH,2025-02-27,117835,1,4,0,106.0
10109632RIBEIROH_2025-02-27_G28,10109632RIBEIROH,2025-02-27,110711,1,1,0,141.0
10109632RIBEIROH_2025-02-27_G29,10109632RIBEIROH,2025-02-27,111876,1,1,0,49.0
10109632RIBEIROH_2025-02-27_G30,10109632RIBEIROH,2025-02-27,117838,1,2,0,104.0
10109632RIBEIROH_2025-02-27_G31,10109632RIBEIROH,2025-02-27,111442,1,2,0,131.0
10109632RIBEIROH_2025-02-27_G32,10109632RIBEIROH,2025-02-27,140922,1,6,0,73.0
10109632RIBEIROH_2025-02-27_G33,10109632RIBEIROH,2025-02-27,111468,1,4,0,66.0
10109632RIBEIROH_2025-02-27_G34,10109632RIBEIROH,2025-02-27,110374,1,10,0,52.0
10109632RIBEIROH_2025-02-27_G35,10109632RIBEIROH,2025-02-27,111441,1,4,0,374.0
10109632RIBEIROH_2025-02-27_G36,10109632RIBEIROH,2025-02-27,118306,1,4,0,133.0
10109632RIBEIROH_2025-02-27_G37,10109632RIBEIROH,2025-02-27,110895,1,3,0,85.0
10109632RIBEIROH_2025-02-27_G38,10109632RIBEIROH,2025-02-27,111602,1,3,0,83.0
10109632RIBEIROH_2025-02-27_G39,10109632RIBEIROH,2025-02-27,111876,1,4,0,53.0
10109632RIBEIROH_2025-02-27_G40,10109632RIBEIROH,2025-02-27,111466,1,3,0,97.0
10109632RIBEIROH_2025-02-27_G41,10109632RIBEIROH,2025-02-27,110339,1,6,0,310.0
10109632RIBEIROH_2025-02-27_G42,10109632RIBEIROH,2025-02-27,117787,1,8,0,102.0
10109632RIBEIROH_2025-02-27_G43,10109632RIBEIROH,2025-02-27,107830,1,13,0,118.0
10109632RIBEIROH_2025-02-27_G44,10109632RIBEIROH,2025-02-27,105705,1,1,0,166.0
10109632RIBEIROH_2025-02-27_G45,10109632RIBEIROH,2025-02-27,110742,1,2,0,109.0
10109632RIBEIROH_2025-02-27_G46,10109632RIBEIROH,2025-02-27,118222,1,8,0,70.0
10109632RIBEIROH_2025-02-27_G47,10109632RIBEIROH,2025-02-27,111602,1,8,0,139.0
10109632RIBEIROH_2025-02-27_G48,10109632RIBEIROH,2025-02-27,110711,1,8,0,44.0
10109632RIBEIROH_2025-02-27_G49,10109632RIBEIROH,2025-02-27,107236,1,4,0,51.0
10109632RIBEIROH_2025-02-27_G50,10109632RIBEIROH,2025-02-27,111743,1,4,0,84.0
10109632RIBEIROH_2025-02-27_G51,10109632RIBEIROH,2025-02-27,111466,1,2,0,32.0
10109632RIBEIROH_2025-02-27_G52,10109632RIBEIROH,2025-02-27,111465,1,8,0,68.0
10109632RIBEIROH_2025-02-27_G53,10109632RIBEIROH,2025-02-27,111850,1,1,0,199.0
10109632RIBEIROH_2025-02-27_G54,10109632RIBEIROH,2025-02-27,110313,1,4,0,84.0
10109632RIBEIROH_2025-02-27_G55,10109632RIBEIROH,2025-02-27,110711,1,3,0,93.0
10109632RIBEIROH_2025-02-27_G56,10109632RIBEIROH,2025-02-27,111468,1,4,0,74.0
10109632RIBEIROH_2025-02-27_G57,10109632RIBEIROH,2025-02-27,111743,1,4,0,145.0
10109632RIBEIROH_2025-02-27_G58,10109632RIBEIROH,2025-02-27,118306,1,8,0,248.0
10109632RIBEIROH_2025-02-27_G59,10109632RIBEIROH,2025-02-27,110711,1,2,0,73.0
10109632RIBEIROH_2025-02-27_G60,10109632RIBEIROH,2025-02-27,109645,1,4,0,166.0
10109632RIBEIROH_2025-02-27_G61,10109632RIBEIROH,2025-02-27,160054,1,12,0,38.0
10109632RIBEIROH_2025-02-27_G62,10109632RIBEIROH,2025-02-27,118222,1,16,0,153.0
10109632RIBEIROH_2025-02-27_G63,10109632RIBEIROH,2025-02-27,110755,1,7,0,155.0
10109632RIBEIROH_2025-02-27_G64,10109632RIBEIROH,2025-02-27,"111602, 110711",2,18,13,146.0
10109632RIBEIROH_2025-02-27_G65,10109632RIBEIROH,2025-02-27,141047,1,4,0,191.0
10109632RIBEIROH_2025-02-27_G66,10109632RIBEIROH,2025-02-27,110787,1,27,0,166.0
10109632RIBEIROH_2025-02-27_G67,10109632RIBEIROH,2025-02-27,117831,1,20,0,625.0
10109632RIBEIROH_2025-02-27_G68,10109632RIBEIROH,2025-02-27,117836,1,1,0,335.0
10109632RIBEIROH_2025-02-27_G69,10109632RIBEIROH,2025-02-27,110313,1,2,0,306.0
10109632RIBEIROH_2025-02-27_G70,10109632RIBEIROH,2025-02-27,110787,1,3,0,191.0
10109632RIBEIROH_2025-02-27_G71,10109632RIBEIROH,2025-02-27,110740,1,4,0,97.0
10109632RIBEIROH_2025-02-27_G72,10109632RIBEIROH,2025-02-27,140957,1,4,0,148.0
10109632RIBEIROH_2025-02-27_G73,10109632RIBEIROH,2025-02-27,110339,1,2,0,105.0
10109632RIBEIROH_2025-02-27_G74,10109632RIBEIROH,2025-02-27,110743,1,12,0,350.0
10109632RIBEIROH_2025-02-27_G75,10109632RIBEIROH,2025-02-27,107830,1,5,0,197.0
10109632RIBEIROH_2025-02-27_G77,10109632RIBEIROH,2025-02-27,111430,1,8,0,119.0
10109632RIBEIROH_2025-02-27_G78,10109632RIBEIROH,2025-02-27,110747,1,4,0,90.0
10109632RIBEIROH_2025-02-27_G79,10109632RIBEIROH,2025-02-27,107892,1,4,0,136.0
10109632RIBEIROH_2025-02-27_G80,10109632RIBEIROH,2025-02-27,111441,1,4,0,189.0
10109632RIBEIROH_2025-02-27_G81,10109632RIBEIROH,2025-02-27,109647,1,12,0,419.0
10109632RIBEIROH_2025-02-27_G82,10109632RIBEIROH,2025-02-27,110733,1,24,0,683.0
10109632RIBEIROH_2025-02-27_G83,10109632RIBEIROH,2025-02-27,111467,1,15,0,224.0
10109632RIBEIROH_2025-02-27_G84,10109632RIBEIROH,2025-02-27,117855,2,24,12,96.0
10109632RIBEIROH_2025-02-27_G85,10109632RIBEIROH,2025-02-27,110753,1,4,0,295.0
10109632RIBEIROH_2025-02-27_G86,10109632RIBEIROH,2025-02-27,111602,1,104,0,457.0
10109632RIBEIROH_2025-02-27_G87,10109632RIBEIROH,2025-02-27,110515,1,26,0,284.0
10109632RIBEIROH_2025-02-28_G02,10109632RIBEIROH,2025-02-28,117786,1,20,0,317.0
10109632RIBEIROH_2025-02-28_G03,10109632RIBEIROH,2025-02-28,117838,1,4,0,260.0
10109632RIBEIROH_2025-02-28_G04,10109632RIBEIROH,2025-02-28,111443,1,12,0,181.0
10109632RIBEIROH_2025-02-28_G05,10109632RIBEIROH,2025-02-28,111530,1,51,0,109.0
10109632RIBEIROH_2025-02-28_G06,10109632RIBEIROH,2025-02-28,111530,1,73,0,897.0
10109632RIBEIROH_2025-02-28_G07,10109632RIBEIROH,2025-02-28,117833,1,9,0,615.0
10109632RIBEIROH_2025-02-28_G08,10109632RIBEIROH,2025-02-28,117787,1,4,0,124.0
10109632RIBEIROH_2025-02-28_G09,10109632RIBEIROH,2025-02-28,111172,1,12,0,94.0
10109632RIBEIROH_2025-02-28_G10,10109632RIBEIROH,2025-02-28,110515,1,46,0,521.0
10109632RIBEIROH_2025-02-28_G11,10109632RIBEIROH,2025-02-28,110332,1,12,0,389.0
10109632RIBEIROH_2025-02-28_G12,10109632RIBEIROH,2025-02-28,111466,1,108,0,821.0
10109632RIBEIROH_2025-02-28_G13,10109632RIBEIROH,2025-02-28,108961,1,10,0,510.0
10109632RIBEIROH_2025-02-28_G15,10109632RIBEIROH,2025-02-28,110787,1,40,0,829.0
10109632RIBEIROH_2025-02-28_G16,10109632RIBEIROH,2025-02-28,117833,1,32,0,297.0
10109632RIBEIROH_2025-02-28_G17,10109632RIBEIROH,2025-02-28,107629,1,22,0,299.0
10109632RIBEIROH_2025-02-28_G18,10109632RIBEIROH,2025-02-28,111469,1,32,0,831.0
10109632RIBEIROH_2025-02-28_G19,10109632RIBEIROH,2025-02-28,118140,1,56,0,230.0
10109632RIBEIROH_2025-02-28_G20,10109632RIBEIROH,2025-02-28,111463,1,152,0,648.0
10109632RIBEIROH_2025-02-28_G21,10109632RIBEIROH,2025-02-28,117837,1,4,0,32.0
10109632RIBEIROH_2025-02-28_G22,10109632RIBEIROH,2025-02-28,110376,1,7,0,234.0
10109632RIBEIROH_2025-02-28_G23,10109632RIBEIROH,2025-02-28,110374,1,32,0,159.0
10109632RIBEIROH_2025-02-28_G24,10109632RIBEIROH,2025-02-28,111348,1,27,0,538.0
10109632RIBEIROH_2025-02-28_G25,10109632RIBEIROH,2025-02-28,117830,1,12,0,95.0
10109632RIBEIROH_2025-02-28_G26,10109632RIBEIROH,2025-02-28,107830,1,8,0,104.0
10109632RIBEIROH_2025-02-28_G27,10109632RIBEIROH,2025-02-28,117832,1,4,0,129.0
10109632RIBEIROH_2025-02-28_G28,10109632RIBEIROH,2025-02-28,109643,1,88,0,380.0
10109632RIBEIROH_2025-02-28_G29,10109632RIBEIROH,2025-02-28,105705,1,24,0,156.0
10109632RIBEIROH_2025-02-28_G30,10109632RIBEIROH,2025-02-28,117833,1,23,0,2997.0
10109632RIBEIROH_2025-02-28_G31,10109632RIBEIROH,2025-02-28,111348,1,8,0,200.0
10109632RIBEIROH_2025-02-28_G32,10109632RIBEIROH,2025-02-28,117831,1,8,0,455.0
10109632RIBEIROH_2025-02-28_G33,10109632RIBEIROH,2025-02-28,110743,1,3,0,356.0
10109632RIBEIROH_2025-02-28_G34,10109632RIBEIROH,2025-02-28,110580,1,11,0,408.0
10109632RIBEIROH_2025-02-28_G36,10109632RIBEIROH,2025-02-28,109647,1,12,0,123.0
10109632RIBEIROH_2025-02-28_G37,10109632RIBEIROH,2025-02-28,110733,1,13,0,150.0
10109632RIBEIROH_2025-02-28_G38,10109632RIBEIROH,2025-02-28,117833,2,27,7,121.0
10109632RIBEIROH_2025-02-28_G39,10109632RIBEIROH,2025-02-28,117935,1,40,0,192.0
10109632RIBEIROH_2025-02-28_G40,10109632RIBEIROH,2025-02-28,117935,1,42,0,282.0
10109632RIBEIROH_2025-02-28_G41,10109632RIBEIROH,2025-02-28,118222,1,6,0,842.0
10109632RIBEIROH_2025-02-28_G42,10109632RIBEIROH,2025-02-28,109937,2,4,6,274.0
10109632RIBEIROH_2025-02-28_G43,10109632RIBEIROH,2025-02-28,111569,1,4,0,95.0
10109632RIBEIROH_2025-02-28_G44,10109632RIBEIROH,2025-02-28,110895,2,20,9,110.0
10109632RIBEIROH_2025-02-28_G45,10109632RIBEIROH,2025-02-28,111436,2,2,6,1450.0
10109632RIBEIROH_2025-02-28_G46,10109632RIBEIROH,2025-02-28,"118290, 111775, 109974",4,5,57,111.0
10109632RIBEIROH_2025-02-28_G47,10109632RIBEIROH,2025-02-28,110733,1,12,0,1108.0
10109632RIBEIROH_2025-02-28_G48,10109632RIBEIROH,2025-02-28,111602,1,90,0,127.0
10109632RIBEIROH_2025-02-28_G49,10109632RIBEIROH,2025-02-28,110515,1,20,0,459.0
10109632RIBEIROH_2025-02-28_G50,10109632RIBEIROH,2025-02-28,111530,1,12,0,321.0
10109632RIBEIROH_2025-02-28_G51,10109632RIBEIROH,2025-02-28,111469,2,20,6,1227.0
10109632RIBEIROH_2025-02-28_G52,10109632RIBEIROH,2025-02-28,111418,1,44,0,309.0
10109632RIBEIROH_2025-02-28_G53,10109632RIBEIROH,2025-02-28,111462,1,30,0,531.0
10109632RIBEIROH_2025-02-28_G54,10109632RIBEIROH,2025-02-28,140922,1,40,0,359.0
10109632RIBEIROH_2025-02-28_G55,10109632RIBEIROH,2025-02-28,107629,1,105,0,1529.0
10109632RIBEIROH_2025-02-28_G56,10109632RIBEIROH,2025-02-28,117821,1,12,0,347.0
10109632RIBEIROH_2025-02-28_G57,10109632RIBEIROH,2025-02-28,111330,1,1,0,333.0
10109632RIBEIROH_2025-02-28_G58,10109632RIBEIROH,2025-02-28,117785,1,150,0,465.0
10109632RIBEIROH_2025-02-28_G59,10109632RIBEIROH,2025-02-28,111466,1,128,0,203.0
10109632RIBEIROH_2025-02-28_G60,10109632RIBEIROH,2025-02-28,111812,1,5,0,130.0
10109632RIBEIROH_2025-03-01_G02,10109632RIBEIROH,2025-03-01,110372,1,320,0,72.0
10109632RIBEIROH_2025-03-01_G03,10109632RIBEIROH,2025-03-01,110374,1,10,0,103.0
10109632RIBEIROH_2025-03-01_G04,10109632RIBEIROH,2025-03-01,111751,1,230,0,47.0
10109647SOUSAA_2025-01-12_G02,10109647SOUSAA,2025-01-12,117821,1,20,0,166.0
10109647SOUSAA_2025-01-12_G03,10109647SOUSAA,2025-01-12,110740,1,5,0,164.0
10109647SOUSAA_2025-01-12_G04,10109647SOUSAA,2025-01-12,110787,1,15,0,93.0
10109647SOUSAA_2025-01-12_G05,10109647SOUSAA,2025-01-12,110751,1,4,0,91.0
10109647SOUSAA_2025-01-12_G06,10109647SOUSAA,2025-01-12,117842,1,4,0,97.0
10109647SOUSAA_2025-01-12_G07,10109647SOUSAA,2025-01-12,117787,1,2,0,42.0
10109647SOUSAA_2025-01-12_G08,10109647SOUSAA,2025-01-12,109645,1,6,0,81.0
10109647SOUSAA_2025-01-12_G09,10109647SOUSAA,2025-01-12,110743,1,8,0,254.0
10109647SOUSAA_2025-01-12_G10,10109647SOUSAA,2025-01-12,117833,1,50,0,813.0
10109647SOUSAA_2025-01-12_G11,10109647SOUSAA,2025-01-12,117785,1,40,0,269.0
10109647SOUSAA_2025-01-13_G02,10109647SOUSAA,2025-01-13,111469,1,19,0,129.0
10109647SOUSAA_2025-01-13_G03,10109647SOUSAA,2025-01-13,117831,1,20,0,415.0
10109647SOUSAA_2025-01-13_G04,10109647SOUSAA,2025-01-13,117820,1,8,0,444.0
10109647SOUSAA_2025-01-13_G05,10109647SOUSAA,2025-01-13,117808,1,44,0,395.0
10109647SOUSAA_2025-01-13_G06,10109647SOUSAA,2025-01-13,111602,1,4,0,438.0
10109647SOUSAA_2025-01-13_G07,10109647SOUSAA,2025-01-13,117830,1,3,0,228.0
10109647SOUSAA_2025-01-13_G08,10109647SOUSAA,2025-01-13,118299,1,8,0,73.0
10109647SOUSAA_2025-01-13_G09,10109647SOUSAA,2025-01-13,108794,1,2,0,700.0
10109647SOUSAA_2025-01-13_G10,10109647SOUSAA,2025-01-13,109641,1,2,0,81.0
10109647SOUSAA_2025-01-13_G11,10109647SOUSAA,2025-01-13,117831,1,2,0,65.0
10109647SOUSAA_2025-01-13_G12,10109647SOUSAA,2025-01-13,117831,1,12,0,74.0
10109647SOUSAA_2025-01-13_G13,10109647SOUSAA,2025-01-13,111418,1,4,0,37.0
10109647SOUSAA_2025-01-13_G14,10109647SOUSAA,2025-01-13,117842,1,4,0,101.0
10109647SOUSAA_2025-01-13_G15,10109647SOUSAA,2025-01-13,111465,1,2,0,77.0
10109647SOUSAA_2025-01-13_G16,10109647SOUSAA,2025-01-13,111463,1,4,0,100.0
10109647SOUSAA_2025-01-13_G17,10109647SOUSAA,2025-01-13,111463,1,2,0,56.0
10109647SOUSAA_2025-01-13_G18,10109647SOUSAA,2025-01-13,117820,1,2,0,122.0
10109647SOUSAA_2025-01-13_G19,10109647SOUSAA,2025-01-13,117808,1,36,0,179.0
10109647SOUSAA_2025-01-13_G20,10109647SOUSAA,2025-01-13,118299,1,12,0,291.0
10109647SOUSAA_2025-01-13_G21,10109647SOUSAA,2025-01-13,110742,1,2,0,384.0
10109647SOUSAA_2025-01-13_G22,10109647SOUSAA,2025-01-13,117820,1,13,0,184.0
10109647SOUSAA_2025-01-13_G23,10109647SOUSAA,2025-01-13,117808,1,15,0,180.0
10109647SOUSAA_2025-01-13_G24,10109647SOUSAA,2025-01-13,111463,1,4,0,237.0
10109647SOUSAA_2025-01-13_G25,10109647SOUSAA,2025-01-13,118299,1,18,0,127.0
10109647SOUSAA_2025-01-13_G26,10109647SOUSAA,2025-01-13,111441,1,2,0,119.0
10109647SOUSAA_2025-01-13_G27,10109647SOUSAA,2025-01-13,117808,1,40,0,276.0
10109647SOUSAA_2025-01-13_G28,10109647SOUSAA,2025-01-13,117862,1,6,0,178.0
10109647SOUSAA_2025-01-13_G29,10109647SOUSAA,2025-01-13,118299,1,8,0,109.0
10109647SOUSAA_2025-01-13_G30,10109647SOUSAA,2025-01-13,111442,1,4,0,172.0
10109647SOUSAA_2025-01-13_G32,10109647SOUSAA,2025-01-13,117808,1,30,0,187.0
10109647SOUSAA_2025-01-13_G33,10109647SOUSAA,2025-01-13,111441,1,4,0,92.0
10109647SOUSAA_2025-01-13_G34,10109647SOUSAA,2025-01-13,118299,1,3,0,128.0
10109647SOUSAA_2025-01-13_G35,10109647SOUSAA,2025-01-13,117820,1,6,0,163.0
10109647SOUSAA_2025-01-13_G36,10109647SOUSAA,2025-01-13,117808,1,47,0,378.0
10109647SOUSAA_2025-01-13_G37,10109647SOUSAA,2025-01-13,117809,1,4,0,163.0
10109647SOUSAA_2025-01-13_G38,10109647SOUSAA,2025-01-13,118299,1,12,0,330.0
10109647SOUSAA_2025-01-13_G39,10109647SOUSAA,2025-01-13,111441,1,4,0,101.0
10109647SOUSAA_2025-01-13_G40,10109647SOUSAA,2025-01-13,111463,1,4,0,356.0
10109647SOUSAA_2025-01-13_G41,10109647SOUSAA,2025-01-13,111569,1,251,0,2151.0
10109647SOUSAA_2025-01-13_G42,10109647SOUSAA,2025-01-13,118222,1,180,0,2533.0
10109647SOUSAA_2025-01-13_G43,10109647SOUSAA,2025-01-13,109647,1,89,0,1599.0
10109647SOUSAA_2025-01-13_G44,10109647SOUSAA,2025-01-13,109747,1,9,0,1613.0
10109647SOUSAA_2025-01-13_G45,10109647SOUSAA,2025-01-13,117820,1,24,0,142.0
10109647SOUSAA_2025-01-13_G46,10109647SOUSAA,2025-01-13,110372,1,18,0,495.0
10109647SOUSAA_2025-01-13_G48,10109647SOUSAA,2025-01-13,110376,1,2,0,77.0
10109647SOUSAA_2025-01-13_G49,10109647SOUSAA,2025-01-13,108794,1,8,0,98.0
10109647SOUSAA_2025-01-13_G50,10109647SOUSAA,2025-01-13,110129,1,3,0,65.0
10109647SOUSAA_2025-01-13_G51,10109647SOUSAA,2025-01-13,110313,1,1,0,95.0
10109647SOUSAA_2025-01-13_G52,10109647SOUSAA,2025-01-13,110313,1,2,0,35.0
10109647SOUSAA_2025-01-13_G53,10109647SOUSAA,2025-01-13,118094,1,10,0,262.0
10109647SOUSAA_2025-01-13_G54,10109647SOUSAA,2025-01-13,117861,1,4,0,136.0
10109647SOUSAA_2025-01-13_G55,10109647SOUSAA,2025-01-13,"110740, 110787, 117786",3,15,51,157.0
10109647SOUSAA_2025-01-13_G56,10109647SOUSAA,2025-01-13,117820,1,10,0,33.0
10109647SOUSAA_2025-01-13_G57,10109647SOUSAA,2025-01-13,111418,1,24,0,787.0
10109647SOUSAA_2025-01-13_G58,10109647SOUSAA,2025-01-13,109645,1,1,0,88.0
10109647SOUSAA_2025-01-13_G59,10109647SOUSAA,2025-01-13,108798,1,6,0,225.0
10109647SOUSAA_2025-01-13_G60,10109647SOUSAA,2025-01-13,117833,1,20,0,169.0
10109647SOUSAA_2025-01-13_G61,10109647SOUSAA,2025-01-13,117787,1,6,0,136.0
10109647SOUSAA_2025-01-13_G62,10109647SOUSAA,2025-01-13,117821,1,4,0,41.0
10109647SOUSAA_2025-01-13_G63,10109647SOUSAA,2025-01-13,"108772, 110733",2,10,18,34.0
10109647SOUSAA_2025-01-13_G64,10109647SOUSAA,2025-01-13,117809,1,16,0,52.0
10109647SOUSAA_2025-01-13_G65,10109647SOUSAA,2025-01-13,117832,1,2,0,196.0
10109647SOUSAA_2025-01-14_G02,10109647SOUSAA,2025-01-14,111468,1,30,0,579.0
10109647SOUSAA_2025-01-14_G03,10109647SOUSAA,2025-01-14,111462,1,20,0,162.0
10109647SOUSAA_2025-01-14_G04,10109647SOUSAA,2025-01-14,108711,1,12,0,1599.0
10109647SOUSAA_2025-01-14_G05,10109647SOUSAA,2025-01-14,117830,1,4,0,124.0
10109647SOUSAA_2025-01-14_G06,10109647SOUSAA,2025-01-14,117808,1,16,0,165.0
10109647SOUSAA_2025-01-14_G07,10109647SOUSAA,2025-01-14,117831,1,4,0,98.0
10109647SOUSAA_2025-01-14_G08,10109647SOUSAA,2025-01-14,117832,1,4,0,246.0
10109647SOUSAA_2025-01-14_G09,10109647SOUSAA,2025-01-14,108772,1,4,0,128.0
10109647SOUSAA_2025-01-14_G10,10109647SOUSAA,2025-01-14,111441,1,3,0,163.0
10109647SOUSAA_2025-01-14_G11,10109647SOUSAA,2025-01-14,108711,1,2,0,55.0
10109647SOUSAA_2025-01-14_G12,10109647SOUSAA,2025-01-14,111441,1,3,0,174.0
10109647SOUSAA_2025-01-14_G13,10109647SOUSAA,2025-01-14,140922,1,3,0,135.0
10109647SOUSAA_2025-01-14_G14,10109647SOUSAA,2025-01-14,111530,1,5,0,273.0
10109647SOUSAA_2025-01-14_G15,10109647SOUSAA,2025-01-14,118140,1,2,0,42.0
10109647SOUSAA_2025-01-14_G16,10109647SOUSAA,2025-01-14,111467,1,4,0,139.0
10109647SOUSAA_2025-01-14_G17,10109647SOUSAA,2025-01-14,118094,1,2,0,63.0
10109647SOUSAA_2025-01-14_G18,10109647SOUSAA,2025-01-14,110787,1,4,0,127.0
10109647SOUSAA_2025-01-14_G19,10109647SOUSAA,2025-01-14,111418,1,2,0,49.0
10109647SOUSAA_2025-01-14_G20,10109647SOUSAA,2025-01-14,111468,1,4,0,138.0
10109647SOUSAA_2025-01-14_G21,10109647SOUSAA,2025-01-14,111469,1,4,0,57.0
10109647SOUSAA_2025-01-14_G22,10109647SOUSAA,2025-01-14,110711,1,4,0,121.0
10109647SOUSAA_2025-01-14_G23,10109647SOUSAA,2025-01-14,111861,1,1,0,52.0
10109647SOUSAA_2025-01-14_G24,10109647SOUSAA,2025-01-14,110747,1,4,0,104.0
10109647SOUSAA_2025-01-14_G25,10109647SOUSAA,2025-01-14,118222,1,2,0,114.0
10109647SOUSAA_2025-01-14_G26,10109647SOUSAA,2025-01-14,108711,1,3,0,309.0
10109647SOUSAA_2025-01-14_G27,10109647SOUSAA,2025-01-14,117820,1,4,0,116.0
10109647SOUSAA_2025-01-14_G28,10109647SOUSAA,2025-01-14,110740,1,3,0,61.0
10109647SOUSAA_2025-01-14_G29,10109647SOUSAA,2025-01-14,110740,1,4,0,32.0
10109647SOUSAA_2025-01-14_G30,10109647SOUSAA,2025-01-14,117832,2,5,17,128.0
10109647SOUSAA_2025-01-14_G31,10109647SOUSAA,2025-01-14,111463,1,1,0,308.0
10109647SOUSAA_2025-01-14_G33,10109647SOUSAA,2025-01-14,111530,1,2,0,256.0
10109647SOUSAA_2025-01-14_G34,10109647SOUSAA,2025-01-14,110752,1,1,0,89.0
10109647SOUSAA_2025-01-14_G35,10109647SOUSAA,2025-01-14,109647,1,4,0,87.0
10109647SOUSAA_2025-01-14_G36,10109647SOUSAA,2025-01-14,141047,1,4,0,181.0
10109647SOUSAA_2025-01-14_G37,10109647SOUSAA,2025-01-14,118222,1,20,0,1016.0
10109647SOUSAA_2025-01-14_G38,10109647SOUSAA,2025-01-14,111752,1,6,0,233.0
10109647SOUSAA_2025-01-14_G39,10109647SOUSAA,2025-01-14,111530,1,64,0,32.0
10109647SOUSAA_2025-01-14_G40,10109647SOUSAA,2025-01-14,110313,1,222,0,658.0
10109647SOUSAA_2025-01-14_G41,10109647SOUSAA,2025-01-14,117786,1,487,0,1270.0
10109647SOUSAA_2025-01-14_G42,10109647SOUSAA,2025-01-14,110752,1,5,0,607.0
10109647SOUSAA_2025-01-14_G43,10109647SOUSAA,2025-01-14,117830,1,30,0,1818.0
10109647SOUSAA_2025-01-14_G44,10109647SOUSAA,2025-01-14,117830,1,50,0,320.0
10109647SOUSAA_2025-01-14_G45,10109647SOUSAA,2025-01-14,118299,1,159,0,1008.0
10109647SOUSAA_2025-01-14_G46,10109647SOUSAA,2025-01-14,117808,2,646,7,750.0
10109647SOUSAA_2025-01-15_G02,10109647SOUSAA,2025-01-15,111467,1,12,0,2610.0
10109647SOUSAA_2025-01-15_G03,10109647SOUSAA,2025-01-15,109747,1,8,0,143.0
10109647SOUSAA_2025-01-15_G05,10109647SOUSAA,2025-01-15,111433,1,2,0,178.0
10109647SOUSAA_2025-01-15_G06,10109647SOUSAA,2025-01-15,117831,1,20,0,691.0
10109647SOUSAA_2025-01-15_G07,10109647SOUSAA,2025-01-15,109643,1,4,0,74.0
10109647SOUSAA_2025-01-15_G08,10109647SOUSAA,2025-01-15,140922,1,10,0,153.0
10109647SOUSAA_2025-01-15_G09,10109647SOUSAA,2025-01-15,117862,1,20,0,302.0
10109647SOUSAA_2025-01-15_G10,10109647SOUSAA,2025-01-15,118222,1,4,0,419.0
10109647SOUSAA_2025-01-15_G11,10109647SOUSAA,2025-01-15,117787,1,12,0,167.0
10109647SOUSAA_2025-01-15_G12,10109647SOUSAA,2025-01-15,117785,1,31,0,377.0
10109647SOUSAA_2025-01-15_G13,10109647SOUSAA,2025-01-15,111418,1,32,0,591.0
10109647SOUSAA_2025-01-15_G14,10109647SOUSAA,2025-01-15,108361,1,5,0,164.0
10109647SOUSAA_2025-01-15_G15,10109647SOUSAA,2025-01-15,"118416, 118403, 117853, 110752, 110063, 110753, 111353",7,143,148,42.0
10109647SOUSAA_2025-01-15_G16,10109647SOUSAA,2025-01-15,114091,1,6,0,44.0
10109647SOUSAA_2025-01-15_G17,10109647SOUSAA,2025-01-15,"118286, 110080, 110030, 111437, 140911",5,26,80,3278.0
10109647SOUSAA_2025-01-15_G18,10109647SOUSAA,2025-01-15,110454,1,2,0,49.0
10109647SOUSAA_2025-01-15_G19,10109647SOUSAA,2025-01-15,108411,1,1,0,58.0
10109647SOUSAA_2025-01-15_G20,10109647SOUSAA,2025-01-15,110583,1,3,0,40.0
10109647SOUSAA_2025-01-15_G22,10109647SOUSAA,2025-01-15,107830,1,12,0,331.0
10109647SOUSAA_2025-01-15_G23,10109647SOUSAA,2025-01-15,110325,1,3,0,437.0
10109647SOUSAA_2025-01-15_G24,10109647SOUSAA,2025-01-15,118299,1,139,0,739.0
10109647SOUSAA_2025-01-15_G25,10109647SOUSAA,2025-01-15,110580,1,8,0,241.0
10109647SOUSAA_2025-01-15_G26,10109647SOUSAA,2025-01-15,108794,1,32,0,413.0
10109647SOUSAA_2025-01-15_G27,10109647SOUSAA,2025-01-15,110339,1,4,0,80.0
10109647SOUSAA_2025-01-15_G28,10109647SOUSAA,2025-01-15,117853,1,20,0,143.0
10109647SOUSAA_2025-01-15_G29,10109647SOUSAA,2025-01-15,110756,1,6,0,94.0
10109647SOUSAA_2025-01-16_G02,10109647SOUSAA,2025-01-16,111439,1,12,0,376.0
10109647SOUSAA_2025-01-16_G03,10109647SOUSAA,2025-01-16,110752,1,24,0,187.0
10109647SOUSAA_2025-01-16_G04,10109647SOUSAA,2025-01-16,111650,1,8,0,70.0
10109647SOUSAA_2025-01-16_G05,10109647SOUSAA,2025-01-16,111467,1,40,0,475.0
10109647SOUSAA_2025-01-16_G06,10109647SOUSAA,2025-01-16,117830,1,26,0,137.0
10109647SOUSAA_2025-01-16_G07,10109647SOUSAA,2025-01-16,109640,1,12,0,444.0
10109647SOUSAA_2025-01-16_G08,10109647SOUSAA,2025-01-16,140922,1,48,0,530.0
10109647SOUSAA_2025-01-16_G09,10109647SOUSAA,2025-01-16,111879,1,8,0,285.0
10109647SOUSAA_2025-01-16_G10,10109647SOUSAA,2025-01-16,117840,1,10,0,282.0
10109647SOUSAA_2025-01-16_G11,10109647SOUSAA,2025-01-16,110751,1,8,0,132.0
10109647SOUSAA_2025-01-16_G12,10109647SOUSAA,2025-01-16,108798,1,12,0,76.0
10109647SOUSAA_2025-01-16_G13,10109647SOUSAA,2025-01-16,118094,1,40,0,295.0
10109647SOUSAA_2025-01-16_G14,10109647SOUSAA,2025-01-16,117861,1,17,0,129.0
10109647SOUSAA_2025-01-16_G15,10109647SOUSAA,2025-01-16,108795,1,16,0,225.0
10109647SOUSAA_2025-01-16_G16,10109647SOUSAA,2025-01-16,108711,1,12,0,333.0
10109647SOUSAA_2025-01-16_G17,10109647SOUSAA,2025-01-16,118298,1,24,0,406.0
10109647SOUSAA_2025-01-16_G18,10109647SOUSAA,2025-01-16,117965,1,20,0,144.0
10109647SOUSAA_2025-01-16_G19,10109647SOUSAA,2025-01-16,117832,1,25,0,215.0
10109647SOUSAA_2025-01-16_G21,10109647SOUSAA,2025-01-16,105242,1,2,0,126.0
10109647SOUSAA_2025-01-16_G22,10109647SOUSAA,2025-01-16,109643,1,20,0,218.0
10109647SOUSAA_2025-01-16_G23,10109647SOUSAA,2025-01-16,141047,1,19,0,323.0
10109647SOUSAA_2025-01-16_G24,10109647SOUSAA,2025-01-16,108772,1,6,0,82.0
10109647SOUSAA_2025-01-16_G25,10109647SOUSAA,2025-01-16,117787,1,20,0,133.0
10109647SOUSAA_2025-01-16_G26,10109647SOUSAA,2025-01-16,108736,1,10,0,73.0
10109647SOUSAA_2025-01-16_G27,10109647SOUSAA,2025-01-16,110733,1,52,0,594.0
10109647SOUSAA_2025-01-16_G28,10109647SOUSAA,2025-01-16,111743,1,20,0,136.0
10109647SOUSAA_2025-01-16_G29,10109647SOUSAA,2025-01-16,111465,1,26,0,338.0
10109647SOUSAA_2025-01-16_G30,10109647SOUSAA,2025-01-16,110711,1,30,0,289.0
10109647SOUSAA_2025-01-16_G31,10109647SOUSAA,2025-01-16,111418,1,52,0,648.0
10109647SOUSAA_2025-01-16_G32,10109647SOUSAA,2025-01-16,117838,1,8,0,76.0
10109647SOUSAA_2025-01-16_G33,10109647SOUSAA,2025-01-16,110743,1,12,0,87.0
10109647SOUSAA_2025-01-16_G34,10109647SOUSAA,2025-01-16,117856,1,37,0,466.0
10109647SOUSAA_2025-01-16_G35,10109647SOUSAA,2025-01-16,110741,1,13,0,225.0
10109647SOUSAA_2025-01-16_G36,10109647SOUSAA,2025-01-16,111468,1,13,0,93.0
10109647SOUSAA_2025-01-16_G37,10109647SOUSAA,2025-01-16,117842,1,8,0,98.0
10109647SOUSAA_2025-01-16_G38,10109647SOUSAA,2025-01-16,111598,1,60,0,611.0
10109647SOUSAA_2025-01-16_G39,10109647SOUSAA,2025-01-16,110841,1,8,0,379.0
10109647SOUSAA_2025-01-16_G40,10109647SOUSAA,2025-01-16,118222,1,48,0,1018.0
10109647SOUSAA_2025-01-16_G41,10109647SOUSAA,2025-01-16,100334,1,20,0,251.0
10109647SOUSAA_2025-01-16_G42,10109647SOUSAA,2025-01-16,111850,1,8,0,75.0
10109647SOUSAA_2025-01-16_G43,10109647SOUSAA,2025-01-16,111812,1,4,0,84.0
10109647SOUSAA_2025-01-16_G44,10109647SOUSAA,2025-01-16,111438,1,12,0,349.0
10109647SOUSAA_2025-01-16_G45,10109647SOUSAA,2025-01-16,110742,1,6,0,63.0
10109647SOUSAA_2025-01-16_G46,10109647SOUSAA,2025-01-16,118306,1,8,0,85.0
10109647SOUSAA_2025-01-16_G47,10109647SOUSAA,2025-01-16,109937,1,21,0,367.0
10109647SOUSAA_2025-01-16_G48,10109647SOUSAA,2025-01-16,110582,1,17,0,603.0
10109647SOUSAA_2025-01-16_G49,10109647SOUSAA,2025-01-16,110747,1,12,0,363.0
10109647SOUSAA_2025-01-16_G51,10109647SOUSAA,2025-01-16,118094,1,1,0,150.0
10109647SOUSAA_2025-01-16_G52,10109647SOUSAA,2025-01-16,110745,1,8,0,128.0
10109647SOUSAA_2025-01-16_G53,10109647SOUSAA,2025-01-16,111463,1,20,0,265.0
10109647SOUSAA_2025-01-16_G54,10109647SOUSAA,2025-01-16,110371,1,6,0,114.0
10109647SOUSAA_2025-01-16_G55,10109647SOUSAA,2025-01-16,110745,1,6,0,748.0
10109647SOUSAA_2025-01-16_G56,10109647SOUSAA,2025-01-16,111463,1,12,0,208.0
10109647SOUSAA_2025-01-17_G02,10109647SOUSAA,2025-01-17,111463,1,28,0,164.0
10109647SOUSAA_2025-01-17_G03,10109647SOUSAA,2025-01-17,111530,1,80,0,831.0
10109647SOUSAA_2025-01-17_G04,10109647SOUSAA,2025-01-17,111466,1,12,0,926.0
10109647SOUSAA_2025-01-17_G05,10109647SOUSAA,2025-01-17,111469,1,17,0,456.0
10109647SOUSAA_2025-01-17_G06,10109647SOUSAA,2025-01-17,117786,1,2,0,177.0
10109647SOUSAA_2025-01-17_G07,10109647SOUSAA,2025-01-17,110745,1,6,0,268.0
10109647SOUSAA_2025-01-17_G08,10109647SOUSAA,2025-01-17,111469,1,3,0,327.0
10109647SOUSAA_2025-01-17_G09,10109647SOUSAA,2025-01-17,110745,1,8,0,367.0
10109647SOUSAA_2025-01-17_G10,10109647SOUSAA,2025-01-17,"111443, 118140",2,11,22,133.0
10109647SOUSAA_2025-01-17_G11,10109647SOUSAA,2025-01-17,110787,1,12,0,48.0
10109647SOUSAA_2025-01-17_G12,10109647SOUSAA,2025-01-17,110751,1,4,0,37.0
10109647SOUSAA_2025-01-17_G13,10109647SOUSAA,2025-01-17,"110745, 110748",2,12,20,121.0
10109647SOUSAA_2025-01-17_G14,10109647SOUSAA,2025-01-17,108795,1,9,0,50.0
10109647SOUSAA_2025-01-17_G15,10109647SOUSAA,2025-01-17,105705,1,1,0,68.0
10109647SOUSAA_2025-01-17_G16,10109647SOUSAA,2025-01-17,110371,1,11,0,222.0
10109647SOUSAA_2025-01-17_G17,10109647SOUSAA,2025-01-17,"111463, 110371",2,12,29,172.0
10109647SOUSAA_2025-01-17_G18,10109647SOUSAA,2025-01-17,110339,1,8,0,220.0
10109647SOUSAA_2025-01-17_G19,10109647SOUSAA,2025-01-17,118140,1,6,0,94.0
10109647SOUSAA_2025-01-17_G20,10109647SOUSAA,2025-01-17,110313,1,2,0,70.0
10109647SOUSAA_2025-01-17_G21,10109647SOUSAA,2025-01-17,111530,1,2,0,39.0
10109647SOUSAA_2025-01-17_G22,10109647SOUSAA,2025-01-17,117861,1,4,0,90.0
10109647SOUSAA_2025-01-17_G23,10109647SOUSAA,2025-01-17,117861,1,4,0,35.0
10109647SOUSAA_2025-01-17_G24,10109647SOUSAA,2025-01-17,117820,1,13,0,108.0
10109647SOUSAA_2025-01-17_G25,10109647SOUSAA,2025-01-17,117831,1,4,0,105.0
10109647SOUSAA_2025-01-17_G26,10109647SOUSAA,2025-01-17,109645,1,3,0,65.0
10109647SOUSAA_2025-01-17_G27,10109647SOUSAA,2025-01-17,110745,1,2,0,57.0
10109647SOUSAA_2025-01-17_G28,10109647SOUSAA,2025-01-17,108711,1,2,0,40.0
10109647SOUSAA_2025-01-17_G29,10109647SOUSAA,2025-01-17,117787,1,1,0,58.0
10109647SOUSAA_2025-01-17_G30,10109647SOUSAA,2025-01-17,111469,1,4,0,191.0
10109647SOUSAA_2025-01-17_G32,10109647SOUSAA,2025-01-17,110742,1,4,0,147.0
10109647SOUSAA_2025-01-17_G33,10109647SOUSAA,2025-01-17,110372,1,50,0,486.0
10109647SOUSAA_2025-01-17_G34,10109647SOUSAA,2025-01-17,118403,1,9,0,162.0
10109647SOUSAA_2025-01-17_G35,10109647SOUSAA,2025-01-17,"117853, 111650",2,8,20,48.0
10109647SOUSAA_2025-01-17_G36,10109647SOUSAA,2025-01-17,109747,1,20,0,432.0
10109647SOUSAA_2025-01-17_G37,10109647SOUSAA,2025-01-17,109648,1,4,0,797.0
10109647SOUSAA_2025-01-17_G38,10109647SOUSAA,2025-01-17,109640,1,11,0,149.0
10109647SOUSAA_2025-01-17_G39,10109647SOUSAA,2025-01-17,"117861, 109647",2,13,30,34.0
10109647SOUSAA_2025-01-17_G40,10109647SOUSAA,2025-01-17,141047,1,11,0,55.0
10109647SOUSAA_2025-01-17_G41,10109647SOUSAA,2025-01-17,110711,1,6,0,36.0
10109647SOUSAA_2025-01-17_G42,10109647SOUSAA,2025-01-17,117830,1,16,0,142.0
10109647SOUSAA_2025-01-17_G43,10109647SOUSAA,2025-01-17,117820,1,21,0,213.0
10109647SOUSAA_2025-01-17_G44,10109647SOUSAA,2025-01-17,110371,1,10,0,224.0
10109647SOUSAA_2025-01-17_G45,10109647SOUSAA,2025-01-17,"111469, 111463",2,34,12,221.0
10109647SOUSAA_2025-01-17_G46,10109647SOUSAA,2025-01-17,111469,1,10,0,579.0
10109647SOUSAA_2025-01-17_G47,10109647SOUSAA,2025-01-17,110112,1,1,0,381.0
10109647SOUSAA_2025-01-17_G48,10109647SOUSAA,2025-01-17,111466,1,40,0,718.0
10109647SOUSAA_2025-01-17_G49,10109647SOUSAA,2025-01-17,117833,1,20,0,311.0
10109647SOUSAA_2025-01-17_G50,10109647SOUSAA,2025-01-17,117856,1,20,0,568.0
10109647SOUSAA_2025-01-17_G51,10109647SOUSAA,2025-01-17,109645,1,19,0,524.0
10109647SOUSAA_2025-01-17_G52,10109647SOUSAA,2025-01-17,117855,1,29,0,422.0
10109647SOUSAA_2025-01-17_G53,10109647SOUSAA,2025-01-17,122983,1,8,0,2713.0
10109647SOUSAA_2025-01-17_G54,10109647SOUSAA,2025-01-17,120008,1,19,0,205.0
10109647SOUSAA_2025-01-17_G55,10109647SOUSAA,2025-01-17,123907,1,2,0,208.0
10109647SOUSAA_2025-01-17_G57,10109647SOUSAA,2025-01-17,118140,1,6,0,90.0
10109647SOUSAA_2025-01-17_G58,10109647SOUSAA,2025-01-17,117830,1,3,0,63.0
10109647SOUSAA_2025-01-17_G59,10109647SOUSAA,2025-01-17,117820,1,5,0,69.0
10109647SOUSAA_2025-01-17_G60,10109647SOUSAA,2025-01-17,110787,1,2,0,131.0
10109647SOUSAA_2025-01-17_G61,10109647SOUSAA,2025-01-17,110371,1,14,0,191.0
10109647SOUSAA_2025-01-17_G62,10109647SOUSAA,2025-01-17,108794,1,2,0,315.0
10109647SOUSAA_2025-01-17_G63,10109647SOUSAA,2025-01-17,117830,1,1,0,108.0
10109647SOUSAA_2025-01-17_G64,10109647SOUSAA,2025-01-17,111530,1,2,0,136.0
10109647SOUSAA_2025-01-17_G65,10109647SOUSAA,2025-01-17,117820,1,1,0,250.0
10109647SOUSAA_2025-01-17_G66,10109647SOUSAA,2025-01-17,108711,1,1,0,91.0
10109647SOUSAA_2025-01-17_G67,10109647SOUSAA,2025-01-17,110372,1,5,0,420.0
10109647SOUSAA_2025-01-17_G68,10109647SOUSAA,2025-01-17,109643,1,1,0,523.0
10109647SOUSAA_2025-01-17_G69,10109647SOUSAA,2025-01-17,100334,1,2,0,208.0
10109647SOUSAA_2025-01-17_G70,10109647SOUSAA,2025-01-17,118140,1,4,0,169.0
10109647SOUSAA_2025-01-17_G71,10109647SOUSAA,2025-01-17,110339,1,1,0,77.0
10109647SOUSAA_2025-01-17_G72,10109647SOUSAA,2025-01-17,110752,1,1,0,124.0
10109647SOUSAA_2025-01-17_G73,10109647SOUSAA,2025-01-17,111530,1,7,0,125.0
10109647SOUSAA_2025-01-18_G02,10109647SOUSAA,2025-01-18,110372,1,3,0,77.0
10109647SOUSAA_2025-01-18_G03,10109647SOUSAA,2025-01-18,109643,1,4,0,114.0
10109647SOUSAA_2025-01-18_G04,10109647SOUSAA,2025-01-18,111438,1,9,0,198.0
10109647SOUSAA_2025-01-18_G05,10109647SOUSAA,2025-01-18,111430,1,3,0,74.0
10109647SOUSAA_2025-01-18_G06,10109647SOUSAA,2025-01-18,111530,1,117,0,1126.0
10109647SOUSAA_2025-01-18_G07,10109647SOUSAA,2025-01-18,118299,1,12,0,454.0
10109647SOUSAA_2025-01-18_G08,10109647SOUSAA,2025-01-18,108711,1,4,0,580.0
10109647SOUSAA_2025-01-18_G09,10109647SOUSAA,2025-01-18,108794,1,10,0,472.0
10109647SOUSAA_2025-01-18_G10,10109647SOUSAA,2025-01-18,118140,1,10,0,108.0
10109647SOUSAA_2025-01-18_G11,10109647SOUSAA,2025-01-18,111442,1,1,0,108.0
10109647SOUSAA_2025-01-18_G12,10109647SOUSAA,2025-01-18,118317,1,1,0,158.0
10109647SOUSAA_2025-01-18_G13,10109647SOUSAA,2025-01-18,110787,1,3,0,68.0
10109647SOUSAA_2025-01-18_G14,10109647SOUSAA,2025-01-18,110745,1,2,0,188.0
10109647SOUSAA_2025-01-18_G15,10109647SOUSAA,2025-01-18,108795,1,4,0,52.0
10109647SOUSAA_2025-01-18_G16,10109647SOUSAA,2025-01-18,117833,1,8,0,88.0
10109647SOUSAA_2025-01-18_G17,10109647SOUSAA,2025-01-18,105705,1,2,0,70.0
10109647SOUSAA_2025-01-18_G18,10109647SOUSAA,2025-01-18,111469,1,4,0,120.0
10109647SOUSAA_2025-01-18_G19,10109647SOUSAA,2025-01-18,111469,1,4,0,41.0
10109647SOUSAA_2025-01-18_G20,10109647SOUSAA,2025-01-18,111850,1,2,0,148.0
10109647SOUSAA_2025-01-18_G21,10109647SOUSAA,2025-01-18,111469,1,4,0,337.0
10109647SOUSAA_2025-01-18_G22,10109647SOUSAA,2025-01-18,140922,1,4,0,142.0
10109647SOUSAA_2025-01-18_G23,10109647SOUSAA,2025-01-18,111660,1,18,0,287.0
10109647SOUSAA_2025-01-18_G24,10109647SOUSAA,2025-01-18,140911,1,4,0,292.0
10109647SOUSAA_2025-01-18_G25,10109647SOUSAA,2025-01-18,111530,1,6,0,169.0
10109647SOUSAA_2025-01-18_G26,10109647SOUSAA,2025-01-18,111465,1,2,0,170.0
10109647SOUSAA_2025-01-18_G27,10109647SOUSAA,2025-01-18,107830,1,6,0,297.0
10109647SOUSAA_2025-01-18_G29,10109647SOUSAA,2025-01-18,110339,1,20,0,525.0
10109647SOUSAA_2025-01-18_G30,10109647SOUSAA,2025-01-18,110313,2,11,21,251.0
10109647SOUSAA_2025-01-18_G31,10109647SOUSAA,2025-01-18,111876,1,4,0,538.0
10109647SOUSAA_2025-01-18_G32,10109647SOUSAA,2025-01-18,111876,1,8,0,236.0
10109647SOUSAA_2025-01-18_G33,10109647SOUSAA,2025-01-18,109647,1,4,0,390.0
10109647SOUSAA_2025-01-18_G34,10109647SOUSAA,2025-01-18,109647,1,8,0,230.0
10109647SOUSAA_2025-01-18_G35,10109647SOUSAA,2025-01-18,108798,1,6,0,155.0
10109647SOUSAA_2025-01-18_G36,10109647SOUSAA,2025-01-18,108711,1,19,0,160.0
10109647SOUSAA_2025-01-18_G37,10109647SOUSAA,2025-01-18,108711,1,18,0,319.0
10109647SOUSAA_2025-01-18_G38,10109647SOUSAA,2025-01-18,117809,1,24,0,502.0
10109647SOUSAA_2025-01-18_G39,10109647SOUSAA,2025-01-18,117809,1,24,0,403.0
10109647SOUSAA_2025-01-18_G40,10109647SOUSAA,2025-01-18,140988,2,10,23,122.0
10109647SOUSAA_2025-01-18_G41,10109647SOUSAA,2025-01-18,140988,1,8,0,34.0
10109647SOUSAA_2025-01-18_G42,10109647SOUSAA,2025-01-18,110742,2,11,15,575.0
10109647SOUSAA_2025-01-18_G43,10109647SOUSAA,2025-01-18,110895,1,4,0,37.0
10109647SOUSAA_2025-01-18_G44,10109647SOUSAA,2025-01-18,118222,1,20,0,1060.0
10109647SOUSAA_2025-01-18_G45,10109647SOUSAA,2025-01-18,100334,1,6,0,550.0
10109647SOUSAA_2025-01-18_G46,10109647SOUSAA,2025-01-18,117836,1,4,0,355.0
10109647SOUSAA_2025-01-18_G47,10109647SOUSAA,2025-01-18,111430,1,6,0,144.0
10109647SOUSAA_2025-01-18_G48,10109647SOUSAA,2025-01-18,117853,1,1,0,114.0
10109647SOUSAA_2025-01-18_G49,10109647SOUSAA,2025-01-18,110313,1,5,0,404.0
10109647SOUSAA_2025-01-18_G50,10109647SOUSAA,2025-01-18,118094,1,5,0,97.0
10109647SOUSAA_2025-01-18_G51,10109647SOUSAA,2025-01-18,118298,1,4,0,126.0
10109647SOUSAA_2025-01-18_G52,10109647SOUSAA,2025-01-18,110711,1,1,0,39.0
10109647SOUSAA_2025-01-19_G02,10109647SOUSAA,2025-01-19,118140,1,1,0,131.0
10109647SOUSAA_2025-01-19_G03,10109647SOUSAA,2025-01-19,110339,1,2,0,65.0
10109647SOUSAA_2025-01-19_G04,10109647SOUSAA,2025-01-19,111467,1,10,0,170.0
10109647SOUSAA_2025-01-19_G05,10109647SOUSAA,2025-01-19,109640,1,8,0,85.0
10109647SOUSAA_2025-01-19_G06,10109647SOUSAA,2025-01-19,109641,1,30,0,416.0
10109647SOUSAA_2025-01-19_G07,10109647SOUSAA,2025-01-19,117831,1,2,0,119.0
10109647SOUSAA_2025-01-19_G08,10109647SOUSAA,2025-01-19,117785,1,10,0,80.0
10109647SOUSAA_2025-01-19_G09,10109647SOUSAA,2025-01-19,111443,1,8,0,75.0
10109647SOUSAA_2025-01-19_G10,10109647SOUSAA,2025-01-19,111418,1,11,0,523.0
10109647SOUSAA_2025-01-19_G11,10109647SOUSAA,2025-01-19,110372,1,12,0,89.0
10109647SOUSAA_2025-01-20_G02,10109647SOUSAA,2025-01-20,111438,1,30,0,291.0
10109647SOUSAA_2025-01-20_G03,10109647SOUSAA,2025-01-20,110755,1,20,0,262.0
10109647SOUSAA_2025-01-20_G04,10109647SOUSAA,2025-01-20,118306,1,8,0,620.0
10109647SOUSAA_2025-01-20_G05,10109647SOUSAA,2025-01-20,110747,1,26,0,1333.0
10109647SOUSAA_2025-01-20_G06,10109647SOUSAA,2025-01-20,118299,1,20,0,965.0
10109647SOUSAA_2025-01-20_G07,10109647SOUSAA,2025-01-20,118299,2,14,6,60.0
10109647SOUSAA_2025-01-20_G08,10109647SOUSAA,2025-01-20,117821,1,5,0,79.0
10109647SOUSAA_2025-01-20_G09,10109647SOUSAA,2025-01-20,118140,1,6,0,77.0
10109647SOUSAA_2025-01-20_G10,10109647SOUSAA,2025-01-20,140922,1,5,0,893.0
10109647SOUSAA_2025-01-20_G12,10109647SOUSAA,2025-01-20,107236,1,10,0,207.0
10109647SOUSAA_2025-01-20_G13,10109647SOUSAA,2025-01-20,117831,1,8,0,276.0
10109647SOUSAA_2025-01-20_G14,10109647SOUSAA,2025-01-20,110787,1,5,0,339.0
10109647SOUSAA_2025-01-20_G15,10109647SOUSAA,2025-01-20,109645,1,4,0,50.0
10109647SOUSAA_2025-01-20_G16,10109647SOUSAA,2025-01-20,110751,1,2,0,33.0
10109647SOUSAA_2025-01-20_G17,10109647SOUSAA,2025-01-20,117785,1,8,0,75.0
10109647SOUSAA_2025-01-20_G18,10109647SOUSAA,2025-01-20,110745,1,4,0,51.0
10109647SOUSAA_2025-01-20_G19,10109647SOUSAA,2025-01-20,111443,1,2,0,36.0
10109647SOUSAA_2025-01-20_G20,10109647SOUSAA,2025-01-20,108795,1,4,0,82.0
10109647SOUSAA_2025-01-20_G21,10109647SOUSAA,2025-01-20,108711,1,4,0,60.0
10109647SOUSAA_2025-01-20_G22,10109647SOUSAA,2025-01-20,117833,1,3,0,66.0
10109647SOUSAA_2025-01-20_G23,10109647SOUSAA,2025-01-20,111463,1,8,0,139.0
10109647SOUSAA_2025-01-20_G24,10109647SOUSAA,2025-01-20,107236,1,4,0,411.0
10109647SOUSAA_2025-01-20_G25,10109647SOUSAA,2025-01-20,110895,1,2,0,87.0
10109647SOUSAA_2025-01-20_G26,10109647SOUSAA,2025-01-20,110895,1,2,0,96.0
10109647SOUSAA_2025-01-20_G27,10109647SOUSAA,2025-01-20,117838,1,2,0,106.0
10109647SOUSAA_2025-01-20_G28,10109647SOUSAA,2025-01-20,110371,1,6,0,738.0
10109647SOUSAA_2025-01-20_G29,10109647SOUSAA,2025-01-20,117808,1,6,0,2278.0
10109647SOUSAA_2025-01-20_G30,10109647SOUSAA,2025-01-20,117785,1,16,0,239.0
10109647SOUSAA_2025-01-20_G31,10109647SOUSAA,2025-01-20,117855,1,2,0,102.0
10109647SOUSAA_2025-01-20_G32,10109647SOUSAA,2025-01-20,117856,1,30,0,1447.0
10109647SOUSAA_2025-01-20_G33,10109647SOUSAA,2025-01-20,110372,1,100,0,1272.0
10109647SOUSAA_2025-01-20_G34,10109647SOUSAA,2025-01-20,114095,1,3,0,831.0
10109647SOUSAA_2025-01-20_G35,10109647SOUSAA,2025-01-20,111598,1,20,0,51.0
10109647SOUSAA_2025-01-20_G36,10109647SOUSAA,2025-01-20,110313,1,60,0,201.0
10109647SOUSAA_2025-01-20_G37,10109647SOUSAA,2025-01-20,110339,1,38,0,202.0
10109647SOUSAA_2025-01-20_G39,10109647SOUSAA,2025-01-20,111348,1,8,0,1029.0
10109647SOUSAA_2025-01-20_G40,10109647SOUSAA,2025-01-20,111348,1,23,0,896.0
10109647SOUSAA_2025-01-20_G41,10109647SOUSAA,2025-01-20,111465,1,20,0,266.0
10109647SOUSAA_2025-01-20_G42,10109647SOUSAA,2025-01-20,110374,1,4,0,697.0
10109647SOUSAA_2025-01-20_G43,10109647SOUSAA,2025-01-20,111348,1,2,0,76.0
10109647SOUSAA_2025-01-20_G44,10109647SOUSAA,2025-01-20,111465,1,4,0,119.0
10109647SOUSAA_2025-01-20_G45,10109647SOUSAA,2025-01-20,111462,1,3,0,138.0
10109647SOUSAA_2025-01-20_G46,10109647SOUSAA,2025-01-20,118004,1,5,0,294.0
10109647SOUSAA_2025-01-21_G02,10109647SOUSAA,2025-01-21,110373,1,4,0,129.0
10109647SOUSAA_2025-01-21_G03,10109647SOUSAA,2025-01-21,110372,1,12,0,226.0
10109647SOUSAA_2025-01-21_G04,10109647SOUSAA,2025-01-21,118004,1,2,0,170.0
10109647SOUSAA_2025-01-21_G05,10109647SOUSAA,2025-01-21,110374,1,6,0,185.0
10109647SOUSAA_2025-01-21_G06,10109647SOUSAA,2025-01-21,110373,1,4,0,129.0
10109647SOUSAA_2025-01-21_G07,10109647SOUSAA,2025-01-21,110372,1,40,0,555.0
10109647SOUSAA_2025-01-21_G08,10109647SOUSAA,2025-01-21,110372,1,20,0,331.0
10109647SOUSAA_2025-01-21_G09,10109647SOUSAA,2025-01-21,110373,1,3,0,95.0
10109647SOUSAA_2025-01-21_G10,10109647SOUSAA,2025-01-21,111466,1,5,0,665.0
10109647SOUSAA_2025-01-21_G11,10109647SOUSAA,2025-01-21,111444,1,3,0,179.0
10109647SOUSAA_2025-01-21_G12,10109647SOUSAA,2025-01-21,110741,1,4,0,82.0
10109647SOUSAA_2025-01-21_G13,10109647SOUSAA,2025-01-21,111172,1,2,0,98.0
10109647SOUSAA_2025-01-21_G14,10109647SOUSAA,2025-01-21,117855,1,9,0,96.0
10109647SOUSAA_2025-01-21_G15,10109647SOUSAA,2025-01-21,111602,1,12,0,266.0
10109647SOUSAA_2025-01-21_G16,10109647SOUSAA,2025-01-21,110895,1,9,0,101.0
10109647SOUSAA_2025-01-21_G17,10109647SOUSAA,2025-01-21,118094,1,8,0,569.0
10109647SOUSAA_2025-01-21_G18,10109647SOUSAA,2025-01-21,108798,1,2,0,106.0
10109647SOUSAA_2025-01-21_G19,10109647SOUSAA,2025-01-21,117808,1,54,0,933.0
10109647SOUSAA_2025-01-21_G21,10109647SOUSAA,2025-01-21,117786,2,20,11,110.0
10109647SOUSAA_2025-01-21_G22,10109647SOUSAA,2025-01-21,117785,1,8,0,400.0
10109647SOUSAA_2025-01-21_G23,10109647SOUSAA,2025-01-21,117785,1,4,0,44.0
10109647SOUSAA_2025-01-21_G24,10109647SOUSAA,2025-01-21,117856,1,4,0,158.0
10109647SOUSAA_2025-01-21_G25,10109647SOUSAA,2025-01-21,110895,1,8,0,141.0
10109647SOUSAA_2025-01-21_G26,10109647SOUSAA,2025-01-21,117855,1,4,0,305.0
10109647SOUSAA_2025-01-21_G27,10109647SOUSAA,2025-01-21,111466,1,6,0,138.0
10109647SOUSAA_2025-01-21_G28,10109647SOUSAA,2025-01-21,110373,1,6,0,141.0
10109647SOUSAA_2025-01-21_G29,10109647SOUSAA,2025-01-21,111348,1,2,0,100.0
10109647SOUSAA_2025-01-21_G30,10109647SOUSAA,2025-01-21,110373,1,10,0,134.0
10109647SOUSAA_2025-01-21_G31,10109647SOUSAA,2025-01-21,111444,1,4,0,688.0
10109647SOUSAA_2025-01-21_G32,10109647SOUSAA,2025-01-21,110374,1,9,0,159.0
10109647SOUSAA_2025-01-21_G33,10109647SOUSAA,2025-01-21,118004,1,4,0,44.0
10109647SOUSAA_2025-01-21_G34,10109647SOUSAA,2025-01-21,118299,1,17,0,1335.0
10109647SOUSAA_2025-01-21_G35,10109647SOUSAA,2025-01-21,111598,2,3,11,274.0
10109647SOUSAA_2025-01-21_G36,10109647SOUSAA,2025-01-21,110374,1,4,0,402.0
10109647SOUSAA_2025-01-21_G37,10109647SOUSAA,2025-01-21,110895,1,4,0,88.0
10109647SOUSAA_2025-01-21_G38,10109647SOUSAA,2025-01-21,160051,1,2,0,168.0
10109647SOUSAA_2025-01-21_G39,10109647SOUSAA,2025-01-21,160052,1,2,0,41.0
10109647SOUSAA_2025-01-21_G40,10109647SOUSAA,2025-01-21,117820,1,9,0,409.0
10109647SOUSAA_2025-01-21_G41,10109647SOUSAA,2025-01-21,111466,1,10,0,120.0
10109647SOUSAA_2025-01-21_G42,10109647SOUSAA,2025-01-21,111466,1,10,0,90.0
10109647SOUSAA_2025-01-21_G43,10109647SOUSAA,2025-01-21,117831,1,4,0,36.0
10109647SOUSAA_2025-01-21_G44,10109647SOUSAA,2025-01-21,110373,1,24,0,224.0
10109647SOUSAA_2025-01-21_G45,10109647SOUSAA,2025-01-21,117832,2,12,30,120.0
10109647SOUSAA_2025-01-21_G46,10109647SOUSAA,2025-01-21,117786,1,5,0,310.0
10109647SOUSAA_2025-01-21_G47,10109647SOUSAA,2025-01-21,111348,1,1,0,66.0
10109647SOUSAA_2025-01-21_G48,10109647SOUSAA,2025-01-21,117808,1,8,0,84.0
10109647SOUSAA_2025-01-21_G49,10109647SOUSAA,2025-01-21,110372,1,20,0,160.0
10109647SOUSAA_2025-01-21_G50,10109647SOUSAA,2025-01-21,109643,1,6,0,40.0
10109647SOUSAA_2025-01-21_G51,10109647SOUSAA,2025-01-21,117862,1,6,0,76.0
10109647SOUSAA_2025-01-21_G52,10109647SOUSAA,2025-01-21,111469,1,4,0,79.0
10109647SOUSAA_2025-01-21_G53,10109647SOUSAA,2025-01-21,111469,1,4,0,49.0
10109647SOUSAA_2025-01-21_G54,10109647SOUSAA,2025-01-21,111172,1,4,0,218.0
10109647SOUSAA_2025-01-21_G55,10109647SOUSAA,2025-01-21,109640,1,100,0,787.0
10109647SOUSAA_2025-01-21_G56,10109647SOUSAA,2025-01-21,111468,1,209,0,526.0
10109647SOUSAA_2025-01-21_G57,10109647SOUSAA,2025-01-21,111465,1,157,0,571.0
10109647SOUSAA_2025-01-21_G58,10109647SOUSAA,2025-01-21,111465,1,525,0,1502.0
10109647SOUSAA_2025-01-21_G60,10109647SOUSAA,2025-01-21,117853,1,6,0,151.0
10109647SOUSAA_2025-01-21_G61,10109647SOUSAA,2025-01-21,118004,1,10,0,394.0
10109647SOUSAA_2025-01-22_G02,10109647SOUSAA,2025-01-22,110374,1,24,0,301.0
10109647SOUSAA_2025-01-22_G03,10109647SOUSAA,2025-01-22,118299,1,400,0,1765.0
10109647SOUSAA_2025-01-22_G04,10109647SOUSAA,2025-01-22,111530,1,70,0,304.0
10109647SOUSAA_2025-01-22_G05,10109647SOUSAA,2025-01-22,110373,1,100,0,357.0
10109647SOUSAA_2025-01-22_G06,10109647SOUSAA,2025-01-22,117808,1,500,0,651.0
10109647SOUSAA_2025-01-22_G07,10109647SOUSAA,2025-01-22,111530,1,20,0,221.0
10109647SOUSAA_2025-01-22_G08,10109647SOUSAA,2025-01-22,117856,1,10,0,167.0
10109647SOUSAA_2025-01-22_G09,10109647SOUSAA,2025-01-22,117820,1,78,0,440.0
10109647SOUSAA_2025-01-22_G10,10109647SOUSAA,2025-01-22,117820,1,136,0,489.0
10109647SOUSAA_2025-01-22_G11,10109647SOUSAA,2025-01-22,117832,1,40,0,435.0
10109647SOUSAA_2025-01-22_G12,10109647SOUSAA,2025-01-22,110371,1,20,0,257.0
10109647SOUSAA_2025-01-22_G13,10109647SOUSAA,2025-01-22,117830,1,31,0,129.0
10109647SOUSAA_2025-01-22_G15,10109647SOUSAA,2025-01-22,110748,1,4,0,121.0
10109647SOUSAA_2025-01-22_G16,10109647SOUSAA,2025-01-22,108770,1,6,0,147.0
10109647SOUSAA_2025-01-22_G17,10109647SOUSAA,2025-01-22,118306,1,10,0,142.0
10109647SOUSAA_2025-01-22_G18,10109647SOUSAA,2025-01-22,111463,1,50,0,474.0
10109647SOUSAA_2025-01-22_G19,10109647SOUSAA,2025-01-22,110740,1,10,0,586.0
10109647SOUSAA_2025-01-22_G20,10109647SOUSAA,2025-01-22,117785,1,250,0,470.0
10109647SOUSAA_2025-01-22_G21,10109647SOUSAA,2025-01-22,118285,1,50,0,532.0
10109647SOUSAA_2025-01-22_G22,10109647SOUSAA,2025-01-22,111443,1,2,0,54.0
10109647SOUSAA_2025-01-22_G23,10109647SOUSAA,2025-01-22,111463,1,70,0,508.0
10109647SOUSAA_2025-01-22_G24,10109647SOUSAA,2025-01-22,117820,1,660,0,1988.0
10109647SOUSAA_2025-01-22_G25,10109647SOUSAA,2025-01-22,118299,1,600,0,2029.0
10109647SOUSAA_2025-01-22_G26,10109647SOUSAA,2025-01-22,110372,1,235,0,319.0
10109647SOUSAA_2025-01-22_G27,10109647SOUSAA,2025-01-22,109643,1,122,0,475.0
10109647SOUSAA_2025-01-22_G28,10109647SOUSAA,2025-01-22,111433,1,26,0,1023.0
10109647SOUSAA_2025-01-22_G29,10109647SOUSAA,2025-01-22,111655,1,8,0,146.0
10109647SOUSAA_2025-01-22_G30,10109647SOUSAA,2025-01-22,110092,1,7,0,99.0
10109647SOUSAA_2025-01-22_G32,10109647SOUSAA,2025-01-22,110313,1,12,0,59.0
10109647SOUSAA_2025-01-22_G33,10109647SOUSAA,2025-01-22,111602,1,8,0,219.0
10109647SOUSAA_2025-01-22_G34,10109647SOUSAA,2025-01-22,140922,1,8,0,101.0
10109647SOUSAA_2025-01-22_G35,10109647SOUSAA,2025-01-22,108711,1,4,0,57.0
10109647SOUSAA_2025-01-22_G36,10109647SOUSAA,2025-01-22,108711,1,4,0,124.0
10109647SOUSAA_2025-01-22_G37,10109647SOUSAA,2025-01-22,111466,1,22,0,544.0
10109647SOUSAA_2025-01-22_G38,10109647SOUSAA,2025-01-22,118299,1,20,0,509.0
10109647SOUSAA_2025-01-22_G39,10109647SOUSAA,2025-01-22,118299,2,68,8,814.0
10109647SOUSAA_2025-01-23_G02,10109647SOUSAA,2025-01-23,118299,1,16,0,258.0
10109647SOUSAA_2025-01-23_G03,10109647SOUSAA,2025-01-23,105705,1,4,0,125.0
10109647SOUSAA_2025-01-23_G04,10109647SOUSAA,2025-01-23,118004,1,2,0,242.0
10109647SOUSAA_2025-01-23_G05,10109647SOUSAA,2025-01-23,111466,1,12,0,140.0
10109647SOUSAA_2025-01-23_G06,10109647SOUSAA,2025-01-23,110373,1,12,0,658.0
10109647SOUSAA_2025-01-23_G07,10109647SOUSAA,2025-01-23,117808,1,13,0,75.0
10109647SOUSAA_2025-01-23_G08,10109647SOUSAA,2025-01-23,111462,1,8,0,160.0
10109647SOUSAA_2025-01-23_G09,10109647SOUSAA,2025-01-23,110895,1,4,0,291.0
10109647SOUSAA_2025-01-23_G10,10109647SOUSAA,2025-01-23,111466,1,4,0,103.0
10109647SOUSAA_2025-01-23_G11,10109647SOUSAA,2025-01-23,118299,1,10,0,90.0
10109647SOUSAA_2025-01-23_G12,10109647SOUSAA,2025-01-23,118140,1,6,0,1920.0
10109647SOUSAA_2025-01-23_G13,10109647SOUSAA,2025-01-23,110313,1,2,0,39.0
10109647SOUSAA_2025-01-23_G14,10109647SOUSAA,2025-01-23,110372,1,10,0,90.0
10109647SOUSAA_2025-01-23_G15,10109647SOUSAA,2025-01-23,118094,1,10,0,118.0
10109647SOUSAA_2025-01-23_G16,10109647SOUSAA,2025-01-23,117820,1,2,0,52.0
10109647SOUSAA_2025-01-23_G17,10109647SOUSAA,2025-01-23,111463,1,9,0,64.0
10109647SOUSAA_2025-01-23_G18,10109647SOUSAA,2025-01-23,111463,1,4,0,44.0
10109647SOUSAA_2025-01-23_G19,10109647SOUSAA,2025-01-23,110515,1,8,0,74.0
10109647SOUSAA_2025-01-23_G20,10109647SOUSAA,2025-01-23,110787,1,6,0,57.0
10109647SOUSAA_2025-01-23_G21,10109647SOUSAA,2025-01-23,117833,1,4,0,74.0
10109647SOUSAA_2025-01-23_G22,10109647SOUSAA,2025-01-23,117838,1,6,0,216.0
10109647SOUSAA_2025-01-23_G23,10109647SOUSAA,2025-01-23,110895,1,4,0,188.0
10109647SOUSAA_2025-01-23_G24,10109647SOUSAA,2025-01-23,111430,1,4,0,54.0
10109647SOUSAA_2025-01-23_G26,10109647SOUSAA,2025-01-23,"110373, 117832",3,136,51,51.0
10109647SOUSAA_2025-01-23_G27,10109647SOUSAA,2025-01-23,117808,1,63,0,39.0
10109647SOUSAA_2025-01-23_G28,10109647SOUSAA,2025-01-23,"117808, 110372",2,740,29,62.0
10109647SOUSAA_2025-01-23_G29,10109647SOUSAA,2025-01-23,109643,1,9,0,31.0
10109647SOUSAA_2025-01-23_G31,10109647SOUSAA,2025-01-23,"111444, 117842, 111330, 118004, 118140",5,82,89,36.0
10109647SOUSAA_2025-01-23_G32,10109647SOUSAA,2025-01-23,"107236, 110740, 109641, 117831, 111418, 117785, 110745",8,198,143,32.0
10109647SOUSAA_2025-01-23_G34,10109647SOUSAA,2025-01-23,109747,1,4,0,204.0
10109647SOUSAA_2025-01-23_G35,10109647SOUSAA,2025-01-23,118140,1,4,0,117.0
10109647SOUSAA_2025-01-23_G36,10109647SOUSAA,2025-01-23,117809,1,2,0,225.0
10109647SOUSAA_2025-01-23_G37,10109647SOUSAA,2025-01-23,111466,1,27,0,204.0
10109647SOUSAA_2025-01-23_G38,10109647SOUSAA,2025-01-23,117820,1,4,0,90.0
10109647SOUSAA_2025-01-23_G39,10109647SOUSAA,2025-01-23,107830,1,2,0,34.0
10109647SOUSAA_2025-01-23_G40,10109647SOUSAA,2025-01-23,118299,1,29,0,185.0
10109647SOUSAA_2025-01-23_G41,10109647SOUSAA,2025-01-23,110373,1,6,0,50.0
10109647SOUSAA_2025-01-23_G42,10109647SOUSAA,2025-01-23,110372,1,10,0,249.0
10109647SOUSAA_2025-01-23_G43,10109647SOUSAA,2025-01-23,110751,1,1,0,62.0
10109647SOUSAA_2025-01-23_G44,10109647SOUSAA,2025-01-23,141047,1,2,0,84.0
10109647SOUSAA_2025-01-23_G45,10109647SOUSAA,2025-01-23,111469,1,1,0,81.0
10109647SOUSAA_2025-01-23_G46,10109647SOUSAA,2025-01-23,117836,1,4,0,222.0
10109647SOUSAA_2025-01-23_G47,10109647SOUSAA,2025-01-23,118306,1,1,0,148.0
10109647SOUSAA_2025-01-23_G48,10109647SOUSAA,2025-01-23,111466,1,2,0,470.0
10109647SOUSAA_2025-01-23_G49,10109647SOUSAA,2025-01-23,117809,1,1,0,193.0
10109647SOUSAA_2025-01-23_G50,10109647SOUSAA,2025-01-23,111602,1,1,0,122.0
10109647SOUSAA_2025-01-23_G51,10109647SOUSAA,2025-01-23,111468,1,2,0,86.0
10109647SOUSAA_2025-01-23_G52,10109647SOUSAA,2025-01-23,118299,1,6,0,81.0
10109647SOUSAA_2025-01-23_G53,10109647SOUSAA,2025-01-23,110373,1,8,0,59.0
10109647SOUSAA_2025-01-23_G54,10109647SOUSAA,2025-01-23,111172,1,6,0,101.0
10109647SOUSAA_2025-01-23_G55,10109647SOUSAA,2025-01-23,117830,1,4,0,62.0
10109647SOUSAA_2025-01-24_G02,10109647SOUSAA,2025-01-24,111463,1,14,0,181.0
10109647SOUSAA_2025-01-24_G03,10109647SOUSAA,2025-01-24,117830,1,8,0,113.0
10109647SOUSAA_2025-01-24_G04,10109647SOUSAA,2025-01-24,117830,1,18,0,100.0
10109647SOUSAA_2025-01-24_G05,10109647SOUSAA,2025-01-24,111469,1,2,0,93.0
10109647SOUSAA_2025-01-24_G06,10109647SOUSAA,2025-01-24,111469,1,24,0,108.0
10109647SOUSAA_2025-01-24_G07,10109647SOUSAA,2025-01-24,118222,1,4,0,813.0
10109647SOUSAA_2025-01-24_G08,10109647SOUSAA,2025-01-24,110313,1,4,0,379.0
10109647SOUSAA_2025-01-24_G09,10109647SOUSAA,2025-01-24,110313,1,8,0,78.0
10109647SOUSAA_2025-01-24_G10,10109647SOUSAA,2025-01-24,111569,1,36,0,191.0
10109647SOUSAA_2025-01-24_G11,10109647SOUSAA,2025-01-24,118290,1,6,0,269.0
10109647SOUSAA_2025-01-24_G12,10109647SOUSAA,2025-01-24,111463,1,10,0,472.0
10109647SOUSAA_2025-01-24_G13,10109647SOUSAA,2025-01-24,110751,1,2,0,92.0
10109647SOUSAA_2025-01-24_G14,10109647SOUSAA,2025-01-24,111469,1,15,0,293.0
10109647SOUSAA_2025-01-24_G16,10109647SOUSAA,2025-01-24,111569,1,4,0,124.0
10109647SOUSAA_2025-01-24_G17,10109647SOUSAA,2025-01-24,118317,1,4,0,131.0
10109647SOUSAA_2025-01-24_G18,10109647SOUSAA,2025-01-24,117786,1,2,0,113.0
10109647SOUSAA_2025-01-24_G19,10109647SOUSAA,2025-01-24,117786,1,4,0,35.0
10109647SOUSAA_2025-01-24_G20,10109647SOUSAA,2025-01-24,118299,1,35,0,251.0
10109647SOUSAA_2025-01-24_G21,10109647SOUSAA,2025-01-24,"110372, 110376",2,29,19,444.0
10109647SOUSAA_2025-01-24_G22,10109647SOUSAA,2025-01-24,110376,1,5,0,55.0
10109647SOUSAA_2025-01-24_G23,10109647SOUSAA,2025-01-24,117853,1,8,0,1115.0
10109647SOUSAA_2025-01-24_G24,10109647SOUSAA,2025-01-24,111569,2,12,10,413.0
10109647SOUSAA_2025-01-24_G25,10109647SOUSAA,2025-01-24,118317,1,2,0,97.0
10109647SOUSAA_2025-01-24_G26,10109647SOUSAA,2025-01-24,110747,1,2,0,83.0
10109647SOUSAA_2025-01-24_G27,10109647SOUSAA,2025-01-24,111469,1,5,0,110.0
10109647SOUSAA_2025-01-24_G28,10109647SOUSAA,2025-01-24,110371,1,10,0,482.0
10109647SOUSAA_2025-01-24_G29,10109647SOUSAA,2025-01-24,110372,1,200,0,496.0
10109647SOUSAA_2025-01-24_G30,10109647SOUSAA,2025-01-24,110372,1,200,0,829.0
10109647SOUSAA_2025-01-24_G31,10109647SOUSAA,2025-01-24,110371,1,50,0,318.0
10109647SOUSAA_2025-01-24_G32,10109647SOUSAA,2025-01-24,118140,1,1,0,1062.0
10109647SOUSAA_2025-01-24_G33,10109647SOUSAA,2025-01-24,111598,1,3,0,49.0
10109647SOUSAA_2025-01-24_G34,10109647SOUSAA,2025-01-24,110313,1,5,0,124.0
10109647SOUSAA_2025-01-24_G35,10109647SOUSAA,2025-01-24,118094,1,5,0,325.0
10109647SOUSAA_2025-01-24_G36,10109647SOUSAA,2025-01-24,111468,2,5,25,60.0
10109647SOUSAA_2025-01-24_G37,10109647SOUSAA,2025-01-24,117820,1,3,0,105.0
10109647SOUSAA_2025-01-24_G38,10109647SOUSAA,2025-01-24,111443,1,1,0,82.0
10109647SOUSAA_2025-01-24_G39,10109647SOUSAA,2025-01-24,110372,1,6,0,138.0
10109647SOUSAA_2025-01-24_G40,10109647SOUSAA,2025-01-24,111468,1,3,0,671.0
10109647SOUSAA_2025-01-24_G41,10109647SOUSAA,2025-01-24,117831,1,1,0,92.0
10109647SOUSAA_2025-01-24_G42,10109647SOUSAA,2025-01-24,110787,1,3,0,66.0
10109647SOUSAA_2025-01-24_G43,10109647SOUSAA,2025-01-24,108711,1,13,0,105.0
10109647SOUSAA_2025-01-24_G44,10109647SOUSAA,2025-01-24,110711,1,4,0,82.0
10109647SOUSAA_2025-01-24_G45,10109647SOUSAA,2025-01-24,110372,1,14,0,88.0
10109647SOUSAA_2025-01-24_G46,10109647SOUSAA,2025-01-24,111430,1,18,0,340.0
10109647SOUSAA_2025-01-24_G47,10109647SOUSAA,2025-01-24,111569,1,11,0,292.0
10109647SOUSAA_2025-01-24_G49,10109647SOUSAA,2025-01-24,111569,1,24,0,449.0
10109647SOUSAA_2025-01-24_G50,10109647SOUSAA,2025-01-24,110747,1,49,0,514.0
10109647SOUSAA_2025-01-24_G51,10109647SOUSAA,2025-01-24,109747,1,200,0,644.0
10109647SOUSAA_2025-01-25_G02,10109647SOUSAA,2025-01-25,117840,1,7,0,120.0
10109647SOUSAA_2025-01-25_G03,10109647SOUSAA,2025-01-25,107236,1,5,0,537.0
10109647SOUSAA_2025-01-25_G04,10109647SOUSAA,2025-01-25,118330,1,50,0,984.0
10109647SOUSAA_2025-01-25_G05,10109647SOUSAA,2025-01-25,118298,1,20,0,933.0
10109647SOUSAA_2025-01-25_G06,10109647SOUSAA,2025-01-25,108794,1,159,0,1334.0
10109647SOUSAA_2025-01-25_G08,10109647SOUSAA,2025-01-25,110743,1,39,0,486.0
10109647SOUSAA_2025-01-25_G09,10109647SOUSAA,2025-01-25,110787,1,519,0,34.0
10109647SOUSAA_2025-01-25_G10,10109647SOUSAA,2025-01-25,108795,1,20,0,398.0
10109647SOUSAA_2025-01-25_G11,10109647SOUSAA,2025-01-25,180024,2,2,17,2160.0
10109647SOUSAA_2025-01-25_G12,10109647SOUSAA,2025-01-25,124247,1,2,0,714.0
10109647SOUSAA_2025-01-25_G13,10109647SOUSAA,2025-01-25,123153,1,42,0,1635.0
10109647SOUSAA_2025-01-25_G14,10109647SOUSAA,2025-01-25,124264,1,10,0,176.0
10109647SOUSAA_2025-01-25_G15,10109647SOUSAA,2025-01-25,123822,1,20,0,662.0
10109647SOUSAA_2025-01-25_G16,10109647SOUSAA,2025-01-25,122962,1,3,0,254.0
10109647SOUSAA_2025-01-25_G17,10109647SOUSAA,2025-01-25,124247,1,25,0,637.0
10109647SOUSAA_2025-01-25_G18,10109647SOUSAA,2025-01-25,180054,1,1,0,105.0
10109647SOUSAA_2025-01-25_G19,10109647SOUSAA,2025-01-25,122673,1,16,0,434.0
10109647SOUSAA_2025-01-25_G20,10109647SOUSAA,2025-01-25,180054,1,2,0,152.0
10109647SOUSAA_2025-01-25_G21,10109647SOUSAA,2025-01-25,122983,1,4,0,247.0
10109647SOUSAA_2025-01-26_G02,10109647SOUSAA,2025-01-26,118004,1,9,0,78.0
10109647SOUSAA_2025-01-26_G03,10109647SOUSAA,2025-01-26,111330,1,5,0,97.0
10109647SOUSAA_2025-01-26_G04,10109647SOUSAA,2025-01-26,118281,1,4,0,122.0
10109647SOUSAA_2025-01-26_G05,10109647SOUSAA,2025-01-26,118140,1,22,0,243.0
10109647SOUSAA_2025-01-26_G06,10109647SOUSAA,2025-01-26,109747,1,8,0,107.0
10109647SOUSAA_2025-01-26_G07,10109647SOUSAA,2025-01-26,107830,1,3,0,70.0
10109647SOUSAA_2025-01-26_G08,10109647SOUSAA,2025-01-26,117786,1,11,0,112.0
10109647SOUSAA_2025-01-26_G09,10109647SOUSAA,2025-01-26,110787,1,4,0,71.0
10109647SOUSAA_2025-01-26_G10,10109647SOUSAA,2025-01-26,111465,1,5,0,103.0
10109647SOUSAA_2025-01-26_G11,10109647SOUSAA,2025-01-26,110373,1,24,0,562.0
10109647SOUSAA_2025-01-26_G12,10109647SOUSAA,2025-01-26,110373,1,16,0,94.0
10109647SOUSAA_2025-01-26_G13,10109647SOUSAA,2025-01-26,160052,1,2,0,946.0
10109647SOUSAA_2025-01-26_G14,10109647SOUSAA,2025-01-26,118140,1,8,0,133.0
10109647SOUSAA_2025-01-26_G15,10109647SOUSAA,2025-01-26,107830,1,4,0,71.0
10109647SOUSAA_2025-01-26_G16,10109647SOUSAA,2025-01-26,"117785, 110745",2,5,16,74.0
10109647SOUSAA_2025-01-26_G17,10109647SOUSAA,2025-01-26,111348,1,4,0,85.0
10109647SOUSAA_2025-01-26_G18,10109647SOUSAA,2025-01-26,110515,1,2,0,66.0
10109647SOUSAA_2025-01-26_G19,10109647SOUSAA,2025-01-26,117808,1,8,0,62.0
10109647SOUSAA_2025-01-27_G02,10109647SOUSAA,2025-01-27,117821,1,2,0,89.0
10109647SOUSAA_2025-01-27_G03,10109647SOUSAA,2025-01-27,111463,1,4,0,48.0
10109647SOUSAA_2025-01-27_G04,10109647SOUSAA,2025-01-27,100334,1,2,0,107.0
10109647SOUSAA_2025-01-27_G05,10109647SOUSAA,2025-01-27,114102,1,2,0,120.0
10109647SOUSAA_2025-01-27_G06,10109647SOUSAA,2025-01-27,117855,4,40,41,1672.0
10109647SOUSAA_2025-01-27_G07,10109647SOUSAA,2025-01-27,117855,1,3,0,912.0
10109647SOUSAA_2025-01-27_G08,10109647SOUSAA,2025-01-27,117856,1,2,0,700.0
10109647SOUSAA_2025-01-27_G09,10109647SOUSAA,2025-01-27,"118403, 117853",3,10,36,42.0
10109647SOUSAA_2025-01-27_G10,10109647SOUSAA,2025-01-27,110313,1,8,0,264.0
10109647SOUSAA_2025-01-27_G11,10109647SOUSAA,2025-01-27,111439,1,2,0,81.0
10109647SOUSAA_2025-01-27_G12,10109647SOUSAA,2025-01-27,111439,1,11,0,39.0
10109647SOUSAA_2025-01-27_G13,10109647SOUSAA,2025-01-27,110752,2,7,9,127.0
10109647SOUSAA_2025-01-27_G14,10109647SOUSAA,2025-01-27,117935,4,14,31,91.0
10109647SOUSAA_2025-01-27_G15,10109647SOUSAA,2025-01-27,109640,1,5,0,128.0
10109647SOUSAA_2025-01-27_G16,10109647SOUSAA,2025-01-27,110063,1,4,0,805.0
10109647SOUSAA_2025-01-27_G17,10109647SOUSAA,2025-01-27,117861,2,18,14,160.0
10109647SOUSAA_2025-01-27_G18,10109647SOUSAA,2025-01-27,111876,1,1,0,249.0
10109647SOUSAA_2025-01-27_G19,10109647SOUSAA,2025-01-27,110515,3,30,23,81.0
10109647SOUSAA_2025-01-27_G20,10109647SOUSAA,2025-01-27,118442,1,4,0,226.0
10109647SOUSAA_2025-01-27_G21,10109647SOUSAA,2025-01-27,"110742, 100334, 111850, 111438, 110895",10,48,158,33.0
10109647SOUSAA_2025-01-27_G22,10109647SOUSAA,2025-01-27,"111660, 118306, 109471",5,20,66,35.0
10109647SOUSAA_2025-01-27_G23,10109647SOUSAA,2025-01-27,116527,1,2,0,33.0
10109647SOUSAA_2025-01-27_G25,10109647SOUSAA,2025-01-27,118298,2,24,10,37.0
10109647SOUSAA_2025-01-27_G26,10109647SOUSAA,2025-01-27,105242,1,1,0,140.0
10109647SOUSAA_2025-01-27_G27,10109647SOUSAA,2025-01-27,111530,1,8,0,149.0
10109647SOUSAA_2025-01-27_G28,10109647SOUSAA,2025-01-27,111530,1,25,0,96.0
10109647SOUSAA_2025-01-27_G29,10109647SOUSAA,2025-01-27,111602,1,28,0,221.0
10109647SOUSAA_2025-01-27_G31,10109647SOUSAA,2025-01-27,118004,3,15,23,68.0
10109647SOUSAA_2025-01-27_G32,10109647SOUSAA,2025-01-27,111330,1,3,0,134.0
10109647SOUSAA_2025-01-27_G33,10109647SOUSAA,2025-01-27,140922,3,51,37,364.0
10109647SOUSAA_2025-01-27_G34,10109647SOUSAA,2025-01-27,111468,1,2,0,776.0
10109647SOUSAA_2025-01-27_G35,10109647SOUSAA,2025-01-27,111433,2,5,12,65.0
10109647SOUSAA_2025-01-27_G36,10109647SOUSAA,2025-01-27,118317,2,8,10,79.0
10109647SOUSAA_2025-01-27_G37,10109647SOUSAA,2025-01-27,118140,1,3,0,57.0
10109647SOUSAA_2025-01-27_G38,10109647SOUSAA,2025-01-27,111466,1,3,0,34.0
10109647SOUSAA_2025-01-27_G39,10109647SOUSAA,2025-01-27,111466,1,2,0,80.0
10109647SOUSAA_2025-01-27_G40,10109647SOUSAA,2025-01-27,111466,1,24,0,618.0
10109647SOUSAA_2025-01-27_G41,10109647SOUSAA,2025-01-27,111466,1,16,0,59.0
10109647SOUSAA_2025-01-27_G42,10109647SOUSAA,2025-01-27,117831,1,10,0,75.0
10109647SOUSAA_2025-01-27_G44,10109647SOUSAA,2025-01-27,110373,1,261,0,450.0
10109647SOUSAA_2025-01-27_G45,10109647SOUSAA,2025-01-27,117808,1,400,0,930.0
10109647SOUSAA_2025-01-27_G46,10109647SOUSAA,2025-01-27,117785,1,100,0,538.0
10109647SOUSAA_2025-01-27_G47,10109647SOUSAA,2025-01-27,117808,1,7,0,1151.0
10109647SOUSAA_2025-01-27_G48,10109647SOUSAA,2025-01-27,"111465, 111348",2,7,29,211.0
10109647SOUSAA_2025-01-28_G02,10109647SOUSAA,2025-01-28,117808,1,16,0,327.0
10109647SOUSAA_2025-01-28_G03,10109647SOUSAA,2025-01-28,109640,1,8,0,188.0
10109647SOUSAA_2025-01-28_G04,10109647SOUSAA,2025-01-28,111602,1,6,0,68.0
10109647SOUSAA_2025-01-28_G05,10109647SOUSAA,2025-01-28,111468,1,6,0,331.0
10109647SOUSAA_2025-01-28_G06,10109647SOUSAA,2025-01-28,110515,1,3,0,74.0
10109647SOUSAA_2025-01-28_G07,10109647SOUSAA,2025-01-28,117785,1,6,0,276.0
10109647SOUSAA_2025-01-28_G08,10109647SOUSAA,2025-01-28,110373,1,6,0,56.0
10109647SOUSAA_2025-01-28_G09,10109647SOUSAA,2025-01-28,111469,1,6,0,117.0
10109647SOUSAA_2025-01-28_G10,10109647SOUSAA,2025-01-28,111463,1,3,0,41.0
10109647SOUSAA_2025-01-28_G11,10109647SOUSAA,2025-01-28,111438,1,4,0,98.0
10109647SOUSAA_2025-01-28_G12,10109647SOUSAA,2025-01-28,110579,1,2,0,160.0
10109647SOUSAA_2025-01-28_G13,10109647SOUSAA,2025-01-28,117855,1,4,0,126.0
10109647SOUSAA_2025-01-28_G14,10109647SOUSAA,2025-01-28,111602,1,3,0,40.0
10109647SOUSAA_2025-01-28_G15,10109647SOUSAA,2025-01-28,117861,1,4,0,85.0
10109647SOUSAA_2025-01-28_G16,10109647SOUSAA,2025-01-28,110515,1,6,0,77.0
10109647SOUSAA_2025-01-28_G17,10109647SOUSAA,2025-01-28,117786,1,3,0,73.0
10109647SOUSAA_2025-01-28_G18,10109647SOUSAA,2025-01-28,108798,1,4,0,531.0
10109647SOUSAA_2025-01-28_G19,10109647SOUSAA,2025-01-28,117935,1,1,0,137.0
10109647SOUSAA_2025-01-28_G20,10109647SOUSAA,2025-01-28,110515,1,2,0,87.0
10109647SOUSAA_2025-01-28_G21,10109647SOUSAA,2025-01-28,114102,1,4,0,129.0
10109647SOUSAA_2025-01-28_G22,10109647SOUSAA,2025-01-28,117808,1,4,0,139.0
10109647SOUSAA_2025-01-28_G23,10109647SOUSAA,2025-01-28,117935,1,4,0,101.0
10109647SOUSAA_2025-01-28_G24,10109647SOUSAA,2025-01-28,111602,1,4,0,57.0
10109647SOUSAA_2025-01-28_G25,10109647SOUSAA,2025-01-28,140922,1,4,0,363.0
10109647SOUSAA_2025-01-28_G26,10109647SOUSAA,2025-01-28,110515,1,1,0,76.0
10109647SOUSAA_2025-01-28_G27,10109647SOUSAA,2025-01-28,109640,1,3,0,109.0
10109647SOUSAA_2025-01-28_G28,10109647SOUSAA,2025-01-28,110515,1,2,0,70.0
10109647SOUSAA_2025-01-28_G29,10109647SOUSAA,2025-01-28,110371,1,3,0,215.0
10109647SOUSAA_2025-01-28_G30,10109647SOUSAA,2025-01-28,110373,1,4,0,82.0
10109647SOUSAA_2025-01-28_G31,10109647SOUSAA,2025-01-28,111469,1,2,0,137.0
10109647SOUSAA_2025-01-28_G32,10109647SOUSAA,2025-01-28,118299,1,24,0,184.0
10109647SOUSAA_2025-01-28_G33,10109647SOUSAA,2025-01-28,111418,1,8,0,113.0
10109647SOUSAA_2025-01-28_G34,10109647SOUSAA,2025-01-28,117808,1,14,0,1115.0
10109647SOUSAA_2025-01-28_G35,10109647SOUSAA,2025-01-28,110373,1,4,0,49.0
10109647SOUSAA_2025-01-28_G37,10109647SOUSAA,2025-01-28,117832,1,4,0,79.0
10109647SOUSAA_2025-01-28_G38,10109647SOUSAA,2025-01-28,118299,1,14,0,74.0
10109647SOUSAA_2025-01-28_G39,10109647SOUSAA,2025-01-28,111462,1,6,0,119.0
10109647SOUSAA_2025-01-28_G40,10109647SOUSAA,2025-01-28,111438,1,4,0,140.0
10109647SOUSAA_2025-01-28_G41,10109647SOUSAA,2025-01-28,118004,1,2,0,79.0
10109647SOUSAA_2025-01-28_G42,10109647SOUSAA,2025-01-28,109640,1,5,0,126.0
10109647SOUSAA_2025-01-28_G43,10109647SOUSAA,2025-01-28,111602,1,11,0,59.0
10109647SOUSAA_2025-01-28_G44,10109647SOUSAA,2025-01-28,117832,1,9,0,116.0
10109647SOUSAA_2025-01-28_G45,10109647SOUSAA,2025-01-28,118299,1,26,0,560.0
10109647SOUSAA_2025-01-28_G46,10109647SOUSAA,2025-01-28,118140,1,2,0,1095.0
10109647SOUSAA_2025-01-28_G47,10109647SOUSAA,2025-01-28,110711,1,4,0,379.0
10109647SOUSAA_2025-01-28_G48,10109647SOUSAA,2025-01-28,111447,1,5,0,2273.0
10109647SOUSAA_2025-01-28_G49,10109647SOUSAA,2025-01-28,111743,1,4,0,122.0
10109647SOUSAA_2025-01-28_G50,10109647SOUSAA,2025-01-28,109640,1,7,0,665.0
10109647SOUSAA_2025-01-28_G51,10109647SOUSAA,2025-01-28,109640,1,7,0,52.0
10109647SOUSAA_2025-01-28_G52,10109647SOUSAA,2025-01-28,109640,1,9,0,71.0
10109647SOUSAA_2025-01-28_G53,10109647SOUSAA,2025-01-28,160054,1,7,0,100.0
10109647SOUSAA_2025-01-28_G54,10109647SOUSAA,2025-01-28,110325,1,4,0,72.0
10109647SOUSAA_2025-01-28_G55,10109647SOUSAA,2025-01-28,110325,1,4,0,89.0
10109647SOUSAA_2025-01-28_G56,10109647SOUSAA,2025-01-28,"110373, 118299",3,95,33,124.0
10109647SOUSAA_2025-01-28_G57,10109647SOUSAA,2025-01-28,"111439, 110325",3,20,36,116.0
10109647SOUSAA_2025-01-28_G58,10109647SOUSAA,2025-01-28,120002,1,2,0,2093.0
10109647SOUSAA_2025-01-28_G59,10109647SOUSAA,2025-01-28,118004,1,4,0,92.0
10109647SOUSAA_2025-01-28_G60,10109647SOUSAA,2025-01-28,111468,1,18,0,160.0
10109647SOUSAA_2025-01-28_G61,10109647SOUSAA,2025-01-28,111466,1,81,0,161.0
10109647SOUSAA_2025-01-28_G62,10109647SOUSAA,2025-01-28,110750,1,2,0,385.0
10109647SOUSAA_2025-01-28_G63,10109647SOUSAA,2025-01-28,117785,1,12,0,221.0
10109647SOUSAA_2025-01-28_G64,10109647SOUSAA,2025-01-28,117841,1,4,0,94.0
10109647SOUSAA_2025-01-28_G65,10109647SOUSAA,2025-01-28,111462,2,38,8,76.0
10109647SOUSAA_2025-01-28_G67,10109647SOUSAA,2025-01-28,124486,1,12,0,213.0
10109647SOUSAA_2025-01-28_G68,10109647SOUSAA,2025-01-28,122962,1,24,0,808.0
10109647SOUSAA_2025-01-28_G69,10109647SOUSAA,2025-01-28,124486,1,40,0,559.0
10109647SOUSAA_2025-01-28_G70,10109647SOUSAA,2025-01-28,123344,1,7,0,204.0
10109647SOUSAA_2025-01-28_G71,10109647SOUSAA,2025-01-28,124370,1,8,0,380.0
10109647SOUSAA_2025-01-28_G72,10109647SOUSAA,2025-01-28,124371,1,4,0,176.0
10109647SOUSAA_2025-01-29_G02,10109647SOUSAA,2025-01-29,122985,1,4,0,189.0
10109647SOUSAA_2025-01-29_G03,10109647SOUSAA,2025-01-29,123344,1,4,0,235.0
10109647SOUSAA_2025-01-29_G04,10109647SOUSAA,2025-01-29,124370,1,6,0,438.0
10109647SOUSAA_2025-01-29_G05,10109647SOUSAA,2025-01-29,124371,1,8,0,269.0
10109647SOUSAA_2025-01-29_G06,10109647SOUSAA,2025-01-29,121760,1,6,0,291.0
10109647SOUSAA_2025-01-29_G07,10109647SOUSAA,2025-01-29,124371,1,20,0,494.0
10109647SOUSAA_2025-01-29_G08,10109647SOUSAA,2025-01-29,121760,1,10,0,321.0
10109647SOUSAA_2025-01-29_G09,10109647SOUSAA,2025-01-29,121651,1,20,0,581.0
10109647SOUSAA_2025-01-29_G10,10109647SOUSAA,2025-01-29,123345,1,4,0,176.0
10109647SOUSAA_2025-01-29_G11,10109647SOUSAA,2025-01-29,124370,1,12,0,438.0
10109647SOUSAA_2025-01-29_G12,10109647SOUSAA,2025-01-29,121760,1,4,0,209.0
10109647SOUSAA_2025-01-29_G13,10109647SOUSAA,2025-01-29,121651,1,2,0,57.0
10109647SOUSAA_2025-01-29_G14,10109647SOUSAA,2025-01-29,120008,1,20,0,685.0
10109647SOUSAA_2025-01-29_G15,10109647SOUSAA,2025-01-29,123344,1,10,0,233.0
10109647SOUSAA_2025-01-29_G16,10109647SOUSAA,2025-01-29,124370,1,12,0,437.0
10109647SOUSAA_2025-01-29_G17,10109647SOUSAA,2025-01-29,121760,1,6,0,95.0
10109647SOUSAA_2025-01-29_G18,10109647SOUSAA,2025-01-29,121651,1,8,0,185.0
10109647SOUSAA_2025-01-29_G20,10109647SOUSAA,2025-01-29,122983,1,4,0,499.0
10109647SOUSAA_2025-01-29_G21,10109647SOUSAA,2025-01-29,122671,1,26,0,2149.0
10109647SOUSAA_2025-01-29_G22,10109647SOUSAA,2025-01-29,123561,1,1,0,125.0
10109647SOUSAA_2025-01-29_G23,10109647SOUSAA,2025-01-29,124486,1,45,0,886.0
10109647SOUSAA_2025-01-29_G24,10109647SOUSAA,2025-01-29,122983,1,47,0,1200.0
10109647SOUSAA_2025-01-29_G25,10109647SOUSAA,2025-01-29,122985,1,38,0,700.0
10109647SOUSAA_2025-01-29_G26,10109647SOUSAA,2025-01-29,122188,1,89,0,3172.0
10109647SOUSAA_2025-01-29_G28,10109647SOUSAA,2025-01-29,124248,1,10,0,190.0
10109647SOUSAA_2025-01-29_G29,10109647SOUSAA,2025-01-29,122982,1,5,0,347.0
10109647SOUSAA_2025-01-29_G30,10109647SOUSAA,2025-01-29,123907,1,10,0,130.0
10109647SOUSAA_2025-01-30_G03,10109647SOUSAA,2025-01-30,123344,1,10,0,150.0
10109647SOUSAA_2025-01-30_G04,10109647SOUSAA,2025-01-30,"124370, 124371",2,10,29,42.0
10109647SOUSAA_2025-01-30_G05,10109647SOUSAA,2025-01-30,124371,1,2,0,324.0
10109647SOUSAA_2025-01-30_G06,10109647SOUSAA,2025-01-30,122703,1,7,0,200.0
10109647SOUSAA_2025-01-30_G07,10109647SOUSAA,2025-01-30,122984,1,2,0,649.0
10109647SOUSAA_2025-01-30_G08,10109647SOUSAA,2025-01-30,124371,1,2,0,177.0
10109647SOUSAA_2025-01-30_G09,10109647SOUSAA,2025-01-30,124248,1,5,0,103.0
10109647SOUSAA_2025-01-30_G10,10109647SOUSAA,2025-01-30,123907,1,4,0,117.0
10109647SOUSAA_2025-01-30_G12,10109647SOUSAA,2025-01-30,121651,1,5,0,370.0
10109647SOUSAA_2025-01-30_G13,10109647SOUSAA,2025-01-30,123343,1,6,0,179.0
10109647SOUSAA_2025-01-30_G14,10109647SOUSAA,2025-01-30,123345,1,2,0,180.0
10109647SOUSAA_2025-01-30_G15,10109647SOUSAA,2025-01-30,124486,1,28,0,827.0
10109647SOUSAA_2025-01-30_G16,10109647SOUSAA,2025-01-30,124370,1,12,0,1103.0
10109647SOUSAA_2025-01-30_G17,10109647SOUSAA,2025-01-30,123153,1,26,0,657.0
10109647SOUSAA_2025-01-30_G18,10109647SOUSAA,2025-01-30,122671,1,10,0,228.0
10109647SOUSAA_2025-01-30_G19,10109647SOUSAA,2025-01-30,122185,1,16,0,355.0
10109647SOUSAA_2025-01-30_G20,10109647SOUSAA,2025-01-30,123562,1,4,0,79.0
10109647SOUSAA_2025-01-30_G21,10109647SOUSAA,2025-01-30,121760,1,12,0,315.0
10109647SOUSAA_2025-01-30_G22,10109647SOUSAA,2025-01-30,120389,1,8,0,333.0
10109647SOUSAA_2025-01-30_G23,10109647SOUSAA,2025-01-30,122962,1,200,0,2975.0
10109647SOUSAA_2025-01-30_G25,10109647SOUSAA,2025-01-30,111602,1,24,0,210.0
10109647SOUSAA_2025-01-30_G26,10109647SOUSAA,2025-01-30,111602,1,83,0,135.0
10109647SOUSAA_2025-01-30_G27,10109647SOUSAA,2025-01-30,111530,1,77,0,592.0
10109647SOUSAA_2025-01-30_G28,10109647SOUSAA,2025-01-30,"110374, 110325, 118299, 110373, 110371",6,350,103,167.0
10109647SOUSAA_2025-01-30_G29,10109647SOUSAA,2025-01-30,117808,1,790,0,1363.0
10109647SOUSAA_2025-01-30_G30,10109647SOUSAA,2025-01-30,117808,1,245,0,527.0
10109647SOUSAA_2025-01-31_G02,10109647SOUSAA,2025-01-31,111743,1,14,0,737.0
10109647SOUSAA_2025-01-31_G03,10109647SOUSAA,2025-01-31,111418,1,157,0,166.0
10109647SOUSAA_2025-01-31_G04,10109647SOUSAA,2025-01-31,110751,1,3,0,151.0
10109647SOUSAA_2025-01-31_G05,10109647SOUSAA,2025-01-31,111418,1,16,0,120.0
10109647SOUSAA_2025-01-31_G06,10109647SOUSAA,2025-01-31,111418,1,32,0,47.0
10109647SOUSAA_2025-01-31_G07,10109647SOUSAA,2025-01-31,117841,1,8,0,444.0
10109647SOUSAA_2025-01-31_G08,10109647SOUSAA,2025-01-31,110580,1,3,0,1785.0
10109647SOUSAA_2025-01-31_G09,10109647SOUSAA,2025-01-31,110313,1,4,0,125.0
10109647SOUSAA_2025-01-31_G10,10109647SOUSAA,2025-01-31,117935,1,2,0,37.0
10109647SOUSAA_2025-01-31_G11,10109647SOUSAA,2025-01-31,107236,1,2,0,102.0
10109647SOUSAA_2025-01-31_G12,10109647SOUSAA,2025-01-31,109471,1,1,0,118.0
10109647SOUSAA_2025-01-31_G13,10109647SOUSAA,2025-01-31,108798,1,3,0,55.0
10109647SOUSAA_2025-01-31_G15,10109647SOUSAA,2025-01-31,118290,1,4,0,93.0
10109647SOUSAA_2025-01-31_G16,10109647SOUSAA,2025-01-31,141035,1,2,0,81.0
10109647SOUSAA_2025-01-31_G17,10109647SOUSAA,2025-01-31,110313,1,7,0,147.0
10109647SOUSAA_2025-01-31_G18,10109647SOUSAA,2025-01-31,110313,1,7,0,61.0
10109647SOUSAA_2025-01-31_G19,10109647SOUSAA,2025-01-31,111861,1,2,0,60.0
10109647SOUSAA_2025-01-31_G20,10109647SOUSAA,2025-01-31,107236,1,1,0,122.0
10109647SOUSAA_2025-01-31_G21,10109647SOUSAA,2025-01-31,111433,1,1,0,79.0
10109647SOUSAA_2025-01-31_G22,10109647SOUSAA,2025-01-31,108798,1,1,0,64.0
10109647SOUSAA_2025-01-31_G23,10109647SOUSAA,2025-01-31,109640,1,11,0,373.0
10109647SOUSAA_2025-01-31_G24,10109647SOUSAA,2025-01-31,116611,1,4,0,31.0
10109647SOUSAA_2025-01-31_G25,10109647SOUSAA,2025-01-31,108798,1,7,0,42.0
10109647SOUSAA_2025-01-31_G26,10109647SOUSAA,2025-01-31,107830,1,3,0,41.0
10109647SOUSAA_2025-01-31_G27,10109647SOUSAA,2025-01-31,118094,1,5,0,201.0
10109647SOUSAA_2025-01-31_G28,10109647SOUSAA,2025-01-31,111348,1,2,0,75.0
10109647SOUSAA_2025-01-31_G29,10109647SOUSAA,2025-01-31,140922,1,2,0,68.0
10109647SOUSAA_2025-01-31_G30,10109647SOUSAA,2025-01-31,"107236, 111348",2,8,27,2047.0
10109647SOUSAA_2025-01-31_G31,10109647SOUSAA,2025-01-31,160054,1,4,0,32.0
10109647SOUSAA_2025-01-31_G32,10109647SOUSAA,2025-01-31,140922,1,1,0,41.0
10109647SOUSAA_2025-01-31_G33,10109647SOUSAA,2025-01-31,117935,1,2,0,64.0
10109647SOUSAA_2025-01-31_G34,10109647SOUSAA,2025-01-31,"107236, 109643",2,6,29,34.0
10109647SOUSAA_2025-01-31_G35,10109647SOUSAA,2025-01-31,117935,1,1,0,1792.0
10109647SOUSAA_2025-01-31_G36,10109647SOUSAA,2025-01-31,118094,1,1,0,88.0
10109647SOUSAA_2025-01-31_G37,10109647SOUSAA,2025-01-31,107236,1,4,0,50.0
10109647SOUSAA_2025-01-31_G38,10109647SOUSAA,2025-01-31,117838,1,4,0,106.0
10109647SOUSAA_2025-01-31_G39,10109647SOUSAA,2025-01-31,107236,1,4,0,147.0
10109647SOUSAA_2025-01-31_G40,10109647SOUSAA,2025-01-31,109803,1,2,0,80.0
10109647SOUSAA_2025-01-31_G41,10109647SOUSAA,2025-01-31,110752,1,2,0,132.0
10109647SOUSAA_2025-01-31_G42,10109647SOUSAA,2025-01-31,117833,1,4,0,120.0
10109647SOUSAA_2025-01-31_G43,10109647SOUSAA,2025-01-31,117838,1,4,0,154.0
10109647SOUSAA_2025-01-31_G44,10109647SOUSAA,2025-01-31,105705,1,1,0,180.0
10109647SOUSAA_2025-01-31_G45,10109647SOUSAA,2025-01-31,107830,1,1,0,93.0
10109647SOUSAA_2025-01-31_G46,10109647SOUSAA,2025-01-31,110752,1,3,0,132.0
10109647SOUSAA_2025-01-31_G47,10109647SOUSAA,2025-01-31,110332,1,4,0,724.0
10109647SOUSAA_2025-01-31_G48,10109647SOUSAA,2025-01-31,117809,1,30,0,291.0
10109647SOUSAA_2025-01-31_G49,10109647SOUSAA,2025-01-31,117853,1,7,0,519.0
10109647SOUSAA_2025-01-31_G50,10109647SOUSAA,2025-01-31,110313,1,6,0,173.0
10109647SOUSAA_2025-01-31_G51,10109647SOUSAA,2025-01-31,110787,1,8,0,281.0
10109647SOUSAA_2025-01-31_G52,10109647SOUSAA,2025-01-31,110751,1,12,0,221.0
10109647SOUSAA_2025-01-31_G53,10109647SOUSAA,2025-01-31,111443,1,10,0,88.0
10109647SOUSAA_2025-01-31_G54,10109647SOUSAA,2025-01-31,117808,1,30,0,354.0
10109647SOUSAA_2025-01-31_G55,10109647SOUSAA,2025-01-31,110375,1,30,0,418.0
10109647SOUSAA_2025-02-04_G02,10109647SOUSAA,2025-02-04,120008,1,50,0,982.0
10109647SOUSAA_2025-02-04_G03,10109647SOUSAA,2025-02-04,122962,1,60,0,2387.0
10109647SOUSAA_2025-02-04_G04,10109647SOUSAA,2025-02-04,122962,1,40,0,992.0
10109647SOUSAA_2025-02-04_G05,10109647SOUSAA,2025-02-04,122962,1,20,0,345.0
10109647SOUSAA_2025-02-05_G02,10109647SOUSAA,2025-02-05,121760,1,48,0,818.0
10109647SOUSAA_2025-02-05_G03,10109647SOUSAA,2025-02-05,120271,1,6,0,1280.0
10109647SOUSAA_2025-02-05_G04,10109647SOUSAA,2025-02-05,123561,1,18,0,366.0
10109647SOUSAA_2025-02-05_G05,10109647SOUSAA,2025-02-05,121760,1,20,0,309.0
10109647SOUSAA_2025-02-05_G06,10109647SOUSAA,2025-02-05,122981,1,24,0,343.0
10109647SOUSAA_2025-02-05_G07,10109647SOUSAA,2025-02-05,122962,1,100,0,1543.0
10109647SOUSAA_2025-02-05_G08,10109647SOUSAA,2025-02-05,122984,1,20,0,524.0
10109647SOUSAA_2025-02-05_G09,10109647SOUSAA,2025-02-05,120028,1,4,0,125.0
10109647SOUSAA_2025-02-05_G10,10109647SOUSAA,2025-02-05,122673,1,6,0,127.0
10109647SOUSAA_2025-02-05_G12,10109647SOUSAA,2025-02-05,122962,1,4,0,128.0
10109647SOUSAA_2025-02-05_G13,10109647SOUSAA,2025-02-05,122968,1,10,0,998.0
10109647SOUSAA_2025-02-05_G14,10109647SOUSAA,2025-02-05,123907,1,34,0,506.0
10109647SOUSAA_2025-02-05_G15,10109647SOUSAA,2025-02-05,123907,1,24,0,355.0
10109647SOUSAA_2025-02-05_G16,10109647SOUSAA,2025-02-05,123345,1,100,0,2290.0
10109647SOUSAA_2025-02-16_G02,10109647SOUSAA,2025-02-16,124371,1,6,0,400.0
10109647SOUSAA_2025-02-16_G03,10109647SOUSAA,2025-02-16,120339,1,15,0,545.0
10109647SOUSAA_2025-02-16_G04,10109647SOUSAA,2025-02-16,121928,1,3,0,94.0
10109647SOUSAA_2025-02-16_G05,10109647SOUSAA,2025-02-16,124248,1,8,0,147.0
10109647SOUSAA_2025-02-16_G06,10109647SOUSAA,2025-02-16,121923,1,3,0,159.0
10109647SOUSAA_2025-02-16_G07,10109647SOUSAA,2025-02-16,123521,1,2,0,64.0
10109647SOUSAA_2025-02-16_G08,10109647SOUSAA,2025-02-16,123911,1,12,0,493.0
10109647SOUSAA_2025-02-16_G09,10109647SOUSAA,2025-02-16,122981,1,6,0,845.0
10109647SOUSAA_2025-02-16_G10,10109647SOUSAA,2025-02-16,122982,1,4,0,137.0
10109647SOUSAA_2025-02-17_G02,10109647SOUSAA,2025-02-17,124247,1,12,0,277.0
10109647SOUSAA_2025-02-17_G03,10109647SOUSAA,2025-02-17,122982,1,6,0,152.0
10109647SOUSAA_2025-02-17_G04,10109647SOUSAA,2025-02-17,123344,1,24,0,311.0
10109647SOUSAA_2025-02-17_G05,10109647SOUSAA,2025-02-17,123909,1,10,0,331.0
10109647SOUSAA_2025-02-17_G06,10109647SOUSAA,2025-02-17,122962,1,36,0,1643.0
10109647SOUSAA_2025-02-17_G07,10109647SOUSAA,2025-02-17,122983,1,4,0,464.0
10109647SOUSAA_2025-02-17_G08,10109647SOUSAA,2025-02-17,122986,1,4,0,164.0
10109647SOUSAA_2025-02-17_G09,10109647SOUSAA,2025-02-17,122962,1,40,0,1209.0
10109647SOUSAA_2025-02-17_G10,10109647SOUSAA,2025-02-17,122962,1,20,0,521.0
10109647SOUSAA_2025-02-17_G11,10109647SOUSAA,2025-02-17,124248,1,6,0,197.0
10109647SOUSAA_2025-02-17_G12,10109647SOUSAA,2025-02-17,123345,1,5,0,334.0
10109647SOUSAA_2025-02-17_G13,10109647SOUSAA,2025-02-17,123344,1,5,0,116.0
10109647SOUSAA_2025-02-17_G15,10109647SOUSAA,2025-02-17,122983,1,4,0,43.0
10109647SOUSAA_2025-02-17_G16,10109647SOUSAA,2025-02-17,122983,1,4,0,61.0
10109647SOUSAA_2025-02-17_G17,10109647SOUSAA,2025-02-17,124247,1,5,0,119.0
10109647SOUSAA_2025-02-17_G18,10109647SOUSAA,2025-02-17,124247,1,7,0,1159.0
10109647SOUSAA_2025-02-17_G19,10109647SOUSAA,2025-02-17,122984,1,12,0,327.0
10109647SOUSAA_2025-02-17_G20,10109647SOUSAA,2025-02-17,122985,1,4,0,156.0
10109647SOUSAA_2025-02-17_G21,10109647SOUSAA,2025-02-17,124371,1,4,0,217.0
10109647SOUSAA_2025-02-17_G22,10109647SOUSAA,2025-02-17,124248,1,8,0,1160.0
10109647SOUSAA_2025-02-17_G23,10109647SOUSAA,2025-02-17,122985,1,2,0,61.0
10109647SOUSAA_2025-02-17_G24,10109647SOUSAA,2025-02-17,123822,1,4,0,86.0
10109647SOUSAA_2025-02-17_G25,10109647SOUSAA,2025-02-17,123343,1,10,0,489.0
10109647SOUSAA_2025-02-17_G26,10109647SOUSAA,2025-02-17,123492,1,2,0,243.0
10109647SOUSAA_2025-02-17_G27,10109647SOUSAA,2025-02-17,124486,1,20,0,575.0
10109647SOUSAA_2025-02-17_G28,10109647SOUSAA,2025-02-17,122962,1,40,0,1627.0
10109647SOUSAA_2025-02-17_G29,10109647SOUSAA,2025-02-17,123343,1,2,0,189.0
10109647SOUSAA_2025-02-17_G30,10109647SOUSAA,2025-02-17,124486,1,80,0,1636.0
10109647SOUSAA_2025-02-17_G31,10109647SOUSAA,2025-02-17,123909,1,10,0,190.0
10109647SOUSAA_2025-02-17_G32,10109647SOUSAA,2025-02-17,122962,1,40,0,474.0
10109647SOUSAA_2025-02-17_G33,10109647SOUSAA,2025-02-17,124247,1,10,0,163.0
10109647SOUSAA_2025-02-17_G34,10109647SOUSAA,2025-02-17,122983,1,10,0,295.0
10109647SOUSAA_2025-02-17_G36,10109647SOUSAA,2025-02-17,120339,1,6,0,95.0
10109647SOUSAA_2025-02-17_G37,10109647SOUSAA,2025-02-17,121651,1,30,0,709.0
10109647SOUSAA_2025-02-17_G38,10109647SOUSAA,2025-02-17,121651,1,30,0,515.0
10109647SOUSAA_2025-02-18_G02,10109647SOUSAA,2025-02-18,123492,1,4,0,172.0
10109647SOUSAA_2025-02-18_G03,10109647SOUSAA,2025-02-18,122984,1,8,0,434.0
10109647SOUSAA_2025-02-18_G04,10109647SOUSAA,2025-02-18,124248,1,3,0,68.0
10109647SOUSAA_2025-02-18_G05,10109647SOUSAA,2025-02-18,122703,1,9,0,272.0
10109647SOUSAA_2025-02-18_G06,10109647SOUSAA,2025-02-18,124370,1,6,0,444.0
10109647SOUSAA_2025-02-18_G07,10109647SOUSAA,2025-02-18,123345,1,3,0,351.0
10109647SOUSAA_2025-02-18_G08,10109647SOUSAA,2025-02-18,123345,1,8,0,118.0
10109647SOUSAA_2025-02-18_G09,10109647SOUSAA,2025-02-18,122647,1,30,0,831.0
10109647SOUSAA_2025-02-18_G10,10109647SOUSAA,2025-02-18,122673,1,10,0,138.0
10109647SOUSAA_2025-02-18_G11,10109647SOUSAA,2025-02-18,122962,1,30,0,496.0
10109647SOUSAA_2025-02-18_G12,10109647SOUSAA,2025-02-18,122671,1,10,0,166.0
10109647SOUSAA_2025-02-18_G13,10109647SOUSAA,2025-02-18,124248,1,40,0,917.0
10109647SOUSAA_2025-02-18_G14,10109647SOUSAA,2025-02-18,124247,1,8,0,563.0
10109647SOUSAA_2025-02-18_G16,10109647SOUSAA,2025-02-18,122647,1,16,0,332.0
10109647SOUSAA_2025-02-18_G17,10109647SOUSAA,2025-02-18,122962,1,40,0,538.0
10109647SOUSAA_2025-02-18_G18,10109647SOUSAA,2025-02-18,123153,1,12,0,255.0
10109647SOUSAA_2025-02-18_G19,10109647SOUSAA,2025-02-18,123343,1,1,0,135.0
10109647SOUSAA_2025-02-18_G20,10109647SOUSAA,2025-02-18,124247,1,10,0,164.0
10109647SOUSAA_2025-02-18_G21,10109647SOUSAA,2025-02-18,122962,1,12,0,291.0
10109647SOUSAA_2025-02-18_G22,10109647SOUSAA,2025-02-18,121651,1,5,0,228.0
10109647SOUSAA_2025-02-18_G23,10109647SOUSAA,2025-02-18,122185,1,5,0,135.0
10109647SOUSAA_2025-02-18_G24,10109647SOUSAA,2025-02-18,124247,1,8,0,186.0
10109647SOUSAA_2025-02-18_G25,10109647SOUSAA,2025-02-18,123909,1,8,0,40.0
10109647SOUSAA_2025-02-18_G26,10109647SOUSAA,2025-02-18,120389,1,8,0,188.0
10109647SOUSAA_2025-02-18_G27,10109647SOUSAA,2025-02-18,120028,1,4,0,90.0
10109647SOUSAA_2025-02-18_G28,10109647SOUSAA,2025-02-18,120339,1,4,0,152.0
10109647SOUSAA_2025-02-18_G29,10109647SOUSAA,2025-02-18,123345,1,6,0,130.0
10109647SOUSAA_2025-02-18_G30,10109647SOUSAA,2025-02-18,120389,1,4,0,147.0
10109647SOUSAA_2025-02-18_G31,10109647SOUSAA,2025-02-18,124247,1,10,0,321.0
10109647SOUSAA_2025-02-18_G32,10109647SOUSAA,2025-02-18,122985,1,4,0,148.0
10109647SOUSAA_2025-02-18_G33,10109647SOUSAA,2025-02-18,123492,1,2,0,1616.0
10109647SOUSAA_2025-02-18_G34,10109647SOUSAA,2025-02-18,123345,1,2,0,189.0
10109647SOUSAA_2025-02-18_G35,10109647SOUSAA,2025-02-18,121760,1,17,0,307.0
10109647SOUSAA_2025-02-18_G36,10109647SOUSAA,2025-02-18,123907,1,2,0,113.0
10109647SOUSAA_2025-02-18_G37,10109647SOUSAA,2025-02-18,123344,1,3,0,71.0
10109647SOUSAA_2025-02-18_G38,10109647SOUSAA,2025-02-18,121760,1,3,0,120.0
10109647SOUSAA_2025-02-18_G39,10109647SOUSAA,2025-02-18,122673,1,4,0,105.0
10109647SOUSAA_2025-02-18_G40,10109647SOUSAA,2025-02-18,123153,1,100,0,987.0
10109647SOUSAA_2025-02-18_G41,10109647SOUSAA,2025-02-18,123345,1,2,0,138.0
10109647SOUSAA_2025-02-18_G42,10109647SOUSAA,2025-02-18,122962,1,11,0,214.0
10109647SOUSAA_2025-02-18_G44,10109647SOUSAA,2025-02-18,121760,1,2,0,1464.0
10109647SOUSAA_2025-02-18_G45,10109647SOUSAA,2025-02-18,121760,1,30,0,2113.0
10109647SOUSAA_2025-02-19_G02,10109647SOUSAA,2025-02-19,123909,1,20,0,489.0
10109647SOUSAA_2025-02-19_G03,10109647SOUSAA,2025-02-19,120339,1,14,0,2904.0
10109647SOUSAA_2025-02-19_G04,10109647SOUSAA,2025-02-19,121651,1,6,0,242.0
10109647SOUSAA_2025-02-19_G05,10109647SOUSAA,2025-02-19,123345,1,36,0,564.0
10109647SOUSAA_2025-02-19_G06,10109647SOUSAA,2025-02-19,180169,2,2,30,202.0
10109647SOUSAA_2025-02-19_G08,10109647SOUSAA,2025-02-19,121651,1,10,0,435.0
10109647SOUSAA_2025-02-19_G09,10109647SOUSAA,2025-02-19,122981,1,4,0,242.0
10109647SOUSAA_2025-02-19_G10,10109647SOUSAA,2025-02-19,120339,1,6,0,317.0
10109647SOUSAA_2025-02-19_G11,10109647SOUSAA,2025-02-19,122983,1,4,0,502.0
10109647SOUSAA_2025-02-19_G12,10109647SOUSAA,2025-02-19,124247,1,6,0,332.0
10109647SOUSAA_2025-02-19_G13,10109647SOUSAA,2025-02-19,124248,1,4,0,145.0
10109647SOUSAA_2025-02-19_G14,10109647SOUSAA,2025-02-19,122962,1,20,0,506.0
10109647SOUSAA_2025-02-19_G15,10109647SOUSAA,2025-02-19,123822,1,39,0,788.0
10109647SOUSAA_2025-02-19_G16,10109647SOUSAA,2025-02-19,122988,1,24,0,1052.0
10109647SOUSAA_2025-02-19_G17,10109647SOUSAA,2025-02-19,122983,1,4,0,105.0
10109647SOUSAA_2025-02-19_G18,10109647SOUSAA,2025-02-19,122984,1,38,0,1810.0
10109647SOUSAA_2025-02-19_G20,10109647SOUSAA,2025-02-19,124371,1,8,0,1114.0
10109647SOUSAA_2025-02-19_G21,10109647SOUSAA,2025-02-19,124248,1,14,0,277.0
10109647SOUSAA_2025-02-19_G22,10109647SOUSAA,2025-02-19,122982,1,8,0,128.0
10109647SOUSAA_2025-02-19_G23,10109647SOUSAA,2025-02-19,120272,1,14,0,335.0
10109647SOUSAA_2025-02-19_G24,10109647SOUSAA,2025-02-19,120339,1,8,0,201.0
10109647SOUSAA_2025-02-20_G02,10109647SOUSAA,2025-02-20,122671,1,8,0,281.0
10109647SOUSAA_2025-02-20_G03,10109647SOUSAA,2025-02-20,123909,1,14,0,339.0
10109647SOUSAA_2025-02-20_G04,10109647SOUSAA,2025-02-20,122673,1,4,0,155.0
10109647SOUSAA_2025-02-20_G05,10109647SOUSAA,2025-02-20,123560,1,12,0,653.0
10109647SOUSAA_2025-02-20_G06,10109647SOUSAA,2025-02-20,123345,1,8,0,418.0
10109647SOUSAA_2025-02-20_G07,10109647SOUSAA,2025-02-20,123344,1,8,0,612.0
10109647SOUSAA_2025-02-20_G08,10109647SOUSAA,2025-02-20,123343,1,2,0,243.0
10109647SOUSAA_2025-02-20_G09,10109647SOUSAA,2025-02-20,121651,1,6,0,137.0
10109647SOUSAA_2025-02-20_G10,10109647SOUSAA,2025-02-20,124433,1,14,0,1293.0
10109647SOUSAA_2025-02-20_G11,10109647SOUSAA,2025-02-20,124370,1,96,0,1937.0
10109647SOUSAA_2025-02-20_G13,10109647SOUSAA,2025-02-20,120272,1,4,0,336.0
10109647SOUSAA_2025-02-20_G14,10109647SOUSAA,2025-02-20,123344,1,5,0,307.0
10109647SOUSAA_2025-02-20_G15,10109647SOUSAA,2025-02-20,123345,1,8,0,325.0
10109647SOUSAA_2025-02-20_G16,10109647SOUSAA,2025-02-20,124433,1,10,0,90.0
10109647SOUSAA_2025-02-20_G17,10109647SOUSAA,2025-02-20,121760,1,3,0,135.0
10109647SOUSAA_2025-02-20_G18,10109647SOUSAA,2025-02-20,122985,1,20,0,409.0
10109647SOUSAA_2025-02-20_G19,10109647SOUSAA,2025-02-20,124486,1,8,0,1733.0
10109647SOUSAA_2025-02-20_G20,10109647SOUSAA,2025-02-20,122962,1,96,0,2199.0
10109647SOUSAA_2025-02-20_G21,10109647SOUSAA,2025-02-20,120028,1,12,0,360.0
10109647SOUSAA_2025-02-20_G22,10109647SOUSAA,2025-02-20,122962,1,80,0,1224.0
10109647SOUSAA_2025-02-20_G23,10109647SOUSAA,2025-02-20,122983,1,8,0,147.0
10109647SOUSAA_2025-02-20_G24,10109647SOUSAA,2025-02-20,120028,1,12,0,409.0
10109647SOUSAA_2025-02-20_G25,10109647SOUSAA,2025-02-20,122985,1,2,0,79.0
10109647SOUSAA_2025-02-20_G26,10109647SOUSAA,2025-02-20,123345,1,1,0,96.0
10109647SOUSAA_2025-02-20_G28,10109647SOUSAA,2025-02-20,124486,1,18,0,1276.0
10109647SOUSAA_2025-02-20_G29,10109647SOUSAA,2025-02-20,124486,1,52,0,788.0
10109647SOUSAA_2025-02-21_G02,10109647SOUSAA,2025-02-21,123909,1,72,0,2591.0
10109647SOUSAA_2025-02-21_G03,10109647SOUSAA,2025-02-21,124264,1,98,0,141.0
10109647SOUSAA_2025-02-21_G04,10109647SOUSAA,2025-02-21,124248,1,4,0,386.0
10109647SOUSAA_2025-02-21_G05,10109647SOUSAA,2025-02-21,122647,1,6,0,174.0
10109647SOUSAA_2025-02-21_G06,10109647SOUSAA,2025-02-21,122962,1,4,0,223.0
10109647SOUSAA_2025-02-21_G08,10109647SOUSAA,2025-02-21,122962,1,32,0,2741.0
10109647SOUSAA_2025-02-21_G09,10109647SOUSAA,2025-02-21,123947,1,10,0,193.0
10109647SOUSAA_2025-02-21_G12,10109647SOUSAA,2025-02-21,180098,1,2,0,601.0
10109647SOUSAA_2025-02-21_G13,10109647SOUSAA,2025-02-21,123907,1,4,0,553.0
10109647SOUSAA_2025-02-21_G14,10109647SOUSAA,2025-02-21,123911,1,20,0,774.0
10109647SOUSAA_2025-02-21_G15,10109647SOUSAA,2025-02-21,122962,1,3,0,389.0
10109647SOUSAA_2025-02-21_G16,10109647SOUSAA,2025-02-21,"124594, 122185",2,100,28,53.0
10109647SOUSAA_2025-02-21_G17,10109647SOUSAA,2025-02-21,122185,1,150,0,57.0
10109647SOUSAA_2025-02-22_G03,10109647SOUSAA,2025-02-22,121651,1,20,0,429.0
10109647SOUSAA_2025-02-22_G04,10109647SOUSAA,2025-02-22,122982,1,3,0,431.0
10109647SOUSAA_2025-02-22_G05,10109647SOUSAA,2025-02-22,123344,1,8,0,263.0
10109647SOUSAA_2025-02-22_G06,10109647SOUSAA,2025-02-22,123822,1,11,0,331.0
10109647SOUSAA_2025-02-22_G07,10109647SOUSAA,2025-02-22,123909,1,3,0,258.0
10109647SOUSAA_2025-02-22_G08,10109647SOUSAA,2025-02-22,122185,1,50,0,929.0
10109647SOUSAA_2025-02-22_G09,10109647SOUSAA,2025-02-22,120028,1,20,0,523.0
10109647SOUSAA_2025-02-22_G10,10109647SOUSAA,2025-02-22,122962,1,20,0,474.0
10109647SOUSAA_2025-02-22_G11,10109647SOUSAA,2025-02-22,120028,1,24,0,573.0
10109647SOUSAA_2025-02-22_G12,10109647SOUSAA,2025-02-22,122962,1,16,0,215.0
10109647SOUSAA_2025-02-22_G13,10109647SOUSAA,2025-02-22,123907,1,4,0,481.0
10109647SOUSAA_2025-02-22_G14,10109647SOUSAA,2025-02-22,123907,1,4,0,170.0
10109647SOUSAA_2025-02-22_G15,10109647SOUSAA,2025-02-22,122982,1,8,0,440.0
10109647SOUSAA_2025-02-22_G16,10109647SOUSAA,2025-02-22,122988,1,12,0,222.0
10109647SOUSAA_2025-02-22_G17,10109647SOUSAA,2025-02-22,122962,1,4,0,168.0
10109647SOUSAA_2025-02-22_G18,10109647SOUSAA,2025-02-22,122647,1,6,0,345.0
10109647SOUSAA_2025-02-22_G19,10109647SOUSAA,2025-02-22,123153,1,12,0,452.0
10109647SOUSAA_2025-02-22_G20,10109647SOUSAA,2025-02-22,122962,1,4,0,115.0
10109647SOUSAA_2025-02-22_G21,10109647SOUSAA,2025-02-22,124433,1,4,0,136.0
10109647SOUSAA_2025-02-22_G22,10109647SOUSAA,2025-02-22,123153,1,12,0,215.0
10109647SOUSAA_2025-02-22_G23,10109647SOUSAA,2025-02-22,123909,1,4,0,296.0
10109647SOUSAA_2025-02-23_G02,10109647SOUSAA,2025-02-23,122962,1,20,0,169.0
10109647SOUSAA_2025-02-23_G03,10109647SOUSAA,2025-02-23,123822,1,30,0,580.0
10109647SOUSAA_2025-02-23_G04,10109647SOUSAA,2025-02-23,120271,1,1,0,482.0
10109647SOUSAA_2025-02-23_G05,10109647SOUSAA,2025-02-23,122185,2,8,28,255.0
10109647SOUSAA_2025-02-23_G06,10109647SOUSAA,2025-02-23,122185,1,4,0,44.0
10109647SOUSAA_2025-02-23_G07,10109647SOUSAA,2025-02-23,120339,1,6,0,857.0
10109647SOUSAA_2025-02-23_G08,10109647SOUSAA,2025-02-23,122983,1,4,0,254.0
10109647SOUSAA_2025-02-24_G02,10109647SOUSAA,2025-02-24,123909,1,4,0,106.0
10109647SOUSAA_2025-02-24_G03,10109647SOUSAA,2025-02-24,122962,1,52,0,1299.0
10109647SOUSAA_2025-02-24_G04,10109647SOUSAA,2025-02-24,120008,1,11,0,588.0
10109647SOUSAA_2025-02-24_G05,10109647SOUSAA,2025-02-24,122983,1,8,0,226.0
10109647SOUSAA_2025-02-24_G06,10109647SOUSAA,2025-02-24,121760,1,24,0,659.0
10109647SOUSAA_2025-02-24_G07,10109647SOUSAA,2025-02-24,122985,1,6,0,636.0
10109647SOUSAA_2025-02-24_G08,10109647SOUSAA,2025-02-24,121760,1,10,0,399.0
10109647SOUSAA_2025-02-24_G09,10109647SOUSAA,2025-02-24,124486,1,12,0,211.0
10109647SOUSAA_2025-02-24_G10,10109647SOUSAA,2025-02-24,124486,1,15,0,114.0
10109647SOUSAA_2025-02-24_G11,10109647SOUSAA,2025-02-24,124370,1,30,0,41.0
10109647SOUSAA_2025-02-24_G12,10109647SOUSAA,2025-02-24,121651,1,16,0,503.0
10109647SOUSAA_2025-02-24_G13,10109647SOUSAA,2025-02-24,123345,1,18,0,165.0
10109647SOUSAA_2025-02-24_G15,10109647SOUSAA,2025-02-24,124247,1,2,0,870.0
10109647SOUSAA_2025-02-24_G16,10109647SOUSAA,2025-02-24,122984,1,20,0,1007.0
10109647SOUSAA_2025-02-24_G17,10109647SOUSAA,2025-02-24,122703,1,3,0,326.0
10109647SOUSAA_2025-02-24_G18,10109647SOUSAA,2025-02-24,123345,1,20,0,340.0
10109647SOUSAA_2025-02-24_G19,10109647SOUSAA,2025-02-24,122673,1,6,0,392.0
10109647SOUSAA_2025-02-24_G20,10109647SOUSAA,2025-02-24,123345,1,2,0,221.0
10109647SOUSAA_2025-02-24_G21,10109647SOUSAA,2025-02-24,121651,1,20,0,313.0
10109647SOUSAA_2025-02-24_G22,10109647SOUSAA,2025-02-24,122984,1,3,0,1273.0
10109647SOUSAA_2025-02-24_G23,10109647SOUSAA,2025-02-24,"122673, 122984",2,6,14,253.0
10109647SOUSAA_2025-02-24_G24,10109647SOUSAA,2025-02-24,123344,1,13,0,421.0
10109647SOUSAA_2025-02-24_G25,10109647SOUSAA,2025-02-24,122984,1,4,0,450.0
10109647SOUSAA_2025-02-24_G26,10109647SOUSAA,2025-02-24,122984,1,30,0,493.0
10109647SOUSAA_2025-02-24_G27,10109647SOUSAA,2025-02-24,124248,1,30,0,328.0
10109647SOUSAA_2025-02-24_G28,10109647SOUSAA,2025-02-24,124594,1,8,0,123.0
10109647SOUSAA_2025-02-24_G29,10109647SOUSAA,2025-02-24,121760,1,14,0,470.0
10109647SOUSAA_2025-02-24_G30,10109647SOUSAA,2025-02-24,122673,1,24,0,359.0
10109647SOUSAA_2025-02-24_G31,10109647SOUSAA,2025-02-24,124370,1,4,0,145.0
10109647SOUSAA_2025-02-24_G32,10109647SOUSAA,2025-02-24,124248,1,4,0,197.0
10109647SOUSAA_2025-02-24_G33,10109647SOUSAA,2025-02-24,122985,1,58,0,516.0
10109647SOUSAA_2025-02-24_G34,10109647SOUSAA,2025-02-24,124594,1,6,0,90.0
10109647SOUSAA_2025-02-24_G35,10109647SOUSAA,2025-02-24,121760,1,5,0,89.0
10109647SOUSAA_2025-02-24_G36,10109647SOUSAA,2025-02-24,122962,1,10,0,119.0
10109647SOUSAA_2025-02-24_G37,10109647SOUSAA,2025-02-24,122703,1,2,0,219.0
10109647SOUSAA_2025-02-24_G38,10109647SOUSAA,2025-02-24,122962,1,8,0,105.0
10109647SOUSAA_2025-02-24_G39,10109647SOUSAA,2025-02-24,124247,1,40,0,260.0
10109647SOUSAA_2025-02-24_G41,10109647SOUSAA,2025-02-24,122985,1,20,0,73.0
10109647SOUSAA_2025-02-24_G42,10109647SOUSAA,2025-02-24,122986,1,30,0,1104.0
10109647SOUSAA_2025-02-25_G02,10109647SOUSAA,2025-02-25,122983,1,8,0,219.0
10109647SOUSAA_2025-02-25_G03,10109647SOUSAA,2025-02-25,122983,1,72,0,2586.0
10109647SOUSAA_2025-02-25_G04,10109647SOUSAA,2025-02-25,121760,1,100,0,2193.0
10109647SOUSAA_2025-02-25_G06,10109647SOUSAA,2025-02-25,121651,1,10,0,1558.0
10109647SOUSAA_2025-02-25_G07,10109647SOUSAA,2025-02-25,123344,1,30,0,1393.0
10109647SOUSAA_2025-02-25_G08,10109647SOUSAA,2025-02-25,122962,1,20,0,350.0
10109647SOUSAA_2025-02-25_G09,10109647SOUSAA,2025-02-25,123153,1,50,0,994.0
10109647SOUSAA_2025-02-25_G10,10109647SOUSAA,2025-02-25,123822,1,20,0,350.0
10109647SOUSAA_2025-02-25_G11,10109647SOUSAA,2025-02-25,120339,1,40,0,1199.0
10109647SOUSAA_2025-02-25_G12,10109647SOUSAA,2025-02-25,122967,1,22,0,514.0
10109647SOUSAA_2025-02-25_G13,10109647SOUSAA,2025-02-25,122962,1,50,0,2315.0
10109647SOUSAA_2025-02-25_G14,10109647SOUSAA,2025-02-25,124486,1,50,0,414.0
10109647SOUSAA_2025-02-25_G16,10109647SOUSAA,2025-02-25,123822,1,5,0,103.0
10109647SOUSAA_2025-02-25_G17,10109647SOUSAA,2025-02-25,121923,1,2,0,87.0
10109647SOUSAA_2025-02-25_G18,10109647SOUSAA,2025-02-25,122983,1,15,0,162.0
10109647SOUSAA_2025-02-25_G19,10109647SOUSAA,2025-02-25,124371,1,22,0,362.0
10109647SOUSAA_2025-02-25_G20,10109647SOUSAA,2025-02-25,124370,1,30,0,552.0
10109647SOUSAA_2025-02-25_G21,10109647SOUSAA,2025-02-25,124475,1,20,0,286.0
10109647SOUSAA_2025-02-25_G22,10109647SOUSAA,2025-02-25,120339,1,10,0,177.0
10109647SOUSAA_2025-02-25_G23,10109647SOUSAA,2025-02-25,124475,1,10,0,223.0
10109647SOUSAA_2025-02-25_G24,10109647SOUSAA,2025-02-25,120008,1,4,0,1052.0
10109647SOUSAA_2025-02-25_G25,10109647SOUSAA,2025-02-25,123907,1,80,0,732.0
10109647SOUSAA_2025-02-25_G26,10109647SOUSAA,2025-02-25,122962,1,20,0,2849.0
10109647SOUSAA_2025-02-25_G27,10109647SOUSAA,2025-02-25,122671,1,10,0,159.0
10109647SOUSAA_2025-02-25_G28,10109647SOUSAA,2025-02-25,120028,1,20,0,426.0
10109647SOUSAA_2025-02-25_G29,10109647SOUSAA,2025-02-25,120389,1,20,0,499.0
10109647SOUSAA_2025-02-25_G30,10109647SOUSAA,2025-02-25,181280,1,4,0,243.0
10109647SOUSAA_2025-02-25_G31,10109647SOUSAA,2025-02-25,124476,1,10,0,108.0
10109647SOUSAA_2025-02-25_G32,10109647SOUSAA,2025-02-25,124476,1,6,0,159.0
10109647SOUSAA_2025-02-25_G33,10109647SOUSAA,2025-02-25,124476,1,2,0,36.0
10109647SOUSAA_2025-02-25_G34,10109647SOUSAA,2025-02-25,122982,1,4,0,86.0
10109647SOUSAA_2025-02-26_G02,10109647SOUSAA,2025-02-26,124248,1,12,0,257.0
10109647SOUSAA_2025-02-26_G03,10109647SOUSAA,2025-02-26,120028,1,16,0,229.0
10109647SOUSAA_2025-02-26_G04,10109647SOUSAA,2025-02-26,120028,1,30,0,256.0
10109647SOUSAA_2025-02-26_G05,10109647SOUSAA,2025-02-26,124476,1,8,0,112.0
10109647SOUSAA_2025-02-26_G06,10109647SOUSAA,2025-02-26,123521,1,1,0,130.0
10109647SOUSAA_2025-02-26_G07,10109647SOUSAA,2025-02-26,123521,1,4,0,88.0
10109647SOUSAA_2025-02-26_G08,10109647SOUSAA,2025-02-26,121760,1,7,0,557.0
10109647SOUSAA_2025-02-26_G09,10109647SOUSAA,2025-02-26,124476,1,8,0,196.0
10109647SOUSAA_2025-02-26_G10,10109647SOUSAA,2025-02-26,123344,1,20,0,297.0
10109647SOUSAA_2025-02-26_G11,10109647SOUSAA,2025-02-26,124594,1,6,0,263.0
10109647SOUSAA_2025-02-26_G12,10109647SOUSAA,2025-02-26,121651,1,3,0,143.0
10109647SOUSAA_2025-02-26_G13,10109647SOUSAA,2025-02-26,123153,1,6,0,407.0
10109647SOUSAA_2025-02-26_G14,10109647SOUSAA,2025-02-26,124248,1,8,0,239.0
10109647SOUSAA_2025-02-26_G15,10109647SOUSAA,2025-02-26,124247,1,2,0,89.0
10109647SOUSAA_2025-02-26_G16,10109647SOUSAA,2025-02-26,124476,1,8,0,239.0
10109647SOUSAA_2025-02-26_G17,10109647SOUSAA,2025-02-26,120028,1,4,0,94.0
10109647SOUSAA_2025-02-26_G18,10109647SOUSAA,2025-02-26,123822,1,180,0,1915.0
10109647SOUSAA_2025-02-26_G19,10109647SOUSAA,2025-02-26,124287,1,70,0,134.0
10109647SOUSAA_2025-02-26_G21,10109647SOUSAA,2025-02-26,122962,1,6,0,57.0
10109647SOUSAA_2025-02-26_G22,10109647SOUSAA,2025-02-26,121651,1,10,0,382.0
10109647SOUSAA_2025-02-26_G23,10109647SOUSAA,2025-02-26,123153,1,57,0,1006.0
10109647SOUSAA_2025-02-26_G24,10109647SOUSAA,2025-02-26,122671,1,7,0,345.0
10109647SOUSAA_2025-02-26_G25,10109647SOUSAA,2025-02-26,122673,1,35,0,519.0
10109647SOUSAA_2025-02-26_G26,10109647SOUSAA,2025-02-26,124248,1,5,0,153.0
10109647SOUSAA_2025-02-26_G27,10109647SOUSAA,2025-02-26,124476,1,12,0,445.0
10109647SOUSAA_2025-02-26_G28,10109647SOUSAA,2025-02-26,120389,1,8,0,228.0
10109647SOUSAA_2025-02-26_G29,10109647SOUSAA,2025-02-26,124370,1,12,0,308.0
10109647SOUSAA_2025-02-26_G30,10109647SOUSAA,2025-02-26,122962,1,8,0,767.0
10109647SOUSAA_2025-02-26_G31,10109647SOUSAA,2025-02-26,121760,1,50,0,2540.0
10109647SOUSAA_2025-02-26_G32,10109647SOUSAA,2025-02-26,123345,1,12,0,480.0
10109647SOUSAA_2025-02-26_G34,10109647SOUSAA,2025-02-26,124264,1,5,0,137.0
10109647SOUSAA_2025-02-26_G35,10109647SOUSAA,2025-02-26,124264,1,7,0,109.0
10109647SOUSAA_2025-02-26_G36,10109647SOUSAA,2025-02-26,122185,1,44,0,499.0
10109647SOUSAA_2025-02-26_G37,10109647SOUSAA,2025-02-26,124248,1,16,0,263.0
10109647SOUSAA_2025-02-26_G38,10109647SOUSAA,2025-02-26,122185,1,22,0,633.0
10109647SOUSAA_2025-02-26_G39,10109647SOUSAA,2025-02-26,121923,1,4,0,140.0
10109647SOUSAA_2025-02-26_G40,10109647SOUSAA,2025-02-26,123345,1,8,0,243.0
10109647SOUSAA_2025-02-26_G41,10109647SOUSAA,2025-02-26,124370,1,8,0,356.0
10109647SOUSAA_2025-02-26_G42,10109647SOUSAA,2025-02-26,121760,1,8,0,267.0
10109647SOUSAA_2025-02-26_G43,10109647SOUSAA,2025-02-26,180024,1,2,0,726.0
10109647SOUSAA_2025-02-27_G02,10109647SOUSAA,2025-02-27,122673,1,4,0,439.0
10109647SOUSAA_2025-02-27_G03,10109647SOUSAA,2025-02-27,123345,1,2,0,68.0
10109647SOUSAA_2025-02-27_G04,10109647SOUSAA,2025-02-27,124247,1,30,0,701.0
10109647SOUSAA_2025-02-27_G05,10109647SOUSAA,2025-02-27,122185,1,6,0,111.0
10109647SOUSAA_2025-02-27_G06,10109647SOUSAA,2025-02-27,123907,1,4,0,269.0
10109647SOUSAA_2025-02-27_G07,10109647SOUSAA,2025-02-27,124594,1,12,0,1628.0
10109647SOUSAA_2025-02-27_G08,10109647SOUSAA,2025-02-27,124475,1,8,0,260.0
10109647SOUSAA_2025-02-27_G09,10109647SOUSAA,2025-02-27,124475,1,8,0,169.0
10109647SOUSAA_2025-02-27_G10,10109647SOUSAA,2025-02-27,122671,1,4,0,129.0
10109647SOUSAA_2025-02-27_G11,10109647SOUSAA,2025-02-27,122673,1,2,0,74.0
10109647SOUSAA_2025-02-27_G12,10109647SOUSAA,2025-02-27,123562,1,3,0,180.0
10109647SOUSAA_2025-02-27_G13,10109647SOUSAA,2025-02-27,124371,1,2,0,128.0
10109647SOUSAA_2025-02-27_G14,10109647SOUSAA,2025-02-27,123909,1,3,0,89.0
10109647SOUSAA_2025-02-27_G15,10109647SOUSAA,2025-02-27,123344,1,6,0,149.0
10109647SOUSAA_2025-02-27_G16,10109647SOUSAA,2025-02-27,123345,1,5,0,134.0
10109647SOUSAA_2025-02-27_G18,10109647SOUSAA,2025-02-27,123343,2,80,15,2194.0
10109647SOUSAA_2025-02-27_G19,10109647SOUSAA,2025-02-27,120272,1,3,0,2939.0
10109647SOUSAA_2025-02-27_G20,10109647SOUSAA,2025-02-27,123313,1,2,0,394.0
10109647SOUSAA_2025-02-27_G21,10109647SOUSAA,2025-02-27,124475,1,12,0,1701.0
10109647SOUSAA_2025-02-27_G22,10109647SOUSAA,2025-02-27,124475,1,20,0,638.0
10109647SOUSAA_2025-02-27_G23,10109647SOUSAA,2025-02-27,122962,1,40,0,1276.0
10109647SOUSAA_2025-02-27_G24,10109647SOUSAA,2025-02-27,124248,1,12,0,648.0
10109647SOUSAA_2025-02-27_G26,10109647SOUSAA,2025-02-27,122673,1,5,0,225.0
10109647SOUSAA_2025-02-27_G27,10109647SOUSAA,2025-02-27,122647,1,4,0,199.0
10109647SOUSAA_2025-02-27_G28,10109647SOUSAA,2025-02-27,124486,1,8,0,323.0
10109647SOUSAA_2025-02-27_G29,10109647SOUSAA,2025-02-27,123909,1,4,0,118.0
10109647SOUSAA_2025-02-27_G30,10109647SOUSAA,2025-02-27,124475,1,16,0,335.0
10109647SOUSAA_2025-02-27_G31,10109647SOUSAA,2025-02-27,124475,1,16,0,227.0
10109647SOUSAA_2025-02-27_G32,10109647SOUSAA,2025-02-27,124475,1,4,0,80.0
10109647SOUSAA_2025-02-27_G33,10109647SOUSAA,2025-02-27,123561,1,4,0,195.0
10109647SOUSAA_2025-02-27_G34,10109647SOUSAA,2025-02-27,123343,1,12,0,649.0
10109647SOUSAA_2025-02-27_G35,10109647SOUSAA,2025-02-27,124370,1,10,0,1657.0
10109647SOUSAA_2025-02-27_G36,10109647SOUSAA,2025-02-27,122673,1,12,0,198.0
10109647SOUSAA_2025-02-28_G04,10109647SOUSAA,2025-02-28,111418,1,1,0,86.0
10109647SOUSAA_2025-02-28_G05,10109647SOUSAA,2025-02-28,117785,1,2,0,128.0
10109647SOUSAA_2025-02-28_G06,10109647SOUSAA,2025-02-28,111463,1,8,0,134.0
10109647SOUSAA_2025-02-28_G07,10109647SOUSAA,2025-02-28,117831,1,3,0,118.0
10109647SOUSAA_2025-02-28_G08,10109647SOUSAA,2025-02-28,117856,1,4,0,152.0
10109647SOUSAA_2025-02-28_G09,10109647SOUSAA,2025-02-28,117861,1,2,0,116.0
10109647SOUSAA_2025-02-28_G10,10109647SOUSAA,2025-02-28,111530,1,2,0,86.0
10109647SOUSAA_2025-02-28_G11,10109647SOUSAA,2025-02-28,117834,1,4,0,335.0
10109647SOUSAA_2025-02-28_G13,10109647SOUSAA,2025-02-28,110787,1,7,0,48.0
10109647SOUSAA_2025-02-28_G14,10109647SOUSAA,2025-02-28,117785,1,20,0,99.0
10109647SOUSAA_2025-02-28_G15,10109647SOUSAA,2025-02-28,111463,1,2,0,31.0
10109647SOUSAA_2025-02-28_G16,10109647SOUSAA,2025-02-28,111463,1,40,0,194.0
10109647SOUSAA_2025-02-28_G17,10109647SOUSAA,2025-02-28,111463,1,4,0,321.0
10109647SOUSAA_2025-02-28_G18,10109647SOUSAA,2025-02-28,111463,2,22,10,83.0
10109647SOUSAA_2025-02-28_G19,10109647SOUSAA,2025-02-28,"118140, 117831",4,23,40,439.0
10109647SOUSAA_2025-02-28_G20,10109647SOUSAA,2025-02-28,"105705, 108794",3,8,43,31.0
10109647SOUSAA_2025-02-28_G21,10109647SOUSAA,2025-02-28,"108794, 117821",2,13,24,37.0
10109647SOUSAA_2025-02-28_G22,10109647SOUSAA,2025-02-28,111466,1,18,0,1246.0
10109647SOUSAA_2025-02-28_G23,10109647SOUSAA,2025-02-28,111466,1,4,0,31.0
10109647SOUSAA_2025-02-28_G24,10109647SOUSAA,2025-02-28,111469,1,3,0,46.0
10109647SOUSAA_2025-02-28_G25,10109647SOUSAA,2025-02-28,111462,1,4,0,165.0
10109647SOUSAA_2025-02-28_G26,10109647SOUSAA,2025-02-28,110325,1,12,0,961.0
10109647SOUSAA_2025-02-28_G27,10109647SOUSAA,2025-02-28,"110371, 110372, 118299, 110374, 117830",7,405,124,54.0
10109647SOUSAA_2025-02-28_G28,10109647SOUSAA,2025-02-28,"109643, 117840",2,10,14,2914.0
10109647SOUSAA_2025-02-28_G29,10109647SOUSAA,2025-02-28,110375,2,14,9,310.0
10109647SOUSAA_2025-03-06_G02,10109647SOUSAA,2025-03-06,122185,1,4,0,197.0
10109647SOUSAA_2025-03-06_G03,10109647SOUSAA,2025-03-06,121760,1,3,0,207.0
10109647SOUSAA_2025-03-06_G04,10109647SOUSAA,2025-03-06,123561,1,16,0,437.0
10109647SOUSAA_2025-03-06_G05,10109647SOUSAA,2025-03-06,122983,1,16,0,307.0
10109647SOUSAA_2025-03-06_G06,10109647SOUSAA,2025-03-06,123560,1,8,0,176.0
10109647SOUSAA_2025-03-06_G07,10109647SOUSAA,2025-03-06,120389,1,2,0,178.0
10109647SOUSAA_2025-03-06_G08,10109647SOUSAA,2025-03-06,123343,1,2,0,234.0
10109647SOUSAA_2025-03-06_G09,10109647SOUSAA,2025-03-06,123822,1,5,0,204.0
10109647SOUSAA_2025-03-06_G10,10109647SOUSAA,2025-03-06,122985,1,8,0,295.0
10109647SOUSAA_2025-03-06_G11,10109647SOUSAA,2025-03-06,124247,1,12,0,509.0
10109647SOUSAA_2025-03-06_G12,10109647SOUSAA,2025-03-06,122962,1,8,0,225.0
10109647SOUSAA_2025-03-06_G13,10109647SOUSAA,2025-03-06,124486,1,52,0,1155.0
10109647SOUSAA_2025-03-06_G14,10109647SOUSAA,2025-03-06,123345,1,4,0,347.0
10109647SOUSAA_2025-03-06_G16,10109647SOUSAA,2025-03-06,122985,1,4,0,91.0
10109647SOUSAA_2025-03-06_G17,10109647SOUSAA,2025-03-06,122986,1,2,0,131.0
10109647SOUSAA_2025-03-06_G18,10109647SOUSAA,2025-03-06,122981,1,2,0,169.0
10109647SOUSAA_2025-03-06_G19,10109647SOUSAA,2025-03-06,122984,1,6,0,201.0
10109647SOUSAA_2025-03-06_G20,10109647SOUSAA,2025-03-06,122984,1,10,0,155.0
10109647SOUSAA_2025-03-06_G21,10109647SOUSAA,2025-03-06,122185,1,2,0,84.0
10109647SOUSAA_2025-03-06_G22,10109647SOUSAA,2025-03-06,121760,1,4,0,81.0
10109647SOUSAA_2025-03-06_G23,10109647SOUSAA,2025-03-06,124247,1,2,0,87.0
10109647SOUSAA_2025-03-06_G24,10109647SOUSAA,2025-03-06,122983,1,4,0,117.0
10109647SOUSAA_2025-03-06_G25,10109647SOUSAA,2025-03-06,123344,1,4,0,241.0
10109647SOUSAA_2025-03-06_G26,10109647SOUSAA,2025-03-06,122673,1,24,0,446.0
10109647SOUSAA_2025-03-06_G27,10109647SOUSAA,2025-03-06,123343,1,2,0,503.0
10109647SOUSAA_2025-03-06_G28,10109647SOUSAA,2025-03-06,122962,1,16,0,436.0
10109647SOUSAA_2025-03-06_G29,10109647SOUSAA,2025-03-06,124486,1,27,0,428.0
10109647SOUSAA_2025-03-06_G30,10109647SOUSAA,2025-03-06,122673,1,20,0,486.0
10109647SOUSAA_2025-03-06_G31,10109647SOUSAA,2025-03-06,123153,1,12,0,367.0
10109647SOUSAA_2025-03-06_G32,10109647SOUSAA,2025-03-06,123345,1,4,0,209.0
10109647SOUSAA_2025-03-06_G33,10109647SOUSAA,2025-03-06,122673,1,3,0,128.0
10109647SOUSAA_2025-03-06_G34,10109647SOUSAA,2025-03-06,122647,1,10,0,415.0
10109647SOUSAA_2025-03-06_G35,10109647SOUSAA,2025-03-06,123345,1,6,0,211.0
10109647SOUSAA_2025-03-06_G36,10109647SOUSAA,2025-03-06,124247,1,2,0,186.0
10109647SOUSAA_2025-03-06_G37,10109647SOUSAA,2025-03-06,121651,1,12,0,488.0
10109647SOUSAA_2025-03-06_G38,10109647SOUSAA,2025-03-06,121760,1,19,0,227.0
10109647SOUSAA_2025-03-06_G39,10109647SOUSAA,2025-03-06,124370,1,6,0,65.0
10109647SOUSAA_2025-03-06_G40,10109647SOUSAA,2025-03-06,122705,1,8,0,119.0
10109647SOUSAA_2025-03-06_G41,10109647SOUSAA,2025-03-06,124247,1,4,0,75.0
10109647SOUSAA_2025-03-06_G42,10109647SOUSAA,2025-03-06,123909,1,12,0,215.0
10109647SOUSAA_2025-03-06_G43,10109647SOUSAA,2025-03-06,123344,1,18,0,210.0
10109647SOUSAA_2025-03-06_G44,10109647SOUSAA,2025-03-06,123909,1,10,0,163.0
10109647SOUSAA_2025-03-06_G45,10109647SOUSAA,2025-03-06,123909,1,8,0,248.0
10109647SOUSAA_2025-03-06_G46,10109647SOUSAA,2025-03-06,123343,1,4,0,299.0
10109647SOUSAA_2025-03-06_G47,10109647SOUSAA,2025-03-06,123343,1,6,0,92.0
10109647SOUSAA_2025-03-06_G48,10109647SOUSAA,2025-03-06,122647,1,2,0,102.0
10109647SOUSAA_2025-03-06_G49,10109647SOUSAA,2025-03-06,122962,1,24,0,927.0
10109647SOUSAA_2025-03-06_G50,10109647SOUSAA,2025-03-06,122962,1,28,0,374.0
10109647SOUSAA_2025-03-06_G51,10109647SOUSAA,2025-03-06,124486,1,10,0,150.0
10109647SOUSAA_2025-03-06_G53,10109647SOUSAA,2025-03-06,124247,1,2,0,639.0
10109647SOUSAA_2025-03-06_G54,10109647SOUSAA,2025-03-06,123343,1,1,0,271.0
10109647SOUSAA_2025-03-06_G55,10109647SOUSAA,2025-03-06,124486,1,38,0,681.0
10109647SOUSAA_2025-03-06_G56,10109647SOUSAA,2025-03-06,124370,1,4,0,342.0
10109647SOUSAA_2025-03-06_G57,10109647SOUSAA,2025-03-06,120389,1,2,0,124.0
10109647SOUSAA_2025-03-06_G58,10109647SOUSAA,2025-03-06,123344,1,4,0,112.0
10109647SOUSAA_2025-03-06_G59,10109647SOUSAA,2025-03-06,123343,1,4,0,251.0
10109647SOUSAA_2025-03-06_G60,10109647SOUSAA,2025-03-06,123344,1,2,0,87.0
10109647SOUSAA_2025-03-06_G61,10109647SOUSAA,2025-03-06,123909,1,8,0,176.0
10109647SOUSAA_2025-03-06_G62,10109647SOUSAA,2025-03-06,122673,1,3,0,191.0
10109647SOUSAA_2025-03-06_G63,10109647SOUSAA,2025-03-06,123153,1,4,0,172.0
10109647SOUSAA_2025-03-06_G64,10109647SOUSAA,2025-03-06,123343,1,4,0,166.0
10109647SOUSAA_2025-03-07_G02,10109647SOUSAA,2025-03-07,123561,1,8,0,190.0
10109647SOUSAA_2025-03-07_G03,10109647SOUSAA,2025-03-07,123343,1,5,0,134.0
10109647SOUSAA_2025-03-07_G04,10109647SOUSAA,2025-03-07,122985,1,22,0,219.0
10109647SOUSAA_2025-03-07_G05,10109647SOUSAA,2025-03-07,123344,1,40,0,760.0
10109647SOUSAA_2025-03-07_G06,10109647SOUSAA,2025-03-07,123313,1,82,0,217.0
10109647SOUSAA_2025-03-07_G07,10109647SOUSAA,2025-03-07,123313,1,2,0,134.0
10109647SOUSAA_2025-03-07_G08,10109647SOUSAA,2025-03-07,124594,1,4,0,226.0
10109647SOUSAA_2025-03-07_G09,10109647SOUSAA,2025-03-07,123822,1,5,0,89.0
10109647SOUSAA_2025-03-07_G10,10109647SOUSAA,2025-03-07,123345,1,7,0,108.0
10109647SOUSAA_2025-03-07_G11,10109647SOUSAA,2025-03-07,122984,1,26,0,371.0
10109647SOUSAA_2025-03-07_G12,10109647SOUSAA,2025-03-07,124248,1,10,0,96.0
10109647SOUSAA_2025-03-07_G13,10109647SOUSAA,2025-03-07,122185,1,8,0,80.0
10109647SOUSAA_2025-03-07_G14,10109647SOUSAA,2025-03-07,124370,1,6,0,78.0
10109647SOUSAA_2025-03-07_G15,10109647SOUSAA,2025-03-07,122673,1,4,0,125.0
10109647SOUSAA_2025-03-07_G16,10109647SOUSAA,2025-03-07,122185,1,4,0,54.0
10109647SOUSAA_2025-03-07_G17,10109647SOUSAA,2025-03-07,123561,1,6,0,144.0
10109647SOUSAA_2025-03-07_G18,10109647SOUSAA,2025-03-07,123561,1,8,0,74.0
10109647SOUSAA_2025-03-07_G19,10109647SOUSAA,2025-03-07,124247,1,2,0,63.0
10109647SOUSAA_2025-03-07_G20,10109647SOUSAA,2025-03-07,123560,1,4,0,90.0
10109647SOUSAA_2025-03-07_G21,10109647SOUSAA,2025-03-07,122671,1,1,0,549.0
10109647SOUSAA_2025-03-07_G22,10109647SOUSAA,2025-03-07,124486,1,12,0,299.0
10109647SOUSAA_2025-03-07_G23,10109647SOUSAA,2025-03-07,122983,1,1,0,1419.0
10109647SOUSAA_2025-03-07_G24,10109647SOUSAA,2025-03-07,122962,1,100,0,1104.0
10109647SOUSAA_2025-03-07_G26,10109647SOUSAA,2025-03-07,122671,1,4,0,778.0
10109647SOUSAA_2025-03-07_G27,10109647SOUSAA,2025-03-07,122673,1,10,0,119.0
10109647SOUSAA_2025-03-07_G28,10109647SOUSAA,2025-03-07,124264,1,14,0,474.0
10109647SOUSAA_2025-03-07_G29,10109647SOUSAA,2025-03-07,122647,1,30,0,748.0
10109647SOUSAA_2025-03-07_G30,10109647SOUSAA,2025-03-07,124264,1,2,0,833.0
10109647SOUSAA_2025-03-07_G31,10109647SOUSAA,2025-03-07,123344,1,2,0,72.0
10109647SOUSAA_2025-03-07_G32,10109647SOUSAA,2025-03-07,123343,1,4,0,209.0
10109647SOUSAA_2025-03-07_G33,10109647SOUSAA,2025-03-07,124264,1,6,0,138.0
10109647SOUSAA_2025-03-07_G34,10109647SOUSAA,2025-03-07,123908,1,16,0,282.0
10109647SOUSAA_2025-03-07_G35,10109647SOUSAA,2025-03-07,122962,1,12,0,194.0
10109647SOUSAA_2025-03-07_G36,10109647SOUSAA,2025-03-07,122671,1,6,0,356.0
10109647SOUSAA_2025-03-07_G37,10109647SOUSAA,2025-03-07,122673,1,4,0,144.0
10109647SOUSAA_2025-03-07_G38,10109647SOUSAA,2025-03-07,122962,1,16,0,165.0
10109647SOUSAA_2025-03-07_G39,10109647SOUSAA,2025-03-07,122673,1,4,0,225.0
10109647SOUSAA_2025-03-07_G40,10109647SOUSAA,2025-03-07,122962,1,8,0,65.0
10109647SOUSAA_2025-03-07_G41,10109647SOUSAA,2025-03-07,"124486, 120389",2,28,18,402.0
10109647SOUSAA_2025-03-09_G02,10109647SOUSAA,2025-03-09,123345,1,1,0,473.0
10109647SOUSAA_2025-03-09_G03,10109647SOUSAA,2025-03-09,124486,1,25,0,589.0
10109647SOUSAA_2025-03-09_G04,10109647SOUSAA,2025-03-09,124486,1,25,0,618.0
10109647SOUSAA_2025-03-09_G05,10109647SOUSAA,2025-03-09,123822,1,12,0,239.0
10109647SOUSAA_2025-03-09_G06,10109647SOUSAA,2025-03-09,122962,1,12,0,652.0
10109647SOUSAA_2025-03-09_G07,10109647SOUSAA,2025-03-09,123313,1,3,0,652.0
10109647SOUSAA_2025-03-10_G02,10109647SOUSAA,2025-03-10,124371,1,8,0,143.0
10109647SOUSAA_2025-03-10_G03,10109647SOUSAA,2025-03-10,124247,1,12,0,229.0
10109647SOUSAA_2025-03-10_G04,10109647SOUSAA,2025-03-10,124475,1,12,0,175.0
10109647SOUSAA_2025-03-10_G05,10109647SOUSAA,2025-03-10,121760,1,20,0,315.0
10109647SOUSAA_2025-03-10_G06,10109647SOUSAA,2025-03-10,124370,1,24,0,479.0
10109647SOUSAA_2025-03-10_G07,10109647SOUSAA,2025-03-10,120389,1,8,0,268.0
10109647SOUSAA_2025-03-10_G08,10109647SOUSAA,2025-03-10,123344,1,20,0,175.0
10109647SOUSAA_2025-03-10_G09,10109647SOUSAA,2025-03-10,123344,1,12,0,53.0
10109647SOUSAA_2025-03-10_G10,10109647SOUSAA,2025-03-10,122673,1,2,0,927.0
10109647SOUSAA_2025-03-10_G11,10109647SOUSAA,2025-03-10,120028,1,27,0,635.0
10109647SOUSAA_2025-03-10_G12,10109647SOUSAA,2025-03-10,120028,1,30,0,759.0
10109647SOUSAA_2025-03-10_G13,10109647SOUSAA,2025-03-10,123909,1,3,0,240.0
10109647SOUSAA_2025-03-10_G14,10109647SOUSAA,2025-03-10,122188,1,4,0,150.0
10109647SOUSAA_2025-03-10_G15,10109647SOUSAA,2025-03-10,122962,1,20,0,399.0
10109647SOUSAA_2025-03-10_G16,10109647SOUSAA,2025-03-10,181907,1,4,0,179.0
10109647SOUSAA_2025-03-10_G17,10109647SOUSAA,2025-03-10,120272,1,5,0,410.0
10109647SOUSAA_2025-03-10_G18,10109647SOUSAA,2025-03-10,123822,1,4,0,168.0
10109647SOUSAA_2025-03-10_G19,10109647SOUSAA,2025-03-10,122981,1,6,0,151.0
10109647SOUSAA_2025-03-10_G20,10109647SOUSAA,2025-03-10,123561,1,6,0,210.0
10109647SOUSAA_2025-03-10_G21,10109647SOUSAA,2025-03-10,122982,1,8,0,130.0
10109647SOUSAA_2025-03-10_G22,10109647SOUSAA,2025-03-10,122988,1,4,0,290.0
10109647SOUSAA_2025-03-10_G23,10109647SOUSAA,2025-03-10,120339,1,4,0,144.0
10109647SOUSAA_2025-03-10_G24,10109647SOUSAA,2025-03-10,123343,1,3,0,154.0
10109647SOUSAA_2025-03-10_G26,10109647SOUSAA,2025-03-10,122983,1,20,0,1000.0
10109647SOUSAA_2025-03-10_G27,10109647SOUSAA,2025-03-10,122984,1,16,0,466.0
10109647SOUSAA_2025-03-10_G28,10109647SOUSAA,2025-03-10,122185,1,16,0,270.0
10109647SOUSAA_2025-03-10_G29,10109647SOUSAA,2025-03-10,122185,1,4,0,439.0
10109647SOUSAA_2025-03-10_G30,10109647SOUSAA,2025-03-10,122185,1,4,0,38.0
10109647SOUSAA_2025-03-10_G31,10109647SOUSAA,2025-03-10,123909,1,2,0,203.0
10109647SOUSAA_2025-03-10_G32,10109647SOUSAA,2025-03-10,122986,1,2,0,142.0
10109647SOUSAA_2025-03-10_G33,10109647SOUSAA,2025-03-10,122984,1,4,0,102.0
10109647SOUSAA_2025-03-10_G34,10109647SOUSAA,2025-03-10,124248,1,1,0,147.0
10109647SOUSAA_2025-03-10_G35,10109647SOUSAA,2025-03-10,121760,1,2,0,50.0
10109647SOUSAA_2025-03-10_G36,10109647SOUSAA,2025-03-10,123345,1,2,0,56.0
10109647SOUSAA_2025-03-10_G37,10109647SOUSAA,2025-03-10,122982,1,8,0,239.0
10109647SOUSAA_2025-03-10_G38,10109647SOUSAA,2025-03-10,122185,1,2,0,91.0
10109647SOUSAA_2025-03-10_G39,10109647SOUSAA,2025-03-10,123344,1,4,0,130.0
10109647SOUSAA_2025-03-10_G40,10109647SOUSAA,2025-03-10,122962,1,26,0,839.0
10109647SOUSAA_2025-03-10_G41,10109647SOUSAA,2025-03-10,122647,1,2,0,316.0
10109647SOUSAA_2025-03-10_G42,10109647SOUSAA,2025-03-10,123345,1,4,0,688.0
10109647SOUSAA_2025-03-10_G44,10109647SOUSAA,2025-03-10,123822,1,48,0,1471.0
10109647SOUSAA_2025-03-10_G45,10109647SOUSAA,2025-03-10,123909,1,4,0,132.0
10109647SOUSAA_2025-03-10_G46,10109647SOUSAA,2025-03-10,124486,1,4,0,138.0
10109647SOUSAA_2025-03-10_G47,10109647SOUSAA,2025-03-10,124486,1,30,0,460.0
10109647SOUSAA_2025-03-11_G02,10109647SOUSAA,2025-03-11,122962,1,28,0,612.0
10109647SOUSAA_2025-03-11_G03,10109647SOUSAA,2025-03-11,120028,1,40,0,774.0
10109647SOUSAA_2025-03-11_G04,10109647SOUSAA,2025-03-11,120028,1,10,0,142.0
10109647SOUSAA_2025-03-11_G05,10109647SOUSAA,2025-03-11,122962,1,24,0,250.0
10109647SOUSAA_2025-03-11_G06,10109647SOUSAA,2025-03-11,122984,1,40,0,1960.0
10109647SOUSAA_2025-03-11_G07,10109647SOUSAA,2025-03-11,122962,1,95,0,241.0
10109647SOUSAA_2025-03-11_G08,10109647SOUSAA,2025-03-11,123909,1,20,0,1478.0
10109647SOUSAA_2025-03-11_G09,10109647SOUSAA,2025-03-11,124486,1,6,0,128.0
10109647SOUSAA_2025-03-11_G10,10109647SOUSAA,2025-03-11,122983,1,24,0,493.0
10109647SOUSAA_2025-03-11_G11,10109647SOUSAA,2025-03-11,123081,1,8,0,243.0
10109647SOUSAA_2025-03-11_G12,10109647SOUSAA,2025-03-11,123822,1,1,0,118.0
10109647SOUSAA_2025-03-11_G13,10109647SOUSAA,2025-03-11,124486,1,5,0,119.0
10109647SOUSAA_2025-03-11_G14,10109647SOUSAA,2025-03-11,122962,1,8,0,158.0
10109647SOUSAA_2025-03-11_G16,10109647SOUSAA,2025-03-11,123909,1,56,0,1996.0
10109647SOUSAA_2025-03-11_G17,10109647SOUSAA,2025-03-11,120008,1,4,0,417.0
10109647SOUSAA_2025-03-11_G19,10109647SOUSAA,2025-03-11,141035,1,2,0,151.0
10109647SOUSAA_2025-03-11_G20,10109647SOUSAA,2025-03-11,"117785, 111743",2,12,11,356.0
10109647SOUSAA_2025-03-11_G21,10109647SOUSAA,2025-03-11,118094,1,6,0,352.0
10109647SOUSAA_2025-03-11_G22,10109647SOUSAA,2025-03-11,118094,1,5,0,38.0
10109647SOUSAA_2025-03-11_G23,10109647SOUSAA,2025-03-11,110325,1,8,0,123.0
10109647SOUSAA_2025-03-11_G24,10109647SOUSAA,2025-03-11,111463,1,19,0,167.0
10109647SOUSAA_2025-03-11_G25,10109647SOUSAA,2025-03-11,111466,1,4,0,53.0
10109647SOUSAA_2025-03-11_G26,10109647SOUSAA,2025-03-11,110371,1,28,0,171.0
10109647SOUSAA_2025-03-11_G27,10109647SOUSAA,2025-03-11,110371,1,2,0,204.0
10109647SOUSAA_2025-03-11_G28,10109647SOUSAA,2025-03-11,117935,2,3,25,66.0
10109647SOUSAA_2025-03-11_G29,10109647SOUSAA,2025-03-11,117935,1,4,0,337.0
10109647SOUSAA_2025-03-11_G30,10109647SOUSAA,2025-03-11,117935,1,10,0,76.0
10109647SOUSAA_2025-03-11_G31,10109647SOUSAA,2025-03-11,110372,1,21,0,369.0
10109647SOUSAA_2025-03-11_G32,10109647SOUSAA,2025-03-11,117856,1,1,0,57.0
10109647SOUSAA_2025-03-11_G33,10109647SOUSAA,2025-03-11,"110733, 117855",3,13,30,103.0
10109647SOUSAA_2025-03-11_G34,10109647SOUSAA,2025-03-11,117808,1,58,0,54.0
10109647SOUSAA_2025-03-11_G35,10109647SOUSAA,2025-03-11,108736,1,1,0,72.0
10109647SOUSAA_2025-03-11_G36,10109647SOUSAA,2025-03-11,117809,1,29,0,141.0
10109647SOUSAA_2025-03-12_G02,10109647SOUSAA,2025-03-12,117855,1,10,0,66.0
10109647SOUSAA_2025-03-12_G03,10109647SOUSAA,2025-03-12,117855,1,10,0,182.0
10109647SOUSAA_2025-03-12_G04,10109647SOUSAA,2025-03-12,117830,1,10,0,129.0
10109647SOUSAA_2025-03-12_G05,10109647SOUSAA,2025-03-12,117831,1,1,0,102.0
10109647SOUSAA_2025-03-12_G06,10109647SOUSAA,2025-03-12,117786,2,8,7,64.0
10109647SOUSAA_2025-03-12_G07,10109647SOUSAA,2025-03-12,111172,2,12,8,218.0
10109647SOUSAA_2025-03-12_G08,10109647SOUSAA,2025-03-12,108772,1,4,0,109.0
10109647SOUSAA_2025-03-12_G09,10109647SOUSAA,2025-03-12,111418,1,7,0,767.0
10109647SOUSAA_2025-03-12_G10,10109647SOUSAA,2025-03-12,110373,1,16,0,250.0
10109647SOUSAA_2025-03-12_G11,10109647SOUSAA,2025-03-12,"110375, 108711",3,29,41,242.0
10109647SOUSAA_2025-03-12_G12,10109647SOUSAA,2025-03-12,110374,1,26,0,1593.0
10109647SOUSAA_2025-03-12_G13,10109647SOUSAA,2025-03-12,110339,1,2,0,46.0
10109647SOUSAA_2025-03-12_G14,10109647SOUSAA,2025-03-12,117820,1,8,0,103.0
10109647SOUSAA_2025-03-12_G15,10109647SOUSAA,2025-03-12,111469,2,29,13,112.0
10109647SOUSAA_2025-03-12_G16,10109647SOUSAA,2025-03-12,111462,1,6,0,127.0
10109647SOUSAA_2025-03-12_G17,10109647SOUSAA,2025-03-12,107892,2,5,15,470.0
10109647SOUSAA_2025-03-12_G18,10109647SOUSAA,2025-03-12,107892,1,6,0,66.0
10109647SOUSAA_2025-03-12_G19,10109647SOUSAA,2025-03-12,107892,1,6,0,56.0
10109647SOUSAA_2025-03-12_G20,10109647SOUSAA,2025-03-12,108770,1,4,0,220.0
10109647SOUSAA_2025-03-12_G21,10109647SOUSAA,2025-03-12,111430,1,4,0,158.0
10109647SOUSAA_2025-03-12_G23,10109647SOUSAA,2025-03-12,122962,1,50,0,930.0
10109647SOUSAA_2025-03-12_G24,10109647SOUSAA,2025-03-12,122671,1,14,0,302.0
10109647SOUSAA_2025-03-12_G25,10109647SOUSAA,2025-03-12,122981,1,2,0,67.0
10109647SOUSAA_2025-03-12_G26,10109647SOUSAA,2025-03-12,120271,1,1,0,163.0
10109647SOUSAA_2025-03-12_G27,10109647SOUSAA,2025-03-12,121651,1,20,0,704.0
10109647SOUSAA_2025-03-12_G28,10109647SOUSAA,2025-03-12,124475,1,20,0,520.0
10109647SOUSAA_2025-03-12_G29,10109647SOUSAA,2025-03-12,124370,1,40,0,755.0
10109647SOUSAA_2025-03-13_G02,10109647SOUSAA,2025-03-13,122185,1,12,0,238.0
10109647SOUSAA_2025-03-13_G03,10109647SOUSAA,2025-03-13,123153,1,6,0,95.0
10109647SOUSAA_2025-03-13_G04,10109647SOUSAA,2025-03-13,122988,1,16,0,246.0
10109647SOUSAA_2025-03-13_G05,10109647SOUSAA,2025-03-13,123313,1,4,0,156.0
10109647SOUSAA_2025-03-13_G06,10109647SOUSAA,2025-03-13,124371,1,14,0,971.0
10109647SOUSAA_2025-03-13_G07,10109647SOUSAA,2025-03-13,123562,1,8,0,192.0
10109647SOUSAA_2025-03-13_G08,10109647SOUSAA,2025-03-13,124247,1,8,0,337.0
10109647SOUSAA_2025-03-13_G09,10109647SOUSAA,2025-03-13,124370,1,8,0,40.0
10109647SOUSAA_2025-03-13_G10,10109647SOUSAA,2025-03-13,122962,1,50,0,1311.0
10109647SOUSAA_2025-03-13_G11,10109647SOUSAA,2025-03-13,122984,1,100,0,1522.0
10109647SOUSAA_2025-03-13_G13,10109647SOUSAA,2025-03-13,124476,1,6,0,207.0
10109647SOUSAA_2025-03-13_G14,10109647SOUSAA,2025-03-13,120339,1,20,0,298.0
10109647SOUSAA_2025-03-13_G15,10109647SOUSAA,2025-03-13,120389,1,9,0,119.0
10109647SOUSAA_2025-03-13_G16,10109647SOUSAA,2025-03-13,123911,2,21,12,84.0
10109647SOUSAA_2025-03-13_G17,10109647SOUSAA,2025-03-13,120008,1,50,0,3230.0
10109647SOUSAA_2025-03-13_G18,10109647SOUSAA,2025-03-13,122984,1,200,0,2675.0
10109647SOUSAA_2025-03-13_G19,10109647SOUSAA,2025-03-13,122647,1,20,0,343.0
10109647SOUSAA_2025-03-13_G20,10109647SOUSAA,2025-03-13,123343,1,23,0,133.0
10109647SOUSAA_2025-03-13_G21,10109647SOUSAA,2025-03-13,123343,1,7,0,120.0
10109647SOUSAA_2025-03-16_G02,10109647SOUSAA,2025-03-16,122185,1,5,0,179.0
10109647SOUSAA_2025-03-16_G03,10109647SOUSAA,2025-03-16,123909,1,2,0,42.0
10109647SOUSAA_2025-03-16_G04,10109647SOUSAA,2025-03-16,122962,1,24,0,1488.0
10109647SOUSAA_2025-03-16_G05,10109647SOUSAA,2025-03-16,121760,1,10,0,154.0
10109647SOUSAA_2025-03-16_G06,10109647SOUSAA,2025-03-16,121760,1,10,0,142.0
10109647SOUSAA_2025-03-16_G07,10109647SOUSAA,2025-03-16,124371,1,13,0,426.0
10109647SOUSAA_2025-03-16_G08,10109647SOUSAA,2025-03-16,124247,1,12,0,206.0
10109647SOUSAA_2025-03-16_G09,10109647SOUSAA,2025-03-16,122185,1,10,0,532.0
10109647SOUSAA_2025-03-17_G02,10109647SOUSAA,2025-03-17,123345,1,24,0,1218.0
10109647SOUSAA_2025-03-17_G03,10109647SOUSAA,2025-03-17,123911,1,8,0,1185.0
10109647SOUSAA_2025-03-17_G04,10109647SOUSAA,2025-03-17,122985,1,8,0,272.0
10109647SOUSAA_2025-03-17_G05,10109647SOUSAA,2025-03-17,124248,1,4,0,528.0
10109647SOUSAA_2025-03-17_G06,10109647SOUSAA,2025-03-17,122983,1,24,0,459.0
10109647SOUSAA_2025-03-17_G07,10109647SOUSAA,2025-03-17,122984,1,8,0,89.0
10109647SOUSAA_2025-03-17_G08,10109647SOUSAA,2025-03-17,124247,1,6,0,305.0
10109647SOUSAA_2025-03-17_G10,10109647SOUSAA,2025-03-17,122185,1,8,0,115.0
10109647SOUSAA_2025-03-17_G11,10109647SOUSAA,2025-03-17,123343,1,6,0,268.0
10109647SOUSAA_2025-03-17_G12,10109647SOUSAA,2025-03-17,122962,1,8,0,2459.0
10109647SOUSAA_2025-03-17_G13,10109647SOUSAA,2025-03-17,122986,1,2,0,127.0
10109647SOUSAA_2025-03-17_G14,10109647SOUSAA,2025-03-17,124248,1,4,0,84.0
10109647SOUSAA_2025-03-17_G15,10109647SOUSAA,2025-03-17,122983,1,4,0,273.0
10109647SOUSAA_2025-03-17_G16,10109647SOUSAA,2025-03-17,124486,1,1,0,74.0
10109647SOUSAA_2025-03-17_G17,10109647SOUSAA,2025-03-17,124486,1,3,0,95.0
10109647SOUSAA_2025-03-17_G18,10109647SOUSAA,2025-03-17,124247,1,2,0,125.0
10109647SOUSAA_2025-03-17_G19,10109647SOUSAA,2025-03-17,122185,1,3,0,142.0
10109647SOUSAA_2025-03-17_G20,10109647SOUSAA,2025-03-17,123909,1,6,0,216.0
10109647SOUSAA_2025-03-17_G21,10109647SOUSAA,2025-03-17,122988,1,2,0,227.0
10109647SOUSAA_2025-03-18_G02,10109647SOUSAA,2025-03-18,124371,1,12,0,598.0
10109647SOUSAA_2025-03-18_G03,10109647SOUSAA,2025-03-18,124370,1,40,0,371.0
10109647SOUSAA_2025-03-18_G04,10109647SOUSAA,2025-03-18,123344,1,20,0,230.0
10109647SOUSAA_2025-03-18_G05,10109647SOUSAA,2025-03-18,123345,1,20,0,201.0
10109647SOUSAA_2025-03-18_G06,10109647SOUSAA,2025-03-18,124371,1,16,0,525.0
10109647SOUSAA_2025-03-18_G07,10109647SOUSAA,2025-03-18,124475,1,5,0,109.0
10109647SOUSAA_2025-03-18_G08,10109647SOUSAA,2025-03-18,124476,1,14,0,426.0
10109647SOUSAA_2025-03-18_G09,10109647SOUSAA,2025-03-18,122188,1,7,0,194.0
10109647SOUSAA_2025-03-19_G02,10109647SOUSAA,2025-03-19,"124475, 122195",2,7,6,410.0
10109647SOUSAA_2025-03-19_G03,10109647SOUSAA,2025-03-19,123313,1,4,0,1182.0
10109647SOUSAA_2025-03-19_G04,10109647SOUSAA,2025-03-19,124248,1,4,0,152.0
10109647SOUSAA_2025-03-19_G05,10109647SOUSAA,2025-03-19,121651,1,4,0,110.0
10109647SOUSAA_2025-03-19_G06,10109647SOUSAA,2025-03-19,122962,1,5,0,172.0
10109647SOUSAA_2025-03-19_G07,10109647SOUSAA,2025-03-19,121760,1,16,0,453.0
10109647SOUSAA_2025-03-19_G08,10109647SOUSAA,2025-03-19,123344,1,10,0,178.0
10109647SOUSAA_2025-03-19_G09,10109647SOUSAA,2025-03-19,181057,1,2,0,1384.0
10109647SOUSAA_2025-03-19_G10,10109647SOUSAA,2025-03-19,122962,1,3,0,170.0
10109647SOUSAA_2025-03-19_G11,10109647SOUSAA,2025-03-19,120028,1,10,0,284.0
10109647SOUSAA_2025-03-19_G12,10109647SOUSAA,2025-03-19,123344,1,8,0,294.0
10109647SOUSAA_2025-03-19_G14,10109647SOUSAA,2025-03-19,123343,1,4,0,1088.0
10109647SOUSAA_2025-03-19_G15,10109647SOUSAA,2025-03-19,123560,1,36,0,2262.0
10109647SOUSAA_2025-03-19_G16,10109647SOUSAA,2025-03-19,123080,1,3,0,288.0
10109647SOUSAA_2025-03-19_G17,10109647SOUSAA,2025-03-19,123080,1,100,0,1890.0
10109647SOUSAA_2025-03-19_G18,10109647SOUSAA,2025-03-19,120339,3,26,33,467.0
10109647SOUSAA_2025-03-19_G19,10109647SOUSAA,2025-03-19,122983,1,8,0,756.0
10109647SOUSAA_2025-03-19_G20,10109647SOUSAA,2025-03-19,122983,1,20,0,448.0
10109647SOUSAA_2025-03-19_G21,10109647SOUSAA,2025-03-19,120339,1,1,0,109.0
10109647SOUSAA_2025-03-19_G22,10109647SOUSAA,2025-03-19,120339,1,5,0,126.0
10109647SOUSAA_2025-03-19_G23,10109647SOUSAA,2025-03-19,122962,1,40,0,790.0
10109647SOUSAA_2025-03-19_G24,10109647SOUSAA,2025-03-19,120339,1,6,0,174.0
10109647SOUSAA_2025-03-19_G25,10109647SOUSAA,2025-03-19,122962,1,24,0,496.0
10109647SOUSAA_2025-03-20_G02,10109647SOUSAA,2025-03-20,117856,1,6,0,68.0
10109647SOUSAA_2025-03-20_G03,10109647SOUSAA,2025-03-20,111602,1,10,0,144.0
10109647SOUSAA_2025-03-20_G04,10109647SOUSAA,2025-03-20,110063,1,8,0,117.0
10109647SOUSAA_2025-03-20_G05,10109647SOUSAA,2025-03-20,117855,1,12,0,415.0
10109647SOUSAA_2025-03-20_G06,10109647SOUSAA,2025-03-20,108361,1,4,0,113.0
10109647SOUSAA_2025-03-20_G07,10109647SOUSAA,2025-03-20,110515,1,16,0,121.0
10109647SOUSAA_2025-03-20_G08,10109647SOUSAA,2025-03-20,110515,1,14,0,163.0
10109647SOUSAA_2025-03-20_G09,10109647SOUSAA,2025-03-20,110711,1,12,0,173.0
10109647SOUSAA_2025-03-20_G10,10109647SOUSAA,2025-03-20,111530,1,4,0,730.0
10109647SOUSAA_2025-03-20_G11,10109647SOUSAA,2025-03-20,116241,1,2,0,157.0
10109647SOUSAA_2025-03-20_G12,10109647SOUSAA,2025-03-20,111418,1,39,0,428.0
10109647SOUSAA_2025-03-21_G02,10109647SOUSAA,2025-03-21,111438,1,5,0,494.0
10109647SOUSAA_2025-03-21_G03,10109647SOUSAA,2025-03-21,110895,1,2,0,117.0
10109647SOUSAA_2025-03-21_G04,10109647SOUSAA,2025-03-21,110332,1,8,0,1928.0
10109647SOUSAA_2025-03-21_G05,10109647SOUSAA,2025-03-21,110376,1,17,0,297.0
10109647SOUSAA_2025-03-21_G06,10109647SOUSAA,2025-03-21,118094,1,30,0,473.0
10109647SOUSAA_2025-03-21_G07,10109647SOUSAA,2025-03-21,117862,1,140,0,157.0
10109647SOUSAA_2025-03-21_G08,10109647SOUSAA,2025-03-21,111182,1,7,0,851.0
10109647SOUSAA_2025-03-21_G10,10109647SOUSAA,2025-03-21,110711,1,40,0,622.0
10109647SOUSAA_2025-03-21_G11,10109647SOUSAA,2025-03-21,117832,1,100,0,795.0
10109647SOUSAA_2025-03-21_G12,10109647SOUSAA,2025-03-21,108711,1,50,0,567.0
10109647SOUSAA_2025-03-21_G13,10109647SOUSAA,2025-03-21,111462,1,50,0,459.0
10109647SOUSAA_2025-03-21_G14,10109647SOUSAA,2025-03-21,110787,1,80,0,185.0
10109647SOUSAA_2025-03-21_G15,10109647SOUSAA,2025-03-21,109747,1,60,0,1076.0
10109647SOUSAA_2025-03-21_G16,10109647SOUSAA,2025-03-21,110374,1,80,0,317.0
10109647SOUSAA_2025-03-21_G17,10109647SOUSAA,2025-03-21,118299,1,150,0,830.0
10109647SOUSAA_2025-03-21_G18,10109647SOUSAA,2025-03-21,110313,1,65,0,1697.0
10109647SOUSAA_2025-03-21_G19,10109647SOUSAA,2025-03-21,"109643, 117840",2,61,16,757.0
10109647SOUSAA_2025-03-21_G20,10109647SOUSAA,2025-03-21,117821,1,53,0,903.0
10109647SOUSAA_2025-03-21_G22,10109647SOUSAA,2025-03-21,117821,1,2,0,241.0
10109647SOUSAA_2025-03-21_G23,10109647SOUSAA,2025-03-21,110787,1,2,0,81.0
10109647SOUSAA_2025-03-21_G24,10109647SOUSAA,2025-03-21,117831,1,5,0,270.0
10109647SOUSAA_2025-03-21_G25,10109647SOUSAA,2025-03-21,110376,1,4,0,320.0
10109647SOUSAA_2025-03-21_G26,10109647SOUSAA,2025-03-21,110372,1,5,0,116.0
10109647SOUSAA_2025-03-22_G02,10109647SOUSAA,2025-03-22,111469,1,2,0,91.0
10109647SOUSAA_2025-03-22_G03,10109647SOUSAA,2025-03-22,111466,1,6,0,66.0
10109647SOUSAA_2025-03-22_G04,10109647SOUSAA,2025-03-22,117833,1,3,0,76.0
10109647SOUSAA_2025-03-22_G05,10109647SOUSAA,2025-03-22,108795,1,3,0,49.0
10109647SOUSAA_2025-03-22_G06,10109647SOUSAA,2025-03-22,109641,1,4,0,75.0
10109647SOUSAA_2025-03-22_G07,10109647SOUSAA,2025-03-22,117785,1,4,0,48.0
10109647SOUSAA_2025-03-22_G08,10109647SOUSAA,2025-03-22,111418,1,2,0,102.0
10109647SOUSAA_2025-03-22_G09,10109647SOUSAA,2025-03-22,117838,1,4,0,54.0
10109647SOUSAA_2025-03-22_G10,10109647SOUSAA,2025-03-22,108711,1,2,0,33.0
10109647SOUSAA_2025-03-22_G11,10109647SOUSAA,2025-03-22,117831,1,2,0,68.0
10109647SOUSAA_2025-03-22_G12,10109647SOUSAA,2025-03-22,118140,1,8,0,665.0
10109647SOUSAA_2025-03-22_G13,10109647SOUSAA,2025-03-22,117822,1,1,0,229.0
10109647SOUSAA_2025-03-22_G14,10109647SOUSAA,2025-03-22,117822,1,2,0,362.0
10109647SOUSAA_2025-03-22_G15,10109647SOUSAA,2025-03-22,110376,1,2,0,200.0
10109647SOUSAA_2025-03-22_G16,10109647SOUSAA,2025-03-22,110374,1,3,0,393.0
10109647SOUSAA_2025-03-22_G18,10109647SOUSAA,2025-03-22,111353,1,4,0,330.0
10109647SOUSAA_2025-03-22_G19,10109647SOUSAA,2025-03-22,118094,1,4,0,273.0
10109647SOUSAA_2025-03-22_G20,10109647SOUSAA,2025-03-22,118418,1,8,0,257.0
10109647SOUSAA_2025-03-22_G21,10109647SOUSAA,2025-03-22,117853,1,2,0,874.0
10109647SOUSAA_2025-03-22_G22,10109647SOUSAA,2025-03-22,117853,1,4,0,61.0
10109647SOUSAA_2025-03-22_G23,10109647SOUSAA,2025-03-22,110332,1,2,0,62.0
10109647SOUSAA_2025-03-22_G24,10109647SOUSAA,2025-03-22,140922,1,4,0,95.0
10109647SOUSAA_2025-03-22_G25,10109647SOUSAA,2025-03-22,117785,1,4,0,548.0
10109647SOUSAA_2025-03-22_G26,10109647SOUSAA,2025-03-22,111418,1,8,0,105.0
10109647SOUSAA_2025-03-22_G27,10109647SOUSAA,2025-03-22,117935,1,1,0,953.0
10109647SOUSAA_2025-03-22_G28,10109647SOUSAA,2025-03-22,117820,1,7,0,170.0
10109647SOUSAA_2025-03-22_G29,10109647SOUSAA,2025-03-22,111530,1,4,0,109.0
10109647SOUSAA_2025-03-22_G30,10109647SOUSAA,2025-03-22,111532,1,4,0,166.0
10109647SOUSAA_2025-03-22_G31,10109647SOUSAA,2025-03-22,110515,1,1,0,131.0
10109647SOUSAA_2025-03-22_G32,10109647SOUSAA,2025-03-22,117831,1,4,0,95.0
10109647SOUSAA_2025-03-22_G33,10109647SOUSAA,2025-03-22,117809,1,4,0,678.0
10109647SOUSAA_2025-03-22_G34,10109647SOUSAA,2025-03-22,118094,1,4,0,214.0
10109647SOUSAA_2025-03-22_G35,10109647SOUSAA,2025-03-22,111530,1,5,0,137.0
10109647SOUSAA_2025-03-22_G36,10109647SOUSAA,2025-03-22,118094,1,4,0,204.0
10109647SOUSAA_2025-03-22_G37,10109647SOUSAA,2025-03-22,118094,1,4,0,34.0
10109647SOUSAA_2025-03-22_G38,10109647SOUSAA,2025-03-22,111469,1,4,0,107.0
10109647SOUSAA_2025-03-22_G39,10109647SOUSAA,2025-03-22,111466,1,3,0,39.0
10109647SOUSAA_2025-03-22_G40,10109647SOUSAA,2025-03-22,111530,1,4,0,136.0
10109647SOUSAA_2025-03-22_G41,10109647SOUSAA,2025-03-22,117831,1,4,0,446.0
10109647SOUSAA_2025-03-22_G42,10109647SOUSAA,2025-03-22,109640,1,12,0,646.0
10109647SOUSAA_2025-03-22_G43,10109647SOUSAA,2025-03-22,111469,1,10,0,170.0
10109647SOUSAA_2025-03-22_G44,10109647SOUSAA,2025-03-22,111598,1,1,0,63.0
10109647SOUSAA_2025-03-22_G45,10109647SOUSAA,2025-03-22,111418,1,6,0,99.0
10109647SOUSAA_2025-03-22_G46,10109647SOUSAA,2025-03-22,"108770, 108772",2,2,13,826.0
10109647SOUSAA_2025-03-22_G47,10109647SOUSAA,2025-03-22,110339,1,3,0,118.0
10109647SOUSAA_2025-03-22_G48,10109647SOUSAA,2025-03-22,111469,1,6,0,168.0
10109647SOUSAA_2025-03-22_G49,10109647SOUSAA,2025-03-22,117833,1,1,0,149.0
10109647SOUSAA_2025-03-22_G50,10109647SOUSAA,2025-03-22,109640,1,1,0,95.0
10109647SOUSAA_2025-03-22_G51,10109647SOUSAA,2025-03-22,111418,1,4,0,102.0
10109647SOUSAA_2025-03-25_G02,10109647SOUSAA,2025-03-25,111438,1,20,0,2116.0
10109647SOUSAA_2025-03-25_G03,10109647SOUSAA,2025-03-25,109933,1,6,0,143.0
10109647SOUSAA_2025-03-26_G02,10109647SOUSAA,2025-03-26,109471,1,4,0,69.0
10109647SOUSAA_2025-03-26_G03,10109647SOUSAA,2025-03-26,111569,1,13,0,618.0
10109647SOUSAA_2025-03-26_G04,10109647SOUSAA,2025-03-26,110339,1,20,0,250.0
10109647SOUSAA_2025-03-26_G05,10109647SOUSAA,2025-03-26,111602,1,2,0,133.0
10109647SOUSAA_2025-03-26_G06,10109647SOUSAA,2025-03-26,107629,1,11,0,78.0
10109647SOUSAA_2025-03-26_G07,10109647SOUSAA,2025-03-26,117855,1,20,0,247.0
10109647SOUSAA_2025-03-26_G08,10109647SOUSAA,2025-03-26,117786,1,6,0,161.0
10109647SOUSAA_2025-03-26_G09,10109647SOUSAA,2025-03-26,110515,1,16,0,206.0
10109647SOUSAA_2025-03-26_G10,10109647SOUSAA,2025-03-26,117822,1,6,0,153.0
10109647SOUSAA_2025-03-26_G11,10109647SOUSAA,2025-03-26,117809,1,10,0,70.0
10109647SOUSAA_2025-03-26_G12,10109647SOUSAA,2025-03-26,118299,1,10,0,70.0
10109647SOUSAA_2025-03-26_G13,10109647SOUSAA,2025-03-26,110373,1,49,0,471.0
10109647SOUSAA_2025-03-26_G14,10109647SOUSAA,2025-03-26,117808,1,16,0,295.0
10109647SOUSAA_2025-03-26_G15,10109647SOUSAA,2025-03-26,109643,1,36,0,240.0
10109647SOUSAA_2025-03-26_G16,10109647SOUSAA,2025-03-26,110895,1,6,0,1996.0
10109647SOUSAA_2025-03-26_G17,10109647SOUSAA,2025-03-26,110371,1,40,0,322.0
10109647SOUSAA_2025-03-26_G18,10109647SOUSAA,2025-03-26,115234,1,20,0,1103.0
10109647SOUSAA_2025-03-26_G20,10109647SOUSAA,2025-03-26,117808,1,800,0,2463.0
10109647SOUSAA_2025-03-26_G21,10109647SOUSAA,2025-03-26,111463,1,100,0,404.0
10109647SOUSAA_2025-03-26_G22,10109647SOUSAA,2025-03-26,108795,1,22,0,709.0
10109647SOUSAA_2025-03-26_G23,10109647SOUSAA,2025-03-26,111876,1,12,0,299.0
10109647SOUSAA_2025-03-26_G24,10109647SOUSAA,2025-03-26,110373,1,200,0,789.0
10109647SOUSAA_2025-03-26_G25,10109647SOUSAA,2025-03-26,110371,1,150,0,1323.0
10109647SOUSAA_2025-03-26_G26,10109647SOUSAA,2025-03-26,110372,1,250,0,1520.0
10109647SOUSAA_2025-03-26_G27,10109647SOUSAA,2025-03-26,118140,1,100,0,949.0
10109647SOUSAA_2025-03-26_G28,10109647SOUSAA,2025-03-26,111418,1,200,0,189.0
10109647SOUSAA_2025-03-26_G29,10109647SOUSAA,2025-03-26,111430,1,24,0,309.0
10109647SOUSAA_2025-03-26_G30,10109647SOUSAA,2025-03-26,118222,1,20,0,213.0
10109647SOUSAA_2025-03-26_G31,10109647SOUSAA,2025-03-26,110755,1,4,0,116.0
10109647SOUSAA_2025-03-27_G02,10109647SOUSAA,2025-03-27,117856,1,20,0,256.0
10109647SOUSAA_2025-03-27_G03,10109647SOUSAA,2025-03-27,117935,1,20,0,1140.0
10109647SOUSAA_2025-03-27_G04,10109647SOUSAA,2025-03-27,105894,1,36,0,353.0
10109647SOUSAA_2025-03-27_G05,10109647SOUSAA,2025-03-27,108770,1,16,0,309.0
10109647SOUSAA_2025-03-27_G06,10109647SOUSAA,2025-03-27,118253,1,64,0,904.0
10109647SOUSAA_2025-03-28_G02,10109647SOUSAA,2025-03-28,118251,1,80,0,1537.0
10109647SOUSAA_2025-03-28_G04,10109647SOUSAA,2025-03-28,111739,1,4,0,200.0
10109647SOUSAA_2025-03-28_G05,10109647SOUSAA,2025-03-28,111759,1,6,0,94.0
10109647SOUSAA_2025-03-28_G06,10109647SOUSAA,2025-03-28,111753,1,10,0,215.0
10109647SOUSAA_2025-03-28_G07,10109647SOUSAA,2025-03-28,111761,1,6,0,298.0
10109647SOUSAA_2025-03-28_G08,10109647SOUSAA,2025-03-28,111751,1,8,0,678.0
10109647SOUSAA_2025-03-28_G09,10109647SOUSAA,2025-03-28,111722,1,8,0,58.0
10109647SOUSAA_2025-03-28_G10,10109647SOUSAA,2025-03-28,117820,1,20,0,875.0
10109647SOUSAA_2025-03-28_G11,10109647SOUSAA,2025-03-28,110787,1,8,0,339.0
10109647SOUSAA_2025-03-28_G12,10109647SOUSAA,2025-03-28,109641,1,2,0,167.0
10109647SOUSAA_2025-03-28_G13,10109647SOUSAA,2025-03-28,105705,1,8,0,118.0
10109647SOUSAA_2025-03-28_G14,10109647SOUSAA,2025-03-28,110895,1,4,0,3014.0
10109647SOUSAA_2025-03-28_G15,10109647SOUSAA,2025-03-28,111463,1,8,0,175.0
10109647SOUSAA_2025-03-28_G16,10109647SOUSAA,2025-03-28,110325,1,9,0,155.0
10109647SOUSAA_2025-03-28_G17,10109647SOUSAA,2025-03-28,107629,1,4,0,112.0
10109647SOUSAA_2025-03-28_G18,10109647SOUSAA,2025-03-28,117855,1,4,0,85.0
10109647SOUSAA_2025-03-28_G19,10109647SOUSAA,2025-03-28,109640,1,4,0,75.0
10109647SOUSAA_2025-03-28_G20,10109647SOUSAA,2025-03-28,110374,1,8,0,188.0
10109647SOUSAA_2025-03-28_G21,10109647SOUSAA,2025-03-28,108711,1,12,0,343.0
10109647SOUSAA_2025-03-28_G22,10109647SOUSAA,2025-03-28,111462,1,4,0,52.0
10109647SOUSAA_2025-03-28_G23,10109647SOUSAA,2025-03-28,111469,1,12,0,78.0
10109647SOUSAA_2025-03-28_G24,10109647SOUSAA,2025-03-28,117831,1,4,0,102.0
10109647SOUSAA_2025-03-28_G25,10109647SOUSAA,2025-03-28,105705,1,2,0,41.0
10109647SOUSAA_2025-03-28_G26,10109647SOUSAA,2025-03-28,110787,1,4,0,77.0
10109647SOUSAA_2025-03-28_G27,10109647SOUSAA,2025-03-28,111465,1,4,0,123.0
10109647SOUSAA_2025-04-05_G03,10109647SOUSAA,2025-04-05,111532,1,14,0,471.0
10109647SOUSAA_2025-04-05_G04,10109647SOUSAA,2025-04-05,110787,1,18,0,199.0
10109647SOUSAA_2025-04-05_G05,10109647SOUSAA,2025-04-05,111462,1,35,0,389.0
10109647SOUSAA_2025-04-05_G07,10109647SOUSAA,2025-04-05,140922,1,140,0,344.0
10109647SOUSAA_2025-04-05_G08,10109647SOUSAA,2025-04-05,111463,1,200,0,884.0
10109647SOUSAA_2025-04-05_G09,10109647SOUSAA,2025-04-05,111602,1,60,0,1097.0
10109647SOUSAA_2025-04-05_G10,10109647SOUSAA,2025-04-05,105705,1,60,0,283.0
10109647SOUSAA_2025-04-05_G11,10109647SOUSAA,2025-04-05,111430,1,38,0,810.0
10109647SOUSAA_2025-04-05_G12,10109647SOUSAA,2025-04-05,117836,1,25,0,152.0
10109650GONCALOJ_2025-01-14_G02,10109650GONCALOJ,2025-01-14,111532,1,200,0,280.0
10109650GONCALOJ_2025-01-14_G03,10109650GONCALOJ,2025-01-14,111466,1,276,0,622.0
10109650GONCALOJ_2025-01-14_G04,10109650GONCALOJ,2025-01-14,107830,1,500,0,1889.0
10109650GONCALOJ_2025-01-14_G05,10109650GONCALOJ,2025-01-14,100334,1,25,0,83.0
10109650GONCALOJ_2025-01-14_G06,10109650GONCALOJ,2025-01-14,110339,1,20,0,489.0
10109650GONCALOJ_2025-01-14_G07,10109650GONCALOJ,2025-01-14,110515,1,190,0,744.0
10109650GONCALOJ_2025-01-14_G08,10109650GONCALOJ,2025-01-14,110313,1,80,0,527.0
10109650GONCALOJ_2025-01-14_G09,10109650GONCALOJ,2025-01-14,108711,1,14,0,887.0
10109650GONCALOJ_2025-01-14_G10,10109650GONCALOJ,2025-01-14,108711,1,1,0,47.0
10109650GONCALOJ_2025-01-14_G11,10109650GONCALOJ,2025-01-14,111435,1,7,0,185.0
10109650GONCALOJ_2025-01-14_G12,10109650GONCALOJ,2025-01-14,111442,2,18,29,139.0
10109650GONCALOJ_2025-01-14_G13,10109650GONCALOJ,2025-01-14,110740,1,15,0,225.0
10109650GONCALOJ_2025-01-14_G14,10109650GONCALOJ,2025-01-14,117831,2,12,9,85.0
10109650GONCALOJ_2025-01-14_G16,10109650GONCALOJ,2025-01-14,111743,1,8,0,344.0
10109650GONCALOJ_2025-01-14_G17,10109650GONCALOJ,2025-01-14,111465,1,8,0,108.0
10109650GONCALOJ_2025-01-14_G18,10109650GONCALOJ,2025-01-14,"111418, 111463",2,24,23,215.0
10109650GONCALOJ_2025-01-14_G19,10109650GONCALOJ,2025-01-14,111462,1,20,0,131.0
10109650GONCALOJ_2025-01-14_G20,10109650GONCALOJ,2025-01-14,"111441, 109937",2,18,30,836.0
10109650GONCALOJ_2025-01-14_G21,10109650GONCALOJ,2025-01-14,109937,1,10,0,546.0
10109650GONCALOJ_2025-01-14_G22,10109650GONCALOJ,2025-01-14,"111463, 111466",2,6,29,591.0
10109650GONCALOJ_2025-01-14_G23,10109650GONCALOJ,2025-01-14,111462,1,2,0,89.0
10109650GONCALOJ_2025-01-14_G24,10109650GONCALOJ,2025-01-14,118299,3,12,26,588.0
10109650GONCALOJ_2025-01-14_G25,10109650GONCALOJ,2025-01-14,110371,1,5,0,318.0
10109650GONCALOJ_2025-01-14_G26,10109650GONCALOJ,2025-01-14,117832,1,4,0,73.0
10109650GONCALOJ_2025-01-14_G27,10109650GONCALOJ,2025-01-14,117821,1,4,0,562.0
10109650GONCALOJ_2025-01-14_G28,10109650GONCALOJ,2025-01-14,107830,1,60,0,1600.0
10109650GONCALOJ_2025-01-14_G29,10109650GONCALOJ,2025-01-14,118140,1,4,0,816.0
10109650GONCALOJ_2025-01-14_G30,10109650GONCALOJ,2025-01-14,109643,1,6,0,93.0
10109650GONCALOJ_2025-01-14_G31,10109650GONCALOJ,2025-01-14,117808,1,30,0,804.0
10109650GONCALOJ_2025-01-14_G32,10109650GONCALOJ,2025-01-14,110375,1,10,0,357.0
10109650GONCALOJ_2025-01-14_G33,10109650GONCALOJ,2025-01-14,110372,1,50,0,436.0
10109650GONCALOJ_2025-01-14_G34,10109650GONCALOJ,2025-01-14,111602,1,7,0,1311.0
10109650GONCALOJ_2025-01-14_G35,10109650GONCALOJ,2025-01-14,117808,1,24,0,581.0
10109650GONCALOJ_2025-01-15_G02,10109650GONCALOJ,2025-01-15,121651,1,22,0,658.0
10109650GONCALOJ_2025-01-15_G03,10109650GONCALOJ,2025-01-15,123344,1,2,0,162.0
10109650GONCALOJ_2025-01-15_G04,10109650GONCALOJ,2025-01-15,123345,1,11,0,315.0
10109650GONCALOJ_2025-01-15_G05,10109650GONCALOJ,2025-01-15,123344,1,7,0,243.0
10109650GONCALOJ_2025-01-15_G06,10109650GONCALOJ,2025-01-15,123560,1,6,0,465.0
10109650GONCALOJ_2025-01-15_G07,10109650GONCALOJ,2025-01-15,120339,1,4,0,197.0
10109650GONCALOJ_2025-01-15_G08,10109650GONCALOJ,2025-01-15,120339,1,6,0,94.0
10109650GONCALOJ_2025-01-15_G10,10109650GONCALOJ,2025-01-15,122983,1,11,0,373.0
10109650GONCALOJ_2025-01-15_G11,10109650GONCALOJ,2025-01-15,120028,1,4,0,89.0
10109650GONCALOJ_2025-01-15_G12,10109650GONCALOJ,2025-01-15,124247,1,10,0,98.0
10109650GONCALOJ_2025-01-15_G13,10109650GONCALOJ,2025-01-15,121760,1,42,0,961.0
10109650GONCALOJ_2025-01-15_G14,10109650GONCALOJ,2025-01-15,121760,1,6,0,100.0
10109650GONCALOJ_2025-01-15_G15,10109650GONCALOJ,2025-01-15,123911,1,22,0,409.0
10109650GONCALOJ_2025-01-15_G16,10109650GONCALOJ,2025-01-15,123911,1,12,0,287.0
10109650GONCALOJ_2025-01-15_G17,10109650GONCALOJ,2025-01-15,123911,1,14,0,273.0
10109650GONCALOJ_2025-01-30_G02,10109650GONCALOJ,2025-01-30,124486,1,4,0,286.0
10109650GONCALOJ_2025-01-30_G04,10109650GONCALOJ,2025-01-30,123345,1,8,0,525.0
10109650GONCALOJ_2025-01-30_G05,10109650GONCALOJ,2025-01-30,123344,1,10,0,161.0
10109650GONCALOJ_2025-01-30_G06,10109650GONCALOJ,2025-01-30,123909,1,2,0,45.0
10109650GONCALOJ_2025-01-30_G07,10109650GONCALOJ,2025-01-30,122984,1,2,0,171.0
10109650GONCALOJ_2025-01-30_G08,10109650GONCALOJ,2025-01-30,122703,1,2,0,74.0
10109650GONCALOJ_2025-01-30_G09,10109650GONCALOJ,2025-01-30,121651,1,2,0,148.0
10109650GONCALOJ_2025-01-30_G10,10109650GONCALOJ,2025-01-30,122671,1,2,0,163.0
10109650GONCALOJ_2025-01-30_G11,10109650GONCALOJ,2025-01-30,123521,1,4,0,143.0
10109650GONCALOJ_2025-01-30_G12,10109650GONCALOJ,2025-01-30,123343,1,2,0,409.0
10109650GONCALOJ_2025-01-30_G13,10109650GONCALOJ,2025-01-30,121651,1,3,0,145.0
10109650GONCALOJ_2025-01-30_G14,10109650GONCALOJ,2025-01-30,121760,1,3,0,179.0
10109650GONCALOJ_2025-01-30_G15,10109650GONCALOJ,2025-01-30,123343,1,2,0,201.0
10109650GONCALOJ_2025-01-30_G16,10109650GONCALOJ,2025-01-30,123153,1,1,0,3278.0
10109650GONCALOJ_2025-01-30_G17,10109650GONCALOJ,2025-01-30,123561,1,14,0,339.0
10109650GONCALOJ_2025-01-30_G18,10109650GONCALOJ,2025-01-30,123561,1,6,0,62.0
10109650GONCALOJ_2025-01-30_G19,10109650GONCALOJ,2025-01-30,123561,1,26,0,448.0
10109650GONCALOJ_2025-01-30_G20,10109650GONCALOJ,2025-01-30,123520,1,4,0,780.0
10109650GONCALOJ_2025-01-30_G21,10109650GONCALOJ,2025-01-30,122967,1,8,0,229.0
10109650GONCALOJ_2025-01-30_G22,10109650GONCALOJ,2025-01-30,123313,1,8,0,189.0
10109650GONCALOJ_2025-01-30_G23,10109650GONCALOJ,2025-01-30,123313,1,14,0,101.0
10109650GONCALOJ_2025-01-30_G24,10109650GONCALOJ,2025-01-30,"123345, 123313",2,34,10,557.0
10109650GONCALOJ_2025-01-31_G02,10109650GONCALOJ,2025-01-31,109640,1,1,0,112.0
10109650GONCALOJ_2025-01-31_G03,10109650GONCALOJ,2025-01-31,111532,1,14,0,422.0
10109650GONCALOJ_2025-01-31_G04,10109650GONCALOJ,2025-01-31,111532,3,251,49,275.0
10109650GONCALOJ_2025-01-31_G05,10109650GONCALOJ,2025-01-31,117833,1,8,0,2617.0
10109650GONCALOJ_2025-01-31_G06,10109650GONCALOJ,2025-01-31,110711,1,1,0,129.0
10109650GONCALOJ_2025-01-31_G07,10109650GONCALOJ,2025-01-31,111466,1,4,0,140.0
10109650GONCALOJ_2025-01-31_G08,10109650GONCALOJ,2025-01-31,110325,1,4,0,112.0
10109650GONCALOJ_2025-01-31_G09,10109650GONCALOJ,2025-01-31,111532,1,18,0,388.0
10109650GONCALOJ_2025-01-31_G10,10109650GONCALOJ,2025-01-31,110373,1,4,0,335.0
10109650GONCALOJ_2025-01-31_G11,10109650GONCALOJ,2025-01-31,110325,1,8,0,245.0
10109650GONCALOJ_2025-02-13_G02,10109650GONCALOJ,2025-02-13,123345,1,23,0,382.0
10109650GONCALOJ_2025-02-13_G03,10109650GONCALOJ,2025-02-13,122962,1,35,0,824.0
10109650GONCALOJ_2025-02-13_G04,10109650GONCALOJ,2025-02-13,122671,1,5,0,203.0
10109650GONCALOJ_2025-02-13_G05,10109650GONCALOJ,2025-02-13,121760,1,9,0,164.0
10109650GONCALOJ_2025-02-13_G06,10109650GONCALOJ,2025-02-13,124371,1,2,0,309.0
10109650GONCALOJ_2025-02-13_G07,10109650GONCALOJ,2025-02-13,121923,1,4,0,83.0
10109650GONCALOJ_2025-02-13_G08,10109650GONCALOJ,2025-02-13,123909,1,15,0,151.0
10109650GONCALOJ_2025-02-13_G09,10109650GONCALOJ,2025-02-13,122983,1,14,0,344.0
10109650GONCALOJ_2025-02-13_G10,10109650GONCALOJ,2025-02-13,124370,1,8,0,101.0
10109650GONCALOJ_2025-02-13_G11,10109650GONCALOJ,2025-02-13,124247,1,12,0,378.0
10109650GONCALOJ_2025-02-13_G12,10109650GONCALOJ,2025-02-13,120339,1,12,0,361.0
10109650GONCALOJ_2025-02-13_G13,10109650GONCALOJ,2025-02-13,123911,1,4,0,222.0
10109650GONCALOJ_2025-02-13_G14,10109650GONCALOJ,2025-02-13,123345,1,12,0,339.0
10109650GONCALOJ_2025-02-13_G15,10109650GONCALOJ,2025-02-13,122984,1,8,0,97.0
10109650GONCALOJ_2025-02-13_G16,10109650GONCALOJ,2025-02-13,124248,1,2,0,214.0
10109650GONCALOJ_2025-02-13_G17,10109650GONCALOJ,2025-02-13,122982,1,2,0,109.0
10109650GONCALOJ_2025-02-13_G18,10109650GONCALOJ,2025-02-13,122985,1,94,0,1073.0
10109650GONCALOJ_2025-02-13_G19,10109650GONCALOJ,2025-02-13,122962,1,20,0,1488.0
10109650GONCALOJ_2025-02-13_G20,10109650GONCALOJ,2025-02-13,123153,1,14,0,2182.0
10109650GONCALOJ_2025-02-13_G21,10109650GONCALOJ,2025-02-13,122671,1,4,0,130.0
10109650GONCALOJ_2025-02-13_G23,10109650GONCALOJ,2025-02-13,123343,1,4,0,455.0
10109650GONCALOJ_2025-02-13_G24,10109650GONCALOJ,2025-02-13,123153,1,10,0,204.0
10109650GONCALOJ_2025-02-13_G25,10109650GONCALOJ,2025-02-13,123889,1,4,0,102.0
10109650GONCALOJ_2025-02-13_G26,10109650GONCALOJ,2025-02-13,123343,1,6,0,228.0
10109650GONCALOJ_2025-02-13_G27,10109650GONCALOJ,2025-02-13,124247,1,10,0,749.0
10109650GONCALOJ_2025-02-13_G28,10109650GONCALOJ,2025-02-13,122673,1,10,0,220.0
10109650GONCALOJ_2025-02-13_G29,10109650GONCALOJ,2025-02-13,122673,1,40,0,1098.0
10109650GONCALOJ_2025-02-13_G30,10109650GONCALOJ,2025-02-13,123889,1,12,0,234.0
10109650GONCALOJ_2025-02-13_G31,10109650GONCALOJ,2025-02-13,120008,1,1,0,240.0
10109650GONCALOJ_2025-02-13_G32,10109650GONCALOJ,2025-02-13,120339,1,20,0,339.0
10109650GONCALOJ_2025-02-13_G33,10109650GONCALOJ,2025-02-13,123153,1,10,0,509.0
10109650GONCALOJ_2025-02-13_G34,10109650GONCALOJ,2025-02-13,123153,1,18,0,1296.0
10109650GONCALOJ_2025-02-13_G35,10109650GONCALOJ,2025-02-13,122647,1,18,0,619.0
10109650GONCALOJ_2025-02-13_G36,10109650GONCALOJ,2025-02-13,124486,1,10,0,232.0
10109650GONCALOJ_2025-02-13_G37,10109650GONCALOJ,2025-02-13,123345,1,6,0,1766.0
10109650GONCALOJ_2025-02-13_G38,10109650GONCALOJ,2025-02-13,123153,1,10,0,227.0
10109650GONCALOJ_2025-02-13_G39,10109650GONCALOJ,2025-02-13,123345,1,14,0,102.0
10109650GONCALOJ_2025-02-13_G40,10109650GONCALOJ,2025-02-13,122673,1,8,0,270.0
10109650GONCALOJ_2025-02-13_G41,10109650GONCALOJ,2025-02-13,124486,1,12,0,385.0
10109650GONCALOJ_2025-02-13_G42,10109650GONCALOJ,2025-02-13,"124486, 123153",2,12,18,317.0
10109650GONCALOJ_2025-02-13_G43,10109650GONCALOJ,2025-02-13,122647,1,6,0,108.0
10109650GONCALOJ_2025-02-13_G44,10109650GONCALOJ,2025-02-13,123153,1,10,0,434.0
10109650GONCALOJ_2025-02-13_G45,10109650GONCALOJ,2025-02-13,122673,1,14,0,265.0
10109650GONCALOJ_2025-02-13_G46,10109650GONCALOJ,2025-02-13,123889,1,4,0,173.0
10109650GONCALOJ_2025-02-27_G02,10109650GONCALOJ,2025-02-27,123343,1,10,0,1284.0
10109650GONCALOJ_2025-02-27_G03,10109650GONCALOJ,2025-02-27,123153,1,8,0,265.0
10109650GONCALOJ_2025-02-27_G04,10109650GONCALOJ,2025-02-27,123081,1,20,0,626.0
10109650GONCALOJ_2025-02-27_G05,10109650GONCALOJ,2025-02-27,124475,1,60,0,1926.0
10109650GONCALOJ_2025-02-27_G06,10109650GONCALOJ,2025-02-27,124475,1,5,0,210.0
10109650GONCALOJ_2025-02-27_G07,10109650GONCALOJ,2025-02-27,124475,1,5,0,194.0
10109650GONCALOJ_2025-02-27_G08,10109650GONCALOJ,2025-02-27,122984,1,12,0,309.0
10109650GONCALOJ_2025-02-27_G09,10109650GONCALOJ,2025-02-27,124248,1,4,0,866.0
10109650GONCALOJ_2025-02-27_G10,10109650GONCALOJ,2025-02-27,123521,1,6,0,237.0
10109650GONCALOJ_2025-02-27_G11,10109650GONCALOJ,2025-02-27,123345,1,12,0,355.0
10109650GONCALOJ_2025-02-27_G12,10109650GONCALOJ,2025-02-27,124475,1,12,0,493.0
10109650GONCALOJ_2025-02-27_G13,10109650GONCALOJ,2025-02-27,120339,1,4,0,147.0
10109650GONCALOJ_2025-02-27_G14,10109650GONCALOJ,2025-02-27,123343,1,3,0,410.0
10109650GONCALOJ_2025-02-27_G15,10109650GONCALOJ,2025-02-27,124475,1,8,0,152.0
10109650GONCALOJ_2025-02-27_G16,10109650GONCALOJ,2025-02-27,124475,1,10,0,582.0
10109650GONCALOJ_2025-02-27_G17,10109650GONCALOJ,2025-02-27,123822,1,60,0,2558.0
10109650GONCALOJ_2025-02-27_G19,10109650GONCALOJ,2025-02-27,120389,1,10,0,317.0
10109650GONCALOJ_2025-02-27_G20,10109650GONCALOJ,2025-02-27,123909,1,4,0,112.0
10109650GONCALOJ_2025-02-27_G21,10109650GONCALOJ,2025-02-27,122985,1,12,0,170.0
10109650GONCALOJ_2025-02-27_G22,10109650GONCALOJ,2025-02-27,122986,1,16,0,627.0
10109650GONCALOJ_2025-02-27_G23,10109650GONCALOJ,2025-02-27,122981,1,16,0,209.0
10109650GONCALOJ_2025-02-27_G24,10109650GONCALOJ,2025-02-27,122984,1,64,0,1220.0
10109650GONCALOJ_2025-02-27_G25,10109650GONCALOJ,2025-02-27,124248,1,10,0,117.0
10109650GONCALOJ_2025-02-27_G26,10109650GONCALOJ,2025-02-27,121760,1,6,0,152.0
10109650GONCALOJ_2025-02-27_G27,10109650GONCALOJ,2025-02-27,122962,1,50,0,948.0
10109650GONCALOJ_2025-02-27_G28,10109650GONCALOJ,2025-02-27,122968,1,10,0,319.0
10109650GONCALOJ_2025-02-27_G29,10109650GONCALOJ,2025-02-27,120028,1,20,0,468.0
10109650GONCALOJ_2025-02-27_G30,10109650GONCALOJ,2025-02-27,124475,1,60,0,1752.0
10109650GONCALOJ_2025-02-27_G31,10109650GONCALOJ,2025-02-27,123343,1,3,0,665.0
10109650GONCALOJ_2025-02-27_G32,10109650GONCALOJ,2025-02-27,122673,1,12,0,698.0
10109650GONCALOJ_2025-02-27_G33,10109650GONCALOJ,2025-02-27,123343,1,7,0,198.0
10109650GONCALOJ_2025-02-27_G34,10109650GONCALOJ,2025-02-27,122185,1,2,0,273.0
10109650GONCALOJ_2025-02-27_G35,10109650GONCALOJ,2025-02-27,124475,1,2,0,47.0
10109650GONCALOJ_2025-02-27_G36,10109650GONCALOJ,2025-02-27,124475,1,2,0,229.0
10109650GONCALOJ_2025-02-27_G37,10109650GONCALOJ,2025-02-27,124475,1,16,0,497.0
10109650GONCALOJ_2025-02-27_G38,10109650GONCALOJ,2025-02-27,124475,1,8,0,437.0
10109650GONCALOJ_2025-02-27_G39,10109650GONCALOJ,2025-02-27,124433,1,20,0,255.0
10109650GONCALOJ_2025-02-27_G40,10109650GONCALOJ,2025-02-27,124475,1,10,0,893.0
10109650GONCALOJ_2025-02-27_G41,10109650GONCALOJ,2025-02-27,122671,1,4,0,652.0
10109650GONCALOJ_2025-02-27_G42,10109650GONCALOJ,2025-02-27,122962,1,12,0,264.0
10109650GONCALOJ_2025-02-27_G43,10109650GONCALOJ,2025-02-27,124486,1,40,0,526.0
10109650GONCALOJ_2025-03-25_G02,10109650GONCALOJ,2025-03-25,110733,1,12,0,219.0
10109650GONCALOJ_2025-03-25_G03,10109650GONCALOJ,2025-03-25,117785,1,500,0,1404.0
10109650GONCALOJ_2025-03-25_G04,10109650GONCALOJ,2025-03-25,111465,1,400,0,541.0
10109650GONCALOJ_2025-03-25_G05,10109650GONCALOJ,2025-03-25,110376,1,132,0,918.0
10109650GONCALOJ_2025-03-25_G06,10109650GONCALOJ,2025-03-25,110895,1,40,0,911.0
10109650GONCALOJ_2025-03-25_G07,10109650GONCALOJ,2025-03-25,110500,1,1,0,1452.0
10109650GONCALOJ_2025-03-25_G08,10109650GONCALOJ,2025-03-25,118229,1,8,0,74.0
10109650GONCALOJ_2025-03-25_G09,10109650GONCALOJ,2025-03-25,111436,1,1,0,545.0
10109650GONCALOJ_2025-03-25_G10,10109650GONCALOJ,2025-03-25,108770,1,8,0,349.0
10109650GONCALOJ_2025-03-25_G11,10109650GONCALOJ,2025-03-25,118253,1,6,0,129.0
10109650GONCALOJ_2025-03-25_G12,10109650GONCALOJ,2025-03-25,111437,1,4,0,121.0
10109650GONCALOJ_2025-03-25_G13,10109650GONCALOJ,2025-03-25,115773,1,8,0,291.0
10109650GONCALOJ_2025-03-25_G14,10109650GONCALOJ,2025-03-25,118306,1,40,0,78.0
10109650GONCALOJ_2025-03-25_G15,10109650GONCALOJ,2025-03-25,109937,1,4,0,746.0
10109650GONCALOJ_2025-03-25_G16,10109650GONCALOJ,2025-03-25,114097,1,6,0,301.0
10109650GONCALOJ_2025-03-25_G17,10109650GONCALOJ,2025-03-25,117789,1,40,0,659.0
10109650GONCALOJ_2025-03-25_G18,10109650GONCALOJ,2025-03-25,118322,1,8,0,413.0
10109650GONCALOJ_2025-03-25_G19,10109650GONCALOJ,2025-03-25,118416,1,28,0,370.0
10109650GONCALOJ_2025-03-25_G20,10109650GONCALOJ,2025-03-25,109647,1,5,0,202.0
10109650GONCALOJ_2025-03-25_G21,10109650GONCALOJ,2025-03-25,101217,1,2,0,131.0
10109650GONCALOJ_2025-03-25_G22,10109650GONCALOJ,2025-03-25,118326,1,10,0,470.0
10109650GONCALOJ_2025-03-25_G23,10109650GONCALOJ,2025-03-25,118285,1,10,0,122.0
10109650GONCALOJ_2025-03-25_G24,10109650GONCALOJ,2025-03-25,118223,1,6,0,95.0
10109650GONCALOJ_2025-03-25_G25,10109650GONCALOJ,2025-03-25,115817,1,5,0,48.0
10109650GONCALOJ_2025-03-25_G26,10109650GONCALOJ,2025-03-25,118281,1,5,0,259.0
10109650GONCALOJ_2025-03-25_G27,10109650GONCALOJ,2025-03-25,118299,1,250,0,831.0
10109650GONCALOJ_2025-03-25_G28,10109650GONCALOJ,2025-03-25,111418,1,299,0,556.0
10109650GONCALOJ_2025-03-25_G29,10109650GONCALOJ,2025-03-25,111418,1,300,0,482.0
10109650GONCALOJ_2025-03-25_G30,10109650GONCALOJ,2025-03-25,110787,1,50,0,405.0
10109650GONCALOJ_2025-03-25_G31,10109650GONCALOJ,2025-03-25,111418,1,24,0,379.0
10109650GONCALOJ_2025-04-30_G02,10109650GONCALOJ,2025-04-30,111660,1,30,0,1672.0
10109650GONCALOJ_2025-04-30_G03,10109650GONCALOJ,2025-04-30,100334,1,20,0,323.0
10109650GONCALOJ_2025-04-30_G04,10109650GONCALOJ,2025-04-30,111465,1,4,0,1145.0
10109650GONCALOJ_2025-04-30_G05,10109650GONCALOJ,2025-04-30,117831,1,16,0,319.0
10109650GONCALOJ_2025-04-30_G06,10109650GONCALOJ,2025-04-30,117831,1,4,0,209.0
10109650GONCALOJ_2025-04-30_G07,10109650GONCALOJ,2025-04-30,111463,1,4,0,95.0
10109650GONCALOJ_2025-04-30_G08,10109650GONCALOJ,2025-04-30,111469,1,10,0,92.0
10109650GONCALOJ_2025-04-30_G09,10109650GONCALOJ,2025-04-30,111462,1,2,0,34.0
10109650GONCALOJ_2025-04-30_G10,10109650GONCALOJ,2025-04-30,118004,1,4,0,60.0
10109650GONCALOJ_2025-04-30_G11,10109650GONCALOJ,2025-04-30,118004,2,8,20,37.0
10109650GONCALOJ_2025-04-30_G12,10109650GONCALOJ,2025-04-30,111433,1,2,0,76.0
10109650GONCALOJ_2025-04-30_G13,10109650GONCALOJ,2025-04-30,108711,4,9,55,47.0
10109650GONCALOJ_2025-04-30_G14,10109650GONCALOJ,2025-04-30,108711,1,5,0,60.0
10109650GONCALOJ_2025-04-30_G15,10109650GONCALOJ,2025-04-30,111466,1,8,0,123.0
10109650GONCALOJ_2025-04-30_G16,10109650GONCALOJ,2025-04-30,140922,1,2,0,118.0
10109650GONCALOJ_2025-04-30_G17,10109650GONCALOJ,2025-04-30,109641,1,4,0,108.0
10109650GONCALOJ_2025-04-30_G18,10109650GONCALOJ,2025-04-30,111330,2,5,7,312.0
10109650GONCALOJ_2025-04-30_G19,10109650GONCALOJ,2025-04-30,111444,1,2,0,123.0
10109650GONCALOJ_2025-04-30_G20,10109650GONCALOJ,2025-04-30,108794,1,6,0,141.0
10109650GONCALOJ_2025-04-30_G21,10109650GONCALOJ,2025-04-30,111444,1,5,0,175.0
10109650GONCALOJ_2025-04-30_G22,10109650GONCALOJ,2025-04-30,109645,2,6,9,173.0
10109650GONCALOJ_2025-04-30_G23,10109650GONCALOJ,2025-04-30,118140,1,3,0,82.0
10109650GONCALOJ_2025-04-30_G24,10109650GONCALOJ,2025-04-30,110745,1,2,0,62.0
10109650GONCALOJ_2025-04-30_G25,10109650GONCALOJ,2025-04-30,111348,1,2,0,65.0
10109650GONCALOJ_2025-04-30_G26,10109650GONCALOJ,2025-04-30,111444,1,4,0,380.0
10109650GONCALOJ_2025-04-30_G27,10109650GONCALOJ,2025-04-30,118140,1,1,0,92.0
10109650GONCALOJ_2025-04-30_G28,10109650GONCALOJ,2025-04-30,111444,1,4,0,126.0
10109650GONCALOJ_2025-04-30_G29,10109650GONCALOJ,2025-04-30,111444,1,1,0,41.0
10109650GONCALOJ_2025-04-30_G30,10109650GONCALOJ,2025-04-30,111444,1,3,0,49.0
10109650GONCALOJ_2025-04-30_G31,10109650GONCALOJ,2025-04-30,111444,1,4,0,71.0
10109650GONCALOJ_2025-04-30_G32,10109650GONCALOJ,2025-04-30,111444,1,12,0,188.0
10109650GONCALOJ_2025-04-30_G33,10109650GONCALOJ,2025-04-30,117820,1,40,0,1777.0
10109650GONCALOJ_2025-04-30_G34,10109650GONCALOJ,2025-04-30,110373,1,60,0,357.0
10109650GONCALOJ_2025-04-30_G35,10109650GONCALOJ,2025-04-30,110372,1,60,0,379.0
10109650GONCALOJ_2025-04-30_G36,10109650GONCALOJ,2025-04-30,110376,1,16,0,230.0
10109650GONCALOJ_2025-04-30_G37,10109650GONCALOJ,2025-04-30,117808,1,1086,0,1734.0
10109650GONCALOJ_2025-04-30_G38,10109650GONCALOJ,2025-04-30,117808,1,120,0,67.0
10109650GONCALOJ_2025-04-30_G39,10109650GONCALOJ,2025-04-30,118299,1,60,0,608.0
10109650GONCALOJ_2025-04-30_G40,10109650GONCALOJ,2025-04-30,107892,1,24,0,439.0
10109650GONCALOJ_2025-04-30_G41,10109650GONCALOJ,2025-04-30,108770,1,16,0,494.0
10109650GONCALOJ_2025-04-30_G42,10109650GONCALOJ,2025-04-30,118222,1,30,0,1111.0
10109650GONCALOJ_2025-04-30_G43,10109650GONCALOJ,2025-04-30,117861,1,30,0,541.0
10109650GONCALOJ_2025-04-30_G44,10109650GONCALOJ,2025-04-30,111467,1,20,0,196.0
10109650GONCALOJ_2025-04-30_G45,10109650GONCALOJ,2025-04-30,117855,1,30,0,300.0
10109650GONCALOJ_2025-04-30_G46,10109650GONCALOJ,2025-04-30,111530,1,12,0,234.0
10109650GONCALOJ_2025-04-30_G47,10109650GONCALOJ,2025-04-30,111330,1,15,0,238.0
10109650GONCALOJ_2025-04-30_G48,10109650GONCALOJ,2025-04-30,111418,1,70,0,451.0
10109650GONCALOJ_2025-04-30_G49,10109650GONCALOJ,2025-04-30,117785,1,45,0,620.0
10109650GONCALOJ_2025-04-30_G50,10109650GONCALOJ,2025-04-30,110371,1,50,0,405.0
10109650GONCALOJ_2025-04-30_G51,10109650GONCALOJ,2025-04-30,118094,1,8,0,1628.0
10109650GONCALOJ_2025-04-30_G52,10109650GONCALOJ,2025-04-30,111530,1,30,0,429.0
10109650GONCALOJ_2025-04-30_G53,10109650GONCALOJ,2025-04-30,108711,1,12,0,435.0
10109650GONCALOJ_2025-04-30_G54,10109650GONCALOJ,2025-04-30,110376,1,6,0,2446.0
10109650GONCALOJ_2025-04-30_G55,10109650GONCALOJ,2025-04-30,111530,1,13,0,476.0
10109650GONCALOJ_2025-04-30_G56,10109650GONCALOJ,2025-04-30,110376,1,3,0,142.0
10109650GONCALOJ_2025-04-30_G57,10109650GONCALOJ,2025-04-30,111660,1,2,0,148.0
10109650GONCALOJ_2025-04-30_G58,10109650GONCALOJ,2025-04-30,118094,1,6,0,136.0
10109650GONCALOJ_2025-04-30_G59,10109650GONCALOJ,2025-04-30,108711,1,2,0,91.0
10109650GONCALOJ_2025-04-30_G60,10109650GONCALOJ,2025-04-30,118094,1,11,0,233.0
10109650GONCALOJ_2025-04-30_G61,10109650GONCALOJ,2025-04-30,140911,1,4,0,329.0
10109650GONCALOJ_2025-04-30_G62,10109650GONCALOJ,2025-04-30,111660,1,2,0,188.0
10109650GONCALOJ_2025-04-30_G63,10109650GONCALOJ,2025-04-30,118094,1,4,0,168.0
10109655LANDROJ_2025-01-07_G02,10109655LANDROJ,2025-01-07,117809,1,28,0,540.0
10109655LANDROJ_2025-01-07_G03,10109655LANDROJ,2025-01-07,117838,1,50,0,132.0
10109655LANDROJ_2025-01-07_G04,10109655LANDROJ,2025-01-07,111463,1,26,0,58.0
10109655LANDROJ_2025-01-08_G02,10109655LANDROJ,2025-01-08,118299,1,16,0,700.0
10109655LANDROJ_2025-01-08_G03,10109655LANDROJ,2025-01-08,110374,1,16,0,193.0
10109655LANDROJ_2025-01-08_G04,10109655LANDROJ,2025-01-08,117820,1,14,0,249.0
10109655LANDROJ_2025-01-08_G05,10109655LANDROJ,2025-01-08,116527,1,8,0,1211.0
10109655LANDROJ_2025-01-08_G06,10109655LANDROJ,2025-01-08,116527,1,4,0,39.0
10109655LANDROJ_2025-01-08_G07,10109655LANDROJ,2025-01-08,110339,1,6,0,208.0
10109655LANDROJ_2025-01-08_G08,10109655LANDROJ,2025-01-08,110740,1,12,0,202.0
10109655LANDROJ_2025-01-08_G09,10109655LANDROJ,2025-01-08,117831,1,4,0,132.0
10109655LANDROJ_2025-01-08_G10,10109655LANDROJ,2025-01-08,111463,1,34,0,321.0
10109655LANDROJ_2025-01-08_G11,10109655LANDROJ,2025-01-08,110374,1,2,0,115.0
10109655LANDROJ_2025-01-08_G12,10109655LANDROJ,2025-01-08,110374,1,30,0,113.0
10109655LANDROJ_2025-01-08_G13,10109655LANDROJ,2025-01-08,117820,1,35,0,503.0
10109655LANDROJ_2025-01-08_G14,10109655LANDROJ,2025-01-08,111441,1,4,0,335.0
10109655LANDROJ_2025-01-08_G15,10109655LANDROJ,2025-01-08,111439,1,4,0,127.0
10109655LANDROJ_2025-01-08_G16,10109655LANDROJ,2025-01-08,109640,1,44,0,102.0
10109655LANDROJ_2025-01-08_G17,10109655LANDROJ,2025-01-08,111530,1,9,0,114.0
10109655LANDROJ_2025-01-08_G18,10109655LANDROJ,2025-01-08,117855,1,10,0,102.0
10109655LANDROJ_2025-01-08_G19,10109655LANDROJ,2025-01-08,110740,1,20,0,169.0
10109655LANDROJ_2025-01-08_G20,10109655LANDROJ,2025-01-08,117820,1,10,0,403.0
10109655LANDROJ_2025-01-08_G21,10109655LANDROJ,2025-01-08,110374,1,6,0,111.0
10109655LANDROJ_2025-01-08_G22,10109655LANDROJ,2025-01-08,117822,1,70,0,1851.0
10109655LANDROJ_2025-01-08_G23,10109655LANDROJ,2025-01-08,118299,1,572,0,1143.0
10109655LANDROJ_2025-01-09_G02,10109655LANDROJ,2025-01-09,110313,1,2,0,160.0
10109655LANDROJ_2025-01-09_G03,10109655LANDROJ,2025-01-09,111467,1,8,0,365.0
10109655LANDROJ_2025-01-09_G04,10109655LANDROJ,2025-01-09,117856,1,4,0,66.0
10109655LANDROJ_2025-01-09_G05,10109655LANDROJ,2025-01-09,117861,1,4,0,74.0
10109655LANDROJ_2025-01-09_G06,10109655LANDROJ,2025-01-09,109640,1,4,0,68.0
10109655LANDROJ_2025-01-09_G07,10109655LANDROJ,2025-01-09,118094,1,4,0,77.0
10109655LANDROJ_2025-01-09_G08,10109655LANDROJ,2025-01-09,109647,1,8,0,237.0
10109655LANDROJ_2025-01-09_G09,10109655LANDROJ,2025-01-09,110515,1,8,0,305.0
10109655LANDROJ_2025-01-09_G10,10109655LANDROJ,2025-01-09,117965,1,4,0,91.0
10109655LANDROJ_2025-01-09_G11,10109655LANDROJ,2025-01-09,141047,1,2,0,145.0
10109655LANDROJ_2025-01-09_G12,10109655LANDROJ,2025-01-09,108772,1,2,0,41.0
10109655LANDROJ_2025-01-09_G13,10109655LANDROJ,2025-01-09,110733,1,5,0,95.0
10109655LANDROJ_2025-01-09_G14,10109655LANDROJ,2025-01-09,117862,1,8,0,179.0
10109655LANDROJ_2025-01-09_G15,10109655LANDROJ,2025-01-09,110515,1,4,0,46.0
10109655LANDROJ_2025-01-09_G16,10109655LANDROJ,2025-01-09,140911,1,4,0,362.0
10109655LANDROJ_2025-01-09_G17,10109655LANDROJ,2025-01-09,117835,1,4,0,91.0
10109655LANDROJ_2025-01-09_G18,10109655LANDROJ,2025-01-09,111438,1,4,0,470.0
10109655LANDROJ_2025-01-09_G19,10109655LANDROJ,2025-01-09,100334,1,3,0,94.0
10109655LANDROJ_2025-01-09_G20,10109655LANDROJ,2025-01-09,110755,1,8,0,152.0
10109655LANDROJ_2025-01-09_G21,10109655LANDROJ,2025-01-09,"111602, 110515, 108772",3,16,39,166.0
10109655LANDROJ_2025-01-09_G22,10109655LANDROJ,2025-01-09,110733,1,7,0,101.0
10109655LANDROJ_2025-01-09_G23,10109655LANDROJ,2025-01-09,117862,1,4,0,80.0
10109655LANDROJ_2025-01-09_G24,10109655LANDROJ,2025-01-09,111743,1,6,0,133.0
10109655LANDROJ_2025-01-09_G25,10109655LANDROJ,2025-01-09,111465,1,4,0,61.0
10109655LANDROJ_2025-01-09_G26,10109655LANDROJ,2025-01-09,108759,2,5,27,503.0
10109655LANDROJ_2025-01-09_G27,10109655LANDROJ,2025-01-09,111441,2,10,26,219.0
10109655LANDROJ_2025-01-09_G28,10109655LANDROJ,2025-01-09,109937,1,4,0,422.0
10109655LANDROJ_2025-01-09_G29,10109655LANDROJ,2025-01-09,111418,2,60,27,266.0
10109655LANDROJ_2025-01-09_G30,10109655LANDROJ,2025-01-09,111431,2,8,8,87.0
10109655LANDROJ_2025-01-09_G31,10109655LANDROJ,2025-01-09,108798,2,8,8,80.0
10109655LANDROJ_2025-01-09_G32,10109655LANDROJ,2025-01-09,108795,2,8,7,576.0
10109655LANDROJ_2025-01-09_G33,10109655LANDROJ,2025-01-09,105705,1,8,0,168.0
10109655LANDROJ_2025-01-09_G34,10109655LANDROJ,2025-01-09,111442,1,4,0,148.0
10109655LANDROJ_2025-01-09_G35,10109655LANDROJ,2025-01-09,117862,1,7,0,229.0
10109655LANDROJ_2025-01-09_G36,10109655LANDROJ,2025-01-09,110372,1,30,0,57.0
10109655LANDROJ_2025-01-09_G37,10109655LANDROJ,2025-01-09,117808,2,31,11,2171.0
10109655LANDROJ_2025-01-09_G38,10109655LANDROJ,2025-01-09,117820,1,7,0,158.0
10109655LANDROJ_2025-01-09_G39,10109655LANDROJ,2025-01-09,110374,1,10,0,141.0
10109655LANDROJ_2025-01-09_G40,10109655LANDROJ,2025-01-09,117840,1,1,0,98.0
10109655LANDROJ_2025-01-09_G41,10109655LANDROJ,2025-01-09,118299,1,12,0,185.0
10109655LANDROJ_2025-01-09_G42,10109655LANDROJ,2025-01-09,118299,1,20,0,133.0
10109655LANDROJ_2025-01-09_G43,10109655LANDROJ,2025-01-09,118299,1,30,0,281.0
10109655LANDROJ_2025-01-09_G44,10109655LANDROJ,2025-01-09,117832,3,32,15,636.0
10109655LANDROJ_2025-01-09_G45,10109655LANDROJ,2025-01-09,117830,4,22,28,151.0
10109655LANDROJ_2025-01-09_G46,10109655LANDROJ,2025-01-09,110515,1,26,0,198.0
10109655LANDROJ_2025-01-09_G47,10109655LANDROJ,2025-01-09,110339,1,6,0,137.0
10109655LANDROJ_2025-01-09_G48,10109655LANDROJ,2025-01-09,117862,1,10,0,535.0
10109655LANDROJ_2025-01-09_G49,10109655LANDROJ,2025-01-09,140911,1,2,0,734.0
10109655LANDROJ_2025-01-09_G50,10109655LANDROJ,2025-01-09,111438,1,2,0,55.0
10109655LANDROJ_2025-01-09_G51,10109655LANDROJ,2025-01-09,111602,1,3,0,115.0
10109655LANDROJ_2025-01-09_G52,10109655LANDROJ,2025-01-09,109640,1,2,0,42.0
10109655LANDROJ_2025-01-09_G53,10109655LANDROJ,2025-01-09,117855,1,6,0,100.0
10109655LANDROJ_2025-01-09_G54,10109655LANDROJ,2025-01-09,"141047, 108772",2,4,11,155.0
10109655LANDROJ_2025-01-09_G55,10109655LANDROJ,2025-01-09,117862,1,4,0,67.0
10109655LANDROJ_2025-01-09_G56,10109655LANDROJ,2025-01-09,110740,1,4,0,244.0
10109655LANDROJ_2025-01-09_G57,10109655LANDROJ,2025-01-09,111468,1,2,0,58.0
10109655LANDROJ_2025-01-09_G58,10109655LANDROJ,2025-01-09,117831,1,5,0,509.0
10109655LANDROJ_2025-01-09_G59,10109655LANDROJ,2025-01-09,111418,1,2,0,122.0
10109655LANDROJ_2025-01-09_G60,10109655LANDROJ,2025-01-09,117785,1,2,0,77.0
10109655LANDROJ_2025-01-09_G61,10109655LANDROJ,2025-01-09,117833,1,2,0,73.0
10109655LANDROJ_2025-01-09_G62,10109655LANDROJ,2025-01-09,108711,1,3,0,88.0
10109655LANDROJ_2025-01-09_G63,10109655LANDROJ,2025-01-09,111462,1,2,0,116.0
10109655LANDROJ_2025-01-09_G64,10109655LANDROJ,2025-01-09,111172,1,2,0,62.0
10109655LANDROJ_2025-01-09_G65,10109655LANDROJ,2025-01-09,117808,1,35,0,456.0
10109655LANDROJ_2025-01-09_G66,10109655LANDROJ,2025-01-09,117820,1,5,0,47.0
10109655LANDROJ_2025-01-09_G67,10109655LANDROJ,2025-01-09,117809,1,2,0,145.0
10109655LANDROJ_2025-01-09_G68,10109655LANDROJ,2025-01-09,110372,1,6,0,318.0
10109655LANDROJ_2025-01-09_G69,10109655LANDROJ,2025-01-09,118299,1,34,0,156.0
10109655LANDROJ_2025-01-09_G70,10109655LANDROJ,2025-01-09,117832,1,1,0,56.0
10109655LANDROJ_2025-01-09_G72,10109655LANDROJ,2025-01-09,110374,1,8,0,206.0
10109655LANDROJ_2025-01-09_G73,10109655LANDROJ,2025-01-09,117832,1,12,0,269.0
10109655LANDROJ_2025-01-09_G74,10109655LANDROJ,2025-01-09,117853,1,20,0,1457.0
10109655LANDROJ_2025-01-09_G75,10109655LANDROJ,2025-01-09,140957,1,10,0,160.0
10109655LANDROJ_2025-01-09_G76,10109655LANDROJ,2025-01-09,111439,1,1,0,111.0
10109655LANDROJ_2025-01-09_G77,10109655LANDROJ,2025-01-09,111439,1,25,0,252.0
10109655LANDROJ_2025-01-09_G78,10109655LANDROJ,2025-01-09,117855,1,20,0,501.0
10109655LANDROJ_2025-01-09_G79,10109655LANDROJ,2025-01-09,117855,3,23,25,129.0
10109655LANDROJ_2025-01-09_G80,10109655LANDROJ,2025-01-09,108772,1,8,0,398.0
10109655LANDROJ_2025-01-09_G81,10109655LANDROJ,2025-01-09,117862,1,10,0,154.0
10109655LANDROJ_2025-01-09_G82,10109655LANDROJ,2025-01-09,117831,1,10,0,270.0
10109655LANDROJ_2025-01-09_G83,10109655LANDROJ,2025-01-09,117831,1,10,0,40.0
10109655LANDROJ_2025-01-09_G84,10109655LANDROJ,2025-01-09,116241,1,10,0,374.0
10109655LANDROJ_2025-01-09_G85,10109655LANDROJ,2025-01-09,118004,1,20,0,164.0
10109655LANDROJ_2025-01-09_G86,10109655LANDROJ,2025-01-09,108711,3,30,17,162.0
10109655LANDROJ_2025-01-09_G87,10109655LANDROJ,2025-01-09,108736,1,15,0,1481.0
10109655LANDROJ_2025-01-09_G88,10109655LANDROJ,2025-01-09,117785,1,18,0,143.0
10109655LANDROJ_2025-01-09_G89,10109655LANDROJ,2025-01-09,111466,2,16,9,120.0
10109655LANDROJ_2025-01-09_G90,10109655LANDROJ,2025-01-09,111442,1,7,0,197.0
10109655LANDROJ_2025-01-10_G02,10109655LANDROJ,2025-01-10,141047,2,10,8,135.0
10109655LANDROJ_2025-01-10_G03,10109655LANDROJ,2025-01-10,108772,2,12,9,119.0
10109655LANDROJ_2025-01-10_G04,10109655LANDROJ,2025-01-10,108711,1,20,0,263.0
10109655LANDROJ_2025-01-10_G05,10109655LANDROJ,2025-01-10,117832,1,12,0,251.0
10109655LANDROJ_2025-01-10_G06,10109655LANDROJ,2025-01-10,117809,1,122,0,2158.0
10109655LANDROJ_2025-01-10_G07,10109655LANDROJ,2025-01-10,111438,1,3,0,1704.0
10109655LANDROJ_2025-01-10_G08,10109655LANDROJ,2025-01-10,110895,1,4,0,63.0
10109655LANDROJ_2025-01-10_G09,10109655LANDROJ,2025-01-10,111441,1,2,0,67.0
10109655LANDROJ_2025-01-10_G10,10109655LANDROJ,2025-01-10,110755,1,8,0,296.0
10109655LANDROJ_2025-01-10_G11,10109655LANDROJ,2025-01-10,111569,1,4,0,510.0
10109655LANDROJ_2025-01-10_G12,10109655LANDROJ,2025-01-10,109747,1,6,0,199.0
10109655LANDROJ_2025-01-10_G13,10109655LANDROJ,2025-01-10,117808,1,25,0,340.0
10109655LANDROJ_2025-01-10_G14,10109655LANDROJ,2025-01-10,117820,1,10,0,98.0
10109655LANDROJ_2025-01-10_G15,10109655LANDROJ,2025-01-10,110374,1,4,0,147.0
10109655LANDROJ_2025-01-10_G16,10109655LANDROJ,2025-01-10,107830,1,8,0,156.0
10109655LANDROJ_2025-01-10_G17,10109655LANDROJ,2025-01-10,110372,1,10,0,147.0
10109655LANDROJ_2025-01-10_G18,10109655LANDROJ,2025-01-10,110375,1,12,0,332.0
10109655LANDROJ_2025-01-10_G19,10109655LANDROJ,2025-01-10,110371,1,12,0,174.0
10109655LANDROJ_2025-01-10_G20,10109655LANDROJ,2025-01-10,117830,2,8,10,100.0
10109655LANDROJ_2025-01-10_G22,10109655LANDROJ,2025-01-10,117855,1,6,0,428.0
10109655LANDROJ_2025-01-10_G23,10109655LANDROJ,2025-01-10,108772,1,4,0,129.0
10109655LANDROJ_2025-01-10_G24,10109655LANDROJ,2025-01-10,111463,1,13,0,182.0
10109655LANDROJ_2025-01-10_G25,10109655LANDROJ,2025-01-10,110371,1,1,0,455.0
10109655LANDROJ_2025-01-10_G26,10109655LANDROJ,2025-01-10,140922,1,4,0,96.0
10109655LANDROJ_2025-01-10_G27,10109655LANDROJ,2025-01-10,110515,1,8,0,138.0
10109655LANDROJ_2025-01-10_G28,10109655LANDROJ,2025-01-10,108711,1,16,0,189.0
10109655LANDROJ_2025-01-10_G29,10109655LANDROJ,2025-01-10,117965,1,30,0,544.0
10109655LANDROJ_2025-01-10_G30,10109655LANDROJ,2025-01-10,111861,1,2,0,538.0
10109655LANDROJ_2025-01-10_G31,10109655LANDROJ,2025-01-10,105359,1,2,0,91.0
10109655LANDROJ_2025-01-10_G32,10109655LANDROJ,2025-01-10,117830,1,3,0,31.0
10109655LANDROJ_2025-01-10_G33,10109655LANDROJ,2025-01-10,111530,1,4,0,337.0
10109655LANDROJ_2025-01-10_G34,10109655LANDROJ,2025-01-10,111530,1,8,0,110.0
10109655LANDROJ_2025-01-10_G35,10109655LANDROJ,2025-01-10,111602,1,8,0,1028.0
10109655LANDROJ_2025-01-10_G36,10109655LANDROJ,2025-01-10,110313,1,12,0,174.0
10109655LANDROJ_2025-01-10_G37,10109655LANDROJ,2025-01-10,111530,1,16,0,303.0
10109655LANDROJ_2025-01-10_G38,10109655LANDROJ,2025-01-10,111530,1,4,0,289.0
10109655LANDROJ_2025-01-10_G39,10109655LANDROJ,2025-01-10,110313,1,16,0,305.0
10109655LANDROJ_2025-01-10_G40,10109655LANDROJ,2025-01-10,111602,1,8,0,146.0
10109655LANDROJ_2025-01-10_G41,10109655LANDROJ,2025-01-10,140922,1,2,0,199.0
10109655LANDROJ_2025-01-10_G42,10109655LANDROJ,2025-01-10,108772,1,4,0,566.0
10109655LANDROJ_2025-01-10_G43,10109655LANDROJ,2025-01-10,117862,1,4,0,77.0
10109655LANDROJ_2025-01-10_G44,10109655LANDROJ,2025-01-10,117831,1,16,0,586.0
10109655LANDROJ_2025-01-10_G45,10109655LANDROJ,2025-01-10,108711,1,2,0,81.0
10109655LANDROJ_2025-01-10_G46,10109655LANDROJ,2025-01-10,111463,1,18,0,101.0
10109655LANDROJ_2025-01-10_G47,10109655LANDROJ,2025-01-10,"111532, 117831",2,6,16,514.0
10109655LANDROJ_2025-01-10_G48,10109655LANDROJ,2025-01-10,108711,2,9,7,217.0
10109655LANDROJ_2025-01-10_G49,10109655LANDROJ,2025-01-10,111463,1,37,0,404.0
10109655LANDROJ_2025-01-11_G02,10109655LANDROJ,2025-01-11,109640,1,50,0,864.0
10109655LANDROJ_2025-01-11_G03,10109655LANDROJ,2025-01-11,117861,1,90,0,521.0
10109655LANDROJ_2025-01-11_G04,10109655LANDROJ,2025-01-11,108772,1,30,0,379.0
10109655LANDROJ_2025-01-11_G05,10109655LANDROJ,2025-01-11,110733,1,58,0,383.0
10109655LANDROJ_2025-01-11_G06,10109655LANDROJ,2025-01-11,110711,1,90,0,576.0
10109655LANDROJ_2025-01-11_G07,10109655LANDROJ,2025-01-11,118299,1,750,0,1392.0
10109655LANDROJ_2025-01-14_G02,10109655LANDROJ,2025-01-14,108711,1,12,0,204.0
10109655LANDROJ_2025-01-14_G03,10109655LANDROJ,2025-01-14,108794,1,4,0,301.0
10109655LANDROJ_2025-01-14_G04,10109655LANDROJ,2025-01-14,117831,1,4,0,204.0
10109655LANDROJ_2025-01-14_G05,10109655LANDROJ,2025-01-14,110751,1,4,0,199.0
10109655LANDROJ_2025-01-14_G06,10109655LANDROJ,2025-01-14,111462,1,29,0,242.0
10109655LANDROJ_2025-01-14_G07,10109655LANDROJ,2025-01-14,107830,1,7,0,603.0
10109655LANDROJ_2025-01-14_G08,10109655LANDROJ,2025-01-14,117832,1,6,0,123.0
10109655LANDROJ_2025-01-14_G09,10109655LANDROJ,2025-01-14,117835,1,4,0,763.0
10109655LANDROJ_2025-01-14_G10,10109655LANDROJ,2025-01-14,110755,1,14,0,367.0
10109655LANDROJ_2025-01-14_G11,10109655LANDROJ,2025-01-14,111438,1,6,0,180.0
10109655LANDROJ_2025-01-14_G12,10109655LANDROJ,2025-01-14,110339,1,4,0,164.0
10109655LANDROJ_2025-01-14_G13,10109655LANDROJ,2025-01-14,109640,1,27,0,149.0
10109655LANDROJ_2025-01-14_G14,10109655LANDROJ,2025-01-14,109647,1,8,0,183.0
10109655LANDROJ_2025-01-14_G15,10109655LANDROJ,2025-01-14,141047,1,12,0,413.0
10109655LANDROJ_2025-01-14_G16,10109655LANDROJ,2025-01-14,111443,2,10,9,706.0
10109655LANDROJ_2025-01-14_G17,10109655LANDROJ,2025-01-14,111442,1,5,0,177.0
10109655LANDROJ_2025-01-14_G18,10109655LANDROJ,2025-01-14,110740,1,10,0,137.0
10109655LANDROJ_2025-01-14_G19,10109655LANDROJ,2025-01-14,111433,1,2,0,71.0
10109655LANDROJ_2025-01-14_G20,10109655LANDROJ,2025-01-14,110787,1,2,0,63.0
10109655LANDROJ_2025-01-14_G21,10109655LANDROJ,2025-01-14,109645,1,2,0,79.0
10109655LANDROJ_2025-01-14_G22,10109655LANDROJ,2025-01-14,110751,1,2,0,53.0
10109655LANDROJ_2025-01-14_G23,10109655LANDROJ,2025-01-14,140922,2,20,8,465.0
10109655LANDROJ_2025-01-14_G24,10109655LANDROJ,2025-01-14,117785,1,19,0,216.0
10109655LANDROJ_2025-01-14_G25,10109655LANDROJ,2025-01-14,111418,1,9,0,166.0
10109655LANDROJ_2025-01-14_G26,10109655LANDROJ,2025-01-14,111462,1,5,0,97.0
10109655LANDROJ_2025-01-14_G27,10109655LANDROJ,2025-01-14,117830,1,6,0,170.0
10109655LANDROJ_2025-01-14_G28,10109655LANDROJ,2025-01-14,117820,1,42,0,68.0
10109655LANDROJ_2025-01-14_G29,10109655LANDROJ,2025-01-14,110372,1,16,0,188.0
10109655LANDROJ_2025-01-14_G30,10109655LANDROJ,2025-01-14,118299,1,22,0,62.0
10109655LANDROJ_2025-01-14_G31,10109655LANDROJ,2025-01-14,117832,1,2,0,952.0
10109655LANDROJ_2025-01-14_G32,10109655LANDROJ,2025-01-14,110371,1,6,0,74.0
10109655LANDROJ_2025-01-14_G33,10109655LANDROJ,2025-01-14,117820,1,13,0,349.0
10109655LANDROJ_2025-01-14_G34,10109655LANDROJ,2025-01-14,"107830, 118299",2,9,11,90.0
10109655LANDROJ_2025-01-14_G35,10109655LANDROJ,2025-01-14,"117785, 111465",2,6,21,144.0
10109655LANDROJ_2025-01-14_G36,10109655LANDROJ,2025-01-14,111418,1,26,0,60.0
10109655LANDROJ_2025-01-14_G37,10109655LANDROJ,2025-01-14,111172,1,2,0,273.0
10109655LANDROJ_2025-01-14_G38,10109655LANDROJ,2025-01-14,108772,1,39,0,1759.0
10109655LANDROJ_2025-01-14_G39,10109655LANDROJ,2025-01-14,117862,1,73,0,743.0
10109655LANDROJ_2025-01-14_G41,10109655LANDROJ,2025-01-14,140922,1,60,0,438.0
10109655LANDROJ_2025-01-14_G42,10109655LANDROJ,2025-01-14,109747,1,80,0,558.0
10109655LANDROJ_2025-01-14_G43,10109655LANDROJ,2025-01-14,109643,1,52,0,432.0
10109655LANDROJ_2025-01-14_G44,10109655LANDROJ,2025-01-14,118298,1,82,0,344.0
10109655LANDROJ_2025-01-14_G45,10109655LANDROJ,2025-01-14,108772,1,60,0,357.0
10109655LANDROJ_2025-01-14_G46,10109655LANDROJ,2025-01-14,111850,1,55,0,908.0
10109655LANDROJ_2025-01-14_G47,10109655LANDROJ,2025-01-14,118416,1,32,0,694.0
10109655LANDROJ_2025-01-14_G48,10109655LANDROJ,2025-01-14,117856,1,34,0,476.0
10109655LANDROJ_2025-01-14_G49,10109655LANDROJ,2025-01-14,111876,1,33,0,429.0
10109655LANDROJ_2025-01-14_G50,10109655LANDROJ,2025-01-14,141047,1,42,0,103.0
10109655LANDROJ_2025-01-14_G51,10109655LANDROJ,2025-01-14,110733,1,60,0,855.0
10109655LANDROJ_2025-01-14_G52,10109655LANDROJ,2025-01-14,110711,1,100,0,422.0
10109655LANDROJ_2025-01-14_G53,10109655LANDROJ,2025-01-14,110332,1,33,0,653.0
10109655LANDROJ_2025-01-14_G54,10109655LANDROJ,2025-01-14,110787,1,100,0,326.0
10109655LANDROJ_2025-01-14_G55,10109655LANDROJ,2025-01-14,108795,1,60,0,547.0
10109655LANDROJ_2025-01-14_G56,10109655LANDROJ,2025-01-14,105705,1,39,0,581.0
10109655LANDROJ_2025-01-14_G57,10109655LANDROJ,2025-01-14,117821,1,82,0,744.0
10109655LANDROJ_2025-01-14_G58,10109655LANDROJ,2025-01-14,111468,1,45,0,508.0
10109655LANDROJ_2025-01-14_G59,10109655LANDROJ,2025-01-14,110313,1,100,0,736.0
10109655LANDROJ_2025-01-14_G60,10109655LANDROJ,2025-01-14,111467,1,100,0,337.0
10109655LANDROJ_2025-01-14_G61,10109655LANDROJ,2025-01-14,117861,1,10,0,1690.0
10109655LANDROJ_2025-01-15_G02,10109655LANDROJ,2025-01-15,109872,1,6,0,224.0
10109655LANDROJ_2025-01-15_G03,10109655LANDROJ,2025-01-15,110537,1,2,0,290.0
10109655LANDROJ_2025-01-15_G04,10109655LANDROJ,2025-01-15,110579,1,2,0,315.0
10109655LANDROJ_2025-01-15_G05,10109655LANDROJ,2025-01-15,111354,1,2,0,81.0
10109655LANDROJ_2025-01-15_G06,10109655LANDROJ,2025-01-15,110582,1,4,0,93.0
10109655LANDROJ_2025-01-15_G07,10109655LANDROJ,2025-01-15,118251,1,20,0,102.0
10109655LANDROJ_2025-01-15_G08,10109655LANDROJ,2025-01-15,108411,1,3,0,87.0
10109655LANDROJ_2025-01-15_G09,10109655LANDROJ,2025-01-15,109937,1,9,0,228.0
10109655LANDROJ_2025-01-15_G10,10109655LANDROJ,2025-01-15,111110,1,4,0,140.0
10109655LANDROJ_2025-01-15_G11,10109655LANDROJ,2025-01-15,118250,1,20,0,341.0
10109655LANDROJ_2025-01-15_G12,10109655LANDROJ,2025-01-15,110339,1,224,0,1452.0
10109655LANDROJ_2025-01-15_G13,10109655LANDROJ,2025-01-15,108772,1,60,0,1972.0
10109655LANDROJ_2025-01-15_G14,10109655LANDROJ,2025-01-15,110733,1,32,0,345.0
10109655LANDROJ_2025-01-15_G15,10109655LANDROJ,2025-01-15,117856,1,280,0,189.0
10109655LANDROJ_2025-01-15_G16,10109655LANDROJ,2025-01-15,117821,1,283,0,619.0
10109655LANDROJ_2025-01-15_G17,10109655LANDROJ,2025-01-15,118285,1,40,0,549.0
10109655LANDROJ_2025-01-15_G18,10109655LANDROJ,2025-01-15,111465,1,221,0,864.0
10109655LANDROJ_2025-01-15_G21,10109655LANDROJ,2025-01-15,117808,1,7,0,128.0
10109655LANDROJ_2025-01-15_G22,10109655LANDROJ,2025-01-15,110371,1,2,0,105.0
10109655LANDROJ_2025-01-15_G23,10109655LANDROJ,2025-01-15,140922,1,1,0,200.0
10109655LANDROJ_2025-01-15_G24,10109655LANDROJ,2025-01-15,118299,1,8,0,528.0
10109655LANDROJ_2025-01-15_G25,10109655LANDROJ,2025-01-15,110371,1,2,0,96.0
10109655LANDROJ_2025-01-15_G26,10109655LANDROJ,2025-01-15,140922,1,4,0,537.0
10109655LANDROJ_2025-01-15_G27,10109655LANDROJ,2025-01-15,117785,1,8,0,515.0
10109655LANDROJ_2025-01-15_G28,10109655LANDROJ,2025-01-15,140922,1,4,0,88.0
10109655LANDROJ_2025-01-15_G29,10109655LANDROJ,2025-01-15,108795,1,4,0,77.0
10109655LANDROJ_2025-01-15_G30,10109655LANDROJ,2025-01-15,118299,1,20,0,184.0
10109655LANDROJ_2025-01-15_G31,10109655LANDROJ,2025-01-15,111330,1,12,0,949.0
10109655LANDROJ_2025-01-15_G32,10109655LANDROJ,2025-01-15,118222,1,2,0,1215.0
10109655LANDROJ_2025-01-15_G33,10109655LANDROJ,2025-01-15,100334,1,4,0,97.0
10109655LANDROJ_2025-01-15_G34,10109655LANDROJ,2025-01-15,110755,1,9,0,365.0
10109655LANDROJ_2025-01-15_G35,10109655LANDROJ,2025-01-15,111438,1,6,0,106.0
10109655LANDROJ_2025-01-15_G36,10109655LANDROJ,2025-01-15,110742,1,18,0,385.0
10109655LANDROJ_2025-01-15_G37,10109655LANDROJ,2025-01-15,109937,1,4,0,111.0
10109655LANDROJ_2025-01-15_G38,10109655LANDROJ,2025-01-15,110747,1,12,0,604.0
10109655LANDROJ_2025-01-15_G39,10109655LANDROJ,2025-01-15,111443,1,6,0,199.0
10109655LANDROJ_2025-01-15_G40,10109655LANDROJ,2025-01-15,140922,1,30,0,248.0
10109655LANDROJ_2025-01-15_G41,10109655LANDROJ,2025-01-15,108798,1,4,0,179.0
10109655LANDROJ_2025-01-15_G42,10109655LANDROJ,2025-01-15,108795,1,14,0,136.0
10109655LANDROJ_2025-01-15_G43,10109655LANDROJ,2025-01-15,111418,1,424,0,1688.0
10109655LANDROJ_2025-01-16_G02,10109655LANDROJ,2025-01-16,117786,1,20,0,187.0
10109655LANDROJ_2025-01-16_G03,10109655LANDROJ,2025-01-16,109647,1,4,0,71.0
10109655LANDROJ_2025-01-16_G04,10109655LANDROJ,2025-01-16,105242,1,2,0,101.0
10109655LANDROJ_2025-01-16_G05,10109655LANDROJ,2025-01-16,141047,1,24,0,109.0
10109655LANDROJ_2025-01-16_G06,10109655LANDROJ,2025-01-16,101217,1,4,0,364.0
10109655LANDROJ_2025-01-16_G07,10109655LANDROJ,2025-01-16,117788,1,15,0,163.0
10109655LANDROJ_2025-01-16_G08,10109655LANDROJ,2025-01-16,110711,1,3,0,99.0
10109655LANDROJ_2025-01-16_G09,10109655LANDROJ,2025-01-16,108361,1,4,0,165.0
10109655LANDROJ_2025-01-16_G10,10109655LANDROJ,2025-01-16,118403,1,32,0,134.0
10109655LANDROJ_2025-01-16_G11,10109655LANDROJ,2025-01-16,110313,1,31,0,570.0
10109655LANDROJ_2025-01-16_G12,10109655LANDROJ,2025-01-16,110752,1,12,0,819.0
10109655LANDROJ_2025-01-16_G13,10109655LANDROJ,2025-01-16,110753,1,4,0,152.0
10109655LANDROJ_2025-01-16_G14,10109655LANDROJ,2025-01-16,118299,1,160,0,715.0
10109655LANDROJ_2025-01-16_G15,10109655LANDROJ,2025-01-16,117820,1,200,0,388.0
10109655LANDROJ_2025-01-16_G16,10109655LANDROJ,2025-01-16,117832,1,40,0,1264.0
10109655LANDROJ_2025-01-16_G17,10109655LANDROJ,2025-01-16,109643,1,15,0,178.0
10109655LANDROJ_2025-01-16_G18,10109655LANDROJ,2025-01-16,110375,1,23,0,212.0
10109655LANDROJ_2025-01-16_G19,10109655LANDROJ,2025-01-16,110372,1,165,0,527.0
10109655LANDROJ_2025-01-16_G20,10109655LANDROJ,2025-01-16,111602,1,11,0,975.0
10109655LANDROJ_2025-01-16_G21,10109655LANDROJ,2025-01-16,111443,1,2,0,105.0
10109655LANDROJ_2025-01-16_G22,10109655LANDROJ,2025-01-16,118140,1,2,0,68.0
10109655LANDROJ_2025-01-16_G23,10109655LANDROJ,2025-01-16,111418,1,2,0,160.0
10109655LANDROJ_2025-01-16_G24,10109655LANDROJ,2025-01-16,111463,1,2,0,73.0
10109655LANDROJ_2025-01-16_G25,10109655LANDROJ,2025-01-16,118299,1,17,0,210.0
10109655LANDROJ_2025-01-16_G26,10109655LANDROJ,2025-01-16,117808,1,33,0,303.0
10109655LANDROJ_2025-01-16_G27,10109655LANDROJ,2025-01-16,110372,1,2,0,102.0
10109655LANDROJ_2025-01-16_G28,10109655LANDROJ,2025-01-16,160053,1,10,0,339.0
10109655LANDROJ_2025-01-16_G29,10109655LANDROJ,2025-01-16,111465,1,4,0,310.0
10109655LANDROJ_2025-01-16_G30,10109655LANDROJ,2025-01-16,117862,1,1,0,69.0
10109655LANDROJ_2025-01-16_G31,10109655LANDROJ,2025-01-16,118140,1,5,0,117.0
10109655LANDROJ_2025-01-16_G32,10109655LANDROJ,2025-01-16,140922,1,3,0,110.0
10109655LANDROJ_2025-01-16_G33,10109655LANDROJ,2025-01-16,110740,1,4,0,143.0
10109655LANDROJ_2025-01-16_G34,10109655LANDROJ,2025-01-16,117831,3,14,17,110.0
10109655LANDROJ_2025-01-16_G35,10109655LANDROJ,2025-01-16,109645,2,5,9,394.0
10109655LANDROJ_2025-01-16_G36,10109655LANDROJ,2025-01-16,108711,1,2,0,143.0
10109655LANDROJ_2025-01-16_G37,10109655LANDROJ,2025-01-16,111463,4,33,27,378.0
10109655LANDROJ_2025-01-16_G38,10109655LANDROJ,2025-01-16,118299,1,13,0,546.0
10109655LANDROJ_2025-01-16_G39,10109655LANDROJ,2025-01-16,117830,2,6,7,81.0
10109655LANDROJ_2025-01-16_G40,10109655LANDROJ,2025-01-16,117820,4,23,21,145.0
10109655LANDROJ_2025-01-16_G41,10109655LANDROJ,2025-01-16,117832,3,8,17,147.0
10109655LANDROJ_2025-01-16_G42,10109655LANDROJ,2025-01-16,117808,5,26,26,120.0
10109655LANDROJ_2025-01-16_G43,10109655LANDROJ,2025-01-16,117809,2,3,9,160.0
10109655LANDROJ_2025-01-16_G44,10109655LANDROJ,2025-01-16,118140,1,2,0,462.0
10109655LANDROJ_2025-01-16_G45,10109655LANDROJ,2025-01-16,140922,1,6,0,119.0
10109655LANDROJ_2025-01-16_G46,10109655LANDROJ,2025-01-16,140922,1,1,0,48.0
10109655LANDROJ_2025-01-16_G47,10109655LANDROJ,2025-01-16,118299,1,32,0,243.0
10109655LANDROJ_2025-01-16_G48,10109655LANDROJ,2025-01-16,117808,1,10,0,61.0
10109655LANDROJ_2025-01-16_G49,10109655LANDROJ,2025-01-16,111602,1,2,0,143.0
10109655LANDROJ_2025-01-16_G50,10109655LANDROJ,2025-01-16,110733,1,8,0,158.0
10109655LANDROJ_2025-01-16_G51,10109655LANDROJ,2025-01-16,108711,1,6,0,123.0
10109655LANDROJ_2025-01-16_G53,10109655LANDROJ,2025-01-16,111569,3,28,41,514.0
10109655LANDROJ_2025-01-16_G54,10109655LANDROJ,2025-01-16,111438,1,80,0,862.0
10109655LANDROJ_2025-01-16_G55,10109655LANDROJ,2025-01-16,108770,1,16,0,199.0
10109655LANDROJ_2025-01-16_G56,10109655LANDROJ,2025-01-16,110747,1,12,0,366.0
10109655LANDROJ_2025-01-16_G57,10109655LANDROJ,2025-01-16,109649,1,8,0,992.0
10109655LANDROJ_2025-01-16_G58,10109655LANDROJ,2025-01-16,108354,1,16,0,559.0
10109655LANDROJ_2025-01-16_G59,10109655LANDROJ,2025-01-16,111182,1,16,0,273.0
10109655LANDROJ_2025-01-16_G60,10109655LANDROJ,2025-01-16,111330,1,8,0,133.0
10109655LANDROJ_2025-01-16_G61,10109655LANDROJ,2025-01-16,109141,1,20,0,713.0
10109655LANDROJ_2025-01-16_G62,10109655LANDROJ,2025-01-16,111443,1,12,0,360.0
10109655LANDROJ_2025-01-16_G63,10109655LANDROJ,2025-01-16,107236,1,12,0,175.0
10109655LANDROJ_2025-01-16_G64,10109655LANDROJ,2025-01-16,110740,1,12,0,158.0
10109655LANDROJ_2025-01-16_G65,10109655LANDROJ,2025-01-16,110787,1,36,0,109.0
10109655LANDROJ_2025-01-16_G66,10109655LANDROJ,2025-01-16,116241,1,20,0,303.0
10109655LANDROJ_2025-01-16_G67,10109655LANDROJ,2025-01-16,108711,1,20,0,170.0
10109655LANDROJ_2025-01-16_G68,10109655LANDROJ,2025-01-16,111465,1,16,0,388.0
10109655LANDROJ_2025-01-16_G69,10109655LANDROJ,2025-01-16,111418,1,21,0,124.0
10109655LANDROJ_2025-01-16_G70,10109655LANDROJ,2025-01-16,111418,1,29,0,157.0
10109655LANDROJ_2025-01-17_G02,10109655LANDROJ,2025-01-17,100334,1,6,0,358.0
10109655LANDROJ_2025-01-17_G03,10109655LANDROJ,2025-01-17,100334,1,4,0,62.0
10109655LANDROJ_2025-01-17_G04,10109655LANDROJ,2025-01-17,111441,1,2,0,78.0
10109655LANDROJ_2025-01-17_G05,10109655LANDROJ,2025-01-17,110339,1,1,0,135.0
10109655LANDROJ_2025-01-17_G06,10109655LANDROJ,2025-01-17,111530,1,11,0,197.0
10109655LANDROJ_2025-01-17_G07,10109655LANDROJ,2025-01-17,141047,1,3,0,208.0
10109655LANDROJ_2025-01-17_G08,10109655LANDROJ,2025-01-17,110711,1,1,0,97.0
10109655LANDROJ_2025-01-17_G09,10109655LANDROJ,2025-01-17,110787,1,8,0,661.0
10109655LANDROJ_2025-01-17_G10,10109655LANDROJ,2025-01-17,117831,1,4,0,98.0
10109655LANDROJ_2025-01-17_G11,10109655LANDROJ,2025-01-17,111443,1,4,0,51.0
10109655LANDROJ_2025-01-17_G12,10109655LANDROJ,2025-01-17,117808,1,10,0,143.0
10109655LANDROJ_2025-01-17_G13,10109655LANDROJ,2025-01-17,110372,1,20,0,609.0
10109655LANDROJ_2025-01-17_G14,10109655LANDROJ,2025-01-17,117862,1,4,0,398.0
10109655LANDROJ_2025-01-17_G15,10109655LANDROJ,2025-01-17,118140,1,6,0,194.0
10109655LANDROJ_2025-01-17_G16,10109655LANDROJ,2025-01-17,117830,1,5,0,131.0
10109655LANDROJ_2025-01-17_G17,10109655LANDROJ,2025-01-17,117832,1,4,0,540.0
10109655LANDROJ_2025-01-17_G18,10109655LANDROJ,2025-01-17,110372,1,17,0,330.0
10109655LANDROJ_2025-01-17_G19,10109655LANDROJ,2025-01-17,117808,1,37,0,227.0
10109655LANDROJ_2025-01-17_G20,10109655LANDROJ,2025-01-17,110371,1,2,0,89.0
10109655LANDROJ_2025-01-17_G21,10109655LANDROJ,2025-01-17,111530,1,6,0,343.0
10109655LANDROJ_2025-01-17_G22,10109655LANDROJ,2025-01-17,117786,1,3,0,115.0
10109655LANDROJ_2025-01-17_G23,10109655LANDROJ,2025-01-17,118140,1,3,0,125.0
10109655LANDROJ_2025-01-17_G24,10109655LANDROJ,2025-01-17,110787,1,5,0,294.0
10109655LANDROJ_2025-01-17_G25,10109655LANDROJ,2025-01-17,117831,1,2,0,63.0
10109655LANDROJ_2025-01-17_G26,10109655LANDROJ,2025-01-17,108711,1,2,0,63.0
10109655LANDROJ_2025-01-17_G27,10109655LANDROJ,2025-01-17,111465,1,1,0,95.0
10109655LANDROJ_2025-01-17_G28,10109655LANDROJ,2025-01-17,110742,1,20,0,955.0
10109655LANDROJ_2025-01-17_G29,10109655LANDROJ,2025-01-17,110747,1,9,0,288.0
10109655LANDROJ_2025-01-17_G30,10109655LANDROJ,2025-01-17,108361,1,10,0,204.0
10109655LANDROJ_2025-01-17_G31,10109655LANDROJ,2025-01-17,109647,1,30,0,665.0
10109655LANDROJ_2025-01-17_G32,10109655LANDROJ,2025-01-17,118298,1,12,0,402.0
10109655LANDROJ_2025-01-17_G33,10109655LANDROJ,2025-01-17,108772,1,6,0,158.0
10109655LANDROJ_2025-01-17_G34,10109655LANDROJ,2025-01-17,118299,1,200,0,609.0
10109655LANDROJ_2025-01-17_G35,10109655LANDROJ,2025-01-17,117830,1,45,0,847.0
10109655LANDROJ_2025-01-17_G36,10109655LANDROJ,2025-01-17,110372,1,240,0,160.0
10109655LANDROJ_2025-01-17_G37,10109655LANDROJ,2025-01-17,109643,1,65,0,304.0
10109655LANDROJ_2025-01-17_G38,10109655LANDROJ,2025-01-17,117809,1,100,0,106.0
10109655LANDROJ_2025-01-17_G39,10109655LANDROJ,2025-01-17,110375,1,75,0,976.0
10109655LANDROJ_2025-01-17_G40,10109655LANDROJ,2025-01-17,110371,1,72,0,183.0
10109655LANDROJ_2025-01-17_G41,10109655LANDROJ,2025-01-17,110371,1,300,0,142.0
10109655LANDROJ_2025-01-17_G43,10109655LANDROJ,2025-01-17,110339,1,4,0,382.0
10109655LANDROJ_2025-01-17_G44,10109655LANDROJ,2025-01-17,110313,1,4,0,125.0
10109655LANDROJ_2025-01-17_G45,10109655LANDROJ,2025-01-17,111530,1,4,0,95.0
10109655LANDROJ_2025-01-17_G46,10109655LANDROJ,2025-01-17,109643,1,6,0,556.0
10109655LANDROJ_2025-01-17_G47,10109655LANDROJ,2025-01-17,160053,1,1,0,102.0
10109655LANDROJ_2025-01-17_G48,10109655LANDROJ,2025-01-17,140911,1,4,0,151.0
10109655LANDROJ_2025-01-17_G49,10109655LANDROJ,2025-01-17,140922,1,3,0,136.0
10109655LANDROJ_2025-01-17_G50,10109655LANDROJ,2025-01-17,117785,1,7,0,154.0
10109655LANDROJ_2025-01-17_G51,10109655LANDROJ,2025-01-17,118299,1,100,0,701.0
10109655LANDROJ_2025-01-17_G52,10109655LANDROJ,2025-01-17,111569,1,32,0,967.0
10109655LANDROJ_2025-01-17_G53,10109655LANDROJ,2025-01-17,111530,1,114,0,1199.0
10109655LANDROJ_2025-01-17_G54,10109655LANDROJ,2025-01-17,111752,1,270,0,945.0
10109655LANDROJ_2025-01-17_G55,10109655LANDROJ,2025-01-17,111435,1,38,0,570.0
10109655LANDROJ_2025-01-17_G56,10109655LANDROJ,2025-01-17,111468,1,19,0,563.0
10109655LANDROJ_2025-01-17_G57,10109655LANDROJ,2025-01-17,109640,1,60,0,524.0
10109655LANDROJ_2025-01-17_G58,10109655LANDROJ,2025-01-17,109640,1,40,0,46.0
10109655LANDROJ_2025-01-17_G59,10109655LANDROJ,2025-01-17,109640,1,20,0,636.0
10109655LANDROJ_2025-01-17_G60,10109655LANDROJ,2025-01-17,109641,1,60,0,535.0
10109655LANDROJ_2025-01-18_G02,10109655LANDROJ,2025-01-18,118229,1,2,0,55.0
10109655LANDROJ_2025-01-18_G03,10109655LANDROJ,2025-01-18,109933,1,8,0,148.0
10109655LANDROJ_2025-01-18_G04,10109655LANDROJ,2025-01-18,140911,1,12,0,408.0
10109655LANDROJ_2025-01-18_G05,10109655LANDROJ,2025-01-18,111655,1,40,0,98.0
10109655LANDROJ_2025-01-18_G06,10109655LANDROJ,2025-01-18,111438,1,100,0,269.0
10109655LANDROJ_2025-01-18_G07,10109655LANDROJ,2025-01-18,115775,1,8,0,1648.0
10109655LANDROJ_2025-01-18_G08,10109655LANDROJ,2025-01-18,111430,1,20,0,131.0
10109655LANDROJ_2025-01-18_G09,10109655LANDROJ,2025-01-18,110747,1,60,0,593.0
10109655LANDROJ_2025-01-18_G10,10109655LANDROJ,2025-01-18,111876,1,32,0,1305.0
10109655LANDROJ_2025-01-18_G11,10109655LANDROJ,2025-01-18,110743,1,100,0,683.0
10109655LANDROJ_2025-01-18_G12,10109655LANDROJ,2025-01-18,116241,1,19,0,1220.0
10109655LANDROJ_2025-01-18_G13,10109655LANDROJ,2025-01-18,117838,1,120,0,106.0
10109655LANDROJ_2025-01-20_G02,10109655LANDROJ,2025-01-20,110756,1,2,0,140.0
10109655LANDROJ_2025-01-20_G03,10109655LANDROJ,2025-01-20,110313,1,12,0,181.0
10109655LANDROJ_2025-01-20_G04,10109655LANDROJ,2025-01-20,111439,1,4,0,72.0
10109655LANDROJ_2025-01-20_G05,10109655LANDROJ,2025-01-20,110752,1,2,0,89.0
10109655LANDROJ_2025-01-20_G06,10109655LANDROJ,2025-01-20,111530,1,153,0,669.0
10109655LANDROJ_2025-01-20_G07,10109655LANDROJ,2025-01-20,117855,1,59,0,274.0
10109655LANDROJ_2025-01-20_G08,10109655LANDROJ,2025-01-20,118094,1,11,0,594.0
10109655LANDROJ_2025-01-20_G09,10109655LANDROJ,2025-01-20,111876,1,6,0,174.0
10109655LANDROJ_2025-01-20_G10,10109655LANDROJ,2025-01-20,105242,1,2,0,145.0
10109655LANDROJ_2025-01-20_G11,10109655LANDROJ,2025-01-20,117786,1,28,0,356.0
10109655LANDROJ_2025-01-20_G12,10109655LANDROJ,2025-01-20,110711,1,20,0,259.0
10109655LANDROJ_2025-01-20_G13,10109655LANDROJ,2025-01-20,117862,1,24,0,383.0
10109655LANDROJ_2025-01-20_G14,10109655LANDROJ,2025-01-20,117856,1,8,0,73.0
10109655LANDROJ_2025-01-20_G15,10109655LANDROJ,2025-01-20,109747,1,9,0,284.0
10109655LANDROJ_2025-01-20_G16,10109655LANDROJ,2025-01-20,110371,1,9,0,186.0
10109655LANDROJ_2025-01-20_G17,10109655LANDROJ,2025-01-20,117820,1,204,0,382.0
10109655LANDROJ_2025-01-20_G18,10109655LANDROJ,2025-01-20,107830,1,8,0,139.0
10109655LANDROJ_2025-01-20_G19,10109655LANDROJ,2025-01-20,117830,1,105,0,601.0
10109655LANDROJ_2025-01-20_G20,10109655LANDROJ,2025-01-20,109643,1,8,0,114.0
10109655LANDROJ_2025-01-20_G21,10109655LANDROJ,2025-01-20,117809,1,5,0,56.0
10109655LANDROJ_2025-01-20_G22,10109655LANDROJ,2025-01-20,111463,1,60,0,533.0
10109655LANDROJ_2025-01-20_G23,10109655LANDROJ,2025-01-20,108361,1,5,0,1186.0
10109655LANDROJ_2025-01-20_G24,10109655LANDROJ,2025-01-20,141035,1,12,0,126.0
10109655LANDROJ_2025-01-20_G25,10109655LANDROJ,2025-01-20,110756,1,12,0,294.0
10109655LANDROJ_2025-01-20_G26,10109655LANDROJ,2025-01-20,110313,1,140,0,768.0
10109655LANDROJ_2025-01-20_G27,10109655LANDROJ,2025-01-20,111467,1,1,0,66.0
10109655LANDROJ_2025-01-20_G28,10109655LANDROJ,2025-01-20,118322,1,8,0,768.0
10109655LANDROJ_2025-01-20_G29,10109655LANDROJ,2025-01-20,118094,1,400,0,278.0
10109655LANDROJ_2025-01-20_G30,10109655LANDROJ,2025-01-20,141047,1,140,0,1255.0
10109655LANDROJ_2025-01-20_G31,10109655LANDROJ,2025-01-20,106860,1,8,0,142.0
10109655LANDROJ_2025-01-20_G32,10109655LANDROJ,2025-01-20,109647,1,71,0,168.0
10109655LANDROJ_2025-01-20_G34,10109655LANDROJ,2025-01-20,111530,1,20,0,184.0
10109655LANDROJ_2025-01-20_G35,10109655LANDROJ,2025-01-20,111530,1,70,0,201.0
10109655LANDROJ_2025-01-20_G36,10109655LANDROJ,2025-01-20,117855,1,40,0,523.0
10109655LANDROJ_2025-01-20_G37,10109655LANDROJ,2025-01-20,110515,2,120,20,284.0
10109655LANDROJ_2025-01-20_G38,10109655LANDROJ,2025-01-20,111182,1,9,0,434.0
10109655LANDROJ_2025-01-20_G39,10109655LANDROJ,2025-01-20,111330,1,4,0,78.0
10109655LANDROJ_2025-01-20_G40,10109655LANDROJ,2025-01-20,118140,1,6,0,105.0
10109655LANDROJ_2025-01-20_G41,10109655LANDROJ,2025-01-20,140922,1,40,0,790.0
10109655LANDROJ_2025-01-20_G42,10109655LANDROJ,2025-01-20,111442,1,4,0,195.0
10109655LANDROJ_2025-01-20_G43,10109655LANDROJ,2025-01-20,110740,1,40,0,377.0
10109655LANDROJ_2025-01-20_G44,10109655LANDROJ,2025-01-20,110745,1,26,0,506.0
10109655LANDROJ_2025-01-20_G45,10109655LANDROJ,2025-01-20,110745,1,17,0,114.0
10109655LANDROJ_2025-01-20_G46,10109655LANDROJ,2025-01-20,116241,1,6,0,285.0
10109655LANDROJ_2025-01-20_G47,10109655LANDROJ,2025-01-20,105705,1,12,0,346.0
10109655LANDROJ_2025-01-20_G48,10109655LANDROJ,2025-01-20,111465,1,24,0,219.0
10109655LANDROJ_2025-01-20_G49,10109655LANDROJ,2025-01-20,111463,1,120,0,616.0
10109655LANDROJ_2025-01-20_G50,10109655LANDROJ,2025-01-20,117820,1,200,0,420.0
10109655LANDROJ_2025-01-20_G51,10109655LANDROJ,2025-01-20,109643,1,15,0,497.0
10109655LANDROJ_2025-01-20_G52,10109655LANDROJ,2025-01-20,110375,1,23,0,153.0
10109655LANDROJ_2025-01-20_G53,10109655LANDROJ,2025-01-20,118222,1,30,0,1142.0
10109655LANDROJ_2025-01-20_G54,10109655LANDROJ,2025-01-20,118403,1,20,0,349.0
10109655LANDROJ_2025-01-20_G55,10109655LANDROJ,2025-01-20,111602,1,70,0,144.0
10109655LANDROJ_2025-01-20_G56,10109655LANDROJ,2025-01-20,117862,1,20,0,453.0
10109655LANDROJ_2025-01-20_G57,10109655LANDROJ,2025-01-20,110373,1,405,0,1814.0
10109655LANDROJ_2025-01-21_G02,10109655LANDROJ,2025-01-21,109640,1,3,0,126.0
10109655LANDROJ_2025-01-21_G03,10109655LANDROJ,2025-01-21,141047,1,3,0,135.0
10109655LANDROJ_2025-01-21_G04,10109655LANDROJ,2025-01-21,117855,1,10,0,126.0
10109655LANDROJ_2025-01-21_G05,10109655LANDROJ,2025-01-21,107236,1,2,0,94.0
10109655LANDROJ_2025-01-21_G06,10109655LANDROJ,2025-01-21,109641,2,8,15,76.0
10109655LANDROJ_2025-01-21_G07,10109655LANDROJ,2025-01-21,118004,1,1,0,149.0
10109655LANDROJ_2025-01-21_G08,10109655LANDROJ,2025-01-21,118004,1,1,0,445.0
10109655LANDROJ_2025-01-21_G09,10109655LANDROJ,2025-01-21,110374,1,2,0,85.0
10109655LANDROJ_2025-01-21_G10,10109655LANDROJ,2025-01-21,110339,1,4,0,366.0
10109655LANDROJ_2025-01-21_G11,10109655LANDROJ,2025-01-21,111602,1,3,0,140.0
10109655LANDROJ_2025-01-21_G12,10109655LANDROJ,2025-01-21,110711,1,4,0,118.0
10109655LANDROJ_2025-01-21_G13,10109655LANDROJ,2025-01-21,110374,1,12,0,171.0
10109655LANDROJ_2025-01-21_G14,10109655LANDROJ,2025-01-21,110787,1,8,0,187.0
10109655LANDROJ_2025-01-21_G15,10109655LANDROJ,2025-01-21,117855,1,4,0,390.0
10109655LANDROJ_2025-01-21_G16,10109655LANDROJ,2025-01-21,111442,1,4,0,145.0
10109655LANDROJ_2025-01-21_G17,10109655LANDROJ,2025-01-21,108794,1,3,0,109.0
10109655LANDROJ_2025-01-21_G18,10109655LANDROJ,2025-01-21,111463,1,4,0,134.0
10109655LANDROJ_2025-01-21_G19,10109655LANDROJ,2025-01-21,110373,1,42,0,149.0
10109655LANDROJ_2025-01-21_G20,10109655LANDROJ,2025-01-21,118222,1,4,0,138.0
10109655LANDROJ_2025-01-21_G21,10109655LANDROJ,2025-01-21,110895,1,3,0,200.0
10109655LANDROJ_2025-01-21_G22,10109655LANDROJ,2025-01-21,111602,1,10,0,637.0
10109655LANDROJ_2025-01-21_G23,10109655LANDROJ,2025-01-21,118140,1,9,0,133.0
10109655LANDROJ_2025-01-21_G24,10109655LANDROJ,2025-01-21,108798,1,3,0,151.0
10109655LANDROJ_2025-01-21_G25,10109655LANDROJ,2025-01-21,111463,1,1,0,82.0
10109655LANDROJ_2025-01-21_G26,10109655LANDROJ,2025-01-21,110376,1,4,0,129.0
10109655LANDROJ_2025-01-21_G27,10109655LANDROJ,2025-01-21,111442,1,34,0,557.0
10109655LANDROJ_2025-01-21_G28,10109655LANDROJ,2025-01-21,110313,1,2,0,661.0
10109655LANDROJ_2025-01-21_G29,10109655LANDROJ,2025-01-21,111467,1,4,0,64.0
10109655LANDROJ_2025-01-21_G30,10109655LANDROJ,2025-01-21,117855,1,2,0,40.0
10109655LANDROJ_2025-01-21_G31,10109655LANDROJ,2025-01-21,118094,1,2,0,87.0
10109655LANDROJ_2025-01-21_G32,10109655LANDROJ,2025-01-21,117862,1,4,0,125.0
10109655LANDROJ_2025-01-21_G33,10109655LANDROJ,2025-01-21,117821,1,4,0,194.0
10109655LANDROJ_2025-01-21_G34,10109655LANDROJ,2025-01-21,111466,2,10,8,164.0
10109655LANDROJ_2025-01-21_G35,10109655LANDROJ,2025-01-21,111442,1,8,0,172.0
10109655LANDROJ_2025-01-21_G36,10109655LANDROJ,2025-01-21,109645,1,1,0,120.0
10109655LANDROJ_2025-01-21_G37,10109655LANDROJ,2025-01-21,109645,1,1,0,105.0
10109655LANDROJ_2025-01-21_G38,10109655LANDROJ,2025-01-21,111348,1,4,0,134.0
10109655LANDROJ_2025-01-21_G39,10109655LANDROJ,2025-01-21,108711,1,2,0,55.0
10109655LANDROJ_2025-01-21_G40,10109655LANDROJ,2025-01-21,111418,1,7,0,104.0
10109655LANDROJ_2025-01-21_G41,10109655LANDROJ,2025-01-21,111463,1,6,0,69.0
10109655LANDROJ_2025-01-21_G42,10109655LANDROJ,2025-01-21,117808,1,20,0,223.0
10109655LANDROJ_2025-01-21_G43,10109655LANDROJ,2025-01-21,"117820, 107830",3,12,29,77.0
10109655LANDROJ_2025-01-21_G44,10109655LANDROJ,2025-01-21,111466,1,4,0,187.0
10109655LANDROJ_2025-01-21_G45,10109655LANDROJ,2025-01-21,111530,1,20,0,135.0
10109655LANDROJ_2025-01-21_G46,10109655LANDROJ,2025-01-21,111660,1,7,0,188.0
10109655LANDROJ_2025-01-21_G47,10109655LANDROJ,2025-01-21,110030,1,1,0,242.0
10109655LANDROJ_2025-01-21_G48,10109655LANDROJ,2025-01-21,100334,1,10,0,149.0
10109655LANDROJ_2025-01-21_G49,10109655LANDROJ,2025-01-21,108711,1,4,0,377.0
10109655LANDROJ_2025-01-21_G50,10109655LANDROJ,2025-01-21,141035,1,1,0,816.0
10109655LANDROJ_2025-01-21_G51,10109655LANDROJ,2025-01-21,110339,1,30,0,117.0
10109655LANDROJ_2025-01-21_G52,10109655LANDROJ,2025-01-21,110752,1,5,0,127.0
10109655LANDROJ_2025-01-21_G53,10109655LANDROJ,2025-01-21,110753,1,8,0,219.0
10109655LANDROJ_2025-01-21_G54,10109655LANDROJ,2025-01-21,111530,1,12,0,89.0
10109655LANDROJ_2025-01-21_G55,10109655LANDROJ,2025-01-21,118094,1,20,0,313.0
10109655LANDROJ_2025-01-21_G56,10109655LANDROJ,2025-01-21,117965,1,30,0,161.0
10109655LANDROJ_2025-01-21_G57,10109655LANDROJ,2025-01-21,141047,1,5,0,130.0
10109655LANDROJ_2025-01-21_G58,10109655LANDROJ,2025-01-21,101217,1,7,0,79.0
10109655LANDROJ_2025-01-21_G59,10109655LANDROJ,2025-01-21,117788,1,1,0,63.0
10109655LANDROJ_2025-01-21_G60,10109655LANDROJ,2025-01-21,111351,1,8,0,157.0
10109655LANDROJ_2025-01-21_G61,10109655LANDROJ,2025-01-21,110711,1,40,0,170.0
10109655LANDROJ_2025-01-21_G62,10109655LANDROJ,2025-01-21,117809,1,20,0,1110.0
10109655LANDROJ_2025-01-21_G63,10109655LANDROJ,2025-01-21,"117820, 107830",2,69,14,72.0
10109655LANDROJ_2025-01-21_G64,10109655LANDROJ,2025-01-21,117830,1,30,0,569.0
10109655LANDROJ_2025-01-21_G65,10109655LANDROJ,2025-01-21,110376,1,14,0,265.0
10109655LANDROJ_2025-01-21_G66,10109655LANDROJ,2025-01-21,114091,1,4,0,80.0
10109655LANDROJ_2025-01-21_G67,10109655LANDROJ,2025-01-21,110375,1,8,0,85.0
10109655LANDROJ_2025-01-21_G69,10109655LANDROJ,2025-01-21,111444,1,4,0,146.0
10109655LANDROJ_2025-01-21_G70,10109655LANDROJ,2025-01-21,118004,1,4,0,114.0
10109655LANDROJ_2025-01-21_G71,10109655LANDROJ,2025-01-21,111466,1,12,0,125.0
10109655LANDROJ_2025-01-21_G72,10109655LANDROJ,2025-01-21,111348,1,4,0,173.0
10109655LANDROJ_2025-01-21_G73,10109655LANDROJ,2025-01-21,111655,1,2,0,148.0
10109655LANDROJ_2025-01-21_G74,10109655LANDROJ,2025-01-21,118299,1,7,0,83.0
10109655LANDROJ_2025-01-21_G75,10109655LANDROJ,2025-01-21,110374,1,3,0,94.0
10109655LANDROJ_2025-01-21_G76,10109655LANDROJ,2025-01-21,111462,1,1,0,203.0
10109655LANDROJ_2025-01-21_G77,10109655LANDROJ,2025-01-21,111850,1,4,0,166.0
10109655LANDROJ_2025-01-21_G78,10109655LANDROJ,2025-01-21,111569,1,16,0,600.0
10109655LANDROJ_2025-01-21_G79,10109655LANDROJ,2025-01-21,111444,1,4,0,401.0
10109655LANDROJ_2025-01-21_G80,10109655LANDROJ,2025-01-21,110374,1,4,0,224.0
10109655LANDROJ_2025-01-21_G81,10109655LANDROJ,2025-01-21,110755,1,1,0,172.0
10109655LANDROJ_2025-01-21_G82,10109655LANDROJ,2025-01-21,111444,1,4,0,127.0
10109655LANDROJ_2025-01-21_G83,10109655LANDROJ,2025-01-21,111463,1,4,0,162.0
10109655LANDROJ_2025-01-21_G84,10109655LANDROJ,2025-01-21,111462,1,2,0,88.0
10109655LANDROJ_2025-01-21_G85,10109655LANDROJ,2025-01-21,110374,1,1,0,137.0
10109655LANDROJ_2025-01-21_G86,10109655LANDROJ,2025-01-21,110373,1,5,0,202.0
10109655LANDROJ_2025-01-21_G87,10109655LANDROJ,2025-01-21,111438,1,1,0,722.0
10109655LANDROJ_2025-01-21_G88,10109655LANDROJ,2025-01-21,110373,1,5,0,116.0
10109655LANDROJ_2025-01-21_G89,10109655LANDROJ,2025-01-21,111569,1,5,0,136.0
10109655LANDROJ_2025-01-21_G90,10109655LANDROJ,2025-01-21,117855,1,7,0,151.0
10109655LANDROJ_2025-01-21_G91,10109655LANDROJ,2025-01-21,118004,1,10,0,161.0
10109655LANDROJ_2025-01-21_G92,10109655LANDROJ,2025-01-21,110374,1,4,0,109.0
10109655LANDROJ_2025-01-21_G93,10109655LANDROJ,2025-01-21,110373,1,8,0,489.0
10109655LANDROJ_2025-01-21_G94,10109655LANDROJ,2025-01-21,111569,1,12,0,748.0
10109655LANDROJ_2025-01-21_G95,10109655LANDROJ,2025-01-21,117786,1,30,0,335.0
10109655LANDROJ_2025-01-21_G96,10109655LANDROJ,2025-01-21,111330,1,14,0,110.0
10109655LANDROJ_2025-01-21_G97,10109655LANDROJ,2025-01-21,109641,1,6,0,371.0
10109655LANDROJ_2025-01-21_G98,10109655LANDROJ,2025-01-21,111348,1,12,0,157.0
10109655LANDROJ_2025-01-21_G99,10109655LANDROJ,2025-01-21,117833,1,20,0,191.0
10109655LANDROJ_2025-01-22_G02,10109655LANDROJ,2025-01-22,110751,1,40,0,142.0
10109655LANDROJ_2025-01-22_G03,10109655LANDROJ,2025-01-22,111812,1,4,0,1295.0
10109655LANDROJ_2025-01-22_G04,10109655LANDROJ,2025-01-22,110313,1,2,0,81.0
10109655LANDROJ_2025-01-22_G05,10109655LANDROJ,2025-01-22,110752,1,6,0,115.0
10109655LANDROJ_2025-01-22_G06,10109655LANDROJ,2025-01-22,111602,1,38,0,318.0
10109655LANDROJ_2025-01-22_G07,10109655LANDROJ,2025-01-22,110515,1,13,0,212.0
10109655LANDROJ_2025-01-22_G08,10109655LANDROJ,2025-01-22,117856,1,2,0,186.0
10109655LANDROJ_2025-01-22_G09,10109655LANDROJ,2025-01-22,111465,1,31,0,437.0
10109655LANDROJ_2025-01-22_G10,10109655LANDROJ,2025-01-22,110787,1,30,0,354.0
10109655LANDROJ_2025-01-22_G11,10109655LANDROJ,2025-01-22,111443,1,2,0,104.0
10109655LANDROJ_2025-01-22_G12,10109655LANDROJ,2025-01-22,111469,1,28,0,344.0
10109655LANDROJ_2025-01-22_G13,10109655LANDROJ,2025-01-22,111463,2,32,8,325.0
10109655LANDROJ_2025-01-22_G14,10109655LANDROJ,2025-01-22,117820,1,32,0,313.0
10109655LANDROJ_2025-01-22_G15,10109655LANDROJ,2025-01-22,118299,1,229,0,314.0
10109655LANDROJ_2025-01-22_G16,10109655LANDROJ,2025-01-22,110373,1,13,0,499.0
10109655LANDROJ_2025-01-22_G17,10109655LANDROJ,2025-01-22,110372,1,35,0,325.0
10109655LANDROJ_2025-01-22_G18,10109655LANDROJ,2025-01-22,110376,1,4,0,69.0
10109655LANDROJ_2025-01-22_G19,10109655LANDROJ,2025-01-22,109641,1,5,0,261.0
10109655LANDROJ_2025-01-22_G20,10109655LANDROJ,2025-01-22,109641,1,34,0,47.0
10109655LANDROJ_2025-01-22_G21,10109655LANDROJ,2025-01-22,111655,2,9,16,1659.0
10109655LANDROJ_2025-01-22_G22,10109655LANDROJ,2025-01-22,115775,1,18,0,495.0
10109655LANDROJ_2025-01-22_G23,10109655LANDROJ,2025-01-22,115234,1,4,0,271.0
10109655LANDROJ_2025-01-22_G24,10109655LANDROJ,2025-01-22,117853,1,20,0,1167.0
10109655LANDROJ_2025-01-22_G25,10109655LANDROJ,2025-01-22,110515,1,30,0,358.0
10109655LANDROJ_2025-01-22_G26,10109655LANDROJ,2025-01-22,110515,1,30,0,38.0
10109655LANDROJ_2025-01-22_G27,10109655LANDROJ,2025-01-22,111444,1,10,0,1124.0
10109655LANDROJ_2025-01-22_G28,10109655LANDROJ,2025-01-22,118140,1,64,0,179.0
10109655LANDROJ_2025-01-22_G29,10109655LANDROJ,2025-01-22,111442,1,9,0,457.0
10109655LANDROJ_2025-01-22_G30,10109655LANDROJ,2025-01-22,118317,2,20,7,117.0
10109655LANDROJ_2025-01-22_G31,10109655LANDROJ,2025-01-22,110745,3,34,15,249.0
10109655LANDROJ_2025-01-22_G32,10109655LANDROJ,2025-01-22,111469,1,76,0,220.0
10109655LANDROJ_2025-01-22_G33,10109655LANDROJ,2025-01-22,110372,1,163,0,438.0
10109655LANDROJ_2025-01-22_G34,10109655LANDROJ,2025-01-22,110372,1,200,0,248.0
10109655LANDROJ_2025-01-22_G35,10109655LANDROJ,2025-01-22,118299,1,100,0,687.0
10109655LANDROJ_2025-01-22_G37,10109655LANDROJ,2025-01-22,111348,1,4,0,93.0
10109655LANDROJ_2025-01-22_G38,10109655LANDROJ,2025-01-22,110745,1,5,0,40.0
10109655LANDROJ_2025-01-22_G39,10109655LANDROJ,2025-01-22,108770,1,1,0,717.0
10109655LANDROJ_2025-01-22_G40,10109655LANDROJ,2025-01-22,117855,2,8,8,110.0
10109655LANDROJ_2025-01-22_G41,10109655LANDROJ,2025-01-22,111462,2,8,8,158.0
10109655LANDROJ_2025-01-22_G42,10109655LANDROJ,2025-01-22,110374,1,3,0,137.0
10109655LANDROJ_2025-01-22_G43,10109655LANDROJ,2025-01-22,110373,1,10,0,177.0
10109655LANDROJ_2025-01-22_G44,10109655LANDROJ,2025-01-22,111569,1,10,0,311.0
10109655LANDROJ_2025-01-22_G45,10109655LANDROJ,2025-01-22,118004,1,8,0,184.0
10109655LANDROJ_2025-01-22_G46,10109655LANDROJ,2025-01-22,117821,1,2,0,76.0
10109655LANDROJ_2025-01-22_G47,10109655LANDROJ,2025-01-22,111465,1,1,0,805.0
10109655LANDROJ_2025-01-22_G48,10109655LANDROJ,2025-01-22,111462,2,42,18,154.0
10109655LANDROJ_2025-01-22_G49,10109655LANDROJ,2025-01-22,111469,1,25,0,1079.0
10109655LANDROJ_2025-01-22_G50,10109655LANDROJ,2025-01-22,110372,1,103,0,344.0
10109655LANDROJ_2025-01-22_G51,10109655LANDROJ,2025-01-22,110373,1,28,0,396.0
10109655LANDROJ_2025-01-22_G52,10109655LANDROJ,2025-01-22,117832,1,2,0,67.0
10109655LANDROJ_2025-01-22_G53,10109655LANDROJ,2025-01-22,108770,1,1,0,126.0
10109655LANDROJ_2025-01-22_G54,10109655LANDROJ,2025-01-22,110895,1,1,0,49.0
10109655LANDROJ_2025-01-22_G55,10109655LANDROJ,2025-01-22,117785,1,13,0,163.0
10109655LANDROJ_2025-01-22_G56,10109655LANDROJ,2025-01-22,110371,1,2,0,132.0
10109655LANDROJ_2025-01-22_G57,10109655LANDROJ,2025-01-22,111438,1,3,0,454.0
10109655LANDROJ_2025-01-22_G58,10109655LANDROJ,2025-01-22,117785,1,5,0,136.0
10109655LANDROJ_2025-01-22_G59,10109655LANDROJ,2025-01-22,"110374, 110371",2,14,24,164.0
10109655LANDROJ_2025-01-23_G02,10109655LANDROJ,2025-01-23,117808,1,85,0,489.0
10109655LANDROJ_2025-01-23_G03,10109655LANDROJ,2025-01-23,111468,1,1,0,651.0
10109655LANDROJ_2025-01-23_G04,10109655LANDROJ,2025-01-23,110515,1,35,0,405.0
10109655LANDROJ_2025-01-23_G05,10109655LANDROJ,2025-01-23,111468,1,30,0,170.0
10109655LANDROJ_2025-01-23_G06,10109655LANDROJ,2025-01-23,111463,1,225,0,763.0
10109655LANDROJ_2025-01-23_G07,10109655LANDROJ,2025-01-23,111469,1,20,0,463.0
10109655LANDROJ_2025-01-23_G08,10109655LANDROJ,2025-01-23,109747,1,5,0,630.0
10109655LANDROJ_2025-01-23_G09,10109655LANDROJ,2025-01-23,117809,1,8,0,94.0
10109655LANDROJ_2025-01-23_G10,10109655LANDROJ,2025-01-23,117820,1,20,0,113.0
10109655LANDROJ_2025-01-23_G11,10109655LANDROJ,2025-01-23,117840,1,4,0,43.0
10109655LANDROJ_2025-01-23_G12,10109655LANDROJ,2025-01-23,117830,1,4,0,89.0
10109655LANDROJ_2025-01-23_G13,10109655LANDROJ,2025-01-23,117808,1,30,0,137.0
10109655LANDROJ_2025-01-23_G14,10109655LANDROJ,2025-01-23,110372,1,10,0,84.0
10109655LANDROJ_2025-01-23_G15,10109655LANDROJ,2025-01-23,110376,1,4,0,57.0
10109655LANDROJ_2025-01-23_G16,10109655LANDROJ,2025-01-23,109643,1,4,0,63.0
10109655LANDROJ_2025-01-23_G17,10109655LANDROJ,2025-01-23,110895,1,1,0,521.0
10109655LANDROJ_2025-01-23_G18,10109655LANDROJ,2025-01-23,111569,1,12,0,180.0
10109655LANDROJ_2025-01-23_G19,10109655LANDROJ,2025-01-23,118306,1,4,0,127.0
10109655LANDROJ_2025-01-23_G20,10109655LANDROJ,2025-01-23,111444,1,6,0,162.0
10109655LANDROJ_2025-01-23_G21,10109655LANDROJ,2025-01-23,107236,1,8,0,179.0
10109655LANDROJ_2025-01-23_G22,10109655LANDROJ,2025-01-23,111463,1,40,0,86.0
10109655LANDROJ_2025-01-23_G23,10109655LANDROJ,2025-01-23,111172,1,6,0,203.0
10109655LANDROJ_2025-01-23_G24,10109655LANDROJ,2025-01-23,111462,1,40,0,328.0
10109655LANDROJ_2025-01-23_G25,10109655LANDROJ,2025-01-23,110374,1,30,0,442.0
10109655LANDROJ_2025-01-23_G26,10109655LANDROJ,2025-01-23,"110895, 111569",3,12,27,1921.0
10109655LANDROJ_2025-01-23_G27,10109655LANDROJ,2025-01-23,111602,1,1,0,125.0
10109655LANDROJ_2025-01-23_G28,10109655LANDROJ,2025-01-23,117809,1,3,0,71.0
10109655LANDROJ_2025-01-23_G29,10109655LANDROJ,2025-01-23,110374,1,6,0,86.0
10109655LANDROJ_2025-01-23_G30,10109655LANDROJ,2025-01-23,118299,1,26,0,324.0
10109655LANDROJ_2025-01-23_G31,10109655LANDROJ,2025-01-23,110373,2,8,8,316.0
10109655LANDROJ_2025-01-23_G32,10109655LANDROJ,2025-01-23,"110372, 117808",2,25,16,551.0
10109655LANDROJ_2025-01-23_G33,10109655LANDROJ,2025-01-23,109643,1,1,0,73.0
10109655LANDROJ_2025-01-23_G34,10109655LANDROJ,2025-01-23,117836,1,4,0,397.0
10109655LANDROJ_2025-01-23_G35,10109655LANDROJ,2025-01-23,111655,1,4,0,67.0
10109655LANDROJ_2025-01-23_G36,10109655LANDROJ,2025-01-23,110339,1,4,0,103.0
10109655LANDROJ_2025-01-23_G37,10109655LANDROJ,2025-01-23,117855,1,2,0,87.0
10109655LANDROJ_2025-01-23_G38,10109655LANDROJ,2025-01-23,110711,1,1,0,422.0
10109655LANDROJ_2025-01-23_G39,10109655LANDROJ,2025-01-23,117856,1,4,0,94.0
10109655LANDROJ_2025-01-23_G40,10109655LANDROJ,2025-01-23,117809,1,4,0,149.0
10109655LANDROJ_2025-01-23_G41,10109655LANDROJ,2025-01-23,"118299, 110373",3,64,31,401.0
10109655LANDROJ_2025-01-23_G42,10109655LANDROJ,2025-01-23,110372,1,3,0,174.0
10109655LANDROJ_2025-01-23_G43,10109655LANDROJ,2025-01-23,117808,1,7,0,96.0
10109655LANDROJ_2025-01-23_G44,10109655LANDROJ,2025-01-23,118004,1,4,0,299.0
10109655LANDROJ_2025-01-23_G45,10109655LANDROJ,2025-01-23,111466,1,2,0,69.0
10109655LANDROJ_2025-01-23_G46,10109655LANDROJ,2025-01-23,110745,1,4,0,112.0
10109655LANDROJ_2025-01-23_G47,10109655LANDROJ,2025-01-23,110129,1,4,0,61.0
10109655LANDROJ_2025-01-23_G48,10109655LANDROJ,2025-01-23,117833,1,2,0,94.0
10109655LANDROJ_2025-01-23_G49,10109655LANDROJ,2025-01-23,118418,1,1,0,145.0
10109655LANDROJ_2025-01-23_G50,10109655LANDROJ,2025-01-23,118004,1,4,0,64.0
10109655LANDROJ_2025-01-23_G51,10109655LANDROJ,2025-01-23,108770,1,4,0,159.0
10109655LANDROJ_2025-01-23_G52,10109655LANDROJ,2025-01-23,111466,1,2,0,98.0
10109655LANDROJ_2025-01-23_G53,10109655LANDROJ,2025-01-23,110787,1,8,0,168.0
10109655LANDROJ_2025-01-23_G54,10109655LANDROJ,2025-01-23,109640,1,2,0,351.0
10109655LANDROJ_2025-01-23_G55,10109655LANDROJ,2025-01-23,111530,1,4,0,176.0
10109655LANDROJ_2025-01-23_G56,10109655LANDROJ,2025-01-23,118094,1,2,0,50.0
10109655LANDROJ_2025-01-23_G57,10109655LANDROJ,2025-01-23,118298,1,2,0,117.0
10109655LANDROJ_2025-01-23_G58,10109655LANDROJ,2025-01-23,117786,1,2,0,70.0
10109655LANDROJ_2025-01-23_G59,10109655LANDROJ,2025-01-23,141047,1,3,0,69.0
10109655LANDROJ_2025-01-23_G60,10109655LANDROJ,2025-01-23,117809,1,2,0,129.0
10109655LANDROJ_2025-01-23_G61,10109655LANDROJ,2025-01-23,110374,1,2,0,42.0
10109655LANDROJ_2025-01-23_G63,10109655LANDROJ,2025-01-23,118299,1,6,0,136.0
10109655LANDROJ_2025-01-23_G64,10109655LANDROJ,2025-01-23,110373,1,6,0,57.0
10109655LANDROJ_2025-01-23_G65,10109655LANDROJ,2025-01-23,"110372, 109643",2,8,11,70.0
10109655LANDROJ_2025-01-23_G66,10109655LANDROJ,2025-01-23,110787,2,8,8,483.0
10109655LANDROJ_2025-01-23_G67,10109655LANDROJ,2025-01-23,108711,1,4,0,132.0
10109655LANDROJ_2025-01-23_G68,10109655LANDROJ,2025-01-23,110313,1,4,0,148.0
10109655LANDROJ_2025-01-23_G69,10109655LANDROJ,2025-01-23,111462,1,32,0,318.0
10109655LANDROJ_2025-01-23_G70,10109655LANDROJ,2025-01-23,110373,1,72,0,355.0
10109655LANDROJ_2025-01-23_G71,10109655LANDROJ,2025-01-23,110372,1,147,0,493.0
10109655LANDROJ_2025-01-23_G72,10109655LANDROJ,2025-01-23,118004,1,4,0,600.0
10109655LANDROJ_2025-01-23_G73,10109655LANDROJ,2025-01-23,111463,1,20,0,142.0
10109655LANDROJ_2025-01-23_G74,10109655LANDROJ,2025-01-23,111462,1,8,0,116.0
10109655LANDROJ_2025-01-23_G75,10109655LANDROJ,2025-01-23,111442,1,8,0,154.0
10109655LANDROJ_2025-01-23_G76,10109655LANDROJ,2025-01-23,111468,2,7,17,301.0
10109655LANDROJ_2025-01-24_G02,10109655LANDROJ,2025-01-24,160057,1,1,0,156.0
10109655LANDROJ_2025-01-24_G03,10109655LANDROJ,2025-01-24,108772,1,11,0,180.0
10109655LANDROJ_2025-01-24_G04,10109655LANDROJ,2025-01-24,111348,2,23,9,288.0
10109655LANDROJ_2025-01-24_G05,10109655LANDROJ,2025-01-24,109641,1,12,0,477.0
10109655LANDROJ_2025-01-24_G06,10109655LANDROJ,2025-01-24,160055,1,6,0,146.0
10109655LANDROJ_2025-01-24_G07,10109655LANDROJ,2025-01-24,110374,1,111,0,259.0
10109655LANDROJ_2025-01-24_G08,10109655LANDROJ,2025-01-24,160054,1,4,0,352.0
10109655LANDROJ_2025-01-24_G09,10109655LANDROJ,2025-01-24,160051,1,8,0,48.0
10109655LANDROJ_2025-01-24_G10,10109655LANDROJ,2025-01-24,110373,1,400,0,863.0
10109655LANDROJ_2025-01-24_G11,10109655LANDROJ,2025-01-24,117808,1,490,0,675.0
10109655LANDROJ_2025-01-24_G12,10109655LANDROJ,2025-01-24,160055,1,1,0,567.0
10109655LANDROJ_2025-01-24_G13,10109655LANDROJ,2025-01-24,160054,1,4,0,77.0
10109655LANDROJ_2025-01-24_G14,10109655LANDROJ,2025-01-24,117833,1,80,0,1078.0
10109655LANDROJ_2025-01-24_G15,10109655LANDROJ,2025-01-24,110373,1,103,0,1196.0
10109655LANDROJ_2025-01-24_G16,10109655LANDROJ,2025-01-24,110375,1,100,0,218.0
10109655LANDROJ_2025-01-24_G17,10109655LANDROJ,2025-01-24,117820,1,200,0,338.0
10109655LANDROJ_2025-01-24_G19,10109655LANDROJ,2025-01-24,111418,1,720,0,1779.0
10109655LANDROJ_2025-01-24_G20,10109655LANDROJ,2025-01-24,117785,1,80,0,251.0
10109655LANDROJ_2025-01-24_G21,10109655LANDROJ,2025-01-24,111468,1,20,0,1100.0
10109655LANDROJ_2025-01-24_G22,10109655LANDROJ,2025-01-24,111463,1,100,0,99.0
10109655LANDROJ_2025-01-24_G23,10109655LANDROJ,2025-01-24,110373,2,8,9,261.0
10109655LANDROJ_2025-01-24_G24,10109655LANDROJ,2025-01-24,117821,1,10,0,1099.0
10109655LANDROJ_2025-01-24_G25,10109655LANDROJ,2025-01-24,117785,1,4,0,99.0
10109655LANDROJ_2025-01-24_G26,10109655LANDROJ,2025-01-24,111463,1,4,0,135.0
10109655LANDROJ_2025-01-24_G27,10109655LANDROJ,2025-01-24,117808,1,15,0,179.0
10109655LANDROJ_2025-01-24_G28,10109655LANDROJ,2025-01-24,111530,1,8,0,145.0
10109655LANDROJ_2025-01-24_G29,10109655LANDROJ,2025-01-24,110515,1,5,0,122.0
10109655LANDROJ_2025-01-24_G30,10109655LANDROJ,2025-01-24,118299,1,20,0,478.0
10109655LANDROJ_2025-01-24_G31,10109655LANDROJ,2025-01-24,117808,1,30,0,313.0
10109655LANDROJ_2025-01-24_G32,10109655LANDROJ,2025-01-24,100334,1,10,0,113.0
10109655LANDROJ_2025-01-24_G33,10109655LANDROJ,2025-01-24,110753,1,4,0,529.0
10109655LANDROJ_2025-01-24_G34,10109655LANDROJ,2025-01-24,110515,1,6,0,303.0
10109655LANDROJ_2025-01-24_G35,10109655LANDROJ,2025-01-24,110515,1,10,0,141.0
10109655LANDROJ_2025-01-24_G36,10109655LANDROJ,2025-01-24,141047,1,4,0,124.0
10109655LANDROJ_2025-01-24_G37,10109655LANDROJ,2025-01-24,111182,1,4,0,266.0
10109655LANDROJ_2025-01-24_G38,10109655LANDROJ,2025-01-24,117830,1,20,0,280.0
10109655LANDROJ_2025-01-24_G39,10109655LANDROJ,2025-01-24,"110372, 117808",2,70,29,172.0
10109655LANDROJ_2025-01-24_G40,10109655LANDROJ,2025-01-24,117820,1,10,0,68.0
10109655LANDROJ_2025-01-27_G02,10109655LANDROJ,2025-01-27,110623,1,20,0,119.0
10109655LANDROJ_2025-01-27_G03,10109655LANDROJ,2025-01-27,118283,1,16,0,236.0
10109655LANDROJ_2025-01-27_G04,10109655LANDROJ,2025-01-27,110423,1,4,0,129.0
10109655LANDROJ_2025-01-27_G05,10109655LANDROJ,2025-01-27,111861,1,8,0,115.0
10109655LANDROJ_2025-01-27_G06,10109655LANDROJ,2025-01-27,110534,1,4,0,91.0
10109655LANDROJ_2025-01-27_G07,10109655LANDROJ,2025-01-27,114100,1,12,0,535.0
10109655LANDROJ_2025-01-27_G08,10109655LANDROJ,2025-01-27,118281,1,16,0,361.0
10109655LANDROJ_2025-01-27_G09,10109655LANDROJ,2025-01-27,114091,1,8,0,179.0
10109655LANDROJ_2025-01-27_G10,10109655LANDROJ,2025-01-27,111441,1,2,0,473.0
10109655LANDROJ_2025-01-27_G11,10109655LANDROJ,2025-01-27,110515,1,5,0,146.0
10109655LANDROJ_2025-01-27_G12,10109655LANDROJ,2025-01-27,140922,1,8,0,144.0
10109655LANDROJ_2025-01-27_G13,10109655LANDROJ,2025-01-27,111466,1,6,0,169.0
10109655LANDROJ_2025-01-27_G14,10109655LANDROJ,2025-01-27,117841,1,8,0,151.0
10109655LANDROJ_2025-01-27_G15,10109655LANDROJ,2025-01-27,110373,1,6,0,128.0
10109655LANDROJ_2025-01-27_G16,10109655LANDROJ,2025-01-27,117832,1,5,0,137.0
10109655LANDROJ_2025-01-27_G17,10109655LANDROJ,2025-01-27,117841,1,8,0,414.0
10109655LANDROJ_2025-01-27_G18,10109655LANDROJ,2025-01-27,118290,1,4,0,133.0
10109655LANDROJ_2025-01-27_G19,10109655LANDROJ,2025-01-27,117855,3,78,25,1488.0
10109655LANDROJ_2025-01-27_G20,10109655LANDROJ,2025-01-27,117786,1,9,0,772.0
10109655LANDROJ_2025-01-27_G21,10109655LANDROJ,2025-01-27,118004,2,40,16,278.0
10109655LANDROJ_2025-01-27_G22,10109655LANDROJ,2025-01-27,117833,1,16,0,402.0
10109655LANDROJ_2025-01-27_G23,10109655LANDROJ,2025-01-27,110371,1,80,0,1217.0
10109655LANDROJ_2025-01-27_G24,10109655LANDROJ,2025-01-27,117809,1,31,0,472.0
10109655LANDROJ_2025-01-27_G25,10109655LANDROJ,2025-01-27,110374,3,80,19,260.0
10109655LANDROJ_2025-01-27_G26,10109655LANDROJ,2025-01-27,110325,1,20,0,937.0
10109655LANDROJ_2025-01-27_G27,10109655LANDROJ,2025-01-27,117830,1,25,0,340.0
10109655LANDROJ_2025-01-27_G28,10109655LANDROJ,2025-01-27,110372,1,100,0,338.0
10109655LANDROJ_2025-01-27_G29,10109655LANDROJ,2025-01-27,110376,1,7,0,239.0
10109655LANDROJ_2025-01-27_G30,10109655LANDROJ,2025-01-27,117808,1,150,0,443.0
10109655LANDROJ_2025-01-27_G32,10109655LANDROJ,2025-01-27,111602,1,20,0,264.0
10109655LANDROJ_2025-01-27_G33,10109655LANDROJ,2025-01-27,111602,1,60,0,43.0
10109655LANDROJ_2025-01-27_G34,10109655LANDROJ,2025-01-27,111530,1,62,0,51.0
10109655LANDROJ_2025-01-27_G35,10109655LANDROJ,2025-01-27,110515,1,22,0,1291.0
10109655LANDROJ_2025-01-27_G36,10109655LANDROJ,2025-01-27,117786,1,50,0,1024.0
10109655LANDROJ_2025-01-27_G37,10109655LANDROJ,2025-01-27,110711,1,12,0,296.0
10109655LANDROJ_2025-01-27_G38,10109655LANDROJ,2025-01-27,117862,1,12,0,143.0
10109655LANDROJ_2025-01-27_G39,10109655LANDROJ,2025-01-27,111532,1,116,0,1827.0
10109655LANDROJ_2025-01-27_G40,10109655LANDROJ,2025-01-27,111532,1,584,0,452.0
10109655LANDROJ_2025-01-27_G41,10109655LANDROJ,2025-01-27,111330,1,8,0,584.0
10109655LANDROJ_2025-01-27_G42,10109655LANDROJ,2025-01-27,117831,1,50,0,383.0
10109655LANDROJ_2025-01-27_G43,10109655LANDROJ,2025-01-27,141035,1,2,0,1796.0
10109655LANDROJ_2025-01-27_G44,10109655LANDROJ,2025-01-27,117935,1,31,0,229.0
10109655LANDROJ_2025-01-27_G45,10109655LANDROJ,2025-01-27,109640,1,12,0,213.0
10109655LANDROJ_2025-01-27_G46,10109655LANDROJ,2025-01-27,118094,1,20,0,241.0
10109655LANDROJ_2025-01-27_G47,10109655LANDROJ,2025-01-27,117861,1,20,0,321.0
10109655LANDROJ_2025-01-27_G48,10109655LANDROJ,2025-01-27,117862,1,10,0,171.0
10109655LANDROJ_2025-01-27_G49,10109655LANDROJ,2025-01-27,111182,1,2,0,136.0
10109655LANDROJ_2025-01-27_G50,10109655LANDROJ,2025-01-27,118004,1,40,0,316.0
10109655LANDROJ_2025-01-27_G51,10109655LANDROJ,2025-01-27,111418,1,273,0,576.0
10109655LANDROJ_2025-01-27_G52,10109655LANDROJ,2025-01-27,110743,1,10,0,434.0
10109655LANDROJ_2025-01-27_G53,10109655LANDROJ,2025-01-27,111463,1,40,0,140.0
10109655LANDROJ_2025-01-27_G54,10109655LANDROJ,2025-01-27,110787,1,10,0,217.0
10109655LANDROJ_2025-01-27_G55,10109655LANDROJ,2025-01-27,111465,1,30,0,193.0
10109655LANDROJ_2025-01-27_G56,10109655LANDROJ,2025-01-27,117841,1,4,0,118.0
10109655LANDROJ_2025-01-28_G02,10109655LANDROJ,2025-01-28,117935,1,6,0,92.0
10109655LANDROJ_2025-01-28_G03,10109655LANDROJ,2025-01-28,110371,1,7,0,232.0
10109655LANDROJ_2025-01-28_G04,10109655LANDROJ,2025-01-28,110373,2,84,9,194.0
10109655LANDROJ_2025-01-28_G05,10109655LANDROJ,2025-01-28,117832,1,2,0,791.0
10109655LANDROJ_2025-01-28_G06,10109655LANDROJ,2025-01-28,117935,1,10,0,435.0
10109655LANDROJ_2025-01-28_G07,10109655LANDROJ,2025-01-28,109649,1,8,0,319.0
10109655LANDROJ_2025-01-28_G08,10109655LANDROJ,2025-01-28,118004,1,4,0,138.0
10109655LANDROJ_2025-01-28_G09,10109655LANDROJ,2025-01-28,110373,2,39,23,33.0
10109655LANDROJ_2025-01-28_G10,10109655LANDROJ,2025-01-28,117965,1,1,0,619.0
10109655LANDROJ_2025-01-28_G11,10109655LANDROJ,2025-01-28,117853,1,1,0,90.0
10109655LANDROJ_2025-01-28_G12,10109655LANDROJ,2025-01-28,111602,1,4,0,100.0
10109655LANDROJ_2025-01-28_G13,10109655LANDROJ,2025-01-28,117855,1,10,0,158.0
10109655LANDROJ_2025-01-28_G14,10109655LANDROJ,2025-01-28,111530,1,4,0,117.0
10109655LANDROJ_2025-01-28_G15,10109655LANDROJ,2025-01-28,118004,1,4,0,69.0
10109655LANDROJ_2025-01-28_G16,10109655LANDROJ,2025-01-28,111418,1,10,0,106.0
10109655LANDROJ_2025-01-28_G17,10109655LANDROJ,2025-01-28,111462,1,10,0,141.0
10109655LANDROJ_2025-01-28_G18,10109655LANDROJ,2025-01-28,117856,1,2,0,625.0
10109655LANDROJ_2025-01-28_G19,10109655LANDROJ,2025-01-28,108361,1,16,0,1042.0
10109655LANDROJ_2025-01-28_G20,10109655LANDROJ,2025-01-28,110092,1,1,0,648.0
10109655LANDROJ_2025-01-28_G21,10109655LANDROJ,2025-01-28,110832,1,3,0,370.0
10109655LANDROJ_2025-01-28_G22,10109655LANDROJ,2025-01-28,117935,1,120,0,274.0
10109655LANDROJ_2025-01-28_G23,10109655LANDROJ,2025-01-28,111530,1,40,0,400.0
10109655LANDROJ_2025-01-28_G24,10109655LANDROJ,2025-01-28,110515,2,60,10,293.0
10109655LANDROJ_2025-01-28_G25,10109655LANDROJ,2025-01-28,141047,1,20,0,857.0
10109655LANDROJ_2025-01-28_G26,10109655LANDROJ,2025-01-28,117788,1,11,0,131.0
10109655LANDROJ_2025-01-28_G27,10109655LANDROJ,2025-01-28,111530,1,50,0,226.0
10109655LANDROJ_2025-01-28_G28,10109655LANDROJ,2025-01-28,118281,1,27,0,793.0
10109655LANDROJ_2025-01-28_G29,10109655LANDROJ,2025-01-28,111330,1,9,0,369.0
10109655LANDROJ_2025-01-28_G30,10109655LANDROJ,2025-01-28,118326,1,20,0,227.0
10109655LANDROJ_2025-01-28_G31,10109655LANDROJ,2025-01-28,114099,1,12,0,199.0
10109655LANDROJ_2025-01-28_G32,10109655LANDROJ,2025-01-28,118223,1,10,0,122.0
10109655LANDROJ_2025-01-28_G33,10109655LANDROJ,2025-01-28,140922,1,55,0,220.0
10109655LANDROJ_2025-01-28_G34,10109655LANDROJ,2025-01-28,117833,1,50,0,661.0
10109655LANDROJ_2025-01-28_G36,10109655LANDROJ,2025-01-28,140922,1,8,0,511.0
10109655LANDROJ_2025-01-28_G37,10109655LANDROJ,2025-01-28,117836,1,2,0,654.0
10109655LANDROJ_2025-01-28_G38,10109655LANDROJ,2025-01-28,111850,2,4,9,63.0
10109655LANDROJ_2025-01-28_G39,10109655LANDROJ,2025-01-28,110841,1,4,0,192.0
10109655LANDROJ_2025-01-28_G40,10109655LANDROJ,2025-01-28,110895,1,4,0,117.0
10109655LANDROJ_2025-01-28_G41,10109655LANDROJ,2025-01-28,117838,1,4,0,355.0
10109655LANDROJ_2025-01-28_G42,10109655LANDROJ,2025-01-28,118004,1,5,0,114.0
10109655LANDROJ_2025-01-28_G43,10109655LANDROJ,2025-01-28,111442,1,1,0,40.0
10109655LANDROJ_2025-01-28_G44,10109655LANDROJ,2025-01-28,111468,1,3,0,93.0
10109655LANDROJ_2025-01-28_G45,10109655LANDROJ,2025-01-28,118140,1,19,0,207.0
10109655LANDROJ_2025-01-28_G46,10109655LANDROJ,2025-01-28,117831,2,4,7,94.0
10109655LANDROJ_2025-01-28_G47,10109655LANDROJ,2025-01-28,"110787, 109645",2,17,22,278.0
10109655LANDROJ_2025-01-28_G48,10109655LANDROJ,2025-01-28,117785,1,2,0,72.0
10109655LANDROJ_2025-01-28_G49,10109655LANDROJ,2025-01-28,110745,1,1,0,108.0
10109655LANDROJ_2025-01-28_G50,10109655LANDROJ,2025-01-28,108798,1,8,0,377.0
10109655LANDROJ_2025-01-28_G51,10109655LANDROJ,2025-01-28,108795,1,6,0,211.0
10109655LANDROJ_2025-01-28_G52,10109655LANDROJ,2025-01-28,108711,2,10,9,77.0
10109655LANDROJ_2025-01-28_G53,10109655LANDROJ,2025-01-28,117833,1,8,0,218.0
10109655LANDROJ_2025-01-28_G54,10109655LANDROJ,2025-01-28,105705,1,2,0,84.0
10109655LANDROJ_2025-01-28_G55,10109655LANDROJ,2025-01-28,111469,1,8,0,113.0
10109655LANDROJ_2025-01-28_G56,10109655LANDROJ,2025-01-28,111463,1,9,0,56.0
10109655LANDROJ_2025-01-28_G57,10109655LANDROJ,2025-01-28,118306,1,4,0,362.0
10109655LANDROJ_2025-01-28_G58,10109655LANDROJ,2025-01-28,111439,1,4,0,188.0
10109655LANDROJ_2025-01-28_G59,10109655LANDROJ,2025-01-28,110063,1,1,0,108.0
10109655LANDROJ_2025-01-28_G60,10109655LANDROJ,2025-01-28,117861,1,8,0,163.0
10109655LANDROJ_2025-01-28_G61,10109655LANDROJ,2025-01-28,111876,1,4,0,68.0
10109655LANDROJ_2025-01-28_G62,10109655LANDROJ,2025-01-28,109647,1,12,0,171.0
10109655LANDROJ_2025-01-28_G63,10109655LANDROJ,2025-01-28,105242,1,1,0,105.0
10109655LANDROJ_2025-01-28_G64,10109655LANDROJ,2025-01-28,110711,1,4,0,162.0
10109655LANDROJ_2025-01-29_G02,10109655LANDROJ,2025-01-29,111532,1,6,0,215.0
10109655LANDROJ_2025-01-29_G03,10109655LANDROJ,2025-01-29,111468,1,4,0,156.0
10109655LANDROJ_2025-01-29_G04,10109655LANDROJ,2025-01-29,140922,1,2,0,94.0
10109655LANDROJ_2025-01-29_G05,10109655LANDROJ,2025-01-29,117821,1,4,0,155.0
10109655LANDROJ_2025-01-29_G06,10109655LANDROJ,2025-01-29,111469,2,14,15,144.0
10109655LANDROJ_2025-01-29_G07,10109655LANDROJ,2025-01-29,111441,1,8,0,923.0
10109655LANDROJ_2025-01-29_G08,10109655LANDROJ,2025-01-29,111182,1,5,0,514.0
10109655LANDROJ_2025-01-29_G09,10109655LANDROJ,2025-01-29,118004,1,16,0,177.0
10109655LANDROJ_2025-01-29_G10,10109655LANDROJ,2025-01-29,111465,1,6,0,159.0
10109655LANDROJ_2025-01-29_G11,10109655LANDROJ,2025-01-29,140922,1,8,0,711.0
10109655LANDROJ_2025-01-29_G12,10109655LANDROJ,2025-01-29,117841,1,4,0,103.0
10109655LANDROJ_2025-01-29_G13,10109655LANDROJ,2025-01-29,117821,1,8,0,355.0
10109655LANDROJ_2025-01-29_G14,10109655LANDROJ,2025-01-29,111602,1,8,0,203.0
10109655LANDROJ_2025-01-29_G15,10109655LANDROJ,2025-01-29,110515,1,8,0,146.0
10109655LANDROJ_2025-01-29_G16,10109655LANDROJ,2025-01-29,111182,1,3,0,141.0
10109655LANDROJ_2025-01-29_G17,10109655LANDROJ,2025-01-29,111466,2,27,16,162.0
10109655LANDROJ_2025-01-29_G18,10109655LANDROJ,2025-01-29,"111465, 111348",2,10,22,173.0
10109655LANDROJ_2025-01-29_G19,10109655LANDROJ,2025-01-29,110374,2,15,8,212.0
10109655LANDROJ_2025-01-29_G20,10109655LANDROJ,2025-01-29,110325,1,4,0,106.0
10109655LANDROJ_2025-01-29_G21,10109655LANDROJ,2025-01-29,111602,1,5,0,601.0
10109655LANDROJ_2025-01-29_G22,10109655LANDROJ,2025-01-29,117861,2,14,7,195.0
10109655LANDROJ_2025-01-29_G23,10109655LANDROJ,2025-01-29,109649,1,2,0,326.0
10109655LANDROJ_2025-01-29_G24,10109655LANDROJ,2025-01-29,111532,3,46,23,274.0
10109655LANDROJ_2025-01-29_G25,10109655LANDROJ,2025-01-29,111465,1,9,0,436.0
10109655LANDROJ_2025-01-29_G26,10109655LANDROJ,2025-01-29,111469,1,80,0,89.0
10109655LANDROJ_2025-01-29_G27,10109655LANDROJ,2025-01-29,111182,1,2,0,1371.0
10109655LANDROJ_2025-01-29_G28,10109655LANDROJ,2025-01-29,111330,1,2,0,140.0
10109655LANDROJ_2025-01-29_G29,10109655LANDROJ,2025-01-29,110749,1,2,0,1019.0
10109655LANDROJ_2025-01-29_G30,10109655LANDROJ,2025-01-29,117836,1,2,0,55.0
10109655LANDROJ_2025-01-29_G31,10109655LANDROJ,2025-01-29,111438,1,6,0,115.0
10109655LANDROJ_2025-01-29_G32,10109655LANDROJ,2025-01-29,111430,1,4,0,120.0
10109655LANDROJ_2025-01-29_G33,10109655LANDROJ,2025-01-29,110747,1,8,0,187.0
10109655LANDROJ_2025-01-29_G34,10109655LANDROJ,2025-01-29,118004,1,3,0,120.0
10109655LANDROJ_2025-01-29_G35,10109655LANDROJ,2025-01-29,117831,1,2,0,78.0
10109655LANDROJ_2025-01-29_G36,10109655LANDROJ,2025-01-29,110787,1,15,0,203.0
10109655LANDROJ_2025-01-29_G37,10109655LANDROJ,2025-01-29,110751,1,5,0,97.0
10109655LANDROJ_2025-01-29_G38,10109655LANDROJ,2025-01-29,111465,1,12,0,147.0
10109655LANDROJ_2025-01-29_G39,10109655LANDROJ,2025-01-29,140922,1,12,0,108.0
10109655LANDROJ_2025-01-29_G40,10109655LANDROJ,2025-01-29,117833,1,6,0,174.0
10109655LANDROJ_2025-01-29_G41,10109655LANDROJ,2025-01-29,105705,1,2,0,72.0
10109655LANDROJ_2025-01-29_G42,10109655LANDROJ,2025-01-29,110743,1,1,0,62.0
10109655LANDROJ_2025-01-29_G43,10109655LANDROJ,2025-01-29,117820,1,3,0,450.0
10109655LANDROJ_2025-01-29_G44,10109655LANDROJ,2025-01-29,110376,1,5,0,120.0
10109655LANDROJ_2025-01-29_G45,10109655LANDROJ,2025-01-29,110375,1,5,0,89.0
10109655LANDROJ_2025-01-29_G47,10109655LANDROJ,2025-01-29,111602,1,10,0,121.0
10109655LANDROJ_2025-01-29_G48,10109655LANDROJ,2025-01-29,111182,2,4,10,92.0
10109655LANDROJ_2025-01-29_G49,10109655LANDROJ,2025-01-29,111462,1,10,0,181.0
10109655LANDROJ_2025-01-29_G50,10109655LANDROJ,2025-01-29,110325,1,4,0,798.0
10109655LANDROJ_2025-01-29_G51,10109655LANDROJ,2025-01-29,117861,1,2,0,567.0
10109655LANDROJ_2025-01-29_G52,10109655LANDROJ,2025-01-29,111469,1,1,0,77.0
10109655LANDROJ_2025-01-29_G53,10109655LANDROJ,2025-01-29,111602,1,24,0,225.0
10109655LANDROJ_2025-01-29_G54,10109655LANDROJ,2025-01-29,117861,1,2,0,228.0
10109655LANDROJ_2025-01-29_G55,10109655LANDROJ,2025-01-29,"110325, 111469",2,13,25,209.0
10109655LANDROJ_2025-01-29_G56,10109655LANDROJ,2025-01-29,111602,1,8,0,187.0
10109655LANDROJ_2025-01-29_G57,10109655LANDROJ,2025-01-29,117786,1,12,0,272.0
10109655LANDROJ_2025-01-29_G58,10109655LANDROJ,2025-01-29,"111602, 118004",2,12,30,401.0
10109655LANDROJ_2025-01-29_G59,10109655LANDROJ,2025-01-29,118004,1,7,0,1044.0
10109655LANDROJ_2025-01-29_G60,10109655LANDROJ,2025-01-29,107236,1,1,0,67.0
10109655LANDROJ_2025-01-29_G61,10109655LANDROJ,2025-01-29,111433,1,1,0,67.0
10109655LANDROJ_2025-01-29_G62,10109655LANDROJ,2025-01-29,118140,1,5,0,59.0
10109655LANDROJ_2025-01-29_G63,10109655LANDROJ,2025-01-29,117785,1,9,0,100.0
10109655LANDROJ_2025-01-29_G64,10109655LANDROJ,2025-01-29,110745,1,2,0,100.0
10109655LANDROJ_2025-01-29_G65,10109655LANDROJ,2025-01-29,"108798, 111348",2,6,26,39.0
10109655LANDROJ_2025-01-29_G66,10109655LANDROJ,2025-01-29,108711,1,1,0,73.0
10109655LANDROJ_2025-01-29_G67,10109655LANDROJ,2025-01-29,"117821, 111469",2,6,8,45.0
10109655LANDROJ_2025-01-29_G68,10109655LANDROJ,2025-01-29,111463,1,10,0,115.0
10109655LANDROJ_2025-01-29_G69,10109655LANDROJ,2025-01-29,110371,1,6,0,134.0
10109655LANDROJ_2025-01-29_G70,10109655LANDROJ,2025-01-29,117830,1,6,0,50.0
10109655LANDROJ_2025-01-29_G71,10109655LANDROJ,2025-01-29,"110376, 110375",2,4,8,33.0
10109655LANDROJ_2025-01-29_G72,10109655LANDROJ,2025-01-29,109933,1,2,0,359.0
10109655LANDROJ_2025-01-29_G73,10109655LANDROJ,2025-01-29,117861,1,2,0,83.0
10109655LANDROJ_2025-01-29_G74,10109655LANDROJ,2025-01-29,111418,1,8,0,183.0
10109655LANDROJ_2025-01-29_G75,10109655LANDROJ,2025-01-29,117841,1,2,0,125.0
10109655LANDROJ_2025-01-29_G76,10109655LANDROJ,2025-01-29,111462,1,6,0,84.0
10109655LANDROJ_2025-01-29_G77,10109655LANDROJ,2025-01-29,117808,1,8,0,125.0
10109655LANDROJ_2025-01-29_G78,10109655LANDROJ,2025-01-29,110371,1,10,0,122.0
10109655LANDROJ_2025-01-29_G79,10109655LANDROJ,2025-01-29,109643,1,2,0,80.0
10109655LANDROJ_2025-01-29_G80,10109655LANDROJ,2025-01-29,111441,1,6,0,193.0
10109655LANDROJ_2025-01-29_G81,10109655LANDROJ,2025-01-29,111602,1,3,0,51.0
10109655LANDROJ_2025-01-29_G82,10109655LANDROJ,2025-01-29,117861,1,6,0,188.0
10109655LANDROJ_2025-01-30_G02,10109655LANDROJ,2025-01-30,110339,1,2,0,102.0
10109655LANDROJ_2025-01-30_G03,10109655LANDROJ,2025-01-30,111532,1,3,0,46.0
10109655LANDROJ_2025-01-30_G04,10109655LANDROJ,2025-01-30,"111463, 111462",2,3,9,166.0
10109655LANDROJ_2025-01-30_G05,10109655LANDROJ,2025-01-30,118191,1,18,0,210.0
10109655LANDROJ_2025-01-30_G06,10109655LANDROJ,2025-01-30,111753,1,2,0,753.0
10109655LANDROJ_2025-01-30_G07,10109655LANDROJ,2025-01-30,111532,1,12,0,639.0
10109655LANDROJ_2025-01-30_G08,10109655LANDROJ,2025-01-30,108711,1,8,0,118.0
10109655LANDROJ_2025-01-30_G09,10109655LANDROJ,2025-01-30,111463,2,18,7,337.0
10109655LANDROJ_2025-01-30_G10,10109655LANDROJ,2025-01-30,118191,1,70,0,264.0
10109655LANDROJ_2025-01-30_G11,10109655LANDROJ,2025-01-30,110376,1,3,0,81.0
10109655LANDROJ_2025-01-30_G12,10109655LANDROJ,2025-01-30,109641,1,9,0,695.0
10109655LANDROJ_2025-01-30_G13,10109655LANDROJ,2025-01-30,110787,1,10,0,176.0
10109655LANDROJ_2025-01-30_G14,10109655LANDROJ,2025-01-30,118223,1,4,0,111.0
10109655LANDROJ_2025-01-30_G15,10109655LANDROJ,2025-01-30,111469,1,8,0,154.0
10109655LANDROJ_2025-01-30_G16,10109655LANDROJ,2025-01-30,110376,1,8,0,115.0
10109655LANDROJ_2025-01-30_G17,10109655LANDROJ,2025-01-30,111532,1,34,0,1121.0
10109655LANDROJ_2025-01-30_G18,10109655LANDROJ,2025-01-30,118223,1,4,0,120.0
10109655LANDROJ_2025-01-30_G19,10109655LANDROJ,2025-01-30,160055,1,3,0,159.0
10109655LANDROJ_2025-01-30_G20,10109655LANDROJ,2025-01-30,110371,1,10,0,164.0
10109655LANDROJ_2025-01-30_G21,10109655LANDROJ,2025-01-30,110376,1,8,0,113.0
10109655LANDROJ_2025-01-30_G22,10109655LANDROJ,2025-01-30,117836,1,4,0,575.0
10109655LANDROJ_2025-01-30_G23,10109655LANDROJ,2025-01-30,111439,1,6,0,133.0
10109655LANDROJ_2025-01-30_G24,10109655LANDROJ,2025-01-30,110752,1,6,0,83.0
10109655LANDROJ_2025-01-30_G25,10109655LANDROJ,2025-01-30,109647,1,10,0,196.0
10109655LANDROJ_2025-01-30_G26,10109655LANDROJ,2025-01-30,111602,1,16,0,262.0
10109655LANDROJ_2025-01-30_G27,10109655LANDROJ,2025-01-30,111532,1,15,0,245.0
10109655LANDROJ_2025-01-30_G28,10109655LANDROJ,2025-01-30,118004,2,4,7,239.0
10109655LANDROJ_2025-01-30_G29,10109655LANDROJ,2025-01-30,118222,1,10,0,151.0
10109655LANDROJ_2025-01-30_G30,10109655LANDROJ,2025-01-30,111602,1,4,0,124.0
10109655LANDROJ_2025-01-30_G31,10109655LANDROJ,2025-01-30,118004,2,6,9,83.0
10109655LANDROJ_2025-01-30_G32,10109655LANDROJ,2025-01-30,111532,1,9,0,40.0
10109655LANDROJ_2025-01-30_G33,10109655LANDROJ,2025-01-30,110515,1,10,0,336.0
10109655LANDROJ_2025-01-30_G34,10109655LANDROJ,2025-01-30,111435,1,2,0,480.0
10109655LANDROJ_2025-01-30_G35,10109655LANDROJ,2025-01-30,108794,1,1,0,59.0
10109655LANDROJ_2025-01-30_G36,10109655LANDROJ,2025-01-30,108794,1,1,0,115.0
10109655LANDROJ_2025-01-30_G37,10109655LANDROJ,2025-01-30,111532,1,4,0,109.0
10109655LANDROJ_2025-01-30_G38,10109655LANDROJ,2025-01-30,111468,1,1,0,154.0
10109655LANDROJ_2025-01-30_G39,10109655LANDROJ,2025-01-30,111433,1,4,0,394.0
10109655LANDROJ_2025-01-30_G40,10109655LANDROJ,2025-01-30,118140,1,1,0,89.0
10109655LANDROJ_2025-01-30_G41,10109655LANDROJ,2025-01-30,111466,3,14,14,304.0
10109655LANDROJ_2025-01-30_G42,10109655LANDROJ,2025-01-30,117831,2,7,7,105.0
10109655LANDROJ_2025-01-30_G43,10109655LANDROJ,2025-01-30,111418,1,7,0,94.0
10109655LANDROJ_2025-01-30_G44,10109655LANDROJ,2025-01-30,"110787, 109645",2,5,10,96.0
10109655LANDROJ_2025-01-30_G45,10109655LANDROJ,2025-01-30,140922,1,3,0,74.0
10109655LANDROJ_2025-01-30_G46,10109655LANDROJ,2025-01-30,108711,1,2,0,33.0
10109655LANDROJ_2025-01-30_G47,10109655LANDROJ,2025-01-30,117821,1,5,0,94.0
10109655LANDROJ_2025-01-30_G48,10109655LANDROJ,2025-01-30,"111469, 111463, 111462",5,12,31,57.0
10109655LANDROJ_2025-01-30_G49,10109655LANDROJ,2025-01-30,111462,1,8,0,66.0
10109655LANDROJ_2025-01-30_G50,10109655LANDROJ,2025-01-30,117856,1,3,0,296.0
10109655LANDROJ_2025-01-30_G52,10109655LANDROJ,2025-01-30,116611,1,4,0,193.0
10109655LANDROJ_2025-01-30_G53,10109655LANDROJ,2025-01-30,111466,1,20,0,207.0
10109655LANDROJ_2025-01-30_G54,10109655LANDROJ,2025-01-30,110751,1,4,0,334.0
10109655LANDROJ_2025-01-30_G55,10109655LANDROJ,2025-01-30,111172,1,24,0,223.0
10109655LANDROJ_2025-01-30_G56,10109655LANDROJ,2025-01-30,117841,1,12,0,117.0
10109655LANDROJ_2025-01-30_G57,10109655LANDROJ,2025-01-30,117821,1,22,0,450.0
10109655LANDROJ_2025-01-30_G58,10109655LANDROJ,2025-01-30,110373,1,167,0,347.0
10109655LANDROJ_2025-01-30_G59,10109655LANDROJ,2025-01-30,110371,1,117,0,591.0
10109655LANDROJ_2025-01-30_G60,10109655LANDROJ,2025-01-30,117808,1,120,0,189.0
10109655LANDROJ_2025-01-30_G61,10109655LANDROJ,2025-01-30,117808,1,200,0,166.0
10109655LANDROJ_2025-01-30_G62,10109655LANDROJ,2025-01-30,117808,1,390,0,1771.0
10109655LANDROJ_2025-01-30_G63,10109655LANDROJ,2025-01-30,111532,1,100,0,2098.0
10109655LANDROJ_2025-01-30_G64,10109655LANDROJ,2025-01-30,110325,1,1,0,524.0
10109655LANDROJ_2025-01-30_G65,10109655LANDROJ,2025-01-30,111445,1,1,0,243.0
10109655LANDROJ_2025-01-30_G66,10109655LANDROJ,2025-01-30,111435,1,4,0,213.0
10109655LANDROJ_2025-01-30_G67,10109655LANDROJ,2025-01-30,109641,1,8,0,130.0
10109655LANDROJ_2025-01-30_G68,10109655LANDROJ,2025-01-30,140922,1,12,0,135.0
10109655LANDROJ_2025-01-30_G69,10109655LANDROJ,2025-01-30,117841,1,20,0,366.0
10109655LANDROJ_2025-01-30_G70,10109655LANDROJ,2025-01-30,105705,1,4,0,99.0
10109655LANDROJ_2025-01-30_G71,10109655LANDROJ,2025-01-30,111469,1,4,0,55.0
10109655LANDROJ_2025-01-30_G72,10109655LANDROJ,2025-01-30,118299,1,4,0,97.0
10109655LANDROJ_2025-01-30_G73,10109655LANDROJ,2025-01-30,117832,1,42,0,76.0
10109655LANDROJ_2025-01-30_G74,10109655LANDROJ,2025-01-30,117808,2,10,8,96.0
10109655LANDROJ_2025-01-30_G75,10109655LANDROJ,2025-01-30,117820,1,4,0,97.0
10109655LANDROJ_2025-01-30_G76,10109655LANDROJ,2025-01-30,116611,1,4,0,274.0
10109655LANDROJ_2025-01-30_G77,10109655LANDROJ,2025-01-30,111759,1,23,0,200.0
10109655LANDROJ_2025-01-30_G78,10109655LANDROJ,2025-01-30,111532,1,12,0,262.0
10109655LANDROJ_2025-01-31_G02,10109655LANDROJ,2025-01-31,111850,1,28,0,102.0
10109655LANDROJ_2025-01-31_G03,10109655LANDROJ,2025-01-31,110895,1,12,0,175.0
10109655LANDROJ_2025-01-31_G04,10109655LANDROJ,2025-01-31,117935,1,12,0,144.0
10109655LANDROJ_2025-01-31_G05,10109655LANDROJ,2025-01-31,110711,1,11,0,444.0
10109655LANDROJ_2025-01-31_G06,10109655LANDROJ,2025-01-31,110515,1,1,0,86.0
10109655LANDROJ_2025-01-31_G07,10109655LANDROJ,2025-01-31,111532,1,4,0,530.0
10109655LANDROJ_2025-01-31_G08,10109655LANDROJ,2025-01-31,118140,1,1,0,68.0
10109655LANDROJ_2025-01-31_G09,10109655LANDROJ,2025-01-31,111418,1,7,0,153.0
10109655LANDROJ_2025-01-31_G10,10109655LANDROJ,2025-01-31,110372,1,12,0,231.0
10109655LANDROJ_2025-01-31_G11,10109655LANDROJ,2025-01-31,110373,1,8,0,88.0
10109655LANDROJ_2025-01-31_G12,10109655LANDROJ,2025-01-31,111602,1,7,0,1096.0
10109655LANDROJ_2025-01-31_G13,10109655LANDROJ,2025-01-31,110711,1,1,0,325.0
10109655LANDROJ_2025-01-31_G14,10109655LANDROJ,2025-01-31,118140,1,4,0,108.0
10109655LANDROJ_2025-01-31_G15,10109655LANDROJ,2025-01-31,111743,1,2,0,73.0
10109655LANDROJ_2025-01-31_G16,10109655LANDROJ,2025-01-31,110787,1,4,0,90.0
10109655LANDROJ_2025-01-31_G17,10109655LANDROJ,2025-01-31,111110,1,2,0,88.0
10109655LANDROJ_2025-01-31_G18,10109655LANDROJ,2025-01-31,110339,1,2,0,73.0
10109655LANDROJ_2025-01-31_G19,10109655LANDROJ,2025-01-31,110756,1,4,0,118.0
10109655LANDROJ_2025-01-31_G20,10109655LANDROJ,2025-01-31,110313,1,2,0,43.0
10109655LANDROJ_2025-01-31_G21,10109655LANDROJ,2025-01-31,110063,1,2,0,67.0
10109655LANDROJ_2025-01-31_G22,10109655LANDROJ,2025-01-31,118094,1,3,0,106.0
10109655LANDROJ_2025-01-31_G23,10109655LANDROJ,2025-01-31,110711,1,6,0,204.0
10109655LANDROJ_2025-01-31_G24,10109655LANDROJ,2025-01-31,141047,1,6,0,130.0
10109655LANDROJ_2025-01-31_G25,10109655LANDROJ,2025-01-31,110787,1,12,0,947.0
10109655LANDROJ_2025-01-31_G26,10109655LANDROJ,2025-01-31,108795,1,6,0,92.0
10109655LANDROJ_2025-01-31_G27,10109655LANDROJ,2025-01-31,140922,1,4,0,169.0
10109655LANDROJ_2025-01-31_G28,10109655LANDROJ,2025-01-31,110373,1,6,0,145.0
10109655LANDROJ_2025-01-31_G29,10109655LANDROJ,2025-01-31,110325,1,4,0,110.0
10109655LANDROJ_2025-01-31_G30,10109655LANDROJ,2025-01-31,117808,1,6,0,130.0
10109655LANDROJ_2025-01-31_G31,10109655LANDROJ,2025-01-31,116611,2,4,19,77.0
10109655LANDROJ_2025-01-31_G32,10109655LANDROJ,2025-01-31,140911,1,7,0,175.0
10109655LANDROJ_2025-01-31_G33,10109655LANDROJ,2025-01-31,110325,1,4,0,457.0
10109655LANDROJ_2025-01-31_G34,10109655LANDROJ,2025-01-31,110745,1,4,0,99.0
10109655LANDROJ_2025-01-31_G35,10109655LANDROJ,2025-01-31,110373,1,4,0,129.0
10109655LANDROJ_2025-01-31_G36,10109655LANDROJ,2025-01-31,110745,1,4,0,127.0
10109655LANDROJ_2025-01-31_G37,10109655LANDROJ,2025-01-31,110325,1,4,0,373.0
10109655LANDROJ_2025-01-31_G38,10109655LANDROJ,2025-01-31,109647,1,4,0,118.0
10109655LANDROJ_2025-01-31_G39,10109655LANDROJ,2025-01-31,111532,1,24,0,410.0
10109655LANDROJ_2025-01-31_G40,10109655LANDROJ,2025-01-31,"110372, 110373",2,6,8,297.0
10109655LANDROJ_2025-01-31_G41,10109655LANDROJ,2025-01-31,110515,1,1,0,655.0
10109655LANDROJ_2025-01-31_G43,10109655LANDROJ,2025-01-31,111418,1,50,0,46.0
10109655LANDROJ_2025-01-31_G44,10109655LANDROJ,2025-01-31,110787,1,18,0,113.0
10109655LANDROJ_2025-01-31_G45,10109655LANDROJ,2025-01-31,110751,1,4,0,57.0
10109655LANDROJ_2025-01-31_G46,10109655LANDROJ,2025-01-31,111348,1,10,0,122.0
10109655LANDROJ_2025-01-31_G47,10109655LANDROJ,2025-01-31,118223,1,2,0,37.0
10109655LANDROJ_2025-01-31_G48,10109655LANDROJ,2025-01-31,108795,1,33,0,142.0
10109655LANDROJ_2025-01-31_G49,10109655LANDROJ,2025-01-31,108711,1,15,0,551.0
10109655LANDROJ_2025-01-31_G50,10109655LANDROJ,2025-01-31,107830,1,6,0,295.0
10109655LANDROJ_2025-01-31_G51,10109655LANDROJ,2025-01-31,118299,2,150,15,201.0
10109655LANDROJ_2025-01-31_G52,10109655LANDROJ,2025-01-31,117808,1,56,0,935.0
10109655LANDROJ_2025-02-01_G02,10109655LANDROJ,2025-02-01,118094,1,6,0,320.0
10109655LANDROJ_2025-02-01_G03,10109655LANDROJ,2025-02-01,118140,1,233,0,638.0
10109655LANDROJ_2025-02-03_G02,10109655LANDROJ,2025-02-03,117832,2,822,25,2167.0
10109655LANDROJ_2025-02-03_G03,10109655LANDROJ,2025-02-03,117861,1,90,0,1675.0
10109655LANDROJ_2025-02-03_G04,10109655LANDROJ,2025-02-03,117861,1,200,0,210.0
10109655LANDROJ_2025-02-03_G05,10109655LANDROJ,2025-02-03,140922,1,186,0,977.0
10109655LANDROJ_2025-02-03_G06,10109655LANDROJ,2025-02-03,109649,1,49,0,1033.0
10109655LANDROJ_2025-02-03_G07,10109655LANDROJ,2025-02-03,111447,1,211,0,2490.0
10109655LANDROJ_2025-02-03_G08,10109655LANDROJ,2025-02-03,110747,1,73,0,1608.0
10109655LANDROJ_2025-02-03_G09,10109655LANDROJ,2025-02-03,110756,1,34,0,667.0
10109655LANDROJ_2025-02-03_G10,10109655LANDROJ,2025-02-03,110339,1,20,0,394.0
10109655LANDROJ_2025-02-04_G02,10109655LANDROJ,2025-02-04,110325,1,4,0,81.0
10109655LANDROJ_2025-02-04_G03,10109655LANDROJ,2025-02-04,118140,1,4,0,147.0
10109655LANDROJ_2025-02-04_G04,10109655LANDROJ,2025-02-04,140922,1,30,0,33.0
10109655LANDROJ_2025-02-04_G05,10109655LANDROJ,2025-02-04,140922,1,30,0,74.0
10109655LANDROJ_2025-02-04_G06,10109655LANDROJ,2025-02-04,110749,1,4,0,856.0
10109655LANDROJ_2025-02-04_G07,10109655LANDROJ,2025-02-04,110515,1,69,0,256.0
10109655LANDROJ_2025-02-04_G08,10109655LANDROJ,2025-02-04,110515,1,70,0,598.0
10109655LANDROJ_2025-02-04_G09,10109655LANDROJ,2025-02-04,110515,1,250,0,365.0
10109655LANDROJ_2025-02-04_G10,10109655LANDROJ,2025-02-04,120002,1,200,0,1438.0
10109655LANDROJ_2025-02-04_G11,10109655LANDROJ,2025-02-04,111469,1,10,0,555.0
10109655LANDROJ_2025-02-04_G12,10109655LANDROJ,2025-02-04,109747,1,61,0,554.0
10109655LANDROJ_2025-02-04_G13,10109655LANDROJ,2025-02-04,110756,1,5,0,1262.0
10109655LANDROJ_2025-02-04_G14,10109655LANDROJ,2025-02-04,117786,1,4,0,150.0
10109655LANDROJ_2025-02-04_G15,10109655LANDROJ,2025-02-04,111330,1,92,0,367.0
10109655LANDROJ_2025-02-04_G16,10109655LANDROJ,2025-02-04,118140,1,124,0,440.0
10109655LANDROJ_2025-02-04_G17,10109655LANDROJ,2025-02-04,117785,1,113,0,482.0
10109655LANDROJ_2025-02-04_G18,10109655LANDROJ,2025-02-04,111462,1,3,0,245.0
10109655LANDROJ_2025-02-04_G19,10109655LANDROJ,2025-02-04,117832,1,83,0,313.0
10109655LANDROJ_2025-02-04_G20,10109655LANDROJ,2025-02-04,110747,1,200,0,1384.0
10109655LANDROJ_2025-02-05_G02,10109655LANDROJ,2025-02-05,111172,2,4,7,118.0
10109655LANDROJ_2025-02-05_G03,10109655LANDROJ,2025-02-05,109641,1,2,0,126.0
10109655LANDROJ_2025-02-05_G04,10109655LANDROJ,2025-02-05,111462,1,4,0,71.0
10109655LANDROJ_2025-02-05_G05,10109655LANDROJ,2025-02-05,111438,1,2,0,335.0
10109655LANDROJ_2025-02-05_G06,10109655LANDROJ,2025-02-05,110372,1,8,0,129.0
10109655LANDROJ_2025-02-05_G07,10109655LANDROJ,2025-02-05,117809,1,2,0,63.0
10109655LANDROJ_2025-02-05_G08,10109655LANDROJ,2025-02-05,110325,1,4,0,82.0
10109655LANDROJ_2025-02-05_G09,10109655LANDROJ,2025-02-05,109747,1,4,0,99.0
10109655LANDROJ_2025-02-05_G10,10109655LANDROJ,2025-02-05,117808,1,8,0,110.0
10109655LANDROJ_2025-02-05_G11,10109655LANDROJ,2025-02-05,117820,1,2,0,74.0
10109655LANDROJ_2025-02-05_G12,10109655LANDROJ,2025-02-05,110579,1,2,0,863.0
10109655LANDROJ_2025-02-05_G13,10109655LANDROJ,2025-02-05,110313,1,5,0,143.0
10109655LANDROJ_2025-02-05_G14,10109655LANDROJ,2025-02-05,111532,1,2,0,87.0
10109655LANDROJ_2025-02-05_G15,10109655LANDROJ,2025-02-05,110325,1,4,0,99.0
10109655LANDROJ_2025-02-05_G16,10109655LANDROJ,2025-02-05,117831,1,7,0,302.0
10109655LANDROJ_2025-02-05_G17,10109655LANDROJ,2025-02-05,111172,1,4,0,109.0
10109655LANDROJ_2025-02-05_G18,10109655LANDROJ,2025-02-05,111330,1,4,0,74.0
10109655LANDROJ_2025-02-05_G19,10109655LANDROJ,2025-02-05,"108798, 140922",2,9,28,196.0
10109655LANDROJ_2025-02-05_G20,10109655LANDROJ,2025-02-05,111462,1,3,0,84.0
10109655LANDROJ_2025-02-05_G21,10109655LANDROJ,2025-02-05,111851,1,2,0,526.0
10109655LANDROJ_2025-02-05_G22,10109655LANDROJ,2025-02-05,111705,1,2,0,182.0
10109655LANDROJ_2025-02-05_G23,10109655LANDROJ,2025-02-05,108361,1,4,0,206.0
10109655LANDROJ_2025-02-05_G24,10109655LANDROJ,2025-02-05,110339,1,4,0,130.0
10109655LANDROJ_2025-02-05_G25,10109655LANDROJ,2025-02-05,118094,1,2,0,61.0
10109655LANDROJ_2025-02-05_G26,10109655LANDROJ,2025-02-05,111602,1,4,0,107.0
10109655LANDROJ_2025-02-05_G27,10109655LANDROJ,2025-02-05,110313,1,4,0,192.0
10109655LANDROJ_2025-02-05_G28,10109655LANDROJ,2025-02-05,110063,1,1,0,42.0
10109655LANDROJ_2025-02-05_G29,10109655LANDROJ,2025-02-05,111530,1,5,0,127.0
10109655LANDROJ_2025-02-05_G30,10109655LANDROJ,2025-02-05,117861,2,6,6,89.0
10109655LANDROJ_2025-02-05_G31,10109655LANDROJ,2025-02-05,110515,2,9,8,228.0
10109655LANDROJ_2025-02-05_G32,10109655LANDROJ,2025-02-05,107629,2,8,11,209.0
10109655LANDROJ_2025-02-05_G33,10109655LANDROJ,2025-02-05,110372,1,6,0,174.0
10109655LANDROJ_2025-02-05_G34,10109655LANDROJ,2025-02-05,110373,1,7,0,150.0
10109655LANDROJ_2025-02-05_G35,10109655LANDROJ,2025-02-05,117809,1,6,0,740.0
10109655LANDROJ_2025-02-05_G36,10109655LANDROJ,2025-02-05,118299,1,5,0,105.0
10109655LANDROJ_2025-02-05_G37,10109655LANDROJ,2025-02-05,117808,1,4,0,106.0
10109655LANDROJ_2025-02-05_G38,10109655LANDROJ,2025-02-05,117830,1,4,0,105.0
10109655LANDROJ_2025-02-05_G39,10109655LANDROJ,2025-02-05,109643,1,2,0,41.0
10109655LANDROJ_2025-02-05_G40,10109655LANDROJ,2025-02-05,117820,2,8,6,118.0
10109655LANDROJ_2025-02-05_G41,10109655LANDROJ,2025-02-05,118094,1,10,0,159.0
10109655LANDROJ_2025-02-05_G42,10109655LANDROJ,2025-02-05,"110581, 110313",2,8,13,222.0
10109655LANDROJ_2025-02-05_G43,10109655LANDROJ,2025-02-05,111530,1,7,0,80.0
10109655LANDROJ_2025-02-05_G44,10109655LANDROJ,2025-02-05,108361,1,4,0,399.0
10109655LANDROJ_2025-02-05_G45,10109655LANDROJ,2025-02-05,110092,1,2,0,142.0
10109655LANDROJ_2025-02-05_G46,10109655LANDROJ,2025-02-05,"141035, 110339",2,12,15,75.0
10109655LANDROJ_2025-02-05_G47,10109655LANDROJ,2025-02-05,111602,1,12,0,139.0
10109655LANDROJ_2025-02-05_G48,10109655LANDROJ,2025-02-05,111467,1,4,0,180.0
10109655LANDROJ_2025-02-05_G49,10109655LANDROJ,2025-02-05,110515,1,3,0,209.0
10109655LANDROJ_2025-02-05_G50,10109655LANDROJ,2025-02-05,110711,1,3,0,175.0
10109655LANDROJ_2025-02-05_G51,10109655LANDROJ,2025-02-05,117862,1,4,0,140.0
10109655LANDROJ_2025-02-05_G52,10109655LANDROJ,2025-02-05,"111172, 111532",2,5,22,166.0
10109655LANDROJ_2025-02-05_G53,10109655LANDROJ,2025-02-05,110740,1,4,0,149.0
10109655LANDROJ_2025-02-05_G54,10109655LANDROJ,2025-02-05,111418,1,10,0,152.0
10109655LANDROJ_2025-02-05_G55,10109655LANDROJ,2025-02-05,117785,1,2,0,80.0
10109655LANDROJ_2025-02-05_G56,10109655LANDROJ,2025-02-05,110748,1,4,0,108.0
10109655LANDROJ_2025-02-05_G57,10109655LANDROJ,2025-02-05,109747,1,1,0,443.0
10109655LANDROJ_2025-02-05_G58,10109655LANDROJ,2025-02-05,109643,1,4,0,88.0
10109655LANDROJ_2025-02-05_G59,10109655LANDROJ,2025-02-05,105705,1,4,0,150.0
10109655LANDROJ_2025-02-05_G60,10109655LANDROJ,2025-02-05,111469,1,5,0,35.0
10109655LANDROJ_2025-02-06_G02,10109655LANDROJ,2025-02-06,108759,1,6,0,69.0
10109655LANDROJ_2025-02-06_G03,10109655LANDROJ,2025-02-06,117834,2,16,8,253.0
10109655LANDROJ_2025-02-06_G04,10109655LANDROJ,2025-02-06,109937,1,1,0,182.0
10109655LANDROJ_2025-02-06_G05,10109655LANDROJ,2025-02-06,160057,1,4,0,165.0
10109655LANDROJ_2025-02-06_G06,10109655LANDROJ,2025-02-06,111090,1,8,0,128.0
10109655LANDROJ_2025-02-06_G07,10109655LANDROJ,2025-02-06,117935,1,1,0,413.0
10109655LANDROJ_2025-02-06_G08,10109655LANDROJ,2025-02-06,111602,4,36,24,1683.0
10109655LANDROJ_2025-02-06_G09,10109655LANDROJ,2025-02-06,109640,1,6,0,229.0
10109655LANDROJ_2025-02-06_G10,10109655LANDROJ,2025-02-06,110515,1,20,0,357.0
10109655LANDROJ_2025-02-06_G11,10109655LANDROJ,2025-02-06,117788,1,8,0,234.0
10109655LANDROJ_2025-02-06_G12,10109655LANDROJ,2025-02-06,107629,1,14,0,307.0
10109655LANDROJ_2025-02-06_G13,10109655LANDROJ,2025-02-06,116241,3,28,17,117.0
10109655LANDROJ_2025-02-06_G14,10109655LANDROJ,2025-02-06,117831,1,10,0,157.0
10109655LANDROJ_2025-02-06_G15,10109655LANDROJ,2025-02-06,111172,1,10,0,125.0
10109655LANDROJ_2025-02-06_G16,10109655LANDROJ,2025-02-06,111532,1,10,0,47.0
10109655LANDROJ_2025-02-06_G17,10109655LANDROJ,2025-02-06,118004,1,10,0,64.0
10109655LANDROJ_2025-02-06_G18,10109655LANDROJ,2025-02-06,111442,1,15,0,59.0
10109655LANDROJ_2025-02-06_G19,10109655LANDROJ,2025-02-06,110740,1,8,0,270.0
10109655LANDROJ_2025-02-06_G20,10109655LANDROJ,2025-02-06,118140,1,20,0,525.0
10109655LANDROJ_2025-02-06_G21,10109655LANDROJ,2025-02-06,118326,1,4,0,156.0
10109655LANDROJ_2025-02-06_G22,10109655LANDROJ,2025-02-06,110745,1,10,0,149.0
10109655LANDROJ_2025-02-06_G23,10109655LANDROJ,2025-02-06,117841,1,4,0,112.0
10109655LANDROJ_2025-02-06_G24,10109655LANDROJ,2025-02-06,117821,1,10,0,134.0
10109655LANDROJ_2025-02-06_G25,10109655LANDROJ,2025-02-06,111462,2,40,10,194.0
10109655LANDROJ_2025-02-06_G26,10109655LANDROJ,2025-02-06,111433,1,6,0,385.0
10109655LANDROJ_2025-02-06_G27,10109655LANDROJ,2025-02-06,117822,3,11,15,143.0
10109655LANDROJ_2025-02-06_G28,10109655LANDROJ,2025-02-06,110372,1,60,0,67.0
10109655LANDROJ_2025-02-06_G29,10109655LANDROJ,2025-02-06,110373,2,46,10,712.0
10109655LANDROJ_2025-02-06_G30,10109655LANDROJ,2025-02-06,160051,1,3,0,170.0
10109655LANDROJ_2025-02-06_G31,10109655LANDROJ,2025-02-06,117840,1,14,0,153.0
10109655LANDROJ_2025-02-06_G32,10109655LANDROJ,2025-02-06,109643,1,7,0,219.0
10109655LANDROJ_2025-02-07_G02,10109655LANDROJ,2025-02-07,111532,1,33,0,110.0
10109655LANDROJ_2025-02-07_G03,10109655LANDROJ,2025-02-07,110374,1,40,0,432.0
10109655LANDROJ_2025-02-07_G04,10109655LANDROJ,2025-02-07,111598,1,2,0,463.0
10109655LANDROJ_2025-02-07_G05,10109655LANDROJ,2025-02-07,111467,1,2,0,98.0
10109655LANDROJ_2025-02-07_G06,10109655LANDROJ,2025-02-07,111530,1,3,0,97.0
10109655LANDROJ_2025-02-07_G07,10109655LANDROJ,2025-02-07,141047,1,2,0,68.0
10109655LANDROJ_2025-02-07_G08,10109655LANDROJ,2025-02-07,111468,1,2,0,101.0
10109655LANDROJ_2025-02-07_G09,10109655LANDROJ,2025-02-07,111743,1,4,0,91.0
10109655LANDROJ_2025-02-07_G10,10109655LANDROJ,2025-02-07,108711,1,4,0,109.0
10109655LANDROJ_2025-02-07_G11,10109655LANDROJ,2025-02-07,117833,1,3,0,58.0
10109655LANDROJ_2025-02-07_G12,10109655LANDROJ,2025-02-07,107830,1,4,0,140.0
10109655LANDROJ_2025-02-07_G13,10109655LANDROJ,2025-02-07,"109747, 110374",5,18,39,101.0
10109655LANDROJ_2025-02-07_G14,10109655LANDROJ,2025-02-07,117830,1,4,0,183.0
10109655LANDROJ_2025-02-07_G15,10109655LANDROJ,2025-02-07,117820,1,12,0,103.0
10109655LANDROJ_2025-02-07_G16,10109655LANDROJ,2025-02-07,117808,1,20,0,471.0
10109655LANDROJ_2025-02-07_G17,10109655LANDROJ,2025-02-07,110339,1,8,0,650.0
10109655LANDROJ_2025-02-07_G18,10109655LANDROJ,2025-02-07,111602,1,16,0,46.0
10109655LANDROJ_2025-02-07_G19,10109655LANDROJ,2025-02-07,110313,1,7,0,104.0
10109655LANDROJ_2025-02-07_G20,10109655LANDROJ,2025-02-07,111467,1,12,0,94.0
10109655LANDROJ_2025-02-07_G21,10109655LANDROJ,2025-02-07,"110515, 111530",2,20,21,218.0
10109655LANDROJ_2025-02-07_G22,10109655LANDROJ,2025-02-07,"110711, 141047",2,3,12,112.0
10109655LANDROJ_2025-02-07_G23,10109655LANDROJ,2025-02-07,117831,1,12,0,314.0
10109655LANDROJ_2025-02-07_G24,10109655LANDROJ,2025-02-07,110743,1,1,0,79.0
10109655LANDROJ_2025-02-07_G25,10109655LANDROJ,2025-02-07,110787,1,15,0,141.0
10109655LANDROJ_2025-02-07_G26,10109655LANDROJ,2025-02-07,109645,1,2,0,38.0
10109655LANDROJ_2025-02-07_G27,10109655LANDROJ,2025-02-07,111443,1,2,0,58.0
10109655LANDROJ_2025-02-07_G28,10109655LANDROJ,2025-02-07,117833,1,2,0,106.0
10109655LANDROJ_2025-02-07_G29,10109655LANDROJ,2025-02-07,117821,1,12,0,152.0
10109655LANDROJ_2025-02-07_G30,10109655LANDROJ,2025-02-07,111462,1,25,0,247.0
10109655LANDROJ_2025-02-07_G31,10109655LANDROJ,2025-02-07,107830,1,1,0,41.0
10109655LANDROJ_2025-02-07_G32,10109655LANDROJ,2025-02-07,110371,1,40,0,273.0
10109655LANDROJ_2025-02-07_G33,10109655LANDROJ,2025-02-07,110372,1,111,0,180.0
10109655LANDROJ_2025-02-07_G34,10109655LANDROJ,2025-02-07,110374,1,35,0,764.0
10109655LANDROJ_2025-02-07_G35,10109655LANDROJ,2025-02-07,110375,1,20,0,306.0
10109655LANDROJ_2025-02-07_G36,10109655LANDROJ,2025-02-07,117808,1,260,0,325.0
10109655LANDROJ_2025-02-07_G37,10109655LANDROJ,2025-02-07,110325,1,31,0,559.0
10109655LANDROJ_2025-02-08_G02,10109655LANDROJ,2025-02-08,118222,1,70,0,964.0
10109655LANDROJ_2025-02-08_G03,10109655LANDROJ,2025-02-08,110895,1,50,0,331.0
10109655LANDROJ_2025-02-08_G04,10109655LANDROJ,2025-02-08,110747,1,28,0,2149.0
10109655LANDROJ_2025-02-08_G05,10109655LANDROJ,2025-02-08,105359,1,2,0,126.0
10109655LANDROJ_2025-02-08_G06,10109655LANDROJ,2025-02-08,107254,1,4,0,158.0
10109655LANDROJ_2025-02-08_G07,10109655LANDROJ,2025-02-08,110313,1,80,0,154.0
10109655LANDROJ_2025-02-08_G08,10109655LANDROJ,2025-02-08,117837,1,16,0,652.0
10109655LANDROJ_2025-02-08_G09,10109655LANDROJ,2025-02-08,118403,1,40,0,412.0
10109655LANDROJ_2025-02-08_G10,10109655LANDROJ,2025-02-08,110581,1,4,0,139.0
10109655LANDROJ_2025-02-08_G11,10109655LANDROJ,2025-02-08,109640,1,73,0,214.0
10109655LANDROJ_2025-02-08_G12,10109655LANDROJ,2025-02-08,111876,1,20,0,624.0
10109655LANDROJ_2025-02-08_G13,10109655LANDROJ,2025-02-08,141047,1,30,0,97.0
10109655LANDROJ_2025-02-08_G14,10109655LANDROJ,2025-02-08,110129,1,70,0,602.0
10109655LANDROJ_2025-02-08_G15,10109655LANDROJ,2025-02-08,117841,1,6,0,458.0
10109655LANDROJ_2025-02-08_G16,10109655LANDROJ,2025-02-08,105705,1,30,0,142.0
10109655LANDROJ_2025-02-08_G18,10109655LANDROJ,2025-02-08,110372,1,600,0,904.0
10109655LANDROJ_2025-02-08_G19,10109655LANDROJ,2025-02-08,110373,1,300,0,769.0
10109655LANDROJ_2025-02-08_G20,10109655LANDROJ,2025-02-08,110374,1,150,0,546.0
10109655LANDROJ_2025-02-08_G21,10109655LANDROJ,2025-02-08,117820,1,250,0,853.0
10109655LANDROJ_2025-02-08_G22,10109655LANDROJ,2025-02-08,118094,1,4,0,1012.0
10109655LANDROJ_2025-02-08_G23,10109655LANDROJ,2025-02-08,111467,1,2,0,86.0
10109655LANDROJ_2025-02-08_G24,10109655LANDROJ,2025-02-08,118298,1,4,0,121.0
10109655LANDROJ_2025-02-08_G25,10109655LANDROJ,2025-02-08,110711,1,3,0,104.0
10109655LANDROJ_2025-02-08_G26,10109655LANDROJ,2025-02-08,118004,1,4,0,94.0
10109655LANDROJ_2025-02-08_G27,10109655LANDROJ,2025-02-08,110740,1,2,0,61.0
10109655LANDROJ_2025-02-08_G28,10109655LANDROJ,2025-02-08,118140,1,2,0,80.0
10109655LANDROJ_2025-02-08_G29,10109655LANDROJ,2025-02-08,110745,1,2,0,80.0
10109655LANDROJ_2025-02-08_G30,10109655LANDROJ,2025-02-08,108711,1,6,0,113.0
10109655LANDROJ_2025-02-08_G31,10109655LANDROJ,2025-02-08,110371,1,4,0,139.0
10109655LANDROJ_2025-02-08_G32,10109655LANDROJ,2025-02-08,110373,1,2,0,37.0
10109655LANDROJ_2025-02-08_G33,10109655LANDROJ,2025-02-08,109747,1,1,0,104.0
10109655LANDROJ_2025-02-08_G34,10109655LANDROJ,2025-02-08,110374,1,4,0,69.0
10109655LANDROJ_2025-02-08_G35,10109655LANDROJ,2025-02-08,117808,1,2,0,189.0
10109655LANDROJ_2025-02-08_G36,10109655LANDROJ,2025-02-08,111467,1,8,0,123.0
10109655LANDROJ_2025-02-08_G37,10109655LANDROJ,2025-02-08,110374,1,2,0,396.0
10109655LANDROJ_2025-02-08_G38,10109655LANDROJ,2025-02-08,117833,1,4,0,120.0
10109655LANDROJ_2025-02-10_G02,10109655LANDROJ,2025-02-10,111602,1,4,0,112.0
10109655LANDROJ_2025-02-10_G03,10109655LANDROJ,2025-02-10,111876,1,3,0,178.0
10109655LANDROJ_2025-02-10_G04,10109655LANDROJ,2025-02-10,110515,1,3,0,92.0
10109655LANDROJ_2025-02-10_G05,10109655LANDROJ,2025-02-10,111530,1,3,0,81.0
10109655LANDROJ_2025-02-10_G06,10109655LANDROJ,2025-02-10,111532,1,8,0,160.0
10109655LANDROJ_2025-02-10_G07,10109655LANDROJ,2025-02-10,118004,1,6,0,66.0
10109655LANDROJ_2025-02-10_G08,10109655LANDROJ,2025-02-10,110787,1,5,0,135.0
10109655LANDROJ_2025-02-10_G09,10109655LANDROJ,2025-02-10,118281,1,2,0,133.0
10109655LANDROJ_2025-02-10_G10,10109655LANDROJ,2025-02-10,117836,1,4,0,673.0
10109655LANDROJ_2025-02-10_G11,10109655LANDROJ,2025-02-10,118403,1,2,0,94.0
10109655LANDROJ_2025-02-10_G12,10109655LANDROJ,2025-02-10,109641,1,2,0,119.0
10109655LANDROJ_2025-02-10_G13,10109655LANDROJ,2025-02-10,111462,1,2,0,92.0
10109655LANDROJ_2025-02-10_G14,10109655LANDROJ,2025-02-10,110374,1,4,0,131.0
10109655LANDROJ_2025-02-10_G15,10109655LANDROJ,2025-02-10,118299,1,8,0,151.0
10109655LANDROJ_2025-02-10_G16,10109655LANDROJ,2025-02-10,117821,1,8,0,267.0
10109655LANDROJ_2025-02-10_G18,10109655LANDROJ,2025-02-10,109641,1,4,0,57.0
10109655LANDROJ_2025-02-10_G19,10109655LANDROJ,2025-02-10,111330,1,2,0,59.0
10109655LANDROJ_2025-02-10_G20,10109655LANDROJ,2025-02-10,117838,1,10,0,156.0
10109655LANDROJ_2025-02-10_G21,10109655LANDROJ,2025-02-10,109645,1,30,0,61.0
10109655LANDROJ_2025-02-10_G22,10109655LANDROJ,2025-02-10,110745,1,4,0,32.0
10109655LANDROJ_2025-02-10_G23,10109655LANDROJ,2025-02-10,117787,1,110,0,454.0
10109655LANDROJ_2025-02-10_G24,10109655LANDROJ,2025-02-10,118330,1,5,0,297.0
10109655LANDROJ_2025-02-10_G25,10109655LANDROJ,2025-02-10,117837,1,26,0,633.0
10109655LANDROJ_2025-02-10_G26,10109655LANDROJ,2025-02-10,117855,1,54,0,525.0
10109655LANDROJ_2025-02-10_G28,10109655LANDROJ,2025-02-10,108961,1,4,0,475.0
10109655LANDROJ_2025-02-10_G29,10109655LANDROJ,2025-02-10,118298,1,40,0,87.0
10109655LANDROJ_2025-02-10_G30,10109655LANDROJ,2025-02-10,117788,1,4,0,74.0
10109655LANDROJ_2025-02-11_G02,10109655LANDROJ,2025-02-11,118222,1,11,0,406.0
10109655LANDROJ_2025-02-11_G03,10109655LANDROJ,2025-02-11,117834,1,12,0,193.0
10109655LANDROJ_2025-02-11_G04,10109655LANDROJ,2025-02-11,109937,1,4,0,195.0
10109655LANDROJ_2025-02-11_G05,10109655LANDROJ,2025-02-11,"110895, 111569",2,6,27,139.0
10109655LANDROJ_2025-02-11_G06,10109655LANDROJ,2025-02-11,118306,1,8,0,212.0
10109655LANDROJ_2025-02-11_G07,10109655LANDROJ,2025-02-11,117837,1,8,0,326.0
10109655LANDROJ_2025-02-11_G08,10109655LANDROJ,2025-02-11,110580,1,4,0,150.0
10109655LANDROJ_2025-02-11_G09,10109655LANDROJ,2025-02-11,111602,1,15,0,122.0
10109655LANDROJ_2025-02-11_G10,10109655LANDROJ,2025-02-11,111467,1,16,0,51.0
10109655LANDROJ_2025-02-11_G11,10109655LANDROJ,2025-02-11,111876,1,4,0,381.0
10109655LANDROJ_2025-02-11_G12,10109655LANDROJ,2025-02-11,110515,1,20,0,173.0
10109655LANDROJ_2025-02-11_G13,10109655LANDROJ,2025-02-11,141047,1,2,0,334.0
10109655LANDROJ_2025-02-11_G14,10109655LANDROJ,2025-02-11,117855,1,6,0,119.0
10109655LANDROJ_2025-02-11_G15,10109655LANDROJ,2025-02-11,118094,1,5,0,112.0
10109655LANDROJ_2025-02-11_G16,10109655LANDROJ,2025-02-11,110371,1,15,0,196.0
10109655LANDROJ_2025-02-11_G17,10109655LANDROJ,2025-02-11,110372,1,56,0,451.0
10109655LANDROJ_2025-02-11_G18,10109655LANDROJ,2025-02-11,110373,1,48,0,275.0
10109655LANDROJ_2025-02-11_G19,10109655LANDROJ,2025-02-11,118299,1,332,0,630.0
10109655LANDROJ_2025-02-11_G20,10109655LANDROJ,2025-02-11,117808,1,595,0,943.0
10109655LANDROJ_2025-02-11_G21,10109655LANDROJ,2025-02-11,117830,1,7,0,556.0
10109655LANDROJ_2025-02-11_G22,10109655LANDROJ,2025-02-11,117809,1,8,0,82.0
10109655LANDROJ_2025-02-11_G23,10109655LANDROJ,2025-02-11,117820,1,110,0,94.0
10109655LANDROJ_2025-02-11_G24,10109655LANDROJ,2025-02-11,111469,1,46,0,429.0
10109655LANDROJ_2025-02-11_G25,10109655LANDROJ,2025-02-11,117935,1,6,0,1375.0
10109655LANDROJ_2025-02-11_G26,10109655LANDROJ,2025-02-11,117837,1,6,0,206.0
10109655LANDROJ_2025-02-11_G27,10109655LANDROJ,2025-02-11,111876,1,9,0,148.0
10109655LANDROJ_2025-02-11_G28,10109655LANDROJ,2025-02-11,111530,1,15,0,170.0
10109655LANDROJ_2025-02-11_G29,10109655LANDROJ,2025-02-11,110711,1,12,0,175.0
10109655LANDROJ_2025-02-11_G30,10109655LANDROJ,2025-02-11,111469,1,24,0,62.0
10109655LANDROJ_2025-02-11_G31,10109655LANDROJ,2025-02-11,111435,1,9,0,300.0
10109655LANDROJ_2025-02-11_G32,10109655LANDROJ,2025-02-11,117831,1,21,0,325.0
10109655LANDROJ_2025-02-11_G33,10109655LANDROJ,2025-02-11,118140,1,50,0,86.0
10109655LANDROJ_2025-02-11_G34,10109655LANDROJ,2025-02-11,117841,1,12,0,540.0
10109655LANDROJ_2025-02-11_G35,10109655LANDROJ,2025-02-11,111462,1,70,0,180.0
10109655LANDROJ_2025-02-11_G36,10109655LANDROJ,2025-02-11,110373,1,125,0,561.0
10109655LANDROJ_2025-02-11_G37,10109655LANDROJ,2025-02-11,110374,1,19,0,247.0
10109655LANDROJ_2025-02-11_G38,10109655LANDROJ,2025-02-11,118299,1,95,0,326.0
10109655LANDROJ_2025-02-11_G39,10109655LANDROJ,2025-02-11,117808,1,400,0,660.0
10109655LANDROJ_2025-02-11_G41,10109655LANDROJ,2025-02-11,111437,1,1,0,224.0
10109655LANDROJ_2025-02-11_G42,10109655LANDROJ,2025-02-11,108759,1,4,0,158.0
10109655LANDROJ_2025-02-11_G43,10109655LANDROJ,2025-02-11,140988,1,4,0,65.0
10109655LANDROJ_2025-02-11_G44,10109655LANDROJ,2025-02-11,118222,1,24,0,170.0
10109655LANDROJ_2025-02-11_G45,10109655LANDROJ,2025-02-11,117834,1,24,0,45.0
10109655LANDROJ_2025-02-11_G46,10109655LANDROJ,2025-02-11,100334,1,10,0,156.0
10109655LANDROJ_2025-02-11_G47,10109655LANDROJ,2025-02-11,117837,1,12,0,184.0
10109655LANDROJ_2025-02-11_G48,10109655LANDROJ,2025-02-11,111467,1,40,0,223.0
10109655LANDROJ_2025-02-11_G49,10109655LANDROJ,2025-02-11,111602,1,46,0,332.0
10109655LANDROJ_2025-02-11_G50,10109655LANDROJ,2025-02-11,116241,1,2,0,683.0
10109655LANDROJ_2025-02-11_G51,10109655LANDROJ,2025-02-11,111431,1,14,0,470.0
10109655LANDROJ_2025-02-11_G52,10109655LANDROJ,2025-02-11,117831,1,60,0,1388.0
10109655LANDROJ_2025-02-11_G53,10109655LANDROJ,2025-02-11,111532,1,14,0,379.0
10109655LANDROJ_2025-02-11_G54,10109655LANDROJ,2025-02-11,118004,1,50,0,79.0
10109655LANDROJ_2025-02-11_G55,10109655LANDROJ,2025-02-11,110740,1,60,0,314.0
10109655LANDROJ_2025-02-11_G56,10109655LANDROJ,2025-02-11,111468,1,8,0,57.0
10109655LANDROJ_2025-02-11_G57,10109655LANDROJ,2025-02-11,109645,1,4,0,110.0
10109655LANDROJ_2025-02-11_G58,10109655LANDROJ,2025-02-11,110745,1,43,0,304.0
10109655LANDROJ_2025-02-11_G59,10109655LANDROJ,2025-02-11,108711,1,20,0,375.0
10109655LANDROJ_2025-02-11_G60,10109655LANDROJ,2025-02-11,117821,1,120,0,260.0
10109655LANDROJ_2025-02-11_G61,10109655LANDROJ,2025-02-11,111462,1,100,0,188.0
10109655LANDROJ_2025-02-11_G62,10109655LANDROJ,2025-02-11,111182,1,12,0,995.0
10109655LANDROJ_2025-02-11_G63,10109655LANDROJ,2025-02-11,118299,1,300,0,455.0
10109655LANDROJ_2025-02-11_G64,10109655LANDROJ,2025-02-11,117808,1,375,0,207.0
10109655LANDROJ_2025-02-12_G02,10109655LANDROJ,2025-02-12,117785,1,5,0,139.0
10109655LANDROJ_2025-02-12_G03,10109655LANDROJ,2025-02-12,117785,1,55,0,77.0
10109655LANDROJ_2025-02-12_G04,10109655LANDROJ,2025-02-12,140922,2,70,9,380.0
10109655LANDROJ_2025-02-12_G05,10109655LANDROJ,2025-02-12,117822,1,27,0,496.0
10109655LANDROJ_2025-02-12_G06,10109655LANDROJ,2025-02-12,117840,1,11,0,157.0
10109655LANDROJ_2025-02-12_G07,10109655LANDROJ,2025-02-12,118299,1,300,0,162.0
10109655LANDROJ_2025-02-12_G08,10109655LANDROJ,2025-02-12,117809,1,150,0,463.0
10109655LANDROJ_2025-02-12_G09,10109655LANDROJ,2025-02-12,110375,1,50,0,62.0
10109655LANDROJ_2025-02-12_G10,10109655LANDROJ,2025-02-12,110373,1,300,0,562.0
10109655LANDROJ_2025-02-12_G11,10109655LANDROJ,2025-02-12,110742,1,12,0,983.0
10109655LANDROJ_2025-02-12_G12,10109655LANDROJ,2025-02-12,118222,1,9,0,327.0
10109655LANDROJ_2025-02-12_G13,10109655LANDROJ,2025-02-12,110895,1,30,0,107.0
10109655LANDROJ_2025-02-12_G14,10109655LANDROJ,2025-02-12,111569,1,8,0,409.0
10109655LANDROJ_2025-02-12_G15,10109655LANDROJ,2025-02-12,118403,1,4,0,202.0
10109655LANDROJ_2025-02-12_G16,10109655LANDROJ,2025-02-12,111602,1,19,0,156.0
10109655LANDROJ_2025-02-12_G17,10109655LANDROJ,2025-02-12,111467,1,2,0,57.0
10109655LANDROJ_2025-02-12_G18,10109655LANDROJ,2025-02-12,118094,1,80,0,170.0
10109655LANDROJ_2025-02-12_G19,10109655LANDROJ,2025-02-12,109647,1,4,0,52.0
10109655LANDROJ_2025-02-12_G20,10109655LANDROJ,2025-02-12,110750,1,3,0,113.0
10109655LANDROJ_2025-02-12_G21,10109655LANDROJ,2025-02-12,107629,1,12,0,163.0
10109655LANDROJ_2025-02-12_G22,10109655LANDROJ,2025-02-12,110372,1,65,0,533.0
10109655LANDROJ_2025-02-12_G23,10109655LANDROJ,2025-02-12,110374,1,16,0,229.0
10109655LANDROJ_2025-02-12_G24,10109655LANDROJ,2025-02-12,118299,1,166,0,334.0
10109655LANDROJ_2025-02-12_G25,10109655LANDROJ,2025-02-12,110375,1,8,0,1143.0
10109655LANDROJ_2025-02-12_G26,10109655LANDROJ,2025-02-12,117808,1,209,0,317.0
10109655LANDROJ_2025-02-12_G27,10109655LANDROJ,2025-02-12,117830,1,7,0,277.0
10109655LANDROJ_2025-02-12_G28,10109655LANDROJ,2025-02-12,109747,1,1,0,87.0
10109655LANDROJ_2025-02-12_G29,10109655LANDROJ,2025-02-12,109643,1,6,0,85.0
10109655LANDROJ_2025-02-12_G30,10109655LANDROJ,2025-02-12,108798,1,4,0,346.0
10109655LANDROJ_2025-02-12_G31,10109655LANDROJ,2025-02-12,117855,1,2,0,154.0
10109655LANDROJ_2025-02-12_G32,10109655LANDROJ,2025-02-12,111465,1,8,0,270.0
10109655LANDROJ_2025-02-12_G33,10109655LANDROJ,2025-02-12,117837,1,40,0,275.0
10109655LANDROJ_2025-02-12_G34,10109655LANDROJ,2025-02-12,117786,1,4,0,1062.0
10109655LANDROJ_2025-02-12_G35,10109655LANDROJ,2025-02-12,110895,1,8,0,272.0
10109655LANDROJ_2025-02-12_G36,10109655LANDROJ,2025-02-12,111602,1,3,0,80.0
10109655LANDROJ_2025-02-12_G37,10109655LANDROJ,2025-02-12,117786,2,6,25,128.0
10109655LANDROJ_2025-02-12_G38,10109655LANDROJ,2025-02-12,111466,1,2,0,129.0
10109655LANDROJ_2025-02-12_G39,10109655LANDROJ,2025-02-12,110372,1,6,0,115.0
10109655LANDROJ_2025-02-12_G40,10109655LANDROJ,2025-02-12,117832,1,1,0,87.0
10109655LANDROJ_2025-02-12_G41,10109655LANDROJ,2025-02-12,110375,1,2,0,58.0
10109655LANDROJ_2025-02-12_G42,10109655LANDROJ,2025-02-12,117830,1,2,0,77.0
10109655LANDROJ_2025-02-12_G43,10109655LANDROJ,2025-02-12,111466,1,10,0,525.0
10109655LANDROJ_2025-02-12_G44,10109655LANDROJ,2025-02-12,117832,1,2,0,55.0
10109655LANDROJ_2025-02-12_G45,10109655LANDROJ,2025-02-12,110339,1,2,0,130.0
10109655LANDROJ_2025-02-12_G46,10109655LANDROJ,2025-02-12,111418,1,7,0,129.0
10109655LANDROJ_2025-02-12_G47,10109655LANDROJ,2025-02-12,110740,1,4,0,107.0
10109655LANDROJ_2025-02-12_G48,10109655LANDROJ,2025-02-12,110745,1,4,0,144.0
10109655LANDROJ_2025-02-12_G49,10109655LANDROJ,2025-02-12,"117787, 111462",2,6,25,104.0
10109655LANDROJ_2025-02-12_G50,10109655LANDROJ,2025-02-12,"111602, 117832",2,4,29,261.0
10109655LANDROJ_2025-02-12_G51,10109655LANDROJ,2025-02-12,111602,1,4,0,55.0
10109655LANDROJ_2025-02-12_G52,10109655LANDROJ,2025-02-12,"110339, 117786",4,14,47,182.0
10109655LANDROJ_2025-02-12_G53,10109655LANDROJ,2025-02-12,110325,1,4,0,152.0
10109655LANDROJ_2025-02-12_G54,10109655LANDROJ,2025-02-12,109747,1,4,0,138.0
10109655LANDROJ_2025-02-12_G55,10109655LANDROJ,2025-02-12,117831,1,7,0,170.0
10109655LANDROJ_2025-02-12_G56,10109655LANDROJ,2025-02-12,118094,1,4,0,460.0
10109655LANDROJ_2025-02-12_G57,10109655LANDROJ,2025-02-12,111467,1,2,0,130.0
10109655LANDROJ_2025-02-12_G58,10109655LANDROJ,2025-02-12,110711,1,4,0,115.0
10109655LANDROJ_2025-02-12_G59,10109655LANDROJ,2025-02-12,117785,1,8,0,59.0
10109655LANDROJ_2025-02-12_G60,10109655LANDROJ,2025-02-12,117821,1,4,0,110.0
10109655LANDROJ_2025-02-12_G61,10109655LANDROJ,2025-02-12,117822,1,2,0,150.0
10109655LANDROJ_2025-02-12_G62,10109655LANDROJ,2025-02-12,117832,1,6,0,68.0
10109655LANDROJ_2025-02-12_G63,10109655LANDROJ,2025-02-12,"111465, 117832",2,6,27,123.0
10109655LANDROJ_2025-02-12_G64,10109655LANDROJ,2025-02-12,"117786, 117832",2,8,23,140.0
10109655LANDROJ_2025-02-12_G65,10109655LANDROJ,2025-02-12,117786,1,1,0,62.0
10109655LANDROJ_2025-02-12_G66,10109655LANDROJ,2025-02-12,111466,1,4,0,98.0
10109655LANDROJ_2025-02-12_G67,10109655LANDROJ,2025-02-12,"140922, 111465",2,8,15,168.0
10109655LANDROJ_2025-02-12_G69,10109655LANDROJ,2025-02-12,111602,1,38,0,905.0
10109655LANDROJ_2025-02-12_G70,10109655LANDROJ,2025-02-12,117855,1,10,0,186.0
10109655LANDROJ_2025-02-12_G71,10109655LANDROJ,2025-02-12,118094,1,4,0,140.0
10109655LANDROJ_2025-02-12_G72,10109655LANDROJ,2025-02-12,109647,1,4,0,100.0
10109655LANDROJ_2025-02-12_G73,10109655LANDROJ,2025-02-12,110515,1,16,0,182.0
10109655LANDROJ_2025-02-12_G74,10109655LANDROJ,2025-02-12,110711,1,3,0,127.0
10109655LANDROJ_2025-02-12_G75,10109655LANDROJ,2025-02-12,117831,1,6,0,186.0
10109655LANDROJ_2025-02-12_G76,10109655LANDROJ,2025-02-12,111418,1,100,0,148.0
10109655LANDROJ_2025-02-12_G77,10109655LANDROJ,2025-02-12,118004,1,36,0,865.0
10109655LANDROJ_2025-02-12_G78,10109655LANDROJ,2025-02-12,110740,1,2,0,69.0
10109655LANDROJ_2025-02-12_G79,10109655LANDROJ,2025-02-12,111462,1,15,0,273.0
10109655LANDROJ_2025-02-12_G80,10109655LANDROJ,2025-02-12,111465,1,6,0,100.0
10109655LANDROJ_2025-02-12_G81,10109655LANDROJ,2025-02-12,110371,1,12,0,622.0
10109655LANDROJ_2025-02-12_G82,10109655LANDROJ,2025-02-12,110373,1,37,0,251.0
10109655LANDROJ_2025-02-12_G83,10109655LANDROJ,2025-02-12,118299,1,58,0,124.0
10109655LANDROJ_2025-02-12_G84,10109655LANDROJ,2025-02-12,117831,1,40,0,754.0
10109655LANDROJ_2025-02-12_G85,10109655LANDROJ,2025-02-12,111418,1,15,0,248.0
10109655LANDROJ_2025-02-12_G86,10109655LANDROJ,2025-02-12,111466,1,26,0,282.0
10109655LANDROJ_2025-02-12_G87,10109655LANDROJ,2025-02-12,117785,1,38,0,321.0
10109655LANDROJ_2025-02-12_G88,10109655LANDROJ,2025-02-12,108798,1,6,0,118.0
10109655LANDROJ_2025-02-12_G89,10109655LANDROJ,2025-02-12,108711,1,16,0,354.0
10109655LANDROJ_2025-02-12_G90,10109655LANDROJ,2025-02-12,111462,1,27,0,51.0
10109655LANDROJ_2025-02-13_G02,10109655LANDROJ,2025-02-13,109647,1,11,0,162.0
10109655LANDROJ_2025-02-13_G03,10109655LANDROJ,2025-02-13,141047,1,42,0,206.0
10109655LANDROJ_2025-02-13_G04,10109655LANDROJ,2025-02-13,107629,1,50,0,112.0
10109655LANDROJ_2025-02-13_G05,10109655LANDROJ,2025-02-13,111182,1,27,0,564.0
10109655LANDROJ_2025-02-13_G06,10109655LANDROJ,2025-02-13,116241,1,16,0,815.0
10109655LANDROJ_2025-02-13_G07,10109655LANDROJ,2025-02-13,111435,1,6,0,128.0
10109655LANDROJ_2025-02-13_G08,10109655LANDROJ,2025-02-13,111172,1,5,0,143.0
10109655LANDROJ_2025-02-13_G09,10109655LANDROJ,2025-02-13,109641,1,7,0,154.0
10109655LANDROJ_2025-02-13_G10,10109655LANDROJ,2025-02-13,111330,1,13,0,189.0
10109655LANDROJ_2025-02-13_G11,10109655LANDROJ,2025-02-13,110787,1,60,0,54.0
10109655LANDROJ_2025-02-13_G12,10109655LANDROJ,2025-02-13,115817,1,4,0,689.0
10109655LANDROJ_2025-02-13_G13,10109655LANDROJ,2025-02-13,114100,1,2,0,390.0
10109655LANDROJ_2025-02-13_G14,10109655LANDROJ,2025-02-13,108795,1,50,0,251.0
10109655LANDROJ_2025-02-13_G15,10109655LANDROJ,2025-02-13,118222,1,4,0,1109.0
10109655LANDROJ_2025-02-13_G16,10109655LANDROJ,2025-02-13,111569,1,4,0,169.0
10109655LANDROJ_2025-02-13_G17,10109655LANDROJ,2025-02-13,111439,1,4,0,571.0
10109655LANDROJ_2025-02-13_G18,10109655LANDROJ,2025-02-13,109647,1,1,0,122.0
10109655LANDROJ_2025-02-13_G19,10109655LANDROJ,2025-02-13,111530,1,4,0,226.0
10109655LANDROJ_2025-02-13_G20,10109655LANDROJ,2025-02-13,141047,1,4,0,217.0
10109655LANDROJ_2025-02-13_G21,10109655LANDROJ,2025-02-13,111469,1,4,0,311.0
10109655LANDROJ_2025-02-13_G22,10109655LANDROJ,2025-02-13,140922,1,4,0,139.0
10109655LANDROJ_2025-02-13_G23,10109655LANDROJ,2025-02-13,110740,1,2,0,65.0
10109655LANDROJ_2025-02-13_G24,10109655LANDROJ,2025-02-13,110742,1,20,0,894.0
10109655LANDROJ_2025-02-13_G25,10109655LANDROJ,2025-02-13,111447,1,4,0,682.0
10109655LANDROJ_2025-02-13_G26,10109655LANDROJ,2025-02-13,109937,1,14,0,377.0
10109655LANDROJ_2025-02-13_G27,10109655LANDROJ,2025-02-13,110895,1,8,0,136.0
10109655LANDROJ_2025-02-13_G28,10109655LANDROJ,2025-02-13,111439,1,8,0,1430.0
10109655LANDROJ_2025-02-13_G29,10109655LANDROJ,2025-02-13,110515,1,9,0,99.0
10109655LANDROJ_2025-02-13_G30,10109655LANDROJ,2025-02-13,111469,2,29,10,144.0
10109655LANDROJ_2025-02-13_G31,10109655LANDROJ,2025-02-13,111418,1,11,0,428.0
10109655LANDROJ_2025-02-13_G32,10109655LANDROJ,2025-02-13,111532,1,3,0,53.0
10109655LANDROJ_2025-02-13_G33,10109655LANDROJ,2025-02-13,111743,1,5,0,213.0
10109655LANDROJ_2025-02-13_G34,10109655LANDROJ,2025-02-13,109641,1,4,0,170.0
10109655LANDROJ_2025-02-13_G35,10109655LANDROJ,2025-02-13,111437,1,1,0,430.0
10109655LANDROJ_2025-02-13_G36,10109655LANDROJ,2025-02-13,109937,1,4,0,149.0
10109655LANDROJ_2025-02-13_G38,10109655LANDROJ,2025-02-13,111469,1,4,0,99.0
10109655LANDROJ_2025-02-13_G39,10109655LANDROJ,2025-02-13,117831,1,4,0,249.0
10109655LANDROJ_2025-02-13_G40,10109655LANDROJ,2025-02-13,111466,1,12,0,132.0
10109655LANDROJ_2025-02-13_G41,10109655LANDROJ,2025-02-13,140922,1,4,0,109.0
10109655LANDROJ_2025-02-13_G42,10109655LANDROJ,2025-02-13,109645,1,8,0,179.0
10109655LANDROJ_2025-02-13_G43,10109655LANDROJ,2025-02-13,105705,1,2,0,81.0
10109655LANDROJ_2025-02-13_G44,10109655LANDROJ,2025-02-13,117837,1,4,0,404.0
10109655LANDROJ_2025-02-13_G45,10109655LANDROJ,2025-02-13,109640,1,20,0,741.0
10109655LANDROJ_2025-02-13_G46,10109655LANDROJ,2025-02-13,111467,1,2,0,100.0
10109655LANDROJ_2025-02-13_G47,10109655LANDROJ,2025-02-13,118094,1,4,0,91.0
10109655LANDROJ_2025-02-13_G48,10109655LANDROJ,2025-02-13,110515,1,15,0,604.0
10109655LANDROJ_2025-02-13_G49,10109655LANDROJ,2025-02-13,110711,1,4,0,137.0
10109655LANDROJ_2025-02-13_G50,10109655LANDROJ,2025-02-13,110374,1,14,0,146.0
10109655LANDROJ_2025-02-13_G51,10109655LANDROJ,2025-02-13,110373,1,18,0,304.0
10109655LANDROJ_2025-02-13_G52,10109655LANDROJ,2025-02-13,110372,1,15,0,36.0
10109655LANDROJ_2025-02-13_G53,10109655LANDROJ,2025-02-13,160054,1,4,0,214.0
10109655LANDROJ_2025-02-13_G54,10109655LANDROJ,2025-02-13,118299,1,19,0,258.0
10109655LANDROJ_2025-02-13_G55,10109655LANDROJ,2025-02-13,160051,1,5,0,496.0
10109655LANDROJ_2025-02-13_G56,10109655LANDROJ,2025-02-13,109643,1,6,0,391.0
10109655LANDROJ_2025-02-13_G57,10109655LANDROJ,2025-02-13,117820,1,25,0,208.0
10109655LANDROJ_2025-02-13_G58,10109655LANDROJ,2025-02-13,108759,2,8,10,346.0
10109655LANDROJ_2025-02-13_G59,10109655LANDROJ,2025-02-13,111430,2,10,8,254.0
10109655LANDROJ_2025-02-13_G60,10109655LANDROJ,2025-02-13,110895,1,9,0,275.0
10109655LANDROJ_2025-02-13_G61,10109655LANDROJ,2025-02-13,111569,1,8,0,115.0
10109655LANDROJ_2025-02-13_G62,10109655LANDROJ,2025-02-13,109640,1,3,0,310.0
10109655LANDROJ_2025-02-13_G63,10109655LANDROJ,2025-02-13,111467,1,6,0,58.0
10109655LANDROJ_2025-02-13_G64,10109655LANDROJ,2025-02-13,110515,1,4,0,175.0
10109655LANDROJ_2025-02-13_G65,10109655LANDROJ,2025-02-13,110374,1,8,0,154.0
10109655LANDROJ_2025-02-13_G66,10109655LANDROJ,2025-02-13,110373,2,34,12,137.0
10109655LANDROJ_2025-02-13_G67,10109655LANDROJ,2025-02-13,110371,1,4,0,245.0
10109655LANDROJ_2025-02-13_G68,10109655LANDROJ,2025-02-13,118299,1,22,0,96.0
10109655LANDROJ_2025-02-13_G69,10109655LANDROJ,2025-02-13,117830,1,2,0,276.0
10109655LANDROJ_2025-02-13_G70,10109655LANDROJ,2025-02-13,"111462, 108711",2,11,19,250.0
10109655LANDROJ_2025-02-13_G71,10109655LANDROJ,2025-02-13,"118140, 108711",2,14,16,306.0
10109655LANDROJ_2025-02-13_G72,10109655LANDROJ,2025-02-13,111435,1,3,0,192.0
10109655LANDROJ_2025-02-14_G02,10109655LANDROJ,2025-02-14,140922,1,43,0,554.0
10109655LANDROJ_2025-02-14_G03,10109655LANDROJ,2025-02-14,117838,1,15,0,331.0
10109655LANDROJ_2025-02-14_G04,10109655LANDROJ,2025-02-14,110129,1,26,0,1823.0
10109655LANDROJ_2025-02-14_G05,10109655LANDROJ,2025-02-14,111469,1,10,0,1093.0
10109655LANDROJ_2025-02-14_G06,10109655LANDROJ,2025-02-14,111465,1,23,0,53.0
10109655LANDROJ_2025-02-14_G07,10109655LANDROJ,2025-02-14,110325,1,50,0,1352.0
10109655LANDROJ_2025-02-14_G08,10109655LANDROJ,2025-02-14,117830,1,100,0,259.0
10109655LANDROJ_2025-02-14_G09,10109655LANDROJ,2025-02-14,111438,1,20,0,1598.0
10109655LANDROJ_2025-02-14_G10,10109655LANDROJ,2025-02-14,117820,1,7,0,933.0
10109655LANDROJ_2025-02-14_G11,10109655LANDROJ,2025-02-14,118403,1,1,0,304.0
10109655LANDROJ_2025-02-14_G12,10109655LANDROJ,2025-02-14,111602,1,28,0,452.0
10109655LANDROJ_2025-02-14_G13,10109655LANDROJ,2025-02-14,109640,1,3,0,81.0
10109655LANDROJ_2025-02-14_G14,10109655LANDROJ,2025-02-14,111467,1,11,0,180.0
10109655LANDROJ_2025-02-14_G15,10109655LANDROJ,2025-02-14,110339,1,2,0,82.0
10109655LANDROJ_2025-02-14_G16,10109655LANDROJ,2025-02-14,110515,1,2,0,211.0
10109655LANDROJ_2025-02-14_G17,10109655LANDROJ,2025-02-14,110711,1,12,0,203.0
10109655LANDROJ_2025-02-14_G18,10109655LANDROJ,2025-02-14,141047,1,6,0,72.0
10109655LANDROJ_2025-02-14_G19,10109655LANDROJ,2025-02-14,111182,1,4,0,283.0
10109655LANDROJ_2025-02-14_G20,10109655LANDROJ,2025-02-14,111418,2,32,11,210.0
10109655LANDROJ_2025-02-14_G21,10109655LANDROJ,2025-02-14,111532,2,12,7,161.0
10109655LANDROJ_2025-02-14_G23,10109655LANDROJ,2025-02-14,117837,1,4,0,222.0
10109655LANDROJ_2025-02-14_G24,10109655LANDROJ,2025-02-14,141047,1,8,0,129.0
10109655LANDROJ_2025-02-14_G25,10109655LANDROJ,2025-02-14,117841,1,36,0,394.0
10109655LANDROJ_2025-02-14_G26,10109655LANDROJ,2025-02-14,117855,1,8,0,487.0
10109655LANDROJ_2025-02-14_G27,10109655LANDROJ,2025-02-14,108361,1,4,0,544.0
10109655LANDROJ_2025-02-14_G28,10109655LANDROJ,2025-02-14,111598,1,3,0,238.0
10109655LANDROJ_2025-02-14_G29,10109655LANDROJ,2025-02-14,110750,1,4,0,224.0
10109655LANDROJ_2025-02-14_G30,10109655LANDROJ,2025-02-14,110515,1,16,0,261.0
10109655LANDROJ_2025-02-14_G31,10109655LANDROJ,2025-02-14,110711,1,7,0,184.0
10109655LANDROJ_2025-02-14_G32,10109655LANDROJ,2025-02-14,107629,1,6,0,131.0
10109655LANDROJ_2025-02-14_G33,10109655LANDROJ,2025-02-14,110372,1,8,0,161.0
10109655LANDROJ_2025-02-14_G34,10109655LANDROJ,2025-02-14,111850,1,2,0,575.0
10109655LANDROJ_2025-02-14_G35,10109655LANDROJ,2025-02-14,110756,1,4,0,317.0
10109655LANDROJ_2025-02-14_G36,10109655LANDROJ,2025-02-14,111650,1,2,0,213.0
10109655LANDROJ_2025-02-14_G37,10109655LANDROJ,2025-02-14,111876,1,4,0,112.0
10109655LANDROJ_2025-02-14_G38,10109655LANDROJ,2025-02-14,110515,1,2,0,89.0
10109655LANDROJ_2025-02-14_G39,10109655LANDROJ,2025-02-14,111418,1,7,0,415.0
10109655LANDROJ_2025-02-14_G40,10109655LANDROJ,2025-02-14,111532,1,3,0,81.0
10109655LANDROJ_2025-02-14_G41,10109655LANDROJ,2025-02-14,107236,1,4,0,60.0
10109655LANDROJ_2025-02-14_G42,10109655LANDROJ,2025-02-14,118004,1,4,0,76.0
10109655LANDROJ_2025-02-14_G43,10109655LANDROJ,2025-02-14,110740,1,4,0,70.0
10109655LANDROJ_2025-02-14_G44,10109655LANDROJ,2025-02-14,111462,1,3,0,133.0
10109655LANDROJ_2025-02-14_G45,10109655LANDROJ,2025-02-14,111465,1,2,0,168.0
10109655LANDROJ_2025-02-14_G46,10109655LANDROJ,2025-02-14,111850,1,8,0,452.0
10109655LANDROJ_2025-02-14_G47,10109655LANDROJ,2025-02-14,110623,1,2,0,576.0
10109655LANDROJ_2025-02-14_G48,10109655LANDROJ,2025-02-14,109384,1,1,0,81.0
10109655LANDROJ_2025-02-14_G49,10109655LANDROJ,2025-02-14,110756,1,2,0,215.0
10109655LANDROJ_2025-02-14_G50,10109655LANDROJ,2025-02-14,111602,1,16,0,442.0
10109655LANDROJ_2025-02-14_G51,10109655LANDROJ,2025-02-14,111650,1,2,0,45.0
10109655LANDROJ_2025-02-14_G52,10109655LANDROJ,2025-02-14,118326,1,4,0,117.0
10109655LANDROJ_2025-02-14_G53,10109655LANDROJ,2025-02-14,109645,1,2,0,74.0
10109655LANDROJ_2025-02-14_G54,10109655LANDROJ,2025-02-14,108795,1,4,0,84.0
10109655LANDROJ_2025-02-14_G55,10109655LANDROJ,2025-02-14,110373,1,7,0,219.0
10109655LANDROJ_2025-02-14_G56,10109655LANDROJ,2025-02-14,110371,1,4,0,88.0
10109655LANDROJ_2025-02-14_G57,10109655LANDROJ,2025-02-14,110374,1,2,0,93.0
10109655LANDROJ_2025-02-14_G58,10109655LANDROJ,2025-02-14,109974,1,1,0,1035.0
10109655LANDROJ_2025-02-14_G59,10109655LANDROJ,2025-02-14,110742,1,4,0,72.0
10109655LANDROJ_2025-02-14_G60,10109655LANDROJ,2025-02-14,111850,1,4,0,88.0
10109655LANDROJ_2025-02-14_G61,10109655LANDROJ,2025-02-14,109937,1,4,0,55.0
10109655LANDROJ_2025-02-14_G62,10109655LANDROJ,2025-02-14,111569,1,16,0,153.0
10109655LANDROJ_2025-02-14_G63,10109655LANDROJ,2025-02-14,118403,1,4,0,86.0
10109655LANDROJ_2025-02-14_G64,10109655LANDROJ,2025-02-14,111602,1,35,0,204.0
10109655LANDROJ_2025-02-14_G65,10109655LANDROJ,2025-02-14,111879,1,4,0,493.0
10109655LANDROJ_2025-02-14_G66,10109655LANDROJ,2025-02-14,"117861, 111876",2,10,23,88.0
10109655LANDROJ_2025-02-14_G67,10109655LANDROJ,2025-02-14,110750,1,4,0,103.0
10109655LANDROJ_2025-02-14_G68,10109655LANDROJ,2025-02-14,110515,1,60,0,95.0
10109655LANDROJ_2025-02-14_G69,10109655LANDROJ,2025-02-14,118298,1,4,0,67.0
10109655LANDROJ_2025-02-14_G70,10109655LANDROJ,2025-02-14,141047,1,12,0,143.0
10109655LANDROJ_2025-02-15_G02,10109655LANDROJ,2025-02-15,117834,1,2,0,3413.0
10109655LANDROJ_2025-02-15_G03,10109655LANDROJ,2025-02-15,111850,1,2,0,53.0
10109655LANDROJ_2025-02-15_G04,10109655LANDROJ,2025-02-15,111438,1,2,0,120.0
10109655LANDROJ_2025-02-15_G05,10109655LANDROJ,2025-02-15,100334,1,1,0,46.0
10109655LANDROJ_2025-02-15_G06,10109655LANDROJ,2025-02-15,111569,1,2,0,91.0
10109655LANDROJ_2025-02-15_G07,10109655LANDROJ,2025-02-15,110747,1,4,0,262.0
10109655LANDROJ_2025-02-15_G08,10109655LANDROJ,2025-02-15,111602,1,10,0,437.0
10109655LANDROJ_2025-02-15_G09,10109655LANDROJ,2025-02-15,117837,1,2,0,129.0
10109655LANDROJ_2025-02-15_G10,10109655LANDROJ,2025-02-15,111467,3,7,37,117.0
10109655LANDROJ_2025-02-15_G11,10109655LANDROJ,2025-02-15,117855,4,19,23,270.0
10109655LANDROJ_2025-02-15_G12,10109655LANDROJ,2025-02-15,118094,1,6,0,158.0
10109655LANDROJ_2025-02-15_G13,10109655LANDROJ,2025-02-15,110339,1,4,0,127.0
10109655LANDROJ_2025-02-15_G14,10109655LANDROJ,2025-02-15,110515,2,10,7,195.0
10109655LANDROJ_2025-02-15_G15,10109655LANDROJ,2025-02-15,111530,2,4,7,95.0
10109655LANDROJ_2025-02-15_G16,10109655LANDROJ,2025-02-15,117786,1,1,0,115.0
10109655LANDROJ_2025-02-15_G17,10109655LANDROJ,2025-02-15,141047,1,4,0,79.0
10109655LANDROJ_2025-02-15_G18,10109655LANDROJ,2025-02-15,117862,1,2,0,103.0
10109655LANDROJ_2025-02-15_G19,10109655LANDROJ,2025-02-15,109645,1,8,0,156.0
10109655LANDROJ_2025-02-15_G20,10109655LANDROJ,2025-02-15,117785,1,2,0,81.0
10109655LANDROJ_2025-02-15_G21,10109655LANDROJ,2025-02-15,118140,1,5,0,98.0
10109655LANDROJ_2025-02-15_G22,10109655LANDROJ,2025-02-15,110787,1,5,0,190.0
10109655LANDROJ_2025-02-15_G23,10109655LANDROJ,2025-02-15,117821,1,4,0,112.0
10109655LANDROJ_2025-02-15_G24,10109655LANDROJ,2025-02-15,"111469, 111462",2,8,13,64.0
10109655LANDROJ_2025-02-15_G25,10109655LANDROJ,2025-02-15,111465,1,5,0,94.0
10109655LANDROJ_2025-02-15_G27,10109655LANDROJ,2025-02-15,111602,1,10,0,178.0
10109655LANDROJ_2025-02-15_G28,10109655LANDROJ,2025-02-15,110752,1,2,0,110.0
10109655LANDROJ_2025-02-15_G29,10109655LANDROJ,2025-02-15,110339,1,5,0,303.0
10109655LANDROJ_2025-02-15_G30,10109655LANDROJ,2025-02-15,110515,1,8,0,103.0
10109655LANDROJ_2025-02-15_G31,10109655LANDROJ,2025-02-15,105242,1,4,0,89.0
10109655LANDROJ_2025-02-15_G32,10109655LANDROJ,2025-02-15,111418,1,18,0,735.0
10109655LANDROJ_2025-02-15_G33,10109655LANDROJ,2025-02-15,111468,1,4,0,139.0
10109655LANDROJ_2025-02-15_G34,10109655LANDROJ,2025-02-15,109645,1,2,0,170.0
10109655LANDROJ_2025-02-15_G35,10109655LANDROJ,2025-02-15,117785,1,8,0,135.0
10109655LANDROJ_2025-02-15_G36,10109655LANDROJ,2025-02-15,118140,1,12,0,457.0
10109655LANDROJ_2025-02-15_G37,10109655LANDROJ,2025-02-15,108798,1,2,0,50.0
10109655LANDROJ_2025-02-15_G38,10109655LANDROJ,2025-02-15,108795,1,1,0,58.0
10109655LANDROJ_2025-02-15_G39,10109655LANDROJ,2025-02-15,118004,1,8,0,181.0
10109655LANDROJ_2025-02-15_G40,10109655LANDROJ,2025-02-15,111433,1,4,0,98.0
10109655LANDROJ_2025-02-15_G41,10109655LANDROJ,2025-02-15,110373,1,8,0,235.0
10109655LANDROJ_2025-02-15_G42,10109655LANDROJ,2025-02-15,110372,1,30,0,78.0
10109655LANDROJ_2025-02-15_G43,10109655LANDROJ,2025-02-15,110371,1,6,0,358.0
10109655LANDROJ_2025-02-15_G44,10109655LANDROJ,2025-02-15,107830,1,2,0,114.0
10109655LANDROJ_2025-02-15_G45,10109655LANDROJ,2025-02-15,110375,1,3,0,106.0
10109655LANDROJ_2025-02-15_G46,10109655LANDROJ,2025-02-15,117808,1,34,0,32.0
10109655LANDROJ_2025-02-15_G47,10109655LANDROJ,2025-02-15,117820,1,31,0,92.0
10109655LANDROJ_2025-02-15_G48,10109655LANDROJ,2025-02-15,117821,1,8,0,1009.0
10109655LANDROJ_2025-02-15_G49,10109655LANDROJ,2025-02-15,118299,1,8,0,199.0
10109655LANDROJ_2025-02-15_G50,10109655LANDROJ,2025-02-15,111442,1,4,0,112.0
10109655LANDROJ_2025-02-15_G51,10109655LANDROJ,2025-02-15,117785,1,10,0,145.0
10109655LANDROJ_2025-02-15_G52,10109655LANDROJ,2025-02-15,117808,1,20,0,127.0
10109655LANDROJ_2025-02-17_G02,10109655LANDROJ,2025-02-17,111530,2,26,9,334.0
10109655LANDROJ_2025-02-17_G03,10109655LANDROJ,2025-02-17,111443,2,6,8,313.0
10109655LANDROJ_2025-02-17_G04,10109655LANDROJ,2025-02-17,117785,1,71,0,204.0
10109655LANDROJ_2025-02-17_G05,10109655LANDROJ,2025-02-17,111469,2,51,9,113.0
10109655LANDROJ_2025-02-17_G06,10109655LANDROJ,2025-02-17,111442,1,6,0,123.0
10109655LANDROJ_2025-02-17_G07,10109655LANDROJ,2025-02-17,118299,1,2,0,364.0
10109655LANDROJ_2025-02-17_G08,10109655LANDROJ,2025-02-17,117808,1,259,0,534.0
10109655LANDROJ_2025-02-17_G09,10109655LANDROJ,2025-02-17,111465,1,4,0,2168.0
10109655LANDROJ_2025-02-17_G10,10109655LANDROJ,2025-02-17,117855,1,2,0,139.0
10109655LANDROJ_2025-02-17_G11,10109655LANDROJ,2025-02-17,110313,1,4,0,145.0
10109655LANDROJ_2025-02-17_G12,10109655LANDROJ,2025-02-17,117808,1,20,0,279.0
10109655LANDROJ_2025-02-17_G13,10109655LANDROJ,2025-02-17,117855,1,4,0,264.0
10109655LANDROJ_2025-02-17_G14,10109655LANDROJ,2025-02-17,111330,1,1,0,165.0
10109655LANDROJ_2025-02-17_G15,10109655LANDROJ,2025-02-17,117808,1,4,0,143.0
10109655LANDROJ_2025-02-17_G16,10109655LANDROJ,2025-02-17,108711,1,4,0,172.0
10109655LANDROJ_2025-02-17_G17,10109655LANDROJ,2025-02-17,110787,1,4,0,1292.0
10109655LANDROJ_2025-02-17_G18,10109655LANDROJ,2025-02-17,118299,1,18,0,172.0
10109655LANDROJ_2025-02-17_G19,10109655LANDROJ,2025-02-17,111441,1,4,0,536.0
10109655LANDROJ_2025-02-17_G20,10109655LANDROJ,2025-02-17,110313,1,4,0,51.0
10109655LANDROJ_2025-02-17_G21,10109655LANDROJ,2025-02-17,111441,1,4,0,40.0
10109655LANDROJ_2025-02-17_G22,10109655LANDROJ,2025-02-17,118299,1,4,0,207.0
10109655LANDROJ_2025-02-17_G23,10109655LANDROJ,2025-02-17,111441,1,2,0,64.0
10109655LANDROJ_2025-02-17_G24,10109655LANDROJ,2025-02-17,109747,1,80,0,534.0
10109655LANDROJ_2025-02-17_G25,10109655LANDROJ,2025-02-17,110747,1,2,0,625.0
10109655LANDROJ_2025-02-17_G26,10109655LANDROJ,2025-02-17,111438,1,3,0,165.0
10109655LANDROJ_2025-02-17_G27,10109655LANDROJ,2025-02-17,117837,1,2,0,125.0
10109655LANDROJ_2025-02-17_G28,10109655LANDROJ,2025-02-17,111602,1,2,0,150.0
10109655LANDROJ_2025-02-17_G29,10109655LANDROJ,2025-02-17,"111467, 117855",2,3,18,66.0
10109655LANDROJ_2025-02-17_G30,10109655LANDROJ,2025-02-17,110711,1,4,0,109.0
10109655LANDROJ_2025-02-17_G31,10109655LANDROJ,2025-02-17,141047,1,4,0,62.0
10109655LANDROJ_2025-02-17_G32,10109655LANDROJ,2025-02-17,110339,1,2,0,68.0
10109655LANDROJ_2025-02-17_G33,10109655LANDROJ,2025-02-17,107629,1,4,0,67.0
10109655LANDROJ_2025-02-17_G34,10109655LANDROJ,2025-02-17,111532,1,2,0,105.0
10109655LANDROJ_2025-02-17_G35,10109655LANDROJ,2025-02-17,111418,1,3,0,83.0
10109655LANDROJ_2025-02-17_G36,10109655LANDROJ,2025-02-17,117787,1,2,0,201.0
10109655LANDROJ_2025-02-17_G37,10109655LANDROJ,2025-02-17,140922,1,1,0,82.0
10109655LANDROJ_2025-02-17_G38,10109655LANDROJ,2025-02-17,109641,1,2,0,136.0
10109655LANDROJ_2025-02-17_G39,10109655LANDROJ,2025-02-17,117785,1,2,0,112.0
10109655LANDROJ_2025-02-17_G40,10109655LANDROJ,2025-02-17,118004,1,1,0,98.0
10109655LANDROJ_2025-02-17_G41,10109655LANDROJ,2025-02-17,111433,1,2,0,60.0
10109655LANDROJ_2025-02-17_G42,10109655LANDROJ,2025-02-17,110373,1,10,0,182.0
10109655LANDROJ_2025-02-17_G43,10109655LANDROJ,2025-02-17,117822,1,4,0,62.0
10109655LANDROJ_2025-02-17_G44,10109655LANDROJ,2025-02-17,110372,1,16,0,190.0
10109655LANDROJ_2025-02-17_G45,10109655LANDROJ,2025-02-17,110374,1,4,0,102.0
10109655LANDROJ_2025-02-17_G46,10109655LANDROJ,2025-02-17,109747,1,3,0,111.0
10109655LANDROJ_2025-02-17_G47,10109655LANDROJ,2025-02-17,111569,1,4,0,233.0
10109655LANDROJ_2025-02-17_G48,10109655LANDROJ,2025-02-17,109640,1,10,0,114.0
10109655LANDROJ_2025-02-17_G49,10109655LANDROJ,2025-02-17,117785,1,12,0,178.0
10109655LANDROJ_2025-02-17_G50,10109655LANDROJ,2025-02-17,117785,1,8,0,76.0
10109655LANDROJ_2025-02-17_G51,10109655LANDROJ,2025-02-17,118299,1,2,0,44.0
10109655LANDROJ_2025-02-17_G52,10109655LANDROJ,2025-02-17,110752,1,5,0,249.0
10109655LANDROJ_2025-02-17_G54,10109655LANDROJ,2025-02-17,109937,1,4,0,109.0
10109655LANDROJ_2025-02-17_G55,10109655LANDROJ,2025-02-17,118290,1,5,0,132.0
10109655LANDROJ_2025-02-17_G56,10109655LANDROJ,2025-02-17,111463,1,36,0,484.0
10109655LANDROJ_2025-02-17_G57,10109655LANDROJ,2025-02-17,110743,1,9,0,293.0
10109655LANDROJ_2025-02-17_G58,10109655LANDROJ,2025-02-17,111466,2,42,17,656.0
10109655LANDROJ_2025-02-17_G59,10109655LANDROJ,2025-02-17,111466,1,74,0,48.0
10109655LANDROJ_2025-02-17_G60,10109655LANDROJ,2025-02-17,117831,2,96,18,686.0
10109655LANDROJ_2025-02-17_G61,10109655LANDROJ,2025-02-17,111463,1,64,0,336.0
10109655LANDROJ_2025-02-17_G62,10109655LANDROJ,2025-02-17,111442,3,55,22,110.0
10109655LANDROJ_2025-02-17_G63,10109655LANDROJ,2025-02-17,109641,1,20,0,52.0
10109655LANDROJ_2025-02-17_G64,10109655LANDROJ,2025-02-17,118140,1,22,0,244.0
10109655LANDROJ_2025-02-17_G65,10109655LANDROJ,2025-02-17,108711,1,1,0,84.0
10109655LANDROJ_2025-02-17_G66,10109655LANDROJ,2025-02-17,118223,1,16,0,48.0
10109655LANDROJ_2025-02-17_G67,10109655LANDROJ,2025-02-17,118004,1,4,0,221.0
10109655LANDROJ_2025-02-17_G68,10109655LANDROJ,2025-02-17,111469,1,10,0,118.0
10109655LANDROJ_2025-02-17_G69,10109655LANDROJ,2025-02-17,111469,1,90,0,36.0
10109655LANDROJ_2025-02-17_G70,10109655LANDROJ,2025-02-17,111462,1,100,0,507.0
10109655LANDROJ_2025-02-17_G71,10109655LANDROJ,2025-02-17,117820,1,2,0,325.0
10109655LANDROJ_2025-02-17_G72,10109655LANDROJ,2025-02-17,117830,1,40,0,150.0
10109655LANDROJ_2025-02-17_G73,10109655LANDROJ,2025-02-17,109640,1,12,0,2117.0
10109655LANDROJ_2025-02-17_G74,10109655LANDROJ,2025-02-17,111182,1,8,0,168.0
10109655LANDROJ_2025-02-17_G75,10109655LANDROJ,2025-02-17,111469,1,4,0,124.0
10109655LANDROJ_2025-02-17_G76,10109655LANDROJ,2025-02-17,110373,1,8,0,198.0
10109655LANDROJ_2025-02-17_G77,10109655LANDROJ,2025-02-17,110372,1,12,0,186.0
10109655LANDROJ_2025-02-17_G78,10109655LANDROJ,2025-02-17,117808,1,8,0,67.0
10109655LANDROJ_2025-02-17_G79,10109655LANDROJ,2025-02-17,109643,1,4,0,114.0
10109655LANDROJ_2025-02-18_G02,10109655LANDROJ,2025-02-18,111569,1,154,0,543.0
10109655LANDROJ_2025-02-18_G03,10109655LANDROJ,2025-02-18,111466,1,69,0,570.0
10109655LANDROJ_2025-02-18_G04,10109655LANDROJ,2025-02-18,111437,1,3,0,1261.0
10109655LANDROJ_2025-02-18_G05,10109655LANDROJ,2025-02-18,117786,1,32,0,335.0
10109655LANDROJ_2025-02-18_G06,10109655LANDROJ,2025-02-18,110753,1,5,0,335.0
10109655LANDROJ_2025-02-18_G07,10109655LANDROJ,2025-02-18,110752,1,35,0,120.0
10109655LANDROJ_2025-02-18_G08,10109655LANDROJ,2025-02-18,118094,1,20,0,558.0
10109655LANDROJ_2025-02-18_G09,10109655LANDROJ,2025-02-18,110515,1,2,0,80.0
10109655LANDROJ_2025-02-18_G10,10109655LANDROJ,2025-02-18,110711,1,5,0,516.0
10109655LANDROJ_2025-02-18_G11,10109655LANDROJ,2025-02-18,110373,1,200,0,311.0
10109655LANDROJ_2025-02-18_G12,10109655LANDROJ,2025-02-18,110371,1,112,0,798.0
10109655LANDROJ_2025-02-18_G13,10109655LANDROJ,2025-02-18,110374,1,200,0,227.0
10109655LANDROJ_2025-02-18_G14,10109655LANDROJ,2025-02-18,110325,1,50,0,629.0
10109655LANDROJ_2025-02-18_G15,10109655LANDROJ,2025-02-18,117820,1,32,0,384.0
10109655LANDROJ_2025-02-18_G16,10109655LANDROJ,2025-02-18,111418,1,300,0,310.0
10109655LANDROJ_2025-02-18_G17,10109655LANDROJ,2025-02-18,111433,1,12,0,518.0
10109655LANDROJ_2025-02-18_G19,10109655LANDROJ,2025-02-18,110841,1,6,0,98.0
10109655LANDROJ_2025-02-18_G20,10109655LANDROJ,2025-02-18,111438,1,20,0,357.0
10109655LANDROJ_2025-02-18_G21,10109655LANDROJ,2025-02-18,110755,1,50,0,140.0
10109655LANDROJ_2025-02-18_G22,10109655LANDROJ,2025-02-18,108794,1,80,0,458.0
10109655LANDROJ_2025-02-18_G23,10109655LANDROJ,2025-02-18,111431,1,12,0,753.0
10109655LANDROJ_2025-02-18_G24,10109655LANDROJ,2025-02-18,111348,1,4,0,166.0
10109655LANDROJ_2025-02-18_G25,10109655LANDROJ,2025-02-18,117785,1,523,0,1330.0
10109655LANDROJ_2025-02-18_G26,10109655LANDROJ,2025-02-18,111469,1,160,0,160.0
10109655LANDROJ_2025-02-18_G27,10109655LANDROJ,2025-02-18,111447,1,56,0,2587.0
10109655LANDROJ_2025-02-18_G28,10109655LANDROJ,2025-02-18,111439,2,6,8,421.0
10109655LANDROJ_2025-02-18_G29,10109655LANDROJ,2025-02-18,110339,1,31,0,234.0
10109655LANDROJ_2025-02-18_G30,10109655LANDROJ,2025-02-18,110787,1,18,0,212.0
10109655LANDROJ_2025-02-18_G31,10109655LANDROJ,2025-02-18,105705,1,6,0,180.0
10109655LANDROJ_2025-02-18_G32,10109655LANDROJ,2025-02-18,108711,1,80,0,550.0
10109655LANDROJ_2025-02-18_G33,10109655LANDROJ,2025-02-18,117853,1,1,0,671.0
10109655LANDROJ_2025-02-19_G02,10109655LANDROJ,2025-02-19,118403,1,6,0,134.0
10109655LANDROJ_2025-02-19_G03,10109655LANDROJ,2025-02-19,110581,1,4,0,221.0
10109655LANDROJ_2025-02-19_G04,10109655LANDROJ,2025-02-19,110752,1,4,0,112.0
10109655LANDROJ_2025-02-19_G05,10109655LANDROJ,2025-02-19,111876,1,10,0,380.0
10109655LANDROJ_2025-02-19_G06,10109655LANDROJ,2025-02-19,141047,1,4,0,226.0
10109655LANDROJ_2025-02-19_G07,10109655LANDROJ,2025-02-19,117788,1,10,0,191.0
10109655LANDROJ_2025-02-19_G08,10109655LANDROJ,2025-02-19,110373,1,30,0,1000.0
10109655LANDROJ_2025-02-19_G09,10109655LANDROJ,2025-02-19,110371,1,15,0,140.0
10109655LANDROJ_2025-02-19_G10,10109655LANDROJ,2025-02-19,118299,1,450,0,447.0
10109655LANDROJ_2025-02-19_G11,10109655LANDROJ,2025-02-19,117808,1,800,0,1175.0
10109655LANDROJ_2025-02-19_G12,10109655LANDROJ,2025-02-19,110373,1,86,0,1899.0
10109655LANDROJ_2025-02-19_G14,10109655LANDROJ,2025-02-19,111441,1,10,0,204.0
10109655LANDROJ_2025-02-19_G15,10109655LANDROJ,2025-02-19,110374,1,121,0,318.0
10109655LANDROJ_2025-02-19_G16,10109655LANDROJ,2025-02-19,117785,1,257,0,587.0
10109655LANDROJ_2025-02-19_G17,10109655LANDROJ,2025-02-19,111418,1,370,0,648.0
10109655LANDROJ_2025-02-20_G02,10109655LANDROJ,2025-02-20,"110895, 103149",2,13,30,574.0
10109655LANDROJ_2025-02-20_G03,10109655LANDROJ,2025-02-20,110755,1,20,0,145.0
10109655LANDROJ_2025-02-20_G04,10109655LANDROJ,2025-02-20,117835,1,4,0,168.0
10109655LANDROJ_2025-02-20_G05,10109655LANDROJ,2025-02-20,105272,1,3,0,70.0
10109655LANDROJ_2025-02-20_G06,10109655LANDROJ,2025-02-20,110623,1,20,0,114.0
10109655LANDROJ_2025-02-20_G07,10109655LANDROJ,2025-02-20,100334,1,8,0,361.0
10109655LANDROJ_2025-02-20_G08,10109655LANDROJ,2025-02-20,108794,1,20,0,869.0
10109655LANDROJ_2025-02-20_G09,10109655LANDROJ,2025-02-20,110743,1,24,0,362.0
10109655LANDROJ_2025-02-20_G10,10109655LANDROJ,2025-02-20,117831,1,4,0,560.0
10109655LANDROJ_2025-02-20_G11,10109655LANDROJ,2025-02-20,111435,1,5,0,697.0
10109655LANDROJ_2025-02-20_G12,10109655LANDROJ,2025-02-20,111431,1,4,0,81.0
10109655LANDROJ_2025-02-20_G13,10109655LANDROJ,2025-02-20,118004,1,52,0,84.0
10109655LANDROJ_2025-02-20_G14,10109655LANDROJ,2025-02-20,111442,1,2,0,49.0
10109655LANDROJ_2025-02-20_G15,10109655LANDROJ,2025-02-20,108798,1,20,0,163.0
10109655LANDROJ_2025-02-20_G16,10109655LANDROJ,2025-02-20,111468,1,24,0,279.0
10109655LANDROJ_2025-02-20_G17,10109655LANDROJ,2025-02-20,109641,1,15,0,31.0
10109655LANDROJ_2025-02-20_G18,10109655LANDROJ,2025-02-20,111743,1,12,0,210.0
10109655LANDROJ_2025-02-20_G19,10109655LANDROJ,2025-02-20,109645,1,28,0,1315.0
10109655LANDROJ_2025-02-20_G20,10109655LANDROJ,2025-02-20,117785,1,8,0,168.0
10109655LANDROJ_2025-02-20_G21,10109655LANDROJ,2025-02-20,108736,1,16,0,244.0
10109655LANDROJ_2025-02-20_G22,10109655LANDROJ,2025-02-20,117821,1,4,0,118.0
10109655LANDROJ_2025-02-20_G23,10109655LANDROJ,2025-02-20,111433,1,12,0,173.0
10109655LANDROJ_2025-02-20_G24,10109655LANDROJ,2025-02-20,111465,1,24,0,223.0
10109655LANDROJ_2025-02-20_G25,10109655LANDROJ,2025-02-20,118299,1,44,0,154.0
10109655LANDROJ_2025-02-20_G26,10109655LANDROJ,2025-02-20,114091,1,4,0,434.0
10109655LANDROJ_2025-02-20_G27,10109655LANDROJ,2025-02-20,110325,1,28,0,320.0
10109655LANDROJ_2025-02-20_G28,10109655LANDROJ,2025-02-20,117820,1,64,0,388.0
10109655LANDROJ_2025-02-20_G29,10109655LANDROJ,2025-02-20,110372,1,160,0,327.0
10109655LANDROJ_2025-02-20_G30,10109655LANDROJ,2025-02-20,111443,1,33,0,1345.0
10109655LANDROJ_2025-02-20_G31,10109655LANDROJ,2025-02-20,116241,1,20,0,518.0
10109655LANDROJ_2025-02-20_G32,10109655LANDROJ,2025-02-20,118299,1,300,0,543.0
10109655LANDROJ_2025-02-20_G34,10109655LANDROJ,2025-02-20,108759,1,9,0,232.0
10109655LANDROJ_2025-02-20_G35,10109655LANDROJ,2025-02-20,100334,1,11,0,478.0
10109655LANDROJ_2025-02-20_G36,10109655LANDROJ,2025-02-20,110755,2,26,22,258.0
10109655LANDROJ_2025-02-20_G37,10109655LANDROJ,2025-02-20,109640,2,14,8,296.0
10109655LANDROJ_2025-02-20_G38,10109655LANDROJ,2025-02-20,111467,2,4,8,182.0
10109655LANDROJ_2025-02-20_G39,10109655LANDROJ,2025-02-20,117831,1,8,0,449.0
10109655LANDROJ_2025-02-20_G40,10109655LANDROJ,2025-02-20,111435,2,5,8,691.0
10109655LANDROJ_2025-02-20_G41,10109655LANDROJ,2025-02-20,140922,1,10,0,212.0
10109655LANDROJ_2025-02-20_G42,10109655LANDROJ,2025-02-20,108798,1,31,0,761.0
10109655LANDROJ_2025-02-20_G43,10109655LANDROJ,2025-02-20,110787,1,30,0,320.0
10109655LANDROJ_2025-02-20_G44,10109655LANDROJ,2025-02-20,105705,1,5,0,716.0
10109655LANDROJ_2025-02-20_G45,10109655LANDROJ,2025-02-20,117831,1,42,0,269.0
10109655LANDROJ_2025-02-21_G02,10109655LANDROJ,2025-02-21,118140,1,10,0,233.0
10109655LANDROJ_2025-02-21_G03,10109655LANDROJ,2025-02-21,118140,1,150,0,252.0
10109655LANDROJ_2025-02-21_G04,10109655LANDROJ,2025-02-21,110129,1,4,0,416.0
10109655LANDROJ_2025-02-21_G05,10109655LANDROJ,2025-02-21,111466,1,9,0,110.0
10109655LANDROJ_2025-02-21_G06,10109655LANDROJ,2025-02-21,111469,1,90,0,70.0
10109655LANDROJ_2025-02-21_G07,10109655LANDROJ,2025-02-21,107830,1,2,0,1046.0
10109655LANDROJ_2025-02-21_G08,10109655LANDROJ,2025-02-21,118299,1,300,0,151.0
10109655LANDROJ_2025-02-21_G09,10109655LANDROJ,2025-02-21,117808,1,300,0,358.0
10109655LANDROJ_2025-02-21_G10,10109655LANDROJ,2025-02-21,111602,1,8,0,1092.0
10109655LANDROJ_2025-02-21_G11,10109655LANDROJ,2025-02-21,111876,1,7,0,156.0
10109655LANDROJ_2025-02-21_G12,10109655LANDROJ,2025-02-21,107629,1,8,0,236.0
10109655LANDROJ_2025-02-21_G13,10109655LANDROJ,2025-02-21,110743,1,5,0,190.0
10109655LANDROJ_2025-02-21_G14,10109655LANDROJ,2025-02-21,116241,1,8,0,159.0
10109655LANDROJ_2025-02-21_G15,10109655LANDROJ,2025-02-21,111431,1,4,0,271.0
10109655LANDROJ_2025-02-21_G16,10109655LANDROJ,2025-02-21,111182,1,4,0,284.0
10109655LANDROJ_2025-02-21_G17,10109655LANDROJ,2025-02-21,111532,1,8,0,126.0
10109655LANDROJ_2025-02-21_G18,10109655LANDROJ,2025-02-21,109641,1,10,0,147.0
10109655LANDROJ_2025-02-21_G19,10109655LANDROJ,2025-02-21,110787,1,23,0,477.0
10109655LANDROJ_2025-02-21_G20,10109655LANDROJ,2025-02-21,117785,1,29,0,211.0
10109655LANDROJ_2025-02-21_G21,10109655LANDROJ,2025-02-21,111466,1,6,0,115.0
10109655LANDROJ_2025-02-21_G22,10109655LANDROJ,2025-02-21,118140,1,40,0,261.0
10109655LANDROJ_2025-02-21_G23,10109655LANDROJ,2025-02-21,117808,1,500,0,997.0
10109655LANDROJ_2025-02-22_G02,10109655LANDROJ,2025-02-22,110373,1,500,0,1266.0
10109655LANDROJ_2025-02-22_G03,10109655LANDROJ,2025-02-22,110372,1,550,0,237.0
10109655LANDROJ_2025-02-22_G04,10109655LANDROJ,2025-02-22,110371,1,10,0,1617.0
10109655LANDROJ_2025-02-22_G05,10109655LANDROJ,2025-02-22,107830,1,5,0,174.0
10109655LANDROJ_2025-02-22_G06,10109655LANDROJ,2025-02-22,109747,1,4,0,231.0
10109655LANDROJ_2025-02-22_G07,10109655LANDROJ,2025-02-22,117855,1,4,0,192.0
10109655LANDROJ_2025-02-22_G08,10109655LANDROJ,2025-02-22,111469,1,8,0,218.0
10109655LANDROJ_2025-02-22_G10,10109655LANDROJ,2025-02-22,110755,1,10,0,696.0
10109655LANDROJ_2025-02-22_G11,10109655LANDROJ,2025-02-22,117855,1,8,0,273.0
10109655LANDROJ_2025-02-22_G12,10109655LANDROJ,2025-02-22,105705,1,2,0,130.0
10109655LANDROJ_2025-02-22_G13,10109655LANDROJ,2025-02-22,111469,1,4,0,106.0
10109655LANDROJ_2025-02-22_G14,10109655LANDROJ,2025-02-22,118299,1,4,0,136.0
10109655LANDROJ_2025-02-22_G15,10109655LANDROJ,2025-02-22,110373,1,6,0,314.0
10109655LANDROJ_2025-02-22_G16,10109655LANDROJ,2025-02-22,118299,1,2,0,31.0
10109655LANDROJ_2025-02-22_G17,10109655LANDROJ,2025-02-22,110374,1,8,0,153.0
10109655LANDROJ_2025-02-22_G18,10109655LANDROJ,2025-02-22,117808,1,9,0,121.0
10109655LANDROJ_2025-02-22_G19,10109655LANDROJ,2025-02-22,117820,1,9,0,183.0
10109655LANDROJ_2025-02-22_G20,10109655LANDROJ,2025-02-22,110515,1,1,0,62.0
10109655LANDROJ_2025-02-22_G21,10109655LANDROJ,2025-02-22,141047,1,1,0,93.0
10109655LANDROJ_2025-02-22_G22,10109655LANDROJ,2025-02-22,110371,1,1,0,381.0
10109655LANDROJ_2025-02-22_G23,10109655LANDROJ,2025-02-22,110372,1,12,0,35.0
10109655LANDROJ_2025-02-22_G24,10109655LANDROJ,2025-02-22,110325,1,1,0,129.0
10109655LANDROJ_2025-02-22_G25,10109655LANDROJ,2025-02-22,117808,1,1,0,105.0
10109655LANDROJ_2025-02-22_G26,10109655LANDROJ,2025-02-22,110755,1,5,0,663.0
10109655LANDROJ_2025-02-22_G27,10109655LANDROJ,2025-02-22,110372,1,10,0,183.0
10109655LANDROJ_2025-02-22_G28,10109655LANDROJ,2025-02-22,118299,1,1,0,70.0
10109655LANDROJ_2025-02-22_G29,10109655LANDROJ,2025-02-22,117832,1,3,0,140.0
10109655LANDROJ_2025-02-22_G30,10109655LANDROJ,2025-02-22,117808,1,2,0,74.0
10109655LANDROJ_2025-02-22_G31,10109655LANDROJ,2025-02-22,110755,2,3,6,284.0
10109655LANDROJ_2025-02-22_G32,10109655LANDROJ,2025-02-22,118222,1,3,0,129.0
10109655LANDROJ_2025-02-22_G33,10109655LANDROJ,2025-02-22,111418,1,12,0,171.0
10109655LANDROJ_2025-02-22_G34,10109655LANDROJ,2025-02-22,120002,1,4,0,130.0
10109655LANDROJ_2025-02-22_G35,10109655LANDROJ,2025-02-22,118140,1,3,0,58.0
10109655LANDROJ_2025-02-22_G36,10109655LANDROJ,2025-02-22,111466,1,10,0,229.0
10109655LANDROJ_2025-02-22_G37,10109655LANDROJ,2025-02-22,111462,1,6,0,97.0
10109655LANDROJ_2025-02-22_G38,10109655LANDROJ,2025-02-22,118299,1,9,0,236.0
10109655LANDROJ_2025-02-22_G39,10109655LANDROJ,2025-02-22,110374,1,3,0,134.0
10109655LANDROJ_2025-02-22_G40,10109655LANDROJ,2025-02-22,117838,1,9,0,965.0
10109655LANDROJ_2025-02-22_G41,10109655LANDROJ,2025-02-22,140922,1,40,0,134.0
10109655LANDROJ_2025-02-22_G42,10109655LANDROJ,2025-02-22,110745,1,7,0,600.0
10109655LANDROJ_2025-02-22_G43,10109655LANDROJ,2025-02-22,117831,1,181,0,274.0
10109655LANDROJ_2025-02-22_G44,10109655LANDROJ,2025-02-22,117838,1,4,0,394.0
10109655LANDROJ_2025-02-22_G45,10109655LANDROJ,2025-02-22,117831,1,6,0,138.0
10109655LANDROJ_2025-02-24_G02,10109655LANDROJ,2025-02-24,108794,1,7,0,113.0
10109655LANDROJ_2025-02-24_G03,10109655LANDROJ,2025-02-24,111463,2,8,27,123.0
10109655LANDROJ_2025-02-24_G04,10109655LANDROJ,2025-02-24,108794,1,7,0,184.0
10109655LANDROJ_2025-02-24_G05,10109655LANDROJ,2025-02-24,108794,1,4,0,708.0
10109655LANDROJ_2025-02-24_G06,10109655LANDROJ,2025-02-24,111348,1,2,0,81.0
10109655LANDROJ_2025-02-24_G07,10109655LANDROJ,2025-02-24,108794,1,2,0,162.0
10109655LANDROJ_2025-02-24_G08,10109655LANDROJ,2025-02-24,111463,2,10,8,187.0
10109655LANDROJ_2025-02-24_G09,10109655LANDROJ,2025-02-24,110745,1,1,0,176.0
10109655LANDROJ_2025-02-24_G10,10109655LANDROJ,2025-02-24,111466,2,12,23,322.0
10109655LANDROJ_2025-02-24_G11,10109655LANDROJ,2025-02-24,117838,1,4,0,253.0
10109655LANDROJ_2025-02-24_G12,10109655LANDROJ,2025-02-24,110743,1,2,0,578.0
10109655LANDROJ_2025-02-24_G13,10109655LANDROJ,2025-02-24,111418,1,4,0,230.0
10109655LANDROJ_2025-02-24_G14,10109655LANDROJ,2025-02-24,140922,1,6,0,129.0
10109655LANDROJ_2025-02-24_G15,10109655LANDROJ,2025-02-24,117785,1,2,0,97.0
10109655LANDROJ_2025-02-24_G16,10109655LANDROJ,2025-02-24,117831,1,6,0,161.0
10109655LANDROJ_2025-02-24_G17,10109655LANDROJ,2025-02-24,105705,1,4,0,124.0
10109655LANDROJ_2025-02-24_G18,10109655LANDROJ,2025-02-24,111462,1,6,0,83.0
10109655LANDROJ_2025-02-24_G19,10109655LANDROJ,2025-02-24,110372,1,5,0,162.0
10109655LANDROJ_2025-02-24_G20,10109655LANDROJ,2025-02-24,118299,1,10,0,166.0
10109655LANDROJ_2025-02-24_G21,10109655LANDROJ,2025-02-24,107830,1,6,0,347.0
10109655LANDROJ_2025-02-24_G22,10109655LANDROJ,2025-02-24,117832,1,4,0,118.0
10109655LANDROJ_2025-02-24_G23,10109655LANDROJ,2025-02-24,117808,1,15,0,169.0
10109655LANDROJ_2025-02-24_G24,10109655LANDROJ,2025-02-24,109747,1,4,0,128.0
10109655LANDROJ_2025-02-24_G25,10109655LANDROJ,2025-02-24,117809,1,4,0,68.0
10109655LANDROJ_2025-02-24_G26,10109655LANDROJ,2025-02-24,117820,1,8,0,41.0
10109655LANDROJ_2025-02-24_G27,10109655LANDROJ,2025-02-24,117837,1,6,0,1729.0
10109655LANDROJ_2025-02-24_G28,10109655LANDROJ,2025-02-24,110753,1,4,0,377.0
10109655LANDROJ_2025-02-24_G29,10109655LANDROJ,2025-02-24,108794,1,24,0,480.0
10109655LANDROJ_2025-02-24_G30,10109655LANDROJ,2025-02-24,111463,1,9,0,164.0
10109655LANDROJ_2025-02-24_G31,10109655LANDROJ,2025-02-24,118299,1,8,0,73.0
10109655LANDROJ_2025-02-24_G32,10109655LANDROJ,2025-02-24,160051,1,14,0,491.0
10109655LANDROJ_2025-02-24_G33,10109655LANDROJ,2025-02-24,111530,1,6,0,122.0
10109655LANDROJ_2025-02-24_G34,10109655LANDROJ,2025-02-24,108794,1,20,0,231.0
10109655LANDROJ_2025-02-24_G35,10109655LANDROJ,2025-02-24,111469,1,6,0,204.0
10109655LANDROJ_2025-02-24_G36,10109655LANDROJ,2025-02-24,111463,1,12,0,411.0
10109655LANDROJ_2025-02-24_G37,10109655LANDROJ,2025-02-24,110895,1,4,0,107.0
10109655LANDROJ_2025-02-24_G38,10109655LANDROJ,2025-02-24,110313,1,3,0,460.0
10109655LANDROJ_2025-02-24_G39,10109655LANDROJ,2025-02-24,110515,1,5,0,160.0
10109655LANDROJ_2025-02-24_G40,10109655LANDROJ,2025-02-24,110339,1,2,0,77.0
10109655LANDROJ_2025-02-24_G41,10109655LANDROJ,2025-02-24,108794,1,8,0,162.0
10109655LANDROJ_2025-02-24_G42,10109655LANDROJ,2025-02-24,111463,2,18,8,118.0
10109655LANDROJ_2025-02-24_G43,10109655LANDROJ,2025-02-24,110375,1,8,0,230.0
10109655LANDROJ_2025-02-24_G44,10109655LANDROJ,2025-02-24,117808,1,12,0,116.0
10109655LANDROJ_2025-02-24_G45,10109655LANDROJ,2025-02-24,117809,1,8,0,109.0
10109655LANDROJ_2025-02-24_G46,10109655LANDROJ,2025-02-24,117820,1,5,0,69.0
10109655LANDROJ_2025-02-24_G47,10109655LANDROJ,2025-02-24,117831,1,3,0,434.0
10109655LANDROJ_2025-02-24_G48,10109655LANDROJ,2025-02-24,105705,1,2,0,76.0
10109655LANDROJ_2025-02-24_G49,10109655LANDROJ,2025-02-24,108794,1,7,0,200.0
10109655LANDROJ_2025-02-24_G50,10109655LANDROJ,2025-02-24,118299,1,11,0,96.0
10109655LANDROJ_2025-02-24_G51,10109655LANDROJ,2025-02-24,111348,1,2,0,85.0
10109655LANDROJ_2025-02-24_G52,10109655LANDROJ,2025-02-24,111463,1,10,0,42.0
10109655LANDROJ_2025-02-24_G53,10109655LANDROJ,2025-02-24,108798,1,6,0,190.0
10109655LANDROJ_2025-02-24_G54,10109655LANDROJ,2025-02-24,105705,1,6,0,156.0
10109655LANDROJ_2025-02-24_G55,10109655LANDROJ,2025-02-24,111465,1,6,0,93.0
10109655LANDROJ_2025-02-24_G56,10109655LANDROJ,2025-02-24,108794,1,3,0,71.0
10109655LANDROJ_2025-02-24_G57,10109655LANDROJ,2025-02-24,111463,1,30,0,481.0
10109655LANDROJ_2025-02-24_G59,10109655LANDROJ,2025-02-24,111463,1,16,0,366.0
10109655LANDROJ_2025-02-24_G60,10109655LANDROJ,2025-02-24,111463,1,5,0,92.0
10109655LANDROJ_2025-02-24_G61,10109655LANDROJ,2025-02-24,110755,2,4,7,247.0
10109655LANDROJ_2025-02-24_G62,10109655LANDROJ,2025-02-24,111348,1,9,0,186.0
10109655LANDROJ_2025-02-24_G63,10109655LANDROJ,2025-02-24,"111463, 111469",2,24,15,47.0
10109655LANDROJ_2025-02-24_G64,10109655LANDROJ,2025-02-24,110755,1,6,0,1077.0
10109655LANDROJ_2025-02-24_G65,10109655LANDROJ,2025-02-24,110755,1,6,0,68.0
10109655LANDROJ_2025-02-24_G66,10109655LANDROJ,2025-02-24,111438,1,2,0,470.0
10109655LANDROJ_2025-02-24_G67,10109655LANDROJ,2025-02-24,109640,1,8,0,423.0
10109655LANDROJ_2025-02-24_G68,10109655LANDROJ,2025-02-24,140922,1,30,0,1503.0
10109655LANDROJ_2025-02-24_G69,10109655LANDROJ,2025-02-24,117808,1,20,0,273.0
10109655LANDROJ_2025-02-24_G70,10109655LANDROJ,2025-02-24,111438,1,110,0,203.0
10109655LANDROJ_2025-02-25_G02,10109655LANDROJ,2025-02-25,117856,1,10,0,242.0
10109655LANDROJ_2025-02-25_G03,10109655LANDROJ,2025-02-25,108794,1,6,0,184.0
10109655LANDROJ_2025-02-25_G04,10109655LANDROJ,2025-02-25,108711,1,5,0,187.0
10109655LANDROJ_2025-02-25_G05,10109655LANDROJ,2025-02-25,117830,1,8,0,1918.0
10109655LANDROJ_2025-02-25_G06,10109655LANDROJ,2025-02-25,117856,1,4,0,341.0
10109655LANDROJ_2025-02-25_G07,10109655LANDROJ,2025-02-25,111172,1,7,0,294.0
10109655LANDROJ_2025-02-25_G08,10109655LANDROJ,2025-02-25,111172,1,4,0,71.0
10109655LANDROJ_2025-02-25_G09,10109655LANDROJ,2025-02-25,108794,1,1,0,477.0
10109655LANDROJ_2025-02-25_G10,10109655LANDROJ,2025-02-25,108794,1,10,0,35.0
10109655LANDROJ_2025-02-25_G11,10109655LANDROJ,2025-02-25,117830,1,9,0,351.0
10109655LANDROJ_2025-02-25_G12,10109655LANDROJ,2025-02-25,111463,1,34,0,254.0
10109655LANDROJ_2025-02-25_G13,10109655LANDROJ,2025-02-25,117830,1,20,0,494.0
10109655LANDROJ_2025-02-25_G14,10109655LANDROJ,2025-02-25,108794,1,2,0,538.0
10109655LANDROJ_2025-02-25_G15,10109655LANDROJ,2025-02-25,110374,1,21,0,378.0
10109655LANDROJ_2025-02-25_G16,10109655LANDROJ,2025-02-25,111569,1,196,0,2252.0
10109655LANDROJ_2025-02-25_G17,10109655LANDROJ,2025-02-25,109641,1,150,0,898.0
10109655LANDROJ_2025-02-25_G18,10109655LANDROJ,2025-02-25,108031,1,2,0,1731.0
10109655LANDROJ_2025-02-25_G19,10109655LANDROJ,2025-02-25,110742,1,10,0,104.0
10109655LANDROJ_2025-02-25_G20,10109655LANDROJ,2025-02-25,111851,1,4,0,85.0
10109655LANDROJ_2025-02-25_G21,10109655LANDROJ,2025-02-25,109974,1,14,0,296.0
10109655LANDROJ_2025-02-25_G22,10109655LANDROJ,2025-02-25,110080,1,2,0,103.0
10109655LANDROJ_2025-02-25_G23,10109655LANDROJ,2025-02-25,110484,1,2,0,123.0
10109655LANDROJ_2025-02-25_G24,10109655LANDROJ,2025-02-25,110030,1,5,0,147.0
10109655LANDROJ_2025-02-25_G25,10109655LANDROJ,2025-02-25,111705,1,1,0,156.0
10109655LANDROJ_2025-02-25_G27,10109655LANDROJ,2025-02-25,111569,1,51,0,74.0
10109655LANDROJ_2025-02-25_G28,10109655LANDROJ,2025-02-25,111793,1,12,0,973.0
10109655LANDROJ_2025-02-25_G29,10109655LANDROJ,2025-02-25,114097,1,12,0,355.0
10109655LANDROJ_2025-02-25_G30,10109655LANDROJ,2025-02-25,110516,1,2,0,246.0
10109655LANDROJ_2025-02-25_G31,10109655LANDROJ,2025-02-25,109937,1,40,0,622.0
10109655LANDROJ_2025-02-25_G32,10109655LANDROJ,2025-02-25,116241,1,60,0,254.0
10109655LANDROJ_2025-02-25_G33,10109655LANDROJ,2025-02-25,111330,1,16,0,503.0
10109655LANDROJ_2025-02-25_G34,10109655LANDROJ,2025-02-25,117835,1,1,0,685.0
10109655LANDROJ_2025-02-25_G35,10109655LANDROJ,2025-02-25,110313,1,89,0,399.0
10109655LANDROJ_2025-02-25_G36,10109655LANDROJ,2025-02-25,141047,1,7,0,313.0
10109655LANDROJ_2025-02-25_G37,10109655LANDROJ,2025-02-25,111182,1,4,0,133.0
10109655LANDROJ_2025-02-25_G38,10109655LANDROJ,2025-02-25,111743,1,23,0,225.0
10109655LANDROJ_2025-02-25_G39,10109655LANDROJ,2025-02-25,109645,1,29,0,413.0
10109655LANDROJ_2025-02-25_G40,10109655LANDROJ,2025-02-25,110129,1,126,0,707.0
10109655LANDROJ_2025-02-25_G41,10109655LANDROJ,2025-02-25,110740,1,29,0,587.0
10109655LANDROJ_2025-02-25_G42,10109655LANDROJ,2025-02-25,108736,1,1,0,338.0
10109655LANDROJ_2025-02-25_G43,10109655LANDROJ,2025-02-25,110325,1,34,0,359.0
10109655LANDROJ_2025-02-25_G44,10109655LANDROJ,2025-02-25,107830,1,43,0,1118.0
10109655LANDROJ_2025-02-25_G45,10109655LANDROJ,2025-02-25,109643,1,39,0,296.0
10109655LANDROJ_2025-02-25_G46,10109655LANDROJ,2025-02-25,110373,1,597,0,549.0
10109655LANDROJ_2025-02-26_G02,10109655LANDROJ,2025-02-26,108711,2,64,13,398.0
10109655LANDROJ_2025-02-26_G03,10109655LANDROJ,2025-02-26,117831,2,83,15,510.0
10109655LANDROJ_2025-02-26_G04,10109655LANDROJ,2025-02-26,117831,2,51,7,48.0
10109655LANDROJ_2025-02-26_G05,10109655LANDROJ,2025-02-26,105705,1,2,0,293.0
10109655LANDROJ_2025-02-26_G06,10109655LANDROJ,2025-02-26,111469,2,76,11,199.0
10109655LANDROJ_2025-02-26_G07,10109655LANDROJ,2025-02-26,111465,1,4,0,291.0
10109655LANDROJ_2025-02-26_G08,10109655LANDROJ,2025-02-26,108795,1,17,0,451.0
10109655LANDROJ_2025-02-26_G09,10109655LANDROJ,2025-02-26,111463,1,50,0,213.0
10109655LANDROJ_2025-02-26_G10,10109655LANDROJ,2025-02-26,107236,1,50,0,384.0
10109655LANDROJ_2025-02-26_G11,10109655LANDROJ,2025-02-26,111172,1,20,0,357.0
10109655LANDROJ_2025-02-26_G12,10109655LANDROJ,2025-02-26,110787,1,41,0,165.0
10109655LANDROJ_2025-02-26_G13,10109655LANDROJ,2025-02-26,110745,1,25,0,190.0
10109655LANDROJ_2025-02-26_G14,10109655LANDROJ,2025-02-26,"108711, 110745",2,97,28,67.0
10109655LANDROJ_2025-02-26_G15,10109655LANDROJ,2025-02-26,117830,2,17,9,1300.0
10109655LANDROJ_2025-02-26_G16,10109655LANDROJ,2025-02-26,110742,1,2,0,2038.0
10109655LANDROJ_2025-02-26_G17,10109655LANDROJ,2025-02-26,111438,1,4,0,175.0
10109655LANDROJ_2025-02-26_G18,10109655LANDROJ,2025-02-26,118222,2,3,7,155.0
10109655LANDROJ_2025-02-26_G19,10109655LANDROJ,2025-02-26,"117834, 110755",2,6,26,188.0
10109655LANDROJ_2025-02-26_G20,10109655LANDROJ,2025-02-26,110841,1,1,0,153.0
10109655LANDROJ_2025-02-26_G21,10109655LANDROJ,2025-02-26,110895,1,3,0,134.0
10109655LANDROJ_2025-02-26_G22,10109655LANDROJ,2025-02-26,118418,1,1,0,68.0
10109655LANDROJ_2025-02-26_G23,10109655LANDROJ,2025-02-26,114097,1,1,0,208.0
10109655LANDROJ_2025-02-26_G24,10109655LANDROJ,2025-02-26,117808,1,15,0,257.0
10109655LANDROJ_2025-02-26_G25,10109655LANDROJ,2025-02-26,118299,1,12,0,297.0
10109655LANDROJ_2025-02-26_G26,10109655LANDROJ,2025-02-26,110373,1,5,0,155.0
10109655LANDROJ_2025-02-26_G27,10109655LANDROJ,2025-02-26,110375,1,10,0,104.0
10109655LANDROJ_2025-02-26_G28,10109655LANDROJ,2025-02-26,117809,1,11,0,182.0
10109655LANDROJ_2025-02-26_G29,10109655LANDROJ,2025-02-26,"108795, 110743",2,4,13,312.0
10109655LANDROJ_2025-02-26_G30,10109655LANDROJ,2025-02-26,117833,1,6,0,302.0
10109655LANDROJ_2025-02-26_G31,10109655LANDROJ,2025-02-26,117787,1,6,0,348.0
10109655LANDROJ_2025-02-26_G32,10109655LANDROJ,2025-02-26,111532,1,4,0,96.0
10109655LANDROJ_2025-02-26_G33,10109655LANDROJ,2025-02-26,110374,1,6,0,111.0
10109655LANDROJ_2025-02-26_G34,10109655LANDROJ,2025-02-26,107892,2,8,9,254.0
10109655LANDROJ_2025-02-26_G35,10109655LANDROJ,2025-02-26,107892,1,4,0,280.0
10109655LANDROJ_2025-02-26_G36,10109655LANDROJ,2025-02-26,111530,1,4,0,326.0
10109655LANDROJ_2025-02-26_G38,10109655LANDROJ,2025-02-26,110733,1,3,0,210.0
10109655LANDROJ_2025-02-26_G39,10109655LANDROJ,2025-02-26,110733,1,7,0,51.0
10109655LANDROJ_2025-02-26_G40,10109655LANDROJ,2025-02-26,108794,3,8,15,264.0
10109655LANDROJ_2025-02-26_G41,10109655LANDROJ,2025-02-26,110733,1,3,0,471.0
10109655LANDROJ_2025-02-26_G42,10109655LANDROJ,2025-02-26,117830,1,6,0,131.0
10109655LANDROJ_2025-02-26_G43,10109655LANDROJ,2025-02-26,110371,1,4,0,551.0
10109655LANDROJ_2025-02-26_G44,10109655LANDROJ,2025-02-26,110373,1,8,0,116.0
10109655LANDROJ_2025-02-26_G45,10109655LANDROJ,2025-02-26,117830,1,8,0,167.0
10109655LANDROJ_2025-02-26_G46,10109655LANDROJ,2025-02-26,117833,1,1,0,836.0
10109655LANDROJ_2025-02-26_G47,10109655LANDROJ,2025-02-26,116241,1,6,0,151.0
10109655LANDROJ_2025-02-26_G48,10109655LANDROJ,2025-02-26,111348,2,8,27,165.0
10109655LANDROJ_2025-02-26_G49,10109655LANDROJ,2025-02-26,111463,2,27,9,128.0
10109655LANDROJ_2025-02-26_G50,10109655LANDROJ,2025-02-26,117832,1,3,0,139.0
10109655LANDROJ_2025-02-26_G51,10109655LANDROJ,2025-02-26,108794,1,1,0,287.0
10109655LANDROJ_2025-02-26_G52,10109655LANDROJ,2025-02-26,111330,3,10,14,1622.0
10109655LANDROJ_2025-02-26_G53,10109655LANDROJ,2025-02-26,140922,1,3,0,399.0
10109655LANDROJ_2025-02-26_G54,10109655LANDROJ,2025-02-26,118140,1,9,0,173.0
10109655LANDROJ_2025-02-26_G55,10109655LANDROJ,2025-02-26,111466,1,8,0,143.0
10109655LANDROJ_2025-02-26_G56,10109655LANDROJ,2025-02-26,110733,1,12,0,1565.0
10109655LANDROJ_2025-02-26_G57,10109655LANDROJ,2025-02-26,"111530, 110733",4,7,46,79.0
10109655LANDROJ_2025-02-26_G58,10109655LANDROJ,2025-02-26,117808,1,6,0,141.0
10109655LANDROJ_2025-02-26_G59,10109655LANDROJ,2025-02-26,110733,1,8,0,253.0
10109655LANDROJ_2025-02-26_G60,10109655LANDROJ,2025-02-26,107629,1,8,0,216.0
10109655LANDROJ_2025-02-26_G61,10109655LANDROJ,2025-02-26,110733,1,5,0,1068.0
10109655LANDROJ_2025-02-26_G62,10109655LANDROJ,2025-02-26,110063,1,2,0,116.0
10109655LANDROJ_2025-02-26_G63,10109655LANDROJ,2025-02-26,110372,1,4,0,152.0
10109655LANDROJ_2025-02-26_G64,10109655LANDROJ,2025-02-26,110373,1,8,0,137.0
10109655LANDROJ_2025-02-26_G65,10109655LANDROJ,2025-02-26,108794,1,8,0,141.0
10109655LANDROJ_2025-02-26_G66,10109655LANDROJ,2025-02-26,118403,1,2,0,160.0
10109655LANDROJ_2025-02-26_G67,10109655LANDROJ,2025-02-26,110711,1,5,0,175.0
10109655LANDROJ_2025-02-26_G68,10109655LANDROJ,2025-02-26,107629,1,2,0,81.0
10109655LANDROJ_2025-02-26_G69,10109655LANDROJ,2025-02-26,110743,1,3,0,203.0
10109655LANDROJ_2025-02-26_G70,10109655LANDROJ,2025-02-26,111532,1,7,0,123.0
10109655LANDROJ_2025-02-26_G71,10109655LANDROJ,2025-02-26,117785,1,2,0,72.0
10109655LANDROJ_2025-02-26_G72,10109655LANDROJ,2025-02-26,110371,1,2,0,150.0
10109655LANDROJ_2025-02-27_G02,10109655LANDROJ,2025-02-27,111443,1,4,0,397.0
10109655LANDROJ_2025-02-27_G03,10109655LANDROJ,2025-02-27,118317,1,8,0,307.0
10109655LANDROJ_2025-02-27_G04,10109655LANDROJ,2025-02-27,108794,1,8,0,174.0
10109655LANDROJ_2025-02-27_G05,10109655LANDROJ,2025-02-27,109640,1,3,0,573.0
10109655LANDROJ_2025-02-27_G06,10109655LANDROJ,2025-02-27,109640,1,8,0,38.0
10109655LANDROJ_2025-02-27_G07,10109655LANDROJ,2025-02-27,118317,2,5,27,201.0
10109655LANDROJ_2025-02-27_G08,10109655LANDROJ,2025-02-27,111469,1,2,0,148.0
10109655LANDROJ_2025-02-27_G09,10109655LANDROJ,2025-02-27,111430,1,4,0,729.0
10109655LANDROJ_2025-02-27_G10,10109655LANDROJ,2025-02-27,111463,1,98,0,656.0
10109655LANDROJ_2025-02-27_G11,10109655LANDROJ,2025-02-27,118317,2,21,9,375.0
10109655LANDROJ_2025-02-27_G12,10109655LANDROJ,2025-02-27,108794,1,5,0,234.0
10109655LANDROJ_2025-02-27_G13,10109655LANDROJ,2025-02-27,110376,1,4,0,429.0
10109655LANDROJ_2025-02-27_G14,10109655LANDROJ,2025-02-27,118317,1,4,0,124.0
10109655LANDROJ_2025-02-27_G15,10109655LANDROJ,2025-02-27,111569,1,1,0,652.0
10109655LANDROJ_2025-02-27_G16,10109655LANDROJ,2025-02-27,111441,1,2,0,94.0
10109655LANDROJ_2025-02-27_G17,10109655LANDROJ,2025-02-27,110711,1,2,0,214.0
10109655LANDROJ_2025-02-27_G18,10109655LANDROJ,2025-02-27,"111530, 118317",2,5,25,80.0
10109655LANDROJ_2025-02-27_G19,10109655LANDROJ,2025-02-27,118140,1,3,0,131.0
10109655LANDROJ_2025-02-27_G20,10109655LANDROJ,2025-02-27,110371,1,2,0,68.0
10109655LANDROJ_2025-02-27_G21,10109655LANDROJ,2025-02-27,110711,1,2,0,529.0
10109655LANDROJ_2025-02-27_G22,10109655LANDROJ,2025-02-27,110515,1,2,0,71.0
10109655LANDROJ_2025-02-27_G23,10109655LANDROJ,2025-02-27,118317,1,2,0,62.0
10109655LANDROJ_2025-02-27_G24,10109655LANDROJ,2025-02-27,110371,1,1,0,83.0
10109655LANDROJ_2025-02-27_G25,10109655LANDROJ,2025-02-27,110373,1,11,0,93.0
10109655LANDROJ_2025-02-27_G26,10109655LANDROJ,2025-02-27,117820,1,4,0,160.0
10109655LANDROJ_2025-02-27_G27,10109655LANDROJ,2025-02-27,117808,1,230,0,1037.0
10109655LANDROJ_2025-02-27_G28,10109655LANDROJ,2025-02-27,117808,1,670,0,697.0
10109655LANDROJ_2025-02-27_G29,10109655LANDROJ,2025-02-27,118299,1,300,0,1309.0
10109655LANDROJ_2025-02-27_G30,10109655LANDROJ,2025-02-27,118299,1,600,0,582.0
10109655LANDROJ_2025-02-27_G32,10109655LANDROJ,2025-02-27,117808,2,420,16,926.0
10109655LANDROJ_2025-02-27_G33,10109655LANDROJ,2025-02-27,117808,1,470,0,1075.0
10109655LANDROJ_2025-02-27_G34,10109655LANDROJ,2025-02-27,117809,1,106,0,1845.0
10109655LANDROJ_2025-02-27_G35,10109655LANDROJ,2025-02-27,117820,1,132,0,324.0
10109655LANDROJ_2025-02-27_G36,10109655LANDROJ,2025-02-27,117820,1,99,0,118.0
10109655LANDROJ_2025-02-27_G37,10109655LANDROJ,2025-02-27,118299,1,545,0,502.0
10109655LANDROJ_2025-02-27_G38,10109655LANDROJ,2025-02-27,117837,1,12,0,1925.0
10109655LANDROJ_2025-02-27_G39,10109655LANDROJ,2025-02-27,109647,1,8,0,224.0
10109655LANDROJ_2025-02-27_G40,10109655LANDROJ,2025-02-27,117935,1,4,0,117.0
10109655LANDROJ_2025-02-27_G41,10109655LANDROJ,2025-02-27,110515,1,28,0,81.0
10109655LANDROJ_2025-02-27_G42,10109655LANDROJ,2025-02-27,117833,2,20,8,412.0
10109655LANDROJ_2025-02-27_G43,10109655LANDROJ,2025-02-27,111348,1,4,0,163.0
10109655LANDROJ_2025-02-27_G44,10109655LANDROJ,2025-02-27,111463,1,60,0,246.0
10109655LANDROJ_2025-02-27_G45,10109655LANDROJ,2025-02-27,111466,1,120,0,709.0
10109655LANDROJ_2025-02-27_G46,10109655LANDROJ,2025-02-27,111469,1,34,0,310.0
10109655LANDROJ_2025-02-28_G02,10109655LANDROJ,2025-02-28,111724,2,7,15,378.0
10109655LANDROJ_2025-02-28_G03,10109655LANDROJ,2025-02-28,107892,1,4,0,296.0
10109655LANDROJ_2025-02-28_G04,10109655LANDROJ,2025-02-28,107892,6,20,47,264.0
10109655LANDROJ_2025-02-28_G05,10109655LANDROJ,2025-02-28,117834,1,6,0,739.0
10109655LANDROJ_2025-02-28_G06,10109655LANDROJ,2025-02-28,117836,1,4,0,120.0
10109655LANDROJ_2025-02-28_G07,10109655LANDROJ,2025-02-28,117835,1,4,0,116.0
10109655LANDROJ_2025-02-28_G08,10109655LANDROJ,2025-02-28,109647,1,6,0,285.0
10109655LANDROJ_2025-02-28_G09,10109655LANDROJ,2025-02-28,111752,1,2,0,113.0
10109655LANDROJ_2025-02-28_G10,10109655LANDROJ,2025-02-28,111439,1,8,0,577.0
10109655LANDROJ_2025-02-28_G11,10109655LANDROJ,2025-02-28,110733,5,17,30,88.0
10109655LANDROJ_2025-02-28_G12,10109655LANDROJ,2025-02-28,111602,1,9,0,430.0
10109655LANDROJ_2025-02-28_G13,10109655LANDROJ,2025-02-28,117855,1,2,0,77.0
10109655LANDROJ_2025-02-28_G14,10109655LANDROJ,2025-02-28,117861,1,2,0,133.0
10109655LANDROJ_2025-02-28_G15,10109655LANDROJ,2025-02-28,110515,2,9,7,160.0
10109655LANDROJ_2025-02-28_G16,10109655LANDROJ,2025-02-28,118298,1,2,0,79.0
10109655LANDROJ_2025-02-28_G17,10109655LANDROJ,2025-02-28,101217,1,1,0,115.0
10109655LANDROJ_2025-02-28_G18,10109655LANDROJ,2025-02-28,110339,1,4,0,101.0
10109655LANDROJ_2025-02-28_G19,10109655LANDROJ,2025-02-28,107629,1,3,0,66.0
10109655LANDROJ_2025-02-28_G20,10109655LANDROJ,2025-02-28,111739,1,1,0,282.0
10109655LANDROJ_2025-02-28_G21,10109655LANDROJ,2025-02-28,111348,1,6,0,293.0
10109655LANDROJ_2025-02-28_G22,10109655LANDROJ,2025-02-28,111532,2,29,9,110.0
10109655LANDROJ_2025-02-28_G23,10109655LANDROJ,2025-02-28,140922,1,8,0,320.0
10109655LANDROJ_2025-02-28_G24,10109655LANDROJ,2025-02-28,111466,2,12,8,350.0
10109655LANDROJ_2025-02-28_G25,10109655LANDROJ,2025-02-28,111738,1,15,0,582.0
10109655LANDROJ_2025-02-28_G26,10109655LANDROJ,2025-02-28,109641,1,4,0,1006.0
10109655LANDROJ_2025-02-28_G27,10109655LANDROJ,2025-02-28,118317,5,43,36,116.0
10109655LANDROJ_2025-02-28_G28,10109655LANDROJ,2025-02-28,109645,2,6,6,371.0
10109655LANDROJ_2025-02-28_G29,10109655LANDROJ,2025-02-28,117841,1,2,0,397.0
10109655LANDROJ_2025-02-28_G30,10109655LANDROJ,2025-02-28,118140,2,9,14,64.0
10109655LANDROJ_2025-02-28_G31,10109655LANDROJ,2025-02-28,111469,1,13,0,172.0
10109655LANDROJ_2025-02-28_G32,10109655LANDROJ,2025-02-28,111462,1,5,0,66.0
10109655LANDROJ_2025-02-28_G33,10109655LANDROJ,2025-02-28,111433,1,2,0,41.0
10109655LANDROJ_2025-02-28_G34,10109655LANDROJ,2025-02-28,110325,1,4,0,1011.0
10109655LANDROJ_2025-02-28_G35,10109655LANDROJ,2025-02-28,160054,1,2,0,53.0
10109655LANDROJ_2025-02-28_G36,10109655LANDROJ,2025-02-28,111722,1,28,0,428.0
10109655LANDROJ_2025-02-28_G37,10109655LANDROJ,2025-02-28,110371,2,14,8,102.0
10109655LANDROJ_2025-02-28_G38,10109655LANDROJ,2025-02-28,110372,1,10,0,197.0
10109655LANDROJ_2025-02-28_G39,10109655LANDROJ,2025-02-28,110372,1,32,0,185.0
10109655LANDROJ_2025-02-28_G40,10109655LANDROJ,2025-02-28,118299,2,22,7,371.0
10109655LANDROJ_2025-02-28_G41,10109655LANDROJ,2025-02-28,110374,1,8,0,88.0
10109655LANDROJ_2025-02-28_G42,10109655LANDROJ,2025-02-28,117830,1,7,0,379.0
10109655LANDROJ_2025-02-28_G43,10109655LANDROJ,2025-02-28,111751,2,10,8,99.0
10109655LANDROJ_2025-02-28_G44,10109655LANDROJ,2025-02-28,107830,1,2,0,92.0
10109655LANDROJ_2025-02-28_G45,10109655LANDROJ,2025-02-28,109643,1,8,0,108.0
10109655LANDROJ_2025-02-28_G46,10109655LANDROJ,2025-02-28,"110372, 109643",2,9,13,275.0
10109655LANDROJ_2025-02-28_G47,10109655LANDROJ,2025-02-28,117832,1,3,0,151.0
10109655LANDROJ_2025-02-28_G48,10109655LANDROJ,2025-02-28,110373,2,24,12,98.0
10109655LANDROJ_2025-02-28_G49,10109655LANDROJ,2025-02-28,110375,2,16,6,290.0
10109655LANDROJ_2025-02-28_G50,10109655LANDROJ,2025-02-28,117808,2,6,7,185.0
10109655LANDROJ_2025-02-28_G51,10109655LANDROJ,2025-02-28,117809,2,6,6,319.0
10109655LANDROJ_2025-02-28_G52,10109655LANDROJ,2025-02-28,117820,1,9,0,151.0
10109655LANDROJ_2025-02-28_G53,10109655LANDROJ,2025-02-28,117820,1,24,0,178.0
10109655LANDROJ_2025-03-03_G02,10109655LANDROJ,2025-03-03,107830,1,80,0,275.0
10109655LANDROJ_2025-03-03_G03,10109655LANDROJ,2025-03-03,107830,1,43,0,230.0
10109655LANDROJ_2025-03-03_G04,10109655LANDROJ,2025-03-03,109645,1,11,0,469.0
10109655LANDROJ_2025-03-03_G05,10109655LANDROJ,2025-03-03,140922,1,31,0,150.0
10109655LANDROJ_2025-03-04_G02,10109655LANDROJ,2025-03-04,111598,1,148,0,408.0
10109655LANDROJ_2025-03-04_G03,10109655LANDROJ,2025-03-04,111443,1,50,0,667.0
10109655LANDROJ_2025-03-04_G04,10109655LANDROJ,2025-03-04,111463,1,116,0,474.0
10109655LANDROJ_2025-03-04_G05,10109655LANDROJ,2025-03-04,109643,1,74,0,228.0
10109655LANDROJ_2025-03-05_G02,10109655LANDROJ,2025-03-05,110313,1,20,0,463.0
10109655LANDROJ_2025-03-05_G03,10109655LANDROJ,2025-03-05,109649,1,658,0,2041.0
10109655LANDROJ_2025-03-06_G02,10109655LANDROJ,2025-03-06,110787,1,4,0,261.0
10109655LANDROJ_2025-03-06_G03,10109655LANDROJ,2025-03-06,110372,1,4,0,99.0
10109655LANDROJ_2025-03-06_G04,10109655LANDROJ,2025-03-06,110373,1,4,0,166.0
10109655LANDROJ_2025-03-06_G05,10109655LANDROJ,2025-03-06,110376,1,74,0,2759.0
10109655LANDROJ_2025-03-06_G06,10109655LANDROJ,2025-03-06,111752,1,80,0,625.0
10109655LANDROJ_2025-03-06_G07,10109655LANDROJ,2025-03-06,110787,1,6,0,1148.0
10109655LANDROJ_2025-03-06_G08,10109655LANDROJ,2025-03-06,118223,1,2,0,77.0
10109655LANDROJ_2025-03-06_G09,10109655LANDROJ,2025-03-06,109645,1,4,0,135.0
10109655LANDROJ_2025-03-06_G10,10109655LANDROJ,2025-03-06,110515,1,3,0,78.0
10109655LANDROJ_2025-03-06_G11,10109655LANDROJ,2025-03-06,109640,1,2,0,72.0
10109655LANDROJ_2025-03-06_G12,10109655LANDROJ,2025-03-06,160053,1,1,0,168.0
10109655LANDROJ_2025-03-06_G13,10109655LANDROJ,2025-03-06,117820,1,4,0,85.0
10109655LANDROJ_2025-03-06_G14,10109655LANDROJ,2025-03-06,118094,1,2,0,477.0
10109655LANDROJ_2025-03-06_G15,10109655LANDROJ,2025-03-06,111418,1,2,0,131.0
10109655LANDROJ_2025-03-06_G16,10109655LANDROJ,2025-03-06,117785,1,2,0,75.0
10109655LANDROJ_2025-03-06_G17,10109655LANDROJ,2025-03-06,111469,1,2,0,94.0
10109655LANDROJ_2025-03-06_G18,10109655LANDROJ,2025-03-06,111462,1,2,0,51.0
10109655LANDROJ_2025-03-06_G19,10109655LANDROJ,2025-03-06,110371,1,2,0,183.0
10109655LANDROJ_2025-03-06_G20,10109655LANDROJ,2025-03-06,110372,1,2,0,52.0
10109655LANDROJ_2025-03-06_G21,10109655LANDROJ,2025-03-06,117808,1,6,0,67.0
10109655LANDROJ_2025-03-06_G22,10109655LANDROJ,2025-03-06,118299,1,2,0,54.0
10109655LANDROJ_2025-03-06_G23,10109655LANDROJ,2025-03-06,117832,1,2,0,151.0
10109655LANDROJ_2025-03-06_G24,10109655LANDROJ,2025-03-06,110373,1,2,0,90.0
10109655LANDROJ_2025-03-06_G25,10109655LANDROJ,2025-03-06,110895,1,2,0,538.0
10109655LANDROJ_2025-03-06_G26,10109655LANDROJ,2025-03-06,108711,1,1,0,277.0
10109655LANDROJ_2025-03-06_G27,10109655LANDROJ,2025-03-06,111462,1,2,0,93.0
10109655LANDROJ_2025-03-06_G28,10109655LANDROJ,2025-03-06,110371,1,2,0,127.0
10109655LANDROJ_2025-03-06_G29,10109655LANDROJ,2025-03-06,110372,1,4,0,31.0
10109655LANDROJ_2025-03-06_G30,10109655LANDROJ,2025-03-06,"117808, 118299",2,6,10,82.0
10109655LANDROJ_2025-03-06_G31,10109655LANDROJ,2025-03-06,109747,1,4,0,145.0
10109655LANDROJ_2025-03-07_G02,10109655LANDROJ,2025-03-07,110895,1,12,0,190.0
10109655LANDROJ_2025-03-07_G03,10109655LANDROJ,2025-03-07,111602,1,10,0,89.0
10109655LANDROJ_2025-03-07_G04,10109655LANDROJ,2025-03-07,118140,1,10,0,132.0
10109655LANDROJ_2025-03-07_G05,10109655LANDROJ,2025-03-07,108772,1,1,0,389.0
10109655LANDROJ_2025-03-07_G06,10109655LANDROJ,2025-03-07,111172,1,4,0,90.0
10109655LANDROJ_2025-03-07_G07,10109655LANDROJ,2025-03-07,111430,1,4,0,134.0
10109655LANDROJ_2025-03-07_G08,10109655LANDROJ,2025-03-07,110747,1,8,0,285.0
10109655LANDROJ_2025-03-07_G09,10109655LANDROJ,2025-03-07,100334,1,4,0,112.0
10109655LANDROJ_2025-03-07_G10,10109655LANDROJ,2025-03-07,110895,1,4,0,74.0
10109655LANDROJ_2025-03-07_G11,10109655LANDROJ,2025-03-07,111430,2,8,7,54.0
10109655LANDROJ_2025-03-07_G12,10109655LANDROJ,2025-03-07,110752,1,4,0,778.0
10109655LANDROJ_2025-03-07_G13,10109655LANDROJ,2025-03-07,141047,2,8,8,176.0
10109655LANDROJ_2025-03-07_G14,10109655LANDROJ,2025-03-07,111431,1,2,0,207.0
10109655LANDROJ_2025-03-07_G15,10109655LANDROJ,2025-03-07,111435,1,2,0,87.0
10109655LANDROJ_2025-03-07_G16,10109655LANDROJ,2025-03-07,107236,1,2,0,68.0
10109655LANDROJ_2025-03-07_G17,10109655LANDROJ,2025-03-07,"111532, 118004",3,8,24,60.0
10109655LANDROJ_2025-03-07_G18,10109655LANDROJ,2025-03-07,111172,1,2,0,88.0
10109655LANDROJ_2025-03-07_G19,10109655LANDROJ,2025-03-07,111418,1,20,0,164.0
10109655LANDROJ_2025-03-07_G20,10109655LANDROJ,2025-03-07,117785,1,10,0,105.0
10109655LANDROJ_2025-03-07_G21,10109655LANDROJ,2025-03-07,118140,1,4,0,109.0
10109655LANDROJ_2025-03-07_G22,10109655LANDROJ,2025-03-07,117831,1,12,0,269.0
10109655LANDROJ_2025-03-07_G23,10109655LANDROJ,2025-03-07,109645,1,10,0,75.0
10109655LANDROJ_2025-03-07_G24,10109655LANDROJ,2025-03-07,160055,1,2,0,57.0
10109655LANDROJ_2025-03-07_G25,10109655LANDROJ,2025-03-07,111466,1,4,0,130.0
10109655LANDROJ_2025-03-07_G26,10109655LANDROJ,2025-03-07,111465,1,6,0,57.0
10109655LANDROJ_2025-03-07_G27,10109655LANDROJ,2025-03-07,110373,1,30,0,171.0
10109655LANDROJ_2025-03-07_G28,10109655LANDROJ,2025-03-07,117820,1,20,0,162.0
10109655LANDROJ_2025-03-07_G29,10109655LANDROJ,2025-03-07,111602,1,7,0,186.0
10109655LANDROJ_2025-03-07_G30,10109655LANDROJ,2025-03-07,108770,1,4,0,52.0
10109655LANDROJ_2025-03-07_G31,10109655LANDROJ,2025-03-07,110741,1,4,0,84.0
10109655LANDROJ_2025-03-07_G32,10109655LANDROJ,2025-03-07,111569,1,6,0,192.0
10109655LANDROJ_2025-03-07_G33,10109655LANDROJ,2025-03-07,118298,1,2,0,97.0
10109655LANDROJ_2025-03-07_G34,10109655LANDROJ,2025-03-07,110339,1,8,0,90.0
10109655LANDROJ_2025-03-07_G35,10109655LANDROJ,2025-03-07,110740,1,8,0,124.0
10109655LANDROJ_2025-03-07_G36,10109655LANDROJ,2025-03-07,110372,1,12,0,155.0
10109655LANDROJ_2025-03-08_G02,10109655LANDROJ,2025-03-08,111431,1,3,0,142.0
10109655LANDROJ_2025-03-08_G03,10109655LANDROJ,2025-03-08,111348,1,14,0,101.0
10109655LANDROJ_2025-03-08_G04,10109655LANDROJ,2025-03-08,111435,2,20,7,132.0
10109655LANDROJ_2025-03-08_G05,10109655LANDROJ,2025-03-08,111468,1,60,0,182.0
10109655LANDROJ_2025-03-08_G06,10109655LANDROJ,2025-03-08,111172,1,22,0,152.0
10109655LANDROJ_2025-03-08_G07,10109655LANDROJ,2025-03-08,110748,1,10,0,426.0
10109655LANDROJ_2025-03-08_G08,10109655LANDROJ,2025-03-08,117841,1,8,0,165.0
10109655LANDROJ_2025-03-08_G09,10109655LANDROJ,2025-03-08,109645,1,4,0,68.0
10109655LANDROJ_2025-03-08_G10,10109655LANDROJ,2025-03-08,105705,1,5,0,153.0
10109655LANDROJ_2025-03-08_G11,10109655LANDROJ,2025-03-08,110332,1,4,0,291.0
10109655LANDROJ_2025-03-08_G12,10109655LANDROJ,2025-03-08,117822,1,30,0,228.0
10109655LANDROJ_2025-03-08_G13,10109655LANDROJ,2025-03-08,110374,1,28,0,252.0
10109655LANDROJ_2025-03-08_G14,10109655LANDROJ,2025-03-08,109643,1,19,0,530.0
10109655LANDROJ_2025-03-08_G15,10109655LANDROJ,2025-03-08,117862,1,2,0,2045.0
10109655LANDROJ_2025-03-08_G16,10109655LANDROJ,2025-03-08,111530,1,9,0,154.0
10109655LANDROJ_2025-03-08_G17,10109655LANDROJ,2025-03-08,108711,1,6,0,259.0
10109655LANDROJ_2025-03-08_G18,10109655LANDROJ,2025-03-08,110742,1,2,0,177.0
10109655LANDROJ_2025-03-08_G19,10109655LANDROJ,2025-03-08,108361,1,2,0,422.0
10109655LANDROJ_2025-03-08_G20,10109655LANDROJ,2025-03-08,117862,2,14,7,85.0
10109655LANDROJ_2025-03-08_G21,10109655LANDROJ,2025-03-08,110313,1,2,0,165.0
10109655LANDROJ_2025-03-08_G22,10109655LANDROJ,2025-03-08,111602,1,3,0,77.0
10109655LANDROJ_2025-03-08_G23,10109655LANDROJ,2025-03-08,117855,1,4,0,98.0
10109655LANDROJ_2025-03-08_G24,10109655LANDROJ,2025-03-08,111876,1,2,0,95.0
10109655LANDROJ_2025-03-08_G25,10109655LANDROJ,2025-03-08,110339,1,2,0,98.0
10109655LANDROJ_2025-03-08_G26,10109655LANDROJ,2025-03-08,110376,1,4,0,200.0
10109655LANDROJ_2025-03-08_G27,10109655LANDROJ,2025-03-08,117808,1,2,0,82.0
10109655LANDROJ_2025-03-08_G28,10109655LANDROJ,2025-03-08,110372,1,7,0,116.0
10109655LANDROJ_2025-03-08_G29,10109655LANDROJ,2025-03-08,"117809, 118299",2,10,30,93.0
10109655LANDROJ_2025-03-08_G30,10109655LANDROJ,2025-03-08,117862,2,4,7,792.0
10109655LANDROJ_2025-03-08_G31,10109655LANDROJ,2025-03-08,110787,1,4,0,790.0
10109655LANDROJ_2025-03-08_G32,10109655LANDROJ,2025-03-08,111469,1,2,0,75.0
10109655LANDROJ_2025-03-08_G33,10109655LANDROJ,2025-03-08,110372,1,8,0,93.0
10109655LANDROJ_2025-03-08_G34,10109655LANDROJ,2025-03-08,117809,1,4,0,104.0
10109655LANDROJ_2025-03-08_G35,10109655LANDROJ,2025-03-08,118299,1,18,0,198.0
10109655LANDROJ_2025-03-08_G36,10109655LANDROJ,2025-03-08,117820,1,5,0,107.0
10109655LANDROJ_2025-03-08_G37,10109655LANDROJ,2025-03-08,105705,1,4,0,393.0
10109655LANDROJ_2025-03-08_G38,10109655LANDROJ,2025-03-08,117862,1,7,0,158.0
10109655LANDROJ_2025-03-08_G39,10109655LANDROJ,2025-03-08,109647,1,2,0,40.0
10109655LANDROJ_2025-03-08_G40,10109655LANDROJ,2025-03-08,117935,1,6,0,145.0
10109655LANDROJ_2025-03-08_G41,10109655LANDROJ,2025-03-08,110711,1,3,0,88.0
10109655LANDROJ_2025-03-08_G42,10109655LANDROJ,2025-03-08,117855,1,10,0,112.0
10109655LANDROJ_2025-03-08_G43,10109655LANDROJ,2025-03-08,117856,1,10,0,115.0
10109655LANDROJ_2025-03-08_G44,10109655LANDROJ,2025-03-08,117856,1,4,0,111.0
10109655LANDROJ_2025-03-08_G45,10109655LANDROJ,2025-03-08,"109641, 111172",2,6,12,408.0
10109655LANDROJ_2025-03-08_G46,10109655LANDROJ,2025-03-08,"111418, 117838",2,34,24,204.0
10109655LANDROJ_2025-03-08_G47,10109655LANDROJ,2025-03-08,110740,1,8,0,118.0
10109655LANDROJ_2025-03-08_G48,10109655LANDROJ,2025-03-08,110787,1,14,0,69.0
10109655LANDROJ_2025-03-12_G02,10109655LANDROJ,2025-03-12,118094,1,2,0,114.0
10109655LANDROJ_2025-03-12_G03,10109655LANDROJ,2025-03-12,111602,1,4,0,139.0
10109655LANDROJ_2025-03-12_G04,10109655LANDROJ,2025-03-12,107629,1,4,0,79.0
10109655LANDROJ_2025-03-12_G05,10109655LANDROJ,2025-03-12,111439,1,16,0,206.0
10109655LANDROJ_2025-03-12_G06,10109655LANDROJ,2025-03-12,111530,1,28,0,273.0
10109655LANDROJ_2025-03-12_G07,10109655LANDROJ,2025-03-12,110339,1,10,0,101.0
10109655LANDROJ_2025-03-12_G08,10109655LANDROJ,2025-03-12,111463,1,6,0,453.0
10109655LANDROJ_2025-03-12_G09,10109655LANDROJ,2025-03-12,111435,1,13,0,285.0
10109655LANDROJ_2025-03-12_G10,10109655LANDROJ,2025-03-12,111532,1,19,0,247.0
10109655LANDROJ_2025-03-12_G11,10109655LANDROJ,2025-03-12,109641,1,2,0,133.0
10109655LANDROJ_2025-03-12_G12,10109655LANDROJ,2025-03-12,118140,1,10,0,93.0
10109655LANDROJ_2025-03-12_G13,10109655LANDROJ,2025-03-12,111763,1,4,0,212.0
10109655LANDROJ_2025-03-12_G14,10109655LANDROJ,2025-03-12,110787,1,4,0,147.0
10109655LANDROJ_2025-03-12_G15,10109655LANDROJ,2025-03-12,109645,1,6,0,97.0
10109655LANDROJ_2025-03-12_G16,10109655LANDROJ,2025-03-12,111463,1,30,0,495.0
10109655LANDROJ_2025-03-12_G17,10109655LANDROJ,2025-03-12,111437,1,6,0,1301.0
10109655LANDROJ_2025-03-12_G18,10109655LANDROJ,2025-03-12,110742,1,11,0,541.0
10109655LANDROJ_2025-03-12_G19,10109655LANDROJ,2025-03-12,108770,2,12,10,157.0
10109655LANDROJ_2025-03-12_G20,10109655LANDROJ,2025-03-12,118306,1,10,0,174.0
10109655LANDROJ_2025-03-12_G21,10109655LANDROJ,2025-03-12,110582,1,8,0,138.0
10109655LANDROJ_2025-03-12_G22,10109655LANDROJ,2025-03-12,109933,1,24,0,505.0
10109655LANDROJ_2025-03-12_G23,10109655LANDROJ,2025-03-12,110747,1,15,0,484.0
10109655LANDROJ_2025-03-12_G24,10109655LANDROJ,2025-03-12,109937,1,9,0,464.0
10109655LANDROJ_2025-03-12_G25,10109655LANDROJ,2025-03-12,111569,1,17,0,321.0
10109655LANDROJ_2025-03-12_G26,10109655LANDROJ,2025-03-12,117836,1,6,0,594.0
10109655LANDROJ_2025-03-12_G27,10109655LANDROJ,2025-03-12,116527,1,12,0,207.0
10109655LANDROJ_2025-03-12_G28,10109655LANDROJ,2025-03-12,117862,1,18,0,240.0
10109655LANDROJ_2025-03-12_G29,10109655LANDROJ,2025-03-12,118094,1,22,0,391.0
10109655LANDROJ_2025-03-12_G30,10109655LANDROJ,2025-03-12,110313,1,18,0,249.0
10109655LANDROJ_2025-03-12_G31,10109655LANDROJ,2025-03-12,117935,1,8,0,39.0
10109655LANDROJ_2025-03-12_G32,10109655LANDROJ,2025-03-12,117856,1,24,0,63.0
10109655LANDROJ_2025-03-12_G33,10109655LANDROJ,2025-03-12,110733,1,19,0,626.0
10109655LANDROJ_2025-03-12_G34,10109655LANDROJ,2025-03-12,110741,1,31,0,156.0
10109655LANDROJ_2025-03-12_G35,10109655LANDROJ,2025-03-12,110063,1,4,0,255.0
10109655LANDROJ_2025-03-12_G36,10109655LANDROJ,2025-03-12,111650,1,7,0,131.0
10109655LANDROJ_2025-03-12_G37,10109655LANDROJ,2025-03-12,111439,1,9,0,120.0
10109655LANDROJ_2025-03-12_G38,10109655LANDROJ,2025-03-12,117855,1,66,0,398.0
10109655LANDROJ_2025-03-12_G39,10109655LANDROJ,2025-03-12,117855,1,64,0,581.0
10109655LANDROJ_2025-03-12_G40,10109655LANDROJ,2025-03-12,117786,1,24,0,391.0
10109655LANDROJ_2025-03-12_G41,10109655LANDROJ,2025-03-12,108772,2,14,7,64.0
10109655LANDROJ_2025-03-12_G42,10109655LANDROJ,2025-03-12,111530,1,12,0,342.0
10109655LANDROJ_2025-03-12_G43,10109655LANDROJ,2025-03-12,118298,1,10,0,92.0
10109655LANDROJ_2025-03-12_G44,10109655LANDROJ,2025-03-12,110339,1,15,0,180.0
10109655LANDROJ_2025-03-12_G45,10109655LANDROJ,2025-03-12,118140,1,150,0,386.0
10109655LANDROJ_2025-03-12_G46,10109655LANDROJ,2025-03-12,"110787, 109645",2,27,25,419.0
10109655LANDROJ_2025-03-12_G47,10109655LANDROJ,2025-03-12,111468,1,20,0,376.0
10109655LANDROJ_2025-03-12_G48,10109655LANDROJ,2025-03-12,111463,1,47,0,117.0
10109655LANDROJ_2025-03-12_G49,10109655LANDROJ,2025-03-12,118326,1,4,0,416.0
10109655LANDROJ_2025-03-12_G50,10109655LANDROJ,2025-03-12,108795,1,16,0,292.0
10109655LANDROJ_2025-03-12_G51,10109655LANDROJ,2025-03-12,117787,1,12,0,258.0
10109655LANDROJ_2025-03-12_G52,10109655LANDROJ,2025-03-12,111466,1,60,0,604.0
10109655LANDROJ_2025-03-12_G54,10109655LANDROJ,2025-03-12,108711,1,4,0,221.0
10109655LANDROJ_2025-03-12_G55,10109655LANDROJ,2025-03-12,111850,1,1,0,244.0
10109655LANDROJ_2025-03-12_G56,10109655LANDROJ,2025-03-12,110895,1,2,0,110.0
10109655LANDROJ_2025-03-12_G57,10109655LANDROJ,2025-03-12,118094,1,4,0,104.0
10109655LANDROJ_2025-03-12_G58,10109655LANDROJ,2025-03-12,107629,1,2,0,85.0
10109655LANDROJ_2025-03-12_G59,10109655LANDROJ,2025-03-12,117855,1,2,0,78.0
10109655LANDROJ_2025-03-12_G60,10109655LANDROJ,2025-03-12,117786,1,3,0,82.0
10109655LANDROJ_2025-03-12_G61,10109655LANDROJ,2025-03-12,111876,1,2,0,76.0
10109655LANDROJ_2025-03-12_G62,10109655LANDROJ,2025-03-12,111743,1,4,0,514.0
10109655LANDROJ_2025-03-12_G63,10109655LANDROJ,2025-03-12,111463,1,4,0,198.0
10109655LANDROJ_2025-03-12_G64,10109655LANDROJ,2025-03-12,111466,1,4,0,63.0
10109655LANDROJ_2025-03-12_G65,10109655LANDROJ,2025-03-12,117831,1,8,0,179.0
10109655LANDROJ_2025-03-12_G66,10109655LANDROJ,2025-03-12,117833,1,8,0,956.0
10109655LANDROJ_2025-03-12_G67,10109655LANDROJ,2025-03-12,108711,1,4,0,134.0
10109655LANDROJ_2025-03-12_G68,10109655LANDROJ,2025-03-12,109645,1,2,0,64.0
10109655LANDROJ_2025-03-12_G69,10109655LANDROJ,2025-03-12,"117821, 111462",2,5,19,91.0
10109655LANDROJ_2025-03-12_G70,10109655LANDROJ,2025-03-12,111530,1,4,0,56.0
10109655LANDROJ_2025-03-12_G71,10109655LANDROJ,2025-03-12,111532,1,6,0,107.0
10109655LANDROJ_2025-03-12_G72,10109655LANDROJ,2025-03-12,111172,1,4,0,313.0
10109655LANDROJ_2025-03-12_G73,10109655LANDROJ,2025-03-12,118306,1,5,0,411.0
10109655LANDROJ_2025-03-12_G74,10109655LANDROJ,2025-03-12,117856,1,6,0,291.0
10109655LANDROJ_2025-03-12_G75,10109655LANDROJ,2025-03-12,117855,1,6,0,217.0
10109655LANDROJ_2025-03-12_G76,10109655LANDROJ,2025-03-12,117788,1,2,0,212.0
10109655LANDROJ_2025-03-12_G77,10109655LANDROJ,2025-03-12,117809,1,7,0,98.0
10109655LANDROJ_2025-03-12_G78,10109655LANDROJ,2025-03-12,117808,1,26,0,517.0
10109655LANDROJ_2025-03-12_G79,10109655LANDROJ,2025-03-12,110371,1,34,0,132.0
10109655LANDROJ_2025-03-12_G80,10109655LANDROJ,2025-03-12,118299,1,6,0,146.0
10109655LANDROJ_2025-03-12_G81,10109655LANDROJ,2025-03-12,117830,1,4,0,138.0
10109655LANDROJ_2025-03-12_G82,10109655LANDROJ,2025-03-12,117832,1,4,0,202.0
10109655LANDROJ_2025-03-12_G83,10109655LANDROJ,2025-03-12,110373,1,13,0,98.0
10109655LANDROJ_2025-03-12_G84,10109655LANDROJ,2025-03-12,118416,1,2,0,365.0
10109655LANDROJ_2025-03-12_G85,10109655LANDROJ,2025-03-12,117822,1,4,0,94.0
10109655LANDROJ_2025-03-12_G86,10109655LANDROJ,2025-03-12,117935,1,8,0,87.0
10109655LANDROJ_2025-03-12_G87,10109655LANDROJ,2025-03-12,111602,1,4,0,33.0
10109655LANDROJ_2025-03-12_G88,10109655LANDROJ,2025-03-12,110895,1,2,0,104.0
10109655LANDROJ_2025-03-13_G02,10109655LANDROJ,2025-03-13,114650,1,8,0,255.0
10109655LANDROJ_2025-03-13_G03,10109655LANDROJ,2025-03-13,110747,1,10,0,1003.0
10109655LANDROJ_2025-03-13_G04,10109655LANDROJ,2025-03-13,100334,1,3,0,132.0
10109655LANDROJ_2025-03-13_G05,10109655LANDROJ,2025-03-13,118306,1,18,0,242.0
10109655LANDROJ_2025-03-13_G06,10109655LANDROJ,2025-03-13,116527,1,4,0,708.0
10109655LANDROJ_2025-03-13_G07,10109655LANDROJ,2025-03-13,110339,1,6,0,382.0
10109655LANDROJ_2025-03-13_G08,10109655LANDROJ,2025-03-13,111602,1,8,0,179.0
10109655LANDROJ_2025-03-13_G09,10109655LANDROJ,2025-03-13,111530,1,15,0,246.0
10109655LANDROJ_2025-03-13_G10,10109655LANDROJ,2025-03-13,116241,1,24,0,317.0
10109655LANDROJ_2025-03-13_G11,10109655LANDROJ,2025-03-13,111466,2,10,7,398.0
10109655LANDROJ_2025-03-13_G12,10109655LANDROJ,2025-03-13,109641,1,4,0,141.0
10109655LANDROJ_2025-03-13_G13,10109655LANDROJ,2025-03-13,118140,1,6,0,78.0
10109655LANDROJ_2025-03-13_G14,10109655LANDROJ,2025-03-13,110787,2,14,8,202.0
10109655LANDROJ_2025-03-13_G15,10109655LANDROJ,2025-03-13,109645,2,3,7,86.0
10109655LANDROJ_2025-03-13_G16,10109655LANDROJ,2025-03-13,117821,1,15,0,364.0
10109655LANDROJ_2025-03-13_G17,10109655LANDROJ,2025-03-13,111433,2,5,25,66.0
10109655LANDROJ_2025-03-13_G18,10109655LANDROJ,2025-03-13,117808,1,400,0,1326.0
10109655LANDROJ_2025-03-13_G19,10109655LANDROJ,2025-03-13,118299,2,16,8,159.0
10109655LANDROJ_2025-03-13_G20,10109655LANDROJ,2025-03-13,117809,1,3,0,158.0
10109655LANDROJ_2025-03-13_G21,10109655LANDROJ,2025-03-13,110372,2,72,11,165.0
10109655LANDROJ_2025-03-13_G22,10109655LANDROJ,2025-03-13,117830,1,4,0,76.0
10109655LANDROJ_2025-03-13_G23,10109655LANDROJ,2025-03-13,109643,1,5,0,155.0
10109655LANDROJ_2025-03-13_G24,10109655LANDROJ,2025-03-13,110373,2,54,10,90.0
10109655LANDROJ_2025-03-13_G25,10109655LANDROJ,2025-03-13,110374,2,28,8,226.0
10109655LANDROJ_2025-03-13_G26,10109655LANDROJ,2025-03-13,117820,1,6,0,91.0
10109655LANDROJ_2025-03-13_G27,10109655LANDROJ,2025-03-13,111430,2,11,6,1180.0
10109655LANDROJ_2025-03-13_G28,10109655LANDROJ,2025-03-13,110747,2,13,7,286.0
10109655LANDROJ_2025-03-13_G29,10109655LANDROJ,2025-03-13,111569,1,5,0,118.0
10109655LANDROJ_2025-03-13_G30,10109655LANDROJ,2025-03-13,116527,1,4,0,153.0
10109655LANDROJ_2025-03-13_G31,10109655LANDROJ,2025-03-13,118094,1,5,0,155.0
10109655LANDROJ_2025-03-13_G32,10109655LANDROJ,2025-03-13,111463,1,35,0,88.0
10109655LANDROJ_2025-03-13_G33,10109655LANDROJ,2025-03-13,111466,1,19,0,193.0
10109655LANDROJ_2025-03-13_G34,10109655LANDROJ,2025-03-13,111466,1,4,0,37.0
10109655LANDROJ_2025-03-13_G35,10109655LANDROJ,2025-03-13,111435,1,2,0,179.0
10109655LANDROJ_2025-03-13_G36,10109655LANDROJ,2025-03-13,118140,1,9,0,492.0
10109655LANDROJ_2025-03-13_G37,10109655LANDROJ,2025-03-13,118317,1,9,0,102.0
10109655LANDROJ_2025-03-13_G38,10109655LANDROJ,2025-03-13,105705,1,6,0,123.0
10109655LANDROJ_2025-03-13_G39,10109655LANDROJ,2025-03-13,111433,1,6,0,91.0
10109655LANDROJ_2025-03-13_G40,10109655LANDROJ,2025-03-13,118299,1,7,0,137.0
10109655LANDROJ_2025-03-13_G41,10109655LANDROJ,2025-03-13,110373,1,9,0,106.0
10109655LANDROJ_2025-03-13_G42,10109655LANDROJ,2025-03-13,110374,1,12,0,152.0
10109655LANDROJ_2025-03-13_G43,10109655LANDROJ,2025-03-13,111430,1,4,0,293.0
10109655LANDROJ_2025-03-13_G44,10109655LANDROJ,2025-03-13,111569,1,3,0,79.0
10109655LANDROJ_2025-03-13_G45,10109655LANDROJ,2025-03-13,111602,1,3,0,76.0
10109655LANDROJ_2025-03-13_G46,10109655LANDROJ,2025-03-13,111530,1,2,0,31.0
10109655LANDROJ_2025-03-13_G47,10109655LANDROJ,2025-03-13,117785,1,1,0,90.0
10109655LANDROJ_2025-03-13_G48,10109655LANDROJ,2025-03-13,110373,1,9,0,113.0
10109655LANDROJ_2025-03-13_G49,10109655LANDROJ,2025-03-13,117820,1,2,0,66.0
10109655LANDROJ_2025-03-13_G51,10109655LANDROJ,2025-03-13,117809,1,6,0,505.0
10109655LANDROJ_2025-03-13_G52,10109655LANDROJ,2025-03-13,110372,1,30,0,145.0
10109655LANDROJ_2025-03-13_G53,10109655LANDROJ,2025-03-13,117832,1,1,0,84.0
10109655LANDROJ_2025-03-13_G54,10109655LANDROJ,2025-03-13,110373,1,12,0,83.0
10109655LANDROJ_2025-03-13_G55,10109655LANDROJ,2025-03-13,"110375, 108795",2,4,27,51.0
10109655LANDROJ_2025-03-13_G56,10109655LANDROJ,2025-03-13,110515,1,7,0,236.0
10109655LANDROJ_2025-03-13_G57,10109655LANDROJ,2025-03-13,111418,1,25,0,140.0
10109655LANDROJ_2025-03-13_G58,10109655LANDROJ,2025-03-13,110515,1,9,0,31.0
10109655LANDROJ_2025-03-13_G59,10109655LANDROJ,2025-03-13,111330,1,4,0,289.0
10109655LANDROJ_2025-03-13_G60,10109655LANDROJ,2025-03-13,111438,1,4,0,1035.0
10109655LANDROJ_2025-03-13_G61,10109655LANDROJ,2025-03-13,108770,1,3,0,1092.0
10109655LANDROJ_2025-03-13_G62,10109655LANDROJ,2025-03-13,108770,1,50,0,38.0
10109655LANDROJ_2025-03-13_G63,10109655LANDROJ,2025-03-13,111466,1,80,0,110.0
10109655LANDROJ_2025-03-13_G64,10109655LANDROJ,2025-03-13,110373,2,68,8,1594.0
10109655LANDROJ_2025-03-13_G65,10109655LANDROJ,2025-03-13,117820,1,50,0,695.0
10109655LANDROJ_2025-03-13_G66,10109655LANDROJ,2025-03-13,118229,1,20,0,837.0
10109655LANDROJ_2025-03-13_G67,10109655LANDROJ,2025-03-13,109647,1,4,0,143.0
10109655LANDROJ_2025-03-13_G68,10109655LANDROJ,2025-03-13,111182,1,4,0,170.0
10109655LANDROJ_2025-03-13_G69,10109655LANDROJ,2025-03-13,111466,2,14,7,103.0
10109655LANDROJ_2025-03-13_G70,10109655LANDROJ,2025-03-13,140922,1,8,0,183.0
10109655LANDROJ_2025-03-13_G71,10109655LANDROJ,2025-03-13,160054,1,40,0,657.0
10109655LANDROJ_2025-03-13_G72,10109655LANDROJ,2025-03-13,117808,1,230,0,495.0
10109655LANDROJ_2025-03-14_G02,10109655LANDROJ,2025-03-14,111172,1,1,0,192.0
10109655LANDROJ_2025-03-14_G03,10109655LANDROJ,2025-03-14,111466,1,12,0,210.0
10109655LANDROJ_2025-03-14_G04,10109655LANDROJ,2025-03-14,110580,1,3,0,153.0
10109655LANDROJ_2025-03-14_G05,10109655LANDROJ,2025-03-14,110580,1,8,0,98.0
10109655LANDROJ_2025-03-14_G06,10109655LANDROJ,2025-03-14,111466,1,2,0,615.0
10109655LANDROJ_2025-03-14_G07,10109655LANDROJ,2025-03-14,118317,1,4,0,154.0
10109655LANDROJ_2025-03-14_G08,10109655LANDROJ,2025-03-14,110895,1,1,0,708.0
10109655LANDROJ_2025-03-14_G09,10109655LANDROJ,2025-03-14,111442,1,1,0,178.0
10109655LANDROJ_2025-03-14_G10,10109655LANDROJ,2025-03-14,140911,1,4,0,190.0
10109655LANDROJ_2025-03-14_G11,10109655LANDROJ,2025-03-14,110711,1,1,0,918.0
10109655LANDROJ_2025-03-14_G12,10109655LANDROJ,2025-03-14,110787,1,4,0,82.0
10109655LANDROJ_2025-03-14_G13,10109655LANDROJ,2025-03-14,111418,1,7,0,148.0
10109655LANDROJ_2025-03-14_G14,10109655LANDROJ,2025-03-14,114097,1,2,0,56.0
10109655LANDROJ_2025-03-14_G15,10109655LANDROJ,2025-03-14,108772,1,2,0,128.0
10109655LANDROJ_2025-03-14_G16,10109655LANDROJ,2025-03-14,110515,1,8,0,212.0
10109655LANDROJ_2025-03-14_G17,10109655LANDROJ,2025-03-14,117935,1,6,0,951.0
10109655LANDROJ_2025-03-14_G18,10109655LANDROJ,2025-03-14,111439,1,8,0,186.0
10109655LANDROJ_2025-03-14_G19,10109655LANDROJ,2025-03-14,110515,1,12,0,349.0
10109655LANDROJ_2025-03-14_G20,10109655LANDROJ,2025-03-14,111530,1,12,0,111.0
10109655LANDROJ_2025-03-14_G21,10109655LANDROJ,2025-03-14,110787,1,8,0,111.0
10109655LANDROJ_2025-03-14_G22,10109655LANDROJ,2025-03-14,118094,1,8,0,139.0
10109655LANDROJ_2025-03-14_G23,10109655LANDROJ,2025-03-14,111439,1,4,0,68.0
10109655LANDROJ_2025-03-14_G24,10109655LANDROJ,2025-03-14,117831,1,8,0,170.0
10109655LANDROJ_2025-03-14_G25,10109655LANDROJ,2025-03-14,111462,1,5,0,104.0
10109655LANDROJ_2025-03-14_G26,10109655LANDROJ,2025-03-14,117809,1,4,0,99.0
10109655LANDROJ_2025-03-14_G27,10109655LANDROJ,2025-03-14,110742,1,4,0,693.0
10109655LANDROJ_2025-03-14_G28,10109655LANDROJ,2025-03-14,109933,1,4,0,124.0
10109655LANDROJ_2025-03-14_G29,10109655LANDROJ,2025-03-14,109937,1,3,0,94.0
10109655LANDROJ_2025-03-14_G30,10109655LANDROJ,2025-03-14,110895,1,4,0,78.0
10109655LANDROJ_2025-03-14_G31,10109655LANDROJ,2025-03-14,111430,1,4,0,52.0
10109655LANDROJ_2025-03-14_G32,10109655LANDROJ,2025-03-14,117835,1,2,0,140.0
10109655LANDROJ_2025-03-14_G33,10109655LANDROJ,2025-03-14,108759,1,4,0,60.0
10109655LANDROJ_2025-03-14_G34,10109655LANDROJ,2025-03-14,116527,1,4,0,103.0
10109655LANDROJ_2025-03-14_G35,10109655LANDROJ,2025-03-14,110756,1,4,0,189.0
10109655LANDROJ_2025-03-14_G36,10109655LANDROJ,2025-03-14,118094,1,4,0,328.0
10109655LANDROJ_2025-03-14_G37,10109655LANDROJ,2025-03-14,110339,1,4,0,91.0
10109655LANDROJ_2025-03-14_G38,10109655LANDROJ,2025-03-14,110313,1,4,0,134.0
10109655LANDROJ_2025-03-14_G39,10109655LANDROJ,2025-03-14,111602,1,4,0,82.0
10109655LANDROJ_2025-03-14_G40,10109655LANDROJ,2025-03-14,110741,1,4,0,251.0
10109655LANDROJ_2025-03-14_G41,10109655LANDROJ,2025-03-14,117855,1,8,0,388.0
10109655LANDROJ_2025-03-14_G42,10109655LANDROJ,2025-03-14,117786,1,4,0,82.0
10109655LANDROJ_2025-03-14_G43,10109655LANDROJ,2025-03-14,108772,1,4,0,88.0
10109655LANDROJ_2025-03-14_G44,10109655LANDROJ,2025-03-14,105242,1,4,0,287.0
10109655LANDROJ_2025-03-14_G45,10109655LANDROJ,2025-03-14,110711,1,9,0,146.0
10109655LANDROJ_2025-03-14_G46,10109655LANDROJ,2025-03-14,110376,1,4,0,209.0
10109655LANDROJ_2025-03-14_G47,10109655LANDROJ,2025-03-14,117809,1,20,0,123.0
10109655LANDROJ_2025-03-14_G48,10109655LANDROJ,2025-03-14,110372,1,4,0,54.0
10109655LANDROJ_2025-03-14_G49,10109655LANDROJ,2025-03-14,117830,1,4,0,62.0
10109655LANDROJ_2025-03-14_G50,10109655LANDROJ,2025-03-14,109643,1,20,0,277.0
10109655LANDROJ_2025-03-14_G51,10109655LANDROJ,2025-03-14,117832,1,8,0,128.0
10109655LANDROJ_2025-03-14_G52,10109655LANDROJ,2025-03-14,110373,1,24,0,385.0
10109655LANDROJ_2025-03-14_G53,10109655LANDROJ,2025-03-14,110375,1,8,0,99.0
10109655LANDROJ_2025-03-14_G54,10109655LANDROJ,2025-03-14,117820,1,4,0,100.0
10109655LANDROJ_2025-03-14_G55,10109655LANDROJ,2025-03-14,105705,1,12,0,148.0
10109655LANDROJ_2025-03-14_G56,10109655LANDROJ,2025-03-14,117821,1,4,0,54.0
10109655LANDROJ_2025-03-14_G57,10109655LANDROJ,2025-03-14,111433,1,4,0,42.0
10109655LANDROJ_2025-03-14_G59,10109655LANDROJ,2025-03-14,109803,1,4,0,78.0
10109655LANDROJ_2025-03-14_G60,10109655LANDROJ,2025-03-14,110080,1,3,0,98.0
10109655LANDROJ_2025-03-14_G61,10109655LANDROJ,2025-03-14,110537,1,4,0,86.0
10109655LANDROJ_2025-03-14_G62,10109655LANDROJ,2025-03-14,118169,1,4,0,137.0
10109655LANDROJ_2025-03-14_G63,10109655LANDROJ,2025-03-14,118222,1,85,0,547.0
10109655LANDROJ_2025-03-14_G64,10109655LANDROJ,2025-03-14,111850,1,11,0,221.0
10109655LANDROJ_2025-03-14_G65,10109655LANDROJ,2025-03-14,110841,1,4,0,327.0
10109655LANDROJ_2025-03-14_G66,10109655LANDROJ,2025-03-14,115773,1,16,0,135.0
10109655LANDROJ_2025-03-14_G67,10109655LANDROJ,2025-03-14,100334,1,20,0,169.0
10109655LANDROJ_2025-03-14_G68,10109655LANDROJ,2025-03-14,103149,1,2,0,58.0
10109655LANDROJ_2025-03-14_G69,10109655LANDROJ,2025-03-14,115775,1,4,0,175.0
10109655LANDROJ_2025-03-14_G70,10109655LANDROJ,2025-03-14,117836,1,1,0,100.0
10109655LANDROJ_2025-03-14_G71,10109655LANDROJ,2025-03-14,109974,1,3,0,114.0
10109655LANDROJ_2025-03-14_G72,10109655LANDROJ,2025-03-14,110325,1,100,0,833.0
10109655LANDROJ_2025-03-14_G73,10109655LANDROJ,2025-03-14,118281,1,1,0,504.0
10109655LANDROJ_2025-03-14_G74,10109655LANDROJ,2025-03-14,117822,1,65,0,86.0
10109655LANDROJ_2025-03-14_G75,10109655LANDROJ,2025-03-14,117809,1,300,0,751.0
10109655LANDROJ_2025-03-14_G76,10109655LANDROJ,2025-03-14,110745,1,77,0,365.0
10109655LANDROJ_2025-03-14_G77,10109655LANDROJ,2025-03-14,110787,1,100,0,414.0
10109655LANDROJ_2025-03-14_G78,10109655LANDROJ,2025-03-14,117808,1,1392,0,3033.0
10109655LANDROJ_2025-03-15_G02,10109655LANDROJ,2025-03-15,117832,1,12,0,181.0
10109655LANDROJ_2025-03-15_G03,10109655LANDROJ,2025-03-15,109747,1,10,0,496.0
10109655LANDROJ_2025-03-15_G04,10109655LANDROJ,2025-03-15,110374,1,12,0,137.0
10109655LANDROJ_2025-03-15_G05,10109655LANDROJ,2025-03-15,117855,1,4,0,888.0
10109655LANDROJ_2025-03-15_G06,10109655LANDROJ,2025-03-15,117831,1,4,0,162.0
10109655LANDROJ_2025-03-15_G07,10109655LANDROJ,2025-03-15,111468,1,14,0,134.0
10109655LANDROJ_2025-03-15_G08,10109655LANDROJ,2025-03-15,118140,2,14,8,302.0
10109655LANDROJ_2025-03-15_G09,10109655LANDROJ,2025-03-15,110745,1,2,0,126.0
10109655LANDROJ_2025-03-15_G10,10109655LANDROJ,2025-03-15,109645,1,4,0,103.0
10109655LANDROJ_2025-03-15_G11,10109655LANDROJ,2025-03-15,105705,1,4,0,97.0
10109655LANDROJ_2025-03-15_G12,10109655LANDROJ,2025-03-15,111465,1,5,0,106.0
10109655LANDROJ_2025-03-15_G13,10109655LANDROJ,2025-03-15,"108770, 117855",3,12,45,3542.0
10109655LANDROJ_2025-03-15_G14,10109655LANDROJ,2025-03-15,108770,1,4,0,187.0
10109655LANDROJ_2025-03-15_G15,10109655LANDROJ,2025-03-15,110742,1,1,0,32.0
10109655LANDROJ_2025-03-15_G16,10109655LANDROJ,2025-03-15,"109647, 117855",2,5,11,92.0
10109655LANDROJ_2025-03-15_G17,10109655LANDROJ,2025-03-15,110371,1,4,0,100.0
10109655LANDROJ_2025-03-15_G18,10109655LANDROJ,2025-03-15,117830,1,14,0,581.0
10109655LANDROJ_2025-03-15_G19,10109655LANDROJ,2025-03-15,109747,1,16,0,217.0
10109655LANDROJ_2025-03-15_G20,10109655LANDROJ,2025-03-15,110895,1,6,0,180.0
10109655LANDROJ_2025-03-15_G21,10109655LANDROJ,2025-03-15,110515,1,16,0,282.0
10109655LANDROJ_2025-03-15_G22,10109655LANDROJ,2025-03-15,111172,1,4,0,961.0
10109655LANDROJ_2025-03-15_G23,10109655LANDROJ,2025-03-15,110515,1,14,0,599.0
10109655LANDROJ_2025-03-15_G24,10109655LANDROJ,2025-03-15,111438,1,4,0,297.0
10109655LANDROJ_2025-03-18_G02,10109655LANDROJ,2025-03-18,117840,1,8,0,176.0
10109655LANDROJ_2025-03-18_G03,10109655LANDROJ,2025-03-18,118094,1,8,0,158.0
10109655LANDROJ_2025-03-18_G04,10109655LANDROJ,2025-03-18,118418,1,3,0,114.0
10109655LANDROJ_2025-03-18_G05,10109655LANDROJ,2025-03-18,118322,1,2,0,260.0
10109655LANDROJ_2025-03-18_G06,10109655LANDROJ,2025-03-18,111430,1,4,0,296.0
10109655LANDROJ_2025-03-18_G07,10109655LANDROJ,2025-03-18,118094,1,12,0,363.0
10109655LANDROJ_2025-03-18_G08,10109655LANDROJ,2025-03-18,110515,1,16,0,364.0
10109655LANDROJ_2025-03-18_G09,10109655LANDROJ,2025-03-18,110749,1,2,0,190.0
10109655LANDROJ_2025-03-18_G10,10109655LANDROJ,2025-03-18,111569,1,2,0,177.0
10109655LANDROJ_2025-03-18_G11,10109655LANDROJ,2025-03-18,117834,1,2,0,111.0
10109655LANDROJ_2025-03-18_G12,10109655LANDROJ,2025-03-18,118222,1,4,0,49.0
10109655LANDROJ_2025-03-18_G13,10109655LANDROJ,2025-03-18,111466,1,3,0,74.0
10109655LANDROJ_2025-03-18_G14,10109655LANDROJ,2025-03-18,111443,1,1,0,125.0
10109655LANDROJ_2025-03-18_G15,10109655LANDROJ,2025-03-18,111468,1,1,0,85.0
10109655LANDROJ_2025-03-18_G16,10109655LANDROJ,2025-03-18,118140,2,7,7,62.0
10109655LANDROJ_2025-03-18_G17,10109655LANDROJ,2025-03-18,111418,1,11,0,164.0
10109655LANDROJ_2025-03-18_G18,10109655LANDROJ,2025-03-18,117821,1,1,0,51.0
10109655LANDROJ_2025-03-18_G19,10109655LANDROJ,2025-03-18,110787,1,1,0,105.0
10109655LANDROJ_2025-03-18_G20,10109655LANDROJ,2025-03-18,117841,1,2,0,63.0
10109655LANDROJ_2025-03-18_G21,10109655LANDROJ,2025-03-18,"118317, 109645",2,4,24,50.0
10109655LANDROJ_2025-03-18_G22,10109655LANDROJ,2025-03-18,105705,1,2,0,102.0
10109655LANDROJ_2025-03-18_G23,10109655LANDROJ,2025-03-18,111441,1,8,0,433.0
10109655LANDROJ_2025-03-18_G24,10109655LANDROJ,2025-03-18,107629,1,4,0,116.0
10109655LANDROJ_2025-03-18_G25,10109655LANDROJ,2025-03-18,111418,1,30,0,263.0
10109655LANDROJ_2025-03-18_G26,10109655LANDROJ,2025-03-18,111463,1,10,0,111.0
10109655LANDROJ_2025-03-18_G27,10109655LANDROJ,2025-03-18,110515,1,10,0,48.0
10109655LANDROJ_2025-03-18_G28,10109655LANDROJ,2025-03-18,110740,2,8,10,293.0
10109655LANDROJ_2025-03-18_G29,10109655LANDROJ,2025-03-18,118298,1,2,0,606.0
10109655LANDROJ_2025-03-18_G30,10109655LANDROJ,2025-03-18,110313,1,1,0,97.0
10109655LANDROJ_2025-03-18_G31,10109655LANDROJ,2025-03-18,111602,1,1,0,60.0
10109655LANDROJ_2025-03-18_G32,10109655LANDROJ,2025-03-18,117855,1,3,0,79.0
10109655LANDROJ_2025-03-18_G33,10109655LANDROJ,2025-03-18,111876,1,2,0,133.0
10109655LANDROJ_2025-03-18_G34,10109655LANDROJ,2025-03-18,110515,1,3,0,97.0
10109655LANDROJ_2025-03-18_G35,10109655LANDROJ,2025-03-18,111530,1,3,0,41.0
10109655LANDROJ_2025-03-18_G36,10109655LANDROJ,2025-03-18,117808,2,10,7,146.0
10109655LANDROJ_2025-03-18_G37,10109655LANDROJ,2025-03-18,117820,1,6,0,117.0
10109655LANDROJ_2025-03-18_G38,10109655LANDROJ,2025-03-18,110372,2,33,13,120.0
10109655LANDROJ_2025-03-18_G39,10109655LANDROJ,2025-03-18,109643,1,4,0,194.0
10109655LANDROJ_2025-03-18_G40,10109655LANDROJ,2025-03-18,110374,1,6,0,100.0
10109655LANDROJ_2025-03-18_G41,10109655LANDROJ,2025-03-18,117862,1,12,0,542.0
10109655LANDROJ_2025-03-18_G42,10109655LANDROJ,2025-03-18,"110339, 111602",2,50,24,131.0
10109655LANDROJ_2025-03-18_G43,10109655LANDROJ,2025-03-18,117855,1,18,0,390.0
10109655LANDROJ_2025-03-18_G44,10109655LANDROJ,2025-03-18,117861,1,12,0,123.0
10109655LANDROJ_2025-03-18_G45,10109655LANDROJ,2025-03-18,111530,1,44,0,33.0
10109655LANDROJ_2025-03-18_G46,10109655LANDROJ,2025-03-18,105242,1,2,0,70.0
10109655LANDROJ_2025-03-18_G47,10109655LANDROJ,2025-03-18,118299,1,400,0,769.0
10109655LANDROJ_2025-03-18_G48,10109655LANDROJ,2025-03-18,117820,1,185,0,1052.0
10109655LANDROJ_2025-03-18_G49,10109655LANDROJ,2025-03-18,117830,1,57,0,272.0
10109655LANDROJ_2025-03-18_G50,10109655LANDROJ,2025-03-18,109643,1,31,0,710.0
10109655LANDROJ_2025-03-18_G52,10109655LANDROJ,2025-03-18,111469,1,3,0,454.0
10109655LANDROJ_2025-03-18_G53,10109655LANDROJ,2025-03-18,111469,1,1,0,35.0
10109655LANDROJ_2025-03-18_G54,10109655LANDROJ,2025-03-18,111463,1,17,0,216.0
10109655LANDROJ_2025-03-18_G55,10109655LANDROJ,2025-03-18,110740,1,4,0,65.0
10109655LANDROJ_2025-03-18_G56,10109655LANDROJ,2025-03-18,111463,1,3,0,100.0
10109655LANDROJ_2025-03-18_G57,10109655LANDROJ,2025-03-18,111441,2,6,10,593.0
10109655LANDROJ_2025-03-18_G58,10109655LANDROJ,2025-03-18,111469,1,6,0,208.0
10109655LANDROJ_2025-03-18_G59,10109655LANDROJ,2025-03-18,"117853, 111469",2,9,25,111.0
10109655LANDROJ_2025-03-18_G60,10109655LANDROJ,2025-03-18,111466,1,3,0,118.0
10109655LANDROJ_2025-03-18_G61,10109655LANDROJ,2025-03-18,111172,1,4,0,119.0
10109655LANDROJ_2025-03-18_G62,10109655LANDROJ,2025-03-18,117785,1,4,0,69.0
10109655LANDROJ_2025-03-18_G63,10109655LANDROJ,2025-03-18,118140,1,10,0,116.0
10109655LANDROJ_2025-03-18_G64,10109655LANDROJ,2025-03-18,111418,1,3,0,97.0
10109655LANDROJ_2025-03-18_G65,10109655LANDROJ,2025-03-18,117831,1,4,0,93.0
10109655LANDROJ_2025-03-18_G66,10109655LANDROJ,2025-03-18,110740,1,4,0,211.0
10109655LANDROJ_2025-03-18_G67,10109655LANDROJ,2025-03-18,118299,1,3,0,96.0
10109655LANDROJ_2025-03-18_G68,10109655LANDROJ,2025-03-18,117808,1,13,0,513.0
10109655LANDROJ_2025-03-18_G69,10109655LANDROJ,2025-03-18,110372,1,6,0,106.0
10109655LANDROJ_2025-03-18_G70,10109655LANDROJ,2025-03-18,111441,2,19,11,895.0
10109655LANDROJ_2025-03-18_G71,10109655LANDROJ,2025-03-18,110895,1,7,0,259.0
10109655LANDROJ_2025-03-18_G72,10109655LANDROJ,2025-03-18,117862,1,40,0,563.0
10109655LANDROJ_2025-03-18_G73,10109655LANDROJ,2025-03-18,109647,1,10,0,754.0
10109655LANDROJ_2025-03-18_G74,10109655LANDROJ,2025-03-18,117853,1,6,0,96.0
10109655LANDROJ_2025-03-18_G75,10109655LANDROJ,2025-03-18,118298,1,3,0,68.0
10109655LANDROJ_2025-03-18_G76,10109655LANDROJ,2025-03-18,117935,1,7,0,141.0
10109655LANDROJ_2025-03-18_G77,10109655LANDROJ,2025-03-18,117856,1,21,0,181.0
10109655LANDROJ_2025-03-18_G78,10109655LANDROJ,2025-03-18,110733,1,12,0,150.0
10109655LANDROJ_2025-03-18_G79,10109655LANDROJ,2025-03-18,110515,1,22,0,474.0
10109655LANDROJ_2025-03-18_G80,10109655LANDROJ,2025-03-18,110711,1,4,0,208.0
10109655LANDROJ_2025-03-18_G81,10109655LANDROJ,2025-03-18,111182,1,2,0,300.0
10109655LANDROJ_2025-03-18_G82,10109655LANDROJ,2025-03-18,111348,1,4,0,149.0
10109655LANDROJ_2025-03-18_G83,10109655LANDROJ,2025-03-18,111469,1,152,0,295.0
10109655LANDROJ_2025-03-18_G84,10109655LANDROJ,2025-03-18,109641,1,17,0,528.0
10109655LANDROJ_2025-03-18_G85,10109655LANDROJ,2025-03-18,117785,1,100,0,366.0
10109655LANDROJ_2025-03-18_G86,10109655LANDROJ,2025-03-18,111418,1,200,0,876.0
10109655LANDROJ_2025-03-18_G87,10109655LANDROJ,2025-03-18,118317,1,12,0,909.0
10109655LANDROJ_2025-03-18_G88,10109655LANDROJ,2025-03-18,118140,1,100,0,166.0
10109655LANDROJ_2025-03-18_G89,10109655LANDROJ,2025-03-18,111465,1,40,0,496.0
10109655LANDROJ_2025-03-19_G02,10109655LANDROJ,2025-03-19,100334,1,1,0,118.0
10109655LANDROJ_2025-03-19_G03,10109655LANDROJ,2025-03-19,117862,1,4,0,211.0
10109655LANDROJ_2025-03-19_G04,10109655LANDROJ,2025-03-19,111466,1,4,0,112.0
10109655LANDROJ_2025-03-19_G05,10109655LANDROJ,2025-03-19,111435,1,2,0,85.0
10109655LANDROJ_2025-03-19_G06,10109655LANDROJ,2025-03-19,111172,1,2,0,335.0
10109655LANDROJ_2025-03-19_G07,10109655LANDROJ,2025-03-19,117785,1,2,0,136.0
10109655LANDROJ_2025-03-19_G08,10109655LANDROJ,2025-03-19,111462,1,2,0,108.0
10109655LANDROJ_2025-03-19_G09,10109655LANDROJ,2025-03-19,110787,1,4,0,155.0
10109655LANDROJ_2025-03-19_G10,10109655LANDROJ,2025-03-19,118299,1,6,0,105.0
10109655LANDROJ_2025-03-19_G11,10109655LANDROJ,2025-03-19,117808,1,10,0,115.0
10109655LANDROJ_2025-03-19_G12,10109655LANDROJ,2025-03-19,110371,1,7,0,152.0
10109655LANDROJ_2025-03-19_G13,10109655LANDROJ,2025-03-19,109643,1,4,0,75.0
10109655LANDROJ_2025-03-19_G14,10109655LANDROJ,2025-03-19,110372,1,6,0,166.0
10109655LANDROJ_2025-03-19_G15,10109655LANDROJ,2025-03-19,111441,1,10,0,965.0
10109655LANDROJ_2025-03-19_G16,10109655LANDROJ,2025-03-19,111438,1,10,0,290.0
10109655LANDROJ_2025-03-19_G17,10109655LANDROJ,2025-03-19,111569,1,30,0,49.0
10109655LANDROJ_2025-03-19_G18,10109655LANDROJ,2025-03-19,110747,1,15,0,172.0
10109655LANDROJ_2025-03-19_G19,10109655LANDROJ,2025-03-19,109937,1,4,0,210.0
10109655LANDROJ_2025-03-19_G20,10109655LANDROJ,2025-03-19,118306,1,4,0,115.0
10109655LANDROJ_2025-03-19_G21,10109655LANDROJ,2025-03-19,100334,1,20,0,425.0
10109655LANDROJ_2025-03-19_G22,10109655LANDROJ,2025-03-19,111430,1,5,0,506.0
10109655LANDROJ_2025-03-19_G23,10109655LANDROJ,2025-03-19,160057,1,2,0,122.0
10109655LANDROJ_2025-03-19_G24,10109655LANDROJ,2025-03-19,118094,1,5,0,676.0
10109655LANDROJ_2025-03-19_G25,10109655LANDROJ,2025-03-19,110339,1,15,0,236.0
10109655LANDROJ_2025-03-19_G26,10109655LANDROJ,2025-03-19,110313,1,6,0,357.0
10109655LANDROJ_2025-03-19_G27,10109655LANDROJ,2025-03-19,"117856, 110733",2,7,15,57.0
10109655LANDROJ_2025-03-19_G28,10109655LANDROJ,2025-03-19,111602,1,5,0,156.0
10109655LANDROJ_2025-03-19_G29,10109655LANDROJ,2025-03-19,107629,1,7,0,203.0
10109655LANDROJ_2025-03-19_G30,10109655LANDROJ,2025-03-19,111650,1,4,0,99.0
10109655LANDROJ_2025-03-19_G31,10109655LANDROJ,2025-03-19,117855,1,10,0,127.0
10109655LANDROJ_2025-03-19_G32,10109655LANDROJ,2025-03-19,117786,1,6,0,270.0
10109655LANDROJ_2025-03-19_G33,10109655LANDROJ,2025-03-19,111876,1,6,0,72.0
10109655LANDROJ_2025-03-19_G34,10109655LANDROJ,2025-03-19,108772,1,4,0,80.0
10109655LANDROJ_2025-03-19_G35,10109655LANDROJ,2025-03-19,111182,1,2,0,373.0
10109655LANDROJ_2025-03-19_G36,10109655LANDROJ,2025-03-19,111532,1,8,0,404.0
10109655LANDROJ_2025-03-19_G37,10109655LANDROJ,2025-03-19,111443,1,3,0,82.0
10109655LANDROJ_2025-03-19_G38,10109655LANDROJ,2025-03-19,140922,1,10,0,119.0
10109655LANDROJ_2025-03-19_G39,10109655LANDROJ,2025-03-19,109641,1,9,0,110.0
10109655LANDROJ_2025-03-19_G40,10109655LANDROJ,2025-03-19,111462,1,35,0,106.0
10109655LANDROJ_2025-03-19_G41,10109655LANDROJ,2025-03-19,110745,1,9,0,97.0
10109655LANDROJ_2025-03-19_G42,10109655LANDROJ,2025-03-19,117821,1,20,0,176.0
10109655LANDROJ_2025-03-19_G43,10109655LANDROJ,2025-03-19,110787,1,20,0,426.0
10109655LANDROJ_2025-03-19_G44,10109655LANDROJ,2025-03-19,117831,1,25,0,324.0
10109655LANDROJ_2025-03-19_G45,10109655LANDROJ,2025-03-19,109645,1,6,0,65.0
10109655LANDROJ_2025-03-19_G46,10109655LANDROJ,2025-03-19,160055,1,3,0,76.0
10109655LANDROJ_2025-03-19_G47,10109655LANDROJ,2025-03-19,110325,1,25,0,199.0
10109655LANDROJ_2025-03-19_G48,10109655LANDROJ,2025-03-19,160054,1,3,0,83.0
10109655LANDROJ_2025-03-19_G49,10109655LANDROJ,2025-03-19,117822,1,10,0,106.0
10109655LANDROJ_2025-03-19_G50,10109655LANDROJ,2025-03-19,118299,1,60,0,209.0
10109655LANDROJ_2025-03-19_G51,10109655LANDROJ,2025-03-19,110373,1,90,0,429.0
10109655LANDROJ_2025-03-19_G52,10109655LANDROJ,2025-03-19,117820,1,80,0,144.0
10109655LANDROJ_2025-03-19_G53,10109655LANDROJ,2025-03-19,117808,1,90,0,443.0
10109655LANDROJ_2025-03-19_G54,10109655LANDROJ,2025-03-19,117809,1,20,0,619.0
10109655LANDROJ_2025-03-19_G55,10109655LANDROJ,2025-03-19,117830,1,30,0,311.0
10109655LANDROJ_2025-03-19_G56,10109655LANDROJ,2025-03-19,110371,1,100,0,99.0
10109655LANDROJ_2025-03-19_G57,10109655LANDROJ,2025-03-19,109643,1,20,0,350.0
10109655LANDROJ_2025-03-19_G58,10109655LANDROJ,2025-03-19,110372,1,100,0,364.0
10109655LANDROJ_2025-03-19_G59,10109655LANDROJ,2025-03-19,117832,1,20,0,358.0
10109655LANDROJ_2025-03-19_G60,10109655LANDROJ,2025-03-19,160051,1,12,0,133.0
10109655LANDROJ_2025-03-19_G61,10109655LANDROJ,2025-03-19,110375,1,14,0,96.0
10109655LANDROJ_2025-03-19_G62,10109655LANDROJ,2025-03-19,109747,1,1,0,61.0
10109655LANDROJ_2025-03-19_G63,10109655LANDROJ,2025-03-19,110374,1,80,0,127.0
10109655LANDROJ_2025-03-19_G64,10109655LANDROJ,2025-03-19,111431,1,10,0,908.0
10109655LANDROJ_2025-03-19_G66,10109655LANDROJ,2025-03-19,111438,1,4,0,97.0
10109655LANDROJ_2025-03-19_G67,10109655LANDROJ,2025-03-19,110681,1,6,0,381.0
10109655LANDROJ_2025-03-19_G68,10109655LANDROJ,2025-03-19,111569,1,4,0,68.0
10109655LANDROJ_2025-03-19_G69,10109655LANDROJ,2025-03-19,109937,1,4,0,87.0
10109655LANDROJ_2025-03-19_G70,10109655LANDROJ,2025-03-19,100334,1,8,0,186.0
10109655LANDROJ_2025-03-19_G71,10109655LANDROJ,2025-03-19,117835,1,4,0,125.0
10109655LANDROJ_2025-03-19_G72,10109655LANDROJ,2025-03-19,109647,1,4,0,177.0
10109655LANDROJ_2025-03-19_G73,10109655LANDROJ,2025-03-19,117853,1,4,0,141.0
10109655LANDROJ_2025-03-19_G74,10109655LANDROJ,2025-03-19,118094,2,6,8,89.0
10109655LANDROJ_2025-03-19_G75,10109655LANDROJ,2025-03-19,110313,1,4,0,135.0
10109655LANDROJ_2025-03-19_G76,10109655LANDROJ,2025-03-19,111602,1,4,0,363.0
10109655LANDROJ_2025-03-19_G77,10109655LANDROJ,2025-03-19,117855,2,20,11,188.0
10109655LANDROJ_2025-03-19_G78,10109655LANDROJ,2025-03-19,111530,1,4,0,232.0
10109655LANDROJ_2025-03-19_G79,10109655LANDROJ,2025-03-19,110711,2,20,8,149.0
10109655LANDROJ_2025-03-19_G80,10109655LANDROJ,2025-03-19,111469,1,16,0,739.0
10109655LANDROJ_2025-03-19_G81,10109655LANDROJ,2025-03-19,111466,1,8,0,200.0
10109655LANDROJ_2025-03-19_G82,10109655LANDROJ,2025-03-19,111446,1,4,0,102.0
10109655LANDROJ_2025-03-19_G83,10109655LANDROJ,2025-03-19,111330,1,4,0,121.0
10109655LANDROJ_2025-03-19_G84,10109655LANDROJ,2025-03-19,117833,2,20,10,110.0
10109655LANDROJ_2025-03-19_G85,10109655LANDROJ,2025-03-19,110743,1,4,0,219.0
10109655LANDROJ_2025-03-19_G86,10109655LANDROJ,2025-03-19,111418,2,40,10,75.0
10109655LANDROJ_2025-03-19_G87,10109655LANDROJ,2025-03-19,111462,1,16,0,652.0
10109655LANDROJ_2025-03-19_G88,10109655LANDROJ,2025-03-19,117831,1,4,0,107.0
10109655LANDROJ_2025-03-19_G89,10109655LANDROJ,2025-03-19,114100,1,2,0,49.0
10109655LANDROJ_2025-03-19_G90,10109655LANDROJ,2025-03-19,111433,2,6,8,132.0
10109655LANDROJ_2025-03-19_G91,10109655LANDROJ,2025-03-19,117820,2,20,8,260.0
10109655LANDROJ_2025-03-19_G92,10109655LANDROJ,2025-03-19,117808,2,6,7,85.0
10109655LANDROJ_2025-03-19_G93,10109655LANDROJ,2025-03-19,117809,2,19,7,70.0
10109655LANDROJ_2025-03-19_G94,10109655LANDROJ,2025-03-19,117830,1,4,0,233.0
10109655LANDROJ_2025-03-19_G95,10109655LANDROJ,2025-03-19,110371,1,16,0,142.0
10109655LANDROJ_2025-03-19_G96,10109655LANDROJ,2025-03-19,110373,1,60,0,218.0
10109655LANDROJ_2025-03-19_G97,10109655LANDROJ,2025-03-19,109643,1,20,0,577.0
10109655LANDROJ_2025-03-19_G98,10109655LANDROJ,2025-03-19,110372,1,20,0,163.0
10109655LANDROJ_2025-03-19_G99,10109655LANDROJ,2025-03-19,110373,1,6,0,293.0
10109655LANDROJ_2025-03-19_G100,10109655LANDROJ,2025-03-19,109643,1,14,0,250.0
10109655LANDROJ_2025-03-19_G101,10109655LANDROJ,2025-03-19,110375,2,20,8,124.0
10109655LANDROJ_2025-03-19_G102,10109655LANDROJ,2025-03-19,110374,1,20,0,211.0
10109655LANDROJ_2025-03-20_G02,10109655LANDROJ,2025-03-20,"111469, 111466",2,13,10,216.0
10109655LANDROJ_2025-03-20_G03,10109655LANDROJ,2025-03-20,140922,1,6,0,182.0
10109655LANDROJ_2025-03-20_G04,10109655LANDROJ,2025-03-20,117785,1,8,0,103.0
10109655LANDROJ_2025-03-20_G05,10109655LANDROJ,2025-03-20,111418,1,4,0,134.0
10109655LANDROJ_2025-03-20_G06,10109655LANDROJ,2025-03-20,118299,1,25,0,192.0
10109655LANDROJ_2025-03-20_G07,10109655LANDROJ,2025-03-20,117820,1,6,0,132.0
10109655LANDROJ_2025-03-20_G08,10109655LANDROJ,2025-03-20,117830,1,4,0,131.0
10109655LANDROJ_2025-03-20_G09,10109655LANDROJ,2025-03-20,110372,1,15,0,325.0
10109655LANDROJ_2025-03-20_G10,10109655LANDROJ,2025-03-20,117832,1,6,0,142.0
10109655LANDROJ_2025-03-20_G11,10109655LANDROJ,2025-03-20,110733,1,6,0,340.0
10109655LANDROJ_2025-03-20_G12,10109655LANDROJ,2025-03-20,111469,1,6,0,693.0
10109655LANDROJ_2025-03-20_G13,10109655LANDROJ,2025-03-20,111466,1,6,0,52.0
10109655LANDROJ_2025-03-20_G14,10109655LANDROJ,2025-03-20,108795,1,3,0,114.0
10109655LANDROJ_2025-03-20_G15,10109655LANDROJ,2025-03-20,109641,1,4,0,134.0
10109655LANDROJ_2025-03-20_G16,10109655LANDROJ,2025-03-20,117785,1,3,0,51.0
10109655LANDROJ_2025-03-20_G17,10109655LANDROJ,2025-03-20,111462,1,12,0,173.0
10109655LANDROJ_2025-03-20_G18,10109655LANDROJ,2025-03-20,110787,1,8,0,405.0
10109655LANDROJ_2025-03-20_G19,10109655LANDROJ,2025-03-20,109645,1,11,0,135.0
10109655LANDROJ_2025-03-20_G20,10109655LANDROJ,2025-03-20,118140,1,7,0,156.0
10109655LANDROJ_2025-03-20_G21,10109655LANDROJ,2025-03-20,118299,1,53,0,388.0
10109655LANDROJ_2025-03-20_G22,10109655LANDROJ,2025-03-20,117830,1,69,0,690.0
10109655LANDROJ_2025-03-20_G23,10109655LANDROJ,2025-03-20,110371,1,20,0,152.0
10109655LANDROJ_2025-03-20_G24,10109655LANDROJ,2025-03-20,110373,1,20,0,207.0
10109655LANDROJ_2025-03-20_G25,10109655LANDROJ,2025-03-20,110375,1,3,0,55.0
10109655LANDROJ_2025-03-20_G26,10109655LANDROJ,2025-03-20,117820,1,20,0,135.0
10109655LANDROJ_2025-03-20_G27,10109655LANDROJ,2025-03-20,109747,1,10,0,142.0
10109655LANDROJ_2025-03-20_G28,10109655LANDROJ,2025-03-20,111469,1,4,0,1089.0
10109655LANDROJ_2025-03-20_G29,10109655LANDROJ,2025-03-20,111418,1,13,0,169.0
10109655LANDROJ_2025-03-20_G30,10109655LANDROJ,2025-03-20,108711,1,3,0,74.0
10109655LANDROJ_2025-03-20_G31,10109655LANDROJ,2025-03-20,"117831, 109645",2,10,20,184.0
10109655LANDROJ_2025-03-20_G32,10109655LANDROJ,2025-03-20,118299,1,7,0,142.0
10109655LANDROJ_2025-03-20_G33,10109655LANDROJ,2025-03-20,117808,1,13,0,185.0
10109655LANDROJ_2025-03-20_G34,10109655LANDROJ,2025-03-20,110371,1,24,0,333.0
10109655LANDROJ_2025-03-20_G35,10109655LANDROJ,2025-03-20,110372,1,32,0,685.0
10109655LANDROJ_2025-03-20_G36,10109655LANDROJ,2025-03-20,110373,1,25,0,185.0
10109655LANDROJ_2025-03-20_G37,10109655LANDROJ,2025-03-20,110742,1,6,0,475.0
10109655LANDROJ_2025-03-20_G38,10109655LANDROJ,2025-03-20,111431,1,6,0,314.0
10109655LANDROJ_2025-03-20_G39,10109655LANDROJ,2025-03-20,111438,1,10,0,179.0
10109655LANDROJ_2025-03-20_G40,10109655LANDROJ,2025-03-20,110747,1,3,0,82.0
10109655LANDROJ_2025-03-20_G41,10109655LANDROJ,2025-03-20,110895,1,12,0,128.0
10109655LANDROJ_2025-03-20_G42,10109655LANDROJ,2025-03-20,100334,1,7,0,81.0
10109655LANDROJ_2025-03-20_G43,10109655LANDROJ,2025-03-20,111430,1,4,0,53.0
10109655LANDROJ_2025-03-20_G44,10109655LANDROJ,2025-03-20,117830,1,55,0,172.0
10109655LANDROJ_2025-03-20_G45,10109655LANDROJ,2025-03-20,118222,1,4,0,461.0
10109655LANDROJ_2025-03-20_G46,10109655LANDROJ,2025-03-20,117862,1,8,0,173.0
10109655LANDROJ_2025-03-20_G47,10109655LANDROJ,2025-03-20,110515,1,2,0,103.0
10109655LANDROJ_2025-03-20_G48,10109655LANDROJ,2025-03-20,111530,1,16,0,99.0
10109655LANDROJ_2025-03-20_G49,10109655LANDROJ,2025-03-20,111466,1,4,0,100.0
10109655LANDROJ_2025-03-20_G50,10109655LANDROJ,2025-03-20,111435,1,3,0,161.0
10109655LANDROJ_2025-03-20_G51,10109655LANDROJ,2025-03-20,111443,1,4,0,34.0
10109655LANDROJ_2025-03-20_G53,10109655LANDROJ,2025-03-20,108711,1,10,0,109.0
10109655LANDROJ_2025-03-20_G54,10109655LANDROJ,2025-03-20,111462,1,7,0,110.0
10109655LANDROJ_2025-03-20_G55,10109655LANDROJ,2025-03-20,110745,2,11,7,42.0
10109655LANDROJ_2025-03-20_G56,10109655LANDROJ,2025-03-20,110748,1,1,0,77.0
10109655LANDROJ_2025-03-20_G57,10109655LANDROJ,2025-03-20,117821,1,7,0,71.0
10109655LANDROJ_2025-03-20_G58,10109655LANDROJ,2025-03-20,118223,1,1,0,64.0
10109655LANDROJ_2025-03-20_G59,10109655LANDROJ,2025-03-20,110787,1,2,0,69.0
10109655LANDROJ_2025-03-20_G60,10109655LANDROJ,2025-03-20,"117831, 109645",2,10,11,106.0
10109655LANDROJ_2025-03-20_G61,10109655LANDROJ,2025-03-20,118140,1,3,0,76.0
10109655LANDROJ_2025-03-20_G62,10109655LANDROJ,2025-03-20,110372,1,23,0,159.0
10109655LANDROJ_2025-03-20_G63,10109655LANDROJ,2025-03-20,111602,1,3,0,705.0
10109655LANDROJ_2025-03-20_G64,10109655LANDROJ,2025-03-20,110515,1,8,0,146.0
10109655LANDROJ_2025-03-20_G65,10109655LANDROJ,2025-03-20,111530,1,7,0,53.0
10109655LANDROJ_2025-03-20_G66,10109655LANDROJ,2025-03-20,"111469, 111466",2,12,15,125.0
10109655LANDROJ_2025-03-20_G67,10109655LANDROJ,2025-03-20,111443,1,4,0,148.0
10109655LANDROJ_2025-03-20_G68,10109655LANDROJ,2025-03-20,"111463, 118140",2,13,26,142.0
10109655LANDROJ_2025-03-20_G69,10109655LANDROJ,2025-03-20,111438,2,8,9,641.0
10109655LANDROJ_2025-03-20_G70,10109655LANDROJ,2025-03-20,118253,1,4,0,157.0
10109655LANDROJ_2025-03-20_G71,10109655LANDROJ,2025-03-20,111438,1,7,0,1182.0
10109655LANDROJ_2025-03-20_G72,10109655LANDROJ,2025-03-20,111438,1,92,0,282.0
10109655LANDROJ_2025-03-20_G73,10109655LANDROJ,2025-03-20,111569,1,80,0,343.0
10109655LANDROJ_2025-03-20_G74,10109655LANDROJ,2025-03-20,110313,1,3,0,214.0
10109655LANDROJ_2025-03-20_G75,10109655LANDROJ,2025-03-20,117935,1,53,0,82.0
10109655LANDROJ_2025-03-20_G76,10109655LANDROJ,2025-03-20,110733,1,30,0,95.0
10109655LANDROJ_2025-03-20_G77,10109655LANDROJ,2025-03-20,111602,1,24,0,292.0
10109655LANDROJ_2025-03-20_G78,10109655LANDROJ,2025-03-20,111530,1,150,0,486.0
10109655LANDROJ_2025-03-20_G79,10109655LANDROJ,2025-03-20,110711,1,70,0,221.0
10109655LANDROJ_2025-03-20_G80,10109655LANDROJ,2025-03-20,111348,1,12,0,535.0
10109655LANDROJ_2025-03-20_G81,10109655LANDROJ,2025-03-20,108795,2,67,13,108.0
10109655LANDROJ_2025-03-20_G82,10109655LANDROJ,2025-03-20,111462,1,201,0,349.0
10109655LANDROJ_2025-03-20_G83,10109655LANDROJ,2025-03-20,111532,1,380,0,2059.0
10109655LANDROJ_2025-03-20_G84,10109655LANDROJ,2025-03-20,111418,1,150,0,546.0
10109655LANDROJ_2025-03-21_G02,10109655LANDROJ,2025-03-21,110747,1,6,0,133.0
10109655LANDROJ_2025-03-21_G03,10109655LANDROJ,2025-03-21,118306,1,2,0,69.0
10109655LANDROJ_2025-03-21_G04,10109655LANDROJ,2025-03-21,111430,1,4,0,62.0
10109655LANDROJ_2025-03-21_G05,10109655LANDROJ,2025-03-21,111435,1,2,0,474.0
10109655LANDROJ_2025-03-21_G06,10109655LANDROJ,2025-03-21,111443,1,2,0,379.0
10109655LANDROJ_2025-03-21_G07,10109655LANDROJ,2025-03-21,109641,1,4,0,94.0
10109655LANDROJ_2025-03-21_G08,10109655LANDROJ,2025-03-21,111418,2,70,18,99.0
10109655LANDROJ_2025-03-21_G09,10109655LANDROJ,2025-03-21,117821,1,20,0,132.0
10109655LANDROJ_2025-03-21_G10,10109655LANDROJ,2025-03-21,111463,1,20,0,360.0
10109655LANDROJ_2025-03-21_G11,10109655LANDROJ,2025-03-21,109645,1,4,0,134.0
10109655LANDROJ_2025-03-21_G12,10109655LANDROJ,2025-03-21,118140,1,40,0,40.0
10109655LANDROJ_2025-03-21_G13,10109655LANDROJ,2025-03-21,117808,1,100,0,354.0
10109655LANDROJ_2025-03-21_G14,10109655LANDROJ,2025-03-21,117809,1,54,0,568.0
10109655LANDROJ_2025-03-21_G15,10109655LANDROJ,2025-03-21,117830,1,30,0,191.0
10109655LANDROJ_2025-03-21_G16,10109655LANDROJ,2025-03-21,117808,1,300,0,554.0
10109655LANDROJ_2025-03-21_G17,10109655LANDROJ,2025-03-21,117809,1,20,0,53.0
10109655LANDROJ_2025-03-21_G18,10109655LANDROJ,2025-03-21,117832,1,20,0,352.0
10109655LANDROJ_2025-03-21_G19,10109655LANDROJ,2025-03-21,110373,1,40,0,52.0
10109655LANDROJ_2025-03-21_G20,10109655LANDROJ,2025-03-21,140957,1,12,0,2974.0
10109655LANDROJ_2025-03-21_G21,10109655LANDROJ,2025-03-21,110750,1,3,0,81.0
10109655LANDROJ_2025-03-21_G22,10109655LANDROJ,2025-03-21,117853,3,18,23,133.0
10109655LANDROJ_2025-03-21_G23,10109655LANDROJ,2025-03-21,117935,1,24,0,265.0
10109655LANDROJ_2025-03-21_G24,10109655LANDROJ,2025-03-21,110581,1,2,0,82.0
10109655LANDROJ_2025-03-21_G25,10109655LANDROJ,2025-03-21,110741,1,4,0,104.0
10109655LANDROJ_2025-03-21_G26,10109655LANDROJ,2025-03-21,110741,1,1,0,32.0
10109655LANDROJ_2025-03-21_G27,10109655LANDROJ,2025-03-21,110063,1,12,0,726.0
10109655LANDROJ_2025-03-21_G28,10109655LANDROJ,2025-03-21,111530,1,40,0,93.0
10109655LANDROJ_2025-03-21_G29,10109655LANDROJ,2025-03-21,117861,1,10,0,91.0
10109655LANDROJ_2025-03-21_G30,10109655LANDROJ,2025-03-21,111876,1,8,0,79.0
10109655LANDROJ_2025-03-21_G31,10109655LANDROJ,2025-03-21,110711,1,50,0,183.0
10109655LANDROJ_2025-03-21_G32,10109655LANDROJ,2025-03-21,109649,2,6,7,246.0
10109655LANDROJ_2025-03-21_G33,10109655LANDROJ,2025-03-21,108736,1,4,0,305.0
10109655LANDROJ_2025-03-21_G34,10109655LANDROJ,2025-03-21,"108711, 109649",2,12,29,134.0
10109655LANDROJ_2025-03-21_G35,10109655LANDROJ,2025-03-21,117822,1,10,0,542.0
10109655LANDROJ_2025-03-21_G36,10109655LANDROJ,2025-03-21,118299,1,580,0,822.0
10109655LANDROJ_2025-03-21_G37,10109655LANDROJ,2025-03-21,117820,2,80,10,106.0
10109655LANDROJ_2025-03-21_G38,10109655LANDROJ,2025-03-21,117808,1,580,0,580.0
10109655LANDROJ_2025-03-21_G39,10109655LANDROJ,2025-03-21,117830,1,20,0,504.0
10109655LANDROJ_2025-03-21_G40,10109655LANDROJ,2025-03-21,110371,1,30,0,629.0
10109655LANDROJ_2025-03-21_G41,10109655LANDROJ,2025-03-21,110372,1,50,0,483.0
10109655LANDROJ_2025-03-21_G42,10109655LANDROJ,2025-03-21,109747,1,50,0,253.0
10109655LANDROJ_2025-03-21_G43,10109655LANDROJ,2025-03-21,111437,1,4,0,348.0
10109655LANDROJ_2025-03-21_G44,10109655LANDROJ,2025-03-21,111569,2,8,11,155.0
10109655LANDROJ_2025-03-21_G45,10109655LANDROJ,2025-03-21,110841,1,12,0,383.0
10109655LANDROJ_2025-03-21_G46,10109655LANDROJ,2025-03-21,109495,1,6,0,104.0
10109655LANDROJ_2025-03-21_G47,10109655LANDROJ,2025-03-21,140911,1,10,0,120.0
10109655LANDROJ_2025-03-21_G48,10109655LANDROJ,2025-03-21,109974,1,3,0,152.0
10109655LANDROJ_2025-03-21_G49,10109655LANDROJ,2025-03-21,110500,1,2,0,187.0
10109655LANDROJ_2025-03-21_G51,10109655LANDROJ,2025-03-21,118299,2,400,11,610.0
10109655LANDROJ_2025-03-21_G52,10109655LANDROJ,2025-03-21,117820,1,20,0,217.0
10109655LANDROJ_2025-03-21_G53,10109655LANDROJ,2025-03-21,117830,1,30,0,136.0
10109655LANDROJ_2025-03-21_G54,10109655LANDROJ,2025-03-21,110371,1,50,0,386.0
10109655LANDROJ_2025-03-21_G55,10109655LANDROJ,2025-03-21,109643,1,13,0,41.0
10109655LANDROJ_2025-03-21_G56,10109655LANDROJ,2025-03-21,110372,1,40,0,692.0
10109655LANDROJ_2025-03-21_G57,10109655LANDROJ,2025-03-21,117832,1,20,0,427.0
10109655LANDROJ_2025-03-21_G58,10109655LANDROJ,2025-03-21,110374,1,20,0,135.0
10109655LANDROJ_2025-03-22_G02,10109655LANDROJ,2025-03-22,117786,1,86,0,195.0
10109655LANDROJ_2025-03-22_G03,10109655LANDROJ,2025-03-22,111469,1,110,0,333.0
10109655LANDROJ_2025-03-22_G04,10109655LANDROJ,2025-03-22,111418,1,137,0,1701.0
10109655LANDROJ_2025-03-22_G05,10109655LANDROJ,2025-03-22,100334,1,4,0,460.0
10109655LANDROJ_2025-03-22_G06,10109655LANDROJ,2025-03-22,111602,1,10,0,245.0
10109655LANDROJ_2025-03-22_G07,10109655LANDROJ,2025-03-22,111530,1,9,0,100.0
10109655LANDROJ_2025-03-22_G08,10109655LANDROJ,2025-03-22,110515,1,2,0,108.0
10109655LANDROJ_2025-03-22_G10,10109655LANDROJ,2025-03-22,111532,1,17,0,127.0
10109655LANDROJ_2025-03-22_G11,10109655LANDROJ,2025-03-22,111418,2,14,9,128.0
10109655LANDROJ_2025-03-22_G12,10109655LANDROJ,2025-03-22,108711,1,7,0,474.0
10109655LANDROJ_2025-03-22_G13,10109655LANDROJ,2025-03-22,110787,1,3,0,637.0
10109655LANDROJ_2025-03-22_G14,10109655LANDROJ,2025-03-22,110325,1,11,0,556.0
10109655LANDROJ_2025-03-22_G15,10109655LANDROJ,2025-03-22,117808,1,2,0,46.0
10109655LANDROJ_2025-03-22_G16,10109655LANDROJ,2025-03-22,110371,1,1,0,54.0
10109655LANDROJ_2025-03-22_G17,10109655LANDROJ,2025-03-22,109643,1,3,0,83.0
10109655LANDROJ_2025-03-22_G18,10109655LANDROJ,2025-03-22,117832,1,5,0,69.0
10109655LANDROJ_2025-03-22_G19,10109655LANDROJ,2025-03-22,110372,1,4,0,128.0
10109655LANDROJ_2025-03-22_G20,10109655LANDROJ,2025-03-22,108759,1,5,0,183.0
10109655LANDROJ_2025-03-22_G22,10109655LANDROJ,2025-03-22,108711,1,2,0,114.0
10109655LANDROJ_2025-03-22_G23,10109655LANDROJ,2025-03-22,117832,1,4,0,73.0
10109655LANDROJ_2025-03-22_G24,10109655LANDROJ,2025-03-22,160055,1,30,0,619.0
10109655LANDROJ_2025-03-22_G25,10109655LANDROJ,2025-03-22,109640,1,4,0,959.0
10109655LANDROJ_2025-03-22_G26,10109655LANDROJ,2025-03-22,111443,1,2,0,242.0
10109655LANDROJ_2025-03-22_G27,10109655LANDROJ,2025-03-22,109640,1,8,0,134.0
10109655LANDROJ_2025-03-22_G28,10109655LANDROJ,2025-03-22,111569,1,6,0,316.0
10109655LANDROJ_2025-03-22_G29,10109655LANDROJ,2025-03-22,100334,1,2,0,104.0
10109655LANDROJ_2025-03-22_G30,10109655LANDROJ,2025-03-22,117835,1,2,0,178.0
10109655LANDROJ_2025-03-22_G31,10109655LANDROJ,2025-03-22,117862,1,3,0,188.0
10109655LANDROJ_2025-03-22_G32,10109655LANDROJ,2025-03-22,117861,1,4,0,110.0
10109655LANDROJ_2025-03-22_G33,10109655LANDROJ,2025-03-22,140922,1,2,0,105.0
10109655LANDROJ_2025-03-22_G34,10109655LANDROJ,2025-03-22,111418,1,2,0,103.0
10109655LANDROJ_2025-03-22_G35,10109655LANDROJ,2025-03-22,111469,1,5,0,96.0
10109655LANDROJ_2025-03-22_G36,10109655LANDROJ,2025-03-22,111443,1,2,0,188.0
10109655LANDROJ_2025-03-22_G37,10109655LANDROJ,2025-03-22,117785,1,3,0,200.0
10109655LANDROJ_2025-03-22_G38,10109655LANDROJ,2025-03-22,111462,1,3,0,111.0
10109655LANDROJ_2025-03-22_G39,10109655LANDROJ,2025-03-22,117821,1,2,0,64.0
10109655LANDROJ_2025-03-22_G40,10109655LANDROJ,2025-03-22,118299,1,12,0,437.0
10109655LANDROJ_2025-03-22_G41,10109655LANDROJ,2025-03-22,117820,1,6,0,161.0
10109655LANDROJ_2025-03-22_G42,10109655LANDROJ,2025-03-22,117808,1,33,0,219.0
10109655LANDROJ_2025-03-22_G43,10109655LANDROJ,2025-03-22,109643,1,2,0,79.0
10109655LANDROJ_2025-03-22_G44,10109655LANDROJ,2025-03-22,110372,1,4,0,117.0
10109655LANDROJ_2025-03-22_G45,10109655LANDROJ,2025-03-22,110373,1,4,0,51.0
10109655LANDROJ_2025-03-22_G46,10109655LANDROJ,2025-03-22,110374,1,6,0,193.0
10109655LANDROJ_2025-03-22_G47,10109655LANDROJ,2025-03-22,111435,1,22,0,1514.0
10109655LANDROJ_2025-03-22_G48,10109655LANDROJ,2025-03-22,117838,1,26,0,247.0
10109655LANDROJ_2025-03-22_G49,10109655LANDROJ,2025-03-22,110748,1,20,0,160.0
10109655LANDROJ_2025-03-22_G50,10109655LANDROJ,2025-03-22,109645,1,20,0,77.0
10109655LANDROJ_2025-03-24_G02,10109655LANDROJ,2025-03-24,111569,1,4,0,181.0
10109655LANDROJ_2025-03-24_G03,10109655LANDROJ,2025-03-24,117785,1,4,0,80.0
10109655LANDROJ_2025-03-24_G04,10109655LANDROJ,2025-03-24,111462,1,4,0,123.0
10109655LANDROJ_2025-03-24_G05,10109655LANDROJ,2025-03-24,110787,1,3,0,116.0
10109655LANDROJ_2025-03-24_G06,10109655LANDROJ,2025-03-24,118299,1,4,0,142.0
10109655LANDROJ_2025-03-24_G07,10109655LANDROJ,2025-03-24,117808,1,13,0,246.0
10109655LANDROJ_2025-03-24_G08,10109655LANDROJ,2025-03-24,111441,1,4,0,515.0
10109655LANDROJ_2025-03-24_G09,10109655LANDROJ,2025-03-24,111430,1,4,0,805.0
10109655LANDROJ_2025-03-24_G10,10109655LANDROJ,2025-03-24,111569,1,8,0,133.0
10109655LANDROJ_2025-03-24_G11,10109655LANDROJ,2025-03-24,"117835, 111438",2,5,21,241.0
10109655LANDROJ_2025-03-24_G12,10109655LANDROJ,2025-03-24,140922,1,3,0,133.0
10109655LANDROJ_2025-03-24_G13,10109655LANDROJ,2025-03-24,111443,1,8,0,118.0
10109655LANDROJ_2025-03-24_G14,10109655LANDROJ,2025-03-24,117785,1,2,0,86.0
10109655LANDROJ_2025-03-24_G15,10109655LANDROJ,2025-03-24,111462,1,3,0,148.0
10109655LANDROJ_2025-03-24_G16,10109655LANDROJ,2025-03-24,117821,1,2,0,52.0
10109655LANDROJ_2025-03-24_G17,10109655LANDROJ,2025-03-24,118140,1,2,0,148.0
10109655LANDROJ_2025-03-24_G18,10109655LANDROJ,2025-03-24,118299,1,4,0,94.0
10109655LANDROJ_2025-03-24_G19,10109655LANDROJ,2025-03-24,117820,1,12,0,125.0
10109655LANDROJ_2025-03-24_G20,10109655LANDROJ,2025-03-24,117808,1,60,0,33.0
10109655LANDROJ_2025-03-24_G21,10109655LANDROJ,2025-03-24,110372,1,4,0,134.0
10109655LANDROJ_2025-03-24_G22,10109655LANDROJ,2025-03-24,110373,1,4,0,78.0
10109655LANDROJ_2025-03-24_G23,10109655LANDROJ,2025-03-24,110747,1,4,0,488.0
10109655LANDROJ_2025-03-24_G24,10109655LANDROJ,2025-03-24,109640,1,2,0,119.0
10109655LANDROJ_2025-03-24_G25,10109655LANDROJ,2025-03-24,111466,1,2,0,116.0
10109655LANDROJ_2025-03-24_G26,10109655LANDROJ,2025-03-24,110373,1,4,0,142.0
10109655LANDROJ_2025-03-24_G27,10109655LANDROJ,2025-03-24,100334,1,2,0,185.0
10109655LANDROJ_2025-03-24_G28,10109655LANDROJ,2025-03-24,111569,1,8,0,140.0
10109655LANDROJ_2025-03-24_G29,10109655LANDROJ,2025-03-24,111469,1,4,0,98.0
10109655LANDROJ_2025-03-24_G30,10109655LANDROJ,2025-03-24,"117820, 117808",2,15,10,31.0
10109655LANDROJ_2025-03-24_G31,10109655LANDROJ,2025-03-24,110374,1,1,0,177.0
10109655LANDROJ_2025-03-24_G32,10109655LANDROJ,2025-03-24,111441,1,4,0,918.0
10109655LANDROJ_2025-03-24_G33,10109655LANDROJ,2025-03-24,111438,1,4,0,126.0
10109655LANDROJ_2025-03-24_G34,10109655LANDROJ,2025-03-24,111569,1,2,0,83.0
10109655LANDROJ_2025-03-24_G35,10109655LANDROJ,2025-03-24,117835,1,3,0,174.0
10109655LANDROJ_2025-03-24_G36,10109655LANDROJ,2025-03-24,117785,1,4,0,138.0
10109655LANDROJ_2025-03-24_G37,10109655LANDROJ,2025-03-24,111462,1,1,0,87.0
10109655LANDROJ_2025-03-24_G38,10109655LANDROJ,2025-03-24,110374,1,4,0,208.0
10109655LANDROJ_2025-03-24_G39,10109655LANDROJ,2025-03-24,110371,1,30,0,412.0
10109655LANDROJ_2025-03-24_G40,10109655LANDROJ,2025-03-24,117832,1,100,0,247.0
10109655LANDROJ_2025-03-24_G41,10109655LANDROJ,2025-03-24,110372,1,100,0,402.0
10109655LANDROJ_2025-03-24_G42,10109655LANDROJ,2025-03-24,117820,1,100,0,633.0
10109655LANDROJ_2025-03-24_G43,10109655LANDROJ,2025-03-24,117809,1,350,0,135.0
10109655LANDROJ_2025-03-24_G45,10109655LANDROJ,2025-03-24,111441,1,5,0,210.0
10109655LANDROJ_2025-03-24_G46,10109655LANDROJ,2025-03-24,110895,2,15,6,166.0
10109655LANDROJ_2025-03-24_G47,10109655LANDROJ,2025-03-24,110423,1,3,0,183.0
10109655LANDROJ_2025-03-24_G48,10109655LANDROJ,2025-03-24,109974,1,3,0,124.0
10109655LANDROJ_2025-03-24_G49,10109655LANDROJ,2025-03-24,110753,1,1,0,295.0
10109655LANDROJ_2025-03-24_G50,10109655LANDROJ,2025-03-24,108361,1,2,0,95.0
10109655LANDROJ_2025-03-24_G51,10109655LANDROJ,2025-03-24,105242,1,1,0,93.0
10109655LANDROJ_2025-03-24_G52,10109655LANDROJ,2025-03-24,101217,1,13,0,403.0
10109655LANDROJ_2025-03-24_G53,10109655LANDROJ,2025-03-24,110129,1,77,0,216.0
10109655LANDROJ_2025-03-24_G54,10109655LANDROJ,2025-03-24,111418,1,1,0,256.0
10109655LANDROJ_2025-03-24_G55,10109655LANDROJ,2025-03-24,111182,1,10,0,288.0
10109655LANDROJ_2025-03-24_G56,10109655LANDROJ,2025-03-24,118140,1,180,0,230.0
10109655LANDROJ_2025-03-24_G57,10109655LANDROJ,2025-03-24,110371,1,39,0,595.0
10109655LANDROJ_2025-03-24_G58,10109655LANDROJ,2025-03-24,110371,1,450,0,41.0
10109655LANDROJ_2025-03-24_G59,10109655LANDROJ,2025-03-24,110372,1,900,0,1221.0
10109655LANDROJ_2025-03-25_G02,10109655LANDROJ,2025-03-25,111438,1,4,0,153.0
10109655LANDROJ_2025-03-25_G03,10109655LANDROJ,2025-03-25,100334,1,2,0,200.0
10109655LANDROJ_2025-03-25_G04,10109655LANDROJ,2025-03-25,117786,1,6,0,126.0
10109655LANDROJ_2025-03-25_G05,10109655LANDROJ,2025-03-25,109640,1,2,0,272.0
10109655LANDROJ_2025-03-25_G06,10109655LANDROJ,2025-03-25,108711,1,5,0,66.0
10109655LANDROJ_2025-03-25_G07,10109655LANDROJ,2025-03-25,117785,1,3,0,111.0
10109655LANDROJ_2025-03-25_G08,10109655LANDROJ,2025-03-25,111463,1,1,0,53.0
10109655LANDROJ_2025-03-25_G09,10109655LANDROJ,2025-03-25,118299,1,13,0,160.0
10109655LANDROJ_2025-03-25_G10,10109655LANDROJ,2025-03-25,117808,1,30,0,337.0
10109655LANDROJ_2025-03-25_G11,10109655LANDROJ,2025-03-25,"111598, 111602",2,3,16,765.0
10109655LANDROJ_2025-03-25_G12,10109655LANDROJ,2025-03-25,117855,1,1,0,97.0
10109655LANDROJ_2025-03-25_G13,10109655LANDROJ,2025-03-25,111418,2,9,7,103.0
10109655LANDROJ_2025-03-25_G14,10109655LANDROJ,2025-03-25,111469,1,2,0,129.0
10109655LANDROJ_2025-03-25_G15,10109655LANDROJ,2025-03-25,111532,1,2,0,82.0
10109655LANDROJ_2025-03-25_G16,10109655LANDROJ,2025-03-25,108711,1,4,0,105.0
10109655LANDROJ_2025-03-25_G17,10109655LANDROJ,2025-03-25,"118223, 111463",3,5,28,72.0
10109655LANDROJ_2025-03-25_G18,10109655LANDROJ,2025-03-25,110787,1,6,0,137.0
10109655LANDROJ_2025-03-25_G19,10109655LANDROJ,2025-03-25,"110325, 117820",2,3,25,120.0
10109655LANDROJ_2025-03-25_G20,10109655LANDROJ,2025-03-25,117808,1,4,0,92.0
10109655LANDROJ_2025-03-25_G21,10109655LANDROJ,2025-03-25,109643,1,1,0,74.0
10109655LANDROJ_2025-03-25_G22,10109655LANDROJ,2025-03-25,110371,1,1,0,39.0
10109655LANDROJ_2025-03-25_G23,10109655LANDROJ,2025-03-25,117830,1,5,0,129.0
10109655LANDROJ_2025-03-25_G24,10109655LANDROJ,2025-03-25,110373,1,3,0,97.0
10109655LANDROJ_2025-03-25_G25,10109655LANDROJ,2025-03-25,110374,1,3,0,85.0
10109655LANDROJ_2025-03-25_G26,10109655LANDROJ,2025-03-25,111532,1,4,0,309.0
10109655LANDROJ_2025-03-25_G27,10109655LANDROJ,2025-03-25,111463,1,20,0,160.0
10109655LANDROJ_2025-03-25_G28,10109655LANDROJ,2025-03-25,110740,1,24,0,200.0
10109655LANDROJ_2025-03-25_G29,10109655LANDROJ,2025-03-25,117853,1,4,0,153.0
10109655LANDROJ_2025-03-25_G30,10109655LANDROJ,2025-03-25,111441,1,4,0,729.0
10109655LANDROJ_2025-03-25_G31,10109655LANDROJ,2025-03-25,111438,1,4,0,535.0
10109655LANDROJ_2025-03-25_G32,10109655LANDROJ,2025-03-25,111463,1,6,0,275.0
10109655LANDROJ_2025-03-25_G33,10109655LANDROJ,2025-03-25,"111441, 111438",2,8,20,306.0
10109655LANDROJ_2025-03-25_G34,10109655LANDROJ,2025-03-25,140922,1,2,0,255.0
10109655LANDROJ_2025-03-25_G35,10109655LANDROJ,2025-03-25,111435,1,2,0,111.0
10109655LANDROJ_2025-03-25_G36,10109655LANDROJ,2025-03-25,111462,1,2,0,268.0
10109655LANDROJ_2025-03-25_G37,10109655LANDROJ,2025-03-25,111463,1,8,0,100.0
10109655LANDROJ_2025-03-25_G38,10109655LANDROJ,2025-03-25,"118299, 117820",2,18,8,163.0
10109655LANDROJ_2025-03-25_G39,10109655LANDROJ,2025-03-25,110372,1,2,0,237.0
10109655LANDROJ_2025-03-25_G40,10109655LANDROJ,2025-03-25,110374,1,10,0,217.0
10109655LANDROJ_2025-03-25_G41,10109655LANDROJ,2025-03-25,111463,1,12,0,611.0
10109655LANDROJ_2025-03-25_G42,10109655LANDROJ,2025-03-25,"110740, 111463",3,7,25,129.0
10109655LANDROJ_2025-03-25_G43,10109655LANDROJ,2025-03-25,110373,1,4,0,123.0
10109655LANDROJ_2025-03-25_G44,10109655LANDROJ,2025-03-25,109640,1,4,0,34.0
10109655LANDROJ_2025-03-25_G45,10109655LANDROJ,2025-03-25,117808,1,550,0,1637.0
10109655LANDROJ_2025-03-25_G46,10109655LANDROJ,2025-03-25,110373,1,125,0,452.0
10109655LANDROJ_2025-03-25_G47,10109655LANDROJ,2025-03-25,110374,1,21,0,33.0
10109655LANDROJ_2025-03-25_G48,10109655LANDROJ,2025-03-25,111441,1,14,0,549.0
10109655LANDROJ_2025-03-25_G49,10109655LANDROJ,2025-03-25,118290,1,28,0,234.0
10109655LANDROJ_2025-03-25_G50,10109655LANDROJ,2025-03-25,100334,1,11,0,364.0
10109655LANDROJ_2025-03-25_G51,10109655LANDROJ,2025-03-25,118250,1,8,0,282.0
10109655LANDROJ_2025-03-25_G52,10109655LANDROJ,2025-03-25,118251,1,8,0,45.0
10109655LANDROJ_2025-03-25_G53,10109655LANDROJ,2025-03-25,118197,1,4,0,236.0
10109655LANDROJ_2025-03-25_G54,10109655LANDROJ,2025-03-25,117853,1,6,0,102.0
10109655LANDROJ_2025-03-25_G55,10109655LANDROJ,2025-03-25,110313,1,19,0,106.0
10109655LANDROJ_2025-03-25_G56,10109655LANDROJ,2025-03-25,117856,1,8,0,184.0
10109655LANDROJ_2025-03-25_G58,10109655LANDROJ,2025-03-25,111438,2,10,7,118.0
10109655LANDROJ_2025-03-25_G59,10109655LANDROJ,2025-03-25,111437,1,2,0,157.0
10109655LANDROJ_2025-03-25_G60,10109655LANDROJ,2025-03-25,109933,1,2,0,68.0
10109655LANDROJ_2025-03-25_G61,10109655LANDROJ,2025-03-25,100334,1,12,0,77.0
10109655LANDROJ_2025-03-25_G62,10109655LANDROJ,2025-03-25,111569,1,22,0,318.0
10109655LANDROJ_2025-03-25_G63,10109655LANDROJ,2025-03-25,109937,1,2,0,453.0
10109655LANDROJ_2025-03-25_G64,10109655LANDROJ,2025-03-25,117822,1,2,0,140.0
10109655LANDROJ_2025-03-25_G65,10109655LANDROJ,2025-03-25,110376,1,2,0,55.0
10109655LANDROJ_2025-03-25_G66,10109655LANDROJ,2025-03-25,117809,1,36,0,206.0
10109655LANDROJ_2025-03-25_G67,10109655LANDROJ,2025-03-25,118299,1,10,0,137.0
10109655LANDROJ_2025-03-25_G68,10109655LANDROJ,2025-03-25,117820,1,24,0,552.0
10109655LANDROJ_2025-03-25_G69,10109655LANDROJ,2025-03-25,"109643, 117808",2,45,28,372.0
10109655LANDROJ_2025-03-25_G70,10109655LANDROJ,2025-03-25,110371,1,32,0,572.0
10109655LANDROJ_2025-03-25_G71,10109655LANDROJ,2025-03-25,107830,1,16,0,196.0
10109655LANDROJ_2025-03-25_G72,10109655LANDROJ,2025-03-25,110372,1,108,0,237.0
10109655LANDROJ_2025-03-25_G73,10109655LANDROJ,2025-03-25,110373,1,156,0,288.0
10109655LANDROJ_2025-03-25_G74,10109655LANDROJ,2025-03-25,110375,1,26,0,632.0
10109655LANDROJ_2025-03-25_G75,10109655LANDROJ,2025-03-25,111418,1,140,0,460.0
10109655LANDROJ_2025-03-25_G76,10109655LANDROJ,2025-03-25,111469,1,24,0,508.0
10109655LANDROJ_2025-03-25_G77,10109655LANDROJ,2025-03-25,108736,1,2,0,182.0
10109655LANDROJ_2025-03-25_G78,10109655LANDROJ,2025-03-25,117833,1,17,0,154.0
10109655LANDROJ_2025-03-25_G79,10109655LANDROJ,2025-03-25,110743,1,1,0,107.0
10109655LANDROJ_2025-03-25_G80,10109655LANDROJ,2025-03-25,110745,1,12,0,188.0
10109655LANDROJ_2025-03-25_G81,10109655LANDROJ,2025-03-25,117831,1,14,0,213.0
10109655LANDROJ_2025-03-25_G82,10109655LANDROJ,2025-03-25,110787,1,4,0,133.0
10109655LANDROJ_2025-03-25_G83,10109655LANDROJ,2025-03-25,111465,1,12,0,156.0
10109655LANDROJ_2025-03-26_G02,10109655LANDROJ,2025-03-26,111330,1,8,0,219.0
10109655LANDROJ_2025-03-26_G03,10109655LANDROJ,2025-03-26,140922,1,4,0,232.0
10109655LANDROJ_2025-03-26_G04,10109655LANDROJ,2025-03-26,110895,1,4,0,121.0
10109655LANDROJ_2025-03-26_G05,10109655LANDROJ,2025-03-26,111443,1,8,0,255.0
10109655LANDROJ_2025-03-26_G06,10109655LANDROJ,2025-03-26,109747,1,20,0,280.0
10109655LANDROJ_2025-03-26_G07,10109655LANDROJ,2025-03-26,110787,1,12,0,424.0
10109655LANDROJ_2025-03-26_G08,10109655LANDROJ,2025-03-26,111850,1,8,0,453.0
10109655LANDROJ_2025-03-26_G09,10109655LANDROJ,2025-03-26,118417,1,2,0,114.0
10109655LANDROJ_2025-03-26_G10,10109655LANDROJ,2025-03-26,110895,1,6,0,130.0
10109655LANDROJ_2025-03-26_G11,10109655LANDROJ,2025-03-26,110339,1,2,0,126.0
10109655LANDROJ_2025-03-26_G12,10109655LANDROJ,2025-03-26,117855,1,8,0,175.0
10109655LANDROJ_2025-03-26_G13,10109655LANDROJ,2025-03-26,111467,1,2,0,79.0
10109655LANDROJ_2025-03-26_G14,10109655LANDROJ,2025-03-26,140922,1,12,0,107.0
10109655LANDROJ_2025-03-26_G15,10109655LANDROJ,2025-03-26,111418,1,9,0,121.0
10109655LANDROJ_2025-03-26_G16,10109655LANDROJ,2025-03-26,117838,1,3,0,79.0
10109655LANDROJ_2025-03-26_G17,10109655LANDROJ,2025-03-26,111442,1,2,0,132.0
10109655LANDROJ_2025-03-26_G18,10109655LANDROJ,2025-03-26,111462,1,3,0,48.0
10109655LANDROJ_2025-03-26_G19,10109655LANDROJ,2025-03-26,117785,1,4,0,124.0
10109655LANDROJ_2025-03-26_G20,10109655LANDROJ,2025-03-26,110787,1,6,0,32.0
10109655LANDROJ_2025-03-26_G21,10109655LANDROJ,2025-03-26,117809,1,3,0,848.0
10109655LANDROJ_2025-03-26_G22,10109655LANDROJ,2025-03-26,118299,1,6,0,254.0
10109655LANDROJ_2025-03-26_G23,10109655LANDROJ,2025-03-26,"110373, 117808",2,7,14,58.0
10109655LANDROJ_2025-03-26_G24,10109655LANDROJ,2025-03-26,110372,1,11,0,532.0
10109655LANDROJ_2025-03-26_G25,10109655LANDROJ,2025-03-26,110753,1,2,0,435.0
10109655LANDROJ_2025-03-26_G26,10109655LANDROJ,2025-03-26,107629,1,3,0,202.0
10109655LANDROJ_2025-03-26_G27,10109655LANDROJ,2025-03-26,110733,1,2,0,53.0
10109655LANDROJ_2025-03-26_G28,10109655LANDROJ,2025-03-26,"109640, 117787",2,4,29,91.0
10109655LANDROJ_2025-03-26_G29,10109655LANDROJ,2025-03-26,140922,1,10,0,159.0
10109655LANDROJ_2025-03-26_G30,10109655LANDROJ,2025-03-26,111463,1,5,0,321.0
10109655LANDROJ_2025-03-26_G31,10109655LANDROJ,2025-03-26,"118140, 117787",2,6,18,56.0
10109655LANDROJ_2025-03-26_G32,10109655LANDROJ,2025-03-26,111466,1,4,0,414.0
10109655LANDROJ_2025-03-26_G33,10109655LANDROJ,2025-03-26,111435,1,2,0,113.0
10109655LANDROJ_2025-03-26_G34,10109655LANDROJ,2025-03-26,111418,1,4,0,53.0
10109655LANDROJ_2025-03-26_G35,10109655LANDROJ,2025-03-26,117785,1,8,0,178.0
10109655LANDROJ_2025-03-26_G36,10109655LANDROJ,2025-03-26,117831,1,10,0,152.0
10109655LANDROJ_2025-03-26_G37,10109655LANDROJ,2025-03-26,110787,1,2,0,83.0
10109655LANDROJ_2025-03-26_G38,10109655LANDROJ,2025-03-26,"117820, 118299",2,24,18,33.0
10109655LANDROJ_2025-03-26_G39,10109655LANDROJ,2025-03-26,110373,1,4,0,50.0
10109655LANDROJ_2025-03-26_G40,10109655LANDROJ,2025-03-26,117808,1,36,0,702.0
10109655LANDROJ_2025-03-26_G41,10109655LANDROJ,2025-03-26,"117830, 110372, 110374",3,12,29,132.0
10109655LANDROJ_2025-03-26_G42,10109655LANDROJ,2025-03-26,117862,1,1,0,506.0
10109655LANDROJ_2025-03-26_G43,10109655LANDROJ,2025-03-26,117856,1,2,0,68.0
10109655LANDROJ_2025-03-26_G44,10109655LANDROJ,2025-03-26,117861,1,2,0,131.0
10109655LANDROJ_2025-03-26_G45,10109655LANDROJ,2025-03-26,111348,1,3,0,143.0
10109655LANDROJ_2025-03-26_G46,10109655LANDROJ,2025-03-26,117833,1,2,0,127.0
10109655LANDROJ_2025-03-26_G47,10109655LANDROJ,2025-03-26,"109645, 111418",3,19,23,83.0
10109655LANDROJ_2025-03-26_G48,10109655LANDROJ,2025-03-26,111462,1,2,0,195.0
10109655LANDROJ_2025-03-26_G49,10109655LANDROJ,2025-03-26,117821,1,2,0,77.0
10109655LANDROJ_2025-03-26_G50,10109655LANDROJ,2025-03-26,117785,2,15,9,51.0
10109655LANDROJ_2025-03-26_G51,10109655LANDROJ,2025-03-26,117831,2,8,12,39.0
10109655LANDROJ_2025-03-26_G52,10109655LANDROJ,2025-03-26,105705,1,2,0,103.0
10109655LANDROJ_2025-03-26_G53,10109655LANDROJ,2025-03-26,111465,1,4,0,64.0
10109655LANDROJ_2025-03-26_G54,10109655LANDROJ,2025-03-26,"110325, 117809, 118299",4,33,49,111.0
10109655LANDROJ_2025-03-26_G55,10109655LANDROJ,2025-03-26,110373,1,6,0,76.0
10109655LANDROJ_2025-03-26_G56,10109655LANDROJ,2025-03-26,117808,1,2,0,61.0
10109655LANDROJ_2025-03-26_G57,10109655LANDROJ,2025-03-26,"117808, 110371",2,38,23,97.0
10109655LANDROJ_2025-03-26_G58,10109655LANDROJ,2025-03-26,117830,2,12,8,64.0
10109655LANDROJ_2025-03-26_G59,10109655LANDROJ,2025-03-26,117820,2,16,10,138.0
10109655LANDROJ_2025-03-26_G60,10109655LANDROJ,2025-03-26,117832,1,4,0,167.0
10109655LANDROJ_2025-03-26_G61,10109655LANDROJ,2025-03-26,110372,1,10,0,498.0
10109655LANDROJ_2025-03-26_G63,10109655LANDROJ,2025-03-26,110376,1,416,0,902.0
10109655LANDROJ_2025-03-26_G64,10109655LANDROJ,2025-03-26,111532,1,4,0,1565.0
10109655LANDROJ_2025-03-26_G65,10109655LANDROJ,2025-03-26,111441,1,3,0,150.0
10109655LANDROJ_2025-03-26_G66,10109655LANDROJ,2025-03-26,111438,1,1,0,93.0
10109655LANDROJ_2025-03-26_G67,10109655LANDROJ,2025-03-26,110747,1,4,0,147.0
10109655LANDROJ_2025-03-26_G68,10109655LANDROJ,2025-03-26,110580,1,6,0,111.0
10109655LANDROJ_2025-03-26_G69,10109655LANDROJ,2025-03-26,"117862, 110339",2,9,22,123.0
10109655LANDROJ_2025-03-26_G70,10109655LANDROJ,2025-03-26,117935,2,10,7,91.0
10109655LANDROJ_2025-03-26_G71,10109655LANDROJ,2025-03-26,110515,1,20,0,113.0
10109655LANDROJ_2025-03-26_G72,10109655LANDROJ,2025-03-26,140922,1,6,0,305.0
10109655LANDROJ_2025-03-26_G73,10109655LANDROJ,2025-03-26,111463,1,12,0,214.0
10109655LANDROJ_2025-03-26_G74,10109655LANDROJ,2025-03-26,"118140, 111469",2,40,28,189.0
10109655LANDROJ_2025-03-26_G75,10109655LANDROJ,2025-03-26,111330,1,2,0,90.0
10109655LANDROJ_2025-03-26_G76,10109655LANDROJ,2025-03-26,111462,1,10,0,174.0
10109655LANDROJ_2025-03-26_G77,10109655LANDROJ,2025-03-26,111465,1,2,0,148.0
10109655LANDROJ_2025-03-26_G78,10109655LANDROJ,2025-03-26,118299,1,100,0,203.0
10109655LANDROJ_2025-03-26_G79,10109655LANDROJ,2025-03-26,"110373, 117808",2,80,21,515.0
10109655LANDROJ_2025-03-26_G80,10109655LANDROJ,2025-03-26,110371,1,60,0,111.0
10109655LANDROJ_2025-03-26_G81,10109655LANDROJ,2025-03-26,117830,1,4,0,69.0
10109655LANDROJ_2025-03-26_G82,10109655LANDROJ,2025-03-26,117820,1,20,0,54.0
10109655LANDROJ_2025-03-26_G83,10109655LANDROJ,2025-03-26,117820,1,20,0,66.0
10109655LANDROJ_2025-03-27_G02,10109655LANDROJ,2025-03-27,111761,1,4,0,301.0
10109655LANDROJ_2025-03-27_G03,10109655LANDROJ,2025-03-27,111751,1,8,0,582.0
10109655LANDROJ_2025-03-27_G04,10109655LANDROJ,2025-03-27,141262,1,6,0,291.0
10109655LANDROJ_2025-03-27_G05,10109655LANDROJ,2025-03-27,111634,1,16,0,592.0
10109655LANDROJ_2025-03-27_G06,10109655LANDROJ,2025-03-27,111740,1,8,0,199.0
10109655LANDROJ_2025-03-27_G07,10109655LANDROJ,2025-03-27,141261,1,20,0,252.0
10109655LANDROJ_2025-03-27_G08,10109655LANDROJ,2025-03-27,118191,1,30,0,801.0
10109655LANDROJ_2025-03-27_G09,10109655LANDROJ,2025-03-27,111722,1,10,0,35.0
10109655LANDROJ_2025-03-27_G10,10109655LANDROJ,2025-03-27,111759,1,4,0,1158.0
10109655LANDROJ_2025-03-27_G11,10109655LANDROJ,2025-03-27,111751,1,4,0,436.0
10109655LANDROJ_2025-03-27_G12,10109655LANDROJ,2025-03-27,111722,1,10,0,210.0
10109655LANDROJ_2025-03-27_G13,10109655LANDROJ,2025-03-27,141262,1,6,0,273.0
10109655LANDROJ_2025-03-27_G14,10109655LANDROJ,2025-03-27,111634,1,24,0,351.0
10109655LANDROJ_2025-03-27_G15,10109655LANDROJ,2025-03-27,111740,1,8,0,172.0
10109655LANDROJ_2025-03-27_G16,10109655LANDROJ,2025-03-27,141261,1,20,0,376.0
10109655LANDROJ_2025-03-27_G17,10109655LANDROJ,2025-03-27,118191,1,10,0,88.0
10109655LANDROJ_2025-03-27_G18,10109655LANDROJ,2025-03-27,111759,1,4,0,605.0
10109655LANDROJ_2025-03-27_G19,10109655LANDROJ,2025-03-27,111751,1,4,0,497.0
10109655LANDROJ_2025-03-27_G20,10109655LANDROJ,2025-03-27,111722,1,8,0,178.0
10109655LANDROJ_2025-03-27_G21,10109655LANDROJ,2025-03-27,111740,1,10,0,133.0
10109655LANDROJ_2025-03-27_G22,10109655LANDROJ,2025-03-27,"111634, 141261",2,18,9,534.0
10109655LANDROJ_2025-03-27_G23,10109655LANDROJ,2025-03-27,118191,1,8,0,142.0
10109655LANDROJ_2025-03-27_G24,10109655LANDROJ,2025-03-27,110711,1,4,0,458.0
10109655LANDROJ_2025-03-27_G25,10109655LANDROJ,2025-03-27,111466,1,4,0,187.0
10109655LANDROJ_2025-03-27_G26,10109655LANDROJ,2025-03-27,108711,1,4,0,179.0
10109655LANDROJ_2025-03-27_G27,10109655LANDROJ,2025-03-27,111465,1,4,0,131.0
10109655LANDROJ_2025-03-27_G28,10109655LANDROJ,2025-03-27,117820,1,16,0,161.0
10109655LANDROJ_2025-03-27_G29,10109655LANDROJ,2025-03-27,110711,1,2,0,173.0
10109655LANDROJ_2025-03-27_G30,10109655LANDROJ,2025-03-27,111469,1,6,0,225.0
10109655LANDROJ_2025-03-27_G31,10109655LANDROJ,2025-03-27,110313,1,4,0,129.0
10109655LANDROJ_2025-03-27_G32,10109655LANDROJ,2025-03-27,140922,1,4,0,213.0
10109655LANDROJ_2025-03-27_G33,10109655LANDROJ,2025-03-27,118140,1,14,0,199.0
10109655LANDROJ_2025-03-27_G34,10109655LANDROJ,2025-03-27,108711,1,12,0,480.0
10109655LANDROJ_2025-03-27_G35,10109655LANDROJ,2025-03-27,111330,1,8,0,205.0
10109655LANDROJ_2025-03-27_G37,10109655LANDROJ,2025-03-27,115773,1,4,0,813.0
10109655LANDROJ_2025-03-27_G38,10109655LANDROJ,2025-03-27,118306,1,6,0,83.0
10109655LANDROJ_2025-03-27_G39,10109655LANDROJ,2025-03-27,117789,1,4,0,80.0
10109655LANDROJ_2025-03-27_G40,10109655LANDROJ,2025-03-27,118416,1,4,0,146.0
10109655LANDROJ_2025-03-27_G41,10109655LANDROJ,2025-03-27,111602,1,5,0,142.0
10109655LANDROJ_2025-03-27_G42,10109655LANDROJ,2025-03-27,118140,1,10,0,244.0
10109655LANDROJ_2025-03-27_G43,10109655LANDROJ,2025-03-27,110787,1,4,0,214.0
10109655LANDROJ_2025-03-27_G44,10109655LANDROJ,2025-03-27,117789,1,4,0,181.0
10109655LANDROJ_2025-03-27_G45,10109655LANDROJ,2025-03-27,105242,1,1,0,117.0
10109655LANDROJ_2025-03-27_G46,10109655LANDROJ,2025-03-27,118140,1,8,0,124.0
10109655LANDROJ_2025-03-27_G47,10109655LANDROJ,2025-03-27,118223,1,4,0,122.0
10109655LANDROJ_2025-03-27_G48,10109655LANDROJ,2025-03-27,110787,1,1,0,102.0
10109655LANDROJ_2025-03-27_G49,10109655LANDROJ,2025-03-27,117820,1,12,0,151.0
10109655LANDROJ_2025-03-27_G50,10109655LANDROJ,2025-03-27,140922,1,10,0,221.0
10109655LANDROJ_2025-03-27_G51,10109655LANDROJ,2025-03-27,118299,1,250,0,267.0
10109655LANDROJ_2025-03-31_G02,10109655LANDROJ,2025-03-31,111438,1,16,0,635.0
10109655LANDROJ_2025-03-31_G03,10109655LANDROJ,2025-03-31,111569,1,12,0,274.0
10109655LANDROJ_2025-03-31_G04,10109655LANDROJ,2025-03-31,118094,1,16,0,310.0
10109655LANDROJ_2025-03-31_G05,10109655LANDROJ,2025-03-31,117862,1,12,0,798.0
10109655LANDROJ_2025-03-31_G06,10109655LANDROJ,2025-03-31,118140,1,8,0,405.0
10109655LANDROJ_2025-03-31_G07,10109655LANDROJ,2025-03-31,111418,1,12,0,158.0
10109655LANDROJ_2025-03-31_G08,10109655LANDROJ,2025-03-31,117820,1,12,0,114.0
10109655LANDROJ_2025-03-31_G09,10109655LANDROJ,2025-03-31,117808,1,50,0,586.0
10109655LANDROJ_2025-03-31_G10,10109655LANDROJ,2025-03-31,111438,2,20,14,535.0
10109655LANDROJ_2025-03-31_G11,10109655LANDROJ,2025-03-31,118306,1,2,0,167.0
10109655LANDROJ_2025-03-31_G12,10109655LANDROJ,2025-03-31,117862,1,8,0,378.0
10109655LANDROJ_2025-03-31_G13,10109655LANDROJ,2025-03-31,111467,1,10,0,126.0
10109655LANDROJ_2025-03-31_G14,10109655LANDROJ,2025-03-31,111530,2,4,7,102.0
10109655LANDROJ_2025-03-31_G15,10109655LANDROJ,2025-03-31,109647,1,10,0,138.0
10109655LANDROJ_2025-03-31_G16,10109655LANDROJ,2025-03-31,109640,2,6,7,71.0
10109655LANDROJ_2025-03-31_G17,10109655LANDROJ,2025-03-31,111435,1,6,0,329.0
10109655LANDROJ_2025-03-31_G18,10109655LANDROJ,2025-03-31,108711,1,3,0,173.0
10109655LANDROJ_2025-03-31_G19,10109655LANDROJ,2025-03-31,111462,1,10,0,98.0
10109655LANDROJ_2025-03-31_G20,10109655LANDROJ,2025-03-31,111469,1,10,0,103.0
10109655LANDROJ_2025-03-31_G21,10109655LANDROJ,2025-03-31,118317,1,7,0,605.0
10109655LANDROJ_2025-03-31_G22,10109655LANDROJ,2025-03-31,117787,1,3,0,66.0
10109655LANDROJ_2025-03-31_G23,10109655LANDROJ,2025-03-31,117831,1,10,0,85.0
10109655LANDROJ_2025-03-31_G24,10109655LANDROJ,2025-03-31,105705,2,7,8,83.0
10109655LANDROJ_2025-03-31_G25,10109655LANDROJ,2025-03-31,118299,1,40,0,593.0
10109655LANDROJ_2025-03-31_G26,10109655LANDROJ,2025-03-31,109643,1,4,0,761.0
10109655LANDROJ_2025-03-31_G27,10109655LANDROJ,2025-03-31,110372,1,20,0,160.0
10109655LANDROJ_2025-03-31_G28,10109655LANDROJ,2025-03-31,110373,1,30,0,221.0
10109655LANDROJ_2025-03-31_G29,10109655LANDROJ,2025-03-31,117808,1,50,0,854.0
10109655LANDROJ_2025-03-31_G30,10109655LANDROJ,2025-03-31,118290,1,3,0,265.0
10109655LANDROJ_2025-03-31_G31,10109655LANDROJ,2025-03-31,141047,1,6,0,150.0
10109655LANDROJ_2025-03-31_G32,10109655LANDROJ,2025-03-31,111467,2,30,10,90.0
10109655LANDROJ_2025-03-31_G33,10109655LANDROJ,2025-03-31,117787,1,1,0,246.0
10109655LANDROJ_2025-04-03_G02,10109655LANDROJ,2025-04-03,118222,1,11,0,102.0
10109655LANDROJ_2025-04-03_G03,10109655LANDROJ,2025-04-03,118290,1,16,0,107.0
10109655LANDROJ_2025-04-03_G04,10109655LANDROJ,2025-04-03,118198,1,8,0,389.0
10109655LANDROJ_2025-04-03_G05,10109655LANDROJ,2025-04-03,107254,1,11,0,54.0
10109655LANDROJ_2025-04-03_G06,10109655LANDROJ,2025-04-03,110313,1,17,0,169.0
10109655LANDROJ_2025-04-03_G07,10109655LANDROJ,2025-04-03,111876,1,10,0,253.0
10109655LANDROJ_2025-04-03_G08,10109655LANDROJ,2025-04-03,110711,1,13,0,151.0
10109655LANDROJ_2025-04-03_G09,10109655LANDROJ,2025-04-03,118140,1,27,0,282.0
10109655LANDROJ_2025-04-03_G10,10109655LANDROJ,2025-04-03,117833,1,20,0,149.0
10109655LANDROJ_2025-04-03_G11,10109655LANDROJ,2025-04-03,111466,1,15,0,108.0
10109655LANDROJ_2025-04-03_G12,10109655LANDROJ,2025-04-03,111418,1,29,0,214.0
10109655LANDROJ_2025-04-03_G13,10109655LANDROJ,2025-04-03,111465,1,14,0,271.0
10109655LANDROJ_2025-04-03_G14,10109655LANDROJ,2025-04-03,118299,1,200,0,190.0
10109655LANDROJ_2025-04-03_G15,10109655LANDROJ,2025-04-03,117820,1,31,0,350.0
10109655LANDROJ_2025-04-03_G16,10109655LANDROJ,2025-04-03,111462,1,35,0,329.0
10109655LANDROJ_2025-04-04_G02,10109655LANDROJ,2025-04-04,110313,1,4,0,44.0
10109655LANDROJ_2025-04-04_G03,10109655LANDROJ,2025-04-04,110711,1,4,0,185.0
10109655LANDROJ_2025-04-04_G04,10109655LANDROJ,2025-04-04,111463,2,75,13,279.0
10109655LANDROJ_2025-04-04_G05,10109655LANDROJ,2025-04-04,111468,1,4,0,111.0
10109655LANDROJ_2025-04-04_G06,10109655LANDROJ,2025-04-04,117830,1,16,0,281.0
10109655LANDROJ_2025-04-04_G07,10109655LANDROJ,2025-04-04,118229,1,4,0,514.0
10109655LANDROJ_2025-04-04_G08,10109655LANDROJ,2025-04-04,110895,1,10,0,645.0
10109655LANDROJ_2025-04-04_G09,10109655LANDROJ,2025-04-04,111569,1,30,0,196.0
10109655LANDROJ_2025-04-04_G10,10109655LANDROJ,2025-04-04,140911,1,9,0,179.0
10109655LANDROJ_2025-04-04_G11,10109655LANDROJ,2025-04-04,108794,1,10,0,158.0
10109655LANDROJ_2025-04-04_G12,10109655LANDROJ,2025-04-04,118298,1,4,0,170.0
10109655LANDROJ_2025-04-04_G13,10109655LANDROJ,2025-04-04,118094,2,23,11,135.0
10109655LANDROJ_2025-04-04_G14,10109655LANDROJ,2025-04-04,110339,1,8,0,329.0
10109655LANDROJ_2025-04-04_G15,10109655LANDROJ,2025-04-04,107629,1,5,0,126.0
10109655LANDROJ_2025-04-04_G16,10109655LANDROJ,2025-04-04,111602,1,14,0,161.0
10109655LANDROJ_2025-04-04_G17,10109655LANDROJ,2025-04-04,110515,3,60,20,134.0
10109655LANDROJ_2025-04-04_G18,10109655LANDROJ,2025-04-04,109640,1,4,0,165.0
10109655LANDROJ_2025-04-04_G19,10109655LANDROJ,2025-04-04,110711,1,20,0,186.0
10109655LANDROJ_2025-04-04_G20,10109655LANDROJ,2025-04-04,111418,1,20,0,349.0
10109655LANDROJ_2025-04-04_G21,10109655LANDROJ,2025-04-04,111435,1,16,0,173.0
10109655LANDROJ_2025-04-04_G22,10109655LANDROJ,2025-04-04,118140,1,30,0,52.0
10109655LANDROJ_2025-04-04_G23,10109655LANDROJ,2025-04-04,140922,1,12,0,588.0
10109655LANDROJ_2025-04-04_G24,10109655LANDROJ,2025-04-04,111348,1,4,0,125.0
10109655LANDROJ_2025-04-04_G25,10109655LANDROJ,2025-04-04,118317,1,34,0,82.0
10109655LANDROJ_2025-04-04_G26,10109655LANDROJ,2025-04-04,111530,1,4,0,1129.0
10109655LANDROJ_2025-04-04_G27,10109655LANDROJ,2025-04-04,117821,1,10,0,551.0
10109655LANDROJ_2025-04-04_G28,10109655LANDROJ,2025-04-04,108794,1,30,0,641.0
10109655LANDROJ_2025-04-04_G29,10109655LANDROJ,2025-04-04,117785,1,20,0,123.0
10109655LANDROJ_2025-04-05_G02,10109655LANDROJ,2025-04-05,111348,1,2,0,542.0
10109655LANDROJ_2025-04-05_G03,10109655LANDROJ,2025-04-05,111532,1,4,0,81.0
10109655LANDROJ_2025-04-05_G04,10109655LANDROJ,2025-04-05,"110787, 117821",2,12,21,158.0
10109655LANDROJ_2025-04-05_G05,10109655LANDROJ,2025-04-05,111443,1,2,0,1054.0
10109655LANDROJ_2025-04-05_G06,10109655LANDROJ,2025-04-05,117855,1,4,0,105.0
10109655LANDROJ_2025-04-05_G07,10109655LANDROJ,2025-04-05,110325,2,8,8,131.0
10109655LANDROJ_2025-04-05_G08,10109655LANDROJ,2025-04-05,110376,1,6,0,843.0
10109669SOUZAD_2025-01-06_G02,10109669SOUZAD,2025-01-06,110373,1,210,0,354.0
10109669SOUZAD_2025-01-08_G02,10109669SOUZAD,2025-01-08,111437,1,2,0,361.0
10109669SOUZAD_2025-01-08_G03,10109669SOUZAD,2025-01-08,117835,1,6,0,125.0
10109669SOUZAD_2025-01-08_G04,10109669SOUZAD,2025-01-08,118306,1,1,0,91.0
10109669SOUZAD_2025-01-08_G05,10109669SOUZAD,2025-01-08,117853,1,2,0,109.0
10109669SOUZAD_2025-01-08_G06,10109669SOUZAD,2025-01-08,111530,1,4,0,100.0
10109669SOUZAD_2025-01-08_G07,10109669SOUZAD,2025-01-08,110515,1,4,0,127.0
10109669SOUZAD_2025-01-08_G08,10109669SOUZAD,2025-01-08,117965,1,2,0,55.0
10109669SOUZAD_2025-01-08_G09,10109669SOUZAD,2025-01-08,141047,1,1,0,134.0
10109669SOUZAD_2025-01-08_G10,10109669SOUZAD,2025-01-08,108772,1,2,0,52.0
10109669SOUZAD_2025-01-08_G11,10109669SOUZAD,2025-01-08,110733,1,2,0,87.0
10109669SOUZAD_2025-01-08_G12,10109669SOUZAD,2025-01-08,110711,1,2,0,135.0
10109669SOUZAD_2025-01-08_G13,10109669SOUZAD,2025-01-08,111435,1,5,0,188.0
10109669SOUZAD_2025-01-08_G14,10109669SOUZAD,2025-01-08,117831,1,4,0,110.0
10109669SOUZAD_2025-01-08_G15,10109669SOUZAD,2025-01-08,117831,1,4,0,54.0
10109669SOUZAD_2025-01-08_G16,10109669SOUZAD,2025-01-08,117831,1,4,0,32.0
10109669SOUZAD_2025-01-08_G17,10109669SOUZAD,2025-01-08,117831,1,4,0,50.0
10109669SOUZAD_2025-01-08_G18,10109669SOUZAD,2025-01-08,108711,1,4,0,143.0
10109669SOUZAD_2025-01-08_G19,10109669SOUZAD,2025-01-08,117785,1,8,0,73.0
10109669SOUZAD_2025-01-08_G20,10109669SOUZAD,2025-01-08,109645,1,4,0,140.0
10109669SOUZAD_2025-01-08_G21,10109669SOUZAD,2025-01-08,108711,1,8,0,765.0
10109669SOUZAD_2025-01-08_G22,10109669SOUZAD,2025-01-08,111463,1,4,0,323.0
10109669SOUZAD_2025-01-08_G23,10109669SOUZAD,2025-01-08,109747,1,8,0,170.0
10109669SOUZAD_2025-01-08_G24,10109669SOUZAD,2025-01-08,118299,1,10,0,647.0
10109669SOUZAD_2025-01-08_G25,10109669SOUZAD,2025-01-08,110374,1,4,0,90.0
10109669SOUZAD_2025-01-08_G26,10109669SOUZAD,2025-01-08,117820,1,20,0,190.0
10109669SOUZAD_2025-01-08_G27,10109669SOUZAD,2025-01-08,"117808, 117809",2,52,29,495.0
10109669SOUZAD_2025-01-08_G28,10109669SOUZAD,2025-01-08,117820,1,10,0,455.0
10109669SOUZAD_2025-01-08_G29,10109669SOUZAD,2025-01-08,141035,1,8,0,594.0
10109669SOUZAD_2025-01-08_G30,10109669SOUZAD,2025-01-08,110756,1,8,0,886.0
10109669SOUZAD_2025-01-08_G31,10109669SOUZAD,2025-01-08,118094,1,180,0,664.0
10109669SOUZAD_2025-01-08_G32,10109669SOUZAD,2025-01-08,110741,1,10,0,283.0
10109669SOUZAD_2025-01-08_G33,10109669SOUZAD,2025-01-08,109641,1,10,0,225.0
10109669SOUZAD_2025-01-08_G34,10109669SOUZAD,2025-01-08,108798,1,10,0,152.0
10109669SOUZAD_2025-01-09_G02,10109669SOUZAD,2025-01-09,117821,1,12,0,163.0
10109669SOUZAD_2025-01-09_G03,10109669SOUZAD,2025-01-09,118140,1,12,0,128.0
10109669SOUZAD_2025-01-09_G04,10109669SOUZAD,2025-01-09,107236,1,8,0,229.0
10109669SOUZAD_2025-01-09_G05,10109669SOUZAD,2025-01-09,111418,1,60,0,439.0
10109669SOUZAD_2025-01-09_G06,10109669SOUZAD,2025-01-09,111431,1,3,0,419.0
10109669SOUZAD_2025-01-09_G07,10109669SOUZAD,2025-01-09,110748,1,6,0,92.0
10109669SOUZAD_2025-01-09_G08,10109669SOUZAD,2025-01-09,109645,1,8,0,485.0
10109669SOUZAD_2025-01-09_G09,10109669SOUZAD,2025-01-09,111462,1,20,0,409.0
10109669SOUZAD_2025-01-09_G10,10109669SOUZAD,2025-01-09,118140,1,4,0,283.0
10109669SOUZAD_2025-01-09_G11,10109669SOUZAD,2025-01-09,107236,1,10,0,122.0
10109669SOUZAD_2025-01-09_G12,10109669SOUZAD,2025-01-09,110740,1,7,0,88.0
10109669SOUZAD_2025-01-09_G13,10109669SOUZAD,2025-01-09,111468,1,10,0,81.0
10109669SOUZAD_2025-01-09_G14,10109669SOUZAD,2025-01-09,117831,1,3,0,67.0
10109669SOUZAD_2025-01-09_G15,10109669SOUZAD,2025-01-09,111418,1,24,0,138.0
10109669SOUZAD_2025-01-09_G16,10109669SOUZAD,2025-01-09,111431,1,4,0,147.0
10109669SOUZAD_2025-01-09_G17,10109669SOUZAD,2025-01-09,110748,1,2,0,46.0
10109669SOUZAD_2025-01-09_G18,10109669SOUZAD,2025-01-09,111463,1,20,0,204.0
10109669SOUZAD_2025-01-09_G19,10109669SOUZAD,2025-01-09,107236,1,4,0,313.0
10109669SOUZAD_2025-01-09_G20,10109669SOUZAD,2025-01-09,107236,1,4,0,48.0
10109669SOUZAD_2025-01-09_G21,10109669SOUZAD,2025-01-09,110740,2,4,28,46.0
10109669SOUZAD_2025-01-09_G22,10109669SOUZAD,2025-01-09,111433,1,4,0,85.0
10109669SOUZAD_2025-01-09_G23,10109669SOUZAD,2025-01-09,111433,1,4,0,52.0
10109669SOUZAD_2025-01-09_G24,10109669SOUZAD,2025-01-09,110787,1,5,0,123.0
10109669SOUZAD_2025-01-09_G25,10109669SOUZAD,2025-01-09,110787,1,5,0,63.0
10109669SOUZAD_2025-01-09_G26,10109669SOUZAD,2025-01-09,117831,1,4,0,944.0
10109669SOUZAD_2025-01-09_G27,10109669SOUZAD,2025-01-09,117831,1,4,0,41.0
10109669SOUZAD_2025-01-09_G28,10109669SOUZAD,2025-01-09,105705,1,8,0,150.0
10109669SOUZAD_2025-01-09_G29,10109669SOUZAD,2025-01-09,109645,1,4,0,82.0
10109669SOUZAD_2025-01-09_G30,10109669SOUZAD,2025-01-09,109645,1,4,0,39.0
10109669SOUZAD_2025-01-09_G31,10109669SOUZAD,2025-01-09,111463,1,3,0,69.0
10109669SOUZAD_2025-01-09_G32,10109669SOUZAD,2025-01-09,111463,1,8,0,58.0
10109669SOUZAD_2025-01-09_G33,10109669SOUZAD,2025-01-09,111463,1,10,0,199.0
10109669SOUZAD_2025-01-09_G34,10109669SOUZAD,2025-01-09,111442,1,4,0,98.0
10109669SOUZAD_2025-01-09_G35,10109669SOUZAD,2025-01-09,140911,1,4,0,1200.0
10109669SOUZAD_2025-01-09_G36,10109669SOUZAD,2025-01-09,111850,1,2,0,66.0
10109669SOUZAD_2025-01-09_G37,10109669SOUZAD,2025-01-09,110895,1,1,0,50.0
10109669SOUZAD_2025-01-09_G38,10109669SOUZAD,2025-01-09,110742,1,2,0,124.0
10109669SOUZAD_2025-01-09_G39,10109669SOUZAD,2025-01-09,110755,1,1,0,31.0
10109669SOUZAD_2025-01-09_G40,10109669SOUZAD,2025-01-09,110841,1,1,0,64.0
10109669SOUZAD_2025-01-09_G41,10109669SOUZAD,2025-01-09,111468,1,1,0,178.0
10109669SOUZAD_2025-01-09_G42,10109669SOUZAD,2025-01-09,117831,1,4,0,104.0
10109669SOUZAD_2025-01-09_G43,10109669SOUZAD,2025-01-09,117831,1,5,0,46.0
10109669SOUZAD_2025-01-09_G44,10109669SOUZAD,2025-01-09,117831,1,4,0,43.0
10109669SOUZAD_2025-01-09_G45,10109669SOUZAD,2025-01-09,110751,1,4,0,60.0
10109669SOUZAD_2025-01-09_G46,10109669SOUZAD,2025-01-09,108711,1,20,0,246.0
10109669SOUZAD_2025-01-09_G47,10109669SOUZAD,2025-01-09,108711,1,10,0,100.0
10109669SOUZAD_2025-01-09_G48,10109669SOUZAD,2025-01-09,108711,1,4,0,36.0
10109669SOUZAD_2025-01-09_G49,10109669SOUZAD,2025-01-09,109645,1,2,0,58.0
10109669SOUZAD_2025-01-09_G50,10109669SOUZAD,2025-01-09,111465,1,1,0,35.0
10109669SOUZAD_2025-01-09_G51,10109669SOUZAD,2025-01-09,111463,1,15,0,473.0
10109669SOUZAD_2025-01-09_G52,10109669SOUZAD,2025-01-09,111172,1,4,0,66.0
10109669SOUZAD_2025-01-09_G53,10109669SOUZAD,2025-01-09,109640,1,12,0,196.0
10109669SOUZAD_2025-01-09_G54,10109669SOUZAD,2025-01-09,118222,1,4,0,541.0
10109669SOUZAD_2025-01-09_G55,10109669SOUZAD,2025-01-09,110374,1,14,0,127.0
10109669SOUZAD_2025-01-09_G56,10109669SOUZAD,2025-01-09,117809,1,20,0,179.0
10109669SOUZAD_2025-01-09_G57,10109669SOUZAD,2025-01-09,117832,1,40,0,705.0
10109669SOUZAD_2025-01-10_G02,10109669SOUZAD,2025-01-10,111743,1,2,0,38.0
10109669SOUZAD_2025-01-10_G03,10109669SOUZAD,2025-01-10,111462,1,16,0,147.0
10109669SOUZAD_2025-01-10_G04,10109669SOUZAD,2025-01-10,111466,1,10,0,87.0
10109669SOUZAD_2025-01-10_G05,10109669SOUZAD,2025-01-10,111442,1,2,0,57.0
10109669SOUZAD_2025-01-10_G06,10109669SOUZAD,2025-01-10,117862,1,6,0,178.0
10109669SOUZAD_2025-01-10_G07,10109669SOUZAD,2025-01-10,117862,1,6,0,61.0
10109669SOUZAD_2025-01-10_G08,10109669SOUZAD,2025-01-10,110741,1,4,0,57.0
10109669SOUZAD_2025-01-11_G02,10109669SOUZAD,2025-01-11,111172,1,90,0,317.0
10109669SOUZAD_2025-01-11_G03,10109669SOUZAD,2025-01-11,109747,1,80,0,542.0
10109669SOUZAD_2025-01-11_G04,10109669SOUZAD,2025-01-11,107830,1,67,0,783.0
10109669SOUZAD_2025-01-11_G05,10109669SOUZAD,2025-01-11,110371,1,120,0,353.0
10109669SOUZAD_2025-01-11_G06,10109669SOUZAD,2025-01-11,110375,1,80,0,389.0
10109669SOUZAD_2025-01-11_G08,10109669SOUZAD,2025-01-11,110895,1,3,0,131.0
10109669SOUZAD_2025-01-11_G09,10109669SOUZAD,2025-01-11,110740,2,5,26,123.0
10109669SOUZAD_2025-01-11_G10,10109669SOUZAD,2025-01-11,117831,2,4,22,77.0
10109669SOUZAD_2025-01-11_G11,10109669SOUZAD,2025-01-11,111463,1,3,0,88.0
10109669SOUZAD_2025-01-11_G12,10109669SOUZAD,2025-01-11,117820,1,5,0,136.0
10109669SOUZAD_2025-01-11_G13,10109669SOUZAD,2025-01-11,110313,1,6,0,425.0
10109669SOUZAD_2025-01-11_G14,10109669SOUZAD,2025-01-11,111602,1,8,0,74.0
10109669SOUZAD_2025-01-11_G15,10109669SOUZAD,2025-01-11,110787,1,16,0,129.0
10109669SOUZAD_2025-01-11_G16,10109669SOUZAD,2025-01-11,111442,1,3,0,134.0
10109669SOUZAD_2025-01-11_G17,10109669SOUZAD,2025-01-11,110895,1,5,0,401.0
10109669SOUZAD_2025-01-11_G18,10109669SOUZAD,2025-01-11,117861,1,12,0,122.0
10109669SOUZAD_2025-01-11_G19,10109669SOUZAD,2025-01-11,108772,1,2,0,104.0
10109669SOUZAD_2025-01-11_G20,10109669SOUZAD,2025-01-11,117788,1,5,0,70.0
10109669SOUZAD_2025-01-11_G21,10109669SOUZAD,2025-01-11,117862,1,14,0,116.0
10109669SOUZAD_2025-01-11_G22,10109669SOUZAD,2025-01-11,117820,1,8,0,139.0
10109669SOUZAD_2025-01-11_G23,10109669SOUZAD,2025-01-11,117832,1,4,0,124.0
10109669SOUZAD_2025-01-11_G24,10109669SOUZAD,2025-01-11,117820,2,114,29,1335.0
10109669SOUZAD_2025-01-11_G25,10109669SOUZAD,2025-01-11,117809,1,42,0,1072.0
10109669SOUZAD_2025-01-11_G26,10109669SOUZAD,2025-01-11,111532,1,28,0,523.0
10109669SOUZAD_2025-01-11_G27,10109669SOUZAD,2025-01-11,110740,1,34,0,191.0
10109669SOUZAD_2025-01-11_G28,10109669SOUZAD,2025-01-11,116241,1,4,0,169.0
10109669SOUZAD_2025-01-11_G29,10109669SOUZAD,2025-01-11,140922,1,25,0,183.0
10109669SOUZAD_2025-01-11_G30,10109669SOUZAD,2025-01-11,111743,1,6,0,85.0
10109669SOUZAD_2025-01-11_G31,10109669SOUZAD,2025-01-11,140911,1,1,0,454.0
10109669SOUZAD_2025-01-11_G32,10109669SOUZAD,2025-01-11,111442,1,4,0,275.0
10109669SOUZAD_2025-01-11_G33,10109669SOUZAD,2025-01-11,110733,1,4,0,105.0
10109669SOUZAD_2025-01-11_G34,10109669SOUZAD,2025-01-11,140922,1,8,0,76.0
10109669SOUZAD_2025-01-11_G35,10109669SOUZAD,2025-01-11,117832,1,4,0,76.0
10109669SOUZAD_2025-01-11_G36,10109669SOUZAD,2025-01-11,117820,1,4,0,121.0
10109669SOUZAD_2025-01-11_G37,10109669SOUZAD,2025-01-11,117808,1,32,0,237.0
10109669SOUZAD_2025-01-11_G38,10109669SOUZAD,2025-01-11,118299,1,3,0,132.0
10109669SOUZAD_2025-01-11_G39,10109669SOUZAD,2025-01-11,108794,1,2,0,300.0
10109669SOUZAD_2025-01-11_G40,10109669SOUZAD,2025-01-11,110129,1,2,0,35.0
10109669SOUZAD_2025-01-11_G41,10109669SOUZAD,2025-01-11,108798,1,2,0,104.0
10109669SOUZAD_2025-01-11_G42,10109669SOUZAD,2025-01-11,111469,1,24,0,906.0
10109669SOUZAD_2025-01-11_G43,10109669SOUZAD,2025-01-11,117820,1,12,0,480.0
10109669SOUZAD_2025-01-11_G44,10109669SOUZAD,2025-01-11,107830,1,2,0,149.0
10109669SOUZAD_2025-01-11_G45,10109669SOUZAD,2025-01-11,110372,1,27,0,432.0
10109669SOUZAD_2025-01-13_G02,10109669SOUZAD,2025-01-13,110742,1,8,0,154.0
10109669SOUZAD_2025-01-13_G03,10109669SOUZAD,2025-01-13,118306,1,4,0,103.0
10109669SOUZAD_2025-01-13_G04,10109669SOUZAD,2025-01-13,110339,1,3,0,191.0
10109669SOUZAD_2025-01-13_G05,10109669SOUZAD,2025-01-13,117853,1,6,0,157.0
10109669SOUZAD_2025-01-13_G06,10109669SOUZAD,2025-01-13,111530,1,9,0,93.0
10109669SOUZAD_2025-01-13_G07,10109669SOUZAD,2025-01-13,110313,1,9,0,305.0
10109669SOUZAD_2025-01-13_G08,10109669SOUZAD,2025-01-13,109640,1,19,0,620.0
10109669SOUZAD_2025-01-13_G09,10109669SOUZAD,2025-01-13,110753,1,4,0,175.0
10109669SOUZAD_2025-01-13_G10,10109669SOUZAD,2025-01-13,118298,1,2,0,79.0
10109669SOUZAD_2025-01-13_G11,10109669SOUZAD,2025-01-13,110733,1,2,0,94.0
10109669SOUZAD_2025-01-13_G12,10109669SOUZAD,2025-01-13,117788,1,2,0,36.0
10109669SOUZAD_2025-01-13_G13,10109669SOUZAD,2025-01-13,117862,1,33,0,330.0
10109669SOUZAD_2025-01-13_G14,10109669SOUZAD,2025-01-13,111598,1,3,0,319.0
10109669SOUZAD_2025-01-13_G15,10109669SOUZAD,2025-01-13,118317,1,3,0,150.0
10109669SOUZAD_2025-01-13_G16,10109669SOUZAD,2025-01-13,108794,1,4,0,149.0
10109669SOUZAD_2025-01-13_G17,10109669SOUZAD,2025-01-13,118140,1,7,0,75.0
10109669SOUZAD_2025-01-13_G18,10109669SOUZAD,2025-01-13,110740,1,10,0,155.0
10109669SOUZAD_2025-01-13_G19,10109669SOUZAD,2025-01-13,117831,1,8,0,607.0
10109669SOUZAD_2025-01-13_G20,10109669SOUZAD,2025-01-13,111418,1,12,0,101.0
10109669SOUZAD_2025-01-13_G21,10109669SOUZAD,2025-01-13,117833,1,2,0,47.0
10109669SOUZAD_2025-01-13_G22,10109669SOUZAD,2025-01-13,105705,1,5,0,107.0
10109669SOUZAD_2025-01-13_G23,10109669SOUZAD,2025-01-13,108711,1,12,0,60.0
10109669SOUZAD_2025-01-13_G24,10109669SOUZAD,2025-01-13,108711,1,16,0,120.0
10109669SOUZAD_2025-01-13_G25,10109669SOUZAD,2025-01-13,111465,1,4,0,77.0
10109669SOUZAD_2025-01-13_G26,10109669SOUZAD,2025-01-13,111462,1,16,0,474.0
10109669SOUZAD_2025-01-13_G27,10109669SOUZAD,2025-01-13,111462,1,12,0,283.0
10109669SOUZAD_2025-01-13_G28,10109669SOUZAD,2025-01-13,111172,1,4,0,92.0
10109669SOUZAD_2025-01-13_G29,10109669SOUZAD,2025-01-13,109643,1,2,0,219.0
10109669SOUZAD_2025-01-13_G30,10109669SOUZAD,2025-01-13,117830,1,8,0,95.0
10109669SOUZAD_2025-01-13_G31,10109669SOUZAD,2025-01-13,117820,1,48,0,338.0
10109669SOUZAD_2025-01-13_G32,10109669SOUZAD,2025-01-13,111438,1,4,0,508.0
10109669SOUZAD_2025-01-13_G33,10109669SOUZAD,2025-01-13,111530,1,4,0,182.0
10109669SOUZAD_2025-01-13_G34,10109669SOUZAD,2025-01-13,111467,1,11,0,133.0
10109669SOUZAD_2025-01-13_G35,10109669SOUZAD,2025-01-13,111602,1,8,0,86.0
10109669SOUZAD_2025-01-13_G36,10109669SOUZAD,2025-01-13,110515,1,1,0,114.0
10109669SOUZAD_2025-01-13_G37,10109669SOUZAD,2025-01-13,110733,1,3,0,86.0
10109669SOUZAD_2025-01-13_G38,10109669SOUZAD,2025-01-13,118140,1,4,0,288.0
10109669SOUZAD_2025-01-13_G39,10109669SOUZAD,2025-01-13,110740,1,2,0,346.0
10109669SOUZAD_2025-01-13_G40,10109669SOUZAD,2025-01-13,117831,1,4,0,972.0
10109669SOUZAD_2025-01-13_G41,10109669SOUZAD,2025-01-13,111418,1,6,0,60.0
10109669SOUZAD_2025-01-13_G42,10109669SOUZAD,2025-01-13,111465,1,4,0,79.0
10109669SOUZAD_2025-01-13_G43,10109669SOUZAD,2025-01-13,111462,1,4,0,147.0
10109669SOUZAD_2025-01-13_G44,10109669SOUZAD,2025-01-13,110371,1,3,0,95.0
10109669SOUZAD_2025-01-13_G45,10109669SOUZAD,2025-01-13,111602,1,8,0,131.0
10109669SOUZAD_2025-01-13_G46,10109669SOUZAD,2025-01-13,117808,1,8,0,273.0
10109669SOUZAD_2025-01-13_G47,10109669SOUZAD,2025-01-13,118140,1,4,0,132.0
10109669SOUZAD_2025-01-13_G48,10109669SOUZAD,2025-01-13,108711,1,8,0,140.0
10109669SOUZAD_2025-01-13_G49,10109669SOUZAD,2025-01-13,111462,1,4,0,113.0
10109669SOUZAD_2025-01-13_G50,10109669SOUZAD,2025-01-13,107830,1,6,0,65.0
10109669SOUZAD_2025-01-13_G51,10109669SOUZAD,2025-01-13,110313,1,8,0,308.0
10109669SOUZAD_2025-01-13_G52,10109669SOUZAD,2025-01-13,140911,1,2,0,83.0
10109669SOUZAD_2025-01-13_G53,10109669SOUZAD,2025-01-13,108794,1,4,0,75.0
10109669SOUZAD_2025-01-13_G54,10109669SOUZAD,2025-01-13,108794,1,8,0,281.0
10109669SOUZAD_2025-01-13_G55,10109669SOUZAD,2025-01-13,111602,1,18,0,629.0
10109669SOUZAD_2025-01-17_G02,10109669SOUZAD,2025-01-17,110313,1,6,0,281.0
10109669SOUZAD_2025-01-17_G03,10109669SOUZAD,2025-01-17,110752,1,4,0,98.0
10109669SOUZAD_2025-01-17_G04,10109669SOUZAD,2025-01-17,117786,1,1,0,92.0
10109669SOUZAD_2025-01-17_G05,10109669SOUZAD,2025-01-17,110711,1,9,0,389.0
10109669SOUZAD_2025-01-17_G06,10109669SOUZAD,2025-01-17,117856,1,1,0,51.0
10109669SOUZAD_2025-01-17_G07,10109669SOUZAD,2025-01-17,108794,1,6,0,172.0
10109669SOUZAD_2025-01-17_G08,10109669SOUZAD,2025-01-17,110787,1,4,0,435.0
10109669SOUZAD_2025-01-17_G09,10109669SOUZAD,2025-01-17,110787,1,12,0,90.0
10109669SOUZAD_2025-01-17_G10,10109669SOUZAD,2025-01-17,108711,1,10,0,171.0
10109669SOUZAD_2025-01-17_G11,10109669SOUZAD,2025-01-17,111465,1,4,0,189.0
10109669SOUZAD_2025-01-17_G12,10109669SOUZAD,2025-01-17,117832,1,6,0,183.0
10109669SOUZAD_2025-01-17_G13,10109669SOUZAD,2025-01-17,110372,1,2,0,78.0
10109669SOUZAD_2025-01-17_G14,10109669SOUZAD,2025-01-17,111441,1,9,0,593.0
10109669SOUZAD_2025-01-17_G15,10109669SOUZAD,2025-01-17,111430,1,1,0,52.0
10109669SOUZAD_2025-01-17_G16,10109669SOUZAD,2025-01-17,109937,1,3,0,300.0
10109669SOUZAD_2025-01-17_G17,10109669SOUZAD,2025-01-17,110747,1,3,0,91.0
10109669SOUZAD_2025-01-17_G18,10109669SOUZAD,2025-01-17,117830,1,2,0,128.0
10109669SOUZAD_2025-01-17_G19,10109669SOUZAD,2025-01-17,117808,1,11,0,148.0
10109669SOUZAD_2025-01-17_G20,10109669SOUZAD,2025-01-17,117786,1,2,0,115.0
10109669SOUZAD_2025-01-17_G21,10109669SOUZAD,2025-01-17,111876,1,1,0,42.0
10109669SOUZAD_2025-01-17_G22,10109669SOUZAD,2025-01-17,110711,1,1,0,96.0
10109669SOUZAD_2025-01-17_G23,10109669SOUZAD,2025-01-17,117856,1,5,0,70.0
10109669SOUZAD_2025-01-17_G24,10109669SOUZAD,2025-01-17,118140,1,5,0,171.0
10109669SOUZAD_2025-01-17_G25,10109669SOUZAD,2025-01-17,140922,1,3,0,81.0
10109669SOUZAD_2025-01-17_G26,10109669SOUZAD,2025-01-17,140922,1,2,0,34.0
10109669SOUZAD_2025-01-17_G27,10109669SOUZAD,2025-01-17,117831,1,6,0,152.0
10109669SOUZAD_2025-01-17_G28,10109669SOUZAD,2025-01-17,111469,1,1,0,75.0
10109669SOUZAD_2025-01-17_G29,10109669SOUZAD,2025-01-17,100334,1,2,0,618.0
10109669SOUZAD_2025-01-17_G30,10109669SOUZAD,2025-01-17,111441,1,5,0,201.0
10109669SOUZAD_2025-01-17_G31,10109669SOUZAD,2025-01-17,111430,1,3,0,105.0
10109669SOUZAD_2025-01-17_G32,10109669SOUZAD,2025-01-17,109937,1,4,0,134.0
10109669SOUZAD_2025-01-17_G33,10109669SOUZAD,2025-01-17,117830,1,1,0,82.0
10109669SOUZAD_2025-01-17_G34,10109669SOUZAD,2025-01-17,117820,1,16,0,157.0
10109669SOUZAD_2025-01-17_G35,10109669SOUZAD,2025-01-17,110372,1,1,0,80.0
10109669SOUZAD_2025-01-17_G36,10109669SOUZAD,2025-01-17,111444,1,18,0,1512.0
10109669SOUZAD_2025-01-17_G37,10109669SOUZAD,2025-01-17,108794,1,50,0,204.0
10109669SOUZAD_2025-01-17_G38,10109669SOUZAD,2025-01-17,118140,1,40,0,496.0
10109669SOUZAD_2025-01-17_G39,10109669SOUZAD,2025-01-17,109641,1,6,0,361.0
10109669SOUZAD_2025-01-17_G40,10109669SOUZAD,2025-01-17,111433,1,19,0,452.0
10109669SOUZAD_2025-01-17_G41,10109669SOUZAD,2025-01-17,109645,1,14,0,176.0
10109669SOUZAD_2025-01-17_G42,10109669SOUZAD,2025-01-17,110745,1,2,0,43.0
10109669SOUZAD_2025-01-17_G43,10109669SOUZAD,2025-01-17,118223,1,5,0,97.0
10109669SOUZAD_2025-01-17_G44,10109669SOUZAD,2025-01-17,108795,1,30,0,595.0
10109669SOUZAD_2025-01-17_G45,10109669SOUZAD,2025-01-17,105705,1,20,0,444.0
10109669SOUZAD_2025-01-17_G46,10109669SOUZAD,2025-01-17,111469,1,60,0,720.0
10109669SOUZAD_2025-01-17_G47,10109669SOUZAD,2025-01-17,110787,1,80,0,189.0
10109669SOUZAD_2025-01-17_G48,10109669SOUZAD,2025-01-17,108711,1,100,0,385.0
10109669SOUZAD_2025-01-17_G49,10109669SOUZAD,2025-01-17,109645,1,30,0,246.0
10109669SOUZAD_2025-01-17_G50,10109669SOUZAD,2025-01-17,117831,1,50,0,457.0
10109669SOUZAD_2025-01-17_G52,10109669SOUZAD,2025-01-17,118094,1,1,0,84.0
10109669SOUZAD_2025-01-17_G53,10109669SOUZAD,2025-01-17,117786,1,1,0,53.0
10109669SOUZAD_2025-01-17_G54,10109669SOUZAD,2025-01-17,110711,1,2,0,93.0
10109669SOUZAD_2025-01-17_G55,10109669SOUZAD,2025-01-17,117856,1,2,0,104.0
10109669SOUZAD_2025-01-17_G56,10109669SOUZAD,2025-01-17,108794,1,2,0,126.0
10109669SOUZAD_2025-01-17_G57,10109669SOUZAD,2025-01-17,118140,1,3,0,71.0
10109669SOUZAD_2025-01-17_G58,10109669SOUZAD,2025-01-17,140922,1,1,0,71.0
10109669SOUZAD_2025-01-17_G59,10109669SOUZAD,2025-01-17,140922,1,4,0,47.0
10109669SOUZAD_2025-01-17_G60,10109669SOUZAD,2025-01-17,117831,1,1,0,80.0
10109669SOUZAD_2025-01-17_G61,10109669SOUZAD,2025-01-17,110787,1,2,0,43.0
10109669SOUZAD_2025-01-17_G62,10109669SOUZAD,2025-01-17,108711,1,2,0,63.0
10109669SOUZAD_2025-01-17_G63,10109669SOUZAD,2025-01-17,111469,1,1,0,61.0
10109669SOUZAD_2025-01-17_G64,10109669SOUZAD,2025-01-17,117830,1,2,0,96.0
10109669SOUZAD_2025-01-17_G65,10109669SOUZAD,2025-01-17,117832,1,1,0,84.0
10109669SOUZAD_2025-01-17_G66,10109669SOUZAD,2025-01-17,110372,1,2,0,75.0
10109669SOUZAD_2025-01-17_G67,10109669SOUZAD,2025-01-17,117808,1,31,0,172.0
10109669SOUZAD_2025-01-17_G68,10109669SOUZAD,2025-01-17,110339,1,1,0,317.0
10109669SOUZAD_2025-01-17_G69,10109669SOUZAD,2025-01-17,111530,1,1,0,53.0
10109669SOUZAD_2025-01-17_G70,10109669SOUZAD,2025-01-17,118094,1,7,0,147.0
10109669SOUZAD_2025-01-17_G71,10109669SOUZAD,2025-01-17,117862,1,6,0,114.0
10109669SOUZAD_2025-01-17_G72,10109669SOUZAD,2025-01-17,110711,1,2,0,94.0
10109669SOUZAD_2025-01-17_G73,10109669SOUZAD,2025-01-17,108794,1,2,0,104.0
10109669SOUZAD_2025-01-17_G74,10109669SOUZAD,2025-01-17,118140,1,1,0,66.0
10109669SOUZAD_2025-01-17_G75,10109669SOUZAD,2025-01-17,140922,1,2,0,79.0
10109669SOUZAD_2025-01-17_G76,10109669SOUZAD,2025-01-17,140922,1,11,0,108.0
10109669SOUZAD_2025-01-17_G77,10109669SOUZAD,2025-01-17,111443,1,4,0,86.0
10109669SOUZAD_2025-01-17_G78,10109669SOUZAD,2025-01-17,105705,1,3,0,75.0
10109669SOUZAD_2025-01-17_G79,10109669SOUZAD,2025-01-17,111469,1,6,0,247.0
10109669SOUZAD_2025-01-17_G80,10109669SOUZAD,2025-01-17,117830,1,2,0,115.0
10109669SOUZAD_2025-01-17_G81,10109669SOUZAD,2025-01-17,117820,2,4,30,113.0
10109669SOUZAD_2025-01-17_G82,10109669SOUZAD,2025-01-17,110372,1,2,0,52.0
10109669SOUZAD_2025-01-17_G83,10109669SOUZAD,2025-01-17,105744,1,2,0,2045.0
10109669SOUZAD_2025-01-17_G84,10109669SOUZAD,2025-01-17,110832,1,1,0,131.0
10109669SOUZAD_2025-01-17_G85,10109669SOUZAD,2025-01-17,111650,1,4,0,161.0
10109669SOUZAD_2025-01-17_G86,10109669SOUZAD,2025-01-17,109640,1,31,0,609.0
10109669SOUZAD_2025-01-17_G87,10109669SOUZAD,2025-01-17,111879,1,8,0,227.0
10109669SOUZAD_2025-01-17_G88,10109669SOUZAD,2025-01-17,109647,1,1,0,52.0
10109669SOUZAD_2025-01-17_G89,10109669SOUZAD,2025-01-17,141047,1,33,0,487.0
10109669SOUZAD_2025-01-17_G90,10109669SOUZAD,2025-01-17,110733,1,36,0,566.0
10109669SOUZAD_2025-01-17_G91,10109669SOUZAD,2025-01-17,117788,1,4,0,222.0
10109669SOUZAD_2025-01-17_G92,10109669SOUZAD,2025-01-17,117856,1,67,0,608.0
10109669SOUZAD_2025-01-17_G93,10109669SOUZAD,2025-01-17,110332,1,1,0,1487.0
10109669SOUZAD_2025-01-17_G94,10109669SOUZAD,2025-01-17,108794,1,107,0,475.0
10109669SOUZAD_2025-01-17_G95,10109669SOUZAD,2025-01-17,110129,1,121,0,468.0
10109669SOUZAD_2025-01-17_G96,10109669SOUZAD,2025-01-17,109747,1,74,0,830.0
10109669SOUZAD_2025-01-18_G02,10109669SOUZAD,2025-01-18,111182,1,14,0,445.0
10109669SOUZAD_2025-01-18_G03,10109669SOUZAD,2025-01-18,117821,1,19,0,160.0
10109669SOUZAD_2025-01-18_G04,10109669SOUZAD,2025-01-18,111431,1,2,0,106.0
10109669SOUZAD_2025-01-18_G05,10109669SOUZAD,2025-01-18,117787,1,7,0,113.0
10109669SOUZAD_2025-01-18_G06,10109669SOUZAD,2025-01-18,118140,1,50,0,313.0
10109669SOUZAD_2025-01-18_G07,10109669SOUZAD,2025-01-18,118140,1,70,0,503.0
10109669SOUZAD_2025-01-18_G08,10109669SOUZAD,2025-01-18,111743,1,28,0,437.0
10109669SOUZAD_2025-01-18_G09,10109669SOUZAD,2025-01-18,110740,1,48,0,144.0
10109669SOUZAD_2025-01-18_G10,10109669SOUZAD,2025-01-18,111418,1,89,0,302.0
10109669SOUZAD_2025-01-18_G11,10109669SOUZAD,2025-01-18,110448,1,2,0,3188.0
10109669SOUZAD_2025-01-18_G12,10109669SOUZAD,2025-01-18,110833,1,2,0,146.0
10109669SOUZAD_2025-01-18_G13,10109669SOUZAD,2025-01-18,110081,1,2,0,73.0
10109669SOUZAD_2025-01-18_G14,10109669SOUZAD,2025-01-18,111437,1,1,0,441.0
10109669SOUZAD_2025-01-18_G15,10109669SOUZAD,2025-01-18,111705,1,2,0,208.0
10109669SOUZAD_2025-01-18_G16,10109669SOUZAD,2025-01-18,118323,1,4,0,205.0
10109669SOUZAD_2025-01-18_G17,10109669SOUZAD,2025-01-18,111832,1,4,0,98.0
10109669SOUZAD_2025-01-18_G18,10109669SOUZAD,2025-01-18,118290,1,6,0,151.0
10109669SOUZAD_2025-01-18_G19,10109669SOUZAD,2025-01-18,114102,1,1,0,48.0
10109669SOUZAD_2025-01-18_G20,10109669SOUZAD,2025-01-18,111110,1,4,0,51.0
10109669SOUZAD_2025-01-18_G21,10109669SOUZAD,2025-01-18,105272,1,1,0,57.0
10109669SOUZAD_2025-01-18_G22,10109669SOUZAD,2025-01-18,111356,1,2,0,677.0
10109669SOUZAD_2025-01-18_G23,10109669SOUZAD,2025-01-18,110320,1,2,0,56.0
10109669SOUZAD_2025-01-18_G24,10109669SOUZAD,2025-01-18,110742,1,20,0,431.0
10109669SOUZAD_2025-01-18_G25,10109669SOUZAD,2025-01-18,118222,1,80,0,240.0
10109669SOUZAD_2025-01-18_G26,10109669SOUZAD,2025-01-18,118251,1,25,0,223.0
10109669SOUZAD_2025-01-18_G27,10109669SOUZAD,2025-01-18,109937,1,21,0,418.0
10109669SOUZAD_2025-01-18_G28,10109669SOUZAD,2025-01-18,118250,1,22,0,360.0
10109669SOUZAD_2025-01-18_G29,10109669SOUZAD,2025-01-18,115773,1,8,0,242.0
10109669SOUZAD_2025-01-18_G30,10109669SOUZAD,2025-01-18,110753,1,30,0,425.0
10109669SOUZAD_2025-01-18_G31,10109669SOUZAD,2025-01-18,111879,1,2,0,167.0
10109669SOUZAD_2025-01-18_G32,10109669SOUZAD,2025-01-18,114092,1,12,0,113.0
10109669SOUZAD_2025-01-18_G33,10109669SOUZAD,2025-01-18,114091,1,2,0,86.0
10109669SOUZAD_2025-01-18_G34,10109669SOUZAD,2025-01-18,110748,1,10,0,82.0
10109669SOUZAD_2025-01-18_G35,10109669SOUZAD,2025-01-18,118285,1,4,0,147.0
10109669SOUZAD_2025-01-18_G37,10109669SOUZAD,2025-01-18,110741,1,4,0,117.0
10109669SOUZAD_2025-01-18_G38,10109669SOUZAD,2025-01-18,117855,1,2,0,107.0
10109669SOUZAD_2025-01-18_G39,10109669SOUZAD,2025-01-18,117831,1,3,0,484.0
10109669SOUZAD_2025-01-18_G40,10109669SOUZAD,2025-01-18,110787,1,3,0,46.0
10109669SOUZAD_2025-01-18_G41,10109669SOUZAD,2025-01-18,117785,2,17,27,92.0
10109669SOUZAD_2025-01-18_G42,10109669SOUZAD,2025-01-18,110748,1,2,0,66.0
10109669SOUZAD_2025-01-18_G43,10109669SOUZAD,2025-01-18,111469,1,4,0,95.0
10109669SOUZAD_2025-01-18_G44,10109669SOUZAD,2025-01-18,111418,1,25,0,218.0
10109669SOUZAD_2025-01-18_G45,10109669SOUZAD,2025-01-18,111418,1,100,0,810.0
10109669SOUZAD_2025-01-18_G46,10109669SOUZAD,2025-01-18,117785,1,4,0,209.0
10109669SOUZAD_2025-01-18_G47,10109669SOUZAD,2025-01-18,111418,1,10,0,241.0
10109669SOUZAD_2025-01-20_G02,10109669SOUZAD,2025-01-20,111569,1,5,0,103.0
10109669SOUZAD_2025-01-20_G03,10109669SOUZAD,2025-01-20,111530,1,8,0,96.0
10109669SOUZAD_2025-01-20_G04,10109669SOUZAD,2025-01-20,117855,1,10,0,80.0
10109669SOUZAD_2025-01-20_G05,10109669SOUZAD,2025-01-20,117855,1,4,0,290.0
10109669SOUZAD_2025-01-20_G06,10109669SOUZAD,2025-01-20,117855,1,6,0,71.0
10109669SOUZAD_2025-01-20_G07,10109669SOUZAD,2025-01-20,111602,1,5,0,71.0
10109669SOUZAD_2025-01-20_G08,10109669SOUZAD,2025-01-20,117786,1,14,0,401.0
10109669SOUZAD_2025-01-20_G09,10109669SOUZAD,2025-01-20,141047,1,2,0,437.0
10109669SOUZAD_2025-01-20_G10,10109669SOUZAD,2025-01-20,141047,1,6,0,141.0
10109669SOUZAD_2025-01-20_G11,10109669SOUZAD,2025-01-20,110733,1,8,0,82.0
10109669SOUZAD_2025-01-20_G12,10109669SOUZAD,2025-01-20,111182,1,8,0,287.0
10109669SOUZAD_2025-01-20_G13,10109669SOUZAD,2025-01-20,111435,1,7,0,186.0
10109669SOUZAD_2025-01-20_G14,10109669SOUZAD,2025-01-20,117821,1,20,0,192.0
10109669SOUZAD_2025-01-20_G15,10109669SOUZAD,2025-01-20,117785,1,12,0,157.0
10109669SOUZAD_2025-01-20_G16,10109669SOUZAD,2025-01-20,118140,1,12,0,133.0
10109669SOUZAD_2025-01-20_G17,10109669SOUZAD,2025-01-20,107236,1,4,0,278.0
10109669SOUZAD_2025-01-20_G18,10109669SOUZAD,2025-01-20,111466,1,10,0,266.0
10109669SOUZAD_2025-01-20_G19,10109669SOUZAD,2025-01-20,117831,1,20,0,208.0
10109669SOUZAD_2025-01-20_G20,10109669SOUZAD,2025-01-20,117831,1,20,0,151.0
10109669SOUZAD_2025-01-20_G21,10109669SOUZAD,2025-01-20,110745,1,4,0,54.0
10109669SOUZAD_2025-01-20_G22,10109669SOUZAD,2025-01-20,108795,1,7,0,79.0
10109669SOUZAD_2025-01-20_G23,10109669SOUZAD,2025-01-20,108711,1,12,0,98.0
10109669SOUZAD_2025-01-20_G24,10109669SOUZAD,2025-01-20,117833,1,10,0,107.0
10109669SOUZAD_2025-01-20_G25,10109669SOUZAD,2025-01-20,110743,1,2,0,77.0
10109669SOUZAD_2025-01-20_G26,10109669SOUZAD,2025-01-20,111418,1,20,0,1060.0
10109669SOUZAD_2025-01-20_G27,10109669SOUZAD,2025-01-20,111469,1,12,0,82.0
10109669SOUZAD_2025-01-20_G28,10109669SOUZAD,2025-01-20,111463,1,20,0,147.0
10109669SOUZAD_2025-01-20_G29,10109669SOUZAD,2025-01-20,111463,1,10,0,55.0
10109669SOUZAD_2025-01-20_G30,10109669SOUZAD,2025-01-20,111462,1,15,0,132.0
10109669SOUZAD_2025-01-20_G31,10109669SOUZAD,2025-01-20,111172,1,6,0,175.0
10109669SOUZAD_2025-01-20_G32,10109669SOUZAD,2025-01-20,110374,1,14,0,571.0
10109669SOUZAD_2025-01-20_G33,10109669SOUZAD,2025-01-20,117832,1,17,0,142.0
10109669SOUZAD_2025-01-20_G34,10109669SOUZAD,2025-01-20,110375,1,30,0,1099.0
10109669SOUZAD_2025-01-20_G35,10109669SOUZAD,2025-01-20,117809,1,30,0,750.0
10109669SOUZAD_2025-01-21_G02,10109669SOUZAD,2025-01-21,109747,1,10,0,173.0
10109669SOUZAD_2025-01-21_G03,10109669SOUZAD,2025-01-21,111330,1,2,0,348.0
10109669SOUZAD_2025-01-21_G04,10109669SOUZAD,2025-01-21,140911,1,2,0,140.0
10109669SOUZAD_2025-01-21_G05,10109669SOUZAD,2025-01-21,111602,1,4,0,84.0
10109669SOUZAD_2025-01-21_G06,10109669SOUZAD,2025-01-21,110895,1,2,0,148.0
10109669SOUZAD_2025-01-21_G07,10109669SOUZAD,2025-01-21,117853,1,4,0,141.0
10109669SOUZAD_2025-01-21_G08,10109669SOUZAD,2025-01-21,111602,1,5,0,644.0
10109669SOUZAD_2025-01-21_G09,10109669SOUZAD,2025-01-21,117786,1,6,0,87.0
10109669SOUZAD_2025-01-21_G10,10109669SOUZAD,2025-01-21,117862,1,6,0,94.0
10109669SOUZAD_2025-01-21_G11,10109669SOUZAD,2025-01-21,111532,1,8,0,236.0
10109669SOUZAD_2025-01-21_G12,10109669SOUZAD,2025-01-21,140922,1,3,0,268.0
10109669SOUZAD_2025-01-21_G13,10109669SOUZAD,2025-01-21,140922,1,16,0,241.0
10109669SOUZAD_2025-01-21_G14,10109669SOUZAD,2025-01-21,140922,2,5,16,35.0
10109669SOUZAD_2025-01-21_G15,10109669SOUZAD,2025-01-21,118317,1,8,0,118.0
10109669SOUZAD_2025-01-21_G16,10109669SOUZAD,2025-01-21,109645,1,6,0,155.0
10109669SOUZAD_2025-01-21_G17,10109669SOUZAD,2025-01-21,110751,1,6,0,56.0
10109669SOUZAD_2025-01-21_G18,10109669SOUZAD,2025-01-21,117785,1,8,0,69.0
10109669SOUZAD_2025-01-21_G19,10109669SOUZAD,2025-01-21,108711,1,2,0,63.0
10109669SOUZAD_2025-01-21_G20,10109669SOUZAD,2025-01-21,108711,1,6,0,70.0
10109669SOUZAD_2025-01-21_G21,10109669SOUZAD,2025-01-21,118299,1,16,0,281.0
10109669SOUZAD_2025-01-21_G22,10109669SOUZAD,2025-01-21,118299,1,20,0,93.0
10109669SOUZAD_2025-01-21_G23,10109669SOUZAD,2025-01-21,117808,1,14,0,246.0
10109669SOUZAD_2025-01-21_G24,10109669SOUZAD,2025-01-21,110372,1,2,0,74.0
10109669SOUZAD_2025-01-21_G25,10109669SOUZAD,2025-01-21,117808,1,4,0,128.0
10109669SOUZAD_2025-01-21_G26,10109669SOUZAD,2025-01-21,118222,1,31,0,667.0
10109669SOUZAD_2025-01-21_G27,10109669SOUZAD,2025-01-21,111660,1,10,0,333.0
10109669SOUZAD_2025-01-21_G28,10109669SOUZAD,2025-01-21,110747,1,50,0,290.0
10109669SOUZAD_2025-01-21_G29,10109669SOUZAD,2025-01-21,110747,1,28,0,357.0
10109669SOUZAD_2025-01-21_G30,10109669SOUZAD,2025-01-21,105705,1,138,0,1218.0
10109669SOUZAD_2025-01-21_G31,10109669SOUZAD,2025-01-21,111182,1,41,0,316.0
10109669SOUZAD_2025-01-21_G32,10109669SOUZAD,2025-01-21,108794,1,254,0,974.0
10109669SOUZAD_2025-01-21_G33,10109669SOUZAD,2025-01-21,117821,1,20,0,205.0
10109669SOUZAD_2025-01-21_G34,10109669SOUZAD,2025-01-21,111330,1,8,0,1835.0
10109669SOUZAD_2025-01-21_G35,10109669SOUZAD,2025-01-21,118140,1,20,0,230.0
10109669SOUZAD_2025-01-21_G36,10109669SOUZAD,2025-01-21,111442,1,4,0,103.0
10109669SOUZAD_2025-01-21_G37,10109669SOUZAD,2025-01-21,109641,1,8,0,94.0
10109669SOUZAD_2025-01-21_G38,10109669SOUZAD,2025-01-21,111433,1,8,0,96.0
10109669SOUZAD_2025-01-21_G39,10109669SOUZAD,2025-01-21,118317,2,6,19,66.0
10109669SOUZAD_2025-01-21_G40,10109669SOUZAD,2025-01-21,117831,1,50,0,390.0
10109669SOUZAD_2025-01-21_G41,10109669SOUZAD,2025-01-21,110787,1,30,0,380.0
10109669SOUZAD_2025-01-21_G42,10109669SOUZAD,2025-01-21,117785,1,30,0,924.0
10109669SOUZAD_2025-01-21_G43,10109669SOUZAD,2025-01-21,110745,1,2,0,62.0
10109669SOUZAD_2025-01-21_G44,10109669SOUZAD,2025-01-21,111469,1,6,0,89.0
10109669SOUZAD_2025-01-21_G45,10109669SOUZAD,2025-01-21,111463,1,63,0,255.0
10109669SOUZAD_2025-01-21_G46,10109669SOUZAD,2025-01-21,117838,1,12,0,218.0
10109669SOUZAD_2025-01-21_G48,10109669SOUZAD,2025-01-21,117855,1,8,0,207.0
10109669SOUZAD_2025-01-21_G49,10109669SOUZAD,2025-01-21,111466,1,12,0,130.0
10109669SOUZAD_2025-01-21_G50,10109669SOUZAD,2025-01-21,110374,1,12,0,131.0
10109669SOUZAD_2025-01-21_G51,10109669SOUZAD,2025-01-21,117855,1,3,0,60.0
10109669SOUZAD_2025-01-21_G52,10109669SOUZAD,2025-01-21,111438,1,2,0,60.0
10109669SOUZAD_2025-01-21_G53,10109669SOUZAD,2025-01-21,118004,1,5,0,74.0
10109669SOUZAD_2025-01-21_G54,10109669SOUZAD,2025-01-21,111418,1,11,0,192.0
10109669SOUZAD_2025-01-21_G55,10109669SOUZAD,2025-01-21,110371,1,5,0,99.0
10109669SOUZAD_2025-01-21_G56,10109669SOUZAD,2025-01-21,118416,1,4,0,807.0
10109669SOUZAD_2025-01-21_G57,10109669SOUZAD,2025-01-21,"110895, 117855",2,6,30,461.0
10109669SOUZAD_2025-01-21_G58,10109669SOUZAD,2025-01-21,117855,1,7,0,85.0
10109669SOUZAD_2025-01-21_G59,10109669SOUZAD,2025-01-21,111466,1,6,0,70.0
10109669SOUZAD_2025-01-21_G60,10109669SOUZAD,2025-01-21,111418,1,22,0,611.0
10109669SOUZAD_2025-01-21_G61,10109669SOUZAD,2025-01-21,110374,1,6,0,302.0
10109669SOUZAD_2025-01-21_G62,10109669SOUZAD,2025-01-21,110373,1,7,0,163.0
10109669SOUZAD_2025-01-21_G63,10109669SOUZAD,2025-01-21,110371,1,2,0,80.0
10109669SOUZAD_2025-01-21_G64,10109669SOUZAD,2025-01-21,117855,1,4,0,489.0
10109669SOUZAD_2025-01-21_G65,10109669SOUZAD,2025-01-21,111444,1,4,0,118.0
10109669SOUZAD_2025-01-21_G66,10109669SOUZAD,2025-01-21,118004,1,12,0,234.0
10109669SOUZAD_2025-01-21_G67,10109669SOUZAD,2025-01-21,111462,1,4,0,104.0
10109669SOUZAD_2025-01-21_G68,10109669SOUZAD,2025-01-21,110376,1,4,0,82.0
10109669SOUZAD_2025-01-21_G69,10109669SOUZAD,2025-01-21,111444,1,4,0,311.0
10109669SOUZAD_2025-01-21_G70,10109669SOUZAD,2025-01-21,110895,1,4,0,83.0
10109669SOUZAD_2025-01-21_G71,10109669SOUZAD,2025-01-21,111569,1,3,0,301.0
10109669SOUZAD_2025-01-21_G72,10109669SOUZAD,2025-01-21,108711,1,6,0,375.0
10109669SOUZAD_2025-01-21_G73,10109669SOUZAD,2025-01-21,109747,1,6,0,147.0
10109669SOUZAD_2025-01-21_G74,10109669SOUZAD,2025-01-21,117830,1,40,0,176.0
10109669SOUZAD_2025-01-21_G75,10109669SOUZAD,2025-01-21,109643,1,17,0,182.0
10109669SOUZAD_2025-01-21_G76,10109669SOUZAD,2025-01-21,105705,1,20,0,424.0
10109669SOUZAD_2025-01-22_G02,10109669SOUZAD,2025-01-22,117855,1,2,0,578.0
10109669SOUZAD_2025-01-22_G03,10109669SOUZAD,2025-01-22,118004,1,3,0,115.0
10109669SOUZAD_2025-01-22_G04,10109669SOUZAD,2025-01-22,111466,1,2,0,80.0
10109669SOUZAD_2025-01-22_G05,10109669SOUZAD,2025-01-22,111466,1,3,0,55.0
10109669SOUZAD_2025-01-22_G06,10109669SOUZAD,2025-01-22,111462,1,1,0,112.0
10109669SOUZAD_2025-01-22_G07,10109669SOUZAD,2025-01-22,110374,1,3,0,89.0
10109669SOUZAD_2025-01-22_G08,10109669SOUZAD,2025-01-22,110373,1,2,0,108.0
10109669SOUZAD_2025-01-22_G09,10109669SOUZAD,2025-01-22,118094,1,10,0,183.0
10109669SOUZAD_2025-01-22_G10,10109669SOUZAD,2025-01-22,111441,1,18,0,677.0
10109669SOUZAD_2025-01-22_G11,10109669SOUZAD,2025-01-22,111438,1,10,0,645.0
10109669SOUZAD_2025-01-22_G12,10109669SOUZAD,2025-01-22,111438,1,7,0,89.0
10109669SOUZAD_2025-01-22_G13,10109669SOUZAD,2025-01-22,111569,1,12,0,202.0
10109669SOUZAD_2025-01-22_G14,10109669SOUZAD,2025-01-22,111182,1,3,0,144.0
10109669SOUZAD_2025-01-22_G15,10109669SOUZAD,2025-01-22,111462,1,4,0,125.0
10109669SOUZAD_2025-01-22_G16,10109669SOUZAD,2025-01-22,110374,1,8,0,119.0
10109669SOUZAD_2025-01-22_G17,10109669SOUZAD,2025-01-22,110374,1,10,0,61.0
10109669SOUZAD_2025-01-22_G18,10109669SOUZAD,2025-01-22,110373,1,2,0,89.0
10109669SOUZAD_2025-01-22_G19,10109669SOUZAD,2025-01-22,110895,1,4,0,221.0
10109669SOUZAD_2025-01-22_G20,10109669SOUZAD,2025-01-22,117786,1,19,0,436.0
10109669SOUZAD_2025-01-22_G21,10109669SOUZAD,2025-01-22,111569,1,1,0,1754.0
10109669SOUZAD_2025-01-22_G22,10109669SOUZAD,2025-01-22,111441,1,1,0,1721.0
10109669SOUZAD_2025-01-22_G23,10109669SOUZAD,2025-01-22,111569,1,1,0,66.0
10109669SOUZAD_2025-01-22_G24,10109669SOUZAD,2025-01-22,111430,1,1,0,190.0
10109669SOUZAD_2025-01-22_G25,10109669SOUZAD,2025-01-22,109937,1,1,0,287.0
10109669SOUZAD_2025-01-22_G26,10109669SOUZAD,2025-01-22,110339,1,1,0,74.0
10109669SOUZAD_2025-01-22_G27,10109669SOUZAD,2025-01-22,117853,1,1,0,38.0
10109669SOUZAD_2025-01-22_G28,10109669SOUZAD,2025-01-22,"117855, 109640",2,2,27,65.0
10109669SOUZAD_2025-01-22_G29,10109669SOUZAD,2025-01-22,111530,1,1,0,39.0
10109669SOUZAD_2025-01-22_G30,10109669SOUZAD,2025-01-22,117856,1,1,0,177.0
10109669SOUZAD_2025-01-22_G31,10109669SOUZAD,2025-01-22,111330,1,1,0,147.0
10109669SOUZAD_2025-01-22_G32,10109669SOUZAD,2025-01-22,118004,1,1,0,58.0
10109669SOUZAD_2025-01-22_G33,10109669SOUZAD,2025-01-22,111466,1,5,0,80.0
10109669SOUZAD_2025-01-22_G34,10109669SOUZAD,2025-01-22,111463,1,1,0,42.0
10109669SOUZAD_2025-01-22_G35,10109669SOUZAD,2025-01-22,110787,1,1,0,73.0
10109669SOUZAD_2025-01-22_G36,10109669SOUZAD,2025-01-22,111443,1,1,0,61.0
10109669SOUZAD_2025-01-22_G37,10109669SOUZAD,2025-01-22,111469,1,1,0,157.0
10109669SOUZAD_2025-01-22_G38,10109669SOUZAD,2025-01-22,110374,1,2,0,129.0
10109669SOUZAD_2025-01-22_G39,10109669SOUZAD,2025-01-22,160051,1,1,0,51.0
10109669SOUZAD_2025-01-22_G40,10109669SOUZAD,2025-01-22,110371,1,3,0,77.0
10109669SOUZAD_2025-01-22_G41,10109669SOUZAD,2025-01-22,118222,1,7,0,266.0
10109669SOUZAD_2025-01-22_G42,10109669SOUZAD,2025-01-22,110895,1,1,0,65.0
10109669SOUZAD_2025-01-22_G43,10109669SOUZAD,2025-01-22,111569,1,15,0,211.0
10109669SOUZAD_2025-01-22_G44,10109669SOUZAD,2025-01-22,118306,1,3,0,76.0
10109669SOUZAD_2025-01-22_G45,10109669SOUZAD,2025-01-22,110339,1,8,0,144.0
10109669SOUZAD_2025-01-22_G46,10109669SOUZAD,2025-01-22,118094,1,3,0,72.0
10109669SOUZAD_2025-01-22_G47,10109669SOUZAD,2025-01-22,118004,1,8,0,263.0
10109669SOUZAD_2025-01-22_G48,10109669SOUZAD,2025-01-22,111442,1,8,0,90.0
10109669SOUZAD_2025-01-22_G49,10109669SOUZAD,2025-01-22,117831,1,6,0,104.0
10109669SOUZAD_2025-01-22_G50,10109669SOUZAD,2025-01-22,110787,1,20,0,146.0
10109669SOUZAD_2025-01-22_G51,10109669SOUZAD,2025-01-22,110745,1,2,0,38.0
10109669SOUZAD_2025-01-22_G52,10109669SOUZAD,2025-01-22,108795,1,11,0,204.0
10109669SOUZAD_2025-01-22_G53,10109669SOUZAD,2025-01-22,111469,1,3,0,75.0
10109669SOUZAD_2025-01-22_G54,10109669SOUZAD,2025-01-22,110374,1,20,0,259.0
10109669SOUZAD_2025-01-22_G55,10109669SOUZAD,2025-01-22,117820,1,10,0,396.0
10109669SOUZAD_2025-01-22_G56,10109669SOUZAD,2025-01-22,110373,1,20,0,171.0
10109669SOUZAD_2025-01-22_G57,10109669SOUZAD,2025-01-22,117808,1,50,0,284.0
10109669SOUZAD_2025-01-22_G58,10109669SOUZAD,2025-01-22,117830,1,30,0,212.0
10109669SOUZAD_2025-01-22_G59,10109669SOUZAD,2025-01-22,110372,1,17,0,125.0
10109669SOUZAD_2025-01-22_G60,10109669SOUZAD,2025-01-22,111569,1,1,0,411.0
10109669SOUZAD_2025-01-22_G61,10109669SOUZAD,2025-01-22,118004,2,4,20,121.0
10109669SOUZAD_2025-01-22_G62,10109669SOUZAD,2025-01-22,111466,1,1,0,66.0
10109669SOUZAD_2025-01-22_G63,10109669SOUZAD,2025-01-22,140922,1,2,0,78.0
10109669SOUZAD_2025-01-22_G64,10109669SOUZAD,2025-01-22,111469,1,1,0,65.0
10109669SOUZAD_2025-01-22_G65,10109669SOUZAD,2025-01-22,110371,1,4,0,129.0
10109669SOUZAD_2025-01-22_G66,10109669SOUZAD,2025-01-22,117830,1,1,0,35.0
10109669SOUZAD_2025-01-22_G67,10109669SOUZAD,2025-01-22,109643,1,1,0,71.0
10109669SOUZAD_2025-01-22_G68,10109669SOUZAD,2025-01-22,111438,1,4,0,486.0
10109669SOUZAD_2025-01-22_G70,10109669SOUZAD,2025-01-22,111466,1,6,0,117.0
10109669SOUZAD_2025-01-22_G71,10109669SOUZAD,2025-01-22,117785,1,2,0,141.0
10109669SOUZAD_2025-01-22_G72,10109669SOUZAD,2025-01-22,111462,1,5,0,106.0
10109669SOUZAD_2025-01-22_G73,10109669SOUZAD,2025-01-22,110374,1,5,0,97.0
10109669SOUZAD_2025-01-22_G74,10109669SOUZAD,2025-01-22,110374,1,8,0,84.0
10109669SOUZAD_2025-01-22_G75,10109669SOUZAD,2025-01-22,110371,1,1,0,117.0
10109669SOUZAD_2025-01-22_G76,10109669SOUZAD,2025-01-22,111602,1,8,0,156.0
10109669SOUZAD_2025-01-22_G77,10109669SOUZAD,2025-01-22,140922,1,3,0,48.0
10109669SOUZAD_2025-01-22_G78,10109669SOUZAD,2025-01-22,108711,1,5,0,78.0
10109669SOUZAD_2025-01-22_G79,10109669SOUZAD,2025-01-22,117820,1,2,0,222.0
10109669SOUZAD_2025-01-22_G80,10109669SOUZAD,2025-01-22,117832,1,8,0,135.0
10109669SOUZAD_2025-01-22_G81,10109669SOUZAD,2025-01-22,110313,1,8,0,404.0
10109669SOUZAD_2025-01-22_G82,10109669SOUZAD,2025-01-22,111602,1,10,0,97.0
10109669SOUZAD_2025-01-22_G83,10109669SOUZAD,2025-01-22,140922,1,10,0,115.0
10109669SOUZAD_2025-01-22_G84,10109669SOUZAD,2025-01-22,140922,1,6,0,56.0
10109669SOUZAD_2025-01-22_G85,10109669SOUZAD,2025-01-22,117831,1,4,0,176.0
10109669SOUZAD_2025-01-22_G86,10109669SOUZAD,2025-01-22,117831,1,21,0,377.0
10109669SOUZAD_2025-01-22_G87,10109669SOUZAD,2025-01-22,108711,1,4,0,62.0
10109669SOUZAD_2025-01-22_G88,10109669SOUZAD,2025-01-22,108711,1,4,0,35.0
10109669SOUZAD_2025-01-22_G89,10109669SOUZAD,2025-01-22,117820,1,6,0,128.0
10109669SOUZAD_2025-01-22_G90,10109669SOUZAD,2025-01-22,118094,1,3,0,287.0
10109669SOUZAD_2025-01-22_G91,10109669SOUZAD,2025-01-22,118094,1,3,0,31.0
10109669SOUZAD_2025-01-22_G92,10109669SOUZAD,2025-01-22,110515,1,5,0,1076.0
10109669SOUZAD_2025-01-22_G93,10109669SOUZAD,2025-01-22,110374,1,3,0,88.0
10109669SOUZAD_2025-01-22_G94,10109669SOUZAD,2025-01-22,110373,1,35,0,512.0
10109669SOUZAD_2025-01-22_G95,10109669SOUZAD,2025-01-22,111462,1,5,0,567.0
10109669SOUZAD_2025-01-23_G02,10109669SOUZAD,2025-01-23,110750,1,2,0,343.0
10109669SOUZAD_2025-01-23_G03,10109669SOUZAD,2025-01-23,111468,1,5,0,208.0
10109669SOUZAD_2025-01-23_G04,10109669SOUZAD,2025-01-23,110895,1,1,0,381.0
10109669SOUZAD_2025-01-23_G05,10109669SOUZAD,2025-01-23,118317,1,4,0,111.0
10109669SOUZAD_2025-01-23_G06,10109669SOUZAD,2025-01-23,107236,1,30,0,461.0
10109669SOUZAD_2025-01-23_G07,10109669SOUZAD,2025-01-23,109640,1,6,0,150.0
10109669SOUZAD_2025-01-23_G08,10109669SOUZAD,2025-01-23,118094,1,4,0,169.0
10109669SOUZAD_2025-01-23_G09,10109669SOUZAD,2025-01-23,110534,1,6,0,440.0
10109669SOUZAD_2025-01-23_G10,10109669SOUZAD,2025-01-23,110711,1,3,0,250.0
10109669SOUZAD_2025-01-23_G11,10109669SOUZAD,2025-01-23,117862,1,2,0,36.0
10109669SOUZAD_2025-01-23_G12,10109669SOUZAD,2025-01-23,108795,1,4,0,79.0
10109669SOUZAD_2025-01-23_G13,10109669SOUZAD,2025-01-23,117809,1,8,0,116.0
10109669SOUZAD_2025-01-23_G14,10109669SOUZAD,2025-01-23,118299,1,8,0,77.0
10109669SOUZAD_2025-01-23_G15,10109669SOUZAD,2025-01-23,117830,1,2,0,64.0
10109669SOUZAD_2025-01-23_G16,10109669SOUZAD,2025-01-23,117808,1,5,0,45.0
10109669SOUZAD_2025-01-23_G17,10109669SOUZAD,2025-01-23,110372,1,7,0,44.0
10109669SOUZAD_2025-01-23_G18,10109669SOUZAD,2025-01-23,118317,1,4,0,417.0
10109669SOUZAD_2025-01-23_G19,10109669SOUZAD,2025-01-23,109645,1,3,0,109.0
10109669SOUZAD_2025-01-23_G20,10109669SOUZAD,2025-01-23,111569,1,4,0,103.0
10109669SOUZAD_2025-01-23_G21,10109669SOUZAD,2025-01-23,117820,1,5,0,105.0
10109669SOUZAD_2025-01-23_G22,10109669SOUZAD,2025-01-23,"118299, 110373",2,12,28,106.0
10109669SOUZAD_2025-01-23_G23,10109669SOUZAD,2025-01-23,110372,1,8,0,105.0
10109669SOUZAD_2025-01-23_G24,10109669SOUZAD,2025-01-23,109647,1,1,0,453.0
10109669SOUZAD_2025-01-23_G25,10109669SOUZAD,2025-01-23,110711,1,12,0,143.0
10109669SOUZAD_2025-01-23_G26,10109669SOUZAD,2025-01-23,111468,1,3,0,128.0
10109669SOUZAD_2025-01-23_G27,10109669SOUZAD,2025-01-23,"110745, 108798",2,5,25,139.0
10109669SOUZAD_2025-01-23_G28,10109669SOUZAD,2025-01-23,110129,1,8,0,59.0
10109669SOUZAD_2025-01-23_G29,10109669SOUZAD,2025-01-23,108711,1,4,0,35.0
10109669SOUZAD_2025-01-23_G30,10109669SOUZAD,2025-01-23,117809,1,24,0,205.0
10109669SOUZAD_2025-01-23_G31,10109669SOUZAD,2025-01-23,107830,1,8,0,98.0
10109669SOUZAD_2025-01-23_G32,10109669SOUZAD,2025-01-23,110372,1,13,0,577.0
10109669SOUZAD_2025-01-23_G33,10109669SOUZAD,2025-01-23,110339,1,3,0,318.0
10109669SOUZAD_2025-01-23_G34,10109669SOUZAD,2025-01-23,108798,1,7,0,110.0
10109669SOUZAD_2025-01-23_G35,10109669SOUZAD,2025-01-23,108795,1,4,0,59.0
10109669SOUZAD_2025-01-23_G36,10109669SOUZAD,2025-01-23,109747,1,6,0,145.0
10109669SOUZAD_2025-01-23_G37,10109669SOUZAD,2025-01-23,117809,1,20,0,126.0
10109669SOUZAD_2025-01-23_G38,10109669SOUZAD,2025-01-23,107830,1,4,0,161.0
10109669SOUZAD_2025-01-23_G39,10109669SOUZAD,2025-01-23,110376,1,2,0,49.0
10109669SOUZAD_2025-01-23_G40,10109669SOUZAD,2025-01-23,109747,1,8,0,323.0
10109669SOUZAD_2025-01-23_G41,10109669SOUZAD,2025-01-23,110374,1,225,0,1834.0
10109669SOUZAD_2025-01-23_G42,10109669SOUZAD,2025-01-23,117832,1,18,0,2074.0
10109669SOUZAD_2025-01-23_G43,10109669SOUZAD,2025-01-23,117832,1,2,0,37.0
10109669SOUZAD_2025-01-23_G44,10109669SOUZAD,2025-01-23,117808,1,1540,0,382.0
10109669SOUZAD_2025-01-23_G45,10109669SOUZAD,2025-01-23,117821,1,3,0,191.0
10109669SOUZAD_2025-01-23_G46,10109669SOUZAD,2025-01-23,111466,1,129,0,450.0
10109669SOUZAD_2025-01-23_G47,10109669SOUZAD,2025-01-23,111466,1,46,0,238.0
10109669SOUZAD_2025-01-23_G48,10109669SOUZAD,2025-01-23,111466,1,116,0,369.0
10109669SOUZAD_2025-01-23_G50,10109669SOUZAD,2025-01-23,"111172, 117787",3,20,51,211.0
10109669SOUZAD_2025-01-23_G51,10109669SOUZAD,2025-01-23,111462,1,10,0,99.0
10109669SOUZAD_2025-01-23_G52,10109669SOUZAD,2025-01-23,111462,1,24,0,148.0
10109669SOUZAD_2025-01-23_G53,10109669SOUZAD,2025-01-23,"111466, 111462",3,162,14,679.0
10109669SOUZAD_2025-01-23_G54,10109669SOUZAD,2025-01-23,110755,1,12,0,205.0
10109669SOUZAD_2025-01-23_G55,10109669SOUZAD,2025-01-23,110895,1,20,0,212.0
10109669SOUZAD_2025-01-23_G56,10109669SOUZAD,2025-01-23,111660,1,20,0,230.0
10109669SOUZAD_2025-01-23_G57,10109669SOUZAD,2025-01-23,111660,1,8,0,115.0
10109669SOUZAD_2025-01-23_G58,10109669SOUZAD,2025-01-23,110080,1,1,0,850.0
10109669SOUZAD_2025-01-23_G59,10109669SOUZAD,2025-01-23,118283,1,12,0,136.0
10109669SOUZAD_2025-01-23_G60,10109669SOUZAD,2025-01-23,110750,1,2,0,158.0
10109669SOUZAD_2025-01-23_G62,10109669SOUZAD,2025-01-23,111602,1,332,0,546.0
10109669SOUZAD_2025-01-23_G63,10109669SOUZAD,2025-01-23,118281,1,20,0,1035.0
10109669SOUZAD_2025-01-24_G02,10109669SOUZAD,2025-01-24,118283,1,70,0,420.0
10109669SOUZAD_2025-01-24_G03,10109669SOUZAD,2025-01-24,117786,1,50,0,332.0
10109669SOUZAD_2025-01-24_G04,10109669SOUZAD,2025-01-24,141047,1,20,0,493.0
10109669SOUZAD_2025-01-24_G05,10109669SOUZAD,2025-01-24,117785,1,200,0,424.0
10109669SOUZAD_2025-01-24_G06,10109669SOUZAD,2025-01-24,111463,1,114,0,345.0
10109669SOUZAD_2025-01-24_G07,10109669SOUZAD,2025-01-24,109648,1,4,0,328.0
10109669SOUZAD_2025-01-24_G08,10109669SOUZAD,2025-01-24,118281,1,80,0,61.0
10109669SOUZAD_2025-01-24_G09,10109669SOUZAD,2025-01-24,118299,1,300,0,630.0
10109669SOUZAD_2025-01-24_G10,10109669SOUZAD,2025-01-24,118299,1,300,0,862.0
10109669SOUZAD_2025-01-24_G11,10109669SOUZAD,2025-01-24,117808,1,398,0,692.0
10109669SOUZAD_2025-01-24_G13,10109669SOUZAD,2025-01-24,110373,1,100,0,796.0
10109669SOUZAD_2025-01-24_G14,10109669SOUZAD,2025-01-24,118281,1,10,0,259.0
10109669SOUZAD_2025-01-24_G15,10109669SOUZAD,2025-01-24,118299,1,108,0,216.0
10109669SOUZAD_2025-01-24_G16,10109669SOUZAD,2025-01-24,117808,1,363,0,941.0
10109669SOUZAD_2025-01-24_G17,10109669SOUZAD,2025-01-24,118283,1,60,0,918.0
10109669SOUZAD_2025-01-24_G18,10109669SOUZAD,2025-01-24,118281,1,53,0,260.0
10109669SOUZAD_2025-01-24_G19,10109669SOUZAD,2025-01-24,105705,1,4,0,1094.0
10109669SOUZAD_2025-01-24_G20,10109669SOUZAD,2025-01-24,117820,1,16,0,125.0
10109669SOUZAD_2025-01-24_G21,10109669SOUZAD,2025-01-24,111438,1,12,0,1634.0
10109669SOUZAD_2025-01-24_G22,10109669SOUZAD,2025-01-24,111430,1,6,0,105.0
10109669SOUZAD_2025-01-24_G23,10109669SOUZAD,2025-01-24,118250,1,2,0,103.0
10109669SOUZAD_2025-01-24_G24,10109669SOUZAD,2025-01-24,117862,1,30,0,687.0
10109669SOUZAD_2025-01-24_G25,10109669SOUZAD,2025-01-24,117820,1,8,0,84.0
10109669SOUZAD_2025-01-24_G26,10109669SOUZAD,2025-01-24,111435,1,7,0,119.0
10109669SOUZAD_2025-01-24_G27,10109669SOUZAD,2025-01-24,117821,1,12,0,345.0
10109669SOUZAD_2025-01-24_G28,10109669SOUZAD,2025-01-24,117831,1,12,0,143.0
10109669SOUZAD_2025-01-24_G29,10109669SOUZAD,2025-01-24,111463,1,16,0,174.0
10109669SOUZAD_2025-01-25_G02,10109669SOUZAD,2025-01-25,110895,1,16,0,204.0
10109669SOUZAD_2025-01-25_G04,10109669SOUZAD,2025-01-25,111532,1,1,0,487.0
10109669SOUZAD_2025-01-25_G05,10109669SOUZAD,2025-01-25,118004,1,4,0,84.0
10109669SOUZAD_2025-01-25_G06,10109669SOUZAD,2025-01-25,111466,2,3,16,78.0
10109669SOUZAD_2025-01-25_G07,10109669SOUZAD,2025-01-25,111465,1,4,0,82.0
10109669SOUZAD_2025-01-25_G08,10109669SOUZAD,2025-01-25,111469,1,3,0,69.0
10109669SOUZAD_2025-01-25_G09,10109669SOUZAD,2025-01-25,111462,1,1,0,33.0
10109669SOUZAD_2025-01-25_G10,10109669SOUZAD,2025-01-25,110374,1,3,0,227.0
10109669SOUZAD_2025-01-25_G11,10109669SOUZAD,2025-01-25,110325,1,4,0,121.0
10109669SOUZAD_2025-01-25_G12,10109669SOUZAD,2025-01-25,118299,1,12,0,92.0
10109669SOUZAD_2025-01-25_G13,10109669SOUZAD,2025-01-25,110371,1,3,0,182.0
10109669SOUZAD_2025-01-25_G14,10109669SOUZAD,2025-01-25,117808,1,27,0,626.0
10109669SOUZAD_2025-01-25_G15,10109669SOUZAD,2025-01-25,110515,1,1,0,486.0
10109669SOUZAD_2025-01-25_G16,10109669SOUZAD,2025-01-25,110515,1,10,0,1658.0
10109669SOUZAD_2025-01-25_G17,10109669SOUZAD,2025-01-25,117831,1,4,0,54.0
10109669SOUZAD_2025-01-25_G18,10109669SOUZAD,2025-01-25,117785,1,8,0,72.0
10109669SOUZAD_2025-01-25_G19,10109669SOUZAD,2025-01-25,117833,1,30,0,201.0
10109669SOUZAD_2025-01-25_G20,10109669SOUZAD,2025-01-25,117838,1,1,0,88.0
10109669SOUZAD_2025-01-25_G21,10109669SOUZAD,2025-01-25,117821,1,10,0,92.0
10109669SOUZAD_2025-01-25_G22,10109669SOUZAD,2025-01-25,117935,1,6,0,377.0
10109669SOUZAD_2025-01-25_G23,10109669SOUZAD,2025-01-25,110515,1,2,0,77.0
10109669SOUZAD_2025-01-25_G24,10109669SOUZAD,2025-01-25,111418,1,2,0,41.0
10109669SOUZAD_2025-01-25_G25,10109669SOUZAD,2025-01-25,111465,1,6,0,64.0
10109669SOUZAD_2025-01-25_G26,10109669SOUZAD,2025-01-25,118299,1,10,0,87.0
10109669SOUZAD_2025-01-25_G27,10109669SOUZAD,2025-01-25,110313,1,10,0,472.0
10109669SOUZAD_2025-01-25_G28,10109669SOUZAD,2025-01-25,117935,1,16,0,152.0
10109669SOUZAD_2025-01-25_G29,10109669SOUZAD,2025-01-25,111876,1,4,0,98.0
10109669SOUZAD_2025-01-25_G30,10109669SOUZAD,2025-01-25,110515,1,20,0,262.0
10109669SOUZAD_2025-01-25_G31,10109669SOUZAD,2025-01-25,117862,1,10,0,137.0
10109669SOUZAD_2025-01-28_G02,10109669SOUZAD,2025-01-28,111602,1,1,0,58.0
10109669SOUZAD_2025-01-28_G03,10109669SOUZAD,2025-01-28,140922,1,2,0,251.0
10109669SOUZAD_2025-01-28_G04,10109669SOUZAD,2025-01-28,110371,1,4,0,113.0
10109669SOUZAD_2025-01-28_G05,10109669SOUZAD,2025-01-28,110373,1,1,0,202.0
10109669SOUZAD_2025-01-28_G06,10109669SOUZAD,2025-01-28,111602,1,3,0,505.0
10109669SOUZAD_2025-01-28_G07,10109669SOUZAD,2025-01-28,118004,1,4,0,135.0
10109669SOUZAD_2025-01-28_G08,10109669SOUZAD,2025-01-28,111418,1,8,0,127.0
10109669SOUZAD_2025-01-28_G09,10109669SOUZAD,2025-01-28,140922,1,3,0,132.0
10109669SOUZAD_2025-01-28_G10,10109669SOUZAD,2025-01-28,111469,1,4,0,92.0
10109669SOUZAD_2025-01-28_G11,10109669SOUZAD,2025-01-28,111462,1,2,0,79.0
10109669SOUZAD_2025-01-28_G12,10109669SOUZAD,2025-01-28,110371,1,1,0,112.0
10109669SOUZAD_2025-01-28_G13,10109669SOUZAD,2025-01-28,110325,1,6,0,143.0
10109669SOUZAD_2025-01-28_G14,10109669SOUZAD,2025-01-28,117832,1,4,0,129.0
10109669SOUZAD_2025-01-28_G15,10109669SOUZAD,2025-01-28,118299,1,4,0,45.0
10109669SOUZAD_2025-01-28_G16,10109669SOUZAD,2025-01-28,111602,1,4,0,38.0
10109669SOUZAD_2025-01-28_G17,10109669SOUZAD,2025-01-28,117786,1,4,0,573.0
10109669SOUZAD_2025-01-28_G18,10109669SOUZAD,2025-01-28,110895,1,40,0,891.0
10109669SOUZAD_2025-01-28_G19,10109669SOUZAD,2025-01-28,111441,1,3,0,175.0
10109669SOUZAD_2025-01-28_G20,10109669SOUZAD,2025-01-28,111602,1,80,0,515.0
10109669SOUZAD_2025-01-28_G21,10109669SOUZAD,2025-01-28,117935,1,14,0,537.0
10109669SOUZAD_2025-01-28_G22,10109669SOUZAD,2025-01-28,110515,1,9,0,296.0
10109669SOUZAD_2025-01-28_G23,10109669SOUZAD,2025-01-28,118004,1,39,0,288.0
10109669SOUZAD_2025-01-28_G24,10109669SOUZAD,2025-01-28,118004,1,4,0,137.0
10109669SOUZAD_2025-01-28_G25,10109669SOUZAD,2025-01-28,140922,1,24,0,229.0
10109669SOUZAD_2025-01-28_G26,10109669SOUZAD,2025-01-28,140922,1,4,0,39.0
10109669SOUZAD_2025-01-28_G27,10109669SOUZAD,2025-01-28,111462,1,100,0,367.0
10109669SOUZAD_2025-01-28_G28,10109669SOUZAD,2025-01-28,110373,1,23,0,551.0
10109669SOUZAD_2025-01-28_G29,10109669SOUZAD,2025-01-28,117935,1,50,0,3084.0
10109669SOUZAD_2025-01-28_G30,10109669SOUZAD,2025-01-28,111602,1,110,0,854.0
10109669SOUZAD_2025-01-28_G31,10109669SOUZAD,2025-01-28,111530,1,69,0,417.0
10109669SOUZAD_2025-01-28_G32,10109669SOUZAD,2025-01-28,141047,1,12,0,350.0
10109669SOUZAD_2025-01-28_G33,10109669SOUZAD,2025-01-28,117808,1,200,0,333.0
10109669SOUZAD_2025-01-28_G34,10109669SOUZAD,2025-01-28,109747,1,16,0,176.0
10109669SOUZAD_2025-01-28_G35,10109669SOUZAD,2025-01-28,110325,1,20,0,368.0
10109669SOUZAD_2025-01-28_G36,10109669SOUZAD,2025-01-28,110373,1,173,0,477.0
10109669SOUZAD_2025-01-28_G37,10109669SOUZAD,2025-01-28,117832,1,30,0,301.0
10109669SOUZAD_2025-01-28_G38,10109669SOUZAD,2025-01-28,118299,1,500,0,1199.0
10109669SOUZAD_2025-01-28_G39,10109669SOUZAD,2025-01-28,111743,1,20,0,322.0
10109669SOUZAD_2025-01-28_G41,10109669SOUZAD,2025-01-28,117808,1,10,0,126.0
10109669SOUZAD_2025-01-28_G42,10109669SOUZAD,2025-01-28,117809,1,15,0,302.0
10109669SOUZAD_2025-01-28_G43,10109669SOUZAD,2025-01-28,107830,1,2,0,405.0
10109669SOUZAD_2025-01-28_G44,10109669SOUZAD,2025-01-28,110372,1,50,0,390.0
10109669SOUZAD_2025-01-28_G45,10109669SOUZAD,2025-01-28,118140,1,12,0,460.0
10109669SOUZAD_2025-01-28_G46,10109669SOUZAD,2025-01-28,111465,1,4,0,144.0
10109669SOUZAD_2025-01-28_G47,10109669SOUZAD,2025-01-28,108711,1,5,0,121.0
10109669SOUZAD_2025-01-28_G48,10109669SOUZAD,2025-01-28,111469,1,4,0,122.0
10109669SOUZAD_2025-01-28_G49,10109669SOUZAD,2025-01-28,117830,1,8,0,115.0
10109669SOUZAD_2025-02-06_G02,10109669SOUZAD,2025-02-06,140922,1,8,0,125.0
10109669SOUZAD_2025-02-06_G03,10109669SOUZAD,2025-02-06,111467,1,2,0,83.0
10109669SOUZAD_2025-02-06_G04,10109669SOUZAD,2025-02-06,117808,1,4,0,84.0
10109669SOUZAD_2025-02-06_G06,10109669SOUZAD,2025-02-06,111469,1,78,0,252.0
10109669SOUZAD_2025-02-06_G07,10109669SOUZAD,2025-02-06,111462,1,100,0,819.0
10109669SOUZAD_2025-02-06_G08,10109669SOUZAD,2025-02-06,110372,1,80,0,365.0
10109669SOUZAD_2025-02-06_G09,10109669SOUZAD,2025-02-06,160057,1,30,0,1357.0
10109669SOUZAD_2025-02-06_G10,10109669SOUZAD,2025-02-06,110747,1,8,0,136.0
10109669SOUZAD_2025-02-06_G11,10109669SOUZAD,2025-02-06,109640,1,4,0,112.0
10109669SOUZAD_2025-02-06_G12,10109669SOUZAD,2025-02-06,160051,1,20,0,329.0
10109669SOUZAD_2025-02-06_G13,10109669SOUZAD,2025-02-06,108795,1,4,0,186.0
10109669SOUZAD_2025-02-06_G14,10109669SOUZAD,2025-02-06,118222,1,5,0,244.0
10109669SOUZAD_2025-02-06_G15,10109669SOUZAD,2025-02-06,111530,1,4,0,1098.0
10109669SOUZAD_2025-02-07_G02,10109669SOUZAD,2025-02-07,110373,1,100,0,1306.0
10109669SOUZAD_2025-02-07_G03,10109669SOUZAD,2025-02-07,117809,1,30,0,260.0
10109669SOUZAD_2025-02-07_G04,10109669SOUZAD,2025-02-07,117820,1,60,0,498.0
10109669SOUZAD_2025-02-07_G05,10109669SOUZAD,2025-02-07,109641,1,6,0,130.0
10109669SOUZAD_2025-02-07_G06,10109669SOUZAD,2025-02-07,117855,1,40,0,628.0
10109669SOUZAD_2025-02-07_G07,10109669SOUZAD,2025-02-07,111743,1,3,0,212.0
10109669SOUZAD_2025-02-07_G08,10109669SOUZAD,2025-02-07,108795,1,58,0,355.0
10109669SOUZAD_2025-02-07_G09,10109669SOUZAD,2025-02-07,108795,1,332,0,1299.0
10109669SOUZAD_2025-02-07_G10,10109669SOUZAD,2025-02-07,118094,1,9,0,362.0
10109669SOUZAD_2025-02-07_G11,10109669SOUZAD,2025-02-07,111439,1,9,0,143.0
10109669SOUZAD_2025-02-07_G12,10109669SOUZAD,2025-02-07,117855,1,60,0,149.0
10109669SOUZAD_2025-02-07_G13,10109669SOUZAD,2025-02-07,111439,1,491,0,1703.0
10109669SOUZAD_2025-02-07_G14,10109669SOUZAD,2025-02-07,111462,1,70,0,335.0
10109669SOUZAD_2025-02-07_G15,10109669SOUZAD,2025-02-07,117809,2,486,11,2358.0
10109669SOUZAD_2025-02-08_G02,10109669SOUZAD,2025-02-08,111792,1,1,0,151.0
10109669SOUZAD_2025-02-08_G03,10109669SOUZAD,2025-02-08,110841,1,3,0,212.0
10109669SOUZAD_2025-02-08_G04,10109669SOUZAD,2025-02-08,117834,1,8,0,122.0
10109669SOUZAD_2025-02-08_G05,10109669SOUZAD,2025-02-08,111850,1,20,0,2402.0
10109669SOUZAD_2025-02-08_G06,10109669SOUZAD,2025-02-08,110895,1,12,0,169.0
10109669SOUZAD_2025-02-08_G07,10109669SOUZAD,2025-02-08,111569,1,10,0,700.0
10109669SOUZAD_2025-02-08_G08,10109669SOUZAD,2025-02-08,118306,1,8,0,96.0
10109669SOUZAD_2025-02-08_G09,10109669SOUZAD,2025-02-08,111437,1,5,0,252.0
10109669SOUZAD_2025-02-08_G10,10109669SOUZAD,2025-02-08,111435,1,14,0,526.0
10109669SOUZAD_2025-02-08_G11,10109669SOUZAD,2025-02-08,118004,1,18,0,159.0
10109669SOUZAD_2025-02-08_G12,10109669SOUZAD,2025-02-08,111468,1,110,0,503.0
10109669SOUZAD_2025-02-08_G13,10109669SOUZAD,2025-02-08,111743,1,90,0,213.0
10109669SOUZAD_2025-02-08_G14,10109669SOUZAD,2025-02-08,108798,1,20,0,1321.0
10109669SOUZAD_2025-02-08_G15,10109669SOUZAD,2025-02-08,110748,1,20,0,310.0
10109669SOUZAD_2025-02-08_G16,10109669SOUZAD,2025-02-08,110375,1,60,0,414.0
10109669SOUZAD_2025-02-08_G18,10109669SOUZAD,2025-02-08,111530,1,8,0,158.0
10109669SOUZAD_2025-02-08_G19,10109669SOUZAD,2025-02-08,111530,1,10,0,131.0
10109669SOUZAD_2025-02-08_G20,10109669SOUZAD,2025-02-08,111532,1,18,0,566.0
10109669SOUZAD_2025-02-08_G21,10109669SOUZAD,2025-02-08,110750,1,4,0,280.0
10109669SOUZAD_2025-02-08_G22,10109669SOUZAD,2025-02-08,111467,1,2,0,81.0
10109669SOUZAD_2025-02-08_G23,10109669SOUZAD,2025-02-08,111467,1,4,0,107.0
10109669SOUZAD_2025-02-08_G24,10109669SOUZAD,2025-02-08,111467,1,2,0,326.0
10109669SOUZAD_2025-02-08_G25,10109669SOUZAD,2025-02-08,118094,1,2,0,141.0
10109669SOUZAD_2025-02-08_G26,10109669SOUZAD,2025-02-08,110579,1,1,0,106.0
10109669SOUZAD_2025-02-08_G27,10109669SOUZAD,2025-02-08,110582,1,6,0,113.0
10109669SOUZAD_2025-02-08_G28,10109669SOUZAD,2025-02-08,110311,1,1,0,118.0
10109669SOUZAD_2025-02-08_G29,10109669SOUZAD,2025-02-08,110325,1,4,0,95.0
10109669SOUZAD_2025-02-08_G30,10109669SOUZAD,2025-02-08,111602,1,8,0,486.0
10109669SOUZAD_2025-02-08_G31,10109669SOUZAD,2025-02-08,111650,1,2,0,44.0
10109669SOUZAD_2025-02-08_G32,10109669SOUZAD,2025-02-08,111467,1,4,0,46.0
10109669SOUZAD_2025-02-08_G33,10109669SOUZAD,2025-02-08,160053,1,5,0,151.0
10109669SOUZAD_2025-02-08_G34,10109669SOUZAD,2025-02-08,111467,1,8,0,247.0
10109669SOUZAD_2025-02-08_G35,10109669SOUZAD,2025-02-08,117786,1,3,0,84.0
10109669SOUZAD_2025-02-08_G36,10109669SOUZAD,2025-02-08,110374,1,2,0,89.0
10109669SOUZAD_2025-02-08_G37,10109669SOUZAD,2025-02-08,110895,1,4,0,72.0
10109669SOUZAD_2025-02-08_G38,10109669SOUZAD,2025-02-08,118306,1,4,0,57.0
10109669SOUZAD_2025-02-08_G39,10109669SOUZAD,2025-02-08,110747,1,4,0,195.0
10109669SOUZAD_2025-02-08_G40,10109669SOUZAD,2025-02-08,118299,1,8,0,825.0
10109669SOUZAD_2025-02-08_G41,10109669SOUZAD,2025-02-08,117808,1,20,0,108.0
10109669SOUZAD_2025-02-08_G42,10109669SOUZAD,2025-02-08,110371,1,4,0,102.0
10109669SOUZAD_2025-02-08_G43,10109669SOUZAD,2025-02-08,110372,1,10,0,186.0
10109669SOUZAD_2025-02-08_G44,10109669SOUZAD,2025-02-08,110374,1,4,0,76.0
10109669SOUZAD_2025-02-08_G45,10109669SOUZAD,2025-02-08,110374,1,4,0,55.0
10109669SOUZAD_2025-02-08_G46,10109669SOUZAD,2025-02-08,110375,1,4,0,96.0
10109669SOUZAD_2025-02-08_G47,10109669SOUZAD,2025-02-08,117808,1,2,0,62.0
10109669SOUZAD_2025-02-08_G48,10109669SOUZAD,2025-02-08,117820,1,8,0,133.0
10109669SOUZAD_2025-02-10_G02,10109669SOUZAD,2025-02-10,111602,1,9,0,304.0
10109669SOUZAD_2025-02-10_G03,10109669SOUZAD,2025-02-10,117861,1,110,0,610.0
10109669SOUZAD_2025-02-10_G04,10109669SOUZAD,2025-02-10,110339,1,92,0,337.0
10109669SOUZAD_2025-02-10_G05,10109669SOUZAD,2025-02-10,110339,1,122,0,510.0
10109669SOUZAD_2025-02-10_G06,10109669SOUZAD,2025-02-10,111446,1,53,0,1622.0
10109669SOUZAD_2025-02-10_G07,10109669SOUZAD,2025-02-10,109649,1,9,0,940.0
10109669SOUZAD_2025-02-10_G08,10109669SOUZAD,2025-02-10,111532,1,36,0,476.0
10109669SOUZAD_2025-02-10_G09,10109669SOUZAD,2025-02-10,117833,1,177,0,911.0
10109669SOUZAD_2025-02-10_G11,10109669SOUZAD,2025-02-10,110743,1,30,0,428.0
10109669SOUZAD_2025-02-10_G12,10109669SOUZAD,2025-02-10,110813,1,2,0,824.0
10109669SOUZAD_2025-02-10_G13,10109669SOUZAD,2025-02-10,111436,1,5,0,65.0
10109669SOUZAD_2025-02-10_G14,10109669SOUZAD,2025-02-10,110582,1,4,0,210.0
10109669SOUZAD_2025-02-10_G15,10109669SOUZAD,2025-02-10,117834,1,20,0,199.0
10109669SOUZAD_2025-02-10_G16,10109669SOUZAD,2025-02-10,118283,1,2,0,163.0
10109669SOUZAD_2025-02-10_G17,10109669SOUZAD,2025-02-10,110895,1,38,0,875.0
10109669SOUZAD_2025-02-10_G18,10109669SOUZAD,2025-02-10,114097,1,1,0,147.0
10109669SOUZAD_2025-02-10_G19,10109669SOUZAD,2025-02-10,105359,1,1,0,48.0
10109669SOUZAD_2025-02-10_G20,10109669SOUZAD,2025-02-10,110371,1,300,0,593.0
10109669SOUZAD_2025-02-10_G21,10109669SOUZAD,2025-02-10,117822,1,50,0,999.0
10109669SOUZAD_2025-02-10_G22,10109669SOUZAD,2025-02-10,110373,1,300,0,1176.0
10109669SOUZAD_2025-02-10_G23,10109669SOUZAD,2025-02-10,118299,1,49,0,591.0
10109669SOUZAD_2025-02-11_G02,10109669SOUZAD,2025-02-11,117837,1,5,0,138.0
10109669SOUZAD_2025-02-11_G03,10109669SOUZAD,2025-02-11,117855,1,2,0,78.0
10109669SOUZAD_2025-02-11_G04,10109669SOUZAD,2025-02-11,117837,1,4,0,119.0
10109669SOUZAD_2025-02-11_G05,10109669SOUZAD,2025-02-11,111469,1,4,0,189.0
10109669SOUZAD_2025-02-11_G06,10109669SOUZAD,2025-02-11,117855,1,4,0,273.0
10109669SOUZAD_2025-02-11_G07,10109669SOUZAD,2025-02-11,117837,1,2,0,361.0
10109669SOUZAD_2025-02-11_G08,10109669SOUZAD,2025-02-11,111351,1,1,0,74.0
10109669SOUZAD_2025-02-11_G09,10109669SOUZAD,2025-02-11,109640,1,1,0,78.0
10109669SOUZAD_2025-02-11_G10,10109669SOUZAD,2025-02-11,117855,1,2,0,65.0
10109669SOUZAD_2025-02-11_G11,10109669SOUZAD,2025-02-11,"118094, 110313",2,3,30,65.0
10109669SOUZAD_2025-02-11_G12,10109669SOUZAD,2025-02-11,110515,1,2,0,65.0
10109669SOUZAD_2025-02-11_G13,10109669SOUZAD,2025-02-11,111530,1,3,0,62.0
10109669SOUZAD_2025-02-11_G14,10109669SOUZAD,2025-02-11,110711,1,7,0,503.0
10109669SOUZAD_2025-02-11_G15,10109669SOUZAD,2025-02-11,111466,1,8,0,515.0
10109669SOUZAD_2025-02-11_G16,10109669SOUZAD,2025-02-11,118004,1,3,0,84.0
10109669SOUZAD_2025-02-11_G17,10109669SOUZAD,2025-02-11,140922,1,6,0,64.0
10109669SOUZAD_2025-02-11_G18,10109669SOUZAD,2025-02-11,111468,1,4,0,76.0
10109669SOUZAD_2025-02-11_G19,10109669SOUZAD,2025-02-11,117838,1,4,0,116.0
10109669SOUZAD_2025-02-11_G20,10109669SOUZAD,2025-02-11,117785,1,6,0,118.0
10109669SOUZAD_2025-02-11_G21,10109669SOUZAD,2025-02-11,108798,1,4,0,63.0
10109669SOUZAD_2025-02-11_G22,10109669SOUZAD,2025-02-11,105705,1,2,0,92.0
10109669SOUZAD_2025-02-11_G23,10109669SOUZAD,2025-02-11,117821,1,2,0,49.0
10109669SOUZAD_2025-02-11_G24,10109669SOUZAD,2025-02-11,110372,1,10,0,669.0
10109669SOUZAD_2025-02-11_G25,10109669SOUZAD,2025-02-11,109747,1,2,0,85.0
10109669SOUZAD_2025-02-11_G26,10109669SOUZAD,2025-02-11,107830,1,4,0,80.0
10109669SOUZAD_2025-02-11_G27,10109669SOUZAD,2025-02-11,117809,1,4,0,90.0
10109669SOUZAD_2025-02-11_G28,10109669SOUZAD,2025-02-11,117820,1,4,0,69.0
10109669SOUZAD_2025-02-11_G29,10109669SOUZAD,2025-02-11,111466,1,8,0,377.0
10109669SOUZAD_2025-02-11_G30,10109669SOUZAD,2025-02-11,111532,1,8,0,140.0
10109669SOUZAD_2025-02-11_G31,10109669SOUZAD,2025-02-11,140922,1,4,0,76.0
10109669SOUZAD_2025-02-11_G32,10109669SOUZAD,2025-02-11,111743,1,1,0,129.0
10109669SOUZAD_2025-02-11_G33,10109669SOUZAD,2025-02-11,117838,1,2,0,45.0
10109669SOUZAD_2025-02-11_G34,10109669SOUZAD,2025-02-11,110787,1,2,0,47.0
10109669SOUZAD_2025-02-11_G35,10109669SOUZAD,2025-02-11,117785,1,6,0,211.0
10109669SOUZAD_2025-02-11_G36,10109669SOUZAD,2025-02-11,117787,1,4,0,115.0
10109669SOUZAD_2025-02-11_G37,10109669SOUZAD,2025-02-11,117837,1,2,0,1139.0
10109669SOUZAD_2025-02-11_G38,10109669SOUZAD,2025-02-11,117855,1,2,0,99.0
10109669SOUZAD_2025-02-11_G39,10109669SOUZAD,2025-02-11,110313,1,1,0,63.0
10109669SOUZAD_2025-02-11_G40,10109669SOUZAD,2025-02-11,"110515, 111530",2,5,30,119.0
10109669SOUZAD_2025-02-11_G41,10109669SOUZAD,2025-02-11,110743,1,1,0,121.0
10109669SOUZAD_2025-02-11_G42,10109669SOUZAD,2025-02-11,111532,1,8,0,116.0
10109669SOUZAD_2025-02-11_G43,10109669SOUZAD,2025-02-11,111743,1,2,0,99.0
10109669SOUZAD_2025-02-11_G44,10109669SOUZAD,2025-02-11,110787,1,2,0,46.0
10109669SOUZAD_2025-02-11_G45,10109669SOUZAD,2025-02-11,117785,1,6,0,122.0
10109669SOUZAD_2025-02-11_G46,10109669SOUZAD,2025-02-11,110372,1,10,0,127.0
10109669SOUZAD_2025-02-11_G47,10109669SOUZAD,2025-02-11,110373,1,4,0,44.0
10109669SOUZAD_2025-02-11_G48,10109669SOUZAD,2025-02-11,110325,1,2,0,70.0
10109669SOUZAD_2025-02-11_G49,10109669SOUZAD,2025-02-11,109747,1,2,0,44.0
10109669SOUZAD_2025-02-11_G50,10109669SOUZAD,2025-02-11,107830,1,2,0,179.0
10109669SOUZAD_2025-02-11_G51,10109669SOUZAD,2025-02-11,110375,1,2,0,139.0
10109669SOUZAD_2025-02-11_G52,10109669SOUZAD,2025-02-11,117830,1,6,0,221.0
10109669SOUZAD_2025-02-11_G53,10109669SOUZAD,2025-02-11,117820,1,8,0,332.0
10109669SOUZAD_2025-02-11_G54,10109669SOUZAD,2025-02-11,117855,1,4,0,199.0
10109669SOUZAD_2025-02-11_G55,10109669SOUZAD,2025-02-11,111469,1,16,0,334.0
10109669SOUZAD_2025-02-11_G56,10109669SOUZAD,2025-02-11,117837,1,4,0,492.0
10109669SOUZAD_2025-02-11_G57,10109669SOUZAD,2025-02-11,117855,1,2,0,89.0
10109669SOUZAD_2025-02-11_G58,10109669SOUZAD,2025-02-11,107236,1,4,0,136.0
10109669SOUZAD_2025-02-11_G59,10109669SOUZAD,2025-02-11,140922,1,3,0,58.0
10109669SOUZAD_2025-02-11_G60,10109669SOUZAD,2025-02-11,117785,1,2,0,76.0
10109669SOUZAD_2025-02-11_G61,10109669SOUZAD,2025-02-11,117855,1,4,0,138.0
10109669SOUZAD_2025-02-11_G62,10109669SOUZAD,2025-02-11,111466,1,2,0,108.0
10109669SOUZAD_2025-02-11_G63,10109669SOUZAD,2025-02-11,140922,1,2,0,83.0
10109669SOUZAD_2025-02-11_G64,10109669SOUZAD,2025-02-11,111469,1,3,0,72.0
10109669SOUZAD_2025-02-15_G02,10109669SOUZAD,2025-02-15,117830,1,13,0,447.0
10109669SOUZAD_2025-02-15_G03,10109669SOUZAD,2025-02-15,109747,1,8,0,89.0
10109669SOUZAD_2025-02-15_G04,10109669SOUZAD,2025-02-15,117809,1,17,0,230.0
10109669SOUZAD_2025-02-15_G05,10109669SOUZAD,2025-02-15,118299,1,59,0,488.0
10109669SOUZAD_2025-02-15_G06,10109669SOUZAD,2025-02-15,110373,1,44,0,880.0
10109669SOUZAD_2025-02-15_G07,10109669SOUZAD,2025-02-15,110372,1,23,0,558.0
10109669SOUZAD_2025-02-15_G08,10109669SOUZAD,2025-02-15,110371,1,62,0,825.0
10109669SOUZAD_2025-02-15_G09,10109669SOUZAD,2025-02-15,117840,1,9,0,286.0
10109669SOUZAD_2025-02-15_G10,10109669SOUZAD,2025-02-15,110371,1,50,0,573.0
10109669SOUZAD_2025-02-27_G02,10109669SOUZAD,2025-02-27,140911,1,8,0,296.0
10109669SOUZAD_2025-02-27_G03,10109669SOUZAD,2025-02-27,111532,1,2,0,632.0
10109669SOUZAD_2025-02-27_G04,10109669SOUZAD,2025-02-27,110376,1,6,0,243.0
10109669SOUZAD_2025-02-27_G05,10109669SOUZAD,2025-02-27,118317,2,4,29,432.0
10109669SOUZAD_2025-02-27_G06,10109669SOUZAD,2025-02-27,108794,1,4,0,127.0
10109669SOUZAD_2025-02-27_G07,10109669SOUZAD,2025-02-27,108361,1,4,0,504.0
10109669SOUZAD_2025-02-27_G08,10109669SOUZAD,2025-02-27,118403,1,12,0,707.0
10109669SOUZAD_2025-02-27_G09,10109669SOUZAD,2025-02-27,110711,1,20,0,351.0
10109669SOUZAD_2025-02-27_G10,10109669SOUZAD,2025-02-27,118322,1,2,0,82.0
10109669SOUZAD_2025-02-27_G11,10109669SOUZAD,2025-02-27,118298,1,28,0,262.0
10109669SOUZAD_2025-02-27_G12,10109669SOUZAD,2025-02-27,111468,1,30,0,2287.0
10109669SOUZAD_2025-02-27_G13,10109669SOUZAD,2025-02-27,111418,1,20,0,141.0
10109669SOUZAD_2025-02-27_G14,10109669SOUZAD,2025-02-27,118317,1,19,0,131.0
10109669SOUZAD_2025-02-27_G15,10109669SOUZAD,2025-02-27,117785,1,100,0,249.0
10109669SOUZAD_2025-02-27_G16,10109669SOUZAD,2025-02-27,110129,1,20,0,266.0
10109669SOUZAD_2025-02-27_G17,10109669SOUZAD,2025-02-27,118140,1,10,0,120.0
10109669SOUZAD_2025-02-27_G18,10109669SOUZAD,2025-02-27,108794,1,50,0,541.0
10109669SOUZAD_2025-02-27_G19,10109669SOUZAD,2025-02-27,108794,1,25,0,278.0
10109669SOUZAD_2025-02-27_G20,10109669SOUZAD,2025-02-27,111462,1,20,0,193.0
10109669SOUZAD_2025-02-27_G21,10109669SOUZAD,2025-02-27,110313,1,7,0,294.0
10109669SOUZAD_2025-02-27_G22,10109669SOUZAD,2025-02-27,111532,1,4,0,98.0
10109669SOUZAD_2025-02-27_G23,10109669SOUZAD,2025-02-27,117785,1,4,0,166.0
10109669SOUZAD_2025-02-27_G24,10109669SOUZAD,2025-02-27,108794,1,5,0,101.0
10109669SOUZAD_2025-02-27_G25,10109669SOUZAD,2025-02-27,110371,1,4,0,161.0
10109669SOUZAD_2025-02-27_G26,10109669SOUZAD,2025-02-27,110372,1,8,0,80.0
10109669SOUZAD_2025-02-27_G27,10109669SOUZAD,2025-02-27,118317,1,4,0,147.0
10109669SOUZAD_2025-02-27_G28,10109669SOUZAD,2025-02-27,109640,1,2,0,249.0
10109669SOUZAD_2025-02-27_G29,10109669SOUZAD,2025-02-27,117821,1,4,0,691.0
10109669SOUZAD_2025-02-27_G30,10109669SOUZAD,2025-02-27,110373,1,4,0,126.0
10109669SOUZAD_2025-02-27_G31,10109669SOUZAD,2025-02-27,111463,1,11,0,199.0
10109669SOUZAD_2025-02-27_G33,10109669SOUZAD,2025-02-27,110376,1,4,0,58.0
10109669SOUZAD_2025-02-27_G34,10109669SOUZAD,2025-02-27,117808,1,28,0,213.0
10109669SOUZAD_2025-02-27_G35,10109669SOUZAD,2025-02-27,118299,1,7,0,73.0
10109669SOUZAD_2025-02-27_G36,10109669SOUZAD,2025-02-27,117820,1,2,0,147.0
10109669SOUZAD_2025-02-27_G37,10109669SOUZAD,2025-02-27,117838,1,4,0,201.0
10109669SOUZAD_2025-02-27_G38,10109669SOUZAD,2025-02-27,111602,1,4,0,130.0
10109669SOUZAD_2025-02-27_G39,10109669SOUZAD,2025-02-27,109640,1,14,0,465.0
10109669SOUZAD_2025-02-27_G40,10109669SOUZAD,2025-02-27,141047,1,4,0,137.0
10109669SOUZAD_2025-02-27_G41,10109669SOUZAD,2025-02-27,110371,1,10,0,549.0
10109669SOUZAD_2025-02-27_G42,10109669SOUZAD,2025-02-27,110372,1,3,0,66.0
10109669SOUZAD_2025-02-27_G43,10109669SOUZAD,2025-02-27,117808,1,7,0,259.0
10109669SOUZAD_2025-02-27_G44,10109669SOUZAD,2025-02-27,118299,1,5,0,194.0
10109669SOUZAD_2025-02-27_G45,10109669SOUZAD,2025-02-27,140922,1,4,0,679.0
10109669SOUZAD_2025-02-27_G46,10109669SOUZAD,2025-02-27,105705,1,2,0,109.0
10109669SOUZAD_2025-02-27_G47,10109669SOUZAD,2025-02-27,110376,1,10,0,270.0
10109669SOUZAD_2025-02-27_G48,10109669SOUZAD,2025-02-27,117830,1,2,0,68.0
10109669SOUZAD_2025-02-27_G49,10109669SOUZAD,2025-02-27,160057,1,2,0,765.0
10109669SOUZAD_2025-02-27_G50,10109669SOUZAD,2025-02-27,160050,1,2,0,57.0
10109669SOUZAD_2025-02-27_G51,10109669SOUZAD,2025-02-27,160054,1,3,0,167.0
10109669SOUZAD_2025-02-27_G52,10109669SOUZAD,2025-02-27,160051,1,8,0,122.0
10109669SOUZAD_2025-02-27_G53,10109669SOUZAD,2025-02-27,160053,1,2,0,119.0
10109669SOUZAD_2025-02-27_G54,10109669SOUZAD,2025-02-27,118317,1,42,0,498.0
10109669SOUZAD_2025-02-27_G55,10109669SOUZAD,2025-02-27,108711,1,8,0,84.0
10109669SOUZAD_2025-02-27_G56,10109669SOUZAD,2025-02-27,160055,1,4,0,537.0
10109669SOUZAD_2025-02-27_G57,10109669SOUZAD,2025-02-27,107892,1,4,0,454.0
10109669SOUZAD_2025-02-27_G58,10109669SOUZAD,2025-02-27,107892,1,4,0,34.0
10109669SOUZAD_2025-02-27_G59,10109669SOUZAD,2025-02-27,107892,1,4,0,1558.0
10109669SOUZAD_2025-02-27_G60,10109669SOUZAD,2025-02-27,107892,1,6,0,367.0
10109669SOUZAD_2025-02-27_G61,10109669SOUZAD,2025-02-27,109640,1,6,0,250.0
10109669SOUZAD_2025-02-27_G62,10109669SOUZAD,2025-02-27,160054,1,2,0,100.0
10109669SOUZAD_2025-02-27_G63,10109669SOUZAD,2025-02-27,160053,1,4,0,178.0
10109669SOUZAD_2025-02-27_G64,10109669SOUZAD,2025-02-27,111463,1,2,0,648.0
10109669SOUZAD_2025-02-27_G65,10109669SOUZAD,2025-02-27,105705,1,4,0,157.0
10109669SOUZAD_2025-02-27_G66,10109669SOUZAD,2025-02-27,109647,1,1,0,102.0
10109669SOUZAD_2025-02-27_G67,10109669SOUZAD,2025-02-27,111463,1,4,0,100.0
10109669SOUZAD_2025-02-27_G68,10109669SOUZAD,2025-02-27,108794,1,3,0,90.0
10109669SOUZAD_2025-02-28_G02,10109669SOUZAD,2025-02-28,109937,1,6,0,177.0
10109669SOUZAD_2025-02-28_G03,10109669SOUZAD,2025-02-28,111569,1,36,0,672.0
10109669SOUZAD_2025-02-28_G04,10109669SOUZAD,2025-02-28,111430,1,19,0,44.0
10109669SOUZAD_2025-02-28_G05,10109669SOUZAD,2025-02-28,107236,1,4,0,166.0
10109669SOUZAD_2025-02-28_G06,10109669SOUZAD,2025-02-28,107236,1,4,0,32.0
10109669SOUZAD_2025-02-28_G07,10109669SOUZAD,2025-02-28,140922,1,16,0,140.0
10109669SOUZAD_2025-02-28_G08,10109669SOUZAD,2025-02-28,140922,1,15,0,625.0
10109669SOUZAD_2025-02-28_G09,10109669SOUZAD,2025-02-28,111463,1,105,0,194.0
10109669SOUZAD_2025-02-28_G10,10109669SOUZAD,2025-02-28,118140,1,20,0,319.0
10109669SOUZAD_2025-02-28_G11,10109669SOUZAD,2025-02-28,111433,1,4,0,106.0
10109669SOUZAD_2025-02-28_G12,10109669SOUZAD,2025-02-28,117822,1,8,0,224.0
10109669SOUZAD_2025-02-28_G13,10109669SOUZAD,2025-02-28,111602,1,1,0,1174.0
10109669SOUZAD_2025-02-28_G14,10109669SOUZAD,2025-02-28,109640,1,1,0,67.0
10109669SOUZAD_2025-02-28_G15,10109669SOUZAD,2025-02-28,107629,1,2,0,115.0
10109669SOUZAD_2025-02-28_G16,10109669SOUZAD,2025-02-28,111330,1,4,0,104.0
10109669SOUZAD_2025-02-28_G17,10109669SOUZAD,2025-02-28,"111743, 111418",2,6,29,127.0
10109669SOUZAD_2025-02-28_G18,10109669SOUZAD,2025-02-28,117785,1,4,0,65.0
10109669SOUZAD_2025-02-28_G19,10109669SOUZAD,2025-02-28,111463,1,22,0,122.0
10109669SOUZAD_2025-02-28_G20,10109669SOUZAD,2025-02-28,"111469, 111462",2,3,28,213.0
10109669SOUZAD_2025-02-28_G21,10109669SOUZAD,2025-02-28,111465,1,4,0,48.0
10109669SOUZAD_2025-02-28_G22,10109669SOUZAD,2025-02-28,110372,1,2,0,108.0
10109669SOUZAD_2025-02-28_G23,10109669SOUZAD,2025-02-28,110374,1,2,0,79.0
10109669SOUZAD_2025-02-28_G24,10109669SOUZAD,2025-02-28,109643,1,4,0,104.0
10109669SOUZAD_2025-02-28_G25,10109669SOUZAD,2025-02-28,110373,1,8,0,134.0
10109669SOUZAD_2025-02-28_G26,10109669SOUZAD,2025-02-28,110373,1,8,0,59.0
10109669SOUZAD_2025-02-28_G27,10109669SOUZAD,2025-02-28,110373,1,5,0,42.0
10109669SOUZAD_2025-02-28_G28,10109669SOUZAD,2025-02-28,117820,1,3,0,104.0
10109669SOUZAD_2025-02-28_G29,10109669SOUZAD,2025-02-28,108772,1,9,0,1185.0
10109669SOUZAD_2025-02-28_G30,10109669SOUZAD,2025-02-28,117856,1,20,0,551.0
10109669SOUZAD_2025-02-28_G31,10109669SOUZAD,2025-02-28,110733,1,3,0,108.0
10109669SOUZAD_2025-02-28_G32,10109669SOUZAD,2025-02-28,110733,1,4,0,38.0
10109669SOUZAD_2025-02-28_G33,10109669SOUZAD,2025-02-28,117935,1,28,0,314.0
10109669SOUZAD_2025-02-28_G34,10109669SOUZAD,2025-02-28,117935,1,12,0,101.0
10109669SOUZAD_2025-02-28_G35,10109669SOUZAD,2025-02-28,117935,1,3,0,772.0
10109669SOUZAD_2025-02-28_G36,10109669SOUZAD,2025-02-28,117935,1,4,0,50.0
10109669SOUZAD_2025-02-28_G37,10109669SOUZAD,2025-02-28,117833,1,11,0,114.0
10109669SOUZAD_2025-02-28_G38,10109669SOUZAD,2025-02-28,117833,1,3,0,41.0
10109669SOUZAD_2025-02-28_G39,10109669SOUZAD,2025-02-28,111348,1,8,0,447.0
10109669SOUZAD_2025-02-28_G40,10109669SOUZAD,2025-02-28,118004,1,4,0,98.0
10109669SOUZAD_2025-02-28_G41,10109669SOUZAD,2025-02-28,111172,1,8,0,186.0
10109669SOUZAD_2025-02-28_G42,10109669SOUZAD,2025-02-28,111172,2,8,8,48.0
10109669SOUZAD_2025-02-28_G43,10109669SOUZAD,2025-02-28,108711,1,4,0,84.0
10109669SOUZAD_2025-02-28_G44,10109669SOUZAD,2025-02-28,107892,1,4,0,1240.0
10109669SOUZAD_2025-02-28_G45,10109669SOUZAD,2025-02-28,109937,1,2,0,67.0
10109669SOUZAD_2025-02-28_G46,10109669SOUZAD,2025-02-28,117835,1,4,0,118.0
10109669SOUZAD_2025-02-28_G47,10109669SOUZAD,2025-02-28,105272,1,1,0,57.0
10109669SOUZAD_2025-02-28_G48,10109669SOUZAD,2025-02-28,117856,2,3,23,569.0
10109669SOUZAD_2025-02-28_G49,10109669SOUZAD,2025-02-28,117856,1,4,0,41.0
10109669SOUZAD_2025-02-28_G50,10109669SOUZAD,2025-02-28,110733,1,4,0,211.0
10109669SOUZAD_2025-02-28_G51,10109669SOUZAD,2025-02-28,111602,1,4,0,71.0
10109669SOUZAD_2025-02-28_G52,10109669SOUZAD,2025-02-28,141047,1,2,0,55.0
10109669SOUZAD_2025-02-28_G53,10109669SOUZAD,2025-02-28,117935,1,2,0,50.0
10109669SOUZAD_2025-02-28_G54,10109669SOUZAD,2025-02-28,111530,1,4,0,71.0
10109669SOUZAD_2025-02-28_G55,10109669SOUZAD,2025-02-28,107236,2,4,25,92.0
10109669SOUZAD_2025-02-28_G56,10109669SOUZAD,2025-02-28,118004,1,2,0,52.0
10109669SOUZAD_2025-02-28_G57,10109669SOUZAD,2025-02-28,140922,1,2,0,53.0
10109669SOUZAD_2025-02-28_G58,10109669SOUZAD,2025-02-28,111172,1,4,0,84.0
10109669SOUZAD_2025-02-28_G59,10109669SOUZAD,2025-02-28,111172,1,4,0,38.0
10109669SOUZAD_2025-02-28_G60,10109669SOUZAD,2025-02-28,111172,1,4,0,40.0
10109669SOUZAD_2025-02-28_G62,10109669SOUZAD,2025-02-28,111418,1,2,0,39.0
10109669SOUZAD_2025-02-28_G63,10109669SOUZAD,2025-02-28,110787,1,5,0,120.0
10109669SOUZAD_2025-02-28_G64,10109669SOUZAD,2025-02-28,111463,1,6,0,86.0
10109669SOUZAD_2025-02-28_G65,10109669SOUZAD,2025-02-28,111463,1,4,0,31.0
10109669SOUZAD_2025-02-28_G66,10109669SOUZAD,2025-02-28,110740,1,2,0,82.0
10109669SOUZAD_2025-02-28_G67,10109669SOUZAD,2025-02-28,118140,1,5,0,92.0
10109669SOUZAD_2025-02-28_G68,10109669SOUZAD,2025-02-28,108794,1,4,0,79.0
10109669SOUZAD_2025-02-28_G69,10109669SOUZAD,2025-02-28,111466,1,6,0,69.0
10109669SOUZAD_2025-02-28_G70,10109669SOUZAD,2025-02-28,111469,1,9,0,59.0
10109669SOUZAD_2025-02-28_G71,10109669SOUZAD,2025-02-28,111462,1,2,0,45.0
10109669SOUZAD_2025-02-28_G72,10109669SOUZAD,2025-02-28,111465,1,3,0,47.0
10109669SOUZAD_2025-02-28_G73,10109669SOUZAD,2025-02-28,110325,1,4,0,155.0
10109669SOUZAD_2025-02-28_G74,10109669SOUZAD,2025-02-28,117822,1,2,0,34.0
10109669SOUZAD_2025-02-28_G75,10109669SOUZAD,2025-02-28,110371,1,6,0,763.0
10109669SOUZAD_2025-02-28_G76,10109669SOUZAD,2025-02-28,110372,1,7,0,99.0
10109669SOUZAD_2025-02-28_G77,10109669SOUZAD,2025-02-28,118299,1,3,0,212.0
10109669SOUZAD_2025-02-28_G78,10109669SOUZAD,2025-02-28,110374,2,8,7,73.0
10109669SOUZAD_2025-02-28_G79,10109669SOUZAD,2025-02-28,117840,1,2,0,110.0
10109669SOUZAD_2025-02-28_G80,10109669SOUZAD,2025-02-28,117808,1,2,0,272.0
10109669SOUZAD_2025-02-28_G81,10109669SOUZAD,2025-02-28,109747,1,16,0,173.0
10109669SOUZAD_2025-02-28_G82,10109669SOUZAD,2025-02-28,117820,1,2,0,50.0
10109669SOUZAD_2025-02-28_G83,10109669SOUZAD,2025-02-28,110373,1,24,0,429.0
10109669SOUZAD_2025-03-12_G02,10109669SOUZAD,2025-03-12,108770,1,5,0,103.0
10109669SOUZAD_2025-03-12_G03,10109669SOUZAD,2025-03-12,108770,1,2,0,58.0
10109669SOUZAD_2025-03-12_G04,10109669SOUZAD,2025-03-12,118222,1,64,0,2649.0
10109669SOUZAD_2025-03-12_G05,10109669SOUZAD,2025-03-12,111569,1,4,0,110.0
10109669SOUZAD_2025-03-12_G06,10109669SOUZAD,2025-03-12,111431,1,4,0,259.0
10109669SOUZAD_2025-03-12_G07,10109669SOUZAD,2025-03-12,111466,1,72,0,234.0
10109669SOUZAD_2025-03-12_G08,10109669SOUZAD,2025-03-12,111466,1,4,0,427.0
10109669SOUZAD_2025-03-12_G09,10109669SOUZAD,2025-03-12,140922,1,16,0,444.0
10109669SOUZAD_2025-03-12_G10,10109669SOUZAD,2025-03-12,111763,1,3,0,161.0
10109669SOUZAD_2025-03-12_G11,10109669SOUZAD,2025-03-12,109645,1,47,0,689.0
10109669SOUZAD_2025-03-12_G12,10109669SOUZAD,2025-03-12,105705,1,12,0,474.0
10109669SOUZAD_2025-03-12_G13,10109669SOUZAD,2025-03-12,117809,1,53,0,1158.0
10109669SOUZAD_2025-03-12_G14,10109669SOUZAD,2025-03-12,110325,1,18,0,891.0
10109669SOUZAD_2025-03-12_G15,10109669SOUZAD,2025-03-12,110371,1,3,0,56.0
10109669SOUZAD_2025-03-12_G16,10109669SOUZAD,2025-03-12,117830,1,23,0,345.0
10109669SOUZAD_2025-03-12_G17,10109669SOUZAD,2025-03-12,117832,1,20,0,271.0
10109669SOUZAD_2025-03-12_G18,10109669SOUZAD,2025-03-12,110374,1,6,0,131.0
10109669SOUZAD_2025-03-12_G19,10109669SOUZAD,2025-03-12,110373,1,4,0,117.0
10109669SOUZAD_2025-03-12_G20,10109669SOUZAD,2025-03-12,117820,1,25,0,62.0
10109669SOUZAD_2025-03-12_G21,10109669SOUZAD,2025-03-12,108798,1,1,0,864.0
10109669SOUZAD_2025-03-12_G22,10109669SOUZAD,2025-03-12,108795,1,4,0,924.0
10109669SOUZAD_2025-03-12_G23,10109669SOUZAD,2025-03-12,111348,1,2,0,39.0
10109669SOUZAD_2025-03-12_G24,10109669SOUZAD,2025-03-12,111463,1,2,0,223.0
10109669SOUZAD_2025-03-12_G25,10109669SOUZAD,2025-03-12,117831,1,13,0,274.0
10109669SOUZAD_2025-03-12_G26,10109669SOUZAD,2025-03-12,140922,1,20,0,134.0
10109669SOUZAD_2025-03-12_G27,10109669SOUZAD,2025-03-12,111468,1,7,0,89.0
10109669SOUZAD_2025-03-12_G28,10109669SOUZAD,2025-03-12,117785,1,84,0,232.0
10109669SOUZAD_2025-03-12_G30,10109669SOUZAD,2025-03-12,117786,1,97,0,763.0
10109669SOUZAD_2025-03-12_G31,10109669SOUZAD,2025-03-12,105242,1,10,0,287.0
10109669SOUZAD_2025-03-12_G32,10109669SOUZAD,2025-03-12,110711,1,33,0,188.0
10109669SOUZAD_2025-03-12_G33,10109669SOUZAD,2025-03-12,118140,1,31,0,512.0
10109669SOUZAD_2025-03-12_G34,10109669SOUZAD,2025-03-12,117809,1,23,0,372.0
10109669SOUZAD_2025-03-12_G35,10109669SOUZAD,2025-03-12,117808,1,100,0,172.0
10109669SOUZAD_2025-03-12_G36,10109669SOUZAD,2025-03-12,110372,1,2,0,177.0
10109669SOUZAD_2025-03-12_G37,10109669SOUZAD,2025-03-12,110372,1,2,0,31.0
10109669SOUZAD_2025-03-12_G38,10109669SOUZAD,2025-03-12,118299,1,2,0,359.0
10109669SOUZAD_2025-03-12_G39,10109669SOUZAD,2025-03-12,118299,1,604,0,578.0
10109669SOUZAD_2025-03-12_G40,10109669SOUZAD,2025-03-12,117809,1,4,0,2234.0
10109669SOUZAD_2025-03-12_G41,10109669SOUZAD,2025-03-12,110325,1,3,0,107.0
10109669SOUZAD_2025-03-12_G42,10109669SOUZAD,2025-03-12,117808,1,28,0,340.0
10109669SOUZAD_2025-03-12_G43,10109669SOUZAD,2025-03-12,110376,1,2,0,115.0
10109669SOUZAD_2025-03-12_G44,10109669SOUZAD,2025-03-12,110372,1,15,0,141.0
10109669SOUZAD_2025-03-12_G45,10109669SOUZAD,2025-03-12,118299,1,28,0,207.0
10109669SOUZAD_2025-03-12_G46,10109669SOUZAD,2025-03-12,110373,1,4,0,139.0
10109669SOUZAD_2025-03-12_G47,10109669SOUZAD,2025-03-12,117820,1,4,0,113.0
10109669SOUZAD_2025-03-12_G48,10109669SOUZAD,2025-03-12,111602,1,2,0,397.0
10109669SOUZAD_2025-03-12_G49,10109669SOUZAD,2025-03-12,118140,1,4,0,73.0
10109669SOUZAD_2025-03-12_G50,10109669SOUZAD,2025-03-12,108711,1,4,0,127.0
10109669SOUZAD_2025-03-12_G51,10109669SOUZAD,2025-03-12,117820,1,4,0,308.0
10109669SOUZAD_2025-03-12_G52,10109669SOUZAD,2025-03-12,111431,1,2,0,423.0
10109669SOUZAD_2025-03-12_G53,10109669SOUZAD,2025-03-12,111466,1,10,0,151.0
10109669SOUZAD_2025-03-12_G54,10109669SOUZAD,2025-03-12,111435,1,6,0,85.0
10109669SOUZAD_2025-03-12_G55,10109669SOUZAD,2025-03-12,117833,1,3,0,111.0
10109669SOUZAD_2025-03-12_G56,10109669SOUZAD,2025-03-12,117785,1,4,0,59.0
10109669SOUZAD_2025-03-12_G57,10109669SOUZAD,2025-03-12,118140,1,2,0,42.0
10109669SOUZAD_2025-03-12_G58,10109669SOUZAD,2025-03-12,117838,1,4,0,157.0
10109669SOUZAD_2025-03-12_G59,10109669SOUZAD,2025-03-12,"111442, 108711",2,9,6,68.0
10109669SOUZAD_2025-03-12_G60,10109669SOUZAD,2025-03-12,109645,1,2,0,97.0
10109669SOUZAD_2025-03-12_G61,10109669SOUZAD,2025-03-12,105705,1,6,0,110.0
10109669SOUZAD_2025-03-12_G62,10109669SOUZAD,2025-03-12,117821,1,5,0,82.0
10109669SOUZAD_2025-03-12_G63,10109669SOUZAD,2025-03-12,111462,1,10,0,254.0
10109669SOUZAD_2025-03-12_G64,10109669SOUZAD,2025-03-12,111442,1,2,0,229.0
10109669SOUZAD_2025-03-12_G65,10109669SOUZAD,2025-03-12,111850,1,2,0,208.0
10109669SOUZAD_2025-03-12_G66,10109669SOUZAD,2025-03-12,117821,1,2,0,314.0
10109669SOUZAD_2025-03-12_G67,10109669SOUZAD,2025-03-12,108711,1,4,0,184.0
10109669SOUZAD_2025-03-12_G68,10109669SOUZAD,2025-03-12,110371,1,8,0,204.0
10109669SOUZAD_2025-03-12_G69,10109669SOUZAD,2025-03-12,111463,1,10,0,255.0
10109669SOUZAD_2025-03-12_G70,10109669SOUZAD,2025-03-12,111466,1,6,0,197.0
10109669SOUZAD_2025-03-12_G71,10109669SOUZAD,2025-03-12,118140,1,4,0,106.0
10109693ARAUJOL_2025-01-04_G02,10109693ARAUJOL,2025-01-04,123911,1,56,0,1280.0
10109693ARAUJOL_2025-01-04_G03,10109693ARAUJOL,2025-01-04,181907,1,1,0,297.0
10109693ARAUJOL_2025-01-08_G02,10109693ARAUJOL,2025-01-08,116241,1,8,0,300.0
10109693ARAUJOL_2025-01-08_G03,10109693ARAUJOL,2025-01-08,109645,1,10,0,255.0
10109693ARAUJOL_2025-01-08_G04,10109693ARAUJOL,2025-01-08,111463,1,20,0,521.0
10109693ARAUJOL_2025-01-08_G05,10109693ARAUJOL,2025-01-08,111466,1,20,0,700.0
10109693ARAUJOL_2025-01-08_G06,10109693ARAUJOL,2025-01-08,111462,1,20,0,535.0
10109693ARAUJOL_2025-01-08_G07,10109693ARAUJOL,2025-01-08,110374,1,10,0,179.0
10109693ARAUJOL_2025-01-08_G08,10109693ARAUJOL,2025-01-08,117832,1,20,0,437.0
10109693ARAUJOL_2025-01-08_G09,10109693ARAUJOL,2025-01-08,110373,1,30,0,243.0
10109693ARAUJOL_2025-01-09_G02,10109693ARAUJOL,2025-01-09,110752,1,12,0,156.0
10109693ARAUJOL_2025-01-09_G03,10109693ARAUJOL,2025-01-09,111463,1,20,0,933.0
10109693ARAUJOL_2025-01-09_G04,10109693ARAUJOL,2025-01-09,111442,1,12,0,219.0
10109693ARAUJOL_2025-01-09_G05,10109693ARAUJOL,2025-01-09,111441,1,12,0,344.0
10109693ARAUJOL_2025-01-09_G06,10109693ARAUJOL,2025-01-09,116527,1,8,0,811.0
10109693ARAUJOL_2025-01-09_G07,10109693ARAUJOL,2025-01-09,117853,1,4,0,327.0
10109693ARAUJOL_2025-01-09_G08,10109693ARAUJOL,2025-01-09,111530,1,10,0,631.0
10109693ARAUJOL_2025-01-09_G09,10109693ARAUJOL,2025-01-09,110752,1,6,0,195.0
10109693ARAUJOL_2025-01-09_G10,10109693ARAUJOL,2025-01-09,110711,1,7,0,284.0
10109693ARAUJOL_2025-01-09_G11,10109693ARAUJOL,2025-01-09,117862,1,20,0,185.0
10109693ARAUJOL_2025-01-09_G12,10109693ARAUJOL,2025-01-09,111530,1,10,0,54.0
10109693ARAUJOL_2025-01-09_G13,10109693ARAUJOL,2025-01-09,110740,1,8,0,387.0
10109693ARAUJOL_2025-01-09_G14,10109693ARAUJOL,2025-01-09,111433,1,12,0,265.0
10109693ARAUJOL_2025-01-09_G15,10109693ARAUJOL,2025-01-09,116241,1,8,0,618.0
10109693ARAUJOL_2025-01-09_G16,10109693ARAUJOL,2025-01-09,108711,1,10,0,231.0
10109693ARAUJOL_2025-01-09_G17,10109693ARAUJOL,2025-01-09,109645,1,8,0,145.0
10109693ARAUJOL_2025-01-09_G18,10109693ARAUJOL,2025-01-09,111465,1,8,0,93.0
10109693ARAUJOL_2025-01-09_G19,10109693ARAUJOL,2025-01-09,111463,1,20,0,508.0
10109693ARAUJOL_2025-01-09_G20,10109693ARAUJOL,2025-01-09,111466,1,20,0,190.0
10109693ARAUJOL_2025-01-09_G21,10109693ARAUJOL,2025-01-09,111172,1,5,0,116.0
10109693ARAUJOL_2025-01-09_G22,10109693ARAUJOL,2025-01-09,117838,1,6,0,70.0
10109693ARAUJOL_2025-01-09_G24,10109693ARAUJOL,2025-01-09,110374,1,10,0,201.0
10109693ARAUJOL_2025-01-09_G25,10109693ARAUJOL,2025-01-09,117820,1,4,0,122.0
10109693ARAUJOL_2025-01-09_G26,10109693ARAUJOL,2025-01-09,117820,1,20,0,134.0
10109693ARAUJOL_2025-01-09_G27,10109693ARAUJOL,2025-01-09,117809,1,14,0,1402.0
10109693ARAUJOL_2025-01-09_G28,10109693ARAUJOL,2025-01-09,117822,1,10,0,120.0
10109693ARAUJOL_2025-01-09_G29,10109693ARAUJOL,2025-01-09,117832,1,10,0,205.0
10109693ARAUJOL_2025-01-09_G30,10109693ARAUJOL,2025-01-09,110371,1,20,0,171.0
10109693ARAUJOL_2025-01-09_G31,10109693ARAUJOL,2025-01-09,117830,1,20,0,159.0
10109693ARAUJOL_2025-01-09_G32,10109693ARAUJOL,2025-01-09,117820,1,10,0,371.0
10109693ARAUJOL_2025-01-09_G33,10109693ARAUJOL,2025-01-09,111530,1,20,0,501.0
10109693ARAUJOL_2025-01-09_G34,10109693ARAUJOL,2025-01-09,111439,1,2,0,234.0
10109693ARAUJOL_2025-01-09_G35,10109693ARAUJOL,2025-01-09,110752,1,3,0,117.0
10109693ARAUJOL_2025-01-09_G36,10109693ARAUJOL,2025-01-09,109640,1,5,0,91.0
10109693ARAUJOL_2025-01-09_G37,10109693ARAUJOL,2025-01-09,117786,1,6,0,505.0
10109693ARAUJOL_2025-01-09_G38,10109693ARAUJOL,2025-01-09,110515,1,30,0,273.0
10109693ARAUJOL_2025-01-09_G39,10109693ARAUJOL,2025-01-09,111443,1,10,0,174.0
10109693ARAUJOL_2025-01-09_G40,10109693ARAUJOL,2025-01-09,116241,1,4,0,160.0
10109693ARAUJOL_2025-01-09_G41,10109693ARAUJOL,2025-01-09,111743,1,4,0,135.0
10109693ARAUJOL_2025-01-09_G42,10109693ARAUJOL,2025-01-09,111463,1,20,0,291.0
10109693ARAUJOL_2025-01-09_G43,10109693ARAUJOL,2025-01-09,111466,1,42,0,818.0
10109693ARAUJOL_2025-01-09_G44,10109693ARAUJOL,2025-01-09,111172,1,4,0,473.0
10109693ARAUJOL_2025-01-09_G45,10109693ARAUJOL,2025-01-09,110374,1,68,0,723.0
10109693ARAUJOL_2025-01-09_G46,10109693ARAUJOL,2025-01-09,117820,1,50,0,388.0
10109693ARAUJOL_2025-01-09_G47,10109693ARAUJOL,2025-01-09,117809,1,5,0,357.0
10109693ARAUJOL_2025-01-09_G48,10109693ARAUJOL,2025-01-09,117832,1,60,0,1144.0
10109693ARAUJOL_2025-01-09_G50,10109693ARAUJOL,2025-01-09,110515,1,1,0,175.0
10109693ARAUJOL_2025-01-09_G51,10109693ARAUJOL,2025-01-09,108772,1,4,0,182.0
10109693ARAUJOL_2025-01-09_G52,10109693ARAUJOL,2025-01-09,108711,1,5,0,116.0
10109693ARAUJOL_2025-01-09_G53,10109693ARAUJOL,2025-01-09,118306,1,6,0,413.0
10109693ARAUJOL_2025-01-09_G54,10109693ARAUJOL,2025-01-09,118403,1,8,0,159.0
10109693ARAUJOL_2025-01-09_G55,10109693ARAUJOL,2025-01-09,111530,1,20,0,639.0
10109693ARAUJOL_2025-01-09_G56,10109693ARAUJOL,2025-01-09,111602,1,30,0,757.0
10109693ARAUJOL_2025-01-09_G57,10109693ARAUJOL,2025-01-09,108772,1,1,0,158.0
10109693ARAUJOL_2025-01-09_G58,10109693ARAUJOL,2025-01-09,110339,1,3,0,125.0
10109693ARAUJOL_2025-01-09_G59,10109693ARAUJOL,2025-01-09,117821,1,12,0,215.0
10109693ARAUJOL_2025-01-09_G60,10109693ARAUJOL,2025-01-09,111468,1,12,0,196.0
10109693ARAUJOL_2025-01-09_G61,10109693ARAUJOL,2025-01-09,117831,1,12,0,224.0
10109693ARAUJOL_2025-01-09_G62,10109693ARAUJOL,2025-01-09,111418,1,12,0,128.0
10109693ARAUJOL_2025-01-10_G02,10109693ARAUJOL,2025-01-10,117833,1,8,0,468.0
10109693ARAUJOL_2025-01-10_G03,10109693ARAUJOL,2025-01-10,117787,1,11,0,130.0
10109693ARAUJOL_2025-01-10_G04,10109693ARAUJOL,2025-01-10,110743,1,12,0,236.0
10109693ARAUJOL_2025-01-10_G05,10109693ARAUJOL,2025-01-10,117832,1,12,0,209.0
10109693ARAUJOL_2025-01-10_G06,10109693ARAUJOL,2025-01-10,140922,1,8,0,188.0
10109693ARAUJOL_2025-01-10_G07,10109693ARAUJOL,2025-01-10,140922,1,2,0,1074.0
10109693ARAUJOL_2025-01-10_G08,10109693ARAUJOL,2025-01-10,140922,1,4,0,158.0
10109693ARAUJOL_2025-01-10_G09,10109693ARAUJOL,2025-01-10,110733,1,4,0,474.0
10109693ARAUJOL_2025-01-10_G10,10109693ARAUJOL,2025-01-10,110740,1,8,0,542.0
10109693ARAUJOL_2025-01-10_G11,10109693ARAUJOL,2025-01-10,140922,1,16,0,245.0
10109693ARAUJOL_2025-01-10_G12,10109693ARAUJOL,2025-01-10,111650,1,2,0,272.0
10109693ARAUJOL_2025-01-10_G13,10109693ARAUJOL,2025-01-10,117856,1,4,0,119.0
10109693ARAUJOL_2025-01-10_G14,10109693ARAUJOL,2025-01-10,110515,1,4,0,140.0
10109693ARAUJOL_2025-01-10_G15,10109693ARAUJOL,2025-01-10,108794,1,5,0,135.0
10109693ARAUJOL_2025-01-10_G16,10109693ARAUJOL,2025-01-10,110740,1,2,0,132.0
10109693ARAUJOL_2025-01-10_G17,10109693ARAUJOL,2025-01-10,111468,1,2,0,110.0
10109693ARAUJOL_2025-01-10_G18,10109693ARAUJOL,2025-01-10,110787,1,4,0,84.0
10109693ARAUJOL_2025-01-10_G19,10109693ARAUJOL,2025-01-10,117831,1,1,0,112.0
10109693ARAUJOL_2025-01-10_G20,10109693ARAUJOL,2025-01-10,111418,1,6,0,80.0
10109693ARAUJOL_2025-01-10_G21,10109693ARAUJOL,2025-01-10,108795,1,2,0,103.0
10109693ARAUJOL_2025-01-10_G22,10109693ARAUJOL,2025-01-10,140922,1,4,0,121.0
10109693ARAUJOL_2025-01-10_G23,10109693ARAUJOL,2025-01-10,111465,1,1,0,196.0
10109693ARAUJOL_2025-01-10_G24,10109693ARAUJOL,2025-01-10,111463,1,12,0,602.0
10109693ARAUJOL_2025-01-10_G25,10109693ARAUJOL,2025-01-10,110376,1,2,0,175.0
10109693ARAUJOL_2025-01-10_G26,10109693ARAUJOL,2025-01-10,117808,1,6,0,675.0
10109693ARAUJOL_2025-01-10_G28,10109693ARAUJOL,2025-01-10,107830,1,2,0,151.0
10109693ARAUJOL_2025-01-10_G29,10109693ARAUJOL,2025-01-10,117832,1,1,0,254.0
10109693ARAUJOL_2025-01-10_G30,10109693ARAUJOL,2025-01-10,110375,1,2,0,43.0
10109693ARAUJOL_2025-01-10_G31,10109693ARAUJOL,2025-01-10,110371,1,2,0,72.0
10109693ARAUJOL_2025-01-10_G32,10109693ARAUJOL,2025-01-10,111650,1,2,0,222.0
10109693ARAUJOL_2025-01-10_G33,10109693ARAUJOL,2025-01-10,118094,1,4,0,133.0
10109693ARAUJOL_2025-01-10_G34,10109693ARAUJOL,2025-01-10,111468,1,2,0,140.0
10109693ARAUJOL_2025-01-10_G35,10109693ARAUJOL,2025-01-10,110787,1,4,0,142.0
10109693ARAUJOL_2025-01-10_G36,10109693ARAUJOL,2025-01-10,117831,1,4,0,104.0
10109693ARAUJOL_2025-01-10_G37,10109693ARAUJOL,2025-01-10,111418,1,6,0,122.0
10109693ARAUJOL_2025-01-10_G38,10109693ARAUJOL,2025-01-10,108795,1,2,0,77.0
10109693ARAUJOL_2025-01-10_G39,10109693ARAUJOL,2025-01-10,140922,1,4,0,706.0
10109693ARAUJOL_2025-01-10_G40,10109693ARAUJOL,2025-01-10,105705,1,1,0,99.0
10109693ARAUJOL_2025-01-10_G41,10109693ARAUJOL,2025-01-10,108711,1,3,0,105.0
10109693ARAUJOL_2025-01-10_G42,10109693ARAUJOL,2025-01-10,111743,1,1,0,62.0
10109693ARAUJOL_2025-01-10_G43,10109693ARAUJOL,2025-01-10,111465,1,2,0,50.0
10109693ARAUJOL_2025-01-10_G44,10109693ARAUJOL,2025-01-10,109643,1,4,0,238.0
10109693ARAUJOL_2025-01-10_G45,10109693ARAUJOL,2025-01-10,117809,1,8,0,211.0
10109693ARAUJOL_2025-01-10_G46,10109693ARAUJOL,2025-01-10,118299,1,8,0,526.0
10109693ARAUJOL_2025-01-10_G47,10109693ARAUJOL,2025-01-10,117832,1,1,0,83.0
10109693ARAUJOL_2025-01-10_G48,10109693ARAUJOL,2025-01-10,110375,1,4,0,57.0
10109693ARAUJOL_2025-01-10_G49,10109693ARAUJOL,2025-01-10,110371,1,2,0,33.0
10109693ARAUJOL_2025-01-10_G50,10109693ARAUJOL,2025-01-10,117830,1,1,0,37.0
10109693ARAUJOL_2025-01-10_G51,10109693ARAUJOL,2025-01-10,111530,1,4,0,271.0
10109693ARAUJOL_2025-01-10_G52,10109693ARAUJOL,2025-01-10,118094,1,4,0,159.0
10109693ARAUJOL_2025-01-10_G53,10109693ARAUJOL,2025-01-10,108772,1,2,0,95.0
10109693ARAUJOL_2025-01-10_G54,10109693ARAUJOL,2025-01-10,108794,1,4,0,159.0
10109693ARAUJOL_2025-01-10_G55,10109693ARAUJOL,2025-01-10,110787,1,2,0,117.0
10109693ARAUJOL_2025-01-10_G56,10109693ARAUJOL,2025-01-10,117831,1,2,0,348.0
10109693ARAUJOL_2025-01-10_G57,10109693ARAUJOL,2025-01-10,111418,1,6,0,78.0
10109693ARAUJOL_2025-01-10_G58,10109693ARAUJOL,2025-01-10,108795,1,2,0,100.0
10109693ARAUJOL_2025-01-10_G59,10109693ARAUJOL,2025-01-10,117787,1,2,0,70.0
10109693ARAUJOL_2025-01-10_G60,10109693ARAUJOL,2025-01-10,108711,1,4,0,78.0
10109693ARAUJOL_2025-01-10_G61,10109693ARAUJOL,2025-01-10,111465,1,3,0,60.0
10109693ARAUJOL_2025-01-10_G62,10109693ARAUJOL,2025-01-10,111462,1,1,0,82.0
10109693ARAUJOL_2025-01-10_G63,10109693ARAUJOL,2025-01-10,110743,1,1,0,76.0
10109693ARAUJOL_2025-01-10_G64,10109693ARAUJOL,2025-01-10,117808,1,6,0,183.0
10109693ARAUJOL_2025-01-10_G65,10109693ARAUJOL,2025-01-10,117820,1,6,0,735.0
10109693ARAUJOL_2025-01-10_G66,10109693ARAUJOL,2025-01-10,117809,1,8,0,112.0
10109693ARAUJOL_2025-01-10_G67,10109693ARAUJOL,2025-01-10,107830,1,2,0,57.0
10109693ARAUJOL_2025-01-10_G68,10109693ARAUJOL,2025-01-10,118299,1,8,0,84.0
10109693ARAUJOL_2025-01-10_G69,10109693ARAUJOL,2025-01-10,117830,1,4,0,67.0
10109693ARAUJOL_2025-01-10_G70,10109693ARAUJOL,2025-01-10,110515,1,2,0,157.0
10109693ARAUJOL_2025-01-10_G71,10109693ARAUJOL,2025-01-10,108772,1,2,0,81.0
10109693ARAUJOL_2025-01-10_G72,10109693ARAUJOL,2025-01-10,110711,1,1,0,103.0
10109693ARAUJOL_2025-01-10_G73,10109693ARAUJOL,2025-01-10,117821,1,1,0,99.0
10109693ARAUJOL_2025-01-10_G74,10109693ARAUJOL,2025-01-10,111468,1,2,0,128.0
10109693ARAUJOL_2025-01-10_G75,10109693ARAUJOL,2025-01-10,110787,1,2,0,89.0
10109693ARAUJOL_2025-01-10_G76,10109693ARAUJOL,2025-01-10,117831,1,1,0,64.0
10109693ARAUJOL_2025-01-10_G77,10109693ARAUJOL,2025-01-10,111418,1,6,0,95.0
10109693ARAUJOL_2025-01-10_G78,10109693ARAUJOL,2025-01-10,117833,1,2,0,84.0
10109693ARAUJOL_2025-01-10_G79,10109693ARAUJOL,2025-01-10,111465,1,2,0,90.0
10109693ARAUJOL_2025-01-10_G80,10109693ARAUJOL,2025-01-10,117808,1,6,0,157.0
10109693ARAUJOL_2025-01-10_G81,10109693ARAUJOL,2025-01-10,118299,1,8,0,225.0
10109693ARAUJOL_2025-01-10_G82,10109693ARAUJOL,2025-01-10,"117832, 117830",2,8,25,89.0
10109693ARAUJOL_2025-01-10_G84,10109693ARAUJOL,2025-01-10,110313,1,10,0,1404.0
10109693ARAUJOL_2025-01-10_G85,10109693ARAUJOL,2025-01-10,111602,1,8,0,361.0
10109693ARAUJOL_2025-01-10_G86,10109693ARAUJOL,2025-01-10,118298,1,8,0,249.0
10109693ARAUJOL_2025-01-10_G87,10109693ARAUJOL,2025-01-10,118094,1,8,0,171.0
10109693ARAUJOL_2025-01-10_G88,10109693ARAUJOL,2025-01-10,110515,1,12,0,36.0
10109693ARAUJOL_2025-01-10_G89,10109693ARAUJOL,2025-01-10,109640,1,16,0,1214.0
10109693ARAUJOL_2025-01-11_G02,10109693ARAUJOL,2025-01-11,111441,1,3,0,1043.0
10109693ARAUJOL_2025-01-11_G03,10109693ARAUJOL,2025-01-11,110755,1,4,0,120.0
10109693ARAUJOL_2025-01-11_G04,10109693ARAUJOL,2025-01-11,110755,1,4,0,50.0
10109693ARAUJOL_2025-01-11_G05,10109693ARAUJOL,2025-01-11,109747,1,2,0,94.0
10109693ARAUJOL_2025-01-11_G06,10109693ARAUJOL,2025-01-11,117808,1,10,0,151.0
10109693ARAUJOL_2025-01-11_G07,10109693ARAUJOL,2025-01-11,118317,1,6,0,174.0
10109693ARAUJOL_2025-01-11_G08,10109693ARAUJOL,2025-01-11,118140,1,11,0,923.0
10109693ARAUJOL_2025-01-11_G09,10109693ARAUJOL,2025-01-11,117831,1,8,0,113.0
10109693ARAUJOL_2025-01-11_G10,10109693ARAUJOL,2025-01-11,111418,1,3,0,63.0
10109693ARAUJOL_2025-01-11_G11,10109693ARAUJOL,2025-01-11,108711,1,6,0,163.0
10109693ARAUJOL_2025-01-11_G12,10109693ARAUJOL,2025-01-11,111462,1,6,0,127.0
10109693ARAUJOL_2025-01-11_G13,10109693ARAUJOL,2025-01-11,111462,1,9,0,71.0
10109693ARAUJOL_2025-01-11_G14,10109693ARAUJOL,2025-01-11,123345,1,3,0,2403.0
10109693ARAUJOL_2025-01-11_G15,10109693ARAUJOL,2025-01-11,121923,1,32,0,1200.0
10109693ARAUJOL_2025-01-11_G17,10109693ARAUJOL,2025-01-11,120008,1,50,0,1432.0
10109693ARAUJOL_2025-01-11_G18,10109693ARAUJOL,2025-01-11,120008,1,50,0,1666.0
10109693ARAUJOL_2025-01-11_G19,10109693ARAUJOL,2025-01-11,123344,1,12,0,1795.0
10109693ARAUJOL_2025-01-11_G20,10109693ARAUJOL,2025-01-11,122962,1,8,0,244.0
10109693ARAUJOL_2025-01-11_G21,10109693ARAUJOL,2025-01-11,124371,1,52,0,1219.0
10109693ARAUJOL_2025-01-11_G22,10109693ARAUJOL,2025-01-11,122984,1,24,0,725.0
10109693ARAUJOL_2025-01-11_G23,10109693ARAUJOL,2025-01-11,120339,1,8,0,689.0
10109693ARAUJOL_2025-01-12_G02,10109693ARAUJOL,2025-01-12,122673,1,3,0,346.0
10109693ARAUJOL_2025-01-12_G03,10109693ARAUJOL,2025-01-12,123345,1,1,0,930.0
10109693ARAUJOL_2025-01-12_G04,10109693ARAUJOL,2025-01-12,122673,1,14,0,744.0
10109693ARAUJOL_2025-01-12_G05,10109693ARAUJOL,2025-01-12,123344,1,9,0,829.0
10109693ARAUJOL_2025-01-13_G02,10109693ARAUJOL,2025-01-13,123153,1,6,0,330.0
10109693ARAUJOL_2025-01-13_G03,10109693ARAUJOL,2025-01-13,122986,1,8,0,116.0
10109693ARAUJOL_2025-01-13_G04,10109693ARAUJOL,2025-01-13,124371,1,4,0,200.0
10109693ARAUJOL_2025-01-13_G05,10109693ARAUJOL,2025-01-13,122984,1,5,0,160.0
10109693ARAUJOL_2025-01-13_G06,10109693ARAUJOL,2025-01-13,122185,1,6,0,294.0
10109693ARAUJOL_2025-01-13_G07,10109693ARAUJOL,2025-01-13,123521,1,4,0,170.0
10109693ARAUJOL_2025-01-13_G08,10109693ARAUJOL,2025-01-13,124370,1,12,0,475.0
10109693ARAUJOL_2025-01-13_G09,10109693ARAUJOL,2025-01-13,122986,1,16,0,374.0
10109693ARAUJOL_2025-01-13_G10,10109693ARAUJOL,2025-01-13,122984,1,12,0,488.0
10109693ARAUJOL_2025-01-13_G11,10109693ARAUJOL,2025-01-13,122983,1,8,0,201.0
10109693ARAUJOL_2025-01-13_G12,10109693ARAUJOL,2025-01-13,123521,1,2,0,142.0
10109693ARAUJOL_2025-01-13_G13,10109693ARAUJOL,2025-01-13,124370,1,4,0,223.0
10109693ARAUJOL_2025-01-13_G14,10109693ARAUJOL,2025-01-13,122671,1,13,0,678.0
10109693ARAUJOL_2025-01-13_G15,10109693ARAUJOL,2025-01-13,121760,1,12,0,467.0
10109693ARAUJOL_2025-01-13_G16,10109693ARAUJOL,2025-01-13,121760,1,21,0,614.0
10109693ARAUJOL_2025-01-13_G17,10109693ARAUJOL,2025-01-13,122962,1,40,0,690.0
10109693ARAUJOL_2025-01-13_G18,10109693ARAUJOL,2025-01-13,122647,1,36,0,1387.0
10109693ARAUJOL_2025-01-13_G20,10109693ARAUJOL,2025-01-13,111850,1,4,0,98.0
10109693ARAUJOL_2025-01-13_G21,10109693ARAUJOL,2025-01-13,110755,1,4,0,107.0
10109693ARAUJOL_2025-01-13_G22,10109693ARAUJOL,2025-01-13,109640,1,2,0,165.0
10109693ARAUJOL_2025-01-13_G23,10109693ARAUJOL,2025-01-13,118094,1,4,0,90.0
10109693ARAUJOL_2025-01-13_G24,10109693ARAUJOL,2025-01-13,141047,1,2,0,95.0
10109693ARAUJOL_2025-01-13_G25,10109693ARAUJOL,2025-01-13,110733,1,1,0,52.0
10109693ARAUJOL_2025-01-13_G26,10109693ARAUJOL,2025-01-13,110711,1,5,0,126.0
10109693ARAUJOL_2025-01-13_G27,10109693ARAUJOL,2025-01-13,117862,1,9,0,321.0
10109693ARAUJOL_2025-01-13_G28,10109693ARAUJOL,2025-01-13,108794,1,6,0,210.0
10109693ARAUJOL_2025-01-13_G29,10109693ARAUJOL,2025-01-13,118140,1,6,0,189.0
10109693ARAUJOL_2025-01-13_G30,10109693ARAUJOL,2025-01-13,117831,1,2,0,105.0
10109693ARAUJOL_2025-01-13_G31,10109693ARAUJOL,2025-01-13,117833,1,8,0,179.0
10109693ARAUJOL_2025-01-13_G32,10109693ARAUJOL,2025-01-13,117787,1,1,0,96.0
10109693ARAUJOL_2025-01-13_G33,10109693ARAUJOL,2025-01-13,108711,1,4,0,97.0
10109693ARAUJOL_2025-01-13_G34,10109693ARAUJOL,2025-01-13,117785,1,10,0,126.0
10109693ARAUJOL_2025-01-13_G35,10109693ARAUJOL,2025-01-13,109645,1,2,0,80.0
10109693ARAUJOL_2025-01-13_G36,10109693ARAUJOL,2025-01-13,117838,1,2,0,655.0
10109693ARAUJOL_2025-01-13_G37,10109693ARAUJOL,2025-01-13,110743,1,2,0,218.0
10109693ARAUJOL_2025-01-13_G38,10109693ARAUJOL,2025-01-13,111442,1,8,0,182.0
10109693ARAUJOL_2025-01-13_G39,10109693ARAUJOL,2025-01-13,109648,1,2,0,299.0
10109693ARAUJOL_2025-01-13_G40,10109693ARAUJOL,2025-01-13,117820,1,1,0,39.0
10109693ARAUJOL_2025-01-13_G41,10109693ARAUJOL,2025-01-13,107830,1,2,0,260.0
10109693ARAUJOL_2025-01-13_G42,10109693ARAUJOL,2025-01-13,110372,1,14,0,146.0
10109693ARAUJOL_2025-01-13_G43,10109693ARAUJOL,2025-01-13,117832,1,12,0,333.0
10109693ARAUJOL_2025-01-13_G44,10109693ARAUJOL,2025-01-13,117830,1,4,0,167.0
10109693ARAUJOL_2025-01-13_G45,10109693ARAUJOL,2025-01-13,111850,1,4,0,290.0
10109693ARAUJOL_2025-01-13_G46,10109693ARAUJOL,2025-01-13,110339,1,2,0,132.0
10109693ARAUJOL_2025-01-13_G47,10109693ARAUJOL,2025-01-13,111530,1,4,0,104.0
10109693ARAUJOL_2025-01-13_G48,10109693ARAUJOL,2025-01-13,118094,1,2,0,1197.0
10109693ARAUJOL_2025-01-13_G49,10109693ARAUJOL,2025-01-13,110733,1,1,0,156.0
10109693ARAUJOL_2025-01-13_G50,10109693ARAUJOL,2025-01-13,108794,1,2,0,167.0
10109693ARAUJOL_2025-01-13_G51,10109693ARAUJOL,2025-01-13,117821,1,6,0,968.0
10109693ARAUJOL_2025-01-13_G52,10109693ARAUJOL,2025-01-13,118140,1,2,0,260.0
10109693ARAUJOL_2025-01-13_G54,10109693ARAUJOL,2025-01-13,111850,1,12,0,201.0
10109693ARAUJOL_2025-01-13_G55,10109693ARAUJOL,2025-01-13,110339,1,2,0,122.0
10109693ARAUJOL_2025-01-13_G56,10109693ARAUJOL,2025-01-13,108772,1,6,0,185.0
10109693ARAUJOL_2025-01-13_G57,10109693ARAUJOL,2025-01-13,108711,1,40,0,776.0
10109693ARAUJOL_2025-01-13_G58,10109693ARAUJOL,2025-01-13,108711,1,2,0,32.0
10109693ARAUJOL_2025-01-13_G59,10109693ARAUJOL,2025-01-13,111433,1,8,0,339.0
10109693ARAUJOL_2025-01-13_G60,10109693ARAUJOL,2025-01-13,110787,1,2,0,98.0
10109693ARAUJOL_2025-01-13_G61,10109693ARAUJOL,2025-01-13,117831,1,8,0,101.0
10109693ARAUJOL_2025-01-13_G62,10109693ARAUJOL,2025-01-13,140922,1,2,0,123.0
10109693ARAUJOL_2025-01-13_G63,10109693ARAUJOL,2025-01-13,140922,1,42,0,700.0
10109693ARAUJOL_2025-01-13_G64,10109693ARAUJOL,2025-01-13,105705,1,2,0,113.0
10109693ARAUJOL_2025-01-14_G02,10109693ARAUJOL,2025-01-14,111463,1,2,0,222.0
10109693ARAUJOL_2025-01-14_G03,10109693ARAUJOL,2025-01-14,111462,1,2,0,270.0
10109693ARAUJOL_2025-01-14_G04,10109693ARAUJOL,2025-01-14,117830,1,14,0,169.0
10109693ARAUJOL_2025-01-14_G05,10109693ARAUJOL,2025-01-14,117808,1,100,0,58.0
10109693ARAUJOL_2025-01-14_G06,10109693ARAUJOL,2025-01-14,117832,1,2,0,104.0
10109693ARAUJOL_2025-01-14_G07,10109693ARAUJOL,2025-01-14,110371,1,32,0,308.0
10109693ARAUJOL_2025-01-14_G08,10109693ARAUJOL,2025-01-14,118094,1,9,0,1062.0
10109693ARAUJOL_2025-01-14_G09,10109693ARAUJOL,2025-01-14,108798,1,4,0,131.0
10109693ARAUJOL_2025-01-14_G10,10109693ARAUJOL,2025-01-14,111438,1,10,0,700.0
10109693ARAUJOL_2025-01-14_G11,10109693ARAUJOL,2025-01-14,110755,1,4,0,88.0
10109693ARAUJOL_2025-01-14_G12,10109693ARAUJOL,2025-01-14,111530,1,4,0,141.0
10109693ARAUJOL_2025-01-14_G13,10109693ARAUJOL,2025-01-14,110752,1,8,0,199.0
10109693ARAUJOL_2025-01-14_G14,10109693ARAUJOL,2025-01-14,118094,1,4,0,130.0
10109693ARAUJOL_2025-01-14_G15,10109693ARAUJOL,2025-01-14,141047,1,3,0,497.0
10109693ARAUJOL_2025-01-14_G16,10109693ARAUJOL,2025-01-14,110787,1,12,0,210.0
10109693ARAUJOL_2025-01-14_G17,10109693ARAUJOL,2025-01-14,117821,1,12,0,215.0
10109693ARAUJOL_2025-01-14_G18,10109693ARAUJOL,2025-01-14,111465,1,3,0,87.0
10109693ARAUJOL_2025-01-14_G19,10109693ARAUJOL,2025-01-14,111463,1,4,0,72.0
10109693ARAUJOL_2025-01-14_G20,10109693ARAUJOL,2025-01-14,111466,1,2,0,55.0
10109693ARAUJOL_2025-01-14_G21,10109693ARAUJOL,2025-01-14,111442,1,2,0,105.0
10109693ARAUJOL_2025-01-14_G22,10109693ARAUJOL,2025-01-14,117822,1,4,0,606.0
10109693ARAUJOL_2025-01-14_G23,10109693ARAUJOL,2025-01-14,109747,1,4,0,82.0
10109693ARAUJOL_2025-01-14_G24,10109693ARAUJOL,2025-01-14,117820,1,4,0,163.0
10109693ARAUJOL_2025-01-14_G25,10109693ARAUJOL,2025-01-14,110371,1,4,0,199.0
10109693ARAUJOL_2025-01-14_G26,10109693ARAUJOL,2025-01-14,111441,1,1,0,513.0
10109693ARAUJOL_2025-01-14_G27,10109693ARAUJOL,2025-01-14,117862,1,1,0,123.0
10109693ARAUJOL_2025-01-14_G28,10109693ARAUJOL,2025-01-14,108711,1,1,0,175.0
10109693ARAUJOL_2025-01-14_G30,10109693ARAUJOL,2025-01-14,118094,1,4,0,165.0
10109693ARAUJOL_2025-01-14_G31,10109693ARAUJOL,2025-01-14,110733,1,4,0,120.0
10109693ARAUJOL_2025-01-14_G32,10109693ARAUJOL,2025-01-14,108711,1,8,0,204.0
10109693ARAUJOL_2025-01-14_G33,10109693ARAUJOL,2025-01-14,105705,1,4,0,206.0
10109693ARAUJOL_2025-01-14_G34,10109693ARAUJOL,2025-01-14,111466,1,4,0,125.0
10109693ARAUJOL_2025-01-14_G35,10109693ARAUJOL,2025-01-14,117832,1,2,0,139.0
10109693ARAUJOL_2025-01-14_G37,10109693ARAUJOL,2025-01-14,117808,1,50,0,588.0
10109693ARAUJOL_2025-01-14_G38,10109693ARAUJOL,2025-01-14,117820,1,20,0,751.0
10109693ARAUJOL_2025-01-14_G39,10109693ARAUJOL,2025-01-14,117831,1,12,0,317.0
10109693ARAUJOL_2025-01-14_G40,10109693ARAUJOL,2025-01-14,140922,1,12,0,197.0
10109693ARAUJOL_2025-01-15_G02,10109693ARAUJOL,2025-01-15,108711,1,6,0,186.0
10109693ARAUJOL_2025-01-15_G03,10109693ARAUJOL,2025-01-15,140922,1,2,0,117.0
10109693ARAUJOL_2025-01-15_G04,10109693ARAUJOL,2025-01-15,117808,1,50,0,791.0
10109693ARAUJOL_2025-01-15_G06,10109693ARAUJOL,2025-01-15,110582,1,3,0,426.0
10109693ARAUJOL_2025-01-15_G07,10109693ARAUJOL,2025-01-15,111850,1,10,0,350.0
10109693ARAUJOL_2025-01-15_G08,10109693ARAUJOL,2025-01-15,110742,1,8,0,236.0
10109693ARAUJOL_2025-01-15_G09,10109693ARAUJOL,2025-01-15,110500,1,1,0,64.0
10109693ARAUJOL_2025-01-15_G10,10109693ARAUJOL,2025-01-15,103149,1,1,0,80.0
10109693ARAUJOL_2025-01-15_G11,10109693ARAUJOL,2025-01-15,111793,1,1,0,126.0
10109693ARAUJOL_2025-01-15_G12,10109693ARAUJOL,2025-01-15,111110,1,1,0,99.0
10109693ARAUJOL_2025-01-15_G13,10109693ARAUJOL,2025-01-15,117853,1,10,0,199.0
10109693ARAUJOL_2025-01-15_G14,10109693ARAUJOL,2025-01-15,108772,1,2,0,125.0
10109693ARAUJOL_2025-01-16_G02,10109693ARAUJOL,2025-01-16,110748,1,2,0,118.0
10109693ARAUJOL_2025-01-16_G03,10109693ARAUJOL,2025-01-16,118285,1,10,0,109.0
10109693ARAUJOL_2025-01-16_G04,10109693ARAUJOL,2025-01-16,118299,1,552,0,1963.0
10109693ARAUJOL_2025-01-16_G05,10109693ARAUJOL,2025-01-16,117830,1,28,0,238.0
10109693ARAUJOL_2025-01-16_G06,10109693ARAUJOL,2025-01-16,122671,1,12,0,1742.0
10109693ARAUJOL_2025-01-16_G07,10109693ARAUJOL,2025-01-16,123344,1,18,0,1013.0
10109693ARAUJOL_2025-01-16_G08,10109693ARAUJOL,2025-01-16,123909,1,20,0,449.0
10109693ARAUJOL_2025-01-16_G09,10109693ARAUJOL,2025-01-16,122982,1,2,0,144.0
10109693ARAUJOL_2025-01-16_G10,10109693ARAUJOL,2025-01-16,121651,1,8,0,354.0
10109693ARAUJOL_2025-01-16_G11,10109693ARAUJOL,2025-01-16,123907,1,6,0,153.0
10109693ARAUJOL_2025-01-16_G13,10109693ARAUJOL,2025-01-16,123343,1,6,0,583.0
10109693ARAUJOL_2025-01-16_G14,10109693ARAUJOL,2025-01-16,123345,1,18,0,259.0
10109693ARAUJOL_2025-01-16_G15,10109693ARAUJOL,2025-01-16,124371,1,12,0,766.0
10109693ARAUJOL_2025-01-16_G16,10109693ARAUJOL,2025-01-16,124248,1,4,0,255.0
10109693ARAUJOL_2025-01-16_G17,10109693ARAUJOL,2025-01-16,122982,1,14,0,267.0
10109693ARAUJOL_2025-01-16_G18,10109693ARAUJOL,2025-01-16,120339,1,4,0,558.0
10109693ARAUJOL_2025-01-16_G19,10109693ARAUJOL,2025-01-16,124248,1,4,0,307.0
10109693ARAUJOL_2025-01-16_G20,10109693ARAUJOL,2025-01-16,122962,1,5,0,738.0
10109693ARAUJOL_2025-01-16_G21,10109693ARAUJOL,2025-01-16,122984,1,69,0,2276.0
10109693ARAUJOL_2025-01-16_G22,10109693ARAUJOL,2025-01-16,122984,1,31,0,1072.0
10109693ARAUJOL_2025-01-16_G23,10109693ARAUJOL,2025-01-16,124370,1,38,0,2078.0
10109693ARAUJOL_2025-01-16_G25,10109693ARAUJOL,2025-01-16,111463,1,6,0,183.0
10109693ARAUJOL_2025-01-16_G26,10109693ARAUJOL,2025-01-16,117862,1,20,0,710.0
10109693ARAUJOL_2025-01-16_G27,10109693ARAUJOL,2025-01-16,141047,1,10,0,185.0
10109693ARAUJOL_2025-01-16_G28,10109693ARAUJOL,2025-01-16,108794,1,30,0,613.0
10109693ARAUJOL_2025-01-16_G29,10109693ARAUJOL,2025-01-16,118140,1,40,0,270.0
10109693ARAUJOL_2025-01-16_G30,10109693ARAUJOL,2025-01-16,117831,1,3,0,103.0
10109693ARAUJOL_2025-01-16_G31,10109693ARAUJOL,2025-01-16,109645,1,8,0,115.0
10109693ARAUJOL_2025-01-16_G32,10109693ARAUJOL,2025-01-16,110371,1,20,0,581.0
10109693ARAUJOL_2025-01-16_G33,10109693ARAUJOL,2025-01-16,108772,1,4,0,240.0
10109693ARAUJOL_2025-01-17_G02,10109693ARAUJOL,2025-01-17,108711,1,7,0,216.0
10109693ARAUJOL_2025-01-17_G03,10109693ARAUJOL,2025-01-17,111469,1,100,0,1206.0
10109693ARAUJOL_2025-01-17_G04,10109693ARAUJOL,2025-01-17,111469,1,6,0,340.0
10109693ARAUJOL_2025-01-17_G05,10109693ARAUJOL,2025-01-17,118094,1,4,0,230.0
10109693ARAUJOL_2025-01-17_G06,10109693ARAUJOL,2025-01-17,118094,1,4,0,453.0
10109693ARAUJOL_2025-01-17_G07,10109693ARAUJOL,2025-01-17,101217,1,2,0,105.0
10109693ARAUJOL_2025-01-17_G08,10109693ARAUJOL,2025-01-17,105335,1,3,0,569.0
10109693ARAUJOL_2025-01-17_G09,10109693ARAUJOL,2025-01-17,111435,1,2,0,123.0
10109693ARAUJOL_2025-01-17_G10,10109693ARAUJOL,2025-01-17,117831,1,4,0,163.0
10109693ARAUJOL_2025-01-17_G11,10109693ARAUJOL,2025-01-17,105705,1,11,0,326.0
10109693ARAUJOL_2025-01-17_G12,10109693ARAUJOL,2025-01-17,110743,1,2,0,188.0
10109693ARAUJOL_2025-01-17_G13,10109693ARAUJOL,2025-01-17,109643,1,6,0,186.0
10109693ARAUJOL_2025-01-17_G14,10109693ARAUJOL,2025-01-17,117808,1,6,0,400.0
10109693ARAUJOL_2025-01-17_G15,10109693ARAUJOL,2025-01-17,110372,1,12,0,185.0
10109693ARAUJOL_2025-01-17_G16,10109693ARAUJOL,2025-01-17,111660,1,3,0,529.0
10109693ARAUJOL_2025-01-17_G17,10109693ARAUJOL,2025-01-17,108794,1,8,0,224.0
10109693ARAUJOL_2025-01-17_G18,10109693ARAUJOL,2025-01-17,117785,1,12,0,181.0
10109693ARAUJOL_2025-01-17_G19,10109693ARAUJOL,2025-01-17,111466,1,8,0,134.0
10109693ARAUJOL_2025-01-17_G21,10109693ARAUJOL,2025-01-17,109640,1,10,0,307.0
10109693ARAUJOL_2025-01-17_G22,10109693ARAUJOL,2025-01-17,110745,1,2,0,195.0
10109693ARAUJOL_2025-01-17_G23,10109693ARAUJOL,2025-01-17,110112,1,4,0,966.0
10109693ARAUJOL_2025-01-17_G24,10109693ARAUJOL,2025-01-17,110841,1,1,0,711.0
10109693ARAUJOL_2025-01-17_G25,10109693ARAUJOL,2025-01-17,110742,1,4,0,156.0
10109693ARAUJOL_2025-01-17_G26,10109693ARAUJOL,2025-01-17,110064,1,2,0,395.0
10109693ARAUJOL_2025-01-17_G27,10109693ARAUJOL,2025-01-17,107254,1,4,0,146.0
10109693ARAUJOL_2025-01-17_G28,10109693ARAUJOL,2025-01-17,141035,1,3,0,178.0
10109693ARAUJOL_2025-01-17_G29,10109693ARAUJOL,2025-01-17,110339,1,4,0,128.0
10109693ARAUJOL_2025-01-17_G30,10109693ARAUJOL,2025-01-17,111530,1,4,0,129.0
10109693ARAUJOL_2025-01-17_G31,10109693ARAUJOL,2025-01-17,118094,1,4,0,110.0
10109693ARAUJOL_2025-01-17_G32,10109693ARAUJOL,2025-01-17,117786,1,2,0,84.0
10109693ARAUJOL_2025-01-17_G33,10109693ARAUJOL,2025-01-17,117862,1,4,0,101.0
10109693ARAUJOL_2025-01-17_G34,10109693ARAUJOL,2025-01-17,141047,1,5,0,222.0
10109693ARAUJOL_2025-01-17_G35,10109693ARAUJOL,2025-01-17,110711,1,5,0,199.0
10109693ARAUJOL_2025-01-17_G36,10109693ARAUJOL,2025-01-17,108794,1,4,0,182.0
10109693ARAUJOL_2025-01-17_G37,10109693ARAUJOL,2025-01-17,118140,1,2,0,63.0
10109693ARAUJOL_2025-01-17_G38,10109693ARAUJOL,2025-01-17,117785,1,2,0,77.0
10109693ARAUJOL_2025-01-17_G39,10109693ARAUJOL,2025-01-17,110745,1,2,0,117.0
10109693ARAUJOL_2025-01-17_G40,10109693ARAUJOL,2025-01-17,111463,1,8,0,177.0
10109693ARAUJOL_2025-01-17_G41,10109693ARAUJOL,2025-01-17,110372,1,3,0,143.0
10109693ARAUJOL_2025-01-17_G42,10109693ARAUJOL,2025-01-17,111469,1,2,0,513.0
10109693ARAUJOL_2025-01-17_G43,10109693ARAUJOL,2025-01-17,110372,1,2,0,129.0
10109693ARAUJOL_2025-01-17_G44,10109693ARAUJOL,2025-01-17,110745,1,3,0,187.0
10109693ARAUJOL_2025-01-17_G45,10109693ARAUJOL,2025-01-17,111469,1,2,0,107.0
10109693ARAUJOL_2025-01-17_G46,10109693ARAUJOL,2025-01-17,110372,1,17,0,230.0
10109693ARAUJOL_2025-01-17_G47,10109693ARAUJOL,2025-01-17,110745,1,2,0,309.0
10109693ARAUJOL_2025-01-17_G48,10109693ARAUJOL,2025-01-17,111469,1,8,0,195.0
10109693ARAUJOL_2025-01-17_G49,10109693ARAUJOL,2025-01-17,110372,1,8,0,117.0
10109693ARAUJOL_2025-01-17_G50,10109693ARAUJOL,2025-01-17,140922,1,8,0,164.0
10109693ARAUJOL_2025-01-17_G51,10109693ARAUJOL,2025-01-17,118317,1,4,0,114.0
10109693ARAUJOL_2025-01-17_G52,10109693ARAUJOL,2025-01-17,110745,1,4,0,144.0
10109693ARAUJOL_2025-01-17_G53,10109693ARAUJOL,2025-01-17,111469,1,4,0,109.0
10109693ARAUJOL_2025-01-17_G54,10109693ARAUJOL,2025-01-17,111463,1,41,0,647.0
10109693ARAUJOL_2025-01-17_G55,10109693ARAUJOL,2025-01-17,110372,1,32,0,214.0
10109693ARAUJOL_2025-01-17_G56,10109693ARAUJOL,2025-01-17,117808,1,27,0,229.0
10109693ARAUJOL_2025-01-17_G57,10109693ARAUJOL,2025-01-17,110371,1,8,0,162.0
10109693ARAUJOL_2025-01-17_G58,10109693ARAUJOL,2025-01-17,111463,1,12,0,667.0
10109693ARAUJOL_2025-01-18_G02,10109693ARAUJOL,2025-01-18,110787,1,13,0,199.0
10109693ARAUJOL_2025-01-18_G03,10109693ARAUJOL,2025-01-18,110745,1,4,0,90.0
10109693ARAUJOL_2025-01-18_G04,10109693ARAUJOL,2025-01-18,109747,1,3,0,244.0
10109693ARAUJOL_2025-01-18_G05,10109693ARAUJOL,2025-01-18,110895,1,4,0,375.0
10109693ARAUJOL_2025-01-18_G06,10109693ARAUJOL,2025-01-18,100334,1,10,0,403.0
10109693ARAUJOL_2025-01-18_G07,10109693ARAUJOL,2025-01-18,110755,1,40,0,1027.0
10109693ARAUJOL_2025-01-18_G08,10109693ARAUJOL,2025-01-18,109937,1,2,0,448.0
10109693ARAUJOL_2025-01-18_G09,10109693ARAUJOL,2025-01-18,110747,1,12,0,235.0
10109693ARAUJOL_2025-01-18_G10,10109693ARAUJOL,2025-01-18,110339,1,16,0,661.0
10109693ARAUJOL_2025-01-18_G11,10109693ARAUJOL,2025-01-18,110752,1,2,0,119.0
10109693ARAUJOL_2025-01-18_G13,10109693ARAUJOL,2025-01-18,109640,1,15,0,248.0
10109693ARAUJOL_2025-01-18_G14,10109693ARAUJOL,2025-01-18,118094,1,8,0,204.0
10109693ARAUJOL_2025-01-18_G15,10109693ARAUJOL,2025-01-18,117786,1,6,0,178.0
10109693ARAUJOL_2025-01-18_G16,10109693ARAUJOL,2025-01-18,110733,1,4,0,98.0
10109693ARAUJOL_2025-01-18_G17,10109693ARAUJOL,2025-01-18,109641,1,25,0,981.0
10109693ARAUJOL_2025-01-18_G18,10109693ARAUJOL,2025-01-18,110787,1,11,0,200.0
10109693ARAUJOL_2025-01-18_G19,10109693ARAUJOL,2025-01-18,110745,1,8,0,121.0
10109693ARAUJOL_2025-01-18_G20,10109693ARAUJOL,2025-01-18,111443,1,8,0,88.0
10109693ARAUJOL_2025-01-18_G21,10109693ARAUJOL,2025-01-18,111743,1,5,0,97.0
10109693ARAUJOL_2025-01-18_G22,10109693ARAUJOL,2025-01-18,110743,1,4,0,241.0
10109693ARAUJOL_2025-01-18_G23,10109693ARAUJOL,2025-01-18,111418,1,116,0,1383.0
10109693ARAUJOL_2025-01-18_G24,10109693ARAUJOL,2025-01-18,110372,1,114,0,304.0
10109693ARAUJOL_2025-01-18_G25,10109693ARAUJOL,2025-01-18,"109747, 110372",2,90,11,1076.0
10109693ARAUJOL_2025-01-18_G26,10109693ARAUJOL,2025-01-18,111530,1,10,0,817.0
10109693ARAUJOL_2025-01-18_G27,10109693ARAUJOL,2025-01-18,111530,1,40,0,1190.0
10109693ARAUJOL_2025-01-18_G28,10109693ARAUJOL,2025-01-18,118317,1,4,0,260.0
10109693ARAUJOL_2025-01-18_G29,10109693ARAUJOL,2025-01-18,110787,1,14,0,141.0
10109693ARAUJOL_2025-01-18_G30,10109693ARAUJOL,2025-01-18,111602,1,8,0,213.0
10109693ARAUJOL_2025-01-20_G02,10109693ARAUJOL,2025-01-20,123492,1,2,0,1148.0
10109693ARAUJOL_2025-01-20_G03,10109693ARAUJOL,2025-01-20,123947,1,2,0,410.0
10109693ARAUJOL_2025-01-20_G04,10109693ARAUJOL,2025-01-20,122962,1,4,0,233.0
10109693ARAUJOL_2025-01-20_G05,10109693ARAUJOL,2025-01-20,123520,1,8,0,323.0
10109693ARAUJOL_2025-01-20_G06,10109693ARAUJOL,2025-01-20,122647,1,10,0,597.0
10109693ARAUJOL_2025-01-20_G07,10109693ARAUJOL,2025-01-20,122188,1,12,0,643.0
10109693ARAUJOL_2025-01-20_G08,10109693ARAUJOL,2025-01-20,123343,1,6,0,1092.0
10109693ARAUJOL_2025-01-20_G09,10109693ARAUJOL,2025-01-20,121760,1,20,0,1975.0
10109693ARAUJOL_2025-01-20_G11,10109693ARAUJOL,2025-01-20,180332,1,1,0,944.0
10109693ARAUJOL_2025-01-20_G12,10109693ARAUJOL,2025-01-20,122962,1,20,0,846.0
10109693ARAUJOL_2025-01-20_G13,10109693ARAUJOL,2025-01-20,121760,1,4,0,444.0
10109693ARAUJOL_2025-01-20_G14,10109693ARAUJOL,2025-01-20,123345,1,2,0,400.0
10109693ARAUJOL_2025-01-20_G15,10109693ARAUJOL,2025-01-20,123153,1,20,0,283.0
10109693ARAUJOL_2025-01-20_G16,10109693ARAUJOL,2025-01-20,123343,1,22,0,1302.0
10109693ARAUJOL_2025-01-20_G17,10109693ARAUJOL,2025-01-20,121760,1,4,0,177.0
10109693ARAUJOL_2025-01-20_G18,10109693ARAUJOL,2025-01-20,121760,1,4,0,319.0
10109693ARAUJOL_2025-01-20_G19,10109693ARAUJOL,2025-01-20,123909,1,2,0,85.0
10109693ARAUJOL_2025-01-20_G20,10109693ARAUJOL,2025-01-20,123343,1,4,0,482.0
10109693ARAUJOL_2025-01-20_G22,10109693ARAUJOL,2025-01-20,117838,1,20,0,835.0
10109693ARAUJOL_2025-01-20_G23,10109693ARAUJOL,2025-01-20,111469,1,20,0,283.0
10109693ARAUJOL_2025-01-20_G24,10109693ARAUJOL,2025-01-20,117820,1,40,0,458.0
10109693ARAUJOL_2025-01-20_G25,10109693ARAUJOL,2025-01-20,111447,1,2,0,1327.0
10109693ARAUJOL_2025-01-20_G26,10109693ARAUJOL,2025-01-20,111441,1,2,0,184.0
10109693ARAUJOL_2025-01-20_G27,10109693ARAUJOL,2025-01-20,108770,1,3,0,82.0
10109693ARAUJOL_2025-01-21_G02,10109693ARAUJOL,2025-01-21,110747,1,10,0,278.0
10109693ARAUJOL_2025-01-21_G03,10109693ARAUJOL,2025-01-21,110339,1,10,0,721.0
10109693ARAUJOL_2025-01-21_G04,10109693ARAUJOL,2025-01-21,110339,1,26,0,398.0
10109693ARAUJOL_2025-01-21_G05,10109693ARAUJOL,2025-01-21,110339,1,10,0,681.0
10109693ARAUJOL_2025-01-21_G06,10109693ARAUJOL,2025-01-21,110313,1,30,0,340.0
10109693ARAUJOL_2025-01-21_G07,10109693ARAUJOL,2025-01-21,111530,1,30,0,590.0
10109693ARAUJOL_2025-01-21_G08,10109693ARAUJOL,2025-01-21,111530,1,20,0,291.0
10109693ARAUJOL_2025-01-21_G09,10109693ARAUJOL,2025-01-21,117855,1,10,0,163.0
10109693ARAUJOL_2025-01-21_G10,10109693ARAUJOL,2025-01-21,111602,1,48,0,1298.0
10109693ARAUJOL_2025-01-21_G11,10109693ARAUJOL,2025-01-21,117861,1,10,0,354.0
10109693ARAUJOL_2025-01-21_G12,10109693ARAUJOL,2025-01-21,109647,1,8,0,135.0
10109693ARAUJOL_2025-01-21_G13,10109693ARAUJOL,2025-01-21,118140,1,20,0,958.0
10109693ARAUJOL_2025-01-21_G15,10109693ARAUJOL,2025-01-21,140922,1,19,0,225.0
10109693ARAUJOL_2025-01-21_G16,10109693ARAUJOL,2025-01-21,117831,1,130,0,1273.0
10109693ARAUJOL_2025-01-21_G17,10109693ARAUJOL,2025-01-21,117785,1,160,0,874.0
10109693ARAUJOL_2025-01-21_G18,10109693ARAUJOL,2025-01-21,110745,1,20,0,196.0
10109693ARAUJOL_2025-01-21_G19,10109693ARAUJOL,2025-01-21,118223,1,2,0,759.0
10109693ARAUJOL_2025-01-21_G20,10109693ARAUJOL,2025-01-21,108711,1,20,0,560.0
10109693ARAUJOL_2025-01-21_G21,10109693ARAUJOL,2025-01-21,117833,1,30,0,272.0
10109693ARAUJOL_2025-01-21_G22,10109693ARAUJOL,2025-01-21,117785,1,44,0,785.0
10109693ARAUJOL_2025-01-21_G23,10109693ARAUJOL,2025-01-21,111465,1,10,0,491.0
10109693ARAUJOL_2025-01-21_G24,10109693ARAUJOL,2025-01-21,117838,1,10,0,113.0
10109693ARAUJOL_2025-01-21_G25,10109693ARAUJOL,2025-01-21,110743,1,4,0,66.0
10109693ARAUJOL_2025-01-21_G26,10109693ARAUJOL,2025-01-21,111469,1,20,0,382.0
10109693ARAUJOL_2025-01-21_G27,10109693ARAUJOL,2025-01-21,111172,1,23,0,389.0
10109693ARAUJOL_2025-01-21_G28,10109693ARAUJOL,2025-01-21,111463,1,32,0,556.0
10109693ARAUJOL_2025-01-21_G29,10109693ARAUJOL,2025-01-21,111463,1,60,0,1145.0
10109693ARAUJOL_2025-01-21_G30,10109693ARAUJOL,2025-01-21,111462,1,20,0,144.0
10109693ARAUJOL_2025-01-21_G31,10109693ARAUJOL,2025-01-21,110371,1,30,0,626.0
10109693ARAUJOL_2025-01-21_G33,10109693ARAUJOL,2025-01-21,111851,1,4,0,37.0
10109693ARAUJOL_2025-01-21_G34,10109693ARAUJOL,2025-01-21,111112,1,1,0,57.0
10109693ARAUJOL_2025-01-21_G35,10109693ARAUJOL,2025-01-21,106179,1,1,0,42.0
10109693ARAUJOL_2025-01-21_G36,10109693ARAUJOL,2025-01-21,110579,1,3,0,42.0
10109693ARAUJOL_2025-01-21_G37,10109693ARAUJOL,2025-01-21,111887,1,1,0,45.0
10109693ARAUJOL_2025-01-21_G38,10109693ARAUJOL,2025-01-21,110841,1,20,0,56.0
10109693ARAUJOL_2025-01-21_G39,10109693ARAUJOL,2025-01-21,110394,1,2,0,2841.0
10109693ARAUJOL_2025-01-22_G02,10109693ARAUJOL,2025-01-22,123911,1,30,0,797.0
10109693ARAUJOL_2025-01-22_G03,10109693ARAUJOL,2025-01-22,124264,1,82,0,2216.0
10109693ARAUJOL_2025-01-22_G05,10109693ARAUJOL,2025-01-22,123907,1,31,0,1210.0
10109693ARAUJOL_2025-01-22_G06,10109693ARAUJOL,2025-01-22,122968,1,11,0,474.0
10109693ARAUJOL_2025-01-22_G08,10109693ARAUJOL,2025-01-22,122981,1,8,0,335.0
10109693ARAUJOL_2025-01-22_G09,10109693ARAUJOL,2025-01-22,122962,1,20,0,1290.0
10109693ARAUJOL_2025-01-23_G02,10109693ARAUJOL,2025-01-23,124248,1,10,0,317.0
10109693ARAUJOL_2025-01-23_G03,10109693ARAUJOL,2025-01-23,181057,1,1,0,282.0
10109693ARAUJOL_2025-01-23_G04,10109693ARAUJOL,2025-01-23,122673,1,30,0,1037.0
10109693ARAUJOL_2025-01-23_G05,10109693ARAUJOL,2025-01-23,180373,1,1,0,968.0
10109693ARAUJOL_2025-01-23_G06,10109693ARAUJOL,2025-01-23,124371,1,4,0,224.0
10109693ARAUJOL_2025-01-23_G07,10109693ARAUJOL,2025-01-23,121760,1,4,0,532.0
10109693ARAUJOL_2025-01-23_G08,10109693ARAUJOL,2025-01-23,122962,1,16,0,939.0
10109693ARAUJOL_2025-01-23_G09,10109693ARAUJOL,2025-01-23,122673,1,40,0,986.0
10109693ARAUJOL_2025-01-23_G11,10109693ARAUJOL,2025-01-23,123344,1,40,0,2371.0
10109693ARAUJOL_2025-01-23_G13,10109693ARAUJOL,2025-01-23,100334,1,5,0,675.0
10109693ARAUJOL_2025-01-23_G14,10109693ARAUJOL,2025-01-23,111438,1,12,0,37.0
10109693ARAUJOL_2025-01-23_G15,10109693ARAUJOL,2025-01-23,111430,1,12,0,38.0
10109693ARAUJOL_2025-01-23_G16,10109693ARAUJOL,2025-01-23,111569,2,2,22,33.0
10109693ARAUJOL_2025-01-23_G17,10109693ARAUJOL,2025-01-23,118290,1,1,0,36.0
10109693ARAUJOL_2025-01-23_G18,10109693ARAUJOL,2025-01-23,110747,1,4,0,35.0
10109693ARAUJOL_2025-01-23_G19,10109693ARAUJOL,2025-01-23,116527,1,10,0,41.0
10109693ARAUJOL_2025-01-24_G02,10109693ARAUJOL,2025-01-24,110313,1,1,0,37.0
10109693ARAUJOL_2025-01-24_G03,10109693ARAUJOL,2025-01-24,111439,1,4,0,34.0
10109693ARAUJOL_2025-01-24_G04,10109693ARAUJOL,2025-01-24,117855,1,6,0,33.0
10109693ARAUJOL_2025-01-24_G05,10109693ARAUJOL,2025-01-24,109640,2,8,23,33.0
10109693ARAUJOL_2025-01-24_G06,10109693ARAUJOL,2025-01-24,109647,1,1,0,32.0
10109693ARAUJOL_2025-01-24_G07,10109693ARAUJOL,2025-01-24,118298,1,6,0,31.0
10109693ARAUJOL_2025-01-24_G08,10109693ARAUJOL,2025-01-24,118140,1,4,0,1675.0
10109693ARAUJOL_2025-01-24_G09,10109693ARAUJOL,2025-01-24,140922,1,4,0,36.0
10109693ARAUJOL_2025-01-24_G10,10109693ARAUJOL,2025-01-24,111442,1,8,0,33.0
10109693ARAUJOL_2025-01-24_G11,10109693ARAUJOL,2025-01-24,107236,1,4,0,35.0
10109693ARAUJOL_2025-01-24_G12,10109693ARAUJOL,2025-01-24,109641,1,2,0,33.0
10109693ARAUJOL_2025-01-24_G13,10109693ARAUJOL,2025-01-24,111433,1,5,0,33.0
10109693ARAUJOL_2025-01-24_G14,10109693ARAUJOL,2025-01-24,111463,2,16,25,37.0
10109693ARAUJOL_2025-01-24_G15,10109693ARAUJOL,2025-01-24,111418,1,16,0,36.0
10109693ARAUJOL_2025-01-24_G16,10109693ARAUJOL,2025-01-24,110787,1,30,0,34.0
10109693ARAUJOL_2025-01-24_G17,10109693ARAUJOL,2025-01-24,110745,1,6,0,32.0
10109693ARAUJOL_2025-01-24_G18,10109693ARAUJOL,2025-01-24,116241,1,7,0,36.0
10109693ARAUJOL_2025-01-24_G19,10109693ARAUJOL,2025-01-24,108795,1,2,0,2540.0
10109693ARAUJOL_2025-01-24_G20,10109693ARAUJOL,2025-01-24,111172,1,6,0,31.0
10109693ARAUJOL_2025-01-24_G21,10109693ARAUJOL,2025-01-24,111469,1,30,0,34.0
10109693ARAUJOL_2025-01-24_G23,10109693ARAUJOL,2025-01-24,117809,1,10,0,32.0
10109693ARAUJOL_2025-01-24_G24,10109693ARAUJOL,2025-01-24,110374,3,32,38,33.0
10109693ARAUJOL_2025-01-24_G25,10109693ARAUJOL,2025-01-24,"110325, 107830",2,18,30,56.0
10109693ARAUJOL_2025-01-24_G26,10109693ARAUJOL,2025-01-24,118299,1,10,0,31.0
10109693ARAUJOL_2025-01-24_G27,10109693ARAUJOL,2025-01-24,110373,1,100,0,37.0
10109693ARAUJOL_2025-01-24_G28,10109693ARAUJOL,2025-01-24,110371,1,50,0,39.0
10109693ARAUJOL_2025-01-24_G29,10109693ARAUJOL,2025-01-24,110372,1,80,0,35.0
10109693ARAUJOL_2025-01-24_G30,10109693ARAUJOL,2025-01-24,117808,1,50,0,33.0
10109693ARAUJOL_2025-01-24_G32,10109693ARAUJOL,2025-01-24,111469,1,3,0,204.0
10109693ARAUJOL_2025-01-24_G33,10109693ARAUJOL,2025-01-24,118306,1,4,0,179.0
10109693ARAUJOL_2025-01-24_G34,10109693ARAUJOL,2025-01-24,111330,1,24,0,956.0
10109693ARAUJOL_2025-01-24_G35,10109693ARAUJOL,2025-01-24,111468,1,1,0,283.0
10109693ARAUJOL_2025-01-24_G36,10109693ARAUJOL,2025-01-24,109645,1,7,0,57.0
10109693ARAUJOL_2025-01-24_G37,10109693ARAUJOL,2025-01-24,"108798, 110748",2,4,28,33.0
10109693ARAUJOL_2025-01-24_G38,10109693ARAUJOL,2025-01-24,"105705, 117833, 111462",3,13,60,31.0
10109693ARAUJOL_2025-01-24_G39,10109693ARAUJOL,2025-01-24,111435,1,4,0,46.0
10109693ARAUJOL_2025-01-24_G41,10109693ARAUJOL,2025-01-24,122968,1,20,0,2027.0
10109693ARAUJOL_2025-01-24_G42,10109693ARAUJOL,2025-01-24,123345,1,16,0,905.0
10109693ARAUJOL_2025-01-25_G02,10109693ARAUJOL,2025-01-25,124486,1,10,0,1085.0
10109693ARAUJOL_2025-01-25_G03,10109693ARAUJOL,2025-01-25,122962,1,12,0,468.0
10109693ARAUJOL_2025-01-25_G04,10109693ARAUJOL,2025-01-25,120339,1,14,0,964.0
10109693ARAUJOL_2025-01-25_G05,10109693ARAUJOL,2025-01-25,122962,1,8,0,219.0
10109693ARAUJOL_2025-01-25_G06,10109693ARAUJOL,2025-01-25,123909,1,8,0,279.0
10109693ARAUJOL_2025-01-25_G07,10109693ARAUJOL,2025-01-25,"123909, 123343",3,8,45,917.0
10109693ARAUJOL_2025-01-25_G08,10109693ARAUJOL,2025-01-25,120271,1,20,0,882.0
10109693ARAUJOL_2025-01-25_G10,10109693ARAUJOL,2025-01-25,124486,1,20,0,505.0
10109693ARAUJOL_2025-01-25_G11,10109693ARAUJOL,2025-01-25,124486,1,2,0,88.0
10109693ARAUJOL_2025-01-25_G12,10109693ARAUJOL,2025-01-25,120389,1,6,0,496.0
10109693ARAUJOL_2025-01-25_G13,10109693ARAUJOL,2025-01-25,123343,1,4,0,288.0
10109693ARAUJOL_2025-01-25_G14,10109693ARAUJOL,2025-01-25,124486,1,14,0,800.0
10109693ARAUJOL_2025-01-25_G15,10109693ARAUJOL,2025-01-25,123344,1,30,0,917.0
10109693ARAUJOL_2025-01-25_G16,10109693ARAUJOL,2025-01-25,122985,1,56,0,1196.0
10109693ARAUJOL_2025-01-25_G17,10109693ARAUJOL,2025-01-25,123313,1,12,0,478.0
10109693ARAUJOL_2025-01-25_G18,10109693ARAUJOL,2025-01-25,123907,1,64,0,2473.0
10109693ARAUJOL_2025-01-25_G19,10109693ARAUJOL,2025-01-25,123343,1,2,0,350.0
10109693ARAUJOL_2025-01-25_G20,10109693ARAUJOL,2025-01-25,123153,1,8,0,868.0
10109693ARAUJOL_2025-01-25_G21,10109693ARAUJOL,2025-01-25,123153,1,40,0,976.0
10109694SOARESM_2025-01-02_G02,10109694SOARESM,2025-01-02,111467,1,27,0,487.0
10109694SOARESM_2025-01-06_G02,10109694SOARESM,2025-01-06,111443,1,18,0,389.0
10109694SOARESM_2025-01-07_G02,10109694SOARESM,2025-01-07,111418,1,230,0,995.0
10109694SOARESM_2025-01-08_G02,10109694SOARESM,2025-01-08,111445,1,8,0,348.0
10109694SOARESM_2025-01-08_G03,10109694SOARESM,2025-01-08,110755,1,7,0,152.0
10109694SOARESM_2025-01-08_G04,10109694SOARESM,2025-01-08,111569,1,50,0,343.0
10109694SOARESM_2025-01-08_G05,10109694SOARESM,2025-01-08,110750,1,5,0,630.0
10109694SOARESM_2025-01-08_G07,10109694SOARESM,2025-01-08,110742,1,8,0,326.0
10109694SOARESM_2025-01-08_G08,10109694SOARESM,2025-01-08,111465,1,10,0,433.0
10109694SOARESM_2025-01-08_G09,10109694SOARESM,2025-01-08,109645,1,20,0,908.0
10109694SOARESM_2025-01-08_G10,10109694SOARESM,2025-01-08,111463,1,30,0,1086.0
10109694SOARESM_2025-01-08_G11,10109694SOARESM,2025-01-08,118094,1,9,0,424.0
10109694SOARESM_2025-01-08_G12,10109694SOARESM,2025-01-08,109974,1,3,0,623.0
10109694SOARESM_2025-01-08_G13,10109694SOARESM,2025-01-08,102851,1,1,0,54.0
10109694SOARESM_2025-01-08_G14,10109694SOARESM,2025-01-08,111851,1,4,0,82.0
10109694SOARESM_2025-01-08_G15,10109694SOARESM,2025-01-08,111441,1,3,0,985.0
10109694SOARESM_2025-01-08_G16,10109694SOARESM,2025-01-08,118306,1,2,0,112.0
10109694SOARESM_2025-01-08_G17,10109694SOARESM,2025-01-08,110841,1,2,0,45.0
10109694SOARESM_2025-01-08_G18,10109694SOARESM,2025-01-08,105359,1,2,0,92.0
10109694SOARESM_2025-01-08_G19,10109694SOARESM,2025-01-08,108772,1,10,0,517.0
10109694SOARESM_2025-01-08_G20,10109694SOARESM,2025-01-08,110733,1,11,0,217.0
10109694SOARESM_2025-01-08_G21,10109694SOARESM,2025-01-08,111876,1,12,0,355.0
10109694SOARESM_2025-01-08_G22,10109694SOARESM,2025-01-08,110748,1,10,0,294.0
10109694SOARESM_2025-01-08_G23,10109694SOARESM,2025-01-08,118223,1,4,0,150.0
10109694SOARESM_2025-01-08_G24,10109694SOARESM,2025-01-08,117785,1,6,0,368.0
10109694SOARESM_2025-01-08_G25,10109694SOARESM,2025-01-08,111743,1,200,0,745.0
10109694SOARESM_2025-01-09_G02,10109694SOARESM,2025-01-09,107830,1,1,0,132.0
10109694SOARESM_2025-01-09_G03,10109694SOARESM,2025-01-09,110372,1,60,0,598.0
10109694SOARESM_2025-01-09_G04,10109694SOARESM,2025-01-09,110375,1,4,0,88.0
10109694SOARESM_2025-01-09_G05,10109694SOARESM,2025-01-09,110371,1,20,0,166.0
10109694SOARESM_2025-01-09_G06,10109694SOARESM,2025-01-09,117830,1,8,0,139.0
10109694SOARESM_2025-01-09_G07,10109694SOARESM,2025-01-09,110373,1,40,0,1062.0
10109694SOARESM_2025-01-09_G08,10109694SOARESM,2025-01-09,107830,1,1,0,58.0
10109694SOARESM_2025-01-09_G09,10109694SOARESM,2025-01-09,110372,1,20,0,558.0
10109694SOARESM_2025-01-09_G10,10109694SOARESM,2025-01-09,117832,1,8,0,85.0
10109694SOARESM_2025-01-09_G11,10109694SOARESM,2025-01-09,117830,1,6,0,50.0
10109694SOARESM_2025-01-09_G12,10109694SOARESM,2025-01-09,117835,1,4,0,833.0
10109694SOARESM_2025-01-09_G13,10109694SOARESM,2025-01-09,117835,1,4,0,69.0
10109694SOARESM_2025-01-09_G14,10109694SOARESM,2025-01-09,109937,1,4,0,125.0
10109694SOARESM_2025-01-09_G15,10109694SOARESM,2025-01-09,117820,1,20,0,236.0
10109694SOARESM_2025-01-09_G16,10109694SOARESM,2025-01-09,117820,1,20,0,146.0
10109694SOARESM_2025-01-09_G17,10109694SOARESM,2025-01-09,109643,1,4,0,113.0
10109694SOARESM_2025-01-09_G18,10109694SOARESM,2025-01-09,109643,1,4,0,46.0
10109694SOARESM_2025-01-09_G19,10109694SOARESM,2025-01-09,110372,1,30,0,401.0
10109694SOARESM_2025-01-09_G20,10109694SOARESM,2025-01-09,117832,1,8,0,164.0
10109694SOARESM_2025-01-09_G21,10109694SOARESM,2025-01-09,110373,1,40,0,383.0
10109694SOARESM_2025-01-09_G22,10109694SOARESM,2025-01-09,110373,1,40,0,624.0
10109694SOARESM_2025-01-09_G23,10109694SOARESM,2025-01-09,117853,1,4,0,559.0
10109694SOARESM_2025-01-09_G24,10109694SOARESM,2025-01-09,117853,2,6,25,102.0
10109694SOARESM_2025-01-09_G25,10109694SOARESM,2025-01-09,110756,1,4,0,127.0
10109694SOARESM_2025-01-09_G26,10109694SOARESM,2025-01-09,111467,1,3,0,75.0
10109694SOARESM_2025-01-09_G27,10109694SOARESM,2025-01-09,117856,1,5,0,104.0
10109694SOARESM_2025-01-09_G28,10109694SOARESM,2025-01-09,118094,1,9,0,135.0
10109694SOARESM_2025-01-09_G29,10109694SOARESM,2025-01-09,117855,1,12,0,171.0
10109694SOARESM_2025-01-09_G30,10109694SOARESM,2025-01-09,108772,1,4,0,388.0
10109694SOARESM_2025-01-09_G31,10109694SOARESM,2025-01-09,110339,1,11,0,223.0
10109694SOARESM_2025-01-09_G32,10109694SOARESM,2025-01-09,110711,1,3,0,114.0
10109694SOARESM_2025-01-09_G33,10109694SOARESM,2025-01-09,110711,1,11,0,157.0
10109694SOARESM_2025-01-09_G34,10109694SOARESM,2025-01-09,110711,1,6,0,770.0
10109694SOARESM_2025-01-09_G35,10109694SOARESM,2025-01-09,117862,1,4,0,53.0
10109694SOARESM_2025-01-09_G36,10109694SOARESM,2025-01-09,117862,1,4,0,112.0
10109694SOARESM_2025-01-09_G37,10109694SOARESM,2025-01-09,110895,1,2,0,306.0
10109694SOARESM_2025-01-09_G38,10109694SOARESM,2025-01-09,111441,1,4,0,118.0
10109694SOARESM_2025-01-09_G39,10109694SOARESM,2025-01-09,111530,1,13,0,344.0
10109694SOARESM_2025-01-09_G40,10109694SOARESM,2025-01-09,111602,1,8,0,172.0
10109694SOARESM_2025-01-09_G41,10109694SOARESM,2025-01-09,109640,1,12,0,170.0
10109694SOARESM_2025-01-09_G42,10109694SOARESM,2025-01-09,117855,1,4,0,110.0
10109694SOARESM_2025-01-09_G43,10109694SOARESM,2025-01-09,111532,1,31,0,727.0
10109694SOARESM_2025-01-09_G44,10109694SOARESM,2025-01-09,111433,1,2,0,566.0
10109694SOARESM_2025-01-09_G45,10109694SOARESM,2025-01-09,117831,1,30,0,704.0
10109694SOARESM_2025-01-09_G46,10109694SOARESM,2025-01-09,108711,1,2,0,83.0
10109694SOARESM_2025-01-09_G47,10109694SOARESM,2025-01-09,117785,1,37,0,874.0
10109694SOARESM_2025-01-09_G48,10109694SOARESM,2025-01-09,111743,1,4,0,294.0
10109694SOARESM_2025-01-09_G49,10109694SOARESM,2025-01-09,109645,1,1,0,82.0
10109694SOARESM_2025-01-09_G50,10109694SOARESM,2025-01-09,111463,1,46,0,399.0
10109694SOARESM_2025-01-09_G51,10109694SOARESM,2025-01-09,111172,1,3,0,51.0
10109694SOARESM_2025-01-09_G52,10109694SOARESM,2025-01-09,117855,1,4,0,433.0
10109694SOARESM_2025-01-09_G54,10109694SOARESM,2025-01-09,111463,1,16,0,202.0
10109694SOARESM_2025-01-09_G55,10109694SOARESM,2025-01-09,117830,1,8,0,175.0
10109694SOARESM_2025-01-09_G56,10109694SOARESM,2025-01-09,117835,1,10,0,1302.0
10109694SOARESM_2025-01-09_G57,10109694SOARESM,2025-01-09,110742,1,8,0,172.0
10109694SOARESM_2025-01-09_G58,10109694SOARESM,2025-01-09,115775,1,8,0,119.0
10109694SOARESM_2025-01-09_G59,10109694SOARESM,2025-01-09,110747,1,5,0,181.0
10109694SOARESM_2025-01-09_G60,10109694SOARESM,2025-01-09,115773,1,8,0,157.0
10109694SOARESM_2025-01-09_G61,10109694SOARESM,2025-01-09,117809,1,20,0,292.0
10109694SOARESM_2025-01-09_G62,10109694SOARESM,2025-01-09,117809,1,30,0,491.0
10109694SOARESM_2025-01-09_G63,10109694SOARESM,2025-01-09,117809,1,5,0,38.0
10109694SOARESM_2025-01-09_G64,10109694SOARESM,2025-01-09,117809,1,10,0,211.0
10109694SOARESM_2025-01-09_G65,10109694SOARESM,2025-01-09,117830,1,30,0,578.0
10109694SOARESM_2025-01-09_G66,10109694SOARESM,2025-01-09,110373,1,2,0,41.0
10109694SOARESM_2025-01-09_G67,10109694SOARESM,2025-01-09,111418,1,40,0,915.0
10109694SOARESM_2025-01-09_G68,10109694SOARESM,2025-01-09,116241,1,3,0,321.0
10109694SOARESM_2025-01-09_G69,10109694SOARESM,2025-01-09,109645,1,2,0,143.0
10109694SOARESM_2025-01-09_G70,10109694SOARESM,2025-01-09,111463,1,10,0,188.0
10109694SOARESM_2025-01-09_G71,10109694SOARESM,2025-01-09,111463,1,6,0,93.0
10109694SOARESM_2025-01-09_G72,10109694SOARESM,2025-01-09,111463,1,10,0,92.0
10109694SOARESM_2025-01-09_G73,10109694SOARESM,2025-01-09,111463,1,30,0,257.0
10109694SOARESM_2025-01-09_G74,10109694SOARESM,2025-01-09,111463,1,20,0,209.0
10109694SOARESM_2025-01-09_G75,10109694SOARESM,2025-01-09,111466,1,10,0,183.0
10109694SOARESM_2025-01-10_G02,10109694SOARESM,2025-01-10,111876,1,12,0,443.0
10109694SOARESM_2025-01-10_G03,10109694SOARESM,2025-01-10,117855,1,35,0,311.0
10109694SOARESM_2025-01-10_G04,10109694SOARESM,2025-01-10,108794,1,100,0,631.0
10109694SOARESM_2025-01-10_G05,10109694SOARESM,2025-01-10,111418,1,29,0,294.0
10109694SOARESM_2025-01-10_G06,10109694SOARESM,2025-01-10,111466,1,258,0,848.0
10109694SOARESM_2025-01-10_G07,10109694SOARESM,2025-01-10,110743,1,50,0,357.0
10109694SOARESM_2025-01-10_G08,10109694SOARESM,2025-01-10,117821,1,4,0,1729.0
10109694SOARESM_2025-01-10_G09,10109694SOARESM,2025-01-10,118140,1,4,0,122.0
10109694SOARESM_2025-01-10_G10,10109694SOARESM,2025-01-10,111532,1,3,0,56.0
10109694SOARESM_2025-01-10_G11,10109694SOARESM,2025-01-10,107236,1,2,0,88.0
10109694SOARESM_2025-01-10_G12,10109694SOARESM,2025-01-10,110740,1,4,0,67.0
10109694SOARESM_2025-01-10_G13,10109694SOARESM,2025-01-10,111431,1,2,0,45.0
10109694SOARESM_2025-01-10_G14,10109694SOARESM,2025-01-10,111468,1,5,0,94.0
10109694SOARESM_2025-01-10_G15,10109694SOARESM,2025-01-10,110787,1,4,0,88.0
10109694SOARESM_2025-01-10_G16,10109694SOARESM,2025-01-10,117831,1,4,0,86.0
10109694SOARESM_2025-01-10_G17,10109694SOARESM,2025-01-10,111418,1,30,0,402.0
10109694SOARESM_2025-01-10_G18,10109694SOARESM,2025-01-10,110751,1,5,0,76.0
10109694SOARESM_2025-01-10_G19,10109694SOARESM,2025-01-10,111348,1,1,0,31.0
10109694SOARESM_2025-01-10_G20,10109694SOARESM,2025-01-10,108798,1,8,0,124.0
10109694SOARESM_2025-01-10_G21,10109694SOARESM,2025-01-10,116241,1,4,0,97.0
10109694SOARESM_2025-01-10_G22,10109694SOARESM,2025-01-10,108795,1,6,0,81.0
10109694SOARESM_2025-01-10_G23,10109694SOARESM,2025-01-10,117787,1,4,0,260.0
10109694SOARESM_2025-01-10_G24,10109694SOARESM,2025-01-10,108711,1,8,0,151.0
10109694SOARESM_2025-01-10_G25,10109694SOARESM,2025-01-10,108711,1,8,0,63.0
10109694SOARESM_2025-01-10_G26,10109694SOARESM,2025-01-10,109645,1,4,0,71.0
10109694SOARESM_2025-01-10_G27,10109694SOARESM,2025-01-10,111465,1,4,0,53.0
10109694SOARESM_2025-01-10_G28,10109694SOARESM,2025-01-10,111172,1,2,0,81.0
10109694SOARESM_2025-01-10_G29,10109694SOARESM,2025-01-10,110743,1,4,0,50.0
10109694SOARESM_2025-01-10_G30,10109694SOARESM,2025-01-10,111442,1,1,0,47.0
10109694SOARESM_2025-01-10_G32,10109694SOARESM,2025-01-10,110313,1,4,0,403.0
10109694SOARESM_2025-01-10_G33,10109694SOARESM,2025-01-10,118004,1,1,0,135.0
10109694SOARESM_2025-01-10_G34,10109694SOARESM,2025-01-10,110515,1,8,0,213.0
10109694SOARESM_2025-01-10_G35,10109694SOARESM,2025-01-10,117862,1,2,0,103.0
10109694SOARESM_2025-01-10_G36,10109694SOARESM,2025-01-10,117831,1,3,0,105.0
10109694SOARESM_2025-01-10_G37,10109694SOARESM,2025-01-10,117831,1,4,0,41.0
10109694SOARESM_2025-01-10_G38,10109694SOARESM,2025-01-10,111348,1,8,0,476.0
10109694SOARESM_2025-01-10_G39,10109694SOARESM,2025-01-10,111463,1,8,0,227.0
10109694SOARESM_2025-01-10_G40,10109694SOARESM,2025-01-10,108711,1,11,0,378.0
10109694SOARESM_2025-01-10_G41,10109694SOARESM,2025-01-10,111442,1,6,0,393.0
10109694SOARESM_2025-01-10_G42,10109694SOARESM,2025-01-10,117820,1,22,0,561.0
10109694SOARESM_2025-01-10_G43,10109694SOARESM,2025-01-10,117808,1,20,0,115.0
10109694SOARESM_2025-01-10_G44,10109694SOARESM,2025-01-10,117830,1,8,0,138.0
10109694SOARESM_2025-01-10_G45,10109694SOARESM,2025-01-10,111532,1,27,0,701.0
10109694SOARESM_2025-01-10_G46,10109694SOARESM,2025-01-10,117831,1,10,0,187.0
10109694SOARESM_2025-01-10_G47,10109694SOARESM,2025-01-10,111463,1,20,0,93.0
10109694SOARESM_2025-01-10_G48,10109694SOARESM,2025-01-10,110374,1,4,0,1215.0
10109694SOARESM_2025-01-10_G49,10109694SOARESM,2025-01-10,117809,1,2,0,106.0
10109694SOARESM_2025-01-10_G50,10109694SOARESM,2025-01-10,117820,1,4,0,168.0
10109694SOARESM_2025-01-10_G51,10109694SOARESM,2025-01-10,110374,1,8,0,153.0
10109694SOARESM_2025-01-10_G52,10109694SOARESM,2025-01-10,117832,1,7,0,145.0
10109694SOARESM_2025-01-10_G53,10109694SOARESM,2025-01-10,117830,1,20,0,341.0
10109694SOARESM_2025-01-13_G02,10109694SOARESM,2025-01-13,110742,1,2,0,47.0
10109694SOARESM_2025-01-13_G03,10109694SOARESM,2025-01-13,110339,1,9,0,318.0
10109694SOARESM_2025-01-13_G04,10109694SOARESM,2025-01-13,111439,1,6,0,166.0
10109694SOARESM_2025-01-13_G05,10109694SOARESM,2025-01-13,111467,1,4,0,116.0
10109694SOARESM_2025-01-13_G06,10109694SOARESM,2025-01-13,110374,1,2,0,129.0
10109694SOARESM_2025-01-13_G07,10109694SOARESM,2025-01-13,117808,1,284,0,1284.0
10109694SOARESM_2025-01-13_G08,10109694SOARESM,2025-01-13,117832,1,6,0,563.0
10109694SOARESM_2025-01-13_G09,10109694SOARESM,2025-01-13,110371,1,5,0,86.0
10109694SOARESM_2025-01-13_G10,10109694SOARESM,2025-01-13,117808,1,154,0,532.0
10109694SOARESM_2025-01-13_G11,10109694SOARESM,2025-01-13,117832,1,6,0,891.0
10109694SOARESM_2025-01-13_G12,10109694SOARESM,2025-01-13,118317,1,3,0,952.0
10109694SOARESM_2025-01-13_G13,10109694SOARESM,2025-01-13,111444,1,4,0,284.0
10109694SOARESM_2025-01-13_G14,10109694SOARESM,2025-01-13,111443,1,5,0,277.0
10109694SOARESM_2025-01-13_G15,10109694SOARESM,2025-01-13,111532,1,7,0,108.0
10109694SOARESM_2025-01-13_G16,10109694SOARESM,2025-01-13,110787,1,2,0,81.0
10109694SOARESM_2025-01-13_G17,10109694SOARESM,2025-01-13,117831,1,9,0,90.0
10109694SOARESM_2025-01-13_G18,10109694SOARESM,2025-01-13,117831,1,12,0,108.0
10109694SOARESM_2025-01-13_G19,10109694SOARESM,2025-01-13,140922,1,22,0,235.0
10109694SOARESM_2025-01-13_G20,10109694SOARESM,2025-01-13,140922,1,6,0,57.0
10109694SOARESM_2025-01-13_G21,10109694SOARESM,2025-01-13,117787,1,8,0,79.0
10109694SOARESM_2025-01-13_G22,10109694SOARESM,2025-01-13,105705,1,4,0,60.0
10109694SOARESM_2025-01-13_G23,10109694SOARESM,2025-01-13,108711,1,15,0,343.0
10109694SOARESM_2025-01-13_G24,10109694SOARESM,2025-01-13,108711,1,4,0,70.0
10109694SOARESM_2025-01-13_G25,10109694SOARESM,2025-01-13,108711,1,12,0,532.0
10109694SOARESM_2025-01-13_G26,10109694SOARESM,2025-01-13,109645,1,6,0,68.0
10109694SOARESM_2025-01-13_G27,10109694SOARESM,2025-01-13,109645,1,11,0,440.0
10109694SOARESM_2025-01-13_G28,10109694SOARESM,2025-01-13,109645,1,20,0,245.0
10109694SOARESM_2025-01-13_G29,10109694SOARESM,2025-01-13,109645,1,6,0,37.0
10109694SOARESM_2025-01-13_G30,10109694SOARESM,2025-01-13,111465,1,9,0,110.0
10109694SOARESM_2025-01-13_G31,10109694SOARESM,2025-01-13,111462,1,7,0,194.0
10109694SOARESM_2025-01-13_G32,10109694SOARESM,2025-01-13,111463,1,70,0,1136.0
10109694SOARESM_2025-01-13_G33,10109694SOARESM,2025-01-13,111463,1,8,0,144.0
10109694SOARESM_2025-01-13_G34,10109694SOARESM,2025-01-13,117831,1,20,0,562.0
10109694SOARESM_2025-01-13_G35,10109694SOARESM,2025-01-13,111530,1,140,0,950.0
10109694SOARESM_2025-01-13_G36,10109694SOARESM,2025-01-13,110313,1,50,0,232.0
10109694SOARESM_2025-01-13_G37,10109694SOARESM,2025-01-13,118094,1,70,0,190.0
10109694SOARESM_2025-01-13_G38,10109694SOARESM,2025-01-13,110711,1,60,0,704.0
10109694SOARESM_2025-01-13_G39,10109694SOARESM,2025-01-13,117820,1,130,0,751.0
10109694SOARESM_2025-01-13_G40,10109694SOARESM,2025-01-13,117809,1,200,0,748.0
10109694SOARESM_2025-01-13_G41,10109694SOARESM,2025-01-13,110372,1,90,0,403.0
10109694SOARESM_2025-01-13_G42,10109694SOARESM,2025-01-13,117832,1,80,0,714.0
10109694SOARESM_2025-01-13_G44,10109694SOARESM,2025-01-13,117820,1,31,0,948.0
10109694SOARESM_2025-01-13_G45,10109694SOARESM,2025-01-13,117809,1,6,0,111.0
10109694SOARESM_2025-01-13_G46,10109694SOARESM,2025-01-13,107830,1,2,0,79.0
10109694SOARESM_2025-01-13_G47,10109694SOARESM,2025-01-13,110372,1,40,0,379.0
10109694SOARESM_2025-01-13_G48,10109694SOARESM,2025-01-13,117832,1,6,0,68.0
10109694SOARESM_2025-01-13_G49,10109694SOARESM,2025-01-13,110375,1,3,0,78.0
10109694SOARESM_2025-01-13_G50,10109694SOARESM,2025-01-13,117830,1,4,0,70.0
10109694SOARESM_2025-01-13_G51,10109694SOARESM,2025-01-13,111438,1,4,0,580.0
10109694SOARESM_2025-01-13_G52,10109694SOARESM,2025-01-13,111430,1,2,0,384.0
10109694SOARESM_2025-01-13_G53,10109694SOARESM,2025-01-13,111850,1,2,0,124.0
10109694SOARESM_2025-01-13_G54,10109694SOARESM,2025-01-13,108711,1,9,0,397.0
10109694SOARESM_2025-01-13_G55,10109694SOARESM,2025-01-13,108794,1,6,0,121.0
10109694SOARESM_2025-01-13_G56,10109694SOARESM,2025-01-13,118140,1,2,0,76.0
10109694SOARESM_2025-01-13_G57,10109694SOARESM,2025-01-13,117831,1,2,0,280.0
10109694SOARESM_2025-01-13_G58,10109694SOARESM,2025-01-13,111418,1,12,0,132.0
10109694SOARESM_2025-01-13_G59,10109694SOARESM,2025-01-13,117833,1,4,0,105.0
10109694SOARESM_2025-01-13_G60,10109694SOARESM,2025-01-13,110339,1,4,0,523.0
10109694SOARESM_2025-01-13_G61,10109694SOARESM,2025-01-13,111467,1,4,0,137.0
10109694SOARESM_2025-01-13_G62,10109694SOARESM,2025-01-13,118094,1,2,0,82.0
10109694SOARESM_2025-01-13_G63,10109694SOARESM,2025-01-13,117786,1,4,0,121.0
10109694SOARESM_2025-01-13_G64,10109694SOARESM,2025-01-13,117862,1,4,0,134.0
10109694SOARESM_2025-01-13_G65,10109694SOARESM,2025-01-13,118140,1,2,0,153.0
10109694SOARESM_2025-01-13_G66,10109694SOARESM,2025-01-13,110740,1,3,0,112.0
10109694SOARESM_2025-01-13_G67,10109694SOARESM,2025-01-13,117821,1,2,0,179.0
10109694SOARESM_2025-01-13_G68,10109694SOARESM,2025-01-13,117785,1,3,0,100.0
10109694SOARESM_2025-01-13_G69,10109694SOARESM,2025-01-13,111469,1,4,0,174.0
10109694SOARESM_2025-01-13_G70,10109694SOARESM,2025-01-13,117830,1,7,0,293.0
10109694SOARESM_2025-01-13_G71,10109694SOARESM,2025-01-13,117832,1,4,0,112.0
10109694SOARESM_2025-01-13_G72,10109694SOARESM,2025-01-13,110375,1,1,0,35.0
10109694SOARESM_2025-01-13_G73,10109694SOARESM,2025-01-13,117820,1,26,0,585.0
10109694SOARESM_2025-01-14_G02,10109694SOARESM,2025-01-14,110092,1,2,0,150.0
10109694SOARESM_2025-01-14_G03,10109694SOARESM,2025-01-14,110339,1,30,0,572.0
10109694SOARESM_2025-01-14_G04,10109694SOARESM,2025-01-14,110313,1,19,0,450.0
10109694SOARESM_2025-01-14_G05,10109694SOARESM,2025-01-14,111650,1,2,0,69.0
10109694SOARESM_2025-01-14_G06,10109694SOARESM,2025-01-14,118094,1,19,0,212.0
10109694SOARESM_2025-01-14_G07,10109694SOARESM,2025-01-14,109647,1,2,0,100.0
10109694SOARESM_2025-01-14_G08,10109694SOARESM,2025-01-14,117965,1,3,0,130.0
10109694SOARESM_2025-01-14_G09,10109694SOARESM,2025-01-14,117862,1,8,0,271.0
10109694SOARESM_2025-01-14_G10,10109694SOARESM,2025-01-14,141047,1,15,0,301.0
10109694SOARESM_2025-01-14_G11,10109694SOARESM,2025-01-14,108711,1,20,0,448.0
10109694SOARESM_2025-01-14_G12,10109694SOARESM,2025-01-14,117831,1,80,0,324.0
10109694SOARESM_2025-01-14_G13,10109694SOARESM,2025-01-14,116241,1,4,0,150.0
10109694SOARESM_2025-01-14_G14,10109694SOARESM,2025-01-14,117833,1,20,0,209.0
10109694SOARESM_2025-01-14_G15,10109694SOARESM,2025-01-14,108711,1,16,0,1962.0
10109694SOARESM_2025-01-14_G16,10109694SOARESM,2025-01-14,140911,1,6,0,199.0
10109694SOARESM_2025-01-14_G17,10109694SOARESM,2025-01-14,140911,1,4,0,58.0
10109694SOARESM_2025-01-14_G18,10109694SOARESM,2025-01-14,110755,1,4,0,1127.0
10109694SOARESM_2025-01-14_G19,10109694SOARESM,2025-01-14,110747,1,3,0,95.0
10109694SOARESM_2025-01-14_G20,10109694SOARESM,2025-01-14,110339,1,8,0,220.0
10109694SOARESM_2025-01-14_G21,10109694SOARESM,2025-01-14,110313,1,13,0,228.0
10109694SOARESM_2025-01-14_G22,10109694SOARESM,2025-01-14,110711,1,4,0,141.0
10109694SOARESM_2025-01-14_G23,10109694SOARESM,2025-01-14,108794,1,4,0,195.0
10109694SOARESM_2025-01-14_G24,10109694SOARESM,2025-01-14,117831,1,4,0,224.0
10109694SOARESM_2025-01-14_G25,10109694SOARESM,2025-01-14,109645,1,8,0,146.0
10109694SOARESM_2025-01-14_G26,10109694SOARESM,2025-01-14,109645,1,13,0,147.0
10109694SOARESM_2025-01-14_G27,10109694SOARESM,2025-01-14,108798,1,5,0,75.0
10109694SOARESM_2025-01-14_G28,10109694SOARESM,2025-01-14,117785,1,4,0,158.0
10109694SOARESM_2025-01-14_G29,10109694SOARESM,2025-01-14,111418,1,38,0,397.0
10109694SOARESM_2025-01-14_G30,10109694SOARESM,2025-01-14,111462,1,2,0,277.0
10109694SOARESM_2025-01-14_G31,10109694SOARESM,2025-01-14,117808,1,16,0,214.0
10109694SOARESM_2025-01-14_G32,10109694SOARESM,2025-01-14,107830,1,2,0,287.0
10109694SOARESM_2025-01-14_G33,10109694SOARESM,2025-01-14,107830,1,10,0,100.0
10109694SOARESM_2025-01-14_G34,10109694SOARESM,2025-01-14,160053,1,10,0,513.0
10109694SOARESM_2025-01-14_G35,10109694SOARESM,2025-01-14,118299,1,33,0,345.0
10109694SOARESM_2025-01-14_G36,10109694SOARESM,2025-01-14,117832,1,9,0,346.0
10109694SOARESM_2025-01-14_G37,10109694SOARESM,2025-01-14,117832,1,2,0,52.0
10109694SOARESM_2025-01-14_G38,10109694SOARESM,2025-01-14,110371,1,9,0,204.0
10109694SOARESM_2025-01-14_G39,10109694SOARESM,2025-01-14,117820,1,6,0,180.0
10109694SOARESM_2025-01-14_G40,10109694SOARESM,2025-01-14,108711,1,12,0,282.0
10109694SOARESM_2025-01-14_G42,10109694SOARESM,2025-01-14,109643,1,6,0,209.0
10109694SOARESM_2025-01-14_G43,10109694SOARESM,2025-01-14,118140,1,100,0,610.0
10109694SOARESM_2025-01-14_G44,10109694SOARESM,2025-01-14,118140,1,2,0,128.0
10109694SOARESM_2025-01-14_G46,10109694SOARESM,2025-01-14,111442,1,10,0,43.0
10109694SOARESM_2025-01-14_G47,10109694SOARESM,2025-01-14,110787,1,10,0,383.0
10109694SOARESM_2025-01-14_G48,10109694SOARESM,2025-01-14,110787,1,10,0,100.0
10109694SOARESM_2025-01-14_G49,10109694SOARESM,2025-01-14,111465,1,2,0,81.0
10109694SOARESM_2025-01-14_G50,10109694SOARESM,2025-01-14,111418,1,20,0,33.0
10109694SOARESM_2025-01-14_G51,10109694SOARESM,2025-01-14,110740,1,4,0,691.0
10109694SOARESM_2025-01-14_G52,10109694SOARESM,2025-01-14,117808,1,4,0,307.0
10109694SOARESM_2025-01-14_G53,10109694SOARESM,2025-01-14,117820,1,30,0,411.0
10109694SOARESM_2025-01-14_G54,10109694SOARESM,2025-01-14,117832,1,8,0,385.0
10109694SOARESM_2025-01-14_G55,10109694SOARESM,2025-01-14,117836,1,4,0,220.0
10109694SOARESM_2025-01-14_G56,10109694SOARESM,2025-01-14,111530,1,8,0,289.0
10109694SOARESM_2025-01-14_G57,10109694SOARESM,2025-01-14,111602,1,4,0,156.0
10109694SOARESM_2025-01-14_G58,10109694SOARESM,2025-01-14,118317,1,3,0,200.0
10109694SOARESM_2025-01-14_G59,10109694SOARESM,2025-01-14,110740,1,4,0,254.0
10109694SOARESM_2025-01-14_G60,10109694SOARESM,2025-01-14,111602,1,8,0,927.0
10109694SOARESM_2025-01-14_G61,10109694SOARESM,2025-01-14,118322,1,4,0,366.0
10109694SOARESM_2025-01-14_G62,10109694SOARESM,2025-01-14,117855,1,4,0,54.0
10109694SOARESM_2025-01-15_G02,10109694SOARESM,2025-01-15,118403,1,103,0,708.0
10109694SOARESM_2025-01-15_G03,10109694SOARESM,2025-01-15,118403,1,113,0,562.0
10109694SOARESM_2025-01-15_G04,10109694SOARESM,2025-01-15,118140,1,4,0,879.0
10109694SOARESM_2025-01-15_G05,10109694SOARESM,2025-01-15,140922,1,4,0,217.0
10109694SOARESM_2025-01-15_G06,10109694SOARESM,2025-01-15,110313,1,4,0,201.0
10109694SOARESM_2025-01-15_G07,10109694SOARESM,2025-01-15,117808,1,33,0,366.0
10109694SOARESM_2025-01-15_G08,10109694SOARESM,2025-01-15,117808,1,17,0,399.0
10109694SOARESM_2025-01-15_G09,10109694SOARESM,2025-01-15,117808,1,3,0,89.0
10109694SOARESM_2025-01-15_G10,10109694SOARESM,2025-01-15,111113,1,4,0,540.0
10109694SOARESM_2025-01-15_G11,10109694SOARESM,2025-01-15,110313,1,4,0,405.0
10109694SOARESM_2025-01-15_G12,10109694SOARESM,2025-01-15,118299,1,30,0,631.0
10109694SOARESM_2025-01-15_G13,10109694SOARESM,2025-01-15,118140,1,1,0,1517.0
10109694SOARESM_2025-01-15_G14,10109694SOARESM,2025-01-15,117808,1,73,0,729.0
10109694SOARESM_2025-01-15_G15,10109694SOARESM,2025-01-15,118299,1,35,0,954.0
10109694SOARESM_2025-01-15_G16,10109694SOARESM,2025-01-15,110313,1,8,0,343.0
10109694SOARESM_2025-01-15_G17,10109694SOARESM,2025-01-15,117808,1,5,0,321.0
10109694SOARESM_2025-01-15_G18,10109694SOARESM,2025-01-15,140911,1,4,0,149.0
10109694SOARESM_2025-01-15_G19,10109694SOARESM,2025-01-15,111441,1,10,0,375.0
10109694SOARESM_2025-01-15_G20,10109694SOARESM,2025-01-15,140922,1,5,0,362.0
10109694SOARESM_2025-01-15_G21,10109694SOARESM,2025-01-15,117808,1,32,0,582.0
10109694SOARESM_2025-01-15_G22,10109694SOARESM,2025-01-15,140911,1,8,0,632.0
10109694SOARESM_2025-01-15_G23,10109694SOARESM,2025-01-15,111602,1,4,0,201.0
10109694SOARESM_2025-01-15_G24,10109694SOARESM,2025-01-15,117808,1,33,0,303.0
10109694SOARESM_2025-01-15_G25,10109694SOARESM,2025-01-15,140922,1,6,0,156.0
10109694SOARESM_2025-01-15_G26,10109694SOARESM,2025-01-15,118299,1,40,0,1737.0
10109694SOARESM_2025-01-15_G27,10109694SOARESM,2025-01-15,111465,1,2,0,115.0
10109694SOARESM_2025-01-15_G28,10109694SOARESM,2025-01-15,117808,1,30,0,234.0
10109694SOARESM_2025-01-15_G29,10109694SOARESM,2025-01-15,110582,1,1,0,580.0
10109694SOARESM_2025-01-15_G30,10109694SOARESM,2025-01-15,108798,1,3,0,109.0
10109694SOARESM_2025-01-15_G31,10109694SOARESM,2025-01-15,118094,1,11,0,369.0
10109694SOARESM_2025-01-15_G33,10109694SOARESM,2025-01-15,111465,1,560,0,2206.0
10109694SOARESM_2025-01-15_G34,10109694SOARESM,2025-01-15,117831,1,400,0,1904.0
10109694SOARESM_2025-01-15_G35,10109694SOARESM,2025-01-15,108711,1,180,0,504.0
10109694SOARESM_2025-01-15_G37,10109694SOARESM,2025-01-15,118299,1,108,0,316.0
10109694SOARESM_2025-01-16_G02,10109694SOARESM,2025-01-16,110371,1,18,0,307.0
10109694SOARESM_2025-01-16_G03,10109694SOARESM,2025-01-16,111602,1,20,0,395.0
10109694SOARESM_2025-01-16_G04,10109694SOARESM,2025-01-16,118299,1,8,0,303.0
10109694SOARESM_2025-01-16_G05,10109694SOARESM,2025-01-16,117809,1,8,0,201.0
10109694SOARESM_2025-01-16_G06,10109694SOARESM,2025-01-16,118299,1,11,0,511.0
10109694SOARESM_2025-01-16_G07,10109694SOARESM,2025-01-16,118418,1,3,0,307.0
10109694SOARESM_2025-01-16_G08,10109694SOARESM,2025-01-16,111602,1,10,0,199.0
10109694SOARESM_2025-01-16_G09,10109694SOARESM,2025-01-16,110711,1,5,0,151.0
10109694SOARESM_2025-01-16_G10,10109694SOARESM,2025-01-16,110313,1,4,0,126.0
10109694SOARESM_2025-01-16_G11,10109694SOARESM,2025-01-16,160057,1,20,0,1432.0
10109694SOARESM_2025-01-16_G12,10109694SOARESM,2025-01-16,160051,1,20,0,340.0
10109694SOARESM_2025-01-16_G13,10109694SOARESM,2025-01-16,108794,1,6,0,227.0
10109694SOARESM_2025-01-16_G14,10109694SOARESM,2025-01-16,111602,1,8,0,236.0
10109694SOARESM_2025-01-16_G15,10109694SOARESM,2025-01-16,140922,1,4,0,175.0
10109694SOARESM_2025-01-16_G16,10109694SOARESM,2025-01-16,111463,1,8,0,586.0
10109694SOARESM_2025-01-16_G17,10109694SOARESM,2025-01-16,117808,1,9,0,193.0
10109694SOARESM_2025-01-16_G18,10109694SOARESM,2025-01-16,117808,1,7,0,109.0
10109694SOARESM_2025-01-16_G19,10109694SOARESM,2025-01-16,111650,1,2,0,126.0
10109694SOARESM_2025-01-16_G20,10109694SOARESM,2025-01-16,140922,1,4,0,80.0
10109694SOARESM_2025-01-16_G21,10109694SOARESM,2025-01-16,111463,1,4,0,186.0
10109694SOARESM_2025-01-16_G22,10109694SOARESM,2025-01-16,117808,1,8,0,208.0
10109694SOARESM_2025-01-16_G23,10109694SOARESM,2025-01-16,110313,1,4,0,350.0
10109694SOARESM_2025-01-16_G24,10109694SOARESM,2025-01-16,117808,1,14,0,227.0
10109694SOARESM_2025-01-16_G25,10109694SOARESM,2025-01-16,110755,1,4,0,363.0
10109694SOARESM_2025-01-16_G26,10109694SOARESM,2025-01-16,140922,1,4,0,308.0
10109694SOARESM_2025-01-16_G27,10109694SOARESM,2025-01-16,117808,1,42,0,121.0
10109694SOARESM_2025-01-16_G28,10109694SOARESM,2025-01-16,140922,1,1,0,154.0
10109694SOARESM_2025-01-16_G29,10109694SOARESM,2025-01-16,118299,1,14,0,513.0
10109694SOARESM_2025-01-16_G30,10109694SOARESM,2025-01-16,117808,1,10,0,1390.0
10109694SOARESM_2025-01-16_G31,10109694SOARESM,2025-01-16,110733,1,8,0,269.0
10109694SOARESM_2025-01-16_G32,10109694SOARESM,2025-01-16,110733,1,8,0,136.0
10109694SOARESM_2025-01-16_G33,10109694SOARESM,2025-01-16,118140,1,2,0,163.0
10109694SOARESM_2025-01-16_G34,10109694SOARESM,2025-01-16,140922,1,6,0,117.0
10109694SOARESM_2025-01-16_G35,10109694SOARESM,2025-01-16,118299,1,14,0,180.0
10109694SOARESM_2025-01-16_G36,10109694SOARESM,2025-01-16,117808,1,34,0,542.0
10109694SOARESM_2025-01-16_G37,10109694SOARESM,2025-01-16,109643,1,6,0,122.0
10109694SOARESM_2025-01-16_G38,10109694SOARESM,2025-01-16,140922,1,36,0,483.0
10109694SOARESM_2025-01-16_G39,10109694SOARESM,2025-01-16,118299,1,100,0,363.0
10109694SOARESM_2025-01-16_G41,10109694SOARESM,2025-01-16,111441,1,16,0,365.0
10109694SOARESM_2025-01-16_G42,10109694SOARESM,2025-01-16,107236,1,67,0,511.0
10109694SOARESM_2025-01-16_G43,10109694SOARESM,2025-01-16,117831,1,150,0,662.0
10109694SOARESM_2025-01-16_G44,10109694SOARESM,2025-01-16,109747,1,80,0,1971.0
10109694SOARESM_2025-01-16_G45,10109694SOARESM,2025-01-16,117830,1,150,0,768.0
10109694SOARESM_2025-01-16_G46,10109694SOARESM,2025-01-16,117785,1,9,0,137.0
10109694SOARESM_2025-01-16_G47,10109694SOARESM,2025-01-16,110740,1,4,0,99.0
10109694SOARESM_2025-01-16_G48,10109694SOARESM,2025-01-16,111466,1,12,0,141.0
10109694SOARESM_2025-01-16_G49,10109694SOARESM,2025-01-16,109747,1,8,0,177.0
10109694SOARESM_2025-01-16_G50,10109694SOARESM,2025-01-16,118222,1,100,0,1418.0
10109694SOARESM_2025-01-16_G51,10109694SOARESM,2025-01-16,"118094, 117786",2,200,9,1335.0
10109694SOARESM_2025-01-16_G52,10109694SOARESM,2025-01-16,111569,1,55,0,176.0
10109694SOARESM_2025-01-16_G53,10109694SOARESM,2025-01-16,117808,1,4,0,416.0
10109694SOARESM_2025-01-16_G54,10109694SOARESM,2025-01-16,117808,1,4,0,37.0
10109694SOARESM_2025-01-16_G55,10109694SOARESM,2025-01-16,117832,2,208,6,164.0
10109694SOARESM_2025-01-17_G02,10109694SOARESM,2025-01-17,117821,1,12,0,178.0
10109694SOARESM_2025-01-17_G03,10109694SOARESM,2025-01-17,111532,1,3,0,61.0
10109694SOARESM_2025-01-17_G04,10109694SOARESM,2025-01-17,117785,1,95,0,555.0
10109694SOARESM_2025-01-17_G05,10109694SOARESM,2025-01-17,110740,1,6,0,97.0
10109694SOARESM_2025-01-17_G06,10109694SOARESM,2025-01-17,111433,1,3,0,78.0
10109694SOARESM_2025-01-17_G07,10109694SOARESM,2025-01-17,111743,1,2,0,143.0
10109694SOARESM_2025-01-17_G08,10109694SOARESM,2025-01-17,111418,1,49,0,1400.0
10109694SOARESM_2025-01-17_G09,10109694SOARESM,2025-01-17,110743,1,8,0,74.0
10109694SOARESM_2025-01-17_G10,10109694SOARESM,2025-01-17,111463,1,13,0,108.0
10109694SOARESM_2025-01-17_G11,10109694SOARESM,2025-01-17,118222,1,8,0,155.0
10109694SOARESM_2025-01-17_G12,10109694SOARESM,2025-01-17,109937,1,4,0,120.0
10109694SOARESM_2025-01-17_G13,10109694SOARESM,2025-01-17,117785,1,10,0,196.0
10109694SOARESM_2025-01-17_G14,10109694SOARESM,2025-01-17,116241,1,4,0,161.0
10109694SOARESM_2025-01-17_G15,10109694SOARESM,2025-01-17,117808,1,670,0,2283.0
10109694SOARESM_2025-01-17_G16,10109694SOARESM,2025-01-17,117821,1,11,0,722.0
10109694SOARESM_2025-01-17_G17,10109694SOARESM,2025-01-17,118140,1,21,0,253.0
10109694SOARESM_2025-01-17_G18,10109694SOARESM,2025-01-17,140922,1,10,0,496.0
10109694SOARESM_2025-01-17_G19,10109694SOARESM,2025-01-17,110740,1,10,0,529.0
10109694SOARESM_2025-01-17_G20,10109694SOARESM,2025-01-17,117831,1,4,0,135.0
10109694SOARESM_2025-01-17_G21,10109694SOARESM,2025-01-17,117785,1,75,0,195.0
10109694SOARESM_2025-01-17_G22,10109694SOARESM,2025-01-17,110745,1,8,0,115.0
10109694SOARESM_2025-01-17_G23,10109694SOARESM,2025-01-17,116241,1,6,0,113.0
10109694SOARESM_2025-01-17_G24,10109694SOARESM,2025-01-17,108711,1,2,0,71.0
10109694SOARESM_2025-01-17_G25,10109694SOARESM,2025-01-17,111465,1,6,0,136.0
10109694SOARESM_2025-01-17_G26,10109694SOARESM,2025-01-17,111418,1,20,0,946.0
10109694SOARESM_2025-01-17_G27,10109694SOARESM,2025-01-17,111462,1,10,0,83.0
10109694SOARESM_2025-01-17_G28,10109694SOARESM,2025-01-17,118299,1,98,0,441.0
10109694SOARESM_2025-01-17_G29,10109694SOARESM,2025-01-17,117830,1,22,0,312.0
10109694SOARESM_2025-01-17_G30,10109694SOARESM,2025-01-17,117820,1,89,0,973.0
10109694SOARESM_2025-01-17_G31,10109694SOARESM,2025-01-17,117820,1,31,0,145.0
10109694SOARESM_2025-01-17_G32,10109694SOARESM,2025-01-17,117832,1,4,0,267.0
10109694SOARESM_2025-01-17_G33,10109694SOARESM,2025-01-17,110742,1,25,0,287.0
10109694SOARESM_2025-01-17_G34,10109694SOARESM,2025-01-17,110755,1,26,0,523.0
10109694SOARESM_2025-01-17_G35,10109694SOARESM,2025-01-17,111435,1,2,0,371.0
10109694SOARESM_2025-01-17_G36,10109694SOARESM,2025-01-17,118140,1,15,0,177.0
10109694SOARESM_2025-01-17_G37,10109694SOARESM,2025-01-17,110740,1,4,0,101.0
10109694SOARESM_2025-01-17_G38,10109694SOARESM,2025-01-17,111468,1,4,0,61.0
10109694SOARESM_2025-01-17_G39,10109694SOARESM,2025-01-17,109645,1,4,0,144.0
10109694SOARESM_2025-01-17_G40,10109694SOARESM,2025-01-17,108798,2,6,29,55.0
10109694SOARESM_2025-01-17_G41,10109694SOARESM,2025-01-17,116241,1,4,0,94.0
10109694SOARESM_2025-01-17_G42,10109694SOARESM,2025-01-17,111443,1,4,0,369.0
10109694SOARESM_2025-01-17_G43,10109694SOARESM,2025-01-17,111743,1,1,0,67.0
10109694SOARESM_2025-01-17_G44,10109694SOARESM,2025-01-17,111463,1,4,0,106.0
10109694SOARESM_2025-01-17_G45,10109694SOARESM,2025-01-17,109747,1,4,0,183.0
10109694SOARESM_2025-01-17_G46,10109694SOARESM,2025-01-17,118299,1,15,0,148.0
10109694SOARESM_2025-01-17_G47,10109694SOARESM,2025-01-17,107830,1,5,0,155.0
10109694SOARESM_2025-01-17_G48,10109694SOARESM,2025-01-17,109643,1,12,0,470.0
10109694SOARESM_2025-01-17_G49,10109694SOARESM,2025-01-17,160057,1,8,0,491.0
10109694SOARESM_2025-01-17_G51,10109694SOARESM,2025-01-17,140922,1,4,0,201.0
10109694SOARESM_2025-01-17_G52,10109694SOARESM,2025-01-17,140922,1,8,0,105.0
10109694SOARESM_2025-01-17_G53,10109694SOARESM,2025-01-17,140922,1,8,0,86.0
10109694SOARESM_2025-01-17_G54,10109694SOARESM,2025-01-17,118299,1,10,0,225.0
10109694SOARESM_2025-01-17_G55,10109694SOARESM,2025-01-17,111602,1,8,0,262.0
10109694SOARESM_2025-01-17_G56,10109694SOARESM,2025-01-17,111602,1,26,0,342.0
10109694SOARESM_2025-01-17_G57,10109694SOARESM,2025-01-17,111602,1,8,0,574.0
10109694SOARESM_2025-01-17_G58,10109694SOARESM,2025-01-17,111660,1,2,0,117.0
10109694SOARESM_2025-01-17_G59,10109694SOARESM,2025-01-17,141047,1,2,0,472.0
10109694SOARESM_2025-01-17_G60,10109694SOARESM,2025-01-17,111602,1,20,0,508.0
10109694SOARESM_2025-01-17_G61,10109694SOARESM,2025-01-17,140922,1,8,0,608.0
10109694SOARESM_2025-01-17_G62,10109694SOARESM,2025-01-17,118299,1,16,0,240.0
10109694SOARESM_2025-01-17_G63,10109694SOARESM,2025-01-17,111463,1,8,0,1044.0
10109694SOARESM_2025-01-17_G64,10109694SOARESM,2025-01-17,140911,1,2,0,170.0
10109694SOARESM_2025-01-17_G65,10109694SOARESM,2025-01-17,111660,1,1,0,857.0
10109694SOARESM_2025-01-17_G66,10109694SOARESM,2025-01-17,110745,1,12,0,386.0
10109694SOARESM_2025-01-17_G67,10109694SOARESM,2025-01-17,109640,1,50,0,324.0
10109694SOARESM_2025-01-17_G68,10109694SOARESM,2025-01-17,110112,1,4,0,747.0
10109694SOARESM_2025-01-17_G69,10109694SOARESM,2025-01-17,111441,1,1,0,145.0
10109694SOARESM_2025-01-17_G70,10109694SOARESM,2025-01-17,111430,1,2,0,230.0
10109694SOARESM_2025-01-17_G71,10109694SOARESM,2025-01-17,109937,1,4,0,131.0
10109694SOARESM_2025-01-17_G72,10109694SOARESM,2025-01-17,118250,1,4,0,184.0
10109694SOARESM_2025-01-17_G73,10109694SOARESM,2025-01-17,118317,1,6,0,115.0
10109694SOARESM_2025-01-17_G74,10109694SOARESM,2025-01-17,111469,1,2,0,104.0
10109694SOARESM_2025-01-17_G75,10109694SOARESM,2025-01-17,107830,1,3,0,271.0
10109694SOARESM_2025-01-17_G76,10109694SOARESM,2025-01-17,117809,1,4,0,116.0
10109694SOARESM_2025-01-17_G77,10109694SOARESM,2025-01-17,110372,1,18,0,635.0
10109694SOARESM_2025-01-18_G02,10109694SOARESM,2025-01-18,108772,1,13,0,621.0
10109694SOARESM_2025-01-18_G03,10109694SOARESM,2025-01-18,110733,1,4,0,337.0
10109694SOARESM_2025-01-18_G04,10109694SOARESM,2025-01-18,140957,1,8,0,202.0
10109694SOARESM_2025-01-18_G05,10109694SOARESM,2025-01-18,111467,1,9,0,165.0
10109694SOARESM_2025-01-18_G06,10109694SOARESM,2025-01-18,111879,1,1,0,88.0
10109694SOARESM_2025-01-18_G07,10109694SOARESM,2025-01-18,109647,1,12,0,194.0
10109694SOARESM_2025-01-18_G08,10109694SOARESM,2025-01-18,118140,1,80,0,208.0
10109694SOARESM_2025-01-18_G09,10109694SOARESM,2025-01-18,110371,1,84,0,1113.0
10109694SOARESM_2025-01-18_G10,10109694SOARESM,2025-01-18,107830,1,20,0,273.0
10109694SOARESM_2025-01-18_G12,10109694SOARESM,2025-01-18,111755,1,250,0,467.0
10109694SOARESM_2025-01-18_G13,10109694SOARESM,2025-01-18,111431,2,16,19,371.0
10109694SOARESM_2025-01-18_G14,10109694SOARESM,2025-01-18,111431,1,42,0,160.0
10109694SOARESM_2025-01-18_G15,10109694SOARESM,2025-01-18,111723,1,250,0,1085.0
10109694SOARESM_2025-01-18_G16,10109694SOARESM,2025-01-18,111755,1,32,0,138.0
10109694SOARESM_2025-01-18_G17,10109694SOARESM,2025-01-18,111438,1,3,0,965.0
10109694SOARESM_2025-01-18_G18,10109694SOARESM,2025-01-18,110895,1,6,0,111.0
10109694SOARESM_2025-01-18_G19,10109694SOARESM,2025-01-18,110895,1,6,0,61.0
10109694SOARESM_2025-01-18_G20,10109694SOARESM,2025-01-18,117855,1,11,0,151.0
10109694SOARESM_2025-01-18_G21,10109694SOARESM,2025-01-18,117786,1,16,0,317.0
10109694SOARESM_2025-01-18_G22,10109694SOARESM,2025-01-18,117785,1,40,0,199.0
10109694SOARESM_2025-01-18_G23,10109694SOARESM,2025-01-18,111418,1,300,0,1084.0
10109694SOARESM_2025-01-18_G24,10109694SOARESM,2025-01-18,111418,1,4,0,52.0
10109694SOARESM_2025-01-18_G25,10109694SOARESM,2025-01-18,111463,1,17,0,215.0
10109694SOARESM_2025-01-18_G26,10109694SOARESM,2025-01-18,117820,1,18,0,307.0
10109694SOARESM_2025-01-18_G27,10109694SOARESM,2025-01-18,110371,1,35,0,396.0
10109694SOARESM_2025-01-18_G28,10109694SOARESM,2025-01-18,110582,1,1,0,89.0
10109694SOARESM_2025-01-18_G29,10109694SOARESM,2025-01-18,118222,1,12,0,112.0
10109694SOARESM_2025-01-18_G30,10109694SOARESM,2025-01-18,108770,1,3,0,98.0
10109694SOARESM_2025-01-18_G31,10109694SOARESM,2025-01-18,110895,1,18,0,219.0
10109694SOARESM_2025-01-18_G32,10109694SOARESM,2025-01-18,110895,1,5,0,322.0
10109694SOARESM_2025-01-18_G33,10109694SOARESM,2025-01-18,111430,1,4,0,338.0
10109694SOARESM_2025-01-20_G02,10109694SOARESM,2025-01-20,111660,1,12,0,462.0
10109694SOARESM_2025-01-20_G03,10109694SOARESM,2025-01-20,140922,1,24,0,178.0
10109694SOARESM_2025-01-20_G04,10109694SOARESM,2025-01-20,140922,1,14,0,112.0
10109694SOARESM_2025-01-20_G05,10109694SOARESM,2025-01-20,107236,1,14,0,491.0
10109694SOARESM_2025-01-20_G06,10109694SOARESM,2025-01-20,110745,1,10,0,458.0
10109694SOARESM_2025-01-20_G07,10109694SOARESM,2025-01-20,111469,1,49,0,672.0
10109694SOARESM_2025-01-20_G08,10109694SOARESM,2025-01-20,111463,1,10,0,134.0
10109694SOARESM_2025-01-20_G09,10109694SOARESM,2025-01-20,111463,1,10,0,107.0
10109694SOARESM_2025-01-20_G10,10109694SOARESM,2025-01-20,118299,1,47,0,351.0
10109694SOARESM_2025-01-20_G11,10109694SOARESM,2025-01-20,118299,1,50,0,104.0
10109694SOARESM_2025-01-20_G12,10109694SOARESM,2025-01-20,118299,2,123,15,50.0
10109694SOARESM_2025-01-20_G13,10109694SOARESM,2025-01-20,117808,1,100,0,622.0
10109694SOARESM_2025-01-20_G14,10109694SOARESM,2025-01-20,110372,1,120,0,417.0
10109694SOARESM_2025-01-20_G15,10109694SOARESM,2025-01-20,110371,1,30,0,975.0
10109694SOARESM_2025-01-20_G16,10109694SOARESM,2025-01-20,118299,1,5,0,468.0
10109694SOARESM_2025-01-20_G17,10109694SOARESM,2025-01-20,118299,3,75,23,35.0
10109694SOARESM_2025-01-20_G18,10109694SOARESM,2025-01-20,117820,1,40,0,1301.0
10109694SOARESM_2025-01-20_G19,10109694SOARESM,2025-01-20,117820,1,40,0,38.0
10109694SOARESM_2025-01-20_G20,10109694SOARESM,2025-01-20,117808,1,100,0,233.0
10109694SOARESM_2025-01-20_G21,10109694SOARESM,2025-01-20,117808,1,200,0,437.0
10109694SOARESM_2025-01-20_G22,10109694SOARESM,2025-01-20,117808,1,150,0,467.0
10109694SOARESM_2025-01-20_G23,10109694SOARESM,2025-01-20,110372,1,70,0,160.0
10109694SOARESM_2025-01-20_G24,10109694SOARESM,2025-01-20,110372,1,50,0,183.0
10109694SOARESM_2025-01-20_G25,10109694SOARESM,2025-01-20,117809,1,50,0,432.0
10109694SOARESM_2025-01-20_G26,10109694SOARESM,2025-01-20,117830,1,20,0,1585.0
10109694SOARESM_2025-01-20_G28,10109694SOARESM,2025-01-20,110371,2,60,29,234.0
10109694SOARESM_2025-01-20_G29,10109694SOARESM,2025-01-20,110371,1,29,0,37.0
10109694SOARESM_2025-01-20_G30,10109694SOARESM,2025-01-20,118299,2,110,29,811.0
10109694SOARESM_2025-01-20_G31,10109694SOARESM,2025-01-20,117809,1,10,0,1230.0
10109694SOARESM_2025-01-20_G32,10109694SOARESM,2025-01-20,117820,1,30,0,335.0
10109694SOARESM_2025-01-20_G33,10109694SOARESM,2025-01-20,117840,1,8,0,79.0
10109694SOARESM_2025-01-20_G34,10109694SOARESM,2025-01-20,117840,1,4,0,42.0
10109694SOARESM_2025-01-20_G35,10109694SOARESM,2025-01-20,117808,1,80,0,114.0
10109694SOARESM_2025-01-20_G36,10109694SOARESM,2025-01-20,117808,1,70,0,71.0
10109694SOARESM_2025-01-20_G37,10109694SOARESM,2025-01-20,110372,1,40,0,860.0
10109694SOARESM_2025-01-20_G38,10109694SOARESM,2025-01-20,110372,1,52,0,103.0
10109694SOARESM_2025-01-20_G39,10109694SOARESM,2025-01-20,109643,1,4,0,359.0
10109694SOARESM_2025-01-20_G40,10109694SOARESM,2025-01-20,110375,1,10,0,134.0
10109694SOARESM_2025-01-20_G41,10109694SOARESM,2025-01-20,111446,1,6,0,234.0
10109694SOARESM_2025-01-20_G42,10109694SOARESM,2025-01-20,118140,1,8,0,104.0
10109694SOARESM_2025-01-20_G43,10109694SOARESM,2025-01-20,111468,1,4,0,158.0
10109694SOARESM_2025-01-20_G44,10109694SOARESM,2025-01-20,111433,1,2,0,52.0
10109694SOARESM_2025-01-20_G45,10109694SOARESM,2025-01-20,118317,1,8,0,288.0
10109694SOARESM_2025-01-20_G46,10109694SOARESM,2025-01-20,118317,2,20,10,87.0
10109694SOARESM_2025-01-20_G47,10109694SOARESM,2025-01-20,117831,1,10,0,175.0
10109694SOARESM_2025-01-20_G48,10109694SOARESM,2025-01-20,110787,1,10,0,237.0
10109694SOARESM_2025-01-20_G49,10109694SOARESM,2025-01-20,109645,1,4,0,142.0
10109694SOARESM_2025-01-20_G50,10109694SOARESM,2025-01-20,110751,2,7,27,63.0
10109694SOARESM_2025-01-20_G51,10109694SOARESM,2025-01-20,110745,1,4,0,106.0
10109694SOARESM_2025-01-20_G52,10109694SOARESM,2025-01-20,108798,1,6,0,108.0
10109694SOARESM_2025-01-20_G53,10109694SOARESM,2025-01-20,110748,1,2,0,55.0
10109694SOARESM_2025-01-20_G54,10109694SOARESM,2025-01-20,111443,1,2,0,75.0
10109694SOARESM_2025-01-20_G55,10109694SOARESM,2025-01-20,110129,1,10,0,117.0
10109694SOARESM_2025-01-20_G56,10109694SOARESM,2025-01-20,108711,1,10,0,141.0
10109694SOARESM_2025-01-20_G57,10109694SOARESM,2025-01-20,111465,1,2,0,285.0
10109694SOARESM_2025-01-21_G02,10109694SOARESM,2025-01-21,110339,1,2,0,213.0
10109694SOARESM_2025-01-21_G03,10109694SOARESM,2025-01-21,118140,1,2,0,86.0
10109694SOARESM_2025-01-21_G04,10109694SOARESM,2025-01-21,109641,1,2,0,142.0
10109694SOARESM_2025-01-21_G05,10109694SOARESM,2025-01-21,109641,1,2,0,33.0
10109694SOARESM_2025-01-21_G06,10109694SOARESM,2025-01-21,111850,1,4,0,447.0
10109694SOARESM_2025-01-21_G07,10109694SOARESM,2025-01-21,111655,1,3,0,106.0
10109694SOARESM_2025-01-21_G08,10109694SOARESM,2025-01-21,108770,1,1,0,122.0
10109694SOARESM_2025-01-21_G09,10109694SOARESM,2025-01-21,110895,1,4,0,211.0
10109694SOARESM_2025-01-21_G10,10109694SOARESM,2025-01-21,111569,1,1,0,38.0
10109694SOARESM_2025-01-21_G11,10109694SOARESM,2025-01-21,111569,1,3,0,75.0
10109694SOARESM_2025-01-21_G12,10109694SOARESM,2025-01-21,110747,1,4,0,175.0
10109694SOARESM_2025-01-21_G13,10109694SOARESM,2025-01-21,111444,1,4,0,150.0
10109694SOARESM_2025-01-21_G14,10109694SOARESM,2025-01-21,111442,1,8,0,848.0
10109694SOARESM_2025-01-21_G15,10109694SOARESM,2025-01-21,107236,1,2,0,36.0
10109694SOARESM_2025-01-21_G16,10109694SOARESM,2025-01-21,109641,1,4,0,69.0
10109694SOARESM_2025-01-21_G17,10109694SOARESM,2025-01-21,109641,1,6,0,68.0
10109694SOARESM_2025-01-21_G18,10109694SOARESM,2025-01-21,117831,1,4,0,116.0
10109694SOARESM_2025-01-21_G19,10109694SOARESM,2025-01-21,111348,1,6,0,242.0
10109694SOARESM_2025-01-21_G20,10109694SOARESM,2025-01-21,110895,1,4,0,441.0
10109694SOARESM_2025-01-21_G21,10109694SOARESM,2025-01-21,118004,1,4,0,493.0
10109694SOARESM_2025-01-21_G22,10109694SOARESM,2025-01-21,111602,1,3,0,170.0
10109694SOARESM_2025-01-21_G23,10109694SOARESM,2025-01-21,111466,1,3,0,93.0
10109694SOARESM_2025-01-21_G24,10109694SOARESM,2025-01-21,108711,1,1,0,93.0
10109694SOARESM_2025-01-21_G25,10109694SOARESM,2025-01-21,110895,1,4,0,210.0
10109694SOARESM_2025-01-21_G26,10109694SOARESM,2025-01-21,110313,1,4,0,101.0
10109694SOARESM_2025-01-21_G27,10109694SOARESM,2025-01-21,111602,1,28,0,246.0
10109694SOARESM_2025-01-21_G28,10109694SOARESM,2025-01-21,110895,1,4,0,132.0
10109694SOARESM_2025-01-21_G29,10109694SOARESM,2025-01-21,110313,1,2,0,53.0
10109694SOARESM_2025-01-21_G30,10109694SOARESM,2025-01-21,111602,1,10,0,49.0
10109694SOARESM_2025-01-21_G31,10109694SOARESM,2025-01-21,118094,1,2,0,162.0
10109694SOARESM_2025-01-21_G32,10109694SOARESM,2025-01-21,110711,1,5,0,127.0
10109694SOARESM_2025-01-21_G33,10109694SOARESM,2025-01-21,117831,1,12,0,126.0
10109694SOARESM_2025-01-21_G34,10109694SOARESM,2025-01-21,111469,1,8,0,173.0
10109694SOARESM_2025-01-21_G35,10109694SOARESM,2025-01-21,117855,1,8,0,795.0
10109694SOARESM_2025-01-21_G36,10109694SOARESM,2025-01-21,140922,1,8,0,95.0
10109694SOARESM_2025-01-21_G37,10109694SOARESM,2025-01-21,110373,1,16,0,198.0
10109694SOARESM_2025-01-21_G38,10109694SOARESM,2025-01-21,110372,1,5,0,86.0
10109694SOARESM_2025-01-21_G39,10109694SOARESM,2025-01-21,100334,1,4,0,376.0
10109694SOARESM_2025-01-21_G40,10109694SOARESM,2025-01-21,110339,1,4,0,151.0
10109694SOARESM_2025-01-21_G41,10109694SOARESM,2025-01-21,118140,1,1,0,780.0
10109694SOARESM_2025-01-21_G42,10109694SOARESM,2025-01-21,110080,1,1,0,64.0
10109694SOARESM_2025-01-21_G43,10109694SOARESM,2025-01-21,110372,1,8,0,87.0
10109694SOARESM_2025-01-21_G44,10109694SOARESM,2025-01-21,110841,1,1,0,852.0
10109694SOARESM_2025-01-21_G45,10109694SOARESM,2025-01-21,118222,1,12,0,966.0
10109694SOARESM_2025-01-21_G46,10109694SOARESM,2025-01-21,117836,1,12,0,439.0
10109694SOARESM_2025-01-21_G47,10109694SOARESM,2025-01-21,110742,1,3,0,81.0
10109694SOARESM_2025-01-21_G48,10109694SOARESM,2025-01-21,111569,1,12,0,182.0
10109694SOARESM_2025-01-21_G49,10109694SOARESM,2025-01-21,111861,1,2,0,84.0
10109694SOARESM_2025-01-21_G50,10109694SOARESM,2025-01-21,110747,1,4,0,156.0
10109694SOARESM_2025-01-21_G51,10109694SOARESM,2025-01-21,105359,1,2,0,290.0
10109694SOARESM_2025-01-21_G52,10109694SOARESM,2025-01-21,109495,1,2,0,201.0
10109694SOARESM_2025-01-21_G53,10109694SOARESM,2025-01-21,110623,1,12,0,162.0
10109694SOARESM_2025-01-21_G54,10109694SOARESM,2025-01-21,109645,1,8,0,142.0
10109694SOARESM_2025-01-21_G55,10109694SOARESM,2025-01-21,111443,1,2,0,107.0
10109694SOARESM_2025-01-21_G56,10109694SOARESM,2025-01-21,105705,1,2,0,103.0
10109694SOARESM_2025-01-21_G57,10109694SOARESM,2025-01-21,110743,1,8,0,106.0
10109694SOARESM_2025-01-21_G58,10109694SOARESM,2025-01-21,108798,1,16,0,500.0
10109694SOARESM_2025-01-21_G59,10109694SOARESM,2025-01-21,108795,1,20,0,145.0
10109694SOARESM_2025-01-21_G60,10109694SOARESM,2025-01-21,110372,1,136,0,323.0
10109694SOARESM_2025-01-21_G61,10109694SOARESM,2025-01-21,109643,1,6,0,302.0
10109694SOARESM_2025-01-21_G63,10109694SOARESM,2025-01-21,111438,1,2,0,310.0
10109694SOARESM_2025-01-21_G64,10109694SOARESM,2025-01-21,110895,1,8,0,329.0
10109694SOARESM_2025-01-21_G65,10109694SOARESM,2025-01-21,117808,1,10,0,147.0
10109694SOARESM_2025-01-21_G66,10109694SOARESM,2025-01-21,110374,1,8,0,183.0
10109694SOARESM_2025-01-21_G67,10109694SOARESM,2025-01-21,110373,1,20,0,254.0
10109694SOARESM_2025-01-21_G68,10109694SOARESM,2025-01-21,110373,1,20,0,141.0
10109694SOARESM_2025-01-21_G69,10109694SOARESM,2025-01-21,110371,1,8,0,397.0
10109694SOARESM_2025-01-21_G70,10109694SOARESM,2025-01-21,118004,1,7,0,625.0
10109694SOARESM_2025-01-21_G71,10109694SOARESM,2025-01-21,110372,1,40,0,320.0
10109694SOARESM_2025-01-21_G72,10109694SOARESM,2025-01-21,107236,1,6,0,1239.0
10109694SOARESM_2025-01-21_G73,10109694SOARESM,2025-01-21,111348,1,4,0,181.0
10109694SOARESM_2025-01-21_G74,10109694SOARESM,2025-01-21,118306,1,3,0,193.0
10109694SOARESM_2025-01-21_G75,10109694SOARESM,2025-01-21,117855,1,16,0,177.0
10109694SOARESM_2025-01-21_G76,10109694SOARESM,2025-01-21,111444,1,4,0,239.0
10109694SOARESM_2025-01-21_G77,10109694SOARESM,2025-01-21,107236,1,7,0,159.0
10109694SOARESM_2025-01-21_G78,10109694SOARESM,2025-01-21,117785,1,13,0,348.0
10109694SOARESM_2025-01-21_G79,10109694SOARESM,2025-01-21,111463,1,1,0,73.0
10109694SOARESM_2025-01-21_G80,10109694SOARESM,2025-01-21,111462,1,12,0,85.0
10109694SOARESM_2025-01-21_G81,10109694SOARESM,2025-01-21,110376,1,3,0,114.0
10109694SOARESM_2025-01-21_G82,10109694SOARESM,2025-01-21,109747,1,2,0,432.0
10109694SOARESM_2025-01-21_G83,10109694SOARESM,2025-01-21,117808,1,42,0,554.0
10109694SOARESM_2025-01-21_G84,10109694SOARESM,2025-01-21,117809,1,1,0,146.0
10109694SOARESM_2025-01-21_G85,10109694SOARESM,2025-01-21,110374,1,2,0,48.0
10109694SOARESM_2025-01-21_G86,10109694SOARESM,2025-01-21,117820,1,3,0,100.0
10109694SOARESM_2025-01-21_G87,10109694SOARESM,2025-01-21,110373,1,2,0,70.0
10109694SOARESM_2025-01-21_G88,10109694SOARESM,2025-01-21,117832,1,1,0,55.0
10109694SOARESM_2025-01-22_G02,10109694SOARESM,2025-01-22,111569,1,5,0,300.0
10109694SOARESM_2025-01-22_G03,10109694SOARESM,2025-01-22,111569,1,4,0,94.0
10109694SOARESM_2025-01-22_G04,10109694SOARESM,2025-01-22,117821,1,4,0,165.0
10109694SOARESM_2025-01-22_G05,10109694SOARESM,2025-01-22,111462,1,5,0,174.0
10109694SOARESM_2025-01-22_G06,10109694SOARESM,2025-01-22,110374,1,11,0,225.0
10109694SOARESM_2025-01-22_G07,10109694SOARESM,2025-01-22,110373,1,117,0,175.0
10109694SOARESM_2025-01-22_G08,10109694SOARESM,2025-01-22,117832,1,8,0,523.0
10109694SOARESM_2025-01-22_G09,10109694SOARESM,2025-01-22,110376,1,4,0,217.0
10109694SOARESM_2025-01-22_G10,10109694SOARESM,2025-01-22,110372,1,79,0,471.0
10109694SOARESM_2025-01-22_G11,10109694SOARESM,2025-01-22,118004,2,20,12,334.0
10109694SOARESM_2025-01-22_G12,10109694SOARESM,2025-01-22,117821,1,2,0,89.0
10109694SOARESM_2025-01-22_G13,10109694SOARESM,2025-01-22,111466,1,14,0,212.0
10109694SOARESM_2025-01-22_G14,10109694SOARESM,2025-01-22,110373,1,3,0,66.0
10109694SOARESM_2025-01-22_G15,10109694SOARESM,2025-01-22,111444,1,4,0,718.0
10109694SOARESM_2025-01-22_G16,10109694SOARESM,2025-01-22,117855,1,10,0,251.0
10109694SOARESM_2025-01-22_G17,10109694SOARESM,2025-01-22,111602,1,16,0,500.0
10109694SOARESM_2025-01-22_G18,10109694SOARESM,2025-01-22,118299,1,150,0,204.0
10109694SOARESM_2025-01-22_G19,10109694SOARESM,2025-01-22,117832,1,20,0,1376.0
10109694SOARESM_2025-01-22_G20,10109694SOARESM,2025-01-22,111348,1,8,0,304.0
10109694SOARESM_2025-01-22_G21,10109694SOARESM,2025-01-22,109643,1,4,0,102.0
10109694SOARESM_2025-01-22_G22,10109694SOARESM,2025-01-22,118004,1,4,0,155.0
10109694SOARESM_2025-01-22_G23,10109694SOARESM,2025-01-22,111330,1,4,0,153.0
10109694SOARESM_2025-01-22_G24,10109694SOARESM,2025-01-22,111356,1,2,0,333.0
10109694SOARESM_2025-01-22_G25,10109694SOARESM,2025-01-22,117855,1,10,0,454.0
10109694SOARESM_2025-01-22_G26,10109694SOARESM,2025-01-22,111655,1,15,0,2853.0
10109694SOARESM_2025-01-22_G27,10109694SOARESM,2025-01-22,111569,1,76,0,1018.0
10109694SOARESM_2025-01-22_G28,10109694SOARESM,2025-01-22,111530,1,82,0,1063.0
10109694SOARESM_2025-01-22_G29,10109694SOARESM,2025-01-22,117786,1,84,0,606.0
10109694SOARESM_2025-01-22_G31,10109694SOARESM,2025-01-22,118004,1,125,0,556.0
10109694SOARESM_2025-01-22_G32,10109694SOARESM,2025-01-22,110745,1,25,0,566.0
10109694SOARESM_2025-01-22_G33,10109694SOARESM,2025-01-22,110743,1,5,0,391.0
10109694SOARESM_2025-01-22_G34,10109694SOARESM,2025-01-22,111469,1,200,0,837.0
10109694SOARESM_2025-01-22_G35,10109694SOARESM,2025-01-22,111462,1,53,0,686.0
10109694SOARESM_2025-01-22_G36,10109694SOARESM,2025-01-22,117809,1,600,0,3160.0
10109694SOARESM_2025-01-22_G37,10109694SOARESM,2025-01-22,110372,1,150,0,500.0
10109694SOARESM_2025-01-22_G38,10109694SOARESM,2025-01-22,110373,1,331,0,219.0
10109694SOARESM_2025-01-23_G02,10109694SOARESM,2025-01-23,118299,1,8,0,245.0
10109694SOARESM_2025-01-23_G03,10109694SOARESM,2025-01-23,118299,1,8,0,154.0
10109694SOARESM_2025-01-23_G04,10109694SOARESM,2025-01-23,110373,1,8,0,75.0
10109694SOARESM_2025-01-23_G05,10109694SOARESM,2025-01-23,111444,1,1,0,651.0
10109694SOARESM_2025-01-23_G06,10109694SOARESM,2025-01-23,118140,1,1,0,87.0
10109694SOARESM_2025-01-23_G07,10109694SOARESM,2025-01-23,107236,1,4,0,227.0
10109694SOARESM_2025-01-23_G08,10109694SOARESM,2025-01-23,108711,1,2,0,134.0
10109694SOARESM_2025-01-23_G09,10109694SOARESM,2025-01-23,117820,1,6,0,163.0
10109694SOARESM_2025-01-23_G10,10109694SOARESM,2025-01-23,107830,1,3,0,48.0
10109694SOARESM_2025-01-23_G11,10109694SOARESM,2025-01-23,118299,1,16,0,163.0
10109694SOARESM_2025-01-23_G12,10109694SOARESM,2025-01-23,110372,1,30,0,297.0
10109694SOARESM_2025-01-23_G13,10109694SOARESM,2025-01-23,141035,1,2,0,1025.0
10109694SOARESM_2025-01-23_G14,10109694SOARESM,2025-01-23,118299,1,80,0,668.0
10109694SOARESM_2025-01-23_G15,10109694SOARESM,2025-01-23,110500,1,1,0,465.0
10109694SOARESM_2025-01-23_G16,10109694SOARESM,2025-01-23,141035,1,4,0,922.0
10109694SOARESM_2025-01-23_G17,10109694SOARESM,2025-01-23,110753,1,2,0,209.0
10109694SOARESM_2025-01-23_G18,10109694SOARESM,2025-01-23,110580,1,3,0,270.0
10109694SOARESM_2025-01-23_G19,10109694SOARESM,2025-01-23,111598,1,8,0,72.0
10109694SOARESM_2025-01-23_G20,10109694SOARESM,2025-01-23,110313,1,5,0,83.0
10109694SOARESM_2025-01-23_G21,10109694SOARESM,2025-01-23,118094,1,11,0,362.0
10109694SOARESM_2025-01-23_G22,10109694SOARESM,2025-01-23,110711,1,18,0,232.0
10109694SOARESM_2025-01-23_G23,10109694SOARESM,2025-01-23,111433,1,4,0,189.0
10109694SOARESM_2025-01-23_G24,10109694SOARESM,2025-01-23,117838,1,4,0,192.0
10109694SOARESM_2025-01-23_G25,10109694SOARESM,2025-01-23,108798,1,8,0,163.0
10109694SOARESM_2025-01-23_G26,10109694SOARESM,2025-01-23,105705,1,8,0,467.0
10109694SOARESM_2025-01-23_G27,10109694SOARESM,2025-01-23,110332,1,4,0,558.0
10109694SOARESM_2025-01-23_G28,10109694SOARESM,2025-01-23,110339,1,13,0,1558.0
10109694SOARESM_2025-01-23_G29,10109694SOARESM,2025-01-23,117855,1,6,0,304.0
10109694SOARESM_2025-01-23_G30,10109694SOARESM,2025-01-23,111602,1,5,0,41.0
10109694SOARESM_2025-01-23_G31,10109694SOARESM,2025-01-23,109640,1,5,0,63.0
10109694SOARESM_2025-01-23_G32,10109694SOARESM,2025-01-23,111530,1,5,0,81.0
10109694SOARESM_2025-01-23_G33,10109694SOARESM,2025-01-23,118094,1,4,0,147.0
10109694SOARESM_2025-01-23_G34,10109694SOARESM,2025-01-23,109647,1,4,0,109.0
10109694SOARESM_2025-01-23_G35,10109694SOARESM,2025-01-23,117862,1,8,0,158.0
10109694SOARESM_2025-01-23_G36,10109694SOARESM,2025-01-23,110515,1,2,0,47.0
10109694SOARESM_2025-01-23_G37,10109694SOARESM,2025-01-23,117820,1,15,0,181.0
10109694SOARESM_2025-01-23_G38,10109694SOARESM,2025-01-23,118299,1,23,0,422.0
10109694SOARESM_2025-01-23_G39,10109694SOARESM,2025-01-23,110372,2,97,29,250.0
10109694SOARESM_2025-01-23_G40,10109694SOARESM,2025-01-23,110339,1,5,0,421.0
10109694SOARESM_2025-01-23_G41,10109694SOARESM,2025-01-23,110313,1,6,0,208.0
10109694SOARESM_2025-01-23_G42,10109694SOARESM,2025-01-23,117855,1,8,0,94.0
10109694SOARESM_2025-01-23_G43,10109694SOARESM,2025-01-23,118094,1,2,0,141.0
10109694SOARESM_2025-01-23_G44,10109694SOARESM,2025-01-23,110515,1,6,0,148.0
10109694SOARESM_2025-01-23_G45,10109694SOARESM,2025-01-23,107830,1,7,0,260.0
10109694SOARESM_2025-01-23_G46,10109694SOARESM,2025-01-23,118299,1,12,0,107.0
10109694SOARESM_2025-01-23_G47,10109694SOARESM,2025-01-23,110372,1,17,0,98.0
10109694SOARESM_2025-01-23_G49,10109694SOARESM,2025-01-23,111850,1,2,0,885.0
10109694SOARESM_2025-01-23_G50,10109694SOARESM,2025-01-23,111569,1,6,0,177.0
10109694SOARESM_2025-01-23_G51,10109694SOARESM,2025-01-23,111602,1,6,0,102.0
10109694SOARESM_2025-01-23_G52,10109694SOARESM,2025-01-23,118004,1,1,0,103.0
10109694SOARESM_2025-01-23_G53,10109694SOARESM,2025-01-23,111348,1,1,0,111.0
10109694SOARESM_2025-01-23_G54,10109694SOARESM,2025-01-23,111462,1,4,0,284.0
10109694SOARESM_2025-01-23_G55,10109694SOARESM,2025-01-23,118299,1,30,0,81.0
10109694SOARESM_2025-01-23_G56,10109694SOARESM,2025-01-23,118299,1,11,0,151.0
10109694SOARESM_2025-01-23_G57,10109694SOARESM,2025-01-23,118299,1,50,0,183.0
10109694SOARESM_2025-01-23_G58,10109694SOARESM,2025-01-23,118140,1,4,0,1305.0
10109694SOARESM_2025-01-23_G59,10109694SOARESM,2025-01-23,117820,1,2,0,99.0
10109694SOARESM_2025-01-23_G60,10109694SOARESM,2025-01-23,117855,1,6,0,193.0
10109694SOARESM_2025-01-23_G61,10109694SOARESM,2025-01-23,118004,1,5,0,194.0
10109694SOARESM_2025-01-23_G62,10109694SOARESM,2025-01-23,110373,1,12,0,228.0
10109694SOARESM_2025-01-23_G63,10109694SOARESM,2025-01-23,108711,1,6,0,315.0
10109694SOARESM_2025-01-23_G64,10109694SOARESM,2025-01-23,111569,1,8,0,343.0
10109694SOARESM_2025-01-23_G65,10109694SOARESM,2025-01-23,118306,1,2,0,421.0
10109694SOARESM_2025-01-23_G66,10109694SOARESM,2025-01-23,"110313, 109640",2,3,23,53.0
10109694SOARESM_2025-01-23_G67,10109694SOARESM,2025-01-23,111348,1,2,0,138.0
10109694SOARESM_2025-01-23_G68,10109694SOARESM,2025-01-23,117838,1,4,0,119.0
10109694SOARESM_2025-01-23_G69,10109694SOARESM,2025-01-23,117820,1,10,0,264.0
10109694SOARESM_2025-01-23_G70,10109694SOARESM,2025-01-23,118299,1,16,0,216.0
10109694SOARESM_2025-01-23_G71,10109694SOARESM,2025-01-23,110376,1,4,0,89.0
10109694SOARESM_2025-01-23_G72,10109694SOARESM,2025-01-23,111468,1,4,0,827.0
10109694SOARESM_2025-01-23_G73,10109694SOARESM,2025-01-23,111468,1,4,0,36.0
10109694SOARESM_2025-01-23_G74,10109694SOARESM,2025-01-23,111348,1,2,0,197.0
10109694SOARESM_2025-01-23_G75,10109694SOARESM,2025-01-23,111469,1,3,0,78.0
10109694SOARESM_2025-01-23_G76,10109694SOARESM,2025-01-23,118299,1,14,0,158.0
10109694SOARESM_2025-01-23_G77,10109694SOARESM,2025-01-23,110372,1,8,0,102.0
10109694SOARESM_2025-01-24_G02,10109694SOARESM,2025-01-24,141047,1,2,0,422.0
10109694SOARESM_2025-01-24_G03,10109694SOARESM,2025-01-24,117862,1,5,0,125.0
10109694SOARESM_2025-01-24_G04,10109694SOARESM,2025-01-24,118418,1,4,0,220.0
10109694SOARESM_2025-01-24_G05,10109694SOARESM,2025-01-24,111468,1,4,0,130.0
10109694SOARESM_2025-01-24_G06,10109694SOARESM,2025-01-24,111602,1,13,0,393.0
10109694SOARESM_2025-01-24_G07,10109694SOARESM,2025-01-24,118298,1,1,0,221.0
10109694SOARESM_2025-01-24_G08,10109694SOARESM,2025-01-24,110787,1,4,0,378.0
10109694SOARESM_2025-01-24_G09,10109694SOARESM,2025-01-24,117833,1,4,0,164.0
10109694SOARESM_2025-01-24_G10,10109694SOARESM,2025-01-24,111468,1,3,0,131.0
10109694SOARESM_2025-01-24_G11,10109694SOARESM,2025-01-24,117831,1,8,0,101.0
10109694SOARESM_2025-01-24_G12,10109694SOARESM,2025-01-24,117809,1,4,0,130.0
10109694SOARESM_2025-01-24_G13,10109694SOARESM,2025-01-24,110375,1,4,0,116.0
10109694SOARESM_2025-01-24_G14,10109694SOARESM,2025-01-24,109937,1,14,0,263.0
10109694SOARESM_2025-01-24_G15,10109694SOARESM,2025-01-24,111463,1,100,0,1513.0
10109694SOARESM_2025-01-24_G16,10109694SOARESM,2025-01-24,110373,1,68,0,364.0
10109694SOARESM_2025-01-24_G17,10109694SOARESM,2025-01-24,110373,1,32,0,113.0
10109694SOARESM_2025-01-24_G18,10109694SOARESM,2025-01-24,111463,1,22,0,161.0
10109694SOARESM_2025-01-24_G19,10109694SOARESM,2025-01-24,110372,1,200,0,440.0
10109694SOARESM_2025-01-24_G21,10109694SOARESM,2025-01-24,111530,1,160,0,689.0
10109694SOARESM_2025-01-24_G22,10109694SOARESM,2025-01-24,111466,1,11,0,244.0
10109694SOARESM_2025-01-24_G23,10109694SOARESM,2025-01-24,111466,1,80,0,178.0
10109694SOARESM_2025-01-24_G24,10109694SOARESM,2025-01-24,110325,1,7,0,183.0
10109694SOARESM_2025-01-24_G25,10109694SOARESM,2025-01-24,110373,1,700,0,1399.0
10109694SOARESM_2025-01-24_G26,10109694SOARESM,2025-01-24,111466,1,180,0,1038.0
10109694SOARESM_2025-01-24_G27,10109694SOARESM,2025-01-24,110373,1,8,0,178.0
10109694SOARESM_2025-01-24_G28,10109694SOARESM,2025-01-24,100334,1,5,0,961.0
10109694SOARESM_2025-01-24_G29,10109694SOARESM,2025-01-24,110752,1,3,0,103.0
10109694SOARESM_2025-01-24_G30,10109694SOARESM,2025-01-24,118094,1,2,0,88.0
10109694SOARESM_2025-01-24_G31,10109694SOARESM,2025-01-24,110515,1,9,0,144.0
10109694SOARESM_2025-01-24_G32,10109694SOARESM,2025-01-24,110711,1,5,0,111.0
10109694SOARESM_2025-01-24_G33,10109694SOARESM,2025-01-24,117862,1,6,0,106.0
10109694SOARESM_2025-01-24_G34,10109694SOARESM,2025-01-24,111468,1,1,0,94.0
10109694SOARESM_2025-01-24_G35,10109694SOARESM,2025-01-24,111463,1,7,0,124.0
10109694SOARESM_2025-01-24_G36,10109694SOARESM,2025-01-24,100334,1,2,0,709.0
10109694SOARESM_2025-01-24_G37,10109694SOARESM,2025-01-24,111430,1,2,0,88.0
10109694SOARESM_2025-01-24_G38,10109694SOARESM,2025-01-24,111569,1,1,0,45.0
10109694SOARESM_2025-01-24_G39,10109694SOARESM,2025-01-24,117862,1,1,0,109.0
10109694SOARESM_2025-01-24_G40,10109694SOARESM,2025-01-24,111433,1,2,0,273.0
10109694SOARESM_2025-01-24_G41,10109694SOARESM,2025-01-24,117821,1,1,0,269.0
10109694SOARESM_2025-01-24_G42,10109694SOARESM,2025-01-24,109643,1,3,0,104.0
10109694SOARESM_2025-01-24_G43,10109694SOARESM,2025-01-24,117821,1,12,0,452.0
10109694SOARESM_2025-01-24_G44,10109694SOARESM,2025-01-24,110515,1,20,0,488.0
10109694SOARESM_2025-01-24_G45,10109694SOARESM,2025-01-24,109641,1,6,0,375.0
10109694SOARESM_2025-01-24_G46,10109694SOARESM,2025-01-24,111530,1,5,0,193.0
10109694SOARESM_2025-01-24_G47,10109694SOARESM,2025-01-24,118222,1,8,0,184.0
10109694SOARESM_2025-01-24_G48,10109694SOARESM,2025-01-24,110515,1,9,0,467.0
10109694SOARESM_2025-01-24_G49,10109694SOARESM,2025-01-24,117821,1,25,0,405.0
10109694SOARESM_2025-01-25_G02,10109694SOARESM,2025-01-25,110895,1,1,0,62.0
10109694SOARESM_2025-01-25_G03,10109694SOARESM,2025-01-25,117935,1,4,0,77.0
10109694SOARESM_2025-01-25_G04,10109694SOARESM,2025-01-25,109640,1,3,0,87.0
10109694SOARESM_2025-01-25_G05,10109694SOARESM,2025-01-25,111602,1,2,0,54.0
10109694SOARESM_2025-01-25_G06,10109694SOARESM,2025-01-25,117786,1,4,0,225.0
10109694SOARESM_2025-01-25_G07,10109694SOARESM,2025-01-25,110325,1,13,0,298.0
10109694SOARESM_2025-01-25_G08,10109694SOARESM,2025-01-25,110373,1,48,0,102.0
10109694SOARESM_2025-01-25_G09,10109694SOARESM,2025-01-25,117832,1,6,0,206.0
10109694SOARESM_2025-01-25_G10,10109694SOARESM,2025-01-25,118299,1,6,0,51.0
10109694SOARESM_2025-01-25_G11,10109694SOARESM,2025-01-25,110371,1,11,0,377.0
10109694SOARESM_2025-01-25_G12,10109694SOARESM,2025-01-25,117808,1,21,0,143.0
10109694SOARESM_2025-01-25_G13,10109694SOARESM,2025-01-25,117935,1,1,0,287.0
10109694SOARESM_2025-01-25_G14,10109694SOARESM,2025-01-25,111602,1,20,0,50.0
10109694SOARESM_2025-01-25_G15,10109694SOARESM,2025-01-25,111602,1,20,0,32.0
10109694SOARESM_2025-01-25_G16,10109694SOARESM,2025-01-25,110515,1,7,0,710.0
10109694SOARESM_2025-01-25_G18,10109694SOARESM,2025-01-25,110733,1,5,0,435.0
10109694SOARESM_2025-01-25_G19,10109694SOARESM,2025-01-25,111438,1,1,0,288.0
10109694SOARESM_2025-01-25_G20,10109694SOARESM,2025-01-25,110895,1,1,0,40.0
10109694SOARESM_2025-01-25_G21,10109694SOARESM,2025-01-25,109640,1,1,0,43.0
10109694SOARESM_2025-01-25_G22,10109694SOARESM,2025-01-25,111532,1,6,0,140.0
10109694SOARESM_2025-01-25_G23,10109694SOARESM,2025-01-25,118299,1,3,0,84.0
10109694SOARESM_2025-01-25_G24,10109694SOARESM,2025-01-25,111469,1,8,0,476.0
10109694SOARESM_2025-01-25_G25,10109694SOARESM,2025-01-25,117808,1,2,0,122.0
10109694SOARESM_2025-01-25_G26,10109694SOARESM,2025-01-25,109640,1,2,0,221.0
10109694SOARESM_2025-01-25_G27,10109694SOARESM,2025-01-25,111602,1,4,0,107.0
10109694SOARESM_2025-01-25_G28,10109694SOARESM,2025-01-25,140922,1,2,0,94.0
10109694SOARESM_2025-01-25_G29,10109694SOARESM,2025-01-25,110895,1,14,0,225.0
10109694SOARESM_2025-01-25_G30,10109694SOARESM,2025-01-25,140922,1,2,0,76.0
10109694SOARESM_2025-01-25_G31,10109694SOARESM,2025-01-25,110515,1,16,0,184.0
10109694SOARESM_2025-01-25_G32,10109694SOARESM,2025-01-25,110373,1,6,0,132.0
10109694SOARESM_2025-01-25_G33,10109694SOARESM,2025-01-25,110895,1,11,0,1116.0
10109694SOARESM_2025-01-25_G34,10109694SOARESM,2025-01-25,117935,1,1,0,92.0
10109694SOARESM_2025-01-25_G35,10109694SOARESM,2025-01-25,110515,1,5,0,101.0
10109694SOARESM_2025-01-25_G36,10109694SOARESM,2025-01-25,110895,1,2,0,167.0
10109694SOARESM_2025-01-25_G37,10109694SOARESM,2025-01-25,117935,1,5,0,89.0
10109694SOARESM_2025-01-25_G38,10109694SOARESM,2025-01-25,109640,1,2,0,47.0
10109694SOARESM_2025-01-25_G39,10109694SOARESM,2025-01-25,110515,1,3,0,78.0
10109694SOARESM_2025-01-25_G40,10109694SOARESM,2025-01-25,111418,1,1,0,54.0
10109694SOARESM_2025-01-25_G41,10109694SOARESM,2025-01-25,110373,1,3,0,125.0
10109694SOARESM_2025-01-25_G42,10109694SOARESM,2025-01-25,110895,1,8,0,248.0
10109694SOARESM_2025-01-25_G43,10109694SOARESM,2025-01-25,117855,1,4,0,62.0
10109694SOARESM_2025-01-25_G44,10109694SOARESM,2025-01-25,110373,1,4,0,145.0
10109694SOARESM_2025-01-25_G45,10109694SOARESM,2025-01-25,110313,1,8,0,302.0
10109694SOARESM_2025-01-25_G46,10109694SOARESM,2025-01-25,110787,1,4,0,131.0
10109694SOARESM_2025-01-25_G47,10109694SOARESM,2025-01-25,108795,1,8,0,79.0
10109694SOARESM_2025-01-25_G48,10109694SOARESM,2025-01-25,108711,1,12,0,106.0
10109694SOARESM_2025-01-25_G49,10109694SOARESM,2025-01-25,110895,1,2,0,245.0
10109694SOARESM_2025-01-25_G50,10109694SOARESM,2025-01-25,117821,1,2,0,185.0
10109694SOARESM_2025-01-25_G51,10109694SOARESM,2025-01-25,117935,1,1,0,117.0
10109694SOARESM_2025-01-25_G52,10109694SOARESM,2025-01-25,117832,1,2,0,124.0
10109694SOARESM_2025-01-25_G53,10109694SOARESM,2025-01-25,111418,1,37,0,757.0
10109694SOARESM_2025-01-25_G54,10109694SOARESM,2025-01-25,105705,1,3,0,85.0
10109694SOARESM_2025-01-25_G55,10109694SOARESM,2025-01-25,117841,1,8,0,54.0
10109694SOARESM_2025-01-25_G56,10109694SOARESM,2025-01-25,111463,1,10,0,109.0
10109694SOARESM_2025-01-25_G57,10109694SOARESM,2025-01-25,111348,1,4,0,263.0
10109694SOARESM_2025-01-25_G58,10109694SOARESM,2025-01-25,111442,1,2,0,106.0
10109694SOARESM_2025-01-27_G02,10109694SOARESM,2025-01-27,111441,1,2,0,128.0
10109694SOARESM_2025-01-27_G03,10109694SOARESM,2025-01-27,110895,1,6,0,119.0
10109694SOARESM_2025-01-27_G04,10109694SOARESM,2025-01-27,117855,1,2,0,515.0
10109694SOARESM_2025-01-27_G05,10109694SOARESM,2025-01-27,140922,1,2,0,55.0
10109694SOARESM_2025-01-27_G06,10109694SOARESM,2025-01-27,111418,1,2,0,93.0
10109694SOARESM_2025-01-27_G07,10109694SOARESM,2025-01-27,117841,1,2,0,109.0
10109694SOARESM_2025-01-27_G08,10109694SOARESM,2025-01-27,117808,1,2,0,94.0
10109694SOARESM_2025-01-27_G09,10109694SOARESM,2025-01-27,110373,1,24,0,216.0
10109694SOARESM_2025-01-27_G10,10109694SOARESM,2025-01-27,110841,1,6,0,1021.0
10109694SOARESM_2025-01-27_G11,10109694SOARESM,2025-01-27,110742,1,8,0,335.0
10109694SOARESM_2025-01-27_G12,10109694SOARESM,2025-01-27,110895,1,17,0,380.0
10109694SOARESM_2025-01-27_G13,10109694SOARESM,2025-01-27,111569,1,12,0,286.0
10109694SOARESM_2025-01-27_G14,10109694SOARESM,2025-01-27,118306,1,10,0,177.0
10109694SOARESM_2025-01-27_G15,10109694SOARESM,2025-01-27,110747,1,10,0,228.0
10109694SOARESM_2025-01-27_G16,10109694SOARESM,2025-01-27,110756,1,5,0,305.0
10109694SOARESM_2025-01-27_G17,10109694SOARESM,2025-01-27,110752,1,2,0,42.0
10109694SOARESM_2025-01-27_G18,10109694SOARESM,2025-01-27,117855,3,30,46,92.0
10109694SOARESM_2025-01-27_G19,10109694SOARESM,2025-01-27,117861,1,10,0,538.0
10109694SOARESM_2025-01-27_G20,10109694SOARESM,2025-01-27,117965,1,8,0,190.0
10109694SOARESM_2025-01-27_G21,10109694SOARESM,2025-01-27,117786,1,17,0,273.0
10109694SOARESM_2025-01-27_G22,10109694SOARESM,2025-01-27,117862,1,25,0,458.0
10109694SOARESM_2025-01-27_G23,10109694SOARESM,2025-01-27,110374,1,11,0,265.0
10109694SOARESM_2025-01-27_G24,10109694SOARESM,2025-01-27,110374,1,9,0,54.0
10109694SOARESM_2025-01-27_G25,10109694SOARESM,2025-01-27,117832,1,50,0,669.0
10109694SOARESM_2025-01-27_G26,10109694SOARESM,2025-01-27,118299,1,170,0,424.0
10109694SOARESM_2025-01-27_G27,10109694SOARESM,2025-01-27,118299,1,293,0,502.0
10109694SOARESM_2025-01-27_G28,10109694SOARESM,2025-01-27,117808,1,440,0,915.0
10109694SOARESM_2025-01-27_G29,10109694SOARESM,2025-01-27,110332,1,4,0,563.0
10109694SOARESM_2025-01-27_G30,10109694SOARESM,2025-01-27,111532,1,57,0,376.0
10109694SOARESM_2025-01-27_G31,10109694SOARESM,2025-01-27,111532,1,70,0,310.0
10109694SOARESM_2025-01-27_G32,10109694SOARESM,2025-01-27,111330,1,14,0,478.0
10109694SOARESM_2025-01-27_G34,10109694SOARESM,2025-01-27,109641,1,8,0,71.0
10109694SOARESM_2025-01-27_G35,10109694SOARESM,2025-01-27,118140,1,20,0,53.0
10109694SOARESM_2025-01-27_G36,10109694SOARESM,2025-01-27,111466,1,18,0,763.0
10109694SOARESM_2025-01-27_G37,10109694SOARESM,2025-01-27,111466,1,42,0,44.0
10109694SOARESM_2025-01-27_G38,10109694SOARESM,2025-01-27,109645,1,5,0,435.0
10109694SOARESM_2025-01-27_G39,10109694SOARESM,2025-01-27,110745,1,11,0,168.0
10109694SOARESM_2025-01-27_G40,10109694SOARESM,2025-01-27,111348,1,12,0,121.0
10109694SOARESM_2025-01-27_G41,10109694SOARESM,2025-01-27,110129,1,10,0,146.0
10109694SOARESM_2025-01-27_G42,10109694SOARESM,2025-01-27,108795,1,1,0,42.0
10109694SOARESM_2025-01-27_G43,10109694SOARESM,2025-01-27,111172,1,12,0,447.0
10109694SOARESM_2025-01-27_G44,10109694SOARESM,2025-01-27,117841,1,1,0,115.0
10109694SOARESM_2025-01-27_G45,10109694SOARESM,2025-01-27,117841,1,4,0,49.0
10109694SOARESM_2025-01-27_G46,10109694SOARESM,2025-01-27,108736,1,4,0,60.0
10109694SOARESM_2025-01-27_G47,10109694SOARESM,2025-01-27,110743,1,6,0,238.0
10109694SOARESM_2025-01-27_G48,10109694SOARESM,2025-01-27,111463,1,30,0,206.0
10109694SOARESM_2025-01-27_G49,10109694SOARESM,2025-01-27,111462,1,12,0,249.0
10109694SOARESM_2025-01-27_G50,10109694SOARESM,2025-01-27,105324,1,1,0,1020.0
10109694SOARESM_2025-01-27_G51,10109694SOARESM,2025-01-27,118222,1,2,0,176.0
10109694SOARESM_2025-01-27_G52,10109694SOARESM,2025-01-27,111660,1,1,0,118.0
10109694SOARESM_2025-01-27_G53,10109694SOARESM,2025-01-27,111530,1,1,0,103.0
10109694SOARESM_2025-01-27_G54,10109694SOARESM,2025-01-27,110515,1,1,0,143.0
10109694SOARESM_2025-01-27_G55,10109694SOARESM,2025-01-27,110515,1,70,0,88.0
10109694SOARESM_2025-01-27_G56,10109694SOARESM,2025-01-27,111435,1,1,0,610.0
10109694SOARESM_2025-01-27_G57,10109694SOARESM,2025-01-27,111468,1,1,0,96.0
10109694SOARESM_2025-01-27_G58,10109694SOARESM,2025-01-27,117785,1,1,0,70.0
10109694SOARESM_2025-01-27_G59,10109694SOARESM,2025-01-27,108711,1,1,0,70.0
10109694SOARESM_2025-01-27_G60,10109694SOARESM,2025-01-27,118330,1,1,0,94.0
10109694SOARESM_2025-01-27_G61,10109694SOARESM,2025-01-27,117821,1,1,0,43.0
10109694SOARESM_2025-01-27_G62,10109694SOARESM,2025-01-27,110371,1,2,0,150.0
10109694SOARESM_2025-01-27_G63,10109694SOARESM,2025-01-27,110371,1,324,0,471.0
10109694SOARESM_2025-01-27_G64,10109694SOARESM,2025-01-27,117809,1,1,0,243.0
10109694SOARESM_2025-01-27_G65,10109694SOARESM,2025-01-27,110325,2,2,18,77.0
10109694SOARESM_2025-01-27_G66,10109694SOARESM,2025-01-27,110371,1,83,0,1080.0
10109694SOARESM_2025-01-27_G67,10109694SOARESM,2025-01-27,110374,1,400,0,928.0
10109694SOARESM_2025-01-27_G68,10109694SOARESM,2025-01-27,110325,1,12,0,411.0
10109694SOARESM_2025-01-27_G69,10109694SOARESM,2025-01-27,110325,1,6,0,108.0
10109694SOARESM_2025-01-27_G70,10109694SOARESM,2025-01-27,110372,1,11,0,103.0
10109694SOARESM_2025-01-27_G71,10109694SOARESM,2025-01-27,117821,1,118,0,645.0
10109694SOARESM_2025-01-27_G72,10109694SOARESM,2025-01-27,111462,1,120,0,865.0
10109694SOARESM_2025-01-28_G02,10109694SOARESM,2025-01-28,111743,1,47,0,1752.0
10109694SOARESM_2025-01-28_G03,10109694SOARESM,2025-01-28,110325,1,20,0,342.0
10109694SOARESM_2025-01-28_G04,10109694SOARESM,2025-01-28,118283,1,140,0,1377.0
10109694SOARESM_2025-01-28_G06,10109694SOARESM,2025-01-28,118004,1,100,0,646.0
10109694SOARESM_2025-01-28_G07,10109694SOARESM,2025-01-28,111462,1,200,0,944.0
10109694SOARESM_2025-01-28_G08,10109694SOARESM,2025-01-28,110371,1,212,0,683.0
10109694SOARESM_2025-01-28_G09,10109694SOARESM,2025-01-28,111466,1,109,0,541.0
10109694SOARESM_2025-01-28_G10,10109694SOARESM,2025-01-28,110374,1,250,0,722.0
10109694SOARESM_2025-01-28_G11,10109694SOARESM,2025-01-28,110325,1,242,0,706.0
10109694SOARESM_2025-01-28_G12,10109694SOARESM,2025-01-28,117808,1,200,0,494.0
10109694SOARESM_2025-01-28_G14,10109694SOARESM,2025-01-28,111602,2,373,8,736.0
10109694SOARESM_2025-01-28_G15,10109694SOARESM,2025-01-28,140922,1,336,0,1407.0
10109694SOARESM_2025-01-28_G16,10109694SOARESM,2025-01-28,117841,1,20,0,264.0
10109694SOARESM_2025-01-28_G17,10109694SOARESM,2025-01-28,111435,1,20,0,1941.0
10109694SOARESM_2025-01-28_G18,10109694SOARESM,2025-01-28,111433,1,23,0,459.0
10109694SOARESM_2025-01-28_G19,10109694SOARESM,2025-01-28,110129,1,12,0,217.0
10109694SOARESM_2025-01-28_G20,10109694SOARESM,2025-01-28,110751,1,20,0,175.0
10109694SOARESM_2025-01-29_G02,10109694SOARESM,2025-01-29,111569,1,11,0,637.0
10109694SOARESM_2025-01-29_G03,10109694SOARESM,2025-01-29,110895,2,13,10,884.0
10109694SOARESM_2025-01-29_G04,10109694SOARESM,2025-01-29,111441,1,2,0,164.0
10109694SOARESM_2025-01-29_G05,10109694SOARESM,2025-01-29,111602,1,4,0,391.0
10109694SOARESM_2025-01-29_G06,10109694SOARESM,2025-01-29,117855,1,2,0,90.0
10109694SOARESM_2025-01-29_G07,10109694SOARESM,2025-01-29,118004,1,4,0,112.0
10109694SOARESM_2025-01-29_G08,10109694SOARESM,2025-01-29,118140,1,12,0,177.0
10109694SOARESM_2025-01-29_G09,10109694SOARESM,2025-01-29,111466,1,9,0,174.0
10109694SOARESM_2025-01-29_G10,10109694SOARESM,2025-01-29,111418,1,2,0,45.0
10109694SOARESM_2025-01-29_G11,10109694SOARESM,2025-01-29,140922,1,2,0,90.0
10109694SOARESM_2025-01-29_G12,10109694SOARESM,2025-01-29,117841,1,2,0,73.0
10109694SOARESM_2025-01-29_G13,10109694SOARESM,2025-01-29,111469,1,6,0,139.0
10109694SOARESM_2025-01-29_G14,10109694SOARESM,2025-01-29,111462,1,4,0,77.0
10109694SOARESM_2025-01-29_G15,10109694SOARESM,2025-01-29,117808,1,2,0,160.0
10109694SOARESM_2025-01-29_G16,10109694SOARESM,2025-01-29,110371,1,11,0,445.0
10109694SOARESM_2025-01-29_G17,10109694SOARESM,2025-01-29,110373,1,24,0,428.0
10109694SOARESM_2025-01-29_G18,10109694SOARESM,2025-01-29,111530,1,10,0,837.0
10109694SOARESM_2025-01-29_G19,10109694SOARESM,2025-01-29,111418,1,14,0,435.0
10109694SOARESM_2025-01-29_G20,10109694SOARESM,2025-01-29,111465,1,4,0,161.0
10109694SOARESM_2025-01-29_G21,10109694SOARESM,2025-01-29,111441,1,2,0,422.0
10109694SOARESM_2025-01-29_G22,10109694SOARESM,2025-01-29,111602,1,4,0,125.0
10109694SOARESM_2025-01-29_G23,10109694SOARESM,2025-01-29,118004,1,4,0,109.0
10109694SOARESM_2025-01-29_G24,10109694SOARESM,2025-01-29,111418,1,2,0,96.0
10109694SOARESM_2025-01-29_G25,10109694SOARESM,2025-01-29,140922,2,3,11,90.0
10109694SOARESM_2025-01-29_G26,10109694SOARESM,2025-01-29,111462,1,4,0,135.0
10109694SOARESM_2025-01-29_G27,10109694SOARESM,2025-01-29,111469,1,4,0,79.0
10109694SOARESM_2025-01-29_G28,10109694SOARESM,2025-01-29,"110371, 117808",2,13,26,458.0
10109694SOARESM_2025-01-29_G29,10109694SOARESM,2025-01-29,110373,1,24,0,304.0
10109694SOARESM_2025-01-29_G30,10109694SOARESM,2025-01-29,111532,1,4,0,1200.0
10109694SOARESM_2025-01-29_G31,10109694SOARESM,2025-01-29,109647,1,2,0,116.0
10109694SOARESM_2025-01-29_G32,10109694SOARESM,2025-01-29,118140,1,5,0,86.0
10109694SOARESM_2025-01-29_G33,10109694SOARESM,2025-01-29,117831,1,8,0,190.0
10109694SOARESM_2025-01-29_G34,10109694SOARESM,2025-01-29,117785,1,2,0,51.0
10109694SOARESM_2025-01-29_G35,10109694SOARESM,2025-01-29,117808,1,8,0,140.0
10109694SOARESM_2025-01-29_G36,10109694SOARESM,2025-01-29,110373,1,2,0,84.0
10109694SOARESM_2025-01-29_G37,10109694SOARESM,2025-01-29,111438,1,3,0,375.0
10109694SOARESM_2025-01-29_G38,10109694SOARESM,2025-01-29,110747,1,4,0,93.0
10109694SOARESM_2025-01-29_G39,10109694SOARESM,2025-01-29,111598,1,6,0,415.0
10109694SOARESM_2025-01-29_G40,10109694SOARESM,2025-01-29,118094,1,6,0,141.0
10109694SOARESM_2025-01-29_G41,10109694SOARESM,2025-01-29,117861,1,4,0,75.0
10109694SOARESM_2025-01-29_G42,10109694SOARESM,2025-01-29,110515,1,5,0,641.0
10109694SOARESM_2025-01-29_G43,10109694SOARESM,2025-01-29,111446,1,4,0,583.0
10109694SOARESM_2025-01-29_G44,10109694SOARESM,2025-01-29,107236,1,6,0,135.0
10109694SOARESM_2025-01-29_G45,10109694SOARESM,2025-01-29,118140,1,15,0,161.0
10109694SOARESM_2025-01-29_G46,10109694SOARESM,2025-01-29,117785,1,9,0,120.0
10109694SOARESM_2025-01-29_G47,10109694SOARESM,2025-01-29,108711,1,6,0,68.0
10109694SOARESM_2025-01-29_G48,10109694SOARESM,2025-01-29,110743,1,2,0,83.0
10109694SOARESM_2025-01-29_G49,10109694SOARESM,2025-01-29,117808,1,4,0,79.0
10109694SOARESM_2025-01-29_G50,10109694SOARESM,2025-01-29,118299,1,7,0,134.0
10109694SOARESM_2025-01-29_G51,10109694SOARESM,2025-01-29,110373,1,14,0,182.0
10109694SOARESM_2025-01-29_G52,10109694SOARESM,2025-01-29,110371,1,12,0,149.0
10109694SOARESM_2025-01-29_G54,10109694SOARESM,2025-01-29,111441,1,1,0,79.0
10109694SOARESM_2025-01-29_G55,10109694SOARESM,2025-01-29,110747,1,2,0,622.0
10109694SOARESM_2025-01-29_G56,10109694SOARESM,2025-01-29,109640,1,2,0,111.0
10109694SOARESM_2025-01-29_G57,10109694SOARESM,2025-01-29,118094,1,7,0,283.0
10109694SOARESM_2025-01-29_G58,10109694SOARESM,2025-01-29,117786,1,2,0,148.0
10109694SOARESM_2025-01-29_G59,10109694SOARESM,2025-01-29,110515,1,5,0,167.0
10109694SOARESM_2025-01-29_G60,10109694SOARESM,2025-01-29,117808,1,8,0,220.0
10109694SOARESM_2025-01-29_G61,10109694SOARESM,2025-01-29,118299,1,61,0,238.0
10109694SOARESM_2025-01-29_G62,10109694SOARESM,2025-01-29,117832,1,2,0,782.0
10109694SOARESM_2025-01-29_G63,10109694SOARESM,2025-01-29,111850,1,4,0,248.0
10109694SOARESM_2025-01-29_G64,10109694SOARESM,2025-01-29,111439,1,4,0,182.0
10109694SOARESM_2025-01-29_G65,10109694SOARESM,2025-01-29,118094,1,7,0,170.0
10109694SOARESM_2025-01-29_G66,10109694SOARESM,2025-01-29,117861,1,8,0,176.0
10109694SOARESM_2025-01-29_G67,10109694SOARESM,2025-01-29,111876,1,4,0,182.0
10109694SOARESM_2025-01-29_G68,10109694SOARESM,2025-01-29,109647,1,8,0,69.0
10109694SOARESM_2025-01-29_G69,10109694SOARESM,2025-01-29,117786,1,3,0,147.0
10109694SOARESM_2025-01-30_G02,10109694SOARESM,2025-01-30,140922,1,20,0,437.0
10109694SOARESM_2025-01-30_G03,10109694SOARESM,2025-01-30,108711,1,30,0,381.0
10109694SOARESM_2025-01-30_G04,10109694SOARESM,2025-01-30,117833,1,20,0,517.0
10109694SOARESM_2025-01-30_G05,10109694SOARESM,2025-01-30,111463,1,30,0,330.0
10109694SOARESM_2025-01-30_G06,10109694SOARESM,2025-01-30,110787,1,20,0,186.0
10109694SOARESM_2025-01-30_G07,10109694SOARESM,2025-01-30,110373,1,50,0,365.0
10109694SOARESM_2025-01-30_G08,10109694SOARESM,2025-01-30,117832,1,15,0,379.0
10109694SOARESM_2025-01-30_G09,10109694SOARESM,2025-01-30,105272,1,1,0,1501.0
10109694SOARESM_2025-01-30_G10,10109694SOARESM,2025-01-30,111743,1,10,0,155.0
10109694SOARESM_2025-01-30_G11,10109694SOARESM,2025-01-30,118004,1,20,0,454.0
10109694SOARESM_2025-01-30_G12,10109694SOARESM,2025-01-30,105705,1,14,0,238.0
10109694SOARESM_2025-01-30_G13,10109694SOARESM,2025-01-30,111182,1,9,0,515.0
10109694SOARESM_2025-01-30_G14,10109694SOARESM,2025-01-30,117841,1,14,0,239.0
10109694SOARESM_2025-01-30_G15,10109694SOARESM,2025-01-30,111743,1,5,0,158.0
10109694SOARESM_2025-01-30_G16,10109694SOARESM,2025-01-30,117841,1,4,0,146.0
10109694SOARESM_2025-01-30_G17,10109694SOARESM,2025-01-30,117841,1,8,0,67.0
10109694SOARESM_2025-01-30_G18,10109694SOARESM,2025-01-30,109747,1,9,0,231.0
10109694SOARESM_2025-01-30_G19,10109694SOARESM,2025-01-30,110372,1,4,0,276.0
10109694SOARESM_2025-01-30_G20,10109694SOARESM,2025-01-30,109640,1,4,0,96.0
10109694SOARESM_2025-01-30_G21,10109694SOARESM,2025-01-30,108361,1,2,0,1324.0
10109694SOARESM_2025-01-30_G22,10109694SOARESM,2025-01-30,109640,1,12,0,427.0
10109694SOARESM_2025-01-30_G23,10109694SOARESM,2025-01-30,110063,1,2,0,87.0
10109694SOARESM_2025-01-30_G24,10109694SOARESM,2025-01-30,109647,1,4,0,117.0
10109694SOARESM_2025-01-30_G25,10109694SOARESM,2025-01-30,118298,1,12,0,182.0
10109694SOARESM_2025-01-30_G26,10109694SOARESM,2025-01-30,117786,1,103,0,544.0
10109694SOARESM_2025-01-30_G27,10109694SOARESM,2025-01-30,117786,1,33,0,125.0
10109694SOARESM_2025-01-30_G28,10109694SOARESM,2025-01-30,117788,1,10,0,156.0
10109694SOARESM_2025-01-30_G29,10109694SOARESM,2025-01-30,117862,1,16,0,379.0
10109694SOARESM_2025-01-30_G30,10109694SOARESM,2025-01-30,117808,1,420,0,715.0
10109694SOARESM_2025-01-30_G31,10109694SOARESM,2025-01-30,110374,1,50,0,518.0
10109694SOARESM_2025-01-30_G32,10109694SOARESM,2025-01-30,118299,1,397,0,811.0
10109694SOARESM_2025-01-30_G33,10109694SOARESM,2025-01-30,110376,1,30,0,305.0
10109694SOARESM_2025-01-30_G34,10109694SOARESM,2025-01-30,114091,1,10,0,420.0
10109694SOARESM_2025-01-30_G36,10109694SOARESM,2025-01-30,140922,1,4,0,297.0
10109694SOARESM_2025-01-30_G37,10109694SOARESM,2025-01-30,140922,1,4,0,42.0
10109694SOARESM_2025-01-30_G38,10109694SOARESM,2025-01-30,108711,1,4,0,54.0
10109694SOARESM_2025-01-30_G39,10109694SOARESM,2025-01-30,108711,1,4,0,31.0
10109694SOARESM_2025-01-30_G40,10109694SOARESM,2025-01-30,111602,1,5,0,228.0
10109694SOARESM_2025-01-30_G41,10109694SOARESM,2025-01-30,110711,1,6,0,156.0
10109694SOARESM_2025-01-30_G42,10109694SOARESM,2025-01-30,109641,1,8,0,189.0
10109694SOARESM_2025-01-30_G43,10109694SOARESM,2025-01-30,111743,1,2,0,97.0
10109694SOARESM_2025-01-30_G44,10109694SOARESM,2025-01-30,110373,1,17,0,152.0
10109694SOARESM_2025-01-30_G45,10109694SOARESM,2025-01-30,118290,1,8,0,368.0
10109694SOARESM_2025-01-30_G46,10109694SOARESM,2025-01-30,118290,1,8,0,1083.0
10109694SOARESM_2025-01-30_G47,10109694SOARESM,2025-01-30,111418,1,12,0,223.0
10109694SOARESM_2025-01-30_G48,10109694SOARESM,2025-01-30,117809,2,10,15,291.0
10109694SOARESM_2025-01-30_G49,10109694SOARESM,2025-01-30,109747,1,2,0,88.0
10109694SOARESM_2025-01-30_G50,10109694SOARESM,2025-01-30,110325,2,8,26,94.0
10109694SOARESM_2025-01-30_G51,10109694SOARESM,2025-01-30,118299,1,6,0,174.0
10109694SOARESM_2025-01-30_G52,10109694SOARESM,2025-01-30,118299,1,7,0,41.0
10109694SOARESM_2025-01-30_G53,10109694SOARESM,2025-01-30,110373,2,20,11,83.0
10109694SOARESM_2025-01-30_G54,10109694SOARESM,2025-01-30,110373,1,14,0,126.0
10109694SOARESM_2025-01-30_G55,10109694SOARESM,2025-01-30,117832,2,4,21,122.0
10109694SOARESM_2025-01-30_G56,10109694SOARESM,2025-01-30,110371,1,2,0,82.0
10109694SOARESM_2025-01-30_G57,10109694SOARESM,2025-01-30,110371,1,14,0,118.0
10109694SOARESM_2025-01-30_G58,10109694SOARESM,2025-01-30,110372,1,2,0,81.0
10109694SOARESM_2025-01-30_G59,10109694SOARESM,2025-01-30,110372,1,14,0,277.0
10109694SOARESM_2025-01-30_G60,10109694SOARESM,2025-01-30,110372,1,10,0,207.0
10109694SOARESM_2025-01-30_G61,10109694SOARESM,2025-01-30,110372,1,8,0,38.0
10109694SOARESM_2025-01-30_G62,10109694SOARESM,2025-01-30,109643,1,4,0,52.0
10109694SOARESM_2025-01-30_G63,10109694SOARESM,2025-01-30,117808,2,60,21,191.0
10109694SOARESM_2025-01-30_G64,10109694SOARESM,2025-01-30,117820,1,2,0,462.0
10109694SOARESM_2025-01-30_G65,10109694SOARESM,2025-01-30,110375,2,4,29,45.0
10109694SOARESM_2025-01-30_G66,10109694SOARESM,2025-01-30,117808,1,40,0,132.0
10109694SOARESM_2025-01-30_G67,10109694SOARESM,2025-01-30,117808,1,20,0,32.0
10109694SOARESM_2025-01-30_G68,10109694SOARESM,2025-01-30,111602,1,10,0,847.0
10109694SOARESM_2025-01-30_G69,10109694SOARESM,2025-01-30,117832,1,10,0,130.0
10109694SOARESM_2025-01-30_G70,10109694SOARESM,2025-01-30,110371,1,10,0,63.0
10109694SOARESM_2025-01-30_G71,10109694SOARESM,2025-01-30,110372,1,10,0,103.0
10109694SOARESM_2025-01-30_G72,10109694SOARESM,2025-01-30,109643,1,2,0,87.0
10109694SOARESM_2025-01-30_G73,10109694SOARESM,2025-01-30,117820,1,10,0,121.0
10109694SOARESM_2025-01-31_G02,10109694SOARESM,2025-01-31,110750,1,5,0,885.0
10109694SOARESM_2025-01-31_G03,10109694SOARESM,2025-01-31,110550,1,5,0,363.0
10109694SOARESM_2025-01-31_G04,10109694SOARESM,2025-01-31,110753,1,6,0,215.0
10109694SOARESM_2025-01-31_G05,10109694SOARESM,2025-01-31,110339,1,28,0,365.0
10109694SOARESM_2025-01-31_G06,10109694SOARESM,2025-01-31,110580,1,4,0,106.0
10109694SOARESM_2025-01-31_G07,10109694SOARESM,2025-01-31,111602,1,3,0,136.0
10109694SOARESM_2025-01-31_G08,10109694SOARESM,2025-01-31,111602,1,8,0,56.0
10109694SOARESM_2025-01-31_G09,10109694SOARESM,2025-01-31,110752,2,14,25,994.0
10109694SOARESM_2025-01-31_G10,10109694SOARESM,2025-01-31,117935,1,4,0,58.0
10109694SOARESM_2025-01-31_G11,10109694SOARESM,2025-01-31,117935,1,18,0,118.0
10109694SOARESM_2025-01-31_G12,10109694SOARESM,2025-01-31,117786,1,15,0,222.0
10109694SOARESM_2025-01-31_G13,10109694SOARESM,2025-01-31,110711,1,7,0,70.0
10109694SOARESM_2025-01-31_G14,10109694SOARESM,2025-01-31,141047,2,4,29,45.0
10109694SOARESM_2025-01-31_G15,10109694SOARESM,2025-01-31,110515,1,28,0,280.0
10109694SOARESM_2025-01-31_G16,10109694SOARESM,2025-01-31,111532,1,36,0,715.0
10109694SOARESM_2025-01-31_G17,10109694SOARESM,2025-01-31,118004,1,9,0,108.0
10109694SOARESM_2025-01-31_G18,10109694SOARESM,2025-01-31,117838,1,30,0,210.0
10109694SOARESM_2025-01-31_G19,10109694SOARESM,2025-01-31,117838,1,18,0,41.0
10109694SOARESM_2025-01-31_G20,10109694SOARESM,2025-01-31,110787,1,12,0,236.0
10109694SOARESM_2025-01-31_G21,10109694SOARESM,2025-01-31,108798,1,4,0,61.0
10109694SOARESM_2025-01-31_G22,10109694SOARESM,2025-01-31,108798,1,10,0,383.0
10109694SOARESM_2025-01-31_G23,10109694SOARESM,2025-01-31,140922,1,20,0,79.0
10109694SOARESM_2025-01-31_G24,10109694SOARESM,2025-01-31,108711,1,31,0,233.0
10109694SOARESM_2025-01-31_G25,10109694SOARESM,2025-01-31,117833,1,32,0,422.0
10109694SOARESM_2025-01-31_G26,10109694SOARESM,2025-01-31,110372,1,48,0,808.0
10109694SOARESM_2025-01-31_G27,10109694SOARESM,2025-01-31,107830,1,28,0,221.0
10109694SOARESM_2025-01-31_G28,10109694SOARESM,2025-01-31,118299,1,64,0,830.0
10109694SOARESM_2025-01-31_G29,10109694SOARESM,2025-01-31,111792,1,2,0,2650.0
10109694SOARESM_2025-01-31_G30,10109694SOARESM,2025-01-31,106922,1,3,0,238.0
10109694SOARESM_2025-01-31_G31,10109694SOARESM,2025-01-31,111851,1,4,0,187.0
10109694SOARESM_2025-01-31_G32,10109694SOARESM,2025-01-31,106179,1,4,0,164.0
10109694SOARESM_2025-01-31_G33,10109694SOARESM,2025-01-31,110080,1,4,0,115.0
10109694SOARESM_2025-01-31_G34,10109694SOARESM,2025-01-31,110579,1,4,0,182.0
10109694SOARESM_2025-01-31_G35,10109694SOARESM,2025-01-31,110030,1,4,0,67.0
10109694SOARESM_2025-01-31_G36,10109694SOARESM,2025-01-31,104496,1,4,0,118.0
10109694SOARESM_2025-01-31_G37,10109694SOARESM,2025-01-31,110582,1,4,0,147.0
10109694SOARESM_2025-01-31_G38,10109694SOARESM,2025-01-31,111655,1,4,0,87.0
10109694SOARESM_2025-01-31_G39,10109694SOARESM,2025-01-31,111438,1,2,0,91.0
10109694SOARESM_2025-01-31_G40,10109694SOARESM,2025-01-31,110500,1,4,0,66.0
10109694SOARESM_2025-01-31_G41,10109694SOARESM,2025-01-31,118418,1,1,0,76.0
10109694SOARESM_2025-01-31_G42,10109694SOARESM,2025-01-31,110542,1,4,0,79.0
10109694SOARESM_2025-01-31_G43,10109694SOARESM,2025-01-31,103148,1,1,0,66.0
10109694SOARESM_2025-01-31_G44,10109694SOARESM,2025-01-31,111793,1,2,0,85.0
10109694SOARESM_2025-01-31_G45,10109694SOARESM,2025-01-31,111110,1,4,0,222.0
10109694SOARESM_2025-01-31_G46,10109694SOARESM,2025-01-31,109495,1,4,0,97.0
10109694SOARESM_2025-01-31_G47,10109694SOARESM,2025-01-31,107254,1,3,0,98.0
10109694SOARESM_2025-01-31_G48,10109694SOARESM,2025-01-31,111356,1,4,0,149.0
10109694SOARESM_2025-01-31_G49,10109694SOARESM,2025-01-31,109649,1,2,0,366.0
10109694SOARESM_2025-01-31_G50,10109694SOARESM,2025-01-31,111330,1,40,0,346.0
10109694SOARESM_2025-01-31_G51,10109694SOARESM,2025-01-31,118004,1,5,0,275.0
10109694SOARESM_2025-01-31_G52,10109694SOARESM,2025-01-31,111468,1,10,0,129.0
10109694SOARESM_2025-01-31_G53,10109694SOARESM,2025-01-31,109641,1,22,0,360.0
10109694SOARESM_2025-02-01_G02,10109694SOARESM,2025-02-01,111602,1,25,0,2592.0
10109694SOARESM_2025-02-01_G03,10109694SOARESM,2025-02-01,118094,1,20,0,56.0
10109694SOARESM_2025-02-01_G04,10109694SOARESM,2025-02-01,118094,1,20,0,55.0
10109694SOARESM_2025-02-01_G05,10109694SOARESM,2025-02-01,111465,1,33,0,1061.0
10109694SOARESM_2025-02-01_G06,10109694SOARESM,2025-02-01,111463,1,243,0,1035.0
10109694SOARESM_2025-02-03_G02,10109694SOARESM,2025-02-03,110515,1,779,0,2665.0
10109694SOARESM_2025-02-03_G03,10109694SOARESM,2025-02-03,110515,1,780,0,1883.0
10109694SOARESM_2025-02-03_G04,10109694SOARESM,2025-02-03,110515,1,55,0,203.0
10109694SOARESM_2025-02-03_G05,10109694SOARESM,2025-02-03,118094,1,69,0,474.0
10109694SOARESM_2025-02-03_G06,10109694SOARESM,2025-02-03,110743,1,303,0,1544.0
10109694SOARESM_2025-02-03_G07,10109694SOARESM,2025-02-03,109645,1,88,0,464.0
10109694SOARESM_2025-02-03_G08,10109694SOARESM,2025-02-03,111443,1,83,0,536.0
10109694SOARESM_2025-02-03_G09,10109694SOARESM,2025-02-03,117787,1,22,0,275.0
10109694SOARESM_2025-02-04_G02,10109694SOARESM,2025-02-04,110749,1,8,0,719.0
10109694SOARESM_2025-02-04_G03,10109694SOARESM,2025-02-04,111569,1,49,0,334.0
10109694SOARESM_2025-02-04_G04,10109694SOARESM,2025-02-04,110747,1,50,0,389.0
10109694SOARESM_2025-02-04_G05,10109694SOARESM,2025-02-04,110339,1,50,0,157.0
10109694SOARESM_2025-02-04_G06,10109694SOARESM,2025-02-04,110787,1,44,0,371.0
10109694SOARESM_2025-02-04_G07,10109694SOARESM,2025-02-04,108711,1,21,0,479.0
10109694SOARESM_2025-02-04_G08,10109694SOARESM,2025-02-04,105705,1,85,0,234.0
10109694SOARESM_2025-02-04_G09,10109694SOARESM,2025-02-04,110371,1,30,0,405.0
10109694SOARESM_2025-02-04_G10,10109694SOARESM,2025-02-04,110373,1,1000,0,1312.0
10109694SOARESM_2025-02-05_G02,10109694SOARESM,2025-02-05,111466,1,9,0,106.0
10109694SOARESM_2025-02-05_G03,10109694SOARESM,2025-02-05,117831,1,4,0,316.0
10109694SOARESM_2025-02-05_G04,10109694SOARESM,2025-02-05,111172,1,3,0,85.0
10109694SOARESM_2025-02-05_G05,10109694SOARESM,2025-02-05,111172,1,5,0,43.0
10109694SOARESM_2025-02-05_G06,10109694SOARESM,2025-02-05,111532,1,2,0,115.0
10109694SOARESM_2025-02-05_G07,10109694SOARESM,2025-02-05,107236,1,3,0,49.0
10109694SOARESM_2025-02-05_G08,10109694SOARESM,2025-02-05,117838,1,4,0,108.0
10109694SOARESM_2025-02-05_G09,10109694SOARESM,2025-02-05,110751,1,2,0,42.0
10109694SOARESM_2025-02-05_G10,10109694SOARESM,2025-02-05,108795,1,2,0,109.0
10109694SOARESM_2025-02-05_G11,10109694SOARESM,2025-02-05,111532,1,8,0,144.0
10109694SOARESM_2025-02-05_G12,10109694SOARESM,2025-02-05,110740,1,8,0,92.0
10109694SOARESM_2025-02-05_G13,10109694SOARESM,2025-02-05,111569,1,4,0,370.0
10109694SOARESM_2025-02-05_G14,10109694SOARESM,2025-02-05,110313,1,1,0,152.0
10109694SOARESM_2025-02-05_G15,10109694SOARESM,2025-02-05,117861,1,4,0,106.0
10109694SOARESM_2025-02-05_G16,10109694SOARESM,2025-02-05,107629,1,1,0,115.0
10109694SOARESM_2025-02-05_G17,10109694SOARESM,2025-02-05,111466,1,4,0,153.0
10109694SOARESM_2025-02-05_G18,10109694SOARESM,2025-02-05,110743,1,4,0,230.0
10109694SOARESM_2025-02-05_G19,10109694SOARESM,2025-02-05,111532,1,8,0,124.0
10109694SOARESM_2025-02-05_G20,10109694SOARESM,2025-02-05,118140,1,1,0,59.0
10109694SOARESM_2025-02-05_G21,10109694SOARESM,2025-02-05,111418,1,6,0,172.0
10109694SOARESM_2025-02-05_G22,10109694SOARESM,2025-02-05,117838,1,4,0,76.0
10109694SOARESM_2025-02-05_G23,10109694SOARESM,2025-02-05,110787,1,2,0,77.0
10109694SOARESM_2025-02-05_G24,10109694SOARESM,2025-02-05,110745,1,4,0,79.0
10109694SOARESM_2025-02-05_G25,10109694SOARESM,2025-02-05,111469,1,4,0,115.0
10109694SOARESM_2025-02-05_G26,10109694SOARESM,2025-02-05,110372,1,8,0,153.0
10109694SOARESM_2025-02-05_G27,10109694SOARESM,2025-02-05,110373,1,8,0,151.0
10109694SOARESM_2025-02-05_G28,10109694SOARESM,2025-02-05,117809,1,4,0,96.0
10109694SOARESM_2025-02-05_G29,10109694SOARESM,2025-02-05,110375,1,4,0,100.0
10109694SOARESM_2025-02-05_G30,10109694SOARESM,2025-02-05,111466,1,6,0,463.0
10109694SOARESM_2025-02-05_G31,10109694SOARESM,2025-02-05,118326,1,4,0,260.0
10109694SOARESM_2025-02-05_G32,10109694SOARESM,2025-02-05,111418,1,9,0,129.0
10109694SOARESM_2025-02-05_G33,10109694SOARESM,2025-02-05,117838,1,8,0,80.0
10109694SOARESM_2025-02-05_G34,10109694SOARESM,2025-02-05,108798,1,1,0,43.0
10109694SOARESM_2025-02-05_G35,10109694SOARESM,2025-02-05,108795,1,4,0,71.0
10109694SOARESM_2025-02-05_G36,10109694SOARESM,2025-02-05,117833,1,3,0,91.0
10109694SOARESM_2025-02-05_G37,10109694SOARESM,2025-02-05,117833,1,10,0,89.0
10109694SOARESM_2025-02-05_G38,10109694SOARESM,2025-02-05,105705,2,8,11,149.0
10109694SOARESM_2025-02-05_G39,10109694SOARESM,2025-02-05,111469,1,6,0,115.0
10109694SOARESM_2025-02-05_G40,10109694SOARESM,2025-02-05,111469,1,4,0,199.0
10109694SOARESM_2025-02-05_G41,10109694SOARESM,2025-02-05,111462,1,2,0,54.0
10109694SOARESM_2025-02-05_G42,10109694SOARESM,2025-02-05,111532,1,10,0,309.0
10109694SOARESM_2025-02-05_G43,10109694SOARESM,2025-02-05,111532,1,10,0,191.0
10109694SOARESM_2025-02-05_G44,10109694SOARESM,2025-02-05,110582,1,3,0,420.0
10109694SOARESM_2025-02-05_G45,10109694SOARESM,2025-02-05,111850,1,6,0,119.0
10109694SOARESM_2025-02-05_G46,10109694SOARESM,2025-02-05,110500,1,2,0,107.0
10109694SOARESM_2025-02-05_G47,10109694SOARESM,2025-02-05,109873,1,4,0,190.0
10109694SOARESM_2025-02-05_G48,10109694SOARESM,2025-02-05,110747,1,8,0,2190.0
10109694SOARESM_2025-02-05_G49,10109694SOARESM,2025-02-05,105359,1,1,0,324.0
10109694SOARESM_2025-02-05_G50,10109694SOARESM,2025-02-05,111110,1,1,0,49.0
10109694SOARESM_2025-02-05_G51,10109694SOARESM,2025-02-05,109872,1,2,0,109.0
10109694SOARESM_2025-02-05_G52,10109694SOARESM,2025-02-05,140922,1,10,0,147.0
10109694SOARESM_2025-02-05_G53,10109694SOARESM,2025-02-05,117833,1,5,0,114.0
10109694SOARESM_2025-02-05_G54,10109694SOARESM,2025-02-05,110332,1,3,0,281.0
10109694SOARESM_2025-02-06_G02,10109694SOARESM,2025-02-06,111655,1,20,0,737.0
10109694SOARESM_2025-02-06_G03,10109694SOARESM,2025-02-06,110747,1,12,0,370.0
10109694SOARESM_2025-02-06_G04,10109694SOARESM,2025-02-06,107236,1,23,0,316.0
10109694SOARESM_2025-02-06_G05,10109694SOARESM,2025-02-06,110745,1,79,0,960.0
10109694SOARESM_2025-02-06_G06,10109694SOARESM,2025-02-06,109645,1,100,0,192.0
10109694SOARESM_2025-02-06_G07,10109694SOARESM,2025-02-06,108798,1,39,0,328.0
10109694SOARESM_2025-02-06_G08,10109694SOARESM,2025-02-06,117833,1,123,0,695.0
10109694SOARESM_2025-02-06_G09,10109694SOARESM,2025-02-06,117833,1,50,0,64.0
10109694SOARESM_2025-02-06_G10,10109694SOARESM,2025-02-06,107236,1,286,0,1080.0
10109694SOARESM_2025-02-06_G11,10109694SOARESM,2025-02-06,108795,1,70,0,278.0
10109694SOARESM_2025-02-06_G12,10109694SOARESM,2025-02-06,108711,1,279,0,1062.0
10109694SOARESM_2025-02-06_G13,10109694SOARESM,2025-02-06,111462,1,100,0,330.0
10109694SOARESM_2025-02-06_G14,10109694SOARESM,2025-02-06,110372,1,812,0,1564.0
10109694SOARESM_2025-02-07_G02,10109694SOARESM,2025-02-07,118222,1,20,0,402.0
10109694SOARESM_2025-02-07_G03,10109694SOARESM,2025-02-07,111438,2,40,22,411.0
10109694SOARESM_2025-02-07_G04,10109694SOARESM,2025-02-07,110747,1,15,0,412.0
10109694SOARESM_2025-02-07_G05,10109694SOARESM,2025-02-07,110832,1,40,0,532.0
10109694SOARESM_2025-02-07_G06,10109694SOARESM,2025-02-07,109640,1,23,0,789.0
10109694SOARESM_2025-02-07_G07,10109694SOARESM,2025-02-07,111467,1,40,0,401.0
10109694SOARESM_2025-02-07_G08,10109694SOARESM,2025-02-07,111467,1,40,0,169.0
10109694SOARESM_2025-02-07_G09,10109694SOARESM,2025-02-07,111530,1,100,0,770.0
10109694SOARESM_2025-02-07_G10,10109694SOARESM,2025-02-07,116241,1,12,0,131.0
10109694SOARESM_2025-02-07_G11,10109694SOARESM,2025-02-07,111172,1,9,0,224.0
10109694SOARESM_2025-02-07_G12,10109694SOARESM,2025-02-07,107236,1,18,0,187.0
10109694SOARESM_2025-02-07_G13,10109694SOARESM,2025-02-07,110740,1,30,0,130.0
10109694SOARESM_2025-02-07_G14,10109694SOARESM,2025-02-07,118140,1,80,0,556.0
10109694SOARESM_2025-02-07_G15,10109694SOARESM,2025-02-07,111418,1,300,0,1317.0
10109694SOARESM_2025-02-07_G16,10109694SOARESM,2025-02-07,117838,1,7,0,78.0
10109694SOARESM_2025-02-07_G17,10109694SOARESM,2025-02-07,110751,1,37,0,334.0
10109694SOARESM_2025-02-07_G18,10109694SOARESM,2025-02-07,110745,1,29,0,197.0
10109694SOARESM_2025-02-07_G19,10109694SOARESM,2025-02-07,110748,1,11,0,362.0
10109694SOARESM_2025-02-07_G20,10109694SOARESM,2025-02-07,117787,1,20,0,266.0
10109694SOARESM_2025-02-07_G21,10109694SOARESM,2025-02-07,117833,1,50,0,560.0
10109694SOARESM_2025-02-07_G22,10109694SOARESM,2025-02-07,105705,1,50,0,387.0
10109694SOARESM_2025-02-07_G23,10109694SOARESM,2025-02-07,117821,1,50,0,344.0
10109694SOARESM_2025-02-07_G24,10109694SOARESM,2025-02-07,117822,1,23,0,853.0
10109694SOARESM_2025-02-07_G25,10109694SOARESM,2025-02-07,107830,1,70,0,586.0
10109694SOARESM_2025-02-08_G02,10109694SOARESM,2025-02-08,111602,2,3,30,163.0
10109694SOARESM_2025-02-08_G03,10109694SOARESM,2025-02-08,111467,1,2,0,2305.0
10109694SOARESM_2025-02-08_G04,10109694SOARESM,2025-02-08,111467,1,8,0,60.0
10109694SOARESM_2025-02-08_G05,10109694SOARESM,2025-02-08,117786,1,3,0,160.0
10109694SOARESM_2025-02-08_G06,10109694SOARESM,2025-02-08,141047,1,6,0,139.0
10109694SOARESM_2025-02-08_G07,10109694SOARESM,2025-02-08,111466,1,16,0,240.0
10109694SOARESM_2025-02-08_G08,10109694SOARESM,2025-02-08,110740,1,2,0,76.0
10109694SOARESM_2025-02-08_G09,10109694SOARESM,2025-02-08,110740,1,14,0,113.0
10109694SOARESM_2025-02-08_G10,10109694SOARESM,2025-02-08,111468,1,4,0,61.0
10109694SOARESM_2025-02-08_G11,10109694SOARESM,2025-02-08,109645,1,6,0,126.0
10109694SOARESM_2025-02-08_G12,10109694SOARESM,2025-02-08,105705,1,4,0,188.0
10109694SOARESM_2025-02-08_G13,10109694SOARESM,2025-02-08,111462,1,6,0,251.0
10109694SOARESM_2025-02-08_G14,10109694SOARESM,2025-02-08,117822,2,4,9,717.0
10109694SOARESM_2025-02-08_G15,10109694SOARESM,2025-02-08,110325,1,13,0,148.0
10109694SOARESM_2025-02-08_G16,10109694SOARESM,2025-02-08,118299,1,28,0,205.0
10109694SOARESM_2025-02-08_G17,10109694SOARESM,2025-02-08,117808,1,135,0,443.0
10109694SOARESM_2025-02-08_G18,10109694SOARESM,2025-02-08,117830,1,6,0,99.0
10109694SOARESM_2025-02-08_G19,10109694SOARESM,2025-02-08,117809,1,6,0,57.0
10109694SOARESM_2025-02-08_G20,10109694SOARESM,2025-02-08,117820,1,10,0,805.0
10109694SOARESM_2025-02-08_G21,10109694SOARESM,2025-02-08,105242,1,4,0,177.0
10109694SOARESM_2025-02-08_G22,10109694SOARESM,2025-02-08,110740,1,8,0,256.0
10109694SOARESM_2025-02-08_G23,10109694SOARESM,2025-02-08,111182,1,2,0,117.0
10109694SOARESM_2025-02-08_G24,10109694SOARESM,2025-02-08,111602,1,16,0,739.0
10109694SOARESM_2025-02-08_G25,10109694SOARESM,2025-02-08,111532,1,2,0,213.0
10109694SOARESM_2025-02-08_G26,10109694SOARESM,2025-02-08,118222,1,4,0,560.0
10109694SOARESM_2025-02-08_G27,10109694SOARESM,2025-02-08,111466,1,4,0,140.0
10109694SOARESM_2025-02-08_G28,10109694SOARESM,2025-02-08,111172,1,2,0,49.0
10109694SOARESM_2025-02-08_G29,10109694SOARESM,2025-02-08,111602,1,1,0,42.0
10109694SOARESM_2025-02-08_G30,10109694SOARESM,2025-02-08,109640,1,4,0,141.0
10109694SOARESM_2025-02-08_G31,10109694SOARESM,2025-02-08,111467,1,5,0,52.0
10109694SOARESM_2025-02-08_G32,10109694SOARESM,2025-02-08,111530,1,11,0,151.0
10109694SOARESM_2025-02-08_G33,10109694SOARESM,2025-02-08,117830,1,12,0,689.0
10109694SOARESM_2025-02-08_G34,10109694SOARESM,2025-02-08,110372,1,36,0,385.0
10109694SOARESM_2025-02-08_G35,10109694SOARESM,2025-02-08,118299,1,32,0,223.0
10109694SOARESM_2025-02-08_G36,10109694SOARESM,2025-02-08,111466,1,10,0,533.0
10109694SOARESM_2025-02-08_G37,10109694SOARESM,2025-02-08,111172,1,2,0,267.0
10109694SOARESM_2025-02-08_G38,10109694SOARESM,2025-02-08,110740,1,2,0,85.0
10109694SOARESM_2025-02-08_G39,10109694SOARESM,2025-02-08,110374,1,4,0,99.0
10109694SOARESM_2025-02-08_G41,10109694SOARESM,2025-02-08,110374,1,2,0,286.0
10109694SOARESM_2025-02-08_G42,10109694SOARESM,2025-02-08,118299,1,13,0,229.0
10109694SOARESM_2025-02-08_G43,10109694SOARESM,2025-02-08,117820,1,5,0,106.0
10109694SOARESM_2025-02-08_G44,10109694SOARESM,2025-02-08,110787,1,4,0,182.0
10109694SOARESM_2025-02-08_G45,10109694SOARESM,2025-02-08,117833,1,8,0,112.0
10109694SOARESM_2025-02-08_G46,10109694SOARESM,2025-02-08,118094,1,4,0,155.0
10109694SOARESM_2025-02-08_G47,10109694SOARESM,2025-02-08,110374,1,4,0,272.0
10109694SOARESM_2025-02-08_G48,10109694SOARESM,2025-02-08,109640,1,2,0,159.0
10109694SOARESM_2025-02-08_G49,10109694SOARESM,2025-02-08,110374,1,4,0,126.0
10109694SOARESM_2025-02-08_G50,10109694SOARESM,2025-02-08,111467,1,2,0,71.0
10109694SOARESM_2025-02-08_G51,10109694SOARESM,2025-02-08,117808,1,12,0,237.0
10109694SOARESM_2025-02-10_G02,10109694SOARESM,2025-02-10,111330,1,13,0,308.0
10109694SOARESM_2025-02-10_G03,10109694SOARESM,2025-02-10,118326,1,8,0,618.0
10109694SOARESM_2025-02-10_G04,10109694SOARESM,2025-02-10,117838,1,2,0,45.0
10109694SOARESM_2025-02-10_G05,10109694SOARESM,2025-02-10,108711,1,61,0,119.0
10109694SOARESM_2025-02-10_G06,10109694SOARESM,2025-02-10,117821,1,31,0,925.0
10109694SOARESM_2025-02-10_G07,10109694SOARESM,2025-02-10,107830,1,31,0,256.0
10109694SOARESM_2025-02-10_G08,10109694SOARESM,2025-02-10,117840,1,10,0,46.0
10109694SOARESM_2025-02-10_G09,10109694SOARESM,2025-02-10,114092,1,2,0,147.0
10109694SOARESM_2025-02-10_G10,10109694SOARESM,2025-02-10,117830,1,31,0,309.0
10109694SOARESM_2025-02-10_G11,10109694SOARESM,2025-02-10,109643,1,19,0,314.0
10109694SOARESM_2025-02-10_G12,10109694SOARESM,2025-02-10,110373,1,305,0,1847.0
10109694SOARESM_2025-02-10_G14,10109694SOARESM,2025-02-10,117855,1,4,0,87.0
10109694SOARESM_2025-02-10_G15,10109694SOARESM,2025-02-10,110515,1,6,0,166.0
10109694SOARESM_2025-02-10_G16,10109694SOARESM,2025-02-10,111530,1,4,0,49.0
10109694SOARESM_2025-02-10_G17,10109694SOARESM,2025-02-10,117831,1,4,0,141.0
10109694SOARESM_2025-02-10_G18,10109694SOARESM,2025-02-10,117831,1,4,0,52.0
10109694SOARESM_2025-02-10_G19,10109694SOARESM,2025-02-10,111743,2,4,26,108.0
10109694SOARESM_2025-02-10_G20,10109694SOARESM,2025-02-10,117785,1,2,0,45.0
10109694SOARESM_2025-02-10_G21,10109694SOARESM,2025-02-10,117820,1,6,0,167.0
10109694SOARESM_2025-02-10_G22,10109694SOARESM,2025-02-10,109643,1,16,0,219.0
10109694SOARESM_2025-02-10_G24,10109694SOARESM,2025-02-10,110752,1,50,0,388.0
10109694SOARESM_2025-02-10_G25,10109694SOARESM,2025-02-10,111430,1,442,0,1286.0
10109694SOARESM_2025-02-11_G02,10109694SOARESM,2025-02-11,110339,1,2,0,60.0
10109694SOARESM_2025-02-11_G03,10109694SOARESM,2025-02-11,110515,1,6,0,104.0
10109694SOARESM_2025-02-11_G04,10109694SOARESM,2025-02-11,111530,1,2,0,43.0
10109694SOARESM_2025-02-11_G05,10109694SOARESM,2025-02-11,110711,1,4,0,132.0
10109694SOARESM_2025-02-11_G06,10109694SOARESM,2025-02-11,140922,1,6,0,380.0
10109694SOARESM_2025-02-11_G07,10109694SOARESM,2025-02-11,111469,1,4,0,567.0
10109694SOARESM_2025-02-11_G08,10109694SOARESM,2025-02-11,109641,1,4,0,122.0
10109694SOARESM_2025-02-11_G09,10109694SOARESM,2025-02-11,111418,1,2,0,76.0
10109694SOARESM_2025-02-11_G10,10109694SOARESM,2025-02-11,117838,1,2,0,40.0
10109694SOARESM_2025-02-11_G11,10109694SOARESM,2025-02-11,110787,1,2,0,57.0
10109694SOARESM_2025-02-11_G12,10109694SOARESM,2025-02-11,117785,1,6,0,85.0
10109694SOARESM_2025-02-11_G13,10109694SOARESM,2025-02-11,117821,1,1,0,94.0
10109694SOARESM_2025-02-11_G14,10109694SOARESM,2025-02-11,110371,1,4,0,148.0
10109694SOARESM_2025-02-11_G15,10109694SOARESM,2025-02-11,110372,1,10,0,142.0
10109694SOARESM_2025-02-11_G16,10109694SOARESM,2025-02-11,110325,1,2,0,99.0
10109694SOARESM_2025-02-11_G17,10109694SOARESM,2025-02-11,107830,1,4,0,123.0
10109694SOARESM_2025-02-11_G18,10109694SOARESM,2025-02-11,117809,1,4,0,110.0
10109694SOARESM_2025-02-11_G19,10109694SOARESM,2025-02-11,117820,1,2,0,64.0
10109694SOARESM_2025-02-11_G20,10109694SOARESM,2025-02-11,110313,1,1,0,1104.0
10109694SOARESM_2025-02-11_G21,10109694SOARESM,2025-02-11,110515,1,3,0,464.0
10109694SOARESM_2025-02-11_G22,10109694SOARESM,2025-02-11,111530,1,2,0,52.0
10109694SOARESM_2025-02-11_G23,10109694SOARESM,2025-02-11,110711,1,1,0,94.0
10109694SOARESM_2025-02-11_G24,10109694SOARESM,2025-02-11,110371,1,2,0,96.0
10109694SOARESM_2025-02-11_G25,10109694SOARESM,2025-02-11,110372,1,10,0,109.0
10109694SOARESM_2025-02-11_G26,10109694SOARESM,2025-02-11,110325,1,2,0,78.0
10109694SOARESM_2025-02-11_G27,10109694SOARESM,2025-02-11,110374,1,4,0,57.0
10109694SOARESM_2025-02-11_G28,10109694SOARESM,2025-02-11,107830,1,2,0,123.0
10109694SOARESM_2025-02-11_G29,10109694SOARESM,2025-02-11,110375,1,4,0,154.0
10109694SOARESM_2025-02-11_G30,10109694SOARESM,2025-02-11,117809,1,4,0,116.0
10109694SOARESM_2025-02-11_G31,10109694SOARESM,2025-02-11,117820,1,8,0,106.0
10109694SOARESM_2025-02-11_G32,10109694SOARESM,2025-02-11,110747,1,2,0,111.0
10109694SOARESM_2025-02-11_G33,10109694SOARESM,2025-02-11,117837,1,4,0,202.0
10109694SOARESM_2025-02-11_G34,10109694SOARESM,2025-02-11,118094,1,2,0,97.0
10109694SOARESM_2025-02-11_G35,10109694SOARESM,2025-02-11,110313,1,1,0,44.0
10109694SOARESM_2025-02-11_G36,10109694SOARESM,2025-02-11,110515,1,3,0,73.0
10109694SOARESM_2025-02-11_G37,10109694SOARESM,2025-02-11,111530,1,2,0,132.0
10109694SOARESM_2025-02-11_G38,10109694SOARESM,2025-02-11,105242,1,1,0,47.0
10109694SOARESM_2025-02-11_G39,10109694SOARESM,2025-02-11,110711,1,2,0,139.0
10109694SOARESM_2025-02-11_G40,10109694SOARESM,2025-02-11,110743,1,1,0,116.0
10109694SOARESM_2025-02-11_G41,10109694SOARESM,2025-02-11,118140,1,2,0,67.0
10109694SOARESM_2025-02-11_G42,10109694SOARESM,2025-02-11,111743,1,1,0,163.0
10109694SOARESM_2025-02-11_G43,10109694SOARESM,2025-02-11,108798,1,2,0,57.0
10109694SOARESM_2025-02-11_G44,10109694SOARESM,2025-02-11,117821,1,1,0,97.0
10109694SOARESM_2025-02-11_G45,10109694SOARESM,2025-02-11,110372,1,10,0,217.0
10109694SOARESM_2025-02-11_G46,10109694SOARESM,2025-02-11,107830,1,4,0,154.0
10109694SOARESM_2025-02-11_G47,10109694SOARESM,2025-02-11,117830,1,6,0,205.0
10109694SOARESM_2025-02-11_G48,10109694SOARESM,2025-02-11,117855,1,3,0,242.0
10109694SOARESM_2025-02-11_G49,10109694SOARESM,2025-02-11,117855,2,18,22,247.0
10109694SOARESM_2025-02-11_G50,10109694SOARESM,2025-02-11,111467,1,2,0,196.0
10109694SOARESM_2025-02-11_G51,10109694SOARESM,2025-02-11,107236,1,2,0,62.0
10109694SOARESM_2025-02-11_G52,10109694SOARESM,2025-02-11,117822,1,2,0,76.0
10109694SOARESM_2025-02-11_G53,10109694SOARESM,2025-02-11,117837,1,4,0,181.0
10109694SOARESM_2025-02-11_G54,10109694SOARESM,2025-02-11,117855,1,2,0,232.0
10109694SOARESM_2025-02-11_G55,10109694SOARESM,2025-02-11,117837,1,8,0,298.0
10109694SOARESM_2025-02-11_G56,10109694SOARESM,2025-02-11,111430,1,10,0,994.0
10109694SOARESM_2025-02-11_G57,10109694SOARESM,2025-02-11,118222,1,10,0,213.0
10109694SOARESM_2025-02-11_G58,10109694SOARESM,2025-02-11,117835,1,6,0,135.0
10109694SOARESM_2025-02-11_G59,10109694SOARESM,2025-02-11,117834,1,10,0,123.0
10109694SOARESM_2025-02-11_G60,10109694SOARESM,2025-02-11,111850,1,8,0,291.0
10109694SOARESM_2025-02-11_G61,10109694SOARESM,2025-02-11,109937,1,12,0,606.0
10109694SOARESM_2025-02-11_G62,10109694SOARESM,2025-02-11,110895,1,40,0,807.0
10109694SOARESM_2025-02-11_G63,10109694SOARESM,2025-02-11,110374,1,15,0,89.0
10109694SOARESM_2025-02-11_G64,10109694SOARESM,2025-02-11,118299,1,150,0,587.0
10109694SOARESM_2025-02-11_G65,10109694SOARESM,2025-02-11,117808,1,27,0,151.0
10109694SOARESM_2025-02-11_G66,10109694SOARESM,2025-02-11,109643,1,40,0,286.0
10109694SOARESM_2025-02-11_G67,10109694SOARESM,2025-02-11,117809,1,80,0,405.0
10109694SOARESM_2025-02-11_G68,10109694SOARESM,2025-02-11,117837,1,11,0,455.0
10109694SOARESM_2025-02-11_G69,10109694SOARESM,2025-02-11,117837,1,9,0,107.0
10109694SOARESM_2025-02-11_G70,10109694SOARESM,2025-02-11,109640,1,16,0,424.0
10109694SOARESM_2025-02-11_G71,10109694SOARESM,2025-02-11,111467,1,30,0,197.0
10109694SOARESM_2025-02-11_G73,10109694SOARESM,2025-02-11,110740,1,41,0,306.0
10109694SOARESM_2025-02-11_G74,10109694SOARESM,2025-02-11,118140,1,60,0,507.0
10109694SOARESM_2025-02-11_G75,10109694SOARESM,2025-02-11,117785,1,39,0,702.0
10109694SOARESM_2025-02-11_G76,10109694SOARESM,2025-02-11,111462,1,53,0,487.0
10109694SOARESM_2025-02-11_G77,10109694SOARESM,2025-02-11,108759,1,50,0,757.0
10109694SOARESM_2025-02-11_G78,10109694SOARESM,2025-02-11,110711,1,120,0,999.0
10109694SOARESM_2025-02-11_G79,10109694SOARESM,2025-02-11,110372,1,380,0,751.0
10109694SOARESM_2025-02-11_G80,10109694SOARESM,2025-02-11,117832,1,180,0,733.0
10109694SOARESM_2025-02-11_G81,10109694SOARESM,2025-02-11,111465,1,150,0,1562.0
10109694SOARESM_2025-02-12_G02,10109694SOARESM,2025-02-12,109640,1,6,0,136.0
10109694SOARESM_2025-02-12_G03,10109694SOARESM,2025-02-12,117855,1,40,0,203.0
10109694SOARESM_2025-02-12_G04,10109694SOARESM,2025-02-12,118094,1,20,0,502.0
10109694SOARESM_2025-02-12_G05,10109694SOARESM,2025-02-12,110339,1,17,0,582.0
10109694SOARESM_2025-02-12_G06,10109694SOARESM,2025-02-12,110515,1,36,0,446.0
10109694SOARESM_2025-02-12_G07,10109694SOARESM,2025-02-12,111530,1,30,0,198.0
10109694SOARESM_2025-02-12_G08,10109694SOARESM,2025-02-12,118298,1,10,0,337.0
10109694SOARESM_2025-02-12_G09,10109694SOARESM,2025-02-12,110711,1,16,0,297.0
10109694SOARESM_2025-02-12_G10,10109694SOARESM,2025-02-12,141047,1,10,0,105.0
10109694SOARESM_2025-02-12_G11,10109694SOARESM,2025-02-12,116241,1,6,0,259.0
10109694SOARESM_2025-02-12_G12,10109694SOARESM,2025-02-12,111469,1,40,0,885.0
10109694SOARESM_2025-02-12_G13,10109694SOARESM,2025-02-12,111435,1,11,0,515.0
10109694SOARESM_2025-02-12_G14,10109694SOARESM,2025-02-12,111435,1,6,0,97.0
10109694SOARESM_2025-02-12_G15,10109694SOARESM,2025-02-12,117831,1,40,0,185.0
10109694SOARESM_2025-02-12_G16,10109694SOARESM,2025-02-12,111466,1,70,0,1126.0
10109694SOARESM_2025-02-12_G17,10109694SOARESM,2025-02-12,111466,1,10,0,210.0
10109694SOARESM_2025-02-12_G18,10109694SOARESM,2025-02-12,111172,1,4,0,122.0
10109694SOARESM_2025-02-12_G19,10109694SOARESM,2025-02-12,110787,1,43,0,345.0
10109694SOARESM_2025-02-12_G20,10109694SOARESM,2025-02-12,111418,2,200,7,595.0
10109694SOARESM_2025-02-12_G21,10109694SOARESM,2025-02-12,109645,1,27,0,541.0
10109694SOARESM_2025-02-12_G22,10109694SOARESM,2025-02-12,117785,1,17,0,132.0
10109694SOARESM_2025-02-12_G23,10109694SOARESM,2025-02-12,117787,1,10,0,146.0
10109694SOARESM_2025-02-12_G24,10109694SOARESM,2025-02-12,117821,1,20,0,318.0
10109694SOARESM_2025-02-12_G25,10109694SOARESM,2025-02-12,111462,1,40,0,335.0
10109694SOARESM_2025-02-12_G26,10109694SOARESM,2025-02-12,118317,1,9,0,1603.0
10109694SOARESM_2025-02-12_G27,10109694SOARESM,2025-02-12,111465,1,19,0,116.0
10109694SOARESM_2025-02-12_G28,10109694SOARESM,2025-02-12,111466,1,12,0,1081.0
10109694SOARESM_2025-02-12_G29,10109694SOARESM,2025-02-12,118004,1,4,0,134.0
10109694SOARESM_2025-02-12_G30,10109694SOARESM,2025-02-12,110740,1,4,0,66.0
10109694SOARESM_2025-02-12_G31,10109694SOARESM,2025-02-12,107830,1,4,0,50.0
10109694SOARESM_2025-02-12_G32,10109694SOARESM,2025-02-12,111602,1,4,0,213.0
10109694SOARESM_2025-02-12_G33,10109694SOARESM,2025-02-12,118004,1,7,0,328.0
10109694SOARESM_2025-02-12_G34,10109694SOARESM,2025-02-12,107830,1,4,0,293.0
10109694SOARESM_2025-02-12_G35,10109694SOARESM,2025-02-12,140922,1,8,0,168.0
10109694SOARESM_2025-02-12_G36,10109694SOARESM,2025-02-12,118004,1,2,0,226.0
10109694SOARESM_2025-02-12_G37,10109694SOARESM,2025-02-12,111466,1,8,0,103.0
10109694SOARESM_2025-02-12_G38,10109694SOARESM,2025-02-12,111466,1,50,0,273.0
10109694SOARESM_2025-02-12_G39,10109694SOARESM,2025-02-12,111469,1,4,0,392.0
10109694SOARESM_2025-02-12_G41,10109694SOARESM,2025-02-12,118285,1,40,0,1614.0
10109694SOARESM_2025-02-12_G42,10109694SOARESM,2025-02-12,114091,1,12,0,162.0
10109694SOARESM_2025-02-12_G43,10109694SOARESM,2025-02-12,118281,1,85,0,526.0
10109694SOARESM_2025-02-12_G44,10109694SOARESM,2025-02-12,114092,1,3,0,227.0
10109694SOARESM_2025-02-12_G45,10109694SOARESM,2025-02-12,110372,1,30,0,881.0
10109694SOARESM_2025-02-12_G46,10109694SOARESM,2025-02-12,110325,1,20,0,423.0
10109694SOARESM_2025-02-12_G47,10109694SOARESM,2025-02-12,107830,1,10,0,138.0
10109694SOARESM_2025-02-12_G48,10109694SOARESM,2025-02-12,118299,1,200,0,412.0
10109694SOARESM_2025-02-12_G49,10109694SOARESM,2025-02-12,109643,1,7,0,290.0
10109694SOARESM_2025-02-12_G50,10109694SOARESM,2025-02-12,117820,1,30,0,229.0
10109694SOARESM_2025-02-12_G51,10109694SOARESM,2025-02-12,111438,1,96,0,575.0
10109694SOARESM_2025-02-12_G52,10109694SOARESM,2025-02-12,111569,1,170,0,1002.0
10109694SOARESM_2025-02-12_G53,10109694SOARESM,2025-02-12,110753,1,5,0,330.0
10109694SOARESM_2025-02-12_G54,10109694SOARESM,2025-02-12,110733,1,16,0,215.0
10109694SOARESM_2025-02-12_G55,10109694SOARESM,2025-02-12,111443,1,9,0,106.0
10109694SOARESM_2025-02-12_G56,10109694SOARESM,2025-02-12,111443,1,4,0,151.0
10109694SOARESM_2025-02-12_G57,10109694SOARESM,2025-02-12,109641,1,144,0,596.0
10109694SOARESM_2025-02-13_G02,10109694SOARESM,2025-02-13,110740,1,8,0,149.0
10109694SOARESM_2025-02-13_G03,10109694SOARESM,2025-02-13,117838,1,4,0,123.0
10109694SOARESM_2025-02-13_G04,10109694SOARESM,2025-02-13,117787,1,12,0,168.0
10109694SOARESM_2025-02-13_G05,10109694SOARESM,2025-02-13,117836,1,3,0,739.0
10109694SOARESM_2025-02-13_G06,10109694SOARESM,2025-02-13,118250,1,8,0,415.0
10109694SOARESM_2025-02-13_G07,10109694SOARESM,2025-02-13,111182,1,2,0,1547.0
10109694SOARESM_2025-02-13_G08,10109694SOARESM,2025-02-13,111435,1,4,0,110.0
10109694SOARESM_2025-02-13_G09,10109694SOARESM,2025-02-13,117831,1,15,0,125.0
10109694SOARESM_2025-02-13_G10,10109694SOARESM,2025-02-13,107236,1,10,0,151.0
10109694SOARESM_2025-02-13_G11,10109694SOARESM,2025-02-13,110740,1,15,0,240.0
10109694SOARESM_2025-02-13_G12,10109694SOARESM,2025-02-13,111330,1,2,0,52.0
10109694SOARESM_2025-02-13_G13,10109694SOARESM,2025-02-13,117785,1,10,0,181.0
10109694SOARESM_2025-02-13_G14,10109694SOARESM,2025-02-13,118140,1,10,0,79.0
10109694SOARESM_2025-02-13_G15,10109694SOARESM,2025-02-13,110745,1,12,0,131.0
10109694SOARESM_2025-02-13_G16,10109694SOARESM,2025-02-13,108795,1,3,0,80.0
10109694SOARESM_2025-02-13_G17,10109694SOARESM,2025-02-13,108711,1,5,0,125.0
10109694SOARESM_2025-02-13_G18,10109694SOARESM,2025-02-13,111462,1,15,0,534.0
10109694SOARESM_2025-02-13_G19,10109694SOARESM,2025-02-13,110325,1,50,0,716.0
10109694SOARESM_2025-02-13_G20,10109694SOARESM,2025-02-13,160054,1,3,0,549.0
10109694SOARESM_2025-02-13_G21,10109694SOARESM,2025-02-13,107830,1,7,0,93.0
10109694SOARESM_2025-02-13_G22,10109694SOARESM,2025-02-13,117830,1,25,0,249.0
10109694SOARESM_2025-02-13_G23,10109694SOARESM,2025-02-13,110374,1,40,0,1389.0
10109694SOARESM_2025-02-13_G24,10109694SOARESM,2025-02-13,110373,1,50,0,1191.0
10109694SOARESM_2025-02-13_G25,10109694SOARESM,2025-02-13,117830,1,20,0,576.0
10109694SOARESM_2025-02-13_G26,10109694SOARESM,2025-02-13,118299,1,200,0,672.0
10109694SOARESM_2025-02-13_G27,10109694SOARESM,2025-02-13,117809,1,195,0,859.0
10109694SOARESM_2025-02-13_G28,10109694SOARESM,2025-02-13,117820,1,50,0,260.0
10109694SOARESM_2025-02-13_G29,10109694SOARESM,2025-02-13,111465,1,10,0,274.0
10109694SOARESM_2025-02-13_G31,10109694SOARESM,2025-02-13,118285,1,250,0,866.0
10109694SOARESM_2025-02-13_G32,10109694SOARESM,2025-02-13,110129,1,12,0,226.0
10109694SOARESM_2025-02-13_G33,10109694SOARESM,2025-02-13,108736,1,8,0,119.0
10109694SOARESM_2025-02-13_G34,10109694SOARESM,2025-02-13,111172,1,13,0,181.0
10109694SOARESM_2025-02-13_G35,10109694SOARESM,2025-02-13,114091,1,20,0,307.0
10109694SOARESM_2025-02-13_G36,10109694SOARESM,2025-02-13,114092,1,30,0,881.0
10109694SOARESM_2025-02-13_G37,10109694SOARESM,2025-02-13,118281,1,230,0,2286.0
10109694SOARESM_2025-02-13_G38,10109694SOARESM,2025-02-13,118140,1,4,0,552.0
10109694SOARESM_2025-02-13_G39,10109694SOARESM,2025-02-13,110373,1,4,0,257.0
10109694SOARESM_2025-02-13_G40,10109694SOARESM,2025-02-13,110374,1,4,0,364.0
10109694SOARESM_2025-02-13_G41,10109694SOARESM,2025-02-13,111467,1,2,0,1286.0
10109694SOARESM_2025-02-13_G42,10109694SOARESM,2025-02-13,110711,1,2,0,134.0
10109694SOARESM_2025-02-13_G43,10109694SOARESM,2025-02-13,111418,1,2,0,134.0
10109694SOARESM_2025-02-13_G44,10109694SOARESM,2025-02-13,118004,1,4,0,125.0
10109694SOARESM_2025-02-13_G45,10109694SOARESM,2025-02-13,110787,1,20,0,162.0
10109694SOARESM_2025-02-13_G46,10109694SOARESM,2025-02-13,108711,1,5,0,148.0
10109694SOARESM_2025-02-13_G47,10109694SOARESM,2025-02-13,117821,1,1,0,93.0
10109694SOARESM_2025-02-13_G48,10109694SOARESM,2025-02-13,111462,1,1,0,34.0
10109694SOARESM_2025-02-13_G49,10109694SOARESM,2025-02-13,111465,1,4,0,62.0
10109694SOARESM_2025-02-13_G50,10109694SOARESM,2025-02-13,110372,1,14,0,329.0
10109694SOARESM_2025-02-13_G51,10109694SOARESM,2025-02-13,109640,1,4,0,1140.0
10109694SOARESM_2025-02-13_G52,10109694SOARESM,2025-02-13,117832,1,2,0,120.0
10109694SOARESM_2025-02-13_G53,10109694SOARESM,2025-02-13,117820,1,6,0,117.0
10109694SOARESM_2025-02-13_G54,10109694SOARESM,2025-02-13,160057,1,6,0,156.0
10109694SOARESM_2025-02-14_G02,10109694SOARESM,2025-02-14,111418,1,20,0,664.0
10109694SOARESM_2025-02-14_G03,10109694SOARESM,2025-02-14,111532,1,10,0,114.0
10109694SOARESM_2025-02-14_G04,10109694SOARESM,2025-02-14,107236,1,10,0,172.0
10109694SOARESM_2025-02-14_G05,10109694SOARESM,2025-02-14,118140,1,11,0,308.0
10109694SOARESM_2025-02-14_G06,10109694SOARESM,2025-02-14,111462,1,9,0,153.0
10109694SOARESM_2025-02-14_G07,10109694SOARESM,2025-02-14,120002,1,2,0,349.0
10109694SOARESM_2025-02-14_G08,10109694SOARESM,2025-02-14,117835,1,40,0,479.0
10109694SOARESM_2025-02-14_G09,10109694SOARESM,2025-02-14,111182,1,12,0,719.0
10109694SOARESM_2025-02-14_G10,10109694SOARESM,2025-02-14,116241,1,40,0,173.0
10109694SOARESM_2025-02-14_G11,10109694SOARESM,2025-02-14,111435,1,10,0,725.0
10109694SOARESM_2025-02-14_G12,10109694SOARESM,2025-02-14,111466,1,9,0,542.0
10109694SOARESM_2025-02-14_G13,10109694SOARESM,2025-02-14,110787,1,6,0,529.0
10109694SOARESM_2025-02-14_G14,10109694SOARESM,2025-02-14,109645,1,13,0,166.0
10109694SOARESM_2025-02-14_G15,10109694SOARESM,2025-02-14,118140,1,23,0,214.0
10109694SOARESM_2025-02-14_G16,10109694SOARESM,2025-02-14,117841,1,15,0,252.0
10109694SOARESM_2025-02-14_G17,10109694SOARESM,2025-02-14,110742,1,6,0,236.0
10109694SOARESM_2025-02-14_G18,10109694SOARESM,2025-02-14,117835,1,5,0,153.0
10109694SOARESM_2025-02-14_G19,10109694SOARESM,2025-02-14,110895,1,7,0,115.0
10109694SOARESM_2025-02-14_G20,10109694SOARESM,2025-02-14,111351,1,5,0,183.0
10109694SOARESM_2025-02-14_G21,10109694SOARESM,2025-02-14,111467,1,4,0,83.0
10109694SOARESM_2025-02-14_G22,10109694SOARESM,2025-02-14,110711,1,2,0,169.0
10109694SOARESM_2025-02-14_G23,10109694SOARESM,2025-02-14,107629,1,8,0,407.0
10109694SOARESM_2025-02-14_G24,10109694SOARESM,2025-02-14,118317,1,4,0,263.0
10109694SOARESM_2025-02-14_G25,10109694SOARESM,2025-02-14,111418,1,28,0,1035.0
10109694SOARESM_2025-02-14_G26,10109694SOARESM,2025-02-14,111466,1,10,0,154.0
10109694SOARESM_2025-02-14_G27,10109694SOARESM,2025-02-14,107236,1,8,0,111.0
10109694SOARESM_2025-02-14_G28,10109694SOARESM,2025-02-14,118004,1,8,0,81.0
10109694SOARESM_2025-02-14_G29,10109694SOARESM,2025-02-14,111743,1,10,0,156.0
10109694SOARESM_2025-02-14_G30,10109694SOARESM,2025-02-14,109645,1,2,0,51.0
10109694SOARESM_2025-02-14_G31,10109694SOARESM,2025-02-14,118140,1,4,0,48.0
10109694SOARESM_2025-02-14_G32,10109694SOARESM,2025-02-14,108798,1,4,0,62.0
10109694SOARESM_2025-02-14_G33,10109694SOARESM,2025-02-14,117821,1,6,0,226.0
10109694SOARESM_2025-02-14_G34,10109694SOARESM,2025-02-14,111462,1,15,0,135.0
10109694SOARESM_2025-02-14_G35,10109694SOARESM,2025-02-14,108711,1,11,0,208.0
10109694SOARESM_2025-02-14_G36,10109694SOARESM,2025-02-14,110373,1,47,0,425.0
10109694SOARESM_2025-02-14_G37,10109694SOARESM,2025-02-14,109641,1,2,0,1012.0
10109694SOARESM_2025-02-14_G38,10109694SOARESM,2025-02-14,109641,1,4,0,72.0
10109694SOARESM_2025-02-14_G39,10109694SOARESM,2025-02-14,118140,1,8,0,195.0
10109694SOARESM_2025-02-14_G40,10109694SOARESM,2025-02-14,118140,1,4,0,323.0
10109694SOARESM_2025-02-14_G41,10109694SOARESM,2025-02-14,118299,1,70,0,964.0
10109694SOARESM_2025-02-14_G42,10109694SOARESM,2025-02-14,110373,1,7,0,170.0
10109694SOARESM_2025-02-14_G43,10109694SOARESM,2025-02-14,110372,1,11,0,157.0
10109694SOARESM_2025-02-14_G44,10109694SOARESM,2025-02-14,110371,1,12,0,128.0
10109694SOARESM_2025-02-14_G45,10109694SOARESM,2025-02-14,110374,1,22,0,351.0
10109694SOARESM_2025-02-14_G46,10109694SOARESM,2025-02-14,110375,1,2,0,246.0
10109694SOARESM_2025-02-14_G47,10109694SOARESM,2025-02-14,117820,1,106,0,150.0
10109694SOARESM_2025-02-14_G48,10109694SOARESM,2025-02-14,111602,1,8,0,238.0
10109694SOARESM_2025-02-14_G49,10109694SOARESM,2025-02-14,110711,1,12,0,168.0
10109694SOARESM_2025-02-14_G50,10109694SOARESM,2025-02-14,117820,1,8,0,78.0
10109694SOARESM_2025-02-14_G51,10109694SOARESM,2025-02-14,118004,1,2,0,186.0
10109694SOARESM_2025-02-14_G52,10109694SOARESM,2025-02-14,108795,1,8,0,85.0
10109694SOARESM_2025-02-14_G53,10109694SOARESM,2025-02-14,108711,1,4,0,244.0
10109694SOARESM_2025-02-14_G55,10109694SOARESM,2025-02-14,110515,1,1,0,55.0
10109694SOARESM_2025-02-14_G56,10109694SOARESM,2025-02-14,116241,1,12,0,154.0
10109694SOARESM_2025-02-14_G57,10109694SOARESM,2025-02-14,111418,1,7,0,218.0
10109694SOARESM_2025-02-14_G58,10109694SOARESM,2025-02-14,109645,1,1,0,125.0
10109694SOARESM_2025-02-14_G59,10109694SOARESM,2025-02-14,118140,1,5,0,100.0
10109694SOARESM_2025-02-14_G60,10109694SOARESM,2025-02-14,110325,1,4,0,124.0
10109694SOARESM_2025-02-14_G61,10109694SOARESM,2025-02-14,118140,1,5,0,217.0
10109694SOARESM_2025-02-14_G62,10109694SOARESM,2025-02-14,111439,1,3,0,946.0
10109694SOARESM_2025-02-14_G63,10109694SOARESM,2025-02-14,117837,2,28,24,38.0
10109694SOARESM_2025-02-14_G64,10109694SOARESM,2025-02-14,111467,1,4,0,339.0
10109694SOARESM_2025-02-14_G65,10109694SOARESM,2025-02-14,111467,1,2,0,36.0
10109694SOARESM_2025-02-14_G66,10109694SOARESM,2025-02-14,111467,3,11,28,63.0
10109694SOARESM_2025-02-14_G67,10109694SOARESM,2025-02-14,117861,1,3,0,166.0
10109694SOARESM_2025-02-14_G68,10109694SOARESM,2025-02-14,111876,1,5,0,63.0
10109694SOARESM_2025-02-14_G69,10109694SOARESM,2025-02-14,110515,1,8,0,248.0
10109694SOARESM_2025-02-14_G70,10109694SOARESM,2025-02-14,111530,2,25,10,318.0
10109694SOARESM_2025-02-14_G71,10109694SOARESM,2025-02-14,105242,1,2,0,170.0
10109694SOARESM_2025-02-14_G72,10109694SOARESM,2025-02-14,110711,1,1,0,46.0
10109694SOARESM_2025-02-14_G73,10109694SOARESM,2025-02-14,141047,1,7,0,90.0
10109694SOARESM_2025-02-14_G74,10109694SOARESM,2025-02-14,117862,1,10,0,900.0
10109694SOARESM_2025-02-14_G75,10109694SOARESM,2025-02-14,108711,1,2,0,290.0
10109694SOARESM_2025-02-14_G76,10109694SOARESM,2025-02-14,111435,1,4,0,106.0
10109694SOARESM_2025-02-14_G77,10109694SOARESM,2025-02-14,111418,1,96,0,386.0
10109694SOARESM_2025-02-14_G78,10109694SOARESM,2025-02-14,118004,1,3,0,289.0
10109694SOARESM_2025-02-14_G79,10109694SOARESM,2025-02-14,118004,1,3,0,31.0
10109694SOARESM_2025-02-14_G80,10109694SOARESM,2025-02-14,110740,1,3,0,38.0
10109694SOARESM_2025-02-14_G81,10109694SOARESM,2025-02-14,110740,1,16,0,369.0
10109694SOARESM_2025-02-14_G82,10109694SOARESM,2025-02-14,110787,1,9,0,898.0
10109694SOARESM_2025-02-14_G83,10109694SOARESM,2025-02-14,109645,1,1,0,328.0
10109694SOARESM_2025-02-17_G02,10109694SOARESM,2025-02-17,117855,1,5,0,167.0
10109694SOARESM_2025-02-17_G03,10109694SOARESM,2025-02-17,110313,1,7,0,136.0
10109694SOARESM_2025-02-17_G04,10109694SOARESM,2025-02-17,117785,1,60,0,376.0
10109694SOARESM_2025-02-17_G05,10109694SOARESM,2025-02-17,111469,1,42,0,669.0
10109694SOARESM_2025-02-17_G06,10109694SOARESM,2025-02-17,111569,1,8,0,813.0
10109694SOARESM_2025-02-17_G07,10109694SOARESM,2025-02-17,140957,1,2,0,145.0
10109694SOARESM_2025-02-17_G08,10109694SOARESM,2025-02-17,111602,1,4,0,148.0
10109694SOARESM_2025-02-17_G09,10109694SOARESM,2025-02-17,109640,1,16,0,128.0
10109694SOARESM_2025-02-17_G10,10109694SOARESM,2025-02-17,117855,1,3,0,281.0
10109694SOARESM_2025-02-17_G11,10109694SOARESM,2025-02-17,117861,1,12,0,242.0
10109694SOARESM_2025-02-17_G12,10109694SOARESM,2025-02-17,141047,1,12,0,219.0
10109694SOARESM_2025-02-17_G13,10109694SOARESM,2025-02-17,107629,1,4,0,261.0
10109694SOARESM_2025-02-17_G14,10109694SOARESM,2025-02-17,110740,1,12,0,760.0
10109694SOARESM_2025-02-17_G15,10109694SOARESM,2025-02-17,117821,1,12,0,161.0
10109694SOARESM_2025-02-17_G16,10109694SOARESM,2025-02-17,117820,1,16,0,170.0
10109694SOARESM_2025-02-17_G17,10109694SOARESM,2025-02-17,117835,1,4,0,455.0
10109694SOARESM_2025-02-17_G18,10109694SOARESM,2025-02-17,110895,1,4,0,121.0
10109694SOARESM_2025-02-17_G19,10109694SOARESM,2025-02-17,109640,1,12,0,143.0
10109694SOARESM_2025-02-17_G20,10109694SOARESM,2025-02-17,117855,1,4,0,146.0
10109694SOARESM_2025-02-17_G21,10109694SOARESM,2025-02-17,110711,1,5,0,90.0
10109694SOARESM_2025-02-17_G22,10109694SOARESM,2025-02-17,111443,1,4,0,156.0
10109694SOARESM_2025-02-17_G23,10109694SOARESM,2025-02-17,107236,1,4,0,85.0
10109694SOARESM_2025-02-17_G24,10109694SOARESM,2025-02-17,140922,1,8,0,277.0
10109694SOARESM_2025-02-17_G25,10109694SOARESM,2025-02-17,117785,1,8,0,160.0
10109694SOARESM_2025-02-17_G26,10109694SOARESM,2025-02-17,118223,1,4,0,87.0
10109694SOARESM_2025-02-17_G27,10109694SOARESM,2025-02-17,118004,1,8,0,489.0
10109694SOARESM_2025-02-17_G28,10109694SOARESM,2025-02-17,117821,1,12,0,139.0
10109694SOARESM_2025-02-17_G29,10109694SOARESM,2025-02-17,110373,1,8,0,163.0
10109694SOARESM_2025-02-17_G30,10109694SOARESM,2025-02-17,117820,1,2,0,126.0
10109694SOARESM_2025-02-17_G31,10109694SOARESM,2025-02-17,140957,2,2,9,818.0
10109694SOARESM_2025-02-17_G32,10109694SOARESM,2025-02-17,110581,1,6,0,183.0
10109694SOARESM_2025-02-17_G33,10109694SOARESM,2025-02-17,117855,1,24,0,62.0
10109694SOARESM_2025-02-17_G34,10109694SOARESM,2025-02-17,110515,1,70,0,611.0
10109694SOARESM_2025-02-17_G35,10109694SOARESM,2025-02-17,141047,1,12,0,444.0
10109694SOARESM_2025-02-17_G36,10109694SOARESM,2025-02-17,110740,1,12,0,358.0
10109694SOARESM_2025-02-17_G37,10109694SOARESM,2025-02-17,118326,1,73,0,462.0
10109694SOARESM_2025-02-17_G38,10109694SOARESM,2025-02-17,117785,1,150,0,444.0
10109694SOARESM_2025-02-17_G39,10109694SOARESM,2025-02-17,111466,1,70,0,408.0
10109694SOARESM_2025-02-17_G40,10109694SOARESM,2025-02-17,118326,1,77,0,692.0
10109694SOARESM_2025-02-17_G41,10109694SOARESM,2025-02-17,118140,1,20,0,292.0
10109694SOARESM_2025-02-17_G42,10109694SOARESM,2025-02-17,110748,2,2,25,34.0
10109694SOARESM_2025-02-17_G43,10109694SOARESM,2025-02-17,118004,1,12,0,222.0
10109694SOARESM_2025-02-17_G45,10109694SOARESM,2025-02-17,111602,1,310,0,1768.0
10109694SOARESM_2025-02-17_G46,10109694SOARESM,2025-02-17,110752,1,10,0,178.0
10109694SOARESM_2025-02-17_G47,10109694SOARESM,2025-02-17,117821,1,160,0,495.0
10109694SOARESM_2025-02-17_G48,10109694SOARESM,2025-02-17,109641,1,20,0,1042.0
10109694SOARESM_2025-02-17_G49,10109694SOARESM,2025-02-17,102851,1,2,0,1306.0
10109694SOARESM_2025-02-17_G50,10109694SOARESM,2025-02-17,109974,1,2,0,243.0
10109694SOARESM_2025-02-17_G51,10109694SOARESM,2025-02-17,110749,1,4,0,466.0
10109694SOARESM_2025-02-17_G52,10109694SOARESM,2025-02-17,111850,1,8,0,95.0
10109694SOARESM_2025-02-17_G53,10109694SOARESM,2025-02-17,111438,1,4,0,157.0
10109694SOARESM_2025-02-17_G54,10109694SOARESM,2025-02-17,118418,1,4,0,67.0
10109694SOARESM_2025-02-17_G55,10109694SOARESM,2025-02-17,107254,1,4,0,115.0
10109694SOARESM_2025-02-17_G56,10109694SOARESM,2025-02-17,118317,1,1,0,152.0
10109694SOARESM_2025-02-17_G57,10109694SOARESM,2025-02-17,111182,1,3,0,90.0
10109694SOARESM_2025-02-17_G58,10109694SOARESM,2025-02-17,116241,1,1,0,52.0
10109694SOARESM_2025-02-17_G59,10109694SOARESM,2025-02-17,111466,1,77,0,123.0
10109694SOARESM_2025-02-17_G60,10109694SOARESM,2025-02-17,117831,1,33,0,771.0
10109694SOARESM_2025-02-17_G61,10109694SOARESM,2025-02-17,111418,1,20,0,864.0
10109694SOARESM_2025-02-17_G62,10109694SOARESM,2025-02-17,111743,1,30,0,798.0
10109694SOARESM_2025-02-17_G63,10109694SOARESM,2025-02-17,109645,1,10,0,94.0
10109694SOARESM_2025-02-17_G64,10109694SOARESM,2025-02-17,117785,1,62,0,218.0
10109694SOARESM_2025-02-17_G65,10109694SOARESM,2025-02-17,118140,1,50,0,191.0
10109694SOARESM_2025-02-17_G66,10109694SOARESM,2025-02-17,108711,1,30,0,467.0
10109694SOARESM_2025-02-18_G02,10109694SOARESM,2025-02-18,110376,1,784,0,3122.0
10109694SOARESM_2025-02-18_G04,10109694SOARESM,2025-02-18,107830,1,66,0,555.0
10109694SOARESM_2025-02-18_G05,10109694SOARESM,2025-02-18,110895,1,3,0,1843.0
10109694SOARESM_2025-02-18_G06,10109694SOARESM,2025-02-18,110313,1,12,0,282.0
10109694SOARESM_2025-02-18_G07,10109694SOARESM,2025-02-18,110313,1,4,0,84.0
10109694SOARESM_2025-02-18_G08,10109694SOARESM,2025-02-18,111466,1,2,0,237.0
10109694SOARESM_2025-02-18_G09,10109694SOARESM,2025-02-18,111602,1,1,0,146.0
10109694SOARESM_2025-02-18_G10,10109694SOARESM,2025-02-18,110895,1,3,0,94.0
10109694SOARESM_2025-02-18_G11,10109694SOARESM,2025-02-18,117809,1,2,0,219.0
10109694SOARESM_2025-02-18_G12,10109694SOARESM,2025-02-18,117809,1,3,0,110.0
10109694SOARESM_2025-02-18_G13,10109694SOARESM,2025-02-18,118306,1,2,0,119.0
10109694SOARESM_2025-02-18_G14,10109694SOARESM,2025-02-18,111602,1,3,0,110.0
10109694SOARESM_2025-02-18_G15,10109694SOARESM,2025-02-18,111418,1,6,0,553.0
10109694SOARESM_2025-02-18_G16,10109694SOARESM,2025-02-18,111532,1,2,0,47.0
10109694SOARESM_2025-02-18_G17,10109694SOARESM,2025-02-18,117785,1,2,0,124.0
10109694SOARESM_2025-02-18_G18,10109694SOARESM,2025-02-18,108711,1,4,0,63.0
10109694SOARESM_2025-02-18_G19,10109694SOARESM,2025-02-18,111466,1,2,0,91.0
10109694SOARESM_2025-02-18_G20,10109694SOARESM,2025-02-18,110373,1,2,0,103.0
10109694SOARESM_2025-02-18_G21,10109694SOARESM,2025-02-18,109640,1,10,0,237.0
10109694SOARESM_2025-02-18_G22,10109694SOARESM,2025-02-18,111443,1,4,0,142.0
10109694SOARESM_2025-02-18_G23,10109694SOARESM,2025-02-18,117821,1,20,0,189.0
10109694SOARESM_2025-02-18_G24,10109694SOARESM,2025-02-18,109640,1,2,0,399.0
10109694SOARESM_2025-02-18_G25,10109694SOARESM,2025-02-18,118004,1,2,0,164.0
10109694SOARESM_2025-02-18_G26,10109694SOARESM,2025-02-18,111348,1,8,0,1092.0
10109694SOARESM_2025-02-18_G27,10109694SOARESM,2025-02-18,110740,1,1,0,105.0
10109694SOARESM_2025-02-18_G28,10109694SOARESM,2025-02-18,111330,1,4,0,65.0
10109694SOARESM_2025-02-18_G29,10109694SOARESM,2025-02-18,118223,1,8,0,161.0
10109694SOARESM_2025-02-18_G30,10109694SOARESM,2025-02-18,110373,1,16,0,186.0
10109694SOARESM_2025-02-18_G31,10109694SOARESM,2025-02-18,110372,1,16,0,176.0
10109694SOARESM_2025-02-19_G02,10109694SOARESM,2025-02-19,117808,1,800,0,1931.0
10109694SOARESM_2025-02-19_G03,10109694SOARESM,2025-02-19,110373,1,50,0,443.0
10109694SOARESM_2025-02-19_G04,10109694SOARESM,2025-02-19,117820,1,100,0,951.0
10109694SOARESM_2025-02-19_G05,10109694SOARESM,2025-02-19,111438,1,15,0,797.0
10109694SOARESM_2025-02-19_G06,10109694SOARESM,2025-02-19,100334,1,20,0,281.0
10109694SOARESM_2025-02-19_G07,10109694SOARESM,2025-02-19,111569,1,12,0,1388.0
10109694SOARESM_2025-02-19_G08,10109694SOARESM,2025-02-19,110533,1,2,0,227.0
10109694SOARESM_2025-02-19_G09,10109694SOARESM,2025-02-19,116527,1,1,0,91.0
10109694SOARESM_2025-02-19_G10,10109694SOARESM,2025-02-19,116241,1,15,0,341.0
10109694SOARESM_2025-02-19_G11,10109694SOARESM,2025-02-19,111418,1,140,0,811.0
10109694SOARESM_2025-02-19_G12,10109694SOARESM,2025-02-19,111182,1,2,0,205.0
10109694SOARESM_2025-02-19_G13,10109694SOARESM,2025-02-19,107236,2,23,13,214.0
10109694SOARESM_2025-02-19_G14,10109694SOARESM,2025-02-19,111442,1,53,0,390.0
10109694SOARESM_2025-02-19_G15,10109694SOARESM,2025-02-19,140922,1,5,0,254.0
10109694SOARESM_2025-02-19_G16,10109694SOARESM,2025-02-19,110740,1,10,0,135.0
10109694SOARESM_2025-02-19_G17,10109694SOARESM,2025-02-19,109645,1,6,0,164.0
10109694SOARESM_2025-02-19_G18,10109694SOARESM,2025-02-19,118140,1,60,0,264.0
10109694SOARESM_2025-02-19_G19,10109694SOARESM,2025-02-19,110748,1,4,0,417.0
10109694SOARESM_2025-02-19_G20,10109694SOARESM,2025-02-19,108795,1,7,0,122.0
10109694SOARESM_2025-02-19_G21,10109694SOARESM,2025-02-19,110787,1,20,0,712.0
10109694SOARESM_2025-02-19_G22,10109694SOARESM,2025-02-19,117821,1,40,0,457.0
10109694SOARESM_2025-02-19_G23,10109694SOARESM,2025-02-19,111466,1,70,0,246.0
10109694SOARESM_2025-02-19_G24,10109694SOARESM,2025-02-19,111462,1,35,0,311.0
10109694SOARESM_2025-02-19_G26,10109694SOARESM,2025-02-19,110515,1,150,0,2018.0
10109694SOARESM_2025-02-20_G02,10109694SOARESM,2025-02-20,110092,1,4,0,501.0
10109694SOARESM_2025-02-20_G03,10109694SOARESM,2025-02-20,110313,1,4,0,117.0
10109694SOARESM_2025-02-20_G04,10109694SOARESM,2025-02-20,111439,1,2,0,52.0
10109694SOARESM_2025-02-20_G05,10109694SOARESM,2025-02-20,109640,1,32,0,205.0
10109694SOARESM_2025-02-20_G06,10109694SOARESM,2025-02-20,111467,1,32,0,1639.0
10109694SOARESM_2025-02-20_G07,10109694SOARESM,2025-02-20,117855,1,36,0,592.0
10109694SOARESM_2025-02-20_G08,10109694SOARESM,2025-02-20,110750,1,4,0,204.0
10109694SOARESM_2025-02-20_G09,10109694SOARESM,2025-02-20,110711,1,52,0,522.0
10109694SOARESM_2025-02-20_G10,10109694SOARESM,2025-02-20,107629,1,8,0,198.0
10109694SOARESM_2025-02-20_G11,10109694SOARESM,2025-02-20,110376,1,4,0,1005.0
10109694SOARESM_2025-02-20_G12,10109694SOARESM,2025-02-20,117822,1,4,0,89.0
10109694SOARESM_2025-02-20_G13,10109694SOARESM,2025-02-20,110372,1,188,0,312.0
10109694SOARESM_2025-02-20_G14,10109694SOARESM,2025-02-20,110373,1,156,0,1013.0
10109694SOARESM_2025-02-20_G15,10109694SOARESM,2025-02-20,118299,1,4,0,115.0
10109694SOARESM_2025-02-20_G16,10109694SOARESM,2025-02-20,110325,1,12,0,151.0
10109694SOARESM_2025-02-20_G17,10109694SOARESM,2025-02-20,110374,1,8,0,70.0
10109694SOARESM_2025-02-20_G18,10109694SOARESM,2025-02-20,107830,1,12,0,130.0
10109694SOARESM_2025-02-20_G19,10109694SOARESM,2025-02-20,109643,1,44,0,197.0
10109694SOARESM_2025-02-20_G20,10109694SOARESM,2025-02-20,117820,1,16,0,310.0
10109694SOARESM_2025-02-20_G21,10109694SOARESM,2025-02-20,118004,1,24,0,237.0
10109694SOARESM_2025-02-20_G22,10109694SOARESM,2025-02-20,111182,1,4,0,115.0
10109694SOARESM_2025-02-20_G23,10109694SOARESM,2025-02-20,111468,1,24,0,629.0
10109694SOARESM_2025-02-20_G24,10109694SOARESM,2025-02-20,118224,1,1,0,1176.0
10109694SOARESM_2025-02-20_G25,10109694SOARESM,2025-02-20,110895,1,9,0,79.0
10109694SOARESM_2025-02-20_G26,10109694SOARESM,2025-02-20,110313,2,9,18,198.0
10109694SOARESM_2025-02-20_G27,10109694SOARESM,2025-02-20,109640,1,10,0,212.0
10109694SOARESM_2025-02-20_G28,10109694SOARESM,2025-02-20,110515,1,58,0,207.0
10109694SOARESM_2025-02-20_G29,10109694SOARESM,2025-02-20,111530,1,15,0,255.0
10109694SOARESM_2025-02-20_G30,10109694SOARESM,2025-02-20,111466,1,8,0,670.0
10109694SOARESM_2025-02-20_G31,10109694SOARESM,2025-02-20,117808,1,472,0,1114.0
10109694SOARESM_2025-02-20_G33,10109694SOARESM,2025-02-20,111463,1,416,0,2194.0
10109694SOARESM_2025-02-21_G02,10109694SOARESM,2025-02-21,110755,1,3,0,38.0
10109694SOARESM_2025-02-21_G03,10109694SOARESM,2025-02-21,110755,1,4,0,71.0
10109694SOARESM_2025-02-21_G04,10109694SOARESM,2025-02-21,110755,1,2,0,59.0
10109694SOARESM_2025-02-21_G05,10109694SOARESM,2025-02-21,110755,1,4,0,99.0
10109694SOARESM_2025-02-21_G06,10109694SOARESM,2025-02-21,109747,1,8,0,197.0
10109694SOARESM_2025-02-21_G07,10109694SOARESM,2025-02-21,110755,1,2,0,120.0
10109694SOARESM_2025-02-21_G08,10109694SOARESM,2025-02-21,110755,1,2,0,200.0
10109694SOARESM_2025-02-21_G09,10109694SOARESM,2025-02-21,110313,1,7,0,638.0
10109694SOARESM_2025-02-21_G10,10109694SOARESM,2025-02-21,109974,1,8,0,865.0
10109694SOARESM_2025-02-21_G11,10109694SOARESM,2025-02-21,110582,1,5,0,651.0
10109694SOARESM_2025-02-21_G12,10109694SOARESM,2025-02-21,118222,1,10,0,131.0
10109694SOARESM_2025-02-21_G13,10109694SOARESM,2025-02-21,111850,1,8,0,128.0
10109694SOARESM_2025-02-21_G14,10109694SOARESM,2025-02-21,110500,1,8,0,563.0
10109694SOARESM_2025-02-21_G15,10109694SOARESM,2025-02-21,110371,1,13,0,172.0
10109694SOARESM_2025-02-21_G16,10109694SOARESM,2025-02-21,110372,1,250,0,442.0
10109694SOARESM_2025-02-21_G17,10109694SOARESM,2025-02-21,110373,1,10,0,332.0
10109694SOARESM_2025-02-21_G18,10109694SOARESM,2025-02-21,118299,1,250,0,622.0
10109694SOARESM_2025-02-21_G19,10109694SOARESM,2025-02-21,109643,1,8,0,165.0
10109694SOARESM_2025-02-21_G20,10109694SOARESM,2025-02-21,110375,1,17,0,124.0
10109694SOARESM_2025-02-21_G21,10109694SOARESM,2025-02-21,110325,1,8,0,150.0
10109694SOARESM_2025-02-21_G22,10109694SOARESM,2025-02-21,117809,1,50,0,646.0
10109694SOARESM_2025-02-21_G23,10109694SOARESM,2025-02-21,108736,1,20,0,291.0
10109694SOARESM_2025-02-22_G03,10109694SOARESM,2025-02-22,103149,1,2,0,146.0
10109694SOARESM_2025-02-22_G04,10109694SOARESM,2025-02-22,118299,1,851,0,1227.0
10109694SOARESM_2025-02-22_G05,10109694SOARESM,2025-02-22,110755,2,12,19,638.0
10109694SOARESM_2025-02-22_G06,10109694SOARESM,2025-02-22,117855,1,27,0,240.0
10109694SOARESM_2025-02-22_G07,10109694SOARESM,2025-02-22,108794,1,22,0,439.0
10109694SOARESM_2025-02-22_G08,10109694SOARESM,2025-02-22,110745,1,10,0,123.0
10109694SOARESM_2025-02-22_G09,10109694SOARESM,2025-02-22,117831,1,45,0,209.0
10109694SOARESM_2025-02-22_G10,10109694SOARESM,2025-02-22,111469,1,8,0,143.0
10109694SOARESM_2025-02-22_G12,10109694SOARESM,2025-02-22,110372,1,7,0,157.0
10109694SOARESM_2025-02-22_G13,10109694SOARESM,2025-02-22,110373,1,4,0,102.0
10109694SOARESM_2025-02-22_G14,10109694SOARESM,2025-02-22,117808,1,16,0,221.0
10109694SOARESM_2025-02-22_G15,10109694SOARESM,2025-02-22,117820,1,1,0,64.0
10109694SOARESM_2025-02-22_G16,10109694SOARESM,2025-02-22,108794,1,1,0,118.0
10109694SOARESM_2025-02-22_G17,10109694SOARESM,2025-02-22,117808,1,4,0,212.0
10109694SOARESM_2025-02-22_G18,10109694SOARESM,2025-02-22,110755,2,3,7,129.0
10109694SOARESM_2025-02-22_G19,10109694SOARESM,2025-02-22,110755,1,2,0,328.0
10109694SOARESM_2025-02-22_G20,10109694SOARESM,2025-02-22,110371,1,3,0,139.0
10109694SOARESM_2025-02-22_G21,10109694SOARESM,2025-02-22,110373,1,7,0,42.0
10109694SOARESM_2025-02-22_G22,10109694SOARESM,2025-02-22,118299,1,4,0,159.0
10109694SOARESM_2025-02-22_G23,10109694SOARESM,2025-02-22,110374,1,5,0,176.0
10109694SOARESM_2025-02-22_G24,10109694SOARESM,2025-02-22,117832,1,6,0,127.0
10109694SOARESM_2025-02-22_G25,10109694SOARESM,2025-02-22,117855,1,4,0,429.0
10109694SOARESM_2025-02-22_G26,10109694SOARESM,2025-02-22,110755,2,6,8,125.0
10109694SOARESM_2025-02-22_G27,10109694SOARESM,2025-02-22,118222,1,2,0,177.0
10109694SOARESM_2025-02-22_G28,10109694SOARESM,2025-02-22,110515,1,1,0,99.0
10109694SOARESM_2025-02-22_G29,10109694SOARESM,2025-02-22,117821,1,2,0,131.0
10109694SOARESM_2025-02-22_G30,10109694SOARESM,2025-02-22,110372,1,5,0,101.0
10109694SOARESM_2025-02-22_G31,10109694SOARESM,2025-02-22,118299,1,1,0,105.0
10109694SOARESM_2025-02-22_G32,10109694SOARESM,2025-02-22,117808,1,15,0,222.0
10109694SOARESM_2025-02-22_G33,10109694SOARESM,2025-02-22,117820,1,1,0,76.0
10109694SOARESM_2025-02-22_G34,10109694SOARESM,2025-02-22,117821,2,4,7,1316.0
10109694SOARESM_2025-02-22_G35,10109694SOARESM,2025-02-22,117832,1,3,0,191.0
10109694SOARESM_2025-02-22_G36,10109694SOARESM,2025-02-22,111469,1,8,0,191.0
10109694SOARESM_2025-02-22_G37,10109694SOARESM,2025-02-22,111418,1,12,0,223.0
10109694SOARESM_2025-02-22_G38,10109694SOARESM,2025-02-22,110745,1,8,0,168.0
10109694SOARESM_2025-02-22_G39,10109694SOARESM,2025-02-22,110373,1,3,0,120.0
10109694SOARESM_2025-02-22_G40,10109694SOARESM,2025-02-22,118299,1,14,0,99.0
10109694SOARESM_2025-02-22_G41,10109694SOARESM,2025-02-22,117808,1,64,0,209.0
10109694SOARESM_2025-02-22_G42,10109694SOARESM,2025-02-22,118299,1,930,0,2542.0
10109694SOARESM_2025-02-22_G43,10109694SOARESM,2025-02-22,118299,1,4,0,152.0
10109694SOARESM_2025-02-22_G44,10109694SOARESM,2025-02-22,111463,1,5,0,108.0
10109694SOARESM_2025-02-22_G45,10109694SOARESM,2025-02-22,117831,1,6,0,90.0
10109694SOARESM_2025-02-22_G46,10109694SOARESM,2025-02-22,117821,1,4,0,90.0
10109694SOARESM_2025-02-22_G47,10109694SOARESM,2025-02-22,105705,1,1,0,113.0
10109694SOARESM_2025-02-22_G48,10109694SOARESM,2025-02-22,117838,1,4,0,230.0
10109694SOARESM_2025-02-24_G02,10109694SOARESM,2025-02-24,110339,1,6,0,310.0
10109694SOARESM_2025-02-24_G03,10109694SOARESM,2025-02-24,117785,1,9,0,359.0
10109694SOARESM_2025-02-24_G04,10109694SOARESM,2025-02-24,117785,1,3,0,65.0
10109694SOARESM_2025-02-24_G05,10109694SOARESM,2025-02-24,118140,1,100,0,518.0
10109694SOARESM_2025-02-24_G06,10109694SOARESM,2025-02-24,111466,1,20,0,406.0
10109694SOARESM_2025-02-24_G07,10109694SOARESM,2025-02-24,111469,1,40,0,244.0
10109694SOARESM_2025-02-24_G08,10109694SOARESM,2025-02-24,111469,1,60,0,274.0
10109694SOARESM_2025-02-24_G09,10109694SOARESM,2025-02-24,160054,1,5,0,443.0
10109694SOARESM_2025-02-24_G10,10109694SOARESM,2025-02-24,117808,1,120,0,269.0
10109694SOARESM_2025-02-24_G11,10109694SOARESM,2025-02-24,117809,1,10,0,164.0
10109694SOARESM_2025-02-24_G12,10109694SOARESM,2025-02-24,111182,1,7,0,567.0
10109694SOARESM_2025-02-24_G13,10109694SOARESM,2025-02-24,111418,1,3,0,50.0
10109694SOARESM_2025-02-24_G14,10109694SOARESM,2025-02-24,111468,1,2,0,129.0
10109694SOARESM_2025-02-24_G15,10109694SOARESM,2025-02-24,111462,1,5,0,104.0
10109694SOARESM_2025-02-24_G16,10109694SOARESM,2025-02-24,110372,1,13,0,206.0
10109694SOARESM_2025-02-24_G17,10109694SOARESM,2025-02-24,118299,1,2,0,54.0
10109694SOARESM_2025-02-24_G18,10109694SOARESM,2025-02-24,117832,1,2,0,93.0
10109694SOARESM_2025-02-24_G19,10109694SOARESM,2025-02-24,117808,1,30,0,71.0
10109694SOARESM_2025-02-24_G20,10109694SOARESM,2025-02-24,117820,1,2,0,240.0
10109694SOARESM_2025-02-24_G21,10109694SOARESM,2025-02-24,111468,1,1,0,522.0
10109694SOARESM_2025-02-24_G22,10109694SOARESM,2025-02-24,118140,1,3,0,117.0
10109694SOARESM_2025-02-24_G23,10109694SOARESM,2025-02-24,111433,1,2,0,92.0
10109694SOARESM_2025-02-24_G24,10109694SOARESM,2025-02-24,110755,1,1,0,176.0
10109694SOARESM_2025-02-24_G25,10109694SOARESM,2025-02-24,118222,1,5,0,198.0
10109694SOARESM_2025-02-24_G26,10109694SOARESM,2025-02-24,110371,1,5,0,126.0
10109694SOARESM_2025-02-24_G27,10109694SOARESM,2025-02-24,118299,1,8,0,128.0
10109694SOARESM_2025-02-24_G28,10109694SOARESM,2025-02-24,110374,1,1,0,59.0
10109694SOARESM_2025-02-24_G29,10109694SOARESM,2025-02-24,109643,1,4,0,124.0
10109694SOARESM_2025-02-24_G30,10109694SOARESM,2025-02-24,117832,1,3,0,70.0
10109694SOARESM_2025-02-24_G31,10109694SOARESM,2025-02-24,117820,1,5,0,133.0
10109694SOARESM_2025-02-24_G32,10109694SOARESM,2025-02-24,111330,1,8,0,269.0
10109694SOARESM_2025-02-24_G33,10109694SOARESM,2025-02-24,110755,1,8,0,309.0
10109694SOARESM_2025-02-24_G34,10109694SOARESM,2025-02-24,108794,1,8,0,229.0
10109694SOARESM_2025-02-24_G35,10109694SOARESM,2025-02-24,111463,1,16,0,141.0
10109694SOARESM_2025-02-24_G36,10109694SOARESM,2025-02-24,117831,1,8,0,143.0
10109694SOARESM_2025-02-24_G37,10109694SOARESM,2025-02-24,105705,1,4,0,172.0
10109694SOARESM_2025-02-24_G38,10109694SOARESM,2025-02-24,111469,1,24,0,190.0
10109694SOARESM_2025-02-24_G39,10109694SOARESM,2025-02-24,117837,1,4,0,363.0
10109694SOARESM_2025-02-24_G40,10109694SOARESM,2025-02-24,108794,1,40,0,357.0
10109694SOARESM_2025-02-24_G41,10109694SOARESM,2025-02-24,111463,1,38,0,373.0
10109694SOARESM_2025-02-24_G42,10109694SOARESM,2025-02-24,117831,1,50,0,717.0
10109694SOARESM_2025-02-24_G43,10109694SOARESM,2025-02-24,110515,1,1,0,829.0
10109694SOARESM_2025-02-24_G44,10109694SOARESM,2025-02-24,111532,1,1,0,98.0
10109694SOARESM_2025-02-24_G45,10109694SOARESM,2025-02-24,110740,1,4,0,57.0
10109694SOARESM_2025-02-24_G46,10109694SOARESM,2025-02-24,118140,1,1,0,75.0
10109694SOARESM_2025-02-24_G47,10109694SOARESM,2025-02-24,117831,1,12,0,110.0
10109694SOARESM_2025-02-24_G48,10109694SOARESM,2025-02-24,111469,1,23,0,228.0
10109694SOARESM_2025-02-24_G49,10109694SOARESM,2025-02-24,111462,1,3,0,36.0
10109694SOARESM_2025-02-24_G50,10109694SOARESM,2025-02-24,118299,1,1,0,112.0
10109694SOARESM_2025-02-24_G51,10109694SOARESM,2025-02-24,110371,1,1,0,58.0
10109694SOARESM_2025-02-24_G52,10109694SOARESM,2025-02-24,110755,1,3,0,339.0
10109694SOARESM_2025-02-24_G53,10109694SOARESM,2025-02-24,110755,1,3,0,45.0
10109694SOARESM_2025-02-24_G54,10109694SOARESM,2025-02-24,118222,1,2,0,226.0
10109694SOARESM_2025-02-24_G55,10109694SOARESM,2025-02-24,"111569, 110515",2,3,27,117.0
10109694SOARESM_2025-02-24_G56,10109694SOARESM,2025-02-24,111418,1,11,0,389.0
10109694SOARESM_2025-02-24_G57,10109694SOARESM,2025-02-24,111532,1,2,0,61.0
10109694SOARESM_2025-02-24_G58,10109694SOARESM,2025-02-24,"118140, 117831",2,5,9,104.0
10109694SOARESM_2025-02-24_G59,10109694SOARESM,2025-02-24,111462,1,1,0,97.0
10109694SOARESM_2025-02-24_G60,10109694SOARESM,2025-02-24,110371,1,1,0,118.0
10109694SOARESM_2025-02-24_G61,10109694SOARESM,2025-02-24,110372,1,21,0,45.0
10109694SOARESM_2025-02-24_G62,10109694SOARESM,2025-02-24,110373,1,6,0,267.0
10109694SOARESM_2025-02-24_G63,10109694SOARESM,2025-02-24,109643,1,3,0,74.0
10109694SOARESM_2025-02-24_G64,10109694SOARESM,2025-02-24,117832,1,8,0,217.0
10109694SOARESM_2025-02-24_G65,10109694SOARESM,2025-02-24,117820,1,4,0,137.0
10109694SOARESM_2025-02-24_G66,10109694SOARESM,2025-02-24,111463,1,2,0,276.0
10109694SOARESM_2025-02-24_G67,10109694SOARESM,2025-02-24,"110895, 110515",2,12,22,596.0
10109694SOARESM_2025-02-24_G68,10109694SOARESM,2025-02-24,111463,1,27,0,382.0
10109694SOARESM_2025-02-24_G69,10109694SOARESM,2025-02-24,111469,1,8,0,228.0
10109694SOARESM_2025-02-24_G70,10109694SOARESM,2025-02-24,108794,1,23,0,434.0
10109694SOARESM_2025-02-24_G72,10109694SOARESM,2025-02-24,111463,1,21,0,353.0
10109694SOARESM_2025-02-24_G73,10109694SOARESM,2025-02-24,111463,1,6,0,46.0
10109694SOARESM_2025-02-24_G74,10109694SOARESM,2025-02-24,108794,1,6,0,62.0
10109694SOARESM_2025-02-24_G75,10109694SOARESM,2025-02-24,108759,1,3,0,241.0
10109694SOARESM_2025-02-24_G76,10109694SOARESM,2025-02-24,117831,1,16,0,303.0
10109694SOARESM_2025-02-24_G77,10109694SOARESM,2025-02-24,111469,1,32,0,148.0
10109694SOARESM_2025-02-24_G78,10109694SOARESM,2025-02-24,118222,2,4,7,841.0
10109694SOARESM_2025-02-24_G79,10109694SOARESM,2025-02-24,110755,2,10,8,92.0
10109694SOARESM_2025-02-24_G80,10109694SOARESM,2025-02-24,110895,1,12,0,291.0
10109694SOARESM_2025-02-24_G81,10109694SOARESM,2025-02-24,111569,1,4,0,75.0
10109694SOARESM_2025-02-24_G82,10109694SOARESM,2025-02-24,111441,1,3,0,113.0
10109694SOARESM_2025-02-24_G83,10109694SOARESM,2025-02-24,111441,1,5,0,70.0
10109694SOARESM_2025-02-24_G84,10109694SOARESM,2025-02-24,116527,1,4,0,238.0
10109694SOARESM_2025-02-24_G85,10109694SOARESM,2025-02-24,111438,1,2,0,129.0
10109694SOARESM_2025-02-24_G86,10109694SOARESM,2025-02-24,108361,1,6,0,120.0
10109694SOARESM_2025-02-24_G87,10109694SOARESM,2025-02-24,110750,1,4,0,519.0
10109694SOARESM_2025-02-24_G88,10109694SOARESM,2025-02-24,110313,1,4,0,470.0
10109694SOARESM_2025-02-24_G89,10109694SOARESM,2025-02-24,111879,1,4,0,227.0
10109694SOARESM_2025-02-24_G90,10109694SOARESM,2025-02-24,105242,1,4,0,135.0
10109694SOARESM_2025-02-24_G91,10109694SOARESM,2025-02-24,110339,1,3,0,124.0
10109694SOARESM_2025-02-24_G92,10109694SOARESM,2025-02-24,107629,1,8,0,97.0
10109694SOARESM_2025-02-24_G93,10109694SOARESM,2025-02-24,109643,1,10,0,298.0
10109694SOARESM_2025-02-24_G94,10109694SOARESM,2025-02-24,117840,1,4,0,158.0
10109694SOARESM_2025-02-24_G95,10109694SOARESM,2025-02-24,117832,1,1,0,1615.0
10109694SOARESM_2025-02-25_G02,10109694SOARESM,2025-02-25,108794,1,8,0,104.0
10109694SOARESM_2025-02-25_G03,10109694SOARESM,2025-02-25,108794,1,16,0,40.0
10109694SOARESM_2025-02-25_G04,10109694SOARESM,2025-02-25,111469,1,4,0,256.0
10109694SOARESM_2025-02-25_G05,10109694SOARESM,2025-02-25,110682,1,22,0,2279.0
10109694SOARESM_2025-02-25_G06,10109694SOARESM,2025-02-25,118330,1,12,0,277.0
10109694SOARESM_2025-02-25_G07,10109694SOARESM,2025-02-25,110537,1,4,0,431.0
10109694SOARESM_2025-02-25_G08,10109694SOARESM,2025-02-25,110500,1,5,0,400.0
10109694SOARESM_2025-02-25_G09,10109694SOARESM,2025-02-25,111775,1,4,0,98.0
10109694SOARESM_2025-02-25_G10,10109694SOARESM,2025-02-25,108361,1,3,0,183.0
10109694SOARESM_2025-02-25_G11,10109694SOARESM,2025-02-25,104534,1,2,0,47.0
10109694SOARESM_2025-02-25_G12,10109694SOARESM,2025-02-25,105744,1,3,0,161.0
10109694SOARESM_2025-02-25_G13,10109694SOARESM,2025-02-25,110313,1,100,0,234.0
10109694SOARESM_2025-02-25_G14,10109694SOARESM,2025-02-25,110580,1,9,0,631.0
10109694SOARESM_2025-02-25_G15,10109694SOARESM,2025-02-25,140957,1,13,0,207.0
10109694SOARESM_2025-02-25_G16,10109694SOARESM,2025-02-25,111602,1,40,0,480.0
10109694SOARESM_2025-02-25_G17,10109694SOARESM,2025-02-25,110711,1,120,0,838.0
10109694SOARESM_2025-02-25_G18,10109694SOARESM,2025-02-25,110581,1,3,0,59.0
10109694SOARESM_2025-02-25_G19,10109694SOARESM,2025-02-25,118322,1,4,0,139.0
10109694SOARESM_2025-02-25_G20,10109694SOARESM,2025-02-25,118298,1,30,0,346.0
10109694SOARESM_2025-02-25_G21,10109694SOARESM,2025-02-25,141047,1,80,0,705.0
10109694SOARESM_2025-02-25_G22,10109694SOARESM,2025-02-25,107629,1,40,0,472.0
10109694SOARESM_2025-02-25_G23,10109694SOARESM,2025-02-25,116611,1,15,0,354.0
10109694SOARESM_2025-02-25_G24,10109694SOARESM,2025-02-25,110325,1,40,0,419.0
10109694SOARESM_2025-02-25_G25,10109694SOARESM,2025-02-25,110371,1,50,0,629.0
10109694SOARESM_2025-02-25_G26,10109694SOARESM,2025-02-25,118281,1,22,0,321.0
10109694SOARESM_2025-02-25_G27,10109694SOARESM,2025-02-25,109643,1,60,0,523.0
10109694SOARESM_2025-02-25_G28,10109694SOARESM,2025-02-25,108798,1,6,0,173.0
10109694SOARESM_2025-02-25_G29,10109694SOARESM,2025-02-25,118223,1,5,0,73.0
10109694SOARESM_2025-02-25_G30,10109694SOARESM,2025-02-25,109649,1,6,0,85.0
10109694SOARESM_2025-02-25_G31,10109694SOARESM,2025-02-25,110129,1,67,0,503.0
10109694SOARESM_2025-02-25_G33,10109694SOARESM,2025-02-25,117856,1,30,0,360.0
10109694SOARESM_2025-02-25_G34,10109694SOARESM,2025-02-25,111172,1,25,0,375.0
10109694SOARESM_2025-02-25_G35,10109694SOARESM,2025-02-25,160054,1,2,0,183.0
10109694SOARESM_2025-02-25_G36,10109694SOARESM,2025-02-25,160053,1,4,0,156.0
10109694SOARESM_2025-02-25_G37,10109694SOARESM,2025-02-25,110325,1,4,0,944.0
10109694SOARESM_2025-02-25_G38,10109694SOARESM,2025-02-25,110373,1,8,0,88.0
10109694SOARESM_2025-02-25_G39,10109694SOARESM,2025-02-25,110371,1,12,0,146.0
10109694SOARESM_2025-02-25_G40,10109694SOARESM,2025-02-25,110372,1,250,0,940.0
10109694SOARESM_2025-02-25_G41,10109694SOARESM,2025-02-25,118299,1,250,0,758.0
10109694SOARESM_2025-02-25_G42,10109694SOARESM,2025-02-25,110374,1,10,0,247.0
10109694SOARESM_2025-02-25_G43,10109694SOARESM,2025-02-25,107830,1,10,0,102.0
10109694SOARESM_2025-02-25_G44,10109694SOARESM,2025-02-25,109643,1,4,0,267.0
10109694SOARESM_2025-02-25_G45,10109694SOARESM,2025-02-25,110375,1,16,0,319.0
10109694SOARESM_2025-02-25_G46,10109694SOARESM,2025-02-25,117808,1,500,0,728.0
10109694SOARESM_2025-02-25_G47,10109694SOARESM,2025-02-25,117809,1,50,0,498.0
10109694SOARESM_2025-02-25_G48,10109694SOARESM,2025-02-25,117820,1,50,0,566.0
10109694SOARESM_2025-02-25_G49,10109694SOARESM,2025-02-25,108798,1,8,0,489.0
10109694SOARESM_2025-02-25_G50,10109694SOARESM,2025-02-25,108736,1,20,0,174.0
10109694SOARESM_2025-02-25_G51,10109694SOARESM,2025-02-25,118140,1,40,0,305.0
10109694SOARESM_2025-02-25_G52,10109694SOARESM,2025-02-25,111462,1,10,0,179.0
10109694SOARESM_2025-02-25_G53,10109694SOARESM,2025-02-25,110733,1,160,0,2068.0
10109694SOARESM_2025-02-25_G54,10109694SOARESM,2025-02-25,109647,1,5,0,165.0
10109694SOARESM_2025-02-25_G55,10109694SOARESM,2025-02-25,111530,1,150,0,463.0
10109694SOARESM_2025-02-27_G02,10109694SOARESM,2025-02-27,118222,1,5,0,82.0
10109694SOARESM_2025-02-27_G03,10109694SOARESM,2025-02-27,110313,1,8,0,97.0
10109694SOARESM_2025-02-27_G04,10109694SOARESM,2025-02-27,117856,1,4,0,58.0
10109694SOARESM_2025-02-27_G05,10109694SOARESM,2025-02-27,110373,1,20,0,409.0
10109694SOARESM_2025-02-27_G06,10109694SOARESM,2025-02-27,111469,1,16,0,342.0
10109694SOARESM_2025-02-27_G07,10109694SOARESM,2025-02-27,118140,1,8,0,299.0
10109694SOARESM_2025-02-27_G08,10109694SOARESM,2025-02-27,111532,1,20,0,992.0
10109694SOARESM_2025-02-27_G09,10109694SOARESM,2025-02-27,111620,1,4,0,1718.0
10109694SOARESM_2025-02-27_G10,10109694SOARESM,2025-02-27,118222,1,3,0,263.0
10109694SOARESM_2025-02-27_G11,10109694SOARESM,2025-02-27,111793,1,5,0,171.0
10109694SOARESM_2025-02-27_G12,10109694SOARESM,2025-02-27,116527,1,8,0,180.0
10109694SOARESM_2025-02-27_G13,10109694SOARESM,2025-02-27,110332,1,8,0,416.0
10109694SOARESM_2025-02-27_G14,10109694SOARESM,2025-02-27,111348,1,20,0,352.0
10109694SOARESM_2025-02-27_G15,10109694SOARESM,2025-02-27,117787,1,20,0,1634.0
10109694SOARESM_2025-02-27_G16,10109694SOARESM,2025-02-27,107236,1,40,0,334.0
10109694SOARESM_2025-02-27_G17,10109694SOARESM,2025-02-27,109649,1,3,0,115.0
10109694SOARESM_2025-02-27_G18,10109694SOARESM,2025-02-27,117841,1,4,0,215.0
10109694SOARESM_2025-02-27_G19,10109694SOARESM,2025-02-27,108736,1,6,0,520.0
10109694SOARESM_2025-02-27_G20,10109694SOARESM,2025-02-27,117831,1,30,0,241.0
10109694SOARESM_2025-02-27_G21,10109694SOARESM,2025-02-27,111469,1,39,0,343.0
10109694SOARESM_2025-02-27_G22,10109694SOARESM,2025-02-27,110376,1,37,0,809.0
10109694SOARESM_2025-02-27_G23,10109694SOARESM,2025-02-27,109643,1,80,0,268.0
10109694SOARESM_2025-02-27_G24,10109694SOARESM,2025-02-27,117830,1,12,0,570.0
10109694SOARESM_2025-02-27_G25,10109694SOARESM,2025-02-27,117833,1,3,0,96.0
10109694SOARESM_2025-02-27_G26,10109694SOARESM,2025-02-27,140922,1,4,0,211.0
10109694SOARESM_2025-02-27_G27,10109694SOARESM,2025-02-27,141047,1,4,0,93.0
10109694SOARESM_2025-02-27_G28,10109694SOARESM,2025-02-27,110515,1,4,0,109.0
10109694SOARESM_2025-02-27_G29,10109694SOARESM,2025-02-27,110515,1,12,0,168.0
10109694SOARESM_2025-02-27_G31,10109694SOARESM,2025-02-27,108794,1,12,0,315.0
10109694SOARESM_2025-02-27_G32,10109694SOARESM,2025-02-27,109974,1,1,0,121.0
10109694SOARESM_2025-02-27_G33,10109694SOARESM,2025-02-27,118403,1,2,0,127.0
10109694SOARESM_2025-02-27_G34,10109694SOARESM,2025-02-27,111598,1,4,0,116.0
10109694SOARESM_2025-02-27_G35,10109694SOARESM,2025-02-27,110711,1,2,0,74.0
10109694SOARESM_2025-02-27_G36,10109694SOARESM,2025-02-27,141047,1,4,0,92.0
10109694SOARESM_2025-02-27_G37,10109694SOARESM,2025-02-27,111465,1,4,0,234.0
10109694SOARESM_2025-02-27_G38,10109694SOARESM,2025-02-27,107236,1,4,0,107.0
10109694SOARESM_2025-02-27_G39,10109694SOARESM,2025-02-27,140922,1,4,0,214.0
10109694SOARESM_2025-02-27_G40,10109694SOARESM,2025-02-27,110787,1,3,0,92.0
10109694SOARESM_2025-02-27_G41,10109694SOARESM,2025-02-27,109645,1,5,0,107.0
10109694SOARESM_2025-02-27_G42,10109694SOARESM,2025-02-27,110740,1,5,0,91.0
10109694SOARESM_2025-02-27_G43,10109694SOARESM,2025-02-27,118140,1,4,0,87.0
10109694SOARESM_2025-02-27_G44,10109694SOARESM,2025-02-27,111465,1,4,0,115.0
10109694SOARESM_2025-02-27_G45,10109694SOARESM,2025-02-27,110711,1,4,0,146.0
10109694SOARESM_2025-02-27_G46,10109694SOARESM,2025-02-27,117831,1,4,0,128.0
10109694SOARESM_2025-02-27_G47,10109694SOARESM,2025-02-27,118299,1,4,0,144.0
10109694SOARESM_2025-02-27_G48,10109694SOARESM,2025-02-27,117820,1,4,0,164.0
10109694SOARESM_2025-02-27_G49,10109694SOARESM,2025-02-27,117820,1,6,0,241.0
10109694SOARESM_2025-02-27_G50,10109694SOARESM,2025-02-27,118317,1,7,0,530.0
10109694SOARESM_2025-02-27_G51,10109694SOARESM,2025-02-27,118317,1,4,0,139.0
10109694SOARESM_2025-02-27_G52,10109694SOARESM,2025-02-27,110376,1,4,0,179.0
10109694SOARESM_2025-02-27_G53,10109694SOARESM,2025-02-27,110515,1,4,0,361.0
10109694SOARESM_2025-03-05_G02,10109694SOARESM,2025-03-05,111465,1,74,0,601.0
10109694SOARESM_2025-03-06_G02,10109694SOARESM,2025-03-06,111330,1,181,0,887.0
10109694SOARESM_2025-03-06_G03,10109694SOARESM,2025-03-06,109649,1,364,0,1284.0
10109694SOARESM_2025-03-06_G04,10109694SOARESM,2025-03-06,108770,1,4,0,639.0
10109694SOARESM_2025-03-06_G05,10109694SOARESM,2025-03-06,110787,1,2,0,846.0
10109694SOARESM_2025-03-06_G06,10109694SOARESM,2025-03-06,111463,1,2,0,107.0
10109694SOARESM_2025-03-06_G07,10109694SOARESM,2025-03-06,111465,1,1,0,76.0
10109694SOARESM_2025-03-06_G08,10109694SOARESM,2025-03-06,109649,1,2,0,48.0
10109694SOARESM_2025-03-06_G09,10109694SOARESM,2025-03-06,117856,1,4,0,605.0
10109694SOARESM_2025-03-06_G10,10109694SOARESM,2025-03-06,110741,1,1,0,134.0
10109694SOARESM_2025-03-06_G11,10109694SOARESM,2025-03-06,109640,1,2,0,77.0
10109694SOARESM_2025-03-06_G12,10109694SOARESM,2025-03-06,110339,1,2,0,98.0
10109694SOARESM_2025-03-06_G13,10109694SOARESM,2025-03-06,117833,1,4,0,174.0
10109694SOARESM_2025-03-06_G14,10109694SOARESM,2025-03-06,"111469, 110372",2,4,29,116.0
10109694SOARESM_2025-03-06_G15,10109694SOARESM,2025-03-06,117808,1,2,0,54.0
10109694SOARESM_2025-03-06_G16,10109694SOARESM,2025-03-06,117809,1,2,0,100.0
10109694SOARESM_2025-03-06_G17,10109694SOARESM,2025-03-06,118299,1,13,0,133.0
10109694SOARESM_2025-03-07_G02,10109694SOARESM,2025-03-07,111172,1,2,0,181.0
10109694SOARESM_2025-03-07_G03,10109694SOARESM,2025-03-07,111463,1,15,0,216.0
10109694SOARESM_2025-03-07_G04,10109694SOARESM,2025-03-07,108770,1,4,0,163.0
10109694SOARESM_2025-03-07_G05,10109694SOARESM,2025-03-07,110325,1,4,0,935.0
10109694SOARESM_2025-03-07_G06,10109694SOARESM,2025-03-07,110371,1,20,0,40.0
10109694SOARESM_2025-03-07_G07,10109694SOARESM,2025-03-07,110372,1,30,0,366.0
10109694SOARESM_2025-03-07_G08,10109694SOARESM,2025-03-07,118299,1,10,0,230.0
10109694SOARESM_2025-03-07_G09,10109694SOARESM,2025-03-07,117830,1,18,0,187.0
10109694SOARESM_2025-03-07_G10,10109694SOARESM,2025-03-07,109643,1,10,0,157.0
10109694SOARESM_2025-03-07_G11,10109694SOARESM,2025-03-07,111330,1,12,0,3047.0
10109694SOARESM_2025-03-07_G12,10109694SOARESM,2025-03-07,111172,1,4,0,165.0
10109694SOARESM_2025-03-07_G13,10109694SOARESM,2025-03-07,111172,1,8,0,54.0
10109694SOARESM_2025-03-07_G14,10109694SOARESM,2025-03-07,108711,1,4,0,164.0
10109694SOARESM_2025-03-08_G02,10109694SOARESM,2025-03-08,118306,1,4,0,552.0
10109694SOARESM_2025-03-08_G03,10109694SOARESM,2025-03-08,110582,1,16,0,136.0
10109694SOARESM_2025-03-08_G04,10109694SOARESM,2025-03-08,111850,1,22,0,304.0
10109694SOARESM_2025-03-08_G05,10109694SOARESM,2025-03-08,108770,1,40,0,266.0
10109694SOARESM_2025-03-08_G06,10109694SOARESM,2025-03-08,100334,1,2,0,328.0
10109694SOARESM_2025-03-08_G07,10109694SOARESM,2025-03-08,111569,1,30,0,1350.0
10109694SOARESM_2025-03-08_G08,10109694SOARESM,2025-03-08,103148,1,2,0,212.0
10109694SOARESM_2025-03-08_G09,10109694SOARESM,2025-03-08,110531,1,1,0,60.0
10109694SOARESM_2025-03-08_G10,10109694SOARESM,2025-03-08,117835,1,4,0,75.0
10109694SOARESM_2025-03-08_G11,10109694SOARESM,2025-03-08,110741,1,12,0,416.0
10109694SOARESM_2025-03-08_G12,10109694SOARESM,2025-03-08,110741,1,20,0,77.0
10109694SOARESM_2025-03-08_G13,10109694SOARESM,2025-03-08,117855,1,50,0,691.0
10109694SOARESM_2025-03-08_G14,10109694SOARESM,2025-03-08,111850,1,2,0,489.0
10109694SOARESM_2025-03-08_G15,10109694SOARESM,2025-03-08,111182,1,4,0,414.0
10109694SOARESM_2025-03-08_G16,10109694SOARESM,2025-03-08,111348,1,1,0,184.0
10109694SOARESM_2025-03-08_G17,10109694SOARESM,2025-03-08,140922,1,2,0,103.0
10109694SOARESM_2025-03-08_G18,10109694SOARESM,2025-03-08,108711,1,1,0,64.0
10109694SOARESM_2025-03-08_G19,10109694SOARESM,2025-03-08,117831,1,3,0,192.0
10109694SOARESM_2025-03-08_G20,10109694SOARESM,2025-03-08,110371,1,1,0,113.0
10109694SOARESM_2025-03-08_G21,10109694SOARESM,2025-03-08,117809,1,2,0,79.0
10109694SOARESM_2025-03-08_G22,10109694SOARESM,2025-03-08,117830,1,14,0,61.0
10109694SOARESM_2025-03-08_G23,10109694SOARESM,2025-03-08,107236,1,4,0,399.0
10109694SOARESM_2025-03-08_G24,10109694SOARESM,2025-03-08,111468,1,2,0,63.0
10109694SOARESM_2025-03-08_G25,10109694SOARESM,2025-03-08,111418,1,5,0,112.0
10109694SOARESM_2025-03-08_G26,10109694SOARESM,2025-03-08,111466,1,4,0,104.0
10109694SOARESM_2025-03-08_G27,10109694SOARESM,2025-03-08,109747,1,6,0,100.0
10109694SOARESM_2025-03-08_G28,10109694SOARESM,2025-03-08,117820,1,2,0,72.0
10109694SOARESM_2025-03-08_G29,10109694SOARESM,2025-03-08,111462,1,2,0,108.0
10109694SOARESM_2025-03-08_G30,10109694SOARESM,2025-03-08,117808,1,6,0,287.0
10109694SOARESM_2025-03-08_G31,10109694SOARESM,2025-03-08,110372,1,7,0,60.0
10109694SOARESM_2025-03-08_G32,10109694SOARESM,2025-03-08,117809,1,5,0,125.0
10109694SOARESM_2025-03-08_G33,10109694SOARESM,2025-03-08,118299,1,11,0,82.0
10109694SOARESM_2025-03-08_G34,10109694SOARESM,2025-03-08,117832,1,2,0,99.0
10109694SOARESM_2025-03-08_G35,10109694SOARESM,2025-03-08,110373,1,6,0,54.0
10109694SOARESM_2025-03-08_G36,10109694SOARESM,2025-03-08,140922,1,2,0,111.0
10109694SOARESM_2025-03-08_G37,10109694SOARESM,2025-03-08,111468,1,4,0,42.0
10109694SOARESM_2025-03-08_G38,10109694SOARESM,2025-03-08,111418,1,5,0,105.0
10109694SOARESM_2025-03-08_G39,10109694SOARESM,2025-03-08,110740,1,2,0,79.0
10109694SOARESM_2025-03-08_G40,10109694SOARESM,2025-03-08,108361,1,2,0,290.0
10109694SOARESM_2025-03-08_G41,10109694SOARESM,2025-03-08,107629,1,2,0,110.0
10109694SOARESM_2025-03-08_G42,10109694SOARESM,2025-03-08,111530,1,4,0,125.0
10109694SOARESM_2025-03-08_G43,10109694SOARESM,2025-03-08,117808,1,17,0,242.0
10109694SOARESM_2025-03-08_G44,10109694SOARESM,2025-03-08,110372,1,4,0,91.0
10109694SOARESM_2025-03-08_G45,10109694SOARESM,2025-03-08,117809,1,6,0,77.0
10109694SOARESM_2025-03-08_G46,10109694SOARESM,2025-03-08,118299,1,9,0,71.0
10109694SOARESM_2025-03-08_G47,10109694SOARESM,2025-03-08,"110374, 117830",2,6,28,43.0
10109694SOARESM_2025-03-08_G48,10109694SOARESM,2025-03-08,110373,1,6,0,97.0
10109694SOARESM_2025-03-08_G49,10109694SOARESM,2025-03-08,109747,1,2,0,56.0
10109694SOARESM_2025-03-08_G50,10109694SOARESM,2025-03-08,117862,1,2,0,130.0
10109694SOARESM_2025-03-08_G51,10109694SOARESM,2025-03-08,111431,1,2,0,62.0
10109694SOARESM_2025-03-08_G52,10109694SOARESM,2025-03-08,118094,1,2,0,35.0
10109694SOARESM_2025-03-08_G53,10109694SOARESM,2025-03-08,117935,1,2,0,72.0
10109694SOARESM_2025-03-08_G54,10109694SOARESM,2025-03-08,109640,1,3,0,81.0
10109694SOARESM_2025-03-08_G55,10109694SOARESM,2025-03-08,110745,1,2,0,94.0
10109694SOARESM_2025-03-08_G56,10109694SOARESM,2025-03-08,110740,1,2,0,48.0
10109694SOARESM_2025-03-08_G57,10109694SOARESM,2025-03-08,110787,1,4,0,69.0
10109694SOARESM_2025-03-08_G58,10109694SOARESM,2025-03-08,117821,1,4,0,61.0
10109694SOARESM_2025-03-08_G59,10109694SOARESM,2025-03-08,111466,1,5,0,86.0
10109694SOARESM_2025-03-08_G60,10109694SOARESM,2025-03-08,110372,1,50,0,526.0
10109694SOARESM_2025-03-08_G61,10109694SOARESM,2025-03-08,118299,1,100,0,406.0
10109694SOARESM_2025-03-08_G62,10109694SOARESM,2025-03-08,110374,1,15,0,146.0
10109694SOARESM_2025-03-08_G63,10109694SOARESM,2025-03-08,117832,1,50,0,116.0
10109694SOARESM_2025-03-08_G64,10109694SOARESM,2025-03-08,117820,1,20,0,451.0
10109694SOARESM_2025-03-08_G65,10109694SOARESM,2025-03-08,110373,1,30,0,32.0
10109694SOARESM_2025-03-10_G02,10109694SOARESM,2025-03-10,111532,1,3,0,374.0
10109694SOARESM_2025-03-10_G03,10109694SOARESM,2025-03-10,110743,1,5,0,250.0
10109694SOARESM_2025-03-10_G04,10109694SOARESM,2025-03-10,111348,1,3,0,61.0
10109694SOARESM_2025-03-10_G05,10109694SOARESM,2025-03-10,140922,1,4,0,108.0
10109694SOARESM_2025-03-10_G06,10109694SOARESM,2025-03-10,109641,1,2,0,49.0
10109694SOARESM_2025-03-10_G07,10109694SOARESM,2025-03-10,111418,1,7,0,127.0
10109694SOARESM_2025-03-10_G08,10109694SOARESM,2025-03-10,117831,1,1,0,84.0
10109694SOARESM_2025-03-10_G09,10109694SOARESM,2025-03-10,108794,1,5,0,143.0
10109694SOARESM_2025-03-10_G10,10109694SOARESM,2025-03-10,110747,1,2,0,162.0
10109694SOARESM_2025-03-10_G11,10109694SOARESM,2025-03-10,111569,1,3,0,118.0
10109694SOARESM_2025-03-10_G12,10109694SOARESM,2025-03-10,117786,1,2,0,272.0
10109694SOARESM_2025-03-10_G13,10109694SOARESM,2025-03-10,110313,1,7,0,340.0
10109694SOARESM_2025-03-10_G14,10109694SOARESM,2025-03-10,110733,1,2,0,72.0
10109694SOARESM_2025-03-10_G15,10109694SOARESM,2025-03-10,107629,1,3,0,80.0
10109694SOARESM_2025-03-10_G16,10109694SOARESM,2025-03-10,117808,1,39,0,284.0
10109694SOARESM_2025-03-10_G17,10109694SOARESM,2025-03-10,110372,1,22,0,421.0
10109694SOARESM_2025-03-10_G18,10109694SOARESM,2025-03-10,"117809, 118299",2,8,22,218.0
10109694SOARESM_2025-03-10_G19,10109694SOARESM,2025-03-10,110373,1,6,0,181.0
10109694SOARESM_2025-03-10_G20,10109694SOARESM,2025-03-10,110375,1,10,0,75.0
10109694SOARESM_2025-03-10_G21,10109694SOARESM,2025-03-10,110374,1,5,0,129.0
10109694SOARESM_2025-03-10_G22,10109694SOARESM,2025-03-10,117808,1,3,0,493.0
10109694SOARESM_2025-03-10_G23,10109694SOARESM,2025-03-10,110371,1,11,0,178.0
10109694SOARESM_2025-03-10_G24,10109694SOARESM,2025-03-10,110372,1,18,0,163.0
10109694SOARESM_2025-03-10_G25,10109694SOARESM,2025-03-10,117809,1,9,0,194.0
10109694SOARESM_2025-03-10_G26,10109694SOARESM,2025-03-10,118299,1,24,0,254.0
10109694SOARESM_2025-03-10_G27,10109694SOARESM,2025-03-10,117830,1,3,0,57.0
10109694SOARESM_2025-03-10_G28,10109694SOARESM,2025-03-10,110375,1,12,0,207.0
10109694SOARESM_2025-03-10_G29,10109694SOARESM,2025-03-10,110374,1,4,0,110.0
10109694SOARESM_2025-03-10_G30,10109694SOARESM,2025-03-10,117862,1,2,0,142.0
10109694SOARESM_2025-03-10_G31,10109694SOARESM,2025-03-10,117855,1,2,0,322.0
10109694SOARESM_2025-03-10_G32,10109694SOARESM,2025-03-10,117861,1,3,0,152.0
10109694SOARESM_2025-03-10_G33,10109694SOARESM,2025-03-10,118298,1,1,0,75.0
10109694SOARESM_2025-03-10_G34,10109694SOARESM,2025-03-10,111743,1,2,0,257.0
10109694SOARESM_2025-03-10_G35,10109694SOARESM,2025-03-10,111172,1,3,0,177.0
10109694SOARESM_2025-03-10_G36,10109694SOARESM,2025-03-10,111418,1,17,0,501.0
10109694SOARESM_2025-03-10_G37,10109694SOARESM,2025-03-10,117787,1,2,0,582.0
10109694SOARESM_2025-03-10_G38,10109694SOARESM,2025-03-10,110747,1,61,0,1172.0
10109694SOARESM_2025-03-10_G39,10109694SOARESM,2025-03-10,111465,1,185,0,613.0
10109694SOARESM_2025-03-10_G40,10109694SOARESM,2025-03-10,110373,1,710,0,1356.0
10109694SOARESM_2025-03-10_G42,10109694SOARESM,2025-03-10,110743,1,20,0,980.0
10109694SOARESM_2025-03-10_G43,10109694SOARESM,2025-03-10,111431,1,1,0,217.0
10109694SOARESM_2025-03-10_G44,10109694SOARESM,2025-03-10,107236,1,4,0,115.0
10109694SOARESM_2025-03-10_G45,10109694SOARESM,2025-03-10,118004,1,22,0,260.0
10109694SOARESM_2025-03-10_G46,10109694SOARESM,2025-03-10,117833,1,30,0,185.0
10109694SOARESM_2025-03-10_G47,10109694SOARESM,2025-03-10,110745,1,7,0,463.0
10109694SOARESM_2025-03-10_G48,10109694SOARESM,2025-03-10,110745,1,63,0,62.0
10109694SOARESM_2025-03-10_G49,10109694SOARESM,2025-03-10,108711,1,50,0,318.0
10109694SOARESM_2025-03-10_G50,10109694SOARESM,2025-03-10,110129,1,30,0,311.0
10109694SOARESM_2025-03-10_G51,10109694SOARESM,2025-03-10,105705,1,25,0,276.0
10109694SOARESM_2025-03-10_G52,10109694SOARESM,2025-03-10,117821,1,20,0,554.0
10109694SOARESM_2025-03-10_G53,10109694SOARESM,2025-03-10,117787,1,30,0,253.0
10109694SOARESM_2025-03-10_G54,10109694SOARESM,2025-03-10,111442,1,10,0,644.0
10109694SOARESM_2025-03-10_G55,10109694SOARESM,2025-03-10,160054,1,4,0,219.0
10109694SOARESM_2025-03-10_G56,10109694SOARESM,2025-03-10,110376,1,70,0,66.0
10109694SOARESM_2025-03-10_G57,10109694SOARESM,2025-03-10,117830,1,80,0,369.0
10109694SOARESM_2025-03-10_G58,10109694SOARESM,2025-03-10,107830,1,9,0,313.0
10109694SOARESM_2025-03-10_G59,10109694SOARESM,2025-03-10,117840,1,6,0,69.0
10109694SOARESM_2025-03-10_G60,10109694SOARESM,2025-03-10,110375,1,2,0,93.0
10109694SOARESM_2025-03-10_G61,10109694SOARESM,2025-03-10,109747,1,50,0,421.0
10109694SOARESM_2025-03-10_G62,10109694SOARESM,2025-03-10,117861,1,60,0,313.0
10109694SOARESM_2025-03-11_G02,10109694SOARESM,2025-03-11,118140,1,4,0,342.0
10109694SOARESM_2025-03-11_G03,10109694SOARESM,2025-03-11,111469,1,8,0,383.0
10109694SOARESM_2025-03-11_G04,10109694SOARESM,2025-03-11,111530,1,4,0,163.0
10109694SOARESM_2025-03-11_G05,10109694SOARESM,2025-03-11,111172,1,2,0,126.0
10109694SOARESM_2025-03-11_G06,10109694SOARESM,2025-03-11,111442,1,14,0,598.0
10109694SOARESM_2025-03-11_G07,10109694SOARESM,2025-03-11,111430,1,2,0,325.0
10109694SOARESM_2025-03-11_G08,10109694SOARESM,2025-03-11,118222,1,2,0,40.0
10109694SOARESM_2025-03-11_G09,10109694SOARESM,2025-03-11,111569,1,2,0,132.0
10109694SOARESM_2025-03-11_G10,10109694SOARESM,2025-03-11,109647,1,2,0,166.0
10109694SOARESM_2025-03-11_G11,10109694SOARESM,2025-03-11,111602,1,4,0,93.0
10109694SOARESM_2025-03-11_G12,10109694SOARESM,2025-03-11,111743,1,2,0,256.0
10109694SOARESM_2025-03-11_G13,10109694SOARESM,2025-03-11,111463,1,3,0,169.0
10109694SOARESM_2025-03-11_G14,10109694SOARESM,2025-03-11,118004,1,6,0,125.0
10109694SOARESM_2025-03-11_G15,10109694SOARESM,2025-03-11,140922,1,4,0,59.0
10109694SOARESM_2025-03-11_G16,10109694SOARESM,2025-03-11,111172,1,2,0,41.0
10109694SOARESM_2025-03-11_G17,10109694SOARESM,2025-03-11,111418,1,2,0,102.0
10109694SOARESM_2025-03-11_G18,10109694SOARESM,2025-03-11,111442,1,12,0,119.0
10109694SOARESM_2025-03-11_G19,10109694SOARESM,2025-03-11,108711,1,2,0,38.0
10109694SOARESM_2025-03-11_G20,10109694SOARESM,2025-03-11,110740,1,2,0,34.0
10109694SOARESM_2025-03-11_G21,10109694SOARESM,2025-03-11,110787,1,2,0,86.0
10109694SOARESM_2025-03-11_G22,10109694SOARESM,2025-03-11,118140,1,6,0,133.0
10109694SOARESM_2025-03-11_G23,10109694SOARESM,2025-03-11,111466,1,2,0,114.0
10109694SOARESM_2025-03-11_G24,10109694SOARESM,2025-03-11,111469,1,10,0,85.0
10109694SOARESM_2025-03-11_G25,10109694SOARESM,2025-03-11,111462,1,2,0,34.0
10109694SOARESM_2025-03-11_G26,10109694SOARESM,2025-03-11,111465,1,2,0,55.0
10109694SOARESM_2025-03-11_G27,10109694SOARESM,2025-03-11,117808,1,2,0,70.0
10109694SOARESM_2025-03-11_G28,10109694SOARESM,2025-03-11,110371,1,9,0,595.0
10109694SOARESM_2025-03-11_G29,10109694SOARESM,2025-03-11,110372,1,18,0,653.0
10109694SOARESM_2025-03-11_G30,10109694SOARESM,2025-03-11,118299,1,4,0,110.0
10109694SOARESM_2025-03-11_G31,10109694SOARESM,2025-03-11,109643,1,2,0,74.0
10109694SOARESM_2025-03-11_G32,10109694SOARESM,2025-03-11,110373,1,8,0,108.0
10109694SOARESM_2025-03-11_G33,10109694SOARESM,2025-03-11,110374,1,7,0,174.0
10109694SOARESM_2025-03-11_G34,10109694SOARESM,2025-03-11,117820,1,4,0,210.0
10109694SOARESM_2025-03-11_G35,10109694SOARESM,2025-03-11,100334,1,4,0,216.0
10109694SOARESM_2025-03-11_G36,10109694SOARESM,2025-03-11,111602,1,1,0,38.0
10109694SOARESM_2025-03-11_G37,10109694SOARESM,2025-03-11,117861,1,3,0,139.0
10109694SOARESM_2025-03-11_G38,10109694SOARESM,2025-03-11,111530,1,8,0,140.0
10109694SOARESM_2025-03-11_G39,10109694SOARESM,2025-03-11,118298,1,4,0,331.0
10109694SOARESM_2025-03-11_G40,10109694SOARESM,2025-03-11,110711,1,2,0,74.0
10109694SOARESM_2025-03-11_G41,10109694SOARESM,2025-03-11,108795,1,1,0,236.0
10109694SOARESM_2025-03-11_G42,10109694SOARESM,2025-03-11,117785,1,7,0,331.0
10109694SOARESM_2025-03-11_G43,10109694SOARESM,2025-03-11,117831,1,4,0,253.0
10109694SOARESM_2025-03-11_G44,10109694SOARESM,2025-03-11,"111418, 108711",2,18,29,163.0
10109694SOARESM_2025-03-11_G45,10109694SOARESM,2025-03-11,110787,1,4,0,112.0
10109694SOARESM_2025-03-11_G46,10109694SOARESM,2025-03-11,118140,1,4,0,98.0
10109694SOARESM_2025-03-11_G47,10109694SOARESM,2025-03-11,108794,1,12,0,141.0
10109694SOARESM_2025-03-11_G48,10109694SOARESM,2025-03-11,117821,1,2,0,44.0
10109694SOARESM_2025-03-11_G49,10109694SOARESM,2025-03-11,110325,1,4,0,157.0
10109694SOARESM_2025-03-11_G50,10109694SOARESM,2025-03-11,117808,1,90,0,74.0
10109694SOARESM_2025-03-11_G51,10109694SOARESM,2025-03-11,110371,1,11,0,452.0
10109694SOARESM_2025-03-11_G52,10109694SOARESM,2025-03-11,117822,1,4,0,60.0
10109694SOARESM_2025-03-11_G53,10109694SOARESM,2025-03-11,110372,1,4,0,56.0
10109694SOARESM_2025-03-11_G54,10109694SOARESM,2025-03-11,117809,1,15,0,660.0
10109694SOARESM_2025-03-11_G55,10109694SOARESM,2025-03-11,118299,1,44,0,336.0
10109694SOARESM_2025-03-11_G56,10109694SOARESM,2025-03-11,117832,1,8,0,228.0
10109694SOARESM_2025-03-11_G57,10109694SOARESM,2025-03-11,110373,1,30,0,171.0
10109694SOARESM_2025-03-11_G58,10109694SOARESM,2025-03-11,110375,1,4,0,230.0
10109694SOARESM_2025-03-11_G59,10109694SOARESM,2025-03-11,109747,1,4,0,109.0
10109694SOARESM_2025-03-11_G60,10109694SOARESM,2025-03-11,110374,1,8,0,130.0
10109694SOARESM_2025-03-11_G61,10109694SOARESM,2025-03-11,117820,1,11,0,137.0
10109694SOARESM_2025-03-11_G62,10109694SOARESM,2025-03-11,111442,1,12,0,289.0
10109694SOARESM_2025-03-11_G63,10109694SOARESM,2025-03-11,111442,1,6,0,244.0
10109694SOARESM_2025-03-11_G65,10109694SOARESM,2025-03-11,110711,1,12,0,263.0
10109694SOARESM_2025-03-11_G66,10109694SOARESM,2025-03-11,111463,1,163,0,500.0
10109694SOARESM_2025-03-11_G67,10109694SOARESM,2025-03-11,111468,1,95,0,447.0
10109694SOARESM_2025-03-11_G68,10109694SOARESM,2025-03-11,118140,1,47,0,232.0
10109694SOARESM_2025-03-11_G69,10109694SOARESM,2025-03-11,111466,1,165,0,1911.0
10109694SOARESM_2025-03-11_G70,10109694SOARESM,2025-03-11,111465,1,227,0,611.0
10109694SOARESM_2025-03-11_G71,10109694SOARESM,2025-03-11,110711,1,130,0,3098.0
10109694SOARESM_2025-03-11_G72,10109694SOARESM,2025-03-11,118140,1,270,0,792.0
10109694SOARESM_2025-03-11_G73,10109694SOARESM,2025-03-11,108794,1,140,0,549.0
10109694SOARESM_2025-03-12_G02,10109694SOARESM,2025-03-12,110313,1,7,0,274.0
10109694SOARESM_2025-03-12_G03,10109694SOARESM,2025-03-12,111602,1,70,0,298.0
10109694SOARESM_2025-03-12_G04,10109694SOARESM,2025-03-12,117855,1,21,0,574.0
10109694SOARESM_2025-03-12_G05,10109694SOARESM,2025-03-12,111530,1,68,0,293.0
10109694SOARESM_2025-03-12_G06,10109694SOARESM,2025-03-12,110743,1,2,0,443.0
10109694SOARESM_2025-03-12_G07,10109694SOARESM,2025-03-12,111348,1,8,0,91.0
10109694SOARESM_2025-03-12_G08,10109694SOARESM,2025-03-12,117831,1,10,0,98.0
10109694SOARESM_2025-03-12_G09,10109694SOARESM,2025-03-12,118004,1,2,0,43.0
10109694SOARESM_2025-03-12_G10,10109694SOARESM,2025-03-12,111468,1,16,0,111.0
10109694SOARESM_2025-03-12_G11,10109694SOARESM,2025-03-12,117785,1,5,0,84.0
10109694SOARESM_2025-03-12_G12,10109694SOARESM,2025-03-12,118140,2,64,28,363.0
10109694SOARESM_2025-03-12_G13,10109694SOARESM,2025-03-12,108711,1,63,0,166.0
10109694SOARESM_2025-03-12_G14,10109694SOARESM,2025-03-12,110787,1,26,0,486.0
10109694SOARESM_2025-03-12_G15,10109694SOARESM,2025-03-12,110787,1,2,0,44.0
10109694SOARESM_2025-03-12_G16,10109694SOARESM,2025-03-12,108794,1,6,0,296.0
10109694SOARESM_2025-03-12_G17,10109694SOARESM,2025-03-12,117821,1,16,0,134.0
10109694SOARESM_2025-03-12_G18,10109694SOARESM,2025-03-12,111462,1,29,0,1045.0
10109694SOARESM_2025-03-12_G19,10109694SOARESM,2025-03-12,111182,1,4,0,844.0
10109694SOARESM_2025-03-12_G20,10109694SOARESM,2025-03-12,110372,2,62,27,592.0
10109694SOARESM_2025-03-12_G21,10109694SOARESM,2025-03-12,109643,1,20,0,222.0
10109694SOARESM_2025-03-12_G22,10109694SOARESM,2025-03-12,110373,1,60,0,774.0
10109694SOARESM_2025-03-12_G23,10109694SOARESM,2025-03-12,110743,1,10,0,1531.0
10109694SOARESM_2025-03-12_G24,10109694SOARESM,2025-03-12,111348,1,6,0,106.0
10109694SOARESM_2025-03-12_G25,10109694SOARESM,2025-03-12,111431,1,14,0,245.0
10109694SOARESM_2025-03-12_G26,10109694SOARESM,2025-03-12,111463,1,72,0,442.0
10109694SOARESM_2025-03-12_G27,10109694SOARESM,2025-03-12,118004,1,4,0,196.0
10109694SOARESM_2025-03-12_G28,10109694SOARESM,2025-03-12,109641,1,12,0,164.0
10109694SOARESM_2025-03-12_G29,10109694SOARESM,2025-03-12,118140,1,2,0,164.0
10109694SOARESM_2025-03-12_G30,10109694SOARESM,2025-03-12,110748,1,8,0,181.0
10109694SOARESM_2025-03-12_G31,10109694SOARESM,2025-03-12,110787,1,2,0,108.0
10109694SOARESM_2025-03-12_G32,10109694SOARESM,2025-03-12,105705,1,15,0,246.0
10109694SOARESM_2025-03-12_G33,10109694SOARESM,2025-03-12,108794,1,20,0,234.0
10109694SOARESM_2025-03-12_G34,10109694SOARESM,2025-03-12,110787,1,20,0,471.0
10109694SOARESM_2025-03-12_G35,10109694SOARESM,2025-03-12,111465,1,21,0,270.0
10109694SOARESM_2025-03-12_G36,10109694SOARESM,2025-03-12,110742,1,11,0,482.0
10109694SOARESM_2025-03-12_G37,10109694SOARESM,2025-03-12,111430,1,4,0,185.0
10109694SOARESM_2025-03-12_G38,10109694SOARESM,2025-03-12,110747,1,6,0,162.0
10109694SOARESM_2025-03-12_G39,10109694SOARESM,2025-03-12,118222,1,2,0,139.0
10109694SOARESM_2025-03-12_G40,10109694SOARESM,2025-03-12,109937,1,4,0,90.0
10109694SOARESM_2025-03-12_G41,10109694SOARESM,2025-03-12,109647,1,4,0,378.0
10109694SOARESM_2025-03-12_G42,10109694SOARESM,2025-03-12,118094,1,90,0,238.0
10109694SOARESM_2025-03-12_G43,10109694SOARESM,2025-03-12,117935,1,14,0,388.0
10109694SOARESM_2025-03-12_G44,10109694SOARESM,2025-03-12,110733,1,5,0,77.0
10109694SOARESM_2025-03-12_G45,10109694SOARESM,2025-03-12,111602,1,62,0,165.0
10109694SOARESM_2025-03-12_G47,10109694SOARESM,2025-03-12,117820,1,70,0,76.0
10109694SOARESM_2025-03-12_G48,10109694SOARESM,2025-03-12,117820,1,2,0,345.0
10109694SOARESM_2025-03-12_G49,10109694SOARESM,2025-03-12,109643,1,8,0,338.0
10109694SOARESM_2025-03-12_G50,10109694SOARESM,2025-03-12,110742,1,8,0,769.0
10109694SOARESM_2025-03-12_G51,10109694SOARESM,2025-03-12,118306,1,8,0,198.0
10109694SOARESM_2025-03-12_G52,10109694SOARESM,2025-03-12,111430,1,12,0,210.0
10109694SOARESM_2025-03-12_G53,10109694SOARESM,2025-03-12,110747,1,3,0,165.0
10109694SOARESM_2025-03-12_G54,10109694SOARESM,2025-03-12,111430,1,4,0,147.0
10109694SOARESM_2025-03-12_G55,10109694SOARESM,2025-03-12,110313,1,4,0,125.0
10109694SOARESM_2025-03-12_G56,10109694SOARESM,2025-03-12,108772,1,4,0,149.0
10109694SOARESM_2025-03-12_G57,10109694SOARESM,2025-03-12,111530,1,34,0,673.0
10109694SOARESM_2025-03-12_G58,10109694SOARESM,2025-03-12,110339,1,6,0,83.0
10109694SOARESM_2025-03-12_G59,10109694SOARESM,2025-03-12,117809,1,11,0,361.0
10109694SOARESM_2025-03-12_G60,10109694SOARESM,2025-03-12,118299,1,2,0,225.0
10109694SOARESM_2025-03-12_G61,10109694SOARESM,2025-03-12,110372,1,2,0,40.0
10109694SOARESM_2025-03-12_G62,10109694SOARESM,2025-03-12,110372,1,44,0,273.0
10109694SOARESM_2025-03-12_G63,10109694SOARESM,2025-03-12,110373,1,4,0,115.0
10109694SOARESM_2025-03-12_G64,10109694SOARESM,2025-03-12,110373,1,16,0,1002.0
10109694SOARESM_2025-03-12_G65,10109694SOARESM,2025-03-12,110374,1,13,0,185.0
10109694SOARESM_2025-03-12_G66,10109694SOARESM,2025-03-12,117820,1,11,0,241.0
10109694SOARESM_2025-03-12_G67,10109694SOARESM,2025-03-12,118299,1,22,0,219.0
10109694SOARESM_2025-03-12_G68,10109694SOARESM,2025-03-12,110747,1,12,0,480.0
10109694SOARESM_2025-03-12_G69,10109694SOARESM,2025-03-12,111602,1,12,0,191.0
10109694SOARESM_2025-03-12_G70,10109694SOARESM,2025-03-12,111530,1,7,0,78.0
10109694SOARESM_2025-03-12_G71,10109694SOARESM,2025-03-12,110371,1,4,0,144.0
10109694SOARESM_2025-03-12_G72,10109694SOARESM,2025-03-12,110373,1,12,0,128.0
10109694SOARESM_2025-03-12_G73,10109694SOARESM,2025-03-12,111602,1,12,0,180.0
10109694SOARESM_2025-03-12_G74,10109694SOARESM,2025-03-12,118140,1,12,0,103.0
10109694SOARESM_2025-03-12_G75,10109694SOARESM,2025-03-12,108711,1,8,0,185.0
10109694SOARESM_2025-03-13_G02,10109694SOARESM,2025-03-13,111466,1,4,0,159.0
10109694SOARESM_2025-03-13_G03,10109694SOARESM,2025-03-13,118140,1,6,0,205.0
10109694SOARESM_2025-03-13_G04,10109694SOARESM,2025-03-13,110750,1,2,0,524.0
10109694SOARESM_2025-03-13_G05,10109694SOARESM,2025-03-13,117855,1,4,0,633.0
10109694SOARESM_2025-03-13_G06,10109694SOARESM,2025-03-13,117786,1,6,0,92.0
10109694SOARESM_2025-03-13_G07,10109694SOARESM,2025-03-13,110515,1,7,0,203.0
10109694SOARESM_2025-03-13_G08,10109694SOARESM,2025-03-13,140922,1,1,0,96.0
10109694SOARESM_2025-03-13_G09,10109694SOARESM,2025-03-13,117785,1,4,0,90.0
10109694SOARESM_2025-03-13_G10,10109694SOARESM,2025-03-13,111462,1,10,0,162.0
10109694SOARESM_2025-03-13_G11,10109694SOARESM,2025-03-13,110787,1,5,0,149.0
10109694SOARESM_2025-03-13_G12,10109694SOARESM,2025-03-13,117808,1,7,0,2243.0
10109694SOARESM_2025-03-13_G13,10109694SOARESM,2025-03-13,110372,1,15,0,190.0
10109694SOARESM_2025-03-13_G14,10109694SOARESM,2025-03-13,110373,1,11,0,184.0
10109694SOARESM_2025-03-13_G15,10109694SOARESM,2025-03-13,117808,1,26,0,236.0
10109694SOARESM_2025-03-13_G16,10109694SOARESM,2025-03-13,110371,1,4,0,131.0
10109694SOARESM_2025-03-13_G17,10109694SOARESM,2025-03-13,"118299, 110372",2,20,14,101.0
10109694SOARESM_2025-03-13_G18,10109694SOARESM,2025-03-13,117832,1,6,0,143.0
10109694SOARESM_2025-03-13_G19,10109694SOARESM,2025-03-13,117820,1,7,0,118.0
10109694SOARESM_2025-03-13_G20,10109694SOARESM,2025-03-13,111466,1,10,0,444.0
10109694SOARESM_2025-03-13_G21,10109694SOARESM,2025-03-13,140922,1,4,0,145.0
10109694SOARESM_2025-03-13_G22,10109694SOARESM,2025-03-13,108711,1,2,0,75.0
10109694SOARESM_2025-03-13_G23,10109694SOARESM,2025-03-13,105705,1,6,0,516.0
10109694SOARESM_2025-03-13_G24,10109694SOARESM,2025-03-13,117821,1,2,0,118.0
10109694SOARESM_2025-03-13_G25,10109694SOARESM,2025-03-13,110733,1,5,0,125.0
10109694SOARESM_2025-03-13_G26,10109694SOARESM,2025-03-13,111569,1,4,0,93.0
10109694SOARESM_2025-03-13_G27,10109694SOARESM,2025-03-13,111431,1,16,0,1288.0
10109694SOARESM_2025-03-13_G28,10109694SOARESM,2025-03-13,111463,1,60,0,311.0
10109694SOARESM_2025-03-13_G29,10109694SOARESM,2025-03-13,111466,1,140,0,701.0
10109694SOARESM_2025-03-13_G30,10109694SOARESM,2025-03-13,111466,1,16,0,343.0
10109694SOARESM_2025-03-13_G31,10109694SOARESM,2025-03-13,111532,1,20,0,266.0
10109694SOARESM_2025-03-13_G32,10109694SOARESM,2025-03-13,117833,1,12,0,140.0
10109694SOARESM_2025-03-13_G33,10109694SOARESM,2025-03-13,111172,1,18,0,313.0
10109694SOARESM_2025-03-13_G34,10109694SOARESM,2025-03-13,118140,1,6,0,209.0
10109694SOARESM_2025-03-13_G35,10109694SOARESM,2025-03-13,110745,1,20,0,259.0
10109694SOARESM_2025-03-13_G36,10109694SOARESM,2025-03-13,108711,1,27,0,247.0
10109694SOARESM_2025-03-13_G37,10109694SOARESM,2025-03-13,110787,1,32,0,276.0
10109694SOARESM_2025-03-13_G38,10109694SOARESM,2025-03-13,117821,1,120,0,365.0
10109694SOARESM_2025-03-13_G39,10109694SOARESM,2025-03-13,111433,1,8,0,370.0
10109694SOARESM_2025-03-13_G40,10109694SOARESM,2025-03-13,111465,1,4,0,113.0
10109694SOARESM_2025-03-13_G41,10109694SOARESM,2025-03-13,110895,1,5,0,539.0
10109694SOARESM_2025-03-13_G42,10109694SOARESM,2025-03-13,110339,1,32,0,298.0
10109694SOARESM_2025-03-13_G43,10109694SOARESM,2025-03-13,117856,1,2,0,171.0
10109694SOARESM_2025-03-13_G44,10109694SOARESM,2025-03-13,107629,1,5,0,82.0
10109694SOARESM_2025-03-13_G45,10109694SOARESM,2025-03-13,117861,1,12,0,174.0
10109694SOARESM_2025-03-13_G46,10109694SOARESM,2025-03-13,117786,1,20,0,203.0
10109694SOARESM_2025-03-13_G47,10109694SOARESM,2025-03-13,108772,1,13,0,310.0
10109694SOARESM_2025-03-13_G48,10109694SOARESM,2025-03-13,108361,1,4,0,109.0
10109694SOARESM_2025-03-13_G49,10109694SOARESM,2025-03-13,110515,1,7,0,59.0
10109694SOARESM_2025-03-13_G50,10109694SOARESM,2025-03-13,110515,1,27,0,147.0
10109694SOARESM_2025-03-13_G51,10109694SOARESM,2025-03-13,111530,1,24,0,365.0
10109694SOARESM_2025-03-13_G53,10109694SOARESM,2025-03-13,118299,1,500,0,1445.0
10109694SOARESM_2025-03-13_G54,10109694SOARESM,2025-03-13,117822,1,10,0,63.0
10109694SOARESM_2025-03-13_G55,10109694SOARESM,2025-03-13,117809,1,50,0,762.0
10109694SOARESM_2025-03-13_G56,10109694SOARESM,2025-03-13,117808,1,500,0,415.0
10109694SOARESM_2025-03-13_G57,10109694SOARESM,2025-03-13,110375,1,12,0,240.0
10109694SOARESM_2025-03-13_G58,10109694SOARESM,2025-03-13,109747,1,15,0,156.0
10109694SOARESM_2025-03-13_G59,10109694SOARESM,2025-03-13,117820,1,65,0,278.0
10109694SOARESM_2025-03-13_G60,10109694SOARESM,2025-03-13,117808,1,108,0,1677.0
10109694SOARESM_2025-03-13_G61,10109694SOARESM,2025-03-13,117808,1,23,0,222.0
10109694SOARESM_2025-03-13_G62,10109694SOARESM,2025-03-13,109643,1,4,0,100.0
10109694SOARESM_2025-03-13_G63,10109694SOARESM,2025-03-13,117832,1,5,0,96.0
10109694SOARESM_2025-03-13_G64,10109694SOARESM,2025-03-13,160051,1,40,0,382.0
10109694SOARESM_2025-03-14_G02,10109694SOARESM,2025-03-14,117785,1,247,0,684.0
10109694SOARESM_2025-03-14_G03,10109694SOARESM,2025-03-14,118317,1,4,0,223.0
10109694SOARESM_2025-03-14_G04,10109694SOARESM,2025-03-14,111462,1,7,0,67.0
10109694SOARESM_2025-03-14_G05,10109694SOARESM,2025-03-14,110745,1,2,0,31.0
10109694SOARESM_2025-03-14_G06,10109694SOARESM,2025-03-14,110129,1,5,0,70.0
10109694SOARESM_2025-03-14_G07,10109694SOARESM,2025-03-14,110787,1,13,0,247.0
10109694SOARESM_2025-03-14_G08,10109694SOARESM,2025-03-14,117841,1,1,0,39.0
10109694SOARESM_2025-03-14_G09,10109694SOARESM,2025-03-14,109645,1,4,0,69.0
10109694SOARESM_2025-03-14_G10,10109694SOARESM,2025-03-14,105705,1,26,0,340.0
10109694SOARESM_2025-03-14_G11,10109694SOARESM,2025-03-14,117821,1,9,0,246.0
10109694SOARESM_2025-03-14_G12,10109694SOARESM,2025-03-14,111465,1,8,0,57.0
10109694SOARESM_2025-03-14_G13,10109694SOARESM,2025-03-14,117830,1,61,0,520.0
10109694SOARESM_2025-03-14_G14,10109694SOARESM,2025-03-14,110372,1,42,0,339.0
10109694SOARESM_2025-03-14_G15,10109694SOARESM,2025-03-14,118222,1,4,0,3127.0
10109694SOARESM_2025-03-14_G16,10109694SOARESM,2025-03-14,111602,1,8,0,114.0
10109694SOARESM_2025-03-14_G17,10109694SOARESM,2025-03-14,110372,1,7,0,104.0
10109694SOARESM_2025-03-14_G18,10109694SOARESM,2025-03-14,111466,2,39,20,100.0
10109694SOARESM_2025-03-14_G19,10109694SOARESM,2025-03-14,111435,1,6,0,344.0
10109694SOARESM_2025-03-14_G20,10109694SOARESM,2025-03-14,111532,1,5,0,57.0
10109694SOARESM_2025-03-14_G21,10109694SOARESM,2025-03-14,117831,1,8,0,96.0
10109694SOARESM_2025-03-14_G22,10109694SOARESM,2025-03-14,117785,1,12,0,792.0
10109694SOARESM_2025-03-14_G23,10109694SOARESM,2025-03-14,118140,1,12,0,207.0
10109694SOARESM_2025-03-14_G24,10109694SOARESM,2025-03-14,111182,1,8,0,737.0
10109694SOARESM_2025-03-14_G25,10109694SOARESM,2025-03-14,108798,1,4,0,278.0
10109694SOARESM_2025-03-14_G26,10109694SOARESM,2025-03-14,108795,1,3,0,266.0
10109694SOARESM_2025-03-14_G27,10109694SOARESM,2025-03-14,110743,1,8,0,123.0
10109694SOARESM_2025-03-14_G28,10109694SOARESM,2025-03-14,111431,1,8,0,102.0
10109694SOARESM_2025-03-14_G29,10109694SOARESM,2025-03-14,111743,1,4,0,234.0
10109694SOARESM_2025-03-14_G30,10109694SOARESM,2025-03-14,117787,1,4,0,202.0
10109694SOARESM_2025-03-14_G31,10109694SOARESM,2025-03-14,111463,1,4,0,78.0
10109694SOARESM_2025-03-14_G32,10109694SOARESM,2025-03-14,111435,1,4,0,117.0
10109694SOARESM_2025-03-14_G33,10109694SOARESM,2025-03-14,107236,1,4,0,104.0
10109694SOARESM_2025-03-14_G34,10109694SOARESM,2025-03-14,117831,1,4,0,68.0
10109694SOARESM_2025-03-14_G35,10109694SOARESM,2025-03-14,118004,2,12,24,55.0
10109694SOARESM_2025-03-14_G36,10109694SOARESM,2025-03-14,117833,1,8,0,146.0
10109694SOARESM_2025-03-14_G37,10109694SOARESM,2025-03-14,111468,1,7,0,406.0
10109694SOARESM_2025-03-14_G38,10109694SOARESM,2025-03-14,111172,1,4,0,61.0
10109694SOARESM_2025-03-14_G39,10109694SOARESM,2025-03-14,117785,1,4,0,40.0
10109694SOARESM_2025-03-14_G40,10109694SOARESM,2025-03-14,118140,1,4,0,58.0
10109694SOARESM_2025-03-14_G41,10109694SOARESM,2025-03-14,111330,1,1,0,248.0
10109694SOARESM_2025-03-14_G42,10109694SOARESM,2025-03-14,111462,1,4,0,132.0
10109694SOARESM_2025-03-14_G43,10109694SOARESM,2025-03-14,110745,1,12,0,85.0
10109694SOARESM_2025-03-14_G44,10109694SOARESM,2025-03-14,110129,1,8,0,82.0
10109694SOARESM_2025-03-14_G45,10109694SOARESM,2025-03-14,110740,1,12,0,96.0
10109694SOARESM_2025-03-14_G46,10109694SOARESM,2025-03-14,110787,1,4,0,679.0
10109694SOARESM_2025-03-14_G47,10109694SOARESM,2025-03-14,109645,1,4,0,59.0
10109694SOARESM_2025-03-14_G48,10109694SOARESM,2025-03-14,111465,1,4,0,111.0
10109694SOARESM_2025-03-14_G49,10109694SOARESM,2025-03-14,111418,1,44,0,373.0
10109694SOARESM_2025-03-14_G51,10109694SOARESM,2025-03-14,140957,1,1,0,2252.0
10109694SOARESM_2025-03-14_G52,10109694SOARESM,2025-03-14,117853,1,29,0,205.0
10109694SOARESM_2025-03-14_G53,10109694SOARESM,2025-03-14,109647,1,40,0,385.0
10109694SOARESM_2025-03-14_G54,10109694SOARESM,2025-03-14,110580,1,3,0,760.0
10109694SOARESM_2025-03-14_G55,10109694SOARESM,2025-03-14,110581,1,1,0,92.0
10109694SOARESM_2025-03-14_G56,10109694SOARESM,2025-03-14,111650,1,20,0,641.0
10109694SOARESM_2025-03-14_G57,10109694SOARESM,2025-03-14,108772,1,5,0,427.0
10109694SOARESM_2025-03-14_G58,10109694SOARESM,2025-03-14,108711,1,135,0,709.0
10109694SOARESM_2025-03-14_G59,10109694SOARESM,2025-03-14,111348,1,40,0,197.0
10109694SOARESM_2025-03-14_G60,10109694SOARESM,2025-03-14,108736,1,1,0,365.0
10109694SOARESM_2025-03-14_G61,10109694SOARESM,2025-03-14,117833,1,60,0,441.0
10109694SOARESM_2025-03-14_G62,10109694SOARESM,2025-03-14,111468,1,80,0,594.0
10109694SOARESM_2025-03-14_G63,10109694SOARESM,2025-03-14,118317,1,5,0,151.0
10109694SOARESM_2025-03-14_G64,10109694SOARESM,2025-03-14,109645,1,40,0,748.0
10109694SOARESM_2025-03-14_G65,10109694SOARESM,2025-03-14,117832,1,6,0,181.0
10109694SOARESM_2025-03-14_G66,10109694SOARESM,2025-03-14,110375,1,13,0,114.0
10109694SOARESM_2025-03-14_G67,10109694SOARESM,2025-03-14,110374,1,12,0,133.0
10109694SOARESM_2025-03-14_G68,10109694SOARESM,2025-03-14,117820,1,8,0,57.0
10109694SOARESM_2025-03-14_G69,10109694SOARESM,2025-03-14,110376,1,15,0,659.0
10109694SOARESM_2025-03-14_G70,10109694SOARESM,2025-03-14,109643,1,100,0,1137.0
10109694SOARESM_2025-03-15_G02,10109694SOARESM,2025-03-15,111435,1,4,0,460.0
10109694SOARESM_2025-03-15_G03,10109694SOARESM,2025-03-15,117831,1,4,0,208.0
10109694SOARESM_2025-03-15_G04,10109694SOARESM,2025-03-15,110743,1,4,0,94.0
10109694SOARESM_2025-03-15_G05,10109694SOARESM,2025-03-15,111418,1,24,0,155.0
10109694SOARESM_2025-03-15_G06,10109694SOARESM,2025-03-15,110745,1,4,0,271.0
10109694SOARESM_2025-03-15_G07,10109694SOARESM,2025-03-15,110129,1,8,0,152.0
10109694SOARESM_2025-03-15_G08,10109694SOARESM,2025-03-15,110787,1,4,0,109.0
10109694SOARESM_2025-03-15_G09,10109694SOARESM,2025-03-15,111433,1,4,0,94.0
10109694SOARESM_2025-03-15_G10,10109694SOARESM,2025-03-15,111465,1,4,0,101.0
10109694SOARESM_2025-03-15_G11,10109694SOARESM,2025-03-15,110371,1,4,0,555.0
10109694SOARESM_2025-03-15_G12,10109694SOARESM,2025-03-15,117809,1,7,0,171.0
10109694SOARESM_2025-03-15_G13,10109694SOARESM,2025-03-15,110373,1,6,0,65.0
10109694SOARESM_2025-03-15_G14,10109694SOARESM,2025-03-15,110372,1,36,0,173.0
10109694SOARESM_2025-03-15_G15,10109694SOARESM,2025-03-15,117830,1,4,0,112.0
10109694SOARESM_2025-03-15_G16,10109694SOARESM,2025-03-15,109643,1,1,0,65.0
10109694SOARESM_2025-03-15_G17,10109694SOARESM,2025-03-15,117832,1,4,0,99.0
10109694SOARESM_2025-03-15_G18,10109694SOARESM,2025-03-15,117820,1,14,0,193.0
10109694SOARESM_2025-03-15_G19,10109694SOARESM,2025-03-15,118094,1,4,0,139.0
10109694SOARESM_2025-03-15_G20,10109694SOARESM,2025-03-15,111602,1,4,0,108.0
10109694SOARESM_2025-03-15_G21,10109694SOARESM,2025-03-15,117855,1,4,0,90.0
10109694SOARESM_2025-03-15_G22,10109694SOARESM,2025-03-15,117786,1,4,0,69.0
10109694SOARESM_2025-03-15_G23,10109694SOARESM,2025-03-15,109974,1,4,0,90.0
10109694SOARESM_2025-03-15_G24,10109694SOARESM,2025-03-15,111569,1,1,0,2971.0
10109694SOARESM_2025-03-15_G25,10109694SOARESM,2025-03-15,111438,1,27,0,516.0
10109694SOARESM_2025-03-15_G26,10109694SOARESM,2025-03-15,110582,1,8,0,380.0
10109694SOARESM_2025-03-15_G27,10109694SOARESM,2025-03-15,118229,1,4,0,164.0
10109694SOARESM_2025-03-15_G28,10109694SOARESM,2025-03-15,111090,1,2,0,124.0
10109694SOARESM_2025-03-15_G29,10109694SOARESM,2025-03-15,118094,1,8,0,175.0
10109694SOARESM_2025-03-15_G30,10109694SOARESM,2025-03-15,110580,1,2,0,298.0
10109694SOARESM_2025-03-15_G31,10109694SOARESM,2025-03-15,110313,1,3,0,142.0
10109694SOARESM_2025-03-15_G32,10109694SOARESM,2025-03-15,117935,1,2,0,36.0
10109694SOARESM_2025-03-15_G33,10109694SOARESM,2025-03-15,110733,1,4,0,60.0
10109694SOARESM_2025-03-15_G34,10109694SOARESM,2025-03-15,117855,1,6,0,295.0
10109694SOARESM_2025-03-15_G35,10109694SOARESM,2025-03-15,117861,1,6,0,76.0
10109694SOARESM_2025-03-15_G36,10109694SOARESM,2025-03-15,117786,1,17,0,118.0
10109694SOARESM_2025-03-15_G37,10109694SOARESM,2025-03-15,108772,1,6,0,102.0
10109694SOARESM_2025-03-15_G38,10109694SOARESM,2025-03-15,110515,1,1,0,126.0
10109694SOARESM_2025-03-15_G39,10109694SOARESM,2025-03-15,110711,1,7,0,93.0
10109694SOARESM_2025-03-15_G40,10109694SOARESM,2025-03-15,111468,1,4,0,96.0
10109694SOARESM_2025-03-15_G41,10109694SOARESM,2025-03-15,117785,1,204,0,541.0
10109694SOARESM_2025-03-15_G42,10109694SOARESM,2025-03-15,118317,1,23,0,527.0
10109694SOARESM_2025-03-15_G43,10109694SOARESM,2025-03-15,117821,1,2,0,271.0
10109694SOARESM_2025-03-15_G44,10109694SOARESM,2025-03-15,111433,1,2,0,44.0
10109694SOARESM_2025-03-15_G45,10109694SOARESM,2025-03-15,111465,1,13,0,65.0
10109694SOARESM_2025-03-15_G46,10109694SOARESM,2025-03-15,111462,1,22,0,66.0
10109694SOARESM_2025-03-15_G47,10109694SOARESM,2025-03-15,105705,1,23,0,756.0
10109694SOARESM_2025-03-15_G49,10109694SOARESM,2025-03-15,111532,1,5,0,387.0
10109694SOARESM_2025-03-15_G50,10109694SOARESM,2025-03-15,117831,1,4,0,95.0
10109694SOARESM_2025-03-15_G51,10109694SOARESM,2025-03-15,140922,1,17,0,143.0
10109694SOARESM_2025-03-15_G52,10109694SOARESM,2025-03-15,109641,1,2,0,36.0
10109694SOARESM_2025-03-15_G53,10109694SOARESM,2025-03-15,118140,1,73,0,161.0
10109694SOARESM_2025-03-15_G54,10109694SOARESM,2025-03-15,111418,1,30,0,589.0
10109694SOARESM_2025-03-15_G55,10109694SOARESM,2025-03-15,118317,1,4,0,448.0
10109694SOARESM_2025-03-15_G56,10109694SOARESM,2025-03-15,111462,1,36,0,180.0
10109694SOARESM_2025-03-15_G57,10109694SOARESM,2025-03-15,117821,1,13,0,124.0
10109694SOARESM_2025-03-15_G58,10109694SOARESM,2025-03-15,110787,1,25,0,290.0
10109694SOARESM_2025-03-15_G59,10109694SOARESM,2025-03-15,109645,1,6,0,148.0
10109694SOARESM_2025-03-15_G60,10109694SOARESM,2025-03-15,108794,1,4,0,60.0
10109694SOARESM_2025-03-15_G61,10109694SOARESM,2025-03-15,111465,1,3,0,58.0
10109694SOARESM_2025-03-15_G62,10109694SOARESM,2025-03-15,108770,1,5,0,135.0
10109694SOARESM_2025-03-15_G63,10109694SOARESM,2025-03-15,118222,1,8,0,136.0
10109694SOARESM_2025-03-15_G64,10109694SOARESM,2025-03-15,109937,1,4,0,88.0
10109694SOARESM_2025-03-15_G65,10109694SOARESM,2025-03-15,118306,1,3,0,93.0
10109694SOARESM_2025-03-15_G66,10109694SOARESM,2025-03-15,100334,1,10,0,137.0
10109694SOARESM_2025-03-15_G67,10109694SOARESM,2025-03-15,117835,1,8,0,143.0
10109694SOARESM_2025-03-15_G68,10109694SOARESM,2025-03-15,110339,1,13,0,314.0
10109694SOARESM_2025-03-15_G69,10109694SOARESM,2025-03-15,111602,1,2,0,67.0
10109694SOARESM_2025-03-15_G70,10109694SOARESM,2025-03-15,110741,1,8,0,84.0
10109694SOARESM_2025-03-15_G71,10109694SOARESM,2025-03-15,111530,1,6,0,131.0
10109694SOARESM_2025-03-15_G72,10109694SOARESM,2025-03-15,110711,1,4,0,91.0
10109694SOARESM_2025-03-15_G73,10109694SOARESM,2025-03-15,110325,1,42,0,533.0
10109694SOARESM_2025-03-15_G74,10109694SOARESM,2025-03-15,118299,1,148,0,694.0
10109694SOARESM_2025-03-15_G75,10109694SOARESM,2025-03-15,117808,1,300,0,490.0
10109694SOARESM_2025-03-15_G76,10109694SOARESM,2025-03-15,110373,1,300,0,1232.0
10109694SOARESM_2025-03-15_G77,10109694SOARESM,2025-03-15,110372,1,278,0,539.0
10109694SOARESM_2025-03-15_G78,10109694SOARESM,2025-03-15,"117830, 110371, 109643, 110374",4,320,62,256.0
10109694SOARESM_2025-03-15_G79,10109694SOARESM,2025-03-15,117820,1,85,0,192.0
10109694SOARESM_2025-03-17_G02,10109694SOARESM,2025-03-17,100334,1,1,0,81.0
10109694SOARESM_2025-03-17_G03,10109694SOARESM,2025-03-17,111602,1,13,0,354.0
10109694SOARESM_2025-03-17_G04,10109694SOARESM,2025-03-17,110339,1,2,0,184.0
10109694SOARESM_2025-03-17_G05,10109694SOARESM,2025-03-17,110313,1,6,0,92.0
10109694SOARESM_2025-03-17_G06,10109694SOARESM,2025-03-17,117855,1,6,0,143.0
10109694SOARESM_2025-03-17_G07,10109694SOARESM,2025-03-17,117855,1,8,0,71.0
10109694SOARESM_2025-03-17_G08,10109694SOARESM,2025-03-17,117786,1,7,0,91.0
10109694SOARESM_2025-03-17_G09,10109694SOARESM,2025-03-17,108772,1,2,0,52.0
10109694SOARESM_2025-03-17_G10,10109694SOARESM,2025-03-17,110515,1,3,0,70.0
10109694SOARESM_2025-03-17_G11,10109694SOARESM,2025-03-17,110129,1,2,0,203.0
10109694SOARESM_2025-03-17_G12,10109694SOARESM,2025-03-17,111466,1,24,0,555.0
10109694SOARESM_2025-03-17_G13,10109694SOARESM,2025-03-17,111532,1,40,0,1147.0
10109694SOARESM_2025-03-17_G14,10109694SOARESM,2025-03-17,140922,1,18,0,245.0
10109694SOARESM_2025-03-17_G15,10109694SOARESM,2025-03-17,111468,1,2,0,233.0
10109694SOARESM_2025-03-17_G16,10109694SOARESM,2025-03-17,117785,1,26,0,200.0
10109694SOARESM_2025-03-17_G17,10109694SOARESM,2025-03-17,118140,1,60,0,328.0
10109694SOARESM_2025-03-17_G18,10109694SOARESM,2025-03-17,111418,1,27,0,303.0
10109694SOARESM_2025-03-17_G19,10109694SOARESM,2025-03-17,111418,1,67,0,128.0
10109694SOARESM_2025-03-17_G20,10109694SOARESM,2025-03-17,108711,1,7,0,615.0
10109694SOARESM_2025-03-17_G21,10109694SOARESM,2025-03-17,118317,1,4,0,82.0
10109694SOARESM_2025-03-17_G22,10109694SOARESM,2025-03-17,111462,1,12,0,84.0
10109694SOARESM_2025-03-17_G23,10109694SOARESM,2025-03-17,109645,1,1,0,67.0
10109694SOARESM_2025-03-17_G24,10109694SOARESM,2025-03-17,105705,1,8,0,394.0
10109694SOARESM_2025-03-17_G25,10109694SOARESM,2025-03-17,111433,1,4,0,73.0
10109694SOARESM_2025-03-17_G26,10109694SOARESM,2025-03-17,110325,1,3,0,167.0
10109694SOARESM_2025-03-17_G27,10109694SOARESM,2025-03-17,118299,1,60,0,84.0
10109694SOARESM_2025-03-17_G28,10109694SOARESM,2025-03-17,117808,1,332,0,782.0
10109694SOARESM_2025-03-17_G29,10109694SOARESM,2025-03-17,117808,1,3,0,74.0
10109694SOARESM_2025-03-17_G30,10109694SOARESM,2025-03-17,110373,1,65,0,86.0
10109694SOARESM_2025-03-17_G31,10109694SOARESM,2025-03-17,117820,1,4,0,339.0
10109694SOARESM_2025-03-17_G33,10109694SOARESM,2025-03-17,117830,1,3,0,170.0
10109694SOARESM_2025-03-17_G34,10109694SOARESM,2025-03-17,110371,1,72,0,204.0
10109694SOARESM_2025-03-17_G35,10109694SOARESM,2025-03-17,109643,1,37,0,115.0
10109694SOARESM_2025-03-17_G36,10109694SOARESM,2025-03-17,117840,1,1,0,344.0
10109694SOARESM_2025-03-17_G37,10109694SOARESM,2025-03-17,110374,1,18,0,308.0
10109694SOARESM_2025-03-17_G38,10109694SOARESM,2025-03-17,108770,1,2,0,479.0
10109694SOARESM_2025-03-17_G39,10109694SOARESM,2025-03-17,118222,2,7,29,94.0
10109694SOARESM_2025-03-17_G40,10109694SOARESM,2025-03-17,111430,1,2,0,104.0
10109694SOARESM_2025-03-17_G41,10109694SOARESM,2025-03-17,111598,1,2,0,123.0
10109694SOARESM_2025-03-17_G42,10109694SOARESM,2025-03-17,117856,1,4,0,66.0
10109694SOARESM_2025-03-17_G43,10109694SOARESM,2025-03-17,117786,1,4,0,144.0
10109694SOARESM_2025-03-17_G44,10109694SOARESM,2025-03-17,110515,1,2,0,44.0
10109694SOARESM_2025-03-17_G45,10109694SOARESM,2025-03-17,111530,1,2,0,41.0
10109694SOARESM_2025-03-17_G46,10109694SOARESM,2025-03-17,111569,1,3,0,733.0
10109694SOARESM_2025-03-17_G47,10109694SOARESM,2025-03-17,111430,1,4,0,87.0
10109694SOARESM_2025-03-17_G48,10109694SOARESM,2025-03-17,117856,1,2,0,91.0
10109694SOARESM_2025-03-17_G49,10109694SOARESM,2025-03-17,110515,1,4,0,86.0
10109694SOARESM_2025-03-17_G50,10109694SOARESM,2025-03-17,110711,1,2,0,78.0
10109694SOARESM_2025-03-17_G51,10109694SOARESM,2025-03-17,108711,1,1,0,102.0
10109694SOARESM_2025-03-17_G52,10109694SOARESM,2025-03-17,110787,1,3,0,108.0
10109694SOARESM_2025-03-17_G53,10109694SOARESM,2025-03-17,118299,1,4,0,99.0
10109694SOARESM_2025-03-17_G54,10109694SOARESM,2025-03-17,118222,1,60,0,745.0
10109694SOARESM_2025-03-17_G55,10109694SOARESM,2025-03-17,111602,1,41,0,1030.0
10109694SOARESM_2025-03-17_G56,10109694SOARESM,2025-03-17,117786,1,1,0,766.0
10109694SOARESM_2025-03-17_G57,10109694SOARESM,2025-03-17,110515,1,36,0,323.0
10109694SOARESM_2025-03-17_G58,10109694SOARESM,2025-03-17,110711,1,4,0,257.0
10109694SOARESM_2025-03-17_G59,10109694SOARESM,2025-03-17,118299,1,3,0,109.0
10109694SOARESM_2025-03-17_G60,10109694SOARESM,2025-03-17,118299,1,304,0,818.0
10109694SOARESM_2025-03-17_G61,10109694SOARESM,2025-03-17,110376,1,4,0,411.0
10109694SOARESM_2025-03-17_G62,10109694SOARESM,2025-03-17,117820,1,6,0,119.0
10109694SOARESM_2025-03-18_G02,10109694SOARESM,2025-03-18,117853,1,4,0,309.0
10109694SOARESM_2025-03-18_G03,10109694SOARESM,2025-03-18,117853,1,4,0,53.0
10109694SOARESM_2025-03-18_G04,10109694SOARESM,2025-03-18,140911,1,2,0,203.0
10109694SOARESM_2025-03-18_G05,10109694SOARESM,2025-03-18,109640,1,4,0,146.0
10109694SOARESM_2025-03-18_G06,10109694SOARESM,2025-03-18,111348,1,8,0,508.0
10109694SOARESM_2025-03-18_G07,10109694SOARESM,2025-03-18,117862,1,2,0,272.0
10109694SOARESM_2025-03-18_G08,10109694SOARESM,2025-03-18,110580,1,2,0,115.0
10109694SOARESM_2025-03-18_G09,10109694SOARESM,2025-03-18,110313,1,2,0,54.0
10109694SOARESM_2025-03-18_G10,10109694SOARESM,2025-03-18,117856,1,2,0,47.0
10109694SOARESM_2025-03-18_G11,10109694SOARESM,2025-03-18,117861,1,2,0,158.0
10109694SOARESM_2025-03-18_G12,10109694SOARESM,2025-03-18,105242,1,1,0,197.0
10109694SOARESM_2025-03-18_G13,10109694SOARESM,2025-03-18,110325,1,7,0,133.0
10109694SOARESM_2025-03-18_G14,10109694SOARESM,2025-03-18,117808,1,31,0,258.0
10109694SOARESM_2025-03-18_G15,10109694SOARESM,2025-03-18,117809,1,4,0,68.0
10109694SOARESM_2025-03-18_G16,10109694SOARESM,2025-03-18,110373,1,2,0,32.0
10109694SOARESM_2025-03-18_G17,10109694SOARESM,2025-03-18,117820,1,3,0,45.0
10109694SOARESM_2025-03-18_G18,10109694SOARESM,2025-03-18,110372,1,2,0,53.0
10109694SOARESM_2025-03-18_G19,10109694SOARESM,2025-03-18,117830,2,5,24,34.0
10109694SOARESM_2025-03-18_G20,10109694SOARESM,2025-03-18,110375,1,2,0,84.0
10109694SOARESM_2025-03-18_G21,10109694SOARESM,2025-03-18,111441,1,10,0,974.0
10109694SOARESM_2025-03-18_G22,10109694SOARESM,2025-03-18,110742,1,2,0,407.0
10109694SOARESM_2025-03-18_G23,10109694SOARESM,2025-03-18,111569,1,6,0,140.0
10109694SOARESM_2025-03-18_G24,10109694SOARESM,2025-03-18,117834,1,4,0,88.0
10109694SOARESM_2025-03-18_G25,10109694SOARESM,2025-03-18,111850,1,1,0,38.0
10109694SOARESM_2025-03-18_G26,10109694SOARESM,2025-03-18,118222,1,2,0,62.0
10109694SOARESM_2025-03-18_G27,10109694SOARESM,2025-03-18,118306,1,2,0,95.0
10109694SOARESM_2025-03-18_G28,10109694SOARESM,2025-03-18,110895,1,4,0,94.0
10109694SOARESM_2025-03-18_G29,10109694SOARESM,2025-03-18,111466,1,2,0,84.0
10109694SOARESM_2025-03-18_G30,10109694SOARESM,2025-03-18,111466,1,7,0,38.0
10109694SOARESM_2025-03-18_G31,10109694SOARESM,2025-03-18,111532,1,5,0,112.0
10109694SOARESM_2025-03-18_G32,10109694SOARESM,2025-03-18,118140,1,5,0,110.0
10109694SOARESM_2025-03-18_G33,10109694SOARESM,2025-03-18,111462,1,7,0,151.0
10109694SOARESM_2025-03-18_G34,10109694SOARESM,2025-03-18,110745,1,2,0,70.0
10109694SOARESM_2025-03-18_G35,10109694SOARESM,2025-03-18,118317,1,2,0,152.0
10109694SOARESM_2025-03-18_G36,10109694SOARESM,2025-03-18,109645,1,4,0,90.0
10109694SOARESM_2025-03-18_G37,10109694SOARESM,2025-03-18,109645,1,2,0,51.0
10109694SOARESM_2025-03-18_G38,10109694SOARESM,2025-03-18,111465,1,2,0,96.0
10109694SOARESM_2025-03-18_G39,10109694SOARESM,2025-03-18,111441,1,8,0,441.0
10109694SOARESM_2025-03-18_G40,10109694SOARESM,2025-03-18,118222,1,60,0,516.0
10109694SOARESM_2025-03-18_G41,10109694SOARESM,2025-03-18,110895,1,20,0,376.0
10109694SOARESM_2025-03-18_G42,10109694SOARESM,2025-03-18,110129,1,2,0,586.0
10109694SOARESM_2025-03-18_G43,10109694SOARESM,2025-03-18,111466,1,71,0,189.0
10109694SOARESM_2025-03-18_G44,10109694SOARESM,2025-03-18,111532,1,131,0,665.0
10109694SOARESM_2025-03-18_G45,10109694SOARESM,2025-03-18,118140,1,140,0,790.0
10109694SOARESM_2025-03-18_G46,10109694SOARESM,2025-03-18,111462,1,17,0,424.0
10109694SOARESM_2025-03-18_G47,10109694SOARESM,2025-03-18,110787,1,13,0,123.0
10109694SOARESM_2025-03-18_G48,10109694SOARESM,2025-03-18,117785,1,44,0,373.0
10109694SOARESM_2025-03-18_G50,10109694SOARESM,2025-03-18,111437,1,355,0,2945.0
10109694SOARESM_2025-03-18_G51,10109694SOARESM,2025-03-18,111602,1,62,0,430.0
10109694SOARESM_2025-03-18_G52,10109694SOARESM,2025-03-18,110733,1,60,0,449.0
10109694SOARESM_2025-03-18_G53,10109694SOARESM,2025-03-18,111530,1,80,0,427.0
10109694SOARESM_2025-03-18_G54,10109694SOARESM,2025-03-18,111530,1,4,0,65.0
10109694SOARESM_2025-03-18_G55,10109694SOARESM,2025-03-18,111530,1,250,0,485.0
10109694SOARESM_2025-03-18_G56,10109694SOARESM,2025-03-18,111466,1,200,0,577.0
10109694SOARESM_2025-03-18_G57,10109694SOARESM,2025-03-18,109641,1,15,0,196.0
10109694SOARESM_2025-03-18_G58,10109694SOARESM,2025-03-18,111463,1,48,0,275.0
10109694SOARESM_2025-03-18_G59,10109694SOARESM,2025-03-18,118140,1,30,0,378.0
10109694SOARESM_2025-03-19_G02,10109694SOARESM,2025-03-19,111469,1,6,0,263.0
10109694SOARESM_2025-03-19_G03,10109694SOARESM,2025-03-19,111469,1,2,0,32.0
10109694SOARESM_2025-03-19_G04,10109694SOARESM,2025-03-19,110515,1,13,0,169.0
10109694SOARESM_2025-03-19_G05,10109694SOARESM,2025-03-19,109640,1,2,0,323.0
10109694SOARESM_2025-03-19_G06,10109694SOARESM,2025-03-19,111438,1,2,0,162.0
10109694SOARESM_2025-03-19_G07,10109694SOARESM,2025-03-19,117855,1,2,0,105.0
10109694SOARESM_2025-03-19_G08,10109694SOARESM,2025-03-19,110515,2,4,29,139.0
10109694SOARESM_2025-03-19_G09,10109694SOARESM,2025-03-19,111463,1,20,0,255.0
10109694SOARESM_2025-03-19_G10,10109694SOARESM,2025-03-19,160054,1,2,0,62.0
10109694SOARESM_2025-03-19_G11,10109694SOARESM,2025-03-19,160055,1,4,0,426.0
10109694SOARESM_2025-03-19_G12,10109694SOARESM,2025-03-19,160054,1,4,0,611.0
10109694SOARESM_2025-03-19_G13,10109694SOARESM,2025-03-19,110711,1,6,0,197.0
10109694SOARESM_2025-03-19_G14,10109694SOARESM,2025-03-19,110711,1,6,0,98.0
10109694SOARESM_2025-03-19_G15,10109694SOARESM,2025-03-19,110742,1,12,0,347.0
10109694SOARESM_2025-03-19_G16,10109694SOARESM,2025-03-19,111438,1,6,0,182.0
10109694SOARESM_2025-03-19_G17,10109694SOARESM,2025-03-19,110747,1,4,0,88.0
10109694SOARESM_2025-03-19_G18,10109694SOARESM,2025-03-19,109937,1,2,0,160.0
10109694SOARESM_2025-03-19_G19,10109694SOARESM,2025-03-19,118222,1,30,0,293.0
10109694SOARESM_2025-03-19_G20,10109694SOARESM,2025-03-19,118306,1,3,0,282.0
10109694SOARESM_2025-03-19_G21,10109694SOARESM,2025-03-19,109647,1,6,0,317.0
10109694SOARESM_2025-03-19_G22,10109694SOARESM,2025-03-19,118094,1,2,0,158.0
10109694SOARESM_2025-03-19_G23,10109694SOARESM,2025-03-19,118094,1,8,0,55.0
10109694SOARESM_2025-03-19_G24,10109694SOARESM,2025-03-19,110339,1,36,0,161.0
10109694SOARESM_2025-03-19_G25,10109694SOARESM,2025-03-19,107629,1,2,0,555.0
10109694SOARESM_2025-03-19_G26,10109694SOARESM,2025-03-19,108772,1,4,0,77.0
10109694SOARESM_2025-03-19_G27,10109694SOARESM,2025-03-19,111530,1,17,0,208.0
10109694SOARESM_2025-03-19_G28,10109694SOARESM,2025-03-19,117822,1,2,0,2605.0
10109694SOARESM_2025-03-19_G29,10109694SOARESM,2025-03-19,118299,1,4,0,108.0
10109694SOARESM_2025-03-19_G30,10109694SOARESM,2025-03-19,110373,1,162,0,500.0
10109694SOARESM_2025-03-19_G31,10109694SOARESM,2025-03-19,117820,1,42,0,320.0
10109694SOARESM_2025-03-19_G32,10109694SOARESM,2025-03-19,117808,1,2,0,227.0
10109694SOARESM_2025-03-19_G33,10109694SOARESM,2025-03-19,117809,1,30,0,368.0
10109694SOARESM_2025-03-19_G34,10109694SOARESM,2025-03-19,110371,1,18,0,279.0
10109694SOARESM_2025-03-19_G35,10109694SOARESM,2025-03-19,110372,1,124,0,713.0
10109694SOARESM_2025-03-19_G36,10109694SOARESM,2025-03-19,110375,1,76,0,369.0
10109694SOARESM_2025-03-19_G37,10109694SOARESM,2025-03-19,111462,1,27,0,387.0
10109694SOARESM_2025-03-19_G38,10109694SOARESM,2025-03-19,110787,1,40,0,372.0
10109694SOARESM_2025-03-19_G39,10109694SOARESM,2025-03-19,111433,1,6,0,215.0
10109694SOARESM_2025-03-19_G40,10109694SOARESM,2025-03-19,111465,1,24,0,98.0
10109694SOARESM_2025-03-19_G42,10109694SOARESM,2025-03-19,117787,1,4,0,94.0
10109694SOARESM_2025-03-19_G43,10109694SOARESM,2025-03-19,111466,1,12,0,83.0
10109694SOARESM_2025-03-19_G44,10109694SOARESM,2025-03-19,111446,1,2,0,152.0
10109694SOARESM_2025-03-19_G45,10109694SOARESM,2025-03-19,111435,2,3,20,69.0
10109694SOARESM_2025-03-19_G46,10109694SOARESM,2025-03-19,111330,1,12,0,194.0
10109694SOARESM_2025-03-19_G47,10109694SOARESM,2025-03-19,108795,1,10,0,259.0
10109694SOARESM_2025-03-19_G48,10109694SOARESM,2025-03-19,108795,1,4,0,48.0
10109694SOARESM_2025-03-19_G49,10109694SOARESM,2025-03-19,117785,1,4,0,78.0
10109694SOARESM_2025-03-19_G50,10109694SOARESM,2025-03-19,110743,1,2,0,49.0
10109694SOARESM_2025-03-19_G51,10109694SOARESM,2025-03-19,110743,1,4,0,54.0
10109694SOARESM_2025-03-19_G52,10109694SOARESM,2025-03-19,111418,2,88,29,130.0
10109694SOARESM_2025-03-19_G53,10109694SOARESM,2025-03-19,111418,1,58,0,425.0
10109694SOARESM_2025-03-19_G54,10109694SOARESM,2025-03-19,108711,1,4,0,62.0
10109694SOARESM_2025-03-19_G55,10109694SOARESM,2025-03-19,111462,1,8,0,94.0
10109694SOARESM_2025-03-19_G56,10109694SOARESM,2025-03-19,"111462, 110745",3,38,29,644.0
10109694SOARESM_2025-03-19_G57,10109694SOARESM,2025-03-19,117821,1,4,0,147.0
10109694SOARESM_2025-03-19_G58,10109694SOARESM,2025-03-19,110787,1,24,0,256.0
10109694SOARESM_2025-03-19_G59,10109694SOARESM,2025-03-19,117831,1,8,0,86.0
10109694SOARESM_2025-03-19_G60,10109694SOARESM,2025-03-19,118140,1,24,0,58.0
10109694SOARESM_2025-03-19_G61,10109694SOARESM,2025-03-19,105705,1,22,0,343.0
10109694SOARESM_2025-03-19_G62,10109694SOARESM,2025-03-19,105705,1,12,0,307.0
10109694SOARESM_2025-03-19_G63,10109694SOARESM,2025-03-19,111433,1,6,0,200.0
10109694SOARESM_2025-03-19_G64,10109694SOARESM,2025-03-19,111433,1,8,0,159.0
10109694SOARESM_2025-03-19_G65,10109694SOARESM,2025-03-19,111465,1,4,0,226.0
10109694SOARESM_2025-03-19_G66,10109694SOARESM,2025-03-19,110740,1,8,0,263.0
10109694SOARESM_2025-03-19_G67,10109694SOARESM,2025-03-19,"108794, 111442",2,12,16,1046.0
10109694SOARESM_2025-03-19_G68,10109694SOARESM,2025-03-19,111441,1,4,0,1940.0
10109694SOARESM_2025-03-19_G69,10109694SOARESM,2025-03-19,111438,1,8,0,149.0
10109694SOARESM_2025-03-19_G70,10109694SOARESM,2025-03-19,115821,2,10,25,215.0
10109694SOARESM_2025-03-19_G71,10109694SOARESM,2025-03-19,108759,2,12,16,125.0
10109694SOARESM_2025-03-19_G72,10109694SOARESM,2025-03-19,108759,1,1,0,62.0
10109694SOARESM_2025-03-19_G73,10109694SOARESM,2025-03-19,110895,1,8,0,177.0
10109694SOARESM_2025-03-19_G74,10109694SOARESM,2025-03-19,100334,1,3,0,78.0
10109694SOARESM_2025-03-19_G75,10109694SOARESM,2025-03-19,118250,1,4,0,142.0
10109694SOARESM_2025-03-19_G76,10109694SOARESM,2025-03-19,115234,1,3,0,119.0
10109694SOARESM_2025-03-19_G77,10109694SOARESM,2025-03-19,140957,1,4,0,542.0
10109694SOARESM_2025-03-19_G78,10109694SOARESM,2025-03-19,110313,1,6,0,47.0
10109694SOARESM_2025-03-19_G79,10109694SOARESM,2025-03-19,117935,1,10,0,101.0
10109694SOARESM_2025-03-19_G80,10109694SOARESM,2025-03-19,117856,1,10,0,92.0
10109694SOARESM_2025-03-19_G81,10109694SOARESM,2025-03-19,117855,1,30,0,140.0
10109694SOARESM_2025-03-19_G82,10109694SOARESM,2025-03-19,108772,1,4,0,192.0
10109694SOARESM_2025-03-19_G83,10109694SOARESM,2025-03-19,110515,1,10,0,72.0
10109694SOARESM_2025-03-19_G84,10109694SOARESM,2025-03-19,111530,1,5,0,33.0
10109694SOARESM_2025-03-19_G85,10109694SOARESM,2025-03-19,109640,1,11,0,118.0
10109694SOARESM_2025-03-20_G02,10109694SOARESM,2025-03-20,110325,1,12,0,555.0
10109694SOARESM_2025-03-20_G03,10109694SOARESM,2025-03-20,118299,1,250,0,890.0
10109694SOARESM_2025-03-20_G04,10109694SOARESM,2025-03-20,116241,1,4,0,621.0
10109694SOARESM_2025-03-20_G05,10109694SOARESM,2025-03-20,111466,1,4,0,42.0
10109694SOARESM_2025-03-20_G06,10109694SOARESM,2025-03-20,111435,1,20,0,145.0
10109694SOARESM_2025-03-20_G07,10109694SOARESM,2025-03-20,110733,1,10,0,995.0
10109694SOARESM_2025-03-20_G08,10109694SOARESM,2025-03-20,108795,1,3,0,62.0
10109694SOARESM_2025-03-20_G09,10109694SOARESM,2025-03-20,140922,1,10,0,31.0
10109694SOARESM_2025-03-20_G10,10109694SOARESM,2025-03-20,117785,1,4,0,35.0
10109694SOARESM_2025-03-20_G11,10109694SOARESM,2025-03-20,108711,1,20,0,83.0
10109694SOARESM_2025-03-20_G12,10109694SOARESM,2025-03-20,"118317, 109645",2,5,19,298.0
10109694SOARESM_2025-03-20_G13,10109694SOARESM,2025-03-20,118140,1,9,0,131.0
10109694SOARESM_2025-03-20_G14,10109694SOARESM,2025-03-20,111433,1,3,0,77.0
10109694SOARESM_2025-03-20_G15,10109694SOARESM,2025-03-20,111465,1,2,0,38.0
10109694SOARESM_2025-03-20_G16,10109694SOARESM,2025-03-20,110325,1,15,0,965.0
10109694SOARESM_2025-03-20_G17,10109694SOARESM,2025-03-20,117822,1,10,0,135.0
10109694SOARESM_2025-03-20_G18,10109694SOARESM,2025-03-20,118299,1,28,0,321.0
10109694SOARESM_2025-03-20_G19,10109694SOARESM,2025-03-20,117820,1,30,0,213.0
10109694SOARESM_2025-03-20_G20,10109694SOARESM,2025-03-20,110371,1,20,0,50.0
10109694SOARESM_2025-03-20_G21,10109694SOARESM,2025-03-20,110372,1,16,0,356.0
10109694SOARESM_2025-03-20_G22,10109694SOARESM,2025-03-20,110375,1,6,0,116.0
10109694SOARESM_2025-03-20_G23,10109694SOARESM,2025-03-20,111727,1,3,0,2113.0
10109694SOARESM_2025-03-20_G24,10109694SOARESM,2025-03-20,111634,1,4,0,156.0
10109694SOARESM_2025-03-20_G25,10109694SOARESM,2025-03-20,141262,1,20,0,145.0
10109694SOARESM_2025-03-20_G26,10109694SOARESM,2025-03-20,111722,1,35,0,343.0
10109694SOARESM_2025-03-20_G27,10109694SOARESM,2025-03-20,"118299, 117820",2,20,11,222.0
10109694SOARESM_2025-03-20_G28,10109694SOARESM,2025-03-20,117808,1,8,0,64.0
10109694SOARESM_2025-03-20_G29,10109694SOARESM,2025-03-20,117809,1,4,0,93.0
10109694SOARESM_2025-03-20_G30,10109694SOARESM,2025-03-20,117830,1,8,0,83.0
10109694SOARESM_2025-03-20_G31,10109694SOARESM,2025-03-20,117832,1,8,0,100.0
10109694SOARESM_2025-03-20_G32,10109694SOARESM,2025-03-20,110373,1,4,0,55.0
10109694SOARESM_2025-03-20_G33,10109694SOARESM,2025-03-20,118094,1,6,0,1126.0
10109694SOARESM_2025-03-20_G34,10109694SOARESM,2025-03-20,110339,1,7,0,88.0
10109694SOARESM_2025-03-20_G35,10109694SOARESM,2025-03-20,111602,1,4,0,70.0
10109694SOARESM_2025-03-20_G36,10109694SOARESM,2025-03-20,111757,1,2,0,60.0
10109694SOARESM_2025-03-20_G37,10109694SOARESM,2025-03-20,111759,1,2,0,321.0
10109694SOARESM_2025-03-20_G38,10109694SOARESM,2025-03-20,111753,1,7,0,232.0
10109694SOARESM_2025-03-20_G39,10109694SOARESM,2025-03-20,117833,1,4,0,159.0
10109694SOARESM_2025-03-20_G40,10109694SOARESM,2025-03-20,111172,1,1,0,41.0
10109694SOARESM_2025-03-20_G41,10109694SOARESM,2025-03-20,117785,1,8,0,73.0
10109694SOARESM_2025-03-20_G42,10109694SOARESM,2025-03-20,117821,1,8,0,122.0
10109694SOARESM_2025-03-20_G43,10109694SOARESM,2025-03-20,117831,1,8,0,102.0
10109694SOARESM_2025-03-20_G44,10109694SOARESM,2025-03-20,118330,1,8,0,73.0
10109694SOARESM_2025-03-20_G45,10109694SOARESM,2025-03-20,"117808, 117809, 117830",3,42,57,316.0
10109694SOARESM_2025-03-20_G46,10109694SOARESM,2025-03-20,"110372, 110373",2,22,25,40.0
10109694SOARESM_2025-03-20_G48,10109694SOARESM,2025-03-20,118222,1,97,0,678.0
10109694SOARESM_2025-03-20_G49,10109694SOARESM,2025-03-20,110339,1,4,0,70.0
10109694SOARESM_2025-03-20_G50,10109694SOARESM,2025-03-20,117856,1,4,0,681.0
10109694SOARESM_2025-03-20_G51,10109694SOARESM,2025-03-20,101217,1,4,0,113.0
10109694SOARESM_2025-03-21_G02,10109694SOARESM,2025-03-21,111441,1,4,0,50.0
10109694SOARESM_2025-03-21_G03,10109694SOARESM,2025-03-21,111469,1,6,0,38.0
10109694SOARESM_2025-03-21_G04,10109694SOARESM,2025-03-21,111530,1,1,0,126.0
10109694SOARESM_2025-03-21_G05,10109694SOARESM,2025-03-21,117855,1,3,0,52.0
10109694SOARESM_2025-03-21_G06,10109694SOARESM,2025-03-21,111462,1,2,0,158.0
10109694SOARESM_2025-03-21_G07,10109694SOARESM,2025-03-21,118299,1,3,0,253.0
10109694SOARESM_2025-03-21_G08,10109694SOARESM,2025-03-21,117808,1,4,0,74.0
10109694SOARESM_2025-03-21_G09,10109694SOARESM,2025-03-21,110371,1,2,0,249.0
10109694SOARESM_2025-03-21_G10,10109694SOARESM,2025-03-21,117832,1,2,0,121.0
10109694SOARESM_2025-03-21_G11,10109694SOARESM,2025-03-21,110373,1,2,0,40.0
10109694SOARESM_2025-03-21_G12,10109694SOARESM,2025-03-21,110375,1,2,0,50.0
10109694SOARESM_2025-03-21_G13,10109694SOARESM,2025-03-21,109640,1,13,0,1624.0
10109694SOARESM_2025-03-21_G14,10109694SOARESM,2025-03-21,109640,1,5,0,200.0
10109694SOARESM_2025-03-21_G15,10109694SOARESM,2025-03-21,111469,1,7,0,362.0
10109694SOARESM_2025-03-21_G16,10109694SOARESM,2025-03-21,111466,1,3,0,55.0
10109694SOARESM_2025-03-21_G17,10109694SOARESM,2025-03-21,111172,1,4,0,152.0
10109694SOARESM_2025-03-21_G18,10109694SOARESM,2025-03-21,117785,1,4,0,67.0
10109694SOARESM_2025-03-21_G19,10109694SOARESM,2025-03-21,111418,1,3,0,115.0
10109694SOARESM_2025-03-21_G20,10109694SOARESM,2025-03-21,117831,1,4,0,111.0
10109694SOARESM_2025-03-21_G21,10109694SOARESM,2025-03-21,118140,1,10,0,111.0
10109694SOARESM_2025-03-21_G22,10109694SOARESM,2025-03-21,110740,1,4,0,252.0
10109694SOARESM_2025-03-21_G23,10109694SOARESM,2025-03-21,118299,1,3,0,119.0
10109694SOARESM_2025-03-21_G24,10109694SOARESM,2025-03-21,117808,1,13,0,140.0
10109694SOARESM_2025-03-21_G25,10109694SOARESM,2025-03-21,110372,1,6,0,103.0
10109694SOARESM_2025-03-21_G26,10109694SOARESM,2025-03-21,111469,1,20,0,294.0
10109694SOARESM_2025-03-21_G27,10109694SOARESM,2025-03-21,109641,1,8,0,846.0
10109694SOARESM_2025-03-21_G28,10109694SOARESM,2025-03-21,141261,1,16,0,190.0
10109694SOARESM_2025-03-21_G29,10109694SOARESM,2025-03-21,111530,1,4,0,252.0
10109694SOARESM_2025-03-21_G30,10109694SOARESM,2025-03-21,"110747, 117788, 117853, 117856, 111469, 111446, 110740, 117820, 117808, 117809, 110372, 117832",12,35,144,422.0
10109694SOARESM_2025-03-21_G31,10109694SOARESM,2025-03-21,110325,1,2,0,55.0
10109694SOARESM_2025-03-21_G32,10109694SOARESM,2025-03-21,117808,1,24,0,856.0
10109694SOARESM_2025-03-21_G33,10109694SOARESM,2025-03-21,111602,1,10,0,1315.0
10109694SOARESM_2025-03-21_G34,10109694SOARESM,2025-03-21,111530,1,2,0,62.0
10109694SOARESM_2025-03-21_G35,10109694SOARESM,2025-03-21,111530,1,6,0,48.0
10109694SOARESM_2025-03-21_G36,10109694SOARESM,2025-03-21,110515,1,20,0,602.0
10109694SOARESM_2025-03-21_G37,10109694SOARESM,2025-03-21,111738,1,7,0,589.0
10109694SOARESM_2025-03-21_G38,10109694SOARESM,2025-03-21,111738,1,4,0,62.0
10109694SOARESM_2025-03-21_G39,10109694SOARESM,2025-03-21,111755,1,7,0,298.0
10109694SOARESM_2025-03-21_G40,10109694SOARESM,2025-03-21,111754,1,8,0,495.0
10109694SOARESM_2025-03-21_G41,10109694SOARESM,2025-03-21,111761,1,8,0,494.0
10109694SOARESM_2025-03-21_G42,10109694SOARESM,2025-03-21,117833,1,4,0,238.0
10109694SOARESM_2025-03-21_G43,10109694SOARESM,2025-03-21,111172,1,2,0,235.0
10109694SOARESM_2025-03-21_G44,10109694SOARESM,2025-03-21,117785,1,8,0,106.0
10109694SOARESM_2025-03-21_G45,10109694SOARESM,2025-03-21,110743,1,6,0,65.0
10109694SOARESM_2025-03-21_G46,10109694SOARESM,2025-03-21,111462,1,7,0,188.0
10109694SOARESM_2025-03-21_G47,10109694SOARESM,2025-03-21,117821,1,8,0,86.0
10109694SOARESM_2025-03-21_G48,10109694SOARESM,2025-03-21,117831,1,8,0,107.0
10109694SOARESM_2025-03-21_G49,10109694SOARESM,2025-03-21,118330,1,8,0,104.0
10109694SOARESM_2025-03-21_G50,10109694SOARESM,2025-03-21,111723,1,26,0,692.0
10109694SOARESM_2025-03-21_G51,10109694SOARESM,2025-03-21,111751,1,12,0,615.0
10109694SOARESM_2025-03-21_G52,10109694SOARESM,2025-03-21,111741,1,17,0,628.0
10109694SOARESM_2025-03-21_G53,10109694SOARESM,2025-03-21,117808,1,8,0,392.0
10109694SOARESM_2025-03-21_G54,10109694SOARESM,2025-03-21,110376,1,3,0,38.0
10109694SOARESM_2025-03-21_G55,10109694SOARESM,2025-03-21,118299,1,12,0,66.0
10109694SOARESM_2025-03-21_G56,10109694SOARESM,2025-03-21,117820,1,8,0,73.0
10109694SOARESM_2025-03-21_G58,10109694SOARESM,2025-03-21,141261,1,6,0,67.0
10109694SOARESM_2025-03-21_G59,10109694SOARESM,2025-03-21,117830,1,8,0,94.0
10109694SOARESM_2025-03-21_G60,10109694SOARESM,2025-03-21,110372,1,3,0,108.0
10109694SOARESM_2025-03-21_G61,10109694SOARESM,2025-03-21,117832,1,8,0,94.0
10109694SOARESM_2025-03-21_G62,10109694SOARESM,2025-03-21,110515,1,10,0,295.0
10109694SOARESM_2025-03-21_G63,10109694SOARESM,2025-03-21,111753,1,3,0,573.0
10109694SOARESM_2025-03-21_G64,10109694SOARESM,2025-03-21,117833,1,4,0,261.0
10109694SOARESM_2025-03-21_G65,10109694SOARESM,2025-03-21,111172,2,4,11,57.0
10109694SOARESM_2025-03-21_G66,10109694SOARESM,2025-03-21,117785,1,8,0,102.0
10109694SOARESM_2025-03-21_G67,10109694SOARESM,2025-03-21,117821,1,8,0,129.0
10109694SOARESM_2025-03-21_G68,10109694SOARESM,2025-03-21,117831,1,8,0,123.0
10109694SOARESM_2025-03-21_G69,10109694SOARESM,2025-03-21,118330,1,8,0,118.0
10109694SOARESM_2025-03-21_G70,10109694SOARESM,2025-03-21,117808,1,8,0,579.0
10109694SOARESM_2025-03-21_G71,10109694SOARESM,2025-03-21,118299,1,12,0,96.0
10109694SOARESM_2025-03-21_G72,10109694SOARESM,2025-03-21,117820,1,8,0,61.0
10109694SOARESM_2025-03-21_G73,10109694SOARESM,2025-03-21,117809,1,4,0,65.0
10109694SOARESM_2025-03-21_G74,10109694SOARESM,2025-03-21,117830,1,8,0,108.0
10109694SOARESM_2025-03-21_G75,10109694SOARESM,2025-03-21,117832,1,8,0,175.0
10109694SOARESM_2025-03-21_G76,10109694SOARESM,2025-03-21,117856,1,3,0,186.0
10109694SOARESM_2025-03-21_G77,10109694SOARESM,2025-03-21,111532,1,5,0,182.0
10109694SOARESM_2025-03-21_G78,10109694SOARESM,2025-03-21,111418,1,9,0,266.0
10109694SOARESM_2025-03-21_G79,10109694SOARESM,2025-03-21,117821,1,3,0,132.0
10109694SOARESM_2025-03-21_G80,10109694SOARESM,2025-03-21,110372,1,19,0,134.0
10109694SOARESM_2025-03-21_G81,10109694SOARESM,2025-03-21,117832,1,7,0,119.0
10109694SOARESM_2025-03-21_G82,10109694SOARESM,2025-03-21,111437,1,2,0,602.0
10109694SOARESM_2025-03-21_G83,10109694SOARESM,2025-03-21,110747,1,4,0,132.0
10109694SOARESM_2025-03-21_G84,10109694SOARESM,2025-03-21,109937,1,8,0,135.0
10109694SOARESM_2025-03-21_G85,10109694SOARESM,2025-03-21,115234,1,2,0,183.0
10109694SOARESM_2025-03-21_G86,10109694SOARESM,2025-03-21,109647,1,4,0,126.0
10109694SOARESM_2025-03-21_G87,10109694SOARESM,2025-03-21,117935,1,2,0,84.0
10109694SOARESM_2025-03-21_G88,10109694SOARESM,2025-03-21,111602,1,4,0,68.0
10109694SOARESM_2025-03-21_G89,10109694SOARESM,2025-03-21,117855,1,8,0,226.0
10109694SOARESM_2025-03-21_G90,10109694SOARESM,2025-03-21,110129,1,10,0,183.0
10109694SOARESM_2025-03-21_G91,10109694SOARESM,2025-03-21,111435,1,2,0,102.0
10109694SOARESM_2025-03-21_G92,10109694SOARESM,2025-03-21,111532,1,4,0,44.0
10109694SOARESM_2025-03-21_G93,10109694SOARESM,2025-03-21,117785,1,8,0,58.0
10109694SOARESM_2025-03-21_G94,10109694SOARESM,2025-03-21,111418,1,10,0,151.0
10109694SOARESM_2025-03-21_G95,10109694SOARESM,2025-03-21,118317,1,6,0,108.0
10109694SOARESM_2025-03-21_G96,10109694SOARESM,2025-03-21,111433,1,6,0,43.0
10109694SOARESM_2025-03-21_G97,10109694SOARESM,2025-03-21,118299,1,10,0,260.0
10109694SOARESM_2025-03-21_G98,10109694SOARESM,2025-03-21,117820,1,20,0,63.0
10109694SOARESM_2025-03-21_G99,10109694SOARESM,2025-03-21,110371,1,20,0,184.0
10109694SOARESM_2025-03-21_G100,10109694SOARESM,2025-03-21,109643,1,10,0,112.0
10109694SOARESM_2025-03-21_G101,10109694SOARESM,2025-03-21,110372,1,10,0,58.0
10109694SOARESM_2025-03-21_G102,10109694SOARESM,2025-03-21,110373,1,20,0,142.0
10109694SOARESM_2025-03-21_G103,10109694SOARESM,2025-03-21,109747,1,4,0,90.0
10109694SOARESM_2025-03-21_G104,10109694SOARESM,2025-03-21,"110374, 111431",2,12,25,62.0
10109694SOARESM_2025-03-21_G105,10109694SOARESM,2025-03-21,111532,1,7,0,120.0
10109694SOARESM_2025-03-21_G106,10109694SOARESM,2025-03-21,109640,1,6,0,70.0
10109694SOARESM_2025-03-21_G107,10109694SOARESM,2025-03-21,111469,1,10,0,154.0
10109694SOARESM_2025-03-25_G02,10109694SOARESM,2025-03-25,111469,1,5,0,102.0
10109694SOARESM_2025-03-25_G03,10109694SOARESM,2025-03-25,111466,1,3,0,62.0
10109694SOARESM_2025-03-25_G04,10109694SOARESM,2025-03-25,111463,1,4,0,231.0
10109694SOARESM_2025-03-25_G05,10109694SOARESM,2025-03-25,110895,1,6,0,388.0
10109694SOARESM_2025-03-25_G06,10109694SOARESM,2025-03-25,111441,1,4,0,113.0
10109694SOARESM_2025-03-25_G07,10109694SOARESM,2025-03-25,100334,1,3,0,95.0
10109694SOARESM_2025-03-25_G08,10109694SOARESM,2025-03-25,117862,1,9,0,155.0
10109694SOARESM_2025-03-25_G09,10109694SOARESM,2025-03-25,111602,1,12,0,162.0
10109694SOARESM_2025-03-25_G10,10109694SOARESM,2025-03-25,117855,1,1,0,65.0
10109694SOARESM_2025-03-25_G11,10109694SOARESM,2025-03-25,117786,1,3,0,64.0
10109694SOARESM_2025-03-25_G12,10109694SOARESM,2025-03-25,109640,1,2,0,220.0
10109694SOARESM_2025-03-25_G13,10109694SOARESM,2025-03-25,109640,1,10,0,115.0
10109694SOARESM_2025-03-25_G14,10109694SOARESM,2025-03-25,118140,1,2,0,590.0
10109694SOARESM_2025-03-25_G15,10109694SOARESM,2025-03-25,111418,1,12,0,234.0
10109694SOARESM_2025-03-25_G16,10109694SOARESM,2025-03-25,111469,1,7,0,132.0
10109694SOARESM_2025-03-25_G17,10109694SOARESM,2025-03-25,111469,1,11,0,499.0
10109694SOARESM_2025-03-25_G18,10109694SOARESM,2025-03-25,117785,1,3,0,187.0
10109694SOARESM_2025-03-25_G19,10109694SOARESM,2025-03-25,111463,3,10,56,51.0
10109694SOARESM_2025-03-25_G20,10109694SOARESM,2025-03-25,105705,1,5,0,127.0
10109694SOARESM_2025-03-25_G21,10109694SOARESM,2025-03-25,110787,1,2,0,53.0
10109694SOARESM_2025-03-25_G22,10109694SOARESM,2025-03-25,118299,1,2,0,165.0
10109694SOARESM_2025-03-25_G23,10109694SOARESM,2025-03-25,117820,1,2,0,43.0
10109694SOARESM_2025-03-25_G24,10109694SOARESM,2025-03-25,117808,1,11,0,94.0
10109694SOARESM_2025-03-25_G25,10109694SOARESM,2025-03-25,110372,1,2,0,143.0
10109694SOARESM_2025-03-25_G26,10109694SOARESM,2025-03-25,110374,1,10,0,173.0
10109694SOARESM_2025-03-25_G27,10109694SOARESM,2025-03-25,111602,1,16,0,992.0
10109694SOARESM_2025-03-25_G28,10109694SOARESM,2025-03-25,109640,1,4,0,173.0
10109694SOARESM_2025-03-25_G29,10109694SOARESM,2025-03-25,110313,1,16,0,310.0
10109694SOARESM_2025-03-25_G30,10109694SOARESM,2025-03-25,111463,2,12,9,271.0
10109694SOARESM_2025-03-25_G31,10109694SOARESM,2025-03-25,110740,1,2,0,570.0
10109694SOARESM_2025-03-25_G32,10109694SOARESM,2025-03-25,111463,1,2,0,404.0
10109694SOARESM_2025-03-25_G33,10109694SOARESM,2025-03-25,110740,1,8,0,217.0
10109694SOARESM_2025-03-25_G34,10109694SOARESM,2025-03-25,111418,1,1,0,168.0
10109694SOARESM_2025-03-25_G35,10109694SOARESM,2025-03-25,111469,1,8,0,80.0
10109694SOARESM_2025-03-25_G36,10109694SOARESM,2025-03-25,111466,1,10,0,251.0
10109694SOARESM_2025-03-25_G37,10109694SOARESM,2025-03-25,111532,1,8,0,376.0
10109694SOARESM_2025-03-25_G38,10109694SOARESM,2025-03-25,111463,1,10,0,122.0
10109694SOARESM_2025-03-25_G39,10109694SOARESM,2025-03-25,110787,1,6,0,154.0
10109694SOARESM_2025-03-25_G40,10109694SOARESM,2025-03-25,109640,1,5,0,197.0
10109694SOARESM_2025-03-25_G41,10109694SOARESM,2025-03-25,110325,1,13,0,1026.0
10109694SOARESM_2025-03-25_G42,10109694SOARESM,2025-03-25,118299,1,175,0,288.0
10109694SOARESM_2025-03-25_G43,10109694SOARESM,2025-03-25,110371,1,90,0,398.0
10109694SOARESM_2025-03-25_G44,10109694SOARESM,2025-03-25,110372,1,100,0,329.0
10109694SOARESM_2025-03-25_G45,10109694SOARESM,2025-03-25,109643,1,10,0,217.0
10109694SOARESM_2025-03-25_G46,10109694SOARESM,2025-03-25,111418,1,84,0,441.0
10109694SOARESM_2025-03-25_G47,10109694SOARESM,2025-03-25,111469,1,32,0,221.0
10109694SOARESM_2025-03-25_G48,10109694SOARESM,2025-03-25,111466,1,30,0,332.0
10109694SOARESM_2025-03-25_G49,10109694SOARESM,2025-03-25,111435,1,17,0,215.0
10109694SOARESM_2025-03-25_G50,10109694SOARESM,2025-03-25,111463,1,47,0,495.0
10109694SOARESM_2025-03-25_G51,10109694SOARESM,2025-03-25,118196,1,4,0,295.0
10109694SOARESM_2025-03-25_G52,10109694SOARESM,2025-03-25,110787,1,20,0,639.0
10109694SOARESM_2025-03-25_G53,10109694SOARESM,2025-03-25,118140,1,39,0,371.0
10109694SOARESM_2025-03-25_G54,10109694SOARESM,2025-03-25,111530,1,12,0,115.0
10109694SOARESM_2025-03-25_G55,10109694SOARESM,2025-03-25,117786,1,23,0,79.0
10109694SOARESM_2025-03-25_G56,10109694SOARESM,2025-03-25,110515,1,20,0,477.0
10109694SOARESM_2025-03-25_G58,10109694SOARESM,2025-03-25,118298,1,2,0,123.0
10109694SOARESM_2025-03-25_G59,10109694SOARESM,2025-03-25,110339,1,2,0,487.0
10109694SOARESM_2025-03-25_G60,10109694SOARESM,2025-03-25,110313,1,2,0,80.0
10109694SOARESM_2025-03-25_G61,10109694SOARESM,2025-03-25,111602,1,13,0,130.0
10109694SOARESM_2025-03-25_G62,10109694SOARESM,2025-03-25,107629,1,3,0,134.0
10109694SOARESM_2025-03-25_G63,10109694SOARESM,2025-03-25,110733,1,2,0,96.0
10109694SOARESM_2025-03-25_G64,10109694SOARESM,2025-03-25,117855,1,51,0,130.0
10109694SOARESM_2025-03-25_G65,10109694SOARESM,2025-03-25,110515,1,10,0,381.0
10109694SOARESM_2025-03-25_G66,10109694SOARESM,2025-03-25,109640,1,30,0,303.0
10109694SOARESM_2025-03-25_G67,10109694SOARESM,2025-03-25,109640,1,16,0,36.0
10109694SOARESM_2025-03-25_G68,10109694SOARESM,2025-03-25,110711,1,28,0,304.0
10109694SOARESM_2025-03-25_G69,10109694SOARESM,2025-03-25,108772,1,2,0,354.0
10109694SOARESM_2025-03-25_G70,10109694SOARESM,2025-03-25,109641,1,4,0,271.0
10109694SOARESM_2025-03-25_G71,10109694SOARESM,2025-03-25,110740,1,8,0,186.0
10109694SOARESM_2025-03-25_G72,10109694SOARESM,2025-03-25,111443,1,8,0,185.0
10109694SOARESM_2025-03-25_G73,10109694SOARESM,2025-03-25,111330,1,25,0,298.0
10109694SOARESM_2025-03-25_G74,10109694SOARESM,2025-03-25,111532,1,48,0,312.0
10109694SOARESM_2025-03-25_G75,10109694SOARESM,2025-03-25,111462,1,18,0,502.0
10109694SOARESM_2025-03-25_G76,10109694SOARESM,2025-03-25,109645,1,2,0,65.0
10109694SOARESM_2025-03-25_G77,10109694SOARESM,2025-03-25,105705,1,28,0,484.0
10109694SOARESM_2025-03-26_G02,10109694SOARESM,2025-03-26,111441,1,40,0,459.0
10109694SOARESM_2025-03-26_G03,10109694SOARESM,2025-03-26,111469,1,37,0,326.0
10109694SOARESM_2025-03-26_G04,10109694SOARESM,2025-03-26,111469,1,43,0,184.0
10109694SOARESM_2025-03-26_G05,10109694SOARESM,2025-03-26,111441,1,2,0,743.0
10109694SOARESM_2025-03-26_G06,10109694SOARESM,2025-03-26,118290,1,7,0,158.0
10109694SOARESM_2025-03-26_G07,10109694SOARESM,2025-03-26,110313,1,2,0,195.0
10109694SOARESM_2025-03-26_G08,10109694SOARESM,2025-03-26,117935,1,10,0,97.0
10109694SOARESM_2025-03-26_G09,10109694SOARESM,2025-03-26,111469,1,6,0,51.0
10109694SOARESM_2025-03-26_G10,10109694SOARESM,2025-03-26,111466,1,14,0,118.0
10109694SOARESM_2025-03-26_G11,10109694SOARESM,2025-03-26,111441,1,8,0,327.0
10109694SOARESM_2025-03-26_G12,10109694SOARESM,2025-03-26,110313,1,9,0,165.0
10109694SOARESM_2025-03-26_G13,10109694SOARESM,2025-03-26,117935,1,40,0,199.0
10109694SOARESM_2025-03-26_G14,10109694SOARESM,2025-03-26,111469,1,26,0,422.0
10109694SOARESM_2025-03-26_G15,10109694SOARESM,2025-03-26,111466,1,21,0,164.0
10109694SOARESM_2025-03-26_G16,10109694SOARESM,2025-03-26,111443,1,4,0,360.0
10109694SOARESM_2025-03-26_G17,10109694SOARESM,2025-03-26,100334,1,2,0,685.0
10109694SOARESM_2025-03-26_G18,10109694SOARESM,2025-03-26,111532,1,3,0,75.0
10109694SOARESM_2025-03-26_G19,10109694SOARESM,2025-03-26,110371,1,2,0,140.0
10109694SOARESM_2025-03-26_G20,10109694SOARESM,2025-03-26,110733,1,7,0,202.0
10109694SOARESM_2025-03-26_G21,10109694SOARESM,2025-03-26,111469,1,30,0,163.0
10109694SOARESM_2025-03-26_G22,10109694SOARESM,2025-03-26,111466,1,40,0,169.0
10109694SOARESM_2025-03-26_G23,10109694SOARESM,2025-03-26,111438,1,4,0,774.0
10109694SOARESM_2025-03-26_G24,10109694SOARESM,2025-03-26,111430,1,4,0,800.0
10109694SOARESM_2025-03-26_G25,10109694SOARESM,2025-03-26,118290,1,4,0,101.0
10109694SOARESM_2025-03-26_G26,10109694SOARESM,2025-03-26,117820,1,2,0,398.0
10109694SOARESM_2025-03-26_G27,10109694SOARESM,2025-03-26,111469,1,5,0,756.0
10109694SOARESM_2025-03-26_G28,10109694SOARESM,2025-03-26,111441,1,2,0,146.0
10109694SOARESM_2025-03-26_G29,10109694SOARESM,2025-03-26,110313,1,2,0,86.0
10109694SOARESM_2025-03-26_G30,10109694SOARESM,2025-03-26,117935,1,14,0,123.0
10109694SOARESM_2025-03-26_G31,10109694SOARESM,2025-03-26,111439,1,2,0,92.0
10109694SOARESM_2025-03-26_G32,10109694SOARESM,2025-03-26,111469,1,16,0,61.0
10109694SOARESM_2025-03-26_G33,10109694SOARESM,2025-03-26,111418,1,4,0,281.0
10109694SOARESM_2025-03-26_G34,10109694SOARESM,2025-03-26,111439,1,4,0,75.0
10109694SOARESM_2025-03-26_G35,10109694SOARESM,2025-03-26,111439,1,5,0,73.0
10109694SOARESM_2025-03-26_G36,10109694SOARESM,2025-03-26,118222,1,2,0,293.0
10109694SOARESM_2025-03-26_G37,10109694SOARESM,2025-03-26,118222,1,10,0,439.0
10109694SOARESM_2025-03-26_G38,10109694SOARESM,2025-03-26,110841,1,10,0,342.0
10109694SOARESM_2025-03-26_G39,10109694SOARESM,2025-03-26,105359,1,2,0,113.0
10109694SOARESM_2025-03-26_G40,10109694SOARESM,2025-03-26,110895,1,10,0,99.0
10109694SOARESM_2025-03-26_G41,10109694SOARESM,2025-03-26,107254,1,3,0,114.0
10109694SOARESM_2025-03-26_G42,10109694SOARESM,2025-03-26,118094,1,10,0,548.0
10109694SOARESM_2025-03-26_G43,10109694SOARESM,2025-03-26,117935,1,16,0,48.0
10109694SOARESM_2025-03-26_G44,10109694SOARESM,2025-03-26,111602,1,50,0,153.0
10109694SOARESM_2025-03-26_G45,10109694SOARESM,2025-03-26,110581,1,4,0,218.0
10109694SOARESM_2025-03-26_G46,10109694SOARESM,2025-03-26,110733,1,15,0,145.0
10109694SOARESM_2025-03-26_G47,10109694SOARESM,2025-03-26,117855,1,16,0,298.0
10109694SOARESM_2025-03-26_G48,10109694SOARESM,2025-03-26,117855,1,10,0,35.0
10109694SOARESM_2025-03-26_G49,10109694SOARESM,2025-03-26,110515,1,20,0,1107.0
10109694SOARESM_2025-03-26_G50,10109694SOARESM,2025-03-26,111530,1,100,0,599.0
10109694SOARESM_2025-03-26_G51,10109694SOARESM,2025-03-26,109647,1,7,0,159.0
10109694SOARESM_2025-03-26_G52,10109694SOARESM,2025-03-26,117788,1,9,0,122.0
10109694SOARESM_2025-03-26_G54,10109694SOARESM,2025-03-26,111469,1,30,0,165.0
10109694SOARESM_2025-03-26_G55,10109694SOARESM,2025-03-26,111532,1,200,0,602.0
10109694SOARESM_2025-03-26_G56,10109694SOARESM,2025-03-26,111418,1,100,0,421.0
10109694SOARESM_2025-03-26_G57,10109694SOARESM,2025-03-26,117838,1,20,0,592.0
10109694SOARESM_2025-03-26_G58,10109694SOARESM,2025-03-26,111462,1,20,0,300.0
10109694SOARESM_2025-03-26_G59,10109694SOARESM,2025-03-26,117785,1,200,0,848.0
10109694SOARESM_2025-03-26_G60,10109694SOARESM,2025-03-26,117831,1,50,0,178.0
10109694SOARESM_2025-03-26_G61,10109694SOARESM,2025-03-26,105705,2,12,9,397.0
10109694SOARESM_2025-03-26_G62,10109694SOARESM,2025-03-26,110787,1,30,0,478.0
10109694SOARESM_2025-03-26_G63,10109694SOARESM,2025-03-26,110376,1,20,0,249.0
10109694SOARESM_2025-03-26_G64,10109694SOARESM,2025-03-26,117809,2,95,24,461.0
10109694SOARESM_2025-03-26_G65,10109694SOARESM,2025-03-26,118299,1,32,0,392.0
10109694SOARESM_2025-03-26_G66,10109694SOARESM,2025-03-26,109643,1,23,0,446.0
10109694SOARESM_2025-03-26_G67,10109694SOARESM,2025-03-26,117808,1,25,0,293.0
10109694SOARESM_2025-03-26_G68,10109694SOARESM,2025-03-26,110371,1,20,0,108.0
10109694SOARESM_2025-03-26_G69,10109694SOARESM,2025-03-26,110372,1,200,0,797.0
10109696VALERIOJ_2025-01-02_G02,10109696VALERIOJ,2025-01-02,111182,1,100,0,562.0
10109696VALERIOJ_2025-01-02_G03,10109696VALERIOJ,2025-01-02,111348,1,14,0,441.0
10109696VALERIOJ_2025-01-02_G04,10109696VALERIOJ,2025-01-02,111469,1,71,0,470.0
10109696VALERIOJ_2025-01-02_G05,10109696VALERIOJ,2025-01-02,118330,1,26,0,413.0
10109696VALERIOJ_2025-01-06_G02,10109696VALERIOJ,2025-01-06,108798,1,50,0,544.0
10109696VALERIOJ_2025-01-07_G02,10109696VALERIOJ,2025-01-07,108795,1,63,0,719.0
10109696VALERIOJ_2025-01-07_G03,10109696VALERIOJ,2025-01-07,111463,1,402,0,1485.0
10109696VALERIOJ_2025-01-08_G02,10109696VALERIOJ,2025-01-08,111467,1,26,0,427.0
10109696VALERIOJ_2025-01-08_G03,10109696VALERIOJ,2025-01-08,111879,1,15,0,523.0
10109696VALERIOJ_2025-01-08_G05,10109696VALERIOJ,2025-01-08,109647,1,10,0,219.0
10109696VALERIOJ_2025-01-08_G06,10109696VALERIOJ,2025-01-08,141047,2,10,8,283.0
10109696VALERIOJ_2025-01-08_G07,10109696VALERIOJ,2025-01-08,111182,1,4,0,331.0
10109696VALERIOJ_2025-01-08_G08,10109696VALERIOJ,2025-01-08,110740,1,5,0,67.0
10109696VALERIOJ_2025-01-08_G09,10109696VALERIOJ,2025-01-08,109645,2,40,11,241.0
10109696VALERIOJ_2025-01-08_G10,10109696VALERIOJ,2025-01-08,111463,1,94,0,2347.0
10109696VALERIOJ_2025-01-08_G11,10109696VALERIOJ,2025-01-08,110374,1,25,0,552.0
10109696VALERIOJ_2025-01-08_G12,10109696VALERIOJ,2025-01-08,117820,1,20,0,161.0
10109696VALERIOJ_2025-01-08_G13,10109696VALERIOJ,2025-01-08,117809,1,2,0,147.0
10109696VALERIOJ_2025-01-08_G14,10109696VALERIOJ,2025-01-08,117832,1,2,0,131.0
10109696VALERIOJ_2025-01-08_G15,10109696VALERIOJ,2025-01-08,117830,2,6,9,41.0
10109696VALERIOJ_2025-01-08_G16,10109696VALERIOJ,2025-01-08,117822,1,4,0,143.0
10109696VALERIOJ_2025-01-08_G17,10109696VALERIOJ,2025-01-08,117830,1,4,0,33.0
10109696VALERIOJ_2025-01-08_G18,10109696VALERIOJ,2025-01-08,110332,1,6,0,730.0
10109696VALERIOJ_2025-01-08_G19,10109696VALERIOJ,2025-01-08,108794,1,160,0,799.0
10109696VALERIOJ_2025-01-08_G20,10109696VALERIOJ,2025-01-08,110129,1,70,0,319.0
10109696VALERIOJ_2025-01-08_G21,10109696VALERIOJ,2025-01-08,111182,1,8,0,113.0
10109696VALERIOJ_2025-01-08_G22,10109696VALERIOJ,2025-01-08,117833,1,240,0,1078.0
10109696VALERIOJ_2025-01-08_G23,10109696VALERIOJ,2025-01-08,108736,1,8,0,426.0
10109696VALERIOJ_2025-01-09_G02,10109696VALERIOJ,2025-01-09,117835,1,4,0,68.0
10109696VALERIOJ_2025-01-09_G03,10109696VALERIOJ,2025-01-09,110749,1,4,0,83.0
10109696VALERIOJ_2025-01-09_G04,10109696VALERIOJ,2025-01-09,111438,1,4,0,95.0
10109696VALERIOJ_2025-01-09_G05,10109696VALERIOJ,2025-01-09,111850,1,2,0,44.0
10109696VALERIOJ_2025-01-09_G06,10109696VALERIOJ,2025-01-09,111441,1,6,0,183.0
10109696VALERIOJ_2025-01-09_G07,10109696VALERIOJ,2025-01-09,110742,1,4,0,114.0
10109696VALERIOJ_2025-01-09_G08,10109696VALERIOJ,2025-01-09,110755,1,14,0,135.0
10109696VALERIOJ_2025-01-09_G09,10109696VALERIOJ,2025-01-09,118306,1,8,0,422.0
10109696VALERIOJ_2025-01-09_G10,10109696VALERIOJ,2025-01-09,110895,1,12,0,307.0
10109696VALERIOJ_2025-01-09_G11,10109696VALERIOJ,2025-01-09,108795,1,4,0,156.0
10109696VALERIOJ_2025-01-09_G12,10109696VALERIOJ,2025-01-09,108711,1,2,0,121.0
10109696VALERIOJ_2025-01-09_G13,10109696VALERIOJ,2025-01-09,117785,1,4,0,79.0
10109696VALERIOJ_2025-01-09_G14,10109696VALERIOJ,2025-01-09,111743,1,8,0,255.0
10109696VALERIOJ_2025-01-09_G15,10109696VALERIOJ,2025-01-09,111465,1,4,0,89.0
10109696VALERIOJ_2025-01-09_G16,10109696VALERIOJ,2025-01-09,111463,1,20,0,125.0
10109696VALERIOJ_2025-01-09_G17,10109696VALERIOJ,2025-01-09,111172,1,4,0,168.0
10109696VALERIOJ_2025-01-09_G18,10109696VALERIOJ,2025-01-09,117838,1,2,0,78.0
10109696VALERIOJ_2025-01-09_G19,10109696VALERIOJ,2025-01-09,110743,1,8,0,74.0
10109696VALERIOJ_2025-01-09_G20,10109696VALERIOJ,2025-01-09,108361,1,1,0,331.0
10109696VALERIOJ_2025-01-09_G21,10109696VALERIOJ,2025-01-09,110313,1,7,0,315.0
10109696VALERIOJ_2025-01-09_G22,10109696VALERIOJ,2025-01-09,111467,1,7,0,125.0
10109696VALERIOJ_2025-01-09_G23,10109696VALERIOJ,2025-01-09,105242,1,1,0,166.0
10109696VALERIOJ_2025-01-09_G24,10109696VALERIOJ,2025-01-09,116241,1,3,0,119.0
10109696VALERIOJ_2025-01-09_G25,10109696VALERIOJ,2025-01-09,105705,1,4,0,111.0
10109696VALERIOJ_2025-01-09_G26,10109696VALERIOJ,2025-01-09,117853,2,8,9,436.0
10109696VALERIOJ_2025-01-09_G27,10109696VALERIOJ,2025-01-09,111439,1,4,0,345.0
10109696VALERIOJ_2025-01-09_G28,10109696VALERIOJ,2025-01-09,110752,2,8,8,32.0
10109696VALERIOJ_2025-01-09_G29,10109696VALERIOJ,2025-01-09,117856,2,6,8,105.0
10109696VALERIOJ_2025-01-09_G30,10109696VALERIOJ,2025-01-09,111602,2,20,9,105.0
10109696VALERIOJ_2025-01-09_G31,10109696VALERIOJ,2025-01-09,109640,2,8,7,140.0
10109696VALERIOJ_2025-01-09_G32,10109696VALERIOJ,2025-01-09,110515,1,6,0,211.0
10109696VALERIOJ_2025-01-09_G33,10109696VALERIOJ,2025-01-09,141047,2,8,10,169.0
10109696VALERIOJ_2025-01-09_G34,10109696VALERIOJ,2025-01-09,111439,1,4,0,624.0
10109696VALERIOJ_2025-01-09_G35,10109696VALERIOJ,2025-01-09,110515,1,6,0,72.0
10109696VALERIOJ_2025-01-09_G36,10109696VALERIOJ,2025-01-09,110733,2,8,7,139.0
10109696VALERIOJ_2025-01-09_G37,10109696VALERIOJ,2025-01-09,"110711, 117862",3,13,19,307.0
10109696VALERIOJ_2025-01-13_G02,10109696VALERIOJ,2025-01-13,111433,1,4,0,175.0
10109696VALERIOJ_2025-01-13_G03,10109696VALERIOJ,2025-01-13,117831,1,4,0,160.0
10109696VALERIOJ_2025-01-13_G04,10109696VALERIOJ,2025-01-13,116241,1,6,0,113.0
10109696VALERIOJ_2025-01-13_G05,10109696VALERIOJ,2025-01-13,111743,1,3,0,157.0
10109696VALERIOJ_2025-01-13_G06,10109696VALERIOJ,2025-01-13,111466,1,2,0,79.0
10109696VALERIOJ_2025-01-13_G07,10109696VALERIOJ,2025-01-13,116241,1,40,0,669.0
10109696VALERIOJ_2025-01-13_G08,10109696VALERIOJ,2025-01-13,118222,1,4,0,526.0
10109696VALERIOJ_2025-01-13_G09,10109696VALERIOJ,2025-01-13,116241,1,8,0,158.0
10109696VALERIOJ_2025-01-13_G10,10109696VALERIOJ,2025-01-13,110742,1,2,0,273.0
10109696VALERIOJ_2025-01-13_G11,10109696VALERIOJ,2025-01-13,111467,1,4,0,125.0
10109696VALERIOJ_2025-01-13_G12,10109696VALERIOJ,2025-01-13,111602,1,4,0,90.0
10109696VALERIOJ_2025-01-13_G13,10109696VALERIOJ,2025-01-13,108772,1,6,0,197.0
10109696VALERIOJ_2025-01-13_G14,10109696VALERIOJ,2025-01-13,118140,1,2,0,365.0
10109696VALERIOJ_2025-01-13_G15,10109696VALERIOJ,2025-01-13,117831,1,4,0,377.0
10109696VALERIOJ_2025-01-13_G16,10109696VALERIOJ,2025-01-13,116241,1,5,0,63.0
10109696VALERIOJ_2025-01-13_G17,10109696VALERIOJ,2025-01-13,111743,1,4,0,201.0
10109696VALERIOJ_2025-01-13_G18,10109696VALERIOJ,2025-01-13,117853,3,6,18,824.0
10109696VALERIOJ_2025-01-13_G19,10109696VALERIOJ,2025-01-13,111439,1,2,0,128.0
10109696VALERIOJ_2025-01-13_G20,10109696VALERIOJ,2025-01-13,110753,1,1,0,69.0
10109696VALERIOJ_2025-01-13_G21,10109696VALERIOJ,2025-01-13,117855,1,4,0,59.0
10109696VALERIOJ_2025-01-13_G22,10109696VALERIOJ,2025-01-13,111876,1,5,0,65.0
10109696VALERIOJ_2025-01-13_G23,10109696VALERIOJ,2025-01-13,141047,1,12,0,141.0
10109696VALERIOJ_2025-01-13_G24,10109696VALERIOJ,2025-01-13,108772,1,4,0,260.0
10109696VALERIOJ_2025-01-13_G25,10109696VALERIOJ,2025-01-13,117862,1,7,0,553.0
10109696VALERIOJ_2025-01-13_G26,10109696VALERIOJ,2025-01-13,117862,1,25,0,250.0
10109696VALERIOJ_2025-01-13_G27,10109696VALERIOJ,2025-01-13,117862,1,19,0,126.0
10109696VALERIOJ_2025-01-13_G28,10109696VALERIOJ,2025-01-13,117862,2,66,20,45.0
10109696VALERIOJ_2025-01-13_G29,10109696VALERIOJ,2025-01-13,117862,1,24,0,54.0
10109696VALERIOJ_2025-01-13_G30,10109696VALERIOJ,2025-01-13,117808,2,119,10,665.0
10109696VALERIOJ_2025-01-13_G31,10109696VALERIOJ,2025-01-13,117808,2,90,21,1538.0
10109696VALERIOJ_2025-01-13_G32,10109696VALERIOJ,2025-01-13,117831,1,24,0,396.0
10109696VALERIOJ_2025-01-13_G33,10109696VALERIOJ,2025-01-13,117831,1,6,0,243.0
10109696VALERIOJ_2025-01-13_G34,10109696VALERIOJ,2025-01-13,111466,1,70,0,215.0
10109696VALERIOJ_2025-01-13_G35,10109696VALERIOJ,2025-01-13,111466,1,20,0,114.0
10109696VALERIOJ_2025-01-13_G36,10109696VALERIOJ,2025-01-13,111442,1,4,0,365.0
10109696VALERIOJ_2025-01-13_G37,10109696VALERIOJ,2025-01-13,111438,1,60,0,1769.0
10109696VALERIOJ_2025-01-13_G38,10109696VALERIOJ,2025-01-13,108794,1,150,0,1267.0
10109696VALERIOJ_2025-01-13_G39,10109696VALERIOJ,2025-01-13,110740,1,30,0,498.0
10109696VALERIOJ_2025-01-13_G40,10109696VALERIOJ,2025-01-13,111418,1,50,0,754.0
10109696VALERIOJ_2025-01-13_G41,10109696VALERIOJ,2025-01-13,108795,1,50,0,227.0
10109696VALERIOJ_2025-01-13_G42,10109696VALERIOJ,2025-01-13,108711,1,100,0,424.0
10109696VALERIOJ_2025-01-13_G43,10109696VALERIOJ,2025-01-13,117785,1,100,0,444.0
10109696VALERIOJ_2025-01-13_G45,10109696VALERIOJ,2025-01-13,118140,1,8,0,193.0
10109696VALERIOJ_2025-01-13_G46,10109696VALERIOJ,2025-01-13,117831,1,8,0,335.0
10109696VALERIOJ_2025-01-13_G47,10109696VALERIOJ,2025-01-13,110751,1,2,0,88.0
10109696VALERIOJ_2025-01-13_G48,10109696VALERIOJ,2025-01-13,108795,1,4,0,117.0
10109696VALERIOJ_2025-01-13_G49,10109696VALERIOJ,2025-01-13,117787,1,2,0,56.0
10109696VALERIOJ_2025-01-13_G50,10109696VALERIOJ,2025-01-13,105705,1,6,0,59.0
10109696VALERIOJ_2025-01-13_G51,10109696VALERIOJ,2025-01-13,108711,1,20,0,161.0
10109696VALERIOJ_2025-01-13_G52,10109696VALERIOJ,2025-01-13,117785,2,20,15,227.0
10109696VALERIOJ_2025-01-13_G53,10109696VALERIOJ,2025-01-13,117838,1,5,0,320.0
10109696VALERIOJ_2025-01-13_G54,10109696VALERIOJ,2025-01-13,111418,1,40,0,324.0
10109696VALERIOJ_2025-01-13_G55,10109696VALERIOJ,2025-01-13,111462,1,19,0,407.0
10109696VALERIOJ_2025-01-13_G56,10109696VALERIOJ,2025-01-13,111468,1,7,0,205.0
10109696VALERIOJ_2025-01-13_G57,10109696VALERIOJ,2025-01-13,111465,1,8,0,171.0
10109696VALERIOJ_2025-01-13_G58,10109696VALERIOJ,2025-01-13,110895,1,3,0,1536.0
10109696VALERIOJ_2025-01-13_G59,10109696VALERIOJ,2025-01-13,110752,1,9,0,231.0
10109696VALERIOJ_2025-01-13_G60,10109696VALERIOJ,2025-01-13,111602,1,12,0,540.0
10109696VALERIOJ_2025-01-13_G61,10109696VALERIOJ,2025-01-13,108772,1,6,0,143.0
10109696VALERIOJ_2025-01-13_G62,10109696VALERIOJ,2025-01-13,110733,1,13,0,175.0
10109696VALERIOJ_2025-01-13_G63,10109696VALERIOJ,2025-01-13,110740,1,4,0,768.0
10109696VALERIOJ_2025-01-13_G64,10109696VALERIOJ,2025-01-13,110787,1,5,0,78.0
10109696VALERIOJ_2025-01-13_G65,10109696VALERIOJ,2025-01-13,111418,1,6,0,82.0
10109696VALERIOJ_2025-01-13_G66,10109696VALERIOJ,2025-01-13,117833,1,2,0,106.0
10109696VALERIOJ_2025-01-13_G67,10109696VALERIOJ,2025-01-13,117787,1,1,0,54.0
10109696VALERIOJ_2025-01-13_G68,10109696VALERIOJ,2025-01-13,117785,2,12,12,40.0
10109696VALERIOJ_2025-01-13_G69,10109696VALERIOJ,2025-01-13,111469,1,8,0,275.0
10109696VALERIOJ_2025-01-14_G02,10109696VALERIOJ,2025-01-14,110740,1,4,0,157.0
10109696VALERIOJ_2025-01-14_G03,10109696VALERIOJ,2025-01-14,117831,1,5,0,208.0
10109696VALERIOJ_2025-01-14_G04,10109696VALERIOJ,2025-01-14,108798,1,2,0,184.0
10109696VALERIOJ_2025-01-14_G05,10109696VALERIOJ,2025-01-14,"140922, 117787",2,8,30,148.0
10109696VALERIOJ_2025-01-14_G06,10109696VALERIOJ,2025-01-14,117821,1,4,0,426.0
10109696VALERIOJ_2025-01-14_G07,10109696VALERIOJ,2025-01-14,117785,1,21,0,165.0
10109696VALERIOJ_2025-01-14_G08,10109696VALERIOJ,2025-01-14,111468,1,8,0,242.0
10109696VALERIOJ_2025-01-14_G09,10109696VALERIOJ,2025-01-14,111172,1,1,0,270.0
10109696VALERIOJ_2025-01-14_G10,10109696VALERIOJ,2025-01-14,110755,1,80,0,967.0
10109696VALERIOJ_2025-01-14_G11,10109696VALERIOJ,2025-01-14,111438,1,80,0,807.0
10109696VALERIOJ_2025-01-14_G12,10109696VALERIOJ,2025-01-14,118306,1,4,0,278.0
10109696VALERIOJ_2025-01-14_G13,10109696VALERIOJ,2025-01-14,118250,1,15,0,412.0
10109696VALERIOJ_2025-01-14_G14,10109696VALERIOJ,2025-01-14,118222,1,10,0,745.0
10109696VALERIOJ_2025-01-14_G15,10109696VALERIOJ,2025-01-14,108711,1,70,0,282.0
10109696VALERIOJ_2025-01-14_G16,10109696VALERIOJ,2025-01-14,108794,1,51,0,451.0
10109696VALERIOJ_2025-01-14_G17,10109696VALERIOJ,2025-01-14,111443,1,10,0,391.0
10109696VALERIOJ_2025-01-14_G18,10109696VALERIOJ,2025-01-14,117821,1,10,0,364.0
10109696VALERIOJ_2025-01-14_G19,10109696VALERIOJ,2025-01-14,111418,1,22,0,243.0
10109696VALERIOJ_2025-01-14_G20,10109696VALERIOJ,2025-01-14,111468,1,13,0,531.0
10109696VALERIOJ_2025-01-14_G21,10109696VALERIOJ,2025-01-14,110755,1,2,0,840.0
10109696VALERIOJ_2025-01-14_G22,10109696VALERIOJ,2025-01-14,118306,1,3,0,710.0
10109696VALERIOJ_2025-01-14_G23,10109696VALERIOJ,2025-01-14,111438,1,20,0,621.0
10109696VALERIOJ_2025-01-14_G24,10109696VALERIOJ,2025-01-14,111441,1,40,0,819.0
10109696VALERIOJ_2025-01-14_G25,10109696VALERIOJ,2025-01-14,117820,1,20,0,627.0
10109696VALERIOJ_2025-01-14_G26,10109696VALERIOJ,2025-01-14,107830,1,5,0,187.0
10109696VALERIOJ_2025-01-14_G27,10109696VALERIOJ,2025-01-14,118299,1,5,0,219.0
10109696VALERIOJ_2025-01-14_G28,10109696VALERIOJ,2025-01-14,117832,1,6,0,78.0
10109696VALERIOJ_2025-01-14_G30,10109696VALERIOJ,2025-01-14,110372,1,50,0,811.0
10109696VALERIOJ_2025-01-14_G31,10109696VALERIOJ,2025-01-14,118140,2,52,11,1204.0
10109696VALERIOJ_2025-01-14_G32,10109696VALERIOJ,2025-01-14,111441,2,10,12,1184.0
10109696VALERIOJ_2025-01-14_G33,10109696VALERIOJ,2025-01-14,111530,1,8,0,278.0
10109696VALERIOJ_2025-01-14_G34,10109696VALERIOJ,2025-01-14,141047,1,4,0,168.0
10109696VALERIOJ_2025-01-14_G35,10109696VALERIOJ,2025-01-14,109645,1,8,0,129.0
10109696VALERIOJ_2025-01-14_G36,10109696VALERIOJ,2025-01-14,108711,1,1,0,142.0
10109696VALERIOJ_2025-01-14_G37,10109696VALERIOJ,2025-01-14,111418,1,2,0,126.0
10109696VALERIOJ_2025-01-14_G38,10109696VALERIOJ,2025-01-14,117820,1,2,0,207.0
10109696VALERIOJ_2025-01-14_G39,10109696VALERIOJ,2025-01-14,110372,1,9,0,85.0
10109696VALERIOJ_2025-01-14_G40,10109696VALERIOJ,2025-01-14,118299,2,6,6,102.0
10109696VALERIOJ_2025-01-14_G41,10109696VALERIOJ,2025-01-14,110374,1,14,0,522.0
10109696VALERIOJ_2025-01-14_G42,10109696VALERIOJ,2025-01-14,117856,1,120,0,2440.0
10109696VALERIOJ_2025-01-14_G43,10109696VALERIOJ,2025-01-14,111418,1,180,0,597.0
10109696VALERIOJ_2025-01-14_G44,10109696VALERIOJ,2025-01-14,111418,1,767,0,2043.0
10109696VALERIOJ_2025-01-15_G02,10109696VALERIOJ,2025-01-15,140922,1,22,0,1175.0
10109696VALERIOJ_2025-01-15_G03,10109696VALERIOJ,2025-01-15,111463,1,30,0,234.0
10109696VALERIOJ_2025-01-15_G04,10109696VALERIOJ,2025-01-15,111469,1,3,0,241.0
10109696VALERIOJ_2025-01-15_G05,10109696VALERIOJ,2025-01-15,110733,1,2,0,589.0
10109696VALERIOJ_2025-01-15_G06,10109696VALERIOJ,2025-01-15,108711,1,12,0,763.0
10109696VALERIOJ_2025-01-15_G07,10109696VALERIOJ,2025-01-15,108711,1,20,0,141.0
10109696VALERIOJ_2025-01-15_G08,10109696VALERIOJ,2025-01-15,117808,1,30,0,561.0
10109696VALERIOJ_2025-01-15_G09,10109696VALERIOJ,2025-01-15,110372,1,10,0,526.0
10109696VALERIOJ_2025-01-15_G10,10109696VALERIOJ,2025-01-15,108711,1,4,0,406.0
10109696VALERIOJ_2025-01-15_G11,10109696VALERIOJ,2025-01-15,110372,1,8,0,152.0
10109696VALERIOJ_2025-01-15_G12,10109696VALERIOJ,2025-01-15,140922,1,12,0,1134.0
10109696VALERIOJ_2025-01-15_G13,10109696VALERIOJ,2025-01-15,110749,1,16,0,984.0
10109696VALERIOJ_2025-01-15_G14,10109696VALERIOJ,2025-01-15,110373,1,7,0,689.0
10109696VALERIOJ_2025-01-15_G15,10109696VALERIOJ,2025-01-15,110733,1,100,0,588.0
10109696VALERIOJ_2025-01-15_G16,10109696VALERIOJ,2025-01-15,110733,1,130,0,149.0
10109696VALERIOJ_2025-01-15_G17,10109696VALERIOJ,2025-01-15,118094,1,20,0,1460.0
10109696VALERIOJ_2025-01-15_G18,10109696VALERIOJ,2025-01-15,111876,1,88,0,900.0
10109696VALERIOJ_2025-01-15_G19,10109696VALERIOJ,2025-01-15,110787,1,22,0,121.0
10109696VALERIOJ_2025-01-15_G20,10109696VALERIOJ,2025-01-15,111463,1,80,0,311.0
10109696VALERIOJ_2025-01-15_G21,10109696VALERIOJ,2025-01-15,111466,1,126,0,669.0
10109696VALERIOJ_2025-01-15_G23,10109696VALERIOJ,2025-01-15,118094,1,4,0,1439.0
10109696VALERIOJ_2025-01-15_G24,10109696VALERIOJ,2025-01-15,110515,1,42,0,777.0
10109696VALERIOJ_2025-01-15_G25,10109696VALERIOJ,2025-01-15,111463,1,60,0,513.0
10109696VALERIOJ_2025-01-15_G26,10109696VALERIOJ,2025-01-15,111530,1,380,0,2983.0
10109696VALERIOJ_2025-01-15_G27,10109696VALERIOJ,2025-01-15,111463,1,650,0,3207.0
10109696VALERIOJ_2025-01-16_G02,10109696VALERIOJ,2025-01-16,108794,1,24,0,315.0
10109696VALERIOJ_2025-01-16_G03,10109696VALERIOJ,2025-01-16,111443,1,10,0,220.0
10109696VALERIOJ_2025-01-16_G04,10109696VALERIOJ,2025-01-16,118140,1,50,0,506.0
10109696VALERIOJ_2025-01-16_G05,10109696VALERIOJ,2025-01-16,111442,1,24,0,363.0
10109696VALERIOJ_2025-01-16_G06,10109696VALERIOJ,2025-01-16,111433,1,24,0,487.0
10109696VALERIOJ_2025-01-16_G07,10109696VALERIOJ,2025-01-16,110787,1,100,0,852.0
10109696VALERIOJ_2025-01-16_G08,10109696VALERIOJ,2025-01-16,117831,1,60,0,956.0
10109696VALERIOJ_2025-01-16_G09,10109696VALERIOJ,2025-01-16,109645,1,8,0,139.0
10109696VALERIOJ_2025-01-16_G10,10109696VALERIOJ,2025-01-16,"110751, 111763",2,8,28,168.0
10109696VALERIOJ_2025-01-16_G11,10109696VALERIOJ,2025-01-16,108798,1,3,0,60.0
10109696VALERIOJ_2025-01-16_G12,10109696VALERIOJ,2025-01-16,110748,1,8,0,672.0
10109696VALERIOJ_2025-01-16_G13,10109696VALERIOJ,2025-01-16,117833,1,5,0,60.0
10109696VALERIOJ_2025-01-16_G14,10109696VALERIOJ,2025-01-16,108711,1,24,0,74.0
10109696VALERIOJ_2025-01-16_G15,10109696VALERIOJ,2025-01-16,117329,1,4,0,186.0
10109696VALERIOJ_2025-01-16_G16,10109696VALERIOJ,2025-01-16,117838,1,17,0,124.0
10109696VALERIOJ_2025-01-16_G17,10109696VALERIOJ,2025-01-16,110743,1,11,0,278.0
10109696VALERIOJ_2025-01-16_G18,10109696VALERIOJ,2025-01-16,105705,1,12,0,120.0
10109696VALERIOJ_2025-01-16_G19,10109696VALERIOJ,2025-01-16,117835,1,4,0,716.0
10109696VALERIOJ_2025-01-16_G20,10109696VALERIOJ,2025-01-16,110742,1,8,0,153.0
10109696VALERIOJ_2025-01-16_G21,10109696VALERIOJ,2025-01-16,110755,1,4,0,253.0
10109696VALERIOJ_2025-01-16_G22,10109696VALERIOJ,2025-01-16,110313,1,10,0,422.0
10109696VALERIOJ_2025-01-16_G23,10109696VALERIOJ,2025-01-16,111467,1,10,0,188.0
10109696VALERIOJ_2025-01-16_G24,10109696VALERIOJ,2025-01-16,118094,1,7,0,126.0
10109696VALERIOJ_2025-01-16_G25,10109696VALERIOJ,2025-01-16,141047,1,10,0,144.0
10109696VALERIOJ_2025-01-16_G26,10109696VALERIOJ,2025-01-16,108772,1,4,0,1015.0
10109696VALERIOJ_2025-01-16_G27,10109696VALERIOJ,2025-01-16,110733,1,2,0,134.0
10109696VALERIOJ_2025-01-16_G28,10109696VALERIOJ,2025-01-16,110711,1,7,0,181.0
10109696VALERIOJ_2025-01-16_G29,10109696VALERIOJ,2025-01-16,107830,1,7,0,364.0
10109696VALERIOJ_2025-01-16_G30,10109696VALERIOJ,2025-01-16,117820,1,14,0,177.0
10109696VALERIOJ_2025-01-16_G31,10109696VALERIOJ,2025-01-16,109643,1,2,0,122.0
10109696VALERIOJ_2025-01-16_G32,10109696VALERIOJ,2025-01-16,110372,1,44,0,190.0
10109696VALERIOJ_2025-01-16_G33,10109696VALERIOJ,2025-01-16,118299,1,76,0,441.0
10109696VALERIOJ_2025-01-16_G34,10109696VALERIOJ,2025-01-16,118299,1,45,0,49.0
10109696VALERIOJ_2025-01-16_G35,10109696VALERIOJ,2025-01-16,110339,1,25,0,376.0
10109696VALERIOJ_2025-01-16_G36,10109696VALERIOJ,2025-01-16,117821,1,9,0,336.0
10109696VALERIOJ_2025-01-16_G37,10109696VALERIOJ,2025-01-16,117785,1,4,0,93.0
10109696VALERIOJ_2025-01-16_G38,10109696VALERIOJ,2025-01-16,110740,1,14,0,125.0
10109696VALERIOJ_2025-01-16_G39,10109696VALERIOJ,2025-01-16,109641,1,6,0,458.0
10109696VALERIOJ_2025-01-16_G40,10109696VALERIOJ,2025-01-16,"117831, 108798",2,20,27,309.0
10109696VALERIOJ_2025-01-16_G41,10109696VALERIOJ,2025-01-16,108711,1,2,0,47.0
10109696VALERIOJ_2025-01-16_G42,10109696VALERIOJ,2025-01-16,111743,1,4,0,93.0
10109696VALERIOJ_2025-01-16_G43,10109696VALERIOJ,2025-01-16,111418,1,17,0,61.0
10109696VALERIOJ_2025-01-16_G44,10109696VALERIOJ,2025-01-16,111462,1,22,0,242.0
10109696VALERIOJ_2025-01-16_G45,10109696VALERIOJ,2025-01-16,"111463, 118140",2,84,16,372.0
10109696VALERIOJ_2025-01-16_G46,10109696VALERIOJ,2025-01-16,140922,1,31,0,237.0
10109696VALERIOJ_2025-01-16_G48,10109696VALERIOJ,2025-01-16,110313,1,12,0,309.0
10109696VALERIOJ_2025-01-16_G49,10109696VALERIOJ,2025-01-16,110752,2,16,12,130.0
10109696VALERIOJ_2025-01-16_G50,10109696VALERIOJ,2025-01-16,111467,1,12,0,250.0
10109696VALERIOJ_2025-01-16_G51,10109696VALERIOJ,2025-01-16,109640,1,28,0,462.0
10109696VALERIOJ_2025-01-16_G52,10109696VALERIOJ,2025-01-16,118094,1,20,0,136.0
10109696VALERIOJ_2025-01-16_G53,10109696VALERIOJ,2025-01-16,141047,1,24,0,388.0
10109696VALERIOJ_2025-01-16_G54,10109696VALERIOJ,2025-01-16,117861,1,32,0,661.0
10109696VALERIOJ_2025-01-16_G55,10109696VALERIOJ,2025-01-16,110733,1,8,0,289.0
10109696VALERIOJ_2025-01-16_G56,10109696VALERIOJ,2025-01-16,107830,1,12,0,915.0
10109696VALERIOJ_2025-01-16_G57,10109696VALERIOJ,2025-01-16,110372,1,20,0,241.0
10109696VALERIOJ_2025-01-16_G58,10109696VALERIOJ,2025-01-16,110375,1,20,0,596.0
10109696VALERIOJ_2025-01-16_G59,10109696VALERIOJ,2025-01-16,110325,1,12,0,361.0
10109696VALERIOJ_2025-01-16_G60,10109696VALERIOJ,2025-01-16,110373,1,16,0,436.0
10109696VALERIOJ_2025-01-16_G61,10109696VALERIOJ,2025-01-16,111463,1,20,0,236.0
10109696VALERIOJ_2025-01-17_G02,10109696VALERIOJ,2025-01-17,111441,1,4,0,125.0
10109696VALERIOJ_2025-01-17_G03,10109696VALERIOJ,2025-01-17,110742,1,2,0,124.0
10109696VALERIOJ_2025-01-17_G04,10109696VALERIOJ,2025-01-17,118290,1,8,0,218.0
10109696VALERIOJ_2025-01-17_G05,10109696VALERIOJ,2025-01-17,141047,1,2,0,200.0
10109696VALERIOJ_2025-01-17_G06,10109696VALERIOJ,2025-01-17,111530,1,40,0,376.0
10109696VALERIOJ_2025-01-17_G07,10109696VALERIOJ,2025-01-17,110755,1,42,0,546.0
10109696VALERIOJ_2025-01-17_G08,10109696VALERIOJ,2025-01-17,111438,1,20,0,323.0
10109696VALERIOJ_2025-01-17_G09,10109696VALERIOJ,2025-01-17,118299,2,146,16,452.0
10109696VALERIOJ_2025-01-17_G10,10109696VALERIOJ,2025-01-17,117830,1,12,0,732.0
10109696VALERIOJ_2025-01-17_G11,10109696VALERIOJ,2025-01-17,117820,1,148,0,890.0
10109696VALERIOJ_2025-01-17_G12,10109696VALERIOJ,2025-01-17,117832,1,4,0,487.0
10109696VALERIOJ_2025-01-17_G13,10109696VALERIOJ,2025-01-17,109643,1,7,0,132.0
10109696VALERIOJ_2025-01-17_G14,10109696VALERIOJ,2025-01-17,108711,1,4,0,1718.0
10109696VALERIOJ_2025-01-17_G15,10109696VALERIOJ,2025-01-17,110582,1,8,0,621.0
10109696VALERIOJ_2025-01-17_G16,10109696VALERIOJ,2025-01-17,111438,1,44,0,1441.0
10109696VALERIOJ_2025-01-17_G17,10109696VALERIOJ,2025-01-17,110742,1,12,0,307.0
10109696VALERIOJ_2025-01-17_G18,10109696VALERIOJ,2025-01-17,110755,1,36,0,277.0
10109696VALERIOJ_2025-01-17_G19,10109696VALERIOJ,2025-01-17,110741,1,2,0,552.0
10109696VALERIOJ_2025-01-17_G20,10109696VALERIOJ,2025-01-17,118094,1,4,0,223.0
10109696VALERIOJ_2025-01-17_G21,10109696VALERIOJ,2025-01-17,141047,1,13,0,139.0
10109696VALERIOJ_2025-01-17_G22,10109696VALERIOJ,2025-01-17,110733,1,6,0,176.0
10109696VALERIOJ_2025-01-17_G23,10109696VALERIOJ,2025-01-17,111530,1,40,0,913.0
10109696VALERIOJ_2025-01-17_G24,10109696VALERIOJ,2025-01-17,140911,1,2,0,243.0
10109696VALERIOJ_2025-01-17_G25,10109696VALERIOJ,2025-01-17,110313,1,6,0,180.0
10109696VALERIOJ_2025-01-17_G26,10109696VALERIOJ,2025-01-17,118299,1,5,0,181.0
10109696VALERIOJ_2025-01-17_G27,10109696VALERIOJ,2025-01-17,109643,1,40,0,514.0
10109696VALERIOJ_2025-01-17_G28,10109696VALERIOJ,2025-01-17,117808,1,80,0,294.0
10109696VALERIOJ_2025-01-17_G29,10109696VALERIOJ,2025-01-17,111442,1,40,0,534.0
10109696VALERIOJ_2025-01-17_G30,10109696VALERIOJ,2025-01-17,118222,1,8,0,791.0
10109696VALERIOJ_2025-01-17_G31,10109696VALERIOJ,2025-01-17,111467,1,4,0,398.0
10109696VALERIOJ_2025-01-17_G32,10109696VALERIOJ,2025-01-17,111876,1,4,0,177.0
10109696VALERIOJ_2025-01-17_G33,10109696VALERIOJ,2025-01-17,110515,1,2,0,162.0
10109696VALERIOJ_2025-01-17_G34,10109696VALERIOJ,2025-01-17,118298,1,6,0,70.0
10109696VALERIOJ_2025-01-17_G35,10109696VALERIOJ,2025-01-17,110733,1,4,0,142.0
10109696VALERIOJ_2025-01-17_G36,10109696VALERIOJ,2025-01-17,110711,1,44,0,710.0
10109696VALERIOJ_2025-01-17_G38,10109696VALERIOJ,2025-01-17,140922,1,8,0,1863.0
10109696VALERIOJ_2025-01-17_G39,10109696VALERIOJ,2025-01-17,100334,1,4,0,181.0
10109696VALERIOJ_2025-01-17_G40,10109696VALERIOJ,2025-01-17,117836,1,4,0,83.0
10109696VALERIOJ_2025-01-17_G41,10109696VALERIOJ,2025-01-17,111446,1,2,0,88.0
10109696VALERIOJ_2025-01-17_G42,10109696VALERIOJ,2025-01-17,140922,1,4,0,278.0
10109696VALERIOJ_2025-01-17_G43,10109696VALERIOJ,2025-01-17,111442,1,4,0,165.0
10109696VALERIOJ_2025-01-17_G44,10109696VALERIOJ,2025-01-17,116241,1,4,0,229.0
10109696VALERIOJ_2025-01-17_G45,10109696VALERIOJ,2025-01-17,117820,2,16,10,165.0
10109696VALERIOJ_2025-01-17_G46,10109696VALERIOJ,2025-01-17,117830,1,12,0,213.0
10109696VALERIOJ_2025-01-17_G47,10109696VALERIOJ,2025-01-17,111469,1,6,0,390.0
10109696VALERIOJ_2025-01-17_G48,10109696VALERIOJ,2025-01-17,"111441, 111438",2,8,11,141.0
10109696VALERIOJ_2025-01-17_G49,10109696VALERIOJ,2025-01-17,110742,1,4,0,98.0
10109696VALERIOJ_2025-01-17_G50,10109696VALERIOJ,2025-01-17,110747,1,4,0,174.0
10109696VALERIOJ_2025-01-17_G51,10109696VALERIOJ,2025-01-17,117862,1,12,0,98.0
10109696VALERIOJ_2025-01-17_G52,10109696VALERIOJ,2025-01-17,118140,1,6,0,150.0
10109696VALERIOJ_2025-01-17_G53,10109696VALERIOJ,2025-01-17,111469,1,12,0,249.0
10109696VALERIOJ_2025-01-17_G54,10109696VALERIOJ,2025-01-17,117820,1,18,0,284.0
10109696VALERIOJ_2025-01-18_G02,10109696VALERIOJ,2025-01-18,110895,1,2,0,67.0
10109696VALERIOJ_2025-01-18_G03,10109696VALERIOJ,2025-01-18,110313,1,5,0,143.0
10109696VALERIOJ_2025-01-18_G04,10109696VALERIOJ,2025-01-18,111530,1,1,0,43.0
10109696VALERIOJ_2025-01-18_G05,10109696VALERIOJ,2025-01-18,117786,1,2,0,141.0
10109696VALERIOJ_2025-01-18_G06,10109696VALERIOJ,2025-01-18,108772,1,4,0,326.0
10109696VALERIOJ_2025-01-18_G07,10109696VALERIOJ,2025-01-18,111469,1,20,0,250.0
10109696VALERIOJ_2025-01-18_G08,10109696VALERIOJ,2025-01-18,107830,1,7,0,239.0
10109696VALERIOJ_2025-01-18_G09,10109696VALERIOJ,2025-01-18,110372,1,6,0,211.0
10109696VALERIOJ_2025-01-18_G10,10109696VALERIOJ,2025-01-18,110375,1,11,0,85.0
10109696VALERIOJ_2025-01-18_G11,10109696VALERIOJ,2025-01-18,118094,1,15,0,413.0
10109696VALERIOJ_2025-01-18_G12,10109696VALERIOJ,2025-01-18,108361,1,2,0,215.0
10109696VALERIOJ_2025-01-18_G13,10109696VALERIOJ,2025-01-18,118403,1,2,0,90.0
10109696VALERIOJ_2025-01-18_G14,10109696VALERIOJ,2025-01-18,111439,1,2,0,101.0
10109696VALERIOJ_2025-01-18_G15,10109696VALERIOJ,2025-01-18,118298,1,1,0,109.0
10109696VALERIOJ_2025-01-18_G16,10109696VALERIOJ,2025-01-18,109645,1,8,0,40.0
10109696VALERIOJ_2025-01-18_G17,10109696VALERIOJ,2025-01-18,117820,1,6,0,125.0
10109696VALERIOJ_2025-01-18_G18,10109696VALERIOJ,2025-01-18,110372,1,5,0,173.0
10109696VALERIOJ_2025-01-18_G19,10109696VALERIOJ,2025-01-18,117809,1,2,0,100.0
10109696VALERIOJ_2025-01-18_G20,10109696VALERIOJ,2025-01-18,110375,1,1,0,141.0
10109696VALERIOJ_2025-01-18_G21,10109696VALERIOJ,2025-01-18,108770,1,2,0,274.0
10109696VALERIOJ_2025-01-18_G22,10109696VALERIOJ,2025-01-18,108711,1,11,0,2262.0
10109696VALERIOJ_2025-01-18_G23,10109696VALERIOJ,2025-01-18,111660,2,11,9,384.0
10109696VALERIOJ_2025-01-18_G24,10109696VALERIOJ,2025-01-18,117855,1,8,0,235.0
10109696VALERIOJ_2025-01-18_G25,10109696VALERIOJ,2025-01-18,108361,1,2,0,734.0
10109696VALERIOJ_2025-01-18_G26,10109696VALERIOJ,2025-01-18,110313,2,120,9,1049.0
10109696VALERIOJ_2025-01-18_G27,10109696VALERIOJ,2025-01-18,111530,1,223,0,1276.0
10109696VALERIOJ_2025-01-18_G28,10109696VALERIOJ,2025-01-18,117855,1,40,0,322.0
10109696VALERIOJ_2025-01-18_G29,10109696VALERIOJ,2025-01-18,111602,1,8,0,390.0
10109696VALERIOJ_2025-01-18_G30,10109696VALERIOJ,2025-01-18,110515,1,9,0,122.0
10109696VALERIOJ_2025-01-18_G31,10109696VALERIOJ,2025-01-18,105242,1,4,0,83.0
10109696VALERIOJ_2025-01-18_G32,10109696VALERIOJ,2025-01-18,111418,1,367,0,943.0
10109696VALERIOJ_2025-01-18_G34,10109696VALERIOJ,2025-01-18,117855,1,12,0,270.0
10109696VALERIOJ_2025-01-18_G35,10109696VALERIOJ,2025-01-18,117861,1,2,0,163.0
10109696VALERIOJ_2025-01-18_G36,10109696VALERIOJ,2025-01-18,118298,1,3,0,164.0
10109696VALERIOJ_2025-01-18_G37,10109696VALERIOJ,2025-01-18,141047,1,3,0,58.0
10109696VALERIOJ_2025-01-18_G38,10109696VALERIOJ,2025-01-18,110711,1,3,0,201.0
10109696VALERIOJ_2025-01-18_G39,10109696VALERIOJ,2025-01-18,110371,1,5,0,356.0
10109696VALERIOJ_2025-01-18_G40,10109696VALERIOJ,2025-01-18,108770,1,4,0,162.0
10109696VALERIOJ_2025-01-18_G41,10109696VALERIOJ,2025-01-18,110895,1,3,0,70.0
10109696VALERIOJ_2025-01-18_G42,10109696VALERIOJ,2025-01-18,117855,1,9,0,96.0
10109696VALERIOJ_2025-01-18_G43,10109696VALERIOJ,2025-01-18,110371,1,6,0,166.0
10109696VALERIOJ_2025-01-18_G44,10109696VALERIOJ,2025-01-18,"110371, 110375",2,32,14,164.0
10109696VALERIOJ_2025-01-18_G45,10109696VALERIOJ,2025-01-18,110371,1,11,0,68.0
10109696VALERIOJ_2025-01-20_G02,10109696VALERIOJ,2025-01-20,117855,2,30,11,596.0
10109696VALERIOJ_2025-01-20_G03,10109696VALERIOJ,2025-01-20,118094,1,55,0,1004.0
10109696VALERIOJ_2025-01-20_G04,10109696VALERIOJ,2025-01-20,110515,1,30,0,499.0
10109696VALERIOJ_2025-01-20_G05,10109696VALERIOJ,2025-01-20,108772,1,4,0,925.0
10109696VALERIOJ_2025-01-20_G06,10109696VALERIOJ,2025-01-20,110372,1,120,0,332.0
10109696VALERIOJ_2025-01-20_G07,10109696VALERIOJ,2025-01-20,117808,1,70,0,404.0
10109696VALERIOJ_2025-01-20_G08,10109696VALERIOJ,2025-01-20,110339,1,4,0,1360.0
10109696VALERIOJ_2025-01-20_G09,10109696VALERIOJ,2025-01-20,110313,1,12,0,332.0
10109696VALERIOJ_2025-01-20_G10,10109696VALERIOJ,2025-01-20,109640,1,2,0,217.0
10109696VALERIOJ_2025-01-20_G11,10109696VALERIOJ,2025-01-20,117786,1,8,0,94.0
10109696VALERIOJ_2025-01-20_G12,10109696VALERIOJ,2025-01-20,108772,1,4,0,115.0
10109696VALERIOJ_2025-01-20_G13,10109696VALERIOJ,2025-01-20,117788,1,4,0,100.0
10109696VALERIOJ_2025-01-20_G14,10109696VALERIOJ,2025-01-20,110711,1,4,0,87.0
10109696VALERIOJ_2025-01-20_G15,10109696VALERIOJ,2025-01-20,117862,1,4,0,63.0
10109696VALERIOJ_2025-01-20_G16,10109696VALERIOJ,2025-01-20,108794,1,8,0,154.0
10109696VALERIOJ_2025-01-20_G17,10109696VALERIOJ,2025-01-20,117785,1,12,0,997.0
10109696VALERIOJ_2025-01-20_G18,10109696VALERIOJ,2025-01-20,118140,1,4,0,108.0
10109696VALERIOJ_2025-01-20_G19,10109696VALERIOJ,2025-01-20,140922,1,8,0,110.0
10109696VALERIOJ_2025-01-20_G20,10109696VALERIOJ,2025-01-20,117831,1,4,0,140.0
10109696VALERIOJ_2025-01-20_G21,10109696VALERIOJ,2025-01-20,108798,1,4,0,68.0
10109696VALERIOJ_2025-01-20_G22,10109696VALERIOJ,2025-01-20,108711,1,2,0,78.0
10109696VALERIOJ_2025-01-20_G23,10109696VALERIOJ,2025-01-20,117833,1,4,0,87.0
10109696VALERIOJ_2025-01-20_G24,10109696VALERIOJ,2025-01-20,117838,1,2,0,71.0
10109696VALERIOJ_2025-01-20_G25,10109696VALERIOJ,2025-01-20,111463,1,20,0,94.0
10109696VALERIOJ_2025-01-20_G26,10109696VALERIOJ,2025-01-20,110371,1,4,0,314.0
10109696VALERIOJ_2025-01-20_G27,10109696VALERIOJ,2025-01-20,117820,1,5,0,101.0
10109696VALERIOJ_2025-01-20_G28,10109696VALERIOJ,2025-01-20,117830,1,4,0,183.0
10109696VALERIOJ_2025-01-20_G29,10109696VALERIOJ,2025-01-20,110375,1,4,0,115.0
10109696VALERIOJ_2025-01-20_G30,10109696VALERIOJ,2025-01-20,117809,1,10,0,447.0
10109696VALERIOJ_2025-01-20_G31,10109696VALERIOJ,2025-01-20,110372,1,20,0,130.0
10109696VALERIOJ_2025-01-20_G32,10109696VALERIOJ,2025-01-20,117808,1,20,0,224.0
10109696VALERIOJ_2025-01-20_G33,10109696VALERIOJ,2025-01-20,117832,1,8,0,122.0
10109696VALERIOJ_2025-01-20_G34,10109696VALERIOJ,2025-01-20,117855,1,4,0,182.0
10109696VALERIOJ_2025-01-20_G36,10109696VALERIOJ,2025-01-20,110681,1,4,0,254.0
10109696VALERIOJ_2025-01-20_G37,10109696VALERIOJ,2025-01-20,111655,1,2,0,358.0
10109696VALERIOJ_2025-01-20_G38,10109696VALERIOJ,2025-01-20,111438,2,10,15,287.0
10109696VALERIOJ_2025-01-20_G39,10109696VALERIOJ,2025-01-20,110742,1,4,0,288.0
10109696VALERIOJ_2025-01-20_G40,10109696VALERIOJ,2025-01-20,108770,1,4,0,67.0
10109696VALERIOJ_2025-01-20_G41,10109696VALERIOJ,2025-01-20,115775,1,4,0,141.0
10109696VALERIOJ_2025-01-20_G42,10109696VALERIOJ,2025-01-20,111569,2,12,8,802.0
10109696VALERIOJ_2025-01-20_G43,10109696VALERIOJ,2025-01-20,111430,2,6,7,155.0
10109696VALERIOJ_2025-01-20_G44,10109696VALERIOJ,2025-01-20,110747,2,8,8,738.0
10109696VALERIOJ_2025-01-20_G45,10109696VALERIOJ,2025-01-20,115773,1,4,0,747.0
10109696VALERIOJ_2025-01-20_G46,10109696VALERIOJ,2025-01-20,110313,1,10,0,843.0
10109696VALERIOJ_2025-01-20_G47,10109696VALERIOJ,2025-01-20,"110752, 109640",2,6,24,72.0
10109696VALERIOJ_2025-01-20_G48,10109696VALERIOJ,2025-01-20,117861,1,10,0,209.0
10109696VALERIOJ_2025-01-20_G49,10109696VALERIOJ,2025-01-20,117856,1,10,0,73.0
10109696VALERIOJ_2025-01-20_G50,10109696VALERIOJ,2025-01-20,117833,1,4,0,165.0
10109696VALERIOJ_2025-01-20_G51,10109696VALERIOJ,2025-01-20,108736,1,4,0,43.0
10109696VALERIOJ_2025-01-21_G02,10109696VALERIOJ,2025-01-21,117855,1,10,0,169.0
10109696VALERIOJ_2025-01-21_G03,10109696VALERIOJ,2025-01-21,111530,1,40,0,240.0
10109696VALERIOJ_2025-01-21_G04,10109696VALERIOJ,2025-01-21,117862,1,20,0,251.0
10109696VALERIOJ_2025-01-21_G05,10109696VALERIOJ,2025-01-21,111444,1,4,0,269.0
10109696VALERIOJ_2025-01-21_G06,10109696VALERIOJ,2025-01-21,118140,1,60,0,315.0
10109696VALERIOJ_2025-01-21_G07,10109696VALERIOJ,2025-01-21,111466,1,50,0,363.0
10109696VALERIOJ_2025-01-21_G08,10109696VALERIOJ,2025-01-21,111465,1,30,0,342.0
10109696VALERIOJ_2025-01-21_G09,10109696VALERIOJ,2025-01-21,111348,2,4,9,475.0
10109696VALERIOJ_2025-01-21_G10,10109696VALERIOJ,2025-01-21,111463,1,50,0,559.0
10109696VALERIOJ_2025-01-21_G11,10109696VALERIOJ,2025-01-21,111463,1,40,0,55.0
10109696VALERIOJ_2025-01-21_G12,10109696VALERIOJ,2025-01-21,117820,1,60,0,511.0
10109696VALERIOJ_2025-01-21_G13,10109696VALERIOJ,2025-01-21,110373,1,150,0,560.0
10109696VALERIOJ_2025-01-21_G14,10109696VALERIOJ,2025-01-21,110375,1,12,0,634.0
10109696VALERIOJ_2025-01-21_G15,10109696VALERIOJ,2025-01-21,117808,1,150,0,653.0
10109696VALERIOJ_2025-01-21_G16,10109696VALERIOJ,2025-01-21,110372,1,180,0,1077.0
10109696VALERIOJ_2025-01-21_G17,10109696VALERIOJ,2025-01-21,110371,1,50,0,417.0
10109696VALERIOJ_2025-01-21_G18,10109696VALERIOJ,2025-01-21,117830,1,40,0,409.0
10109696VALERIOJ_2025-01-21_G19,10109696VALERIOJ,2025-01-21,111438,1,16,0,1727.0
10109696VALERIOJ_2025-01-21_G20,10109696VALERIOJ,2025-01-21,108770,1,2,0,265.0
10109696VALERIOJ_2025-01-21_G21,10109696VALERIOJ,2025-01-21,110895,1,26,0,174.0
10109696VALERIOJ_2025-01-21_G22,10109696VALERIOJ,2025-01-21,111569,1,32,0,907.0
10109696VALERIOJ_2025-01-21_G23,10109696VALERIOJ,2025-01-21,111466,1,38,0,730.0
10109696VALERIOJ_2025-01-21_G24,10109696VALERIOJ,2025-01-21,140922,1,7,0,198.0
10109696VALERIOJ_2025-01-21_G25,10109696VALERIOJ,2025-01-21,111465,1,14,0,113.0
10109696VALERIOJ_2025-01-21_G26,10109696VALERIOJ,2025-01-21,111442,1,3,0,237.0
10109696VALERIOJ_2025-01-21_G27,10109696VALERIOJ,2025-01-21,109641,1,4,0,192.0
10109696VALERIOJ_2025-01-21_G28,10109696VALERIOJ,2025-01-21,111469,1,31,0,407.0
10109696VALERIOJ_2025-01-21_G29,10109696VALERIOJ,2025-01-21,111462,1,27,0,278.0
10109696VALERIOJ_2025-01-21_G30,10109696VALERIOJ,2025-01-21,118004,1,24,0,292.0
10109696VALERIOJ_2025-01-21_G31,10109696VALERIOJ,2025-01-21,110374,1,22,0,283.0
10109696VALERIOJ_2025-01-21_G32,10109696VALERIOJ,2025-01-21,117785,1,465,0,794.0
10109696VALERIOJ_2025-01-21_G33,10109696VALERIOJ,2025-01-21,110373,1,199,0,571.0
10109696VALERIOJ_2025-01-21_G34,10109696VALERIOJ,2025-01-21,110372,1,172,0,224.0
10109696VALERIOJ_2025-01-21_G35,10109696VALERIOJ,2025-01-21,117808,1,517,0,550.0
10109696VALERIOJ_2025-01-21_G37,10109696VALERIOJ,2025-01-21,118004,3,21,22,139.0
10109696VALERIOJ_2025-01-21_G38,10109696VALERIOJ,2025-01-21,111466,1,4,0,329.0
10109696VALERIOJ_2025-01-21_G39,10109696VALERIOJ,2025-01-21,117785,1,11,0,134.0
10109696VALERIOJ_2025-01-21_G40,10109696VALERIOJ,2025-01-21,111463,1,4,0,219.0
10109696VALERIOJ_2025-01-21_G41,10109696VALERIOJ,2025-01-21,111462,1,8,0,113.0
10109696VALERIOJ_2025-01-21_G42,10109696VALERIOJ,2025-01-21,110582,1,3,0,1107.0
10109696VALERIOJ_2025-01-21_G43,10109696VALERIOJ,2025-01-21,109641,1,2,0,89.0
10109696VALERIOJ_2025-01-21_G44,10109696VALERIOJ,2025-01-21,111655,2,8,7,123.0
10109696VALERIOJ_2025-01-21_G45,10109696VALERIOJ,2025-01-21,117855,2,20,8,373.0
10109696VALERIOJ_2025-01-21_G46,10109696VALERIOJ,2025-01-21,111444,1,4,0,571.0
10109696VALERIOJ_2025-01-21_G47,10109696VALERIOJ,2025-01-21,110374,1,12,0,140.0
10109696VALERIOJ_2025-01-21_G48,10109696VALERIOJ,2025-01-21,111438,1,4,0,761.0
10109696VALERIOJ_2025-01-21_G49,10109696VALERIOJ,2025-01-21,110895,1,2,0,82.0
10109696VALERIOJ_2025-01-21_G50,10109696VALERIOJ,2025-01-21,118306,1,2,0,100.0
10109696VALERIOJ_2025-01-21_G51,10109696VALERIOJ,2025-01-21,108361,1,2,0,86.0
10109696VALERIOJ_2025-01-21_G52,10109696VALERIOJ,2025-01-21,117853,1,2,0,79.0
10109696VALERIOJ_2025-01-21_G53,10109696VALERIOJ,2025-01-21,111602,1,3,0,147.0
10109696VALERIOJ_2025-01-21_G54,10109696VALERIOJ,2025-01-21,111530,1,2,0,62.0
10109696VALERIOJ_2025-01-21_G55,10109696VALERIOJ,2025-01-21,110711,1,2,0,112.0
10109696VALERIOJ_2025-01-21_G56,10109696VALERIOJ,2025-01-21,117856,1,2,0,32.0
10109696VALERIOJ_2025-01-21_G57,10109696VALERIOJ,2025-01-21,111444,1,2,0,923.0
10109696VALERIOJ_2025-01-21_G58,10109696VALERIOJ,2025-01-21,118004,1,2,0,294.0
10109696VALERIOJ_2025-01-21_G59,10109696VALERIOJ,2025-01-21,111466,1,5,0,211.0
10109696VALERIOJ_2025-01-21_G60,10109696VALERIOJ,2025-01-21,107236,1,4,0,144.0
10109696VALERIOJ_2025-01-21_G61,10109696VALERIOJ,2025-01-21,110787,1,2,0,122.0
10109696VALERIOJ_2025-01-21_G62,10109696VALERIOJ,2025-01-21,110748,1,1,0,158.0
10109696VALERIOJ_2025-01-21_G63,10109696VALERIOJ,2025-01-21,111443,1,2,0,61.0
10109696VALERIOJ_2025-01-21_G64,10109696VALERIOJ,2025-01-21,108711,1,1,0,57.0
10109696VALERIOJ_2025-01-21_G65,10109696VALERIOJ,2025-01-21,"111469, 111463",2,6,7,69.0
10109696VALERIOJ_2025-01-22_G02,10109696VALERIOJ,2025-01-22,117808,1,30,0,303.0
10109696VALERIOJ_2025-01-22_G03,10109696VALERIOJ,2025-01-22,117855,2,30,28,746.0
10109696VALERIOJ_2025-01-22_G04,10109696VALERIOJ,2025-01-22,111602,1,3,0,213.0
10109696VALERIOJ_2025-01-22_G05,10109696VALERIOJ,2025-01-22,110371,1,1,0,307.0
10109696VALERIOJ_2025-01-22_G06,10109696VALERIOJ,2025-01-22,110376,1,2,0,54.0
10109696VALERIOJ_2025-01-22_G07,10109696VALERIOJ,2025-01-22,118004,1,12,0,212.0
10109696VALERIOJ_2025-01-22_G08,10109696VALERIOJ,2025-01-22,117821,1,4,0,188.0
10109696VALERIOJ_2025-01-22_G09,10109696VALERIOJ,2025-01-22,117821,1,16,0,519.0
10109696VALERIOJ_2025-01-22_G10,10109696VALERIOJ,2025-01-22,117785,2,9,9,180.0
10109696VALERIOJ_2025-01-22_G11,10109696VALERIOJ,2025-01-22,117785,2,39,17,32.0
10109696VALERIOJ_2025-01-22_G12,10109696VALERIOJ,2025-01-22,117785,1,67,0,36.0
10109696VALERIOJ_2025-01-22_G13,10109696VALERIOJ,2025-01-22,111463,1,1,0,911.0
10109696VALERIOJ_2025-01-22_G14,10109696VALERIOJ,2025-01-22,117856,1,9,0,93.0
10109696VALERIOJ_2025-01-22_G15,10109696VALERIOJ,2025-01-22,117785,1,2,0,2129.0
10109696VALERIOJ_2025-01-22_G16,10109696VALERIOJ,2025-01-22,111463,1,2,0,140.0
10109696VALERIOJ_2025-01-22_G17,10109696VALERIOJ,2025-01-22,110373,1,4,0,156.0
10109696VALERIOJ_2025-01-22_G18,10109696VALERIOJ,2025-01-22,111441,1,3,0,321.0
10109696VALERIOJ_2025-01-22_G19,10109696VALERIOJ,2025-01-22,111438,1,3,0,125.0
10109696VALERIOJ_2025-01-22_G20,10109696VALERIOJ,2025-01-22,117855,1,2,0,123.0
10109696VALERIOJ_2025-01-22_G21,10109696VALERIOJ,2025-01-22,117785,1,5,0,119.0
10109696VALERIOJ_2025-01-22_G22,10109696VALERIOJ,2025-01-22,111569,1,2,0,303.0
10109696VALERIOJ_2025-01-22_G23,10109696VALERIOJ,2025-01-22,117855,1,2,0,62.0
10109696VALERIOJ_2025-01-22_G24,10109696VALERIOJ,2025-01-22,111463,1,5,0,233.0
10109696VALERIOJ_2025-01-22_G25,10109696VALERIOJ,2025-01-22,110374,2,5,6,185.0
10109696VALERIOJ_2025-01-22_G26,10109696VALERIOJ,2025-01-22,110373,1,3,0,218.0
10109696VALERIOJ_2025-01-22_G27,10109696VALERIOJ,2025-01-22,111463,1,27,0,618.0
10109696VALERIOJ_2025-01-22_G28,10109696VALERIOJ,2025-01-22,118299,1,15,0,423.0
10109696VALERIOJ_2025-01-22_G29,10109696VALERIOJ,2025-01-22,111438,1,4,0,430.0
10109696VALERIOJ_2025-01-22_G30,10109696VALERIOJ,2025-01-22,111569,1,3,0,154.0
10109696VALERIOJ_2025-01-22_G31,10109696VALERIOJ,2025-01-22,111430,1,2,0,107.0
10109696VALERIOJ_2025-01-22_G32,10109696VALERIOJ,2025-01-22,110339,1,2,0,115.0
10109696VALERIOJ_2025-01-22_G33,10109696VALERIOJ,2025-01-22,111469,1,2,0,158.0
10109696VALERIOJ_2025-01-22_G34,10109696VALERIOJ,2025-01-22,110371,1,3,0,82.0
10109696VALERIOJ_2025-01-22_G35,10109696VALERIOJ,2025-01-22,117808,1,2,0,64.0
10109696VALERIOJ_2025-01-22_G36,10109696VALERIOJ,2025-01-22,111462,1,1,0,124.0
10109696VALERIOJ_2025-01-22_G37,10109696VALERIOJ,2025-01-22,117862,1,4,0,127.0
10109696VALERIOJ_2025-01-22_G38,10109696VALERIOJ,2025-01-22,110339,1,2,0,154.0
10109696VALERIOJ_2025-01-22_G39,10109696VALERIOJ,2025-01-22,118094,1,4,0,179.0
10109696VALERIOJ_2025-01-22_G40,10109696VALERIOJ,2025-01-22,118004,1,12,0,334.0
10109696VALERIOJ_2025-01-22_G41,10109696VALERIOJ,2025-01-22,111466,2,12,7,136.0
10109696VALERIOJ_2025-01-22_G42,10109696VALERIOJ,2025-01-22,118317,1,2,0,120.0
10109696VALERIOJ_2025-01-22_G43,10109696VALERIOJ,2025-01-22,111443,1,6,0,572.0
10109696VALERIOJ_2025-01-22_G44,10109696VALERIOJ,2025-01-22,110372,1,8,0,263.0
10109696VALERIOJ_2025-01-22_G45,10109696VALERIOJ,2025-01-22,110373,1,20,0,137.0
10109696VALERIOJ_2025-01-22_G46,10109696VALERIOJ,2025-01-22,118299,1,30,0,317.0
10109696VALERIOJ_2025-01-22_G47,10109696VALERIOJ,2025-01-22,110895,1,5,0,327.0
10109696VALERIOJ_2025-01-22_G48,10109696VALERIOJ,2025-01-22,110374,1,1,0,61.0
10109696VALERIOJ_2025-01-22_G49,10109696VALERIOJ,2025-01-22,110373,1,5,0,63.0
10109696VALERIOJ_2025-01-22_G50,10109696VALERIOJ,2025-01-22,118290,1,1,0,637.0
10109696VALERIOJ_2025-01-22_G51,10109696VALERIOJ,2025-01-22,118140,1,5,0,117.0
10109696VALERIOJ_2025-01-22_G52,10109696VALERIOJ,2025-01-22,111466,1,1,0,83.0
10109696VALERIOJ_2025-01-22_G53,10109696VALERIOJ,2025-01-22,118317,1,2,0,96.0
10109696VALERIOJ_2025-01-22_G55,10109696VALERIOJ,2025-01-22,107236,1,160,0,1229.0
10109696VALERIOJ_2025-01-22_G56,10109696VALERIOJ,2025-01-22,109641,1,80,0,444.0
10109696VALERIOJ_2025-01-22_G57,10109696VALERIOJ,2025-01-22,118317,1,3,0,181.0
10109696VALERIOJ_2025-01-22_G58,10109696VALERIOJ,2025-01-22,111465,1,19,0,1242.0
10109696VALERIOJ_2025-01-22_G59,10109696VALERIOJ,2025-01-22,118094,1,8,0,666.0
10109696VALERIOJ_2025-01-22_G60,10109696VALERIOJ,2025-01-22,111438,1,1,0,211.0
10109696VALERIOJ_2025-01-22_G61,10109696VALERIOJ,2025-01-22,110895,1,4,0,69.0
10109696VALERIOJ_2025-01-22_G62,10109696VALERIOJ,2025-01-22,111530,1,2,0,89.0
10109696VALERIOJ_2025-01-22_G63,10109696VALERIOJ,2025-01-22,110373,1,10,0,177.0
10109696VALERIOJ_2025-01-22_G64,10109696VALERIOJ,2025-01-22,118004,1,2,0,82.0
10109696VALERIOJ_2025-01-22_G65,10109696VALERIOJ,2025-01-22,111463,1,1,0,513.0
10109696VALERIOJ_2025-01-22_G66,10109696VALERIOJ,2025-01-22,117785,1,2,0,93.0
10109696VALERIOJ_2025-01-22_G67,10109696VALERIOJ,2025-01-22,111465,1,1,0,565.0
10109696VALERIOJ_2025-01-22_G68,10109696VALERIOJ,2025-01-22,111418,1,36,0,749.0
10109696VALERIOJ_2025-01-23_G02,10109696VALERIOJ,2025-01-23,110080,1,1,0,117.0
10109696VALERIOJ_2025-01-23_G03,10109696VALERIOJ,2025-01-23,110841,1,2,0,479.0
10109696VALERIOJ_2025-01-23_G04,10109696VALERIOJ,2025-01-23,111850,1,4,0,94.0
10109696VALERIOJ_2025-01-23_G05,10109696VALERIOJ,2025-01-23,110623,1,6,0,286.0
10109696VALERIOJ_2025-01-23_G06,10109696VALERIOJ,2025-01-23,107254,1,3,0,136.0
10109696VALERIOJ_2025-01-23_G07,10109696VALERIOJ,2025-01-23,110711,1,4,0,43.0
10109696VALERIOJ_2025-01-23_G08,10109696VALERIOJ,2025-01-23,110313,1,5,0,175.0
10109696VALERIOJ_2025-01-23_G09,10109696VALERIOJ,2025-01-23,111650,1,2,0,71.0
10109696VALERIOJ_2025-01-23_G10,10109696VALERIOJ,2025-01-23,118094,1,2,0,276.0
10109696VALERIOJ_2025-01-23_G11,10109696VALERIOJ,2025-01-23,105242,1,4,0,120.0
10109696VALERIOJ_2025-01-23_G12,10109696VALERIOJ,2025-01-23,117831,1,4,0,136.0
10109696VALERIOJ_2025-01-23_G13,10109696VALERIOJ,2025-01-23,118140,1,3,0,1132.0
10109696VALERIOJ_2025-01-23_G14,10109696VALERIOJ,2025-01-23,117833,1,3,0,160.0
10109696VALERIOJ_2025-01-23_G15,10109696VALERIOJ,2025-01-23,117820,1,1,0,112.0
10109696VALERIOJ_2025-01-23_G16,10109696VALERIOJ,2025-01-23,117830,1,4,0,131.0
10109696VALERIOJ_2025-01-23_G17,10109696VALERIOJ,2025-01-23,110372,1,4,0,63.0
10109696VALERIOJ_2025-01-23_G18,10109696VALERIOJ,2025-01-23,110375,1,4,0,104.0
10109696VALERIOJ_2025-01-23_G19,10109696VALERIOJ,2025-01-23,108794,1,6,0,211.0
10109696VALERIOJ_2025-01-23_G20,10109696VALERIOJ,2025-01-23,111466,1,8,0,136.0
10109696VALERIOJ_2025-01-23_G21,10109696VALERIOJ,2025-01-23,118299,1,30,0,98.0
10109696VALERIOJ_2025-01-23_G22,10109696VALERIOJ,2025-01-23,110374,1,10,0,321.0
10109696VALERIOJ_2025-01-23_G23,10109696VALERIOJ,2025-01-23,108361,1,4,0,676.0
10109696VALERIOJ_2025-01-23_G24,10109696VALERIOJ,2025-01-23,111468,1,4,0,170.0
10109696VALERIOJ_2025-01-23_G25,10109696VALERIOJ,2025-01-23,118299,2,20,10,239.0
10109696VALERIOJ_2025-01-23_G26,10109696VALERIOJ,2025-01-23,117808,1,8,0,239.0
10109696VALERIOJ_2025-01-23_G27,10109696VALERIOJ,2025-01-23,110372,1,10,0,247.0
10109696VALERIOJ_2025-01-23_G28,10109696VALERIOJ,2025-01-23,117820,1,18,0,537.0
10109696VALERIOJ_2025-01-23_G29,10109696VALERIOJ,2025-01-23,111468,1,6,0,365.0
10109696VALERIOJ_2025-01-23_G30,10109696VALERIOJ,2025-01-23,109747,1,16,0,131.0
10109696VALERIOJ_2025-01-23_G31,10109696VALERIOJ,2025-01-23,110743,1,4,0,263.0
10109696VALERIOJ_2025-01-23_G32,10109696VALERIOJ,2025-01-23,118222,1,8,0,1324.0
10109696VALERIOJ_2025-01-23_G33,10109696VALERIOJ,2025-01-23,110895,2,14,10,210.0
10109696VALERIOJ_2025-01-23_G34,10109696VALERIOJ,2025-01-23,111660,1,8,0,110.0
10109696VALERIOJ_2025-01-23_G35,10109696VALERIOJ,2025-01-23,111569,1,7,0,166.0
10109696VALERIOJ_2025-01-23_G36,10109696VALERIOJ,2025-01-23,109937,1,4,0,342.0
10109696VALERIOJ_2025-01-23_G37,10109696VALERIOJ,2025-01-23,111655,1,12,0,585.0
10109696VALERIOJ_2025-01-23_G38,10109696VALERIOJ,2025-01-23,110747,1,16,0,251.0
10109696VALERIOJ_2025-01-23_G39,10109696VALERIOJ,2025-01-23,118140,1,4,0,268.0
10109696VALERIOJ_2025-01-23_G40,10109696VALERIOJ,2025-01-23,111466,1,22,0,111.0
10109696VALERIOJ_2025-01-23_G41,10109696VALERIOJ,2025-01-23,111433,1,2,0,264.0
10109696VALERIOJ_2025-01-23_G42,10109696VALERIOJ,2025-01-23,111463,1,12,0,101.0
10109696VALERIOJ_2025-01-23_G43,10109696VALERIOJ,2025-01-23,117831,1,6,0,297.0
10109696VALERIOJ_2025-01-23_G44,10109696VALERIOJ,2025-01-23,110748,1,8,0,72.0
10109696VALERIOJ_2025-01-23_G45,10109696VALERIOJ,2025-01-23,108795,1,3,0,102.0
10109696VALERIOJ_2025-01-23_G46,10109696VALERIOJ,2025-01-23,111469,1,7,0,60.0
10109696VALERIOJ_2025-01-23_G47,10109696VALERIOJ,2025-01-23,100334,1,5,0,328.0
10109696VALERIOJ_2025-01-23_G48,10109696VALERIOJ,2025-01-23,117821,1,5,0,191.0
10109696VALERIOJ_2025-01-23_G49,10109696VALERIOJ,2025-01-23,118140,1,6,0,38.0
10109696VALERIOJ_2025-01-23_G50,10109696VALERIOJ,2025-01-23,140922,1,7,0,116.0
10109696VALERIOJ_2025-01-23_G51,10109696VALERIOJ,2025-01-23,111463,1,8,0,231.0
10109696VALERIOJ_2025-01-23_G52,10109696VALERIOJ,2025-01-23,110787,1,2,0,86.0
10109696VALERIOJ_2025-01-23_G53,10109696VALERIOJ,2025-01-23,110748,1,8,0,74.0
10109696VALERIOJ_2025-01-23_G54,10109696VALERIOJ,2025-01-23,108795,1,4,0,78.0
10109696VALERIOJ_2025-01-23_G55,10109696VALERIOJ,2025-01-23,108711,1,2,0,61.0
10109696VALERIOJ_2025-01-23_G56,10109696VALERIOJ,2025-01-23,111469,2,4,9,36.0
10109696VALERIOJ_2025-01-23_G57,10109696VALERIOJ,2025-01-23,111466,1,2,0,109.0
10109696VALERIOJ_2025-01-23_G59,10109696VALERIOJ,2025-01-23,118140,1,2,0,2131.0
10109696VALERIOJ_2025-01-23_G60,10109696VALERIOJ,2025-01-23,110733,1,4,0,275.0
10109696VALERIOJ_2025-01-23_G61,10109696VALERIOJ,2025-01-23,110733,1,8,0,64.0
10109696VALERIOJ_2025-01-23_G62,10109696VALERIOJ,2025-01-23,110895,1,7,0,288.0
10109696VALERIOJ_2025-01-23_G63,10109696VALERIOJ,2025-01-23,100334,1,4,0,126.0
10109696VALERIOJ_2025-01-23_G64,10109696VALERIOJ,2025-01-23,118306,1,6,0,311.0
10109696VALERIOJ_2025-01-23_G65,10109696VALERIOJ,2025-01-23,118298,1,1,0,1352.0
10109696VALERIOJ_2025-01-23_G66,10109696VALERIOJ,2025-01-23,141047,1,2,0,128.0
10109696VALERIOJ_2025-01-23_G67,10109696VALERIOJ,2025-01-23,111442,1,4,0,520.0
10109696VALERIOJ_2025-01-23_G68,10109696VALERIOJ,2025-01-23,111468,1,1,0,72.0
10109696VALERIOJ_2025-01-23_G69,10109696VALERIOJ,2025-01-23,110787,1,5,0,150.0
10109696VALERIOJ_2025-01-23_G70,10109696VALERIOJ,2025-01-23,111348,1,2,0,389.0
10109696VALERIOJ_2025-01-23_G71,10109696VALERIOJ,2025-01-23,111469,1,6,0,166.0
10109696VALERIOJ_2025-01-23_G72,10109696VALERIOJ,2025-01-23,118299,1,7,0,125.0
10109696VALERIOJ_2025-01-23_G73,10109696VALERIOJ,2025-01-23,110376,1,1,0,139.0
10109696VALERIOJ_2025-01-23_G74,10109696VALERIOJ,2025-01-23,110375,1,3,0,76.0
10109696VALERIOJ_2025-01-23_G75,10109696VALERIOJ,2025-01-23,110895,1,1,0,358.0
10109696VALERIOJ_2025-01-23_G76,10109696VALERIOJ,2025-01-23,108361,1,1,0,98.0
10109696VALERIOJ_2025-01-23_G77,10109696VALERIOJ,2025-01-23,110711,1,2,0,171.0
10109696VALERIOJ_2025-01-23_G78,10109696VALERIOJ,2025-01-23,111602,1,16,0,150.0
10109696VALERIOJ_2025-01-23_G79,10109696VALERIOJ,2025-01-23,111466,1,9,0,265.0
10109696VALERIOJ_2025-01-23_G80,10109696VALERIOJ,2025-01-23,110743,1,2,0,317.0
10109696VALERIOJ_2025-01-23_G81,10109696VALERIOJ,2025-01-23,109747,1,4,0,326.0
10109696VALERIOJ_2025-01-23_G82,10109696VALERIOJ,2025-01-23,110373,1,16,0,288.0
10109696VALERIOJ_2025-01-23_G83,10109696VALERIOJ,2025-01-23,110372,1,18,0,208.0
10109696VALERIOJ_2025-01-28_G02,10109696VALERIOJ,2025-01-28,111418,1,14,0,301.0
10109696VALERIOJ_2025-01-28_G03,10109696VALERIOJ,2025-01-28,110371,1,9,0,209.0
10109696VALERIOJ_2025-01-28_G04,10109696VALERIOJ,2025-01-28,117808,1,13,0,92.0
10109696VALERIOJ_2025-01-28_G05,10109696VALERIOJ,2025-01-28,110373,1,26,0,186.0
10109696VALERIOJ_2025-01-28_G06,10109696VALERIOJ,2025-01-28,118299,1,4,0,222.0
10109696VALERIOJ_2025-01-28_G07,10109696VALERIOJ,2025-01-28,111602,1,2,0,353.0
10109696VALERIOJ_2025-01-28_G08,10109696VALERIOJ,2025-01-28,140922,1,4,0,152.0
10109696VALERIOJ_2025-01-28_G09,10109696VALERIOJ,2025-01-28,110371,1,1,0,145.0
10109696VALERIOJ_2025-01-28_G10,10109696VALERIOJ,2025-01-28,110373,1,1,0,72.0
10109696VALERIOJ_2025-01-28_G11,10109696VALERIOJ,2025-01-28,118299,1,3,0,59.0
10109696VALERIOJ_2025-01-28_G12,10109696VALERIOJ,2025-01-28,118004,1,1,0,531.0
10109696VALERIOJ_2025-01-28_G13,10109696VALERIOJ,2025-01-28,111418,1,8,0,74.0
10109696VALERIOJ_2025-01-28_G14,10109696VALERIOJ,2025-01-28,111465,1,6,0,157.0
10109696VALERIOJ_2025-01-28_G15,10109696VALERIOJ,2025-01-28,111469,1,6,0,143.0
10109696VALERIOJ_2025-01-28_G16,10109696VALERIOJ,2025-01-28,111462,1,4,0,414.0
10109696VALERIOJ_2025-01-28_G17,10109696VALERIOJ,2025-01-28,110325,1,4,0,349.0
10109696VALERIOJ_2025-01-28_G18,10109696VALERIOJ,2025-01-28,118299,1,4,0,100.0
10109696VALERIOJ_2025-01-28_G19,10109696VALERIOJ,2025-01-28,111418,1,3,0,205.0
10109696VALERIOJ_2025-01-28_G20,10109696VALERIOJ,2025-01-28,111462,1,7,0,71.0
10109696VALERIOJ_2025-01-28_G21,10109696VALERIOJ,2025-01-28,110373,1,1,0,245.0
10109696VALERIOJ_2025-01-28_G22,10109696VALERIOJ,2025-01-28,111602,1,5,0,362.0
10109696VALERIOJ_2025-01-28_G23,10109696VALERIOJ,2025-01-28,110711,1,6,0,135.0
10109696VALERIOJ_2025-01-28_G24,10109696VALERIOJ,2025-01-28,110373,1,17,0,118.0
10109696VALERIOJ_2025-01-28_G25,10109696VALERIOJ,2025-01-28,109641,1,8,0,168.0
10109696VALERIOJ_2025-01-28_G26,10109696VALERIOJ,2025-01-28,110371,1,4,0,860.0
10109696VALERIOJ_2025-01-28_G27,10109696VALERIOJ,2025-01-28,110325,1,5,0,222.0
10109696VALERIOJ_2025-01-28_G28,10109696VALERIOJ,2025-01-28,110373,1,2,0,74.0
10109696VALERIOJ_2025-01-28_G29,10109696VALERIOJ,2025-01-28,110711,1,19,0,1324.0
10109696VALERIOJ_2025-01-28_G30,10109696VALERIOJ,2025-01-28,110841,1,20,0,2462.0
10109696VALERIOJ_2025-01-28_G31,10109696VALERIOJ,2025-01-28,110895,1,24,0,303.0
10109696VALERIOJ_2025-01-28_G32,10109696VALERIOJ,2025-01-28,118311,1,4,0,328.0
10109696VALERIOJ_2025-01-28_G33,10109696VALERIOJ,2025-01-28,117838,1,20,0,185.0
10109696VALERIOJ_2025-01-28_G34,10109696VALERIOJ,2025-01-28,118140,1,40,0,281.0
10109696VALERIOJ_2025-01-28_G35,10109696VALERIOJ,2025-01-28,111466,1,50,0,539.0
10109696VALERIOJ_2025-01-28_G36,10109696VALERIOJ,2025-01-28,117785,1,42,0,595.0
10109696VALERIOJ_2025-01-28_G37,10109696VALERIOJ,2025-01-28,140922,1,30,0,107.0
10109696VALERIOJ_2025-01-28_G38,10109696VALERIOJ,2025-01-28,111463,1,50,0,650.0
10109696VALERIOJ_2025-01-28_G39,10109696VALERIOJ,2025-01-28,108711,1,20,0,403.0
10109696VALERIOJ_2025-01-28_G40,10109696VALERIOJ,2025-01-28,117821,1,40,0,377.0
10109696VALERIOJ_2025-01-28_G42,10109696VALERIOJ,2025-01-28,111660,1,20,0,322.0
10109696VALERIOJ_2025-01-28_G43,10109696VALERIOJ,2025-01-28,111441,1,45,0,825.0
10109696VALERIOJ_2025-01-28_G44,10109696VALERIOJ,2025-01-28,111532,1,174,0,909.0
10109696VALERIOJ_2025-01-28_G45,10109696VALERIOJ,2025-01-28,117785,1,310,0,1189.0
10109696VALERIOJ_2025-01-28_G46,10109696VALERIOJ,2025-01-28,111445,1,1,0,1339.0
10109696VALERIOJ_2025-01-28_G47,10109696VALERIOJ,2025-01-28,109747,1,70,0,218.0
10109696VALERIOJ_2025-01-29_G02,10109696VALERIOJ,2025-01-29,111439,1,4,0,114.0
10109696VALERIOJ_2025-01-29_G03,10109696VALERIOJ,2025-01-29,111462,1,1,0,232.0
10109696VALERIOJ_2025-01-29_G04,10109696VALERIOJ,2025-01-29,117832,1,2,0,126.0
10109696VALERIOJ_2025-01-29_G05,10109696VALERIOJ,2025-01-29,111532,1,21,0,1096.0
10109696VALERIOJ_2025-01-29_G06,10109696VALERIOJ,2025-01-29,111532,2,52,15,809.0
10109696VALERIOJ_2025-01-29_G07,10109696VALERIOJ,2025-01-29,110895,1,4,0,1096.0
10109696VALERIOJ_2025-01-29_G08,10109696VALERIOJ,2025-01-29,111418,1,8,0,253.0
10109696VALERIOJ_2025-01-29_G09,10109696VALERIOJ,2025-01-29,"111463, 111462",2,9,16,73.0
10109696VALERIOJ_2025-01-29_G10,10109696VALERIOJ,2025-01-29,117808,1,8,0,291.0
10109696VALERIOJ_2025-01-29_G11,10109696VALERIOJ,2025-01-29,118299,2,12,9,109.0
10109696VALERIOJ_2025-01-29_G12,10109696VALERIOJ,2025-01-29,100334,1,2,0,491.0
10109696VALERIOJ_2025-01-29_G13,10109696VALERIOJ,2025-01-29,111569,1,2,0,169.0
10109696VALERIOJ_2025-01-29_G14,10109696VALERIOJ,2025-01-29,111602,1,2,0,275.0
10109696VALERIOJ_2025-01-29_G15,10109696VALERIOJ,2025-01-29,"118004, 111442",2,10,15,166.0
10109696VALERIOJ_2025-01-29_G16,10109696VALERIOJ,2025-01-29,111466,1,6,0,140.0
10109696VALERIOJ_2025-01-29_G17,10109696VALERIOJ,2025-01-29,110787,1,6,0,106.0
10109696VALERIOJ_2025-01-29_G18,10109696VALERIOJ,2025-01-29,111443,1,2,0,110.0
10109696VALERIOJ_2025-01-29_G19,10109696VALERIOJ,2025-01-29,"111469, 111463",2,6,10,477.0
10109696VALERIOJ_2025-01-29_G20,10109696VALERIOJ,2025-01-29,111462,1,4,0,64.0
10109696VALERIOJ_2025-01-29_G21,10109696VALERIOJ,2025-01-29,117808,2,14,8,306.0
10109696VALERIOJ_2025-01-29_G22,10109696VALERIOJ,2025-01-29,109747,1,2,0,206.0
10109696VALERIOJ_2025-01-29_G23,10109696VALERIOJ,2025-01-29,117840,1,2,0,210.0
10109696VALERIOJ_2025-01-29_G24,10109696VALERIOJ,2025-01-29,110373,2,38,25,141.0
10109696VALERIOJ_2025-01-29_G25,10109696VALERIOJ,2025-01-29,110371,1,11,0,101.0
10109696VALERIOJ_2025-01-29_G26,10109696VALERIOJ,2025-01-29,110372,2,16,8,228.0
10109696VALERIOJ_2025-01-29_G27,10109696VALERIOJ,2025-01-29,117820,1,3,0,375.0
10109696VALERIOJ_2025-01-29_G28,10109696VALERIOJ,2025-01-29,118094,1,8,0,986.0
10109696VALERIOJ_2025-01-29_G29,10109696VALERIOJ,2025-01-29,118094,1,8,0,302.0
10109696VALERIOJ_2025-01-29_G30,10109696VALERIOJ,2025-01-29,110515,1,20,0,431.0
10109696VALERIOJ_2025-01-29_G31,10109696VALERIOJ,2025-01-29,110515,1,10,0,31.0
10109696VALERIOJ_2025-01-29_G32,10109696VALERIOJ,2025-01-29,110325,1,4,0,524.0
10109696VALERIOJ_2025-01-29_G33,10109696VALERIOJ,2025-01-29,111532,1,2,0,61.0
10109696VALERIOJ_2025-01-29_G34,10109696VALERIOJ,2025-01-29,111602,1,12,0,78.0
10109696VALERIOJ_2025-01-29_G35,10109696VALERIOJ,2025-01-29,111602,1,11,0,445.0
10109696VALERIOJ_2025-01-29_G36,10109696VALERIOJ,2025-01-29,111602,1,16,0,149.0
10109696VALERIOJ_2025-01-29_G37,10109696VALERIOJ,2025-01-29,111532,1,12,0,166.0
10109696VALERIOJ_2025-01-29_G38,10109696VALERIOJ,2025-01-29,117935,1,4,0,544.0
10109696VALERIOJ_2025-01-29_G39,10109696VALERIOJ,2025-01-29,111465,1,9,0,635.0
10109696VALERIOJ_2025-01-29_G40,10109696VALERIOJ,2025-01-29,111602,2,16,13,121.0
10109696VALERIOJ_2025-01-29_G41,10109696VALERIOJ,2025-01-29,117832,1,8,0,212.0
10109696VALERIOJ_2025-01-29_G43,10109696VALERIOJ,2025-01-29,117785,1,60,0,868.0
10109696VALERIOJ_2025-01-29_G44,10109696VALERIOJ,2025-01-29,108795,1,50,0,259.0
10109696VALERIOJ_2025-01-29_G45,10109696VALERIOJ,2025-01-29,111468,1,37,0,733.0
10109696VALERIOJ_2025-01-29_G46,10109696VALERIOJ,2025-01-29,111743,1,30,0,794.0
10109696VALERIOJ_2025-01-29_G47,10109696VALERIOJ,2025-01-29,111602,1,4,0,459.0
10109696VALERIOJ_2025-01-29_G48,10109696VALERIOJ,2025-01-29,107830,1,4,0,405.0
10109696VALERIOJ_2025-01-29_G49,10109696VALERIOJ,2025-01-29,110371,1,12,0,447.0
10109696VALERIOJ_2025-01-29_G50,10109696VALERIOJ,2025-01-29,117830,1,8,0,75.0
10109696VALERIOJ_2025-01-29_G51,10109696VALERIOJ,2025-01-29,110372,1,16,0,63.0
10109696VALERIOJ_2025-01-30_G02,10109696VALERIOJ,2025-01-30,110339,1,20,0,391.0
10109696VALERIOJ_2025-01-30_G03,10109696VALERIOJ,2025-01-30,118299,1,85,0,422.0
10109696VALERIOJ_2025-01-30_G04,10109696VALERIOJ,2025-01-30,110325,1,20,0,418.0
10109696VALERIOJ_2025-01-30_G05,10109696VALERIOJ,2025-01-30,110373,1,10,0,370.0
10109696VALERIOJ_2025-01-30_G06,10109696VALERIOJ,2025-01-30,110372,1,50,0,158.0
10109696VALERIOJ_2025-01-30_G07,10109696VALERIOJ,2025-01-30,109643,1,40,0,929.0
10109696VALERIOJ_2025-01-30_G08,10109696VALERIOJ,2025-01-30,117820,1,20,0,437.0
10109696VALERIOJ_2025-01-30_G09,10109696VALERIOJ,2025-01-30,110371,1,20,0,364.0
10109696VALERIOJ_2025-01-30_G10,10109696VALERIOJ,2025-01-30,118281,1,40,0,1493.0
10109696VALERIOJ_2025-01-30_G11,10109696VALERIOJ,2025-01-30,114097,1,20,0,623.0
10109696VALERIOJ_2025-01-30_G12,10109696VALERIOJ,2025-01-30,111792,1,1,0,1004.0
10109696VALERIOJ_2025-01-30_G13,10109696VALERIOJ,2025-01-30,106326,1,1,0,462.0
10109696VALERIOJ_2025-01-30_G14,10109696VALERIOJ,2025-01-30,110742,1,10,0,197.0
10109696VALERIOJ_2025-01-30_G15,10109696VALERIOJ,2025-01-30,140911,1,22,0,508.0
10109696VALERIOJ_2025-01-30_G16,10109696VALERIOJ,2025-01-30,118222,1,10,0,200.0
10109696VALERIOJ_2025-01-30_G17,10109696VALERIOJ,2025-01-30,111850,1,26,0,707.0
10109696VALERIOJ_2025-01-30_G18,10109696VALERIOJ,2025-01-30,"110454, 110500",2,8,26,167.0
10109696VALERIOJ_2025-01-30_G19,10109696VALERIOJ,2025-01-30,118306,1,6,0,100.0
10109696VALERIOJ_2025-01-30_G20,10109696VALERIOJ,2025-01-30,110747,1,5,0,180.0
10109696VALERIOJ_2025-01-30_G21,10109696VALERIOJ,2025-01-30,114102,1,8,0,96.0
10109696VALERIOJ_2025-01-30_G22,10109696VALERIOJ,2025-01-30,"111615, 106865",2,4,27,153.0
10109696VALERIOJ_2025-01-30_G23,10109696VALERIOJ,2025-01-30,110310,1,2,0,307.0
10109696VALERIOJ_2025-01-30_G24,10109696VALERIOJ,2025-01-30,110681,1,2,0,185.0
10109696VALERIOJ_2025-01-30_G25,10109696VALERIOJ,2025-01-30,109649,1,1,0,402.0
10109696VALERIOJ_2025-01-30_G26,10109696VALERIOJ,2025-01-30,111330,1,12,0,234.0
10109696VALERIOJ_2025-01-30_G27,10109696VALERIOJ,2025-01-30,114099,1,2,0,688.0
10109696VALERIOJ_2025-01-30_G28,10109696VALERIOJ,2025-01-30,110748,1,4,0,43.0
10109696VALERIOJ_2025-01-30_G29,10109696VALERIOJ,2025-01-30,111348,1,12,0,71.0
10109696VALERIOJ_2025-01-30_G30,10109696VALERIOJ,2025-01-30,118223,1,2,0,37.0
10109696VALERIOJ_2025-01-30_G31,10109696VALERIOJ,2025-01-30,"117833, 114100",2,10,22,265.0
10109696VALERIOJ_2025-01-30_G32,10109696VALERIOJ,2025-01-30,109641,1,16,0,147.0
10109696VALERIOJ_2025-01-30_G33,10109696VALERIOJ,2025-01-30,118140,1,60,0,333.0
10109696VALERIOJ_2025-01-30_G34,10109696VALERIOJ,2025-01-30,117831,1,159,0,467.0
10109696VALERIOJ_2025-01-30_G35,10109696VALERIOJ,2025-01-30,108795,1,14,0,393.0
10109696VALERIOJ_2025-01-30_G36,10109696VALERIOJ,2025-01-30,111433,1,1,0,341.0
10109696VALERIOJ_2025-01-30_G37,10109696VALERIOJ,2025-01-30,111743,1,20,0,161.0
10109696VALERIOJ_2025-01-30_G39,10109696VALERIOJ,2025-01-30,111532,1,40,0,1265.0
10109696VALERIOJ_2025-01-30_G40,10109696VALERIOJ,2025-01-30,111532,1,8,0,306.0
10109696VALERIOJ_2025-01-30_G41,10109696VALERIOJ,2025-01-30,118290,1,8,0,165.0
10109696VALERIOJ_2025-01-30_G42,10109696VALERIOJ,2025-01-30,111569,1,4,0,541.0
10109696VALERIOJ_2025-01-30_G43,10109696VALERIOJ,2025-01-30,110339,2,8,7,183.0
10109696VALERIOJ_2025-01-30_G44,10109696VALERIOJ,2025-01-30,111602,2,5,9,125.0
10109696VALERIOJ_2025-01-30_G45,10109696VALERIOJ,2025-01-30,110313,1,4,0,243.0
10109696VALERIOJ_2025-01-30_G46,10109696VALERIOJ,2025-01-30,117935,1,4,0,84.0
10109696VALERIOJ_2025-01-30_G47,10109696VALERIOJ,2025-01-30,117786,2,3,6,302.0
10109696VALERIOJ_2025-01-30_G48,10109696VALERIOJ,2025-01-30,141047,2,4,6,49.0
10109696VALERIOJ_2025-01-30_G49,10109696VALERIOJ,2025-01-30,110515,1,2,0,64.0
10109696VALERIOJ_2025-01-30_G50,10109696VALERIOJ,2025-01-30,117861,1,2,0,732.0
10109696VALERIOJ_2025-01-30_G51,10109696VALERIOJ,2025-01-30,117835,1,2,0,562.0
10109696VALERIOJ_2025-01-30_G52,10109696VALERIOJ,2025-01-30,111438,1,4,0,58.0
10109696VALERIOJ_2025-01-30_G53,10109696VALERIOJ,2025-01-30,118306,1,8,0,344.0
10109696VALERIOJ_2025-01-30_G54,10109696VALERIOJ,2025-01-30,110752,1,1,0,61.0
10109696VALERIOJ_2025-01-30_G55,10109696VALERIOJ,2025-01-30,117935,3,9,14,91.0
10109696VALERIOJ_2025-01-30_G56,10109696VALERIOJ,2025-01-30,111530,1,8,0,102.0
10109696VALERIOJ_2025-01-30_G57,10109696VALERIOJ,2025-01-30,117861,1,4,0,121.0
10109696VALERIOJ_2025-01-30_G58,10109696VALERIOJ,2025-01-30,141047,1,2,0,94.0
10109696VALERIOJ_2025-01-30_G59,10109696VALERIOJ,2025-01-30,117862,1,2,0,124.0
10109696VALERIOJ_2025-01-30_G60,10109696VALERIOJ,2025-01-30,109747,1,3,0,377.0
10109696VALERIOJ_2025-01-30_G61,10109696VALERIOJ,2025-01-30,110374,2,14,9,92.0
10109696VALERIOJ_2025-01-30_G62,10109696VALERIOJ,2025-01-30,110325,1,20,0,100.0
10109696VALERIOJ_2025-01-30_G63,10109696VALERIOJ,2025-01-30,118299,3,50,30,368.0
10109696VALERIOJ_2025-01-30_G64,10109696VALERIOJ,2025-01-30,110373,1,10,0,290.0
10109696VALERIOJ_2025-01-30_G65,10109696VALERIOJ,2025-01-30,117832,1,4,0,93.0
10109696VALERIOJ_2025-01-30_G66,10109696VALERIOJ,2025-01-30,117808,1,10,0,96.0
10109696VALERIOJ_2025-01-30_G67,10109696VALERIOJ,2025-01-30,110375,1,5,0,79.0
10109696VALERIOJ_2025-01-31_G02,10109696VALERIOJ,2025-01-31,117820,1,4,0,435.0
10109696VALERIOJ_2025-01-31_G03,10109696VALERIOJ,2025-01-31,111743,1,8,0,233.0
10109696VALERIOJ_2025-01-31_G04,10109696VALERIOJ,2025-01-31,111532,1,23,0,825.0
10109696VALERIOJ_2025-01-31_G05,10109696VALERIOJ,2025-01-31,111435,1,4,0,131.0
10109696VALERIOJ_2025-01-31_G06,10109696VALERIOJ,2025-01-31,117855,1,2,0,293.0
10109696VALERIOJ_2025-01-31_G07,10109696VALERIOJ,2025-01-31,111602,1,6,0,133.0
10109696VALERIOJ_2025-01-31_G08,10109696VALERIOJ,2025-01-31,111569,1,4,0,1364.0
10109696VALERIOJ_2025-01-31_G09,10109696VALERIOJ,2025-01-31,111532,1,18,0,395.0
10109696VALERIOJ_2025-01-31_G10,10109696VALERIOJ,2025-01-31,111602,1,5,0,1035.0
10109696VALERIOJ_2025-01-31_G11,10109696VALERIOJ,2025-01-31,111466,1,8,0,149.0
10109696VALERIOJ_2025-01-31_G12,10109696VALERIOJ,2025-01-31,111532,1,25,0,594.0
10109696VALERIOJ_2025-01-31_G13,10109696VALERIOJ,2025-01-31,111532,1,28,0,1213.0
10109696VALERIOJ_2025-01-31_G14,10109696VALERIOJ,2025-01-31,110747,1,2,0,611.0
10109696VALERIOJ_2025-01-31_G15,10109696VALERIOJ,2025-01-31,109640,1,4,0,206.0
10109696VALERIOJ_2025-01-31_G16,10109696VALERIOJ,2025-01-31,111532,1,60,0,1228.0
10109696VALERIOJ_2025-01-31_G17,10109696VALERIOJ,2025-01-31,111532,1,40,0,432.0
10109696VALERIOJ_2025-01-31_G18,10109696VALERIOJ,2025-01-31,108711,1,1,0,348.0
10109696VALERIOJ_2025-01-31_G19,10109696VALERIOJ,2025-01-31,111469,1,5,0,59.0
10109696VALERIOJ_2025-01-31_G20,10109696VALERIOJ,2025-01-31,111532,1,25,0,1057.0
10109696VALERIOJ_2025-01-31_G21,10109696VALERIOJ,2025-01-31,118140,1,60,0,441.0
10109696VALERIOJ_2025-01-31_G22,10109696VALERIOJ,2025-01-31,111532,1,40,0,968.0
10109696VALERIOJ_2025-01-31_G23,10109696VALERIOJ,2025-01-31,140922,1,2,0,375.0
10109696VALERIOJ_2025-01-31_G24,10109696VALERIOJ,2025-01-31,111442,1,15,0,128.0
10109696VALERIOJ_2025-01-31_G25,10109696VALERIOJ,2025-01-31,111351,1,4,0,405.0
10109696VALERIOJ_2025-01-31_G26,10109696VALERIOJ,2025-01-31,110753,1,2,0,217.0
10109696VALERIOJ_2025-01-31_G27,10109696VALERIOJ,2025-01-31,110339,1,50,0,387.0
10109696VALERIOJ_2025-01-31_G28,10109696VALERIOJ,2025-01-31,118403,1,42,0,264.0
10109696VALERIOJ_2025-01-31_G29,10109696VALERIOJ,2025-01-31,111439,1,4,0,322.0
10109696VALERIOJ_2025-01-31_G30,10109696VALERIOJ,2025-01-31,109640,1,20,0,182.0
10109696VALERIOJ_2025-01-31_G31,10109696VALERIOJ,2025-01-31,110063,1,2,0,78.0
10109696VALERIOJ_2025-01-31_G32,10109696VALERIOJ,2025-01-31,118094,1,30,0,193.0
10109696VALERIOJ_2025-02-03_G02,10109696VALERIOJ,2025-02-03,122983,1,45,0,187.0
10109696VALERIOJ_2025-02-03_G03,10109696VALERIOJ,2025-02-03,110741,1,2,0,97.0
10109696VALERIOJ_2025-02-03_G04,10109696VALERIOJ,2025-02-03,114647,1,4,0,164.0
10109696VALERIOJ_2025-02-03_G05,10109696VALERIOJ,2025-02-03,123907,1,4,0,124.0
10109696VALERIOJ_2025-02-03_G06,10109696VALERIOJ,2025-02-03,120339,1,7,0,219.0
10109696VALERIOJ_2025-02-07_G02,10109696VALERIOJ,2025-02-07,123080,1,4,0,233.0
10109696VALERIOJ_2025-02-07_G03,10109696VALERIOJ,2025-02-07,180057,1,2,0,50.0
10109696VALERIOJ_2025-02-07_G04,10109696VALERIOJ,2025-02-07,108794,1,1,0,93.0
10109696VALERIOJ_2025-02-07_G05,10109696VALERIOJ,2025-02-07,122986,1,2,0,71.0
10109696VALERIOJ_2025-02-10_G02,10109696VALERIOJ,2025-02-10,122962,1,1,0,2326.0
10109696VALERIOJ_2025-02-10_G03,10109696VALERIOJ,2025-02-10,111437,1,3,0,85.0
10109696VALERIOJ_2025-02-10_G04,10109696VALERIOJ,2025-02-10,123311,1,3,0,2052.0
10109696VALERIOJ_2025-02-11_G02,10109696VALERIOJ,2025-02-11,117786,1,25,0,221.0
10109696VALERIOJ_2025-02-11_G04,10109696VALERIOJ,2025-02-11,117785,1,525,0,1216.0
10109696VALERIOJ_2025-02-11_G05,10109696VALERIOJ,2025-02-11,111602,1,95,0,679.0
10109696VALERIOJ_2025-02-11_G06,10109696VALERIOJ,2025-02-11,117838,1,10,0,729.0
10109696VALERIOJ_2025-02-11_G07,10109696VALERIOJ,2025-02-11,109645,1,3,0,109.0
10109696VALERIOJ_2025-02-11_G08,10109696VALERIOJ,2025-02-11,117787,1,25,0,132.0
10109696VALERIOJ_2025-02-11_G09,10109696VALERIOJ,2025-02-11,117841,1,10,0,144.0
10109696VALERIOJ_2025-02-11_G10,10109696VALERIOJ,2025-02-11,117787,1,25,0,494.0
10109696VALERIOJ_2025-02-11_G11,10109696VALERIOJ,2025-02-11,117822,2,9,8,1026.0
10109696VALERIOJ_2025-02-11_G12,10109696VALERIOJ,2025-02-11,107830,1,20,0,172.0
10109696VALERIOJ_2025-02-11_G13,10109696VALERIOJ,2025-02-11,109643,1,20,0,163.0
10109696VALERIOJ_2025-02-11_G14,10109696VALERIOJ,2025-02-11,117809,1,54,0,490.0
10109696VALERIOJ_2025-02-11_G15,10109696VALERIOJ,2025-02-11,110372,1,300,0,1065.0
10109696VALERIOJ_2025-02-12_G02,10109696VALERIOJ,2025-02-12,108759,1,14,0,328.0
10109696VALERIOJ_2025-02-12_G03,10109696VALERIOJ,2025-02-12,117835,1,10,0,664.0
10109696VALERIOJ_2025-02-12_G04,10109696VALERIOJ,2025-02-12,111850,1,12,0,122.0
10109696VALERIOJ_2025-02-12_G05,10109696VALERIOJ,2025-02-12,117836,1,4,0,200.0
10109696VALERIOJ_2025-02-12_G06,10109696VALERIOJ,2025-02-12,110895,1,23,0,353.0
10109696VALERIOJ_2025-02-12_G07,10109696VALERIOJ,2025-02-12,118222,1,17,0,349.0
10109696VALERIOJ_2025-02-12_G08,10109696VALERIOJ,2025-02-12,118299,1,40,0,1145.0
10109696VALERIOJ_2025-02-12_G09,10109696VALERIOJ,2025-02-12,110373,1,70,0,814.0
10109696VALERIOJ_2025-02-12_G10,10109696VALERIOJ,2025-02-12,110372,1,140,0,1282.0
10109696VALERIOJ_2025-02-12_G11,10109696VALERIOJ,2025-02-12,110374,2,40,11,612.0
10109696VALERIOJ_2025-02-12_G12,10109696VALERIOJ,2025-02-12,117840,1,6,0,302.0
10109696VALERIOJ_2025-02-12_G13,10109696VALERIOJ,2025-02-12,117832,1,20,0,535.0
10109696VALERIOJ_2025-02-12_G14,10109696VALERIOJ,2025-02-12,109643,1,21,0,280.0
10109696VALERIOJ_2025-02-12_G15,10109696VALERIOJ,2025-02-12,117809,1,50,0,1529.0
10109696VALERIOJ_2025-02-12_G16,10109696VALERIOJ,2025-02-12,117820,1,50,0,1752.0
10109696VALERIOJ_2025-02-12_G17,10109696VALERIOJ,2025-02-12,111462,1,4,0,1072.0
10109696VALERIOJ_2025-02-12_G18,10109696VALERIOJ,2025-02-12,111602,1,12,0,336.0
10109696VALERIOJ_2025-02-12_G19,10109696VALERIOJ,2025-02-12,111466,1,18,0,55.0
10109696VALERIOJ_2025-02-12_G20,10109696VALERIOJ,2025-02-12,118004,1,15,0,800.0
10109696VALERIOJ_2025-02-12_G21,10109696VALERIOJ,2025-02-12,110740,1,8,0,330.0
10109696VALERIOJ_2025-02-12_G22,10109696VALERIOJ,2025-02-12,107830,1,4,0,65.0
10109696VALERIOJ_2025-02-12_G23,10109696VALERIOJ,2025-02-12,140922,1,6,0,311.0
10109696VALERIOJ_2025-02-12_G24,10109696VALERIOJ,2025-02-12,117837,1,2,0,264.0
10109696VALERIOJ_2025-02-12_G25,10109696VALERIOJ,2025-02-12,117855,1,5,0,99.0
10109696VALERIOJ_2025-02-12_G26,10109696VALERIOJ,2025-02-12,117837,1,2,0,519.0
10109696VALERIOJ_2025-02-12_G27,10109696VALERIOJ,2025-02-12,110373,1,6,0,3547.0
10109696VALERIOJ_2025-02-12_G28,10109696VALERIOJ,2025-02-12,110374,1,8,0,189.0
10109696VALERIOJ_2025-02-12_G29,10109696VALERIOJ,2025-02-12,118222,1,30,0,554.0
10109696VALERIOJ_2025-02-12_G30,10109696VALERIOJ,2025-02-12,117835,1,26,0,631.0
10109696VALERIOJ_2025-02-12_G31,10109696VALERIOJ,2025-02-12,117834,1,8,0,97.0
10109696VALERIOJ_2025-02-12_G32,10109696VALERIOJ,2025-02-12,110895,1,4,0,190.0
10109696VALERIOJ_2025-02-12_G33,10109696VALERIOJ,2025-02-12,117837,1,4,0,102.0
10109696VALERIOJ_2025-02-12_G34,10109696VALERIOJ,2025-02-12,118094,1,7,0,117.0
10109696VALERIOJ_2025-02-12_G35,10109696VALERIOJ,2025-02-12,117786,2,8,15,138.0
10109696VALERIOJ_2025-02-12_G36,10109696VALERIOJ,2025-02-12,109640,1,12,0,962.0
10109696VALERIOJ_2025-02-12_G37,10109696VALERIOJ,2025-02-12,111467,1,8,0,134.0
10109696VALERIOJ_2025-02-12_G38,10109696VALERIOJ,2025-02-12,117862,1,12,0,89.0
10109696VALERIOJ_2025-02-12_G39,10109696VALERIOJ,2025-02-12,111439,1,8,0,336.0
10109696VALERIOJ_2025-02-12_G40,10109696VALERIOJ,2025-02-12,111469,1,60,0,832.0
10109696VALERIOJ_2025-02-12_G41,10109696VALERIOJ,2025-02-12,111172,1,20,0,303.0
10109696VALERIOJ_2025-02-12_G42,10109696VALERIOJ,2025-02-12,107236,1,8,0,292.0
10109696VALERIOJ_2025-02-12_G43,10109696VALERIOJ,2025-02-12,117787,1,12,0,268.0
10109696VALERIOJ_2025-02-12_G44,10109696VALERIOJ,2025-02-12,111462,1,50,0,164.0
10109696VALERIOJ_2025-02-12_G45,10109696VALERIOJ,2025-02-12,111465,1,15,0,442.0
10109696VALERIOJ_2025-02-12_G46,10109696VALERIOJ,2025-02-12,111172,1,21,0,332.0
10109696VALERIOJ_2025-02-12_G47,10109696VALERIOJ,2025-02-12,111467,1,4,0,458.0
10109696VALERIOJ_2025-02-12_G48,10109696VALERIOJ,2025-02-12,118094,1,21,0,204.0
10109696VALERIOJ_2025-02-12_G49,10109696VALERIOJ,2025-02-12,110711,1,7,0,279.0
10109696VALERIOJ_2025-02-12_G50,10109696VALERIOJ,2025-02-12,107629,1,8,0,74.0
10109696VALERIOJ_2025-02-12_G51,10109696VALERIOJ,2025-02-12,107830,1,10,0,583.0
10109696VALERIOJ_2025-02-12_G52,10109696VALERIOJ,2025-02-12,118299,1,70,0,591.0
10109696VALERIOJ_2025-02-12_G53,10109696VALERIOJ,2025-02-12,110374,1,11,0,830.0
10109696VALERIOJ_2025-02-12_G54,10109696VALERIOJ,2025-02-12,107830,1,6,0,98.0
10109696VALERIOJ_2025-02-12_G55,10109696VALERIOJ,2025-02-12,117820,1,20,0,146.0
10109696VALERIOJ_2025-02-13_G02,10109696VALERIOJ,2025-02-13,110711,1,1,0,159.0
10109696VALERIOJ_2025-02-13_G03,10109696VALERIOJ,2025-02-13,110787,1,12,0,116.0
10109696VALERIOJ_2025-02-13_G04,10109696VALERIOJ,2025-02-13,108711,1,28,0,196.0
10109696VALERIOJ_2025-02-13_G05,10109696VALERIOJ,2025-02-13,110373,1,20,0,621.0
10109696VALERIOJ_2025-02-13_G06,10109696VALERIOJ,2025-02-13,110325,1,2,0,155.0
10109696VALERIOJ_2025-02-13_G07,10109696VALERIOJ,2025-02-13,117820,1,12,0,846.0
10109696VALERIOJ_2025-02-13_G08,10109696VALERIOJ,2025-02-13,117837,1,10,0,1013.0
10109696VALERIOJ_2025-02-13_G09,10109696VALERIOJ,2025-02-13,140922,1,6,0,278.0
10109696VALERIOJ_2025-02-13_G10,10109696VALERIOJ,2025-02-13,117832,1,10,0,135.0
10109696VALERIOJ_2025-02-13_G11,10109696VALERIOJ,2025-02-13,118290,1,5,0,169.0
10109696VALERIOJ_2025-02-13_G12,10109696VALERIOJ,2025-02-13,116527,1,1,0,193.0
10109696VALERIOJ_2025-02-13_G13,10109696VALERIOJ,2025-02-13,111602,1,15,0,104.0
10109696VALERIOJ_2025-02-13_G14,10109696VALERIOJ,2025-02-13,109640,1,4,0,200.0
10109696VALERIOJ_2025-02-13_G15,10109696VALERIOJ,2025-02-13,111530,1,15,0,398.0
10109696VALERIOJ_2025-02-13_G16,10109696VALERIOJ,2025-02-13,107629,1,3,0,292.0
10109696VALERIOJ_2025-02-13_G17,10109696VALERIOJ,2025-02-13,140922,1,2,0,100.0
10109696VALERIOJ_2025-02-13_G18,10109696VALERIOJ,2025-02-13,118140,1,6,0,130.0
10109696VALERIOJ_2025-02-13_G19,10109696VALERIOJ,2025-02-13,117820,2,94,18,140.0
10109696VALERIOJ_2025-02-13_G20,10109696VALERIOJ,2025-02-13,117809,1,12,0,1194.0
10109696VALERIOJ_2025-02-13_G21,10109696VALERIOJ,2025-02-13,117820,1,25,0,154.0
10109696VALERIOJ_2025-02-13_G22,10109696VALERIOJ,2025-02-13,109747,1,20,0,261.0
10109696VALERIOJ_2025-02-13_G23,10109696VALERIOJ,2025-02-13,110841,1,2,0,1920.0
10109696VALERIOJ_2025-02-13_G24,10109696VALERIOJ,2025-02-13,108759,1,4,0,256.0
10109696VALERIOJ_2025-02-13_G25,10109696VALERIOJ,2025-02-13,118403,1,5,0,40.0
10109696VALERIOJ_2025-02-13_G26,10109696VALERIOJ,2025-02-13,117837,1,38,0,306.0
10109696VALERIOJ_2025-02-13_G27,10109696VALERIOJ,2025-02-13,117837,1,15,0,67.0
10109696VALERIOJ_2025-02-13_G28,10109696VALERIOJ,2025-02-13,111467,1,12,0,685.0
10109696VALERIOJ_2025-02-13_G29,10109696VALERIOJ,2025-02-13,110752,1,8,0,123.0
10109696VALERIOJ_2025-02-13_G30,10109696VALERIOJ,2025-02-13,109647,1,2,0,153.0
10109696VALERIOJ_2025-02-13_G31,10109696VALERIOJ,2025-02-13,141047,1,8,0,87.0
10109696VALERIOJ_2025-02-13_G32,10109696VALERIOJ,2025-02-13,117788,1,14,0,246.0
10109696VALERIOJ_2025-02-13_G33,10109696VALERIOJ,2025-02-13,117862,1,12,0,254.0
10109696VALERIOJ_2025-02-13_G34,10109696VALERIOJ,2025-02-13,111466,1,30,0,118.0
10109696VALERIOJ_2025-02-13_G35,10109696VALERIOJ,2025-02-13,111172,1,4,0,193.0
10109696VALERIOJ_2025-02-13_G36,10109696VALERIOJ,2025-02-13,110740,1,12,0,444.0
10109696VALERIOJ_2025-02-13_G37,10109696VALERIOJ,2025-02-13,110129,1,5,0,154.0
10109696VALERIOJ_2025-02-13_G38,10109696VALERIOJ,2025-02-13,117787,1,13,0,333.0
10109696VALERIOJ_2025-02-13_G40,10109696VALERIOJ,2025-02-13,107254,1,6,0,292.0
10109696VALERIOJ_2025-02-13_G41,10109696VALERIOJ,2025-02-13,118283,1,230,0,1051.0
10109696VALERIOJ_2025-02-13_G42,10109696VALERIOJ,2025-02-13,114097,1,90,0,508.0
10109696VALERIOJ_2025-02-13_G43,10109696VALERIOJ,2025-02-13,117837,1,55,0,333.0
10109696VALERIOJ_2025-02-13_G44,10109696VALERIOJ,2025-02-13,116611,1,2,0,586.0
10109696VALERIOJ_2025-02-13_G45,10109696VALERIOJ,2025-02-13,110581,1,10,0,209.0
10109696VALERIOJ_2025-02-13_G46,10109696VALERIOJ,2025-02-13,110756,1,4,0,733.0
10109696VALERIOJ_2025-02-13_G47,10109696VALERIOJ,2025-02-13,111598,1,3,0,2245.0
10109696VALERIOJ_2025-02-13_G48,10109696VALERIOJ,2025-02-13,109640,1,5,0,276.0
10109696VALERIOJ_2025-02-13_G49,10109696VALERIOJ,2025-02-13,111467,1,1,0,151.0
10109696VALERIOJ_2025-02-13_G50,10109696VALERIOJ,2025-02-13,110339,1,4,0,298.0
10109696VALERIOJ_2025-02-13_G51,10109696VALERIOJ,2025-02-13,110515,1,1,0,163.0
10109696VALERIOJ_2025-02-13_G52,10109696VALERIOJ,2025-02-13,110711,1,5,0,129.0
10109696VALERIOJ_2025-02-13_G53,10109696VALERIOJ,2025-02-13,111468,1,1,0,105.0
10109696VALERIOJ_2025-02-13_G54,10109696VALERIOJ,2025-02-13,118140,1,3,0,241.0
10109696VALERIOJ_2025-02-13_G55,10109696VALERIOJ,2025-02-13,111462,1,3,0,108.0
10109696VALERIOJ_2025-02-13_G56,10109696VALERIOJ,2025-02-13,110374,1,4,0,323.0
10109696VALERIOJ_2025-02-13_G57,10109696VALERIOJ,2025-02-13,117832,1,3,0,114.0
10109696VALERIOJ_2025-02-13_G58,10109696VALERIOJ,2025-02-13,109643,1,1,0,86.0
10109696VALERIOJ_2025-02-13_G59,10109696VALERIOJ,2025-02-13,117820,1,5,0,223.0
10109696VALERIOJ_2025-02-13_G60,10109696VALERIOJ,2025-02-13,110373,1,8,0,1491.0
10109696VALERIOJ_2025-02-13_G61,10109696VALERIOJ,2025-02-13,110325,1,4,0,137.0
10109696VALERIOJ_2025-02-13_G62,10109696VALERIOJ,2025-02-13,160051,1,6,0,353.0
10109696VALERIOJ_2025-02-13_G63,10109696VALERIOJ,2025-02-13,110515,1,4,0,233.0
10109696VALERIOJ_2025-02-14_G02,10109696VALERIOJ,2025-02-14,109937,1,6,0,147.0
10109696VALERIOJ_2025-02-14_G03,10109696VALERIOJ,2025-02-14,111569,1,2,0,177.0
10109696VALERIOJ_2025-02-14_G04,10109696VALERIOJ,2025-02-14,111351,1,1,0,131.0
10109696VALERIOJ_2025-02-14_G05,10109696VALERIOJ,2025-02-14,111467,1,4,0,64.0
10109696VALERIOJ_2025-02-14_G06,10109696VALERIOJ,2025-02-14,110339,1,6,0,154.0
10109696VALERIOJ_2025-02-14_G07,10109696VALERIOJ,2025-02-14,111530,1,6,0,97.0
10109696VALERIOJ_2025-02-14_G08,10109696VALERIOJ,2025-02-14,107629,1,8,0,240.0
10109696VALERIOJ_2025-02-14_G09,10109696VALERIOJ,2025-02-14,118299,1,14,0,105.0
10109696VALERIOJ_2025-02-14_G10,10109696VALERIOJ,2025-02-14,110373,1,30,0,538.0
10109696VALERIOJ_2025-02-14_G11,10109696VALERIOJ,2025-02-14,107830,1,2,0,303.0
10109696VALERIOJ_2025-02-14_G12,10109696VALERIOJ,2025-02-14,117820,1,30,0,135.0
10109696VALERIOJ_2025-02-14_G13,10109696VALERIOJ,2025-02-14,110374,1,40,0,802.0
10109696VALERIOJ_2025-02-14_G14,10109696VALERIOJ,2025-02-14,110325,1,30,0,38.0
10109696VALERIOJ_2025-02-14_G15,10109696VALERIOJ,2025-02-14,110373,1,50,0,1117.0
10109696VALERIOJ_2025-02-14_G16,10109696VALERIOJ,2025-02-14,110325,1,30,0,581.0
10109696VALERIOJ_2025-02-14_G17,10109696VALERIOJ,2025-02-14,110372,1,59,0,888.0
10109696VALERIOJ_2025-02-14_G18,10109696VALERIOJ,2025-02-14,117820,1,40,0,760.0
10109696VALERIOJ_2025-02-14_G19,10109696VALERIOJ,2025-02-14,110374,1,50,0,816.0
10109696VALERIOJ_2025-02-14_G20,10109696VALERIOJ,2025-02-14,117808,1,169,0,1272.0
10109696VALERIOJ_2025-02-14_G21,10109696VALERIOJ,2025-02-14,118299,1,20,0,380.0
10109696VALERIOJ_2025-02-14_G22,10109696VALERIOJ,2025-02-14,110372,1,43,0,812.0
10109696VALERIOJ_2025-02-14_G23,10109696VALERIOJ,2025-02-14,107830,1,4,0,304.0
10109696VALERIOJ_2025-02-14_G24,10109696VALERIOJ,2025-02-14,117820,1,2,0,53.0
10109696VALERIOJ_2025-02-14_G25,10109696VALERIOJ,2025-02-14,110374,1,40,0,603.0
10109696VALERIOJ_2025-02-14_G26,10109696VALERIOJ,2025-02-14,118140,1,8,0,917.0
10109696VALERIOJ_2025-02-14_G27,10109696VALERIOJ,2025-02-14,118140,1,4,0,104.0
10109696VALERIOJ_2025-02-14_G28,10109696VALERIOJ,2025-02-14,118140,1,7,0,82.0
10109696VALERIOJ_2025-02-14_G29,10109696VALERIOJ,2025-02-14,118004,1,3,0,1022.0
10109696VALERIOJ_2025-02-14_G30,10109696VALERIOJ,2025-02-14,"107236, 110740",2,11,11,49.0
10109696VALERIOJ_2025-02-14_G31,10109696VALERIOJ,2025-02-14,110787,1,9,0,119.0
10109696VALERIOJ_2025-02-14_G32,10109696VALERIOJ,2025-02-14,111743,1,1,0,184.0
10109696VALERIOJ_2025-02-14_G33,10109696VALERIOJ,2025-02-14,101228,1,20,0,158.0
10109696VALERIOJ_2025-02-14_G34,10109696VALERIOJ,2025-02-14,118140,2,21,9,293.0
10109696VALERIOJ_2025-02-14_G35,10109696VALERIOJ,2025-02-14,118223,1,2,0,227.0
10109696VALERIOJ_2025-02-14_G36,10109696VALERIOJ,2025-02-14,117821,1,6,0,91.0
10109696VALERIOJ_2025-02-14_G37,10109696VALERIOJ,2025-02-14,111465,1,4,0,239.0
10109696VALERIOJ_2025-02-14_G38,10109696VALERIOJ,2025-02-14,108711,1,6,0,341.0
10109696VALERIOJ_2025-02-14_G39,10109696VALERIOJ,2025-02-14,111438,1,2,0,349.0
10109696VALERIOJ_2025-02-14_G40,10109696VALERIOJ,2025-02-14,109640,1,3,0,170.0
10109696VALERIOJ_2025-02-14_G41,10109696VALERIOJ,2025-02-14,110515,1,2,0,90.0
10109696VALERIOJ_2025-02-14_G43,10109696VALERIOJ,2025-02-14,108711,1,8,0,149.0
10109696VALERIOJ_2025-02-14_G44,10109696VALERIOJ,2025-02-14,118140,1,13,0,776.0
10109696VALERIOJ_2025-02-14_G45,10109696VALERIOJ,2025-02-14,109643,1,9,0,381.0
10109696VALERIOJ_2025-02-14_G46,10109696VALERIOJ,2025-02-14,110325,1,2,0,157.0
10109696VALERIOJ_2025-02-14_G47,10109696VALERIOJ,2025-02-14,117820,1,9,0,109.0
10109696VALERIOJ_2025-02-14_G48,10109696VALERIOJ,2025-02-14,111438,1,4,0,263.0
10109696VALERIOJ_2025-02-14_G49,10109696VALERIOJ,2025-02-14,"117837, 110515",2,3,22,76.0
10109696VALERIOJ_2025-02-14_G50,10109696VALERIOJ,2025-02-14,108759,2,5,22,1371.0
10109696VALERIOJ_2025-02-14_G51,10109696VALERIOJ,2025-02-14,118222,1,40,0,700.0
10109696VALERIOJ_2025-02-14_G52,10109696VALERIOJ,2025-02-14,111850,1,3,0,317.0
10109696VALERIOJ_2025-02-14_G53,10109696VALERIOJ,2025-02-14,111850,1,5,0,36.0
10109696VALERIOJ_2025-02-14_G54,10109696VALERIOJ,2025-02-14,111438,1,4,0,98.0
10109696VALERIOJ_2025-02-14_G55,10109696VALERIOJ,2025-02-14,111569,1,6,0,305.0
10109696VALERIOJ_2025-02-14_G56,10109696VALERIOJ,2025-02-14,110747,1,5,0,1380.0
10109696VALERIOJ_2025-02-14_G57,10109696VALERIOJ,2025-02-14,160057,1,3,0,57.0
10109696VALERIOJ_2025-02-14_G58,10109696VALERIOJ,2025-02-14,110623,1,1,0,97.0
10109696VALERIOJ_2025-02-14_G59,10109696VALERIOJ,2025-02-14,118299,2,41,25,773.0
10109696VALERIOJ_2025-02-14_G60,10109696VALERIOJ,2025-02-14,110372,1,30,0,415.0
10109696VALERIOJ_2025-02-15_G02,10109696VALERIOJ,2025-02-15,111438,1,3,0,110.0
10109696VALERIOJ_2025-02-15_G03,10109696VALERIOJ,2025-02-15,111569,1,12,0,102.0
10109696VALERIOJ_2025-02-15_G04,10109696VALERIOJ,2025-02-15,111351,1,4,0,519.0
10109696VALERIOJ_2025-02-15_G05,10109696VALERIOJ,2025-02-15,111602,1,4,0,259.0
10109696VALERIOJ_2025-02-15_G06,10109696VALERIOJ,2025-02-15,117855,1,4,0,96.0
10109696VALERIOJ_2025-02-15_G07,10109696VALERIOJ,2025-02-15,117861,1,8,0,242.0
10109696VALERIOJ_2025-02-15_G08,10109696VALERIOJ,2025-02-15,110750,1,4,0,77.0
10109696VALERIOJ_2025-02-15_G09,10109696VALERIOJ,2025-02-15,110515,1,8,0,185.0
10109696VALERIOJ_2025-02-15_G10,10109696VALERIOJ,2025-02-15,111467,1,10,0,276.0
10109696VALERIOJ_2025-02-15_G11,10109696VALERIOJ,2025-02-15,141047,1,12,0,148.0
10109696VALERIOJ_2025-02-15_G12,10109696VALERIOJ,2025-02-15,111439,1,20,0,874.0
10109696VALERIOJ_2025-02-15_G13,10109696VALERIOJ,2025-02-15,118299,2,22,11,607.0
10109696VALERIOJ_2025-02-15_G14,10109696VALERIOJ,2025-02-15,110372,2,30,11,196.0
10109696VALERIOJ_2025-02-15_G15,10109696VALERIOJ,2025-02-15,110373,2,20,15,338.0
10109696VALERIOJ_2025-02-15_G16,10109696VALERIOJ,2025-02-15,110325,2,12,6,162.0
10109696VALERIOJ_2025-02-15_G17,10109696VALERIOJ,2025-02-15,110374,2,13,8,114.0
10109696VALERIOJ_2025-02-15_G18,10109696VALERIOJ,2025-02-15,107830,1,2,0,141.0
10109696VALERIOJ_2025-02-15_G19,10109696VALERIOJ,2025-02-15,110375,1,4,0,131.0
10109696VALERIOJ_2025-02-15_G20,10109696VALERIOJ,2025-02-15,117808,2,30,12,56.0
10109696VALERIOJ_2025-02-15_G21,10109696VALERIOJ,2025-02-15,"109747, 117809",2,5,6,77.0
10109696VALERIOJ_2025-02-15_G22,10109696VALERIOJ,2025-02-15,117820,2,26,22,160.0
10109696VALERIOJ_2025-02-15_G23,10109696VALERIOJ,2025-02-15,110371,2,60,11,2361.0
10109696VALERIOJ_2025-02-15_G24,10109696VALERIOJ,2025-02-15,111462,1,20,0,673.0
10109696VALERIOJ_2025-02-15_G25,10109696VALERIOJ,2025-02-15,111465,2,8,7,139.0
10109696VALERIOJ_2025-02-15_G26,10109696VALERIOJ,2025-02-15,111418,1,40,0,425.0
10109696VALERIOJ_2025-02-15_G27,10109696VALERIOJ,2025-02-15,116241,1,2,0,396.0
10109696VALERIOJ_2025-02-15_G28,10109696VALERIOJ,2025-02-15,117787,1,4,0,174.0
10109696VALERIOJ_2025-02-15_G29,10109696VALERIOJ,2025-02-15,111431,2,3,7,173.0
10109696VALERIOJ_2025-02-15_G30,10109696VALERIOJ,2025-02-15,"117831, 111418",3,11,33,51.0
10109696VALERIOJ_2025-02-15_G31,10109696VALERIOJ,2025-02-15,111466,1,20,0,328.0
10109696VALERIOJ_2025-02-15_G32,10109696VALERIOJ,2025-02-15,111442,1,4,0,301.0
10109696VALERIOJ_2025-02-15_G33,10109696VALERIOJ,2025-02-15,110740,1,1,0,49.0
10109696VALERIOJ_2025-02-15_G34,10109696VALERIOJ,2025-02-15,118140,1,6,0,149.0
10109696VALERIOJ_2025-02-15_G35,10109696VALERIOJ,2025-02-15,110787,1,16,0,200.0
10109696VALERIOJ_2025-02-15_G36,10109696VALERIOJ,2025-02-15,117821,1,2,0,211.0
10109696VALERIOJ_2025-02-15_G37,10109696VALERIOJ,2025-02-15,"111462, 111465",2,22,19,45.0
10109696VALERIOJ_2025-02-15_G39,10109696VALERIOJ,2025-02-15,111532,1,8,0,296.0
10109696VALERIOJ_2025-02-15_G40,10109696VALERIOJ,2025-02-15,111466,1,8,0,61.0
10109696VALERIOJ_2025-02-15_G41,10109696VALERIOJ,2025-02-15,111468,1,3,0,233.0
10109696VALERIOJ_2025-02-15_G42,10109696VALERIOJ,2025-02-15,118299,1,12,0,145.0
10109696VALERIOJ_2025-02-15_G43,10109696VALERIOJ,2025-02-15,109643,1,2,0,186.0
10109696VALERIOJ_2025-02-15_G44,10109696VALERIOJ,2025-02-15,111602,1,3,0,409.0
10109696VALERIOJ_2025-02-15_G45,10109696VALERIOJ,2025-02-15,110515,1,4,0,263.0
10109696VALERIOJ_2025-02-15_G46,10109696VALERIOJ,2025-02-15,111466,1,4,0,110.0
10109696VALERIOJ_2025-02-15_G47,10109696VALERIOJ,2025-02-15,118140,1,3,0,132.0
10109696VALERIOJ_2025-02-15_G48,10109696VALERIOJ,2025-02-15,111462,1,3,0,103.0
10109696VALERIOJ_2025-02-15_G49,10109696VALERIOJ,2025-02-15,118299,1,7,0,169.0
10109696VALERIOJ_2025-02-15_G50,10109696VALERIOJ,2025-02-15,110373,1,3,0,98.0
10109696VALERIOJ_2025-02-15_G51,10109696VALERIOJ,2025-02-15,110372,1,5,0,47.0
10109696VALERIOJ_2025-02-15_G52,10109696VALERIOJ,2025-02-15,110371,1,2,0,72.0
10109696VALERIOJ_2025-02-15_G53,10109696VALERIOJ,2025-02-15,117808,1,7,0,86.0
10109696VALERIOJ_2025-02-15_G54,10109696VALERIOJ,2025-02-15,117820,1,2,0,97.0
10109696VALERIOJ_2025-02-15_G55,10109696VALERIOJ,2025-02-15,111442,1,4,0,409.0
10109696VALERIOJ_2025-02-15_G56,10109696VALERIOJ,2025-02-15,117785,1,2,0,119.0
10109696VALERIOJ_2025-02-15_G57,10109696VALERIOJ,2025-02-15,118299,1,4,0,239.0
10109696VALERIOJ_2025-02-15_G58,10109696VALERIOJ,2025-02-15,117808,1,8,0,170.0
10109696VALERIOJ_2025-02-15_G59,10109696VALERIOJ,2025-02-15,118299,1,6,0,84.0
10109696VALERIOJ_2025-02-15_G60,10109696VALERIOJ,2025-02-15,111602,1,7,0,504.0
10109696VALERIOJ_2025-02-15_G61,10109696VALERIOJ,2025-02-15,118140,1,6,0,310.0
10109696VALERIOJ_2025-02-15_G62,10109696VALERIOJ,2025-02-15,118299,1,8,0,721.0
10109696VALERIOJ_2025-02-15_G63,10109696VALERIOJ,2025-02-15,117808,1,20,0,217.0
10109696VALERIOJ_2025-02-17_G02,10109696VALERIOJ,2025-02-17,111469,1,4,0,180.0
10109696VALERIOJ_2025-02-17_G03,10109696VALERIOJ,2025-02-17,111469,1,2,0,184.0
10109696VALERIOJ_2025-02-17_G04,10109696VALERIOJ,2025-02-17,109937,1,4,0,236.0
10109696VALERIOJ_2025-02-17_G05,10109696VALERIOJ,2025-02-17,110339,1,2,0,322.0
10109696VALERIOJ_2025-02-17_G06,10109696VALERIOJ,2025-02-17,111441,1,3,0,348.0
10109696VALERIOJ_2025-02-17_G07,10109696VALERIOJ,2025-02-17,111469,1,4,0,667.0
10109696VALERIOJ_2025-02-17_G08,10109696VALERIOJ,2025-02-17,111469,1,2,0,48.0
10109696VALERIOJ_2025-02-17_G09,10109696VALERIOJ,2025-02-17,110747,2,4,5,607.0
10109696VALERIOJ_2025-02-17_G10,10109696VALERIOJ,2025-02-17,111441,1,4,0,285.0
10109696VALERIOJ_2025-02-17_G11,10109696VALERIOJ,2025-02-17,110515,1,4,0,89.0
10109696VALERIOJ_2025-02-17_G12,10109696VALERIOJ,2025-02-17,111530,1,11,0,185.0
10109696VALERIOJ_2025-02-17_G13,10109696VALERIOJ,2025-02-17,111469,3,12,38,373.0
10109696VALERIOJ_2025-02-17_G14,10109696VALERIOJ,2025-02-17,117785,1,30,0,346.0
10109696VALERIOJ_2025-02-17_G15,10109696VALERIOJ,2025-02-17,111465,1,2,0,302.0
10109696VALERIOJ_2025-02-17_G16,10109696VALERIOJ,2025-02-17,117808,1,178,0,671.0
10109696VALERIOJ_2025-02-17_G17,10109696VALERIOJ,2025-02-17,"111469, 111441",2,8,16,655.0
10109696VALERIOJ_2025-02-17_G20,10109696VALERIOJ,2025-02-17,111532,1,130,0,922.0
10109696VALERIOJ_2025-02-17_G21,10109696VALERIOJ,2025-02-17,111466,1,175,0,638.0
10109696VALERIOJ_2025-02-17_G22,10109696VALERIOJ,2025-02-17,140922,1,230,0,591.0
10109696VALERIOJ_2025-02-17_G23,10109696VALERIOJ,2025-02-17,110756,1,6,0,1575.0
10109696VALERIOJ_2025-02-17_G24,10109696VALERIOJ,2025-02-17,141035,1,8,0,279.0
10109696VALERIOJ_2025-02-17_G25,10109696VALERIOJ,2025-02-17,117837,1,15,0,93.0
10109696VALERIOJ_2025-02-17_G26,10109696VALERIOJ,2025-02-17,117786,1,19,0,520.0
10109696VALERIOJ_2025-02-17_G27,10109696VALERIOJ,2025-02-17,118403,1,10,0,298.0
10109696VALERIOJ_2025-02-17_G28,10109696VALERIOJ,2025-02-17,111650,1,4,0,214.0
10109696VALERIOJ_2025-02-17_G29,10109696VALERIOJ,2025-02-17,117855,1,60,0,936.0
10109696VALERIOJ_2025-02-17_G30,10109696VALERIOJ,2025-02-17,116611,1,2,0,802.0
10109696VALERIOJ_2025-02-17_G31,10109696VALERIOJ,2025-02-17,110373,2,60,15,63.0
10109696VALERIOJ_2025-02-17_G32,10109696VALERIOJ,2025-02-17,110372,1,150,0,1155.0
10109696VALERIOJ_2025-02-18_G02,10109696VALERIOJ,2025-02-18,109647,1,4,0,1441.0
10109696VALERIOJ_2025-02-19_G02,10109696VALERIOJ,2025-02-19,118140,1,40,0,182.0
10109696VALERIOJ_2025-02-19_G03,10109696VALERIOJ,2025-02-19,110129,1,8,0,446.0
10109696VALERIOJ_2025-02-19_G04,10109696VALERIOJ,2025-02-19,110787,1,11,0,126.0
10109696VALERIOJ_2025-02-19_G05,10109696VALERIOJ,2025-02-19,111466,1,20,0,442.0
10109696VALERIOJ_2025-02-19_G06,10109696VALERIOJ,2025-02-19,111469,1,40,0,169.0
10109696VALERIOJ_2025-02-19_G07,10109696VALERIOJ,2025-02-19,111465,1,12,0,344.0
10109696VALERIOJ_2025-02-19_G08,10109696VALERIOJ,2025-02-19,110374,1,30,0,299.0
10109696VALERIOJ_2025-02-19_G09,10109696VALERIOJ,2025-02-19,109643,1,5,0,416.0
10109696VALERIOJ_2025-02-19_G10,10109696VALERIOJ,2025-02-19,117832,1,58,0,324.0
10109696VALERIOJ_2025-02-19_G11,10109696VALERIOJ,2025-02-19,110375,1,6,0,31.0
10109696VALERIOJ_2025-02-19_G12,10109696VALERIOJ,2025-02-19,117820,1,100,0,778.0
10109696VALERIOJ_2025-02-19_G13,10109696VALERIOJ,2025-02-19,110580,1,1,0,1680.0
10109696VALERIOJ_2025-02-19_G14,10109696VALERIOJ,2025-02-19,111602,1,12,0,142.0
10109696VALERIOJ_2025-02-19_G15,10109696VALERIOJ,2025-02-19,111876,1,1,0,208.0
10109696VALERIOJ_2025-02-19_G16,10109696VALERIOJ,2025-02-19,110515,1,30,0,864.0
10109696VALERIOJ_2025-02-19_G17,10109696VALERIOJ,2025-02-19,141047,1,10,0,365.0
10109696VALERIOJ_2025-02-19_G18,10109696VALERIOJ,2025-02-19,110372,1,140,0,759.0
10109696VALERIOJ_2025-02-19_G19,10109696VALERIOJ,2025-02-19,110325,1,12,0,241.0
10109696VALERIOJ_2025-02-19_G20,10109696VALERIOJ,2025-02-19,110374,1,25,0,116.0
10109696VALERIOJ_2025-02-19_G21,10109696VALERIOJ,2025-02-19,107830,1,25,0,301.0
10109696VALERIOJ_2025-02-19_G22,10109696VALERIOJ,2025-02-19,109643,1,15,0,193.0
10109696VALERIOJ_2025-02-19_G23,10109696VALERIOJ,2025-02-19,117832,1,20,0,437.0
10109696VALERIOJ_2025-02-19_G24,10109696VALERIOJ,2025-02-19,110375,1,14,0,578.0
10109696VALERIOJ_2025-02-19_G25,10109696VALERIOJ,2025-02-19,109747,1,10,0,324.0
10109696VALERIOJ_2025-02-19_G26,10109696VALERIOJ,2025-02-19,117820,1,70,0,404.0
10109696VALERIOJ_2025-02-20_G02,10109696VALERIOJ,2025-02-20,108759,1,4,0,245.0
10109696VALERIOJ_2025-02-20_G03,10109696VALERIOJ,2025-02-20,111436,1,4,0,80.0
10109696VALERIOJ_2025-02-20_G04,10109696VALERIOJ,2025-02-20,109933,1,4,0,209.0
10109696VALERIOJ_2025-02-20_G05,10109696VALERIOJ,2025-02-20,109937,1,4,0,123.0
10109696VALERIOJ_2025-02-20_G06,10109696VALERIOJ,2025-02-20,111438,1,4,0,104.0
10109696VALERIOJ_2025-02-20_G07,10109696VALERIOJ,2025-02-20,111569,1,4,0,406.0
10109696VALERIOJ_2025-02-20_G08,10109696VALERIOJ,2025-02-20,118306,1,4,0,123.0
10109696VALERIOJ_2025-02-20_G09,10109696VALERIOJ,2025-02-20,111441,1,4,0,51.0
10109696VALERIOJ_2025-02-20_G10,10109696VALERIOJ,2025-02-20,117835,1,8,0,250.0
10109696VALERIOJ_2025-02-20_G11,10109696VALERIOJ,2025-02-20,110895,1,16,0,384.0
10109696VALERIOJ_2025-02-20_G12,10109696VALERIOJ,2025-02-20,100334,1,16,0,807.0
10109696VALERIOJ_2025-02-20_G13,10109696VALERIOJ,2025-02-20,108794,1,12,0,425.0
10109696VALERIOJ_2025-02-20_G14,10109696VALERIOJ,2025-02-20,111443,1,8,0,133.0
10109696VALERIOJ_2025-02-20_G15,10109696VALERIOJ,2025-02-20,117787,1,4,0,271.0
10109696VALERIOJ_2025-02-20_G16,10109696VALERIOJ,2025-02-20,111442,1,4,0,100.0
10109696VALERIOJ_2025-02-20_G17,10109696VALERIOJ,2025-02-20,108798,1,8,0,59.0
10109696VALERIOJ_2025-02-20_G18,10109696VALERIOJ,2025-02-20,109641,1,4,0,67.0
10109696VALERIOJ_2025-02-20_G19,10109696VALERIOJ,2025-02-20,110740,1,8,0,135.0
10109696VALERIOJ_2025-02-20_G20,10109696VALERIOJ,2025-02-20,111330,1,12,0,280.0
10109696VALERIOJ_2025-02-20_G21,10109696VALERIOJ,2025-02-20,110787,1,12,0,275.0
10109696VALERIOJ_2025-02-20_G22,10109696VALERIOJ,2025-02-20,111743,1,4,0,115.0
10109696VALERIOJ_2025-02-20_G23,10109696VALERIOJ,2025-02-20,109645,1,4,0,46.0
10109696VALERIOJ_2025-02-20_G24,10109696VALERIOJ,2025-02-20,117785,1,24,0,75.0
10109696VALERIOJ_2025-02-20_G25,10109696VALERIOJ,2025-02-20,110748,1,4,0,154.0
10109696VALERIOJ_2025-02-20_G26,10109696VALERIOJ,2025-02-20,110129,1,20,0,179.0
10109696VALERIOJ_2025-02-20_G27,10109696VALERIOJ,2025-02-20,108795,1,8,0,140.0
10109696VALERIOJ_2025-02-20_G28,10109696VALERIOJ,2025-02-20,117841,1,4,0,89.0
10109696VALERIOJ_2025-02-20_G29,10109696VALERIOJ,2025-02-20,117821,1,12,0,121.0
10109696VALERIOJ_2025-02-20_G30,10109696VALERIOJ,2025-02-20,110745,1,8,0,615.0
10109696VALERIOJ_2025-02-20_G31,10109696VALERIOJ,2025-02-20,111462,1,28,0,196.0
10109696VALERIOJ_2025-02-20_G32,10109696VALERIOJ,2025-02-20,"111433, 111465",2,8,24,278.0
10109696VALERIOJ_2025-02-20_G33,10109696VALERIOJ,2025-02-20,110743,1,12,0,143.0
10109696VALERIOJ_2025-02-20_G34,10109696VALERIOJ,2025-02-20,117831,1,12,0,618.0
10109696VALERIOJ_2025-02-20_G35,10109696VALERIOJ,2025-02-20,107236,1,12,0,282.0
10109696VALERIOJ_2025-02-20_G36,10109696VALERIOJ,2025-02-20,111418,1,240,0,952.0
10109696VALERIOJ_2025-02-20_G37,10109696VALERIOJ,2025-02-20,111463,1,140,0,1918.0
10109696VALERIOJ_2025-02-20_G38,10109696VALERIOJ,2025-02-20,111469,1,40,0,218.0
10109696VALERIOJ_2025-02-20_G39,10109696VALERIOJ,2025-02-20,109641,1,12,0,309.0
10109696VALERIOJ_2025-02-20_G40,10109696VALERIOJ,2025-02-20,105705,1,14,0,389.0
10109696VALERIOJ_2025-02-22_G03,10109696VALERIOJ,2025-02-22,111467,1,1,0,376.0
10109696VALERIOJ_2025-02-22_G04,10109696VALERIOJ,2025-02-22,117855,1,4,0,94.0
10109696VALERIOJ_2025-02-22_G05,10109696VALERIOJ,2025-02-22,111469,1,4,0,78.0
10109696VALERIOJ_2025-02-22_G06,10109696VALERIOJ,2025-02-22,118299,1,3,0,122.0
10109696VALERIOJ_2025-02-22_G07,10109696VALERIOJ,2025-02-22,117808,1,4,0,106.0
10109696VALERIOJ_2025-02-22_G08,10109696VALERIOJ,2025-02-22,105705,1,4,0,403.0
10109696VALERIOJ_2025-02-22_G09,10109696VALERIOJ,2025-02-22,118299,1,4,0,121.0
10109696VALERIOJ_2025-02-22_G10,10109696VALERIOJ,2025-02-22,110755,1,1,0,100.0
10109696VALERIOJ_2025-02-22_G11,10109696VALERIOJ,2025-02-22,110755,1,11,0,319.0
10109696VALERIOJ_2025-02-22_G12,10109696VALERIOJ,2025-02-22,118222,1,1,0,665.0
10109696VALERIOJ_2025-02-22_G13,10109696VALERIOJ,2025-02-22,110373,1,1,0,167.0
10109696VALERIOJ_2025-02-22_G14,10109696VALERIOJ,2025-02-22,118299,1,1,0,60.0
10109696VALERIOJ_2025-02-22_G15,10109696VALERIOJ,2025-02-22,110374,1,6,0,191.0
10109728SILVAB_2025-01-26_G02,10109728SILVAB,2025-01-26,111569,1,2,0,90.0
10109728SILVAB_2025-01-26_G03,10109728SILVAB,2025-01-26,110711,1,15,0,190.0
10109728SILVAB_2025-01-26_G04,10109728SILVAB,2025-01-26,108795,1,6,0,589.0
10109728SILVAB_2025-01-26_G05,10109728SILVAB,2025-01-26,117821,1,4,0,105.0
10109728SILVAB_2025-01-26_G06,10109728SILVAB,2025-01-26,117821,1,6,0,66.0
10109728SILVAB_2025-01-26_G07,10109728SILVAB,2025-01-26,111469,1,20,0,213.0
10109728SILVAB_2025-01-26_G08,10109728SILVAB,2025-01-26,117832,1,16,0,929.0
10109728SILVAB_2025-01-26_G09,10109728SILVAB,2025-01-26,109643,1,8,0,148.0
10109728SILVAB_2025-01-27_G02,10109728SILVAB,2025-01-27,110313,1,4,0,319.0
10109728SILVAB_2025-01-27_G03,10109728SILVAB,2025-01-27,110711,1,3,0,121.0
10109728SILVAB_2025-01-27_G04,10109728SILVAB,2025-01-27,117862,1,4,0,100.0
10109728SILVAB_2025-01-27_G05,10109728SILVAB,2025-01-27,109641,1,4,0,162.0
10109728SILVAB_2025-01-27_G06,10109728SILVAB,2025-01-27,118317,1,4,0,88.0
10109728SILVAB_2025-01-27_G07,10109728SILVAB,2025-01-27,110745,1,3,0,105.0
10109728SILVAB_2025-01-27_G08,10109728SILVAB,2025-01-27,118223,1,4,0,75.0
10109728SILVAB_2025-01-27_G09,10109728SILVAB,2025-01-27,120002,1,2,0,114.0
10109728SILVAB_2025-01-27_G10,10109728SILVAB,2025-01-27,111463,1,4,0,137.0
10109728SILVAB_2025-01-27_G11,10109728SILVAB,2025-01-27,110372,1,8,0,218.0
10109728SILVAB_2025-01-27_G12,10109728SILVAB,2025-01-27,110339,1,2,0,694.0
10109728SILVAB_2025-01-27_G13,10109728SILVAB,2025-01-27,110313,1,4,0,120.0
10109728SILVAB_2025-01-27_G14,10109728SILVAB,2025-01-27,110515,1,16,0,262.0
10109728SILVAB_2025-01-27_G15,10109728SILVAB,2025-01-27,111433,1,2,0,93.0
10109728SILVAB_2025-01-27_G16,10109728SILVAB,2025-01-27,107830,1,1,0,55.0
10109728SILVAB_2025-01-27_G17,10109728SILVAB,2025-01-27,110373,1,7,0,118.0
10109728SILVAB_2025-01-27_G18,10109728SILVAB,2025-01-27,117832,1,4,0,111.0
10109728SILVAB_2025-01-27_G19,10109728SILVAB,2025-01-27,117808,1,20,0,189.0
10109728SILVAB_2025-01-27_G20,10109728SILVAB,2025-01-27,117820,1,12,0,186.0
10109728SILVAB_2025-01-27_G21,10109728SILVAB,2025-01-27,109937,1,2,0,1561.0
10109728SILVAB_2025-01-27_G22,10109728SILVAB,2025-01-27,118290,1,2,0,122.0
10109728SILVAB_2025-01-27_G23,10109728SILVAB,2025-01-27,111468,1,4,0,115.0
10109728SILVAB_2025-01-27_G24,10109728SILVAB,2025-01-27,111433,1,2,0,74.0
10109728SILVAB_2025-01-27_G25,10109728SILVAB,2025-01-27,117831,1,1,0,82.0
10109728SILVAB_2025-01-27_G26,10109728SILVAB,2025-01-27,118299,1,2,0,63.0
10109728SILVAB_2025-01-27_G27,10109728SILVAB,2025-01-27,109643,1,1,0,89.0
10109728SILVAB_2025-01-27_G28,10109728SILVAB,2025-01-27,117808,1,2,0,44.0
10109728SILVAB_2025-01-27_G29,10109728SILVAB,2025-01-27,117820,1,2,0,69.0
10109728SILVAB_2025-01-27_G30,10109728SILVAB,2025-01-27,120002,1,4,0,112.0
10109728SILVAB_2025-01-27_G31,10109728SILVAB,2025-01-27,117830,1,3,0,153.0
10109728SILVAB_2025-01-27_G32,10109728SILVAB,2025-01-27,110376,1,1,0,46.0
10109728SILVAB_2025-01-27_G33,10109728SILVAB,2025-01-27,110339,1,2,0,130.0
10109728SILVAB_2025-01-27_G34,10109728SILVAB,2025-01-27,110711,1,3,0,190.0
10109728SILVAB_2025-01-27_G36,10109728SILVAB,2025-01-27,111430,1,2,0,446.0
10109728SILVAB_2025-01-27_G37,10109728SILVAB,2025-01-27,109937,1,2,0,200.0
10109728SILVAB_2025-01-27_G38,10109728SILVAB,2025-01-27,118140,1,2,0,126.0
10109728SILVAB_2025-01-27_G39,10109728SILVAB,2025-01-27,117821,1,34,0,842.0
10109728SILVAB_2025-01-27_G40,10109728SILVAB,2025-01-27,111469,1,4,0,65.0
10109728SILVAB_2025-01-27_G41,10109728SILVAB,2025-01-27,110515,1,9,0,200.0
10109728SILVAB_2025-01-27_G42,10109728SILVAB,2025-01-27,111569,1,20,0,735.0
10109728SILVAB_2025-01-27_G43,10109728SILVAB,2025-01-27,111569,1,5,0,76.0
10109728SILVAB_2025-01-27_G44,10109728SILVAB,2025-01-27,105705,1,5,0,468.0
10109728SILVAB_2025-01-27_G45,10109728SILVAB,2025-01-27,111530,1,4,0,1044.0
10109728SILVAB_2025-01-27_G46,10109728SILVAB,2025-01-27,110515,1,3,0,97.0
10109728SILVAB_2025-01-27_G47,10109728SILVAB,2025-01-27,111468,1,5,0,118.0
10109728SILVAB_2025-01-27_G48,10109728SILVAB,2025-01-27,111430,1,3,0,861.0
10109728SILVAB_2025-01-27_G49,10109728SILVAB,2025-01-27,111569,1,2,0,63.0
10109728SILVAB_2025-01-27_G50,10109728SILVAB,2025-01-27,110747,1,2,0,114.0
10109728SILVAB_2025-01-27_G51,10109728SILVAB,2025-01-27,109640,1,3,0,131.0
10109728SILVAB_2025-01-27_G52,10109728SILVAB,2025-01-27,110515,1,3,0,128.0
10109728SILVAB_2025-01-27_G53,10109728SILVAB,2025-01-27,110711,1,3,0,596.0
10109728SILVAB_2025-01-27_G54,10109728SILVAB,2025-01-27,117862,1,3,0,105.0
10109728SILVAB_2025-01-27_G55,10109728SILVAB,2025-01-27,140922,1,1,0,142.0
10109728SILVAB_2025-01-27_G56,10109728SILVAB,2025-01-27,111433,1,1,0,84.0
10109728SILVAB_2025-01-27_G57,10109728SILVAB,2025-01-27,111443,1,1,0,102.0
10109728SILVAB_2025-01-27_G58,10109728SILVAB,2025-01-27,108711,1,5,0,78.0
10109728SILVAB_2025-01-27_G59,10109728SILVAB,2025-01-27,117821,1,3,0,137.0
10109728SILVAB_2025-01-27_G60,10109728SILVAB,2025-01-27,111463,1,1,0,115.0
10109728SILVAB_2025-01-27_G61,10109728SILVAB,2025-01-27,118299,1,3,0,136.0
10109728SILVAB_2025-01-27_G62,10109728SILVAB,2025-01-27,118299,1,15,0,87.0
10109728SILVAB_2025-01-27_G63,10109728SILVAB,2025-01-27,110372,1,11,0,194.0
10109728SILVAB_2025-01-27_G64,10109728SILVAB,2025-01-27,117808,1,10,0,131.0
10109728SILVAB_2025-01-27_G65,10109728SILVAB,2025-01-27,111602,1,4,0,1062.0
10109728SILVAB_2025-01-27_G67,10109728SILVAB,2025-01-27,109645,1,9,0,136.0
10109728SILVAB_2025-01-27_G68,10109728SILVAB,2025-01-27,110371,1,20,0,253.0
10109728SILVAB_2025-01-27_G69,10109728SILVAB,2025-01-27,109643,1,8,0,226.0
10109728SILVAB_2025-01-27_G70,10109728SILVAB,2025-01-27,110895,1,4,0,446.0
10109728SILVAB_2025-01-27_G71,10109728SILVAB,2025-01-27,109647,1,2,0,94.0
10109728SILVAB_2025-01-27_G72,10109728SILVAB,2025-01-27,111330,1,4,0,149.0
10109728SILVAB_2025-01-27_G73,10109728SILVAB,2025-01-27,105705,1,6,0,125.0
10109728SILVAB_2025-01-27_G74,10109728SILVAB,2025-01-27,110515,1,2,0,243.0
10109728SILVAB_2025-01-27_G75,10109728SILVAB,2025-01-27,111463,1,4,0,346.0
10109728SILVAB_2025-01-27_G76,10109728SILVAB,2025-01-27,111602,1,30,0,371.0
10109728SILVAB_2025-01-27_G77,10109728SILVAB,2025-01-27,110515,1,1,0,101.0
10109728SILVAB_2025-01-27_G78,10109728SILVAB,2025-01-27,110515,1,29,0,505.0
10109728SILVAB_2025-01-27_G79,10109728SILVAB,2025-01-27,110515,1,11,0,180.0
10109728SILVAB_2025-01-28_G02,10109728SILVAB,2025-01-28,110339,1,8,0,495.0
10109728SILVAB_2025-01-28_G03,10109728SILVAB,2025-01-28,117831,1,1,0,90.0
10109728SILVAB_2025-01-28_G04,10109728SILVAB,2025-01-28,108798,1,8,0,129.0
10109728SILVAB_2025-01-28_G05,10109728SILVAB,2025-01-28,117833,1,2,0,110.0
10109728SILVAB_2025-01-28_G06,10109728SILVAB,2025-01-28,111462,1,3,0,149.0
10109728SILVAB_2025-01-28_G07,10109728SILVAB,2025-01-28,117809,1,4,0,133.0
10109728SILVAB_2025-01-28_G08,10109728SILVAB,2025-01-28,110373,1,4,0,125.0
10109728SILVAB_2025-01-28_G09,10109728SILVAB,2025-01-28,117820,1,2,0,102.0
10109728SILVAB_2025-01-28_G10,10109728SILVAB,2025-01-28,111861,1,9,0,438.0
10109728SILVAB_2025-01-28_G11,10109728SILVAB,2025-01-28,110313,1,2,0,132.0
10109728SILVAB_2025-01-28_G12,10109728SILVAB,2025-01-28,110752,1,2,0,54.0
10109728SILVAB_2025-01-28_G13,10109728SILVAB,2025-01-28,109649,1,3,0,461.0
10109728SILVAB_2025-01-28_G14,10109728SILVAB,2025-01-28,111468,1,8,0,141.0
10109728SILVAB_2025-01-28_G15,10109728SILVAB,2025-01-28,117831,1,8,0,150.0
10109728SILVAB_2025-01-28_G16,10109728SILVAB,2025-01-28,117785,1,4,0,85.0
10109728SILVAB_2025-01-28_G17,10109728SILVAB,2025-01-28,110745,1,4,0,58.0
10109728SILVAB_2025-01-28_G18,10109728SILVAB,2025-01-28,108798,1,5,0,317.0
10109728SILVAB_2025-01-28_G19,10109728SILVAB,2025-01-28,108795,1,8,0,131.0
10109728SILVAB_2025-01-28_G20,10109728SILVAB,2025-01-28,117841,1,4,0,125.0
10109728SILVAB_2025-01-28_G21,10109728SILVAB,2025-01-28,117833,1,4,0,58.0
10109728SILVAB_2025-01-28_G22,10109728SILVAB,2025-01-28,111463,1,8,0,222.0
10109728SILVAB_2025-01-28_G23,10109728SILVAB,2025-01-28,111462,1,4,0,113.0
10109728SILVAB_2025-01-28_G24,10109728SILVAB,2025-01-28,117808,1,12,0,725.0
10109728SILVAB_2025-01-28_G25,10109728SILVAB,2025-01-28,109747,1,4,0,407.0
10109728SILVAB_2025-01-28_G26,10109728SILVAB,2025-01-28,107830,1,8,0,147.0
10109728SILVAB_2025-01-28_G27,10109728SILVAB,2025-01-28,117832,1,4,0,80.0
10109728SILVAB_2025-01-28_G28,10109728SILVAB,2025-01-28,118299,1,12,0,141.0
10109728SILVAB_2025-01-28_G29,10109728SILVAB,2025-01-28,117830,1,8,0,119.0
10109728SILVAB_2025-01-28_G30,10109728SILVAB,2025-01-28,110372,1,20,0,145.0
10109728SILVAB_2025-01-28_G31,10109728SILVAB,2025-01-28,110375,1,8,0,116.0
10109728SILVAB_2025-01-28_G32,10109728SILVAB,2025-01-28,111441,1,2,0,450.0
10109728SILVAB_2025-01-28_G33,10109728SILVAB,2025-01-28,117935,1,8,0,175.0
10109728SILVAB_2025-01-28_G34,10109728SILVAB,2025-01-28,109640,1,4,0,165.0
10109728SILVAB_2025-01-28_G35,10109728SILVAB,2025-01-28,111602,1,5,0,73.0
10109728SILVAB_2025-01-28_G36,10109728SILVAB,2025-01-28,117861,1,2,0,81.0
10109728SILVAB_2025-01-28_G37,10109728SILVAB,2025-01-28,118004,1,8,0,3329.0
10109728SILVAB_2025-01-28_G38,10109728SILVAB,2025-01-28,140922,1,8,0,195.0
10109728SILVAB_2025-01-28_G39,10109728SILVAB,2025-01-28,111418,1,16,0,234.0
10109728SILVAB_2025-01-28_G40,10109728SILVAB,2025-01-28,111462,1,4,0,122.0
10109728SILVAB_2025-01-28_G41,10109728SILVAB,2025-01-28,110371,1,8,0,177.0
10109728SILVAB_2025-01-28_G42,10109728SILVAB,2025-01-28,117808,1,24,0,233.0
10109728SILVAB_2025-01-28_G43,10109728SILVAB,2025-01-28,117832,1,2,0,154.0
10109728SILVAB_2025-01-28_G44,10109728SILVAB,2025-01-28,118299,1,19,0,1177.0
10109728SILVAB_2025-01-28_G45,10109728SILVAB,2025-01-28,118004,1,2,0,306.0
10109728SILVAB_2025-01-28_G46,10109728SILVAB,2025-01-28,111465,1,6,0,120.0
10109728SILVAB_2025-01-28_G47,10109728SILVAB,2025-01-28,110373,1,18,0,541.0
10109728SILVAB_2025-01-28_G48,10109728SILVAB,2025-01-28,111602,1,4,0,291.0
10109728SILVAB_2025-01-28_G49,10109728SILVAB,2025-01-28,111602,1,4,0,55.0
10109728SILVAB_2025-01-28_G50,10109728SILVAB,2025-01-28,110515,1,3,0,92.0
10109728SILVAB_2025-01-28_G51,10109728SILVAB,2025-01-28,110515,1,7,0,81.0
10109728SILVAB_2025-01-28_G52,10109728SILVAB,2025-01-28,117785,1,8,0,116.0
10109728SILVAB_2025-01-28_G53,10109728SILVAB,2025-01-28,118004,1,4,0,118.0
10109728SILVAB_2025-01-28_G54,10109728SILVAB,2025-01-28,110371,1,4,0,62.0
10109728SILVAB_2025-01-28_G55,10109728SILVAB,2025-01-28,117832,1,8,0,181.0
10109728SILVAB_2025-01-28_G56,10109728SILVAB,2025-01-28,111441,1,3,0,1959.0
10109728SILVAB_2025-01-28_G57,10109728SILVAB,2025-01-28,111348,1,4,0,114.0
10109728SILVAB_2025-01-28_G58,10109728SILVAB,2025-01-28,117841,1,4,0,114.0
10109728SILVAB_2025-01-28_G59,10109728SILVAB,2025-01-28,110373,2,129,10,1159.0
10109728SILVAB_2025-01-28_G60,10109728SILVAB,2025-01-28,110373,1,2,0,414.0
10109728SILVAB_2025-01-28_G61,10109728SILVAB,2025-01-28,110325,1,60,0,1190.0
10109728SILVAB_2025-01-28_G62,10109728SILVAB,2025-01-28,110373,1,9,0,254.0
10109728SILVAB_2025-01-28_G63,10109728SILVAB,2025-01-28,110373,1,100,0,843.0
10109728SILVAB_2025-01-28_G64,10109728SILVAB,2025-01-28,110373,1,357,0,173.0
10109728SILVAB_2025-01-28_G66,10109728SILVAB,2025-01-28,111532,1,18,0,177.0
10109728SILVAB_2025-01-28_G67,10109728SILVAB,2025-01-28,111438,1,12,0,573.0
10109728SILVAB_2025-01-28_G68,10109728SILVAB,2025-01-28,117785,1,4,0,178.0
10109728SILVAB_2025-01-28_G69,10109728SILVAB,2025-01-28,140922,1,2,0,77.0
10109728SILVAB_2025-01-28_G70,10109728SILVAB,2025-01-28,111462,1,1,0,59.0
10109728SILVAB_2025-01-28_G71,10109728SILVAB,2025-01-28,110371,1,13,0,560.0
10109728SILVAB_2025-01-28_G72,10109728SILVAB,2025-01-28,111418,1,1,0,315.0
10109728SILVAB_2025-01-28_G73,10109728SILVAB,2025-01-28,111465,1,4,0,154.0
10109728SILVAB_2025-01-29_G02,10109728SILVAB,2025-01-29,105705,1,16,0,345.0
10109728SILVAB_2025-01-29_G03,10109728SILVAB,2025-01-29,111462,1,30,0,877.0
10109728SILVAB_2025-01-29_G04,10109728SILVAB,2025-01-29,118299,1,56,0,897.0
10109728SILVAB_2025-01-29_G05,10109728SILVAB,2025-01-29,110373,1,69,0,834.0
10109728SILVAB_2025-01-29_G06,10109728SILVAB,2025-01-29,109640,1,12,0,1116.0
10109728SILVAB_2025-01-29_G07,10109728SILVAB,2025-01-29,111182,1,4,0,132.0
10109728SILVAB_2025-01-29_G09,10109728SILVAB,2025-01-29,117786,1,2,0,128.0
10109728SILVAB_2025-01-29_G10,10109728SILVAB,2025-01-29,111465,1,3,0,72.0
10109728SILVAB_2025-01-29_G11,10109728SILVAB,2025-01-29,111462,1,7,0,115.0
10109728SILVAB_2025-01-29_G12,10109728SILVAB,2025-01-29,110373,1,17,0,184.0
10109728SILVAB_2025-01-29_G13,10109728SILVAB,2025-01-29,110515,1,24,0,592.0
10109728SILVAB_2025-01-29_G14,10109728SILVAB,2025-01-29,110515,1,20,0,195.0
10109728SILVAB_2025-01-29_G15,10109728SILVAB,2025-01-29,140922,1,4,0,640.0
10109728SILVAB_2025-01-29_G16,10109728SILVAB,2025-01-29,111602,1,8,0,242.0
10109728SILVAB_2025-01-29_G17,10109728SILVAB,2025-01-29,111532,1,6,0,349.0
10109728SILVAB_2025-01-29_G18,10109728SILVAB,2025-01-29,111438,1,15,0,224.0
10109728SILVAB_2025-01-29_G19,10109728SILVAB,2025-01-29,118004,1,2,0,133.0
10109728SILVAB_2025-01-29_G20,10109728SILVAB,2025-01-29,111418,1,1,0,92.0
10109728SILVAB_2025-01-29_G21,10109728SILVAB,2025-01-29,111469,1,1,0,86.0
10109728SILVAB_2025-01-29_G22,10109728SILVAB,2025-01-29,111463,1,100,0,999.0
10109728SILVAB_2025-01-29_G23,10109728SILVAB,2025-01-29,110372,1,1020,0,3264.0
10109728SILVAB_2025-01-29_G24,10109728SILVAB,2025-01-29,118299,1,175,0,1335.0
10109728SILVAB_2025-01-29_G25,10109728SILVAB,2025-01-29,117832,1,378,0,1075.0
10109728SILVAB_2025-01-29_G27,10109728SILVAB,2025-01-29,108772,1,10,0,295.0
10109728SILVAB_2025-01-29_G28,10109728SILVAB,2025-01-29,117785,1,150,0,901.0
10109728SILVAB_2025-01-29_G29,10109728SILVAB,2025-01-29,111532,1,303,0,1721.0
10109728SILVAB_2025-01-30_G02,10109728SILVAB,2025-01-30,111466,1,70,0,545.0
10109728SILVAB_2025-01-30_G03,10109728SILVAB,2025-01-30,"117835, 100334",2,32,13,1167.0
10109728SILVAB_2025-01-30_G04,10109728SILVAB,2025-01-30,"111438, 110841, 111430, 111569, 118306",5,49,99,35.0
10109728SILVAB_2025-01-30_G05,10109728SILVAB,2025-01-30,"109471, 110112",2,9,26,33.0
10109728SILVAB_2025-01-30_G06,10109728SILVAB,2025-01-30,110745,1,26,0,2360.0
10109728SILVAB_2025-01-30_G07,10109728SILVAB,2025-01-30,108798,1,40,0,59.0
10109728SILVAB_2025-01-30_G08,10109728SILVAB,2025-01-30,"111348, 111443",2,34,20,490.0
10109728SILVAB_2025-01-30_G09,10109728SILVAB,2025-01-30,110129,1,20,0,163.0
10109728SILVAB_2025-01-30_G10,10109728SILVAB,2025-01-30,108795,1,10,0,1081.0
10109728SILVAB_2025-01-30_G11,10109728SILVAB,2025-01-30,111435,1,18,0,380.0
10109728SILVAB_2025-01-30_G12,10109728SILVAB,2025-01-30,108711,1,100,0,335.0
10109728SILVAB_2025-01-30_G13,10109728SILVAB,2025-01-30,109641,1,34,0,559.0
10109728SILVAB_2025-01-30_G15,10109728SILVAB,2025-01-30,109933,1,4,0,173.0
10109728SILVAB_2025-01-30_G16,10109728SILVAB,2025-01-30,109933,1,4,0,58.0
10109728SILVAB_2025-01-30_G17,10109728SILVAB,2025-01-30,110841,1,3,0,151.0
10109728SILVAB_2025-01-30_G18,10109728SILVAB,2025-01-30,108770,1,4,0,282.0
10109728SILVAB_2025-01-30_G19,10109728SILVAB,2025-01-30,111090,1,2,0,139.0
10109728SILVAB_2025-01-30_G20,10109728SILVAB,2025-01-30,117289,1,4,0,78.0
10109728SILVAB_2025-01-30_G21,10109728SILVAB,2025-01-30,118169,1,4,0,432.0
10109728SILVAB_2025-01-30_G22,10109728SILVAB,2025-01-30,111351,1,4,0,185.0
10109728SILVAB_2025-01-30_G23,10109728SILVAB,2025-01-30,117788,1,4,0,527.0
10109728SILVAB_2025-01-30_G24,10109728SILVAB,2025-01-30,111469,3,37,24,1125.0
10109728SILVAB_2025-01-30_G25,10109728SILVAB,2025-01-30,111463,1,10,0,513.0
10109728SILVAB_2025-01-30_G26,10109728SILVAB,2025-01-30,111463,3,28,26,320.0
10109728SILVAB_2025-01-30_G27,10109728SILVAB,2025-01-30,111444,1,12,0,334.0
10109728SILVAB_2025-01-30_G28,10109728SILVAB,2025-01-30,111444,2,20,11,299.0
10109728SILVAB_2025-01-30_G29,10109728SILVAB,2025-01-30,111444,1,6,0,74.0
10109728SILVAB_2025-01-30_G30,10109728SILVAB,2025-01-30,107236,1,10,0,528.0
10109728SILVAB_2025-01-30_G31,10109728SILVAB,2025-01-30,111466,2,16,12,90.0
10109728SILVAB_2025-01-30_G32,10109728SILVAB,2025-01-30,"108794, 118004",2,16,15,80.0
10109728SILVAB_2025-01-30_G33,10109728SILVAB,2025-01-30,111442,1,20,0,62.0
10109728SILVAB_2025-01-30_G34,10109728SILVAB,2025-01-30,109641,1,4,0,218.0
10109728SILVAB_2025-01-30_G35,10109728SILVAB,2025-01-30,109641,1,4,0,97.0
10109728SILVAB_2025-01-30_G36,10109728SILVAB,2025-01-30,111433,1,6,0,536.0
10109728SILVAB_2025-01-30_G38,10109728SILVAB,2025-01-30,110895,1,2,0,702.0
10109728SILVAB_2025-01-30_G39,10109728SILVAB,2025-01-30,109647,1,2,0,188.0
10109728SILVAB_2025-01-30_G40,10109728SILVAB,2025-01-30,110515,1,10,0,656.0
10109728SILVAB_2025-01-30_G41,10109728SILVAB,2025-01-30,117809,1,6,0,155.0
10109728SILVAB_2025-01-30_G42,10109728SILVAB,2025-01-30,110374,1,13,0,147.0
10109728SILVAB_2025-01-30_G43,10109728SILVAB,2025-01-30,118299,1,50,0,338.0
10109728SILVAB_2025-01-30_G44,10109728SILVAB,2025-01-30,117820,1,24,0,488.0
10109728SILVAB_2025-01-30_G45,10109728SILVAB,2025-01-30,111532,1,7,0,169.0
10109728SILVAB_2025-01-30_G46,10109728SILVAB,2025-01-30,111532,1,10,0,98.0
10109728SILVAB_2025-01-30_G47,10109728SILVAB,2025-01-30,111532,1,8,0,88.0
10109728SILVAB_2025-01-30_G48,10109728SILVAB,2025-01-30,111468,1,4,0,62.0
10109728SILVAB_2025-01-30_G49,10109728SILVAB,2025-01-30,109641,1,6,0,99.0
10109728SILVAB_2025-01-30_G50,10109728SILVAB,2025-01-30,118140,1,6,0,57.0
10109728SILVAB_2025-01-30_G51,10109728SILVAB,2025-01-30,117831,1,5,0,108.0
10109728SILVAB_2025-01-30_G52,10109728SILVAB,2025-01-30,111743,1,4,0,90.0
10109728SILVAB_2025-01-31_G02,10109728SILVAB,2025-01-31,108711,1,5,0,120.0
10109728SILVAB_2025-01-31_G03,10109728SILVAB,2025-01-31,117821,1,4,0,106.0
10109728SILVAB_2025-01-31_G04,10109728SILVAB,2025-01-31,111430,1,1,0,1026.0
10109728SILVAB_2025-01-31_G05,10109728SILVAB,2025-01-31,110747,1,5,0,167.0
10109728SILVAB_2025-01-31_G06,10109728SILVAB,2025-01-31,109641,1,2,0,80.0
10109728SILVAB_2025-01-31_G07,10109728SILVAB,2025-01-31,110129,1,2,0,177.0
10109728SILVAB_2025-01-31_G08,10109728SILVAB,2025-01-31,117808,1,8,0,142.0
10109728SILVAB_2025-01-31_G09,10109728SILVAB,2025-01-31,111466,1,8,0,662.0
10109728SILVAB_2025-01-31_G10,10109728SILVAB,2025-01-31,111602,1,2,0,77.0
10109728SILVAB_2025-01-31_G11,10109728SILVAB,2025-01-31,110373,1,2,0,106.0
10109728SILVAB_2025-01-31_G12,10109728SILVAB,2025-01-31,111532,1,50,0,839.0
10109728SILVAB_2025-01-31_G13,10109728SILVAB,2025-01-31,111532,1,40,0,848.0
10109728SILVAB_2025-01-31_G14,10109728SILVAB,2025-01-31,117808,1,10,0,160.0
10109728SILVAB_2025-01-31_G16,10109728SILVAB,2025-01-31,108798,1,10,0,205.0
10109728SILVAB_2025-01-31_G17,10109728SILVAB,2025-01-31,140922,1,2,0,43.0
10109728SILVAB_2025-01-31_G18,10109728SILVAB,2025-01-31,111182,1,2,0,143.0
10109728SILVAB_2025-01-31_G19,10109728SILVAB,2025-01-31,111348,1,2,0,129.0
10109728SILVAB_2025-01-31_G20,10109728SILVAB,2025-01-31,107830,1,4,0,138.0
10109728SILVAB_2025-01-31_G21,10109728SILVAB,2025-01-31,110752,1,4,0,421.0
10109728SILVAB_2025-01-31_G22,10109728SILVAB,2025-01-31,117833,1,4,0,152.0
10109728SILVAB_2025-01-31_G23,10109728SILVAB,2025-01-31,140957,1,4,0,143.0
10109728SILVAB_2025-01-31_G24,10109728SILVAB,2025-01-31,117833,1,1,0,369.0
10109728SILVAB_2025-01-31_G25,10109728SILVAB,2025-01-31,105705,1,2,0,293.0
10109728SILVAB_2025-01-31_G26,10109728SILVAB,2025-01-31,111433,1,3,0,195.0
10109728SILVAB_2025-01-31_G27,10109728SILVAB,2025-01-31,107830,1,8,0,139.0
10109728SILVAB_2025-01-31_G28,10109728SILVAB,2025-01-31,117833,1,4,0,184.0
10109728SILVAB_2025-01-31_G29,10109728SILVAB,2025-01-31,118094,1,1,0,329.0
10109728SILVAB_2025-01-31_G30,10109728SILVAB,2025-01-31,118094,1,2,0,286.0
10109728SILVAB_2025-01-31_G31,10109728SILVAB,2025-01-31,111182,1,2,0,142.0
10109728SILVAB_2025-01-31_G32,10109728SILVAB,2025-01-31,110711,1,6,0,454.0
10109728SILVAB_2025-01-31_G33,10109728SILVAB,2025-01-31,140911,1,4,0,557.0
10109728SILVAB_2025-01-31_G34,10109728SILVAB,2025-01-31,110313,1,2,0,100.0
10109728SILVAB_2025-01-31_G35,10109728SILVAB,2025-01-31,118290,1,2,0,191.0
10109728SILVAB_2025-01-31_G36,10109728SILVAB,2025-01-31,107236,1,5,0,662.0
10109728SILVAB_2025-01-31_G37,10109728SILVAB,2025-01-31,107236,1,5,0,56.0
10109728SILVAB_2025-01-31_G38,10109728SILVAB,2025-01-31,109645,1,10,0,218.0
10109728SILVAB_2025-01-31_G39,10109728SILVAB,2025-01-31,111348,1,4,0,107.0
10109728SILVAB_2025-01-31_G40,10109728SILVAB,2025-01-31,111469,1,4,0,80.0
10109728SILVAB_2025-01-31_G41,10109728SILVAB,2025-01-31,111462,2,30,20,220.0
10109728SILVAB_2025-01-31_G42,10109728SILVAB,2025-01-31,111462,1,4,0,35.0
10109728SILVAB_2025-01-31_G43,10109728SILVAB,2025-01-31,111462,1,5,0,45.0
10109728SILVAB_2025-01-31_G45,10109728SILVAB,2025-01-31,111532,1,114,0,662.0
10109728SILVAB_2025-01-31_G46,10109728SILVAB,2025-01-31,107236,1,42,0,305.0
10109728SILVAB_2025-01-31_G47,10109728SILVAB,2025-01-31,108711,1,59,0,601.0
10109728SILVAB_2025-01-31_G48,10109728SILVAB,2025-01-31,111469,1,133,0,897.0
10109728SILVAB_2025-02-03_G02,10109728SILVAB,2025-02-03,106326,1,2,0,224.0
10109728SILVAB_2025-02-03_G03,10109728SILVAB,2025-02-03,111330,1,366,0,2271.0
10109728SILVAB_2025-02-04_G02,10109728SILVAB,2025-02-04,111468,1,31,0,430.0
10109728SILVAB_2025-02-04_G03,10109728SILVAB,2025-02-04,111330,1,404,0,2132.0
10109728SILVAB_2025-02-04_G04,10109728SILVAB,2025-02-04,109397,1,112,0,659.0
10109728SILVAB_2025-02-04_G05,10109728SILVAB,2025-02-04,110373,1,16,0,267.0
10109728SILVAB_2025-02-04_G06,10109728SILVAB,2025-02-04,117832,1,11,0,389.0
10109728SILVAB_2025-02-04_G08,10109728SILVAB,2025-02-04,110371,1,2,0,103.0
10109728SILVAB_2025-02-04_G09,10109728SILVAB,2025-02-04,110374,1,2,0,1090.0
10109728SILVAB_2025-02-04_G10,10109728SILVAB,2025-02-04,109643,1,133,0,1161.0
10109728SILVAB_2025-02-05_G02,10109728SILVAB,2025-02-05,120003,1,100,0,129.0
10109728SILVAB_2025-02-05_G03,10109728SILVAB,2025-02-05,111743,1,31,0,532.0
10109728SILVAB_2025-02-05_G05,10109728SILVAB,2025-02-05,111418,1,491,0,560.0
10109728SILVAB_2025-02-05_G06,10109728SILVAB,2025-02-05,111469,1,297,0,951.0
10109728SILVAB_2025-02-05_G08,10109728SILVAB,2025-02-05,117853,1,4,0,198.0
10109728SILVAB_2025-02-05_G09,10109728SILVAB,2025-02-05,111602,1,12,0,221.0
10109728SILVAB_2025-02-05_G10,10109728SILVAB,2025-02-05,117861,1,4,0,100.0
10109728SILVAB_2025-02-05_G11,10109728SILVAB,2025-02-05,110515,1,6,0,149.0
10109728SILVAB_2025-02-05_G12,10109728SILVAB,2025-02-05,107629,1,4,0,98.0
10109728SILVAB_2025-02-05_G13,10109728SILVAB,2025-02-05,111466,1,6,0,570.0
10109728SILVAB_2025-02-05_G14,10109728SILVAB,2025-02-05,117831,1,5,0,157.0
10109728SILVAB_2025-02-05_G15,10109728SILVAB,2025-02-05,111532,1,2,0,92.0
10109728SILVAB_2025-02-05_G16,10109728SILVAB,2025-02-05,111418,1,8,0,376.0
10109728SILVAB_2025-02-05_G17,10109728SILVAB,2025-02-05,117785,1,3,0,108.0
10109728SILVAB_2025-02-05_G18,10109728SILVAB,2025-02-05,108711,1,2,0,62.0
10109728SILVAB_2025-02-05_G19,10109728SILVAB,2025-02-05,117821,1,6,0,179.0
10109728SILVAB_2025-02-05_G20,10109728SILVAB,2025-02-05,111462,1,5,0,64.0
10109728SILVAB_2025-02-05_G21,10109728SILVAB,2025-02-05,110373,1,4,0,220.0
10109728SILVAB_2025-02-05_G22,10109728SILVAB,2025-02-05,118299,1,10,0,157.0
10109728SILVAB_2025-02-06_G02,10109728SILVAB,2025-02-06,117820,1,6,0,115.0
10109728SILVAB_2025-02-06_G03,10109728SILVAB,2025-02-06,110339,1,1,0,291.0
10109728SILVAB_2025-02-06_G04,10109728SILVAB,2025-02-06,110373,1,4,0,683.0
10109728SILVAB_2025-02-06_G05,10109728SILVAB,2025-02-06,110325,1,4,0,268.0
10109728SILVAB_2025-02-06_G06,10109728SILVAB,2025-02-06,111530,1,3,0,133.0
10109728SILVAB_2025-02-06_G07,10109728SILVAB,2025-02-06,118403,1,4,0,109.0
10109728SILVAB_2025-02-06_G08,10109728SILVAB,2025-02-06,117853,1,2,0,60.0
10109728SILVAB_2025-02-06_G09,10109728SILVAB,2025-02-06,111879,1,4,0,172.0
10109728SILVAB_2025-02-06_G10,10109728SILVAB,2025-02-06,117861,1,2,0,46.0
10109728SILVAB_2025-02-06_G11,10109728SILVAB,2025-02-06,109641,1,2,0,107.0
10109728SILVAB_2025-02-06_G12,10109728SILVAB,2025-02-06,110787,1,3,0,249.0
10109728SILVAB_2025-02-06_G13,10109728SILVAB,2025-02-06,110745,1,2,0,48.0
10109728SILVAB_2025-02-06_G14,10109728SILVAB,2025-02-06,118223,1,4,0,76.0
10109728SILVAB_2025-02-06_G15,10109728SILVAB,2025-02-06,140922,1,2,0,58.0
10109728SILVAB_2025-02-06_G16,10109728SILVAB,2025-02-06,110372,1,17,0,328.0
10109728SILVAB_2025-02-06_G17,10109728SILVAB,2025-02-06,117809,1,7,0,405.0
10109728SILVAB_2025-02-06_G18,10109728SILVAB,2025-02-06,118299,1,15,0,159.0
10109728SILVAB_2025-02-06_G19,10109728SILVAB,2025-02-06,117808,1,20,0,196.0
10109728SILVAB_2025-02-06_G20,10109728SILVAB,2025-02-06,117830,1,8,0,114.0
10109728SILVAB_2025-02-06_G21,10109728SILVAB,2025-02-06,118222,1,4,0,979.0
10109728SILVAB_2025-02-06_G22,10109728SILVAB,2025-02-06,111467,1,4,0,150.0
10109728SILVAB_2025-02-06_G23,10109728SILVAB,2025-02-06,107830,1,6,0,404.0
10109728SILVAB_2025-02-06_G24,10109728SILVAB,2025-02-06,109640,1,16,0,428.0
10109728SILVAB_2025-02-06_G25,10109728SILVAB,2025-02-06,110373,1,4,0,134.0
10109728SILVAB_2025-02-06_G26,10109728SILVAB,2025-02-06,118004,1,8,0,142.0
10109728SILVAB_2025-02-06_G27,10109728SILVAB,2025-02-06,110374,1,18,0,837.0
10109728SILVAB_2025-02-06_G28,10109728SILVAB,2025-02-06,118222,1,1,0,288.0
10109728SILVAB_2025-02-06_G29,10109728SILVAB,2025-02-06,111113,1,1,0,212.0
10109728SILVAB_2025-02-06_G30,10109728SILVAB,2025-02-06,110895,1,4,0,268.0
10109728SILVAB_2025-02-06_G31,10109728SILVAB,2025-02-06,110374,1,12,0,2017.0
10109728SILVAB_2025-02-06_G32,10109728SILVAB,2025-02-06,111467,1,4,0,118.0
10109728SILVAB_2025-02-06_G33,10109728SILVAB,2025-02-06,111462,1,2,0,173.0
10109728SILVAB_2025-02-06_G34,10109728SILVAB,2025-02-06,110373,1,4,0,147.0
10109728SILVAB_2025-02-06_G35,10109728SILVAB,2025-02-06,110371,1,2,0,92.0
10109728SILVAB_2025-02-06_G36,10109728SILVAB,2025-02-06,111462,1,2,0,218.0
10109728SILVAB_2025-02-06_G37,10109728SILVAB,2025-02-06,110373,1,4,0,126.0
10109728SILVAB_2025-02-06_G38,10109728SILVAB,2025-02-06,110371,1,2,0,81.0
10109728SILVAB_2025-02-06_G39,10109728SILVAB,2025-02-06,110895,1,4,0,1574.0
10109728SILVAB_2025-02-06_G40,10109728SILVAB,2025-02-06,109471,1,4,0,103.0
10109728SILVAB_2025-02-06_G41,10109728SILVAB,2025-02-06,110747,1,4,0,95.0
10109728SILVAB_2025-02-06_G42,10109728SILVAB,2025-02-06,118094,1,1,0,213.0
10109728SILVAB_2025-02-06_G43,10109728SILVAB,2025-02-06,111602,1,4,0,136.0
10109728SILVAB_2025-02-06_G44,10109728SILVAB,2025-02-06,109640,1,7,0,147.0
10109728SILVAB_2025-02-06_G45,10109728SILVAB,2025-02-06,110515,1,3,0,103.0
10109728SILVAB_2025-02-06_G46,10109728SILVAB,2025-02-06,110711,1,4,0,331.0
10109728SILVAB_2025-02-06_G47,10109728SILVAB,2025-02-06,141047,1,2,0,90.0
10109728SILVAB_2025-02-06_G48,10109728SILVAB,2025-02-06,101217,1,2,0,59.0
10109728SILVAB_2025-02-06_G49,10109728SILVAB,2025-02-06,117935,1,4,0,402.0
10109728SILVAB_2025-02-06_G50,10109728SILVAB,2025-02-06,111532,1,7,0,133.0
10109728SILVAB_2025-02-06_G51,10109728SILVAB,2025-02-06,111532,1,8,0,524.0
10109728SILVAB_2025-02-06_G52,10109728SILVAB,2025-02-06,110740,2,4,28,85.0
10109728SILVAB_2025-02-06_G53,10109728SILVAB,2025-02-06,111468,1,4,0,81.0
10109728SILVAB_2025-02-06_G54,10109728SILVAB,2025-02-06,118140,1,2,0,50.0
10109728SILVAB_2025-02-06_G55,10109728SILVAB,2025-02-06,111418,1,7,0,218.0
10109728SILVAB_2025-02-06_G56,10109728SILVAB,2025-02-06,110129,1,2,0,59.0
10109728SILVAB_2025-02-06_G57,10109728SILVAB,2025-02-06,140922,1,10,0,113.0
10109728SILVAB_2025-02-06_G58,10109728SILVAB,2025-02-06,111469,1,6,0,82.0
10109728SILVAB_2025-02-06_G59,10109728SILVAB,2025-02-06,111462,1,2,0,45.0
10109728SILVAB_2025-02-06_G60,10109728SILVAB,2025-02-06,117822,1,8,0,174.0
10109728SILVAB_2025-02-06_G61,10109728SILVAB,2025-02-06,109643,1,3,0,147.0
10109728SILVAB_2025-02-06_G62,10109728SILVAB,2025-02-06,117820,1,4,0,113.0
10109728SILVAB_2025-02-06_G63,10109728SILVAB,2025-02-06,111655,1,8,0,736.0
10109728SILVAB_2025-02-06_G64,10109728SILVAB,2025-02-06,111467,1,8,0,113.0
10109728SILVAB_2025-02-06_G65,10109728SILVAB,2025-02-06,111530,1,1,0,53.0
10109728SILVAB_2025-02-06_G66,10109728SILVAB,2025-02-06,111466,1,4,0,260.0
10109728SILVAB_2025-02-06_G67,10109728SILVAB,2025-02-06,111172,1,6,0,98.0
10109728SILVAB_2025-02-06_G68,10109728SILVAB,2025-02-06,111532,1,2,0,66.0
10109728SILVAB_2025-02-06_G69,10109728SILVAB,2025-02-06,118317,1,4,0,215.0
10109728SILVAB_2025-02-06_G70,10109728SILVAB,2025-02-06,111743,1,6,0,192.0
10109728SILVAB_2025-02-06_G71,10109728SILVAB,2025-02-06,111418,1,12,0,106.0
10109728SILVAB_2025-02-06_G72,10109728SILVAB,2025-02-06,117787,1,6,0,123.0
10109728SILVAB_2025-02-06_G73,10109728SILVAB,2025-02-06,111532,1,6,0,595.0
10109728SILVAB_2025-02-06_G74,10109728SILVAB,2025-02-06,111743,1,3,0,489.0
10109728SILVAB_2025-02-06_G75,10109728SILVAB,2025-02-06,111418,1,12,0,272.0
10109728SILVAB_2025-02-06_G76,10109728SILVAB,2025-02-06,111462,1,12,0,399.0
10109728SILVAB_2025-02-06_G78,10109728SILVAB,2025-02-06,117831,1,10,0,34.0
10109728SILVAB_2025-02-06_G79,10109728SILVAB,2025-02-06,111466,1,10,0,332.0
10109728SILVAB_2025-02-06_G80,10109728SILVAB,2025-02-06,111466,1,20,0,191.0
10109728SILVAB_2025-02-06_G81,10109728SILVAB,2025-02-06,111532,1,4,0,88.0
10109728SILVAB_2025-02-06_G82,10109728SILVAB,2025-02-06,111442,1,10,0,106.0
10109728SILVAB_2025-02-06_G83,10109728SILVAB,2025-02-06,110740,1,5,0,101.0
10109728SILVAB_2025-02-06_G84,10109728SILVAB,2025-02-06,109641,1,14,0,153.0
10109728SILVAB_2025-02-06_G85,10109728SILVAB,2025-02-06,111418,1,20,0,596.0
10109728SILVAB_2025-02-06_G86,10109728SILVAB,2025-02-06,105705,1,4,0,122.0
10109728SILVAB_2025-02-06_G87,10109728SILVAB,2025-02-06,111433,1,6,0,158.0
10109728SILVAB_2025-02-07_G02,10109728SILVAB,2025-02-07,110374,1,8,0,56.0
10109728SILVAB_2025-02-07_G03,10109728SILVAB,2025-02-07,117830,1,8,0,151.0
10109728SILVAB_2025-02-07_G04,10109728SILVAB,2025-02-07,111172,1,4,0,376.0
10109728SILVAB_2025-02-07_G05,10109728SILVAB,2025-02-07,110374,1,12,0,117.0
10109728SILVAB_2025-02-07_G06,10109728SILVAB,2025-02-07,110374,1,4,0,680.0
10109728SILVAB_2025-02-07_G07,10109728SILVAB,2025-02-07,117855,1,8,0,788.0
10109728SILVAB_2025-02-07_G08,10109728SILVAB,2025-02-07,107629,1,8,0,198.0
10109728SILVAB_2025-02-07_G09,10109728SILVAB,2025-02-07,107629,1,4,0,58.0
10109728SILVAB_2025-02-07_G10,10109728SILVAB,2025-02-07,111431,1,10,0,265.0
10109728SILVAB_2025-02-07_G11,10109728SILVAB,2025-02-07,111172,1,2,0,90.0
10109728SILVAB_2025-02-07_G12,10109728SILVAB,2025-02-07,111172,1,7,0,333.0
10109728SILVAB_2025-02-07_G13,10109728SILVAB,2025-02-07,160051,1,10,0,208.0
10109728SILVAB_2025-02-07_G14,10109728SILVAB,2025-02-07,110742,1,10,0,471.0
10109728SILVAB_2025-02-07_G15,10109728SILVAB,2025-02-07,140988,1,4,0,179.0
10109728SILVAB_2025-02-07_G16,10109728SILVAB,2025-02-07,118222,1,11,0,1198.0
10109728SILVAB_2025-02-07_G17,10109728SILVAB,2025-02-07,110895,1,11,0,165.0
10109728SILVAB_2025-02-07_G18,10109728SILVAB,2025-02-07,100334,1,11,0,583.0
10109728SILVAB_2025-02-07_G19,10109728SILVAB,2025-02-07,160057,1,10,0,364.0
10109728SILVAB_2025-02-07_G21,10109728SILVAB,2025-02-07,117855,1,12,0,211.0
10109728SILVAB_2025-02-07_G22,10109728SILVAB,2025-02-07,117855,1,20,0,396.0
10109728SILVAB_2025-02-07_G23,10109728SILVAB,2025-02-07,110711,1,10,0,274.0
10109728SILVAB_2025-02-07_G24,10109728SILVAB,2025-02-07,107629,1,4,0,104.0
10109728SILVAB_2025-02-07_G25,10109728SILVAB,2025-02-07,107629,1,20,0,590.0
10109728SILVAB_2025-02-07_G26,10109728SILVAB,2025-02-07,111435,1,3,0,428.0
10109728SILVAB_2025-02-07_G27,10109728SILVAB,2025-02-07,111431,1,14,0,198.0
10109728SILVAB_2025-02-07_G28,10109728SILVAB,2025-02-07,111466,1,50,0,538.0
10109728SILVAB_2025-02-07_G29,10109728SILVAB,2025-02-07,111466,1,90,0,428.0
10109728SILVAB_2025-02-07_G30,10109728SILVAB,2025-02-07,111466,1,100,0,122.0
10109728SILVAB_2025-02-07_G31,10109728SILVAB,2025-02-07,111172,1,20,0,375.0
10109728SILVAB_2025-02-07_G32,10109728SILVAB,2025-02-07,111532,1,11,0,111.0
10109728SILVAB_2025-02-07_G33,10109728SILVAB,2025-02-07,111532,1,30,0,639.0
10109728SILVAB_2025-02-07_G34,10109728SILVAB,2025-02-07,111532,1,10,0,104.0
10109728SILVAB_2025-02-07_G35,10109728SILVAB,2025-02-07,118004,1,8,0,110.0
10109728SILVAB_2025-02-07_G36,10109728SILVAB,2025-02-07,110740,1,12,0,138.0
10109728SILVAB_2025-02-07_G37,10109728SILVAB,2025-02-07,110740,1,20,0,1624.0
10109728SILVAB_2025-02-07_G38,10109728SILVAB,2025-02-07,118140,1,100,0,453.0
10109728SILVAB_2025-02-07_G39,10109728SILVAB,2025-02-07,109645,1,5,0,190.0
10109728SILVAB_2025-02-07_G40,10109728SILVAB,2025-02-07,110745,1,20,0,175.0
10109728SILVAB_2025-02-07_G41,10109728SILVAB,2025-02-07,111348,1,3,0,48.0
10109728SILVAB_2025-02-07_G42,10109728SILVAB,2025-02-07,111443,1,10,0,110.0
10109728SILVAB_2025-02-07_G43,10109728SILVAB,2025-02-07,111469,1,100,0,829.0
10109728SILVAB_2025-02-07_G44,10109728SILVAB,2025-02-07,108711,1,32,0,284.0
10109728SILVAB_2025-02-07_G45,10109728SILVAB,2025-02-07,117787,1,1,0,38.0
10109728SILVAB_2025-02-07_G46,10109728SILVAB,2025-02-07,117787,1,3,0,57.0
10109728SILVAB_2025-02-07_G47,10109728SILVAB,2025-02-07,117822,1,8,0,443.0
10109728SILVAB_2025-02-07_G48,10109728SILVAB,2025-02-07,117822,1,10,0,91.0
10109728SILVAB_2025-02-07_G49,10109728SILVAB,2025-02-07,160051,1,50,0,273.0
10109728SILVAB_2025-02-07_G50,10109728SILVAB,2025-02-07,160052,1,2,0,129.0
10109728SILVAB_2025-02-07_G51,10109728SILVAB,2025-02-07,117808,1,200,0,565.0
10109728SILVAB_2025-02-07_G52,10109728SILVAB,2025-02-07,109643,1,10,0,168.0
10109728SILVAB_2025-02-07_G53,10109728SILVAB,2025-02-07,110374,1,85,0,638.0
10109728SILVAB_2025-02-07_G55,10109728SILVAB,2025-02-07,117837,1,41,0,1452.0
10109728SILVAB_2025-02-08_G02,10109728SILVAB,2025-02-08,117787,1,100,0,644.0
10109728SILVAB_2025-02-08_G03,10109728SILVAB,2025-02-08,117834,1,46,0,1478.0
10109728SILVAB_2025-02-08_G04,10109728SILVAB,2025-02-08,117834,1,2,0,38.0
10109728SILVAB_2025-02-08_G05,10109728SILVAB,2025-02-08,118416,1,4,0,650.0
10109728SILVAB_2025-02-08_G06,10109728SILVAB,2025-02-08,110313,1,3,0,64.0
10109728SILVAB_2025-02-08_G07,10109728SILVAB,2025-02-08,111431,1,4,0,442.0
10109728SILVAB_2025-02-08_G08,10109728SILVAB,2025-02-08,118285,1,10,0,650.0
10109728SILVAB_2025-02-08_G09,10109728SILVAB,2025-02-08,110895,1,24,0,573.0
10109728SILVAB_2025-02-08_G10,10109728SILVAB,2025-02-08,111431,1,6,0,129.0
10109728SILVAB_2025-02-08_G11,10109728SILVAB,2025-02-08,118416,1,4,0,132.0
10109728SILVAB_2025-02-08_G12,10109728SILVAB,2025-02-08,117855,1,48,0,862.0
10109728SILVAB_2025-02-08_G13,10109728SILVAB,2025-02-08,107629,1,50,0,813.0
10109728SILVAB_2025-02-08_G14,10109728SILVAB,2025-02-08,117835,1,11,0,3017.0
10109728SILVAB_2025-02-08_G15,10109728SILVAB,2025-02-08,118094,1,12,0,139.0
10109728SILVAB_2025-02-08_G16,10109728SILVAB,2025-02-08,111467,1,10,0,138.0
10109728SILVAB_2025-02-08_G17,10109728SILVAB,2025-02-08,110515,1,10,0,168.0
10109728SILVAB_2025-02-08_G18,10109728SILVAB,2025-02-08,111530,1,23,0,432.0
10109728SILVAB_2025-02-08_G19,10109728SILVAB,2025-02-08,118298,1,4,0,93.0
10109728SILVAB_2025-02-08_G20,10109728SILVAB,2025-02-08,"117822, 110373",2,66,23,178.0
10109728SILVAB_2025-02-08_G21,10109728SILVAB,2025-02-08,109643,1,1,0,53.0
10109728SILVAB_2025-02-08_G22,10109728SILVAB,2025-02-08,111182,1,2,0,247.0
10109728SILVAB_2025-02-08_G23,10109728SILVAB,2025-02-08,118140,1,34,0,252.0
10109728SILVAB_2025-02-08_G24,10109728SILVAB,2025-02-08,110787,1,2,0,124.0
10109728SILVAB_2025-02-08_G25,10109728SILVAB,2025-02-08,109645,1,8,0,695.0
10109728SILVAB_2025-02-08_G26,10109728SILVAB,2025-02-08,108711,1,15,0,157.0
10109728SILVAB_2025-02-08_G27,10109728SILVAB,2025-02-08,117833,1,1,0,65.0
10109728SILVAB_2025-02-08_G28,10109728SILVAB,2025-02-08,117821,1,2,0,194.0
10109728SILVAB_2025-02-08_G29,10109728SILVAB,2025-02-08,107629,1,4,0,138.0
10109728SILVAB_2025-02-08_G30,10109728SILVAB,2025-02-08,118094,1,30,0,1288.0
10109728SILVAB_2025-02-08_G31,10109728SILVAB,2025-02-08,117853,1,6,0,291.0
10109728SILVAB_2025-02-08_G32,10109728SILVAB,2025-02-08,110313,1,4,0,93.0
10109728SILVAB_2025-02-08_G33,10109728SILVAB,2025-02-08,109640,1,14,0,158.0
10109728SILVAB_2025-02-08_G34,10109728SILVAB,2025-02-08,111467,1,7,0,244.0
10109728SILVAB_2025-02-08_G35,10109728SILVAB,2025-02-08,110515,1,18,0,658.0
10109728SILVAB_2025-02-08_G36,10109728SILVAB,2025-02-08,118298,1,4,0,51.0
10109728SILVAB_2025-02-08_G37,10109728SILVAB,2025-02-08,117786,1,8,0,112.0
10109728SILVAB_2025-02-08_G38,10109728SILVAB,2025-02-08,110711,1,16,0,145.0
10109728SILVAB_2025-02-08_G39,10109728SILVAB,2025-02-08,"115773, 110747, 115775, 115234",4,66,20,584.0
10109728SILVAB_2025-02-08_G40,10109728SILVAB,2025-02-08,110339,1,24,0,745.0
10109728SILVAB_2025-02-08_G41,10109728SILVAB,2025-02-08,111435,1,7,0,230.0
10109728SILVAB_2025-02-08_G42,10109728SILVAB,2025-02-08,111431,1,15,0,595.0
10109728SILVAB_2025-02-08_G43,10109728SILVAB,2025-02-08,111172,1,5,0,90.0
10109728SILVAB_2025-02-08_G44,10109728SILVAB,2025-02-08,140922,1,21,0,336.0
10109728SILVAB_2025-02-08_G45,10109728SILVAB,2025-02-08,111532,1,14,0,126.0
10109728SILVAB_2025-02-08_G46,10109728SILVAB,2025-02-08,118004,1,5,0,138.0
10109728SILVAB_2025-02-08_G47,10109728SILVAB,2025-02-08,110740,1,16,0,362.0
10109728SILVAB_2025-02-08_G48,10109728SILVAB,2025-02-08,111468,1,3,0,183.0
10109728SILVAB_2025-02-08_G49,10109728SILVAB,2025-02-08,118140,1,13,0,238.0
10109728SILVAB_2025-02-08_G50,10109728SILVAB,2025-02-08,111418,1,95,0,510.0
10109728SILVAB_2025-02-08_G51,10109728SILVAB,2025-02-08,109645,1,3,0,138.0
10109728SILVAB_2025-02-08_G52,10109728SILVAB,2025-02-08,110745,1,20,0,417.0
10109728SILVAB_2025-02-08_G53,10109728SILVAB,2025-02-08,111443,1,5,0,63.0
10109728SILVAB_2025-02-08_G54,10109728SILVAB,2025-02-08,117821,1,20,0,149.0
10109728SILVAB_2025-02-08_G55,10109728SILVAB,2025-02-08,111433,1,7,0,184.0
10109728SILVAB_2025-02-08_G56,10109728SILVAB,2025-02-08,"117822, 110372, 110373, 110325, 110374",5,353,53,510.0
10109728SILVAB_2025-02-08_G57,10109728SILVAB,2025-02-08,110373,1,24,0,46.0
10109728SILVAB_2025-02-09_G02,10109728SILVAB,2025-02-09,111467,1,2,0,52.0
10109728SILVAB_2025-02-09_G03,10109728SILVAB,2025-02-09,111467,1,3,0,36.0
10109728SILVAB_2025-02-09_G04,10109728SILVAB,2025-02-09,111467,1,1,0,38.0
10109728SILVAB_2025-02-09_G05,10109728SILVAB,2025-02-09,110374,1,2,0,36.0
10109728SILVAB_2025-02-09_G06,10109728SILVAB,2025-02-09,110374,1,16,0,47.0
10109728SILVAB_2025-02-09_G07,10109728SILVAB,2025-02-09,110374,1,12,0,56.0
10109728SILVAB_2025-02-09_G08,10109728SILVAB,2025-02-09,111467,1,2,0,43.0
10109728SILVAB_2025-02-09_G09,10109728SILVAB,2025-02-09,110742,1,6,0,306.0
10109728SILVAB_2025-02-09_G10,10109728SILVAB,2025-02-09,118222,1,9,0,147.0
10109728SILVAB_2025-02-09_G11,10109728SILVAB,2025-02-09,117835,1,4,0,94.0
10109728SILVAB_2025-02-09_G12,10109728SILVAB,2025-02-09,110895,1,5,0,184.0
10109728SILVAB_2025-02-09_G13,10109728SILVAB,2025-02-09,111430,1,4,0,374.0
10109728SILVAB_2025-02-09_G14,10109728SILVAB,2025-02-09,111569,1,6,0,466.0
10109728SILVAB_2025-02-09_G15,10109728SILVAB,2025-02-09,110747,1,1,0,196.0
10109728SILVAB_2025-02-09_G16,10109728SILVAB,2025-02-09,100334,1,6,0,139.0
10109728SILVAB_2025-02-09_G17,10109728SILVAB,2025-02-09,110832,1,16,0,443.0
10109728SILVAB_2025-02-09_G18,10109728SILVAB,2025-02-09,111466,1,8,0,159.0
10109728SILVAB_2025-02-09_G19,10109728SILVAB,2025-02-09,110787,1,12,0,31.0
10109728SILVAB_2025-02-09_G20,10109728SILVAB,2025-02-09,111602,1,5,0,47.0
10109728SILVAB_2025-02-09_G21,10109728SILVAB,2025-02-09,110325,1,4,0,31.0
10109728SILVAB_2025-02-09_G22,10109728SILVAB,2025-02-09,"160057, 117785",2,54,28,72.0
10109728SILVAB_2025-02-09_G23,10109728SILVAB,2025-02-09,"160055, 160054",2,16,30,34.0
10109728SILVAB_2025-02-09_G24,10109728SILVAB,2025-02-09,160051,1,4,0,67.0
10109728SILVAB_2025-02-09_G25,10109728SILVAB,2025-02-09,111602,1,14,0,212.0
10109728SILVAB_2025-02-10_G02,10109728SILVAB,2025-02-10,117861,1,4,0,115.0
10109728SILVAB_2025-02-10_G03,10109728SILVAB,2025-02-10,111876,1,2,0,257.0
10109728SILVAB_2025-02-10_G04,10109728SILVAB,2025-02-10,110339,1,16,0,1073.0
10109728SILVAB_2025-02-10_G05,10109728SILVAB,2025-02-10,110515,1,12,0,257.0
10109728SILVAB_2025-02-10_G06,10109728SILVAB,2025-02-10,111530,1,9,0,137.0
10109728SILVAB_2025-02-10_G07,10109728SILVAB,2025-02-10,117862,1,25,0,661.0
10109728SILVAB_2025-02-10_G08,10109728SILVAB,2025-02-10,111431,1,5,0,794.0
10109728SILVAB_2025-02-10_G09,10109728SILVAB,2025-02-10,111532,1,12,0,130.0
10109728SILVAB_2025-02-10_G10,10109728SILVAB,2025-02-10,111330,1,4,0,220.0
10109728SILVAB_2025-02-10_G11,10109728SILVAB,2025-02-10,111602,1,4,0,81.0
10109728SILVAB_2025-02-10_G12,10109728SILVAB,2025-02-10,111743,1,4,0,37.0
10109728SILVAB_2025-02-10_G13,10109728SILVAB,2025-02-10,110374,1,8,0,42.0
10109728SILVAB_2025-02-10_G14,10109728SILVAB,2025-02-10,118299,1,100,0,63.0
10109728SILVAB_2025-02-10_G15,10109728SILVAB,2025-02-10,117808,1,100,0,60.0
10109728SILVAB_2025-02-10_G16,10109728SILVAB,2025-02-10,118140,1,6,0,144.0
10109728SILVAB_2025-02-10_G17,10109728SILVAB,2025-02-10,111418,1,20,0,326.0
10109728SILVAB_2025-02-10_G18,10109728SILVAB,2025-02-10,111462,1,20,0,214.0
10109728SILVAB_2025-02-10_G19,10109728SILVAB,2025-02-10,111433,1,16,0,590.0
10109728SILVAB_2025-02-10_G20,10109728SILVAB,2025-02-10,116241,1,8,0,734.0
10109728SILVAB_2025-02-10_G21,10109728SILVAB,2025-02-10,117821,1,15,0,265.0
10109728SILVAB_2025-02-10_G22,10109728SILVAB,2025-02-10,110371,1,15,0,3511.0
10109728SILVAB_2025-02-10_G23,10109728SILVAB,2025-02-10,110373,1,12,0,124.0
10109728SILVAB_2025-02-10_G24,10109728SILVAB,2025-02-10,110374,1,2,0,145.0
10109728SILVAB_2025-02-10_G25,10109728SILVAB,2025-02-10,110895,1,4,0,232.0
10109728SILVAB_2025-02-10_G26,10109728SILVAB,2025-02-10,115773,1,4,0,31.0
10109728SILVAB_2025-02-10_G27,10109728SILVAB,2025-02-10,100334,1,2,0,33.0
10109728SILVAB_2025-02-10_G28,10109728SILVAB,2025-02-10,111467,1,6,0,35.0
10109728SILVAB_2025-02-10_G29,10109728SILVAB,2025-02-10,111530,1,2,0,33.0
10109728SILVAB_2025-02-10_G30,10109728SILVAB,2025-02-10,"111431, 111418, 110787, 117785",4,17,82,77.0
10109728SILVAB_2025-02-10_G31,10109728SILVAB,2025-02-10,111462,1,8,0,32.0
10109728SILVAB_2025-02-10_G32,10109728SILVAB,2025-02-10,111433,1,2,0,32.0
10109728SILVAB_2025-02-10_G33,10109728SILVAB,2025-02-10,118299,1,17,0,1094.0
10109728SILVAB_2025-02-10_G34,10109728SILVAB,2025-02-10,117809,1,3,0,78.0
10109728SILVAB_2025-02-10_G35,10109728SILVAB,2025-02-10,110372,1,30,0,542.0
10109728SILVAB_2025-02-10_G36,10109728SILVAB,2025-02-10,110371,1,8,0,525.0
10109728SILVAB_2025-02-10_G37,10109728SILVAB,2025-02-10,110787,1,12,0,477.0
10109728SILVAB_2025-02-10_G38,10109728SILVAB,2025-02-10,"110372, 110373, 110374, 118299",4,34,52,37.0
10109728SILVAB_2025-02-10_G39,10109728SILVAB,2025-02-10,117820,1,16,0,38.0
10109728SILVAB_2025-02-10_G40,10109728SILVAB,2025-02-10,111467,1,8,0,335.0
10109728SILVAB_2025-02-10_G41,10109728SILVAB,2025-02-10,118094,1,2,0,170.0
10109728SILVAB_2025-02-10_G42,10109728SILVAB,2025-02-10,118004,1,12,0,382.0
10109728SILVAB_2025-02-10_G43,10109728SILVAB,2025-02-10,111442,1,16,0,177.0
10109728SILVAB_2025-02-10_G44,10109728SILVAB,2025-02-10,110740,1,4,0,71.0
10109728SILVAB_2025-02-10_G45,10109728SILVAB,2025-02-10,110745,1,8,0,188.0
10109728SILVAB_2025-02-10_G46,10109728SILVAB,2025-02-10,107830,1,16,0,506.0
10109728SILVAB_2025-02-10_G47,10109728SILVAB,2025-02-10,111330,1,3,0,206.0
10109728SILVAB_2025-02-10_G48,10109728SILVAB,2025-02-10,111569,1,4,0,1368.0
10109728SILVAB_2025-02-10_G49,10109728SILVAB,2025-02-10,"111467, 111530, 110711",3,6,48,33.0
10109728SILVAB_2025-02-10_G50,10109728SILVAB,2025-02-10,111532,1,4,0,78.0
10109728SILVAB_2025-02-10_G51,10109728SILVAB,2025-02-10,110895,1,3,0,228.0
10109728SILVAB_2025-02-10_G52,10109728SILVAB,2025-02-10,111430,1,2,0,37.0
10109728SILVAB_2025-02-10_G53,10109728SILVAB,2025-02-10,111569,1,4,0,45.0
10109728SILVAB_2025-02-10_G54,10109728SILVAB,2025-02-10,110747,1,2,0,79.0
10109728SILVAB_2025-02-10_G55,10109728SILVAB,2025-02-10,111467,1,1,0,50.0
10109728SILVAB_2025-02-10_G56,10109728SILVAB,2025-02-10,110339,1,4,0,519.0
10109728SILVAB_2025-02-10_G57,10109728SILVAB,2025-02-10,"110515, 111530",2,5,29,79.0
10109728SILVAB_2025-02-10_G58,10109728SILVAB,2025-02-10,110711,1,4,0,88.0
10109728SILVAB_2025-02-10_G59,10109728SILVAB,2025-02-10,110740,1,2,0,129.0
10109728SILVAB_2025-02-10_G60,10109728SILVAB,2025-02-10,111468,1,4,0,262.0
10109728SILVAB_2025-02-10_G61,10109728SILVAB,2025-02-10,118140,1,8,0,121.0
10109728SILVAB_2025-02-10_G62,10109728SILVAB,2025-02-10,"111418, 110787, 110373, 110325, 117820",5,20,93,139.0
10109728SILVAB_2025-02-10_G63,10109728SILVAB,2025-02-10,111418,1,12,0,259.0
10109728SILVAB_2025-02-10_G64,10109728SILVAB,2025-02-10,111348,1,4,0,82.0
10109728SILVAB_2025-02-10_G65,10109728SILVAB,2025-02-10,110371,1,6,0,109.0
10109728SILVAB_2025-02-10_G66,10109728SILVAB,2025-02-10,110372,1,5,0,104.0
10109728SILVAB_2025-02-10_G67,10109728SILVAB,2025-02-10,110373,1,18,0,507.0
10109728SILVAB_2025-02-10_G68,10109728SILVAB,2025-02-10,110325,1,3,0,82.0
10109728SILVAB_2025-02-10_G69,10109728SILVAB,2025-02-10,117830,1,3,0,93.0
10109728SILVAB_2025-02-10_G70,10109728SILVAB,2025-02-10,117820,1,3,0,83.0
10109728SILVAB_2025-02-10_G72,10109728SILVAB,2025-02-10,110747,1,6,0,133.0
10109728SILVAB_2025-02-10_G73,10109728SILVAB,2025-02-10,"110742, 100334, 110747",3,12,46,260.0
10109728SILVAB_2025-02-10_G74,10109728SILVAB,2025-02-10,"109647, 110515, 107629",4,16,73,36.0
10109728SILVAB_2025-02-10_G75,10109728SILVAB,2025-02-10,"110740, 118140, 111418",3,65,47,49.0
10109728SILVAB_2025-02-10_G76,10109728SILVAB,2025-02-10,109645,1,14,0,32.0
10109728SILVAB_2025-02-10_G77,10109728SILVAB,2025-02-10,110745,1,8,0,75.0
10109728SILVAB_2025-02-10_G78,10109728SILVAB,2025-02-10,"110371, 110372, 110373",3,28,43,63.0
10109728SILVAB_2025-02-10_G79,10109728SILVAB,2025-02-10,110325,1,4,0,35.0
10109728SILVAB_2025-02-10_G80,10109728SILVAB,2025-02-10,"117830, 109643",2,19,29,32.0
10109728SILVAB_2025-02-10_G81,10109728SILVAB,2025-02-10,111431,1,14,0,455.0
10109728SILVAB_2025-02-10_G82,10109728SILVAB,2025-02-10,117831,1,2,0,79.0
10109728SILVAB_2025-02-10_G83,10109728SILVAB,2025-02-10,111172,1,2,0,319.0
10109728SILVAB_2025-02-10_G84,10109728SILVAB,2025-02-10,108711,1,4,0,336.0
10109728SILVAB_2025-02-10_G85,10109728SILVAB,2025-02-10,"111469, 118140",2,20,24,99.0
10109728SILVAB_2025-02-10_G86,10109728SILVAB,2025-02-10,111439,1,24,0,753.0
10109728SILVAB_2025-02-11_G02,10109728SILVAB,2025-02-11,117808,1,3,0,444.0
10109728SILVAB_2025-02-11_G03,10109728SILVAB,2025-02-11,117830,1,8,0,142.0
10109728SILVAB_2025-02-11_G04,10109728SILVAB,2025-02-11,118299,1,19,0,817.0
10109728SILVAB_2025-02-11_G05,10109728SILVAB,2025-02-11,118224,1,4,0,538.0
10109728SILVAB_2025-02-11_G06,10109728SILVAB,2025-02-11,109937,1,2,0,77.0
10109728SILVAB_2025-02-11_G07,10109728SILVAB,2025-02-11,111602,1,2,0,74.0
10109728SILVAB_2025-02-11_G08,10109728SILVAB,2025-02-11,111172,1,4,0,301.0
10109728SILVAB_2025-02-11_G09,10109728SILVAB,2025-02-11,111418,1,7,0,160.0
10109728SILVAB_2025-02-11_G10,10109728SILVAB,2025-02-11,110787,1,4,0,78.0
10109728SILVAB_2025-02-11_G11,10109728SILVAB,2025-02-11,111462,1,4,0,107.0
10109728SILVAB_2025-02-11_G12,10109728SILVAB,2025-02-11,110373,1,9,0,208.0
10109728SILVAB_2025-02-11_G13,10109728SILVAB,2025-02-11,110374,1,3,0,114.0
10109728SILVAB_2025-02-11_G14,10109728SILVAB,2025-02-11,110374,1,8,0,71.0
10109728SILVAB_2025-02-11_G15,10109728SILVAB,2025-02-11,111569,1,12,0,303.0
10109728SILVAB_2025-02-11_G16,10109728SILVAB,2025-02-11,118253,1,4,0,46.0
10109728SILVAB_2025-02-11_G17,10109728SILVAB,2025-02-11,118250,1,4,0,34.0
10109728SILVAB_2025-02-11_G18,10109728SILVAB,2025-02-11,110895,1,3,0,99.0
10109728SILVAB_2025-02-11_G19,10109728SILVAB,2025-02-11,111569,1,7,0,34.0
10109728SILVAB_2025-02-11_G20,10109728SILVAB,2025-02-11,110515,1,2,0,74.0
10109728SILVAB_2025-02-11_G21,10109728SILVAB,2025-02-11,111530,1,8,0,33.0
10109728SILVAB_2025-02-11_G22,10109728SILVAB,2025-02-11,"111532, 110740",2,12,30,96.0
10109728SILVAB_2025-02-11_G23,10109728SILVAB,2025-02-11,110373,1,8,0,45.0
10109728SILVAB_2025-02-11_G24,10109728SILVAB,2025-02-11,111467,1,6,0,559.0
10109728SILVAB_2025-02-11_G25,10109728SILVAB,2025-02-11,118094,1,4,0,85.0
10109728SILVAB_2025-02-11_G26,10109728SILVAB,2025-02-11,118140,1,8,0,227.0
10109728SILVAB_2025-02-11_G27,10109728SILVAB,2025-02-11,111462,1,5,0,154.0
10109728SILVAB_2025-02-11_G28,10109728SILVAB,2025-02-11,110372,1,3,0,262.0
10109728SILVAB_2025-02-11_G29,10109728SILVAB,2025-02-11,110373,1,6,0,89.0
10109728SILVAB_2025-02-11_G30,10109728SILVAB,2025-02-11,110374,1,4,0,118.0
10109728SILVAB_2025-02-11_G31,10109728SILVAB,2025-02-11,118299,1,14,0,275.0
10109728SILVAB_2025-02-11_G32,10109728SILVAB,2025-02-11,117808,1,14,0,241.0
10109728SILVAB_2025-02-11_G33,10109728SILVAB,2025-02-11,109643,1,5,0,357.0
10109728SILVAB_2025-02-11_G35,10109728SILVAB,2025-02-11,"118290, 118306, 110747",3,16,54,263.0
10109728SILVAB_2025-02-11_G36,10109728SILVAB,2025-02-11,111602,1,10,0,41.0
10109728SILVAB_2025-02-11_G37,10109728SILVAB,2025-02-11,"111182, 109645",2,16,26,56.0
10109728SILVAB_2025-02-11_G38,10109728SILVAB,2025-02-11,"109645, 110745",2,10,27,36.0
10109728SILVAB_2025-02-11_G39,10109728SILVAB,2025-02-11,110325,1,5,0,39.0
10109728SILVAB_2025-02-11_G40,10109728SILVAB,2025-02-11,111569,1,8,0,1037.0
10109728SILVAB_2025-02-11_G41,10109728SILVAB,2025-02-11,111602,1,4,0,108.0
10109728SILVAB_2025-02-11_G42,10109728SILVAB,2025-02-11,110372,1,4,0,83.0
10109728SILVAB_2025-02-11_G43,10109728SILVAB,2025-02-11,118299,1,6,0,155.0
10109728SILVAB_2025-02-11_G44,10109728SILVAB,2025-02-11,111435,1,4,0,3208.0
10109728SILVAB_2025-02-11_G45,10109728SILVAB,2025-02-11,111446,1,8,0,181.0
10109728SILVAB_2025-02-11_G46,10109728SILVAB,2025-02-11,118004,1,6,0,140.0
10109728SILVAB_2025-02-11_G47,10109728SILVAB,2025-02-11,110740,1,14,0,178.0
10109728SILVAB_2025-02-11_G48,10109728SILVAB,2025-02-11,118140,1,25,0,397.0
10109728SILVAB_2025-02-11_G49,10109728SILVAB,2025-02-11,110787,1,16,0,475.0
10109728SILVAB_2025-02-11_G50,10109728SILVAB,2025-02-11,108711,1,5,0,143.0
10109728SILVAB_2025-02-11_G51,10109728SILVAB,2025-02-11,105705,1,18,0,528.0
10109728SILVAB_2025-02-11_G52,10109728SILVAB,2025-02-11,117821,1,10,0,140.0
10109728SILVAB_2025-02-11_G53,10109728SILVAB,2025-02-11,111433,1,5,0,584.0
10109728SILVAB_2025-02-11_G54,10109728SILVAB,2025-02-11,111462,1,36,0,662.0
10109728SILVAB_2025-02-11_G55,10109728SILVAB,2025-02-11,111469,1,50,0,593.0
10109728SILVAB_2025-02-11_G56,10109728SILVAB,2025-02-11,109641,1,18,0,395.0
10109728SILVAB_2025-02-11_G57,10109728SILVAB,2025-02-11,111418,1,49,0,595.0
10109728SILVAB_2025-02-11_G59,10109728SILVAB,2025-02-11,118094,1,30,0,31.0
10109728SILVAB_2025-02-11_G60,10109728SILVAB,2025-02-11,110711,1,8,0,36.0
10109728SILVAB_2025-02-11_G61,10109728SILVAB,2025-02-11,107629,1,8,0,31.0
10109728SILVAB_2025-02-11_G62,10109728SILVAB,2025-02-11,116241,1,20,0,1001.0
10109728SILVAB_2025-02-11_G63,10109728SILVAB,2025-02-11,108795,1,8,0,151.0
10109728SILVAB_2025-02-11_G64,10109728SILVAB,2025-02-11,117787,1,10,0,145.0
10109728SILVAB_2025-02-11_G65,10109728SILVAB,2025-02-11,108711,1,12,0,150.0
10109728SILVAB_2025-02-11_G66,10109728SILVAB,2025-02-11,105705,1,30,0,1001.0
10109728SILVAB_2025-02-11_G67,10109728SILVAB,2025-02-11,110373,1,230,0,43.0
10109728SILVAB_2025-02-11_G68,10109728SILVAB,2025-02-11,110325,1,40,0,43.0
10109728SILVAB_2025-02-11_G69,10109728SILVAB,2025-02-11,109747,1,12,0,527.0
10109728SILVAB_2025-02-12_G02,10109728SILVAB,2025-02-12,117808,1,200,0,1071.0
10109728SILVAB_2025-02-12_G03,10109728SILVAB,2025-02-12,"118299, 109643",2,374,26,131.0
10109728SILVAB_2025-02-12_G04,10109728SILVAB,2025-02-12,110374,1,50,0,35.0
10109728SILVAB_2025-02-12_G05,10109728SILVAB,2025-02-12,118140,1,110,0,676.0
10109728SILVAB_2025-02-12_G06,10109728SILVAB,2025-02-12,111418,1,250,0,911.0
10109728SILVAB_2025-02-12_G07,10109728SILVAB,2025-02-12,111462,1,50,0,437.0
10109728SILVAB_2025-02-12_G09,10109728SILVAB,2025-02-12,117832,1,12,0,162.0
10109728SILVAB_2025-02-12_G10,10109728SILVAB,2025-02-12,117820,1,6,0,217.0
10109728SILVAB_2025-02-12_G11,10109728SILVAB,2025-02-12,117853,1,4,0,262.0
10109728SILVAB_2025-02-12_G12,10109728SILVAB,2025-02-12,117837,1,2,0,121.0
10109728SILVAB_2025-02-12_G13,10109728SILVAB,2025-02-12,117831,1,8,0,232.0
10109728SILVAB_2025-02-12_G14,10109728SILVAB,2025-02-12,117832,1,4,0,157.0
10109728SILVAB_2025-02-12_G15,10109728SILVAB,2025-02-12,140988,1,2,0,348.0
10109728SILVAB_2025-02-12_G16,10109728SILVAB,2025-02-12,117837,1,2,0,42.0
10109728SILVAB_2025-02-12_G17,10109728SILVAB,2025-02-12,141047,1,2,0,31.0
10109728SILVAB_2025-02-12_G18,10109728SILVAB,2025-02-12,117833,1,4,0,32.0
10109728SILVAB_2025-02-12_G19,10109728SILVAB,2025-02-12,117830,1,10,0,39.0
10109728SILVAB_2025-02-12_G20,10109728SILVAB,2025-02-12,108759,1,4,0,699.0
10109728SILVAB_2025-02-12_G21,10109728SILVAB,2025-02-12,111466,1,28,0,399.0
10109728SILVAB_2025-02-12_G22,10109728SILVAB,2025-02-12,111465,1,4,0,176.0
10109728SILVAB_2025-02-12_G23,10109728SILVAB,2025-02-12,"108759, 118306",2,8,25,177.0
10109728SILVAB_2025-02-12_G24,10109728SILVAB,2025-02-12,110515,1,2,0,39.0
10109728SILVAB_2025-02-12_G25,10109728SILVAB,2025-02-12,111435,1,2,0,33.0
10109728SILVAB_2025-02-12_G26,10109728SILVAB,2025-02-12,"111466, 118140, 111418, 117821",4,27,88,33.0
10109728SILVAB_2025-02-12_G27,10109728SILVAB,2025-02-12,"110372, 110374, 118299, 117830",4,38,83,50.0
10109728SILVAB_2025-02-12_G28,10109728SILVAB,2025-02-12,110515,1,2,0,170.0
10109728SILVAB_2025-02-12_G29,10109728SILVAB,2025-02-12,111466,1,11,0,203.0
10109728SILVAB_2025-02-12_G30,10109728SILVAB,2025-02-12,140988,1,2,0,888.0
10109728SILVAB_2025-02-12_G31,10109728SILVAB,2025-02-12,117837,1,3,0,140.0
10109728SILVAB_2025-02-12_G32,10109728SILVAB,2025-02-12,110339,1,1,0,85.0
10109728SILVAB_2025-02-12_G33,10109728SILVAB,2025-02-12,141047,1,2,0,125.0
10109728SILVAB_2025-02-12_G34,10109728SILVAB,2025-02-12,107629,1,2,0,98.0
10109728SILVAB_2025-02-12_G36,10109728SILVAB,2025-02-12,117833,1,2,0,74.0
10109728SILVAB_2025-02-12_G37,10109728SILVAB,2025-02-12,111462,1,2,0,32.0
10109728SILVAB_2025-02-12_G38,10109728SILVAB,2025-02-12,"117832, 117809, 117820",3,11,57,34.0
10109728SILVAB_2025-02-12_G39,10109728SILVAB,2025-02-12,110742,1,15,0,310.0
10109728SILVAB_2025-02-12_G40,10109728SILVAB,2025-02-12,109937,1,6,0,250.0
10109728SILVAB_2025-02-12_G41,10109728SILVAB,2025-02-12,110895,1,12,0,195.0
10109728SILVAB_2025-02-12_G42,10109728SILVAB,2025-02-12,111467,1,4,0,89.0
10109728SILVAB_2025-02-12_G43,10109728SILVAB,2025-02-12,110313,1,4,0,135.0
10109728SILVAB_2025-02-12_G44,10109728SILVAB,2025-02-12,110339,1,3,0,191.0
10109728SILVAB_2025-02-12_G45,10109728SILVAB,2025-02-12,141047,1,1,0,206.0
10109728SILVAB_2025-02-12_G46,10109728SILVAB,2025-02-12,"111446, 111466, 118140, 110787",4,132,72,83.0
10109728SILVAB_2025-02-12_G47,10109728SILVAB,2025-02-12,111418,1,9,0,298.0
10109728SILVAB_2025-02-12_G48,10109728SILVAB,2025-02-12,109645,1,13,0,160.0
10109728SILVAB_2025-02-12_G49,10109728SILVAB,2025-02-12,108711,1,1,0,80.0
10109728SILVAB_2025-02-12_G50,10109728SILVAB,2025-02-12,111462,1,17,0,339.0
10109728SILVAB_2025-02-12_G52,10109728SILVAB,2025-02-12,"111439, 110339",2,5,22,45.0
10109728SILVAB_2025-02-12_G53,10109728SILVAB,2025-02-12,109647,1,4,0,31.0
10109728SILVAB_2025-02-12_G54,10109728SILVAB,2025-02-12,"118298, 110711, 141047, 117862",4,22,69,37.0
10109728SILVAB_2025-02-12_G55,10109728SILVAB,2025-02-12,111435,1,2,0,482.0
10109728SILVAB_2025-02-12_G56,10109728SILVAB,2025-02-12,117831,1,2,0,136.0
10109728SILVAB_2025-02-12_G57,10109728SILVAB,2025-02-12,111418,1,20,0,419.0
10109728SILVAB_2025-02-12_G58,10109728SILVAB,2025-02-12,118004,1,6,0,151.0
10109728SILVAB_2025-02-12_G59,10109728SILVAB,2025-02-12,111743,1,1,0,104.0
10109728SILVAB_2025-02-12_G60,10109728SILVAB,2025-02-12,117785,1,6,0,144.0
10109728SILVAB_2025-02-12_G61,10109728SILVAB,2025-02-12,118140,1,4,0,108.0
10109728SILVAB_2025-02-12_G62,10109728SILVAB,2025-02-12,108795,1,1,0,68.0
10109728SILVAB_2025-02-12_G63,10109728SILVAB,2025-02-12,108711,1,1,0,77.0
10109728SILVAB_2025-02-12_G64,10109728SILVAB,2025-02-12,105705,1,8,0,170.0
10109728SILVAB_2025-02-12_G65,10109728SILVAB,2025-02-12,117821,1,2,0,99.0
10109728SILVAB_2025-02-12_G66,10109728SILVAB,2025-02-12,111462,1,6,0,96.0
10109728SILVAB_2025-02-12_G67,10109728SILVAB,2025-02-12,111465,1,6,0,245.0
10109728SILVAB_2025-02-12_G68,10109728SILVAB,2025-02-12,"118222, 117835, 117834, 110895",5,23,82,55.0
10109728SILVAB_2025-02-12_G69,10109728SILVAB,2025-02-12,"111467, 117861",2,8,24,44.0
10109728SILVAB_2025-02-12_G70,10109728SILVAB,2025-02-12,"111876, 110339, 109647",3,8,41,36.0
10109728SILVAB_2025-02-12_G71,10109728SILVAB,2025-02-12,117822,1,6,0,228.0
10109728SILVAB_2025-02-12_G72,10109728SILVAB,2025-02-12,110374,1,8,0,370.0
10109728SILVAB_2025-02-12_G73,10109728SILVAB,2025-02-12,117840,1,2,0,99.0
10109728SILVAB_2025-02-13_G02,10109728SILVAB,2025-02-13,110372,1,26,0,315.0
10109728SILVAB_2025-02-13_G03,10109728SILVAB,2025-02-13,110711,1,10,0,276.0
10109728SILVAB_2025-02-13_G04,10109728SILVAB,2025-02-13,141047,1,1,0,40.0
10109728SILVAB_2025-02-13_G05,10109728SILVAB,2025-02-13,107629,1,6,0,122.0
10109728SILVAB_2025-02-13_G06,10109728SILVAB,2025-02-13,111435,1,4,0,175.0
10109728SILVAB_2025-02-13_G07,10109728SILVAB,2025-02-13,117831,1,6,0,112.0
10109728SILVAB_2025-02-13_G08,10109728SILVAB,2025-02-13,111418,1,13,0,184.0
10109728SILVAB_2025-02-13_G09,10109728SILVAB,2025-02-13,"110740, 117785, 118140, 108795, 117787, 108711, 105705",7,41,132,287.0
10109728SILVAB_2025-02-13_G10,10109728SILVAB,2025-02-13,"117821, 111462",2,5,25,40.0
10109728SILVAB_2025-02-13_G11,10109728SILVAB,2025-02-13,111465,1,6,0,34.0
10109728SILVAB_2025-02-13_G12,10109728SILVAB,2025-02-13,"110372, 110325, 107830, 117840, 109747, 117809",6,58,135,85.0
10109728SILVAB_2025-02-13_G13,10109728SILVAB,2025-02-13,110742,1,2,0,311.0
10109728SILVAB_2025-02-13_G14,10109728SILVAB,2025-02-13,109937,1,1,0,92.0
10109728SILVAB_2025-02-13_G15,10109728SILVAB,2025-02-13,110895,1,2,0,68.0
10109728SILVAB_2025-02-13_G16,10109728SILVAB,2025-02-13,111602,1,1,0,87.0
10109728SILVAB_2025-02-13_G17,10109728SILVAB,2025-02-13,111467,1,2,0,73.0
10109728SILVAB_2025-02-13_G18,10109728SILVAB,2025-02-13,118094,1,4,0,105.0
10109728SILVAB_2025-02-13_G19,10109728SILVAB,2025-02-13,110339,1,4,0,233.0
10109728SILVAB_2025-02-13_G20,10109728SILVAB,2025-02-13,109647,1,4,0,84.0
10109728SILVAB_2025-02-13_G21,10109728SILVAB,2025-02-13,118004,1,2,0,124.0
10109728SILVAB_2025-02-13_G22,10109728SILVAB,2025-02-13,117787,1,2,0,355.0
10109728SILVAB_2025-02-13_G23,10109728SILVAB,2025-02-13,117821,1,4,0,119.0
10109728SILVAB_2025-02-13_G24,10109728SILVAB,2025-02-13,117822,1,3,0,174.0
10109728SILVAB_2025-02-13_G25,10109728SILVAB,2025-02-13,110375,1,6,0,138.0
10109728SILVAB_2025-02-13_G26,10109728SILVAB,2025-02-13,109747,1,2,0,119.0
10109728SILVAB_2025-02-13_G27,10109728SILVAB,2025-02-13,117809,1,3,0,74.0
10109728SILVAB_2025-02-13_G28,10109728SILVAB,2025-02-13,111430,1,4,0,490.0
10109728SILVAB_2025-02-13_G29,10109728SILVAB,2025-02-13,110711,1,2,0,106.0
10109728SILVAB_2025-02-13_G30,10109728SILVAB,2025-02-13,111182,1,1,0,122.0
10109728SILVAB_2025-02-13_G31,10109728SILVAB,2025-02-13,111435,1,4,0,93.0
10109728SILVAB_2025-02-13_G32,10109728SILVAB,2025-02-13,118004,1,4,0,86.0
10109728SILVAB_2025-02-13_G33,10109728SILVAB,2025-02-13,140922,1,2,0,54.0
10109728SILVAB_2025-02-13_G34,10109728SILVAB,2025-02-13,110740,1,2,0,50.0
10109728SILVAB_2025-02-13_G35,10109728SILVAB,2025-02-13,110787,1,4,0,83.0
10109728SILVAB_2025-02-13_G36,10109728SILVAB,2025-02-13,109645,1,2,0,88.0
10109728SILVAB_2025-02-13_G37,10109728SILVAB,2025-02-13,118140,1,1,0,41.0
10109728SILVAB_2025-02-13_G38,10109728SILVAB,2025-02-13,117821,1,1,0,94.0
10109728SILVAB_2025-02-13_G39,10109728SILVAB,2025-02-13,110372,1,12,0,351.0
10109728SILVAB_2025-02-13_G40,10109728SILVAB,2025-02-13,110325,1,2,0,88.0
10109728SILVAB_2025-02-13_G41,10109728SILVAB,2025-02-13,117840,1,3,0,89.0
10109728SILVAB_2025-02-13_G43,10109728SILVAB,2025-02-13,110376,1,50,0,61.0
10109728SILVAB_2025-02-13_G44,10109728SILVAB,2025-02-13,118094,1,170,0,1171.0
10109728SILVAB_2025-02-13_G45,10109728SILVAB,2025-02-13,110787,1,160,0,442.0
10109728SILVAB_2025-02-13_G46,10109728SILVAB,2025-02-13,117809,1,190,0,732.0
10109728SILVAB_2025-02-13_G47,10109728SILVAB,2025-02-13,117808,1,1200,0,1658.0
10109728SILVAB_2025-02-13_G48,10109728SILVAB,2025-02-13,109640,1,2,0,1569.0
10109728SILVAB_2025-02-13_G49,10109728SILVAB,2025-02-13,110515,1,12,0,223.0
10109728SILVAB_2025-02-13_G50,10109728SILVAB,2025-02-13,117832,1,3,0,154.0
10109728SILVAB_2025-02-13_G51,10109728SILVAB,2025-02-13,117820,1,3,0,87.0
10109728SILVAB_2025-02-13_G52,10109728SILVAB,2025-02-13,110742,1,2,0,182.0
10109728SILVAB_2025-02-13_G53,10109728SILVAB,2025-02-13,111438,1,4,0,87.0
10109728SILVAB_2025-02-13_G54,10109728SILVAB,2025-02-13,100334,1,2,0,73.0
10109728SILVAB_2025-02-13_G55,10109728SILVAB,2025-02-13,109640,1,4,0,136.0
10109728SILVAB_2025-02-13_G56,10109728SILVAB,2025-02-13,118298,1,2,0,143.0
10109728SILVAB_2025-02-13_G57,10109728SILVAB,2025-02-13,110711,1,2,0,116.0
10109728SILVAB_2025-02-13_G58,10109728SILVAB,2025-02-13,117862,1,4,0,105.0
10109728SILVAB_2025-02-13_G59,10109728SILVAB,2025-02-13,117831,1,2,0,134.0
10109728SILVAB_2025-02-13_G60,10109728SILVAB,2025-02-13,118004,1,4,0,106.0
10109728SILVAB_2025-02-13_G61,10109728SILVAB,2025-02-13,140922,1,11,0,420.0
10109728SILVAB_2025-02-13_G62,10109728SILVAB,2025-02-13,110740,1,2,0,42.0
10109728SILVAB_2025-02-13_G63,10109728SILVAB,2025-02-13,110787,1,2,0,77.0
10109728SILVAB_2025-02-13_G64,10109728SILVAB,2025-02-13,118140,1,4,0,99.0
10109728SILVAB_2025-02-13_G65,10109728SILVAB,2025-02-13,117787,1,2,0,96.0
10109728SILVAB_2025-02-13_G66,10109728SILVAB,2025-02-13,105705,1,2,0,112.0
10109728SILVAB_2025-02-13_G67,10109728SILVAB,2025-02-13,111465,1,3,0,97.0
10109728SILVAB_2025-02-13_G68,10109728SILVAB,2025-02-13,"111438, 160057",2,3,29,67.0
10109728SILVAB_2025-02-13_G69,10109728SILVAB,2025-02-13,"109640, 117786",2,15,21,32.0
10109728SILVAB_2025-02-13_G70,10109728SILVAB,2025-02-13,"160055, 118317",2,3,20,37.0
10109728SILVAB_2025-02-13_G71,10109728SILVAB,2025-02-13,117822,1,2,0,173.0
10109728SILVAB_2025-02-13_G72,10109728SILVAB,2025-02-13,110372,1,2,0,58.0
10109728SILVAB_2025-02-13_G73,10109728SILVAB,2025-02-13,110375,1,2,0,205.0
10109728SILVAB_2025-02-13_G74,10109728SILVAB,2025-02-13,109747,1,1,0,93.0
10109728SILVAB_2025-02-13_G75,10109728SILVAB,2025-02-13,117820,1,5,0,121.0
10109728SILVAB_2025-02-13_G76,10109728SILVAB,2025-02-13,160054,1,2,0,148.0
10109728SILVAB_2025-02-13_G77,10109728SILVAB,2025-02-13,117832,1,3,0,93.0
10109728SILVAB_2025-02-13_G78,10109728SILVAB,2025-02-13,160051,1,2,0,52.0
10109728SILVAB_2025-02-13_G79,10109728SILVAB,2025-02-13,117820,1,6,0,131.0
10109728SILVAB_2025-02-13_G81,10109728SILVAB,2025-02-13,"111430, 110895, 100334",3,9,46,52.0
10109728SILVAB_2025-02-13_G82,10109728SILVAB,2025-02-13,"111569, 118298",2,5,30,38.0
10109728SILVAB_2025-02-13_G83,10109728SILVAB,2025-02-13,140922,1,1,0,40.0
10109728SILVAB_2025-02-13_G84,10109728SILVAB,2025-02-13,111465,1,3,0,36.0
10109728SILVAB_2025-02-13_G85,10109728SILVAB,2025-02-13,"110373, 110371, 109747, 109643, 117820",5,21,97,135.0
10109728SILVAB_2025-02-13_G86,10109728SILVAB,2025-02-13,111430,1,1,0,266.0
10109728SILVAB_2025-02-13_G87,10109728SILVAB,2025-02-13,111438,1,1,0,99.0
10109728SILVAB_2025-02-13_G88,10109728SILVAB,2025-02-13,110339,1,2,0,85.0
10109728SILVAB_2025-02-13_G89,10109728SILVAB,2025-02-13,111418,1,3,0,129.0
10109728SILVAB_2025-02-13_G90,10109728SILVAB,2025-02-13,109645,1,2,0,118.0
10109728SILVAB_2025-02-13_G91,10109728SILVAB,2025-02-13,118223,1,3,0,79.0
10109728SILVAB_2025-02-13_G92,10109728SILVAB,2025-02-13,110374,2,8,22,419.0
10109728SILVAB_2025-02-13_G93,10109728SILVAB,2025-02-13,110371,1,1,0,77.0
10109728SILVAB_2025-02-13_G94,10109728SILVAB,2025-02-13,109643,1,2,0,280.0
10109728SILVAB_2025-02-13_G95,10109728SILVAB,2025-02-13,117832,1,1,0,181.0
10109728SILVAB_2025-02-14_G02,10109728SILVAB,2025-02-14,"111467, 110711, 111418, 111468, 110787, 109645, 118140, 111462, 111465",9,33,175,34.0
10109728SILVAB_2025-02-14_G03,10109728SILVAB,2025-02-14,"110373, 110371, 110372, 110325, 117832, 109643, 117820",7,31,141,46.0
10109728SILVAB_2025-02-14_G04,10109728SILVAB,2025-02-14,118140,1,1,0,107.0
10109728SILVAB_2025-02-14_G05,10109728SILVAB,2025-02-14,"108711, 111462",2,3,19,134.0
10109728SILVAB_2025-02-14_G06,10109728SILVAB,2025-02-14,110373,1,2,0,171.0
10109728SILVAB_2025-02-14_G07,10109728SILVAB,2025-02-14,109643,1,1,0,92.0
10109728SILVAB_2025-02-14_G08,10109728SILVAB,2025-02-14,110373,1,20,0,724.0
10109728SILVAB_2025-02-14_G09,10109728SILVAB,2025-02-14,110787,1,16,0,227.0
10109728SILVAB_2025-02-14_G10,10109728SILVAB,2025-02-14,109933,1,48,0,588.0
10109728SILVAB_2025-02-14_G11,10109728SILVAB,2025-02-14,110515,1,6,0,1041.0
10109728SILVAB_2025-02-14_G12,10109728SILVAB,2025-02-14,"110787, 110373",2,27,27,97.0
10109728SILVAB_2025-02-14_G13,10109728SILVAB,2025-02-14,117786,1,4,0,43.0
10109728SILVAB_2025-02-14_G14,10109728SILVAB,2025-02-14,118222,1,4,0,43.0
10109728SILVAB_2025-02-14_G15,10109728SILVAB,2025-02-14,110371,1,4,0,175.0
10109728SILVAB_2025-02-14_G16,10109728SILVAB,2025-02-14,109640,1,4,0,266.0
10109728SILVAB_2025-02-14_G17,10109728SILVAB,2025-02-14,111466,1,8,0,125.0
10109728SILVAB_2025-02-14_G18,10109728SILVAB,2025-02-14,118222,1,4,0,109.0
10109728SILVAB_2025-02-14_G19,10109728SILVAB,2025-02-14,111438,1,4,0,129.0
10109728SILVAB_2025-02-14_G20,10109728SILVAB,2025-02-14,111876,1,4,0,110.0
10109728SILVAB_2025-02-14_G21,10109728SILVAB,2025-02-14,110711,1,5,0,93.0
10109728SILVAB_2025-02-14_G22,10109728SILVAB,2025-02-14,111418,1,3,0,196.0
10109728SILVAB_2025-02-14_G23,10109728SILVAB,2025-02-14,118004,1,3,0,146.0
10109728SILVAB_2025-02-14_G24,10109728SILVAB,2025-02-14,109645,1,1,0,74.0
10109728SILVAB_2025-02-14_G25,10109728SILVAB,2025-02-14,117821,1,3,0,103.0
10109728SILVAB_2025-02-14_G26,10109728SILVAB,2025-02-14,111465,1,2,0,70.0
10109728SILVAB_2025-02-14_G27,10109728SILVAB,2025-02-14,109643,1,5,0,119.0
10109728SILVAB_2025-02-14_G28,10109728SILVAB,2025-02-14,117820,1,1,0,62.0
10109728SILVAB_2025-02-14_G29,10109728SILVAB,2025-02-14,110325,1,6,0,174.0
10109728SILVAB_2025-02-14_G30,10109728SILVAB,2025-02-14,"111438, 110515",2,12,29,44.0
10109728SILVAB_2025-02-14_G31,10109728SILVAB,2025-02-14,"117832, 117820",2,10,20,37.0
10109728SILVAB_2025-02-14_G32,10109728SILVAB,2025-02-14,140922,1,6,0,157.0
10109728SILVAB_2025-02-14_G33,10109728SILVAB,2025-02-14,111569,1,2,0,173.0
10109728SILVAB_2025-02-14_G34,10109728SILVAB,2025-02-14,110711,1,2,0,135.0
10109728SILVAB_2025-02-14_G35,10109728SILVAB,2025-02-14,111468,1,1,0,77.0
10109728SILVAB_2025-02-14_G36,10109728SILVAB,2025-02-14,110787,1,2,0,65.0
10109728SILVAB_2025-02-14_G37,10109728SILVAB,2025-02-14,108711,1,1,0,70.0
10109728SILVAB_2025-02-14_G38,10109728SILVAB,2025-02-14,111433,1,2,0,66.0
10109728SILVAB_2025-02-14_G39,10109728SILVAB,2025-02-14,111465,1,1,0,43.0
10109728SILVAB_2025-02-14_G40,10109728SILVAB,2025-02-14,110373,1,8,0,297.0
10109728SILVAB_2025-02-14_G41,10109728SILVAB,2025-02-14,110372,1,5,0,79.0
10109728SILVAB_2025-02-14_G42,10109728SILVAB,2025-02-14,109643,1,2,0,105.0
10109728SILVAB_2025-02-14_G43,10109728SILVAB,2025-02-14,117820,1,12,0,218.0
10109728SILVAB_2025-02-14_G45,10109728SILVAB,2025-02-14,160057,1,6,0,785.0
10109728SILVAB_2025-02-14_G46,10109728SILVAB,2025-02-14,109640,1,11,0,625.0
10109728SILVAB_2025-02-14_G47,10109728SILVAB,2025-02-14,140922,1,14,0,173.0
10109728SILVAB_2025-02-14_G48,10109728SILVAB,2025-02-14,109641,1,5,0,94.0
10109728SILVAB_2025-02-14_G49,10109728SILVAB,2025-02-14,110787,1,2,0,52.0
10109728SILVAB_2025-02-14_G50,10109728SILVAB,2025-02-14,160055,1,12,0,206.0
10109728SILVAB_2025-02-14_G51,10109728SILVAB,2025-02-14,111462,1,2,0,2627.0
10109728SILVAB_2025-02-14_G52,10109728SILVAB,2025-02-14,118317,1,4,0,68.0
10109728SILVAB_2025-02-14_G53,10109728SILVAB,2025-02-14,160054,1,10,0,387.0
10109728SILVAB_2025-02-14_G54,10109728SILVAB,2025-02-14,160051,1,10,0,221.0
10109728SILVAB_2025-02-14_G55,10109728SILVAB,2025-02-14,111466,1,53,0,1074.0
10109728SILVAB_2025-02-14_G56,10109728SILVAB,2025-02-14,109640,1,5,0,143.0
10109728SILVAB_2025-02-14_G57,10109728SILVAB,2025-02-14,107629,1,4,0,258.0
10109728SILVAB_2025-02-14_G58,10109728SILVAB,2025-02-14,105705,1,4,0,303.0
10109728SILVAB_2025-02-14_G59,10109728SILVAB,2025-02-14,111433,1,7,0,252.0
10109728SILVAB_2025-02-14_G60,10109728SILVAB,2025-02-14,110372,1,2,0,232.0
10109728SILVAB_2025-02-14_G61,10109728SILVAB,2025-02-14,110373,1,4,0,634.0
10109728SILVAB_2025-02-14_G62,10109728SILVAB,2025-02-14,160054,1,6,0,84.0
10109728SILVAB_2025-02-14_G63,10109728SILVAB,2025-02-14,160051,1,6,0,136.0
10109728SILVAB_2025-02-14_G64,10109728SILVAB,2025-02-14,117820,1,32,0,257.0
10109728SILVAB_2025-02-14_G65,10109728SILVAB,2025-02-14,118299,1,2,0,135.0
10109728SILVAB_2025-02-14_G66,10109728SILVAB,2025-02-14,118299,1,43,0,398.0
10109728SILVAB_2025-02-14_G67,10109728SILVAB,2025-02-14,110374,1,46,0,273.0
10109728SILVAB_2025-02-14_G69,10109728SILVAB,2025-02-14,118140,1,17,0,296.0
10109728SILVAB_2025-02-14_G70,10109728SILVAB,2025-02-14,110129,1,1,0,63.0
10109728SILVAB_2025-02-14_G71,10109728SILVAB,2025-02-14,117787,1,4,0,76.0
10109728SILVAB_2025-02-14_G72,10109728SILVAB,2025-02-14,160055,1,6,0,214.0
10109728SILVAB_2025-02-14_G73,10109728SILVAB,2025-02-14,111469,1,36,0,410.0
10109728SILVAB_2025-02-14_G74,10109728SILVAB,2025-02-14,111462,1,5,0,59.0
10109728SILVAB_2025-02-14_G75,10109728SILVAB,2025-02-14,111462,1,20,0,446.0
10109728SILVAB_2025-02-14_G76,10109728SILVAB,2025-02-14,111433,1,2,0,97.0
10109728SILVAB_2025-02-14_G77,10109728SILVAB,2025-02-14,111465,1,6,0,97.0
10109728SILVAB_2025-02-14_G78,10109728SILVAB,2025-02-14,111465,1,2,0,32.0
10109728SILVAB_2025-02-14_G79,10109728SILVAB,2025-02-14,111466,1,35,0,360.0
10109728SILVAB_2025-02-15_G02,10109728SILVAB,2025-02-15,118004,1,904,0,1387.0
10109728SILVAB_2025-02-15_G03,10109728SILVAB,2025-02-15,111431,1,6,0,920.0
10109728SILVAB_2025-02-15_G04,10109728SILVAB,2025-02-15,117831,1,30,0,262.0
10109728SILVAB_2025-02-15_G05,10109728SILVAB,2025-02-15,111466,1,20,0,192.0
10109728SILVAB_2025-02-15_G06,10109728SILVAB,2025-02-15,111442,2,6,20,99.0
10109728SILVAB_2025-02-15_G07,10109728SILVAB,2025-02-15,109641,1,6,0,145.0
10109728SILVAB_2025-02-15_G08,10109728SILVAB,2025-02-15,117785,1,80,0,446.0
10109728SILVAB_2025-02-15_G09,10109728SILVAB,2025-02-15,111469,1,25,0,371.0
10109728SILVAB_2025-02-15_G10,10109728SILVAB,2025-02-15,117840,1,10,0,206.0
10109728SILVAB_2025-02-15_G11,10109728SILVAB,2025-02-15,117820,1,150,0,638.0
10109728SILVAB_2025-02-15_G12,10109728SILVAB,2025-02-15,110372,1,100,0,1887.0
10109728SILVAB_2025-02-15_G13,10109728SILVAB,2025-02-15,117808,1,150,0,680.0
10109728SILVAB_2025-02-15_G14,10109728SILVAB,2025-02-15,110376,1,26,0,448.0
10109728SILVAB_2025-02-15_G16,10109728SILVAB,2025-02-15,111438,1,4,0,1081.0
10109728SILVAB_2025-02-15_G17,10109728SILVAB,2025-02-15,110752,1,4,0,96.0
10109728SILVAB_2025-02-15_G18,10109728SILVAB,2025-02-15,110787,1,16,0,230.0
10109728SILVAB_2025-02-15_G19,10109728SILVAB,2025-02-15,109645,1,2,0,62.0
10109728SILVAB_2025-02-15_G20,10109728SILVAB,2025-02-15,118004,1,3,0,122.0
10109728SILVAB_2025-02-15_G21,10109728SILVAB,2025-02-15,140911,1,6,0,173.0
10109728SILVAB_2025-02-15_G22,10109728SILVAB,2025-02-15,110787,1,8,0,633.0
10109728SILVAB_2025-02-15_G23,10109728SILVAB,2025-02-15,117837,1,2,0,193.0
10109728SILVAB_2025-02-15_G24,10109728SILVAB,2025-02-15,107629,1,2,0,117.0
10109728SILVAB_2025-02-15_G25,10109728SILVAB,2025-02-15,140922,1,4,0,163.0
10109728SILVAB_2025-02-15_G26,10109728SILVAB,2025-02-15,105705,1,4,0,238.0
10109728SILVAB_2025-02-15_G27,10109728SILVAB,2025-02-15,110752,1,4,0,1732.0
10109728SILVAB_2025-02-15_G28,10109728SILVAB,2025-02-15,118306,1,4,0,698.0
10109728SILVAB_2025-02-15_G29,10109728SILVAB,2025-02-15,111602,1,7,0,265.0
10109728SILVAB_2025-02-15_G30,10109728SILVAB,2025-02-15,108711,1,10,0,789.0
10109728SILVAB_2025-02-15_G31,10109728SILVAB,2025-02-15,116241,1,8,0,455.0
10109728SILVAB_2025-02-15_G32,10109728SILVAB,2025-02-15,111418,1,10,0,151.0
10109728SILVAB_2025-02-15_G33,10109728SILVAB,2025-02-15,110787,1,10,0,191.0
10109728SILVAB_2025-02-15_G34,10109728SILVAB,2025-02-15,117838,1,8,0,202.0
10109728SILVAB_2025-02-16_G02,10109728SILVAB,2025-02-16,111418,1,4,0,174.0
10109728SILVAB_2025-02-16_G03,10109728SILVAB,2025-02-16,111443,1,3,0,1975.0
10109728SILVAB_2025-02-16_G04,10109728SILVAB,2025-02-16,111442,1,14,0,192.0
10109728SILVAB_2025-02-16_G05,10109728SILVAB,2025-02-16,109640,1,12,0,196.0
10109728SILVAB_2025-02-16_G06,10109728SILVAB,2025-02-16,111441,1,1,0,406.0
10109728SILVAB_2025-02-16_G07,10109728SILVAB,2025-02-16,111466,1,4,0,129.0
10109728SILVAB_2025-02-16_G08,10109728SILVAB,2025-02-16,117785,1,3,0,98.0
10109728SILVAB_2025-02-17_G02,10109728SILVAB,2025-02-17,100334,1,2,0,398.0
10109728SILVAB_2025-02-17_G03,10109728SILVAB,2025-02-17,111602,1,4,0,141.0
10109728SILVAB_2025-02-17_G04,10109728SILVAB,2025-02-17,109640,1,4,0,105.0
10109728SILVAB_2025-02-17_G05,10109728SILVAB,2025-02-17,116241,1,4,0,156.0
10109728SILVAB_2025-02-17_G06,10109728SILVAB,2025-02-17,111435,1,2,0,111.0
10109728SILVAB_2025-02-17_G07,10109728SILVAB,2025-02-17,111466,1,1,0,157.0
10109728SILVAB_2025-02-17_G08,10109728SILVAB,2025-02-17,111418,1,6,0,99.0
10109728SILVAB_2025-02-17_G09,10109728SILVAB,2025-02-17,108736,1,4,0,142.0
10109728SILVAB_2025-02-17_G10,10109728SILVAB,2025-02-17,118299,1,4,0,592.0
10109728SILVAB_2025-02-17_G11,10109728SILVAB,2025-02-17,110373,1,8,0,1245.0
10109728SILVAB_2025-02-17_G12,10109728SILVAB,2025-02-17,117808,1,34,0,321.0
10109728SILVAB_2025-02-17_G13,10109728SILVAB,2025-02-17,109747,1,8,0,499.0
10109728SILVAB_2025-02-17_G14,10109728SILVAB,2025-02-17,117820,1,9,0,150.0
10109728SILVAB_2025-02-17_G15,10109728SILVAB,2025-02-17,118299,1,40,0,337.0
10109728SILVAB_2025-02-17_G16,10109728SILVAB,2025-02-17,117808,1,112,0,496.0
10109728SILVAB_2025-02-17_G17,10109728SILVAB,2025-02-17,118299,1,14,0,685.0
10109728SILVAB_2025-02-17_G18,10109728SILVAB,2025-02-17,111467,1,8,0,154.0
10109728SILVAB_2025-02-17_G19,10109728SILVAB,2025-02-17,117835,1,2,0,219.0
10109728SILVAB_2025-02-17_G20,10109728SILVAB,2025-02-17,110742,1,2,0,151.0
10109728SILVAB_2025-02-17_G21,10109728SILVAB,2025-02-17,116241,1,4,0,231.0
10109728SILVAB_2025-02-17_G22,10109728SILVAB,2025-02-17,111435,1,4,0,85.0
10109728SILVAB_2025-02-17_G23,10109728SILVAB,2025-02-17,111466,1,4,0,112.0
10109728SILVAB_2025-02-17_G24,10109728SILVAB,2025-02-17,111418,1,2,0,50.0
10109728SILVAB_2025-02-17_G25,10109728SILVAB,2025-02-17,111442,1,4,0,144.0
10109728SILVAB_2025-02-17_G27,10109728SILVAB,2025-02-17,110787,1,4,0,117.0
10109728SILVAB_2025-02-17_G28,10109728SILVAB,2025-02-17,108736,1,4,0,56.0
10109728SILVAB_2025-02-17_G29,10109728SILVAB,2025-02-17,117821,1,1,0,168.0
10109728SILVAB_2025-02-17_G30,10109728SILVAB,2025-02-17,111433,1,2,0,66.0
10109728SILVAB_2025-02-17_G31,10109728SILVAB,2025-02-17,118299,1,15,0,244.0
10109728SILVAB_2025-02-17_G32,10109728SILVAB,2025-02-17,110372,1,8,0,152.0
10109728SILVAB_2025-02-17_G33,10109728SILVAB,2025-02-17,110371,1,6,0,163.0
10109728SILVAB_2025-02-17_G34,10109728SILVAB,2025-02-17,110374,1,6,0,148.0
10109728SILVAB_2025-02-17_G35,10109728SILVAB,2025-02-17,109643,1,2,0,121.0
10109728SILVAB_2025-02-17_G36,10109728SILVAB,2025-02-17,117820,1,3,0,259.0
10109728SILVAB_2025-02-17_G37,10109728SILVAB,2025-02-17,117808,1,45,0,684.0
10109728SILVAB_2025-02-17_G38,10109728SILVAB,2025-02-17,110752,1,2,0,63.0
10109728SILVAB_2025-02-17_G39,10109728SILVAB,2025-02-17,118299,1,8,0,185.0
10109728SILVAB_2025-02-17_G40,10109728SILVAB,2025-02-17,118306,1,3,0,369.0
10109728SILVAB_2025-02-17_G41,10109728SILVAB,2025-02-17,109640,1,10,0,184.0
10109728SILVAB_2025-02-17_G42,10109728SILVAB,2025-02-17,110752,1,2,0,88.0
10109728SILVAB_2025-02-17_G43,10109728SILVAB,2025-02-17,107629,1,2,0,107.0
10109728SILVAB_2025-02-17_G44,10109728SILVAB,2025-02-17,109641,1,1,0,96.0
10109728SILVAB_2025-02-17_G45,10109728SILVAB,2025-02-17,111743,1,5,0,167.0
10109728SILVAB_2025-02-17_G46,10109728SILVAB,2025-02-17,109645,1,6,0,116.0
10109728SILVAB_2025-02-17_G47,10109728SILVAB,2025-02-17,117841,1,2,0,116.0
10109728SILVAB_2025-02-17_G48,10109728SILVAB,2025-02-17,111462,1,30,0,379.0
10109728SILVAB_2025-02-17_G49,10109728SILVAB,2025-02-17,111465,1,20,0,421.0
10109728SILVAB_2025-02-17_G50,10109728SILVAB,2025-02-17,111468,1,20,0,254.0
10109728SILVAB_2025-02-17_G51,10109728SILVAB,2025-02-17,110374,1,20,0,470.0
10109728SILVAB_2025-02-17_G52,10109728SILVAB,2025-02-17,118140,1,4,0,898.0
10109728SILVAB_2025-02-17_G53,10109728SILVAB,2025-02-17,111441,1,1,0,93.0
10109728SILVAB_2025-02-17_G54,10109728SILVAB,2025-02-17,110313,1,2,0,51.0
10109728SILVAB_2025-02-17_G55,10109728SILVAB,2025-02-17,117808,1,20,0,554.0
10109728SILVAB_2025-02-17_G56,10109728SILVAB,2025-02-17,111466,1,9,0,328.0
10109728SILVAB_2025-02-17_G57,10109728SILVAB,2025-02-17,117785,1,8,0,97.0
10109728SILVAB_2025-02-17_G58,10109728SILVAB,2025-02-17,118299,1,16,0,250.0
10109728SILVAB_2025-02-17_G59,10109728SILVAB,2025-02-17,117808,1,8,0,97.0
10109728SILVAB_2025-02-17_G60,10109728SILVAB,2025-02-17,105705,1,6,0,201.0
10109728SILVAB_2025-02-17_G61,10109728SILVAB,2025-02-17,105705,1,6,0,766.0
10109728SILVAB_2025-02-17_G62,10109728SILVAB,2025-02-17,110752,1,8,0,318.0
10109728SILVAB_2025-02-17_G63,10109728SILVAB,2025-02-17,140922,1,6,0,188.0
10109728SILVAB_2025-02-17_G64,10109728SILVAB,2025-02-17,111441,1,4,0,138.0
10109728SILVAB_2025-02-17_G65,10109728SILVAB,2025-02-17,111466,1,4,0,319.0
10109728SILVAB_2025-02-17_G66,10109728SILVAB,2025-02-17,111442,1,4,0,107.0
10109728SILVAB_2025-02-17_G67,10109728SILVAB,2025-02-17,117785,1,8,0,105.0
10109728SILVAB_2025-02-17_G68,10109728SILVAB,2025-02-17,110787,1,4,0,111.0
10109728SILVAB_2025-02-17_G69,10109728SILVAB,2025-02-17,117821,1,8,0,108.0
10109728SILVAB_2025-02-17_G70,10109728SILVAB,2025-02-17,111433,1,4,0,102.0
10109728SILVAB_2025-02-17_G71,10109728SILVAB,2025-02-17,110373,1,10,0,180.0
10109728SILVAB_2025-02-17_G72,10109728SILVAB,2025-02-17,110372,1,12,0,101.0
10109728SILVAB_2025-02-17_G73,10109728SILVAB,2025-02-17,110371,1,6,0,147.0
10109728SILVAB_2025-02-17_G74,10109728SILVAB,2025-02-17,110374,1,4,0,100.0
10109728SILVAB_2025-02-17_G75,10109728SILVAB,2025-02-17,109643,1,8,0,165.0
10109728SILVAB_2025-02-17_G76,10109728SILVAB,2025-02-17,109747,1,4,0,275.0
10109728SILVAB_2025-02-17_G77,10109728SILVAB,2025-02-17,117820,1,1,0,63.0
10109728SILVAB_2025-02-17_G78,10109728SILVAB,2025-02-17,117808,1,40,0,33.0
10109728SILVAB_2025-02-17_G80,10109728SILVAB,2025-02-17,111876,1,8,0,130.0
10109728SILVAB_2025-02-17_G81,10109728SILVAB,2025-02-17,111442,1,12,0,981.0
10109728SILVAB_2025-02-17_G82,10109728SILVAB,2025-02-17,109641,1,12,0,178.0
10109728SILVAB_2025-02-17_G83,10109728SILVAB,2025-02-17,111469,1,154,0,1454.0
10109728SILVAB_2025-02-18_G02,10109728SILVAB,2025-02-18,108759,1,4,0,89.0
10109728SILVAB_2025-02-18_G03,10109728SILVAB,2025-02-18,118222,1,10,0,284.0
10109728SILVAB_2025-02-18_G04,10109728SILVAB,2025-02-18,117835,1,6,0,118.0
10109728SILVAB_2025-02-18_G05,10109728SILVAB,2025-02-18,117834,1,7,0,171.0
10109728SILVAB_2025-02-18_G06,10109728SILVAB,2025-02-18,111850,1,4,0,90.0
10109728SILVAB_2025-02-18_G07,10109728SILVAB,2025-02-18,109937,1,4,0,183.0
10109728SILVAB_2025-02-18_G08,10109728SILVAB,2025-02-18,110895,1,2,0,95.0
10109728SILVAB_2025-02-18_G09,10109728SILVAB,2025-02-18,100334,1,10,0,1035.0
10109728SILVAB_2025-02-18_G10,10109728SILVAB,2025-02-18,117837,1,4,0,668.0
10109728SILVAB_2025-02-18_G11,10109728SILVAB,2025-02-18,117837,1,4,0,66.0
10109728SILVAB_2025-02-18_G12,10109728SILVAB,2025-02-18,109640,1,1,0,119.0
10109728SILVAB_2025-02-18_G13,10109728SILVAB,2025-02-18,110339,1,5,0,123.0
10109728SILVAB_2025-02-18_G14,10109728SILVAB,2025-02-18,117837,1,4,0,489.0
10109728SILVAB_2025-02-18_G15,10109728SILVAB,2025-02-18,111466,1,38,0,507.0
10109728SILVAB_2025-02-18_G16,10109728SILVAB,2025-02-18,111418,1,46,0,471.0
10109728SILVAB_2025-02-18_G17,10109728SILVAB,2025-02-18,110740,1,23,0,346.0
10109728SILVAB_2025-02-18_G18,10109728SILVAB,2025-02-18,109645,1,3,0,128.0
10109728SILVAB_2025-02-18_G19,10109728SILVAB,2025-02-18,118140,1,9,0,180.0
10109728SILVAB_2025-02-18_G20,10109728SILVAB,2025-02-18,118223,1,6,0,89.0
10109728SILVAB_2025-02-18_G21,10109728SILVAB,2025-02-18,105705,1,12,0,258.0
10109728SILVAB_2025-02-18_G22,10109728SILVAB,2025-02-18,111433,1,10,0,177.0
10109728SILVAB_2025-02-18_G23,10109728SILVAB,2025-02-18,111469,1,47,0,689.0
10109728SILVAB_2025-02-18_G25,10109728SILVAB,2025-02-18,110373,1,77,0,792.0
10109728SILVAB_2025-02-18_G26,10109728SILVAB,2025-02-18,107830,1,6,0,218.0
10109728SILVAB_2025-02-18_G27,10109728SILVAB,2025-02-18,109643,1,6,0,120.0
10109728SILVAB_2025-02-18_G28,10109728SILVAB,2025-02-18,117840,1,12,0,112.0
10109728SILVAB_2025-02-18_G29,10109728SILVAB,2025-02-18,117820,1,19,0,263.0
10109728SILVAB_2025-02-18_G30,10109728SILVAB,2025-02-18,117808,1,100,0,687.0
10109728SILVAB_2025-02-18_G31,10109728SILVAB,2025-02-18,110371,1,70,0,686.0
10109728SILVAB_2025-02-18_G32,10109728SILVAB,2025-02-18,118222,1,30,0,894.0
10109728SILVAB_2025-02-18_G33,10109728SILVAB,2025-02-18,117835,1,8,0,729.0
10109728SILVAB_2025-02-18_G34,10109728SILVAB,2025-02-18,111850,1,8,0,105.0
10109728SILVAB_2025-02-18_G35,10109728SILVAB,2025-02-18,110895,1,8,0,117.0
10109728SILVAB_2025-02-18_G36,10109728SILVAB,2025-02-18,100334,1,2,0,88.0
10109728SILVAB_2025-02-18_G37,10109728SILVAB,2025-02-18,111569,1,1,0,88.0
10109728SILVAB_2025-02-18_G38,10109728SILVAB,2025-02-18,118290,1,8,0,199.0
10109728SILVAB_2025-02-18_G39,10109728SILVAB,2025-02-18,109640,1,6,0,215.0
10109728SILVAB_2025-02-18_G40,10109728SILVAB,2025-02-18,110339,1,1,0,74.0
10109728SILVAB_2025-02-18_G41,10109728SILVAB,2025-02-18,111435,1,3,0,367.0
10109728SILVAB_2025-02-18_G42,10109728SILVAB,2025-02-18,111418,1,50,0,937.0
10109728SILVAB_2025-02-18_G43,10109728SILVAB,2025-02-18,140922,1,6,0,115.0
10109728SILVAB_2025-02-18_G44,10109728SILVAB,2025-02-18,109641,1,10,0,333.0
10109728SILVAB_2025-02-18_G45,10109728SILVAB,2025-02-18,110740,1,14,0,235.0
10109728SILVAB_2025-02-18_G46,10109728SILVAB,2025-02-18,117785,1,25,0,226.0
10109728SILVAB_2025-02-18_G47,10109728SILVAB,2025-02-18,118140,1,31,0,397.0
10109728SILVAB_2025-02-18_G48,10109728SILVAB,2025-02-18,118223,1,6,0,96.0
10109728SILVAB_2025-02-18_G49,10109728SILVAB,2025-02-18,105705,1,4,0,122.0
10109728SILVAB_2025-02-18_G50,10109728SILVAB,2025-02-18,118004,1,14,0,137.0
10109728SILVAB_2025-02-18_G51,10109728SILVAB,2025-02-18,111466,1,26,0,178.0
10109728SILVAB_2025-02-18_G52,10109728SILVAB,2025-02-18,111469,1,34,0,370.0
10109728SILVAB_2025-02-18_G53,10109728SILVAB,2025-02-18,111462,1,28,0,365.0
10109728SILVAB_2025-02-18_G55,10109728SILVAB,2025-02-18,109641,1,52,0,478.0
10109728SILVAB_2025-02-18_G56,10109728SILVAB,2025-02-18,109649,1,278,0,1740.0
10109728SILVAB_2025-02-18_G57,10109728SILVAB,2025-02-18,111465,1,27,0,322.0
10109728SILVAB_2025-02-19_G02,10109728SILVAB,2025-02-19,110841,1,2,0,3131.0
10109728SILVAB_2025-02-19_G03,10109728SILVAB,2025-02-19,110895,1,8,0,243.0
10109728SILVAB_2025-02-19_G04,10109728SILVAB,2025-02-19,109471,1,2,0,130.0
10109728SILVAB_2025-02-19_G05,10109728SILVAB,2025-02-19,110475,1,2,0,336.0
10109728SILVAB_2025-02-19_G06,10109728SILVAB,2025-02-19,108759,1,2,0,81.0
10109728SILVAB_2025-02-19_G07,10109728SILVAB,2025-02-19,110756,1,16,0,1284.0
10109728SILVAB_2025-02-19_G08,10109728SILVAB,2025-02-19,108361,1,3,0,62.0
10109728SILVAB_2025-02-19_G09,10109728SILVAB,2025-02-19,140957,1,3,0,161.0
10109728SILVAB_2025-02-19_G10,10109728SILVAB,2025-02-19,111602,1,30,0,421.0
10109728SILVAB_2025-02-19_G12,10109728SILVAB,2025-02-19,111876,1,8,0,209.0
10109728SILVAB_2025-02-19_G13,10109728SILVAB,2025-02-19,110750,1,30,0,371.0
10109728SILVAB_2025-02-19_G14,10109728SILVAB,2025-02-19,118298,1,80,0,1186.0
10109728SILVAB_2025-02-19_G15,10109728SILVAB,2025-02-19,141047,1,10,0,330.0
10109728SILVAB_2025-02-19_G16,10109728SILVAB,2025-02-19,117788,1,100,0,641.0
10109728SILVAB_2025-02-19_G17,10109728SILVAB,2025-02-19,110753,1,1,0,556.0
10109728SILVAB_2025-02-19_G18,10109728SILVAB,2025-02-19,110373,1,80,0,450.0
10109728SILVAB_2025-02-19_G19,10109728SILVAB,2025-02-19,107830,1,30,0,624.0
10109728SILVAB_2025-02-19_G20,10109728SILVAB,2025-02-19,109643,1,50,0,1323.0
10109728SILVAB_2025-02-19_G21,10109728SILVAB,2025-02-19,117840,1,24,0,246.0
10109728SILVAB_2025-02-19_G22,10109728SILVAB,2025-02-19,117832,1,50,0,939.0
10109728SILVAB_2025-02-19_G23,10109728SILVAB,2025-02-19,110375,1,220,0,709.0
10109728SILVAB_2025-02-19_G24,10109728SILVAB,2025-02-19,109747,1,120,0,687.0
10109728SILVAB_2025-02-19_G25,10109728SILVAB,2025-02-19,110376,1,11,0,644.0
10109728SILVAB_2025-02-19_G26,10109728SILVAB,2025-02-19,111465,1,20,0,301.0
10109728SILVAB_2025-02-19_G28,10109728SILVAB,2025-02-19,110332,1,4,0,305.0
10109728SILVAB_2025-02-19_G29,10109728SILVAB,2025-02-19,111435,1,2,0,452.0
10109728SILVAB_2025-02-19_G30,10109728SILVAB,2025-02-19,111418,1,10,0,197.0
10109728SILVAB_2025-02-19_G31,10109728SILVAB,2025-02-19,111418,1,10,0,285.0
10109728SILVAB_2025-02-19_G32,10109728SILVAB,2025-02-19,111463,1,14,0,279.0
10109728SILVAB_2025-02-19_G33,10109728SILVAB,2025-02-19,111463,1,10,0,122.0
10109728SILVAB_2025-02-19_G34,10109728SILVAB,2025-02-19,117787,1,2,0,377.0
10109728SILVAB_2025-02-19_G35,10109728SILVAB,2025-02-19,107236,1,2,0,96.0
10109728SILVAB_2025-02-25_G03,10109728SILVAB,2025-02-25,114097,1,8,0,176.0
10109728SILVAB_2025-02-25_G04,10109728SILVAB,2025-02-25,118253,1,28,0,148.0
10109728SILVAB_2025-02-25_G05,10109728SILVAB,2025-02-25,109640,1,16,0,308.0
10109728SILVAB_2025-02-25_G06,10109728SILVAB,2025-02-25,105744,1,4,0,401.0
10109728SILVAB_2025-02-25_G07,10109728SILVAB,2025-02-25,111182,1,1,0,157.0
10109728SILVAB_2025-02-25_G08,10109728SILVAB,2025-02-25,118326,1,20,0,248.0
10109728SILVAB_2025-02-25_G09,10109728SILVAB,2025-02-25,110753,1,28,0,345.0
10109728SILVAB_2025-02-25_G10,10109728SILVAB,2025-02-25,111743,1,17,0,432.0
10109728SILVAB_2025-02-25_G11,10109728SILVAB,2025-02-25,114099,1,16,0,205.0
10109728SILVAB_2025-02-25_G12,10109728SILVAB,2025-02-25,111465,1,32,0,198.0
10109728SILVAB_2025-02-25_G13,10109728SILVAB,2025-02-25,109649,1,6,0,158.0
10109728SILVAB_2025-02-25_G14,10109728SILVAB,2025-02-25,110339,1,51,0,231.0
10109728SILVAB_2025-02-25_G15,10109728SILVAB,2025-02-25,110515,1,1,0,2557.0
10109728SILVAB_2025-02-25_G16,10109728SILVAB,2025-02-25,117831,1,4,0,329.0
10109728SILVAB_2025-02-25_G17,10109728SILVAB,2025-02-25,117830,1,12,0,623.0
10109728SILVAB_2025-02-25_G18,10109728SILVAB,2025-02-25,108794,1,4,0,197.0
10109728SILVAB_2025-02-25_G19,10109728SILVAB,2025-02-25,117830,1,8,0,189.0
10109728SILVAB_2025-02-25_G20,10109728SILVAB,2025-02-25,111469,1,8,0,202.0
10109728SILVAB_2025-02-25_G21,10109728SILVAB,2025-02-25,111463,1,1,0,83.0
10109728SILVAB_2025-02-25_G22,10109728SILVAB,2025-02-25,111469,1,4,0,407.0
10109728SILVAB_2025-02-25_G23,10109728SILVAB,2025-02-25,118222,1,4,0,749.0
10109728SILVAB_2025-02-25_G24,10109728SILVAB,2025-02-25,111569,1,2,0,73.0
10109728SILVAB_2025-02-25_G25,10109728SILVAB,2025-02-25,111418,1,2,0,83.0
10109728SILVAB_2025-02-25_G26,10109728SILVAB,2025-02-25,110373,1,1,0,32.0
10109728SILVAB_2025-02-25_G27,10109728SILVAB,2025-02-25,110371,1,1,0,59.0
10109728SILVAB_2025-02-25_G28,10109728SILVAB,2025-02-25,110372,1,1,0,126.0
10109728SILVAB_2025-02-25_G29,10109728SILVAB,2025-02-25,110374,1,3,0,121.0
10109728SILVAB_2025-02-25_G30,10109728SILVAB,2025-02-25,117808,1,9,0,92.0
10109728SILVAB_2025-02-25_G32,10109728SILVAB,2025-02-25,111850,1,4,0,97.0
10109728SILVAB_2025-02-25_G33,10109728SILVAB,2025-02-25,107254,1,4,0,128.0
10109728SILVAB_2025-02-25_G34,10109728SILVAB,2025-02-25,118403,1,10,0,364.0
10109728SILVAB_2025-02-25_G35,10109728SILVAB,2025-02-25,111602,1,8,0,114.0
10109728SILVAB_2025-02-25_G36,10109728SILVAB,2025-02-25,110711,1,10,0,118.0
10109728SILVAB_2025-02-25_G37,10109728SILVAB,2025-02-25,110515,1,30,0,247.0
10109728SILVAB_2025-02-25_G38,10109728SILVAB,2025-02-25,110339,1,5,0,108.0
10109728SILVAB_2025-02-25_G39,10109728SILVAB,2025-02-25,111532,1,8,0,373.0
10109728SILVAB_2025-02-25_G40,10109728SILVAB,2025-02-25,111468,1,10,0,126.0
10109728SILVAB_2025-02-25_G41,10109728SILVAB,2025-02-25,111418,1,20,0,394.0
10109728SILVAB_2025-02-25_G42,10109728SILVAB,2025-02-25,110787,1,16,0,259.0
10109728SILVAB_2025-02-25_G43,10109728SILVAB,2025-02-25,108794,1,12,0,265.0
10109728SILVAB_2025-02-25_G44,10109728SILVAB,2025-02-25,111465,1,8,0,110.0
10109728SILVAB_2025-02-25_G45,10109728SILVAB,2025-02-25,118299,1,1000,0,3586.0
10109728SILVAB_2025-02-28_G02,10109728SILVAB,2025-02-28,110895,1,12,0,350.0
10109728SILVAB_2025-02-28_G03,10109728SILVAB,2025-02-28,103148,1,2,0,77.0
10109728SILVAB_2025-02-28_G04,10109728SILVAB,2025-02-28,109974,1,2,0,104.0
10109728SILVAB_2025-02-28_G05,10109728SILVAB,2025-02-28,109647,1,6,0,154.0
10109728SILVAB_2025-02-28_G06,10109728SILVAB,2025-02-28,109647,1,8,0,274.0
10109728SILVAB_2025-02-28_G07,10109728SILVAB,2025-02-28,118403,1,11,0,301.0
10109728SILVAB_2025-02-28_G08,10109728SILVAB,2025-02-28,117856,1,18,0,487.0
10109728SILVAB_2025-02-28_G09,10109728SILVAB,2025-02-28,117856,1,10,0,457.0
10109728SILVAB_2025-02-28_G10,10109728SILVAB,2025-02-28,117856,1,6,0,115.0
10109728SILVAB_2025-02-28_G11,10109728SILVAB,2025-02-28,110733,1,23,0,291.0
10109728SILVAB_2025-02-28_G12,10109728SILVAB,2025-02-28,111602,1,20,0,407.0
10109728SILVAB_2025-02-28_G13,10109728SILVAB,2025-02-28,110711,1,8,0,74.0
10109728SILVAB_2025-02-28_G14,10109728SILVAB,2025-02-28,109640,1,3,0,78.0
10109728SILVAB_2025-02-28_G15,10109728SILVAB,2025-02-28,117786,1,20,0,317.0
10109728SILVAB_2025-02-28_G16,10109728SILVAB,2025-02-28,117935,1,2,0,361.0
10109728SILVAB_2025-02-28_G17,10109728SILVAB,2025-02-28,110515,1,12,0,191.0
10109728SILVAB_2025-02-28_G18,10109728SILVAB,2025-02-28,111530,1,50,0,563.0
10109728SILVAB_2025-02-28_G19,10109728SILVAB,2025-02-28,111182,1,4,0,457.0
10109728SILVAB_2025-02-28_G20,10109728SILVAB,2025-02-28,111431,1,2,0,145.0
10109728SILVAB_2025-02-28_G21,10109728SILVAB,2025-02-28,111330,1,3,0,337.0
10109728SILVAB_2025-02-28_G22,10109728SILVAB,2025-02-28,117787,1,10,0,121.0
10109728SILVAB_2025-02-28_G23,10109728SILVAB,2025-02-28,111532,1,30,0,479.0
10109728SILVAB_2025-02-28_G24,10109728SILVAB,2025-02-28,140922,1,8,0,122.0
10109728SILVAB_2025-02-28_G25,10109728SILVAB,2025-02-28,111468,1,4,0,70.0
10109728SILVAB_2025-02-28_G26,10109728SILVAB,2025-02-28,111468,1,6,0,85.0
10109728SILVAB_2025-02-28_G27,10109728SILVAB,2025-02-28,111172,1,3,0,144.0
10109728SILVAB_2025-02-28_G28,10109728SILVAB,2025-02-28,111418,1,59,0,386.0
10109728SILVAB_2025-02-28_G29,10109728SILVAB,2025-02-28,111418,1,51,0,723.0
10109728SILVAB_2025-02-28_G30,10109728SILVAB,2025-02-28,117838,1,16,0,215.0
10109728SILVAB_2025-02-28_G31,10109728SILVAB,2025-02-28,110129,1,2,0,275.0
10109728SILVAB_2025-02-28_G32,10109728SILVAB,2025-02-28,110129,1,6,0,227.0
10109728SILVAB_2025-02-28_G33,10109728SILVAB,2025-02-28,118140,1,36,0,410.0
10109728SILVAB_2025-02-28_G34,10109728SILVAB,2025-02-28,118140,1,19,0,317.0
10109728SILVAB_2025-02-28_G35,10109728SILVAB,2025-02-28,111466,1,32,0,236.0
10109728SILVAB_2025-02-28_G36,10109728SILVAB,2025-02-28,111469,1,30,0,866.0
10109728SILVAB_2025-02-28_G37,10109728SILVAB,2025-02-28,111462,1,23,0,131.0
10109728SILVAB_2025-02-28_G38,10109728SILVAB,2025-02-28,110373,1,56,0,507.0
10109728SILVAB_2025-02-28_G39,10109728SILVAB,2025-02-28,110373,1,80,0,270.0
10109728SILVAB_2025-03-08_G02,10109728SILVAB,2025-03-08,123561,1,8,0,799.0
10109728SILVAB_2025-03-08_G03,10109728SILVAB,2025-03-08,123908,1,10,0,349.0
10109728SILVAB_2025-03-08_G04,10109728SILVAB,2025-03-08,122985,1,22,0,838.0
10109728SILVAB_2025-03-08_G05,10109728SILVAB,2025-03-08,122185,1,156,0,3355.0
10109728SILVAB_2025-03-08_G06,10109728SILVAB,2025-03-08,122962,1,12,0,1582.0
10109728SILVAB_2025-03-11_G02,10109728SILVAB,2025-03-11,118306,1,20,0,485.0
10109728SILVAB_2025-03-11_G03,10109728SILVAB,2025-03-11,111438,1,2,0,719.0
10109728SILVAB_2025-03-11_G04,10109728SILVAB,2025-03-11,110747,1,19,0,384.0
10109728SILVAB_2025-03-11_G05,10109728SILVAB,2025-03-11,117836,1,16,0,581.0
10109728SILVAB_2025-03-11_G06,10109728SILVAB,2025-03-11,118222,1,21,0,459.0
10109728SILVAB_2025-03-11_G07,10109728SILVAB,2025-03-11,111430,4,35,30,240.0
10109728SILVAB_2025-03-12_G02,10109728SILVAB,2025-03-12,111418,1,46,0,548.0
10109728SILVAB_2025-03-12_G03,10109728SILVAB,2025-03-12,111418,1,30,0,44.0
10109728SILVAB_2025-03-12_G04,10109728SILVAB,2025-03-12,111418,1,74,0,172.0
10109728SILVAB_2025-03-12_G05,10109728SILVAB,2025-03-12,118317,1,41,0,465.0
10109728SILVAB_2025-03-12_G06,10109728SILVAB,2025-03-12,110787,1,5,0,542.0
10109728SILVAB_2025-03-12_G07,10109728SILVAB,2025-03-12,108794,1,2,0,149.0
10109728SILVAB_2025-03-12_G08,10109728SILVAB,2025-03-12,111469,1,23,0,209.0
10109728SILVAB_2025-03-12_G09,10109728SILVAB,2025-03-12,111463,1,2,0,220.0
10109728SILVAB_2025-03-12_G10,10109728SILVAB,2025-03-12,111433,1,17,0,314.0
10109728SILVAB_2025-03-12_G11,10109728SILVAB,2025-03-12,111465,1,49,0,418.0
10109728SILVAB_2025-03-12_G12,10109728SILVAB,2025-03-12,111465,1,4,0,35.0
10109728SILVAB_2025-03-12_G13,10109728SILVAB,2025-03-12,111463,1,140,0,797.0
10109728SILVAB_2025-03-12_G14,10109728SILVAB,2025-03-12,111466,1,61,0,717.0
10109728SILVAB_2025-03-12_G15,10109728SILVAB,2025-03-12,117935,1,110,0,1404.0
10109728SILVAB_2025-03-12_G16,10109728SILVAB,2025-03-12,111530,1,250,0,1455.0
10109728SILVAB_2025-03-12_G17,10109728SILVAB,2025-03-12,111463,1,115,0,346.0
10109728SILVAB_2025-03-12_G18,10109728SILVAB,2025-03-12,111466,1,310,0,3149.0
10109728SILVAB_2025-03-12_G20,10109728SILVAB,2025-03-12,111463,1,17,0,462.0
10109728SILVAB_2025-03-12_G21,10109728SILVAB,2025-03-12,111466,1,4,0,83.0
10109728SILVAB_2025-03-12_G22,10109728SILVAB,2025-03-12,111466,1,30,0,353.0
10109728SILVAB_2025-03-12_G23,10109728SILVAB,2025-03-12,111532,1,20,0,243.0
10109728SILVAB_2025-03-12_G24,10109728SILVAB,2025-03-12,111468,1,6,0,104.0
10109728SILVAB_2025-03-12_G25,10109728SILVAB,2025-03-12,117785,1,2,0,49.0
10109728SILVAB_2025-03-12_G26,10109728SILVAB,2025-03-12,118140,1,2,0,399.0
10109728SILVAB_2025-03-12_G27,10109728SILVAB,2025-03-12,118140,1,40,0,60.0
10109728SILVAB_2025-03-12_G28,10109728SILVAB,2025-03-12,110745,1,6,0,353.0
10109728SILVAB_2025-03-12_G29,10109728SILVAB,2025-03-12,111442,1,3,0,51.0
10109728SILVAB_2025-03-12_G30,10109728SILVAB,2025-03-12,108711,1,12,0,115.0
10109728SILVAB_2025-03-12_G31,10109728SILVAB,2025-03-12,110787,1,2,0,84.0
10109728SILVAB_2025-03-12_G32,10109728SILVAB,2025-03-12,110787,1,4,0,35.0
10109728SILVAB_2025-03-12_G33,10109728SILVAB,2025-03-12,105705,1,2,0,76.0
10109728SILVAB_2025-03-12_G34,10109728SILVAB,2025-03-12,111433,1,42,0,285.0
10109728SILVAB_2025-03-12_G35,10109728SILVAB,2025-03-12,111433,1,4,0,208.0
10109728SILVAB_2025-03-12_G36,10109728SILVAB,2025-03-12,111465,1,2,0,45.0
10109728SILVAB_2025-03-12_G37,10109728SILVAB,2025-03-12,111466,1,4,0,315.0
10109728SILVAB_2025-03-12_G38,10109728SILVAB,2025-03-12,140922,1,14,0,184.0
10109728SILVAB_2025-03-12_G39,10109728SILVAB,2025-03-12,117785,1,8,0,109.0
10109728SILVAB_2025-03-12_G40,10109728SILVAB,2025-03-12,108711,1,6,0,304.0
10109728SILVAB_2025-03-12_G41,10109728SILVAB,2025-03-12,108711,1,2,0,36.0
10109728SILVAB_2025-03-12_G42,10109728SILVAB,2025-03-12,110787,1,4,0,90.0
10109728SILVAB_2025-03-12_G43,10109728SILVAB,2025-03-12,117821,1,10,0,174.0
10109728SILVAB_2025-03-12_G44,10109728SILVAB,2025-03-12,111462,1,9,0,90.0
10109728SILVAB_2025-03-12_G45,10109728SILVAB,2025-03-12,111433,2,14,15,438.0
10109728SILVAB_2025-03-12_G46,10109728SILVAB,2025-03-12,109647,1,2,0,2024.0
10109728SILVAB_2025-03-12_G47,10109728SILVAB,2025-03-12,118094,1,2,0,110.0
10109728SILVAB_2025-03-12_G48,10109728SILVAB,2025-03-12,110313,1,2,0,58.0
10109728SILVAB_2025-03-12_G49,10109728SILVAB,2025-03-12,111602,1,8,0,145.0
10109728SILVAB_2025-03-12_G50,10109728SILVAB,2025-03-12,110741,1,4,0,78.0
10109728SILVAB_2025-03-12_G51,10109728SILVAB,2025-03-12,116241,1,20,0,863.0
10109728SILVAB_2025-03-12_G52,10109728SILVAB,2025-03-12,140922,1,10,0,1000.0
10109728SILVAB_2025-03-12_G53,10109728SILVAB,2025-03-12,109641,1,13,0,168.0
10109728SILVAB_2025-03-12_G54,10109728SILVAB,2025-03-12,109645,1,9,0,145.0
10109728SILVAB_2025-03-12_G55,10109728SILVAB,2025-03-12,111462,1,10,0,201.0
10109728SILVAB_2025-03-12_G56,10109728SILVAB,2025-03-12,111462,1,2,0,57.0
10109728SILVAB_2025-03-12_G57,10109728SILVAB,2025-03-12,111433,1,4,0,76.0
10109728SILVAB_2025-03-12_G58,10109728SILVAB,2025-03-12,117808,1,335,0,717.0
10109728SILVAB_2025-03-12_G59,10109728SILVAB,2025-03-12,110371,1,2,0,51.0
10109728SILVAB_2025-03-12_G60,10109728SILVAB,2025-03-12,117832,1,2,0,180.0
10109728SILVAB_2025-03-13_G02,10109728SILVAB,2025-03-13,117820,1,17,0,190.0
10109728SILVAB_2025-03-13_G03,10109728SILVAB,2025-03-13,118306,1,4,0,156.0
10109728SILVAB_2025-03-13_G04,10109728SILVAB,2025-03-13,111569,1,11,0,155.0
10109728SILVAB_2025-03-13_G05,10109728SILVAB,2025-03-13,110339,1,2,0,92.0
10109728SILVAB_2025-03-13_G06,10109728SILVAB,2025-03-13,111466,1,14,0,295.0
10109728SILVAB_2025-03-13_G07,10109728SILVAB,2025-03-13,111466,1,4,0,52.0
10109728SILVAB_2025-03-13_G08,10109728SILVAB,2025-03-13,118140,1,6,0,64.0
10109728SILVAB_2025-03-13_G09,10109728SILVAB,2025-03-13,118299,1,11,0,123.0
10109728SILVAB_2025-03-13_G10,10109728SILVAB,2025-03-13,110372,1,8,0,87.0
10109728SILVAB_2025-03-13_G11,10109728SILVAB,2025-03-13,111430,1,8,0,1477.0
10109728SILVAB_2025-03-13_G12,10109728SILVAB,2025-03-13,110747,1,4,0,87.0
10109728SILVAB_2025-03-13_G13,10109728SILVAB,2025-03-13,"111430, 111569, 100334",4,42,66,336.0
10109728SILVAB_2025-03-13_G14,10109728SILVAB,2025-03-13,118094,1,7,0,1272.0
10109728SILVAB_2025-03-13_G15,10109728SILVAB,2025-03-13,111602,1,2,0,90.0
10109728SILVAB_2025-03-13_G16,10109728SILVAB,2025-03-13,107629,1,4,0,93.0
10109728SILVAB_2025-03-13_G17,10109728SILVAB,2025-03-13,111530,1,19,0,451.0
10109728SILVAB_2025-03-13_G18,10109728SILVAB,2025-03-13,110339,1,5,0,142.0
10109728SILVAB_2025-03-13_G19,10109728SILVAB,2025-03-13,117785,1,7,0,222.0
10109728SILVAB_2025-03-13_G20,10109728SILVAB,2025-03-13,118140,1,5,0,74.0
10109728SILVAB_2025-03-13_G22,10109728SILVAB,2025-03-13,111463,2,42,13,132.0
10109728SILVAB_2025-03-13_G23,10109728SILVAB,2025-03-13,111466,1,40,0,891.0
10109728SILVAB_2025-03-13_G24,10109728SILVAB,2025-03-13,111466,1,4,0,77.0
10109728SILVAB_2025-03-13_G25,10109728SILVAB,2025-03-13,111532,1,3,0,159.0
10109728SILVAB_2025-03-13_G26,10109728SILVAB,2025-03-13,117808,1,30,0,230.0
10109728SILVAB_2025-03-13_G27,10109728SILVAB,2025-03-13,110374,1,26,0,1629.0
10109728SILVAB_2025-03-13_G28,10109728SILVAB,2025-03-13,"110371, 110372, 117809, 109643",5,64,51,34.0
10109728SILVAB_2025-03-13_G29,10109728SILVAB,2025-03-13,110373,2,24,10,643.0
10109728SILVAB_2025-03-13_G30,10109728SILVAB,2025-03-13,111430,1,4,0,95.0
10109728SILVAB_2025-03-13_G31,10109728SILVAB,2025-03-13,109937,1,4,0,224.0
10109728SILVAB_2025-03-13_G32,10109728SILVAB,2025-03-13,100334,1,7,0,117.0
10109728SILVAB_2025-03-13_G33,10109728SILVAB,2025-03-13,111569,1,10,0,511.0
10109728SILVAB_2025-03-13_G34,10109728SILVAB,2025-03-13,109647,1,5,0,135.0
10109728SILVAB_2025-03-13_G35,10109728SILVAB,2025-03-13,118094,1,5,0,109.0
10109728SILVAB_2025-03-13_G36,10109728SILVAB,2025-03-13,110313,1,6,0,211.0
10109728SILVAB_2025-03-13_G37,10109728SILVAB,2025-03-13,111602,1,3,0,53.0
10109728SILVAB_2025-03-13_G38,10109728SILVAB,2025-03-13,110741,1,4,0,81.0
10109728SILVAB_2025-03-13_G39,10109728SILVAB,2025-03-13,111348,1,3,0,126.0
10109728SILVAB_2025-03-13_G40,10109728SILVAB,2025-03-13,111463,1,16,0,167.0
10109728SILVAB_2025-03-13_G41,10109728SILVAB,2025-03-13,111466,2,44,27,390.0
10109728SILVAB_2025-03-13_G42,10109728SILVAB,2025-03-13,117831,1,41,0,530.0
10109728SILVAB_2025-03-13_G43,10109728SILVAB,2025-03-13,140922,1,32,0,370.0
10109728SILVAB_2025-03-13_G44,10109728SILVAB,2025-03-13,109641,1,22,0,351.0
10109728SILVAB_2025-03-13_G45,10109728SILVAB,2025-03-13,117785,1,57,0,438.0
10109728SILVAB_2025-03-13_G46,10109728SILVAB,2025-03-13,118140,1,11,0,95.0
10109728SILVAB_2025-03-13_G47,10109728SILVAB,2025-03-13,111763,1,5,0,151.0
10109728SILVAB_2025-03-13_G48,10109728SILVAB,2025-03-13,110787,1,60,0,315.0
10109728SILVAB_2025-03-13_G49,10109728SILVAB,2025-03-13,110787,1,2,0,34.0
10109728SILVAB_2025-03-13_G50,10109728SILVAB,2025-03-13,109645,1,24,0,244.0
10109728SILVAB_2025-03-13_G51,10109728SILVAB,2025-03-13,105705,1,8,0,173.0
10109728SILVAB_2025-03-13_G52,10109728SILVAB,2025-03-13,117821,1,14,0,124.0
10109728SILVAB_2025-03-13_G53,10109728SILVAB,2025-03-13,111465,2,4,23,63.0
10109728SILVAB_2025-03-13_G54,10109728SILVAB,2025-03-13,110372,1,2,0,193.0
10109728SILVAB_2025-03-13_G55,10109728SILVAB,2025-03-13,109643,1,80,0,240.0
10109728SILVAB_2025-03-14_G02,10109728SILVAB,2025-03-14,100334,1,7,0,277.0
10109728SILVAB_2025-03-14_G03,10109728SILVAB,2025-03-14,118306,1,4,0,708.0
10109728SILVAB_2025-03-14_G04,10109728SILVAB,2025-03-14,110895,1,1,0,41.0
10109728SILVAB_2025-03-14_G05,10109728SILVAB,2025-03-14,111569,1,4,0,127.0
10109728SILVAB_2025-03-14_G06,10109728SILVAB,2025-03-14,117835,1,4,0,455.0
10109728SILVAB_2025-03-14_G07,10109728SILVAB,2025-03-14,111437,1,4,0,334.0
10109728SILVAB_2025-03-15_G02,10109728SILVAB,2025-03-15,110749,1,4,0,298.0
10109728SILVAB_2025-03-15_G03,10109728SILVAB,2025-03-15,111438,1,4,0,334.0
10109728SILVAB_2025-03-15_G04,10109728SILVAB,2025-03-15,105272,1,2,0,82.0
10109728SILVAB_2025-03-15_G05,10109728SILVAB,2025-03-15,118094,1,28,0,1042.0
10109728SILVAB_2025-03-15_G06,10109728SILVAB,2025-03-15,118094,1,56,0,462.0
10109728SILVAB_2025-03-15_G07,10109728SILVAB,2025-03-15,110339,1,11,0,466.0
10109728SILVAB_2025-03-15_G08,10109728SILVAB,2025-03-15,110313,1,18,0,422.0
10109728SILVAB_2025-03-15_G09,10109728SILVAB,2025-03-15,117935,1,12,0,147.0
10109728SILVAB_2025-03-15_G10,10109728SILVAB,2025-03-15,107629,1,1,0,89.0
10109728SILVAB_2025-03-15_G11,10109728SILVAB,2025-03-15,110741,1,8,0,1442.0
10109728SILVAB_2025-03-15_G12,10109728SILVAB,2025-03-15,110741,1,8,0,115.0
10109728SILVAB_2025-03-15_G13,10109728SILVAB,2025-03-15,111876,1,8,0,219.0
10109728SILVAB_2025-03-15_G14,10109728SILVAB,2025-03-15,108772,1,1,0,165.0
10109728SILVAB_2025-03-15_G15,10109728SILVAB,2025-03-15,108772,1,4,0,52.0
10109728SILVAB_2025-03-15_G16,10109728SILVAB,2025-03-15,108772,1,3,0,37.0
10109728SILVAB_2025-03-15_G17,10109728SILVAB,2025-03-15,110753,1,4,0,42.0
10109728SILVAB_2025-03-15_G18,10109728SILVAB,2025-03-15,110711,1,21,0,234.0
10109728SILVAB_2025-03-15_G19,10109728SILVAB,2025-03-15,108711,1,99,0,415.0
10109728SILVAB_2025-03-15_G20,10109728SILVAB,2025-03-15,110743,1,20,0,301.0
10109728SILVAB_2025-03-15_G21,10109728SILVAB,2025-03-15,111431,1,4,0,168.0
10109728SILVAB_2025-03-15_G22,10109728SILVAB,2025-03-15,111446,1,4,0,181.0
10109728SILVAB_2025-03-15_G23,10109728SILVAB,2025-03-15,111435,1,19,0,3402.0
10109728SILVAB_2025-03-15_G24,10109728SILVAB,2025-03-15,111435,1,35,0,457.0
10109728SILVAB_2025-03-15_G25,10109728SILVAB,2025-03-15,111532,1,7,0,155.0
10109728SILVAB_2025-03-15_G26,10109728SILVAB,2025-03-15,107236,1,8,0,211.0
10109728SILVAB_2025-03-15_G27,10109728SILVAB,2025-03-15,117831,1,8,0,52.0
10109728SILVAB_2025-03-15_G28,10109728SILVAB,2025-03-15,117833,1,23,0,323.0
10109728SILVAB_2025-03-15_G29,10109728SILVAB,2025-03-15,109641,1,4,0,350.0
10109728SILVAB_2025-03-15_G30,10109728SILVAB,2025-03-15,117785,1,8,0,64.0
10109728SILVAB_2025-03-15_G31,10109728SILVAB,2025-03-15,110745,1,12,0,167.0
10109728SILVAB_2025-03-15_G32,10109728SILVAB,2025-03-15,111442,1,2,0,40.0
10109728SILVAB_2025-03-15_G33,10109728SILVAB,2025-03-15,115817,1,2,0,69.0
10109728SILVAB_2025-03-15_G34,10109728SILVAB,2025-03-15,109645,1,16,0,1143.0
10109728SILVAB_2025-03-15_G35,10109728SILVAB,2025-03-15,108794,1,20,0,605.0
10109728SILVAB_2025-03-15_G36,10109728SILVAB,2025-03-15,117821,1,8,0,56.0
10109728SILVAB_2025-03-15_G37,10109728SILVAB,2025-03-15,111465,1,28,0,229.0
10109728SILVAB_2025-03-15_G38,10109728SILVAB,2025-03-15,111468,1,58,0,414.0
10109728SILVAB_2025-03-15_G39,10109728SILVAB,2025-03-15,"111462, 105705",2,71,10,440.0
10109728SILVAB_2025-03-15_G40,10109728SILVAB,2025-03-15,108795,1,2,0,314.0
10109728SILVAB_2025-03-15_G41,10109728SILVAB,2025-03-15,108711,1,27,0,31.0
10109728SILVAB_2025-03-15_G42,10109728SILVAB,2025-03-15,110375,1,56,0,846.0
10109728SILVAB_2025-03-15_G43,10109728SILVAB,2025-03-15,109747,1,8,0,227.0
10109728SILVAB_2025-03-15_G44,10109728SILVAB,2025-03-15,110372,1,140,0,655.0
10109728SILVAB_2025-03-15_G45,10109728SILVAB,2025-03-15,110373,1,174,0,720.0
10109728SILVAB_2025-03-17_G02,10109728SILVAB,2025-03-17,111530,1,4,0,60.0
10109728SILVAB_2025-03-17_G03,10109728SILVAB,2025-03-17,110711,1,4,0,90.0
10109728SILVAB_2025-03-17_G04,10109728SILVAB,2025-03-17,110787,1,8,0,193.0
10109728SILVAB_2025-03-17_G05,10109728SILVAB,2025-03-17,118299,1,3,0,114.0
10109728SILVAB_2025-03-17_G06,10109728SILVAB,2025-03-17,117808,1,4,0,86.0
10109728SILVAB_2025-03-17_G07,10109728SILVAB,2025-03-17,110373,1,2,0,67.0
10109728SILVAB_2025-03-17_G08,10109728SILVAB,2025-03-17,109643,1,2,0,59.0
10109728SILVAB_2025-03-17_G09,10109728SILVAB,2025-03-17,110374,1,2,0,90.0
10109728SILVAB_2025-03-17_G10,10109728SILVAB,2025-03-17,111569,1,8,0,316.0
10109728SILVAB_2025-03-17_G11,10109728SILVAB,2025-03-17,110895,1,4,0,123.0
10109728SILVAB_2025-03-17_G12,10109728SILVAB,2025-03-17,111430,1,1,0,58.0
10109728SILVAB_2025-03-17_G13,10109728SILVAB,2025-03-17,107236,1,3,0,1141.0
10109728SILVAB_2025-03-17_G14,10109728SILVAB,2025-03-17,117787,1,2,0,176.0
10109728SILVAB_2025-03-17_G15,10109728SILVAB,2025-03-17,111172,1,1,0,76.0
10109728SILVAB_2025-03-17_G16,10109728SILVAB,2025-03-17,118140,1,3,0,66.0
10109728SILVAB_2025-03-17_G17,10109728SILVAB,2025-03-17,111418,1,34,0,358.0
10109728SILVAB_2025-03-17_G18,10109728SILVAB,2025-03-17,110787,1,7,0,136.0
10109728SILVAB_2025-03-17_G19,10109728SILVAB,2025-03-17,108794,1,20,0,309.0
10109728SILVAB_2025-03-17_G20,10109728SILVAB,2025-03-17,108794,1,7,0,73.0
10109728SILVAB_2025-03-17_G21,10109728SILVAB,2025-03-17,118140,1,69,0,549.0
10109728SILVAB_2025-03-17_G22,10109728SILVAB,2025-03-17,117808,1,9,0,134.0
10109728SILVAB_2025-03-17_G23,10109728SILVAB,2025-03-17,117808,1,347,0,819.0
10109728SILVAB_2025-03-17_G24,10109728SILVAB,2025-03-17,110373,1,12,0,325.0
10109728SILVAB_2025-03-24_G02,10109728SILVAB,2025-03-24,110755,1,2,0,59.0
10109728SILVAB_2025-03-24_G03,10109728SILVAB,2025-03-24,111438,1,6,0,261.0
10109728SILVAB_2025-03-24_G04,10109728SILVAB,2025-03-24,111569,1,7,0,127.0
10109728SILVAB_2025-03-24_G05,10109728SILVAB,2025-03-24,118094,1,22,0,182.0
10109728SILVAB_2025-03-24_G06,10109728SILVAB,2025-03-24,117855,1,2,0,57.0
10109728SILVAB_2025-03-24_G07,10109728SILVAB,2025-03-24,117786,1,4,0,181.0
10109728SILVAB_2025-03-24_G08,10109728SILVAB,2025-03-24,110515,1,8,0,139.0
10109728SILVAB_2025-03-24_G09,10109728SILVAB,2025-03-24,111418,1,20,0,914.0
10109728SILVAB_2025-03-24_G10,10109728SILVAB,2025-03-24,111418,1,12,0,64.0
10109728SILVAB_2025-03-24_G11,10109728SILVAB,2025-03-24,111469,1,4,0,59.0
10109728SILVAB_2025-03-24_G12,10109728SILVAB,2025-03-24,111466,2,12,12,94.0
10109728SILVAB_2025-03-24_G13,10109728SILVAB,2025-03-24,117833,1,4,0,132.0
10109728SILVAB_2025-03-25_G02,10109728SILVAB,2025-03-25,111463,1,14,0,151.0
10109728SILVAB_2025-03-25_G03,10109728SILVAB,2025-03-25,111465,1,4,0,89.0
10109728SILVAB_2025-03-25_G04,10109728SILVAB,2025-03-25,110740,1,4,0,81.0
10109728SILVAB_2025-03-25_G05,10109728SILVAB,2025-03-25,117820,1,12,0,354.0
10109728SILVAB_2025-03-25_G06,10109728SILVAB,2025-03-25,110375,1,3,0,200.0
10109728SILVAB_2025-03-25_G07,10109728SILVAB,2025-03-25,109747,1,7,0,124.0
10109728SILVAB_2025-03-25_G08,10109728SILVAB,2025-03-25,111442,2,12,7,653.0
10109728SILVAB_2025-03-25_G09,10109728SILVAB,2025-03-25,110325,1,20,0,530.0
10109728SILVAB_2025-03-25_G10,10109728SILVAB,2025-03-25,110376,1,20,0,229.0
10109728SILVAB_2025-03-25_G11,10109728SILVAB,2025-03-25,117809,1,100,0,261.0
10109728SILVAB_2025-03-25_G12,10109728SILVAB,2025-03-25,118299,1,400,0,696.0
10109728SILVAB_2025-03-25_G13,10109728SILVAB,2025-03-25,117820,1,60,0,331.0
10109728SILVAB_2025-03-25_G14,10109728SILVAB,2025-03-25,110371,1,200,0,1111.0
10109728SILVAB_2025-03-25_G15,10109728SILVAB,2025-03-25,117830,1,50,0,335.0
10109728SILVAB_2025-03-25_G16,10109728SILVAB,2025-03-25,110372,1,180,0,1596.0
10109728SILVAB_2025-03-25_G18,10109728SILVAB,2025-03-25,110375,1,80,0,460.0
10109728SILVAB_2025-03-25_G19,10109728SILVAB,2025-03-25,109747,1,40,0,398.0
10109728SILVAB_2025-03-25_G20,10109728SILVAB,2025-03-25,117808,1,350,0,372.0
10109728SILVAB_2025-03-25_G21,10109728SILVAB,2025-03-25,110895,1,50,0,918.0
10109728SILVAB_2025-03-25_G22,10109728SILVAB,2025-03-25,110339,1,40,0,294.0
10109728SILVAB_2025-03-25_G23,10109728SILVAB,2025-03-25,110313,1,60,0,345.0
10109728SILVAB_2025-03-25_G24,10109728SILVAB,2025-03-25,117856,1,22,0,227.0
10109728SILVAB_2025-03-25_G25,10109728SILVAB,2025-03-25,111602,1,103,0,377.0
10109728SILVAB_2025-03-25_G26,10109728SILVAB,2025-03-25,110515,1,170,0,683.0
10109728SILVAB_2025-03-25_G27,10109728SILVAB,2025-03-25,140922,1,72,0,506.0
10109728SILVAB_2025-03-25_G28,10109728SILVAB,2025-03-25,111418,1,110,0,845.0
10109728SILVAB_2025-03-25_G29,10109728SILVAB,2025-03-25,117833,1,130,0,529.0
10109728SILVAB_2025-03-25_G30,10109728SILVAB,2025-03-25,117785,1,110,0,508.0
10109728SILVAB_2025-03-25_G31,10109728SILVAB,2025-03-25,110743,1,80,0,428.0
10109728SILVAB_2025-03-25_G32,10109728SILVAB,2025-03-25,117838,1,45,0,301.0
10109728SILVAB_2025-03-25_G33,10109728SILVAB,2025-03-25,117831,1,71,0,423.0
10109728SILVAB_2025-03-25_G34,10109728SILVAB,2025-03-25,110745,1,32,0,622.0
10109728SILVAB_2025-03-25_G35,10109728SILVAB,2025-03-25,111530,1,104,0,676.0
10109728SILVAB_2025-03-25_G36,10109728SILVAB,2025-03-25,117785,1,420,0,863.0
10109728SILVAB_2025-03-25_G37,10109728SILVAB,2025-03-25,117830,1,350,0,582.0
10109728SILVAB_2025-03-25_G38,10109728SILVAB,2025-03-25,117832,1,200,0,233.0
10109728SILVAB_2025-03-25_G40,10109728SILVAB,2025-03-25,110313,1,14,0,326.0
10109728SILVAB_2025-03-25_G41,10109728SILVAB,2025-03-25,110313,1,18,0,374.0
10109728SILVAB_2025-03-25_G42,10109728SILVAB,2025-03-25,110313,1,10,0,65.0
10109728SILVAB_2025-03-25_G43,10109728SILVAB,2025-03-25,107629,1,10,0,357.0
10109728SILVAB_2025-03-25_G44,10109728SILVAB,2025-03-25,107629,1,12,0,1243.0
10109728SILVAB_2025-03-26_G02,10109728SILVAB,2025-03-26,110733,1,20,0,323.0
10109728SILVAB_2025-03-26_G03,10109728SILVAB,2025-03-26,110129,1,20,0,1000.0
10109728SILVAB_2025-03-26_G04,10109728SILVAB,2025-03-26,111348,1,2,0,75.0
10109728SILVAB_2025-03-26_G05,10109728SILVAB,2025-03-26,111348,1,10,0,405.0
10109728SILVAB_2025-03-26_G06,10109728SILVAB,2025-03-26,140922,1,12,0,181.0
10109728SILVAB_2025-03-26_G07,10109728SILVAB,2025-03-26,118140,1,30,0,624.0
10109728SILVAB_2025-03-26_G08,10109728SILVAB,2025-03-26,111466,1,50,0,620.0
10109728SILVAB_2025-03-26_G09,10109728SILVAB,2025-03-26,111466,1,30,0,459.0
10109728SILVAB_2025-03-26_G10,10109728SILVAB,2025-03-26,111466,1,10,0,71.0
10109728SILVAB_2025-03-26_G11,10109728SILVAB,2025-03-26,111466,1,10,0,120.0
10109728SILVAB_2025-03-26_G12,10109728SILVAB,2025-03-26,117833,1,50,0,384.0
10109728SILVAB_2025-03-26_G13,10109728SILVAB,2025-03-26,117833,1,29,0,63.0
10109728SILVAB_2025-03-26_G14,10109728SILVAB,2025-03-26,108711,1,20,0,746.0
10109728SILVAB_2025-03-26_G15,10109728SILVAB,2025-03-26,108711,1,10,0,147.0
10109728SILVAB_2025-03-26_G16,10109728SILVAB,2025-03-26,110745,1,10,0,608.0
10109728SILVAB_2025-03-26_G17,10109728SILVAB,2025-03-26,105705,1,8,0,703.0
10109728SILVAB_2025-03-26_G18,10109728SILVAB,2025-03-26,110787,1,20,0,339.0
10109728SILVAB_2025-03-26_G19,10109728SILVAB,2025-03-26,117832,1,20,0,141.0
10109728SILVAB_2025-03-26_G20,10109728SILVAB,2025-03-26,110376,1,20,0,396.0
10109728SILVAB_2025-03-26_G22,10109728SILVAB,2025-03-26,118299,1,900,0,414.0
10109728SILVAB_2025-03-26_G23,10109728SILVAB,2025-03-26,117935,1,78,0,1235.0
10109728SILVAB_2025-03-26_G24,10109728SILVAB,2025-03-26,117856,1,106,0,540.0
10109728SILVAB_2025-03-26_G25,10109728SILVAB,2025-03-26,111602,1,130,0,247.0
10109728SILVAB_2025-03-26_G26,10109728SILVAB,2025-03-26,111465,1,624,0,1822.0
10109728SILVAB_2025-03-28_G02,10109728SILVAB,2025-03-28,122985,1,5,0,156.0
10109728SILVAB_2025-03-28_G03,10109728SILVAB,2025-03-28,122962,1,6,0,138.0
10109728SILVAB_2025-03-28_G04,10109728SILVAB,2025-03-28,123344,1,2,0,152.0
10109728SILVAB_2025-03-28_G05,10109728SILVAB,2025-03-28,121760,1,16,0,628.0
10109728SILVAB_2025-03-28_G06,10109728SILVAB,2025-03-28,123345,1,16,0,266.0
10109728SILVAB_2025-03-28_G07,10109728SILVAB,2025-03-28,123313,1,50,0,342.0
10109728SILVAB_2025-03-28_G09,10109728SILVAB,2025-03-28,117289,1,50,0,1818.0
10109728SILVAB_2025-03-31_G02,10109728SILVAB,2025-03-31,140922,1,5,0,54.0
10109728SILVAB_2025-03-31_G03,10109728SILVAB,2025-03-31,140922,1,8,0,77.0
10109728SILVAB_2025-03-31_G04,10109728SILVAB,2025-03-31,111418,1,10,0,237.0
10109728SILVAB_2025-03-31_G05,10109728SILVAB,2025-03-31,111462,1,10,0,132.0
10109728SILVAB_2025-03-31_G06,10109728SILVAB,2025-03-31,111418,1,36,0,619.0
10109728SILVAB_2025-03-31_G07,10109728SILVAB,2025-03-31,111462,1,10,0,196.0
10109728SILVAB_2025-03-31_G08,10109728SILVAB,2025-03-31,111469,1,15,0,120.0
10109728SILVAB_2025-03-31_G09,10109728SILVAB,2025-03-31,110372,1,12,0,447.0
10109728SILVAB_2025-03-31_G10,10109728SILVAB,2025-03-31,111466,1,40,0,762.0
10109728SILVAB_2025-03-31_G11,10109728SILVAB,2025-03-31,118140,1,12,0,639.0
10109728SILVAB_2025-03-31_G12,10109728SILVAB,2025-03-31,118094,1,8,0,101.0
10109728SILVAB_2025-03-31_G13,10109728SILVAB,2025-03-31,110375,1,25,0,194.0
10109728SILVAB_2025-03-31_G14,10109728SILVAB,2025-03-31,117786,2,52,9,334.0
10109728SILVAB_2025-03-31_G15,10109728SILVAB,2025-03-31,111602,2,53,11,344.0
10109728SILVAB_2025-03-31_G16,10109728SILVAB,2025-03-31,"110515, 111530",6,70,36,344.0
10109728SILVAB_2025-03-31_G17,10109728SILVAB,2025-03-31,111530,1,70,0,86.0
10109728SILVAB_2025-03-31_G18,10109728SILVAB,2025-03-31,117786,1,10,0,104.0
10109728SILVAB_2025-03-31_G19,10109728SILVAB,2025-03-31,110711,1,52,0,706.0
10109728SILVAB_2025-03-31_G20,10109728SILVAB,2025-03-31,111532,2,55,6,171.0
10109728SILVAB_2025-03-31_G21,10109728SILVAB,2025-03-31,117831,3,46,14,429.0
10109728SILVAB_2025-03-31_G22,10109728SILVAB,2025-03-31,"110787, 117785",4,130,47,274.0
10109728SILVAB_2025-03-31_G23,10109728SILVAB,2025-03-31,110376,1,34,0,483.0
10109728SILVAB_2025-03-31_G24,10109728SILVAB,2025-03-31,118222,1,200,0,613.0
10109728SILVAB_2025-03-31_G25,10109728SILVAB,2025-03-31,110371,1,50,0,654.0
10109728SILVAB_2025-04-02_G02,10109728SILVAB,2025-04-02,111463,6,177,51,317.0
10109728SILVAB_2025-04-02_G03,10109728SILVAB,2025-04-02,124247,4,7,54,66.0
10109728SILVAB_2025-04-02_G04,10109728SILVAB,2025-04-02,"111850, 124475, 123947",3,22,28,318.0
10109728SILVAB_2025-04-02_G05,10109728SILVAB,2025-04-02,111530,1,70,0,367.0
10109728SILVAB_2025-04-02_G06,10109728SILVAB,2025-04-02,124370,1,4,0,47.0
10109728SILVAB_2025-04-02_G07,10109728SILVAB,2025-04-02,124247,1,20,0,174.0
10109728SILVAB_2025-04-02_G08,10109728SILVAB,2025-04-02,122962,2,12,13,53.0
10109728SILVAB_2025-04-02_G09,10109728SILVAB,2025-04-02,111468,1,54,0,206.0
10109728SILVAB_2025-04-02_G10,10109728SILVAB,2025-04-02,"107236, 111742",2,10,17,43.0
10109728SILVAB_2025-04-02_G11,10109728SILVAB,2025-04-02,124486,1,5,0,1181.0
10109728SILVAB_2025-04-02_G12,10109728SILVAB,2025-04-02,124370,1,20,0,473.0
10109728SILVAB_2025-04-02_G13,10109728SILVAB,2025-04-02,118222,1,67,0,228.0
10109728SILVAB_2025-04-02_G14,10109728SILVAB,2025-04-02,"110129, 109645",5,50,35,123.0
10109728SILVAB_2025-04-03_G02,10109728SILVAB,2025-04-03,111468,1,41,0,32.0
10109728SILVAB_2025-04-03_G03,10109728SILVAB,2025-04-03,"111418, 111722, 118299, 110371, 117808, 110373",6,109,54,68.0
10109728SILVAB_2025-04-10_G03,10109728SILVAB,2025-04-10,"180024, 124264",2,69,14,82.0
10109728SILVAB_2025-04-10_G04,10109728SILVAB,2025-04-10,"110313, 111463, 109641, 111442, 120002, 110325",6,1285,45,56.0
10109728SILVAB_2025-04-10_G05,10109728SILVAB,2025-04-10,"110787, 109645, 109643, 110371, 117820, 117832, 110373, 110374, 124371, 124433, 111439, 111466, 116241, 110372, 118299, 117830, 117808, 110755, 117855, 111462, 105705, 107830, 111441, 110747, 111438, 100334, 141047, 111602, 109640, 110740, 111469, 111418, 111532, 109641, 111172, 111442, 117785",52,1025,441,55.0
10109728SILVAB_2025-04-10_G06,10109728SILVAB,2025-04-10,117808,1,10,0,48.0
10109728SILVAB_2025-04-10_G08,10109728SILVAB,2025-04-10,110373,1,50,0,1262.0
10109728SILVAB_2025-04-11_G02,10109728SILVAB,2025-04-11,110372,1,21,0,1354.0
10109728SILVAB_2025-04-11_G03,10109728SILVAB,2025-04-11,117808,1,8,0,405.0
10109728SILVAB_2025-04-11_G04,10109728SILVAB,2025-04-11,110373,1,4,0,174.0
10109728SILVAB_2025-04-11_G05,10109728SILVAB,2025-04-11,109643,1,2,0,1393.0
10109728SILVAB_2025-04-11_G06,10109728SILVAB,2025-04-11,110371,1,10,0,316.0
10109728SILVAB_2025-04-11_G07,10109728SILVAB,2025-04-11,117830,1,4,0,124.0
10109728SILVAB_2025-04-11_G08,10109728SILVAB,2025-04-11,117820,1,2,0,59.0
10109728SILVAB_2025-04-11_G09,10109728SILVAB,2025-04-11,110755,1,4,0,568.0
10109728SILVAB_2025-04-11_G10,10109728SILVAB,2025-04-11,110752,1,2,0,529.0
10109728SILVAB_2025-04-11_G11,10109728SILVAB,2025-04-11,111876,1,1,0,97.0
10109728SILVAB_2025-04-11_G12,10109728SILVAB,2025-04-11,111418,1,8,0,270.0
10109728SILVAB_2025-04-11_G13,10109728SILVAB,2025-04-11,116241,1,4,0,181.0
10109728SILVAB_2025-04-11_G14,10109728SILVAB,2025-04-11,109645,1,2,0,155.0
10109728SILVAB_2025-04-11_G15,10109728SILVAB,2025-04-11,110895,1,4,0,1006.0
10109728SILVAB_2025-04-11_G16,10109728SILVAB,2025-04-11,107629,1,2,0,134.0
10109728SILVAB_2025-04-11_G17,10109728SILVAB,2025-04-11,117855,1,4,0,150.0
10109728SILVAB_2025-04-11_G18,10109728SILVAB,2025-04-11,118140,1,2,0,229.0
10109728SILVAB_2025-04-11_G20,10109728SILVAB,2025-04-11,110372,1,22,0,688.0
10109728SILVAB_2025-04-11_G21,10109728SILVAB,2025-04-11,118299,1,4,0,237.0
10109728SILVAB_2025-04-11_G22,10109728SILVAB,2025-04-11,110371,1,10,0,276.0
10109728SILVAB_2025-04-11_G23,10109728SILVAB,2025-04-11,117830,1,4,0,153.0
10109728SILVAB_2025-04-11_G24,10109728SILVAB,2025-04-11,117820,1,1,0,156.0
10109728SILVAB_2025-04-11_G25,10109728SILVAB,2025-04-11,117820,1,2,0,70.0
10109728SILVAB_2025-04-11_G26,10109728SILVAB,2025-04-11,117808,1,16,0,257.0
10109728SILVAB_2025-04-11_G27,10109728SILVAB,2025-04-11,117808,1,8,0,115.0
10109728SILVAB_2025-04-11_G28,10109728SILVAB,2025-04-11,110373,1,4,0,211.0
10109728SILVAB_2025-04-11_G29,10109728SILVAB,2025-04-11,117289,1,4,0,1025.0
10109728SILVAB_2025-04-11_G30,10109728SILVAB,2025-04-11,110500,1,2,0,610.0
10109728SILVAB_2025-04-11_G31,10109728SILVAB,2025-04-11,110372,1,185,0,2040.0
10109728SILVAB_2025-04-11_G32,10109728SILVAB,2025-04-11,109747,1,100,0,381.0
10109728SILVAB_2025-04-11_G33,10109728SILVAB,2025-04-11,110373,1,230,0,972.0
10109728SILVAB_2025-04-11_G34,10109728SILVAB,2025-04-11,117809,1,10,0,295.0
10109728SILVAB_2025-04-11_G35,10109728SILVAB,2025-04-11,117809,1,6,0,66.0
10109728SILVAB_2025-04-11_G37,10109728SILVAB,2025-04-11,111602,1,4,0,224.0
10109728SILVAB_2025-04-11_G38,10109728SILVAB,2025-04-11,111462,1,10,0,314.0
10109728SILVAB_2025-04-11_G39,10109728SILVAB,2025-04-11,111418,1,8,0,193.0
10109728SILVAB_2025-04-11_G40,10109728SILVAB,2025-04-11,111463,1,4,0,183.0
10109728SILVAB_2025-04-11_G41,10109728SILVAB,2025-04-11,111466,1,3,0,75.0
10109728SILVAB_2025-04-11_G42,10109728SILVAB,2025-04-11,117809,1,10,0,151.0
10109728SILVAB_2025-04-11_G43,10109728SILVAB,2025-04-11,117808,1,40,0,708.0
10109728SILVAB_2025-04-11_G44,10109728SILVAB,2025-04-11,110372,1,21,0,616.0
10109728SILVAB_2025-04-11_G45,10109728SILVAB,2025-04-11,110373,1,26,0,418.0
10109728SILVAB_2025-04-12_G02,10109728SILVAB,2025-04-12,111602,1,5,0,106.0
10109728SILVAB_2025-04-12_G03,10109728SILVAB,2025-04-12,111462,1,10,0,373.0
10109728SILVAB_2025-04-12_G04,10109728SILVAB,2025-04-12,117831,1,5,0,251.0
10109728SILVAB_2025-04-12_G05,10109728SILVAB,2025-04-12,111469,1,1,0,47.0
10109728SILVAB_2025-04-12_G06,10109728SILVAB,2025-04-12,111466,1,8,0,259.0
10109728SILVAB_2025-04-12_G07,10109728SILVAB,2025-04-12,140922,1,6,0,186.0
10109728SILVAB_2025-04-12_G08,10109728SILVAB,2025-04-12,110740,1,1,0,163.0
10109728SILVAB_2025-04-12_G09,10109728SILVAB,2025-04-12,117808,1,5,0,239.0
10109728SILVAB_2025-04-12_G10,10109728SILVAB,2025-04-12,110372,1,34,0,504.0
10109728SILVAB_2025-04-12_G11,10109728SILVAB,2025-04-12,111569,1,13,0,1587.0
10109728SILVAB_2025-04-12_G12,10109728SILVAB,2025-04-12,117862,1,8,0,175.0
10109728SILVAB_2025-04-12_G13,10109728SILVAB,2025-04-12,110515,1,8,0,418.0
10109728SILVAB_2025-04-12_G14,10109728SILVAB,2025-04-12,111467,1,3,0,192.0
10109728SILVAB_2025-04-12_G15,10109728SILVAB,2025-04-12,111602,1,1,0,104.0
10109728SILVAB_2025-04-12_G16,10109728SILVAB,2025-04-12,117787,1,3,0,791.0
10109728SILVAB_2025-04-12_G17,10109728SILVAB,2025-04-12,110740,1,8,0,120.0
10109728SILVAB_2025-04-12_G18,10109728SILVAB,2025-04-12,117831,1,12,0,241.0
10109728SILVAB_2025-04-12_G19,10109728SILVAB,2025-04-12,111469,1,1,0,69.0
10109728SILVAB_2025-04-12_G20,10109728SILVAB,2025-04-12,111418,1,7,0,429.0
10109728SILVAB_2025-04-12_G21,10109728SILVAB,2025-04-12,140922,1,6,0,122.0
10109728SILVAB_2025-04-12_G22,10109728SILVAB,2025-04-12,111463,1,23,0,360.0
10109728SILVAB_2025-04-12_G23,10109728SILVAB,2025-04-12,111466,1,2,0,75.0
10109728SILVAB_2025-04-12_G24,10109728SILVAB,2025-04-12,117833,1,4,0,115.0
10109728SILVAB_2025-04-12_G25,10109728SILVAB,2025-04-12,111462,1,8,0,176.0
10109728SILVAB_2025-04-12_G27,10109728SILVAB,2025-04-12,109643,1,2,0,171.0
10109728SILVAB_2025-04-12_G28,10109728SILVAB,2025-04-12,117808,1,123,0,1109.0
10109728SILVAB_2025-04-12_G29,10109728SILVAB,2025-04-12,117809,1,15,0,495.0
10109728SILVAB_2025-04-12_G30,10109728SILVAB,2025-04-12,110372,1,58,0,645.0
10109728SILVAB_2025-04-12_G31,10109728SILVAB,2025-04-12,110373,1,60,0,719.0
10109728SILVAB_2025-04-12_G32,10109728SILVAB,2025-04-12,117820,1,3,0,234.0
10109728SILVAB_2025-04-12_G33,10109728SILVAB,2025-04-12,109937,1,4,0,1222.0
10109728SILVAB_2025-04-12_G34,10109728SILVAB,2025-04-12,110747,1,2,0,336.0
10109728SILVAB_2025-04-12_G35,10109728SILVAB,2025-04-12,111569,1,1,0,82.0
10109728SILVAB_2025-04-12_G36,10109728SILVAB,2025-04-12,108361,1,4,0,166.0
10109728SILVAB_2025-04-12_G37,10109728SILVAB,2025-04-12,141035,1,4,0,234.0
10109728SILVAB_2025-04-12_G38,10109728SILVAB,2025-04-12,117862,1,1,0,173.0
10109728SILVAB_2025-04-12_G39,10109728SILVAB,2025-04-12,141047,1,1,0,34.0
10109728SILVAB_2025-04-12_G40,10109728SILVAB,2025-04-12,110756,1,4,0,160.0
10109728SILVAB_2025-04-12_G41,10109728SILVAB,2025-04-12,110756,1,4,0,87.0
10109728SILVAB_2025-04-12_G42,10109728SILVAB,2025-04-12,117855,1,4,0,132.0
10109728SILVAB_2025-04-12_G43,10109728SILVAB,2025-04-12,111876,1,1,0,83.0
10109728SILVAB_2025-04-12_G44,10109728SILVAB,2025-04-12,110740,1,2,0,154.0
10109728SILVAB_2025-04-12_G45,10109728SILVAB,2025-04-12,117833,1,2,0,262.0
10109728SILVAB_2025-04-12_G46,10109728SILVAB,2025-04-12,117787,1,3,0,422.0
10109728SILVAB_2025-04-12_G47,10109728SILVAB,2025-04-12,110325,1,1,0,67.0
10109728SILVAB_2025-04-12_G48,10109728SILVAB,2025-04-12,117820,1,2,0,56.0
10109728SILVAB_2025-04-12_G49,10109728SILVAB,2025-04-12,110374,1,4,0,149.0
10109728SILVAB_2025-04-12_G50,10109728SILVAB,2025-04-12,117808,1,18,0,240.0
10109728SILVAB_2025-04-12_G51,10109728SILVAB,2025-04-12,118299,1,4,0,127.0
10109728SILVAB_2025-04-12_G52,10109728SILVAB,2025-04-12,110372,1,4,0,513.0
10109728SILVAB_2025-04-12_G53,10109728SILVAB,2025-04-12,117832,1,4,0,48.0
10109728SILVAB_2025-04-12_G54,10109728SILVAB,2025-04-12,110373,1,1,0,83.0
10109728SILVAB_2025-04-12_G55,10109728SILVAB,2025-04-12,109747,1,4,0,52.0
10109728SILVAB_2025-04-12_G56,10109728SILVAB,2025-04-12,110371,1,2,0,105.0
10109728SILVAB_2025-04-13_G02,10109728SILVAB,2025-04-13,109641,1,4,0,404.0
10109728SILVAB_2025-04-13_G03,10109728SILVAB,2025-04-13,111446,1,18,0,422.0
10109728SILVAB_2025-04-13_G04,10109728SILVAB,2025-04-13,111466,1,30,0,503.0
10109728SILVAB_2025-04-13_G05,10109728SILVAB,2025-04-13,110740,1,8,0,550.0
10109728SILVAB_2025-04-13_G06,10109728SILVAB,2025-04-13,117830,1,4,0,416.0
10109728SILVAB_2025-04-14_G02,10109728SILVAB,2025-04-14,111172,1,2,0,635.0
10109728SILVAB_2025-04-14_G03,10109728SILVAB,2025-04-14,111438,1,4,0,236.0
10109728SILVAB_2025-04-14_G04,10109728SILVAB,2025-04-14,111569,1,4,0,180.0
10109728SILVAB_2025-04-14_G05,10109728SILVAB,2025-04-14,111532,1,4,0,419.0
10109728SILVAB_2025-04-14_G06,10109728SILVAB,2025-04-14,111462,1,4,0,723.0
10109728SILVAB_2025-04-14_G07,10109728SILVAB,2025-04-14,110745,1,4,0,172.0
10109728SILVAB_2025-04-14_G08,10109728SILVAB,2025-04-14,111469,1,2,0,173.0
10109728SILVAB_2025-04-14_G09,10109728SILVAB,2025-04-14,111467,1,4,0,1117.0
10109728SILVAB_2025-04-14_G10,10109728SILVAB,2025-04-14,117862,1,12,0,475.0
10109728SILVAB_2025-04-14_G11,10109728SILVAB,2025-04-14,110733,1,4,0,112.0
10109728SILVAB_2025-04-14_G12,10109728SILVAB,2025-04-14,108361,1,8,0,149.0
10109728SILVAB_2025-04-14_G13,10109728SILVAB,2025-04-14,110325,1,12,0,654.0
10109728SILVAB_2025-04-14_G14,10109728SILVAB,2025-04-14,110374,1,8,0,151.0
10109728SILVAB_2025-04-14_G15,10109728SILVAB,2025-04-14,109643,1,8,0,273.0
10109728SILVAB_2025-04-14_G16,10109728SILVAB,2025-04-14,117809,1,4,0,84.0
10109728SILVAB_2025-04-14_G18,10109728SILVAB,2025-04-14,110372,1,18,0,240.0
10109728SILVAB_2025-04-14_G19,10109728SILVAB,2025-04-14,110755,1,12,0,2209.0
10109728SILVAB_2025-04-14_G20,10109728SILVAB,2025-04-14,100334,1,9,0,477.0
10109728SILVAB_2025-04-14_G21,10109728SILVAB,2025-04-14,110895,1,8,0,113.0
10109728SILVAB_2025-04-14_G22,10109728SILVAB,2025-04-14,110313,1,12,0,267.0
10109728SILVAB_2025-04-14_G23,10109728SILVAB,2025-04-14,111602,1,12,0,448.0
10109728SILVAB_2025-04-14_G24,10109728SILVAB,2025-04-14,100334,1,1,0,1291.0
10109728SILVAB_2025-04-14_G25,10109728SILVAB,2025-04-14,117862,1,2,0,329.0
10109728SILVAB_2025-04-14_G26,10109728SILVAB,2025-04-14,111433,1,2,0,157.0
10109728SILVAB_2025-04-14_G27,10109728SILVAB,2025-04-14,111418,1,3,0,49.0
10109728SILVAB_2025-04-14_G28,10109728SILVAB,2025-04-14,111743,1,1,0,89.0
10109728SILVAB_2025-04-14_G29,10109728SILVAB,2025-04-14,117862,1,42,0,2469.0
10109728SILVAB_2025-04-14_G30,10109728SILVAB,2025-04-14,110313,1,34,0,565.0
10109728SILVAB_2025-04-14_G31,10109728SILVAB,2025-04-14,110733,1,27,0,482.0
10109728SILVAB_2025-04-14_G32,10109728SILVAB,2025-04-14,117855,1,38,0,703.0
10109728SILVAB_2025-04-14_G34,10109728SILVAB,2025-04-14,110371,1,4,0,160.0
10109728SILVAB_2025-04-14_G35,10109728SILVAB,2025-04-14,117855,1,8,0,271.0
10109728SILVAB_2025-04-14_G36,10109728SILVAB,2025-04-14,110747,1,2,0,1412.0
10109728SILVAB_2025-04-14_G37,10109728SILVAB,2025-04-14,110755,1,4,0,189.0
10109728SILVAB_2025-04-14_G38,10109728SILVAB,2025-04-14,100334,1,1,0,110.0
10109728SILVAB_2025-04-14_G39,10109728SILVAB,2025-04-14,111467,1,2,0,380.0
10109728SILVAB_2025-04-15_G02,10109728SILVAB,2025-04-15,141047,1,1,0,132.0
10109728SILVAB_2025-04-15_G03,10109728SILVAB,2025-04-15,117855,1,4,0,172.0
10109728SILVAB_2025-04-15_G04,10109728SILVAB,2025-04-15,118140,1,1,0,200.0
10109728SILVAB_2025-04-15_G05,10109728SILVAB,2025-04-15,111468,1,4,0,94.0
10109728SILVAB_2025-04-15_G06,10109728SILVAB,2025-04-15,117785,1,2,0,176.0
10109728SILVAB_2025-04-15_G07,10109728SILVAB,2025-04-15,110376,1,2,0,278.0
10109728SILVAB_2025-04-15_G08,10109728SILVAB,2025-04-15,117808,1,3,0,234.0
10109728SILVAB_2025-04-15_G09,10109728SILVAB,2025-04-15,118299,1,5,0,126.0
10109728SILVAB_2025-04-15_G10,10109728SILVAB,2025-04-15,117830,1,2,0,110.0
10109728SILVAB_2025-04-15_G11,10109728SILVAB,2025-04-15,110372,1,6,0,194.0
10109728SILVAB_2025-04-15_G12,10109728SILVAB,2025-04-15,110373,1,3,0,255.0
10109728SILVAB_2025-04-15_G13,10109728SILVAB,2025-04-15,110372,1,2,0,532.0
10109728SILVAB_2025-04-15_G14,10109728SILVAB,2025-04-15,111602,1,1,0,394.0
10109728SILVAB_2025-04-15_G15,10109728SILVAB,2025-04-15,110733,1,2,0,172.0
10109728SILVAB_2025-04-15_G16,10109728SILVAB,2025-04-15,111182,1,2,0,309.0
10109728SILVAB_2025-04-15_G17,10109728SILVAB,2025-04-15,111463,1,2,0,263.0
10109728SILVAB_2025-04-15_G18,10109728SILVAB,2025-04-15,110787,1,2,0,132.0
10109728SILVAB_2025-04-15_G19,10109728SILVAB,2025-04-15,110373,1,2,0,199.0
10109728SILVAB_2025-04-15_G20,10109728SILVAB,2025-04-15,110375,1,2,0,131.0
10109728SILVAB_2025-04-15_G21,10109728SILVAB,2025-04-15,117820,1,2,0,143.0
10109728SILVAB_2025-04-15_G22,10109728SILVAB,2025-04-15,117808,1,2,0,79.0
10109728SILVAB_2025-04-15_G23,10109728SILVAB,2025-04-15,118299,1,7,0,146.0
10109728SILVAB_2025-04-15_G24,10109728SILVAB,2025-04-15,117809,1,1,0,137.0
10109728SILVAB_2025-04-15_G25,10109728SILVAB,2025-04-15,118222,1,2,0,513.0
10109728SILVAB_2025-04-15_G26,10109728SILVAB,2025-04-15,117862,1,6,0,167.0
10109728SILVAB_2025-04-15_G27,10109728SILVAB,2025-04-15,110515,1,16,0,530.0
10109728SILVAB_2025-04-15_G28,10109728SILVAB,2025-04-15,118004,1,2,0,448.0
10109728SILVAB_2025-04-15_G29,10109728SILVAB,2025-04-15,111463,1,20,0,296.0
10109728SILVAB_2025-04-15_G30,10109728SILVAB,2025-04-15,108794,1,3,0,126.0
10109728SILVAB_2025-04-15_G31,10109728SILVAB,2025-04-15,109747,1,2,0,263.0
10109728SILVAB_2025-04-15_G32,10109728SILVAB,2025-04-15,110325,1,3,0,373.0
10109728SILVAB_2025-04-15_G34,10109728SILVAB,2025-04-15,110895,1,7,0,238.0
10109728SILVAB_2025-04-15_G35,10109728SILVAB,2025-04-15,110711,1,6,0,244.0
10109728SILVAB_2025-04-15_G36,10109728SILVAB,2025-04-15,105705,1,4,0,902.0
10109728SILVAB_2025-04-15_G37,10109728SILVAB,2025-04-15,110895,1,4,0,266.0
10109728SILVAB_2025-04-15_G38,10109728SILVAB,2025-04-15,110515,1,4,0,470.0
10109728SILVAB_2025-04-15_G39,10109728SILVAB,2025-04-15,111469,1,2,0,108.0
10109728SILVAB_2025-04-15_G40,10109728SILVAB,2025-04-15,117833,1,4,0,101.0
10109728SILVAB_2025-04-15_G41,10109728SILVAB,2025-04-15,110745,1,2,0,184.0
10109728SILVAB_2025-04-15_G42,10109728SILVAB,2025-04-15,111465,1,2,0,67.0
10109728SILVAB_2025-04-15_G43,10109728SILVAB,2025-04-15,117832,1,2,0,147.0
10109728SILVAB_2025-04-15_G44,10109728SILVAB,2025-04-15,110372,1,44,0,1050.0
10109728SILVAB_2025-04-15_G45,10109728SILVAB,2025-04-15,118299,1,50,0,617.0
10109728SILVAB_2025-04-15_G46,10109728SILVAB,2025-04-15,117830,1,10,0,326.0
10109728SILVAB_2025-04-15_G47,10109728SILVAB,2025-04-15,105705,1,1,0,689.0
10109728SILVAB_2025-04-15_G48,10109728SILVAB,2025-04-15,111182,1,4,0,490.0
10109728SILVAB_2025-04-15_G49,10109728SILVAB,2025-04-15,140922,1,8,0,301.0
10109728SILVAB_2025-04-15_G50,10109728SILVAB,2025-04-15,118140,1,9,0,473.0
10109728SILVAB_2025-04-15_G51,10109728SILVAB,2025-04-15,111468,1,2,0,89.0
10109728SILVAB_2025-04-15_G52,10109728SILVAB,2025-04-15,111463,1,20,0,517.0
10109728SILVAB_2025-04-15_G53,10109728SILVAB,2025-04-15,111348,1,4,0,82.0
10109728SILVAB_2025-04-15_G54,10109728SILVAB,2025-04-15,111743,1,2,0,69.0
10109728SILVAB_2025-04-15_G55,10109728SILVAB,2025-04-15,111532,1,6,0,140.0
10109728SILVAB_2025-04-15_G56,10109728SILVAB,2025-04-15,117833,1,3,0,47.0
10109728SILVAB_2025-04-15_G57,10109728SILVAB,2025-04-15,111172,1,2,0,66.0
10109728SILVAB_2025-04-15_G58,10109728SILVAB,2025-04-15,117785,1,7,0,87.0
10109728SILVAB_2025-04-15_G59,10109728SILVAB,2025-04-15,109645,1,9,0,223.0
10109728SILVAB_2025-04-15_G60,10109728SILVAB,2025-04-15,111330,1,1,0,68.0
10109728SILVAB_2025-04-15_G61,10109728SILVAB,2025-04-15,111330,1,5,0,212.0
10109728SILVAB_2025-04-15_G62,10109728SILVAB,2025-04-15,111569,1,12,0,961.0
10109728SILVAB_2025-04-15_G64,10109728SILVAB,2025-04-15,111775,1,1,0,148.0
10109728SILVAB_2025-04-15_G65,10109728SILVAB,2025-04-15,110813,1,4,0,419.0
10109728SILVAB_2025-04-15_G66,10109728SILVAB,2025-04-15,110746,1,4,0,214.0
10109728SILVAB_2025-04-15_G67,10109728SILVAB,2025-04-15,110582,1,6,0,827.0
10109728SILVAB_2025-04-15_G68,10109728SILVAB,2025-04-15,111441,1,40,0,886.0
10109728SILVAB_2025-04-16_G02,10109728SILVAB,2025-04-16,110755,1,20,0,849.0
10109728SILVAB_2025-04-16_G03,10109728SILVAB,2025-04-16,118222,1,44,0,1501.0
10109728SILVAB_2025-04-16_G04,10109728SILVAB,2025-04-16,111438,1,2,0,739.0
10109728SILVAB_2025-04-16_G05,10109728SILVAB,2025-04-16,118418,1,4,0,179.0
10109728SILVAB_2025-04-16_G06,10109728SILVAB,2025-04-16,118290,1,4,0,397.0
10109728SILVAB_2025-04-16_G07,10109728SILVAB,2025-04-16,118306,1,6,0,855.0
10109728SILVAB_2025-04-16_G08,10109728SILVAB,2025-04-16,109471,1,6,0,112.0
10109728SILVAB_2025-04-16_G09,10109728SILVAB,2025-04-16,110112,1,6,0,260.0
10109728SILVAB_2025-04-16_G10,10109728SILVAB,2025-04-16,110354,1,2,0,154.0
10109728SILVAB_2025-04-16_G11,10109728SILVAB,2025-04-16,111569,1,20,0,392.0
10109728SILVAB_2025-04-16_G13,10109728SILVAB,2025-04-16,110579,1,2,0,101.0
10109728SILVAB_2025-04-16_G14,10109728SILVAB,2025-04-16,107254,1,8,0,163.0
10109728SILVAB_2025-04-16_G15,10109728SILVAB,2025-04-16,109974,1,4,0,450.0
10109728SILVAB_2025-04-16_G17,10109728SILVAB,2025-04-16,108736,1,7,0,107.0
10109728SILVAB_2025-04-16_G18,10109728SILVAB,2025-04-16,105705,1,25,0,935.0
10109728SILVAB_2025-04-16_G19,10109728SILVAB,2025-04-16,111743,1,21,0,832.0
10109728SILVAB_2025-04-16_G20,10109728SILVAB,2025-04-16,111743,1,3,0,54.0
10109728SILVAB_2025-04-16_G21,10109728SILVAB,2025-04-16,118140,1,320,0,741.0
10109728SILVAB_2025-04-16_G22,10109728SILVAB,2025-04-16,109641,1,100,0,1077.0
10109728SILVAB_2025-04-16_G23,10109728SILVAB,2025-04-16,118317,1,31,0,532.0
10109728SILVAB_2025-04-16_G25,10109728SILVAB,2025-04-16,111850,1,8,0,151.0
10109728SILVAB_2025-04-16_G26,10109728SILVAB,2025-04-16,118222,1,74,0,1318.0
10109728SILVAB_2025-04-16_G27,10109728SILVAB,2025-04-16,117855,1,27,0,840.0
10109728SILVAB_2025-04-16_G28,10109728SILVAB,2025-04-16,111650,1,2,0,217.0
10109728SILVAB_2025-04-16_G29,10109728SILVAB,2025-04-16,110752,1,14,0,332.0
10109728SILVAB_2025-04-16_G30,10109728SILVAB,2025-04-16,111439,1,4,0,220.0
10109728SILVAB_2025-04-17_G02,10109728SILVAB,2025-04-17,111602,1,64,0,237.0
10109728SILVAB_2025-04-17_G03,10109728SILVAB,2025-04-17,109640,1,7,0,374.0
10109728SILVAB_2025-04-17_G04,10109728SILVAB,2025-04-17,110743,1,4,0,1419.0
10109728SILVAB_2025-04-17_G05,10109728SILVAB,2025-04-17,140922,1,6,0,203.0
10109728SILVAB_2025-04-17_G06,10109728SILVAB,2025-04-17,110748,1,5,0,198.0
10109728SILVAB_2025-04-17_G07,10109728SILVAB,2025-04-17,117838,1,4,0,80.0
10109728SILVAB_2025-04-17_G08,10109728SILVAB,2025-04-17,110740,1,6,0,184.0
10109728SILVAB_2025-04-17_G09,10109728SILVAB,2025-04-17,117808,1,238,0,1974.0
10109728SILVAB_2025-04-17_G10,10109728SILVAB,2025-04-17,118299,1,235,0,558.0
10109728SILVAB_2025-04-17_G12,10109728SILVAB,2025-04-17,117840,1,4,0,249.0
10109728SILVAB_2025-04-17_G13,10109728SILVAB,2025-04-17,118222,1,2,0,383.0
10109728SILVAB_2025-04-17_G14,10109728SILVAB,2025-04-17,109640,1,3,0,279.0
10109728SILVAB_2025-04-17_G15,10109728SILVAB,2025-04-17,118140,1,44,0,1442.0
10109728SILVAB_2025-04-17_G16,10109728SILVAB,2025-04-17,118140,1,2,0,47.0
10109728SILVAB_2025-04-17_G17,10109728SILVAB,2025-04-17,118004,1,3,0,548.0
10109728SILVAB_2025-04-17_G18,10109728SILVAB,2025-04-17,118004,1,4,0,47.0
10109728SILVAB_2025-04-17_G19,10109728SILVAB,2025-04-17,117830,1,50,0,3413.0
10109728SILVAB_2025-04-17_G20,10109728SILVAB,2025-04-17,110372,1,200,0,1010.0
10109728SILVAB_2025-04-17_G21,10109728SILVAB,2025-04-17,110375,1,20,0,419.0
10109728SILVAB_2025-04-17_G22,10109728SILVAB,2025-04-17,114092,1,12,0,351.0
10109728SILVAB_2025-04-17_G23,10109728SILVAB,2025-04-17,110373,1,80,0,881.0
10109728SILVAB_2025-04-17_G25,10109728SILVAB,2025-04-17,111742,1,8,0,501.0
10109728SILVAB_2025-04-17_G26,10109728SILVAB,2025-04-17,111755,1,4,0,194.0
10109728SILVAB_2025-04-17_G27,10109728SILVAB,2025-04-17,111751,1,4,0,623.0
10109728SILVAB_2025-04-17_G28,10109728SILVAB,2025-04-17,111740,1,6,0,203.0
10109728SILVAB_2025-04-17_G29,10109728SILVAB,2025-04-17,141261,1,16,0,388.0
10109728SILVAB_2025-04-17_G30,10109728SILVAB,2025-04-17,111722,1,12,0,267.0
10109728SILVAB_2025-04-17_G31,10109728SILVAB,2025-04-17,118191,1,24,0,421.0
10109728SILVAB_2025-04-18_G02,10109728SILVAB,2025-04-18,111438,1,2,0,116.0
10109728SILVAB_2025-04-18_G03,10109728SILVAB,2025-04-18,110895,1,8,0,158.0
10109728SILVAB_2025-04-18_G04,10109728SILVAB,2025-04-18,111569,1,1,0,55.0
10109728SILVAB_2025-04-18_G05,10109728SILVAB,2025-04-18,107629,1,1,0,172.0
10109728SILVAB_2025-04-18_G06,10109728SILVAB,2025-04-18,110733,1,3,0,113.0
10109728SILVAB_2025-04-18_G07,10109728SILVAB,2025-04-18,117786,1,4,0,661.0
10109728SILVAB_2025-04-18_G08,10109728SILVAB,2025-04-18,111602,1,7,0,116.0
10109728SILVAB_2025-04-18_G09,10109728SILVAB,2025-04-18,110325,1,4,0,152.0
10109728SILVAB_2025-04-18_G10,10109728SILVAB,2025-04-18,117808,1,15,0,162.0
10109728SILVAB_2025-04-18_G11,10109728SILVAB,2025-04-18,118299,1,8,0,179.0
10109728SILVAB_2025-04-18_G12,10109728SILVAB,2025-04-18,107830,1,7,0,122.0
10109728SILVAB_2025-04-18_G13,10109728SILVAB,2025-04-18,110371,1,6,0,138.0
10109728SILVAB_2025-04-18_G14,10109728SILVAB,2025-04-18,117820,1,12,0,655.0
10109728SILVAB_2025-04-18_G15,10109728SILVAB,2025-04-18,117832,1,2,0,95.0
10109728SILVAB_2025-04-18_G16,10109728SILVAB,2025-04-18,110372,1,30,0,240.0
10109728SILVAB_2025-04-18_G17,10109728SILVAB,2025-04-18,110375,1,12,0,136.0
10109728SILVAB_2025-04-18_G18,10109728SILVAB,2025-04-18,110373,1,12,0,269.0
10109728SILVAB_2025-04-18_G19,10109728SILVAB,2025-04-18,110743,1,4,0,558.0
10109728SILVAB_2025-04-18_G20,10109728SILVAB,2025-04-18,108795,1,2,0,96.0
10109728SILVAB_2025-04-18_G21,10109728SILVAB,2025-04-18,111469,1,9,0,179.0
10109728SILVAB_2025-04-18_G22,10109728SILVAB,2025-04-18,117821,1,10,0,176.0
10109728SILVAB_2025-04-18_G24,10109728SILVAB,2025-04-18,111348,1,2,0,79.0
10109728SILVAB_2025-04-18_G25,10109728SILVAB,2025-04-18,111743,1,6,0,161.0
10109728SILVAB_2025-04-18_G26,10109728SILVAB,2025-04-18,117833,1,10,0,262.0
10109728SILVAB_2025-04-18_G27,10109728SILVAB,2025-04-18,109641,1,3,0,178.0
10109728SILVAB_2025-04-18_G28,10109728SILVAB,2025-04-18,111172,1,4,0,106.0
10109728SILVAB_2025-04-18_G29,10109728SILVAB,2025-04-18,117785,1,6,0,145.0
10109728SILVAB_2025-04-18_G30,10109728SILVAB,2025-04-18,108794,1,3,0,118.0
10109728SILVAB_2025-04-18_G31,10109728SILVAB,2025-04-18,111532,1,4,0,90.0
10109728SILVAB_2025-04-18_G32,10109728SILVAB,2025-04-18,111462,1,2,0,112.0
10109728SILVAB_2025-04-18_G33,10109728SILVAB,2025-04-18,117838,1,2,0,142.0
10109728SILVAB_2025-04-18_G34,10109728SILVAB,2025-04-18,109645,1,6,0,123.0
10109728SILVAB_2025-04-18_G35,10109728SILVAB,2025-04-18,118140,1,4,0,70.0
10109728SILVAB_2025-04-18_G36,10109728SILVAB,2025-04-18,110745,1,2,0,73.0
10109728SILVAB_2025-04-18_G37,10109728SILVAB,2025-04-18,110740,1,2,0,137.0
10109728SILVAB_2025-04-18_G38,10109728SILVAB,2025-04-18,110787,1,8,0,208.0
10109728SILVAB_2025-04-18_G39,10109728SILVAB,2025-04-18,111465,1,7,0,368.0
10109728SILVAB_2025-04-18_G40,10109728SILVAB,2025-04-18,111435,1,2,0,289.0
10109728SILVAB_2025-04-18_G41,10109728SILVAB,2025-04-18,110515,1,4,0,1105.0
10109728SILVAB_2025-04-18_G42,10109728SILVAB,2025-04-18,111602,1,4,0,571.0
10109728SILVAB_2025-04-18_G43,10109728SILVAB,2025-04-18,110711,1,4,0,123.0
10109728SILVAB_2025-04-18_G44,10109728SILVAB,2025-04-18,110373,1,3,0,186.0
10109728SILVAB_2025-04-18_G45,10109728SILVAB,2025-04-18,117808,1,100,0,549.0
10109728SILVAB_2025-04-18_G46,10109728SILVAB,2025-04-18,118299,1,50,0,578.0
10109728SILVAB_2025-04-18_G47,10109728SILVAB,2025-04-18,107830,1,3,0,86.0
10109728SILVAB_2025-04-18_G48,10109728SILVAB,2025-04-18,107830,1,7,0,139.0
10109728SILVAB_2025-04-18_G49,10109728SILVAB,2025-04-18,110371,1,37,0,305.0
10109728SILVAB_2025-04-18_G50,10109728SILVAB,2025-04-18,110372,1,50,0,353.0
10109728SILVAB_2025-04-18_G51,10109728SILVAB,2025-04-18,109643,1,4,0,256.0
10109728SILVAB_2025-04-18_G52,10109728SILVAB,2025-04-18,110325,1,6,0,521.0
10109728SILVAB_2025-04-18_G53,10109728SILVAB,2025-04-18,114091,1,2,0,175.0
10109728SILVAB_2025-04-22_G02,10109728SILVAB,2025-04-22,140922,1,100,0,1036.0
10109728SILVAB_2025-04-22_G03,10109728SILVAB,2025-04-22,110373,1,430,0,1782.0
10109728SILVAB_2025-04-22_G04,10109728SILVAB,2025-04-22,110374,1,117,0,602.0
10109728SILVAB_2025-04-22_G05,10109728SILVAB,2025-04-22,117809,1,190,0,1463.0
10109728SILVAB_2025-04-22_G06,10109728SILVAB,2025-04-22,111418,1,2,0,1153.0
10109728SILVAB_2025-04-22_G07,10109728SILVAB,2025-04-22,111446,1,4,0,132.0
10109728SILVAB_2025-04-22_G09,10109728SILVAB,2025-04-22,111441,1,6,0,334.0
10109728SILVAB_2025-04-22_G10,10109728SILVAB,2025-04-22,108759,1,2,0,490.0
10109728SILVAB_2025-04-22_G12,10109728SILVAB,2025-04-22,117862,1,12,0,157.0
10109728SILVAB_2025-04-22_G13,10109728SILVAB,2025-04-22,110313,1,2,0,59.0
10109728SILVAB_2025-04-22_G14,10109728SILVAB,2025-04-22,117855,1,6,0,204.0
10109728SILVAB_2025-04-22_G15,10109728SILVAB,2025-04-22,117856,1,8,0,223.0
10109728SILVAB_2025-04-22_G16,10109728SILVAB,2025-04-22,110515,1,5,0,182.0
10109728SILVAB_2025-04-22_G17,10109728SILVAB,2025-04-22,117837,1,12,0,386.0
10109728SILVAB_2025-04-22_G18,10109728SILVAB,2025-04-22,111466,1,24,0,1179.0
10109728SILVAB_2025-04-22_G19,10109728SILVAB,2025-04-22,111466,1,2,0,67.0
10109728SILVAB_2025-04-22_G21,10109728SILVAB,2025-04-22,118253,1,10,0,708.0
10109728SILVAB_2025-04-22_G22,10109728SILVAB,2025-04-22,110742,1,13,0,730.0
10109728SILVAB_2025-04-22_G23,10109728SILVAB,2025-04-22,118222,1,35,0,918.0
10109728SILVAB_2025-04-22_G24,10109728SILVAB,2025-04-22,141047,1,4,0,328.0
10109728SILVAB_2025-04-23_G02,10109728SILVAB,2025-04-23,110313,1,1,0,64.0
10109728SILVAB_2025-04-23_G03,10109728SILVAB,2025-04-23,110733,1,1,0,96.0
10109728SILVAB_2025-04-23_G04,10109728SILVAB,2025-04-23,108772,1,16,0,924.0
10109728SILVAB_2025-04-23_G05,10109728SILVAB,2025-04-23,110711,1,26,0,407.0
10109728SILVAB_2025-04-23_G06,10109728SILVAB,2025-04-23,117831,1,27,0,998.0
10109728SILVAB_2025-04-23_G07,10109728SILVAB,2025-04-23,111462,1,31,0,799.0
10109728SILVAB_2025-04-23_G08,10109728SILVAB,2025-04-23,118140,1,30,0,527.0
10109728SILVAB_2025-04-23_G10,10109728SILVAB,2025-04-23,111466,1,315,0,1428.0
10109728SILVAB_2025-04-23_G11,10109728SILVAB,2025-04-23,110787,1,340,0,1978.0
10109728SILVAB_2025-04-23_G12,10109728SILVAB,2025-04-23,110325,1,130,0,1129.0
10109728SILVAB_2025-04-23_G13,10109728SILVAB,2025-04-23,117809,1,18,0,768.0
10109728SILVAB_2025-04-23_G15,10109728SILVAB,2025-04-23,140922,1,4,0,164.0
10109728SILVAB_2025-04-23_G16,10109728SILVAB,2025-04-23,109641,1,2,0,81.0
10109728SILVAB_2025-04-23_G17,10109728SILVAB,2025-04-23,111743,1,2,0,333.0
10109728SILVAB_2025-04-23_G18,10109728SILVAB,2025-04-23,117854,1,8,0,929.0
10109728SILVAB_2025-04-23_G19,10109728SILVAB,2025-04-23,117854,1,4,0,107.0
10109728SILVAB_2025-04-23_G20,10109728SILVAB,2025-04-23,117854,1,4,0,93.0
10109728SILVAB_2025-04-23_G21,10109728SILVAB,2025-04-23,117854,1,6,0,180.0
10109728SILVAB_2025-04-23_G22,10109728SILVAB,2025-04-23,117854,1,4,0,87.0
10109728SILVAB_2025-04-23_G23,10109728SILVAB,2025-04-23,117854,1,4,0,57.0
10109728SILVAB_2025-04-23_G24,10109728SILVAB,2025-04-23,105705,1,4,0,236.0
10109728SILVAB_2025-04-23_G25,10109728SILVAB,2025-04-23,105705,1,8,0,148.0
10109728SILVAB_2025-04-24_G02,10109728SILVAB,2025-04-24,117820,1,6,0,131.0
10109728SILVAB_2025-04-24_G03,10109728SILVAB,2025-04-24,117820,1,4,0,52.0
10109728SILVAB_2025-04-24_G04,10109728SILVAB,2025-04-24,117820,1,2,0,43.0
10109728SILVAB_2025-04-24_G05,10109728SILVAB,2025-04-24,117820,1,4,0,47.0
10109728SILVAB_2025-04-24_G06,10109728SILVAB,2025-04-24,117820,1,4,0,54.0
10109728SILVAB_2025-04-24_G07,10109728SILVAB,2025-04-24,111530,1,6,0,937.0
10109728SILVAB_2025-04-24_G08,10109728SILVAB,2025-04-24,108772,1,5,0,210.0
10109728SILVAB_2025-04-24_G09,10109728SILVAB,2025-04-24,116241,1,2,0,116.0
10109728SILVAB_2025-04-24_G10,10109728SILVAB,2025-04-24,117838,1,6,0,221.0
10109728SILVAB_2025-04-24_G11,10109728SILVAB,2025-04-24,111330,1,4,0,209.0
10109728SILVAB_2025-04-24_G12,10109728SILVAB,2025-04-24,110339,1,2,0,262.0
10109728SILVAB_2025-04-24_G14,10109728SILVAB,2025-04-24,111530,1,32,0,444.0
10109728SILVAB_2025-04-24_G16,10109728SILVAB,2025-04-24,118326,1,2,0,648.0
10109728SILVAB_2025-04-24_G17,10109728SILVAB,2025-04-24,117785,1,16,0,489.0
10109728SILVAB_2025-04-24_G18,10109728SILVAB,2025-04-24,111418,1,162,0,670.0
10109728SILVAB_2025-04-24_G19,10109728SILVAB,2025-04-24,118004,1,209,0,1315.0
10109728SILVAB_2025-04-24_G20,10109728SILVAB,2025-04-24,118004,1,27,0,307.0
10109728SILVAB_2025-04-24_G21,10109728SILVAB,2025-04-24,111172,1,8,0,219.0
10109728SILVAB_2025-04-24_G22,10109728SILVAB,2025-04-24,111466,1,400,0,1256.0
10109728SILVAB_2025-04-24_G23,10109728SILVAB,2025-04-24,109645,1,40,0,1163.0
10109728SILVAB_2025-04-24_G24,10109728SILVAB,2025-04-24,111330,1,10,0,277.0
10109728SILVAB_2025-04-24_G25,10109728SILVAB,2025-04-24,111465,1,30,0,578.0
10109728SILVAB_2025-04-24_G26,10109728SILVAB,2025-04-24,109641,1,30,0,419.0
10109728SILVAB_2025-04-24_G27,10109728SILVAB,2025-04-24,117808,1,80,0,580.0
10109728SILVAB_2025-04-24_G28,10109728SILVAB,2025-04-24,107830,1,12,0,198.0
10109728SILVAB_2025-04-24_G30,10109728SILVAB,2025-04-24,110895,1,2,0,66.0
10109728SILVAB_2025-04-24_G31,10109728SILVAB,2025-04-24,109937,1,7,0,167.0
10109728SILVAB_2025-04-24_G32,10109728SILVAB,2025-04-24,111467,1,3,0,171.0
10109728SILVAB_2025-04-24_G33,10109728SILVAB,2025-04-24,141047,1,3,0,320.0
10109728SILVAB_2025-04-24_G34,10109728SILVAB,2025-04-24,111348,1,2,0,1403.0
10109728SILVAB_2025-04-25_G02,10109728SILVAB,2025-04-25,111737,1,4,0,564.0
10109728SILVAB_2025-04-25_G03,10109728SILVAB,2025-04-25,140911,1,2,0,531.0
10109728SILVAB_2025-04-25_G04,10109728SILVAB,2025-04-25,111530,1,19,0,1069.0
10109728SILVAB_2025-04-25_G05,10109728SILVAB,2025-04-25,117854,1,8,0,212.0
10109728SILVAB_2025-04-25_G06,10109728SILVAB,2025-04-25,118094,1,8,0,419.0
10109728SILVAB_2025-04-25_G07,10109728SILVAB,2025-04-25,111530,1,10,0,1504.0
10109728SILVAB_2025-04-25_G08,10109728SILVAB,2025-04-25,118253,1,4,0,415.0
10109728SILVAB_2025-04-25_G09,10109728SILVAB,2025-04-25,118290,1,6,0,178.0
10109728SILVAB_2025-04-25_G10,10109728SILVAB,2025-04-25,118094,1,3,0,157.0
10109728SILVAB_2025-04-25_G11,10109728SILVAB,2025-04-25,110372,1,2,0,394.0
10109728SILVAB_2025-04-25_G12,10109728SILVAB,2025-04-25,111530,1,18,0,428.0
10109728SILVAB_2025-04-25_G14,10109728SILVAB,2025-04-25,111430,1,5,0,214.0
10109728SILVAB_2025-04-25_G15,10109728SILVAB,2025-04-25,110813,1,1,0,55.0
10109728SILVAB_2025-04-25_G16,10109728SILVAB,2025-04-25,110080,1,1,0,51.0
10109728SILVAB_2025-04-25_G17,10109728SILVAB,2025-04-25,111112,1,1,0,227.0
10109728SILVAB_2025-04-25_G18,10109728SILVAB,2025-04-25,109976,1,2,0,611.0
10109728SILVAB_2025-04-25_G19,10109728SILVAB,2025-04-25,111793,1,11,0,732.0
10109728SILVAB_2025-04-25_G20,10109728SILVAB,2025-04-25,110454,1,4,0,500.0
10109728SILVAB_2025-04-25_G21,10109728SILVAB,2025-04-25,115775,1,5,0,383.0
10109728SILVAB_2025-04-25_G22,10109728SILVAB,2025-04-25,108411,1,2,0,304.0
10109728SILVAB_2025-04-25_G23,10109728SILVAB,2025-04-25,111120,1,1,0,67.0
10109728SILVAB_2025-04-25_G24,10109728SILVAB,2025-04-25,117835,1,20,0,630.0
10109728SILVAB_2025-04-25_G25,10109728SILVAB,2025-04-25,110895,1,20,0,529.0
10109728SILVAB_2025-04-25_G26,10109728SILVAB,2025-04-25,111850,1,60,0,1000.0
10109728SILVAB_2025-04-25_G27,10109728SILVAB,2025-04-25,118281,1,36,0,1517.0
10109728SILVAB_2025-04-25_G29,10109728SILVAB,2025-04-25,109643,1,14,0,648.0
10109728SILVAB_2025-04-25_G30,10109728SILVAB,2025-04-25,109643,1,4,0,168.0
10109728SILVAB_2025-04-25_G31,10109728SILVAB,2025-04-25,111444,1,4,0,181.0
10109728SILVAB_2025-04-25_G32,10109728SILVAB,2025-04-25,109643,1,5,0,121.0
10109728SILVAB_2025-04-25_G33,10109728SILVAB,2025-04-25,111348,1,4,0,255.0
10109728SILVAB_2025-04-26_G02,10109728SILVAB,2025-04-26,111660,1,4,0,123.0
10109728SILVAB_2025-04-26_G03,10109728SILVAB,2025-04-26,111445,1,4,0,390.0
10109728SILVAB_2025-04-26_G04,10109728SILVAB,2025-04-26,111530,1,9,0,271.0
10109728SILVAB_2025-04-26_G05,10109728SILVAB,2025-04-26,118094,1,10,0,278.0
10109728SILVAB_2025-04-26_G06,10109728SILVAB,2025-04-26,108772,1,5,0,1493.0
10109728SILVAB_2025-04-26_G07,10109728SILVAB,2025-04-26,117837,1,20,0,617.0
10109728SILVAB_2025-04-26_G08,10109728SILVAB,2025-04-26,117935,1,9,0,238.0
10109728SILVAB_2025-04-26_G09,10109728SILVAB,2025-04-26,110374,1,30,0,1124.0
10109728SILVAB_2025-04-26_G10,10109728SILVAB,2025-04-26,117808,1,187,0,2210.0
10109728SILVAB_2025-04-26_G11,10109728SILVAB,2025-04-26,111468,1,6,0,196.0
10109728SILVAB_2025-04-26_G12,10109728SILVAB,2025-04-26,111469,1,12,0,192.0
10109728SILVAB_2025-04-26_G13,10109728SILVAB,2025-04-26,117785,1,100,0,513.0
10109728SILVAB_2025-04-26_G14,10109728SILVAB,2025-04-26,117787,1,20,0,191.0
10109728SILVAB_2025-04-26_G15,10109728SILVAB,2025-04-26,110129,1,4,0,210.0
10109728SILVAB_2025-04-26_G17,10109728SILVAB,2025-04-26,111418,1,600,0,3580.0
10109728SILVAB_2025-04-26_G18,10109728SILVAB,2025-04-26,111462,1,600,0,1729.0
10109728SILVAB_2025-04-27_G02,10109728SILVAB,2025-04-27,118253,1,16,0,389.0
10109728SILVAB_2025-04-27_G03,10109728SILVAB,2025-04-27,111445,1,7,0,535.0
10109728SILVAB_2025-04-27_G04,10109728SILVAB,2025-04-27,118251,1,16,0,473.0
10109728SILVAB_2025-04-28_G02,10109728SILVAB,2025-04-28,110313,1,11,0,213.0
10109728SILVAB_2025-04-28_G03,10109728SILVAB,2025-04-28,110752,1,20,0,626.0
10109728SILVAB_2025-04-28_G04,10109728SILVAB,2025-04-28,105894,1,24,0,981.0
10109728SILVAB_2025-04-28_G05,10109728SILVAB,2025-04-28,111469,1,24,0,505.0
10109728SILVAB_2025-04-28_G06,10109728SILVAB,2025-04-28,111532,1,10,0,228.0
10109728SILVAB_2025-04-28_G07,10109728SILVAB,2025-04-28,110740,1,30,0,754.0
10109728SILVAB_2025-04-28_G08,10109728SILVAB,2025-04-28,105894,1,20,0,567.0
10109728SILVAB_2025-04-28_G09,10109728SILVAB,2025-04-28,111435,1,8,0,515.0
10109728SILVAB_2025-04-28_G10,10109728SILVAB,2025-04-28,116241,1,5,0,414.0
10109728SILVAB_2025-04-28_G11,10109728SILVAB,2025-04-28,111463,1,30,0,1536.0
10109728SILVAB_2025-04-28_G12,10109728SILVAB,2025-04-28,117787,1,20,0,520.0
10109728SILVAB_2025-04-28_G13,10109728SILVAB,2025-04-28,111462,1,30,0,363.0
10109728SILVAB_2025-04-28_G14,10109728SILVAB,2025-04-28,120002,1,30,0,427.0
10109728SILVAB_2025-04-28_G15,10109728SILVAB,2025-04-28,105894,1,5,0,338.0
10109728SILVAB_2025-04-28_G17,10109728SILVAB,2025-04-28,118290,1,4,0,1104.0
10109728SILVAB_2025-04-28_G18,10109728SILVAB,2025-04-28,100334,1,8,0,1085.0
10109728SILVAB_2025-04-28_G19,10109728SILVAB,2025-04-28,111430,1,4,0,1569.0
10109728SILVAB_2025-04-28_G20,10109728SILVAB,2025-04-28,111430,1,4,0,99.0
10109728SILVAB_2025-04-28_G21,10109728SILVAB,2025-04-28,109933,1,4,0,239.0
10109728SILVAB_2025-04-28_G22,10109728SILVAB,2025-04-28,109933,1,4,0,84.0
10109728SILVAB_2025-04-28_G23,10109728SILVAB,2025-04-28,111438,1,4,0,237.0
10109728SILVAB_2025-04-28_G24,10109728SILVAB,2025-04-28,118094,1,2,0,214.0
10109728SILVAB_2025-04-28_G25,10109728SILVAB,2025-04-28,110374,1,5,0,304.0
10109728SILVAB_2025-04-28_G26,10109728SILVAB,2025-04-28,110373,1,4,0,170.0
10109728SILVAB_2025-04-28_G27,10109728SILVAB,2025-04-28,117808,1,12,0,270.0
10109728SILVAB_2025-04-28_G29,10109728SILVAB,2025-04-28,110753,1,1,0,244.0
10109728SILVAB_2025-04-28_G30,10109728SILVAB,2025-04-28,109649,1,12,0,330.0
10109728SILVAB_2025-04-28_G31,10109728SILVAB,2025-04-28,111442,1,2,0,285.0
10109728SILVAB_2025-04-29_G02,10109728SILVAB,2025-04-29,111530,1,2,0,165.0
10109728SILVAB_2025-04-29_G03,10109728SILVAB,2025-04-29,110376,1,2,0,132.0
10109728SILVAB_2025-04-29_G04,10109728SILVAB,2025-04-29,109643,1,2,0,120.0
10109728SILVAB_2025-04-29_G05,10109728SILVAB,2025-04-29,110376,1,7,0,360.0
10109728SILVAB_2025-04-29_G06,10109728SILVAB,2025-04-29,111441,1,4,0,256.0
10109728SILVAB_2025-04-29_G07,10109728SILVAB,2025-04-29,117935,1,2,0,216.0
10109728SILVAB_2025-04-29_G08,10109728SILVAB,2025-04-29,117808,1,300,0,2265.0
10109728SILVAB_2025-04-29_G10,10109728SILVAB,2025-04-29,111441,1,4,0,254.0
10109728SILVAB_2025-04-29_G11,10109728SILVAB,2025-04-29,110373,1,30,0,1171.0
10109728SILVAB_2025-04-29_G12,10109728SILVAB,2025-04-29,110423,1,1,0,201.0
10109728SILVAB_2025-04-29_G13,10109728SILVAB,2025-04-29,117935,1,4,0,213.0
10109728SILVAB_2025-04-29_G14,10109728SILVAB,2025-04-29,117854,1,2,0,165.0
10109728SILVAB_2025-04-29_G15,10109728SILVAB,2025-04-29,109645,1,2,0,943.0
10109728SILVAB_2025-04-29_G16,10109728SILVAB,2025-04-29,110325,1,10,0,319.0
10109728SILVAB_2025-04-29_G17,10109728SILVAB,2025-04-29,110373,1,2,0,138.0
10109728SILVAB_2025-04-29_G18,10109728SILVAB,2025-04-29,111569,1,2,0,376.0
10109728SILVAB_2025-04-29_G19,10109728SILVAB,2025-04-29,111850,1,4,0,106.0
10109728SILVAB_2025-04-29_G20,10109728SILVAB,2025-04-29,111438,1,4,0,148.0
10109728SILVAB_2025-04-29_G21,10109728SILVAB,2025-04-29,117821,1,4,0,601.0
10109728SILVAB_2025-04-29_G22,10109728SILVAB,2025-04-29,117838,1,4,0,220.0
10109728SILVAB_2025-04-29_G23,10109728SILVAB,2025-04-29,111442,1,2,0,209.0
10109728SILVAB_2025-04-29_G24,10109728SILVAB,2025-04-29,107892,1,2,0,364.0
10109728SILVAB_2025-04-29_G25,10109728SILVAB,2025-04-29,107892,1,2,0,80.0
10109728SILVAB_2025-04-29_G26,10109728SILVAB,2025-04-29,111602,1,8,0,353.0
10109728SILVAB_2025-04-29_G27,10109728SILVAB,2025-04-29,109643,1,5,0,370.0
10109728SILVAB_2025-04-29_G28,10109728SILVAB,2025-04-29,107892,1,4,0,467.0
10109728SILVAB_2025-04-29_G29,10109728SILVAB,2025-04-29,110376,1,2,0,295.0
10109728SILVAB_2025-04-29_G30,10109728SILVAB,2025-04-29,107892,1,2,0,361.0
10109728SILVAB_2025-04-29_G32,10109728SILVAB,2025-04-29,108770,1,10,0,306.0
10109728SILVAB_2025-04-29_G33,10109728SILVAB,2025-04-29,108770,1,4,0,111.0
10109728SILVAB_2025-04-29_G34,10109728SILVAB,2025-04-29,118306,1,8,0,268.0
10109728SILVAB_2025-04-29_G35,10109728SILVAB,2025-04-29,118222,1,5,0,182.0
10109728SILVAB_2025-04-29_G36,10109728SILVAB,2025-04-29,118222,1,20,0,497.0
10109728SILVAB_2025-04-29_G37,10109728SILVAB,2025-04-29,111861,1,4,0,138.0
10109728SILVAB_2025-04-29_G38,10109728SILVAB,2025-04-29,111861,1,4,0,103.0
10109728SILVAB_2025-04-29_G39,10109728SILVAB,2025-04-29,110534,1,5,0,385.0
10109728SILVAB_2025-04-29_G40,10109728SILVAB,2025-04-29,109974,1,1,0,114.0
10109728SILVAB_2025-04-30_G02,10109728SILVAB,2025-04-30,111182,1,2,0,984.0
10109728SILVAB_2025-04-30_G03,10109728SILVAB,2025-04-30,111469,1,20,0,649.0
10109728SILVAB_2025-04-30_G04,10109728SILVAB,2025-04-30,117833,1,20,0,1689.0
10109728SILVAB_2025-04-30_G05,10109728SILVAB,2025-04-30,109641,1,10,0,268.0
10109728SILVAB_2025-04-30_G06,10109728SILVAB,2025-04-30,111444,1,5,0,107.0
10109728SILVAB_2025-04-30_G07,10109728SILVAB,2025-04-30,108794,1,20,0,579.0
10109728SILVAB_2025-04-30_G08,10109728SILVAB,2025-04-30,109645,1,10,0,157.0
10109728SILVAB_2025-04-30_G09,10109728SILVAB,2025-04-30,"107236, 117785",2,76,24,147.0
10109728SILVAB_2025-04-30_G10,10109728SILVAB,2025-04-30,105705,1,6,0,525.0
10109728SILVAB_2025-04-30_G11,10109728SILVAB,2025-04-30,117786,2,70,9,1274.0
10109728SILVAB_2025-04-30_G12,10109728SILVAB,2025-04-30,111602,1,20,0,498.0
10109728SILVAB_2025-04-30_G13,10109728SILVAB,2025-04-30,110515,1,10,0,204.0
10109728SILVAB_2025-04-30_G15,10109728SILVAB,2025-04-30,111463,1,20,0,701.0
10109728SILVAB_2025-04-30_G16,10109728SILVAB,2025-04-30,117821,1,10,0,377.0
10109728SILVAB_2025-04-30_G17,10109728SILVAB,2025-04-30,117785,1,30,0,1134.0
10109728SILVAB_2025-04-30_G18,10109728SILVAB,2025-04-30,140922,1,10,0,491.0
10109728SILVAB_2025-04-30_G19,10109728SILVAB,2025-04-30,140922,1,30,0,344.0
10109728SILVAB_2025-04-30_G20,10109728SILVAB,2025-04-30,117838,1,10,0,235.0
10109728SILVAB_2025-04-30_G21,10109728SILVAB,2025-04-30,111532,1,60,0,1389.0
10109728SILVAB_2025-04-30_G22,10109728SILVAB,2025-04-30,117838,1,10,0,158.0
10109728SILVAB_2025-04-30_G23,10109728SILVAB,2025-04-30,118140,1,30,0,686.0
10109728SILVAB_2025-04-30_G24,10109728SILVAB,2025-04-30,110745,1,5,0,86.0
10109728SILVAB_2025-04-30_G25,10109728SILVAB,2025-04-30,117820,1,40,0,478.0
10109728SILVAB_2025-05-01_G02,10109728SILVAB,2025-05-01,117935,1,530,0,2450.0
10109728SILVAB_2025-05-01_G04,10109728SILVAB,2025-05-01,111330,1,86,0,1488.0
10109728SILVAB_2025-05-01_G05,10109728SILVAB,2025-05-01,111172,1,10,0,307.0
10109728SILVAB_2025-05-01_G06,10109728SILVAB,2025-05-01,111441,1,30,0,3427.0
10109728SILVAB_2025-05-05_G02,10109728SILVAB,2025-05-05,111172,1,24,0,1304.0
10109728SILVAB_2025-05-06_G03,10109728SILVAB,2025-05-06,108772,1,4,0,604.0
10109728SILVAB_2025-05-06_G04,10109728SILVAB,2025-05-06,117862,1,4,0,244.0
10109728SILVAB_2025-05-06_G05,10109728SILVAB,2025-05-06,111466,1,4,0,188.0
10109728SILVAB_2025-05-06_G06,10109728SILVAB,2025-05-06,111602,1,15,0,641.0
10109728SILVAB_2025-05-06_G07,10109728SILVAB,2025-05-06,118403,1,3,0,444.0
10109728SILVAB_2025-05-06_G08,10109728SILVAB,2025-05-06,110339,1,3,0,448.0
10109728SILVAB_2025-05-06_G09,10109728SILVAB,2025-05-06,117935,1,3,0,100.0
10109728SILVAB_2025-05-06_G10,10109728SILVAB,2025-05-06,111530,1,3,0,100.0
10109728SILVAB_2025-05-06_G11,10109728SILVAB,2025-05-06,108770,1,2,0,585.0
10109728SILVAB_2025-05-06_G12,10109728SILVAB,2025-05-06,108795,1,5,0,385.0
10109728SILVAB_2025-05-06_G13,10109728SILVAB,2025-05-06,111418,1,4,0,188.0
10109728SILVAB_2025-05-06_G14,10109728SILVAB,2025-05-06,118140,1,5,0,161.0
10109728SILVAB_2025-05-06_G15,10109728SILVAB,2025-05-06,107236,1,2,0,84.0
10109728SILVAB_2025-05-06_G16,10109728SILVAB,2025-05-06,117821,1,2,0,627.0
10109728SILVAB_2025-05-06_G17,10109728SILVAB,2025-05-06,118004,1,4,0,96.0
10109728SILVAB_2025-05-06_G18,10109728SILVAB,2025-05-06,110374,1,3,0,170.0
10109728SILVAB_2025-05-06_G19,10109728SILVAB,2025-05-06,110372,1,2,0,96.0
10109728SILVAB_2025-05-06_G20,10109728SILVAB,2025-05-06,110376,1,4,0,112.0
10109728SILVAB_2025-05-06_G21,10109728SILVAB,2025-05-06,111463,1,5,0,937.0
10109728SILVAB_2025-05-06_G22,10109728SILVAB,2025-05-06,111466,1,4,0,116.0
10109728SILVAB_2025-05-06_G23,10109728SILVAB,2025-05-06,118299,1,7,0,213.0
10109728SILVAB_2025-05-06_G24,10109728SILVAB,2025-05-06,117808,1,4,0,261.0
10109728SILVAB_2025-05-06_G25,10109728SILVAB,2025-05-06,117809,1,4,0,57.0
10109728SILVAB_2025-05-06_G26,10109728SILVAB,2025-05-06,111602,1,8,0,1412.0
10109728SILVAB_2025-05-07_G02,10109728SILVAB,2025-05-07,140922,1,2,0,107.0
10109728SILVAB_2025-05-07_G03,10109728SILVAB,2025-05-07,117808,1,4,0,171.0
10109728SILVAB_2025-05-07_G04,10109728SILVAB,2025-05-07,117809,1,4,0,74.0
10109728SILVAB_2025-05-07_G05,10109728SILVAB,2025-05-07,118299,1,20,0,2021.0
10109728SILVAB_2025-05-07_G06,10109728SILVAB,2025-05-07,110372,1,8,0,157.0
10109728SILVAB_2025-05-07_G07,10109728SILVAB,2025-05-07,117808,1,8,0,369.0
10109728SILVAB_2025-05-07_G08,10109728SILVAB,2025-05-07,111530,1,5,0,1464.0
10109728SILVAB_2025-05-07_G09,10109728SILVAB,2025-05-07,108770,1,4,0,1463.0
10109728SILVAB_2025-05-07_G10,10109728SILVAB,2025-05-07,118094,1,6,0,238.0
10109728SILVAB_2025-05-07_G11,10109728SILVAB,2025-05-07,111530,1,11,0,183.0
10109728SILVAB_2025-05-07_G12,10109728SILVAB,2025-05-07,108711,1,9,0,542.0
10109728SILVAB_2025-05-07_G13,10109728SILVAB,2025-05-07,111532,1,24,0,291.0
10109728SILVAB_2025-05-07_G14,10109728SILVAB,2025-05-07,107236,1,4,0,123.0
10109728SILVAB_2025-05-07_G15,10109728SILVAB,2025-05-07,117787,1,4,0,964.0
10109728SILVAB_2025-05-08_G03,10109728SILVAB,2025-05-08,117836,1,1,0,496.0
10109728SILVAB_2025-05-08_G04,10109728SILVAB,2025-05-08,111569,1,246,0,2036.0
10109728SILVAB_2025-05-08_G05,10109728SILVAB,2025-05-08,110742,1,15,0,1061.0
10109728SILVAB_2025-05-08_G06,10109728SILVAB,2025-05-08,111660,1,6,0,386.0
10109728SILVAB_2025-05-08_G07,10109728SILVAB,2025-05-08,118306,1,38,0,172.0
10109728SILVAB_2025-05-08_G08,10109728SILVAB,2025-05-08,140911,1,14,0,242.0
10109728SILVAB_2025-05-08_G09,10109728SILVAB,2025-05-08,141313,1,22,0,767.0
10109728SILVAB_2025-05-08_G10,10109728SILVAB,2025-05-08,117789,1,2,0,654.0
10109728SILVAB_2025-05-08_G11,10109728SILVAB,2025-05-08,111438,1,15,0,536.0
10109728SILVAB_2025-05-08_G12,10109728SILVAB,2025-05-08,110895,1,24,0,261.0
10109728SILVAB_2025-05-08_G13,10109728SILVAB,2025-05-08,109937,1,4,0,136.0
10109728SILVAB_2025-05-08_G14,10109728SILVAB,2025-05-08,107830,1,4,0,172.0
10109728SILVAB_2025-05-08_G15,10109728SILVAB,2025-05-08,117832,1,33,0,822.0
10109728SILVAB_2025-05-08_G16,10109728SILVAB,2025-05-08,117830,1,8,0,75.0
10109728SILVAB_2025-05-08_G17,10109728SILVAB,2025-05-08,117809,1,4,0,98.0
10109728SILVAB_2025-05-08_G18,10109728SILVAB,2025-05-08,109643,1,10,0,152.0
10109728SILVAB_2025-05-09_G03,10109728SILVAB,2025-05-09,111433,1,5,0,152.0
10109728SILVAB_2025-05-09_G04,10109728SILVAB,2025-05-09,110745,1,1,0,87.0
10109728SILVAB_2025-05-09_G05,10109728SILVAB,2025-05-09,117833,1,10,0,166.0
10109728SILVAB_2025-05-09_G06,10109728SILVAB,2025-05-09,109641,1,1,0,71.0
10109728SILVAB_2025-05-09_G07,10109728SILVAB,2025-05-09,109641,1,9,0,99.0
10109728SILVAB_2025-05-09_G08,10109728SILVAB,2025-05-09,109641,1,8,0,129.0
10109728SILVAB_2025-05-09_G09,10109728SILVAB,2025-05-09,109641,1,6,0,81.0
10109728SILVAB_2025-05-09_G10,10109728SILVAB,2025-05-09,111172,1,72,0,131.0
10109728SILVAB_2025-05-09_G11,10109728SILVAB,2025-05-09,108794,1,25,0,524.0
10109728SILVAB_2025-05-09_G12,10109728SILVAB,2025-05-09,117831,1,38,0,728.0
10109728SILVAB_2025-05-09_G13,10109728SILVAB,2025-05-09,117838,1,2,0,118.0
10109728SILVAB_2025-05-09_G14,10109728SILVAB,2025-05-09,111348,1,6,0,138.0
10109728SILVAB_2025-05-09_G15,10109728SILVAB,2025-05-09,110129,1,18,0,550.0
10109728SILVAB_2025-05-09_G16,10109728SILVAB,2025-05-09,110740,1,160,0,1784.0
10109728SILVAB_2025-05-09_G17,10109728SILVAB,2025-05-09,111463,1,290,0,659.0
10109728SILVAB_2025-05-09_G18,10109728SILVAB,2025-05-09,111469,1,160,0,321.0
10109728SILVAB_2025-05-09_G19,10109728SILVAB,2025-05-09,108794,1,149,0,320.0
10109728SILVAB_2025-05-09_G21,10109728SILVAB,2025-05-09,110313,1,2,0,70.0
10109728SILVAB_2025-05-09_G22,10109728SILVAB,2025-05-09,117837,1,2,0,107.0
10109728SILVAB_2025-05-09_G23,10109728SILVAB,2025-05-09,111467,1,4,0,197.0
10109728SILVAB_2025-05-09_G24,10109728SILVAB,2025-05-09,111530,1,2,0,872.0
10109728SILVAB_2025-05-09_G25,10109728SILVAB,2025-05-09,111602,1,4,0,401.0
10109728SILVAB_2025-05-09_G26,10109728SILVAB,2025-05-09,117788,1,3,0,187.0
10109728SILVAB_2025-05-09_G27,10109728SILVAB,2025-05-09,105705,1,3,0,859.0
10109728SILVAB_2025-05-09_G28,10109728SILVAB,2025-05-09,110373,1,2,0,160.0
10109728SILVAB_2025-05-09_G29,10109728SILVAB,2025-05-09,110841,1,2,0,187.0
10109728SILVAB_2025-05-09_G30,10109728SILVAB,2025-05-09,111443,1,4,0,163.0
10109728SILVAB_2025-05-09_G31,10109728SILVAB,2025-05-09,111443,1,6,0,144.0
10109728SILVAB_2025-05-09_G32,10109728SILVAB,2025-05-09,111602,1,4,0,1167.0
10109728SILVAB_2025-05-09_G33,10109728SILVAB,2025-05-09,110373,1,4,0,208.0
10109728SILVAB_2025-05-09_G34,10109728SILVAB,2025-05-09,111850,1,2,0,139.0
10109728SILVAB_2025-05-09_G35,10109728SILVAB,2025-05-09,110325,1,4,0,147.0
10109728SILVAB_2025-05-09_G36,10109728SILVAB,2025-05-09,110372,1,4,0,280.0
10109728SILVAB_2025-05-10_G02,10109728SILVAB,2025-05-10,117808,1,7,0,161.0
10109728SILVAB_2025-05-10_G03,10109728SILVAB,2025-05-10,111440,1,4,0,373.0
10109728SILVAB_2025-05-10_G04,10109728SILVAB,2025-05-10,141202,1,4,0,149.0
10109728SILVAB_2025-05-10_G05,10109728SILVAB,2025-05-10,111467,1,38,0,1484.0
10109728SILVAB_2025-05-10_G06,10109728SILVAB,2025-05-10,117856,1,66,0,645.0
10109728SILVAB_2025-05-10_G07,10109728SILVAB,2025-05-10,110373,1,687,0,3208.0
10109728SILVAB_2025-05-10_G08,10109728SILVAB,2025-05-10,111569,1,2,0,1374.0
10109728SILVAB_2025-05-10_G09,10109728SILVAB,2025-05-10,111850,1,2,0,112.0
10109728SILVAB_2025-05-10_G10,10109728SILVAB,2025-05-10,110339,1,2,0,97.0
10109728SILVAB_2025-05-10_G11,10109728SILVAB,2025-05-10,111462,1,2,0,54.0
10109728SILVAB_2025-05-10_G12,10109728SILVAB,2025-05-10,110787,1,2,0,230.0
10109728SILVAB_2025-05-10_G13,10109728SILVAB,2025-05-10,110373,1,10,0,230.0
10109728SILVAB_2025-05-10_G14,10109728SILVAB,2025-05-10,110372,1,8,0,155.0
10109728SILVAB_2025-05-10_G15,10109728SILVAB,2025-05-10,109643,1,4,0,148.0
10109728SILVAB_2025-05-10_G16,10109728SILVAB,2025-05-10,109933,1,4,0,466.0
10109728SILVAB_2025-05-10_G17,10109728SILVAB,2025-05-10,109647,1,4,0,311.0
10109728SILVAB_2025-05-10_G18,10109728SILVAB,2025-05-10,117855,1,2,0,72.0
10109728SILVAB_2025-05-10_G19,10109728SILVAB,2025-05-10,109640,1,5,0,117.0
10109728SILVAB_2025-05-10_G20,10109728SILVAB,2025-05-10,111418,1,1,0,72.0
10109728SILVAB_2025-05-10_G21,10109728SILVAB,2025-05-10,117820,1,2,0,99.0
10109728SILVAB_2025-05-10_G22,10109728SILVAB,2025-05-10,110373,1,10,0,130.0
10109728SILVAB_2025-05-10_G23,10109728SILVAB,2025-05-10,110373,1,5,0,55.0
10109728SILVAB_2025-05-10_G24,10109728SILVAB,2025-05-10,110375,1,2,0,108.0
10109728SILVAB_2025-05-10_G25,10109728SILVAB,2025-05-10,109643,1,3,0,93.0
10109728SILVAB_2025-05-10_G26,10109728SILVAB,2025-05-10,110373,1,4,0,229.0
10109728SILVAB_2025-05-11_G02,10109728SILVAB,2025-05-11,111430,1,4,0,178.0
10109728SILVAB_2025-05-11_G03,10109728SILVAB,2025-05-11,111438,1,4,0,241.0
10109728SILVAB_2025-05-11_G04,10109728SILVAB,2025-05-11,110895,1,5,0,122.0
10109728SILVAB_2025-05-11_G05,10109728SILVAB,2025-05-11,118094,1,3,0,164.0
10109728SILVAB_2025-05-11_G06,10109728SILVAB,2025-05-11,111598,1,7,0,438.0
10109728SILVAB_2025-05-11_G07,10109728SILVAB,2025-05-11,117862,1,6,0,619.0
10109728SILVAB_2025-05-11_G08,10109728SILVAB,2025-05-11,111530,1,3,0,77.0
10109728SILVAB_2025-05-11_G09,10109728SILVAB,2025-05-11,117786,1,2,0,51.0
10109728SILVAB_2025-05-11_G10,10109728SILVAB,2025-05-11,111602,1,5,0,161.0
10109728SILVAB_2025-05-11_G11,10109728SILVAB,2025-05-11,110375,1,4,0,99.0
10109728SILVAB_2025-05-11_G12,10109728SILVAB,2025-05-11,111469,1,3,0,1235.0
10109728SILVAB_2025-05-11_G13,10109728SILVAB,2025-05-11,111462,1,2,0,78.0
10109728SILVAB_2025-05-11_G14,10109728SILVAB,2025-05-11,111466,1,10,0,172.0
10109728SILVAB_2025-05-11_G15,10109728SILVAB,2025-05-11,111532,1,4,0,253.0
10109728SILVAB_2025-05-11_G16,10109728SILVAB,2025-05-11,111172,1,3,0,103.0
10109728SILVAB_2025-05-11_G17,10109728SILVAB,2025-05-11,111172,1,1,0,31.0
10109728SILVAB_2025-05-11_G18,10109728SILVAB,2025-05-11,111418,1,21,0,412.0
10109728SILVAB_2025-05-11_G19,10109728SILVAB,2025-05-11,109645,1,4,0,352.0
10109728SILVAB_2025-05-11_G20,10109728SILVAB,2025-05-11,118140,1,8,0,132.0
10109728SILVAB_2025-05-11_G21,10109728SILVAB,2025-05-11,111465,1,6,0,173.0
10109728SILVAB_2025-05-11_G22,10109728SILVAB,2025-05-11,110754,1,2,0,2221.0
10109728SILVAB_2025-05-11_G23,10109728SILVAB,2025-05-11,116527,1,4,0,202.0
10109728SILVAB_2025-05-11_G24,10109728SILVAB,2025-05-11,111530,1,4,0,138.0
10109728SILVAB_2025-05-11_G25,10109728SILVAB,2025-05-11,117830,1,6,0,133.0
10109728SILVAB_2025-05-11_G26,10109728SILVAB,2025-05-11,117809,1,4,0,115.0
10109728SILVAB_2025-05-11_G27,10109728SILVAB,2025-05-11,111469,1,6,0,191.0
10109728SILVAB_2025-05-11_G28,10109728SILVAB,2025-05-11,109641,1,6,0,159.0
10109728SILVAB_2025-05-11_G29,10109728SILVAB,2025-05-11,118140,1,10,0,315.0
10109728SILVAB_2025-05-12_G02,10109728SILVAB,2025-05-12,108711,1,2,0,48.0
10109728SILVAB_2025-05-12_G03,10109728SILVAB,2025-05-12,111463,1,12,0,241.0
10109728SILVAB_2025-05-12_G04,10109728SILVAB,2025-05-12,111463,1,30,0,778.0
10109728SILVAB_2025-05-12_G05,10109728SILVAB,2025-05-12,117831,1,6,0,601.0
10109728SILVAB_2025-05-12_G06,10109728SILVAB,2025-05-12,117831,1,8,0,113.0
10109728SILVAB_2025-05-12_G07,10109728SILVAB,2025-05-12,110787,1,6,0,238.0
10109728SILVAB_2025-05-12_G08,10109728SILVAB,2025-05-12,117820,1,12,0,2094.0
10109728SILVAB_2025-05-12_G09,10109728SILVAB,2025-05-12,110373,1,300,0,1409.0
10109728SILVAB_2025-05-12_G10,10109728SILVAB,2025-05-12,110371,1,260,0,1434.0
10109728SILVAB_2025-05-12_G11,10109728SILVAB,2025-05-12,141202,1,40,0,330.0
10109728SILVAB_2025-05-12_G12,10109728SILVAB,2025-05-12,117808,1,4,0,90.0
10109728SILVAB_2025-05-12_G13,10109728SILVAB,2025-05-12,109643,1,8,0,119.0
10109728SILVAB_2025-05-12_G14,10109728SILVAB,2025-05-12,109643,1,4,0,39.0
10109728SILVAB_2025-05-12_G16,10109728SILVAB,2025-05-12,118140,1,47,0,1045.0
10109728SILVAB_2025-05-12_G17,10109728SILVAB,2025-05-12,111182,1,14,0,202.0
10109728SILVAB_2025-05-12_G18,10109728SILVAB,2025-05-12,108711,1,25,0,1227.0
10109728SILVAB_2025-05-12_G19,10109728SILVAB,2025-05-12,111466,1,20,0,389.0
10109728SILVAB_2025-05-12_G20,10109728SILVAB,2025-05-12,111466,1,4,0,31.0
10109728SILVAB_2025-05-12_G21,10109728SILVAB,2025-05-12,108794,1,7,0,133.0
10109728SILVAB_2025-05-12_G22,10109728SILVAB,2025-05-12,117831,1,4,0,287.0
10109728SILVAB_2025-05-12_G23,10109728SILVAB,2025-05-12,109645,1,26,0,1423.0
10109728SILVAB_2025-05-12_G24,10109728SILVAB,2025-05-12,111348,1,19,0,333.0
10109728SILVAB_2025-05-12_G25,10109728SILVAB,2025-05-12,118140,1,2,0,135.0
10109728SILVAB_2025-05-12_G26,10109728SILVAB,2025-05-12,111532,1,19,0,571.0
10109728SILVAB_2025-05-12_G27,10109728SILVAB,2025-05-12,109641,1,7,0,737.0
10109728SILVAB_2025-05-12_G28,10109728SILVAB,2025-05-12,110743,1,4,0,289.0
10109728SILVAB_2025-05-12_G29,10109728SILVAB,2025-05-12,108772,1,8,0,324.0
10109728SILVAB_2025-05-12_G30,10109728SILVAB,2025-05-12,110339,1,22,0,356.0
10109728SILVAB_2025-05-12_G31,10109728SILVAB,2025-05-12,117855,1,17,0,801.0
10109728SILVAB_2025-05-13_G02,10109728SILVAB,2025-05-13,111530,1,60,0,716.0
10109728SILVAB_2025-05-13_G03,10109728SILVAB,2025-05-13,110515,1,21,0,192.0
10109728SILVAB_2025-05-13_G04,10109728SILVAB,2025-05-13,110711,1,10,0,336.0
10109728SILVAB_2025-05-13_G05,10109728SILVAB,2025-05-13,110339,1,2,0,172.0
10109728SILVAB_2025-05-16_G02,10109728SILVAB,2025-05-16,107892,1,3,0,124.0
10109728SILVAB_2025-05-16_G03,10109728SILVAB,2025-05-16,118094,1,10,0,683.0
10109728SILVAB_2025-05-16_G04,10109728SILVAB,2025-05-16,111430,1,2,0,284.0
10109728SILVAB_2025-05-16_G05,10109728SILVAB,2025-05-16,110895,1,2,0,261.0
10109728SILVAB_2025-05-16_G06,10109728SILVAB,2025-05-16,111569,1,4,0,283.0
10109728SILVAB_2025-05-16_G07,10109728SILVAB,2025-05-16,118306,1,2,0,120.0
10109728SILVAB_2025-05-16_G08,10109728SILVAB,2025-05-16,110755,1,2,0,111.0
10109728SILVAB_2025-05-16_G09,10109728SILVAB,2025-05-16,109937,1,2,0,274.0
10109728SILVAB_2025-05-16_G10,10109728SILVAB,2025-05-16,111433,1,1,0,526.0
10109728SILVAB_2025-05-16_G11,10109728SILVAB,2025-05-16,117787,1,5,0,145.0
10109728SILVAB_2025-05-16_G12,10109728SILVAB,2025-05-16,108711,1,8,0,226.0
10109728SILVAB_2025-05-16_G13,10109728SILVAB,2025-05-16,140922,1,10,0,330.0
10109728SILVAB_2025-05-16_G14,10109728SILVAB,2025-05-16,110745,1,4,0,460.0
10109728SILVAB_2025-05-18_G02,10109728SILVAB,2025-05-18,111737,1,25,0,908.0
10109728SILVAB_2025-05-18_G03,10109728SILVAB,2025-05-18,111738,1,17,0,535.0
10109728SILVAB_2025-05-18_G04,10109728SILVAB,2025-05-18,111738,1,9,0,108.0
10109728SILVAB_2025-05-18_G05,10109728SILVAB,2025-05-18,118222,1,4,0,2702.0
10109728SILVAB_2025-05-18_G06,10109728SILVAB,2025-05-18,111876,1,2,0,119.0
10109728SILVAB_2025-05-18_G07,10109728SILVAB,2025-05-18,111602,1,6,0,216.0
10109728SILVAB_2025-05-18_G08,10109728SILVAB,2025-05-18,117862,1,2,0,86.0
10109728SILVAB_2025-05-18_G09,10109728SILVAB,2025-05-18,117855,1,4,0,132.0
10109728SILVAB_2025-05-18_G10,10109728SILVAB,2025-05-18,110515,1,1,0,116.0
10109728SILVAB_2025-05-18_G11,10109728SILVAB,2025-05-18,117785,1,3,0,555.0
10109728SILVAB_2025-05-18_G12,10109728SILVAB,2025-05-18,111466,1,1,0,84.0
10109728SILVAB_2025-05-18_G13,10109728SILVAB,2025-05-18,118140,1,1,0,38.0
10109728SILVAB_2025-05-18_G14,10109728SILVAB,2025-05-18,111418,1,4,0,144.0
10109728SILVAB_2025-05-18_G15,10109728SILVAB,2025-05-18,111465,1,4,0,192.0
10109728SILVAB_2025-05-18_G16,10109728SILVAB,2025-05-18,110325,1,4,0,253.0
10109728SILVAB_2025-05-18_G17,10109728SILVAB,2025-05-18,117830,1,1,0,169.0
10109728SILVAB_2025-05-18_G18,10109728SILVAB,2025-05-18,118299,1,5,0,192.0
10109728SILVAB_2025-05-18_G19,10109728SILVAB,2025-05-18,117808,1,12,0,307.0
10109728SILVAB_2025-05-18_G20,10109728SILVAB,2025-05-18,111761,1,13,0,908.0
10109728SILVAB_2025-05-18_G21,10109728SILVAB,2025-05-18,111754,2,5,11,388.0
10109728SILVAB_2025-05-18_G22,10109728SILVAB,2025-05-18,111739,1,2,0,147.0
10109728SILVAB_2025-05-18_G24,10109728SILVAB,2025-05-18,111463,1,5,0,234.0
10109728SILVAB_2025-05-18_G25,10109728SILVAB,2025-05-18,118094,1,4,0,924.0
10109728SILVAB_2025-05-19_G02,10109728SILVAB,2025-05-19,117808,1,16,0,336.0
10109728SILVAB_2025-05-19_G03,10109728SILVAB,2025-05-19,117785,1,10,0,1882.0
10109728SILVAB_2025-05-19_G04,10109728SILVAB,2025-05-19,117830,1,10,0,253.0
10109728SILVAB_2025-05-19_G05,10109728SILVAB,2025-05-19,111602,1,5,0,1110.0
10109728SILVAB_2025-05-19_G06,10109728SILVAB,2025-05-19,118004,1,4,0,218.0
10109728SILVAB_2025-05-19_G07,10109728SILVAB,2025-05-19,117855,1,12,0,394.0
10109728SILVAB_2025-05-19_G08,10109728SILVAB,2025-05-19,111438,1,4,0,239.0
10109728SILVAB_2025-05-19_G09,10109728SILVAB,2025-05-19,110325,1,10,0,648.0
10109728SILVAB_2025-05-19_G11,10109728SILVAB,2025-05-19,110373,1,160,0,1037.0
10109728SILVAB_2025-05-19_G12,10109728SILVAB,2025-05-19,117820,1,100,0,480.0
10109728SILVAB_2025-05-19_G13,10109728SILVAB,2025-05-19,117822,1,12,0,436.0
10109728SILVAB_2025-05-19_G14,10109728SILVAB,2025-05-19,110372,1,120,0,602.0
10109728SILVAB_2025-05-19_G15,10109728SILVAB,2025-05-19,117832,1,29,0,795.0
10109728SILVAB_2025-05-19_G16,10109728SILVAB,2025-05-19,117830,1,23,0,359.0
10109728SILVAB_2025-05-19_G17,10109728SILVAB,2025-05-19,110372,1,4,0,379.0
10109728SILVAB_2025-05-19_G18,10109728SILVAB,2025-05-19,110375,1,38,0,459.0
10109728SILVAB_2025-05-19_G19,10109728SILVAB,2025-05-19,110371,1,100,0,696.0
10109728SILVAB_2025-05-19_G20,10109728SILVAB,2025-05-19,118299,1,100,0,982.0
10109728SILVAB_2025-05-19_G21,10109728SILVAB,2025-05-19,117809,1,40,0,1012.0
10109728SILVAB_2025-05-20_G02,10109728SILVAB,2025-05-20,111430,1,12,0,291.0
10109728SILVAB_2025-05-20_G03,10109728SILVAB,2025-05-20,118253,1,6,0,652.0
10109728SILVAB_2025-05-20_G04,10109728SILVAB,2025-05-20,118280,1,14,0,763.0
10109728SILVAB_2025-05-20_G05,10109728SILVAB,2025-05-20,110325,1,3,0,919.0
10109728SILVAB_2025-05-20_G06,10109728SILVAB,2025-05-20,110373,1,30,0,429.0
10109728SILVAB_2025-05-20_G07,10109728SILVAB,2025-05-20,110373,1,61,0,777.0
10109728SILVAB_2025-05-20_G08,10109728SILVAB,2025-05-20,117820,1,100,0,684.0
10109728SILVAB_2025-05-20_G09,10109728SILVAB,2025-05-20,110372,1,50,0,1011.0
10109728SILVAB_2025-05-20_G10,10109728SILVAB,2025-05-20,110375,1,20,0,234.0
10109728SILVAB_2025-05-20_G11,10109728SILVAB,2025-05-20,117809,1,10,0,176.0
10109728SILVAB_2025-05-20_G12,10109728SILVAB,2025-05-20,118299,1,430,0,1591.0
10109728SILVAB_2025-05-20_G14,10109728SILVAB,2025-05-20,117786,1,17,0,455.0
10109728SILVAB_2025-05-20_G15,10109728SILVAB,2025-05-20,110515,1,24,0,508.0
10109728SILVAB_2025-05-20_G16,10109728SILVAB,2025-05-20,116611,1,3,0,752.0
10109728SILVAB_2025-05-20_G17,10109728SILVAB,2025-05-20,111443,1,8,0,822.0
10109728SILVAB_2025-05-20_G18,10109728SILVAB,2025-05-20,110740,1,10,0,233.0
10109728SILVAB_2025-05-20_G19,10109728SILVAB,2025-05-20,111463,1,19,0,204.0
10109728SILVAB_2025-05-20_G20,10109728SILVAB,2025-05-20,109641,1,23,0,468.0
10109728SILVAB_2025-05-20_G21,10109728SILVAB,2025-05-20,111466,1,8,0,177.0
10109728SILVAB_2025-05-20_G22,10109728SILVAB,2025-05-20,111172,1,20,0,697.0
10109728SILVAB_2025-05-20_G23,10109728SILVAB,2025-05-20,111418,1,8,0,199.0
10109728SILVAB_2025-05-20_G24,10109728SILVAB,2025-05-20,117785,1,20,0,313.0
10109728SILVAB_2025-05-20_G25,10109728SILVAB,2025-05-20,117820,1,56,0,475.0
10109728SILVAB_2025-05-20_G26,10109728SILVAB,2025-05-20,117830,1,7,0,143.0
10109728SILVAB_2025-05-20_G27,10109728SILVAB,2025-05-20,118299,1,16,0,452.0
10109728SILVAB_2025-05-20_G28,10109728SILVAB,2025-05-20,117808,1,30,0,421.0
10109728SILVAB_2025-05-20_G29,10109728SILVAB,2025-05-20,111418,1,350,0,1326.0
10109728SILVAB_2025-05-20_G30,10109728SILVAB,2025-05-20,111172,1,30,0,401.0
10109728SILVAB_2025-05-21_G02,10109728SILVAB,2025-05-21,111463,1,7,0,1263.0
10109728SILVAB_2025-05-21_G03,10109728SILVAB,2025-05-21,140922,1,5,0,238.0
10109728SILVAB_2025-05-21_G04,10109728SILVAB,2025-05-21,140922,1,4,0,140.0
10109728SILVAB_2025-05-21_G05,10109728SILVAB,2025-05-21,118140,1,14,0,260.0
10109728SILVAB_2025-05-21_G06,10109728SILVAB,2025-05-21,117833,1,2,0,108.0
10109728SILVAB_2025-05-21_G07,10109728SILVAB,2025-05-21,118004,2,3,29,82.0
10109728SILVAB_2025-05-21_G08,10109728SILVAB,2025-05-21,109645,1,4,0,212.0
10109728SILVAB_2025-05-21_G09,10109728SILVAB,2025-05-21,117821,1,3,0,104.0
10109728SILVAB_2025-05-21_G10,10109728SILVAB,2025-05-21,118317,1,7,0,134.0
10109728SILVAB_2025-05-21_G11,10109728SILVAB,2025-05-21,117820,1,4,0,338.0
10109728SILVAB_2025-05-21_G12,10109728SILVAB,2025-05-21,110372,1,12,0,171.0
10109728SILVAB_2025-05-21_G13,10109728SILVAB,2025-05-21,110372,1,5,0,68.0
10109728SILVAB_2025-05-21_G14,10109728SILVAB,2025-05-21,117832,1,4,0,98.0
10109728SILVAB_2025-05-21_G15,10109728SILVAB,2025-05-21,118299,1,19,0,657.0
10109728SILVAB_2025-05-21_G16,10109728SILVAB,2025-05-21,111569,1,5,0,210.0
10109728SILVAB_2025-05-21_G17,10109728SILVAB,2025-05-21,110895,1,1,0,572.0
10109728SILVAB_2025-05-21_G18,10109728SILVAB,2025-05-21,118094,1,4,0,194.0
10109728SILVAB_2025-05-21_G19,10109728SILVAB,2025-05-21,107629,1,8,0,331.0
10109728SILVAB_2025-05-21_G20,10109728SILVAB,2025-05-21,117855,1,4,0,160.0
10109728SILVAB_2025-05-21_G21,10109728SILVAB,2025-05-21,110752,1,2,0,111.0
10109728SILVAB_2025-05-21_G22,10109728SILVAB,2025-05-21,111530,1,60,0,562.0
10109728SILVAB_2025-05-21_G23,10109728SILVAB,2025-05-21,110515,1,35,0,883.0
10109728SILVAB_2025-05-21_G24,10109728SILVAB,2025-05-21,111602,1,17,0,1410.0
10109728SILVAB_2025-05-21_G26,10109728SILVAB,2025-05-21,110582,1,5,0,253.0
10109728SILVAB_2025-05-21_G27,10109728SILVAB,2025-05-21,100334,1,10,0,345.0
10109728SILVAB_2025-05-21_G28,10109728SILVAB,2025-05-21,111850,1,20,0,437.0
10109728SILVAB_2025-05-21_G29,10109728SILVAB,2025-05-21,111440,1,6,0,426.0
10109728SILVAB_2025-05-21_G30,10109728SILVAB,2025-05-21,111779,1,2,0,112.0
10109728SILVAB_2025-05-21_G31,10109728SILVAB,2025-05-21,110064,1,2,0,119.0
10109728SILVAB_2025-05-21_G32,10109728SILVAB,2025-05-21,110310,1,4,0,144.0
10109728SILVAB_2025-05-21_G33,10109728SILVAB,2025-05-21,118100,1,2,0,307.0
10109728SILVAB_2025-05-21_G34,10109728SILVAB,2025-05-21,111793,1,4,0,840.0
10109728SILVAB_2025-05-21_G35,10109728SILVAB,2025-05-21,111776,1,4,0,771.0
10109728SILVAB_2025-05-21_G36,10109728SILVAB,2025-05-21,140957,1,8,0,413.0
10109728SILVAB_2025-05-21_G37,10109728SILVAB,2025-05-21,141035,1,4,0,204.0
10109728SILVAB_2025-05-21_G38,10109728SILVAB,2025-05-21,111876,1,11,0,190.0
10109728SILVAB_2025-05-21_G39,10109728SILVAB,2025-05-21,108361,1,8,0,197.0
10109728SILVAB_2025-05-21_G40,10109728SILVAB,2025-05-21,111602,1,416,0,2179.0
10109728SILVAB_2025-05-21_G41,10109728SILVAB,2025-05-21,160050,1,6,0,1097.0
10109728SILVAB_2025-05-21_G42,10109728SILVAB,2025-05-21,110747,1,6,0,459.0
10109728SILVAB_2025-05-21_G43,10109728SILVAB,2025-05-21,118222,1,15,0,297.0
10109728SILVAB_2025-05-21_G44,10109728SILVAB,2025-05-21,115821,1,6,0,653.0
10109728SILVAB_2025-05-21_G45,10109728SILVAB,2025-05-21,111438,1,3,0,195.0
10109728SILVAB_2025-05-22_G02,10109728SILVAB,2025-05-22,110743,1,2,0,103.0
10109728SILVAB_2025-05-22_G03,10109728SILVAB,2025-05-22,111468,1,2,0,108.0
10109728SILVAB_2025-05-22_G04,10109728SILVAB,2025-05-22,111348,1,4,0,187.0
10109728SILVAB_2025-05-22_G05,10109728SILVAB,2025-05-22,111348,1,4,0,97.0
10109728SILVAB_2025-05-22_G06,10109728SILVAB,2025-05-22,160055,1,4,0,252.0
10109728SILVAB_2025-05-22_G07,10109728SILVAB,2025-05-22,111465,1,1,0,111.0
10109728SILVAB_2025-05-22_G08,10109728SILVAB,2025-05-22,110371,1,8,0,203.0
10109728SILVAB_2025-05-22_G09,10109728SILVAB,2025-05-22,118299,1,12,0,197.0
10109728SILVAB_2025-05-22_G10,10109728SILVAB,2025-05-22,160051,1,2,0,214.0
10109728SILVAB_2025-05-22_G11,10109728SILVAB,2025-05-22,160053,1,2,0,95.0
10109728SILVAB_2025-05-22_G12,10109728SILVAB,2025-05-22,111530,1,4,0,130.0
10109728SILVAB_2025-05-22_G13,10109728SILVAB,2025-05-22,118403,1,2,0,92.0
10109728SILVAB_2025-05-22_G14,10109728SILVAB,2025-05-22,111462,1,4,0,1730.0
10109728SILVAB_2025-05-22_G15,10109728SILVAB,2025-05-22,111463,1,4,0,92.0
10109728SILVAB_2025-05-22_G16,10109728SILVAB,2025-05-22,110371,1,4,0,103.0
10109728SILVAB_2025-05-22_G17,10109728SILVAB,2025-05-22,110743,1,4,0,240.0
10109728SILVAB_2025-05-22_G18,10109728SILVAB,2025-05-22,110373,1,20,0,364.0
10109728SILVAB_2025-05-22_G19,10109728SILVAB,2025-05-22,110372,1,4,0,176.0
10109728SILVAB_2025-05-22_G20,10109728SILVAB,2025-05-22,111445,1,4,0,879.0
10109728SILVAB_2025-05-22_G21,10109728SILVAB,2025-05-22,111466,1,2,0,178.0
10109728SILVAB_2025-05-22_G22,10109728SILVAB,2025-05-22,109933,1,4,0,313.0
10109728SILVAB_2025-05-22_G23,10109728SILVAB,2025-05-22,111446,1,4,0,164.0
10109728SILVAB_2025-05-22_G24,10109728SILVAB,2025-05-22,109937,1,4,0,255.0
10109728SILVAB_2025-05-22_G25,10109728SILVAB,2025-05-22,117809,1,4,0,144.0
10109728SILVAB_2025-05-22_G26,10109728SILVAB,2025-05-22,109647,1,4,0,465.0
10109728SILVAB_2025-05-22_G27,10109728SILVAB,2025-05-22,111418,1,6,0,439.0
10109728SILVAB_2025-05-22_G28,10109728SILVAB,2025-05-22,110371,1,2,0,232.0
10109728SILVAB_2025-05-22_G29,10109728SILVAB,2025-05-22,111602,1,2,0,200.0
10109728SILVAB_2025-05-22_G31,10109728SILVAB,2025-05-22,114097,1,4,0,205.0
10109728SILVAB_2025-05-22_G32,10109728SILVAB,2025-05-22,118285,1,8,0,1114.0
10109728SILVAB_2025-05-22_G33,10109728SILVAB,2025-05-22,117831,1,36,0,2060.0
10109728SILVAB_2025-05-22_G34,10109728SILVAB,2025-05-22,110740,1,4,0,2330.0
10109728SILVAB_2025-05-22_G35,10109728SILVAB,2025-05-22,108795,1,4,0,97.0
10109728SILVAB_2025-05-22_G36,10109728SILVAB,2025-05-22,111462,1,8,0,160.0
10109728SILVAB_2025-05-22_G37,10109728SILVAB,2025-05-22,105705,1,4,0,146.0
10109728SILVAB_2025-05-22_G38,10109728SILVAB,2025-05-22,105705,1,26,0,633.0
10109728SILVAB_2025-05-22_G39,10109728SILVAB,2025-05-22,117787,1,2,0,62.0
10109728SILVAB_2025-05-22_G40,10109728SILVAB,2025-05-22,140922,1,1,0,46.0
10109728SILVAB_2025-05-22_G41,10109728SILVAB,2025-05-22,108798,1,6,0,476.0
10109728SILVAB_2025-05-22_G42,10109728SILVAB,2025-05-22,111532,1,4,0,60.0
10109728SILVAB_2025-05-22_G43,10109728SILVAB,2025-05-22,111532,1,6,0,99.0
10109728SILVAB_2025-05-22_G44,10109728SILVAB,2025-05-22,117842,1,6,0,124.0
10109728SILVAB_2025-05-22_G45,10109728SILVAB,2025-05-22,117821,1,3,0,89.0
10109728SILVAB_2025-05-22_G46,10109728SILVAB,2025-05-22,111444,1,10,0,183.0
10109728SILVAB_2025-05-22_G47,10109728SILVAB,2025-05-22,111418,1,16,0,165.0
10109728SILVAB_2025-05-22_G48,10109728SILVAB,2025-05-22,111442,1,3,0,62.0
10109728SILVAB_2025-05-22_G49,10109728SILVAB,2025-05-22,111442,1,4,0,96.0
10109728SILVAB_2025-05-22_G50,10109728SILVAB,2025-05-22,117785,1,8,0,325.0
10109728SILVAB_2025-05-22_G51,10109728SILVAB,2025-05-22,111465,1,8,0,250.0
10109728SILVAB_2025-05-22_G52,10109728SILVAB,2025-05-22,109933,1,4,0,254.0
10109728SILVAB_2025-05-22_G53,10109728SILVAB,2025-05-22,111438,1,8,0,243.0
10109728SILVAB_2025-05-23_G02,10109728SILVAB,2025-05-23,118094,1,8,0,178.0
10109728SILVAB_2025-05-23_G03,10109728SILVAB,2025-05-23,118094,1,8,0,665.0
10109728SILVAB_2025-05-23_G04,10109728SILVAB,2025-05-23,110339,1,4,0,131.0
10109728SILVAB_2025-05-23_G05,10109728SILVAB,2025-05-23,117855,1,8,0,337.0
10109728SILVAB_2025-05-23_G06,10109728SILVAB,2025-05-23,111467,1,12,0,181.0
10109728SILVAB_2025-05-23_G07,10109728SILVAB,2025-05-23,118094,1,2,0,1815.0
10109728SILVAB_2025-05-23_G08,10109728SILVAB,2025-05-23,110339,1,2,0,49.0
10109728SILVAB_2025-05-23_G09,10109728SILVAB,2025-05-23,110711,1,6,0,214.0
10109728SILVAB_2025-05-23_G10,10109728SILVAB,2025-05-23,111445,1,4,0,369.0
10109728SILVAB_2025-05-23_G11,10109728SILVAB,2025-05-23,110373,1,20,0,315.0
10109728SILVAB_2025-05-23_G12,10109728SILVAB,2025-05-23,111435,1,6,0,170.0
10109728SILVAB_2025-05-23_G13,10109728SILVAB,2025-05-23,110373,1,1,0,453.0
10109728SILVAB_2025-05-23_G14,10109728SILVAB,2025-05-23,117820,1,2,0,137.0
10109728SILVAB_2025-05-23_G15,10109728SILVAB,2025-05-23,110582,1,6,0,348.0
10109728SILVAB_2025-05-23_G16,10109728SILVAB,2025-05-23,110371,1,4,0,112.0
10109728SILVAB_2025-05-23_G17,10109728SILVAB,2025-05-23,110373,1,20,0,272.0
10109728SILVAB_2025-05-23_G18,10109728SILVAB,2025-05-23,110711,1,6,0,267.0
10109728SILVAB_2025-05-23_G19,10109728SILVAB,2025-05-23,117830,1,34,0,428.0
10109728SILVAB_2025-05-23_G20,10109728SILVAB,2025-05-23,107892,1,4,0,611.0
10109728SILVAB_2025-05-23_G21,10109728SILVAB,2025-05-23,111569,1,10,0,909.0
10109728SILVAB_2025-05-23_G22,10109728SILVAB,2025-05-23,111851,1,10,0,952.0
10109728SILVAB_2025-05-23_G23,10109728SILVAB,2025-05-23,110080,1,3,0,140.0
10109728SILVAB_2025-05-23_G24,10109728SILVAB,2025-05-23,111430,1,3,0,187.0
10109728SILVAB_2025-05-23_G25,10109728SILVAB,2025-05-23,100334,1,40,0,1081.0
10109728SILVAB_2025-05-23_G27,10109728SILVAB,2025-05-23,118094,1,12,0,241.0
10109728SILVAB_2025-05-23_G28,10109728SILVAB,2025-05-23,110339,1,12,0,217.0
10109728SILVAB_2025-05-23_G29,10109728SILVAB,2025-05-23,117862,1,42,0,835.0
10109728SILVAB_2025-05-23_G30,10109728SILVAB,2025-05-23,117861,1,30,0,536.0
10109728SILVAB_2025-05-23_G31,10109728SILVAB,2025-05-23,111467,1,8,0,277.0
10109728SILVAB_2025-05-23_G32,10109728SILVAB,2025-05-23,117856,1,4,0,148.0
10109728SILVAB_2025-05-23_G33,10109728SILVAB,2025-05-23,117786,1,62,0,393.0
10109728SILVAB_2025-05-23_G34,10109728SILVAB,2025-05-23,111602,1,70,0,591.0
10109728SILVAB_2025-05-23_G35,10109728SILVAB,2025-05-23,111530,1,12,0,427.0
10109728SILVAB_2025-05-23_G36,10109728SILVAB,2025-05-23,110741,1,11,0,585.0
10109728SILVAB_2025-05-23_G37,10109728SILVAB,2025-05-23,110741,1,5,0,164.0
10109728SILVAB_2025-05-23_G38,10109728SILVAB,2025-05-23,111851,1,4,0,249.0
10109728SILVAB_2025-05-23_G39,10109728SILVAB,2025-05-23,110080,1,16,0,253.0
10109728SILVAB_2025-05-23_G40,10109728SILVAB,2025-05-23,117789,1,27,0,2117.0
10109728SILVAB_2025-05-23_G41,10109728SILVAB,2025-05-23,105359,1,1,0,76.0
10109728SILVAB_2025-05-23_G42,10109728SILVAB,2025-05-23,110895,1,2,0,74.0
10109728SILVAB_2025-05-23_G43,10109728SILVAB,2025-05-23,110895,1,10,0,363.0
10109728SILVAB_2025-05-23_G44,10109728SILVAB,2025-05-23,111705,1,1,0,103.0
10109728SILVAB_2025-05-23_G45,10109728SILVAB,2025-05-23,110841,1,1,0,715.0
10109728SILVAB_2025-05-23_G46,10109728SILVAB,2025-05-23,111861,1,2,0,346.0
10109728SILVAB_2025-05-23_G47,10109728SILVAB,2025-05-23,141202,1,12,0,382.0
10109728SILVAB_2025-05-24_G02,10109728SILVAB,2025-05-24,111330,1,12,0,1532.0
10109728SILVAB_2025-05-24_G03,10109728SILVAB,2025-05-24,109643,1,7,0,557.0
10109728SILVAB_2025-05-24_G04,10109728SILVAB,2025-05-24,110371,1,7,0,181.0
10109728SILVAB_2025-05-24_G05,10109728SILVAB,2025-05-24,118299,1,7,0,206.0
10109728SILVAB_2025-05-24_G06,10109728SILVAB,2025-05-24,117820,1,1,0,82.0
10109728SILVAB_2025-05-24_G07,10109728SILVAB,2025-05-24,110372,1,8,0,167.0
10109728SILVAB_2025-05-24_G08,10109728SILVAB,2025-05-24,117808,1,21,0,348.0
10109728SILVAB_2025-05-24_G09,10109728SILVAB,2025-05-24,111462,1,4,0,84.0
10109728SILVAB_2025-05-24_G10,10109728SILVAB,2025-05-24,111463,1,5,0,76.0
10109728SILVAB_2025-05-24_G11,10109728SILVAB,2025-05-24,108711,1,1,0,95.0
10109728SILVAB_2025-05-24_G12,10109728SILVAB,2025-05-24,140922,1,1,0,45.0
10109728SILVAB_2025-05-24_G13,10109728SILVAB,2025-05-24,111532,1,3,0,122.0
10109728SILVAB_2025-05-24_G14,10109728SILVAB,2025-05-24,109645,1,4,0,124.0
10109728SILVAB_2025-05-24_G15,10109728SILVAB,2025-05-24,111467,1,3,0,202.0
10109728SILVAB_2025-05-24_G16,10109728SILVAB,2025-05-24,117853,1,3,0,91.0
10109728SILVAB_2025-05-24_G17,10109728SILVAB,2025-05-24,118290,1,2,0,159.0
10109728SILVAB_2025-05-24_G18,10109728SILVAB,2025-05-24,109643,1,6,0,878.0
10109728SILVAB_2025-05-24_G19,10109728SILVAB,2025-05-24,160054,1,10,0,192.0
10109728SILVAB_2025-05-24_G20,10109728SILVAB,2025-05-24,118299,1,10,0,196.0
10109728SILVAB_2025-05-25_G02,10109728SILVAB,2025-05-25,117785,1,4,0,110.0
10109728SILVAB_2025-05-25_G03,10109728SILVAB,2025-05-25,108711,1,30,0,437.0
10109728SILVAB_2025-05-25_G04,10109728SILVAB,2025-05-25,140922,1,4,0,107.0
10109728SILVAB_2025-05-25_G05,10109728SILVAB,2025-05-25,118140,1,20,0,414.0
10109728SILVAB_2025-05-25_G06,10109728SILVAB,2025-05-25,111602,1,32,0,734.0
10109728SILVAB_2025-05-25_G07,10109728SILVAB,2025-05-25,108711,1,12,0,762.0
10109728SILVAB_2025-05-25_G08,10109728SILVAB,2025-05-25,118140,1,28,0,289.0
10109728SILVAB_2025-05-25_G09,10109728SILVAB,2025-05-25,110787,1,8,0,184.0
10109728SILVAB_2025-05-25_G10,10109728SILVAB,2025-05-25,111743,1,4,0,310.0
10109728SILVAB_2025-05-25_G11,10109728SILVAB,2025-05-25,108795,1,4,0,93.0
10109728SILVAB_2025-05-25_G12,10109728SILVAB,2025-05-25,108711,1,8,0,139.0
10109728SILVAB_2025-05-25_G13,10109728SILVAB,2025-05-25,118140,1,10,0,159.0
10109728SILVAB_2025-05-25_G14,10109728SILVAB,2025-05-25,110748,1,4,0,2460.0
10109728SILVAB_2025-05-25_G15,10109728SILVAB,2025-05-25,118299,1,4,0,133.0
10109728SILVAB_2025-05-25_G16,10109728SILVAB,2025-05-25,117830,1,12,0,143.0
10109728SILVAB_2025-05-25_G17,10109728SILVAB,2025-05-25,117808,1,30,0,410.0
10109728SILVAB_2025-05-25_G18,10109728SILVAB,2025-05-25,117862,1,6,0,126.0
10109728SILVAB_2025-05-25_G19,10109728SILVAB,2025-05-25,114099,1,1,0,1639.0
10109728SILVAB_2025-05-25_G20,10109728SILVAB,2025-05-25,117841,1,3,0,311.0
10109728SILVAB_2025-05-25_G21,10109728SILVAB,2025-05-25,111435,1,3,0,378.0
10109728SILVAB_2025-05-25_G22,10109728SILVAB,2025-05-25,110751,1,12,0,142.0
10109728SILVAB_2025-05-26_G02,10109728SILVAB,2025-05-26,111182,1,3,0,93.0
10109728SILVAB_2025-05-26_G03,10109728SILVAB,2025-05-26,140922,1,100,0,989.0
10109728SILVAB_2025-05-26_G04,10109728SILVAB,2025-05-26,118140,1,100,0,913.0
10109728SILVAB_2025-05-26_G05,10109728SILVAB,2025-05-26,111532,1,29,0,357.0
10109728SILVAB_2025-05-26_G06,10109728SILVAB,2025-05-26,117842,1,7,0,205.0
10109728SILVAB_2025-05-26_G07,10109728SILVAB,2025-05-26,109645,1,14,0,405.0
10109728SILVAB_2025-05-26_G08,10109728SILVAB,2025-05-26,111444,1,20,0,591.0
10109728SILVAB_2025-05-26_G09,10109728SILVAB,2025-05-26,111330,1,15,0,226.0
10109728SILVAB_2025-05-26_G10,10109728SILVAB,2025-05-26,117842,1,4,0,1777.0
10109728SILVAB_2025-05-26_G11,10109728SILVAB,2025-05-26,111443,1,4,0,225.0
10109728SILVAB_2025-05-26_G12,10109728SILVAB,2025-05-26,110740,1,12,0,161.0
10109728SILVAB_2025-05-26_G13,10109728SILVAB,2025-05-26,111463,1,6,0,130.0
10109728SILVAB_2025-05-26_G14,10109728SILVAB,2025-05-26,111446,1,12,0,469.0
10109728SILVAB_2025-05-26_G15,10109728SILVAB,2025-05-26,111182,1,28,0,1185.0
10109728SILVAB_2025-05-26_G16,10109728SILVAB,2025-05-26,140922,1,18,0,162.0
10109728SILVAB_2025-05-26_G17,10109728SILVAB,2025-05-26,111466,1,8,0,115.0
10109728SILVAB_2025-05-26_G18,10109728SILVAB,2025-05-26,111172,1,4,0,89.0
10109728SILVAB_2025-05-26_G19,10109728SILVAB,2025-05-26,118140,1,8,0,391.0
10109728SILVAB_2025-05-26_G20,10109728SILVAB,2025-05-26,110372,1,6,0,144.0
10109728SILVAB_2025-05-26_G21,10109728SILVAB,2025-05-26,117842,1,4,0,99.0
10109728SILVAB_2025-05-26_G22,10109728SILVAB,2025-05-26,110754,1,4,0,152.0
10109728SILVAB_2025-05-26_G24,10109728SILVAB,2025-05-26,117786,1,4,0,275.0
10109728SILVAB_2025-05-26_G25,10109728SILVAB,2025-05-26,111602,1,8,0,267.0
10109728SILVAB_2025-05-26_G26,10109728SILVAB,2025-05-26,111530,1,8,0,164.0
10109728SILVAB_2025-05-26_G27,10109728SILVAB,2025-05-26,118317,1,4,0,118.0
10109728SILVAB_2025-05-26_G28,10109728SILVAB,2025-05-26,111465,1,3,0,100.0
10109728SILVAB_2025-05-26_G29,10109728SILVAB,2025-05-26,118223,1,4,0,169.0
10109728SILVAB_2025-05-26_G30,10109728SILVAB,2025-05-26,111466,1,7,0,776.0
10109728SILVAB_2025-05-26_G31,10109728SILVAB,2025-05-26,111463,1,2,0,109.0
10109728SILVAB_2025-05-26_G32,10109728SILVAB,2025-05-26,105705,1,4,0,83.0
10109728SILVAB_2025-05-26_G33,10109728SILVAB,2025-05-26,108711,1,2,0,45.0
10109728SILVAB_2025-05-26_G34,10109728SILVAB,2025-05-26,118140,1,4,0,108.0
10109728SILVAB_2025-05-26_G35,10109728SILVAB,2025-05-26,110787,1,4,0,101.0
10109728SILVAB_2025-05-26_G36,10109728SILVAB,2025-05-26,111465,1,2,0,65.0
10109728SILVAB_2025-05-26_G37,10109728SILVAB,2025-05-26,110325,1,1,0,151.0
10109728SILVAB_2025-05-26_G38,10109728SILVAB,2025-05-26,117808,1,8,0,88.0
10109728SILVAB_2025-05-26_G39,10109728SILVAB,2025-05-26,110373,1,12,0,149.0
10109728SILVAB_2025-05-26_G40,10109728SILVAB,2025-05-26,110372,1,7,0,107.0
10109728SILVAB_2025-05-26_G41,10109728SILVAB,2025-05-26,"117832, 117830",2,5,30,69.0
10109728SILVAB_2025-05-26_G42,10109728SILVAB,2025-05-26,111530,1,6,0,580.0
10109728SILVAB_2025-05-26_G43,10109728SILVAB,2025-05-26,109640,1,6,0,274.0
10109728SILVAB_2025-05-26_G44,10109728SILVAB,2025-05-26,111418,1,20,0,911.0
10109728SILVAB_2025-05-26_G45,10109728SILVAB,2025-05-26,111743,1,3,0,196.0
10109728SILVAB_2025-05-26_G46,10109728SILVAB,2025-05-26,110740,1,30,0,619.0
10109728SILVAB_2025-05-26_G47,10109728SILVAB,2025-05-26,105705,1,13,0,260.0
10109728SILVAB_2025-05-26_G48,10109728SILVAB,2025-05-26,108711,1,10,0,604.0
10109728SILVAB_2025-05-26_G49,10109728SILVAB,2025-05-26,140922,1,20,0,170.0
10109728SILVAB_2025-05-26_G50,10109728SILVAB,2025-05-26,140922,1,10,0,81.0
10109728SILVAB_2025-05-26_G51,10109728SILVAB,2025-05-26,111468,1,7,0,86.0
10109728SILVAB_2025-05-26_G52,10109728SILVAB,2025-05-26,110745,1,6,0,87.0
10109728SILVAB_2025-05-26_G53,10109728SILVAB,2025-05-26,111469,1,50,0,520.0
10109728SILVAB_2025-05-26_G54,10109728SILVAB,2025-05-26,118004,1,8,0,771.0
10109728SILVAB_2025-05-26_G55,10109728SILVAB,2025-05-26,118317,1,4,0,90.0
10109728SILVAB_2025-05-26_G56,10109728SILVAB,2025-05-26,111330,1,12,0,451.0
10109728SILVAB_2025-05-26_G57,10109728SILVAB,2025-05-26,110787,1,50,0,692.0
10109728SILVAB_2025-05-26_G58,10109728SILVAB,2025-05-26,110787,1,20,0,213.0
10109728SILVAB_2025-05-27_G02,10109728SILVAB,2025-05-27,141035,1,8,0,1389.0
10109728SILVAB_2025-05-27_G03,10109728SILVAB,2025-05-27,117788,1,5,0,870.0
10109728SILVAB_2025-05-27_G04,10109728SILVAB,2025-05-27,111876,1,12,0,248.0
10109728SILVAB_2025-05-27_G05,10109728SILVAB,2025-05-27,110339,1,20,0,566.0
10109728SILVAB_2025-05-27_G06,10109728SILVAB,2025-05-27,110339,1,10,0,346.0
10109728SILVAB_2025-05-27_G07,10109728SILVAB,2025-05-27,111650,1,10,0,232.0
10109728SILVAB_2025-05-27_G08,10109728SILVAB,2025-05-27,117855,1,14,0,274.0
10109728SILVAB_2025-05-27_G09,10109728SILVAB,2025-05-27,105470,1,4,0,123.0
10109728SILVAB_2025-05-27_G10,10109728SILVAB,2025-05-27,117786,1,10,0,363.0
10109728SILVAB_2025-05-27_G11,10109728SILVAB,2025-05-27,105242,1,4,0,99.0
10109728SILVAB_2025-05-27_G12,10109728SILVAB,2025-05-27,111602,1,30,0,324.0
10109728SILVAB_2025-05-27_G13,10109728SILVAB,2025-05-27,111530,1,30,0,446.0
10109728SILVAB_2025-05-27_G14,10109728SILVAB,2025-05-27,107254,1,4,0,546.0
10109728SILVAB_2025-05-27_G15,10109728SILVAB,2025-05-27,110813,2,2,26,161.0
10109728SILVAB_2025-05-27_G16,10109728SILVAB,2025-05-27,111793,1,2,0,338.0
10109728SILVAB_2025-05-27_G17,10109728SILVAB,2025-05-27,100334,1,4,0,270.0
10109728SILVAB_2025-05-27_G18,10109728SILVAB,2025-05-27,111462,1,30,0,326.0
10109728SILVAB_2025-05-27_G19,10109728SILVAB,2025-05-27,117785,1,80,0,379.0
10109728SILVAB_2025-05-27_G20,10109728SILVAB,2025-05-27,111463,1,90,0,175.0
10109728SILVAB_2025-05-27_G21,10109728SILVAB,2025-05-27,105705,1,5,0,393.0
10109728SILVAB_2025-05-27_G22,10109728SILVAB,2025-05-27,117838,1,29,0,801.0
10109728SILVAB_2025-05-27_G23,10109728SILVAB,2025-05-27,117833,1,40,0,435.0
10109728SILVAB_2025-05-27_G25,10109728SILVAB,2025-05-27,111431,1,1,0,112.0
10109728SILVAB_2025-05-27_G26,10109728SILVAB,2025-05-27,111431,1,2,0,40.0
10109728SILVAB_2025-05-27_G27,10109728SILVAB,2025-05-27,118223,1,2,0,105.0
10109728SILVAB_2025-05-27_G28,10109728SILVAB,2025-05-27,111435,1,1,0,755.0
10109728SILVAB_2025-05-27_G29,10109728SILVAB,2025-05-27,111435,1,4,0,47.0
10109728SILVAB_2025-05-27_G30,10109728SILVAB,2025-05-27,110743,1,2,0,31.0
10109728SILVAB_2025-05-27_G31,10109728SILVAB,2025-05-27,111462,1,24,0,328.0
10109728SILVAB_2025-05-27_G32,10109728SILVAB,2025-05-27,111462,1,16,0,454.0
10109728SILVAB_2025-05-27_G33,10109728SILVAB,2025-05-27,111446,1,2,0,106.0
10109728SILVAB_2025-05-27_G34,10109728SILVAB,2025-05-27,108711,1,4,0,105.0
10109728SILVAB_2025-05-27_G35,10109728SILVAB,2025-05-27,110745,1,4,0,93.0
10109728SILVAB_2025-05-27_G36,10109728SILVAB,2025-05-27,110745,1,4,0,58.0
10109728SILVAB_2025-05-27_G37,10109728SILVAB,2025-05-27,111418,1,5,0,82.0
10109728SILVAB_2025-05-27_G38,10109728SILVAB,2025-05-27,111418,1,40,0,1454.0
10109728SILVAB_2025-05-27_G39,10109728SILVAB,2025-05-27,111469,1,4,0,293.0
10109728SILVAB_2025-05-27_G40,10109728SILVAB,2025-05-27,108798,1,2,0,110.0
10109728SILVAB_2025-05-27_G41,10109728SILVAB,2025-05-27,108798,1,2,0,42.0
10109728SILVAB_2025-05-27_G42,10109728SILVAB,2025-05-27,118140,1,7,0,314.0
10109728SILVAB_2025-05-27_G43,10109728SILVAB,2025-05-27,118140,1,13,0,106.0
10109728SILVAB_2025-05-27_G44,10109728SILVAB,2025-05-27,111348,1,4,0,49.0
10109728SILVAB_2025-05-27_G45,10109728SILVAB,2025-05-27,111444,1,4,0,59.0
10109728SILVAB_2025-05-27_G46,10109728SILVAB,2025-05-27,111433,1,2,0,47.0
10109728SILVAB_2025-05-27_G47,10109728SILVAB,2025-05-27,111330,1,2,0,151.0
10109728SILVAB_2025-05-27_G48,10109728SILVAB,2025-05-27,110787,1,8,0,224.0
10109728SILVAB_2025-05-27_G49,10109728SILVAB,2025-05-27,110787,1,16,0,373.0
10109728SILVAB_2025-05-27_G50,10109728SILVAB,2025-05-27,110129,1,4,0,227.0
10109728SILVAB_2025-05-27_G51,10109728SILVAB,2025-05-27,108772,1,10,0,2964.0
10109728SILVAB_2025-05-27_G52,10109728SILVAB,2025-05-27,118094,1,30,0,624.0
10109728SILVAB_2025-05-27_G53,10109728SILVAB,2025-05-27,117788,1,10,0,130.0
10109728SILVAB_2025-05-27_G54,10109728SILVAB,2025-05-27,107629,1,20,0,449.0
10109728SILVAB_2025-05-28_G02,10109728SILVAB,2025-05-28,117935,1,30,0,1472.0
10109728SILVAB_2025-05-28_G03,10109728SILVAB,2025-05-28,117855,1,20,0,982.0
10109728SILVAB_2025-05-28_G04,10109728SILVAB,2025-05-28,117861,1,12,0,117.0
10109728SILVAB_2025-05-28_G05,10109728SILVAB,2025-05-28,111467,1,10,0,112.0
10109728SILVAB_2025-05-28_G06,10109728SILVAB,2025-05-28,117856,1,10,0,235.0
10109728SILVAB_2025-05-28_G07,10109728SILVAB,2025-05-28,117786,1,30,0,918.0
10109728SILVAB_2025-05-28_G08,10109728SILVAB,2025-05-28,111602,1,30,0,1020.0
10109728SILVAB_2025-05-28_G09,10109728SILVAB,2025-05-28,111530,1,40,0,918.0
10109728SILVAB_2025-05-28_G10,10109728SILVAB,2025-05-28,110515,1,40,0,720.0
10109728SILVAB_2025-05-28_G11,10109728SILVAB,2025-05-28,110895,1,2,0,997.0
10109728SILVAB_2025-05-28_G12,10109728SILVAB,2025-05-28,141035,1,2,0,129.0
10109728SILVAB_2025-05-28_G13,10109728SILVAB,2025-05-28,108772,1,2,0,65.0
10109728SILVAB_2025-05-28_G14,10109728SILVAB,2025-05-28,118094,1,2,0,76.0
10109728SILVAB_2025-05-28_G15,10109728SILVAB,2025-05-28,118094,1,4,0,41.0
10109728SILVAB_2025-05-28_G16,10109728SILVAB,2025-05-28,118298,1,1,0,85.0
10109728SILVAB_2025-05-28_G17,10109728SILVAB,2025-05-28,117862,1,2,0,77.0
10109728SILVAB_2025-05-28_G18,10109728SILVAB,2025-05-28,117935,1,1,0,54.0
10109728SILVAB_2025-05-28_G19,10109728SILVAB,2025-05-28,117935,1,4,0,95.0
10109728SILVAB_2025-05-28_G20,10109728SILVAB,2025-05-28,117855,1,4,0,114.0
10109728SILVAB_2025-05-28_G21,10109728SILVAB,2025-05-28,117861,1,2,0,41.0
10109728SILVAB_2025-05-28_G22,10109728SILVAB,2025-05-28,111467,1,4,0,65.0
10109728SILVAB_2025-05-28_G23,10109728SILVAB,2025-05-28,117786,1,4,0,79.0
10109728SILVAB_2025-05-28_G24,10109728SILVAB,2025-05-28,111602,1,6,0,132.0
10109728SILVAB_2025-05-28_G25,10109728SILVAB,2025-05-28,110515,1,3,0,114.0
10109728SILVAB_2025-05-28_G26,10109728SILVAB,2025-05-28,110515,1,3,0,59.0
10109728SILVAB_2025-05-28_G27,10109728SILVAB,2025-05-28,111466,1,6,0,271.0
10109728SILVAB_2025-05-28_G28,10109728SILVAB,2025-05-28,111466,1,5,0,53.0
10109728SILVAB_2025-05-28_G29,10109728SILVAB,2025-05-28,110740,1,1,0,100.0
10109728SILVAB_2025-05-28_G31,10109728SILVAB,2025-05-28,111466,1,4,0,51.0
10109728SILVAB_2025-05-28_G32,10109728SILVAB,2025-05-28,110740,1,5,0,110.0
10109728SILVAB_2025-05-28_G33,10109728SILVAB,2025-05-28,110740,1,4,0,34.0
10109728SILVAB_2025-05-28_G34,10109728SILVAB,2025-05-28,110751,1,6,0,132.0
10109728SILVAB_2025-05-28_G35,10109728SILVAB,2025-05-28,111462,1,10,0,119.0
10109728SILVAB_2025-05-28_G36,10109728SILVAB,2025-05-28,109641,1,8,0,125.0
10109728SILVAB_2025-05-28_G37,10109728SILVAB,2025-05-28,117831,1,10,0,188.0
10109728SILVAB_2025-05-28_G38,10109728SILVAB,2025-05-28,111431,1,4,0,166.0
10109728SILVAB_2025-05-28_G39,10109728SILVAB,2025-05-28,111418,1,10,0,272.0
10109728SILVAB_2025-05-28_G40,10109728SILVAB,2025-05-28,111418,1,30,0,495.0
10109728SILVAB_2025-05-28_G41,10109728SILVAB,2025-05-28,111418,1,10,0,71.0
10109728SILVAB_2025-05-28_G42,10109728SILVAB,2025-05-28,111442,1,4,0,96.0
10109728SILVAB_2025-05-28_G43,10109728SILVAB,2025-05-28,110787,1,1,0,96.0
10109728SILVAB_2025-05-28_G44,10109728SILVAB,2025-05-28,111465,1,7,0,88.0
10109728SILVAB_2025-05-28_G45,10109728SILVAB,2025-05-28,117836,1,4,0,1368.0
10109728SILVAB_2025-05-28_G46,10109728SILVAB,2025-05-28,111602,1,27,0,578.0
10109728SILVAB_2025-05-28_G47,10109728SILVAB,2025-05-28,118004,1,4,0,80.0
10109728SILVAB_2025-05-28_G48,10109728SILVAB,2025-05-28,117788,1,2,0,241.0
10109728SILVAB_2025-05-28_G49,10109728SILVAB,2025-05-28,117836,1,16,0,654.0
10109728SILVAB_2025-05-28_G50,10109728SILVAB,2025-05-28,117935,1,50,0,1078.0
10109728SILVAB_2025-05-28_G51,10109728SILVAB,2025-05-28,117808,1,5,0,147.0
10109728SILVAB_2025-05-28_G52,10109728SILVAB,2025-05-28,118299,1,12,0,165.0
10109728SILVAB_2025-05-28_G53,10109728SILVAB,2025-05-28,117841,1,8,0,602.0
10109728SILVAB_2025-05-28_G54,10109728SILVAB,2025-05-28,111443,1,40,0,734.0
10109728SILVAB_2025-05-28_G55,10109728SILVAB,2025-05-28,111446,1,4,0,328.0
10109728SILVAB_2025-05-28_G56,10109728SILVAB,2025-05-28,140922,1,16,0,934.0
10109728SILVAB_2025-05-29_G02,10109728SILVAB,2025-05-29,117836,1,13,0,864.0
10109728SILVAB_2025-05-29_G03,10109728SILVAB,2025-05-29,111655,1,14,0,656.0
10109728SILVAB_2025-05-29_G04,10109728SILVAB,2025-05-29,110895,1,52,0,511.0
10109728SILVAB_2025-05-29_G05,10109728SILVAB,2025-05-29,110741,1,1,0,233.0
10109728SILVAB_2025-05-29_G06,10109728SILVAB,2025-05-29,117935,1,21,0,333.0
10109728SILVAB_2025-05-29_G07,10109728SILVAB,2025-05-29,111602,1,32,0,506.0
10109728SILVAB_2025-05-29_G08,10109728SILVAB,2025-05-29,118290,1,1,0,866.0
10109728SILVAB_2025-05-29_G09,10109728SILVAB,2025-05-29,118417,1,4,0,517.0
10109728SILVAB_2025-05-29_G10,10109728SILVAB,2025-05-29,110582,1,7,0,339.0
10109728SILVAB_2025-05-29_G11,10109728SILVAB,2025-05-29,118418,1,8,0,207.0
10109728SILVAB_2025-05-29_G12,10109728SILVAB,2025-05-29,118363,1,4,0,123.0
10109728SILVAB_2025-05-29_G13,10109728SILVAB,2025-05-29,111440,1,18,0,497.0
10109728SILVAB_2025-05-29_G14,10109728SILVAB,2025-05-29,118306,1,20,0,390.0
10109728SILVAB_2025-05-29_G15,10109728SILVAB,2025-05-29,118222,1,100,0,1902.0
10109728SILVAB_2025-05-29_G16,10109728SILVAB,2025-05-29,111441,1,20,0,340.0
10109728SILVAB_2025-05-29_G17,10109728SILVAB,2025-05-29,117835,1,7,0,318.0
10109728SILVAB_2025-05-29_G18,10109728SILVAB,2025-05-29,115234,1,8,0,189.0
10109728SILVAB_2025-05-29_G19,10109728SILVAB,2025-05-29,110310,1,1,0,111.0
10109728SILVAB_2025-05-29_G20,10109728SILVAB,2025-05-29,103148,1,26,0,819.0
10109728SILVAB_2025-05-29_G22,10109728SILVAB,2025-05-29,111879,1,21,0,1367.0
10109728SILVAB_2025-05-29_G23,10109728SILVAB,2025-05-29,117856,1,20,0,692.0
10109728SILVAB_2025-05-29_G24,10109728SILVAB,2025-05-29,110313,1,16,0,560.0
10109728SILVAB_2025-05-29_G25,10109728SILVAB,2025-05-29,111876,1,15,0,630.0
10109728SILVAB_2025-05-29_G26,10109728SILVAB,2025-05-29,118298,1,56,0,542.0
10109728SILVAB_2025-05-29_G27,10109728SILVAB,2025-05-29,117841,1,6,0,801.0
10109728SILVAB_2025-05-29_G28,10109728SILVAB,2025-05-29,111443,1,5,0,1184.0
10109728SILVAB_2025-05-29_G29,10109728SILVAB,2025-05-29,116241,1,7,0,94.0
10109728SILVAB_2025-05-29_G30,10109728SILVAB,2025-05-29,116241,1,10,0,105.0
10109728SILVAB_2025-05-29_G31,10109728SILVAB,2025-05-29,116241,1,4,0,86.0
10109728SILVAB_2025-05-29_G32,10109728SILVAB,2025-05-29,111435,1,8,0,124.0
10109728SILVAB_2025-05-29_G33,10109728SILVAB,2025-05-29,111462,1,20,0,606.0
10109728SILVAB_2025-05-29_G34,10109728SILVAB,2025-05-29,109641,1,12,0,95.0
10109728SILVAB_2025-05-29_G35,10109728SILVAB,2025-05-29,105705,1,8,0,118.0
10109728SILVAB_2025-05-29_G36,10109728SILVAB,2025-05-29,117838,1,4,0,58.0
10109728SILVAB_2025-05-29_G37,10109728SILVAB,2025-05-29,140922,1,23,0,221.0
10109728SILVAB_2025-05-29_G38,10109728SILVAB,2025-05-29,111468,1,5,0,75.0
10109728SILVAB_2025-05-29_G39,10109728SILVAB,2025-05-29,108798,1,4,0,112.0
10109728SILVAB_2025-05-29_G40,10109728SILVAB,2025-05-29,111431,1,14,0,187.0
10109728SILVAB_2025-05-29_G41,10109728SILVAB,2025-05-29,117842,1,12,0,345.0
10109728SILVAB_2025-05-29_G42,10109728SILVAB,2025-05-29,111348,1,4,0,107.0
10109728SILVAB_2025-05-29_G43,10109728SILVAB,2025-05-29,111433,1,4,0,64.0
10109728SILVAB_2025-05-29_G44,10109728SILVAB,2025-05-29,111330,1,16,0,337.0
10109728SILVAB_2025-05-29_G45,10109728SILVAB,2025-05-29,111442,1,16,0,185.0
10109728SILVAB_2025-05-29_G46,10109728SILVAB,2025-05-29,110740,1,12,0,442.0
10109728SILVAB_2025-05-29_G47,10109728SILVAB,2025-05-29,110787,1,24,0,141.0
10109728SILVAB_2025-05-29_G48,10109728SILVAB,2025-05-29,117821,1,20,0,1208.0
10109728SILVAB_2025-05-30_G02,10109728SILVAB,2025-05-30,111443,1,2,0,169.0
10109728SILVAB_2025-05-30_G03,10109728SILVAB,2025-05-30,111462,1,2,0,492.0
10109728SILVAB_2025-05-30_G04,10109728SILVAB,2025-05-30,111441,1,4,0,428.0
10109728SILVAB_2025-05-30_G05,10109728SILVAB,2025-05-30,117855,1,2,0,207.0
10109728SILVAB_2025-05-30_G06,10109728SILVAB,2025-05-30,118140,1,8,0,124.0
10109728SILVAB_2025-05-30_G07,10109728SILVAB,2025-05-30,117808,1,14,0,269.0
10109728SILVAB_2025-05-30_G08,10109728SILVAB,2025-05-30,111463,1,2,0,585.0
10109728SILVAB_2025-05-30_G09,10109728SILVAB,2025-05-30,109641,1,2,0,59.0
10109728SILVAB_2025-05-30_G10,10109728SILVAB,2025-05-30,108711,1,2,0,84.0
10109728SILVAB_2025-05-30_G11,10109728SILVAB,2025-05-30,111466,1,2,0,43.0
10109728SILVAB_2025-05-30_G12,10109728SILVAB,2025-05-30,117831,1,2,0,53.0
10109728SILVAB_2025-05-30_G13,10109728SILVAB,2025-05-30,111532,1,2,0,105.0
10109728SILVAB_2025-05-30_G14,10109728SILVAB,2025-05-30,109645,1,2,0,254.0
10109728SILVAB_2025-05-30_G15,10109728SILVAB,2025-05-30,118140,1,2,0,73.0
10109728SILVAB_2025-05-30_G16,10109728SILVAB,2025-05-30,111442,1,2,0,58.0
10109728SILVAB_2025-05-30_G17,10109728SILVAB,2025-05-30,110740,1,2,0,112.0
10109728SILVAB_2025-05-30_G18,10109728SILVAB,2025-05-30,110787,1,2,0,48.0
10109728SILVAB_2025-05-30_G19,10109728SILVAB,2025-05-30,108794,1,2,0,646.0
10109728SILVAB_2025-05-30_G20,10109728SILVAB,2025-05-30,111850,1,2,0,530.0
10109728SILVAB_2025-05-30_G21,10109728SILVAB,2025-05-30,107892,1,2,0,142.0
10109728SILVAB_2025-05-30_G22,10109728SILVAB,2025-05-30,111532,1,11,0,171.0
10109728SILVAB_2025-05-30_G23,10109728SILVAB,2025-05-30,118004,1,2,0,1090.0
10109728SILVAB_2025-05-30_G24,10109728SILVAB,2025-05-30,109643,1,13,0,625.0
10109728SILVAB_2025-05-30_G25,10109728SILVAB,2025-05-30,117808,1,250,0,1361.0
10109728SILVAB_2025-05-30_G26,10109728SILVAB,2025-05-30,118299,1,100,0,572.0
10109728SILVAB_2025-05-30_G29,10109728SILVAB,2025-05-30,110313,1,4,0,382.0
10109728SILVAB_2025-05-30_G30,10109728SILVAB,2025-05-30,118299,1,4,0,322.0
10109728SILVAB_2025-05-30_G31,10109728SILVAB,2025-05-30,118299,1,20,0,2206.0
10109728SILVAB_2025-05-30_G32,10109728SILVAB,2025-05-30,117808,1,50,0,602.0
10109728SILVAB_2025-05-30_G33,10109728SILVAB,2025-05-30,117809,1,10,0,337.0
10109728SILVAB_2025-05-30_G34,10109728SILVAB,2025-05-30,117830,1,10,0,512.0
10109728SILVAB_2025-05-30_G35,10109728SILVAB,2025-05-30,117820,1,20,0,721.0
10109728SILVAB_2025-05-31_G02,10109728SILVAB,2025-05-31,111435,1,10,0,3115.0
10109728SILVAB_2025-05-31_G03,10109728SILVAB,2025-05-31,111431,1,12,0,170.0
10109728SILVAB_2025-05-31_G04,10109728SILVAB,2025-05-31,118140,1,50,0,650.0
10109728SILVAB_2025-05-31_G05,10109728SILVAB,2025-05-31,111418,1,80,0,413.0
10109728SILVAB_2025-05-31_G06,10109728SILVAB,2025-05-31,111444,1,20,0,504.0
10109728SILVAB_2025-05-31_G07,10109728SILVAB,2025-05-31,111442,1,7,0,112.0
10109728SILVAB_2025-05-31_G08,10109728SILVAB,2025-05-31,110787,1,40,0,478.0
10109728SILVAB_2025-05-31_G09,10109728SILVAB,2025-05-31,110332,1,5,0,245.0
10109728SILVAB_2025-05-31_G10,10109728SILVAB,2025-05-31,110313,1,2,0,637.0
10109728SILVAB_2025-05-31_G11,10109728SILVAB,2025-05-31,109640,1,3,0,194.0
10109728SILVAB_2025-05-31_G12,10109728SILVAB,2025-05-31,118290,1,4,0,833.0
10109728SILVAB_2025-05-31_G13,10109728SILVAB,2025-05-31,110741,1,7,0,193.0
10109728SILVAB_2025-05-31_G14,10109728SILVAB,2025-05-31,109640,1,6,0,152.0
10109728SILVAB_2025-05-31_G15,10109728SILVAB,2025-05-31,111469,1,35,0,773.0
10109728SILVAB_2025-05-31_G16,10109728SILVAB,2025-05-31,110742,1,10,0,535.0
10109728SILVAB_2025-05-31_G17,10109728SILVAB,2025-05-31,111469,1,8,0,181.0
10109728SILVAB_2025-06-05_G02,10109728SILVAB,2025-06-05,110325,1,12,0,493.0
10109728SILVAB_2025-06-05_G03,10109728SILVAB,2025-06-05,117808,1,56,0,746.0
10109728SILVAB_2025-06-05_G04,10109728SILVAB,2025-06-05,118299,1,107,0,406.0
10109728SILVAB_2025-06-05_G05,10109728SILVAB,2025-06-05,117832,1,8,0,178.0
10109728SILVAB_2025-06-05_G06,10109728SILVAB,2025-06-05,110375,1,5,0,128.0
10109728SILVAB_2025-06-05_G07,10109728SILVAB,2025-06-05,117809,1,20,0,368.0
10109728SILVAB_2025-06-05_G08,10109728SILVAB,2025-06-05,117830,1,9,0,149.0
10109728SILVAB_2025-06-05_G09,10109728SILVAB,2025-06-05,111443,1,12,0,953.0
10109728SILVAB_2025-06-05_G10,10109728SILVAB,2025-06-05,111469,1,13,0,553.0
10109728SILVAB_2025-06-05_G11,10109728SILVAB,2025-06-05,111418,1,3,0,90.0
10109728SILVAB_2025-06-05_G12,10109728SILVAB,2025-06-05,110787,1,20,0,213.0
10109728SILVAB_2025-06-05_G13,10109728SILVAB,2025-06-05,110787,1,13,0,119.0
10109728SILVAB_2025-06-05_G14,10109728SILVAB,2025-06-05,117831,1,12,0,497.0
10109728SILVAB_2025-06-05_G15,10109728SILVAB,2025-06-05,111441,1,5,0,327.0
10109728SILVAB_2025-06-05_G16,10109728SILVAB,2025-06-05,111438,1,20,0,797.0
10109728SILVAB_2025-06-05_G17,10109728SILVAB,2025-06-05,111569,1,15,0,282.0
10109728SILVAB_2025-06-05_G18,10109728SILVAB,2025-06-05,111441,1,4,0,251.0
10109728SILVAB_2025-06-05_G19,10109728SILVAB,2025-06-05,117862,1,4,0,419.0
10109728SILVAB_2025-06-05_G20,10109728SILVAB,2025-06-05,118250,1,8,0,448.0
10109728SILVAB_2025-06-05_G21,10109728SILVAB,2025-06-05,111569,1,4,0,411.0
10109728SILVAB_2025-06-05_G22,10109728SILVAB,2025-06-05,117808,1,2,0,113.0
10109728SILVAB_2025-06-05_G23,10109728SILVAB,2025-06-05,117820,1,1,0,90.0
10109728SILVAB_2025-06-05_G24,10109728SILVAB,2025-06-05,117821,1,1,0,61.0
10109728SILVAB_2025-06-05_G25,10109728SILVAB,2025-06-05,110711,1,1,0,301.0
10109728SILVAB_2025-06-05_G26,10109728SILVAB,2025-06-05,109640,2,14,25,1576.0
10109728SILVAB_2025-06-06_G03,10109728SILVAB,2025-06-06,109937,1,4,0,160.0
10109728SILVAB_2025-06-06_G04,10109728SILVAB,2025-06-06,109643,1,4,0,230.0
10109728SILVAB_2025-06-06_G05,10109728SILVAB,2025-06-06,110373,1,13,0,173.0
10109728SILVAB_2025-06-06_G06,10109728SILVAB,2025-06-06,110376,1,1,0,77.0
10109728SILVAB_2025-06-06_G07,10109728SILVAB,2025-06-06,117830,1,4,0,111.0
10109728SILVAB_2025-06-06_G08,10109728SILVAB,2025-06-06,117935,1,1,0,288.0
10109728SILVAB_2025-06-06_G09,10109728SILVAB,2025-06-06,110741,1,4,0,245.0
10109728SILVAB_2025-06-06_G10,10109728SILVAB,2025-06-06,117837,1,2,0,106.0
10109728SILVAB_2025-06-06_G11,10109728SILVAB,2025-06-06,117855,1,10,0,175.0
10109728SILVAB_2025-06-06_G12,10109728SILVAB,2025-06-06,109640,1,1,0,87.0
10109728SILVAB_2025-06-06_G13,10109728SILVAB,2025-06-06,111602,1,2,0,60.0
10109728SILVAB_2025-06-06_G14,10109728SILVAB,2025-06-06,111530,1,9,0,175.0
10109728SILVAB_2025-06-06_G15,10109728SILVAB,2025-06-06,108795,1,2,0,715.0
10109728SILVAB_2025-06-06_G16,10109728SILVAB,2025-06-06,105705,1,4,0,125.0
10109728SILVAB_2025-06-06_G17,10109728SILVAB,2025-06-06,"110745, 111466",2,5,26,123.0
10109728SILVAB_2025-06-06_G18,10109728SILVAB,2025-06-06,117833,1,15,0,119.0
10109728SILVAB_2025-06-06_G19,10109728SILVAB,2025-06-06,111418,1,6,0,96.0
10109728SILVAB_2025-06-06_G20,10109728SILVAB,2025-06-06,111444,1,4,0,121.0
10109728SILVAB_2025-06-06_G21,10109728SILVAB,2025-06-06,117785,1,2,0,49.0
10109728SILVAB_2025-06-06_G22,10109728SILVAB,2025-06-06,110787,1,6,0,102.0
10109728SILVAB_2025-06-06_G23,10109728SILVAB,2025-06-06,116527,1,4,0,321.0
10109728SILVAB_2025-06-06_G24,10109728SILVAB,2025-06-06,117862,1,4,0,590.0
10109728SILVAB_2025-06-06_G25,10109728SILVAB,2025-06-06,111467,1,1,0,93.0
10109728SILVAB_2025-06-06_G26,10109728SILVAB,2025-06-06,117853,1,1,0,48.0
10109728SILVAB_2025-06-06_G27,10109728SILVAB,2025-06-06,117786,1,2,0,69.0
10109728SILVAB_2025-06-06_G28,10109728SILVAB,2025-06-06,111463,1,4,0,273.0
10109728SILVAB_2025-06-06_G29,10109728SILVAB,2025-06-06,111469,1,2,0,63.0
10109728SILVAB_2025-06-06_G30,10109728SILVAB,2025-06-06,111466,1,4,0,111.0
10109728SILVAB_2025-06-06_G31,10109728SILVAB,2025-06-06,118140,1,2,0,88.0
10109728SILVAB_2025-06-06_G32,10109728SILVAB,2025-06-06,110787,1,4,0,109.0
10109728SILVAB_2025-06-06_G33,10109728SILVAB,2025-06-06,108794,1,2,0,315.0
10109728SILVAB_2025-06-06_G34,10109728SILVAB,2025-06-06,117808,1,10,0,226.0
10109728SILVAB_2025-06-06_G35,10109728SILVAB,2025-06-06,110373,1,4,0,91.0
10109728SILVAB_2025-06-06_G36,10109728SILVAB,2025-06-06,118299,1,19,0,181.0
10109728SILVAB_2025-06-06_G37,10109728SILVAB,2025-06-06,110375,1,2,0,101.0
10109728SILVAB_2025-06-06_G38,10109728SILVAB,2025-06-06,117809,1,1,0,101.0
10109728SILVAB_2025-06-06_G39,10109728SILVAB,2025-06-06,117820,1,3,0,94.0
10109728SILVAB_2025-06-06_G40,10109728SILVAB,2025-06-06,108794,1,10,0,333.0
10109728SILVAB_2025-06-06_G41,10109728SILVAB,2025-06-06,117831,1,2,0,84.0
10109728SILVAB_2025-06-06_G42,10109728SILVAB,2025-06-06,141047,1,2,0,691.0
10109728SILVAB_2025-06-06_G43,10109728SILVAB,2025-06-06,108772,1,2,0,114.0
10109728SILVAB_2025-06-06_G44,10109728SILVAB,2025-06-06,117831,1,9,0,170.0
10109728SILVAB_2025-06-06_G45,10109728SILVAB,2025-06-06,110371,1,4,0,367.0
10109728SILVAB_2025-06-06_G46,10109728SILVAB,2025-06-06,110374,1,1,0,110.0
10109728SILVAB_2025-06-06_G48,10109728SILVAB,2025-06-06,110733,1,20,0,1928.0
10109728SILVAB_2025-06-06_G49,10109728SILVAB,2025-06-06,118229,1,8,0,239.0
10109728SILVAB_2025-06-06_G50,10109728SILVAB,2025-06-06,141047,1,16,0,1386.0
10109728SILVAB_2025-06-06_G51,10109728SILVAB,2025-06-06,117808,1,150,0,1396.0
10109728SILVAB_2025-06-06_G52,10109728SILVAB,2025-06-06,109643,1,6,0,111.0
10109728SILVAB_2025-06-06_G53,10109728SILVAB,2025-06-06,110372,1,50,0,635.0
10109728SILVAB_2025-06-06_G54,10109728SILVAB,2025-06-06,110376,1,4,0,133.0
10109728SILVAB_2025-06-06_G55,10109728SILVAB,2025-06-06,117832,1,5,0,112.0
10109728SILVAB_2025-06-06_G56,10109728SILVAB,2025-06-06,141202,1,8,0,137.0
10109728SILVAB_2025-06-06_G57,10109728SILVAB,2025-06-06,117809,1,20,0,161.0
10109728SILVAB_2025-06-06_G58,10109728SILVAB,2025-06-06,117820,1,30,0,592.0
10109728SILVAB_2025-06-06_G59,10109728SILVAB,2025-06-06,117820,1,30,0,463.0
10109728SILVAB_2025-06-06_G60,10109728SILVAB,2025-06-06,117830,1,7,0,101.0
10109728SILVAB_2025-06-06_G61,10109728SILVAB,2025-06-06,118299,1,50,0,646.0
10109728SILVAB_2025-06-07_G02,10109728SILVAB,2025-06-07,116527,1,5,0,144.0
10109728SILVAB_2025-06-07_G03,10109728SILVAB,2025-06-07,109640,1,15,0,373.0
10109728SILVAB_2025-06-07_G04,10109728SILVAB,2025-06-07,105242,1,2,0,144.0
10109728SILVAB_2025-06-07_G05,10109728SILVAB,2025-06-07,111462,1,10,0,504.0
10109728SILVAB_2025-06-07_G06,10109728SILVAB,2025-06-07,118140,1,10,0,463.0
10109728SILVAB_2025-06-07_G07,10109728SILVAB,2025-06-07,111442,1,10,0,131.0
10109728SILVAB_2025-06-07_G08,10109728SILVAB,2025-06-07,117808,1,40,0,309.0
10109728SILVAB_2025-06-07_G09,10109728SILVAB,2025-06-07,110373,1,20,0,593.0
10109728SILVAB_2025-06-07_G10,10109728SILVAB,2025-06-07,110372,1,40,0,315.0
10109728SILVAB_2025-06-07_G11,10109728SILVAB,2025-06-07,118299,1,40,0,464.0
10109728SILVAB_2025-06-07_G12,10109728SILVAB,2025-06-07,117832,1,10,0,97.0
10109728SILVAB_2025-06-07_G13,10109728SILVAB,2025-06-07,114650,1,4,0,604.0
10109728SILVAB_2025-06-07_G14,10109728SILVAB,2025-06-07,118094,1,3,0,88.0
10109728SILVAB_2025-06-07_G15,10109728SILVAB,2025-06-07,117862,1,8,0,185.0
10109728SILVAB_2025-06-07_G16,10109728SILVAB,2025-06-07,109641,1,6,0,350.0
10109728SILVAB_2025-06-07_G17,10109728SILVAB,2025-06-07,111446,1,10,0,192.0
10109728SILVAB_2025-06-07_G18,10109728SILVAB,2025-06-07,100334,1,6,0,399.0
10109728SILVAB_2025-06-07_G19,10109728SILVAB,2025-06-07,117856,1,5,0,183.0
10109728SILVAB_2025-06-07_G20,10109728SILVAB,2025-06-07,111462,1,10,0,319.0
10109728SILVAB_2025-06-07_G21,10109728SILVAB,2025-06-07,111444,1,6,0,213.0
10109728SILVAB_2025-06-07_G22,10109728SILVAB,2025-06-07,117808,1,20,0,562.0
10109728SILVAB_2025-06-07_G23,10109728SILVAB,2025-06-07,110372,1,20,0,202.0
10109728SILVAB_2025-06-07_G24,10109728SILVAB,2025-06-07,118299,1,20,0,253.0
10109728SILVAB_2025-06-07_G25,10109728SILVAB,2025-06-07,110371,1,10,0,139.0
10109728SILVAB_2025-06-07_G26,10109728SILVAB,2025-06-07,110374,1,20,0,1053.0
10109728SILVAB_2025-06-07_G27,10109728SILVAB,2025-06-07,108794,1,5,0,155.0
10109728SILVAB_2025-06-07_G28,10109728SILVAB,2025-06-07,117831,1,10,0,151.0
10109728SILVAB_2025-06-09_G03,10109728SILVAB,2025-06-09,118286,1,2,0,206.0
10109728SILVAB_2025-06-09_G04,10109728SILVAB,2025-06-09,111112,1,1,0,151.0
10109728SILVAB_2025-06-09_G05,10109728SILVAB,2025-06-09,111793,1,2,0,454.0
10109728SILVAB_2025-06-09_G06,10109728SILVAB,2025-06-09,111430,1,1,0,219.0
10109728SILVAB_2025-06-09_G07,10109728SILVAB,2025-06-09,111850,1,5,0,141.0
10109728SILVAB_2025-06-09_G08,10109728SILVAB,2025-06-09,110841,1,1,0,69.0
10109728SILVAB_2025-06-09_G09,10109728SILVAB,2025-06-09,118283,1,9,0,99.0
10109728SILVAB_2025-06-09_G10,10109728SILVAB,2025-06-09,111440,1,3,0,212.0
10109728SILVAB_2025-06-09_G11,10109728SILVAB,2025-06-09,110542,1,1,0,35.0
10109728SILVAB_2025-06-09_G12,10109728SILVAB,2025-06-09,110112,1,8,0,144.0
10109728SILVAB_2025-06-09_G13,10109728SILVAB,2025-06-09,111437,1,5,0,65.0
10109728SILVAB_2025-06-09_G14,10109728SILVAB,2025-06-09,110423,1,2,0,96.0
10109728SILVAB_2025-06-09_G15,10109728SILVAB,2025-06-09,110714,1,2,0,64.0
10109728SILVAB_2025-06-09_G16,10109728SILVAB,2025-06-09,111861,1,2,0,52.0
10109728SILVAB_2025-06-09_G17,10109728SILVAB,2025-06-09,111441,1,20,0,407.0
10109728SILVAB_2025-06-09_G18,10109728SILVAB,2025-06-09,118253,1,20,0,509.0
10109728SILVAB_2025-06-09_G19,10109728SILVAB,2025-06-09,105359,1,2,0,179.0
10109728SILVAB_2025-06-09_G20,10109728SILVAB,2025-06-09,118280,1,8,0,84.0
10109728SILVAB_2025-06-09_G21,10109728SILVAB,2025-06-09,111438,1,20,0,294.0
10109728SILVAB_2025-06-09_G22,10109728SILVAB,2025-06-09,111438,1,4,0,311.0
10109728SILVAB_2025-06-09_G23,10109728SILVAB,2025-06-09,114102,1,12,0,190.0
10109728SILVAB_2025-06-09_G24,10109728SILVAB,2025-06-09,110064,1,2,0,77.0
10109728SILVAB_2025-06-09_G25,10109728SILVAB,2025-06-09,110310,1,2,0,65.0
10109728SILVAB_2025-06-09_G26,10109728SILVAB,2025-06-09,108770,1,5,0,67.0
10109728SILVAB_2025-06-09_G27,10109728SILVAB,2025-06-09,111445,1,3,0,51.0
10109728SILVAB_2025-06-09_G28,10109728SILVAB,2025-06-09,117836,1,2,0,562.0
10109728SILVAB_2025-06-09_G29,10109728SILVAB,2025-06-09,109974,1,8,0,794.0
10109728SILVAB_2025-06-09_G30,10109728SILVAB,2025-06-09,118222,1,23,0,805.0
10109728SILVAB_2025-06-09_G31,10109728SILVAB,2025-06-09,118250,1,2,0,935.0
10109728SILVAB_2025-06-09_G32,10109728SILVAB,2025-06-09,100334,1,25,0,470.0
10109728SILVAB_2025-06-09_G33,10109728SILVAB,2025-06-09,111569,1,33,0,467.0
10109728SILVAB_2025-06-10_G02,10109728SILVAB,2025-06-10,111463,1,4,0,932.0
10109728SILVAB_2025-06-10_G03,10109728SILVAB,2025-06-10,111418,1,2,0,101.0
10109728SILVAB_2025-06-10_G04,10109728SILVAB,2025-06-10,117808,1,2,0,117.0
10109728SILVAB_2025-06-10_G05,10109728SILVAB,2025-06-10,117808,1,4,0,41.0
10109728SILVAB_2025-06-10_G06,10109728SILVAB,2025-06-10,109643,1,6,0,69.0
10109728SILVAB_2025-06-10_G08,10109728SILVAB,2025-06-10,110515,1,6,0,622.0
10109728SILVAB_2025-06-10_G09,10109728SILVAB,2025-06-10,110742,1,8,0,253.0
10109728SILVAB_2025-06-10_G10,10109728SILVAB,2025-06-10,111569,1,50,0,881.0
10109728SILVAB_2025-06-10_G11,10109728SILVAB,2025-06-10,111655,1,2,0,285.0
10109728SILVAB_2025-06-10_G12,10109728SILVAB,2025-06-10,111438,1,4,0,220.0
10109728SILVAB_2025-06-10_G13,10109728SILVAB,2025-06-10,109937,1,3,0,138.0
10109728SILVAB_2025-06-10_G14,10109728SILVAB,2025-06-10,111569,1,2,0,133.0
10109728SILVAB_2025-06-10_G16,10109728SILVAB,2025-06-10,117861,1,20,0,699.0
10109728SILVAB_2025-06-10_G17,10109728SILVAB,2025-06-10,111467,1,32,0,497.0
10109728SILVAB_2025-06-10_G18,10109728SILVAB,2025-06-10,110752,1,6,0,112.0
10109728SILVAB_2025-06-10_G19,10109728SILVAB,2025-06-10,117853,1,10,0,223.0
10109728SILVAB_2025-06-10_G20,10109728SILVAB,2025-06-10,117786,1,20,0,308.0
10109728SILVAB_2025-06-10_G21,10109728SILVAB,2025-06-10,110733,1,12,0,331.0
10109728SILVAB_2025-06-10_G22,10109728SILVAB,2025-06-10,117856,1,32,0,485.0
10109728SILVAB_2025-06-10_G23,10109728SILVAB,2025-06-10,106860,1,4,0,253.0
10109728SILVAB_2025-06-10_G24,10109728SILVAB,2025-06-10,141047,1,40,0,948.0
10109728SILVAB_2025-06-10_G25,10109728SILVAB,2025-06-10,117862,1,40,0,610.0
10109728SILVAB_2025-06-10_G26,10109728SILVAB,2025-06-10,117855,1,40,0,506.0
10109728SILVAB_2025-06-10_G27,10109728SILVAB,2025-06-10,117855,1,40,0,299.0
10109728SILVAB_2025-06-10_G28,10109728SILVAB,2025-06-10,108794,1,7,0,2589.0
10109728SILVAB_2025-06-10_G29,10109728SILVAB,2025-06-10,111462,1,13,0,446.0
10109728SILVAB_2025-06-10_G30,10109728SILVAB,2025-06-10,117785,1,18,0,563.0
10109728SILVAB_2025-06-10_G31,10109728SILVAB,2025-06-10,105705,1,5,0,108.0
10109728SILVAB_2025-06-10_G32,10109728SILVAB,2025-06-10,140922,1,7,0,77.0
10109728SILVAB_2025-06-10_G33,10109728SILVAB,2025-06-10,111468,1,10,0,532.0
10109728SILVAB_2025-06-10_G34,10109728SILVAB,2025-06-10,111172,1,3,0,165.0
10109728SILVAB_2025-06-10_G35,10109728SILVAB,2025-06-10,108711,1,17,0,127.0
10109728SILVAB_2025-06-10_G36,10109728SILVAB,2025-06-10,118140,1,19,0,156.0
10109728SILVAB_2025-06-10_G37,10109728SILVAB,2025-06-10,111431,1,13,0,197.0
10109728SILVAB_2025-06-10_G38,10109728SILVAB,2025-06-10,111348,1,3,0,90.0
10109728SILVAB_2025-06-11_G02,10109728SILVAB,2025-06-11,118317,1,21,0,215.0
10109728SILVAB_2025-06-11_G03,10109728SILVAB,2025-06-11,111442,1,9,0,167.0
10109728SILVAB_2025-06-11_G04,10109728SILVAB,2025-06-11,117821,1,47,0,447.0
10109728SILVAB_2025-06-11_G05,10109728SILVAB,2025-06-11,111465,1,14,0,333.0
10109728SILVAB_2025-06-11_G06,10109728SILVAB,2025-06-11,117831,1,7,0,216.0
10109728SILVAB_2025-06-11_G07,10109728SILVAB,2025-06-11,111463,1,55,0,460.0
10109728SILVAB_2025-06-11_G08,10109728SILVAB,2025-06-11,109641,1,16,0,1335.0
10109728SILVAB_2025-06-11_G09,10109728SILVAB,2025-06-11,111469,1,73,0,830.0
10109728SILVAB_2025-06-11_G10,10109728SILVAB,2025-06-11,111443,1,4,0,910.0
10109728SILVAB_2025-06-11_G11,10109728SILVAB,2025-06-11,111433,1,10,0,1225.0
10109728SILVAB_2025-06-11_G12,10109728SILVAB,2025-06-11,111466,1,68,0,852.0
10109728SILVAB_2025-06-11_G14,10109728SILVAB,2025-06-11,110751,1,2,0,126.0
10109728SILVAB_2025-06-11_G15,10109728SILVAB,2025-06-11,110751,1,6,0,128.0
10109728SILVAB_2025-06-11_G16,10109728SILVAB,2025-06-11,111463,1,2,0,99.0
10109728SILVAB_2025-06-11_G17,10109728SILVAB,2025-06-11,111469,1,23,0,936.0
10109728SILVAB_2025-06-11_G18,10109728SILVAB,2025-06-11,111172,1,5,0,255.0
10109728SILVAB_2025-06-11_G19,10109728SILVAB,2025-06-11,118140,1,4,0,170.0
10109728SILVAB_2025-06-11_G20,10109728SILVAB,2025-06-11,118140,1,10,0,171.0
10109728SILVAB_2025-06-11_G21,10109728SILVAB,2025-06-11,111462,1,15,0,415.0
10109728SILVAB_2025-06-11_G22,10109728SILVAB,2025-06-11,111418,1,4,0,131.0
10109728SILVAB_2025-06-11_G23,10109728SILVAB,2025-06-11,109645,1,2,0,307.0
10109728SILVAB_2025-06-11_G24,10109728SILVAB,2025-06-11,117785,1,12,0,469.0
10109728SILVAB_2025-06-11_G25,10109728SILVAB,2025-06-11,117785,1,10,0,255.0
10109728SILVAB_2025-06-11_G26,10109728SILVAB,2025-06-11,117787,1,6,0,285.0
10109728SILVAB_2025-06-11_G27,10109728SILVAB,2025-06-11,117787,1,6,0,114.0
10109728SILVAB_2025-06-11_G28,10109728SILVAB,2025-06-11,111442,1,2,0,202.0
10109728SILVAB_2025-06-11_G29,10109728SILVAB,2025-06-11,111442,1,10,0,306.0
10109728SILVAB_2025-06-11_G30,10109728SILVAB,2025-06-11,117821,1,4,0,169.0
10109728SILVAB_2025-06-11_G31,10109728SILVAB,2025-06-11,107236,1,6,0,215.0
10109728SILVAB_2025-06-11_G32,10109728SILVAB,2025-06-11,116241,1,15,0,1331.0
10109728SILVAB_2025-06-11_G33,10109728SILVAB,2025-06-11,116241,1,4,0,232.0
10109728SILVAB_2025-06-11_G34,10109728SILVAB,2025-06-11,111469,1,12,0,2757.0
10109728SILVAB_2025-06-11_G35,10109728SILVAB,2025-06-11,111469,1,2,0,35.0
10109728SILVAB_2025-06-11_G36,10109728SILVAB,2025-06-11,111182,1,3,0,74.0
10109728SILVAB_2025-06-11_G37,10109728SILVAB,2025-06-11,140922,1,5,0,111.0
10109728SILVAB_2025-06-12_G02,10109728SILVAB,2025-06-12,111532,1,21,0,402.0
10109728SILVAB_2025-06-12_G03,10109728SILVAB,2025-06-12,111462,1,20,0,1430.0
10109728SILVAB_2025-06-12_G04,10109728SILVAB,2025-06-12,111418,1,26,0,415.0
10109728SILVAB_2025-06-12_G05,10109728SILVAB,2025-06-12,117785,1,30,0,2202.0
10109728SILVAB_2025-06-12_G06,10109728SILVAB,2025-06-12,118317,1,6,0,419.0
10109728SILVAB_2025-06-12_G07,10109728SILVAB,2025-06-12,117821,1,5,0,252.0
10109728SILVAB_2025-06-12_G08,10109728SILVAB,2025-06-12,117831,1,14,0,555.0
10109728SILVAB_2025-06-12_G09,10109728SILVAB,2025-06-12,111743,1,4,0,243.0
10109728SILVAB_2025-06-12_G11,10109728SILVAB,2025-06-12,116241,1,20,0,595.0
10109728SILVAB_2025-06-12_G12,10109728SILVAB,2025-06-12,108794,1,40,0,795.0
10109728SILVAB_2025-06-12_G13,10109728SILVAB,2025-06-12,118140,1,75,0,623.0
10109728SILVAB_2025-06-12_G14,10109728SILVAB,2025-06-12,110895,1,5,0,2486.0
10109728SILVAB_2025-06-12_G15,10109728SILVAB,2025-06-12,110787,1,2,0,89.0
10109728SILVAB_2025-06-12_G16,10109728SILVAB,2025-06-12,111172,1,2,0,234.0
10109728SILVAB_2025-06-12_G17,10109728SILVAB,2025-06-12,110373,1,2,0,196.0
10109728SILVAB_2025-06-12_G18,10109728SILVAB,2025-06-12,141047,1,1,0,265.0
10109728SILVAB_2025-06-12_G19,10109728SILVAB,2025-06-12,109640,1,6,0,165.0
10109728SILVAB_2025-06-12_G20,10109728SILVAB,2025-06-12,117855,1,2,0,134.0
10109728SILVAB_2025-06-12_G21,10109728SILVAB,2025-06-12,111530,1,8,0,625.0
10109728SILVAB_2025-06-12_G22,10109728SILVAB,2025-06-12,110515,1,4,0,200.0
10109728SILVAB_2025-06-12_G23,10109728SILVAB,2025-06-12,118299,1,15,0,150.0
10109728SILVAB_2025-06-12_G24,10109728SILVAB,2025-06-12,110372,1,4,0,86.0
10109728SILVAB_2025-06-12_G25,10109728SILVAB,2025-06-12,110373,1,26,0,365.0
10109728SILVAB_2025-06-12_G26,10109728SILVAB,2025-06-12,118299,1,2,0,212.0
10109728SILVAB_2025-06-12_G27,10109728SILVAB,2025-06-12,111530,1,7,0,1314.0
10109728SILVAB_2025-06-12_G28,10109728SILVAB,2025-06-12,111602,1,4,0,48.0
10109728SILVAB_2025-06-12_G29,10109728SILVAB,2025-06-12,118140,1,8,0,151.0
10109728SILVAB_2025-06-12_G30,10109728SILVAB,2025-06-12,111443,1,4,0,98.0
10109728SILVAB_2025-06-12_G31,10109728SILVAB,2025-06-12,111418,1,4,0,92.0
10109728SILVAB_2025-06-12_G32,10109728SILVAB,2025-06-12,110787,1,14,0,167.0
10109728SILVAB_2025-06-12_G33,10109728SILVAB,2025-06-12,110787,1,2,0,249.0
10109728SILVAB_2025-06-12_G34,10109728SILVAB,2025-06-12,109645,1,12,0,478.0
10109728SILVAB_2025-06-12_G35,10109728SILVAB,2025-06-12,110787,1,7,0,391.0
10109728SILVAB_2025-06-12_G36,10109728SILVAB,2025-06-12,140922,1,4,0,358.0
10109728SILVAB_2025-06-13_G03,10109728SILVAB,2025-06-13,110325,1,2,0,33.0
10109728SILVAB_2025-06-13_G04,10109728SILVAB,2025-06-13,109643,1,16,0,163.0
10109728SILVAB_2025-06-13_G05,10109728SILVAB,2025-06-13,110373,1,6,0,290.0
10109728SILVAB_2025-06-13_G06,10109728SILVAB,2025-06-13,110371,1,20,0,286.0
10109728SILVAB_2025-06-13_G07,10109728SILVAB,2025-06-13,117820,1,4,0,73.0
10109728SILVAB_2025-06-13_G08,10109728SILVAB,2025-06-13,110373,1,54,0,452.0
10109728SILVAB_2025-06-13_G09,10109728SILVAB,2025-06-13,118299,1,174,0,1400.0
10109728SILVAB_2025-06-13_G10,10109728SILVAB,2025-06-13,110372,1,64,0,354.0
10109728SILVAB_2025-06-13_G11,10109728SILVAB,2025-06-13,117830,1,40,0,643.0
10109728SILVAB_2025-06-13_G12,10109728SILVAB,2025-06-13,117820,1,78,0,543.0
10109728SILVAB_2025-06-13_G13,10109728SILVAB,2025-06-13,117831,1,8,0,1398.0
10109728SILVAB_2025-06-13_G14,10109728SILVAB,2025-06-13,160055,1,8,0,235.0
10109728SILVAB_2025-06-13_G15,10109728SILVAB,2025-06-13,160051,1,2,0,142.0
10109728SILVAB_2025-06-13_G16,10109728SILVAB,2025-06-13,160054,1,6,0,222.0
10109728SILVAB_2025-06-13_G17,10109728SILVAB,2025-06-13,117808,1,8,0,992.0
10109728SILVAB_2025-06-13_G18,10109728SILVAB,2025-06-13,108701,1,2,0,119.0
10109728SILVAB_2025-06-13_G19,10109728SILVAB,2025-06-13,107892,1,2,0,436.0
10109728SILVAB_2025-06-13_G20,10109728SILVAB,2025-06-13,109641,1,4,0,482.0
10109728SILVAB_2025-06-13_G21,10109728SILVAB,2025-06-13,108795,1,2,0,134.0
10109728SILVAB_2025-06-13_G22,10109728SILVAB,2025-06-13,111466,1,2,0,95.0
10109728SILVAB_2025-06-13_G23,10109728SILVAB,2025-06-13,111418,1,4,0,110.0
10109728SILVAB_2025-06-13_G24,10109728SILVAB,2025-06-13,117785,1,1,0,68.0
10109728SILVAB_2025-06-13_G25,10109728SILVAB,2025-06-13,111348,1,2,0,47.0
10109728SILVAB_2025-06-13_G26,10109728SILVAB,2025-06-13,110787,1,1,0,67.0
10109728SILVAB_2025-06-13_G28,10109728SILVAB,2025-06-13,111723,1,6,0,297.0
10109728SILVAB_2025-06-13_G29,10109728SILVAB,2025-06-13,141262,1,4,0,767.0
10109728SILVAB_2025-06-13_G30,10109728SILVAB,2025-06-13,111634,1,10,0,144.0
10109728SILVAB_2025-06-13_G31,10109728SILVAB,2025-06-13,111722,1,8,0,131.0
10109728SILVAB_2025-06-13_G32,10109728SILVAB,2025-06-13,111742,1,6,0,739.0
10109728SILVAB_2025-06-13_G33,10109728SILVAB,2025-06-13,118140,1,5,0,385.0
10109728SILVAB_2025-06-13_G34,10109728SILVAB,2025-06-13,118191,1,6,0,235.0
10109728SILVAB_2025-06-13_G35,10109728SILVAB,2025-06-13,111753,1,4,0,201.0
10109728SILVAB_2025-06-13_G36,10109728SILVAB,2025-06-13,141262,1,8,0,161.0
10109728SILVAB_2025-06-13_G37,10109728SILVAB,2025-06-13,111751,1,6,0,290.0
10109728SILVAB_2025-06-13_G38,10109728SILVAB,2025-06-13,141261,1,6,0,199.0
10109728SILVAB_2025-06-13_G39,10109728SILVAB,2025-06-13,110325,1,4,0,792.0
10109728SILVAB_2025-06-13_G40,10109728SILVAB,2025-06-13,110374,1,16,0,188.0
10109728SILVAB_2025-06-13_G41,10109728SILVAB,2025-06-13,110374,1,8,0,75.0
10109728SILVAB_2025-06-13_G42,10109728SILVAB,2025-06-13,110373,1,36,0,420.0
10109728SILVAB_2025-06-13_G43,10109728SILVAB,2025-06-13,110376,1,2,0,127.0
10109728SILVAB_2025-06-13_G44,10109728SILVAB,2025-06-13,118299,1,8,0,89.0
10109728SILVAB_2025-06-13_G45,10109728SILVAB,2025-06-13,117832,1,4,0,90.0
10109728SILVAB_2025-06-13_G46,10109728SILVAB,2025-06-13,117830,1,6,0,290.0
10109728SILVAB_2025-06-13_G47,10109728SILVAB,2025-06-13,110375,1,20,0,108.0
10109728SILVAB_2025-06-13_G48,10109728SILVAB,2025-06-13,110371,1,28,0,180.0
10109728SILVAB_2025-06-13_G49,10109728SILVAB,2025-06-13,117809,1,16,0,155.0
10109728SILVAB_2025-06-13_G50,10109728SILVAB,2025-06-13,117809,1,12,0,313.0
10109728SILVAB_2025-06-13_G51,10109728SILVAB,2025-06-13,117808,1,8,0,114.0
10109728SILVAB_2025-06-13_G52,10109728SILVAB,2025-06-13,117808,1,108,0,308.0
10109728SILVAB_2025-06-13_G53,10109728SILVAB,2025-06-13,110372,1,65,0,487.0
10109728SILVAB_2025-06-13_G54,10109728SILVAB,2025-06-13,111463,1,2,0,414.0
10109728SILVAB_2025-06-13_G55,10109728SILVAB,2025-06-13,105705,1,2,0,61.0
10109728SILVAB_2025-06-13_G56,10109728SILVAB,2025-06-13,140922,1,4,0,56.0
10109728SILVAB_2025-06-13_G57,10109728SILVAB,2025-06-13,111466,1,2,0,52.0
10109728SILVAB_2025-06-13_G58,10109728SILVAB,2025-06-13,109641,1,2,0,84.0
10109728SILVAB_2025-06-13_G59,10109728SILVAB,2025-06-13,111462,1,8,0,58.0
10109728SILVAB_2025-06-13_G60,10109728SILVAB,2025-06-13,111418,1,16,0,140.0
10109728SILVAB_2025-06-13_G61,10109728SILVAB,2025-06-13,111418,1,24,0,154.0
10109728SILVAB_2025-06-13_G62,10109728SILVAB,2025-06-13,109645,1,2,0,149.0
10109728SILVAB_2025-06-13_G63,10109728SILVAB,2025-06-13,117787,1,2,0,62.0
10109728SILVAB_2025-06-13_G64,10109728SILVAB,2025-06-13,117821,1,2,0,108.0
10109728SILVAB_2025-06-13_G65,10109728SILVAB,2025-06-13,110787,1,2,0,37.0
10109728SILVAB_2025-06-13_G66,10109728SILVAB,2025-06-13,118140,1,2,0,34.0
10109728SILVAB_2025-06-13_G67,10109728SILVAB,2025-06-13,111569,1,2,0,83.0
10109728SILVAB_2025-06-13_G68,10109728SILVAB,2025-06-13,110747,1,4,0,97.0
10109728SILVAB_2025-06-13_G69,10109728SILVAB,2025-06-13,110339,1,4,0,95.0
10109728SILVAB_2025-06-13_G70,10109728SILVAB,2025-06-13,110515,1,2,0,74.0
10109728SILVAB_2025-06-13_G71,10109728SILVAB,2025-06-13,117862,1,2,0,61.0
10109728SILVAB_2025-06-14_G02,10109728SILVAB,2025-06-14,108772,1,20,0,452.0
10109728SILVAB_2025-06-14_G03,10109728SILVAB,2025-06-14,110733,1,40,0,398.0
10109728SILVAB_2025-06-14_G04,10109728SILVAB,2025-06-14,117834,1,9,0,214.0
10109728SILVAB_2025-06-14_G05,10109728SILVAB,2025-06-14,110755,1,15,0,413.0
10109728SILVAB_2025-06-14_G06,10109728SILVAB,2025-06-14,110755,1,19,0,322.0
10109728SILVAB_2025-06-14_G07,10109728SILVAB,2025-06-14,118290,1,5,0,90.0
10109728SILVAB_2025-06-14_G08,10109728SILVAB,2025-06-14,111850,1,13,0,600.0
10109728SILVAB_2025-06-14_G09,10109728SILVAB,2025-06-14,108759,1,7,0,159.0
10109728SILVAB_2025-06-14_G10,10109728SILVAB,2025-06-14,111569,1,20,0,406.0
10109728SILVAB_2025-06-14_G11,10109728SILVAB,2025-06-14,118222,1,15,0,378.0
10109728SILVAB_2025-06-14_G12,10109728SILVAB,2025-06-14,118418,1,4,0,1071.0
10109728SILVAB_2025-06-14_G13,10109728SILVAB,2025-06-14,118094,1,4,0,138.0
10109728SILVAB_2025-06-14_G14,10109728SILVAB,2025-06-14,117788,1,1,0,105.0
10109728SILVAB_2025-06-14_G15,10109728SILVAB,2025-06-14,107629,1,4,0,61.0
10109728SILVAB_2025-06-14_G16,10109728SILVAB,2025-06-14,109640,1,12,0,162.0
10109728SILVAB_2025-06-14_G17,10109728SILVAB,2025-06-14,117862,1,41,0,521.0
10109728SILVAB_2025-06-14_G18,10109728SILVAB,2025-06-14,118403,1,6,0,211.0
10109728SILVAB_2025-06-14_G19,10109728SILVAB,2025-06-14,117786,1,8,0,92.0
10109728SILVAB_2025-06-14_G20,10109728SILVAB,2025-06-14,105242,1,4,0,129.0
10109728SILVAB_2025-06-14_G21,10109728SILVAB,2025-06-14,110733,1,3,0,233.0
10109728SILVAB_2025-06-14_G22,10109728SILVAB,2025-06-14,117861,1,60,0,552.0
10109728SILVAB_2025-06-14_G23,10109728SILVAB,2025-06-14,111467,1,38,0,391.0
10109728SILVAB_2025-06-14_G24,10109728SILVAB,2025-06-14,117833,1,2,0,336.0
10109728SILVAB_2025-06-14_G25,10109728SILVAB,2025-06-14,108711,1,25,0,305.0
10109728SILVAB_2025-06-14_G26,10109728SILVAB,2025-06-14,111743,1,2,0,305.0
10109728SILVAB_2025-06-14_G27,10109728SILVAB,2025-06-14,108794,1,8,0,233.0
10109728SILVAB_2025-06-14_G28,10109728SILVAB,2025-06-14,111463,1,56,0,448.0
10109728SILVAB_2025-06-14_G29,10109728SILVAB,2025-06-14,111469,1,31,0,128.0
10109728SILVAB_2025-06-15_G02,10109728SILVAB,2025-06-15,160055,1,2,0,635.0
10109728SILVAB_2025-06-15_G03,10109728SILVAB,2025-06-15,118290,1,1,0,380.0
10109728SILVAB_2025-06-15_G04,10109728SILVAB,2025-06-15,110313,1,8,0,336.0
10109728SILVAB_2025-06-15_G05,10109728SILVAB,2025-06-15,141202,1,4,0,697.0
10109728SILVAB_2025-06-15_G06,10109728SILVAB,2025-06-15,115821,1,4,0,372.0
10109728SILVAB_2025-06-15_G07,10109728SILVAB,2025-06-15,110582,1,4,0,288.0
10109728SILVAB_2025-06-15_G08,10109728SILVAB,2025-06-15,118317,1,10,0,1019.0
10109728SILVAB_2025-06-15_G09,10109728SILVAB,2025-06-15,111433,1,4,0,168.0
10109728SILVAB_2025-06-15_G10,10109728SILVAB,2025-06-15,141262,1,4,0,1016.0
10109728SILVAB_2025-06-15_G11,10109728SILVAB,2025-06-15,111740,1,4,0,971.0
10109728SILVAB_2025-06-15_G12,10109728SILVAB,2025-06-15,111634,1,6,0,150.0
10109728SILVAB_2025-06-15_G13,10109728SILVAB,2025-06-15,141261,1,10,0,359.0
10109728SILVAB_2025-06-15_G14,10109728SILVAB,2025-06-15,111722,1,6,0,263.0
10109728SILVAB_2025-06-15_G15,10109728SILVAB,2025-06-15,118191,1,12,0,295.0
10109728SILVAB_2025-06-15_G16,10109728SILVAB,2025-06-15,141262,1,4,0,1069.0
10109728SILVAB_2025-06-15_G17,10109728SILVAB,2025-06-15,111740,1,6,0,973.0
10109728SILVAB_2025-06-16_G02,10109728SILVAB,2025-06-16,141261,1,10,0,321.0
10109728SILVAB_2025-06-16_G03,10109728SILVAB,2025-06-16,111722,1,6,0,307.0
10109728SILVAB_2025-06-16_G04,10109728SILVAB,2025-06-16,118191,1,12,0,219.0
10109728SILVAB_2025-06-16_G05,10109728SILVAB,2025-06-16,108794,1,30,0,1468.0
10109728SILVAB_2025-06-16_G06,10109728SILVAB,2025-06-16,111469,1,10,0,611.0
10109728SILVAB_2025-06-16_G07,10109728SILVAB,2025-06-16,111469,1,10,0,201.0
10109728SILVAB_2025-06-16_G08,10109728SILVAB,2025-06-16,108798,1,10,0,283.0
10109728SILVAB_2025-06-16_G09,10109728SILVAB,2025-06-16,141048,1,8,0,323.0
10109728SILVAB_2025-06-16_G11,10109728SILVAB,2025-06-16,117786,1,101,0,962.0
10109728SILVAB_2025-06-17_G02,10109728SILVAB,2025-06-17,111418,1,7,0,289.0
10109728SILVAB_2025-06-17_G03,10109728SILVAB,2025-06-17,141823,1,3,0,143.0
10109728SILVAB_2025-06-17_G04,10109728SILVAB,2025-06-17,118222,1,6,0,660.0
10109728SILVAB_2025-06-17_G05,10109728SILVAB,2025-06-17,109640,1,60,0,1609.0
10109728SILVAB_2025-06-17_G06,10109728SILVAB,2025-06-17,117855,1,11,0,980.0
10109728SILVAB_2025-06-17_G07,10109728SILVAB,2025-06-17,111530,1,2,0,165.0
10109728SILVAB_2025-06-17_G09,10109728SILVAB,2025-06-17,117785,1,375,0,3486.0
10109728SILVAB_2025-06-17_G10,10109728SILVAB,2025-06-17,110325,1,12,0,784.0
10109728SILVAB_2025-06-17_G11,10109728SILVAB,2025-06-17,110374,1,5,0,271.0
10109728SILVAB_2025-06-17_G12,10109728SILVAB,2025-06-17,117809,1,17,0,261.0
10109728SILVAB_2025-06-17_G13,10109728SILVAB,2025-06-17,109643,1,7,0,180.0
10109728SILVAB_2025-06-17_G14,10109728SILVAB,2025-06-17,117822,1,13,0,227.0
10109728SILVAB_2025-06-17_G15,10109728SILVAB,2025-06-17,117832,1,16,0,379.0
10109728SILVAB_2025-06-17_G16,10109728SILVAB,2025-06-17,110373,1,22,0,502.0
10109728SILVAB_2025-06-17_G17,10109728SILVAB,2025-06-17,141202,1,13,0,701.0
10109728SILVAB_2025-06-17_G18,10109728SILVAB,2025-06-17,106922,1,4,0,399.0
10109728SILVAB_2025-06-18_G02,10109728SILVAB,2025-06-18,118094,1,4,0,378.0
10109728SILVAB_2025-06-18_G03,10109728SILVAB,2025-06-18,110339,1,10,0,269.0
10109728SILVAB_2025-06-18_G04,10109728SILVAB,2025-06-18,118298,1,4,0,826.0
10109728SILVAB_2025-06-18_G06,10109728SILVAB,2025-06-18,110740,1,9,0,1512.0
10109728SILVAB_2025-06-20_G02,10109728SILVAB,2025-06-20,"122671, 120389, 124248",3,100,36,33.0
10109728SILVAB_2025-06-20_G04,10109728SILVAB,2025-06-20,110753,1,7,0,404.0
10109728SILVAB_2025-06-20_G05,10109728SILVAB,2025-06-20,110755,1,25,0,2208.0
10109728SILVAB_2025-06-20_G06,10109728SILVAB,2025-06-20,111441,1,2,0,1418.0
10109728SILVAB_2025-06-20_G07,10109728SILVAB,2025-06-20,117834,1,4,0,626.0
10109728SILVAB_2025-06-20_G08,10109728SILVAB,2025-06-20,110129,1,4,0,287.0
10109728SILVAB_2025-06-20_G09,10109728SILVAB,2025-06-20,111465,1,8,0,494.0
10109728SILVAB_2025-06-20_G10,10109728SILVAB,2025-06-20,111330,1,4,0,302.0
10109728SILVAB_2025-06-22_G02,10109728SILVAB,2025-06-22,110740,1,6,0,90.0
10109728SILVAB_2025-06-22_G03,10109728SILVAB,2025-06-22,118299,1,24,0,546.0
10109728SILVAB_2025-06-22_G04,10109728SILVAB,2025-06-22,118299,1,52,0,1389.0
10109728SILVAB_2025-06-22_G05,10109728SILVAB,2025-06-22,118299,1,26,0,188.0
10109728SILVAB_2025-06-22_G06,10109728SILVAB,2025-06-22,110372,1,14,0,330.0
10109728SILVAB_2025-06-22_G07,10109728SILVAB,2025-06-22,109643,1,4,0,961.0
10109728SILVAB_2025-06-22_G08,10109728SILVAB,2025-06-22,118299,1,20,0,329.0
10109728SILVAB_2025-06-22_G09,10109728SILVAB,2025-06-22,110374,1,6,0,147.0
10109728SILVAB_2025-06-22_G10,10109728SILVAB,2025-06-22,110129,1,1,0,224.0
10109728SILVAB_2025-06-22_G11,10109728SILVAB,2025-06-22,105705,1,4,0,351.0
10109728SILVAB_2025-06-22_G12,10109728SILVAB,2025-06-22,111463,1,8,0,208.0
10109728SILVAB_2025-06-22_G13,10109728SILVAB,2025-06-22,111532,1,4,0,197.0
10109728SILVAB_2025-06-22_G14,10109728SILVAB,2025-06-22,110740,1,2,0,162.0
10109728SILVAB_2025-06-22_G15,10109728SILVAB,2025-06-22,118140,1,10,0,284.0
10109728SILVAB_2025-06-22_G16,10109728SILVAB,2025-06-22,111468,1,4,0,144.0
10109728SILVAB_2025-06-22_G17,10109728SILVAB,2025-06-22,110515,2,6,15,453.0
10109728SILVAB_2025-06-22_G18,10109728SILVAB,2025-06-22,141047,1,4,0,187.0
10109728SILVAB_2025-06-22_G19,10109728SILVAB,2025-06-22,118403,1,2,0,847.0
10109728SILVAB_2025-06-22_G20,10109728SILVAB,2025-06-22,111602,1,3,0,183.0
10109728SILVAB_2025-06-22_G21,10109728SILVAB,2025-06-22,109647,1,4,0,205.0
10109728SILVAB_2025-06-22_G22,10109728SILVAB,2025-06-22,118418,1,1,0,83.0
10109728SILVAB_2025-06-23_G02,10109728SILVAB,2025-06-23,111182,1,24,0,640.0
10109728SILVAB_2025-06-23_G03,10109728SILVAB,2025-06-23,111466,1,3,0,151.0
10109728SILVAB_2025-06-23_G04,10109728SILVAB,2025-06-23,117831,1,15,0,203.0
10109728SILVAB_2025-06-23_G05,10109728SILVAB,2025-06-23,111172,1,4,0,130.0
10109728SILVAB_2025-06-23_G06,10109728SILVAB,2025-06-23,110740,1,10,0,284.0
10109728SILVAB_2025-06-23_G07,10109728SILVAB,2025-06-23,110740,1,2,0,63.0
10109728SILVAB_2025-06-23_G08,10109728SILVAB,2025-06-23,107830,1,4,0,670.0
10109728SILVAB_2025-06-23_G09,10109728SILVAB,2025-06-23,110740,1,2,0,1135.0
10109728SILVAB_2025-06-23_G10,10109728SILVAB,2025-06-23,110740,1,3,0,166.0
10109728SILVAB_2025-06-23_G11,10109728SILVAB,2025-06-23,111660,1,2,0,2527.0
10109728SILVAB_2025-06-23_G12,10109728SILVAB,2025-06-23,110755,1,4,0,252.0
10109728SILVAB_2025-06-23_G13,10109728SILVAB,2025-06-23,117935,1,5,0,386.0
10109728SILVAB_2025-06-23_G14,10109728SILVAB,2025-06-23,110325,1,4,0,163.0
10109728SILVAB_2025-06-23_G15,10109728SILVAB,2025-06-23,105705,1,4,0,1931.0
10109728SILVAB_2025-06-23_G16,10109728SILVAB,2025-06-23,110745,1,2,0,235.0
10109728SILVAB_2025-06-23_G17,10109728SILVAB,2025-06-23,110740,1,2,0,246.0
10109728SILVAB_2025-06-23_G18,10109728SILVAB,2025-06-23,111442,1,4,0,209.0
10109728SILVAB_2025-06-23_G19,10109728SILVAB,2025-06-23,107236,1,4,0,205.0
10109728SILVAB_2025-07-04_G02,10109728SILVAB,2025-07-04,118299,1,1300,0,42.0
10109728SILVAB_2025-07-04_G03,10109728SILVAB,2025-07-04,118299,1,1300,0,47.0
10109728SILVAB_2025-07-04_G04,10109728SILVAB,2025-07-04,118299,1,1300,0,95.0
10109728SILVAB_2025-07-04_G05,10109728SILVAB,2025-07-04,118299,1,1300,0,111.0
10109728SILVAB_2025-07-04_G06,10109728SILVAB,2025-07-04,110371,1,1400,0,199.0
10109728SILVAB_2025-07-05_G02,10109728SILVAB,2025-07-05,110371,1,1400,0,44.0
10109728SILVAB_2025-07-05_G03,10109728SILVAB,2025-07-05,110371,1,1400,0,33.0
10109728SILVAB_2025-07-05_G04,10109728SILVAB,2025-07-05,110371,1,1400,0,66.0
10109728SILVAB_2025-07-09_G02,10109728SILVAB,2025-07-09,123345,1,120,0,246.0
10109728SILVAB_2025-07-09_G03,10109728SILVAB,2025-07-09,124486,1,80,0,3439.0
10109728SILVAB_2025-07-12_G02,10109728SILVAB,2025-07-12,111469,1,15,0,3036.0
10109728SILVAB_2025-07-19_G02,10109728SILVAB,2025-07-19,118311,1,1,0,150.0
10109728SILVAB_2025-07-19_G03,10109728SILVAB,2025-07-19,111463,3,64,35,49.0
10109728SILVAB_2025-07-19_G04,10109728SILVAB,2025-07-19,111463,1,158,0,33.0
10109728SILVAB_2025-07-19_G05,10109728SILVAB,2025-07-19,111463,4,37,68,163.0
10109728SILVAB_2025-07-19_G06,10109728SILVAB,2025-07-19,111463,1,4,0,54.0
10109728SILVAB_2025-07-19_G07,10109728SILVAB,2025-07-19,111463,1,8,0,257.0
10109728SILVAB_2025-07-24_G02,10109728SILVAB,2025-07-24,111469,2,41,25,96.0
10109728SILVAB_2025-07-30_G03,10109728SILVAB,2025-07-30,118222,1,40,0,3042.0
10109728SILVAB_2025-08-13_G02,10109728SILVAB,2025-08-13,"110374, 110787, 110372",4,36,49,31.0
10109728SILVAB_2025-08-18_G02,10109728SILVAB,2025-08-18,111463,1,30,0,593.0
10109728SILVAB_2025-08-18_G03,10109728SILVAB,2025-08-18,141457,1,20,0,316.0
10109728SILVAB_2025-08-18_G04,10109728SILVAB,2025-08-18,110372,1,50,0,1426.0
10109728SILVAB_2025-08-18_G05,10109728SILVAB,2025-08-18,111463,1,30,0,279.0
10109728SILVAB_2025-08-18_G06,10109728SILVAB,2025-08-18,141457,1,20,0,263.0
10109728SILVAB_2025-08-18_G07,10109728SILVAB,2025-08-18,110372,1,50,0,508.0
10109728SILVAB_2025-08-18_G08,10109728SILVAB,2025-08-18,111463,1,20,0,187.0
10109728SILVAB_2025-08-18_G09,10109728SILVAB,2025-08-18,118140,1,10,0,170.0
10109728SILVAB_2025-08-18_G10,10109728SILVAB,2025-08-18,141457,1,20,0,585.0
10109728SILVAB_2025-08-18_G11,10109728SILVAB,2025-08-18,110372,1,50,0,678.0
10109728SILVAB_2025-08-18_G12,10109728SILVAB,2025-08-18,111463,1,30,0,247.0
10109728SILVAB_2025-08-18_G13,10109728SILVAB,2025-08-18,118140,1,10,0,218.0
10109728SILVAB_2025-08-18_G14,10109728SILVAB,2025-08-18,141457,1,20,0,270.0
10109728SILVAB_2025-08-18_G15,10109728SILVAB,2025-08-18,118299,1,22,0,313.0
10109728SILVAB_2025-08-18_G16,10109728SILVAB,2025-08-18,110372,1,10,0,162.0
10109728SILVAB_2025-08-18_G17,10109728SILVAB,2025-08-18,111463,1,30,0,331.0
10109728SILVAB_2025-08-18_G18,10109728SILVAB,2025-08-18,141457,1,20,0,436.0
10109728SILVAB_2025-08-18_G19,10109728SILVAB,2025-08-18,117856,1,4,0,174.0
10109728SILVAB_2025-08-18_G20,10109728SILVAB,2025-08-18,110313,1,4,0,109.0
10109728SILVAB_2025-08-18_G21,10109728SILVAB,2025-08-18,110895,1,8,0,190.0
10109728SILVAB_2025-08-19_G02,10109728SILVAB,2025-08-19,107830,1,8,0,222.0
10109728SILVAB_2025-08-19_G03,10109728SILVAB,2025-08-19,109643,1,4,0,82.0
10109728SILVAB_2025-08-19_G04,10109728SILVAB,2025-08-19,118222,1,4,0,1062.0
10109728SILVAB_2025-08-19_G05,10109728SILVAB,2025-08-19,118140,1,60,0,535.0
10109728SILVAB_2025-08-19_G06,10109728SILVAB,2025-08-19,110313,1,7,0,1141.0
10109728SILVAB_2025-08-19_G07,10109728SILVAB,2025-08-19,109641,1,3,0,74.0
10109728SILVAB_2025-08-19_G08,10109728SILVAB,2025-08-19,110372,1,210,0,1598.0
10109728SILVAB_2025-08-19_G09,10109728SILVAB,2025-08-19,111438,1,79,0,2206.0
10109728SILVAB_2025-08-19_G10,10109728SILVAB,2025-08-19,111569,1,80,0,594.0
10109728SILVAB_2025-08-19_G11,10109728SILVAB,2025-08-19,111463,1,100,0,282.0
10109728SILVAB_2025-08-19_G12,10109728SILVAB,2025-08-19,140922,1,130,0,337.0
10109728SILVAB_2025-08-19_G13,10109728SILVAB,2025-08-19,111172,1,66,0,446.0
10109728SILVAB_2025-08-19_G16,10109728SILVAB,2025-08-19,111469,1,20,0,341.0
10109728SILVAB_2025-08-19_G17,10109728SILVAB,2025-08-19,105705,1,19,0,401.0
10109728SILVAB_2025-08-19_G18,10109728SILVAB,2025-08-19,107236,1,12,0,193.0
10109728SILVAB_2025-08-19_G19,10109728SILVAB,2025-08-19,111433,1,1,0,34.0
10109728SILVAB_2025-08-19_G20,10109728SILVAB,2025-08-19,110375,1,2,0,340.0
10109728SILVAB_2025-08-20_G02,10109728SILVAB,2025-08-20,111418,1,500,0,2383.0
10109728SILVAB_2025-08-20_G03,10109728SILVAB,2025-08-20,111569,1,6,0,1965.0
10109728SILVAB_2025-08-20_G04,10109728SILVAB,2025-08-20,109640,1,40,0,407.0
10109728SILVAB_2025-08-21_G02,10109728SILVAB,2025-08-21,110129,1,20,0,224.0
10109728SILVAB_2025-08-21_G03,10109728SILVAB,2025-08-21,111444,1,2,0,154.0
10109728SILVAB_2025-08-21_G04,10109728SILVAB,2025-08-21,111469,1,10,0,180.0
10109728SILVAB_2025-08-21_G05,10109728SILVAB,2025-08-21,117838,1,5,0,93.0
10109728SILVAB_2025-08-21_G06,10109728SILVAB,2025-08-21,117785,1,15,0,345.0
10109728SILVAB_2025-08-21_G07,10109728SILVAB,2025-08-21,111466,1,40,0,596.0
10109728SILVAB_2025-08-21_G08,10109728SILVAB,2025-08-21,110751,1,10,0,93.0
10109728SILVAB_2025-08-21_G09,10109728SILVAB,2025-08-21,111348,1,6,0,106.0
10109728SILVAB_2025-08-21_G10,10109728SILVAB,2025-08-21,140922,1,10,0,167.0
10109728SILVAB_2025-08-21_G11,10109728SILVAB,2025-08-21,111532,1,10,0,154.0
10109728SILVAB_2025-08-21_G12,10109728SILVAB,2025-08-21,141456,1,16,0,290.0
10109728SILVAB_2025-08-21_G13,10109728SILVAB,2025-08-21,109645,1,6,0,300.0
10109728SILVAB_2025-08-21_G14,10109728SILVAB,2025-08-21,105705,1,5,0,269.0
10109728SILVAB_2025-08-21_G15,10109728SILVAB,2025-08-21,118140,1,6,0,115.0
10109728SILVAB_2025-08-21_G16,10109728SILVAB,2025-08-21,111418,1,20,0,216.0
10109728SILVAB_2025-08-21_G17,10109728SILVAB,2025-08-21,110748,1,10,0,384.0
10109728SILVAB_2025-08-21_G18,10109728SILVAB,2025-08-21,110787,1,5,0,93.0
10109728SILVAB_2025-08-21_G19,10109728SILVAB,2025-08-21,117831,1,20,0,126.0
10109728SILVAB_2025-08-21_G20,10109728SILVAB,2025-08-21,117329,1,10,0,151.0
10109728SILVAB_2025-08-21_G21,10109728SILVAB,2025-08-21,110745,1,10,0,79.0
10109728SILVAB_2025-08-21_G22,10109728SILVAB,2025-08-21,109641,1,4,0,95.0
10109728SILVAB_2025-08-21_G23,10109728SILVAB,2025-08-21,108794,1,130,0,765.0
10109728SILVAB_2025-08-21_G24,10109728SILVAB,2025-08-21,111442,1,4,0,64.0
10109728SILVAB_2025-08-21_G25,10109728SILVAB,2025-08-21,111172,1,10,0,393.0
10109728SILVAB_2025-08-21_G26,10109728SILVAB,2025-08-21,118330,1,2,0,55.0
10109728SILVAB_2025-08-21_G27,10109728SILVAB,2025-08-21,110740,1,10,0,115.0
10109728SILVAB_2025-08-21_G28,10109728SILVAB,2025-08-21,141458,1,8,0,341.0
10109728SILVAB_2025-08-21_G29,10109728SILVAB,2025-08-21,141457,1,8,0,89.0
10109728SILVAB_2025-08-21_G30,10109728SILVAB,2025-08-21,111465,1,30,0,326.0
10109728SILVAB_2025-08-21_G32,10109728SILVAB,2025-08-21,117855,1,5,0,123.0
10109728SILVAB_2025-08-21_G33,10109728SILVAB,2025-08-21,109647,1,2,0,67.0
10109728SILVAB_2025-08-21_G34,10109728SILVAB,2025-08-21,141047,1,4,0,87.0
10109728SILVAB_2025-08-21_G35,10109728SILVAB,2025-08-21,109640,1,5,0,223.0
10109728SILVAB_2025-08-21_G36,10109728SILVAB,2025-08-21,109640,1,6,0,49.0
10109728SILVAB_2025-08-21_G37,10109728SILVAB,2025-08-21,110515,1,7,0,93.0
10109728SILVAB_2025-08-21_G38,10109728SILVAB,2025-08-21,110515,1,4,0,47.0
10109728SILVAB_2025-08-21_G39,10109728SILVAB,2025-08-21,110372,1,979,0,2348.0
10109728SILVAB_2025-08-21_G40,10109728SILVAB,2025-08-21,108795,1,2,0,2184.0
10109728SILVAB_2025-08-21_G41,10109728SILVAB,2025-08-21,111466,1,8,0,349.0
10109728SILVAB_2025-08-21_G42,10109728SILVAB,2025-08-21,141823,1,2,0,491.0
10109728SILVAB_2025-08-21_G43,10109728SILVAB,2025-08-21,141456,1,4,0,199.0
10109728SILVAB_2025-08-21_G44,10109728SILVAB,2025-08-21,111418,1,4,0,118.0
10109728SILVAB_2025-08-21_G45,10109728SILVAB,2025-08-21,141458,1,4,0,127.0
10109728SILVAB_2025-08-21_G46,10109728SILVAB,2025-08-21,141457,1,4,0,68.0
10109728SILVAB_2025-08-21_G47,10109728SILVAB,2025-08-21,111602,1,10,0,714.0
10109728SILVAB_2025-08-22_G02,10109728SILVAB,2025-08-22,111469,1,4,0,95.0
10109728SILVAB_2025-08-22_G03,10109728SILVAB,2025-08-22,111466,1,2,0,98.0
10109728SILVAB_2025-08-22_G04,10109728SILVAB,2025-08-22,160051,1,2,0,298.0
10109728SILVAB_2025-08-22_G05,10109728SILVAB,2025-08-22,111182,1,3,0,257.0
10109728SILVAB_2025-08-22_G06,10109728SILVAB,2025-08-22,105705,1,2,0,1431.0
10109728SILVAB_2025-08-22_G07,10109728SILVAB,2025-08-22,109641,1,4,0,217.0
10109728SILVAB_2025-08-22_G08,10109728SILVAB,2025-08-22,160051,1,4,0,137.0
10109728SILVAB_2025-08-22_G09,10109728SILVAB,2025-08-22,111569,1,2,0,1060.0
10109728SILVAB_2025-08-22_G10,10109728SILVAB,2025-08-22,110747,1,6,0,187.0
10109728SILVAB_2025-08-22_G11,10109728SILVAB,2025-08-22,118222,1,2,0,121.0
10109728SILVAB_2025-08-22_G12,10109728SILVAB,2025-08-22,111655,1,4,0,186.0
10109728SILVAB_2025-08-22_G13,10109728SILVAB,2025-08-22,107629,1,8,0,250.0
10109728SILVAB_2025-08-22_G14,10109728SILVAB,2025-08-22,110711,1,7,0,256.0
10109728SILVAB_2025-08-22_G15,10109728SILVAB,2025-08-22,111879,1,1,0,92.0
10109728SILVAB_2025-08-22_G16,10109728SILVAB,2025-08-22,111602,1,3,0,71.0
10109728SILVAB_2025-08-22_G17,10109728SILVAB,2025-08-22,110339,1,8,0,162.0
10109728SILVAB_2025-08-22_G18,10109728SILVAB,2025-08-22,110515,1,10,0,192.0
10109728SILVAB_2025-08-22_G19,10109728SILVAB,2025-08-22,110743,1,2,0,161.0
10109728SILVAB_2025-08-22_G20,10109728SILVAB,2025-08-22,108795,1,2,0,64.0
10109728SILVAB_2025-08-22_G21,10109728SILVAB,2025-08-22,117833,1,12,0,794.0
10109728SILVAB_2025-08-22_G22,10109728SILVAB,2025-08-22,117821,1,2,0,161.0
10109728SILVAB_2025-08-22_G23,10109728SILVAB,2025-08-22,111466,1,8,0,149.0
10109728SILVAB_2025-08-22_G24,10109728SILVAB,2025-08-22,111532,1,3,0,197.0
10109728SILVAB_2025-08-22_G25,10109728SILVAB,2025-08-22,109645,1,2,0,96.0
10109728SILVAB_2025-08-22_G26,10109728SILVAB,2025-08-22,110745,1,8,0,176.0
10109728SILVAB_2025-08-22_G27,10109728SILVAB,2025-08-22,107236,1,1,0,39.0
10109728SILVAB_2025-08-22_G28,10109728SILVAB,2025-08-22,108794,1,2,0,76.0
10109728SILVAB_2025-08-22_G30,10109728SILVAB,2025-08-22,141261,1,24,0,226.0
10109728SILVAB_2025-08-22_G31,10109728SILVAB,2025-08-22,141262,1,24,0,190.0
10109728SILVAB_2025-08-22_G32,10109728SILVAB,2025-08-22,111722,1,30,0,482.0
10109728SILVAB_2025-08-22_G33,10109728SILVAB,2025-08-22,111742,1,16,0,563.0
10109728SILVAB_2025-08-22_G34,10109728SILVAB,2025-08-22,111462,1,2,0,832.0
10109728SILVAB_2025-08-22_G35,10109728SILVAB,2025-08-22,111462,2,40,8,398.0
10109728SILVAB_2025-08-22_G36,10109728SILVAB,2025-08-22,118191,1,100,0,429.0
10109728SILVAB_2025-08-22_G37,10109728SILVAB,2025-08-22,118222,1,3,0,80.0
10109728SILVAB_2025-08-22_G38,10109728SILVAB,2025-08-22,111655,1,4,0,183.0
10109728SILVAB_2025-08-22_G39,10109728SILVAB,2025-08-22,111438,1,8,0,148.0
10109728SILVAB_2025-08-22_G40,10109728SILVAB,2025-08-22,117862,1,8,0,313.0
10109728SILVAB_2025-08-22_G41,10109728SILVAB,2025-08-22,117861,1,2,0,135.0
10109728SILVAB_2025-08-22_G42,10109728SILVAB,2025-08-22,109643,1,20,0,385.0
10109728SILVAB_2025-08-22_G43,10109728SILVAB,2025-08-22,110374,1,4,0,1678.0
10109728SILVAB_2025-08-22_G44,10109728SILVAB,2025-08-22,117820,1,21,0,444.0
10109728SILVAB_2025-08-22_G45,10109728SILVAB,2025-08-22,110372,1,6,0,81.0
10109728SILVAB_2025-08-22_G46,10109728SILVAB,2025-08-22,118299,1,22,0,304.0
10109728SILVAB_2025-08-22_G47,10109728SILVAB,2025-08-22,117833,1,4,0,587.0
10109728SILVAB_2025-08-22_G48,10109728SILVAB,2025-08-22,111743,1,4,0,99.0
10109728SILVAB_2025-08-22_G49,10109728SILVAB,2025-08-22,117821,1,4,0,78.0
10109728SILVAB_2025-08-23_G02,10109728SILVAB,2025-08-23,117787,1,4,0,141.0
10109728SILVAB_2025-08-23_G03,10109728SILVAB,2025-08-23,111532,1,8,0,301.0
10109728SILVAB_2025-08-23_G04,10109728SILVAB,2025-08-23,141823,1,4,0,51.0
10109728SILVAB_2025-08-23_G05,10109728SILVAB,2025-08-23,141456,1,8,0,154.0
10109728SILVAB_2025-08-23_G06,10109728SILVAB,2025-08-23,111468,1,4,0,52.0
10109728SILVAB_2025-08-23_G07,10109728SILVAB,2025-08-23,109645,1,4,0,56.0
10109728SILVAB_2025-08-23_G08,10109728SILVAB,2025-08-23,118140,1,4,0,65.0
10109728SILVAB_2025-08-23_G09,10109728SILVAB,2025-08-23,111418,1,8,0,119.0
10109728SILVAB_2025-08-23_G10,10109728SILVAB,2025-08-23,118223,1,4,0,126.0
10109728SILVAB_2025-08-23_G11,10109728SILVAB,2025-08-23,111466,1,8,0,83.0
10109728SILVAB_2025-08-23_G12,10109728SILVAB,2025-08-23,110787,1,4,0,216.0
10109728SILVAB_2025-08-23_G13,10109728SILVAB,2025-08-23,117831,1,4,0,83.0
10109728SILVAB_2025-08-23_G14,10109728SILVAB,2025-08-23,110745,1,4,0,86.0
10109728SILVAB_2025-08-23_G15,10109728SILVAB,2025-08-23,109641,2,4,25,40.0
10109728SILVAB_2025-08-23_G16,10109728SILVAB,2025-08-23,111462,1,4,0,66.0
10109728SILVAB_2025-08-23_G17,10109728SILVAB,2025-08-23,108794,1,4,0,64.0
10109728SILVAB_2025-08-23_G18,10109728SILVAB,2025-08-23,111442,1,4,0,97.0
10109728SILVAB_2025-08-23_G19,10109728SILVAB,2025-08-23,110740,1,4,0,153.0
10109728SILVAB_2025-08-23_G20,10109728SILVAB,2025-08-23,141457,1,12,0,1025.0
10109728SILVAB_2025-08-23_G21,10109728SILVAB,2025-08-23,109649,1,1,0,670.0
10109728SILVAB_2025-08-23_G22,10109728SILVAB,2025-08-23,118403,1,2,0,377.0
10109728SILVAB_2025-08-23_G23,10109728SILVAB,2025-08-23,110515,1,400,0,1592.0
10109728SILVAB_2025-08-23_G24,10109728SILVAB,2025-08-23,110741,1,10,0,224.0
10109728SILVAB_2025-08-23_G25,10109728SILVAB,2025-08-23,101217,1,10,0,203.0
10109728SILVAB_2025-08-23_G26,10109728SILVAB,2025-08-23,108711,1,80,0,557.0
10109728SILVAB_2025-08-23_G27,10109728SILVAB,2025-08-23,111463,1,200,0,817.0
10109728SILVAB_2025-08-23_G28,10109728SILVAB,2025-08-23,105705,1,20,0,591.0
10109728SILVAB_2025-08-23_G29,10109728SILVAB,2025-08-23,110743,1,50,0,446.0
10109728SILVAB_2025-08-23_G30,10109728SILVAB,2025-08-23,111742,1,300,0,1616.0
10109728SILVAB_2025-08-24_G02,10109728SILVAB,2025-08-24,110895,1,12,0,398.0
10109728SILVAB_2025-08-24_G03,10109728SILVAB,2025-08-24,111569,1,2,0,97.0
10109728SILVAB_2025-08-24_G04,10109728SILVAB,2025-08-24,108770,1,5,0,590.0
10109728SILVAB_2025-08-24_G05,10109728SILVAB,2025-08-24,118306,1,2,0,595.0
10109728SILVAB_2025-08-24_G06,10109728SILVAB,2025-08-24,141066,1,10,0,1333.0
10109728SILVAB_2025-08-24_G07,10109728SILVAB,2025-08-24,117788,1,4,0,60.0
10109728SILVAB_2025-08-24_G08,10109728SILVAB,2025-08-24,117862,1,10,0,75.0
10109728SILVAB_2025-08-24_G09,10109728SILVAB,2025-08-24,111876,1,1,0,91.0
10109728SILVAB_2025-08-24_G10,10109728SILVAB,2025-08-24,110711,2,6,25,135.0
10109728SILVAB_2025-08-24_G11,10109728SILVAB,2025-08-24,110711,1,18,0,220.0
10109728SILVAB_2025-08-24_G12,10109728SILVAB,2025-08-24,117856,1,30,0,777.0
10109728SILVAB_2025-08-24_G13,10109728SILVAB,2025-08-24,110733,1,20,0,376.0
10109728SILVAB_2025-08-24_G14,10109728SILVAB,2025-08-24,141047,1,10,0,260.0
10109728SILVAB_2025-08-24_G15,10109728SILVAB,2025-08-24,111602,2,22,8,220.0
10109728SILVAB_2025-08-24_G16,10109728SILVAB,2025-08-24,110339,1,12,0,301.0
10109728SILVAB_2025-08-24_G17,10109728SILVAB,2025-08-24,110515,1,30,0,359.0
10109728SILVAB_2025-08-24_G18,10109728SILVAB,2025-08-24,110313,2,5,24,657.0
10109728SILVAB_2025-08-25_G02,10109728SILVAB,2025-08-25,111530,1,2,0,209.0
10109728SILVAB_2025-08-25_G03,10109728SILVAB,2025-08-25,117786,1,2,0,84.0
10109728SILVAB_2025-08-25_G04,10109728SILVAB,2025-08-25,111469,2,4,23,265.0
10109728SILVAB_2025-08-25_G05,10109728SILVAB,2025-08-25,111463,1,2,0,171.0
10109728SILVAB_2025-08-25_G06,10109728SILVAB,2025-08-25,140922,1,2,0,105.0
10109728SILVAB_2025-08-25_G07,10109728SILVAB,2025-08-25,111418,1,2,0,72.0
10109728SILVAB_2025-08-25_G08,10109728SILVAB,2025-08-25,118140,1,2,0,61.0
10109728SILVAB_2025-08-25_G09,10109728SILVAB,2025-08-25,111466,1,9,0,115.0
10109728SILVAB_2025-08-25_G10,10109728SILVAB,2025-08-25,110787,1,2,0,144.0
10109728SILVAB_2025-08-25_G11,10109728SILVAB,2025-08-25,111462,1,4,0,169.0
10109728SILVAB_2025-08-25_G12,10109728SILVAB,2025-08-25,111462,1,6,0,83.0
10109728SILVAB_2025-08-25_G13,10109728SILVAB,2025-08-25,108794,1,4,0,84.0
10109728SILVAB_2025-08-25_G14,10109728SILVAB,2025-08-25,141458,1,2,0,129.0
10109728SILVAB_2025-08-25_G15,10109728SILVAB,2025-08-25,109643,1,2,0,187.0
10109728SILVAB_2025-08-25_G16,10109728SILVAB,2025-08-25,117820,1,2,0,73.0
10109728SILVAB_2025-08-25_G17,10109728SILVAB,2025-08-25,110373,1,2,0,107.0
10109728SILVAB_2025-08-25_G18,10109728SILVAB,2025-08-25,110372,1,5,0,139.0
10109728SILVAB_2025-08-25_G19,10109728SILVAB,2025-08-25,118299,1,3,0,109.0
10109728SILVAB_2025-08-25_G20,10109728SILVAB,2025-08-25,141202,1,4,0,92.0
10109728SILVAB_2025-08-25_G21,10109728SILVAB,2025-08-25,110371,1,2,0,68.0
10109728SILVAB_2025-08-25_G22,10109728SILVAB,2025-08-25,111530,1,6,0,290.0
10109728SILVAB_2025-08-25_G23,10109728SILVAB,2025-08-25,117821,1,2,0,511.0
10109728SILVAB_2025-08-25_G24,10109728SILVAB,2025-08-25,141456,1,2,0,90.0
10109728SILVAB_2025-08-25_G25,10109728SILVAB,2025-08-25,141457,1,1,0,62.0
10109728SILVAB_2025-08-25_G26,10109728SILVAB,2025-08-25,111466,1,1,0,83.0
10109728SILVAB_2025-08-25_G27,10109728SILVAB,2025-08-25,111466,2,3,12,45.0
10109728SILVAB_2025-08-25_G28,10109728SILVAB,2025-08-25,110787,1,2,0,95.0
10109728SILVAB_2025-08-25_G29,10109728SILVAB,2025-08-25,111462,1,2,0,65.0
10109728SILVAB_2025-08-25_G30,10109728SILVAB,2025-08-25,111330,1,2,0,87.0
10109728SILVAB_2025-08-25_G31,10109728SILVAB,2025-08-25,111465,1,4,0,150.0
10109728SILVAB_2025-08-25_G32,10109728SILVAB,2025-08-25,110374,1,4,0,755.0
10109728SILVAB_2025-08-25_G33,10109728SILVAB,2025-08-25,117820,1,2,0,116.0
10109728SILVAB_2025-08-25_G34,10109728SILVAB,2025-08-25,117808,1,4,0,70.0
10109728SILVAB_2025-08-25_G35,10109728SILVAB,2025-08-25,110373,1,4,0,157.0
10109728SILVAB_2025-08-25_G36,10109728SILVAB,2025-08-25,118299,1,19,0,402.0
10109728SILVAB_2025-08-25_G37,10109728SILVAB,2025-08-25,111530,1,4,0,955.0
10109728SILVAB_2025-08-25_G38,10109728SILVAB,2025-08-25,118290,1,2,0,3016.0
10109728SILVAB_2025-08-25_G39,10109728SILVAB,2025-08-25,118290,1,2,0,39.0
10109728SILVAB_2025-08-25_G40,10109728SILVAB,2025-08-25,111441,1,12,0,177.0
10109728SILVAB_2025-08-25_G41,10109728SILVAB,2025-08-25,111466,1,24,0,315.0
10109728SILVAB_2025-08-25_G42,10109728SILVAB,2025-08-25,118290,1,10,0,376.0
10109728SILVAB_2025-08-25_G43,10109728SILVAB,2025-08-25,110711,1,16,0,466.0
10109728SILVAB_2025-08-25_G45,10109728SILVAB,2025-08-25,117787,1,8,0,104.0
10109728SILVAB_2025-08-25_G46,10109728SILVAB,2025-08-25,117787,1,2,0,35.0
10109728SILVAB_2025-08-25_G47,10109728SILVAB,2025-08-25,105705,1,8,0,122.0
10109728SILVAB_2025-08-25_G48,10109728SILVAB,2025-08-25,111418,1,20,0,216.0
10109728SILVAB_2025-08-25_G49,10109728SILVAB,2025-08-25,107236,1,12,0,272.0
10109728SILVAB_2025-08-25_G50,10109728SILVAB,2025-08-25,111462,1,40,0,374.0
10109728SILVAB_2025-08-25_G51,10109728SILVAB,2025-08-25,111330,1,8,0,177.0
10109728SILVAB_2025-08-25_G52,10109728SILVAB,2025-08-25,111172,1,12,0,108.0
10109728SILVAB_2025-08-25_G53,10109728SILVAB,2025-08-25,110740,1,10,0,272.0
10109728SILVAB_2025-08-25_G54,10109728SILVAB,2025-08-25,111465,1,10,0,93.0
10109728SILVAB_2025-08-25_G55,10109728SILVAB,2025-08-25,111463,1,40,0,1152.0
10109728SILVAB_2025-08-25_G56,10109728SILVAB,2025-08-25,141457,1,40,0,512.0
10109728SILVAB_2025-08-25_G57,10109728SILVAB,2025-08-25,117831,1,40,0,772.0
10109728SILVAB_2025-08-25_G58,10109728SILVAB,2025-08-25,118140,1,50,0,574.0
10109728SILVAB_2025-08-25_G59,10109728SILVAB,2025-08-25,117788,1,3,0,115.0
10109728SILVAB_2025-08-25_G60,10109728SILVAB,2025-08-25,117855,1,15,0,122.0
10109728SILVAB_2025-08-25_G61,10109728SILVAB,2025-08-25,117856,1,4,0,223.0
10109728SILVAB_2025-08-25_G62,10109728SILVAB,2025-08-25,110741,1,12,0,150.0
10109728SILVAB_2025-08-25_G63,10109728SILVAB,2025-08-25,111467,1,12,0,217.0
10109728SILVAB_2025-08-26_G02,10109728SILVAB,2025-08-26,110711,1,8,0,1276.0
10109728SILVAB_2025-08-26_G03,10109728SILVAB,2025-08-26,110515,1,4,0,180.0
10109728SILVAB_2025-08-26_G04,10109728SILVAB,2025-08-26,111441,1,3,0,139.0
10109728SILVAB_2025-08-26_G05,10109728SILVAB,2025-08-26,111441,1,8,0,206.0
10109728SILVAB_2025-08-26_G06,10109728SILVAB,2025-08-26,111441,1,5,0,848.0
10109728SILVAB_2025-08-26_G07,10109728SILVAB,2025-08-26,108795,1,2,0,70.0
10109728SILVAB_2025-08-26_G08,10109728SILVAB,2025-08-26,110743,1,4,0,61.0
10109728SILVAB_2025-08-26_G09,10109728SILVAB,2025-08-26,111743,1,1,0,58.0
10109728SILVAB_2025-08-26_G10,10109728SILVAB,2025-08-26,140922,1,2,0,66.0
10109728SILVAB_2025-08-26_G11,10109728SILVAB,2025-08-26,111532,1,1,0,57.0
10109728SILVAB_2025-08-26_G12,10109728SILVAB,2025-08-26,118317,1,4,0,128.0
10109728SILVAB_2025-08-26_G13,10109728SILVAB,2025-08-26,108794,1,1,0,42.0
10109728SILVAB_2025-08-26_G14,10109728SILVAB,2025-08-26,111418,1,4,0,82.0
10109728SILVAB_2025-08-26_G15,10109728SILVAB,2025-08-26,118140,1,3,0,60.0
10109728SILVAB_2025-08-26_G16,10109728SILVAB,2025-08-26,110787,1,3,0,68.0
10109728SILVAB_2025-08-26_G17,10109728SILVAB,2025-08-26,111433,1,4,0,104.0
10109728SILVAB_2025-08-26_G18,10109728SILVAB,2025-08-26,110740,1,3,0,119.0
10109728SILVAB_2025-08-26_G19,10109728SILVAB,2025-08-26,105705,1,20,0,1101.0
10109728SILVAB_2025-08-26_G20,10109728SILVAB,2025-08-26,118140,1,2,0,54.0
10109728SILVAB_2025-08-26_G21,10109728SILVAB,2025-08-26,111602,1,4,0,134.0
10109728SILVAB_2025-08-26_G22,10109728SILVAB,2025-08-26,118094,1,9,0,1239.0
10109728SILVAB_2025-08-26_G23,10109728SILVAB,2025-08-26,111462,1,2,0,164.0
10109728SILVAB_2025-08-26_G24,10109728SILVAB,2025-08-26,118418,1,8,0,255.0
10109728SILVAB_2025-08-26_G25,10109728SILVAB,2025-08-26,111530,1,2,0,356.0
10109728SILVAB_2025-08-26_G26,10109728SILVAB,2025-08-26,117785,1,2,0,119.0
10109728SILVAB_2025-08-26_G27,10109728SILVAB,2025-08-26,111463,1,2,0,82.0
10109728SILVAB_2025-08-26_G28,10109728SILVAB,2025-08-26,111418,1,2,0,340.0
10109728SILVAB_2025-08-26_G29,10109728SILVAB,2025-08-26,111466,1,4,0,130.0
10109728SILVAB_2025-08-26_G30,10109728SILVAB,2025-08-26,117808,1,8,0,183.0
10109728SILVAB_2025-08-26_G31,10109728SILVAB,2025-08-26,110372,1,10,0,202.0
10109728SILVAB_2025-08-26_G32,10109728SILVAB,2025-08-26,118299,1,18,0,225.0
10109728SILVAB_2025-08-26_G33,10109728SILVAB,2025-08-26,111602,1,8,0,855.0
10109728SILVAB_2025-08-26_G34,10109728SILVAB,2025-08-26,111530,1,4,0,92.0
10109728SILVAB_2025-08-26_G35,10109728SILVAB,2025-08-26,117808,1,12,0,190.0
10109728SILVAB_2025-08-26_G36,10109728SILVAB,2025-08-26,110376,1,8,0,167.0
10109728SILVAB_2025-08-26_G37,10109728SILVAB,2025-08-26,118299,1,12,0,242.0
10109728SILVAB_2025-08-26_G38,10109728SILVAB,2025-08-26,118289,1,4,0,163.0
10109728SILVAB_2025-08-26_G39,10109728SILVAB,2025-08-26,118290,1,4,0,268.0
10109728SILVAB_2025-08-26_G40,10109728SILVAB,2025-08-26,140911,2,2,6,264.0
10109728SILVAB_2025-08-27_G02,10109728SILVAB,2025-08-27,108410,1,2,0,368.0
10109728SILVAB_2025-08-27_G03,10109728SILVAB,2025-08-27,110500,1,2,0,326.0
10109728SILVAB_2025-08-27_G04,10109728SILVAB,2025-08-27,111851,2,8,26,87.0
10109728SILVAB_2025-08-27_G05,10109728SILVAB,2025-08-27,110416,1,4,0,217.0
10109728SILVAB_2025-08-27_G06,10109728SILVAB,2025-08-27,108759,1,4,0,173.0
10109728SILVAB_2025-08-27_G07,10109728SILVAB,2025-08-27,108759,1,8,0,85.0
10109728SILVAB_2025-08-27_G08,10109728SILVAB,2025-08-27,110755,1,5,0,89.0
10109728SILVAB_2025-08-27_G09,10109728SILVAB,2025-08-27,110755,1,9,0,251.0
10109728SILVAB_2025-08-27_G10,10109728SILVAB,2025-08-27,107254,1,2,0,101.0
10109728SILVAB_2025-08-27_G11,10109728SILVAB,2025-08-27,110534,2,4,30,118.0
10109728SILVAB_2025-08-27_G12,10109728SILVAB,2025-08-27,111569,1,4,0,97.0
10109728SILVAB_2025-08-27_G13,10109728SILVAB,2025-08-27,118280,1,10,0,149.0
10109728SILVAB_2025-08-27_G14,10109728SILVAB,2025-08-27,114102,1,12,0,127.0
10109728SILVAB_2025-08-27_G15,10109728SILVAB,2025-08-27,114102,1,12,0,129.0
10109728SILVAB_2025-08-27_G16,10109728SILVAB,2025-08-27,110579,1,2,0,278.0
10109728SILVAB_2025-08-27_G17,10109728SILVAB,2025-08-27,106865,1,2,0,47.0
10109728SILVAB_2025-08-27_G18,10109728SILVAB,2025-08-27,118198,1,4,0,1016.0
10109728SILVAB_2025-08-27_G19,10109728SILVAB,2025-08-27,110747,1,4,0,105.0
10109728SILVAB_2025-08-27_G20,10109728SILVAB,2025-08-27,111438,1,4,0,61.0
10109728SILVAB_2025-08-27_G21,10109728SILVAB,2025-08-27,111438,1,4,0,55.0
10109728SILVAB_2025-08-27_G22,10109728SILVAB,2025-08-27,110310,1,2,0,244.0
10109728SILVAB_2025-08-27_G23,10109728SILVAB,2025-08-27,110578,1,7,0,205.0
10109728SILVAB_2025-08-27_G24,10109728SILVAB,2025-08-27,118222,1,36,0,1000.0
10109728SILVAB_2025-08-27_G25,10109728SILVAB,2025-08-27,110582,2,21,8,765.0
10109728SILVAB_2025-08-27_G26,10109728SILVAB,2025-08-27,110756,1,56,0,1397.0
10109728SILVAB_2025-08-27_G27,10109728SILVAB,2025-08-27,111469,1,60,0,1092.0
10109728SILVAB_2025-08-27_G28,10109728SILVAB,2025-08-27,110740,1,8,0,125.0
10109728SILVAB_2025-08-27_G29,10109728SILVAB,2025-08-27,111446,1,30,0,685.0
10109728SILVAB_2025-08-27_G30,10109728SILVAB,2025-08-27,117935,1,4,0,1275.0
10109728SILVAB_2025-08-27_G31,10109728SILVAB,2025-08-27,111418,1,4,0,150.0
10109728SILVAB_2025-08-27_G32,10109728SILVAB,2025-08-27,107236,1,2,0,141.0
10109728SILVAB_2025-08-27_G33,10109728SILVAB,2025-08-27,117935,1,6,0,113.0
10109728SILVAB_2025-08-27_G34,10109728SILVAB,2025-08-27,109640,1,4,0,218.0
10109728SILVAB_2025-08-27_G35,10109728SILVAB,2025-08-27,118299,1,8,0,315.0
10109728SILVAB_2025-08-27_G36,10109728SILVAB,2025-08-27,117808,1,14,0,108.0
10109728SILVAB_2025-08-27_G37,10109728SILVAB,2025-08-27,111465,1,1,0,69.0
10109728SILVAB_2025-08-28_G02,10109728SILVAB,2025-08-28,111466,1,74,0,939.0
10109728SILVAB_2025-08-28_G03,10109728SILVAB,2025-08-28,117831,1,55,0,432.0
10109728SILVAB_2025-08-28_G04,10109728SILVAB,2025-08-28,117785,1,89,0,339.0
10109728SILVAB_2025-08-28_G05,10109728SILVAB,2025-08-28,110787,1,89,0,113.0
10109728SILVAB_2025-08-28_G06,10109728SILVAB,2025-08-28,141457,1,52,0,390.0
10109728SILVAB_2025-08-28_G07,10109728SILVAB,2025-08-28,111469,1,63,0,674.0
10109728SILVAB_2025-08-28_G08,10109728SILVAB,2025-08-28,118299,1,100,0,1635.0
10109728SILVAB_2025-08-28_G09,10109728SILVAB,2025-08-28,117808,1,520,0,689.0
10109728SILVAB_2025-08-28_G10,10109728SILVAB,2025-08-28,117808,1,147,0,1666.0
10109728SILVAB_2025-08-28_G11,10109728SILVAB,2025-08-28,110129,1,15,0,771.0
10109728SILVAB_2025-08-28_G12,10109728SILVAB,2025-08-28,117838,1,4,0,126.0
10109728SILVAB_2025-08-28_G13,10109728SILVAB,2025-08-28,108795,1,10,0,108.0
10109728SILVAB_2025-08-28_G14,10109728SILVAB,2025-08-28,110743,1,4,0,63.0
10109728SILVAB_2025-08-28_G15,10109728SILVAB,2025-08-28,110751,1,10,0,115.0
10109728SILVAB_2025-08-28_G16,10109728SILVAB,2025-08-28,140922,1,10,0,117.0
10109728SILVAB_2025-08-28_G17,10109728SILVAB,2025-08-28,117785,1,10,0,302.0
10109728SILVAB_2025-08-29_G02,10109728SILVAB,2025-08-29,111532,1,14,0,142.0
10109728SILVAB_2025-08-29_G03,10109728SILVAB,2025-08-29,141823,1,2,0,46.0
10109728SILVAB_2025-08-29_G04,10109728SILVAB,2025-08-29,111418,1,17,0,168.0
10109728SILVAB_2025-08-29_G05,10109728SILVAB,2025-08-29,110748,1,5,0,65.0
10109728SILVAB_2025-08-29_G06,10109728SILVAB,2025-08-29,118140,1,7,0,173.0
10109728SILVAB_2025-08-29_G07,10109728SILVAB,2025-08-29,111466,1,30,0,259.0
10109728SILVAB_2025-08-29_G08,10109728SILVAB,2025-08-29,117831,1,10,0,108.0
10109728SILVAB_2025-08-29_G09,10109728SILVAB,2025-08-29,117831,1,17,0,72.0
10109728SILVAB_2025-08-29_G10,10109728SILVAB,2025-08-29,117329,1,10,0,158.0
10109728SILVAB_2025-08-29_G11,10109728SILVAB,2025-08-29,110740,1,10,0,178.0
10109728SILVAB_2025-08-29_G12,10109728SILVAB,2025-08-29,110711,1,12,0,2944.0
10109728SILVAB_2025-08-29_G13,10109728SILVAB,2025-08-29,111530,1,5,0,231.0
10109728SILVAB_2025-08-29_G14,10109728SILVAB,2025-08-29,111467,1,6,0,160.0
10109728SILVAB_2025-08-29_G15,10109728SILVAB,2025-08-29,110755,1,2,0,213.0
10109728SILVAB_2025-08-29_G16,10109728SILVAB,2025-08-29,110747,1,8,0,795.0
10109728SILVAB_2025-08-29_G17,10109728SILVAB,2025-08-29,110787,1,8,0,249.0
10109728SILVAB_2025-08-29_G18,10109728SILVAB,2025-08-29,118140,1,8,0,295.0
10109728SILVAB_2025-08-29_G19,10109728SILVAB,2025-08-29,110373,1,8,0,112.0
10109728SILVAB_2025-08-29_G20,10109728SILVAB,2025-08-29,110374,1,4,0,107.0
10109728SILVAB_2025-08-29_G21,10109728SILVAB,2025-08-29,117820,1,4,0,90.0
10109728SILVAB_2025-08-29_G22,10109728SILVAB,2025-08-29,118299,1,5,0,136.0
10109728SILVAB_2025-08-29_G23,10109728SILVAB,2025-08-29,110374,1,8,0,308.0
10109728SILVAB_2025-08-29_G24,10109728SILVAB,2025-08-29,111463,1,4,0,71.0
10109728SILVAB_2025-08-29_G25,10109728SILVAB,2025-08-29,117821,1,4,0,119.0
10109728SILVAB_2025-08-29_G26,10109728SILVAB,2025-08-29,118140,1,4,0,115.0
10109728SILVAB_2025-08-29_G27,10109728SILVAB,2025-08-29,111469,1,8,0,79.0
10109728SILVAB_2025-08-29_G28,10109728SILVAB,2025-08-29,111469,1,4,0,56.0
10109728SILVAB_2025-08-29_G29,10109728SILVAB,2025-08-29,111469,1,4,0,427.0
10109728SILVAB_2025-08-29_G30,10109728SILVAB,2025-08-29,111466,1,8,0,75.0
10109728SILVAB_2025-08-29_G31,10109728SILVAB,2025-08-29,111348,1,4,0,95.0
10109728SILVAB_2025-08-29_G32,10109728SILVAB,2025-08-29,111465,1,8,0,133.0
10109728SILVAB_2025-08-29_G33,10109728SILVAB,2025-08-29,111465,1,4,0,42.0
10109728SILVAB_2025-08-29_G35,10109728SILVAB,2025-08-29,141352,1,4,0,300.0
10109728SILVAB_2025-08-29_G36,10109728SILVAB,2025-08-29,109640,1,2,0,921.0
10109728SILVAB_2025-08-29_G37,10109728SILVAB,2025-08-29,111753,1,6,0,2397.0
10109728SILVAB_2025-08-29_G38,10109728SILVAB,2025-08-29,111723,1,2,0,1115.0
10109728SILVAB_2025-08-29_G39,10109728SILVAB,2025-08-29,111723,1,4,0,51.0
10109728SILVAB_2025-08-29_G40,10109728SILVAB,2025-08-29,111759,1,8,0,2562.0
10109728SILVAB_2025-08-29_G41,10109728SILVAB,2025-08-29,111759,1,6,0,52.0
10109728SILVAB_2025-08-30_G02,10109728SILVAB,2025-08-30,111754,1,4,0,43.0
10109728SILVAB_2025-09-12_G02,10109728SILVAB,2025-09-12,118140,1,5,0,126.0
10109728SILVAB_2025-09-12_G03,10109728SILVAB,2025-09-12,111330,1,4,0,78.0
10109728SILVAB_2025-09-12_G04,10109728SILVAB,2025-09-12,110748,1,4,0,273.0
10109728SILVAB_2025-09-12_G05,10109728SILVAB,2025-09-12,111466,1,5,0,37.0
10109728SILVAB_2025-09-12_G06,10109728SILVAB,2025-09-12,111462,1,5,0,120.0
10109728SILVAB_2025-09-12_G07,10109728SILVAB,2025-09-12,110374,1,4,0,157.0
10109728SILVAB_2025-09-12_G08,10109728SILVAB,2025-09-12,117808,1,16,0,203.0
10109728SILVAB_2025-09-12_G09,10109728SILVAB,2025-09-12,110787,1,14,0,391.0
10109728SILVAB_2025-09-12_G10,10109728SILVAB,2025-09-12,110515,1,17,0,2085.0
10109728SILVAB_2025-09-12_G11,10109728SILVAB,2025-09-12,110743,1,2,0,93.0
10109728SILVAB_2025-09-12_G12,10109728SILVAB,2025-09-12,118317,1,12,0,172.0
10109728SILVAB_2025-09-12_G13,10109728SILVAB,2025-09-12,110748,1,2,0,114.0
10109728SILVAB_2025-09-12_G14,10109728SILVAB,2025-09-12,110745,1,4,0,110.0
10109728SILVAB_2025-09-12_G15,10109728SILVAB,2025-09-12,111442,1,4,0,94.0
10109728SILVAB_2025-09-12_G16,10109728SILVAB,2025-09-12,140922,1,4,0,61.0
10109728SILVAB_2025-09-28_G02,10109728SILVAB,2025-09-28,140911,1,1,0,184.0
10109728SILVAB_2025-09-28_G03,10109728SILVAB,2025-09-28,117820,1,4,0,102.0
10109728SILVAB_2025-09-28_G04,10109728SILVAB,2025-09-28,111418,1,1,0,142.0
10109728SILVAB_2025-09-28_G05,10109728SILVAB,2025-09-28,141456,1,12,0,225.0
10109728SILVAB_2025-09-28_G06,10109728SILVAB,2025-09-28,141457,1,12,0,142.0
10109728SILVAB_2025-09-28_G07,10109728SILVAB,2025-09-28,117808,1,6,0,149.0
10109728SILVAB_2025-09-28_G08,10109728SILVAB,2025-09-28,110373,1,3,0,93.0
10109728SILVAB_2025-09-28_G09,10109728SILVAB,2025-09-28,117820,1,3,0,86.0
10109728SILVAB_2025-09-28_G10,10109728SILVAB,2025-09-28,"110372, 110373",2,12,19,303.0
10109728SILVAB_2025-09-28_G11,10109728SILVAB,2025-09-28,117820,1,2,0,84.0
10109728SILVAB_2025-09-29_G02,10109728SILVAB,2025-09-29,141458,1,20,0,309.0
10109728SILVAB_2025-09-29_G03,10109728SILVAB,2025-09-29,111182,1,4,0,322.0
10109728SILVAB_2025-09-29_G04,10109728SILVAB,2025-09-29,118222,1,4,0,299.0
10109728SILVAB_2025-09-29_G05,10109728SILVAB,2025-09-29,111530,1,3,0,174.0
10109728SILVAB_2025-09-29_G06,10109728SILVAB,2025-09-29,111530,1,3,0,44.0
10109728SILVAB_2025-09-29_G07,10109728SILVAB,2025-09-29,140923,1,2,0,96.0
10109728SILVAB_2025-09-29_G08,10109728SILVAB,2025-09-29,111602,1,3,0,145.0
10109728SILVAB_2025-09-29_G09,10109728SILVAB,2025-09-29,111182,1,2,0,192.0
10109728SILVAB_2025-09-29_G10,10109728SILVAB,2025-09-29,141458,1,16,0,755.0
10109728SILVAB_2025-09-29_G11,10109728SILVAB,2025-09-29,108772,1,5,0,500.0
10109728SILVAB_2025-09-29_G12,10109728SILVAB,2025-09-29,111739,1,2,0,1500.0
10109728SILVAB_2025-09-29_G13,10109728SILVAB,2025-09-29,111739,1,8,0,76.0
10109728SILVAB_2025-10-08_G02,10109728SILVAB,2025-10-08,117835,1,21,0,372.0
10109728SILVAB_2025-10-08_G03,10109728SILVAB,2025-10-08,117935,1,13,0,372.0
10109728SILVAB_2025-10-08_G04,10109728SILVAB,2025-10-08,110580,1,4,0,940.0
10109728SILVAB_2025-10-08_G05,10109728SILVAB,2025-10-08,118289,1,4,0,139.0
10109728SILVAB_2025-10-08_G06,10109728SILVAB,2025-10-08,110339,1,4,0,185.0
10109728SILVAB_2025-10-08_G07,10109728SILVAB,2025-10-08,110339,1,31,0,419.0
10109728SILVAB_2025-10-08_G08,10109728SILVAB,2025-10-08,110745,1,20,0,474.0
10109728SILVAB_2025-10-08_G09,10109728SILVAB,2025-10-08,107236,1,20,0,136.0
10109728SILVAB_2025-10-08_G10,10109728SILVAB,2025-10-08,141202,1,18,0,238.0
10109728SILVAB_2025-10-08_G11,10109728SILVAB,2025-10-08,107830,1,40,0,495.0
10109728SILVAB_2025-10-09_G02,10109728SILVAB,2025-10-09,117855,1,4,0,43.0
10109728SILVAB_2025-10-09_G03,10109728SILVAB,2025-10-09,117855,1,4,0,55.0
10109728SILVAB_2025-10-09_G04,10109728SILVAB,2025-10-09,117856,1,8,0,125.0
10109728SILVAB_2025-10-09_G05,10109728SILVAB,2025-10-09,110733,1,1,0,65.0
10109728SILVAB_2025-10-09_G06,10109728SILVAB,2025-10-09,117786,1,3,0,232.0
10109728SILVAB_2025-10-09_G07,10109728SILVAB,2025-10-09,118094,1,4,0,208.0
10109728SILVAB_2025-10-09_G08,10109728SILVAB,2025-10-09,141456,1,2,0,213.0
10109728SILVAB_2025-10-09_G09,10109728SILVAB,2025-10-09,108795,1,2,0,76.0
10109728SILVAB_2025-10-09_G10,10109728SILVAB,2025-10-09,111418,2,16,25,216.0
10109728SILVAB_2025-10-09_G11,10109728SILVAB,2025-10-09,108711,1,4,0,124.0
10109728SILVAB_2025-10-09_G12,10109728SILVAB,2025-10-09,111348,1,4,0,374.0
10109728SILVAB_2025-10-09_G13,10109728SILVAB,2025-10-09,108794,1,8,0,539.0
10109728SILVAB_2025-10-09_G14,10109728SILVAB,2025-10-09,111469,1,5,0,107.0
10109728SILVAB_2025-10-09_G15,10109728SILVAB,2025-10-09,117787,1,2,0,75.0
10109728SILVAB_2025-10-09_G16,10109728SILVAB,2025-10-09,141457,1,6,0,128.0
10109728SILVAB_2025-10-09_G17,10109728SILVAB,2025-10-09,141457,1,2,0,33.0
10109728SILVAB_2025-10-09_G18,10109728SILVAB,2025-10-09,140922,1,3,0,107.0
10109728SILVAB_2025-10-09_G19,10109728SILVAB,2025-10-09,111468,1,1,0,78.0
10109728SILVAB_2025-10-09_G20,10109728SILVAB,2025-10-09,109647,1,1,0,405.0
10109728SILVAB_2025-10-09_G21,10109728SILVAB,2025-10-09,110371,1,2,0,142.0
10109728SILVAB_2025-10-09_G22,10109728SILVAB,2025-10-09,110373,1,6,0,157.0
10109728SILVAB_2025-10-09_G23,10109728SILVAB,2025-10-09,117832,1,11,0,150.0
10109728SILVAB_2025-10-09_G24,10109728SILVAB,2025-10-09,110372,1,16,0,230.0
10109728SILVAB_2025-10-09_G25,10109728SILVAB,2025-10-09,117820,1,16,0,227.0
10109728SILVAB_2025-10-09_G26,10109728SILVAB,2025-10-09,117809,1,14,0,185.0
10109728SILVAB_2025-10-09_G27,10109728SILVAB,2025-10-09,118299,1,150,0,776.0
10109728SILVAB_2025-10-09_G28,10109728SILVAB,2025-10-09,117808,1,100,0,441.0
10109728SILVAB_2025-10-12_G02,10109728SILVAB,2025-10-12,111532,1,16,0,168.0
10109728SILVAB_2025-10-12_G03,10109728SILVAB,2025-10-12,111530,1,16,0,176.0
10109728SILVAB_2025-10-12_G04,10109728SILVAB,2025-10-12,111532,1,12,0,206.0
10109728SILVAB_2025-10-12_G05,10109728SILVAB,2025-10-12,111530,1,4,0,206.0
10109728SILVAB_2025-10-12_G06,10109728SILVAB,2025-10-12,111530,1,4,0,76.0
10109728SILVAB_2025-10-12_G07,10109728SILVAB,2025-10-12,118306,1,6,0,137.0
10109728SILVAB_2025-10-12_G08,10109728SILVAB,2025-10-12,111602,1,6,0,100.0
10109728SILVAB_2025-10-12_G09,10109728SILVAB,2025-10-12,141456,1,6,0,634.0
10109728SILVAB_2025-10-12_G10,10109728SILVAB,2025-10-12,105705,1,4,0,56.0
10109728SILVAB_2025-10-12_G11,10109728SILVAB,2025-10-12,111433,1,2,0,109.0
10109728SILVAB_2025-10-12_G12,10109728SILVAB,2025-10-12,111743,1,4,0,84.0
10109728SILVAB_2025-10-12_G13,10109728SILVAB,2025-10-12,111418,1,11,0,179.0
10109728SILVAB_2025-10-12_G14,10109728SILVAB,2025-10-12,116241,1,5,0,104.0
10109728SILVAB_2025-10-12_G15,10109728SILVAB,2025-10-12,111469,1,8,0,143.0
10109728SILVAB_2025-10-12_G16,10109728SILVAB,2025-10-12,140922,1,2,0,102.0
10109728SILVAB_2025-10-12_G17,10109728SILVAB,2025-10-12,118140,1,8,0,115.0
10109728SILVAB_2025-10-12_G18,10109728SILVAB,2025-10-12,141458,1,4,0,130.0
10109728SILVAB_2025-10-12_G19,10109728SILVAB,2025-10-12,110373,1,3,0,113.0
10109728SILVAB_2025-10-12_G20,10109728SILVAB,2025-10-12,107629,1,3,0,150.0
10109728SILVAB_2025-10-12_G21,10109728SILVAB,2025-10-12,111467,1,4,0,106.0
10109728SILVAB_2025-10-12_G22,10109728SILVAB,2025-10-12,111602,1,2,0,108.0
10109728SILVAB_2025-10-12_G23,10109728SILVAB,2025-10-12,118094,1,4,0,99.0
10109728SILVAB_2025-10-12_G24,10109728SILVAB,2025-10-12,111438,1,20,0,518.0
10109728SILVAB_2025-10-12_G25,10109728SILVAB,2025-10-12,110747,1,14,0,443.0
10109728SILVAB_2025-10-12_G26,10109728SILVAB,2025-10-12,111660,1,2,0,485.0
10109728SILVAB_2025-10-12_G27,10109728SILVAB,2025-10-12,118222,1,4,0,333.0
10109728SILVAB_2025-10-12_G28,10109728SILVAB,2025-10-12,105705,1,8,0,360.0
10109728SILVAB_2025-10-12_G29,10109728SILVAB,2025-10-12,111433,1,3,0,68.0
10109728SILVAB_2025-10-12_G30,10109728SILVAB,2025-10-12,111443,1,2,0,88.0
10109728SILVAB_2025-10-12_G31,10109728SILVAB,2025-10-12,110740,1,8,0,99.0
10109728SILVAB_2025-10-12_G32,10109728SILVAB,2025-10-12,111532,1,9,0,371.0
10109728SILVAB_2025-10-12_G33,10109728SILVAB,2025-10-12,111418,1,7,0,132.0
10109728SILVAB_2025-10-12_G34,10109728SILVAB,2025-10-12,111469,1,2,0,120.0
10109728SILVAB_2025-10-12_G35,10109728SILVAB,2025-10-12,111469,1,34,0,253.0
10109728SILVAB_2025-10-12_G36,10109728SILVAB,2025-10-12,111442,1,4,0,276.0
10109728SILVAB_2025-10-12_G37,10109728SILVAB,2025-10-12,140922,1,7,0,139.0
10109728SILVAB_2025-10-12_G38,10109728SILVAB,2025-10-12,117855,1,12,0,357.0
10109728SILVAB_2025-10-12_G39,10109728SILVAB,2025-10-12,117855,1,1,0,45.0
10109728SILVAB_2025-10-12_G40,10109728SILVAB,2025-10-12,111530,1,6,0,135.0
10109728SILVAB_2025-10-12_G41,10109728SILVAB,2025-10-12,110339,1,4,0,80.0
10109728SILVAB_2025-10-12_G42,10109728SILVAB,2025-10-12,111467,1,2,0,38.0
10109728SILVAB_2025-10-12_G43,10109728SILVAB,2025-10-12,117786,1,4,0,129.0
10109728SILVAB_2025-10-12_G44,10109728SILVAB,2025-10-12,111602,1,4,0,141.0
10109728SILVAB_2025-10-12_G45,10109728SILVAB,2025-10-12,107830,1,4,0,130.0
10109728SILVAB_2025-10-12_G46,10109728SILVAB,2025-10-12,110373,1,20,0,230.0
10109728SILVAB_2025-10-12_G47,10109728SILVAB,2025-10-12,117808,1,40,0,579.0
10109728SILVAB_2025-10-12_G48,10109728SILVAB,2025-10-12,117820,1,40,0,264.0
10109728SILVAB_2025-10-13_G02,10109728SILVAB,2025-10-13,110741,1,3,0,108.0
10109728SILVAB_2025-10-13_G03,10109728SILVAB,2025-10-13,108772,1,10,0,272.0
10109728SILVAB_2025-10-13_G04,10109728SILVAB,2025-10-13,110339,1,10,0,140.0
10109728SILVAB_2025-10-13_G05,10109728SILVAB,2025-10-13,111602,1,50,0,525.0
10109728SILVAB_2025-10-13_G06,10109728SILVAB,2025-10-13,110740,1,7,0,316.0
10109728SILVAB_2025-10-13_G07,10109728SILVAB,2025-10-13,117831,1,20,0,704.0
10109728SILVAB_2025-10-13_G08,10109728SILVAB,2025-10-13,118140,1,15,0,149.0
10109728SILVAB_2025-10-13_G09,10109728SILVAB,2025-10-13,107830,1,2,0,320.0
10109728SILVAB_2025-10-13_G10,10109728SILVAB,2025-10-13,117808,1,10,0,153.0
10109728SILVAB_2025-10-13_G11,10109728SILVAB,2025-10-13,118299,1,10,0,230.0
10109728SILVAB_2025-10-13_G12,10109728SILVAB,2025-10-13,117820,1,30,0,455.0
10109728SILVAB_2025-10-13_G13,10109728SILVAB,2025-10-13,117809,1,3,0,81.0
10109728SILVAB_2025-10-13_G14,10109728SILVAB,2025-10-13,110371,1,4,0,579.0
10109728SILVAB_2025-10-13_G15,10109728SILVAB,2025-10-13,117809,1,4,0,134.0
10109728SILVAB_2025-10-13_G16,10109728SILVAB,2025-10-13,118290,1,6,0,338.0
10109728SILVAB_2025-10-13_G17,10109728SILVAB,2025-10-13,110787,1,2,0,264.0
10109728SILVAB_2025-10-13_G18,10109728SILVAB,2025-10-13,108711,1,1,0,243.0
10109728SILVAB_2025-10-13_G19,10109728SILVAB,2025-10-13,141457,1,2,0,227.0
10109728SILVAB_2025-10-13_G20,10109728SILVAB,2025-10-13,111435,1,2,0,120.0
10109728SILVAB_2025-10-13_G21,10109728SILVAB,2025-10-13,117833,1,1,0,79.0
10109728SILVAB_2025-10-13_G22,10109728SILVAB,2025-10-13,140922,1,1,0,94.0
10109728SILVAB_2025-10-13_G23,10109728SILVAB,2025-10-13,117831,1,4,0,76.0
10109728SILVAB_2025-10-13_G24,10109728SILVAB,2025-10-13,111879,1,2,0,240.0
10109728SILVAB_2025-10-13_G25,10109728SILVAB,2025-10-13,110733,1,3,0,121.0
10109728SILVAB_2025-10-13_G26,10109728SILVAB,2025-10-13,111438,1,2,0,368.0
10109728SILVAB_2025-10-13_G27,10109728SILVAB,2025-10-13,118222,1,4,0,185.0
10109728SILVAB_2025-10-13_G28,10109728SILVAB,2025-10-13,110371,1,3,0,116.0
10109728SILVAB_2025-10-13_G29,10109728SILVAB,2025-10-13,110537,1,1,0,1750.0
10109728SILVAB_2025-10-13_G30,10109728SILVAB,2025-10-13,111354,1,4,0,563.0
10109728SILVAB_2025-10-13_G31,10109728SILVAB,2025-10-13,110746,1,4,0,507.0
10109728SILVAB_2025-10-13_G32,10109728SILVAB,2025-10-13,111112,1,2,0,223.0
10109728SILVAB_2025-10-13_G33,10109728SILVAB,2025-10-13,118222,1,4,0,222.0
10109728SILVAB_2025-10-13_G34,10109728SILVAB,2025-10-13,110537,1,3,0,32.0
10109728SILVAB_2025-10-13_G35,10109728SILVAB,2025-10-13,108759,1,6,0,191.0
10109728SILVAB_2025-10-13_G36,10109728SILVAB,2025-10-13,110841,1,3,0,141.0
10109728SILVAB_2025-10-13_G37,10109728SILVAB,2025-10-13,107254,1,4,0,124.0
10109728SILVAB_2025-10-13_G38,10109728SILVAB,2025-10-13,111615,1,4,0,148.0
10109728SILVAB_2025-10-13_G39,10109728SILVAB,2025-10-13,111569,1,12,0,383.0
10109728SILVAB_2025-10-13_G40,10109728SILVAB,2025-10-13,117835,1,7,0,243.0
10109728SILVAB_2025-10-13_G41,10109728SILVAB,2025-10-13,110623,1,4,0,97.0
10109728SILVAB_2025-11-11_G02,10109728SILVAB,2025-11-11,123345,2,100,9,2785.0
10109728SILVAB_2025-11-11_G03,10109728SILVAB,2025-11-11,123343,2,100,7,40.0
10109728SILVAB_2025-11-11_G04,10109728SILVAB,2025-11-11,122673,1,8,0,140.0
10109728SILVAB_2025-11-11_G05,10109728SILVAB,2025-11-11,123153,1,4,0,142.0
10109728SILVAB_2025-11-11_G06,10109728SILVAB,2025-11-11,123889,1,8,0,118.0
10109728SILVAB_2025-11-11_G07,10109728SILVAB,2025-11-11,124486,1,4,0,200.0
10109728SILVAB_2025-11-11_G08,10109728SILVAB,2025-11-11,123345,1,10,0,1846.0
10109728SILVAB_2025-11-11_G09,10109728SILVAB,2025-11-11,124486,1,30,0,392.0
10109728SILVAB_2025-11-11_G10,10109728SILVAB,2025-11-11,123153,1,20,0,588.0
10109728SILVAB_2025-11-11_G11,10109728SILVAB,2025-11-11,124248,1,2,0,111.0
10109728SILVAB_2025-11-11_G12,10109728SILVAB,2025-11-11,121760,1,8,0,469.0
10109728SILVAB_2025-11-11_G13,10109728SILVAB,2025-11-11,120389,1,20,0,214.0
10109728SILVAB_2025-11-11_G14,10109728SILVAB,2025-11-11,124475,1,16,0,162.0
10109728SILVAB_2025-11-11_G15,10109728SILVAB,2025-11-11,121651,1,8,0,216.0
10109728SILVAB_2025-11-11_G16,10109728SILVAB,2025-11-11,123343,1,16,0,1151.0
10109728SILVAB_2025-12-12_G02,10109728SILVAB,2025-12-12,111602,1,3,0,124.0
10109728SILVAB_2025-12-12_G03,10109728SILVAB,2025-12-12,117856,1,2,0,83.0
10109728SILVAB_2025-12-12_G04,10109728SILVAB,2025-12-12,111530,1,2,0,73.0
10109728SILVAB_2025-12-12_G05,10109728SILVAB,2025-12-12,117855,1,2,0,101.0
10109728SILVAB_2025-12-12_G06,10109728SILVAB,2025-12-12,109640,1,2,0,98.0
10109728SILVAB_2025-12-12_G07,10109728SILVAB,2025-12-12,111172,1,2,0,119.0
10109728SILVAB_2025-12-12_G08,10109728SILVAB,2025-12-12,118140,1,8,0,96.0
10109728SILVAB_2025-12-12_G09,10109728SILVAB,2025-12-12,108711,1,2,0,61.0
10109728SILVAB_2025-12-12_G10,10109728SILVAB,2025-12-12,108794,1,9,0,115.0
10109728SILVAB_2025-12-12_G11,10109728SILVAB,2025-12-12,108795,1,4,0,106.0
10109728SILVAB_2025-12-12_G12,10109728SILVAB,2025-12-12,111418,1,16,0,155.0
10109728SILVAB_2025-12-12_G13,10109728SILVAB,2025-12-12,107236,1,1,0,103.0
10109728SILVAB_2025-12-12_G14,10109728SILVAB,2025-12-12,117787,1,2,0,42.0
10109728SILVAB_2025-12-12_G15,10109728SILVAB,2025-12-12,111466,1,6,0,236.0
10109728SILVAB_2025-12-12_G16,10109728SILVAB,2025-12-12,117821,1,2,0,53.0
10109728SILVAB_2025-12-12_G17,10109728SILVAB,2025-12-12,118299,1,10,0,214.0
10109728SILVAB_2025-12-12_G18,10109728SILVAB,2025-12-12,110374,1,6,0,107.0
10109728SILVAB_2025-12-12_G19,10109728SILVAB,2025-12-12,117808,1,7,0,71.0
10109728SILVAB_2025-12-12_G20,10109728SILVAB,2025-12-12,110375,1,9,0,209.0
10109728SILVAB_2025-12-12_G21,10109728SILVAB,2025-12-12,141202,1,4,0,148.0
10109728SILVAB_2025-12-12_G22,10109728SILVAB,2025-12-12,105744,1,10,0,826.0
10109728SILVAB_2025-12-12_G23,10109728SILVAB,2025-12-12,140923,1,2,0,243.0
10109728SILVAB_2025-12-12_G24,10109728SILVAB,2025-12-12,140922,1,4,0,78.0
10109728SILVAB_2025-12-12_G25,10109728SILVAB,2025-12-12,109643,1,8,0,154.0
10109728SILVAB_2025-12-12_G26,10109728SILVAB,2025-12-12,141202,1,8,0,126.0
10109728SILVAB_2025-12-12_G27,10109728SILVAB,2025-12-12,140923,1,4,0,142.0
10109728SILVAB_2025-12-12_G28,10109728SILVAB,2025-12-12,117856,1,4,0,107.0
10109728SILVAB_2025-12-12_G29,10109728SILVAB,2025-12-12,111743,1,4,0,593.0
10109728SILVAB_2025-12-12_G30,10109728SILVAB,2025-12-12,108711,1,2,0,100.0
10109728SILVAB_2025-12-12_G31,10109728SILVAB,2025-12-12,111418,1,3,0,152.0
10109728SILVAB_2025-12-12_G32,10109728SILVAB,2025-12-12,117831,1,8,0,77.0
10109728SILVAB_2025-12-12_G33,10109728SILVAB,2025-12-12,118299,1,20,0,306.0
10109728SILVAB_2025-12-12_G34,10109728SILVAB,2025-12-12,117809,1,1,0,81.0
10109728SILVAB_2025-12-12_G35,10109728SILVAB,2025-12-12,117808,1,20,0,616.0
10109728SILVAB_2025-12-12_G36,10109728SILVAB,2025-12-12,111468,1,4,0,44.0
10109728SILVAB_2025-12-12_G37,10109728SILVAB,2025-12-12,140923,1,2,0,94.0
10109728SILVAB_2025-12-12_G38,10109728SILVAB,2025-12-12,111602,1,2,0,71.0
10109728SILVAB_2025-12-12_G39,10109728SILVAB,2025-12-12,110733,1,4,0,78.0
10109728SILVAB_2025-12-12_G40,10109728SILVAB,2025-12-12,107629,1,2,0,137.0
10109728SILVAB_2025-12-12_G41,10109728SILVAB,2025-12-12,111467,1,2,0,156.0
10109728SILVAB_2025-12-12_G42,10109728SILVAB,2025-12-12,141823,1,2,0,629.0
10109728SILVAB_2025-12-12_G43,10109728SILVAB,2025-12-12,118140,1,2,0,149.0
10109728SILVAB_2025-12-12_G44,10109728SILVAB,2025-12-12,108711,1,4,0,60.0
10109728SILVAB_2025-12-12_G45,10109728SILVAB,2025-12-12,108794,1,4,0,98.0
10109728SILVAB_2025-12-12_G46,10109728SILVAB,2025-12-12,111418,1,4,0,349.0
10109728SILVAB_2025-12-12_G47,10109728SILVAB,2025-12-12,117785,1,4,0,102.0
10109728SILVAB_2025-12-12_G48,10109728SILVAB,2025-12-12,118299,1,3,0,134.0
10109728SILVAB_2025-12-12_G49,10109728SILVAB,2025-12-12,110374,1,2,0,139.0
10109728SILVAB_2025-12-12_G50,10109728SILVAB,2025-12-12,117808,1,12,0,110.0
10109728SILVAB_2025-12-12_G51,10109728SILVAB,2025-12-12,117822,1,2,0,243.0
10109728SILVAB_2025-12-12_G52,10109728SILVAB,2025-12-12,110375,1,8,0,250.0
10109728SILVAB_2025-12-12_G53,10109728SILVAB,2025-12-12,110372,1,8,0,106.0
10109728SILVAB_2025-12-12_G54,10109728SILVAB,2025-12-12,110325,1,2,0,76.0
10109728SILVAB_2025-12-12_G55,10109728SILVAB,2025-12-12,141202,1,2,0,104.0
10109728SILVAB_2025-12-12_G56,10109728SILVAB,2025-12-12,111602,1,4,0,93.0
10109728SILVAB_2025-12-12_G57,10109728SILVAB,2025-12-12,110339,1,4,0,125.0
10109728SILVAB_2025-12-12_G58,10109728SILVAB,2025-12-12,140922,1,4,0,102.0
10109728SILVAB_2025-12-12_G59,10109728SILVAB,2025-12-12,111468,1,2,0,85.0
10109728SILVAB_2025-12-12_G60,10109728SILVAB,2025-12-12,111418,1,12,0,119.0
10109728SILVAB_2025-12-12_G61,10109728SILVAB,2025-12-12,111466,1,8,0,93.0
10109728SILVAB_2025-12-12_G62,10109728SILVAB,2025-12-12,141202,1,4,0,320.0
10109728SILVAB_2025-12-12_G63,10109728SILVAB,2025-12-12,110372,1,30,0,129.0
10109728SILVAB_2026-01-08_G02,10109728SILVAB,2026-01-08,108794,1,4,0,107.0
10109728SILVAB_2026-01-08_G03,10109728SILVAB,2026-01-08,111418,1,12,0,161.0
10109728SILVAB_2026-01-08_G04,10109728SILVAB,2026-01-08,117821,1,4,0,60.0
10109728SILVAB_2026-01-08_G05,10109728SILVAB,2026-01-08,111466,1,10,0,151.0
10109728SILVAB_2026-01-08_G06,10109728SILVAB,2026-01-08,111468,1,2,0,70.0
10109728SILVAB_2026-01-08_G07,10109728SILVAB,2026-01-08,111463,1,6,0,126.0
10109728SILVAB_2026-01-08_G08,10109728SILVAB,2026-01-08,117833,1,2,0,99.0
10109728SILVAB_2026-01-08_G09,10109728SILVAB,2026-01-08,111469,1,4,0,57.0
10109728SILVAB_2026-01-08_G10,10109728SILVAB,2026-01-08,117831,1,2,0,40.0
10109728SILVAB_2026-01-08_G11,10109728SILVAB,2026-01-08,111465,1,2,0,52.0
10109728SILVAB_2026-01-08_G12,10109728SILVAB,2026-01-08,110313,1,4,0,98.0
10109728SILVAB_2026-01-08_G13,10109728SILVAB,2026-01-08,117808,1,50,0,792.0
10109728SILVAB_2026-01-08_G14,10109728SILVAB,2026-01-08,117820,1,20,0,209.0
10109728SILVAB_2026-01-08_G15,10109728SILVAB,2026-01-08,117830,1,10,0,92.0
10109728SILVAB_2026-01-08_G16,10109728SILVAB,2026-01-08,117832,1,2,0,129.0
10109728SILVAB_2026-01-08_G17,10109728SILVAB,2026-01-08,107830,1,2,0,74.0
10109728SILVAB_2026-01-08_G18,10109728SILVAB,2026-01-08,109643,1,4,0,145.0
10109728SILVAB_2026-01-08_G19,10109728SILVAB,2026-01-08,118299,1,50,0,778.0
10109728SILVAB_2026-01-08_G20,10109728SILVAB,2026-01-08,111441,1,2,0,237.0
10109728SILVAB_2026-01-08_G21,10109728SILVAB,2026-01-08,111569,1,1,0,90.0
10109728SILVAB_2026-01-08_G22,10109728SILVAB,2026-01-08,110747,1,2,0,134.0
10109728SILVAB_2026-01-08_G23,10109728SILVAB,2026-01-08,110313,1,2,0,70.0
10109728SILVAB_2026-01-08_G24,10109728SILVAB,2026-01-08,107629,1,2,0,133.0
10109728SILVAB_2026-01-08_G25,10109728SILVAB,2026-01-08,105705,1,2,0,143.0
10109728SILVAB_2026-01-08_G26,10109728SILVAB,2026-01-08,108794,1,2,0,70.0
10109728SILVAB_2026-01-08_G27,10109728SILVAB,2026-01-08,111443,1,2,0,90.0
10109728SILVAB_2026-01-08_G28,10109728SILVAB,2026-01-08,110745,1,2,0,96.0
10109728SILVAB_2026-01-08_G29,10109728SILVAB,2026-01-08,141456,1,2,0,89.0
10109728SILVAB_2026-01-08_G30,10109728SILVAB,2026-01-08,110372,1,5,0,404.0
10109728SILVAB_2026-01-08_G31,10109728SILVAB,2026-01-08,110373,1,2,0,69.0
10109728SILVAB_2026-01-08_G32,10109728SILVAB,2026-01-08,110371,1,2,0,94.0
10109728SILVAB_2026-01-08_G33,10109728SILVAB,2026-01-08,117820,1,4,0,237.0
10109728SILVAB_2026-01-08_G34,10109728SILVAB,2026-01-08,117830,1,4,0,63.0
10109728SILVAB_2026-01-08_G35,10109728SILVAB,2026-01-08,141202,1,2,0,160.0
10109728SILVAB_2026-01-08_G36,10109728SILVAB,2026-01-08,109640,1,2,0,141.0
10109728SILVAB_2026-01-15_G02,10109728SILVAB,2026-01-15,117830,1,180,0,388.0
10109728SILVAB_2026-01-15_G03,10109728SILVAB,2026-01-15,117855,1,50,0,287.0
10109728SILVAB_2026-01-18_G02,10109728SILVAB,2026-01-18,111602,1,1,0,54.0
10109728SILVAB_2026-01-18_G03,10109728SILVAB,2026-01-18,110313,1,11,0,146.0
10109728SILVAB_2026-01-18_G04,10109728SILVAB,2026-01-18,111439,1,4,0,141.0
10109728SILVAB_2026-01-18_G05,10109728SILVAB,2026-01-18,111602,1,4,0,185.0
10109728SILVAB_2026-01-18_G06,10109728SILVAB,2026-01-18,118094,1,4,0,159.0
10109728SILVAB_2026-01-18_G07,10109728SILVAB,2026-01-18,111468,1,4,0,143.0
10109728SILVAB_2026-01-18_G08,10109728SILVAB,2026-01-18,111468,1,8,0,326.0
10109728SILVAB_2026-01-18_G09,10109728SILVAB,2026-01-18,110475,1,1,0,241.0
10109728SILVAB_2026-01-18_G10,10109728SILVAB,2026-01-18,111602,1,1,0,126.0
10109728SILVAB_2026-01-18_G11,10109728SILVAB,2026-01-18,141457,1,6,0,157.0
10109728SILVAB_2026-01-18_G12,10109728SILVAB,2026-01-18,118299,1,14,0,138.0
10109728SILVAB_2026-01-18_G13,10109728SILVAB,2026-01-18,118140,1,8,0,188.0
10109728SILVAB_2026-01-18_G14,10109728SILVAB,2026-01-18,118290,1,2,0,161.0
10109728SILVAB_2026-01-18_G15,10109728SILVAB,2026-01-18,111441,1,4,0,429.0
10109728SILVAB_2026-01-18_G16,10109728SILVAB,2026-01-18,111441,1,4,0,106.0
10109728SILVAB_2026-01-18_G17,10109728SILVAB,2026-01-18,111602,1,3,0,142.0
10109728SILVAB_2026-01-18_G18,10109728SILVAB,2026-01-18,111602,2,6,25,86.0
10109728SILVAB_2026-01-18_G19,10109728SILVAB,2026-01-18,111466,1,5,0,125.0
10109728SILVAB_2026-01-18_G20,10109728SILVAB,2026-01-18,111466,1,3,0,33.0
10109728SILVAB_2026-01-18_G21,10109728SILVAB,2026-01-18,117820,1,4,0,1042.0
10109728SILVAB_2026-01-18_G22,10109728SILVAB,2026-01-18,110371,1,2,0,79.0
10109728SILVAB_2026-01-18_G23,10109728SILVAB,2026-01-18,117808,1,40,0,232.0
10109728SILVAB_2026-01-18_G24,10109728SILVAB,2026-01-18,117820,1,12,0,287.0
10109728SILVAB_2026-01-18_G25,10109728SILVAB,2026-01-18,111467,1,2,0,3339.0
10109728SILVAB_2026-01-18_G26,10109728SILVAB,2026-01-18,111435,1,2,0,84.0
10109728SILVAB_2026-01-18_G27,10109728SILVAB,2026-01-18,111431,1,4,0,78.0
10109728SILVAB_2026-01-18_G28,10109728SILVAB,2026-01-18,110373,1,2,0,132.0
10109728SILVAB_2026-01-18_G30,10109728SILVAB,2026-01-18,110372,1,4,0,91.0
10109728SILVAB_2026-01-18_G31,10109728SILVAB,2026-01-18,117808,1,50,0,351.0
10109728SILVAB_2026-01-19_G02,10109728SILVAB,2026-01-19,117837,1,2,0,252.0
10109728SILVAB_2026-01-19_G03,10109728SILVAB,2026-01-19,105705,1,4,0,265.0
10109728SILVAB_2026-01-19_G04,10109728SILVAB,2026-01-19,111462,1,2,0,65.0
10109728SILVAB_2026-01-19_G05,10109728SILVAB,2026-01-19,111469,1,2,0,306.0
10109728SILVAB_2026-01-19_G06,10109728SILVAB,2026-01-19,117820,1,10,0,146.0
10109728SILVAB_2026-01-19_G07,10109728SILVAB,2026-01-19,111469,1,12,0,438.0
10109728SILVAB_2026-01-19_G08,10109728SILVAB,2026-01-19,160057,1,3,0,1002.0
10109728SILVAB_2026-01-19_G09,10109728SILVAB,2026-01-19,117853,1,24,0,315.0
10109728SILVAB_2026-01-19_G10,10109728SILVAB,2026-01-19,117853,1,5,0,65.0
10109728SILVAB_2026-01-19_G11,10109728SILVAB,2026-01-19,160055,1,5,0,110.0
10109728SILVAB_2026-01-19_G12,10109728SILVAB,2026-01-19,111418,1,30,0,255.0
10109728SILVAB_2026-01-19_G13,10109728SILVAB,2026-01-19,160056,1,1,0,184.0
10109728SILVAB_2026-01-19_G14,10109728SILVAB,2026-01-19,160054,1,2,0,275.0
10109728SILVAB_2026-01-19_G15,10109728SILVAB,2026-01-19,160053,1,8,0,176.0
10109728SILVAB_2026-01-19_G16,10109728SILVAB,2026-01-19,160051,1,5,0,44.0
10109728SILVAB_2026-01-19_G17,10109728SILVAB,2026-01-19,110374,1,29,0,229.0
10109728SILVAB_2026-01-19_G18,10109728SILVAB,2026-01-19,110371,1,20,0,253.0
10109728SILVAB_2026-01-19_G19,10109728SILVAB,2026-01-19,118299,1,200,0,386.0
10109728SILVAB_2026-01-19_G20,10109728SILVAB,2026-01-19,117808,1,32,0,199.0
10109728SILVAB_2026-01-19_G21,10109728SILVAB,2026-01-19,117808,1,220,0,289.0
10109728SILVAB_2026-01-19_G22,10109728SILVAB,2026-01-19,117808,1,400,0,1422.0
10109728SILVAB_2026-01-19_G23,10109728SILVAB,2026-01-19,110742,1,2,0,559.0
10109728SILVAB_2026-01-19_G25,10109728SILVAB,2026-01-19,118224,1,8,0,211.0
10109728SILVAB_2026-01-19_G26,10109728SILVAB,2026-01-19,118298,1,4,0,359.0
10109728SILVAB_2026-01-19_G27,10109728SILVAB,2026-01-19,111602,1,12,0,152.0
10109728SILVAB_2026-01-19_G28,10109728SILVAB,2026-01-19,111602,1,12,0,75.0
10109728SILVAB_2026-01-19_G29,10109728SILVAB,2026-01-19,117861,1,8,0,86.0
10109728SILVAB_2026-01-19_G30,10109728SILVAB,2026-01-19,109640,1,8,0,667.0
10109728SILVAB_2026-01-19_G31,10109728SILVAB,2026-01-19,117862,2,40,29,310.0
10109728SILVAB_2026-01-20_G02,10109728SILVAB,2026-01-20,111348,1,4,0,108.0
10109728SILVAB_2026-01-20_G03,10109728SILVAB,2026-01-20,117831,1,8,0,79.0
10109728SILVAB_2026-01-20_G04,10109728SILVAB,2026-01-20,111462,1,20,0,187.0
10109728SILVAB_2026-01-20_G05,10109728SILVAB,2026-01-20,117821,1,8,0,237.0
10109728SILVAB_2026-01-20_G06,10109728SILVAB,2026-01-20,109645,1,8,0,126.0
10109728SILVAB_2026-01-20_G07,10109728SILVAB,2026-01-20,111466,1,40,0,274.0
10109728SILVAB_2026-01-20_G08,10109728SILVAB,2026-01-20,111466,1,20,0,131.0
10109728SILVAB_2026-01-20_G09,10109728SILVAB,2026-01-20,111532,1,26,0,622.0
10109728SILVAB_2026-01-20_G10,10109728SILVAB,2026-01-20,111172,1,1,0,58.0
10109728SILVAB_2026-01-20_G11,10109728SILVAB,2026-01-20,109641,1,8,0,121.0
10109728SILVAB_2026-01-20_G12,10109728SILVAB,2026-01-20,111418,1,50,0,389.0
10109728SILVAB_2026-01-20_G13,10109728SILVAB,2026-01-20,111469,1,50,0,574.0
10109728SILVAB_2026-01-20_G14,10109728SILVAB,2026-01-20,118140,1,30,0,309.0
10109728SILVAB_2026-01-20_G15,10109728SILVAB,2026-01-20,141458,1,30,0,414.0
10109728SILVAB_2026-01-20_G16,10109728SILVAB,2026-01-20,117785,1,20,0,317.0
10109728SILVAB_2026-01-20_G17,10109728SILVAB,2026-01-20,110374,3,106,34,944.0
10109728SILVAB_2026-01-20_G18,10109728SILVAB,2026-01-20,118299,2,40,11,269.0
10109728SILVAB_2026-01-20_G19,10109728SILVAB,2026-01-20,110372,1,100,0,361.0
10109728SILVAB_2026-01-20_G20,10109728SILVAB,2026-01-20,110373,1,50,0,268.0
10109728SILVAB_2026-01-20_G21,10109728SILVAB,2026-01-20,117830,1,40,0,458.0
10109728SILVAB_2026-01-20_G22,10109728SILVAB,2026-01-20,117808,1,20,0,190.0
10109728SILVAB_2026-01-20_G23,10109728SILVAB,2026-01-20,117808,2,80,8,59.0
10109728SILVAB_2026-01-20_G24,10109728SILVAB,2026-01-20,111530,1,26,0,2251.0
10109728SILVAB_2026-03-05_G02,10109728SILVAB,2026-03-05,118299,1,120,0,268.0
10109728SILVAB_2026-03-05_G03,10109728SILVAB,2026-03-05,110372,1,1072,0,1875.0
10109728SILVAB_2026-03-08_G02,10109728SILVAB,2026-03-08,140922,1,8,0,632.0
10109728SILVAB_2026-03-08_G03,10109728SILVAB,2026-03-08,117842,1,2,0,43.0
10109728SILVAB_2026-03-08_G04,10109728SILVAB,2026-03-08,142093,2,7,9,133.0
10109728SILVAB_2026-03-08_G05,10109728SILVAB,2026-03-08,111462,1,8,0,118.0
10109728SILVAB_2026-03-08_G06,10109728SILVAB,2026-03-08,109641,1,2,0,195.0
10109728SILVAB_2026-03-08_G07,10109728SILVAB,2026-03-08,117831,1,5,0,55.0
10109728SILVAB_2026-03-08_G08,10109728SILVAB,2026-03-08,111418,2,13,26,263.0
10109728SILVAB_2026-03-08_G09,10109728SILVAB,2026-03-08,141457,4,17,25,178.0
10109728SILVAB_2026-03-08_G10,10109728SILVAB,2026-03-08,117787,1,3,0,189.0
10109728SILVAB_2026-03-08_G11,10109728SILVAB,2026-03-08,107236,1,2,0,224.0
10109728SILVAB_2026-03-08_G12,10109728SILVAB,2026-03-08,140922,2,4,8,87.0
10109728SILVAB_2026-03-08_G13,10109728SILVAB,2026-03-08,111348,1,1,0,53.0
10109728SILVAB_2026-03-08_G14,10109728SILVAB,2026-03-08,117833,3,7,16,224.0
10109728SILVAB_2026-03-08_G15,10109728SILVAB,2026-03-08,117821,1,6,0,411.0
10109728SILVAB_2026-03-08_G16,10109728SILVAB,2026-03-08,142093,2,10,6,131.0
10109728SILVAB_2026-03-08_G17,10109728SILVAB,2026-03-08,111462,2,3,10,101.0
10109728SILVAB_2026-03-08_G18,10109728SILVAB,2026-03-08,117838,2,10,9,111.0
10109728SILVAB_2026-03-08_G19,10109728SILVAB,2026-03-08,141457,1,16,0,156.0
10109728SILVAB_2026-03-08_G20,10109728SILVAB,2026-03-08,117821,2,6,27,186.0
10109728SILVAB_2026-03-08_G21,10109728SILVAB,2026-03-08,117830,1,2,0,181.0
10109728SILVAB_2026-03-08_G22,10109728SILVAB,2026-03-08,110787,1,6,0,745.0
10109728SILVAB_2026-03-08_G23,10109728SILVAB,2026-03-08,140922,1,8,0,330.0
10109728SILVAB_2026-03-08_G24,10109728SILVAB,2026-03-08,"140922, 117785",2,9,29,34.0
10109728SILVAB_2026-03-08_G25,10109728SILVAB,2026-03-08,117821,2,10,7,76.0
10109728SILVAB_2026-03-08_G26,10109728SILVAB,2026-03-08,116241,1,4,0,172.0
10109728SILVAB_2026-03-08_G27,10109728SILVAB,2026-03-08,"110743, 111743",2,6,9,60.0
10109728SILVAB_2026-03-08_G28,10109728SILVAB,2026-03-08,108711,1,1,0,142.0
10109728SILVAB_2026-03-08_G29,10109728SILVAB,2026-03-08,108795,1,1,0,58.0
10109728SILVAB_2026-03-08_G30,10109728SILVAB,2026-03-08,142093,1,4,0,67.0
10109728SILVAB_2026-03-08_G31,10109728SILVAB,2026-03-08,111462,1,4,0,96.0
10109728SILVAB_2026-03-08_G32,10109728SILVAB,2026-03-08,141271,1,9,0,162.0
10109728SILVAB_2026-03-08_G33,10109728SILVAB,2026-03-08,117831,1,6,0,104.0
10109728SILVAB_2026-03-08_G34,10109728SILVAB,2026-03-08,111463,3,19,21,176.0
10109728SILVAB_2026-03-08_G35,10109728SILVAB,2026-03-08,141456,3,20,16,610.0
10109728SILVAB_2026-03-08_G36,10109728SILVAB,2026-03-08,108798,1,2,0,193.0
10109728SILVAB_2026-03-08_G37,10109728SILVAB,2026-03-08,111418,4,34,23,54.0
10109728SILVAB_2026-03-09_G02,10109728SILVAB,2026-03-09,110339,1,250,0,805.0
10109728SILVAB_2026-03-09_G03,10109728SILVAB,2026-03-09,111469,1,250,0,173.0
10109728SILVAB_2026-03-10_G02,10109728SILVAB,2026-03-10,122988,1,20,0,1244.0
10109728SILVAB_2026-03-10_G03,10109728SILVAB,2026-03-10,123521,1,4,0,300.0
10109728SILVAB_2026-03-10_G04,10109728SILVAB,2026-03-10,123343,1,10,0,208.0
10109728SILVAB_2026-03-11_G02,10109728SILVAB,2026-03-11,100334,1,2,0,170.0
10109728SILVAB_2026-03-11_G03,10109728SILVAB,2026-03-11,118253,1,4,0,123.0
10109728SILVAB_2026-03-11_G04,10109728SILVAB,2026-03-11,111436,1,2,0,131.0
10109728SILVAB_2026-03-11_G05,10109728SILVAB,2026-03-11,110752,1,4,0,1175.0
10109728SILVAB_2026-03-11_G06,10109728SILVAB,2026-03-11,118094,1,2,0,153.0
10109728SILVAB_2026-03-11_G07,10109728SILVAB,2026-03-11,118094,1,5,0,164.0
10109728SILVAB_2026-03-11_G08,10109728SILVAB,2026-03-11,"140957, 107629",2,8,29,50.0
10109728SILVAB_2026-03-11_G09,10109728SILVAB,2026-03-11,109647,1,2,0,121.0
10109728SILVAB_2026-03-11_G10,10109728SILVAB,2026-03-11,117862,1,1,0,43.0
10109728SILVAB_2026-03-11_G11,10109728SILVAB,2026-03-11,111353,1,4,0,81.0
10109728SILVAB_2026-03-11_G12,10109728SILVAB,2026-03-11,141047,1,6,0,155.0
10109728SILVAB_2026-03-11_G13,10109728SILVAB,2026-03-11,117861,1,3,0,57.0
10109728SILVAB_2026-03-11_G14,10109728SILVAB,2026-03-11,140922,2,12,7,233.0
10109728SILVAB_2026-03-11_G15,10109728SILVAB,2026-03-11,108794,1,4,0,537.0
10109728SILVAB_2026-03-11_G16,10109728SILVAB,2026-03-11,117785,1,4,0,114.0
10109728SILVAB_2026-03-11_G17,10109728SILVAB,2026-03-11,"111462, 110751",2,9,23,70.0
10109728SILVAB_2026-03-11_G18,10109728SILVAB,2026-03-11,117821,1,2,0,75.0
10109728SILVAB_2026-03-11_G19,10109728SILVAB,2026-03-11,142093,1,7,0,315.0
10109728SILVAB_2026-03-11_G20,10109728SILVAB,2026-03-11,142093,1,10,0,84.0
10109728SILVAB_2026-03-11_G21,10109728SILVAB,2026-03-11,109641,1,4,0,483.0
10109728SILVAB_2026-03-11_G22,10109728SILVAB,2026-03-11,117831,1,5,0,168.0
10109728SILVAB_2026-03-11_G23,10109728SILVAB,2026-03-11,111442,1,10,0,536.0
10109728SILVAB_2026-03-11_G24,10109728SILVAB,2026-03-11,111418,1,6,0,99.0
10109728SILVAB_2026-03-11_G25,10109728SILVAB,2026-03-11,118223,1,2,0,69.0
10109728SILVAB_2026-03-11_G26,10109728SILVAB,2026-03-11,109645,1,4,0,62.0
10109728SILVAB_2026-03-11_G27,10109728SILVAB,2026-03-11,111469,2,41,11,96.0
10109728SILVAB_2026-03-11_G28,10109728SILVAB,2026-03-11,116241,1,6,0,258.0
10109728SILVAB_2026-03-11_G29,10109728SILVAB,2026-03-11,110740,1,2,0,724.0
10109728SILVAB_2026-03-11_G30,10109728SILVAB,2026-03-11,110372,1,17,0,44.0
10109728SILVAB_2026-03-12_G02,10109728SILVAB,2026-03-12,117834,1,2,0,403.0
10109728SILVAB_2026-03-12_G03,10109728SILVAB,2026-03-12,107254,1,2,0,118.0
10109728SILVAB_2026-03-12_G04,10109728SILVAB,2026-03-12,118251,1,4,0,119.0
10109728SILVAB_2026-03-12_G05,10109728SILVAB,2026-03-12,141318,1,2,0,203.0
10109728SILVAB_2026-03-12_G06,10109728SILVAB,2026-03-12,111430,1,4,0,88.0
10109728SILVAB_2026-03-12_G07,10109728SILVAB,2026-03-12,110753,1,1,0,71.0
10109728SILVAB_2026-03-12_G08,10109728SILVAB,2026-03-12,110313,2,3,9,93.0
10109728SILVAB_2026-03-12_G09,10109728SILVAB,2026-03-12,140923,1,6,0,114.0
10109728SILVAB_2026-03-12_G10,10109728SILVAB,2026-03-12,140923,3,13,17,36.0
10109728SILVAB_2026-03-12_G11,10109728SILVAB,2026-03-12,118094,3,20,21,351.0
10109728SILVAB_2026-03-12_G12,10109728SILVAB,2026-03-12,107629,2,10,9,117.0
10109728SILVAB_2026-03-22_G02,10109728SILVAB,2026-03-22,141140,1,60,0,938.0
10109728SILVAB_2026-03-22_G03,10109728SILVAB,2026-03-22,111634,1,46,0,616.0
10109728SILVAB_2026-03-22_G04,10109728SILVAB,2026-03-22,141141,1,10,0,514.0
10109728SILVAB_2026-03-22_G05,10109728SILVAB,2026-03-22,117835,1,8,0,1720.0
10109728SILVAB_2026-03-22_G06,10109728SILVAB,2026-03-22,142045,1,4,0,57.0
10109728SILVAB_2026-03-22_G07,10109728SILVAB,2026-03-22,118094,1,5,0,112.0
10109728SILVAB_2026-03-22_G08,10109728SILVAB,2026-03-22,109647,1,4,0,93.0
10109728SILVAB_2026-03-22_G09,10109728SILVAB,2026-03-22,140923,1,3,0,51.0
10109728SILVAB_2026-03-22_G10,10109728SILVAB,2026-03-22,110339,1,2,0,99.0
10109728SILVAB_2026-03-22_G11,10109728SILVAB,2026-03-22,140922,1,5,0,419.0
10109728SILVAB_2026-03-22_G12,10109728SILVAB,2026-03-22,111348,1,5,0,74.0
10109728SILVAB_2026-03-22_G13,10109728SILVAB,2026-03-22,111462,1,5,0,85.0
10109728SILVAB_2026-03-22_G14,10109728SILVAB,2026-03-22,111465,1,4,0,231.0
10109728SILVAB_2026-03-22_G15,10109728SILVAB,2026-03-22,142093,1,10,0,123.0
10109728SILVAB_2026-03-22_G16,10109728SILVAB,2026-03-22,111469,1,4,0,178.0
10109728SILVAB_2026-03-22_G17,10109728SILVAB,2026-03-22,111468,1,4,0,146.0
10109728SILVAB_2026-03-22_G18,10109728SILVAB,2026-03-22,111463,1,10,0,104.0
10109728SILVAB_2026-03-22_G19,10109728SILVAB,2026-03-22,110740,1,2,0,99.0
10109728SILVAB_2026-03-22_G20,10109728SILVAB,2026-03-22,111466,1,11,0,144.0
10109728SILVAB_2026-03-22_G21,10109728SILVAB,2026-03-22,141458,1,3,0,241.0
10109728SILVAB_2026-03-22_G22,10109728SILVAB,2026-03-22,111418,1,10,0,460.0
10109728SILVAB_2026-03-22_G23,10109728SILVAB,2026-03-22,117809,1,4,0,85.0
10109728SILVAB_2026-03-22_G24,10109728SILVAB,2026-03-22,118299,1,8,0,62.0
10109728SILVAB_2026-03-22_G25,10109728SILVAB,2026-03-22,109643,1,2,0,39.0
10109728SILVAB_2026-03-22_G26,10109728SILVAB,2026-03-22,117820,1,4,0,123.0
10109728SILVAB_2026-03-22_G27,10109728SILVAB,2026-03-22,111634,1,20,0,383.0
10109728SILVAB_2026-03-22_G28,10109728SILVAB,2026-03-22,141166,1,8,0,715.0
10109728SILVAB_2026-03-22_G29,10109728SILVAB,2026-03-22,140923,1,4,0,87.0
10109728SILVAB_2026-03-22_G30,10109728SILVAB,2026-03-22,111602,1,5,0,65.0
10109728SILVAB_2026-03-22_G31,10109728SILVAB,2026-03-22,117785,1,4,0,112.0
10109728SILVAB_2026-03-22_G32,10109728SILVAB,2026-03-22,111462,1,4,0,49.0
10109728SILVAB_2026-03-22_G33,10109728SILVAB,2026-03-22,111469,1,4,0,148.0
10109728SILVAB_2026-03-22_G34,10109728SILVAB,2026-03-22,141271,1,10,0,96.0
10109728SILVAB_2026-03-22_G35,10109728SILVAB,2026-03-22,141823,1,8,0,155.0
10109728SILVAB_2026-03-22_G36,10109728SILVAB,2026-03-22,141458,1,2,0,88.0
10109728SILVAB_2026-03-23_G02,10109728SILVAB,2026-03-23,118299,1,10,0,78.0
10109728SILVAB_2026-03-23_G03,10109728SILVAB,2026-03-23,117820,1,11,0,246.0
10109728SILVAB_2026-03-23_G04,10109728SILVAB,2026-03-23,110373,1,20,0,129.0
10109728SILVAB_2026-03-23_G05,10109728SILVAB,2026-03-23,117808,1,10,0,122.0
10109728SILVAB_2026-03-23_G06,10109728SILVAB,2026-03-23,110375,1,1,0,94.0
10109728SILVAB_2026-03-23_G07,10109728SILVAB,2026-03-23,110371,1,14,0,183.0
10109728SILVAB_2026-03-23_G08,10109728SILVAB,2026-03-23,117830,1,2,0,57.0
10109728SILVAB_2026-03-23_G09,10109728SILVAB,2026-03-23,141456,1,6,0,1155.0
10109728SILVAB_2026-03-23_G10,10109728SILVAB,2026-03-23,111438,1,4,0,443.0
10109728SILVAB_2026-03-23_G11,10109728SILVAB,2026-03-23,111569,1,2,0,146.0
10109728SILVAB_2026-03-23_G12,10109728SILVAB,2026-03-23,140923,1,2,0,91.0
10109728SILVAB_2026-03-23_G13,10109728SILVAB,2026-03-23,110339,1,4,0,169.0
10109728SILVAB_2026-03-23_G14,10109728SILVAB,2026-03-23,140922,1,5,0,142.0
10109728SILVAB_2026-03-23_G15,10109728SILVAB,2026-03-23,111348,1,2,0,89.0
10109728SILVAB_2026-03-23_G16,10109728SILVAB,2026-03-23,111462,1,5,0,150.0
10109728SILVAB_2026-03-23_G17,10109728SILVAB,2026-03-23,111465,1,2,0,133.0
10109728SILVAB_2026-03-23_G18,10109728SILVAB,2026-03-23,142093,1,10,0,875.0
10109728SILVAB_2026-03-23_G19,10109728SILVAB,2026-03-23,117831,1,2,0,96.0
10109728SILVAB_2026-03-23_G20,10109728SILVAB,2026-03-23,109641,1,8,0,292.0
10109728SILVAB_2026-03-23_G21,10109728SILVAB,2026-03-23,111468,1,2,0,97.0
10109728SILVAB_2026-03-23_G22,10109728SILVAB,2026-03-23,118317,1,4,0,114.0
10109728SILVAB_2026-03-23_G23,10109728SILVAB,2026-03-23,111466,1,4,0,130.0
10109728SILVAB_2026-03-23_G24,10109728SILVAB,2026-03-23,141458,1,2,0,78.0
10109728SILVAB_2026-03-23_G25,10109728SILVAB,2026-03-23,110374,1,4,0,510.0
10109728SILVAB_2026-03-23_G26,10109728SILVAB,2026-03-23,118299,1,10,0,126.0
10109728SILVAB_2026-03-23_G27,10109728SILVAB,2026-03-23,109643,1,4,0,65.0
10109728SILVAB_2026-03-23_G28,10109728SILVAB,2026-03-23,117820,1,4,0,136.0
10109728SILVAB_2026-03-23_G29,10109728SILVAB,2026-03-23,110372,1,20,0,205.0
10109728SILVAB_2026-03-23_G30,10109728SILVAB,2026-03-23,117808,1,18,0,409.0
10109728SILVAB_2026-03-23_G31,10109728SILVAB,2026-03-23,110371,1,3,0,135.0
10109728SILVAB_2026-03-23_G32,10109728SILVAB,2026-03-23,117832,1,10,0,356.0
10109728SILVAB_2026-03-23_G33,10109728SILVAB,2026-03-23,110787,1,6,0,128.0
10109728SILVAB_2026-03-23_G34,10109728SILVAB,2026-03-23,110787,1,15,0,389.0
10109728SILVAB_2026-03-23_G35,10109728SILVAB,2026-03-23,117832,1,6,0,198.0
10109728SILVAB_2026-03-23_G36,10109728SILVAB,2026-03-23,142045,1,3,0,172.0
10109728SILVAB_2026-03-23_G37,10109728SILVAB,2026-03-23,111879,1,4,0,139.0
10109728SILVAB_2026-03-23_G38,10109728SILVAB,2026-03-23,117842,1,7,0,180.0
10109728SILVAB_2026-03-23_G39,10109728SILVAB,2026-03-23,111463,1,8,0,103.0
10109728SILVAB_2026-03-23_G40,10109728SILVAB,2026-03-23,110740,1,8,0,169.0
10109728SILVAB_2026-03-23_G41,10109728SILVAB,2026-03-23,117785,1,7,0,362.0
10109728SILVAB_2026-03-23_G42,10109728SILVAB,2026-03-23,111462,1,6,0,77.0
10109728SILVAB_2026-03-23_G43,10109728SILVAB,2026-03-23,142093,1,10,0,217.0
10109728SILVAB_2026-03-23_G44,10109728SILVAB,2026-03-23,142093,1,2,0,38.0
10109728SILVAB_2026-03-23_G45,10109728SILVAB,2026-03-23,117831,1,4,0,74.0
10109728SILVAB_2026-03-23_G46,10109728SILVAB,2026-03-23,111418,1,4,0,125.0
10109728SILVAB_2026-03-23_G47,10109728SILVAB,2026-03-23,111469,1,5,0,83.0
10109728SILVAB_2026-03-23_G48,10109728SILVAB,2026-03-23,117833,1,2,0,119.0
10109728SILVAB_2026-03-23_G49,10109728SILVAB,2026-03-23,110740,1,4,0,87.0
10109728SILVAB_2026-03-24_G02,10109728SILVAB,2026-03-24,117820,2,12,12,263.0
10109728SILVAB_2026-03-24_G03,10109728SILVAB,2026-03-24,140923,1,11,0,172.0
10109728SILVAB_2026-03-24_G04,10109728SILVAB,2026-03-24,141457,1,4,0,115.0
10109728SILVAB_2026-03-24_G05,10109728SILVAB,2026-03-24,109641,1,8,0,106.0
10109728SILVAB_2026-03-24_G06,10109728SILVAB,2026-03-24,142045,1,8,0,822.0
10109728SILVAB_2026-03-24_G07,10109728SILVAB,2026-03-24,140923,1,8,0,78.0
10109728SILVAB_2026-03-24_G08,10109728SILVAB,2026-03-24,142093,1,8,0,299.0
10109728SILVAB_2026-03-24_G09,10109728SILVAB,2026-03-24,118299,1,8,0,219.0
10109728SILVAB_2026-03-24_G10,10109728SILVAB,2026-03-24,110373,1,4,0,89.0
10109728SILVAB_2026-03-24_G11,10109728SILVAB,2026-03-24,117808,1,8,0,200.0
10109728SILVAB_2026-03-24_G12,10109728SILVAB,2026-03-24,110371,1,8,0,384.0
10109728SILVAB_2026-03-24_G13,10109728SILVAB,2026-03-24,142093,1,14,0,230.0
10109728SILVAB_2026-03-24_G14,10109728SILVAB,2026-03-24,110374,1,8,0,103.0
10109728SILVAB_2026-03-24_G15,10109728SILVAB,2026-03-24,110374,1,16,0,602.0
10109728SILVAB_2026-03-24_G16,10109728SILVAB,2026-03-24,117832,1,8,0,688.0
10109728SILVAB_2026-03-24_G17,10109728SILVAB,2026-03-24,117822,1,4,0,48.0
10109728SILVAB_2026-03-24_G18,10109728SILVAB,2026-03-24,111469,1,6,0,161.0
10109728SILVAB_2026-03-24_G19,10109728SILVAB,2026-03-24,111330,2,14,13,520.0
10109728SILVAB_2026-03-24_G20,10109728SILVAB,2026-03-24,109649,1,1,0,1006.0
10109728SILVAB_2026-03-24_G21,10109728SILVAB,2026-03-24,"117842, 111466",3,16,36,146.0
10109728SILVAB_2026-03-24_G22,10109728SILVAB,2026-03-24,111462,2,7,8,116.0
10109728SILVAB_2026-03-24_G23,10109728SILVAB,2026-03-24,117821,1,4,0,200.0
10109728SILVAB_2026-03-24_G24,10109728SILVAB,2026-03-24,108795,1,4,0,85.0
10109728SILVAB_2026-03-24_G25,10109728SILVAB,2026-03-24,141457,1,12,0,430.0
10109728SILVAB_2026-03-24_G26,10109728SILVAB,2026-03-24,109641,2,12,10,132.0
10109728SILVAB_2026-03-25_G02,10109728SILVAB,2026-03-25,141456,1,10,0,553.0
10109728SILVAB_2026-03-25_G03,10109728SILVAB,2026-03-25,108798,1,7,0,73.0
10109728SILVAB_2026-03-25_G04,10109728SILVAB,2026-03-25,"117833, 111468",3,8,33,64.0
10109728SILVAB_2026-03-25_G05,10109728SILVAB,2026-03-25,111463,1,4,0,112.0
10109728SILVAB_2026-03-25_G06,10109728SILVAB,2026-03-25,111469,2,18,9,157.0
10109728SILVAB_2026-03-25_G07,10109728SILVAB,2026-03-25,110740,1,8,0,235.0
10109728SILVAB_2026-03-25_G08,10109728SILVAB,2026-03-25,"141823, 105705",2,9,28,270.0
10109728SILVAB_2026-03-25_G09,10109728SILVAB,2026-03-25,141458,2,4,15,107.0
10109728SILVAB_2026-03-25_G10,10109728SILVAB,2026-03-25,110895,1,10,0,602.0
10109728SILVAB_2026-03-25_G11,10109728SILVAB,2026-03-25,140911,2,8,10,91.0
10109728SILVAB_2026-03-25_G12,10109728SILVAB,2026-03-25,110747,2,6,7,312.0
10109728SILVAB_2026-03-25_G13,10109728SILVAB,2026-03-25,118094,1,6,0,319.0
10109728SILVAB_2026-03-25_G14,10109728SILVAB,2026-03-25,111530,1,2,0,92.0
10109728SILVAB_2026-03-25_G15,10109728SILVAB,2026-03-25,109647,2,4,6,63.0
10109728SILVAB_2026-03-25_G16,10109728SILVAB,2026-03-25,117797,1,2,0,74.0
10109728SILVAB_2026-03-25_G17,10109728SILVAB,2026-03-25,117855,1,4,0,109.0
10109728SILVAB_2026-03-25_G18,10109728SILVAB,2026-03-25,140923,1,3,0,718.0
10109728SILVAB_2026-03-25_G19,10109728SILVAB,2026-03-25,111602,1,7,0,114.0
10109728SILVAB_2026-03-25_G20,10109728SILVAB,2026-03-25,108361,1,2,0,38.0
10109728SILVAB_2026-03-25_G21,10109728SILVAB,2026-03-25,"141047, 117861",3,10,31,126.0
10109728SILVAB_2026-03-25_G22,10109728SILVAB,2026-03-25,117862,1,3,0,94.0
10109728SILVAB_2026-03-25_G23,10109728SILVAB,2026-03-25,110376,1,4,0,530.0
10109728SILVAB_2026-03-25_G24,10109728SILVAB,2026-03-25,117808,1,15,0,200.0
10109728SILVAB_2026-03-25_G25,10109728SILVAB,2026-03-25,110325,1,4,0,193.0
10109728SILVAB_2026-03-25_G26,10109728SILVAB,2026-03-25,141997,1,2,0,374.0
10109728SILVAB_2026-03-25_G27,10109728SILVAB,2026-03-25,118317,1,2,0,152.0
10109728SILVAB_2026-03-25_G28,10109728SILVAB,2026-03-25,111743,2,10,6,944.0
10109728SILVAB_2026-03-25_G29,10109728SILVAB,2026-03-25,111569,1,8,0,1780.0
10109728SILVAB_2026-03-25_G30,10109728SILVAB,2026-03-25,110372,1,10,0,269.0
10109728SILVAB_2026-03-25_G31,10109728SILVAB,2026-03-25,118299,1,10,0,98.0
10109728SILVAB_2026-03-25_G32,10109728SILVAB,2026-03-25,117808,1,4,0,77.0
10109728SILVAB_2026-03-25_G33,10109728SILVAB,2026-03-25,110325,1,10,0,168.0
10109728SILVAB_2026-03-25_G34,10109728SILVAB,2026-03-25,117834,1,8,0,507.0
10109728SILVAB_2026-03-25_G35,10109728SILVAB,2026-03-25,111445,1,12,0,157.0
10109728SILVAB_2026-03-25_G36,10109728SILVAB,2026-03-25,118250,1,8,0,92.0
10109728SILVAB_2026-03-25_G37,10109728SILVAB,2026-03-25,118253,1,12,0,401.0
10109728SILVAB_2026-03-25_G38,10109728SILVAB,2026-03-25,118251,1,8,0,525.0
10109728SILVAB_2026-03-25_G39,10109728SILVAB,2026-03-25,117289,1,4,0,399.0
10109728SILVAB_2026-03-25_G40,10109728SILVAB,2026-03-25,111330,1,1,0,195.0
10109728SILVAB_2026-03-25_G41,10109728SILVAB,2026-03-25,110371,1,10,0,205.0
10109729SILVAA_2025-01-23_G02,10109729SILVAA,2025-01-23,117820,2,24,21,162.0
10109729SILVAA_2025-01-23_G03,10109729SILVAA,2025-01-23,117820,1,24,0,137.0
10109729SILVAA_2025-01-23_G04,10109729SILVAA,2025-01-23,117820,1,14,0,194.0
10109729SILVAA_2025-01-23_G05,10109729SILVAA,2025-01-23,117820,1,24,0,566.0
10109729SILVAA_2025-01-23_G06,10109729SILVAA,2025-01-23,110374,1,20,0,611.0
10109729SILVAA_2025-01-23_G07,10109729SILVAA,2025-01-23,118299,1,1,0,120.0
10109729SILVAA_2025-01-23_G08,10109729SILVAA,2025-01-23,118299,1,20,0,187.0
10109729SILVAA_2025-01-23_G09,10109729SILVAA,2025-01-23,110373,1,20,0,456.0
10109729SILVAA_2025-01-23_G10,10109729SILVAA,2025-01-23,118140,1,4,0,476.0
10109729SILVAA_2025-01-23_G11,10109729SILVAA,2025-01-23,111466,1,5,0,92.0
10109729SILVAA_2025-01-23_G12,10109729SILVAA,2025-01-23,111442,1,5,0,126.0
10109729SILVAA_2025-01-23_G13,10109729SILVAA,2025-01-23,109641,1,8,0,169.0
10109729SILVAA_2025-01-23_G14,10109729SILVAA,2025-01-23,117831,1,4,0,112.0
10109729SILVAA_2025-01-23_G15,10109729SILVAA,2025-01-23,110787,1,4,0,67.0
10109729SILVAA_2025-01-23_G16,10109729SILVAA,2025-01-23,110745,1,3,0,79.0
10109729SILVAA_2025-01-23_G17,10109729SILVAA,2025-01-23,108711,1,2,0,83.0
10109729SILVAA_2025-01-23_G18,10109729SILVAA,2025-01-23,111462,1,4,0,154.0
10109729SILVAA_2025-01-23_G19,10109729SILVAA,2025-01-23,110372,1,10,0,94.0
10109729SILVAA_2025-01-23_G20,10109729SILVAA,2025-01-23,109640,1,3,0,752.0
10109729SILVAA_2025-01-23_G21,10109729SILVAA,2025-01-23,109640,1,9,0,272.0
10109729SILVAA_2025-01-23_G22,10109729SILVAA,2025-01-23,110515,1,4,0,364.0
10109729SILVAA_2025-01-23_G23,10109729SILVAA,2025-01-23,141047,1,4,0,347.0
10109729SILVAA_2025-01-23_G24,10109729SILVAA,2025-01-23,117855,1,8,0,311.0
10109729SILVAA_2025-01-23_G25,10109729SILVAA,2025-01-23,111466,1,7,0,181.0
10109729SILVAA_2025-01-23_G26,10109729SILVAA,2025-01-23,118222,1,5,0,430.0
10109729SILVAA_2025-01-23_G27,10109729SILVAA,2025-01-23,111569,1,20,0,637.0
10109729SILVAA_2025-01-23_G28,10109729SILVAA,2025-01-23,111442,1,10,0,877.0
10109729SILVAA_2025-01-23_G29,10109729SILVAA,2025-01-23,117785,1,10,0,216.0
10109729SILVAA_2025-01-23_G30,10109729SILVAA,2025-01-23,117820,1,10,0,229.0
10109729SILVAA_2025-01-23_G31,10109729SILVAA,2025-01-23,111602,1,24,0,1020.0
10109729SILVAA_2025-01-23_G32,10109729SILVAA,2025-01-23,111602,1,40,0,742.0
10109729SILVAA_2025-01-23_G33,10109729SILVAA,2025-01-23,110733,1,1,0,832.0
10109729SILVAA_2025-01-23_G35,10109729SILVAA,2025-01-23,108711,1,10,0,134.0
10109729SILVAA_2025-01-23_G36,10109729SILVAA,2025-01-23,111743,1,4,0,98.0
10109729SILVAA_2025-01-23_G37,10109729SILVAA,2025-01-23,117832,1,6,0,155.0
10109729SILVAA_2025-01-23_G38,10109729SILVAA,2025-01-23,110733,1,9,0,353.0
10109729SILVAA_2025-01-23_G39,10109729SILVAA,2025-01-23,117785,1,8,0,231.0
10109729SILVAA_2025-01-23_G40,10109729SILVAA,2025-01-23,111602,1,20,0,390.0
10109729SILVAA_2025-01-23_G41,10109729SILVAA,2025-01-23,110515,1,4,0,172.0
10109729SILVAA_2025-01-23_G42,10109729SILVAA,2025-01-23,118299,1,20,0,188.0
10109729SILVAA_2025-01-23_G43,10109729SILVAA,2025-01-23,110373,1,8,0,467.0
10109729SILVAA_2025-01-23_G44,10109729SILVAA,2025-01-23,111602,1,5,0,187.0
10109729SILVAA_2025-01-23_G45,10109729SILVAA,2025-01-23,111438,1,4,0,450.0
10109729SILVAA_2025-01-23_G46,10109729SILVAA,2025-01-23,111430,1,4,0,99.0
10109729SILVAA_2025-01-23_G47,10109729SILVAA,2025-01-23,111569,1,8,0,93.0
10109729SILVAA_2025-01-23_G48,10109729SILVAA,2025-01-23,110747,1,2,0,83.0
10109729SILVAA_2025-01-23_G49,10109729SILVAA,2025-01-23,118094,1,4,0,176.0
10109729SILVAA_2025-01-23_G50,10109729SILVAA,2025-01-23,111462,1,8,0,169.0
10109729SILVAA_2025-01-23_G51,10109729SILVAA,2025-01-23,111463,1,12,0,174.0
10109729SILVAA_2025-01-23_G52,10109729SILVAA,2025-01-23,111443,1,4,0,124.0
10109729SILVAA_2025-01-23_G53,10109729SILVAA,2025-01-23,108711,1,8,0,102.0
10109729SILVAA_2025-01-23_G54,10109729SILVAA,2025-01-23,111435,1,4,0,132.0
10109729SILVAA_2025-01-23_G55,10109729SILVAA,2025-01-23,118140,1,5,0,147.0
10109729SILVAA_2025-01-23_G56,10109729SILVAA,2025-01-23,111530,1,8,0,1023.0
10109729SILVAA_2025-01-23_G57,10109729SILVAA,2025-01-23,111530,1,12,0,225.0
10109729SILVAA_2025-01-23_G58,10109729SILVAA,2025-01-23,110313,1,8,0,395.0
10109729SILVAA_2025-01-24_G02,10109729SILVAA,2025-01-24,111438,1,4,0,226.0
10109729SILVAA_2025-01-24_G03,10109729SILVAA,2025-01-24,110742,1,4,0,81.0
10109729SILVAA_2025-01-24_G04,10109729SILVAA,2025-01-24,111569,1,8,0,123.0
10109729SILVAA_2025-01-24_G05,10109729SILVAA,2025-01-24,110747,1,4,0,143.0
10109729SILVAA_2025-01-24_G06,10109729SILVAA,2025-01-24,109495,1,4,0,138.0
10109729SILVAA_2025-01-24_G07,10109729SILVAA,2025-01-24,106865,1,2,0,61.0
10109729SILVAA_2025-01-24_G08,10109729SILVAA,2025-01-24,105272,1,2,0,43.0
10109729SILVAA_2025-01-24_G09,10109729SILVAA,2025-01-24,"110310, 107254",2,6,17,250.0
10109729SILVAA_2025-01-24_G10,10109729SILVAA,2025-01-24,118094,1,12,0,273.0
10109729SILVAA_2025-01-24_G11,10109729SILVAA,2025-01-24,104308,1,2,0,271.0
10109729SILVAA_2025-01-24_G12,10109729SILVAA,2025-01-24,109640,1,8,0,494.0
10109729SILVAA_2025-01-24_G13,10109729SILVAA,2025-01-24,111876,1,4,0,87.0
10109729SILVAA_2025-01-24_G14,10109729SILVAA,2025-01-24,117786,1,8,0,204.0
10109729SILVAA_2025-01-24_G15,10109729SILVAA,2025-01-24,110711,1,8,0,127.0
10109729SILVAA_2025-01-24_G16,10109729SILVAA,2025-01-24,101217,1,6,0,98.0
10109729SILVAA_2025-01-24_G17,10109729SILVAA,2025-01-24,110339,1,8,0,178.0
10109729SILVAA_2025-01-24_G18,10109729SILVAA,2025-01-24,118403,1,4,0,74.0
10109729SILVAA_2025-01-24_G19,10109729SILVAA,2025-01-24,110580,1,4,0,41.0
10109729SILVAA_2025-01-24_G20,10109729SILVAA,2025-01-24,110756,1,4,0,209.0
10109729SILVAA_2025-01-24_G21,10109729SILVAA,2025-01-24,110752,1,8,0,465.0
10109729SILVAA_2025-01-24_G22,10109729SILVAA,2025-01-24,110313,1,16,0,392.0
10109729SILVAA_2025-01-24_G23,10109729SILVAA,2025-01-24,110515,1,24,0,264.0
10109729SILVAA_2025-01-24_G24,10109729SILVAA,2025-01-24,110751,1,8,0,589.0
10109729SILVAA_2025-01-24_G25,10109729SILVAA,2025-01-24,111465,1,3,0,48.0
10109729SILVAA_2025-01-24_G26,10109729SILVAA,2025-01-24,110129,1,8,0,168.0
10109729SILVAA_2025-01-24_G27,10109729SILVAA,2025-01-24,108795,1,4,0,65.0
10109729SILVAA_2025-01-24_G28,10109729SILVAA,2025-01-24,111469,1,12,0,508.0
10109729SILVAA_2025-01-24_G29,10109729SILVAA,2025-01-24,110743,1,8,0,131.0
10109729SILVAA_2025-01-24_G30,10109729SILVAA,2025-01-24,117833,1,4,0,87.0
10109729SILVAA_2025-01-24_G31,10109729SILVAA,2025-01-24,105705,1,12,0,223.0
10109729SILVAA_2025-01-24_G32,10109729SILVAA,2025-01-24,108736,1,12,0,138.0
10109729SILVAA_2025-01-24_G33,10109729SILVAA,2025-01-24,110787,1,16,0,133.0
10109729SILVAA_2025-01-24_G34,10109729SILVAA,2025-01-24,117785,1,40,0,583.0
10109729SILVAA_2025-01-24_G35,10109729SILVAA,2025-01-24,117820,1,20,0,281.0
10109729SILVAA_2025-01-24_G36,10109729SILVAA,2025-01-24,107830,1,16,0,154.0
10109729SILVAA_2025-01-24_G37,10109729SILVAA,2025-01-24,110372,1,100,0,601.0
10109729SILVAA_2025-01-24_G38,10109729SILVAA,2025-01-24,110376,1,7,0,92.0
10109729SILVAA_2025-01-24_G39,10109729SILVAA,2025-01-24,110376,1,1,0,47.0
10109729SILVAA_2025-01-24_G40,10109729SILVAA,2025-01-24,117809,1,50,0,350.0
10109729SILVAA_2025-01-24_G41,10109729SILVAA,2025-01-24,110371,1,28,0,676.0
10109729SILVAA_2025-01-24_G42,10109729SILVAA,2025-01-24,114091,1,4,0,102.0
10109729SILVAA_2025-01-24_G43,10109729SILVAA,2025-01-24,140911,1,8,0,650.0
10109729SILVAA_2025-01-24_G44,10109729SILVAA,2025-01-24,111850,1,8,0,263.0
10109729SILVAA_2025-01-24_G45,10109729SILVAA,2025-01-24,103149,1,2,0,101.0
10109729SILVAA_2025-01-24_G46,10109729SILVAA,2025-01-24,111569,1,12,0,201.0
10109729SILVAA_2025-01-24_G47,10109729SILVAA,2025-01-24,103148,1,2,0,117.0
10109729SILVAA_2025-01-24_G48,10109729SILVAA,2025-01-24,118306,1,3,0,126.0
10109729SILVAA_2025-01-24_G49,10109729SILVAA,2025-01-24,111444,1,4,0,270.0
10109729SILVAA_2025-01-24_G50,10109729SILVAA,2025-01-24,111469,1,120,0,923.0
10109729SILVAA_2025-01-24_G51,10109729SILVAA,2025-01-24,111469,1,40,0,48.0
10109729SILVAA_2025-01-24_G52,10109729SILVAA,2025-01-24,107236,1,50,0,615.0
10109729SILVAA_2025-01-24_G53,10109729SILVAA,2025-01-24,110376,1,14,0,212.0
10109729SILVAA_2025-01-24_G54,10109729SILVAA,2025-01-24,118299,1,4,0,273.0
10109729SILVAA_2025-01-24_G55,10109729SILVAA,2025-01-24,118299,1,300,0,1625.0
10109729SILVAA_2025-01-24_G57,10109729SILVAA,2025-01-24,100334,1,2,0,2354.0
10109729SILVAA_2025-01-24_G58,10109729SILVAA,2025-01-24,118290,1,1,0,216.0
10109729SILVAA_2025-01-24_G59,10109729SILVAA,2025-01-24,118094,1,2,0,162.0
10109729SILVAA_2025-01-24_G60,10109729SILVAA,2025-01-24,110711,1,2,0,106.0
10109729SILVAA_2025-01-24_G61,10109729SILVAA,2025-01-24,117862,1,3,0,84.0
10109729SILVAA_2025-01-24_G62,10109729SILVAA,2025-01-24,110339,1,1,0,154.0
10109729SILVAA_2025-01-24_G63,10109729SILVAA,2025-01-24,111433,1,3,0,145.0
10109729SILVAA_2025-01-24_G64,10109729SILVAA,2025-01-24,105705,1,1,0,143.0
10109729SILVAA_2025-01-24_G65,10109729SILVAA,2025-01-24,110372,1,20,0,78.0
10109729SILVAA_2025-01-24_G66,10109729SILVAA,2025-01-24,109643,1,3,0,178.0
10109729SILVAA_2025-01-24_G67,10109729SILVAA,2025-01-24,109937,1,3,0,404.0
10109729SILVAA_2025-01-24_G68,10109729SILVAA,2025-01-24,118094,1,2,0,76.0
10109729SILVAA_2025-01-24_G69,10109729SILVAA,2025-01-24,109641,1,2,0,66.0
10109729SILVAA_2025-01-24_G70,10109729SILVAA,2025-01-24,117820,1,1,0,63.0
10109729SILVAA_2025-01-24_G71,10109729SILVAA,2025-01-24,110747,1,3,0,150.0
10109729SILVAA_2025-01-24_G72,10109729SILVAA,2025-01-24,117862,1,4,0,117.0
10109729SILVAA_2025-01-24_G73,10109729SILVAA,2025-01-24,111433,1,4,0,150.0
10109729SILVAA_2025-01-24_G74,10109729SILVAA,2025-01-24,110372,1,2,0,107.0
10109729SILVAA_2025-01-24_G75,10109729SILVAA,2025-01-24,109643,1,3,0,58.0
10109729SILVAA_2025-01-24_G76,10109729SILVAA,2025-01-24,109643,1,7,0,617.0
10109729SILVAA_2025-01-24_G77,10109729SILVAA,2025-01-24,118140,1,2,0,356.0
10109729SILVAA_2025-01-24_G78,10109729SILVAA,2025-01-24,111443,1,2,0,184.0
10109729SILVAA_2025-01-24_G79,10109729SILVAA,2025-01-24,117831,1,2,0,111.0
10109729SILVAA_2025-01-27_G02,10109729SILVAA,2025-01-27,109747,1,1,0,36.0
10109729SILVAA_2025-01-27_G03,10109729SILVAA,2025-01-27,110374,1,18,0,206.0
10109729SILVAA_2025-01-27_G04,10109729SILVAA,2025-01-27,110374,1,39,0,71.0
10109729SILVAA_2025-01-27_G05,10109729SILVAA,2025-01-27,110374,3,47,20,38.0
10109729SILVAA_2025-01-27_G06,10109729SILVAA,2025-01-27,160054,2,6,20,646.0
10109729SILVAA_2025-01-27_G07,10109729SILVAA,2025-01-27,160051,1,2,0,61.0
10109729SILVAA_2025-01-27_G08,10109729SILVAA,2025-01-27,107830,1,8,0,69.0
10109729SILVAA_2025-01-27_G09,10109729SILVAA,2025-01-27,110373,1,12,0,145.0
10109729SILVAA_2025-01-27_G10,10109729SILVAA,2025-01-27,118299,1,12,0,126.0
10109729SILVAA_2025-01-27_G11,10109729SILVAA,2025-01-27,110371,3,6,34,143.0
10109729SILVAA_2025-01-27_G12,10109729SILVAA,2025-01-27,117830,2,13,14,93.0
10109729SILVAA_2025-01-27_G13,10109729SILVAA,2025-01-27,110372,4,83,26,194.0
10109729SILVAA_2025-01-27_G14,10109729SILVAA,2025-01-27,110376,2,8,11,622.0
10109729SILVAA_2025-01-27_G15,10109729SILVAA,2025-01-27,109643,1,2,0,69.0
10109729SILVAA_2025-01-27_G16,10109729SILVAA,2025-01-27,110373,3,20,19,527.0
10109729SILVAA_2025-01-27_G17,10109729SILVAA,2025-01-27,118299,2,82,13,195.0
10109729SILVAA_2025-01-27_G18,10109729SILVAA,2025-01-27,117808,4,51,37,294.0
10109729SILVAA_2025-01-27_G19,10109729SILVAA,2025-01-27,110515,2,5,17,1598.0
10109729SILVAA_2025-01-27_G20,10109729SILVAA,2025-01-27,110711,1,1,0,138.0
10109729SILVAA_2025-01-27_G21,10109729SILVAA,2025-01-27,111468,1,2,0,106.0
10109729SILVAA_2025-01-27_G22,10109729SILVAA,2025-01-27,108711,1,2,0,115.0
10109729SILVAA_2025-01-27_G23,10109729SILVAA,2025-01-27,110515,1,8,0,122.0
10109729SILVAA_2025-01-27_G24,10109729SILVAA,2025-01-27,111444,1,8,0,254.0
10109729SILVAA_2025-01-27_G25,10109729SILVAA,2025-01-27,118094,1,2,0,162.0
10109729SILVAA_2025-01-27_G26,10109729SILVAA,2025-01-27,"118299, 109643",2,3,9,237.0
10109729SILVAA_2025-01-27_G27,10109729SILVAA,2025-01-27,110515,1,1,0,440.0
10109729SILVAA_2025-01-27_G28,10109729SILVAA,2025-01-27,111444,1,6,0,159.0
10109729SILVAA_2025-01-27_G29,10109729SILVAA,2025-01-27,117821,1,11,0,290.0
10109729SILVAA_2025-01-27_G30,10109729SILVAA,2025-01-27,111463,1,9,0,288.0
10109729SILVAA_2025-01-27_G31,10109729SILVAA,2025-01-27,110313,1,4,0,294.0
10109729SILVAA_2025-01-27_G32,10109729SILVAA,2025-01-27,110711,1,1,0,157.0
10109729SILVAA_2025-01-27_G33,10109729SILVAA,2025-01-27,"110787, 111463",2,3,23,131.0
10109729SILVAA_2025-01-27_G34,10109729SILVAA,2025-01-27,117820,1,1,0,61.0
10109729SILVAA_2025-01-27_G35,10109729SILVAA,2025-01-27,109937,1,4,0,1357.0
10109729SILVAA_2025-01-27_G36,10109729SILVAA,2025-01-27,100334,1,19,0,215.0
10109729SILVAA_2025-01-27_G37,10109729SILVAA,2025-01-27,111602,1,16,0,1798.0
10109729SILVAA_2025-01-27_G38,10109729SILVAA,2025-01-27,111569,1,1,0,231.0
10109729SILVAA_2025-01-27_G39,10109729SILVAA,2025-01-27,118317,1,1,0,135.0
10109729SILVAA_2025-01-27_G40,10109729SILVAA,2025-01-27,110339,1,3,0,133.0
10109729SILVAA_2025-01-27_G41,10109729SILVAA,2025-01-27,111598,1,2,0,41.0
10109729SILVAA_2025-01-27_G42,10109729SILVAA,2025-01-27,110711,1,2,0,96.0
10109729SILVAA_2025-01-27_G43,10109729SILVAA,2025-01-27,111602,1,4,0,179.0
10109729SILVAA_2025-01-27_G44,10109729SILVAA,2025-01-27,110313,1,3,0,151.0
10109729SILVAA_2025-01-27_G46,10109729SILVAA,2025-01-27,"110372, 117808",2,6,13,38.0
10109729SILVAA_2025-01-27_G47,10109729SILVAA,2025-01-27,110515,1,1,0,359.0
10109729SILVAA_2025-01-27_G48,10109729SILVAA,2025-01-27,"111418, 110787, 111463",3,12,24,42.0
10109729SILVAA_2025-01-27_G49,10109729SILVAA,2025-01-27,110515,1,4,0,1070.0
10109729SILVAA_2025-01-27_G50,10109729SILVAA,2025-01-27,110515,1,2,0,849.0
10109729SILVAA_2025-01-27_G51,10109729SILVAA,2025-01-27,118299,1,6,0,285.0
10109729SILVAA_2025-01-27_G52,10109729SILVAA,2025-01-27,110515,1,1,0,124.0
10109729SILVAA_2025-01-27_G53,10109729SILVAA,2025-01-27,111348,1,4,0,170.0
10109729SILVAA_2025-01-27_G54,10109729SILVAA,2025-01-27,110373,1,10,0,139.0
10109729SILVAA_2025-01-27_G55,10109729SILVAA,2025-01-27,110515,1,4,0,125.0
10109729SILVAA_2025-01-27_G56,10109729SILVAA,2025-01-27,110373,1,6,0,158.0
10109729SILVAA_2025-01-27_G57,10109729SILVAA,2025-01-27,110373,1,4,0,117.0
10109729SILVAA_2025-01-27_G58,10109729SILVAA,2025-01-27,110515,1,1,0,83.0
10109729SILVAA_2025-01-27_G59,10109729SILVAA,2025-01-27,118299,1,4,0,148.0
10109729SILVAA_2025-01-27_G60,10109729SILVAA,2025-01-27,111660,1,1,0,73.0
10109729SILVAA_2025-01-27_G61,10109729SILVAA,2025-01-27,110515,1,3,0,264.0
10109729SILVAA_2025-01-27_G62,10109729SILVAA,2025-01-27,110515,1,2,0,147.0
10109729SILVAA_2025-01-27_G63,10109729SILVAA,2025-01-27,117821,1,1,0,121.0
10109729SILVAA_2025-01-27_G64,10109729SILVAA,2025-01-27,110372,1,4,0,115.0
10109729SILVAA_2025-01-27_G65,10109729SILVAA,2025-01-27,117808,1,200,0,1103.0
10109729SILVAA_2025-01-27_G66,10109729SILVAA,2025-01-27,117820,1,8,0,515.0
10109729SILVAA_2025-01-27_G67,10109729SILVAA,2025-01-27,114099,1,12,0,391.0
10109729SILVAA_2025-01-27_G68,10109729SILVAA,2025-01-27,118285,1,20,0,510.0
10109729SILVAA_2025-01-28_G02,10109729SILVAA,2025-01-28,110313,1,20,0,458.0
10109729SILVAA_2025-01-28_G03,10109729SILVAA,2025-01-28,110752,1,6,0,112.0
10109729SILVAA_2025-01-28_G04,10109729SILVAA,2025-01-28,117855,1,30,0,302.0
10109729SILVAA_2025-01-28_G05,10109729SILVAA,2025-01-28,118094,1,20,0,300.0
10109729SILVAA_2025-01-28_G06,10109729SILVAA,2025-01-28,141047,1,6,0,292.0
10109729SILVAA_2025-01-28_G07,10109729SILVAA,2025-01-28,111602,2,34,6,317.0
10109729SILVAA_2025-01-28_G08,10109729SILVAA,2025-01-28,117862,1,10,0,257.0
10109729SILVAA_2025-01-28_G09,10109729SILVAA,2025-01-28,118004,2,30,29,277.0
10109729SILVAA_2025-01-28_G10,10109729SILVAA,2025-01-28,111530,1,40,0,913.0
10109729SILVAA_2025-01-28_G11,10109729SILVAA,2025-01-28,111532,1,10,0,103.0
10109729SILVAA_2025-01-28_G12,10109729SILVAA,2025-01-28,140922,1,20,0,110.0
10109729SILVAA_2025-01-28_G13,10109729SILVAA,2025-01-28,118140,1,20,0,1038.0
10109729SILVAA_2025-01-28_G14,10109729SILVAA,2025-01-28,111418,2,34,18,243.0
10109729SILVAA_2025-01-28_G15,10109729SILVAA,2025-01-28,109645,1,10,0,340.0
10109729SILVAA_2025-01-28_G16,10109729SILVAA,2025-01-28,111465,1,10,0,94.0
10109729SILVAA_2025-01-28_G17,10109729SILVAA,2025-01-28,111462,1,18,0,538.0
10109729SILVAA_2025-01-28_G18,10109729SILVAA,2025-01-28,110515,1,60,0,892.0
10109729SILVAA_2025-01-28_G19,10109729SILVAA,2025-01-28,110375,1,10,0,178.0
10109729SILVAA_2025-01-28_G20,10109729SILVAA,2025-01-28,110325,1,20,0,308.0
10109729SILVAA_2025-01-28_G21,10109729SILVAA,2025-01-28,117832,1,30,0,193.0
10109729SILVAA_2025-01-28_G22,10109729SILVAA,2025-01-28,117820,1,40,0,201.0
10109729SILVAA_2025-01-28_G23,10109729SILVAA,2025-01-28,110372,1,100,0,655.0
10109729SILVAA_2025-01-28_G24,10109729SILVAA,2025-01-28,110895,1,46,0,1402.0
10109729SILVAA_2025-01-28_G25,10109729SILVAA,2025-01-28,111660,1,8,0,325.0
10109729SILVAA_2025-01-28_G26,10109729SILVAA,2025-01-28,140922,1,25,0,67.0
10109729SILVAA_2025-01-28_G27,10109729SILVAA,2025-01-28,111418,1,9,0,556.0
10109729SILVAA_2025-01-28_G28,10109729SILVAA,2025-01-28,111466,1,120,0,751.0
10109729SILVAA_2025-01-28_G29,10109729SILVAA,2025-01-28,118299,1,160,0,1712.0
10109729SILVAA_2025-01-28_G30,10109729SILVAA,2025-01-28,110373,1,65,0,815.0
10109729SILVAA_2025-01-28_G32,10109729SILVAA,2025-01-28,111743,1,62,0,988.0
10109729SILVAA_2025-01-28_G33,10109729SILVAA,2025-01-28,115773,1,5,0,178.0
10109729SILVAA_2025-01-28_G34,10109729SILVAA,2025-01-28,117785,1,432,0,1171.0
10109729SILVAA_2025-01-28_G35,10109729SILVAA,2025-01-28,111182,1,2,0,423.0
10109729SILVAA_2025-01-28_G36,10109729SILVAA,2025-01-28,111330,1,9,0,87.0
10109729SILVAA_2025-01-28_G37,10109729SILVAA,2025-01-28,107236,1,8,0,293.0
10109729SILVAA_2025-01-28_G38,10109729SILVAA,2025-01-28,118317,3,12,20,117.0
10109729SILVAA_2025-01-28_G39,10109729SILVAA,2025-01-28,117785,1,6,0,178.0
10109729SILVAA_2025-01-28_G40,10109729SILVAA,2025-01-28,140922,1,10,0,79.0
10109729SILVAA_2025-01-28_G41,10109729SILVAA,2025-01-28,108711,1,9,0,106.0
10109729SILVAA_2025-01-29_G02,10109729SILVAA,2025-01-29,109641,1,4,0,81.0
10109729SILVAA_2025-01-29_G03,10109729SILVAA,2025-01-29,111433,1,4,0,117.0
10109729SILVAA_2025-01-29_G04,10109729SILVAA,2025-01-29,118140,1,4,0,77.0
10109729SILVAA_2025-01-29_G05,10109729SILVAA,2025-01-29,117831,2,5,23,99.0
10109729SILVAA_2025-01-29_G06,10109729SILVAA,2025-01-29,109645,1,4,0,177.0
10109729SILVAA_2025-01-29_G07,10109729SILVAA,2025-01-29,109645,1,4,0,32.0
10109729SILVAA_2025-01-29_G08,10109729SILVAA,2025-01-29,117785,1,8,0,75.0
10109729SILVAA_2025-01-29_G09,10109729SILVAA,2025-01-29,111465,1,8,0,131.0
10109729SILVAA_2025-01-29_G10,10109729SILVAA,2025-01-29,117821,1,4,0,209.0
10109729SILVAA_2025-01-29_G11,10109729SILVAA,2025-01-29,111469,1,8,0,34.0
10109729SILVAA_2025-01-29_G12,10109729SILVAA,2025-01-29,111463,2,24,10,148.0
10109729SILVAA_2025-01-29_G13,10109729SILVAA,2025-01-29,111462,1,2,0,32.0
10109729SILVAA_2025-01-29_G14,10109729SILVAA,2025-01-29,111462,1,4,0,49.0
10109729SILVAA_2025-01-29_G15,10109729SILVAA,2025-01-29,110339,1,2,0,506.0
10109729SILVAA_2025-01-29_G16,10109729SILVAA,2025-01-29,111602,2,6,21,123.0
10109729SILVAA_2025-01-29_G17,10109729SILVAA,2025-01-29,109647,1,1,0,98.0
10109729SILVAA_2025-01-29_G18,10109729SILVAA,2025-01-29,110371,4,19,39,141.0
10109729SILVAA_2025-01-29_G19,10109729SILVAA,2025-01-29,110373,2,35,8,594.0
10109729SILVAA_2025-01-29_G20,10109729SILVAA,2025-01-29,117808,2,75,13,542.0
10109729SILVAA_2025-01-29_G21,10109729SILVAA,2025-01-29,117832,1,4,0,187.0
10109729SILVAA_2025-01-29_G22,10109729SILVAA,2025-01-29,117820,1,3,0,352.0
10109729SILVAA_2025-01-29_G23,10109729SILVAA,2025-01-29,110372,1,42,0,2053.0
10109729SILVAA_2025-01-29_G24,10109729SILVAA,2025-01-29,118004,1,2,0,954.0
10109729SILVAA_2025-01-29_G25,10109729SILVAA,2025-01-29,"110373, 117832",2,4,15,187.0
10109729SILVAA_2025-01-29_G26,10109729SILVAA,2025-01-29,111602,1,12,0,156.0
10109729SILVAA_2025-01-29_G27,10109729SILVAA,2025-01-29,110515,1,5,0,308.0
10109729SILVAA_2025-01-29_G28,10109729SILVAA,2025-01-29,111602,1,8,0,684.0
10109729SILVAA_2025-01-29_G29,10109729SILVAA,2025-01-29,109640,1,8,0,371.0
10109729SILVAA_2025-01-29_G30,10109729SILVAA,2025-01-29,111569,1,20,0,347.0
10109729SILVAA_2025-01-29_G31,10109729SILVAA,2025-01-29,141047,1,20,0,1347.0
10109729SILVAA_2025-01-29_G32,10109729SILVAA,2025-01-29,110747,2,40,9,230.0
10109729SILVAA_2025-01-29_G33,10109729SILVAA,2025-01-29,111446,1,28,0,775.0
10109729SILVAA_2025-01-29_G34,10109729SILVAA,2025-01-29,117831,1,20,0,834.0
10109729SILVAA_2025-01-29_G35,10109729SILVAA,2025-01-29,110373,1,30,0,311.0
10109729SILVAA_2025-01-29_G36,10109729SILVAA,2025-01-29,117830,1,20,0,263.0
10109729SILVAA_2025-01-29_G38,10109729SILVAA,2025-01-29,110339,1,2,0,86.0
10109729SILVAA_2025-01-29_G39,10109729SILVAA,2025-01-29,110580,1,4,0,161.0
10109729SILVAA_2025-01-29_G40,10109729SILVAA,2025-01-29,110313,1,5,0,85.0
10109729SILVAA_2025-01-29_G41,10109729SILVAA,2025-01-29,110752,1,3,0,74.0
10109729SILVAA_2025-01-29_G42,10109729SILVAA,2025-01-29,117861,1,4,0,117.0
10109729SILVAA_2025-01-29_G43,10109729SILVAA,2025-01-29,109647,1,2,0,72.0
10109729SILVAA_2025-01-29_G44,10109729SILVAA,2025-01-29,110515,1,11,0,57.0
10109729SILVAA_2025-01-29_G45,10109729SILVAA,2025-01-29,117786,1,5,0,153.0
10109729SILVAA_2025-01-29_G46,10109729SILVAA,2025-01-29,110371,1,20,0,164.0
10109729SILVAA_2025-01-29_G47,10109729SILVAA,2025-01-29,117808,1,40,0,442.0
10109729SILVAA_2025-01-29_G48,10109729SILVAA,2025-01-29,107830,1,6,0,449.0
10109729SILVAA_2025-01-29_G49,10109729SILVAA,2025-01-29,117832,1,8,0,113.0
10109729SILVAA_2025-01-29_G50,10109729SILVAA,2025-01-29,110371,1,20,0,100.0
10109729SILVAA_2025-01-29_G51,10109729SILVAA,2025-01-29,110373,1,40,0,508.0
10109729SILVAA_2025-01-29_G52,10109729SILVAA,2025-01-29,117830,1,20,0,618.0
10109729SILVAA_2025-01-29_G53,10109729SILVAA,2025-01-29,117820,1,20,0,213.0
10109729SILVAA_2025-01-29_G54,10109729SILVAA,2025-01-29,110313,1,1,0,413.0
10109729SILVAA_2025-01-29_G55,10109729SILVAA,2025-01-29,110515,1,4,0,67.0
10109729SILVAA_2025-01-29_G56,10109729SILVAA,2025-01-29,109641,1,4,0,310.0
10109729SILVAA_2025-01-29_G57,10109729SILVAA,2025-01-29,111433,1,2,0,46.0
10109729SILVAA_2025-01-29_G58,10109729SILVAA,2025-01-29,118140,1,4,0,63.0
10109729SILVAA_2025-01-29_G59,10109729SILVAA,2025-01-29,117831,1,4,0,40.0
10109729SILVAA_2025-01-29_G60,10109729SILVAA,2025-01-29,110787,1,5,0,58.0
10109729SILVAA_2025-01-29_G61,10109729SILVAA,2025-01-29,108795,1,2,0,91.0
10109729SILVAA_2025-01-29_G62,10109729SILVAA,2025-01-29,108711,1,3,0,70.0
10109729SILVAA_2025-01-29_G63,10109729SILVAA,2025-01-29,105705,1,2,0,66.0
10109729SILVAA_2025-01-29_G64,10109729SILVAA,2025-01-29,117821,1,4,0,99.0
10109729SILVAA_2025-01-29_G65,10109729SILVAA,2025-01-29,111469,1,5,0,60.0
10109729SILVAA_2025-01-29_G66,10109729SILVAA,2025-01-29,120002,1,2,0,524.0
10109729SILVAA_2025-01-30_G02,10109729SILVAA,2025-01-30,111602,1,4,0,113.0
10109729SILVAA_2025-01-30_G03,10109729SILVAA,2025-01-30,110515,1,28,0,516.0
10109729SILVAA_2025-01-30_G04,10109729SILVAA,2025-01-30,118004,1,4,0,919.0
10109729SILVAA_2025-01-30_G05,10109729SILVAA,2025-01-30,118004,1,4,0,31.0
10109729SILVAA_2025-01-30_G06,10109729SILVAA,2025-01-30,105705,1,5,0,115.0
10109729SILVAA_2025-01-30_G07,10109729SILVAA,2025-01-30,160054,1,30,0,504.0
10109729SILVAA_2025-01-30_G08,10109729SILVAA,2025-01-30,111602,1,4,0,69.0
10109729SILVAA_2025-01-30_G09,10109729SILVAA,2025-01-30,100334,1,4,0,907.0
10109729SILVAA_2025-01-30_G10,10109729SILVAA,2025-01-30,109643,1,23,0,756.0
10109729SILVAA_2025-01-30_G11,10109729SILVAA,2025-01-30,118223,1,100,0,534.0
10109729SILVAA_2025-01-30_G12,10109729SILVAA,2025-01-30,117838,1,100,0,1314.0
10109729SILVAA_2025-01-30_G13,10109729SILVAA,2025-01-30,118299,1,200,0,713.0
10109729SILVAA_2025-01-30_G14,10109729SILVAA,2025-01-30,118299,1,80,0,95.0
10109729SILVAA_2025-01-30_G15,10109729SILVAA,2025-01-30,110373,2,43,14,815.0
10109729SILVAA_2025-01-30_G16,10109729SILVAA,2025-01-30,110372,1,10,0,246.0
10109729SILVAA_2025-01-30_G17,10109729SILVAA,2025-01-30,117820,2,15,15,173.0
10109729SILVAA_2025-01-30_G18,10109729SILVAA,2025-01-30,117808,1,2,0,331.0
10109729SILVAA_2025-01-30_G19,10109729SILVAA,2025-01-30,110371,1,20,0,3096.0
10109729SILVAA_2025-01-30_G20,10109729SILVAA,2025-01-30,118299,1,7,0,166.0
10109729SILVAA_2025-01-30_G21,10109729SILVAA,2025-01-30,160051,1,4,0,1540.0
10109729SILVAA_2025-01-30_G22,10109729SILVAA,2025-01-30,160057,1,2,0,56.0
10109729SILVAA_2025-01-30_G23,10109729SILVAA,2025-01-30,108795,1,8,0,613.0
10109729SILVAA_2025-01-30_G24,10109729SILVAA,2025-01-30,111443,1,2,0,110.0
10109729SILVAA_2025-01-30_G25,10109729SILVAA,2025-01-30,110371,1,2,0,94.0
10109729SILVAA_2025-01-30_G26,10109729SILVAA,2025-01-30,110374,1,29,0,295.0
10109729SILVAA_2025-01-30_G28,10109729SILVAA,2025-01-30,111418,1,10,0,188.0
10109729SILVAA_2025-01-30_G29,10109729SILVAA,2025-01-30,117841,1,4,0,201.0
10109729SILVAA_2025-01-30_G30,10109729SILVAA,2025-01-30,111418,1,6,0,133.0
10109729SILVAA_2025-01-30_G31,10109729SILVAA,2025-01-30,120002,1,4,0,868.0
10109729SILVAA_2025-01-30_G32,10109729SILVAA,2025-01-30,160053,1,1,0,684.0
10109729SILVAA_2025-01-30_G33,10109729SILVAA,2025-01-30,140911,1,4,0,250.0
10109729SILVAA_2025-01-30_G34,10109729SILVAA,2025-01-30,111743,1,4,0,866.0
10109729SILVAA_2025-01-30_G35,10109729SILVAA,2025-01-30,110515,1,4,0,169.0
10109729SILVAA_2025-01-30_G36,10109729SILVAA,2025-01-30,110080,1,1,0,667.0
10109729SILVAA_2025-01-30_G37,10109729SILVAA,2025-01-30,118222,1,2,0,91.0
10109729SILVAA_2025-01-30_G38,10109729SILVAA,2025-01-30,111569,1,2,0,282.0
10109729SILVAA_2025-01-30_G39,10109729SILVAA,2025-01-30,111532,1,10,0,220.0
10109729SILVAA_2025-01-30_G40,10109729SILVAA,2025-01-30,117831,1,30,0,359.0
10109729SILVAA_2025-01-30_G41,10109729SILVAA,2025-01-30,111418,2,100,15,209.0
10109729SILVAA_2025-01-30_G42,10109729SILVAA,2025-01-30,117785,1,7,0,755.0
10109729SILVAA_2025-01-31_G02,10109729SILVAA,2025-01-31,140922,1,8,0,293.0
10109729SILVAA_2025-01-31_G03,10109729SILVAA,2025-01-31,118140,1,4,0,203.0
10109729SILVAA_2025-01-31_G04,10109729SILVAA,2025-01-31,111532,1,4,0,163.0
10109729SILVAA_2025-01-31_G05,10109729SILVAA,2025-01-31,140911,1,2,0,93.0
10109729SILVAA_2025-01-31_G06,10109729SILVAA,2025-01-31,110373,1,50,0,384.0
10109729SILVAA_2025-01-31_G07,10109729SILVAA,2025-01-31,111465,1,3,0,708.0
10109729SILVAA_2025-01-31_G08,10109729SILVAA,2025-01-31,111660,1,4,0,206.0
10109729SILVAA_2025-01-31_G09,10109729SILVAA,2025-01-31,117786,1,6,0,117.0
10109729SILVAA_2025-01-31_G10,10109729SILVAA,2025-01-31,110515,1,97,0,412.0
10109729SILVAA_2025-01-31_G11,10109729SILVAA,2025-01-31,111602,1,50,0,2535.0
10109729SILVAA_2025-01-31_G12,10109729SILVAA,2025-01-31,111602,1,50,0,37.0
10109729SILVAA_2025-01-31_G13,10109729SILVAA,2025-01-31,117935,1,16,0,811.0
10109729SILVAA_2025-01-31_G14,10109729SILVAA,2025-01-31,111532,2,26,12,255.0
10109729SILVAA_2025-01-31_G15,10109729SILVAA,2025-01-31,111743,1,5,0,421.0
10109729SILVAA_2025-01-31_G16,10109729SILVAA,2025-01-31,140922,1,5,0,180.0
10109729SILVAA_2025-01-31_G17,10109729SILVAA,2025-01-31,111462,1,6,0,85.0
10109729SILVAA_2025-01-31_G18,10109729SILVAA,2025-01-31,118004,1,60,0,481.0
10109729SILVAA_2025-01-31_G19,10109729SILVAA,2025-01-31,111418,1,51,0,95.0
10109729SILVAA_2025-01-31_G20,10109729SILVAA,2025-01-31,110374,1,8,0,679.0
10109729SILVAA_2025-01-31_G21,10109729SILVAA,2025-01-31,110325,1,20,0,132.0
10109729SILVAA_2025-01-31_G22,10109729SILVAA,2025-01-31,117832,1,20,0,253.0
10109729SILVAA_2025-01-31_G23,10109729SILVAA,2025-01-31,110371,1,20,0,154.0
10109729SILVAA_2025-01-31_G24,10109729SILVAA,2025-01-31,140922,1,40,0,355.0
10109729SILVAA_2025-01-31_G25,10109729SILVAA,2025-01-31,111532,1,12,0,1438.0
10109729SILVAA_2025-01-31_G26,10109729SILVAA,2025-01-31,111436,1,37,0,545.0
10109729SILVAA_2025-01-31_G27,10109729SILVAA,2025-01-31,118004,1,20,0,1731.0
10109729SILVAA_2025-01-31_G28,10109729SILVAA,2025-01-31,111532,1,4,0,72.0
10109729SILVAA_2025-01-31_G29,10109729SILVAA,2025-01-31,110325,1,4,0,486.0
10109729SILVAA_2025-01-31_G30,10109729SILVAA,2025-01-31,111602,1,6,0,116.0
10109729SILVAA_2025-01-31_G31,10109729SILVAA,2025-01-31,110711,1,8,0,339.0
10109729SILVAA_2025-01-31_G32,10109729SILVAA,2025-01-31,110747,1,10,0,133.0
10109729SILVAA_2025-01-31_G33,10109729SILVAA,2025-01-31,111598,1,10,0,280.0
10109729SILVAA_2025-01-31_G34,10109729SILVAA,2025-01-31,110313,1,8,0,126.0
10109729SILVAA_2025-01-31_G35,10109729SILVAA,2025-01-31,110515,1,6,0,661.0
10109729SILVAA_2025-01-31_G36,10109729SILVAA,2025-01-31,117862,1,7,0,279.0
10109729SILVAA_2025-01-31_G38,10109729SILVAA,2025-01-31,111466,1,20,0,785.0
10109729SILVAA_2025-01-31_G39,10109729SILVAA,2025-01-31,117831,1,20,0,399.0
10109729SILVAA_2025-01-31_G40,10109729SILVAA,2025-01-31,111418,1,20,0,188.0
10109729SILVAA_2025-01-31_G41,10109729SILVAA,2025-01-31,140922,1,20,0,157.0
10109729SILVAA_2025-01-31_G42,10109729SILVAA,2025-01-31,117841,1,10,0,381.0
10109729SILVAA_2025-01-31_G43,10109729SILVAA,2025-01-31,111469,1,20,0,381.0
10109729SILVAA_2025-01-31_G44,10109729SILVAA,2025-01-31,117785,1,40,0,380.0
10109729SILVAA_2025-01-31_G45,10109729SILVAA,2025-01-31,117830,1,20,0,620.0
10109729SILVAA_2025-01-31_G46,10109729SILVAA,2025-01-31,110374,1,20,0,439.0
10109729SILVAA_2025-01-31_G47,10109729SILVAA,2025-01-31,110373,3,54,23,123.0
10109729SILVAA_2025-01-31_G48,10109729SILVAA,2025-01-31,110325,1,3,0,980.0
10109729SILVAA_2025-01-31_G49,10109729SILVAA,2025-01-31,111530,1,14,0,635.0
10109729SILVAA_2025-01-31_G50,10109729SILVAA,2025-01-31,117841,1,9,0,158.0
10109729SILVAA_2025-01-31_G51,10109729SILVAA,2025-01-31,110371,1,3,0,90.0
10109729SILVAA_2025-01-31_G52,10109729SILVAA,2025-01-31,111602,1,16,0,272.0
10109729SILVAA_2025-01-31_G53,10109729SILVAA,2025-01-31,118004,3,8,18,94.0
10109729SILVAA_2025-01-31_G54,10109729SILVAA,2025-01-31,140922,1,4,0,175.0
10109729SILVAA_2025-02-06_G02,10109729SILVAA,2025-02-06,110895,1,4,0,66.0
10109729SILVAA_2025-02-06_G03,10109729SILVAA,2025-02-06,111439,1,6,0,136.0
10109729SILVAA_2025-02-06_G04,10109729SILVAA,2025-02-06,110752,1,4,0,84.0
10109729SILVAA_2025-02-06_G05,10109729SILVAA,2025-02-06,111467,1,4,0,70.0
10109729SILVAA_2025-02-06_G06,10109729SILVAA,2025-02-06,109640,1,6,0,133.0
10109729SILVAA_2025-02-06_G07,10109729SILVAA,2025-02-06,110711,1,2,0,181.0
10109729SILVAA_2025-02-06_G08,10109729SILVAA,2025-02-06,111182,1,4,0,146.0
10109729SILVAA_2025-02-06_G09,10109729SILVAA,2025-02-06,111466,1,17,0,493.0
10109729SILVAA_2025-02-06_G10,10109729SILVAA,2025-02-06,111172,1,3,0,117.0
10109729SILVAA_2025-02-06_G11,10109729SILVAA,2025-02-06,111532,1,10,0,223.0
10109729SILVAA_2025-02-06_G12,10109729SILVAA,2025-02-06,118004,1,2,0,31.0
10109729SILVAA_2025-02-06_G13,10109729SILVAA,2025-02-06,111418,1,17,0,424.0
10109729SILVAA_2025-02-06_G14,10109729SILVAA,2025-02-06,140922,1,8,0,128.0
10109729SILVAA_2025-02-06_G15,10109729SILVAA,2025-02-06,117841,1,4,0,110.0
10109729SILVAA_2025-02-06_G16,10109729SILVAA,2025-02-06,120002,1,4,0,104.0
10109729SILVAA_2025-02-06_G17,10109729SILVAA,2025-02-06,117821,1,12,0,137.0
10109729SILVAA_2025-02-06_G18,10109729SILVAA,2025-02-06,110371,1,8,0,202.0
10109729SILVAA_2025-02-06_G19,10109729SILVAA,2025-02-06,110372,1,8,0,529.0
10109729SILVAA_2025-02-06_G20,10109729SILVAA,2025-02-06,117830,1,7,0,150.0
10109729SILVAA_2025-02-06_G21,10109729SILVAA,2025-02-06,109643,1,8,0,148.0
10109729SILVAA_2025-02-06_G22,10109729SILVAA,2025-02-06,110373,1,55,0,564.0
10109729SILVAA_2025-02-06_G23,10109729SILVAA,2025-02-06,117808,1,30,0,964.0
10109729SILVAA_2025-02-06_G24,10109729SILVAA,2025-02-06,110515,1,4,0,133.0
10109729SILVAA_2025-02-07_G02,10109729SILVAA,2025-02-07,109643,1,20,0,1950.0
10109729SILVAA_2025-02-07_G03,10109729SILVAA,2025-02-07,109643,1,4,0,359.0
10109729SILVAA_2025-02-07_G04,10109729SILVAA,2025-02-07,"117786, 110374",2,8,29,124.0
10109729SILVAA_2025-02-07_G05,10109729SILVAA,2025-02-07,110895,1,2,0,2372.0
10109729SILVAA_2025-02-07_G06,10109729SILVAA,2025-02-07,111182,1,3,0,110.0
10109729SILVAA_2025-02-07_G07,10109729SILVAA,2025-02-07,111532,1,4,0,141.0
10109729SILVAA_2025-02-07_G08,10109729SILVAA,2025-02-07,109641,1,10,0,130.0
10109729SILVAA_2025-02-10_G02,10109729SILVAA,2025-02-10,110747,1,2,0,152.0
10109729SILVAA_2025-02-10_G03,10109729SILVAA,2025-02-10,111467,1,4,0,146.0
10109729SILVAA_2025-02-10_G04,10109729SILVAA,2025-02-10,110515,1,1,0,72.0
10109729SILVAA_2025-02-10_G05,10109729SILVAA,2025-02-10,110373,1,4,0,164.0
10109729SILVAA_2025-02-10_G06,10109729SILVAA,2025-02-10,110374,1,1,0,106.0
10109729SILVAA_2025-02-10_G07,10109729SILVAA,2025-02-10,160054,1,1,0,123.0
10109729SILVAA_2025-02-10_G08,10109729SILVAA,2025-02-10,117809,1,2,0,101.0
10109729SILVAA_2025-02-10_G09,10109729SILVAA,2025-02-10,117820,2,7,10,69.0
10109729SILVAA_2025-02-10_G10,10109729SILVAA,2025-02-10,110742,1,1,0,413.0
10109729SILVAA_2025-02-10_G11,10109729SILVAA,2025-02-10,109933,1,2,0,112.0
10109729SILVAA_2025-02-10_G12,10109729SILVAA,2025-02-10,111850,1,4,0,113.0
10109729SILVAA_2025-02-10_G13,10109729SILVAA,2025-02-10,118306,1,2,0,123.0
10109729SILVAA_2025-02-10_G14,10109729SILVAA,2025-02-10,111120,1,2,0,90.0
10109729SILVAA_2025-02-10_G15,10109729SILVAA,2025-02-10,111602,2,3,7,119.0
10109729SILVAA_2025-02-10_G16,10109729SILVAA,2025-02-10,110581,1,2,0,60.0
10109729SILVAA_2025-02-10_G17,10109729SILVAA,2025-02-10,109647,1,1,0,76.0
10109729SILVAA_2025-02-10_G18,10109729SILVAA,2025-02-10,110515,1,3,0,49.0
10109729SILVAA_2025-02-10_G19,10109729SILVAA,2025-02-10,141047,2,4,16,291.0
10109729SILVAA_2025-02-10_G20,10109729SILVAA,2025-02-10,110740,2,9,9,1502.0
10109729SILVAA_2025-02-10_G21,10109729SILVAA,2025-02-10,111468,1,1,0,99.0
10109729SILVAA_2025-02-10_G22,10109729SILVAA,2025-02-10,117838,1,1,0,154.0
10109729SILVAA_2025-02-10_G23,10109729SILVAA,2025-02-10,"110745, 111348",2,5,27,81.0
10109729SILVAA_2025-02-10_G24,10109729SILVAA,2025-02-10,108795,1,6,0,103.0
10109729SILVAA_2025-02-10_G25,10109729SILVAA,2025-02-10,117787,1,1,0,56.0
10109729SILVAA_2025-02-10_G26,10109729SILVAA,2025-02-10,111469,1,8,0,117.0
10109729SILVAA_2025-02-10_G27,10109729SILVAA,2025-02-10,110372,1,7,0,137.0
10109729SILVAA_2025-02-10_G28,10109729SILVAA,2025-02-10,111467,1,2,0,551.0
10109729SILVAA_2025-02-10_G29,10109729SILVAA,2025-02-10,118094,1,2,0,166.0
10109729SILVAA_2025-02-10_G30,10109729SILVAA,2025-02-10,111530,1,6,0,80.0
10109729SILVAA_2025-02-10_G31,10109729SILVAA,2025-02-10,117831,2,8,11,197.0
10109729SILVAA_2025-02-10_G32,10109729SILVAA,2025-02-10,111418,2,2,7,108.0
10109729SILVAA_2025-02-10_G33,10109729SILVAA,2025-02-10,110787,1,2,0,59.0
10109729SILVAA_2025-02-10_G34,10109729SILVAA,2025-02-10,117787,1,1,0,112.0
10109729SILVAA_2025-02-10_G35,10109729SILVAA,2025-02-10,111462,1,6,0,107.0
10109729SILVAA_2025-02-10_G36,10109729SILVAA,2025-02-10,110372,1,24,0,109.0
10109729SILVAA_2025-02-10_G37,10109729SILVAA,2025-02-10,110373,1,2,0,169.0
10109729SILVAA_2025-02-10_G38,10109729SILVAA,2025-02-10,110325,1,5,0,116.0
10109729SILVAA_2025-02-10_G39,10109729SILVAA,2025-02-10,111602,2,14,17,641.0
10109729SILVAA_2025-02-10_G40,10109729SILVAA,2025-02-10,110515,2,3,8,188.0
10109729SILVAA_2025-02-10_G41,10109729SILVAA,2025-02-10,111530,1,1,0,75.0
10109729SILVAA_2025-02-10_G42,10109729SILVAA,2025-02-10,111466,1,4,0,389.0
10109729SILVAA_2025-02-10_G43,10109729SILVAA,2025-02-10,111172,1,2,0,119.0
10109729SILVAA_2025-02-10_G44,10109729SILVAA,2025-02-10,107236,1,1,0,32.0
10109729SILVAA_2025-02-10_G45,10109729SILVAA,2025-02-10,110372,2,20,7,1130.0
10109729SILVAA_2025-02-10_G46,10109729SILVAA,2025-02-10,107830,1,2,0,137.0
10109729SILVAA_2025-02-10_G47,10109729SILVAA,2025-02-10,109643,1,4,0,84.0
10109729SILVAA_2025-02-10_G48,10109729SILVAA,2025-02-10,111602,1,2,0,1135.0
10109729SILVAA_2025-02-10_G49,10109729SILVAA,2025-02-10,110339,1,2,0,96.0
10109729SILVAA_2025-02-10_G50,10109729SILVAA,2025-02-10,110515,1,1,0,47.0
10109729SILVAA_2025-02-10_G51,10109729SILVAA,2025-02-10,111530,1,1,0,49.0
10109729SILVAA_2025-02-10_G52,10109729SILVAA,2025-02-10,141047,1,2,0,88.0
10109729SILVAA_2025-02-10_G53,10109729SILVAA,2025-02-10,117862,1,2,0,80.0
10109729SILVAA_2025-02-10_G54,10109729SILVAA,2025-02-10,111532,1,1,0,141.0
10109729SILVAA_2025-02-10_G55,10109729SILVAA,2025-02-10,118140,1,2,0,80.0
10109729SILVAA_2025-02-10_G56,10109729SILVAA,2025-02-10,110787,1,4,0,115.0
10109729SILVAA_2025-02-10_G57,10109729SILVAA,2025-02-10,117785,2,9,9,57.0
10109729SILVAA_2025-02-10_G58,10109729SILVAA,2025-02-10,117787,1,2,0,333.0
10109729SILVAA_2025-02-10_G59,10109729SILVAA,2025-02-10,117833,1,2,0,55.0
10109729SILVAA_2025-02-10_G60,10109729SILVAA,2025-02-10,105705,1,1,0,95.0
10109729SILVAA_2025-02-10_G61,10109729SILVAA,2025-02-10,111469,1,3,0,33.0
10109729SILVAA_2025-02-10_G62,10109729SILVAA,2025-02-10,110373,1,1,0,146.0
10109729SILVAA_2025-02-10_G63,10109729SILVAA,2025-02-10,117832,1,2,0,62.0
10109729SILVAA_2025-02-10_G64,10109729SILVAA,2025-02-10,117809,1,1,0,79.0
10109729SILVAA_2025-02-10_G65,10109729SILVAA,2025-02-10,117820,2,10,8,47.0
10109729SILVAA_2025-02-10_G66,10109729SILVAA,2025-02-10,111602,1,2,0,371.0
10109729SILVAA_2025-02-10_G67,10109729SILVAA,2025-02-10,118094,1,2,0,59.0
10109729SILVAA_2025-02-10_G68,10109729SILVAA,2025-02-10,117861,1,4,0,57.0
10109729SILVAA_2025-02-10_G69,10109729SILVAA,2025-02-10,110515,1,3,0,107.0
10109729SILVAA_2025-02-10_G70,10109729SILVAA,2025-02-10,111532,1,8,0,102.0
10109729SILVAA_2025-02-10_G71,10109729SILVAA,2025-02-10,108798,1,2,0,110.0
10109729SILVAA_2025-02-10_G72,10109729SILVAA,2025-02-10,117833,1,2,0,75.0
10109729SILVAA_2025-02-10_G73,10109729SILVAA,2025-02-10,117822,1,2,0,133.0
10109729SILVAA_2025-02-10_G74,10109729SILVAA,2025-02-10,110325,1,4,0,57.0
10109729SILVAA_2025-02-10_G75,10109729SILVAA,2025-02-10,109747,1,2,0,44.0
10109729SILVAA_2025-02-10_G76,10109729SILVAA,2025-02-10,107830,1,2,0,109.0
10109729SILVAA_2025-02-10_G77,10109729SILVAA,2025-02-10,117832,1,2,0,95.0
10109729SILVAA_2025-02-10_G78,10109729SILVAA,2025-02-10,117830,1,10,0,77.0
10109729SILVAA_2025-02-10_G79,10109729SILVAA,2025-02-10,140922,1,2,0,676.0
10109729SILVAA_2025-02-10_G81,10109729SILVAA,2025-02-10,108759,1,5,0,95.0
10109729SILVAA_2025-02-10_G82,10109729SILVAA,2025-02-10,110749,1,7,0,483.0
10109729SILVAA_2025-02-10_G83,10109729SILVAA,2025-02-10,117835,1,12,0,34.0
10109729SILVAA_2025-02-10_G84,10109729SILVAA,2025-02-10,118283,1,16,0,1121.0
10109729SILVAA_2025-02-10_G85,10109729SILVAA,2025-02-10,140911,1,4,0,31.0
10109729SILVAA_2025-02-10_G86,10109729SILVAA,2025-02-10,111431,1,4,0,645.0
10109729SILVAA_2025-02-10_G87,10109729SILVAA,2025-02-10,110743,1,7,0,140.0
10109729SILVAA_2025-02-10_G88,10109729SILVAA,2025-02-10,111172,1,1,0,70.0
10109729SILVAA_2025-02-10_G89,10109729SILVAA,2025-02-10,118004,1,19,0,173.0
10109729SILVAA_2025-02-10_G90,10109729SILVAA,2025-02-10,111532,1,80,0,832.0
10109729SILVAA_2025-02-10_G91,10109729SILVAA,2025-02-10,110787,1,60,0,497.0
10109729SILVAA_2025-02-10_G92,10109729SILVAA,2025-02-10,117787,1,28,0,260.0
10109729SILVAA_2025-02-10_G93,10109729SILVAA,2025-02-10,117822,1,22,0,572.0
10109729SILVAA_2025-02-10_G94,10109729SILVAA,2025-02-10,114091,1,4,0,91.0
10109729SILVAA_2025-02-10_G95,10109729SILVAA,2025-02-10,109747,1,13,0,160.0
10109729SILVAA_2025-02-10_G96,10109729SILVAA,2025-02-10,118281,1,12,0,105.0
10109729SILVAA_2025-02-10_G97,10109729SILVAA,2025-02-10,110374,1,96,0,375.0
10109729SILVAA_2025-02-11_G02,10109729SILVAA,2025-02-11,111330,1,4,0,86.0
10109729SILVAA_2025-02-11_G03,10109729SILVAA,2025-02-11,117785,1,6,0,155.0
10109729SILVAA_2025-02-11_G04,10109729SILVAA,2025-02-11,111348,1,8,0,105.0
10109729SILVAA_2025-02-11_G05,10109729SILVAA,2025-02-11,111469,2,8,7,355.0
10109729SILVAA_2025-02-11_G06,10109729SILVAA,2025-02-11,118290,1,4,0,474.0
10109729SILVAA_2025-02-11_G07,10109729SILVAA,2025-02-11,111467,1,1,0,215.0
10109729SILVAA_2025-02-11_G08,10109729SILVAA,2025-02-11,111530,1,6,0,295.0
10109729SILVAA_2025-02-11_G09,10109729SILVAA,2025-02-11,117787,1,3,0,85.0
10109729SILVAA_2025-02-11_G10,10109729SILVAA,2025-02-11,111602,1,60,0,2300.0
10109729SILVAA_2025-02-11_G11,10109729SILVAA,2025-02-11,111530,1,4,0,420.0
10109729SILVAA_2025-02-11_G12,10109729SILVAA,2025-02-11,110895,1,4,0,147.0
10109729SILVAA_2025-02-11_G13,10109729SILVAA,2025-02-11,108795,1,2,0,108.0
10109729SILVAA_2025-02-11_G14,10109729SILVAA,2025-02-11,111743,1,3,0,102.0
10109729SILVAA_2025-02-11_G15,10109729SILVAA,2025-02-11,111467,1,6,0,259.0
10109729SILVAA_2025-02-11_G16,10109729SILVAA,2025-02-11,111602,1,12,0,135.0
10109729SILVAA_2025-02-11_G17,10109729SILVAA,2025-02-11,110374,1,12,0,272.0
10109729SILVAA_2025-02-11_G18,10109729SILVAA,2025-02-11,109641,1,4,0,158.0
10109729SILVAA_2025-02-11_G19,10109729SILVAA,2025-02-11,110374,1,2,0,1053.0
10109729SILVAA_2025-02-11_G20,10109729SILVAA,2025-02-11,111530,1,1,0,139.0
10109729SILVAA_2025-02-11_G21,10109729SILVAA,2025-02-11,111532,1,7,0,188.0
10109729SILVAA_2025-02-11_G22,10109729SILVAA,2025-02-11,110740,1,1,0,231.0
10109729SILVAA_2025-02-11_G23,10109729SILVAA,2025-02-11,110325,1,3,0,234.0
10109729SILVAA_2025-02-11_G24,10109729SILVAA,2025-02-11,100334,1,1,0,52.0
10109729SILVAA_2025-02-11_G25,10109729SILVAA,2025-02-11,118290,1,1,0,133.0
10109729SILVAA_2025-02-11_G26,10109729SILVAA,2025-02-11,110747,1,8,0,589.0
10109729SILVAA_2025-02-11_G27,10109729SILVAA,2025-02-11,111569,1,27,0,1886.0
10109729SILVAA_2025-02-11_G28,10109729SILVAA,2025-02-11,111469,1,100,0,429.0
10109729SILVAA_2025-02-11_G29,10109729SILVAA,2025-02-11,111467,1,18,0,861.0
10109729SILVAA_2025-02-11_G30,10109729SILVAA,2025-02-11,117855,1,3,0,54.0
10109729SILVAA_2025-02-11_G31,10109729SILVAA,2025-02-11,107629,1,4,0,149.0
10109729SILVAA_2025-02-11_G32,10109729SILVAA,2025-02-11,111532,2,17,10,100.0
10109729SILVAA_2025-02-11_G33,10109729SILVAA,2025-02-11,110740,1,6,0,163.0
10109729SILVAA_2025-02-11_G34,10109729SILVAA,2025-02-11,117787,1,2,0,488.0
10109729SILVAA_2025-02-11_G35,10109729SILVAA,2025-02-11,110325,1,12,0,155.0
10109729SILVAA_2025-02-11_G36,10109729SILVAA,2025-02-11,110374,2,6,6,85.0
10109729SILVAA_2025-02-11_G37,10109729SILVAA,2025-02-11,118222,1,8,0,1108.0
10109729SILVAA_2025-02-11_G38,10109729SILVAA,2025-02-11,111466,1,7,0,159.0
10109729SILVAA_2025-02-11_G39,10109729SILVAA,2025-02-11,111172,2,4,6,60.0
10109729SILVAA_2025-02-11_G40,10109729SILVAA,2025-02-11,"111532, 110740",2,10,27,180.0
10109729SILVAA_2025-02-11_G41,10109729SILVAA,2025-02-11,"110374, 109640",2,8,26,153.0
10109729SILVAA_2025-02-11_G42,10109729SILVAA,2025-02-11,117808,1,8,0,583.0
10109729SILVAA_2025-02-11_G43,10109729SILVAA,2025-02-11,117855,1,2,0,163.0
10109729SILVAA_2025-02-11_G44,10109729SILVAA,2025-02-11,111172,1,4,0,91.0
10109729SILVAA_2025-02-11_G45,10109729SILVAA,2025-02-11,110740,1,4,0,72.0
10109729SILVAA_2025-02-11_G46,10109729SILVAA,2025-02-11,110374,1,4,0,88.0
10109729SILVAA_2025-02-11_G47,10109729SILVAA,2025-02-11,110711,1,2,0,160.0
10109729SILVAA_2025-02-11_G48,10109729SILVAA,2025-02-11,110373,1,4,0,199.0
10109729SILVAA_2025-02-11_G50,10109729SILVAA,2025-02-11,100334,1,8,0,163.0
10109729SILVAA_2025-02-11_G51,10109729SILVAA,2025-02-11,118306,1,5,0,86.0
10109729SILVAA_2025-02-11_G52,10109729SILVAA,2025-02-11,110747,1,14,0,535.0
10109729SILVAA_2025-02-11_G53,10109729SILVAA,2025-02-11,118094,1,4,0,279.0
10109729SILVAA_2025-02-11_G54,10109729SILVAA,2025-02-11,141047,1,16,0,543.0
10109729SILVAA_2025-02-11_G55,10109729SILVAA,2025-02-11,117831,1,24,0,339.0
10109729SILVAA_2025-02-11_G56,10109729SILVAA,2025-02-11,109647,1,40,0,393.0
10109729SILVAA_2025-02-11_G57,10109729SILVAA,2025-02-11,118004,1,4,0,134.0
10109729SILVAA_2025-02-11_G58,10109729SILVAA,2025-02-11,110740,1,4,0,96.0
10109729SILVAA_2025-02-11_G59,10109729SILVAA,2025-02-11,118140,1,11,0,118.0
10109729SILVAA_2025-02-11_G60,10109729SILVAA,2025-02-11,111743,1,2,0,95.0
10109729SILVAA_2025-02-11_G61,10109729SILVAA,2025-02-11,110515,1,47,0,278.0
10109729SILVAA_2025-02-11_G62,10109729SILVAA,2025-02-11,117821,1,29,0,469.0
10109729SILVAA_2025-02-11_G63,10109729SILVAA,2025-02-11,111469,1,56,0,436.0
10109729SILVAA_2025-02-11_G64,10109729SILVAA,2025-02-11,110787,1,22,0,302.0
10109729SILVAA_2025-02-11_G65,10109729SILVAA,2025-02-11,109645,1,22,0,435.0
10109729SILVAA_2025-02-11_G66,10109729SILVAA,2025-02-11,117785,1,17,0,53.0
10109729SILVAA_2025-02-11_G67,10109729SILVAA,2025-02-11,110374,1,75,0,457.0
10109729SILVAA_2025-02-11_G68,10109729SILVAA,2025-02-11,111418,1,44,0,638.0
10109729SILVAA_2025-02-12_G02,10109729SILVAA,2025-02-12,110373,1,28,0,810.0
10109729SILVAA_2025-02-12_G03,10109729SILVAA,2025-02-12,110372,1,30,0,513.0
10109729SILVAA_2025-02-12_G04,10109729SILVAA,2025-02-12,110325,1,9,0,346.0
10109729SILVAA_2025-02-12_G05,10109729SILVAA,2025-02-12,110374,1,6,0,316.0
10109729SILVAA_2025-02-12_G06,10109729SILVAA,2025-02-12,107830,1,2,0,557.0
10109729SILVAA_2025-02-12_G07,10109729SILVAA,2025-02-12,118299,1,8,0,176.0
10109729SILVAA_2025-02-12_G08,10109729SILVAA,2025-02-12,117808,1,4,0,244.0
10109729SILVAA_2025-02-12_G09,10109729SILVAA,2025-02-12,160053,1,20,0,268.0
10109729SILVAA_2025-02-12_G10,10109729SILVAA,2025-02-12,110372,1,5,0,2403.0
10109729SILVAA_2025-02-12_G11,10109729SILVAA,2025-02-12,110374,1,6,0,334.0
10109729SILVAA_2025-02-12_G12,10109729SILVAA,2025-02-12,117820,1,4,0,176.0
10109729SILVAA_2025-02-12_G13,10109729SILVAA,2025-02-12,117837,1,2,0,1061.0
10109729SILVAA_2025-02-12_G14,10109729SILVAA,2025-02-12,117837,2,10,12,312.0
10109729SILVAA_2025-02-12_G15,10109729SILVAA,2025-02-12,110742,1,4,0,419.0
10109729SILVAA_2025-02-12_G16,10109729SILVAA,2025-02-12,111430,1,4,0,474.0
10109729SILVAA_2025-02-12_G17,10109729SILVAA,2025-02-12,118222,1,1,0,188.0
10109729SILVAA_2025-02-12_G18,10109729SILVAA,2025-02-12,111569,1,4,0,278.0
10109729SILVAA_2025-02-12_G19,10109729SILVAA,2025-02-12,118306,1,2,0,104.0
10109729SILVAA_2025-02-12_G20,10109729SILVAA,2025-02-12,110747,1,4,0,373.0
10109729SILVAA_2025-02-12_G21,10109729SILVAA,2025-02-12,111532,1,7,0,891.0
10109729SILVAA_2025-02-12_G22,10109729SILVAA,2025-02-12,117837,1,3,0,295.0
10109729SILVAA_2025-02-12_G23,10109729SILVAA,2025-02-12,117837,1,2,0,39.0
10109729SILVAA_2025-02-12_G24,10109729SILVAA,2025-02-12,100334,1,1,0,183.0
10109729SILVAA_2025-02-12_G25,10109729SILVAA,2025-02-12,111467,1,1,0,124.0
10109729SILVAA_2025-02-12_G26,10109729SILVAA,2025-02-12,118298,1,4,0,222.0
10109729SILVAA_2025-02-12_G27,10109729SILVAA,2025-02-12,110711,1,1,0,164.0
10109729SILVAA_2025-02-12_G28,10109729SILVAA,2025-02-12,141047,1,2,0,84.0
10109729SILVAA_2025-02-12_G29,10109729SILVAA,2025-02-12,116241,1,2,0,354.0
10109729SILVAA_2025-02-12_G30,10109729SILVAA,2025-02-12,117831,1,2,0,176.0
10109729SILVAA_2025-02-12_G31,10109729SILVAA,2025-02-12,111532,1,1,0,171.0
10109729SILVAA_2025-02-12_G32,10109729SILVAA,2025-02-12,140922,1,1,0,100.0
10109729SILVAA_2025-02-12_G33,10109729SILVAA,2025-02-12,118140,1,12,0,72.0
10109729SILVAA_2025-02-12_G34,10109729SILVAA,2025-02-12,111743,1,3,0,368.0
10109729SILVAA_2025-02-12_G35,10109729SILVAA,2025-02-12,111418,1,13,0,403.0
10109729SILVAA_2025-02-12_G36,10109729SILVAA,2025-02-12,117821,1,2,0,137.0
10109729SILVAA_2025-02-12_G37,10109729SILVAA,2025-02-12,111465,1,2,0,82.0
10109729SILVAA_2025-02-12_G38,10109729SILVAA,2025-02-12,111467,1,1,0,1270.0
10109729SILVAA_2025-02-12_G39,10109729SILVAA,2025-02-12,111602,1,2,0,402.0
10109729SILVAA_2025-02-12_G40,10109729SILVAA,2025-02-12,117855,1,6,0,273.0
10109729SILVAA_2025-02-12_G41,10109729SILVAA,2025-02-12,"118094, 111532",2,10,23,81.0
10109729SILVAA_2025-02-12_G42,10109729SILVAA,2025-02-12,108798,1,2,0,296.0
10109729SILVAA_2025-02-12_G43,10109729SILVAA,2025-02-12,117822,1,2,0,119.0
10109729SILVAA_2025-02-12_G44,10109729SILVAA,2025-02-12,110325,1,4,0,106.0
10109729SILVAA_2025-02-12_G45,10109729SILVAA,2025-02-12,117832,1,2,0,131.0
10109729SILVAA_2025-02-12_G46,10109729SILVAA,2025-02-12,117809,1,4,0,116.0
10109729SILVAA_2025-02-12_G47,10109729SILVAA,2025-02-12,109643,1,4,0,58.0
10109729SILVAA_2025-02-12_G48,10109729SILVAA,2025-02-12,"110325, 109747",2,3,21,236.0
10109729SILVAA_2025-02-12_G49,10109729SILVAA,2025-02-12,110371,1,20,0,424.0
10109729SILVAA_2025-02-12_G50,10109729SILVAA,2025-02-12,109747,1,20,0,165.0
10109729SILVAA_2025-02-12_G51,10109729SILVAA,2025-02-12,117830,1,10,0,120.0
10109729SILVAA_2025-02-12_G52,10109729SILVAA,2025-02-12,109643,1,14,0,93.0
10109729SILVAA_2025-02-12_G53,10109729SILVAA,2025-02-12,117820,1,30,0,559.0
10109729SILVAA_2025-02-12_G54,10109729SILVAA,2025-02-12,110372,1,50,0,649.0
10109729SILVAA_2025-02-12_G55,10109729SILVAA,2025-02-12,111466,1,30,0,297.0
10109729SILVAA_2025-02-12_G56,10109729SILVAA,2025-02-12,105705,1,1,0,346.0
10109729SILVAA_2025-02-12_G58,10109729SILVAA,2025-02-12,105705,1,14,0,191.0
10109729SILVAA_2025-02-12_G59,10109729SILVAA,2025-02-12,110373,1,91,0,894.0
10109729SILVAA_2025-02-12_G60,10109729SILVAA,2025-02-12,109747,1,350,0,1027.0
10109729SILVAA_2025-02-13_G02,10109729SILVAA,2025-02-13,117853,1,17,0,631.0
10109729SILVAA_2025-02-13_G03,10109729SILVAA,2025-02-13,111462,1,40,0,452.0
10109729SILVAA_2025-02-13_G04,10109729SILVAA,2025-02-13,117821,1,31,0,286.0
10109729SILVAA_2025-02-13_G05,10109729SILVAA,2025-02-13,117840,1,7,0,356.0
10109729SILVAA_2025-02-13_G06,10109729SILVAA,2025-02-13,118222,1,12,0,75.0
10109729SILVAA_2025-02-13_G07,10109729SILVAA,2025-02-13,117836,1,6,0,71.0
10109729SILVAA_2025-02-13_G08,10109729SILVAA,2025-02-13,100334,1,5,0,153.0
10109729SILVAA_2025-02-13_G09,10109729SILVAA,2025-02-13,111530,1,16,0,2482.0
10109729SILVAA_2025-02-13_G10,10109729SILVAA,2025-02-13,111466,1,120,0,243.0
10109729SILVAA_2025-02-13_G11,10109729SILVAA,2025-02-13,110374,1,111,0,660.0
10109729SILVAA_2025-02-13_G12,10109729SILVAA,2025-02-13,110374,1,120,0,201.0
10109729SILVAA_2025-02-13_G13,10109729SILVAA,2025-02-13,110373,1,120,0,710.0
10109729SILVAA_2025-02-13_G14,10109729SILVAA,2025-02-13,110372,1,200,0,478.0
10109729SILVAA_2025-02-13_G15,10109729SILVAA,2025-02-13,111530,1,10,0,513.0
10109729SILVAA_2025-02-13_G16,10109729SILVAA,2025-02-13,111602,1,20,0,448.0
10109729SILVAA_2025-02-13_G17,10109729SILVAA,2025-02-13,118222,1,2,0,96.0
10109729SILVAA_2025-02-13_G18,10109729SILVAA,2025-02-13,110895,1,2,0,166.0
10109729SILVAA_2025-02-13_G19,10109729SILVAA,2025-02-13,117855,2,8,6,72.0
10109729SILVAA_2025-02-13_G20,10109729SILVAA,2025-02-13,110371,1,4,0,118.0
10109729SILVAA_2025-02-13_G21,10109729SILVAA,2025-02-13,110373,1,22,0,391.0
10109729SILVAA_2025-02-13_G22,10109729SILVAA,2025-02-13,140922,1,6,0,281.0
10109729SILVAA_2025-02-13_G23,10109729SILVAA,2025-02-13,111172,1,4,0,92.0
10109729SILVAA_2025-02-13_G24,10109729SILVAA,2025-02-13,111530,1,4,0,1882.0
10109729SILVAA_2025-02-13_G25,10109729SILVAA,2025-02-13,111438,1,6,0,255.0
10109729SILVAA_2025-02-13_G26,10109729SILVAA,2025-02-13,110752,1,2,0,69.0
10109729SILVAA_2025-02-13_G27,10109729SILVAA,2025-02-13,117786,1,4,0,196.0
10109729SILVAA_2025-02-13_G28,10109729SILVAA,2025-02-13,118317,1,2,0,80.0
10109729SILVAA_2025-02-13_G29,10109729SILVAA,2025-02-13,111430,1,2,0,126.0
10109729SILVAA_2025-02-13_G30,10109729SILVAA,2025-02-13,111438,1,3,0,240.0
10109729SILVAA_2025-02-13_G31,10109729SILVAA,2025-02-13,111569,1,4,0,113.0
10109729SILVAA_2025-02-13_G32,10109729SILVAA,2025-02-13,110372,1,3,0,106.0
10109729SILVAA_2025-02-13_G33,10109729SILVAA,2025-02-13,117820,1,10,0,280.0
10109729SILVAA_2025-02-13_G34,10109729SILVAA,2025-02-13,108759,1,3,0,256.0
10109729SILVAA_2025-02-13_G35,10109729SILVAA,2025-02-13,108759,1,2,0,51.0
10109729SILVAA_2025-02-13_G36,10109729SILVAA,2025-02-13,118298,1,8,0,222.0
10109729SILVAA_2025-02-13_G37,10109729SILVAA,2025-02-13,111438,1,3,0,2903.0
10109729SILVAA_2025-02-13_G38,10109729SILVAA,2025-02-13,111418,1,2,0,69.0
10109729SILVAA_2025-02-13_G39,10109729SILVAA,2025-02-13,110787,1,4,0,358.0
10109729SILVAA_2025-02-13_G40,10109729SILVAA,2025-02-13,108711,1,3,0,251.0
10109729SILVAA_2025-02-13_G41,10109729SILVAA,2025-02-13,110325,1,4,0,80.0
10109729SILVAA_2025-02-13_G42,10109729SILVAA,2025-02-13,110742,1,4,0,162.0
10109729SILVAA_2025-02-13_G43,10109729SILVAA,2025-02-13,111438,1,4,0,175.0
10109729SILVAA_2025-02-13_G44,10109729SILVAA,2025-02-13,110325,1,3,0,83.0
10109729SILVAA_2025-02-13_G45,10109729SILVAA,2025-02-13,110373,1,1,0,43.0
10109729SILVAA_2025-02-13_G46,10109729SILVAA,2025-02-13,110372,1,2,0,39.0
10109729SILVAA_2025-02-13_G47,10109729SILVAA,2025-02-13,110787,1,1,0,138.0
10109729SILVAA_2025-02-13_G49,10109729SILVAA,2025-02-13,110339,1,12,0,186.0
10109729SILVAA_2025-02-13_G50,10109729SILVAA,2025-02-13,110750,1,4,0,81.0
10109729SILVAA_2025-02-13_G51,10109729SILVAA,2025-02-13,117786,1,5,0,125.0
10109729SILVAA_2025-02-13_G52,10109729SILVAA,2025-02-13,111418,1,14,0,240.0
10109729SILVAA_2025-02-13_G53,10109729SILVAA,2025-02-13,107236,1,1,0,86.0
10109729SILVAA_2025-02-13_G54,10109729SILVAA,2025-02-13,111532,1,8,0,129.0
10109729SILVAA_2025-02-13_G55,10109729SILVAA,2025-02-13,118004,1,4,0,49.0
10109729SILVAA_2025-02-13_G56,10109729SILVAA,2025-02-13,109645,1,2,0,79.0
10109729SILVAA_2025-02-13_G57,10109729SILVAA,2025-02-13,117785,1,16,0,131.0
10109729SILVAA_2025-02-13_G58,10109729SILVAA,2025-02-13,117787,1,1,0,64.0
10109729SILVAA_2025-02-13_G59,10109729SILVAA,2025-02-13,110373,1,20,0,356.0
10109729SILVAA_2025-02-13_G60,10109729SILVAA,2025-02-13,117832,1,7,0,101.0
10109729SILVAA_2025-02-13_G61,10109729SILVAA,2025-02-13,117809,1,9,0,140.0
10109729SILVAA_2025-02-13_G62,10109729SILVAA,2025-02-13,117837,1,4,0,552.0
10109729SILVAA_2025-02-13_G63,10109729SILVAA,2025-02-13,109645,1,2,0,110.0
10109729SILVAA_2025-02-13_G64,10109729SILVAA,2025-02-13,111465,1,2,0,113.0
10109729SILVAA_2025-02-13_G65,10109729SILVAA,2025-02-13,109643,1,8,0,308.0
10109729SILVAA_2025-02-13_G66,10109729SILVAA,2025-02-13,105705,1,4,0,110.0
10109729SILVAA_2025-02-13_G67,10109729SILVAA,2025-02-13,118094,1,4,0,146.0
10109729SILVAA_2025-02-13_G68,10109729SILVAA,2025-02-13,110895,1,4,0,150.0
10109729SILVAA_2025-02-13_G69,10109729SILVAA,2025-02-13,111602,1,8,0,145.0
10109729SILVAA_2025-02-14_G02,10109729SILVAA,2025-02-14,111467,1,16,0,1103.0
10109729SILVAA_2025-02-14_G03,10109729SILVAA,2025-02-14,111467,2,6,9,67.0
10109729SILVAA_2025-02-14_G04,10109729SILVAA,2025-02-14,117855,1,4,0,268.0
10109729SILVAA_2025-02-14_G05,10109729SILVAA,2025-02-14,117855,1,4,0,36.0
10109729SILVAA_2025-02-14_G06,10109729SILVAA,2025-02-14,"118094, 117861",2,6,18,135.0
10109729SILVAA_2025-02-14_G07,10109729SILVAA,2025-02-14,110339,1,12,0,156.0
10109729SILVAA_2025-02-14_G08,10109729SILVAA,2025-02-14,111530,1,10,0,53.0
10109729SILVAA_2025-02-14_G09,10109729SILVAA,2025-02-14,107629,4,12,22,132.0
10109729SILVAA_2025-02-14_G10,10109729SILVAA,2025-02-14,117862,1,10,0,456.0
10109729SILVAA_2025-02-14_G11,10109729SILVAA,2025-02-14,117837,1,4,0,33.0
10109729SILVAA_2025-02-14_G12,10109729SILVAA,2025-02-14,116241,1,2,0,198.0
10109729SILVAA_2025-02-14_G13,10109729SILVAA,2025-02-14,117831,1,4,0,127.0
10109729SILVAA_2025-02-14_G14,10109729SILVAA,2025-02-14,111418,1,20,0,127.0
10109729SILVAA_2025-02-14_G15,10109729SILVAA,2025-02-14,111172,1,4,0,75.0
10109729SILVAA_2025-02-14_G16,10109729SILVAA,2025-02-14,111532,1,4,0,57.0
10109729SILVAA_2025-02-14_G17,10109729SILVAA,2025-02-14,140922,1,4,0,57.0
10109729SILVAA_2025-02-14_G18,10109729SILVAA,2025-02-14,110740,1,8,0,62.0
10109729SILVAA_2025-02-14_G19,10109729SILVAA,2025-02-14,110740,1,15,0,343.0
10109729SILVAA_2025-02-14_G20,10109729SILVAA,2025-02-14,110787,1,10,0,147.0
10109729SILVAA_2025-02-14_G21,10109729SILVAA,2025-02-14,111743,1,4,0,114.0
10109729SILVAA_2025-02-14_G22,10109729SILVAA,2025-02-14,109645,1,6,0,134.0
10109729SILVAA_2025-02-14_G23,10109729SILVAA,2025-02-14,110745,1,14,0,64.0
10109729SILVAA_2025-02-14_G24,10109729SILVAA,2025-02-14,117787,1,4,0,382.0
10109729SILVAA_2025-02-14_G25,10109729SILVAA,2025-02-14,117787,2,4,7,112.0
10109729SILVAA_2025-02-14_G26,10109729SILVAA,2025-02-14,108711,1,8,0,77.0
10109729SILVAA_2025-02-14_G27,10109729SILVAA,2025-02-14,105705,1,8,0,104.0
10109729SILVAA_2025-02-14_G28,10109729SILVAA,2025-02-14,117821,1,4,0,100.0
10109729SILVAA_2025-02-14_G29,10109729SILVAA,2025-02-14,111465,1,8,0,150.0
10109729SILVAA_2025-02-14_G30,10109729SILVAA,2025-02-14,111462,1,30,0,140.0
10109729SILVAA_2025-02-14_G31,10109729SILVAA,2025-02-14,110325,1,8,0,497.0
10109729SILVAA_2025-02-14_G32,10109729SILVAA,2025-02-14,110375,1,8,0,168.0
10109729SILVAA_2025-02-14_G33,10109729SILVAA,2025-02-14,117809,1,8,0,128.0
10109729SILVAA_2025-02-14_G34,10109729SILVAA,2025-02-14,117808,1,90,0,604.0
10109729SILVAA_2025-02-14_G35,10109729SILVAA,2025-02-14,110372,1,50,0,1333.0
10109729SILVAA_2025-02-14_G36,10109729SILVAA,2025-02-14,141047,1,4,0,694.0
10109729SILVAA_2025-02-14_G37,10109729SILVAA,2025-02-14,111446,1,10,0,203.0
10109729SILVAA_2025-02-14_G38,10109729SILVAA,2025-02-14,110740,1,4,0,54.0
10109729SILVAA_2025-02-14_G39,10109729SILVAA,2025-02-14,100334,1,2,0,2152.0
10109729SILVAA_2025-02-14_G40,10109729SILVAA,2025-02-14,111532,1,2,0,94.0
10109729SILVAA_2025-02-14_G41,10109729SILVAA,2025-02-14,118140,1,9,0,133.0
10109729SILVAA_2025-02-14_G42,10109729SILVAA,2025-02-14,111462,1,4,0,62.0
10109729SILVAA_2025-02-14_G43,10109729SILVAA,2025-02-14,110371,1,7,0,425.0
10109729SILVAA_2025-02-14_G44,10109729SILVAA,2025-02-14,110372,1,6,0,142.0
10109729SILVAA_2025-02-14_G45,10109729SILVAA,2025-02-14,110325,1,3,0,63.0
10109729SILVAA_2025-02-14_G46,10109729SILVAA,2025-02-14,111602,1,2,0,374.0
10109729SILVAA_2025-02-14_G47,10109729SILVAA,2025-02-14,111438,1,1,0,300.0
10109729SILVAA_2025-02-14_G48,10109729SILVAA,2025-02-14,110515,1,1,0,118.0
10109729SILVAA_2025-02-14_G49,10109729SILVAA,2025-02-14,111569,1,3,0,180.0
10109729SILVAA_2025-02-14_G50,10109729SILVAA,2025-02-14,111418,1,4,0,145.0
10109729SILVAA_2025-02-14_G51,10109729SILVAA,2025-02-14,110371,1,1,0,191.0
10109729SILVAA_2025-02-14_G52,10109729SILVAA,2025-02-14,110374,1,2,0,57.0
10109729SILVAA_2025-02-14_G53,10109729SILVAA,2025-02-14,118299,1,616,0,1364.0
10109729SILVAA_2025-02-14_G55,10109729SILVAA,2025-02-14,117837,1,8,0,133.0
10109729SILVAA_2025-02-14_G56,10109729SILVAA,2025-02-14,109640,1,36,0,418.0
10109729SILVAA_2025-02-14_G57,10109729SILVAA,2025-02-14,111467,2,12,6,62.0
10109729SILVAA_2025-02-14_G58,10109729SILVAA,2025-02-14,110339,1,24,0,463.0
10109729SILVAA_2025-02-14_G59,10109729SILVAA,2025-02-14,141047,1,8,0,392.0
10109729SILVAA_2025-02-14_G60,10109729SILVAA,2025-02-14,117855,1,18,0,177.0
10109729SILVAA_2025-02-14_G61,10109729SILVAA,2025-02-14,117855,1,60,0,194.0
10109729SILVAA_2025-02-14_G62,10109729SILVAA,2025-02-14,117855,1,70,0,102.0
10109729SILVAA_2025-02-14_G63,10109729SILVAA,2025-02-14,111530,2,74,12,443.0
10109729SILVAA_2025-02-14_G64,10109729SILVAA,2025-02-14,117787,1,6,0,689.0
10109729SILVAA_2025-02-17_G02,10109729SILVAA,2025-02-17,140922,1,4,0,247.0
10109729SILVAA_2025-02-17_G03,10109729SILVAA,2025-02-17,109641,2,14,7,75.0
10109729SILVAA_2025-02-17_G04,10109729SILVAA,2025-02-17,110740,1,4,0,137.0
10109729SILVAA_2025-02-17_G05,10109729SILVAA,2025-02-17,111330,3,10,13,81.0
10109729SILVAA_2025-02-17_G06,10109729SILVAA,2025-02-17,111469,6,92,53,203.0
10109729SILVAA_2025-02-17_G07,10109729SILVAA,2025-02-17,117808,2,8,6,1322.0
10109729SILVAA_2025-02-17_G08,10109729SILVAA,2025-02-17,117830,1,9,0,120.0
10109729SILVAA_2025-02-17_G09,10109729SILVAA,2025-02-17,110313,1,9,0,959.0
10109729SILVAA_2025-02-17_G10,10109729SILVAA,2025-02-17,117861,1,8,0,46.0
10109729SILVAA_2025-02-17_G11,10109729SILVAA,2025-02-17,111530,1,11,0,274.0
10109729SILVAA_2025-02-17_G12,10109729SILVAA,2025-02-17,110745,1,12,0,80.0
10109729SILVAA_2025-02-17_G13,10109729SILVAA,2025-02-17,111469,1,6,0,270.0
10109729SILVAA_2025-02-17_G14,10109729SILVAA,2025-02-17,117809,1,9,0,169.0
10109729SILVAA_2025-02-17_G15,10109729SILVAA,2025-02-17,118299,1,20,0,1333.0
10109729SILVAA_2025-02-17_G16,10109729SILVAA,2025-02-17,110373,1,20,0,132.0
10109729SILVAA_2025-02-17_G17,10109729SILVAA,2025-02-17,110339,1,2,0,266.0
10109729SILVAA_2025-02-17_G18,10109729SILVAA,2025-02-17,117855,1,14,0,1066.0
10109729SILVAA_2025-02-17_G19,10109729SILVAA,2025-02-17,117808,1,1249,0,2608.0
10109729SILVAA_2025-02-17_G20,10109729SILVAA,2025-02-17,117785,1,260,0,956.0
10109729SILVAA_2025-02-17_G21,10109729SILVAA,2025-02-17,111430,1,4,0,2612.0
10109729SILVAA_2025-02-17_G22,10109729SILVAA,2025-02-17,111441,1,4,0,174.0
10109729SILVAA_2025-02-17_G23,10109729SILVAA,2025-02-17,110752,1,2,0,152.0
10109729SILVAA_2025-02-17_G24,10109729SILVAA,2025-02-17,117855,1,5,0,60.0
10109729SILVAA_2025-02-17_G25,10109729SILVAA,2025-02-17,111530,1,9,0,344.0
10109729SILVAA_2025-02-17_G26,10109729SILVAA,2025-02-17,140922,1,6,0,139.0
10109729SILVAA_2025-02-17_G27,10109729SILVAA,2025-02-17,110339,1,2,0,150.0
10109729SILVAA_2025-02-17_G28,10109729SILVAA,2025-02-17,118140,1,2,0,336.0
10109729SILVAA_2025-02-17_G29,10109729SILVAA,2025-02-17,110787,1,12,0,250.0
10109729SILVAA_2025-02-17_G30,10109729SILVAA,2025-02-17,111469,1,6,0,137.0
10109729SILVAA_2025-02-17_G31,10109729SILVAA,2025-02-17,108711,1,2,0,162.0
10109729SILVAA_2025-02-17_G32,10109729SILVAA,2025-02-17,110373,1,2,0,112.0
10109729SILVAA_2025-02-17_G33,10109729SILVAA,2025-02-17,110372,1,2,0,81.0
10109729SILVAA_2025-02-17_G34,10109729SILVAA,2025-02-17,110325,1,2,0,51.0
10109729SILVAA_2025-02-17_G36,10109729SILVAA,2025-02-17,111441,2,4,8,80.0
10109729SILVAA_2025-02-17_G37,10109729SILVAA,2025-02-17,116527,1,4,0,123.0
10109729SILVAA_2025-02-17_G38,10109729SILVAA,2025-02-17,111465,1,3,0,276.0
10109729SILVAA_2025-02-17_G39,10109729SILVAA,2025-02-17,118299,1,2,0,150.0
10109729SILVAA_2025-02-17_G40,10109729SILVAA,2025-02-17,110372,1,2,0,36.0
10109729SILVAA_2025-02-17_G41,10109729SILVAA,2025-02-17,109640,1,30,0,334.0
10109729SILVAA_2025-02-17_G42,10109729SILVAA,2025-02-17,110374,1,4,0,216.0
10109729SILVAA_2025-02-17_G43,10109729SILVAA,2025-02-17,110373,1,17,0,183.0
10109729SILVAA_2025-02-17_G44,10109729SILVAA,2025-02-17,110372,1,13,0,92.0
10109729SILVAA_2025-02-17_G45,10109729SILVAA,2025-02-17,110371,1,6,0,171.0
10109729SILVAA_2025-02-17_G46,10109729SILVAA,2025-02-17,117820,1,20,0,246.0
10109729SILVAA_2025-02-17_G47,10109729SILVAA,2025-02-17,117808,1,15,0,1273.0
10109729SILVAA_2025-02-17_G48,10109729SILVAA,2025-02-17,110895,1,1,0,201.0
10109729SILVAA_2025-02-17_G49,10109729SILVAA,2025-02-17,117855,1,5,0,55.0
10109729SILVAA_2025-02-17_G50,10109729SILVAA,2025-02-17,111466,1,4,0,118.0
10109729SILVAA_2025-02-17_G51,10109729SILVAA,2025-02-17,117785,1,2,0,95.0
10109729SILVAA_2025-02-17_G52,10109729SILVAA,2025-02-17,117808,1,1,0,118.0
10109729SILVAA_2025-02-17_G53,10109729SILVAA,2025-02-17,117808,1,6,0,2206.0
10109729SILVAA_2025-02-17_G54,10109729SILVAA,2025-02-17,110895,1,8,0,79.0
10109729SILVAA_2025-02-17_G55,10109729SILVAA,2025-02-17,118290,1,12,0,257.0
10109729SILVAA_2025-02-17_G56,10109729SILVAA,2025-02-17,110313,1,8,0,229.0
10109729SILVAA_2025-02-18_G02,10109729SILVAA,2025-02-18,117820,1,55,0,2605.0
10109729SILVAA_2025-02-18_G03,10109729SILVAA,2025-02-18,110747,1,1,0,1617.0
10109729SILVAA_2025-02-18_G04,10109729SILVAA,2025-02-18,111530,1,3,0,96.0
10109729SILVAA_2025-02-18_G05,10109729SILVAA,2025-02-18,111418,1,2,0,144.0
10109729SILVAA_2025-02-18_G06,10109729SILVAA,2025-02-18,110787,1,8,0,113.0
10109729SILVAA_2025-02-18_G07,10109729SILVAA,2025-02-18,118004,1,2,0,105.0
10109729SILVAA_2025-02-18_G08,10109729SILVAA,2025-02-18,111466,1,3,0,41.0
10109729SILVAA_2025-02-18_G09,10109729SILVAA,2025-02-18,111469,2,11,5,45.0
10109729SILVAA_2025-02-18_G10,10109729SILVAA,2025-02-18,111465,1,2,0,137.0
10109729SILVAA_2025-02-18_G11,10109729SILVAA,2025-02-18,118299,2,7,6,112.0
10109729SILVAA_2025-02-18_G12,10109729SILVAA,2025-02-18,110373,1,2,0,66.0
10109729SILVAA_2025-02-18_G13,10109729SILVAA,2025-02-18,110372,1,4,0,105.0
10109729SILVAA_2025-02-18_G14,10109729SILVAA,2025-02-18,117808,1,19,0,471.0
10109729SILVAA_2025-02-18_G15,10109729SILVAA,2025-02-18,111443,1,4,0,287.0
10109729SILVAA_2025-02-18_G16,10109729SILVAA,2025-02-18,111438,1,4,0,194.0
10109729SILVAA_2025-02-18_G17,10109729SILVAA,2025-02-18,110895,1,8,0,111.0
10109729SILVAA_2025-02-18_G18,10109729SILVAA,2025-02-18,100334,1,4,0,68.0
10109729SILVAA_2025-02-18_G19,10109729SILVAA,2025-02-18,111569,1,8,0,63.0
10109729SILVAA_2025-02-18_G20,10109729SILVAA,2025-02-18,111441,1,4,0,136.0
10109729SILVAA_2025-02-18_G21,10109729SILVAA,2025-02-18,111598,1,4,0,225.0
10109729SILVAA_2025-02-18_G22,10109729SILVAA,2025-02-18,111602,1,8,0,41.0
10109729SILVAA_2025-02-18_G23,10109729SILVAA,2025-02-18,109640,1,4,0,336.0
10109729SILVAA_2025-02-18_G24,10109729SILVAA,2025-02-18,110752,1,4,0,84.0
10109729SILVAA_2025-02-18_G25,10109729SILVAA,2025-02-18,110313,1,8,0,73.0
10109729SILVAA_2025-02-18_G26,10109729SILVAA,2025-02-18,111876,1,4,0,62.0
10109729SILVAA_2025-02-18_G27,10109729SILVAA,2025-02-18,110711,1,8,0,108.0
10109729SILVAA_2025-02-18_G28,10109729SILVAA,2025-02-18,141047,1,4,0,70.0
10109729SILVAA_2025-02-18_G29,10109729SILVAA,2025-02-18,110339,1,4,0,80.0
10109729SILVAA_2025-02-18_G30,10109729SILVAA,2025-02-18,111182,1,4,0,102.0
10109729SILVAA_2025-02-18_G31,10109729SILVAA,2025-02-18,111532,1,8,0,149.0
10109729SILVAA_2025-02-18_G32,10109729SILVAA,2025-02-18,140922,1,8,0,83.0
10109729SILVAA_2025-02-18_G33,10109729SILVAA,2025-02-18,111468,1,4,0,80.0
10109729SILVAA_2025-02-18_G34,10109729SILVAA,2025-02-18,"109641, 110740",2,8,25,93.0
10109729SILVAA_2025-02-18_G35,10109729SILVAA,2025-02-18,111330,1,2,0,284.0
10109729SILVAA_2025-02-18_G36,10109729SILVAA,2025-02-18,117785,1,12,0,93.0
10109729SILVAA_2025-02-18_G37,10109729SILVAA,2025-02-18,118140,1,8,0,83.0
10109729SILVAA_2025-02-18_G38,10109729SILVAA,2025-02-18,108711,1,8,0,84.0
10109729SILVAA_2025-02-18_G39,10109729SILVAA,2025-02-18,110787,1,12,0,94.0
10109729SILVAA_2025-02-18_G40,10109729SILVAA,2025-02-18,118004,1,8,0,121.0
10109729SILVAA_2025-02-18_G41,10109729SILVAA,2025-02-18,117821,1,8,0,60.0
10109729SILVAA_2025-02-18_G42,10109729SILVAA,2025-02-18,111466,1,16,0,70.0
10109729SILVAA_2025-02-18_G43,10109729SILVAA,2025-02-18,111462,1,8,0,418.0
10109729SILVAA_2025-02-18_G44,10109729SILVAA,2025-02-18,111418,1,36,0,347.0
10109729SILVAA_2025-02-18_G45,10109729SILVAA,2025-02-18,111530,1,8,0,285.0
10109729SILVAA_2025-02-18_G46,10109729SILVAA,2025-02-18,111443,1,1,0,158.0
10109729SILVAA_2025-02-18_G48,10109729SILVAA,2025-02-18,111530,1,3,0,150.0
10109729SILVAA_2025-02-18_G49,10109729SILVAA,2025-02-18,111530,1,2,0,31.0
10109729SILVAA_2025-02-18_G50,10109729SILVAA,2025-02-18,110787,1,12,0,161.0
10109729SILVAA_2025-02-18_G51,10109729SILVAA,2025-02-18,111443,1,14,0,387.0
10109729SILVAA_2025-02-18_G53,10109729SILVAA,2025-02-18,111602,1,4,0,107.0
10109729SILVAA_2025-02-18_G54,10109729SILVAA,2025-02-18,110711,1,1,0,182.0
10109729SILVAA_2025-02-18_G55,10109729SILVAA,2025-02-18,117787,1,4,0,139.0
10109729SILVAA_2025-02-18_G56,10109729SILVAA,2025-02-18,140922,1,1,0,136.0
10109729SILVAA_2025-02-18_G57,10109729SILVAA,2025-02-18,110740,1,2,0,59.0
10109729SILVAA_2025-02-18_G58,10109729SILVAA,2025-02-18,109645,1,1,0,108.0
10109729SILVAA_2025-02-18_G59,10109729SILVAA,2025-02-18,108711,1,5,0,96.0
10109729SILVAA_2025-02-18_G60,10109729SILVAA,2025-02-18,117821,1,4,0,97.0
10109729SILVAA_2025-02-18_G61,10109729SILVAA,2025-02-18,111462,1,4,0,60.0
10109729SILVAA_2025-02-18_G62,10109729SILVAA,2025-02-18,108798,1,4,0,117.0
10109729SILVAA_2025-02-18_G63,10109729SILVAA,2025-02-18,110373,1,4,0,86.0
10109729SILVAA_2025-02-18_G64,10109729SILVAA,2025-02-18,110372,1,4,0,98.0
10109729SILVAA_2025-02-18_G65,10109729SILVAA,2025-02-18,110374,1,2,0,111.0
10109729SILVAA_2025-02-18_G66,10109729SILVAA,2025-02-18,107830,1,4,0,85.0
10109729SILVAA_2025-02-18_G67,10109729SILVAA,2025-02-18,109747,1,12,0,127.0
10109729SILVAA_2025-02-18_G68,10109729SILVAA,2025-02-18,110750,1,4,0,393.0
10109729SILVAA_2025-02-18_G69,10109729SILVAA,2025-02-18,110711,1,3,0,170.0
10109729SILVAA_2025-02-18_G70,10109729SILVAA,2025-02-18,110787,1,5,0,159.0
10109729SILVAA_2025-02-18_G71,10109729SILVAA,2025-02-18,"118004, 117821",2,6,10,85.0
10109729SILVAA_2025-02-18_G72,10109729SILVAA,2025-02-18,111433,1,4,0,41.0
10109729SILVAA_2025-02-18_G73,10109729SILVAA,2025-02-18,116241,1,4,0,116.0
10109729SILVAA_2025-02-18_G74,10109729SILVAA,2025-02-18,111418,1,13,0,205.0
10109729SILVAA_2025-02-18_G75,10109729SILVAA,2025-02-18,117787,1,7,0,82.0
10109729SILVAA_2025-02-18_G76,10109729SILVAA,2025-02-18,140922,1,8,0,84.0
10109729SILVAA_2025-02-18_G77,10109729SILVAA,2025-02-18,111468,1,2,0,68.0
10109729SILVAA_2025-02-18_G78,10109729SILVAA,2025-02-18,111330,1,1,0,42.0
10109729SILVAA_2025-02-18_G79,10109729SILVAA,2025-02-18,108711,1,11,0,76.0
10109729SILVAA_2025-02-18_G80,10109729SILVAA,2025-02-18,110129,1,2,0,88.0
10109729SILVAA_2025-02-18_G81,10109729SILVAA,2025-02-18,110752,1,12,0,965.0
10109729SILVAA_2025-02-18_G82,10109729SILVAA,2025-02-18,117861,1,615,0,1540.0
10109729SILVAA_2025-02-19_G02,10109729SILVAA,2025-02-19,108361,1,2,0,157.0
10109729SILVAA_2025-02-19_G03,10109729SILVAA,2025-02-19,110092,1,3,0,94.0
10109729SILVAA_2025-02-19_G04,10109729SILVAA,2025-02-19,"118403, 110580",2,42,30,578.0
10109729SILVAA_2025-02-19_G05,10109729SILVAA,2025-02-19,110752,1,4,0,125.0
10109729SILVAA_2025-02-19_G06,10109729SILVAA,2025-02-19,110063,1,2,0,66.0
10109729SILVAA_2025-02-19_G07,10109729SILVAA,2025-02-19,111602,1,60,0,441.0
10109729SILVAA_2025-02-19_G08,10109729SILVAA,2025-02-19,109640,1,44,0,498.0
10109729SILVAA_2025-02-19_G09,10109729SILVAA,2025-02-19,111876,1,29,0,560.0
10109729SILVAA_2025-02-19_G10,10109729SILVAA,2025-02-19,141047,1,64,0,845.0
10109729SILVAA_2025-02-19_G11,10109729SILVAA,2025-02-19,116241,1,16,0,2116.0
10109729SILVAA_2025-02-19_G12,10109729SILVAA,2025-02-19,111182,1,25,0,664.0
10109729SILVAA_2025-02-19_G13,10109729SILVAA,2025-02-19,111442,1,13,0,182.0
10109729SILVAA_2025-02-19_G14,10109729SILVAA,2025-02-19,140922,1,12,0,116.0
10109729SILVAA_2025-02-19_G15,10109729SILVAA,2025-02-19,110740,1,55,0,378.0
10109729SILVAA_2025-02-19_G16,10109729SILVAA,2025-02-19,118326,1,16,0,301.0
10109729SILVAA_2025-02-19_G17,10109729SILVAA,2025-02-19,118223,1,16,0,361.0
10109729SILVAA_2025-02-19_G18,10109729SILVAA,2025-02-19,117841,1,8,0,81.0
10109729SILVAA_2025-02-19_G19,10109729SILVAA,2025-02-19,111532,1,88,0,336.0
10109729SILVAA_2025-02-19_G20,10109729SILVAA,2025-02-19,111463,1,150,0,697.0
10109729SILVAA_2025-02-19_G21,10109729SILVAA,2025-02-19,114091,1,24,0,211.0
10109729SILVAA_2025-02-19_G22,10109729SILVAA,2025-02-19,108711,1,119,0,670.0
10109729SILVAA_2025-02-19_G23,10109729SILVAA,2025-02-19,111469,1,50,0,447.0
10109729SILVAA_2025-02-19_G24,10109729SILVAA,2025-02-19,110515,1,8,0,1046.0
10109729SILVAA_2025-02-19_G25,10109729SILVAA,2025-02-19,111465,1,4,0,174.0
10109729SILVAA_2025-02-19_G26,10109729SILVAA,2025-02-19,110743,1,4,0,277.0
10109729SILVAA_2025-02-19_G27,10109729SILVAA,2025-02-19,111850,1,8,0,422.0
10109729SILVAA_2025-02-19_G28,10109729SILVAA,2025-02-19,110895,1,12,0,127.0
10109729SILVAA_2025-02-19_G29,10109729SILVAA,2025-02-19,110339,1,8,0,208.0
10109729SILVAA_2025-02-19_G30,10109729SILVAA,2025-02-19,111442,1,4,0,245.0
10109729SILVAA_2025-02-19_G31,10109729SILVAA,2025-02-19,111442,1,9,0,42.0
10109729SILVAA_2025-02-19_G32,10109729SILVAA,2025-02-19,111463,1,43,0,321.0
10109729SILVAA_2025-02-19_G33,10109729SILVAA,2025-02-19,110742,1,2,0,957.0
10109729SILVAA_2025-02-19_G34,10109729SILVAA,2025-02-19,100334,1,8,0,288.0
10109729SILVAA_2025-02-19_G35,10109729SILVAA,2025-02-19,111569,1,4,0,71.0
10109729SILVAA_2025-02-19_G36,10109729SILVAA,2025-02-19,111602,1,4,0,80.0
10109729SILVAA_2025-02-19_G37,10109729SILVAA,2025-02-19,116241,1,4,0,97.0
10109729SILVAA_2025-02-19_G38,10109729SILVAA,2025-02-19,111418,1,4,0,223.0
10109729SILVAA_2025-02-19_G39,10109729SILVAA,2025-02-19,110787,1,4,0,223.0
10109729SILVAA_2025-02-19_G40,10109729SILVAA,2025-02-19,117821,1,4,0,94.0
10109729SILVAA_2025-02-19_G41,10109729SILVAA,2025-02-19,109747,1,4,0,105.0
10109729SILVAA_2025-02-19_G42,10109729SILVAA,2025-02-19,109643,1,4,0,311.0
10109729SILVAA_2025-02-19_G44,10109729SILVAA,2025-02-19,"110895, 111569",2,20,22,387.0
10109729SILVAA_2025-02-19_G45,10109729SILVAA,2025-02-19,107254,2,9,5,147.0
10109729SILVAA_2025-02-19_G46,10109729SILVAA,2025-02-19,110756,2,12,13,166.0
10109729SILVAA_2025-02-19_G47,10109729SILVAA,2025-02-19,111876,2,5,5,201.0
10109729SILVAA_2025-02-19_G48,10109729SILVAA,2025-02-19,141047,1,12,0,112.0
10109729SILVAA_2025-02-19_G49,10109729SILVAA,2025-02-19,116611,1,4,0,364.0
10109729SILVAA_2025-02-19_G50,10109729SILVAA,2025-02-19,140922,1,50,0,199.0
10109729SILVAA_2025-02-19_G51,10109729SILVAA,2025-02-19,110740,1,12,0,395.0
10109729SILVAA_2025-02-19_G52,10109729SILVAA,2025-02-19,118004,1,12,0,865.0
10109729SILVAA_2025-02-19_G53,10109729SILVAA,2025-02-19,111466,1,50,0,45.0
10109729SILVAA_2025-02-19_G54,10109729SILVAA,2025-02-19,108794,1,20,0,1131.0
10109729SILVAA_2025-02-19_G55,10109729SILVAA,2025-02-19,118299,1,400,0,1280.0
10109729SILVAA_2025-02-20_G02,10109729SILVAA,2025-02-20,111438,1,23,0,730.0
10109729SILVAA_2025-02-20_G03,10109729SILVAA,2025-02-20,111441,1,2,0,1514.0
10109729SILVAA_2025-02-20_G04,10109729SILVAA,2025-02-20,117855,1,6,0,72.0
10109729SILVAA_2025-02-20_G05,10109729SILVAA,2025-02-20,111442,1,8,0,357.0
10109729SILVAA_2025-02-20_G06,10109729SILVAA,2025-02-20,110740,1,2,0,71.0
10109729SILVAA_2025-02-20_G07,10109729SILVAA,2025-02-20,111469,1,10,0,871.0
10109729SILVAA_2025-02-20_G08,10109729SILVAA,2025-02-20,118317,1,3,0,635.0
10109729SILVAA_2025-02-20_G09,10109729SILVAA,2025-02-20,111602,1,2,0,133.0
10109729SILVAA_2025-02-20_G10,10109729SILVAA,2025-02-20,111433,1,4,0,553.0
10109729SILVAA_2025-02-20_G11,10109729SILVAA,2025-02-20,111469,1,6,0,52.0
10109729SILVAA_2025-02-20_G12,10109729SILVAA,2025-02-20,111443,1,4,0,162.0
10109729SILVAA_2025-02-20_G13,10109729SILVAA,2025-02-20,118140,1,8,0,259.0
10109729SILVAA_2025-02-20_G14,10109729SILVAA,2025-02-20,118004,1,8,0,133.0
10109729SILVAA_2025-02-20_G15,10109729SILVAA,2025-02-20,110515,1,4,0,124.0
10109729SILVAA_2025-02-20_G16,10109729SILVAA,2025-02-20,117855,1,8,0,183.0
10109729SILVAA_2025-02-20_G17,10109729SILVAA,2025-02-20,110895,1,2,0,692.0
10109729SILVAA_2025-02-20_G18,10109729SILVAA,2025-02-20,110755,1,4,0,111.0
10109729SILVAA_2025-02-20_G19,10109729SILVAA,2025-02-20,110313,1,1,0,158.0
10109729SILVAA_2025-02-20_G20,10109729SILVAA,2025-02-20,117855,1,9,0,53.0
10109729SILVAA_2025-02-20_G21,10109729SILVAA,2025-02-20,110711,1,7,0,404.0
10109729SILVAA_2025-02-20_G22,10109729SILVAA,2025-02-20,111462,1,4,0,158.0
10109729SILVAA_2025-02-20_G23,10109729SILVAA,2025-02-20,108794,2,8,7,148.0
10109729SILVAA_2025-02-20_G24,10109729SILVAA,2025-02-20,110325,1,4,0,112.0
10109729SILVAA_2025-02-20_G25,10109729SILVAA,2025-02-20,110376,1,8,0,268.0
10109729SILVAA_2025-02-20_G26,10109729SILVAA,2025-02-20,117855,1,23,0,518.0
10109729SILVAA_2025-02-20_G27,10109729SILVAA,2025-02-20,111442,1,9,0,57.0
10109729SILVAA_2025-02-20_G28,10109729SILVAA,2025-02-20,140922,1,4,0,69.0
10109729SILVAA_2025-02-20_G29,10109729SILVAA,2025-02-20,109641,1,7,0,65.0
10109729SILVAA_2025-02-20_G30,10109729SILVAA,2025-02-20,111330,1,4,0,94.0
10109729SILVAA_2025-02-20_G31,10109729SILVAA,2025-02-20,111466,1,4,0,143.0
10109729SILVAA_2025-02-20_G32,10109729SILVAA,2025-02-20,111469,1,2,0,44.0
10109729SILVAA_2025-02-20_G33,10109729SILVAA,2025-02-20,110313,1,8,0,349.0
10109729SILVAA_2025-02-20_G34,10109729SILVAA,2025-02-20,111469,2,7,9,96.0
10109729SILVAA_2025-02-20_G35,10109729SILVAA,2025-02-20,"111469, 111443",2,5,25,87.0
10109729SILVAA_2025-02-20_G36,10109729SILVAA,2025-02-20,110755,3,16,24,150.0
10109729SILVAA_2025-02-20_G37,10109729SILVAA,2025-02-20,108794,2,4,9,1698.0
10109729SILVAA_2025-02-20_G38,10109729SILVAA,2025-02-20,111469,1,8,0,148.0
10109729SILVAA_2025-02-20_G39,10109729SILVAA,2025-02-20,160051,1,3,0,122.0
10109729SILVAA_2025-02-20_G40,10109729SILVAA,2025-02-20,117834,1,8,0,550.0
10109729SILVAA_2025-02-20_G41,10109729SILVAA,2025-02-20,111443,1,4,0,68.0
10109729SILVAA_2025-02-20_G42,10109729SILVAA,2025-02-20,108759,1,4,0,405.0
10109729SILVAA_2025-02-20_G43,10109729SILVAA,2025-02-20,110748,1,4,0,223.0
10109729SILVAA_2025-02-20_G44,10109729SILVAA,2025-02-20,109747,1,1,0,166.0
10109729SILVAA_2025-02-20_G46,10109729SILVAA,2025-02-20,110515,1,2,0,144.0
10109729SILVAA_2025-02-20_G47,10109729SILVAA,2025-02-20,110374,1,2,0,174.0
10109729SILVAA_2025-02-20_G48,10109729SILVAA,2025-02-20,110371,1,1,0,143.0
10109729SILVAA_2025-02-20_G49,10109729SILVAA,2025-02-20,110373,1,2,0,44.0
10109729SILVAA_2025-02-20_G50,10109729SILVAA,2025-02-20,110325,1,2,0,55.0
10109729SILVAA_2025-02-20_G51,10109729SILVAA,2025-02-20,117832,1,4,0,48.0
10109729SILVAA_2025-02-20_G52,10109729SILVAA,2025-02-20,109747,1,3,0,153.0
10109729SILVAA_2025-02-20_G53,10109729SILVAA,2025-02-20,117820,1,4,0,69.0
10109729SILVAA_2025-02-20_G54,10109729SILVAA,2025-02-20,110372,1,20,0,169.0
10109729SILVAA_2025-02-20_G55,10109729SILVAA,2025-02-20,110373,1,10,0,124.0
10109729SILVAA_2025-02-20_G56,10109729SILVAA,2025-02-20,110375,1,2,0,127.0
10109729SILVAA_2025-02-20_G57,10109729SILVAA,2025-02-20,109747,1,1,0,69.0
10109729SILVAA_2025-02-20_G58,10109729SILVAA,2025-02-20,117809,1,6,0,101.0
10109729SILVAA_2025-02-20_G59,10109729SILVAA,2025-02-20,117820,1,16,0,109.0
10109729SILVAA_2025-02-20_G60,10109729SILVAA,2025-02-20,108759,1,2,0,512.0
10109729SILVAA_2025-02-20_G61,10109729SILVAA,2025-02-20,117838,2,4,8,40.0
10109729SILVAA_2025-02-20_G62,10109729SILVAA,2025-02-20,118140,1,6,0,153.0
10109729SILVAA_2025-02-20_G63,10109729SILVAA,2025-02-20,111466,1,2,0,176.0
10109729SILVAA_2025-02-20_G64,10109729SILVAA,2025-02-20,117820,1,3,0,79.0
10109729SILVAA_2025-02-20_G65,10109729SILVAA,2025-02-20,109747,1,1,0,91.0
10109729SILVAA_2025-02-20_G66,10109729SILVAA,2025-02-20,110372,1,2,0,127.0
10109729SILVAA_2025-02-20_G67,10109729SILVAA,2025-02-20,111850,1,4,0,66.0
10109729SILVAA_2025-02-20_G68,10109729SILVAA,2025-02-20,140911,1,1,0,69.0
10109729SILVAA_2025-02-20_G69,10109729SILVAA,2025-02-20,108361,1,1,0,108.0
10109729SILVAA_2025-02-20_G70,10109729SILVAA,2025-02-20,105744,1,1,0,180.0
10109729SILVAA_2025-02-20_G71,10109729SILVAA,2025-02-20,110580,1,1,0,70.0
10109729SILVAA_2025-02-20_G72,10109729SILVAA,2025-02-20,111602,1,6,0,301.0
10109729SILVAA_2025-02-20_G73,10109729SILVAA,2025-02-20,"110515, 105242",2,8,21,126.0
10109729SILVAA_2025-02-20_G74,10109729SILVAA,2025-02-20,110339,1,6,0,106.0
10109729SILVAA_2025-02-20_G75,10109729SILVAA,2025-02-20,111418,1,11,0,133.0
10109729SILVAA_2025-02-20_G76,10109729SILVAA,2025-02-20,111468,1,2,0,150.0
10109729SILVAA_2025-02-20_G77,10109729SILVAA,2025-02-20,110740,1,1,0,56.0
10109729SILVAA_2025-02-20_G78,10109729SILVAA,2025-02-20,110787,1,6,0,35.0
10109729SILVAA_2025-02-20_G79,10109729SILVAA,2025-02-20,118223,1,2,0,336.0
10109729SILVAA_2025-02-20_G80,10109729SILVAA,2025-02-20,108795,1,3,0,47.0
10109729SILVAA_2025-02-20_G81,10109729SILVAA,2025-02-20,108736,1,1,0,152.0
10109729SILVAA_2025-02-20_G82,10109729SILVAA,2025-02-20,111465,1,4,0,157.0
10109729SILVAA_2025-02-20_G83,10109729SILVAA,2025-02-20,110373,1,8,0,193.0
10109729SILVAA_2025-02-20_G84,10109729SILVAA,2025-02-20,107830,1,4,0,106.0
10109729SILVAA_2025-02-20_G85,10109729SILVAA,2025-02-20,117832,1,2,0,111.0
10109729SILVAA_2025-02-20_G86,10109729SILVAA,2025-02-20,117809,1,2,0,65.0
10109729SILVAA_2025-02-20_G87,10109729SILVAA,2025-02-20,117820,1,9,0,65.0
10109729SILVAA_2025-02-20_G88,10109729SILVAA,2025-02-20,110372,1,38,0,469.0
10109729SILVAA_2025-02-21_G02,10109729SILVAA,2025-02-21,110515,1,2,0,167.0
10109729SILVAA_2025-02-21_G03,10109729SILVAA,2025-02-21,109645,1,4,0,278.0
10109729SILVAA_2025-02-21_G04,10109729SILVAA,2025-02-21,110745,1,2,0,43.0
10109729SILVAA_2025-02-21_G05,10109729SILVAA,2025-02-21,110372,1,4,0,79.0
10109729SILVAA_2025-02-21_G06,10109729SILVAA,2025-02-21,118299,1,23,0,85.0
10109729SILVAA_2025-02-21_G07,10109729SILVAA,2025-02-21,117808,1,37,0,385.0
10109729SILVAA_2025-02-21_G08,10109729SILVAA,2025-02-21,117809,1,2,0,106.0
10109729SILVAA_2025-02-21_G09,10109729SILVAA,2025-02-21,110373,1,20,0,850.0
10109729SILVAA_2025-02-21_G10,10109729SILVAA,2025-02-21,"110372, 118299, 117808",3,48,36,170.0
10109729SILVAA_2025-02-21_G11,10109729SILVAA,2025-02-21,110749,1,100,0,2785.0
10109729SILVAA_2025-02-21_G12,10109729SILVAA,2025-02-21,110749,1,64,0,441.0
10109729SILVAA_2025-02-21_G13,10109729SILVAA,2025-02-21,110745,2,63,5,1337.0
10109729SILVAA_2025-02-24_G02,10109729SILVAA,2025-02-24,110580,1,8,0,140.0
10109729SILVAA_2025-02-24_G03,10109729SILVAA,2025-02-24,111602,1,4,0,78.0
10109729SILVAA_2025-02-24_G04,10109729SILVAA,2025-02-24,109640,1,8,0,573.0
10109729SILVAA_2025-02-24_G05,10109729SILVAA,2025-02-24,111467,1,12,0,331.0
10109729SILVAA_2025-02-24_G06,10109729SILVAA,2025-02-24,110752,2,12,7,100.0
10109729SILVAA_2025-02-24_G07,10109729SILVAA,2025-02-24,110515,1,4,0,144.0
10109729SILVAA_2025-02-24_G08,10109729SILVAA,2025-02-24,111530,1,8,0,82.0
10109729SILVAA_2025-02-24_G09,10109729SILVAA,2025-02-24,110339,1,8,0,301.0
10109729SILVAA_2025-02-24_G10,10109729SILVAA,2025-02-24,107629,1,16,0,64.0
10109729SILVAA_2025-02-24_G11,10109729SILVAA,2025-02-24,117785,1,20,0,647.0
10109729SILVAA_2025-02-24_G12,10109729SILVAA,2025-02-24,110740,1,4,0,142.0
10109729SILVAA_2025-02-24_G13,10109729SILVAA,2025-02-24,108736,1,12,0,52.0
10109729SILVAA_2025-02-24_G14,10109729SILVAA,2025-02-24,117831,1,20,0,269.0
10109729SILVAA_2025-02-24_G15,10109729SILVAA,2025-02-24,117821,1,10,0,924.0
10109729SILVAA_2025-02-24_G16,10109729SILVAA,2025-02-24,111462,1,36,0,367.0
10109729SILVAA_2025-02-24_G17,10109729SILVAA,2025-02-24,111433,1,4,0,40.0
10109729SILVAA_2025-02-24_G18,10109729SILVAA,2025-02-24,108794,1,36,0,229.0
10109729SILVAA_2025-02-24_G19,10109729SILVAA,2025-02-24,111443,1,4,0,43.0
10109729SILVAA_2025-02-24_G20,10109729SILVAA,2025-02-24,110743,1,8,0,66.0
10109729SILVAA_2025-02-24_G21,10109729SILVAA,2025-02-24,111431,1,6,0,239.0
10109729SILVAA_2025-02-24_G22,10109729SILVAA,2025-02-24,111348,1,4,0,119.0
10109729SILVAA_2025-02-24_G23,10109729SILVAA,2025-02-24,111418,1,160,0,379.0
10109729SILVAA_2025-02-24_G24,10109729SILVAA,2025-02-24,107236,1,8,0,352.0
10109729SILVAA_2025-02-24_G25,10109729SILVAA,2025-02-24,109641,1,12,0,89.0
10109729SILVAA_2025-02-24_G26,10109729SILVAA,2025-02-24,110787,1,64,0,185.0
10109729SILVAA_2025-02-24_G27,10109729SILVAA,2025-02-24,110325,1,4,0,792.0
10109729SILVAA_2025-02-24_G28,10109729SILVAA,2025-02-24,117822,1,4,0,46.0
10109729SILVAA_2025-02-24_G29,10109729SILVAA,2025-02-24,110372,1,32,0,58.0
10109729SILVAA_2025-02-24_G30,10109729SILVAA,2025-02-24,118299,1,16,0,180.0
10109729SILVAA_2025-02-24_G31,10109729SILVAA,2025-02-24,110374,1,12,0,87.0
10109729SILVAA_2025-02-24_G32,10109729SILVAA,2025-02-24,107830,1,4,0,104.0
10109729SILVAA_2025-02-24_G33,10109729SILVAA,2025-02-24,109643,1,24,0,132.0
10109729SILVAA_2025-02-24_G34,10109729SILVAA,2025-02-24,109747,1,4,0,40.0
10109729SILVAA_2025-02-24_G35,10109729SILVAA,2025-02-24,117832,1,12,0,57.0
10109729SILVAA_2025-02-24_G36,10109729SILVAA,2025-02-24,110373,1,92,0,168.0
10109729SILVAA_2025-02-24_G37,10109729SILVAA,2025-02-24,110376,1,12,0,1425.0
10109729SILVAA_2025-02-24_G38,10109729SILVAA,2025-02-24,108759,1,2,0,1292.0
10109729SILVAA_2025-02-24_G39,10109729SILVAA,2025-02-24,118222,1,10,0,55.0
10109729SILVAA_2025-02-24_G40,10109729SILVAA,2025-02-24,110895,1,20,0,311.0
10109729SILVAA_2025-02-24_G41,10109729SILVAA,2025-02-24,118306,1,12,0,183.0
10109729SILVAA_2025-02-24_G42,10109729SILVAA,2025-02-24,111441,1,6,0,533.0
10109729SILVAA_2025-02-24_G44,10109729SILVAA,2025-02-24,111634,1,156,0,412.0
10109729SILVAA_2025-02-24_G45,10109729SILVAA,2025-02-24,111752,1,17,0,278.0
10109729SILVAA_2025-02-25_G02,10109729SILVAA,2025-02-25,111469,1,4,0,256.0
10109729SILVAA_2025-02-25_G03,10109729SILVAA,2025-02-25,111469,1,8,0,615.0
10109729SILVAA_2025-02-25_G04,10109729SILVAA,2025-02-25,110895,1,4,0,285.0
10109729SILVAA_2025-02-25_G05,10109729SILVAA,2025-02-25,111463,1,23,0,542.0
10109729SILVAA_2025-02-25_G06,10109729SILVAA,2025-02-25,140922,1,8,0,1512.0
10109729SILVAA_2025-02-25_G07,10109729SILVAA,2025-02-25,111468,1,4,0,107.0
10109729SILVAA_2025-02-25_G08,10109729SILVAA,2025-02-25,109645,1,2,0,119.0
10109729SILVAA_2025-02-25_G09,10109729SILVAA,2025-02-25,111469,1,4,0,182.0
10109729SILVAA_2025-02-25_G10,10109729SILVAA,2025-02-25,111418,1,2,0,159.0
10109729SILVAA_2025-02-25_G11,10109729SILVAA,2025-02-25,110372,1,2,0,385.0
10109729SILVAA_2025-02-25_G12,10109729SILVAA,2025-02-25,118299,1,6,0,42.0
10109729SILVAA_2025-02-25_G13,10109729SILVAA,2025-02-25,110375,1,4,0,168.0
10109729SILVAA_2025-02-25_G14,10109729SILVAA,2025-02-25,111850,1,2,0,255.0
10109729SILVAA_2025-02-25_G15,10109729SILVAA,2025-02-25,111876,1,2,0,325.0
10109729SILVAA_2025-02-25_G16,10109729SILVAA,2025-02-25,107236,1,4,0,136.0
10109729SILVAA_2025-02-25_G17,10109729SILVAA,2025-02-25,110787,1,6,0,59.0
10109729SILVAA_2025-02-25_G18,10109729SILVAA,2025-02-25,110129,1,2,0,127.0
10109729SILVAA_2025-02-25_G19,10109729SILVAA,2025-02-25,111469,1,8,0,156.0
10109729SILVAA_2025-02-25_G20,10109729SILVAA,2025-02-25,117820,1,2,0,120.0
10109729SILVAA_2025-02-25_G21,10109729SILVAA,2025-02-25,117830,1,14,0,138.0
10109729SILVAA_2025-02-25_G22,10109729SILVAA,2025-02-25,110895,1,4,0,351.0
10109729SILVAA_2025-02-25_G23,10109729SILVAA,2025-02-25,110740,1,3,0,1547.0
10109729SILVAA_2025-02-25_G24,10109729SILVAA,2025-02-25,118140,1,8,0,70.0
10109729SILVAA_2025-02-25_G25,10109729SILVAA,2025-02-25,117831,1,1,0,80.0
10109729SILVAA_2025-02-25_G26,10109729SILVAA,2025-02-25,111433,1,2,0,71.0
10109729SILVAA_2025-02-25_G27,10109729SILVAA,2025-02-25,117808,1,23,0,56.0
10109729SILVAA_2025-02-25_G28,10109729SILVAA,2025-02-25,117832,1,1,0,155.0
10109729SILVAA_2025-02-25_G29,10109729SILVAA,2025-02-25,110372,1,9,0,476.0
10109729SILVAA_2025-02-25_G30,10109729SILVAA,2025-02-25,118299,1,6,0,83.0
10109729SILVAA_2025-02-25_G31,10109729SILVAA,2025-02-25,117830,1,2,0,94.0
10109729SILVAA_2025-02-25_G32,10109729SILVAA,2025-02-25,117808,1,8,0,52.0
10109729SILVAA_2025-02-25_G33,10109729SILVAA,2025-02-25,117809,1,2,0,60.0
10109729SILVAA_2025-02-25_G34,10109729SILVAA,2025-02-25,117820,1,6,0,75.0
10109729SILVAA_2025-02-25_G37,10109729SILVAA,2025-02-25,107629,1,150,0,485.0
10109729SILVAA_2025-02-25_G38,10109729SILVAA,2025-02-25,107629,1,200,0,574.0
10109729SILVAA_2025-02-25_G39,10109729SILVAA,2025-02-25,109747,2,75,20,434.0
10109729SILVAA_2025-02-25_G40,10109729SILVAA,2025-02-25,109747,1,12,0,91.0
10109729SILVAA_2025-02-26_G02,10109729SILVAA,2025-02-26,111466,1,600,0,1557.0
10109729SILVAA_2025-02-26_G03,10109729SILVAA,2025-02-26,111469,1,200,0,2491.0
10109729SILVAA_2025-02-26_G04,10109729SILVAA,2025-02-26,117832,1,380,0,1026.0
10109729SILVAA_2025-02-26_G05,10109729SILVAA,2025-02-26,110325,1,280,0,693.0
10109729SILVAA_2025-02-26_G06,10109729SILVAA,2025-02-26,117830,1,200,0,547.0
10109729SILVAA_2025-02-26_G07,10109729SILVAA,2025-02-26,110787,1,12,0,919.0
10109729SILVAA_2025-02-26_G08,10109729SILVAA,2025-02-26,107892,1,1,0,142.0
10109729SILVAA_2025-02-26_G09,10109729SILVAA,2025-02-26,111438,1,4,0,92.0
10109729SILVAA_2025-02-26_G10,10109729SILVAA,2025-02-26,110747,1,12,0,136.0
10109729SILVAA_2025-02-26_G11,10109729SILVAA,2025-02-26,107892,2,8,12,253.0
10109729SILVAA_2025-02-26_G12,10109729SILVAA,2025-02-26,110733,5,18,43,542.0
10109729SILVAA_2025-02-26_G13,10109729SILVAA,2025-02-26,110515,1,3,0,211.0
10109729SILVAA_2025-02-26_G14,10109729SILVAA,2025-02-26,111530,1,12,0,327.0
10109729SILVAA_2025-02-26_G15,10109729SILVAA,2025-02-26,111469,1,4,0,153.0
10109729SILVAA_2025-02-26_G16,10109729SILVAA,2025-02-26,117830,1,80,0,453.0
10109729SILVAA_2025-02-26_G17,10109729SILVAA,2025-02-26,110755,1,12,0,364.0
10109729SILVAA_2025-02-26_G20,10109729SILVAA,2025-02-26,110371,1,318,0,2159.0
10109729SILVAA_2025-02-26_G21,10109729SILVAA,2025-02-26,111418,1,900,0,2241.0
10109729SILVAA_2025-02-26_G22,10109729SILVAA,2025-02-26,110755,1,20,0,799.0
10109729SILVAA_2025-02-26_G23,10109729SILVAA,2025-02-26,107892,1,12,0,163.0
10109729SILVAA_2025-02-26_G24,10109729SILVAA,2025-02-26,117856,2,50,10,268.0
10109729SILVAA_2025-02-26_G25,10109729SILVAA,2025-02-26,110752,1,2,0,914.0
10109729SILVAA_2025-02-27_G02,10109729SILVAA,2025-02-27,111441,1,2,0,98.0
10109729SILVAA_2025-02-27_G03,10109729SILVAA,2025-02-27,111602,1,2,0,212.0
10109729SILVAA_2025-02-27_G04,10109729SILVAA,2025-02-27,117787,1,2,0,442.0
10109729SILVAA_2025-02-27_G05,10109729SILVAA,2025-02-27,110747,1,5,0,337.0
10109729SILVAA_2025-02-27_G06,10109729SILVAA,2025-02-27,111763,1,4,0,152.0
10109729SILVAA_2025-02-27_G07,10109729SILVAA,2025-02-27,117809,1,4,0,237.0
10109729SILVAA_2025-02-27_G08,10109729SILVAA,2025-02-27,109640,1,8,0,130.0
10109729SILVAA_2025-02-27_G09,10109729SILVAA,2025-02-27,111743,1,6,0,319.0
10109729SILVAA_2025-02-27_G10,10109729SILVAA,2025-02-27,111433,1,16,0,1853.0
10109729SILVAA_2025-02-27_G11,10109729SILVAA,2025-02-27,117835,1,6,0,212.0
10109729SILVAA_2025-02-27_G12,10109729SILVAA,2025-02-27,110582,1,1,0,453.0
10109729SILVAA_2025-02-27_G13,10109729SILVAA,2025-02-27,117787,1,4,0,306.0
10109729SILVAA_2025-02-27_G14,10109729SILVAA,2025-02-27,111433,1,8,0,137.0
10109729SILVAA_2025-02-27_G15,10109729SILVAA,2025-02-27,118222,1,8,0,1484.0
10109729SILVAA_2025-02-27_G16,10109729SILVAA,2025-02-27,160057,1,6,0,182.0
10109729SILVAA_2025-02-27_G17,10109729SILVAA,2025-02-27,108794,1,4,0,90.0
10109729SILVAA_2025-02-27_G18,10109729SILVAA,2025-02-27,118317,1,3,0,140.0
10109729SILVAA_2025-02-27_G19,10109729SILVAA,2025-02-27,111463,2,10,6,84.0
10109729SILVAA_2025-02-27_G20,10109729SILVAA,2025-02-27,160051,1,10,0,165.0
10109729SILVAA_2025-02-27_G21,10109729SILVAA,2025-02-27,111468,1,6,0,294.0
10109729SILVAA_2025-02-27_G22,10109729SILVAA,2025-02-27,111430,1,6,0,125.0
10109729SILVAA_2025-02-27_G23,10109729SILVAA,2025-02-27,118317,1,11,0,155.0
10109729SILVAA_2025-02-27_G24,10109729SILVAA,2025-02-27,117833,1,5,0,510.0
10109729SILVAA_2025-02-27_G25,10109729SILVAA,2025-02-27,111738,1,4,0,154.0
10109729SILVAA_2025-02-27_G26,10109729SILVAA,2025-02-27,105359,1,2,0,119.0
10109729SILVAA_2025-02-27_G27,10109729SILVAA,2025-02-27,118253,1,4,0,87.0
10109729SILVAA_2025-02-27_G28,10109729SILVAA,2025-02-27,118253,1,4,0,45.0
10109729SILVAA_2025-02-27_G29,10109729SILVAA,2025-02-27,118317,1,4,0,272.0
10109729SILVAA_2025-02-27_G30,10109729SILVAA,2025-02-27,110755,1,26,0,142.0
10109729SILVAA_2025-02-27_G31,10109729SILVAA,2025-02-27,109641,1,6,0,142.0
10109729SILVAA_2025-02-27_G32,10109729SILVAA,2025-02-27,111469,1,3,0,106.0
10109729SILVAA_2025-02-27_G33,10109729SILVAA,2025-02-27,118317,1,5,0,140.0
10109729SILVAA_2025-02-27_G34,10109729SILVAA,2025-02-27,118317,1,10,0,100.0
10109729SILVAA_2025-02-27_G35,10109729SILVAA,2025-02-27,111463,1,16,0,179.0
10109729SILVAA_2025-02-27_G36,10109729SILVAA,2025-02-27,109640,1,4,0,654.0
10109729SILVAA_2025-02-27_G37,10109729SILVAA,2025-02-27,110747,1,1,0,229.0
10109729SILVAA_2025-02-27_G38,10109729SILVAA,2025-02-27,110733,2,3,8,122.0
10109729SILVAA_2025-02-27_G39,10109729SILVAA,2025-02-27,110733,1,3,0,90.0
10109729SILVAA_2025-02-27_G40,10109729SILVAA,2025-02-27,111463,1,3,0,233.0
10109729SILVAA_2025-02-27_G41,10109729SILVAA,2025-02-27,110376,1,4,0,654.0
10109729SILVAA_2025-02-27_G42,10109729SILVAA,2025-02-27,110376,1,4,0,851.0
10109729SILVAA_2025-02-27_G43,10109729SILVAA,2025-02-27,109647,1,2,0,430.0
10109729SILVAA_2025-02-27_G44,10109729SILVAA,2025-02-27,110376,1,4,0,153.0
10109729SILVAA_2025-02-27_G45,10109729SILVAA,2025-02-27,110372,1,20,0,108.0
10109729SILVAA_2025-02-27_G46,10109729SILVAA,2025-02-27,118299,1,20,0,160.0
10109729SILVAA_2025-02-27_G47,10109729SILVAA,2025-02-27,108772,1,2,0,520.0
10109729SILVAA_2025-02-27_G48,10109729SILVAA,2025-02-27,110747,1,2,0,629.0
10109729SILVAA_2025-02-27_G49,10109729SILVAA,2025-02-27,110733,1,12,0,53.0
10109729SILVAA_2025-02-27_G50,10109729SILVAA,2025-02-27,109647,1,1,0,130.0
10109729SILVAA_2025-02-27_G51,10109729SILVAA,2025-02-27,118317,1,2,0,100.0
10109729SILVAA_2025-02-27_G52,10109729SILVAA,2025-02-27,117830,1,2,0,103.0
10109729SILVAA_2025-02-27_G53,10109729SILVAA,2025-02-27,111530,1,40,0,1275.0
10109729SILVAA_2025-02-27_G54,10109729SILVAA,2025-02-27,140922,1,5,0,225.0
10109729SILVAA_2025-02-27_G55,10109729SILVAA,2025-02-27,111532,3,56,28,150.0
10109729SILVAA_2025-02-27_G56,10109729SILVAA,2025-02-27,110787,1,40,0,276.0
10109729SILVAA_2025-02-27_G57,10109729SILVAA,2025-02-27,118140,1,50,0,989.0
10109729SILVAA_2025-02-27_G58,10109729SILVAA,2025-02-27,108794,2,60,11,68.0
10109729SILVAA_2025-02-27_G59,10109729SILVAA,2025-02-27,110371,1,60,0,805.0
10109729SILVAA_2025-02-27_G60,10109729SILVAA,2025-02-27,110372,1,88,0,378.0
10109729SILVAA_2025-02-27_G61,10109729SILVAA,2025-02-27,110372,1,162,0,189.0
10109729SILVAA_2025-02-27_G62,10109729SILVAA,2025-02-27,110375,3,60,26,339.0
10109729SILVAA_2025-02-27_G64,10109729SILVAA,2025-02-27,110376,1,2,0,92.0
10109729SILVAA_2025-02-27_G65,10109729SILVAA,2025-02-27,111530,1,14,0,80.0
10109729SILVAA_2025-02-27_G66,10109729SILVAA,2025-02-27,117820,1,50,0,198.0
10109729SILVAA_2025-02-27_G67,10109729SILVAA,2025-02-27,117830,1,10,0,214.0
10109729SILVAA_2025-02-27_G68,10109729SILVAA,2025-02-27,117808,1,100,0,648.0
10109729SILVAA_2025-02-27_G69,10109729SILVAA,2025-02-27,117855,1,4,0,691.0
10109729SILVAA_2025-02-28_G02,10109729SILVAA,2025-02-28,111850,1,15,0,153.0
10109729SILVAA_2025-02-28_G03,10109729SILVAA,2025-02-28,110841,1,3,0,42.0
10109729SILVAA_2025-02-28_G04,10109729SILVAA,2025-02-28,110895,1,20,0,186.0
10109729SILVAA_2025-02-28_G05,10109729SILVAA,2025-02-28,111615,1,1,0,96.0
10109729SILVAA_2025-02-28_G06,10109729SILVAA,2025-02-28,110580,1,2,0,133.0
10109729SILVAA_2025-02-28_G07,10109729SILVAA,2025-02-28,117856,1,5,0,47.0
10109729SILVAA_2025-02-28_G08,10109729SILVAA,2025-02-28,110733,1,10,0,470.0
10109729SILVAA_2025-02-28_G09,10109729SILVAA,2025-02-28,110711,1,20,0,271.0
10109729SILVAA_2025-02-28_G10,10109729SILVAA,2025-02-28,108961,1,2,0,224.0
10109729SILVAA_2025-02-28_G11,10109729SILVAA,2025-02-28,117935,3,50,19,70.0
10109729SILVAA_2025-02-28_G12,10109729SILVAA,2025-02-28,110515,1,40,0,224.0
10109729SILVAA_2025-02-28_G13,10109729SILVAA,2025-02-28,111530,1,40,0,37.0
10109729SILVAA_2025-02-28_G14,10109729SILVAA,2025-02-28,118298,1,10,0,1101.0
10109729SILVAA_2025-02-28_G15,10109729SILVAA,2025-02-28,111172,1,30,0,1754.0
10109729SILVAA_2025-02-28_G16,10109729SILVAA,2025-02-28,111172,3,17,32,33.0
10109729SILVAA_2025-02-28_G17,10109729SILVAA,2025-02-28,111418,1,20,0,159.0
10109729SILVAA_2025-02-28_G18,10109729SILVAA,2025-02-28,110740,1,10,0,150.0
10109729SILVAA_2025-02-28_G19,10109729SILVAA,2025-02-28,111466,1,40,0,432.0
10109729SILVAA_2025-02-28_G20,10109729SILVAA,2025-02-28,117831,1,70,0,558.0
10109729SILVAA_2025-02-28_G21,10109729SILVAA,2025-02-28,111469,1,20,0,376.0
10109729SILVAA_2025-02-28_G22,10109729SILVAA,2025-02-28,111465,1,20,0,232.0
10109729SILVAA_2025-02-28_G23,10109729SILVAA,2025-02-28,117833,1,100,0,303.0
10109729SILVAA_2025-02-28_G24,10109729SILVAA,2025-02-28,110752,1,2,0,1650.0
10109729SILVAA_2025-02-28_G25,10109729SILVAA,2025-02-28,117935,1,4,0,1786.0
10109729SILVAA_2025-02-28_G26,10109729SILVAA,2025-02-28,117935,1,8,0,53.0
10109729SILVAA_2025-02-28_G27,10109729SILVAA,2025-02-28,111463,1,12,0,238.0
10109729SILVAA_2025-02-28_G28,10109729SILVAA,2025-02-28,"117855, 117856",2,22,15,645.0
10109729SILVAA_2025-02-28_G29,10109729SILVAA,2025-02-28,117855,1,2,0,61.0
10109729SILVAA_2025-02-28_G30,10109729SILVAA,2025-02-28,111463,1,6,0,135.0
10109729SILVAA_2025-02-28_G31,10109729SILVAA,2025-02-28,111172,1,2,0,108.0
10109729SILVAA_2025-02-28_G32,10109729SILVAA,2025-02-28,111172,1,5,0,137.0
10109729SILVAA_2025-02-28_G33,10109729SILVAA,2025-02-28,111463,1,8,0,223.0
10109729SILVAA_2025-02-28_G34,10109729SILVAA,2025-02-28,111463,1,8,0,32.0
10109729SILVAA_2025-02-28_G35,10109729SILVAA,2025-02-28,117833,1,3,0,198.0
10109729SILVAA_2025-03-06_G02,10109729SILVAA,2025-03-06,117834,1,12,0,148.0
10109729SILVAA_2025-03-06_G03,10109729SILVAA,2025-03-06,117836,1,12,0,188.0
10109729SILVAA_2025-03-06_G04,10109729SILVAA,2025-03-06,100334,1,16,0,429.0
10109729SILVAA_2025-03-06_G05,10109729SILVAA,2025-03-06,109640,1,5,0,535.0
10109729SILVAA_2025-03-06_G06,10109729SILVAA,2025-03-06,117861,1,8,0,80.0
10109729SILVAA_2025-03-06_G07,10109729SILVAA,2025-03-06,111530,1,4,0,147.0
10109729SILVAA_2025-03-06_G08,10109729SILVAA,2025-03-06,111446,1,2,0,97.0
10109729SILVAA_2025-03-06_G09,10109729SILVAA,2025-03-06,111435,1,8,0,84.0
10109729SILVAA_2025-03-06_G10,10109729SILVAA,2025-03-06,111182,1,4,0,84.0
10109729SILVAA_2025-03-06_G11,10109729SILVAA,2025-03-06,140922,1,4,0,90.0
10109729SILVAA_2025-03-06_G12,10109729SILVAA,2025-03-06,111463,1,32,0,996.0
10109729SILVAA_2025-03-06_G13,10109729SILVAA,2025-03-06,110740,1,19,0,2237.0
10109729SILVAA_2025-03-06_G14,10109729SILVAA,2025-03-06,105705,1,28,0,123.0
10109729SILVAA_2025-03-06_G15,10109729SILVAA,2025-03-06,111466,1,10,0,315.0
10109729SILVAA_2025-03-06_G16,10109729SILVAA,2025-03-06,117820,1,60,0,36.0
10109729SILVAA_2025-03-06_G17,10109729SILVAA,2025-03-06,118299,1,20,0,1860.0
10109729SILVAA_2025-03-06_G19,10109729SILVAA,2025-03-06,122984,1,44,0,1417.0
10109729SILVAA_2025-03-06_G20,10109729SILVAA,2025-03-06,120271,1,10,0,1114.0
10109729SILVAA_2025-03-06_G21,10109729SILVAA,2025-03-06,124248,1,8,0,816.0
10109729SILVAA_2025-03-06_G22,10109729SILVAA,2025-03-06,"123343, 123313",2,20,13,112.0
10109729SILVAA_2025-03-06_G24,10109729SILVAA,2025-03-06,122983,1,140,0,3353.0
10109729SILVAA_2025-03-07_G02,10109729SILVAA,2025-03-07,118094,1,3,0,104.0
10109729SILVAA_2025-03-07_G03,10109729SILVAA,2025-03-07,117786,1,4,0,96.0
10109729SILVAA_2025-03-07_G04,10109729SILVAA,2025-03-07,108795,1,2,0,341.0
10109729SILVAA_2025-03-07_G05,10109729SILVAA,2025-03-07,117787,1,2,0,103.0
10109729SILVAA_2025-03-07_G06,10109729SILVAA,2025-03-07,107236,1,4,0,58.0
10109729SILVAA_2025-03-07_G07,10109729SILVAA,2025-03-07,118004,1,4,0,75.0
10109729SILVAA_2025-03-07_G08,10109729SILVAA,2025-03-07,110745,1,2,0,76.0
10109729SILVAA_2025-03-07_G09,10109729SILVAA,2025-03-07,108711,1,1,0,50.0
10109729SILVAA_2025-03-07_G10,10109729SILVAA,2025-03-07,111463,1,4,0,132.0
10109729SILVAA_2025-03-07_G11,10109729SILVAA,2025-03-07,118140,1,8,0,63.0
10109729SILVAA_2025-03-07_G12,10109729SILVAA,2025-03-07,111466,1,4,0,153.0
10109729SILVAA_2025-03-07_G13,10109729SILVAA,2025-03-07,111469,1,4,0,40.0
10109729SILVAA_2025-03-07_G14,10109729SILVAA,2025-03-07,111462,1,2,0,73.0
10109729SILVAA_2025-03-07_G15,10109729SILVAA,2025-03-07,"110371, 110372",2,12,23,403.0
10109729SILVAA_2025-03-07_G16,10109729SILVAA,2025-03-07,118299,1,5,0,79.0
10109729SILVAA_2025-03-07_G17,10109729SILVAA,2025-03-07,109643,1,2,0,99.0
10109729SILVAA_2025-03-07_G18,10109729SILVAA,2025-03-07,117820,1,1,0,69.0
10109729SILVAA_2025-03-07_G19,10109729SILVAA,2025-03-07,140922,1,2,0,222.0
10109729SILVAA_2025-03-07_G20,10109729SILVAA,2025-03-07,109641,1,4,0,49.0
10109729SILVAA_2025-03-07_G21,10109729SILVAA,2025-03-07,111418,1,2,0,144.0
10109729SILVAA_2025-03-07_G22,10109729SILVAA,2025-03-07,110787,1,4,0,51.0
10109729SILVAA_2025-03-07_G23,10109729SILVAA,2025-03-07,117820,1,1,0,97.0
10109729SILVAA_2025-03-07_G24,10109729SILVAA,2025-03-07,110374,1,2,0,148.0
10109729SILVAA_2025-03-07_G25,10109729SILVAA,2025-03-07,110371,1,2,0,46.0
10109729SILVAA_2025-03-07_G26,10109729SILVAA,2025-03-07,108772,1,2,0,77.0
10109729SILVAA_2025-03-07_G27,10109729SILVAA,2025-03-07,100334,1,4,0,1166.0
10109729SILVAA_2025-03-07_G28,10109729SILVAA,2025-03-07,110733,1,2,0,225.0
10109729SILVAA_2025-03-07_G29,10109729SILVAA,2025-03-07,"118004, 111172",2,10,25,248.0
10109729SILVAA_2025-03-07_G30,10109729SILVAA,2025-03-07,111462,1,4,0,174.0
10109729SILVAA_2025-03-07_G31,10109729SILVAA,2025-03-07,111465,1,2,0,45.0
10109729SILVAA_2025-03-07_G32,10109729SILVAA,2025-03-07,110371,1,20,0,79.0
10109729SILVAA_2025-03-07_G33,10109729SILVAA,2025-03-07,110372,1,20,0,134.0
10109729SILVAA_2025-03-07_G34,10109729SILVAA,2025-03-07,110740,1,5,0,338.0
10109729SILVAA_2025-03-07_G35,10109729SILVAA,2025-03-07,117935,1,2,0,2203.0
10109729SILVAA_2025-03-07_G36,10109729SILVAA,2025-03-07,110711,1,50,0,635.0
10109729SILVAA_2025-03-10_G02,10109729SILVAA,2025-03-10,117835,1,2,0,68.0
10109729SILVAA_2025-03-10_G03,10109729SILVAA,2025-03-10,110749,1,2,0,166.0
10109729SILVAA_2025-03-10_G04,10109729SILVAA,2025-03-10,110711,2,83,24,159.0
10109729SILVAA_2025-03-10_G05,10109729SILVAA,2025-03-10,117855,1,20,0,660.0
10109729SILVAA_2025-03-10_G06,10109729SILVAA,2025-03-10,141047,1,22,0,79.0
10109729SILVAA_2025-03-10_G07,10109729SILVAA,2025-03-10,110753,1,2,0,224.0
10109729SILVAA_2025-03-10_G08,10109729SILVAA,2025-03-10,111418,1,39,0,2133.0
10109729SILVAA_2025-03-10_G09,10109729SILVAA,2025-03-10,111418,1,287,0,1554.0
10109729SILVAA_2025-03-10_G10,10109729SILVAA,2025-03-10,110129,1,48,0,549.0
10109729SILVAA_2025-03-10_G11,10109729SILVAA,2025-03-10,110740,1,6,0,72.0
10109729SILVAA_2025-03-10_G12,10109729SILVAA,2025-03-10,108736,1,17,0,88.0
10109729SILVAA_2025-03-10_G13,10109729SILVAA,2025-03-10,109645,1,31,0,496.0
10109729SILVAA_2025-03-10_G14,10109729SILVAA,2025-03-10,118004,1,20,0,362.0
10109729SILVAA_2025-03-10_G15,10109729SILVAA,2025-03-10,111468,2,29,11,68.0
10109729SILVAA_2025-03-10_G16,10109729SILVAA,2025-03-10,109641,1,2,0,123.0
10109729SILVAA_2025-03-10_G17,10109729SILVAA,2025-03-10,111182,1,3,0,793.0
10109729SILVAA_2025-03-10_G18,10109729SILVAA,2025-03-10,111431,1,18,0,281.0
10109729SILVAA_2025-03-10_G19,10109729SILVAA,2025-03-10,110895,1,109,0,852.0
10109729SILVAA_2025-03-10_G20,10109729SILVAA,2025-03-10,111435,1,29,0,146.0
10109729SILVAA_2025-03-10_G21,10109729SILVAA,2025-03-10,111743,1,4,0,819.0
10109729SILVAA_2025-03-10_G22,10109729SILVAA,2025-03-10,110374,1,189,0,629.0
10109729SILVAA_2025-03-10_G23,10109729SILVAA,2025-03-10,110371,1,143,0,509.0
10109729SILVAA_2025-03-10_G24,10109729SILVAA,2025-03-10,111602,1,8,0,1108.0
10109729SILVAA_2025-03-10_G25,10109729SILVAA,2025-03-10,110313,1,4,0,406.0
10109729SILVAA_2025-03-10_G26,10109729SILVAA,2025-03-10,110733,1,20,0,188.0
10109729SILVAA_2025-03-10_G27,10109729SILVAA,2025-03-10,140922,1,20,0,345.0
10109729SILVAA_2025-03-10_G28,10109729SILVAA,2025-03-10,118140,1,10,0,430.0
10109729SILVAA_2025-03-10_G29,10109729SILVAA,2025-03-10,"111462, 111465",2,20,24,110.0
10109729SILVAA_2025-03-10_G31,10109729SILVAA,2025-03-10,111532,1,16,0,69.0
10109729SILVAA_2025-03-10_G32,10109729SILVAA,2025-03-10,108711,1,1,0,783.0
10109729SILVAA_2025-03-10_G33,10109729SILVAA,2025-03-10,110711,1,16,0,219.0
10109729SILVAA_2025-03-10_G34,10109729SILVAA,2025-03-10,110373,1,20,0,308.0
10109729SILVAA_2025-03-10_G35,10109729SILVAA,2025-03-10,109643,1,40,0,734.0
10109729SILVAA_2025-03-11_G02,10109729SILVAA,2025-03-11,140911,1,1,0,105.0
10109729SILVAA_2025-03-11_G03,10109729SILVAA,2025-03-11,111569,1,4,0,474.0
10109729SILVAA_2025-03-11_G04,10109729SILVAA,2025-03-11,117836,1,1,0,67.0
10109729SILVAA_2025-03-11_G05,10109729SILVAA,2025-03-11,140957,1,4,0,144.0
10109729SILVAA_2025-03-11_G06,10109729SILVAA,2025-03-11,108361,1,4,0,82.0
10109729SILVAA_2025-03-11_G07,10109729SILVAA,2025-03-11,118094,1,5,0,91.0
10109729SILVAA_2025-03-11_G08,10109729SILVAA,2025-03-11,110313,1,6,0,129.0
10109729SILVAA_2025-03-11_G09,10109729SILVAA,2025-03-11,111602,1,2,0,167.0
10109729SILVAA_2025-03-11_G10,10109729SILVAA,2025-03-11,110741,1,2,0,143.0
10109729SILVAA_2025-03-11_G11,10109729SILVAA,2025-03-11,109640,1,8,0,298.0
10109729SILVAA_2025-03-11_G12,10109729SILVAA,2025-03-11,111439,1,18,0,174.0
10109729SILVAA_2025-03-11_G13,10109729SILVAA,2025-03-11,117855,1,24,0,233.0
10109729SILVAA_2025-03-11_G14,10109729SILVAA,2025-03-11,108772,1,4,0,106.0
10109729SILVAA_2025-03-11_G15,10109729SILVAA,2025-03-11,111530,1,3,0,76.0
10109729SILVAA_2025-03-11_G16,10109729SILVAA,2025-03-11,110711,1,4,0,155.0
10109729SILVAA_2025-03-11_G17,10109729SILVAA,2025-03-11,110339,1,2,0,62.0
10109729SILVAA_2025-03-11_G18,10109729SILVAA,2025-03-11,117820,1,12,0,171.0
10109729SILVAA_2025-03-11_G19,10109729SILVAA,2025-03-11,110747,1,1,0,345.0
10109729SILVAA_2025-03-11_G20,10109729SILVAA,2025-03-11,111569,1,4,0,154.0
10109729SILVAA_2025-03-11_G21,10109729SILVAA,2025-03-11,110895,1,5,0,122.0
10109729SILVAA_2025-03-11_G22,10109729SILVAA,2025-03-11,140957,1,2,0,123.0
10109729SILVAA_2025-03-11_G23,10109729SILVAA,2025-03-11,108361,1,2,0,54.0
10109729SILVAA_2025-03-11_G24,10109729SILVAA,2025-03-11,111602,1,6,0,91.0
10109729SILVAA_2025-03-11_G25,10109729SILVAA,2025-03-11,110063,1,2,0,60.0
10109729SILVAA_2025-03-11_G26,10109729SILVAA,2025-03-11,117855,1,10,0,131.0
10109729SILVAA_2025-03-11_G27,10109729SILVAA,2025-03-11,108772,1,3,0,99.0
10109729SILVAA_2025-03-11_G28,10109729SILVAA,2025-03-11,111532,1,5,0,402.0
10109729SILVAA_2025-03-11_G29,10109729SILVAA,2025-03-11,107236,1,4,0,172.0
10109729SILVAA_2025-03-11_G30,10109729SILVAA,2025-03-11,109641,1,4,0,127.0
10109729SILVAA_2025-03-11_G31,10109729SILVAA,2025-03-11,108711,1,4,0,200.0
10109729SILVAA_2025-03-11_G32,10109729SILVAA,2025-03-11,110787,1,4,0,152.0
10109729SILVAA_2025-03-11_G33,10109729SILVAA,2025-03-11,118140,1,8,0,245.0
10109729SILVAA_2025-03-11_G34,10109729SILVAA,2025-03-11,117820,1,12,0,103.0
10109729SILVAA_2025-03-11_G35,10109729SILVAA,2025-03-11,117808,1,20,0,167.0
10109729SILVAA_2025-03-11_G36,10109729SILVAA,2025-03-11,111438,1,2,0,309.0
10109729SILVAA_2025-03-11_G37,10109729SILVAA,2025-03-11,110747,1,3,0,301.0
10109729SILVAA_2025-03-11_G38,10109729SILVAA,2025-03-11,111850,1,2,0,100.0
10109729SILVAA_2025-03-11_G39,10109729SILVAA,2025-03-11,111569,1,4,0,181.0
10109729SILVAA_2025-03-11_G40,10109729SILVAA,2025-03-11,110895,1,3,0,95.0
10109729SILVAA_2025-03-11_G41,10109729SILVAA,2025-03-11,118094,1,4,0,351.0
10109729SILVAA_2025-03-11_G42,10109729SILVAA,2025-03-11,111602,1,10,0,144.0
10109729SILVAA_2025-03-11_G43,10109729SILVAA,2025-03-11,107629,1,2,0,37.0
10109729SILVAA_2025-03-11_G44,10109729SILVAA,2025-03-11,109640,1,4,0,673.0
10109729SILVAA_2025-03-11_G45,10109729SILVAA,2025-03-11,111439,1,2,0,56.0
10109729SILVAA_2025-03-11_G46,10109729SILVAA,2025-03-11,111530,1,4,0,162.0
10109729SILVAA_2025-03-11_G47,10109729SILVAA,2025-03-11,117855,1,20,0,240.0
10109729SILVAA_2025-03-11_G48,10109729SILVAA,2025-03-11,111182,1,2,0,442.0
10109729SILVAA_2025-03-11_G49,10109729SILVAA,2025-03-11,111435,1,2,0,170.0
10109729SILVAA_2025-03-11_G50,10109729SILVAA,2025-03-11,117831,1,12,0,151.0
10109729SILVAA_2025-03-11_G51,10109729SILVAA,2025-03-11,108711,1,4,0,123.0
10109729SILVAA_2025-03-11_G52,10109729SILVAA,2025-03-11,118223,1,2,0,52.0
10109729SILVAA_2025-03-11_G53,10109729SILVAA,2025-03-11,110787,1,14,0,142.0
10109729SILVAA_2025-03-11_G54,10109729SILVAA,2025-03-11,118140,1,8,0,88.0
10109729SILVAA_2025-03-11_G56,10109729SILVAA,2025-03-11,117821,1,4,0,68.0
10109729SILVAA_2025-03-11_G57,10109729SILVAA,2025-03-11,110325,1,8,0,171.0
10109729SILVAA_2025-03-11_G58,10109729SILVAA,2025-03-11,117808,1,40,0,711.0
10109729SILVAA_2025-03-11_G59,10109729SILVAA,2025-03-11,110371,1,24,0,232.0
10109729SILVAA_2025-03-11_G60,10109729SILVAA,2025-03-11,118299,1,20,0,471.0
10109729SILVAA_2025-03-11_G61,10109729SILVAA,2025-03-11,117830,1,10,0,115.0
10109729SILVAA_2025-03-11_G62,10109729SILVAA,2025-03-11,110373,1,24,0,85.0
10109729SILVAA_2025-03-11_G63,10109729SILVAA,2025-03-11,110375,1,4,0,143.0
10109729SILVAA_2025-03-11_G64,10109729SILVAA,2025-03-11,117820,1,40,0,271.0
10109729SILVAA_2025-03-11_G65,10109729SILVAA,2025-03-11,117856,1,4,0,1008.0
10109729SILVAA_2025-03-11_G66,10109729SILVAA,2025-03-11,111442,1,2,0,80.0
10109729SILVAA_2025-03-11_G67,10109729SILVAA,2025-03-11,111850,1,4,0,327.0
10109729SILVAA_2025-03-11_G68,10109729SILVAA,2025-03-11,111598,1,4,0,104.0
10109729SILVAA_2025-03-11_G69,10109729SILVAA,2025-03-11,111602,1,6,0,103.0
10109729SILVAA_2025-03-11_G70,10109729SILVAA,2025-03-11,117786,1,8,0,112.0
10109729SILVAA_2025-03-11_G71,10109729SILVAA,2025-03-11,111530,1,6,0,110.0
10109729SILVAA_2025-03-11_G72,10109729SILVAA,2025-03-11,117788,1,2,0,57.0
10109729SILVAA_2025-03-11_G73,10109729SILVAA,2025-03-11,110339,1,4,0,50.0
10109729SILVAA_2025-03-11_G74,10109729SILVAA,2025-03-11,117831,1,9,0,146.0
10109729SILVAA_2025-03-11_G75,10109729SILVAA,2025-03-11,111463,1,4,0,78.0
10109729SILVAA_2025-03-11_G76,10109729SILVAA,2025-03-11,110787,1,5,0,107.0
10109729SILVAA_2025-03-11_G77,10109729SILVAA,2025-03-11,118140,1,3,0,49.0
10109729SILVAA_2025-03-11_G78,10109729SILVAA,2025-03-11,109645,1,4,0,66.0
10109729SILVAA_2025-03-11_G79,10109729SILVAA,2025-03-11,117821,1,2,0,85.0
10109729SILVAA_2025-03-11_G80,10109729SILVAA,2025-03-11,111182,1,3,0,234.0
10109729SILVAA_2025-03-11_G81,10109729SILVAA,2025-03-11,111532,1,4,0,858.0
10109729SILVAA_2025-03-13_G02,10109729SILVAA,2025-03-13,118317,1,12,0,339.0
10109729SILVAA_2025-03-13_G03,10109729SILVAA,2025-03-13,111602,1,8,0,855.0
10109729SILVAA_2025-03-13_G04,10109729SILVAA,2025-03-13,118094,1,10,0,293.0
10109729SILVAA_2025-03-13_G05,10109729SILVAA,2025-03-13,111602,1,9,0,82.0
10109729SILVAA_2025-03-13_G06,10109729SILVAA,2025-03-13,110741,1,2,0,152.0
10109729SILVAA_2025-03-13_G07,10109729SILVAA,2025-03-13,117855,2,8,6,79.0
10109729SILVAA_2025-03-13_G08,10109729SILVAA,2025-03-13,111530,1,29,0,229.0
10109729SILVAA_2025-03-13_G09,10109729SILVAA,2025-03-13,111330,1,5,0,3241.0
10109729SILVAA_2025-03-13_G10,10109729SILVAA,2025-03-13,111463,1,13,0,179.0
10109729SILVAA_2025-03-13_G11,10109729SILVAA,2025-03-13,118140,2,17,9,276.0
10109729SILVAA_2025-03-13_G12,10109729SILVAA,2025-03-13,111462,1,4,0,110.0
10109729SILVAA_2025-03-13_G13,10109729SILVAA,2025-03-13,108711,1,3,0,45.0
10109729SILVAA_2025-03-13_G14,10109729SILVAA,2025-03-13,117821,1,7,0,109.0
10109729SILVAA_2025-03-13_G15,10109729SILVAA,2025-03-13,111602,1,12,0,203.0
10109729SILVAA_2025-03-13_G16,10109729SILVAA,2025-03-13,108711,1,12,0,141.0
10109729SILVAA_2025-03-13_G17,10109729SILVAA,2025-03-13,111438,1,10,0,955.0
10109729SILVAA_2025-03-13_G18,10109729SILVAA,2025-03-13,118306,1,4,0,782.0
10109729SILVAA_2025-03-13_G19,10109729SILVAA,2025-03-13,160057,1,13,0,96.0
10109729SILVAA_2025-03-13_G20,10109729SILVAA,2025-03-13,118222,1,31,0,708.0
10109729SILVAA_2025-03-13_G21,10109729SILVAA,2025-03-13,111463,1,20,0,224.0
10109729SILVAA_2025-03-13_G22,10109729SILVAA,2025-03-13,111435,1,4,0,91.0
10109729SILVAA_2025-03-13_G23,10109729SILVAA,2025-03-13,117831,1,3,0,91.0
10109729SILVAA_2025-03-13_G24,10109729SILVAA,2025-03-13,111462,1,10,0,122.0
10109729SILVAA_2025-03-13_G25,10109729SILVAA,2025-03-13,117821,1,10,0,134.0
10109729SILVAA_2025-03-13_G26,10109729SILVAA,2025-03-13,160053,1,4,0,922.0
10109729SILVAA_2025-03-13_G27,10109729SILVAA,2025-03-13,117808,1,342,0,167.0
10109729SILVAA_2025-03-13_G28,10109729SILVAA,2025-03-13,110371,1,36,0,59.0
10109729SILVAA_2025-03-13_G29,10109729SILVAA,2025-03-13,160052,1,4,0,327.0
10109729SILVAA_2025-03-13_G30,10109729SILVAA,2025-03-13,110375,1,11,0,97.0
10109729SILVAA_2025-03-13_G31,10109729SILVAA,2025-03-13,117832,1,8,0,430.0
10109729SILVAA_2025-03-13_G32,10109729SILVAA,2025-03-13,111348,1,8,0,868.0
10109729SILVAA_2025-03-13_G33,10109729SILVAA,2025-03-13,111463,1,10,0,96.0
10109729SILVAA_2025-03-13_G34,10109729SILVAA,2025-03-13,117831,1,4,0,61.0
10109729SILVAA_2025-03-13_G35,10109729SILVAA,2025-03-13,118004,1,10,0,48.0
10109729SILVAA_2025-03-13_G36,10109729SILVAA,2025-03-13,111172,1,7,0,67.0
10109729SILVAA_2025-03-13_G37,10109729SILVAA,2025-03-13,108794,1,10,0,125.0
10109729SILVAA_2025-03-13_G38,10109729SILVAA,2025-03-13,111465,1,8,0,85.0
10109729SILVAA_2025-03-13_G39,10109729SILVAA,2025-03-13,111418,1,100,0,725.0
10109729SILVAA_2025-03-13_G40,10109729SILVAA,2025-03-13,118201,1,2,0,410.0
10109729SILVAA_2025-03-13_G41,10109729SILVAA,2025-03-13,141035,1,4,0,708.0
10109729SILVAA_2025-03-13_G42,10109729SILVAA,2025-03-13,118094,1,4,0,90.0
10109729SILVAA_2025-03-13_G43,10109729SILVAA,2025-03-13,110313,1,4,0,103.0
10109729SILVAA_2025-03-13_G44,10109729SILVAA,2025-03-13,117935,1,8,0,73.0
10109729SILVAA_2025-03-13_G45,10109729SILVAA,2025-03-13,110733,1,8,0,64.0
10109729SILVAA_2025-03-13_G46,10109729SILVAA,2025-03-13,111602,1,9,0,88.0
10109729SILVAA_2025-03-13_G47,10109729SILVAA,2025-03-13,107629,1,7,0,68.0
10109729SILVAA_2025-03-13_G48,10109729SILVAA,2025-03-13,111650,1,4,0,64.0
10109729SILVAA_2025-03-13_G49,10109729SILVAA,2025-03-13,117855,1,4,0,51.0
10109729SILVAA_2025-03-13_G50,10109729SILVAA,2025-03-13,117861,1,4,0,61.0
10109729SILVAA_2025-03-13_G51,10109729SILVAA,2025-03-13,108772,1,4,0,82.0
10109729SILVAA_2025-03-13_G52,10109729SILVAA,2025-03-13,110515,1,4,0,82.0
10109729SILVAA_2025-03-13_G53,10109729SILVAA,2025-03-13,110515,1,4,0,174.0
10109729SILVAA_2025-03-13_G54,10109729SILVAA,2025-03-13,111530,1,2,0,47.0
10109729SILVAA_2025-03-13_G55,10109729SILVAA,2025-03-13,110711,1,3,0,82.0
10109729SILVAA_2025-03-13_G56,10109729SILVAA,2025-03-13,110339,1,8,0,98.0
10109729SILVAA_2025-03-13_G57,10109729SILVAA,2025-03-13,106860,1,2,0,86.0
10109729SILVAA_2025-03-13_G58,10109729SILVAA,2025-03-13,110325,1,4,0,78.0
10109729SILVAA_2025-03-13_G59,10109729SILVAA,2025-03-13,118299,1,4,0,51.0
10109729SILVAA_2025-03-13_G60,10109729SILVAA,2025-03-13,111850,1,4,0,56.0
10109729SILVAA_2025-03-13_G62,10109729SILVAA,2025-03-13,111850,1,10,0,227.0
10109729SILVAA_2025-03-13_G63,10109729SILVAA,2025-03-13,108772,1,26,0,641.0
10109729SILVAA_2025-03-13_G64,10109729SILVAA,2025-03-13,110741,1,25,0,852.0
10109729SILVAA_2025-03-13_G65,10109729SILVAA,2025-03-13,101217,1,14,0,193.0
10109729SILVAA_2025-03-13_G66,10109729SILVAA,2025-03-13,117786,1,30,0,515.0
10109729SILVAA_2025-03-13_G67,10109729SILVAA,2025-03-13,111530,1,45,0,469.0
10109729SILVAA_2025-03-13_G68,10109729SILVAA,2025-03-13,110711,1,25,0,135.0
10109729SILVAA_2025-03-13_G69,10109729SILVAA,2025-03-13,"116241, 111431",2,12,16,126.0
10109729SILVAA_2025-03-13_G70,10109729SILVAA,2025-03-13,117785,1,80,0,313.0
10109729SILVAA_2025-03-13_G71,10109729SILVAA,2025-03-13,118140,1,85,0,287.0
10109729SILVAA_2025-03-13_G72,10109729SILVAA,2025-03-13,117838,1,10,0,466.0
10109729SILVAA_2025-03-13_G73,10109729SILVAA,2025-03-13,108794,1,40,0,212.0
10109729SILVAA_2025-03-13_G74,10109729SILVAA,2025-03-13,118299,1,400,0,2041.0
10109729SILVAA_2025-03-13_G75,10109729SILVAA,2025-03-13,109643,1,10,0,201.0
10109729SILVAA_2025-03-13_G76,10109729SILVAA,2025-03-13,111446,1,2,0,1051.0
10109729SILVAA_2025-03-13_G77,10109729SILVAA,2025-03-13,110515,2,12,8,548.0
10109729SILVAA_2025-03-13_G78,10109729SILVAA,2025-03-13,111418,1,10,0,364.0
10109729SILVAA_2025-03-13_G79,10109729SILVAA,2025-03-13,118094,1,20,0,433.0
10109729SILVAA_2025-03-13_G80,10109729SILVAA,2025-03-13,111602,1,9,0,153.0
10109729SILVAA_2025-03-13_G81,10109729SILVAA,2025-03-13,117786,1,4,0,96.0
10109729SILVAA_2025-03-13_G82,10109729SILVAA,2025-03-13,110515,1,3,0,189.0
10109729SILVAA_2025-03-13_G83,10109729SILVAA,2025-03-13,111530,1,1,0,55.0
10109729SILVAA_2025-03-13_G84,10109729SILVAA,2025-03-13,110339,1,8,0,118.0
10109729SILVAA_2025-03-13_G85,10109729SILVAA,2025-03-13,108736,1,4,0,122.0
10109729SILVAA_2025-03-13_G86,10109729SILVAA,2025-03-13,117831,1,14,0,115.0
10109729SILVAA_2025-03-13_G87,10109729SILVAA,2025-03-13,117833,1,2,0,36.0
10109729SILVAA_2025-03-13_G88,10109729SILVAA,2025-03-13,117785,1,2,0,45.0
10109729SILVAA_2025-03-13_G89,10109729SILVAA,2025-03-13,"111418, 111462",2,18,26,91.0
10109729SILVAA_2025-03-13_G90,10109729SILVAA,2025-03-13,108711,1,3,0,118.0
10109729SILVAA_2025-03-13_G91,10109729SILVAA,2025-03-13,110787,1,4,0,95.0
10109729SILVAA_2025-03-13_G92,10109729SILVAA,2025-03-13,117821,1,4,0,65.0
10109729SILVAA_2025-03-13_G93,10109729SILVAA,2025-03-13,110325,1,2,0,87.0
10109729SILVAA_2025-03-13_G94,10109729SILVAA,2025-03-13,117808,1,25,0,240.0
10109729SILVAA_2025-03-13_G95,10109729SILVAA,2025-03-13,110371,1,26,0,125.0
10109729SILVAA_2025-03-13_G96,10109729SILVAA,2025-03-13,118299,1,16,0,107.0
10109729SILVAA_2025-03-14_G02,10109729SILVAA,2025-03-14,111356,1,2,0,204.0
10109729SILVAA_2025-03-14_G03,10109729SILVAA,2025-03-14,104496,1,1,0,88.0
10109729SILVAA_2025-03-14_G04,10109729SILVAA,2025-03-14,118222,1,15,0,332.0
10109729SILVAA_2025-03-14_G05,10109729SILVAA,2025-03-14,111850,1,14,0,136.0
10109729SILVAA_2025-03-14_G06,10109729SILVAA,2025-03-14,118306,2,20,8,785.0
10109729SILVAA_2025-03-14_G07,10109729SILVAA,2025-03-14,110579,1,2,0,234.0
10109729SILVAA_2025-03-14_G08,10109729SILVAA,2025-03-14,110742,1,8,0,119.0
10109729SILVAA_2025-03-14_G09,10109729SILVAA,2025-03-14,111569,1,8,0,117.0
10109729SILVAA_2025-03-14_G10,10109729SILVAA,2025-03-14,108711,2,24,19,1858.0
10109729SILVAA_2025-03-14_G11,10109729SILVAA,2025-03-14,105705,1,6,0,267.0
10109729SILVAA_2025-03-14_G12,10109729SILVAA,2025-03-14,117821,1,30,0,61.0
10109729SILVAA_2025-03-14_G13,10109729SILVAA,2025-03-14,111465,1,20,0,461.0
10109729SILVAA_2025-03-14_G14,10109729SILVAA,2025-03-14,"110371, 117808",2,36,8,1704.0
10109729SILVAA_2025-03-14_G15,10109729SILVAA,2025-03-14,111463,1,6,0,164.0
10109729SILVAA_2025-03-14_G16,10109729SILVAA,2025-03-14,111466,1,3,0,80.0
10109729SILVAA_2025-03-14_G17,10109729SILVAA,2025-03-14,110372,1,3,0,62.0
10109729SILVAA_2025-03-14_G18,10109729SILVAA,2025-03-14,117808,1,4,0,66.0
10109729SILVAA_2025-03-14_G19,10109729SILVAA,2025-03-14,110747,1,4,0,167.0
10109729SILVAA_2025-03-14_G20,10109729SILVAA,2025-03-14,110742,1,27,0,870.0
10109729SILVAA_2025-03-14_G21,10109729SILVAA,2025-03-14,111602,1,10,0,265.0
10109729SILVAA_2025-03-14_G22,10109729SILVAA,2025-03-14,110741,1,7,0,182.0
10109729SILVAA_2025-03-14_G23,10109729SILVAA,2025-03-14,111439,1,2,0,52.0
10109729SILVAA_2025-03-14_G24,10109729SILVAA,2025-03-14,117786,1,4,0,233.0
10109729SILVAA_2025-03-14_G25,10109729SILVAA,2025-03-14,110339,1,34,0,247.0
10109729SILVAA_2025-03-14_G26,10109729SILVAA,2025-03-14,111330,1,8,0,340.0
10109729SILVAA_2025-03-14_G27,10109729SILVAA,2025-03-14,140922,1,24,0,303.0
10109729SILVAA_2025-03-14_G28,10109729SILVAA,2025-03-14,117841,1,2,0,90.0
10109729SILVAA_2025-03-14_G29,10109729SILVAA,2025-03-14,111433,1,4,0,243.0
10109729SILVAA_2025-03-14_G30,10109729SILVAA,2025-03-14,111532,1,60,0,140.0
10109729SILVAA_2025-03-14_G31,10109729SILVAA,2025-03-14,117809,1,5,0,279.0
10109729SILVAA_2025-03-14_G32,10109729SILVAA,2025-03-14,117855,1,6,0,466.0
10109729SILVAA_2025-03-14_G33,10109729SILVAA,2025-03-14,117809,1,8,0,125.0
10109729SILVAA_2025-03-14_G34,10109729SILVAA,2025-03-14,117808,1,191,0,557.0
10109729SILVAA_2025-03-14_G35,10109729SILVAA,2025-03-14,110742,1,8,0,904.0
10109729SILVAA_2025-03-14_G36,10109729SILVAA,2025-03-14,117834,2,10,5,151.0
10109729SILVAA_2025-03-14_G37,10109729SILVAA,2025-03-14,111569,1,8,0,128.0
10109729SILVAA_2025-03-14_G38,10109729SILVAA,2025-03-14,118306,1,5,0,206.0
10109729SILVAA_2025-03-14_G39,10109729SILVAA,2025-03-14,111430,2,27,22,31.0
10109729SILVAA_2025-03-14_G40,10109729SILVAA,2025-03-14,116527,1,2,0,422.0
10109729SILVAA_2025-03-14_G41,10109729SILVAA,2025-03-14,111602,1,8,0,193.0
10109729SILVAA_2025-03-14_G42,10109729SILVAA,2025-03-14,"111439, 117855",2,9,17,125.0
10109729SILVAA_2025-03-14_G43,10109729SILVAA,2025-03-14,117786,1,3,0,126.0
10109729SILVAA_2025-03-14_G44,10109729SILVAA,2025-03-14,111530,1,15,0,57.0
10109729SILVAA_2025-03-14_G45,10109729SILVAA,2025-03-14,111433,1,2,0,199.0
10109729SILVAA_2025-03-14_G46,10109729SILVAA,2025-03-14,111466,2,16,7,333.0
10109729SILVAA_2025-03-14_G47,10109729SILVAA,2025-03-14,111532,1,5,0,68.0
10109729SILVAA_2025-03-14_G48,10109729SILVAA,2025-03-14,117785,1,2,0,173.0
10109729SILVAA_2025-03-14_G50,10109729SILVAA,2025-03-14,117830,1,4,0,89.0
10109729SILVAA_2025-03-14_G51,10109729SILVAA,2025-03-14,110373,2,17,6,133.0
10109729SILVAA_2025-03-14_G52,10109729SILVAA,2025-03-14,110374,1,8,0,54.0
10109729SILVAA_2025-03-14_G53,10109729SILVAA,2025-03-14,117820,1,13,0,68.0
10109729SILVAA_2025-03-14_G54,10109729SILVAA,2025-03-14,111438,3,13,30,772.0
10109729SILVAA_2025-03-14_G55,10109729SILVAA,2025-03-14,117862,1,73,0,974.0
10109729SILVAA_2025-03-14_G56,10109729SILVAA,2025-03-14,118298,1,3,0,159.0
10109729SILVAA_2025-03-14_G57,10109729SILVAA,2025-03-14,110339,1,14,0,314.0
10109729SILVAA_2025-03-14_G58,10109729SILVAA,2025-03-14,110313,1,13,0,619.0
10109729SILVAA_2025-03-14_G59,10109729SILVAA,2025-03-14,111439,1,4,0,174.0
10109729SILVAA_2025-03-14_G60,10109729SILVAA,2025-03-14,117786,1,22,0,283.0
10109729SILVAA_2025-03-14_G61,10109729SILVAA,2025-03-14,111876,1,10,0,170.0
10109729SILVAA_2025-03-14_G62,10109729SILVAA,2025-03-14,108772,1,13,0,225.0
10109729SILVAA_2025-03-14_G63,10109729SILVAA,2025-03-14,116611,1,2,0,90.0
10109729SILVAA_2025-03-14_G64,10109729SILVAA,2025-03-14,117856,1,31,0,579.0
10109729SILVAA_2025-03-14_G65,10109729SILVAA,2025-03-14,110374,1,42,0,405.0
10109729SILVAA_2025-03-14_G66,10109729SILVAA,2025-03-14,110371,1,26,0,318.0
10109729SILVAA_2025-03-15_G02,10109729SILVAA,2025-03-15,117786,1,4,0,112.0
10109729SILVAA_2025-03-15_G03,10109729SILVAA,2025-03-15,110515,1,1,0,300.0
10109729SILVAA_2025-03-15_G04,10109729SILVAA,2025-03-15,110711,1,1,0,84.0
10109729SILVAA_2025-03-15_G05,10109729SILVAA,2025-03-15,108711,1,2,0,1824.0
10109729SILVAA_2025-03-15_G06,10109729SILVAA,2025-03-15,111466,1,4,0,138.0
10109729SILVAA_2025-03-15_G07,10109729SILVAA,2025-03-15,117833,1,2,0,112.0
10109729SILVAA_2025-03-15_G08,10109729SILVAA,2025-03-15,117785,1,7,0,252.0
10109729SILVAA_2025-03-15_G09,10109729SILVAA,2025-03-15,118140,1,2,0,63.0
10109729SILVAA_2025-03-15_G10,10109729SILVAA,2025-03-15,105705,1,2,0,90.0
10109729SILVAA_2025-03-15_G11,10109729SILVAA,2025-03-15,118299,1,10,0,454.0
10109729SILVAA_2025-03-15_G12,10109729SILVAA,2025-03-15,117808,1,10,0,496.0
10109729SILVAA_2025-03-15_G13,10109729SILVAA,2025-03-15,117809,1,2,0,58.0
10109729SILVAA_2025-03-15_G14,10109729SILVAA,2025-03-15,117830,1,5,0,45.0
10109729SILVAA_2025-03-15_G15,10109729SILVAA,2025-03-15,110375,1,1,0,108.0
10109729SILVAA_2025-03-15_G16,10109729SILVAA,2025-03-15,117820,1,2,0,116.0
10109729SILVAA_2025-03-15_G17,10109729SILVAA,2025-03-15,108711,1,3,0,723.0
10109729SILVAA_2025-03-15_G18,10109729SILVAA,2025-03-15,117833,1,3,0,113.0
10109729SILVAA_2025-03-15_G19,10109729SILVAA,2025-03-15,140922,1,3,0,44.0
10109729SILVAA_2025-03-15_G20,10109729SILVAA,2025-03-15,111418,1,11,0,141.0
10109729SILVAA_2025-03-15_G21,10109729SILVAA,2025-03-15,111465,1,11,0,248.0
10109729SILVAA_2025-03-15_G22,10109729SILVAA,2025-03-15,108795,1,6,0,258.0
10109729SILVAA_2025-03-15_G23,10109729SILVAA,2025-03-15,140957,1,4,0,1502.0
10109729SILVAA_2025-03-15_G24,10109729SILVAA,2025-03-15,118298,1,3,0,77.0
10109729SILVAA_2025-03-15_G25,10109729SILVAA,2025-03-15,110313,1,6,0,198.0
10109729SILVAA_2025-03-15_G26,10109729SILVAA,2025-03-15,117856,1,20,0,260.0
10109729SILVAA_2025-03-15_G27,10109729SILVAA,2025-03-15,111650,1,2,0,235.0
10109729SILVAA_2025-03-15_G28,10109729SILVAA,2025-03-15,111876,1,4,0,59.0
10109729SILVAA_2025-03-15_G29,10109729SILVAA,2025-03-15,"110371, 117822",2,60,10,945.0
10109729SILVAA_2025-03-15_G30,10109729SILVAA,2025-03-15,"117809, 110373",2,106,5,917.0
10109729SILVAA_2025-03-15_G31,10109729SILVAA,2025-03-15,110372,1,128,0,40.0
10109729SILVAA_2025-03-15_G32,10109729SILVAA,2025-03-15,117830,1,1,0,638.0
10109729SILVAA_2025-03-15_G33,10109729SILVAA,2025-03-15,"109643, 117840, 117832, 110375",4,43,18,539.0
10109729SILVAA_2025-03-15_G34,10109729SILVAA,2025-03-15,109747,1,14,0,167.0
10109729SILVAA_2025-03-15_G35,10109729SILVAA,2025-03-15,"110374, 110325",2,85,19,325.0
10109729SILVAA_2025-03-15_G36,10109729SILVAA,2025-03-15,111727,1,23,0,1160.0
10109729SILVAA_2025-03-15_G37,10109729SILVAA,2025-03-15,111437,1,191,0,1167.0
10109729SILVAA_2025-03-15_G38,10109729SILVAA,2025-03-15,111463,1,9,0,725.0
10109729SILVAA_2025-03-15_G40,10109729SILVAA,2025-03-15,118290,1,1,0,209.0
10109729SILVAA_2025-03-15_G41,10109729SILVAA,2025-03-15,108770,1,4,0,53.0
10109729SILVAA_2025-03-15_G42,10109729SILVAA,2025-03-15,118298,1,3,0,156.0
10109729SILVAA_2025-03-15_G43,10109729SILVAA,2025-03-15,117855,1,3,0,201.0
10109729SILVAA_2025-03-15_G44,10109729SILVAA,2025-03-15,117855,1,20,0,190.0
10109729SILVAA_2025-03-15_G45,10109729SILVAA,2025-03-15,116241,1,18,0,437.0
10109729SILVAA_2025-03-15_G46,10109729SILVAA,2025-03-15,110742,1,4,0,505.0
10109729SILVAA_2025-03-15_G47,10109729SILVAA,2025-03-15,118306,1,4,0,87.0
10109729SILVAA_2025-03-15_G48,10109729SILVAA,2025-03-15,110895,1,23,0,208.0
10109729SILVAA_2025-03-15_G49,10109729SILVAA,2025-03-15,117808,1,10,0,123.0
10109729SILVAA_2025-03-15_G50,10109729SILVAA,2025-03-15,110373,1,4,0,37.0
10109729SILVAA_2025-03-15_G51,10109729SILVAA,2025-03-15,117820,1,8,0,135.0
10109729SILVAA_2025-03-15_G52,10109729SILVAA,2025-03-15,110374,1,8,0,90.0
10109729SILVAA_2025-03-15_G53,10109729SILVAA,2025-03-15,110373,1,70,0,234.0
10109729SILVAA_2025-03-15_G54,10109729SILVAA,2025-03-15,111463,1,40,0,504.0
10109729SILVAA_2025-03-15_G55,10109729SILVAA,2025-03-15,111466,2,27,23,118.0
10109729SILVAA_2025-03-17_G02,10109729SILVAA,2025-03-17,117855,1,90,0,704.0
10109729SILVAA_2025-03-17_G03,10109729SILVAA,2025-03-17,110515,1,121,0,725.0
10109729SILVAA_2025-03-17_G04,10109729SILVAA,2025-03-17,111172,1,2,0,343.0
10109729SILVAA_2025-03-17_G05,10109729SILVAA,2025-03-17,111418,1,82,0,320.0
10109729SILVAA_2025-03-17_G06,10109729SILVAA,2025-03-17,111441,1,8,0,1804.0
10109729SILVAA_2025-03-17_G07,10109729SILVAA,2025-03-17,111441,1,16,0,60.0
10109729SILVAA_2025-03-17_G08,10109729SILVAA,2025-03-17,108770,1,4,0,221.0
10109729SILVAA_2025-03-17_G09,10109729SILVAA,2025-03-17,111438,2,26,20,66.0
10109729SILVAA_2025-03-17_G10,10109729SILVAA,2025-03-17,117834,1,4,0,85.0
10109729SILVAA_2025-03-17_G11,10109729SILVAA,2025-03-17,118222,1,7,0,57.0
10109729SILVAA_2025-03-17_G12,10109729SILVAA,2025-03-17,117822,1,1,0,2810.0
10109729SILVAA_2025-03-17_G13,10109729SILVAA,2025-03-17,111182,1,7,0,404.0
10109729SILVAA_2025-03-17_G14,10109729SILVAA,2025-03-17,111469,1,2,0,79.0
10109729SILVAA_2025-03-17_G15,10109729SILVAA,2025-03-17,111443,2,6,26,168.0
10109729SILVAA_2025-03-17_G16,10109729SILVAA,2025-03-17,118223,1,4,0,492.0
10109729SILVAA_2025-03-17_G17,10109729SILVAA,2025-03-17,110740,1,2,0,67.0
10109729SILVAA_2025-03-17_G18,10109729SILVAA,2025-03-17,109645,1,8,0,257.0
10109729SILVAA_2025-03-17_G19,10109729SILVAA,2025-03-17,111418,1,69,0,1654.0
10109729SILVAA_2025-03-17_G20,10109729SILVAA,2025-03-17,117832,1,8,0,328.0
10109729SILVAA_2025-03-17_G21,10109729SILVAA,2025-03-17,110374,1,49,0,156.0
10109729SILVAA_2025-03-17_G22,10109729SILVAA,2025-03-17,117820,1,53,0,519.0
10109729SILVAA_2025-03-17_G23,10109729SILVAA,2025-03-17,108770,1,8,0,1336.0
10109729SILVAA_2025-03-17_G24,10109729SILVAA,2025-03-17,110681,1,4,0,290.0
10109729SILVAA_2025-03-17_G25,10109729SILVAA,2025-03-17,118222,1,24,0,326.0
10109729SILVAA_2025-03-17_G26,10109729SILVAA,2025-03-17,118094,1,3,0,277.0
10109729SILVAA_2025-03-17_G27,10109729SILVAA,2025-03-17,110313,1,19,0,246.0
10109729SILVAA_2025-03-17_G28,10109729SILVAA,2025-03-17,117856,1,4,0,62.0
10109729SILVAA_2025-03-17_G29,10109729SILVAA,2025-03-17,117786,1,29,0,56.0
10109729SILVAA_2025-03-17_G30,10109729SILVAA,2025-03-17,141047,1,11,0,435.0
10109729SILVAA_2025-03-17_G31,10109729SILVAA,2025-03-17,110515,1,28,0,131.0
10109729SILVAA_2025-03-17_G32,10109729SILVAA,2025-03-17,110711,1,8,0,156.0
10109729SILVAA_2025-03-17_G33,10109729SILVAA,2025-03-17,109640,2,28,5,206.0
10109729SILVAA_2025-03-17_G34,10109729SILVAA,2025-03-17,111602,1,18,0,473.0
10109729SILVAA_2025-03-17_G35,10109729SILVAA,2025-03-17,111463,1,16,0,526.0
10109729SILVAA_2025-03-17_G36,10109729SILVAA,2025-03-17,111469,1,82,0,203.0
10109729SILVAA_2025-03-17_G37,10109729SILVAA,2025-03-17,111466,1,37,0,174.0
10109729SILVAA_2025-03-17_G38,10109729SILVAA,2025-03-17,111532,1,23,0,568.0
10109729SILVAA_2025-03-17_G39,10109729SILVAA,2025-03-17,117831,1,27,0,353.0
10109729SILVAA_2025-03-17_G40,10109729SILVAA,2025-03-17,111468,1,1,0,45.0
10109729SILVAA_2025-03-17_G41,10109729SILVAA,2025-03-17,111418,1,107,0,232.0
10109729SILVAA_2025-03-17_G42,10109729SILVAA,2025-03-17,118317,1,18,0,290.0
10109729SILVAA_2025-03-17_G43,10109729SILVAA,2025-03-17,108794,1,1,0,144.0
10109729SILVAA_2025-03-17_G45,10109729SILVAA,2025-03-17,111463,1,18,0,510.0
10109729SILVAA_2025-03-17_G46,10109729SILVAA,2025-03-17,111466,1,6,0,73.0
10109729SILVAA_2025-03-17_G47,10109729SILVAA,2025-03-17,140922,1,4,0,703.0
10109729SILVAA_2025-03-17_G48,10109729SILVAA,2025-03-17,111468,1,2,0,50.0
10109729SILVAA_2025-03-17_G49,10109729SILVAA,2025-03-17,110787,1,6,0,64.0
10109729SILVAA_2025-03-17_G50,10109729SILVAA,2025-03-17,108794,1,1,0,173.0
10109729SILVAA_2025-03-17_G51,10109729SILVAA,2025-03-17,111465,1,2,0,118.0
10109729SILVAA_2025-03-17_G52,10109729SILVAA,2025-03-17,117785,1,22,0,486.0
10109729SILVAA_2025-03-17_G53,10109729SILVAA,2025-03-17,111418,1,20,0,79.0
10109729SILVAA_2025-03-17_G54,10109729SILVAA,2025-03-17,108770,1,4,0,502.0
10109729SILVAA_2025-03-17_G55,10109729SILVAA,2025-03-17,111569,1,4,0,374.0
10109729SILVAA_2025-03-17_G56,10109729SILVAA,2025-03-17,110747,1,4,0,114.0
10109729SILVAA_2025-03-17_G57,10109729SILVAA,2025-03-17,111850,1,2,0,63.0
10109729SILVAA_2025-03-17_G58,10109729SILVAA,2025-03-17,118222,1,4,0,56.0
10109729SILVAA_2025-03-17_G59,10109729SILVAA,2025-03-17,110064,1,2,0,129.0
10109729SILVAA_2025-03-17_G60,10109729SILVAA,2025-03-17,117862,1,8,0,194.0
10109729SILVAA_2025-03-17_G61,10109729SILVAA,2025-03-17,141035,1,2,0,85.0
10109729SILVAA_2025-03-17_G62,10109729SILVAA,2025-03-17,110339,1,5,0,120.0
10109729SILVAA_2025-03-17_G63,10109729SILVAA,2025-03-17,117935,1,2,0,48.0
10109729SILVAA_2025-03-17_G64,10109729SILVAA,2025-03-17,117861,1,4,0,123.0
10109729SILVAA_2025-03-17_G65,10109729SILVAA,2025-03-17,110515,1,6,0,135.0
10109729SILVAA_2025-03-17_G66,10109729SILVAA,2025-03-17,110372,1,25,0,566.0
10109729SILVAA_2025-03-17_G67,10109729SILVAA,2025-03-17,117830,1,6,0,44.0
10109729SILVAA_2025-03-17_G68,10109729SILVAA,2025-03-17,140922,1,4,0,273.0
10109729SILVAA_2025-03-17_G69,10109729SILVAA,2025-03-17,111468,1,6,0,32.0
10109729SILVAA_2025-03-17_G70,10109729SILVAA,2025-03-17,111172,1,4,0,92.0
10109729SILVAA_2025-03-17_G71,10109729SILVAA,2025-03-17,117785,1,5,0,69.0
10109729SILVAA_2025-03-17_G72,10109729SILVAA,2025-03-17,111418,1,15,0,258.0
10109729SILVAA_2025-03-17_G73,10109729SILVAA,2025-03-17,108711,1,2,0,48.0
10109729SILVAA_2025-03-17_G74,10109729SILVAA,2025-03-17,108794,1,2,0,81.0
10109729SILVAA_2025-03-17_G75,10109729SILVAA,2025-03-17,111465,1,2,0,102.0
10109729SILVAA_2025-03-17_G76,10109729SILVAA,2025-03-17,118299,1,10,0,346.0
10109729SILVAA_2025-03-17_G77,10109729SILVAA,2025-03-17,117808,1,20,0,361.0
10109729SILVAA_2025-03-17_G78,10109729SILVAA,2025-03-17,117809,1,2,0,31.0
10109729SILVAA_2025-03-17_G79,10109729SILVAA,2025-03-17,110372,1,8,0,140.0
10109729SILVAA_2025-03-17_G80,10109729SILVAA,2025-03-17,110371,1,2,0,37.0
10109729SILVAA_2025-03-17_G81,10109729SILVAA,2025-03-17,110515,1,6,0,147.0
10109729SILVAA_2025-03-17_G82,10109729SILVAA,2025-03-17,110515,1,6,0,92.0
10109729SILVAA_2025-03-17_G83,10109729SILVAA,2025-03-17,111469,1,14,0,389.0
10109729SILVAA_2025-03-17_G84,10109729SILVAA,2025-03-17,110515,1,5,0,77.0
10109729SILVAA_2025-03-17_G85,10109729SILVAA,2025-03-17,111469,1,11,0,299.0
10109729SILVAA_2025-03-17_G86,10109729SILVAA,2025-03-17,110515,1,4,0,134.0
10109729SILVAA_2025-03-17_G87,10109729SILVAA,2025-03-17,111469,1,7,0,129.0
10109729SILVAA_2025-03-17_G88,10109729SILVAA,2025-03-17,110895,1,20,0,288.0
10109729SILVAA_2025-03-17_G89,10109729SILVAA,2025-03-17,111530,2,30,28,120.0
10109729SILVAA_2025-03-18_G02,10109729SILVAA,2025-03-18,117853,1,23,0,57.0
10109729SILVAA_2025-03-18_G03,10109729SILVAA,2025-03-18,107629,1,1,0,383.0
10109729SILVAA_2025-03-18_G04,10109729SILVAA,2025-03-18,111530,1,94,0,1023.0
10109729SILVAA_2025-03-18_G05,10109729SILVAA,2025-03-18,111463,1,3,0,86.0
10109729SILVAA_2025-03-18_G06,10109729SILVAA,2025-03-18,111463,1,96,0,220.0
10109729SILVAA_2025-03-18_G07,10109729SILVAA,2025-03-18,118094,1,2,0,353.0
10109729SILVAA_2025-03-18_G08,10109729SILVAA,2025-03-18,111530,1,1,0,91.0
10109729SILVAA_2025-03-18_G09,10109729SILVAA,2025-03-18,110711,1,4,0,97.0
10109729SILVAA_2025-03-18_G10,10109729SILVAA,2025-03-18,110374,1,3,0,87.0
10109729SILVAA_2025-03-18_G11,10109729SILVAA,2025-03-18,109643,1,4,0,201.0
10109729SILVAA_2025-03-18_G12,10109729SILVAA,2025-03-18,118299,1,5,0,56.0
10109729SILVAA_2025-03-18_G13,10109729SILVAA,2025-03-18,111850,1,4,0,1231.0
10109729SILVAA_2025-03-18_G14,10109729SILVAA,2025-03-18,109937,1,4,0,56.0
10109729SILVAA_2025-03-18_G15,10109729SILVAA,2025-03-18,109937,1,3,0,101.0
10109729SILVAA_2025-03-18_G16,10109729SILVAA,2025-03-18,118222,1,4,0,42.0
10109729SILVAA_2025-03-18_G17,10109729SILVAA,2025-03-18,115773,1,4,0,116.0
10109729SILVAA_2025-03-18_G18,10109729SILVAA,2025-03-18,100334,1,5,0,145.0
10109729SILVAA_2025-03-18_G19,10109729SILVAA,2025-03-18,111430,1,2,0,44.0
10109729SILVAA_2025-03-18_G20,10109729SILVAA,2025-03-18,110325,1,18,0,1437.0
10109729SILVAA_2025-03-18_G21,10109729SILVAA,2025-03-18,118299,2,93,17,46.0
10109729SILVAA_2025-03-18_G22,10109729SILVAA,2025-03-18,117822,1,4,0,582.0
10109729SILVAA_2025-03-18_G23,10109729SILVAA,2025-03-18,110376,1,2,0,63.0
10109729SILVAA_2025-03-18_G24,10109729SILVAA,2025-03-18,117808,1,164,0,718.0
10109729SILVAA_2025-03-18_G26,10109729SILVAA,2025-03-18,117820,1,27,0,145.0
10109729SILVAA_2025-03-18_G27,10109729SILVAA,2025-03-18,110372,2,31,18,118.0
10109729SILVAA_2025-03-18_G28,10109729SILVAA,2025-03-18,"117830, 110371",2,27,14,445.0
10109729SILVAA_2025-03-18_G29,10109729SILVAA,2025-03-18,109643,1,14,0,193.0
10109729SILVAA_2025-03-18_G30,10109729SILVAA,2025-03-18,109747,1,2,0,300.0
10109729SILVAA_2025-03-18_G31,10109729SILVAA,2025-03-18,110374,2,35,6,196.0
10109729SILVAA_2025-03-18_G32,10109729SILVAA,2025-03-18,117820,1,2,0,256.0
10109729SILVAA_2025-03-18_G33,10109729SILVAA,2025-03-18,118299,1,7,0,96.0
10109729SILVAA_2025-03-18_G34,10109729SILVAA,2025-03-18,110376,1,3,0,52.0
10109729SILVAA_2025-03-18_G35,10109729SILVAA,2025-03-18,117808,1,2,0,39.0
10109729SILVAA_2025-03-18_G36,10109729SILVAA,2025-03-18,110373,1,13,0,150.0
10109729SILVAA_2025-03-18_G37,10109729SILVAA,2025-03-18,117820,1,4,0,55.0
10109729SILVAA_2025-03-18_G38,10109729SILVAA,2025-03-18,110371,1,10,0,88.0
10109729SILVAA_2025-03-18_G39,10109729SILVAA,2025-03-18,108770,1,1,0,719.0
10109729SILVAA_2025-03-18_G40,10109729SILVAA,2025-03-18,111569,1,4,0,228.0
10109729SILVAA_2025-03-18_G41,10109729SILVAA,2025-03-18,111598,1,4,0,304.0
10109729SILVAA_2025-03-18_G42,10109729SILVAA,2025-03-18,117856,1,4,0,62.0
10109729SILVAA_2025-03-18_G43,10109729SILVAA,2025-03-18,111602,1,7,0,102.0
10109729SILVAA_2025-03-18_G44,10109729SILVAA,2025-03-18,"110515, 111530",2,7,12,162.0
10109729SILVAA_2025-03-18_G45,10109729SILVAA,2025-03-18,111530,1,13,0,1014.0
10109729SILVAA_2025-03-19_G02,10109729SILVAA,2025-03-19,117853,1,10,0,294.0
10109729SILVAA_2025-03-19_G03,10109729SILVAA,2025-03-19,111569,1,4,0,306.0
10109729SILVAA_2025-03-19_G04,10109729SILVAA,2025-03-19,118306,1,1,0,99.0
10109729SILVAA_2025-03-19_G05,10109729SILVAA,2025-03-19,117856,1,4,0,463.0
10109729SILVAA_2025-03-19_G06,10109729SILVAA,2025-03-19,118299,1,12,0,128.0
10109729SILVAA_2025-03-19_G07,10109729SILVAA,2025-03-19,117809,1,4,0,120.0
10109729SILVAA_2025-03-19_G08,10109729SILVAA,2025-03-19,"110372, 109643",2,12,17,345.0
10109729SILVAA_2025-03-19_G09,10109729SILVAA,2025-03-19,110374,1,2,0,70.0
10109729SILVAA_2025-03-19_G10,10109729SILVAA,2025-03-19,110895,1,2,0,192.0
10109729SILVAA_2025-03-19_G11,10109729SILVAA,2025-03-19,110376,1,2,0,3423.0
10109729SILVAA_2025-03-19_G12,10109729SILVAA,2025-03-19,110373,1,2,0,59.0
10109729SILVAA_2025-03-19_G13,10109729SILVAA,2025-03-19,109747,1,4,0,800.0
10109729SILVAA_2025-03-19_G14,10109729SILVAA,2025-03-19,110895,1,2,0,192.0
10109729SILVAA_2025-03-19_G15,10109729SILVAA,2025-03-19,117862,1,4,0,261.0
10109729SILVAA_2025-03-19_G16,10109729SILVAA,2025-03-19,117853,2,8,6,100.0
10109729SILVAA_2025-03-19_G17,10109729SILVAA,2025-03-19,110733,1,10,0,163.0
10109729SILVAA_2025-03-19_G18,10109729SILVAA,2025-03-19,110515,1,12,0,156.0
10109729SILVAA_2025-03-19_G19,10109729SILVAA,2025-03-19,111530,1,10,0,191.0
10109729SILVAA_2025-03-19_G20,10109729SILVAA,2025-03-19,111348,1,10,0,710.0
10109729SILVAA_2025-03-19_G21,10109729SILVAA,2025-03-19,111466,1,20,0,1018.0
10109729SILVAA_2025-03-19_G22,10109729SILVAA,2025-03-19,117833,1,4,0,96.0
10109729SILVAA_2025-03-19_G23,10109729SILVAA,2025-03-19,"140922, 111468",2,11,23,64.0
10109729SILVAA_2025-03-19_G24,10109729SILVAA,2025-03-19,108711,1,2,0,148.0
10109729SILVAA_2025-03-19_G25,10109729SILVAA,2025-03-19,111462,1,16,0,125.0
10109729SILVAA_2025-03-19_G26,10109729SILVAA,2025-03-19,118317,1,4,0,68.0
10109729SILVAA_2025-03-19_G27,10109729SILVAA,2025-03-19,117831,2,22,20,177.0
10109729SILVAA_2025-03-19_G28,10109729SILVAA,2025-03-19,118140,1,6,0,87.0
10109729SILVAA_2025-03-19_G29,10109729SILVAA,2025-03-19,111530,1,8,0,490.0
10109729SILVAA_2025-03-19_G30,10109729SILVAA,2025-03-19,111532,2,24,13,146.0
10109729SILVAA_2025-03-19_G31,10109729SILVAA,2025-03-19,111466,1,4,0,520.0
10109729SILVAA_2025-03-19_G32,10109729SILVAA,2025-03-19,118140,1,6,0,123.0
10109729SILVAA_2025-03-19_G33,10109729SILVAA,2025-03-19,117853,1,7,0,321.0
10109729SILVAA_2025-03-19_G34,10109729SILVAA,2025-03-19,117856,1,10,0,167.0
10109729SILVAA_2025-03-19_G35,10109729SILVAA,2025-03-19,117855,1,10,0,281.0
10109729SILVAA_2025-03-19_G36,10109729SILVAA,2025-03-19,111530,1,1,0,159.0
10109729SILVAA_2025-03-19_G37,10109729SILVAA,2025-03-19,111431,1,2,0,496.0
10109729SILVAA_2025-03-19_G38,10109729SILVAA,2025-03-19,110895,1,7,0,878.0
10109729SILVAA_2025-03-19_G39,10109729SILVAA,2025-03-19,109640,1,4,0,191.0
10109729SILVAA_2025-03-19_G40,10109729SILVAA,2025-03-19,118222,1,4,0,709.0
10109729SILVAA_2025-03-19_G41,10109729SILVAA,2025-03-19,110376,1,4,0,117.0
10109729SILVAA_2025-03-19_G43,10109729SILVAA,2025-03-19,110373,1,2,0,121.0
10109729SILVAA_2025-03-19_G44,10109729SILVAA,2025-03-19,117808,1,4,0,51.0
10109729SILVAA_2025-03-19_G45,10109729SILVAA,2025-03-19,110371,1,6,0,168.0
10109729SILVAA_2025-03-19_G46,10109729SILVAA,2025-03-19,108711,1,4,0,229.0
10109729SILVAA_2025-03-19_G47,10109729SILVAA,2025-03-19,109645,1,4,0,76.0
10109729SILVAA_2025-03-19_G48,10109729SILVAA,2025-03-19,110743,1,3,0,95.0
10109729SILVAA_2025-03-19_G49,10109729SILVAA,2025-03-19,111465,1,4,0,122.0
10109729SILVAA_2025-03-19_G50,10109729SILVAA,2025-03-19,118299,1,4,0,498.0
10109729SILVAA_2025-03-19_G51,10109729SILVAA,2025-03-19,117809,1,7,0,86.0
10109729SILVAA_2025-03-19_G52,10109729SILVAA,2025-03-19,110371,1,8,0,95.0
10109729SILVAA_2025-03-19_G53,10109729SILVAA,2025-03-19,110372,1,12,0,193.0
10109729SILVAA_2025-03-19_G54,10109729SILVAA,2025-03-19,109747,1,4,0,151.0
10109729SILVAA_2025-03-19_G55,10109729SILVAA,2025-03-19,111463,1,4,0,154.0
10109729SILVAA_2025-03-19_G56,10109729SILVAA,2025-03-19,111463,1,7,0,1283.0
10109729SILVAA_2025-03-19_G57,10109729SILVAA,2025-03-19,110376,1,2,0,244.0
10109729SILVAA_2025-03-19_G58,10109729SILVAA,2025-03-19,118299,1,9,0,66.0
10109729SILVAA_2025-03-19_G59,10109729SILVAA,2025-03-19,110373,1,2,0,201.0
10109729SILVAA_2025-03-19_G60,10109729SILVAA,2025-03-19,117808,1,16,0,142.0
10109729SILVAA_2025-03-19_G61,10109729SILVAA,2025-03-19,117809,1,4,0,60.0
10109729SILVAA_2025-03-19_G62,10109729SILVAA,2025-03-19,110371,1,7,0,101.0
10109729SILVAA_2025-03-19_G63,10109729SILVAA,2025-03-19,110372,1,2,0,121.0
10109729SILVAA_2025-03-19_G64,10109729SILVAA,2025-03-19,110374,1,3,0,52.0
10109729SILVAA_2025-03-19_G65,10109729SILVAA,2025-03-19,105705,1,8,0,355.0
10109729SILVAA_2025-03-19_G66,10109729SILVAA,2025-03-19,109641,1,4,0,117.0
10109729SILVAA_2025-03-19_G67,10109729SILVAA,2025-03-19,117861,1,4,0,97.0
10109729SILVAA_2025-03-19_G68,10109729SILVAA,2025-03-19,110515,1,4,0,111.0
10109729SILVAA_2025-03-19_G69,10109729SILVAA,2025-03-19,111466,1,10,0,125.0
10109729SILVAA_2025-03-19_G70,10109729SILVAA,2025-03-19,111532,1,2,0,87.0
10109729SILVAA_2025-03-19_G71,10109729SILVAA,2025-03-19,140922,1,4,0,156.0
10109729SILVAA_2025-03-19_G72,10109729SILVAA,2025-03-19,109641,1,4,0,67.0
10109729SILVAA_2025-03-19_G73,10109729SILVAA,2025-03-19,111462,1,8,0,133.0
10109729SILVAA_2025-03-19_G74,10109729SILVAA,2025-03-19,117831,1,5,0,92.0
10109729SILVAA_2025-03-19_G75,10109729SILVAA,2025-03-19,109645,1,6,0,76.0
10109729SILVAA_2025-03-19_G76,10109729SILVAA,2025-03-19,105705,1,4,0,133.0
10109729SILVAA_2025-03-19_G77,10109729SILVAA,2025-03-19,118299,1,12,0,159.0
10109729SILVAA_2025-03-19_G78,10109729SILVAA,2025-03-19,110373,1,6,0,96.0
10109729SILVAA_2025-03-19_G79,10109729SILVAA,2025-03-19,117808,1,15,0,411.0
10109729SILVAA_2025-03-19_G80,10109729SILVAA,2025-03-19,117809,1,8,0,71.0
10109729SILVAA_2025-03-19_G81,10109729SILVAA,2025-03-19,110372,1,5,0,67.0
10109729SILVAA_2025-03-19_G82,10109729SILVAA,2025-03-19,110374,1,8,0,120.0
10109729SILVAA_2025-03-20_G02,10109729SILVAA,2025-03-20,117821,1,160,0,342.0
10109729SILVAA_2025-03-20_G03,10109729SILVAA,2025-03-20,111353,1,20,0,587.0
10109729SILVAA_2025-03-20_G06,10109729SILVAA,2025-03-20,111722,1,42,0,1001.0
10109729SILVAA_2025-03-20_G07,10109729SILVAA,2025-03-20,118191,1,88,0,343.0
10109729SILVAA_2025-03-20_G08,10109729SILVAA,2025-03-20,111469,1,45,0,433.0
10109729SILVAA_2025-03-21_G02,10109729SILVAA,2025-03-21,111532,1,18,0,144.0
10109729SILVAA_2025-03-21_G03,10109729SILVAA,2025-03-21,109641,1,2,0,47.0
10109729SILVAA_2025-03-21_G04,10109729SILVAA,2025-03-21,111172,1,14,0,339.0
10109729SILVAA_2025-03-21_G05,10109729SILVAA,2025-03-21,111418,1,20,0,157.0
10109729SILVAA_2025-03-21_G06,10109729SILVAA,2025-03-21,108711,1,9,0,71.0
10109729SILVAA_2025-03-21_G07,10109729SILVAA,2025-03-21,111462,1,24,0,340.0
10109729SILVAA_2025-03-21_G08,10109729SILVAA,2025-03-21,117821,1,10,0,66.0
10109729SILVAA_2025-03-21_G09,10109729SILVAA,2025-03-21,110787,1,6,0,95.0
10109729SILVAA_2025-03-21_G10,10109729SILVAA,2025-03-21,118317,1,18,0,153.0
10109729SILVAA_2025-03-21_G11,10109729SILVAA,2025-03-21,117831,1,26,0,224.0
10109729SILVAA_2025-03-21_G12,10109729SILVAA,2025-03-21,118140,1,6,0,166.0
10109729SILVAA_2025-03-21_G13,10109729SILVAA,2025-03-21,117832,1,24,0,220.0
10109729SILVAA_2025-03-21_G14,10109729SILVAA,2025-03-21,110373,1,8,0,131.0
10109729SILVAA_2025-03-21_G15,10109729SILVAA,2025-03-21,110372,1,28,0,343.0
10109729SILVAA_2025-03-21_G16,10109729SILVAA,2025-03-21,118299,1,12,0,111.0
10109729SILVAA_2025-03-21_G17,10109729SILVAA,2025-03-21,110371,1,2,0,77.0
10109729SILVAA_2025-03-21_G18,10109729SILVAA,2025-03-21,117840,1,4,0,1694.0
10109729SILVAA_2025-03-21_G19,10109729SILVAA,2025-03-21,111442,1,4,0,467.0
10109729SILVAA_2025-03-21_G20,10109729SILVAA,2025-03-21,111532,1,16,0,268.0
10109729SILVAA_2025-03-21_G21,10109729SILVAA,2025-03-21,117832,1,3,0,84.0
10109729SILVAA_2025-03-21_G22,10109729SILVAA,2025-03-21,110373,1,8,0,66.0
10109729SILVAA_2025-03-21_G23,10109729SILVAA,2025-03-21,118299,1,10,0,122.0
10109729SILVAA_2025-03-21_G24,10109729SILVAA,2025-03-21,118222,1,10,0,281.0
10109729SILVAA_2025-03-21_G25,10109729SILVAA,2025-03-21,117820,1,50,0,2272.0
10109729SILVAA_2025-03-21_G26,10109729SILVAA,2025-03-21,107830,1,6,0,109.0
10109729SILVAA_2025-03-21_G27,10109729SILVAA,2025-03-21,109643,1,27,0,109.0
10109729SILVAA_2025-03-21_G28,10109729SILVAA,2025-03-21,110372,1,150,0,704.0
10109729SILVAA_2025-03-21_G29,10109729SILVAA,2025-03-21,110895,1,3,0,1163.0
10109729SILVAA_2025-03-21_G30,10109729SILVAA,2025-03-21,111530,2,11,6,71.0
10109729SILVAA_2025-03-21_G31,10109729SILVAA,2025-03-21,110515,1,8,0,124.0
10109729SILVAA_2025-03-21_G32,10109729SILVAA,2025-03-21,109640,1,2,0,80.0
10109729SILVAA_2025-03-21_G33,10109729SILVAA,2025-03-21,111418,1,6,0,98.0
10109729SILVAA_2025-03-21_G34,10109729SILVAA,2025-03-21,140922,1,4,0,98.0
10109729SILVAA_2025-03-21_G35,10109729SILVAA,2025-03-21,111441,1,5,0,181.0
10109729SILVAA_2025-03-21_G36,10109729SILVAA,2025-03-21,109640,1,6,0,421.0
10109729SILVAA_2025-03-21_G37,10109729SILVAA,2025-03-21,111418,1,5,0,103.0
10109729SILVAA_2025-03-21_G38,10109729SILVAA,2025-03-21,111463,1,1,0,56.0
10109729SILVAA_2025-03-21_G39,10109729SILVAA,2025-03-21,118306,1,2,0,129.0
10109729SILVAA_2025-03-21_G40,10109729SILVAA,2025-03-21,111430,1,8,0,63.0
10109729SILVAA_2025-03-21_G41,10109729SILVAA,2025-03-21,117862,1,4,0,603.0
10109729SILVAA_2025-03-21_G42,10109729SILVAA,2025-03-21,111602,1,4,0,116.0
10109729SILVAA_2025-03-21_G43,10109729SILVAA,2025-03-21,111530,1,6,0,259.0
10109729SILVAA_2025-03-21_G44,10109729SILVAA,2025-03-21,110515,1,4,0,125.0
10109729SILVAA_2025-03-21_G45,10109729SILVAA,2025-03-21,111443,1,8,0,134.0
10109729SILVAA_2025-03-21_G46,10109729SILVAA,2025-03-21,117785,1,10,0,122.0
10109729SILVAA_2025-03-21_G47,10109729SILVAA,2025-03-21,111441,1,3,0,117.0
10109729SILVAA_2025-03-21_G48,10109729SILVAA,2025-03-21,117820,1,10,0,529.0
10109729SILVAA_2025-03-21_G49,10109729SILVAA,2025-03-21,109643,1,4,0,55.0
10109729SILVAA_2025-03-21_G50,10109729SILVAA,2025-03-21,110374,1,10,0,65.0
10109729SILVAA_2025-03-21_G51,10109729SILVAA,2025-03-21,111569,1,23,0,173.0
10109729SILVAA_2025-03-21_G52,10109729SILVAA,2025-03-21,111441,1,4,0,1252.0
10109729SILVAA_2025-03-21_G54,10109729SILVAA,2025-03-21,109647,1,4,0,130.0
10109729SILVAA_2025-03-21_G55,10109729SILVAA,2025-03-21,108772,1,2,0,210.0
10109729SILVAA_2025-03-21_G56,10109729SILVAA,2025-03-21,111598,1,4,0,226.0
10109729SILVAA_2025-03-21_G57,10109729SILVAA,2025-03-21,110313,1,4,0,48.0
10109729SILVAA_2025-03-21_G58,10109729SILVAA,2025-03-21,117856,1,4,0,183.0
10109729SILVAA_2025-03-21_G59,10109729SILVAA,2025-03-21,110733,1,4,0,38.0
10109729SILVAA_2025-03-21_G60,10109729SILVAA,2025-03-21,117855,3,25,21,104.0
10109729SILVAA_2025-03-21_G61,10109729SILVAA,2025-03-21,109640,1,6,0,572.0
10109729SILVAA_2025-03-21_G62,10109729SILVAA,2025-03-21,111435,1,6,0,97.0
10109729SILVAA_2025-03-21_G63,10109729SILVAA,2025-03-21,111443,1,4,0,50.0
10109729SILVAA_2025-03-21_G64,10109729SILVAA,2025-03-21,117833,1,4,0,71.0
10109729SILVAA_2025-03-21_G65,10109729SILVAA,2025-03-21,111172,1,8,0,74.0
10109729SILVAA_2025-03-21_G66,10109729SILVAA,2025-03-21,117785,1,30,0,280.0
10109729SILVAA_2025-03-21_G67,10109729SILVAA,2025-03-21,110743,1,2,0,54.0
10109729SILVAA_2025-03-21_G68,10109729SILVAA,2025-03-21,111418,1,42,0,159.0
10109729SILVAA_2025-03-21_G69,10109729SILVAA,2025-03-21,117838,1,4,0,182.0
10109729SILVAA_2025-03-21_G70,10109729SILVAA,2025-03-21,110787,2,14,7,109.0
10109729SILVAA_2025-03-21_G71,10109729SILVAA,2025-03-21,118317,1,3,0,66.0
10109729SILVAA_2025-03-21_G72,10109729SILVAA,2025-03-21,117831,1,10,0,54.0
10109729SILVAA_2025-03-21_G73,10109729SILVAA,2025-03-21,111433,1,4,0,91.0
10109729SILVAA_2025-03-21_G74,10109729SILVAA,2025-03-21,109647,1,8,0,1060.0
10109729SILVAA_2025-03-21_G75,10109729SILVAA,2025-03-21,118094,1,16,0,120.0
10109729SILVAA_2025-03-21_G76,10109729SILVAA,2025-03-21,117856,1,4,0,70.0
10109729SILVAA_2025-03-21_G77,10109729SILVAA,2025-03-21,110733,1,3,0,37.0
10109729SILVAA_2025-03-21_G78,10109729SILVAA,2025-03-21,117855,3,48,18,156.0
10109729SILVAA_2025-03-21_G79,10109729SILVAA,2025-03-21,110711,1,4,0,663.0
10109729SILVAA_2025-03-21_G80,10109729SILVAA,2025-03-21,111330,1,2,0,144.0
10109729SILVAA_2025-03-21_G81,10109729SILVAA,2025-03-21,111532,1,8,0,57.0
10109729SILVAA_2025-03-21_G82,10109729SILVAA,2025-03-21,109641,1,2,0,56.0
10109729SILVAA_2025-03-21_G83,10109729SILVAA,2025-03-21,111172,2,7,6,40.0
10109729SILVAA_2025-03-21_G84,10109729SILVAA,2025-03-21,117785,1,14,0,50.0
10109729SILVAA_2025-03-21_G85,10109729SILVAA,2025-03-21,117838,1,2,0,483.0
10109729SILVAA_2025-03-21_G86,10109729SILVAA,2025-03-21,108711,1,4,0,45.0
10109729SILVAA_2025-03-21_G87,10109729SILVAA,2025-03-21,110787,1,5,0,112.0
10109729SILVAA_2025-03-21_G88,10109729SILVAA,2025-03-21,118317,1,2,0,33.0
10109729SILVAA_2025-03-21_G89,10109729SILVAA,2025-03-21,"117831, 111433",2,6,28,41.0
10109729SILVAA_2025-03-21_G90,10109729SILVAA,2025-03-21,111465,1,3,0,38.0
10109729SILVAA_2025-03-21_G91,10109729SILVAA,2025-03-21,109747,1,8,0,80.0
10109729SILVAA_2025-03-21_G92,10109729SILVAA,2025-03-21,110374,1,20,0,53.0
10109729SILVAA_2025-03-21_G93,10109729SILVAA,2025-03-21,111182,1,2,0,1115.0
10109729SILVAA_2025-03-21_G94,10109729SILVAA,2025-03-21,111532,1,2,0,48.0
10109729SILVAA_2025-03-21_G95,10109729SILVAA,2025-03-21,110745,1,4,0,70.0
10109729SILVAA_2025-03-21_G96,10109729SILVAA,2025-03-21,111463,1,4,0,48.0
10109729SILVAA_2025-03-21_G97,10109729SILVAA,2025-03-21,117841,1,2,0,72.0
10109729SILVAA_2025-03-21_G98,10109729SILVAA,2025-03-21,111465,1,2,0,79.0
10109729SILVAA_2025-03-21_G99,10109729SILVAA,2025-03-21,110313,1,2,0,119.0
10109729SILVAA_2025-03-21_G100,10109729SILVAA,2025-03-21,117786,1,2,0,75.0
10109729SILVAA_2025-03-21_G101,10109729SILVAA,2025-03-21,110515,1,2,0,90.0
10109729SILVAA_2025-03-21_G102,10109729SILVAA,2025-03-21,110711,1,1,0,52.0
10109729SILVAA_2025-03-21_G103,10109729SILVAA,2025-03-21,110372,1,20,0,167.0
10109729SILVAA_2025-03-21_G104,10109729SILVAA,2025-03-21,117832,1,3,0,48.0
10109729SILVAA_2025-03-21_G105,10109729SILVAA,2025-03-21,111330,1,8,0,197.0
10109729SILVAA_2025-03-21_G106,10109729SILVAA,2025-03-21,111330,1,17,0,229.0
10109729SILVAA_2025-03-21_G107,10109729SILVAA,2025-03-21,140922,1,5,0,200.0
10109729SILVAA_2025-03-21_G108,10109729SILVAA,2025-03-21,117785,1,8,0,112.0
10109729SILVAA_2025-03-21_G109,10109729SILVAA,2025-03-21,111418,1,8,0,141.0
10109729SILVAA_2025-03-21_G110,10109729SILVAA,2025-03-21,111462,1,8,0,58.0
10109729SILVAA_2025-03-21_G111,10109729SILVAA,2025-03-21,117831,1,8,0,121.0
10109729SILVAA_2025-03-21_G112,10109729SILVAA,2025-03-21,118140,1,20,0,124.0
10109729SILVAA_2025-03-21_G113,10109729SILVAA,2025-03-21,111330,1,12,0,217.0
10109729SILVAA_2025-03-21_G114,10109729SILVAA,2025-03-21,111443,1,4,0,63.0
10109729SILVAA_2025-03-21_G115,10109729SILVAA,2025-03-21,111441,1,4,0,194.0
10109729SILVAA_2025-03-21_G116,10109729SILVAA,2025-03-21,117834,1,6,0,89.0
10109729SILVAA_2025-03-21_G117,10109729SILVAA,2025-03-21,111430,1,5,0,99.0
10109729SILVAA_2025-03-21_G118,10109729SILVAA,2025-03-21,110741,1,6,0,109.0
10109729SILVAA_2025-03-21_G119,10109729SILVAA,2025-03-21,117861,1,4,0,112.0
10109729SILVAA_2025-03-21_G120,10109729SILVAA,2025-03-21,118140,1,6,0,118.0
10109729SILVAA_2025-03-21_G121,10109729SILVAA,2025-03-21,110372,1,12,0,162.0
10109729SILVAA_2025-03-22_G02,10109729SILVAA,2025-03-22,117935,1,8,0,507.0
10109729SILVAA_2025-03-22_G03,10109729SILVAA,2025-03-22,"117856, 111602",2,31,27,57.0
10109729SILVAA_2025-03-22_G04,10109729SILVAA,2025-03-22,111530,1,15,0,1727.0
10109729SILVAA_2025-03-22_G05,10109729SILVAA,2025-03-22,117855,2,5,5,35.0
10109729SILVAA_2025-03-22_G06,10109729SILVAA,2025-03-22,108772,1,4,0,145.0
10109729SILVAA_2025-03-22_G07,10109729SILVAA,2025-03-22,109640,1,12,0,310.0
10109729SILVAA_2025-03-22_G08,10109729SILVAA,2025-03-22,118299,1,80,0,616.0
10109729SILVAA_2025-03-22_G09,10109729SILVAA,2025-03-22,117808,1,100,0,171.0
10109729SILVAA_2025-03-22_G10,10109729SILVAA,2025-03-22,117809,1,10,0,255.0
10109729SILVAA_2025-03-22_G11,10109729SILVAA,2025-03-22,117830,1,60,0,188.0
10109729SILVAA_2025-03-22_G12,10109729SILVAA,2025-03-22,110372,1,100,0,504.0
10109729SILVAA_2025-03-22_G13,10109729SILVAA,2025-03-22,111418,1,80,0,317.0
10109729SILVAA_2025-03-22_G14,10109729SILVAA,2025-03-22,111463,1,40,0,121.0
10109729SILVAA_2025-03-22_G15,10109729SILVAA,2025-03-22,117831,1,4,0,171.0
10109729SILVAA_2025-03-22_G16,10109729SILVAA,2025-03-22,140922,1,14,0,136.0
10109729SILVAA_2025-03-22_G17,10109729SILVAA,2025-03-22,110740,1,9,0,252.0
10109729SILVAA_2025-03-22_G18,10109729SILVAA,2025-03-22,109640,1,40,0,988.0
10109729SILVAA_2025-03-22_G19,10109729SILVAA,2025-03-22,109643,1,10,0,243.0
10109729SILVAA_2025-03-22_G20,10109729SILVAA,2025-03-22,117862,1,10,0,833.0
10109729SILVAA_2025-03-22_G21,10109729SILVAA,2025-03-22,117856,1,4,0,72.0
10109729SILVAA_2025-03-22_G22,10109729SILVAA,2025-03-22,117855,1,18,0,153.0
10109729SILVAA_2025-03-22_G23,10109729SILVAA,2025-03-22,117861,1,4,0,43.0
10109729SILVAA_2025-03-22_G24,10109729SILVAA,2025-03-22,110515,1,12,0,141.0
10109729SILVAA_2025-03-22_G25,10109729SILVAA,2025-03-22,111442,1,12,0,573.0
10109729SILVAA_2025-03-22_G26,10109729SILVAA,2025-03-22,140922,1,6,0,57.0
10109729SILVAA_2025-03-22_G27,10109729SILVAA,2025-03-22,111469,1,18,0,154.0
10109729SILVAA_2025-03-22_G28,10109729SILVAA,2025-03-22,111435,1,8,0,179.0
10109729SILVAA_2025-03-22_G29,10109729SILVAA,2025-03-22,111532,1,4,0,77.0
10109729SILVAA_2025-03-22_G30,10109729SILVAA,2025-03-22,117785,1,16,0,123.0
10109729SILVAA_2025-03-22_G31,10109729SILVAA,2025-03-22,111418,1,10,0,55.0
10109729SILVAA_2025-03-22_G32,10109729SILVAA,2025-03-22,117821,1,12,0,119.0
10109729SILVAA_2025-03-22_G33,10109729SILVAA,2025-03-22,118140,1,4,0,150.0
10109729SILVAA_2025-03-22_G34,10109729SILVAA,2025-03-22,111433,1,2,0,92.0
10109729SILVAA_2025-03-22_G35,10109729SILVAA,2025-03-22,111602,1,2,0,263.0
10109729SILVAA_2025-03-22_G36,10109729SILVAA,2025-03-22,109641,1,16,0,162.0
10109729SILVAA_2025-03-22_G37,10109729SILVAA,2025-03-22,111438,1,1,0,97.0
10109729SILVAA_2025-03-22_G38,10109729SILVAA,2025-03-22,111441,1,4,0,54.0
10109729SILVAA_2025-03-22_G39,10109729SILVAA,2025-03-22,110129,1,50,0,1157.0
10109729SILVAA_2025-03-22_G40,10109729SILVAA,2025-03-22,140922,1,20,0,247.0
10109729SILVAA_2025-03-22_G41,10109729SILVAA,2025-03-22,111469,1,30,0,369.0
10109729SILVAA_2025-03-22_G42,10109729SILVAA,2025-03-22,111466,1,50,0,498.0
10109729SILVAA_2025-03-22_G43,10109729SILVAA,2025-03-22,111532,1,50,0,183.0
10109729SILVAA_2025-03-22_G44,10109729SILVAA,2025-03-22,117833,1,30,0,167.0
10109729SILVAA_2025-03-22_G45,10109729SILVAA,2025-03-22,111172,1,10,0,188.0
10109729SILVAA_2025-03-22_G47,10109729SILVAA,2025-03-22,124248,1,15,0,297.0
10109729SILVAA_2025-03-22_G48,10109729SILVAA,2025-03-22,122984,1,40,0,935.0
10109729SILVAA_2025-03-22_G49,10109729SILVAA,2025-03-22,124248,1,24,0,639.0
10109729SILVAA_2025-03-22_G50,10109729SILVAA,2025-03-22,123909,1,10,0,297.0
10109729SILVAA_2025-03-22_G51,10109729SILVAA,2025-03-22,122673,1,4,0,604.0
10109729SILVAA_2025-03-22_G52,10109729SILVAA,2025-03-22,123909,1,4,0,605.0
10109729SILVAA_2025-03-22_G53,10109729SILVAA,2025-03-22,122673,1,4,0,262.0
10109729SILVAA_2025-03-22_G54,10109729SILVAA,2025-03-22,121928,1,4,0,67.0
10109729SILVAA_2025-03-22_G55,10109729SILVAA,2025-03-22,122185,1,46,0,865.0
10109729SILVAA_2025-03-22_G56,10109729SILVAA,2025-03-22,123153,1,6,0,608.0
10109729SILVAA_2025-03-22_G57,10109729SILVAA,2025-03-22,124486,1,4,0,610.0
10109729SILVAA_2025-03-22_G58,10109729SILVAA,2025-03-22,124248,1,8,0,32.0
10109729SILVAA_2025-03-22_G59,10109729SILVAA,2025-03-22,124247,1,2,0,78.0
10109729SILVAA_2025-03-24_G02,10109729SILVAA,2025-03-24,117786,1,6,0,334.0
10109729SILVAA_2025-03-24_G03,10109729SILVAA,2025-03-24,108772,1,3,0,68.0
10109729SILVAA_2025-03-24_G04,10109729SILVAA,2025-03-24,110753,1,2,0,54.0
10109729SILVAA_2025-03-24_G05,10109729SILVAA,2025-03-24,110515,1,11,0,78.0
10109729SILVAA_2025-03-24_G06,10109729SILVAA,2025-03-24,110711,1,3,0,134.0
10109729SILVAA_2025-03-24_G08,10109729SILVAA,2025-03-24,109747,1,7,0,273.0
10109729SILVAA_2025-03-24_G09,10109729SILVAA,2025-03-24,111532,1,3,0,858.0
10109729SILVAA_2025-03-24_G10,10109729SILVAA,2025-03-24,117833,2,16,6,97.0
10109729SILVAA_2025-03-24_G11,10109729SILVAA,2025-03-24,109641,1,6,0,300.0
10109729SILVAA_2025-03-24_G12,10109729SILVAA,2025-03-24,117785,2,27,23,328.0
10109729SILVAA_2025-03-24_G13,10109729SILVAA,2025-03-24,117838,1,5,0,132.0
10109729SILVAA_2025-03-24_G14,10109729SILVAA,2025-03-24,108711,1,7,0,78.0
10109729SILVAA_2025-03-24_G15,10109729SILVAA,2025-03-24,111462,1,9,0,79.0
10109729SILVAA_2025-03-24_G16,10109729SILVAA,2025-03-24,110748,1,4,0,132.0
10109729SILVAA_2025-03-24_G17,10109729SILVAA,2025-03-24,109645,1,10,0,1019.0
10109729SILVAA_2025-03-24_G18,10109729SILVAA,2025-03-24,118140,1,20,0,83.0
10109729SILVAA_2025-03-24_G19,10109729SILVAA,2025-03-24,110787,1,10,0,301.0
10109729SILVAA_2025-03-24_G20,10109729SILVAA,2025-03-24,110325,1,9,0,1594.0
10109729SILVAA_2025-03-24_G21,10109729SILVAA,2025-03-24,118299,2,6,6,170.0
10109729SILVAA_2025-03-24_G22,10109729SILVAA,2025-03-24,117820,1,2,0,52.0
10109729SILVAA_2025-03-24_G23,10109729SILVAA,2025-03-24,117808,2,24,7,98.0
10109729SILVAA_2025-03-24_G24,10109729SILVAA,2025-03-24,117830,1,5,0,161.0
10109729SILVAA_2025-03-24_G25,10109729SILVAA,2025-03-24,117832,1,2,0,116.0
10109729SILVAA_2025-03-24_G26,10109729SILVAA,2025-03-24,110372,1,2,0,59.0
10109729SILVAA_2025-03-24_G27,10109729SILVAA,2025-03-24,110374,1,4,0,74.0
10109729SILVAA_2025-03-24_G28,10109729SILVAA,2025-03-24,160057,1,2,0,241.0
10109729SILVAA_2025-03-24_G29,10109729SILVAA,2025-03-24,160055,1,2,0,101.0
10109729SILVAA_2025-03-24_G30,10109729SILVAA,2025-03-24,160051,1,6,0,173.0
10109729SILVAA_2025-03-24_G31,10109729SILVAA,2025-03-24,109640,2,16,18,140.0
10109729SILVAA_2025-03-24_G32,10109729SILVAA,2025-03-24,108794,1,2,0,568.0
10109729SILVAA_2025-03-24_G33,10109729SILVAA,2025-03-24,110515,1,14,0,916.0
10109729SILVAA_2025-03-24_G34,10109729SILVAA,2025-03-24,109640,1,5,0,178.0
10109729SILVAA_2025-03-24_G35,10109729SILVAA,2025-03-24,118299,1,13,0,159.0
10109729SILVAA_2025-03-24_G36,10109729SILVAA,2025-03-24,117820,1,6,0,57.0
10109729SILVAA_2025-03-24_G37,10109729SILVAA,2025-03-24,140922,1,8,0,231.0
10109729SILVAA_2025-03-24_G38,10109729SILVAA,2025-03-24,111418,1,7,0,92.0
10109729SILVAA_2025-03-24_G39,10109729SILVAA,2025-03-24,111469,1,2,0,49.0
10109729SILVAA_2025-03-24_G40,10109729SILVAA,2025-03-24,111466,1,4,0,89.0
10109729SILVAA_2025-03-24_G41,10109729SILVAA,2025-03-24,117785,1,2,0,54.0
10109729SILVAA_2025-03-24_G42,10109729SILVAA,2025-03-24,108711,1,6,0,142.0
10109729SILVAA_2025-03-24_G43,10109729SILVAA,2025-03-24,111463,1,3,0,66.0
10109729SILVAA_2025-03-24_G44,10109729SILVAA,2025-03-24,118140,1,7,0,75.0
10109729SILVAA_2025-03-24_G45,10109729SILVAA,2025-03-24,110787,1,9,0,95.0
10109729SILVAA_2025-03-24_G47,10109729SILVAA,2025-03-24,117820,1,2,0,32.0
10109729SILVAA_2025-03-24_G48,10109729SILVAA,2025-03-24,117808,1,7,0,52.0
10109729SILVAA_2025-03-24_G49,10109729SILVAA,2025-03-24,110371,1,4,0,81.0
10109729SILVAA_2025-03-24_G50,10109729SILVAA,2025-03-24,110373,1,11,0,123.0
10109729SILVAA_2025-03-24_G51,10109729SILVAA,2025-03-24,110374,1,3,0,169.0
10109729SILVAA_2025-03-24_G52,10109729SILVAA,2025-03-24,118140,1,10,0,180.0
10109729SILVAA_2025-03-24_G53,10109729SILVAA,2025-03-24,110787,1,3,0,56.0
10109729SILVAA_2025-03-24_G54,10109729SILVAA,2025-03-24,111418,1,10,0,108.0
10109729SILVAA_2025-03-24_G55,10109729SILVAA,2025-03-24,111469,2,11,6,116.0
10109729SILVAA_2025-03-24_G56,10109729SILVAA,2025-03-24,111418,2,15,10,385.0
10109729SILVAA_2025-03-24_G57,10109729SILVAA,2025-03-24,111469,2,22,6,128.0
10109729SILVAA_2025-03-24_G58,10109729SILVAA,2025-03-24,111463,1,6,0,245.0
10109729SILVAA_2025-03-24_G59,10109729SILVAA,2025-03-24,117820,1,1,0,90.0
10109729SILVAA_2025-03-24_G60,10109729SILVAA,2025-03-24,117808,1,7,0,62.0
10109729SILVAA_2025-03-24_G61,10109729SILVAA,2025-03-24,109643,1,9,0,156.0
10109729SILVAA_2025-03-24_G62,10109729SILVAA,2025-03-24,110371,1,2,0,41.0
10109729SILVAA_2025-03-24_G63,10109729SILVAA,2025-03-24,110372,1,6,0,64.0
10109729SILVAA_2025-03-24_G64,10109729SILVAA,2025-03-24,110373,1,6,0,72.0
10109729SILVAA_2025-03-24_G65,10109729SILVAA,2025-03-24,110374,1,1,0,54.0
10109729SILVAA_2025-03-24_G66,10109729SILVAA,2025-03-24,120002,1,4,0,288.0
10109729SILVAA_2025-03-24_G67,10109729SILVAA,2025-03-24,111418,1,7,0,404.0
10109729SILVAA_2025-03-24_G68,10109729SILVAA,2025-03-24,111469,2,23,14,38.0
10109729SILVAA_2025-03-24_G69,10109729SILVAA,2025-03-24,111466,1,1,0,165.0
10109729SILVAA_2025-03-24_G70,10109729SILVAA,2025-03-24,"111532, 118140, 110787",3,18,39,104.0
10109729SILVAA_2025-03-24_G71,10109729SILVAA,2025-03-24,117820,1,1,0,558.0
10109729SILVAA_2025-03-24_G72,10109729SILVAA,2025-03-24,117808,1,5,0,42.0
10109729SILVAA_2025-03-24_G73,10109729SILVAA,2025-03-24,109643,1,3,0,113.0
10109729SILVAA_2025-03-24_G74,10109729SILVAA,2025-03-24,110372,1,14,0,75.0
10109729SILVAA_2025-03-24_G75,10109729SILVAA,2025-03-24,110373,1,11,0,70.0
10109729SILVAA_2025-03-24_G76,10109729SILVAA,2025-03-24,110374,1,8,0,216.0
10109729SILVAA_2025-03-24_G77,10109729SILVAA,2025-03-24,"118299, 117820",2,8,17,506.0
10109729SILVAA_2025-03-24_G78,10109729SILVAA,2025-03-24,117808,1,10,0,136.0
10109729SILVAA_2025-03-24_G79,10109729SILVAA,2025-03-24,110371,1,7,0,116.0
10109729SILVAA_2025-03-24_G80,10109729SILVAA,2025-03-24,110372,1,4,0,120.0
10109729SILVAA_2025-03-24_G81,10109729SILVAA,2025-03-24,110373,1,11,0,92.0
10109729SILVAA_2025-03-24_G82,10109729SILVAA,2025-03-24,110374,1,7,0,35.0
10109729SILVAA_2025-03-24_G83,10109729SILVAA,2025-03-24,"111418, 111532",2,7,15,59.0
10109729SILVAA_2025-03-24_G84,10109729SILVAA,2025-03-24,"118299, 117820, 117808",3,13,22,125.0
10109729SILVAA_2025-03-24_G85,10109729SILVAA,2025-03-24,"109643, 110373",2,6,15,194.0
10109729SILVAA_2025-03-24_G86,10109729SILVAA,2025-03-24,111418,1,16,0,376.0
10109729SILVAA_2025-03-24_G87,10109729SILVAA,2025-03-24,111466,1,4,0,77.0
10109729SILVAA_2025-03-24_G88,10109729SILVAA,2025-03-24,111532,1,1,0,69.0
10109729SILVAA_2025-03-25_G02,10109729SILVAA,2025-03-25,108993,1,2,0,298.0
10109729SILVAA_2025-03-25_G03,10109729SILVAA,2025-03-25,110500,1,4,0,187.0
10109729SILVAA_2025-03-25_G04,10109729SILVAA,2025-03-25,111112,1,2,0,134.0
10109729SILVAA_2025-03-25_G05,10109729SILVAA,2025-03-25,118321,1,4,0,296.0
10109729SILVAA_2025-03-25_G06,10109729SILVAA,2025-03-25,110537,1,4,0,433.0
10109729SILVAA_2025-03-25_G07,10109729SILVAA,2025-03-25,111705,1,4,0,695.0
10109729SILVAA_2025-03-25_G08,10109729SILVAA,2025-03-25,107904,1,2,0,2002.0
10109729SILVAA_2025-03-25_G09,10109729SILVAA,2025-03-25,108770,1,16,0,1115.0
10109729SILVAA_2025-03-25_G10,10109729SILVAA,2025-03-25,110582,1,2,0,166.0
10109729SILVAA_2025-03-25_G11,10109729SILVAA,2025-03-25,111850,1,16,0,267.0
10109729SILVAA_2025-03-25_G12,10109729SILVAA,2025-03-25,110841,1,8,0,260.0
10109729SILVAA_2025-03-25_G13,10109729SILVAA,2025-03-25,118290,1,2,0,322.0
10109729SILVAA_2025-03-25_G14,10109729SILVAA,2025-03-25,118306,1,6,0,118.0
10109729SILVAA_2025-03-25_G15,10109729SILVAA,2025-03-25,100334,1,8,0,117.0
10109729SILVAA_2025-03-25_G16,10109729SILVAA,2025-03-25,109471,1,2,0,190.0
10109729SILVAA_2025-03-25_G17,10109729SILVAA,2025-03-25,111569,1,3,0,77.0
10109729SILVAA_2025-03-25_G18,10109729SILVAA,2025-03-25,111861,1,2,0,61.0
10109729SILVAA_2025-03-25_G19,10109729SILVAA,2025-03-25,105359,1,4,0,100.0
10109729SILVAA_2025-03-25_G20,10109729SILVAA,2025-03-25,111447,1,10,0,146.0
10109729SILVAA_2025-03-25_G21,10109729SILVAA,2025-03-25,116527,1,10,0,168.0
10109729SILVAA_2025-03-25_G22,10109729SILVAA,2025-03-25,111775,1,4,0,448.0
10109729SILVAA_2025-03-25_G23,10109729SILVAA,2025-03-25,110442,1,2,0,71.0
10109729SILVAA_2025-03-25_G24,10109729SILVAA,2025-03-25,116616,1,2,0,82.0
10109729SILVAA_2025-03-25_G25,10109729SILVAA,2025-03-25,110874,1,2,0,129.0
10109729SILVAA_2025-03-25_G26,10109729SILVAA,2025-03-25,109974,1,2,0,197.0
10109729SILVAA_2025-03-25_G27,10109729SILVAA,2025-03-25,118222,1,7,0,962.0
10109729SILVAA_2025-03-25_G28,10109729SILVAA,2025-03-25,111778,1,2,0,482.0
10109729SILVAA_2025-03-25_G29,10109729SILVAA,2025-03-25,110475,1,2,0,236.0
10109729SILVAA_2025-03-25_G30,10109729SILVAA,2025-03-25,106326,1,2,0,260.0
10109729SILVAA_2025-03-25_G31,10109729SILVAA,2025-03-25,110742,1,18,0,450.0
10109729SILVAA_2025-03-25_G32,10109729SILVAA,2025-03-25,111437,1,8,0,387.0
10109729SILVAA_2025-03-25_G33,10109729SILVAA,2025-03-25,110681,1,2,0,770.0
10109729SILVAA_2025-03-25_G34,10109729SILVAA,2025-03-25,110339,1,4,0,1449.0
10109729SILVAA_2025-03-25_G35,10109729SILVAA,2025-03-25,111602,1,6,0,171.0
10109729SILVAA_2025-03-25_G36,10109729SILVAA,2025-03-25,110741,1,1,0,99.0
10109729SILVAA_2025-03-25_G37,10109729SILVAA,2025-03-25,111530,1,3,0,59.0
10109729SILVAA_2025-03-25_G38,10109729SILVAA,2025-03-25,111348,1,1,0,79.0
10109729SILVAA_2025-03-25_G39,10109729SILVAA,2025-03-25,140922,1,4,0,59.0
10109729SILVAA_2025-03-25_G40,10109729SILVAA,2025-03-25,111442,1,1,0,102.0
10109729SILVAA_2025-03-25_G41,10109729SILVAA,2025-03-25,111462,1,8,0,69.0
10109729SILVAA_2025-03-25_G42,10109729SILVAA,2025-03-25,117821,1,6,0,92.0
10109729SILVAA_2025-03-25_G43,10109729SILVAA,2025-03-25,111463,1,8,0,78.0
10109729SILVAA_2025-03-25_G44,10109729SILVAA,2025-03-25,117831,1,8,0,117.0
10109729SILVAA_2025-03-25_G45,10109729SILVAA,2025-03-25,111465,1,5,0,87.0
10109729SILVAA_2025-03-25_G46,10109729SILVAA,2025-03-25,"117822, 110376",2,18,29,122.0
10109729SILVAA_2025-03-25_G47,10109729SILVAA,2025-03-25,117809,1,4,0,127.0
10109729SILVAA_2025-03-25_G48,10109729SILVAA,2025-03-25,118299,1,12,0,101.0
10109729SILVAA_2025-03-25_G49,10109729SILVAA,2025-03-25,117808,1,8,0,77.0
10109729SILVAA_2025-03-25_G51,10109729SILVAA,2025-03-25,117832,1,12,0,118.0
10109729SILVAA_2025-03-25_G52,10109729SILVAA,2025-03-25,110740,1,4,0,118.0
10109729SILVAA_2025-03-25_G53,10109729SILVAA,2025-03-25,111446,1,3,0,117.0
10109729SILVAA_2025-03-25_G54,10109729SILVAA,2025-03-25,111463,1,2,0,196.0
10109729SILVAA_2025-03-25_G55,10109729SILVAA,2025-03-25,110740,1,4,0,76.0
10109729SILVAA_2025-03-25_G56,10109729SILVAA,2025-03-25,110373,1,4,0,150.0
10109729SILVAA_2025-03-25_G57,10109729SILVAA,2025-03-25,110740,1,4,0,131.0
10109729SILVAA_2025-03-25_G58,10109729SILVAA,2025-03-25,110374,1,6,0,140.0
10109729SILVAA_2025-03-25_G59,10109729SILVAA,2025-03-25,111463,1,8,0,272.0
10109729SILVAA_2025-03-25_G60,10109729SILVAA,2025-03-25,110515,1,5,0,160.0
10109729SILVAA_2025-03-25_G61,10109729SILVAA,2025-03-25,118094,1,7,0,166.0
10109729SILVAA_2025-03-25_G62,10109729SILVAA,2025-03-25,111463,1,8,0,579.0
10109729SILVAA_2025-03-25_G63,10109729SILVAA,2025-03-25,111463,1,8,0,79.0
10109729SILVAA_2025-03-25_G64,10109729SILVAA,2025-03-25,111602,1,4,0,378.0
10109729SILVAA_2025-03-25_G65,10109729SILVAA,2025-03-25,111530,1,1,0,47.0
10109729SILVAA_2025-03-25_G66,10109729SILVAA,2025-03-25,111442,1,2,0,118.0
10109729SILVAA_2025-03-25_G67,10109729SILVAA,2025-03-25,111463,1,4,0,60.0
10109729SILVAA_2025-03-25_G68,10109729SILVAA,2025-03-25,111418,1,40,0,1195.0
10109729SILVAA_2025-03-25_G69,10109729SILVAA,2025-03-25,111466,1,100,0,168.0
10109729SILVAA_2025-03-25_G70,10109729SILVAA,2025-03-25,111532,1,20,0,250.0
10109729SILVAA_2025-03-25_G71,10109729SILVAA,2025-03-25,117833,1,30,0,285.0
10109729SILVAA_2025-03-25_G72,10109729SILVAA,2025-03-25,117838,2,30,9,166.0
10109729SILVAA_2025-03-25_G73,10109729SILVAA,2025-03-25,108711,1,20,0,173.0
10109729SILVAA_2025-03-25_G74,10109729SILVAA,2025-03-25,111462,1,20,0,124.0
10109729SILVAA_2025-03-25_G75,10109729SILVAA,2025-03-25,111463,1,47,0,298.0
10109729SILVAA_2025-03-25_G76,10109729SILVAA,2025-03-25,117831,1,20,0,258.0
10109729SILVAA_2025-03-25_G77,10109729SILVAA,2025-03-25,110787,1,30,0,230.0
10109729SILVAA_2025-03-28_G02,10109729SILVAA,2025-03-28,118250,1,20,0,401.0
10109729SILVAA_2025-03-28_G03,10109729SILVAA,2025-03-28,110582,1,50,0,1655.0
10109729SILVAA_2025-03-28_G04,10109729SILVAA,2025-03-28,111438,1,100,0,427.0
10109729SILVAA_2025-03-28_G05,10109729SILVAA,2025-03-28,110895,1,40,0,1740.0
10109729SILVAA_2025-03-28_G06,10109729SILVAA,2025-03-28,118094,1,20,0,521.0
10109729SILVAA_2025-03-28_G07,10109729SILVAA,2025-03-28,110313,1,20,0,223.0
10109729SILVAA_2025-03-28_G08,10109729SILVAA,2025-03-28,117935,1,12,0,142.0
10109729SILVAA_2025-03-28_G09,10109729SILVAA,2025-03-28,110711,1,20,0,1302.0
10109729SILVAA_2025-03-28_G10,10109729SILVAA,2025-03-28,110733,1,30,0,467.0
10109729SILVAA_2025-03-28_G11,10109729SILVAA,2025-03-28,111463,1,4,0,82.0
10109729SILVAA_2025-03-28_G12,10109729SILVAA,2025-03-28,118140,1,40,0,276.0
10109729SILVAA_2025-03-28_G13,10109729SILVAA,2025-03-28,111418,2,40,7,114.0
10109729SILVAA_2025-03-28_G14,10109729SILVAA,2025-03-28,108711,2,22,6,739.0
10109729SILVAA_2025-03-28_G15,10109729SILVAA,2025-03-28,117831,2,24,8,117.0
10109729SILVAA_2025-03-28_G16,10109729SILVAA,2025-03-28,110787,2,46,6,362.0
10109729SILVAA_2025-03-28_G17,10109729SILVAA,2025-03-28,117785,1,20,0,537.0
10109729SILVAA_2025-03-28_G18,10109729SILVAA,2025-03-28,117809,1,12,0,424.0
10109729SILVAA_2025-03-28_G19,10109729SILVAA,2025-03-28,118299,1,100,0,106.0
10109729SILVAA_2025-03-28_G20,10109729SILVAA,2025-03-28,117830,1,8,0,437.0
10109729SILVAA_2025-03-28_G21,10109729SILVAA,2025-03-28,117820,2,44,6,46.0
10109729SILVAA_2025-03-28_G22,10109729SILVAA,2025-03-28,"110376, 118299, 117808",3,46,45,414.0
10109729SILVAA_2025-03-28_G23,10109729SILVAA,2025-03-28,111602,1,8,0,1256.0
10109729SILVAA_2025-03-28_G24,10109729SILVAA,2025-03-28,111469,1,2,0,263.0
10109729SILVAA_2025-03-28_G25,10109729SILVAA,2025-03-28,111435,1,4,0,198.0
10109729SILVAA_2025-03-28_G26,10109729SILVAA,2025-03-28,109643,1,4,0,423.0
10109729SILVAA_2025-03-28_G27,10109729SILVAA,2025-03-28,110371,1,10,0,176.0
10109729SILVAA_2025-03-28_G28,10109729SILVAA,2025-03-28,117830,1,8,0,106.0
10109729SILVAA_2025-03-28_G29,10109729SILVAA,2025-03-28,117820,1,5,0,107.0
10109729SILVAA_2025-03-28_G30,10109729SILVAA,2025-03-28,110372,1,12,0,157.0
10109729SILVAA_2025-03-28_G31,10109729SILVAA,2025-03-28,110374,1,4,0,253.0
10109729SILVAA_2025-03-28_G32,10109729SILVAA,2025-03-28,111530,1,12,0,230.0
10109729SILVAA_2025-03-28_G33,10109729SILVAA,2025-03-28,111532,1,12,0,177.0
10109729SILVAA_2025-03-28_G34,10109729SILVAA,2025-03-28,109640,1,4,0,188.0
10109729SILVAA_2025-03-28_G35,10109729SILVAA,2025-03-28,111467,1,6,0,969.0
10109729SILVAA_2025-03-28_G36,10109729SILVAA,2025-03-28,109937,1,3,0,235.0
10109729SILVAA_2025-03-28_G37,10109729SILVAA,2025-03-28,110339,1,2,0,155.0
10109729SILVAA_2025-03-28_G38,10109729SILVAA,2025-03-28,110313,1,4,0,220.0
10109729SILVAA_2025-03-28_G39,10109729SILVAA,2025-03-28,111602,1,2,0,129.0
10109729SILVAA_2025-03-28_G40,10109729SILVAA,2025-03-28,110711,1,4,0,255.0
10109729SILVAA_2025-03-28_G41,10109729SILVAA,2025-03-28,140922,1,4,0,143.0
10109729SILVAA_2025-03-28_G42,10109729SILVAA,2025-03-28,118140,1,5,0,103.0
10109729SILVAA_2025-03-28_G43,10109729SILVAA,2025-03-28,111466,1,8,0,86.0
10109729SILVAA_2025-03-28_G44,10109729SILVAA,2025-03-28,111418,1,8,0,103.0
10109729SILVAA_2025-03-28_G45,10109729SILVAA,2025-03-28,117821,1,4,0,186.0
10109729SILVAA_2025-03-28_G46,10109729SILVAA,2025-03-28,117785,1,3,0,89.0
10109729SILVAA_2025-03-28_G47,10109729SILVAA,2025-03-28,110325,1,4,0,153.0
10109729SILVAA_2025-03-28_G48,10109729SILVAA,2025-03-28,117809,1,4,0,69.0
10109729SILVAA_2025-03-28_G49,10109729SILVAA,2025-03-28,118299,1,3,0,78.0
10109729SILVAA_2025-03-28_G50,10109729SILVAA,2025-03-28,110371,1,6,0,139.0
10109729SILVAA_2025-03-28_G52,10109729SILVAA,2025-03-28,110374,1,4,0,123.0
10109729SILVAA_2025-03-28_G53,10109729SILVAA,2025-03-28,"118299, 110371",2,4,22,133.0
10109729SILVAA_2025-03-28_G54,10109729SILVAA,2025-03-28,110372,1,8,0,173.0
10109729SILVAA_2025-03-28_G55,10109729SILVAA,2025-03-28,117821,1,1,0,73.0
10109729SILVAA_2025-03-28_G56,10109729SILVAA,2025-03-28,110787,1,4,0,45.0
10109729SILVAA_2025-03-28_G57,10109729SILVAA,2025-03-28,111418,1,4,0,64.0
10109729SILVAA_2025-03-29_G02,10109729SILVAA,2025-03-29,"108711, 110745",2,492,17,1187.0
10109729SILVAA_2025-03-29_G03,10109729SILVAA,2025-03-29,110895,1,16,0,938.0
10109729SILVAA_2025-03-29_G04,10109729SILVAA,2025-03-29,118140,1,21,0,175.0
10109729SILVAA_2025-03-29_G05,10109729SILVAA,2025-03-29,110787,1,7,0,44.0
10109729SILVAA_2025-03-29_G06,10109729SILVAA,2025-03-29,111468,1,5,0,357.0
10109729SILVAA_2025-03-29_G07,10109729SILVAA,2025-03-29,117935,1,2,0,118.0
10109729SILVAA_2025-03-29_G08,10109729SILVAA,2025-03-29,141047,1,6,0,246.0
10109729SILVAA_2025-03-29_G09,10109729SILVAA,2025-03-29,110515,1,3,0,78.0
10109729SILVAA_2025-03-29_G10,10109729SILVAA,2025-03-29,111467,1,32,0,499.0
10109729SILVAA_2025-03-29_G11,10109729SILVAA,2025-03-29,107830,1,16,0,221.0
10109729SILVAA_2025-03-29_G12,10109729SILVAA,2025-03-29,118094,1,4,0,264.0
10109729SILVAA_2025-03-29_G13,10109729SILVAA,2025-03-29,108711,1,8,0,458.0
10109729SILVAA_2025-03-29_G14,10109729SILVAA,2025-03-29,111430,1,2,0,205.0
10109729SILVAA_2025-03-29_G15,10109729SILVAA,2025-03-29,117834,1,2,0,75.0
10109729SILVAA_2025-03-29_G16,10109729SILVAA,2025-03-29,110733,1,5,0,864.0
10109729SILVAA_2025-03-29_G17,10109729SILVAA,2025-03-29,118140,1,12,0,262.0
10109729SILVAA_2025-03-29_G18,10109729SILVAA,2025-03-29,111418,1,12,0,77.0
10109729SILVAA_2025-03-29_G19,10109729SILVAA,2025-03-29,111469,1,12,0,186.0
10109729SILVAA_2025-03-29_G20,10109729SILVAA,2025-03-29,109643,1,12,0,73.0
10109729SILVAA_2025-03-29_G21,10109729SILVAA,2025-03-29,109640,1,4,0,1031.0
10109729SILVAA_2025-03-29_G22,10109729SILVAA,2025-03-29,111435,1,4,0,84.0
10109729SILVAA_2025-03-29_G23,10109729SILVAA,2025-03-29,111431,1,4,0,509.0
10109729SILVAA_2025-03-29_G24,10109729SILVAA,2025-03-29,111438,1,12,0,1860.0
10109729SILVAA_2025-03-29_G25,10109729SILVAA,2025-03-29,111850,1,1,0,60.0
10109729SILVAA_2025-03-29_G26,10109729SILVAA,2025-03-29,118290,2,11,21,655.0
10109729SILVAA_2025-03-29_G27,10109729SILVAA,2025-03-29,109471,1,2,0,380.0
10109729SILVAA_2025-03-29_G28,10109729SILVAA,2025-03-29,111569,1,4,0,60.0
10109729SILVAA_2025-03-29_G29,10109729SILVAA,2025-03-29,111569,1,7,0,121.0
10109729SILVAA_2025-03-29_G30,10109729SILVAA,2025-03-29,160057,1,2,0,90.0
10109729SILVAA_2025-03-29_G31,10109729SILVAA,2025-03-29,110325,2,11,8,1524.0
10109729SILVAA_2025-03-29_G33,10109729SILVAA,2025-03-29,118299,2,34,6,85.0
10109729SILVAA_2025-03-29_G34,10109729SILVAA,2025-03-29,110371,1,5,0,342.0
10109729SILVAA_2025-03-29_G35,10109729SILVAA,2025-03-29,117830,2,7,7,123.0
10109729SILVAA_2025-03-29_G36,10109729SILVAA,2025-03-29,107830,3,5,11,111.0
10109729SILVAA_2025-03-29_G37,10109729SILVAA,2025-03-29,110373,2,21,5,144.0
10109729SILVAA_2025-03-29_G38,10109729SILVAA,2025-03-29,110372,1,15,0,113.0
10109729SILVAA_2025-03-29_G39,10109729SILVAA,2025-03-29,117808,1,12,0,227.0
10109729SILVAA_2025-03-29_G40,10109729SILVAA,2025-03-29,117808,1,18,0,102.0
10109729SILVAA_2025-03-29_G41,10109729SILVAA,2025-03-29,124475,1,8,0,1518.0
10109729SILVAA_2025-03-29_G42,10109729SILVAA,2025-03-29,123562,1,2,0,132.0
10109729SILVAA_2025-03-29_G43,10109729SILVAA,2025-03-29,121760,1,4,0,225.0
10109729SILVAA_2025-03-29_G44,10109729SILVAA,2025-03-29,123313,1,1,0,223.0
10109729SILVAA_2025-03-29_G45,10109729SILVAA,2025-03-29,123343,1,8,0,352.0
10109729SILVAA_2025-03-29_G46,10109729SILVAA,2025-03-29,123345,1,8,0,612.0
10109729SILVAA_2025-03-29_G47,10109729SILVAA,2025-03-29,123345,1,10,0,240.0
10109729SILVAA_2025-03-29_G48,10109729SILVAA,2025-03-29,123343,1,10,0,399.0
10109729SILVAA_2025-03-29_G49,10109729SILVAA,2025-03-29,123345,1,30,0,492.0
10109729SILVAA_2025-03-29_G50,10109729SILVAA,2025-03-29,121923,1,4,0,141.0
10109729SILVAA_2025-03-29_G51,10109729SILVAA,2025-03-29,123521,1,4,0,113.0
10109729SILVAA_2025-03-30_G02,10109729SILVAA,2025-03-30,141047,1,8,0,132.0
10109729SILVAA_2025-03-30_G03,10109729SILVAA,2025-03-30,111467,1,18,0,168.0
10109729SILVAA_2025-03-30_G04,10109729SILVAA,2025-03-30,141047,1,2,0,39.0
10109729SILVAA_2025-03-30_G05,10109729SILVAA,2025-03-30,111532,1,5,0,235.0
10109729SILVAA_2025-03-30_G06,10109729SILVAA,2025-03-30,111467,1,1,0,843.0
10109729SILVAA_2025-03-30_G07,10109729SILVAA,2025-03-30,141047,1,2,0,68.0
10109729SILVAA_2025-03-30_G08,10109729SILVAA,2025-03-30,141047,1,10,0,48.0
10109729SILVAA_2025-03-30_G09,10109729SILVAA,2025-03-30,111467,1,6,0,270.0
10109729SILVAA_2025-03-30_G10,10109729SILVAA,2025-03-30,109937,1,8,0,460.0
10109729SILVAA_2025-03-30_G11,10109729SILVAA,2025-03-30,111466,1,4,0,1710.0
10109729SILVAA_2025-03-30_G12,10109729SILVAA,2025-03-30,118140,1,2,0,102.0
10109729SILVAA_2025-03-30_G13,10109729SILVAA,2025-03-30,111418,1,10,0,209.0
10109729SILVAA_2025-03-30_G14,10109729SILVAA,2025-03-30,111462,1,2,0,196.0
10109729SILVAA_2025-03-30_G15,10109729SILVAA,2025-03-30,105705,1,4,0,194.0
10109729SILVAA_2025-03-30_G16,10109729SILVAA,2025-03-30,111348,1,2,0,1854.0
10109729SILVAA_2025-03-30_G17,10109729SILVAA,2025-03-30,110371,1,2,0,68.0
10109729SILVAA_2025-03-30_G18,10109729SILVAA,2025-03-30,110373,1,2,0,67.0
10109729SILVAA_2025-03-30_G19,10109729SILVAA,2025-03-30,110374,1,4,0,132.0
10109729SILVAA_2025-03-30_G20,10109729SILVAA,2025-03-30,117862,1,4,0,120.0
10109729SILVAA_2025-03-30_G21,10109729SILVAA,2025-03-30,110313,1,6,0,254.0
10109729SILVAA_2025-03-30_G22,10109729SILVAA,2025-03-30,107629,1,2,0,136.0
10109729SILVAA_2025-03-30_G23,10109729SILVAA,2025-03-30,111467,1,4,0,173.0
10109729SILVAA_2025-03-30_G24,10109729SILVAA,2025-03-30,110515,1,1,0,220.0
10109729SILVAA_2025-03-30_G25,10109729SILVAA,2025-03-30,109640,1,4,0,95.0
10109729SILVAA_2025-03-30_G26,10109729SILVAA,2025-03-30,111348,1,5,0,158.0
10109729SILVAA_2025-03-30_G27,10109729SILVAA,2025-03-30,117833,1,1,0,67.0
10109729SILVAA_2025-03-30_G28,10109729SILVAA,2025-03-30,109641,1,4,0,174.0
10109729SILVAA_2025-03-30_G29,10109729SILVAA,2025-03-30,111462,1,4,0,124.0
10109729SILVAA_2025-03-30_G30,10109729SILVAA,2025-03-30,105705,1,3,0,127.0
10109729SILVAA_2025-03-30_G31,10109729SILVAA,2025-03-30,117821,1,2,0,50.0
10109729SILVAA_2025-03-30_G32,10109729SILVAA,2025-03-30,117809,1,4,0,176.0
10109729SILVAA_2025-03-30_G33,10109729SILVAA,2025-03-30,109643,1,2,0,73.0
10109729SILVAA_2025-03-30_G34,10109729SILVAA,2025-03-30,117830,1,4,0,89.0
10109729SILVAA_2025-03-30_G35,10109729SILVAA,2025-03-30,117820,1,8,0,85.0
10109729SILVAA_2025-03-30_G36,10109729SILVAA,2025-03-30,117832,1,5,0,100.0
10109729SILVAA_2025-03-30_G37,10109729SILVAA,2025-03-30,"110372, 110375",2,11,20,258.0
10109729SILVAA_2025-03-30_G38,10109729SILVAA,2025-03-30,110374,1,4,0,59.0
10109729SILVAA_2025-03-30_G39,10109729SILVAA,2025-03-30,"110371, 110374",3,14,39,111.0
10109729SILVAA_2025-03-30_G41,10109729SILVAA,2025-03-30,160055,1,4,0,138.0
10109729SILVAA_2025-03-30_G42,10109729SILVAA,2025-03-30,160051,1,4,0,277.0
10109729SILVAA_2025-03-30_G43,10109729SILVAA,2025-03-30,109643,1,50,0,313.0
10109729SILVAA_2025-03-30_G44,10109729SILVAA,2025-03-30,110752,1,2,0,330.0
10109729SILVAA_2025-03-30_G45,10109729SILVAA,2025-03-30,111467,1,4,0,37.0
10109729SILVAA_2025-03-30_G46,10109729SILVAA,2025-03-30,110373,1,4,0,505.0
10109729SILVAA_2025-03-30_G47,10109729SILVAA,2025-03-30,111755,1,4,0,394.0
10109729SILVAA_2025-03-30_G48,10109729SILVAA,2025-03-30,111739,1,4,0,257.0
10109729SILVAA_2025-03-30_G49,10109729SILVAA,2025-03-30,118094,1,1,0,812.0
10109729SILVAA_2025-03-30_G50,10109729SILVAA,2025-03-30,111467,1,6,0,960.0
10109729SILVAA_2025-03-30_G51,10109729SILVAA,2025-03-30,111879,1,2,0,47.0
10109729SILVAA_2025-03-30_G52,10109729SILVAA,2025-03-30,117786,1,4,0,77.0
10109729SILVAA_2025-03-30_G53,10109729SILVAA,2025-03-30,111602,1,2,0,48.0
10109729SILVAA_2025-03-30_G54,10109729SILVAA,2025-03-30,117855,1,2,0,78.0
10109729SILVAA_2025-03-30_G55,10109729SILVAA,2025-03-30,110376,1,6,0,257.0
10109729SILVAA_2025-03-30_G56,10109729SILVAA,2025-03-30,117809,1,1,0,40.0
10109729SILVAA_2025-03-30_G57,10109729SILVAA,2025-03-30,118299,1,12,0,58.0
10109729SILVAA_2025-03-30_G58,10109729SILVAA,2025-03-30,109643,1,2,0,89.0
10109729SILVAA_2025-03-30_G59,10109729SILVAA,2025-03-30,117820,1,1,0,146.0
10109729SILVAA_2025-03-30_G60,10109729SILVAA,2025-03-30,110373,1,2,0,317.0
10109729SILVAA_2025-03-31_G02,10109729SILVAA,2025-03-31,117830,1,8,0,432.0
10109729SILVAA_2025-03-31_G03,10109729SILVAA,2025-03-31,117832,1,8,0,73.0
10109729SILVAA_2025-03-31_G04,10109729SILVAA,2025-03-31,160055,1,1,0,141.0
10109729SILVAA_2025-03-31_G05,10109729SILVAA,2025-03-31,160054,1,6,0,248.0
10109729SILVAA_2025-03-31_G06,10109729SILVAA,2025-03-31,111634,1,1,0,2444.0
10109729SILVAA_2025-03-31_G07,10109729SILVAA,2025-03-31,111722,1,2,0,234.0
10109729SILVAA_2025-03-31_G08,10109729SILVAA,2025-03-31,111755,1,14,0,430.0
10109729SILVAA_2025-03-31_G09,10109729SILVAA,2025-03-31,111761,1,8,0,262.0
10109729SILVAA_2025-03-31_G10,10109729SILVAA,2025-03-31,111728,1,2,0,104.0
10109729SILVAA_2025-03-31_G11,10109729SILVAA,2025-03-31,111759,1,10,0,910.0
10109729SILVAA_2025-03-31_G12,10109729SILVAA,2025-03-31,110752,4,13,28,1010.0
10109729SILVAA_2025-03-31_G13,10109729SILVAA,2025-03-31,110742,1,2,0,521.0
10109729SILVAA_2025-03-31_G14,10109729SILVAA,2025-03-31,110339,1,2,0,396.0
10109729SILVAA_2025-03-31_G15,10109729SILVAA,2025-03-31,117855,1,2,0,85.0
10109729SILVAA_2025-03-31_G16,10109729SILVAA,2025-03-31,110752,1,4,0,57.0
10109729SILVAA_2025-03-31_G17,10109729SILVAA,2025-03-31,110325,1,3,0,354.0
10109729SILVAA_2025-03-31_G18,10109729SILVAA,2025-03-31,111467,1,20,0,346.0
10109729SILVAA_2025-03-31_G19,10109729SILVAA,2025-03-31,109641,1,2,0,535.0
10109729SILVAA_2025-03-31_G20,10109729SILVAA,2025-03-31,105705,1,8,0,66.0
10109729SILVAA_2025-03-31_G21,10109729SILVAA,2025-03-31,110752,1,2,0,381.0
10109729SILVAA_2025-03-31_G22,10109729SILVAA,2025-03-31,111569,1,4,0,364.0
10109729SILVAA_2025-03-31_G23,10109729SILVAA,2025-03-31,116527,1,4,0,265.0
10109729SILVAA_2025-03-31_G24,10109729SILVAA,2025-03-31,110787,1,4,0,86.0
10109729SILVAA_2025-03-31_G25,10109729SILVAA,2025-03-31,110752,1,2,0,244.0
10109729SILVAA_2025-03-31_G26,10109729SILVAA,2025-03-31,111467,1,8,0,76.0
10109729SILVAA_2025-03-31_G27,10109729SILVAA,2025-03-31,110746,1,4,0,184.0
10109729SILVAA_2025-03-31_G28,10109729SILVAA,2025-03-31,110752,1,1,0,190.0
10109729SILVAA_2025-03-31_G29,10109729SILVAA,2025-03-31,108795,1,3,0,1924.0
10109729SILVAA_2025-03-31_G30,10109729SILVAA,2025-03-31,110339,1,30,0,3541.0
10109729SILVAA_2025-03-31_G31,10109729SILVAA,2025-03-31,117856,1,25,0,276.0
10109729SILVAA_2025-03-31_G32,10109729SILVAA,2025-03-31,111172,1,7,0,829.0
10109729SILVAA_2025-03-31_G33,10109729SILVAA,2025-03-31,117787,1,10,0,176.0
10109729SILVAA_2025-03-31_G34,10109729SILVAA,2025-03-31,111172,1,10,0,145.0
10109729SILVAA_2025-03-31_G36,10109729SILVAA,2025-03-31,109643,2,35,18,34.0
10109729SILVAA_2025-03-31_G37,10109729SILVAA,2025-03-31,107830,2,14,13,769.0
10109748ELIASI_2025-02-12_G03,10109748ELIASI,2025-02-12,118222,1,3,0,584.0
10109748ELIASI_2025-02-12_G04,10109748ELIASI,2025-02-12,117835,1,2,0,107.0
10109748ELIASI_2025-02-12_G05,10109748ELIASI,2025-02-12,109937,1,2,0,121.0
10109748ELIASI_2025-02-12_G06,10109748ELIASI,2025-02-12,111438,1,10,0,768.0
10109748ELIASI_2025-02-12_G07,10109748ELIASI,2025-02-12,111569,1,4,0,642.0
10109748ELIASI_2025-02-12_G08,10109748ELIASI,2025-02-12,111441,1,3,0,284.0
10109748ELIASI_2025-02-12_G09,10109748ELIASI,2025-02-12,111467,1,6,0,978.0
10109748ELIASI_2025-02-12_G10,10109748ELIASI,2025-02-12,117855,1,9,0,267.0
10109748ELIASI_2025-02-12_G11,10109748ELIASI,2025-02-12,117855,1,2,0,62.0
10109748ELIASI_2025-02-12_G12,10109748ELIASI,2025-02-12,110339,1,4,0,274.0
10109748ELIASI_2025-02-12_G13,10109748ELIASI,2025-02-12,118298,1,8,0,198.0
10109748ELIASI_2025-02-12_G14,10109748ELIASI,2025-02-12,141047,1,8,0,193.0
10109748ELIASI_2025-02-12_G15,10109748ELIASI,2025-02-12,111182,1,4,0,2476.0
10109748ELIASI_2025-02-12_G16,10109748ELIASI,2025-02-12,111466,1,32,0,954.0
10109748ELIASI_2025-02-12_G17,10109748ELIASI,2025-02-12,111532,1,23,0,608.0
10109748ELIASI_2025-02-12_G18,10109748ELIASI,2025-02-12,109641,1,4,0,135.0
10109748ELIASI_2025-02-12_G19,10109748ELIASI,2025-02-12,111418,1,30,0,776.0
10109748ELIASI_2025-02-12_G20,10109748ELIASI,2025-02-12,117785,1,42,0,708.0
10109748ELIASI_2025-02-12_G21,10109748ELIASI,2025-02-12,117821,1,2,0,151.0
10109748ELIASI_2025-02-12_G22,10109748ELIASI,2025-02-12,111462,1,10,0,253.0
10109748ELIASI_2025-02-12_G24,10109748ELIASI,2025-02-12,109937,1,20,0,800.0
10109748ELIASI_2025-02-13_G02,10109748ELIASI,2025-02-13,110895,1,41,0,1496.0
10109748ELIASI_2025-02-13_G03,10109748ELIASI,2025-02-13,100334,1,19,0,762.0
10109748ELIASI_2025-02-13_G04,10109748ELIASI,2025-02-13,111569,1,35,0,604.0
10109748ELIASI_2025-02-13_G05,10109748ELIASI,2025-02-13,118306,1,11,0,472.0
10109748ELIASI_2025-02-13_G06,10109748ELIASI,2025-02-13,111602,1,70,0,674.0
10109748ELIASI_2025-02-13_G07,10109748ELIASI,2025-02-13,117837,1,10,0,280.0
10109748ELIASI_2025-02-13_G08,10109748ELIASI,2025-02-13,109640,1,26,0,619.0
10109748ELIASI_2025-02-13_G09,10109748ELIASI,2025-02-13,110752,1,20,0,420.0
10109748ELIASI_2025-02-13_G10,10109748ELIASI,2025-02-13,111876,1,15,0,813.0
10109748ELIASI_2025-02-13_G11,10109748ELIASI,2025-02-13,110515,1,85,0,782.0
10109748ELIASI_2025-02-13_G12,10109748ELIASI,2025-02-13,101217,1,16,0,292.0
10109748ELIASI_2025-02-13_G14,10109748ELIASI,2025-02-13,111466,1,40,0,926.0
10109748ELIASI_2025-02-13_G15,10109748ELIASI,2025-02-13,109640,1,30,0,3552.0
10109748ELIASI_2025-02-13_G16,10109748ELIASI,2025-02-13,109640,1,1,0,134.0
10109748ELIASI_2025-02-13_G17,10109748ELIASI,2025-02-13,111467,1,20,0,338.0
10109748ELIASI_2025-02-13_G18,10109748ELIASI,2025-02-13,117855,1,15,0,573.0
10109748ELIASI_2025-02-13_G19,10109748ELIASI,2025-02-13,117855,1,25,0,645.0
10109748ELIASI_2025-02-13_G20,10109748ELIASI,2025-02-13,110339,1,40,0,1057.0
10109748ELIASI_2025-02-13_G21,10109748ELIASI,2025-02-13,117786,1,50,0,796.0
10109748ELIASI_2025-02-13_G22,10109748ELIASI,2025-02-13,107629,1,24,0,431.0
10109748ELIASI_2025-02-13_G24,10109748ELIASI,2025-02-13,110339,1,2,0,201.0
10109748ELIASI_2025-02-13_G25,10109748ELIASI,2025-02-13,110515,1,4,0,577.0
10109748ELIASI_2025-02-13_G26,10109748ELIASI,2025-02-13,118298,1,4,0,134.0
10109748ELIASI_2025-02-13_G27,10109748ELIASI,2025-02-13,111532,1,1,0,713.0
10109748ELIASI_2025-02-13_G28,10109748ELIASI,2025-02-13,110740,1,4,0,165.0
10109748ELIASI_2025-02-13_G29,10109748ELIASI,2025-02-13,108798,1,4,0,135.0
10109748ELIASI_2025-02-13_G30,10109748ELIASI,2025-02-13,110129,1,6,0,159.0
10109748ELIASI_2025-02-13_G31,10109748ELIASI,2025-02-13,108711,1,1,0,429.0
10109748ELIASI_2025-02-13_G32,10109748ELIASI,2025-02-13,111462,1,6,0,195.0
10109748ELIASI_2025-02-13_G33,10109748ELIASI,2025-02-13,118222,1,5,0,280.0
10109748ELIASI_2025-02-13_G34,10109748ELIASI,2025-02-13,111850,1,2,0,75.0
10109748ELIASI_2025-02-14_G02,10109748ELIASI,2025-02-14,110371,1,4,0,231.0
10109748ELIASI_2025-02-14_G03,10109748ELIASI,2025-02-14,110372,1,13,0,168.0
10109748ELIASI_2025-02-14_G04,10109748ELIASI,2025-02-14,117820,1,7,0,351.0
10109748ELIASI_2025-02-14_G05,10109748ELIASI,2025-02-14,110371,1,6,0,1026.0
10109748ELIASI_2025-02-14_G06,10109748ELIASI,2025-02-14,110325,1,8,0,301.0
10109748ELIASI_2025-02-14_G07,10109748ELIASI,2025-02-14,117786,1,5,0,231.0
10109748ELIASI_2025-02-14_G08,10109748ELIASI,2025-02-14,117832,1,5,0,201.0
10109748ELIASI_2025-02-14_G09,10109748ELIASI,2025-02-14,117832,1,15,0,242.0
10109748ELIASI_2025-02-14_G10,10109748ELIASI,2025-02-14,111430,1,1,0,1897.0
10109748ELIASI_2025-02-14_G11,10109748ELIASI,2025-02-14,111569,1,3,0,166.0
10109748ELIASI_2025-02-14_G12,10109748ELIASI,2025-02-14,118094,1,4,0,227.0
10109748ELIASI_2025-02-14_G13,10109748ELIASI,2025-02-14,110515,1,4,0,166.0
10109748ELIASI_2025-02-14_G14,10109748ELIASI,2025-02-14,111466,1,2,0,159.0
10109748ELIASI_2025-02-14_G15,10109748ELIASI,2025-02-14,110740,1,7,0,265.0
10109748ELIASI_2025-02-14_G16,10109748ELIASI,2025-02-14,117785,1,5,0,216.0
10109748ELIASI_2025-02-14_G17,10109748ELIASI,2025-02-14,118140,1,4,0,128.0
10109748ELIASI_2025-02-14_G18,10109748ELIASI,2025-02-14,110373,1,6,0,270.0
10109748ELIASI_2025-02-14_G19,10109748ELIASI,2025-02-14,110372,1,3,0,104.0
10109748ELIASI_2025-02-14_G21,10109748ELIASI,2025-02-14,110756,1,4,0,177.0
10109748ELIASI_2025-02-14_G22,10109748ELIASI,2025-02-14,109641,1,4,0,590.0
10109748ELIASI_2025-02-14_G23,10109748ELIASI,2025-02-14,109640,1,10,0,885.0
10109748ELIASI_2025-02-14_G24,10109748ELIASI,2025-02-14,111530,1,8,0,303.0
10109748ELIASI_2025-02-14_G25,10109748ELIASI,2025-02-14,111438,1,10,0,443.0
10109748ELIASI_2025-02-14_G26,10109748ELIASI,2025-02-14,110747,1,20,0,610.0
10109748ELIASI_2025-02-14_G27,10109748ELIASI,2025-02-14,111466,1,20,0,1897.0
10109748ELIASI_2025-02-14_G28,10109748ELIASI,2025-02-14,111532,1,10,0,219.0
10109748ELIASI_2025-02-14_G29,10109748ELIASI,2025-02-14,109641,1,10,0,342.0
10109748ELIASI_2025-02-14_G30,10109748ELIASI,2025-02-14,118140,1,20,0,445.0
10109748ELIASI_2025-02-14_G31,10109748ELIASI,2025-02-14,111462,1,20,0,333.0
10109748ELIASI_2025-02-14_G32,10109748ELIASI,2025-02-14,110373,1,30,0,1606.0
10109748ELIASI_2025-02-14_G33,10109748ELIASI,2025-02-14,110372,1,20,0,303.0
10109748ELIASI_2025-02-14_G34,10109748ELIASI,2025-02-14,117820,1,30,0,360.0
10109748ELIASI_2025-02-14_G36,10109748ELIASI,2025-02-14,111468,1,4,0,88.0
10109748ELIASI_2025-02-14_G37,10109748ELIASI,2025-02-14,111743,1,12,0,424.0
10109748ELIASI_2025-02-14_G38,10109748ELIASI,2025-02-14,110129,1,8,0,161.0
10109748ELIASI_2025-02-14_G39,10109748ELIASI,2025-02-14,117841,1,4,0,304.0
10109748ELIASI_2025-02-14_G40,10109748ELIASI,2025-02-14,117821,1,40,0,593.0
10109748ELIASI_2025-02-14_G41,10109748ELIASI,2025-02-14,111433,1,4,0,141.0
10109748ELIASI_2025-02-15_G02,10109748ELIASI,2025-02-15,111435,1,8,0,329.0
10109748ELIASI_2025-02-15_G03,10109748ELIASI,2025-02-15,107629,1,4,0,273.0
10109748ELIASI_2025-02-15_G04,10109748ELIASI,2025-02-15,117788,1,8,0,177.0
10109748ELIASI_2025-02-15_G05,10109748ELIASI,2025-02-15,109643,1,57,0,520.0
10109748ELIASI_2025-02-15_G06,10109748ELIASI,2025-02-15,105705,1,10,0,2539.0
10109748ELIASI_2025-02-15_G07,10109748ELIASI,2025-02-15,105705,1,4,0,126.0
10109748ELIASI_2025-02-15_G08,10109748ELIASI,2025-02-15,105705,1,10,0,288.0
10109748ELIASI_2025-02-15_G10,10109748ELIASI,2025-02-15,117822,1,31,0,923.0
10109748ELIASI_2025-02-15_G11,10109748ELIASI,2025-02-15,109643,1,100,0,1082.0
10109748ELIASI_2025-02-15_G12,10109748ELIASI,2025-02-15,117809,1,200,0,1109.0
10109748ELIASI_2025-02-15_G13,10109748ELIASI,2025-02-15,117820,1,259,0,967.0
10109748ELIASI_2025-02-16_G02,10109748ELIASI,2025-02-16,118299,1,2,0,183.0
10109748ELIASI_2025-02-16_G03,10109748ELIASI,2025-02-16,110711,1,6,0,496.0
10109748ELIASI_2025-02-16_G04,10109748ELIASI,2025-02-16,111182,1,4,0,407.0
10109748ELIASI_2025-02-16_G05,10109748ELIASI,2025-02-16,111418,1,5,0,317.0
10109748ELIASI_2025-02-16_G06,10109748ELIASI,2025-02-16,111466,1,10,0,285.0
10109748ELIASI_2025-02-17_G02,10109748ELIASI,2025-02-17,105705,1,2,0,233.0
10109748ELIASI_2025-02-17_G03,10109748ELIASI,2025-02-17,111602,1,8,0,295.0
10109748ELIASI_2025-02-17_G04,10109748ELIASI,2025-02-17,110711,1,45,0,1084.0
10109748ELIASI_2025-02-17_G05,10109748ELIASI,2025-02-17,109937,1,3,0,249.0
10109748ELIASI_2025-02-17_G06,10109748ELIASI,2025-02-17,118299,1,11,0,274.0
10109748ELIASI_2025-02-17_G07,10109748ELIASI,2025-02-17,110373,1,22,0,357.0
10109748ELIASI_2025-02-17_G08,10109748ELIASI,2025-02-17,110325,1,14,0,234.0
10109748ELIASI_2025-02-17_G09,10109748ELIASI,2025-02-17,110374,1,16,0,231.0
10109748ELIASI_2025-02-17_G10,10109748ELIASI,2025-02-17,110374,1,6,0,96.0
10109748ELIASI_2025-02-17_G11,10109748ELIASI,2025-02-17,107830,1,14,0,651.0
10109748ELIASI_2025-02-17_G12,10109748ELIASI,2025-02-17,107830,1,15,0,455.0
10109748ELIASI_2025-02-17_G13,10109748ELIASI,2025-02-17,117820,1,3,0,118.0
10109748ELIASI_2025-02-17_G15,10109748ELIASI,2025-02-17,118299,1,12,0,538.0
10109748ELIASI_2025-02-17_G16,10109748ELIASI,2025-02-17,117808,1,8,0,491.0
10109748ELIASI_2025-02-17_G17,10109748ELIASI,2025-02-17,118299,1,4,0,168.0
10109748ELIASI_2025-02-17_G18,10109748ELIASI,2025-02-17,117808,1,4,0,168.0
10109748ELIASI_2025-02-17_G19,10109748ELIASI,2025-02-17,107830,1,8,0,881.0
10109748ELIASI_2025-02-17_G20,10109748ELIASI,2025-02-17,117820,1,12,0,204.0
10109748ELIASI_2025-02-17_G21,10109748ELIASI,2025-02-17,118299,1,13,0,262.0
10109748ELIASI_2025-02-17_G22,10109748ELIASI,2025-02-17,117808,1,7,0,173.0
10109748ELIASI_2025-02-17_G23,10109748ELIASI,2025-02-17,110752,1,1,0,996.0
10109748ELIASI_2025-02-17_G24,10109748ELIASI,2025-02-17,110752,1,4,0,104.0
10109748ELIASI_2025-02-17_G25,10109748ELIASI,2025-02-17,111442,1,4,0,162.0
10109748ELIASI_2025-02-17_G26,10109748ELIASI,2025-02-17,140922,1,4,0,105.0
10109748ELIASI_2025-02-17_G27,10109748ELIASI,2025-02-17,118299,1,3,0,187.0
10109748ELIASI_2025-02-17_G28,10109748ELIASI,2025-02-17,140922,1,5,0,256.0
10109748ELIASI_2025-02-17_G29,10109748ELIASI,2025-02-17,117855,1,6,0,318.0
10109748ELIASI_2025-02-17_G30,10109748ELIASI,2025-02-17,118299,1,4,0,173.0
10109748ELIASI_2025-02-17_G31,10109748ELIASI,2025-02-17,118094,1,1,0,115.0
10109748ELIASI_2025-02-17_G32,10109748ELIASI,2025-02-17,117808,1,10,0,649.0
10109748ELIASI_2025-02-17_G33,10109748ELIASI,2025-02-17,117855,1,6,0,137.0
10109748ELIASI_2025-02-17_G34,10109748ELIASI,2025-02-17,117808,1,8,0,147.0
10109748ELIASI_2025-02-17_G35,10109748ELIASI,2025-02-17,118299,1,12,0,232.0
10109748ELIASI_2025-02-17_G36,10109748ELIASI,2025-02-17,117808,1,10,0,230.0
10109748ELIASI_2025-02-17_G37,10109748ELIASI,2025-02-17,117808,1,10,0,410.0
10109748ELIASI_2025-02-17_G38,10109748ELIASI,2025-02-17,"118299, 117808",2,22,19,686.0
10109748ELIASI_2025-02-17_G39,10109748ELIASI,2025-02-17,107830,1,4,0,258.0
10109748ELIASI_2025-02-17_G40,10109748ELIASI,2025-02-17,117820,1,12,0,183.0
10109748ELIASI_2025-02-17_G42,10109748ELIASI,2025-02-17,111438,1,7,0,610.0
10109748ELIASI_2025-02-17_G43,10109748ELIASI,2025-02-17,110895,1,25,0,533.0
10109748ELIASI_2025-02-17_G44,10109748ELIASI,2025-02-17,111569,1,20,0,637.0
10109748ELIASI_2025-02-17_G45,10109748ELIASI,2025-02-17,108759,1,3,0,525.0
10109748ELIASI_2025-02-17_G46,10109748ELIASI,2025-02-17,117837,1,6,0,170.0
10109748ELIASI_2025-02-17_G47,10109748ELIASI,2025-02-17,118403,1,5,0,214.0
10109748ELIASI_2025-02-17_G48,10109748ELIASI,2025-02-17,110580,1,12,0,195.0
10109748ELIASI_2025-02-18_G02,10109748ELIASI,2025-02-18,110752,1,3,0,516.0
10109748ELIASI_2025-02-18_G03,10109748ELIASI,2025-02-18,118094,1,7,0,186.0
10109748ELIASI_2025-02-18_G04,10109748ELIASI,2025-02-18,117861,1,18,0,309.0
10109748ELIASI_2025-02-18_G05,10109748ELIASI,2025-02-18,111876,1,8,0,202.0
10109748ELIASI_2025-02-18_G06,10109748ELIASI,2025-02-18,118298,1,20,0,378.0
10109748ELIASI_2025-02-18_G07,10109748ELIASI,2025-02-18,105242,1,8,0,963.0
10109748ELIASI_2025-02-18_G08,10109748ELIASI,2025-02-18,110711,1,15,0,312.0
10109748ELIASI_2025-02-18_G09,10109748ELIASI,2025-02-18,141047,1,10,0,237.0
10109748ELIASI_2025-02-18_G10,10109748ELIASI,2025-02-18,107629,1,24,0,374.0
10109748ELIASI_2025-02-18_G12,10109748ELIASI,2025-02-18,111650,1,6,0,465.0
10109748ELIASI_2025-02-18_G13,10109748ELIASI,2025-02-18,109640,1,32,0,688.0
10109748ELIASI_2025-02-18_G14,10109748ELIASI,2025-02-18,110063,1,2,0,117.0
10109748ELIASI_2025-02-18_G15,10109748ELIASI,2025-02-18,111467,1,70,0,544.0
10109748ELIASI_2025-02-18_G16,10109748ELIASI,2025-02-18,110515,1,72,0,422.0
10109748ELIASI_2025-02-18_G17,10109748ELIASI,2025-02-18,118299,1,100,0,695.0
10109748ELIASI_2025-02-18_G18,10109748ELIASI,2025-02-18,110376,1,12,0,321.0
10109748ELIASI_2025-02-18_G19,10109748ELIASI,2025-02-18,117832,1,75,0,530.0
10109748ELIASI_2025-02-18_G20,10109748ELIASI,2025-02-18,110375,1,67,0,408.0
10109748ELIASI_2025-02-18_G21,10109748ELIASI,2025-02-18,117809,1,80,0,1621.0
10109748ELIASI_2025-02-18_G22,10109748ELIASI,2025-02-18,117820,1,70,0,1504.0
10109748ELIASI_2025-02-19_G02,10109748ELIASI,2025-02-19,109640,1,4,0,135.0
10109748ELIASI_2025-02-19_G03,10109748ELIASI,2025-02-19,111467,1,4,0,134.0
10109748ELIASI_2025-02-19_G04,10109748ELIASI,2025-02-19,110752,1,5,0,155.0
10109748ELIASI_2025-02-19_G05,10109748ELIASI,2025-02-19,111530,1,10,0,363.0
10109748ELIASI_2025-02-19_G06,10109748ELIASI,2025-02-19,117788,1,6,0,214.0
10109748ELIASI_2025-02-19_G07,10109748ELIASI,2025-02-19,110742,1,4,0,998.0
10109748ELIASI_2025-02-19_G08,10109748ELIASI,2025-02-19,111438,1,4,0,253.0
10109748ELIASI_2025-02-19_G09,10109748ELIASI,2025-02-19,100334,1,4,0,454.0
10109748ELIASI_2025-02-20_G02,10109748ELIASI,2025-02-20,118253,1,12,0,737.0
10109748ELIASI_2025-02-20_G03,10109748ELIASI,2025-02-20,118250,1,4,0,379.0
10109748ELIASI_2025-02-20_G04,10109748ELIASI,2025-02-20,107236,1,10,0,391.0
10109748ELIASI_2025-02-20_G05,10109748ELIASI,2025-02-20,111442,1,10,0,199.0
10109748ELIASI_2025-02-20_G06,10109748ELIASI,2025-02-20,110740,1,4,0,342.0
10109748ELIASI_2025-02-20_G07,10109748ELIASI,2025-02-20,111330,1,2,0,244.0
10109748ELIASI_2025-02-20_G08,10109748ELIASI,2025-02-20,111743,1,10,0,259.0
10109748ELIASI_2025-02-20_G09,10109748ELIASI,2025-02-20,118140,1,10,0,196.0
10109748ELIASI_2025-02-20_G10,10109748ELIASI,2025-02-20,110748,1,4,0,160.0
10109748ELIASI_2025-02-20_G11,10109748ELIASI,2025-02-20,110129,1,10,0,141.0
10109748ELIASI_2025-02-20_G12,10109748ELIASI,2025-02-20,110787,1,10,0,282.0
10109748ELIASI_2025-02-20_G13,10109748ELIASI,2025-02-20,105705,1,4,0,530.0
10109748ELIASI_2025-02-20_G14,10109748ELIASI,2025-02-20,117821,1,10,0,176.0
10109748ELIASI_2025-02-20_G15,10109748ELIASI,2025-02-20,111466,1,8,0,183.0
10109748ELIASI_2025-02-20_G16,10109748ELIASI,2025-02-20,111469,1,2,0,87.0
10109748ELIASI_2025-02-20_G17,10109748ELIASI,2025-02-20,111469,1,30,0,651.0
10109748ELIASI_2025-02-20_G18,10109748ELIASI,2025-02-20,111433,1,8,0,196.0
10109748ELIASI_2025-02-20_G19,10109748ELIASI,2025-02-20,111465,1,1,0,51.0
10109748ELIASI_2025-02-20_G20,10109748ELIASI,2025-02-20,111465,1,20,0,532.0
10109748ELIASI_2025-02-20_G22,10109748ELIASI,2025-02-20,110500,1,4,0,217.0
10109748ELIASI_2025-02-20_G23,10109748ELIASI,2025-02-20,110895,1,77,0,1282.0
10109748ELIASI_2025-02-20_G24,10109748ELIASI,2025-02-20,140911,1,2,0,138.0
10109748ELIASI_2025-02-20_G25,10109748ELIASI,2025-02-20,110623,1,2,0,222.0
10109748ELIASI_2025-02-20_G26,10109748ELIASI,2025-02-20,111443,1,33,0,837.0
10109748ELIASI_2025-02-20_G27,10109748ELIASI,2025-02-20,111418,1,300,0,1414.0
10109748ELIASI_2025-02-20_G28,10109748ELIASI,2025-02-20,118140,1,250,0,1297.0
10109748ELIASI_2025-02-20_G29,10109748ELIASI,2025-02-20,118223,1,2,0,69.0
10109748ELIASI_2025-02-20_G30,10109748ELIASI,2025-02-20,110129,1,40,0,651.0
10109748ELIASI_2025-02-20_G31,10109748ELIASI,2025-02-20,115817,1,12,0,193.0
10109748ELIASI_2025-02-20_G32,10109748ELIASI,2025-02-20,110787,1,80,0,395.0
10109748ELIASI_2025-02-20_G33,10109748ELIASI,2025-02-20,117329,1,8,0,174.0
10109748ELIASI_2025-02-20_G35,10109748ELIASI,2025-02-20,110373,1,2,0,382.0
10109748ELIASI_2025-02-21_G03,10109748ELIASI,2025-02-21,111443,1,6,0,230.0
10109748ELIASI_2025-02-21_G04,10109748ELIASI,2025-02-21,111443,1,60,0,697.0
10109748ELIASI_2025-02-21_G05,10109748ELIASI,2025-02-21,110743,1,74,0,763.0
10109748ELIASI_2025-02-21_G06,10109748ELIASI,2025-02-21,111463,1,28,0,745.0
10109748ELIASI_2025-02-21_G08,10109748ELIASI,2025-02-21,109641,1,64,0,408.0
10109748ELIASI_2025-02-21_G09,10109748ELIASI,2025-02-21,111330,1,56,0,287.0
10109748ELIASI_2025-02-21_G11,10109748ELIASI,2025-02-21,105705,1,4,0,207.0
10109748ELIASI_2025-02-21_G12,10109748ELIASI,2025-02-21,111469,1,46,0,542.0
10109748ELIASI_2025-02-21_G13,10109748ELIASI,2025-02-21,111465,1,2,0,146.0
10109748ELIASI_2025-02-21_G14,10109748ELIASI,2025-02-21,111465,1,48,0,989.0
10109748ELIASI_2025-02-21_G15,10109748ELIASI,2025-02-21,111330,1,24,0,426.0
10109748ELIASI_2025-02-21_G16,10109748ELIASI,2025-02-21,111438,1,10,0,908.0
10109748ELIASI_2025-02-21_G17,10109748ELIASI,2025-02-21,110895,1,3,0,92.0
10109748ELIASI_2025-02-21_G18,10109748ELIASI,2025-02-21,110755,1,86,0,972.0
10109748ELIASI_2025-02-21_G19,10109748ELIASI,2025-02-21,111792,1,3,0,92.0
10109748ELIASI_2025-02-21_G20,10109748ELIASI,2025-02-21,111441,1,1,0,133.0
10109748ELIASI_2025-02-21_G22,10109748ELIASI,2025-02-21,111462,1,3,0,142.0
10109748ELIASI_2025-02-21_G23,10109748ELIASI,2025-02-21,111465,1,8,0,146.0
10109748ELIASI_2025-02-22_G03,10109748ELIASI,2025-02-22,118317,1,3,0,384.0
10109748ELIASI_2025-02-22_G04,10109748ELIASI,2025-02-22,117787,1,3,0,177.0
10109748ELIASI_2025-02-22_G05,10109748ELIASI,2025-02-22,110745,1,10,0,405.0
10109748ELIASI_2025-02-22_G06,10109748ELIASI,2025-02-22,117785,1,30,0,262.0
10109748ELIASI_2025-02-22_G07,10109748ELIASI,2025-02-22,117831,1,40,0,505.0
10109748ELIASI_2025-02-22_G08,10109748ELIASI,2025-02-22,111466,1,30,0,367.0
10109748ELIASI_2025-02-22_G09,10109748ELIASI,2025-02-22,110372,1,120,0,808.0
10109748ELIASI_2025-02-22_G10,10109748ELIASI,2025-02-22,110373,1,70,0,657.0
10109748ELIASI_2025-02-22_G11,10109748ELIASI,2025-02-22,117808,1,150,0,1634.0
10109748ELIASI_2025-02-22_G12,10109748ELIASI,2025-02-22,117808,1,200,0,981.0
10109748ELIASI_2025-02-22_G13,10109748ELIASI,2025-02-22,117808,1,100,0,252.0
10109748ELIASI_2025-02-23_G02,10109748ELIASI,2025-02-23,110755,1,1,0,202.0
10109748ELIASI_2025-02-23_G03,10109748ELIASI,2025-02-23,118222,1,4,0,210.0
10109748ELIASI_2025-02-23_G04,10109748ELIASI,2025-02-23,111463,1,17,0,711.0
10109748ELIASI_2025-02-23_G05,10109748ELIASI,2025-02-23,111463,1,8,0,303.0
10109748ELIASI_2025-02-23_G06,10109748ELIASI,2025-02-23,107830,1,4,0,252.0
10109748ELIASI_2025-02-23_G07,10109748ELIASI,2025-02-23,117832,1,2,0,183.0
10109748ELIASI_2025-02-23_G08,10109748ELIASI,2025-02-23,117809,1,4,0,128.0
10109748ELIASI_2025-02-23_G09,10109748ELIASI,2025-02-23,117820,1,2,0,90.0
10109748ELIASI_2025-02-23_G10,10109748ELIASI,2025-02-23,111463,1,2,0,457.0
10109748ELIASI_2025-02-24_G02,10109748ELIASI,2025-02-24,111469,1,3,0,459.0
10109748ELIASI_2025-02-24_G03,10109748ELIASI,2025-02-24,111469,1,14,0,211.0
10109748ELIASI_2025-02-24_G04,10109748ELIASI,2025-02-24,111463,1,20,0,538.0
10109748ELIASI_2025-02-24_G05,10109748ELIASI,2025-02-24,117809,1,1,0,629.0
10109748ELIASI_2025-02-24_G06,10109748ELIASI,2025-02-24,111463,1,8,0,417.0
10109748ELIASI_2025-02-24_G07,10109748ELIASI,2025-02-24,111469,1,2,0,629.0
10109748ELIASI_2025-02-24_G08,10109748ELIASI,2025-02-24,140911,1,3,0,1076.0
10109748ELIASI_2025-02-24_G09,10109748ELIASI,2025-02-24,118442,1,4,0,581.0
10109748ELIASI_2025-02-24_G10,10109748ELIASI,2025-02-24,108759,1,8,0,487.0
10109748ELIASI_2025-02-24_G12,10109748ELIASI,2025-02-24,110711,1,4,0,624.0
10109748ELIASI_2025-02-24_G13,10109748ELIASI,2025-02-24,109640,1,7,0,259.0
10109748ELIASI_2025-02-24_G14,10109748ELIASI,2025-02-24,111530,1,1,0,200.0
10109748ELIASI_2025-02-24_G15,10109748ELIASI,2025-02-24,111463,1,2,0,108.0
10109748ELIASI_2025-02-24_G16,10109748ELIASI,2025-02-24,111463,1,32,0,258.0
10109748ELIASI_2025-02-24_G17,10109748ELIASI,2025-02-24,110787,1,2,0,787.0
10109748ELIASI_2025-02-24_G18,10109748ELIASI,2025-02-24,118140,1,2,0,139.0
10109748ELIASI_2025-02-24_G19,10109748ELIASI,2025-02-24,"111466, 111462",2,4,21,140.0
10109748ELIASI_2025-02-24_G20,10109748ELIASI,2025-02-24,111465,1,4,0,120.0
10109748ELIASI_2025-02-24_G21,10109748ELIASI,2025-02-24,110372,1,2,0,277.0
10109748ELIASI_2025-02-24_G22,10109748ELIASI,2025-02-24,110373,1,4,0,121.0
10109748ELIASI_2025-02-24_G23,10109748ELIASI,2025-02-24,117820,1,3,0,115.0
10109748ELIASI_2025-02-24_G24,10109748ELIASI,2025-02-24,110755,1,8,0,876.0
10109748ELIASI_2025-02-24_G25,10109748ELIASI,2025-02-24,118222,1,8,0,215.0
10109748ELIASI_2025-02-24_G26,10109748ELIASI,2025-02-24,111602,1,10,0,219.0
10109748ELIASI_2025-02-24_G27,10109748ELIASI,2025-02-24,111469,1,24,0,314.0
10109748ELIASI_2025-02-24_G28,10109748ELIASI,2025-02-24,117835,1,2,0,156.0
10109748ELIASI_2025-02-24_G29,10109748ELIASI,2025-02-24,117787,1,2,0,633.0
10109748ELIASI_2025-02-24_G30,10109748ELIASI,2025-02-24,111418,1,12,0,172.0
10109748ELIASI_2025-02-24_G31,10109748ELIASI,2025-02-24,107236,1,1,0,68.0
10109748ELIASI_2025-02-24_G32,10109748ELIASI,2025-02-24,110787,1,1,0,104.0
10109748ELIASI_2025-02-24_G33,10109748ELIASI,2025-02-24,117785,1,1,0,80.0
10109748ELIASI_2025-02-24_G34,10109748ELIASI,2025-02-24,110740,1,7,0,109.0
10109748ELIASI_2025-02-24_G35,10109748ELIASI,2025-02-24,117831,1,8,0,183.0
10109748ELIASI_2025-02-24_G36,10109748ELIASI,2025-02-24,105705,1,4,0,318.0
10109748ELIASI_2025-02-24_G37,10109748ELIASI,2025-02-24,111466,1,10,0,180.0
10109748ELIASI_2025-02-24_G38,10109748ELIASI,2025-02-24,111462,1,10,0,175.0
10109748ELIASI_2025-02-24_G39,10109748ELIASI,2025-02-24,111465,1,2,0,63.0
10109748ELIASI_2025-02-24_G40,10109748ELIASI,2025-02-24,110371,1,6,0,667.0
10109748ELIASI_2025-02-24_G42,10109748ELIASI,2025-02-24,117836,1,4,0,192.0
10109748ELIASI_2025-02-24_G43,10109748ELIASI,2025-02-24,141035,1,2,0,159.0
10109748ELIASI_2025-02-24_G44,10109748ELIASI,2025-02-24,110711,1,10,0,249.0
10109748ELIASI_2025-02-24_G45,10109748ELIASI,2025-02-24,111876,1,13,0,398.0
10109748ELIASI_2025-02-24_G46,10109748ELIASI,2025-02-24,116241,1,6,0,1538.0
10109748ELIASI_2025-02-24_G47,10109748ELIASI,2025-02-24,109641,1,8,0,419.0
10109748ELIASI_2025-02-24_G48,10109748ELIASI,2025-02-24,110748,1,5,0,140.0
10109748ELIASI_2025-02-25_G03,10109748ELIASI,2025-02-25,118299,1,850,0,878.0
10109748ELIASI_2025-02-25_G05,10109748ELIASI,2025-02-25,110339,1,2,0,125.0
10109748ELIASI_2025-02-25_G06,10109748ELIASI,2025-02-25,111431,1,4,0,222.0
10109748ELIASI_2025-02-25_G07,10109748ELIASI,2025-02-25,111466,1,6,0,166.0
10109748ELIASI_2025-02-25_G08,10109748ELIASI,2025-02-25,117830,2,4,30,186.0
10109748ELIASI_2025-02-25_G09,10109748ELIASI,2025-02-25,117830,1,3,0,505.0
10109748ELIASI_2025-02-25_G10,10109748ELIASI,2025-02-25,118299,1,18,0,450.0
10109748ELIASI_2025-02-25_G11,10109748ELIASI,2025-02-25,117808,1,2,0,131.0
10109748ELIASI_2025-02-25_G13,10109748ELIASI,2025-02-25,111418,1,754,0,1512.0
10109748ELIASI_2025-02-25_G14,10109748ELIASI,2025-02-25,110325,1,136,0,799.0
10109748ELIASI_2025-02-25_G15,10109748ELIASI,2025-02-25,110374,1,216,0,499.0
10109748ELIASI_2025-02-25_G17,10109748ELIASI,2025-02-25,160051,1,4,0,146.0
10109748ELIASI_2025-02-26_G02,10109748ELIASI,2025-02-26,117786,1,39,0,1342.0
10109748ELIASI_2025-02-26_G04,10109748ELIASI,2025-02-26,111182,1,10,0,723.0
10109748ELIASI_2025-02-26_G06,10109748ELIASI,2025-02-26,109645,1,10,0,225.0
10109748ELIASI_2025-02-26_G07,10109748ELIASI,2025-02-26,105705,1,30,0,451.0
10109748ELIASI_2025-02-26_G08,10109748ELIASI,2025-02-26,111530,1,7,0,1599.0
10109748ELIASI_2025-02-26_G09,10109748ELIASI,2025-02-26,117833,1,4,0,257.0
10109748ELIASI_2025-02-26_G10,10109748ELIASI,2025-02-26,117830,1,30,0,513.0
10109748ELIASI_2025-02-26_G11,10109748ELIASI,2025-02-26,110747,1,11,0,521.0
10109748ELIASI_2025-02-26_G12,10109748ELIASI,2025-02-26,111348,1,4,0,124.0
10109748ELIASI_2025-02-26_G13,10109748ELIASI,2025-02-26,111463,1,20,0,2715.0
10109748ELIASI_2025-02-26_G14,10109748ELIASI,2025-02-26,117830,1,20,0,388.0
10109748ELIASI_2025-02-26_G15,10109748ELIASI,2025-02-26,110747,1,2,0,169.0
10109748ELIASI_2025-02-26_G16,10109748ELIASI,2025-02-26,110747,1,7,0,103.0
10109748ELIASI_2025-02-26_G17,10109748ELIASI,2025-02-26,111463,1,2,0,221.0
10109748ELIASI_2025-02-26_G18,10109748ELIASI,2025-02-26,111463,1,18,0,174.0
10109748ELIASI_2025-02-26_G19,10109748ELIASI,2025-02-26,111463,1,5,0,259.0
10109748ELIASI_2025-02-26_G20,10109748ELIASI,2025-02-26,111463,1,20,0,146.0
10109748ELIASI_2025-02-26_G21,10109748ELIASI,2025-02-26,108794,3,9,18,129.0
10109748ELIASI_2025-02-26_G22,10109748ELIASI,2025-02-26,111469,1,12,0,187.0
10109748ELIASI_2025-02-26_G23,10109748ELIASI,2025-02-26,111469,1,14,0,108.0
10109748ELIASI_2025-02-26_G24,10109748ELIASI,2025-02-26,118306,1,4,0,130.0
10109748ELIASI_2025-02-26_G25,10109748ELIASI,2025-02-26,160054,1,4,0,520.0
10109748ELIASI_2025-02-26_G26,10109748ELIASI,2025-02-26,117830,1,3,0,101.0
10109748ELIASI_2025-02-26_G27,10109748ELIASI,2025-02-26,117830,1,12,0,116.0
10109748ELIASI_2025-02-26_G28,10109748ELIASI,2025-02-26,117830,1,15,0,340.0
10109748ELIASI_2025-02-26_G30,10109748ELIASI,2025-02-26,111430,1,16,0,576.0
10109748ELIASI_2025-02-26_G31,10109748ELIASI,2025-02-26,111430,1,16,0,223.0
10109748ELIASI_2025-02-26_G32,10109748ELIASI,2025-02-26,118222,1,40,0,1226.0
10109748ELIASI_2025-02-27_G02,10109748ELIASI,2025-02-27,111743,1,24,0,1376.0
10109748ELIASI_2025-02-27_G03,10109748ELIASI,2025-02-27,110740,1,16,0,399.0
10109748ELIASI_2025-02-27_G04,10109748ELIASI,2025-02-27,111469,1,60,0,561.0
10109748ELIASI_2025-02-27_G05,10109748ELIASI,2025-02-27,111433,1,1,0,62.0
10109748ELIASI_2025-02-27_G06,10109748ELIASI,2025-02-27,117853,1,33,0,1513.0
10109748ELIASI_2025-02-27_G07,10109748ELIASI,2025-02-27,111439,1,20,0,811.0
10109748ELIASI_2025-02-27_G09,10109748ELIASI,2025-02-27,111602,1,20,0,383.0
10109748ELIASI_2025-02-27_G10,10109748ELIASI,2025-02-27,110753,1,24,0,517.0
10109748ELIASI_2025-02-27_G12,10109748ELIASI,2025-02-27,117833,1,4,0,41.0
10109748ELIASI_2025-02-27_G13,10109748ELIASI,2025-02-27,111348,1,1,0,183.0
10109748ELIASI_2025-02-27_G14,10109748ELIASI,2025-02-27,117787,1,2,0,124.0
10109748ELIASI_2025-02-27_G15,10109748ELIASI,2025-02-27,111532,1,1,0,123.0
10109748ELIASI_2025-02-27_G16,10109748ELIASI,2025-02-27,140922,1,2,0,66.0
10109748ELIASI_2025-02-27_G17,10109748ELIASI,2025-02-27,110787,1,1,0,121.0
10109748ELIASI_2025-02-27_G18,10109748ELIASI,2025-02-27,117785,1,4,0,141.0
10109748ELIASI_2025-02-27_G19,10109748ELIASI,2025-02-27,110740,1,4,0,125.0
10109748ELIASI_2025-02-27_G20,10109748ELIASI,2025-02-27,117831,1,1,0,130.0
10109748ELIASI_2025-02-27_G21,10109748ELIASI,2025-02-27,108794,2,16,11,195.0
10109748ELIASI_2025-02-27_G22,10109748ELIASI,2025-02-27,111469,1,8,0,161.0
10109748ELIASI_2025-02-27_G23,10109748ELIASI,2025-02-27,111462,1,4,0,76.0
10109748ELIASI_2025-02-27_G24,10109748ELIASI,2025-02-27,111465,1,4,0,129.0
10109748ELIASI_2025-02-27_G25,10109748ELIASI,2025-02-27,117808,1,20,0,705.0
10109748ELIASI_2025-02-27_G26,10109748ELIASI,2025-02-27,110371,1,20,0,732.0
10109748ELIASI_2025-02-27_G27,10109748ELIASI,2025-02-27,110372,1,12,0,114.0
10109748ELIASI_2025-02-27_G28,10109748ELIASI,2025-02-27,118299,1,20,0,176.0
10109748ELIASI_2025-02-27_G29,10109748ELIASI,2025-02-27,110374,1,5,0,70.0
10109748ELIASI_2025-02-27_G30,10109748ELIASI,2025-02-27,110373,1,7,0,297.0
10109748ELIASI_2025-02-27_G31,10109748ELIASI,2025-02-27,109747,1,6,0,107.0
10109748ELIASI_2025-02-27_G32,10109748ELIASI,2025-02-27,117809,1,5,0,56.0
10109748ELIASI_2025-02-27_G33,10109748ELIASI,2025-02-27,117820,1,4,0,72.0
10109748ELIASI_2025-02-27_G34,10109748ELIASI,2025-02-27,109643,1,12,0,128.0
10109748ELIASI_2025-02-28_G02,10109748ELIASI,2025-02-28,109937,1,4,0,345.0
10109748ELIASI_2025-02-28_G03,10109748ELIASI,2025-02-28,111431,1,4,0,220.0
10109748ELIASI_2025-02-28_G06,10109748ELIASI,2025-02-28,110748,1,10,0,59.0
10109748ELIASI_2025-02-28_G07,10109748ELIASI,2025-02-28,118140,1,60,0,1057.0
10109748ELIASI_2025-02-28_G08,10109748ELIASI,2025-02-28,111447,1,1,0,390.0
10109748ELIASI_2025-02-28_G09,10109748ELIASI,2025-02-28,111887,1,4,0,286.0
10109748ELIASI_2025-02-28_G10,10109748ELIASI,2025-02-28,118222,1,30,0,1093.0
10109748ELIASI_2025-02-28_G11,10109748ELIASI,2025-02-28,105359,1,3,0,147.0
10109748ELIASI_2025-02-28_G12,10109748ELIASI,2025-02-28,111357,1,1,0,814.0
10109748ELIASI_2025-02-28_G13,10109748ELIASI,2025-02-28,110376,1,1,0,116.0
10109748ELIASI_2025-02-28_G14,10109748ELIASI,2025-02-28,117830,1,1,0,99.0
10109748ELIASI_2025-02-28_G15,10109748ELIASI,2025-02-28,118299,1,1,0,64.0
10109748ELIASI_2025-02-28_G16,10109748ELIASI,2025-02-28,118299,1,12,0,259.0
10109748ELIASI_2025-02-28_G17,10109748ELIASI,2025-02-28,117840,1,1,0,42.0
10109748ELIASI_2025-02-28_G18,10109748ELIASI,2025-02-28,117832,1,1,0,202.0
10109748ELIASI_2025-02-28_G19,10109748ELIASI,2025-02-28,117808,2,13,8,158.0
10109748ELIASI_2025-02-28_G20,10109748ELIASI,2025-02-28,117809,1,1,0,117.0
10109748ELIASI_2025-02-28_G21,10109748ELIASI,2025-02-28,117820,1,1,0,124.0
10109748ELIASI_2025-02-28_G22,10109748ELIASI,2025-02-28,117820,1,32,0,273.0
10109748ELIASI_2025-02-28_G23,10109748ELIASI,2025-02-28,109643,1,1,0,148.0
10109748ELIASI_2025-02-28_G24,10109748ELIASI,2025-02-28,111182,1,1,0,383.0
10109748ELIASI_2025-02-28_G25,10109748ELIASI,2025-02-28,117833,1,1,0,55.0
10109748ELIASI_2025-02-28_G26,10109748ELIASI,2025-02-28,110743,1,1,0,39.0
10109748ELIASI_2025-02-28_G27,10109748ELIASI,2025-02-28,111348,1,2,0,108.0
10109748ELIASI_2025-02-28_G28,10109748ELIASI,2025-02-28,111446,1,1,0,64.0
10109748ELIASI_2025-02-28_G29,10109748ELIASI,2025-02-28,111330,1,1,0,79.0
10109748ELIASI_2025-02-28_G30,10109748ELIASI,2025-02-28,111532,1,2,0,106.0
10109748ELIASI_2025-02-28_G31,10109748ELIASI,2025-02-28,140922,1,151,0,765.0
10109748ELIASI_2025-02-28_G32,10109748ELIASI,2025-02-28,140922,1,18,0,562.0
10109748ELIASI_2025-02-28_G33,10109748ELIASI,2025-02-28,111468,1,1,0,102.0
10109748ELIASI_2025-02-28_G34,10109748ELIASI,2025-02-28,109641,3,17,23,226.0
10109748ELIASI_2025-02-28_G35,10109748ELIASI,2025-02-28,"111418, 118317",2,2,25,213.0
10109748ELIASI_2025-02-28_G36,10109748ELIASI,2025-02-28,110748,1,1,0,125.0
10109748ELIASI_2025-02-28_G37,10109748ELIASI,2025-02-28,117785,1,1,0,31.0
10109748ELIASI_2025-02-28_G38,10109748ELIASI,2025-02-28,111463,1,1,0,51.0
10109748ELIASI_2025-02-28_G39,10109748ELIASI,2025-02-28,110740,1,1,0,40.0
10109748ELIASI_2025-02-28_G40,10109748ELIASI,2025-02-28,117841,1,1,0,83.0
10109748ELIASI_2025-02-28_G41,10109748ELIASI,2025-02-28,118140,1,1,0,55.0
10109748ELIASI_2025-02-28_G42,10109748ELIASI,2025-02-28,117831,1,33,0,885.0
10109748ELIASI_2025-02-28_G44,10109748ELIASI,2025-02-28,110313,2,50,13,514.0
10109748ELIASI_2025-02-28_G45,10109748ELIASI,2025-02-28,141047,1,12,0,592.0
10109748ELIASI_2025-02-28_G46,10109748ELIASI,2025-02-28,105242,1,2,0,252.0
10109748ELIASI_2025-02-28_G47,10109748ELIASI,2025-02-28,117935,1,40,0,498.0
10109748ELIASI_2025-02-28_G48,10109748ELIASI,2025-02-28,111418,1,10,0,1894.0
10109748ELIASI_2025-02-28_G49,10109748ELIASI,2025-02-28,111468,2,12,9,190.0
10109748ELIASI_2025-02-28_G50,10109748ELIASI,2025-02-28,105894,1,3,0,2580.0
10109748ELIASI_2025-02-28_G51,10109748ELIASI,2025-02-28,110743,1,9,0,308.0
10109748ELIASI_2025-03-01_G02,10109748ELIASI,2025-03-01,111330,1,56,0,393.0
10109748ELIASI_2025-03-01_G03,10109748ELIASI,2025-03-01,110745,1,10,0,335.0
10109748ELIASI_2025-03-01_G04,10109748ELIASI,2025-03-01,110745,1,112,0,1050.0
10109748ELIASI_2025-03-01_G05,10109748ELIASI,2025-03-01,111728,1,50,0,1591.0
10109748ELIASI_2025-03-01_G06,10109748ELIASI,2025-03-01,117841,1,100,0,1778.0
10109748ELIASI_2025-03-01_G07,10109748ELIASI,2025-03-01,111439,1,9,0,451.0
10109748ELIASI_2025-03-01_G08,10109748ELIASI,2025-03-01,111439,1,43,0,335.0
10109748ELIASI_2025-03-05_G02,10109748ELIASI,2025-03-05,117820,1,80,0,354.0
10109748ELIASI_2025-03-05_G03,10109748ELIASI,2025-03-05,117786,2,60,10,1930.0
10109748ELIASI_2025-03-05_G04,10109748ELIASI,2025-03-05,117786,1,45,0,405.0
10109748ELIASI_2025-03-05_G05,10109748ELIASI,2025-03-05,117809,1,50,0,1896.0
10109748ELIASI_2025-03-05_G07,10109748ELIASI,2025-03-05,"117830, 117808",2,340,28,772.0
10109748ELIASI_2025-03-05_G09,10109748ELIASI,2025-03-05,111431,1,4,0,277.0
10109748ELIASI_2025-03-05_G10,10109748ELIASI,2025-03-05,111431,1,2,0,48.0
10109748ELIASI_2025-03-05_G11,10109748ELIASI,2025-03-05,140922,1,4,0,152.0
10109748ELIASI_2025-03-05_G12,10109748ELIASI,2025-03-05,109641,1,4,0,160.0
10109748ELIASI_2025-03-05_G13,10109748ELIASI,2025-03-05,110740,1,2,0,97.0
10109748ELIASI_2025-03-05_G14,10109748ELIASI,2025-03-05,111469,1,4,0,240.0
10109748ELIASI_2025-03-06_G02,10109748ELIASI,2025-03-06,118299,2,13,12,257.0
10109748ELIASI_2025-03-06_G03,10109748ELIASI,2025-03-06,109643,1,2,0,161.0
10109748ELIASI_2025-03-06_G04,10109748ELIASI,2025-03-06,117820,1,2,0,90.0
10109748ELIASI_2025-03-06_G05,10109748ELIASI,2025-03-06,117820,1,8,0,130.0
10109748ELIASI_2025-03-06_G06,10109748ELIASI,2025-03-06,111466,1,40,0,683.0
10109748ELIASI_2025-03-06_G07,10109748ELIASI,2025-03-06,117820,1,4,0,190.0
10109748ELIASI_2025-03-06_G08,10109748ELIASI,2025-03-06,108772,1,6,0,314.0
10109748ELIASI_2025-03-06_G09,10109748ELIASI,2025-03-06,108711,1,7,0,243.0
10109748ELIASI_2025-03-06_G10,10109748ELIASI,2025-03-06,105705,1,4,0,154.0
10109748ELIASI_2025-03-06_G11,10109748ELIASI,2025-03-06,108795,1,6,0,377.0
10109748ELIASI_2025-03-06_G12,10109748ELIASI,2025-03-06,111530,1,2,0,1384.0
10109748ELIASI_2025-03-06_G13,10109748ELIASI,2025-03-06,117786,1,1,0,109.0
10109748ELIASI_2025-03-06_G14,10109748ELIASI,2025-03-06,108711,2,5,24,85.0
10109748ELIASI_2025-03-06_G15,10109748ELIASI,2025-03-06,117821,1,3,0,164.0
10109748ELIASI_2025-03-06_G16,10109748ELIASI,2025-03-06,111462,1,4,0,60.0
10109748ELIASI_2025-03-06_G17,10109748ELIASI,2025-03-06,110372,1,12,0,201.0
10109748ELIASI_2025-03-06_G18,10109748ELIASI,2025-03-06,117808,1,6,0,126.0
10109748ELIASI_2025-03-06_G19,10109748ELIASI,2025-03-06,107830,1,2,0,112.0
10109748ELIASI_2025-03-06_G20,10109748ELIASI,2025-03-06,110373,1,6,0,246.0
10109748ELIASI_2025-03-06_G21,10109748ELIASI,2025-03-06,110895,1,4,0,139.0
10109748ELIASI_2025-03-06_G22,10109748ELIASI,2025-03-06,111462,1,4,0,140.0
10109748ELIASI_2025-03-06_G23,10109748ELIASI,2025-03-06,110313,1,4,0,211.0
10109748ELIASI_2025-03-06_G24,10109748ELIASI,2025-03-06,110733,1,6,0,123.0
10109748ELIASI_2025-03-06_G25,10109748ELIASI,2025-03-06,111530,1,4,0,242.0
10109748ELIASI_2025-03-06_G26,10109748ELIASI,2025-03-06,117785,1,2,0,99.0
10109748ELIASI_2025-03-06_G27,10109748ELIASI,2025-03-06,160056,1,2,0,128.0
10109748ELIASI_2025-03-06_G29,10109748ELIASI,2025-03-06,117809,1,1,0,89.0
10109748ELIASI_2025-03-06_G30,10109748ELIASI,2025-03-06,160051,1,4,0,159.0
10109748ELIASI_2025-03-06_G31,10109748ELIASI,2025-03-06,117808,1,24,0,1031.0
10109748ELIASI_2025-03-06_G32,10109748ELIASI,2025-03-06,110373,1,18,0,285.0
10109748ELIASI_2025-03-06_G33,10109748ELIASI,2025-03-06,117820,1,12,0,219.0
10109748ELIASI_2025-03-06_G34,10109748ELIASI,2025-03-06,108361,1,4,0,483.0
10109748ELIASI_2025-03-06_G35,10109748ELIASI,2025-03-06,117935,1,4,0,130.0
10109748ELIASI_2025-03-06_G36,10109748ELIASI,2025-03-06,117861,1,8,0,243.0
10109748ELIASI_2025-03-06_G38,10109748ELIASI,2025-03-06,108711,1,4,0,171.0
10109748ELIASI_2025-03-06_G39,10109748ELIASI,2025-03-06,109747,1,4,0,192.0
10109748ELIASI_2025-03-06_G40,10109748ELIASI,2025-03-06,110787,1,4,0,618.0
10109748ELIASI_2025-03-06_G41,10109748ELIASI,2025-03-06,118140,1,4,0,151.0
10109748ELIASI_2025-03-06_G43,10109748ELIASI,2025-03-06,110747,1,4,0,102.0
10109748ELIASI_2025-03-06_G44,10109748ELIASI,2025-03-06,118094,1,4,0,320.0
10109748ELIASI_2025-03-06_G45,10109748ELIASI,2025-03-06,118094,1,8,0,112.0
10109748ELIASI_2025-03-06_G46,10109748ELIASI,2025-03-06,110733,1,4,0,176.0
10109748ELIASI_2025-03-06_G47,10109748ELIASI,2025-03-06,117861,1,3,0,149.0
10109748ELIASI_2025-03-06_G48,10109748ELIASI,2025-03-06,117786,1,2,0,50.0
10109748ELIASI_2025-03-06_G49,10109748ELIASI,2025-03-06,118306,1,4,0,289.0
10109748ELIASI_2025-03-06_G50,10109748ELIASI,2025-03-06,117935,2,4,11,183.0
10109748ELIASI_2025-03-06_G51,10109748ELIASI,2025-03-06,117856,1,6,0,162.0
10109748ELIASI_2025-03-06_G52,10109748ELIASI,2025-03-06,117862,1,12,0,579.0
10109748ELIASI_2025-03-06_G53,10109748ELIASI,2025-03-06,111348,1,2,0,166.0
10109748ELIASI_2025-03-06_G54,10109748ELIASI,2025-03-06,140922,1,10,0,688.0
10109748ELIASI_2025-03-07_G02,10109748ELIASI,2025-03-07,109641,1,4,0,72.0
10109748ELIASI_2025-03-07_G03,10109748ELIASI,2025-03-07,117838,1,2,0,123.0
10109748ELIASI_2025-03-07_G04,10109748ELIASI,2025-03-07,110787,1,2,0,120.0
10109748ELIASI_2025-03-07_G05,10109748ELIASI,2025-03-07,110745,1,2,0,72.0
10109748ELIASI_2025-03-07_G06,10109748ELIASI,2025-03-07,108711,1,1,0,57.0
10109748ELIASI_2025-03-07_G07,10109748ELIASI,2025-03-07,111463,1,2,0,83.0
10109748ELIASI_2025-03-07_G08,10109748ELIASI,2025-03-07,117831,1,2,0,105.0
10109748ELIASI_2025-03-07_G09,10109748ELIASI,2025-03-07,109645,1,8,0,173.0
10109748ELIASI_2025-03-07_G10,10109748ELIASI,2025-03-07,160055,1,2,0,155.0
10109748ELIASI_2025-03-07_G11,10109748ELIASI,2025-03-07,105705,1,4,0,133.0
10109748ELIASI_2025-03-07_G12,10109748ELIASI,2025-03-07,108794,1,6,0,94.0
10109748ELIASI_2025-03-07_G13,10109748ELIASI,2025-03-07,117821,1,2,0,47.0
10109748ELIASI_2025-03-07_G14,10109748ELIASI,2025-03-07,110376,1,2,0,513.0
10109748ELIASI_2025-03-07_G15,10109748ELIASI,2025-03-07,117808,1,4,0,82.0
10109748ELIASI_2025-03-07_G16,10109748ELIASI,2025-03-07,117808,1,8,0,199.0
10109748ELIASI_2025-03-07_G17,10109748ELIASI,2025-03-07,117809,1,12,0,123.0
10109748ELIASI_2025-03-07_G18,10109748ELIASI,2025-03-07,110374,1,2,0,225.0
10109748ELIASI_2025-03-07_G19,10109748ELIASI,2025-03-07,109643,2,8,8,146.0
10109748ELIASI_2025-03-07_G20,10109748ELIASI,2025-03-07,117832,1,1,0,145.0
10109748ELIASI_2025-03-07_G21,10109748ELIASI,2025-03-07,110373,1,8,0,122.0
10109748ELIASI_2025-03-07_G22,10109748ELIASI,2025-03-07,"109747, 118299",2,12,21,82.0
10109748ELIASI_2025-03-07_G23,10109748ELIASI,2025-03-07,111172,1,2,0,125.0
10109748ELIASI_2025-03-07_G24,10109748ELIASI,2025-03-07,110895,1,8,0,1551.0
10109748ELIASI_2025-03-07_G25,10109748ELIASI,2025-03-07,117855,1,12,0,182.0
10109748ELIASI_2025-03-07_G26,10109748ELIASI,2025-03-07,118004,1,4,0,98.0
10109748ELIASI_2025-03-07_G27,10109748ELIASI,2025-03-07,108711,1,4,0,105.0
10109748ELIASI_2025-03-07_G28,10109748ELIASI,2025-03-07,108770,1,1,0,305.0
10109748ELIASI_2025-03-07_G29,10109748ELIASI,2025-03-07,118222,1,2,0,273.0
10109748ELIASI_2025-03-07_G30,10109748ELIASI,2025-03-07,111569,1,2,0,138.0
10109748ELIASI_2025-03-07_G31,10109748ELIASI,2025-03-07,108411,1,2,0,118.0
10109748ELIASI_2025-03-07_G32,10109748ELIASI,2025-03-07,109647,1,2,0,298.0
10109748ELIASI_2025-03-07_G34,10109748ELIASI,2025-03-07,111602,1,4,0,96.0
10109748ELIASI_2025-03-07_G35,10109748ELIASI,2025-03-07,117935,1,2,0,209.0
10109748ELIASI_2025-03-07_G36,10109748ELIASI,2025-03-07,118004,1,8,0,560.0
10109748ELIASI_2025-03-07_G37,10109748ELIASI,2025-03-07,140922,1,4,0,101.0
10109748ELIASI_2025-03-07_G38,10109748ELIASI,2025-03-07,111743,1,2,0,138.0
10109748ELIASI_2025-03-07_G39,10109748ELIASI,2025-03-07,111418,1,2,0,100.0
10109748ELIASI_2025-03-07_G40,10109748ELIASI,2025-03-07,110787,1,2,0,82.0
10109748ELIASI_2025-03-07_G41,10109748ELIASI,2025-03-07,108711,1,2,0,77.0
10109748ELIASI_2025-03-07_G42,10109748ELIASI,2025-03-07,111463,1,4,0,141.0
10109748ELIASI_2025-03-07_G43,10109748ELIASI,2025-03-07,110740,1,2,0,77.0
10109748ELIASI_2025-03-07_G44,10109748ELIASI,2025-03-07,118140,1,6,0,174.0
10109748ELIASI_2025-03-07_G45,10109748ELIASI,2025-03-07,105705,1,2,0,150.0
10109748ELIASI_2025-03-07_G46,10109748ELIASI,2025-03-07,108794,1,2,0,73.0
10109748ELIASI_2025-03-07_G47,10109748ELIASI,2025-03-07,111466,1,2,0,60.0
10109748ELIASI_2025-03-07_G48,10109748ELIASI,2025-03-07,111469,1,10,0,120.0
10109748ELIASI_2025-03-07_G49,10109748ELIASI,2025-03-07,111462,1,2,0,52.0
10109748ELIASI_2025-03-07_G50,10109748ELIASI,2025-03-07,111465,1,3,0,73.0
10109748ELIASI_2025-03-07_G51,10109748ELIASI,2025-03-07,110325,1,2,0,230.0
10109748ELIASI_2025-03-07_G52,10109748ELIASI,2025-03-07,110371,1,8,0,123.0
10109748ELIASI_2025-03-07_G53,10109748ELIASI,2025-03-07,110372,1,18,0,599.0
10109748ELIASI_2025-03-07_G54,10109748ELIASI,2025-03-07,117808,1,4,0,74.0
10109748ELIASI_2025-03-07_G55,10109748ELIASI,2025-03-07,118299,1,3,0,114.0
10109748ELIASI_2025-03-07_G56,10109748ELIASI,2025-03-07,110374,1,8,0,141.0
10109748ELIASI_2025-03-07_G57,10109748ELIASI,2025-03-07,109643,1,2,0,143.0
10109748ELIASI_2025-03-07_G58,10109748ELIASI,2025-03-07,117832,1,2,0,211.0
10109748ELIASI_2025-03-07_G59,10109748ELIASI,2025-03-07,110373,1,8,0,207.0
10109748ELIASI_2025-03-07_G60,10109748ELIASI,2025-03-07,117820,1,6,0,197.0
10109748ELIASI_2025-03-07_G61,10109748ELIASI,2025-03-07,109747,1,54,0,693.0
10109748ELIASI_2025-03-07_G62,10109748ELIASI,2025-03-07,111430,1,4,0,649.0
10109748ELIASI_2025-03-07_G63,10109748ELIASI,2025-03-07,111569,1,4,0,113.0
10109748ELIASI_2025-03-07_G64,10109748ELIASI,2025-03-07,111602,1,3,0,113.0
10109748ELIASI_2025-03-07_G65,10109748ELIASI,2025-03-07,118004,1,6,0,168.0
10109748ELIASI_2025-03-07_G66,10109748ELIASI,2025-03-07,140922,1,2,0,58.0
10109748ELIASI_2025-03-07_G67,10109748ELIASI,2025-03-07,111743,1,1,0,115.0
10109748ELIASI_2025-03-07_G68,10109748ELIASI,2025-03-07,111418,1,2,0,61.0
10109748ELIASI_2025-03-07_G69,10109748ELIASI,2025-03-07,110787,1,1,0,41.0
10109748ELIASI_2025-03-07_G70,10109748ELIASI,2025-03-07,108711,1,2,0,58.0
10109748ELIASI_2025-03-07_G71,10109748ELIASI,2025-03-07,111463,1,3,0,60.0
10109748ELIASI_2025-03-07_G72,10109748ELIASI,2025-03-07,118140,1,6,0,259.0
10109748ELIASI_2025-03-07_G73,10109748ELIASI,2025-03-07,111466,1,2,0,141.0
10109748ELIASI_2025-03-07_G74,10109748ELIASI,2025-03-07,111469,1,10,0,109.0
10109748ELIASI_2025-03-07_G75,10109748ELIASI,2025-03-07,111462,1,2,0,44.0
10109748ELIASI_2025-03-07_G76,10109748ELIASI,2025-03-07,111465,1,2,0,49.0
10109748ELIASI_2025-03-07_G77,10109748ELIASI,2025-03-07,110376,1,1,0,175.0
10109748ELIASI_2025-03-07_G78,10109748ELIASI,2025-03-07,110371,1,9,0,270.0
10109748ELIASI_2025-03-07_G79,10109748ELIASI,2025-03-07,110372,1,18,0,482.0
10109748ELIASI_2025-03-07_G80,10109748ELIASI,2025-03-07,117808,1,2,0,61.0
10109748ELIASI_2025-03-07_G81,10109748ELIASI,2025-03-07,118299,1,4,0,75.0
10109748ELIASI_2025-03-07_G82,10109748ELIASI,2025-03-07,110374,1,7,0,101.0
10109748ELIASI_2025-03-07_G83,10109748ELIASI,2025-03-07,109643,1,2,0,117.0
10109748ELIASI_2025-03-07_G84,10109748ELIASI,2025-03-07,110373,1,8,0,79.0
10109748ELIASI_2025-03-07_G85,10109748ELIASI,2025-03-07,117820,1,4,0,193.0
10109748ELIASI_2025-03-07_G86,10109748ELIASI,2025-03-07,111441,1,3,0,136.0
10109748ELIASI_2025-03-07_G87,10109748ELIASI,2025-03-07,108711,1,2,0,86.0
10109748ELIASI_2025-03-07_G88,10109748ELIASI,2025-03-07,105705,1,2,0,131.0
10109748ELIASI_2025-03-07_G89,10109748ELIASI,2025-03-07,117855,1,2,0,126.0
10109748ELIASI_2025-03-07_G91,10109748ELIASI,2025-03-07,108711,1,6,0,468.0
10109748ELIASI_2025-03-07_G92,10109748ELIASI,2025-03-07,105705,1,4,0,251.0
10109748ELIASI_2025-03-07_G93,10109748ELIASI,2025-03-07,140911,1,3,0,193.0
10109748ELIASI_2025-03-07_G94,10109748ELIASI,2025-03-07,110376,1,3,0,607.0
10109748ELIASI_2025-03-08_G02,10109748ELIASI,2025-03-08,111650,1,2,0,157.0
10109748ELIASI_2025-03-08_G03,10109748ELIASI,2025-03-08,110313,1,6,0,297.0
10109748ELIASI_2025-03-08_G04,10109748ELIASI,2025-03-08,111602,1,4,0,121.0
10109748ELIASI_2025-03-08_G05,10109748ELIASI,2025-03-08,110711,1,8,0,124.0
10109748ELIASI_2025-03-08_G06,10109748ELIASI,2025-03-08,118094,1,9,0,1012.0
10109748ELIASI_2025-03-08_G07,10109748ELIASI,2025-03-08,108795,1,4,0,873.0
10109748ELIASI_2025-03-08_G08,10109748ELIASI,2025-03-08,111435,1,2,0,136.0
10109748ELIASI_2025-03-08_G09,10109748ELIASI,2025-03-08,118140,1,4,0,301.0
10109748ELIASI_2025-03-08_G10,10109748ELIASI,2025-03-08,111466,1,2,0,115.0
10109748ELIASI_2025-03-08_G11,10109748ELIASI,2025-03-08,110373,1,8,0,193.0
10109748ELIASI_2025-03-08_G12,10109748ELIASI,2025-03-08,117862,1,48,0,947.0
10109748ELIASI_2025-03-08_G13,10109748ELIASI,2025-03-08,105242,1,2,0,236.0
10109748ELIASI_2025-03-08_G14,10109748ELIASI,2025-03-08,140922,1,8,0,310.0
10109748ELIASI_2025-03-08_G15,10109748ELIASI,2025-03-08,110372,1,20,0,778.0
10109748ELIASI_2025-03-08_G16,10109748ELIASI,2025-03-08,118299,1,12,0,198.0
10109748ELIASI_2025-03-08_G17,10109748ELIASI,2025-03-08,110373,1,8,0,164.0
10109748ELIASI_2025-03-08_G18,10109748ELIASI,2025-03-08,110711,1,3,0,263.0
10109748ELIASI_2025-03-08_G19,10109748ELIASI,2025-03-08,111439,1,8,0,178.0
10109748ELIASI_2025-03-08_G21,10109748ELIASI,2025-03-08,118094,1,4,0,222.0
10109748ELIASI_2025-03-08_G22,10109748ELIASI,2025-03-08,110515,1,1,0,97.0
10109748ELIASI_2025-03-08_G23,10109748ELIASI,2025-03-08,110515,1,3,0,600.0
10109748ELIASI_2025-03-08_G24,10109748ELIASI,2025-03-08,111602,1,6,0,257.0
10109748ELIASI_2025-03-08_G25,10109748ELIASI,2025-03-08,117808,1,20,0,339.0
10109748ELIASI_2025-03-08_G26,10109748ELIASI,2025-03-08,117862,1,4,0,250.0
10109748ELIASI_2025-03-08_G27,10109748ELIASI,2025-03-08,110313,1,1,0,172.0
10109748ELIASI_2025-03-08_G28,10109748ELIASI,2025-03-08,111602,1,10,0,177.0
10109748ELIASI_2025-03-08_G29,10109748ELIASI,2025-03-08,110711,1,1,0,155.0
10109748ELIASI_2025-03-08_G30,10109748ELIASI,2025-03-08,108795,1,4,0,392.0
10109748ELIASI_2025-03-08_G31,10109748ELIASI,2025-03-08,118140,1,12,0,729.0
10109748ELIASI_2025-03-08_G32,10109748ELIASI,2025-03-08,111466,1,3,0,153.0
10109748ELIASI_2025-03-08_G33,10109748ELIASI,2025-03-08,110787,1,16,0,736.0
10109748ELIASI_2025-03-08_G34,10109748ELIASI,2025-03-08,110372,1,6,0,212.0
10109748ELIASI_2025-03-08_G35,10109748ELIASI,2025-03-08,111602,1,4,0,161.0
10109748ELIASI_2025-03-08_G36,10109748ELIASI,2025-03-08,118140,1,8,0,349.0
10109748ELIASI_2025-03-08_G37,10109748ELIASI,2025-03-08,110733,1,4,0,235.0
10109748ELIASI_2025-03-08_G38,10109748ELIASI,2025-03-08,117856,1,4,0,1133.0
10109748ELIASI_2025-03-08_G39,10109748ELIASI,2025-03-08,111602,1,6,0,155.0
10109748ELIASI_2025-03-08_G40,10109748ELIASI,2025-03-08,107236,1,4,0,136.0
10109748ELIASI_2025-03-08_G41,10109748ELIASI,2025-03-08,110787,1,8,0,313.0
10109748ELIASI_2025-03-08_G42,10109748ELIASI,2025-03-08,108711,1,4,0,134.0
10109748ELIASI_2025-03-08_G43,10109748ELIASI,2025-03-08,110733,1,4,0,309.0
10109748ELIASI_2025-03-08_G44,10109748ELIASI,2025-03-08,107830,1,4,0,198.0
10109748ELIASI_2025-03-08_G45,10109748ELIASI,2025-03-08,109747,1,4,0,128.0
10109748ELIASI_2025-03-08_G46,10109748ELIASI,2025-03-08,110313,1,4,0,130.0
10109748ELIASI_2025-03-08_G47,10109748ELIASI,2025-03-08,110733,1,4,0,177.0
10109748ELIASI_2025-03-08_G48,10109748ELIASI,2025-03-08,111602,1,7,0,84.0
10109748ELIASI_2025-03-08_G49,10109748ELIASI,2025-03-08,118140,1,1,0,132.0
10109748ELIASI_2025-03-08_G50,10109748ELIASI,2025-03-08,108711,1,16,0,295.0
10109748ELIASI_2025-03-08_G51,10109748ELIASI,2025-03-08,110313,1,4,0,174.0
10109748ELIASI_2025-03-08_G52,10109748ELIASI,2025-03-08,118140,1,32,0,936.0
10109748ELIASI_2025-03-10_G02,10109748ELIASI,2025-03-10,110733,1,63,0,291.0
10109748ELIASI_2025-03-11_G02,10109748ELIASI,2025-03-11,117862,1,120,0,1628.0
10109748ELIASI_2025-03-11_G03,10109748ELIASI,2025-03-11,108772,1,2,0,236.0
10109748ELIASI_2025-03-11_G04,10109748ELIASI,2025-03-11,118094,1,8,0,212.0
10109748ELIASI_2025-03-11_G05,10109748ELIASI,2025-03-11,110733,1,4,0,1551.0
10109748ELIASI_2025-03-11_G06,10109748ELIASI,2025-03-11,108795,1,3,0,380.0
10109748ELIASI_2025-03-11_G07,10109748ELIASI,2025-03-11,140922,1,4,0,331.0
10109748ELIASI_2025-03-11_G08,10109748ELIASI,2025-03-11,110787,1,8,0,221.0
10109748ELIASI_2025-03-11_G09,10109748ELIASI,2025-03-11,117831,1,8,0,163.0
10109748ELIASI_2025-03-11_G10,10109748ELIASI,2025-03-11,111466,1,8,0,223.0
10109748ELIASI_2025-03-11_G11,10109748ELIASI,2025-03-11,110325,1,8,0,530.0
10109748ELIASI_2025-03-11_G12,10109748ELIASI,2025-03-11,117808,1,8,0,128.0
10109748ELIASI_2025-03-11_G13,10109748ELIASI,2025-03-11,117832,1,4,0,152.0
10109748ELIASI_2025-03-11_G14,10109748ELIASI,2025-03-11,117820,1,8,0,170.0
10109748ELIASI_2025-03-11_G16,10109748ELIASI,2025-03-11,111602,1,20,0,687.0
10109748ELIASI_2025-03-11_G17,10109748ELIASI,2025-03-11,111530,1,8,0,256.0
10109748ELIASI_2025-03-11_G18,10109748ELIASI,2025-03-11,111532,1,4,0,425.0
10109748ELIASI_2025-03-11_G19,10109748ELIASI,2025-03-11,111463,1,19,0,312.0
10109748ELIASI_2025-03-11_G20,10109748ELIASI,2025-03-11,111466,1,16,0,821.0
10109748ELIASI_2025-03-11_G21,10109748ELIASI,2025-03-11,118140,1,30,0,716.0
10109748ELIASI_2025-03-11_G22,10109748ELIASI,2025-03-11,111602,1,12,0,278.0
10109748ELIASI_2025-03-11_G23,10109748ELIASI,2025-03-11,111530,1,4,0,159.0
10109748ELIASI_2025-03-11_G24,10109748ELIASI,2025-03-11,111532,1,4,0,126.0
10109748ELIASI_2025-03-11_G25,10109748ELIASI,2025-03-11,111463,1,5,0,87.0
10109748ELIASI_2025-03-11_G26,10109748ELIASI,2025-03-11,111466,1,8,0,200.0
10109748ELIASI_2025-03-11_G27,10109748ELIASI,2025-03-11,118140,1,30,0,1484.0
10109748ELIASI_2025-03-11_G28,10109748ELIASI,2025-03-11,111442,2,5,28,211.0
10109748ELIASI_2025-03-11_G29,10109748ELIASI,2025-03-11,110371,1,10,0,2307.0
10109748ELIASI_2025-03-11_G30,10109748ELIASI,2025-03-11,118299,1,12,0,402.0
10109748ELIASI_2025-03-11_G31,10109748ELIASI,2025-03-11,110373,1,20,0,355.0
10109748ELIASI_2025-03-11_G32,10109748ELIASI,2025-03-11,109747,1,2,0,254.0
10109748ELIASI_2025-03-11_G33,10109748ELIASI,2025-03-11,110374,1,4,0,115.0
10109748ELIASI_2025-03-12_G02,10109748ELIASI,2025-03-12,110080,1,1,0,506.0
10109748ELIASI_2025-03-12_G03,10109748ELIASI,2025-03-12,108770,1,99,0,683.0
10109748ELIASI_2025-03-12_G04,10109748ELIASI,2025-03-12,140912,1,11,0,659.0
10109748ELIASI_2025-03-12_G05,10109748ELIASI,2025-03-12,118364,1,4,0,485.0
10109748ELIASI_2025-03-12_G06,10109748ELIASI,2025-03-12,110310,1,1,0,96.0
10109748ELIASI_2025-03-12_G07,10109748ELIASI,2025-03-12,110500,1,1,0,582.0
10109748ELIASI_2025-03-13_G02,10109748ELIASI,2025-03-13,117862,1,100,0,928.0
10109748ELIASI_2025-03-13_G03,10109748ELIASI,2025-03-13,110741,1,105,0,437.0
10109748ELIASI_2025-03-13_G04,10109748ELIASI,2025-03-13,111530,1,3,0,266.0
10109748ELIASI_2025-03-13_G05,10109748ELIASI,2025-03-13,117788,1,14,0,249.0
10109748ELIASI_2025-03-13_G06,10109748ELIASI,2025-03-13,111466,1,20,0,358.0
10109748ELIASI_2025-03-13_G07,10109748ELIASI,2025-03-13,118004,1,84,0,528.0
10109748ELIASI_2025-03-13_G08,10109748ELIASI,2025-03-13,140922,1,16,0,129.0
10109748ELIASI_2025-03-13_G09,10109748ELIASI,2025-03-13,111418,1,248,0,2056.0
10109748ELIASI_2025-03-13_G10,10109748ELIASI,2025-03-13,110740,1,16,0,504.0
10109748ELIASI_2025-03-13_G11,10109748ELIASI,2025-03-13,111465,1,12,0,179.0
10109748ELIASI_2025-03-13_G13,10109748ELIASI,2025-03-13,117808,1,338,0,1230.0
10109748ELIASI_2025-03-13_G14,10109748ELIASI,2025-03-13,117808,1,40,0,765.0
10109748ELIASI_2025-03-13_G15,10109748ELIASI,2025-03-13,110373,1,7,0,462.0
10109748ELIASI_2025-03-13_G16,10109748ELIASI,2025-03-13,110374,1,44,0,1583.0
10109748ELIASI_2025-03-13_G17,10109748ELIASI,2025-03-13,117820,1,12,0,423.0
10109748ELIASI_2025-03-13_G18,10109748ELIASI,2025-03-13,111463,1,4,0,533.0
10109748ELIASI_2025-03-13_G19,10109748ELIASI,2025-03-13,118290,1,20,0,1064.0
10109748ELIASI_2025-03-13_G20,10109748ELIASI,2025-03-13,110325,1,73,0,796.0
10109748ELIASI_2025-03-14_G02,10109748ELIASI,2025-03-14,111466,1,40,0,1366.0
10109748ELIASI_2025-03-14_G03,10109748ELIASI,2025-03-14,110373,1,500,0,2830.0
10109748ELIASI_2025-03-14_G04,10109748ELIASI,2025-03-14,109645,1,2,0,1497.0
10109748ELIASI_2025-03-14_G05,10109748ELIASI,2025-03-14,160053,1,4,0,202.0
10109748ELIASI_2025-03-14_G07,10109748ELIASI,2025-03-14,110733,1,50,0,941.0
10109748ELIASI_2025-03-14_G08,10109748ELIASI,2025-03-14,117785,1,50,0,198.0
10109748ELIASI_2025-03-14_G09,10109748ELIASI,2025-03-14,108711,1,99,0,2828.0
10109748ELIASI_2025-03-14_G10,10109748ELIASI,2025-03-14,111466,1,38,0,1033.0
10109748ELIASI_2025-03-14_G11,10109748ELIASI,2025-03-14,111435,1,2,0,204.0
10109748ELIASI_2025-03-14_G12,10109748ELIASI,2025-03-14,117831,1,12,0,412.0
10109748ELIASI_2025-03-14_G13,10109748ELIASI,2025-03-14,140922,1,2,0,70.0
10109748ELIASI_2025-03-14_G14,10109748ELIASI,2025-03-14,118140,1,1,0,103.0
10109748ELIASI_2025-03-14_G15,10109748ELIASI,2025-03-14,111418,1,6,0,268.0
10109748ELIASI_2025-03-14_G16,10109748ELIASI,2025-03-14,118317,1,4,0,112.0
10109748ELIASI_2025-03-14_G17,10109748ELIASI,2025-03-14,110745,1,12,0,364.0
10109748ELIASI_2025-03-14_G18,10109748ELIASI,2025-03-14,108711,1,3,0,1153.0
10109748ELIASI_2025-03-14_G19,10109748ELIASI,2025-03-14,117821,1,9,0,244.0
10109748ELIASI_2025-03-14_G20,10109748ELIASI,2025-03-14,111465,1,2,0,95.0
10109748ELIASI_2025-03-14_G21,10109748ELIASI,2025-03-14,110371,1,20,0,494.0
10109748ELIASI_2025-03-14_G22,10109748ELIASI,2025-03-14,110372,1,8,0,208.0
10109748ELIASI_2025-03-14_G23,10109748ELIASI,2025-03-14,109643,1,8,0,157.0
10109748ELIASI_2025-03-14_G24,10109748ELIASI,2025-03-14,117820,1,28,0,390.0
10109748ELIASI_2025-03-14_G25,10109748ELIASI,2025-03-14,117808,1,50,0,367.0
10109748ELIASI_2025-03-14_G26,10109748ELIASI,2025-03-14,118299,1,48,0,528.0
10109748ELIASI_2025-03-14_G28,10109748ELIASI,2025-03-14,118416,1,1,0,272.0
10109748ELIASI_2025-03-14_G29,10109748ELIASI,2025-03-14,110895,1,4,0,145.0
10109748ELIASI_2025-03-14_G30,10109748ELIASI,2025-03-14,111443,1,4,0,243.0
10109748ELIASI_2025-03-14_G31,10109748ELIASI,2025-03-14,117834,1,2,0,216.0
10109748ELIASI_2025-03-14_G32,10109748ELIASI,2025-03-14,118306,2,4,8,167.0
10109748ELIASI_2025-03-14_G33,10109748ELIASI,2025-03-14,110895,1,1,0,87.0
10109748ELIASI_2025-03-14_G34,10109748ELIASI,2025-03-14,117862,1,6,0,260.0
10109748ELIASI_2025-03-14_G35,10109748ELIASI,2025-03-14,118094,1,2,0,117.0
10109748ELIASI_2025-03-14_G36,10109748ELIASI,2025-03-14,111602,1,4,0,166.0
10109748ELIASI_2025-03-14_G37,10109748ELIASI,2025-03-14,107629,1,2,0,91.0
10109748ELIASI_2025-03-14_G38,10109748ELIASI,2025-03-14,117855,1,8,0,250.0
10109748ELIASI_2025-03-14_G39,10109748ELIASI,2025-03-14,117861,1,4,0,387.0
10109748ELIASI_2025-03-14_G40,10109748ELIASI,2025-03-14,117786,1,4,0,81.0
10109748ELIASI_2025-03-14_G41,10109748ELIASI,2025-03-14,110515,1,2,0,92.0
10109748ELIASI_2025-03-14_G42,10109748ELIASI,2025-03-14,117862,1,4,0,171.0
10109748ELIASI_2025-03-14_G43,10109748ELIASI,2025-03-14,111469,1,10,0,314.0
10109748ELIASI_2025-03-14_G44,10109748ELIASI,2025-03-14,108711,1,2,0,160.0
10109748ELIASI_2025-03-14_G45,10109748ELIASI,2025-03-14,111431,1,4,0,104.0
10109748ELIASI_2025-03-14_G46,10109748ELIASI,2025-03-14,111431,1,4,0,97.0
10109748ELIASI_2025-03-14_G47,10109748ELIASI,2025-03-14,111463,1,2,0,107.0
10109748ELIASI_2025-03-14_G48,10109748ELIASI,2025-03-14,111466,1,7,0,136.0
10109748ELIASI_2025-03-15_G02,10109748ELIASI,2025-03-15,109641,1,1,0,83.0
10109748ELIASI_2025-03-15_G03,10109748ELIASI,2025-03-15,117785,1,4,0,74.0
10109748ELIASI_2025-03-15_G04,10109748ELIASI,2025-03-15,118140,1,6,0,112.0
10109748ELIASI_2025-03-15_G05,10109748ELIASI,2025-03-15,118317,1,2,0,161.0
10109748ELIASI_2025-03-15_G06,10109748ELIASI,2025-03-15,111462,1,4,0,288.0
10109748ELIASI_2025-03-15_G07,10109748ELIASI,2025-03-15,110129,1,6,0,282.0
10109748ELIASI_2025-03-15_G08,10109748ELIASI,2025-03-15,110787,1,4,0,508.0
10109748ELIASI_2025-03-15_G09,10109748ELIASI,2025-03-15,111465,1,8,0,114.0
10109748ELIASI_2025-03-15_G10,10109748ELIASI,2025-03-15,110325,1,2,0,212.0
10109748ELIASI_2025-03-15_G11,10109748ELIASI,2025-03-15,117808,1,30,0,464.0
10109748ELIASI_2025-03-15_G12,10109748ELIASI,2025-03-15,110371,1,20,0,206.0
10109748ELIASI_2025-03-15_G13,10109748ELIASI,2025-03-15,118299,1,10,0,130.0
10109748ELIASI_2025-03-15_G14,10109748ELIASI,2025-03-15,117809,1,10,0,200.0
10109748ELIASI_2025-03-15_G15,10109748ELIASI,2025-03-15,110372,1,30,0,499.0
10109748ELIASI_2025-03-15_G16,10109748ELIASI,2025-03-15,110373,1,10,0,255.0
10109748ELIASI_2025-03-15_G17,10109748ELIASI,2025-03-15,110374,1,4,0,111.0
10109748ELIASI_2025-03-15_G18,10109748ELIASI,2025-03-15,117820,1,2,0,275.0
10109748ELIASI_2025-03-15_G19,10109748ELIASI,2025-03-15,109640,1,4,0,173.0
10109748ELIASI_2025-03-15_G20,10109748ELIASI,2025-03-15,111182,1,4,0,262.0
10109748ELIASI_2025-03-15_G21,10109748ELIASI,2025-03-15,118140,1,2,0,750.0
10109748ELIASI_2025-03-15_G22,10109748ELIASI,2025-03-15,111443,1,2,0,137.0
10109748ELIASI_2025-03-15_G23,10109748ELIASI,2025-03-15,111443,1,6,0,207.0
10109748ELIASI_2025-03-15_G24,10109748ELIASI,2025-03-15,111443,1,2,0,152.0
10109748ELIASI_2025-03-15_G25,10109748ELIASI,2025-03-15,110895,1,8,0,402.0
10109748ELIASI_2025-03-15_G26,10109748ELIASI,2025-03-15,110895,1,4,0,53.0
10109748ELIASI_2025-03-15_G27,10109748ELIASI,2025-03-15,110515,1,8,0,429.0
10109748ELIASI_2025-03-15_G28,10109748ELIASI,2025-03-15,111443,1,5,0,532.0
10109748ELIASI_2025-03-15_G29,10109748ELIASI,2025-03-15,118140,1,12,0,484.0
10109748ELIASI_2025-03-15_G30,10109748ELIASI,2025-03-15,111443,1,4,0,171.0
10109748ELIASI_2025-03-15_G31,10109748ELIASI,2025-03-15,111418,1,10,0,149.0
10109748ELIASI_2025-03-15_G32,10109748ELIASI,2025-03-15,111330,1,3,0,381.0
10109748ELIASI_2025-03-15_G34,10109748ELIASI,2025-03-15,110371,1,48,0,709.0
10109748ELIASI_2025-03-15_G35,10109748ELIASI,2025-03-15,118299,1,44,0,534.0
10109748ELIASI_2025-03-15_G36,10109748ELIASI,2025-03-15,117822,1,4,0,73.0
10109748ELIASI_2025-03-15_G37,10109748ELIASI,2025-03-15,110376,1,17,0,561.0
10109748ELIASI_2025-03-15_G38,10109748ELIASI,2025-03-15,117809,1,128,0,717.0
10109748ELIASI_2025-03-15_G39,10109748ELIASI,2025-03-15,117808,1,84,0,1106.0
10109748ELIASI_2025-03-15_G40,10109748ELIASI,2025-03-15,117820,1,64,0,367.0
10109748ELIASI_2025-03-15_G41,10109748ELIASI,2025-03-15,108772,1,4,0,1876.0
10109748ELIASI_2025-03-15_G42,10109748ELIASI,2025-03-15,111172,1,1,0,145.0
10109748ELIASI_2025-03-15_G43,10109748ELIASI,2025-03-15,111463,1,9,0,360.0
10109748ELIASI_2025-03-15_G44,10109748ELIASI,2025-03-15,110743,1,2,0,313.0
10109748ELIASI_2025-03-15_G45,10109748ELIASI,2025-03-15,111418,1,4,0,202.0
10109748ELIASI_2025-03-15_G46,10109748ELIASI,2025-03-15,105705,1,2,0,160.0
10109748ELIASI_2025-03-15_G47,10109748ELIASI,2025-03-15,111465,1,2,0,96.0
10109748ELIASI_2025-03-15_G48,10109748ELIASI,2025-03-15,117808,1,10,0,318.0
10109748ELIASI_2025-03-15_G49,10109748ELIASI,2025-03-15,111330,1,1,0,802.0
10109748ELIASI_2025-03-18_G02,10109748ELIASI,2025-03-18,110371,1,240,0,706.0
10109748ELIASI_2025-03-18_G03,10109748ELIASI,2025-03-18,111469,1,178,0,842.0
10109748ELIASI_2025-03-18_G04,10109748ELIASI,2025-03-18,111330,1,5,0,142.0
10109748ELIASI_2025-03-18_G05,10109748ELIASI,2025-03-18,117841,1,3,0,106.0
10109748ELIASI_2025-03-18_G06,10109748ELIASI,2025-03-18,111418,1,4,0,1529.0
10109748ELIASI_2025-03-18_G07,10109748ELIASI,2025-03-18,111469,1,4,0,209.0
10109748ELIASI_2025-03-18_G08,10109748ELIASI,2025-03-18,110742,1,4,0,279.0
10109748ELIASI_2025-03-18_G09,10109748ELIASI,2025-03-18,118253,1,4,0,158.0
10109748ELIASI_2025-03-18_G10,10109748ELIASI,2025-03-18,109937,1,4,0,112.0
10109748ELIASI_2025-03-18_G11,10109748ELIASI,2025-03-18,118222,1,8,0,270.0
10109748ELIASI_2025-03-18_G12,10109748ELIASI,2025-03-18,117835,1,2,0,67.0
10109748ELIASI_2025-03-18_G14,10109748ELIASI,2025-03-18,118094,1,5,0,239.0
10109748ELIASI_2025-03-18_G15,10109748ELIASI,2025-03-18,110313,1,6,0,153.0
10109748ELIASI_2025-03-18_G16,10109748ELIASI,2025-03-18,117855,1,7,0,247.0
10109748ELIASI_2025-03-18_G17,10109748ELIASI,2025-03-18,111530,1,25,0,411.0
10109748ELIASI_2025-03-18_G18,10109748ELIASI,2025-03-18,110711,1,2,0,135.0
10109748ELIASI_2025-03-18_G19,10109748ELIASI,2025-03-18,160054,1,4,0,1420.0
10109748ELIASI_2025-03-18_G20,10109748ELIASI,2025-03-18,117808,1,382,0,1800.0
10109748ELIASI_2025-03-18_G21,10109748ELIASI,2025-03-18,117820,1,230,0,1182.0
10109748ELIASI_2025-03-18_G22,10109748ELIASI,2025-03-18,117820,1,2,0,382.0
10109748ELIASI_2025-03-18_G23,10109748ELIASI,2025-03-18,117830,1,10,0,150.0
10109748ELIASI_2025-03-18_G24,10109748ELIASI,2025-03-18,117830,1,19,0,152.0
10109748ELIASI_2025-03-18_G25,10109748ELIASI,2025-03-18,110371,1,12,0,183.0
10109748ELIASI_2025-03-18_G26,10109748ELIASI,2025-03-18,109643,1,8,0,179.0
10109748ELIASI_2025-03-18_G27,10109748ELIASI,2025-03-18,117832,1,8,0,278.0
10109748ELIASI_2025-03-18_G28,10109748ELIASI,2025-03-18,118299,1,2,0,131.0
10109748ELIASI_2025-03-18_G29,10109748ELIASI,2025-03-18,118299,1,53,0,760.0
10109748ELIASI_2025-03-18_G31,10109748ELIASI,2025-03-18,111466,1,7,0,82.0
10109748ELIASI_2025-03-18_G32,10109748ELIASI,2025-03-18,140922,1,8,0,141.0
10109748ELIASI_2025-03-18_G33,10109748ELIASI,2025-03-18,111172,1,3,0,773.0
10109748ELIASI_2025-03-18_G34,10109748ELIASI,2025-03-18,108711,1,8,0,182.0
10109748ELIASI_2025-03-18_G35,10109748ELIASI,2025-03-18,111462,1,9,0,152.0
10109748ELIASI_2025-03-18_G36,10109748ELIASI,2025-03-18,110787,1,6,0,175.0
10109748ELIASI_2025-03-18_G37,10109748ELIASI,2025-03-18,110787,1,2,0,41.0
10109748ELIASI_2025-03-18_G38,10109748ELIASI,2025-03-18,109645,1,4,0,123.0
10109748ELIASI_2025-03-18_G39,10109748ELIASI,2025-03-18,118140,2,13,8,277.0
10109748ELIASI_2025-03-18_G40,10109748ELIASI,2025-03-18,111469,1,14,0,848.0
10109748ELIASI_2025-03-19_G02,10109748ELIASI,2025-03-19,109640,3,48,25,1039.0
10109748ELIASI_2025-03-19_G03,10109748ELIASI,2025-03-19,109640,2,9,28,1284.0
10109748ELIASI_2025-03-19_G04,10109748ELIASI,2025-03-19,109640,1,4,0,199.0
10109748ELIASI_2025-03-19_G05,10109748ELIASI,2025-03-19,109640,1,2,0,40.0
10109748ELIASI_2025-03-19_G06,10109748ELIASI,2025-03-19,111469,1,4,0,136.0
10109748ELIASI_2025-03-19_G07,10109748ELIASI,2025-03-19,111441,1,4,0,818.0
10109748ELIASI_2025-03-19_G08,10109748ELIASI,2025-03-19,117853,1,4,0,146.0
10109748ELIASI_2025-03-19_G09,10109748ELIASI,2025-03-19,117853,1,4,0,482.0
10109748ELIASI_2025-03-19_G11,10109748ELIASI,2025-03-19,111530,1,93,0,748.0
10109748ELIASI_2025-03-19_G12,10109748ELIASI,2025-03-19,160050,1,2,0,1938.0
10109748ELIASI_2025-03-19_G13,10109748ELIASI,2025-03-19,160055,1,2,0,196.0
10109748ELIASI_2025-03-19_G14,10109748ELIASI,2025-03-19,160054,1,2,0,147.0
10109748ELIASI_2025-03-19_G15,10109748ELIASI,2025-03-19,160052,1,2,0,81.0
10109748ELIASI_2025-03-19_G18,10109748ELIASI,2025-03-19,111441,1,80,0,2026.0
10109748ELIASI_2025-03-19_G19,10109748ELIASI,2025-03-19,140956,1,2,0,157.0
10109748ELIASI_2025-03-20_G02,10109748ELIASI,2025-03-20,111569,1,4,0,236.0
10109748ELIASI_2025-03-20_G03,10109748ELIASI,2025-03-20,110747,1,4,0,145.0
10109748ELIASI_2025-03-20_G04,10109748ELIASI,2025-03-20,116527,1,6,0,693.0
10109748ELIASI_2025-03-20_G05,10109748ELIASI,2025-03-20,111348,1,2,0,1763.0
10109748ELIASI_2025-03-20_G06,10109748ELIASI,2025-03-20,111435,1,3,0,249.0
10109748ELIASI_2025-03-20_G07,10109748ELIASI,2025-03-20,117833,1,3,0,1516.0
10109748ELIASI_2025-03-20_G08,10109748ELIASI,2025-03-20,108795,1,6,0,171.0
10109748ELIASI_2025-03-20_G09,10109748ELIASI,2025-03-20,109641,1,8,0,206.0
10109748ELIASI_2025-03-20_G10,10109748ELIASI,2025-03-20,117785,2,10,15,112.0
10109748ELIASI_2025-03-20_G11,10109748ELIASI,2025-03-20,110743,1,2,0,344.0
10109748ELIASI_2025-03-20_G12,10109748ELIASI,2025-03-20,111418,2,12,11,162.0
10109748ELIASI_2025-03-20_G14,10109748ELIASI,2025-03-20,108794,1,4,0,110.0
10109748ELIASI_2025-03-20_G15,10109748ELIASI,2025-03-20,111462,1,14,0,294.0
10109748ELIASI_2025-03-20_G16,10109748ELIASI,2025-03-20,111462,1,14,0,294.0
10109748ELIASI_2025-03-20_G17,10109748ELIASI,2025-03-20,110745,1,4,0,137.0
10109748ELIASI_2025-03-20_G18,10109748ELIASI,2025-03-20,117821,1,6,0,181.0
10109748ELIASI_2025-03-20_G19,10109748ELIASI,2025-03-20,110787,1,10,0,248.0
10109748ELIASI_2025-03-20_G20,10109748ELIASI,2025-03-20,117831,1,12,0,214.0
10109748ELIASI_2025-03-20_G21,10109748ELIASI,2025-03-20,117831,1,6,0,107.0
10109748ELIASI_2025-03-20_G22,10109748ELIASI,2025-03-20,118140,2,34,23,928.0
10109748ELIASI_2025-03-20_G23,10109748ELIASI,2025-03-20,109647,2,4,9,2482.0
10109748ELIASI_2025-03-20_G24,10109748ELIASI,2025-03-20,105705,1,18,0,233.0
10109748ELIASI_2025-03-20_G25,10109748ELIASI,2025-03-20,111442,1,2,0,336.0
10109748ELIASI_2025-03-20_G26,10109748ELIASI,2025-03-20,111532,1,13,0,448.0
10109748ELIASI_2025-03-20_G27,10109748ELIASI,2025-03-20,110515,1,3,0,243.0
10109748ELIASI_2025-03-20_G28,10109748ELIASI,2025-03-20,111530,1,4,0,90.0
10109748ELIASI_2025-03-20_G29,10109748ELIASI,2025-03-20,111437,1,1,0,614.0
10109748ELIASI_2025-03-20_G30,10109748ELIASI,2025-03-20,100334,1,10,0,367.0
10109748ELIASI_2025-03-21_G02,10109748ELIASI,2025-03-21,110895,1,6,0,228.0
10109748ELIASI_2025-03-21_G03,10109748ELIASI,2025-03-21,110500,1,4,0,755.0
10109748ELIASI_2025-03-22_G02,10109748ELIASI,2025-03-22,110515,1,4,0,136.0
10109748ELIASI_2025-03-22_G03,10109748ELIASI,2025-03-22,110711,1,20,0,362.0
10109748ELIASI_2025-03-22_G04,10109748ELIASI,2025-03-22,117820,1,4,0,187.0
10109748ELIASI_2025-03-22_G05,10109748ELIASI,2025-03-22,109747,1,10,0,198.0
10109748ELIASI_2025-03-22_G06,10109748ELIASI,2025-03-22,108770,1,4,0,595.0
10109748ELIASI_2025-03-22_G07,10109748ELIASI,2025-03-22,111850,1,4,0,899.0
10109748ELIASI_2025-03-22_G08,10109748ELIASI,2025-03-22,117862,1,3,0,211.0
10109748ELIASI_2025-03-22_G09,10109748ELIASI,2025-03-22,117856,1,4,0,151.0
10109748ELIASI_2025-03-22_G10,10109748ELIASI,2025-03-22,110733,1,4,0,100.0
10109748ELIASI_2025-03-22_G11,10109748ELIASI,2025-03-22,107629,1,1,0,91.0
10109748ELIASI_2025-03-22_G12,10109748ELIASI,2025-03-22,118403,1,4,0,103.0
10109748ELIASI_2025-03-22_G13,10109748ELIASI,2025-03-22,111650,1,6,0,137.0
10109748ELIASI_2025-03-22_G14,10109748ELIASI,2025-03-22,117786,1,3,0,92.0
10109748ELIASI_2025-03-22_G15,10109748ELIASI,2025-03-22,110515,1,4,0,155.0
10109748ELIASI_2025-03-22_G16,10109748ELIASI,2025-03-22,109640,1,1,0,113.0
10109748ELIASI_2025-03-22_G17,10109748ELIASI,2025-03-22,110339,1,4,0,230.0
10109748ELIASI_2025-03-22_G18,10109748ELIASI,2025-03-22,110711,1,4,0,165.0
10109748ELIASI_2025-03-22_G19,10109748ELIASI,2025-03-22,117820,1,3,0,1015.0
10109748ELIASI_2025-03-22_G20,10109748ELIASI,2025-03-22,110372,1,5,0,374.0
10109748ELIASI_2025-03-22_G21,10109748ELIASI,2025-03-22,110375,1,1,0,125.0
10109748ELIASI_2025-03-22_G23,10109748ELIASI,2025-03-22,111211,1,4,0,1278.0
10109748ELIASI_2025-03-22_G24,10109748ELIASI,2025-03-22,118094,1,3,0,797.0
10109748ELIASI_2025-03-22_G25,10109748ELIASI,2025-03-22,110339,1,2,0,109.0
10109748ELIASI_2025-03-22_G26,10109748ELIASI,2025-03-22,110741,1,4,0,387.0
10109748ELIASI_2025-03-22_G27,10109748ELIASI,2025-03-22,110753,1,2,0,95.0
10109748ELIASI_2025-03-22_G28,10109748ELIASI,2025-03-22,110711,1,3,0,260.0
10109748ELIASI_2025-03-22_G29,10109748ELIASI,2025-03-22,"117785, 108795",2,4,19,123.0
10109748ELIASI_2025-03-22_G30,10109748ELIASI,2025-03-22,117820,1,6,0,447.0
10109748ELIASI_2025-03-22_G31,10109748ELIASI,2025-03-22,117809,1,2,0,153.0
10109748ELIASI_2025-03-22_G32,10109748ELIASI,2025-03-22,117808,1,8,0,92.0
10109748ELIASI_2025-03-22_G33,10109748ELIASI,2025-03-22,117830,1,6,0,130.0
10109748ELIASI_2025-03-22_G34,10109748ELIASI,2025-03-22,110372,1,5,0,221.0
10109748ELIASI_2025-03-22_G35,10109748ELIASI,2025-03-22,110373,1,2,0,96.0
10109748ELIASI_2025-03-22_G36,10109748ELIASI,2025-03-22,110375,1,6,0,119.0
10109748ELIASI_2025-03-22_G37,10109748ELIASI,2025-03-22,118299,1,6,0,194.0
10109748ELIASI_2025-03-22_G38,10109748ELIASI,2025-03-22,109747,1,1,0,78.0
10109748ELIASI_2025-03-22_G39,10109748ELIASI,2025-03-22,118094,1,4,0,735.0
10109748ELIASI_2025-03-22_G40,10109748ELIASI,2025-03-22,110733,1,2,0,114.0
10109748ELIASI_2025-03-22_G41,10109748ELIASI,2025-03-22,107629,1,4,0,131.0
10109748ELIASI_2025-03-22_G42,10109748ELIASI,2025-03-22,140922,1,4,0,245.0
10109748ELIASI_2025-03-22_G43,10109748ELIASI,2025-03-22,111462,1,1,0,111.0
10109748ELIASI_2025-03-22_G44,10109748ELIASI,2025-03-22,110745,1,4,0,114.0
10109748ELIASI_2025-03-22_G45,10109748ELIASI,2025-03-22,109645,1,2,0,321.0
10109748ELIASI_2025-03-22_G46,10109748ELIASI,2025-03-22,118140,1,2,0,85.0
10109748ELIASI_2025-03-22_G47,10109748ELIASI,2025-03-22,117808,1,4,0,135.0
10109748ELIASI_2025-03-22_G48,10109748ELIASI,2025-03-22,117830,1,2,0,101.0
10109748ELIASI_2025-03-22_G49,10109748ELIASI,2025-03-22,110372,1,2,0,35.0
10109748ELIASI_2025-03-22_G50,10109748ELIASI,2025-03-22,117832,1,3,0,118.0
10109748ELIASI_2025-03-22_G51,10109748ELIASI,2025-03-22,110373,1,4,0,65.0
10109748ELIASI_2025-03-22_G52,10109748ELIASI,2025-03-22,"109640, 111530",2,10,16,493.0
10109748ELIASI_2025-03-22_G53,10109748ELIASI,2025-03-22,111469,1,4,0,162.0
10109748ELIASI_2025-03-22_G54,10109748ELIASI,2025-03-22,117853,1,4,0,158.0
10109748ELIASI_2025-03-22_G55,10109748ELIASI,2025-03-22,117935,1,2,0,666.0
10109748ELIASI_2025-03-22_G56,10109748ELIASI,2025-03-22,140922,1,4,0,101.0
10109748ELIASI_2025-03-22_G57,10109748ELIASI,2025-03-22,117833,1,2,0,44.0
10109748ELIASI_2025-03-22_G58,10109748ELIASI,2025-03-22,111172,1,2,0,78.0
10109748ELIASI_2025-03-22_G59,10109748ELIASI,2025-03-22,118299,1,11,0,90.0
10109748ELIASI_2025-03-22_G60,10109748ELIASI,2025-03-22,117808,1,6,0,63.0
10109748ELIASI_2025-03-22_G61,10109748ELIASI,2025-03-22,110372,1,12,0,148.0
10109748ELIASI_2025-03-26_G02,10109748ELIASI,2025-03-26,111182,1,28,0,489.0
10109748ELIASI_2025-03-26_G03,10109748ELIASI,2025-03-26,109645,1,14,0,459.0
10109748ELIASI_2025-03-26_G04,10109748ELIASI,2025-03-26,109641,1,80,0,1080.0
10109748ELIASI_2025-03-27_G02,10109748ELIASI,2025-03-27,111722,1,40,0,784.0
10109748ELIASI_2025-03-27_G03,10109748ELIASI,2025-03-27,111441,1,70,0,131.0
10109748ELIASI_2025-03-27_G04,10109748ELIASI,2025-03-27,111740,1,17,0,234.0
10109748ELIASI_2025-03-27_G05,10109748ELIASI,2025-03-27,141261,1,20,0,267.0
10109748ELIASI_2025-03-27_G06,10109748ELIASI,2025-03-27,111437,1,30,0,46.0
10109748ELIASI_2025-03-27_G07,10109748ELIASI,2025-03-27,141066,1,50,0,1154.0
10109748ELIASI_2025-03-27_G08,10109748ELIASI,2025-03-27,111532,1,4,0,108.0
10109748ELIASI_2025-03-27_G09,10109748ELIASI,2025-03-27,118094,1,12,0,231.0
10109748ELIASI_2025-03-27_G10,10109748ELIASI,2025-03-27,100334,1,3,0,274.0
10109748ELIASI_2025-03-27_G11,10109748ELIASI,2025-03-27,111463,1,3,0,174.0
10109748ELIASI_2025-03-27_G12,10109748ELIASI,2025-03-27,117821,1,2,0,218.0
10109748ELIASI_2025-03-27_G13,10109748ELIASI,2025-03-27,118299,1,4,0,149.0
10109748ELIASI_2025-03-27_G14,10109748ELIASI,2025-03-27,110373,1,5,0,469.0
10109748ELIASI_2025-03-27_G15,10109748ELIASI,2025-03-27,117808,1,25,0,445.0
10109748ELIASI_2025-03-27_G16,10109748ELIASI,2025-03-27,117830,1,4,0,154.0
10109748ELIASI_2025-03-27_G17,10109748ELIASI,2025-03-27,117855,1,8,0,755.0
10109748ELIASI_2025-03-27_G18,10109748ELIASI,2025-03-27,109647,1,4,0,123.0
10109748ELIASI_2025-03-27_G19,10109748ELIASI,2025-03-27,117830,1,3,0,152.0
10109748ELIASI_2025-03-27_G20,10109748ELIASI,2025-03-27,111602,1,1,0,186.0
10109748ELIASI_2025-03-27_G21,10109748ELIASI,2025-03-27,117855,1,2,0,80.0
10109748ELIASI_2025-03-27_G22,10109748ELIASI,2025-03-27,111530,1,1,0,90.0
10109748ELIASI_2025-03-27_G23,10109748ELIASI,2025-03-27,111463,2,3,16,124.0
10109748ELIASI_2025-03-27_G24,10109748ELIASI,2025-03-27,111418,1,2,0,149.0
10109748ELIASI_2025-03-27_G26,10109748ELIASI,2025-03-27,117808,1,2,0,141.0
10109748ELIASI_2025-03-27_G27,10109748ELIASI,2025-03-27,110372,1,3,0,115.0
10109748ELIASI_2025-03-27_G28,10109748ELIASI,2025-03-27,111430,1,2,0,166.0
10109748ELIASI_2025-03-27_G29,10109748ELIASI,2025-03-27,110747,1,3,0,224.0
10109748ELIASI_2025-03-27_G30,10109748ELIASI,2025-03-27,118290,1,1,0,256.0
10109748ELIASI_2025-03-27_G31,10109748ELIASI,2025-03-27,100334,1,1,0,81.0
10109748ELIASI_2025-03-27_G32,10109748ELIASI,2025-03-27,111348,1,1,0,222.0
10109748ELIASI_2025-03-27_G33,10109748ELIASI,2025-03-27,111463,1,2,0,183.0
10109748ELIASI_2025-03-27_G34,10109748ELIASI,2025-03-27,118140,1,1,0,52.0
10109748ELIASI_2025-03-27_G35,10109748ELIASI,2025-03-27,117785,1,1,0,144.0
10109748ELIASI_2025-03-27_G36,10109748ELIASI,2025-03-27,117821,1,5,0,189.0
10109748ELIASI_2025-03-27_G37,10109748ELIASI,2025-03-27,117808,1,4,0,208.0
10109748ELIASI_2025-03-27_G38,10109748ELIASI,2025-03-27,110371,1,7,0,89.0
10109748ELIASI_2025-03-27_G39,10109748ELIASI,2025-03-27,110374,1,9,0,222.0
10109748ELIASI_2025-03-27_G40,10109748ELIASI,2025-03-27,110747,1,2,0,537.0
10109748ELIASI_2025-03-27_G41,10109748ELIASI,2025-03-27,109937,1,10,0,854.0
10109748ELIASI_2025-03-27_G42,10109748ELIASI,2025-03-27,117855,1,1,0,137.0
10109748ELIASI_2025-03-27_G43,10109748ELIASI,2025-03-27,111463,1,6,0,290.0
10109748ELIASI_2025-03-27_G44,10109748ELIASI,2025-03-27,118140,1,3,0,104.0
10109748ELIASI_2025-03-27_G45,10109748ELIASI,2025-03-27,111466,1,2,0,117.0
10109748ELIASI_2025-03-27_G46,10109748ELIASI,2025-03-27,111418,1,7,0,193.0
10109748ELIASI_2025-03-27_G47,10109748ELIASI,2025-03-27,111469,1,7,0,141.0
10109748ELIASI_2025-03-27_G48,10109748ELIASI,2025-03-27,109643,1,3,0,173.0
10109748ELIASI_2025-03-27_G49,10109748ELIASI,2025-03-27,117808,1,8,0,83.0
10109748ELIASI_2025-03-27_G50,10109748ELIASI,2025-03-27,110371,1,2,0,100.0
10109748ELIASI_2025-03-27_G51,10109748ELIASI,2025-03-27,117830,1,5,0,111.0
10109748ELIASI_2025-03-27_G52,10109748ELIASI,2025-03-27,117820,1,4,0,96.0
10109748ELIASI_2025-03-27_G53,10109748ELIASI,2025-03-27,117832,1,4,0,451.0
10109748ELIASI_2025-03-27_G54,10109748ELIASI,2025-03-27,110372,1,13,0,212.0
10109748ELIASI_2025-03-27_G55,10109748ELIASI,2025-03-27,110374,1,2,0,135.0
10109748ELIASI_2025-03-27_G56,10109748ELIASI,2025-03-27,118290,1,2,0,552.0
10109748ELIASI_2025-03-27_G57,10109748ELIASI,2025-03-27,118140,1,3,0,164.0
10109748ELIASI_2025-03-27_G58,10109748ELIASI,2025-03-27,111418,1,2,0,1320.0
10109748ELIASI_2025-03-27_G59,10109748ELIASI,2025-03-27,111418,1,4,0,60.0
10109748ELIASI_2025-03-27_G60,10109748ELIASI,2025-03-27,108711,1,4,0,100.0
10109748ELIASI_2025-03-27_G61,10109748ELIASI,2025-03-27,111469,1,4,0,82.0
10109748ELIASI_2025-03-27_G62,10109748ELIASI,2025-03-27,110373,1,1,0,86.0
10109748ELIASI_2025-03-27_G63,10109748ELIASI,2025-03-27,110371,1,3,0,107.0
10109748ELIASI_2025-03-27_G64,10109748ELIASI,2025-03-27,110374,1,1,0,96.0
10109748ELIASI_2025-03-27_G65,10109748ELIASI,2025-03-27,111569,1,1,0,162.0
10109748ELIASI_2025-03-27_G66,10109748ELIASI,2025-03-27,110515,1,1,0,104.0
10109748ELIASI_2025-03-27_G67,10109748ELIASI,2025-03-27,111418,1,4,0,76.0
10109748ELIASI_2025-03-27_G68,10109748ELIASI,2025-03-27,111469,1,2,0,54.0
10109748ELIASI_2025-03-27_G69,10109748ELIASI,2025-03-27,117785,1,2,0,128.0
10109748ELIASI_2025-03-27_G70,10109748ELIASI,2025-03-27,110373,1,4,0,150.0
10109748ELIASI_2025-03-27_G71,10109748ELIASI,2025-03-27,110371,1,6,0,159.0
10109748ELIASI_2025-03-27_G72,10109748ELIASI,2025-03-27,110374,1,3,0,142.0
10109748ELIASI_2025-03-28_G02,10109748ELIASI,2025-03-28,111443,1,20,0,1568.0
10109748ELIASI_2025-03-28_G03,10109748ELIASI,2025-03-28,111348,1,70,0,384.0
10109748ELIASI_2025-03-28_G04,10109748ELIASI,2025-03-28,111462,1,150,0,864.0
10109748ELIASI_2025-03-28_G05,10109748ELIASI,2025-03-28,111469,1,123,0,771.0
10109748ELIASI_2025-03-28_G06,10109748ELIASI,2025-03-28,110376,1,150,0,585.0
10109748ELIASI_2025-03-28_G07,10109748ELIASI,2025-03-28,117808,1,120,0,386.0
10109748ELIASI_2025-03-28_G08,10109748ELIASI,2025-03-28,117820,1,100,0,467.0
10109748ELIASI_2025-03-28_G09,10109748ELIASI,2025-03-28,110373,1,200,0,637.0
10109748ELIASI_2025-03-28_G10,10109748ELIASI,2025-03-28,110372,1,150,0,585.0
10109748ELIASI_2025-03-28_G11,10109748ELIASI,2025-03-28,110375,1,80,0,257.0
10109748ELIASI_2025-03-28_G13,10109748ELIASI,2025-03-28,111418,1,20,0,793.0
10109748ELIASI_2025-03-28_G14,10109748ELIASI,2025-03-28,111469,1,40,0,581.0
10109748ELIASI_2025-03-28_G15,10109748ELIASI,2025-03-28,111465,1,30,0,974.0
10109748ELIASI_2025-03-28_G16,10109748ELIASI,2025-03-28,110373,1,50,0,968.0
10109748ELIASI_2025-03-28_G17,10109748ELIASI,2025-03-28,118251,1,50,0,2711.0
10109748ELIASI_2025-04-01_G02,10109748ELIASI,2025-04-01,111441,1,8,0,255.0
10109748ELIASI_2025-04-01_G03,10109748ELIASI,2025-04-01,111569,1,83,0,543.0
10109748ELIASI_2025-04-01_G04,10109748ELIASI,2025-04-01,111569,1,117,0,545.0
10109748ELIASI_2025-04-01_G06,10109748ELIASI,2025-04-01,109641,1,75,0,240.0
10109748ELIASI_2025-04-02_G02,10109748ELIASI,2025-04-02,118306,1,126,0,654.0
10109748ELIASI_2025-04-03_G02,10109748ELIASI,2025-04-03,109747,1,180,0,1735.0
10109748ELIASI_2025-04-03_G03,10109748ELIASI,2025-04-03,118330,1,70,0,1544.0
10109748ELIASI_2025-04-03_G04,10109748ELIASI,2025-04-03,110895,1,20,0,1257.0
10109748ELIASI_2025-04-03_G05,10109748ELIASI,2025-04-03,111466,1,751,0,1076.0
10109748ELIASI_2025-04-07_G02,10109748ELIASI,2025-04-07,111467,1,17,0,288.0
10109748ELIASI_2025-04-07_G03,10109748ELIASI,2025-04-07,116241,1,2,0,680.0
10109748ELIASI_2025-04-07_G04,10109748ELIASI,2025-04-07,117787,1,11,0,217.0
10109748ELIASI_2025-04-07_G05,10109748ELIASI,2025-04-07,111438,1,4,0,473.0
10109748ELIASI_2025-04-07_G06,10109748ELIASI,2025-04-07,100334,1,3,0,228.0
10109748ELIASI_2025-04-07_G07,10109748ELIASI,2025-04-07,110339,1,2,0,399.0
10109748ELIASI_2025-04-07_G08,10109748ELIASI,2025-04-07,110313,1,6,0,147.0
10109748ELIASI_2025-04-07_G09,10109748ELIASI,2025-04-07,109647,1,1,0,107.0
10109748ELIASI_2025-04-07_G10,10109748ELIASI,2025-04-07,140922,1,7,0,176.0
10109748ELIASI_2025-04-07_G11,10109748ELIASI,2025-04-07,111532,1,5,0,150.0
10109748ELIASI_2025-04-07_G12,10109748ELIASI,2025-04-07,109643,1,6,0,228.0
10109748ELIASI_2025-04-07_G13,10109748ELIASI,2025-04-07,118140,1,12,0,1384.0
10109748ELIASI_2025-04-07_G15,10109748ELIASI,2025-04-07,110373,1,60,0,691.0
10109748ELIASI_2025-04-07_G16,10109748ELIASI,2025-04-07,114097,1,1,0,261.0
10109748ELIASI_2025-04-07_G17,10109748ELIASI,2025-04-07,117862,1,4,0,108.0
10109748ELIASI_2025-04-07_G18,10109748ELIASI,2025-04-07,117855,1,2,0,180.0
10109748ELIASI_2025-04-07_G19,10109748ELIASI,2025-04-07,117861,1,2,0,79.0
10109748ELIASI_2025-04-07_G20,10109748ELIASI,2025-04-07,111469,1,4,0,163.0
10109748ELIASI_2025-04-07_G21,10109748ELIASI,2025-04-07,111418,1,8,0,181.0
10109748ELIASI_2025-04-07_G22,10109748ELIASI,2025-04-07,105705,1,4,0,314.0
10109748ELIASI_2025-04-07_G23,10109748ELIASI,2025-04-07,117808,1,16,0,541.0
10109748ELIASI_2025-04-07_G24,10109748ELIASI,2025-04-07,110372,1,1,0,70.0
10109748ELIASI_2025-04-07_G25,10109748ELIASI,2025-04-07,110752,1,4,0,2805.0
10109748ELIASI_2025-04-07_G26,10109748ELIASI,2025-04-07,117862,1,5,0,644.0
10109748ELIASI_2025-04-07_G27,10109748ELIASI,2025-04-07,105242,1,4,0,668.0
10109748ELIASI_2025-04-07_G29,10109748ELIASI,2025-04-07,110747,1,5,0,187.0
10109748ELIASI_2025-04-07_G30,10109748ELIASI,2025-04-07,118222,1,12,0,334.0
10109748ELIASI_2025-04-07_G31,10109748ELIASI,2025-04-07,118306,1,4,0,143.0
10109748ELIASI_2025-04-07_G32,10109748ELIASI,2025-04-07,160057,1,4,0,295.0
10109748ELIASI_2025-04-07_G33,10109748ELIASI,2025-04-07,100334,1,10,0,818.0
10109748ELIASI_2025-04-07_G34,10109748ELIASI,2025-04-07,111569,1,14,0,302.0
10109748ELIASI_2025-04-07_G35,10109748ELIASI,2025-04-07,110533,1,4,0,134.0
10109748ELIASI_2025-04-07_G36,10109748ELIASI,2025-04-07,117289,1,10,0,246.0
10109748ELIASI_2025-04-07_G37,10109748ELIASI,2025-04-07,109937,1,4,0,1129.0
10109748ELIASI_2025-04-07_G38,10109748ELIASI,2025-04-07,116527,1,1,0,70.0
10109748ELIASI_2025-04-07_G39,10109748ELIASI,2025-04-07,117809,1,10,0,376.0
10109748ELIASI_2025-04-07_G40,10109748ELIASI,2025-04-07,109643,1,20,0,276.0
10109748ELIASI_2025-04-07_G41,10109748ELIASI,2025-04-07,117830,1,30,0,863.0
10109748ELIASI_2025-04-07_G42,10109748ELIASI,2025-04-07,117820,1,40,0,1345.0
10109748ELIASI_2025-04-07_G43,10109748ELIASI,2025-04-07,117808,1,180,0,783.0
10109748ELIASI_2025-04-08_G02,10109748ELIASI,2025-04-08,111793,1,2,0,536.0
10109748ELIASI_2025-04-08_G03,10109748ELIASI,2025-04-08,110325,1,30,0,674.0
10109748ELIASI_2025-04-08_G04,10109748ELIASI,2025-04-08,110376,1,40,0,622.0
10109748ELIASI_2025-04-08_G05,10109748ELIASI,2025-04-08,109643,1,30,0,498.0
10109748ELIASI_2025-04-08_G06,10109748ELIASI,2025-04-08,111468,1,278,0,3555.0
10109748ELIASI_2025-04-08_G07,10109748ELIASI,2025-04-08,117861,1,650,0,1920.0
10109748ELIASI_2025-04-08_G08,10109748ELIASI,2025-04-08,111418,1,3,0,957.0
10109748ELIASI_2025-04-08_G09,10109748ELIASI,2025-04-08,117833,1,2,0,205.0
10109748ELIASI_2025-04-08_G10,10109748ELIASI,2025-04-08,111172,1,4,0,174.0
10109748ELIASI_2025-04-08_G11,10109748ELIASI,2025-04-08,117838,1,3,0,190.0
10109748ELIASI_2025-04-08_G12,10109748ELIASI,2025-04-08,110787,1,2,0,89.0
10109748ELIASI_2025-04-08_G13,10109748ELIASI,2025-04-08,117785,1,2,0,48.0
10109748ELIASI_2025-04-08_G14,10109748ELIASI,2025-04-08,111465,1,4,0,76.0
10109748ELIASI_2025-04-08_G15,10109748ELIASI,2025-04-08,111462,1,4,0,833.0
10109748ELIASI_2025-04-08_G16,10109748ELIASI,2025-04-08,111418,1,11,0,1196.0
10109748ELIASI_2025-04-08_G17,10109748ELIASI,2025-04-08,111463,1,7,0,117.0
10109748ELIASI_2025-04-08_G18,10109748ELIASI,2025-04-08,111468,1,4,0,149.0
10109748ELIASI_2025-04-08_G19,10109748ELIASI,2025-04-08,111172,1,7,0,127.0
10109748ELIASI_2025-04-08_G20,10109748ELIASI,2025-04-08,108794,1,4,0,229.0
10109748ELIASI_2025-04-08_G21,10109748ELIASI,2025-04-08,110325,1,5,0,173.0
10109748ELIASI_2025-04-08_G22,10109748ELIASI,2025-04-08,118299,1,14,0,281.0
10109748ELIASI_2025-04-08_G23,10109748ELIASI,2025-04-08,109643,1,4,0,130.0
10109748ELIASI_2025-04-08_G24,10109748ELIASI,2025-04-08,107830,1,3,0,75.0
10109748ELIASI_2025-04-08_G25,10109748ELIASI,2025-04-08,117830,1,2,0,198.0
10109748ELIASI_2025-04-08_G26,10109748ELIASI,2025-04-08,117820,1,5,0,77.0
10109748ELIASI_2025-04-08_G27,10109748ELIASI,2025-04-08,110372,1,11,0,183.0
10109748ELIASI_2025-04-08_G28,10109748ELIASI,2025-04-08,110373,1,4,0,118.0
10109748ELIASI_2025-04-08_G29,10109748ELIASI,2025-04-08,109747,1,1,0,105.0
10109748ELIASI_2025-04-08_G31,10109748ELIASI,2025-04-08,118299,1,10,0,389.0
10109748ELIASI_2025-04-08_G32,10109748ELIASI,2025-04-08,110371,1,2,0,125.0
10109748ELIASI_2025-04-08_G33,10109748ELIASI,2025-04-08,117820,1,2,0,81.0
10109748ELIASI_2025-04-08_G34,10109748ELIASI,2025-04-08,117832,1,2,0,125.0
10109748ELIASI_2025-04-08_G35,10109748ELIASI,2025-04-08,110375,1,2,0,182.0
10109748ELIASI_2025-04-08_G36,10109748ELIASI,2025-04-08,111462,1,2,0,157.0
10109748ELIASI_2025-04-08_G37,10109748ELIASI,2025-04-08,111466,1,1,0,118.0
10109748ELIASI_2025-04-08_G38,10109748ELIASI,2025-04-08,111462,1,2,0,107.0
10109748ELIASI_2025-04-08_G39,10109748ELIASI,2025-04-08,111466,1,7,0,103.0
10109748ELIASI_2025-04-08_G40,10109748ELIASI,2025-04-08,118004,1,4,0,386.0
10109748ELIASI_2025-04-08_G41,10109748ELIASI,2025-04-08,118004,1,8,0,114.0
10109748ELIASI_2025-04-08_G42,10109748ELIASI,2025-04-08,111466,1,4,0,151.0
10109748ELIASI_2025-04-08_G43,10109748ELIASI,2025-04-08,117837,1,2,0,1374.0
10109748ELIASI_2025-04-08_G44,10109748ELIASI,2025-04-08,110313,1,1,0,189.0
10109748ELIASI_2025-04-08_G45,10109748ELIASI,2025-04-08,117856,1,2,0,163.0
10109748ELIASI_2025-04-08_G46,10109748ELIASI,2025-04-08,111462,1,4,0,172.0
10109748ELIASI_2025-04-08_G47,10109748ELIASI,2025-04-08,111418,1,10,0,238.0
10109748ELIASI_2025-04-08_G48,10109748ELIASI,2025-04-08,110745,1,4,0,206.0
10109748ELIASI_2025-04-08_G49,10109748ELIASI,2025-04-08,110372,1,12,0,316.0
10109748ELIASI_2025-04-08_G50,10109748ELIASI,2025-04-08,109643,1,8,0,201.0
10109748ELIASI_2025-04-08_G51,10109748ELIASI,2025-04-08,117808,1,20,0,254.0
10109748ELIASI_2025-04-08_G52,10109748ELIASI,2025-04-08,111418,1,5,0,189.0
10109748ELIASI_2025-04-08_G53,10109748ELIASI,2025-04-08,140922,1,4,0,78.0
10109748ELIASI_2025-04-08_G54,10109748ELIASI,2025-04-08,109641,1,4,0,152.0
10109748ELIASI_2025-04-09_G02,10109748ELIASI,2025-04-09,111439,1,196,0,1068.0
10109748ELIASI_2025-04-09_G03,10109748ELIASI,2025-04-09,108794,1,312,0,1170.0
10109748ELIASI_2025-04-09_G04,10109748ELIASI,2025-04-09,117831,1,25,0,1221.0
10109748ELIASI_2025-04-09_G05,10109748ELIASI,2025-04-09,111469,1,35,0,1938.0
10109748ELIASI_2025-04-09_G06,10109748ELIASI,2025-04-09,111463,1,20,0,736.0
10109748ELIASI_2025-04-09_G07,10109748ELIASI,2025-04-09,111466,1,13,0,151.0
10109748ELIASI_2025-04-09_G08,10109748ELIASI,2025-04-09,116241,1,8,0,539.0
10109748ELIASI_2025-04-09_G09,10109748ELIASI,2025-04-09,117785,1,28,0,389.0
10109748ELIASI_2025-04-09_G10,10109748ELIASI,2025-04-09,111465,1,27,0,314.0
10109748ELIASI_2025-04-09_G11,10109748ELIASI,2025-04-09,117785,1,12,0,262.0
10109748ELIASI_2025-04-09_G12,10109748ELIASI,2025-04-09,111467,1,20,0,431.0
10109748ELIASI_2025-04-09_G13,10109748ELIASI,2025-04-09,111876,1,3,0,184.0
10109748ELIASI_2025-04-09_G14,10109748ELIASI,2025-04-09,111850,1,10,0,711.0
10109748ELIASI_2025-04-09_G15,10109748ELIASI,2025-04-09,111530,1,8,0,211.0
10109748ELIASI_2025-04-09_G16,10109748ELIASI,2025-04-09,109641,1,6,0,522.0
10109748ELIASI_2025-04-09_G17,10109748ELIASI,2025-04-09,117787,1,16,0,470.0
10109748ELIASI_2025-04-09_G18,10109748ELIASI,2025-04-09,105705,1,21,0,3556.0
10109748ELIASI_2025-04-09_G19,10109748ELIASI,2025-04-09,116241,1,15,0,393.0
10109748ELIASI_2025-04-09_G21,10109748ELIASI,2025-04-09,110740,2,11,7,207.0
10109748ELIASI_2025-04-09_G22,10109748ELIASI,2025-04-09,140922,1,6,0,153.0
10109748ELIASI_2025-04-09_G23,10109748ELIASI,2025-04-09,118317,1,12,0,185.0
10109748ELIASI_2025-04-09_G24,10109748ELIASI,2025-04-09,111465,1,7,0,320.0
10109748ELIASI_2025-04-09_G25,10109748ELIASI,2025-04-09,110339,1,20,0,672.0
10109748ELIASI_2025-04-09_G26,10109748ELIASI,2025-04-09,117855,1,24,0,565.0
10109748ELIASI_2025-04-09_G27,10109748ELIASI,2025-04-09,111439,1,4,0,151.0
10109748ELIASI_2025-04-09_G28,10109748ELIASI,2025-04-09,111602,1,30,0,342.0
10109748ELIASI_2025-04-09_G29,10109748ELIASI,2025-04-09,110755,1,1,0,514.0
10109748ELIASI_2025-04-09_G30,10109748ELIASI,2025-04-09,110755,1,12,0,276.0
10109748ELIASI_2025-04-09_G31,10109748ELIASI,2025-04-09,110755,1,2,0,42.0
10109748ELIASI_2025-04-09_G32,10109748ELIASI,2025-04-09,110895,1,4,0,160.0
10109748ELIASI_2025-04-09_G33,10109748ELIASI,2025-04-09,118290,1,4,0,412.0
10109748ELIASI_2025-04-10_G02,10109748ELIASI,2025-04-10,118222,1,4,0,208.0
10109748ELIASI_2025-04-10_G03,10109748ELIASI,2025-04-10,160057,1,6,0,229.0
10109748ELIASI_2025-04-10_G04,10109748ELIASI,2025-04-10,110895,1,2,0,104.0
10109748ELIASI_2025-04-10_G05,10109748ELIASI,2025-04-10,107629,2,6,8,142.0
10109748ELIASI_2025-04-10_G06,10109748ELIASI,2025-04-10,117855,1,4,0,184.0
10109748ELIASI_2025-04-10_G07,10109748ELIASI,2025-04-10,117786,1,4,0,725.0
10109748ELIASI_2025-04-10_G08,10109748ELIASI,2025-04-10,111602,1,8,0,292.0
10109748ELIASI_2025-04-10_G09,10109748ELIASI,2025-04-10,110372,1,6,0,532.0
10109748ELIASI_2025-04-10_G10,10109748ELIASI,2025-04-10,118299,1,30,0,813.0
10109748ELIASI_2025-04-10_G11,10109748ELIASI,2025-04-10,118299,1,36,0,345.0
10109748ELIASI_2025-04-10_G12,10109748ELIASI,2025-04-10,117809,1,8,0,205.0
10109748ELIASI_2025-04-10_G13,10109748ELIASI,2025-04-10,110371,1,22,0,1418.0
10109748ELIASI_2025-04-10_G14,10109748ELIASI,2025-04-10,117830,2,14,11,548.0
10109748ELIASI_2025-04-10_G15,10109748ELIASI,2025-04-10,117820,3,50,32,318.0
10109748ELIASI_2025-04-10_G16,10109748ELIASI,2025-04-10,110375,1,2,0,450.0
10109748ELIASI_2025-04-10_G17,10109748ELIASI,2025-04-10,110740,2,12,8,356.0
10109748ELIASI_2025-04-10_G18,10109748ELIASI,2025-04-10,111469,1,8,0,230.0
10109748ELIASI_2025-04-10_G19,10109748ELIASI,2025-04-10,111446,1,2,0,74.0
10109748ELIASI_2025-04-10_G20,10109748ELIASI,2025-04-10,111418,1,14,0,403.0
10109748ELIASI_2025-04-10_G21,10109748ELIASI,2025-04-10,111532,1,2,0,272.0
10109748ELIASI_2025-04-10_G22,10109748ELIASI,2025-04-10,117833,1,2,0,74.0
10109748ELIASI_2025-04-10_G23,10109748ELIASI,2025-04-10,109645,1,4,0,108.0
10109748ELIASI_2025-04-10_G24,10109748ELIASI,2025-04-10,108794,1,6,0,143.0
10109748ELIASI_2025-04-10_G25,10109748ELIASI,2025-04-10,110745,1,8,0,120.0
10109748ELIASI_2025-04-10_G26,10109748ELIASI,2025-04-10,105705,1,2,0,412.0
10109748ELIASI_2025-04-10_G27,10109748ELIASI,2025-04-10,117821,1,4,0,77.0
10109748ELIASI_2025-04-10_G28,10109748ELIASI,2025-04-10,117785,1,6,0,155.0
10109748ELIASI_2025-04-10_G29,10109748ELIASI,2025-04-10,111532,1,10,0,194.0
10109748ELIASI_2025-04-10_G30,10109748ELIASI,2025-04-10,117831,1,10,0,97.0
10109748ELIASI_2025-04-10_G31,10109748ELIASI,2025-04-10,117831,1,12,0,284.0
10109748ELIASI_2025-04-10_G32,10109748ELIASI,2025-04-10,117808,1,30,0,479.0
10109748ELIASI_2025-04-10_G33,10109748ELIASI,2025-04-10,117808,1,20,0,290.0
10109748ELIASI_2025-04-10_G35,10109748ELIASI,2025-04-10,110373,1,37,0,2221.0
10109748ELIASI_2025-04-10_G36,10109748ELIASI,2025-04-10,117830,1,23,0,450.0
10109748ELIASI_2025-04-10_G37,10109748ELIASI,2025-04-10,111442,1,4,0,133.0
10109748ELIASI_2025-04-10_G38,10109748ELIASI,2025-04-10,118317,1,13,0,425.0
10109748ELIASI_2025-04-10_G39,10109748ELIASI,2025-04-10,110787,1,2,0,143.0
10109748ELIASI_2025-04-10_G40,10109748ELIASI,2025-04-10,111532,1,30,0,712.0
10109748ELIASI_2025-04-11_G02,10109748ELIASI,2025-04-11,117808,1,500,0,1911.0
10109748ELIASI_2025-04-11_G03,10109748ELIASI,2025-04-11,117808,1,181,0,1813.0
10109748ELIASI_2025-04-11_G04,10109748ELIASI,2025-04-11,117855,1,24,0,1855.0
10109748ELIASI_2025-04-11_G05,10109748ELIASI,2025-04-11,110752,1,10,0,531.0
10109748ELIASI_2025-04-11_G06,10109748ELIASI,2025-04-11,111467,1,60,0,591.0
10109748ELIASI_2025-04-11_G07,10109748ELIASI,2025-04-11,110339,1,10,0,522.0
10109748ELIASI_2025-04-11_G08,10109748ELIASI,2025-04-11,110374,1,5,0,720.0
10109748ELIASI_2025-04-11_G09,10109748ELIASI,2025-04-11,118299,1,6,0,174.0
10109748ELIASI_2025-04-11_G10,10109748ELIASI,2025-04-11,110373,1,4,0,168.0
10109748ELIASI_2025-04-11_G11,10109748ELIASI,2025-04-11,117820,1,6,0,165.0
10109748ELIASI_2025-04-11_G12,10109748ELIASI,2025-04-11,117808,1,20,0,190.0
10109748ELIASI_2025-04-11_G13,10109748ELIASI,2025-04-11,110372,1,4,0,173.0
10109748ELIASI_2025-04-11_G14,10109748ELIASI,2025-04-11,111466,1,1,0,104.0
10109748ELIASI_2025-04-11_G15,10109748ELIASI,2025-04-11,117785,1,1,0,70.0
10109748ELIASI_2025-04-11_G16,10109748ELIASI,2025-04-11,110787,1,8,0,168.0
10109748ELIASI_2025-04-11_G17,10109748ELIASI,2025-04-11,117821,1,3,0,52.0
10109748ELIASI_2025-04-11_G18,10109748ELIASI,2025-04-11,111467,1,4,0,126.0
10109748ELIASI_2025-04-11_G19,10109748ELIASI,2025-04-11,110711,1,6,0,136.0
10109748ELIASI_2025-04-11_G20,10109748ELIASI,2025-04-11,110376,1,4,0,402.0
10109748ELIASI_2025-04-11_G21,10109748ELIASI,2025-04-11,110374,1,4,0,188.0
10109748ELIASI_2025-04-11_G22,10109748ELIASI,2025-04-11,118299,2,7,13,95.0
10109748ELIASI_2025-04-11_G23,10109748ELIASI,2025-04-11,110373,1,2,0,364.0
10109748ELIASI_2025-04-11_G24,10109748ELIASI,2025-04-11,110371,1,9,0,273.0
10109748ELIASI_2025-04-11_G25,10109748ELIASI,2025-04-11,117820,1,6,0,232.0
10109748ELIASI_2025-04-11_G26,10109748ELIASI,2025-04-11,117808,1,28,0,481.0
10109748ELIASI_2025-04-11_G27,10109748ELIASI,2025-04-11,110372,1,4,0,137.0
10109748ELIASI_2025-04-11_G28,10109748ELIASI,2025-04-11,117832,1,8,0,203.0
10109748ELIASI_2025-04-11_G29,10109748ELIASI,2025-04-11,110372,1,18,0,126.0
10109748ELIASI_2025-04-11_G30,10109748ELIASI,2025-04-11,111469,1,2,0,118.0
10109748ELIASI_2025-04-11_G31,10109748ELIASI,2025-04-11,111469,1,3,0,43.0
10109748ELIASI_2025-04-11_G32,10109748ELIASI,2025-04-11,118140,1,4,0,224.0
10109748ELIASI_2025-04-11_G33,10109748ELIASI,2025-04-11,118004,1,12,0,397.0
10109748ELIASI_2025-04-11_G34,10109748ELIASI,2025-04-11,111463,2,3,8,62.0
10109748ELIASI_2025-04-11_G35,10109748ELIASI,2025-04-11,117785,1,7,0,207.0
10109748ELIASI_2025-04-11_G36,10109748ELIASI,2025-04-11,110787,1,8,0,159.0
10109748ELIASI_2025-04-11_G37,10109748ELIASI,2025-04-11,110787,1,7,0,84.0
10109748ELIASI_2025-04-11_G38,10109748ELIASI,2025-04-11,111418,1,20,0,289.0
10109748ELIASI_2025-04-11_G39,10109748ELIASI,2025-04-11,118299,1,4,0,2947.0
10109748ELIASI_2025-04-11_G40,10109748ELIASI,2025-04-11,118140,1,6,0,955.0
10109748ELIASI_2025-04-11_G41,10109748ELIASI,2025-04-11,118004,1,2,0,78.0
10109748ELIASI_2025-04-11_G42,10109748ELIASI,2025-04-11,111463,1,2,0,252.0
10109748ELIASI_2025-04-11_G43,10109748ELIASI,2025-04-11,111463,1,4,0,128.0
10109748ELIASI_2025-04-11_G44,10109748ELIASI,2025-04-11,111466,1,4,0,40.0
10109748ELIASI_2025-04-11_G45,10109748ELIASI,2025-04-11,111466,1,4,0,65.0
10109748ELIASI_2025-04-11_G46,10109748ELIASI,2025-04-11,110752,2,13,9,126.0
10109748ELIASI_2025-04-11_G47,10109748ELIASI,2025-04-11,111438,1,2,0,188.0
10109748ELIASI_2025-04-11_G48,10109748ELIASI,2025-04-11,111569,1,4,0,136.0
10109748ELIASI_2025-04-11_G49,10109748ELIASI,2025-04-11,110371,1,54,0,257.0
10109748ELIASI_2025-04-11_G50,10109748ELIASI,2025-04-11,117808,1,350,0,943.0
10109748ELIASI_2025-04-11_G51,10109748ELIASI,2025-04-11,110372,1,100,0,304.0
10109748ELIASI_2025-04-11_G53,10109748ELIASI,2025-04-11,111438,1,5,0,432.0
10109748ELIASI_2025-04-11_G54,10109748ELIASI,2025-04-11,111467,1,4,0,330.0
10109748ELIASI_2025-04-11_G55,10109748ELIASI,2025-04-11,111466,1,10,0,198.0
10109748ELIASI_2025-04-11_G56,10109748ELIASI,2025-04-11,111442,1,2,0,201.0
10109748ELIASI_2025-04-11_G57,10109748ELIASI,2025-04-11,107830,1,4,0,654.0
10109748ELIASI_2025-04-11_G58,10109748ELIASI,2025-04-11,110371,1,2,0,195.0
10109748ELIASI_2025-04-11_G59,10109748ELIASI,2025-04-11,111469,1,23,0,334.0
10109748ELIASI_2025-04-12_G02,10109748ELIASI,2025-04-12,116241,1,4,0,284.0
10109748ELIASI_2025-04-12_G03,10109748ELIASI,2025-04-12,140911,1,4,0,242.0
10109748ELIASI_2025-04-12_G04,10109748ELIASI,2025-04-12,110733,1,4,0,152.0
10109748ELIASI_2025-04-12_G05,10109748ELIASI,2025-04-12,111532,1,4,0,600.0
10109748ELIASI_2025-04-12_G06,10109748ELIASI,2025-04-12,111532,1,8,0,117.0
10109748ELIASI_2025-04-12_G07,10109748ELIASI,2025-04-12,110371,1,4,0,216.0
10109748ELIASI_2025-04-12_G08,10109748ELIASI,2025-04-12,117855,1,60,0,2338.0
10109748ELIASI_2025-04-12_G09,10109748ELIASI,2025-04-12,111439,1,4,0,757.0
10109748ELIASI_2025-04-12_G10,10109748ELIASI,2025-04-12,111876,1,5,0,96.0
10109748ELIASI_2025-04-12_G11,10109748ELIASI,2025-04-12,116241,1,14,0,210.0
10109748ELIASI_2025-04-12_G12,10109748ELIASI,2025-04-12,109641,1,7,0,158.0
10109748ELIASI_2025-04-12_G13,10109748ELIASI,2025-04-12,108794,1,40,0,470.0
10109748ELIASI_2025-04-12_G14,10109748ELIASI,2025-04-12,110581,1,4,0,347.0
10109748ELIASI_2025-04-12_G15,10109748ELIASI,2025-04-12,111876,1,2,0,117.0
10109748ELIASI_2025-04-12_G16,10109748ELIASI,2025-04-12,110515,1,10,0,1032.0
10109748ELIASI_2025-04-12_G17,10109748ELIASI,2025-04-12,111532,1,11,0,325.0
10109748ELIASI_2025-04-12_G18,10109748ELIASI,2025-04-12,117786,1,12,0,291.0
10109748ELIASI_2025-04-12_G19,10109748ELIASI,2025-04-12,110515,1,20,0,295.0
10109748ELIASI_2025-04-12_G20,10109748ELIASI,2025-04-12,111466,1,6,0,157.0
10109748ELIASI_2025-04-12_G21,10109748ELIASI,2025-04-12,111348,1,4,0,175.0
10109748ELIASI_2025-04-12_G22,10109748ELIASI,2025-04-12,109645,1,8,0,205.0
10109748ELIASI_2025-04-12_G23,10109748ELIASI,2025-04-12,111462,1,14,0,811.0
10109748ELIASI_2025-04-12_G24,10109748ELIASI,2025-04-12,110787,1,30,0,358.0
10109748ELIASI_2025-04-12_G25,10109748ELIASI,2025-04-12,111463,1,30,0,502.0
10109748ELIASI_2025-04-12_G26,10109748ELIASI,2025-04-12,110325,1,3,0,122.0
10109748ELIASI_2025-04-12_G27,10109748ELIASI,2025-04-12,110374,1,4,0,73.0
10109748ELIASI_2025-04-12_G28,10109748ELIASI,2025-04-12,107830,1,10,0,305.0
10109748ELIASI_2025-04-12_G29,10109748ELIASI,2025-04-12,107830,1,4,0,213.0
10109748ELIASI_2025-04-12_G30,10109748ELIASI,2025-04-12,110371,1,4,0,62.0
10109748ELIASI_2025-04-12_G31,10109748ELIASI,2025-04-12,110371,1,60,0,763.0
10109748ELIASI_2025-04-12_G32,10109748ELIASI,2025-04-12,110373,1,20,0,284.0
10109748ELIASI_2025-04-12_G33,10109748ELIASI,2025-04-12,109643,1,30,0,856.0
10109748ELIASI_2025-04-12_G34,10109748ELIASI,2025-04-12,118299,1,30,0,395.0
10109748ELIASI_2025-04-12_G35,10109748ELIASI,2025-04-12,117831,1,3,0,324.0
10109748ELIASI_2025-04-12_G36,10109748ELIASI,2025-04-12,111469,1,6,0,87.0
10109748ELIASI_2025-04-12_G37,10109748ELIASI,2025-04-12,111532,1,24,0,324.0
10109748ELIASI_2025-04-12_G38,10109748ELIASI,2025-04-12,111172,1,5,0,85.0
10109748ELIASI_2025-04-12_G39,10109748ELIASI,2025-04-12,111172,1,3,0,55.0
10109748ELIASI_2025-04-12_G40,10109748ELIASI,2025-04-12,110755,2,9,24,139.0
10109748ELIASI_2025-04-12_G41,10109748ELIASI,2025-04-12,100334,1,2,0,105.0
10109748ELIASI_2025-04-12_G43,10109748ELIASI,2025-04-12,110740,1,12,0,345.0
10109748ELIASI_2025-04-12_G44,10109748ELIASI,2025-04-12,108795,1,4,0,62.0
10109748ELIASI_2025-04-12_G45,10109748ELIASI,2025-04-12,108795,1,4,0,47.0
10109748ELIASI_2025-04-12_G46,10109748ELIASI,2025-04-12,108795,1,12,0,97.0
10109748ELIASI_2025-04-12_G47,10109748ELIASI,2025-04-12,111469,1,16,0,295.0
10109748ELIASI_2025-04-12_G48,10109748ELIASI,2025-04-12,111469,1,4,0,121.0
10109748ELIASI_2025-04-12_G49,10109748ELIASI,2025-04-12,111468,1,3,0,113.0
10109748ELIASI_2025-04-12_G50,10109748ELIASI,2025-04-12,109641,1,14,0,443.0
10109748ELIASI_2025-04-12_G51,10109748ELIASI,2025-04-12,109645,1,14,0,213.0
10109748ELIASI_2025-04-12_G52,10109748ELIASI,2025-04-12,108794,1,22,0,280.0
10109748ELIASI_2025-04-12_G53,10109748ELIASI,2025-04-12,111763,1,4,0,75.0
10109748ELIASI_2025-04-12_G54,10109748ELIASI,2025-04-12,111763,1,2,0,37.0
10109748ELIASI_2025-04-12_G55,10109748ELIASI,2025-04-12,110748,1,8,0,182.0
10109748ELIASI_2025-04-12_G56,10109748ELIASI,2025-04-12,117785,1,40,0,618.0
10109748ELIASI_2025-04-12_G57,10109748ELIASI,2025-04-12,117935,1,14,0,201.0
10109748ELIASI_2025-04-14_G02,10109748ELIASI,2025-04-14,110313,1,8,0,477.0
10109748ELIASI_2025-04-14_G03,10109748ELIASI,2025-04-14,140922,1,8,0,391.0
10109748ELIASI_2025-04-14_G04,10109748ELIASI,2025-04-14,111441,1,1,0,241.0
10109748ELIASI_2025-04-14_G05,10109748ELIASI,2025-04-14,111441,1,3,0,511.0
10109748ELIASI_2025-04-14_G06,10109748ELIASI,2025-04-14,118140,1,4,0,157.0
10109748ELIASI_2025-04-14_G07,10109748ELIASI,2025-04-14,111602,1,1,0,409.0
10109748ELIASI_2025-04-14_G08,10109748ELIASI,2025-04-14,117862,1,2,0,446.0
10109748ELIASI_2025-04-14_G09,10109748ELIASI,2025-04-14,107629,1,1,0,44.0
10109748ELIASI_2025-04-14_G10,10109748ELIASI,2025-04-14,110733,1,4,0,133.0
10109748ELIASI_2025-04-14_G11,10109748ELIASI,2025-04-14,117855,1,2,0,80.0
10109748ELIASI_2025-04-14_G12,10109748ELIASI,2025-04-14,109640,1,5,0,121.0
10109748ELIASI_2025-04-14_G13,10109748ELIASI,2025-04-14,110740,1,2,0,1459.0
10109748ELIASI_2025-04-14_G14,10109748ELIASI,2025-04-14,140922,1,5,0,362.0
10109748ELIASI_2025-04-14_G15,10109748ELIASI,2025-04-14,117831,1,4,0,292.0
10109748ELIASI_2025-04-14_G16,10109748ELIASI,2025-04-14,111469,1,10,0,242.0
10109748ELIASI_2025-04-14_G17,10109748ELIASI,2025-04-14,111418,1,6,0,125.0
10109748ELIASI_2025-04-14_G18,10109748ELIASI,2025-04-14,"111466, 111743",2,17,16,254.0
10109748ELIASI_2025-04-14_G19,10109748ELIASI,2025-04-14,111532,1,4,0,112.0
10109748ELIASI_2025-04-14_G20,10109748ELIASI,2025-04-14,118223,1,4,0,158.0
10109748ELIASI_2025-04-14_G21,10109748ELIASI,2025-04-14,105705,1,1,0,543.0
10109748ELIASI_2025-04-14_G22,10109748ELIASI,2025-04-14,110787,1,4,0,159.0
10109748ELIASI_2025-04-14_G23,10109748ELIASI,2025-04-14,117820,1,1,0,374.0
10109748ELIASI_2025-04-14_G24,10109748ELIASI,2025-04-14,118299,1,16,0,182.0
10109748ELIASI_2025-04-14_G25,10109748ELIASI,2025-04-14,117809,1,12,0,180.0
10109748ELIASI_2025-04-14_G26,10109748ELIASI,2025-04-14,110372,1,7,0,142.0
10109748ELIASI_2025-04-14_G27,10109748ELIASI,2025-04-14,117832,1,3,0,42.0
10109748ELIASI_2025-04-14_G28,10109748ELIASI,2025-04-14,117820,1,2,0,133.0
10109748ELIASI_2025-04-14_G29,10109748ELIASI,2025-04-14,117808,1,3,0,70.0
10109748ELIASI_2025-04-14_G30,10109748ELIASI,2025-04-14,118299,1,4,0,81.0
10109748ELIASI_2025-04-14_G31,10109748ELIASI,2025-04-14,110371,1,2,0,130.0
10109748ELIASI_2025-04-14_G32,10109748ELIASI,2025-04-14,110372,1,4,0,113.0
10109748ELIASI_2025-04-14_G33,10109748ELIASI,2025-04-14,111465,1,2,0,78.0
10109748ELIASI_2025-04-14_G34,10109748ELIASI,2025-04-14,140922,1,2,0,159.0
10109748ELIASI_2025-04-14_G35,10109748ELIASI,2025-04-14,111602,1,13,0,866.0
10109748ELIASI_2025-04-14_G36,10109748ELIASI,2025-04-14,141313,1,4,0,128.0
10109748ELIASI_2025-04-14_G37,10109748ELIASI,2025-04-14,115775,1,4,0,190.0
10109748ELIASI_2025-04-14_G38,10109748ELIASI,2025-04-14,110371,1,4,0,73.0
10109748ELIASI_2025-04-14_G39,10109748ELIASI,2025-04-14,117808,1,20,0,300.0
10109748ELIASI_2025-04-14_G40,10109748ELIASI,2025-04-14,105705,1,10,0,508.0
10109748ELIASI_2025-04-14_G41,10109748ELIASI,2025-04-14,110313,1,2,0,318.0
10109748ELIASI_2025-04-14_G42,10109748ELIASI,2025-04-14,111602,1,2,0,196.0
10109748ELIASI_2025-04-14_G43,10109748ELIASI,2025-04-14,118140,1,8,0,559.0
10109748ELIASI_2025-04-14_G44,10109748ELIASI,2025-04-14,111462,1,4,0,256.0
10109748ELIASI_2025-04-15_G02,10109748ELIASI,2025-04-15,109937,1,4,0,187.0
10109748ELIASI_2025-04-15_G03,10109748ELIASI,2025-04-15,111467,1,8,0,485.0
10109748ELIASI_2025-04-15_G04,10109748ELIASI,2025-04-15,118298,1,6,0,305.0
10109748ELIASI_2025-04-15_G05,10109748ELIASI,2025-04-15,117862,1,18,0,483.0
10109748ELIASI_2025-04-15_G06,10109748ELIASI,2025-04-15,107629,1,1,0,56.0
10109748ELIASI_2025-04-15_G07,10109748ELIASI,2025-04-15,110339,1,8,0,160.0
10109748ELIASI_2025-04-15_G08,10109748ELIASI,2025-04-15,117861,1,6,0,1857.0
10109748ELIASI_2025-04-15_G09,10109748ELIASI,2025-04-15,117786,1,1,0,105.0
10109748ELIASI_2025-04-15_G10,10109748ELIASI,2025-04-15,117856,1,8,0,157.0
10109748ELIASI_2025-04-15_G11,10109748ELIASI,2025-04-15,117788,1,2,0,467.0
10109748ELIASI_2025-04-15_G12,10109748ELIASI,2025-04-15,110711,1,10,0,175.0
10109748ELIASI_2025-04-15_G13,10109748ELIASI,2025-04-15,105705,1,28,0,683.0
10109748ELIASI_2025-04-15_G14,10109748ELIASI,2025-04-15,117821,1,5,0,203.0
10109748ELIASI_2025-04-15_G15,10109748ELIASI,2025-04-15,111418,1,6,0,131.0
10109748ELIASI_2025-04-15_G16,10109748ELIASI,2025-04-15,111463,1,20,0,276.0
10109748ELIASI_2025-04-15_G17,10109748ELIASI,2025-04-15,111348,1,4,0,374.0
10109748ELIASI_2025-04-15_G18,10109748ELIASI,2025-04-15,117833,1,8,0,187.0
10109748ELIASI_2025-04-15_G19,10109748ELIASI,2025-04-15,109641,1,4,0,88.0
10109748ELIASI_2025-04-15_G20,10109748ELIASI,2025-04-15,111172,1,11,0,121.0
10109748ELIASI_2025-04-15_G21,10109748ELIASI,2025-04-15,108794,1,24,0,336.0
10109748ELIASI_2025-04-15_G22,10109748ELIASI,2025-04-15,118330,1,4,0,162.0
10109748ELIASI_2025-04-15_G23,10109748ELIASI,2025-04-15,111465,1,5,0,125.0
10109748ELIASI_2025-04-15_G24,10109748ELIASI,2025-04-15,111435,1,12,0,716.0
10109748ELIASI_2025-04-15_G25,10109748ELIASI,2025-04-15,117831,1,44,0,1079.0
10109748ELIASI_2025-04-15_G26,10109748ELIASI,2025-04-15,111469,1,24,0,1858.0
10109748ELIASI_2025-04-15_G27,10109748ELIASI,2025-04-15,118140,1,52,0,1049.0
10109748ELIASI_2025-04-15_G28,10109748ELIASI,2025-04-15,110325,1,32,0,1347.0
10109748ELIASI_2025-04-15_G29,10109748ELIASI,2025-04-15,110374,1,30,0,232.0
10109748ELIASI_2025-04-15_G30,10109748ELIASI,2025-04-15,117830,1,13,0,354.0
10109748ELIASI_2025-04-15_G32,10109748ELIASI,2025-04-15,117820,1,100,0,682.0
10109748ELIASI_2025-04-15_G33,10109748ELIASI,2025-04-15,117808,1,400,0,1356.0
10109748ELIASI_2025-04-15_G34,10109748ELIASI,2025-04-15,118299,1,51,0,367.0
10109748ELIASI_2025-04-15_G35,10109748ELIASI,2025-04-15,108795,1,21,0,668.0
10109748ELIASI_2025-04-15_G36,10109748ELIASI,2025-04-15,111468,1,11,0,137.0
10109748ELIASI_2025-04-15_G37,10109748ELIASI,2025-04-15,111463,1,41,0,534.0
10109748ELIASI_2025-04-15_G38,10109748ELIASI,2025-04-15,111743,1,10,0,108.0
10109748ELIASI_2025-04-15_G39,10109748ELIASI,2025-04-15,111532,1,11,0,711.0
10109748ELIASI_2025-04-15_G40,10109748ELIASI,2025-04-15,111466,1,21,0,326.0
10109748ELIASI_2025-04-15_G41,10109748ELIASI,2025-04-15,111465,1,31,0,460.0
10109748ELIASI_2025-04-15_G42,10109748ELIASI,2025-04-15,118140,1,80,0,220.0
10109748ELIASI_2025-04-15_G43,10109748ELIASI,2025-04-15,118004,1,31,0,559.0
10109748ELIASI_2025-04-16_G02,10109748ELIASI,2025-04-16,111418,1,120,0,1306.0
10109748ELIASI_2025-04-16_G03,10109748ELIASI,2025-04-16,110372,1,200,0,2009.0
10109748ELIASI_2025-04-16_G04,10109748ELIASI,2025-04-16,110371,1,120,0,561.0
10109748ELIASI_2025-04-16_G05,10109748ELIASI,2025-04-16,100334,1,3,0,617.0
10109748ELIASI_2025-04-16_G06,10109748ELIASI,2025-04-16,100334,1,4,0,96.0
10109748ELIASI_2025-04-16_G07,10109748ELIASI,2025-04-16,117856,1,8,0,168.0
10109748ELIASI_2025-04-16_G08,10109748ELIASI,2025-04-16,117856,1,6,0,189.0
10109748ELIASI_2025-04-16_G09,10109748ELIASI,2025-04-16,111602,1,10,0,445.0
10109748ELIASI_2025-04-16_G10,10109748ELIASI,2025-04-16,118140,1,2,0,92.0
10109748ELIASI_2025-04-16_G11,10109748ELIASI,2025-04-16,110742,1,9,0,662.0
10109748ELIASI_2025-04-16_G12,10109748ELIASI,2025-04-16,111569,1,33,0,774.0
10109748ELIASI_2025-04-16_G13,10109748ELIASI,2025-04-16,111569,1,77,0,388.0
10109748ELIASI_2025-04-16_G14,10109748ELIASI,2025-04-16,105705,1,68,0,453.0
10109748ELIASI_2025-04-16_G15,10109748ELIASI,2025-04-16,111443,1,118,0,952.0
10109748ELIASI_2025-04-16_G16,10109748ELIASI,2025-04-16,109641,2,70,16,416.0
10109748ELIASI_2025-04-16_G17,10109748ELIASI,2025-04-16,111443,1,3,0,450.0
10109748ELIASI_2025-04-16_G18,10109748ELIASI,2025-04-16,110376,1,112,0,429.0
10109748ELIASI_2025-04-16_G19,10109748ELIASI,2025-04-16,109643,2,58,4,854.0
10109748ELIASI_2025-04-16_G20,10109748ELIASI,2025-04-16,110373,1,19,0,540.0
10109748ELIASI_2025-04-16_G21,10109748ELIASI,2025-04-16,141313,1,4,0,1548.0
10109748ELIASI_2025-04-16_G22,10109748ELIASI,2025-04-16,109640,1,1,0,122.0
10109748ELIASI_2025-04-16_G23,10109748ELIASI,2025-04-16,108794,1,3,0,82.0
10109748ELIASI_2025-04-16_G24,10109748ELIASI,2025-04-16,111462,1,3,0,70.0
10109748ELIASI_2025-04-16_G25,10109748ELIASI,2025-04-16,110787,1,6,0,115.0
10109748ELIASI_2025-04-16_G26,10109748ELIASI,2025-04-16,118299,1,4,0,134.0
10109748ELIASI_2025-04-16_G27,10109748ELIASI,2025-04-16,109640,1,24,0,749.0
10109748ELIASI_2025-04-16_G28,10109748ELIASI,2025-04-16,109640,1,20,0,32.0
10109748ELIASI_2025-04-16_G29,10109748ELIASI,2025-04-16,111851,1,4,0,878.0
10109748ELIASI_2025-04-16_G30,10109748ELIASI,2025-04-16,110755,2,3,6,129.0
10109748ELIASI_2025-04-16_G31,10109748ELIASI,2025-04-16,118222,1,21,0,130.0
10109748ELIASI_2025-04-16_G32,10109748ELIASI,2025-04-16,117820,1,200,0,1353.0
10109748ELIASI_2025-04-16_G34,10109748ELIASI,2025-04-16,118299,1,400,0,1274.0
10109748ELIASI_2025-04-16_G35,10109748ELIASI,2025-04-16,110373,1,100,0,423.0
10109748ELIASI_2025-04-17_G02,10109748ELIASI,2025-04-17,110747,1,2,0,107.0
10109748ELIASI_2025-04-17_G03,10109748ELIASI,2025-04-17,110755,1,1,0,350.0
10109748ELIASI_2025-04-17_G04,10109748ELIASI,2025-04-17,111438,1,4,0,114.0
10109748ELIASI_2025-04-17_G05,10109748ELIASI,2025-04-17,111469,2,4,17,90.0
10109748ELIASI_2025-04-17_G06,10109748ELIASI,2025-04-17,111532,1,1,0,151.0
10109748ELIASI_2025-04-17_G07,10109748ELIASI,2025-04-17,118317,1,4,0,131.0
10109748ELIASI_2025-04-17_G08,10109748ELIASI,2025-04-17,110787,1,5,0,133.0
10109748ELIASI_2025-04-17_G09,10109748ELIASI,2025-04-17,111465,1,2,0,58.0
10109748ELIASI_2025-04-17_G10,10109748ELIASI,2025-04-17,117820,1,1,0,137.0
10109748ELIASI_2025-04-17_G11,10109748ELIASI,2025-04-17,110374,1,6,0,127.0
10109748ELIASI_2025-04-17_G12,10109748ELIASI,2025-04-17,118299,1,2,0,102.0
10109748ELIASI_2025-04-17_G13,10109748ELIASI,2025-04-17,110371,1,1,0,32.0
10109748ELIASI_2025-04-17_G14,10109748ELIASI,2025-04-17,111438,1,4,0,371.0
10109748ELIASI_2025-04-17_G15,10109748ELIASI,2025-04-17,111441,1,2,0,428.0
10109748ELIASI_2025-04-17_G16,10109748ELIASI,2025-04-17,110755,1,1,0,66.0
10109748ELIASI_2025-04-17_G17,10109748ELIASI,2025-04-17,117855,1,3,0,206.0
10109748ELIASI_2025-04-17_G18,10109748ELIASI,2025-04-17,110752,1,2,0,114.0
10109748ELIASI_2025-04-17_G19,10109748ELIASI,2025-04-17,110515,1,1,0,1507.0
10109748ELIASI_2025-04-17_G20,10109748ELIASI,2025-04-17,111469,1,1,0,93.0
10109748ELIASI_2025-04-17_G21,10109748ELIASI,2025-04-17,111418,1,2,0,105.0
10109748ELIASI_2025-04-17_G22,10109748ELIASI,2025-04-17,118004,1,2,0,469.0
10109748ELIASI_2025-04-17_G23,10109748ELIASI,2025-04-17,111463,1,3,0,95.0
10109748ELIASI_2025-04-17_G24,10109748ELIASI,2025-04-17,110787,1,4,0,307.0
10109748ELIASI_2025-04-17_G25,10109748ELIASI,2025-04-17,"117820, 110374",4,5,52,202.0
10109748ELIASI_2025-04-17_G26,10109748ELIASI,2025-04-17,117808,1,2,0,123.0
10109748ELIASI_2025-04-17_G27,10109748ELIASI,2025-04-17,110372,2,9,9,73.0
10109748ELIASI_2025-04-17_G28,10109748ELIASI,2025-04-17,110373,1,6,0,159.0
10109748ELIASI_2025-04-17_G29,10109748ELIASI,2025-04-17,111569,1,24,0,408.0
10109748ELIASI_2025-04-17_G30,10109748ELIASI,2025-04-17,108794,1,2,0,307.0
10109748ELIASI_2025-04-17_G31,10109748ELIASI,2025-04-17,110325,1,12,0,623.0
10109748ELIASI_2025-04-17_G32,10109748ELIASI,2025-04-17,110374,1,24,0,373.0
10109748ELIASI_2025-04-17_G33,10109748ELIASI,2025-04-17,110371,1,40,0,461.0
10109748ELIASI_2025-04-17_G34,10109748ELIASI,2025-04-17,117830,1,26,0,369.0
10109748ELIASI_2025-04-17_G35,10109748ELIASI,2025-04-17,110372,2,19,14,544.0
10109748ELIASI_2025-04-17_G36,10109748ELIASI,2025-04-17,110375,1,4,0,130.0
10109748ELIASI_2025-04-17_G37,10109748ELIASI,2025-04-17,110373,2,54,12,796.0
10109748ELIASI_2025-04-17_G38,10109748ELIASI,2025-04-17,118299,2,114,9,1083.0
10109748ELIASI_2025-04-17_G39,10109748ELIASI,2025-04-17,117808,1,587,0,1478.0
10109748ELIASI_2025-04-17_G40,10109748ELIASI,2025-04-17,117820,2,46,7,560.0
10109748ELIASI_2025-04-17_G41,10109748ELIASI,2025-04-17,117831,1,4,0,723.0
10109748ELIASI_2025-04-17_G42,10109748ELIASI,2025-04-17,117821,1,9,0,170.0
10109748ELIASI_2025-04-17_G43,10109748ELIASI,2025-04-17,111418,1,102,0,594.0
10109748ELIASI_2025-04-17_G44,10109748ELIASI,2025-04-17,111418,1,1,0,72.0
10109748ELIASI_2025-04-17_G45,10109748ELIASI,2025-04-17,117833,1,4,0,97.0
10109748ELIASI_2025-04-17_G47,10109748ELIASI,2025-04-17,117785,1,4,0,256.0
10109748ELIASI_2025-04-17_G48,10109748ELIASI,2025-04-17,118140,1,28,0,637.0
10109748ELIASI_2025-04-17_G49,10109748ELIASI,2025-04-17,110374,1,5,0,3565.0
10109748ELIASI_2025-04-17_G50,10109748ELIASI,2025-04-17,117808,1,100,0,209.0
10109748ELIASI_2025-04-17_G51,10109748ELIASI,2025-04-17,118299,1,1027,0,158.0
10109748ELIASI_2025-04-17_G52,10109748ELIASI,2025-04-17,110371,1,14,0,353.0
10109748ELIASI_2025-04-17_G53,10109748ELIASI,2025-04-17,110373,1,25,0,69.0
10109748ELIASI_2025-04-17_G54,10109748ELIASI,2025-04-17,110372,1,250,0,607.0
10109748ELIASI_2025-04-17_G55,10109748ELIASI,2025-04-17,117820,1,80,0,154.0
10109748ELIASI_2025-04-19_G02,10109748ELIASI,2025-04-19,140911,1,2,0,287.0
10109748ELIASI_2025-04-19_G03,10109748ELIASI,2025-04-19,117862,1,2,0,104.0
10109748ELIASI_2025-04-19_G04,10109748ELIASI,2025-04-19,110313,1,2,0,38.0
10109748ELIASI_2025-04-19_G05,10109748ELIASI,2025-04-19,117861,1,5,0,122.0
10109748ELIASI_2025-04-19_G06,10109748ELIASI,2025-04-19,110733,1,3,0,71.0
10109748ELIASI_2025-04-19_G07,10109748ELIASI,2025-04-19,117855,1,8,0,68.0
10109748ELIASI_2025-04-19_G08,10109748ELIASI,2025-04-19,117856,1,8,0,384.0
10109748ELIASI_2025-04-19_G09,10109748ELIASI,2025-04-19,117786,1,2,0,257.0
10109748ELIASI_2025-04-19_G10,10109748ELIASI,2025-04-19,117837,1,2,0,73.0
10109748ELIASI_2025-04-19_G11,10109748ELIASI,2025-04-19,110711,1,6,0,107.0
10109748ELIASI_2025-04-19_G12,10109748ELIASI,2025-04-19,111418,1,22,0,294.0
10109748ELIASI_2025-04-19_G13,10109748ELIASI,2025-04-19,111743,1,2,0,73.0
10109748ELIASI_2025-04-19_G14,10109748ELIASI,2025-04-19,111532,1,8,0,254.0
10109748ELIASI_2025-04-19_G15,10109748ELIASI,2025-04-19,118140,1,8,0,141.0
10109748ELIASI_2025-04-19_G16,10109748ELIASI,2025-04-19,111441,1,83,0,1422.0
10109748ELIASI_2025-04-19_G17,10109748ELIASI,2025-04-19,111441,1,100,0,1005.0
10109748ELIASI_2025-04-19_G18,10109748ELIASI,2025-04-19,108711,1,2,0,215.0
10109748ELIASI_2025-04-19_G19,10109748ELIASI,2025-04-19,110325,2,534,5,1315.0
10109748ELIASI_2025-04-19_G20,10109748ELIASI,2025-04-19,111466,1,200,0,282.0
10109748ELIASI_2025-04-19_G21,10109748ELIASI,2025-04-19,117834,1,12,0,1386.0
10109748ELIASI_2025-04-19_G22,10109748ELIASI,2025-04-19,111850,1,27,0,440.0
10109748ELIASI_2025-04-19_G23,10109748ELIASI,2025-04-19,117835,1,10,0,232.0
10109748ELIASI_2025-04-19_G24,10109748ELIASI,2025-04-19,111441,1,41,0,769.0
10109748ELIASI_2025-04-19_G25,10109748ELIASI,2025-04-19,111569,1,50,0,597.0
10109748ELIASI_2025-04-19_G26,10109748ELIASI,2025-04-19,110742,1,31,0,380.0
10109748ELIASI_2025-04-19_G27,10109748ELIASI,2025-04-19,110755,1,29,0,482.0
10109748ELIASI_2025-04-19_G28,10109748ELIASI,2025-04-19,111438,1,29,0,295.0
10109748ELIASI_2025-04-19_G29,10109748ELIASI,2025-04-19,111418,1,70,0,894.0
10109748ELIASI_2025-04-19_G30,10109748ELIASI,2025-04-19,111463,1,150,0,740.0
10109748ELIASI_2025-04-19_G31,10109748ELIASI,2025-04-19,111348,1,12,0,231.0
10109748ELIASI_2025-04-19_G32,10109748ELIASI,2025-04-19,140922,1,30,0,356.0
10109748ELIASI_2025-04-19_G33,10109748ELIASI,2025-04-19,109645,1,15,0,346.0
10109748ELIASI_2025-04-19_G34,10109748ELIASI,2025-04-19,111433,1,30,0,514.0
10109748ELIASI_2025-04-19_G35,10109748ELIASI,2025-04-19,109641,1,30,0,145.0
10109748ELIASI_2025-04-19_G36,10109748ELIASI,2025-04-19,110325,1,5,0,1737.0
10109748ELIASI_2025-04-19_G37,10109748ELIASI,2025-04-19,117809,1,2,0,106.0
10109748ELIASI_2025-04-19_G38,10109748ELIASI,2025-04-19,110372,1,4,0,108.0
10109748ELIASI_2025-04-19_G39,10109748ELIASI,2025-04-19,118004,1,6,0,158.0
10109748ELIASI_2025-04-19_G40,10109748ELIASI,2025-04-19,111418,1,7,0,265.0
10109748ELIASI_2025-04-19_G42,10109748ELIASI,2025-04-19,111462,1,3,0,329.0
10109748ELIASI_2025-04-19_G43,10109748ELIASI,2025-04-19,118140,1,5,0,900.0
10109748ELIASI_2025-04-19_G44,10109748ELIASI,2025-04-19,111465,1,2,0,99.0
10109748ELIASI_2025-04-19_G45,10109748ELIASI,2025-04-19,111602,1,3,0,549.0
10109748ELIASI_2025-04-19_G46,10109748ELIASI,2025-04-19,110374,1,2,0,238.0
10109748ELIASI_2025-04-19_G47,10109748ELIASI,2025-04-19,117808,1,13,0,217.0
10109748ELIASI_2025-04-19_G48,10109748ELIASI,2025-04-19,118299,1,6,0,486.0
10109748ELIASI_2025-04-19_G49,10109748ELIASI,2025-04-19,118299,1,4,0,107.0
10109748ELIASI_2025-04-19_G50,10109748ELIASI,2025-04-19,117820,1,2,0,143.0
10109748ELIASI_2025-04-19_G51,10109748ELIASI,2025-04-19,117820,1,4,0,95.0
10109748ELIASI_2025-04-19_G52,10109748ELIASI,2025-04-19,117840,1,4,0,82.0
10109748ELIASI_2025-04-19_G53,10109748ELIASI,2025-04-19,111532,1,8,0,908.0
10109748ELIASI_2025-04-19_G54,10109748ELIASI,2025-04-19,110711,1,3,0,200.0
10109748ELIASI_2025-04-22_G02,10109748ELIASI,2025-04-22,141261,1,80,0,3085.0
10109748ELIASI_2025-04-22_G03,10109748ELIASI,2025-04-22,111722,1,60,0,1100.0
10109748ELIASI_2025-04-22_G04,10109748ELIASI,2025-04-22,111634,1,180,0,424.0
10109748ELIASI_2025-04-22_G05,10109748ELIASI,2025-04-22,118191,1,100,0,402.0
10109748ELIASI_2025-04-22_G06,10109748ELIASI,2025-04-22,117830,1,11,0,738.0
10109748ELIASI_2025-04-22_G07,10109748ELIASI,2025-04-22,117830,1,15,0,472.0
10109748ELIASI_2025-04-22_G08,10109748ELIASI,2025-04-22,109647,1,30,0,332.0
10109748ELIASI_2025-04-22_G09,10109748ELIASI,2025-04-22,111602,1,40,0,557.0
10109748ELIASI_2025-04-22_G10,10109748ELIASI,2025-04-22,108759,1,3,0,665.0
10109748ELIASI_2025-04-22_G11,10109748ELIASI,2025-04-22,111530,1,9,0,132.0
10109748ELIASI_2025-04-22_G12,10109748ELIASI,2025-04-22,111755,1,40,0,532.0
10109748ELIASI_2025-04-22_G13,10109748ELIASI,2025-04-22,111742,1,40,0,1066.0
10109748ELIASI_2025-04-22_G14,10109748ELIASI,2025-04-22,118299,1,1439,0,3337.0
10109748ELIASI_2025-04-22_G15,10109748ELIASI,2025-04-22,110325,1,12,0,542.0
10109748ELIASI_2025-04-22_G16,10109748ELIASI,2025-04-22,117820,1,24,0,458.0
10109748ELIASI_2025-04-22_G17,10109748ELIASI,2025-04-22,117808,1,500,0,1454.0
10109748ELIASI_2025-04-22_G18,10109748ELIASI,2025-04-22,110372,1,20,0,408.0
10109748ELIASI_2025-04-22_G19,10109748ELIASI,2025-04-22,110375,1,20,0,329.0
10109748ELIASI_2025-04-22_G21,10109748ELIASI,2025-04-22,110371,1,80,0,951.0
10109748ELIASI_2025-04-22_G22,10109748ELIASI,2025-04-22,110374,1,76,0,809.0
10109748ELIASI_2025-04-23_G02,10109748ELIASI,2025-04-23,109647,1,2,0,91.0
10109748ELIASI_2025-04-23_G03,10109748ELIASI,2025-04-23,111439,1,4,0,314.0
10109748ELIASI_2025-04-23_G04,10109748ELIASI,2025-04-23,109640,1,8,0,248.0
10109748ELIASI_2025-04-23_G05,10109748ELIASI,2025-04-23,110515,2,130,14,698.0
10109748ELIASI_2025-04-23_G06,10109748ELIASI,2025-04-23,117787,1,2,0,575.0
10109748ELIASI_2025-04-23_G07,10109748ELIASI,2025-04-23,118004,1,21,0,103.0
10109748ELIASI_2025-04-23_G08,10109748ELIASI,2025-04-23,117785,1,15,0,521.0
10109748ELIASI_2025-04-23_G09,10109748ELIASI,2025-04-23,116241,1,2,0,86.0
10109748ELIASI_2025-04-23_G10,10109748ELIASI,2025-04-23,108794,1,80,0,247.0
10109748ELIASI_2025-04-23_G11,10109748ELIASI,2025-04-23,108794,1,80,0,31.0
10109748ELIASI_2025-04-23_G12,10109748ELIASI,2025-04-23,117785,1,10,0,2579.0
10109748ELIASI_2025-04-23_G13,10109748ELIASI,2025-04-23,111172,3,46,12,191.0
10109748ELIASI_2025-04-23_G14,10109748ELIASI,2025-04-23,118299,1,200,0,1414.0
10109748ELIASI_2025-04-23_G15,10109748ELIASI,2025-04-23,107830,1,6,0,709.0
10109748ELIASI_2025-04-23_G16,10109748ELIASI,2025-04-23,117832,1,10,0,373.0
10109748ELIASI_2025-04-23_G17,10109748ELIASI,2025-04-23,117808,1,38,0,79.0
10109748ELIASI_2025-04-23_G18,10109748ELIASI,2025-04-23,117809,1,100,0,1368.0
10109748ELIASI_2025-04-23_G19,10109748ELIASI,2025-04-23,117808,1,250,0,330.0
10109748ELIASI_2025-04-23_G20,10109748ELIASI,2025-04-23,110373,1,60,0,715.0
10109748ELIASI_2025-04-23_G21,10109748ELIASI,2025-04-23,117820,1,60,0,820.0
10109748ELIASI_2025-04-23_G22,10109748ELIASI,2025-04-23,109647,1,8,0,1629.0
10109748ELIASI_2025-04-23_G23,10109748ELIASI,2025-04-23,108772,1,4,0,439.0
10109748ELIASI_2025-04-23_G24,10109748ELIASI,2025-04-23,111430,1,3,0,144.0
10109748ELIASI_2025-04-23_G25,10109748ELIASI,2025-04-23,117935,1,3,0,101.0
10109748ELIASI_2025-04-23_G26,10109748ELIASI,2025-04-23,108772,1,2,0,218.0
10109748ELIASI_2025-04-23_G27,10109748ELIASI,2025-04-23,111430,1,3,0,354.0
10109748ELIASI_2025-04-23_G28,10109748ELIASI,2025-04-23,109647,1,2,0,79.0
10109748ELIASI_2025-04-23_G29,10109748ELIASI,2025-04-23,108772,3,12,20,160.0
10109748ELIASI_2025-04-23_G30,10109748ELIASI,2025-04-23,109640,1,2,0,110.0
10109748ELIASI_2025-04-23_G31,10109748ELIASI,2025-04-23,111468,1,8,0,275.0
10109748ELIASI_2025-04-23_G32,10109748ELIASI,2025-04-23,117787,1,8,0,639.0
10109748ELIASI_2025-04-23_G34,10109748ELIASI,2025-04-23,111430,2,2,6,121.0
10109748ELIASI_2025-04-23_G35,10109748ELIASI,2025-04-23,118251,1,4,0,198.0
10109748ELIASI_2025-04-23_G36,10109748ELIASI,2025-04-23,111465,1,8,0,339.0
10109748ELIASI_2025-04-23_G37,10109748ELIASI,2025-04-23,109647,1,2,0,173.0
10109748ELIASI_2025-04-23_G38,10109748ELIASI,2025-04-23,111468,1,6,0,376.0
10109748ELIASI_2025-04-23_G39,10109748ELIASI,2025-04-23,110129,1,6,0,314.0
10109748ELIASI_2025-04-23_G40,10109748ELIASI,2025-04-23,117935,1,2,0,663.0
10109748ELIASI_2025-04-23_G41,10109748ELIASI,2025-04-23,117854,1,4,0,350.0
10109748ELIASI_2025-04-23_G42,10109748ELIASI,2025-04-23,110515,1,6,0,806.0
10109748ELIASI_2025-04-24_G02,10109748ELIASI,2025-04-24,111530,1,5,0,119.0
10109748ELIASI_2025-04-24_G03,10109748ELIASI,2025-04-24,117787,1,2,0,131.0
10109748ELIASI_2025-04-24_G04,10109748ELIASI,2025-04-24,111330,1,7,0,976.0
10109748ELIASI_2025-04-24_G05,10109748ELIASI,2025-04-24,109647,1,5,0,149.0
10109748ELIASI_2025-04-24_G06,10109748ELIASI,2025-04-24,111530,1,3,0,81.0
10109748ELIASI_2025-04-24_G07,10109748ELIASI,2025-04-24,111530,1,2,0,50.0
10109748ELIASI_2025-04-24_G08,10109748ELIASI,2025-04-24,111430,1,8,0,809.0
10109748ELIASI_2025-04-24_G09,10109748ELIASI,2025-04-24,109647,1,8,0,449.0
10109748ELIASI_2025-04-24_G10,10109748ELIASI,2025-04-24,111435,1,4,0,179.0
10109748ELIASI_2025-04-24_G11,10109748ELIASI,2025-04-24,117834,1,2,0,374.0
10109748ELIASI_2025-04-24_G12,10109748ELIASI,2025-04-24,117831,1,4,0,1783.0
10109748ELIASI_2025-04-24_G13,10109748ELIASI,2025-04-24,111850,1,4,0,198.0
10109748ELIASI_2025-04-24_G14,10109748ELIASI,2025-04-24,118251,1,2,0,208.0
10109748ELIASI_2025-04-24_G15,10109748ELIASI,2025-04-24,141047,1,4,0,157.0
10109748ELIASI_2025-04-24_G16,10109748ELIASI,2025-04-24,105705,1,8,0,213.0
10109748ELIASI_2025-04-24_G17,10109748ELIASI,2025-04-24,117855,1,10,0,444.0
10109748ELIASI_2025-04-24_G18,10109748ELIASI,2025-04-24,111467,1,5,0,475.0
10109748ELIASI_2025-04-24_G19,10109748ELIASI,2025-04-24,110752,1,2,0,72.0
10109748ELIASI_2025-04-24_G20,10109748ELIASI,2025-04-24,111439,1,7,0,158.0
10109748ELIASI_2025-04-24_G21,10109748ELIASI,2025-04-24,117856,1,6,0,102.0
10109748ELIASI_2025-04-24_G22,10109748ELIASI,2025-04-24,108798,1,2,0,72.0
10109748ELIASI_2025-04-24_G23,10109748ELIASI,2025-04-24,117837,1,4,0,155.0
10109748ELIASI_2025-04-24_G24,10109748ELIASI,2025-04-24,111532,1,8,0,150.0
10109748ELIASI_2025-04-24_G25,10109748ELIASI,2025-04-24,118140,1,10,0,178.0
10109748ELIASI_2025-04-24_G26,10109748ELIASI,2025-04-24,110711,1,1,0,68.0
10109748ELIASI_2025-04-24_G27,10109748ELIASI,2025-04-24,160055,1,3,0,145.0
10109748ELIASI_2025-04-24_G28,10109748ELIASI,2025-04-24,110332,1,2,0,231.0
10109748ELIASI_2025-04-24_G29,10109748ELIASI,2025-04-24,110129,1,10,0,163.0
10109748ELIASI_2025-04-24_G30,10109748ELIASI,2025-04-24,117854,1,4,0,872.0
10109748ELIASI_2025-04-24_G31,10109748ELIASI,2025-04-24,111602,1,7,0,75.0
10109748ELIASI_2025-04-24_G32,10109748ELIASI,2025-04-24,111742,1,4,0,299.0
10109748ELIASI_2025-04-24_G33,10109748ELIASI,2025-04-24,111754,1,7,0,241.0
10109748ELIASI_2025-04-24_G34,10109748ELIASI,2025-04-24,110743,1,2,0,426.0
10109748ELIASI_2025-04-24_G36,10109748ELIASI,2025-04-24,118140,2,3,12,218.0
10109748ELIASI_2025-04-24_G37,10109748ELIASI,2025-04-24,111602,1,8,0,291.0
10109748ELIASI_2025-04-24_G38,10109748ELIASI,2025-04-24,111602,1,6,0,169.0
10109748ELIASI_2025-04-24_G40,10109748ELIASI,2025-04-24,111445,1,4,0,214.0
10109748ELIASI_2025-04-24_G41,10109748ELIASI,2025-04-24,117854,1,2,0,166.0
10109748ELIASI_2025-04-24_G42,10109748ELIASI,2025-04-24,117862,1,4,0,227.0
10109748ELIASI_2025-04-24_G43,10109748ELIASI,2025-04-24,117861,1,2,0,111.0
10109748ELIASI_2025-04-24_G44,10109748ELIASI,2025-04-24,111750,1,3,0,541.0
10109748ELIASI_2025-04-24_G45,10109748ELIASI,2025-04-24,111724,1,1,0,136.0
10109748ELIASI_2025-04-24_G46,10109748ELIASI,2025-04-24,117855,1,4,0,2984.0
10109748ELIASI_2025-04-24_G47,10109748ELIASI,2025-04-24,111467,1,1,0,44.0
10109748ELIASI_2025-04-24_G48,10109748ELIASI,2025-04-24,117856,1,4,0,57.0
10109748ELIASI_2025-04-24_G49,10109748ELIASI,2025-04-24,117786,1,2,0,51.0
10109748ELIASI_2025-04-24_G50,10109748ELIASI,2025-04-24,110515,1,2,0,61.0
10109748ELIASI_2025-04-25_G02,10109748ELIASI,2025-04-25,111468,1,27,0,307.0
10109748ELIASI_2025-04-25_G03,10109748ELIASI,2025-04-25,140922,1,30,0,1471.0
10109748ELIASI_2025-04-25_G04,10109748ELIASI,2025-04-25,111172,1,30,0,1149.0
10109748ELIASI_2025-04-25_G05,10109748ELIASI,2025-04-25,111532,1,50,0,2805.0
10109748ELIASI_2025-04-25_G06,10109748ELIASI,2025-04-25,111462,1,30,0,1404.0
10109748ELIASI_2025-04-25_G07,10109748ELIASI,2025-04-25,110371,1,60,0,834.0
10109748ELIASI_2025-04-25_G08,10109748ELIASI,2025-04-25,111418,1,50,0,1049.0
10109748ELIASI_2025-04-25_G09,10109748ELIASI,2025-04-25,109643,1,20,0,154.0
10109748ELIASI_2025-04-25_G10,10109748ELIASI,2025-04-25,109643,1,20,0,170.0
10109748ELIASI_2025-04-25_G11,10109748ELIASI,2025-04-25,117785,1,100,0,1343.0
10109748ELIASI_2025-04-25_G12,10109748ELIASI,2025-04-25,111463,1,250,0,662.0
10109748ELIASI_2025-04-25_G13,10109748ELIASI,2025-04-25,140922,1,100,0,433.0
10109748ELIASI_2025-04-25_G14,10109748ELIASI,2025-04-25,110313,1,11,0,234.0
10109748ELIASI_2025-04-25_G15,10109748ELIASI,2025-04-25,110313,1,29,0,400.0
10109748ELIASI_2025-04-25_G16,10109748ELIASI,2025-04-25,118306,1,60,0,912.0
10109748ELIASI_2025-04-25_G17,10109748ELIASI,2025-04-25,111441,1,38,0,952.0
10109748ELIASI_2025-04-25_G18,10109748ELIASI,2025-04-25,109641,1,60,0,345.0
10109748ELIASI_2025-04-25_G20,10109748ELIASI,2025-04-25,110515,1,56,0,1167.0
10109748ELIASI_2025-04-25_G21,10109748ELIASI,2025-04-25,111602,1,60,0,97.0
10109748ELIASI_2025-04-25_G22,10109748ELIASI,2025-04-25,111462,1,50,0,607.0
10109748ELIASI_2025-04-25_G23,10109748ELIASI,2025-04-25,109645,1,44,0,662.0
10109748ELIASI_2025-04-25_G24,10109748ELIASI,2025-04-25,108759,1,4,0,906.0
10109748ELIASI_2025-04-25_G25,10109748ELIASI,2025-04-25,110740,1,4,0,662.0
10109748ELIASI_2025-04-25_G26,10109748ELIASI,2025-04-25,117862,1,40,0,591.0
10109748ELIASI_2025-04-28_G02,10109748ELIASI,2025-04-28,110742,1,1,0,88.0
10109748ELIASI_2025-04-28_G03,10109748ELIASI,2025-04-28,110733,1,4,0,139.0
10109748ELIASI_2025-04-28_G04,10109748ELIASI,2025-04-28,111463,1,4,0,221.0
10109748ELIASI_2025-04-28_G05,10109748ELIASI,2025-04-28,117820,1,3,0,97.0
10109748ELIASI_2025-04-28_G06,10109748ELIASI,2025-04-28,110515,1,2,0,1034.0
10109748ELIASI_2025-04-28_G07,10109748ELIASI,2025-04-28,111660,1,4,0,208.0
10109748ELIASI_2025-04-28_G08,10109748ELIASI,2025-04-28,111530,1,10,0,270.0
10109748ELIASI_2025-04-28_G09,10109748ELIASI,2025-04-28,111444,1,4,0,151.0
10109748ELIASI_2025-04-28_G10,10109748ELIASI,2025-04-28,110376,1,1,0,81.0
10109748ELIASI_2025-04-28_G11,10109748ELIASI,2025-04-28,109641,1,2,0,55.0
10109748ELIASI_2025-04-28_G12,10109748ELIASI,2025-04-28,107830,1,1,0,144.0
10109748ELIASI_2025-04-28_G13,10109748ELIASI,2025-04-28,118299,1,10,0,191.0
10109748ELIASI_2025-04-28_G14,10109748ELIASI,2025-04-28,117832,1,1,0,1223.0
10109748ELIASI_2025-04-28_G15,10109748ELIASI,2025-04-28,110372,1,15,0,183.0
10109748ELIASI_2025-04-28_G16,10109748ELIASI,2025-04-28,117830,1,2,0,497.0
10109748ELIASI_2025-04-28_G17,10109748ELIASI,2025-04-28,110375,1,2,0,57.0
10109748ELIASI_2025-04-28_G18,10109748ELIASI,2025-04-28,108794,1,2,0,85.0
10109748ELIASI_2025-04-28_G19,10109748ELIASI,2025-04-28,109645,1,2,0,70.0
10109748ELIASI_2025-04-28_G20,10109748ELIASI,2025-04-28,107892,1,12,0,631.0
10109748ELIASI_2025-04-28_G21,10109748ELIASI,2025-04-28,111569,1,8,0,199.0
10109748ELIASI_2025-04-28_G22,10109748ELIASI,2025-04-28,110747,1,6,0,801.0
10109748ELIASI_2025-04-28_G23,10109748ELIASI,2025-04-28,110742,1,8,0,214.0
10109748ELIASI_2025-04-28_G24,10109748ELIASI,2025-04-28,111850,1,12,0,319.0
10109748ELIASI_2025-04-28_G25,10109748ELIASI,2025-04-28,111438,1,7,0,659.0
10109748ELIASI_2025-04-28_G26,10109748ELIASI,2025-04-28,110895,1,3,0,1231.0
10109748ELIASI_2025-04-28_G27,10109748ELIASI,2025-04-28,108772,1,2,0,205.0
10109748ELIASI_2025-04-28_G28,10109748ELIASI,2025-04-28,141047,1,4,0,557.0
10109748ELIASI_2025-04-28_G29,10109748ELIASI,2025-04-28,117862,1,19,0,208.0
10109748ELIASI_2025-04-28_G30,10109748ELIASI,2025-04-28,118403,1,4,0,465.0
10109748ELIASI_2025-04-28_G31,10109748ELIASI,2025-04-28,117935,1,13,0,249.0
10109748ELIASI_2025-04-28_G32,10109748ELIASI,2025-04-28,111467,1,8,0,118.0
10109748ELIASI_2025-04-28_G33,10109748ELIASI,2025-04-28,117856,1,11,0,503.0
10109748ELIASI_2025-04-28_G34,10109748ELIASI,2025-04-28,110711,1,3,0,105.0
10109748ELIASI_2025-04-28_G35,10109748ELIASI,2025-04-28,115773,1,4,0,1608.0
10109748ELIASI_2025-04-28_G36,10109748ELIASI,2025-04-28,117808,1,82,0,549.0
10109748ELIASI_2025-04-28_G37,10109748ELIASI,2025-04-28,117809,1,50,0,171.0
10109748ELIASI_2025-04-28_G38,10109748ELIASI,2025-04-28,117830,1,30,0,297.0
10109748ELIASI_2025-04-28_G39,10109748ELIASI,2025-04-28,110373,1,50,0,589.0
10109748ELIASI_2025-04-28_G40,10109748ELIASI,2025-04-28,110372,1,50,0,400.0
10109748ELIASI_2025-04-28_G41,10109748ELIASI,2025-04-28,111569,1,4,0,1783.0
10109748ELIASI_2025-04-28_G42,10109748ELIASI,2025-04-28,110755,1,1,0,69.0
10109748ELIASI_2025-04-28_G43,10109748ELIASI,2025-04-28,118283,1,6,0,576.0
10109748ELIASI_2025-04-28_G44,10109748ELIASI,2025-04-28,118283,1,4,0,64.0
10109748ELIASI_2025-04-28_G45,10109748ELIASI,2025-04-28,111438,1,1,0,73.0
10109748ELIASI_2025-04-28_G46,10109748ELIASI,2025-04-28,114097,1,4,0,83.0
10109748ELIASI_2025-04-28_G47,10109748ELIASI,2025-04-28,109495,1,2,0,129.0
10109748ELIASI_2025-04-28_G48,10109748ELIASI,2025-04-28,110623,1,2,0,37.0
10109748ELIASI_2025-04-28_G49,10109748ELIASI,2025-04-28,117862,1,4,0,158.0
10109748ELIASI_2025-04-28_G50,10109748ELIASI,2025-04-28,117935,1,1,0,73.0
10109748ELIASI_2025-04-28_G51,10109748ELIASI,2025-04-28,117786,1,4,0,90.0
10109748ELIASI_2025-04-28_G53,10109748ELIASI,2025-04-28,111182,1,20,0,646.0
10109748ELIASI_2025-04-28_G54,10109748ELIASI,2025-04-28,118004,1,84,0,806.0
10109748ELIASI_2025-04-29_G02,10109748ELIASI,2025-04-29,110376,1,45,0,780.0
10109748ELIASI_2025-04-29_G03,10109748ELIASI,2025-04-29,111743,1,8,0,458.0
10109748ELIASI_2025-04-29_G04,10109748ELIASI,2025-04-29,111442,1,4,0,422.0
10109748ELIASI_2025-04-29_G05,10109748ELIASI,2025-04-29,111468,1,4,0,1516.0
10109748ELIASI_2025-04-29_G06,10109748ELIASI,2025-04-29,111469,1,20,0,621.0
10109748ELIASI_2025-04-29_G07,10109748ELIASI,2025-04-29,111462,1,4,0,73.0
10109748ELIASI_2025-04-29_G08,10109748ELIASI,2025-04-29,111462,1,12,0,126.0
10109748ELIASI_2025-04-29_G09,10109748ELIASI,2025-04-29,108711,2,8,7,156.0
10109748ELIASI_2025-04-29_G10,10109748ELIASI,2025-04-29,140922,1,10,0,233.0
10109748ELIASI_2025-04-29_G11,10109748ELIASI,2025-04-29,109645,1,8,0,229.0
10109748ELIASI_2025-04-29_G12,10109748ELIASI,2025-04-29,111442,1,14,0,363.0
10109748ELIASI_2025-04-29_G13,10109748ELIASI,2025-04-29,107236,2,13,8,128.0
10109748ELIASI_2025-04-29_G14,10109748ELIASI,2025-04-29,111466,1,30,0,413.0
10109748ELIASI_2025-04-29_G15,10109748ELIASI,2025-04-29,110580,1,4,0,1214.0
10109748ELIASI_2025-04-29_G16,10109748ELIASI,2025-04-29,117862,1,14,0,169.0
10109748ELIASI_2025-04-29_G17,10109748ELIASI,2025-04-29,117855,1,9,0,199.0
10109748ELIASI_2025-04-29_G18,10109748ELIASI,2025-04-29,101217,1,3,0,226.0
10109748ELIASI_2025-04-29_G19,10109748ELIASI,2025-04-29,110711,1,26,0,331.0
10109748ELIASI_2025-04-29_G20,10109748ELIASI,2025-04-29,114099,1,2,0,248.0
10109748ELIASI_2025-04-29_G21,10109748ELIASI,2025-04-29,111182,1,4,0,193.0
10109748ELIASI_2025-04-29_G22,10109748ELIASI,2025-04-29,118326,1,2,0,233.0
10109748ELIASI_2025-04-29_G23,10109748ELIASI,2025-04-29,111465,1,6,0,212.0
10109748ELIASI_2025-04-29_G24,10109748ELIASI,2025-04-29,110743,1,3,0,74.0
10109748ELIASI_2025-04-29_G25,10109748ELIASI,2025-04-29,111469,1,25,0,285.0
10109748ELIASI_2025-04-29_G26,10109748ELIASI,2025-04-29,118004,1,12,0,102.0
10109748ELIASI_2025-04-29_G27,10109748ELIASI,2025-04-29,111433,1,3,0,99.0
10109748ELIASI_2025-04-29_G28,10109748ELIASI,2025-04-29,111532,1,11,0,215.0
10109748ELIASI_2025-04-29_G29,10109748ELIASI,2025-04-29,117833,1,8,0,128.0
10109748ELIASI_2025-04-29_G30,10109748ELIASI,2025-04-29,108794,1,2,0,193.0
10109748ELIASI_2025-04-29_G31,10109748ELIASI,2025-04-29,111418,1,1,0,52.0
10109748ELIASI_2025-04-29_G32,10109748ELIASI,2025-04-29,109645,1,4,0,94.0
10109748ELIASI_2025-04-29_G33,10109748ELIASI,2025-04-29,118140,1,34,0,72.0
10109748ELIASI_2025-04-29_G34,10109748ELIASI,2025-04-29,110740,1,3,0,323.0
10109748ELIASI_2025-04-29_G35,10109748ELIASI,2025-04-29,110129,1,4,0,577.0
10109748ELIASI_2025-04-29_G36,10109748ELIASI,2025-04-29,108736,1,2,0,118.0
10109748ELIASI_2025-04-29_G37,10109748ELIASI,2025-04-29,110787,1,20,0,115.0
10109748ELIASI_2025-04-29_G38,10109748ELIASI,2025-04-29,111430,1,110,0,1918.0
10109748ELIASI_2025-04-29_G39,10109748ELIASI,2025-04-29,111430,1,204,0,1578.0
10109748ELIASI_2025-04-29_G40,10109748ELIASI,2025-04-29,111441,1,184,0,2040.0
10109748ELIASI_2025-04-29_G41,10109748ELIASI,2025-04-29,111441,1,71,0,222.0
10109748ELIASI_2025-04-29_G43,10109748ELIASI,2025-04-29,109643,1,90,0,498.0
10109748ELIASI_2025-04-30_G02,10109748ELIASI,2025-04-30,108711,1,7,0,687.0
10109748ELIASI_2025-04-30_G03,10109748ELIASI,2025-04-30,108711,1,28,0,973.0
10109748ELIASI_2025-04-30_G04,10109748ELIASI,2025-04-30,107236,1,14,0,696.0
10109748ELIASI_2025-04-30_G05,10109748ELIASI,2025-04-30,110376,1,6,0,1525.0
10109748ELIASI_2025-04-30_G06,10109748ELIASI,2025-04-30,111182,1,4,0,776.0
10109748ELIASI_2025-04-30_G07,10109748ELIASI,2025-04-30,111465,1,2,0,922.0
10109748ELIASI_2025-04-30_G08,10109748ELIASI,2025-04-30,111465,1,4,0,183.0
10109748ELIASI_2025-04-30_G09,10109748ELIASI,2025-04-30,117831,2,4,23,112.0
10109748ELIASI_2025-04-30_G10,10109748ELIASI,2025-04-30,117821,2,8,7,40.0
10109748ELIASI_2025-04-30_G11,10109748ELIASI,2025-04-30,111462,2,6,6,96.0
10109748ELIASI_2025-04-30_G12,10109748ELIASI,2025-04-30,108711,2,13,9,119.0
10109748ELIASI_2025-04-30_G13,10109748ELIASI,2025-04-30,111466,1,1,0,243.0
10109748ELIASI_2025-04-30_G14,10109748ELIASI,2025-04-30,"109641, 111172",2,4,9,127.0
10109748ELIASI_2025-04-30_G15,10109748ELIASI,2025-04-30,111418,1,16,0,176.0
10109748ELIASI_2025-04-30_G16,10109748ELIASI,2025-04-30,110745,1,2,0,194.0
10109748ELIASI_2025-04-30_G17,10109748ELIASI,2025-04-30,110787,1,2,0,120.0
10109748ELIASI_2025-04-30_G18,10109748ELIASI,2025-04-30,111418,2,12,8,162.0
10109748ELIASI_2025-04-30_G19,10109748ELIASI,2025-04-30,117820,2,4,7,655.0
10109748ELIASI_2025-04-30_G20,10109748ELIASI,2025-04-30,110373,1,2,0,354.0
10109748ELIASI_2025-04-30_G21,10109748ELIASI,2025-04-30,110373,1,4,0,305.0
10109748ELIASI_2025-04-30_G22,10109748ELIASI,2025-04-30,110372,1,10,0,121.0
10109748ELIASI_2025-04-30_G23,10109748ELIASI,2025-04-30,117808,1,32,0,791.0
10109748ELIASI_2025-04-30_G24,10109748ELIASI,2025-04-30,118299,1,2,0,90.0
10109748ELIASI_2025-04-30_G25,10109748ELIASI,2025-04-30,117830,1,2,0,57.0
10109748ELIASI_2025-04-30_G26,10109748ELIASI,2025-04-30,110375,1,5,0,104.0
10109748ELIASI_2025-04-30_G27,10109748ELIASI,2025-04-30,110371,1,4,0,107.0
10109748ELIASI_2025-04-30_G28,10109748ELIASI,2025-04-30,110371,1,16,0,40.0
10109748ELIASI_2025-04-30_G29,10109748ELIASI,2025-04-30,117834,1,2,0,268.0
10109748ELIASI_2025-04-30_G30,10109748ELIASI,2025-04-30,111438,1,2,0,143.0
10109748ELIASI_2025-04-30_G31,10109748ELIASI,2025-04-30,117835,1,6,0,402.0
10109748ELIASI_2025-04-30_G32,10109748ELIASI,2025-04-30,110325,1,22,0,234.0
10109748ELIASI_2025-04-30_G33,10109748ELIASI,2025-04-30,117832,1,12,0,329.0
10109748ELIASI_2025-04-30_G34,10109748ELIASI,2025-04-30,117830,1,20,0,534.0
10109748ELIASI_2025-04-30_G35,10109748ELIASI,2025-04-30,110372,1,80,0,817.0
10109748ELIASI_2025-04-30_G36,10109748ELIASI,2025-04-30,109937,1,20,0,1289.0
10109748ELIASI_2025-04-30_G37,10109748ELIASI,2025-04-30,117832,1,20,0,238.0
10109748ELIASI_2025-04-30_G38,10109748ELIASI,2025-04-30,109647,1,4,0,314.0
10109748ELIASI_2025-04-30_G40,10109748ELIASI,2025-04-30,107236,4,21,33,170.0
10109748ELIASI_2025-04-30_G41,10109748ELIASI,2025-04-30,111438,1,2,0,404.0
10109748ELIASI_2025-04-30_G42,10109748ELIASI,2025-04-30,109933,1,2,0,34.0
10109748ELIASI_2025-04-30_G43,10109748ELIASI,2025-04-30,110747,1,2,0,83.0
10109748ELIASI_2025-04-30_G44,10109748ELIASI,2025-04-30,118306,1,2,0,83.0
10109748ELIASI_2025-04-30_G45,10109748ELIASI,2025-04-30,117853,1,2,0,124.0
10109748ELIASI_2025-04-30_G46,10109748ELIASI,2025-04-30,105705,1,2,0,130.0
10109748ELIASI_2025-04-30_G47,10109748ELIASI,2025-04-30,110374,1,2,0,62.0
10109748ELIASI_2025-04-30_G48,10109748ELIASI,2025-04-30,100334,1,2,0,75.0
10109748ELIASI_2025-04-30_G49,10109748ELIASI,2025-04-30,117853,1,8,0,186.0
10109748ELIASI_2025-04-30_G50,10109748ELIASI,2025-04-30,111444,1,3,0,161.0
10109748ELIASI_2025-04-30_G51,10109748ELIASI,2025-04-30,109645,1,2,0,205.0
10109748ELIASI_2025-04-30_G52,10109748ELIASI,2025-04-30,107236,1,2,0,126.0
10109748ELIASI_2025-04-30_G53,10109748ELIASI,2025-04-30,116241,1,12,0,445.0
10109748ELIASI_2025-04-30_G54,10109748ELIASI,2025-04-30,108711,1,5,0,144.0
10109748ELIASI_2025-04-30_G55,10109748ELIASI,2025-04-30,118140,1,28,0,148.0
10109748ELIASI_2025-04-30_G56,10109748ELIASI,2025-04-30,160055,1,4,0,417.0
10109748ELIASI_2025-04-30_G57,10109748ELIASI,2025-04-30,111602,1,19,0,1571.0
10109748ELIASI_2025-04-30_G58,10109748ELIASI,2025-04-30,109640,1,25,0,311.0
10109748ELIASI_2025-04-30_G59,10109748ELIASI,2025-04-30,109640,1,40,0,248.0
10109748ELIASI_2025-04-30_G60,10109748ELIASI,2025-04-30,117855,1,16,0,308.0
10109748ELIASI_2025-04-30_G61,10109748ELIASI,2025-04-30,110325,1,16,0,172.0
10109748ELIASI_2025-04-30_G62,10109748ELIASI,2025-04-30,117820,1,20,0,117.0
10109748ELIASI_2025-04-30_G63,10109748ELIASI,2025-04-30,110373,1,5,0,383.0
10109748ELIASI_2025-04-30_G64,10109748ELIASI,2025-04-30,110374,1,5,0,118.0
10109748ELIASI_2025-05-08_G02,10109748ELIASI,2025-05-08,111430,1,2,0,131.0
10109748ELIASI_2025-05-08_G03,10109748ELIASI,2025-05-08,108795,1,4,0,82.0
10109748ELIASI_2025-05-08_G04,10109748ELIASI,2025-05-08,100334,1,3,0,89.0
10109748ELIASI_2025-05-08_G05,10109748ELIASI,2025-05-08,117786,1,3,0,1169.0
10109748ELIASI_2025-05-08_G06,10109748ELIASI,2025-05-08,118299,1,7,0,109.0
10109748ELIASI_2025-05-08_G07,10109748ELIASI,2025-05-08,117808,1,3,0,63.0
10109748ELIASI_2025-05-08_G08,10109748ELIASI,2025-05-08,109643,1,2,0,130.0
10109748ELIASI_2025-05-08_G09,10109748ELIASI,2025-05-08,110325,1,2,0,453.0
10109748ELIASI_2025-05-08_G10,10109748ELIASI,2025-05-08,117808,1,14,0,137.0
10109748ELIASI_2025-05-08_G11,10109748ELIASI,2025-05-08,109643,1,3,0,56.0
10109748ELIASI_2025-05-08_G12,10109748ELIASI,2025-05-08,118004,1,3,0,191.0
10109748ELIASI_2025-05-08_G13,10109748ELIASI,2025-05-08,111466,1,1,0,66.0
10109748ELIASI_2025-05-16_G02,10109748ELIASI,2025-05-16,114091,1,5,0,367.0
10109748ELIASI_2025-05-16_G03,10109748ELIASI,2025-05-16,110372,1,100,0,369.0
10109748ELIASI_2025-05-16_G04,10109748ELIASI,2025-05-16,117820,1,50,0,762.0
10109748ELIASI_2025-05-16_G05,10109748ELIASI,2025-05-16,117832,1,30,0,328.0
10109748ELIASI_2025-05-16_G07,10109748ELIASI,2025-05-16,110371,1,20,0,301.0
10109748ELIASI_2025-05-16_G08,10109748ELIASI,2025-05-16,117808,1,550,0,196.0
10109748ELIASI_2025-05-16_G09,10109748ELIASI,2025-05-16,111120,2,8,8,397.0
10109748ELIASI_2025-05-16_G10,10109748ELIASI,2025-05-16,110582,1,4,0,179.0
10109748ELIASI_2025-05-16_G11,10109748ELIASI,2025-05-16,111441,1,2,0,83.0
10109748ELIASI_2025-05-16_G12,10109748ELIASI,2025-05-16,100334,1,1,0,52.0
10109748ELIASI_2025-05-16_G13,10109748ELIASI,2025-05-16,111569,1,3,0,175.0
10109748ELIASI_2025-05-16_G14,10109748ELIASI,2025-05-16,117831,1,20,0,1592.0
10109748ELIASI_2025-05-16_G15,10109748ELIASI,2025-05-16,110681,1,1,0,466.0
10109748ELIASI_2025-05-16_G16,10109748ELIASI,2025-05-16,140911,1,20,0,72.0
10109748ELIASI_2025-05-16_G17,10109748ELIASI,2025-05-16,118094,1,20,0,1530.0
10109748ELIASI_2025-05-16_G18,10109748ELIASI,2025-05-16,107629,1,10,0,591.0
10109748ELIASI_2025-05-16_G20,10109748ELIASI,2025-05-16,"111467, 117856, 117853",3,29,40,201.0
10109748ELIASI_2025-05-16_G21,10109748ELIASI,2025-05-16,111353,1,4,0,302.0
10109748ELIASI_2025-05-16_G22,10109748ELIASI,2025-05-16,110515,1,50,0,1362.0
10109748ELIASI_2025-05-26_G02,10109748ELIASI,2025-05-26,111172,1,1,0,1057.0
10109748ELIASI_2025-05-26_G03,10109748ELIASI,2025-05-26,117785,1,2,0,109.0
10109748ELIASI_2025-05-26_G04,10109748ELIASI,2025-05-26,110373,1,20,0,176.0
10109748ELIASI_2025-05-26_G05,10109748ELIASI,2025-05-26,118299,1,9,0,236.0
10109748ELIASI_2025-05-26_G06,10109748ELIASI,2025-05-26,117830,1,7,0,61.0
10109748ELIASI_2025-05-29_G02,10109748ELIASI,2025-05-29,111530,1,50,0,954.0
10109748ELIASI_2025-05-29_G03,10109748ELIASI,2025-05-29,117786,1,20,0,168.0
10109748ELIASI_2025-05-29_G04,10109748ELIASI,2025-05-29,111418,1,144,0,989.0
10109748ELIASI_2025-05-29_G05,10109748ELIASI,2025-05-29,110374,1,75,0,759.0
10109748ELIASI_2025-05-29_G06,10109748ELIASI,2025-05-29,110373,1,360,0,549.0
10109748ELIASI_2025-05-29_G07,10109748ELIASI,2025-05-29,110372,1,180,0,1815.0
10109748ELIASI_2025-05-29_G08,10109748ELIASI,2025-05-29,117820,1,127,0,759.0
10109748ELIASI_2025-05-29_G09,10109748ELIASI,2025-05-29,110371,1,165,0,923.0
10109748ELIASI_2025-05-29_G10,10109748ELIASI,2025-05-29,118299,1,150,0,789.0
10109748ELIASI_2025-05-29_G11,10109748ELIASI,2025-05-29,117808,1,815,0,541.0
10109748ELIASI_2025-05-29_G12,10109748ELIASI,2025-05-29,118094,1,4,0,1565.0
10109748ELIASI_2025-05-29_G13,10109748ELIASI,2025-05-29,111469,1,4,0,200.0
10109748ELIASI_2025-05-29_G14,10109748ELIASI,2025-05-29,110313,1,4,0,678.0
10109748ELIASI_2025-05-29_G15,10109748ELIASI,2025-05-29,117786,1,1,0,96.0
10109748ELIASI_2025-05-29_G16,10109748ELIASI,2025-05-29,111530,1,4,0,229.0
10109748ELIASI_2025-05-29_G17,10109748ELIASI,2025-05-29,110515,1,4,0,123.0
10109748ELIASI_2025-05-29_G18,10109748ELIASI,2025-05-29,110895,1,2,0,305.0
10109748ELIASI_2025-05-29_G19,10109748ELIASI,2025-05-29,111530,1,2,0,132.0
10109748ELIASI_2025-05-29_G20,10109748ELIASI,2025-05-29,110515,1,1,0,31.0
10109748ELIASI_2025-05-29_G21,10109748ELIASI,2025-05-29,109641,1,2,0,175.0
10109748ELIASI_2025-05-29_G22,10109748ELIASI,2025-05-29,111602,1,4,0,178.0
10109748ELIASI_2025-05-29_G23,10109748ELIASI,2025-05-29,111466,1,4,0,192.0
10109748ELIASI_2025-05-29_G24,10109748ELIASI,2025-05-29,111530,1,1,0,447.0
10109748ELIASI_2025-05-29_G25,10109748ELIASI,2025-05-29,140922,1,2,0,142.0
10109748ELIASI_2025-05-29_G26,10109748ELIASI,2025-05-29,111468,1,2,0,58.0
10109748ELIASI_2025-05-29_G27,10109748ELIASI,2025-05-29,111172,1,2,0,108.0
10109748ELIASI_2025-05-29_G28,10109748ELIASI,2025-05-29,117830,1,4,0,124.0
10109748ELIASI_2025-05-29_G29,10109748ELIASI,2025-05-29,110895,1,2,0,188.0
10109748ELIASI_2025-05-29_G30,10109748ELIASI,2025-05-29,110515,1,2,0,138.0
10109748ELIASI_2025-05-29_G31,10109748ELIASI,2025-05-29,110895,1,2,0,1374.0
10109748ELIASI_2025-05-29_G32,10109748ELIASI,2025-05-29,117786,1,6,0,229.0
10109748ELIASI_2025-05-31_G02,10109748ELIASI,2025-05-31,118094,1,12,0,799.0
10109748ELIASI_2025-05-31_G03,10109748ELIASI,2025-05-31,107629,1,2,0,66.0
10109748ELIASI_2025-05-31_G04,10109748ELIASI,2025-05-31,117837,1,12,0,274.0
10109748ELIASI_2025-05-31_G05,10109748ELIASI,2025-05-31,117855,1,10,0,210.0
10109748ELIASI_2025-05-31_G06,10109748ELIASI,2025-05-31,111602,1,21,0,1090.0
10109748ELIASI_2025-05-31_G07,10109748ELIASI,2025-05-31,111530,1,16,0,326.0
10109748ELIASI_2025-05-31_G08,10109748ELIASI,2025-05-31,110515,1,6,0,307.0
10109748ELIASI_2025-05-31_G09,10109748ELIASI,2025-05-31,117856,1,12,0,366.0
10109748ELIASI_2025-05-31_G10,10109748ELIASI,2025-05-31,141047,1,3,0,277.0
10109748ELIASI_2025-05-31_G11,10109748ELIASI,2025-05-31,117786,1,11,0,440.0
10109748ELIASI_2025-05-31_G12,10109748ELIASI,2025-05-31,110373,1,14,0,966.0
10109748ELIASI_2025-05-31_G13,10109748ELIASI,2025-05-31,110376,1,6,0,149.0
10109748ELIASI_2025-05-31_G14,10109748ELIASI,2025-05-31,118299,1,24,0,318.0
10109748ELIASI_2025-05-31_G15,10109748ELIASI,2025-05-31,117832,1,6,0,128.0
10109748ELIASI_2025-05-31_G16,10109748ELIASI,2025-05-31,141202,1,8,0,508.0
10109748ELIASI_2025-05-31_G17,10109748ELIASI,2025-05-31,117808,1,80,0,461.0
10109748ELIASI_2025-05-31_G18,10109748ELIASI,2025-05-31,117833,1,16,0,220.0
10109748ELIASI_2025-05-31_G19,10109748ELIASI,2025-05-31,108794,1,26,0,890.0
10109748ELIASI_2025-05-31_G21,10109748ELIASI,2025-05-31,118299,1,70,0,1208.0
10109748ELIASI_2025-05-31_G22,10109748ELIASI,2025-05-31,117808,1,160,0,524.0
10109748ELIASI_2025-05-31_G23,10109748ELIASI,2025-05-31,117808,1,25,0,1516.0
10109748ELIASI_2025-05-31_G24,10109748ELIASI,2025-05-31,117809,1,20,0,764.0
10109748ELIASI_2025-05-31_G25,10109748ELIASI,2025-05-31,117820,1,20,0,145.0
10109748ELIASI_2025-05-31_G26,10109748ELIASI,2025-05-31,117820,1,20,0,112.0
10109748ELIASI_2025-05-31_G27,10109748ELIASI,2025-05-31,109643,2,40,15,142.0
10109748ELIASI_2025-05-31_G28,10109748ELIASI,2025-05-31,110373,1,40,0,565.0
10109748ELIASI_2025-05-31_G29,10109748ELIASI,2025-05-31,110372,1,20,0,422.0
10109748ELIASI_2025-05-31_G30,10109748ELIASI,2025-05-31,117809,1,40,0,643.0
10109748ELIASI_2025-05-31_G31,10109748ELIASI,2025-05-31,102851,1,2,0,266.0
10109748ELIASI_2025-05-31_G32,10109748ELIASI,2025-05-31,110747,1,4,0,157.0
10109748ELIASI_2025-05-31_G33,10109748ELIASI,2025-05-31,117836,1,4,0,330.0
10109748ELIASI_2025-05-31_G34,10109748ELIASI,2025-05-31,118418,1,1,0,64.0
10109748ELIASI_2025-05-31_G35,10109748ELIASI,2025-05-31,110746,1,6,0,119.0
10109748ELIASI_2025-05-31_G36,10109748ELIASI,2025-05-31,105359,1,4,0,184.0
10109748ELIASI_2025-05-31_G37,10109748ELIASI,2025-05-31,110895,1,25,0,367.0
10109748ELIASI_2025-06-11_G02,10109748ELIASI,2025-06-11,111430,1,10,0,217.0
10109748ELIASI_2025-06-11_G03,10109748ELIASI,2025-06-11,100334,1,4,0,126.0
10109748ELIASI_2025-06-11_G04,10109748ELIASI,2025-06-11,111850,1,2,0,31.0
10109748ELIASI_2025-06-11_G05,10109748ELIASI,2025-06-11,110339,1,8,0,416.0
10109748ELIASI_2025-06-11_G06,10109748ELIASI,2025-06-11,110515,1,6,0,412.0
10109748ELIASI_2025-06-11_G07,10109748ELIASI,2025-06-11,110733,1,5,0,254.0
10109748ELIASI_2025-06-11_G08,10109748ELIASI,2025-06-11,111530,1,4,0,1582.0
10109748ELIASI_2025-06-11_G09,10109748ELIASI,2025-06-11,117856,1,8,0,390.0
10109748ELIASI_2025-06-11_G10,10109748ELIASI,2025-06-11,108794,2,9,13,434.0
10109748ELIASI_2025-06-11_G11,10109748ELIASI,2025-06-11,108711,2,6,5,287.0
10109748ELIASI_2025-06-11_G12,10109748ELIASI,2025-06-11,111418,3,34,24,178.0
10109748ELIASI_2025-06-11_G13,10109748ELIASI,2025-06-11,117785,1,6,0,910.0
10109748ELIASI_2025-06-11_G14,10109748ELIASI,2025-06-11,117821,1,6,0,213.0
10109748ELIASI_2025-06-11_G15,10109748ELIASI,2025-06-11,110374,1,11,0,198.0
10109748ELIASI_2025-06-11_G16,10109748ELIASI,2025-06-11,110375,1,12,0,371.0
10109748ELIASI_2025-06-11_G17,10109748ELIASI,2025-06-11,100334,1,1,0,1374.0
10109748ELIASI_2025-06-11_G18,10109748ELIASI,2025-06-11,109641,1,4,0,85.0
10109748ELIASI_2025-06-11_G19,10109748ELIASI,2025-06-11,109640,1,60,0,846.0
10109748ELIASI_2025-06-11_G20,10109748ELIASI,2025-06-11,109641,1,17,0,1366.0
10109748ELIASI_2025-06-11_G21,10109748ELIASI,2025-06-11,105705,1,8,0,228.0
10109748ELIASI_2025-06-11_G22,10109748ELIASI,2025-06-11,111182,1,7,0,132.0
10109748ELIASI_2025-06-11_G23,10109748ELIASI,2025-06-11,109645,1,12,0,223.0
10109748ELIASI_2025-06-11_G24,10109748ELIASI,2025-06-11,110313,1,4,0,713.0
10109748ELIASI_2025-06-11_G25,10109748ELIASI,2025-06-11,118140,1,40,0,64.0
10109748ELIASI_2025-06-11_G26,10109748ELIASI,2025-06-11,111441,1,4,0,419.0
10109748ELIASI_2025-06-11_G27,10109748ELIASI,2025-06-11,111438,1,4,0,305.0
10109748ELIASI_2025-06-11_G28,10109748ELIASI,2025-06-11,111569,1,4,0,94.0
10109748ELIASI_2025-06-11_G29,10109748ELIASI,2025-06-11,111467,1,4,0,243.0
10109748ELIASI_2025-06-11_G30,10109748ELIASI,2025-06-11,118140,1,2,0,361.0
10109748ELIASI_2025-06-11_G31,10109748ELIASI,2025-06-11,117821,1,2,0,124.0
10109748ELIASI_2025-06-11_G32,10109748ELIASI,2025-06-11,110372,1,2,0,151.0
10109748ELIASI_2025-06-11_G34,10109748ELIASI,2025-06-11,111469,2,8,6,349.0
10109748ELIASI_2025-06-11_G35,10109748ELIASI,2025-06-11,110733,1,4,0,284.0
10109748ELIASI_2025-06-11_G36,10109748ELIASI,2025-06-11,111602,1,12,0,75.0
10109748ELIASI_2025-06-11_G37,10109748ELIASI,2025-06-11,111466,1,1,0,262.0
10109748ELIASI_2025-06-11_G38,10109748ELIASI,2025-06-11,108711,1,8,0,207.0
10109748ELIASI_2025-06-11_G39,10109748ELIASI,2025-06-11,118140,1,20,0,440.0
10109748ELIASI_2025-06-11_G40,10109748ELIASI,2025-06-11,118140,1,8,0,282.0
10109748ELIASI_2025-06-11_G41,10109748ELIASI,2025-06-11,111462,1,45,0,1575.0
10109748ELIASI_2025-06-11_G42,10109748ELIASI,2025-06-11,110371,1,200,0,646.0
10109748ELIASI_2025-06-21_G02,10109748ELIASI,2025-06-21,111462,1,250,0,602.0
10109748ELIASI_2025-06-21_G03,10109748ELIASI,2025-06-21,111418,1,1000,0,2872.0
10109748ELIASI_2025-06-21_G04,10109748ELIASI,2025-06-21,109640,1,61,0,412.0
10109748ELIASI_2025-06-21_G05,10109748ELIASI,2025-06-21,111530,1,8,0,443.0
10109748ELIASI_2025-06-21_G06,10109748ELIASI,2025-06-21,100334,1,25,0,816.0
10109748ELIASI_2025-06-21_G07,10109748ELIASI,2025-06-21,111850,1,20,0,469.0
10109748ELIASI_2025-06-21_G08,10109748ELIASI,2025-06-21,117835,1,10,0,404.0
10109748ELIASI_2025-06-21_G09,10109748ELIASI,2025-06-21,118222,1,50,0,576.0
10109748ELIASI_2025-06-21_G10,10109748ELIASI,2025-06-21,110325,1,100,0,160.0
10109748ELIASI_2025-06-21_G11,10109748ELIASI,2025-06-21,117808,1,600,0,2782.0
10109748ELIASI_2025-06-21_G12,10109748ELIASI,2025-06-21,110374,1,81,0,299.0
10109748ELIASI_2025-06-21_G13,10109748ELIASI,2025-06-21,105705,1,50,0,106.0
10109748ELIASI_2025-06-21_G14,10109748ELIASI,2025-06-21,111463,1,60,0,378.0
10109748ELIASI_2025-06-21_G15,10109748ELIASI,2025-06-21,111469,1,100,0,636.0
10109748ELIASI_2025-06-21_G16,10109748ELIASI,2025-06-21,111462,1,100,0,568.0
10109748ELIASI_2025-06-21_G17,10109748ELIASI,2025-06-21,117821,1,60,0,604.0
10109748ELIASI_2025-06-21_G18,10109748ELIASI,2025-06-21,111418,1,82,0,294.0
10109748ELIASI_2025-06-21_G19,10109748ELIASI,2025-06-21,118140,1,80,0,416.0
10109748ELIASI_2025-06-21_G20,10109748ELIASI,2025-06-21,111465,1,29,0,257.0
10109748ELIASI_2025-06-21_G21,10109748ELIASI,2025-06-21,109645,1,32,0,630.0
10109748ELIASI_2025-06-21_G23,10109748ELIASI,2025-06-21,110339,1,7,0,183.0
10109748ELIASI_2025-06-21_G24,10109748ELIASI,2025-06-21,110515,1,30,0,452.0
10109748ELIASI_2025-06-21_G25,10109748ELIASI,2025-06-21,110515,1,13,0,153.0
10109748ELIASI_2025-06-28_G02,10109748ELIASI,2025-06-28,140922,1,4,0,234.0
10109748ELIASI_2025-06-28_G03,10109748ELIASI,2025-06-28,111172,1,16,0,849.0
10109748ELIASI_2025-06-28_G04,10109748ELIASI,2025-06-28,111469,1,4,0,584.0
10109748ELIASI_2025-07-03_G03,10109748ELIASI,2025-07-03,111447,1,100,0,1229.0
10109748ELIASI_2025-07-03_G04,10109748ELIASI,2025-07-03,110515,1,48,0,521.0
10109748ELIASI_2025-07-03_G05,10109748ELIASI,2025-07-03,111440,1,128,0,1554.0
10109748ELIASI_2025-07-12_G02,10109748ELIASI,2025-07-12,110765,1,2,0,232.0
10109748ELIASI_2025-07-12_G03,10109748ELIASI,2025-07-12,111447,1,8,0,174.0
10109748ELIASI_2025-07-12_G04,10109748ELIASI,2025-07-12,118306,1,8,0,44.0
10109748ELIASI_2025-07-12_G05,10109748ELIASI,2025-07-12,111435,1,4,0,323.0
10109748ELIASI_2025-07-12_G06,10109748ELIASI,2025-07-12,105705,1,10,0,162.0
10109748ELIASI_2025-07-14_G02,10109748ELIASI,2025-07-14,110373,1,5,0,62.0
10109748ELIASI_2025-07-14_G03,10109748ELIASI,2025-07-14,117809,1,6,0,110.0
10109748ELIASI_2025-07-14_G04,10109748ELIASI,2025-07-14,118299,1,16,0,231.0
10109748ELIASI_2025-07-14_G05,10109748ELIASI,2025-07-14,110371,1,4,0,1614.0
10109748ELIASI_2025-07-14_G06,10109748ELIASI,2025-07-14,110376,1,3,0,159.0
10109748ELIASI_2025-07-14_G07,10109748ELIASI,2025-07-14,"117820, 110372",2,22,28,174.0
10109748ELIASI_2025-07-14_G08,10109748ELIASI,2025-07-14,111172,1,4,0,580.0
10109748ELIASI_2025-07-14_G09,10109748ELIASI,2025-07-14,111532,1,1,0,57.0
10109748ELIASI_2025-07-14_G10,10109748ELIASI,2025-07-14,109641,1,2,0,148.0
10109748ELIASI_2025-07-14_G11,10109748ELIASI,2025-07-14,111418,1,2,0,94.0
10109748ELIASI_2025-07-14_G12,10109748ELIASI,2025-07-14,117785,1,1,0,76.0
10109748ELIASI_2025-07-24_G02,10109748ELIASI,2025-07-24,110751,1,2,0,146.0
10109748ELIASI_2025-07-24_G03,10109748ELIASI,2025-07-24,111418,1,6,0,70.0
10109748ELIASI_2025-07-24_G04,10109748ELIASI,2025-07-24,"108711, 111434",2,5,30,31.0
10109748ELIASI_2025-07-24_G05,10109748ELIASI,2025-07-24,111462,1,9,0,100.0
10109748ELIASI_2025-07-24_G06,10109748ELIASI,2025-07-24,108798,1,6,0,56.0
10109748ELIASI_2025-07-24_G07,10109748ELIASI,2025-07-24,118140,1,17,0,112.0
10109748ELIASI_2025-07-24_G08,10109748ELIASI,2025-07-24,117787,1,24,0,120.0
10109748ELIASI_2025-07-24_G09,10109748ELIASI,2025-07-24,111433,1,2,0,232.0
10109748ELIASI_2025-07-24_G10,10109748ELIASI,2025-07-24,111444,1,4,0,100.0
10109748ELIASI_2025-07-24_G11,10109748ELIASI,2025-07-24,111468,1,47,0,324.0
10109748ELIASI_2025-07-24_G12,10109748ELIASI,2025-07-24,111463,1,10,0,2124.0
10109748ELIASI_2025-07-31_G02,10109748ELIASI,2025-07-31,108798,1,10,0,220.0
10109748ELIASI_2025-07-31_G03,10109748ELIASI,2025-07-31,111532,1,30,0,2699.0
10109748ELIASI_2025-07-31_G04,10109748ELIASI,2025-07-31,109645,1,8,0,936.0
10109748ELIASI_2025-07-31_G05,10109748ELIASI,2025-07-31,118326,1,21,0,224.0
10109748ELIASI_2025-07-31_G06,10109748ELIASI,2025-07-31,117787,1,14,0,311.0
10109748ELIASI_2025-07-31_G07,10109748ELIASI,2025-07-31,118317,1,40,0,302.0
10109748ELIASI_2025-07-31_G08,10109748ELIASI,2025-07-31,141823,1,20,0,589.0
10109748ELIASI_2025-07-31_G09,10109748ELIASI,2025-07-31,118330,1,20,0,298.0
10109748ELIASI_2025-07-31_G10,10109748ELIASI,2025-07-31,110332,1,8,0,323.0
10109748ELIASI_2025-07-31_G11,10109748ELIASI,2025-07-31,117808,1,700,0,421.0
10109748ELIASI_2025-07-31_G12,10109748ELIASI,2025-07-31,117831,1,10,0,241.0
10109748ELIASI_2025-07-31_G13,10109748ELIASI,2025-07-31,110711,1,20,0,605.0
10109748ELIASI_2025-07-31_G14,10109748ELIASI,2025-07-31,101217,1,3,0,203.0
10109748ELIASI_2025-07-31_G15,10109748ELIASI,2025-07-31,118416,1,8,0,991.0
10109748ELIASI_2025-07-31_G16,10109748ELIASI,2025-07-31,117853,1,20,0,173.0
10109748ELIASI_2025-07-31_G17,10109748ELIASI,2025-07-31,118281,1,40,0,359.0
10109748ELIASI_2025-07-31_G18,10109748ELIASI,2025-07-31,117830,1,70,0,2323.0
10109748ELIASI_2025-07-31_G19,10109748ELIASI,2025-07-31,110373,1,100,0,397.0
10109748ELIASI_2025-07-31_G20,10109748ELIASI,2025-07-31,117808,1,300,0,318.0
10109748ELIASI_2025-07-31_G21,10109748ELIASI,2025-07-31,110374,1,60,0,636.0
10109748ELIASI_2025-07-31_G22,10109748ELIASI,2025-07-31,110372,1,200,0,933.0
10109748ELIASI_2025-07-31_G23,10109748ELIASI,2025-07-31,111602,1,60,0,368.0
10109748ELIASI_2025-07-31_G24,10109748ELIASI,2025-07-31,117862,1,30,0,345.0
10109748ELIASI_2025-07-31_G25,10109748ELIASI,2025-07-31,111530,1,30,0,340.0
10109748ELIASI_2025-07-31_G26,10109748ELIASI,2025-07-31,117855,1,40,0,1312.0
10109748ELIASI_2025-07-31_G27,10109748ELIASI,2025-07-31,110515,1,30,0,605.0
10109748ELIASI_2025-07-31_G29,10109748ELIASI,2025-07-31,141456,1,46,0,387.0
10109748ELIASI_2025-07-31_G30,10109748ELIASI,2025-07-31,111468,1,20,0,124.0
10109748ELIASI_2025-07-31_G31,10109748ELIASI,2025-07-31,141458,1,50,0,364.0
10109748ELIASI_2025-07-31_G32,10109748ELIASI,2025-07-31,110373,1,38,0,397.0
10109748ELIASI_2025-08-12_G02,10109748ELIASI,2025-08-12,108711,1,10,0,136.0
10109748ELIASI_2025-08-12_G03,10109748ELIASI,2025-08-12,105705,1,8,0,272.0
10109748ELIASI_2025-08-12_G04,10109748ELIASI,2025-08-12,118140,1,19,0,199.0
10109748ELIASI_2025-08-12_G05,10109748ELIASI,2025-08-12,117822,1,11,0,424.0
10109748ELIASI_2025-08-12_G06,10109748ELIASI,2025-08-12,117832,1,20,0,818.0
10109748ELIASI_2025-08-12_G07,10109748ELIASI,2025-08-12,110325,1,10,0,527.0
10109748ELIASI_2025-08-12_G08,10109748ELIASI,2025-08-12,141202,1,30,0,459.0
10109748ELIASI_2025-08-12_G09,10109748ELIASI,2025-08-12,109643,1,20,0,107.0
10109748ELIASI_2025-08-12_G10,10109748ELIASI,2025-08-12,110374,1,11,0,1524.0
10109748ELIASI_2025-08-12_G11,10109748ELIASI,2025-08-12,110580,1,1,0,1007.0
10109748ELIASI_2025-08-12_G12,10109748ELIASI,2025-08-12,117862,1,9,0,147.0
10109748ELIASI_2025-08-12_G13,10109748ELIASI,2025-08-12,111876,1,8,0,191.0
10109748ELIASI_2025-08-12_G14,10109748ELIASI,2025-08-12,118298,1,10,0,243.0
10109748ELIASI_2025-08-12_G15,10109748ELIASI,2025-08-12,117786,1,21,0,686.0
10109748ELIASI_2025-08-12_G17,10109748ELIASI,2025-08-12,117853,1,10,0,235.0
10109748ELIASI_2025-08-12_G18,10109748ELIASI,2025-08-12,109647,1,11,0,251.0
10109748ELIASI_2025-08-12_G19,10109748ELIASI,2025-08-12,109640,1,1,0,159.0
10109748ELIASI_2025-08-12_G20,10109748ELIASI,2025-08-12,110515,1,30,0,1131.0
10109748ELIASI_2025-08-12_G21,10109748ELIASI,2025-08-12,110339,1,20,0,371.0
10109748ELIASI_2025-08-12_G22,10109748ELIASI,2025-08-12,111602,1,81,0,334.0
10109748ELIASI_2025-08-12_G23,10109748ELIASI,2025-08-12,118094,1,24,0,229.0
10109749DUTRAJ_2025-02-07_G02,10109749DUTRAJ,2025-02-07,111430,1,10,0,265.0
10109749DUTRAJ_2025-02-07_G03,10109749DUTRAJ,2025-02-07,118306,1,4,0,157.0
10109749DUTRAJ_2025-02-07_G04,10109749DUTRAJ,2025-02-07,110313,1,12,0,283.0
10109749DUTRAJ_2025-02-07_G05,10109749DUTRAJ,2025-02-07,109647,1,1,0,171.0
10109749DUTRAJ_2025-02-07_G06,10109749DUTRAJ,2025-02-07,110515,1,10,0,355.0
10109749DUTRAJ_2025-02-07_G07,10109749DUTRAJ,2025-02-07,118298,1,4,0,262.0
10109749DUTRAJ_2025-02-07_G08,10109749DUTRAJ,2025-02-07,110711,1,4,0,455.0
10109749DUTRAJ_2025-02-07_G09,10109749DUTRAJ,2025-02-07,111435,1,3,0,1774.0
10109749DUTRAJ_2025-02-07_G10,10109749DUTRAJ,2025-02-07,117831,1,20,0,419.0
10109749DUTRAJ_2025-02-07_G11,10109749DUTRAJ,2025-02-07,111172,1,4,0,167.0
10109749DUTRAJ_2025-02-07_G12,10109749DUTRAJ,2025-02-07,111532,1,20,0,1032.0
10109749DUTRAJ_2025-02-07_G13,10109749DUTRAJ,2025-02-07,111330,1,4,0,216.0
10109749DUTRAJ_2025-02-07_G14,10109749DUTRAJ,2025-02-07,110751,1,2,0,141.0
10109749DUTRAJ_2025-02-07_G15,10109749DUTRAJ,2025-02-07,110745,1,9,0,220.0
10109749DUTRAJ_2025-02-07_G16,10109749DUTRAJ,2025-02-07,111348,1,4,0,103.0
10109749DUTRAJ_2025-02-07_G17,10109749DUTRAJ,2025-02-07,117787,1,6,0,259.0
10109749DUTRAJ_2025-02-07_G18,10109749DUTRAJ,2025-02-07,118140,1,50,0,835.0
10109749DUTRAJ_2025-02-07_G19,10109749DUTRAJ,2025-02-07,110787,1,20,0,406.0
10109749DUTRAJ_2025-02-07_G20,10109749DUTRAJ,2025-02-07,110371,1,60,0,2406.0
10109749DUTRAJ_2025-02-07_G21,10109749DUTRAJ,2025-02-07,110374,1,20,0,394.0
10109749DUTRAJ_2025-02-11_G02,10109749DUTRAJ,2025-02-11,110313,1,6,0,334.0
10109749DUTRAJ_2025-02-11_G03,10109749DUTRAJ,2025-02-11,117788,1,1,0,113.0
10109749DUTRAJ_2025-02-11_G04,10109749DUTRAJ,2025-02-11,107629,1,4,0,165.0
10109749DUTRAJ_2025-02-11_G05,10109749DUTRAJ,2025-02-11,107236,1,2,0,747.0
10109749DUTRAJ_2025-02-11_G06,10109749DUTRAJ,2025-02-11,111442,1,10,0,292.0
10109749DUTRAJ_2025-02-11_G07,10109749DUTRAJ,2025-02-11,109641,1,6,0,137.0
10109749DUTRAJ_2025-02-11_G08,10109749DUTRAJ,2025-02-11,111418,1,10,0,235.0
10109749DUTRAJ_2025-02-11_G09,10109749DUTRAJ,2025-02-11,109645,1,6,0,109.0
10109749DUTRAJ_2025-02-11_G10,10109749DUTRAJ,2025-02-11,117785,1,5,0,118.0
10109749DUTRAJ_2025-02-11_G11,10109749DUTRAJ,2025-02-11,108795,1,2,0,78.0
10109749DUTRAJ_2025-02-11_G12,10109749DUTRAJ,2025-02-11,117787,1,1,0,91.0
10109749DUTRAJ_2025-02-11_G13,10109749DUTRAJ,2025-02-11,108711,1,12,0,734.0
10109749DUTRAJ_2025-02-11_G14,10109749DUTRAJ,2025-02-11,105705,1,1,0,100.0
10109749DUTRAJ_2025-02-11_G15,10109749DUTRAJ,2025-02-11,111469,1,8,0,302.0
10109749DUTRAJ_2025-02-11_G17,10109749DUTRAJ,2025-02-11,110895,1,2,0,139.0
10109749DUTRAJ_2025-02-11_G18,10109749DUTRAJ,2025-02-11,110895,1,6,0,771.0
10109749DUTRAJ_2025-02-11_G19,10109749DUTRAJ,2025-02-11,115773,1,4,0,176.0
10109749DUTRAJ_2025-02-11_G20,10109749DUTRAJ,2025-02-11,111467,1,2,0,1219.0
10109749DUTRAJ_2025-02-11_G21,10109749DUTRAJ,2025-02-11,111532,1,5,0,217.0
10109749DUTRAJ_2025-02-11_G22,10109749DUTRAJ,2025-02-11,111418,1,10,0,495.0
10109749DUTRAJ_2025-02-11_G23,10109749DUTRAJ,2025-02-11,111418,1,1,0,34.0
10109749DUTRAJ_2025-02-11_G24,10109749DUTRAJ,2025-02-11,110325,1,4,0,278.0
10109749DUTRAJ_2025-02-11_G25,10109749DUTRAJ,2025-02-11,111466,1,2,0,211.0
10109749DUTRAJ_2025-02-11_G26,10109749DUTRAJ,2025-02-11,111532,1,1,0,200.0
10109749DUTRAJ_2025-02-11_G27,10109749DUTRAJ,2025-02-11,111418,1,2,0,158.0
10109749DUTRAJ_2025-02-11_G28,10109749DUTRAJ,2025-02-11,111418,1,3,0,38.0
10109749DUTRAJ_2025-02-11_G29,10109749DUTRAJ,2025-02-11,111466,1,4,0,491.0
10109749DUTRAJ_2025-02-11_G30,10109749DUTRAJ,2025-02-11,111532,1,8,0,181.0
10109749DUTRAJ_2025-02-11_G31,10109749DUTRAJ,2025-02-11,110740,1,1,0,1195.0
10109749DUTRAJ_2025-02-11_G32,10109749DUTRAJ,2025-02-11,110325,1,3,0,107.0
10109749DUTRAJ_2025-02-11_G33,10109749DUTRAJ,2025-02-11,110374,1,3,0,76.0
10109749DUTRAJ_2025-02-11_G35,10109749DUTRAJ,2025-02-11,116241,1,3,0,1059.0
10109749DUTRAJ_2025-02-11_G36,10109749DUTRAJ,2025-02-11,111431,1,8,0,658.0
10109749DUTRAJ_2025-02-11_G37,10109749DUTRAJ,2025-02-11,111462,1,8,0,160.0
10109749DUTRAJ_2025-02-11_G38,10109749DUTRAJ,2025-02-11,117831,1,50,0,1104.0
10109749DUTRAJ_2025-02-11_G39,10109749DUTRAJ,2025-02-11,117785,1,44,0,1211.0
10109749DUTRAJ_2025-02-12_G02,10109749DUTRAJ,2025-02-12,117855,1,4,0,60.0
10109749DUTRAJ_2025-02-12_G03,10109749DUTRAJ,2025-02-12,111466,1,16,0,308.0
10109749DUTRAJ_2025-02-12_G04,10109749DUTRAJ,2025-02-12,110374,1,8,0,182.0
10109749DUTRAJ_2025-02-12_G05,10109749DUTRAJ,2025-02-12,110374,1,1,0,40.0
10109749DUTRAJ_2025-02-12_G06,10109749DUTRAJ,2025-02-12,117820,1,3,0,161.0
10109749DUTRAJ_2025-02-12_G07,10109749DUTRAJ,2025-02-12,110742,1,2,0,513.0
10109749DUTRAJ_2025-02-12_G08,10109749DUTRAJ,2025-02-12,108759,1,4,0,238.0
10109749DUTRAJ_2025-02-12_G09,10109749DUTRAJ,2025-02-12,111569,1,4,0,513.0
10109749DUTRAJ_2025-02-12_G10,10109749DUTRAJ,2025-02-12,118306,1,4,0,212.0
10109749DUTRAJ_2025-02-12_G11,10109749DUTRAJ,2025-02-12,110515,1,8,0,883.0
10109749DUTRAJ_2025-02-12_G12,10109749DUTRAJ,2025-02-12,118140,1,14,0,232.0
10109749DUTRAJ_2025-02-12_G13,10109749DUTRAJ,2025-02-12,117821,1,3,0,255.0
10109749DUTRAJ_2025-02-12_G14,10109749DUTRAJ,2025-02-12,110374,1,10,0,1072.0
10109749DUTRAJ_2025-02-12_G15,10109749DUTRAJ,2025-02-12,140922,1,4,0,2660.0
10109749DUTRAJ_2025-02-12_G16,10109749DUTRAJ,2025-02-12,117837,1,12,0,919.0
10109749DUTRAJ_2025-02-12_G17,10109749DUTRAJ,2025-02-12,117855,1,5,0,885.0
10109749DUTRAJ_2025-02-12_G18,10109749DUTRAJ,2025-02-12,111465,1,1,0,132.0
10109749DUTRAJ_2025-02-12_G19,10109749DUTRAJ,2025-02-12,111469,1,1,0,131.0
10109749DUTRAJ_2025-02-12_G20,10109749DUTRAJ,2025-02-12,107236,1,1,0,67.0
10109749DUTRAJ_2025-02-12_G21,10109749DUTRAJ,2025-02-12,109640,1,2,0,171.0
10109749DUTRAJ_2025-02-12_G22,10109749DUTRAJ,2025-02-12,117837,1,2,0,211.0
10109749DUTRAJ_2025-02-12_G23,10109749DUTRAJ,2025-02-12,140922,1,4,0,788.0
10109749DUTRAJ_2025-02-12_G24,10109749DUTRAJ,2025-02-12,111465,1,2,0,140.0
10109749DUTRAJ_2025-02-12_G25,10109749DUTRAJ,2025-02-12,118306,1,4,0,576.0
10109749DUTRAJ_2025-02-12_G26,10109749DUTRAJ,2025-02-12,110747,1,4,0,251.0
10109749DUTRAJ_2025-02-12_G27,10109749DUTRAJ,2025-02-12,110743,1,2,0,715.0
10109749DUTRAJ_2025-02-12_G28,10109749DUTRAJ,2025-02-12,110743,1,4,0,262.0
10109749DUTRAJ_2025-02-12_G29,10109749DUTRAJ,2025-02-12,110747,1,2,0,652.0
10109749DUTRAJ_2025-02-12_G30,10109749DUTRAJ,2025-02-12,117837,1,4,0,243.0
10109749DUTRAJ_2025-02-12_G31,10109749DUTRAJ,2025-02-12,110339,1,3,0,159.0
10109749DUTRAJ_2025-02-12_G32,10109749DUTRAJ,2025-02-12,117786,2,2,15,144.0
10109749DUTRAJ_2025-02-12_G33,10109749DUTRAJ,2025-02-12,117831,1,6,0,343.0
10109749DUTRAJ_2025-02-12_G34,10109749DUTRAJ,2025-02-12,111466,1,1,0,87.0
10109749DUTRAJ_2025-02-12_G35,10109749DUTRAJ,2025-02-12,111468,1,2,0,320.0
10109749DUTRAJ_2025-02-12_G36,10109749DUTRAJ,2025-02-12,110787,1,1,0,51.0
10109749DUTRAJ_2025-02-12_G37,10109749DUTRAJ,2025-02-12,108795,1,2,0,235.0
10109749DUTRAJ_2025-02-12_G38,10109749DUTRAJ,2025-02-12,117853,1,8,0,724.0
10109749DUTRAJ_2025-02-12_G39,10109749DUTRAJ,2025-02-12,111602,1,13,0,929.0
10109749DUTRAJ_2025-02-12_G40,10109749DUTRAJ,2025-02-12,109640,1,16,0,915.0
10109749DUTRAJ_2025-02-12_G41,10109749DUTRAJ,2025-02-12,111467,1,9,0,196.0
10109749DUTRAJ_2025-02-12_G42,10109749DUTRAJ,2025-02-12,110711,1,9,0,232.0
10109749DUTRAJ_2025-02-12_G43,10109749DUTRAJ,2025-02-12,117831,1,50,0,1395.0
10109749DUTRAJ_2025-02-12_G45,10109749DUTRAJ,2025-02-12,117837,1,12,0,173.0
10109749DUTRAJ_2025-02-12_G46,10109749DUTRAJ,2025-02-12,117855,1,24,0,695.0
10109749DUTRAJ_2025-02-12_G47,10109749DUTRAJ,2025-02-12,110339,1,60,0,547.0
10109749DUTRAJ_2025-02-12_G48,10109749DUTRAJ,2025-02-12,141047,1,12,0,814.0
10109749DUTRAJ_2025-02-13_G02,10109749DUTRAJ,2025-02-13,117855,1,4,0,179.0
10109749DUTRAJ_2025-02-13_G03,10109749DUTRAJ,2025-02-13,117855,1,4,0,66.0
10109749DUTRAJ_2025-02-13_G04,10109749DUTRAJ,2025-02-13,110339,1,4,0,189.0
10109749DUTRAJ_2025-02-13_G05,10109749DUTRAJ,2025-02-13,107629,1,4,0,369.0
10109749DUTRAJ_2025-02-13_G06,10109749DUTRAJ,2025-02-13,110740,1,4,0,669.0
10109749DUTRAJ_2025-02-13_G07,10109749DUTRAJ,2025-02-13,110515,1,12,0,321.0
10109749DUTRAJ_2025-02-13_G08,10109749DUTRAJ,2025-02-13,111462,1,12,0,348.0
10109749DUTRAJ_2025-02-13_G09,10109749DUTRAJ,2025-02-13,117832,1,6,0,813.0
10109749DUTRAJ_2025-02-13_G10,10109749DUTRAJ,2025-02-13,110374,1,6,0,313.0
10109749DUTRAJ_2025-02-13_G11,10109749DUTRAJ,2025-02-13,118299,1,10,0,286.0
10109749DUTRAJ_2025-02-13_G12,10109749DUTRAJ,2025-02-13,108759,1,4,0,491.0
10109749DUTRAJ_2025-02-13_G13,10109749DUTRAJ,2025-02-13,117855,1,8,0,270.0
10109749DUTRAJ_2025-02-13_G14,10109749DUTRAJ,2025-02-13,111469,1,6,0,935.0
10109749DUTRAJ_2025-02-13_G15,10109749DUTRAJ,2025-02-13,111438,1,4,0,1487.0
10109749DUTRAJ_2025-02-13_G16,10109749DUTRAJ,2025-02-13,117837,1,2,0,154.0
10109749DUTRAJ_2025-02-13_G17,10109749DUTRAJ,2025-02-13,140922,1,2,0,160.0
10109749DUTRAJ_2025-02-13_G18,10109749DUTRAJ,2025-02-13,117785,1,4,0,197.0
10109749DUTRAJ_2025-02-13_G19,10109749DUTRAJ,2025-02-13,110515,1,2,0,256.0
10109749DUTRAJ_2025-02-13_G20,10109749DUTRAJ,2025-02-13,111430,1,8,0,371.0
10109749DUTRAJ_2025-02-13_G21,10109749DUTRAJ,2025-02-13,109937,1,2,0,404.0
10109749DUTRAJ_2025-02-13_G22,10109749DUTRAJ,2025-02-13,111438,1,1,0,129.0
10109749DUTRAJ_2025-02-13_G23,10109749DUTRAJ,2025-02-13,110371,1,2,0,251.0
10109749DUTRAJ_2025-02-13_G24,10109749DUTRAJ,2025-02-13,110373,1,39,0,2430.0
10109749DUTRAJ_2025-02-13_G25,10109749DUTRAJ,2025-02-13,110515,1,3,0,424.0
10109749DUTRAJ_2025-02-13_G26,10109749DUTRAJ,2025-02-13,110373,1,11,0,278.0
10109749DUTRAJ_2025-02-13_G27,10109749DUTRAJ,2025-02-13,110372,1,18,0,449.0
10109749DUTRAJ_2025-02-13_G28,10109749DUTRAJ,2025-02-13,110515,1,6,0,362.0
10109749DUTRAJ_2025-02-13_G29,10109749DUTRAJ,2025-02-13,108711,1,1,0,171.0
10109749DUTRAJ_2025-02-14_G02,10109749DUTRAJ,2025-02-14,110895,1,4,0,114.0
10109749DUTRAJ_2025-02-14_G03,10109749DUTRAJ,2025-02-14,111569,1,10,0,816.0
10109749DUTRAJ_2025-02-14_G04,10109749DUTRAJ,2025-02-14,111602,1,8,0,1790.0
10109749DUTRAJ_2025-02-14_G05,10109749DUTRAJ,2025-02-14,118299,1,30,0,1097.0
10109749DUTRAJ_2025-02-14_G06,10109749DUTRAJ,2025-02-14,110373,1,20,0,864.0
10109749DUTRAJ_2025-02-14_G07,10109749DUTRAJ,2025-02-14,110371,1,80,0,1381.0
10109749DUTRAJ_2025-02-14_G08,10109749DUTRAJ,2025-02-14,117822,1,2,0,439.0
10109749DUTRAJ_2025-02-14_G09,10109749DUTRAJ,2025-02-14,110374,1,35,0,1806.0
10109749DUTRAJ_2025-02-14_G10,10109749DUTRAJ,2025-02-14,117840,1,2,0,476.0
10109749DUTRAJ_2025-02-14_G11,10109749DUTRAJ,2025-02-14,109643,1,4,0,550.0
10109749DUTRAJ_2025-02-14_G12,10109749DUTRAJ,2025-02-14,109640,1,4,0,2443.0
10109749DUTRAJ_2025-02-14_G13,10109749DUTRAJ,2025-02-14,105705,1,8,0,118.0
10109749DUTRAJ_2025-02-14_G14,10109749DUTRAJ,2025-02-14,105705,1,8,0,178.0
10109749DUTRAJ_2025-02-14_G15,10109749DUTRAJ,2025-02-14,111530,1,2,0,78.0
10109749DUTRAJ_2025-02-14_G16,10109749DUTRAJ,2025-02-14,118317,1,7,0,211.0
10109749DUTRAJ_2025-02-14_G17,10109749DUTRAJ,2025-02-14,117832,1,4,0,792.0
10109749DUTRAJ_2025-02-14_G18,10109749DUTRAJ,2025-02-14,109974,1,2,0,224.0
10109749DUTRAJ_2025-02-14_G19,10109749DUTRAJ,2025-02-14,110500,1,2,0,133.0
10109749DUTRAJ_2025-02-14_G20,10109749DUTRAJ,2025-02-14,111532,1,12,0,116.0
10109749DUTRAJ_2025-02-14_G21,10109749DUTRAJ,2025-02-14,140922,1,2,0,245.0
10109749DUTRAJ_2025-02-14_G22,10109749DUTRAJ,2025-02-14,140911,1,12,0,1156.0
10109749DUTRAJ_2025-02-14_G23,10109749DUTRAJ,2025-02-14,110372,1,2,0,525.0
10109749DUTRAJ_2025-02-14_G24,10109749DUTRAJ,2025-02-14,111602,1,1,0,290.0
10109749DUTRAJ_2025-02-14_G25,10109749DUTRAJ,2025-02-14,109640,1,2,0,94.0
10109749DUTRAJ_2025-02-14_G26,10109749DUTRAJ,2025-02-14,110339,1,4,0,188.0
10109749DUTRAJ_2025-02-14_G28,10109749DUTRAJ,2025-02-14,110895,1,11,0,205.0
10109749DUTRAJ_2025-02-14_G29,10109749DUTRAJ,2025-02-14,110583,1,2,0,187.0
10109749DUTRAJ_2025-02-14_G30,10109749DUTRAJ,2025-02-14,117862,1,40,0,1989.0
10109749DUTRAJ_2025-02-14_G31,10109749DUTRAJ,2025-02-14,110092,1,1,0,250.0
10109749DUTRAJ_2025-02-14_G32,10109749DUTRAJ,2025-02-14,117855,1,10,0,152.0
10109749DUTRAJ_2025-02-15_G02,10109749DUTRAJ,2025-02-15,117855,1,7,0,195.0
10109749DUTRAJ_2025-02-15_G03,10109749DUTRAJ,2025-02-15,117821,1,20,0,422.0
10109749DUTRAJ_2025-02-15_G04,10109749DUTRAJ,2025-02-15,105705,1,7,0,81.0
10109749DUTRAJ_2025-02-15_G05,10109749DUTRAJ,2025-02-15,111569,1,2,0,1159.0
10109749DUTRAJ_2025-02-15_G06,10109749DUTRAJ,2025-02-15,100334,1,1,0,49.0
10109749DUTRAJ_2025-02-15_G07,10109749DUTRAJ,2025-02-15,111090,1,4,0,650.0
10109749DUTRAJ_2025-02-15_G08,10109749DUTRAJ,2025-02-15,118403,1,4,0,151.0
10109749DUTRAJ_2025-02-15_G09,10109749DUTRAJ,2025-02-15,111602,1,15,0,1090.0
10109749DUTRAJ_2025-02-15_G10,10109749DUTRAJ,2025-02-15,109640,1,8,0,44.0
10109749DUTRAJ_2025-02-15_G11,10109749DUTRAJ,2025-02-15,111467,1,1,0,347.0
10109749DUTRAJ_2025-02-15_G12,10109749DUTRAJ,2025-02-15,111467,1,2,0,57.0
10109749DUTRAJ_2025-02-15_G13,10109749DUTRAJ,2025-02-15,117855,1,26,0,1791.0
10109749DUTRAJ_2025-02-15_G14,10109749DUTRAJ,2025-02-15,110313,1,2,0,279.0
10109749DUTRAJ_2025-02-15_G15,10109749DUTRAJ,2025-02-15,110339,1,4,0,182.0
10109749DUTRAJ_2025-02-15_G16,10109749DUTRAJ,2025-02-15,110515,1,12,0,454.0
10109749DUTRAJ_2025-02-15_G17,10109749DUTRAJ,2025-02-15,118298,1,7,0,55.0
10109749DUTRAJ_2025-02-15_G18,10109749DUTRAJ,2025-02-15,110711,1,1,0,100.0
10109749DUTRAJ_2025-02-15_G19,10109749DUTRAJ,2025-02-15,141047,1,4,0,185.0
10109749DUTRAJ_2025-02-15_G20,10109749DUTRAJ,2025-02-15,107629,1,4,0,163.0
10109749DUTRAJ_2025-02-15_G21,10109749DUTRAJ,2025-02-15,110313,1,3,0,893.0
10109749DUTRAJ_2025-02-15_G22,10109749DUTRAJ,2025-02-15,111530,1,1,0,648.0
10109749DUTRAJ_2025-02-15_G23,10109749DUTRAJ,2025-02-15,111466,1,4,0,754.0
10109749DUTRAJ_2025-02-15_G24,10109749DUTRAJ,2025-02-15,109643,1,3,0,109.0
10109749DUTRAJ_2025-02-15_G25,10109749DUTRAJ,2025-02-15,110752,1,8,0,2249.0
10109749DUTRAJ_2025-02-15_G26,10109749DUTRAJ,2025-02-15,117861,1,2,0,143.0
10109749DUTRAJ_2025-02-15_G27,10109749DUTRAJ,2025-02-15,110339,1,12,0,195.0
10109749DUTRAJ_2025-02-15_G28,10109749DUTRAJ,2025-02-15,110711,1,28,0,413.0
10109749DUTRAJ_2025-02-15_G29,10109749DUTRAJ,2025-02-15,109640,1,20,0,68.0
10109749DUTRAJ_2025-02-15_G30,10109749DUTRAJ,2025-02-15,111467,1,12,0,158.0
10109749DUTRAJ_2025-02-15_G31,10109749DUTRAJ,2025-02-15,111650,1,2,0,285.0
10109749DUTRAJ_2025-02-15_G33,10109749DUTRAJ,2025-02-15,109641,1,6,0,102.0
10109749DUTRAJ_2025-02-15_G34,10109749DUTRAJ,2025-02-15,111330,1,10,0,277.0
10109749DUTRAJ_2025-02-15_G35,10109749DUTRAJ,2025-02-15,109645,1,6,0,163.0
10109749DUTRAJ_2025-02-15_G36,10109749DUTRAJ,2025-02-15,110745,1,4,0,136.0
10109749DUTRAJ_2025-02-15_G37,10109749DUTRAJ,2025-02-15,108798,1,8,0,183.0
10109749DUTRAJ_2025-02-15_G38,10109749DUTRAJ,2025-02-15,118223,1,8,0,248.0
10109749DUTRAJ_2025-02-15_G39,10109749DUTRAJ,2025-02-15,105705,1,8,0,871.0
10109749DUTRAJ_2025-02-15_G40,10109749DUTRAJ,2025-02-15,118004,1,10,0,186.0
10109749DUTRAJ_2025-02-15_G41,10109749DUTRAJ,2025-02-15,111462,1,10,0,164.0
10109749DUTRAJ_2025-02-15_G42,10109749DUTRAJ,2025-02-15,111462,1,17,0,123.0
10109749DUTRAJ_2025-02-15_G43,10109749DUTRAJ,2025-02-15,110325,1,20,0,957.0
10109749DUTRAJ_2025-02-15_G44,10109749DUTRAJ,2025-02-15,109643,1,15,0,477.0
10109749DUTRAJ_2025-02-18_G02,10109749DUTRAJ,2025-02-18,140922,1,4,0,177.0
10109749DUTRAJ_2025-02-18_G03,10109749DUTRAJ,2025-02-18,118140,1,4,0,241.0
10109749DUTRAJ_2025-02-18_G04,10109749DUTRAJ,2025-02-18,160055,1,1,0,776.0
10109749DUTRAJ_2025-02-18_G05,10109749DUTRAJ,2025-02-18,109643,1,4,0,154.0
10109749DUTRAJ_2025-02-18_G06,10109749DUTRAJ,2025-02-18,160054,1,1,0,134.0
10109749DUTRAJ_2025-02-18_G07,10109749DUTRAJ,2025-02-18,111532,1,4,0,456.0
10109749DUTRAJ_2025-02-18_G08,10109749DUTRAJ,2025-02-18,111330,1,16,0,3101.0
10109749DUTRAJ_2025-02-18_G09,10109749DUTRAJ,2025-02-18,110373,1,12,0,303.0
10109749DUTRAJ_2025-02-18_G10,10109749DUTRAJ,2025-02-18,110372,1,12,0,429.0
10109749DUTRAJ_2025-02-18_G11,10109749DUTRAJ,2025-02-18,111569,1,2,0,388.0
10109749DUTRAJ_2025-02-18_G12,10109749DUTRAJ,2025-02-18,111441,1,2,0,62.0
10109749DUTRAJ_2025-02-18_G13,10109749DUTRAJ,2025-02-18,107236,1,2,0,288.0
10109749DUTRAJ_2025-02-18_G14,10109749DUTRAJ,2025-02-18,111442,1,2,0,222.0
10109749DUTRAJ_2025-02-18_G15,10109749DUTRAJ,2025-02-18,109645,1,2,0,207.0
10109749DUTRAJ_2025-02-18_G17,10109749DUTRAJ,2025-02-18,108798,1,4,0,677.0
10109749DUTRAJ_2025-02-18_G18,10109749DUTRAJ,2025-02-18,160053,1,2,0,347.0
10109749DUTRAJ_2025-02-18_G19,10109749DUTRAJ,2025-02-18,118299,1,20,0,756.0
10109749DUTRAJ_2025-02-19_G02,10109749DUTRAJ,2025-02-19,117820,1,12,0,1011.0
10109749DUTRAJ_2025-02-19_G03,10109749DUTRAJ,2025-02-19,108711,1,4,0,1460.0
10109749DUTRAJ_2025-02-19_G04,10109749DUTRAJ,2025-02-19,110787,1,8,0,306.0
10109749DUTRAJ_2025-02-19_G05,10109749DUTRAJ,2025-02-19,108711,1,2,0,285.0
10109749DUTRAJ_2025-02-19_G06,10109749DUTRAJ,2025-02-19,111441,1,4,0,157.0
10109749DUTRAJ_2025-02-19_G07,10109749DUTRAJ,2025-02-19,160057,1,2,0,102.0
10109749DUTRAJ_2025-02-19_G09,10109749DUTRAJ,2025-02-19,117822,1,29,0,621.0
10109749DUTRAJ_2025-02-19_G10,10109749DUTRAJ,2025-02-19,110371,1,100,0,797.0
10109749DUTRAJ_2025-02-19_G11,10109749DUTRAJ,2025-02-19,117808,1,400,0,1931.0
10109749DUTRAJ_2025-02-19_G12,10109749DUTRAJ,2025-02-19,110374,1,15,0,789.0
10109749DUTRAJ_2025-02-19_G13,10109749DUTRAJ,2025-02-19,116241,1,4,0,1627.0
10109749DUTRAJ_2025-02-19_G14,10109749DUTRAJ,2025-02-19,111418,1,1,0,379.0
10109749DUTRAJ_2025-02-19_G15,10109749DUTRAJ,2025-02-19,110373,1,3,0,133.0
10109749DUTRAJ_2025-02-19_G16,10109749DUTRAJ,2025-02-19,110372,1,8,0,149.0
10109749DUTRAJ_2025-02-19_G17,10109749DUTRAJ,2025-02-19,110374,1,4,0,223.0
10109749DUTRAJ_2025-02-19_G18,10109749DUTRAJ,2025-02-19,109643,1,4,0,497.0
10109749DUTRAJ_2025-02-19_G19,10109749DUTRAJ,2025-02-19,117820,1,8,0,175.0
10109749DUTRAJ_2025-02-19_G20,10109749DUTRAJ,2025-02-19,110373,1,4,0,508.0
10109749DUTRAJ_2025-02-20_G02,10109749DUTRAJ,2025-02-20,110747,1,6,0,1055.0
10109749DUTRAJ_2025-02-20_G03,10109749DUTRAJ,2025-02-20,"117835, 117834",2,7,22,167.0
10109749DUTRAJ_2025-02-20_G04,10109749DUTRAJ,2025-02-20,111438,1,9,0,1131.0
10109749DUTRAJ_2025-02-20_G05,10109749DUTRAJ,2025-02-20,111438,1,1,0,1131.0
10109749DUTRAJ_2025-02-20_G06,10109749DUTRAJ,2025-02-20,116527,1,8,0,454.0
10109749DUTRAJ_2025-02-20_G07,10109749DUTRAJ,2025-02-20,111438,1,1,0,32.0
10109749DUTRAJ_2025-02-20_G08,10109749DUTRAJ,2025-02-20,110313,1,5,0,1619.0
10109749DUTRAJ_2025-02-20_G09,10109749DUTRAJ,2025-02-20,117855,1,2,0,92.0
10109749DUTRAJ_2025-02-20_G10,10109749DUTRAJ,2025-02-20,111443,1,14,0,657.0
10109749DUTRAJ_2025-02-20_G11,10109749DUTRAJ,2025-02-20,140922,1,6,0,1096.0
10109749DUTRAJ_2025-02-20_G12,10109749DUTRAJ,2025-02-20,111469,1,16,0,349.0
10109749DUTRAJ_2025-02-20_G13,10109749DUTRAJ,2025-02-20,111469,1,26,0,357.0
10109749DUTRAJ_2025-02-20_G14,10109749DUTRAJ,2025-02-20,111469,1,2,0,53.0
10109749DUTRAJ_2025-02-20_G15,10109749DUTRAJ,2025-02-20,111441,3,12,39,436.0
10109749DUTRAJ_2025-02-20_G16,10109749DUTRAJ,2025-02-20,115234,1,3,0,419.0
10109749DUTRAJ_2025-02-20_G17,10109749DUTRAJ,2025-02-20,111602,1,8,0,619.0
10109749DUTRAJ_2025-02-20_G18,10109749DUTRAJ,2025-02-20,110339,1,5,0,127.0
10109749DUTRAJ_2025-02-20_G19,10109749DUTRAJ,2025-02-20,111443,1,2,0,509.0
10109749DUTRAJ_2025-02-20_G20,10109749DUTRAJ,2025-02-20,110787,1,4,0,223.0
10109749DUTRAJ_2025-02-20_G21,10109749DUTRAJ,2025-02-20,118140,1,4,0,621.0
10109749DUTRAJ_2025-02-20_G22,10109749DUTRAJ,2025-02-20,111462,1,4,0,379.0
10109749DUTRAJ_2025-02-20_G23,10109749DUTRAJ,2025-02-20,110374,1,10,0,1452.0
10109749DUTRAJ_2025-02-20_G24,10109749DUTRAJ,2025-02-20,107830,1,4,0,155.0
10109749DUTRAJ_2025-02-20_G26,10109749DUTRAJ,2025-02-20,111443,1,4,0,528.0
10109749DUTRAJ_2025-02-20_G27,10109749DUTRAJ,2025-02-20,108759,1,3,0,73.0
10109749DUTRAJ_2025-02-20_G28,10109749DUTRAJ,2025-02-20,110373,1,6,0,909.0
10109749DUTRAJ_2025-02-20_G29,10109749DUTRAJ,2025-02-20,108794,1,12,0,360.0
10109749DUTRAJ_2025-02-20_G30,10109749DUTRAJ,2025-02-20,110376,1,7,0,911.0
10109749DUTRAJ_2025-02-20_G31,10109749DUTRAJ,2025-02-20,110755,1,4,0,345.0
10109749DUTRAJ_2025-02-20_G32,10109749DUTRAJ,2025-02-20,110755,1,6,0,211.0
10109749DUTRAJ_2025-02-20_G33,10109749DUTRAJ,2025-02-20,110515,1,6,0,503.0
10109749DUTRAJ_2025-02-20_G34,10109749DUTRAJ,2025-02-20,117832,1,8,0,156.0
10109749DUTRAJ_2025-02-21_G02,10109749DUTRAJ,2025-02-21,111569,1,3,0,184.0
10109749DUTRAJ_2025-02-21_G03,10109749DUTRAJ,2025-02-21,111441,1,7,0,275.0
10109749DUTRAJ_2025-02-21_G04,10109749DUTRAJ,2025-02-21,109640,1,12,0,117.0
10109749DUTRAJ_2025-02-21_G05,10109749DUTRAJ,2025-02-21,117855,1,10,0,494.0
10109749DUTRAJ_2025-02-21_G06,10109749DUTRAJ,2025-02-21,110515,1,16,0,987.0
10109749DUTRAJ_2025-02-21_G07,10109749DUTRAJ,2025-02-21,110339,1,8,0,189.0
10109749DUTRAJ_2025-02-21_G08,10109749DUTRAJ,2025-02-21,118317,1,8,0,648.0
10109749DUTRAJ_2025-02-21_G09,10109749DUTRAJ,2025-02-21,111348,1,12,0,276.0
10109749DUTRAJ_2025-02-21_G10,10109749DUTRAJ,2025-02-21,107236,1,5,0,153.0
10109749DUTRAJ_2025-02-21_G11,10109749DUTRAJ,2025-02-21,109641,1,8,0,359.0
10109749DUTRAJ_2025-02-21_G12,10109749DUTRAJ,2025-02-21,109645,1,10,0,316.0
10109749DUTRAJ_2025-02-21_G13,10109749DUTRAJ,2025-02-21,111465,1,10,0,357.0
10109749DUTRAJ_2025-02-21_G14,10109749DUTRAJ,2025-02-21,109643,1,20,0,555.0
10109749DUTRAJ_2025-02-21_G15,10109749DUTRAJ,2025-02-21,110371,1,100,0,1272.0
10109749DUTRAJ_2025-02-24_G02,10109749DUTRAJ,2025-02-24,110339,1,2,0,353.0
10109749DUTRAJ_2025-02-24_G03,10109749DUTRAJ,2025-02-24,108794,1,1,0,118.0
10109749DUTRAJ_2025-02-24_G04,10109749DUTRAJ,2025-02-24,117838,1,2,0,258.0
10109749DUTRAJ_2025-02-24_G05,10109749DUTRAJ,2025-02-24,111463,1,5,0,200.0
10109749DUTRAJ_2025-02-24_G06,10109749DUTRAJ,2025-02-24,111469,1,1,0,140.0
10109749DUTRAJ_2025-02-24_G07,10109749DUTRAJ,2025-02-24,110372,1,8,0,472.0
10109749DUTRAJ_2025-02-24_G08,10109749DUTRAJ,2025-02-24,118299,1,6,0,213.0
10109749DUTRAJ_2025-02-24_G09,10109749DUTRAJ,2025-02-24,107830,1,1,0,643.0
10109749DUTRAJ_2025-02-24_G10,10109749DUTRAJ,2025-02-24,117820,1,4,0,175.0
10109749DUTRAJ_2025-02-24_G11,10109749DUTRAJ,2025-02-24,109640,1,2,0,340.0
10109749DUTRAJ_2025-02-24_G12,10109749DUTRAJ,2025-02-24,110339,1,2,0,598.0
10109749DUTRAJ_2025-02-24_G13,10109749DUTRAJ,2025-02-24,118299,1,6,0,1549.0
10109749DUTRAJ_2025-02-24_G14,10109749DUTRAJ,2025-02-24,118306,1,2,0,878.0
10109749DUTRAJ_2025-02-24_G15,10109749DUTRAJ,2025-02-24,108794,1,2,0,597.0
10109749DUTRAJ_2025-02-24_G16,10109749DUTRAJ,2025-02-24,117838,1,2,0,420.0
10109749DUTRAJ_2025-02-24_G17,10109749DUTRAJ,2025-02-24,116241,1,2,0,487.0
10109749DUTRAJ_2025-02-24_G18,10109749DUTRAJ,2025-02-24,110745,1,1,0,156.0
10109749DUTRAJ_2025-02-24_G19,10109749DUTRAJ,2025-02-24,105705,1,2,0,254.0
10109749DUTRAJ_2025-02-24_G20,10109749DUTRAJ,2025-02-24,111469,1,10,0,461.0
10109749DUTRAJ_2025-02-24_G21,10109749DUTRAJ,2025-02-24,110371,1,2,0,186.0
10109749DUTRAJ_2025-02-24_G22,10109749DUTRAJ,2025-02-24,118299,1,4,0,356.0
10109749DUTRAJ_2025-02-24_G23,10109749DUTRAJ,2025-02-24,118299,1,20,0,279.0
10109749DUTRAJ_2025-02-24_G24,10109749DUTRAJ,2025-02-24,110374,1,2,0,93.0
10109749DUTRAJ_2025-02-24_G25,10109749DUTRAJ,2025-02-24,109747,1,2,0,141.0
10109749DUTRAJ_2025-02-24_G26,10109749DUTRAJ,2025-02-24,117820,1,4,0,211.0
10109749DUTRAJ_2025-02-24_G27,10109749DUTRAJ,2025-02-24,110339,1,2,0,2054.0
10109749DUTRAJ_2025-02-24_G28,10109749DUTRAJ,2025-02-24,108794,1,4,0,254.0
10109749DUTRAJ_2025-02-24_G29,10109749DUTRAJ,2025-02-24,107236,1,2,0,299.0
10109749DUTRAJ_2025-02-24_G30,10109749DUTRAJ,2025-02-24,118140,1,2,0,137.0
10109749DUTRAJ_2025-02-24_G31,10109749DUTRAJ,2025-02-24,111469,1,1,0,159.0
10109749DUTRAJ_2025-02-24_G32,10109749DUTRAJ,2025-02-24,118299,1,5,0,258.0
10109749DUTRAJ_2025-02-24_G33,10109749DUTRAJ,2025-02-24,117809,1,4,0,127.0
10109749DUTRAJ_2025-02-24_G34,10109749DUTRAJ,2025-02-24,110313,1,10,0,958.0
10109749DUTRAJ_2025-02-24_G35,10109749DUTRAJ,2025-02-24,111602,1,20,0,339.0
10109749DUTRAJ_2025-02-24_G36,10109749DUTRAJ,2025-02-24,117861,1,10,0,193.0
10109749DUTRAJ_2025-02-24_G37,10109749DUTRAJ,2025-02-24,110515,1,20,0,1068.0
10109749DUTRAJ_2025-02-24_G39,10109749DUTRAJ,2025-02-24,111469,1,3,0,133.0
10109749DUTRAJ_2025-02-24_G40,10109749DUTRAJ,2025-02-24,117838,1,10,0,494.0
10109749DUTRAJ_2025-02-24_G41,10109749DUTRAJ,2025-02-24,111435,1,1,0,331.0
10109749DUTRAJ_2025-02-24_G42,10109749DUTRAJ,2025-02-24,111348,1,7,0,307.0
10109749DUTRAJ_2025-02-24_G43,10109749DUTRAJ,2025-02-24,111463,1,94,0,1336.0
10109749DUTRAJ_2025-02-24_G44,10109749DUTRAJ,2025-02-24,117787,1,3,0,553.0
10109749DUTRAJ_2025-02-24_G45,10109749DUTRAJ,2025-02-24,110745,1,30,0,663.0
10109749DUTRAJ_2025-02-24_G46,10109749DUTRAJ,2025-02-24,117831,1,50,0,577.0
10109749DUTRAJ_2025-02-24_G47,10109749DUTRAJ,2025-02-24,111466,1,50,0,1118.0
10109749DUTRAJ_2025-02-25_G02,10109749DUTRAJ,2025-02-25,111469,1,10,0,341.0
10109749DUTRAJ_2025-02-25_G03,10109749DUTRAJ,2025-02-25,111466,1,12,0,384.0
10109749DUTRAJ_2025-02-25_G04,10109749DUTRAJ,2025-02-25,141047,1,10,0,622.0
10109749DUTRAJ_2025-02-25_G05,10109749DUTRAJ,2025-02-25,111348,1,4,0,2020.0
10109749DUTRAJ_2025-02-25_G06,10109749DUTRAJ,2025-02-25,111469,1,12,0,252.0
10109749DUTRAJ_2025-02-25_G07,10109749DUTRAJ,2025-02-25,111469,1,2,0,115.0
10109749DUTRAJ_2025-02-25_G08,10109749DUTRAJ,2025-02-25,109643,1,4,0,273.0
10109749DUTRAJ_2025-02-25_G09,10109749DUTRAJ,2025-02-25,111602,1,4,0,1914.0
10109749DUTRAJ_2025-02-25_G10,10109749DUTRAJ,2025-02-25,117861,1,4,0,431.0
10109749DUTRAJ_2025-02-25_G11,10109749DUTRAJ,2025-02-25,117788,1,4,0,215.0
10109749DUTRAJ_2025-02-25_G12,10109749DUTRAJ,2025-02-25,118285,1,1,0,530.0
10109749DUTRAJ_2025-02-25_G13,10109749DUTRAJ,2025-02-25,111463,1,15,0,222.0
10109749DUTRAJ_2025-02-25_G14,10109749DUTRAJ,2025-02-25,107236,1,2,0,52.0
10109749DUTRAJ_2025-02-25_G15,10109749DUTRAJ,2025-02-25,"140922, 111418",2,10,23,159.0
10109749DUTRAJ_2025-02-25_G16,10109749DUTRAJ,2025-02-25,110787,1,5,0,168.0
10109749DUTRAJ_2025-02-25_G17,10109749DUTRAJ,2025-02-25,111469,1,8,0,259.0
10109749DUTRAJ_2025-02-25_G18,10109749DUTRAJ,2025-02-25,117831,1,8,0,225.0
10109749DUTRAJ_2025-02-25_G19,10109749DUTRAJ,2025-02-25,111466,1,8,0,260.0
10109749DUTRAJ_2025-02-25_G20,10109749DUTRAJ,2025-02-25,108361,1,2,0,2081.0
10109749DUTRAJ_2025-02-25_G21,10109749DUTRAJ,2025-02-25,110580,1,2,0,518.0
10109749DUTRAJ_2025-02-25_G22,10109749DUTRAJ,2025-02-25,117861,1,16,0,332.0
10109749DUTRAJ_2025-02-25_G23,10109749DUTRAJ,2025-02-25,110339,1,8,0,248.0
10109749DUTRAJ_2025-02-25_G24,10109749DUTRAJ,2025-02-25,107629,1,1,0,72.0
10109749DUTRAJ_2025-02-25_G25,10109749DUTRAJ,2025-02-25,111348,1,3,0,313.0
10109749DUTRAJ_2025-02-25_G26,10109749DUTRAJ,2025-02-25,117787,1,3,0,175.0
10109749DUTRAJ_2025-02-25_G27,10109749DUTRAJ,2025-02-25,110787,1,3,0,454.0
10109749DUTRAJ_2025-02-25_G28,10109749DUTRAJ,2025-02-25,111418,1,30,0,510.0
10109749DUTRAJ_2025-02-25_G29,10109749DUTRAJ,2025-02-25,109645,1,4,0,420.0
10109749DUTRAJ_2025-02-25_G30,10109749DUTRAJ,2025-02-25,117831,1,8,0,295.0
10109749DUTRAJ_2025-02-25_G32,10109749DUTRAJ,2025-02-25,110755,1,2,0,1588.0
10109749DUTRAJ_2025-02-25_G33,10109749DUTRAJ,2025-02-25,110373,1,1,0,79.0
10109749DUTRAJ_2025-02-25_G34,10109749DUTRAJ,2025-02-25,108759,1,5,0,521.0
10109749DUTRAJ_2025-02-25_G35,10109749DUTRAJ,2025-02-25,108759,1,6,0,223.0
10109749DUTRAJ_2025-02-25_G36,10109749DUTRAJ,2025-02-25,110755,1,2,0,170.0
10109749DUTRAJ_2025-02-25_G37,10109749DUTRAJ,2025-02-25,110755,1,10,0,147.0
10109749DUTRAJ_2025-02-25_G38,10109749DUTRAJ,2025-02-25,110755,1,10,0,651.0
10109749DUTRAJ_2025-02-25_G39,10109749DUTRAJ,2025-02-25,111441,1,7,0,269.0
10109749DUTRAJ_2025-02-25_G40,10109749DUTRAJ,2025-02-25,117856,1,30,0,764.0
10109749DUTRAJ_2025-02-25_G41,10109749DUTRAJ,2025-02-25,111602,1,2,0,804.0
10109749DUTRAJ_2025-02-25_G42,10109749DUTRAJ,2025-02-25,110753,1,8,0,507.0
10109749DUTRAJ_2025-02-25_G43,10109749DUTRAJ,2025-02-25,109641,1,1,0,69.0
10109749DUTRAJ_2025-02-25_G44,10109749DUTRAJ,2025-02-25,109641,1,4,0,53.0
10109749DUTRAJ_2025-02-25_G45,10109749DUTRAJ,2025-02-25,108794,1,20,0,513.0
10109749DUTRAJ_2025-02-26_G02,10109749DUTRAJ,2025-02-26,111602,1,1,0,54.0
10109749DUTRAJ_2025-02-26_G03,10109749DUTRAJ,2025-02-26,110711,1,20,0,344.0
10109749DUTRAJ_2025-02-26_G04,10109749DUTRAJ,2025-02-26,110515,1,2,0,383.0
10109749DUTRAJ_2025-02-26_G05,10109749DUTRAJ,2025-02-26,110339,1,2,0,117.0
10109749DUTRAJ_2025-02-26_G06,10109749DUTRAJ,2025-02-26,110372,1,9,0,573.0
10109749DUTRAJ_2025-02-26_G07,10109749DUTRAJ,2025-02-26,117808,1,57,0,2516.0
10109749DUTRAJ_2025-02-26_G08,10109749DUTRAJ,2025-02-26,118299,1,97,0,1525.0
10109749DUTRAJ_2025-02-26_G09,10109749DUTRAJ,2025-02-26,118299,1,2,0,35.0
10109749DUTRAJ_2025-02-26_G10,10109749DUTRAJ,2025-02-26,109747,2,13,11,263.0
10109749DUTRAJ_2025-02-26_G11,10109749DUTRAJ,2025-02-26,117809,1,3,0,147.0
10109749DUTRAJ_2025-02-26_G12,10109749DUTRAJ,2025-02-26,117820,1,2,0,393.0
10109749DUTRAJ_2025-02-26_G13,10109749DUTRAJ,2025-02-26,117830,1,4,0,164.0
10109749DUTRAJ_2025-02-26_G14,10109749DUTRAJ,2025-02-26,107892,1,4,0,2188.0
10109749DUTRAJ_2025-02-26_G15,10109749DUTRAJ,2025-02-26,111602,1,4,0,300.0
10109749DUTRAJ_2025-02-26_G16,10109749DUTRAJ,2025-02-26,117785,1,4,0,271.0
10109749DUTRAJ_2025-02-26_G17,10109749DUTRAJ,2025-02-26,111569,1,4,0,229.0
10109749DUTRAJ_2025-02-26_G18,10109749DUTRAJ,2025-02-26,107892,1,4,0,362.0
10109749DUTRAJ_2025-02-26_G19,10109749DUTRAJ,2025-02-26,110733,1,18,0,460.0
10109749DUTRAJ_2025-02-26_G20,10109749DUTRAJ,2025-02-26,111602,1,6,0,252.0
10109749DUTRAJ_2025-02-26_G21,10109749DUTRAJ,2025-02-26,110711,1,1,0,560.0
10109749DUTRAJ_2025-02-26_G22,10109749DUTRAJ,2025-02-26,118140,1,3,0,316.0
10109749DUTRAJ_2025-02-26_G23,10109749DUTRAJ,2025-02-26,111462,1,4,0,323.0
10109749DUTRAJ_2025-02-26_G24,10109749DUTRAJ,2025-02-26,111465,1,2,0,98.0
10109749DUTRAJ_2025-02-26_G25,10109749DUTRAJ,2025-02-26,110733,1,4,0,590.0
10109749DUTRAJ_2025-02-26_G26,10109749DUTRAJ,2025-02-26,110733,1,3,0,362.0
10109749DUTRAJ_2025-02-26_G27,10109749DUTRAJ,2025-02-26,110733,2,5,13,51.0
10109749DUTRAJ_2025-02-26_G28,10109749DUTRAJ,2025-02-26,110747,1,4,0,272.0
10109749DUTRAJ_2025-02-26_G30,10109749DUTRAJ,2025-02-26,110733,1,12,0,584.0
10109749DUTRAJ_2025-02-26_G31,10109749DUTRAJ,2025-02-26,117830,1,26,0,1160.0
10109749DUTRAJ_2025-02-26_G32,10109749DUTRAJ,2025-02-26,110747,1,4,0,548.0
10109749DUTRAJ_2025-02-26_G33,10109749DUTRAJ,2025-02-26,111530,1,8,0,193.0
10109749DUTRAJ_2025-02-26_G34,10109749DUTRAJ,2025-02-26,110733,1,8,0,134.0
10109749DUTRAJ_2025-02-27_G02,10109749DUTRAJ,2025-02-27,108794,1,2,0,131.0
10109749DUTRAJ_2025-02-27_G03,10109749DUTRAJ,2025-02-27,111463,1,1,0,406.0
10109749DUTRAJ_2025-02-27_G04,10109749DUTRAJ,2025-02-27,111430,1,2,0,473.0
10109749DUTRAJ_2025-02-27_G05,10109749DUTRAJ,2025-02-27,111463,1,7,0,242.0
10109749DUTRAJ_2025-02-27_G06,10109749DUTRAJ,2025-02-27,118317,1,12,0,800.0
10109749DUTRAJ_2025-02-27_G07,10109749DUTRAJ,2025-02-27,118317,1,4,0,295.0
10109749DUTRAJ_2025-02-27_G08,10109749DUTRAJ,2025-02-27,109640,1,5,0,2619.0
10109749DUTRAJ_2025-02-27_G09,10109749DUTRAJ,2025-02-27,111463,1,7,0,157.0
10109749DUTRAJ_2025-02-27_G10,10109749DUTRAJ,2025-02-27,118317,1,1,0,67.0
10109749DUTRAJ_2025-02-27_G11,10109749DUTRAJ,2025-02-27,111463,1,3,0,1287.0
10109749DUTRAJ_2025-02-27_G12,10109749DUTRAJ,2025-02-27,118317,3,12,46,268.0
10109749DUTRAJ_2025-02-27_G13,10109749DUTRAJ,2025-02-27,111430,1,6,0,3555.0
10109749DUTRAJ_2025-02-27_G14,10109749DUTRAJ,2025-02-27,110747,1,4,0,369.0
10109749DUTRAJ_2025-02-27_G15,10109749DUTRAJ,2025-02-27,107892,1,6,0,545.0
10109749DUTRAJ_2025-02-27_G16,10109749DUTRAJ,2025-02-27,110755,1,1,0,219.0
10109749DUTRAJ_2025-02-27_G17,10109749DUTRAJ,2025-02-27,"111850, 109937",2,14,27,239.0
10109749DUTRAJ_2025-02-27_G18,10109749DUTRAJ,2025-02-27,117836,1,2,0,144.0
10109749DUTRAJ_2025-02-27_G19,10109749DUTRAJ,2025-02-27,111569,1,2,0,69.0
10109749DUTRAJ_2025-02-27_G20,10109749DUTRAJ,2025-02-27,110515,1,28,0,1346.0
10109749DUTRAJ_2025-02-27_G21,10109749DUTRAJ,2025-02-27,111602,1,9,0,905.0
10109749DUTRAJ_2025-02-27_G22,10109749DUTRAJ,2025-02-27,110339,1,23,0,1170.0
10109749DUTRAJ_2025-02-27_G23,10109749DUTRAJ,2025-02-27,107629,1,9,0,388.0
10109749DUTRAJ_2025-02-27_G24,10109749DUTRAJ,2025-02-27,110733,1,9,0,127.0
10109749DUTRAJ_2025-02-27_G25,10109749DUTRAJ,2025-02-27,111463,1,76,0,1828.0
10109749DUTRAJ_2025-02-27_G26,10109749DUTRAJ,2025-02-27,"111468, 109641",2,29,20,38.0
10109749DUTRAJ_2025-02-27_G27,10109749DUTRAJ,2025-02-27,110129,1,4,0,677.0
10109749DUTRAJ_2025-02-27_G28,10109749DUTRAJ,2025-02-27,108736,1,4,0,105.0
10109749DUTRAJ_2025-02-27_G29,10109749DUTRAJ,2025-02-27,117831,1,8,0,97.0
10109749DUTRAJ_2025-02-27_G30,10109749DUTRAJ,2025-02-27,118330,1,4,0,168.0
10109749DUTRAJ_2025-02-27_G31,10109749DUTRAJ,2025-02-27,111462,1,4,0,62.0
10109749DUTRAJ_2025-02-27_G32,10109749DUTRAJ,2025-02-27,111465,1,7,0,112.0
10109749DUTRAJ_2025-02-27_G33,10109749DUTRAJ,2025-02-27,111443,1,8,0,232.0
10109749DUTRAJ_2025-02-27_G34,10109749DUTRAJ,2025-02-27,110743,1,3,0,96.0
10109749DUTRAJ_2025-02-27_G35,10109749DUTRAJ,2025-02-27,111532,1,7,0,232.0
10109749DUTRAJ_2025-02-27_G36,10109749DUTRAJ,2025-02-27,117787,1,3,0,180.0
10109749DUTRAJ_2025-02-27_G37,10109749DUTRAJ,2025-02-27,110373,1,4,0,228.0
10109749DUTRAJ_2025-02-27_G39,10109749DUTRAJ,2025-02-27,118299,1,44,0,481.0
10109749DUTRAJ_2025-03-07_G02,10109749DUTRAJ,2025-03-07,108770,1,2,0,85.0
10109749DUTRAJ_2025-03-07_G03,10109749DUTRAJ,2025-03-07,108770,1,4,0,151.0
10109749DUTRAJ_2025-03-07_G04,10109749DUTRAJ,2025-03-07,108770,1,4,0,168.0
10109749DUTRAJ_2025-03-07_G05,10109749DUTRAJ,2025-03-07,110741,1,107,0,1503.0
10109749DUTRAJ_2025-03-07_G06,10109749DUTRAJ,2025-03-07,108772,1,22,0,896.0
10109749DUTRAJ_2025-03-07_G07,10109749DUTRAJ,2025-03-07,108772,2,45,8,56.0
10109749DUTRAJ_2025-03-07_G09,10109749DUTRAJ,2025-03-07,110339,1,6,0,173.0
10109749DUTRAJ_2025-03-07_G10,10109749DUTRAJ,2025-03-07,117786,1,4,0,956.0
10109749DUTRAJ_2025-03-07_G11,10109749DUTRAJ,2025-03-07,117855,1,12,0,284.0
10109749DUTRAJ_2025-03-07_G12,10109749DUTRAJ,2025-03-07,110325,1,2,0,352.0
10109749DUTRAJ_2025-03-07_G13,10109749DUTRAJ,2025-03-07,110371,1,14,0,1035.0
10109749DUTRAJ_2025-03-07_G14,10109749DUTRAJ,2025-03-07,118094,1,24,0,561.0
10109749DUTRAJ_2025-03-07_G15,10109749DUTRAJ,2025-03-07,118094,1,9,0,155.0
10109749DUTRAJ_2025-03-08_G02,10109749DUTRAJ,2025-03-08,117787,1,11,0,484.0
10109749DUTRAJ_2025-03-08_G03,10109749DUTRAJ,2025-03-08,111532,1,40,0,690.0
10109749DUTRAJ_2025-03-08_G04,10109749DUTRAJ,2025-03-08,111418,1,40,0,731.0
10109749DUTRAJ_2025-03-08_G05,10109749DUTRAJ,2025-03-08,118140,1,40,0,2576.0
10109749DUTRAJ_2025-03-08_G06,10109749DUTRAJ,2025-03-08,117831,1,30,0,817.0
10109749DUTRAJ_2025-03-08_G07,10109749DUTRAJ,2025-03-08,109645,1,1,0,48.0
10109749DUTRAJ_2025-03-08_G08,10109749DUTRAJ,2025-03-08,105705,1,4,0,444.0
10109749DUTRAJ_2025-03-08_G09,10109749DUTRAJ,2025-03-08,117821,1,10,0,199.0
10109749DUTRAJ_2025-03-08_G10,10109749DUTRAJ,2025-03-08,111469,1,30,0,577.0
10109749DUTRAJ_2025-03-08_G11,10109749DUTRAJ,2025-03-08,111462,1,30,0,210.0
10109749DUTRAJ_2025-03-08_G12,10109749DUTRAJ,2025-03-08,140922,1,20,0,597.0
10109749DUTRAJ_2025-03-08_G13,10109749DUTRAJ,2025-03-08,111468,1,8,0,426.0
10109749DUTRAJ_2025-03-08_G14,10109749DUTRAJ,2025-03-08,117838,1,2,0,49.0
10109749DUTRAJ_2025-03-08_G15,10109749DUTRAJ,2025-03-08,108711,1,10,0,140.0
10109749DUTRAJ_2025-03-08_G16,10109749DUTRAJ,2025-03-08,110740,1,5,0,335.0
10109749DUTRAJ_2025-03-08_G17,10109749DUTRAJ,2025-03-08,111435,1,2,0,110.0
10109749DUTRAJ_2025-03-10_G02,10109749DUTRAJ,2025-03-10,108711,1,4,0,125.0
10109749DUTRAJ_2025-03-10_G03,10109749DUTRAJ,2025-03-10,110740,1,6,0,160.0
10109749DUTRAJ_2025-03-10_G04,10109749DUTRAJ,2025-03-10,110787,1,2,0,92.0
10109749DUTRAJ_2025-03-10_G05,10109749DUTRAJ,2025-03-10,108772,1,8,0,558.0
10109749DUTRAJ_2025-03-10_G06,10109749DUTRAJ,2025-03-10,117862,1,7,0,263.0
10109749DUTRAJ_2025-03-10_G07,10109749DUTRAJ,2025-03-10,110741,1,8,0,255.0
10109749DUTRAJ_2025-03-10_G08,10109749DUTRAJ,2025-03-10,118094,1,6,0,2743.0
10109749DUTRAJ_2025-03-10_G09,10109749DUTRAJ,2025-03-10,117786,1,4,0,365.0
10109749DUTRAJ_2025-03-10_G10,10109749DUTRAJ,2025-03-10,109640,1,4,0,275.0
10109749DUTRAJ_2025-03-10_G11,10109749DUTRAJ,2025-03-10,108711,1,6,0,308.0
10109749DUTRAJ_2025-03-10_G12,10109749DUTRAJ,2025-03-10,117808,1,10,0,241.0
10109749DUTRAJ_2025-03-10_G13,10109749DUTRAJ,2025-03-10,117832,1,4,0,133.0
10109749DUTRAJ_2025-03-10_G14,10109749DUTRAJ,2025-03-10,117786,1,2,0,796.0
10109749DUTRAJ_2025-03-10_G15,10109749DUTRAJ,2025-03-10,118094,1,3,0,341.0
10109749DUTRAJ_2025-03-10_G16,10109749DUTRAJ,2025-03-10,117935,1,6,0,234.0
10109749DUTRAJ_2025-03-10_G17,10109749DUTRAJ,2025-03-10,110753,1,2,0,183.0
10109749DUTRAJ_2025-03-10_G18,10109749DUTRAJ,2025-03-10,110325,1,4,0,238.0
10109749DUTRAJ_2025-03-10_G19,10109749DUTRAJ,2025-03-10,110372,1,7,0,172.0
10109749DUTRAJ_2025-03-10_G20,10109749DUTRAJ,2025-03-10,118299,1,6,0,284.0
10109749DUTRAJ_2025-03-10_G21,10109749DUTRAJ,2025-03-10,117856,1,6,0,878.0
10109749DUTRAJ_2025-03-10_G22,10109749DUTRAJ,2025-03-10,117935,1,9,0,279.0
10109749DUTRAJ_2025-03-10_G23,10109749DUTRAJ,2025-03-10,117833,1,12,0,340.0
10109749DUTRAJ_2025-03-10_G24,10109749DUTRAJ,2025-03-10,111466,1,12,0,1541.0
10109749DUTRAJ_2025-03-10_G25,10109749DUTRAJ,2025-03-10,110372,1,24,0,344.0
10109749DUTRAJ_2025-03-10_G26,10109749DUTRAJ,2025-03-10,111532,1,6,0,1810.0
10109749DUTRAJ_2025-03-10_G27,10109749DUTRAJ,2025-03-10,110373,1,20,0,743.0
10109749DUTRAJ_2025-03-10_G29,10109749DUTRAJ,2025-03-10,111418,1,4,0,111.0
10109749DUTRAJ_2025-03-10_G30,10109749DUTRAJ,2025-03-10,111569,1,4,0,266.0
10109749DUTRAJ_2025-03-10_G31,10109749DUTRAJ,2025-03-10,110325,1,12,0,251.0
10109749DUTRAJ_2025-03-10_G32,10109749DUTRAJ,2025-03-10,107830,1,12,0,352.0
10109749DUTRAJ_2025-03-10_G33,10109749DUTRAJ,2025-03-10,108711,1,2,0,579.0
10109749DUTRAJ_2025-03-10_G34,10109749DUTRAJ,2025-03-10,111532,1,10,0,906.0
10109749DUTRAJ_2025-03-10_G35,10109749DUTRAJ,2025-03-10,117862,1,3,0,280.0
10109749DUTRAJ_2025-03-10_G36,10109749DUTRAJ,2025-03-10,117862,1,1,0,72.0
10109749DUTRAJ_2025-03-10_G37,10109749DUTRAJ,2025-03-10,108770,1,4,0,1374.0
10109749DUTRAJ_2025-03-10_G38,10109749DUTRAJ,2025-03-10,117935,1,4,0,284.0
10109749DUTRAJ_2025-03-10_G39,10109749DUTRAJ,2025-03-10,107830,1,8,0,381.0
10109749DUTRAJ_2025-03-10_G40,10109749DUTRAJ,2025-03-10,109643,1,6,0,163.0
10109749DUTRAJ_2025-03-12_G02,10109749DUTRAJ,2025-03-12,140922,1,5,0,124.0
10109749DUTRAJ_2025-03-12_G03,10109749DUTRAJ,2025-03-12,111763,1,2,0,139.0
10109749DUTRAJ_2025-03-12_G04,10109749DUTRAJ,2025-03-12,110787,1,3,0,589.0
10109749DUTRAJ_2025-03-12_G05,10109749DUTRAJ,2025-03-12,109643,1,2,0,468.0
10109749DUTRAJ_2025-03-12_G06,10109749DUTRAJ,2025-03-12,109937,1,2,0,2556.0
10109749DUTRAJ_2025-03-12_G07,10109749DUTRAJ,2025-03-12,111569,1,11,0,455.0
10109749DUTRAJ_2025-03-12_G08,10109749DUTRAJ,2025-03-12,118094,1,4,0,562.0
10109749DUTRAJ_2025-03-12_G09,10109749DUTRAJ,2025-03-12,111182,1,4,0,782.0
10109749DUTRAJ_2025-03-12_G10,10109749DUTRAJ,2025-03-12,111465,1,8,0,1461.0
10109749DUTRAJ_2025-03-12_G11,10109749DUTRAJ,2025-03-12,140911,1,8,0,563.0
10109749DUTRAJ_2025-03-12_G12,10109749DUTRAJ,2025-03-12,118140,1,12,0,1444.0
10109749DUTRAJ_2025-03-12_G14,10109749DUTRAJ,2025-03-12,110741,1,2,0,80.0
10109749DUTRAJ_2025-03-12_G15,10109749DUTRAJ,2025-03-12,111569,1,2,0,126.0
10109749DUTRAJ_2025-03-12_G16,10109749DUTRAJ,2025-03-12,100334,1,4,0,232.0
10109749DUTRAJ_2025-03-12_G17,10109749DUTRAJ,2025-03-12,110325,1,8,0,442.0
10109749DUTRAJ_2025-03-12_G18,10109749DUTRAJ,2025-03-12,110372,2,14,13,360.0
10109749DUTRAJ_2025-03-12_G19,10109749DUTRAJ,2025-03-12,110374,1,12,0,259.0
10109749DUTRAJ_2025-03-12_G20,10109749DUTRAJ,2025-03-12,117808,1,66,0,1678.0
10109749DUTRAJ_2025-03-12_G21,10109749DUTRAJ,2025-03-12,110373,2,16,17,573.0
10109749DUTRAJ_2025-03-12_G22,10109749DUTRAJ,2025-03-12,110374,1,13,0,128.0
10109749DUTRAJ_2025-03-12_G23,10109749DUTRAJ,2025-03-12,117820,1,41,0,411.0
10109749DUTRAJ_2025-03-12_G25,10109749DUTRAJ,2025-03-12,111431,1,8,0,282.0
10109749DUTRAJ_2025-03-12_G26,10109749DUTRAJ,2025-03-12,117831,1,4,0,248.0
10109749DUTRAJ_2025-03-12_G27,10109749DUTRAJ,2025-03-12,108711,1,12,0,152.0
10109749DUTRAJ_2025-03-12_G28,10109749DUTRAJ,2025-03-12,110787,1,11,0,430.0
10109749DUTRAJ_2025-03-12_G29,10109749DUTRAJ,2025-03-12,110787,1,2,0,35.0
10109749DUTRAJ_2025-03-12_G30,10109749DUTRAJ,2025-03-12,111433,1,4,0,659.0
10109749DUTRAJ_2025-03-12_G31,10109749DUTRAJ,2025-03-12,109645,1,17,0,393.0
10109749DUTRAJ_2025-03-12_G32,10109749DUTRAJ,2025-03-12,111462,1,22,0,696.0
10109749DUTRAJ_2025-03-12_G33,10109749DUTRAJ,2025-03-12,116527,1,1,0,413.0
10109749DUTRAJ_2025-03-12_G34,10109749DUTRAJ,2025-03-12,116527,1,4,0,58.0
10109749DUTRAJ_2025-03-12_G35,10109749DUTRAJ,2025-03-12,118306,1,3,0,218.0
10109749DUTRAJ_2025-03-12_G36,10109749DUTRAJ,2025-03-12,111438,2,12,11,331.0
10109749DUTRAJ_2025-03-12_G37,10109749DUTRAJ,2025-03-12,111430,1,22,0,1055.0
10109749DUTRAJ_2025-03-12_G38,10109749DUTRAJ,2025-03-12,111430,1,4,0,83.0
10109749DUTRAJ_2025-03-12_G39,10109749DUTRAJ,2025-03-12,110372,1,4,0,744.0
10109749DUTRAJ_2025-03-12_G40,10109749DUTRAJ,2025-03-12,118299,1,20,0,150.0
10109749DUTRAJ_2025-03-12_G41,10109749DUTRAJ,2025-03-12,110373,1,11,0,132.0
10109749DUTRAJ_2025-03-12_G42,10109749DUTRAJ,2025-03-12,117820,1,22,0,347.0
10109749DUTRAJ_2025-03-13_G03,10109749DUTRAJ,2025-03-13,110500,1,4,0,2834.0
10109749DUTRAJ_2025-03-13_G04,10109749DUTRAJ,2025-03-13,111438,1,2,0,295.0
10109749DUTRAJ_2025-03-13_G05,10109749DUTRAJ,2025-03-13,110841,1,1,0,170.0
10109749DUTRAJ_2025-03-13_G06,10109749DUTRAJ,2025-03-13,"109974, 109872",2,10,27,450.0
10109749DUTRAJ_2025-03-13_G07,10109749DUTRAJ,2025-03-13,110895,1,12,0,229.0
10109749DUTRAJ_2025-03-13_G08,10109749DUTRAJ,2025-03-13,111743,1,4,0,876.0
10109749DUTRAJ_2025-03-13_G09,10109749DUTRAJ,2025-03-13,"140922, 117785",2,6,9,219.0
10109749DUTRAJ_2025-03-13_G10,10109749DUTRAJ,2025-03-13,110745,1,4,0,120.0
10109749DUTRAJ_2025-03-13_G11,10109749DUTRAJ,2025-03-13,110787,1,4,0,135.0
10109749DUTRAJ_2025-03-13_G12,10109749DUTRAJ,2025-03-13,105705,1,1,0,155.0
10109749DUTRAJ_2025-03-13_G13,10109749DUTRAJ,2025-03-13,108794,1,4,0,87.0
10109749DUTRAJ_2025-03-13_G15,10109749DUTRAJ,2025-03-13,118140,1,2,0,203.0
10109749DUTRAJ_2025-03-13_G16,10109749DUTRAJ,2025-03-13,110787,1,4,0,147.0
10109749DUTRAJ_2025-03-13_G17,10109749DUTRAJ,2025-03-13,117821,1,4,0,358.0
10109749DUTRAJ_2025-03-13_G18,10109749DUTRAJ,2025-03-13,109933,1,18,0,718.0
10109749DUTRAJ_2025-03-13_G19,10109749DUTRAJ,2025-03-13,111182,1,13,0,1975.0
10109749DUTRAJ_2025-03-13_G20,10109749DUTRAJ,2025-03-13,111348,1,12,0,204.0
10109749DUTRAJ_2025-03-13_G21,10109749DUTRAJ,2025-03-13,117808,1,500,0,1196.0
10109749DUTRAJ_2025-03-14_G02,10109749DUTRAJ,2025-03-14,110741,1,7,0,281.0
10109749DUTRAJ_2025-03-14_G03,10109749DUTRAJ,2025-03-14,110376,1,4,0,358.0
10109749DUTRAJ_2025-03-14_G04,10109749DUTRAJ,2025-03-14,110372,1,150,0,676.0
10109749DUTRAJ_2025-03-14_G05,10109749DUTRAJ,2025-03-14,117808,1,150,0,2181.0
10109749DUTRAJ_2025-03-14_G06,10109749DUTRAJ,2025-03-14,110742,1,2,0,2313.0
10109749DUTRAJ_2025-03-14_G07,10109749DUTRAJ,2025-03-14,118094,1,4,0,223.0
10109749DUTRAJ_2025-03-14_G08,10109749DUTRAJ,2025-03-14,111602,1,2,0,111.0
10109749DUTRAJ_2025-03-14_G09,10109749DUTRAJ,2025-03-14,111466,1,2,0,146.0
10109749DUTRAJ_2025-03-14_G10,10109749DUTRAJ,2025-03-14,117831,1,8,0,284.0
10109749DUTRAJ_2025-03-14_G11,10109749DUTRAJ,2025-03-14,111172,1,2,0,73.0
10109749DUTRAJ_2025-03-14_G12,10109749DUTRAJ,2025-03-14,117785,1,4,0,35.0
10109749DUTRAJ_2025-03-14_G13,10109749DUTRAJ,2025-03-14,118299,1,10,0,272.0
10109749DUTRAJ_2025-03-14_G14,10109749DUTRAJ,2025-03-14,110372,1,10,0,224.0
10109749DUTRAJ_2025-03-14_G15,10109749DUTRAJ,2025-03-14,117830,1,4,0,234.0
10109749DUTRAJ_2025-03-14_G16,10109749DUTRAJ,2025-03-14,109643,1,4,0,157.0
10109749DUTRAJ_2025-03-14_G17,10109749DUTRAJ,2025-03-14,117832,1,2,0,283.0
10109749DUTRAJ_2025-03-14_G18,10109749DUTRAJ,2025-03-14,108770,1,3,0,590.0
10109749DUTRAJ_2025-03-14_G19,10109749DUTRAJ,2025-03-14,110742,1,4,0,44.0
10109749DUTRAJ_2025-03-14_G20,10109749DUTRAJ,2025-03-14,111438,1,4,0,80.0
10109749DUTRAJ_2025-03-14_G21,10109749DUTRAJ,2025-03-14,110747,1,4,0,364.0
10109749DUTRAJ_2025-03-14_G22,10109749DUTRAJ,2025-03-14,118306,1,2,0,158.0
10109749DUTRAJ_2025-03-14_G23,10109749DUTRAJ,2025-03-14,110371,1,10,0,128.0
10109749DUTRAJ_2025-03-14_G24,10109749DUTRAJ,2025-03-14,110375,1,8,0,675.0
10109749DUTRAJ_2025-03-14_G25,10109749DUTRAJ,2025-03-14,109747,1,11,0,217.0
10109749DUTRAJ_2025-03-15_G02,10109749DUTRAJ,2025-03-15,118253,1,10,0,457.0
10109749DUTRAJ_2025-03-15_G03,10109749DUTRAJ,2025-03-15,100334,1,37,0,507.0
10109749DUTRAJ_2025-03-15_G04,10109749DUTRAJ,2025-03-15,111430,1,8,0,577.0
10109749DUTRAJ_2025-03-15_G05,10109749DUTRAJ,2025-03-15,118140,1,200,0,1846.0
10109749DUTRAJ_2025-03-15_G06,10109749DUTRAJ,2025-03-15,108770,1,1,0,256.0
10109749DUTRAJ_2025-03-15_G07,10109749DUTRAJ,2025-03-15,118222,1,74,0,914.0
10109749DUTRAJ_2025-03-15_G08,10109749DUTRAJ,2025-03-15,118364,1,2,0,1625.0
10109749DUTRAJ_2025-03-15_G09,10109749DUTRAJ,2025-03-15,118229,1,40,0,1837.0
10109749DUTRAJ_2025-03-15_G10,10109749DUTRAJ,2025-03-15,117835,1,7,0,485.0
10109749DUTRAJ_2025-03-15_G11,10109749DUTRAJ,2025-03-15,108759,1,23,0,137.0
10109749DUTRAJ_2025-03-15_G13,10109749DUTRAJ,2025-03-15,110373,1,100,0,565.0
10109749DUTRAJ_2025-03-15_G14,10109749DUTRAJ,2025-03-15,110372,1,100,0,295.0
10109749DUTRAJ_2025-03-15_G15,10109749DUTRAJ,2025-03-15,117830,1,12,0,990.0
10109749DUTRAJ_2025-03-15_G16,10109749DUTRAJ,2025-03-15,"109643, 117820",2,52,27,232.0
10109749DUTRAJ_2025-03-17_G02,10109749DUTRAJ,2025-03-17,110129,1,2,0,504.0
10109749DUTRAJ_2025-03-17_G03,10109749DUTRAJ,2025-03-17,111348,1,1,0,82.0
10109749DUTRAJ_2025-03-17_G04,10109749DUTRAJ,2025-03-17,111466,1,47,0,415.0
10109749DUTRAJ_2025-03-17_G05,10109749DUTRAJ,2025-03-17,111435,1,2,0,907.0
10109749DUTRAJ_2025-03-17_G06,10109749DUTRAJ,2025-03-17,111532,1,20,0,388.0
10109749DUTRAJ_2025-03-17_G07,10109749DUTRAJ,2025-03-17,111468,1,3,0,147.0
10109749DUTRAJ_2025-03-17_G08,10109749DUTRAJ,2025-03-17,110743,1,2,0,44.0
10109749DUTRAJ_2025-03-17_G09,10109749DUTRAJ,2025-03-17,111462,1,4,0,443.0
10109749DUTRAJ_2025-03-17_G10,10109749DUTRAJ,2025-03-17,110745,1,2,0,116.0
10109749DUTRAJ_2025-03-17_G11,10109749DUTRAJ,2025-03-17,117821,1,18,0,234.0
10109749DUTRAJ_2025-03-17_G12,10109749DUTRAJ,2025-03-17,117785,1,112,0,2842.0
10109749DUTRAJ_2025-03-17_G13,10109749DUTRAJ,2025-03-17,118140,1,40,0,623.0
10109749DUTRAJ_2025-03-17_G14,10109749DUTRAJ,2025-03-17,110787,1,5,0,141.0
10109749DUTRAJ_2025-03-17_G15,10109749DUTRAJ,2025-03-17,109645,1,4,0,53.0
10109749DUTRAJ_2025-03-17_G16,10109749DUTRAJ,2025-03-17,117831,1,32,0,364.0
10109749DUTRAJ_2025-03-17_G17,10109749DUTRAJ,2025-03-17,110325,1,10,0,767.0
10109749DUTRAJ_2025-03-17_G18,10109749DUTRAJ,2025-03-17,118299,1,236,0,1273.0
10109749DUTRAJ_2025-03-17_G19,10109749DUTRAJ,2025-03-17,110373,1,85,0,526.0
10109749DUTRAJ_2025-03-17_G20,10109749DUTRAJ,2025-03-17,117820,1,140,0,1189.0
10109749DUTRAJ_2025-03-17_G21,10109749DUTRAJ,2025-03-17,110372,1,52,0,505.0
10109749DUTRAJ_2025-03-17_G22,10109749DUTRAJ,2025-03-17,117830,1,8,0,269.0
10109749DUTRAJ_2025-03-17_G23,10109749DUTRAJ,2025-03-17,110371,1,16,0,313.0
10109749DUTRAJ_2025-03-17_G24,10109749DUTRAJ,2025-03-17,117832,1,49,0,333.0
10109749DUTRAJ_2025-03-17_G25,10109749DUTRAJ,2025-03-17,110375,1,3,0,78.0
10109749DUTRAJ_2025-03-17_G26,10109749DUTRAJ,2025-03-17,109747,1,4,0,268.0
10109749DUTRAJ_2025-03-17_G28,10109749DUTRAJ,2025-03-17,118222,1,4,0,329.0
10109749DUTRAJ_2025-03-17_G29,10109749DUTRAJ,2025-03-17,111569,1,4,0,216.0
10109749DUTRAJ_2025-03-17_G30,10109749DUTRAJ,2025-03-17,109647,1,2,0,296.0
10109749DUTRAJ_2025-03-17_G31,10109749DUTRAJ,2025-03-17,117935,1,4,0,207.0
10109749DUTRAJ_2025-03-17_G32,10109749DUTRAJ,2025-03-17,117861,1,4,0,238.0
10109749DUTRAJ_2025-03-17_G33,10109749DUTRAJ,2025-03-17,110515,1,3,0,438.0
10109749DUTRAJ_2025-03-17_G34,10109749DUTRAJ,2025-03-17,111443,2,2,9,669.0
10109749DUTRAJ_2025-03-17_G35,10109749DUTRAJ,2025-03-17,110745,1,4,0,193.0
10109749DUTRAJ_2025-03-17_G36,10109749DUTRAJ,2025-03-17,117841,1,4,0,106.0
10109749DUTRAJ_2025-03-17_G37,10109749DUTRAJ,2025-03-17,"118299, 109747",2,13,27,320.0
10109749DUTRAJ_2025-03-17_G38,10109749DUTRAJ,2025-03-17,111172,1,8,0,483.0
10109749DUTRAJ_2025-03-17_G39,10109749DUTRAJ,2025-03-17,110733,1,2,0,351.0
10109749DUTRAJ_2025-03-17_G40,10109749DUTRAJ,2025-03-17,111441,1,4,0,184.0
10109749DUTRAJ_2025-03-17_G41,10109749DUTRAJ,2025-03-17,110373,1,20,0,724.0
10109749DUTRAJ_2025-03-17_G42,10109749DUTRAJ,2025-03-17,110372,1,8,0,127.0
10109749DUTRAJ_2025-03-17_G43,10109749DUTRAJ,2025-03-17,111443,1,8,0,166.0
10109749DUTRAJ_2025-03-17_G44,10109749DUTRAJ,2025-03-17,110787,1,8,0,172.0
10109749DUTRAJ_2025-03-17_G45,10109749DUTRAJ,2025-03-17,110372,1,4,0,262.0
10109749DUTRAJ_2025-03-17_G46,10109749DUTRAJ,2025-03-17,111430,1,4,0,679.0
10109749DUTRAJ_2025-03-17_G47,10109749DUTRAJ,2025-03-17,111602,1,2,0,324.0
10109749DUTRAJ_2025-03-17_G48,10109749DUTRAJ,2025-03-17,117856,1,2,0,254.0
10109749DUTRAJ_2025-03-17_G49,10109749DUTRAJ,2025-03-17,111530,1,2,0,120.0
10109749DUTRAJ_2025-03-17_G50,10109749DUTRAJ,2025-03-17,111469,1,1,0,207.0
10109749DUTRAJ_2025-03-17_G51,10109749DUTRAJ,2025-03-17,111466,1,4,0,63.0
10109749DUTRAJ_2025-03-17_G52,10109749DUTRAJ,2025-03-17,117785,1,4,0,117.0
10109749DUTRAJ_2025-03-17_G53,10109749DUTRAJ,2025-03-17,118140,1,3,0,45.0
10109749DUTRAJ_2025-03-17_G54,10109749DUTRAJ,2025-03-17,111418,1,4,0,205.0
10109749DUTRAJ_2025-03-17_G55,10109749DUTRAJ,2025-03-17,108711,1,2,0,49.0
10109749DUTRAJ_2025-03-17_G56,10109749DUTRAJ,2025-03-17,111462,1,10,0,38.0
10109749DUTRAJ_2025-03-17_G57,10109749DUTRAJ,2025-03-17,110745,1,2,0,76.0
10109749DUTRAJ_2025-03-17_G58,10109749DUTRAJ,2025-03-17,117821,1,8,0,150.0
10109749DUTRAJ_2025-03-17_G59,10109749DUTRAJ,2025-03-17,110740,1,4,0,149.0
10109749DUTRAJ_2025-03-18_G02,10109749DUTRAJ,2025-03-18,111569,1,4,0,93.0
10109749DUTRAJ_2025-03-18_G03,10109749DUTRAJ,2025-03-18,110895,1,1,0,678.0
10109749DUTRAJ_2025-03-18_G04,10109749DUTRAJ,2025-03-18,118004,1,2,0,705.0
10109749DUTRAJ_2025-03-18_G05,10109749DUTRAJ,2025-03-18,111348,1,3,0,274.0
10109749DUTRAJ_2025-03-18_G06,10109749DUTRAJ,2025-03-18,111469,1,4,0,280.0
10109749DUTRAJ_2025-03-18_G07,10109749DUTRAJ,2025-03-18,111532,1,2,0,113.0
10109749DUTRAJ_2025-03-18_G08,10109749DUTRAJ,2025-03-18,111418,1,15,0,321.0
10109749DUTRAJ_2025-03-18_G09,10109749DUTRAJ,2025-03-18,108711,1,1,0,100.0
10109749DUTRAJ_2025-03-18_G10,10109749DUTRAJ,2025-03-18,118317,1,2,0,57.0
10109749DUTRAJ_2025-03-18_G11,10109749DUTRAJ,2025-03-18,110787,1,1,0,79.0
10109749DUTRAJ_2025-03-18_G12,10109749DUTRAJ,2025-03-18,111433,1,2,0,137.0
10109749DUTRAJ_2025-03-18_G13,10109749DUTRAJ,2025-03-18,109937,1,3,0,2422.0
10109749DUTRAJ_2025-03-18_G14,10109749DUTRAJ,2025-03-18,118222,1,4,0,231.0
10109749DUTRAJ_2025-03-18_G15,10109749DUTRAJ,2025-03-18,100334,1,2,0,421.0
10109749DUTRAJ_2025-03-18_G16,10109749DUTRAJ,2025-03-18,111430,1,3,0,43.0
10109749DUTRAJ_2025-03-18_G17,10109749DUTRAJ,2025-03-18,111438,1,6,0,796.0
10109749DUTRAJ_2025-03-18_G18,10109749DUTRAJ,2025-03-18,111569,1,3,0,339.0
10109749DUTRAJ_2025-03-18_G19,10109749DUTRAJ,2025-03-18,118299,1,1,0,398.0
10109749DUTRAJ_2025-03-18_G20,10109749DUTRAJ,2025-03-18,117808,1,9,0,233.0
10109749DUTRAJ_2025-03-18_G21,10109749DUTRAJ,2025-03-18,110373,1,8,0,123.0
10109749DUTRAJ_2025-03-18_G22,10109749DUTRAJ,2025-03-18,117820,1,3,0,239.0
10109749DUTRAJ_2025-03-18_G23,10109749DUTRAJ,2025-03-18,"110372, 117830",2,10,28,462.0
10109749DUTRAJ_2025-03-18_G24,10109749DUTRAJ,2025-03-18,111172,1,21,0,902.0
10109749DUTRAJ_2025-03-18_G25,10109749DUTRAJ,2025-03-18,111418,1,61,0,435.0
10109749DUTRAJ_2025-03-18_G26,10109749DUTRAJ,2025-03-18,111441,1,1,0,1149.0
10109749DUTRAJ_2025-03-18_G27,10109749DUTRAJ,2025-03-18,111569,1,6,0,80.0
10109749DUTRAJ_2025-03-18_G28,10109749DUTRAJ,2025-03-18,109937,1,3,0,304.0
10109749DUTRAJ_2025-03-18_G29,10109749DUTRAJ,2025-03-18,118222,1,4,0,104.0
10109749DUTRAJ_2025-03-18_G30,10109749DUTRAJ,2025-03-18,110895,1,1,0,146.0
10109749DUTRAJ_2025-03-18_G31,10109749DUTRAJ,2025-03-18,117862,1,15,0,2847.0
10109749DUTRAJ_2025-03-18_G32,10109749DUTRAJ,2025-03-18,110313,1,6,0,243.0
10109749DUTRAJ_2025-03-18_G33,10109749DUTRAJ,2025-03-18,117856,2,13,14,39.0
10109749DUTRAJ_2025-03-18_G34,10109749DUTRAJ,2025-03-18,110733,1,1,0,218.0
10109749DUTRAJ_2025-03-18_G35,10109749DUTRAJ,2025-03-18,111602,1,35,0,563.0
10109749DUTRAJ_2025-03-18_G37,10109749DUTRAJ,2025-03-18,110515,1,18,0,400.0
10109749DUTRAJ_2025-03-18_G38,10109749DUTRAJ,2025-03-18,110711,2,2,9,109.0
10109749DUTRAJ_2025-03-18_G39,10109749DUTRAJ,2025-03-18,118222,1,8,0,210.0
10109749DUTRAJ_2025-03-18_G40,10109749DUTRAJ,2025-03-18,117856,1,3,0,809.0
10109749DUTRAJ_2025-03-18_G41,10109749DUTRAJ,2025-03-18,110733,1,3,0,64.0
10109749DUTRAJ_2025-03-18_G42,10109749DUTRAJ,2025-03-18,110711,1,8,0,292.0
10109749DUTRAJ_2025-03-18_G43,10109749DUTRAJ,2025-03-18,111466,1,3,0,556.0
10109749DUTRAJ_2025-03-18_G44,10109749DUTRAJ,2025-03-18,117831,1,1,0,97.0
10109749DUTRAJ_2025-03-18_G45,10109749DUTRAJ,2025-03-18,111466,1,9,0,1460.0
10109749DUTRAJ_2025-03-18_G46,10109749DUTRAJ,2025-03-18,111532,1,7,0,324.0
10109749DUTRAJ_2025-03-18_G47,10109749DUTRAJ,2025-03-18,118140,1,5,0,353.0
10109749DUTRAJ_2025-03-18_G48,10109749DUTRAJ,2025-03-18,111462,1,2,0,324.0
10109749DUTRAJ_2025-03-18_G49,10109749DUTRAJ,2025-03-18,111463,1,10,0,421.0
10109749DUTRAJ_2025-03-18_G50,10109749DUTRAJ,2025-03-18,111418,1,17,0,584.0
10109749DUTRAJ_2025-03-18_G51,10109749DUTRAJ,2025-03-18,108711,1,8,0,119.0
10109749DUTRAJ_2025-03-19_G02,10109749DUTRAJ,2025-03-19,"110895, 100334",2,5,15,147.0
10109749DUTRAJ_2025-03-19_G03,10109749DUTRAJ,2025-03-19,117855,1,2,0,581.0
10109749DUTRAJ_2025-03-19_G04,10109749DUTRAJ,2025-03-19,107629,1,2,0,151.0
10109749DUTRAJ_2025-03-19_G05,10109749DUTRAJ,2025-03-19,111530,1,2,0,109.0
10109749DUTRAJ_2025-03-19_G06,10109749DUTRAJ,2025-03-19,111466,1,8,0,297.0
10109749DUTRAJ_2025-03-19_G07,10109749DUTRAJ,2025-03-19,"108711, 111462",2,8,13,234.0
10109749DUTRAJ_2025-03-19_G08,10109749DUTRAJ,2025-03-19,117831,1,1,0,213.0
10109749DUTRAJ_2025-03-19_G09,10109749DUTRAJ,2025-03-19,"118140, 111465",2,2,15,135.0
10109749DUTRAJ_2025-03-19_G10,10109749DUTRAJ,2025-03-19,117853,1,4,0,387.0
10109749DUTRAJ_2025-03-19_G11,10109749DUTRAJ,2025-03-19,"110580, 110313",2,4,29,341.0
10109749DUTRAJ_2025-03-19_G12,10109749DUTRAJ,2025-03-19,117856,1,2,0,1396.0
10109749DUTRAJ_2025-03-19_G13,10109749DUTRAJ,2025-03-19,110733,1,2,0,73.0
10109749DUTRAJ_2025-03-19_G14,10109749DUTRAJ,2025-03-19,111876,1,1,0,123.0
10109749DUTRAJ_2025-03-19_G15,10109749DUTRAJ,2025-03-19,108772,1,2,0,92.0
10109749DUTRAJ_2025-03-19_G16,10109749DUTRAJ,2025-03-19,110515,1,2,0,135.0
10109749DUTRAJ_2025-03-19_G17,10109749DUTRAJ,2025-03-19,110515,1,6,0,128.0
10109749DUTRAJ_2025-03-19_G18,10109749DUTRAJ,2025-03-19,111530,1,8,0,51.0
10109749DUTRAJ_2025-03-19_G19,10109749DUTRAJ,2025-03-19,110711,1,3,0,123.0
10109749DUTRAJ_2025-03-19_G20,10109749DUTRAJ,2025-03-19,111182,1,1,0,1261.0
10109749DUTRAJ_2025-03-19_G21,10109749DUTRAJ,2025-03-19,140922,1,12,0,1271.0
10109749DUTRAJ_2025-03-19_G22,10109749DUTRAJ,2025-03-19,111468,1,4,0,838.0
10109749DUTRAJ_2025-03-19_G23,10109749DUTRAJ,2025-03-19,109641,1,2,0,77.0
10109749DUTRAJ_2025-03-19_G24,10109749DUTRAJ,2025-03-19,108711,1,6,0,82.0
10109749DUTRAJ_2025-03-19_G25,10109749DUTRAJ,2025-03-19,111462,1,2,0,189.0
10109749DUTRAJ_2025-03-19_G26,10109749DUTRAJ,2025-03-19,110745,1,2,0,64.0
10109749DUTRAJ_2025-03-19_G27,10109749DUTRAJ,2025-03-19,110787,1,10,0,231.0
10109749DUTRAJ_2025-03-19_G28,10109749DUTRAJ,2025-03-19,105705,1,1,0,120.0
10109749DUTRAJ_2025-03-19_G29,10109749DUTRAJ,2025-03-19,100334,1,1,0,636.0
10109749DUTRAJ_2025-03-19_G30,10109749DUTRAJ,2025-03-19,111431,1,2,0,368.0
10109749DUTRAJ_2025-03-19_G31,10109749DUTRAJ,2025-03-19,110787,1,6,0,407.0
10109749DUTRAJ_2025-03-19_G32,10109749DUTRAJ,2025-03-19,117831,1,4,0,180.0
10109749DUTRAJ_2025-03-19_G33,10109749DUTRAJ,2025-03-19,109645,1,2,0,73.0
10109749DUTRAJ_2025-03-19_G34,10109749DUTRAJ,2025-03-19,117862,1,1,0,403.0
10109749DUTRAJ_2025-03-19_G35,10109749DUTRAJ,2025-03-19,117856,1,2,0,108.0
10109749DUTRAJ_2025-03-19_G36,10109749DUTRAJ,2025-03-19,117855,1,2,0,167.0
10109749DUTRAJ_2025-03-19_G37,10109749DUTRAJ,2025-03-19,110515,2,5,10,84.0
10109749DUTRAJ_2025-03-19_G38,10109749DUTRAJ,2025-03-19,111530,1,2,0,817.0
10109749DUTRAJ_2025-03-19_G39,10109749DUTRAJ,2025-03-19,105242,1,2,0,90.0
10109749DUTRAJ_2025-03-19_G40,10109749DUTRAJ,2025-03-19,111466,2,4,8,960.0
10109749DUTRAJ_2025-03-19_G41,10109749DUTRAJ,2025-03-19,108794,1,1,0,895.0
10109749DUTRAJ_2025-03-19_G42,10109749DUTRAJ,2025-03-19,118403,1,2,0,185.0
10109749DUTRAJ_2025-03-19_G44,10109749DUTRAJ,2025-03-19,110515,1,2,0,76.0
10109749DUTRAJ_2025-03-19_G45,10109749DUTRAJ,2025-03-19,111466,1,8,0,705.0
10109749DUTRAJ_2025-03-19_G46,10109749DUTRAJ,2025-03-19,109640,1,14,0,1139.0
10109749DUTRAJ_2025-03-19_G47,10109749DUTRAJ,2025-03-19,107629,1,2,0,1218.0
10109749DUTRAJ_2025-03-19_G48,10109749DUTRAJ,2025-03-19,117855,1,2,0,45.0
10109749DUTRAJ_2025-03-19_G49,10109749DUTRAJ,2025-03-19,111530,1,3,0,151.0
10109749DUTRAJ_2025-03-19_G50,10109749DUTRAJ,2025-03-19,111466,1,8,0,889.0
10109749DUTRAJ_2025-03-19_G51,10109749DUTRAJ,2025-03-19,140922,1,4,0,168.0
10109749DUTRAJ_2025-03-19_G52,10109749DUTRAJ,2025-03-19,117785,1,4,0,122.0
10109749DUTRAJ_2025-03-19_G53,10109749DUTRAJ,2025-03-19,117821,1,4,0,76.0
10109749DUTRAJ_2025-03-19_G54,10109749DUTRAJ,2025-03-19,117831,1,1,0,154.0
10109749DUTRAJ_2025-03-19_G55,10109749DUTRAJ,2025-03-19,111466,1,6,0,728.0
10109749DUTRAJ_2025-03-19_G56,10109749DUTRAJ,2025-03-19,117833,1,4,0,177.0
10109749DUTRAJ_2025-03-19_G57,10109749DUTRAJ,2025-03-19,140922,1,2,0,34.0
10109749DUTRAJ_2025-03-19_G58,10109749DUTRAJ,2025-03-19,111172,1,4,0,134.0
10109749DUTRAJ_2025-03-19_G59,10109749DUTRAJ,2025-03-19,117785,1,4,0,71.0
10109749DUTRAJ_2025-03-19_G60,10109749DUTRAJ,2025-03-19,117838,1,2,0,65.0
10109749DUTRAJ_2025-03-19_G61,10109749DUTRAJ,2025-03-19,108711,1,2,0,117.0
10109749DUTRAJ_2025-03-19_G62,10109749DUTRAJ,2025-03-19,111462,1,4,0,62.0
10109749DUTRAJ_2025-03-19_G63,10109749DUTRAJ,2025-03-19,109645,1,2,0,112.0
10109749DUTRAJ_2025-03-19_G64,10109749DUTRAJ,2025-03-19,110733,1,2,0,149.0
10109749DUTRAJ_2025-03-19_G65,10109749DUTRAJ,2025-03-19,118299,1,10,0,282.0
10109749DUTRAJ_2025-03-19_G66,10109749DUTRAJ,2025-03-19,117808,1,10,0,104.0
10109749DUTRAJ_2025-03-19_G67,10109749DUTRAJ,2025-03-19,117830,1,4,0,78.0
10109749DUTRAJ_2025-03-19_G68,10109749DUTRAJ,2025-03-19,110372,1,10,0,178.0
10109749DUTRAJ_2025-03-19_G69,10109749DUTRAJ,2025-03-19,109747,1,4,0,51.0
10109749DUTRAJ_2025-03-20_G02,10109749DUTRAJ,2025-03-20,117853,1,10,0,372.0
10109749DUTRAJ_2025-03-20_G03,10109749DUTRAJ,2025-03-20,117855,1,20,0,1359.0
10109749DUTRAJ_2025-03-20_G04,10109749DUTRAJ,2025-03-20,117862,1,1,0,908.0
10109749DUTRAJ_2025-03-20_G05,10109749DUTRAJ,2025-03-20,118094,2,4,10,710.0
10109749DUTRAJ_2025-03-20_G06,10109749DUTRAJ,2025-03-20,110339,1,2,0,127.0
10109749DUTRAJ_2025-03-20_G07,10109749DUTRAJ,2025-03-20,110733,1,4,0,239.0
10109749DUTRAJ_2025-03-20_G08,10109749DUTRAJ,2025-03-20,111602,1,2,0,47.0
10109749DUTRAJ_2025-03-20_G09,10109749DUTRAJ,2025-03-20,107629,1,4,0,77.0
10109749DUTRAJ_2025-03-20_G10,10109749DUTRAJ,2025-03-20,110741,1,2,0,135.0
10109749DUTRAJ_2025-03-20_G11,10109749DUTRAJ,2025-03-20,141047,1,2,0,248.0
10109749DUTRAJ_2025-03-20_G12,10109749DUTRAJ,2025-03-20,111530,1,2,0,125.0
10109749DUTRAJ_2025-03-20_G13,10109749DUTRAJ,2025-03-20,117786,1,3,0,149.0
10109749DUTRAJ_2025-03-20_G14,10109749DUTRAJ,2025-03-20,110325,1,2,0,195.0
10109749DUTRAJ_2025-03-20_G15,10109749DUTRAJ,2025-03-20,117822,1,2,0,234.0
10109749DUTRAJ_2025-03-20_G16,10109749DUTRAJ,2025-03-20,118299,1,12,0,42.0
10109749DUTRAJ_2025-03-20_G17,10109749DUTRAJ,2025-03-20,117808,2,15,28,244.0
10109749DUTRAJ_2025-03-20_G18,10109749DUTRAJ,2025-03-20,117830,1,4,0,143.0
10109749DUTRAJ_2025-03-20_G19,10109749DUTRAJ,2025-03-20,110371,1,5,0,91.0
10109749DUTRAJ_2025-03-20_G20,10109749DUTRAJ,2025-03-20,110372,1,6,0,236.0
10109749DUTRAJ_2025-03-20_G21,10109749DUTRAJ,2025-03-20,117832,1,2,0,208.0
10109749DUTRAJ_2025-03-20_G22,10109749DUTRAJ,2025-03-20,110373,1,24,0,1683.0
10109749DUTRAJ_2025-03-20_G23,10109749DUTRAJ,2025-03-20,109747,1,1,0,183.0
10109749DUTRAJ_2025-03-20_G24,10109749DUTRAJ,2025-03-20,110374,1,2,0,97.0
10109749DUTRAJ_2025-03-20_G25,10109749DUTRAJ,2025-03-20,110373,1,6,0,238.0
10109749DUTRAJ_2025-03-20_G26,10109749DUTRAJ,2025-03-20,110787,1,6,0,226.0
10109749DUTRAJ_2025-03-20_G28,10109749DUTRAJ,2025-03-20,118191,1,100,0,1452.0
10109749DUTRAJ_2025-03-20_G29,10109749DUTRAJ,2025-03-20,111740,1,25,0,619.0
10109749DUTRAJ_2025-03-20_G30,10109749DUTRAJ,2025-03-20,110747,1,4,0,891.0
10109749DUTRAJ_2025-03-20_G31,10109749DUTRAJ,2025-03-20,109937,1,4,0,281.0
10109749DUTRAJ_2025-03-20_G32,10109749DUTRAJ,2025-03-20,118222,1,5,0,145.0
10109749DUTRAJ_2025-03-20_G33,10109749DUTRAJ,2025-03-20,110895,1,2,0,134.0
10109749DUTRAJ_2025-03-20_G34,10109749DUTRAJ,2025-03-20,110376,1,1,0,104.0
10109749DUTRAJ_2025-03-20_G35,10109749DUTRAJ,2025-03-20,"118299, 117808",2,12,26,147.0
10109749DUTRAJ_2025-03-20_G36,10109749DUTRAJ,2025-03-20,117830,1,3,0,150.0
10109749DUTRAJ_2025-03-20_G37,10109749DUTRAJ,2025-03-20,110371,1,5,0,106.0
10109749DUTRAJ_2025-03-20_G38,10109749DUTRAJ,2025-03-20,110372,1,9,0,120.0
10109749DUTRAJ_2025-03-20_G39,10109749DUTRAJ,2025-03-20,117832,1,6,0,153.0
10109749DUTRAJ_2025-03-20_G40,10109749DUTRAJ,2025-03-20,110373,1,45,0,632.0
10109749DUTRAJ_2025-03-21_G02,10109749DUTRAJ,2025-03-21,111602,1,30,0,544.0
10109749DUTRAJ_2025-03-21_G03,10109749DUTRAJ,2025-03-21,107629,1,7,0,114.0
10109749DUTRAJ_2025-03-21_G04,10109749DUTRAJ,2025-03-21,117855,1,22,0,1310.0
10109749DUTRAJ_2025-03-21_G05,10109749DUTRAJ,2025-03-21,110515,1,10,0,3023.0
10109749DUTRAJ_2025-03-21_G06,10109749DUTRAJ,2025-03-21,108361,1,5,0,149.0
10109749DUTRAJ_2025-03-21_G07,10109749DUTRAJ,2025-03-21,117861,1,6,0,411.0
10109749DUTRAJ_2025-03-21_G08,10109749DUTRAJ,2025-03-21,118229,1,4,0,2118.0
10109749DUTRAJ_2025-03-21_G09,10109749DUTRAJ,2025-03-21,110711,1,5,0,95.0
10109749DUTRAJ_2025-03-21_G10,10109749DUTRAJ,2025-03-21,111182,1,1,0,303.0
10109749DUTRAJ_2025-03-21_G11,10109749DUTRAJ,2025-03-21,117785,1,16,0,145.0
10109749DUTRAJ_2025-03-21_G12,10109749DUTRAJ,2025-03-21,111418,1,80,0,955.0
10109749DUTRAJ_2025-03-21_G13,10109749DUTRAJ,2025-03-21,"117808, 160054",2,93,19,1125.0
10109749DUTRAJ_2025-03-21_G14,10109749DUTRAJ,2025-03-21,111441,1,22,0,2730.0
10109749DUTRAJ_2025-03-21_G15,10109749DUTRAJ,2025-03-21,108772,1,11,0,631.0
10109749DUTRAJ_2025-03-21_G17,10109749DUTRAJ,2025-03-21,117862,1,10,0,70.0
10109749DUTRAJ_2025-03-21_G18,10109749DUTRAJ,2025-03-21,117856,1,8,0,203.0
10109749DUTRAJ_2025-03-21_G19,10109749DUTRAJ,2025-03-21,111182,1,4,0,210.0
10109749DUTRAJ_2025-03-21_G20,10109749DUTRAJ,2025-03-21,111330,1,12,0,323.0
10109749DUTRAJ_2025-03-21_G21,10109749DUTRAJ,2025-03-21,110745,1,2,0,442.0
10109749DUTRAJ_2025-03-21_G22,10109749DUTRAJ,2025-03-21,117832,2,16,12,497.0
10109749DUTRAJ_2025-03-21_G23,10109749DUTRAJ,2025-03-21,110742,1,7,0,869.0
10109749DUTRAJ_2025-03-21_G24,10109749DUTRAJ,2025-03-21,111438,1,2,0,789.0
10109749DUTRAJ_2025-03-21_G25,10109749DUTRAJ,2025-03-21,117834,1,4,0,285.0
10109749DUTRAJ_2025-03-21_G26,10109749DUTRAJ,2025-03-21,100334,1,3,0,78.0
10109749DUTRAJ_2025-03-21_G27,10109749DUTRAJ,2025-03-21,117836,1,4,0,456.0
10109749DUTRAJ_2025-03-21_G28,10109749DUTRAJ,2025-03-21,111348,1,6,0,732.0
10109749DUTRAJ_2025-03-21_G29,10109749DUTRAJ,2025-03-21,111466,1,6,0,210.0
10109749DUTRAJ_2025-03-21_G30,10109749DUTRAJ,2025-03-21,111466,1,14,0,336.0
10109749DUTRAJ_2025-03-21_G31,10109749DUTRAJ,2025-03-21,117833,1,3,0,392.0
10109749DUTRAJ_2025-03-21_G32,10109749DUTRAJ,2025-03-21,111462,1,25,0,328.0
10109749DUTRAJ_2025-03-21_G33,10109749DUTRAJ,2025-03-21,110748,1,4,0,106.0
10109749DUTRAJ_2025-03-24_G02,10109749DUTRAJ,2025-03-24,111348,1,2,0,326.0
10109749DUTRAJ_2025-03-24_G03,10109749DUTRAJ,2025-03-24,111466,1,6,0,833.0
10109749DUTRAJ_2025-03-24_G04,10109749DUTRAJ,2025-03-24,111532,1,10,0,235.0
10109749DUTRAJ_2025-03-24_G05,10109749DUTRAJ,2025-03-24,110745,1,10,0,174.0
10109749DUTRAJ_2025-03-24_G06,10109749DUTRAJ,2025-03-24,109645,1,5,0,145.0
10109749DUTRAJ_2025-03-24_G07,10109749DUTRAJ,2025-03-24,117821,1,2,0,212.0
10109749DUTRAJ_2025-03-24_G08,10109749DUTRAJ,2025-03-24,111438,1,4,0,1085.0
10109749DUTRAJ_2025-03-24_G09,10109749DUTRAJ,2025-03-24,108770,1,2,0,2133.0
10109749DUTRAJ_2025-03-24_G10,10109749DUTRAJ,2025-03-24,"110895, 100334",2,8,13,2488.0
10109749DUTRAJ_2025-03-24_G11,10109749DUTRAJ,2025-03-24,118094,1,6,0,359.0
10109749DUTRAJ_2025-03-24_G12,10109749DUTRAJ,2025-03-24,117862,1,4,0,113.0
10109749DUTRAJ_2025-03-24_G13,10109749DUTRAJ,2025-03-24,111602,2,6,8,426.0
10109749DUTRAJ_2025-03-24_G14,10109749DUTRAJ,2025-03-24,111530,1,2,0,176.0
10109749DUTRAJ_2025-03-24_G15,10109749DUTRAJ,2025-03-24,117855,1,5,0,147.0
10109749DUTRAJ_2025-03-24_G16,10109749DUTRAJ,2025-03-24,117786,1,7,0,888.0
10109749DUTRAJ_2025-03-24_G17,10109749DUTRAJ,2025-03-24,110515,1,4,0,185.0
10109749DUTRAJ_2025-03-24_G18,10109749DUTRAJ,2025-03-24,111418,1,19,0,355.0
10109749DUTRAJ_2025-03-24_G19,10109749DUTRAJ,2025-03-24,111418,1,7,0,91.0
10109749DUTRAJ_2025-03-24_G20,10109749DUTRAJ,2025-03-24,111469,1,4,0,521.0
10109749DUTRAJ_2025-03-24_G21,10109749DUTRAJ,2025-03-24,111466,1,3,0,73.0
10109749DUTRAJ_2025-03-24_G22,10109749DUTRAJ,2025-03-24,117785,1,1,0,127.0
10109749DUTRAJ_2025-03-24_G23,10109749DUTRAJ,2025-03-24,111462,2,6,13,198.0
10109749DUTRAJ_2025-03-24_G24,10109749DUTRAJ,2025-03-24,118140,1,4,0,209.0
10109749DUTRAJ_2025-03-24_G25,10109749DUTRAJ,2025-03-24,105705,1,3,0,115.0
10109749DUTRAJ_2025-03-24_G26,10109749DUTRAJ,2025-03-24,110787,2,5,8,109.0
10109749DUTRAJ_2025-03-24_G27,10109749DUTRAJ,2025-03-24,111465,1,2,0,42.0
10109749DUTRAJ_2025-03-24_G29,10109749DUTRAJ,2025-03-24,111739,1,8,0,771.0
10109749DUTRAJ_2025-03-24_G30,10109749DUTRAJ,2025-03-24,111739,1,8,0,384.0
10109749DUTRAJ_2025-03-24_G31,10109749DUTRAJ,2025-03-24,141261,1,24,0,483.0
10109749DUTRAJ_2025-03-24_G32,10109749DUTRAJ,2025-03-24,111469,1,2,0,839.0
10109749DUTRAJ_2025-03-24_G33,10109749DUTRAJ,2025-03-24,109937,1,2,0,346.0
10109749DUTRAJ_2025-03-24_G34,10109749DUTRAJ,2025-03-24,117855,1,2,0,254.0
10109749DUTRAJ_2025-03-24_G35,10109749DUTRAJ,2025-03-24,109640,1,2,0,81.0
10109749DUTRAJ_2025-03-24_G36,10109749DUTRAJ,2025-03-24,111463,1,4,0,466.0
10109749DUTRAJ_2025-03-24_G37,10109749DUTRAJ,2025-03-24,109645,1,2,0,108.0
10109749DUTRAJ_2025-03-24_G38,10109749DUTRAJ,2025-03-24,117808,1,16,0,457.0
10109749DUTRAJ_2025-03-24_G39,10109749DUTRAJ,2025-03-24,110373,1,6,0,268.0
10109749DUTRAJ_2025-03-25_G02,10109749DUTRAJ,2025-03-25,110748,1,8,0,44.0
10109749DUTRAJ_2025-03-25_G03,10109749DUTRAJ,2025-03-25,117821,1,20,0,157.0
10109749DUTRAJ_2025-03-25_G04,10109749DUTRAJ,2025-03-25,"111463, 115817",2,16,18,347.0
10109749DUTRAJ_2025-03-25_G05,10109749DUTRAJ,2025-03-25,117841,1,8,0,559.0
10109749DUTRAJ_2025-03-25_G06,10109749DUTRAJ,2025-03-25,109645,1,27,0,469.0
10109749DUTRAJ_2025-03-25_G07,10109749DUTRAJ,2025-03-25,109645,1,37,0,437.0
10109749DUTRAJ_2025-03-25_G08,10109749DUTRAJ,2025-03-25,118140,1,20,0,867.0
10109749DUTRAJ_2025-03-25_G09,10109749DUTRAJ,2025-03-25,105705,1,21,0,2023.0
10109749DUTRAJ_2025-03-25_G10,10109749DUTRAJ,2025-03-25,110787,1,30,0,322.0
10109749DUTRAJ_2025-03-25_G11,10109749DUTRAJ,2025-03-25,111433,1,10,0,531.0
10109749DUTRAJ_2025-03-25_G12,10109749DUTRAJ,2025-03-25,109649,1,2,0,1186.0
10109749DUTRAJ_2025-03-25_G13,10109749DUTRAJ,2025-03-25,109641,1,13,0,671.0
10109749DUTRAJ_2025-03-25_G14,10109749DUTRAJ,2025-03-25,111466,1,70,0,836.0
10109749DUTRAJ_2025-03-25_G15,10109749DUTRAJ,2025-03-25,110711,1,30,0,2649.0
10109749DUTRAJ_2025-03-25_G16,10109749DUTRAJ,2025-03-25,117788,1,60,0,339.0
10109749DUTRAJ_2025-03-25_G17,10109749DUTRAJ,2025-03-25,106860,1,4,0,125.0
10109749DUTRAJ_2025-03-25_G18,10109749DUTRAJ,2025-03-25,101217,1,3,0,547.0
10109749DUTRAJ_2025-03-25_G20,10109749DUTRAJ,2025-03-25,109933,1,1,0,87.0
10109749DUTRAJ_2025-03-25_G21,10109749DUTRAJ,2025-03-25,110747,1,2,0,157.0
10109749DUTRAJ_2025-03-25_G22,10109749DUTRAJ,2025-03-25,110741,1,7,0,601.0
10109749DUTRAJ_2025-03-25_G23,10109749DUTRAJ,2025-03-25,117853,1,6,0,206.0
10109749DUTRAJ_2025-03-25_G24,10109749DUTRAJ,2025-03-25,108794,2,6,10,548.0
10109749DUTRAJ_2025-03-25_G25,10109749DUTRAJ,2025-03-25,111182,1,4,0,493.0
10109749DUTRAJ_2025-03-25_G26,10109749DUTRAJ,2025-03-25,111443,1,4,0,140.0
10109749DUTRAJ_2025-03-25_G27,10109749DUTRAJ,2025-03-25,108711,1,4,0,123.0
10109749DUTRAJ_2025-03-25_G28,10109749DUTRAJ,2025-03-25,110745,1,6,0,245.0
10109749DUTRAJ_2025-03-25_G29,10109749DUTRAJ,2025-03-25,117821,1,4,0,96.0
10109749DUTRAJ_2025-03-25_G30,10109749DUTRAJ,2025-03-25,111463,1,20,0,316.0
10109749DUTRAJ_2025-03-25_G31,10109749DUTRAJ,2025-03-25,118317,1,2,0,307.0
10109749DUTRAJ_2025-03-25_G32,10109749DUTRAJ,2025-03-25,110787,1,10,0,768.0
10109749DUTRAJ_2025-03-25_G33,10109749DUTRAJ,2025-03-25,111602,1,18,0,734.0
10109749DUTRAJ_2025-03-25_G34,10109749DUTRAJ,2025-03-25,109640,1,1,0,455.0
10109749DUTRAJ_2025-03-25_G35,10109749DUTRAJ,2025-03-25,117853,2,9,12,671.0
10109749DUTRAJ_2025-03-26_G02,10109749DUTRAJ,2025-03-26,117853,1,4,0,242.0
10109749DUTRAJ_2025-03-26_G03,10109749DUTRAJ,2025-03-26,111348,1,4,0,73.0
10109749DUTRAJ_2025-03-26_G04,10109749DUTRAJ,2025-03-26,110740,1,10,0,507.0
10109749DUTRAJ_2025-03-26_G05,10109749DUTRAJ,2025-03-26,111469,1,30,0,639.0
10109749DUTRAJ_2025-03-26_G06,10109749DUTRAJ,2025-03-26,111443,1,6,0,223.0
10109749DUTRAJ_2025-03-26_G07,10109749DUTRAJ,2025-03-26,111418,2,8,16,314.0
10109749DUTRAJ_2025-03-26_G08,10109749DUTRAJ,2025-03-26,108711,1,2,0,167.0
10109749DUTRAJ_2025-03-26_G10,10109749DUTRAJ,2025-03-26,118094,1,1,0,2026.0
10109749DUTRAJ_2025-03-26_G11,10109749DUTRAJ,2025-03-26,110339,1,11,0,205.0
10109749DUTRAJ_2025-03-26_G12,10109749DUTRAJ,2025-03-26,111602,1,26,0,992.0
10109749DUTRAJ_2025-03-26_G13,10109749DUTRAJ,2025-03-26,110733,1,7,0,206.0
10109749DUTRAJ_2025-03-26_G14,10109749DUTRAJ,2025-03-26,110733,1,16,0,251.0
10109749DUTRAJ_2025-03-26_G15,10109749DUTRAJ,2025-03-26,117786,1,2,0,663.0
10109749DUTRAJ_2025-03-26_G16,10109749DUTRAJ,2025-03-26,108772,1,3,0,807.0
10109749DUTRAJ_2025-03-26_G17,10109749DUTRAJ,2025-03-26,108361,1,2,0,215.0
10109749DUTRAJ_2025-03-26_G18,10109749DUTRAJ,2025-03-26,110515,1,12,0,582.0
10109749DUTRAJ_2025-03-26_G19,10109749DUTRAJ,2025-03-26,101217,1,10,0,529.0
10109749DUTRAJ_2025-03-26_G20,10109749DUTRAJ,2025-03-26,110376,2,6,10,269.0
10109749DUTRAJ_2025-03-26_G21,10109749DUTRAJ,2025-03-26,110373,1,81,0,517.0
10109749DUTRAJ_2025-03-26_G22,10109749DUTRAJ,2025-03-26,109643,1,10,0,163.0
10109749DUTRAJ_2025-03-26_G23,10109749DUTRAJ,2025-03-26,110372,3,49,38,500.0
10109749DUTRAJ_2025-03-26_G24,10109749DUTRAJ,2025-03-26,109747,1,29,0,761.0
10109749DUTRAJ_2025-03-26_G26,10109749DUTRAJ,2025-03-26,111430,1,38,0,227.0
10109749DUTRAJ_2025-03-26_G27,10109749DUTRAJ,2025-03-26,111430,1,14,0,554.0
10109749DUTRAJ_2025-03-26_G28,10109749DUTRAJ,2025-03-26,111430,1,30,0,454.0
10109749DUTRAJ_2025-03-26_G29,10109749DUTRAJ,2025-03-26,111447,1,30,0,1355.0
10109749DUTRAJ_2025-03-26_G30,10109749DUTRAJ,2025-03-26,111418,1,317,0,1298.0
10109749DUTRAJ_2025-03-26_G31,10109749DUTRAJ,2025-03-26,111462,1,57,0,1319.0
10109749DUTRAJ_2025-03-26_G32,10109749DUTRAJ,2025-03-26,110787,1,31,0,197.0
10109749DUTRAJ_2025-03-26_G33,10109749DUTRAJ,2025-03-26,111532,1,10,0,631.0
10109749DUTRAJ_2025-03-28_G02,10109749DUTRAJ,2025-03-28,111439,1,10,0,1294.0
10109749DUTRAJ_2025-03-28_G03,10109749DUTRAJ,2025-03-28,111439,1,3,0,130.0
10109749DUTRAJ_2025-03-28_G04,10109749DUTRAJ,2025-03-28,111467,1,50,0,587.0
10109749DUTRAJ_2025-03-28_G05,10109749DUTRAJ,2025-03-28,111876,1,7,0,115.0
10109749DUTRAJ_2025-03-28_G06,10109749DUTRAJ,2025-03-28,110515,1,8,0,2400.0
10109749DUTRAJ_2025-03-28_G07,10109749DUTRAJ,2025-03-28,118094,1,8,0,392.0
10109749DUTRAJ_2025-03-28_G08,10109749DUTRAJ,2025-03-28,111532,1,8,0,185.0
10109749DUTRAJ_2025-03-28_G09,10109749DUTRAJ,2025-03-28,111468,1,2,0,301.0
10109749DUTRAJ_2025-03-28_G10,10109749DUTRAJ,2025-03-28,110753,1,8,0,400.0
10109749DUTRAJ_2025-03-28_G11,10109749DUTRAJ,2025-03-28,109649,1,2,0,567.0
10109749DUTRAJ_2025-03-28_G12,10109749DUTRAJ,2025-03-28,111468,1,12,0,326.0
10109749DUTRAJ_2025-03-28_G13,10109749DUTRAJ,2025-03-28,111433,1,10,0,414.0
10109749DUTRAJ_2025-03-28_G14,10109749DUTRAJ,2025-03-28,110332,1,2,0,2091.0
10109749DUTRAJ_2025-03-28_G15,10109749DUTRAJ,2025-03-28,111112,1,2,0,85.0
10109749DUTRAJ_2025-03-28_G16,10109749DUTRAJ,2025-03-28,110339,1,2,0,539.0
10109749DUTRAJ_2025-03-28_G17,10109749DUTRAJ,2025-03-28,110063,1,2,0,229.0
10109749DUTRAJ_2025-03-28_G18,10109749DUTRAJ,2025-03-28,101217,1,2,0,205.0
10109749DUTRAJ_2025-03-28_G19,10109749DUTRAJ,2025-03-28,110711,1,6,0,159.0
10109749DUTRAJ_2025-03-28_G20,10109749DUTRAJ,2025-03-28,107236,1,1,0,1210.0
10109749DUTRAJ_2025-03-28_G21,10109749DUTRAJ,2025-03-28,107236,1,12,0,62.0
10109749DUTRAJ_2025-03-28_G22,10109749DUTRAJ,2025-03-28,117809,1,63,0,2277.0
10109749DUTRAJ_2025-03-28_G23,10109749DUTRAJ,2025-03-28,117830,1,3,0,207.0
10109749DUTRAJ_2025-03-28_G24,10109749DUTRAJ,2025-03-28,117830,1,33,0,851.0
10109749DUTRAJ_2025-03-28_G26,10109749DUTRAJ,2025-03-28,110373,1,83,0,1426.0
10109749DUTRAJ_2025-03-29_G02,10109749DUTRAJ,2025-03-29,117808,1,300,0,1726.0
10109749DUTRAJ_2025-03-29_G03,10109749DUTRAJ,2025-03-29,117832,1,12,0,426.0
10109749DUTRAJ_2025-03-29_G04,10109749DUTRAJ,2025-03-29,118299,1,270,0,1545.0
10109749DUTRAJ_2025-03-29_G05,10109749DUTRAJ,2025-03-29,110753,1,1,0,2256.0
10109749DUTRAJ_2025-03-29_G06,10109749DUTRAJ,2025-03-29,107830,1,4,0,779.0
10109749DUTRAJ_2025-03-29_G07,10109749DUTRAJ,2025-03-29,111723,1,5,0,472.0
10109749DUTRAJ_2025-03-29_G08,10109749DUTRAJ,2025-03-29,111753,1,3,0,1690.0
10109749DUTRAJ_2025-03-29_G09,10109749DUTRAJ,2025-03-29,111761,1,5,0,455.0
10109749DUTRAJ_2025-03-29_G10,10109749DUTRAJ,2025-03-29,111634,1,6,0,330.0
10109749DUTRAJ_2025-03-29_G11,10109749DUTRAJ,2025-03-29,110372,1,23,0,589.0
10109749DUTRAJ_2025-03-29_G12,10109749DUTRAJ,2025-03-29,117808,1,12,0,90.0
10109749DUTRAJ_2025-03-29_G13,10109749DUTRAJ,2025-03-29,109747,1,1,0,86.0
10109749DUTRAJ_2025-03-29_G14,10109749DUTRAJ,2025-03-29,110374,1,1,0,75.0
10109749DUTRAJ_2025-03-29_G15,10109749DUTRAJ,2025-03-29,111602,1,12,0,1206.0
10109749DUTRAJ_2025-03-29_G16,10109749DUTRAJ,2025-03-29,111172,1,2,0,294.0
10109749DUTRAJ_2025-03-29_G17,10109749DUTRAJ,2025-03-29,110373,1,4,0,79.0
10109749DUTRAJ_2025-03-29_G18,10109749DUTRAJ,2025-03-29,141047,1,10,0,834.0
10109749DUTRAJ_2025-03-29_G19,10109749DUTRAJ,2025-03-29,111530,1,12,0,344.0
10109749DUTRAJ_2025-03-29_G21,10109749DUTRAJ,2025-03-29,110733,1,2,0,190.0
10109749DUTRAJ_2025-03-29_G22,10109749DUTRAJ,2025-03-29,110711,1,2,0,113.0
10109749DUTRAJ_2025-03-29_G23,10109749DUTRAJ,2025-03-29,118140,1,2,0,164.0
10109749DUTRAJ_2025-03-29_G24,10109749DUTRAJ,2025-03-29,110787,1,5,0,149.0
10109749DUTRAJ_2025-03-29_G25,10109749DUTRAJ,2025-03-29,110373,1,1,0,259.0
10109749DUTRAJ_2025-03-29_G26,10109749DUTRAJ,2025-03-29,110313,1,16,0,698.0
10109749DUTRAJ_2025-03-29_G27,10109749DUTRAJ,2025-03-29,"109747, 111532",2,32,21,772.0
10109749DUTRAJ_2025-03-29_G28,10109749DUTRAJ,2025-03-29,110746,2,8,9,98.0
10109749DUTRAJ_2025-03-29_G29,10109749DUTRAJ,2025-03-29,141047,1,20,0,475.0
10109749DUTRAJ_2025-03-29_G30,10109749DUTRAJ,2025-03-29,111467,1,12,0,1105.0
10109749DUTRAJ_2025-03-29_G31,10109749DUTRAJ,2025-03-29,109640,1,15,0,555.0
10109749DUTRAJ_2025-03-30_G02,10109749DUTRAJ,2025-03-30,117853,1,8,0,211.0
10109749DUTRAJ_2025-03-30_G03,10109749DUTRAJ,2025-03-30,111348,1,4,0,238.0
10109749DUTRAJ_2025-03-30_G04,10109749DUTRAJ,2025-03-30,111442,1,4,0,139.0
10109749DUTRAJ_2025-03-30_G05,10109749DUTRAJ,2025-03-30,118223,1,4,0,105.0
10109749DUTRAJ_2025-03-30_G06,10109749DUTRAJ,2025-03-30,110787,1,8,0,170.0
10109749DUTRAJ_2025-03-30_G07,10109749DUTRAJ,2025-03-30,109643,2,6,9,1908.0
10109749DUTRAJ_2025-03-30_G08,10109749DUTRAJ,2025-03-30,105705,1,4,0,367.0
10109749DUTRAJ_2025-03-30_G09,10109749DUTRAJ,2025-03-30,111439,1,4,0,809.0
10109749DUTRAJ_2025-03-30_G10,10109749DUTRAJ,2025-03-30,111467,1,6,0,184.0
10109749DUTRAJ_2025-03-30_G11,10109749DUTRAJ,2025-03-30,109640,1,10,0,483.0
10109749DUTRAJ_2025-03-30_G12,10109749DUTRAJ,2025-03-30,"118094, 141047",2,7,23,133.0
10109749DUTRAJ_2025-03-30_G13,10109749DUTRAJ,2025-03-30,111876,1,3,0,215.0
10109749DUTRAJ_2025-03-30_G14,10109749DUTRAJ,2025-03-30,117855,1,6,0,198.0
10109749DUTRAJ_2025-03-30_G15,10109749DUTRAJ,2025-03-30,117853,1,2,0,2270.0
10109749DUTRAJ_2025-03-30_G16,10109749DUTRAJ,2025-03-30,117855,1,3,0,710.0
10109749DUTRAJ_2025-03-30_G17,10109749DUTRAJ,2025-03-30,111466,1,7,0,173.0
10109749DUTRAJ_2025-03-30_G18,10109749DUTRAJ,2025-03-30,111466,1,8,0,669.0
10109749DUTRAJ_2025-03-30_G19,10109749DUTRAJ,2025-03-30,118140,1,2,0,77.0
10109749DUTRAJ_2025-03-30_G20,10109749DUTRAJ,2025-03-30,111418,2,10,10,319.0
10109749DUTRAJ_2025-03-30_G21,10109749DUTRAJ,2025-03-30,111469,1,2,0,218.0
10109749DUTRAJ_2025-03-30_G22,10109749DUTRAJ,2025-03-30,117787,1,4,0,89.0
10109749DUTRAJ_2025-03-30_G23,10109749DUTRAJ,2025-03-30,117821,1,5,0,123.0
10109749DUTRAJ_2025-03-30_G25,10109749DUTRAJ,2025-03-30,117830,2,8,12,472.0
10109749DUTRAJ_2025-03-30_G26,10109749DUTRAJ,2025-03-30,117808,1,10,0,332.0
10109749DUTRAJ_2025-03-30_G27,10109749DUTRAJ,2025-03-30,117808,1,7,0,462.0
10109749DUTRAJ_2025-03-30_G29,10109749DUTRAJ,2025-03-30,109937,1,2,0,500.0
10109749DUTRAJ_2025-03-30_G30,10109749DUTRAJ,2025-03-30,117855,1,30,0,82.0
10109749DUTRAJ_2025-03-30_G31,10109749DUTRAJ,2025-03-30,111530,1,50,0,1317.0
10109749DUTRAJ_2025-03-31_G03,10109749DUTRAJ,2025-03-31,111467,1,7,0,183.0
10109749DUTRAJ_2025-03-31_G04,10109749DUTRAJ,2025-03-31,141047,1,1,0,98.0
10109749DUTRAJ_2025-03-31_G05,10109749DUTRAJ,2025-03-31,103148,1,1,0,1852.0
10109749DUTRAJ_2025-03-31_G06,10109749DUTRAJ,2025-03-31,117789,1,20,0,490.0
10109749DUTRAJ_2025-03-31_G07,10109749DUTRAJ,2025-03-31,109937,1,2,0,1249.0
10109757ROCHAG_2025-02-17_G02,10109757ROCHAG,2025-02-17,111441,1,4,0,207.0
10109757ROCHAG_2025-02-17_G03,10109757ROCHAG,2025-02-17,111441,1,4,0,160.0
10109757ROCHAG_2025-02-17_G04,10109757ROCHAG,2025-02-17,110313,1,2,0,90.0
10109757ROCHAG_2025-02-17_G05,10109757ROCHAG,2025-02-17,110313,1,4,0,93.0
10109757ROCHAG_2025-02-17_G07,10109757ROCHAG,2025-02-17,110500,1,4,0,203.0
10109757ROCHAG_2025-02-17_G08,10109757ROCHAG,2025-02-17,118403,1,4,0,145.0
10109757ROCHAG_2025-02-17_G09,10109757ROCHAG,2025-02-17,111602,1,10,0,472.0
10109757ROCHAG_2025-02-17_G10,10109757ROCHAG,2025-02-17,110711,1,16,0,329.0
10109757ROCHAG_2025-02-17_G11,10109757ROCHAG,2025-02-17,107629,1,5,0,442.0
10109757ROCHAG_2025-02-17_G12,10109757ROCHAG,2025-02-17,111743,1,4,0,1340.0
10109757ROCHAG_2025-02-17_G13,10109757ROCHAG,2025-02-17,108798,1,4,0,373.0
10109757ROCHAG_2025-02-17_G14,10109757ROCHAG,2025-02-17,117821,1,4,0,200.0
10109757ROCHAG_2025-02-17_G15,10109757ROCHAG,2025-02-17,118299,1,4,0,144.0
10109757ROCHAG_2025-02-17_G16,10109757ROCHAG,2025-02-17,109747,1,4,0,138.0
10109757ROCHAG_2025-02-17_G17,10109757ROCHAG,2025-02-17,109649,1,2,0,574.0
10109757ROCHAG_2025-02-17_G18,10109757ROCHAG,2025-02-17,109649,1,1,0,46.0
10109757ROCHAG_2025-02-17_G19,10109757ROCHAG,2025-02-17,111466,1,8,0,162.0
10109757ROCHAG_2025-02-17_G20,10109757ROCHAG,2025-02-17,117785,1,2,0,151.0
10109757ROCHAG_2025-02-17_G21,10109757ROCHAG,2025-02-17,118299,1,2,0,215.0
10109757ROCHAG_2025-02-17_G22,10109757ROCHAG,2025-02-17,117837,1,4,0,245.0
10109757ROCHAG_2025-02-17_G23,10109757ROCHAG,2025-02-17,110339,1,4,0,238.0
10109757ROCHAG_2025-02-17_G24,10109757ROCHAG,2025-02-17,110711,1,6,0,167.0
10109757ROCHAG_2025-02-17_G25,10109757ROCHAG,2025-02-17,117862,1,4,0,170.0
10109757ROCHAG_2025-02-17_G26,10109757ROCHAG,2025-02-17,111466,1,6,0,233.0
10109757ROCHAG_2025-02-17_G27,10109757ROCHAG,2025-02-17,111418,1,270,0,1768.0
10109757ROCHAG_2025-02-17_G28,10109757ROCHAG,2025-02-17,117785,1,4,0,155.0
10109757ROCHAG_2025-02-17_G29,10109757ROCHAG,2025-02-17,110374,1,120,0,822.0
10109757ROCHAG_2025-02-17_G30,10109757ROCHAG,2025-02-17,117820,1,120,0,934.0
10109757ROCHAG_2025-02-17_G32,10109757ROCHAG,2025-02-17,111466,1,4,0,193.0
10109757ROCHAG_2025-02-17_G33,10109757ROCHAG,2025-02-17,117822,1,5,0,136.0
10109757ROCHAG_2025-02-17_G34,10109757ROCHAG,2025-02-17,118140,1,8,0,465.0
10109757ROCHAG_2025-02-17_G35,10109757ROCHAG,2025-02-17,111418,1,2,0,159.0
10109757ROCHAG_2025-02-17_G36,10109757ROCHAG,2025-02-17,110373,1,4,0,133.0
10109757ROCHAG_2025-02-17_G37,10109757ROCHAG,2025-02-17,110325,1,4,0,135.0
10109757ROCHAG_2025-02-17_G38,10109757ROCHAG,2025-02-17,117832,1,4,0,143.0
10109757ROCHAG_2025-02-17_G39,10109757ROCHAG,2025-02-17,117835,1,4,0,185.0
10109757ROCHAG_2025-02-17_G40,10109757ROCHAG,2025-02-17,111438,1,4,0,105.0
10109757ROCHAG_2025-02-17_G41,10109757ROCHAG,2025-02-17,110895,1,4,0,133.0
10109757ROCHAG_2025-02-17_G42,10109757ROCHAG,2025-02-17,111602,1,4,0,178.0
10109757ROCHAG_2025-02-17_G43,10109757ROCHAG,2025-02-17,111530,1,5,0,140.0
10109757ROCHAG_2025-02-17_G44,10109757ROCHAG,2025-02-17,110711,1,4,0,191.0
10109757ROCHAG_2025-02-17_G45,10109757ROCHAG,2025-02-17,107629,1,4,0,141.0
10109757ROCHAG_2025-02-17_G46,10109757ROCHAG,2025-02-17,111532,1,4,0,337.0
10109757ROCHAG_2025-02-17_G47,10109757ROCHAG,2025-02-17,111418,1,4,0,360.0
10109757ROCHAG_2025-02-18_G02,10109757ROCHAG,2025-02-18,118140,1,4,0,83.0
10109757ROCHAG_2025-02-18_G03,10109757ROCHAG,2025-02-18,117821,1,2,0,137.0
10109757ROCHAG_2025-02-18_G04,10109757ROCHAG,2025-02-18,110373,1,4,0,129.0
10109757ROCHAG_2025-02-18_G05,10109757ROCHAG,2025-02-18,110372,1,4,0,103.0
10109757ROCHAG_2025-02-18_G06,10109757ROCHAG,2025-02-18,110325,1,2,0,112.0
10109757ROCHAG_2025-02-18_G07,10109757ROCHAG,2025-02-18,117832,1,4,0,165.0
10109757ROCHAG_2025-02-18_G08,10109757ROCHAG,2025-02-18,117820,1,3,0,108.0
10109757ROCHAG_2025-02-18_G09,10109757ROCHAG,2025-02-18,118222,1,4,0,346.0
10109757ROCHAG_2025-02-18_G10,10109757ROCHAG,2025-02-18,111438,1,4,0,234.0
10109757ROCHAG_2025-02-18_G11,10109757ROCHAG,2025-02-18,111569,1,4,0,859.0
10109757ROCHAG_2025-02-18_G12,10109757ROCHAG,2025-02-18,111602,1,4,0,162.0
10109757ROCHAG_2025-02-18_G13,10109757ROCHAG,2025-02-18,109640,1,4,0,153.0
10109757ROCHAG_2025-02-18_G14,10109757ROCHAG,2025-02-18,110711,1,4,0,138.0
10109757ROCHAG_2025-02-18_G15,10109757ROCHAG,2025-02-18,111182,1,4,0,255.0
10109757ROCHAG_2025-02-18_G16,10109757ROCHAG,2025-02-18,111466,1,4,0,127.0
10109757ROCHAG_2025-02-18_G17,10109757ROCHAG,2025-02-18,111418,1,4,0,127.0
10109757ROCHAG_2025-02-18_G18,10109757ROCHAG,2025-02-18,110740,1,4,0,107.0
10109757ROCHAG_2025-02-18_G19,10109757ROCHAG,2025-02-18,111743,1,1,0,105.0
10109757ROCHAG_2025-02-18_G20,10109757ROCHAG,2025-02-18,118140,1,6,0,105.0
10109757ROCHAG_2025-02-18_G21,10109757ROCHAG,2025-02-18,111462,1,1,0,78.0
10109757ROCHAG_2025-02-18_G22,10109757ROCHAG,2025-02-18,110372,1,4,0,127.0
10109757ROCHAG_2025-02-18_G23,10109757ROCHAG,2025-02-18,110371,1,4,0,86.0
10109757ROCHAG_2025-02-18_G24,10109757ROCHAG,2025-02-18,117832,1,1,0,111.0
10109757ROCHAG_2025-02-18_G25,10109757ROCHAG,2025-02-18,117820,1,4,0,95.0
10109757ROCHAG_2025-02-18_G26,10109757ROCHAG,2025-02-18,110787,1,10,0,544.0
10109757ROCHAG_2025-02-18_G27,10109757ROCHAG,2025-02-18,110895,1,4,0,367.0
10109757ROCHAG_2025-02-18_G28,10109757ROCHAG,2025-02-18,111443,1,10,0,774.0
10109757ROCHAG_2025-02-18_G29,10109757ROCHAG,2025-02-18,111466,1,61,0,1092.0
10109757ROCHAG_2025-02-18_G31,10109757ROCHAG,2025-02-18,107236,1,29,0,411.0
10109757ROCHAG_2025-02-18_G32,10109757ROCHAG,2025-02-18,109641,1,12,0,258.0
10109757ROCHAG_2025-02-18_G33,10109757ROCHAG,2025-02-18,111330,1,13,0,254.0
10109757ROCHAG_2025-02-18_G34,10109757ROCHAG,2025-02-18,140922,1,44,0,2942.0
10109757ROCHAG_2025-02-18_G35,10109757ROCHAG,2025-02-18,111743,1,17,0,275.0
10109757ROCHAG_2025-02-18_G36,10109757ROCHAG,2025-02-18,109645,1,9,0,118.0
10109757ROCHAG_2025-02-18_G37,10109757ROCHAG,2025-02-18,117785,1,100,0,270.0
10109757ROCHAG_2025-02-18_G38,10109757ROCHAG,2025-02-18,118140,1,104,0,895.0
10109757ROCHAG_2025-02-18_G39,10109757ROCHAG,2025-02-18,111466,1,69,0,214.0
10109757ROCHAG_2025-02-18_G40,10109757ROCHAG,2025-02-18,"111466, 111469",2,68,11,512.0
10109757ROCHAG_2025-02-18_G41,10109757ROCHAG,2025-02-18,118299,1,16,0,1452.0
10109757ROCHAG_2025-02-18_G42,10109757ROCHAG,2025-02-18,110373,1,14,0,126.0
10109757ROCHAG_2025-02-18_G43,10109757ROCHAG,2025-02-18,110374,1,12,0,346.0
10109757ROCHAG_2025-02-18_G44,10109757ROCHAG,2025-02-18,109643,1,15,0,203.0
10109757ROCHAG_2025-02-18_G45,10109757ROCHAG,2025-02-18,110372,1,70,0,705.0
10109757ROCHAG_2025-02-18_G47,10109757ROCHAG,2025-02-18,140922,1,4,0,88.0
10109757ROCHAG_2025-02-18_G48,10109757ROCHAG,2025-02-18,140922,1,4,0,103.0
10109757ROCHAG_2025-02-18_G49,10109757ROCHAG,2025-02-18,140922,1,6,0,87.0
10109757ROCHAG_2025-02-18_G50,10109757ROCHAG,2025-02-18,140922,1,4,0,70.0
10109757ROCHAG_2025-02-18_G51,10109757ROCHAG,2025-02-18,111743,1,3,0,288.0
10109757ROCHAG_2025-02-18_G52,10109757ROCHAG,2025-02-18,117834,1,4,0,245.0
10109757ROCHAG_2025-02-18_G53,10109757ROCHAG,2025-02-18,117836,1,16,0,273.0
10109757ROCHAG_2025-02-18_G54,10109757ROCHAG,2025-02-18,100334,1,4,0,105.0
10109757ROCHAG_2025-02-18_G55,10109757ROCHAG,2025-02-18,117855,1,4,0,370.0
10109757ROCHAG_2025-02-18_G56,10109757ROCHAG,2025-02-18,111182,1,12,0,252.0
10109757ROCHAG_2025-02-18_G57,10109757ROCHAG,2025-02-18,110740,1,4,0,135.0
10109757ROCHAG_2025-02-18_G58,10109757ROCHAG,2025-02-18,111330,1,4,0,76.0
10109757ROCHAG_2025-02-18_G59,10109757ROCHAG,2025-02-18,109645,1,4,0,413.0
10109757ROCHAG_2025-02-18_G60,10109757ROCHAG,2025-02-18,105705,1,8,0,412.0
10109757ROCHAG_2025-02-18_G61,10109757ROCHAG,2025-02-18,117820,1,8,0,89.0
10109757ROCHAG_2025-02-19_G02,10109757ROCHAG,2025-02-19,140922,1,8,0,201.0
10109757ROCHAG_2025-02-19_G03,10109757ROCHAG,2025-02-19,118004,1,12,0,263.0
10109757ROCHAG_2025-02-19_G04,10109757ROCHAG,2025-02-19,110787,1,8,0,212.0
10109757ROCHAG_2025-02-19_G05,10109757ROCHAG,2025-02-19,111532,1,8,0,266.0
10109757ROCHAG_2025-02-19_G06,10109757ROCHAG,2025-02-19,108798,1,3,0,168.0
10109757ROCHAG_2025-02-19_G07,10109757ROCHAG,2025-02-19,111468,1,4,0,91.0
10109757ROCHAG_2025-02-19_G08,10109757ROCHAG,2025-02-19,111532,1,12,0,369.0
10109757ROCHAG_2025-02-19_G09,10109757ROCHAG,2025-02-19,110313,1,16,0,656.0
10109757ROCHAG_2025-02-19_G10,10109757ROCHAG,2025-02-19,110313,1,4,0,156.0
10109757ROCHAG_2025-02-19_G11,10109757ROCHAG,2025-02-19,110313,1,5,0,61.0
10109757ROCHAG_2025-02-19_G13,10109757ROCHAG,2025-02-19,110743,1,8,0,424.0
10109757ROCHAG_2025-02-19_G15,10109757ROCHAG,2025-02-19,117787,1,30,0,763.0
10109757ROCHAG_2025-02-19_G16,10109757ROCHAG,2025-02-19,107236,1,80,0,461.0
10109757ROCHAG_2025-02-19_G17,10109757ROCHAG,2025-02-19,140922,1,19,0,769.0
10109757ROCHAG_2025-02-19_G18,10109757ROCHAG,2025-02-19,108798,1,50,0,821.0
10109757ROCHAG_2025-02-19_G19,10109757ROCHAG,2025-02-19,109641,1,16,0,221.0
10109757ROCHAG_2025-02-19_G20,10109757ROCHAG,2025-02-19,111330,1,20,0,1067.0
10109757ROCHAG_2025-02-19_G21,10109757ROCHAG,2025-02-19,111743,1,20,0,1657.0
10109757ROCHAG_2025-02-19_G22,10109757ROCHAG,2025-02-19,109649,1,3,0,110.0
10109757ROCHAG_2025-02-19_G23,10109757ROCHAG,2025-02-19,118140,1,30,0,312.0
10109757ROCHAG_2025-02-19_G24,10109757ROCHAG,2025-02-19,108711,1,30,0,452.0
10109757ROCHAG_2025-02-19_G25,10109757ROCHAG,2025-02-19,110129,1,30,0,680.0
10109757ROCHAG_2025-02-19_G26,10109757ROCHAG,2025-02-19,110787,1,12,0,335.0
10109757ROCHAG_2025-02-19_G27,10109757ROCHAG,2025-02-19,117841,1,32,0,704.0
10109757ROCHAG_2025-02-19_G28,10109757ROCHAG,2025-02-19,118004,1,20,0,280.0
10109757ROCHAG_2025-02-19_G29,10109757ROCHAG,2025-02-19,117821,1,20,0,331.0
10109757ROCHAG_2025-02-19_G30,10109757ROCHAG,2025-02-19,111466,1,50,0,694.0
10109757ROCHAG_2025-02-19_G31,10109757ROCHAG,2025-02-19,111462,1,30,0,495.0
10109757ROCHAG_2025-02-19_G32,10109757ROCHAG,2025-02-19,111433,1,20,0,251.0
10109757ROCHAG_2025-02-19_G34,10109757ROCHAG,2025-02-19,109640,1,1,0,51.0
10109757ROCHAG_2025-02-19_G35,10109757ROCHAG,2025-02-19,141047,1,4,0,116.0
10109757ROCHAG_2025-02-19_G36,10109757ROCHAG,2025-02-19,111182,1,4,0,136.0
10109757ROCHAG_2025-02-19_G37,10109757ROCHAG,2025-02-19,118140,1,2,0,131.0
10109757ROCHAG_2025-02-19_G38,10109757ROCHAG,2025-02-19,118223,1,6,0,120.0
10109757ROCHAG_2025-02-19_G39,10109757ROCHAG,2025-02-19,118223,1,4,0,56.0
10109757ROCHAG_2025-02-19_G40,10109757ROCHAG,2025-02-19,105705,1,2,0,201.0
10109757ROCHAG_2025-02-19_G41,10109757ROCHAG,2025-02-19,110373,1,6,0,174.0
10109757ROCHAG_2025-02-19_G42,10109757ROCHAG,2025-02-19,110371,1,4,0,65.0
10109757ROCHAG_2025-02-19_G43,10109757ROCHAG,2025-02-19,110374,1,2,0,105.0
10109757ROCHAG_2025-02-19_G44,10109757ROCHAG,2025-02-19,117820,1,10,0,145.0
10109757ROCHAG_2025-02-19_G45,10109757ROCHAG,2025-02-19,118442,1,7,0,1702.0
10109757ROCHAG_2025-02-19_G46,10109757ROCHAG,2025-02-19,110742,1,17,0,318.0
10109757ROCHAG_2025-02-20_G02,10109757ROCHAG,2025-02-20,111851,1,1,0,80.0
10109757ROCHAG_2025-02-20_G03,10109757ROCHAG,2025-02-20,110582,1,1,0,168.0
10109757ROCHAG_2025-02-20_G04,10109757ROCHAG,2025-02-20,109933,1,20,0,318.0
10109757ROCHAG_2025-02-20_G05,10109757ROCHAG,2025-02-20,117834,1,41,0,574.0
10109757ROCHAG_2025-02-20_G06,10109757ROCHAG,2025-02-20,111850,1,55,0,835.0
10109757ROCHAG_2025-02-20_G07,10109757ROCHAG,2025-02-20,109937,1,32,0,1082.0
10109757ROCHAG_2025-02-20_G08,10109757ROCHAG,2025-02-20,117836,1,11,0,446.0
10109757ROCHAG_2025-02-20_G09,10109757ROCHAG,2025-02-20,103149,1,4,0,109.0
10109757ROCHAG_2025-02-20_G10,10109757ROCHAG,2025-02-20,118251,1,12,0,396.0
10109757ROCHAG_2025-02-20_G11,10109757ROCHAG,2025-02-20,111569,1,120,0,733.0
10109757ROCHAG_2025-02-20_G12,10109757ROCHAG,2025-02-20,118306,1,25,0,736.0
10109757ROCHAG_2025-02-20_G13,10109757ROCHAG,2025-02-20,109471,1,1,0,123.0
10109757ROCHAG_2025-02-20_G14,10109757ROCHAG,2025-02-20,109803,1,2,0,58.0
10109757ROCHAG_2025-02-20_G15,10109757ROCHAG,2025-02-20,103148,1,3,0,95.0
10109757ROCHAG_2025-02-20_G16,10109757ROCHAG,2025-02-20,110682,1,8,0,173.0
10109757ROCHAG_2025-02-20_G17,10109757ROCHAG,2025-02-20,118417,1,8,0,164.0
10109757ROCHAG_2025-02-20_G18,10109757ROCHAG,2025-02-20,108410,1,2,0,259.0
10109757ROCHAG_2025-02-20_G19,10109757ROCHAG,2025-02-20,100334,1,51,0,567.0
10109757ROCHAG_2025-02-20_G21,10109757ROCHAG,2025-02-20,116613,1,6,0,100.0
10109757ROCHAG_2025-02-20_G22,10109757ROCHAG,2025-02-20,111650,1,15,0,440.0
10109757ROCHAG_2025-02-20_G23,10109757ROCHAG,2025-02-20,111876,1,85,0,983.0
10109757ROCHAG_2025-02-20_G24,10109757ROCHAG,2025-02-20,110750,1,17,0,269.0
10109757ROCHAG_2025-02-20_G25,10109757ROCHAG,2025-02-20,117788,1,46,0,909.0
10109757ROCHAG_2025-02-20_G26,10109757ROCHAG,2025-02-20,110743,1,6,0,274.0
10109757ROCHAG_2025-02-20_G27,10109757ROCHAG,2025-02-20,116241,1,21,0,822.0
10109757ROCHAG_2025-02-20_G28,10109757ROCHAG,2025-02-20,111431,1,43,0,643.0
10109757ROCHAG_2025-02-20_G29,10109757ROCHAG,2025-02-20,110748,1,6,0,177.0
10109757ROCHAG_2025-02-20_G30,10109757ROCHAG,2025-02-20,111433,1,29,0,431.0
10109757ROCHAG_2025-02-20_G31,10109757ROCHAG,2025-02-20,108736,1,22,0,333.0
10109757ROCHAG_2025-02-20_G32,10109757ROCHAG,2025-02-20,111438,1,15,0,921.0
10109757ROCHAG_2025-02-20_G33,10109757ROCHAG,2025-02-20,111441,1,2,0,111.0
10109757ROCHAG_2025-02-20_G34,10109757ROCHAG,2025-02-20,111441,1,2,0,52.0
10109757ROCHAG_2025-02-20_G35,10109757ROCHAG,2025-02-20,111441,1,12,0,416.0
10109757ROCHAG_2025-02-20_G36,10109757ROCHAG,2025-02-20,111441,1,8,0,110.0
10109757ROCHAG_2025-02-20_G37,10109757ROCHAG,2025-02-20,117855,1,8,0,626.0
10109757ROCHAG_2025-02-20_G38,10109757ROCHAG,2025-02-20,108794,1,2,0,125.0
10109757ROCHAG_2025-02-20_G39,10109757ROCHAG,2025-02-20,108794,1,8,0,66.0
10109757ROCHAG_2025-02-20_G40,10109757ROCHAG,2025-02-20,110373,1,4,0,93.0
10109757ROCHAG_2025-02-20_G41,10109757ROCHAG,2025-02-20,111441,1,3,0,330.0
10109757ROCHAG_2025-02-20_G42,10109757ROCHAG,2025-02-20,111438,1,15,0,783.0
10109757ROCHAG_2025-02-20_G43,10109757ROCHAG,2025-02-20,109640,1,4,0,226.0
10109757ROCHAG_2025-02-20_G44,10109757ROCHAG,2025-02-20,109645,1,8,0,167.0
10109757ROCHAG_2025-02-20_G45,10109757ROCHAG,2025-02-20,111469,1,14,0,198.0
10109757ROCHAG_2025-02-20_G46,10109757ROCHAG,2025-02-20,110372,1,2,0,134.0
10109757ROCHAG_2025-02-20_G48,10109757ROCHAG,2025-02-20,111602,1,5,0,152.0
10109757ROCHAG_2025-02-20_G49,10109757ROCHAG,2025-02-20,110711,1,6,0,340.0
10109757ROCHAG_2025-02-20_G50,10109757ROCHAG,2025-02-20,118004,1,2,0,84.0
10109757ROCHAG_2025-02-20_G51,10109757ROCHAG,2025-02-20,108711,1,5,0,125.0
10109757ROCHAG_2025-02-20_G52,10109757ROCHAG,2025-02-20,110313,1,20,0,890.0
10109757ROCHAG_2025-02-20_G53,10109757ROCHAG,2025-02-20,111530,1,21,0,450.0
10109757ROCHAG_2025-02-21_G02,10109757ROCHAG,2025-02-21,110373,1,60,0,581.0
10109757ROCHAG_2025-02-21_G03,10109757ROCHAG,2025-02-21,117808,1,400,0,1053.0
10109757ROCHAG_2025-02-21_G04,10109757ROCHAG,2025-02-21,117808,1,50,0,529.0
10109757ROCHAG_2025-02-21_G05,10109757ROCHAG,2025-02-21,117832,1,40,0,1180.0
10109757ROCHAG_2025-02-21_G06,10109757ROCHAG,2025-02-21,117809,1,50,0,478.0
10109757ROCHAG_2025-02-21_G07,10109757ROCHAG,2025-02-21,117809,1,7,0,62.0
10109757ROCHAG_2025-02-21_G08,10109757ROCHAG,2025-02-21,117809,2,32,20,543.0
10109757ROCHAG_2025-02-21_G09,10109757ROCHAG,2025-02-21,118299,1,95,0,114.0
10109757ROCHAG_2025-02-21_G10,10109757ROCHAG,2025-02-21,117820,1,30,0,286.0
10109757ROCHAG_2025-02-21_G11,10109757ROCHAG,2025-02-21,111569,1,12,0,1343.0
10109757ROCHAG_2025-02-21_G12,10109757ROCHAG,2025-02-21,118299,1,40,0,367.0
10109757ROCHAG_2025-02-21_G14,10109757ROCHAG,2025-02-21,118299,1,27,0,495.0
10109757ROCHAG_2025-02-21_G15,10109757ROCHAG,2025-02-21,117808,1,14,0,188.0
10109757ROCHAG_2025-02-21_G16,10109757ROCHAG,2025-02-21,117808,1,2,0,299.0
10109757ROCHAG_2025-02-21_G17,10109757ROCHAG,2025-02-21,117808,1,18,0,463.0
10109757ROCHAG_2025-02-21_G18,10109757ROCHAG,2025-02-21,118299,1,12,0,130.0
10109757ROCHAG_2025-02-21_G19,10109757ROCHAG,2025-02-21,117785,1,8,0,272.0
10109757ROCHAG_2025-02-21_G20,10109757ROCHAG,2025-02-21,108759,1,2,0,185.0
10109757ROCHAG_2025-02-21_G21,10109757ROCHAG,2025-02-21,109747,1,60,0,1050.0
10109757ROCHAG_2025-02-21_G22,10109757ROCHAG,2025-02-21,111446,1,32,0,1820.0
10109757ROCHAG_2025-02-21_G23,10109757ROCHAG,2025-02-21,117785,1,8,0,204.0
10109757ROCHAG_2025-02-21_G24,10109757ROCHAG,2025-02-21,117808,1,11,0,246.0
10109757ROCHAG_2025-02-21_G25,10109757ROCHAG,2025-02-21,118299,1,2,0,76.0
10109757ROCHAG_2025-02-21_G26,10109757ROCHAG,2025-02-21,117861,1,3,0,413.0
10109757ROCHAG_2025-02-21_G27,10109757ROCHAG,2025-02-21,111418,1,4,0,106.0
10109757ROCHAG_2025-02-21_G28,10109757ROCHAG,2025-02-21,109645,1,2,0,140.0
10109757ROCHAG_2025-02-21_G29,10109757ROCHAG,2025-02-21,110129,1,2,0,83.0
10109757ROCHAG_2025-02-21_G30,10109757ROCHAG,2025-02-21,110372,1,16,0,244.0
10109757ROCHAG_2025-02-21_G31,10109757ROCHAG,2025-02-21,110373,1,2,0,71.0
10109757ROCHAG_2025-02-21_G32,10109757ROCHAG,2025-02-21,117808,1,20,0,1094.0
10109757ROCHAG_2025-02-21_G33,10109757ROCHAG,2025-02-21,109747,1,2,0,230.0
10109757ROCHAG_2025-02-21_G34,10109757ROCHAG,2025-02-21,117809,1,5,0,82.0
10109757ROCHAG_2025-02-21_G35,10109757ROCHAG,2025-02-21,"117820, 118299",2,22,26,96.0
10109757ROCHAG_2025-02-21_G36,10109757ROCHAG,2025-02-21,108759,1,8,0,665.0
10109757ROCHAG_2025-02-21_G37,10109757ROCHAG,2025-02-21,110711,1,3,0,128.0
10109757ROCHAG_2025-02-21_G38,10109757ROCHAG,2025-02-21,111418,1,3,0,149.0
10109757ROCHAG_2025-02-21_G39,10109757ROCHAG,2025-02-21,107236,1,2,0,62.0
10109757ROCHAG_2025-02-21_G40,10109757ROCHAG,2025-02-21,140922,1,8,0,153.0
10109757ROCHAG_2025-02-21_G41,10109757ROCHAG,2025-02-21,110129,1,2,0,115.0
10109757ROCHAG_2025-02-21_G42,10109757ROCHAG,2025-02-21,111462,1,2,0,99.0
10109757ROCHAG_2025-02-21_G43,10109757ROCHAG,2025-02-21,118299,1,6,0,169.0
10109757ROCHAG_2025-02-21_G44,10109757ROCHAG,2025-02-21,109974,1,2,0,429.0
10109757ROCHAG_2025-02-21_G45,10109757ROCHAG,2025-02-21,117809,1,4,0,189.0
10109757ROCHAG_2025-02-21_G47,10109757ROCHAG,2025-02-21,118299,1,40,0,692.0
10109757ROCHAG_2025-02-21_G48,10109757ROCHAG,2025-02-21,110325,1,10,0,319.0
10109757ROCHAG_2025-02-21_G49,10109757ROCHAG,2025-02-21,117808,1,40,0,323.0
10109757ROCHAG_2025-02-21_G50,10109757ROCHAG,2025-02-21,117832,1,10,0,469.0
10109757ROCHAG_2025-02-21_G51,10109757ROCHAG,2025-02-21,117832,1,8,0,73.0
10109757ROCHAG_2025-02-21_G52,10109757ROCHAG,2025-02-21,117820,1,40,0,688.0
10109757ROCHAG_2025-02-22_G02,10109757ROCHAG,2025-02-22,111598,1,4,0,155.0
10109757ROCHAG_2025-02-22_G03,10109757ROCHAG,2025-02-22,110711,1,4,0,111.0
10109757ROCHAG_2025-02-22_G04,10109757ROCHAG,2025-02-22,111418,1,6,0,138.0
10109757ROCHAG_2025-02-22_G05,10109757ROCHAG,2025-02-22,110787,1,23,0,273.0
10109757ROCHAG_2025-02-22_G06,10109757ROCHAG,2025-02-22,110372,1,7,0,130.0
10109757ROCHAG_2025-02-22_G07,10109757ROCHAG,2025-02-22,110373,1,7,0,117.0
10109757ROCHAG_2025-02-22_G08,10109757ROCHAG,2025-02-22,118299,1,2,0,38.0
10109757ROCHAG_2025-02-22_G09,10109757ROCHAG,2025-02-22,117808,1,3,0,65.0
10109757ROCHAG_2025-02-22_G10,10109757ROCHAG,2025-02-22,117832,1,5,0,112.0
10109757ROCHAG_2025-02-22_G11,10109757ROCHAG,2025-02-22,117820,1,4,0,89.0
10109757ROCHAG_2025-02-22_G12,10109757ROCHAG,2025-02-22,110755,1,1,0,423.0
10109757ROCHAG_2025-02-22_G13,10109757ROCHAG,2025-02-22,110372,1,1,0,96.0
10109757ROCHAG_2025-02-22_G14,10109757ROCHAG,2025-02-22,110372,1,3,0,122.0
10109757ROCHAG_2025-02-22_G15,10109757ROCHAG,2025-02-22,117808,1,4,0,99.0
10109757ROCHAG_2025-02-22_G16,10109757ROCHAG,2025-02-22,110755,1,1,0,89.0
10109757ROCHAG_2025-02-22_G17,10109757ROCHAG,2025-02-22,110372,1,2,0,90.0
10109757ROCHAG_2025-02-22_G18,10109757ROCHAG,2025-02-22,111330,1,3,0,172.0
10109757ROCHAG_2025-02-22_G19,10109757ROCHAG,2025-02-22,117808,1,3,0,109.0
10109757ROCHAG_2025-02-22_G20,10109757ROCHAG,2025-02-22,111438,1,30,0,861.0
10109757ROCHAG_2025-02-22_G21,10109757ROCHAG,2025-02-22,110755,1,1,0,709.0
10109757ROCHAG_2025-02-22_G22,10109757ROCHAG,2025-02-22,111441,1,12,0,237.0
10109757ROCHAG_2025-02-22_G23,10109757ROCHAG,2025-02-22,117785,1,24,0,268.0
10109757ROCHAG_2025-02-22_G24,10109757ROCHAG,2025-02-22,110755,1,3,0,215.0
10109757ROCHAG_2025-02-22_G25,10109757ROCHAG,2025-02-22,110372,1,2,0,170.0
10109757ROCHAG_2025-02-22_G26,10109757ROCHAG,2025-02-22,117808,1,5,0,129.0
10109757ROCHAG_2025-02-22_G27,10109757ROCHAG,2025-02-22,110372,1,2,0,149.0
10109757ROCHAG_2025-02-22_G28,10109757ROCHAG,2025-02-22,117808,1,2,0,171.0
10109757ROCHAG_2025-02-22_G29,10109757ROCHAG,2025-02-22,110755,1,1,0,129.0
10109757ROCHAG_2025-02-22_G30,10109757ROCHAG,2025-02-22,111438,1,8,0,145.0
10109757ROCHAG_2025-02-22_G31,10109757ROCHAG,2025-02-22,117831,1,2,0,120.0
10109757ROCHAG_2025-02-22_G33,10109757ROCHAG,2025-02-22,110755,1,5,0,138.0
10109757ROCHAG_2025-02-22_G34,10109757ROCHAG,2025-02-22,111598,1,1,0,501.0
10109757ROCHAG_2025-02-22_G35,10109757ROCHAG,2025-02-22,110711,1,3,0,137.0
10109757ROCHAG_2025-02-22_G36,10109757ROCHAG,2025-02-22,110339,1,2,0,216.0
10109757ROCHAG_2025-02-22_G37,10109757ROCHAG,2025-02-22,110371,1,5,0,172.0
10109757ROCHAG_2025-02-22_G38,10109757ROCHAG,2025-02-22,110372,1,21,0,387.0
10109757ROCHAG_2025-02-22_G39,10109757ROCHAG,2025-02-22,110373,1,12,0,379.0
10109757ROCHAG_2025-02-22_G40,10109757ROCHAG,2025-02-22,117808,1,4,0,71.0
10109757ROCHAG_2025-02-22_G41,10109757ROCHAG,2025-02-22,109643,1,3,0,114.0
10109757ROCHAG_2025-02-22_G42,10109757ROCHAG,2025-02-22,117832,1,22,0,179.0
10109757ROCHAG_2025-02-22_G43,10109757ROCHAG,2025-02-22,111438,1,16,0,537.0
10109757ROCHAG_2025-02-22_G44,10109757ROCHAG,2025-02-22,100334,1,3,0,142.0
10109757ROCHAG_2025-02-22_G45,10109757ROCHAG,2025-02-22,111569,1,11,0,210.0
10109757ROCHAG_2025-02-22_G46,10109757ROCHAG,2025-02-22,111441,1,12,0,447.0
10109757ROCHAG_2025-02-22_G47,10109757ROCHAG,2025-02-22,111598,1,4,0,256.0
10109757ROCHAG_2025-02-22_G48,10109757ROCHAG,2025-02-22,110711,1,8,0,144.0
10109757ROCHAG_2025-02-22_G49,10109757ROCHAG,2025-02-22,110339,1,1,0,146.0
10109757ROCHAG_2025-02-22_G50,10109757ROCHAG,2025-02-22,111182,1,5,0,885.0
10109757ROCHAG_2025-02-22_G51,10109757ROCHAG,2025-02-22,111418,1,19,0,162.0
10109757ROCHAG_2025-02-22_G52,10109757ROCHAG,2025-02-22,110787,1,15,0,171.0
10109757ROCHAG_2025-02-22_G53,10109757ROCHAG,2025-02-22,110372,1,26,0,372.0
10109757ROCHAG_2025-02-22_G54,10109757ROCHAG,2025-02-22,118299,1,3,0,81.0
10109757ROCHAG_2025-02-22_G55,10109757ROCHAG,2025-02-22,117808,1,19,0,86.0
10109757ROCHAG_2025-02-22_G56,10109757ROCHAG,2025-02-22,109643,1,7,0,343.0
10109757ROCHAG_2025-02-22_G57,10109757ROCHAG,2025-02-22,110895,1,20,0,916.0
10109757ROCHAG_2025-02-22_G58,10109757ROCHAG,2025-02-22,111569,1,5,0,1172.0
10109757ROCHAG_2025-02-22_G59,10109757ROCHAG,2025-02-22,117835,1,7,0,156.0
10109757ROCHAG_2025-02-22_G60,10109757ROCHAG,2025-02-22,110372,1,50,0,541.0
10109757ROCHAG_2025-02-22_G61,10109757ROCHAG,2025-02-22,110373,1,50,0,555.0
10109757ROCHAG_2025-02-22_G62,10109757ROCHAG,2025-02-22,118299,1,50,0,493.0
10109757ROCHAG_2025-02-23_G02,10109757ROCHAG,2025-02-23,111436,1,2,0,51.0
10109757ROCHAG_2025-02-23_G03,10109757ROCHAG,2025-02-23,109937,1,2,0,331.0
10109757ROCHAG_2025-02-23_G04,10109757ROCHAG,2025-02-23,111438,1,4,0,123.0
10109757ROCHAG_2025-02-23_G05,10109757ROCHAG,2025-02-23,100334,1,2,0,75.0
10109757ROCHAG_2025-02-23_G06,10109757ROCHAG,2025-02-23,111569,1,4,0,113.0
10109757ROCHAG_2025-02-23_G07,10109757ROCHAG,2025-02-23,111602,1,3,0,150.0
10109757ROCHAG_2025-02-23_G08,10109757ROCHAG,2025-02-23,110515,1,1,0,57.0
10109757ROCHAG_2025-02-23_G09,10109757ROCHAG,2025-02-23,117822,1,2,0,132.0
10109757ROCHAG_2025-02-23_G10,10109757ROCHAG,2025-02-23,110371,1,2,0,78.0
10109757ROCHAG_2025-02-23_G11,10109757ROCHAG,2025-02-23,110371,1,4,0,81.0
10109757ROCHAG_2025-02-23_G12,10109757ROCHAG,2025-02-23,118299,1,26,0,418.0
10109757ROCHAG_2025-02-23_G13,10109757ROCHAG,2025-02-23,109643,1,5,0,123.0
10109757ROCHAG_2025-02-23_G14,10109757ROCHAG,2025-02-23,117809,1,6,0,93.0
10109757ROCHAG_2025-02-23_G15,10109757ROCHAG,2025-02-23,117838,1,8,0,183.0
10109757ROCHAG_2025-02-23_G16,10109757ROCHAG,2025-02-23,111463,1,18,0,235.0
10109757ROCHAG_2025-02-23_G17,10109757ROCHAG,2025-02-23,111463,1,24,0,192.0
10109757ROCHAG_2025-02-23_G18,10109757ROCHAG,2025-02-23,111418,1,16,0,464.0
10109757ROCHAG_2025-02-23_G19,10109757ROCHAG,2025-02-23,111532,1,3,0,215.0
10109757ROCHAG_2025-02-23_G20,10109757ROCHAG,2025-02-23,118004,1,2,0,41.0
10109757ROCHAG_2025-02-23_G21,10109757ROCHAG,2025-02-23,111442,1,4,0,85.0
10109757ROCHAG_2025-02-23_G22,10109757ROCHAG,2025-02-23,140922,1,6,0,227.0
10109757ROCHAG_2025-02-23_G23,10109757ROCHAG,2025-02-23,111468,1,2,0,62.0
10109757ROCHAG_2025-02-24_G02,10109757ROCHAG,2025-02-24,117785,1,4,0,103.0
10109757ROCHAG_2025-02-24_G03,10109757ROCHAG,2025-02-24,117831,1,12,0,174.0
10109757ROCHAG_2025-02-24_G04,10109757ROCHAG,2025-02-24,117821,1,4,0,108.0
10109757ROCHAG_2025-02-24_G05,10109757ROCHAG,2025-02-24,111469,1,7,0,209.0
10109757ROCHAG_2025-02-24_G06,10109757ROCHAG,2025-02-24,111462,1,1,0,33.0
10109757ROCHAG_2025-02-24_G08,10109757ROCHAG,2025-02-24,110373,1,41,0,980.0
10109757ROCHAG_2025-02-24_G09,10109757ROCHAG,2025-02-24,160053,1,2,0,118.0
10109757ROCHAG_2025-02-24_G10,10109757ROCHAG,2025-02-24,160054,1,5,0,253.0
10109757ROCHAG_2025-02-24_G11,10109757ROCHAG,2025-02-24,110755,1,11,0,305.0
10109757ROCHAG_2025-02-24_G12,10109757ROCHAG,2025-02-24,110755,1,7,0,354.0
10109757ROCHAG_2025-02-24_G13,10109757ROCHAG,2025-02-24,110755,1,6,0,50.0
10109757ROCHAG_2025-02-24_G14,10109757ROCHAG,2025-02-24,111850,1,3,0,1524.0
10109757ROCHAG_2025-02-24_G15,10109757ROCHAG,2025-02-24,111438,1,9,0,212.0
10109757ROCHAG_2025-02-24_G16,10109757ROCHAG,2025-02-24,100334,1,2,0,375.0
10109757ROCHAG_2025-02-24_G17,10109757ROCHAG,2025-02-24,111569,1,3,0,83.0
10109757ROCHAG_2025-02-24_G18,10109757ROCHAG,2025-02-24,109471,1,2,0,114.0
10109757ROCHAG_2025-02-24_G19,10109757ROCHAG,2025-02-24,117835,1,6,0,207.0
10109757ROCHAG_2025-02-24_G20,10109757ROCHAG,2025-02-24,111439,1,11,0,388.0
10109757ROCHAG_2025-02-24_G21,10109757ROCHAG,2025-02-24,118403,1,4,0,380.0
10109757ROCHAG_2025-02-24_G22,10109757ROCHAG,2025-02-24,111602,1,11,0,142.0
10109757ROCHAG_2025-02-24_G23,10109757ROCHAG,2025-02-24,111602,1,6,0,60.0
10109757ROCHAG_2025-02-24_G24,10109757ROCHAG,2025-02-24,110711,1,2,0,127.0
10109757ROCHAG_2025-02-24_G25,10109757ROCHAG,2025-02-24,117861,1,2,0,222.0
10109757ROCHAG_2025-02-24_G26,10109757ROCHAG,2025-02-24,110515,1,14,0,247.0
10109757ROCHAG_2025-02-24_G28,10109757ROCHAG,2025-02-24,117838,1,6,0,123.0
10109757ROCHAG_2025-02-24_G29,10109757ROCHAG,2025-02-24,116241,1,6,0,276.0
10109757ROCHAG_2025-02-24_G30,10109757ROCHAG,2025-02-24,111435,1,2,0,347.0
10109757ROCHAG_2025-02-24_G31,10109757ROCHAG,2025-02-24,111463,1,14,0,156.0
10109757ROCHAG_2025-02-24_G32,10109757ROCHAG,2025-02-24,111182,1,6,0,135.0
10109757ROCHAG_2025-02-24_G33,10109757ROCHAG,2025-02-24,107236,1,10,0,89.0
10109757ROCHAG_2025-02-24_G34,10109757ROCHAG,2025-02-24,118004,1,9,0,140.0
10109757ROCHAG_2025-02-24_G35,10109757ROCHAG,2025-02-24,140922,1,7,0,317.0
10109757ROCHAG_2025-02-24_G36,10109757ROCHAG,2025-02-24,140922,1,19,0,126.0
10109757ROCHAG_2025-02-24_G37,10109757ROCHAG,2025-02-24,111468,1,7,0,82.0
10109757ROCHAG_2025-02-24_G38,10109757ROCHAG,2025-02-24,110787,1,10,0,283.0
10109757ROCHAG_2025-02-24_G39,10109757ROCHAG,2025-02-24,109645,1,3,0,279.0
10109757ROCHAG_2025-02-24_G40,10109757ROCHAG,2025-02-24,110745,1,4,0,83.0
10109757ROCHAG_2025-02-24_G41,10109757ROCHAG,2025-02-24,110745,1,6,0,77.0
10109757ROCHAG_2025-02-24_G42,10109757ROCHAG,2025-02-24,110740,1,5,0,127.0
10109757ROCHAG_2025-02-24_G43,10109757ROCHAG,2025-02-24,117841,1,4,0,510.0
10109757ROCHAG_2025-02-24_G44,10109757ROCHAG,2025-02-24,105705,1,6,0,145.0
10109757ROCHAG_2025-02-24_G45,10109757ROCHAG,2025-02-24,111469,1,42,0,493.0
10109757ROCHAG_2025-02-24_G46,10109757ROCHAG,2025-02-24,111469,1,4,0,83.0
10109757ROCHAG_2025-02-24_G47,10109757ROCHAG,2025-02-24,111462,1,13,0,138.0
10109757ROCHAG_2025-02-24_G48,10109757ROCHAG,2025-02-24,111462,1,17,0,211.0
10109757ROCHAG_2025-02-24_G49,10109757ROCHAG,2025-02-24,111466,1,60,0,2628.0
10109757ROCHAG_2025-02-24_G50,10109757ROCHAG,2025-02-24,111433,1,4,0,101.0
10109757ROCHAG_2025-02-24_G51,10109757ROCHAG,2025-02-24,111465,1,6,0,82.0
10109757ROCHAG_2025-02-24_G52,10109757ROCHAG,2025-02-24,117808,1,41,0,1756.0
10109757ROCHAG_2025-02-24_G53,10109757ROCHAG,2025-02-24,111469,1,9,0,208.0
10109757ROCHAG_2025-02-24_G54,10109757ROCHAG,2025-02-24,111439,1,2,0,480.0
10109757ROCHAG_2025-02-24_G55,10109757ROCHAG,2025-02-24,111469,1,32,0,575.0
10109757ROCHAG_2025-02-25_G02,10109757ROCHAG,2025-02-25,108794,1,9,0,182.0
10109757ROCHAG_2025-02-25_G03,10109757ROCHAG,2025-02-25,108794,2,12,11,247.0
10109757ROCHAG_2025-02-25_G04,10109757ROCHAG,2025-02-25,108794,2,5,26,89.0
10109757ROCHAG_2025-02-25_G05,10109757ROCHAG,2025-02-25,110755,1,59,0,2843.0
10109757ROCHAG_2025-02-25_G06,10109757ROCHAG,2025-02-25,141047,1,200,0,979.0
10109757ROCHAG_2025-02-25_G08,10109757ROCHAG,2025-02-25,111463,1,361,0,1653.0
10109757ROCHAG_2025-02-25_G09,10109757ROCHAG,2025-02-25,117787,1,140,0,1288.0
10109757ROCHAG_2025-02-25_G10,10109757ROCHAG,2025-02-25,107236,1,100,0,437.0
10109757ROCHAG_2025-02-25_G11,10109757ROCHAG,2025-02-25,140922,1,159,0,632.0
10109757ROCHAG_2025-02-25_G12,10109757ROCHAG,2025-02-25,109641,1,36,0,833.0
10109757ROCHAG_2025-02-25_G13,10109757ROCHAG,2025-02-25,109645,1,100,0,704.0
10109757ROCHAG_2025-02-25_G14,10109757ROCHAG,2025-02-25,111462,1,100,0,167.0
10109757ROCHAG_2025-02-25_G15,10109757ROCHAG,2025-02-25,110374,1,200,0,1043.0
10109757ROCHAG_2025-02-25_G16,10109757ROCHAG,2025-02-25,107830,1,140,0,837.0
10109757ROCHAG_2025-02-25_G17,10109757ROCHAG,2025-02-25,109643,1,100,0,291.0
10109757ROCHAG_2025-02-25_G18,10109757ROCHAG,2025-02-25,109747,1,100,0,711.0
10109757ROCHAG_2025-02-25_G19,10109757ROCHAG,2025-02-25,110515,1,2,0,982.0
10109757ROCHAG_2025-02-25_G20,10109757ROCHAG,2025-02-25,117821,1,4,0,94.0
10109757ROCHAG_2025-02-25_G21,10109757ROCHAG,2025-02-25,117830,1,1,0,480.0
10109757ROCHAG_2025-02-25_G22,10109757ROCHAG,2025-02-25,111463,1,9,0,263.0
10109757ROCHAG_2025-02-25_G23,10109757ROCHAG,2025-02-25,111463,1,7,0,139.0
10109757ROCHAG_2025-02-25_G25,10109757ROCHAG,2025-02-25,110747,1,8,0,801.0
10109757ROCHAG_2025-02-25_G26,10109757ROCHAG,2025-02-25,118222,1,50,0,1737.0
10109757ROCHAG_2025-02-25_G27,10109757ROCHAG,2025-02-25,118222,1,4,0,120.0
10109757ROCHAG_2025-02-25_G28,10109757ROCHAG,2025-02-25,110755,1,5,0,274.0
10109757ROCHAG_2025-02-25_G29,10109757ROCHAG,2025-02-25,110895,1,2,0,226.0
10109757ROCHAG_2025-02-25_G30,10109757ROCHAG,2025-02-25,118306,1,10,0,380.0
10109757ROCHAG_2025-02-25_G31,10109757ROCHAG,2025-02-25,118417,1,8,0,199.0
10109757ROCHAG_2025-02-25_G32,10109757ROCHAG,2025-02-25,107254,1,8,0,143.0
10109757ROCHAG_2025-02-25_G33,10109757ROCHAG,2025-02-25,118306,1,10,0,257.0
10109757ROCHAG_2025-02-25_G34,10109757ROCHAG,2025-02-25,117838,2,23,11,3583.0
10109757ROCHAG_2025-02-25_G35,10109757ROCHAG,2025-02-25,111532,1,20,0,389.0
10109757ROCHAG_2025-02-25_G36,10109757ROCHAG,2025-02-25,109645,1,10,0,299.0
10109757ROCHAG_2025-02-25_G37,10109757ROCHAG,2025-02-25,117831,1,7,0,477.0
10109757ROCHAG_2025-02-26_G02,10109757ROCHAG,2025-02-26,111348,1,11,0,253.0
10109757ROCHAG_2025-02-26_G03,10109757ROCHAG,2025-02-26,111469,1,50,0,402.0
10109757ROCHAG_2025-02-26_G04,10109757ROCHAG,2025-02-26,110787,1,40,0,823.0
10109757ROCHAG_2025-02-26_G05,10109757ROCHAG,2025-02-26,118251,1,4,0,944.0
10109757ROCHAG_2025-02-26_G06,10109757ROCHAG,2025-02-26,116527,1,4,0,143.0
10109757ROCHAG_2025-02-26_G07,10109757ROCHAG,2025-02-26,107236,1,8,0,171.0
10109757ROCHAG_2025-02-26_G08,10109757ROCHAG,2025-02-26,117808,1,20,0,241.0
10109757ROCHAG_2025-02-26_G09,10109757ROCHAG,2025-02-26,111812,1,3,0,892.0
10109757ROCHAG_2025-02-26_G10,10109757ROCHAG,2025-02-26,110755,1,6,0,208.0
10109757ROCHAG_2025-02-26_G11,10109757ROCHAG,2025-02-26,111441,1,1,0,132.0
10109757ROCHAG_2025-02-26_G12,10109757ROCHAG,2025-02-26,111441,1,1,0,48.0
10109757ROCHAG_2025-02-26_G13,10109757ROCHAG,2025-02-26,111439,1,8,0,283.0
10109757ROCHAG_2025-02-26_G14,10109757ROCHAG,2025-02-26,110711,1,6,0,318.0
10109757ROCHAG_2025-02-26_G15,10109757ROCHAG,2025-02-26,140922,1,3,0,461.0
10109757ROCHAG_2025-02-26_G16,10109757ROCHAG,2025-02-26,118140,1,7,0,473.0
10109757ROCHAG_2025-02-26_G17,10109757ROCHAG,2025-02-26,117821,1,3,0,154.0
10109757ROCHAG_2025-02-26_G18,10109757ROCHAG,2025-02-26,111469,1,4,0,49.0
10109757ROCHAG_2025-02-26_G20,10109757ROCHAG,2025-02-26,118299,1,2,0,178.0
10109757ROCHAG_2025-02-26_G21,10109757ROCHAG,2025-02-26,117830,1,24,0,484.0
10109757ROCHAG_2025-02-26_G22,10109757ROCHAG,2025-02-26,117832,1,2,0,87.0
10109757ROCHAG_2025-02-26_G23,10109757ROCHAG,2025-02-26,117820,1,22,0,338.0
10109757ROCHAG_2025-02-26_G24,10109757ROCHAG,2025-02-26,117820,1,2,0,34.0
10109757ROCHAG_2025-02-26_G25,10109757ROCHAG,2025-02-26,111463,2,5,23,308.0
10109757ROCHAG_2025-02-26_G27,10109757ROCHAG,2025-02-26,110743,1,55,0,584.0
10109757ROCHAG_2025-02-26_G28,10109757ROCHAG,2025-02-26,111468,1,60,0,630.0
10109757ROCHAG_2025-02-26_G30,10109757ROCHAG,2025-02-26,117786,1,38,0,2278.0
10109757ROCHAG_2025-02-27_G02,10109757ROCHAG,2025-02-27,117935,1,85,0,1106.0
10109757ROCHAG_2025-02-27_G03,10109757ROCHAG,2025-02-27,111442,1,7,0,148.0
10109757ROCHAG_2025-02-27_G04,10109757ROCHAG,2025-02-27,111172,1,68,0,374.0
10109757ROCHAG_2025-02-27_G05,10109757ROCHAG,2025-02-27,117835,1,1,0,877.0
10109757ROCHAG_2025-02-27_G06,10109757ROCHAG,2025-02-27,109641,1,3,0,126.0
10109757ROCHAG_2025-02-27_G07,10109757ROCHAG,2025-02-27,117809,1,4,0,145.0
10109757ROCHAG_2025-02-27_G08,10109757ROCHAG,2025-02-27,117830,1,6,0,156.0
10109757ROCHAG_2025-02-27_G09,10109757ROCHAG,2025-02-27,110747,1,14,0,250.0
10109757ROCHAG_2025-02-27_G10,10109757ROCHAG,2025-02-27,117821,1,5,0,1017.0
10109757ROCHAG_2025-02-27_G11,10109757ROCHAG,2025-02-27,107830,1,4,0,176.0
10109757ROCHAG_2025-02-27_G12,10109757ROCHAG,2025-02-27,117830,1,4,0,64.0
10109757ROCHAG_2025-02-27_G13,10109757ROCHAG,2025-02-27,110339,1,2,0,319.0
10109757ROCHAG_2025-02-27_G14,10109757ROCHAG,2025-02-27,117835,1,5,0,430.0
10109757ROCHAG_2025-02-27_G15,10109757ROCHAG,2025-02-27,117809,1,5,0,85.0
10109757ROCHAG_2025-02-27_G16,10109757ROCHAG,2025-02-27,110711,1,6,0,91.0
10109757ROCHAG_2025-02-27_G17,10109757ROCHAG,2025-02-27,111602,1,12,0,467.0
10109757ROCHAG_2025-02-27_G18,10109757ROCHAG,2025-02-27,118140,1,12,0,338.0
10109757ROCHAG_2025-02-27_G19,10109757ROCHAG,2025-02-27,111433,1,20,0,455.0
10109757ROCHAG_2025-02-27_G20,10109757ROCHAG,2025-02-27,117787,1,7,0,118.0
10109757ROCHAG_2025-02-27_G22,10109757ROCHAG,2025-02-27,109640,1,30,0,786.0
10109757ROCHAG_2025-02-27_G23,10109757ROCHAG,2025-02-27,117786,1,2,0,344.0
10109757ROCHAG_2025-02-27_G24,10109757ROCHAG,2025-02-27,111182,1,4,0,401.0
10109757ROCHAG_2025-02-27_G25,10109757ROCHAG,2025-02-27,111348,1,8,0,890.0
10109757ROCHAG_2025-02-27_G26,10109757ROCHAG,2025-02-27,111330,1,4,0,182.0
10109757ROCHAG_2025-02-27_G27,10109757ROCHAG,2025-02-27,109641,1,4,0,107.0
10109757ROCHAG_2025-02-27_G28,10109757ROCHAG,2025-02-27,110740,1,2,0,195.0
10109757ROCHAG_2025-02-27_G29,10109757ROCHAG,2025-02-27,105705,2,4,30,165.0
10109757ROCHAG_2025-02-27_G30,10109757ROCHAG,2025-02-27,109643,1,4,0,102.0
10109757ROCHAG_2025-02-27_G31,10109757ROCHAG,2025-02-27,110373,1,4,0,139.0
10109757ROCHAG_2025-02-27_G32,10109757ROCHAG,2025-02-27,109645,1,8,0,154.0
10109757ROCHAG_2025-02-27_G33,10109757ROCHAG,2025-02-27,117820,1,4,0,68.0
10109757ROCHAG_2025-02-27_G34,10109757ROCHAG,2025-02-27,109640,1,15,0,413.0
10109757ROCHAG_2025-02-27_G35,10109757ROCHAG,2025-02-27,111172,1,1,0,78.0
10109757ROCHAG_2025-02-27_G36,10109757ROCHAG,2025-02-27,109645,1,10,0,312.0
10109757ROCHAG_2025-02-27_G37,10109757ROCHAG,2025-02-27,117820,1,10,0,108.0
10109757ROCHAG_2025-02-27_G38,10109757ROCHAG,2025-02-27,160054,1,2,0,764.0
10109757ROCHAG_2025-02-27_G39,10109757ROCHAG,2025-02-27,117821,1,8,0,650.0
10109757ROCHAG_2025-02-27_G40,10109757ROCHAG,2025-02-27,117787,1,6,0,1339.0
10109757ROCHAG_2025-02-27_G41,10109757ROCHAG,2025-02-27,111465,1,6,0,174.0
10109757ROCHAG_2025-02-27_G42,10109757ROCHAG,2025-02-27,117835,1,2,0,112.0
10109757ROCHAG_2025-02-27_G43,10109757ROCHAG,2025-02-27,111763,1,2,0,84.0
10109757ROCHAG_2025-02-27_G45,10109757ROCHAG,2025-02-27,118317,1,10,0,389.0
10109757ROCHAG_2025-02-27_G46,10109757ROCHAG,2025-02-27,160057,1,2,0,817.0
10109757ROCHAG_2025-02-27_G47,10109757ROCHAG,2025-02-27,160057,1,2,0,931.0
10109757ROCHAG_2025-02-27_G48,10109757ROCHAG,2025-02-27,118317,1,2,0,451.0
10109757ROCHAG_2025-02-27_G49,10109757ROCHAG,2025-02-27,160055,1,4,0,168.0
10109757ROCHAG_2025-02-27_G50,10109757ROCHAG,2025-02-27,160054,1,4,0,210.0
10109757ROCHAG_2025-02-27_G51,10109757ROCHAG,2025-02-27,160053,1,2,0,225.0
10109757ROCHAG_2025-02-27_G52,10109757ROCHAG,2025-02-27,160055,1,2,0,170.0
10109757ROCHAG_2025-02-27_G53,10109757ROCHAG,2025-02-27,160053,1,2,0,94.0
10109757ROCHAG_2025-02-27_G54,10109757ROCHAG,2025-02-27,160057,1,2,0,662.0
10109757ROCHAG_2025-02-27_G55,10109757ROCHAG,2025-02-27,160050,1,2,0,61.0
10109757ROCHAG_2025-02-27_G56,10109757ROCHAG,2025-02-27,160056,1,2,0,85.0
10109757ROCHAG_2025-02-27_G57,10109757ROCHAG,2025-02-27,160055,1,2,0,70.0
10109757ROCHAG_2025-02-27_G58,10109757ROCHAG,2025-02-27,"111463, 110374",2,13,20,326.0
10109757ROCHAG_2025-02-27_G59,10109757ROCHAG,2025-02-27,111463,1,8,0,447.0
10109757ROCHAG_2025-02-27_G60,10109757ROCHAG,2025-02-27,111463,1,2,0,48.0
10109757ROCHAG_2025-02-27_G61,10109757ROCHAG,2025-02-27,108794,1,5,0,129.0
10109757ROCHAG_2025-02-27_G62,10109757ROCHAG,2025-02-27,117835,1,4,0,306.0
10109757ROCHAG_2025-02-27_G63,10109757ROCHAG,2025-02-27,117855,1,21,0,3019.0
10109757ROCHAG_2025-02-27_G64,10109757ROCHAG,2025-02-27,117855,2,30,9,565.0
10109757ROCHAG_2025-02-28_G02,10109757ROCHAG,2025-02-28,108772,1,8,0,397.0
10109757ROCHAG_2025-02-28_G03,10109757ROCHAG,2025-02-28,117855,1,4,0,212.0
10109757ROCHAG_2025-02-28_G04,10109757ROCHAG,2025-02-28,110787,1,10,0,196.0
10109757ROCHAG_2025-02-28_G05,10109757ROCHAG,2025-02-28,110371,1,4,0,165.0
10109757ROCHAG_2025-02-28_G06,10109757ROCHAG,2025-02-28,111463,1,41,0,405.0
10109757ROCHAG_2025-02-28_G07,10109757ROCHAG,2025-02-28,117855,1,27,0,595.0
10109757ROCHAG_2025-02-28_G08,10109757ROCHAG,2025-02-28,118317,1,37,0,852.0
10109757ROCHAG_2025-02-28_G09,10109757ROCHAG,2025-02-28,108794,1,18,0,211.0
10109757ROCHAG_2025-02-28_G10,10109757ROCHAG,2025-02-28,109647,1,4,0,2589.0
10109757ROCHAG_2025-02-28_G11,10109757ROCHAG,2025-02-28,108772,1,1,0,79.0
10109757ROCHAG_2025-02-28_G12,10109757ROCHAG,2025-02-28,107236,1,20,0,658.0
10109757ROCHAG_2025-02-28_G13,10109757ROCHAG,2025-02-28,111430,1,9,0,408.0
10109757ROCHAG_2025-02-28_G15,10109757ROCHAG,2025-02-28,111463,1,2,0,76.0
10109757ROCHAG_2025-02-28_G16,10109757ROCHAG,2025-02-28,117935,1,5,0,154.0
10109757ROCHAG_2025-02-28_G17,10109757ROCHAG,2025-02-28,117935,1,10,0,170.0
10109757ROCHAG_2025-02-28_G18,10109757ROCHAG,2025-02-28,117935,1,6,0,61.0
10109757ROCHAG_2025-02-28_G19,10109757ROCHAG,2025-02-28,117935,1,11,0,295.0
10109757ROCHAG_2025-02-28_G20,10109757ROCHAG,2025-02-28,111530,1,48,0,771.0
10109757ROCHAG_2025-02-28_G21,10109757ROCHAG,2025-02-28,117833,1,10,0,287.0
10109757ROCHAG_2025-02-28_G22,10109757ROCHAG,2025-02-28,117833,1,6,0,110.0
10109757ROCHAG_2025-02-28_G23,10109757ROCHAG,2025-02-28,117833,1,80,0,1260.0
10109757ROCHAG_2025-02-28_G24,10109757ROCHAG,2025-02-28,111330,1,16,0,597.0
10109757ROCHAG_2025-02-28_G25,10109757ROCHAG,2025-02-28,111172,1,50,0,1286.0
10109757ROCHAG_2025-02-28_G26,10109757ROCHAG,2025-02-28,111466,1,50,0,395.0
10109757ROCHAG_2025-02-28_G27,10109757ROCHAG,2025-02-28,111463,1,60,0,623.0
10109757ROCHAG_2025-02-28_G28,10109757ROCHAG,2025-02-28,117935,1,2,0,220.0
10109757ROCHAG_2025-02-28_G29,10109757ROCHAG,2025-02-28,117935,1,2,0,32.0
10109757ROCHAG_2025-02-28_G30,10109757ROCHAG,2025-02-28,117935,1,2,0,53.0
10109757ROCHAG_2025-02-28_G31,10109757ROCHAG,2025-02-28,117935,1,7,0,65.0
10109757ROCHAG_2025-02-28_G32,10109757ROCHAG,2025-02-28,117856,1,4,0,372.0
10109757ROCHAG_2025-02-28_G33,10109757ROCHAG,2025-02-28,110895,1,4,0,138.0
10109757ROCHAG_2025-02-28_G34,10109757ROCHAG,2025-02-28,118004,1,2,0,77.0
10109757ROCHAG_2025-02-28_G35,10109757ROCHAG,2025-02-28,111172,1,7,0,105.0
10109757ROCHAG_2025-02-28_G36,10109757ROCHAG,2025-02-28,117935,1,4,0,89.0
10109757ROCHAG_2025-02-28_G37,10109757ROCHAG,2025-02-28,117935,1,3,0,44.0
10109757ROCHAG_2025-02-28_G38,10109757ROCHAG,2025-02-28,117935,1,4,0,53.0
10109757ROCHAG_2025-02-28_G39,10109757ROCHAG,2025-02-28,117935,1,4,0,48.0
10109757ROCHAG_2025-02-28_G40,10109757ROCHAG,2025-02-28,111463,1,6,0,252.0
10109757ROCHAG_2025-02-28_G41,10109757ROCHAG,2025-02-28,117856,1,6,0,355.0
10109757ROCHAG_2025-02-28_G42,10109757ROCHAG,2025-02-28,117935,1,4,0,95.0
10109757ROCHAG_2025-02-28_G43,10109757ROCHAG,2025-02-28,117935,1,6,0,377.0
10109757ROCHAG_2025-02-28_G44,10109757ROCHAG,2025-02-28,117935,1,8,0,70.0
10109757ROCHAG_2025-02-28_G45,10109757ROCHAG,2025-02-28,117935,1,10,0,262.0
10109757ROCHAG_2025-02-28_G46,10109757ROCHAG,2025-02-28,117935,1,8,0,81.0
10109757ROCHAG_2025-02-28_G47,10109757ROCHAG,2025-02-28,117935,1,7,0,64.0
10109757ROCHAG_2025-02-28_G48,10109757ROCHAG,2025-02-28,117935,1,9,0,61.0
10109757ROCHAG_2025-02-28_G49,10109757ROCHAG,2025-02-28,111463,1,6,0,128.0
10109757ROCHAG_2025-02-28_G51,10109757ROCHAG,2025-02-28,109647,1,4,0,65.0
10109757ROCHAG_2025-02-28_G52,10109757ROCHAG,2025-02-28,108772,1,8,0,129.0
10109757ROCHAG_2025-02-28_G53,10109757ROCHAG,2025-02-28,107892,1,2,0,150.0
10109757ROCHAG_2025-02-28_G54,10109757ROCHAG,2025-02-28,107892,1,2,0,232.0
10109757ROCHAG_2025-02-28_G55,10109757ROCHAG,2025-02-28,107892,1,2,0,76.0
10109757ROCHAG_2025-02-28_G56,10109757ROCHAG,2025-02-28,107892,1,4,0,60.0
10109757ROCHAG_2025-02-28_G57,10109757ROCHAG,2025-02-28,118222,1,4,0,93.0
10109757ROCHAG_2025-02-28_G58,10109757ROCHAG,2025-02-28,118222,1,8,0,89.0
10109757ROCHAG_2025-02-28_G59,10109757ROCHAG,2025-02-28,111348,1,4,0,218.0
10109757ROCHAG_2025-02-28_G60,10109757ROCHAG,2025-02-28,110325,1,2,0,120.0
10109757ROCHAG_2025-02-28_G61,10109757ROCHAG,2025-02-28,110371,1,10,0,140.0
10109757ROCHAG_2025-02-28_G62,10109757ROCHAG,2025-02-28,117856,1,24,0,665.0
10109757ROCHAG_2025-02-28_G63,10109757ROCHAG,2025-02-28,110733,2,8,25,245.0
10109757ROCHAG_2025-02-28_G64,10109757ROCHAG,2025-02-28,110733,1,4,0,34.0
10109757ROCHAG_2025-02-28_G65,10109757ROCHAG,2025-02-28,111602,1,12,0,379.0
10109757ROCHAG_2025-02-28_G66,10109757ROCHAG,2025-02-28,111602,1,12,0,49.0
10109757ROCHAG_2025-02-28_G67,10109757ROCHAG,2025-02-28,109640,1,4,0,260.0
10109757ROCHAG_2025-02-28_G68,10109757ROCHAG,2025-02-28,118299,1,2,0,95.0
10109757ROCHAG_2025-02-28_G69,10109757ROCHAG,2025-02-28,109643,1,2,0,74.0
10109757ROCHAG_2025-02-28_G70,10109757ROCHAG,2025-02-28,111532,1,4,0,201.0
10109757ROCHAG_2025-02-28_G71,10109757ROCHAG,2025-02-28,111532,1,4,0,53.0
10109757ROCHAG_2025-02-28_G72,10109757ROCHAG,2025-02-28,118004,1,3,0,47.0
10109757ROCHAG_2025-02-28_G73,10109757ROCHAG,2025-02-28,111442,1,3,0,55.0
10109757ROCHAG_2025-02-28_G74,10109757ROCHAG,2025-02-28,140922,1,2,0,77.0
10109757ROCHAG_2025-02-28_G75,10109757ROCHAG,2025-02-28,111172,1,8,0,449.0
10109757ROCHAG_2025-02-28_G76,10109757ROCHAG,2025-02-28,117861,1,3,0,326.0
10109757ROCHAG_2025-02-28_G77,10109757ROCHAG,2025-02-28,117935,2,7,26,94.0
10109757ROCHAG_2025-02-28_G78,10109757ROCHAG,2025-02-28,110895,1,6,0,199.0
10109757ROCHAG_2025-02-28_G79,10109757ROCHAG,2025-02-28,110373,1,10,0,200.0
10109757ROCHAG_2025-02-28_G80,10109757ROCHAG,2025-02-28,117808,1,8,0,114.0
10109757ROCHAG_2025-02-28_G81,10109757ROCHAG,2025-02-28,107236,1,4,0,125.0
10109757ROCHAG_2025-02-28_G82,10109757ROCHAG,2025-02-28,110515,1,4,0,139.0
10109757ROCHAG_2025-02-28_G83,10109757ROCHAG,2025-02-28,110515,1,8,0,121.0
10109757ROCHAG_2025-02-28_G84,10109757ROCHAG,2025-02-28,111530,1,30,0,633.0
10109757ROCHAG_2025-02-28_G85,10109757ROCHAG,2025-02-28,111530,1,4,0,66.0
10109757ROCHAG_2025-02-28_G86,10109757ROCHAG,2025-02-28,110339,1,2,0,310.0
10109757ROCHAG_2025-02-28_G87,10109757ROCHAG,2025-02-28,117820,1,1,0,58.0
10109757ROCHAG_2025-02-28_G88,10109757ROCHAG,2025-02-28,117820,1,8,0,49.0
10109757ROCHAG_2025-02-28_G89,10109757ROCHAG,2025-02-28,110787,1,8,0,3192.0
10109757ROCHAG_2025-02-28_G90,10109757ROCHAG,2025-02-28,110745,1,7,0,91.0
10109757ROCHAG_2025-02-28_G91,10109757ROCHAG,2025-02-28,117785,1,80,0,921.0
10109757ROCHAG_2025-02-28_G92,10109757ROCHAG,2025-02-28,110740,1,12,0,150.0
10109757ROCHAG_2025-02-28_G93,10109757ROCHAG,2025-02-28,118140,1,10,0,66.0
10109757ROCHAG_2025-02-28_G94,10109757ROCHAG,2025-02-28,109645,1,5,0,62.0
10109757ROCHAG_2025-02-28_G95,10109757ROCHAG,2025-02-28,108794,1,4,0,108.0
10109757ROCHAG_2025-02-28_G96,10109757ROCHAG,2025-02-28,117821,1,12,0,141.0
10109757ROCHAG_2025-02-28_G97,10109757ROCHAG,2025-02-28,111466,2,48,14,575.0
10109757ROCHAG_2025-02-28_G98,10109757ROCHAG,2025-02-28,111462,1,2,0,659.0
10109757ROCHAG_2025-02-28_G99,10109757ROCHAG,2025-02-28,111465,1,12,0,390.0
10109757ROCHAG_2025-02-28_G100,10109757ROCHAG,2025-02-28,111436,1,100,0,2042.0
10109757ROCHAG_2025-02-28_G101,10109757ROCHAG,2025-02-28,118222,1,38,0,952.0
10109757ROCHAG_2025-03-01_G02,10109757ROCHAG,2025-03-01,110787,1,6,0,191.0
10109757ROCHAG_2025-03-01_G03,10109757ROCHAG,2025-03-01,110373,1,30,0,648.0
10109757ROCHAG_2025-03-01_G04,10109757ROCHAG,2025-03-01,117840,1,100,0,765.0
10109757ROCHAG_2025-03-01_G05,10109757ROCHAG,2025-03-01,110745,1,34,0,649.0
10109757ROCHAG_2025-03-01_G06,10109757ROCHAG,2025-03-01,111439,1,9,0,652.0
10109757ROCHAG_2025-03-01_G07,10109757ROCHAG,2025-03-01,110313,1,50,0,600.0
10109757ROCHAG_2025-03-01_G08,10109757ROCHAG,2025-03-01,111598,1,48,0,512.0
10109757ROCHAG_2025-03-04_G02,10109757ROCHAG,2025-03-04,117808,1,108,0,139.0
10109757ROCHAG_2025-03-04_G03,10109757ROCHAG,2025-03-04,117808,1,108,0,66.0
10109757ROCHAG_2025-03-04_G04,10109757ROCHAG,2025-03-04,118299,1,200,0,1814.0
10109757ROCHAG_2025-03-05_G02,10109757ROCHAG,2025-03-05,117830,1,50,0,1406.0
10109757ROCHAG_2025-03-05_G03,10109757ROCHAG,2025-03-05,110787,1,130,0,3005.0
10109757ROCHAG_2025-03-05_G04,10109757ROCHAG,2025-03-05,110371,1,80,0,651.0
10109757ROCHAG_2025-03-05_G05,10109757ROCHAG,2025-03-05,110374,1,150,0,498.0
10109757ROCHAG_2025-03-05_G06,10109757ROCHAG,2025-03-05,110373,1,200,0,823.0
10109757ROCHAG_2025-03-05_G08,10109757ROCHAG,2025-03-05,110711,1,15,0,246.0
10109757ROCHAG_2025-03-05_G10,10109757ROCHAG,2025-03-05,122986,1,2,0,311.0
10109757ROCHAG_2025-03-05_G11,10109757ROCHAG,2025-03-05,122981,1,2,0,219.0
10109757ROCHAG_2025-03-05_G12,10109757ROCHAG,2025-03-05,124247,1,2,0,413.0
10109757ROCHAG_2025-03-05_G13,10109757ROCHAG,2025-03-05,122983,1,2,0,220.0
10109757ROCHAG_2025-03-05_G14,10109757ROCHAG,2025-03-05,123909,1,2,0,400.0
10109757ROCHAG_2025-03-05_G15,10109757ROCHAG,2025-03-05,123345,1,2,0,947.0
10109757ROCHAG_2025-03-06_G02,10109757ROCHAG,2025-03-06,124475,1,2,0,204.0
10109757ROCHAG_2025-03-06_G03,10109757ROCHAG,2025-03-06,120389,1,4,0,646.0
10109757ROCHAG_2025-03-06_G04,10109757ROCHAG,2025-03-06,124475,1,2,0,53.0
10109757ROCHAG_2025-03-06_G05,10109757ROCHAG,2025-03-06,121923,1,5,0,298.0
10109757ROCHAG_2025-03-06_G06,10109757ROCHAG,2025-03-06,123343,1,4,0,287.0
10109757ROCHAG_2025-03-06_G07,10109757ROCHAG,2025-03-06,123345,1,4,0,112.0
10109757ROCHAG_2025-03-06_G08,10109757ROCHAG,2025-03-06,124475,1,16,0,527.0
10109757ROCHAG_2025-03-06_G09,10109757ROCHAG,2025-03-06,123907,1,9,0,724.0
10109757ROCHAG_2025-03-06_G10,10109757ROCHAG,2025-03-06,122981,1,5,0,1301.0
10109757ROCHAG_2025-03-06_G11,10109757ROCHAG,2025-03-06,122984,1,13,0,799.0
10109757ROCHAG_2025-03-06_G12,10109757ROCHAG,2025-03-06,122962,1,18,0,1186.0
10109757ROCHAG_2025-03-06_G13,10109757ROCHAG,2025-03-06,123345,1,4,0,160.0
10109757ROCHAG_2025-03-06_G14,10109757ROCHAG,2025-03-06,122984,1,4,0,299.0
10109757ROCHAG_2025-03-06_G15,10109757ROCHAG,2025-03-06,123907,1,8,0,525.0
10109757ROCHAG_2025-03-06_G17,10109757ROCHAG,2025-03-06,123343,1,3,0,143.0
10109757ROCHAG_2025-03-06_G18,10109757ROCHAG,2025-03-06,123345,1,2,0,192.0
10109757ROCHAG_2025-03-06_G19,10109757ROCHAG,2025-03-06,122986,1,4,0,379.0
10109757ROCHAG_2025-03-06_G20,10109757ROCHAG,2025-03-06,122984,1,4,0,180.0
10109757ROCHAG_2025-03-06_G21,10109757ROCHAG,2025-03-06,122962,1,8,0,795.0
10109757ROCHAG_2025-03-06_G22,10109757ROCHAG,2025-03-06,124248,1,4,0,516.0
10109757ROCHAG_2025-03-06_G23,10109757ROCHAG,2025-03-06,123907,1,8,0,427.0
10109757ROCHAG_2025-03-06_G24,10109757ROCHAG,2025-03-06,123909,1,4,0,272.0
10109757ROCHAG_2025-03-06_G25,10109757ROCHAG,2025-03-06,122982,1,12,0,803.0
10109757ROCHAG_2025-03-06_G26,10109757ROCHAG,2025-03-06,123343,1,7,0,486.0
10109757ROCHAG_2025-03-06_G27,10109757ROCHAG,2025-03-06,122988,1,6,0,221.0
10109757ROCHAG_2025-03-06_G28,10109757ROCHAG,2025-03-06,122981,1,15,0,845.0
10109757ROCHAG_2025-03-06_G29,10109757ROCHAG,2025-03-06,122962,1,24,0,1537.0
10109757ROCHAG_2025-03-06_G30,10109757ROCHAG,2025-03-06,121760,1,12,0,509.0
10109757ROCHAG_2025-03-06_G31,10109757ROCHAG,2025-03-06,123343,1,4,0,504.0
10109757ROCHAG_2025-03-06_G32,10109757ROCHAG,2025-03-06,123343,1,4,0,326.0
10109757ROCHAG_2025-03-06_G33,10109757ROCHAG,2025-03-06,122962,1,100,0,1969.0
10109757ROCHAG_2025-03-06_G35,10109757ROCHAG,2025-03-06,122671,1,8,0,555.0
10109757ROCHAG_2025-03-06_G36,10109757ROCHAG,2025-03-06,122673,1,10,0,616.0
10109757ROCHAG_2025-03-06_G37,10109757ROCHAG,2025-03-06,122671,1,33,0,866.0
10109757ROCHAG_2025-03-07_G02,10109757ROCHAG,2025-03-07,122671,1,10,0,433.0
10109757ROCHAG_2025-03-07_G03,10109757ROCHAG,2025-03-07,124248,1,20,0,731.0
10109757ROCHAG_2025-03-07_G04,10109757ROCHAG,2025-03-07,124247,1,6,0,301.0
10109757ROCHAG_2025-03-07_G05,10109757ROCHAG,2025-03-07,122647,1,30,0,1202.0
10109757ROCHAG_2025-03-07_G06,10109757ROCHAG,2025-03-07,123909,1,40,0,2457.0
10109757ROCHAG_2025-03-07_G08,10109757ROCHAG,2025-03-07,122673,1,18,0,1037.0
10109757ROCHAG_2025-03-07_G09,10109757ROCHAG,2025-03-07,120008,1,8,0,534.0
10109757ROCHAG_2025-03-07_G10,10109757ROCHAG,2025-03-07,124264,1,100,0,1390.0
10109757ROCHAG_2025-03-07_G11,10109757ROCHAG,2025-03-07,122986,1,40,0,748.0
10109757ROCHAG_2025-03-07_G12,10109757ROCHAG,2025-03-07,124486,1,8,0,353.0
10109757ROCHAG_2025-03-07_G13,10109757ROCHAG,2025-03-07,124248,1,8,0,604.0
10109757ROCHAG_2025-03-07_G14,10109757ROCHAG,2025-03-07,124247,1,12,0,839.0
10109757ROCHAG_2025-03-07_G15,10109757ROCHAG,2025-03-07,110580,1,2,0,2561.0
10109757ROCHAG_2025-03-07_G16,10109757ROCHAG,2025-03-07,118094,1,4,0,133.0
10109757ROCHAG_2025-03-07_G17,10109757ROCHAG,2025-03-07,118222,1,6,0,108.0
10109757ROCHAG_2025-03-07_G18,10109757ROCHAG,2025-03-07,117808,1,1,0,629.0
10109757ROCHAG_2025-03-07_G19,10109757ROCHAG,2025-03-07,110741,1,4,0,129.0
10109757ROCHAG_2025-03-07_G20,10109757ROCHAG,2025-03-07,100334,1,2,0,66.0
10109757ROCHAG_2025-03-07_G21,10109757ROCHAG,2025-03-07,110374,1,6,0,97.0
10109757ROCHAG_2025-03-07_G22,10109757ROCHAG,2025-03-07,117830,1,4,0,61.0
10109757ROCHAG_2025-03-07_G23,10109757ROCHAG,2025-03-07,109643,1,3,0,305.0
10109757ROCHAG_2025-03-07_G24,10109757ROCHAG,2025-03-07,108772,1,12,0,153.0
10109757ROCHAG_2025-03-07_G25,10109757ROCHAG,2025-03-07,118004,1,2,0,103.0
10109757ROCHAG_2025-03-07_G26,10109757ROCHAG,2025-03-07,117838,1,2,0,94.0
10109757ROCHAG_2025-03-07_G27,10109757ROCHAG,2025-03-07,118317,1,2,0,36.0
10109757ROCHAG_2025-03-07_G28,10109757ROCHAG,2025-03-07,108711,1,4,0,98.0
10109757ROCHAG_2025-03-07_G29,10109757ROCHAG,2025-03-07,110515,1,3,0,90.0
10109757ROCHAG_2025-03-07_G30,10109757ROCHAG,2025-03-07,118140,1,8,0,128.0
10109757ROCHAG_2025-03-07_G31,10109757ROCHAG,2025-03-07,109747,1,4,0,67.0
10109757ROCHAG_2025-03-08_G02,10109757ROCHAG,2025-03-08,122986,1,6,0,457.0
10109757ROCHAG_2025-03-08_G03,10109757ROCHAG,2025-03-08,123909,1,10,0,300.0
10109757ROCHAG_2025-03-08_G04,10109757ROCHAG,2025-03-08,122962,1,20,0,548.0
10109757ROCHAG_2025-03-08_G05,10109757ROCHAG,2025-03-08,124247,1,20,0,1303.0
10109757ROCHAG_2025-03-08_G06,10109757ROCHAG,2025-03-08,122983,1,12,0,292.0
10109757ROCHAG_2025-03-09_G02,10109757ROCHAG,2025-03-09,110742,1,4,0,1001.0
10109757ROCHAG_2025-03-09_G03,10109757ROCHAG,2025-03-09,110747,1,2,0,61.0
10109757ROCHAG_2025-03-09_G04,10109757ROCHAG,2025-03-09,100334,1,9,0,62.0
10109757ROCHAG_2025-03-09_G05,10109757ROCHAG,2025-03-09,108795,1,3,0,345.0
10109757ROCHAG_2025-03-09_G06,10109757ROCHAG,2025-03-09,108795,1,2,0,88.0
10109757ROCHAG_2025-03-09_G07,10109757ROCHAG,2025-03-09,117786,1,3,0,274.0
10109757ROCHAG_2025-03-09_G08,10109757ROCHAG,2025-03-09,117786,1,3,0,68.0
10109757ROCHAG_2025-03-09_G09,10109757ROCHAG,2025-03-09,117786,1,4,0,32.0
10109757ROCHAG_2025-03-09_G10,10109757ROCHAG,2025-03-09,110313,1,2,0,1439.0
10109757ROCHAG_2025-03-09_G11,10109757ROCHAG,2025-03-09,"117808, 110376",4,50,49,120.0
10109757ROCHAG_2025-03-10_G02,10109757ROCHAG,2025-03-10,118140,1,8,0,153.0
10109757ROCHAG_2025-03-10_G03,10109757ROCHAG,2025-03-10,117831,1,12,0,676.0
10109757ROCHAG_2025-03-10_G04,10109757ROCHAG,2025-03-10,109643,1,8,0,1136.0
10109757ROCHAG_2025-03-10_G05,10109757ROCHAG,2025-03-10,110375,1,1,0,37.0
10109757ROCHAG_2025-03-10_G06,10109757ROCHAG,2025-03-10,110375,1,8,0,130.0
10109757ROCHAG_2025-03-10_G07,10109757ROCHAG,2025-03-10,105705,1,3,0,465.0
10109757ROCHAG_2025-03-10_G08,10109757ROCHAG,2025-03-10,105705,1,3,0,52.0
10109757ROCHAG_2025-03-10_G09,10109757ROCHAG,2025-03-10,105705,1,4,0,45.0
10109757ROCHAG_2025-03-10_G10,10109757ROCHAG,2025-03-10,111462,2,10,25,106.0
10109757ROCHAG_2025-03-10_G11,10109757ROCHAG,2025-03-10,110374,1,20,0,2770.0
10109757ROCHAG_2025-03-10_G12,10109757ROCHAG,2025-03-10,118281,1,2,0,149.0
10109757ROCHAG_2025-03-10_G13,10109757ROCHAG,2025-03-10,110325,1,12,0,151.0
10109757ROCHAG_2025-03-10_G14,10109757ROCHAG,2025-03-10,117808,1,26,0,142.0
10109757ROCHAG_2025-03-10_G15,10109757ROCHAG,2025-03-10,110371,1,20,0,130.0
10109757ROCHAG_2025-03-10_G16,10109757ROCHAG,2025-03-10,110372,1,30,0,488.0
10109757ROCHAG_2025-03-10_G17,10109757ROCHAG,2025-03-10,114091,1,4,0,111.0
10109757ROCHAG_2025-03-10_G18,10109757ROCHAG,2025-03-10,117840,1,2,0,72.0
10109757ROCHAG_2025-03-10_G19,10109757ROCHAG,2025-03-10,110373,1,12,0,205.0
10109757ROCHAG_2025-03-10_G20,10109757ROCHAG,2025-03-10,110580,1,2,0,3573.0
10109757ROCHAG_2025-03-10_G21,10109757ROCHAG,2025-03-10,110741,1,4,0,106.0
10109757ROCHAG_2025-03-10_G22,10109757ROCHAG,2025-03-10,100334,1,4,0,756.0
10109757ROCHAG_2025-03-10_G23,10109757ROCHAG,2025-03-10,111569,1,2,0,38.0
10109757ROCHAG_2025-03-10_G24,10109757ROCHAG,2025-03-10,111182,1,4,0,279.0
10109757ROCHAG_2025-03-10_G25,10109757ROCHAG,2025-03-10,110313,1,20,0,813.0
10109757ROCHAG_2025-03-10_G26,10109757ROCHAG,2025-03-10,111743,1,4,0,572.0
10109757ROCHAG_2025-03-10_G27,10109757ROCHAG,2025-03-10,118004,1,10,0,263.0
10109757ROCHAG_2025-03-10_G28,10109757ROCHAG,2025-03-10,140922,1,2,0,45.0
10109757ROCHAG_2025-03-10_G29,10109757ROCHAG,2025-03-10,108711,1,8,0,130.0
10109757ROCHAG_2025-03-10_G30,10109757ROCHAG,2025-03-10,111530,1,10,0,235.0
10109757ROCHAG_2025-03-10_G31,10109757ROCHAG,2025-03-10,118004,1,18,0,512.0
10109757ROCHAG_2025-03-10_G32,10109757ROCHAG,2025-03-10,140922,1,2,0,49.0
10109757ROCHAG_2025-03-10_G33,10109757ROCHAG,2025-03-10,108711,1,16,0,180.0
10109757ROCHAG_2025-03-10_G34,10109757ROCHAG,2025-03-10,117832,1,20,0,438.0
10109757ROCHAG_2025-03-10_G35,10109757ROCHAG,2025-03-10,111532,1,8,0,858.0
10109757ROCHAG_2025-03-10_G36,10109757ROCHAG,2025-03-10,111602,1,8,0,432.0
10109757ROCHAG_2025-03-10_G37,10109757ROCHAG,2025-03-10,111850,1,2,0,620.0
10109757ROCHAG_2025-03-10_G38,10109757ROCHAG,2025-03-10,110733,1,3,0,112.0
10109757ROCHAG_2025-03-10_G39,10109757ROCHAG,2025-03-10,110711,1,4,0,133.0
10109757ROCHAG_2025-03-10_G40,10109757ROCHAG,2025-03-10,110325,1,4,0,378.0
10109757ROCHAG_2025-03-10_G41,10109757ROCHAG,2025-03-10,108711,1,4,0,145.0
10109757ROCHAG_2025-03-10_G42,10109757ROCHAG,2025-03-10,110787,1,3,0,184.0
10109757ROCHAG_2025-03-10_G43,10109757ROCHAG,2025-03-10,111532,1,8,0,466.0
10109757ROCHAG_2025-03-10_G44,10109757ROCHAG,2025-03-10,109647,1,4,0,339.0
10109757ROCHAG_2025-03-10_G45,10109757ROCHAG,2025-03-10,109643,1,8,0,145.0
10109757ROCHAG_2025-03-10_G46,10109757ROCHAG,2025-03-10,105705,1,1,0,246.0
10109757ROCHAG_2025-03-10_G47,10109757ROCHAG,2025-03-10,111602,1,6,0,1074.0
10109757ROCHAG_2025-03-10_G48,10109757ROCHAG,2025-03-10,110741,1,4,0,77.0
10109757ROCHAG_2025-03-10_G49,10109757ROCHAG,2025-03-10,109640,1,6,0,149.0
10109757ROCHAG_2025-03-10_G51,10109757ROCHAG,2025-03-10,118298,1,50,0,235.0
10109757ROCHAG_2025-03-10_G52,10109757ROCHAG,2025-03-10,110325,1,2,0,638.0
10109757ROCHAG_2025-03-10_G53,10109757ROCHAG,2025-03-10,110376,1,2,0,56.0
10109757ROCHAG_2025-03-10_G54,10109757ROCHAG,2025-03-10,110376,1,4,0,65.0
10109757ROCHAG_2025-03-10_G55,10109757ROCHAG,2025-03-10,110372,1,4,0,437.0
10109757ROCHAG_2025-03-10_G56,10109757ROCHAG,2025-03-10,111435,1,8,0,412.0
10109757ROCHAG_2025-03-10_G57,10109757ROCHAG,2025-03-10,107236,1,12,0,217.0
10109757ROCHAG_2025-03-10_G58,10109757ROCHAG,2025-03-10,118004,1,5,0,396.0
10109757ROCHAG_2025-03-10_G59,10109757ROCHAG,2025-03-10,111172,1,26,0,214.0
10109757ROCHAG_2025-03-11_G02,10109757ROCHAG,2025-03-11,118223,1,2,0,54.0
10109757ROCHAG_2025-03-11_G03,10109757ROCHAG,2025-03-11,110129,1,4,0,67.0
10109757ROCHAG_2025-03-11_G04,10109757ROCHAG,2025-03-11,111463,1,4,0,419.0
10109757ROCHAG_2025-03-11_G05,10109757ROCHAG,2025-03-11,117832,1,2,0,70.0
10109757ROCHAG_2025-03-11_G06,10109757ROCHAG,2025-03-11,110373,1,1,0,36.0
10109757ROCHAG_2025-03-11_G07,10109757ROCHAG,2025-03-11,109747,1,2,0,86.0
10109757ROCHAG_2025-03-11_G08,10109757ROCHAG,2025-03-11,110787,1,16,0,159.0
10109757ROCHAG_2025-03-11_G09,10109757ROCHAG,2025-03-11,111466,1,8,0,255.0
10109757ROCHAG_2025-03-11_G10,10109757ROCHAG,2025-03-11,117820,1,4,0,87.0
10109757ROCHAG_2025-03-11_G11,10109757ROCHAG,2025-03-11,108794,1,30,0,482.0
10109757ROCHAG_2025-03-11_G12,10109757ROCHAG,2025-03-11,111469,1,14,0,274.0
10109757ROCHAG_2025-03-11_G14,10109757ROCHAG,2025-03-11,108795,1,9,0,438.0
10109757ROCHAG_2025-03-11_G15,10109757ROCHAG,2025-03-11,108795,1,6,0,137.0
10109757ROCHAG_2025-03-11_G16,10109757ROCHAG,2025-03-11,117785,1,1,0,442.0
10109757ROCHAG_2025-03-11_G17,10109757ROCHAG,2025-03-11,111438,1,4,0,447.0
10109757ROCHAG_2025-03-11_G18,10109757ROCHAG,2025-03-11,118094,1,9,0,294.0
10109757ROCHAG_2025-03-11_G19,10109757ROCHAG,2025-03-11,110325,1,2,0,68.0
10109757ROCHAG_2025-03-11_G20,10109757ROCHAG,2025-03-11,110371,1,14,0,367.0
10109757ROCHAG_2025-03-11_G21,10109757ROCHAG,2025-03-11,118094,1,24,0,491.0
10109757ROCHAG_2025-03-11_G22,10109757ROCHAG,2025-03-11,117786,1,4,0,88.0
10109757ROCHAG_2025-03-11_G23,10109757ROCHAG,2025-03-11,110339,1,6,0,114.0
10109757ROCHAG_2025-03-11_G24,10109757ROCHAG,2025-03-11,118094,1,6,0,347.0
10109757ROCHAG_2025-03-11_G25,10109757ROCHAG,2025-03-11,109640,1,4,0,144.0
10109757ROCHAG_2025-03-11_G26,10109757ROCHAG,2025-03-11,117831,1,4,0,109.0
10109757ROCHAG_2025-03-11_G27,10109757ROCHAG,2025-03-11,140922,1,8,0,109.0
10109757ROCHAG_2025-03-11_G28,10109757ROCHAG,2025-03-11,111530,1,12,0,186.0
10109757ROCHAG_2025-03-11_G29,10109757ROCHAG,2025-03-11,110711,1,5,0,106.0
10109757ROCHAG_2025-03-11_G30,10109757ROCHAG,2025-03-11,117820,1,8,0,328.0
10109757ROCHAG_2025-03-11_G31,10109757ROCHAG,2025-03-11,111462,1,15,0,262.0
10109757ROCHAG_2025-03-11_G32,10109757ROCHAG,2025-03-11,111466,1,8,0,402.0
10109757ROCHAG_2025-03-11_G33,10109757ROCHAG,2025-03-11,117808,1,30,0,1281.0
10109757ROCHAG_2025-03-11_G34,10109757ROCHAG,2025-03-11,110371,1,20,0,144.0
10109757ROCHAG_2025-03-11_G35,10109757ROCHAG,2025-03-11,110372,1,10,0,97.0
10109757ROCHAG_2025-03-11_G36,10109757ROCHAG,2025-03-11,117809,1,4,0,123.0
10109757ROCHAG_2025-03-11_G37,10109757ROCHAG,2025-03-11,117830,1,12,0,157.0
10109757ROCHAG_2025-03-11_G38,10109757ROCHAG,2025-03-11,109643,1,4,0,114.0
10109757ROCHAG_2025-03-11_G39,10109757ROCHAG,2025-03-11,110373,1,80,0,445.0
10109757ROCHAG_2025-03-11_G40,10109757ROCHAG,2025-03-11,110375,1,4,0,80.0
10109757ROCHAG_2025-03-11_G41,10109757ROCHAG,2025-03-11,109747,1,2,0,94.0
10109757ROCHAG_2025-03-11_G42,10109757ROCHAG,2025-03-11,110374,1,8,0,103.0
10109757ROCHAG_2025-03-11_G44,10109757ROCHAG,2025-03-11,117862,1,20,0,1023.0
10109757ROCHAG_2025-03-11_G45,10109757ROCHAG,2025-03-11,111330,1,12,0,234.0
10109757ROCHAG_2025-03-11_G46,10109757ROCHAG,2025-03-11,110534,1,4,0,573.0
10109757ROCHAG_2025-03-11_G47,10109757ROCHAG,2025-03-11,111463,1,80,0,804.0
10109757ROCHAG_2025-03-11_G48,10109757ROCHAG,2025-03-11,117830,1,81,0,472.0
10109757ROCHAG_2025-03-12_G02,10109757ROCHAG,2025-03-12,117786,1,5,0,161.0
10109757ROCHAG_2025-03-12_G03,10109757ROCHAG,2025-03-12,108772,1,20,0,1110.0
10109757ROCHAG_2025-03-12_G04,10109757ROCHAG,2025-03-12,111466,1,100,0,349.0
10109757ROCHAG_2025-03-12_G05,10109757ROCHAG,2025-03-12,117831,1,60,0,650.0
10109757ROCHAG_2025-03-12_G06,10109757ROCHAG,2025-03-12,117831,1,4,0,50.0
10109757ROCHAG_2025-03-12_G07,10109757ROCHAG,2025-03-12,117833,1,20,0,338.0
10109757ROCHAG_2025-03-12_G08,10109757ROCHAG,2025-03-12,140922,1,46,0,1882.0
10109757ROCHAG_2025-03-12_G09,10109757ROCHAG,2025-03-12,110787,1,2,0,264.0
10109757ROCHAG_2025-03-12_G10,10109757ROCHAG,2025-03-12,108794,1,12,0,278.0
10109757ROCHAG_2025-03-12_G11,10109757ROCHAG,2025-03-12,111462,1,60,0,603.0
10109757ROCHAG_2025-03-12_G13,10109757ROCHAG,2025-03-12,110582,1,8,0,265.0
10109757ROCHAG_2025-03-12_G14,10109757ROCHAG,2025-03-12,110582,1,8,0,131.0
10109757ROCHAG_2025-03-12_G15,10109757ROCHAG,2025-03-12,110080,1,4,0,315.0
10109757ROCHAG_2025-03-12_G16,10109757ROCHAG,2025-03-12,110313,1,6,0,466.0
10109757ROCHAG_2025-03-12_G17,10109757ROCHAG,2025-03-12,111466,1,4,0,97.0
10109757ROCHAG_2025-03-12_G18,10109757ROCHAG,2025-03-12,109641,1,4,0,807.0
10109757ROCHAG_2025-03-12_G19,10109757ROCHAG,2025-03-12,110741,1,4,0,143.0
10109757ROCHAG_2025-03-12_G20,10109757ROCHAG,2025-03-12,111439,1,22,0,366.0
10109757ROCHAG_2025-03-12_G21,10109757ROCHAG,2025-03-12,117855,1,2,0,51.0
10109757ROCHAG_2025-03-12_G22,10109757ROCHAG,2025-03-12,111433,1,5,0,156.0
10109757ROCHAG_2025-03-12_G23,10109757ROCHAG,2025-03-12,111433,1,4,0,42.0
10109757ROCHAG_2025-03-12_G24,10109757ROCHAG,2025-03-12,111465,1,8,0,58.0
10109757ROCHAG_2025-03-12_G25,10109757ROCHAG,2025-03-12,110742,1,2,0,325.0
10109757ROCHAG_2025-03-12_G26,10109757ROCHAG,2025-03-12,110747,1,10,0,213.0
10109757ROCHAG_2025-03-12_G27,10109757ROCHAG,2025-03-12,110372,1,4,0,126.0
10109757ROCHAG_2025-03-12_G28,10109757ROCHAG,2025-03-12,111569,1,8,0,175.0
10109757ROCHAG_2025-03-12_G29,10109757ROCHAG,2025-03-12,118299,1,12,0,435.0
10109757ROCHAG_2025-03-12_G30,10109757ROCHAG,2025-03-12,140922,1,18,0,225.0
10109757ROCHAG_2025-03-12_G31,10109757ROCHAG,2025-03-12,109641,1,11,0,471.0
10109757ROCHAG_2025-03-12_G32,10109757ROCHAG,2025-03-12,118140,1,7,0,84.0
10109757ROCHAG_2025-03-12_G33,10109757ROCHAG,2025-03-12,117832,1,8,0,306.0
10109757ROCHAG_2025-03-12_G34,10109757ROCHAG,2025-03-12,110373,1,21,0,980.0
10109757ROCHAG_2025-03-12_G35,10109757ROCHAG,2025-03-12,110373,1,4,0,44.0
10109757ROCHAG_2025-03-12_G36,10109757ROCHAG,2025-03-12,117820,1,10,0,849.0
10109757ROCHAG_2025-03-12_G37,10109757ROCHAG,2025-03-12,109645,1,2,0,357.0
10109757ROCHAG_2025-03-12_G38,10109757ROCHAG,2025-03-12,110745,1,8,0,107.0
10109757ROCHAG_2025-03-12_G39,10109757ROCHAG,2025-03-12,110372,1,2,0,281.0
10109757ROCHAG_2025-03-12_G40,10109757ROCHAG,2025-03-12,110787,1,2,0,127.0
10109757ROCHAG_2025-03-12_G41,10109757ROCHAG,2025-03-12,118306,1,2,0,165.0
10109757ROCHAG_2025-03-12_G42,10109757ROCHAG,2025-03-12,118306,1,2,0,60.0
10109757ROCHAG_2025-03-12_G43,10109757ROCHAG,2025-03-12,110743,1,4,0,128.0
10109757ROCHAG_2025-03-12_G44,10109757ROCHAG,2025-03-12,117785,1,10,0,146.0
10109757ROCHAG_2025-03-12_G45,10109757ROCHAG,2025-03-12,111463,1,13,0,444.0
10109757ROCHAG_2025-03-12_G46,10109757ROCHAG,2025-03-12,117808,1,11,0,118.0
10109757ROCHAG_2025-03-12_G47,10109757ROCHAG,2025-03-12,111466,1,3,0,70.0
10109757ROCHAG_2025-03-12_G48,10109757ROCHAG,2025-03-12,111466,1,2,0,69.0
10109757ROCHAG_2025-03-12_G49,10109757ROCHAG,2025-03-12,109937,1,8,0,244.0
10109757ROCHAG_2025-03-12_G50,10109757ROCHAG,2025-03-12,110372,1,16,0,261.0
10109757ROCHAG_2025-03-12_G51,10109757ROCHAG,2025-03-12,110372,1,2,0,44.0
10109757ROCHAG_2025-03-12_G53,10109757ROCHAG,2025-03-12,110372,1,24,0,408.0
10109757ROCHAG_2025-03-12_G54,10109757ROCHAG,2025-03-12,115821,1,10,0,733.0
10109757ROCHAG_2025-03-12_G55,10109757ROCHAG,2025-03-12,111598,1,51,0,634.0
10109757ROCHAG_2025-03-12_G56,10109757ROCHAG,2025-03-12,101228,1,12,0,1136.0
10109757ROCHAG_2025-03-12_G57,10109757ROCHAG,2025-03-12,118229,1,4,0,186.0
10109757ROCHAG_2025-03-12_G58,10109757ROCHAG,2025-03-12,111462,1,200,0,1799.0
10109757ROCHAG_2025-03-12_G59,10109757ROCHAG,2025-03-12,111433,1,20,0,493.0
10109757ROCHAG_2025-03-12_G60,10109757ROCHAG,2025-03-12,109747,1,22,0,234.0
10109757ROCHAG_2025-03-12_G61,10109757ROCHAG,2025-03-12,111435,1,26,0,1030.0
10109757ROCHAG_2025-03-12_G62,10109757ROCHAG,2025-03-12,140922,1,18,0,544.0
10109757ROCHAG_2025-03-12_G63,10109757ROCHAG,2025-03-12,109641,1,6,0,117.0
10109757ROCHAG_2025-03-12_G64,10109757ROCHAG,2025-03-12,111172,1,1,0,34.0
10109757ROCHAG_2025-03-13_G02,10109757ROCHAG,2025-03-13,108794,1,4,0,105.0
10109757ROCHAG_2025-03-13_G03,10109757ROCHAG,2025-03-13,110374,1,21,0,199.0
10109757ROCHAG_2025-03-13_G04,10109757ROCHAG,2025-03-13,117820,2,52,28,437.0
10109757ROCHAG_2025-03-13_G05,10109757ROCHAG,2025-03-13,110742,1,15,0,410.0
10109757ROCHAG_2025-03-13_G06,10109757ROCHAG,2025-03-13,110747,1,14,0,281.0
10109757ROCHAG_2025-03-13_G07,10109757ROCHAG,2025-03-13,117809,1,3,0,421.0
10109757ROCHAG_2025-03-13_G08,10109757ROCHAG,2025-03-13,118094,1,4,0,217.0
10109757ROCHAG_2025-03-13_G09,10109757ROCHAG,2025-03-13,118094,1,4,0,84.0
10109757ROCHAG_2025-03-13_G10,10109757ROCHAG,2025-03-13,110371,1,34,0,250.0
10109757ROCHAG_2025-03-13_G11,10109757ROCHAG,2025-03-13,118299,1,2,0,46.0
10109757ROCHAG_2025-03-13_G12,10109757ROCHAG,2025-03-13,118299,1,80,0,673.0
10109757ROCHAG_2025-03-13_G13,10109757ROCHAG,2025-03-13,111602,1,17,0,201.0
10109757ROCHAG_2025-03-13_G14,10109757ROCHAG,2025-03-13,110373,1,4,0,784.0
10109757ROCHAG_2025-03-13_G15,10109757ROCHAG,2025-03-13,110374,1,23,0,244.0
10109757ROCHAG_2025-03-13_G16,10109757ROCHAG,2025-03-13,110373,1,56,0,677.0
10109757ROCHAG_2025-03-13_G18,10109757ROCHAG,2025-03-13,111462,1,10,0,685.0
10109757ROCHAG_2025-03-13_G19,10109757ROCHAG,2025-03-13,111348,1,4,0,359.0
10109757ROCHAG_2025-03-13_G20,10109757ROCHAG,2025-03-13,111466,1,22,0,611.0
10109757ROCHAG_2025-03-13_G21,10109757ROCHAG,2025-03-13,111466,1,4,0,39.0
10109757ROCHAG_2025-03-13_G22,10109757ROCHAG,2025-03-13,111435,1,2,0,515.0
10109757ROCHAG_2025-03-13_G23,10109757ROCHAG,2025-03-13,118140,2,17,28,155.0
10109757ROCHAG_2025-03-13_G24,10109757ROCHAG,2025-03-13,108711,1,2,0,84.0
10109757ROCHAG_2025-03-13_G25,10109757ROCHAG,2025-03-13,108711,1,4,0,38.0
10109757ROCHAG_2025-03-13_G26,10109757ROCHAG,2025-03-13,109645,1,12,0,182.0
10109757ROCHAG_2025-03-13_G27,10109757ROCHAG,2025-03-13,117821,1,12,0,125.0
10109757ROCHAG_2025-03-13_G28,10109757ROCHAG,2025-03-13,111462,1,11,0,280.0
10109757ROCHAG_2025-03-13_G29,10109757ROCHAG,2025-03-13,111465,1,16,0,317.0
10109757ROCHAG_2025-03-13_G30,10109757ROCHAG,2025-03-13,111724,1,7,0,1133.0
10109757ROCHAG_2025-03-13_G31,10109757ROCHAG,2025-03-13,110747,1,200,0,1681.0
10109757ROCHAG_2025-03-13_G32,10109757ROCHAG,2025-03-13,117821,1,400,0,1053.0
10109757ROCHAG_2025-03-13_G33,10109757ROCHAG,2025-03-13,111722,1,100,0,471.0
10109757ROCHAG_2025-03-13_G34,10109757ROCHAG,2025-03-13,111759,1,200,0,2041.0
10109757ROCHAG_2025-03-13_G36,10109757ROCHAG,2025-03-13,118298,1,8,0,110.0
10109757ROCHAG_2025-03-14_G02,10109757ROCHAG,2025-03-14,110742,1,4,0,213.0
10109757ROCHAG_2025-03-14_G03,10109757ROCHAG,2025-03-14,108759,1,2,0,157.0
10109757ROCHAG_2025-03-14_G04,10109757ROCHAG,2025-03-14,118094,1,20,0,336.0
10109757ROCHAG_2025-03-14_G05,10109757ROCHAG,2025-03-14,110747,1,8,0,385.0
10109757ROCHAG_2025-03-14_G06,10109757ROCHAG,2025-03-14,110733,1,1,0,553.0
10109757ROCHAG_2025-03-14_G07,10109757ROCHAG,2025-03-14,107629,1,4,0,85.0
10109757ROCHAG_2025-03-14_G08,10109757ROCHAG,2025-03-14,110741,1,8,0,117.0
10109757ROCHAG_2025-03-14_G09,10109757ROCHAG,2025-03-14,111569,1,28,0,450.0
10109757ROCHAG_2025-03-14_G10,10109757ROCHAG,2025-03-14,111530,1,13,0,444.0
10109757ROCHAG_2025-03-14_G11,10109757ROCHAG,2025-03-14,118229,1,4,0,422.0
10109757ROCHAG_2025-03-14_G12,10109757ROCHAG,2025-03-14,108759,2,5,29,127.0
10109757ROCHAG_2025-03-14_G13,10109757ROCHAG,2025-03-14,110711,1,11,0,348.0
10109757ROCHAG_2025-03-14_G14,10109757ROCHAG,2025-03-14,109640,1,11,0,943.0
10109757ROCHAG_2025-03-14_G15,10109757ROCHAG,2025-03-14,105167,1,2,0,101.0
10109757ROCHAG_2025-03-14_G16,10109757ROCHAG,2025-03-14,115773,1,10,0,404.0
10109757ROCHAG_2025-03-14_G17,10109757ROCHAG,2025-03-14,110313,1,37,0,660.0
10109757ROCHAG_2025-03-14_G18,10109757ROCHAG,2025-03-14,110373,1,100,0,971.0
10109757ROCHAG_2025-03-14_G19,10109757ROCHAG,2025-03-14,110374,1,60,0,528.0
10109757ROCHAG_2025-03-14_G20,10109757ROCHAG,2025-03-14,117820,1,106,0,209.0
10109757ROCHAG_2025-03-14_G22,10109757ROCHAG,2025-03-14,111120,1,8,0,195.0
10109757ROCHAG_2025-03-14_G23,10109757ROCHAG,2025-03-14,118094,1,20,0,438.0
10109757ROCHAG_2025-03-14_G24,10109757ROCHAG,2025-03-14,110313,1,20,0,321.0
10109757ROCHAG_2025-03-14_G25,10109757ROCHAG,2025-03-14,117935,1,12,0,112.0
10109757ROCHAG_2025-03-14_G26,10109757ROCHAG,2025-03-14,110733,1,30,0,304.0
10109757ROCHAG_2025-03-14_G27,10109757ROCHAG,2025-03-14,111602,1,60,0,237.0
10109757ROCHAG_2025-03-14_G28,10109757ROCHAG,2025-03-14,117855,1,15,0,353.0
10109757ROCHAG_2025-03-14_G29,10109757ROCHAG,2025-03-14,117786,1,8,0,119.0
10109757ROCHAG_2025-03-14_G30,10109757ROCHAG,2025-03-14,108772,1,12,0,1233.0
10109757ROCHAG_2025-03-14_G31,10109757ROCHAG,2025-03-14,108772,1,8,0,70.0
10109757ROCHAG_2025-03-14_G32,10109757ROCHAG,2025-03-14,110711,1,20,0,262.0
10109757ROCHAG_2025-03-14_G33,10109757ROCHAG,2025-03-14,118299,1,100,0,403.0
10109757ROCHAG_2025-03-14_G34,10109757ROCHAG,2025-03-14,110376,1,4,0,82.0
10109757ROCHAG_2025-03-14_G35,10109757ROCHAG,2025-03-14,117809,1,12,0,422.0
10109757ROCHAG_2025-03-14_G36,10109757ROCHAG,2025-03-14,117808,1,40,0,216.0
10109757ROCHAG_2025-03-14_G37,10109757ROCHAG,2025-03-14,117830,1,8,0,142.0
10109757ROCHAG_2025-03-14_G38,10109757ROCHAG,2025-03-14,108795,1,5,0,379.0
10109757ROCHAG_2025-03-14_G39,10109757ROCHAG,2025-03-14,110743,1,8,0,616.0
10109757ROCHAG_2025-03-14_G40,10109757ROCHAG,2025-03-14,140922,1,20,0,233.0
10109757ROCHAG_2025-03-14_G41,10109757ROCHAG,2025-03-14,111468,1,20,0,153.0
10109757ROCHAG_2025-03-14_G42,10109757ROCHAG,2025-03-14,109641,1,15,0,145.0
10109757ROCHAG_2025-03-14_G43,10109757ROCHAG,2025-03-14,117838,1,20,0,595.0
10109757ROCHAG_2025-03-14_G44,10109757ROCHAG,2025-03-14,111462,1,20,0,1048.0
10109757ROCHAG_2025-03-14_G45,10109757ROCHAG,2025-03-14,110745,1,10,0,188.0
10109757ROCHAG_2025-03-14_G46,10109757ROCHAG,2025-03-14,111442,1,12,0,114.0
10109757ROCHAG_2025-03-14_G48,10109757ROCHAG,2025-03-14,117808,1,108,0,614.0
10109757ROCHAG_2025-03-14_G49,10109757ROCHAG,2025-03-14,111469,1,4,0,399.0
10109757ROCHAG_2025-03-14_G50,10109757ROCHAG,2025-03-14,111463,1,4,0,235.0
10109757ROCHAG_2025-03-14_G51,10109757ROCHAG,2025-03-14,111443,1,3,0,117.0
10109757ROCHAG_2025-03-14_G52,10109757ROCHAG,2025-03-14,107236,1,10,0,100.0
10109757ROCHAG_2025-03-14_G53,10109757ROCHAG,2025-03-14,111418,1,8,0,138.0
10109757ROCHAG_2025-03-14_G54,10109757ROCHAG,2025-03-14,118223,1,10,0,141.0
10109757ROCHAG_2025-03-14_G55,10109757ROCHAG,2025-03-14,111433,1,29,0,277.0
10109757ROCHAG_2025-03-14_G56,10109757ROCHAG,2025-03-14,111469,1,4,0,574.0
10109757ROCHAG_2025-03-15_G02,10109757ROCHAG,2025-03-15,108711,1,30,0,506.0
10109757ROCHAG_2025-03-15_G03,10109757ROCHAG,2025-03-15,117787,1,8,0,259.0
10109757ROCHAG_2025-03-15_G04,10109757ROCHAG,2025-03-15,117787,1,12,0,190.0
10109757ROCHAG_2025-03-15_G05,10109757ROCHAG,2025-03-15,111850,1,4,0,489.0
10109757ROCHAG_2025-03-15_G06,10109757ROCHAG,2025-03-15,111463,1,35,0,449.0
10109757ROCHAG_2025-03-15_G07,10109757ROCHAG,2025-03-15,118094,1,28,0,527.0
10109757ROCHAG_2025-03-15_G08,10109757ROCHAG,2025-03-15,110339,1,2,0,93.0
10109757ROCHAG_2025-03-15_G09,10109757ROCHAG,2025-03-15,118299,1,37,0,1064.0
10109757ROCHAG_2025-03-15_G10,10109757ROCHAG,2025-03-15,117855,1,46,0,226.0
10109757ROCHAG_2025-03-15_G11,10109757ROCHAG,2025-03-15,117808,1,1000,0,1419.0
10109757ROCHAG_2025-03-15_G12,10109757ROCHAG,2025-03-15,117830,1,8,0,265.0
10109757ROCHAG_2025-03-15_G13,10109757ROCHAG,2025-03-15,110895,1,9,0,475.0
10109757ROCHAG_2025-03-15_G14,10109757ROCHAG,2025-03-15,110895,1,11,0,266.0
10109757ROCHAG_2025-03-15_G15,10109757ROCHAG,2025-03-15,111532,1,33,0,458.0
10109757ROCHAG_2025-03-15_G16,10109757ROCHAG,2025-03-15,117786,1,3,0,1230.0
10109757ROCHAG_2025-03-15_G17,10109757ROCHAG,2025-03-15,117840,1,4,0,3554.0
10109757ROCHAG_2025-03-15_G18,10109757ROCHAG,2025-03-15,118140,1,80,0,430.0
10109757ROCHAG_2025-03-15_G19,10109757ROCHAG,2025-03-15,111418,1,95,0,481.0
10109757ROCHAG_2025-03-15_G20,10109757ROCHAG,2025-03-15,108772,1,9,0,279.0
10109757ROCHAG_2025-03-15_G21,10109757ROCHAG,2025-03-15,110515,1,25,0,346.0
10109757ROCHAG_2025-03-15_G22,10109757ROCHAG,2025-03-15,111530,1,7,0,312.0
10109757ROCHAG_2025-03-15_G23,10109757ROCHAG,2025-03-15,110711,1,11,0,183.0
10109757ROCHAG_2025-03-15_G24,10109757ROCHAG,2025-03-15,109747,1,12,0,138.0
10109757ROCHAG_2025-03-15_G25,10109757ROCHAG,2025-03-15,105705,1,10,0,190.0
10109757ROCHAG_2025-03-15_G26,10109757ROCHAG,2025-03-15,109640,1,5,0,221.0
10109757ROCHAG_2025-03-15_G27,10109757ROCHAG,2025-03-15,117820,1,37,0,873.0
10109757ROCHAG_2025-03-15_G28,10109757ROCHAG,2025-03-15,111330,1,10,0,255.0
10109757ROCHAG_2025-03-15_G29,10109757ROCHAG,2025-03-15,111441,1,4,0,200.0
10109757ROCHAG_2025-03-15_G30,10109757ROCHAG,2025-03-15,111438,1,1,0,335.0
10109757ROCHAG_2025-03-15_G31,10109757ROCHAG,2025-03-15,117833,1,4,0,343.0
10109757ROCHAG_2025-03-15_G32,10109757ROCHAG,2025-03-15,108711,1,10,0,229.0
10109757ROCHAG_2025-03-15_G33,10109757ROCHAG,2025-03-15,110747,1,2,0,296.0
10109757ROCHAG_2025-03-15_G34,10109757ROCHAG,2025-03-15,118222,1,8,0,355.0
10109757ROCHAG_2025-03-15_G35,10109757ROCHAG,2025-03-15,111602,1,10,0,153.0
10109757ROCHAG_2025-03-15_G36,10109757ROCHAG,2025-03-15,110741,1,2,0,68.0
10109757ROCHAG_2025-03-15_G37,10109757ROCHAG,2025-03-15,117855,1,2,0,72.0
10109757ROCHAG_2025-03-15_G38,10109757ROCHAG,2025-03-15,110373,1,30,0,1759.0
10109757ROCHAG_2025-03-15_G39,10109757ROCHAG,2025-03-15,111466,1,30,0,466.0
10109757ROCHAG_2025-03-15_G40,10109757ROCHAG,2025-03-15,107236,1,6,0,181.0
10109757ROCHAG_2025-03-15_G41,10109757ROCHAG,2025-03-15,140922,1,6,0,78.0
10109757ROCHAG_2025-03-15_G42,10109757ROCHAG,2025-03-15,110515,1,12,0,359.0
10109757ROCHAG_2025-03-15_G43,10109757ROCHAG,2025-03-15,111172,1,9,0,772.0
10109757ROCHAG_2025-03-15_G44,10109757ROCHAG,2025-03-15,109645,1,4,0,145.0
10109757ROCHAG_2025-03-15_G45,10109757ROCHAG,2025-03-15,105705,1,2,0,89.0
10109757ROCHAG_2025-03-15_G46,10109757ROCHAG,2025-03-15,108794,1,5,0,48.0
10109757ROCHAG_2025-03-15_G47,10109757ROCHAG,2025-03-15,117821,1,7,0,64.0
10109757ROCHAG_2025-03-16_G02,10109757ROCHAG,2025-03-16,160054,1,13,0,1736.0
10109757ROCHAG_2025-03-16_G03,10109757ROCHAG,2025-03-16,109643,1,10,0,238.0
10109757ROCHAG_2025-03-16_G04,10109757ROCHAG,2025-03-16,160051,1,13,0,840.0
10109757ROCHAG_2025-03-16_G05,10109757ROCHAG,2025-03-16,160057,1,13,0,260.0
10109757ROCHAG_2025-03-16_G06,10109757ROCHAG,2025-03-16,116527,1,2,0,113.0
10109757ROCHAG_2025-03-16_G07,10109757ROCHAG,2025-03-16,160055,1,4,0,139.0
10109757ROCHAG_2025-03-17_G02,10109757ROCHAG,2025-03-17,110313,1,8,0,149.0
10109757ROCHAG_2025-03-17_G03,10109757ROCHAG,2025-03-17,111466,1,30,0,313.0
10109757ROCHAG_2025-03-17_G04,10109757ROCHAG,2025-03-17,118299,1,40,0,1004.0
10109757ROCHAG_2025-03-17_G05,10109757ROCHAG,2025-03-17,117822,1,1,0,44.0
10109757ROCHAG_2025-03-17_G06,10109757ROCHAG,2025-03-17,111466,1,30,0,845.0
10109757ROCHAG_2025-03-17_G07,10109757ROCHAG,2025-03-17,118222,1,20,0,359.0
10109757ROCHAG_2025-03-17_G08,10109757ROCHAG,2025-03-17,110376,1,3,0,142.0
10109757ROCHAG_2025-03-17_G09,10109757ROCHAG,2025-03-17,117808,1,50,0,557.0
10109757ROCHAG_2025-03-17_G10,10109757ROCHAG,2025-03-17,110895,1,8,0,778.0
10109757ROCHAG_2025-03-17_G11,10109757ROCHAG,2025-03-17,100334,1,4,0,111.0
10109757ROCHAG_2025-03-17_G12,10109757ROCHAG,2025-03-17,110373,1,30,0,288.0
10109757ROCHAG_2025-03-17_G13,10109757ROCHAG,2025-03-17,108772,1,2,0,85.0
10109757ROCHAG_2025-03-17_G14,10109757ROCHAG,2025-03-17,110515,1,16,0,227.0
10109757ROCHAG_2025-03-17_G15,10109757ROCHAG,2025-03-17,110372,1,40,0,1183.0
10109757ROCHAG_2025-03-17_G16,10109757ROCHAG,2025-03-17,118140,1,20,0,191.0
10109757ROCHAG_2025-03-17_G17,10109757ROCHAG,2025-03-17,118140,1,20,0,146.0
10109757ROCHAG_2025-03-17_G19,10109757ROCHAG,2025-03-17,111462,1,7,0,95.0
10109757ROCHAG_2025-03-17_G20,10109757ROCHAG,2025-03-17,117832,1,3,0,78.0
10109757ROCHAG_2025-03-17_G21,10109757ROCHAG,2025-03-17,105705,1,4,0,70.0
10109757ROCHAG_2025-03-17_G22,10109757ROCHAG,2025-03-17,111465,1,1,0,558.0
10109757ROCHAG_2025-03-17_G23,10109757ROCHAG,2025-03-17,111569,1,20,0,602.0
10109757ROCHAG_2025-03-17_G24,10109757ROCHAG,2025-03-17,117834,1,4,0,310.0
10109757ROCHAG_2025-03-17_G25,10109757ROCHAG,2025-03-17,111466,1,18,0,166.0
10109757ROCHAG_2025-03-17_G26,10109757ROCHAG,2025-03-17,111446,1,16,0,436.0
10109757ROCHAG_2025-03-17_G27,10109757ROCHAG,2025-03-17,111532,1,4,0,106.0
10109757ROCHAG_2025-03-17_G28,10109757ROCHAG,2025-03-17,117820,1,20,0,234.0
10109757ROCHAG_2025-03-17_G29,10109757ROCHAG,2025-03-17,111443,1,36,0,693.0
10109757ROCHAG_2025-03-17_G30,10109757ROCHAG,2025-03-17,140922,1,8,0,111.0
10109757ROCHAG_2025-03-17_G31,10109757ROCHAG,2025-03-17,109641,1,8,0,113.0
10109757ROCHAG_2025-03-17_G32,10109757ROCHAG,2025-03-17,110743,1,16,0,419.0
10109757ROCHAG_2025-03-17_G33,10109757ROCHAG,2025-03-17,117821,1,10,0,229.0
10109757ROCHAG_2025-03-17_G34,10109757ROCHAG,2025-03-17,110740,1,4,0,81.0
10109757ROCHAG_2025-03-17_G35,10109757ROCHAG,2025-03-17,109645,1,4,0,149.0
10109757ROCHAG_2025-03-17_G36,10109757ROCHAG,2025-03-17,105705,1,12,0,161.0
10109757ROCHAG_2025-03-17_G37,10109757ROCHAG,2025-03-17,111465,1,10,0,142.0
10109757ROCHAG_2025-03-17_G38,10109757ROCHAG,2025-03-17,111463,1,16,0,550.0
10109757ROCHAG_2025-03-17_G39,10109757ROCHAG,2025-03-17,111469,1,8,0,114.0
10109757ROCHAG_2025-03-17_G40,10109757ROCHAG,2025-03-17,111466,1,12,0,106.0
10109757ROCHAG_2025-03-17_G41,10109757ROCHAG,2025-03-17,111418,1,10,0,613.0
10109757ROCHAG_2025-03-17_G42,10109757ROCHAG,2025-03-17,110515,1,10,0,122.0
10109757ROCHAG_2025-03-17_G43,10109757ROCHAG,2025-03-17,107830,1,4,0,477.0
10109757ROCHAG_2025-03-17_G44,10109757ROCHAG,2025-03-17,111530,1,10,0,127.0
10109757ROCHAG_2025-03-17_G45,10109757ROCHAG,2025-03-17,109649,1,2,0,211.0
10109757ROCHAG_2025-03-17_G46,10109757ROCHAG,2025-03-17,111439,1,4,0,3083.0
10109757ROCHAG_2025-03-17_G47,10109757ROCHAG,2025-03-17,111530,1,10,0,480.0
10109757ROCHAG_2025-03-17_G48,10109757ROCHAG,2025-03-17,111172,1,6,0,148.0
10109757ROCHAG_2025-03-17_G50,10109757ROCHAG,2025-03-17,160054,1,4,0,143.0
10109757ROCHAG_2025-03-17_G51,10109757ROCHAG,2025-03-17,117808,1,29,0,211.0
10109757ROCHAG_2025-03-17_G52,10109757ROCHAG,2025-03-17,117809,1,4,0,91.0
10109757ROCHAG_2025-03-17_G53,10109757ROCHAG,2025-03-17,110373,1,8,0,245.0
10109757ROCHAG_2025-03-17_G54,10109757ROCHAG,2025-03-17,110372,1,15,0,241.0
10109757ROCHAG_2025-03-17_G55,10109757ROCHAG,2025-03-17,117830,1,9,0,107.0
10109757ROCHAG_2025-03-17_G56,10109757ROCHAG,2025-03-17,110745,1,8,0,213.0
10109757ROCHAG_2025-03-17_G57,10109757ROCHAG,2025-03-17,110748,1,1,0,68.0
10109757ROCHAG_2025-03-17_G58,10109757ROCHAG,2025-03-17,110374,1,11,0,413.0
10109757ROCHAG_2025-03-17_G59,10109757ROCHAG,2025-03-17,110787,1,1,0,529.0
10109757ROCHAG_2025-03-17_G60,10109757ROCHAG,2025-03-17,109645,1,5,0,97.0
10109757ROCHAG_2025-03-17_G61,10109757ROCHAG,2025-03-17,111433,1,2,0,114.0
10109757ROCHAG_2025-03-17_G62,10109757ROCHAG,2025-03-17,111465,1,8,0,93.0
10109757ROCHAG_2025-03-17_G63,10109757ROCHAG,2025-03-17,118222,1,124,0,1587.0
10109757ROCHAG_2025-03-17_G64,10109757ROCHAG,2025-03-17,118094,1,12,0,2351.0
10109757ROCHAG_2025-03-17_G65,10109757ROCHAG,2025-03-17,117855,1,4,0,79.0
10109757ROCHAG_2025-03-17_G66,10109757ROCHAG,2025-03-17,111172,1,1,0,84.0
10109757ROCHAG_2025-03-17_G67,10109757ROCHAG,2025-03-17,118140,1,2,0,56.0
10109757ROCHAG_2025-03-17_G68,10109757ROCHAG,2025-03-17,118140,1,6,0,46.0
10109757ROCHAG_2025-03-17_G69,10109757ROCHAG,2025-03-17,111442,1,4,0,708.0
10109757ROCHAG_2025-03-17_G70,10109757ROCHAG,2025-03-17,110129,1,4,0,514.0
10109757ROCHAG_2025-03-17_G71,10109757ROCHAG,2025-03-17,107236,1,4,0,134.0
10109757ROCHAG_2025-03-17_G72,10109757ROCHAG,2025-03-17,111431,1,6,0,274.0
10109757ROCHAG_2025-03-17_G73,10109757ROCHAG,2025-03-17,108770,1,3,0,226.0
10109757ROCHAG_2025-03-17_G74,10109757ROCHAG,2025-03-17,108770,1,3,0,37.0
10109757ROCHAG_2025-03-17_G75,10109757ROCHAG,2025-03-17,109647,1,4,0,141.0
10109757ROCHAG_2025-03-17_G76,10109757ROCHAG,2025-03-17,109647,1,4,0,66.0
10109757ROCHAG_2025-03-17_G77,10109757ROCHAG,2025-03-17,118094,1,12,0,369.0
10109757ROCHAG_2025-03-17_G78,10109757ROCHAG,2025-03-17,118094,1,8,0,63.0
10109757ROCHAG_2025-03-18_G02,10109757ROCHAG,2025-03-18,111437,1,4,0,46.0
10109757ROCHAG_2025-03-18_G03,10109757ROCHAG,2025-03-18,111569,1,1,0,62.0
10109757ROCHAG_2025-03-18_G04,10109757ROCHAG,2025-03-18,110747,1,3,0,79.0
10109757ROCHAG_2025-03-18_G05,10109757ROCHAG,2025-03-18,110747,1,3,0,38.0
10109757ROCHAG_2025-03-18_G06,10109757ROCHAG,2025-03-18,109937,1,4,0,80.0
10109757ROCHAG_2025-03-18_G07,10109757ROCHAG,2025-03-18,111463,1,16,0,257.0
10109757ROCHAG_2025-03-18_G08,10109757ROCHAG,2025-03-18,111466,1,20,0,368.0
10109757ROCHAG_2025-03-18_G09,10109757ROCHAG,2025-03-18,118299,1,16,0,1455.0
10109757ROCHAG_2025-03-18_G10,10109757ROCHAG,2025-03-18,117808,1,24,0,143.0
10109757ROCHAG_2025-03-18_G11,10109757ROCHAG,2025-03-18,111602,1,4,0,171.0
10109757ROCHAG_2025-03-18_G12,10109757ROCHAG,2025-03-18,117809,1,14,0,270.0
10109757ROCHAG_2025-03-18_G13,10109757ROCHAG,2025-03-18,110373,1,37,0,405.0
10109757ROCHAG_2025-03-18_G14,10109757ROCHAG,2025-03-18,117830,1,28,0,358.0
10109757ROCHAG_2025-03-18_G15,10109757ROCHAG,2025-03-18,117830,1,28,0,165.0
10109757ROCHAG_2025-03-18_G16,10109757ROCHAG,2025-03-18,110371,1,26,0,300.0
10109757ROCHAG_2025-03-18_G17,10109757ROCHAG,2025-03-18,111435,1,3,0,93.0
10109757ROCHAG_2025-03-18_G18,10109757ROCHAG,2025-03-18,111435,1,3,0,41.0
10109757ROCHAG_2025-03-18_G19,10109757ROCHAG,2025-03-18,100334,1,6,0,225.0
10109757ROCHAG_2025-03-18_G20,10109757ROCHAG,2025-03-18,111430,1,4,0,69.0
10109757ROCHAG_2025-03-18_G21,10109757ROCHAG,2025-03-18,111430,1,4,0,56.0
10109757ROCHAG_2025-03-18_G22,10109757ROCHAG,2025-03-18,110741,2,16,12,110.0
10109757ROCHAG_2025-03-18_G23,10109757ROCHAG,2025-03-18,117855,1,3,0,150.0
10109757ROCHAG_2025-03-18_G25,10109757ROCHAG,2025-03-18,117786,1,4,0,145.0
10109757ROCHAG_2025-03-18_G26,10109757ROCHAG,2025-03-18,117786,1,4,0,54.0
10109757ROCHAG_2025-03-18_G27,10109757ROCHAG,2025-03-18,108772,1,4,0,74.0
10109757ROCHAG_2025-03-18_G28,10109757ROCHAG,2025-03-18,108772,1,4,0,52.0
10109757ROCHAG_2025-03-18_G29,10109757ROCHAG,2025-03-18,117831,1,8,0,118.0
10109757ROCHAG_2025-03-18_G30,10109757ROCHAG,2025-03-18,117833,2,7,9,62.0
10109757ROCHAG_2025-03-18_G31,10109757ROCHAG,2025-03-18,117785,1,8,0,106.0
10109757ROCHAG_2025-03-18_G32,10109757ROCHAG,2025-03-18,110743,1,8,0,174.0
10109757ROCHAG_2025-03-18_G33,10109757ROCHAG,2025-03-18,109643,1,15,0,350.0
10109757ROCHAG_2025-03-18_G34,10109757ROCHAG,2025-03-18,110515,1,4,0,89.0
10109757ROCHAG_2025-03-18_G35,10109757ROCHAG,2025-03-18,111530,1,12,0,435.0
10109757ROCHAG_2025-03-18_G36,10109757ROCHAG,2025-03-18,117838,1,4,0,59.0
10109757ROCHAG_2025-03-18_G37,10109757ROCHAG,2025-03-18,111462,1,14,0,164.0
10109757ROCHAG_2025-03-18_G38,10109757ROCHAG,2025-03-18,110745,1,4,0,72.0
10109757ROCHAG_2025-03-18_G39,10109757ROCHAG,2025-03-18,110748,1,4,0,97.0
10109757ROCHAG_2025-03-18_G40,10109757ROCHAG,2025-03-18,109645,1,12,0,489.0
10109757ROCHAG_2025-03-18_G41,10109757ROCHAG,2025-03-18,117832,1,12,0,120.0
10109757ROCHAG_2025-03-18_G42,10109757ROCHAG,2025-03-18,110375,1,20,0,157.0
10109757ROCHAG_2025-03-18_G43,10109757ROCHAG,2025-03-18,110374,1,12,0,147.0
10109757ROCHAG_2025-03-18_G44,10109757ROCHAG,2025-03-18,105705,1,1,0,78.0
10109757ROCHAG_2025-03-18_G45,10109757ROCHAG,2025-03-18,110372,1,32,0,389.0
10109757ROCHAG_2025-03-18_G46,10109757ROCHAG,2025-03-18,111433,1,4,0,110.0
10109757ROCHAG_2025-03-18_G47,10109757ROCHAG,2025-03-18,111465,1,7,0,89.0
10109757ROCHAG_2025-03-18_G48,10109757ROCHAG,2025-03-18,110372,1,20,0,1403.0
10109757ROCHAG_2025-03-18_G49,10109757ROCHAG,2025-03-18,110313,1,8,0,210.0
10109757ROCHAG_2025-03-18_G50,10109757ROCHAG,2025-03-18,108361,1,8,0,155.0
10109757ROCHAG_2025-03-18_G51,10109757ROCHAG,2025-03-18,111172,1,4,0,1510.0
10109757ROCHAG_2025-03-18_G52,10109757ROCHAG,2025-03-18,118094,1,8,0,235.0
10109757ROCHAG_2025-03-18_G53,10109757ROCHAG,2025-03-18,110515,1,2,0,430.0
10109757ROCHAG_2025-03-18_G54,10109757ROCHAG,2025-03-18,110515,1,8,0,136.0
10109757ROCHAG_2025-03-18_G55,10109757ROCHAG,2025-03-18,111469,1,20,0,383.0
10109757ROCHAG_2025-03-18_G56,10109757ROCHAG,2025-03-18,110313,1,12,0,418.0
10109757ROCHAG_2025-03-18_G57,10109757ROCHAG,2025-03-18,110787,1,2,0,141.0
10109757ROCHAG_2025-03-18_G58,10109757ROCHAG,2025-03-18,111438,1,2,0,158.0
10109757ROCHAG_2025-03-18_G59,10109757ROCHAG,2025-03-18,111469,1,7,0,116.0
10109757ROCHAG_2025-03-18_G60,10109757ROCHAG,2025-03-18,111469,1,12,0,332.0
10109757ROCHAG_2025-03-18_G61,10109757ROCHAG,2025-03-18,111443,1,6,0,329.0
10109757ROCHAG_2025-03-18_G62,10109757ROCHAG,2025-03-18,117820,1,2,0,44.0
10109757ROCHAG_2025-03-18_G63,10109757ROCHAG,2025-03-18,109641,1,4,0,220.0
10109757ROCHAG_2025-03-18_G65,10109757ROCHAG,2025-03-18,110325,1,4,0,162.0
10109757ROCHAG_2025-03-18_G66,10109757ROCHAG,2025-03-18,110372,1,8,0,100.0
10109757ROCHAG_2025-03-18_G67,10109757ROCHAG,2025-03-18,110515,1,11,0,243.0
10109757ROCHAG_2025-03-18_G68,10109757ROCHAG,2025-03-18,111530,1,12,0,200.0
10109757ROCHAG_2025-03-18_G69,10109757ROCHAG,2025-03-18,109747,1,6,0,163.0
10109757ROCHAG_2025-03-18_G70,10109757ROCHAG,2025-03-18,160051,1,20,0,470.0
10109757ROCHAG_2025-03-18_G71,10109757ROCHAG,2025-03-18,111443,1,40,0,478.0
10109757ROCHAG_2025-03-18_G72,10109757ROCHAG,2025-03-18,117832,1,80,0,938.0
10109757ROCHAG_2025-03-19_G02,10109757ROCHAG,2025-03-19,118403,1,460,0,1800.0
10109757ROCHAG_2025-03-19_G04,10109757ROCHAG,2025-03-19,110895,1,40,0,601.0
10109757ROCHAG_2025-03-19_G05,10109757ROCHAG,2025-03-19,111182,1,6,0,2134.0
10109757ROCHAG_2025-03-19_G06,10109757ROCHAG,2025-03-19,117830,1,4,0,276.0
10109757ROCHAG_2025-03-19_G07,10109757ROCHAG,2025-03-19,140922,1,8,0,101.0
10109757ROCHAG_2025-03-19_G08,10109757ROCHAG,2025-03-19,140922,1,8,0,69.0
10109757ROCHAG_2025-03-19_G09,10109757ROCHAG,2025-03-19,105705,1,12,0,202.0
10109757ROCHAG_2025-03-19_G10,10109757ROCHAG,2025-03-19,109640,1,21,0,328.0
10109757ROCHAG_2025-03-19_G11,10109757ROCHAG,2025-03-19,117853,1,1,0,101.0
10109757ROCHAG_2025-03-19_G12,10109757ROCHAG,2025-03-19,121760,1,11,0,3439.0
10109757ROCHAG_2025-03-19_G13,10109757ROCHAG,2025-03-19,123344,1,11,0,668.0
10109757ROCHAG_2025-03-19_G14,10109757ROCHAG,2025-03-19,123343,1,8,0,646.0
10109757ROCHAG_2025-03-19_G15,10109757ROCHAG,2025-03-19,121651,1,20,0,1293.0
10109757ROCHAG_2025-03-19_G16,10109757ROCHAG,2025-03-19,120028,1,10,0,449.0
10109757ROCHAG_2025-03-19_G17,10109757ROCHAG,2025-03-19,124247,1,4,0,267.0
10109757ROCHAG_2025-03-19_G19,10109757ROCHAG,2025-03-19,122962,1,40,0,1584.0
10109757ROCHAG_2025-03-19_G20,10109757ROCHAG,2025-03-19,122671,1,4,0,185.0
10109757ROCHAG_2025-03-19_G21,10109757ROCHAG,2025-03-19,124248,1,10,0,427.0
10109757ROCHAG_2025-03-19_G22,10109757ROCHAG,2025-03-19,123909,1,28,0,856.0
10109757ROCHAG_2025-03-19_G23,10109757ROCHAG,2025-03-19,122984,1,2,0,111.0
10109757ROCHAG_2025-03-19_G24,10109757ROCHAG,2025-03-19,122185,1,8,0,336.0
10109757ROCHAG_2025-03-19_G25,10109757ROCHAG,2025-03-19,123907,1,36,0,1366.0
10109757ROCHAG_2025-03-20_G02,10109757ROCHAG,2025-03-20,109747,1,20,0,195.0
10109757ROCHAG_2025-03-20_G03,10109757ROCHAG,2025-03-20,111441,1,3,0,2155.0
10109757ROCHAG_2025-03-20_G04,10109757ROCHAG,2025-03-20,117856,1,30,0,264.0
10109757ROCHAG_2025-03-20_G05,10109757ROCHAG,2025-03-20,111469,1,12,0,161.0
10109757ROCHAG_2025-03-20_G06,10109757ROCHAG,2025-03-20,111469,1,2,0,31.0
10109757ROCHAG_2025-03-20_G07,10109757ROCHAG,2025-03-20,118222,1,40,0,2138.0
10109757ROCHAG_2025-03-20_G08,10109757ROCHAG,2025-03-20,108759,1,3,0,255.0
10109757ROCHAG_2025-03-20_G09,10109757ROCHAG,2025-03-20,160054,1,20,0,467.0
10109757ROCHAG_2025-03-20_G10,10109757ROCHAG,2025-03-20,117785,1,100,0,524.0
10109757ROCHAG_2025-03-20_G12,10109757ROCHAG,2025-03-20,117855,1,33,0,519.0
10109757ROCHAG_2025-03-20_G13,10109757ROCHAG,2025-03-20,111418,1,80,0,697.0
10109757ROCHAG_2025-03-20_G14,10109757ROCHAG,2025-03-20,109640,1,23,0,538.0
10109757ROCHAG_2025-03-20_G15,10109757ROCHAG,2025-03-20,160057,1,2,0,125.0
10109757ROCHAG_2025-03-20_G16,10109757ROCHAG,2025-03-20,160051,1,6,0,137.0
10109757ROCHAG_2025-03-20_G17,10109757ROCHAG,2025-03-20,160055,1,12,0,1114.0
10109757ROCHAG_2025-03-20_G18,10109757ROCHAG,2025-03-20,117853,1,5,0,842.0
10109757ROCHAG_2025-03-20_G19,10109757ROCHAG,2025-03-20,117853,1,5,0,92.0
10109757ROCHAG_2025-03-20_G20,10109757ROCHAG,2025-03-20,117853,1,12,0,138.0
10109757ROCHAG_2025-03-20_G21,10109757ROCHAG,2025-03-20,111469,1,30,0,361.0
10109757ROCHAG_2025-03-20_G22,10109757ROCHAG,2025-03-20,111469,1,120,0,881.0
10109757ROCHAG_2025-03-20_G23,10109757ROCHAG,2025-03-20,111466,1,120,0,905.0
10109757ROCHAG_2025-03-20_G24,10109757ROCHAG,2025-03-20,111418,1,152,0,493.0
10109757ROCHAG_2025-03-20_G25,10109757ROCHAG,2025-03-20,111418,1,98,0,796.0
10109757ROCHAG_2025-03-20_G26,10109757ROCHAG,2025-03-20,111463,1,42,0,160.0
10109757ROCHAG_2025-03-20_G27,10109757ROCHAG,2025-03-20,118140,1,92,0,766.0
10109757ROCHAG_2025-03-20_G28,10109757ROCHAG,2025-03-20,108759,1,9,0,241.0
10109757ROCHAG_2025-03-20_G29,10109757ROCHAG,2025-03-20,111530,1,8,0,248.0
10109757ROCHAG_2025-03-20_G30,10109757ROCHAG,2025-03-20,111463,1,8,0,186.0
10109757ROCHAG_2025-03-20_G31,10109757ROCHAG,2025-03-20,108794,1,71,0,1179.0
10109757ROCHAG_2025-03-20_G32,10109757ROCHAG,2025-03-20,110371,1,36,0,437.0
10109757ROCHAG_2025-03-20_G34,10109757ROCHAG,2025-03-20,111466,1,4,0,414.0
10109757ROCHAG_2025-03-20_G35,10109757ROCHAG,2025-03-20,110376,1,2,0,52.0
10109757ROCHAG_2025-03-20_G36,10109757ROCHAG,2025-03-20,117820,1,4,0,64.0
10109757ROCHAG_2025-03-20_G37,10109757ROCHAG,2025-03-20,111602,1,4,0,335.0
10109757ROCHAG_2025-03-20_G38,10109757ROCHAG,2025-03-20,111435,1,4,0,100.0
10109757ROCHAG_2025-03-20_G39,10109757ROCHAG,2025-03-20,117833,1,1,0,124.0
10109757ROCHAG_2025-03-20_G40,10109757ROCHAG,2025-03-20,109643,1,2,0,96.0
10109757ROCHAG_2025-03-20_G41,10109757ROCHAG,2025-03-20,109643,1,10,0,103.0
10109757ROCHAG_2025-03-20_G42,10109757ROCHAG,2025-03-20,110515,1,4,0,158.0
10109757ROCHAG_2025-03-20_G43,10109757ROCHAG,2025-03-20,109640,1,3,0,189.0
10109757ROCHAG_2025-03-20_G44,10109757ROCHAG,2025-03-20,111418,1,8,0,121.0
10109757ROCHAG_2025-03-20_G45,10109757ROCHAG,2025-03-20,108711,1,1,0,40.0
10109757ROCHAG_2025-03-20_G46,10109757ROCHAG,2025-03-20,110373,1,10,0,535.0
10109757ROCHAG_2025-03-20_G47,10109757ROCHAG,2025-03-20,110374,1,4,0,116.0
10109757ROCHAG_2025-03-20_G48,10109757ROCHAG,2025-03-20,160053,1,2,0,144.0
10109757ROCHAG_2025-03-20_G49,10109757ROCHAG,2025-03-20,118140,1,5,0,75.0
10109757ROCHAG_2025-03-20_G50,10109757ROCHAG,2025-03-20,111430,1,2,0,143.0
10109757ROCHAG_2025-03-21_G02,10109757ROCHAG,2025-03-21,117808,1,30,0,347.0
10109757ROCHAG_2025-03-21_G03,10109757ROCHAG,2025-03-21,117808,1,47,0,639.0
10109757ROCHAG_2025-03-21_G04,10109757ROCHAG,2025-03-21,110371,1,4,0,113.0
10109757ROCHAG_2025-03-21_G05,10109757ROCHAG,2025-03-21,111602,1,4,0,101.0
10109757ROCHAG_2025-03-21_G06,10109757ROCHAG,2025-03-21,111435,1,6,0,93.0
10109757ROCHAG_2025-03-21_G07,10109757ROCHAG,2025-03-21,111443,1,2,0,57.0
10109757ROCHAG_2025-03-21_G08,10109757ROCHAG,2025-03-21,117785,1,3,0,107.0
10109757ROCHAG_2025-03-21_G09,10109757ROCHAG,2025-03-21,110325,1,5,0,139.0
10109757ROCHAG_2025-03-21_G10,10109757ROCHAG,2025-03-21,109643,1,8,0,321.0
10109757ROCHAG_2025-03-21_G11,10109757ROCHAG,2025-03-21,110372,1,16,0,184.0
10109757ROCHAG_2025-03-21_G12,10109757ROCHAG,2025-03-21,110372,1,23,0,178.0
10109757ROCHAG_2025-03-21_G13,10109757ROCHAG,2025-03-21,110373,1,40,0,252.0
10109757ROCHAG_2025-03-21_G14,10109757ROCHAG,2025-03-21,117861,1,8,0,375.0
10109757ROCHAG_2025-03-21_G15,10109757ROCHAG,2025-03-21,108711,1,2,0,100.0
10109757ROCHAG_2025-03-21_G16,10109757ROCHAG,2025-03-21,110374,1,20,0,159.0
10109757ROCHAG_2025-03-21_G17,10109757ROCHAG,2025-03-21,117835,1,4,0,81.0
10109757ROCHAG_2025-03-21_G19,10109757ROCHAG,2025-03-21,140922,1,2,0,203.0
10109757ROCHAG_2025-03-21_G20,10109757ROCHAG,2025-03-21,117853,1,1,0,212.0
10109757ROCHAG_2025-03-21_G21,10109757ROCHAG,2025-03-21,118094,1,1,0,536.0
10109757ROCHAG_2025-03-21_G22,10109757ROCHAG,2025-03-21,111850,1,4,0,107.0
10109757ROCHAG_2025-03-21_G23,10109757ROCHAG,2025-03-21,110325,1,8,0,155.0
10109757ROCHAG_2025-03-21_G24,10109757ROCHAG,2025-03-21,110376,1,1,0,46.0
10109757ROCHAG_2025-03-21_G25,10109757ROCHAG,2025-03-21,117820,1,10,0,118.0
10109757ROCHAG_2025-03-21_G26,10109757ROCHAG,2025-03-21,117808,1,8,0,302.0
10109757ROCHAG_2025-03-21_G27,10109757ROCHAG,2025-03-21,118251,1,4,0,337.0
10109757ROCHAG_2025-03-21_G28,10109757ROCHAG,2025-03-21,110895,1,2,0,61.0
10109757ROCHAG_2025-03-21_G29,10109757ROCHAG,2025-03-21,111602,1,14,0,501.0
10109757ROCHAG_2025-03-21_G30,10109757ROCHAG,2025-03-21,117855,1,6,0,1652.0
10109757ROCHAG_2025-03-21_G31,10109757ROCHAG,2025-03-21,117809,1,2,0,120.0
10109757ROCHAG_2025-03-21_G32,10109757ROCHAG,2025-03-21,110371,1,2,0,72.0
10109757ROCHAG_2025-03-21_G33,10109757ROCHAG,2025-03-21,109643,1,2,0,91.0
10109757ROCHAG_2025-03-21_G34,10109757ROCHAG,2025-03-21,117840,1,4,0,61.0
10109757ROCHAG_2025-03-21_G35,10109757ROCHAG,2025-03-21,111532,1,16,0,197.0
10109757ROCHAG_2025-03-21_G36,10109757ROCHAG,2025-03-21,117833,1,2,0,37.0
10109757ROCHAG_2025-03-21_G37,10109757ROCHAG,2025-03-21,109641,1,2,0,63.0
10109757ROCHAG_2025-03-21_G38,10109757ROCHAG,2025-03-21,111462,1,2,0,124.0
10109757ROCHAG_2025-03-21_G39,10109757ROCHAG,2025-03-21,110373,1,6,0,197.0
10109757ROCHAG_2025-03-21_G40,10109757ROCHAG,2025-03-21,110787,1,2,0,90.0
10109757ROCHAG_2025-03-21_G41,10109757ROCHAG,2025-03-21,118317,1,4,0,62.0
10109757ROCHAG_2025-03-21_G42,10109757ROCHAG,2025-03-21,118140,1,8,0,112.0
10109757ROCHAG_2025-03-21_G43,10109757ROCHAG,2025-03-21,110515,1,20,0,372.0
10109757ROCHAG_2025-03-21_G44,10109757ROCHAG,2025-03-21,111442,1,16,0,441.0
10109757ROCHAG_2025-03-21_G45,10109757ROCHAG,2025-03-21,110129,1,18,0,325.0
10109757ROCHAG_2025-03-21_G46,10109757ROCHAG,2025-03-21,117853,1,12,0,325.0
10109757ROCHAG_2025-03-21_G47,10109757ROCHAG,2025-03-21,118298,1,4,0,546.0
10109757ROCHAG_2025-03-21_G48,10109757ROCHAG,2025-03-21,118094,1,18,0,317.0
10109757ROCHAG_2025-03-21_G49,10109757ROCHAG,2025-03-21,110742,1,2,0,123.0
10109757ROCHAG_2025-03-21_G50,10109757ROCHAG,2025-03-21,140922,1,8,0,259.0
10109757ROCHAG_2025-03-21_G51,10109757ROCHAG,2025-03-21,111466,1,19,0,243.0
10109757ROCHAG_2025-03-21_G52,10109757ROCHAG,2025-03-21,111569,1,7,0,396.0
10109757ROCHAG_2025-03-21_G53,10109757ROCHAG,2025-03-21,110747,1,4,0,116.0
10109757ROCHAG_2025-03-21_G54,10109757ROCHAG,2025-03-21,117834,1,2,0,60.0
10109757ROCHAG_2025-03-21_G55,10109757ROCHAG,2025-03-21,111850,1,6,0,138.0
10109757ROCHAG_2025-03-21_G56,10109757ROCHAG,2025-03-21,109937,1,4,0,63.0
10109757ROCHAG_2025-03-21_G57,10109757ROCHAG,2025-03-21,117862,1,22,0,518.0
10109757ROCHAG_2025-03-21_G58,10109757ROCHAG,2025-03-21,110339,1,8,0,272.0
10109757ROCHAG_2025-03-21_G59,10109757ROCHAG,2025-03-21,117856,1,20,0,164.0
10109757ROCHAG_2025-03-21_G60,10109757ROCHAG,2025-03-21,110733,1,12,0,128.0
10109757ROCHAG_2025-03-21_G61,10109757ROCHAG,2025-03-21,110376,1,6,0,121.0
10109757ROCHAG_2025-03-21_G62,10109757ROCHAG,2025-03-21,117820,1,38,0,410.0
10109757ROCHAG_2025-03-21_G63,10109757ROCHAG,2025-03-21,117808,1,36,0,182.0
10109757ROCHAG_2025-03-21_G64,10109757ROCHAG,2025-03-21,110325,1,24,0,344.0
10109757ROCHAG_2025-03-21_G65,10109757ROCHAG,2025-03-21,117809,1,4,0,130.0
10109757ROCHAG_2025-03-21_G66,10109757ROCHAG,2025-03-21,117830,1,10,0,221.0
10109757ROCHAG_2025-03-21_G68,10109757ROCHAG,2025-03-21,118094,1,13,0,165.0
10109757ROCHAG_2025-03-21_G69,10109757ROCHAG,2025-03-21,110376,1,4,0,113.0
10109757ROCHAG_2025-03-21_G70,10109757ROCHAG,2025-03-21,107629,1,1,0,92.0
10109757ROCHAG_2025-03-21_G71,10109757ROCHAG,2025-03-21,117855,1,28,0,468.0
10109757ROCHAG_2025-03-21_G72,10109757ROCHAG,2025-03-21,117833,1,1,0,151.0
10109757ROCHAG_2025-03-21_G73,10109757ROCHAG,2025-03-21,111418,1,50,0,647.0
10109757ROCHAG_2025-03-22_G02,10109757ROCHAG,2025-03-22,117820,1,30,0,512.0
10109757ROCHAG_2025-03-22_G03,10109757ROCHAG,2025-03-22,117808,1,18,0,184.0
10109757ROCHAG_2025-03-22_G04,10109757ROCHAG,2025-03-22,117809,1,71,0,937.0
10109757ROCHAG_2025-03-22_G05,10109757ROCHAG,2025-03-22,117830,1,24,0,207.0
10109757ROCHAG_2025-03-22_G06,10109757ROCHAG,2025-03-22,117840,1,11,0,217.0
10109757ROCHAG_2025-03-22_G07,10109757ROCHAG,2025-03-22,105705,1,20,0,667.0
10109757ROCHAG_2025-03-22_G08,10109757ROCHAG,2025-03-22,118299,1,30,0,662.0
10109757ROCHAG_2025-03-22_G09,10109757ROCHAG,2025-03-22,117808,1,25,0,186.0
10109757ROCHAG_2025-03-22_G10,10109757ROCHAG,2025-03-22,111466,1,14,0,122.0
10109757ROCHAG_2025-03-22_G11,10109757ROCHAG,2025-03-22,110371,1,30,0,279.0
10109757ROCHAG_2025-03-22_G12,10109757ROCHAG,2025-03-22,110372,1,30,0,1357.0
10109757ROCHAG_2025-03-22_G13,10109757ROCHAG,2025-03-22,110373,1,30,0,465.0
10109757ROCHAG_2025-03-22_G14,10109757ROCHAG,2025-03-22,111418,1,16,0,499.0
10109757ROCHAG_2025-03-22_G16,10109757ROCHAG,2025-03-22,111430,1,2,0,561.0
10109757ROCHAG_2025-03-22_G17,10109757ROCHAG,2025-03-22,109643,1,16,0,269.0
10109757ROCHAG_2025-03-22_G18,10109757ROCHAG,2025-03-22,111469,1,8,0,388.0
10109757ROCHAG_2025-03-22_G19,10109757ROCHAG,2025-03-22,140922,1,8,0,898.0
10109757ROCHAG_2025-03-22_G20,10109757ROCHAG,2025-03-22,140922,1,8,0,223.0
10109757ROCHAG_2025-03-22_G21,10109757ROCHAG,2025-03-22,140922,1,12,0,151.0
10109757ROCHAG_2025-03-22_G22,10109757ROCHAG,2025-03-22,111469,1,8,0,121.0
10109757ROCHAG_2025-03-22_G23,10109757ROCHAG,2025-03-22,111469,1,12,0,262.0
10109757ROCHAG_2025-03-22_G24,10109757ROCHAG,2025-03-22,111466,1,8,0,609.0
10109757ROCHAG_2025-03-22_G25,10109757ROCHAG,2025-03-22,111446,1,2,0,74.0
10109757ROCHAG_2025-03-22_G26,10109757ROCHAG,2025-03-22,118299,1,4,0,68.0
10109757ROCHAG_2025-03-22_G27,10109757ROCHAG,2025-03-22,117820,1,4,0,60.0
10109757ROCHAG_2025-03-22_G28,10109757ROCHAG,2025-03-22,117834,1,4,0,129.0
10109757ROCHAG_2025-03-22_G29,10109757ROCHAG,2025-03-22,117834,1,4,0,54.0
10109757ROCHAG_2025-03-22_G30,10109757ROCHAG,2025-03-22,109641,1,8,0,281.0
10109757ROCHAG_2025-03-22_G31,10109757ROCHAG,2025-03-22,117785,1,8,0,437.0
10109757ROCHAG_2025-03-22_G32,10109757ROCHAG,2025-03-22,109640,1,2,0,103.0
10109757ROCHAG_2025-03-22_G33,10109757ROCHAG,2025-03-22,117836,1,4,0,152.0
10109757ROCHAG_2025-03-22_G34,10109757ROCHAG,2025-03-22,117836,1,5,0,232.0
10109757ROCHAG_2025-03-22_G35,10109757ROCHAG,2025-03-22,"105705, 111469",2,33,25,170.0
10109757ROCHAG_2025-03-22_G36,10109757ROCHAG,2025-03-22,111442,1,2,0,377.0
10109757ROCHAG_2025-03-22_G37,10109757ROCHAG,2025-03-22,140922,1,5,0,212.0
10109757ROCHAG_2025-03-22_G38,10109757ROCHAG,2025-03-22,110747,1,4,0,128.0
10109757ROCHAG_2025-03-22_G39,10109757ROCHAG,2025-03-22,110733,1,3,0,111.0
10109757ROCHAG_2025-03-22_G40,10109757ROCHAG,2025-03-22,117808,1,6,0,94.0
10109757ROCHAG_2025-03-22_G41,10109757ROCHAG,2025-03-22,110371,1,12,0,329.0
10109757ROCHAG_2025-03-22_G42,10109757ROCHAG,2025-03-22,111443,1,4,0,92.0
10109757ROCHAG_2025-03-22_G43,10109757ROCHAG,2025-03-22,109641,1,6,0,395.0
10109757ROCHAG_2025-03-22_G44,10109757ROCHAG,2025-03-22,111172,1,4,0,401.0
10109757ROCHAG_2025-03-22_G45,10109757ROCHAG,2025-03-22,109643,1,8,0,623.0
10109757ROCHAG_2025-03-22_G46,10109757ROCHAG,2025-03-22,110372,1,8,0,118.0
10109757ROCHAG_2025-03-22_G47,10109757ROCHAG,2025-03-22,110373,1,20,0,134.0
10109757ROCHAG_2025-03-22_G48,10109757ROCHAG,2025-03-22,110374,1,3,0,367.0
10109757ROCHAG_2025-03-22_G49,10109757ROCHAG,2025-03-22,110711,1,2,0,85.0
10109757ROCHAG_2025-03-22_G50,10109757ROCHAG,2025-03-22,109640,1,2,0,107.0
10109757ROCHAG_2025-03-23_G02,10109757ROCHAG,2025-03-23,140922,1,20,0,264.0
10109757ROCHAG_2025-03-23_G03,10109757ROCHAG,2025-03-23,108770,1,4,0,90.0
10109757ROCHAG_2025-03-23_G04,10109757ROCHAG,2025-03-23,118094,1,10,0,116.0
10109757ROCHAG_2025-03-23_G05,10109757ROCHAG,2025-03-23,117856,1,20,0,1167.0
10109757ROCHAG_2025-03-23_G06,10109757ROCHAG,2025-03-23,117856,1,20,0,220.0
10109757ROCHAG_2025-03-23_G07,10109757ROCHAG,2025-03-23,110376,1,16,0,820.0
10109757ROCHAG_2025-03-24_G02,10109757ROCHAG,2025-03-24,118299,1,100,0,470.0
10109757ROCHAG_2025-03-24_G03,10109757ROCHAG,2025-03-24,117820,1,54,0,730.0
10109757ROCHAG_2025-03-24_G04,10109757ROCHAG,2025-03-24,117808,1,510,0,1232.0
10109757ROCHAG_2025-03-24_G05,10109757ROCHAG,2025-03-24,117830,1,19,0,644.0
10109757ROCHAG_2025-03-24_G06,10109757ROCHAG,2025-03-24,118222,1,10,0,489.0
10109757ROCHAG_2025-03-24_G07,10109757ROCHAG,2025-03-24,111418,1,30,0,458.0
10109757ROCHAG_2025-03-24_G08,10109757ROCHAG,2025-03-24,111446,1,4,0,344.0
10109757ROCHAG_2025-03-24_G09,10109757ROCHAG,2025-03-24,105359,1,3,0,1191.0
10109757ROCHAG_2025-03-24_G10,10109757ROCHAG,2025-03-24,110711,1,20,0,179.0
10109757ROCHAG_2025-03-24_G11,10109757ROCHAG,2025-03-24,111532,1,100,0,314.0
10109757ROCHAG_2025-03-24_G12,10109757ROCHAG,2025-03-24,117808,1,100,0,471.0
10109757ROCHAG_2025-03-24_G14,10109757ROCHAG,2025-03-24,110374,1,10,0,125.0
10109757ROCHAG_2025-03-24_G15,10109757ROCHAG,2025-03-24,117838,1,10,0,284.0
10109757ROCHAG_2025-03-24_G16,10109757ROCHAG,2025-03-24,111172,1,20,0,344.0
10109757ROCHAG_2025-03-24_G17,10109757ROCHAG,2025-03-24,105705,1,5,0,131.0
10109757ROCHAG_2025-03-24_G18,10109757ROCHAG,2025-03-24,110373,1,50,0,602.0
10109757ROCHAG_2025-03-24_G19,10109757ROCHAG,2025-03-24,110515,1,4,0,814.0
10109757ROCHAG_2025-03-24_G20,10109757ROCHAG,2025-03-24,118094,1,1,0,204.0
10109757ROCHAG_2025-03-24_G21,10109757ROCHAG,2025-03-24,111418,1,7,0,142.0
10109757ROCHAG_2025-03-24_G22,10109757ROCHAG,2025-03-24,110325,1,2,0,76.0
10109757ROCHAG_2025-03-24_G23,10109757ROCHAG,2025-03-24,118299,1,2,0,77.0
10109757ROCHAG_2025-03-24_G24,10109757ROCHAG,2025-03-24,117820,1,4,0,55.0
10109757ROCHAG_2025-03-24_G25,10109757ROCHAG,2025-03-24,110895,1,2,0,529.0
10109757ROCHAG_2025-03-24_G26,10109757ROCHAG,2025-03-24,100334,1,5,0,265.0
10109757ROCHAG_2025-03-24_G27,10109757ROCHAG,2025-03-24,111435,1,4,0,96.0
10109757ROCHAG_2025-03-24_G28,10109757ROCHAG,2025-03-24,117808,1,4,0,90.0
10109757ROCHAG_2025-03-24_G29,10109757ROCHAG,2025-03-24,109643,1,4,0,110.0
10109757ROCHAG_2025-03-24_G30,10109757ROCHAG,2025-03-24,110371,1,1,0,63.0
10109757ROCHAG_2025-03-24_G31,10109757ROCHAG,2025-03-24,110371,1,2,0,366.0
10109757ROCHAG_2025-03-24_G32,10109757ROCHAG,2025-03-24,111602,1,4,0,602.0
10109757ROCHAG_2025-03-24_G33,10109757ROCHAG,2025-03-24,111569,1,2,0,114.0
10109757ROCHAG_2025-03-24_G34,10109757ROCHAG,2025-03-24,111532,1,2,0,105.0
10109757ROCHAG_2025-03-24_G35,10109757ROCHAG,2025-03-24,117785,1,4,0,81.0
10109757ROCHAG_2025-03-24_G36,10109757ROCHAG,2025-03-24,118223,1,1,0,125.0
10109757ROCHAG_2025-03-24_G37,10109757ROCHAG,2025-03-24,"110372, 110373",2,4,18,103.0
10109757ROCHAG_2025-03-24_G38,10109757ROCHAG,2025-03-24,110373,1,3,0,64.0
10109757ROCHAG_2025-03-24_G39,10109757ROCHAG,2025-03-24,110515,1,2,0,55.0
10109757ROCHAG_2025-03-24_G40,10109757ROCHAG,2025-03-24,109640,1,2,0,131.0
10109757ROCHAG_2025-03-24_G41,10109757ROCHAG,2025-03-24,111469,1,14,0,1199.0
10109757ROCHAG_2025-03-24_G42,10109757ROCHAG,2025-03-24,110740,1,2,0,117.0
10109757ROCHAG_2025-03-24_G43,10109757ROCHAG,2025-03-24,110895,2,10,30,329.0
10109757ROCHAG_2025-03-24_G44,10109757ROCHAG,2025-03-24,110373,1,4,0,361.0
10109757ROCHAG_2025-03-24_G45,10109757ROCHAG,2025-03-24,109640,1,2,0,124.0
10109757ROCHAG_2025-03-24_G46,10109757ROCHAG,2025-03-24,111442,1,20,0,428.0
10109757ROCHAG_2025-03-24_G47,10109757ROCHAG,2025-03-24,103149,1,2,0,269.0
10109757ROCHAG_2025-03-24_G48,10109757ROCHAG,2025-03-24,117820,1,12,0,674.0
10109757ROCHAG_2025-03-24_G49,10109757ROCHAG,2025-03-24,111438,1,4,0,216.0
10109757ROCHAG_2025-03-24_G50,10109757ROCHAG,2025-03-24,"117808, 110373",2,38,30,778.0
10109757ROCHAG_2025-03-24_G51,10109757ROCHAG,2025-03-24,110374,1,2,0,180.0
10109757ROCHAG_2025-03-24_G53,10109757ROCHAG,2025-03-24,117785,1,50,0,760.0
10109757ROCHAG_2025-03-24_G54,10109757ROCHAG,2025-03-24,118299,1,100,0,1154.0
10109757ROCHAG_2025-03-25_G02,10109757ROCHAG,2025-03-25,110092,1,4,0,398.0
10109757ROCHAG_2025-03-25_G03,10109757ROCHAG,2025-03-25,109649,1,2,0,159.0
10109757ROCHAG_2025-03-25_G04,10109757ROCHAG,2025-03-25,111348,1,5,0,183.0
10109757ROCHAG_2025-03-25_G05,10109757ROCHAG,2025-03-25,111469,1,10,0,135.0
10109757ROCHAG_2025-03-25_G06,10109757ROCHAG,2025-03-25,117855,1,10,0,579.0
10109757ROCHAG_2025-03-25_G07,10109757ROCHAG,2025-03-25,109643,1,20,0,231.0
10109757ROCHAG_2025-03-25_G08,10109757ROCHAG,2025-03-25,111435,1,10,0,163.0
10109757ROCHAG_2025-03-25_G09,10109757ROCHAG,2025-03-25,111182,1,2,0,133.0
10109757ROCHAG_2025-03-25_G10,10109757ROCHAG,2025-03-25,110743,1,10,0,189.0
10109757ROCHAG_2025-03-25_G11,10109757ROCHAG,2025-03-25,118317,1,8,0,169.0
10109757ROCHAG_2025-03-25_G12,10109757ROCHAG,2025-03-25,111465,1,10,0,415.0
10109757ROCHAG_2025-03-25_G13,10109757ROCHAG,2025-03-25,111463,1,423,0,2030.0
10109757ROCHAG_2025-03-25_G14,10109757ROCHAG,2025-03-25,109645,1,15,0,164.0
10109757ROCHAG_2025-03-25_G16,10109757ROCHAG,2025-03-25,110711,1,10,0,184.0
10109757ROCHAG_2025-03-25_G17,10109757ROCHAG,2025-03-25,118322,1,24,0,1612.0
10109757ROCHAG_2025-03-25_G18,10109757ROCHAG,2025-03-25,105744,1,8,0,428.0
10109757ROCHAG_2025-03-25_G19,10109757ROCHAG,2025-03-25,110092,1,10,0,470.0
10109757ROCHAG_2025-03-25_G20,10109757ROCHAG,2025-03-25,141035,1,2,0,129.0
10109757ROCHAG_2025-03-25_G21,10109757ROCHAG,2025-03-25,117853,1,12,0,127.0
10109757ROCHAG_2025-03-25_G22,10109757ROCHAG,2025-03-25,109643,1,12,0,409.0
10109757ROCHAG_2025-03-25_G23,10109757ROCHAG,2025-03-25,111348,1,13,0,199.0
10109757ROCHAG_2025-03-25_G24,10109757ROCHAG,2025-03-25,109647,1,14,0,171.0
10109757ROCHAG_2025-03-25_G25,10109757ROCHAG,2025-03-25,118298,1,10,0,124.0
10109757ROCHAG_2025-03-25_G26,10109757ROCHAG,2025-03-25,118094,1,50,0,410.0
10109757ROCHAG_2025-03-25_G27,10109757ROCHAG,2025-03-25,110580,1,8,0,179.0
10109757ROCHAG_2025-03-25_G28,10109757ROCHAG,2025-03-25,117862,1,16,0,609.0
10109757ROCHAG_2025-03-25_G29,10109757ROCHAG,2025-03-25,111469,1,40,0,258.0
10109757ROCHAG_2025-03-25_G30,10109757ROCHAG,2025-03-25,107629,1,20,0,310.0
10109757ROCHAG_2025-03-25_G31,10109757ROCHAG,2025-03-25,110733,1,40,0,360.0
10109757ROCHAG_2025-03-25_G32,10109757ROCHAG,2025-03-25,110063,1,8,0,118.0
10109757ROCHAG_2025-03-25_G33,10109757ROCHAG,2025-03-25,118403,1,12,0,622.0
10109757ROCHAG_2025-03-25_G34,10109757ROCHAG,2025-03-25,111650,1,6,0,528.0
10109757ROCHAG_2025-03-25_G35,10109757ROCHAG,2025-03-25,111530,1,16,0,152.0
10109757ROCHAG_2025-03-25_G36,10109757ROCHAG,2025-03-25,117855,1,20,0,469.0
10109757ROCHAG_2025-03-25_G37,10109757ROCHAG,2025-03-25,117861,1,20,0,142.0
10109757ROCHAG_2025-03-25_G38,10109757ROCHAG,2025-03-25,117786,1,30,0,532.0
10109757ROCHAG_2025-03-25_G39,10109757ROCHAG,2025-03-25,108736,1,14,0,311.0
10109757ROCHAG_2025-03-25_G40,10109757ROCHAG,2025-03-25,111435,1,4,0,112.0
10109757ROCHAG_2025-03-25_G41,10109757ROCHAG,2025-03-25,111443,1,4,0,81.0
10109757ROCHAG_2025-03-25_G42,10109757ROCHAG,2025-03-25,111532,1,20,0,305.0
10109757ROCHAG_2025-03-25_G43,10109757ROCHAG,2025-03-25,108711,1,30,0,834.0
10109757ROCHAG_2025-03-25_G45,10109757ROCHAG,2025-03-25,140922,1,8,0,342.0
10109757ROCHAG_2025-03-25_G46,10109757ROCHAG,2025-03-25,140922,1,4,0,55.0
10109757ROCHAG_2025-03-25_G47,10109757ROCHAG,2025-03-25,111418,1,7,0,210.0
10109757ROCHAG_2025-03-25_G48,10109757ROCHAG,2025-03-25,111469,1,155,0,553.0
10109757ROCHAG_2025-03-25_G49,10109757ROCHAG,2025-03-25,111466,1,1,0,165.0
10109757ROCHAG_2025-03-25_G50,10109757ROCHAG,2025-03-25,118403,1,25,0,213.0
10109757ROCHAG_2025-03-25_G51,10109757ROCHAG,2025-03-25,111530,1,4,0,82.0
10109757ROCHAG_2025-03-25_G52,10109757ROCHAG,2025-03-25,117809,1,300,0,1126.0
10109757ROCHAG_2025-03-26_G02,10109757ROCHAG,2025-03-26,111463,1,8,0,388.0
10109757ROCHAG_2025-03-26_G03,10109757ROCHAG,2025-03-26,110373,1,168,0,960.0
10109757ROCHAG_2025-03-26_G04,10109757ROCHAG,2025-03-26,111751,1,10,0,887.0
10109757ROCHAG_2025-03-26_G05,10109757ROCHAG,2025-03-26,141262,1,8,0,359.0
10109757ROCHAG_2025-03-26_G06,10109757ROCHAG,2025-03-26,111755,1,4,0,224.0
10109757ROCHAG_2025-03-26_G07,10109757ROCHAG,2025-03-26,111759,1,4,0,231.0
10109757ROCHAG_2025-03-26_G08,10109757ROCHAG,2025-03-26,111753,1,4,0,228.0
10109757ROCHAG_2025-03-26_G09,10109757ROCHAG,2025-03-26,111761,1,4,0,228.0
10109757ROCHAG_2025-03-26_G10,10109757ROCHAG,2025-03-26,111740,1,4,0,117.0
10109757ROCHAG_2025-03-26_G11,10109757ROCHAG,2025-03-26,141261,1,20,0,495.0
10109757ROCHAG_2025-03-26_G12,10109757ROCHAG,2025-03-26,118191,1,36,0,733.0
10109757ROCHAG_2025-03-26_G13,10109757ROCHAG,2025-03-26,111739,1,4,0,608.0
10109757ROCHAG_2025-03-26_G14,10109757ROCHAG,2025-03-26,111751,1,4,0,148.0
10109757ROCHAG_2025-03-26_G16,10109757ROCHAG,2025-03-26,111634,1,6,0,151.0
10109757ROCHAG_2025-03-26_G17,10109757ROCHAG,2025-03-26,111740,1,4,0,99.0
10109757ROCHAG_2025-03-26_G18,10109757ROCHAG,2025-03-26,111723,1,1,0,64.0
10109757ROCHAG_2025-03-26_G19,10109757ROCHAG,2025-03-26,118191,1,24,0,677.0
10109757ROCHAG_2025-03-26_G20,10109757ROCHAG,2025-03-26,141261,1,12,0,143.0
10109757ROCHAG_2025-03-26_G21,10109757ROCHAG,2025-03-26,111751,1,10,0,508.0
10109757ROCHAG_2025-03-26_G22,10109757ROCHAG,2025-03-26,141262,1,8,0,309.0
10109757ROCHAG_2025-03-26_G23,10109757ROCHAG,2025-03-26,111722,1,4,0,127.0
10109757ROCHAG_2025-03-26_G24,10109757ROCHAG,2025-03-26,111740,1,8,0,273.0
10109757ROCHAG_2025-03-26_G25,10109757ROCHAG,2025-03-26,111754,1,4,0,183.0
10109757ROCHAG_2025-03-26_G26,10109757ROCHAG,2025-03-26,111759,1,6,0,305.0
10109757ROCHAG_2025-03-26_G27,10109757ROCHAG,2025-03-26,141261,1,12,0,868.0
10109757ROCHAG_2025-03-26_G28,10109757ROCHAG,2025-03-26,118191,1,20,0,216.0
10109757ROCHAG_2025-03-26_G29,10109757ROCHAG,2025-03-26,111418,1,9,0,513.0
10109757ROCHAG_2025-03-26_G30,10109757ROCHAG,2025-03-26,118140,1,8,0,619.0
10109757ROCHAG_2025-03-26_G31,10109757ROCHAG,2025-03-26,111469,1,2,0,63.0
10109757ROCHAG_2025-03-26_G32,10109757ROCHAG,2025-03-26,117820,1,8,0,145.0
10109757ROCHAG_2025-03-26_G33,10109757ROCHAG,2025-03-26,118299,1,31,0,193.0
10109757ROCHAG_2025-03-26_G34,10109757ROCHAG,2025-03-26,117808,1,12,0,214.0
10109757ROCHAG_2025-03-26_G35,10109757ROCHAG,2025-03-26,117833,1,2,0,644.0
10109757ROCHAG_2025-03-26_G36,10109757ROCHAG,2025-03-26,117785,1,10,0,86.0
10109757ROCHAG_2025-03-26_G37,10109757ROCHAG,2025-03-26,108711,1,2,0,82.0
10109757ROCHAG_2025-03-26_G38,10109757ROCHAG,2025-03-26,111462,1,8,0,61.0
10109757ROCHAG_2025-03-26_G39,10109757ROCHAG,2025-03-26,117821,1,2,0,61.0
10109757ROCHAG_2025-03-26_G40,10109757ROCHAG,2025-03-26,117832,1,8,0,125.0
10109757ROCHAG_2025-03-26_G41,10109757ROCHAG,2025-03-26,110372,1,10,0,139.0
10109757ROCHAG_2025-03-26_G42,10109757ROCHAG,2025-03-26,110515,1,2,0,165.0
10109757ROCHAG_2025-03-26_G43,10109757ROCHAG,2025-03-26,111465,1,6,0,217.0
10109757ROCHAG_2025-03-26_G44,10109757ROCHAG,2025-03-26,111439,1,2,0,1388.0
10109757ROCHAG_2025-03-26_G45,10109757ROCHAG,2025-03-26,141047,1,2,0,64.0
10109757ROCHAG_2025-03-26_G47,10109757ROCHAG,2025-03-26,"109643, 117830",2,137,28,55.0
10109757ROCHAG_2025-03-26_G48,10109757ROCHAG,2025-03-26,117832,1,6,0,55.0
10109757ROCHAG_2025-03-26_G49,10109757ROCHAG,2025-03-26,111441,1,4,0,99.0
10109757ROCHAG_2025-03-26_G50,10109757ROCHAG,2025-03-26,117853,1,2,0,86.0
10109757ROCHAG_2025-03-26_G51,10109757ROCHAG,2025-03-26,111438,1,10,0,960.0
10109757ROCHAG_2025-03-26_G52,10109757ROCHAG,2025-03-26,107629,1,18,0,198.0
10109757ROCHAG_2025-03-26_G53,10109757ROCHAG,2025-03-26,110733,1,26,0,443.0
10109757ROCHAG_2025-03-26_G54,10109757ROCHAG,2025-03-26,111467,3,4,37,128.0
10109757ROCHAG_2025-03-26_G55,10109757ROCHAG,2025-03-26,108794,1,20,0,711.0
10109757ROCHAG_2025-03-27_G02,10109757ROCHAG,2025-03-27,108759,1,1,0,118.0
10109757ROCHAG_2025-03-27_G03,10109757ROCHAG,2025-03-27,108759,2,7,25,48.0
10109757ROCHAG_2025-03-27_G04,10109757ROCHAG,2025-03-27,109647,1,20,0,107.0
10109757ROCHAG_2025-03-27_G05,10109757ROCHAG,2025-03-27,109640,1,10,0,57.0
10109757ROCHAG_2025-03-27_G06,10109757ROCHAG,2025-03-27,111463,1,50,0,609.0
10109757ROCHAG_2025-03-27_G07,10109757ROCHAG,2025-03-27,110740,1,7,0,184.0
10109757ROCHAG_2025-03-27_G08,10109757ROCHAG,2025-03-27,111463,1,4,0,92.0
10109757ROCHAG_2025-03-27_G09,10109757ROCHAG,2025-03-27,111463,1,30,0,141.0
10109757ROCHAG_2025-03-27_G10,10109757ROCHAG,2025-03-27,111463,1,34,0,128.0
10109757ROCHAG_2025-03-27_G11,10109757ROCHAG,2025-03-27,111463,1,4,0,65.0
10109757ROCHAG_2025-03-27_G12,10109757ROCHAG,2025-03-27,111469,1,10,0,147.0
10109757ROCHAG_2025-03-27_G13,10109757ROCHAG,2025-03-27,111466,1,111,0,634.0
10109757ROCHAG_2025-03-27_G14,10109757ROCHAG,2025-03-27,111438,1,8,0,75.0
10109757ROCHAG_2025-03-27_G15,10109757ROCHAG,2025-03-27,111430,1,4,0,421.0
10109757ROCHAG_2025-03-27_G16,10109757ROCHAG,2025-03-27,117833,1,125,0,83.0
10109757ROCHAG_2025-03-27_G17,10109757ROCHAG,2025-03-27,109641,1,10,0,181.0
10109757ROCHAG_2025-03-27_G18,10109757ROCHAG,2025-03-27,118140,1,20,0,245.0
10109757ROCHAG_2025-03-27_G19,10109757ROCHAG,2025-03-27,111172,1,10,0,58.0
10109757ROCHAG_2025-03-27_G20,10109757ROCHAG,2025-03-27,111418,1,317,0,58.0
10109757ROCHAG_2025-03-27_G21,10109757ROCHAG,2025-03-27,111418,1,65,0,67.0
10109757ROCHAG_2025-03-27_G22,10109757ROCHAG,2025-03-27,117787,2,20,9,169.0
10109757ROCHAG_2025-03-27_G23,10109757ROCHAG,2025-03-27,117935,1,203,0,2649.0
10109757ROCHAG_2025-03-27_G24,10109757ROCHAG,2025-03-27,111602,1,500,0,127.0
10109757ROCHAG_2025-03-27_G26,10109757ROCHAG,2025-03-27,109647,1,2,0,898.0
10109757ROCHAG_2025-03-27_G27,10109757ROCHAG,2025-03-27,140922,1,20,0,1978.0
10109757ROCHAG_2025-03-27_G28,10109757ROCHAG,2025-03-27,"111469, 111443, 108711, 117787",5,46,106,32.0
10109757ROCHAG_2025-03-27_G29,10109757ROCHAG,2025-03-27,111430,1,8,0,235.0
10109757ROCHAG_2025-03-27_G30,10109757ROCHAG,2025-03-27,110325,1,20,0,246.0
10109757ROCHAG_2025-03-27_G31,10109757ROCHAG,2025-03-27,117855,1,20,0,524.0
10109757ROCHAG_2025-03-27_G32,10109757ROCHAG,2025-03-27,110841,1,13,0,623.0
10109757ROCHAG_2025-03-27_G33,10109757ROCHAG,2025-03-27,110375,1,20,0,2016.0
10109757ROCHAG_2025-03-27_G34,10109757ROCHAG,2025-03-27,117808,1,370,0,198.0
10109757ROCHAG_2025-03-27_G35,10109757ROCHAG,2025-03-27,117808,2,96,30,52.0
10109757ROCHAG_2025-03-27_G36,10109757ROCHAG,2025-03-27,117808,1,500,0,99.0
10109757ROCHAG_2025-03-27_G37,10109757ROCHAG,2025-03-27,117808,1,40,0,51.0
10109757ROCHAG_2025-03-27_G38,10109757ROCHAG,2025-03-27,140911,1,20,0,1144.0
10109757ROCHAG_2025-03-27_G39,10109757ROCHAG,2025-03-27,118299,1,249,0,924.0
10109757ROCHAG_2025-03-27_G40,10109757ROCHAG,2025-03-27,118299,1,390,0,630.0
10109757ROCHAG_2025-03-27_G42,10109757ROCHAG,2025-03-27,110339,1,7,0,33.0
10109757ROCHAG_2025-03-27_G43,10109757ROCHAG,2025-03-27,117855,1,20,0,34.0
10109757ROCHAG_2025-03-27_G44,10109757ROCHAG,2025-03-27,111467,3,8,39,35.0
10109757ROCHAG_2025-03-28_G02,10109757ROCHAG,2025-03-28,118253,1,8,0,451.0
10109757ROCHAG_2025-03-28_G03,10109757ROCHAG,2025-03-28,118094,1,15,0,165.0
10109757ROCHAG_2025-03-28_G04,10109757ROCHAG,2025-03-28,141047,1,11,0,101.0
10109757ROCHAG_2025-03-28_G05,10109757ROCHAG,2025-03-28,117856,1,24,0,627.0
10109757ROCHAG_2025-03-28_G06,10109757ROCHAG,2025-03-28,110740,1,30,0,324.0
10109757ROCHAG_2025-03-28_G07,10109757ROCHAG,2025-03-28,110740,1,10,0,318.0
10109757ROCHAG_2025-03-28_G08,10109757ROCHAG,2025-03-28,118290,1,7,0,120.0
10109757ROCHAG_2025-03-28_G09,10109757ROCHAG,2025-03-28,100334,1,1,0,45.0
10109757ROCHAG_2025-03-28_G10,10109757ROCHAG,2025-03-28,111439,1,16,0,160.0
10109757ROCHAG_2025-03-28_G11,10109757ROCHAG,2025-03-28,111467,1,12,0,280.0
10109757ROCHAG_2025-03-28_G12,10109757ROCHAG,2025-03-28,117809,1,40,0,368.0
10109757ROCHAG_2025-03-28_G13,10109757ROCHAG,2025-03-28,118299,1,30,0,177.0
10109757ROCHAG_2025-03-28_G14,10109757ROCHAG,2025-03-28,118290,1,4,0,147.0
10109757ROCHAG_2025-03-28_G15,10109757ROCHAG,2025-03-28,118306,1,4,0,67.0
10109757ROCHAG_2025-03-28_G16,10109757ROCHAG,2025-03-28,118250,1,8,0,288.0
10109757ROCHAG_2025-03-28_G17,10109757ROCHAG,2025-03-28,"110682, 111569",2,8,24,31.0
10109757ROCHAG_2025-03-28_G18,10109757ROCHAG,2025-03-28,"160057, 117836, 110623",3,8,53,77.0
10109757ROCHAG_2025-03-28_G19,10109757ROCHAG,2025-03-28,114091,1,2,0,1032.0
10109757ROCHAG_2025-03-28_G20,10109757ROCHAG,2025-03-28,110371,1,30,0,214.0
10109757ROCHAG_2025-03-28_G21,10109757ROCHAG,2025-03-28,111182,1,4,0,136.0
10109757ROCHAG_2025-03-28_G22,10109757ROCHAG,2025-03-28,111443,1,6,0,125.0
10109757ROCHAG_2025-03-28_G23,10109757ROCHAG,2025-03-28,109641,1,6,0,503.0
10109757ROCHAG_2025-03-28_G24,10109757ROCHAG,2025-03-28,117808,1,50,0,790.0
10109757ROCHAG_2025-03-28_G25,10109757ROCHAG,2025-03-28,117820,1,20,0,182.0
10109757ROCHAG_2025-03-28_G26,10109757ROCHAG,2025-03-28,117840,1,6,0,108.0
10109757ROCHAG_2025-03-28_G27,10109757ROCHAG,2025-03-28,117832,1,10,0,110.0
10109757ROCHAG_2025-03-28_G28,10109757ROCHAG,2025-03-28,110373,1,50,0,260.0
10109757ROCHAG_2025-03-28_G29,10109757ROCHAG,2025-03-28,111418,1,10,0,531.0
10109757ROCHAG_2025-03-28_G30,10109757ROCHAG,2025-03-28,110745,1,15,0,287.0
10109757ROCHAG_2025-03-28_G31,10109757ROCHAG,2025-03-28,118317,1,7,0,56.0
10109757ROCHAG_2025-03-28_G32,10109757ROCHAG,2025-03-28,117831,1,10,0,42.0
10109757ROCHAG_2025-03-28_G33,10109757ROCHAG,2025-03-28,110787,1,10,0,32.0
10109757ROCHAG_2025-03-28_G34,10109757ROCHAG,2025-03-28,111433,1,5,0,33.0
10109757ROCHAG_2025-03-28_G35,10109757ROCHAG,2025-03-28,117785,1,10,0,44.0
10109757ROCHAG_2025-03-28_G36,10109757ROCHAG,2025-03-28,160051,1,3,0,76.0
10109757ROCHAG_2025-03-28_G37,10109757ROCHAG,2025-03-28,110372,1,60,0,489.0
10109757ROCHAG_2025-03-28_G38,10109757ROCHAG,2025-03-28,111469,1,20,0,448.0
10109757ROCHAG_2025-03-28_G39,10109757ROCHAG,2025-03-28,111469,1,20,0,477.0
10109757ROCHAG_2025-03-28_G41,10109757ROCHAG,2025-03-28,117809,1,3,0,114.0
10109757ROCHAG_2025-03-28_G42,10109757ROCHAG,2025-03-28,111443,1,3,0,113.0
10109757ROCHAG_2025-03-28_G43,10109757ROCHAG,2025-03-28,109641,1,3,0,170.0
10109757ROCHAG_2025-03-28_G44,10109757ROCHAG,2025-03-28,117820,1,2,0,55.0
10109757ROCHAG_2025-03-28_G45,10109757ROCHAG,2025-03-28,110373,1,8,0,126.0
10109757ROCHAG_2025-03-28_G46,10109757ROCHAG,2025-03-28,110372,1,11,0,89.0
10109757ROCHAG_2025-03-28_G47,10109757ROCHAG,2025-03-28,111418,1,3,0,102.0
10109757ROCHAG_2025-03-28_G48,10109757ROCHAG,2025-03-28,111469,2,9,26,92.0
10109757ROCHAG_2025-03-28_G49,10109757ROCHAG,2025-03-28,111469,1,11,0,70.0
10109757ROCHAG_2025-03-28_G50,10109757ROCHAG,2025-03-28,141262,1,11,0,580.0
10109757ROCHAG_2025-03-28_G51,10109757ROCHAG,2025-03-28,117853,1,4,0,202.0
10109757ROCHAG_2025-03-28_G52,10109757ROCHAG,2025-03-28,110339,1,4,0,211.0
10109757ROCHAG_2025-03-28_G53,10109757ROCHAG,2025-03-28,117856,1,2,0,71.0
10109757ROCHAG_2025-03-28_G54,10109757ROCHAG,2025-03-28,110747,1,4,0,92.0
10109757ROCHAG_2025-03-28_G55,10109757ROCHAG,2025-03-28,110325,1,16,0,316.0
10109757ROCHAG_2025-03-28_G56,10109757ROCHAG,2025-03-28,118299,1,20,0,536.0
10109757ROCHAG_2025-03-28_G57,10109757ROCHAG,2025-03-28,111466,1,20,0,152.0
10109757ROCHAG_2025-03-28_G58,10109757ROCHAG,2025-03-28,111441,1,8,0,120.0
10109757ROCHAG_2025-03-28_G59,10109757ROCHAG,2025-03-28,118403,1,2,0,106.0
10109757ROCHAG_2025-03-28_G60,10109757ROCHAG,2025-03-28,111650,1,2,0,50.0
10109757ROCHAG_2025-03-28_G61,10109757ROCHAG,2025-03-28,111439,1,4,0,117.0
10109757ROCHAG_2025-03-28_G62,10109757ROCHAG,2025-03-28,117855,1,4,0,66.0
10109757ROCHAG_2025-03-28_G63,10109757ROCHAG,2025-03-28,110371,1,20,0,542.0
10109757ROCHAG_2025-03-28_G64,10109757ROCHAG,2025-03-28,117820,1,20,0,566.0
10109757ROCHAG_2025-03-28_G65,10109757ROCHAG,2025-03-28,111532,1,4,0,134.0
10109757ROCHAG_2025-03-28_G66,10109757ROCHAG,2025-03-28,117832,1,12,0,360.0
10109757ROCHAG_2025-03-28_G67,10109757ROCHAG,2025-03-28,110373,1,20,0,128.0
10109757ROCHAG_2025-03-28_G68,10109757ROCHAG,2025-03-28,110373,1,50,0,281.0
10109757ROCHAG_2025-03-28_G69,10109757ROCHAG,2025-03-28,110372,1,20,0,261.0
10109757ROCHAG_2025-03-28_G70,10109757ROCHAG,2025-03-28,109747,1,4,0,97.0
10109757ROCHAG_2025-03-28_G71,10109757ROCHAG,2025-03-28,110374,1,20,0,678.0
10109757ROCHAG_2025-03-28_G72,10109757ROCHAG,2025-03-28,110711,1,2,0,196.0
10109757ROCHAG_2025-03-28_G73,10109757ROCHAG,2025-03-28,117808,1,50,0,688.0
10109757ROCHAG_2025-03-28_G74,10109757ROCHAG,2025-03-28,117289,1,4,0,109.0
10109757ROCHAG_2025-03-28_G75,10109757ROCHAG,2025-03-28,109647,1,8,0,235.0
10109757ROCHAG_2025-03-29_G02,10109757ROCHAG,2025-03-29,109471,1,2,0,132.0
10109757ROCHAG_2025-03-29_G03,10109757ROCHAG,2025-03-29,111442,1,10,0,385.0
10109757ROCHAG_2025-03-29_G04,10109757ROCHAG,2025-03-29,118317,1,5,0,95.0
10109757ROCHAG_2025-03-29_G05,10109757ROCHAG,2025-03-29,111418,1,60,0,1151.0
10109757ROCHAG_2025-03-29_G06,10109757ROCHAG,2025-03-29,118250,1,6,0,352.0
10109757ROCHAG_2025-03-29_G07,10109757ROCHAG,2025-03-29,118299,1,960,0,2366.0
10109757ROCHAG_2025-03-29_G08,10109757ROCHAG,2025-03-29,109640,1,50,0,728.0
10109757ROCHAG_2025-03-29_G09,10109757ROCHAG,2025-03-29,100334,1,6,0,279.0
10109757ROCHAG_2025-03-29_G11,10109757ROCHAG,2025-03-29,118140,1,10,0,137.0
10109757ROCHAG_2025-03-29_G12,10109757ROCHAG,2025-03-29,118140,1,60,0,561.0
10109757ROCHAG_2025-03-29_G13,10109757ROCHAG,2025-03-29,111466,1,10,0,110.0
10109757ROCHAG_2025-03-29_G14,10109757ROCHAG,2025-03-29,111466,1,5,0,33.0
10109757ROCHAG_2025-03-29_G15,10109757ROCHAG,2025-03-29,111466,1,35,0,430.0
10109757ROCHAG_2025-03-29_G16,10109757ROCHAG,2025-03-29,111466,1,10,0,74.0
10109757ROCHAG_2025-03-29_G17,10109757ROCHAG,2025-03-29,111466,1,15,0,101.0
10109757ROCHAG_2025-03-29_G18,10109757ROCHAG,2025-03-29,110325,1,15,0,440.0
10109757ROCHAG_2025-03-29_G19,10109757ROCHAG,2025-03-29,117822,1,1,0,43.0
10109757ROCHAG_2025-03-29_G20,10109757ROCHAG,2025-03-29,117822,1,8,0,62.0
10109757ROCHAG_2025-03-29_G21,10109757ROCHAG,2025-03-29,109643,1,4,0,108.0
10109757ROCHAG_2025-03-29_G22,10109757ROCHAG,2025-03-29,109643,5,16,42,69.0
10109757ROCHAG_2025-03-29_G23,10109757ROCHAG,2025-03-29,109643,2,18,10,43.0
10109757ROCHAG_2025-03-29_G24,10109757ROCHAG,2025-03-29,111532,1,30,0,755.0
10109757ROCHAG_2025-03-29_G25,10109757ROCHAG,2025-03-29,111468,1,15,0,160.0
10109757ROCHAG_2025-03-29_G26,10109757ROCHAG,2025-03-29,111172,1,30,0,383.0
10109757ROCHAG_2025-03-29_G27,10109757ROCHAG,2025-03-29,109645,1,10,0,342.0
10109757ROCHAG_2025-03-29_G28,10109757ROCHAG,2025-03-29,110743,1,2,0,72.0
10109757ROCHAG_2025-03-29_G29,10109757ROCHAG,2025-03-29,110743,1,4,0,41.0
10109757ROCHAG_2025-03-29_G30,10109757ROCHAG,2025-03-29,111418,1,10,0,139.0
10109757ROCHAG_2025-03-29_G31,10109757ROCHAG,2025-03-29,111418,1,8,0,67.0
10109757ROCHAG_2025-03-29_G32,10109757ROCHAG,2025-03-29,117838,1,8,0,88.0
10109757ROCHAG_2025-03-29_G33,10109757ROCHAG,2025-03-29,111462,1,30,0,322.0
10109757ROCHAG_2025-03-29_G34,10109757ROCHAG,2025-03-29,111469,1,10,0,121.0
10109757ROCHAG_2025-03-29_G35,10109757ROCHAG,2025-03-29,111469,2,17,9,396.0
10109757ROCHAG_2025-03-29_G36,10109757ROCHAG,2025-03-29,110745,1,1,0,65.0
10109757ROCHAG_2025-03-29_G37,10109757ROCHAG,2025-03-29,110745,1,4,0,64.0
10109757ROCHAG_2025-03-29_G38,10109757ROCHAG,2025-03-29,110748,1,4,0,63.0
10109757ROCHAG_2025-03-29_G39,10109757ROCHAG,2025-03-29,109647,1,8,0,120.0
10109757ROCHAG_2025-03-29_G40,10109757ROCHAG,2025-03-29,109640,1,4,0,133.0
10109757ROCHAG_2025-03-29_G41,10109757ROCHAG,2025-03-29,109640,1,5,0,57.0
10109757ROCHAG_2025-03-29_G42,10109757ROCHAG,2025-03-29,109640,1,11,0,82.0
10109757ROCHAG_2025-03-29_G43,10109757ROCHAG,2025-03-29,110740,1,17,0,253.0
10109757ROCHAG_2025-03-29_G44,10109757ROCHAG,2025-03-29,111182,1,8,0,250.0
10109757ROCHAG_2025-03-29_G45,10109757ROCHAG,2025-03-29,111418,1,10,0,148.0
10109757ROCHAG_2025-03-29_G46,10109757ROCHAG,2025-03-29,111418,1,61,0,297.0
10109757ROCHAG_2025-03-29_G47,10109757ROCHAG,2025-03-29,117787,1,6,0,192.0
10109757ROCHAG_2025-03-29_G48,10109757ROCHAG,2025-03-29,110711,1,3,0,112.0
10109757ROCHAG_2025-03-29_G49,10109757ROCHAG,2025-03-29,110711,2,17,9,212.0
10109757ROCHAG_2025-03-29_G50,10109757ROCHAG,2025-03-29,117856,3,32,17,580.0
10109757ROCHAG_2025-03-29_G51,10109757ROCHAG,2025-03-29,110733,1,19,0,153.0
10109757ROCHAG_2025-03-29_G52,10109757ROCHAG,2025-03-29,117855,1,12,0,108.0
10109757ROCHAG_2025-03-29_G53,10109757ROCHAG,2025-03-29,117855,3,31,19,427.0
10109757ROCHAG_2025-03-29_G54,10109757ROCHAG,2025-03-29,111602,1,25,0,419.0
10109757ROCHAG_2025-03-29_G55,10109757ROCHAG,2025-03-29,110515,1,16,0,656.0
10109757ROCHAG_2025-03-29_G56,10109757ROCHAG,2025-03-29,"117821, 117785",2,24,19,447.0
10109757ROCHAG_2025-03-29_G57,10109757ROCHAG,2025-03-29,117785,1,61,0,51.0
10109757ROCHAG_2025-03-29_G58,10109757ROCHAG,2025-03-29,111465,1,20,0,517.0
10109757ROCHAG_2025-03-30_G02,10109757ROCHAG,2025-03-30,110371,1,6,0,164.0
10109757ROCHAG_2025-03-30_G03,10109757ROCHAG,2025-03-30,110374,1,8,0,430.0
10109757ROCHAG_2025-03-30_G04,10109757ROCHAG,2025-03-30,117862,1,3,0,1212.0
10109757ROCHAG_2025-03-30_G05,10109757ROCHAG,2025-03-30,111876,1,4,0,273.0
10109757ROCHAG_2025-03-30_G06,10109757ROCHAG,2025-03-30,117786,1,2,0,151.0
10109757ROCHAG_2025-03-30_G07,10109757ROCHAG,2025-03-30,117838,1,2,0,138.0
10109757ROCHAG_2025-03-30_G08,10109757ROCHAG,2025-03-30,117830,1,1,0,164.0
10109757ROCHAG_2025-03-31_G02,10109757ROCHAG,2025-03-31,111469,1,8,0,136.0
10109757ROCHAG_2025-03-31_G03,10109757ROCHAG,2025-03-31,160054,1,10,0,266.0
10109757ROCHAG_2025-03-31_G04,10109757ROCHAG,2025-03-31,160051,1,3,0,110.0
10109757ROCHAG_2025-03-31_G05,10109757ROCHAG,2025-03-31,117831,1,8,0,140.0
10109757ROCHAG_2025-03-31_G06,10109757ROCHAG,2025-03-31,160055,1,9,0,181.0
10109757ROCHAG_2025-03-31_G07,10109757ROCHAG,2025-03-31,118094,1,4,0,684.0
10109757ROCHAG_2025-03-31_G08,10109757ROCHAG,2025-03-31,117862,1,2,0,84.0
10109757ROCHAG_2025-03-31_G09,10109757ROCHAG,2025-03-31,117856,1,3,0,277.0
10109757ROCHAG_2025-03-31_G10,10109757ROCHAG,2025-03-31,111876,1,2,0,84.0
10109757ROCHAG_2025-03-31_G11,10109757ROCHAG,2025-03-31,111172,1,8,0,111.0
10109757ROCHAG_2025-03-31_G12,10109757ROCHAG,2025-03-31,111469,1,16,0,566.0
10109757ROCHAG_2025-03-31_G13,10109757ROCHAG,2025-03-31,110745,1,2,0,51.0
10109757ROCHAG_2025-03-31_G14,10109757ROCHAG,2025-03-31,111468,1,9,0,185.0
10109757ROCHAG_2025-03-31_G15,10109757ROCHAG,2025-03-31,110375,1,1,0,114.0
10109757ROCHAG_2025-03-31_G16,10109757ROCHAG,2025-03-31,117862,1,7,0,242.0
10109757ROCHAG_2025-03-31_G17,10109757ROCHAG,2025-03-31,117935,1,4,0,158.0
10109757ROCHAG_2025-03-31_G18,10109757ROCHAG,2025-03-31,110753,1,4,0,871.0
10109757ROCHAG_2025-03-31_G19,10109757ROCHAG,2025-03-31,110753,1,8,0,74.0
10109757ROCHAG_2025-03-31_G20,10109757ROCHAG,2025-03-31,100334,1,2,0,472.0
10109757ROCHAG_2025-03-31_G21,10109757ROCHAG,2025-03-31,111469,1,2,0,204.0
10109757ROCHAG_2025-03-31_G22,10109757ROCHAG,2025-03-31,111530,1,2,0,101.0
10109757ROCHAG_2025-03-31_G23,10109757ROCHAG,2025-03-31,117862,1,2,0,176.0
10109757ROCHAG_2025-03-31_G24,10109757ROCHAG,2025-03-31,111466,1,6,0,95.0
10109757ROCHAG_2025-03-31_G25,10109757ROCHAG,2025-03-31,117786,1,2,0,187.0
10109757ROCHAG_2025-03-31_G26,10109757ROCHAG,2025-03-31,110371,1,4,0,77.0
10109757ROCHAG_2025-03-31_G27,10109757ROCHAG,2025-03-31,117830,1,4,0,329.0
10109757ROCHAG_2025-03-31_G28,10109757ROCHAG,2025-03-31,117820,1,2,0,66.0
10109757ROCHAG_2025-03-31_G29,10109757ROCHAG,2025-03-31,111530,1,8,0,222.0
10109757ROCHAG_2025-03-31_G30,10109757ROCHAG,2025-03-31,117838,1,4,0,102.0
10109757ROCHAG_2025-03-31_G31,10109757ROCHAG,2025-03-31,111469,1,6,0,69.0
10109757ROCHAG_2025-03-31_G32,10109757ROCHAG,2025-03-31,117836,1,1,0,244.0
10109757ROCHAG_2025-03-31_G34,10109757ROCHAG,2025-03-31,111530,1,7,0,231.0
10109757ROCHAG_2025-03-31_G35,10109757ROCHAG,2025-03-31,111469,1,5,0,135.0
10109757ROCHAG_2025-03-31_G36,10109757ROCHAG,2025-03-31,110371,1,2,0,135.0
10109757ROCHAG_2025-03-31_G37,10109757ROCHAG,2025-03-31,117830,1,7,0,112.0
10109757ROCHAG_2025-03-31_G38,10109757ROCHAG,2025-03-31,117786,1,4,0,146.0
10109757ROCHAG_2025-03-31_G39,10109757ROCHAG,2025-03-31,118298,1,4,0,1035.0
10109757ROCHAG_2025-03-31_G40,10109757ROCHAG,2025-03-31,117856,1,1,0,100.0
10109757ROCHAG_2025-03-31_G41,10109757ROCHAG,2025-03-31,111850,1,6,0,79.0
10109757ROCHAG_2025-03-31_G42,10109757ROCHAG,2025-03-31,118403,1,4,0,123.0
10109757ROCHAG_2025-03-31_G43,10109757ROCHAG,2025-03-31,111348,1,7,0,160.0
10109757ROCHAG_2025-03-31_G44,10109757ROCHAG,2025-03-31,117830,1,10,0,115.0
10109757ROCHAG_2025-03-31_G45,10109757ROCHAG,2025-03-31,108711,1,1,0,113.0
10109757ROCHAG_2025-03-31_G46,10109757ROCHAG,2025-03-31,111469,1,6,0,75.0
10109757ROCHAG_2025-03-31_G47,10109757ROCHAG,2025-03-31,117836,1,1,0,116.0
10109757ROCHAG_2025-03-31_G48,10109757ROCHAG,2025-03-31,111348,1,4,0,636.0
10109757ROCHAG_2025-03-31_G49,10109757ROCHAG,2025-03-31,117832,1,8,0,173.0
10109757ROCHAG_2025-03-31_G50,10109757ROCHAG,2025-03-31,160055,1,4,0,209.0
10109757ROCHAG_2025-03-31_G51,10109757ROCHAG,2025-03-31,109647,1,2,0,508.0
10109757ROCHAG_2025-03-31_G52,10109757ROCHAG,2025-03-31,109640,1,2,0,58.0
10109757ROCHAG_2025-03-31_G53,10109757ROCHAG,2025-03-31,111172,1,4,0,99.0
10109757ROCHAG_2025-03-31_G54,10109757ROCHAG,2025-03-31,117808,1,50,0,723.0
10109757ROCHAG_2025-03-31_G55,10109757ROCHAG,2025-03-31,111418,1,41,0,293.0
10109757ROCHAG_2025-03-31_G56,10109757ROCHAG,2025-03-31,118299,1,59,0,279.0
10109757ROCHAG_2025-03-31_G57,10109757ROCHAG,2025-03-31,110373,1,20,0,190.0
10109757ROCHAG_2025-03-31_G58,10109757ROCHAG,2025-03-31,110375,1,4,0,45.0
10109757ROCHAG_2025-03-31_G59,10109757ROCHAG,2025-03-31,117820,1,40,0,157.0
10109757ROCHAG_2025-04-01_G02,10109757ROCHAG,2025-04-01,111438,1,35,0,235.0
10109757ROCHAG_2025-04-01_G03,10109757ROCHAG,2025-04-01,111438,1,490,0,3586.0
10109757ROCHAG_2025-04-01_G05,10109757ROCHAG,2025-04-01,110313,1,32,0,546.0
10109757ROCHAG_2025-04-01_G06,10109757ROCHAG,2025-04-01,118403,1,23,0,276.0
10109757ROCHAG_2025-04-01_G07,10109757ROCHAG,2025-04-01,117855,1,68,0,1631.0
10109757ROCHAG_2025-04-01_G08,10109757ROCHAG,2025-04-01,110372,1,20,0,298.0
10109757ROCHAG_2025-04-02_G02,10109757ROCHAG,2025-04-02,111447,1,10,0,322.0
10109757ROCHAG_2025-04-02_G03,10109757ROCHAG,2025-04-02,111330,1,85,0,1346.0
10109757ROCHAG_2025-04-02_G04,10109757ROCHAG,2025-04-02,111172,1,11,0,263.0
10109757ROCHAG_2025-04-02_G05,10109757ROCHAG,2025-04-02,111443,1,8,0,194.0
10109757ROCHAG_2025-04-02_G06,10109757ROCHAG,2025-04-02,111330,1,16,0,168.0
10109757ROCHAG_2025-04-02_G08,10109757ROCHAG,2025-04-02,111418,1,60,0,285.0
10109757ROCHAG_2025-04-02_G10,10109757ROCHAG,2025-04-02,111466,1,426,0,1706.0
10109757ROCHAG_2025-04-02_G11,10109757ROCHAG,2025-04-02,110711,1,50,0,394.0
10109757ROCHAG_2025-04-03_G02,10109757ROCHAG,2025-04-03,111438,1,413,0,3192.0
10109757ROCHAG_2025-04-03_G03,10109757ROCHAG,2025-04-03,111418,1,90,0,362.0
10109757ROCHAG_2025-04-03_G04,10109757ROCHAG,2025-04-03,118222,1,30,0,617.0
10109757ROCHAG_2025-04-08_G02,10109757ROCHAG,2025-04-08,111438,1,5,0,268.0
10109757ROCHAG_2025-04-09_G02,10109757ROCHAG,2025-04-09,141047,1,16,0,988.0
10109757ROCHAG_2025-04-09_G03,10109757ROCHAG,2025-04-09,117862,1,42,0,80.0
10109757ROCHAG_2025-04-09_G04,10109757ROCHAG,2025-04-09,110733,1,20,0,417.0
10109757ROCHAG_2025-04-09_G05,10109757ROCHAG,2025-04-09,110582,1,6,0,252.0
10109757ROCHAG_2025-04-09_G06,10109757ROCHAG,2025-04-09,111441,1,1,0,36.0
10109757ROCHAG_2025-04-09_G07,10109757ROCHAG,2025-04-09,110747,1,12,0,145.0
10109757ROCHAG_2025-04-09_G08,10109757ROCHAG,2025-04-09,118299,1,160,0,686.0
10109757ROCHAG_2025-04-09_G09,10109757ROCHAG,2025-04-09,110742,1,16,0,275.0
10109757ROCHAG_2025-04-09_G10,10109757ROCHAG,2025-04-09,111850,1,1,0,82.0
10109757ROCHAG_2025-04-09_G11,10109757ROCHAG,2025-04-09,118222,1,35,0,542.0
10109757ROCHAG_2025-04-09_G12,10109757ROCHAG,2025-04-09,118283,1,2,0,137.0
10109757ROCHAG_2025-04-09_G13,10109757ROCHAG,2025-04-09,111650,1,6,0,723.0
10109757ROCHAG_2025-04-09_G14,10109757ROCHAG,2025-04-09,117855,1,38,0,374.0
10109757ROCHAG_2025-04-09_G15,10109757ROCHAG,2025-04-09,110752,1,2,0,87.0
10109757ROCHAG_2025-04-09_G16,10109757ROCHAG,2025-04-09,109643,1,48,0,894.0
10109757ROCHAG_2025-04-09_G17,10109757ROCHAG,2025-04-09,107830,1,4,0,69.0
10109757ROCHAG_2025-04-09_G18,10109757ROCHAG,2025-04-09,107830,2,26,11,153.0
10109757ROCHAG_2025-04-09_G20,10109757ROCHAG,2025-04-09,117861,1,16,0,413.0
10109757ROCHAG_2025-04-09_G21,10109757ROCHAG,2025-04-09,117830,1,40,0,559.0
10109757ROCHAG_2025-04-09_G22,10109757ROCHAG,2025-04-09,117820,1,100,0,162.0
10109757ROCHAG_2025-04-09_G23,10109757ROCHAG,2025-04-09,117832,1,50,0,1094.0
10109757ROCHAG_2025-04-09_G24,10109757ROCHAG,2025-04-09,110373,1,150,0,1784.0
10109757ROCHAG_2025-04-09_G25,10109757ROCHAG,2025-04-09,110374,1,100,0,408.0
10109757ROCHAG_2025-04-09_G26,10109757ROCHAG,2025-04-09,"110373, 110372",2,186,17,1160.0
10109757ROCHAG_2025-04-09_G27,10109757ROCHAG,2025-04-09,110743,1,12,0,1080.0
10109757ROCHAG_2025-04-09_G28,10109757ROCHAG,2025-04-09,111469,1,28,0,284.0
10109757ROCHAG_2025-04-09_G29,10109757ROCHAG,2025-04-09,111433,1,6,0,336.0
10109757ROCHAG_2025-04-09_G30,10109757ROCHAG,2025-04-09,118004,1,30,0,540.0
10109757ROCHAG_2025-04-09_G31,10109757ROCHAG,2025-04-09,111418,1,200,0,371.0
10109757ROCHAG_2025-04-09_G32,10109757ROCHAG,2025-04-09,111466,1,80,0,471.0
10109757ROCHAG_2025-04-10_G02,10109757ROCHAG,2025-04-10,111437,1,50,0,1060.0
10109757ROCHAG_2025-04-10_G03,10109757ROCHAG,2025-04-10,111439,1,38,0,851.0
10109757ROCHAG_2025-04-10_G04,10109757ROCHAG,2025-04-10,117787,1,94,0,210.0
10109757ROCHAG_2025-04-10_G05,10109757ROCHAG,2025-04-10,110745,1,70,0,354.0
10109757ROCHAG_2025-04-10_G06,10109757ROCHAG,2025-04-10,110325,1,50,0,1106.0
10109757ROCHAG_2025-04-10_G07,10109757ROCHAG,2025-04-10,117861,1,80,0,1953.0
10109757ROCHAG_2025-04-10_G10,10109757ROCHAG,2025-04-10,110711,1,3,0,196.0
10109757ROCHAG_2025-04-10_G11,10109757ROCHAG,2025-04-10,118222,1,4,0,173.0
10109757ROCHAG_2025-04-10_G12,10109757ROCHAG,2025-04-10,110740,1,4,0,118.0
10109757ROCHAG_2025-04-10_G13,10109757ROCHAG,2025-04-10,111418,1,2,0,92.0
10109757ROCHAG_2025-04-10_G14,10109757ROCHAG,2025-04-10,109641,1,4,0,132.0
10109757ROCHAG_2025-04-10_G15,10109757ROCHAG,2025-04-10,110752,1,2,0,78.0
10109757ROCHAG_2025-04-10_G16,10109757ROCHAG,2025-04-10,111569,1,4,0,134.0
10109757ROCHAG_2025-04-10_G17,10109757ROCHAG,2025-04-10,111441,1,4,0,343.0
10109757ROCHAG_2025-04-10_G18,10109757ROCHAG,2025-04-10,111441,1,4,0,210.0
10109757ROCHAG_2025-04-10_G19,10109757ROCHAG,2025-04-10,117834,1,2,0,78.0
10109757ROCHAG_2025-04-10_G20,10109757ROCHAG,2025-04-10,111850,1,1,0,40.0
10109757ROCHAG_2025-04-10_G21,10109757ROCHAG,2025-04-10,110755,1,2,0,44.0
10109757ROCHAG_2025-04-10_G22,10109757ROCHAG,2025-04-10,141047,1,2,0,76.0
10109757ROCHAG_2025-04-10_G23,10109757ROCHAG,2025-04-10,110740,1,2,0,56.0
10109757ROCHAG_2025-04-11_G02,10109757ROCHAG,2025-04-11,110372,1,10,0,72.0
10109757ROCHAG_2025-04-11_G03,10109757ROCHAG,2025-04-11,118299,1,4,0,153.0
10109757ROCHAG_2025-04-11_G04,10109757ROCHAG,2025-04-11,111462,1,2,0,65.0
10109757ROCHAG_2025-04-11_G05,10109757ROCHAG,2025-04-11,111418,1,3,0,1618.0
10109757ROCHAG_2025-04-11_G06,10109757ROCHAG,2025-04-11,109645,1,2,0,113.0
10109757ROCHAG_2025-04-11_G07,10109757ROCHAG,2025-04-11,110752,1,2,0,95.0
10109757ROCHAG_2025-04-11_G08,10109757ROCHAG,2025-04-11,110752,1,5,0,80.0
10109757ROCHAG_2025-04-11_G09,10109757ROCHAG,2025-04-11,111602,1,4,0,97.0
10109757ROCHAG_2025-04-11_G10,10109757ROCHAG,2025-04-11,111569,1,4,0,1192.0
10109757ROCHAG_2025-04-11_G11,10109757ROCHAG,2025-04-11,111569,1,4,0,55.0
10109757ROCHAG_2025-04-11_G12,10109757ROCHAG,2025-04-11,110515,1,2,0,50.0
10109757ROCHAG_2025-04-11_G13,10109757ROCHAG,2025-04-11,110711,1,3,0,131.0
10109757ROCHAG_2025-04-11_G14,10109757ROCHAG,2025-04-11,111442,1,23,0,212.0
10109757ROCHAG_2025-04-11_G15,10109757ROCHAG,2025-04-11,118223,1,1,0,36.0
10109757ROCHAG_2025-04-11_G16,10109757ROCHAG,2025-04-11,"110787, 117821",2,11,30,183.0
10109757ROCHAG_2025-04-11_G17,10109757ROCHAG,2025-04-11,111465,2,3,22,50.0
10109757ROCHAG_2025-04-11_G18,10109757ROCHAG,2025-04-11,111418,1,3,0,139.0
10109757ROCHAG_2025-04-11_G19,10109757ROCHAG,2025-04-11,118140,1,7,0,80.0
10109757ROCHAG_2025-04-11_G20,10109757ROCHAG,2025-04-11,118004,1,3,0,50.0
10109757ROCHAG_2025-04-11_G21,10109757ROCHAG,2025-04-11,111468,1,2,0,60.0
10109757ROCHAG_2025-04-11_G22,10109757ROCHAG,2025-04-11,111466,1,4,0,113.0
10109757ROCHAG_2025-04-11_G23,10109757ROCHAG,2025-04-11,116241,1,4,0,264.0
10109757ROCHAG_2025-04-11_G24,10109757ROCHAG,2025-04-11,111463,1,5,0,80.0
10109757ROCHAG_2025-04-11_G25,10109757ROCHAG,2025-04-11,141313,1,4,0,307.0
10109757ROCHAG_2025-04-11_G26,10109757ROCHAG,2025-04-11,117862,1,2,0,383.0
10109757ROCHAG_2025-04-11_G27,10109757ROCHAG,2025-04-11,107629,1,1,0,263.0
10109757ROCHAG_2025-04-11_G28,10109757ROCHAG,2025-04-11,118140,1,5,0,97.0
10109757ROCHAG_2025-04-11_G29,10109757ROCHAG,2025-04-11,111463,1,3,0,252.0
10109757ROCHAG_2025-04-11_G30,10109757ROCHAG,2025-04-11,116241,1,4,0,67.0
10109757ROCHAG_2025-04-11_G31,10109757ROCHAG,2025-04-11,111467,1,4,0,98.0
10109757ROCHAG_2025-04-11_G32,10109757ROCHAG,2025-04-11,117861,1,4,0,75.0
10109757ROCHAG_2025-04-11_G33,10109757ROCHAG,2025-04-11,117786,1,1,0,35.0
10109757ROCHAG_2025-04-11_G34,10109757ROCHAG,2025-04-11,117832,1,1,0,212.0
10109757ROCHAG_2025-04-11_G35,10109757ROCHAG,2025-04-11,109643,1,1,0,144.0
10109757ROCHAG_2025-04-11_G36,10109757ROCHAG,2025-04-11,117289,1,1,0,329.0
10109757ROCHAG_2025-04-11_G38,10109757ROCHAG,2025-04-11,111441,1,4,0,138.0
10109757ROCHAG_2025-04-11_G39,10109757ROCHAG,2025-04-11,117834,1,2,0,80.0
10109757ROCHAG_2025-04-11_G40,10109757ROCHAG,2025-04-11,110755,1,4,0,177.0
10109757ROCHAG_2025-04-11_G41,10109757ROCHAG,2025-04-11,110755,1,2,0,61.0
10109757ROCHAG_2025-04-11_G42,10109757ROCHAG,2025-04-11,111418,1,8,0,132.0
10109757ROCHAG_2025-04-11_G43,10109757ROCHAG,2025-04-11,111418,1,3,0,31.0
10109757ROCHAG_2025-04-11_G44,10109757ROCHAG,2025-04-11,118140,1,7,0,76.0
10109757ROCHAG_2025-04-11_G45,10109757ROCHAG,2025-04-11,118004,1,5,0,63.0
10109757ROCHAG_2025-04-11_G46,10109757ROCHAG,2025-04-11,140922,1,2,0,56.0
10109757ROCHAG_2025-04-11_G47,10109757ROCHAG,2025-04-11,111463,1,5,0,49.0
10109757ROCHAG_2025-04-11_G48,10109757ROCHAG,2025-04-11,111466,1,5,0,57.0
10109757ROCHAG_2025-04-11_G49,10109757ROCHAG,2025-04-11,111743,1,1,0,39.0
10109757ROCHAG_2025-04-11_G50,10109757ROCHAG,2025-04-11,107629,1,2,0,73.0
10109757ROCHAG_2025-04-11_G51,10109757ROCHAG,2025-04-11,117855,1,2,0,90.0
10109757ROCHAG_2025-04-11_G52,10109757ROCHAG,2025-04-11,109645,1,2,0,943.0
10109757ROCHAG_2025-04-11_G53,10109757ROCHAG,2025-04-11,110752,1,5,0,112.0
10109757ROCHAG_2025-04-11_G54,10109757ROCHAG,2025-04-11,111602,1,4,0,98.0
10109757ROCHAG_2025-04-11_G55,10109757ROCHAG,2025-04-11,108794,1,2,0,82.0
10109757ROCHAG_2025-04-11_G56,10109757ROCHAG,2025-04-11,111569,1,4,0,180.0
10109757ROCHAG_2025-04-11_G57,10109757ROCHAG,2025-04-11,111569,1,4,0,78.0
10109757ROCHAG_2025-04-11_G58,10109757ROCHAG,2025-04-11,"110515, 111442",2,25,30,176.0
10109757ROCHAG_2025-04-11_G59,10109757ROCHAG,2025-04-11,110787,1,9,0,309.0
10109757ROCHAG_2025-04-11_G60,10109757ROCHAG,2025-04-11,117821,1,2,0,32.0
10109757ROCHAG_2025-04-11_G61,10109757ROCHAG,2025-04-11,111465,1,3,0,72.0
10109757ROCHAG_2025-04-11_G62,10109757ROCHAG,2025-04-11,111469,1,17,0,212.0
10109757ROCHAG_2025-04-11_G63,10109757ROCHAG,2025-04-11,111433,1,10,0,2352.0
10109757ROCHAG_2025-04-11_G64,10109757ROCHAG,2025-04-11,120002,1,70,0,477.0
10109757ROCHAG_2025-04-11_G65,10109757ROCHAG,2025-04-11,117821,1,368,0,1209.0
10109757ROCHAG_2025-04-11_G66,10109757ROCHAG,2025-04-11,111172,1,9,0,218.0
10109757ROCHAG_2025-04-11_G68,10109757ROCHAG,2025-04-11,110580,1,15,0,243.0
10109757ROCHAG_2025-04-11_G69,10109757ROCHAG,2025-04-11,110756,1,7,0,201.0
10109757ROCHAG_2025-04-11_G70,10109757ROCHAG,2025-04-11,110733,1,12,0,153.0
10109757ROCHAG_2025-04-11_G71,10109757ROCHAG,2025-04-11,110740,1,14,0,212.0
10109757ROCHAG_2025-04-11_G72,10109757ROCHAG,2025-04-11,111462,1,20,0,383.0
10109757ROCHAG_2025-04-11_G73,10109757ROCHAG,2025-04-11,114091,1,20,0,312.0
10109757ROCHAG_2025-04-11_G74,10109757ROCHAG,2025-04-11,109643,1,25,0,305.0
10109757ROCHAG_2025-04-11_G75,10109757ROCHAG,2025-04-11,118004,1,50,0,480.0
10109757ROCHAG_2025-04-11_G76,10109757ROCHAG,2025-04-11,108736,1,11,0,97.0
10109757ROCHAG_2025-04-11_G77,10109757ROCHAG,2025-04-11,115209,1,4,0,49.0
10109757ROCHAG_2025-04-12_G02,10109757ROCHAG,2025-04-12,110515,1,50,0,775.0
10109757ROCHAG_2025-04-12_G03,10109757ROCHAG,2025-04-12,110711,1,60,0,337.0
10109757ROCHAG_2025-04-12_G04,10109757ROCHAG,2025-04-12,116611,1,9,0,204.0
10109757ROCHAG_2025-04-12_G05,10109757ROCHAG,2025-04-12,110375,1,40,0,254.0
10109757ROCHAG_2025-04-12_G06,10109757ROCHAG,2025-04-12,117785,1,31,0,918.0
10109757ROCHAG_2025-04-12_G07,10109757ROCHAG,2025-04-12,117833,1,60,0,768.0
10109757ROCHAG_2025-04-12_G08,10109757ROCHAG,2025-04-12,117785,1,19,0,162.0
10109757ROCHAG_2025-04-12_G09,10109757ROCHAG,2025-04-12,117838,1,40,0,327.0
10109757ROCHAG_2025-04-12_G10,10109757ROCHAG,2025-04-12,115817,1,2,0,148.0
10109757ROCHAG_2025-04-12_G11,10109757ROCHAG,2025-04-12,110745,1,7,0,131.0
10109757ROCHAG_2025-04-12_G12,10109757ROCHAG,2025-04-12,118317,1,40,0,898.0
10109757ROCHAG_2025-04-12_G13,10109757ROCHAG,2025-04-12,109645,1,21,0,435.0
10109757ROCHAG_2025-04-12_G15,10109757ROCHAG,2025-04-12,118299,2,6,10,119.0
10109757ROCHAG_2025-04-12_G16,10109757ROCHAG,2025-04-12,111469,1,10,0,219.0
10109757ROCHAG_2025-04-12_G17,10109757ROCHAG,2025-04-12,110339,1,2,0,241.0
10109757ROCHAG_2025-04-12_G18,10109757ROCHAG,2025-04-12,110339,1,2,0,45.0
10109757ROCHAG_2025-04-12_G19,10109757ROCHAG,2025-04-12,110747,1,2,0,427.0
10109757ROCHAG_2025-04-12_G20,10109757ROCHAG,2025-04-12,109643,1,1,0,105.0
10109757ROCHAG_2025-04-12_G21,10109757ROCHAG,2025-04-12,110371,1,4,0,69.0
10109757ROCHAG_2025-04-12_G22,10109757ROCHAG,2025-04-12,111418,1,14,0,238.0
10109757ROCHAG_2025-04-12_G23,10109757ROCHAG,2025-04-12,118140,1,2,0,37.0
10109757ROCHAG_2025-04-12_G24,10109757ROCHAG,2025-04-12,118004,1,2,0,62.0
10109757ROCHAG_2025-04-12_G25,10109757ROCHAG,2025-04-12,117855,1,7,0,237.0
10109757ROCHAG_2025-04-12_G26,10109757ROCHAG,2025-04-12,110752,1,4,0,156.0
10109757ROCHAG_2025-04-12_G27,10109757ROCHAG,2025-04-12,111467,1,4,0,98.0
10109757ROCHAG_2025-04-12_G28,10109757ROCHAG,2025-04-12,117786,1,5,0,1448.0
10109757ROCHAG_2025-04-12_G29,10109757ROCHAG,2025-04-12,100334,1,1,0,152.0
10109757ROCHAG_2025-04-12_G30,10109757ROCHAG,2025-04-12,111569,1,3,0,86.0
10109757ROCHAG_2025-04-12_G31,10109757ROCHAG,2025-04-12,111532,1,5,0,143.0
10109757ROCHAG_2025-04-12_G32,10109757ROCHAG,2025-04-12,110372,1,2,0,106.0
10109757ROCHAG_2025-04-12_G33,10109757ROCHAG,2025-04-12,110372,1,15,0,115.0
10109757ROCHAG_2025-04-12_G34,10109757ROCHAG,2025-04-12,108794,1,3,0,75.0
10109757ROCHAG_2025-04-12_G35,10109757ROCHAG,2025-04-12,110373,1,13,0,185.0
10109757ROCHAG_2025-04-12_G36,10109757ROCHAG,2025-04-12,110787,1,4,0,151.0
10109757ROCHAG_2025-04-12_G37,10109757ROCHAG,2025-04-12,109649,1,4,0,444.0
10109757ROCHAG_2025-04-12_G38,10109757ROCHAG,2025-04-12,110339,1,1,0,640.0
10109757ROCHAG_2025-04-12_G39,10109757ROCHAG,2025-04-12,110374,1,1,0,119.0
10109757ROCHAG_2025-04-12_G40,10109757ROCHAG,2025-04-12,117808,1,17,0,176.0
10109757ROCHAG_2025-04-12_G41,10109757ROCHAG,2025-04-12,118299,1,4,0,91.0
10109757ROCHAG_2025-04-12_G42,10109757ROCHAG,2025-04-12,111433,1,2,0,174.0
10109757ROCHAG_2025-04-12_G43,10109757ROCHAG,2025-04-12,117786,1,2,0,97.0
10109757ROCHAG_2025-04-12_G44,10109757ROCHAG,2025-04-12,110787,1,2,0,204.0
10109757ROCHAG_2025-04-12_G45,10109757ROCHAG,2025-04-12,111438,1,4,0,461.0
10109757ROCHAG_2025-04-12_G46,10109757ROCHAG,2025-04-12,117820,1,2,0,187.0
10109757ROCHAG_2025-04-12_G47,10109757ROCHAG,2025-04-12,117820,1,12,0,133.0
10109757ROCHAG_2025-04-12_G48,10109757ROCHAG,2025-04-12,117808,1,6,0,78.0
10109757ROCHAG_2025-04-12_G49,10109757ROCHAG,2025-04-12,118299,1,4,0,103.0
10109757ROCHAG_2025-04-12_G50,10109757ROCHAG,2025-04-12,118299,1,17,0,119.0
10109757ROCHAG_2025-04-12_G51,10109757ROCHAG,2025-04-12,109643,1,1,0,665.0
10109757ROCHAG_2025-04-12_G52,10109757ROCHAG,2025-04-12,110372,1,4,0,118.0
10109757ROCHAG_2025-04-12_G53,10109757ROCHAG,2025-04-12,110372,1,5,0,58.0
10109757ROCHAG_2025-04-13_G02,10109757ROCHAG,2025-04-13,111469,1,8,0,153.0
10109757ROCHAG_2025-04-13_G03,10109757ROCHAG,2025-04-13,111469,1,12,0,94.0
10109757ROCHAG_2025-04-13_G04,10109757ROCHAG,2025-04-13,117820,1,8,0,89.0
10109757ROCHAG_2025-04-13_G05,10109757ROCHAG,2025-04-13,117820,1,6,0,58.0
10109757ROCHAG_2025-04-13_G06,10109757ROCHAG,2025-04-13,117820,1,8,0,65.0
10109757ROCHAG_2025-04-13_G07,10109757ROCHAG,2025-04-13,117820,1,8,0,41.0
10109757ROCHAG_2025-04-13_G08,10109757ROCHAG,2025-04-13,117820,3,12,53,35.0
10109757ROCHAG_2025-04-13_G09,10109757ROCHAG,2025-04-13,117808,1,8,0,106.0
10109757ROCHAG_2025-04-13_G10,10109757ROCHAG,2025-04-13,118299,1,1,0,43.0
10109757ROCHAG_2025-04-13_G11,10109757ROCHAG,2025-04-13,111469,1,4,0,258.0
10109757ROCHAG_2025-04-13_G12,10109757ROCHAG,2025-04-13,111438,1,4,0,632.0
10109757ROCHAG_2025-04-13_G13,10109757ROCHAG,2025-04-13,118306,1,8,0,126.0
10109757ROCHAG_2025-04-13_G14,10109757ROCHAG,2025-04-13,118306,1,2,0,163.0
10109757ROCHAG_2025-04-13_G15,10109757ROCHAG,2025-04-13,109641,1,16,0,368.0
10109757ROCHAG_2025-04-13_G16,10109757ROCHAG,2025-04-13,109641,1,48,0,248.0
10109757ROCHAG_2025-04-13_G17,10109757ROCHAG,2025-04-13,117785,2,13,12,66.0
10109757ROCHAG_2025-04-14_G02,10109757ROCHAG,2025-04-14,"109641, 109645",2,56,9,122.0
10109757ROCHAG_2025-04-14_G03,10109757ROCHAG,2025-04-14,117289,1,4,0,514.0
10109757ROCHAG_2025-04-14_G04,10109757ROCHAG,2025-04-14,111348,1,16,0,2201.0
10109757ROCHAG_2025-04-14_G05,10109757ROCHAG,2025-04-14,117830,1,6,0,701.0
10109757ROCHAG_2025-04-14_G06,10109757ROCHAG,2025-04-14,117836,1,4,0,138.0
10109757ROCHAG_2025-04-14_G07,10109757ROCHAG,2025-04-14,118140,1,20,0,470.0
10109757ROCHAG_2025-04-14_G08,10109757ROCHAG,2025-04-14,118004,1,8,0,330.0
10109757ROCHAG_2025-04-14_G09,10109757ROCHAG,2025-04-14,140922,1,8,0,542.0
10109757ROCHAG_2025-04-14_G10,10109757ROCHAG,2025-04-14,117831,1,10,0,474.0
10109757ROCHAG_2025-04-14_G11,10109757ROCHAG,2025-04-14,110313,1,4,0,75.0
10109757ROCHAG_2025-04-14_G12,10109757ROCHAG,2025-04-14,117820,1,10,0,124.0
10109757ROCHAG_2025-04-14_G13,10109757ROCHAG,2025-04-14,111418,1,6,0,145.0
10109757ROCHAG_2025-04-14_G14,10109757ROCHAG,2025-04-14,111602,1,10,0,146.0
10109757ROCHAG_2025-04-14_G15,10109757ROCHAG,2025-04-14,110372,1,5,0,133.0
10109757ROCHAG_2025-04-14_G17,10109757ROCHAG,2025-04-14,117855,1,16,0,1070.0
10109757ROCHAG_2025-04-14_G18,10109757ROCHAG,2025-04-14,110711,1,6,0,131.0
10109757ROCHAG_2025-04-14_G19,10109757ROCHAG,2025-04-14,111442,1,11,0,662.0
10109757ROCHAG_2025-04-14_G20,10109757ROCHAG,2025-04-14,117840,1,4,0,204.0
10109757ROCHAG_2025-04-14_G21,10109757ROCHAG,2025-04-14,111441,1,4,0,148.0
10109757ROCHAG_2025-04-14_G22,10109757ROCHAG,2025-04-14,111465,1,2,0,144.0
10109757ROCHAG_2025-04-14_G23,10109757ROCHAG,2025-04-14,118004,1,4,0,208.0
10109757ROCHAG_2025-04-14_G24,10109757ROCHAG,2025-04-14,117821,1,10,0,480.0
10109757ROCHAG_2025-04-14_G25,10109757ROCHAG,2025-04-14,111468,1,20,0,492.0
10109757ROCHAG_2025-04-14_G26,10109757ROCHAG,2025-04-14,117833,1,2,0,103.0
10109757ROCHAG_2025-04-14_G27,10109757ROCHAG,2025-04-14,111465,1,2,0,103.0
10109757ROCHAG_2025-04-14_G28,10109757ROCHAG,2025-04-14,110376,1,2,0,144.0
10109757ROCHAG_2025-04-14_G29,10109757ROCHAG,2025-04-14,117821,1,2,0,131.0
10109757ROCHAG_2025-04-14_G30,10109757ROCHAG,2025-04-14,111466,1,5,0,120.0
10109757ROCHAG_2025-04-14_G31,10109757ROCHAG,2025-04-14,110372,1,10,0,382.0
10109757ROCHAG_2025-04-14_G32,10109757ROCHAG,2025-04-14,111442,1,10,0,226.0
10109757ROCHAG_2025-04-14_G33,10109757ROCHAG,2025-04-14,"110740, 111418",2,114,9,2185.0
10109757ROCHAG_2025-04-14_G34,10109757ROCHAG,2025-04-14,117785,1,72,0,291.0
10109757ROCHAG_2025-04-14_G36,10109757ROCHAG,2025-04-14,109747,1,2,0,1765.0
10109757ROCHAG_2025-04-14_G37,10109757ROCHAG,2025-04-14,118299,1,15,0,286.0
10109757ROCHAG_2025-04-14_G38,10109757ROCHAG,2025-04-14,111469,1,3,0,77.0
10109757ROCHAG_2025-04-14_G39,10109757ROCHAG,2025-04-14,117855,1,6,0,250.0
10109757ROCHAG_2025-04-14_G40,10109757ROCHAG,2025-04-14,111468,1,3,0,87.0
10109757ROCHAG_2025-04-14_G41,10109757ROCHAG,2025-04-14,111463,1,2,0,104.0
10109757ROCHAG_2025-04-15_G02,10109757ROCHAG,2025-04-15,117830,1,4,0,169.0
10109757ROCHAG_2025-04-15_G03,10109757ROCHAG,2025-04-15,117833,1,1,0,85.0
10109757ROCHAG_2025-04-15_G04,10109757ROCHAG,2025-04-15,111462,1,4,0,132.0
10109757ROCHAG_2025-04-15_G05,10109757ROCHAG,2025-04-15,110372,1,4,0,205.0
10109757ROCHAG_2025-04-15_G06,10109757ROCHAG,2025-04-15,117837,1,2,0,86.0
10109757ROCHAG_2025-04-15_G07,10109757ROCHAG,2025-04-15,117820,1,8,0,403.0
10109757ROCHAG_2025-04-15_G08,10109757ROCHAG,2025-04-15,117808,1,9,0,156.0
10109757ROCHAG_2025-04-15_G09,10109757ROCHAG,2025-04-15,118299,1,12,0,102.0
10109757ROCHAG_2025-04-15_G10,10109757ROCHAG,2025-04-15,111469,1,4,0,76.0
10109757ROCHAG_2025-04-15_G11,10109757ROCHAG,2025-04-15,107629,1,2,0,73.0
10109757ROCHAG_2025-04-15_G12,10109757ROCHAG,2025-04-15,117861,1,2,0,73.0
10109757ROCHAG_2025-04-15_G13,10109757ROCHAG,2025-04-15,111418,1,5,0,103.0
10109757ROCHAG_2025-04-15_G14,10109757ROCHAG,2025-04-15,111172,1,1,0,90.0
10109757ROCHAG_2025-04-15_G15,10109757ROCHAG,2025-04-15,117785,1,8,0,63.0
10109757ROCHAG_2025-04-15_G16,10109757ROCHAG,2025-04-15,111602,1,4,0,68.0
10109757ROCHAG_2025-04-15_G17,10109757ROCHAG,2025-04-15,110515,2,2,8,127.0
10109757ROCHAG_2025-04-15_G18,10109757ROCHAG,2025-04-15,117832,1,4,0,237.0
10109757ROCHAG_2025-04-15_G19,10109757ROCHAG,2025-04-15,100334,1,2,0,113.0
10109757ROCHAG_2025-04-15_G20,10109757ROCHAG,2025-04-15,110373,1,1,0,79.0
10109757ROCHAG_2025-04-15_G21,10109757ROCHAG,2025-04-15,111467,1,4,0,461.0
10109757ROCHAG_2025-04-15_G22,10109757ROCHAG,2025-04-15,111182,1,3,0,208.0
10109757ROCHAG_2025-04-15_G23,10109757ROCHAG,2025-04-15,140922,1,2,0,282.0
10109757ROCHAG_2025-04-15_G24,10109757ROCHAG,2025-04-15,110742,1,2,0,291.0
10109757ROCHAG_2025-04-15_G25,10109757ROCHAG,2025-04-15,117862,1,2,0,71.0
10109757ROCHAG_2025-04-15_G26,10109757ROCHAG,2025-04-15,110339,1,8,0,366.0
10109757ROCHAG_2025-04-15_G27,10109757ROCHAG,2025-04-15,110313,1,2,0,48.0
10109757ROCHAG_2025-04-15_G28,10109757ROCHAG,2025-04-15,117861,1,2,0,49.0
10109757ROCHAG_2025-04-15_G29,10109757ROCHAG,2025-04-15,117820,1,2,0,139.0
10109757ROCHAG_2025-04-15_G30,10109757ROCHAG,2025-04-15,110374,1,2,0,58.0
10109757ROCHAG_2025-04-15_G31,10109757ROCHAG,2025-04-15,117808,1,4,0,68.0
10109757ROCHAG_2025-04-15_G32,10109757ROCHAG,2025-04-15,118299,1,5,0,508.0
10109757ROCHAG_2025-04-15_G33,10109757ROCHAG,2025-04-15,117855,1,2,0,136.0
10109757ROCHAG_2025-04-15_G34,10109757ROCHAG,2025-04-15,111418,1,2,0,135.0
10109757ROCHAG_2025-04-15_G35,10109757ROCHAG,2025-04-15,118140,1,2,0,37.0
10109757ROCHAG_2025-04-15_G36,10109757ROCHAG,2025-04-15,111463,1,2,0,94.0
10109757ROCHAG_2025-04-15_G37,10109757ROCHAG,2025-04-15,110371,1,1,0,53.0
10109757ROCHAG_2025-04-15_G38,10109757ROCHAG,2025-04-15,117786,1,2,0,91.0
10109757ROCHAG_2025-04-15_G39,10109757ROCHAG,2025-04-15,111876,1,2,0,66.0
10109757ROCHAG_2025-04-15_G40,10109757ROCHAG,2025-04-15,111602,1,6,0,98.0
10109757ROCHAG_2025-04-15_G41,10109757ROCHAG,2025-04-15,110895,1,4,0,646.0
10109757ROCHAG_2025-04-15_G42,10109757ROCHAG,2025-04-15,110515,1,1,0,36.0
10109757ROCHAG_2025-04-15_G43,10109757ROCHAG,2025-04-15,109640,1,2,0,216.0
10109757ROCHAG_2025-04-15_G44,10109757ROCHAG,2025-04-15,110372,1,2,0,131.0
10109757ROCHAG_2025-04-15_G45,10109757ROCHAG,2025-04-15,110375,1,2,0,80.0
10109757ROCHAG_2025-04-15_G46,10109757ROCHAG,2025-04-15,111330,1,2,0,98.0
10109757ROCHAG_2025-04-15_G47,10109757ROCHAG,2025-04-15,110787,1,4,0,102.0
10109757ROCHAG_2025-04-15_G48,10109757ROCHAG,2025-04-15,111465,1,6,0,90.0
10109757ROCHAG_2025-04-15_G50,10109757ROCHAG,2025-04-15,111463,1,2,0,140.0
10109757ROCHAG_2025-04-15_G51,10109757ROCHAG,2025-04-15,111569,1,2,0,140.0
10109757ROCHAG_2025-04-15_G52,10109757ROCHAG,2025-04-15,100334,1,1,0,117.0
10109757ROCHAG_2025-04-15_G53,10109757ROCHAG,2025-04-15,110515,1,6,0,435.0
10109757ROCHAG_2025-04-15_G54,10109757ROCHAG,2025-04-15,117832,1,1,0,106.0
10109757ROCHAG_2025-04-15_G55,10109757ROCHAG,2025-04-15,110372,1,6,0,93.0
10109757ROCHAG_2025-04-15_G56,10109757ROCHAG,2025-04-15,110375,1,4,0,338.0
10109757ROCHAG_2025-04-15_G57,10109757ROCHAG,2025-04-15,111465,1,2,0,86.0
10109757ROCHAG_2025-04-15_G58,10109757ROCHAG,2025-04-15,117820,1,4,0,972.0
10109757ROCHAG_2025-04-15_G59,10109757ROCHAG,2025-04-15,118299,1,7,0,141.0
10109757ROCHAG_2025-04-15_G60,10109757ROCHAG,2025-04-15,107830,1,2,0,212.0
10109757ROCHAG_2025-04-15_G61,10109757ROCHAG,2025-04-15,117785,1,6,0,121.0
10109757ROCHAG_2025-04-15_G62,10109757ROCHAG,2025-04-15,111466,1,4,0,162.0
10109757ROCHAG_2025-04-15_G63,10109757ROCHAG,2025-04-15,117838,1,2,0,755.0
10109757ROCHAG_2025-04-15_G64,10109757ROCHAG,2025-04-15,110372,1,3,0,113.0
10109757ROCHAG_2025-04-15_G65,10109757ROCHAG,2025-04-15,110373,1,2,0,114.0
10109757ROCHAG_2025-04-15_G66,10109757ROCHAG,2025-04-15,110711,1,1,0,80.0
10109757ROCHAG_2025-04-15_G67,10109757ROCHAG,2025-04-15,110740,1,2,0,82.0
10109757ROCHAG_2025-04-15_G68,10109757ROCHAG,2025-04-15,110787,1,3,0,106.0
10109757ROCHAG_2025-04-15_G69,10109757ROCHAG,2025-04-15,111465,2,2,7,52.0
10109757ROCHAG_2025-04-15_G70,10109757ROCHAG,2025-04-15,111467,1,6,0,822.0
10109757ROCHAG_2025-04-15_G71,10109757ROCHAG,2025-04-15,141047,1,8,0,336.0
10109757ROCHAG_2025-04-15_G72,10109757ROCHAG,2025-04-15,110756,1,4,0,92.0
10109757ROCHAG_2025-04-15_G73,10109757ROCHAG,2025-04-15,110313,1,3,0,52.0
10109757ROCHAG_2025-04-15_G74,10109757ROCHAG,2025-04-15,117861,1,16,0,500.0
10109757ROCHAG_2025-04-15_G75,10109757ROCHAG,2025-04-15,111441,1,4,0,173.0
10109757ROCHAG_2025-04-15_G76,10109757ROCHAG,2025-04-15,110747,1,4,0,180.0
10109757ROCHAG_2025-04-15_G77,10109757ROCHAG,2025-04-15,111850,1,5,0,96.0
10109757ROCHAG_2025-04-15_G78,10109757ROCHAG,2025-04-15,118222,1,4,0,75.0
10109757ROCHAG_2025-04-15_G79,10109757ROCHAG,2025-04-15,117820,1,10,0,125.0
10109757ROCHAG_2025-04-15_G80,10109757ROCHAG,2025-04-15,110374,1,13,0,140.0
10109757ROCHAG_2025-04-15_G81,10109757ROCHAG,2025-04-15,117808,1,100,0,81.0
10109757ROCHAG_2025-04-15_G82,10109757ROCHAG,2025-04-15,118299,1,100,0,594.0
10109757ROCHAG_2025-04-15_G83,10109757ROCHAG,2025-04-15,117809,1,10,0,506.0
10109757ROCHAG_2025-04-15_G84,10109757ROCHAG,2025-04-15,117856,1,8,0,288.0
10109757ROCHAG_2025-04-15_G85,10109757ROCHAG,2025-04-15,111876,1,4,0,68.0
10109757ROCHAG_2025-04-16_G02,10109757ROCHAG,2025-04-16,117830,1,140,0,1591.0
10109757ROCHAG_2025-04-16_G03,10109757ROCHAG,2025-04-16,118004,1,88,0,493.0
10109757ROCHAG_2025-04-16_G04,10109757ROCHAG,2025-04-16,111348,1,28,0,415.0
10109757ROCHAG_2025-04-16_G05,10109757ROCHAG,2025-04-16,111462,1,160,0,512.0
10109757ROCHAG_2025-04-16_G07,10109757ROCHAG,2025-04-16,110374,1,25,0,327.0
10109757ROCHAG_2025-04-16_G08,10109757ROCHAG,2025-04-16,117808,1,400,0,825.0
10109757ROCHAG_2025-04-16_G09,10109757ROCHAG,2025-04-16,118299,1,203,0,2206.0
10109757ROCHAG_2025-04-16_G10,10109757ROCHAG,2025-04-16,"117809, 110373",2,2,15,178.0
10109757ROCHAG_2025-04-16_G11,10109757ROCHAG,2025-04-16,114091,1,1,0,1720.0
10109757ROCHAG_2025-04-16_G12,10109757ROCHAG,2025-04-16,141035,1,4,0,307.0
10109757ROCHAG_2025-04-16_G13,10109757ROCHAG,2025-04-16,118298,1,24,0,317.0
10109757ROCHAG_2025-04-16_G14,10109757ROCHAG,2025-04-16,110580,1,2,0,253.0
10109757ROCHAG_2025-04-16_G15,10109757ROCHAG,2025-04-16,110313,1,33,0,285.0
10109757ROCHAG_2025-04-16_G16,10109757ROCHAG,2025-04-16,118289,1,4,0,755.0
10109757ROCHAG_2025-04-16_G17,10109757ROCHAG,2025-04-16,117837,1,33,0,457.0
10109757ROCHAG_2025-04-16_G19,10109757ROCHAG,2025-04-16,110895,1,80,0,195.0
10109757ROCHAG_2025-04-16_G20,10109757ROCHAG,2025-04-16,108759,1,23,0,614.0
10109757ROCHAG_2025-04-17_G02,10109757ROCHAG,2025-04-17,118299,1,71,0,696.0
10109757ROCHAG_2025-04-17_G03,10109757ROCHAG,2025-04-17,117832,1,130,0,605.0
10109757ROCHAG_2025-04-17_G04,10109757ROCHAG,2025-04-17,117855,1,4,0,1492.0
10109757ROCHAG_2025-04-17_G05,10109757ROCHAG,2025-04-17,110325,1,4,0,258.0
10109757ROCHAG_2025-04-17_G06,10109757ROCHAG,2025-04-17,117820,1,16,0,117.0
10109757ROCHAG_2025-04-17_G07,10109757ROCHAG,2025-04-17,109640,1,9,0,193.0
10109757ROCHAG_2025-04-17_G08,10109757ROCHAG,2025-04-17,110748,1,4,0,84.0
10109757ROCHAG_2025-04-17_G09,10109757ROCHAG,2025-04-17,111330,1,5,0,137.0
10109757ROCHAG_2025-04-17_G10,10109757ROCHAG,2025-04-17,111330,1,15,0,688.0
10109757ROCHAG_2025-04-17_G11,10109757ROCHAG,2025-04-17,110787,1,2,0,636.0
10109757ROCHAG_2025-04-17_G12,10109757ROCHAG,2025-04-17,"111469, 117821",2,3,30,302.0
10109757ROCHAG_2025-04-17_G13,10109757ROCHAG,2025-04-17,118004,1,2,0,107.0
10109757ROCHAG_2025-04-17_G14,10109757ROCHAG,2025-04-17,111468,1,4,0,120.0
10109757ROCHAG_2025-04-17_G15,10109757ROCHAG,2025-04-17,117833,1,2,0,91.0
10109757ROCHAG_2025-04-17_G16,10109757ROCHAG,2025-04-17,140922,1,2,0,125.0
10109757ROCHAG_2025-04-17_G17,10109757ROCHAG,2025-04-17,111466,1,2,0,70.0
10109757ROCHAG_2025-04-17_G18,10109757ROCHAG,2025-04-17,110740,1,2,0,188.0
10109757ROCHAG_2025-04-17_G20,10109757ROCHAG,2025-04-17,111330,1,4,0,219.0
10109757ROCHAG_2025-04-17_G21,10109757ROCHAG,2025-04-17,111569,1,4,0,91.0
10109757ROCHAG_2025-04-17_G22,10109757ROCHAG,2025-04-17,109640,1,5,0,91.0
10109757ROCHAG_2025-04-17_G23,10109757ROCHAG,2025-04-17,110339,1,20,0,1882.0
10109757ROCHAG_2025-04-17_G24,10109757ROCHAG,2025-04-17,110733,1,30,0,393.0
10109757ROCHAG_2025-04-17_G25,10109757ROCHAG,2025-04-17,118403,1,30,0,517.0
10109757ROCHAG_2025-04-17_G26,10109757ROCHAG,2025-04-17,117786,1,40,0,296.0
10109757ROCHAG_2025-04-17_G27,10109757ROCHAG,2025-04-17,111439,1,20,0,396.0
10109757ROCHAG_2025-04-17_G28,10109757ROCHAG,2025-04-17,111876,1,6,0,224.0
10109757ROCHAG_2025-04-17_G29,10109757ROCHAG,2025-04-17,117837,1,20,0,395.0
10109757ROCHAG_2025-04-17_G30,10109757ROCHAG,2025-04-17,116611,1,8,0,2207.0
10109757ROCHAG_2025-04-17_G31,10109757ROCHAG,2025-04-17,110787,1,20,0,944.0
10109757ROCHAG_2025-04-17_G32,10109757ROCHAG,2025-04-17,117821,2,50,13,306.0
10109757ROCHAG_2025-04-17_G33,10109757ROCHAG,2025-04-17,111463,1,60,0,597.0
10109757ROCHAG_2025-04-17_G34,10109757ROCHAG,2025-04-17,117833,1,40,0,364.0
10109757ROCHAG_2025-04-17_G35,10109757ROCHAG,2025-04-17,111172,1,32,0,305.0
10109757ROCHAG_2025-04-17_G37,10109757ROCHAG,2025-04-17,111348,1,4,0,127.0
10109757ROCHAG_2025-04-17_G38,10109757ROCHAG,2025-04-17,118299,1,5,0,288.0
10109757ROCHAG_2025-04-17_G39,10109757ROCHAG,2025-04-17,117785,1,5,0,115.0
10109757ROCHAG_2025-04-17_G40,10109757ROCHAG,2025-04-17,117830,1,2,0,60.0
10109757ROCHAG_2025-04-17_G41,10109757ROCHAG,2025-04-17,117820,1,8,0,91.0
10109757ROCHAG_2025-04-17_G42,10109757ROCHAG,2025-04-17,111602,1,2,0,89.0
10109757ROCHAG_2025-04-17_G43,10109757ROCHAG,2025-04-17,111462,1,6,0,130.0
10109757ROCHAG_2025-04-17_G44,10109757ROCHAG,2025-04-17,108759,1,4,0,178.0
10109757ROCHAG_2025-04-17_G45,10109757ROCHAG,2025-04-17,111330,1,4,0,157.0
10109757ROCHAG_2025-04-17_G46,10109757ROCHAG,2025-04-17,111598,2,10,27,487.0
10109757ROCHAG_2025-04-17_G47,10109757ROCHAG,2025-04-17,117862,1,10,0,362.0
10109757ROCHAG_2025-04-17_G48,10109757ROCHAG,2025-04-17,110313,1,10,0,412.0
10109757ROCHAG_2025-04-17_G49,10109757ROCHAG,2025-04-17,110733,1,8,0,118.0
10109757ROCHAG_2025-04-18_G02,10109757ROCHAG,2025-04-18,111469,1,20,0,229.0
10109757ROCHAG_2025-04-18_G03,10109757ROCHAG,2025-04-18,111463,1,10,0,181.0
10109757ROCHAG_2025-04-18_G04,10109757ROCHAG,2025-04-18,118299,1,20,0,597.0
10109757ROCHAG_2025-04-18_G05,10109757ROCHAG,2025-04-18,117820,1,70,0,1138.0
10109757ROCHAG_2025-04-18_G06,10109757ROCHAG,2025-04-18,117832,1,10,0,162.0
10109757ROCHAG_2025-04-18_G07,10109757ROCHAG,2025-04-18,110373,1,30,0,834.0
10109757ROCHAG_2025-04-18_G08,10109757ROCHAG,2025-04-18,111467,1,10,0,668.0
10109757ROCHAG_2025-04-18_G09,10109757ROCHAG,2025-04-18,117821,1,1,0,432.0
10109757ROCHAG_2025-04-18_G10,10109757ROCHAG,2025-04-18,111182,1,4,0,532.0
10109757ROCHAG_2025-04-18_G11,10109757ROCHAG,2025-04-18,111469,1,3,0,290.0
10109757ROCHAG_2025-04-18_G12,10109757ROCHAG,2025-04-18,117821,1,2,0,38.0
10109757ROCHAG_2025-04-18_G13,10109757ROCHAG,2025-04-18,110374,1,3,0,109.0
10109757ROCHAG_2025-04-18_G14,10109757ROCHAG,2025-04-18,117808,1,3,0,83.0
10109757ROCHAG_2025-04-18_G15,10109757ROCHAG,2025-04-18,110742,1,3,0,83.0
10109757ROCHAG_2025-04-18_G16,10109757ROCHAG,2025-04-18,111463,1,2,0,179.0
10109757ROCHAG_2025-04-18_G17,10109757ROCHAG,2025-04-18,117785,1,2,0,151.0
10109757ROCHAG_2025-04-18_G18,10109757ROCHAG,2025-04-18,117820,1,5,0,139.0
10109757ROCHAG_2025-04-18_G19,10109757ROCHAG,2025-04-18,110372,1,2,0,105.0
10109757ROCHAG_2025-04-18_G20,10109757ROCHAG,2025-04-18,109640,1,4,0,232.0
10109757ROCHAG_2025-04-18_G21,10109757ROCHAG,2025-04-18,110373,1,5,0,111.0
10109757ROCHAG_2025-04-18_G23,10109757ROCHAG,2025-04-18,117835,1,9,0,208.0
10109757ROCHAG_2025-04-18_G24,10109757ROCHAG,2025-04-18,110325,1,8,0,1734.0
10109757ROCHAG_2025-04-18_G25,10109757ROCHAG,2025-04-18,117808,1,20,0,213.0
10109757ROCHAG_2025-04-18_G26,10109757ROCHAG,2025-04-18,117809,1,4,0,271.0
10109757ROCHAG_2025-04-18_G27,10109757ROCHAG,2025-04-18,117832,1,2,0,1098.0
10109757ROCHAG_2025-04-18_G28,10109757ROCHAG,2025-04-18,111469,1,12,0,195.0
10109757ROCHAG_2025-04-18_G29,10109757ROCHAG,2025-04-18,105705,1,2,0,174.0
10109757ROCHAG_2025-04-18_G30,10109757ROCHAG,2025-04-18,111468,1,4,0,93.0
10109757ROCHAG_2025-04-18_G31,10109757ROCHAG,2025-04-18,111418,1,22,0,485.0
10109757ROCHAG_2025-04-18_G32,10109757ROCHAG,2025-04-18,111463,1,8,0,208.0
10109757ROCHAG_2025-04-18_G33,10109757ROCHAG,2025-04-18,111348,1,2,0,70.0
10109757ROCHAG_2025-04-18_G34,10109757ROCHAG,2025-04-18,111466,1,14,0,403.0
10109757ROCHAG_2025-04-18_G35,10109757ROCHAG,2025-04-18,118140,1,14,0,195.0
10109757ROCHAG_2025-04-18_G36,10109757ROCHAG,2025-04-18,118317,1,4,0,121.0
10109757ROCHAG_2025-04-18_G37,10109757ROCHAG,2025-04-18,111465,1,4,0,204.0
10109757ROCHAG_2025-04-18_G38,10109757ROCHAG,2025-04-18,107629,1,2,0,197.0
10109757ROCHAG_2025-04-18_G39,10109757ROCHAG,2025-04-18,111467,1,4,0,199.0
10109757ROCHAG_2025-04-18_G40,10109757ROCHAG,2025-04-18,117856,1,4,0,194.0
10109757ROCHAG_2025-04-18_G41,10109757ROCHAG,2025-04-18,109640,1,16,0,478.0
10109757ROCHAG_2025-04-18_G42,10109757ROCHAG,2025-04-18,110747,1,3,0,371.0
10109757ROCHAG_2025-04-18_G43,10109757ROCHAG,2025-04-18,111850,1,2,0,144.0
10109757ROCHAG_2025-04-18_G44,10109757ROCHAG,2025-04-18,118306,1,4,0,419.0
10109757ROCHAG_2025-04-22_G02,10109757ROCHAG,2025-04-22,117808,1,147,0,1717.0
10109757ROCHAG_2025-04-23_G02,10109757ROCHAG,2025-04-23,117809,1,60,0,1029.0
10109757ROCHAG_2025-04-23_G03,10109757ROCHAG,2025-04-23,117820,1,225,0,636.0
10109757ROCHAG_2025-04-23_G04,10109757ROCHAG,2025-04-23,118281,1,6,0,475.0
10109757ROCHAG_2025-04-23_G05,10109757ROCHAG,2025-04-23,118299,1,108,0,598.0
10109757ROCHAG_2025-04-23_G06,10109757ROCHAG,2025-04-23,110787,1,35,0,1064.0
10109757ROCHAG_2025-04-23_G07,10109757ROCHAG,2025-04-23,111469,1,45,0,900.0
10109757ROCHAG_2025-04-23_G08,10109757ROCHAG,2025-04-23,117821,1,52,0,933.0
10109757ROCHAG_2025-04-23_G10,10109757ROCHAG,2025-04-23,118299,1,200,0,1349.0
10109757ROCHAG_2025-04-23_G11,10109757ROCHAG,2025-04-23,117809,1,20,0,269.0
10109757ROCHAG_2025-04-23_G12,10109757ROCHAG,2025-04-23,110371,1,40,0,902.0
10109757ROCHAG_2025-04-23_G13,10109757ROCHAG,2025-04-23,110372,1,108,0,372.0
10109757ROCHAG_2025-04-23_G14,10109757ROCHAG,2025-04-23,117830,1,36,0,1236.0
10109757ROCHAG_2025-04-23_G15,10109757ROCHAG,2025-04-23,117808,1,300,0,2487.0
10109757ROCHAG_2025-04-23_G16,10109757ROCHAG,2025-04-23,110373,1,50,0,2208.0
10109757ROCHAG_2025-04-23_G17,10109757ROCHAG,2025-04-23,110372,1,95,0,305.0
10109757ROCHAG_2025-04-23_G19,10109757ROCHAG,2025-04-23,110371,1,120,0,663.0
10109757ROCHAG_2025-04-23_G20,10109757ROCHAG,2025-04-23,110372,1,150,0,955.0
10109757ROCHAG_2025-04-23_G21,10109757ROCHAG,2025-04-23,110373,1,80,0,354.0
10109757ROCHAG_2025-04-24_G02,10109757ROCHAG,2025-04-24,110372,1,200,0,507.0
10109757ROCHAG_2025-04-24_G03,10109757ROCHAG,2025-04-24,111743,1,40,0,471.0
10109757ROCHAG_2025-04-24_G04,10109757ROCHAG,2025-04-24,110740,1,40,0,608.0
10109757ROCHAG_2025-04-24_G05,10109757ROCHAG,2025-04-24,140922,1,40,0,562.0
10109757ROCHAG_2025-04-24_G06,10109757ROCHAG,2025-04-24,118140,1,80,0,387.0
10109757ROCHAG_2025-04-24_G07,10109757ROCHAG,2025-04-24,118317,1,30,0,310.0
10109757ROCHAG_2025-04-24_G08,10109757ROCHAG,2025-04-24,110787,1,118,0,641.0
10109757ROCHAG_2025-04-24_G09,10109757ROCHAG,2025-04-24,110787,1,2,0,44.0
10109757ROCHAG_2025-04-24_G10,10109757ROCHAG,2025-04-24,110339,1,40,0,454.0
10109757ROCHAG_2025-04-24_G11,10109757ROCHAG,2025-04-24,110733,1,40,0,650.0
10109757ROCHAG_2025-04-24_G12,10109757ROCHAG,2025-04-24,110515,1,40,0,374.0
10109757ROCHAG_2025-04-24_G13,10109757ROCHAG,2025-04-24,111602,1,40,0,575.0
10109757ROCHAG_2025-04-24_G14,10109757ROCHAG,2025-04-24,111569,1,40,0,345.0
10109757ROCHAG_2025-04-24_G15,10109757ROCHAG,2025-04-24,110755,1,40,0,489.0
10109757ROCHAG_2025-04-24_G16,10109757ROCHAG,2025-04-24,118222,1,40,0,629.0
10109757ROCHAG_2025-04-24_G18,10109757ROCHAG,2025-04-24,111752,1,3,0,1632.0
10109757ROCHAG_2025-04-24_G19,10109757ROCHAG,2025-04-24,111752,1,4,0,84.0
10109757ROCHAG_2025-04-24_G20,10109757ROCHAG,2025-04-24,111761,1,16,0,1946.0
10109757ROCHAG_2025-04-24_G21,10109757ROCHAG,2025-04-24,111742,1,6,0,225.0
10109757ROCHAG_2025-04-24_G22,10109757ROCHAG,2025-04-24,111742,1,10,0,91.0
10109757ROCHAG_2025-04-24_G23,10109757ROCHAG,2025-04-24,111754,1,4,0,361.0
10109757ROCHAG_2025-04-24_G24,10109757ROCHAG,2025-04-24,111754,1,6,0,69.0
10109757ROCHAG_2025-04-24_G25,10109757ROCHAG,2025-04-24,111723,1,24,0,1235.0
10109757ROCHAG_2025-04-24_G26,10109757ROCHAG,2025-04-24,111759,1,15,0,322.0
10109757ROCHAG_2025-04-24_G27,10109757ROCHAG,2025-04-24,111728,1,2,0,605.0
10109757ROCHAG_2025-04-24_G28,10109757ROCHAG,2025-04-24,110787,1,11,0,224.0
10109757ROCHAG_2025-04-24_G29,10109757ROCHAG,2025-04-24,111722,1,90,0,516.0
10109757ROCHAG_2025-04-24_G30,10109757ROCHAG,2025-04-24,111722,1,32,0,152.0
10109757ROCHAG_2025-04-24_G31,10109757ROCHAG,2025-04-24,118191,1,20,0,607.0
10109757ROCHAG_2025-04-24_G33,10109757ROCHAG,2025-04-24,110740,1,8,0,68.0
10109757ROCHAG_2025-04-24_G34,10109757ROCHAG,2025-04-24,110740,2,10,19,50.0
10109757ROCHAG_2025-04-24_G35,10109757ROCHAG,2025-04-24,111436,1,4,0,336.0
10109757ROCHAG_2025-04-24_G36,10109757ROCHAG,2025-04-24,110746,1,4,0,182.0
10109757ROCHAG_2025-04-24_G37,10109757ROCHAG,2025-04-24,111435,1,4,0,452.0
10109757ROCHAG_2025-04-24_G38,10109757ROCHAG,2025-04-24,117821,1,12,0,153.0
10109757ROCHAG_2025-04-24_G39,10109757ROCHAG,2025-04-24,117821,1,8,0,55.0
10109757ROCHAG_2025-04-24_G40,10109757ROCHAG,2025-04-24,117821,3,28,21,294.0
10109757ROCHAG_2025-04-24_G41,10109757ROCHAG,2025-04-24,111446,2,16,14,316.0
10109757ROCHAG_2025-04-24_G42,10109757ROCHAG,2025-04-24,111446,1,40,0,164.0
10109757ROCHAG_2025-04-24_G43,10109757ROCHAG,2025-04-24,111569,2,8,10,1084.0
10109757ROCHAG_2025-04-25_G02,10109757ROCHAG,2025-04-25,110742,1,5,0,260.0
10109757ROCHAG_2025-04-25_G03,10109757ROCHAG,2025-04-25,118306,1,4,0,198.0
10109757ROCHAG_2025-04-25_G04,10109757ROCHAG,2025-04-25,111446,1,8,0,121.0
10109757ROCHAG_2025-04-25_G05,10109757ROCHAG,2025-04-25,105705,3,14,30,123.0
10109757ROCHAG_2025-04-25_G06,10109757ROCHAG,2025-04-25,"105705, 111463",2,40,16,722.0
10109757ROCHAG_2025-04-25_G07,10109757ROCHAG,2025-04-25,140922,3,24,20,141.0
10109757ROCHAG_2025-04-25_G08,10109757ROCHAG,2025-04-25,140922,1,32,0,266.0
10109757ROCHAG_2025-04-25_G09,10109757ROCHAG,2025-04-25,140922,1,16,0,164.0
10109757ROCHAG_2025-04-25_G10,10109757ROCHAG,2025-04-25,140922,1,10,0,88.0
10109757ROCHAG_2025-04-25_G11,10109757ROCHAG,2025-04-25,140922,1,4,0,45.0
10109757ROCHAG_2025-04-25_G12,10109757ROCHAG,2025-04-25,111463,1,12,0,409.0
10109757ROCHAG_2025-04-25_G13,10109757ROCHAG,2025-04-25,109641,4,38,39,229.0
10109757ROCHAG_2025-04-25_G14,10109757ROCHAG,2025-04-25,109641,3,24,38,32.0
10109757ROCHAG_2025-04-25_G15,10109757ROCHAG,2025-04-25,111466,8,46,85,311.0
10109757ROCHAG_2025-04-25_G16,10109757ROCHAG,2025-04-25,111463,3,10,17,426.0
10109757ROCHAG_2025-04-25_G17,10109757ROCHAG,2025-04-25,109649,1,10,0,2273.0
10109757ROCHAG_2025-04-25_G18,10109757ROCHAG,2025-04-25,104534,1,1,0,83.0
10109757ROCHAG_2025-04-25_G19,10109757ROCHAG,2025-04-25,117785,1,100,0,521.0
10109757ROCHAG_2025-04-25_G21,10109757ROCHAG,2025-04-25,107629,1,20,0,379.0
10109757ROCHAG_2025-04-25_G22,10109757ROCHAG,2025-04-25,110339,1,20,0,176.0
10109757ROCHAG_2025-04-25_G23,10109757ROCHAG,2025-04-25,117861,1,20,0,297.0
10109757ROCHAG_2025-04-25_G24,10109757ROCHAG,2025-04-25,118403,1,50,0,1147.0
10109757ROCHAG_2025-04-25_G25,10109757ROCHAG,2025-04-25,117935,1,50,0,541.0
10109757ROCHAG_2025-04-25_G26,10109757ROCHAG,2025-04-25,117855,1,120,0,872.0
10109757ROCHAG_2025-04-25_G27,10109757ROCHAG,2025-04-25,117786,1,30,0,714.0
10109757ROCHAG_2025-04-25_G28,10109757ROCHAG,2025-04-25,117788,1,14,0,182.0
10109757ROCHAG_2025-04-25_G29,10109757ROCHAG,2025-04-25,117787,1,40,0,722.0
10109757ROCHAG_2025-04-25_G30,10109757ROCHAG,2025-04-25,117833,1,30,0,1517.0
10109757ROCHAG_2025-04-25_G31,10109757ROCHAG,2025-04-25,108798,1,20,0,323.0
10109757ROCHAG_2025-04-25_G32,10109757ROCHAG,2025-04-25,108794,1,30,0,688.0
10109757ROCHAG_2025-04-25_G33,10109757ROCHAG,2025-04-25,117838,1,20,0,189.0
10109757ROCHAG_2025-04-25_G34,10109757ROCHAG,2025-04-25,118317,1,40,0,771.0
10109757ROCHAG_2025-04-25_G36,10109757ROCHAG,2025-04-25,110325,1,2,0,242.0
10109757ROCHAG_2025-04-25_G37,10109757ROCHAG,2025-04-25,110371,1,4,0,736.0
10109757ROCHAG_2025-04-25_G38,10109757ROCHAG,2025-04-25,110373,1,2,0,152.0
10109757ROCHAG_2025-04-25_G39,10109757ROCHAG,2025-04-25,118140,1,12,0,225.0
10109757ROCHAG_2025-04-25_G40,10109757ROCHAG,2025-04-25,118140,1,2,0,47.0
10109757ROCHAG_2025-04-25_G41,10109757ROCHAG,2025-04-25,110371,1,2,0,160.0
10109757ROCHAG_2025-04-25_G42,10109757ROCHAG,2025-04-25,110374,1,2,0,214.0
10109757ROCHAG_2025-04-25_G43,10109757ROCHAG,2025-04-25,110374,1,2,0,109.0
10109757ROCHAG_2025-04-26_G02,10109757ROCHAG,2025-04-26,110371,1,2,0,75.0
10109757ROCHAG_2025-04-26_G03,10109757ROCHAG,2025-04-26,118140,1,4,0,146.0
10109757ROCHAG_2025-04-26_G04,10109757ROCHAG,2025-04-26,"110374, 118140",2,6,14,106.0
10109757ROCHAG_2025-04-26_G05,10109757ROCHAG,2025-04-26,109643,2,2,16,262.0
10109757ROCHAG_2025-04-26_G06,10109757ROCHAG,2025-04-26,109643,1,8,0,127.0
10109757ROCHAG_2025-04-26_G07,10109757ROCHAG,2025-04-26,111182,1,4,0,159.0
10109757ROCHAG_2025-04-26_G08,10109757ROCHAG,2025-04-26,111444,1,4,0,452.0
10109757ROCHAG_2025-04-26_G09,10109757ROCHAG,2025-04-26,109643,1,3,0,953.0
10109757ROCHAG_2025-04-26_G10,10109757ROCHAG,2025-04-26,111444,1,12,0,134.0
10109757ROCHAG_2025-04-26_G11,10109757ROCHAG,2025-04-26,111532,1,650,0,2332.0
10109757ROCHAG_2025-04-26_G12,10109757ROCHAG,2025-04-26,111466,1,150,0,1044.0
10109757ROCHAG_2025-04-26_G13,10109757ROCHAG,2025-04-26,110339,1,90,0,1651.0
10109757ROCHAG_2025-04-26_G14,10109757ROCHAG,2025-04-26,107629,1,300,0,340.0
10109757ROCHAG_2025-04-26_G16,10109757ROCHAG,2025-04-26,117820,1,8,0,131.0
10109757ROCHAG_2025-04-26_G17,10109757ROCHAG,2025-04-26,117820,1,40,0,302.0
10109757ROCHAG_2025-04-26_G18,10109757ROCHAG,2025-04-26,117820,4,34,34,105.0
10109757ROCHAG_2025-04-26_G19,10109757ROCHAG,2025-04-26,117820,4,40,38,35.0
10109757ROCHAG_2025-04-26_G20,10109757ROCHAG,2025-04-26,118299,1,4,0,327.0
10109757ROCHAG_2025-04-26_G21,10109757ROCHAG,2025-04-26,117830,3,80,25,324.0
10109757ROCHAG_2025-04-26_G22,10109757ROCHAG,2025-04-26,117808,1,30,0,693.0
10109757ROCHAG_2025-04-26_G23,10109757ROCHAG,2025-04-26,109643,1,4,0,496.0
10109757ROCHAG_2025-04-26_G24,10109757ROCHAG,2025-04-26,118094,1,2,0,136.0
10109757ROCHAG_2025-04-26_G25,10109757ROCHAG,2025-04-26,111660,1,3,0,222.0
10109757ROCHAG_2025-04-26_G26,10109757ROCHAG,2025-04-26,110313,1,4,0,575.0
10109757ROCHAG_2025-04-26_G27,10109757ROCHAG,2025-04-26,110895,1,4,0,216.0
10109757ROCHAG_2025-04-26_G28,10109757ROCHAG,2025-04-26,110515,1,8,0,393.0
10109757ROCHAG_2025-04-26_G29,10109757ROCHAG,2025-04-26,111468,1,4,0,145.0
10109757ROCHAG_2025-04-26_G30,10109757ROCHAG,2025-04-26,111172,1,4,0,171.0
10109757ROCHAG_2025-04-26_G31,10109757ROCHAG,2025-04-26,108798,1,4,0,58.0
10109757ROCHAG_2025-04-26_G32,10109757ROCHAG,2025-04-26,111418,1,4,0,246.0
10109757ROCHAG_2025-04-26_G33,10109757ROCHAG,2025-04-26,108772,1,4,0,449.0
10109757ROCHAG_2025-04-27_G02,10109757ROCHAG,2025-04-27,111435,1,4,0,75.0
10109757ROCHAG_2025-04-27_G03,10109757ROCHAG,2025-04-27,117821,1,4,0,100.0
10109757ROCHAG_2025-04-27_G04,10109757ROCHAG,2025-04-27,117785,1,14,0,92.0
10109757ROCHAG_2025-04-27_G05,10109757ROCHAG,2025-04-27,141047,1,4,0,113.0
10109757ROCHAG_2025-04-27_G06,10109757ROCHAG,2025-04-27,110374,1,12,0,177.0
10109757ROCHAG_2025-04-27_G07,10109757ROCHAG,2025-04-27,117820,1,20,0,520.0
10109757ROCHAG_2025-04-28_G02,10109757ROCHAG,2025-04-28,110895,1,4,0,153.0
10109757ROCHAG_2025-04-28_G03,10109757ROCHAG,2025-04-28,115234,1,1,0,68.0
10109757ROCHAG_2025-04-28_G04,10109757ROCHAG,2025-04-28,109641,1,8,0,205.0
10109757ROCHAG_2025-04-28_G05,10109757ROCHAG,2025-04-28,109640,1,4,0,154.0
10109757ROCHAG_2025-04-28_G06,10109757ROCHAG,2025-04-28,109640,1,8,0,235.0
10109757ROCHAG_2025-04-28_G07,10109757ROCHAG,2025-04-28,109640,1,10,0,459.0
10109757ROCHAG_2025-04-28_G08,10109757ROCHAG,2025-04-28,118140,1,4,0,207.0
10109757ROCHAG_2025-04-28_G09,10109757ROCHAG,2025-04-28,110787,1,2,0,67.0
10109757ROCHAG_2025-04-28_G10,10109757ROCHAG,2025-04-28,116527,1,4,0,96.0
10109757ROCHAG_2025-04-28_G11,10109757ROCHAG,2025-04-28,110372,1,30,0,253.0
10109757ROCHAG_2025-04-28_G12,10109757ROCHAG,2025-04-28,117808,1,100,0,2853.0
10109757ROCHAG_2025-04-28_G13,10109757ROCHAG,2025-04-28,117808,1,48,0,529.0
10109757ROCHAG_2025-04-28_G14,10109757ROCHAG,2025-04-28,118299,1,60,0,646.0
10109757ROCHAG_2025-04-28_G15,10109757ROCHAG,2025-04-28,117830,1,8,0,384.0
10109757ROCHAG_2025-04-28_G16,10109757ROCHAG,2025-04-28,110373,1,20,0,187.0
10109757ROCHAG_2025-04-28_G18,10109757ROCHAG,2025-04-28,110376,1,4,0,399.0
10109757ROCHAG_2025-04-28_G19,10109757ROCHAG,2025-04-28,110376,1,10,0,80.0
10109757ROCHAG_2025-04-28_G20,10109757ROCHAG,2025-04-28,111660,1,14,0,292.0
10109757ROCHAG_2025-04-28_G21,10109757ROCHAG,2025-04-28,117854,1,6,0,138.0
10109757ROCHAG_2025-04-28_G22,10109757ROCHAG,2025-04-28,110745,1,4,0,137.0
10109757ROCHAG_2025-04-28_G23,10109757ROCHAG,2025-04-28,118299,1,4,0,1111.0
10109757ROCHAG_2025-04-28_G24,10109757ROCHAG,2025-04-28,111660,1,32,0,979.0
10109757ROCHAG_2025-04-28_G25,10109757ROCHAG,2025-04-28,111444,1,8,0,1183.0
10109757ROCHAG_2025-04-28_G26,10109757ROCHAG,2025-04-28,100334,1,7,0,190.0
10109757ROCHAG_2025-04-28_G27,10109757ROCHAG,2025-04-28,108795,1,5,0,642.0
10109757ROCHAG_2025-04-28_G28,10109757ROCHAG,2025-04-28,111466,2,6,8,190.0
10109757ROCHAG_2025-04-28_G29,10109757ROCHAG,2025-04-28,111444,1,3,0,113.0
10109757ROCHAG_2025-04-28_G30,10109757ROCHAG,2025-04-28,118140,1,5,0,111.0
10109757ROCHAG_2025-04-28_G31,10109757ROCHAG,2025-04-28,110745,1,4,0,73.0
10109757ROCHAG_2025-04-28_G32,10109757ROCHAG,2025-04-28,110787,1,1,0,86.0
10109757ROCHAG_2025-04-28_G33,10109757ROCHAG,2025-04-28,110374,1,7,0,314.0
10109757ROCHAG_2025-04-28_G34,10109757ROCHAG,2025-04-28,107830,1,4,0,53.0
10109757ROCHAG_2025-04-28_G36,10109757ROCHAG,2025-04-28,111743,1,14,0,349.0
10109757ROCHAG_2025-04-28_G37,10109757ROCHAG,2025-04-28,111743,1,20,0,485.0
10109757ROCHAG_2025-04-29_G02,10109757ROCHAG,2025-04-29,111569,1,4,0,103.0
10109757ROCHAG_2025-04-29_G03,10109757ROCHAG,2025-04-29,110747,1,4,0,86.0
10109757ROCHAG_2025-04-29_G04,10109757ROCHAG,2025-04-29,110742,1,2,0,94.0
10109757ROCHAG_2025-04-29_G05,10109757ROCHAG,2025-04-29,141047,1,4,0,871.0
10109757ROCHAG_2025-04-29_G06,10109757ROCHAG,2025-04-29,110339,1,5,0,96.0
10109757ROCHAG_2025-04-29_G07,10109757ROCHAG,2025-04-29,110756,1,6,0,192.0
10109757ROCHAG_2025-04-29_G08,10109757ROCHAG,2025-04-29,110313,1,12,0,457.0
10109757ROCHAG_2025-04-29_G09,10109757ROCHAG,2025-04-29,117837,1,4,0,89.0
10109757ROCHAG_2025-04-29_G10,10109757ROCHAG,2025-04-29,111469,1,16,0,227.0
10109757ROCHAG_2025-04-29_G11,10109757ROCHAG,2025-04-29,111433,1,4,0,109.0
10109757ROCHAG_2025-04-29_G12,10109757ROCHAG,2025-04-29,107830,1,6,0,113.0
10109757ROCHAG_2025-04-29_G13,10109757ROCHAG,2025-04-29,111438,1,3,0,116.0
10109757ROCHAG_2025-04-29_G14,10109757ROCHAG,2025-04-29,110372,1,177,0,1349.0
10109757ROCHAG_2025-04-29_G15,10109757ROCHAG,2025-04-29,118004,1,4,0,437.0
10109757ROCHAG_2025-04-29_G16,10109757ROCHAG,2025-04-29,118004,1,36,0,394.0
10109757ROCHAG_2025-04-29_G17,10109757ROCHAG,2025-04-29,118140,1,21,0,262.0
10109757ROCHAG_2025-04-29_G18,10109757ROCHAG,2025-04-29,108798,1,8,0,106.0
10109757ROCHAG_2025-04-29_G19,10109757ROCHAG,2025-04-29,111467,1,30,0,386.0
10109757ROCHAG_2025-04-29_G20,10109757ROCHAG,2025-04-29,110752,1,3,0,55.0
10109757ROCHAG_2025-04-29_G21,10109757ROCHAG,2025-04-29,117855,1,2,0,68.0
10109757ROCHAG_2025-04-29_G22,10109757ROCHAG,2025-04-29,108798,1,18,0,120.0
10109757ROCHAG_2025-04-29_G23,10109757ROCHAG,2025-04-29,117809,1,80,0,532.0
10109757ROCHAG_2025-04-29_G25,10109757ROCHAG,2025-04-29,110895,1,16,0,206.0
10109757ROCHAG_2025-04-29_G26,10109757ROCHAG,2025-04-29,111465,1,32,0,573.0
10109757ROCHAG_2025-04-29_G27,10109757ROCHAG,2025-04-29,108794,1,16,0,234.0
10109757ROCHAG_2025-04-29_G28,10109757ROCHAG,2025-04-29,109645,1,20,0,265.0
10109757ROCHAG_2025-04-29_G29,10109757ROCHAG,2025-04-29,110745,1,8,0,264.0
10109757ROCHAG_2025-04-29_G30,10109757ROCHAG,2025-04-29,111348,1,7,0,87.0
10109757ROCHAG_2025-04-29_G31,10109757ROCHAG,2025-04-29,110740,1,16,0,167.0
10109757ROCHAG_2025-04-29_G32,10109757ROCHAG,2025-04-29,110787,1,13,0,89.0
10109757ROCHAG_2025-04-29_G33,10109757ROCHAG,2025-04-29,110787,1,19,0,262.0
10109757ROCHAG_2025-04-29_G34,10109757ROCHAG,2025-04-29,110375,1,36,0,455.0
10109757ROCHAG_2025-04-29_G35,10109757ROCHAG,2025-04-29,110373,1,196,0,423.0
10109757ROCHAG_2025-04-29_G36,10109757ROCHAG,2025-04-29,117808,1,76,0,530.0
10109757ROCHAG_2025-04-29_G37,10109757ROCHAG,2025-04-29,111463,1,60,0,276.0
10109757ROCHAG_2025-04-29_G38,10109757ROCHAG,2025-04-29,118299,1,68,0,257.0
10109757ROCHAG_2025-04-29_G39,10109757ROCHAG,2025-04-29,110371,1,60,0,405.0
10109757ROCHAG_2025-04-29_G40,10109757ROCHAG,2025-04-29,110515,1,34,0,1247.0
10109757ROCHAG_2025-04-29_G41,10109757ROCHAG,2025-04-29,109640,1,30,0,240.0
10109757ROCHAG_2025-04-29_G42,10109757ROCHAG,2025-04-29,110372,1,60,0,916.0
10109757ROCHAG_2025-04-29_G43,10109757ROCHAG,2025-04-29,110372,1,150,0,1014.0
10109757ROCHAG_2025-04-29_G44,10109757ROCHAG,2025-04-29,110373,1,50,0,410.0
10109757ROCHAG_2025-04-29_G46,10109757ROCHAG,2025-04-29,110747,1,2,0,91.0
10109757ROCHAG_2025-04-29_G47,10109757ROCHAG,2025-04-29,109647,1,4,0,102.0
10109757ROCHAG_2025-04-29_G48,10109757ROCHAG,2025-04-29,110787,1,8,0,790.0
10109757ROCHAG_2025-04-29_G49,10109757ROCHAG,2025-04-29,117808,1,16,0,293.0
10109757ROCHAG_2025-04-29_G50,10109757ROCHAG,2025-04-29,111469,3,12,20,124.0
10109757ROCHAG_2025-04-29_G51,10109757ROCHAG,2025-04-29,111469,1,50,0,350.0
10109757ROCHAG_2025-04-29_G52,10109757ROCHAG,2025-04-29,111532,1,4,0,543.0
10109757ROCHAG_2025-04-29_G53,10109757ROCHAG,2025-04-29,110740,1,6,0,149.0
10109757ROCHAG_2025-04-29_G54,10109757ROCHAG,2025-04-29,110740,1,12,0,146.0
10109757ROCHAG_2025-04-30_G02,10109757ROCHAG,2025-04-30,111530,1,2,0,156.0
10109757ROCHAG_2025-04-30_G03,10109757ROCHAG,2025-04-30,117834,1,4,0,380.0
10109757ROCHAG_2025-04-30_G04,10109757ROCHAG,2025-04-30,110742,1,2,0,105.0
10109757ROCHAG_2025-04-30_G05,10109757ROCHAG,2025-04-30,117831,1,4,0,98.0
10109757ROCHAG_2025-04-30_G06,10109757ROCHAG,2025-04-30,111172,1,1,0,125.0
10109757ROCHAG_2025-04-30_G07,10109757ROCHAG,2025-04-30,118299,1,4,0,148.0
10109757ROCHAG_2025-04-30_G08,10109757ROCHAG,2025-04-30,109640,1,4,0,159.0
10109757ROCHAG_2025-04-30_G09,10109757ROCHAG,2025-04-30,106179,1,4,0,663.0
10109757ROCHAG_2025-04-30_G10,10109757ROCHAG,2025-04-30,118280,1,16,0,1135.0
10109757ROCHAG_2025-04-30_G11,10109757ROCHAG,2025-04-30,110841,1,12,0,380.0
10109757ROCHAG_2025-04-30_G12,10109757ROCHAG,2025-04-30,111832,1,2,0,417.0
10109757ROCHAG_2025-04-30_G13,10109757ROCHAG,2025-04-30,114097,1,12,0,336.0
10109757ROCHAG_2025-04-30_G14,10109757ROCHAG,2025-04-30,105359,1,11,0,492.0
10109757ROCHAG_2025-04-30_G15,10109757ROCHAG,2025-04-30,110895,1,7,0,205.0
10109757ROCHAG_2025-04-30_G16,10109757ROCHAG,2025-04-30,109974,1,8,0,227.0
10109757ROCHAG_2025-04-30_G17,10109757ROCHAG,2025-04-30,110317,1,4,0,130.0
10109757ROCHAG_2025-04-30_G18,10109757ROCHAG,2025-04-30,110313,1,12,0,251.0
10109757ROCHAG_2025-04-30_G19,10109757ROCHAG,2025-04-30,114091,1,14,0,448.0
10109757ROCHAG_2025-04-30_G20,10109757ROCHAG,2025-04-30,110711,1,8,0,390.0
10109757ROCHAG_2025-04-30_G21,10109757ROCHAG,2025-04-30,140922,1,60,0,1093.0
10109757ROCHAG_2025-04-30_G22,10109757ROCHAG,2025-04-30,117935,1,4,0,166.0
10109757ROCHAG_2025-04-30_G23,10109757ROCHAG,2025-04-30,110752,1,4,0,698.0
10109757ROCHAG_2025-04-30_G24,10109757ROCHAG,2025-04-30,117855,1,4,0,74.0
10109757ROCHAG_2025-04-30_G25,10109757ROCHAG,2025-04-30,110374,1,2,0,85.0
10109757ROCHAG_2025-04-30_G26,10109757ROCHAG,2025-04-30,110373,1,8,0,134.0
10109757ROCHAG_2025-04-30_G28,10109757ROCHAG,2025-04-30,107830,2,76,26,276.0
10109757ROCHAG_2025-04-30_G29,10109757ROCHAG,2025-04-30,110375,2,14,14,474.0
10109757ROCHAG_2025-04-30_G30,10109757ROCHAG,2025-04-30,110371,1,46,0,605.0
10109757ROCHAG_2025-04-30_G31,10109757ROCHAG,2025-04-30,110371,1,40,0,239.0
10109757ROCHAG_2025-04-30_G32,10109757ROCHAG,2025-04-30,110750,1,3,0,664.0
10109757ROCHAG_2025-04-30_G33,10109757ROCHAG,2025-04-30,108772,1,4,0,138.0
10109757ROCHAG_2025-04-30_G34,10109757ROCHAG,2025-04-30,108772,2,12,7,106.0
10109757ROCHAG_2025-04-30_G35,10109757ROCHAG,2025-04-30,111876,1,7,0,515.0
10109757ROCHAG_2025-04-30_G36,10109757ROCHAG,2025-04-30,110339,2,11,12,60.0
10109757ROCHAG_2025-04-30_G37,10109757ROCHAG,2025-04-30,110756,1,3,0,101.0
10109757ROCHAG_2025-04-30_G38,10109757ROCHAG,2025-04-30,110313,1,17,0,409.0
10109757ROCHAG_2025-04-30_G39,10109757ROCHAG,2025-04-30,110733,1,18,0,343.0
10109757ROCHAG_2025-04-30_G40,10109757ROCHAG,2025-04-30,117935,1,67,0,291.0
10109757ROCHAG_2025-04-30_G41,10109757ROCHAG,2025-04-30,117855,1,55,0,283.0
10109757ROCHAG_2025-04-30_G42,10109757ROCHAG,2025-04-30,108361,1,1,0,140.0
10109757ROCHAG_2025-04-30_G43,10109757ROCHAG,2025-04-30,110711,3,43,20,144.0
10109757ROCHAG_2025-04-30_G44,10109757ROCHAG,2025-04-30,110711,1,80,0,202.0
10109757ROCHAG_2025-04-30_G45,10109757ROCHAG,2025-04-30,110711,1,8,0,126.0
10109757ROCHAG_2025-04-30_G46,10109757ROCHAG,2025-04-30,117935,1,70,0,481.0
10109757ROCHAG_2025-04-30_G47,10109757ROCHAG,2025-04-30,117834,1,4,0,314.0
10109757ROCHAG_2025-04-30_G48,10109757ROCHAG,2025-04-30,110081,1,3,0,186.0
10109757ROCHAG_2025-04-30_G49,10109757ROCHAG,2025-04-30,108759,1,10,0,215.0
10109757ROCHAG_2025-04-30_G50,10109757ROCHAG,2025-04-30,118253,2,4,11,358.0
10109757ROCHAG_2025-05-01_G02,10109757ROCHAG,2025-05-01,107830,1,54,0,319.0
10109757ROCHAG_2025-05-01_G03,10109757ROCHAG,2025-05-01,111468,1,82,0,780.0
10109757ROCHAG_2025-05-01_G04,10109757ROCHAG,2025-05-01,111469,1,135,0,882.0
10109757ROCHAG_2025-05-01_G05,10109757ROCHAG,2025-05-01,118330,1,45,0,230.0
10109757ROCHAG_2025-05-01_G06,10109757ROCHAG,2025-05-01,111876,1,16,0,390.0
10109757ROCHAG_2025-05-01_G07,10109757ROCHAG,2025-05-01,110756,1,35,0,344.0
10109757ROCHAG_2025-05-01_G08,10109757ROCHAG,2025-05-01,111569,1,24,0,303.0
10109757ROCHAG_2025-05-01_G09,10109757ROCHAG,2025-05-01,110895,1,20,0,407.0
10109757ROCHAG_2025-05-01_G10,10109757ROCHAG,2025-05-01,110756,1,10,0,536.0
10109757ROCHAG_2025-05-01_G11,10109757ROCHAG,2025-05-01,110756,1,53,0,293.0
10109757ROCHAG_2025-05-01_G12,10109757ROCHAG,2025-05-01,111530,1,62,0,49.0
10109757ROCHAG_2025-05-01_G13,10109757ROCHAG,2025-05-01,110339,1,5,0,326.0
10109757ROCHAG_2025-05-01_G14,10109757ROCHAG,2025-05-01,110313,1,11,0,90.0
10109757ROCHAG_2025-05-01_G16,10109757ROCHAG,2025-05-01,111441,1,15,0,264.0
10109757ROCHAG_2025-05-01_G17,10109757ROCHAG,2025-05-01,111447,1,2,0,323.0
10109757ROCHAG_2025-05-01_G18,10109757ROCHAG,2025-05-01,111438,1,19,0,586.0
10109757ROCHAG_2025-05-01_G19,10109757ROCHAG,2025-05-01,109640,1,34,0,767.0
10109757ROCHAG_2025-05-01_G20,10109757ROCHAG,2025-05-01,110373,1,1250,0,3113.0
10109757ROCHAG_2025-05-01_G21,10109757ROCHAG,2025-05-01,110373,1,260,0,769.0
10109757ROCHAG_2025-05-03_G02,10109757ROCHAG,2025-05-03,111850,1,24,0,255.0
10109757ROCHAG_2025-05-03_G03,10109757ROCHAG,2025-05-03,118222,1,11,0,440.0
10109757ROCHAG_2025-05-03_G04,10109757ROCHAG,2025-05-03,110895,1,23,0,384.0
10109757ROCHAG_2025-05-06_G02,10109757ROCHAG,2025-05-06,110515,1,6,0,358.0
10109757ROCHAG_2025-05-06_G03,10109757ROCHAG,2025-05-06,105744,1,1,0,289.0
10109757ROCHAG_2025-05-06_G04,10109757ROCHAG,2025-05-06,108772,1,3,0,277.0
10109757ROCHAG_2025-05-06_G05,10109757ROCHAG,2025-05-06,111430,1,1,0,348.0
10109757ROCHAG_2025-05-06_G06,10109757ROCHAG,2025-05-06,117830,1,4,0,404.0
10109757ROCHAG_2025-05-06_G07,10109757ROCHAG,2025-05-06,111468,1,4,0,187.0
10109757ROCHAG_2025-05-06_G08,10109757ROCHAG,2025-05-06,110740,1,2,0,134.0
10109757ROCHAG_2025-05-06_G09,10109757ROCHAG,2025-05-06,118004,1,8,0,252.0
10109757ROCHAG_2025-05-06_G10,10109757ROCHAG,2025-05-06,110733,1,2,0,324.0
10109757ROCHAG_2025-05-06_G11,10109757ROCHAG,2025-05-06,111530,1,10,0,164.0
10109757ROCHAG_2025-05-06_G12,10109757ROCHAG,2025-05-06,108711,1,4,0,131.0
10109757ROCHAG_2025-05-06_G13,10109757ROCHAG,2025-05-06,105705,1,4,0,170.0
10109757ROCHAG_2025-05-06_G14,10109757ROCHAG,2025-05-06,111532,1,4,0,416.0
10109757ROCHAG_2025-05-06_G15,10109757ROCHAG,2025-05-06,109641,1,2,0,61.0
10109757ROCHAG_2025-05-06_G16,10109757ROCHAG,2025-05-06,111172,1,2,0,44.0
10109757ROCHAG_2025-05-06_G17,10109757ROCHAG,2025-05-06,108798,1,4,0,48.0
10109757ROCHAG_2025-05-06_G18,10109757ROCHAG,2025-05-06,111467,1,2,0,85.0
10109757ROCHAG_2025-05-06_G19,10109757ROCHAG,2025-05-06,110311,1,2,0,179.0
10109757ROCHAG_2025-05-06_G20,10109757ROCHAG,2025-05-06,140922,1,6,0,124.0
10109757ROCHAG_2025-05-06_G21,10109757ROCHAG,2025-05-06,111418,1,11,0,167.0
10109757ROCHAG_2025-05-06_G22,10109757ROCHAG,2025-05-06,117838,1,4,0,98.0
10109757ROCHAG_2025-05-06_G23,10109757ROCHAG,2025-05-06,101217,1,1,0,114.0
10109757ROCHAG_2025-05-06_G24,10109757ROCHAG,2025-05-06,110711,1,9,0,94.0
10109757ROCHAG_2025-05-06_G25,10109757ROCHAG,2025-05-06,111348,1,2,0,81.0
10109757ROCHAG_2025-05-06_G26,10109757ROCHAG,2025-05-06,117809,1,6,0,171.0
10109757ROCHAG_2025-05-06_G27,10109757ROCHAG,2025-05-06,109643,1,4,0,94.0
10109757ROCHAG_2025-05-06_G28,10109757ROCHAG,2025-05-06,117822,1,2,0,923.0
10109757ROCHAG_2025-05-06_G29,10109757ROCHAG,2025-05-06,107830,1,4,0,155.0
10109757ROCHAG_2025-05-06_G30,10109757ROCHAG,2025-05-06,118094,1,2,0,121.0
10109757ROCHAG_2025-05-06_G31,10109757ROCHAG,2025-05-06,110753,1,4,0,236.0
10109757ROCHAG_2025-05-06_G32,10109757ROCHAG,2025-05-06,117853,1,2,0,63.0
10109757ROCHAG_2025-05-06_G33,10109757ROCHAG,2025-05-06,117856,1,6,0,92.0
10109757ROCHAG_2025-05-06_G34,10109757ROCHAG,2025-05-06,108770,1,4,0,980.0
10109757ROCHAG_2025-05-07_G02,10109757ROCHAG,2025-05-07,107892,1,4,0,135.0
10109757ROCHAG_2025-05-07_G03,10109757ROCHAG,2025-05-07,111602,1,5,0,236.0
10109757ROCHAG_2025-05-07_G04,10109757ROCHAG,2025-05-07,108772,1,4,0,176.0
10109757ROCHAG_2025-05-07_G05,10109757ROCHAG,2025-05-07,110756,1,6,0,1164.0
10109757ROCHAG_2025-05-07_G06,10109757ROCHAG,2025-05-07,111468,1,3,0,426.0
10109757ROCHAG_2025-05-07_G07,10109757ROCHAG,2025-05-07,111465,1,2,0,55.0
10109757ROCHAG_2025-05-07_G08,10109757ROCHAG,2025-05-07,107629,1,6,0,165.0
10109757ROCHAG_2025-05-07_G09,10109757ROCHAG,2025-05-07,110339,1,6,0,558.0
10109757ROCHAG_2025-05-07_G10,10109757ROCHAG,2025-05-07,110313,1,5,0,59.0
10109757ROCHAG_2025-05-07_G11,10109757ROCHAG,2025-05-07,111463,1,6,0,66.0
10109757ROCHAG_2025-05-07_G12,10109757ROCHAG,2025-05-07,111462,1,4,0,62.0
10109757ROCHAG_2025-05-07_G13,10109757ROCHAG,2025-05-07,118004,1,4,0,116.0
10109757ROCHAG_2025-05-07_G14,10109757ROCHAG,2025-05-07,118299,1,2,0,61.0
10109757ROCHAG_2025-05-07_G15,10109757ROCHAG,2025-05-07,111530,1,4,0,130.0
10109757ROCHAG_2025-05-07_G16,10109757ROCHAG,2025-05-07,108711,1,4,0,261.0
10109757ROCHAG_2025-05-07_G17,10109757ROCHAG,2025-05-07,110745,1,6,0,70.0
10109757ROCHAG_2025-05-07_G18,10109757ROCHAG,2025-05-07,111466,1,8,0,1134.0
10109757ROCHAG_2025-05-07_G19,10109757ROCHAG,2025-05-07,110373,1,6,0,128.0
10109757ROCHAG_2025-05-07_G20,10109757ROCHAG,2025-05-07,110372,1,8,0,129.0
10109757ROCHAG_2025-05-07_G21,10109757ROCHAG,2025-05-07,111532,1,4,0,155.0
10109757ROCHAG_2025-05-07_G22,10109757ROCHAG,2025-05-07,111172,1,4,0,59.0
10109757ROCHAG_2025-05-07_G23,10109757ROCHAG,2025-05-07,111418,1,12,0,166.0
10109757ROCHAG_2025-05-07_G24,10109757ROCHAG,2025-05-07,110895,1,12,0,392.0
10109757ROCHAG_2025-05-07_G25,10109757ROCHAG,2025-05-07,111110,1,2,0,51.0
10109757ROCHAG_2025-05-07_G26,10109757ROCHAG,2025-05-07,110515,1,4,0,122.0
10109757ROCHAG_2025-05-07_G27,10109757ROCHAG,2025-05-07,110711,1,3,0,70.0
10109757ROCHAG_2025-05-07_G28,10109757ROCHAG,2025-05-07,117808,1,3,0,104.0
10109757ROCHAG_2025-05-07_G29,10109757ROCHAG,2025-05-07,107236,1,2,0,118.0
10109757ROCHAG_2025-05-07_G30,10109757ROCHAG,2025-05-07,109640,1,30,0,723.0
10109757ROCHAG_2025-05-07_G31,10109757ROCHAG,2025-05-07,110582,1,2,0,193.0
10109757ROCHAG_2025-05-07_G32,10109757ROCHAG,2025-05-07,118094,1,8,0,305.0
10109757ROCHAG_2025-05-07_G33,10109757ROCHAG,2025-05-07,111530,1,12,0,267.0
10109757ROCHAG_2025-05-07_G34,10109757ROCHAG,2025-05-07,111444,1,2,0,87.0
10109757ROCHAG_2025-05-07_G35,10109757ROCHAG,2025-05-07,110129,1,7,0,146.0
10109757ROCHAG_2025-05-07_G36,10109757ROCHAG,2025-05-07,111530,1,12,0,596.0
10109757ROCHAG_2025-05-07_G37,10109757ROCHAG,2025-05-07,118299,1,10,0,1092.0
10109757ROCHAG_2025-05-07_G38,10109757ROCHAG,2025-05-07,110372,1,8,0,143.0
10109757ROCHAG_2025-05-07_G39,10109757ROCHAG,2025-05-07,117808,1,8,0,141.0
10109757ROCHAG_2025-05-07_G41,10109757ROCHAG,2025-05-07,111443,1,13,0,1404.0
10109757ROCHAG_2025-05-07_G42,10109757ROCHAG,2025-05-07,111443,1,15,0,39.0
10109757ROCHAG_2025-05-07_G43,10109757ROCHAG,2025-05-07,111435,1,20,0,713.0
10109757ROCHAG_2025-05-07_G44,10109757ROCHAG,2025-05-07,110740,1,12,0,245.0
10109757ROCHAG_2025-05-07_G45,10109757ROCHAG,2025-05-07,110740,1,12,0,39.0
10109757ROCHAG_2025-05-07_G46,10109757ROCHAG,2025-05-07,108795,1,23,0,464.0
10109757ROCHAG_2025-05-07_G47,10109757ROCHAG,2025-05-07,105705,1,85,0,975.0
10109757ROCHAG_2025-05-07_G48,10109757ROCHAG,2025-05-07,109641,1,4,0,349.0
10109757ROCHAG_2025-05-07_G49,10109757ROCHAG,2025-05-07,118223,1,6,0,175.0
10109757ROCHAG_2025-05-07_G50,10109757ROCHAG,2025-05-07,111442,1,40,0,451.0
10109757ROCHAG_2025-05-07_G51,10109757ROCHAG,2025-05-07,110787,1,85,0,471.0
10109757ROCHAG_2025-05-07_G52,10109757ROCHAG,2025-05-07,107236,1,3,0,69.0
10109757ROCHAG_2025-05-07_G53,10109757ROCHAG,2025-05-07,100334,1,3,0,1027.0
10109757ROCHAG_2025-05-07_G54,10109757ROCHAG,2025-05-07,111569,1,4,0,126.0
10109757ROCHAG_2025-05-07_G55,10109757ROCHAG,2025-05-07,111430,1,8,0,128.0
10109757ROCHAG_2025-05-07_G56,10109757ROCHAG,2025-05-07,110755,1,10,0,175.0
10109757ROCHAG_2025-05-07_G57,10109757ROCHAG,2025-05-07,107629,1,2,0,217.0
10109757ROCHAG_2025-05-07_G58,10109757ROCHAG,2025-05-07,111463,1,4,0,87.0
10109757ROCHAG_2025-05-07_G59,10109757ROCHAG,2025-05-07,110325,1,4,0,78.0
10109757ROCHAG_2025-05-07_G60,10109757ROCHAG,2025-05-07,110373,1,80,0,452.0
10109757ROCHAG_2025-05-07_G61,10109757ROCHAG,2025-05-07,111172,1,2,0,242.0
10109757ROCHAG_2025-05-07_G62,10109757ROCHAG,2025-05-07,111418,1,10,0,133.0
10109757ROCHAG_2025-05-07_G63,10109757ROCHAG,2025-05-07,110748,1,2,0,299.0
10109757ROCHAG_2025-05-07_G64,10109757ROCHAG,2025-05-07,111438,1,6,0,240.0
10109757ROCHAG_2025-05-07_G65,10109757ROCHAG,2025-05-07,115234,1,2,0,70.0
10109757ROCHAG_2025-05-07_G66,10109757ROCHAG,2025-05-07,109937,1,2,0,102.0
10109757ROCHAG_2025-05-07_G67,10109757ROCHAG,2025-05-07,109645,1,4,0,154.0
10109757ROCHAG_2025-05-07_G68,10109757ROCHAG,2025-05-07,118140,1,8,0,96.0
10109757ROCHAG_2025-05-07_G69,10109757ROCHAG,2025-05-07,111442,1,2,0,63.0
10109757ROCHAG_2025-05-07_G70,10109757ROCHAG,2025-05-07,107236,1,4,0,100.0
10109757ROCHAG_2025-05-07_G71,10109757ROCHAG,2025-05-07,160051,1,2,0,88.0
10109757ROCHAG_2025-05-07_G72,10109757ROCHAG,2025-05-07,118222,1,4,0,133.0
10109757ROCHAG_2025-05-08_G02,10109757ROCHAG,2025-05-08,110374,1,4,0,188.0
10109757ROCHAG_2025-05-08_G03,10109757ROCHAG,2025-05-08,110372,1,2,0,43.0
10109757ROCHAG_2025-05-08_G04,10109757ROCHAG,2025-05-08,110376,1,2,0,111.0
10109757ROCHAG_2025-05-08_G05,10109757ROCHAG,2025-05-08,110371,1,3,0,113.0
10109757ROCHAG_2025-05-08_G06,10109757ROCHAG,2025-05-08,117808,1,6,0,98.0
10109757ROCHAG_2025-05-08_G07,10109757ROCHAG,2025-05-08,117831,1,3,0,119.0
10109757ROCHAG_2025-05-08_G08,10109757ROCHAG,2025-05-08,110787,1,4,0,111.0
10109757ROCHAG_2025-05-08_G09,10109757ROCHAG,2025-05-08,110515,1,2,0,135.0
10109757ROCHAG_2025-05-08_G10,10109757ROCHAG,2025-05-08,110754,1,2,0,452.0
10109757ROCHAG_2025-05-08_G11,10109757ROCHAG,2025-05-08,110754,1,5,0,104.0
10109757ROCHAG_2025-05-08_G12,10109757ROCHAG,2025-05-08,111182,1,3,0,235.0
10109757ROCHAG_2025-05-08_G13,10109757ROCHAG,2025-05-08,111182,1,4,0,123.0
10109757ROCHAG_2025-05-08_G14,10109757ROCHAG,2025-05-08,117786,1,4,0,686.0
10109757ROCHAG_2025-05-08_G15,10109757ROCHAG,2025-05-08,107892,1,4,0,189.0
10109757ROCHAG_2025-05-08_G16,10109757ROCHAG,2025-05-08,107892,1,1,0,36.0
10109757ROCHAG_2025-05-08_G17,10109757ROCHAG,2025-05-08,108759,1,5,0,257.0
10109757ROCHAG_2025-05-08_G18,10109757ROCHAG,2025-05-08,111172,1,5,0,420.0
10109757ROCHAG_2025-05-08_G19,10109757ROCHAG,2025-05-08,111182,1,3,0,193.0
10109757ROCHAG_2025-05-08_G20,10109757ROCHAG,2025-05-08,117787,1,3,0,2332.0
10109757ROCHAG_2025-05-08_G21,10109757ROCHAG,2025-05-08,108711,1,6,0,69.0
10109757ROCHAG_2025-05-08_G22,10109757ROCHAG,2025-05-08,107236,1,4,0,128.0
10109757ROCHAG_2025-05-08_G23,10109757ROCHAG,2025-05-08,109647,1,1,0,316.0
10109757ROCHAG_2025-05-08_G24,10109757ROCHAG,2025-05-08,111530,1,6,0,224.0
10109757ROCHAG_2025-05-08_G25,10109757ROCHAG,2025-05-08,109647,1,8,0,176.0
10109757ROCHAG_2025-05-08_G26,10109757ROCHAG,2025-05-08,111530,1,8,0,275.0
10109757ROCHAG_2025-05-08_G27,10109757ROCHAG,2025-05-08,111443,1,4,0,129.0
10109757ROCHAG_2025-05-08_G28,10109757ROCHAG,2025-05-08,140911,1,2,0,123.0
10109757ROCHAG_2025-05-08_G30,10109757ROCHAG,2025-05-08,140922,1,7,0,271.0
10109757ROCHAG_2025-05-08_G31,10109757ROCHAG,2025-05-08,111418,1,4,0,366.0
10109757ROCHAG_2025-05-08_G32,10109757ROCHAG,2025-05-08,117831,1,10,0,85.0
10109757ROCHAG_2025-05-08_G33,10109757ROCHAG,2025-05-08,118140,1,4,0,84.0
10109757ROCHAG_2025-05-08_G34,10109757ROCHAG,2025-05-08,107236,1,2,0,58.0
10109757ROCHAG_2025-05-08_G35,10109757ROCHAG,2025-05-08,111172,1,2,0,600.0
10109757ROCHAG_2025-05-08_G36,10109757ROCHAG,2025-05-08,111465,1,2,0,82.0
10109757ROCHAG_2025-05-08_G37,10109757ROCHAG,2025-05-08,110740,1,2,0,139.0
10109757ROCHAG_2025-05-08_G38,10109757ROCHAG,2025-05-08,111463,1,4,0,2043.0
10109757ROCHAG_2025-05-08_G39,10109757ROCHAG,2025-05-08,117785,1,10,0,659.0
10109757ROCHAG_2025-05-08_G40,10109757ROCHAG,2025-05-08,117787,1,2,0,83.0
10109757ROCHAG_2025-05-08_G41,10109757ROCHAG,2025-05-08,117837,1,4,0,1083.0
10109757ROCHAG_2025-05-08_G42,10109757ROCHAG,2025-05-08,108772,1,2,0,244.0
10109757ROCHAG_2025-05-08_G43,10109757ROCHAG,2025-05-08,110339,1,2,0,708.0
10109757ROCHAG_2025-05-08_G44,10109757ROCHAG,2025-05-08,117862,1,1,0,71.0
10109757ROCHAG_2025-05-08_G45,10109757ROCHAG,2025-05-08,117855,1,10,0,110.0
10109757ROCHAG_2025-05-08_G46,10109757ROCHAG,2025-05-08,117861,1,2,0,34.0
10109757ROCHAG_2025-05-08_G47,10109757ROCHAG,2025-05-08,117935,1,4,0,57.0
10109757ROCHAG_2025-05-08_G48,10109757ROCHAG,2025-05-08,117856,1,6,0,103.0
10109757ROCHAG_2025-05-08_G49,10109757ROCHAG,2025-05-08,117786,1,4,0,75.0
10109757ROCHAG_2025-05-08_G50,10109757ROCHAG,2025-05-08,110711,1,2,0,95.0
10109757ROCHAG_2025-05-08_G51,10109757ROCHAG,2025-05-08,110742,1,4,0,674.0
10109757ROCHAG_2025-05-08_G52,10109757ROCHAG,2025-05-08,111850,1,4,0,44.0
10109757ROCHAG_2025-05-08_G53,10109757ROCHAG,2025-05-08,118306,1,4,0,111.0
10109757ROCHAG_2025-05-08_G54,10109757ROCHAG,2025-05-08,110112,1,2,0,74.0
10109757ROCHAG_2025-05-08_G55,10109757ROCHAG,2025-05-08,111438,1,4,0,98.0
10109757ROCHAG_2025-05-08_G56,10109757ROCHAG,2025-05-08,110895,1,1,0,54.0
10109757ROCHAG_2025-05-08_G57,10109757ROCHAG,2025-05-08,111465,1,4,0,502.0
10109757ROCHAG_2025-05-08_G58,10109757ROCHAG,2025-05-08,111469,1,2,0,210.0
10109757ROCHAG_2025-05-08_G59,10109757ROCHAG,2025-05-08,117785,1,3,0,43.0
10109757ROCHAG_2025-05-08_G60,10109757ROCHAG,2025-05-08,108711,1,1,0,56.0
10109757ROCHAG_2025-05-08_G61,10109757ROCHAG,2025-05-08,111466,1,1,0,51.0
10109757ROCHAG_2025-05-08_G62,10109757ROCHAG,2025-05-08,117833,1,2,0,58.0
10109757ROCHAG_2025-05-08_G63,10109757ROCHAG,2025-05-08,108794,1,4,0,358.0
10109757ROCHAG_2025-05-08_G64,10109757ROCHAG,2025-05-08,107236,1,3,0,123.0
10109757ROCHAG_2025-05-09_G02,10109757ROCHAG,2025-05-09,117821,1,2,0,54.0
10109757ROCHAG_2025-05-09_G03,10109757ROCHAG,2025-05-09,111462,1,2,0,47.0
10109757ROCHAG_2025-05-09_G04,10109757ROCHAG,2025-05-09,111466,1,10,0,136.0
10109757ROCHAG_2025-05-09_G05,10109757ROCHAG,2025-05-09,"111418, 108794",2,9,26,356.0
10109757ROCHAG_2025-05-09_G06,10109757ROCHAG,2025-05-09,111442,1,2,0,154.0
10109757ROCHAG_2025-05-09_G07,10109757ROCHAG,2025-05-09,107236,1,6,0,45.0
10109757ROCHAG_2025-05-09_G08,10109757ROCHAG,2025-05-09,111465,1,1,0,70.0
10109757ROCHAG_2025-05-09_G09,10109757ROCHAG,2025-05-09,117808,1,50,0,888.0
10109757ROCHAG_2025-05-09_G10,10109757ROCHAG,2025-05-09,117809,1,20,0,162.0
10109757ROCHAG_2025-05-09_G11,10109757ROCHAG,2025-05-09,141202,1,2,0,83.0
10109757ROCHAG_2025-05-09_G12,10109757ROCHAG,2025-05-09,110372,1,30,0,1158.0
10109757ROCHAG_2025-05-09_G13,10109757ROCHAG,2025-05-09,117832,1,20,0,796.0
10109757ROCHAG_2025-05-09_G14,10109757ROCHAG,2025-05-09,110754,1,4,0,101.0
10109757ROCHAG_2025-05-09_G15,10109757ROCHAG,2025-05-09,118222,1,4,0,1519.0
10109757ROCHAG_2025-05-09_G16,10109757ROCHAG,2025-05-09,117786,1,3,0,55.0
10109757ROCHAG_2025-05-09_G17,10109757ROCHAG,2025-05-09,117785,1,6,0,97.0
10109757ROCHAG_2025-05-09_G18,10109757ROCHAG,2025-05-09,111418,1,4,0,83.0
10109757ROCHAG_2025-05-09_G19,10109757ROCHAG,2025-05-09,118299,1,1,0,80.0
10109757ROCHAG_2025-05-09_G20,10109757ROCHAG,2025-05-09,110374,1,1,0,324.0
10109757ROCHAG_2025-05-09_G21,10109757ROCHAG,2025-05-09,117832,1,1,0,49.0
10109757ROCHAG_2025-05-09_G22,10109757ROCHAG,2025-05-09,117830,1,5,0,114.0
10109757ROCHAG_2025-05-09_G23,10109757ROCHAG,2025-05-09,117808,1,2,0,67.0
10109757ROCHAG_2025-05-09_G25,10109757ROCHAG,2025-05-09,110742,1,4,0,152.0
10109757ROCHAG_2025-05-09_G26,10109757ROCHAG,2025-05-09,118299,1,18,0,139.0
10109757ROCHAG_2025-05-09_G27,10109757ROCHAG,2025-05-09,110372,1,14,0,296.0
10109757ROCHAG_2025-05-09_G28,10109757ROCHAG,2025-05-09,117822,1,8,0,146.0
10109757ROCHAG_2025-05-09_G29,10109757ROCHAG,2025-05-09,117830,1,4,0,143.0
10109757ROCHAG_2025-05-09_G30,10109757ROCHAG,2025-05-09,117809,1,5,0,225.0
10109757ROCHAG_2025-05-09_G31,10109757ROCHAG,2025-05-09,111463,1,11,0,1438.0
10109757ROCHAG_2025-05-09_G32,10109757ROCHAG,2025-05-09,108794,1,3,0,106.0
10109757ROCHAG_2025-05-09_G33,10109757ROCHAG,2025-05-09,111418,1,25,0,1910.0
10109757ROCHAG_2025-05-09_G34,10109757ROCHAG,2025-05-09,111467,1,3,0,137.0
10109757ROCHAG_2025-05-09_G35,10109757ROCHAG,2025-05-09,111602,1,4,0,911.0
10109757ROCHAG_2025-05-09_G36,10109757ROCHAG,2025-05-09,108711,1,6,0,208.0
10109757ROCHAG_2025-05-09_G37,10109757ROCHAG,2025-05-09,117855,1,6,0,349.0
10109757ROCHAG_2025-05-09_G38,10109757ROCHAG,2025-05-09,111467,1,3,0,361.0
10109757ROCHAG_2025-05-09_G39,10109757ROCHAG,2025-05-09,110752,1,2,0,54.0
10109757ROCHAG_2025-05-09_G40,10109757ROCHAG,2025-05-09,111530,1,2,0,82.0
10109757ROCHAG_2025-05-09_G41,10109757ROCHAG,2025-05-09,117786,1,2,0,45.0
10109757ROCHAG_2025-05-09_G42,10109757ROCHAG,2025-05-09,111602,1,8,0,144.0
10109757ROCHAG_2025-05-09_G43,10109757ROCHAG,2025-05-09,109647,1,2,0,257.0
10109757ROCHAG_2025-05-09_G44,10109757ROCHAG,2025-05-09,107629,1,2,0,118.0
10109757ROCHAG_2025-05-09_G45,10109757ROCHAG,2025-05-09,117837,1,4,0,74.0
10109757ROCHAG_2025-05-09_G46,10109757ROCHAG,2025-05-09,117862,1,2,0,68.0
10109757ROCHAG_2025-05-09_G47,10109757ROCHAG,2025-05-09,118306,1,2,0,111.0
10109757ROCHAG_2025-05-09_G48,10109757ROCHAG,2025-05-09,111602,1,4,0,90.0
10109757ROCHAG_2025-05-09_G49,10109757ROCHAG,2025-05-09,111469,1,20,0,968.0
10109757ROCHAG_2025-05-09_G50,10109757ROCHAG,2025-05-09,117785,1,12,0,267.0
10109757ROCHAG_2025-05-09_G51,10109757ROCHAG,2025-05-09,111466,1,16,0,137.0
10109757ROCHAG_2025-05-09_G52,10109757ROCHAG,2025-05-09,111172,1,8,0,85.0
10109757ROCHAG_2025-05-10_G02,10109757ROCHAG,2025-05-10,117820,1,2,0,116.0
10109757ROCHAG_2025-05-10_G03,10109757ROCHAG,2025-05-10,118306,1,2,0,66.0
10109757ROCHAG_2025-05-10_G04,10109757ROCHAG,2025-05-10,117785,1,2,0,213.0
10109757ROCHAG_2025-05-10_G05,10109757ROCHAG,2025-05-10,110745,1,2,0,84.0
10109757ROCHAG_2025-05-10_G06,10109757ROCHAG,2025-05-10,111463,1,2,0,42.0
10109757ROCHAG_2025-05-10_G07,10109757ROCHAG,2025-05-10,111466,1,2,0,48.0
10109757ROCHAG_2025-05-10_G08,10109757ROCHAG,2025-05-10,111172,1,2,0,70.0
10109757ROCHAG_2025-05-10_G09,10109757ROCHAG,2025-05-10,111418,1,4,0,87.0
10109757ROCHAG_2025-05-10_G10,10109757ROCHAG,2025-05-10,117838,1,2,0,122.0
10109757ROCHAG_2025-05-10_G11,10109757ROCHAG,2025-05-10,118140,1,2,0,68.0
10109757ROCHAG_2025-05-10_G12,10109757ROCHAG,2025-05-10,111530,1,1,0,97.0
10109757ROCHAG_2025-05-10_G13,10109757ROCHAG,2025-05-10,111602,1,2,0,75.0
10109757ROCHAG_2025-05-10_G14,10109757ROCHAG,2025-05-10,110325,1,4,0,165.0
10109757ROCHAG_2025-05-10_G15,10109757ROCHAG,2025-05-10,118299,1,10,0,129.0
10109757ROCHAG_2025-05-10_G16,10109757ROCHAG,2025-05-10,110372,1,8,0,379.0
10109757ROCHAG_2025-05-10_G17,10109757ROCHAG,2025-05-10,117830,1,4,0,100.0
10109757ROCHAG_2025-05-10_G18,10109757ROCHAG,2025-05-10,117808,1,15,0,114.0
10109757ROCHAG_2025-05-10_G19,10109757ROCHAG,2025-05-10,117809,1,3,0,37.0
10109757ROCHAG_2025-05-10_G21,10109757ROCHAG,2025-05-10,111348,1,78,0,1117.0
10109757ROCHAG_2025-05-10_G22,10109757ROCHAG,2025-05-10,111466,1,183,0,295.0
10109757ROCHAG_2025-05-11_G02,10109757ROCHAG,2025-05-11,110375,1,4,0,92.0
10109757ROCHAG_2025-05-11_G03,10109757ROCHAG,2025-05-11,110371,1,30,0,225.0
10109757ROCHAG_2025-05-11_G04,10109757ROCHAG,2025-05-11,117809,1,30,0,682.0
10109757ROCHAG_2025-05-11_G05,10109757ROCHAG,2025-05-11,117821,1,340,0,2904.0
10109757ROCHAG_2025-05-11_G06,10109757ROCHAG,2025-05-11,111532,1,210,0,746.0
10109757ROCHAG_2025-05-11_G07,10109757ROCHAG,2025-05-11,111330,1,129,0,1986.0
10109757ROCHAG_2025-05-11_G08,10109757ROCHAG,2025-05-11,111441,1,122,0,1244.0
10109757ROCHAG_2025-05-12_G02,10109757ROCHAG,2025-05-12,118299,1,2,0,59.0
10109757ROCHAG_2025-05-12_G03,10109757ROCHAG,2025-05-12,110373,1,6,0,102.0
10109757ROCHAG_2025-05-12_G04,10109757ROCHAG,2025-05-12,110374,1,1,0,82.0
10109757ROCHAG_2025-05-12_G05,10109757ROCHAG,2025-05-12,117830,1,1,0,91.0
10109757ROCHAG_2025-05-12_G06,10109757ROCHAG,2025-05-12,110371,1,1,0,134.0
10109757ROCHAG_2025-05-12_G07,10109757ROCHAG,2025-05-12,110740,1,7,0,180.0
10109757ROCHAG_2025-05-12_G08,10109757ROCHAG,2025-05-12,111469,1,12,0,166.0
10109757ROCHAG_2025-05-12_G09,10109757ROCHAG,2025-05-12,111466,1,1,0,132.0
10109757ROCHAG_2025-05-12_G10,10109757ROCHAG,2025-05-12,111532,1,1,0,49.0
10109757ROCHAG_2025-05-12_G11,10109757ROCHAG,2025-05-12,117855,1,5,0,88.0
10109757ROCHAG_2025-05-12_G12,10109757ROCHAG,2025-05-12,111530,1,4,0,132.0
10109757ROCHAG_2025-05-12_G13,10109757ROCHAG,2025-05-12,110515,1,1,0,68.0
10109757ROCHAG_2025-05-12_G14,10109757ROCHAG,2025-05-12,111441,1,4,0,148.0
10109757ROCHAG_2025-05-12_G15,10109757ROCHAG,2025-05-12,111569,1,3,0,491.0
10109757ROCHAG_2025-05-12_G16,10109757ROCHAG,2025-05-12,110325,1,5,0,461.0
10109757ROCHAG_2025-05-12_G17,10109757ROCHAG,2025-05-12,117820,1,3,0,43.0
10109757ROCHAG_2025-05-12_G18,10109757ROCHAG,2025-05-12,118299,1,8,0,107.0
10109757ROCHAG_2025-05-12_G19,10109757ROCHAG,2025-05-12,110373,1,3,0,41.0
10109757ROCHAG_2025-05-12_G20,10109757ROCHAG,2025-05-12,110374,1,4,0,54.0
10109757ROCHAG_2025-05-12_G21,10109757ROCHAG,2025-05-12,110372,1,9,0,70.0
10109757ROCHAG_2025-05-12_G22,10109757ROCHAG,2025-05-12,117830,1,6,0,92.0
10109757ROCHAG_2025-05-12_G23,10109757ROCHAG,2025-05-12,109643,1,1,0,65.0
10109757ROCHAG_2025-05-12_G24,10109757ROCHAG,2025-05-12,110740,1,1,0,232.0
10109757ROCHAG_2025-05-12_G25,10109757ROCHAG,2025-05-12,117785,1,1,0,129.0
10109757ROCHAG_2025-05-12_G26,10109757ROCHAG,2025-05-12,118140,1,10,0,124.0
10109757ROCHAG_2025-05-12_G27,10109757ROCHAG,2025-05-12,111463,1,4,0,90.0
10109757ROCHAG_2025-05-12_G28,10109757ROCHAG,2025-05-12,111532,1,10,0,86.0
10109757ROCHAG_2025-05-12_G29,10109757ROCHAG,2025-05-12,111876,1,1,0,135.0
10109757ROCHAG_2025-05-12_G30,10109757ROCHAG,2025-05-12,117853,1,9,0,418.0
10109757ROCHAG_2025-05-12_G31,10109757ROCHAG,2025-05-12,117856,1,2,0,59.0
10109757ROCHAG_2025-05-12_G32,10109757ROCHAG,2025-05-12,111602,1,9,0,158.0
10109757ROCHAG_2025-05-12_G33,10109757ROCHAG,2025-05-12,110711,1,4,0,88.0
10109757ROCHAG_2025-05-12_G34,10109757ROCHAG,2025-05-12,111569,1,2,0,857.0
10109757ROCHAG_2025-05-12_G35,10109757ROCHAG,2025-05-12,110895,1,1,0,68.0
10109757ROCHAG_2025-05-12_G36,10109757ROCHAG,2025-05-12,110325,1,7,0,170.0
10109757ROCHAG_2025-05-12_G37,10109757ROCHAG,2025-05-12,117820,1,6,0,92.0
10109757ROCHAG_2025-05-12_G38,10109757ROCHAG,2025-05-12,110373,1,23,0,263.0
10109757ROCHAG_2025-05-12_G39,10109757ROCHAG,2025-05-12,110374,1,5,0,88.0
10109757ROCHAG_2025-05-12_G40,10109757ROCHAG,2025-05-12,110372,1,26,0,405.0
10109757ROCHAG_2025-05-12_G41,10109757ROCHAG,2025-05-12,109643,1,3,0,126.0
10109757ROCHAG_2025-05-12_G42,10109757ROCHAG,2025-05-12,109643,1,2,0,32.0
10109757ROCHAG_2025-05-12_G43,10109757ROCHAG,2025-05-12,110740,1,2,0,213.0
10109757ROCHAG_2025-05-12_G44,10109757ROCHAG,2025-05-12,111469,1,2,0,65.0
10109757ROCHAG_2025-05-12_G45,10109757ROCHAG,2025-05-12,118140,1,5,0,79.0
10109757ROCHAG_2025-05-12_G46,10109757ROCHAG,2025-05-12,111182,1,8,0,94.0
10109757ROCHAG_2025-05-12_G47,10109757ROCHAG,2025-05-12,111466,1,3,0,89.0
10109757ROCHAG_2025-05-12_G48,10109757ROCHAG,2025-05-12,117785,1,2,0,89.0
10109757ROCHAG_2025-05-12_G49,10109757ROCHAG,2025-05-12,111418,1,8,0,203.0
10109757ROCHAG_2025-05-12_G50,10109757ROCHAG,2025-05-12,117855,1,2,0,306.0
10109757ROCHAG_2025-05-12_G51,10109757ROCHAG,2025-05-12,117856,1,1,0,74.0
10109757ROCHAG_2025-05-12_G52,10109757ROCHAG,2025-05-12,111530,1,4,0,80.0
10109757ROCHAG_2025-05-12_G53,10109757ROCHAG,2025-05-12,110515,1,3,0,120.0
10109757ROCHAG_2025-05-12_G54,10109757ROCHAG,2025-05-12,110711,1,2,0,66.0
10109757ROCHAG_2025-05-12_G55,10109757ROCHAG,2025-05-12,111441,1,9,0,188.0
10109757ROCHAG_2025-05-12_G56,10109757ROCHAG,2025-05-12,111430,1,15,0,513.0
10109757ROCHAG_2025-05-12_G57,10109757ROCHAG,2025-05-12,111438,1,21,0,577.0
10109757ROCHAG_2025-05-12_G58,10109757ROCHAG,2025-05-12,110895,1,2,0,68.0
10109757ROCHAG_2025-05-12_G59,10109757ROCHAG,2025-05-12,117785,1,2,0,83.0
10109757ROCHAG_2025-05-12_G61,10109757ROCHAG,2025-05-12,118299,1,200,0,969.0
10109757ROCHAG_2025-05-12_G62,10109757ROCHAG,2025-05-12,117830,1,20,0,269.0
10109757ROCHAG_2025-05-12_G63,10109757ROCHAG,2025-05-12,110371,1,50,0,1028.0
10109757ROCHAG_2025-05-12_G64,10109757ROCHAG,2025-05-12,109643,1,12,0,132.0
10109757ROCHAG_2025-05-12_G65,10109757ROCHAG,2025-05-12,108711,1,12,0,286.0
10109757ROCHAG_2025-05-12_G66,10109757ROCHAG,2025-05-12,108711,1,4,0,188.0
10109757ROCHAG_2025-05-12_G67,10109757ROCHAG,2025-05-12,108711,2,9,8,65.0
10109757ROCHAG_2025-05-12_G68,10109757ROCHAG,2025-05-12,105705,1,20,0,481.0
10109757ROCHAG_2025-05-12_G69,10109757ROCHAG,2025-05-12,140922,1,12,0,202.0
10109757ROCHAG_2025-05-12_G70,10109757ROCHAG,2025-05-12,110745,1,12,0,75.0
10109757ROCHAG_2025-05-12_G71,10109757ROCHAG,2025-05-12,110745,1,3,0,38.0
10109757ROCHAG_2025-05-12_G72,10109757ROCHAG,2025-05-12,111466,1,200,0,1018.0
10109757ROCHAG_2025-05-12_G73,10109757ROCHAG,2025-05-12,111532,1,12,0,345.0
10109757ROCHAG_2025-05-12_G74,10109757ROCHAG,2025-05-12,111418,1,50,0,1187.0
10109757ROCHAG_2025-05-12_G75,10109757ROCHAG,2025-05-12,117831,1,6,0,293.0
10109757ROCHAG_2025-05-12_G76,10109757ROCHAG,2025-05-12,117831,1,50,0,398.0
10109757ROCHAG_2025-05-12_G77,10109757ROCHAG,2025-05-12,118317,1,20,0,719.0
10109757ROCHAG_2025-05-12_G78,10109757ROCHAG,2025-05-12,111442,1,8,0,157.0
10109757ROCHAG_2025-05-12_G79,10109757ROCHAG,2025-05-12,110787,1,20,0,230.0
10109757ROCHAG_2025-05-12_G80,10109757ROCHAG,2025-05-12,111465,1,12,0,97.0
10109757ROCHAG_2025-05-12_G81,10109757ROCHAG,2025-05-12,108736,1,4,0,83.0
10109757ROCHAG_2025-05-12_G82,10109757ROCHAG,2025-05-12,117841,1,12,0,440.0
10109757ROCHAG_2025-05-12_G83,10109757ROCHAG,2025-05-12,111443,1,8,0,477.0
10109757ROCHAG_2025-05-12_G84,10109757ROCHAG,2025-05-12,111443,1,4,0,94.0
10109757ROCHAG_2025-05-12_G85,10109757ROCHAG,2025-05-12,117785,1,50,0,677.0
10109757ROCHAG_2025-05-13_G02,10109757ROCHAG,2025-05-13,117820,1,91,0,362.0
10109757ROCHAG_2025-05-13_G03,10109757ROCHAG,2025-05-13,110373,1,4,0,401.0
10109757ROCHAG_2025-05-13_G04,10109757ROCHAG,2025-05-13,110373,1,62,0,235.0
10109757ROCHAG_2025-05-13_G05,10109757ROCHAG,2025-05-13,110372,1,11,0,397.0
10109757ROCHAG_2025-05-13_G06,10109757ROCHAG,2025-05-13,118299,1,1,0,105.0
10109757ROCHAG_2025-05-13_G07,10109757ROCHAG,2025-05-13,118299,1,47,0,130.0
10109757ROCHAG_2025-05-13_G08,10109757ROCHAG,2025-05-13,117830,1,20,0,510.0
10109757ROCHAG_2025-05-13_G09,10109757ROCHAG,2025-05-13,110371,1,24,0,290.0
10109757ROCHAG_2025-05-13_G10,10109757ROCHAG,2025-05-13,109643,1,24,0,665.0
10109757ROCHAG_2025-05-13_G11,10109757ROCHAG,2025-05-13,111462,1,14,0,929.0
10109757ROCHAG_2025-05-13_G12,10109757ROCHAG,2025-05-13,109641,1,8,0,70.0
10109757ROCHAG_2025-05-13_G13,10109757ROCHAG,2025-05-13,118140,1,9,0,124.0
10109757ROCHAG_2025-05-13_G14,10109757ROCHAG,2025-05-13,105705,1,4,0,67.0
10109757ROCHAG_2025-05-13_G15,10109757ROCHAG,2025-05-13,105705,1,2,0,36.0
10109757ROCHAG_2025-05-13_G16,10109757ROCHAG,2025-05-13,111469,1,5,0,64.0
10109757ROCHAG_2025-05-13_G17,10109757ROCHAG,2025-05-13,140922,1,14,0,134.0
10109757ROCHAG_2025-05-13_G18,10109757ROCHAG,2025-05-13,110745,1,5,0,66.0
10109757ROCHAG_2025-05-13_G19,10109757ROCHAG,2025-05-13,111463,1,2,0,72.0
10109757ROCHAG_2025-05-13_G20,10109757ROCHAG,2025-05-13,111463,1,39,0,395.0
10109757ROCHAG_2025-05-13_G21,10109757ROCHAG,2025-05-13,111466,1,4,0,158.0
10109757ROCHAG_2025-05-13_G22,10109757ROCHAG,2025-05-13,111466,1,12,0,313.0
10109757ROCHAG_2025-05-13_G23,10109757ROCHAG,2025-05-13,111532,1,4,0,78.0
10109757ROCHAG_2025-05-13_G24,10109757ROCHAG,2025-05-13,111418,1,29,0,374.0
10109757ROCHAG_2025-05-13_G25,10109757ROCHAG,2025-05-13,110748,1,4,0,95.0
10109757ROCHAG_2025-05-13_G26,10109757ROCHAG,2025-05-13,109645,1,8,0,123.0
10109757ROCHAG_2025-05-13_G27,10109757ROCHAG,2025-05-13,117855,1,14,0,171.0
10109757ROCHAG_2025-05-13_G28,10109757ROCHAG,2025-05-13,111602,1,4,0,144.0
10109757ROCHAG_2025-05-13_G30,10109757ROCHAG,2025-05-13,110743,1,2,0,87.0
10109757ROCHAG_2025-05-13_G31,10109757ROCHAG,2025-05-13,110740,1,12,0,123.0
10109757ROCHAG_2025-05-13_G32,10109757ROCHAG,2025-05-13,111462,1,20,0,561.0
10109757ROCHAG_2025-05-13_G33,10109757ROCHAG,2025-05-13,108711,1,1,0,76.0
10109757ROCHAG_2025-05-13_G34,10109757ROCHAG,2025-05-13,111466,1,20,0,362.0
10109757ROCHAG_2025-05-13_G35,10109757ROCHAG,2025-05-13,117833,1,20,0,125.0
10109757ROCHAG_2025-05-13_G36,10109757ROCHAG,2025-05-13,111463,1,20,0,500.0
10109757ROCHAG_2025-05-13_G37,10109757ROCHAG,2025-05-13,108794,1,15,0,2435.0
10109757ROCHAG_2025-05-13_G38,10109757ROCHAG,2025-05-13,118140,1,70,0,520.0
10109757ROCHAG_2025-05-13_G39,10109757ROCHAG,2025-05-13,117821,1,50,0,495.0
10109757ROCHAG_2025-05-13_G40,10109757ROCHAG,2025-05-13,"117785, 111330",2,14,5,94.0
10109757ROCHAG_2025-05-13_G41,10109757ROCHAG,2025-05-13,117831,1,10,0,177.0
10109757ROCHAG_2025-05-13_G42,10109757ROCHAG,2025-05-13,"111348, 111465",2,11,28,111.0
10109757ROCHAG_2025-05-13_G43,10109757ROCHAG,2025-05-13,118094,1,2,0,432.0
10109757ROCHAG_2025-05-13_G44,10109757ROCHAG,2025-05-13,117862,1,20,0,230.0
10109757ROCHAG_2025-05-13_G45,10109757ROCHAG,2025-05-13,117786,1,6,0,173.0
10109757ROCHAG_2025-05-13_G46,10109757ROCHAG,2025-05-13,118298,1,6,0,386.0
10109757ROCHAG_2025-05-13_G47,10109757ROCHAG,2025-05-13,111445,1,96,0,1454.0
10109757ROCHAG_2025-05-13_G48,10109757ROCHAG,2025-05-13,118094,1,74,0,180.0
10109757ROCHAG_2025-05-13_G49,10109757ROCHAG,2025-05-13,118403,1,144,0,1029.0
10109757ROCHAG_2025-05-14_G02,10109757ROCHAG,2025-05-14,110743,1,26,0,465.0
10109757ROCHAG_2025-05-14_G03,10109757ROCHAG,2025-05-14,110376,1,13,0,169.0
10109757ROCHAG_2025-05-14_G05,10109757ROCHAG,2025-05-14,111172,1,56,0,631.0
10109757ROCHAG_2025-05-14_G06,10109757ROCHAG,2025-05-14,118317,1,60,0,618.0
10109757ROCHAG_2025-05-14_G07,10109757ROCHAG,2025-05-14,111465,1,64,0,360.0
10109757ROCHAG_2025-05-14_G08,10109757ROCHAG,2025-05-14,107830,1,43,0,465.0
10109757ROCHAG_2025-05-14_G09,10109757ROCHAG,2025-05-14,117855,1,39,0,379.0
10109757ROCHAG_2025-05-14_G10,10109757ROCHAG,2025-05-14,111467,1,40,0,339.0
10109757ROCHAG_2025-05-14_G11,10109757ROCHAG,2025-05-14,111439,1,125,0,533.0
10109757ROCHAG_2025-05-14_G12,10109757ROCHAG,2025-05-14,111441,1,30,0,649.0
10109757ROCHAG_2025-05-14_G13,10109757ROCHAG,2025-05-14,110754,1,42,0,145.0
10109757ROCHAG_2025-05-14_G14,10109757ROCHAG,2025-05-14,110754,1,20,0,484.0
10109757ROCHAG_2025-05-14_G15,10109757ROCHAG,2025-05-14,111569,1,30,0,371.0
10109757ROCHAG_2025-05-14_G16,10109757ROCHAG,2025-05-14,111438,1,32,0,739.0
10109757ROCHAG_2025-05-14_G17,10109757ROCHAG,2025-05-14,111330,1,24,0,920.0
10109757ROCHAG_2025-05-14_G19,10109757ROCHAG,2025-05-14,110374,1,4,0,480.0
10109757ROCHAG_2025-05-14_G20,10109757ROCHAG,2025-05-14,110376,1,2,0,870.0
10109757ROCHAG_2025-05-14_G21,10109757ROCHAG,2025-05-14,110371,1,12,0,179.0
10109757ROCHAG_2025-05-14_G22,10109757ROCHAG,2025-05-14,118140,1,1,0,194.0
10109757ROCHAG_2025-05-14_G23,10109757ROCHAG,2025-05-14,117787,1,3,0,77.0
10109757ROCHAG_2025-05-14_G24,10109757ROCHAG,2025-05-14,111469,1,4,0,123.0
10109757ROCHAG_2025-05-14_G25,10109757ROCHAG,2025-05-14,140922,1,1,0,155.0
10109757ROCHAG_2025-05-14_G26,10109757ROCHAG,2025-05-14,117821,1,3,0,109.0
10109757ROCHAG_2025-05-14_G27,10109757ROCHAG,2025-05-14,111466,1,3,0,55.0
10109757ROCHAG_2025-05-14_G28,10109757ROCHAG,2025-05-14,111532,1,3,0,52.0
10109757ROCHAG_2025-05-14_G29,10109757ROCHAG,2025-05-14,117785,1,4,0,149.0
10109757ROCHAG_2025-05-14_G30,10109757ROCHAG,2025-05-14,117856,1,2,0,320.0
10109757ROCHAG_2025-05-14_G31,10109757ROCHAG,2025-05-14,117786,1,1,0,482.0
10109757ROCHAG_2025-05-14_G32,10109757ROCHAG,2025-05-14,118222,1,4,0,124.0
10109757ROCHAG_2025-05-14_G33,10109757ROCHAG,2025-05-14,111418,1,20,0,2116.0
10109757ROCHAG_2025-05-14_G34,10109757ROCHAG,2025-05-14,117808,1,20,0,227.0
10109757ROCHAG_2025-05-14_G35,10109757ROCHAG,2025-05-14,117808,1,28,0,514.0
10109757ROCHAG_2025-05-14_G36,10109757ROCHAG,2025-05-14,111469,1,19,0,230.0
10109757ROCHAG_2025-05-14_G37,10109757ROCHAG,2025-05-14,117785,1,220,0,992.0
10109757ROCHAG_2025-05-14_G38,10109757ROCHAG,2025-05-14,109645,1,4,0,230.0
10109757ROCHAG_2025-05-15_G02,10109757ROCHAG,2025-05-15,110371,1,30,0,327.0
10109757ROCHAG_2025-05-15_G03,10109757ROCHAG,2025-05-15,110754,1,4,0,3273.0
10109757ROCHAG_2025-05-15_G04,10109757ROCHAG,2025-05-15,110895,1,20,0,341.0
10109757ROCHAG_2025-05-15_G05,10109757ROCHAG,2025-05-15,111437,1,6,0,153.0
10109757ROCHAG_2025-05-15_G06,10109757ROCHAG,2025-05-15,117821,1,110,0,1047.0
10109757ROCHAG_2025-05-15_G07,10109757ROCHAG,2025-05-15,117833,1,100,0,391.0
10109757ROCHAG_2025-05-15_G08,10109757ROCHAG,2025-05-15,111172,1,70,0,315.0
10109757ROCHAG_2025-05-15_G09,10109757ROCHAG,2025-05-15,117855,1,90,0,667.0
10109757ROCHAG_2025-05-15_G11,10109757ROCHAG,2025-05-15,110372,1,2,0,104.0
10109757ROCHAG_2025-05-15_G12,10109757ROCHAG,2025-05-15,110372,1,2,0,33.0
10109757ROCHAG_2025-05-15_G13,10109757ROCHAG,2025-05-15,117820,2,15,12,171.0
10109757ROCHAG_2025-05-15_G14,10109757ROCHAG,2025-05-15,110376,1,2,0,255.0
10109757ROCHAG_2025-05-15_G15,10109757ROCHAG,2025-05-15,110371,2,7,21,231.0
10109757ROCHAG_2025-05-15_G16,10109757ROCHAG,2025-05-15,117808,2,14,18,987.0
10109757ROCHAG_2025-05-15_G17,10109757ROCHAG,2025-05-15,111443,1,2,0,419.0
10109757ROCHAG_2025-05-15_G18,10109757ROCHAG,2025-05-15,110743,2,4,11,95.0
10109757ROCHAG_2025-05-15_G19,10109757ROCHAG,2025-05-15,110751,1,3,0,166.0
10109757ROCHAG_2025-05-15_G20,10109757ROCHAG,2025-05-15,110751,1,1,0,56.0
10109757ROCHAG_2025-05-15_G21,10109757ROCHAG,2025-05-15,111462,1,2,0,75.0
10109757ROCHAG_2025-05-15_G22,10109757ROCHAG,2025-05-15,111466,1,5,0,169.0
10109757ROCHAG_2025-05-15_G23,10109757ROCHAG,2025-05-15,111532,1,2,0,102.0
10109757ROCHAG_2025-05-15_G24,10109757ROCHAG,2025-05-15,117842,1,2,0,88.0
10109757ROCHAG_2025-05-15_G25,10109757ROCHAG,2025-05-15,117841,1,4,0,286.0
10109757ROCHAG_2025-05-15_G26,10109757ROCHAG,2025-05-15,118222,2,6,10,468.0
10109757ROCHAG_2025-05-15_G27,10109757ROCHAG,2025-05-15,110895,1,1,0,89.0
10109757ROCHAG_2025-05-15_G28,10109757ROCHAG,2025-05-15,111569,1,2,0,93.0
10109757ROCHAG_2025-05-15_G29,10109757ROCHAG,2025-05-15,117835,1,14,0,217.0
10109757ROCHAG_2025-05-15_G30,10109757ROCHAG,2025-05-15,117835,1,15,0,253.0
10109757ROCHAG_2025-05-15_G31,10109757ROCHAG,2025-05-15,116527,1,1,0,381.0
10109757ROCHAG_2025-05-15_G32,10109757ROCHAG,2025-05-15,117862,2,8,11,202.0
10109757ROCHAG_2025-05-15_G33,10109757ROCHAG,2025-05-15,111467,1,2,0,231.0
10109757ROCHAG_2025-05-15_G34,10109757ROCHAG,2025-05-15,111442,1,4,0,963.0
10109757ROCHAG_2025-05-15_G35,10109757ROCHAG,2025-05-15,105705,1,4,0,201.0
10109757ROCHAG_2025-05-15_G36,10109757ROCHAG,2025-05-15,109641,1,2,0,87.0
10109757ROCHAG_2025-05-15_G37,10109757ROCHAG,2025-05-15,110372,1,4,0,897.0
10109757ROCHAG_2025-05-15_G38,10109757ROCHAG,2025-05-15,110325,1,2,0,144.0
10109757ROCHAG_2025-05-15_G39,10109757ROCHAG,2025-05-15,110373,1,6,0,280.0
10109757ROCHAG_2025-05-15_G40,10109757ROCHAG,2025-05-15,117820,1,4,0,502.0
10109757ROCHAG_2025-05-15_G41,10109757ROCHAG,2025-05-15,118299,1,7,0,294.0
10109757ROCHAG_2025-05-15_G42,10109757ROCHAG,2025-05-15,110375,1,4,0,130.0
10109757ROCHAG_2025-05-15_G43,10109757ROCHAG,2025-05-15,117809,1,6,0,156.0
10109757ROCHAG_2025-05-15_G44,10109757ROCHAG,2025-05-15,117808,1,31,0,385.0
10109757ROCHAG_2025-05-16_G02,10109757ROCHAG,2025-05-16,111469,1,6,0,140.0
10109757ROCHAG_2025-05-16_G03,10109757ROCHAG,2025-05-16,140922,1,4,0,78.0
10109757ROCHAG_2025-05-16_G04,10109757ROCHAG,2025-05-16,111463,1,8,0,109.0
10109757ROCHAG_2025-05-16_G05,10109757ROCHAG,2025-05-16,117821,1,12,0,470.0
10109757ROCHAG_2025-05-16_G06,10109757ROCHAG,2025-05-16,118140,1,6,0,118.0
10109757ROCHAG_2025-05-16_G07,10109757ROCHAG,2025-05-16,117833,1,4,0,422.0
10109757ROCHAG_2025-05-16_G08,10109757ROCHAG,2025-05-16,111172,1,4,0,172.0
10109757ROCHAG_2025-05-16_G09,10109757ROCHAG,2025-05-16,111418,1,2,0,102.0
10109757ROCHAG_2025-05-16_G10,10109757ROCHAG,2025-05-16,117831,1,6,0,105.0
10109757ROCHAG_2025-05-16_G11,10109757ROCHAG,2025-05-16,118317,1,1,0,128.0
10109757ROCHAG_2025-05-16_G12,10109757ROCHAG,2025-05-16,117785,1,5,0,605.0
10109757ROCHAG_2025-05-16_G13,10109757ROCHAG,2025-05-16,118298,1,4,0,217.0
10109757ROCHAG_2025-05-16_G14,10109757ROCHAG,2025-05-16,117855,1,4,0,237.0
10109757ROCHAG_2025-05-16_G15,10109757ROCHAG,2025-05-16,111439,1,2,0,196.0
10109757ROCHAG_2025-05-16_G16,10109757ROCHAG,2025-05-16,111530,1,4,0,134.0
10109757ROCHAG_2025-05-16_G17,10109757ROCHAG,2025-05-16,111438,1,8,0,251.0
10109757ROCHAG_2025-05-16_G18,10109757ROCHAG,2025-05-16,111602,1,2,0,199.0
10109757ROCHAG_2025-05-16_G19,10109757ROCHAG,2025-05-16,110751,1,2,0,738.0
10109757ROCHAG_2025-05-16_G20,10109757ROCHAG,2025-05-16,111463,1,4,0,155.0
10109757ROCHAG_2025-05-16_G21,10109757ROCHAG,2025-05-16,111463,1,40,0,118.0
10109757ROCHAG_2025-05-16_G22,10109757ROCHAG,2025-05-16,117821,1,8,0,448.0
10109757ROCHAG_2025-05-16_G23,10109757ROCHAG,2025-05-16,111466,1,4,0,50.0
10109757ROCHAG_2025-05-16_G24,10109757ROCHAG,2025-05-16,118140,1,8,0,83.0
10109757ROCHAG_2025-05-16_G25,10109757ROCHAG,2025-05-16,118317,1,3,0,104.0
10109757ROCHAG_2025-05-16_G26,10109757ROCHAG,2025-05-16,110325,1,10,0,1466.0
10109757ROCHAG_2025-05-16_G27,10109757ROCHAG,2025-05-16,110373,1,45,0,574.0
10109757ROCHAG_2025-05-16_G28,10109757ROCHAG,2025-05-16,107830,1,2,0,72.0
10109757ROCHAG_2025-05-16_G29,10109757ROCHAG,2025-05-16,110372,1,35,0,560.0
10109757ROCHAG_2025-05-16_G30,10109757ROCHAG,2025-05-16,117820,1,15,0,158.0
10109757ROCHAG_2025-05-16_G31,10109757ROCHAG,2025-05-16,117840,1,2,0,87.0
10109757ROCHAG_2025-05-16_G32,10109757ROCHAG,2025-05-16,117822,1,1,0,56.0
10109757ROCHAG_2025-05-16_G33,10109757ROCHAG,2025-05-16,117822,1,9,0,60.0
10109757ROCHAG_2025-05-16_G35,10109757ROCHAG,2025-05-16,117830,1,70,0,1071.0
10109757ROCHAG_2025-05-16_G36,10109757ROCHAG,2025-05-16,"117809, 110374",2,100,20,611.0
10109757ROCHAG_2025-05-16_G37,10109757ROCHAG,2025-05-16,"109643, 160054",2,34,30,452.0
10109757ROCHAG_2025-05-16_G38,10109757ROCHAG,2025-05-16,"110373, 110372",2,130,26,32.0
10109757ROCHAG_2025-05-16_G39,10109757ROCHAG,2025-05-16,"117820, 118299",2,123,30,46.0
10109757ROCHAG_2025-05-16_G40,10109757ROCHAG,2025-05-16,117809,1,150,0,33.0
10109757ROCHAG_2025-05-16_G41,10109757ROCHAG,2025-05-16,117808,1,400,0,52.0
10109757ROCHAG_2025-05-16_G42,10109757ROCHAG,2025-05-16,110751,1,30,0,588.0
10109757ROCHAG_2025-05-16_G43,10109757ROCHAG,2025-05-16,110751,1,10,0,450.0
10109757ROCHAG_2025-05-16_G44,10109757ROCHAG,2025-05-16,118140,1,50,0,553.0
10109757ROCHAG_2025-05-16_G45,10109757ROCHAG,2025-05-16,118140,1,150,0,801.0
10109757ROCHAG_2025-05-16_G46,10109757ROCHAG,2025-05-16,111418,1,50,0,153.0
10109757ROCHAG_2025-05-16_G47,10109757ROCHAG,2025-05-16,160056,1,2,0,188.0
10109757ROCHAG_2025-05-16_G48,10109757ROCHAG,2025-05-16,160051,1,8,0,227.0
10109757ROCHAG_2025-05-16_G49,10109757ROCHAG,2025-05-16,160053,1,6,0,271.0
10109757ROCHAG_2025-05-16_G50,10109757ROCHAG,2025-05-16,160057,1,3,0,693.0
10109757ROCHAG_2025-05-17_G02,10109757ROCHAG,2025-05-17,111438,1,3,0,53.0
10109757ROCHAG_2025-05-17_G03,10109757ROCHAG,2025-05-17,111602,1,1,0,96.0
10109757ROCHAG_2025-05-17_G04,10109757ROCHAG,2025-05-17,111441,1,1,0,44.0
10109757ROCHAG_2025-05-17_G05,10109757ROCHAG,2025-05-17,110515,1,6,0,38.0
10109757ROCHAG_2025-05-17_G06,10109757ROCHAG,2025-05-17,111467,1,1,0,33.0
10109757ROCHAG_2025-05-17_G07,10109757ROCHAG,2025-05-17,111418,1,8,0,44.0
10109757ROCHAG_2025-05-17_G08,10109757ROCHAG,2025-05-17,110373,1,1,0,185.0
10109757ROCHAG_2025-05-17_G09,10109757ROCHAG,2025-05-17,100334,1,2,0,273.0
10109757ROCHAG_2025-05-17_G10,10109757ROCHAG,2025-05-17,111438,1,2,0,248.0
10109757ROCHAG_2025-05-17_G11,10109757ROCHAG,2025-05-17,111438,1,6,0,91.0
10109757ROCHAG_2025-05-17_G12,10109757ROCHAG,2025-05-17,111469,1,7,0,239.0
10109757ROCHAG_2025-05-17_G13,10109757ROCHAG,2025-05-17,111463,1,1,0,48.0
10109757ROCHAG_2025-05-17_G14,10109757ROCHAG,2025-05-17,110371,1,1,0,466.0
10109757ROCHAG_2025-05-17_G15,10109757ROCHAG,2025-05-17,111438,1,10,0,282.0
10109757ROCHAG_2025-05-17_G16,10109757ROCHAG,2025-05-17,111602,1,6,0,34.0
10109757ROCHAG_2025-05-17_G17,10109757ROCHAG,2025-05-17,111602,1,3,0,70.0
10109757ROCHAG_2025-05-17_G18,10109757ROCHAG,2025-05-17,117808,1,11,0,56.0
10109757ROCHAG_2025-05-17_G19,10109757ROCHAG,2025-05-17,118253,1,8,0,1123.0
10109757ROCHAG_2025-05-17_G20,10109757ROCHAG,2025-05-17,110373,1,2,0,37.0
10109757ROCHAG_2025-05-17_G21,10109757ROCHAG,2025-05-17,"110740, 111463, 111418",3,9,53,37.0
10109757ROCHAG_2025-05-17_G22,10109757ROCHAG,2025-05-17,110747,1,2,0,173.0
10109757ROCHAG_2025-05-17_G23,10109757ROCHAG,2025-05-17,118222,1,6,0,124.0
10109757ROCHAG_2025-05-17_G24,10109757ROCHAG,2025-05-17,111438,1,3,0,110.0
10109757ROCHAG_2025-05-17_G25,10109757ROCHAG,2025-05-17,141047,1,1,0,81.0
10109757ROCHAG_2025-05-17_G26,10109757ROCHAG,2025-05-17,111467,1,1,0,83.0
10109757ROCHAG_2025-05-17_G27,10109757ROCHAG,2025-05-17,110515,1,3,0,130.0
10109757ROCHAG_2025-05-19_G02,10109757ROCHAG,2025-05-19,111462,1,22,0,495.0
10109757ROCHAG_2025-05-19_G03,10109757ROCHAG,2025-05-19,108711,1,20,0,243.0
10109757ROCHAG_2025-05-19_G04,10109757ROCHAG,2025-05-19,140922,1,18,0,205.0
10109757ROCHAG_2025-05-19_G05,10109757ROCHAG,2025-05-19,117821,1,37,0,1324.0
10109757ROCHAG_2025-05-19_G06,10109757ROCHAG,2025-05-19,118140,1,27,0,274.0
10109757ROCHAG_2025-05-19_G07,10109757ROCHAG,2025-05-19,111532,1,33,0,1851.0
10109757ROCHAG_2025-05-19_G08,10109757ROCHAG,2025-05-19,110748,1,2,0,479.0
10109757ROCHAG_2025-05-19_G09,10109757ROCHAG,2025-05-19,111418,1,57,0,2277.0
10109757ROCHAG_2025-05-19_G10,10109757ROCHAG,2025-05-19,118004,1,20,0,223.0
10109757ROCHAG_2025-05-19_G11,10109757ROCHAG,2025-05-19,117831,1,37,0,500.0
10109757ROCHAG_2025-05-19_G12,10109757ROCHAG,2025-05-19,118317,1,19,0,130.0
10109757ROCHAG_2025-05-20_G02,10109757ROCHAG,2025-05-20,111463,2,25,8,302.0
10109757ROCHAG_2025-05-20_G03,10109757ROCHAG,2025-05-20,117855,1,50,0,523.0
10109757ROCHAG_2025-05-20_G04,10109757ROCHAG,2025-05-20,111467,1,53,0,1486.0
10109757ROCHAG_2025-05-20_G05,10109757ROCHAG,2025-05-20,110515,1,23,0,435.0
10109757ROCHAG_2025-05-20_G06,10109757ROCHAG,2025-05-20,110711,1,25,0,267.0
10109757ROCHAG_2025-05-20_G07,10109757ROCHAG,2025-05-20,111569,1,20,0,578.0
10109757ROCHAG_2025-05-20_G08,10109757ROCHAG,2025-05-20,110746,1,100,0,2676.0
10109757ROCHAG_2025-05-20_G09,10109757ROCHAG,2025-05-20,108711,1,12,0,654.0
10109757ROCHAG_2025-05-20_G10,10109757ROCHAG,2025-05-20,111466,1,50,0,718.0
10109757ROCHAG_2025-05-20_G11,10109757ROCHAG,2025-05-20,117833,1,30,0,1114.0
10109758LIMAF_2025-02-13_G02,10109758LIMAF,2025-02-13,108759,1,7,0,451.0
10109758LIMAF_2025-02-13_G03,10109758LIMAF,2025-02-13,118306,1,3,0,1265.0
10109758LIMAF_2025-02-13_G04,10109758LIMAF,2025-02-13,110895,1,20,0,312.0
10109758LIMAF_2025-02-13_G05,10109758LIMAF,2025-02-13,110325,1,2,0,2594.0
10109758LIMAF_2025-02-13_G06,10109758LIMAF,2025-02-13,110374,1,3,0,121.0
10109758LIMAF_2025-02-13_G07,10109758LIMAF,2025-02-13,107830,1,6,0,194.0
10109758LIMAF_2025-02-13_G08,10109758LIMAF,2025-02-13,109747,1,2,0,106.0
10109758LIMAF_2025-02-13_G09,10109758LIMAF,2025-02-13,117809,1,1,0,61.0
10109758LIMAF_2025-02-13_G10,10109758LIMAF,2025-02-13,107236,1,2,0,1164.0
10109758LIMAF_2025-02-13_G11,10109758LIMAF,2025-02-13,111532,1,1,0,102.0
10109758LIMAF_2025-02-13_G12,10109758LIMAF,2025-02-13,118140,1,20,0,374.0
10109758LIMAF_2025-02-13_G13,10109758LIMAF,2025-02-13,110745,1,1,0,54.0
10109758LIMAF_2025-02-13_G14,10109758LIMAF,2025-02-13,111465,1,12,0,301.0
10109758LIMAF_2025-02-13_G15,10109758LIMAF,2025-02-13,110373,1,40,0,1680.0
10109758LIMAF_2025-02-13_G16,10109758LIMAF,2025-02-13,110372,1,30,0,338.0
10109758LIMAF_2025-02-13_G17,10109758LIMAF,2025-02-13,117832,1,8,0,224.0
10109758LIMAF_2025-02-13_G18,10109758LIMAF,2025-02-13,117820,1,14,0,267.0
10109758LIMAF_2025-02-13_G19,10109758LIMAF,2025-02-13,117820,1,26,0,624.0
10109758LIMAF_2025-02-13_G20,10109758LIMAF,2025-02-13,117808,1,40,0,2163.0
10109758LIMAF_2025-02-13_G21,10109758LIMAF,2025-02-13,118416,1,1,0,938.0
10109758LIMAF_2025-02-13_G22,10109758LIMAF,2025-02-13,110317,1,2,0,577.0
10109758LIMAF_2025-02-13_G23,10109758LIMAF,2025-02-13,110448,1,2,0,565.0
10109758LIMAF_2025-02-13_G24,10109758LIMAF,2025-02-13,117786,1,3,0,245.0
10109758LIMAF_2025-02-13_G25,10109758LIMAF,2025-02-13,111466,1,8,0,530.0
10109758LIMAF_2025-02-13_G26,10109758LIMAF,2025-02-13,111466,1,2,0,46.0
10109758LIMAF_2025-02-13_G27,10109758LIMAF,2025-02-13,118317,1,3,0,215.0
10109758LIMAF_2025-02-13_G28,10109758LIMAF,2025-02-13,118140,1,6,0,175.0
10109758LIMAF_2025-02-13_G29,10109758LIMAF,2025-02-13,111602,1,12,0,982.0
10109758LIMAF_2025-02-13_G30,10109758LIMAF,2025-02-13,117832,1,4,0,180.0
10109758LIMAF_2025-02-13_G31,10109758LIMAF,2025-02-13,111602,1,3,0,311.0
10109758LIMAF_2025-02-13_G32,10109758LIMAF,2025-02-13,141047,1,2,0,466.0
10109758LIMAF_2025-02-13_G33,10109758LIMAF,2025-02-13,117838,1,4,0,187.0
10109758LIMAF_2025-02-13_G34,10109758LIMAF,2025-02-13,109645,1,2,0,100.0
10109758LIMAF_2025-02-13_G35,10109758LIMAF,2025-02-13,118317,1,2,0,100.0
10109758LIMAF_2025-02-13_G37,10109758LIMAF,2025-02-13,107830,1,40,0,519.0
10109758LIMAF_2025-02-13_G38,10109758LIMAF,2025-02-13,109747,1,80,0,1316.0
10109758LIMAF_2025-02-14_G02,10109758LIMAF,2025-02-14,109747,1,2,0,96.0
10109758LIMAF_2025-02-14_G03,10109758LIMAF,2025-02-14,141047,1,2,0,193.0
10109758LIMAF_2025-02-14_G04,10109758LIMAF,2025-02-14,117788,1,1,0,95.0
10109758LIMAF_2025-02-14_G05,10109758LIMAF,2025-02-14,110339,1,114,0,1127.0
10109758LIMAF_2025-02-14_G06,10109758LIMAF,2025-02-14,118094,1,49,0,841.0
10109758LIMAF_2025-02-14_G07,10109758LIMAF,2025-02-14,117821,1,84,0,1585.0
10109758LIMAF_2025-02-14_G08,10109758LIMAF,2025-02-14,111433,1,109,0,788.0
10109758LIMAF_2025-02-14_G09,10109758LIMAF,2025-02-14,105705,1,40,0,607.0
10109758LIMAF_2025-02-14_G10,10109758LIMAF,2025-02-14,118306,1,4,0,2353.0
10109758LIMAF_2025-02-14_G11,10109758LIMAF,2025-02-14,111466,1,16,0,261.0
10109758LIMAF_2025-02-14_G12,10109758LIMAF,2025-02-14,118140,1,9,0,227.0
10109758LIMAF_2025-02-14_G13,10109758LIMAF,2025-02-14,110373,1,40,0,1845.0
10109758LIMAF_2025-02-14_G14,10109758LIMAF,2025-02-14,110371,1,30,0,369.0
10109758LIMAF_2025-02-14_G15,10109758LIMAF,2025-02-14,117822,1,16,0,173.0
10109758LIMAF_2025-02-14_G16,10109758LIMAF,2025-02-14,110372,1,200,0,1150.0
10109758LIMAF_2025-02-14_G17,10109758LIMAF,2025-02-14,110374,1,50,0,729.0
10109758LIMAF_2025-02-14_G18,10109758LIMAF,2025-02-14,109643,1,3,0,777.0
10109758LIMAF_2025-02-14_G19,10109758LIMAF,2025-02-14,111431,1,4,0,2265.0
10109758LIMAF_2025-02-14_G20,10109758LIMAF,2025-02-14,111418,1,98,0,1030.0
10109758LIMAF_2025-02-14_G21,10109758LIMAF,2025-02-14,111532,1,33,0,526.0
10109758LIMAF_2025-02-14_G22,10109758LIMAF,2025-02-14,107236,1,3,0,125.0
10109758LIMAF_2025-02-14_G23,10109758LIMAF,2025-02-14,111468,1,8,0,191.0
10109758LIMAF_2025-02-14_G24,10109758LIMAF,2025-02-14,110129,1,8,0,136.0
10109758LIMAF_2025-02-14_G25,10109758LIMAF,2025-02-14,105705,1,10,0,893.0
10109758LIMAF_2025-02-14_G26,10109758LIMAF,2025-02-14,111462,1,15,0,156.0
10109758LIMAF_2025-02-14_G27,10109758LIMAF,2025-02-14,110325,1,18,0,428.0
10109758LIMAF_2025-02-14_G28,10109758LIMAF,2025-02-14,110374,1,43,0,448.0
10109758LIMAF_2025-02-14_G29,10109758LIMAF,2025-02-14,111439,1,4,0,854.0
10109758LIMAF_2025-02-15_G02,10109758LIMAF,2025-02-15,110515,1,12,0,300.0
10109758LIMAF_2025-02-15_G03,10109758LIMAF,2025-02-15,111530,1,12,0,267.0
10109758LIMAF_2025-02-15_G04,10109758LIMAF,2025-02-15,109645,1,2,0,123.0
10109758LIMAF_2025-02-15_G05,10109758LIMAF,2025-02-15,117785,1,20,0,244.0
10109758LIMAF_2025-02-15_G06,10109758LIMAF,2025-02-15,118299,1,50,0,644.0
10109758LIMAF_2025-02-15_G07,10109758LIMAF,2025-02-15,110373,1,20,0,322.0
10109758LIMAF_2025-02-15_G08,10109758LIMAF,2025-02-15,110372,1,30,0,290.0
10109758LIMAF_2025-02-15_G09,10109758LIMAF,2025-02-15,117820,1,20,0,364.0
10109758LIMAF_2025-02-15_G10,10109758LIMAF,2025-02-15,117837,1,2,0,758.0
10109758LIMAF_2025-02-15_G11,10109758LIMAF,2025-02-15,111530,1,4,0,134.0
10109758LIMAF_2025-02-15_G12,10109758LIMAF,2025-02-15,118299,1,20,0,392.0
10109758LIMAF_2025-02-15_G13,10109758LIMAF,2025-02-15,110372,1,20,0,461.0
10109758LIMAF_2025-02-15_G14,10109758LIMAF,2025-02-15,109643,1,2,0,127.0
10109758LIMAF_2025-02-15_G15,10109758LIMAF,2025-02-15,117820,1,12,0,238.0
10109758LIMAF_2025-02-15_G16,10109758LIMAF,2025-02-15,111467,1,100,0,1186.0
10109758LIMAF_2025-02-15_G17,10109758LIMAF,2025-02-15,110752,1,18,0,382.0
10109758LIMAF_2025-02-15_G18,10109758LIMAF,2025-02-15,110313,1,45,0,1245.0
10109758LIMAF_2025-02-15_G19,10109758LIMAF,2025-02-15,140922,1,40,0,2250.0
10109758LIMAF_2025-02-15_G20,10109758LIMAF,2025-02-15,111330,1,4,0,192.0
10109758LIMAF_2025-02-15_G21,10109758LIMAF,2025-02-15,109645,1,4,0,194.0
10109758LIMAF_2025-02-15_G22,10109758LIMAF,2025-02-15,105705,1,24,0,635.0
10109758LIMAF_2025-02-15_G23,10109758LIMAF,2025-02-15,118140,1,52,0,643.0
10109758LIMAF_2025-02-15_G24,10109758LIMAF,2025-02-15,118004,1,15,0,667.0
10109758LIMAF_2025-02-15_G25,10109758LIMAF,2025-02-15,110787,1,32,0,904.0
10109758LIMAF_2025-02-15_G27,10109758LIMAF,2025-02-15,118222,1,33,0,652.0
10109758LIMAF_2025-02-15_G28,10109758LIMAF,2025-02-15,110373,1,2,0,147.0
10109758LIMAF_2025-02-15_G29,10109758LIMAF,2025-02-15,110371,1,6,0,223.0
10109758LIMAF_2025-02-15_G30,10109758LIMAF,2025-02-15,110325,1,2,0,161.0
10109758LIMAF_2025-02-15_G31,10109758LIMAF,2025-02-15,117820,1,2,0,128.0
10109758LIMAF_2025-02-15_G32,10109758LIMAF,2025-02-15,118299,1,118,0,970.0
10109758LIMAF_2025-02-15_G33,10109758LIMAF,2025-02-15,110372,1,28,0,327.0
10109758LIMAF_2025-02-15_G34,10109758LIMAF,2025-02-15,110373,1,79,0,677.0
10109758LIMAF_2025-02-17_G02,10109758LIMAF,2025-02-17,110752,1,4,0,195.0
10109758LIMAF_2025-02-17_G03,10109758LIMAF,2025-02-17,111876,1,2,0,227.0
10109758LIMAF_2025-02-17_G04,10109758LIMAF,2025-02-17,111418,1,1,0,117.0
10109758LIMAF_2025-02-17_G05,10109758LIMAF,2025-02-17,110787,1,8,0,220.0
10109758LIMAF_2025-02-17_G06,10109758LIMAF,2025-02-17,111469,1,6,0,197.0
10109758LIMAF_2025-02-17_G07,10109758LIMAF,2025-02-17,111465,1,2,0,63.0
10109758LIMAF_2025-02-17_G08,10109758LIMAF,2025-02-17,118299,1,5,0,153.0
10109758LIMAF_2025-02-17_G09,10109758LIMAF,2025-02-17,118299,1,20,0,153.0
10109758LIMAF_2025-02-17_G10,10109758LIMAF,2025-02-17,110373,1,2,0,99.0
10109758LIMAF_2025-02-17_G11,10109758LIMAF,2025-02-17,110372,1,1,0,55.0
10109758LIMAF_2025-02-17_G12,10109758LIMAF,2025-02-17,117808,1,25,0,273.0
10109758LIMAF_2025-02-17_G13,10109758LIMAF,2025-02-17,117820,1,2,0,122.0
10109758LIMAF_2025-02-17_G14,10109758LIMAF,2025-02-17,117785,1,43,0,1197.0
10109758LIMAF_2025-02-17_G15,10109758LIMAF,2025-02-17,117809,1,8,0,348.0
10109758LIMAF_2025-02-17_G16,10109758LIMAF,2025-02-17,117808,1,700,0,2647.0
10109758LIMAF_2025-02-17_G17,10109758LIMAF,2025-02-17,118299,1,21,0,3092.0
10109758LIMAF_2025-02-17_G18,10109758LIMAF,2025-02-17,117808,1,3,0,118.0
10109758LIMAF_2025-02-17_G19,10109758LIMAF,2025-02-17,109643,1,7,0,145.0
10109758LIMAF_2025-02-17_G20,10109758LIMAF,2025-02-17,117832,1,7,0,101.0
10109758LIMAF_2025-02-17_G22,10109758LIMAF,2025-02-17,110373,1,2,0,52.0
10109758LIMAF_2025-02-17_G23,10109758LIMAF,2025-02-17,117820,1,1,0,183.0
10109758LIMAF_2025-02-17_G25,10109758LIMAF,2025-02-17,117808,1,1150,0,3371.0
10109758LIMAF_2025-02-17_G26,10109758LIMAF,2025-02-17,117809,1,28,0,316.0
10109758LIMAF_2025-02-18_G02,10109758LIMAF,2025-02-18,160054,1,1,0,197.0
10109758LIMAF_2025-02-18_G03,10109758LIMAF,2025-02-18,105705,2,4,28,203.0
10109758LIMAF_2025-02-18_G04,10109758LIMAF,2025-02-18,111418,1,1,0,540.0
10109758LIMAF_2025-02-18_G05,10109758LIMAF,2025-02-18,110740,1,2,0,111.0
10109758LIMAF_2025-02-18_G06,10109758LIMAF,2025-02-18,118140,1,2,0,116.0
10109758LIMAF_2025-02-18_G07,10109758LIMAF,2025-02-18,118223,1,2,0,157.0
10109758LIMAF_2025-02-18_G08,10109758LIMAF,2025-02-18,110371,1,4,0,214.0
10109758LIMAF_2025-02-18_G09,10109758LIMAF,2025-02-18,110375,1,4,0,231.0
10109758LIMAF_2025-02-18_G10,10109758LIMAF,2025-02-18,117809,1,1,0,87.0
10109758LIMAF_2025-02-18_G11,10109758LIMAF,2025-02-18,117861,1,2,0,210.0
10109758LIMAF_2025-02-18_G12,10109758LIMAF,2025-02-18,111465,1,1,0,109.0
10109758LIMAF_2025-02-18_G13,10109758LIMAF,2025-02-18,118223,1,1,0,141.0
10109758LIMAF_2025-02-18_G14,10109758LIMAF,2025-02-18,118299,1,8,0,1414.0
10109758LIMAF_2025-02-18_G15,10109758LIMAF,2025-02-18,110373,1,6,0,62.0
10109758LIMAF_2025-02-18_G16,10109758LIMAF,2025-02-18,110375,1,2,0,140.0
10109758LIMAF_2025-02-18_G17,10109758LIMAF,2025-02-18,110895,1,4,0,1052.0
10109758LIMAF_2025-02-18_G18,10109758LIMAF,2025-02-18,117808,1,50,0,477.0
10109758LIMAF_2025-02-18_G19,10109758LIMAF,2025-02-18,110895,1,10,0,896.0
10109758LIMAF_2025-02-18_G20,10109758LIMAF,2025-02-18,110339,1,10,0,206.0
10109758LIMAF_2025-02-18_G21,10109758LIMAF,2025-02-18,118140,1,20,0,225.0
10109758LIMAF_2025-02-18_G22,10109758LIMAF,2025-02-18,109645,1,6,0,236.0
10109758LIMAF_2025-02-18_G23,10109758LIMAF,2025-02-18,110375,1,20,0,178.0
10109758LIMAF_2025-02-18_G24,10109758LIMAF,2025-02-18,117832,1,4,0,198.0
10109758LIMAF_2025-02-18_G25,10109758LIMAF,2025-02-18,111438,1,2,0,146.0
10109758LIMAF_2025-02-18_G26,10109758LIMAF,2025-02-18,111466,1,1,0,3206.0
10109758LIMAF_2025-02-18_G27,10109758LIMAF,2025-02-18,111469,1,4,0,87.0
10109758LIMAF_2025-02-18_G28,10109758LIMAF,2025-02-18,111532,1,8,0,764.0
10109758LIMAF_2025-02-18_G29,10109758LIMAF,2025-02-18,111443,1,4,0,202.0
10109758LIMAF_2025-02-18_G30,10109758LIMAF,2025-02-18,111443,1,4,0,120.0
10109758LIMAF_2025-02-18_G31,10109758LIMAF,2025-02-18,110895,1,4,0,201.0
10109758LIMAF_2025-02-18_G32,10109758LIMAF,2025-02-18,111443,1,4,0,260.0
10109758LIMAF_2025-02-18_G33,10109758LIMAF,2025-02-18,111443,1,4,0,1224.0
10109758LIMAF_2025-02-18_G34,10109758LIMAF,2025-02-18,110787,1,12,0,324.0
10109758LIMAF_2025-02-18_G35,10109758LIMAF,2025-02-18,140911,1,4,0,253.0
10109758LIMAF_2025-02-18_G36,10109758LIMAF,2025-02-18,110895,1,4,0,277.0
10109758LIMAF_2025-02-18_G37,10109758LIMAF,2025-02-18,111443,1,2,0,187.0
10109758LIMAF_2025-02-18_G39,10109758LIMAF,2025-02-18,110711,1,1,0,157.0
10109758LIMAF_2025-02-18_G40,10109758LIMAF,2025-02-18,141047,1,2,0,247.0
10109758LIMAF_2025-02-18_G41,10109758LIMAF,2025-02-18,116241,1,1,0,104.0
10109758LIMAF_2025-02-18_G42,10109758LIMAF,2025-02-18,140922,1,3,0,157.0
10109758LIMAF_2025-02-18_G43,10109758LIMAF,2025-02-18,108798,1,4,0,104.0
10109758LIMAF_2025-02-18_G44,10109758LIMAF,2025-02-18,108711,1,12,0,231.0
10109758LIMAF_2025-02-18_G45,10109758LIMAF,2025-02-18,111462,1,2,0,94.0
10109758LIMAF_2025-02-18_G46,10109758LIMAF,2025-02-18,110373,1,4,0,365.0
10109758LIMAF_2025-02-18_G47,10109758LIMAF,2025-02-18,110372,1,7,0,98.0
10109758LIMAF_2025-02-18_G48,10109758LIMAF,2025-02-18,109747,1,3,0,140.0
10109758LIMAF_2025-02-18_G49,10109758LIMAF,2025-02-18,117820,1,4,0,126.0
10109758LIMAF_2025-02-18_G50,10109758LIMAF,2025-02-18,117862,1,4,0,610.0
10109758LIMAF_2025-02-18_G51,10109758LIMAF,2025-02-18,110313,1,4,0,199.0
10109758LIMAF_2025-02-18_G52,10109758LIMAF,2025-02-18,117855,1,4,0,139.0
10109758LIMAF_2025-02-18_G53,10109758LIMAF,2025-02-18,110373,1,2,0,400.0
10109758LIMAF_2025-02-18_G54,10109758LIMAF,2025-02-18,107830,1,7,0,175.0
10109758LIMAF_2025-02-18_G55,10109758LIMAF,2025-02-18,109747,1,5,0,130.0
10109758LIMAF_2025-02-18_G56,10109758LIMAF,2025-02-18,117820,1,6,0,194.0
10109758LIMAF_2025-02-18_G57,10109758LIMAF,2025-02-18,117832,1,356,0,2009.0
10109758LIMAF_2025-02-19_G02,10109758LIMAF,2025-02-19,140922,1,6,0,323.0
10109758LIMAF_2025-02-19_G03,10109758LIMAF,2025-02-19,140922,1,3,0,123.0
10109758LIMAF_2025-02-19_G04,10109758LIMAF,2025-02-19,109649,1,4,0,166.0
10109758LIMAF_2025-02-19_G05,10109758LIMAF,2025-02-19,118222,1,40,0,964.0
10109758LIMAF_2025-02-19_G06,10109758LIMAF,2025-02-19,117834,1,34,0,2544.0
10109758LIMAF_2025-02-19_G07,10109758LIMAF,2025-02-19,118442,1,8,0,1344.0
10109758LIMAF_2025-02-19_G08,10109758LIMAF,2025-02-19,111705,1,1,0,641.0
10109758LIMAF_2025-02-19_G09,10109758LIMAF,2025-02-19,110841,1,1,0,403.0
10109758LIMAF_2025-02-19_G10,10109758LIMAF,2025-02-19,111569,1,6,0,183.0
10109758LIMAF_2025-02-19_G11,10109758LIMAF,2025-02-19,118311,1,4,0,150.0
10109758LIMAF_2025-02-19_G12,10109758LIMAF,2025-02-19,107254,1,8,0,271.0
10109758LIMAF_2025-02-19_G13,10109758LIMAF,2025-02-19,111356,1,4,0,348.0
10109758LIMAF_2025-02-19_G14,10109758LIMAF,2025-02-19,111851,1,4,0,192.0
10109758LIMAF_2025-02-19_G15,10109758LIMAF,2025-02-19,118306,1,5,0,228.0
10109758LIMAF_2025-02-19_G16,10109758LIMAF,2025-02-19,114102,1,6,0,181.0
10109758LIMAF_2025-02-19_G17,10109758LIMAF,2025-02-19,111435,1,16,0,615.0
10109758LIMAF_2025-02-19_G18,10109758LIMAF,2025-02-19,118140,1,10,0,223.0
10109758LIMAF_2025-02-19_G19,10109758LIMAF,2025-02-19,111532,1,4,0,174.0
10109758LIMAF_2025-02-19_G20,10109758LIMAF,2025-02-19,140922,1,4,0,591.0
10109758LIMAF_2025-02-19_G21,10109758LIMAF,2025-02-19,117836,1,4,0,141.0
10109758LIMAF_2025-02-19_G22,10109758LIMAF,2025-02-19,118299,1,8,0,175.0
10109758LIMAF_2025-02-19_G23,10109758LIMAF,2025-02-19,118298,1,6,0,1837.0
10109758LIMAF_2025-02-19_G24,10109758LIMAF,2025-02-19,141047,1,3,0,159.0
10109758LIMAF_2025-02-19_G25,10109758LIMAF,2025-02-19,110740,1,1,0,214.0
10109758LIMAF_2025-02-19_G26,10109758LIMAF,2025-02-19,118140,1,4,0,803.0
10109758LIMAF_2025-02-19_G27,10109758LIMAF,2025-02-19,117821,1,1,0,96.0
10109758LIMAF_2025-02-19_G28,10109758LIMAF,2025-02-19,111462,1,12,0,107.0
10109758LIMAF_2025-02-19_G29,10109758LIMAF,2025-02-19,110373,1,6,0,424.0
10109758LIMAF_2025-02-19_G30,10109758LIMAF,2025-02-19,111532,1,8,0,212.0
10109758LIMAF_2025-02-19_G31,10109758LIMAF,2025-02-19,109747,1,1,0,111.0
10109758LIMAF_2025-02-19_G32,10109758LIMAF,2025-02-19,110743,1,2,0,556.0
10109758LIMAF_2025-02-19_G33,10109758LIMAF,2025-02-19,111330,1,8,0,482.0
10109758LIMAF_2025-02-19_G34,10109758LIMAF,2025-02-19,111438,1,4,0,241.0
10109758LIMAF_2025-02-19_G35,10109758LIMAF,2025-02-19,110895,1,4,0,195.0
10109758LIMAF_2025-02-19_G36,10109758LIMAF,2025-02-19,109640,1,2,0,103.0
10109758LIMAF_2025-02-19_G38,10109758LIMAF,2025-02-19,105242,1,5,0,188.0
10109758LIMAF_2025-02-19_G39,10109758LIMAF,2025-02-19,117787,1,20,0,424.0
10109758LIMAF_2025-02-19_G40,10109758LIMAF,2025-02-19,111468,1,13,0,485.0
10109758LIMAF_2025-02-19_G41,10109758LIMAF,2025-02-19,109645,1,10,0,313.0
10109758LIMAF_2025-02-19_G42,10109758LIMAF,2025-02-19,118140,1,120,0,1029.0
10109758LIMAF_2025-02-19_G43,10109758LIMAF,2025-02-19,117329,1,10,0,432.0
10109758LIMAF_2025-02-19_G44,10109758LIMAF,2025-02-19,111465,1,15,0,197.0
10109758LIMAF_2025-02-19_G45,10109758LIMAF,2025-02-19,111532,1,30,0,353.0
10109758LIMAF_2025-02-20_G02,10109758LIMAF,2025-02-20,116527,1,4,0,308.0
10109758LIMAF_2025-02-20_G03,10109758LIMAF,2025-02-20,117855,1,6,0,219.0
10109758LIMAF_2025-02-20_G04,10109758LIMAF,2025-02-20,110752,1,4,0,111.0
10109758LIMAF_2025-02-20_G05,10109758LIMAF,2025-02-20,111462,1,2,0,123.0
10109758LIMAF_2025-02-20_G06,10109758LIMAF,2025-02-20,111330,1,3,0,192.0
10109758LIMAF_2025-02-20_G07,10109758LIMAF,2025-02-20,110787,1,2,0,60.0
10109758LIMAF_2025-02-20_G08,10109758LIMAF,2025-02-20,118140,1,2,0,1747.0
10109758LIMAF_2025-02-20_G09,10109758LIMAF,2025-02-20,111466,1,4,0,130.0
10109758LIMAF_2025-02-20_G10,10109758LIMAF,2025-02-20,110372,1,2,0,158.0
10109758LIMAF_2025-02-20_G11,10109758LIMAF,2025-02-20,110373,1,4,0,119.0
10109758LIMAF_2025-02-20_G12,10109758LIMAF,2025-02-20,117808,1,2,0,69.0
10109758LIMAF_2025-02-20_G13,10109758LIMAF,2025-02-20,160055,1,30,0,2492.0
10109758LIMAF_2025-02-20_G14,10109758LIMAF,2025-02-20,160054,1,10,0,192.0
10109758LIMAF_2025-02-20_G15,10109758LIMAF,2025-02-20,110755,1,3,0,670.0
10109758LIMAF_2025-02-20_G16,10109758LIMAF,2025-02-20,111438,1,12,0,257.0
10109758LIMAF_2025-02-20_G17,10109758LIMAF,2025-02-20,118250,1,8,0,972.0
10109758LIMAF_2025-02-20_G18,10109758LIMAF,2025-02-20,118253,1,4,0,337.0
10109758LIMAF_2025-02-20_G19,10109758LIMAF,2025-02-20,111532,1,4,0,170.0
10109758LIMAF_2025-02-20_G20,10109758LIMAF,2025-02-20,108795,1,4,0,89.0
10109758LIMAF_2025-02-20_G21,10109758LIMAF,2025-02-20,109643,1,4,0,182.0
10109758LIMAF_2025-02-20_G22,10109758LIMAF,2025-02-20,108759,1,1,0,93.0
10109758LIMAF_2025-02-20_G23,10109758LIMAF,2025-02-20,111569,1,10,0,576.0
10109758LIMAF_2025-02-20_G24,10109758LIMAF,2025-02-20,118250,1,16,0,355.0
10109758LIMAF_2025-02-20_G25,10109758LIMAF,2025-02-20,110740,1,6,0,146.0
10109758LIMAF_2025-02-20_G26,10109758LIMAF,2025-02-20,111418,1,3,0,608.0
10109758LIMAF_2025-02-20_G27,10109758LIMAF,2025-02-20,110371,1,20,0,801.0
10109758LIMAF_2025-02-20_G28,10109758LIMAF,2025-02-20,110373,1,20,0,242.0
10109758LIMAF_2025-02-20_G29,10109758LIMAF,2025-02-20,110325,1,6,0,57.0
10109758LIMAF_2025-02-20_G30,10109758LIMAF,2025-02-20,110374,1,20,0,139.0
10109758LIMAF_2025-02-20_G31,10109758LIMAF,2025-02-20,109643,1,1,0,92.0
10109758LIMAF_2025-02-20_G32,10109758LIMAF,2025-02-20,117840,1,2,0,43.0
10109758LIMAF_2025-02-20_G33,10109758LIMAF,2025-02-20,117820,1,10,0,90.0
10109758LIMAF_2025-02-20_G34,10109758LIMAF,2025-02-20,117838,1,1,0,699.0
10109758LIMAF_2025-02-20_G35,10109758LIMAF,2025-02-20,111850,1,4,0,200.0
10109758LIMAF_2025-02-20_G36,10109758LIMAF,2025-02-20,141047,1,10,0,236.0
10109758LIMAF_2025-02-20_G37,10109758LIMAF,2025-02-20,111418,1,6,0,150.0
10109758LIMAF_2025-02-20_G38,10109758LIMAF,2025-02-20,111468,1,20,0,261.0
10109758LIMAF_2025-02-20_G39,10109758LIMAF,2025-02-20,110787,1,4,0,62.0
10109758LIMAF_2025-02-20_G40,10109758LIMAF,2025-02-20,111462,1,8,0,146.0
10109758LIMAF_2025-02-20_G41,10109758LIMAF,2025-02-20,110371,1,3,0,198.0
10109758LIMAF_2025-02-20_G42,10109758LIMAF,2025-02-20,117832,1,12,0,306.0
10109758LIMAF_2025-02-20_G43,10109758LIMAF,2025-02-20,117809,1,7,0,126.0
10109758LIMAF_2025-02-20_G45,10109758LIMAF,2025-02-20,111182,1,2,0,56.0
10109758LIMAF_2025-02-20_G46,10109758LIMAF,2025-02-20,111743,1,2,0,111.0
10109758LIMAF_2025-02-20_G47,10109758LIMAF,2025-02-20,118140,1,2,0,531.0
10109758LIMAF_2025-02-20_G48,10109758LIMAF,2025-02-20,111418,1,4,0,184.0
10109758LIMAF_2025-02-20_G49,10109758LIMAF,2025-02-20,117787,1,2,0,59.0
10109758LIMAF_2025-02-20_G50,10109758LIMAF,2025-02-20,110740,1,4,0,146.0
10109758LIMAF_2025-02-20_G51,10109758LIMAF,2025-02-20,110787,1,8,0,122.0
10109758LIMAF_2025-02-20_G52,10109758LIMAF,2025-02-20,111466,1,9,0,147.0
10109758LIMAF_2025-02-20_G53,10109758LIMAF,2025-02-20,100334,1,2,0,482.0
10109758LIMAF_2025-02-20_G54,10109758LIMAF,2025-02-20,117861,1,2,0,132.0
10109758LIMAF_2025-02-20_G55,10109758LIMAF,2025-02-20,111418,1,10,0,256.0
10109758LIMAF_2025-02-20_G56,10109758LIMAF,2025-02-20,111182,1,1,0,54.0
10109758LIMAF_2025-02-20_G57,10109758LIMAF,2025-02-20,111468,1,1,0,75.0
10109758LIMAF_2025-02-20_G58,10109758LIMAF,2025-02-20,118140,1,2,0,192.0
10109758LIMAF_2025-02-20_G59,10109758LIMAF,2025-02-20,110371,1,4,0,133.0
10109758LIMAF_2025-02-20_G60,10109758LIMAF,2025-02-20,110372,1,10,0,210.0
10109758LIMAF_2025-02-20_G61,10109758LIMAF,2025-02-20,110373,1,4,0,83.0
10109758LIMAF_2025-02-20_G62,10109758LIMAF,2025-02-20,108759,1,2,0,401.0
10109758LIMAF_2025-02-20_G63,10109758LIMAF,2025-02-20,108759,1,5,0,219.0
10109758LIMAF_2025-02-20_G64,10109758LIMAF,2025-02-20,118222,1,10,0,156.0
10109758LIMAF_2025-02-20_G65,10109758LIMAF,2025-02-20,111850,1,6,0,93.0
10109758LIMAF_2025-02-20_G66,10109758LIMAF,2025-02-20,110500,1,4,0,163.0
10109758LIMAF_2025-02-20_G67,10109758LIMAF,2025-02-20,111569,1,16,0,738.0
10109758LIMAF_2025-02-20_G68,10109758LIMAF,2025-02-20,111876,1,4,0,323.0
10109758LIMAF_2025-02-20_G69,10109758LIMAF,2025-02-20,118403,1,1,0,139.0
10109758LIMAF_2025-02-20_G70,10109758LIMAF,2025-02-20,111743,1,2,0,168.0
10109758LIMAF_2025-02-20_G71,10109758LIMAF,2025-02-20,110371,1,20,0,231.0
10109758LIMAF_2025-02-20_G72,10109758LIMAF,2025-02-20,110373,1,50,0,1064.0
10109758LIMAF_2025-02-21_G02,10109758LIMAF,2025-02-21,111463,1,4,0,137.0
10109758LIMAF_2025-02-21_G03,10109758LIMAF,2025-02-21,117832,1,4,0,231.0
10109758LIMAF_2025-02-21_G04,10109758LIMAF,2025-02-21,110373,1,2,0,199.0
10109758LIMAF_2025-02-21_G05,10109758LIMAF,2025-02-21,110745,1,7,0,263.0
10109758LIMAF_2025-02-21_G06,10109758LIMAF,2025-02-21,110745,2,8,19,195.0
10109758LIMAF_2025-02-21_G07,10109758LIMAF,2025-02-21,110895,1,1,0,751.0
10109758LIMAF_2025-02-21_G08,10109758LIMAF,2025-02-21,110515,1,1,0,97.0
10109758LIMAF_2025-02-21_G09,10109758LIMAF,2025-02-21,118140,1,2,0,194.0
10109758LIMAF_2025-02-21_G10,10109758LIMAF,2025-02-21,111462,1,2,0,181.0
10109758LIMAF_2025-02-21_G11,10109758LIMAF,2025-02-21,110787,1,2,0,138.0
10109758LIMAF_2025-02-21_G12,10109758LIMAF,2025-02-21,110374,1,4,0,208.0
10109758LIMAF_2025-02-21_G13,10109758LIMAF,2025-02-21,117809,1,4,0,291.0
10109758LIMAF_2025-02-21_G14,10109758LIMAF,2025-02-21,109747,1,2,0,170.0
10109758LIMAF_2025-02-21_G15,10109758LIMAF,2025-02-21,110371,1,12,0,118.0
10109758LIMAF_2025-02-21_G16,10109758LIMAF,2025-02-21,118403,1,100,0,2702.0
10109758LIMAF_2025-02-21_G17,10109758LIMAF,2025-02-21,118403,1,140,0,333.0
10109758LIMAF_2025-02-21_G18,10109758LIMAF,2025-02-21,111466,1,96,0,741.0
10109758LIMAF_2025-02-21_G19,10109758LIMAF,2025-02-21,111466,2,507,4,747.0
10109758LIMAF_2025-02-22_G02,10109758LIMAF,2025-02-22,110374,1,23,0,328.0
10109758LIMAF_2025-02-22_G03,10109758LIMAF,2025-02-22,117820,1,55,0,636.0
10109758LIMAF_2025-02-24_G02,10109758LIMAF,2025-02-24,111569,1,8,0,125.0
10109758LIMAF_2025-02-24_G03,10109758LIMAF,2025-02-24,114102,1,2,0,84.0
10109758LIMAF_2025-02-24_G04,10109758LIMAF,2025-02-24,117835,1,4,0,137.0
10109758LIMAF_2025-02-24_G05,10109758LIMAF,2025-02-24,110742,1,4,0,202.0
10109758LIMAF_2025-02-24_G06,10109758LIMAF,2025-02-24,111436,1,4,0,130.0
10109758LIMAF_2025-02-24_G07,10109758LIMAF,2025-02-24,109933,1,4,0,193.0
10109758LIMAF_2025-02-24_G08,10109758LIMAF,2025-02-24,109937,1,4,0,276.0
10109758LIMAF_2025-02-24_G09,10109758LIMAF,2025-02-24,111438,1,7,0,241.0
10109758LIMAF_2025-02-24_G10,10109758LIMAF,2025-02-24,110895,1,1,0,94.0
10109758LIMAF_2025-02-24_G11,10109758LIMAF,2025-02-24,100334,1,8,0,691.0
10109758LIMAF_2025-02-24_G12,10109758LIMAF,2025-02-24,111441,1,12,0,295.0
10109758LIMAF_2025-02-24_G13,10109758LIMAF,2025-02-24,108711,1,8,0,512.0
10109758LIMAF_2025-02-24_G14,10109758LIMAF,2025-02-24,110129,1,10,0,147.0
10109758LIMAF_2025-02-24_G15,10109758LIMAF,2025-02-24,118140,1,20,0,240.0
10109758LIMAF_2025-02-24_G16,10109758LIMAF,2025-02-24,111466,1,20,0,1115.0
10109758LIMAF_2025-02-24_G17,10109758LIMAF,2025-02-24,111469,1,4,0,68.0
10109758LIMAF_2025-02-24_G18,10109758LIMAF,2025-02-24,111465,1,8,0,105.0
10109758LIMAF_2025-02-24_G19,10109758LIMAF,2025-02-24,111463,1,8,0,814.0
10109758LIMAF_2025-02-24_G20,10109758LIMAF,2025-02-24,117787,1,16,0,211.0
10109758LIMAF_2025-02-24_G21,10109758LIMAF,2025-02-24,109641,1,4,0,144.0
10109758LIMAF_2025-02-24_G22,10109758LIMAF,2025-02-24,111743,1,8,0,1459.0
10109758LIMAF_2025-02-24_G23,10109758LIMAF,2025-02-24,109645,1,4,0,87.0
10109758LIMAF_2025-02-24_G24,10109758LIMAF,2025-02-24,110745,1,16,0,140.0
10109758LIMAF_2025-02-24_G25,10109758LIMAF,2025-02-24,108798,1,4,0,57.0
10109758LIMAF_2025-02-24_G26,10109758LIMAF,2025-02-24,110748,1,4,0,111.0
10109758LIMAF_2025-02-24_G27,10109758LIMAF,2025-02-24,117834,1,10,0,3151.0
10109758LIMAF_2025-02-24_G28,10109758LIMAF,2025-02-24,117834,1,6,0,213.0
10109758LIMAF_2025-02-24_G29,10109758LIMAF,2025-02-24,110753,1,4,0,285.0
10109758LIMAF_2025-02-24_G30,10109758LIMAF,2025-02-24,117861,1,6,0,528.0
10109758LIMAF_2025-02-24_G31,10109758LIMAF,2025-02-24,110515,1,6,0,172.0
10109758LIMAF_2025-02-24_G32,10109758LIMAF,2025-02-24,141047,1,5,0,133.0
10109758LIMAF_2025-02-24_G33,10109758LIMAF,2025-02-24,111443,1,5,0,673.0
10109758LIMAF_2025-02-24_G34,10109758LIMAF,2025-02-24,111431,1,5,0,196.0
10109758LIMAF_2025-02-24_G35,10109758LIMAF,2025-02-24,111446,1,1,0,113.0
10109758LIMAF_2025-02-24_G36,10109758LIMAF,2025-02-24,111418,1,20,0,363.0
10109758LIMAF_2025-02-24_G38,10109758LIMAF,2025-02-24,111442,1,6,0,77.0
10109758LIMAF_2025-02-24_G39,10109758LIMAF,2025-02-24,140922,1,4,0,47.0
10109758LIMAF_2025-02-24_G40,10109758LIMAF,2025-02-24,111743,1,4,0,117.0
10109758LIMAF_2025-02-24_G41,10109758LIMAF,2025-02-24,117785,1,20,0,220.0
10109758LIMAF_2025-02-24_G42,10109758LIMAF,2025-02-24,117785,1,10,0,133.0
10109758LIMAF_2025-02-24_G43,10109758LIMAF,2025-02-24,111462,1,10,0,116.0
10109758LIMAF_2025-02-24_G44,10109758LIMAF,2025-02-24,117822,1,10,0,495.0
10109758LIMAF_2025-02-24_G45,10109758LIMAF,2025-02-24,110371,1,20,0,245.0
10109758LIMAF_2025-02-24_G46,10109758LIMAF,2025-02-24,110372,1,30,0,577.0
10109758LIMAF_2025-02-24_G47,10109758LIMAF,2025-02-24,109643,1,8,0,293.0
10109758LIMAF_2025-02-24_G48,10109758LIMAF,2025-02-24,117840,1,10,0,134.0
10109758LIMAF_2025-02-24_G49,10109758LIMAF,2025-02-24,118299,2,80,7,727.0
10109758LIMAF_2025-02-24_G50,10109758LIMAF,2025-02-24,117808,1,40,0,1129.0
10109758LIMAF_2025-02-24_G51,10109758LIMAF,2025-02-24,107236,1,7,0,212.0
10109758LIMAF_2025-02-24_G52,10109758LIMAF,2025-02-24,111532,1,10,0,124.0
10109758LIMAF_2025-02-24_G53,10109758LIMAF,2025-02-24,111442,1,7,0,100.0
10109758LIMAF_2025-02-24_G54,10109758LIMAF,2025-02-24,110745,1,17,0,184.0
10109758LIMAF_2025-02-24_G55,10109758LIMAF,2025-02-24,110745,1,18,0,41.0
10109758LIMAF_2025-02-25_G02,10109758LIMAF,2025-02-25,110755,1,4,0,210.0
10109758LIMAF_2025-02-25_G03,10109758LIMAF,2025-02-25,110755,1,1,0,31.0
10109758LIMAF_2025-02-25_G04,10109758LIMAF,2025-02-25,111569,1,8,0,209.0
10109758LIMAF_2025-02-25_G05,10109758LIMAF,2025-02-25,110515,1,5,0,185.0
10109758LIMAF_2025-02-25_G06,10109758LIMAF,2025-02-25,111418,1,15,0,449.0
10109758LIMAF_2025-02-25_G07,10109758LIMAF,2025-02-25,111468,1,4,0,168.0
10109758LIMAF_2025-02-25_G08,10109758LIMAF,2025-02-25,118140,1,7,0,348.0
10109758LIMAF_2025-02-25_G09,10109758LIMAF,2025-02-25,117831,1,4,0,67.0
10109758LIMAF_2025-02-25_G10,10109758LIMAF,2025-02-25,111433,1,1,0,1518.0
10109758LIMAF_2025-02-25_G11,10109758LIMAF,2025-02-25,117830,1,2,0,157.0
10109758LIMAF_2025-02-25_G12,10109758LIMAF,2025-02-25,109643,1,3,0,107.0
10109758LIMAF_2025-02-25_G13,10109758LIMAF,2025-02-25,117820,1,3,0,106.0
10109758LIMAF_2025-02-25_G14,10109758LIMAF,2025-02-25,110373,1,15,0,505.0
10109758LIMAF_2025-02-25_G15,10109758LIMAF,2025-02-25,110372,1,29,0,149.0
10109758LIMAF_2025-02-25_G16,10109758LIMAF,2025-02-25,117808,1,9,0,290.0
10109758LIMAF_2025-02-25_G17,10109758LIMAF,2025-02-25,117830,1,12,0,352.0
10109758LIMAF_2025-02-25_G18,10109758LIMAF,2025-02-25,111466,1,4,0,307.0
10109758LIMAF_2025-02-25_G19,10109758LIMAF,2025-02-25,110895,1,4,0,104.0
10109758LIMAF_2025-02-25_G20,10109758LIMAF,2025-02-25,118140,1,2,0,628.0
10109758LIMAF_2025-02-25_G21,10109758LIMAF,2025-02-25,111466,1,4,0,95.0
10109758LIMAF_2025-02-25_G22,10109758LIMAF,2025-02-25,111469,1,2,0,125.0
10109758LIMAF_2025-02-25_G23,10109758LIMAF,2025-02-25,111463,1,8,0,550.0
10109758LIMAF_2025-02-25_G24,10109758LIMAF,2025-02-25,111469,1,8,0,165.0
10109758LIMAF_2025-02-25_G25,10109758LIMAF,2025-02-25,118222,1,4,0,401.0
10109758LIMAF_2025-02-25_G26,10109758LIMAF,2025-02-25,110515,1,2,0,159.0
10109758LIMAF_2025-02-25_G27,10109758LIMAF,2025-02-25,110372,1,9,0,107.0
10109758LIMAF_2025-02-25_G28,10109758LIMAF,2025-02-25,118299,1,10,0,142.0
10109758LIMAF_2025-02-25_G29,10109758LIMAF,2025-02-25,110374,1,3,0,114.0
10109758LIMAF_2025-02-25_G30,10109758LIMAF,2025-02-25,109643,1,1,0,141.0
10109758LIMAF_2025-02-25_G31,10109758LIMAF,2025-02-25,117820,1,8,0,149.0
10109758LIMAF_2025-02-25_G33,10109758LIMAF,2025-02-25,110371,1,20,0,84.0
10109758LIMAF_2025-02-25_G34,10109758LIMAF,2025-02-25,110325,1,11,0,290.0
10109758LIMAF_2025-02-25_G35,10109758LIMAF,2025-02-25,118299,1,20,0,331.0
10109758LIMAF_2025-02-25_G36,10109758LIMAF,2025-02-25,110374,1,30,0,513.0
10109758LIMAF_2025-02-25_G38,10109758LIMAF,2025-02-25,117808,1,20,0,100.0
10109758LIMAF_2025-02-25_G39,10109758LIMAF,2025-02-25,117830,1,40,0,1021.0
10109758LIMAF_2025-02-25_G40,10109758LIMAF,2025-02-25,117830,1,2,0,47.0
10109758LIMAF_2025-02-25_G41,10109758LIMAF,2025-02-25,117830,3,6,46,41.0
10109758LIMAF_2025-02-25_G42,10109758LIMAF,2025-02-25,110371,1,5,0,860.0
10109758LIMAF_2025-02-25_G43,10109758LIMAF,2025-02-25,110372,1,2,0,61.0
10109758LIMAF_2025-02-25_G44,10109758LIMAF,2025-02-25,118299,1,7,0,192.0
10109758LIMAF_2025-02-25_G45,10109758LIMAF,2025-02-25,117830,1,4,0,85.0
10109758LIMAF_2025-02-25_G46,10109758LIMAF,2025-02-25,111172,1,4,0,174.0
10109758LIMAF_2025-02-25_G47,10109758LIMAF,2025-02-25,117856,2,18,5,651.0
10109758LIMAF_2025-02-25_G48,10109758LIMAF,2025-02-25,111172,1,2,0,377.0
10109758LIMAF_2025-02-25_G49,10109758LIMAF,2025-02-25,117831,1,30,0,736.0
10109758LIMAF_2025-02-25_G50,10109758LIMAF,2025-02-25,117830,1,4,0,296.0
10109758LIMAF_2025-02-25_G51,10109758LIMAF,2025-02-25,117830,1,20,0,144.0
10109758LIMAF_2025-02-26_G02,10109758LIMAF,2025-02-26,110895,1,5,0,1140.0
10109758LIMAF_2025-02-26_G03,10109758LIMAF,2025-02-26,109495,1,4,0,240.0
10109758LIMAF_2025-02-26_G04,10109758LIMAF,2025-02-26,110742,1,4,0,277.0
10109758LIMAF_2025-02-26_G05,10109758LIMAF,2025-02-26,107892,2,7,16,264.0
10109758LIMAF_2025-02-26_G06,10109758LIMAF,2025-02-26,111330,1,3,0,1850.0
10109758LIMAF_2025-02-26_G07,10109758LIMAF,2025-02-26,111743,1,2,0,157.0
10109758LIMAF_2025-02-26_G08,10109758LIMAF,2025-02-26,110787,1,20,0,123.0
10109758LIMAF_2025-02-26_G09,10109758LIMAF,2025-02-26,117785,1,18,0,234.0
10109758LIMAF_2025-02-26_G10,10109758LIMAF,2025-02-26,118140,2,21,14,481.0
10109758LIMAF_2025-02-26_G11,10109758LIMAF,2025-02-26,108794,1,20,0,444.0
10109758LIMAF_2025-02-26_G12,10109758LIMAF,2025-02-26,108794,1,40,0,93.0
10109758LIMAF_2025-02-26_G13,10109758LIMAF,2025-02-26,110373,1,20,0,1710.0
10109758LIMAF_2025-02-26_G14,10109758LIMAF,2025-02-26,110733,3,12,33,3016.0
10109758LIMAF_2025-02-26_G15,10109758LIMAF,2025-02-26,110733,1,10,0,36.0
10109758LIMAF_2025-02-26_G16,10109758LIMAF,2025-02-26,111438,1,4,0,274.0
10109758LIMAF_2025-02-26_G17,10109758LIMAF,2025-02-26,107892,1,4,0,236.0
10109758LIMAF_2025-02-26_G18,10109758LIMAF,2025-02-26,110711,1,5,0,208.0
10109758LIMAF_2025-02-26_G19,10109758LIMAF,2025-02-26,111530,1,20,0,203.0
10109758LIMAF_2025-02-26_G20,10109758LIMAF,2025-02-26,118298,1,2,0,1390.0
10109758LIMAF_2025-02-26_G21,10109758LIMAF,2025-02-26,117788,1,4,0,189.0
10109758LIMAF_2025-02-26_G22,10109758LIMAF,2025-02-26,117831,1,30,0,499.0
10109758LIMAF_2025-02-26_G23,10109758LIMAF,2025-02-26,"110787, 111532",2,30,12,473.0
10109758LIMAF_2025-02-26_G24,10109758LIMAF,2025-02-26,109643,1,10,0,815.0
10109758LIMAF_2025-02-26_G26,10109758LIMAF,2025-02-26,107892,1,2,0,190.0
10109758LIMAF_2025-02-26_G27,10109758LIMAF,2025-02-26,110787,1,8,0,379.0
10109758LIMAF_2025-02-26_G28,10109758LIMAF,2025-02-26,110747,1,4,0,248.0
10109758LIMAF_2025-02-26_G29,10109758LIMAF,2025-02-26,110733,3,5,25,112.0
10109758LIMAF_2025-02-27_G02,10109758LIMAF,2025-02-27,118403,1,4,0,205.0
10109758LIMAF_2025-02-27_G03,10109758LIMAF,2025-02-27,110711,1,5,0,870.0
10109758LIMAF_2025-02-27_G04,10109758LIMAF,2025-02-27,117832,1,9,0,196.0
10109758LIMAF_2025-02-27_G05,10109758LIMAF,2025-02-27,111431,1,2,0,162.0
10109758LIMAF_2025-02-27_G06,10109758LIMAF,2025-02-27,110740,1,4,0,120.0
10109758LIMAF_2025-02-27_G07,10109758LIMAF,2025-02-27,111348,2,24,20,3122.0
10109758LIMAF_2025-02-27_G08,10109758LIMAF,2025-02-27,"111469, 109643, 110373",3,16,17,767.0
10109758LIMAF_2025-02-27_G09,10109758LIMAF,2025-02-27,111463,3,141,12,3424.0
10109758LIMAF_2025-02-27_G10,10109758LIMAF,2025-02-27,109640,1,7,0,314.0
10109758LIMAF_2025-02-27_G11,10109758LIMAF,2025-02-27,111348,2,14,5,106.0
10109758LIMAF_2025-02-27_G12,10109758LIMAF,2025-02-27,108794,2,60,6,590.0
10109758LIMAF_2025-02-27_G13,10109758LIMAF,2025-02-27,117855,1,20,0,1832.0
10109758LIMAF_2025-02-27_G14,10109758LIMAF,2025-02-27,110376,1,60,0,714.0
10109758LIMAF_2025-02-27_G15,10109758LIMAF,2025-02-27,111182,1,8,0,2457.0
10109758LIMAF_2025-02-27_G16,10109758LIMAF,2025-02-27,109641,1,2,0,1855.0
10109758LIMAF_2025-02-27_G17,10109758LIMAF,2025-02-27,117830,1,20,0,148.0
10109758LIMAF_2025-02-27_G18,10109758LIMAF,2025-02-27,110733,1,10,0,289.0
10109758LIMAF_2025-02-27_G19,10109758LIMAF,2025-02-27,110733,1,1,0,43.0
10109758LIMAF_2025-02-27_G20,10109758LIMAF,2025-02-27,110376,1,2,0,275.0
10109758LIMAF_2025-02-27_G21,10109758LIMAF,2025-02-27,110745,1,10,0,285.0
10109758LIMAF_2025-02-27_G22,10109758LIMAF,2025-02-27,110747,1,2,0,806.0
10109758LIMAF_2025-02-27_G23,10109758LIMAF,2025-02-27,109647,1,2,0,108.0
10109758LIMAF_2025-02-27_G24,10109758LIMAF,2025-02-27,111463,1,8,0,114.0
10109758LIMAF_2025-02-27_G25,10109758LIMAF,2025-02-27,117855,2,6,14,280.0
10109758LIMAF_2025-02-27_G26,10109758LIMAF,2025-02-27,110311,1,2,0,411.0
10109758LIMAF_2025-02-27_G27,10109758LIMAF,2025-02-27,110080,1,1,0,61.0
10109758LIMAF_2025-02-27_G28,10109758LIMAF,2025-02-27,118299,1,20,0,101.0
10109758LIMAF_2025-02-27_G30,10109758LIMAF,2025-02-27,107892,1,2,0,119.0
10109758LIMAF_2025-02-27_G31,10109758LIMAF,2025-02-27,107892,1,7,0,55.0
10109758LIMAF_2025-02-27_G32,10109758LIMAF,2025-02-27,109647,1,2,0,571.0
10109758LIMAF_2025-02-27_G33,10109758LIMAF,2025-02-27,110733,1,8,0,96.0
10109758LIMAF_2025-02-27_G34,10109758LIMAF,2025-02-27,110733,1,18,0,243.0
10109758LIMAF_2025-02-27_G35,10109758LIMAF,2025-02-27,111530,1,8,0,139.0
10109758LIMAF_2025-02-27_G36,10109758LIMAF,2025-02-27,109649,1,1,0,58.0
10109758LIMAF_2025-02-28_G02,10109758LIMAF,2025-02-28,110537,1,4,0,392.0
10109758LIMAF_2025-02-28_G03,10109758LIMAF,2025-02-28,111436,1,2,0,235.0
10109758LIMAF_2025-02-28_G04,10109758LIMAF,2025-02-28,110081,1,1,0,180.0
10109758LIMAF_2025-02-28_G05,10109758LIMAF,2025-02-28,107892,1,26,0,273.0
10109758LIMAF_2025-02-28_G06,10109758LIMAF,2025-02-28,111850,1,50,0,431.0
10109758LIMAF_2025-02-28_G07,10109758LIMAF,2025-02-28,118222,1,30,0,666.0
10109758LIMAF_2025-02-28_G08,10109758LIMAF,2025-02-28,117787,1,40,0,2672.0
10109758LIMAF_2025-02-28_G09,10109758LIMAF,2025-02-28,116611,1,3,0,661.0
10109758LIMAF_2025-02-28_G10,10109758LIMAF,2025-02-28,118416,1,31,0,431.0
10109758LIMAF_2025-02-28_G11,10109758LIMAF,2025-02-28,109640,1,50,0,1144.0
10109758LIMAF_2025-02-28_G12,10109758LIMAF,2025-02-28,109647,1,30,0,1224.0
10109758LIMAF_2025-02-28_G13,10109758LIMAF,2025-02-28,108772,1,20,0,618.0
10109758LIMAF_2025-02-28_G14,10109758LIMAF,2025-02-28,117856,1,12,0,255.0
10109758LIMAF_2025-02-28_G15,10109758LIMAF,2025-02-28,110733,1,40,0,413.0
10109758LIMAF_2025-02-28_G16,10109758LIMAF,2025-02-28,111530,1,2,0,227.0
10109758LIMAF_2025-02-28_G17,10109758LIMAF,2025-02-28,117855,1,61,0,259.0
10109758LIMAF_2025-02-28_G18,10109758LIMAF,2025-02-28,111430,1,11,0,887.0
10109758LIMAF_2025-02-28_G19,10109758LIMAF,2025-02-28,109803,1,3,0,295.0
10109758LIMAF_2025-02-28_G20,10109758LIMAF,2025-02-28,109647,1,5,0,127.0
10109758LIMAF_2025-02-28_G21,10109758LIMAF,2025-02-28,117833,1,4,0,121.0
10109758LIMAF_2025-02-28_G22,10109758LIMAF,2025-02-28,111348,1,1,0,65.0
10109758LIMAF_2025-02-28_G23,10109758LIMAF,2025-02-28,108736,1,44,0,486.0
10109758LIMAF_2025-03-07_G02,10109758LIMAF,2025-03-07,117836,1,4,0,302.0
10109758LIMAF_2025-03-07_G03,10109758LIMAF,2025-03-07,117808,1,8,0,272.0
10109758LIMAF_2025-03-07_G04,10109758LIMAF,2025-03-07,118299,1,4,0,419.0
10109758LIMAF_2025-03-07_G05,10109758LIMAF,2025-03-07,117830,2,12,6,55.0
10109758LIMAF_2025-03-07_G06,10109758LIMAF,2025-03-07,117820,2,12,6,306.0
10109758LIMAF_2025-03-07_G07,10109758LIMAF,2025-03-07,117809,1,12,0,200.0
10109758LIMAF_2025-03-07_G09,10109758LIMAF,2025-03-07,111430,2,77,24,630.0
10109758LIMAF_2025-03-07_G10,10109758LIMAF,2025-03-07,110747,1,100,0,480.0
10109758LIMAF_2025-03-08_G02,10109758LIMAF,2025-03-08,118094,1,16,0,64.0
10109758LIMAF_2025-03-08_G03,10109758LIMAF,2025-03-08,111602,1,20,0,234.0
10109758LIMAF_2025-03-08_G04,10109758LIMAF,2025-03-08,110711,1,12,0,224.0
10109758LIMAF_2025-03-08_G05,10109758LIMAF,2025-03-08,107629,1,3,0,123.0
10109758LIMAF_2025-03-08_G06,10109758LIMAF,2025-03-08,110741,1,4,0,96.0
10109758LIMAF_2025-03-08_G07,10109758LIMAF,2025-03-08,"109640, 117855",2,28,5,1399.0
10109758LIMAF_2025-03-08_G08,10109758LIMAF,2025-03-08,117861,1,1,0,159.0
10109758LIMAF_2025-03-11_G02,10109758LIMAF,2025-03-11,111530,1,12,0,467.0
10109758LIMAF_2025-03-11_G03,10109758LIMAF,2025-03-11,108770,1,4,0,283.0
10109758LIMAF_2025-03-11_G04,10109758LIMAF,2025-03-11,111172,1,4,0,232.0
10109758LIMAF_2025-03-11_G05,10109758LIMAF,2025-03-11,117833,1,4,0,257.0
10109758LIMAF_2025-03-11_G06,10109758LIMAF,2025-03-11,111530,1,4,0,102.0
10109758LIMAF_2025-03-11_G07,10109758LIMAF,2025-03-11,140911,1,2,0,216.0
10109758LIMAF_2025-03-12_G02,10109758LIMAF,2025-03-12,110742,1,4,0,130.0
10109758LIMAF_2025-03-12_G03,10109758LIMAF,2025-03-12,"118094, 110733",2,5,19,407.0
10109758LIMAF_2025-03-12_G04,10109758LIMAF,2025-03-12,110339,1,8,0,331.0
10109758LIMAF_2025-03-12_G05,10109758LIMAF,2025-03-12,117785,1,8,0,340.0
10109758LIMAF_2025-03-12_G06,10109758LIMAF,2025-03-12,"107236, 110787",2,10,6,290.0
10109758LIMAF_2025-03-12_G07,10109758LIMAF,2025-03-12,111462,1,6,0,185.0
10109758LIMAF_2025-03-12_G08,10109758LIMAF,2025-03-12,111465,1,2,0,83.0
10109758LIMAF_2025-03-12_G09,10109758LIMAF,2025-03-12,"117809, 117830",2,5,11,278.0
10109758LIMAF_2025-03-12_G10,10109758LIMAF,2025-03-12,117820,1,12,0,68.0
10109758LIMAF_2025-03-12_G11,10109758LIMAF,2025-03-12,117808,1,40,0,2857.0
10109758LIMAF_2025-03-12_G12,10109758LIMAF,2025-03-12,118299,1,30,0,678.0
10109758LIMAF_2025-03-12_G13,10109758LIMAF,2025-03-12,140922,1,5,0,1899.0
10109758LIMAF_2025-03-12_G14,10109758LIMAF,2025-03-12,109641,1,8,0,73.0
10109758LIMAF_2025-03-12_G15,10109758LIMAF,2025-03-12,118317,1,4,0,228.0
10109758LIMAF_2025-03-12_G16,10109758LIMAF,2025-03-12,109645,1,3,0,80.0
10109758LIMAF_2025-03-12_G17,10109758LIMAF,2025-03-12,"108770, 110742",2,8,13,448.0
10109758LIMAF_2025-03-12_G18,10109758LIMAF,2025-03-12,118299,2,23,11,260.0
10109758LIMAF_2025-03-12_G19,10109758LIMAF,2025-03-12,109643,1,4,0,926.0
10109758LIMAF_2025-03-12_G20,10109758LIMAF,2025-03-12,110373,1,8,0,160.0
10109758LIMAF_2025-03-12_G21,10109758LIMAF,2025-03-12,118140,1,4,0,180.0
10109758LIMAF_2025-03-12_G22,10109758LIMAF,2025-03-12,109640,1,8,0,1250.0
10109758LIMAF_2025-03-12_G23,10109758LIMAF,2025-03-12,111569,1,10,0,2217.0
10109758LIMAF_2025-03-12_G24,10109758LIMAF,2025-03-12,118222,1,8,0,302.0
10109758LIMAF_2025-03-12_G25,10109758LIMAF,2025-03-12,110339,1,3,0,469.0
10109758LIMAF_2025-03-12_G26,10109758LIMAF,2025-03-12,110313,1,4,0,400.0
10109758LIMAF_2025-03-12_G27,10109758LIMAF,2025-03-12,111466,1,4,0,232.0
10109758LIMAF_2025-03-12_G28,10109758LIMAF,2025-03-12,118140,1,8,0,252.0
10109758LIMAF_2025-03-12_G29,10109758LIMAF,2025-03-12,108711,1,2,0,170.0
10109758LIMAF_2025-03-12_G30,10109758LIMAF,2025-03-12,116241,1,6,0,246.0
10109758LIMAF_2025-03-12_G31,10109758LIMAF,2025-03-12,111466,1,5,0,200.0
10109758LIMAF_2025-03-12_G32,10109758LIMAF,2025-03-12,110325,2,7,6,207.0
10109758LIMAF_2025-03-12_G33,10109758LIMAF,2025-03-12,117830,1,4,0,352.0
10109758LIMAF_2025-03-12_G34,10109758LIMAF,2025-03-12,117808,1,30,0,1507.0
10109758LIMAF_2025-03-12_G35,10109758LIMAF,2025-03-12,110373,1,4,0,240.0
10109758LIMAF_2025-03-12_G36,10109758LIMAF,2025-03-12,110374,1,2,0,189.0
10109758LIMAF_2025-03-12_G38,10109758LIMAF,2025-03-12,110325,1,5,0,348.0
10109758LIMAF_2025-03-12_G39,10109758LIMAF,2025-03-12,109643,1,7,0,129.0
10109758LIMAF_2025-03-12_G40,10109758LIMAF,2025-03-12,110374,1,20,0,135.0
10109758LIMAF_2025-03-12_G41,10109758LIMAF,2025-03-12,117820,1,20,0,175.0
10109758LIMAF_2025-03-12_G42,10109758LIMAF,2025-03-12,110373,2,48,6,545.0
10109758LIMAF_2025-03-12_G43,10109758LIMAF,2025-03-12,118299,2,32,5,285.0
10109758LIMAF_2025-03-13_G02,10109758LIMAF,2025-03-13,160051,1,8,0,234.0
10109758LIMAF_2025-03-13_G03,10109758LIMAF,2025-03-13,109641,1,8,0,154.0
10109758LIMAF_2025-03-13_G04,10109758LIMAF,2025-03-13,111182,1,4,0,231.0
10109758LIMAF_2025-03-13_G06,10109758LIMAF,2025-03-13,117856,1,1,0,685.0
10109758LIMAF_2025-03-13_G07,10109758LIMAF,2025-03-13,110733,2,14,7,816.0
10109758LIMAF_2025-03-13_G08,10109758LIMAF,2025-03-13,"110733, 110741, 110515",3,33,48,46.0
10109758LIMAF_2025-03-13_G09,10109758LIMAF,2025-03-13,118299,1,100,0,1054.0
10109758LIMAF_2025-03-13_G10,10109758LIMAF,2025-03-13,110372,1,150,0,348.0
10109758LIMAF_2025-03-13_G11,10109758LIMAF,2025-03-13,117809,1,10,0,454.0
10109758LIMAF_2025-03-13_G13,10109758LIMAF,2025-03-13,110747,1,11,0,321.0
10109758LIMAF_2025-03-13_G14,10109758LIMAF,2025-03-13,109937,1,2,0,259.0
10109758LIMAF_2025-03-13_G15,10109758LIMAF,2025-03-13,100334,1,2,0,125.0
10109758LIMAF_2025-03-13_G16,10109758LIMAF,2025-03-13,111466,2,27,5,391.0
10109758LIMAF_2025-03-13_G17,10109758LIMAF,2025-03-13,"140922, 117785",2,17,6,732.0
10109758LIMAF_2025-03-13_G18,10109758LIMAF,2025-03-13,"111763, 108711",2,7,16,213.0
10109758LIMAF_2025-03-13_G19,10109758LIMAF,2025-03-13,110374,2,32,5,1097.0
10109758LIMAF_2025-03-13_G20,10109758LIMAF,2025-03-13,111462,1,16,0,279.0
10109758LIMAF_2025-03-13_G21,10109758LIMAF,2025-03-13,117808,1,12,0,219.0
10109758LIMAF_2025-03-13_G22,10109758LIMAF,2025-03-13,"118299, 110371",2,54,13,521.0
10109758LIMAF_2025-03-13_G23,10109758LIMAF,2025-03-13,110711,1,12,0,1618.0
10109758LIMAF_2025-03-13_G24,10109758LIMAF,2025-03-13,118140,1,12,0,129.0
10109758LIMAF_2025-03-13_G25,10109758LIMAF,2025-03-13,117830,1,4,0,227.0
10109758LIMAF_2025-03-13_G26,10109758LIMAF,2025-03-13,110733,1,2,0,968.0
10109758LIMAF_2025-03-13_G27,10109758LIMAF,2025-03-13,111602,1,12,0,125.0
10109758LIMAF_2025-03-13_G28,10109758LIMAF,2025-03-13,110711,1,24,0,183.0
10109758LIMAF_2025-03-13_G29,10109758LIMAF,2025-03-13,110711,1,6,0,2025.0
10109758LIMAF_2025-03-13_G30,10109758LIMAF,2025-03-13,110787,1,12,0,112.0
10109758LIMAF_2025-03-13_G31,10109758LIMAF,2025-03-13,111438,1,18,0,666.0
10109758LIMAF_2025-03-13_G32,10109758LIMAF,2025-03-13,118140,1,12,0,154.0
10109758LIMAF_2025-03-14_G02,10109758LIMAF,2025-03-14,110325,1,15,0,518.0
10109758LIMAF_2025-03-14_G03,10109758LIMAF,2025-03-14,117822,1,10,0,208.0
10109758LIMAF_2025-03-14_G04,10109758LIMAF,2025-03-14,110376,1,20,0,382.0
10109758LIMAF_2025-03-14_G05,10109758LIMAF,2025-03-14,117832,1,20,0,2552.0
10109758LIMAF_2025-03-14_G06,10109758LIMAF,2025-03-14,110373,1,30,0,322.0
10109758LIMAF_2025-03-14_G07,10109758LIMAF,2025-03-14,109747,1,10,0,394.0
10109758LIMAF_2025-03-14_G08,10109758LIMAF,2025-03-14,118299,1,180,0,728.0
10109758LIMAF_2025-03-14_G09,10109758LIMAF,2025-03-14,110372,1,150,0,674.0
10109758LIMAF_2025-03-14_G10,10109758LIMAF,2025-03-14,117808,1,250,0,1220.0
10109758LIMAF_2025-03-14_G12,10109758LIMAF,2025-03-14,107236,1,12,0,219.0
10109758LIMAF_2025-03-14_G13,10109758LIMAF,2025-03-14,111172,1,2,0,139.0
10109758LIMAF_2025-03-14_G14,10109758LIMAF,2025-03-14,117821,1,4,0,197.0
10109758LIMAF_2025-03-14_G15,10109758LIMAF,2025-03-14,118222,1,34,0,1683.0
10109758LIMAF_2025-03-14_G16,10109758LIMAF,2025-03-14,111532,1,4,0,912.0
10109758LIMAF_2025-03-14_G17,10109758LIMAF,2025-03-14,118140,1,2,0,267.0
10109758LIMAF_2025-03-14_G18,10109758LIMAF,2025-03-14,111442,1,3,0,160.0
10109758LIMAF_2025-03-14_G20,10109758LIMAF,2025-03-14,118140,1,15,0,229.0
10109758LIMAF_2025-03-14_G21,10109758LIMAF,2025-03-14,110787,1,3,0,401.0
10109758LIMAF_2025-03-14_G22,10109758LIMAF,2025-03-14,110325,1,24,0,682.0
10109758LIMAF_2025-03-14_G23,10109758LIMAF,2025-03-14,118281,1,2,0,594.0
10109758LIMAF_2025-03-14_G24,10109758LIMAF,2025-03-14,117822,1,8,0,265.0
10109758LIMAF_2025-03-14_G25,10109758LIMAF,2025-03-14,110376,1,16,0,172.0
10109758LIMAF_2025-03-14_G26,10109758LIMAF,2025-03-14,109747,1,12,0,708.0
10109758LIMAF_2025-03-14_G27,10109758LIMAF,2025-03-14,117820,1,218,0,719.0
10109758LIMAF_2025-03-14_G28,10109758LIMAF,2025-03-14,117832,1,98,0,322.0
10109758LIMAF_2025-03-14_G29,10109758LIMAF,2025-03-14,110373,1,70,0,559.0
10109758LIMAF_2025-03-14_G30,10109758LIMAF,2025-03-14,109643,1,31,0,330.0
10109758LIMAF_2025-03-15_G02,10109758LIMAF,2025-03-15,117935,1,2,0,92.0
10109758LIMAF_2025-03-15_G03,10109758LIMAF,2025-03-15,117856,1,4,0,44.0
10109758LIMAF_2025-03-15_G04,10109758LIMAF,2025-03-15,110515,1,1,0,111.0
10109758LIMAF_2025-03-15_G05,10109758LIMAF,2025-03-15,110711,1,2,0,83.0
10109758LIMAF_2025-03-15_G06,10109758LIMAF,2025-03-15,108795,1,2,0,913.0
10109758LIMAF_2025-03-15_G07,10109758LIMAF,2025-03-15,108711,1,2,0,1323.0
10109758LIMAF_2025-03-15_G08,10109758LIMAF,2025-03-15,117833,1,2,0,129.0
10109758LIMAF_2025-03-15_G09,10109758LIMAF,2025-03-15,111468,1,3,0,123.0
10109758LIMAF_2025-03-15_G10,10109758LIMAF,2025-03-15,117785,1,4,0,59.0
10109758LIMAF_2025-03-15_G11,10109758LIMAF,2025-03-15,118140,1,2,0,280.0
10109758LIMAF_2025-03-15_G12,10109758LIMAF,2025-03-15,117820,1,4,0,74.0
10109758LIMAF_2025-03-15_G13,10109758LIMAF,2025-03-15,118299,1,18,0,114.0
10109758LIMAF_2025-03-15_G14,10109758LIMAF,2025-03-15,117808,1,10,0,716.0
10109758LIMAF_2025-03-15_G15,10109758LIMAF,2025-03-15,117809,1,4,0,128.0
10109758LIMAF_2025-03-15_G16,10109758LIMAF,2025-03-15,117830,1,2,0,149.0
10109758LIMAF_2025-03-15_G17,10109758LIMAF,2025-03-15,117785,2,12,8,645.0
10109758LIMAF_2025-03-15_G18,10109758LIMAF,2025-03-15,111418,1,4,0,202.0
10109758LIMAF_2025-03-15_G19,10109758LIMAF,2025-03-15,118299,1,8,0,138.0
10109758LIMAF_2025-03-15_G20,10109758LIMAF,2025-03-15,110747,1,4,0,1560.0
10109758LIMAF_2025-03-15_G21,10109758LIMAF,2025-03-15,117834,1,4,0,107.0
10109758LIMAF_2025-03-15_G22,10109758LIMAF,2025-03-15,111850,1,1,0,197.0
10109758LIMAF_2025-03-15_G23,10109758LIMAF,2025-03-15,109937,1,3,0,180.0
10109758LIMAF_2025-03-15_G24,10109758LIMAF,2025-03-15,115773,1,4,0,64.0
10109758LIMAF_2025-03-15_G25,10109758LIMAF,2025-03-15,100334,1,2,0,143.0
10109758LIMAF_2025-03-15_G26,10109758LIMAF,2025-03-15,117835,1,4,0,1073.0
10109758LIMAF_2025-03-15_G27,10109758LIMAF,2025-03-15,117836,1,4,0,95.0
10109758LIMAF_2025-03-15_G28,10109758LIMAF,2025-03-15,111431,1,4,0,905.0
10109758LIMAF_2025-03-15_G29,10109758LIMAF,2025-03-15,111435,1,4,0,190.0
10109758LIMAF_2025-03-15_G30,10109758LIMAF,2025-03-15,111443,1,4,0,108.0
10109758LIMAF_2025-03-15_G31,10109758LIMAF,2025-03-15,117838,1,4,0,773.0
10109758LIMAF_2025-03-15_G32,10109758LIMAF,2025-03-15,118317,1,4,0,67.0
10109758LIMAF_2025-03-15_G33,10109758LIMAF,2025-03-15,110745,1,8,0,118.0
10109758LIMAF_2025-03-15_G34,10109758LIMAF,2025-03-15,111442,1,8,0,106.0
10109758LIMAF_2025-03-15_G35,10109758LIMAF,2025-03-15,110748,1,4,0,182.0
10109758LIMAF_2025-03-15_G36,10109758LIMAF,2025-03-15,109645,1,4,0,126.0
10109758LIMAF_2025-03-15_G37,10109758LIMAF,2025-03-15,105705,1,4,0,296.0
10109758LIMAF_2025-03-15_G38,10109758LIMAF,2025-03-15,117821,1,10,0,430.0
10109758LIMAF_2025-03-15_G39,10109758LIMAF,2025-03-15,111433,1,8,0,168.0
10109758LIMAF_2025-03-15_G40,10109758LIMAF,2025-03-15,117831,1,26,0,273.0
10109758LIMAF_2025-03-15_G41,10109758LIMAF,2025-03-15,109641,1,4,0,168.0
10109758LIMAF_2025-03-15_G42,10109758LIMAF,2025-03-15,111466,1,40,0,987.0
10109758LIMAF_2025-03-15_G43,10109758LIMAF,2025-03-15,111532,1,14,0,259.0
10109758LIMAF_2025-03-15_G44,10109758LIMAF,2025-03-15,117831,2,134,22,355.0
10109758LIMAF_2025-03-15_G45,10109758LIMAF,2025-03-15,111468,2,28,11,499.0
10109758LIMAF_2025-03-15_G46,10109758LIMAF,2025-03-15,111172,2,31,8,450.0
10109758LIMAF_2025-03-15_G48,10109758LIMAF,2025-03-15,109647,1,125,0,677.0
10109758LIMAF_2025-03-15_G49,10109758LIMAF,2025-03-15,111530,1,2,0,819.0
10109758LIMAF_2025-03-15_G50,10109758LIMAF,2025-03-15,111530,1,12,0,165.0
10109758LIMAF_2025-03-15_G51,10109758LIMAF,2025-03-15,111602,1,3,0,176.0
10109758LIMAF_2025-03-15_G52,10109758LIMAF,2025-03-15,110741,1,4,0,170.0
10109758LIMAF_2025-03-15_G53,10109758LIMAF,2025-03-15,110339,1,16,0,877.0
10109758LIMAF_2025-03-17_G02,10109758LIMAF,2025-03-17,111438,1,6,0,178.0
10109758LIMAF_2025-03-17_G03,10109758LIMAF,2025-03-17,110515,1,10,0,296.0
10109758LIMAF_2025-03-17_G04,10109758LIMAF,2025-03-17,111469,1,2,0,325.0
10109758LIMAF_2025-03-17_G05,10109758LIMAF,2025-03-17,110740,1,4,0,132.0
10109758LIMAF_2025-03-17_G06,10109758LIMAF,2025-03-17,111418,2,76,12,494.0
10109758LIMAF_2025-03-17_G07,10109758LIMAF,2025-03-17,111438,1,21,0,1008.0
10109758LIMAF_2025-03-17_G08,10109758LIMAF,2025-03-17,111172,1,4,0,2245.0
10109758LIMAF_2025-03-17_G09,10109758LIMAF,2025-03-17,111439,1,8,0,756.0
10109758LIMAF_2025-03-17_G10,10109758LIMAF,2025-03-17,117855,1,8,0,1567.0
10109758LIMAF_2025-03-17_G11,10109758LIMAF,2025-03-17,110515,1,10,0,352.0
10109758LIMAF_2025-03-17_G12,10109758LIMAF,2025-03-17,110747,1,4,0,3495.0
10109758LIMAF_2025-03-17_G13,10109758LIMAF,2025-03-17,109647,1,10,0,310.0
10109758LIMAF_2025-03-17_G14,10109758LIMAF,2025-03-17,111351,1,5,0,271.0
10109758LIMAF_2025-03-17_G15,10109758LIMAF,2025-03-17,109645,1,8,0,84.0
10109758LIMAF_2025-03-17_G16,10109758LIMAF,2025-03-17,109641,1,20,0,205.0
10109758LIMAF_2025-03-17_G17,10109758LIMAF,2025-03-17,111418,1,16,0,386.0
10109758LIMAF_2025-03-17_G18,10109758LIMAF,2025-03-17,117822,1,4,0,1292.0
10109758LIMAF_2025-03-17_G19,10109758LIMAF,2025-03-17,110376,1,2,0,97.0
10109758LIMAF_2025-03-17_G20,10109758LIMAF,2025-03-17,117808,1,846,0,3572.0
10109758LIMAF_2025-03-17_G21,10109758LIMAF,2025-03-17,117809,1,6,0,220.0
10109758LIMAF_2025-03-17_G22,10109758LIMAF,2025-03-17,109643,1,8,0,1071.0
10109758LIMAF_2025-03-17_G24,10109758LIMAF,2025-03-17,110742,1,4,0,107.0
10109758LIMAF_2025-03-17_G25,10109758LIMAF,2025-03-17,117862,1,8,0,159.0
10109758LIMAF_2025-03-17_G26,10109758LIMAF,2025-03-17,110313,1,2,0,325.0
10109758LIMAF_2025-03-17_G27,10109758LIMAF,2025-03-17,117935,1,4,0,81.0
10109758LIMAF_2025-03-17_G28,10109758LIMAF,2025-03-17,117856,1,4,0,58.0
10109758LIMAF_2025-03-17_G29,10109758LIMAF,2025-03-17,117861,1,2,0,177.0
10109758LIMAF_2025-03-17_G30,10109758LIMAF,2025-03-17,117786,1,2,0,80.0
10109758LIMAF_2025-03-17_G31,10109758LIMAF,2025-03-17,110515,1,3,0,71.0
10109758LIMAF_2025-03-17_G32,10109758LIMAF,2025-03-17,111530,1,2,0,41.0
10109758LIMAF_2025-03-17_G33,10109758LIMAF,2025-03-17,110325,1,2,0,890.0
10109758LIMAF_2025-03-17_G34,10109758LIMAF,2025-03-17,118299,1,20,0,241.0
10109758LIMAF_2025-03-17_G35,10109758LIMAF,2025-03-17,110376,1,2,0,218.0
10109758LIMAF_2025-03-17_G36,10109758LIMAF,2025-03-17,117820,1,10,0,112.0
10109758LIMAF_2025-03-18_G02,10109758LIMAF,2025-03-18,117786,1,1,0,104.0
10109758LIMAF_2025-03-18_G03,10109758LIMAF,2025-03-18,111530,1,3,0,233.0
10109758LIMAF_2025-03-18_G04,10109758LIMAF,2025-03-18,110711,1,2,0,124.0
10109758LIMAF_2025-03-18_G05,10109758LIMAF,2025-03-18,117830,1,3,0,137.0
10109758LIMAF_2025-03-18_G06,10109758LIMAF,2025-03-18,109643,1,1,0,122.0
10109758LIMAF_2025-03-18_G07,10109758LIMAF,2025-03-18,117808,1,27,0,237.0
10109758LIMAF_2025-03-18_G08,10109758LIMAF,2025-03-18,110371,1,15,0,315.0
10109758LIMAF_2025-03-18_G09,10109758LIMAF,2025-03-18,110372,1,18,0,996.0
10109758LIMAF_2025-03-18_G10,10109758LIMAF,2025-03-18,110371,1,2,0,273.0
10109758LIMAF_2025-03-18_G11,10109758LIMAF,2025-03-18,110325,1,3,0,185.0
10109758LIMAF_2025-03-18_G12,10109758LIMAF,2025-03-18,118299,1,9,0,1648.0
10109758LIMAF_2025-03-18_G13,10109758LIMAF,2025-03-18,110376,1,1,0,134.0
10109758LIMAF_2025-03-18_G14,10109758LIMAF,2025-03-18,117808,1,8,0,55.0
10109758LIMAF_2025-03-18_G15,10109758LIMAF,2025-03-18,111441,1,4,0,135.0
10109758LIMAF_2025-03-18_G16,10109758LIMAF,2025-03-18,117862,1,1,0,435.0
10109758LIMAF_2025-03-18_G17,10109758LIMAF,2025-03-18,110313,1,2,0,181.0
10109758LIMAF_2025-03-18_G18,10109758LIMAF,2025-03-18,117855,1,3,0,120.0
10109758LIMAF_2025-03-18_G19,10109758LIMAF,2025-03-18,117786,1,4,0,109.0
10109758LIMAF_2025-03-18_G20,10109758LIMAF,2025-03-18,110515,1,5,0,127.0
10109758LIMAF_2025-03-18_G21,10109758LIMAF,2025-03-18,111530,1,4,0,106.0
10109758LIMAF_2025-03-18_G22,10109758LIMAF,2025-03-18,110711,1,2,0,86.0
10109758LIMAF_2025-03-18_G23,10109758LIMAF,2025-03-18,117862,1,2,0,782.0
10109758LIMAF_2025-03-18_G24,10109758LIMAF,2025-03-18,118094,1,2,0,117.0
10109758LIMAF_2025-03-18_G25,10109758LIMAF,2025-03-18,110313,1,1,0,75.0
10109758LIMAF_2025-03-18_G26,10109758LIMAF,2025-03-18,111602,1,2,0,698.0
10109758LIMAF_2025-03-18_G27,10109758LIMAF,2025-03-18,117786,1,3,0,95.0
10109758LIMAF_2025-03-18_G28,10109758LIMAF,2025-03-18,110515,1,2,0,652.0
10109758LIMAF_2025-03-18_G29,10109758LIMAF,2025-03-18,111530,1,4,0,63.0
10109758LIMAF_2025-03-18_G30,10109758LIMAF,2025-03-18,110711,1,2,0,174.0
10109758LIMAF_2025-03-18_G31,10109758LIMAF,2025-03-18,110895,1,15,0,303.0
10109758LIMAF_2025-03-18_G32,10109758LIMAF,2025-03-18,111418,1,5,0,449.0
10109758LIMAF_2025-03-18_G33,10109758LIMAF,2025-03-18,108759,1,3,0,192.0
10109758LIMAF_2025-03-18_G34,10109758LIMAF,2025-03-18,111469,1,34,0,1109.0
10109758LIMAF_2025-03-18_G35,10109758LIMAF,2025-03-18,111467,1,209,0,1862.0
10109758LIMAF_2025-03-18_G36,10109758LIMAF,2025-03-18,111569,1,6,0,2211.0
10109758LIMAF_2025-03-18_G37,10109758LIMAF,2025-03-18,110339,1,2,0,633.0
10109758LIMAF_2025-03-18_G38,10109758LIMAF,2025-03-18,117855,3,19,19,94.0
10109758LIMAF_2025-03-18_G40,10109758LIMAF,2025-03-18,111530,1,5,0,199.0
10109758LIMAF_2025-03-18_G41,10109758LIMAF,2025-03-18,116241,1,5,0,318.0
10109758LIMAF_2025-03-18_G42,10109758LIMAF,2025-03-18,111532,1,10,0,369.0
10109758LIMAF_2025-03-18_G43,10109758LIMAF,2025-03-18,111351,1,7,0,256.0
10109758LIMAF_2025-03-18_G44,10109758LIMAF,2025-03-18,118094,1,8,0,230.0
10109758LIMAF_2025-03-18_G45,10109758LIMAF,2025-03-18,110372,3,117,33,1065.0
10109758LIMAF_2025-03-18_G46,10109758LIMAF,2025-03-18,110374,1,30,0,1061.0
10109758LIMAF_2025-03-18_G47,10109758LIMAF,2025-03-18,110325,1,6,0,342.0
10109758LIMAF_2025-03-18_G48,10109758LIMAF,2025-03-18,110373,1,10,0,352.0
10109758LIMAF_2025-03-18_G49,10109758LIMAF,2025-03-18,117820,1,1,0,146.0
10109758LIMAF_2025-03-18_G50,10109758LIMAF,2025-03-18,117830,1,4,0,53.0
10109758LIMAF_2025-03-18_G51,10109758LIMAF,2025-03-18,110371,2,15,6,51.0
10109758LIMAF_2025-03-18_G52,10109758LIMAF,2025-03-18,109643,1,4,0,438.0
10109758LIMAF_2025-03-18_G53,10109758LIMAF,2025-03-18,110375,1,2,0,195.0
10109758LIMAF_2025-03-18_G54,10109758LIMAF,2025-03-18,117808,2,37,7,117.0
10109758LIMAF_2025-03-18_G55,10109758LIMAF,2025-03-18,110373,1,26,0,623.0
10109758LIMAF_2025-03-19_G02,10109758LIMAF,2025-03-19,117862,1,2,0,99.0
10109758LIMAF_2025-03-19_G03,10109758LIMAF,2025-03-19,117853,1,2,0,99.0
10109758LIMAF_2025-03-19_G04,10109758LIMAF,2025-03-19,110339,1,6,0,185.0
10109758LIMAF_2025-03-19_G05,10109758LIMAF,2025-03-19,111602,1,5,0,352.0
10109758LIMAF_2025-03-19_G06,10109758LIMAF,2025-03-19,117855,1,3,0,278.0
10109758LIMAF_2025-03-19_G07,10109758LIMAF,2025-03-19,111876,1,4,0,224.0
10109758LIMAF_2025-03-19_G08,10109758LIMAF,2025-03-19,111530,1,6,0,114.0
10109758LIMAF_2025-03-19_G09,10109758LIMAF,2025-03-19,111348,1,2,0,215.0
10109758LIMAF_2025-03-19_G10,10109758LIMAF,2025-03-19,111532,1,1,0,111.0
10109758LIMAF_2025-03-19_G11,10109758LIMAF,2025-03-19,108711,1,1,0,91.0
10109758LIMAF_2025-03-19_G12,10109758LIMAF,2025-03-19,111462,1,3,0,69.0
10109758LIMAF_2025-03-19_G13,10109758LIMAF,2025-03-19,111465,1,6,0,116.0
10109758LIMAF_2025-03-19_G14,10109758LIMAF,2025-03-19,110745,1,2,0,154.0
10109758LIMAF_2025-03-19_G15,10109758LIMAF,2025-03-19,109649,1,2,0,296.0
10109758LIMAF_2025-03-19_G16,10109758LIMAF,2025-03-19,110747,1,4,0,1769.0
10109758LIMAF_2025-03-19_G17,10109758LIMAF,2025-03-19,117862,1,1,0,184.0
10109758LIMAF_2025-03-19_G18,10109758LIMAF,2025-03-19,110339,1,2,0,81.0
10109758LIMAF_2025-03-19_G19,10109758LIMAF,2025-03-19,110733,1,7,0,86.0
10109758LIMAF_2025-03-19_G20,10109758LIMAF,2025-03-19,111602,1,7,0,108.0
10109758LIMAF_2025-03-19_G21,10109758LIMAF,2025-03-19,117855,1,2,0,112.0
10109758LIMAF_2025-03-19_G22,10109758LIMAF,2025-03-19,109640,1,2,0,69.0
10109758LIMAF_2025-03-19_G23,10109758LIMAF,2025-03-19,111182,1,2,0,1742.0
10109758LIMAF_2025-03-19_G24,10109758LIMAF,2025-03-19,"117838, 108711",2,12,29,489.0
10109758LIMAF_2025-03-19_G25,10109758LIMAF,2025-03-19,111462,1,4,0,77.0
10109758LIMAF_2025-03-19_G26,10109758LIMAF,2025-03-19,110787,1,2,0,108.0
10109758LIMAF_2025-03-19_G27,10109758LIMAF,2025-03-19,117831,1,4,0,59.0
10109758LIMAF_2025-03-19_G28,10109758LIMAF,2025-03-19,118140,1,1,0,69.0
10109758LIMAF_2025-03-19_G29,10109758LIMAF,2025-03-19,111465,1,1,0,61.0
10109758LIMAF_2025-03-19_G30,10109758LIMAF,2025-03-19,111441,1,2,0,1853.0
10109758LIMAF_2025-03-19_G31,10109758LIMAF,2025-03-19,111569,1,6,0,142.0
10109758LIMAF_2025-03-19_G32,10109758LIMAF,2025-03-19,117935,1,6,0,154.0
10109758LIMAF_2025-03-19_G33,10109758LIMAF,2025-03-19,118299,1,8,0,176.0
10109758LIMAF_2025-03-19_G34,10109758LIMAF,2025-03-19,117820,1,2,0,49.0
10109758LIMAF_2025-03-19_G35,10109758LIMAF,2025-03-19,117808,1,5,0,41.0
10109758LIMAF_2025-03-19_G36,10109758LIMAF,2025-03-19,110372,1,3,0,75.0
10109758LIMAF_2025-03-19_G37,10109758LIMAF,2025-03-19,109643,1,5,0,61.0
10109758LIMAF_2025-03-19_G38,10109758LIMAF,2025-03-19,117832,1,2,0,105.0
10109758LIMAF_2025-03-19_G39,10109758LIMAF,2025-03-19,109747,1,4,0,80.0
10109758LIMAF_2025-03-19_G40,10109758LIMAF,2025-03-19,110742,1,1,0,1030.0
10109758LIMAF_2025-03-19_G41,10109758LIMAF,2025-03-19,111569,1,2,0,88.0
10109758LIMAF_2025-03-19_G42,10109758LIMAF,2025-03-19,111850,1,2,0,124.0
10109758LIMAF_2025-03-19_G43,10109758LIMAF,2025-03-19,117808,1,100,0,543.0
10109758LIMAF_2025-03-19_G44,10109758LIMAF,2025-03-19,109640,1,22,0,1304.0
10109758LIMAF_2025-03-19_G45,10109758LIMAF,2025-03-19,109640,1,6,0,407.0
10109758LIMAF_2025-03-19_G47,10109758LIMAF,2025-03-19,107629,1,2,0,1069.0
10109758LIMAF_2025-03-19_G48,10109758LIMAF,2025-03-19,117855,1,2,0,60.0
10109758LIMAF_2025-03-19_G49,10109758LIMAF,2025-03-19,111530,1,2,0,148.0
10109758LIMAF_2025-03-19_G50,10109758LIMAF,2025-03-19,111466,1,4,0,151.0
10109758LIMAF_2025-03-19_G51,10109758LIMAF,2025-03-19,111463,1,10,0,134.0
10109758LIMAF_2025-03-19_G52,10109758LIMAF,2025-03-19,107629,1,2,0,275.0
10109758LIMAF_2025-03-19_G53,10109758LIMAF,2025-03-19,111530,1,2,0,67.0
10109758LIMAF_2025-03-19_G54,10109758LIMAF,2025-03-19,117853,1,2,0,137.0
10109758LIMAF_2025-03-19_G55,10109758LIMAF,2025-03-19,111466,1,5,0,198.0
10109758LIMAF_2025-03-19_G56,10109758LIMAF,2025-03-19,111463,1,6,0,220.0
10109758LIMAF_2025-03-19_G57,10109758LIMAF,2025-03-19,110740,1,2,0,140.0
10109758LIMAF_2025-03-19_G58,10109758LIMAF,2025-03-19,110747,1,4,0,404.0
10109758LIMAF_2025-03-19_G59,10109758LIMAF,2025-03-19,118094,1,4,0,199.0
10109758LIMAF_2025-03-19_G60,10109758LIMAF,2025-03-19,111598,1,4,0,84.0
10109758LIMAF_2025-03-19_G61,10109758LIMAF,2025-03-19,117862,1,4,0,902.0
10109758LIMAF_2025-03-19_G62,10109758LIMAF,2025-03-19,109647,1,4,0,114.0
10109758LIMAF_2025-03-19_G63,10109758LIMAF,2025-03-19,110733,1,2,0,173.0
10109758LIMAF_2025-03-19_G64,10109758LIMAF,2025-03-19,111530,1,3,0,79.0
10109758LIMAF_2025-03-19_G65,10109758LIMAF,2025-03-19,110711,1,2,0,134.0
10109758LIMAF_2025-03-19_G66,10109758LIMAF,2025-03-19,110743,1,6,0,194.0
10109758LIMAF_2025-03-19_G67,10109758LIMAF,2025-03-19,117838,1,6,0,158.0
10109758LIMAF_2025-03-19_G68,10109758LIMAF,2025-03-19,110748,1,4,0,136.0
10109758LIMAF_2025-03-19_G69,10109758LIMAF,2025-03-19,118140,1,6,0,173.0
10109758LIMAF_2025-03-19_G70,10109758LIMAF,2025-03-19,118299,1,10,0,156.0
10109758LIMAF_2025-03-19_G71,10109758LIMAF,2025-03-19,117808,1,26,0,102.0
10109758LIMAF_2025-03-19_G72,10109758LIMAF,2025-03-19,109643,1,4,0,195.0
10109758LIMAF_2025-03-20_G02,10109758LIMAF,2025-03-20,111469,1,15,0,76.0
10109758LIMAF_2025-03-20_G03,10109758LIMAF,2025-03-20,111463,1,2,0,177.0
10109758LIMAF_2025-03-20_G04,10109758LIMAF,2025-03-20,110787,1,1,0,220.0
10109758LIMAF_2025-03-20_G05,10109758LIMAF,2025-03-20,110373,1,3,0,70.0
10109758LIMAF_2025-03-20_G06,10109758LIMAF,2025-03-20,118299,1,5,0,165.0
10109758LIMAF_2025-03-20_G07,10109758LIMAF,2025-03-20,117820,1,1,0,61.0
10109758LIMAF_2025-03-20_G08,10109758LIMAF,2025-03-20,110325,1,2,0,176.0
10109758LIMAF_2025-03-20_G09,10109758LIMAF,2025-03-20,"118299, 117820",2,5,9,141.0
10109758LIMAF_2025-03-20_G10,10109758LIMAF,2025-03-20,110372,1,4,0,141.0
10109758LIMAF_2025-03-20_G11,10109758LIMAF,2025-03-20,117832,1,2,0,95.0
10109758LIMAF_2025-03-20_G12,10109758LIMAF,2025-03-20,111441,1,20,0,290.0
10109758LIMAF_2025-03-20_G13,10109758LIMAF,2025-03-20,110895,1,4,0,273.0
10109758LIMAF_2025-03-20_G14,10109758LIMAF,2025-03-20,120002,1,2,0,514.0
10109758LIMAF_2025-03-20_G15,10109758LIMAF,2025-03-20,111182,1,5,0,276.0
10109758LIMAF_2025-03-20_G16,10109758LIMAF,2025-03-20,111463,1,3,0,121.0
10109758LIMAF_2025-03-20_G17,10109758LIMAF,2025-03-20,117785,1,98,0,728.0
10109758LIMAF_2025-03-20_G18,10109758LIMAF,2025-03-20,111469,1,44,0,790.0
10109758LIMAF_2025-03-20_G19,10109758LIMAF,2025-03-20,111443,1,4,0,634.0
10109758LIMAF_2025-03-20_G20,10109758LIMAF,2025-03-20,111462,1,2,0,258.0
10109758LIMAF_2025-03-20_G21,10109758LIMAF,2025-03-20,118140,1,4,0,55.0
10109758LIMAF_2025-03-20_G22,10109758LIMAF,2025-03-20,111463,1,42,0,508.0
10109758LIMAF_2025-03-21_G02,10109758LIMAF,2025-03-21,118222,1,8,0,652.0
10109758LIMAF_2025-03-21_G03,10109758LIMAF,2025-03-21,110895,1,4,0,136.0
10109758LIMAF_2025-03-21_G04,10109758LIMAF,2025-03-21,100334,1,4,0,72.0
10109758LIMAF_2025-03-21_G05,10109758LIMAF,2025-03-21,111602,1,30,0,3101.0
10109758LIMAF_2025-03-21_G06,10109758LIMAF,2025-03-21,110515,1,10,0,496.0
10109758LIMAF_2025-03-21_G07,10109758LIMAF,2025-03-21,111469,1,8,0,302.0
10109758LIMAF_2025-03-21_G08,10109758LIMAF,2025-03-21,111532,1,18,0,460.0
10109758LIMAF_2025-03-21_G09,10109758LIMAF,2025-03-21,111443,2,18,5,1407.0
10109758LIMAF_2025-03-21_G10,10109758LIMAF,2025-03-21,117853,2,4,5,996.0
10109758LIMAF_2025-03-21_G11,10109758LIMAF,2025-03-21,110372,1,20,0,406.0
10109758LIMAF_2025-03-21_G12,10109758LIMAF,2025-03-21,118253,1,6,0,372.0
10109758LIMAF_2025-03-21_G13,10109758LIMAF,2025-03-21,140922,1,2,0,966.0
10109758LIMAF_2025-03-21_G14,10109758LIMAF,2025-03-21,111172,1,2,0,160.0
10109758LIMAF_2025-03-21_G15,10109758LIMAF,2025-03-21,111418,1,4,0,80.0
10109758LIMAF_2025-03-21_G16,10109758LIMAF,2025-03-21,117821,1,2,0,95.0
10109758LIMAF_2025-03-21_G17,10109758LIMAF,2025-03-21,111465,1,4,0,100.0
10109758LIMAF_2025-03-21_G18,10109758LIMAF,2025-03-21,110740,1,4,0,87.0
10109758LIMAF_2025-03-21_G19,10109758LIMAF,2025-03-21,110374,1,6,0,141.0
10109758LIMAF_2025-03-21_G20,10109758LIMAF,2025-03-21,118299,1,4,0,96.0
10109758LIMAF_2025-03-21_G21,10109758LIMAF,2025-03-21,117830,1,4,0,116.0
10109758LIMAF_2025-03-21_G22,10109758LIMAF,2025-03-21,111569,1,7,0,1293.0
10109758LIMAF_2025-03-21_G23,10109758LIMAF,2025-03-21,110515,1,2,0,211.0
10109758LIMAF_2025-03-21_G24,10109758LIMAF,2025-03-21,111530,1,5,0,251.0
10109758LIMAF_2025-03-21_G25,10109758LIMAF,2025-03-21,140922,1,1,0,130.0
10109758LIMAF_2025-03-21_G26,10109758LIMAF,2025-03-21,111330,1,1,0,66.0
10109758LIMAF_2025-03-21_G27,10109758LIMAF,2025-03-21,111418,2,10,8,135.0
10109758LIMAF_2025-03-21_G28,10109758LIMAF,2025-03-21,111462,1,1,0,184.0
10109758LIMAF_2025-03-21_G29,10109758LIMAF,2025-03-21,111418,1,18,0,83.0
10109758LIMAF_2025-03-21_G31,10109758LIMAF,2025-03-21,109640,1,2,0,225.0
10109758LIMAF_2025-03-21_G32,10109758LIMAF,2025-03-21,111172,1,4,0,118.0
10109758LIMAF_2025-03-21_G33,10109758LIMAF,2025-03-21,111418,1,41,0,393.0
10109758LIMAF_2025-03-21_G34,10109758LIMAF,2025-03-21,111465,1,5,0,627.0
10109758LIMAF_2025-03-21_G35,10109758LIMAF,2025-03-21,109645,1,2,0,168.0
10109758LIMAF_2025-03-21_G36,10109758LIMAF,2025-03-21,118299,1,59,0,209.0
10109758LIMAF_2025-03-21_G37,10109758LIMAF,2025-03-21,117808,1,50,0,834.0
10109758LIMAF_2025-03-21_G38,10109758LIMAF,2025-03-21,110373,1,20,0,879.0
10109758LIMAF_2025-03-21_G39,10109758LIMAF,2025-03-21,118299,1,72,0,1452.0
10109758LIMAF_2025-03-22_G02,10109758LIMAF,2025-03-22,108770,1,2,0,565.0
10109758LIMAF_2025-03-22_G03,10109758LIMAF,2025-03-22,118222,1,50,0,287.0
10109758LIMAF_2025-03-22_G04,10109758LIMAF,2025-03-22,118306,1,8,0,663.0
10109758LIMAF_2025-03-22_G05,10109758LIMAF,2025-03-22,110895,1,4,0,233.0
10109758LIMAF_2025-03-22_G06,10109758LIMAF,2025-03-22,111090,1,6,0,104.0
10109758LIMAF_2025-03-22_G07,10109758LIMAF,2025-03-22,117836,1,4,0,148.0
10109758LIMAF_2025-03-22_G08,10109758LIMAF,2025-03-22,111469,2,100,10,1785.0
10109758LIMAF_2025-03-22_G09,10109758LIMAF,2025-03-22,111466,2,96,7,470.0
10109758LIMAF_2025-03-22_G10,10109758LIMAF,2025-03-22,118140,1,60,0,625.0
10109758LIMAF_2025-03-22_G11,10109758LIMAF,2025-03-22,111441,1,12,0,1393.0
10109758LIMAF_2025-03-22_G12,10109758LIMAF,2025-03-22,111569,1,10,0,377.0
10109758LIMAF_2025-03-22_G13,10109758LIMAF,2025-03-22,110895,1,12,0,2320.0
10109758LIMAF_2025-03-22_G14,10109758LIMAF,2025-03-22,100334,1,4,0,193.0
10109758LIMAF_2025-03-22_G15,10109758LIMAF,2025-03-22,111430,1,4,0,113.0
10109758LIMAF_2025-03-22_G16,10109758LIMAF,2025-03-22,117835,1,7,0,893.0
10109758LIMAF_2025-03-22_G17,10109758LIMAF,2025-03-22,117820,1,30,0,260.0
10109758LIMAF_2025-03-22_G18,10109758LIMAF,2025-03-22,117808,1,119,0,695.0
10109758LIMAF_2025-03-22_G19,10109758LIMAF,2025-03-22,118299,1,20,0,703.0
10109758LIMAF_2025-03-22_G20,10109758LIMAF,2025-03-22,109643,1,6,0,347.0
10109758LIMAF_2025-03-22_G21,10109758LIMAF,2025-03-22,110373,1,2,0,96.0
10109758LIMAF_2025-03-22_G22,10109758LIMAF,2025-03-22,110371,1,9,0,100.0
10109758LIMAF_2025-03-22_G23,10109758LIMAF,2025-03-22,110374,1,8,0,113.0
10109758LIMAF_2025-03-22_G25,10109758LIMAF,2025-03-22,111418,2,60,4,953.0
10109758LIMAF_2025-03-22_G26,10109758LIMAF,2025-03-22,118140,1,30,0,986.0
10109758LIMAF_2025-03-22_G27,10109758LIMAF,2025-03-22,110740,1,1,0,255.0
10109758LIMAF_2025-03-22_G28,10109758LIMAF,2025-03-22,118094,1,30,0,1324.0
10109758LIMAF_2025-03-22_G29,10109758LIMAF,2025-03-22,111530,1,58,0,507.0
10109758LIMAF_2025-03-22_G30,10109758LIMAF,2025-03-22,117855,1,20,0,746.0
10109758LIMAF_2025-03-22_G31,10109758LIMAF,2025-03-22,117855,1,30,0,163.0
10109758LIMAF_2025-03-22_G32,10109758LIMAF,2025-03-22,117786,1,60,0,237.0
10109758LIMAF_2025-03-24_G02,10109758LIMAF,2025-03-24,110747,1,8,0,145.0
10109758LIMAF_2025-03-24_G03,10109758LIMAF,2025-03-24,111850,1,6,0,211.0
10109758LIMAF_2025-03-24_G04,10109758LIMAF,2025-03-24,118222,1,5,0,191.0
10109758LIMAF_2025-03-24_G05,10109758LIMAF,2025-03-24,118306,1,4,0,457.0
10109758LIMAF_2025-03-24_G06,10109758LIMAF,2025-03-24,110895,1,10,0,100.0
10109758LIMAF_2025-03-24_G07,10109758LIMAF,2025-03-24,111569,1,4,0,1703.0
10109758LIMAF_2025-03-24_G08,10109758LIMAF,2025-03-24,108759,1,7,0,270.0
10109758LIMAF_2025-03-24_G09,10109758LIMAF,2025-03-24,118299,1,100,0,546.0
10109758LIMAF_2025-03-24_G10,10109758LIMAF,2025-03-24,117831,1,30,0,2838.0
10109758LIMAF_2025-03-24_G11,10109758LIMAF,2025-03-24,118140,1,10,0,390.0
10109758LIMAF_2025-03-24_G12,10109758LIMAF,2025-03-24,110787,1,17,0,116.0
10109758LIMAF_2025-03-24_G13,10109758LIMAF,2025-03-24,140922,1,10,0,291.0
10109758LIMAF_2025-03-24_G14,10109758LIMAF,2025-03-24,111418,2,30,11,182.0
10109758LIMAF_2025-03-24_G15,10109758LIMAF,2025-03-24,111469,2,22,8,542.0
10109758LIMAF_2025-03-24_G16,10109758LIMAF,2025-03-24,111466,1,20,0,135.0
10109758LIMAF_2025-03-24_G18,10109758LIMAF,2025-03-24,111739,1,8,0,369.0
10109758LIMAF_2025-03-24_G19,10109758LIMAF,2025-03-24,111723,1,8,0,247.0
10109758LIMAF_2025-03-24_G20,10109758LIMAF,2025-03-24,111759,1,6,0,235.0
10109758LIMAF_2025-03-24_G22,10109758LIMAF,2025-03-24,111634,1,4,0,226.0
10109758LIMAF_2025-03-24_G23,10109758LIMAF,2025-03-24,111722,1,10,0,166.0
10109758LIMAF_2025-03-24_G24,10109758LIMAF,2025-03-24,141262,1,24,0,249.0
10109758LIMAF_2025-03-24_G25,10109758LIMAF,2025-03-24,111441,1,16,0,749.0
10109758LIMAF_2025-03-24_G26,10109758LIMAF,2025-03-24,110747,1,3,0,869.0
10109758LIMAF_2025-03-24_G27,10109758LIMAF,2025-03-24,110895,1,8,0,113.0
10109758LIMAF_2025-03-24_G28,10109758LIMAF,2025-03-24,118094,1,2,0,516.0
10109758LIMAF_2025-03-24_G29,10109758LIMAF,2025-03-24,117862,1,3,0,169.0
10109758LIMAF_2025-03-24_G30,10109758LIMAF,2025-03-24,110313,1,8,0,88.0
10109758LIMAF_2025-03-24_G31,10109758LIMAF,2025-03-24,111530,1,5,0,304.0
10109758LIMAF_2025-03-24_G32,10109758LIMAF,2025-03-24,109640,1,5,0,157.0
10109758LIMAF_2025-03-24_G33,10109758LIMAF,2025-03-24,111569,1,14,0,501.0
10109758LIMAF_2025-03-24_G34,10109758LIMAF,2025-03-24,111469,3,63,15,534.0
10109758LIMAF_2025-03-24_G35,10109758LIMAF,2025-03-24,118140,1,14,0,998.0
10109758LIMAF_2025-03-24_G36,10109758LIMAF,2025-03-24,110787,1,7,0,504.0
10109758LIMAF_2025-03-24_G37,10109758LIMAF,2025-03-24,111469,1,2,0,134.0
10109758LIMAF_2025-03-25_G02,10109758LIMAF,2025-03-25,117833,1,20,0,424.0
10109758LIMAF_2025-03-25_G03,10109758LIMAF,2025-03-25,111465,1,20,0,266.0
10109758LIMAF_2025-03-25_G04,10109758LIMAF,2025-03-25,117831,1,250,0,918.0
10109758LIMAF_2025-03-25_G05,10109758LIMAF,2025-03-25,110372,1,100,0,744.0
10109758LIMAF_2025-03-25_G06,10109758LIMAF,2025-03-25,110373,1,100,0,262.0
10109758LIMAF_2025-03-25_G07,10109758LIMAF,2025-03-25,110371,1,50,0,456.0
10109758LIMAF_2025-03-25_G09,10109758LIMAF,2025-03-25,117808,1,250,0,1172.0
10109758LIMAF_2025-03-25_G10,10109758LIMAF,2025-03-25,117834,1,4,0,530.0
10109758LIMAF_2025-03-25_G11,10109758LIMAF,2025-03-25,117786,1,40,0,308.0
10109758LIMAF_2025-03-25_G12,10109758LIMAF,2025-03-25,118140,1,150,0,1107.0
10109758LIMAF_2025-03-25_G13,10109758LIMAF,2025-03-25,111469,1,40,0,476.0
10109758LIMAF_2025-03-25_G14,10109758LIMAF,2025-03-25,117809,1,166,0,717.0
10109758LIMAF_2025-03-25_G15,10109758LIMAF,2025-03-25,110371,1,200,0,928.0
10109758LIMAF_2025-03-25_G16,10109758LIMAF,2025-03-25,110372,1,200,0,592.0
10109758LIMAF_2025-03-25_G18,10109758LIMAF,2025-03-25,111530,1,40,0,1348.0
10109758LIMAF_2025-03-25_G19,10109758LIMAF,2025-03-25,117786,1,20,0,1937.0
10109758LIMAF_2025-03-25_G20,10109758LIMAF,2025-03-25,110515,1,20,0,453.0
10109758LIMAF_2025-03-25_G21,10109758LIMAF,2025-03-25,110339,1,20,0,571.0
10109758LIMAF_2025-03-25_G22,10109758LIMAF,2025-03-25,111602,1,20,0,399.0
10109758LIMAF_2025-03-25_G23,10109758LIMAF,2025-03-25,110733,1,10,0,179.0
10109758LIMAF_2025-03-29_G02,10109758LIMAF,2025-03-29,110742,1,2,0,3246.0
10109758LIMAF_2025-03-29_G03,10109758LIMAF,2025-03-29,111438,1,6,0,807.0
10109758LIMAF_2025-03-29_G04,10109758LIMAF,2025-03-29,111430,1,2,0,169.0
10109758LIMAF_2025-03-29_G05,10109758LIMAF,2025-03-29,118290,1,2,0,101.0
10109758LIMAF_2025-03-29_G06,10109758LIMAF,2025-03-29,100334,1,2,0,346.0
10109758LIMAF_2025-03-29_G07,10109758LIMAF,2025-03-29,117862,1,8,0,146.0
10109758LIMAF_2025-03-29_G08,10109758LIMAF,2025-03-29,107629,1,2,0,176.0
10109758LIMAF_2025-03-29_G09,10109758LIMAF,2025-03-29,110733,1,2,0,89.0
10109758LIMAF_2025-03-29_G10,10109758LIMAF,2025-03-29,117861,1,8,0,176.0
10109758LIMAF_2025-03-29_G11,10109758LIMAF,2025-03-29,140922,1,5,0,183.0
10109758LIMAF_2025-03-29_G12,10109758LIMAF,2025-03-29,111466,1,8,0,125.0
10109758LIMAF_2025-03-29_G13,10109758LIMAF,2025-03-29,111435,1,2,0,119.0
10109758LIMAF_2025-03-29_G14,10109758LIMAF,2025-03-29,111330,1,4,0,83.0
10109758LIMAF_2025-03-29_G15,10109758LIMAF,2025-03-29,111532,1,2,0,129.0
10109758LIMAF_2025-03-29_G16,10109758LIMAF,2025-03-29,111418,1,24,0,382.0
10109758LIMAF_2025-03-29_G17,10109758LIMAF,2025-03-29,105705,1,4,0,226.0
10109758LIMAF_2025-03-29_G18,10109758LIMAF,2025-03-29,118299,1,10,0,227.0
10109758LIMAF_2025-03-29_G19,10109758LIMAF,2025-03-29,110371,1,16,0,384.0
10109758LIMAF_2025-03-29_G20,10109758LIMAF,2025-03-29,110373,1,12,0,1078.0
10109758LIMAF_2025-03-29_G21,10109758LIMAF,2025-03-29,110372,1,10,0,96.0
10109758LIMAF_2025-03-29_G22,10109758LIMAF,2025-03-29,117808,1,12,0,229.0
10109758LIMAF_2025-03-29_G23,10109758LIMAF,2025-03-29,110374,1,4,0,144.0
10109758LIMAF_2025-03-29_G25,10109758LIMAF,2025-03-29,111469,1,8,0,536.0
10109758LIMAF_2025-03-29_G26,10109758LIMAF,2025-03-29,118317,1,5,0,121.0
10109758LIMAF_2025-03-29_G27,10109758LIMAF,2025-03-29,105705,1,2,0,246.0
10109758LIMAF_2025-03-29_G28,10109758LIMAF,2025-03-29,111418,1,32,0,122.0
10109758LIMAF_2025-03-29_G29,10109758LIMAF,2025-03-29,111172,1,2,0,187.0
10109758LIMAF_2025-03-29_G30,10109758LIMAF,2025-03-29,117832,1,4,0,198.0
10109758LIMAF_2025-03-29_G31,10109758LIMAF,2025-03-29,110372,1,10,0,432.0
10109758LIMAF_2025-03-29_G32,10109758LIMAF,2025-03-29,117808,1,12,0,487.0
10109758LIMAF_2025-03-29_G33,10109758LIMAF,2025-03-29,"111430, 110747",2,8,15,1547.0
10109758LIMAF_2025-03-29_G34,10109758LIMAF,2025-03-29,111438,1,4,0,1170.0
10109758LIMAF_2025-03-29_G35,10109758LIMAF,2025-03-29,140911,1,2,0,103.0
10109758LIMAF_2025-03-29_G36,10109758LIMAF,2025-03-29,110711,1,4,0,352.0
10109758LIMAF_2025-03-29_G37,10109758LIMAF,2025-03-29,140957,1,2,0,270.0
10109758LIMAF_2025-03-29_G38,10109758LIMAF,2025-03-29,107629,1,2,0,67.0
10109758LIMAF_2025-03-29_G39,10109758LIMAF,2025-03-29,117809,1,4,0,128.0
10109758LIMAF_2025-03-29_G40,10109758LIMAF,2025-03-29,110372,1,10,0,165.0
10109758LIMAF_2025-03-30_G02,10109758LIMAF,2025-03-30,111418,1,4,0,161.0
10109758LIMAF_2025-03-30_G03,10109758LIMAF,2025-03-30,111467,1,4,0,226.0
10109758LIMAF_2025-03-30_G04,10109758LIMAF,2025-03-30,118140,1,80,0,895.0
10109758LIMAF_2025-03-30_G05,10109758LIMAF,2025-03-30,110752,1,4,0,1737.0
10109758LIMAF_2025-03-30_G06,10109758LIMAF,2025-03-30,111467,1,2,0,288.0
10109758LIMAF_2025-03-30_G07,10109758LIMAF,2025-03-30,117853,1,4,0,170.0
10109758LIMAF_2025-03-30_G08,10109758LIMAF,2025-03-30,110313,1,4,0,202.0
10109758LIMAF_2025-03-30_G09,10109758LIMAF,2025-03-30,110515,1,6,0,107.0
10109758LIMAF_2025-03-30_G10,10109758LIMAF,2025-03-30,101217,1,2,0,139.0
10109758LIMAF_2025-03-30_G11,10109758LIMAF,2025-03-30,110711,1,3,0,92.0
10109758LIMAF_2025-03-30_G12,10109758LIMAF,2025-03-30,111469,1,4,0,274.0
10109758LIMAF_2025-03-30_G13,10109758LIMAF,2025-03-30,118317,1,3,0,119.0
10109758LIMAF_2025-03-30_G14,10109758LIMAF,2025-03-30,110787,1,8,0,120.0
10109758LIMAF_2025-03-30_G15,10109758LIMAF,2025-03-30,111467,1,6,0,2693.0
10109758LIMAF_2025-03-30_G16,10109758LIMAF,2025-03-30,141047,1,2,0,400.0
10109758LIMAF_2025-03-30_G17,10109758LIMAF,2025-03-30,109640,1,8,0,414.0
10109758LIMAF_2025-03-30_G18,10109758LIMAF,2025-03-30,111467,1,10,0,502.0
10109758LIMAF_2025-03-30_G19,10109758LIMAF,2025-03-30,141047,1,7,0,163.0
10109758LIMAF_2025-03-30_G20,10109758LIMAF,2025-03-30,111530,1,4,0,831.0
10109758LIMAF_2025-03-30_G21,10109758LIMAF,2025-03-30,110515,1,2,0,75.0
10109758LIMAF_2025-03-30_G22,10109758LIMAF,2025-03-30,110752,1,1,0,99.0
10109758LIMAF_2025-03-30_G23,10109758LIMAF,2025-03-30,111602,1,1,0,70.0
10109758LIMAF_2025-03-30_G25,10109758LIMAF,2025-03-30,107830,2,10,6,73.0
10109758LIMAF_2025-03-30_G26,10109758LIMAF,2025-03-30,117834,1,10,0,147.0
10109758LIMAF_2025-03-30_G27,10109758LIMAF,2025-03-30,111469,1,34,0,1152.0
10109758LIMAF_2025-03-30_G28,10109758LIMAF,2025-03-30,110747,1,2,0,2320.0
10109758LIMAF_2025-03-30_G29,10109758LIMAF,2025-03-30,111569,1,2,0,270.0
10109758LIMAF_2025-03-30_G30,10109758LIMAF,2025-03-30,118140,1,2,0,325.0
10109758LIMAF_2025-03-30_G31,10109758LIMAF,2025-03-30,111172,1,4,0,104.0
10109758LIMAF_2025-03-30_G32,10109758LIMAF,2025-03-30,108711,1,4,0,124.0
10109758LIMAF_2025-03-30_G33,10109758LIMAF,2025-03-30,110787,1,6,0,106.0
10109758LIMAF_2025-03-30_G34,10109758LIMAF,2025-03-30,117785,1,4,0,93.0
10109758LIMAF_2025-03-30_G35,10109758LIMAF,2025-03-30,117840,1,10,0,193.0
10109758LIMAF_2025-03-30_G36,10109758LIMAF,2025-03-30,117820,1,10,0,207.0
10109758LIMAF_2025-03-30_G37,10109758LIMAF,2025-03-30,118299,1,30,0,601.0
10109758LIMAF_2025-03-31_G02,10109758LIMAF,2025-03-31,118298,1,4,0,730.0
10109758LIMAF_2025-03-31_G03,10109758LIMAF,2025-03-31,108759,1,2,0,409.0
10109758LIMAF_2025-03-31_G05,10109758LIMAF,2025-03-31,106865,1,2,0,1131.0
10109758LIMAF_2025-03-31_G06,10109758LIMAF,2025-03-31,107254,2,14,6,94.0
10109758LIMAF_2025-03-31_G07,10109758LIMAF,2025-03-31,116527,1,2,0,195.0
10109758LIMAF_2025-03-31_G08,10109758LIMAF,2025-03-31,110310,1,2,0,63.0
10109758LIMAF_2025-03-31_G09,10109758LIMAF,2025-03-31,111832,1,2,0,135.0
10109758LIMAF_2025-03-31_G10,10109758LIMAF,2025-03-31,103148,1,1,0,262.0
10109758LIMAF_2025-03-31_G11,10109758LIMAF,2025-03-31,110310,1,2,0,851.0
10109758LIMAF_2025-03-31_G12,10109758LIMAF,2025-03-31,110475,1,4,0,262.0
10109758LIMAF_2025-03-31_G13,10109758LIMAF,2025-03-31,110833,1,3,0,205.0
10109758LIMAF_2025-03-31_G14,10109758LIMAF,2025-03-31,"111887, 104496",2,6,6,37.0
10109758LIMAF_2025-03-31_G15,10109758LIMAF,2025-03-31,110747,1,4,0,61.0
10109758LIMAF_2025-03-31_G16,10109758LIMAF,2025-03-31,"117834, 111850",2,17,15,534.0
10109758LIMAF_2025-03-31_G17,10109758LIMAF,2025-03-31,110841,2,15,15,100.0
10109758LIMAF_2025-03-31_G18,10109758LIMAF,2025-03-31,111438,1,2,0,349.0
10109758LIMAF_2025-03-31_G19,10109758LIMAF,2025-03-31,103149,2,4,6,147.0
10109758LIMAF_2025-03-31_G20,10109758LIMAF,2025-03-31,"109937, 118311",2,4,16,455.0
10109758LIMAF_2025-03-31_G21,10109758LIMAF,2025-03-31,117789,1,34,0,314.0
10109758LIMAF_2025-03-31_G22,10109758LIMAF,2025-03-31,118298,2,20,7,555.0
10109758LIMAF_2025-03-31_G23,10109758LIMAF,2025-03-31,117862,2,20,7,559.0
10109758LIMAF_2025-03-31_G24,10109758LIMAF,2025-03-31,110581,1,8,0,3341.0
10109758LIMAF_2025-03-31_G25,10109758LIMAF,2025-03-31,117935,1,10,0,183.0
10109758LIMAF_2025-03-31_G26,10109758LIMAF,2025-03-31,118403,2,20,6,68.0
10109758LIMAF_2025-03-31_G27,10109758LIMAF,2025-03-31,111467,1,20,0,138.0
10109758LIMAF_2025-03-31_G28,10109758LIMAF,2025-03-31,117861,1,17,0,287.0
10109758LIMAF_2025-03-31_G29,10109758LIMAF,2025-03-31,108361,1,1,0,159.0
10109758LIMAF_2025-03-31_G30,10109758LIMAF,2025-03-31,105242,1,10,0,78.0
10109758LIMAF_2025-04-07_G02,10109758LIMAF,2025-04-07,111469,1,2,0,324.0
10109758LIMAF_2025-04-07_G03,10109758LIMAF,2025-04-07,118140,1,3,0,170.0
10109758LIMAF_2025-04-07_G04,10109758LIMAF,2025-04-07,111418,1,1,0,82.0
10109758LIMAF_2025-04-07_G05,10109758LIMAF,2025-04-07,111743,1,1,0,69.0
10109758LIMAF_2025-04-07_G06,10109758LIMAF,2025-04-07,117833,1,2,0,131.0
10109758LIMAF_2025-04-07_G07,10109758LIMAF,2025-04-07,109645,1,2,0,93.0
10109758LIMAF_2025-04-07_G08,10109758LIMAF,2025-04-07,117821,1,2,0,142.0
10109758LIMAF_2025-04-07_G09,10109758LIMAF,2025-04-07,110740,1,1,0,449.0
10109758LIMAF_2025-04-07_G10,10109758LIMAF,2025-04-07,117831,1,4,0,76.0
10109758LIMAF_2025-04-07_G11,10109758LIMAF,2025-04-07,111463,1,4,0,212.0
10109758LIMAF_2025-04-07_G12,10109758LIMAF,2025-04-07,111743,1,4,0,70.0
10109758LIMAF_2025-04-07_G13,10109758LIMAF,2025-04-07,111532,1,8,0,85.0
10109758LIMAF_2025-04-07_G14,10109758LIMAF,2025-04-07,117833,1,4,0,83.0
10109758LIMAF_2025-04-07_G15,10109758LIMAF,2025-04-07,111468,1,8,0,111.0
10109758LIMAF_2025-04-07_G16,10109758LIMAF,2025-04-07,109645,2,4,7,123.0
10109758LIMAF_2025-04-07_G17,10109758LIMAF,2025-04-07,108711,1,1,0,142.0
10109758LIMAF_2025-04-07_G18,10109758LIMAF,2025-04-07,117787,1,4,0,128.0
10109758LIMAF_2025-04-07_G19,10109758LIMAF,2025-04-07,111465,1,4,0,161.0
10109758LIMAF_2025-04-07_G21,10109758LIMAF,2025-04-07,110743,1,4,0,354.0
10109758LIMAF_2025-04-07_G22,10109758LIMAF,2025-04-07,110740,1,4,0,165.0
10109758LIMAF_2025-04-07_G23,10109758LIMAF,2025-04-07,140922,1,1,0,120.0
10109758LIMAF_2025-04-07_G24,10109758LIMAF,2025-04-07,111443,1,4,0,139.0
10109758LIMAF_2025-04-07_G25,10109758LIMAF,2025-04-07,111348,1,4,0,73.0
10109758LIMAF_2025-04-07_G26,10109758LIMAF,2025-04-07,117833,1,4,0,78.0
10109758LIMAF_2025-04-07_G27,10109758LIMAF,2025-04-07,109641,1,4,0,73.0
10109758LIMAF_2025-04-07_G28,10109758LIMAF,2025-04-07,111172,1,4,0,186.0
10109758LIMAF_2025-04-07_G29,10109758LIMAF,2025-04-07,109645,1,4,0,573.0
10109758LIMAF_2025-04-07_G30,10109758LIMAF,2025-04-07,117838,1,4,0,106.0
10109758LIMAF_2025-04-07_G31,10109758LIMAF,2025-04-07,110748,1,4,0,79.0
10109758LIMAF_2025-04-07_G32,10109758LIMAF,2025-04-07,117787,1,1,0,160.0
10109758LIMAF_2025-04-07_G33,10109758LIMAF,2025-04-07,110787,1,1,0,90.0
10109758LIMAF_2025-04-07_G34,10109758LIMAF,2025-04-07,111465,1,1,0,59.0
10109758LIMAF_2025-04-07_G35,10109758LIMAF,2025-04-07,110372,1,32,0,2883.0
10109758LIMAF_2025-04-07_G36,10109758LIMAF,2025-04-07,118299,1,32,0,289.0
10109758LIMAF_2025-04-07_G37,10109758LIMAF,2025-04-07,117820,1,38,0,365.0
10109758LIMAF_2025-04-07_G39,10109758LIMAF,2025-04-07,109640,1,4,0,515.0
10109758LIMAF_2025-04-07_G40,10109758LIMAF,2025-04-07,117855,1,4,0,154.0
10109758LIMAF_2025-04-07_G41,10109758LIMAF,2025-04-07,111530,1,6,0,207.0
10109758LIMAF_2025-04-07_G42,10109758LIMAF,2025-04-07,110376,1,8,0,167.0
10109758LIMAF_2025-04-07_G43,10109758LIMAF,2025-04-07,111465,1,1,0,218.0
10109758LIMAF_2025-04-07_G44,10109758LIMAF,2025-04-07,117862,1,4,0,506.0
10109758LIMAF_2025-04-07_G45,10109758LIMAF,2025-04-07,117837,1,4,0,260.0
10109758LIMAF_2025-04-07_G46,10109758LIMAF,2025-04-07,141047,1,2,0,278.0
10109758LIMAF_2025-04-07_G47,10109758LIMAF,2025-04-07,110339,1,2,0,47.0
10109758LIMAF_2025-04-07_G48,10109758LIMAF,2025-04-07,110313,1,4,0,61.0
10109758LIMAF_2025-04-07_G49,10109758LIMAF,2025-04-07,110733,1,13,0,91.0
10109758LIMAF_2025-04-07_G50,10109758LIMAF,2025-04-07,118403,1,7,0,221.0
10109758LIMAF_2025-04-07_G51,10109758LIMAF,2025-04-07,110711,1,8,0,754.0
10109758LIMAF_2025-04-08_G02,10109758LIMAF,2025-04-08,111598,1,100,0,969.0
10109758LIMAF_2025-04-08_G03,10109758LIMAF,2025-04-08,110371,1,488,0,1379.0
10109758LIMAF_2025-04-08_G04,10109758LIMAF,2025-04-08,111462,1,135,0,2619.0
10109758LIMAF_2025-04-08_G05,10109758LIMAF,2025-04-08,111435,1,80,0,1020.0
10109758LIMAF_2025-04-08_G06,10109758LIMAF,2025-04-08,111442,1,150,0,2846.0
10109758LIMAF_2025-04-08_G07,10109758LIMAF,2025-04-08,108759,1,1,0,1334.0
10109758LIMAF_2025-04-08_G08,10109758LIMAF,2025-04-08,110895,1,5,0,490.0
10109758LIMAF_2025-04-08_G09,10109758LIMAF,2025-04-08,110733,1,1,0,133.0
10109758LIMAF_2025-04-08_G10,10109758LIMAF,2025-04-08,117855,1,2,0,174.0
10109758LIMAF_2025-04-08_G11,10109758LIMAF,2025-04-08,111467,1,4,0,292.0
10109758LIMAF_2025-04-08_G12,10109758LIMAF,2025-04-08,117861,1,4,0,69.0
10109758LIMAF_2025-04-08_G13,10109758LIMAF,2025-04-08,111462,1,10,0,130.0
10109758LIMAF_2025-04-08_G14,10109758LIMAF,2025-04-08,118140,1,8,0,162.0
10109758LIMAF_2025-04-08_G15,10109758LIMAF,2025-04-08,111348,1,2,0,148.0
10109758LIMAF_2025-04-08_G16,10109758LIMAF,2025-04-08,105705,1,4,0,148.0
10109758LIMAF_2025-04-08_G17,10109758LIMAF,2025-04-08,117785,1,8,0,637.0
10109758LIMAF_2025-04-08_G18,10109758LIMAF,2025-04-08,110373,1,21,0,141.0
10109758LIMAF_2025-04-08_G19,10109758LIMAF,2025-04-08,109747,1,4,0,160.0
10109758LIMAF_2025-04-08_G20,10109758LIMAF,2025-04-08,110374,1,6,0,73.0
10109758LIMAF_2025-04-08_G21,10109758LIMAF,2025-04-08,111441,1,4,0,522.0
10109758LIMAF_2025-04-08_G22,10109758LIMAF,2025-04-08,117855,1,1,0,376.0
10109758LIMAF_2025-04-08_G23,10109758LIMAF,2025-04-08,111469,1,7,0,122.0
10109758LIMAF_2025-04-08_G24,10109758LIMAF,2025-04-08,118004,1,2,0,102.0
10109758LIMAF_2025-04-08_G26,10109758LIMAF,2025-04-08,111463,1,6,0,169.0
10109758LIMAF_2025-04-08_G27,10109758LIMAF,2025-04-08,111466,1,2,0,110.0
10109758LIMAF_2025-04-08_G28,10109758LIMAF,2025-04-08,111442,1,4,0,403.0
10109758LIMAF_2025-04-08_G29,10109758LIMAF,2025-04-08,118299,1,4,0,194.0
10109758LIMAF_2025-04-08_G30,10109758LIMAF,2025-04-08,117830,1,2,0,121.0
10109758LIMAF_2025-04-08_G31,10109758LIMAF,2025-04-08,117820,1,6,0,132.0
10109758LIMAF_2025-04-08_G32,10109758LIMAF,2025-04-08,110372,1,8,0,250.0
10109758LIMAF_2025-04-08_G33,10109758LIMAF,2025-04-08,110373,1,18,0,130.0
10109758LIMAF_2025-04-08_G34,10109758LIMAF,2025-04-08,111602,1,13,0,2146.0
10109758LIMAF_2025-04-08_G35,10109758LIMAF,2025-04-08,118004,1,2,0,301.0
10109758LIMAF_2025-04-08_G36,10109758LIMAF,2025-04-08,118140,1,4,0,209.0
10109758LIMAF_2025-04-08_G37,10109758LIMAF,2025-04-08,140922,1,2,0,60.0
10109758LIMAF_2025-04-08_G38,10109758LIMAF,2025-04-08,111441,1,4,0,771.0
10109758LIMAF_2025-04-08_G39,10109758LIMAF,2025-04-08,118222,1,8,0,93.0
10109758LIMAF_2025-04-08_G40,10109758LIMAF,2025-04-08,118317,1,1,0,197.0
10109758LIMAF_2025-04-08_G41,10109758LIMAF,2025-04-08,118004,1,1,0,151.0
10109758LIMAF_2025-04-08_G42,10109758LIMAF,2025-04-08,111441,1,44,0,279.0
10109758LIMAF_2025-04-08_G43,10109758LIMAF,2025-04-08,118004,1,4,0,551.0
10109758LIMAF_2025-04-08_G44,10109758LIMAF,2025-04-08,110747,1,3,0,100.0
10109758LIMAF_2025-04-08_G45,10109758LIMAF,2025-04-08,118222,1,4,0,70.0
10109758LIMAF_2025-04-08_G46,10109758LIMAF,2025-04-08,100334,1,2,0,163.0
10109758LIMAF_2025-04-08_G47,10109758LIMAF,2025-04-08,110339,1,3,0,140.0
10109758LIMAF_2025-04-08_G48,10109758LIMAF,2025-04-08,117855,1,4,0,175.0
10109758LIMAF_2025-04-08_G49,10109758LIMAF,2025-04-08,118004,1,2,0,114.0
10109758LIMAF_2025-04-08_G50,10109758LIMAF,2025-04-08,118317,1,3,0,85.0
10109758LIMAF_2025-04-08_G51,10109758LIMAF,2025-04-08,109643,1,5,0,180.0
10109758LIMAF_2025-04-08_G52,10109758LIMAF,2025-04-08,118004,1,10,0,83.0
10109758LIMAF_2025-04-09_G02,10109758LIMAF,2025-04-09,117808,1,500,0,2174.0
10109758LIMAF_2025-04-09_G03,10109758LIMAF,2025-04-09,105705,1,16,0,782.0
10109758LIMAF_2025-04-09_G04,10109758LIMAF,2025-04-09,110787,1,24,0,185.0
10109758LIMAF_2025-04-09_G05,10109758LIMAF,2025-04-09,117841,1,7,0,377.0
10109758LIMAF_2025-04-09_G06,10109758LIMAF,2025-04-09,111418,1,20,0,1822.0
10109758LIMAF_2025-04-09_G07,10109758LIMAF,2025-04-09,116241,1,4,0,316.0
10109758LIMAF_2025-04-09_G08,10109758LIMAF,2025-04-09,111743,1,3,0,760.0
10109758LIMAF_2025-04-09_G09,10109758LIMAF,2025-04-09,110748,1,4,0,1007.0
10109758LIMAF_2025-04-09_G10,10109758LIMAF,2025-04-09,108759,1,3,0,2449.0
10109758LIMAF_2025-04-09_G11,10109758LIMAF,2025-04-09,110756,1,2,0,534.0
10109758LIMAF_2025-04-09_G12,10109758LIMAF,2025-04-09,110752,2,7,8,287.0
10109758LIMAF_2025-04-09_G13,10109758LIMAF,2025-04-09,118004,1,8,0,246.0
10109758LIMAF_2025-04-09_G14,10109758LIMAF,2025-04-09,117808,1,7,0,314.0
10109758LIMAF_2025-04-09_G15,10109758LIMAF,2025-04-09,110372,1,12,0,111.0
10109758LIMAF_2025-04-09_G16,10109758LIMAF,2025-04-09,110371,1,5,0,183.0
10109758LIMAF_2025-04-09_G17,10109758LIMAF,2025-04-09,110373,1,4,0,1490.0
10109758LIMAF_2025-04-09_G18,10109758LIMAF,2025-04-09,117832,1,5,0,198.0
10109758LIMAF_2025-04-09_G19,10109758LIMAF,2025-04-09,110374,1,4,0,235.0
10109758LIMAF_2025-04-09_G20,10109758LIMAF,2025-04-09,141313,2,9,20,228.0
10109758LIMAF_2025-04-09_G21,10109758LIMAF,2025-04-09,111465,1,2,0,261.0
10109758LIMAF_2025-04-09_G22,10109758LIMAF,2025-04-09,108795,1,4,0,188.0
10109758LIMAF_2025-04-09_G23,10109758LIMAF,2025-04-09,107830,1,3,0,102.0
10109758LIMAF_2025-04-09_G25,10109758LIMAF,2025-04-09,111466,1,20,0,146.0
10109758LIMAF_2025-04-09_G26,10109758LIMAF,2025-04-09,117785,1,5,0,524.0
10109758LIMAF_2025-04-09_G27,10109758LIMAF,2025-04-09,118299,1,4,0,155.0
10109758LIMAF_2025-04-09_G28,10109758LIMAF,2025-04-09,140922,1,8,0,126.0
10109758LIMAF_2025-04-09_G29,10109758LIMAF,2025-04-09,109641,1,6,0,241.0
10109758LIMAF_2025-04-09_G30,10109758LIMAF,2025-04-09,117832,1,20,0,162.0
10109758LIMAF_2025-04-09_G31,10109758LIMAF,2025-04-09,110895,1,2,0,842.0
10109758LIMAF_2025-04-09_G32,10109758LIMAF,2025-04-09,111569,1,4,0,144.0
10109758LIMAF_2025-04-09_G33,10109758LIMAF,2025-04-09,107629,1,2,0,221.0
10109758LIMAF_2025-04-09_G34,10109758LIMAF,2025-04-09,117861,1,1,0,110.0
10109758LIMAF_2025-04-09_G35,10109758LIMAF,2025-04-09,110711,1,1,0,66.0
10109758LIMAF_2025-04-09_G36,10109758LIMAF,2025-04-09,111469,1,2,0,605.0
10109758LIMAF_2025-04-09_G37,10109758LIMAF,2025-04-09,118140,1,4,0,127.0
10109758LIMAF_2025-04-09_G38,10109758LIMAF,2025-04-09,111418,1,2,0,49.0
10109758LIMAF_2025-04-09_G39,10109758LIMAF,2025-04-09,111743,1,1,0,61.0
10109758LIMAF_2025-04-09_G40,10109758LIMAF,2025-04-09,109641,1,2,0,81.0
10109758LIMAF_2025-04-09_G41,10109758LIMAF,2025-04-09,141313,1,4,0,119.0
10109758LIMAF_2025-04-09_G42,10109758LIMAF,2025-04-09,109645,1,2,0,198.0
10109758LIMAF_2025-04-09_G43,10109758LIMAF,2025-04-09,108794,1,2,0,157.0
10109758LIMAF_2025-04-09_G44,10109758LIMAF,2025-04-09,111442,1,4,0,122.0
10109758LIMAF_2025-04-09_G45,10109758LIMAF,2025-04-09,110787,1,2,0,302.0
10109758LIMAF_2025-04-09_G46,10109758LIMAF,2025-04-09,118299,1,1,0,166.0
10109758LIMAF_2025-04-09_G47,10109758LIMAF,2025-04-09,109643,1,2,0,70.0
10109758LIMAF_2025-04-09_G48,10109758LIMAF,2025-04-09,117809,1,5,0,81.0
10109758LIMAF_2025-04-09_G49,10109758LIMAF,2025-04-09,110371,1,4,0,84.0
10109758LIMAF_2025-04-09_G50,10109758LIMAF,2025-04-09,117820,1,7,0,74.0
10109758LIMAF_2025-04-09_G51,10109758LIMAF,2025-04-09,117808,1,2,0,85.0
10109758LIMAF_2025-04-09_G52,10109758LIMAF,2025-04-09,110372,1,6,0,59.0
10109758LIMAF_2025-04-09_G53,10109758LIMAF,2025-04-09,117832,1,2,0,74.0
10109758LIMAF_2025-04-09_G54,10109758LIMAF,2025-04-09,110373,1,4,0,55.0
10109758LIMAF_2025-04-09_G55,10109758LIMAF,2025-04-09,110374,1,2,0,141.0
10109758LIMAF_2025-04-10_G02,10109758LIMAF,2025-04-10,110756,1,1,0,1493.0
10109758LIMAF_2025-04-10_G03,10109758LIMAF,2025-04-10,107830,1,1,0,113.0
10109758LIMAF_2025-04-10_G04,10109758LIMAF,2025-04-10,118299,1,200,0,479.0
10109758LIMAF_2025-04-10_G05,10109758LIMAF,2025-04-10,117837,1,8,0,496.0
10109758LIMAF_2025-04-10_G06,10109758LIMAF,2025-04-10,111430,1,185,0,1848.0
10109758LIMAF_2025-04-10_G07,10109758LIMAF,2025-04-10,117853,1,1,0,404.0
10109758LIMAF_2025-04-10_G08,10109758LIMAF,2025-04-10,111598,1,12,0,148.0
10109758LIMAF_2025-04-10_G09,10109758LIMAF,2025-04-10,110756,1,9,0,166.0
10109758LIMAF_2025-04-10_G10,10109758LIMAF,2025-04-10,110733,1,12,0,106.0
10109758LIMAF_2025-04-10_G11,10109758LIMAF,2025-04-10,111348,1,12,0,218.0
10109758LIMAF_2025-04-10_G12,10109758LIMAF,2025-04-10,117809,1,20,0,1200.0
10109758LIMAF_2025-04-10_G13,10109758LIMAF,2025-04-10,110375,1,24,0,220.0
10109758LIMAF_2025-04-10_G14,10109758LIMAF,2025-04-10,110325,1,69,0,619.0
10109758LIMAF_2025-04-10_G15,10109758LIMAF,2025-04-10,111446,1,16,0,412.0
10109758LIMAF_2025-04-10_G16,10109758LIMAF,2025-04-10,110745,1,10,0,299.0
10109758LIMAF_2025-04-10_G18,10109758LIMAF,2025-04-10,117821,1,8,0,183.0
10109758LIMAF_2025-04-10_G19,10109758LIMAF,2025-04-10,160057,1,2,0,897.0
10109758LIMAF_2025-04-10_G20,10109758LIMAF,2025-04-10,116241,1,4,0,184.0
10109758LIMAF_2025-04-10_G21,10109758LIMAF,2025-04-10,160054,1,2,0,152.0
10109758LIMAF_2025-04-10_G22,10109758LIMAF,2025-04-10,160051,1,2,0,97.0
10109758LIMAF_2025-04-10_G23,10109758LIMAF,2025-04-10,111569,1,4,0,198.0
10109758LIMAF_2025-04-10_G24,10109758LIMAF,2025-04-10,110313,1,9,0,198.0
10109758LIMAF_2025-04-10_G25,10109758LIMAF,2025-04-10,110740,1,4,0,137.0
10109758LIMAF_2025-04-10_G26,10109758LIMAF,2025-04-10,111468,1,2,0,147.0
10109758LIMAF_2025-04-10_G27,10109758LIMAF,2025-04-10,109641,1,3,0,154.0
10109758LIMAF_2025-04-10_G28,10109758LIMAF,2025-04-10,105705,1,4,0,140.0
10109758LIMAF_2025-04-11_G02,10109758LIMAF,2025-04-11,111466,1,80,0,73.0
10109758LIMAF_2025-04-11_G03,10109758LIMAF,2025-04-11,111435,1,6,0,1141.0
10109758LIMAF_2025-04-11_G04,10109758LIMAF,2025-04-11,110747,1,16,0,141.0
10109758LIMAF_2025-04-11_G05,10109758LIMAF,2025-04-11,111438,1,12,0,305.0
10109758LIMAF_2025-04-11_G06,10109758LIMAF,2025-04-11,110354,1,2,0,70.0
10109758LIMAF_2025-04-11_G07,10109758LIMAF,2025-04-11,141047,1,8,0,3202.0
10109758LIMAF_2025-04-11_G08,10109758LIMAF,2025-04-11,117862,1,20,0,473.0
10109758LIMAF_2025-04-11_G09,10109758LIMAF,2025-04-11,117856,1,10,0,930.0
10109758LIMAF_2025-04-11_G10,10109758LIMAF,2025-04-11,141313,1,5,0,3270.0
10109758LIMAF_2025-04-11_G11,10109758LIMAF,2025-04-11,111602,1,4,0,150.0
10109758LIMAF_2025-04-11_G12,10109758LIMAF,2025-04-11,140922,1,2,0,285.0
10109758LIMAF_2025-04-11_G13,10109758LIMAF,2025-04-11,111469,1,4,0,324.0
10109758LIMAF_2025-04-11_G14,10109758LIMAF,2025-04-11,111418,1,3,0,179.0
10109758LIMAF_2025-04-11_G15,10109758LIMAF,2025-04-11,118004,1,2,0,51.0
10109758LIMAF_2025-04-11_G16,10109758LIMAF,2025-04-11,111463,1,1,0,66.0
10109758LIMAF_2025-04-11_G17,10109758LIMAF,2025-04-11,111466,1,6,0,59.0
10109758LIMAF_2025-04-11_G18,10109758LIMAF,2025-04-11,117821,1,3,0,178.0
10109758LIMAF_2025-04-11_G19,10109758LIMAF,2025-04-11,118299,1,3,0,113.0
10109758LIMAF_2025-04-11_G20,10109758LIMAF,2025-04-11,110371,1,6,0,124.0
10109758LIMAF_2025-04-11_G21,10109758LIMAF,2025-04-11,110787,1,35,0,481.0
10109758LIMAF_2025-04-11_G22,10109758LIMAF,2025-04-11,110373,1,22,0,462.0
10109758LIMAF_2025-04-11_G23,10109758LIMAF,2025-04-11,117808,1,26,0,200.0
10109758LIMAF_2025-04-11_G24,10109758LIMAF,2025-04-11,110372,1,36,0,942.0
10109758LIMAF_2025-04-11_G25,10109758LIMAF,2025-04-11,111441,1,7,0,1671.0
10109758LIMAF_2025-04-11_G26,10109758LIMAF,2025-04-11,111438,1,6,0,278.0
10109758LIMAF_2025-04-11_G27,10109758LIMAF,2025-04-11,110895,1,6,0,299.0
10109758LIMAF_2025-04-11_G28,10109758LIMAF,2025-04-11,111569,1,30,0,430.0
10109758LIMAF_2025-04-11_G29,10109758LIMAF,2025-04-11,110755,1,11,0,496.0
10109758LIMAF_2025-04-11_G30,10109758LIMAF,2025-04-11,110747,1,27,0,212.0
10109758LIMAF_2025-04-11_G32,10109758LIMAF,2025-04-11,118222,1,4,0,203.0
10109758LIMAF_2025-04-11_G33,10109758LIMAF,2025-04-11,111569,1,4,0,207.0
10109758LIMAF_2025-04-11_G34,10109758LIMAF,2025-04-11,117862,1,12,0,190.0
10109758LIMAF_2025-04-11_G35,10109758LIMAF,2025-04-11,117786,1,7,0,172.0
10109758LIMAF_2025-04-11_G36,10109758LIMAF,2025-04-11,111602,1,1,0,196.0
10109758LIMAF_2025-04-11_G37,10109758LIMAF,2025-04-11,118140,2,15,8,266.0
10109758LIMAF_2025-04-11_G38,10109758LIMAF,2025-04-11,118004,2,7,5,147.0
10109758LIMAF_2025-04-11_G39,10109758LIMAF,2025-04-11,"111463, 111466",3,9,13,127.0
10109758LIMAF_2025-04-11_G40,10109758LIMAF,2025-04-11,117785,1,3,0,150.0
10109758LIMAF_2025-04-11_G41,10109758LIMAF,2025-04-11,110787,1,4,0,106.0
10109758LIMAF_2025-04-11_G42,10109758LIMAF,2025-04-11,111469,1,2,0,126.0
10109758LIMAF_2025-04-12_G02,10109758LIMAF,2025-04-12,118290,1,5,0,1008.0
10109758LIMAF_2025-04-12_G03,10109758LIMAF,2025-04-12,109645,1,2,0,1207.0
10109758LIMAF_2025-04-12_G04,10109758LIMAF,2025-04-12,117834,1,2,0,271.0
10109758LIMAF_2025-04-12_G05,10109758LIMAF,2025-04-12,117831,1,16,0,118.0
10109758LIMAF_2025-04-12_G06,10109758LIMAF,2025-04-12,140922,2,28,7,256.0
10109758LIMAF_2025-04-12_G07,10109758LIMAF,2025-04-12,111532,1,12,0,655.0
10109758LIMAF_2025-04-12_G08,10109758LIMAF,2025-04-12,117808,1,4,0,199.0
10109758LIMAF_2025-04-12_G09,10109758LIMAF,2025-04-12,118299,2,20,11,104.0
10109758LIMAF_2025-04-12_G10,10109758LIMAF,2025-04-12,111441,1,20,0,680.0
10109758LIMAF_2025-04-12_G11,10109758LIMAF,2025-04-12,110747,1,20,0,461.0
10109758LIMAF_2025-04-12_G12,10109758LIMAF,2025-04-12,111120,1,16,0,393.0
10109758LIMAF_2025-04-12_G13,10109758LIMAF,2025-04-12,111437,1,7,0,220.0
10109758LIMAF_2025-04-12_G14,10109758LIMAF,2025-04-12,100334,1,8,0,171.0
10109758LIMAF_2025-04-12_G15,10109758LIMAF,2025-04-12,111441,1,30,0,1289.0
10109758LIMAF_2025-04-12_G16,10109758LIMAF,2025-04-12,110742,1,2,0,560.0
10109758LIMAF_2025-04-12_G17,10109758LIMAF,2025-04-12,118306,1,4,0,240.0
10109758LIMAF_2025-04-12_G18,10109758LIMAF,2025-04-12,107629,1,4,0,156.0
10109758LIMAF_2025-04-12_G19,10109758LIMAF,2025-04-12,117855,1,2,0,80.0
10109758LIMAF_2025-04-12_G20,10109758LIMAF,2025-04-12,110740,2,10,8,165.0
10109758LIMAF_2025-04-12_G21,10109758LIMAF,2025-04-12,111469,1,14,0,380.0
10109758LIMAF_2025-04-12_G22,10109758LIMAF,2025-04-12,111463,1,4,0,362.0
10109758LIMAF_2025-04-12_G23,10109758LIMAF,2025-04-12,116241,1,4,0,59.0
10109758LIMAF_2025-04-12_G24,10109758LIMAF,2025-04-12,118317,1,4,0,133.0
10109758LIMAF_2025-04-12_G25,10109758LIMAF,2025-04-12,105705,1,3,0,202.0
10109758LIMAF_2025-04-12_G26,10109758LIMAF,2025-04-12,111435,1,4,0,172.0
10109758LIMAF_2025-04-12_G27,10109758LIMAF,2025-04-12,110787,2,8,6,160.0
10109758LIMAF_2025-04-12_G28,10109758LIMAF,2025-04-12,109643,1,2,0,330.0
10109758LIMAF_2025-04-12_G29,10109758LIMAF,2025-04-12,117832,1,6,0,395.0
10109758LIMAF_2025-04-12_G30,10109758LIMAF,2025-04-12,110373,1,3,0,1539.0
10109758LIMAF_2025-04-12_G31,10109758LIMAF,2025-04-12,118299,1,27,0,530.0
10109758LIMAF_2025-04-12_G32,10109758LIMAF,2025-04-12,117820,1,13,0,436.0
10109758LIMAF_2025-04-12_G33,10109758LIMAF,2025-04-12,118299,1,4,0,142.0
10109758LIMAF_2025-04-12_G34,10109758LIMAF,2025-04-12,117809,1,4,0,123.0
10109758LIMAF_2025-04-12_G35,10109758LIMAF,2025-04-12,117830,1,2,0,123.0
10109758LIMAF_2025-04-12_G36,10109758LIMAF,2025-04-12,110515,1,4,0,166.0
10109758LIMAF_2025-04-12_G37,10109758LIMAF,2025-04-12,111438,1,4,0,456.0
10109758LIMAF_2025-04-12_G39,10109758LIMAF,2025-04-12,111441,1,8,0,439.0
10109758LIMAF_2025-04-12_G40,10109758LIMAF,2025-04-12,110579,1,2,0,493.0
10109758LIMAF_2025-04-12_G41,10109758LIMAF,2025-04-12,109937,2,8,19,90.0
10109758LIMAF_2025-04-12_G42,10109758LIMAF,2025-04-12,111569,1,2,0,129.0
10109758LIMAF_2025-04-12_G43,10109758LIMAF,2025-04-12,107629,1,2,0,719.0
10109758LIMAF_2025-04-12_G44,10109758LIMAF,2025-04-12,111467,1,8,0,101.0
10109758LIMAF_2025-04-12_G45,10109758LIMAF,2025-04-12,111876,1,4,0,111.0
10109758LIMAF_2025-04-12_G46,10109758LIMAF,2025-04-12,110515,1,4,0,109.0
10109758LIMAF_2025-04-14_G02,10109758LIMAF,2025-04-14,117832,1,50,0,1000.0
10109758LIMAF_2025-04-14_G03,10109758LIMAF,2025-04-14,110373,1,90,0,366.0
10109758LIMAF_2025-04-14_G04,10109758LIMAF,2025-04-14,110325,1,50,0,426.0
10109758LIMAF_2025-04-14_G05,10109758LIMAF,2025-04-14,117820,1,75,0,2049.0
10109758LIMAF_2025-04-14_G06,10109758LIMAF,2025-04-14,117830,1,40,0,1218.0
10109758LIMAF_2025-04-14_G07,10109758LIMAF,2025-04-14,118298,1,2,0,1460.0
10109758LIMAF_2025-04-14_G08,10109758LIMAF,2025-04-14,141047,1,2,0,89.0
10109758LIMAF_2025-04-14_G09,10109758LIMAF,2025-04-14,117862,1,2,0,52.0
10109758LIMAF_2025-04-14_G10,10109758LIMAF,2025-04-14,118403,1,1,0,345.0
10109758LIMAF_2025-04-14_G11,10109758LIMAF,2025-04-14,111876,1,2,0,81.0
10109758LIMAF_2025-04-14_G12,10109758LIMAF,2025-04-14,117831,1,2,0,201.0
10109758LIMAF_2025-04-14_G13,10109758LIMAF,2025-04-14,111469,1,2,0,46.0
10109758LIMAF_2025-04-14_G14,10109758LIMAF,2025-04-14,111468,1,2,0,102.0
10109758LIMAF_2025-04-14_G15,10109758LIMAF,2025-04-14,111463,1,2,0,56.0
10109758LIMAF_2025-04-14_G16,10109758LIMAF,2025-04-14,111466,1,4,0,45.0
10109758LIMAF_2025-04-14_G17,10109758LIMAF,2025-04-14,111532,1,3,0,86.0
10109758LIMAF_2025-04-14_G18,10109758LIMAF,2025-04-14,110733,1,3,0,225.0
10109758LIMAF_2025-04-15_G02,10109758LIMAF,2025-04-15,117831,1,12,0,245.0
10109758LIMAF_2025-04-15_G03,10109758LIMAF,2025-04-15,118140,2,4,9,179.0
10109758LIMAF_2025-04-15_G04,10109758LIMAF,2025-04-15,111462,1,1,0,107.0
10109758LIMAF_2025-04-15_G05,10109758LIMAF,2025-04-15,117820,1,25,0,215.0
10109758LIMAF_2025-04-15_G06,10109758LIMAF,2025-04-15,110371,1,8,0,206.0
10109758LIMAF_2025-04-15_G07,10109758LIMAF,2025-04-15,110373,1,20,0,159.0
10109758LIMAF_2025-04-15_G08,10109758LIMAF,2025-04-15,118004,1,2,0,296.0
10109758LIMAF_2025-04-15_G09,10109758LIMAF,2025-04-15,118140,1,3,0,115.0
10109758LIMAF_2025-04-15_G10,10109758LIMAF,2025-04-15,110325,1,10,0,2483.0
10109758LIMAF_2025-04-15_G11,10109758LIMAF,2025-04-15,117820,1,60,0,133.0
10109758LIMAF_2025-04-15_G12,10109758LIMAF,2025-04-15,117809,1,39,0,1847.0
10109758LIMAF_2025-04-15_G13,10109758LIMAF,2025-04-15,110372,1,35,0,1391.0
10109758LIMAF_2025-04-15_G14,10109758LIMAF,2025-04-15,110375,1,12,0,562.0
10109758LIMAF_2025-04-15_G15,10109758LIMAF,2025-04-15,110373,1,64,0,589.0
10109758LIMAF_2025-04-15_G16,10109758LIMAF,2025-04-15,110374,1,34,0,729.0
10109758LIMAF_2025-04-15_G17,10109758LIMAF,2025-04-15,118004,2,5,11,1462.0
10109758LIMAF_2025-04-15_G18,10109758LIMAF,2025-04-15,111466,1,50,0,964.0
10109758LIMAF_2025-04-15_G19,10109758LIMAF,2025-04-15,111418,1,6,0,704.0
10109758LIMAF_2025-04-15_G20,10109758LIMAF,2025-04-15,118140,1,9,0,164.0
10109758LIMAF_2025-04-15_G21,10109758LIMAF,2025-04-15,111466,1,12,0,103.0
10109758LIMAF_2025-04-15_G22,10109758LIMAF,2025-04-15,111462,1,6,0,151.0
10109758LIMAF_2025-04-15_G23,10109758LIMAF,2025-04-15,110325,1,5,0,165.0
10109758LIMAF_2025-04-15_G24,10109758LIMAF,2025-04-15,117808,1,4,0,66.0
10109758LIMAF_2025-04-15_G25,10109758LIMAF,2025-04-15,110371,1,3,0,126.0
10109758LIMAF_2025-04-15_G26,10109758LIMAF,2025-04-15,110372,1,5,0,232.0
10109758LIMAF_2025-04-15_G27,10109758LIMAF,2025-04-15,110373,1,2,0,115.0
10109758LIMAF_2025-04-15_G28,10109758LIMAF,2025-04-15,118140,1,3,0,108.0
10109758LIMAF_2025-04-15_G30,10109758LIMAF,2025-04-15,110325,1,4,0,119.0
10109758LIMAF_2025-04-15_G31,10109758LIMAF,2025-04-15,117832,1,1,0,117.0
10109758LIMAF_2025-04-15_G32,10109758LIMAF,2025-04-15,111469,1,7,0,362.0
10109758LIMAF_2025-04-15_G33,10109758LIMAF,2025-04-15,111418,1,10,0,162.0
10109758LIMAF_2025-04-15_G34,10109758LIMAF,2025-04-15,118140,1,4,0,148.0
10109758LIMAF_2025-04-15_G35,10109758LIMAF,2025-04-15,117808,1,2,0,131.0
10109758LIMAF_2025-04-15_G36,10109758LIMAF,2025-04-15,117832,1,3,0,93.0
10109758LIMAF_2025-04-15_G37,10109758LIMAF,2025-04-15,117820,1,352,0,1140.0
10109758LIMAF_2025-04-15_G38,10109758LIMAF,2025-04-15,117830,1,120,0,1067.0
10109758LIMAF_2025-04-15_G39,10109758LIMAF,2025-04-15,117832,1,105,0,250.0
10109758LIMAF_2025-04-15_G40,10109758LIMAF,2025-04-15,109643,1,54,0,705.0
10109758LIMAF_2025-04-15_G41,10109758LIMAF,2025-04-15,110372,1,72,0,1002.0
10109758LIMAF_2025-04-15_G42,10109758LIMAF,2025-04-15,110325,1,22,0,592.0
10109758LIMAF_2025-04-15_G43,10109758LIMAF,2025-04-15,110374,1,28,0,154.0
10109758LIMAF_2025-04-16_G02,10109758LIMAF,2025-04-16,111430,1,40,0,1192.0
10109758LIMAF_2025-04-16_G03,10109758LIMAF,2025-04-16,111602,1,265,0,3088.0
10109758LIMAF_2025-04-16_G04,10109758LIMAF,2025-04-16,110515,1,207,0,830.0
10109758LIMAF_2025-04-16_G05,10109758LIMAF,2025-04-16,111532,1,232,0,1102.0
10109758LIMAF_2025-04-16_G06,10109758LIMAF,2025-04-16,111348,1,108,0,804.0
10109758LIMAF_2025-04-16_G08,10109758LIMAF,2025-04-16,111438,1,3,0,147.0
10109758LIMAF_2025-04-16_G09,10109758LIMAF,2025-04-16,111598,1,4,0,256.0
10109758LIMAF_2025-04-16_G10,10109758LIMAF,2025-04-16,107629,1,2,0,155.0
10109758LIMAF_2025-04-16_G11,10109758LIMAF,2025-04-16,117786,1,4,0,133.0
10109758LIMAF_2025-04-16_G12,10109758LIMAF,2025-04-16,117837,1,4,0,118.0
10109758LIMAF_2025-04-16_G13,10109758LIMAF,2025-04-16,109640,1,2,0,96.0
10109758LIMAF_2025-04-16_G14,10109758LIMAF,2025-04-16,108795,1,8,0,168.0
10109758LIMAF_2025-04-16_G15,10109758LIMAF,2025-04-16,111469,1,14,0,80.0
10109758LIMAF_2025-04-16_G16,10109758LIMAF,2025-04-16,117821,1,8,0,278.0
10109758LIMAF_2025-04-16_G17,10109758LIMAF,2025-04-16,111418,1,12,0,145.0
10109758LIMAF_2025-04-16_G18,10109758LIMAF,2025-04-16,118004,2,7,6,98.0
10109758LIMAF_2025-04-16_G19,10109758LIMAF,2025-04-16,111172,1,5,0,450.0
10109758LIMAF_2025-04-16_G20,10109758LIMAF,2025-04-16,117785,1,10,0,109.0
10109758LIMAF_2025-04-16_G21,10109758LIMAF,2025-04-16,108794,1,2,0,106.0
10109758LIMAF_2025-04-16_G22,10109758LIMAF,2025-04-16,118140,1,10,0,296.0
10109758LIMAF_2025-04-16_G23,10109758LIMAF,2025-04-16,110787,1,4,0,122.0
10109758LIMAF_2025-04-16_G24,10109758LIMAF,2025-04-16,111182,1,2,0,259.0
10109758LIMAF_2025-04-16_G25,10109758LIMAF,2025-04-16,118004,1,4,0,165.0
10109758LIMAF_2025-04-16_G26,10109758LIMAF,2025-04-16,118140,1,8,0,167.0
10109758LIMAF_2025-04-16_G27,10109758LIMAF,2025-04-16,110374,1,10,0,399.0
10109758LIMAF_2025-04-16_G28,10109758LIMAF,2025-04-16,117808,1,6,0,684.0
10109758LIMAF_2025-04-16_G29,10109758LIMAF,2025-04-16,118299,1,20,0,96.0
10109758LIMAF_2025-04-16_G30,10109758LIMAF,2025-04-16,117809,1,10,0,126.0
10109758LIMAF_2025-04-16_G31,10109758LIMAF,2025-04-16,110371,1,10,0,121.0
10109758LIMAF_2025-04-16_G32,10109758LIMAF,2025-04-16,117830,1,8,0,175.0
10109758LIMAF_2025-04-16_G33,10109758LIMAF,2025-04-16,117832,1,1,0,100.0
10109758LIMAF_2025-04-16_G34,10109758LIMAF,2025-04-16,110372,1,14,0,41.0
10109758LIMAF_2025-04-16_G36,10109758LIMAF,2025-04-16,108794,1,100,0,568.0
10109758LIMAF_2025-04-16_G37,10109758LIMAF,2025-04-16,110740,3,69,30,345.0
10109758LIMAF_2025-04-16_G38,10109758LIMAF,2025-04-16,110313,1,50,0,379.0
10109758LIMAF_2025-04-16_G39,10109758LIMAF,2025-04-16,140911,1,16,0,521.0
10109758LIMAF_2025-04-17_G02,10109758LIMAF,2025-04-17,116527,1,22,0,551.0
10109758LIMAF_2025-04-17_G03,10109758LIMAF,2025-04-17,110582,1,20,0,407.0
10109758LIMAF_2025-04-17_G04,10109758LIMAF,2025-04-17,118283,1,20,0,313.0
10109758LIMAF_2025-04-17_G05,10109758LIMAF,2025-04-17,111437,1,4,0,424.0
10109758LIMAF_2025-04-17_G06,10109758LIMAF,2025-04-17,110064,1,1,0,93.0
10109758LIMAF_2025-04-17_G07,10109758LIMAF,2025-04-17,111775,1,4,0,213.0
10109758LIMAF_2025-04-17_G08,10109758LIMAF,2025-04-17,110289,1,1,0,328.0
10109758LIMAF_2025-04-17_G09,10109758LIMAF,2025-04-17,111112,1,4,0,124.0
10109758LIMAF_2025-04-17_G11,10109758LIMAF,2025-04-17,109647,1,385,0,1547.0
10109758LIMAF_2025-04-17_G12,10109758LIMAF,2025-04-17,110750,1,92,0,668.0
10109758LIMAF_2025-04-17_G13,10109758LIMAF,2025-04-17,117809,1,111,0,759.0
10109758LIMAF_2025-04-17_G14,10109758LIMAF,2025-04-17,117856,1,12,0,240.0
10109758LIMAF_2025-04-17_G15,10109758LIMAF,2025-04-17,117861,1,222,0,1702.0
10109758LIMAF_2025-04-17_G16,10109758LIMAF,2025-04-17,110373,1,890,0,2050.0
10109758LIMAF_2025-04-17_G17,10109758LIMAF,2025-04-17,111438,1,2,0,919.0
10109758LIMAF_2025-04-17_G18,10109758LIMAF,2025-04-17,111469,1,34,0,389.0
10109758LIMAF_2025-04-17_G20,10109758LIMAF,2025-04-17,111743,1,2,0,180.0
10109758LIMAF_2025-04-17_G21,10109758LIMAF,2025-04-17,111465,1,6,0,282.0
10109758LIMAF_2025-04-17_G22,10109758LIMAF,2025-04-17,110787,1,20,0,40.0
10109758LIMAF_2025-04-17_G23,10109758LIMAF,2025-04-17,111598,1,1,0,279.0
10109758LIMAF_2025-04-17_G24,10109758LIMAF,2025-04-17,117855,1,4,0,72.0
10109758LIMAF_2025-04-17_G25,10109758LIMAF,2025-04-17,110515,1,6,0,59.0
10109758LIMAF_2025-04-17_G26,10109758LIMAF,2025-04-17,117831,1,30,0,1346.0
10109758LIMAF_2025-04-17_G27,10109758LIMAF,2025-04-17,111468,1,7,0,197.0
10109758LIMAF_2025-04-17_G28,10109758LIMAF,2025-04-17,111348,1,7,0,218.0
10109758LIMAF_2025-04-17_G29,10109758LIMAF,2025-04-17,108794,1,21,0,207.0
10109758LIMAF_2025-04-17_G30,10109758LIMAF,2025-04-17,109645,1,7,0,200.0
10109758LIMAF_2025-04-17_G31,10109758LIMAF,2025-04-17,110745,1,5,0,76.0
10109758LIMAF_2025-04-17_G32,10109758LIMAF,2025-04-17,111463,1,30,0,1010.0
10109758LIMAF_2025-04-17_G33,10109758LIMAF,2025-04-17,111330,1,6,0,232.0
10109758LIMAF_2025-04-17_G34,10109758LIMAF,2025-04-17,110740,2,20,7,174.0
10109758LIMAF_2025-04-17_G35,10109758LIMAF,2025-04-17,110743,1,2,0,782.0
10109758LIMAF_2025-04-17_G36,10109758LIMAF,2025-04-17,111418,1,30,0,57.0
10109758LIMAF_2025-04-17_G37,10109758LIMAF,2025-04-17,111466,1,30,0,207.0
10109758LIMAF_2025-04-22_G02,10109758LIMAF,2025-04-22,118290,1,2,0,378.0
10109758LIMAF_2025-04-22_G03,10109758LIMAF,2025-04-22,118222,1,2,0,59.0
10109758LIMAF_2025-04-22_G04,10109758LIMAF,2025-04-22,108759,1,2,0,262.0
10109758LIMAF_2025-04-22_G05,10109758LIMAF,2025-04-22,111430,1,5,0,1525.0
10109758LIMAF_2025-04-22_G06,10109758LIMAF,2025-04-22,111569,1,2,0,120.0
10109758LIMAF_2025-04-22_G07,10109758LIMAF,2025-04-22,110339,1,8,0,85.0
10109758LIMAF_2025-04-22_G08,10109758LIMAF,2025-04-22,117837,1,2,0,137.0
10109758LIMAF_2025-04-22_G09,10109758LIMAF,2025-04-22,109640,1,7,0,216.0
10109758LIMAF_2025-04-22_G10,10109758LIMAF,2025-04-22,111468,1,4,0,161.0
10109758LIMAF_2025-04-22_G11,10109758LIMAF,2025-04-22,117785,1,104,0,897.0
10109758LIMAF_2025-04-22_G13,10109758LIMAF,2025-04-22,118299,1,174,0,1077.0
10109758LIMAF_2025-04-22_G14,10109758LIMAF,2025-04-22,110733,1,4,0,2524.0
10109758LIMAF_2025-04-22_G15,10109758LIMAF,2025-04-22,111602,1,10,0,167.0
10109758LIMAF_2025-04-22_G16,10109758LIMAF,2025-04-22,111330,1,2,0,155.0
10109758LIMAF_2025-04-22_G17,10109758LIMAF,2025-04-22,105705,1,4,0,213.0
10109758LIMAF_2025-04-22_G18,10109758LIMAF,2025-04-22,111569,1,4,0,231.0
10109758LIMAF_2025-04-22_G19,10109758LIMAF,2025-04-22,111438,1,2,0,118.0
10109758LIMAF_2025-04-22_G20,10109758LIMAF,2025-04-22,110895,1,4,0,127.0
10109758LIMAF_2025-04-22_G21,10109758LIMAF,2025-04-22,110752,1,5,0,254.0
10109758LIMAF_2025-04-22_G22,10109758LIMAF,2025-04-22,117855,1,3,0,339.0
10109758LIMAF_2025-04-22_G23,10109758LIMAF,2025-04-22,110743,1,2,0,951.0
10109758LIMAF_2025-04-22_G24,10109758LIMAF,2025-04-22,107629,1,20,0,732.0
10109758LIMAF_2025-04-22_G25,10109758LIMAF,2025-04-22,110129,1,4,0,518.0
10109758LIMAF_2025-04-22_G26,10109758LIMAF,2025-04-22,117831,1,4,0,114.0
10109758LIMAF_2025-04-22_G27,10109758LIMAF,2025-04-22,111469,1,5,0,140.0
10109758LIMAF_2025-04-22_G28,10109758LIMAF,2025-04-22,117821,1,6,0,48.0
10109758LIMAF_2025-04-22_G29,10109758LIMAF,2025-04-22,117833,1,4,0,150.0
10109758LIMAF_2025-04-22_G30,10109758LIMAF,2025-04-22,111172,1,13,0,72.0
10109758LIMAF_2025-04-22_G31,10109758LIMAF,2025-04-22,111465,1,4,0,142.0
10109758LIMAF_2025-04-22_G32,10109758LIMAF,2025-04-22,117862,1,2,0,1105.0
10109758LIMAF_2025-04-22_G33,10109758LIMAF,2025-04-22,110339,1,10,0,110.0
10109758LIMAF_2025-04-22_G34,10109758LIMAF,2025-04-22,110733,1,4,0,162.0
10109758LIMAF_2025-04-22_G35,10109758LIMAF,2025-04-22,111467,1,3,0,115.0
10109758LIMAF_2025-04-22_G36,10109758LIMAF,2025-04-22,117786,1,6,0,108.0
10109758LIMAF_2025-04-22_G37,10109758LIMAF,2025-04-22,110515,1,6,0,101.0
10109758LIMAF_2025-04-22_G38,10109758LIMAF,2025-04-22,110711,1,1,0,115.0
10109758LIMAF_2025-04-22_G39,10109758LIMAF,2025-04-22,110129,1,2,0,182.0
10109758LIMAF_2025-04-22_G40,10109758LIMAF,2025-04-22,111172,1,3,0,183.0
10109758LIMAF_2025-04-22_G41,10109758LIMAF,2025-04-22,111462,1,6,0,157.0
10109758LIMAF_2025-04-22_G42,10109758LIMAF,2025-04-22,118140,1,14,0,140.0
10109758LIMAF_2025-04-22_G43,10109758LIMAF,2025-04-22,110787,1,5,0,172.0
10109758LIMAF_2025-04-22_G45,10109758LIMAF,2025-04-22,117808,1,300,0,472.0
10109758LIMAF_2025-04-22_G46,10109758LIMAF,2025-04-22,117809,1,50,0,1830.0
10109758LIMAF_2025-04-23_G02,10109758LIMAF,2025-04-23,109937,1,1,0,489.0
10109758LIMAF_2025-04-23_G03,10109758LIMAF,2025-04-23,117834,1,4,0,119.0
10109758LIMAF_2025-04-23_G04,10109758LIMAF,2025-04-23,110755,1,3,0,101.0
10109758LIMAF_2025-04-23_G05,10109758LIMAF,2025-04-23,110752,1,8,0,208.0
10109758LIMAF_2025-04-23_G06,10109758LIMAF,2025-04-23,141047,1,20,0,515.0
10109758LIMAF_2025-04-23_G07,10109758LIMAF,2025-04-23,110339,1,20,0,668.0
10109758LIMAF_2025-04-23_G08,10109758LIMAF,2025-04-23,111602,1,23,0,2709.0
10109758LIMAF_2025-04-23_G09,10109758LIMAF,2025-04-23,117837,1,20,0,405.0
10109758LIMAF_2025-04-23_G10,10109758LIMAF,2025-04-23,101217,1,20,0,393.0
10109758LIMAF_2025-04-23_G11,10109758LIMAF,2025-04-23,118298,1,20,0,513.0
10109758LIMAF_2025-04-23_G12,10109758LIMAF,2025-04-23,117856,1,20,0,428.0
10109758LIMAF_2025-04-23_G13,10109758LIMAF,2025-04-23,110313,1,20,0,174.0
10109758LIMAF_2025-04-23_G14,10109758LIMAF,2025-04-23,111433,1,8,0,485.0
10109758LIMAF_2025-04-23_G15,10109758LIMAF,2025-04-23,111418,1,80,0,80.0
10109758LIMAF_2025-04-23_G16,10109758LIMAF,2025-04-23,111463,1,50,0,582.0
10109758LIMAF_2025-04-23_G17,10109758LIMAF,2025-04-23,110372,1,40,0,1489.0
10109758LIMAF_2025-04-23_G18,10109758LIMAF,2025-04-23,111469,2,180,19,1261.0
10109758LIMAF_2025-04-23_G19,10109758LIMAF,2025-04-23,118403,1,4,0,3154.0
10109758LIMAF_2025-04-23_G20,10109758LIMAF,2025-04-23,108772,1,1,0,471.0
10109758LIMAF_2025-04-23_G21,10109758LIMAF,2025-04-23,111468,1,8,0,122.0
10109758LIMAF_2025-04-23_G22,10109758LIMAF,2025-04-23,108798,1,16,0,176.0
10109758LIMAF_2025-04-23_G24,10109758LIMAF,2025-04-23,111532,1,9,0,69.0
10109758LIMAF_2025-04-23_G25,10109758LIMAF,2025-04-23,110787,1,6,0,165.0
10109758LIMAF_2025-04-23_G26,10109758LIMAF,2025-04-23,111465,1,4,0,60.0
10109758LIMAF_2025-04-23_G27,10109758LIMAF,2025-04-23,110325,1,6,0,188.0
10109758LIMAF_2025-04-23_G28,10109758LIMAF,2025-04-23,114091,1,2,0,163.0
10109758LIMAF_2025-04-23_G29,10109758LIMAF,2025-04-23,109643,1,4,0,100.0
10109758LIMAF_2025-04-23_G30,10109758LIMAF,2025-04-23,117808,1,100,0,246.0
10109758LIMAF_2025-04-23_G31,10109758LIMAF,2025-04-23,110372,1,50,0,406.0
10109758LIMAF_2025-04-23_G32,10109758LIMAF,2025-04-23,109640,1,20,0,570.0
10109758LIMAF_2025-04-23_G33,10109758LIMAF,2025-04-23,110515,1,4,0,271.0
10109758LIMAF_2025-04-24_G02,10109758LIMAF,2025-04-24,110371,1,20,0,374.0
10109758LIMAF_2025-04-24_G03,10109758LIMAF,2025-04-24,160052,1,2,0,207.0
10109758LIMAF_2025-04-24_G04,10109758LIMAF,2025-04-24,117832,1,8,0,195.0
10109758LIMAF_2025-04-24_G05,10109758LIMAF,2025-04-24,160051,1,1,0,295.0
10109758LIMAF_2025-04-24_G06,10109758LIMAF,2025-04-24,110373,1,50,0,1327.0
10109758LIMAF_2025-04-24_G08,10109758LIMAF,2025-04-24,117820,1,30,0,184.0
10109758LIMAF_2025-04-24_G09,10109758LIMAF,2025-04-24,117808,1,50,0,1067.0
10109758LIMAF_2025-04-24_G10,10109758LIMAF,2025-04-24,117855,1,7,0,571.0
10109758LIMAF_2025-04-24_G11,10109758LIMAF,2025-04-24,111469,1,10,0,1169.0
10109758LIMAF_2025-04-24_G12,10109758LIMAF,2025-04-24,111418,1,10,0,139.0
10109758LIMAF_2025-04-24_G13,10109758LIMAF,2025-04-24,140922,1,5,0,136.0
10109758LIMAF_2025-04-24_G14,10109758LIMAF,2025-04-24,111466,1,8,0,301.0
10109758LIMAF_2025-04-24_G15,10109758LIMAF,2025-04-24,110373,2,18,7,137.0
10109758LIMAF_2025-04-24_G16,10109758LIMAF,2025-04-24,117785,1,2,0,3465.0
10109758LIMAF_2025-04-24_G17,10109758LIMAF,2025-04-24,111446,1,1,0,287.0
10109758LIMAF_2025-04-24_G18,10109758LIMAF,2025-04-24,111418,1,10,0,84.0
10109758LIMAF_2025-04-24_G19,10109758LIMAF,2025-04-24,111463,1,4,0,108.0
10109758LIMAF_2025-04-24_G20,10109758LIMAF,2025-04-24,111330,1,2,0,585.0
10109758LIMAF_2025-04-24_G21,10109758LIMAF,2025-04-24,110740,1,2,0,231.0
10109758LIMAF_2025-04-24_G23,10109758LIMAF,2025-04-24,110371,1,6,0,111.0
10109758LIMAF_2025-04-24_G24,10109758LIMAF,2025-04-24,117820,1,10,0,138.0
10109758LIMAF_2025-04-24_G25,10109758LIMAF,2025-04-24,110372,1,9,0,157.0
10109758LIMAF_2025-04-24_G26,10109758LIMAF,2025-04-24,117830,1,4,0,61.0
10109758LIMAF_2025-04-24_G27,10109758LIMAF,2025-04-24,110373,1,6,0,264.0
10109758LIMAF_2025-04-24_G28,10109758LIMAF,2025-04-24,117808,1,21,0,119.0
10109758LIMAF_2025-04-24_G29,10109758LIMAF,2025-04-24,117809,1,4,0,111.0
10109758LIMAF_2025-04-24_G30,10109758LIMAF,2025-04-24,160057,1,2,0,1217.0
10109758LIMAF_2025-04-24_G31,10109758LIMAF,2025-04-24,160054,1,2,0,117.0
10109758LIMAF_2025-04-24_G32,10109758LIMAF,2025-04-24,117808,1,8,0,112.0
10109758LIMAF_2025-04-24_G33,10109758LIMAF,2025-04-24,108772,2,15,8,310.0
10109758LIMAF_2025-04-24_G34,10109758LIMAF,2025-04-24,109640,2,20,12,344.0
10109758LIMAF_2025-04-24_G35,10109758LIMAF,2025-04-24,110313,1,4,0,1313.0
10109758LIMAF_2025-04-24_G36,10109758LIMAF,2025-04-24,160053,1,2,0,141.0
10109758LIMAF_2025-04-24_G37,10109758LIMAF,2025-04-24,111445,1,4,0,251.0
10109758LIMAF_2025-04-25_G02,10109758LIMAF,2025-04-25,117840,1,10,0,750.0
10109758LIMAF_2025-04-25_G03,10109758LIMAF,2025-04-25,117820,1,60,0,436.0
10109758LIMAF_2025-04-25_G04,10109758LIMAF,2025-04-25,117808,1,200,0,1661.0
10109758LIMAF_2025-04-25_G05,10109758LIMAF,2025-04-25,108772,1,2,0,2210.0
10109758LIMAF_2025-04-25_G06,10109758LIMAF,2025-04-25,111530,1,4,0,148.0
10109758LIMAF_2025-04-25_G07,10109758LIMAF,2025-04-25,108772,1,2,0,142.0
10109758LIMAF_2025-04-25_G08,10109758LIMAF,2025-04-25,111530,1,14,0,190.0
10109758LIMAF_2025-04-25_G09,10109758LIMAF,2025-04-25,118094,1,2,0,218.0
10109758LIMAF_2025-04-25_G10,10109758LIMAF,2025-04-25,140911,1,4,0,1905.0
10109758LIMAF_2025-04-25_G11,10109758LIMAF,2025-04-25,"111530, 118094",3,12,22,172.0
10109758LIMAF_2025-04-25_G12,10109758LIMAF,2025-04-25,117785,1,20,0,797.0
10109758LIMAF_2025-04-25_G13,10109758LIMAF,2025-04-25,117787,1,8,0,569.0
10109758LIMAF_2025-04-25_G14,10109758LIMAF,2025-04-25,111463,1,30,0,99.0
10109758LIMAF_2025-04-25_G15,10109758LIMAF,2025-04-25,111530,1,6,0,414.0
10109758LIMAF_2025-04-25_G16,10109758LIMAF,2025-04-25,110313,1,3,0,586.0
10109758LIMAF_2025-04-25_G17,10109758LIMAF,2025-04-25,108772,1,4,0,242.0
10109758LIMAF_2025-04-25_G18,10109758LIMAF,2025-04-25,111469,1,10,0,159.0
10109758LIMAF_2025-04-25_G19,10109758LIMAF,2025-04-25,117821,1,9,0,132.0
10109758LIMAF_2025-04-25_G20,10109758LIMAF,2025-04-25,117787,1,1,0,135.0
10109758LIMAF_2025-04-25_G21,10109758LIMAF,2025-04-25,111466,1,20,0,138.0
10109758LIMAF_2025-04-25_G22,10109758LIMAF,2025-04-25,111463,1,20,0,257.0
10109758LIMAF_2025-04-25_G23,10109758LIMAF,2025-04-25,111444,1,20,0,855.0
10109758LIMAF_2025-04-25_G24,10109758LIMAF,2025-04-25,111462,1,11,0,433.0
10109758LIMAF_2025-04-25_G25,10109758LIMAF,2025-04-25,118140,1,10,0,315.0
10109758LIMAF_2025-04-25_G26,10109758LIMAF,2025-04-25,110787,1,9,0,97.0
10109758LIMAF_2025-04-25_G27,10109758LIMAF,2025-04-25,117832,1,21,0,121.0
10109758LIMAF_2025-04-25_G28,10109758LIMAF,2025-04-25,110372,1,50,0,539.0
10109758LIMAF_2025-04-25_G29,10109758LIMAF,2025-04-25,110895,1,60,0,1260.0
10109758LIMAF_2025-04-25_G31,10109758LIMAF,2025-04-25,111418,1,80,0,312.0
10109758LIMAF_2025-04-25_G32,10109758LIMAF,2025-04-25,118140,1,150,0,829.0
10109758LIMAF_2025-04-25_G33,10109758LIMAF,2025-04-25,117832,1,120,0,1350.0
10109758LIMAF_2025-04-25_G34,10109758LIMAF,2025-04-25,117830,1,140,0,401.0
10109758LIMAF_2025-04-25_G35,10109758LIMAF,2025-04-25,117809,1,200,0,1531.0
10109758LIMAF_2025-04-25_G36,10109758LIMAF,2025-04-25,"117820, 110371",2,735,26,502.0
10109758LIMAF_2025-04-26_G02,10109758LIMAF,2025-04-26,118094,1,2,0,79.0
10109758LIMAF_2025-04-26_G03,10109758LIMAF,2025-04-26,110515,1,4,0,186.0
10109758LIMAF_2025-04-26_G04,10109758LIMAF,2025-04-26,117787,1,4,0,112.0
10109758LIMAF_2025-04-26_G05,10109758LIMAF,2025-04-26,111444,2,8,14,73.0
10109758LIMAF_2025-04-26_G06,10109758LIMAF,2025-04-26,111430,1,20,0,427.0
10109758LIMAF_2025-04-26_G07,10109758LIMAF,2025-04-26,111660,2,20,10,1002.0
10109758LIMAF_2025-04-26_G08,10109758LIMAF,2025-04-26,111530,1,10,0,288.0
10109758LIMAF_2025-04-26_G09,10109758LIMAF,2025-04-26,109640,2,4,5,278.0
10109758LIMAF_2025-04-26_G10,10109758LIMAF,2025-04-26,117787,1,4,0,166.0
10109758LIMAF_2025-04-26_G11,10109758LIMAF,2025-04-26,111182,1,4,0,139.0
10109758LIMAF_2025-04-26_G12,10109758LIMAF,2025-04-26,111444,1,4,0,107.0
10109758LIMAF_2025-04-26_G13,10109758LIMAF,2025-04-26,111330,1,3,0,94.0
10109758LIMAF_2025-04-26_G14,10109758LIMAF,2025-04-26,117935,1,5,0,1265.0
10109758LIMAF_2025-04-26_G15,10109758LIMAF,2025-04-26,117787,1,8,0,95.0
10109758LIMAF_2025-04-26_G16,10109758LIMAF,2025-04-26,111430,1,6,0,179.0
10109758LIMAF_2025-04-26_G17,10109758LIMAF,2025-04-26,117935,1,1,0,248.0
10109758LIMAF_2025-04-26_G18,10109758LIMAF,2025-04-26,117854,1,8,0,91.0
10109758LIMAF_2025-04-26_G19,10109758LIMAF,2025-04-26,111330,1,2,0,213.0
10109758LIMAF_2025-04-26_G20,10109758LIMAF,2025-04-26,116241,1,10,0,467.0
10109758LIMAF_2025-04-26_G21,10109758LIMAF,2025-04-26,140911,1,4,0,369.0
10109758LIMAF_2025-04-26_G22,10109758LIMAF,2025-04-26,118253,1,2,0,138.0
10109758LIMAF_2025-04-26_G23,10109758LIMAF,2025-04-26,111468,1,6,0,1027.0
10109758LIMAF_2025-04-26_G24,10109758LIMAF,2025-04-26,111435,1,3,0,145.0
10109758LIMAF_2025-04-26_G25,10109758LIMAF,2025-04-26,117831,1,4,0,116.0
10109758LIMAF_2025-04-26_G26,10109758LIMAF,2025-04-26,111463,1,48,0,401.0
10109758LIMAF_2025-04-26_G27,10109758LIMAF,2025-04-26,111418,1,19,0,550.0
10109758LIMAF_2025-04-26_G28,10109758LIMAF,2025-04-26,117787,2,16,7,245.0
10109758LIMAF_2025-04-26_G29,10109758LIMAF,2025-04-26,105705,1,2,0,70.0
10109758LIMAF_2025-04-26_G30,10109758LIMAF,2025-04-26,"140922, 111466",2,4,10,639.0
10109758LIMAF_2025-04-26_G31,10109758LIMAF,2025-04-26,111430,1,4,0,1433.0
10109758LIMAF_2025-04-26_G32,10109758LIMAF,2025-04-26,108759,1,4,0,249.0
10109758LIMAF_2025-04-26_G33,10109758LIMAF,2025-04-26,109933,1,4,0,248.0
10109758LIMAF_2025-04-26_G34,10109758LIMAF,2025-04-26,111660,1,4,0,122.0
10109758LIMAF_2025-04-26_G35,10109758LIMAF,2025-04-26,117835,1,4,0,140.0
10109758LIMAF_2025-04-26_G36,10109758LIMAF,2025-04-26,109937,1,4,0,159.0
10109758LIMAF_2025-04-26_G37,10109758LIMAF,2025-04-26,110733,1,2,0,118.0
10109758LIMAF_2025-04-26_G38,10109758LIMAF,2025-04-26,117855,1,4,0,99.0
10109758LIMAF_2025-04-26_G39,10109758LIMAF,2025-04-26,118004,1,5,0,148.0
10109758LIMAF_2025-04-26_G40,10109758LIMAF,2025-04-26,117831,1,2,0,108.0
10109758LIMAF_2025-04-26_G41,10109758LIMAF,2025-04-26,117821,1,2,0,51.0
10109758LIMAF_2025-04-26_G42,10109758LIMAF,2025-04-26,111418,1,8,0,95.0
10109758LIMAF_2025-04-26_G43,10109758LIMAF,2025-04-26,110371,1,10,0,449.0
10109758LIMAF_2025-04-26_G44,10109758LIMAF,2025-04-26,110373,1,8,0,96.0
10109758LIMAF_2025-04-26_G45,10109758LIMAF,2025-04-26,117808,1,8,0,95.0
10109758LIMAF_2025-04-26_G46,10109758LIMAF,2025-04-26,111444,1,6,0,111.0
10109758LIMAF_2025-04-26_G48,10109758LIMAF,2025-04-26,110755,1,4,0,127.0
10109758LIMAF_2025-04-26_G49,10109758LIMAF,2025-04-26,110372,1,8,0,149.0
10109758LIMAF_2025-04-26_G50,10109758LIMAF,2025-04-26,111445,1,4,0,125.0
10109758LIMAF_2025-04-26_G51,10109758LIMAF,2025-04-26,111530,1,8,0,208.0
10109758LIMAF_2025-04-26_G52,10109758LIMAF,2025-04-26,118094,1,8,0,151.0
10109758LIMAF_2025-04-26_G53,10109758LIMAF,2025-04-26,105242,1,2,0,129.0
10109758LIMAF_2025-04-26_G54,10109758LIMAF,2025-04-26,109640,1,1,0,310.0
10109758LIMAF_2025-04-26_G55,10109758LIMAF,2025-04-26,117935,1,14,0,93.0
10109758LIMAF_2025-04-26_G56,10109758LIMAF,2025-04-26,109640,1,6,0,31.0
10109758LIMAF_2025-04-26_G57,10109758LIMAF,2025-04-26,111532,1,1,0,100.0
10109758LIMAF_2025-04-26_G58,10109758LIMAF,2025-04-26,109643,1,4,0,262.0
10109758LIMAF_2025-04-26_G59,10109758LIMAF,2025-04-26,118094,1,5,0,112.0
10109758LIMAF_2025-04-26_G60,10109758LIMAF,2025-04-26,117820,1,24,0,162.0
10109758LIMAF_2025-04-26_G61,10109758LIMAF,2025-04-26,111660,1,2,0,102.0
10109758LIMAF_2025-04-26_G62,10109758LIMAF,2025-04-26,109640,1,20,0,1347.0
10109758LIMAF_2025-04-26_G63,10109758LIMAF,2025-04-26,111444,1,2,0,78.0
10109758LIMAF_2025-04-26_G64,10109758LIMAF,2025-04-26,111660,1,120,0,1085.0
10109758LIMAF_2025-04-26_G65,10109758LIMAF,2025-04-26,120003,1,38,0,364.0
10109758LIMAF_2025-04-26_G66,10109758LIMAF,2025-04-26,108770,1,2,0,204.0
10109758LIMAF_2025-04-28_G02,10109758LIMAF,2025-04-28,110313,1,2,0,140.0
10109758LIMAF_2025-04-28_G03,10109758LIMAF,2025-04-28,110733,1,4,0,114.0
10109758LIMAF_2025-04-28_G04,10109758LIMAF,2025-04-28,117831,1,4,0,118.0
10109758LIMAF_2025-04-28_G05,10109758LIMAF,2025-04-28,111463,1,2,0,73.0
10109758LIMAF_2025-04-28_G06,10109758LIMAF,2025-04-28,111466,1,2,0,113.0
10109758LIMAF_2025-04-28_G07,10109758LIMAF,2025-04-28,140922,1,3,0,74.0
10109758LIMAF_2025-04-28_G08,10109758LIMAF,2025-04-28,111444,1,2,0,65.0
10109758LIMAF_2025-04-28_G09,10109758LIMAF,2025-04-28,108794,1,6,0,1596.0
10109758LIMAF_2025-04-28_G10,10109758LIMAF,2025-04-28,111462,1,8,0,197.0
10109758LIMAF_2025-04-28_G11,10109758LIMAF,2025-04-28,111465,1,2,0,105.0
10109758LIMAF_2025-04-28_G12,10109758LIMAF,2025-04-28,117820,1,2,0,615.0
10109758LIMAF_2025-04-28_G13,10109758LIMAF,2025-04-28,110371,1,2,0,78.0
10109758LIMAF_2025-04-28_G14,10109758LIMAF,2025-04-28,118299,1,2,0,128.0
10109758LIMAF_2025-04-28_G15,10109758LIMAF,2025-04-28,110376,1,7,0,53.0
10109758LIMAF_2025-04-28_G16,10109758LIMAF,2025-04-28,110372,1,10,0,72.0
10109758LIMAF_2025-04-28_G17,10109758LIMAF,2025-04-28,117809,1,4,0,165.0
10109758LIMAF_2025-04-28_G18,10109758LIMAF,2025-04-28,111442,1,4,0,1399.0
10109758LIMAF_2025-04-28_G19,10109758LIMAF,2025-04-28,111468,1,3,0,68.0
10109758LIMAF_2025-04-28_G20,10109758LIMAF,2025-04-28,108795,1,4,0,171.0
10109758LIMAF_2025-04-28_G21,10109758LIMAF,2025-04-28,111463,1,10,0,82.0
10109758LIMAF_2025-04-28_G22,10109758LIMAF,2025-04-28,117787,1,6,0,647.0
10109758LIMAF_2025-04-28_G23,10109758LIMAF,2025-04-28,105705,1,4,0,91.0
10109758LIMAF_2025-04-28_G24,10109758LIMAF,2025-04-28,111466,1,20,0,126.0
10109758LIMAF_2025-04-28_G25,10109758LIMAF,2025-04-28,111532,1,2,0,332.0
10109758LIMAF_2025-04-28_G26,10109758LIMAF,2025-04-28,117833,1,12,0,87.0
10109758LIMAF_2025-04-28_G27,10109758LIMAF,2025-04-28,140922,1,6,0,182.0
10109758LIMAF_2025-04-28_G28,10109758LIMAF,2025-04-28,111469,1,20,0,384.0
10109758LIMAF_2025-04-28_G29,10109758LIMAF,2025-04-28,117785,1,13,0,1173.0
10109758LIMAF_2025-04-28_G30,10109758LIMAF,2025-04-28,111418,1,30,0,149.0
10109758LIMAF_2025-04-28_G31,10109758LIMAF,2025-04-28,109645,1,11,0,1145.0
10109758LIMAF_2025-04-28_G32,10109758LIMAF,2025-04-28,118140,1,13,0,144.0
10109758LIMAF_2025-04-28_G33,10109758LIMAF,2025-04-28,110740,1,12,0,185.0
10109758LIMAF_2025-04-28_G34,10109758LIMAF,2025-04-28,111743,2,14,10,1199.0
10109758LIMAF_2025-04-28_G35,10109758LIMAF,2025-04-28,111468,1,28,0,122.0
10109758LIMAF_2025-04-28_G36,10109758LIMAF,2025-04-28,111435,1,7,0,236.0
10109758LIMAF_2025-04-28_G37,10109758LIMAF,2025-04-28,110743,1,2,0,176.0
10109758LIMAF_2025-04-28_G38,10109758LIMAF,2025-04-28,111469,1,11,0,86.0
10109758LIMAF_2025-04-28_G39,10109758LIMAF,2025-04-28,111433,1,4,0,174.0
10109758LIMAF_2025-04-28_G40,10109758LIMAF,2025-04-28,117787,1,7,0,503.0
10109758LIMAF_2025-04-28_G41,10109758LIMAF,2025-04-28,108798,1,4,0,507.0
10109758LIMAF_2025-04-28_G42,10109758LIMAF,2025-04-28,111444,1,4,0,76.0
10109758LIMAF_2025-04-28_G43,10109758LIMAF,2025-04-28,110748,1,4,0,119.0
10109758LIMAF_2025-04-28_G44,10109758LIMAF,2025-04-28,109645,1,8,0,1152.0
10109758LIMAF_2025-04-28_G45,10109758LIMAF,2025-04-28,110745,1,4,0,110.0
10109758LIMAF_2025-04-28_G46,10109758LIMAF,2025-04-28,111348,1,6,0,73.0
10109758LIMAF_2025-04-28_G47,10109758LIMAF,2025-04-28,110787,1,12,0,125.0
10109758LIMAF_2025-04-28_G48,10109758LIMAF,2025-04-28,118004,1,12,0,153.0
10109758LIMAF_2025-04-28_G49,10109758LIMAF,2025-04-28,117808,1,28,0,151.0
10109758LIMAF_2025-04-28_G50,10109758LIMAF,2025-04-28,110371,1,60,0,595.0
10109758LIMAF_2025-04-28_G51,10109758LIMAF,2025-04-28,110372,1,44,0,123.0
10109758LIMAF_2025-04-28_G52,10109758LIMAF,2025-04-28,110373,1,78,0,384.0
10109758LIMAF_2025-04-28_G53,10109758LIMAF,2025-04-28,117809,1,17,0,145.0
10109758LIMAF_2025-04-28_G55,10109758LIMAF,2025-04-28,117861,1,241,0,814.0
10109758LIMAF_2025-04-28_G56,10109758LIMAF,2025-04-28,110733,1,160,0,764.0
10109758LIMAF_2025-04-28_G57,10109758LIMAF,2025-04-28,111602,1,81,0,443.0
10109758LIMAF_2025-04-28_G58,10109758LIMAF,2025-04-28,109640,1,152,0,539.0
10109758LIMAF_2025-04-28_G59,10109758LIMAF,2025-04-28,105705,1,42,0,149.0
10109758LIMAF_2025-04-29_G02,10109758LIMAF,2025-04-29,109641,1,18,0,495.0
10109758LIMAF_2025-04-29_G03,10109758LIMAF,2025-04-29,111418,1,12,0,251.0
10109758LIMAF_2025-04-29_G04,10109758LIMAF,2025-04-29,110740,1,4,0,1711.0
10109758LIMAF_2025-04-29_G05,10109758LIMAF,2025-04-29,111469,1,22,0,457.0
10109758LIMAF_2025-04-29_G06,10109758LIMAF,2025-04-29,111532,1,4,0,464.0
10109758LIMAF_2025-04-29_G07,10109758LIMAF,2025-04-29,111442,1,48,0,386.0
10109758LIMAF_2025-04-29_G08,10109758LIMAF,2025-04-29,109643,1,2,0,368.0
10109758LIMAF_2025-04-29_G09,10109758LIMAF,2025-04-29,111445,1,8,0,169.0
10109758LIMAF_2025-04-29_G10,10109758LIMAF,2025-04-29,117854,1,8,0,763.0
10109758LIMAF_2025-04-29_G11,10109758LIMAF,2025-04-29,109640,1,20,0,262.0
10109758LIMAF_2025-04-29_G12,10109758LIMAF,2025-04-29,117853,1,24,0,351.0
10109758LIMAF_2025-04-29_G13,10109758LIMAF,2025-04-29,118140,1,100,0,938.0
10109758LIMAF_2025-04-29_G14,10109758LIMAF,2025-04-29,111705,1,1,0,759.0
10109758LIMAF_2025-04-29_G15,10109758LIMAF,2025-04-29,109640,1,8,0,272.0
10109758LIMAF_2025-04-29_G16,10109758LIMAF,2025-04-29,118299,1,4,0,51.0
10109758LIMAF_2025-04-29_G17,10109758LIMAF,2025-04-29,118299,1,500,0,1366.0
10109758LIMAF_2025-04-29_G18,10109758LIMAF,2025-04-29,107236,1,19,0,1370.0
10109758LIMAF_2025-04-29_G19,10109758LIMAF,2025-04-29,111330,1,9,0,332.0
10109758LIMAF_2025-04-29_G20,10109758LIMAF,2025-04-29,111660,1,42,0,601.0
10109758LIMAF_2025-04-29_G21,10109758LIMAF,2025-04-29,110895,1,5,0,562.0
10109758LIMAF_2025-04-29_G22,10109758LIMAF,2025-04-29,115773,1,1,0,248.0
10109758LIMAF_2025-04-29_G23,10109758LIMAF,2025-04-29,111330,1,24,0,456.0
10109758LIMAF_2025-04-29_G24,10109758LIMAF,2025-04-29,108711,1,60,0,346.0
10109758LIMAF_2025-04-29_G25,10109758LIMAF,2025-04-29,110374,1,100,0,1111.0
10109758LIMAF_2025-04-29_G26,10109758LIMAF,2025-04-29,110372,1,50,0,1599.0
10109758LIMAF_2025-04-29_G27,10109758LIMAF,2025-04-29,117830,1,3,0,350.0
10109758LIMAF_2025-04-29_G28,10109758LIMAF,2025-04-29,110375,1,5,0,84.0
10109758LIMAF_2025-04-29_G29,10109758LIMAF,2025-04-29,110373,1,20,0,86.0
10109758LIMAF_2025-04-29_G30,10109758LIMAF,2025-04-29,110371,1,10,0,138.0
10109758LIMAF_2025-04-29_G32,10109758LIMAF,2025-04-29,109643,1,4,0,804.0
10109758LIMAF_2025-04-29_G33,10109758LIMAF,2025-04-29,110376,1,4,0,196.0
10109758LIMAF_2025-04-30_G02,10109758LIMAF,2025-04-30,108711,1,4,0,656.0
10109758LIMAF_2025-04-30_G03,10109758LIMAF,2025-04-30,108770,1,1,0,103.0
10109758LIMAF_2025-04-30_G04,10109758LIMAF,2025-04-30,108770,1,3,0,198.0
10109758LIMAF_2025-04-30_G05,10109758LIMAF,2025-04-30,111530,1,6,0,432.0
10109758LIMAF_2025-04-30_G06,10109758LIMAF,2025-04-30,108711,1,17,0,129.0
10109758LIMAF_2025-04-30_G07,10109758LIMAF,2025-04-30,107236,1,8,0,329.0
10109758LIMAF_2025-04-30_G09,10109758LIMAF,2025-04-30,111532,1,250,0,1260.0
10109758LIMAF_2025-04-30_G10,10109758LIMAF,2025-04-30,111418,1,500,0,1207.0
10109758LIMAF_2025-04-30_G11,10109758LIMAF,2025-04-30,110325,1,450,0,1046.0
10109758LIMAF_2025-04-30_G12,10109758LIMAF,2025-04-30,117835,1,4,0,1687.0
10109758LIMAF_2025-04-30_G13,10109758LIMAF,2025-04-30,160057,1,8,0,215.0
10109758LIMAF_2025-04-30_G14,10109758LIMAF,2025-04-30,117786,1,2,0,197.0
10109758LIMAF_2025-04-30_G15,10109758LIMAF,2025-04-30,111469,1,7,0,91.0
10109758LIMAF_2025-04-30_G16,10109758LIMAF,2025-04-30,105705,1,4,0,181.0
10109758LIMAF_2025-04-30_G17,10109758LIMAF,2025-04-30,111348,1,7,0,271.0
10109758LIMAF_2025-04-30_G18,10109758LIMAF,2025-04-30,160055,1,4,0,154.0
10109758LIMAF_2025-04-30_G19,10109758LIMAF,2025-04-30,107236,1,6,0,88.0
10109758LIMAF_2025-04-30_G20,10109758LIMAF,2025-04-30,160054,1,6,0,199.0
10109758LIMAF_2025-04-30_G21,10109758LIMAF,2025-04-30,117820,1,12,0,51.0
10109758LIMAF_2025-04-30_G22,10109758LIMAF,2025-04-30,110373,1,8,0,176.0
10109758LIMAF_2025-04-30_G23,10109758LIMAF,2025-04-30,110374,1,5,0,486.0
10109758LIMAF_2025-04-30_G24,10109758LIMAF,2025-04-30,117808,1,11,0,101.0
10109758LIMAF_2025-04-30_G25,10109758LIMAF,2025-04-30,109643,1,6,0,179.0
10109758LIMAF_2025-04-30_G26,10109758LIMAF,2025-04-30,160051,1,25,0,70.0
10109758LIMAF_2025-04-30_G27,10109758LIMAF,2025-04-30,160053,1,4,0,170.0
10109758LIMAF_2025-04-30_G28,10109758LIMAF,2025-04-30,109640,1,50,0,410.0
10109758LIMAF_2025-04-30_G29,10109758LIMAF,2025-04-30,100334,1,8,0,928.0
10109758LIMAF_2025-04-30_G30,10109758LIMAF,2025-04-30,111442,1,5,0,179.0
10109758LIMAF_2025-04-30_G31,10109758LIMAF,2025-04-30,118283,1,4,0,34.0
10109758LIMAF_2025-04-30_G33,10109758LIMAF,2025-04-30,117835,1,24,0,551.0
10109758LIMAF_2025-04-30_G34,10109758LIMAF,2025-04-30,118094,1,9,0,209.0
10109758LIMAF_2025-04-30_G35,10109758LIMAF,2025-04-30,117853,1,8,0,491.0
10109758LIMAF_2025-04-30_G36,10109758LIMAF,2025-04-30,111530,1,12,0,262.0
10109758LIMAF_2025-04-30_G37,10109758LIMAF,2025-04-30,117935,1,22,0,238.0
10109758LIMAF_2025-04-30_G38,10109758LIMAF,2025-04-30,110372,2,46,12,953.0
10109758LIMAF_2025-04-30_G39,10109758LIMAF,2025-04-30,117809,1,2,0,339.0
10109758LIMAF_2025-04-30_G40,10109758LIMAF,2025-04-30,110376,1,5,0,126.0
10109758LIMAF_2025-04-30_G41,10109758LIMAF,2025-04-30,117808,2,31,5,90.0
10109758LIMAF_2025-04-30_G42,10109758LIMAF,2025-04-30,"110325, 160054",3,10,15,457.0
10109758LIMAF_2025-04-30_G43,10109758LIMAF,2025-04-30,117820,3,18,11,154.0
10109758LIMAF_2025-04-30_G44,10109758LIMAF,2025-04-30,110374,1,2,0,297.0
10109758LIMAF_2025-04-30_G45,10109758LIMAF,2025-04-30,118299,1,40,0,515.0
10109758LIMAF_2025-04-30_G46,10109758LIMAF,2025-04-30,111660,1,20,0,815.0
10109758LIMAF_2025-05-07_G02,10109758LIMAF,2025-05-07,111438,1,35,0,829.0
10109758LIMAF_2025-05-07_G03,10109758LIMAF,2025-05-07,110742,1,1,0,913.0
10109758LIMAF_2025-05-07_G04,10109758LIMAF,2025-05-07,117808,1,2,0,3449.0
10109758LIMAF_2025-05-07_G06,10109758LIMAF,2025-05-07,118299,1,4,0,71.0
10109758LIMAF_2025-05-07_G07,10109758LIMAF,2025-05-07,110373,1,14,0,701.0
10109758LIMAF_2025-05-07_G08,10109758LIMAF,2025-05-07,110376,1,6,0,160.0
10109758LIMAF_2025-05-07_G09,10109758LIMAF,2025-05-07,117808,1,120,0,288.0
10109758LIMAF_2025-05-07_G10,10109758LIMAF,2025-05-07,109643,1,20,0,379.0
10109758LIMAF_2025-05-07_G11,10109758LIMAF,2025-05-07,117785,1,40,0,1183.0
10109758LIMAF_2025-05-07_G12,10109758LIMAF,2025-05-07,111444,1,3,0,331.0
10109758LIMAF_2025-05-07_G13,10109758LIMAF,2025-05-07,108795,1,20,0,539.0
10109758LIMAF_2025-05-07_G14,10109758LIMAF,2025-05-07,111463,1,2,0,303.0
10109758LIMAF_2025-05-07_G15,10109758LIMAF,2025-05-07,111462,1,16,0,209.0
10109758LIMAF_2025-05-07_G16,10109758LIMAF,2025-05-07,118140,1,55,0,868.0
10109758LIMAF_2025-05-07_G17,10109758LIMAF,2025-05-07,111466,1,42,0,828.0
10109758LIMAF_2025-05-07_G19,10109758LIMAF,2025-05-07,108711,1,52,0,147.0
10109758LIMAF_2025-05-07_G20,10109758LIMAF,2025-05-07,111418,1,40,0,435.0
10109758LIMAF_2025-05-08_G02,10109758LIMAF,2025-05-08,117855,2,8,6,145.0
10109758LIMAF_2025-05-08_G03,10109758LIMAF,2025-05-08,111466,1,8,0,154.0
10109758LIMAF_2025-05-08_G04,10109758LIMAF,2025-05-08,111463,1,4,0,547.0
10109758LIMAF_2025-05-08_G05,10109758LIMAF,2025-05-08,111469,1,4,0,89.0
10109758LIMAF_2025-05-08_G06,10109758LIMAF,2025-05-08,117821,1,4,0,60.0
10109758LIMAF_2025-05-08_G07,10109758LIMAF,2025-05-08,108711,1,1,0,139.0
10109758LIMAF_2025-05-08_G08,10109758LIMAF,2025-05-08,117830,1,4,0,165.0
10109758LIMAF_2025-05-08_G09,10109758LIMAF,2025-05-08,118299,1,14,0,185.0
10109758LIMAF_2025-05-08_G10,10109758LIMAF,2025-05-08,110373,1,4,0,481.0
10109758LIMAF_2025-05-08_G11,10109758LIMAF,2025-05-08,110374,1,1,0,32.0
10109758LIMAF_2025-05-08_G12,10109758LIMAF,2025-05-08,110371,2,5,11,114.0
10109758LIMAF_2025-05-08_G13,10109758LIMAF,2025-05-08,109643,1,1,0,74.0
10109758LIMAF_2025-05-08_G14,10109758LIMAF,2025-05-08,117808,1,30,0,643.0
10109758LIMAF_2025-05-08_G15,10109758LIMAF,2025-05-08,111465,1,3,0,425.0
10109758LIMAF_2025-05-08_G16,10109758LIMAF,2025-05-08,111463,1,10,0,158.0
10109758LIMAF_2025-05-08_G17,10109758LIMAF,2025-05-08,118004,1,8,0,91.0
10109758LIMAF_2025-05-08_G18,10109758LIMAF,2025-05-08,105705,1,6,0,435.0
10109758LIMAF_2025-05-08_G19,10109758LIMAF,2025-05-08,111442,1,8,0,134.0
10109758LIMAF_2025-05-08_G20,10109758LIMAF,2025-05-08,111466,1,8,0,119.0
10109758LIMAF_2025-05-08_G21,10109758LIMAF,2025-05-08,140922,1,8,0,239.0
10109758LIMAF_2025-05-08_G22,10109758LIMAF,2025-05-08,110755,1,7,0,3059.0
10109758LIMAF_2025-05-08_G23,10109758LIMAF,2025-05-08,110742,1,26,0,139.0
10109758LIMAF_2025-05-08_G24,10109758LIMAF,2025-05-08,110313,1,9,0,119.0
10109758LIMAF_2025-05-08_G25,10109758LIMAF,2025-05-08,111876,1,48,0,610.0
10109758LIMAF_2025-05-08_G26,10109758LIMAF,2025-05-08,111348,1,4,0,330.0
10109758LIMAF_2025-05-08_G27,10109758LIMAF,2025-05-08,110748,1,12,0,52.0
10109758LIMAF_2025-05-08_G28,10109758LIMAF,2025-05-08,108711,2,38,7,1532.0
10109758LIMAF_2025-05-08_G29,10109758LIMAF,2025-05-08,105705,1,11,0,301.0
10109758LIMAF_2025-05-08_G30,10109758LIMAF,2025-05-08,111532,1,4,0,151.0
10109758LIMAF_2025-05-08_G31,10109758LIMAF,2025-05-08,117833,1,8,0,61.0
10109758LIMAF_2025-05-08_G32,10109758LIMAF,2025-05-08,111466,1,8,0,1671.0
10109758LIMAF_2025-05-08_G33,10109758LIMAF,2025-05-08,109645,1,60,0,292.0
10109758LIMAF_2025-05-08_G34,10109758LIMAF,2025-05-08,109645,1,8,0,366.0
10109758LIMAF_2025-05-08_G35,10109758LIMAF,2025-05-08,111465,1,4,0,1676.0
10109758LIMAF_2025-05-08_G36,10109758LIMAF,2025-05-08,117821,2,12,6,406.0
10109758LIMAF_2025-05-08_G37,10109758LIMAF,2025-05-08,118004,1,5,0,106.0
10109758LIMAF_2025-05-08_G38,10109758LIMAF,2025-05-08,117787,1,5,0,69.0
10109758LIMAF_2025-05-08_G39,10109758LIMAF,2025-05-08,111466,1,20,0,131.0
10109758LIMAF_2025-05-08_G40,10109758LIMAF,2025-05-08,111172,1,2,0,282.0
10109758LIMAF_2025-05-08_G41,10109758LIMAF,2025-05-08,"117833, 140922",2,68,5,238.0
10109758LIMAF_2025-05-08_G42,10109758LIMAF,2025-05-08,111418,1,8,0,287.0
10109758LIMAF_2025-05-08_G43,10109758LIMAF,2025-05-08,117838,1,4,0,75.0
10109758LIMAF_2025-05-08_G44,10109758LIMAF,2025-05-08,111348,2,22,5,121.0
10109758LIMAF_2025-05-08_G45,10109758LIMAF,2025-05-08,110787,1,4,0,259.0
10109758LIMAF_2025-05-08_G46,10109758LIMAF,2025-05-08,107236,1,8,0,324.0
10109758LIMAF_2025-05-08_G47,10109758LIMAF,2025-05-08,108798,2,22,5,81.0
10109758LIMAF_2025-05-08_G48,10109758LIMAF,2025-05-08,111463,1,36,0,444.0
10109758LIMAF_2025-05-09_G02,10109758LIMAF,2025-05-09,111532,1,466,0,1168.0
10109758LIMAF_2025-05-09_G03,10109758LIMAF,2025-05-09,110373,1,880,0,976.0
10109758LIMAF_2025-05-09_G05,10109758LIMAF,2025-05-09,117855,1,186,0,250.0
10109758LIMAF_2025-05-09_G06,10109758LIMAF,2025-05-09,111469,1,339,0,881.0
10109758LIMAF_2025-05-09_G07,10109758LIMAF,2025-05-09,111602,1,8,0,228.0
10109758LIMAF_2025-05-09_G08,10109758LIMAF,2025-05-09,117821,1,194,0,570.0
10109758LIMAF_2025-05-09_G09,10109758LIMAF,2025-05-09,117785,1,297,0,987.0
10109758LIMAF_2025-05-09_G10,10109758LIMAF,2025-05-09,160055,1,12,0,523.0
10109758LIMAF_2025-05-09_G11,10109758LIMAF,2025-05-09,110374,1,192,0,1086.0
10109758LIMAF_2025-05-09_G12,10109758LIMAF,2025-05-09,160054,1,12,0,294.0
10109758LIMAF_2025-05-09_G13,10109758LIMAF,2025-05-09,140911,1,3,0,2515.0
10109758LIMAF_2025-05-09_G14,10109758LIMAF,2025-05-09,111431,1,1,0,267.0
10109758LIMAF_2025-05-09_G15,10109758LIMAF,2025-05-09,109641,1,13,0,197.0
10109758LIMAF_2025-05-09_G16,10109758LIMAF,2025-05-09,111330,1,28,0,116.0
10109758LIMAF_2025-05-09_G18,10109758LIMAF,2025-05-09,110755,1,2,0,802.0
10109758LIMAF_2025-05-09_G19,10109758LIMAF,2025-05-09,111569,1,10,0,164.0
10109758LIMAF_2025-05-09_G20,10109758LIMAF,2025-05-09,117854,1,8,0,329.0
10109758LIMAF_2025-05-09_G21,10109758LIMAF,2025-05-09,"111463, 111469",2,12,17,454.0
10109758LIMAF_2025-05-09_G22,10109758LIMAF,2025-05-09,117785,1,4,0,158.0
10109758LIMAF_2025-05-09_G23,10109758LIMAF,2025-05-09,111182,1,4,0,80.0
10109758LIMAF_2025-05-09_G24,10109758LIMAF,2025-05-09,117831,1,8,0,227.0
10109758LIMAF_2025-05-09_G25,10109758LIMAF,2025-05-09,111330,1,20,0,347.0
10109758LIMAF_2025-05-09_G26,10109758LIMAF,2025-05-09,111465,1,4,0,403.0
10109758LIMAF_2025-05-09_G27,10109758LIMAF,2025-05-09,117820,2,24,9,119.0
10109758LIMAF_2025-05-09_G28,10109758LIMAF,2025-05-09,"107830, 117830",3,40,13,186.0
10109758LIMAF_2025-05-09_G29,10109758LIMAF,2025-05-09,117862,1,4,0,595.0
10109758LIMAF_2025-05-09_G30,10109758LIMAF,2025-05-09,140922,1,60,0,34.0
10109758LIMAF_2025-05-09_G31,10109758LIMAF,2025-05-09,111850,1,7,0,617.0
10109758LIMAF_2025-05-09_G32,10109758LIMAF,2025-05-09,110841,1,2,0,120.0
10109758LIMAF_2025-05-09_G33,10109758LIMAF,2025-05-09,110895,1,9,0,197.0
10109758LIMAF_2025-05-09_G34,10109758LIMAF,2025-05-09,117862,1,4,0,388.0
10109758LIMAF_2025-05-09_G35,10109758LIMAF,2025-05-09,109643,1,5,0,186.0
10109758LIMAF_2025-05-10_G02,10109758LIMAF,2025-05-10,123345,1,2,0,273.0
10109758LIMAF_2025-05-10_G03,10109758LIMAF,2025-05-10,181057,1,4,0,2751.0
10109758LIMAF_2025-05-10_G04,10109758LIMAF,2025-05-10,181056,1,4,0,334.0
10109758LIMAF_2025-05-10_G05,10109758LIMAF,2025-05-10,122981,1,2,0,364.0
10109758LIMAF_2025-05-10_G06,10109758LIMAF,2025-05-10,120389,1,2,0,52.0
10109758LIMAF_2025-05-10_G07,10109758LIMAF,2025-05-10,122962,1,2,0,427.0
10109758LIMAF_2025-05-10_G08,10109758LIMAF,2025-05-10,122673,1,2,0,244.0
10109758LIMAF_2025-05-10_G09,10109758LIMAF,2025-05-10,123343,1,2,0,261.0
10109758LIMAF_2025-05-10_G10,10109758LIMAF,2025-05-10,123909,1,4,0,473.0
10109758LIMAF_2025-05-10_G11,10109758LIMAF,2025-05-10,122673,1,2,0,195.0
10109758LIMAF_2025-05-10_G12,10109758LIMAF,2025-05-10,122983,1,2,0,289.0
10109758LIMAF_2025-05-10_G13,10109758LIMAF,2025-05-10,122647,1,2,0,486.0
10109758LIMAF_2025-05-10_G14,10109758LIMAF,2025-05-10,120389,1,2,0,125.0
10109758LIMAF_2025-05-10_G15,10109758LIMAF,2025-05-10,123909,1,2,0,128.0
10109758LIMAF_2025-05-10_G16,10109758LIMAF,2025-05-10,122673,1,2,0,132.0
10109758LIMAF_2025-05-10_G17,10109758LIMAF,2025-05-10,123343,1,3,0,169.0
10109758LIMAF_2025-05-10_G18,10109758LIMAF,2025-05-10,123345,1,8,0,711.0
10109758LIMAF_2025-05-10_G19,10109758LIMAF,2025-05-10,124248,1,2,0,2323.0
10109758LIMAF_2025-05-10_G20,10109758LIMAF,2025-05-10,123345,1,4,0,109.0
10109758LIMAF_2025-05-10_G21,10109758LIMAF,2025-05-10,180332,1,1,0,652.0
10109758LIMAF_2025-05-10_G22,10109758LIMAF,2025-05-10,121760,1,1,0,2383.0
10109758LIMAF_2025-05-10_G23,10109758LIMAF,2025-05-10,122985,1,2,0,85.0
10109758LIMAF_2025-05-10_G24,10109758LIMAF,2025-05-10,120028,2,6,18,287.0
10109758LIMAF_2025-05-10_G25,10109758LIMAF,2025-05-10,120339,1,8,0,1196.0
10109758LIMAF_2025-05-10_G26,10109758LIMAF,2025-05-10,122984,1,23,0,2227.0
10109758LIMAF_2025-05-10_G27,10109758LIMAF,2025-05-10,124548,1,9,0,823.0
10109758LIMAF_2025-05-12_G02,10109758LIMAF,2025-05-12,111462,1,140,0,846.0
10109758LIMAF_2025-05-12_G03,10109758LIMAF,2025-05-12,117787,1,100,0,653.0
10109758LIMAF_2025-05-12_G04,10109758LIMAF,2025-05-12,140922,1,120,0,1266.0
10109758LIMAF_2025-05-12_G05,10109758LIMAF,2025-05-12,111468,1,60,0,653.0
10109758LIMAF_2025-05-12_G06,10109758LIMAF,2025-05-12,111466,1,56,0,532.0
10109758LIMAF_2025-05-12_G07,10109758LIMAF,2025-05-12,111465,1,6,0,942.0
10109758LIMAF_2025-05-12_G08,10109758LIMAF,2025-05-12,111182,1,12,0,543.0
10109758LIMAF_2025-05-12_G09,10109758LIMAF,2025-05-12,100334,1,1,0,1976.0
10109758LIMAF_2025-05-12_G10,10109758LIMAF,2025-05-12,111569,1,1,0,127.0
10109758LIMAF_2025-05-12_G11,10109758LIMAF,2025-05-12,111438,1,2,0,108.0
10109758LIMAF_2025-05-12_G12,10109758LIMAF,2025-05-12,110895,1,2,0,47.0
10109758LIMAF_2025-05-12_G13,10109758LIMAF,2025-05-12,111530,1,4,0,117.0
10109758LIMAF_2025-05-12_G14,10109758LIMAF,2025-05-12,110515,1,3,0,165.0
10109758LIMAF_2025-05-12_G15,10109758LIMAF,2025-05-12,111602,1,13,0,111.0
10109758LIMAF_2025-05-12_G16,10109758LIMAF,2025-05-12,111462,1,2,0,247.0
10109758LIMAF_2025-05-12_G17,10109758LIMAF,2025-05-12,118140,1,2,0,133.0
10109758LIMAF_2025-05-12_G18,10109758LIMAF,2025-05-12,108711,1,4,0,52.0
10109758LIMAF_2025-05-12_G19,10109758LIMAF,2025-05-12,111466,1,1,0,92.0
10109758LIMAF_2025-05-12_G20,10109758LIMAF,2025-05-12,111532,1,9,0,50.0
10109758LIMAF_2025-05-12_G21,10109758LIMAF,2025-05-12,111418,1,4,0,1428.0
10109758LIMAF_2025-05-12_G22,10109758LIMAF,2025-05-12,108794,1,2,0,166.0
10109758LIMAF_2025-05-12_G23,10109758LIMAF,2025-05-12,110325,1,3,0,138.0
10109758LIMAF_2025-05-12_G24,10109758LIMAF,2025-05-12,117820,1,1,0,76.0
10109758LIMAF_2025-05-12_G25,10109758LIMAF,2025-05-12,118299,1,2,0,104.0
10109758LIMAF_2025-05-12_G26,10109758LIMAF,2025-05-12,110373,1,9,0,63.0
10109758LIMAF_2025-05-12_G27,10109758LIMAF,2025-05-12,110372,1,4,0,91.0
10109758LIMAF_2025-05-12_G28,10109758LIMAF,2025-05-12,110376,1,3,0,110.0
10109758LIMAF_2025-05-12_G29,10109758LIMAF,2025-05-12,117832,1,4,0,151.0
10109758LIMAF_2025-05-12_G30,10109758LIMAF,2025-05-12,110371,1,2,0,124.0
10109758LIMAF_2025-05-12_G31,10109758LIMAF,2025-05-12,140911,1,12,0,263.0
10109758LIMAF_2025-05-12_G32,10109758LIMAF,2025-05-12,111430,1,2,0,1433.0
10109758LIMAF_2025-05-12_G33,10109758LIMAF,2025-05-12,110755,1,4,0,93.0
10109758LIMAF_2025-05-12_G34,10109758LIMAF,2025-05-12,111569,1,2,0,118.0
10109758LIMAF_2025-05-12_G35,10109758LIMAF,2025-05-12,111438,1,4,0,113.0
10109758LIMAF_2025-05-12_G36,10109758LIMAF,2025-05-12,117831,1,5,0,110.0
10109758LIMAF_2025-05-12_G37,10109758LIMAF,2025-05-12,108711,1,5,0,98.0
10109758LIMAF_2025-05-12_G38,10109758LIMAF,2025-05-12,111469,1,21,0,622.0
10109758LIMAF_2025-05-12_G39,10109758LIMAF,2025-05-12,111433,1,9,0,421.0
10109758LIMAF_2025-05-12_G40,10109758LIMAF,2025-05-12,118140,1,2,0,94.0
10109758LIMAF_2025-05-12_G41,10109758LIMAF,2025-05-12,117787,1,4,0,98.0
10109758LIMAF_2025-05-12_G42,10109758LIMAF,2025-05-12,105705,1,2,0,57.0
10109758LIMAF_2025-05-12_G43,10109758LIMAF,2025-05-12,111172,1,7,0,159.0
10109758LIMAF_2025-05-12_G44,10109758LIMAF,2025-05-12,111348,1,6,0,142.0
10109758LIMAF_2025-05-12_G45,10109758LIMAF,2025-05-12,118317,1,6,0,79.0
10109758LIMAF_2025-05-12_G46,10109758LIMAF,2025-05-12,110743,1,4,0,346.0
10109758LIMAF_2025-05-12_G47,10109758LIMAF,2025-05-12,111443,1,8,0,216.0
10109758LIMAF_2025-05-12_G48,10109758LIMAF,2025-05-12,111469,1,2,0,241.0
10109758LIMAF_2025-05-12_G49,10109758LIMAF,2025-05-12,117785,1,62,0,749.0
10109758LIMAF_2025-05-12_G50,10109758LIMAF,2025-05-12,140922,1,42,0,36.0
10109758LIMAF_2025-05-12_G51,10109758LIMAF,2025-05-12,109645,1,24,0,455.0
10109758LIMAF_2025-05-12_G52,10109758LIMAF,2025-05-12,111468,1,33,0,39.0
10109758LIMAF_2025-05-12_G53,10109758LIMAF,2025-05-12,118140,1,56,0,75.0
10109758LIMAF_2025-05-13_G02,10109758LIMAF,2025-05-13,110515,1,2,0,1193.0
10109758LIMAF_2025-05-13_G03,10109758LIMAF,2025-05-13,110733,1,2,0,351.0
10109758LIMAF_2025-05-13_G04,10109758LIMAF,2025-05-13,110371,1,18,0,221.0
10109758LIMAF_2025-05-13_G05,10109758LIMAF,2025-05-13,111439,1,2,0,917.0
10109758LIMAF_2025-05-13_G06,10109758LIMAF,2025-05-13,117935,1,4,0,111.0
10109758LIMAF_2025-05-13_G07,10109758LIMAF,2025-05-13,117853,1,4,0,61.0
10109758LIMAF_2025-05-13_G08,10109758LIMAF,2025-05-13,111446,1,4,0,126.0
10109758LIMAF_2025-05-13_G09,10109758LIMAF,2025-05-13,118140,1,10,0,102.0
10109758LIMAF_2025-05-13_G10,10109758LIMAF,2025-05-13,117842,1,4,0,305.0
10109758LIMAF_2025-05-13_G11,10109758LIMAF,2025-05-13,111418,1,10,0,86.0
10109758LIMAF_2025-05-13_G12,10109758LIMAF,2025-05-13,117831,2,24,9,190.0
10109758LIMAF_2025-05-13_G13,10109758LIMAF,2025-05-13,110895,1,120,0,1624.0
10109758LIMAF_2025-05-13_G14,10109758LIMAF,2025-05-13,111438,1,177,0,1509.0
10109758LIMAF_2025-05-13_G15,10109758LIMAF,2025-05-13,109641,1,10,0,358.0
10109758LIMAF_2025-05-13_G17,10109758LIMAF,2025-05-13,118222,2,104,22,1100.0
10109758LIMAF_2025-05-13_G18,10109758LIMAF,2025-05-13,118222,1,65,0,112.0
10109758LIMAF_2025-05-13_G19,10109758LIMAF,2025-05-13,118222,1,31,0,231.0
10109758LIMAF_2025-05-13_G21,10109758LIMAF,2025-05-13,111655,1,20,0,745.0
10109758LIMAF_2025-05-13_G22,10109758LIMAF,2025-05-13,108770,2,6,6,250.0
10109758LIMAF_2025-05-13_G23,10109758LIMAF,2025-05-13,110582,1,3,0,761.0
10109758LIMAF_2025-05-13_G24,10109758LIMAF,2025-05-13,110754,2,18,7,59.0
10109758LIMAF_2025-05-14_G02,10109758LIMAF,2025-05-14,111438,1,40,0,782.0
10109758LIMAF_2025-05-14_G03,10109758LIMAF,2025-05-14,111569,1,50,0,649.0
10109758LIMAF_2025-05-14_G04,10109758LIMAF,2025-05-14,111433,1,13,0,996.0
10109758LIMAF_2025-05-14_G05,10109758LIMAF,2025-05-14,117834,1,9,0,230.0
10109758LIMAF_2025-05-14_G06,10109758LIMAF,2025-05-14,110841,2,14,10,1142.0
10109758LIMAF_2025-05-14_G07,10109758LIMAF,2025-05-14,118418,1,4,0,164.0
10109758LIMAF_2025-05-14_G08,10109758LIMAF,2025-05-14,111440,1,4,0,56.0
10109758LIMAF_2025-05-14_G09,10109758LIMAF,2025-05-14,118306,1,4,0,62.0
10109758LIMAF_2025-05-14_G10,10109758LIMAF,2025-05-14,140911,1,1,0,85.0
10109758LIMAF_2025-05-14_G11,10109758LIMAF,2025-05-14,105359,1,1,0,111.0
10109758LIMAF_2025-05-14_G12,10109758LIMAF,2025-05-14,117835,1,4,0,49.0
10109758LIMAF_2025-05-14_G13,10109758LIMAF,2025-05-14,117842,1,20,0,240.0
10109758LIMAF_2025-05-14_G14,10109758LIMAF,2025-05-14,108711,1,52,0,185.0
10109758LIMAF_2025-05-14_G15,10109758LIMAF,2025-05-14,110754,1,18,0,704.0
10109758LIMAF_2025-05-14_G16,10109758LIMAF,2025-05-14,100334,1,10,0,252.0
10109758LIMAF_2025-05-14_G17,10109758LIMAF,2025-05-14,118283,1,14,0,179.0
10109758LIMAF_2025-05-14_G18,10109758LIMAF,2025-05-14,118290,1,12,0,145.0
10109758LIMAF_2025-05-14_G19,10109758LIMAF,2025-05-14,111660,1,12,0,173.0
10109758LIMAF_2025-05-14_G20,10109758LIMAF,2025-05-14,111110,1,4,0,238.0
10109758LIMAF_2025-05-14_G21,10109758LIMAF,2025-05-14,111430,1,20,0,200.0
10109758LIMAF_2025-05-14_G22,10109758LIMAF,2025-05-14,109933,1,1,0,67.0
10109758LIMAF_2025-05-14_G23,10109758LIMAF,2025-05-14,"118417, 111330",2,7,19,246.0
10109758LIMAF_2025-05-14_G24,10109758LIMAF,2025-05-14,111330,1,17,0,100.0
10109758LIMAF_2025-05-14_G25,10109758LIMAF,2025-05-14,108798,1,20,0,332.0
10109758LIMAF_2025-05-14_G26,10109758LIMAF,2025-05-14,117855,1,89,0,1068.0
10109758LIMAF_2025-05-14_G27,10109758LIMAF,2025-05-14,117853,1,40,0,279.0
10109758LIMAF_2025-05-14_G28,10109758LIMAF,2025-05-14,111530,1,102,0,480.0
10109758LIMAF_2025-05-14_G29,10109758LIMAF,2025-05-14,140922,1,72,0,459.0
10109758LIMAF_2025-05-14_G30,10109758LIMAF,2025-05-14,111418,1,91,0,796.0
10109758LIMAF_2025-05-14_G31,10109758LIMAF,2025-05-14,111441,1,17,0,398.0
10109758LIMAF_2025-05-14_G32,10109758LIMAF,2025-05-14,118222,1,84,0,869.0
10109758LIMAF_2025-05-14_G33,10109758LIMAF,2025-05-14,118290,1,32,0,2429.0
10109758LIMAF_2025-05-14_G34,10109758LIMAF,2025-05-14,117834,1,5,0,1775.0
10109758LIMAF_2025-05-14_G35,10109758LIMAF,2025-05-14,110582,1,2,0,192.0
10109758LIMAF_2025-05-14_G36,10109758LIMAF,2025-05-14,110754,1,4,0,58.0
10109758LIMAF_2025-05-14_G37,10109758LIMAF,2025-05-14,111569,1,5,0,141.0
10109758LIMAF_2025-05-14_G38,10109758LIMAF,2025-05-14,117789,1,4,0,150.0
10109758LIMAF_2025-05-14_G39,10109758LIMAF,2025-05-14,108770,1,4,0,115.0
10109758LIMAF_2025-05-14_G40,10109758LIMAF,2025-05-14,110895,1,26,0,141.0
10109758LIMAF_2025-05-14_G41,10109758LIMAF,2025-05-14,108794,1,10,0,364.0
10109758LIMAF_2025-05-14_G42,10109758LIMAF,2025-05-14,118223,1,2,0,137.0
10109758LIMAF_2025-05-14_G43,10109758LIMAF,2025-05-14,117831,1,34,0,124.0
10109758LIMAF_2025-05-14_G44,10109758LIMAF,2025-05-14,111532,1,44,0,671.0
10109758LIMAF_2025-05-14_G46,10109758LIMAF,2025-05-14,110371,1,100,0,760.0
10109758LIMAF_2025-05-14_G47,10109758LIMAF,2025-05-14,111466,1,22,0,493.0
10109758LIMAF_2025-05-14_G48,10109758LIMAF,2025-05-14,111418,1,50,0,339.0
10109758LIMAF_2025-05-15_G02,10109758LIMAF,2025-05-15,110711,1,110,0,936.0
10109758LIMAF_2025-05-15_G03,10109758LIMAF,2025-05-15,117856,1,70,0,106.0
10109758LIMAF_2025-05-15_G04,10109758LIMAF,2025-05-15,111199,1,4,0,374.0
10109758LIMAF_2025-05-15_G06,10109758LIMAF,2025-05-15,111444,1,32,0,1277.0
10109758LIMAF_2025-05-15_G07,10109758LIMAF,2025-05-15,117842,2,21,16,630.0
10109758LIMAF_2025-05-15_G08,10109758LIMAF,2025-05-15,111443,1,6,0,491.0
10109758LIMAF_2025-05-15_G09,10109758LIMAF,2025-05-15,108770,1,16,0,705.0
10109758LIMAF_2025-05-15_G10,10109758LIMAF,2025-05-15,110289,1,1,0,603.0
10109758LIMAF_2025-05-15_G12,10109758LIMAF,2025-05-15,118224,1,10,0,341.0
10109758LIMAF_2025-05-15_G13,10109758LIMAF,2025-05-15,110515,2,9,10,313.0
10109758LIMAF_2025-05-15_G14,10109758LIMAF,2025-05-15,111463,1,6,0,209.0
10109758LIMAF_2025-05-15_G15,10109758LIMAF,2025-05-15,111466,2,18,6,123.0
10109758LIMAF_2025-05-15_G16,10109758LIMAF,2025-05-15,111418,1,14,0,655.0
10109758LIMAF_2025-05-15_G17,10109758LIMAF,2025-05-15,111442,1,4,0,167.0
10109758LIMAF_2025-05-15_G18,10109758LIMAF,2025-05-15,110372,1,3,0,199.0
10109758LIMAF_2025-05-15_G19,10109758LIMAF,2025-05-15,117808,1,4,0,127.0
10109758LIMAF_2025-05-15_G20,10109758LIMAF,2025-05-15,110374,1,2,0,140.0
10109758LIMAF_2025-05-15_G21,10109758LIMAF,2025-05-15,109643,1,4,0,479.0
10109758LIMAF_2025-05-15_G22,10109758LIMAF,2025-05-15,118250,1,4,0,233.0
10109758LIMAF_2025-05-15_G23,10109758LIMAF,2025-05-15,110742,1,4,0,320.0
10109758LIMAF_2025-05-15_G24,10109758LIMAF,2025-05-15,110787,1,2,0,292.0
10109758LIMAF_2025-05-15_G25,10109758LIMAF,2025-05-15,111530,1,4,0,116.0
10109758LIMAF_2025-05-15_G26,10109758LIMAF,2025-05-15,110754,1,2,0,285.0
10109758LIMAF_2025-05-15_G27,10109758LIMAF,2025-05-15,117787,1,2,0,107.0
10109758LIMAF_2025-05-15_G28,10109758LIMAF,2025-05-15,117821,1,4,0,167.0
10109758LIMAF_2025-05-15_G29,10109758LIMAF,2025-05-15,111466,1,4,0,52.0
10109758LIMAF_2025-05-15_G30,10109758LIMAF,2025-05-15,117842,1,4,0,125.0
10109758LIMAF_2025-05-15_G31,10109758LIMAF,2025-05-15,111418,1,2,0,85.0
10109758LIMAF_2025-05-15_G32,10109758LIMAF,2025-05-15,117842,1,2,0,660.0
10109758LIMAF_2025-05-15_G33,10109758LIMAF,2025-05-15,111532,1,20,0,255.0
10109758LIMAF_2025-05-15_G34,10109758LIMAF,2025-05-15,109643,1,2,0,299.0
10109758LIMAF_2025-05-15_G35,10109758LIMAF,2025-05-15,118317,1,1,0,53.0
10109758LIMAF_2025-05-15_G36,10109758LIMAF,2025-05-15,110787,1,8,0,86.0
10109758LIMAF_2025-05-15_G37,10109758LIMAF,2025-05-15,111655,1,4,0,120.0
10109758LIMAF_2025-05-15_G38,10109758LIMAF,2025-05-15,118317,1,1,0,146.0
10109758LIMAF_2025-05-15_G39,10109758LIMAF,2025-05-15,117808,1,19,0,267.0
10109758LIMAF_2025-05-15_G40,10109758LIMAF,2025-05-15,110373,1,6,0,118.0
10109758LIMAF_2025-05-15_G41,10109758LIMAF,2025-05-15,110371,1,18,0,201.0
10109758LIMAF_2025-05-16_G02,10109758LIMAF,2025-05-16,118299,1,20,0,510.0
10109758LIMAF_2025-05-16_G03,10109758LIMAF,2025-05-16,110376,1,4,0,125.0
10109758LIMAF_2025-05-16_G04,10109758LIMAF,2025-05-16,117830,1,8,0,105.0
10109758LIMAF_2025-05-16_G05,10109758LIMAF,2025-05-16,110375,1,4,0,532.0
10109758LIMAF_2025-05-16_G06,10109758LIMAF,2025-05-16,110371,1,30,0,307.0
10109758LIMAF_2025-05-16_G07,10109758LIMAF,2025-05-16,111438,1,6,0,2795.0
10109758LIMAF_2025-05-16_G08,10109758LIMAF,2025-05-16,110515,1,1,0,165.0
10109758LIMAF_2025-05-16_G09,10109758LIMAF,2025-05-16,117935,1,1,0,115.0
10109758LIMAF_2025-05-16_G10,10109758LIMAF,2025-05-16,111467,1,2,0,42.0
10109758LIMAF_2025-05-16_G11,10109758LIMAF,2025-05-16,111463,1,1,0,93.0
10109758LIMAF_2025-05-16_G12,10109758LIMAF,2025-05-16,111418,1,3,0,102.0
10109758LIMAF_2025-05-16_G13,10109758LIMAF,2025-05-16,117830,1,1,0,72.0
10109758LIMAF_2025-05-16_G14,10109758LIMAF,2025-05-16,110371,1,1,0,90.0
10109758LIMAF_2025-05-16_G15,10109758LIMAF,2025-05-16,111532,1,20,0,150.0
10109758LIMAF_2025-05-16_G16,10109758LIMAF,2025-05-16,111441,1,2,0,714.0
10109758LIMAF_2025-05-16_G17,10109758LIMAF,2025-05-16,111438,1,6,0,1582.0
10109758LIMAF_2025-05-16_G18,10109758LIMAF,2025-05-16,111467,1,1,0,236.0
10109758LIMAF_2025-05-16_G19,10109758LIMAF,2025-05-16,111469,1,4,0,90.0
10109758LIMAF_2025-05-16_G20,10109758LIMAF,2025-05-16,111418,1,1,0,142.0
10109758LIMAF_2025-05-16_G21,10109758LIMAF,2025-05-16,110752,1,4,0,135.0
10109758LIMAF_2025-05-16_G22,10109758LIMAF,2025-05-16,111443,1,2,0,135.0
10109758LIMAF_2025-05-16_G23,10109758LIMAF,2025-05-16,110740,1,2,0,100.0
10109758LIMAF_2025-05-16_G24,10109758LIMAF,2025-05-16,117821,1,4,0,62.0
10109758LIMAF_2025-05-16_G25,10109758LIMAF,2025-05-16,111418,1,50,0,856.0
10109758LIMAF_2025-05-16_G26,10109758LIMAF,2025-05-16,117787,1,20,0,1099.0
10109758LIMAF_2025-05-16_G27,10109758LIMAF,2025-05-16,117821,1,16,0,347.0
10109758LIMAF_2025-05-16_G28,10109758LIMAF,2025-05-16,111466,1,20,0,105.0
10109758LIMAF_2025-05-16_G29,10109758LIMAF,2025-05-16,117842,1,8,0,1294.0
10109758LIMAF_2025-05-16_G30,10109758LIMAF,2025-05-16,111199,2,14,7,655.0
10109758LIMAF_2025-05-16_G32,10109758LIMAF,2025-05-16,110753,2,6,6,151.0
10109758LIMAF_2025-05-16_G33,10109758LIMAF,2025-05-16,117861,1,10,0,85.0
10109758LIMAF_2025-05-16_G34,10109758LIMAF,2025-05-16,118299,1,560,0,2164.0
10109758LIMAF_2025-05-16_G35,10109758LIMAF,2025-05-16,117808,1,386,0,645.0
10109758LIMAF_2025-05-17_G02,10109758LIMAF,2025-05-17,111465,1,100,0,236.0
10109758LIMAF_2025-05-17_G03,10109758LIMAF,2025-05-17,109641,1,93,0,806.0
10109758LIMAF_2025-05-17_G04,10109758LIMAF,2025-05-17,110129,1,18,0,1050.0
10109758LIMAF_2025-05-17_G05,10109758LIMAF,2025-05-17,117820,1,18,0,2335.0
10109758LIMAF_2025-05-17_G06,10109758LIMAF,2025-05-17,118299,1,12,0,174.0
10109758LIMAF_2025-05-17_G07,10109758LIMAF,2025-05-17,110371,1,12,0,189.0
10109758LIMAF_2025-05-17_G08,10109758LIMAF,2025-05-17,117809,1,8,0,123.0
10109758LIMAF_2025-05-17_G09,10109758LIMAF,2025-05-17,117808,1,12,0,83.0
10109758LIMAF_2025-05-17_G11,10109758LIMAF,2025-05-17,108770,1,25,0,294.0
10109758LIMAF_2025-05-17_G12,10109758LIMAF,2025-05-17,100334,1,20,0,378.0
10109758LIMAF_2025-05-17_G13,10109758LIMAF,2025-05-17,111850,1,19,0,309.0
10109758LIMAF_2025-05-17_G14,10109758LIMAF,2025-05-17,118306,1,44,0,294.0
10109758LIMAF_2025-05-17_G15,10109758LIMAF,2025-05-17,140911,1,19,0,1120.0
10109758LIMAF_2025-05-17_G16,10109758LIMAF,2025-05-17,118418,1,10,0,906.0
10109758LIMAF_2025-05-17_G17,10109758LIMAF,2025-05-17,111660,1,24,0,555.0
10109758LIMAF_2025-05-17_G18,10109758LIMAF,2025-05-17,111660,1,7,0,249.0
10109758LIMAF_2025-05-17_G19,10109758LIMAF,2025-05-17,109937,1,10,0,523.0
10109758LIMAF_2025-05-17_G20,10109758LIMAF,2025-05-17,"109974, 110317",2,14,7,1100.0
10109758LIMAF_2025-05-17_G21,10109758LIMAF,2025-05-17,109933,1,3,0,499.0
10109758LIMAF_2025-05-17_G22,10109758LIMAF,2025-05-17,111832,1,4,0,98.0
10109758LIMAF_2025-05-17_G23,10109758LIMAF,2025-05-17,111110,1,3,0,94.0
10109758LIMAF_2025-05-17_G24,10109758LIMAF,2025-05-17,110112,1,2,0,124.0
10109758LIMAF_2025-05-17_G25,10109758LIMAF,2025-05-17,110475,1,2,0,184.0
10109758LIMAF_2025-05-17_G26,10109758LIMAF,2025-05-17,107254,1,4,0,154.0
10109758LIMAF_2025-05-17_G27,10109758LIMAF,2025-05-17,111112,1,3,0,115.0
10109758LIMAF_2025-05-17_G28,10109758LIMAF,2025-05-17,111793,1,1,0,211.0
10109758LIMAF_2025-05-17_G30,10109758LIMAF,2025-05-17,111530,1,1,0,294.0
10109758LIMAF_2025-05-17_G31,10109758LIMAF,2025-05-17,110751,1,1,0,260.0
10109758LIMAF_2025-05-17_G32,10109758LIMAF,2025-05-17,110751,1,9,0,129.0
10109758LIMAF_2025-05-19_G02,10109758LIMAF,2025-05-19,141047,1,2,0,78.0
10109758LIMAF_2025-05-19_G03,10109758LIMAF,2025-05-19,110339,1,2,0,68.0
10109758LIMAF_2025-05-19_G04,10109758LIMAF,2025-05-19,118298,1,2,0,748.0
10109758LIMAF_2025-05-19_G05,10109758LIMAF,2025-05-19,110740,1,2,0,148.0
10109758LIMAF_2025-05-19_G06,10109758LIMAF,2025-05-19,117821,1,2,0,215.0
10109758LIMAF_2025-05-19_G07,10109758LIMAF,2025-05-19,111466,1,6,0,114.0
10109758LIMAF_2025-05-19_G08,10109758LIMAF,2025-05-19,111172,1,4,0,234.0
10109758LIMAF_2025-05-19_G09,10109758LIMAF,2025-05-19,111444,1,2,0,2319.0
10109758LIMAF_2025-05-19_G10,10109758LIMAF,2025-05-19,111463,1,4,0,121.0
10109758LIMAF_2025-05-19_G11,10109758LIMAF,2025-05-19,111418,1,15,0,311.0
10109758LIMAF_2025-05-19_G12,10109758LIMAF,2025-05-19,110373,1,5,0,337.0
10109758LIMAF_2025-05-19_G13,10109758LIMAF,2025-05-19,110372,1,10,0,160.0
10109758LIMAF_2025-05-19_G14,10109758LIMAF,2025-05-19,110375,1,2,0,95.0
10109758LIMAF_2025-05-19_G15,10109758LIMAF,2025-05-19,118299,1,8,0,84.0
10109758LIMAF_2025-05-19_G16,10109758LIMAF,2025-05-19,117808,1,15,0,291.0
10109758LIMAF_2025-05-19_G17,10109758LIMAF,2025-05-19,111602,1,8,0,1721.0
10109758LIMAF_2025-05-19_G18,10109758LIMAF,2025-05-19,118298,1,4,0,435.0
10109758LIMAF_2025-05-19_G19,10109758LIMAF,2025-05-19,"110580, 111876",2,3,22,154.0
10109758LIMAF_2025-05-19_G20,10109758LIMAF,2025-05-19,117837,1,4,0,140.0
10109758LIMAF_2025-05-19_G21,10109758LIMAF,2025-05-19,117862,2,7,5,65.0
10109758LIMAF_2025-05-19_G22,10109758LIMAF,2025-05-19,118403,1,3,0,69.0
10109758LIMAF_2025-05-19_G23,10109758LIMAF,2025-05-19,"117855, 117861",3,7,32,48.0
10109758LIMAF_2025-05-19_G24,10109758LIMAF,2025-05-19,111467,2,8,8,66.0
10109758LIMAF_2025-05-19_G25,10109758LIMAF,2025-05-19,117853,2,4,5,121.0
10109758LIMAF_2025-05-19_G26,10109758LIMAF,2025-05-19,111439,1,7,0,83.0
10109758LIMAF_2025-05-19_G27,10109758LIMAF,2025-05-19,110711,1,2,0,273.0
10109758LIMAF_2025-05-19_G28,10109758LIMAF,2025-05-19,111438,1,12,0,1142.0
10109758LIMAF_2025-05-19_G29,10109758LIMAF,2025-05-19,111441,1,32,0,268.0
10109758LIMAF_2025-05-19_G30,10109758LIMAF,2025-05-19,111569,1,46,0,353.0
10109758LIMAF_2025-05-19_G31,10109758LIMAF,2025-05-19,111430,1,20,0,317.0
10109758LIMAF_2025-05-19_G32,10109758LIMAF,2025-05-19,111602,1,87,0,332.0
10109758LIMAF_2025-05-19_G33,10109758LIMAF,2025-05-19,118094,1,40,0,510.0
10109758LIMAF_2025-05-19_G34,10109758LIMAF,2025-05-19,141047,1,20,0,1101.0
10109758LIMAF_2025-05-19_G35,10109758LIMAF,2025-05-19,117855,1,12,0,319.0
10109758LIMAF_2025-05-19_G36,10109758LIMAF,2025-05-19,110711,1,20,0,280.0
10109758LIMAF_2025-05-19_G37,10109758LIMAF,2025-05-19,110515,1,150,0,645.0
10109758LIMAF_2025-05-19_G38,10109758LIMAF,2025-05-19,111530,1,150,0,2187.0
10109758LIMAF_2025-05-19_G39,10109758LIMAF,2025-05-19,118140,1,70,0,346.0
10109758LIMAF_2025-05-19_G40,10109758LIMAF,2025-05-19,111418,1,269,0,876.0
10109758LIMAF_2025-05-19_G41,10109758LIMAF,2025-05-19,111462,1,50,0,56.0
10109758LIMAF_2025-05-19_G42,10109758LIMAF,2025-05-19,140922,1,50,0,365.0
10109758LIMAF_2025-05-19_G44,10109758LIMAF,2025-05-19,110372,1,14,0,145.0
10109758LIMAF_2025-05-19_G45,10109758LIMAF,2025-05-19,111602,1,4,0,504.0
10109758LIMAF_2025-05-19_G46,10109758LIMAF,2025-05-19,111602,1,1,0,140.0
10109758LIMAF_2025-05-19_G47,10109758LIMAF,2025-05-19,110374,1,4,0,220.0
10109758LIMAF_2025-05-19_G48,10109758LIMAF,2025-05-19,108711,1,4,0,144.0
10109758LIMAF_2025-05-19_G49,10109758LIMAF,2025-05-19,110787,1,1,0,247.0
10109758LIMAF_2025-05-19_G50,10109758LIMAF,2025-05-19,110751,1,3,0,156.0
10109758LIMAF_2025-05-20_G02,10109758LIMAF,2025-05-20,111418,1,50,0,606.0
10109758LIMAF_2025-05-20_G03,10109758LIMAF,2025-05-20,117831,2,70,17,534.0
10109758LIMAF_2025-05-20_G04,10109758LIMAF,2025-05-20,111444,1,4,0,153.0
10109758LIMAF_2025-05-20_G05,10109758LIMAF,2025-05-20,111465,1,12,0,164.0
10109758LIMAF_2025-05-20_G06,10109758LIMAF,2025-05-20,111532,1,100,0,2181.0
10109758LIMAF_2025-05-20_G07,10109758LIMAF,2025-05-20,118222,1,20,0,793.0
10109758LIMAF_2025-05-20_G08,10109758LIMAF,2025-05-20,110895,1,12,0,154.0
10109758LIMAF_2025-05-20_G09,10109758LIMAF,2025-05-20,120287,1,24,0,2887.0
10109758LIMAF_2025-05-20_G10,10109758LIMAF,2025-05-20,122962,1,56,0,1702.0
10109758LIMAF_2025-05-20_G11,10109758LIMAF,2025-05-20,122962,1,10,0,1565.0
10109758LIMAF_2025-05-20_G12,10109758LIMAF,2025-05-20,122647,1,10,0,455.0
10109758LIMAF_2025-05-20_G13,10109758LIMAF,2025-05-20,123909,1,40,0,1736.0
10109758LIMAF_2025-05-20_G14,10109758LIMAF,2025-05-20,124247,1,4,0,343.0
10109758LIMAF_2025-05-20_G15,10109758LIMAF,2025-05-20,122983,1,6,0,263.0
10109758LIMAF_2025-05-20_G16,10109758LIMAF,2025-05-20,122962,1,22,0,1067.0
10109758LIMAF_2025-05-20_G17,10109758LIMAF,2025-05-20,124486,1,30,0,1248.0
10109758LIMAF_2025-05-20_G18,10109758LIMAF,2025-05-20,180024,1,2,0,776.0
10109758LIMAF_2025-05-20_G19,10109758LIMAF,2025-05-20,123344,1,6,0,690.0
10109758LIMAF_2025-05-20_G21,10109758LIMAF,2025-05-20,122983,1,29,0,83.0
10109758LIMAF_2025-05-20_G22,10109758LIMAF,2025-05-20,122962,1,40,0,603.0
10109758LIMAF_2025-05-20_G23,10109758LIMAF,2025-05-20,124548,1,30,0,586.0
10109758LIMAF_2025-05-21_G02,10109758LIMAF,2025-05-21,110371,1,6,0,2223.0
10109758LIMAF_2025-05-21_G03,10109758LIMAF,2025-05-21,110372,1,10,0,165.0
10109758LIMAF_2025-05-21_G04,10109758LIMAF,2025-05-21,117830,1,5,0,178.0
10109758LIMAF_2025-05-21_G05,10109758LIMAF,2025-05-21,118299,1,10,0,134.0
10109758LIMAF_2025-05-21_G06,10109758LIMAF,2025-05-21,160053,1,18,0,475.0
10109758LIMAF_2025-05-21_G07,10109758LIMAF,2025-05-21,140911,1,22,0,322.0
10109758LIMAF_2025-05-21_G08,10109758LIMAF,2025-05-21,110895,1,6,0,2379.0
10109758LIMAF_2025-05-21_G09,10109758LIMAF,2025-05-21,109647,1,2,0,156.0
10109758LIMAF_2025-05-21_G10,10109758LIMAF,2025-05-21,107629,1,1,0,167.0
10109758LIMAF_2025-05-21_G11,10109758LIMAF,2025-05-21,110339,1,4,0,51.0
10109758LIMAF_2025-05-21_G12,10109758LIMAF,2025-05-21,110711,1,9,0,708.0
10109758LIMAF_2025-05-21_G13,10109758LIMAF,2025-05-21,111462,1,4,0,1418.0
10109758LIMAF_2025-05-21_G14,10109758LIMAF,2025-05-21,111463,1,8,0,132.0
10109758LIMAF_2025-05-21_G15,10109758LIMAF,2025-05-21,108711,1,7,0,2172.0
10109758LIMAF_2025-05-21_G16,10109758LIMAF,2025-05-21,140922,1,8,0,92.0
10109758LIMAF_2025-05-21_G17,10109758LIMAF,2025-05-21,111468,1,1,0,88.0
10109758LIMAF_2025-05-21_G18,10109758LIMAF,2025-05-21,108794,1,4,0,121.0
10109758LIMAF_2025-05-22_G02,10109758LIMAF,2025-05-22,100334,1,18,0,308.0
10109758LIMAF_2025-05-22_G03,10109758LIMAF,2025-05-22,118222,1,20,0,529.0
10109758LIMAF_2025-05-22_G04,10109758LIMAF,2025-05-22,111438,1,20,0,278.0
10109758LIMAF_2025-05-22_G05,10109758LIMAF,2025-05-22,111569,1,30,0,1826.0
10109758LIMAF_2025-05-22_G06,10109758LIMAF,2025-05-22,117855,1,8,0,1830.0
10109758LIMAF_2025-05-22_G07,10109758LIMAF,2025-05-22,117853,1,12,0,143.0
10109758LIMAF_2025-05-22_G08,10109758LIMAF,2025-05-22,141047,1,12,0,173.0
10109758LIMAF_2025-05-22_G09,10109758LIMAF,2025-05-22,110711,1,7,0,93.0
10109758LIMAF_2025-05-22_G10,10109758LIMAF,2025-05-22,117838,1,20,0,204.0
10109758LIMAF_2025-05-22_G11,10109758LIMAF,2025-05-22,111602,1,34,0,409.0
10109758LIMAF_2025-05-22_G12,10109758LIMAF,2025-05-22,111465,1,30,0,276.0
10109758LIMAF_2025-05-23_G02,10109758LIMAF,2025-05-23,110332,1,15,0,1086.0
10109758LIMAF_2025-05-23_G03,10109758LIMAF,2025-05-23,108736,1,20,0,143.0
10109758LIMAF_2025-05-23_G04,10109758LIMAF,2025-05-23,111330,1,20,0,904.0
10109758LIMAF_2025-05-23_G05,10109758LIMAF,2025-05-23,111433,1,9,0,297.0
10109758LIMAF_2025-05-23_G06,10109758LIMAF,2025-05-23,118299,1,380,0,2431.0
10109758LIMAF_2025-05-23_G07,10109758LIMAF,2025-05-23,107830,1,30,0,394.0
10109758LIMAF_2025-05-23_G08,10109758LIMAF,2025-05-23,117832,1,40,0,624.0
10109758LIMAF_2025-05-23_G09,10109758LIMAF,2025-05-23,118222,1,80,0,905.0
10109758LIMAF_2025-05-23_G10,10109758LIMAF,2025-05-23,118140,1,100,0,468.0
10109758LIMAF_2025-05-23_G11,10109758LIMAF,2025-05-23,118417,1,4,0,1816.0
10109758LIMAF_2025-05-23_G12,10109758LIMAF,2025-05-23,118418,1,11,0,249.0
10109758LIMAF_2025-05-23_G13,10109758LIMAF,2025-05-23,103149,1,3,0,104.0
10109758LIMAF_2025-05-23_G14,10109758LIMAF,2025-05-23,111705,1,10,0,75.0
10109758LIMAF_2025-05-23_G15,10109758LIMAF,2025-05-23,"110339, 118298",2,40,10,517.0
10109758LIMAF_2025-05-23_G16,10109758LIMAF,2025-05-23,117837,1,30,0,102.0
10109758LIMAF_2025-05-23_G17,10109758LIMAF,2025-05-23,111879,1,6,0,358.0
10109758LIMAF_2025-05-23_G18,10109758LIMAF,2025-05-23,105470,1,1,0,109.0
10109758LIMAF_2025-05-23_G19,10109758LIMAF,2025-05-23,"117787, 117841",2,34,18,795.0
10109758LIMAF_2025-05-23_G20,10109758LIMAF,2025-05-23,110752,1,4,0,2578.0
10109758LIMAF_2025-05-23_G21,10109758LIMAF,2025-05-23,118004,1,4,0,145.0
10109758LIMAF_2025-05-23_G22,10109758LIMAF,2025-05-23,109643,1,8,0,122.0
10109758LIMAF_2025-05-23_G23,10109758LIMAF,2025-05-23,109641,1,2,0,104.0
10109758LIMAF_2025-05-23_G25,10109758LIMAF,2025-05-23,110376,1,8,0,159.0
10109758LIMAF_2025-05-23_G26,10109758LIMAF,2025-05-23,110515,1,8,0,180.0
10109758LIMAF_2025-05-23_G27,10109758LIMAF,2025-05-23,111850,1,4,0,149.0
10109758LIMAF_2025-05-23_G28,10109758LIMAF,2025-05-23,110841,1,40,0,416.0
10109758LIMAF_2025-05-23_G29,10109758LIMAF,2025-05-23,111532,1,12,0,563.0
10109758LIMAF_2025-05-23_G30,10109758LIMAF,2025-05-23,141202,1,3,0,149.0
10109758LIMAF_2025-05-23_G31,10109758LIMAF,2025-05-23,122185,1,16,0,1793.0
10109758LIMAF_2025-05-23_G32,10109758LIMAF,2025-05-23,122988,1,20,0,558.0
10109758LIMAF_2025-05-23_G33,10109758LIMAF,2025-05-23,122984,1,20,0,211.0
10109758LIMAF_2025-05-23_G34,10109758LIMAF,2025-05-23,"122981, 122982",2,17,14,143.0
10109758LIMAF_2025-05-23_G35,10109758LIMAF,2025-05-23,120028,1,5,0,462.0
10109758LIMAF_2025-05-23_G36,10109758LIMAF,2025-05-23,180001,1,8,0,192.0
10109758LIMAF_2025-05-23_G37,10109758LIMAF,2025-05-23,181057,1,2,0,725.0
10109758LIMAF_2025-05-23_G38,10109758LIMAF,2025-05-23,120272,1,10,0,514.0
10109758LIMAF_2025-05-24_G02,10109758LIMAF,2025-05-24,110747,1,6,0,152.0
10109758LIMAF_2025-05-24_G03,10109758LIMAF,2025-05-24,111430,1,3,0,159.0
10109758LIMAF_2025-05-24_G04,10109758LIMAF,2025-05-24,118290,1,7,0,228.0
10109758LIMAF_2025-05-24_G05,10109758LIMAF,2025-05-24,111441,1,2,0,484.0
10109758LIMAF_2025-05-24_G06,10109758LIMAF,2025-05-24,111438,1,2,0,88.0
10109758LIMAF_2025-05-24_G07,10109758LIMAF,2025-05-24,116527,1,2,0,119.0
10109758LIMAF_2025-05-24_G08,10109758LIMAF,2025-05-24,108770,1,5,0,205.0
10109758LIMAF_2025-05-24_G09,10109758LIMAF,2025-05-24,108772,1,6,0,288.0
10109758LIMAF_2025-05-24_G10,10109758LIMAF,2025-05-24,111876,2,4,8,275.0
10109758LIMAF_2025-05-24_G11,10109758LIMAF,2025-05-24,117862,2,14,10,221.0
10109758LIMAF_2025-05-24_G12,10109758LIMAF,2025-05-24,117856,1,3,0,565.0
10109758LIMAF_2025-05-24_G13,10109758LIMAF,2025-05-24,110515,1,6,0,1011.0
10109758LIMAF_2025-05-24_G14,10109758LIMAF,2025-05-24,110711,1,3,0,562.0
10109758LIMAF_2025-05-24_G15,10109758LIMAF,2025-05-24,111530,1,6,0,35.0
10109758LIMAF_2025-05-24_G16,10109758LIMAF,2025-05-24,117808,1,502,0,2746.0
10109758LIMAF_2025-05-24_G17,10109758LIMAF,2025-05-24,118299,1,100,0,150.0
10109758LIMAF_2025-05-24_G18,10109758LIMAF,2025-05-24,110372,1,120,0,174.0
10109758LIMAF_2025-05-24_G19,10109758LIMAF,2025-05-24,118299,1,400,0,1086.0
10109758LIMAF_2025-05-24_G20,10109758LIMAF,2025-05-24,111438,1,10,0,725.0
10109758LIMAF_2025-05-24_G21,10109758LIMAF,2025-05-24,110531,1,1,0,503.0
10109758LIMAF_2025-05-24_G22,10109758LIMAF,2025-05-24,118094,1,12,0,219.0
10109758LIMAF_2025-05-24_G23,10109758LIMAF,2025-05-24,107629,1,6,0,170.0
10109758LIMAF_2025-05-24_G24,10109758LIMAF,2025-05-24,117862,1,24,0,203.0
10109758LIMAF_2025-05-24_G25,10109758LIMAF,2025-05-24,117861,1,12,0,228.0
10109758LIMAF_2025-05-24_G26,10109758LIMAF,2025-05-24,117786,1,10,0,328.0
10109758LIMAF_2025-05-24_G27,10109758LIMAF,2025-05-24,110751,1,5,0,236.0
10109758LIMAF_2025-05-24_G28,10109758LIMAF,2025-05-24,117785,1,160,0,236.0
10109758LIMAF_2025-05-24_G29,10109758LIMAF,2025-05-24,111444,1,9,0,938.0
10109758LIMAF_2025-05-24_G30,10109758LIMAF,2025-05-24,118317,1,5,0,73.0
10109758LIMAF_2025-05-24_G31,10109758LIMAF,2025-05-24,117785,1,60,0,94.0
10109758LIMAF_2025-05-24_G32,10109758LIMAF,2025-05-24,117832,1,30,0,103.0
10109758LIMAF_2025-05-24_G33,10109758LIMAF,2025-05-24,117809,1,40,0,184.0
10109758LIMAF_2025-05-24_G34,10109758LIMAF,2025-05-24,117832,1,50,0,540.0
10109758LIMAF_2025-05-24_G36,10109758LIMAF,2025-05-24,117820,1,50,0,862.0
10109758LIMAF_2025-05-24_G37,10109758LIMAF,2025-05-24,"110376, 109643",3,46,24,267.0
10109758LIMAF_2025-05-24_G38,10109758LIMAF,2025-05-24,110325,1,30,0,152.0
10109758LIMAF_2025-05-24_G39,10109758LIMAF,2025-05-24,110754,2,60,27,1711.0
10109758LIMAF_2025-05-24_G40,10109758LIMAF,2025-05-24,111660,1,21,0,267.0
10109758LIMAF_2025-05-24_G41,10109758LIMAF,2025-05-24,110755,1,5,0,619.0
10109758LIMAF_2025-05-24_G42,10109758LIMAF,2025-05-24,110895,1,12,0,145.0
10109758LIMAF_2025-05-24_G43,10109758LIMAF,2025-05-24,118403,2,16,6,871.0
10109758LIMAF_2025-05-24_G44,10109758LIMAF,2025-05-24,117821,1,9,0,336.0
10109758LIMAF_2025-05-24_G45,10109758LIMAF,2025-05-24,111348,2,51,15,223.0
10109758LIMAF_2025-05-24_G46,10109758LIMAF,2025-05-24,117821,1,76,0,245.0
10109758LIMAF_2025-05-26_G02,10109758LIMAF,2025-05-26,118222,1,6,0,364.0
10109758LIMAF_2025-05-26_G03,10109758LIMAF,2025-05-26,111569,1,4,0,1829.0
10109758LIMAF_2025-05-26_G04,10109758LIMAF,2025-05-26,109937,1,4,0,2810.0
10109758LIMAF_2025-05-26_G06,10109758LIMAF,2025-05-26,111569,1,4,0,936.0
10109758LIMAF_2025-05-26_G07,10109758LIMAF,2025-05-26,111743,1,1,0,616.0
10109758LIMAF_2025-05-26_G08,10109758LIMAF,2025-05-26,117785,1,2,0,95.0
10109758LIMAF_2025-05-26_G09,10109758LIMAF,2025-05-26,111463,1,2,0,77.0
10109758LIMAF_2025-05-26_G10,10109758LIMAF,2025-05-26,105705,1,4,0,81.0
10109758LIMAF_2025-05-26_G11,10109758LIMAF,2025-05-26,140922,1,2,0,123.0
10109758LIMAF_2025-05-26_G12,10109758LIMAF,2025-05-26,111444,1,4,0,154.0
10109758LIMAF_2025-05-26_G13,10109758LIMAF,2025-05-26,111465,1,3,0,728.0
10109758LIMAF_2025-05-26_G14,10109758LIMAF,2025-05-26,107830,1,4,0,226.0
10109758LIMAF_2025-05-26_G15,10109758LIMAF,2025-05-26,110325,1,4,0,346.0
10109758LIMAF_2025-05-26_G16,10109758LIMAF,2025-05-26,110374,1,4,0,72.0
10109758LIMAF_2025-05-26_G17,10109758LIMAF,2025-05-26,117808,1,4,0,126.0
10109758LIMAF_2025-05-26_G18,10109758LIMAF,2025-05-26,110373,1,4,0,212.0
10109758LIMAF_2025-05-26_G19,10109758LIMAF,2025-05-26,"110372, 117832",2,6,5,121.0
10109758LIMAF_2025-05-26_G20,10109758LIMAF,2025-05-26,117830,1,4,0,260.0
10109758LIMAF_2025-05-26_G21,10109758LIMAF,2025-05-26,118253,1,4,0,1765.0
10109758LIMAF_2025-05-26_G22,10109758LIMAF,2025-05-26,110753,1,1,0,166.0
10109758LIMAF_2025-05-26_G23,10109758LIMAF,2025-05-26,117785,1,20,0,230.0
10109758LIMAF_2025-05-26_G24,10109758LIMAF,2025-05-26,105705,1,5,0,938.0
10109758LIMAF_2025-05-26_G25,10109758LIMAF,2025-05-26,140922,1,8,0,83.0
10109758LIMAF_2025-05-26_G27,10109758LIMAF,2025-05-26,117855,1,5,0,188.0
10109758LIMAF_2025-05-26_G28,10109758LIMAF,2025-05-26,110740,1,7,0,86.0
10109758LIMAF_2025-05-26_G29,10109758LIMAF,2025-05-26,117821,1,2,0,107.0
10109758LIMAF_2025-05-26_G30,10109758LIMAF,2025-05-26,111418,1,5,0,1236.0
10109758LIMAF_2025-05-27_G02,10109758LIMAF,2025-05-27,111602,1,20,0,340.0
10109758LIMAF_2025-05-27_G03,10109758LIMAF,2025-05-27,111743,1,8,0,863.0
10109758LIMAF_2025-05-27_G04,10109758LIMAF,2025-05-27,108711,1,4,0,159.0
10109758LIMAF_2025-05-27_G05,10109758LIMAF,2025-05-27,140922,1,4,0,81.0
10109758LIMAF_2025-05-27_G06,10109758LIMAF,2025-05-27,118140,1,20,0,147.0
10109758LIMAF_2025-05-27_G07,10109758LIMAF,2025-05-27,110787,1,12,0,196.0
10109758LIMAF_2025-05-27_G08,10109758LIMAF,2025-05-27,110373,1,6,0,338.0
10109758LIMAF_2025-05-27_G10,10109758LIMAF,2025-05-27,118140,1,12,0,118.0
10109758LIMAF_2025-05-27_G11,10109758LIMAF,2025-05-27,110787,1,4,0,131.0
10109758LIMAF_2025-05-27_G12,10109758LIMAF,2025-05-27,108795,1,6,0,163.0
10109758LIMAF_2025-05-27_G13,10109758LIMAF,2025-05-27,140922,1,4,0,86.0
10109758LIMAF_2025-05-27_G14,10109758LIMAF,2025-05-27,111602,1,20,0,787.0
10109758LIMAF_2025-05-27_G15,10109758LIMAF,2025-05-27,117820,1,4,0,486.0
10109758LIMAF_2025-05-27_G16,10109758LIMAF,2025-05-27,117832,1,4,0,138.0
10109758LIMAF_2025-05-27_G17,10109758LIMAF,2025-05-27,118140,1,6,0,237.0
10109758LIMAF_2025-05-27_G18,10109758LIMAF,2025-05-27,117831,1,4,0,107.0
10109758LIMAF_2025-05-27_G19,10109758LIMAF,2025-05-27,108795,1,4,0,117.0
10109758LIMAF_2025-05-27_G20,10109758LIMAF,2025-05-27,140922,1,3,0,101.0
10109758LIMAF_2025-05-27_G21,10109758LIMAF,2025-05-27,117831,1,4,0,123.0
10109758LIMAF_2025-05-27_G22,10109758LIMAF,2025-05-27,110787,1,12,0,106.0
10109758LIMAF_2025-05-28_G02,10109758LIMAF,2025-05-28,109641,1,2,0,1358.0
10109758LIMAF_2025-05-28_G03,10109758LIMAF,2025-05-28,108711,2,8,5,74.0
10109758LIMAF_2025-05-28_G04,10109758LIMAF,2025-05-28,117831,2,7,5,148.0
10109758LIMAF_2025-05-28_G05,10109758LIMAF,2025-05-28,108798,1,2,0,167.0
10109758LIMAF_2025-05-28_G06,10109758LIMAF,2025-05-28,111532,1,4,0,46.0
10109758LIMAF_2025-05-28_G07,10109758LIMAF,2025-05-28,118004,1,2,0,2580.0
10109758LIMAF_2025-05-28_G08,10109758LIMAF,2025-05-28,109645,1,4,0,77.0
10109758LIMAF_2025-05-28_G09,10109758LIMAF,2025-05-28,118140,1,2,0,87.0
10109758LIMAF_2025-05-28_G10,10109758LIMAF,2025-05-28,111418,1,4,0,31.0
10109758LIMAF_2025-05-28_G11,10109758LIMAF,2025-05-28,111418,1,6,0,35.0
10109758LIMAF_2025-05-28_G12,10109758LIMAF,2025-05-28,110787,1,6,0,110.0
10109758LIMAF_2025-05-28_G13,10109758LIMAF,2025-05-28,107236,1,4,0,109.0
10109758LIMAF_2025-05-28_G14,10109758LIMAF,2025-05-28,111465,1,4,0,60.0
10109758LIMAF_2025-05-28_G15,10109758LIMAF,2025-05-28,117785,1,6,0,112.0
10109758LIMAF_2025-05-28_G16,10109758LIMAF,2025-05-28,111463,1,6,0,50.0
10109758LIMAF_2025-05-28_G17,10109758LIMAF,2025-05-28,111759,1,2,0,2594.0
10109758LIMAF_2025-05-28_G18,10109758LIMAF,2025-05-28,111759,1,3,0,39.0
10109758LIMAF_2025-05-28_G19,10109758LIMAF,2025-05-28,111634,2,5,7,1985.0
10109758LIMAF_2025-05-28_G20,10109758LIMAF,2025-05-28,111443,1,4,0,2715.0
10109758LIMAF_2025-05-28_G21,10109758LIMAF,2025-05-28,117935,1,3,0,1458.0
10109758LIMAF_2025-05-28_G22,10109758LIMAF,2025-05-28,109640,1,4,0,140.0
10109758LIMAF_2025-05-28_G23,10109758LIMAF,2025-05-28,110787,1,1,0,189.0
10109758LIMAF_2025-05-28_G25,10109758LIMAF,2025-05-28,110895,1,4,0,125.0
10109758LIMAF_2025-05-28_G26,10109758LIMAF,2025-05-28,111466,1,2,0,315.0
10109758LIMAF_2025-05-28_G27,10109758LIMAF,2025-05-28,111462,1,3,0,149.0
10109758LIMAF_2025-05-28_G28,10109758LIMAF,2025-05-28,111463,1,9,0,54.0
10109758LIMAF_2025-05-28_G29,10109758LIMAF,2025-05-28,111431,1,2,0,127.0
10109758LIMAF_2025-05-28_G30,10109758LIMAF,2025-05-28,110787,1,4,0,125.0
10109758LIMAF_2025-05-28_G31,10109758LIMAF,2025-05-28,111602,1,3,0,151.0
10109758LIMAF_2025-05-28_G32,10109758LIMAF,2025-05-28,110374,1,2,0,106.0
10109758LIMAF_2025-05-28_G33,10109758LIMAF,2025-05-28,110371,1,3,0,64.0
10109758LIMAF_2025-05-28_G34,10109758LIMAF,2025-05-28,110372,1,17,0,469.0
10109758LIMAF_2025-05-28_G35,10109758LIMAF,2025-05-28,117935,1,12,0,1047.0
10109758LIMAF_2025-05-28_G36,10109758LIMAF,2025-05-28,110787,1,12,0,283.0
10109758LIMAF_2025-05-28_G37,10109758LIMAF,2025-05-28,111435,1,2,0,212.0
10109758LIMAF_2025-05-28_G38,10109758LIMAF,2025-05-28,111660,1,4,0,964.0
10109758LIMAF_2025-05-28_G39,10109758LIMAF,2025-05-28,111418,1,5,0,215.0
10109758LIMAF_2025-05-28_G40,10109758LIMAF,2025-05-28,109640,1,5,0,264.0
10109758LIMAF_2025-05-28_G41,10109758LIMAF,2025-05-28,111431,2,24,13,120.0
10109758LIMAF_2025-05-29_G02,10109758LIMAF,2025-05-29,111330,1,12,0,182.0
10109758LIMAF_2025-05-29_G03,10109758LIMAF,2025-05-29,110787,1,50,0,650.0
10109758LIMAF_2025-05-29_G06,10109758LIMAF,2025-05-29,140922,1,8,0,444.0
10109758LIMAF_2025-05-29_G07,10109758LIMAF,2025-05-29,117786,2,6,5,221.0
10109758LIMAF_2025-05-29_G08,10109758LIMAF,2025-05-29,111602,1,7,0,214.0
10109758LIMAF_2025-05-29_G09,10109758LIMAF,2025-05-29,111530,1,2,0,286.0
10109758LIMAF_2025-05-29_G10,10109758LIMAF,2025-05-29,110515,1,2,0,125.0
10109758LIMAF_2025-05-29_G11,10109758LIMAF,2025-05-29,110711,1,5,0,783.0
10109758LIMAF_2025-05-29_G12,10109758LIMAF,2025-05-29,117785,1,32,0,1021.0
10109758LIMAF_2025-05-29_G13,10109758LIMAF,2025-05-29,111532,1,10,0,348.0
10109758LIMAF_2025-05-29_G14,10109758LIMAF,2025-05-29,118140,1,7,0,211.0
10109758LIMAF_2025-05-29_G15,10109758LIMAF,2025-05-29,111418,1,26,0,72.0
10109758LIMAF_2025-05-29_G16,10109758LIMAF,2025-05-29,109643,1,2,0,740.0
10109758LIMAF_2025-05-29_G17,10109758LIMAF,2025-05-29,116241,1,5,0,130.0
10109758LIMAF_2025-05-29_G18,10109758LIMAF,2025-05-29,110787,1,2,0,309.0
10109758LIMAF_2025-05-29_G19,10109758LIMAF,2025-05-29,110711,1,8,0,194.0
10109758LIMAF_2025-05-29_G20,10109758LIMAF,2025-05-29,111602,1,24,0,276.0
10109758LIMAF_2025-05-29_G21,10109758LIMAF,2025-05-29,140922,1,8,0,1295.0
10109758LIMAF_2025-05-29_G22,10109758LIMAF,2025-05-29,118004,1,4,0,370.0
10109758LIMAF_2025-05-29_G23,10109758LIMAF,2025-05-29,118140,1,8,0,89.0
10109758LIMAF_2025-05-29_G24,10109758LIMAF,2025-05-29,117786,2,8,7,183.0
10109758LIMAF_2025-05-29_G25,10109758LIMAF,2025-05-29,111602,1,5,0,361.0
10109758LIMAF_2025-05-29_G26,10109758LIMAF,2025-05-29,111530,1,14,0,129.0
10109758LIMAF_2025-05-29_G27,10109758LIMAF,2025-05-29,110515,1,6,0,424.0
10109758LIMAF_2025-05-29_G28,10109758LIMAF,2025-05-29,109643,1,6,0,299.0
10109758LIMAF_2025-05-29_G29,10109758LIMAF,2025-05-29,118004,1,6,0,1469.0
10109758LIMAF_2025-05-29_G30,10109758LIMAF,2025-05-29,110741,1,4,0,113.0
10109758LIMAF_2025-05-29_G31,10109758LIMAF,2025-05-29,110373,1,4,0,130.0
10109758LIMAF_2025-05-29_G32,10109758LIMAF,2025-05-29,118140,1,4,0,170.0
10109758LIMAF_2025-05-29_G33,10109758LIMAF,2025-05-29,111120,1,2,0,207.0
10109758LIMAF_2025-05-29_G34,10109758LIMAF,2025-05-29,110741,1,6,0,101.0
10109758LIMAF_2025-05-29_G35,10109758LIMAF,2025-05-29,105470,1,1,0,703.0
10109758LIMAF_2025-05-29_G36,10109758LIMAF,2025-05-29,111530,1,8,0,216.0
10109758LIMAF_2025-05-29_G37,10109758LIMAF,2025-05-29,111602,1,8,0,236.0
10109758LIMAF_2025-05-29_G38,10109758LIMAF,2025-05-29,118004,1,4,0,113.0
10109758LIMAF_2025-05-29_G40,10109758LIMAF,2025-05-29,111418,1,100,0,441.0
10109758LIMAF_2025-05-29_G41,10109758LIMAF,2025-05-29,117855,1,20,0,425.0
10109758LIMAF_2025-05-30_G02,10109758LIMAF,2025-05-30,110787,1,12,0,135.0
10109758LIMAF_2025-05-30_G03,10109758LIMAF,2025-05-30,111602,1,40,0,1638.0
10109758LIMAF_2025-05-30_G04,10109758LIMAF,2025-05-30,111466,1,4,0,2486.0
10109758LIMAF_2025-05-30_G05,10109758LIMAF,2025-05-30,117831,1,4,0,149.0
10109758LIMAF_2025-05-30_G06,10109758LIMAF,2025-05-30,111465,1,8,0,79.0
10109758LIMAF_2025-05-30_G07,10109758LIMAF,2025-05-30,118299,1,4,0,222.0
10109758LIMAF_2025-05-30_G08,10109758LIMAF,2025-05-30,111466,1,2,0,285.0
10109758LIMAF_2025-05-30_G09,10109758LIMAF,2025-05-30,110747,1,6,0,145.0
10109758LIMAF_2025-05-30_G10,10109758LIMAF,2025-05-30,110895,1,4,0,1134.0
10109758LIMAF_2025-05-30_G11,10109758LIMAF,2025-05-30,111655,1,4,0,287.0
10109758LIMAF_2025-05-30_G13,10109758LIMAF,2025-05-30,111650,1,6,0,246.0
10109758LIMAF_2025-05-30_G14,10109758LIMAF,2025-05-30,117853,1,10,0,237.0
10109758LIMAF_2025-05-30_G15,10109758LIMAF,2025-05-30,110711,1,38,0,1556.0
10109758LIMAF_2025-05-30_G16,10109758LIMAF,2025-05-30,105242,1,8,0,835.0
10109758LIMAF_2025-05-30_G17,10109758LIMAF,2025-05-30,110741,1,32,0,336.0
10109758LIMAF_2025-05-30_G18,10109758LIMAF,2025-05-30,109640,1,20,0,1198.0
10109758LIMAF_2025-05-30_G19,10109758LIMAF,2025-05-30,109647,1,4,0,439.0
10109758LIMAF_2025-05-30_G20,10109758LIMAF,2025-05-30,117855,1,4,0,129.0
10109758LIMAF_2025-05-30_G22,10109758LIMAF,2025-05-30,111463,1,10,0,778.0
10109758LIMAF_2025-05-30_G23,10109758LIMAF,2025-05-30,111418,1,10,0,336.0
10109758LIMAF_2025-05-30_G24,10109758LIMAF,2025-05-30,111466,1,10,0,288.0
10109758LIMAF_2025-05-31_G02,10109758LIMAF,2025-05-31,117862,1,5,0,610.0
10109758LIMAF_2025-05-31_G03,10109758LIMAF,2025-05-31,117786,1,4,0,116.0
10109758LIMAF_2025-05-31_G04,10109758LIMAF,2025-05-31,105242,1,2,0,637.0
10109758LIMAF_2025-05-31_G05,10109758LIMAF,2025-05-31,111602,1,14,0,53.0
10109758LIMAF_2025-05-31_G06,10109758LIMAF,2025-05-31,111530,1,15,0,362.0
10109758LIMAF_2025-05-31_G07,10109758LIMAF,2025-05-31,110515,1,5,0,250.0
10109758LIMAF_2025-05-31_G08,10109758LIMAF,2025-05-31,111743,1,10,0,632.0
10109758LIMAF_2025-05-31_G09,10109758LIMAF,2025-05-31,108711,1,14,0,2309.0
10109758LIMAF_2025-05-31_G10,10109758LIMAF,2025-05-31,111532,1,22,0,146.0
10109758LIMAF_2025-05-31_G11,10109758LIMAF,2025-05-31,118140,1,8,0,794.0
10109758LIMAF_2025-05-31_G12,10109758LIMAF,2025-05-31,117821,1,10,0,163.0
10109758LIMAF_2025-05-31_G13,10109758LIMAF,2025-05-31,110740,1,16,0,403.0
10109758LIMAF_2025-05-31_G14,10109758LIMAF,2025-05-31,110787,1,4,0,802.0
10109758LIMAF_2025-05-31_G15,10109758LIMAF,2025-05-31,118004,1,4,0,564.0
10109758LIMAF_2025-05-31_G16,10109758LIMAF,2025-05-31,111418,1,28,0,135.0
10109758LIMAF_2025-05-31_G17,10109758LIMAF,2025-05-31,108772,1,4,0,2764.0
10109758LIMAF_2025-05-31_G18,10109758LIMAF,2025-05-31,110741,3,30,13,227.0
10109758LIMAF_2025-05-31_G19,10109758LIMAF,2025-05-31,110339,1,10,0,1020.0
10109758LIMAF_2025-05-31_G20,10109758LIMAF,2025-05-31,117837,1,16,0,1306.0
10109758LIMAF_2025-05-31_G21,10109758LIMAF,2025-05-31,117862,1,40,0,387.0
10109758LIMAF_2025-05-31_G22,10109758LIMAF,2025-05-31,117935,2,24,7,812.0
10109758LIMAF_2025-05-31_G23,10109758LIMAF,2025-05-31,117855,1,20,0,712.0
10109758LIMAF_2025-05-31_G24,10109758LIMAF,2025-05-31,117786,1,10,0,1162.0
10109758LIMAF_2025-05-31_G25,10109758LIMAF,2025-05-31,111602,1,30,0,193.0
10109758LIMAF_2025-05-31_G26,10109758LIMAF,2025-05-31,111530,2,42,7,274.0
10109758LIMAF_2025-05-31_G27,10109758LIMAF,2025-05-31,110515,1,30,0,941.0
10109758LIMAF_2025-05-31_G28,10109758LIMAF,2025-05-31,111467,1,19,0,412.0
10109758LIMAF_2025-05-31_G29,10109758LIMAF,2025-05-31,111418,2,60,6,792.0
10109758LIMAF_2025-05-31_G30,10109758LIMAF,2025-05-31,111469,1,50,0,479.0
10109758LIMAF_2025-06-09_G02,10109758LIMAF,2025-06-09,111530,1,4,0,158.0
10109758LIMAF_2025-06-09_G03,10109758LIMAF,2025-06-09,111469,1,16,0,134.0
10109758LIMAF_2025-06-09_G04,10109758LIMAF,2025-06-09,111172,1,4,0,230.0
10109758LIMAF_2025-06-09_G05,10109758LIMAF,2025-06-09,111532,1,3,0,111.0
10109758LIMAF_2025-06-09_G06,10109758LIMAF,2025-06-09,117821,1,4,0,104.0
10109758LIMAF_2025-06-09_G07,10109758LIMAF,2025-06-09,110787,1,3,0,89.0
10109758LIMAF_2025-06-09_G08,10109758LIMAF,2025-06-09,110374,1,6,0,2902.0
10109758LIMAF_2025-06-09_G09,10109758LIMAF,2025-06-09,117808,1,13,0,311.0
10109758LIMAF_2025-06-09_G10,10109758LIMAF,2025-06-09,118299,1,2,0,145.0
10109758LIMAF_2025-06-09_G11,10109758LIMAF,2025-06-09,110372,1,6,0,74.0
10109758LIMAF_2025-06-09_G12,10109758LIMAF,2025-06-09,111569,1,12,0,3504.0
10109758LIMAF_2025-06-09_G13,10109758LIMAF,2025-06-09,117855,1,4,0,308.0
10109758LIMAF_2025-06-09_G14,10109758LIMAF,2025-06-09,111182,1,1,0,124.0
10109758LIMAF_2025-06-09_G15,10109758LIMAF,2025-06-09,111418,1,9,0,610.0
10109758LIMAF_2025-06-09_G16,10109758LIMAF,2025-06-09,117808,1,17,0,167.0
10109758LIMAF_2025-06-09_G17,10109758LIMAF,2025-06-09,110372,1,7,0,290.0
10109758LIMAF_2025-06-09_G18,10109758LIMAF,2025-06-09,110373,1,112,0,3233.0
10109758LIMAF_2025-06-09_G19,10109758LIMAF,2025-06-09,110373,1,2,0,121.0
10109758LIMAF_2025-06-09_G21,10109758LIMAF,2025-06-09,110372,2,82,6,1291.0
10109758LIMAF_2025-06-09_G22,10109758LIMAF,2025-06-09,117820,1,5,0,1288.0
10109758LIMAF_2025-06-09_G23,10109758LIMAF,2025-06-09,110325,1,2,0,226.0
10109758LIMAF_2025-06-09_G24,10109758LIMAF,2025-06-09,"109643, 110376",2,6,6,273.0
10109758LIMAF_2025-06-10_G02,10109758LIMAF,2025-06-10,121760,1,10,0,445.0
10109758LIMAF_2025-06-10_G03,10109758LIMAF,2025-06-10,124248,1,4,0,356.0
10109758LIMAF_2025-06-10_G04,10109758LIMAF,2025-06-10,124248,1,16,0,282.0
10109758LIMAF_2025-06-10_G05,10109758LIMAF,2025-06-10,122962,1,48,0,1669.0
10109758LIMAF_2025-06-10_G06,10109758LIMAF,2025-06-10,122985,1,56,0,2235.0
10109758LIMAF_2025-06-10_G07,10109758LIMAF,2025-06-10,122982,1,10,0,206.0
10109758LIMAF_2025-06-10_G08,10109758LIMAF,2025-06-10,120272,1,6,0,202.0
10109758LIMAF_2025-06-10_G09,10109758LIMAF,2025-06-10,122985,1,12,0,390.0
10109758LIMAF_2025-06-10_G10,10109758LIMAF,2025-06-10,122985,1,15,0,54.0
10109758LIMAF_2025-06-10_G11,10109758LIMAF,2025-06-10,124370,1,60,0,1928.0
10109758LIMAF_2025-06-10_G12,10109758LIMAF,2025-06-10,123153,1,10,0,1949.0
10109758LIMAF_2025-06-10_G13,10109758LIMAF,2025-06-10,123153,1,40,0,35.0
10109758LIMAF_2025-06-10_G14,10109758LIMAF,2025-06-10,120389,1,8,0,1437.0
10109758LIMAF_2025-06-10_G15,10109758LIMAF,2025-06-10,122983,1,6,0,322.0
10109758LIMAF_2025-06-10_G16,10109758LIMAF,2025-06-10,124548,1,2,0,130.0
10109758LIMAF_2025-06-10_G17,10109758LIMAF,2025-06-10,124247,1,34,0,977.0
10109758LIMAF_2025-06-10_G18,10109758LIMAF,2025-06-10,123313,1,8,0,247.0
10109758LIMAF_2025-06-10_G19,10109758LIMAF,2025-06-10,123345,1,2,0,378.0
10109758LIMAF_2025-06-10_G21,10109758LIMAF,2025-06-10,124247,1,50,0,139.0
10109758LIMAF_2025-06-10_G22,10109758LIMAF,2025-06-10,122983,1,2,0,1158.0
10109758LIMAF_2025-06-10_G23,10109758LIMAF,2025-06-10,122984,1,10,0,184.0
10109758LIMAF_2025-06-10_G24,10109758LIMAF,2025-06-10,122984,1,20,0,480.0
10109758LIMAF_2025-06-10_G25,10109758LIMAF,2025-06-10,124248,1,12,0,788.0
10109758LIMAF_2025-06-10_G26,10109758LIMAF,2025-06-10,123080,1,80,0,2257.0
10109758LIMAF_2025-06-11_G02,10109758LIMAF,2025-06-11,109643,1,1,0,258.0
10109758LIMAF_2025-06-11_G03,10109758LIMAF,2025-06-11,117822,1,7,0,216.0
10109758LIMAF_2025-06-11_G04,10109758LIMAF,2025-06-11,110373,1,22,0,183.0
10109758LIMAF_2025-06-11_G05,10109758LIMAF,2025-06-11,116241,1,4,0,3556.0
10109758LIMAF_2025-06-11_G06,10109758LIMAF,2025-06-11,160057,1,2,0,156.0
10109758LIMAF_2025-06-11_G07,10109758LIMAF,2025-06-11,160051,1,2,0,288.0
10109758LIMAF_2025-06-11_G08,10109758LIMAF,2025-06-11,160054,1,4,0,159.0
10109758LIMAF_2025-06-11_G09,10109758LIMAF,2025-06-11,110742,1,5,0,228.0
10109758LIMAF_2025-06-11_G10,10109758LIMAF,2025-06-11,118306,1,2,0,103.0
10109758LIMAF_2025-06-11_G11,10109758LIMAF,2025-06-11,110755,1,2,0,192.0
10109758LIMAF_2025-06-11_G12,10109758LIMAF,2025-06-11,108759,1,6,0,516.0
10109758LIMAF_2025-06-11_G13,10109758LIMAF,2025-06-11,111569,2,28,8,409.0
10109758LIMAF_2025-06-11_G14,10109758LIMAF,2025-06-11,117820,1,80,0,474.0
10109758LIMAF_2025-06-11_G15,10109758LIMAF,2025-06-11,110372,1,50,0,623.0
10109758LIMAF_2025-06-11_G16,10109758LIMAF,2025-06-11,111463,1,10,0,1358.0
10109758LIMAF_2025-06-11_G17,10109758LIMAF,2025-06-11,111446,2,12,5,288.0
10109758LIMAF_2025-06-11_G18,10109758LIMAF,2025-06-11,111469,1,4,0,584.0
10109758LIMAF_2025-06-11_G19,10109758LIMAF,2025-06-11,105705,1,9,0,79.0
10109758LIMAF_2025-06-11_G20,10109758LIMAF,2025-06-11,140922,2,12,8,714.0
10109758LIMAF_2025-06-11_G21,10109758LIMAF,2025-06-11,111443,1,6,0,158.0
10109758LIMAF_2025-06-11_G22,10109758LIMAF,2025-06-11,108711,1,8,0,263.0
10109758LIMAF_2025-06-11_G23,10109758LIMAF,2025-06-11,118140,2,22,7,83.0
10109758LIMAF_2025-06-11_G24,10109758LIMAF,2025-06-11,111418,1,1,0,707.0
10109758LIMAF_2025-06-11_G25,10109758LIMAF,2025-06-11,117785,1,2,0,84.0
10109758LIMAF_2025-06-11_G26,10109758LIMAF,2025-06-11,111348,1,2,0,69.0
10109758LIMAF_2025-06-11_G27,10109758LIMAF,2025-06-11,118317,1,2,0,87.0
10109758LIMAF_2025-06-11_G28,10109758LIMAF,2025-06-11,111442,1,6,0,60.0
10109758LIMAF_2025-06-11_G29,10109758LIMAF,2025-06-11,110741,1,6,0,590.0
10109758LIMAF_2025-06-11_G30,10109758LIMAF,2025-06-11,118094,1,2,0,130.0
10109758LIMAF_2025-06-11_G31,10109758LIMAF,2025-06-11,107629,2,16,6,377.0
10109758LIMAF_2025-06-11_G33,10109758LIMAF,2025-06-11,122984,1,48,0,1288.0
10109758LIMAF_2025-06-11_G34,10109758LIMAF,2025-06-11,180024,1,2,0,411.0
10109758LIMAF_2025-06-11_G35,10109758LIMAF,2025-06-11,180024,1,2,0,131.0
10109758LIMAF_2025-06-11_G36,10109758LIMAF,2025-06-11,124264,1,6,0,978.0
10109758LIMAF_2025-06-11_G37,10109758LIMAF,2025-06-11,124486,1,10,0,287.0
10109758LIMAF_2025-06-11_G38,10109758LIMAF,2025-06-11,122962,1,40,0,913.0
10109758LIMAF_2025-06-11_G39,10109758LIMAF,2025-06-11,123343,1,26,0,474.0
10109758LIMAF_2025-06-11_G40,10109758LIMAF,2025-06-11,123345,1,67,0,1508.0
10109758LIMAF_2025-06-13_G02,10109758LIMAF,2025-06-13,122673,1,13,0,399.0
10109758LIMAF_2025-06-13_G03,10109758LIMAF,2025-06-13,122962,1,48,0,1487.0
10109758LIMAF_2025-06-13_G04,10109758LIMAF,2025-06-13,122962,1,80,0,2672.0
10109758LIMAF_2025-06-13_G05,10109758LIMAF,2025-06-13,122962,1,48,0,973.0
10109758LIMAF_2025-06-13_G06,10109758LIMAF,2025-06-13,122962,1,40,0,2056.0
10109758LIMAF_2025-06-13_G07,10109758LIMAF,2025-06-13,122983,1,8,0,775.0
10109758LIMAF_2025-06-13_G08,10109758LIMAF,2025-06-13,123344,1,20,0,1246.0
10109758LIMAF_2025-06-13_G09,10109758LIMAF,2025-06-13,122671,1,5,0,253.0
10109758LIMAF_2025-06-13_G10,10109758LIMAF,2025-06-13,122962,1,20,0,184.0
10109758LIMAF_2025-06-13_G11,10109758LIMAF,2025-06-13,124370,1,4,0,349.0
10109758LIMAF_2025-06-13_G12,10109758LIMAF,2025-06-13,124486,1,20,0,354.0
10109758LIMAF_2025-06-13_G13,10109758LIMAF,2025-06-13,123909,1,9,0,719.0
10109758LIMAF_2025-06-13_G14,10109758LIMAF,2025-06-13,124371,1,4,0,132.0
10109758LIMAF_2025-06-13_G15,10109758LIMAF,2025-06-13,124475,1,6,0,105.0
10109758LIMAF_2025-06-13_G16,10109758LIMAF,2025-06-13,121651,1,8,0,300.0
10109758LIMAF_2025-06-13_G17,10109758LIMAF,2025-06-13,121760,1,10,0,185.0
10109758LIMAF_2025-06-13_G18,10109758LIMAF,2025-06-13,181235,1,2,0,94.0
10109758LIMAF_2025-06-13_G19,10109758LIMAF,2025-06-13,181056,1,4,0,103.0
10109758LIMAF_2025-06-13_G20,10109758LIMAF,2025-06-13,"122671, 122703",2,8,20,60.0
10109758LIMAF_2025-06-13_G21,10109758LIMAF,2025-06-13,123344,1,4,0,315.0
10109758LIMAF_2025-06-13_G23,10109758LIMAF,2025-06-13,122983,1,23,0,1465.0
10109758LIMAF_2025-06-13_G24,10109758LIMAF,2025-06-13,122981,1,20,0,217.0
10109758LIMAF_2025-06-13_G25,10109758LIMAF,2025-06-13,122982,1,4,0,1276.0
10109758LIMAF_2025-06-13_G26,10109758LIMAF,2025-06-13,122983,1,2,0,72.0
10109758LIMAF_2025-06-13_G27,10109758LIMAF,2025-06-13,122988,1,4,0,126.0
10109758LIMAF_2025-06-13_G28,10109758LIMAF,2025-06-13,124475,1,10,0,212.0
10109758LIMAF_2025-06-13_G29,10109758LIMAF,2025-06-13,123345,1,4,0,188.0
10109758LIMAF_2025-06-13_G30,10109758LIMAF,2025-06-13,122962,1,12,0,49.0
10109758LIMAF_2025-06-13_G31,10109758LIMAF,2025-06-13,"122962, 122647, 124486, 122984",4,77,57,374.0
10109758LIMAF_2025-06-13_G32,10109758LIMAF,2025-06-13,123345,1,14,0,543.0
10109758LIMAF_2025-06-13_G33,10109758LIMAF,2025-06-13,122982,1,2,0,144.0
10109758LIMAF_2025-06-13_G34,10109758LIMAF,2025-06-13,123153,1,26,0,191.0
10109758LIMAF_2025-06-13_G35,10109758LIMAF,2025-06-13,124370,1,7,0,232.0
10109758LIMAF_2025-06-13_G36,10109758LIMAF,2025-06-13,122988,1,3,0,182.0
10109758LIMAF_2025-06-13_G37,10109758LIMAF,2025-06-13,123909,1,6,0,72.0
10109758LIMAF_2025-06-13_G38,10109758LIMAF,2025-06-13,124371,1,8,0,129.0
10109758LIMAF_2025-06-13_G39,10109758LIMAF,2025-06-13,121760,1,8,0,59.0
10109758LIMAF_2025-06-13_G40,10109758LIMAF,2025-06-13,122185,1,10,0,156.0
10109758LIMAF_2025-06-13_G41,10109758LIMAF,2025-06-13,120389,1,6,0,109.0
10109758LIMAF_2025-06-13_G42,10109758LIMAF,2025-06-13,124486,1,3,0,40.0
10109758LIMAF_2025-06-13_G43,10109758LIMAF,2025-06-13,121760,1,3,0,95.0
10109758LIMAF_2025-06-14_G03,10109758LIMAF,2025-06-14,120028,1,40,0,660.0
10109758LIMAF_2025-06-14_G04,10109758LIMAF,2025-06-14,122196,1,64,0,1546.0
10109758LIMAF_2025-06-14_G06,10109758LIMAF,2025-06-14,111466,1,53,0,1998.0
10109758LIMAF_2025-06-14_G07,10109758LIMAF,2025-06-14,117831,1,81,0,365.0
10109758LIMAF_2025-06-14_G08,10109758LIMAF,2025-06-14,117855,1,28,0,438.0
10109758LIMAF_2025-06-16_G02,10109758LIMAF,2025-06-16,122984,1,8,0,132.0
10109758LIMAF_2025-06-16_G03,10109758LIMAF,2025-06-16,122984,1,16,0,983.0
10109758LIMAF_2025-06-16_G04,10109758LIMAF,2025-06-16,122962,1,12,0,221.0
10109758LIMAF_2025-06-16_G05,10109758LIMAF,2025-06-16,124370,1,4,0,349.0
10109758LIMAF_2025-06-16_G06,10109758LIMAF,2025-06-16,122983,1,4,0,201.0
10109758LIMAF_2025-06-16_G07,10109758LIMAF,2025-06-16,124475,1,4,0,150.0
10109758LIMAF_2025-06-16_G08,10109758LIMAF,2025-06-16,121651,1,4,0,280.0
10109758LIMAF_2025-06-16_G09,10109758LIMAF,2025-06-16,124548,1,16,0,2204.0
10109758LIMAF_2025-06-16_G10,10109758LIMAF,2025-06-16,122984,1,2,0,138.0
10109758LIMAF_2025-06-16_G11,10109758LIMAF,2025-06-16,123345,1,8,0,375.0
10109758LIMAF_2025-06-16_G12,10109758LIMAF,2025-06-16,122984,1,9,0,74.0
10109758LIMAF_2025-06-16_G13,10109758LIMAF,2025-06-16,124548,1,6,0,354.0
10109758LIMAF_2025-06-16_G14,10109758LIMAF,2025-06-16,120272,1,6,0,265.0
10109758LIMAF_2025-06-16_G15,10109758LIMAF,2025-06-16,124548,1,2,0,214.0
10109758LIMAF_2025-06-16_G16,10109758LIMAF,2025-06-16,123344,1,26,0,650.0
10109758LIMAF_2025-06-16_G17,10109758LIMAF,2025-06-16,124486,1,6,0,1109.0
10109758LIMAF_2025-06-16_G18,10109758LIMAF,2025-06-16,122984,1,8,0,190.0
10109758LIMAF_2025-06-16_G19,10109758LIMAF,2025-06-16,122984,1,22,0,816.0
10109758LIMAF_2025-06-16_G20,10109758LIMAF,2025-06-16,122671,1,10,0,976.0
10109758LIMAF_2025-06-16_G21,10109758LIMAF,2025-06-16,124486,1,24,0,506.0
10109758LIMAF_2025-06-16_G22,10109758LIMAF,2025-06-16,122962,1,16,0,337.0
10109758LIMAF_2025-06-16_G23,10109758LIMAF,2025-06-16,122983,1,64,0,1763.0
10109758LIMAF_2025-06-16_G24,10109758LIMAF,2025-06-16,123560,1,17,0,542.0
10109758LIMAF_2025-06-16_G25,10109758LIMAF,2025-06-16,122185,1,16,0,179.0
10109758LIMAF_2025-06-16_G26,10109758LIMAF,2025-06-16,122984,1,20,0,525.0
10109758LIMAF_2025-06-16_G28,10109758LIMAF,2025-06-16,123344,1,6,0,563.0
10109758LIMAF_2025-06-16_G29,10109758LIMAF,2025-06-16,124477,1,8,0,992.0
10109758LIMAF_2025-06-16_G30,10109758LIMAF,2025-06-16,124370,1,10,0,422.0
10109758LIMAF_2025-06-16_G31,10109758LIMAF,2025-06-16,124486,1,8,0,125.0
10109758LIMAF_2025-06-16_G32,10109758LIMAF,2025-06-16,124370,1,20,0,393.0
10109758LIMAF_2025-06-16_G33,10109758LIMAF,2025-06-16,124486,1,20,0,267.0
10109758LIMAF_2025-06-16_G34,10109758LIMAF,2025-06-16,124371,1,20,0,509.0
10109758LIMAF_2025-06-16_G35,10109758LIMAF,2025-06-16,124475,1,4,0,324.0
10109758LIMAF_2025-06-16_G36,10109758LIMAF,2025-06-16,123345,1,10,0,222.0
10109758LIMAF_2025-06-16_G37,10109758LIMAF,2025-06-16,123313,1,8,0,121.0
10109758LIMAF_2025-06-16_G38,10109758LIMAF,2025-06-16,123344,1,4,0,138.0
10109758LIMAF_2025-06-16_G39,10109758LIMAF,2025-06-16,123345,1,4,0,138.0
10109758LIMAF_2025-06-16_G40,10109758LIMAF,2025-06-16,123521,1,1,0,139.0
10109758LIMAF_2025-06-16_G41,10109758LIMAF,2025-06-16,123345,1,10,0,96.0
10109758LIMAF_2025-06-16_G42,10109758LIMAF,2025-06-16,121760,1,20,0,390.0
10109758LIMAF_2025-06-16_G43,10109758LIMAF,2025-06-16,122962,1,10,0,77.0
10109758LIMAF_2025-06-16_G44,10109758LIMAF,2025-06-16,123345,1,4,0,124.0
10109758LIMAF_2025-06-17_G02,10109758LIMAF,2025-06-17,116527,1,2,0,283.0
10109758LIMAF_2025-06-17_G03,10109758LIMAF,2025-06-17,109640,1,2,0,909.0
10109758LIMAF_2025-06-17_G04,10109758LIMAF,2025-06-17,110752,1,2,0,136.0
10109758LIMAF_2025-06-17_G05,10109758LIMAF,2025-06-17,108772,1,4,0,104.0
10109758LIMAF_2025-06-17_G06,10109758LIMAF,2025-06-17,105705,1,4,0,195.0
10109758LIMAF_2025-06-17_G08,10109758LIMAF,2025-06-17,110745,1,2,0,88.0
10109758LIMAF_2025-06-17_G09,10109758LIMAF,2025-06-17,117831,1,4,0,122.0
10109758LIMAF_2025-06-17_G10,10109758LIMAF,2025-06-17,111442,1,4,0,314.0
10109758LIMAF_2025-06-17_G11,10109758LIMAF,2025-06-17,107236,1,7,0,419.0
10109758LIMAF_2025-06-17_G12,10109758LIMAF,2025-06-17,111435,1,2,0,742.0
10109758LIMAF_2025-06-17_G13,10109758LIMAF,2025-06-17,110325,1,4,0,47.0
10109758LIMAF_2025-06-17_G14,10109758LIMAF,2025-06-17,110374,1,10,0,59.0
10109758LIMAF_2025-06-17_G15,10109758LIMAF,2025-06-17,109643,1,25,0,177.0
10109758LIMAF_2025-06-17_G16,10109758LIMAF,2025-06-17,117830,1,4,0,290.0
10109758LIMAF_2025-06-17_G17,10109758LIMAF,2025-06-17,141823,2,4,6,219.0
10109758LIMAF_2025-06-17_G18,10109758LIMAF,2025-06-17,118094,1,4,0,209.0
10109758LIMAF_2025-06-17_G19,10109758LIMAF,2025-06-17,110515,1,4,0,287.0
10109758LIMAF_2025-06-17_G20,10109758LIMAF,2025-06-17,111463,1,4,0,112.0
10109758LIMAF_2025-06-17_G21,10109758LIMAF,2025-06-17,117831,1,6,0,90.0
10109758LIMAF_2025-06-17_G22,10109758LIMAF,2025-06-17,111466,1,3,0,72.0
10109758LIMAF_2025-06-17_G23,10109758LIMAF,2025-06-17,111172,1,2,0,81.0
10109758LIMAF_2025-06-17_G24,10109758LIMAF,2025-06-17,108798,1,2,0,60.0
10109758LIMAF_2025-06-17_G25,10109758LIMAF,2025-06-17,118140,1,4,0,1050.0
10109758LIMAF_2025-06-17_G26,10109758LIMAF,2025-06-17,111759,1,10,0,206.0
10109758LIMAF_2025-06-17_G27,10109758LIMAF,2025-06-17,110373,1,4,0,429.0
10109758LIMAF_2025-06-17_G28,10109758LIMAF,2025-06-17,118299,1,80,0,425.0
10109758LIMAF_2025-06-17_G29,10109758LIMAF,2025-06-17,111722,1,28,0,578.0
10109758LIMAF_2025-06-17_G30,10109758LIMAF,2025-06-17,117809,1,12,0,209.0
10109758LIMAF_2025-06-17_G31,10109758LIMAF,2025-06-17,117820,1,8,0,336.0
10109758LIMAF_2025-06-17_G32,10109758LIMAF,2025-06-17,118191,1,20,0,104.0
10109758LIMAF_2025-06-17_G33,10109758LIMAF,2025-06-17,"117808, 117830",2,14,26,280.0
10109758LIMAF_2025-06-17_G35,10109758LIMAF,2025-06-17,111443,1,3,0,399.0
10109758LIMAF_2025-06-17_G36,10109758LIMAF,2025-06-17,111660,1,2,0,255.0
10109758LIMAF_2025-06-17_G37,10109758LIMAF,2025-06-17,108759,1,5,0,101.0
10109758LIMAF_2025-06-17_G38,10109758LIMAF,2025-06-17,117808,1,1805,0,727.0
10109758LIMAF_2025-06-18_G02,10109758LIMAF,2025-06-18,111743,1,16,0,799.0
10109758LIMAF_2025-06-18_G03,10109758LIMAF,2025-06-18,108798,1,4,0,352.0
10109758LIMAF_2025-06-18_G04,10109758LIMAF,2025-06-18,140922,1,12,0,209.0
10109758LIMAF_2025-06-18_G05,10109758LIMAF,2025-06-18,110841,1,3,0,201.0
10109758LIMAF_2025-06-18_G06,10109758LIMAF,2025-06-18,110895,1,8,0,62.0
10109758LIMAF_2025-06-18_G07,10109758LIMAF,2025-06-18,110579,1,8,0,2377.0
10109758LIMAF_2025-06-18_G08,10109758LIMAF,2025-06-18,110310,1,2,0,139.0
10109758LIMAF_2025-06-18_G09,10109758LIMAF,2025-06-18,108770,1,2,0,397.0
10109758LIMAF_2025-06-18_G10,10109758LIMAF,2025-06-18,141035,1,4,0,908.0
10109758LIMAF_2025-06-18_G11,10109758LIMAF,2025-06-18,107629,1,2,0,66.0
10109758LIMAF_2025-06-18_G12,10109758LIMAF,2025-06-18,110339,1,2,0,45.0
10109758LIMAF_2025-06-18_G13,10109758LIMAF,2025-06-18,117861,1,2,0,203.0
10109758LIMAF_2025-06-18_G14,10109758LIMAF,2025-06-18,111467,1,2,0,83.0
10109758LIMAF_2025-06-18_G15,10109758LIMAF,2025-06-18,101217,1,1,0,66.0
10109758LIMAF_2025-06-18_G16,10109758LIMAF,2025-06-18,117856,1,4,0,107.0
10109758LIMAF_2025-06-18_G17,10109758LIMAF,2025-06-18,108795,1,4,0,136.0
10109758LIMAF_2025-06-18_G18,10109758LIMAF,2025-06-18,111418,1,4,0,115.0
10109758LIMAF_2025-06-18_G19,10109758LIMAF,2025-06-18,118140,1,4,0,87.0
10109758LIMAF_2025-06-18_G20,10109758LIMAF,2025-06-18,111463,1,40,0,3059.0
10109758LIMAF_2025-06-18_G21,10109758LIMAF,2025-06-18,111418,1,30,0,1672.0
10109758LIMAF_2025-06-18_G22,10109758LIMAF,2025-06-18,111444,1,2,0,231.0
10109758LIMAF_2025-06-18_G23,10109758LIMAF,2025-06-18,110787,1,10,0,86.0
10109758LIMAF_2025-06-18_G24,10109758LIMAF,2025-06-18,107236,1,4,0,65.0
10109758LIMAF_2025-06-18_G25,10109758LIMAF,2025-06-18,110332,1,2,0,99.0
10109758LIMAF_2025-06-18_G26,10109758LIMAF,2025-06-18,117831,1,30,0,82.0
10109758LIMAF_2025-06-18_G27,10109758LIMAF,2025-06-18,111172,1,10,0,61.0
10109758LIMAF_2025-06-18_G28,10109758LIMAF,2025-06-18,111469,1,20,0,96.0
10109758LIMAF_2025-06-18_G29,10109758LIMAF,2025-06-18,110748,1,4,0,161.0
10109758LIMAF_2025-06-18_G30,10109758LIMAF,2025-06-18,"111348, 111466",2,50,11,2069.0
10109758LIMAF_2025-06-18_G31,10109758LIMAF,2025-06-18,117821,1,10,0,69.0
10109758LIMAF_2025-06-18_G33,10109758LIMAF,2025-06-18,118285,1,2,0,285.0
10109758LIMAF_2025-06-18_G34,10109758LIMAF,2025-06-18,111463,1,3,0,63.0
10109758LIMAF_2025-06-18_G35,10109758LIMAF,2025-06-18,111418,1,5,0,492.0
10109758LIMAF_2025-06-18_G36,10109758LIMAF,2025-06-18,141823,1,4,0,103.0
10109758LIMAF_2025-06-18_G37,10109758LIMAF,2025-06-18,110787,1,1,0,74.0
10109758LIMAF_2025-06-18_G38,10109758LIMAF,2025-06-18,110374,1,6,0,276.0
10109758LIMAF_2025-06-18_G39,10109758LIMAF,2025-06-18,100334,1,5,0,179.0
10109758LIMAF_2025-06-18_G40,10109758LIMAF,2025-06-18,107629,1,2,0,199.0
10109758LIMAF_2025-06-18_G41,10109758LIMAF,2025-06-18,117856,1,2,0,117.0
10109758LIMAF_2025-06-18_G42,10109758LIMAF,2025-06-18,108795,1,2,0,200.0
10109758LIMAF_2025-06-18_G43,10109758LIMAF,2025-06-18,110745,1,2,0,138.0
10109758LIMAF_2025-06-18_G44,10109758LIMAF,2025-06-18,108711,1,4,0,99.0
10109758LIMAF_2025-06-18_G45,10109758LIMAF,2025-06-18,117821,1,1,0,106.0
10109758LIMAF_2025-06-18_G46,10109758LIMAF,2025-06-18,111442,1,4,0,126.0
10109758LIMAF_2025-06-18_G47,10109758LIMAF,2025-06-18,118140,1,3,0,120.0
10109758LIMAF_2025-06-18_G48,10109758LIMAF,2025-06-18,110325,1,5,0,136.0
10109758LIMAF_2025-06-18_G49,10109758LIMAF,2025-06-18,109643,1,12,0,82.0
10109758LIMAF_2025-06-18_G50,10109758LIMAF,2025-06-18,117820,1,6,0,338.0
10109758LIMAF_2025-06-18_G51,10109758LIMAF,2025-06-18,117862,1,3,0,505.0
10109758LIMAF_2025-06-18_G52,10109758LIMAF,2025-06-18,111602,1,1,0,147.0
10109758LIMAF_2025-06-18_G53,10109758LIMAF,2025-06-18,111530,1,4,0,62.0
10109758LIMAF_2025-06-18_G54,10109758LIMAF,2025-06-18,110745,1,4,0,548.0
10109758LIMAF_2025-06-18_G55,10109758LIMAF,2025-06-18,111466,1,8,0,41.0
10109758LIMAF_2025-06-18_G56,10109758LIMAF,2025-06-18,118317,1,2,0,120.0
10109758LIMAF_2025-06-18_G57,10109758LIMAF,2025-06-18,118140,1,8,0,159.0
10109758LIMAF_2025-06-19_G02,10109758LIMAF,2025-06-19,110787,2,20,8,189.0
10109758LIMAF_2025-06-19_G03,10109758LIMAF,2025-06-19,117830,1,2,0,544.0
10109758LIMAF_2025-06-19_G04,10109758LIMAF,2025-06-19,110372,1,1,0,80.0
10109758LIMAF_2025-06-19_G05,10109758LIMAF,2025-06-19,117820,1,4,0,89.0
10109758LIMAF_2025-06-19_G06,10109758LIMAF,2025-06-19,118094,1,30,0,3199.0
10109758LIMAF_2025-06-19_G07,10109758LIMAF,2025-06-19,117786,1,24,0,354.0
10109758LIMAF_2025-06-19_G08,10109758LIMAF,2025-06-19,110515,1,39,0,642.0
10109758LIMAF_2025-06-19_G09,10109758LIMAF,2025-06-19,117935,1,1,0,260.0
10109758LIMAF_2025-06-19_G10,10109758LIMAF,2025-06-19,118403,1,20,0,456.0
10109758LIMAF_2025-06-19_G11,10109758LIMAF,2025-06-19,111602,1,22,0,264.0
10109758LIMAF_2025-06-19_G12,10109758LIMAF,2025-06-19,111530,1,45,0,716.0
10109758LIMAF_2025-06-19_G13,10109758LIMAF,2025-06-19,118140,1,79,0,1111.0
10109758LIMAF_2025-06-19_G14,10109758LIMAF,2025-06-19,117862,1,36,0,988.0
10109758LIMAF_2025-06-19_G15,10109758LIMAF,2025-06-19,110740,1,14,0,1777.0
10109758LIMAF_2025-06-19_G16,10109758LIMAF,2025-06-19,117785,1,55,0,642.0
10109758LIMAF_2025-06-19_G17,10109758LIMAF,2025-06-19,111743,1,27,0,41.0
10109758LIMAF_2025-06-19_G18,10109758LIMAF,2025-06-19,110751,1,2,0,61.0
10109758LIMAF_2025-06-19_G19,10109758LIMAF,2025-06-19,108794,1,33,0,43.0
10109758LIMAF_2025-06-19_G20,10109758LIMAF,2025-06-19,111463,1,60,0,299.0
10109758LIMAF_2025-06-19_G21,10109758LIMAF,2025-06-19,111468,1,30,0,530.0
10109758LIMAF_2025-06-19_G22,10109758LIMAF,2025-06-19,111466,1,48,0,506.0
10109758LIMAF_2025-06-19_G23,10109758LIMAF,2025-06-19,108711,1,40,0,1419.0
10109758LIMAF_2025-06-19_G24,10109758LIMAF,2025-06-19,111418,1,50,0,537.0
10109758LIMAF_2025-06-19_G25,10109758LIMAF,2025-06-19,108795,1,6,0,328.0
10109758LIMAF_2025-06-19_G26,10109758LIMAF,2025-06-19,108798,1,10,0,172.0
10109758LIMAF_2025-06-20_G02,10109758LIMAF,2025-06-20,118311,1,4,0,194.0
10109758LIMAF_2025-06-20_G03,10109758LIMAF,2025-06-20,111775,1,4,0,128.0
10109758LIMAF_2025-06-20_G04,10109758LIMAF,2025-06-20,118286,1,2,0,255.0
10109758LIMAF_2025-06-20_G05,10109758LIMAF,2025-06-20,110081,1,4,0,86.0
10109758LIMAF_2025-06-20_G06,10109758LIMAF,2025-06-20,110742,1,4,0,459.0
10109758LIMAF_2025-06-20_G07,10109758LIMAF,2025-06-20,118418,1,12,0,429.0
10109758LIMAF_2025-06-20_G08,10109758LIMAF,2025-06-20,111832,1,4,0,133.0
10109758LIMAF_2025-06-20_G09,10109758LIMAF,2025-06-20,111120,1,4,0,132.0
10109758LIMAF_2025-06-20_G10,10109758LIMAF,2025-06-20,110112,1,2,0,85.0
10109758LIMAF_2025-06-20_G11,10109758LIMAF,2025-06-20,110311,1,4,0,98.0
10109758LIMAF_2025-06-20_G12,10109758LIMAF,2025-06-20,118417,1,8,0,118.0
10109758LIMAF_2025-06-20_G13,10109758LIMAF,2025-06-20,110534,1,3,0,179.0
10109758LIMAF_2025-06-20_G14,10109758LIMAF,2025-06-20,110579,1,2,0,1635.0
10109758LIMAF_2025-06-20_G15,10109758LIMAF,2025-06-20,"118100, 118110",2,4,9,762.0
10109758LIMAF_2025-06-20_G16,10109758LIMAF,2025-06-20,111356,1,3,0,760.0
10109758LIMAF_2025-06-20_G17,10109758LIMAF,2025-06-20,111437,1,6,0,1194.0
10109758LIMAF_2025-06-20_G18,10109758LIMAF,2025-06-20,141369,1,4,0,760.0
10109758LIMAF_2025-06-20_G19,10109758LIMAF,2025-06-20,114097,1,2,0,893.0
10109758LIMAF_2025-06-20_G20,10109758LIMAF,2025-06-20,110081,1,1,0,319.0
10109758LIMAF_2025-06-20_G21,10109758LIMAF,2025-06-20,111436,1,2,0,136.0
10109758LIMAF_2025-06-20_G22,10109758LIMAF,2025-06-20,110582,1,4,0,241.0
10109758LIMAF_2025-06-20_G23,10109758LIMAF,2025-06-20,114650,1,4,0,154.0
10109758LIMAF_2025-06-20_G24,10109758LIMAF,2025-06-20,111850,1,7,0,1197.0
10109758LIMAF_2025-06-20_G25,10109758LIMAF,2025-06-20,118251,1,12,0,203.0
10109758LIMAF_2025-06-20_G26,10109758LIMAF,2025-06-20,108031,1,2,0,541.0
10109758LIMAF_2025-06-20_G27,10109758LIMAF,2025-06-20,108759,1,10,0,210.0
10109758LIMAF_2025-06-20_G29,10109758LIMAF,2025-06-20,110579,1,1,0,39.0
10109758LIMAF_2025-06-20_G30,10109758LIMAF,2025-06-20,108770,1,7,0,111.0
10109758LIMAF_2025-06-20_G31,10109758LIMAF,2025-06-20,115775,1,12,0,1553.0
10109758LIMAF_2025-06-20_G32,10109758LIMAF,2025-06-20,115234,1,12,0,48.0
10109758LIMAF_2025-06-20_G34,10109758LIMAF,2025-06-20,111743,1,4,0,53.0
10109758LIMAF_2025-06-20_G35,10109758LIMAF,2025-06-20,111462,1,8,0,123.0
10109758LIMAF_2025-06-20_G36,10109758LIMAF,2025-06-20,109645,1,3,0,244.0
10109758LIMAF_2025-06-20_G37,10109758LIMAF,2025-06-20,110787,1,3,0,87.0
10109758LIMAF_2025-06-20_G38,10109758LIMAF,2025-06-20,118140,1,4,0,52.0
10109758LIMAF_2025-06-23_G02,10109758LIMAF,2025-06-23,108794,1,8,0,171.0
10109758LIMAF_2025-06-23_G03,10109758LIMAF,2025-06-23,110373,1,20,0,125.0
10109758LIMAF_2025-06-23_G04,10109758LIMAF,2025-06-23,109640,1,30,0,248.0
10109758LIMAF_2025-06-23_G05,10109758LIMAF,2025-06-23,111876,1,4,0,413.0
10109758LIMAF_2025-06-23_G06,10109758LIMAF,2025-06-23,117855,1,4,0,97.0
10109758LIMAF_2025-06-23_G07,10109758LIMAF,2025-06-23,111530,1,3,0,562.0
10109758LIMAF_2025-06-23_G08,10109758LIMAF,2025-06-23,111438,1,1,0,369.0
10109758LIMAF_2025-06-23_G09,10109758LIMAF,2025-06-23,111876,1,2,0,102.0
10109758LIMAF_2025-06-23_G10,10109758LIMAF,2025-06-23,110339,1,4,0,49.0
10109758LIMAF_2025-06-23_G11,10109758LIMAF,2025-06-23,110515,1,6,0,101.0
10109758LIMAF_2025-06-23_G12,10109758LIMAF,2025-06-23,117855,1,1,0,155.0
10109758LIMAF_2025-06-23_G13,10109758LIMAF,2025-06-23,111530,1,2,0,129.0
10109758LIMAF_2025-06-23_G14,10109758LIMAF,2025-06-23,117856,1,2,0,50.0
10109758LIMAF_2025-06-23_G15,10109758LIMAF,2025-06-23,105705,1,1,0,1875.0
10109758LIMAF_2025-06-23_G16,10109758LIMAF,2025-06-23,109645,1,2,0,137.0
10109758LIMAF_2025-06-23_G17,10109758LIMAF,2025-06-23,111418,1,24,0,575.0
10109758LIMAF_2025-06-23_G18,10109758LIMAF,2025-06-23,110787,1,1,0,153.0
10109758LIMAF_2025-06-23_G19,10109758LIMAF,2025-06-23,111438,1,1,0,278.0
10109758LIMAF_2025-06-23_G20,10109758LIMAF,2025-06-23,111876,1,2,0,222.0
10109758LIMAF_2025-06-23_G21,10109758LIMAF,2025-06-23,110515,1,4,0,121.0
10109758LIMAF_2025-06-23_G22,10109758LIMAF,2025-06-23,111530,1,3,0,142.0
10109758LIMAF_2025-06-23_G23,10109758LIMAF,2025-06-23,117856,1,3,0,59.0
10109758LIMAF_2025-06-23_G24,10109758LIMAF,2025-06-23,105705,1,2,0,118.0
10109758LIMAF_2025-06-23_G25,10109758LIMAF,2025-06-23,110787,1,12,0,323.0
10109758LIMAF_2025-06-23_G26,10109758LIMAF,2025-06-23,109640,1,4,0,291.0
10109758LIMAF_2025-06-23_G27,10109758LIMAF,2025-06-23,141047,1,1,0,1183.0
10109758LIMAF_2025-06-23_G28,10109758LIMAF,2025-06-23,111530,1,3,0,217.0
10109758LIMAF_2025-06-23_G29,10109758LIMAF,2025-06-23,111418,1,7,0,466.0
10109758LIMAF_2025-06-23_G30,10109758LIMAF,2025-06-23,140922,1,10,0,232.0
10109758LIMAF_2025-06-23_G31,10109758LIMAF,2025-06-23,111430,1,3,0,214.0
10109758LIMAF_2025-06-23_G32,10109758LIMAF,2025-06-23,110515,1,7,0,151.0
10109758LIMAF_2025-06-23_G33,10109758LIMAF,2025-06-23,141047,1,2,0,195.0
10109758LIMAF_2025-06-23_G34,10109758LIMAF,2025-06-23,111530,1,4,0,145.0
10109758LIMAF_2025-06-23_G35,10109758LIMAF,2025-06-23,111602,1,6,0,91.0
10109758LIMAF_2025-06-23_G36,10109758LIMAF,2025-06-23,111532,1,6,0,145.0
10109758LIMAF_2025-06-23_G37,10109758LIMAF,2025-06-23,111469,1,17,0,187.0
10109758LIMAF_2025-06-23_G38,10109758LIMAF,2025-06-23,111418,1,15,0,474.0
10109758LIMAF_2025-06-23_G39,10109758LIMAF,2025-06-23,111430,1,4,0,338.0
10109758LIMAF_2025-06-23_G40,10109758LIMAF,2025-06-23,110515,1,3,0,212.0
10109758LIMAF_2025-06-23_G41,10109758LIMAF,2025-06-23,111530,1,1,0,82.0
10109758LIMAF_2025-06-23_G42,10109758LIMAF,2025-06-23,111602,1,9,0,31.0
10109758LIMAF_2025-06-23_G43,10109758LIMAF,2025-06-23,111469,1,25,0,219.0
10109758LIMAF_2025-06-23_G44,10109758LIMAF,2025-06-23,111418,1,19,0,718.0
10109758LIMAF_2025-06-23_G45,10109758LIMAF,2025-06-23,111430,1,2,0,1640.0
10109758LIMAF_2025-06-23_G46,10109758LIMAF,2025-06-23,110515,1,2,0,174.0
10109758LIMAF_2025-06-23_G47,10109758LIMAF,2025-06-23,111430,1,4,0,89.0
10109758LIMAF_2025-06-23_G48,10109758LIMAF,2025-06-23,111569,1,3,0,185.0
10109758LIMAF_2025-06-23_G49,10109758LIMAF,2025-06-23,110515,1,1,0,145.0
10109758LIMAF_2025-06-23_G50,10109758LIMAF,2025-06-23,111530,1,4,0,69.0
10109758LIMAF_2025-06-23_G51,10109758LIMAF,2025-06-23,111602,1,4,0,99.0
10109758LIMAF_2025-06-23_G53,10109758LIMAF,2025-06-23,111418,1,8,0,92.0
10109758LIMAF_2025-06-23_G54,10109758LIMAF,2025-06-23,111430,1,4,0,283.0
10109758LIMAF_2025-06-23_G55,10109758LIMAF,2025-06-23,111569,1,3,0,123.0
10109758LIMAF_2025-06-23_G56,10109758LIMAF,2025-06-23,110515,1,1,0,251.0
10109758LIMAF_2025-06-23_G57,10109758LIMAF,2025-06-23,111602,1,12,0,176.0
10109758LIMAF_2025-06-23_G58,10109758LIMAF,2025-06-23,111532,1,6,0,433.0
10109758LIMAF_2025-06-23_G59,10109758LIMAF,2025-06-23,111418,1,9,0,114.0
10109758LIMAF_2025-06-23_G60,10109758LIMAF,2025-06-23,109640,2,6,7,290.0
10109758LIMAF_2025-06-23_G61,10109758LIMAF,2025-06-23,111430,1,24,0,162.0
10109758LIMAF_2025-06-23_G62,10109758LIMAF,2025-06-23,110895,1,6,0,635.0
10109758LIMAF_2025-06-23_G63,10109758LIMAF,2025-06-23,111441,1,7,0,288.0
10109758LIMAF_2025-06-23_G64,10109758LIMAF,2025-06-23,111438,1,8,0,183.0
10109758LIMAF_2025-06-23_G65,10109758LIMAF,2025-06-23,111876,1,8,0,325.0
10109758LIMAF_2025-06-23_G66,10109758LIMAF,2025-06-23,110515,1,9,0,100.0
10109758LIMAF_2025-06-23_G67,10109758LIMAF,2025-06-23,118222,1,20,0,277.0
10109758LIMAF_2025-06-23_G68,10109758LIMAF,2025-06-23,110313,1,6,0,1322.0
10109758LIMAF_2025-06-23_G69,10109758LIMAF,2025-06-23,111530,1,5,0,121.0
10109758LIMAF_2025-06-23_G70,10109758LIMAF,2025-06-23,117856,1,1,0,87.0
10109758LIMAF_2025-06-23_G71,10109758LIMAF,2025-06-23,111602,1,6,0,81.0
10109758LIMAF_2025-06-23_G72,10109758LIMAF,2025-06-23,110740,1,9,0,107.0
10109758LIMAF_2025-06-23_G73,10109758LIMAF,2025-06-23,111418,1,13,0,217.0
10109758LIMAF_2025-06-23_G74,10109758LIMAF,2025-06-23,110787,1,12,0,124.0
10109758LIMAF_2025-06-24_G02,10109758LIMAF,2025-06-24,110313,1,15,0,2190.0
10109758LIMAF_2025-06-24_G03,10109758LIMAF,2025-06-24,111602,1,12,0,1532.0
10109758LIMAF_2025-06-24_G04,10109758LIMAF,2025-06-24,111602,1,100,0,150.0
10109758LIMAF_2025-06-24_G05,10109758LIMAF,2025-06-24,111530,1,80,0,710.0
10109758LIMAF_2025-06-24_G06,10109758LIMAF,2025-06-24,117856,1,20,0,497.0
10109758LIMAF_2025-06-24_G07,10109758LIMAF,2025-06-24,110787,1,6,0,75.0
10109758LIMAF_2025-06-24_G08,10109758LIMAF,2025-06-24,118140,1,20,0,249.0
10109758LIMAF_2025-06-24_G09,10109758LIMAF,2025-06-24,111465,1,10,0,867.0
10109758LIMAF_2025-06-24_G10,10109758LIMAF,2025-06-24,117833,1,10,0,457.0
10109758LIMAF_2025-06-24_G11,10109758LIMAF,2025-06-24,111532,2,56,12,222.0
10109758LIMAF_2025-06-24_G12,10109758LIMAF,2025-06-24,111530,1,8,0,2327.0
10109758LIMAF_2025-06-24_G13,10109758LIMAF,2025-06-24,111532,2,28,7,135.0
10109758LIMAF_2025-06-24_G14,10109758LIMAF,2025-06-24,118299,1,9,0,716.0
10109758LIMAF_2025-06-24_G15,10109758LIMAF,2025-06-24,110500,1,2,0,497.0
10109758LIMAF_2025-06-24_G16,10109758LIMAF,2025-06-24,110895,1,1,0,553.0
10109758LIMAF_2025-06-24_G17,10109758LIMAF,2025-06-24,110423,1,5,0,45.0
10109758LIMAF_2025-06-24_G18,10109758LIMAF,2025-06-24,118094,2,10,6,349.0
10109758LIMAF_2025-06-24_G19,10109758LIMAF,2025-06-24,107629,1,2,0,134.0
10109758LIMAF_2025-06-24_G20,10109758LIMAF,2025-06-24,117786,1,1,0,63.0
10109758LIMAF_2025-06-24_G21,10109758LIMAF,2025-06-24,109640,1,3,0,62.0
10109758LIMAF_2025-06-24_G22,10109758LIMAF,2025-06-24,110515,1,13,0,1677.0
10109758LIMAF_2025-06-24_G23,10109758LIMAF,2025-06-24,111467,1,3,0,124.0
10109758LIMAF_2025-06-24_G24,10109758LIMAF,2025-06-24,110313,1,2,0,62.0
10109758LIMAF_2025-06-24_G25,10109758LIMAF,2025-06-24,105470,1,1,0,134.0
10109758LIMAF_2025-06-24_G26,10109758LIMAF,2025-06-24,117856,1,2,0,104.0
10109758LIMAF_2025-06-24_G27,10109758LIMAF,2025-06-24,111602,1,7,0,328.0
10109758LIMAF_2025-06-24_G28,10109758LIMAF,2025-06-24,108795,1,12,0,335.0
10109758LIMAF_2025-06-24_G29,10109758LIMAF,2025-06-24,117785,1,2,0,136.0
10109758LIMAF_2025-06-24_G30,10109758LIMAF,2025-06-24,110743,1,2,0,68.0
10109758LIMAF_2025-06-24_G31,10109758LIMAF,2025-06-24,110740,3,14,16,86.0
10109758LIMAF_2025-06-24_G32,10109758LIMAF,2025-06-24,111418,1,5,0,180.0
10109758LIMAF_2025-06-24_G33,10109758LIMAF,2025-06-24,118140,1,2,0,67.0
10109758LIMAF_2025-06-24_G34,10109758LIMAF,2025-06-24,118299,1,15,0,117.0
10109758LIMAF_2025-06-24_G35,10109758LIMAF,2025-06-24,109643,1,4,0,105.0
10109758LIMAF_2025-06-24_G36,10109758LIMAF,2025-06-24,107830,1,2,0,105.0
10109758LIMAF_2025-06-24_G37,10109758LIMAF,2025-06-24,"110376, 109648",2,5,21,99.0
10109758LIMAF_2025-06-24_G38,10109758LIMAF,2025-06-24,117820,1,8,0,163.0
10109758LIMAF_2025-06-24_G39,10109758LIMAF,2025-06-24,110372,2,22,9,130.0
10109758LIMAF_2025-06-24_G40,10109758LIMAF,2025-06-24,117809,1,5,0,827.0
10109758LIMAF_2025-06-24_G41,10109758LIMAF,2025-06-24,110741,1,1,0,692.0
10109758LIMAF_2025-06-24_G42,10109758LIMAF,2025-06-24,118094,1,4,0,106.0
10109758LIMAF_2025-06-24_G43,10109758LIMAF,2025-06-24,117786,1,4,0,77.0
10109758LIMAF_2025-06-24_G44,10109758LIMAF,2025-06-24,111467,1,2,0,181.0
10109758LIMAF_2025-06-24_G45,10109758LIMAF,2025-06-24,111530,1,1,0,119.0
10109758LIMAF_2025-06-24_G46,10109758LIMAF,2025-06-24,105705,1,1,0,98.0
10109758LIMAF_2025-06-24_G47,10109758LIMAF,2025-06-24,108794,1,2,0,47.0
10109758LIMAF_2025-06-24_G48,10109758LIMAF,2025-06-24,111463,1,4,0,33.0
10109758LIMAF_2025-06-24_G49,10109758LIMAF,2025-06-24,117838,1,4,0,78.0
10109758LIMAF_2025-06-24_G50,10109758LIMAF,2025-06-24,117831,1,2,0,86.0
10109758LIMAF_2025-06-24_G51,10109758LIMAF,2025-06-24,111532,1,4,0,80.0
10109758LIMAF_2025-06-24_G52,10109758LIMAF,2025-06-24,110740,2,4,5,101.0
10109758LIMAF_2025-06-24_G53,10109758LIMAF,2025-06-24,111418,1,8,0,105.0
10109758LIMAF_2025-06-24_G55,10109758LIMAF,2025-06-24,117855,1,2,0,68.0
10109758LIMAF_2025-06-24_G56,10109758LIMAF,2025-06-24,105705,1,2,0,96.0
10109758LIMAF_2025-06-24_G57,10109758LIMAF,2025-06-24,111463,1,4,0,40.0
10109758LIMAF_2025-06-24_G58,10109758LIMAF,2025-06-24,110745,1,2,0,70.0
10109758LIMAF_2025-06-24_G59,10109758LIMAF,2025-06-24,117831,1,2,0,61.0
10109758LIMAF_2025-06-24_G60,10109758LIMAF,2025-06-24,111469,1,4,0,88.0
10109758LIMAF_2025-06-24_G61,10109758LIMAF,2025-06-24,110740,2,4,9,82.0
10109758LIMAF_2025-06-24_G62,10109758LIMAF,2025-06-24,111418,1,8,0,191.0
10109758LIMAF_2025-06-24_G63,10109758LIMAF,2025-06-24,111468,1,2,0,58.0
10109758LIMAF_2025-06-24_G64,10109758LIMAF,2025-06-24,118299,1,4,0,116.0
10109758LIMAF_2025-06-24_G65,10109758LIMAF,2025-06-24,117820,1,4,0,48.0
10109758LIMAF_2025-06-24_G66,10109758LIMAF,2025-06-24,117809,1,2,0,80.0
10109758LIMAF_2025-06-24_G67,10109758LIMAF,2025-06-24,111532,1,18,0,440.0
10109758LIMAF_2025-06-24_G68,10109758LIMAF,2025-06-24,109640,1,10,0,565.0
10109758LIMAF_2025-06-25_G02,10109758LIMAF,2025-06-25,111182,1,24,0,1539.0
10109758LIMAF_2025-06-25_G03,10109758LIMAF,2025-06-25,108711,1,16,0,565.0
10109758LIMAF_2025-06-25_G04,10109758LIMAF,2025-06-25,140922,1,20,0,152.0
10109758LIMAF_2025-06-25_G05,10109758LIMAF,2025-06-25,110745,1,20,0,920.0
10109758LIMAF_2025-06-25_G06,10109758LIMAF,2025-06-25,111466,1,24,0,315.0
10109758LIMAF_2025-06-25_G07,10109758LIMAF,2025-06-25,111172,1,20,0,618.0
10109758LIMAF_2025-06-25_G08,10109758LIMAF,2025-06-25,111469,1,24,0,141.0
10109758LIMAF_2025-06-25_G09,10109758LIMAF,2025-06-25,109641,1,20,0,484.0
10109758LIMAF_2025-06-25_G10,10109758LIMAF,2025-06-25,111330,1,16,0,1649.0
10109758LIMAF_2025-06-25_G11,10109758LIMAF,2025-06-25,117821,1,16,0,864.0
10109758LIMAF_2025-06-25_G12,10109758LIMAF,2025-06-25,118140,1,12,0,199.0
10109758LIMAF_2025-06-25_G13,10109758LIMAF,2025-06-25,111465,2,24,8,78.0
10109758LIMAF_2025-06-25_G14,10109758LIMAF,2025-06-25,111437,1,4,0,877.0
10109758LIMAF_2025-06-25_G15,10109758LIMAF,2025-06-25,108759,2,20,7,92.0
10109758LIMAF_2025-06-25_G16,10109758LIMAF,2025-06-25,108771,2,20,14,258.0
10109758LIMAF_2025-06-25_G17,10109758LIMAF,2025-06-25,117836,1,20,0,687.0
10109758LIMAF_2025-06-25_G18,10109758LIMAF,2025-06-25,111437,1,28,0,578.0
10109758LIMAF_2025-06-25_G19,10109758LIMAF,2025-06-25,108770,1,12,0,608.0
10109758LIMAF_2025-06-25_G20,10109758LIMAF,2025-06-25,111444,1,4,0,3042.0
10109758LIMAF_2025-06-25_G21,10109758LIMAF,2025-06-25,117785,1,30,0,271.0
10109758LIMAF_2025-06-25_G22,10109758LIMAF,2025-06-25,108794,1,7,0,341.0
10109758LIMAF_2025-06-25_G23,10109758LIMAF,2025-06-25,111463,1,20,0,198.0
10109758LIMAF_2025-06-25_G24,10109758LIMAF,2025-06-25,110745,1,5,0,290.0
10109758LIMAF_2025-06-25_G25,10109758LIMAF,2025-06-25,111466,1,20,0,429.0
10109758LIMAF_2025-06-25_G26,10109758LIMAF,2025-06-25,117831,1,20,0,307.0
10109758LIMAF_2025-06-25_G27,10109758LIMAF,2025-06-25,111469,1,20,0,804.0
10109758LIMAF_2025-06-25_G28,10109758LIMAF,2025-06-25,111532,1,10,0,373.0
10109758LIMAF_2025-06-25_G29,10109758LIMAF,2025-06-25,110740,1,20,0,234.0
10109758LIMAF_2025-06-25_G30,10109758LIMAF,2025-06-25,111330,1,8,0,263.0
10109758LIMAF_2025-06-25_G31,10109758LIMAF,2025-06-25,110787,2,8,8,147.0
10109758LIMAF_2025-06-25_G32,10109758LIMAF,2025-06-25,117821,1,10,0,219.0
10109758LIMAF_2025-06-25_G33,10109758LIMAF,2025-06-25,118140,1,10,0,257.0
10109758LIMAF_2025-06-25_G34,10109758LIMAF,2025-06-25,111465,1,10,0,130.0
10109758LIMAF_2025-06-25_G35,10109758LIMAF,2025-06-25,111468,1,8,0,63.0
10109758LIMAF_2025-06-25_G37,10109758LIMAF,2025-06-25,110313,1,4,0,340.0
10109758LIMAF_2025-06-25_G38,10109758LIMAF,2025-06-25,117862,1,4,0,213.0
10109758LIMAF_2025-06-25_G39,10109758LIMAF,2025-06-25,118094,1,4,0,76.0
10109758LIMAF_2025-06-25_G40,10109758LIMAF,2025-06-25,110339,1,2,0,72.0
10109758LIMAF_2025-06-25_G41,10109758LIMAF,2025-06-25,111462,1,12,0,145.0
10109758LIMAF_2025-06-25_G42,10109758LIMAF,2025-06-25,109641,1,2,0,117.0
10109758LIMAF_2025-06-26_G02,10109758LIMAF,2025-06-26,111172,1,5,0,231.0
10109758LIMAF_2025-06-26_G03,10109758LIMAF,2025-06-26,111602,1,10,0,134.0
10109758LIMAF_2025-06-26_G04,10109758LIMAF,2025-06-26,141823,1,8,0,2184.0
10109758LIMAF_2025-06-26_G05,10109758LIMAF,2025-06-26,140922,1,4,0,156.0
10109758LIMAF_2025-06-26_G06,10109758LIMAF,2025-06-26,111444,1,4,0,221.0
10109758LIMAF_2025-06-26_G08,10109758LIMAF,2025-06-26,111743,1,3,0,133.0
10109758LIMAF_2025-06-26_G09,10109758LIMAF,2025-06-26,111466,1,3,0,154.0
10109758LIMAF_2025-06-26_G10,10109758LIMAF,2025-06-26,111172,1,16,0,154.0
10109758LIMAF_2025-06-26_G11,10109758LIMAF,2025-06-26,111469,1,12,0,200.0
10109758LIMAF_2025-06-26_G12,10109758LIMAF,2025-06-26,110740,1,50,0,613.0
10109758LIMAF_2025-06-26_G13,10109758LIMAF,2025-06-26,116241,1,18,0,730.0
10109758LIMAF_2025-06-26_G14,10109758LIMAF,2025-06-26,111463,1,39,0,530.0
10109758LIMAF_2025-06-26_G15,10109758LIMAF,2025-06-26,117821,1,8,0,477.0
10109758LIMAF_2025-06-26_G16,10109758LIMAF,2025-06-26,118140,1,8,0,253.0
10109758LIMAF_2025-06-26_G17,10109758LIMAF,2025-06-26,111465,1,10,0,52.0
10109758LIMAF_2025-06-26_G18,10109758LIMAF,2025-06-26,111435,1,8,0,134.0
10109758LIMAF_2025-06-26_G19,10109758LIMAF,2025-06-26,117820,3,160,13,360.0
10109758LIMAF_2025-06-26_G20,10109758LIMAF,2025-06-26,110372,1,1,0,1080.0
10109758LIMAF_2025-06-26_G21,10109758LIMAF,2025-06-26,110376,1,6,0,101.0
10109758LIMAF_2025-06-26_G22,10109758LIMAF,2025-06-26,109643,1,12,0,115.0
10109758LIMAF_2025-06-26_G23,10109758LIMAF,2025-06-26,"110711, 141047",2,8,7,1715.0
10109758LIMAF_2025-06-26_G24,10109758LIMAF,2025-06-26,117841,1,4,0,255.0
10109758LIMAF_2025-06-26_G25,10109758LIMAF,2025-06-26,111466,1,24,0,83.0
10109758LIMAF_2025-06-26_G26,10109758LIMAF,2025-06-26,118222,1,4,0,504.0
10109758LIMAF_2025-06-26_G27,10109758LIMAF,2025-06-26,111439,1,8,0,144.0
10109758LIMAF_2025-06-26_G28,10109758LIMAF,2025-06-26,110313,1,4,0,66.0
10109758LIMAF_2025-06-26_G29,10109758LIMAF,2025-06-26,108711,1,4,0,166.0
10109758LIMAF_2025-06-26_G31,10109758LIMAF,2025-06-26,110711,1,2,0,149.0
10109758LIMAF_2025-06-26_G32,10109758LIMAF,2025-06-26,117856,1,3,0,110.0
10109758LIMAF_2025-06-26_G33,10109758LIMAF,2025-06-26,109640,1,6,0,163.0
10109758LIMAF_2025-06-26_G34,10109758LIMAF,2025-06-26,109640,1,3,0,140.0
10109758LIMAF_2025-06-26_G35,10109758LIMAF,2025-06-26,110711,1,2,0,264.0
10109758LIMAF_2025-06-26_G36,10109758LIMAF,2025-06-26,117856,1,2,0,100.0
10109758LIMAF_2025-06-26_G37,10109758LIMAF,2025-06-26,117808,1,9,0,1890.0
10109758LIMAF_2025-06-26_G38,10109758LIMAF,2025-06-26,110373,1,10,0,203.0
10109758LIMAF_2025-06-26_G39,10109758LIMAF,2025-06-26,110371,1,7,0,227.0
10109758LIMAF_2025-06-27_G02,10109758LIMAF,2025-06-27,111530,1,3,0,116.0
10109758LIMAF_2025-06-27_G03,10109758LIMAF,2025-06-27,117838,1,4,0,90.0
10109758LIMAF_2025-06-27_G04,10109758LIMAF,2025-06-27,110740,1,2,0,132.0
10109758LIMAF_2025-06-27_G05,10109758LIMAF,2025-06-27,117821,1,2,0,131.0
10109758LIMAF_2025-06-27_G06,10109758LIMAF,2025-06-27,117820,1,10,0,58.0
10109758LIMAF_2025-06-27_G07,10109758LIMAF,2025-06-27,110372,1,7,0,104.0
10109758LIMAF_2025-06-27_G08,10109758LIMAF,2025-06-27,117935,1,2,0,589.0
10109758LIMAF_2025-06-27_G09,10109758LIMAF,2025-06-27,110681,1,1,0,211.0
10109758LIMAF_2025-06-27_G10,10109758LIMAF,2025-06-27,111430,1,20,0,1204.0
10109758LIMAF_2025-06-27_G11,10109758LIMAF,2025-06-27,110895,1,1,0,98.0
10109758LIMAF_2025-06-27_G12,10109758LIMAF,2025-06-27,118250,1,4,0,129.0
10109758LIMAF_2025-06-27_G13,10109758LIMAF,2025-06-27,111441,1,20,0,2594.0
10109758LIMAF_2025-06-27_G14,10109758LIMAF,2025-06-27,117862,1,6,0,764.0
10109758LIMAF_2025-06-27_G15,10109758LIMAF,2025-06-27,118094,1,4,0,118.0
10109758LIMAF_2025-06-27_G16,10109758LIMAF,2025-06-27,141047,1,4,0,125.0
10109758LIMAF_2025-06-27_G17,10109758LIMAF,2025-06-27,111530,1,14,0,393.0
10109758LIMAF_2025-06-27_G18,10109758LIMAF,2025-06-27,111444,1,2,0,287.0
10109758LIMAF_2025-06-27_G19,10109758LIMAF,2025-06-27,108795,1,6,0,166.0
10109758LIMAF_2025-06-27_G20,10109758LIMAF,2025-06-27,117785,1,6,0,48.0
10109758LIMAF_2025-06-27_G21,10109758LIMAF,2025-06-27,111442,1,2,0,128.0
10109758LIMAF_2025-06-27_G22,10109758LIMAF,2025-06-27,111435,1,4,0,111.0
10109758LIMAF_2025-06-27_G23,10109758LIMAF,2025-06-27,117808,1,10,0,532.0
10109758LIMAF_2025-06-27_G24,10109758LIMAF,2025-06-27,110374,1,10,0,121.0
10109758LIMAF_2025-06-27_G25,10109758LIMAF,2025-06-27,110371,1,10,0,97.0
10109758LIMAF_2025-06-27_G26,10109758LIMAF,2025-06-27,111441,1,1,0,134.0
10109758LIMAF_2025-06-27_G27,10109758LIMAF,2025-06-27,117862,1,1,0,151.0
10109758LIMAF_2025-06-27_G28,10109758LIMAF,2025-06-27,111467,1,1,0,94.0
10109758LIMAF_2025-06-27_G29,10109758LIMAF,2025-06-27,141823,1,3,0,529.0
10109758LIMAF_2025-06-27_G30,10109758LIMAF,2025-06-27,117808,1,5,0,102.0
10109758LIMAF_2025-06-27_G31,10109758LIMAF,2025-06-27,110371,1,4,0,147.0
10109758LIMAF_2025-06-27_G32,10109758LIMAF,2025-06-27,117820,1,2,0,46.0
10109758LIMAF_2025-06-27_G33,10109758LIMAF,2025-06-27,118253,1,9,0,467.0
10109758LIMAF_2025-06-27_G34,10109758LIMAF,2025-06-27,111430,1,16,0,662.0
10109758LIMAF_2025-06-27_G35,10109758LIMAF,2025-06-27,110747,1,2,0,721.0
10109758LIMAF_2025-06-27_G36,10109758LIMAF,2025-06-27,110895,1,4,0,103.0
10109758LIMAF_2025-06-27_G37,10109758LIMAF,2025-06-27,118306,1,4,0,137.0
10109758LIMAF_2025-06-27_G38,10109758LIMAF,2025-06-27,111441,1,1,0,137.0
10109758LIMAF_2025-06-27_G39,10109758LIMAF,2025-06-27,110339,1,4,0,113.0
10109758LIMAF_2025-06-27_G40,10109758LIMAF,2025-06-27,141047,1,4,0,231.0
10109758LIMAF_2025-06-27_G41,10109758LIMAF,2025-06-27,111467,1,3,0,98.0
10109758LIMAF_2025-06-27_G42,10109758LIMAF,2025-06-27,110752,1,2,0,74.0
10109758LIMAF_2025-06-27_G43,10109758LIMAF,2025-06-27,140922,1,4,0,188.0
10109758LIMAF_2025-06-27_G44,10109758LIMAF,2025-06-27,111466,1,1,0,115.0
10109758LIMAF_2025-06-27_G45,10109758LIMAF,2025-06-27,117821,1,4,0,87.0
10109758LIMAF_2025-06-27_G46,10109758LIMAF,2025-06-27,141823,1,4,0,111.0
10109758LIMAF_2025-06-27_G47,10109758LIMAF,2025-06-27,118140,1,2,0,112.0
10109758LIMAF_2025-06-27_G48,10109758LIMAF,2025-06-27,111441,1,4,0,431.0
10109758LIMAF_2025-06-27_G49,10109758LIMAF,2025-06-27,110515,1,4,0,140.0
10109758LIMAF_2025-06-27_G50,10109758LIMAF,2025-06-27,111467,1,1,0,109.0
10109758LIMAF_2025-06-27_G51,10109758LIMAF,2025-06-27,110313,1,1,0,51.0
10109758LIMAF_2025-06-27_G52,10109758LIMAF,2025-06-27,110752,1,3,0,113.0
10109758LIMAF_2025-06-27_G53,10109758LIMAF,2025-06-27,111463,1,4,0,140.0
10109758LIMAF_2025-06-27_G54,10109758LIMAF,2025-06-27,117831,1,3,0,137.0
10109758LIMAF_2025-06-27_G55,10109758LIMAF,2025-06-27,141823,1,3,0,114.0
10109758LIMAF_2025-06-27_G56,10109758LIMAF,2025-06-27,117832,1,4,0,217.0
10109758LIMAF_2025-06-27_G57,10109758LIMAF,2025-06-27,110374,1,4,0,248.0
10109758LIMAF_2025-06-27_G58,10109758LIMAF,2025-06-27,110371,1,8,0,162.0
10109758LIMAF_2025-06-27_G59,10109758LIMAF,2025-06-27,117820,1,2,0,91.0
10109758LIMAF_2025-06-27_G60,10109758LIMAF,2025-06-27,107892,1,4,0,174.0
10109758LIMAF_2025-06-27_G61,10109758LIMAF,2025-06-27,117786,1,3,0,147.0
10109758LIMAF_2025-06-27_G62,10109758LIMAF,2025-06-27,110711,3,23,18,90.0
10109758LIMAF_2025-06-27_G64,10109758LIMAF,2025-06-27,111418,1,30,0,579.0
10109758LIMAF_2025-06-27_G65,10109758LIMAF,2025-06-27,117808,3,161,18,500.0
10109758LIMAF_2025-06-28_G02,10109758LIMAF,2025-06-28,110741,1,50,0,620.0
10109758LIMAF_2025-06-28_G03,10109758LIMAF,2025-06-28,118094,1,16,0,430.0
10109758LIMAF_2025-06-28_G04,10109758LIMAF,2025-06-28,110339,1,10,0,243.0
10109758LIMAF_2025-06-28_G05,10109758LIMAF,2025-06-28,117837,1,20,0,471.0
10109758LIMAF_2025-06-28_G06,10109758LIMAF,2025-06-28,110313,2,50,7,471.0
10109758LIMAF_2025-06-28_G07,10109758LIMAF,2025-06-28,"108772, 118094",3,26,25,267.0
10109758LIMAF_2025-06-28_G08,10109758LIMAF,2025-06-28,111467,1,8,0,315.0
10109758LIMAF_2025-06-28_G09,10109758LIMAF,2025-06-28,117935,1,35,0,1976.0
10109758LIMAF_2025-06-28_G10,10109758LIMAF,2025-06-28,118290,1,8,0,2740.0
10109758LIMAF_2025-06-28_G11,10109758LIMAF,2025-06-28,118222,1,12,0,550.0
10109758LIMAF_2025-06-28_G12,10109758LIMAF,2025-06-28,118222,1,12,0,71.0
10109758LIMAF_2025-06-28_G13,10109758LIMAF,2025-06-28,111743,1,8,0,1100.0
10109758LIMAF_2025-06-28_G14,10109758LIMAF,2025-06-28,108794,1,8,0,99.0
10109758LIMAF_2025-06-28_G15,10109758LIMAF,2025-06-28,108711,1,8,0,127.0
10109758LIMAF_2025-06-28_G16,10109758LIMAF,2025-06-28,107236,1,12,0,108.0
10109758LIMAF_2025-06-28_G17,10109758LIMAF,2025-06-28,110375,1,12,0,130.0
10109758LIMAF_2025-06-28_G18,10109758LIMAF,2025-06-28,117822,1,8,0,212.0
10109758LIMAF_2025-06-28_G19,10109758LIMAF,2025-06-28,108795,1,8,0,287.0
10109758LIMAF_2025-06-28_G20,10109758LIMAF,2025-06-28,117785,1,4,0,156.0
10109758LIMAF_2025-06-28_G21,10109758LIMAF,2025-06-28,111743,1,4,0,37.0
10109758LIMAF_2025-06-28_G22,10109758LIMAF,2025-06-28,109641,1,4,0,111.0
10109758LIMAF_2025-06-28_G23,10109758LIMAF,2025-06-28,110373,1,4,0,545.0
10109758LIMAF_2025-06-28_G24,10109758LIMAF,2025-06-28,117786,1,4,0,225.0
10109758LIMAF_2025-06-28_G25,10109758LIMAF,2025-06-28,110740,1,7,0,103.0
10109758LIMAF_2025-06-28_G26,10109758LIMAF,2025-06-28,111435,1,4,0,148.0
10109758LIMAF_2025-06-28_G27,10109758LIMAF,2025-06-28,109647,1,6,0,586.0
10109758LIMAF_2025-06-28_G28,10109758LIMAF,2025-06-28,110747,1,32,0,1095.0
10109758LIMAF_2025-06-28_G29,10109758LIMAF,2025-06-28,110751,1,24,0,389.0
10109758LIMAF_2025-06-28_G30,10109758LIMAF,2025-06-28,110745,1,41,0,89.0
10109758LIMAF_2025-06-28_G31,10109758LIMAF,2025-06-28,111462,1,43,0,268.0
10109758LIMAF_2025-06-28_G32,10109758LIMAF,2025-06-28,110313,1,64,0,585.0
10109758LIMAF_2025-06-28_G33,10109758LIMAF,2025-06-28,110711,1,11,0,1105.0
10109758LIMAF_2025-06-28_G34,10109758LIMAF,2025-06-28,110372,1,540,0,1024.0
10109758LIMAF_2025-06-28_G35,10109758LIMAF,2025-06-28,"110374, 110373",2,23,13,1027.0
10109758LIMAF_2025-06-28_G36,10109758LIMAF,2025-06-28,111466,1,41,0,418.0
10109758LIMAF_2025-06-28_G37,10109758LIMAF,2025-06-28,111330,1,20,0,183.0
10109758LIMAF_2025-06-30_G02,10109758LIMAF,2025-06-30,108795,1,22,0,559.0
10109758LIMAF_2025-06-30_G03,10109758LIMAF,2025-06-30,110743,1,12,0,232.0
10109758LIMAF_2025-06-30_G04,10109758LIMAF,2025-06-30,111743,2,24,7,933.0
10109758LIMAF_2025-06-30_G05,10109758LIMAF,2025-06-30,108794,4,152,38,365.0
10109758LIMAF_2025-06-30_G06,10109758LIMAF,2025-06-30,111348,1,5,0,1250.0
10109758LIMAF_2025-06-30_G07,10109758LIMAF,2025-06-30,117838,1,26,0,219.0
10109758LIMAF_2025-06-30_G08,10109758LIMAF,2025-06-30,140922,1,18,0,2924.0
10109758LIMAF_2025-06-30_G09,10109758LIMAF,2025-06-30,110745,1,12,0,109.0
10109758LIMAF_2025-06-30_G10,10109758LIMAF,2025-06-30,108798,2,15,5,822.0
10109758LIMAF_2025-06-30_G11,10109758LIMAF,2025-06-30,109641,1,8,0,137.0
10109758LIMAF_2025-06-30_G12,10109758LIMAF,2025-06-30,111462,1,26,0,95.0
10109758LIMAF_2025-06-30_G13,10109758LIMAF,2025-06-30,110740,1,16,0,355.0
10109758LIMAF_2025-06-30_G14,10109758LIMAF,2025-06-30,111330,2,3,5,324.0
10109758LIMAF_2025-06-30_G15,10109758LIMAF,2025-06-30,110787,2,55,8,122.0
10109758LIMAF_2025-06-30_G16,10109758LIMAF,2025-06-30,109645,2,60,8,334.0
10109758LIMAF_2025-06-30_G17,10109758LIMAF,2025-06-30,117787,1,20,0,436.0
10109758LIMAF_2025-06-30_G18,10109758LIMAF,2025-06-30,111465,2,26,5,235.0
10109758LIMAF_2025-06-30_G19,10109758LIMAF,2025-06-30,"110332, 109645",2,24,27,283.0
10109758LIMAF_2025-06-30_G20,10109758LIMAF,2025-06-30,111660,1,3,0,337.0
10109758LIMAF_2025-06-30_G21,10109758LIMAF,2025-06-30,110834,1,2,0,317.0
10109758LIMAF_2025-06-30_G23,10109758LIMAF,2025-06-30,118285,1,2,0,1070.0
10109758LIMAF_2025-06-30_G24,10109758LIMAF,2025-06-30,118281,1,2,0,96.0
10109758LIMAF_2025-06-30_G26,10109758LIMAF,2025-06-30,109641,1,12,0,155.0
10109758LIMAF_2025-06-30_G27,10109758LIMAF,2025-06-30,110755,1,2,0,288.0
10109758LIMAF_2025-06-30_G28,10109758LIMAF,2025-06-30,111743,1,8,0,136.0
10109758LIMAF_2025-06-30_G29,10109758LIMAF,2025-06-30,111466,1,8,0,135.0
10109758LIMAF_2025-06-30_G30,10109758LIMAF,2025-06-30,110787,1,8,0,96.0
10109758LIMAF_2025-06-30_G31,10109758LIMAF,2025-06-30,110313,1,7,0,613.0
10109758LIMAF_2025-06-30_G32,10109758LIMAF,2025-06-30,111660,1,4,0,207.0
10109758LIMAF_2025-06-30_G33,10109758LIMAF,2025-06-30,109640,1,4,0,243.0
10109758LIMAF_2025-06-30_G34,10109758LIMAF,2025-06-30,120002,1,7,0,312.0
10109758LIMAF_2025-06-30_G35,10109758LIMAF,2025-06-30,117820,1,4,0,207.0
10109758LIMAF_2025-06-30_G36,10109758LIMAF,2025-06-30,109640,1,8,0,546.0
10109758LIMAF_2025-06-30_G37,10109758LIMAF,2025-06-30,111469,1,10,0,1537.0
10109758LIMAF_2025-06-30_G38,10109758LIMAF,2025-06-30,110787,1,12,0,166.0
10109758LIMAF_2025-06-30_G39,10109758LIMAF,2025-06-30,118222,1,8,0,511.0
10109758LIMAF_2025-06-30_G40,10109758LIMAF,2025-06-30,110339,1,3,0,229.0
10109758LIMAF_2025-06-30_G41,10109758LIMAF,2025-06-30,117837,1,8,0,249.0
10109758LIMAF_2025-06-30_G42,10109758LIMAF,2025-06-30,141047,1,8,0,159.0
10109758LIMAF_2025-06-30_G43,10109758LIMAF,2025-06-30,117856,1,4,0,185.0
10109758LIMAF_2025-07-03_G02,10109758LIMAF,2025-07-03,111462,1,104,0,726.0
10109758LIMAF_2025-07-03_G03,10109758LIMAF,2025-07-03,118140,1,174,0,1217.0
10109758LIMAF_2025-07-03_G04,10109758LIMAF,2025-07-03,110325,1,59,0,628.0
10109758LIMAF_2025-07-03_G05,10109758LIMAF,2025-07-03,118140,1,950,0,3068.0
10109758LIMAF_2025-07-03_G08,10109758LIMAF,2025-07-03,117820,1,1200,0,498.0
10109758LIMAF_2025-07-05_G02,10109758LIMAF,2025-07-05,110742,1,6,0,1370.0
10109758LIMAF_2025-07-05_G03,10109758LIMAF,2025-07-05,111850,1,5,0,266.0
10109758LIMAF_2025-07-05_G04,10109758LIMAF,2025-07-05,110841,1,1,0,140.0
10109758LIMAF_2025-07-05_G05,10109758LIMAF,2025-07-05,111447,1,4,0,271.0
10109758LIMAF_2025-07-05_G06,10109758LIMAF,2025-07-05,111441,1,12,0,136.0
10109758LIMAF_2025-07-05_G07,10109758LIMAF,2025-07-05,110755,1,10,0,1268.0
10109758LIMAF_2025-07-05_G08,10109758LIMAF,2025-07-05,110895,1,32,0,713.0
10109758LIMAF_2025-07-05_G09,10109758LIMAF,2025-07-05,110741,1,10,0,978.0
10109758LIMAF_2025-07-05_G10,10109758LIMAF,2025-07-05,107629,1,2,0,401.0
10109758LIMAF_2025-07-05_G11,10109758LIMAF,2025-07-05,111876,1,4,0,48.0
10109758LIMAF_2025-07-05_G12,10109758LIMAF,2025-07-05,110339,1,15,0,80.0
10109758LIMAF_2025-07-05_G13,10109758LIMAF,2025-07-05,110515,1,41,0,335.0
10109758LIMAF_2025-07-05_G14,10109758LIMAF,2025-07-05,109640,1,5,0,955.0
10109758LIMAF_2025-07-05_G15,10109758LIMAF,2025-07-05,141047,2,26,8,460.0
10109758LIMAF_2025-07-05_G16,10109758LIMAF,2025-07-05,109647,1,2,0,243.0
10109758LIMAF_2025-07-05_G17,10109758LIMAF,2025-07-05,117855,1,50,0,164.0
10109758LIMAF_2025-07-05_G18,10109758LIMAF,2025-07-05,111602,2,52,10,308.0
10109758LIMAF_2025-07-05_G19,10109758LIMAF,2025-07-05,111530,1,9,0,161.0
10109758LIMAF_2025-07-05_G20,10109758LIMAF,2025-07-05,117855,1,2,0,57.0
10109758LIMAF_2025-07-05_G21,10109758LIMAF,2025-07-05,117935,1,10,0,189.0
10109758LIMAF_2025-07-05_G22,10109758LIMAF,2025-07-05,110711,1,20,0,398.0
10109758LIMAF_2025-07-05_G23,10109758LIMAF,2025-07-05,117785,1,115,0,561.0
10109758LIMAF_2025-07-05_G24,10109758LIMAF,2025-07-05,110743,1,21,0,805.0
10109758LIMAF_2025-07-05_G25,10109758LIMAF,2025-07-05,110030,1,2,0,963.0
10109758LIMAF_2025-07-05_G26,10109758LIMAF,2025-07-05,110289,1,2,0,113.0
10109758LIMAF_2025-07-05_G27,10109758LIMAF,2025-07-05,117833,1,18,0,916.0
10109758LIMAF_2025-07-05_G28,10109758LIMAF,2025-07-05,117831,1,3,0,272.0
10109758LIMAF_2025-07-05_G29,10109758LIMAF,2025-07-05,111172,1,7,0,64.0
10109758LIMAF_2025-07-05_G30,10109758LIMAF,2025-07-05,118140,1,20,0,868.0
10109758LIMAF_2025-07-05_G32,10109758LIMAF,2025-07-05,117820,1,14,0,435.0
10109758LIMAF_2025-07-05_G33,10109758LIMAF,2025-07-05,110373,2,32,6,202.0
10109758LIMAF_2025-07-05_G34,10109758LIMAF,2025-07-05,110372,1,40,0,1800.0
10109758LIMAF_2025-07-05_G35,10109758LIMAF,2025-07-05,117785,1,5,0,612.0
10109758LIMAF_2025-07-05_G36,10109758LIMAF,2025-07-05,111463,1,20,0,1129.0
10109758LIMAF_2025-07-05_G37,10109758LIMAF,2025-07-05,111469,1,18,0,878.0
10109758LIMAF_2025-07-05_G38,10109758LIMAF,2025-07-05,111466,1,6,0,535.0
10109758LIMAF_2025-07-05_G39,10109758LIMAF,2025-07-05,111431,1,2,0,82.0
10109758LIMAF_2025-07-05_G40,10109758LIMAF,2025-07-05,111418,1,30,0,116.0
10109758LIMAF_2025-07-05_G41,10109758LIMAF,2025-07-05,111462,1,3,0,248.0
10109758LIMAF_2025-07-05_G42,10109758LIMAF,2025-07-05,118140,1,3,0,69.0
10109758LIMAF_2025-07-05_G43,10109758LIMAF,2025-07-05,110787,1,2,0,52.0
10109758LIMAF_2025-07-07_G02,10109758LIMAF,2025-07-07,110747,1,8,0,282.0
10109758LIMAF_2025-07-07_G03,10109758LIMAF,2025-07-07,110741,1,4,0,540.0
10109758LIMAF_2025-07-07_G04,10109758LIMAF,2025-07-07,118094,1,4,0,108.0
10109758LIMAF_2025-07-07_G05,10109758LIMAF,2025-07-07,117786,1,10,0,100.0
10109758LIMAF_2025-07-07_G06,10109758LIMAF,2025-07-07,110515,1,20,0,1472.0
10109758LIMAF_2025-07-07_G09,10109758LIMAF,2025-07-07,117856,1,10,0,316.0
10109758LIMAF_2025-07-07_G10,10109758LIMAF,2025-07-07,110375,1,20,0,342.0
10109758LIMAF_2025-07-07_G11,10109758LIMAF,2025-07-07,117830,1,13,0,257.0
10109758LIMAF_2025-07-07_G12,10109758LIMAF,2025-07-07,110374,1,20,0,168.0
10109758LIMAF_2025-07-07_G13,10109758LIMAF,2025-07-07,111437,1,39,0,519.0
10109758LIMAF_2025-07-07_G14,10109758LIMAF,2025-07-07,111569,1,124,0,1063.0
10109758LIMAF_2025-07-07_G15,10109758LIMAF,2025-07-07,118094,1,70,0,821.0
10109758LIMAF_2025-07-07_G16,10109758LIMAF,2025-07-07,117935,1,6,0,221.0
10109758LIMAF_2025-07-07_G17,10109758LIMAF,2025-07-07,111743,1,296,0,1223.0
10109758LIMAF_2025-07-07_G19,10109758LIMAF,2025-07-07,111466,1,143,0,717.0
10109758LIMAF_2025-07-07_G20,10109758LIMAF,2025-07-07,108798,1,22,0,327.0
10109758LIMAF_2025-07-07_G21,10109758LIMAF,2025-07-07,118140,1,26,0,178.0
10109758LIMAF_2025-07-07_G22,10109758LIMAF,2025-07-07,120002,1,13,0,436.0
10109758LIMAF_2025-07-07_G23,10109758LIMAF,2025-07-07,109643,1,16,0,416.0
10109758LIMAF_2025-07-07_G24,10109758LIMAF,2025-07-07,111330,1,64,0,676.0
10109758LIMAF_2025-07-07_G25,10109758LIMAF,2025-07-07,110376,1,76,0,541.0
10109758LIMAF_2025-07-08_G02,10109758LIMAF,2025-07-08,110375,1,2,0,1056.0
10109758LIMAF_2025-07-08_G03,10109758LIMAF,2025-07-08,"117832, 117808",2,11,27,209.0
10109758LIMAF_2025-07-08_G04,10109758LIMAF,2025-07-08,110373,1,5,0,1338.0
10109758LIMAF_2025-07-08_G05,10109758LIMAF,2025-07-08,117830,1,6,0,1900.0
10109758LIMAF_2025-07-08_G06,10109758LIMAF,2025-07-08,110372,1,18,0,155.0
10109758LIMAF_2025-07-08_G07,10109758LIMAF,2025-07-08,110375,1,15,0,507.0
10109758LIMAF_2025-07-08_G08,10109758LIMAF,2025-07-08,110325,1,1,0,370.0
10109758LIMAF_2025-07-08_G09,10109758LIMAF,2025-07-08,117832,1,3,0,96.0
10109758LIMAF_2025-07-08_G10,10109758LIMAF,2025-07-08,118299,1,45,0,227.0
10109758LIMAF_2025-07-08_G11,10109758LIMAF,2025-07-08,109643,1,14,0,561.0
10109758LIMAF_2025-07-08_G12,10109758LIMAF,2025-07-08,117820,1,14,0,155.0
10109758LIMAF_2025-07-08_G13,10109758LIMAF,2025-07-08,110372,1,78,0,1580.0
10109758LIMAF_2025-07-08_G14,10109758LIMAF,2025-07-08,107830,1,6,0,596.0
10109758LIMAF_2025-07-08_G15,10109758LIMAF,2025-07-08,110371,1,26,0,65.0
10109758LIMAF_2025-07-08_G16,10109758LIMAF,2025-07-08,110376,1,3,0,170.0
10109758LIMAF_2025-07-08_G17,10109758LIMAF,2025-07-08,110373,1,35,0,530.0
10109758LIMAF_2025-07-08_G18,10109758LIMAF,2025-07-08,141202,1,14,0,177.0
10109758LIMAF_2025-07-08_G19,10109758LIMAF,2025-07-08,108794,1,5,0,2003.0
10109758LIMAF_2025-07-08_G20,10109758LIMAF,2025-07-08,110745,1,2,0,703.0
10109758LIMAF_2025-07-08_G21,10109758LIMAF,2025-07-08,"110740, 111463, 140922, 111462",4,39,28,935.0
10109758LIMAF_2025-07-08_G22,10109758LIMAF,2025-07-08,110374,1,60,0,665.0
10109758LIMAF_2025-07-08_G23,10109758LIMAF,2025-07-08,110373,1,2,0,246.0
10109758LIMAF_2025-07-08_G24,10109758LIMAF,2025-07-08,111444,1,4,0,202.0
10109758LIMAF_2025-07-08_G25,10109758LIMAF,2025-07-08,111348,1,1,0,312.0
10109758LIMAF_2025-07-08_G26,10109758LIMAF,2025-07-08,117785,1,27,0,443.0
10109758LIMAF_2025-07-08_G27,10109758LIMAF,2025-07-08,111469,1,70,0,1642.0
10109758LIMAF_2025-07-08_G28,10109758LIMAF,2025-07-08,111443,1,11,0,160.0
10109758LIMAF_2025-07-08_G29,10109758LIMAF,2025-07-08,140922,1,7,0,365.0
10109758LIMAF_2025-07-08_G30,10109758LIMAF,2025-07-08,110745,1,8,0,149.0
10109758LIMAF_2025-07-08_G31,10109758LIMAF,2025-07-08,111466,2,63,6,509.0
10109758LIMAF_2025-07-08_G32,10109758LIMAF,2025-07-08,110740,1,10,0,1059.0
10109758LIMAF_2025-07-08_G33,10109758LIMAF,2025-07-08,111418,1,46,0,288.0
10109758LIMAF_2025-07-08_G34,10109758LIMAF,2025-07-08,118317,1,28,0,429.0
10109758LIMAF_2025-07-08_G36,10109758LIMAF,2025-07-08,110375,1,8,0,821.0
10109758LIMAF_2025-07-08_G37,10109758LIMAF,2025-07-08,110325,1,2,0,73.0
10109758LIMAF_2025-07-08_G38,10109758LIMAF,2025-07-08,117832,1,8,0,44.0
10109758LIMAF_2025-07-08_G39,10109758LIMAF,2025-07-08,117809,2,10,5,49.0
10109758LIMAF_2025-07-08_G40,10109758LIMAF,2025-07-08,118299,2,24,9,98.0
10109758LIMAF_2025-07-08_G41,10109758LIMAF,2025-07-08,117808,2,32,16,83.0
10109758LIMAF_2025-07-10_G02,10109758LIMAF,2025-07-10,111469,1,50,0,145.0
10109758LIMAF_2025-07-10_G03,10109758LIMAF,2025-07-10,117820,1,20,0,3507.0
10109758LIMAF_2025-07-10_G04,10109758LIMAF,2025-07-10,140922,1,5,0,424.0
10109758LIMAF_2025-07-10_G05,10109758LIMAF,2025-07-10,110372,1,1,0,169.0
10109758LIMAF_2025-07-10_G06,10109758LIMAF,2025-07-10,111602,1,4,0,97.0
10109758LIMAF_2025-07-10_G07,10109758LIMAF,2025-07-10,108711,1,4,0,89.0
10109758LIMAF_2025-07-10_G08,10109758LIMAF,2025-07-10,110787,1,4,0,141.0
10109758LIMAF_2025-07-10_G09,10109758LIMAF,2025-07-10,120002,1,2,0,138.0
10109758LIMAF_2025-07-10_G10,10109758LIMAF,2025-07-10,111850,1,8,0,842.0
10109758LIMAF_2025-07-10_G11,10109758LIMAF,2025-07-10,110895,1,8,0,495.0
10109758LIMAF_2025-07-10_G12,10109758LIMAF,2025-07-10,107892,1,4,0,553.0
10109758LIMAF_2025-07-10_G13,10109758LIMAF,2025-07-10,111876,1,4,0,257.0
10109758LIMAF_2025-07-10_G14,10109758LIMAF,2025-07-10,108772,1,6,0,296.0
10109758LIMAF_2025-07-10_G15,10109758LIMAF,2025-07-10,108795,1,8,0,580.0
10109758LIMAF_2025-07-10_G16,10109758LIMAF,2025-07-10,111443,1,8,0,510.0
10109758LIMAF_2025-07-10_G17,10109758LIMAF,2025-07-10,140922,1,12,0,1800.0
10109758LIMAF_2025-07-10_G18,10109758LIMAF,2025-07-10,117841,1,4,0,244.0
10109758LIMAF_2025-07-10_G19,10109758LIMAF,2025-07-10,117821,1,16,0,92.0
10109758LIMAF_2025-07-10_G20,10109758LIMAF,2025-07-10,117831,1,8,0,103.0
10109758LIMAF_2025-07-10_G21,10109758LIMAF,2025-07-10,111431,1,4,0,100.0
10109758LIMAF_2025-07-10_G22,10109758LIMAF,2025-07-10,117842,1,4,0,1253.0
10109758LIMAF_2025-07-10_G23,10109758LIMAF,2025-07-10,111330,1,2,0,126.0
10109758LIMAF_2025-07-10_G24,10109758LIMAF,2025-07-10,117785,1,20,0,407.0
10109758LIMAF_2025-07-10_G25,10109758LIMAF,2025-07-10,117787,1,8,0,62.0
10109758LIMAF_2025-07-10_G26,10109758LIMAF,2025-07-10,111442,1,12,0,122.0
10109758LIMAF_2025-07-10_G27,10109758LIMAF,2025-07-10,111444,1,4,0,90.0
10109758LIMAF_2025-07-10_G28,10109758LIMAF,2025-07-10,118299,1,180,0,418.0
10109758LIMAF_2025-07-10_G29,10109758LIMAF,2025-07-10,160051,1,12,0,218.0
10109758LIMAF_2025-07-10_G31,10109758LIMAF,2025-07-10,117808,6,118,46,400.0
10109758LIMAF_2025-07-10_G32,10109758LIMAF,2025-07-10,109643,1,5,0,1115.0
10109758LIMAF_2025-07-10_G33,10109758LIMAF,2025-07-10,110374,1,12,0,849.0
10109758LIMAF_2025-07-10_G34,10109758LIMAF,2025-07-10,110371,1,2,0,187.0
10109758LIMAF_2025-07-10_G35,10109758LIMAF,2025-07-10,117830,1,2,0,1223.0
10109758LIMAF_2025-07-10_G36,10109758LIMAF,2025-07-10,110373,2,21,6,139.0
10109758LIMAF_2025-07-10_G37,10109758LIMAF,2025-07-10,117861,1,2,0,393.0
10109758LIMAF_2025-07-11_G02,10109758LIMAF,2025-07-11,117831,1,20,0,1269.0
10109758LIMAF_2025-07-11_G03,10109758LIMAF,2025-07-11,111655,1,10,0,279.0
10109758LIMAF_2025-07-11_G04,10109758LIMAF,2025-07-11,118222,1,2,0,2320.0
10109758LIMAF_2025-07-11_G05,10109758LIMAF,2025-07-11,111441,1,2,0,150.0
10109758LIMAF_2025-07-11_G06,10109758LIMAF,2025-07-11,111438,1,4,0,170.0
10109758LIMAF_2025-07-11_G07,10109758LIMAF,2025-07-11,111569,1,4,0,72.0
10109758LIMAF_2025-07-11_G08,10109758LIMAF,2025-07-11,141047,1,2,0,176.0
10109758LIMAF_2025-07-11_G09,10109758LIMAF,2025-07-11,111182,1,1,0,1419.0
10109758LIMAF_2025-07-11_G10,10109758LIMAF,2025-07-11,111433,1,2,0,1923.0
10109758LIMAF_2025-07-11_G11,10109758LIMAF,2025-07-11,110740,1,2,0,323.0
10109758LIMAF_2025-07-11_G12,10109758LIMAF,2025-07-11,110313,1,6,0,183.0
10109758LIMAF_2025-07-11_G13,10109758LIMAF,2025-07-11,111466,1,4,0,391.0
10109758LIMAF_2025-07-11_G14,10109758LIMAF,2025-07-11,118140,1,6,0,145.0
10109758LIMAF_2025-07-11_G15,10109758LIMAF,2025-07-11,107892,1,6,0,164.0
10109758LIMAF_2025-07-11_G16,10109758LIMAF,2025-07-11,111602,1,32,0,1868.0
10109758LIMAF_2025-07-11_G17,10109758LIMAF,2025-07-11,118222,2,11,6,366.0
10109758LIMAF_2025-07-11_G18,10109758LIMAF,2025-07-11,118290,1,2,0,313.0
10109758LIMAF_2025-07-11_G19,10109758LIMAF,2025-07-11,100334,1,2,0,344.0
10109758LIMAF_2025-07-11_G20,10109758LIMAF,2025-07-11,111441,2,8,6,881.0
10109758LIMAF_2025-07-11_G22,10109758LIMAF,2025-07-11,111569,1,1,0,112.0
10109758LIMAF_2025-07-11_G23,10109758LIMAF,2025-07-11,108770,1,2,0,78.0
10109758LIMAF_2025-07-11_G24,10109758LIMAF,2025-07-11,107892,1,2,0,107.0
10109758LIMAF_2025-07-11_G25,10109758LIMAF,2025-07-11,117855,2,5,7,216.0
10109758LIMAF_2025-07-11_G26,10109758LIMAF,2025-07-11,117856,1,4,0,128.0
10109758LIMAF_2025-07-11_G27,10109758LIMAF,2025-07-11,117856,1,4,0,63.0
10109758LIMAF_2025-07-11_G28,10109758LIMAF,2025-07-11,111876,1,2,0,159.0
10109758LIMAF_2025-07-11_G29,10109758LIMAF,2025-07-11,110339,1,2,0,65.0
10109758LIMAF_2025-07-11_G30,10109758LIMAF,2025-07-11,110515,1,11,0,187.0
10109758LIMAF_2025-07-11_G31,10109758LIMAF,2025-07-11,117853,1,1,0,167.0
10109758LIMAF_2025-07-11_G32,10109758LIMAF,2025-07-11,141047,1,2,0,31.0
10109758LIMAF_2025-07-11_G33,10109758LIMAF,2025-07-11,140922,1,2,0,94.0
10109758LIMAF_2025-07-11_G34,10109758LIMAF,2025-07-11,118223,1,1,0,101.0
10109758LIMAF_2025-07-11_G35,10109758LIMAF,2025-07-11,141823,1,2,0,136.0
10109758LIMAF_2025-07-11_G36,10109758LIMAF,2025-07-11,111469,1,8,0,58.0
10109758LIMAF_2025-07-11_G37,10109758LIMAF,2025-07-11,110325,1,2,0,300.0
10109758LIMAF_2025-07-11_G38,10109758LIMAF,2025-07-11,110376,1,2,0,337.0
10109758LIMAF_2025-07-11_G39,10109758LIMAF,2025-07-11,110373,1,4,0,260.0
10109758LIMAF_2025-07-11_G40,10109758LIMAF,2025-07-11,111602,1,1,0,293.0
10109758LIMAF_2025-07-11_G41,10109758LIMAF,2025-07-11,117831,1,4,0,92.0
10109758LIMAF_2025-07-11_G42,10109758LIMAF,2025-07-11,108711,1,4,0,106.0
10109758LIMAF_2025-07-11_G43,10109758LIMAF,2025-07-11,110373,1,4,0,106.0
10109758LIMAF_2025-07-11_G44,10109758LIMAF,2025-07-11,111602,1,4,0,206.0
10109758LIMAF_2025-07-11_G45,10109758LIMAF,2025-07-11,118140,1,10,0,391.0
10109758LIMAF_2025-07-11_G46,10109758LIMAF,2025-07-11,118222,1,4,0,203.0
10109758LIMAF_2025-07-11_G47,10109758LIMAF,2025-07-11,118290,1,2,0,171.0
10109758LIMAF_2025-07-11_G48,10109758LIMAF,2025-07-11,110747,1,3,0,93.0
10109758LIMAF_2025-07-11_G49,10109758LIMAF,2025-07-11,111441,1,2,0,137.0
10109758LIMAF_2025-07-11_G50,10109758LIMAF,2025-07-11,111438,1,8,0,85.0
10109758LIMAF_2025-07-11_G51,10109758LIMAF,2025-07-11,111569,1,9,0,205.0
10109758LIMAF_2025-07-11_G52,10109758LIMAF,2025-07-11,111532,1,20,0,1006.0
10109758LIMAF_2025-07-11_G53,10109758LIMAF,2025-07-11,105705,1,6,0,241.0
10109758LIMAF_2025-07-12_G02,10109758LIMAF,2025-07-12,111436,1,4,0,86.0
10109758LIMAF_2025-07-12_G03,10109758LIMAF,2025-07-12,117789,1,8,0,216.0
10109758LIMAF_2025-07-12_G04,10109758LIMAF,2025-07-12,118094,1,21,0,568.0
10109758LIMAF_2025-07-12_G05,10109758LIMAF,2025-07-12,110339,1,5,0,145.0
10109758LIMAF_2025-07-12_G06,10109758LIMAF,2025-07-12,117786,1,16,0,111.0
10109758LIMAF_2025-07-12_G07,10109758LIMAF,2025-07-12,117837,1,12,0,292.0
10109758LIMAF_2025-07-12_G08,10109758LIMAF,2025-07-12,117853,1,12,0,344.0
10109758LIMAF_2025-07-12_G09,10109758LIMAF,2025-07-12,110711,1,8,0,165.0
10109758LIMAF_2025-07-12_G10,10109758LIMAF,2025-07-12,117935,1,4,0,154.0
10109758LIMAF_2025-07-12_G11,10109758LIMAF,2025-07-12,107236,1,1,0,1436.0
10109758LIMAF_2025-07-12_G12,10109758LIMAF,2025-07-12,117832,1,7,0,159.0
10109758LIMAF_2025-07-12_G13,10109758LIMAF,2025-07-12,118299,1,250,0,668.0
10109758LIMAF_2025-07-12_G14,10109758LIMAF,2025-07-12,109648,1,4,0,298.0
10109758LIMAF_2025-07-12_G15,10109758LIMAF,2025-07-12,110373,1,22,0,141.0
10109758LIMAF_2025-07-12_G16,10109758LIMAF,2025-07-12,160057,1,2,0,514.0
10109758LIMAF_2025-07-12_G17,10109758LIMAF,2025-07-12,160055,1,1,0,146.0
10109758LIMAF_2025-07-12_G18,10109758LIMAF,2025-07-12,160054,1,5,0,79.0
10109758LIMAF_2025-07-12_G19,10109758LIMAF,2025-07-12,160051,1,2,0,137.0
10109758LIMAF_2025-07-12_G20,10109758LIMAF,2025-07-12,111569,1,100,0,2305.0
10109758LIMAF_2025-07-12_G21,10109758LIMAF,2025-07-12,117862,1,150,0,760.0
10109758LIMAF_2025-07-12_G22,10109758LIMAF,2025-07-12,118299,1,435,0,790.0
10109758LIMAF_2025-07-12_G23,10109758LIMAF,2025-07-12,117838,1,30,0,279.0
10109758LIMAF_2025-07-12_G24,10109758LIMAF,2025-07-12,117787,1,200,0,536.0
10109758LIMAF_2025-07-12_G25,10109758LIMAF,2025-07-12,118330,1,100,0,240.0
10109758LIMAF_2025-07-12_G26,10109758LIMAF,2025-07-12,107236,1,40,0,506.0
10109758LIMAF_2025-07-12_G28,10109758LIMAF,2025-07-12,111182,1,9,0,375.0
10109758LIMAF_2025-07-12_G29,10109758LIMAF,2025-07-12,110745,1,8,0,139.0
10109758LIMAF_2025-07-12_G30,10109758LIMAF,2025-07-12,109645,1,50,0,477.0
10109758LIMAF_2025-07-12_G31,10109758LIMAF,2025-07-12,118283,1,20,0,381.0
10109758LIMAF_2025-07-12_G32,10109758LIMAF,2025-07-12,111120,1,11,0,296.0
10109758LIMAF_2025-07-12_G33,10109758LIMAF,2025-07-12,117854,1,9,0,513.0
10109758LIMAF_2025-07-12_G34,10109758LIMAF,2025-07-12,110092,1,6,0,205.0
10109758LIMAF_2025-07-12_G35,10109758LIMAF,2025-07-12,141035,1,8,0,263.0
10109758LIMAF_2025-07-12_G36,10109758LIMAF,2025-07-12,117830,1,60,0,618.0
10109758LIMAF_2025-07-12_G37,10109758LIMAF,2025-07-12,111850,1,40,0,1227.0
10109758LIMAF_2025-07-12_G38,10109758LIMAF,2025-07-12,118418,1,6,0,297.0
10109758LIMAF_2025-07-12_G39,10109758LIMAF,2025-07-12,107254,1,1,0,1490.0
10109758LIMAF_2025-07-12_G40,10109758LIMAF,2025-07-12,110682,1,1,0,383.0
10109758LIMAF_2025-07-14_G02,10109758LIMAF,2025-07-14,117788,1,1,0,102.0
10109758LIMAF_2025-07-14_G03,10109758LIMAF,2025-07-14,110339,1,2,0,72.0
10109758LIMAF_2025-07-14_G04,10109758LIMAF,2025-07-14,117862,1,2,0,143.0
10109758LIMAF_2025-07-14_G05,10109758LIMAF,2025-07-14,141047,1,2,0,76.0
10109758LIMAF_2025-07-14_G06,10109758LIMAF,2025-07-14,117855,1,2,0,88.0
10109758LIMAF_2025-07-14_G07,10109758LIMAF,2025-07-14,111602,1,1,0,426.0
10109758LIMAF_2025-07-14_G08,10109758LIMAF,2025-07-14,108361,1,4,0,84.0
10109758LIMAF_2025-07-14_G09,10109758LIMAF,2025-07-14,111463,1,2,0,1713.0
10109758LIMAF_2025-07-14_G10,10109758LIMAF,2025-07-14,105705,1,2,0,98.0
10109758LIMAF_2025-07-14_G11,10109758LIMAF,2025-07-14,110745,1,4,0,133.0
10109758LIMAF_2025-07-14_G12,10109758LIMAF,2025-07-14,117833,1,1,0,132.0
10109758LIMAF_2025-07-14_G13,10109758LIMAF,2025-07-14,117831,1,4,0,44.0
10109758LIMAF_2025-07-14_G14,10109758LIMAF,2025-07-14,109641,1,2,0,124.0
10109758LIMAF_2025-07-14_G15,10109758LIMAF,2025-07-14,116241,1,2,0,191.0
10109758LIMAF_2025-07-14_G16,10109758LIMAF,2025-07-14,117785,1,4,0,100.0
10109758LIMAF_2025-07-14_G17,10109758LIMAF,2025-07-14,111466,1,3,0,124.0
10109758LIMAF_2025-07-14_G18,10109758LIMAF,2025-07-14,111469,1,2,0,52.0
10109758LIMAF_2025-07-14_G19,10109758LIMAF,2025-07-14,110740,1,2,0,44.0
10109758LIMAF_2025-07-14_G20,10109758LIMAF,2025-07-14,111465,1,2,0,75.0
10109758LIMAF_2025-07-14_G21,10109758LIMAF,2025-07-14,110325,1,2,0,158.0
10109758LIMAF_2025-07-14_G22,10109758LIMAF,2025-07-14,118299,1,4,0,194.0
10109758LIMAF_2025-07-14_G23,10109758LIMAF,2025-07-14,117808,1,2,0,46.0
10109758LIMAF_2025-07-14_G24,10109758LIMAF,2025-07-14,110373,1,2,0,517.0
10109758LIMAF_2025-07-14_G25,10109758LIMAF,2025-07-14,118299,1,100,0,685.0
10109758LIMAF_2025-07-14_G26,10109758LIMAF,2025-07-14,117808,1,100,0,153.0
10109758LIMAF_2025-07-14_G27,10109758LIMAF,2025-07-14,110372,1,50,0,469.0
10109758LIMAF_2025-07-14_G28,10109758LIMAF,2025-07-14,110371,1,50,0,460.0
10109758LIMAF_2025-07-14_G29,10109758LIMAF,2025-07-14,117820,1,50,0,1804.0
10109758LIMAF_2025-07-14_G30,10109758LIMAF,2025-07-14,118299,1,50,0,715.0
10109758LIMAF_2025-07-14_G31,10109758LIMAF,2025-07-14,110376,1,2,0,1570.0
10109758LIMAF_2025-07-14_G32,10109758LIMAF,2025-07-14,109648,1,3,0,36.0
10109758LIMAF_2025-07-14_G33,10109758LIMAF,2025-07-14,117830,1,4,0,63.0
10109758LIMAF_2025-07-14_G34,10109758LIMAF,2025-07-14,141202,1,8,0,94.0
10109758LIMAF_2025-07-14_G35,10109758LIMAF,2025-07-14,111172,1,4,0,582.0
10109758LIMAF_2025-07-14_G36,10109758LIMAF,2025-07-14,111532,1,3,0,78.0
10109758LIMAF_2025-07-14_G37,10109758LIMAF,2025-07-14,110740,1,2,0,105.0
10109758LIMAF_2025-07-14_G38,10109758LIMAF,2025-07-14,111468,1,4,0,56.0
10109758LIMAF_2025-07-14_G39,10109758LIMAF,2025-07-14,107888,1,2,0,1270.0
10109758LIMAF_2025-07-14_G40,10109758LIMAF,2025-07-14,109497,1,2,0,158.0
10109758LIMAF_2025-07-14_G42,10109758LIMAF,2025-07-14,110339,1,4,0,121.0
10109758LIMAF_2025-07-14_G43,10109758LIMAF,2025-07-14,117786,1,4,0,77.0
10109758LIMAF_2025-07-14_G44,10109758LIMAF,2025-07-14,117855,1,4,0,135.0
10109758LIMAF_2025-07-14_G45,10109758LIMAF,2025-07-14,118403,1,1,0,158.0
10109758LIMAF_2025-07-14_G46,10109758LIMAF,2025-07-14,111602,1,5,0,59.0
10109758LIMAF_2025-07-14_G47,10109758LIMAF,2025-07-14,111463,1,4,0,496.0
10109758LIMAF_2025-07-14_G48,10109758LIMAF,2025-07-14,110743,1,2,0,429.0
10109758LIMAF_2025-07-14_G49,10109758LIMAF,2025-07-14,105705,1,2,0,84.0
10109758LIMAF_2025-07-14_G50,10109758LIMAF,2025-07-14,117821,1,4,0,85.0
10109758LIMAF_2025-07-14_G51,10109758LIMAF,2025-07-14,117833,1,6,0,64.0
10109758LIMAF_2025-07-14_G52,10109758LIMAF,2025-07-14,108798,1,4,0,68.0
10109758LIMAF_2025-07-14_G53,10109758LIMAF,2025-07-14,110787,1,6,0,107.0
10109758LIMAF_2025-07-14_G54,10109758LIMAF,2025-07-14,111469,1,4,0,115.0
10109758LIMAF_2025-07-14_G55,10109758LIMAF,2025-07-14,118298,1,2,0,850.0
10109758LIMAF_2025-07-14_G56,10109758LIMAF,2025-07-14,117853,1,2,0,124.0
10109758LIMAF_2025-07-14_G57,10109758LIMAF,2025-07-14,141047,1,2,0,48.0
10109758LIMAF_2025-07-14_G58,10109758LIMAF,2025-07-14,110711,1,2,0,257.0
10109758LIMAF_2025-07-14_G59,10109758LIMAF,2025-07-14,111602,1,3,0,133.0
10109758LIMAF_2025-07-14_G60,10109758LIMAF,2025-07-14,117935,1,2,0,98.0
10109758LIMAF_2025-07-14_G61,10109758LIMAF,2025-07-14,117808,1,12,0,156.0
10109758LIMAF_2025-07-14_G62,10109758LIMAF,2025-07-14,117830,1,4,0,120.0
10109758LIMAF_2025-07-14_G63,10109758LIMAF,2025-07-14,117822,1,2,0,85.0
10109758LIMAF_2025-07-14_G64,10109758LIMAF,2025-07-14,"110339, 110515",2,3,21,812.0
10109758LIMAF_2025-07-14_G65,10109758LIMAF,2025-07-14,117853,1,2,0,56.0
10109758LIMAF_2025-07-14_G66,10109758LIMAF,2025-07-14,141823,1,2,0,225.0
10109758LIMAF_2025-07-14_G67,10109758LIMAF,2025-07-14,111466,1,4,0,53.0
10109758LIMAF_2025-07-14_G68,10109758LIMAF,2025-07-14,111469,1,4,0,42.0
10109758LIMAF_2025-07-14_G69,10109758LIMAF,2025-07-14,111468,1,4,0,102.0
10109758LIMAF_2025-07-14_G70,10109758LIMAF,2025-07-14,118299,1,20,0,154.0
10109758LIMAF_2025-07-14_G71,10109758LIMAF,2025-07-14,117808,1,10,0,120.0
10109758LIMAF_2025-07-14_G72,10109758LIMAF,2025-07-14,117830,1,4,0,104.0
10109758LIMAF_2025-07-14_G73,10109758LIMAF,2025-07-14,110373,1,4,0,110.0
10109758LIMAF_2025-07-14_G74,10109758LIMAF,2025-07-14,111469,1,2,0,596.0
10109758LIMAF_2025-07-14_G75,10109758LIMAF,2025-07-14,111172,1,2,0,167.0
10109758LIMAF_2025-07-14_G76,10109758LIMAF,2025-07-14,105705,1,2,0,269.0
10109758LIMAF_2025-07-15_G02,10109758LIMAF,2025-07-15,107892,1,2,0,169.0
10109758LIMAF_2025-07-15_G03,10109758LIMAF,2025-07-15,117789,1,9,0,49.0
10109758LIMAF_2025-07-15_G04,10109758LIMAF,2025-07-15,110833,1,1,0,518.0
10109758LIMAF_2025-07-15_G05,10109758LIMAF,2025-07-15,110500,2,25,8,297.0
10109758LIMAF_2025-07-15_G06,10109758LIMAF,2025-07-15,111120,1,9,0,2504.0
10109758LIMAF_2025-07-15_G07,10109758LIMAF,2025-07-15,117834,1,4,0,137.0
10109758LIMAF_2025-07-15_G08,10109758LIMAF,2025-07-15,110755,1,1,0,84.0
10109758LIMAF_2025-07-15_G09,10109758LIMAF,2025-07-15,108759,1,7,0,90.0
10109758LIMAF_2025-07-15_G10,10109758LIMAF,2025-07-15,111793,1,1,0,344.0
10109758LIMAF_2025-07-15_G11,10109758LIMAF,2025-07-15,110339,1,13,0,766.0
10109758LIMAF_2025-07-15_G12,10109758LIMAF,2025-07-15,140957,1,4,0,145.0
10109758LIMAF_2025-07-15_G13,10109758LIMAF,2025-07-15,117862,1,12,0,191.0
10109758LIMAF_2025-07-15_G14,10109758LIMAF,2025-07-15,118403,1,10,0,55.0
10109758LIMAF_2025-07-15_G15,10109758LIMAF,2025-07-15,117856,1,20,0,297.0
10109758LIMAF_2025-07-15_G16,10109758LIMAF,2025-07-15,111443,1,2,0,276.0
10109758LIMAF_2025-07-15_G17,10109758LIMAF,2025-07-15,111431,1,4,0,64.0
10109758LIMAF_2025-07-15_G18,10109758LIMAF,2025-07-15,111418,1,20,0,391.0
10109758LIMAF_2025-07-15_G19,10109758LIMAF,2025-07-15,108711,1,20,0,225.0
10109758LIMAF_2025-07-15_G20,10109758LIMAF,2025-07-15,118317,1,19,0,123.0
10109758LIMAF_2025-07-15_G21,10109758LIMAF,2025-07-15,111469,1,50,0,196.0
10109758LIMAF_2025-07-15_G22,10109758LIMAF,2025-07-15,114091,1,8,0,486.0
10109758LIMAF_2025-07-15_G24,10109758LIMAF,2025-07-15,111438,1,6,0,782.0
10109758LIMAF_2025-07-15_G25,10109758LIMAF,2025-07-15,105705,1,12,0,394.0
10109758LIMAF_2025-07-15_G26,10109758LIMAF,2025-07-15,118306,1,4,0,465.0
10109758LIMAF_2025-07-15_G27,10109758LIMAF,2025-07-15,111441,1,4,0,121.0
10109758LIMAF_2025-07-15_G28,10109758LIMAF,2025-07-15,110339,1,6,0,546.0
10109758LIMAF_2025-07-15_G29,10109758LIMAF,2025-07-15,117856,1,6,0,799.0
10109758LIMAF_2025-07-15_G30,10109758LIMAF,2025-07-15,111530,1,2,0,148.0
10109758LIMAF_2025-07-15_G31,10109758LIMAF,2025-07-15,111435,1,2,0,266.0
10109758LIMAF_2025-07-15_G32,10109758LIMAF,2025-07-15,111172,1,2,0,197.0
10109758LIMAF_2025-07-15_G33,10109758LIMAF,2025-07-15,105705,1,3,0,116.0
10109758LIMAF_2025-07-15_G34,10109758LIMAF,2025-07-15,110751,1,6,0,76.0
10109758LIMAF_2025-07-15_G35,10109758LIMAF,2025-07-15,117833,1,3,0,132.0
10109758LIMAF_2025-07-15_G36,10109758LIMAF,2025-07-15,111431,1,2,0,64.0
10109758LIMAF_2025-07-15_G37,10109758LIMAF,2025-07-15,118299,1,7,0,535.0
10109758LIMAF_2025-07-15_G38,10109758LIMAF,2025-07-15,110372,1,4,0,140.0
10109758LIMAF_2025-07-15_G39,10109758LIMAF,2025-07-15,110371,1,3,0,99.0
10109758LIMAF_2025-07-15_G40,10109758LIMAF,2025-07-15,117820,1,50,0,452.0
10109758LIMAF_2025-07-16_G02,10109758LIMAF,2025-07-16,117786,1,3,0,53.0
10109758LIMAF_2025-07-16_G03,10109758LIMAF,2025-07-16,111467,1,4,0,95.0
10109758LIMAF_2025-07-16_G04,10109758LIMAF,2025-07-16,108794,1,8,0,2157.0
10109758LIMAF_2025-07-16_G05,10109758LIMAF,2025-07-16,111462,1,2,0,155.0
10109758LIMAF_2025-07-16_G06,10109758LIMAF,2025-07-16,111418,1,22,0,191.0
10109758LIMAF_2025-07-16_G07,10109758LIMAF,2025-07-16,118140,1,10,0,338.0
10109758LIMAF_2025-07-16_G08,10109758LIMAF,2025-07-16,108711,1,6,0,140.0
10109758LIMAF_2025-07-16_G09,10109758LIMAF,2025-07-16,117785,1,4,0,117.0
10109758LIMAF_2025-07-16_G10,10109758LIMAF,2025-07-16,117831,1,2,0,109.0
10109758LIMAF_2025-07-16_G11,10109758LIMAF,2025-07-16,141823,1,6,0,44.0
10109758LIMAF_2025-07-16_G12,10109758LIMAF,2025-07-16,111465,1,4,0,207.0
10109758LIMAF_2025-07-16_G13,10109758LIMAF,2025-07-16,111468,1,3,0,247.0
10109758LIMAF_2025-07-16_G14,10109758LIMAF,2025-07-16,109643,1,2,0,367.0
10109758LIMAF_2025-07-16_G15,10109758LIMAF,2025-07-16,110374,1,4,0,81.0
10109758LIMAF_2025-07-16_G16,10109758LIMAF,2025-07-16,110371,1,4,0,111.0
10109758LIMAF_2025-07-16_G17,10109758LIMAF,2025-07-16,141202,1,4,0,114.0
10109758LIMAF_2025-07-16_G18,10109758LIMAF,2025-07-16,118094,1,3,0,143.0
10109758LIMAF_2025-07-16_G19,10109758LIMAF,2025-07-16,117853,1,4,0,656.0
10109758LIMAF_2025-07-16_G20,10109758LIMAF,2025-07-16,111602,1,2,0,117.0
10109758LIMAF_2025-07-16_G21,10109758LIMAF,2025-07-16,101217,1,1,0,89.0
10109758LIMAF_2025-07-16_G22,10109758LIMAF,2025-07-16,110313,1,1,0,73.0
10109758LIMAF_2025-07-16_G23,10109758LIMAF,2025-07-16,117935,1,4,0,51.0
10109758LIMAF_2025-07-16_G24,10109758LIMAF,2025-07-16,110747,1,24,0,2593.0
10109758LIMAF_2025-07-16_G25,10109758LIMAF,2025-07-16,110747,1,36,0,121.0
10109758LIMAF_2025-07-16_G26,10109758LIMAF,2025-07-16,117861,1,40,0,847.0
10109758LIMAF_2025-07-16_G27,10109758LIMAF,2025-07-16,109647,1,37,0,389.0
10109758LIMAF_2025-07-16_G28,10109758LIMAF,2025-07-16,107263,3,112,20,274.0
10109758LIMAF_2025-07-16_G29,10109758LIMAF,2025-07-16,110743,2,45,7,1294.0
10109758LIMAF_2025-07-16_G30,10109758LIMAF,2025-07-16,111348,1,53,0,294.0
10109758LIMAF_2025-07-16_G31,10109758LIMAF,2025-07-16,111443,1,18,0,546.0
10109758LIMAF_2025-07-16_G32,10109758LIMAF,2025-07-16,111182,1,99,0,1567.0
10109758LIMAF_2025-07-16_G33,10109758LIMAF,2025-07-16,117821,1,14,0,174.0
10109758LIMAF_2025-07-16_G34,10109758LIMAF,2025-07-16,111330,1,12,0,206.0
10109758LIMAF_2025-07-16_G35,10109758LIMAF,2025-07-16,111442,1,34,0,200.0
10109758LIMAF_2025-07-16_G36,10109758LIMAF,2025-07-16,110376,1,39,0,458.0
10109758LIMAF_2025-07-16_G37,10109758LIMAF,2025-07-16,109643,1,12,0,311.0
10109758LIMAF_2025-07-17_G02,10109758LIMAF,2025-07-17,117862,1,5,0,405.0
10109758LIMAF_2025-07-17_G03,10109758LIMAF,2025-07-17,111467,1,4,0,104.0
10109758LIMAF_2025-07-17_G04,10109758LIMAF,2025-07-17,108794,1,7,0,160.0
10109758LIMAF_2025-07-17_G05,10109758LIMAF,2025-07-17,117821,1,4,0,103.0
10109758LIMAF_2025-07-17_G06,10109758LIMAF,2025-07-17,111418,1,29,0,178.0
10109758LIMAF_2025-07-17_G07,10109758LIMAF,2025-07-17,117831,1,3,0,356.0
10109758LIMAF_2025-07-17_G08,10109758LIMAF,2025-07-17,111466,1,8,0,310.0
10109758LIMAF_2025-07-17_G09,10109758LIMAF,2025-07-17,111469,1,7,0,106.0
10109758LIMAF_2025-07-17_G10,10109758LIMAF,2025-07-17,118299,1,118,0,146.0
10109758LIMAF_2025-07-17_G11,10109758LIMAF,2025-07-17,117832,1,11,0,215.0
10109758LIMAF_2025-07-17_G12,10109758LIMAF,2025-07-17,118094,1,200,0,2032.0
10109758LIMAF_2025-07-17_G13,10109758LIMAF,2025-07-17,117855,1,50,0,350.0
10109758LIMAF_2025-07-17_G14,10109758LIMAF,2025-07-17,117821,1,310,0,830.0
10109758LIMAF_2025-07-17_G16,10109758LIMAF,2025-07-17,111602,1,5,0,220.0
10109758LIMAF_2025-07-17_G17,10109758LIMAF,2025-07-17,118140,1,4,0,200.0
10109758LIMAF_2025-07-17_G18,10109758LIMAF,2025-07-17,140922,1,2,0,93.0
10109758LIMAF_2025-07-17_G19,10109758LIMAF,2025-07-17,111418,1,2,0,95.0
10109758LIMAF_2025-07-17_G20,10109758LIMAF,2025-07-17,117831,1,4,0,96.0
10109758LIMAF_2025-07-17_G21,10109758LIMAF,2025-07-17,118140,1,2,0,132.0
10109758LIMAF_2025-07-17_G22,10109758LIMAF,2025-07-17,109641,1,2,0,532.0
10109758LIMAF_2025-07-17_G24,10109758LIMAF,2025-07-17,111463,1,1,0,124.0
10109758LIMAF_2025-07-17_G25,10109758LIMAF,2025-07-17,108794,1,2,0,157.0
10109758LIMAF_2025-07-17_G26,10109758LIMAF,2025-07-17,111418,1,4,0,87.0
10109758LIMAF_2025-07-17_G27,10109758LIMAF,2025-07-17,108711,1,4,0,64.0
10109758LIMAF_2025-07-17_G28,10109758LIMAF,2025-07-17,117831,1,10,0,93.0
10109758LIMAF_2025-07-17_G29,10109758LIMAF,2025-07-17,111466,1,2,0,405.0
10109758LIMAF_2025-07-17_G30,10109758LIMAF,2025-07-17,111469,1,2,0,58.0
10109758LIMAF_2025-07-17_G31,10109758LIMAF,2025-07-17,111468,1,2,0,102.0
10109758LIMAF_2025-07-17_G32,10109758LIMAF,2025-07-17,110325,1,2,0,139.0
10109758LIMAF_2025-07-17_G33,10109758LIMAF,2025-07-17,117809,1,2,0,38.0
10109758LIMAF_2025-07-17_G34,10109758LIMAF,2025-07-17,117808,1,35,0,588.0
10109758LIMAF_2025-07-17_G35,10109758LIMAF,2025-07-17,110374,1,4,0,327.0
10109758LIMAF_2025-07-17_G36,10109758LIMAF,2025-07-17,110376,1,2,0,117.0
10109758LIMAF_2025-07-17_G37,10109758LIMAF,2025-07-17,118299,1,12,0,234.0
10109758LIMAF_2025-07-17_G38,10109758LIMAF,2025-07-17,110373,1,2,0,319.0
10109758LIMAF_2025-07-17_G39,10109758LIMAF,2025-07-17,109641,1,4,0,252.0
10109758LIMAF_2025-07-17_G40,10109758LIMAF,2025-07-17,110374,1,16,0,284.0
10109758LIMAF_2025-07-17_G41,10109758LIMAF,2025-07-17,118094,1,17,0,1617.0
10109758LIMAF_2025-07-17_G42,10109758LIMAF,2025-07-17,110339,1,4,0,109.0
10109758LIMAF_2025-07-17_G43,10109758LIMAF,2025-07-17,110711,1,4,0,98.0
10109758LIMAF_2025-07-17_G44,10109758LIMAF,2025-07-17,111602,1,19,0,63.0
10109758LIMAF_2025-07-17_G45,10109758LIMAF,2025-07-17,110515,1,7,0,182.0
10109758LIMAF_2025-07-17_G46,10109758LIMAF,2025-07-17,110313,1,9,0,101.0
10109758LIMAF_2025-07-17_G47,10109758LIMAF,2025-07-17,111463,1,15,0,382.0
10109758LIMAF_2025-07-17_G48,10109758LIMAF,2025-07-17,111172,1,8,0,106.0
10109758LIMAF_2025-07-17_G49,10109758LIMAF,2025-07-17,140922,1,12,0,132.0
10109758LIMAF_2025-07-17_G50,10109758LIMAF,2025-07-17,111418,1,25,0,136.0
10109758LIMAF_2025-07-17_G51,10109758LIMAF,2025-07-17,111465,1,4,0,179.0
10109758LIMAF_2025-07-17_G52,10109758LIMAF,2025-07-17,117830,1,9,0,221.0
10109758LIMAF_2025-07-17_G53,10109758LIMAF,2025-07-17,117832,1,9,0,100.0
10109758LIMAF_2025-07-17_G54,10109758LIMAF,2025-07-17,117808,1,30,0,100.0
10109758LIMAF_2025-07-17_G55,10109758LIMAF,2025-07-17,110374,1,10,0,222.0
10109758LIMAF_2025-07-17_G56,10109758LIMAF,2025-07-17,110372,1,30,0,107.0
10109758LIMAF_2025-07-18_G02,10109758LIMAF,2025-07-18,111462,1,50,0,1272.0
10109758LIMAF_2025-07-18_G03,10109758LIMAF,2025-07-18,111463,1,50,0,3430.0
10109758LIMAF_2025-07-18_G04,10109758LIMAF,2025-07-18,111469,1,30,0,412.0
10109758LIMAF_2025-07-18_G05,10109758LIMAF,2025-07-18,111466,1,50,0,433.0
10109758LIMAF_2025-07-18_G06,10109758LIMAF,2025-07-18,117820,1,50,0,1333.0
10109758LIMAF_2025-07-18_G07,10109758LIMAF,2025-07-18,117830,1,20,0,204.0
10109758LIMAF_2025-07-18_G08,10109758LIMAF,2025-07-18,117832,1,20,0,96.0
10109758LIMAF_2025-07-18_G09,10109758LIMAF,2025-07-18,117855,1,1,0,2314.0
10109758LIMAF_2025-07-18_G10,10109758LIMAF,2025-07-18,111530,1,1,0,74.0
10109758LIMAF_2025-07-18_G11,10109758LIMAF,2025-07-18,111466,1,5,0,87.0
10109758LIMAF_2025-07-18_G12,10109758LIMAF,2025-07-18,110743,1,5,0,204.0
10109758LIMAF_2025-07-18_G13,10109758LIMAF,2025-07-18,111469,1,4,0,108.0
10109758LIMAF_2025-07-18_G14,10109758LIMAF,2025-07-18,118299,1,12,0,88.0
10109758LIMAF_2025-07-18_G15,10109758LIMAF,2025-07-18,111530,1,4,0,138.0
10109758LIMAF_2025-07-18_G16,10109758LIMAF,2025-07-18,141823,1,8,0,181.0
10109758LIMAF_2025-07-18_G17,10109758LIMAF,2025-07-18,110373,1,8,0,760.0
10109758LIMAF_2025-07-18_G18,10109758LIMAF,2025-07-18,118299,2,49,6,325.0
10109758LIMAF_2025-07-18_G19,10109758LIMAF,2025-07-18,141202,1,2,0,624.0
10109758LIMAF_2025-07-18_G20,10109758LIMAF,2025-07-18,117822,1,1,0,67.0
10109758LIMAF_2025-07-18_G21,10109758LIMAF,2025-07-18,117820,2,24,14,54.0
10109758LIMAF_2025-07-18_G22,10109758LIMAF,2025-07-18,110375,1,2,0,153.0
10109758LIMAF_2025-07-18_G23,10109758LIMAF,2025-07-18,117832,1,8,0,93.0
10109758LIMAF_2025-07-18_G24,10109758LIMAF,2025-07-18,117808,1,8,0,480.0
10109758LIMAF_2025-07-18_G25,10109758LIMAF,2025-07-18,110372,1,30,0,98.0
10109758LIMAF_2025-07-18_G26,10109758LIMAF,2025-07-18,118222,1,11,0,1047.0
10109758LIMAF_2025-07-18_G28,10109758LIMAF,2025-07-18,118140,1,20,0,235.0
10109758LIMAF_2025-07-18_G29,10109758LIMAF,2025-07-18,140922,1,10,0,182.0
10109758LIMAF_2025-07-18_G30,10109758LIMAF,2025-07-18,111462,1,20,0,338.0
10109758LIMAF_2025-07-18_G31,10109758LIMAF,2025-07-18,111418,1,60,0,1508.0
10109758LIMAF_2025-07-18_G32,10109758LIMAF,2025-07-18,117785,1,30,0,1956.0
10109758LIMAF_2025-07-18_G33,10109758LIMAF,2025-07-18,117831,1,20,0,133.0
10109758LIMAF_2025-07-18_G34,10109758LIMAF,2025-07-18,111469,1,60,0,327.0
10109758LIMAF_2025-07-18_G35,10109758LIMAF,2025-07-18,111466,1,70,0,273.0
10109758LIMAF_2025-07-18_G36,10109758LIMAF,2025-07-18,111468,1,12,0,407.0
10109758LIMAF_2025-07-18_G37,10109758LIMAF,2025-07-18,117808,1,300,0,364.0
10109758LIMAF_2025-07-18_G38,10109758LIMAF,2025-07-18,110371,1,70,0,195.0
10109758LIMAF_2025-07-18_G39,10109758LIMAF,2025-07-18,110372,1,150,0,482.0
10109758LIMAF_2025-07-18_G40,10109758LIMAF,2025-07-18,107830,1,2,0,443.0
10109758LIMAF_2025-07-19_G02,10109758LIMAF,2025-07-19,118191,1,1900,0,3498.0
10109758LIMAF_2025-07-19_G03,10109758LIMAF,2025-07-19,110711,1,30,0,899.0
10109758LIMAF_2025-07-19_G04,10109758LIMAF,2025-07-19,109641,1,20,0,2131.0
10109758LIMAF_2025-07-19_G05,10109758LIMAF,2025-07-19,108794,1,700,0,1359.0
10109758LIMAF_2025-07-19_G06,10109758LIMAF,2025-07-19,110371,1,1000,0,1238.0
10109758LIMAF_2025-07-19_G07,10109758LIMAF,2025-07-19,117855,1,4,0,2688.0
10109758LIMAF_2025-07-19_G08,10109758LIMAF,2025-07-19,111530,1,4,0,427.0
10109758LIMAF_2025-07-19_G09,10109758LIMAF,2025-07-19,117834,1,5,0,225.0
10109758LIMAF_2025-07-19_G10,10109758LIMAF,2025-07-19,111569,1,4,0,955.0
10109758LIMAF_2025-07-19_G11,10109758LIMAF,2025-07-19,117855,1,10,0,199.0
10109758LIMAF_2025-07-19_G12,10109758LIMAF,2025-07-19,111439,1,10,0,910.0
10109758LIMAF_2025-07-21_G02,10109758LIMAF,2025-07-21,124624,1,4,0,180.0
10109758LIMAF_2025-07-21_G03,10109758LIMAF,2025-07-21,122962,1,8,0,473.0
10109758LIMAF_2025-07-21_G04,10109758LIMAF,2025-07-21,120339,1,2,0,115.0
10109758LIMAF_2025-07-21_G05,10109758LIMAF,2025-07-21,122673,1,6,0,780.0
10109758LIMAF_2025-07-21_G06,10109758LIMAF,2025-07-21,122189,1,4,0,191.0
10109758LIMAF_2025-07-21_G07,10109758LIMAF,2025-07-21,122196,1,14,0,389.0
10109758LIMAF_2025-07-21_G08,10109758LIMAF,2025-07-21,123889,1,2,0,372.0
10109758LIMAF_2025-07-21_G09,10109758LIMAF,2025-07-21,122185,1,20,0,401.0
10109758LIMAF_2025-07-21_G10,10109758LIMAF,2025-07-21,122962,1,32,0,677.0
10109758LIMAF_2025-07-21_G11,10109758LIMAF,2025-07-21,120339,1,4,0,349.0
10109758LIMAF_2025-07-22_G02,10109758LIMAF,2025-07-22,117820,1,111,0,333.0
10109758LIMAF_2025-07-22_G03,10109758LIMAF,2025-07-22,117830,1,40,0,483.0
10109758LIMAF_2025-07-22_G04,10109758LIMAF,2025-07-22,110374,1,30,0,267.0
10109758LIMAF_2025-07-22_G05,10109758LIMAF,2025-07-22,107830,1,35,0,504.0
10109758LIMAF_2025-07-22_G06,10109758LIMAF,2025-07-22,117855,1,4,0,2629.0
10109758LIMAF_2025-07-22_G07,10109758LIMAF,2025-07-22,111418,1,350,0,1641.0
10109758LIMAF_2025-07-22_G08,10109758LIMAF,2025-07-22,118140,1,40,0,2354.0
10109758LIMAF_2025-07-22_G09,10109758LIMAF,2025-07-22,117785,1,30,0,403.0
10109758LIMAF_2025-07-22_G10,10109758LIMAF,2025-07-22,108798,1,9,0,379.0
10109758LIMAF_2025-07-22_G11,10109758LIMAF,2025-07-22,107888,1,20,0,482.0
10109758LIMAF_2025-07-22_G12,10109758LIMAF,2025-07-22,141313,1,5,0,525.0
10109758LIMAF_2025-07-22_G13,10109758LIMAF,2025-07-22,111792,1,20,0,1141.0
10109758LIMAF_2025-07-22_G14,10109758LIMAF,2025-07-22,118442,1,5,0,551.0
10109758LIMAF_2025-07-22_G15,10109758LIMAF,2025-07-22,118169,1,8,0,1786.0
10109758LIMAF_2025-07-22_G16,10109758LIMAF,2025-07-22,118253,1,8,0,391.0
10109758LIMAF_2025-07-22_G18,10109758LIMAF,2025-07-22,118363,1,2,0,123.0
10109758LIMAF_2025-07-22_G19,10109758LIMAF,2025-07-22,107254,1,14,0,252.0
10109758LIMAF_2025-07-22_G20,10109758LIMAF,2025-07-22,118251,1,8,0,137.0
10109758LIMAF_2025-07-22_G21,10109758LIMAF,2025-07-22,108031,1,1,0,169.0
10109758LIMAF_2025-07-22_G22,10109758LIMAF,2025-07-22,118417,1,16,0,81.0
10109758LIMAF_2025-07-22_G23,10109758LIMAF,2025-07-22,118094,1,20,0,375.0
10109758LIMAF_2025-07-22_G24,10109758LIMAF,2025-07-22,104534,1,1,0,339.0
10109758LIMAF_2025-07-22_G25,10109758LIMAF,2025-07-22,118416,1,12,0,54.0
10109758LIMAF_2025-07-22_G26,10109758LIMAF,2025-07-22,141066,1,30,0,187.0
10109758LIMAF_2025-07-22_G27,10109758LIMAF,2025-07-22,105470,1,3,0,287.0
10109758LIMAF_2025-07-22_G28,10109758LIMAF,2025-07-22,105242,1,8,0,272.0
10109758LIMAF_2025-07-22_G29,10109758LIMAF,2025-07-22,105744,1,2,0,340.0
10109758LIMAF_2025-07-23_G02,10109758LIMAF,2025-07-23,110515,1,76,0,1000.0
10109758LIMAF_2025-07-23_G03,10109758LIMAF,2025-07-23,117833,1,60,0,1200.0
10109758LIMAF_2025-07-23_G04,10109758LIMAF,2025-07-23,111532,1,24,0,2828.0
10109758LIMAF_2025-07-23_G05,10109758LIMAF,2025-07-23,109641,1,12,0,130.0
10109758LIMAF_2025-07-23_G06,10109758LIMAF,2025-07-23,109645,1,22,0,483.0
10109758LIMAF_2025-07-23_G07,10109758LIMAF,2025-07-23,118140,1,30,0,227.0
10109758LIMAF_2025-07-23_G08,10109758LIMAF,2025-07-23,111728,1,36,0,334.0
10109758LIMAF_2025-07-23_G09,10109758LIMAF,2025-07-23,108794,1,60,0,434.0
10109758LIMAF_2025-07-23_G10,10109758LIMAF,2025-07-23,111466,1,68,0,1395.0
10109758LIMAF_2025-07-23_G11,10109758LIMAF,2025-07-23,111463,1,35,0,432.0
10109758LIMAF_2025-07-23_G12,10109758LIMAF,2025-07-23,111172,1,17,0,186.0
10109758LIMAF_2025-07-23_G13,10109758LIMAF,2025-07-23,105705,1,18,0,259.0
10109758LIMAF_2025-07-23_G14,10109758LIMAF,2025-07-23,140922,1,29,0,169.0
10109758LIMAF_2025-07-23_G16,10109758LIMAF,2025-07-23,111446,3,30,16,801.0
10109758LIMAF_2025-07-23_G17,10109758LIMAF,2025-07-23,110751,1,4,0,785.0
10109758LIMAF_2025-07-23_G18,10109758LIMAF,2025-07-23,117838,1,4,0,113.0
10109758LIMAF_2025-07-23_G19,10109758LIMAF,2025-07-23,111532,4,20,15,74.0
10109758LIMAF_2025-07-23_G20,10109758LIMAF,2025-07-23,111469,1,8,0,286.0
10109758LIMAF_2025-07-23_G21,10109758LIMAF,2025-07-23,111463,1,4,0,173.0
10109758LIMAF_2025-07-23_G22,10109758LIMAF,2025-07-23,117840,2,8,6,685.0
10109758LIMAF_2025-07-23_G23,10109758LIMAF,2025-07-23,117840,1,4,0,98.0
10109758LIMAF_2025-07-23_G24,10109758LIMAF,2025-07-23,118299,1,8,0,155.0
10109758LIMAF_2025-07-23_G25,10109758LIMAF,2025-07-23,107254,1,2,0,140.0
10109758LIMAF_2025-07-23_G26,10109758LIMAF,2025-07-23,110895,2,16,5,138.0
10109758LIMAF_2025-07-23_G27,10109758LIMAF,2025-07-23,110313,1,2,0,559.0
10109758LIMAF_2025-07-23_G28,10109758LIMAF,2025-07-23,110376,1,4,0,299.0
10109758LIMAF_2025-07-23_G29,10109758LIMAF,2025-07-23,110371,1,8,0,194.0
10109758LIMAF_2025-07-23_G30,10109758LIMAF,2025-07-23,110373,1,8,0,143.0
10109758LIMAF_2025-07-23_G31,10109758LIMAF,2025-07-23,117808,1,7,0,95.0
10109758LIMAF_2025-07-23_G32,10109758LIMAF,2025-07-23,110325,1,8,0,118.0
10109758LIMAF_2025-07-23_G33,10109758LIMAF,2025-07-23,117809,1,1,0,62.0
10109758LIMAF_2025-07-23_G34,10109758LIMAF,2025-07-23,110371,1,12,0,165.0
10109758LIMAF_2025-07-23_G35,10109758LIMAF,2025-07-23,118299,1,8,0,55.0
10109758LIMAF_2025-07-23_G36,10109758LIMAF,2025-07-23,110373,1,6,0,114.0
10109758LIMAF_2025-07-23_G37,10109758LIMAF,2025-07-23,110372,1,8,0,72.0
10109758LIMAF_2025-07-23_G38,10109758LIMAF,2025-07-23,117808,1,18,0,113.0
10109758LIMAF_2025-07-23_G39,10109758LIMAF,2025-07-23,141202,1,1,0,356.0
10109758LIMAF_2025-07-23_G40,10109758LIMAF,2025-07-23,118299,1,20,0,222.0
10109758LIMAF_2025-07-24_G02,10109758LIMAF,2025-07-24,118094,1,12,0,860.0
10109758LIMAF_2025-07-24_G03,10109758LIMAF,2025-07-24,111602,1,10,0,115.0
10109758LIMAF_2025-07-24_G04,10109758LIMAF,2025-07-24,110515,1,10,0,83.0
10109758LIMAF_2025-07-24_G05,10109758LIMAF,2025-07-24,111466,1,8,0,865.0
10109758LIMAF_2025-07-24_G07,10109758LIMAF,2025-07-24,117833,1,30,0,207.0
10109758LIMAF_2025-07-24_G08,10109758LIMAF,2025-07-24,108794,1,6,0,232.0
10109758LIMAF_2025-07-24_G09,10109758LIMAF,2025-07-24,107830,1,6,0,116.0
10109758LIMAF_2025-07-24_G10,10109758LIMAF,2025-07-24,117820,1,40,0,397.0
10109758LIMAF_2025-07-24_G11,10109758LIMAF,2025-07-24,117808,1,30,0,177.0
10109758LIMAF_2025-07-24_G12,10109758LIMAF,2025-07-24,118299,1,300,0,2208.0
10109758LIMAF_2025-07-24_G13,10109758LIMAF,2025-07-24,111602,1,2,0,662.0
10109758LIMAF_2025-07-24_G14,10109758LIMAF,2025-07-24,111172,1,10,0,242.0
10109758LIMAF_2025-07-24_G15,10109758LIMAF,2025-07-24,117831,1,10,0,187.0
10109758LIMAF_2025-07-24_G16,10109758LIMAF,2025-07-24,117821,1,6,0,84.0
10109758LIMAF_2025-07-24_G17,10109758LIMAF,2025-07-24,117833,1,3,0,78.0
10109758LIMAF_2025-07-24_G18,10109758LIMAF,2025-07-24,117785,1,6,0,94.0
10109758LIMAF_2025-07-24_G19,10109758LIMAF,2025-07-24,117830,1,6,0,123.0
10109758LIMAF_2025-07-24_G20,10109758LIMAF,2025-07-24,117808,1,10,0,190.0
10109758LIMAF_2025-07-24_G21,10109758LIMAF,2025-07-24,118299,1,150,0,546.0
10109758LIMAF_2025-07-24_G22,10109758LIMAF,2025-07-24,117835,1,5,0,373.0
10109758LIMAF_2025-07-24_G23,10109758LIMAF,2025-07-24,117853,1,2,0,140.0
10109758LIMAF_2025-07-24_G24,10109758LIMAF,2025-07-24,109647,1,2,0,52.0
10109758LIMAF_2025-07-24_G25,10109758LIMAF,2025-07-24,111530,1,1,0,129.0
10109758LIMAF_2025-07-24_G26,10109758LIMAF,2025-07-24,111462,1,2,0,98.0
10109758LIMAF_2025-07-24_G27,10109758LIMAF,2025-07-24,111466,1,2,0,56.0
10109758LIMAF_2025-07-24_G28,10109758LIMAF,2025-07-24,117821,1,2,0,51.0
10109758LIMAF_2025-07-24_G29,10109758LIMAF,2025-07-24,117830,1,3,0,72.0
10109758LIMAF_2025-07-24_G30,10109758LIMAF,2025-07-24,110373,1,5,0,100.0
10109758LIMAF_2025-07-24_G31,10109758LIMAF,2025-07-24,110372,1,2,0,302.0
10109758LIMAF_2025-07-24_G32,10109758LIMAF,2025-07-24,117820,1,13,0,43.0
10109758LIMAF_2025-07-24_G33,10109758LIMAF,2025-07-24,117808,1,38,0,214.0
10109758LIMAF_2025-07-24_G34,10109758LIMAF,2025-07-24,118306,1,20,0,486.0
10109758LIMAF_2025-07-24_G35,10109758LIMAF,2025-07-24,118222,1,3,0,500.0
10109758LIMAF_2025-07-24_G36,10109758LIMAF,2025-07-24,110325,1,3,0,206.0
10109758LIMAF_2025-07-24_G37,10109758LIMAF,2025-07-24,117862,1,6,0,286.0
10109758LIMAF_2025-07-24_G38,10109758LIMAF,2025-07-24,117853,1,4,0,101.0
10109758LIMAF_2025-07-24_G39,10109758LIMAF,2025-07-24,110515,1,6,0,109.0
10109758LIMAF_2025-07-24_G40,10109758LIMAF,2025-07-24,111530,1,4,0,179.0
10109758LIMAF_2025-07-24_G41,10109758LIMAF,2025-07-24,111418,1,10,0,182.0
10109758LIMAF_2025-07-24_G42,10109758LIMAF,2025-07-24,110745,1,8,0,75.0
10109758LIMAF_2025-07-24_G43,10109758LIMAF,2025-07-24,111466,1,20,0,66.0
10109758LIMAF_2025-07-24_G44,10109758LIMAF,2025-07-24,117785,1,30,0,240.0
10109758LIMAF_2025-07-24_G45,10109758LIMAF,2025-07-24,111469,1,20,0,391.0
10109758LIMAF_2025-07-24_G46,10109758LIMAF,2025-07-24,110740,1,4,0,70.0
10109758LIMAF_2025-07-24_G47,10109758LIMAF,2025-07-24,111465,1,10,0,290.0
10109758LIMAF_2025-07-24_G48,10109758LIMAF,2025-07-24,117830,1,40,0,286.0
10109758LIMAF_2025-07-24_G49,10109758LIMAF,2025-07-24,117820,1,60,0,416.0
10109758LIMAF_2025-07-24_G50,10109758LIMAF,2025-07-24,117808,1,40,0,371.0
10109758LIMAF_2025-07-24_G51,10109758LIMAF,2025-07-24,111530,1,3,0,204.0
10109758LIMAF_2025-07-24_G52,10109758LIMAF,2025-07-24,118140,1,3,0,134.0
10109758LIMAF_2025-07-24_G53,10109758LIMAF,2025-07-24,111462,1,8,0,124.0
10109758LIMAF_2025-07-24_G54,10109758LIMAF,2025-07-24,111469,1,14,0,118.0
10109758LIMAF_2025-07-24_G55,10109758LIMAF,2025-07-24,110374,1,4,0,147.0
10109758LIMAF_2025-07-24_G56,10109758LIMAF,2025-07-24,110339,1,8,0,505.0
10109758LIMAF_2025-07-24_G57,10109758LIMAF,2025-07-24,118094,1,6,0,62.0
10109758LIMAF_2025-07-24_G58,10109758LIMAF,2025-07-24,109647,1,5,0,101.0
10109758LIMAF_2025-07-24_G59,10109758LIMAF,2025-07-24,118299,1,2,0,121.0
10109758LIMAF_2025-07-25_G02,10109758LIMAF,2025-07-25,111532,1,1,0,113.0
10109758LIMAF_2025-07-25_G03,10109758LIMAF,2025-07-25,117837,1,10,0,102.0
10109758LIMAF_2025-07-25_G04,10109758LIMAF,2025-07-25,111172,1,15,0,223.0
10109758LIMAF_2025-07-25_G05,10109758LIMAF,2025-07-25,108711,1,17,0,174.0
10109758LIMAF_2025-07-25_G06,10109758LIMAF,2025-07-25,141202,1,13,0,644.0
10109758LIMAF_2025-07-25_G07,10109758LIMAF,2025-07-25,109641,1,4,0,109.0
10109758LIMAF_2025-07-25_G08,10109758LIMAF,2025-07-25,110895,1,1,0,112.0
10109758LIMAF_2025-07-25_G09,10109758LIMAF,2025-07-25,111418,1,24,0,3521.0
10109758LIMAF_2025-07-25_G10,10109758LIMAF,2025-07-25,111660,1,2,0,226.0
10109758LIMAF_2025-07-25_G11,10109758LIMAF,2025-07-25,110895,1,2,0,106.0
10109758LIMAF_2025-07-25_G12,10109758LIMAF,2025-07-25,110313,1,4,0,121.0
10109758LIMAF_2025-07-25_G13,10109758LIMAF,2025-07-25,111462,1,14,0,391.0
10109758LIMAF_2025-07-25_G14,10109758LIMAF,2025-07-25,111466,1,10,0,160.0
10109758LIMAF_2025-07-25_G15,10109758LIMAF,2025-07-25,117831,1,4,0,226.0
10109758LIMAF_2025-07-25_G16,10109758LIMAF,2025-07-25,117785,1,20,0,105.0
10109758LIMAF_2025-07-25_G17,10109758LIMAF,2025-07-25,111463,1,50,0,161.0
10109758LIMAF_2025-07-25_G18,10109758LIMAF,2025-07-25,111469,1,4,0,46.0
10109758LIMAF_2025-07-25_G19,10109758LIMAF,2025-07-25,110895,1,7,0,377.0
10109758LIMAF_2025-07-25_G20,10109758LIMAF,2025-07-25,111530,1,13,0,253.0
10109758LIMAF_2025-07-25_G21,10109758LIMAF,2025-07-25,117830,1,8,0,375.0
10109758LIMAF_2025-07-25_G22,10109758LIMAF,2025-07-25,118299,1,20,0,117.0
10109758LIMAF_2025-07-25_G23,10109758LIMAF,2025-07-25,110371,1,10,0,478.0
10109758LIMAF_2025-07-25_G24,10109758LIMAF,2025-07-25,110372,1,60,0,290.0
10109758LIMAF_2025-07-25_G25,10109758LIMAF,2025-07-25,110373,1,12,0,239.0
10109758LIMAF_2025-07-25_G26,10109758LIMAF,2025-07-25,117820,1,20,0,160.0
10109758LIMAF_2025-07-25_G27,10109758LIMAF,2025-07-25,117808,2,20,8,171.0
10109758LIMAF_2025-07-25_G28,10109758LIMAF,2025-07-25,118222,1,4,0,2162.0
10109758LIMAF_2025-07-25_G29,10109758LIMAF,2025-07-25,109933,1,4,0,236.0
10109758LIMAF_2025-07-25_G30,10109758LIMAF,2025-07-25,110747,1,2,0,124.0
10109758LIMAF_2025-07-25_G31,10109758LIMAF,2025-07-25,111850,1,4,0,80.0
10109758LIMAF_2025-07-25_G32,10109758LIMAF,2025-07-25,111602,1,4,0,102.0
10109758LIMAF_2025-07-25_G33,10109758LIMAF,2025-07-25,117786,1,1,0,396.0
10109758LIMAF_2025-07-25_G34,10109758LIMAF,2025-07-25,118094,1,3,0,35.0
10109758LIMAF_2025-07-25_G35,10109758LIMAF,2025-07-25,110313,1,4,0,209.0
10109758LIMAF_2025-07-25_G36,10109758LIMAF,2025-07-25,110711,1,2,0,235.0
10109758LIMAF_2025-07-25_G37,10109758LIMAF,2025-07-25,117935,1,1,0,119.0
10109758LIMAF_2025-07-25_G38,10109758LIMAF,2025-07-25,111530,1,12,0,399.0
10109758LIMAF_2025-07-25_G39,10109758LIMAF,2025-07-25,108795,1,2,0,158.0
10109758LIMAF_2025-07-25_G40,10109758LIMAF,2025-07-25,111418,1,9,0,92.0
10109758LIMAF_2025-07-25_G41,10109758LIMAF,2025-07-25,111418,1,5,0,57.0
10109758LIMAF_2025-07-25_G42,10109758LIMAF,2025-07-25,108711,1,1,0,641.0
10109758LIMAF_2025-07-25_G43,10109758LIMAF,2025-07-25,117831,1,4,0,114.0
10109758LIMAF_2025-07-25_G44,10109758LIMAF,2025-07-25,111532,1,8,0,109.0
10109758LIMAF_2025-07-25_G45,10109758LIMAF,2025-07-25,111462,1,4,0,150.0
10109758LIMAF_2025-07-25_G46,10109758LIMAF,2025-07-25,118140,1,4,0,82.0
10109758LIMAF_2025-07-25_G47,10109758LIMAF,2025-07-25,116241,1,4,0,99.0
10109758LIMAF_2025-07-25_G48,10109758LIMAF,2025-07-25,118317,1,4,0,163.0
10109758LIMAF_2025-07-25_G49,10109758LIMAF,2025-07-25,108794,1,1,0,65.0
10109758LIMAF_2025-07-25_G51,10109758LIMAF,2025-07-25,117820,1,10,0,44.0
10109758LIMAF_2025-07-25_G52,10109758LIMAF,2025-07-25,111463,1,12,0,288.0
10109758LIMAF_2025-07-25_G53,10109758LIMAF,2025-07-25,109649,1,2,0,626.0
10109758LIMAF_2025-07-26_G02,10109758LIMAF,2025-07-26,109647,1,3,0,80.0
10109758LIMAF_2025-07-26_G03,10109758LIMAF,2025-07-26,141823,1,2,0,148.0
10109758LIMAF_2025-07-26_G04,10109758LIMAF,2025-07-26,117832,1,2,0,227.0
10109758LIMAF_2025-07-26_G05,10109758LIMAF,2025-07-26,141202,1,6,0,150.0
10109758LIMAF_2025-07-26_G06,10109758LIMAF,2025-07-26,111182,1,4,0,272.0
10109758LIMAF_2025-07-26_G07,10109758LIMAF,2025-07-26,111330,1,24,0,226.0
10109758LIMAF_2025-07-26_G08,10109758LIMAF,2025-07-26,111446,1,1,0,402.0
10109758LIMAF_2025-07-26_G09,10109758LIMAF,2025-07-26,105705,1,6,0,107.0
10109758LIMAF_2025-07-26_G10,10109758LIMAF,2025-07-26,110751,1,4,0,147.0
10109758LIMAF_2025-07-26_G11,10109758LIMAF,2025-07-26,111348,2,4,6,64.0
10109758LIMAF_2025-07-26_G12,10109758LIMAF,2025-07-26,108711,1,4,0,111.0
10109758LIMAF_2025-07-26_G13,10109758LIMAF,2025-07-26,160055,1,3,0,68.0
10109758LIMAF_2025-07-26_G14,10109758LIMAF,2025-07-26,117821,1,10,0,620.0
10109758LIMAF_2025-07-26_G15,10109758LIMAF,2025-07-26,111532,1,8,0,271.0
10109758LIMAF_2025-07-26_G16,10109758LIMAF,2025-07-26,109641,1,6,0,97.0
10109758LIMAF_2025-07-26_G17,10109758LIMAF,2025-07-26,109645,1,8,0,107.0
10109758LIMAF_2025-07-26_G18,10109758LIMAF,2025-07-26,118317,1,6,0,1032.0
10109758LIMAF_2025-07-26_G19,10109758LIMAF,2025-07-26,111433,1,6,0,156.0
10109758LIMAF_2025-07-26_G20,10109758LIMAF,2025-07-26,141823,1,16,0,269.0
10109758LIMAF_2025-07-26_G21,10109758LIMAF,2025-07-26,111468,1,2,0,258.0
10109758LIMAF_2025-07-26_G22,10109758LIMAF,2025-07-26,110325,1,1,0,3283.0
10109758LIMAF_2025-07-26_G23,10109758LIMAF,2025-07-26,117830,1,40,0,78.0
10109758LIMAF_2025-07-26_G24,10109758LIMAF,2025-07-26,117820,1,20,0,906.0
10109758LIMAF_2025-07-26_G25,10109758LIMAF,2025-07-26,"110373, 110374",2,36,5,42.0
10109758LIMAF_2025-07-26_G26,10109758LIMAF,2025-07-26,111418,2,80,6,2294.0
10109758LIMAF_2025-07-26_G27,10109758LIMAF,2025-07-26,"118317, 117785",3,76,22,1702.0
10109758LIMAF_2025-07-26_G28,10109758LIMAF,2025-07-26,111466,3,61,30,141.0
10109758LIMAF_2025-07-26_G29,10109758LIMAF,2025-07-26,117831,1,16,0,676.0
10109758LIMAF_2025-07-26_G30,10109758LIMAF,2025-07-26,111469,1,15,0,691.0
10109758LIMAF_2025-07-26_G31,10109758LIMAF,2025-07-26,111462,1,15,0,279.0
10109758LIMAF_2025-07-26_G32,10109758LIMAF,2025-07-26,118140,1,8,0,88.0
10109758LIMAF_2025-07-26_G33,10109758LIMAF,2025-07-26,116241,1,20,0,78.0
10109758LIMAF_2025-07-26_G34,10109758LIMAF,2025-07-26,110313,1,100,0,1542.0
10109758LIMAF_2025-07-28_G02,10109758LIMAF,2025-07-28,111530,3,52,28,340.0
10109758LIMAF_2025-07-28_G03,10109758LIMAF,2025-07-28,117853,1,16,0,502.0
10109758LIMAF_2025-07-28_G04,10109758LIMAF,2025-07-28,111418,1,100,0,826.0
10109758LIMAF_2025-07-28_G05,10109758LIMAF,2025-07-28,118317,1,20,0,537.0
10109758LIMAF_2025-07-28_G06,10109758LIMAF,2025-07-28,118299,1,100,0,367.0
10109758LIMAF_2025-07-28_G07,10109758LIMAF,2025-07-28,118299,1,120,0,98.0
10109758LIMAF_2025-07-28_G08,10109758LIMAF,2025-07-28,117820,1,6,0,127.0
10109758LIMAF_2025-07-28_G09,10109758LIMAF,2025-07-28,111463,1,70,0,591.0
10109758LIMAF_2025-07-28_G10,10109758LIMAF,2025-07-28,118222,1,8,0,1863.0
10109758LIMAF_2025-07-28_G11,10109758LIMAF,2025-07-28,110733,1,2,0,248.0
10109758LIMAF_2025-07-28_G12,10109758LIMAF,2025-07-28,110787,1,13,0,220.0
10109758LIMAF_2025-07-28_G13,10109758LIMAF,2025-07-28,117808,2,45,22,489.0
10109758LIMAF_2025-07-28_G14,10109758LIMAF,2025-07-28,110895,2,24,5,821.0
10109758LIMAF_2025-07-28_G15,10109758LIMAF,2025-07-28,110733,1,1,0,442.0
10109758LIMAF_2025-07-28_G16,10109758LIMAF,2025-07-28,117853,1,4,0,109.0
10109758LIMAF_2025-07-28_G17,10109758LIMAF,2025-07-28,111465,1,4,0,111.0
10109758LIMAF_2025-07-28_G18,10109758LIMAF,2025-07-28,111172,1,4,0,129.0
10109758LIMAF_2025-07-28_G19,10109758LIMAF,2025-07-28,141456,1,16,0,94.0
10109758LIMAF_2025-07-28_G20,10109758LIMAF,2025-07-28,110787,1,22,0,366.0
10109758LIMAF_2025-07-28_G21,10109758LIMAF,2025-07-28,118140,1,8,0,1357.0
10109758LIMAF_2025-07-28_G22,10109758LIMAF,2025-07-28,111850,1,2,0,1251.0
10109758LIMAF_2025-07-28_G23,10109758LIMAF,2025-07-28,110515,1,3,0,307.0
10109758LIMAF_2025-07-28_G24,10109758LIMAF,2025-07-28,111418,1,12,0,134.0
10109758LIMAF_2025-07-28_G25,10109758LIMAF,2025-07-28,111466,1,34,0,934.0
10109758LIMAF_2025-07-28_G26,10109758LIMAF,2025-07-28,117831,1,8,0,381.0
10109758LIMAF_2025-07-28_G27,10109758LIMAF,2025-07-28,117833,1,5,0,146.0
10109758LIMAF_2025-07-28_G28,10109758LIMAF,2025-07-28,118140,1,5,0,84.0
10109758LIMAF_2025-07-28_G29,10109758LIMAF,2025-07-28,117785,1,10,0,145.0
10109758LIMAF_2025-07-28_G30,10109758LIMAF,2025-07-28,110325,1,6,0,128.0
10109758LIMAF_2025-07-28_G31,10109758LIMAF,2025-07-28,118299,1,14,0,70.0
10109758LIMAF_2025-07-28_G32,10109758LIMAF,2025-07-28,110371,1,5,0,142.0
10109758LIMAF_2025-07-28_G33,10109758LIMAF,2025-07-28,117820,1,7,0,129.0
10109758LIMAF_2025-07-28_G34,10109758LIMAF,2025-07-28,117808,1,12,0,194.0
10109758LIMAF_2025-07-28_G35,10109758LIMAF,2025-07-28,110373,1,12,0,217.0
10109758LIMAF_2025-07-28_G36,10109758LIMAF,2025-07-28,117808,4,512,24,930.0
10109758LIMAF_2025-07-28_G38,10109758LIMAF,2025-07-28,117787,1,11,0,446.0
10109758LIMAF_2025-07-28_G39,10109758LIMAF,2025-07-28,117809,1,80,0,518.0
10109758LIMAF_2025-07-28_G40,10109758LIMAF,2025-07-28,110371,1,51,0,366.0
10109758LIMAF_2025-07-28_G41,10109758LIMAF,2025-07-28,110372,1,80,0,2064.0
10109758LIMAF_2025-07-28_G42,10109758LIMAF,2025-07-28,110373,1,69,0,950.0
10109758LIMAF_2025-07-28_G43,10109758LIMAF,2025-07-28,110374,1,13,0,236.0
10109758LIMAF_2025-07-29_G02,10109758LIMAF,2025-07-29,118094,1,8,0,254.0
10109758LIMAF_2025-07-29_G03,10109758LIMAF,2025-07-29,111602,1,8,0,167.0
10109758LIMAF_2025-07-29_G04,10109758LIMAF,2025-07-29,117935,1,8,0,965.0
10109758LIMAF_2025-07-29_G05,10109758LIMAF,2025-07-29,111530,1,12,0,219.0
10109758LIMAF_2025-07-29_G06,10109758LIMAF,2025-07-29,110515,1,4,0,89.0
10109758LIMAF_2025-07-29_G07,10109758LIMAF,2025-07-29,110751,1,10,0,382.0
10109758LIMAF_2025-07-29_G08,10109758LIMAF,2025-07-29,117838,1,4,0,866.0
10109758LIMAF_2025-07-29_G09,10109758LIMAF,2025-07-29,117831,1,8,0,83.0
10109758LIMAF_2025-07-29_G10,10109758LIMAF,2025-07-29,140922,1,8,0,1725.0
10109758LIMAF_2025-07-29_G11,10109758LIMAF,2025-07-29,111532,1,8,0,99.0
10109758LIMAF_2025-07-29_G12,10109758LIMAF,2025-07-29,117785,1,24,0,163.0
10109758LIMAF_2025-07-29_G13,10109758LIMAF,2025-07-29,111468,1,20,0,313.0
10109758LIMAF_2025-07-29_G14,10109758LIMAF,2025-07-29,117830,1,12,0,351.0
10109758LIMAF_2025-07-29_G15,10109758LIMAF,2025-07-29,117832,1,20,0,285.0
10109758LIMAF_2025-07-29_G16,10109758LIMAF,2025-07-29,117809,2,40,8,203.0
10109758LIMAF_2025-07-29_G17,10109758LIMAF,2025-07-29,118299,1,210,0,467.0
10109758LIMAF_2025-07-29_G18,10109758LIMAF,2025-07-29,118299,1,70,0,124.0
10109758LIMAF_2025-07-29_G19,10109758LIMAF,2025-07-29,110376,1,40,0,401.0
10109758LIMAF_2025-07-29_G20,10109758LIMAF,2025-07-29,117808,2,170,12,696.0
10109758LIMAF_2025-07-29_G21,10109758LIMAF,2025-07-29,111752,1,1,0,1923.0
10109758LIMAF_2025-07-29_G22,10109758LIMAF,2025-07-29,117854,1,1,0,698.0
10109758LIMAF_2025-07-29_G23,10109758LIMAF,2025-07-29,118094,1,5,0,1381.0
10109758LIMAF_2025-07-29_G24,10109758LIMAF,2025-07-29,111467,1,3,0,102.0
10109758LIMAF_2025-07-29_G25,10109758LIMAF,2025-07-29,108772,1,3,0,89.0
10109758LIMAF_2025-07-29_G26,10109758LIMAF,2025-07-29,105242,1,1,0,69.0
10109758LIMAF_2025-07-29_G27,10109758LIMAF,2025-07-29,111759,1,2,0,210.0
10109758LIMAF_2025-07-29_G28,10109758LIMAF,2025-07-29,111739,1,1,0,218.0
10109758LIMAF_2025-07-29_G29,10109758LIMAF,2025-07-29,110743,1,3,0,2791.0
10109758LIMAF_2025-07-29_G30,10109758LIMAF,2025-07-29,111466,1,1,0,167.0
10109758LIMAF_2025-07-29_G31,10109758LIMAF,2025-07-29,111738,1,8,0,46.0
10109758LIMAF_2025-07-29_G32,10109758LIMAF,2025-07-29,111723,1,12,0,92.0
10109758LIMAF_2025-07-29_G33,10109758LIMAF,2025-07-29,110745,1,1,0,134.0
10109758LIMAF_2025-07-29_G34,10109758LIMAF,2025-07-29,111755,1,27,0,554.0
10109758LIMAF_2025-07-29_G35,10109758LIMAF,2025-07-29,117785,1,7,0,324.0
10109758LIMAF_2025-07-29_G36,10109758LIMAF,2025-07-29,110740,1,1,0,121.0
10109758LIMAF_2025-07-29_G37,10109758LIMAF,2025-07-29,111754,1,3,0,35.0
10109758LIMAF_2025-07-29_G38,10109758LIMAF,2025-07-29,111752,1,1,0,735.0
10109758LIMAF_2025-07-29_G39,10109758LIMAF,2025-07-29,111467,1,1,0,184.0
10109758LIMAF_2025-07-29_G40,10109758LIMAF,2025-07-29,111759,1,1,0,103.0
10109758LIMAF_2025-07-29_G41,10109758LIMAF,2025-07-29,108711,1,1,0,61.0
10109758LIMAF_2025-07-29_G42,10109758LIMAF,2025-07-29,117833,1,2,0,81.0
10109758LIMAF_2025-07-29_G43,10109758LIMAF,2025-07-29,108798,1,1,0,60.0
10109758LIMAF_2025-07-29_G44,10109758LIMAF,2025-07-29,111532,1,2,0,44.0
10109758LIMAF_2025-07-29_G45,10109758LIMAF,2025-07-29,111723,1,30,0,134.0
10109758LIMAF_2025-07-29_G47,10109758LIMAF,2025-07-29,111751,1,1,0,172.0
10109758LIMAF_2025-07-29_G48,10109758LIMAF,2025-07-29,117820,1,7,0,85.0
10109758LIMAF_2025-07-29_G49,10109758LIMAF,2025-07-29,117808,1,2,0,113.0
10109758LIMAF_2025-07-29_G50,10109758LIMAF,2025-07-29,141456,1,32,0,188.0
10109758LIMAF_2025-07-29_G51,10109758LIMAF,2025-07-29,141458,1,20,0,203.0
10109758LIMAF_2025-07-29_G52,10109758LIMAF,2025-07-29,117831,1,4,0,148.0
10109758LIMAF_2025-07-29_G53,10109758LIMAF,2025-07-29,141457,1,40,0,211.0
10109758LIMAF_2025-07-29_G54,10109758LIMAF,2025-07-29,118094,1,8,0,271.0
10109758LIMAF_2025-07-30_G02,10109758LIMAF,2025-07-30,111850,1,4,0,33.0
10109758LIMAF_2025-07-30_G03,10109758LIMAF,2025-07-30,111467,1,8,0,276.0
10109758LIMAF_2025-07-30_G04,10109758LIMAF,2025-07-30,111466,1,20,0,153.0
10109758LIMAF_2025-07-30_G05,10109758LIMAF,2025-07-30,110733,1,2,0,203.0
10109758LIMAF_2025-07-30_G06,10109758LIMAF,2025-07-30,141458,1,60,0,795.0
10109758LIMAF_2025-07-30_G07,10109758LIMAF,2025-07-30,111462,1,2,0,195.0
10109758LIMAF_2025-07-30_G08,10109758LIMAF,2025-07-30,111463,1,2,0,1259.0
10109758LIMAF_2025-07-30_G09,10109758LIMAF,2025-07-30,110747,1,3,0,216.0
10109758LIMAF_2025-07-30_G10,10109758LIMAF,2025-07-30,111850,1,6,0,166.0
10109758LIMAF_2025-07-30_G11,10109758LIMAF,2025-07-30,117837,1,4,0,248.0
10109758LIMAF_2025-07-30_G12,10109758LIMAF,2025-07-30,110313,1,5,0,55.0
10109758LIMAF_2025-07-30_G13,10109758LIMAF,2025-07-30,110515,1,8,0,1706.0
10109758LIMAF_2025-07-30_G14,10109758LIMAF,2025-07-30,111172,1,6,0,137.0
10109758LIMAF_2025-07-30_G15,10109758LIMAF,2025-07-30,117838,1,2,0,164.0
10109758LIMAF_2025-07-30_G16,10109758LIMAF,2025-07-30,111469,1,12,0,141.0
10109758LIMAF_2025-07-30_G17,10109758LIMAF,2025-07-30,110582,1,4,0,160.0
10109758LIMAF_2025-07-30_G18,10109758LIMAF,2025-07-30,110747,1,6,0,894.0
10109758LIMAF_2025-07-30_G19,10109758LIMAF,2025-07-30,111850,1,7,0,303.0
10109758LIMAF_2025-07-30_G20,10109758LIMAF,2025-07-30,110313,1,7,0,142.0
10109758LIMAF_2025-07-30_G21,10109758LIMAF,2025-07-30,110515,1,10,0,522.0
10109758LIMAF_2025-07-30_G22,10109758LIMAF,2025-07-30,111172,1,4,0,181.0
10109758LIMAF_2025-07-30_G23,10109758LIMAF,2025-07-30,117833,1,8,0,67.0
10109758LIMAF_2025-07-30_G24,10109758LIMAF,2025-07-30,111469,1,14,0,129.0
10109758LIMAF_2025-07-30_G25,10109758LIMAF,2025-07-30,111462,1,7,0,155.0
10109758LIMAF_2025-07-30_G26,10109758LIMAF,2025-07-30,118299,1,12,0,110.0
10109758LIMAF_2025-07-30_G27,10109758LIMAF,2025-07-30,110372,1,16,0,165.0
10109758LIMAF_2025-07-30_G28,10109758LIMAF,2025-07-30,111850,1,8,0,293.0
10109758LIMAF_2025-07-30_G29,10109758LIMAF,2025-07-30,111436,1,4,0,146.0
10109758LIMAF_2025-07-30_G30,10109758LIMAF,2025-07-30,117836,1,2,0,73.0
10109758LIMAF_2025-07-30_G31,10109758LIMAF,2025-07-30,116527,1,2,0,218.0
10109758LIMAF_2025-07-30_G32,10109758LIMAF,2025-07-30,117837,1,4,0,1491.0
10109758LIMAF_2025-07-30_G33,10109758LIMAF,2025-07-30,110313,1,10,0,62.0
10109758LIMAF_2025-07-30_G34,10109758LIMAF,2025-07-30,110743,1,2,0,133.0
10109758LIMAF_2025-07-30_G35,10109758LIMAF,2025-07-30,117838,1,4,0,93.0
10109758LIMAF_2025-07-30_G36,10109758LIMAF,2025-07-30,111462,1,12,0,142.0
10109758LIMAF_2025-07-30_G37,10109758LIMAF,2025-07-30,118223,1,4,0,142.0
10109758LIMAF_2025-07-30_G38,10109758LIMAF,2025-07-30,111442,1,3,0,106.0
10109758LIMAF_2025-07-30_G39,10109758LIMAF,2025-07-30,110372,1,10,0,137.0
10109758LIMAF_2025-07-30_G40,10109758LIMAF,2025-07-30,118094,2,6,5,320.0
10109758LIMAF_2025-07-30_G41,10109758LIMAF,2025-07-30,111172,1,10,0,235.0
10109758LIMAF_2025-07-30_G42,10109758LIMAF,2025-07-30,110743,1,3,0,110.0
10109758LIMAF_2025-07-30_G43,10109758LIMAF,2025-07-30,111348,1,4,0,77.0
10109758LIMAF_2025-07-30_G44,10109758LIMAF,2025-07-30,108798,1,2,0,96.0
10109758LIMAF_2025-07-30_G45,10109758LIMAF,2025-07-30,111462,1,6,0,102.0
10109758LIMAF_2025-07-30_G46,10109758LIMAF,2025-07-30,117785,1,10,0,110.0
10109758LIMAF_2025-07-30_G47,10109758LIMAF,2025-07-30,118299,2,69,7,259.0
10109758LIMAF_2025-07-30_G48,10109758LIMAF,2025-07-30,107830,1,6,0,521.0
10109758LIMAF_2025-07-30_G49,10109758LIMAF,2025-07-30,110373,1,11,0,115.0
10109758LIMAF_2025-07-30_G50,10109758LIMAF,2025-07-30,111463,2,8,19,369.0
10109758LIMAF_2025-07-30_G51,10109758LIMAF,2025-07-30,141458,1,300,0,1906.0
10109758LIMAF_2025-07-30_G52,10109758LIMAF,2025-07-30,141457,1,300,0,767.0
10109758LIMAF_2025-07-30_G53,10109758LIMAF,2025-07-30,141456,1,254,0,526.0
10109758LIMAF_2025-07-30_G54,10109758LIMAF,2025-07-30,141456,1,46,0,38.0
10109758LIMAF_2025-07-30_G55,10109758LIMAF,2025-07-30,111418,1,100,0,113.0
10109758LIMAF_2025-07-30_G57,10109758LIMAF,2025-07-30,110733,1,4,0,267.0
10109758LIMAF_2025-07-30_G58,10109758LIMAF,2025-07-30,109640,2,16,20,171.0
10109758LIMAF_2025-07-30_G59,10109758LIMAF,2025-07-30,109640,3,35,33,36.0
10109758LIMAF_2025-07-30_G60,10109758LIMAF,2025-07-30,110733,1,4,0,1594.0
10109758LIMAF_2025-07-31_G02,10109758LIMAF,2025-07-31,117786,1,4,0,432.0
10109758LIMAF_2025-07-31_G03,10109758LIMAF,2025-07-31,118298,1,2,0,118.0
10109758LIMAF_2025-07-31_G04,10109758LIMAF,2025-07-31,111530,1,3,0,175.0
10109758LIMAF_2025-07-31_G05,10109758LIMAF,2025-07-31,111602,1,4,0,48.0
10109758LIMAF_2025-07-31_G06,10109758LIMAF,2025-07-31,117935,1,2,0,81.0
10109758LIMAF_2025-07-31_G07,10109758LIMAF,2025-07-31,105242,1,2,0,94.0
10109758LIMAF_2025-07-31_G08,10109758LIMAF,2025-07-31,110753,1,2,0,68.0
10109758LIMAF_2025-07-31_G09,10109758LIMAF,2025-07-31,117833,1,2,0,340.0
10109758LIMAF_2025-07-31_G10,10109758LIMAF,2025-07-31,140922,1,2,0,43.0
10109758LIMAF_2025-07-31_G11,10109758LIMAF,2025-07-31,111469,1,2,0,622.0
10109758LIMAF_2025-07-31_G12,10109758LIMAF,2025-07-31,117785,1,2,0,222.0
10109758LIMAF_2025-07-31_G13,10109758LIMAF,2025-07-31,108794,1,2,0,49.0
10109758LIMAF_2025-07-31_G14,10109758LIMAF,2025-07-31,111465,1,2,0,77.0
10109758LIMAF_2025-07-31_G15,10109758LIMAF,2025-07-31,111172,1,2,0,503.0
10109758LIMAF_2025-07-31_G16,10109758LIMAF,2025-07-31,117832,1,4,0,183.0
10109758LIMAF_2025-07-31_G17,10109758LIMAF,2025-07-31,110325,1,4,0,102.0
10109758LIMAF_2025-07-31_G18,10109758LIMAF,2025-07-31,118299,1,8,0,2519.0
10109758LIMAF_2025-07-31_G19,10109758LIMAF,2025-07-31,110376,1,4,0,102.0
10109758LIMAF_2025-07-31_G20,10109758LIMAF,2025-07-31,110373,1,2,0,67.0
10109758LIMAF_2025-07-31_G21,10109758LIMAF,2025-07-31,117808,1,4,0,94.0
10109758LIMAF_2025-07-31_G22,10109758LIMAF,2025-07-31,111463,1,6,0,852.0
10109758LIMAF_2025-07-31_G23,10109758LIMAF,2025-07-31,111466,1,2,0,483.0
10109758LIMAF_2025-07-31_G24,10109758LIMAF,2025-07-31,110895,1,1,0,1757.0
10109758LIMAF_2025-07-31_G25,10109758LIMAF,2025-07-31,110895,1,1,0,34.0
10109758LIMAF_2025-07-31_G26,10109758LIMAF,2025-07-31,118253,1,8,0,191.0
10109758LIMAF_2025-07-31_G27,10109758LIMAF,2025-07-31,110741,1,4,0,273.0
10109758LIMAF_2025-07-31_G28,10109758LIMAF,2025-07-31,111602,1,4,0,106.0
10109758LIMAF_2025-07-31_G29,10109758LIMAF,2025-07-31,109640,4,57,18,52.0
10109758LIMAF_2025-07-31_G30,10109758LIMAF,2025-07-31,110515,1,3,0,343.0
10109758LIMAF_2025-07-31_G31,10109758LIMAF,2025-07-31,110733,1,7,0,138.0
10109758LIMAF_2025-07-31_G32,10109758LIMAF,2025-07-31,105705,1,12,0,334.0
10109758LIMAF_2025-07-31_G33,10109758LIMAF,2025-07-31,111182,1,6,0,293.0
10109758LIMAF_2025-07-31_G34,10109758LIMAF,2025-07-31,141458,1,34,0,132.0
10109758LIMAF_2025-07-31_G35,10109758LIMAF,2025-07-31,117820,1,18,0,343.0
10109758LIMAF_2025-07-31_G36,10109758LIMAF,2025-07-31,117808,2,150,6,206.0
10109758LIMAF_2025-07-31_G37,10109758LIMAF,2025-07-31,118299,2,50,10,202.0
10109758LIMAF_2025-07-31_G38,10109758LIMAF,2025-07-31,117809,1,8,0,1170.0
10109758LIMAF_2025-07-31_G39,10109758LIMAF,2025-07-31,111348,1,28,0,1305.0
10109758LIMAF_2025-07-31_G40,10109758LIMAF,2025-07-31,111443,1,4,0,365.0
10109758LIMAF_2025-07-31_G41,10109758LIMAF,2025-07-31,117838,1,16,0,74.0
10109758LIMAF_2025-07-31_G42,10109758LIMAF,2025-07-31,110787,1,51,0,309.0
10109758LIMAF_2025-07-31_G43,10109758LIMAF,2025-07-31,117833,1,9,0,311.0
10109758LIMAF_2025-07-31_G44,10109758LIMAF,2025-07-31,140922,1,27,0,262.0
10109758LIMAF_2025-07-31_G45,10109758LIMAF,2025-07-31,111532,2,96,7,283.0
10109758LIMAF_2025-07-31_G46,10109758LIMAF,2025-07-31,111469,2,53,10,634.0
10109758LIMAF_2025-07-31_G47,10109758LIMAF,2025-07-31,111431,1,4,0,162.0
10109758LIMAF_2025-07-31_G48,10109758LIMAF,2025-07-31,118140,1,41,0,576.0
10109758LIMAF_2025-07-31_G49,10109758LIMAF,2025-07-31,107236,1,8,0,278.0
10109758LIMAF_2025-07-31_G50,10109758LIMAF,2025-07-31,117785,1,74,0,697.0
10109758LIMAF_2025-07-31_G51,10109758LIMAF,2025-07-31,111468,1,44,0,311.0
10109758LIMAF_2025-07-31_G52,10109758LIMAF,2025-07-31,117785,1,10,0,212.0
10109758LIMAF_2025-07-31_G53,10109758LIMAF,2025-07-31,111775,1,1,0,306.0
10109758LIMAF_2025-07-31_G54,10109758LIMAF,2025-07-31,111438,1,4,0,386.0
10109758LIMAF_2025-07-31_G55,10109758LIMAF,2025-07-31,108411,1,2,0,145.0
10109758LIMAF_2025-07-31_G56,10109758LIMAF,2025-07-31,117834,1,10,0,73.0
10109758LIMAF_2025-07-31_G57,10109758LIMAF,2025-07-31,108759,1,6,0,302.0
10109758LIMAF_2025-07-31_G58,10109758LIMAF,2025-07-31,117789,1,16,0,285.0
10109758LIMAF_2025-07-31_G60,10109758LIMAF,2025-07-31,110372,6,168,30,895.0
10109758LIMAF_2025-08-05_G03,10109758LIMAF,2025-08-05,110711,1,5,0,435.0
10109758LIMAF_2025-08-06_G02,10109758LIMAF,2025-08-06,110755,1,50,0,850.0
10109758LIMAF_2025-08-06_G03,10109758LIMAF,2025-08-06,117834,1,9,0,3588.0
10109758LIMAF_2025-08-06_G04,10109758LIMAF,2025-08-06,111438,1,2,0,233.0
10109758LIMAF_2025-08-06_G05,10109758LIMAF,2025-08-06,110747,1,24,0,97.0
10109758LIMAF_2025-08-06_G06,10109758LIMAF,2025-08-06,111532,1,50,0,675.0
10109758LIMAF_2025-08-06_G07,10109758LIMAF,2025-08-06,118317,1,50,0,2880.0
10109758LIMAF_2025-08-06_G08,10109758LIMAF,2025-08-06,111433,1,30,0,1077.0
10109758LIMAF_2025-08-06_G09,10109758LIMAF,2025-08-06,108794,1,10,0,875.0
10109758LIMAF_2025-08-06_G10,10109758LIMAF,2025-08-06,141823,1,10,0,191.0
10109758LIMAF_2025-08-06_G11,10109758LIMAF,2025-08-06,110740,1,30,0,109.0
10109758LIMAF_2025-08-06_G12,10109758LIMAF,2025-08-06,117787,1,10,0,812.0
10109758LIMAF_2025-08-06_G13,10109758LIMAF,2025-08-06,111469,1,12,0,218.0
10109758LIMAF_2025-08-06_G14,10109758LIMAF,2025-08-06,111431,1,10,0,192.0
10109758LIMAF_2025-08-06_G15,10109758LIMAF,2025-08-06,109645,1,8,0,191.0
10109758LIMAF_2025-08-06_G16,10109758LIMAF,2025-08-06,117785,1,10,0,150.0
10109758LIMAF_2025-08-06_G18,10109758LIMAF,2025-08-06,107830,1,2,0,165.0
10109758LIMAF_2025-08-06_G19,10109758LIMAF,2025-08-06,110373,1,4,0,168.0
10109758LIMAF_2025-08-06_G20,10109758LIMAF,2025-08-06,117820,1,5,0,694.0
10109758LIMAF_2025-08-06_G21,10109758LIMAF,2025-08-06,141202,1,2,0,135.0
10109758LIMAF_2025-08-06_G22,10109758LIMAF,2025-08-06,105705,1,2,0,82.0
10109758LIMAF_2025-08-06_G23,10109758LIMAF,2025-08-06,111466,1,4,0,91.0
10109758LIMAF_2025-08-06_G24,10109758LIMAF,2025-08-06,117831,1,10,0,1119.0
10109758LIMAF_2025-08-06_G25,10109758LIMAF,2025-08-06,110745,1,2,0,138.0
10109758LIMAF_2025-08-06_G26,10109758LIMAF,2025-08-06,117785,1,3,0,206.0
10109758LIMAF_2025-08-06_G27,10109758LIMAF,2025-08-06,110740,1,2,0,163.0
10109758LIMAF_2025-08-06_G28,10109758LIMAF,2025-08-06,111602,1,2,0,1727.0
10109758LIMAF_2025-08-06_G29,10109758LIMAF,2025-08-06,118298,1,4,0,110.0
10109758LIMAF_2025-08-06_G30,10109758LIMAF,2025-08-06,111530,1,4,0,72.0
10109758LIMAF_2025-08-06_G31,10109758LIMAF,2025-08-06,117861,1,2,0,187.0
10109758LIMAF_2025-08-07_G02,10109758LIMAF,2025-08-07,111761,1,15,0,237.0
10109758LIMAF_2025-08-07_G03,10109758LIMAF,2025-08-07,111466,1,10,0,885.0
10109758LIMAF_2025-08-07_G04,10109758LIMAF,2025-08-07,117831,1,20,0,688.0
10109758LIMAF_2025-08-07_G05,10109758LIMAF,2025-08-07,111418,1,20,0,166.0
10109758LIMAF_2025-08-07_G06,10109758LIMAF,2025-08-07,117785,1,10,0,190.0
10109758LIMAF_2025-08-07_G07,10109758LIMAF,2025-08-07,108794,1,3,0,136.0
10109758LIMAF_2025-08-07_G08,10109758LIMAF,2025-08-07,141458,1,10,0,226.0
10109758LIMAF_2025-08-07_G09,10109758LIMAF,2025-08-07,141457,1,10,0,370.0
10109758LIMAF_2025-08-07_G10,10109758LIMAF,2025-08-07,160054,1,4,0,137.0
10109758LIMAF_2025-08-07_G11,10109758LIMAF,2025-08-07,118299,1,14,0,218.0
10109758LIMAF_2025-08-07_G12,10109758LIMAF,2025-08-07,160051,1,4,0,126.0
10109758LIMAF_2025-08-07_G13,10109758LIMAF,2025-08-07,110373,1,10,0,172.0
10109758LIMAF_2025-08-07_G14,10109758LIMAF,2025-08-07,117820,1,12,0,100.0
10109758LIMAF_2025-08-07_G15,10109758LIMAF,2025-08-07,141202,1,2,0,83.0
10109758LIMAF_2025-08-07_G16,10109758LIMAF,2025-08-07,110372,1,16,0,41.0
10109758LIMAF_2025-08-07_G17,10109758LIMAF,2025-08-07,111463,1,20,0,295.0
10109758LIMAF_2025-08-07_G18,10109758LIMAF,2025-08-07,140911,1,4,0,149.0
10109758LIMAF_2025-08-07_G19,10109758LIMAF,2025-08-07,110375,1,10,0,2093.0
10109758LIMAF_2025-08-07_G20,10109758LIMAF,2025-08-07,110582,1,4,0,384.0
10109758LIMAF_2025-08-07_G21,10109758LIMAF,2025-08-07,117855,1,4,0,150.0
10109758LIMAF_2025-08-07_G22,10109758LIMAF,2025-08-07,110339,1,4,0,85.0
10109758LIMAF_2025-08-07_G23,10109758LIMAF,2025-08-07,111602,1,4,0,101.0
10109758LIMAF_2025-08-07_G24,10109758LIMAF,2025-08-07,117862,1,8,0,86.0
10109758LIMAF_2025-08-07_G25,10109758LIMAF,2025-08-07,110515,1,10,0,838.0
10109758LIMAF_2025-08-07_G26,10109758LIMAF,2025-08-07,110375,1,10,0,388.0
10109758LIMAF_2025-08-08_G02,10109758LIMAF,2025-08-08,110740,1,4,0,354.0
10109758LIMAF_2025-08-08_G03,10109758LIMAF,2025-08-08,110841,1,2,0,205.0
10109758LIMAF_2025-08-08_G04,10109758LIMAF,2025-08-08,117855,1,4,0,92.0
10109758LIMAF_2025-08-08_G05,10109758LIMAF,2025-08-08,141047,1,5,0,88.0
10109758LIMAF_2025-08-08_G06,10109758LIMAF,2025-08-08,110711,1,7,0,77.0
10109758LIMAF_2025-08-08_G07,10109758LIMAF,2025-08-08,111569,1,4,0,2399.0
10109758LIMAF_2025-08-08_G08,10109758LIMAF,2025-08-08,111602,1,4,0,189.0
10109758LIMAF_2025-08-08_G09,10109758LIMAF,2025-08-08,111530,1,12,0,100.0
10109758LIMAF_2025-08-08_G10,10109758LIMAF,2025-08-08,111465,1,4,0,359.0
10109758LIMAF_2025-08-08_G11,10109758LIMAF,2025-08-08,117831,1,10,0,85.0
10109758LIMAF_2025-08-08_G12,10109758LIMAF,2025-08-08,111442,1,30,0,329.0
10109758LIMAF_2025-08-08_G13,10109758LIMAF,2025-08-08,118299,1,3,0,466.0
10109758LIMAF_2025-08-08_G14,10109758LIMAF,2025-08-08,108711,1,1,0,1753.0
10109758LIMAF_2025-08-08_G15,10109758LIMAF,2025-08-08,105705,1,2,0,39.0
10109758LIMAF_2025-08-08_G16,10109758LIMAF,2025-08-08,110325,1,4,0,185.0
10109758LIMAF_2025-08-08_G17,10109758LIMAF,2025-08-08,110371,1,28,0,318.0
10109758LIMAF_2025-08-08_G18,10109758LIMAF,2025-08-08,117808,1,4,0,295.0
10109758LIMAF_2025-08-08_G19,10109758LIMAF,2025-08-08,118094,1,2,0,1434.0
10109758LIMAF_2025-08-08_G20,10109758LIMAF,2025-08-08,110752,1,3,0,160.0
10109758LIMAF_2025-08-08_G21,10109758LIMAF,2025-08-08,140911,1,8,0,135.0
10109758LIMAF_2025-08-08_G22,10109758LIMAF,2025-08-08,110373,1,42,0,282.0
10109758LIMAF_2025-08-08_G23,10109758LIMAF,2025-08-08,110745,1,4,0,248.0
10109758LIMAF_2025-08-08_G24,10109758LIMAF,2025-08-08,114650,1,4,0,210.0
10109758LIMAF_2025-08-08_G25,10109758LIMAF,2025-08-08,117834,1,2,0,702.0
10109758LIMAF_2025-08-08_G26,10109758LIMAF,2025-08-08,111660,1,8,0,164.0
10109758LIMAF_2025-08-08_G27,10109758LIMAF,2025-08-08,111530,1,12,0,305.0
10109758LIMAF_2025-08-08_G28,10109758LIMAF,2025-08-08,141047,1,4,0,227.0
10109758LIMAF_2025-08-08_G29,10109758LIMAF,2025-08-08,110752,1,10,0,137.0
10109758LIMAF_2025-08-08_G30,10109758LIMAF,2025-08-08,111330,2,8,7,241.0
10109758LIMAF_2025-08-08_G31,10109758LIMAF,2025-08-08,110372,2,30,9,1357.0
10109758LIMAF_2025-08-08_G32,10109758LIMAF,2025-08-08,118299,2,31,14,357.0
10109758LIMAF_2025-08-08_G33,10109758LIMAF,2025-08-08,107830,1,2,0,192.0
10109758LIMAF_2025-08-08_G34,10109758LIMAF,2025-08-08,110375,1,6,0,124.0
10109758LIMAF_2025-08-08_G35,10109758LIMAF,2025-08-08,110374,1,3,0,189.0
10109758LIMAF_2025-08-08_G36,10109758LIMAF,2025-08-08,117808,2,58,9,672.0
10109758LIMAF_2025-08-08_G38,10109758LIMAF,2025-08-08,117830,2,16,5,1060.0
10109758LIMAF_2025-08-08_G39,10109758LIMAF,2025-08-08,117786,1,2,0,1120.0
10109758LIMAF_2025-08-08_G40,10109758LIMAF,2025-08-08,118094,1,2,0,31.0
10109758LIMAF_2025-08-08_G41,10109758LIMAF,2025-08-08,110733,1,3,0,128.0
10109758LIMAF_2025-08-08_G42,10109758LIMAF,2025-08-08,111172,1,4,0,136.0
10109758LIMAF_2025-08-08_G43,10109758LIMAF,2025-08-08,111466,1,11,0,478.0
10109758LIMAF_2025-08-08_G44,10109758LIMAF,2025-08-08,111743,1,1,0,319.0
10109758LIMAF_2025-08-08_G45,10109758LIMAF,2025-08-08,111468,1,4,0,88.0
10109758LIMAF_2025-08-08_G46,10109758LIMAF,2025-08-08,109645,1,6,0,51.0
10109758LIMAF_2025-08-08_G47,10109758LIMAF,2025-08-08,111418,1,14,0,67.0
10109758LIMAF_2025-08-08_G48,10109758LIMAF,2025-08-08,111462,1,8,0,110.0
10109758LIMAF_2025-08-08_G49,10109758LIMAF,2025-08-08,117785,2,16,9,132.0
10109758LIMAF_2025-08-08_G50,10109758LIMAF,2025-08-08,140922,1,5,0,294.0
10109758LIMAF_2025-08-08_G51,10109758LIMAF,2025-08-08,117785,1,12,0,161.0
10109758LIMAF_2025-08-08_G52,10109758LIMAF,2025-08-08,140911,1,12,0,487.0
10109758LIMAF_2025-08-08_G53,10109758LIMAF,2025-08-08,105705,1,4,0,338.0
10109758LIMAF_2025-08-08_G54,10109758LIMAF,2025-08-08,111466,1,4,0,205.0
10109758LIMAF_2025-08-08_G55,10109758LIMAF,2025-08-08,111330,1,4,0,129.0
10109758LIMAF_2025-08-08_G56,10109758LIMAF,2025-08-08,111466,1,12,0,85.0
10109758LIMAF_2025-08-08_G57,10109758LIMAF,2025-08-08,111465,1,6,0,189.0
10109758LIMAF_2025-08-08_G58,10109758LIMAF,2025-08-08,117831,1,12,0,80.0
10109758LIMAF_2025-08-08_G59,10109758LIMAF,2025-08-08,111462,1,8,0,489.0
10109758LIMAF_2025-08-08_G60,10109758LIMAF,2025-08-08,110373,1,20,0,119.0
10109758LIMAF_2025-08-08_G61,10109758LIMAF,2025-08-08,109643,1,9,0,158.0
10109758LIMAF_2025-08-09_G02,10109758LIMAF,2025-08-09,141313,1,4,0,158.0
10109758LIMAF_2025-08-09_G03,10109758LIMAF,2025-08-09,117855,1,8,0,456.0
10109758LIMAF_2025-08-09_G04,10109758LIMAF,2025-08-09,111876,1,8,0,229.0
10109758LIMAF_2025-08-09_G05,10109758LIMAF,2025-08-09,111602,1,4,0,93.0
10109758LIMAF_2025-08-09_G06,10109758LIMAF,2025-08-09,141047,1,1,0,82.0
10109758LIMAF_2025-08-09_G07,10109758LIMAF,2025-08-09,109640,1,6,0,82.0
10109758LIMAF_2025-08-09_G08,10109758LIMAF,2025-08-09,"105705, 140922",2,6,9,120.0
10109758LIMAF_2025-08-09_G09,10109758LIMAF,2025-08-09,111443,1,12,0,153.0
10109758LIMAF_2025-08-09_G10,10109758LIMAF,2025-08-09,117832,1,7,0,251.0
10109758LIMAF_2025-08-09_G11,10109758LIMAF,2025-08-09,118299,1,7,0,169.0
10109758LIMAF_2025-08-09_G12,10109758LIMAF,2025-08-09,110371,1,10,0,56.0
10109758LIMAF_2025-08-09_G13,10109758LIMAF,2025-08-09,110373,1,8,0,302.0
10109758LIMAF_2025-08-09_G14,10109758LIMAF,2025-08-09,110374,1,5,0,140.0
10109758LIMAF_2025-08-09_G15,10109758LIMAF,2025-08-09,117808,1,24,0,63.0
10109758LIMAF_2025-08-09_G16,10109758LIMAF,2025-08-09,109647,1,4,0,201.0
10109758LIMAF_2025-08-09_G17,10109758LIMAF,2025-08-09,117821,1,2,0,162.0
10109758LIMAF_2025-08-09_G18,10109758LIMAF,2025-08-09,107830,1,2,0,103.0
10109758LIMAF_2025-08-09_G19,10109758LIMAF,2025-08-09,110376,1,4,0,52.0
10109758LIMAF_2025-08-09_G20,10109758LIMAF,2025-08-09,110374,1,3,0,58.0
10109758LIMAF_2025-08-09_G21,10109758LIMAF,2025-08-09,111418,1,1350,0,2371.0
10109758LIMAF_2025-08-09_G22,10109758LIMAF,2025-08-09,111418,1,1200,0,2510.0
10109758LIMAF_2025-08-09_G23,10109758LIMAF,2025-08-09,118222,1,5,0,1552.0
10109758LIMAF_2025-08-09_G24,10109758LIMAF,2025-08-09,111438,1,2,0,904.0
10109758LIMAF_2025-08-09_G25,10109758LIMAF,2025-08-09,111569,1,4,0,72.0
10109758LIMAF_2025-08-09_G26,10109758LIMAF,2025-08-09,117855,1,2,0,132.0
10109758LIMAF_2025-08-09_G27,10109758LIMAF,2025-08-09,111602,1,2,0,53.0
10109758LIMAF_2025-08-09_G28,10109758LIMAF,2025-08-09,141047,1,2,0,88.0
10109758LIMAF_2025-08-09_G29,10109758LIMAF,2025-08-09,109640,1,4,0,95.0
10109758LIMAF_2025-08-09_G30,10109758LIMAF,2025-08-09,111443,1,2,0,428.0
10109758LIMAF_2025-08-09_G31,10109758LIMAF,2025-08-09,110325,1,4,0,126.0
10109758LIMAF_2025-08-09_G32,10109758LIMAF,2025-08-09,117832,2,2,6,34.0
10109758LIMAF_2025-08-09_G33,10109758LIMAF,2025-08-09,118299,2,6,5,50.0
10109758LIMAF_2025-08-09_G34,10109758LIMAF,2025-08-09,110371,1,2,0,66.0
10109758LIMAF_2025-08-09_G35,10109758LIMAF,2025-08-09,110373,1,5,0,66.0
10109758LIMAF_2025-08-09_G36,10109758LIMAF,2025-08-09,110374,1,1,0,107.0
10109758LIMAF_2025-08-09_G37,10109758LIMAF,2025-08-09,117808,2,5,5,39.0
10109758LIMAF_2025-08-09_G38,10109758LIMAF,2025-08-09,117830,1,6,0,80.0
10109758LIMAF_2025-08-09_G39,10109758LIMAF,2025-08-09,118222,1,2,0,275.0
10109758LIMAF_2025-08-09_G40,10109758LIMAF,2025-08-09,118290,1,1,0,668.0
10109758LIMAF_2025-08-09_G42,10109758LIMAF,2025-08-09,111569,1,2,0,459.0
10109758LIMAF_2025-08-09_G43,10109758LIMAF,2025-08-09,117855,1,1,0,133.0
10109758LIMAF_2025-08-09_G44,10109758LIMAF,2025-08-09,109640,1,4,0,158.0
10109758LIMAF_2025-08-09_G45,10109758LIMAF,2025-08-09,110515,1,2,0,175.0
10109758LIMAF_2025-08-09_G46,10109758LIMAF,2025-08-09,118299,1,4,0,101.0
10109758LIMAF_2025-08-09_G47,10109758LIMAF,2025-08-09,110374,1,4,0,194.0
10109758LIMAF_2025-08-09_G48,10109758LIMAF,2025-08-09,117808,1,1,0,57.0
10109758LIMAF_2025-08-09_G49,10109758LIMAF,2025-08-09,117830,1,3,0,62.0
10109758LIMAF_2025-08-09_G50,10109758LIMAF,2025-08-09,110325,1,11,0,414.0
10109758LIMAF_2025-08-09_G51,10109758LIMAF,2025-08-09,117832,1,7,0,174.0
10109758LIMAF_2025-08-09_G52,10109758LIMAF,2025-08-09,118299,1,9,0,95.0
10109758LIMAF_2025-08-09_G53,10109758LIMAF,2025-08-09,110371,1,20,0,77.0
10109758LIMAF_2025-08-09_G54,10109758LIMAF,2025-08-09,110373,1,32,0,278.0
10109758LIMAF_2025-08-09_G55,10109758LIMAF,2025-08-09,110376,1,4,0,249.0
10109758LIMAF_2025-08-09_G56,10109758LIMAF,2025-08-09,117808,1,2,0,66.0
10109758LIMAF_2025-08-09_G57,10109758LIMAF,2025-08-09,117820,1,9,0,57.0
10109758LIMAF_2025-08-09_G58,10109758LIMAF,2025-08-09,117830,1,3,0,108.0
10109758LIMAF_2025-08-09_G59,10109758LIMAF,2025-08-09,111602,1,12,0,285.0
10109758LIMAF_2025-08-09_G60,10109758LIMAF,2025-08-09,117853,1,2,0,195.0
10109758LIMAF_2025-08-09_G61,10109758LIMAF,2025-08-09,141047,1,4,0,69.0
10109758LIMAF_2025-08-09_G62,10109758LIMAF,2025-08-09,110515,1,15,0,146.0
10109758LIMAF_2025-08-09_G63,10109758LIMAF,2025-08-09,111438,1,49,0,352.0
10109758LIMAF_2025-08-09_G64,10109758LIMAF,2025-08-09,116527,1,6,0,1274.0
10109758LIMAF_2025-08-09_G65,10109758LIMAF,2025-08-09,116527,1,2,0,177.0
10109758LIMAF_2025-08-09_G66,10109758LIMAF,2025-08-09,111876,1,6,0,597.0
10109758LIMAF_2025-08-09_G67,10109758LIMAF,2025-08-09,118094,1,2,0,128.0
10109758LIMAF_2025-08-11_G02,10109758LIMAF,2025-08-11,110374,1,26,0,2122.0
10109758LIMAF_2025-08-11_G03,10109758LIMAF,2025-08-11,117820,1,78,0,422.0
10109758LIMAF_2025-08-11_G04,10109758LIMAF,2025-08-11,117830,2,26,6,461.0
10109758LIMAF_2025-08-11_G05,10109758LIMAF,2025-08-11,116241,1,32,0,524.0
10109758LIMAF_2025-08-11_G06,10109758LIMAF,2025-08-11,111466,1,2,0,2333.0
10109758LIMAF_2025-08-11_G07,10109758LIMAF,2025-08-11,118222,2,51,8,341.0
10109758LIMAF_2025-08-11_G08,10109758LIMAF,2025-08-11,118290,1,17,0,631.0
10109758LIMAF_2025-08-11_G09,10109758LIMAF,2025-08-11,110755,1,15,0,1378.0
10109758LIMAF_2025-08-11_G10,10109758LIMAF,2025-08-11,110747,1,5,0,254.0
10109758LIMAF_2025-08-11_G11,10109758LIMAF,2025-08-11,118253,1,4,0,343.0
10109758LIMAF_2025-08-11_G12,10109758LIMAF,2025-08-11,111438,1,6,0,115.0
10109758LIMAF_2025-08-11_G13,10109758LIMAF,2025-08-11,118306,1,2,0,65.0
10109758LIMAF_2025-08-11_G14,10109758LIMAF,2025-08-11,111569,1,23,0,365.0
10109758LIMAF_2025-08-11_G15,10109758LIMAF,2025-08-11,111660,1,8,0,215.0
10109758LIMAF_2025-08-11_G16,10109758LIMAF,2025-08-11,110515,1,39,0,504.0
10109758LIMAF_2025-08-11_G17,10109758LIMAF,2025-08-11,117855,1,2,0,339.0
10109758LIMAF_2025-08-11_G18,10109758LIMAF,2025-08-11,110339,1,4,0,123.0
10109758LIMAF_2025-08-11_G19,10109758LIMAF,2025-08-11,118094,1,4,0,155.0
10109758LIMAF_2025-08-11_G20,10109758LIMAF,2025-08-11,141047,1,8,0,49.0
10109758LIMAF_2025-08-11_G21,10109758LIMAF,2025-08-11,109640,1,6,0,164.0
10109758LIMAF_2025-08-11_G22,10109758LIMAF,2025-08-11,111530,1,2,0,107.0
10109758LIMAF_2025-08-11_G23,10109758LIMAF,2025-08-11,117832,1,30,0,906.0
10109758LIMAF_2025-08-11_G24,10109758LIMAF,2025-08-11,117809,1,100,0,276.0
10109758LIMAF_2025-08-11_G25,10109758LIMAF,2025-08-11,118299,1,140,0,537.0
10109758LIMAF_2025-08-11_G26,10109758LIMAF,2025-08-11,110373,1,100,0,316.0
10109758LIMAF_2025-08-11_G27,10109758LIMAF,2025-08-11,118281,1,30,0,181.0
10109758LIMAF_2025-08-11_G28,10109758LIMAF,2025-08-11,117808,1,140,0,1236.0
10109758LIMAF_2025-08-11_G29,10109758LIMAF,2025-08-11,117820,1,150,0,525.0
10109758LIMAF_2025-08-11_G30,10109758LIMAF,2025-08-11,117830,1,20,0,223.0
10109758LIMAF_2025-08-11_G31,10109758LIMAF,2025-08-11,111650,1,10,0,836.0
10109758LIMAF_2025-08-11_G32,10109758LIMAF,2025-08-11,110756,1,2,0,157.0
10109758LIMAF_2025-08-11_G33,10109758LIMAF,2025-08-11,111353,1,2,0,138.0
10109758LIMAF_2025-08-11_G34,10109758LIMAF,2025-08-11,117788,1,7,0,154.0
10109758LIMAF_2025-08-11_G35,10109758LIMAF,2025-08-11,111435,1,14,0,562.0
10109758LIMAF_2025-08-11_G36,10109758LIMAF,2025-08-11,116241,1,2,0,444.0
10109758LIMAF_2025-08-11_G37,10109758LIMAF,2025-08-11,117841,1,1,0,89.0
10109758LIMAF_2025-08-11_G38,10109758LIMAF,2025-08-11,141456,1,120,0,293.0
10109758LIMAF_2025-08-11_G39,10109758LIMAF,2025-08-11,117831,1,50,0,336.0
10109758LIMAF_2025-08-11_G40,10109758LIMAF,2025-08-11,117785,1,80,0,270.0
10109758LIMAF_2025-08-11_G41,10109758LIMAF,2025-08-11,118196,1,4,0,196.0
10109758LIMAF_2025-08-11_G42,10109758LIMAF,2025-08-11,111418,1,150,0,697.0
10109758LIMAF_2025-08-11_G43,10109758LIMAF,2025-08-11,118330,2,12,6,207.0
10109758LIMAF_2025-08-12_G02,10109758LIMAF,2025-08-12,118306,1,8,0,217.0
10109758LIMAF_2025-08-12_G03,10109758LIMAF,2025-08-12,141035,1,3,0,140.0
10109758LIMAF_2025-08-12_G04,10109758LIMAF,2025-08-12,110741,1,6,0,80.0
10109758LIMAF_2025-08-12_G05,10109758LIMAF,2025-08-12,110733,1,4,0,86.0
10109758LIMAF_2025-08-12_G06,10109758LIMAF,2025-08-12,117853,1,4,0,33.0
10109758LIMAF_2025-08-12_G07,10109758LIMAF,2025-08-12,111743,1,12,0,104.0
10109758LIMAF_2025-08-12_G08,10109758LIMAF,2025-08-12,141456,1,50,0,288.0
10109758LIMAF_2025-08-12_G09,10109758LIMAF,2025-08-12,117785,1,50,0,422.0
10109758LIMAF_2025-08-12_G10,10109758LIMAF,2025-08-12,109648,1,10,0,382.0
10109758LIMAF_2025-08-12_G11,10109758LIMAF,2025-08-12,117808,1,100,0,67.0
10109758LIMAF_2025-08-12_G12,10109758LIMAF,2025-08-12,117822,1,8,0,422.0
10109758LIMAF_2025-08-12_G13,10109758LIMAF,2025-08-12,118094,1,3,0,915.0
10109758LIMAF_2025-08-12_G14,10109758LIMAF,2025-08-12,108711,1,9,0,73.0
10109758LIMAF_2025-08-12_G15,10109758LIMAF,2025-08-12,111465,1,9,0,112.0
10109758LIMAF_2025-08-12_G16,10109758LIMAF,2025-08-12,108794,1,4,0,131.0
10109758LIMAF_2025-08-12_G17,10109758LIMAF,2025-08-12,141823,1,3,0,53.0
10109758LIMAF_2025-08-12_G18,10109758LIMAF,2025-08-12,111172,1,1,0,87.0
10109758LIMAF_2025-08-12_G19,10109758LIMAF,2025-08-12,110372,1,7,0,221.0
10109758LIMAF_2025-08-12_G20,10109758LIMAF,2025-08-12,111743,1,3,0,167.0
10109758LIMAF_2025-08-12_G21,10109758LIMAF,2025-08-12,111418,1,56,0,152.0
10109758LIMAF_2025-08-12_G22,10109758LIMAF,2025-08-12,111418,1,278,0,89.0
10109758LIMAF_2025-08-12_G23,10109758LIMAF,2025-08-12,117831,1,48,0,1119.0
10109758LIMAF_2025-08-12_G24,10109758LIMAF,2025-08-12,117785,1,63,0,184.0
10109758LIMAF_2025-08-12_G25,10109758LIMAF,2025-08-12,117808,1,981,0,1290.0
10109758LIMAF_2025-08-12_G26,10109758LIMAF,2025-08-12,118299,1,378,0,1092.0
10109758LIMAF_2025-08-12_G27,10109758LIMAF,2025-08-12,111569,1,8,0,2738.0
10109758LIMAF_2025-08-12_G28,10109758LIMAF,2025-08-12,118306,1,4,0,219.0
10109758LIMAF_2025-08-12_G29,10109758LIMAF,2025-08-12,"107830, 110373, 110376",3,95,18,147.0
10109758LIMAF_2025-08-12_G30,10109758LIMAF,2025-08-12,117841,1,20,0,271.0
10109758LIMAF_2025-08-12_G31,10109758LIMAF,2025-08-12,111465,1,7,0,171.0
10109758LIMAF_2025-08-12_G32,10109758LIMAF,2025-08-12,117842,1,4,0,82.0
10109758LIMAF_2025-08-12_G33,10109758LIMAF,2025-08-12,117831,1,20,0,189.0
10109758LIMAF_2025-08-12_G34,10109758LIMAF,2025-08-12,117785,1,21,0,858.0
10109758LIMAF_2025-08-12_G35,10109758LIMAF,2025-08-12,111418,1,160,0,321.0
10109758LIMAF_2025-08-12_G36,10109758LIMAF,2025-08-12,111444,1,7,0,659.0
10109758LIMAF_2025-08-12_G38,10109758LIMAF,2025-08-12,"117808, 118299",2,563,20,1561.0
10109758LIMAF_2025-08-12_G39,10109758LIMAF,2025-08-12,110371,1,80,0,183.0
10109758LIMAF_2025-08-12_G40,10109758LIMAF,2025-08-12,117820,1,80,0,363.0
10109758LIMAF_2025-08-12_G41,10109758LIMAF,2025-08-12,110372,1,60,0,31.0
10109758LIMAF_2025-08-12_G42,10109758LIMAF,2025-08-12,111467,1,21,0,217.0
10109758LIMAF_2025-08-13_G02,10109758LIMAF,2025-08-13,118253,1,4,0,646.0
10109758LIMAF_2025-08-13_G03,10109758LIMAF,2025-08-13,111569,1,16,0,327.0
10109758LIMAF_2025-08-13_G04,10109758LIMAF,2025-08-13,111602,1,21,0,905.0
10109758LIMAF_2025-08-13_G05,10109758LIMAF,2025-08-13,111530,1,8,0,177.0
10109758LIMAF_2025-08-13_G06,10109758LIMAF,2025-08-13,111463,1,7,0,512.0
10109758LIMAF_2025-08-13_G07,10109758LIMAF,2025-08-13,111532,1,16,0,434.0
10109758LIMAF_2025-08-13_G08,10109758LIMAF,2025-08-13,"117785, 118317",2,6,16,199.0
10109758LIMAF_2025-08-13_G09,10109758LIMAF,2025-08-13,110515,1,60,0,243.0
10109758LIMAF_2025-08-13_G10,10109758LIMAF,2025-08-13,110325,1,34,0,3304.0
10109758LIMAF_2025-08-13_G11,10109758LIMAF,2025-08-13,117820,1,10,0,249.0
10109758LIMAF_2025-08-13_G12,10109758LIMAF,2025-08-13,110374,2,22,11,111.0
10109758LIMAF_2025-08-13_G13,10109758LIMAF,2025-08-13,107830,1,30,0,235.0
10109758LIMAF_2025-08-13_G14,10109758LIMAF,2025-08-13,110373,1,46,0,570.0
10109758LIMAF_2025-08-13_G15,10109758LIMAF,2025-08-13,110895,1,4,0,341.0
10109758LIMAF_2025-08-13_G16,10109758LIMAF,2025-08-13,111530,1,9,0,260.0
10109758LIMAF_2025-08-13_G17,10109758LIMAF,2025-08-13,109641,1,14,0,163.0
10109758LIMAF_2025-08-13_G18,10109758LIMAF,2025-08-13,111463,1,2,0,198.0
10109758LIMAF_2025-08-13_G19,10109758LIMAF,2025-08-13,118140,1,10,0,38.0
10109758LIMAF_2025-08-13_G20,10109758LIMAF,2025-08-13,110895,2,12,12,318.0
10109758LIMAF_2025-08-13_G21,10109758LIMAF,2025-08-13,111469,1,6,0,354.0
10109758LIMAF_2025-08-13_G22,10109758LIMAF,2025-08-13,"111463, 118140",2,10,10,319.0
10109758LIMAF_2025-08-13_G23,10109758LIMAF,2025-08-13,110372,1,13,0,134.0
10109758LIMAF_2025-08-13_G25,10109758LIMAF,2025-08-13,118290,1,2,0,239.0
10109758LIMAF_2025-08-13_G26,10109758LIMAF,2025-08-13,110895,1,3,0,104.0
10109758LIMAF_2025-08-13_G27,10109758LIMAF,2025-08-13,110747,1,5,0,56.0
10109758LIMAF_2025-08-13_G28,10109758LIMAF,2025-08-13,110752,1,2,0,169.0
10109758LIMAF_2025-08-13_G29,10109758LIMAF,2025-08-13,111465,1,2,0,120.0
10109758LIMAF_2025-08-13_G30,10109758LIMAF,2025-08-13,141823,1,2,0,143.0
10109758LIMAF_2025-08-13_G31,10109758LIMAF,2025-08-13,110373,1,2,0,83.0
10109758LIMAF_2025-08-13_G32,10109758LIMAF,2025-08-13,118222,1,4,0,55.0
10109758LIMAF_2025-08-13_G33,10109758LIMAF,2025-08-13,110895,2,12,6,351.0
10109758LIMAF_2025-08-13_G34,10109758LIMAF,2025-08-13,117855,1,2,0,84.0
10109758LIMAF_2025-08-13_G35,10109758LIMAF,2025-08-13,140922,1,2,0,63.0
10109758LIMAF_2025-08-13_G36,10109758LIMAF,2025-08-13,117855,1,4,0,264.0
10109758LIMAF_2025-08-13_G37,10109758LIMAF,2025-08-13,111876,1,1,0,74.0
10109758LIMAF_2025-08-13_G38,10109758LIMAF,2025-08-13,110339,1,2,0,46.0
10109758LIMAF_2025-08-13_G39,10109758LIMAF,2025-08-13,117786,1,2,0,95.0
10109758LIMAF_2025-08-13_G40,10109758LIMAF,2025-08-13,110733,1,2,0,118.0
10109758LIMAF_2025-08-13_G41,10109758LIMAF,2025-08-13,141047,1,4,0,99.0
10109758LIMAF_2025-08-13_G42,10109758LIMAF,2025-08-13,111467,1,2,0,97.0
10109758LIMAF_2025-08-13_G43,10109758LIMAF,2025-08-13,110752,1,3,0,82.0
10109758LIMAF_2025-08-13_G44,10109758LIMAF,2025-08-13,117832,1,1,0,271.0
10109758LIMAF_2025-08-13_G45,10109758LIMAF,2025-08-13,110325,1,2,0,47.0
10109758LIMAF_2025-08-13_G46,10109758LIMAF,2025-08-13,117820,1,4,0,46.0
10109758LIMAF_2025-08-13_G47,10109758LIMAF,2025-08-13,110373,1,4,0,71.0
10109758LIMAF_2025-08-13_G48,10109758LIMAF,2025-08-13,117808,1,10,0,89.0
10109758LIMAF_2025-08-14_G02,10109758LIMAF,2025-08-14,111438,1,4,0,230.0
10109758LIMAF_2025-08-14_G03,10109758LIMAF,2025-08-14,111569,1,9,0,184.0
10109758LIMAF_2025-08-14_G04,10109758LIMAF,2025-08-14,117862,1,4,0,534.0
10109758LIMAF_2025-08-14_G05,10109758LIMAF,2025-08-14,111530,1,8,0,112.0
10109758LIMAF_2025-08-14_G06,10109758LIMAF,2025-08-14,110339,1,2,0,80.0
10109758LIMAF_2025-08-14_G07,10109758LIMAF,2025-08-14,111418,1,8,0,99.0
10109758LIMAF_2025-08-14_G08,10109758LIMAF,2025-08-14,117831,1,4,0,115.0
10109758LIMAF_2025-08-14_G09,10109758LIMAF,2025-08-14,111172,1,5,0,85.0
10109758LIMAF_2025-08-14_G10,10109758LIMAF,2025-08-14,110373,1,8,0,101.0
10109758LIMAF_2025-08-14_G11,10109758LIMAF,2025-08-14,117808,1,3,0,58.0
10109758LIMAF_2025-08-14_G12,10109758LIMAF,2025-08-14,118299,1,14,0,140.0
10109758LIMAF_2025-08-14_G13,10109758LIMAF,2025-08-14,111444,1,2,0,361.0
10109758LIMAF_2025-08-14_G14,10109758LIMAF,2025-08-14,110751,1,2,0,204.0
10109758LIMAF_2025-08-14_G15,10109758LIMAF,2025-08-14,108711,1,3,0,2112.0
10109758LIMAF_2025-08-14_G16,10109758LIMAF,2025-08-14,111463,1,13,0,55.0
10109758LIMAF_2025-08-14_G17,10109758LIMAF,2025-08-14,111418,1,4,0,134.0
10109758LIMAF_2025-08-14_G18,10109758LIMAF,2025-08-14,111443,1,7,0,572.0
10109758LIMAF_2025-08-14_G19,10109758LIMAF,2025-08-14,111743,1,4,0,102.0
10109758LIMAF_2025-08-14_G20,10109758LIMAF,2025-08-14,111182,1,2,0,46.0
10109758LIMAF_2025-08-14_G21,10109758LIMAF,2025-08-14,141823,2,11,7,61.0
10109758LIMAF_2025-08-14_G22,10109758LIMAF,2025-08-14,111431,1,1,0,81.0
10109758LIMAF_2025-08-14_G23,10109758LIMAF,2025-08-14,109645,1,2,0,96.0
10109758LIMAF_2025-08-14_G24,10109758LIMAF,2025-08-14,117831,1,5,0,87.0
10109758LIMAF_2025-08-14_G25,10109758LIMAF,2025-08-14,107236,1,5,0,58.0
10109758LIMAF_2025-08-14_G26,10109758LIMAF,2025-08-14,117785,1,17,0,674.0
10109758LIMAF_2025-08-14_G27,10109758LIMAF,2025-08-14,118317,1,8,0,671.0
10109758LIMAF_2025-08-14_G28,10109758LIMAF,2025-08-14,111442,1,4,0,58.0
10109758LIMAF_2025-08-14_G29,10109758LIMAF,2025-08-14,111172,1,2,0,54.0
10109758LIMAF_2025-08-14_G30,10109758LIMAF,2025-08-14,111465,1,4,0,63.0
10109758LIMAF_2025-08-14_G31,10109758LIMAF,2025-08-14,110740,1,4,0,86.0
10109758LIMAF_2025-08-14_G32,10109758LIMAF,2025-08-14,110755,2,14,5,305.0
10109758LIMAF_2025-08-14_G33,10109758LIMAF,2025-08-14,111655,1,2,0,228.0
10109758LIMAF_2025-08-14_G34,10109758LIMAF,2025-08-14,100334,1,3,0,177.0
10109758LIMAF_2025-08-14_G35,10109758LIMAF,2025-08-14,111569,2,28,11,75.0
10109758LIMAF_2025-08-14_G36,10109758LIMAF,2025-08-14,118094,1,8,0,2294.0
10109758LIMAF_2025-08-14_G37,10109758LIMAF,2025-08-14,111650,1,4,0,233.0
10109758LIMAF_2025-08-14_G38,10109758LIMAF,2025-08-14,141047,1,5,0,71.0
10109758LIMAF_2025-08-14_G39,10109758LIMAF,2025-08-14,111602,1,17,0,135.0
10109758LIMAF_2025-08-14_G40,10109758LIMAF,2025-08-14,111530,1,23,0,123.0
10109758LIMAF_2025-08-14_G41,10109758LIMAF,2025-08-14,111467,1,7,0,459.0
10109758LIMAF_2025-08-14_G42,10109758LIMAF,2025-08-14,110515,1,17,0,210.0
10109758LIMAF_2025-08-14_G43,10109758LIMAF,2025-08-14,117832,1,6,0,469.0
10109758LIMAF_2025-08-14_G44,10109758LIMAF,2025-08-14,110325,1,5,0,77.0
10109758LIMAF_2025-08-14_G45,10109758LIMAF,2025-08-14,117820,1,13,0,283.0
10109758LIMAF_2025-08-14_G46,10109758LIMAF,2025-08-14,110372,1,9,0,269.0
10109758LIMAF_2025-08-14_G47,10109758LIMAF,2025-08-14,110374,2,14,4,57.0
10109758LIMAF_2025-08-14_G48,10109758LIMAF,2025-08-14,110375,1,8,0,95.0
10109758LIMAF_2025-08-14_G49,10109758LIMAF,2025-08-14,"118299, 117830, 110373, 117808",4,73,78,380.0
10109758LIMAF_2025-08-14_G51,10109758LIMAF,2025-08-14,117834,1,12,0,246.0
10109758LIMAF_2025-08-14_G52,10109758LIMAF,2025-08-14,141458,1,16,0,1955.0
10109758LIMAF_2025-08-14_G53,10109758LIMAF,2025-08-14,141457,1,16,0,131.0
10109758LIMAF_2025-08-14_G54,10109758LIMAF,2025-08-14,111465,1,8,0,237.0
10109758LIMAF_2025-08-14_G55,10109758LIMAF,2025-08-14,111438,1,7,0,622.0
10109758LIMAF_2025-08-14_G56,10109758LIMAF,2025-08-14,110895,1,2,0,184.0
10109758LIMAF_2025-08-14_G57,10109758LIMAF,2025-08-14,141047,1,4,0,177.0
10109758LIMAF_2025-08-14_G58,10109758LIMAF,2025-08-14,111467,1,2,0,136.0
10109758LIMAF_2025-08-14_G59,10109758LIMAF,2025-08-14,111418,1,3,0,86.0
10109758LIMAF_2025-08-14_G60,10109758LIMAF,2025-08-14,111532,1,4,0,246.0
10109758LIMAF_2025-08-14_G61,10109758LIMAF,2025-08-14,141823,1,6,0,68.0
10109758LIMAF_2025-08-14_G62,10109758LIMAF,2025-08-14,108794,1,3,0,187.0
10109758LIMAF_2025-08-14_G63,10109758LIMAF,2025-08-14,110374,1,4,0,270.0
10109758LIMAF_2025-08-14_G64,10109758LIMAF,2025-08-14,110373,1,8,0,72.0
10109758LIMAF_2025-08-14_G65,10109758LIMAF,2025-08-14,117808,1,5,0,87.0
10109758LIMAF_2025-08-14_G66,10109758LIMAF,2025-08-14,110895,1,2,0,211.0
10109758LIMAF_2025-08-14_G67,10109758LIMAF,2025-08-14,117862,1,2,0,60.0
10109758LIMAF_2025-08-14_G68,10109758LIMAF,2025-08-14,118094,1,2,0,63.0
10109758LIMAF_2025-08-14_G69,10109758LIMAF,2025-08-14,111467,1,2,0,121.0
10109758LIMAF_2025-08-14_G70,10109758LIMAF,2025-08-14,108711,1,3,0,390.0
10109758LIMAF_2025-08-14_G71,10109758LIMAF,2025-08-14,111418,1,1,0,42.0
10109758LIMAF_2025-08-14_G72,10109758LIMAF,2025-08-14,117821,1,1,0,120.0
10109758LIMAF_2025-08-14_G73,10109758LIMAF,2025-08-14,141823,1,3,0,130.0
10109758LIMAF_2025-08-14_G74,10109758LIMAF,2025-08-14,117831,1,4,0,89.0
10109758LIMAF_2025-08-14_G75,10109758LIMAF,2025-08-14,111172,1,1,0,322.0
10109758LIMAF_2025-08-14_G76,10109758LIMAF,2025-08-14,111465,1,2,0,35.0
10109758LIMAF_2025-08-15_G02,10109758LIMAF,2025-08-15,117836,1,8,0,3475.0
10109758LIMAF_2025-08-15_G03,10109758LIMAF,2025-08-15,100334,1,8,0,101.0
10109758LIMAF_2025-08-15_G04,10109758LIMAF,2025-08-15,160057,1,2,0,155.0
10109758LIMAF_2025-08-15_G05,10109758LIMAF,2025-08-15,117862,1,4,0,163.0
10109758LIMAF_2025-08-15_G06,10109758LIMAF,2025-08-15,118298,1,8,0,181.0
10109758LIMAF_2025-08-15_G07,10109758LIMAF,2025-08-15,109647,1,11,0,139.0
10109758LIMAF_2025-08-15_G08,10109758LIMAF,2025-08-15,111439,1,4,0,182.0
10109758LIMAF_2025-08-15_G09,10109758LIMAF,2025-08-15,111530,1,7,0,116.0
10109758LIMAF_2025-08-15_G10,10109758LIMAF,2025-08-15,110752,1,4,0,254.0
10109758LIMAF_2025-08-15_G11,10109758LIMAF,2025-08-15,109641,1,4,0,160.0
10109758LIMAF_2025-08-15_G12,10109758LIMAF,2025-08-15,116241,1,27,0,69.0
10109758LIMAF_2025-08-15_G13,10109758LIMAF,2025-08-15,160055,1,6,0,1479.0
10109758LIMAF_2025-08-15_G14,10109758LIMAF,2025-08-15,111431,1,4,0,120.0
10109758LIMAF_2025-08-15_G15,10109758LIMAF,2025-08-15,109645,1,12,0,243.0
10109758LIMAF_2025-08-15_G16,10109758LIMAF,2025-08-15,108794,1,4,0,161.0
10109758LIMAF_2025-08-15_G17,10109758LIMAF,2025-08-15,110745,1,2,0,123.0
10109758LIMAF_2025-08-15_G18,10109758LIMAF,2025-08-15,110787,1,8,0,210.0
10109758LIMAF_2025-08-15_G19,10109758LIMAF,2025-08-15,160054,1,5,0,252.0
10109758LIMAF_2025-08-15_G20,10109758LIMAF,2025-08-15,109643,1,7,0,77.0
10109758LIMAF_2025-08-15_G21,10109758LIMAF,2025-08-15,117832,1,8,0,138.0
10109758LIMAF_2025-08-15_G22,10109758LIMAF,2025-08-15,110325,1,7,0,76.0
10109758LIMAF_2025-08-15_G23,10109758LIMAF,2025-08-15,117820,1,126,0,298.0
10109758LIMAF_2025-08-15_G24,10109758LIMAF,2025-08-15,110374,1,80,0,39.0
10109758LIMAF_2025-08-15_G25,10109758LIMAF,2025-08-15,118140,1,12,0,492.0
10109758LIMAF_2025-08-15_G26,10109758LIMAF,2025-08-15,110372,1,121,0,1363.0
10109758LIMAF_2025-08-15_G27,10109758LIMAF,2025-08-15,160051,1,6,0,811.0
10109758LIMAF_2025-08-15_G28,10109758LIMAF,2025-08-15,"117830, 110372",2,12,16,123.0
10109758LIMAF_2025-08-15_G29,10109758LIMAF,2025-08-15,100334,1,10,0,221.0
10109758LIMAF_2025-08-15_G30,10109758LIMAF,2025-08-15,117862,1,20,0,389.0
10109758LIMAF_2025-08-15_G31,10109758LIMAF,2025-08-15,110515,1,10,0,186.0
10109758LIMAF_2025-08-15_G32,10109758LIMAF,2025-08-15,110752,1,5,0,81.0
10109758LIMAF_2025-08-15_G33,10109758LIMAF,2025-08-15,110373,1,30,0,130.0
10109758LIMAF_2025-08-15_G34,10109758LIMAF,2025-08-15,117838,1,4,0,260.0
10109758LIMAF_2025-08-15_G35,10109758LIMAF,2025-08-15,140922,1,10,0,72.0
10109758LIMAF_2025-08-15_G36,10109758LIMAF,2025-08-15,111418,1,20,0,374.0
10109758LIMAF_2025-08-15_G37,10109758LIMAF,2025-08-15,117821,1,30,0,257.0
10109758LIMAF_2025-08-15_G38,10109758LIMAF,2025-08-15,111532,1,5,0,196.0
10109758LIMAF_2025-08-15_G39,10109758LIMAF,2025-08-15,117842,1,10,0,225.0
10109758LIMAF_2025-08-15_G40,10109758LIMAF,2025-08-15,110745,1,5,0,145.0
10109758LIMAF_2025-08-15_G41,10109758LIMAF,2025-08-15,107236,1,10,0,55.0
10109758LIMAF_2025-08-15_G42,10109758LIMAF,2025-08-15,111442,1,10,0,534.0
10109758LIMAF_2025-08-15_G43,10109758LIMAF,2025-08-15,110740,1,6,0,1243.0
10109758LIMAF_2025-08-15_G44,10109758LIMAF,2025-08-15,141458,1,30,0,224.0
10109758LIMAF_2025-08-15_G45,10109758LIMAF,2025-08-15,111850,1,2,0,1045.0
10109758LIMAF_2025-08-15_G46,10109758LIMAF,2025-08-15,141318,1,4,0,66.0
10109758LIMAF_2025-08-15_G47,10109758LIMAF,2025-08-15,118140,1,2,0,603.0
10109758LIMAF_2025-08-15_G49,10109758LIMAF,2025-08-15,110895,1,3,0,497.0
10109758LIMAF_2025-08-15_G50,10109758LIMAF,2025-08-15,117855,1,4,0,157.0
10109758LIMAF_2025-08-15_G51,10109758LIMAF,2025-08-15,117786,1,4,0,120.0
10109758LIMAF_2025-08-15_G52,10109758LIMAF,2025-08-15,111602,1,4,0,112.0
10109758LIMAF_2025-08-15_G53,10109758LIMAF,2025-08-15,118140,1,22,0,223.0
10109758LIMAF_2025-08-15_G54,10109758LIMAF,2025-08-15,117832,1,2,0,217.0
10109758LIMAF_2025-08-15_G55,10109758LIMAF,2025-08-15,117808,2,10,8,42.0
10109758LIMAF_2025-08-15_G56,10109758LIMAF,2025-08-15,141202,1,1,0,177.0
10109758LIMAF_2025-08-15_G57,10109758LIMAF,2025-08-15,110742,1,4,0,308.0
10109758LIMAF_2025-08-15_G58,10109758LIMAF,2025-08-15,110895,1,6,0,182.0
10109758LIMAF_2025-08-15_G59,10109758LIMAF,2025-08-15,110755,1,4,0,97.0
10109758LIMAF_2025-08-15_G60,10109758LIMAF,2025-08-15,100334,1,4,0,210.0
10109758LIMAF_2025-08-16_G02,10109758LIMAF,2025-08-16,117820,1,4,0,49.0
10109758LIMAF_2025-08-16_G03,10109758LIMAF,2025-08-16,110372,1,4,0,109.0
10109758LIMAF_2025-08-16_G04,10109758LIMAF,2025-08-16,110374,1,4,0,98.0
10109758LIMAF_2025-08-16_G05,10109758LIMAF,2025-08-16,118299,1,2,0,102.0
10109758LIMAF_2025-08-16_G06,10109758LIMAF,2025-08-16,110375,1,2,0,84.0
10109758LIMAF_2025-08-16_G07,10109758LIMAF,2025-08-16,117830,1,2,0,111.0
10109758LIMAF_2025-08-16_G08,10109758LIMAF,2025-08-16,118222,1,4,0,150.0
10109758LIMAF_2025-08-16_G09,10109758LIMAF,2025-08-16,111602,1,4,0,422.0
10109758LIMAF_2025-08-16_G10,10109758LIMAF,2025-08-16,110339,1,3,0,35.0
10109758LIMAF_2025-08-16_G11,10109758LIMAF,2025-08-16,110515,1,2,0,74.0
10109758LIMAF_2025-08-16_G12,10109758LIMAF,2025-08-16,110313,1,4,0,61.0
10109758LIMAF_2025-08-16_G13,10109758LIMAF,2025-08-16,108711,1,5,0,882.0
10109758LIMAF_2025-08-16_G14,10109758LIMAF,2025-08-16,111418,1,3,0,160.0
10109758LIMAF_2025-08-16_G15,10109758LIMAF,2025-08-16,117787,1,2,0,90.0
10109758LIMAF_2025-08-16_G16,10109758LIMAF,2025-08-16,111532,1,8,0,45.0
10109758LIMAF_2025-08-16_G17,10109758LIMAF,2025-08-16,111468,1,2,0,363.0
10109758LIMAF_2025-08-16_G18,10109758LIMAF,2025-08-16,118140,1,4,0,91.0
10109758LIMAF_2025-08-16_G19,10109758LIMAF,2025-08-16,110745,1,4,0,92.0
10109758LIMAF_2025-08-16_G20,10109758LIMAF,2025-08-16,118317,1,3,0,83.0
10109758LIMAF_2025-08-16_G21,10109758LIMAF,2025-08-16,111465,1,5,0,79.0
10109758LIMAF_2025-08-16_G22,10109758LIMAF,2025-08-16,117830,1,2,0,96.0
10109758LIMAF_2025-08-16_G23,10109758LIMAF,2025-08-16,110313,1,22,0,669.0
10109758LIMAF_2025-08-16_G24,10109758LIMAF,2025-08-16,111602,1,41,0,287.0
10109758LIMAF_2025-08-16_G25,10109758LIMAF,2025-08-16,110787,1,33,0,431.0
10109758LIMAF_2025-08-16_G26,10109758LIMAF,2025-08-16,141457,1,120,0,266.0
10109758LIMAF_2025-08-16_G27,10109758LIMAF,2025-08-16,118140,1,3,0,510.0
10109758LIMAF_2025-08-16_G28,10109758LIMAF,2025-08-16,110787,2,4,5,146.0
10109758LIMAF_2025-08-16_G29,10109758LIMAF,2025-08-16,110374,1,1,0,128.0
10109758LIMAF_2025-08-16_G30,10109758LIMAF,2025-08-16,110313,1,2,0,404.0
10109758LIMAF_2025-08-16_G31,10109758LIMAF,2025-08-16,118140,1,1,0,74.0
10109758LIMAF_2025-08-16_G32,10109758LIMAF,2025-08-16,110787,1,4,0,47.0
10109758LIMAF_2025-08-16_G33,10109758LIMAF,2025-08-16,"118140, 110787",2,22,18,52.0
10109758LIMAF_2025-08-16_G34,10109758LIMAF,2025-08-16,"140922, 110787",3,54,30,232.0
10109758LIMAF_2025-08-16_G36,10109758LIMAF,2025-08-16,117834,1,4,0,835.0
10109758LIMAF_2025-08-16_G37,10109758LIMAF,2025-08-16,100334,1,12,0,135.0
10109758LIMAF_2025-08-16_G38,10109758LIMAF,2025-08-16,117965,1,4,0,624.0
10109758LIMAF_2025-08-16_G39,10109758LIMAF,2025-08-16,117855,1,20,0,202.0
10109758LIMAF_2025-08-16_G40,10109758LIMAF,2025-08-16,111876,1,16,0,254.0
10109758LIMAF_2025-08-16_G41,10109758LIMAF,2025-08-16,117853,1,4,0,283.0
10109758LIMAF_2025-08-16_G42,10109758LIMAF,2025-08-16,117786,1,2,0,58.0
10109758LIMAF_2025-08-16_G43,10109758LIMAF,2025-08-16,141047,1,5,0,52.0
10109758LIMAF_2025-08-16_G44,10109758LIMAF,2025-08-16,110339,1,7,0,107.0
10109758LIMAF_2025-08-16_G45,10109758LIMAF,2025-08-16,111467,1,13,0,1257.0
10109758LIMAF_2025-08-16_G46,10109758LIMAF,2025-08-16,110752,1,8,0,404.0
10109758LIMAF_2025-08-16_G47,10109758LIMAF,2025-08-16,110515,1,20,0,272.0
10109758LIMAF_2025-08-16_G48,10109758LIMAF,2025-08-16,110373,1,200,0,467.0
10109758LIMAF_2025-08-16_G49,10109758LIMAF,2025-08-16,117820,1,110,0,131.0
10109758LIMAF_2025-08-16_G50,10109758LIMAF,2025-08-16,110372,1,120,0,191.0
10109758LIMAF_2025-08-16_G51,10109758LIMAF,2025-08-16,118299,1,135,0,240.0
10109758LIMAF_2025-08-16_G52,10109758LIMAF,2025-08-16,117808,1,252,0,419.0
10109758LIMAF_2025-08-16_G53,10109758LIMAF,2025-08-16,117808,1,308,0,199.0
10109758LIMAF_2025-08-16_G55,10109758LIMAF,2025-08-16,110374,1,46,0,285.0
10109758LIMAF_2025-08-16_G56,10109758LIMAF,2025-08-16,117822,1,12,0,328.0
10109758LIMAF_2025-08-16_G57,10109758LIMAF,2025-08-16,117830,1,24,0,181.0
10109758LIMAF_2025-08-16_G58,10109758LIMAF,2025-08-16,110895,1,3,0,276.0
10109758LIMAF_2025-08-18_G02,10109758LIMAF,2025-08-18,111602,1,1,0,839.0
10109758LIMAF_2025-08-18_G03,10109758LIMAF,2025-08-18,110339,1,2,0,128.0
10109758LIMAF_2025-08-18_G04,10109758LIMAF,2025-08-18,111466,1,20,0,145.0
10109758LIMAF_2025-08-18_G05,10109758LIMAF,2025-08-18,111418,1,20,0,353.0
10109758LIMAF_2025-08-18_G06,10109758LIMAF,2025-08-18,110373,1,20,0,672.0
10109758LIMAF_2025-08-18_G07,10109758LIMAF,2025-08-18,"110372, 118299",3,45,18,118.0
10109758LIMAF_2025-08-18_G08,10109758LIMAF,2025-08-18,110371,1,20,0,562.0
10109758LIMAF_2025-08-18_G09,10109758LIMAF,2025-08-18,117808,1,40,0,2002.0
10109758LIMAF_2025-08-18_G10,10109758LIMAF,2025-08-18,118222,1,5,0,512.0
10109758LIMAF_2025-08-18_G11,10109758LIMAF,2025-08-18,110755,1,8,0,220.0
10109758LIMAF_2025-08-18_G12,10109758LIMAF,2025-08-18,111438,1,12,0,164.0
10109758LIMAF_2025-08-18_G13,10109758LIMAF,2025-08-18,160057,1,8,0,465.0
10109758LIMAF_2025-08-18_G14,10109758LIMAF,2025-08-18,111569,1,24,0,422.0
10109758LIMAF_2025-08-18_G15,10109758LIMAF,2025-08-18,107892,1,6,0,416.0
10109758LIMAF_2025-08-18_G16,10109758LIMAF,2025-08-18,111660,1,4,0,78.0
10109758LIMAF_2025-08-18_G17,10109758LIMAF,2025-08-18,117862,1,8,0,304.0
10109758LIMAF_2025-08-18_G18,10109758LIMAF,2025-08-18,117855,1,12,0,120.0
10109758LIMAF_2025-08-18_G19,10109758LIMAF,2025-08-18,118094,1,20,0,434.0
10109758LIMAF_2025-08-18_G20,10109758LIMAF,2025-08-18,110733,1,10,0,183.0
10109758LIMAF_2025-08-18_G21,10109758LIMAF,2025-08-18,117786,1,8,0,150.0
10109758LIMAF_2025-08-18_G22,10109758LIMAF,2025-08-18,141047,1,24,0,99.0
10109758LIMAF_2025-08-18_G23,10109758LIMAF,2025-08-18,111602,2,20,7,355.0
10109758LIMAF_2025-08-18_G24,10109758LIMAF,2025-08-18,109640,1,8,0,83.0
10109758LIMAF_2025-08-18_G25,10109758LIMAF,2025-08-18,111467,1,28,0,203.0
10109758LIMAF_2025-08-18_G26,10109758LIMAF,2025-08-18,110752,1,4,0,262.0
10109758LIMAF_2025-08-18_G27,10109758LIMAF,2025-08-18,110313,2,12,6,84.0
10109758LIMAF_2025-08-18_G28,10109758LIMAF,2025-08-18,118094,1,12,0,463.0
10109758LIMAF_2025-08-18_G29,10109758LIMAF,2025-08-18,109641,2,7,6,1921.0
10109758LIMAF_2025-08-18_G30,10109758LIMAF,2025-08-18,111469,1,3,0,151.0
10109758LIMAF_2025-08-18_G31,10109758LIMAF,2025-08-18,140922,1,20,0,164.0
10109758LIMAF_2025-08-18_G32,10109758LIMAF,2025-08-18,111463,1,28,0,422.0
10109758LIMAF_2025-08-18_G33,10109758LIMAF,2025-08-18,111348,1,6,0,130.0
10109758LIMAF_2025-08-18_G34,10109758LIMAF,2025-08-18,117821,1,16,0,112.0
10109758LIMAF_2025-08-18_G35,10109758LIMAF,2025-08-18,111182,2,20,7,265.0
10109758LIMAF_2025-08-18_G36,10109758LIMAF,2025-08-18,110787,1,20,0,863.0
10109758LIMAF_2025-08-18_G37,10109758LIMAF,2025-08-18,117831,1,20,0,122.0
10109758LIMAF_2025-08-18_G38,10109758LIMAF,2025-08-18,110745,1,8,0,122.0
10109758LIMAF_2025-08-18_G40,10109758LIMAF,2025-08-18,107236,1,32,0,379.0
10109758LIMAF_2025-08-18_G41,10109758LIMAF,2025-08-18,111433,1,4,0,548.0
10109758LIMAF_2025-08-18_G42,10109758LIMAF,2025-08-18,108794,1,8,0,64.0
10109758LIMAF_2025-08-18_G43,10109758LIMAF,2025-08-18,110740,2,20,6,92.0
10109758LIMAF_2025-08-18_G44,10109758LIMAF,2025-08-18,110372,1,100,0,399.0
10109758LIMAF_2025-08-18_G45,10109758LIMAF,2025-08-18,117809,1,12,0,297.0
10109758LIMAF_2025-08-18_G46,10109758LIMAF,2025-08-18,141202,1,12,0,133.0
10109758LIMAF_2025-08-18_G47,10109758LIMAF,2025-08-18,110339,1,4,0,298.0
10109758LIMAF_2025-08-18_G48,10109758LIMAF,2025-08-18,111446,1,4,0,122.0
10109758LIMAF_2025-08-18_G49,10109758LIMAF,2025-08-18,111443,1,2,0,104.0
10109758LIMAF_2025-08-18_G50,10109758LIMAF,2025-08-18,111330,1,4,0,58.0
10109758LIMAF_2025-08-18_G51,10109758LIMAF,2025-08-18,110895,1,16,0,460.0
10109758LIMAF_2025-08-18_G52,10109758LIMAF,2025-08-18,110743,1,6,0,164.0
10109758LIMAF_2025-08-18_G53,10109758LIMAF,2025-08-18,117856,1,31,0,2107.0
10109758LIMAF_2025-08-18_G54,10109758LIMAF,2025-08-18,111466,1,115,0,1137.0
10109758LIMAF_2025-08-20_G02,10109758LIMAF,2025-08-20,115775,1,1,0,337.0
10109758LIMAF_2025-08-20_G03,10109758LIMAF,2025-08-20,111447,1,6,0,531.0
10109758LIMAF_2025-08-20_G04,10109758LIMAF,2025-08-20,118253,1,8,0,515.0
10109758LIMAF_2025-08-20_G05,10109758LIMAF,2025-08-20,118283,1,6,0,424.0
10109758LIMAF_2025-08-20_G06,10109758LIMAF,2025-08-20,118251,1,20,0,2241.0
10109758LIMAF_2025-08-20_G07,10109758LIMAF,2025-08-20,118417,1,2,0,207.0
10109758LIMAF_2025-08-20_G08,10109758LIMAF,2025-08-20,111569,1,10,0,76.0
10109758LIMAF_2025-08-20_G09,10109758LIMAF,2025-08-20,141318,1,24,0,157.0
10109758LIMAF_2025-08-20_G10,10109758LIMAF,2025-08-20,118280,1,6,0,405.0
10109758LIMAF_2025-08-20_G11,10109758LIMAF,2025-08-20,141420,1,2,0,603.0
10109758LIMAF_2025-08-20_G12,10109758LIMAF,2025-08-20,110310,1,2,0,186.0
10109758LIMAF_2025-08-20_G13,10109758LIMAF,2025-08-20,118110,1,2,0,1323.0
10109758LIMAF_2025-08-20_G14,10109758LIMAF,2025-08-20,107629,1,30,0,112.0
10109758LIMAF_2025-08-20_G15,10109758LIMAF,2025-08-20,117856,1,40,0,482.0
10109758LIMAF_2025-08-20_G16,10109758LIMAF,2025-08-20,118298,1,20,0,367.0
10109758LIMAF_2025-08-20_G17,10109758LIMAF,2025-08-20,110833,1,2,0,295.0
10109758LIMAF_2025-08-20_G18,10109758LIMAF,2025-08-20,111602,1,34,0,99.0
10109758LIMAF_2025-08-20_G19,10109758LIMAF,2025-08-20,110339,1,20,0,287.0
10109758LIMAF_2025-08-20_G20,10109758LIMAF,2025-08-20,111467,1,30,0,393.0
10109758LIMAF_2025-08-20_G21,10109758LIMAF,2025-08-20,110515,1,100,0,158.0
10109758LIMAF_2025-08-20_G22,10109758LIMAF,2025-08-20,117935,1,36,0,3154.0
10109758LIMAF_2025-08-20_G23,10109758LIMAF,2025-08-20,117841,1,100,0,447.0
10109758LIMAF_2025-08-20_G24,10109758LIMAF,2025-08-20,117841,1,150,0,506.0
10109758LIMAF_2025-08-20_G25,10109758LIMAF,2025-08-20,110372,1,200,0,577.0
10109758LIMAF_2025-08-20_G27,10109758LIMAF,2025-08-20,118418,1,8,0,296.0
10109758LIMAF_2025-08-20_G28,10109758LIMAF,2025-08-20,117835,1,30,0,294.0
10109758LIMAF_2025-08-20_G29,10109758LIMAF,2025-08-20,111466,1,26,0,1551.0
10109758LIMAF_2025-08-20_G30,10109758LIMAF,2025-08-20,111469,1,14,0,907.0
10109758LIMAF_2025-08-20_G31,10109758LIMAF,2025-08-20,111466,1,20,0,231.0
10109758LIMAF_2025-08-20_G32,10109758LIMAF,2025-08-20,111466,1,12,0,37.0
10109758LIMAF_2025-08-20_G33,10109758LIMAF,2025-08-20,110711,1,6,0,383.0
10109758LIMAF_2025-08-20_G34,10109758LIMAF,2025-08-20,117856,1,4,0,204.0
10109758LIMAF_2025-08-20_G35,10109758LIMAF,2025-08-20,109640,1,2,0,182.0
10109758LIMAF_2025-08-20_G36,10109758LIMAF,2025-08-20,111753,1,30,0,533.0
10109758LIMAF_2025-08-21_G02,10109758LIMAF,2025-08-21,108771,1,4,0,2132.0
10109758LIMAF_2025-08-21_G03,10109758LIMAF,2025-08-21,118222,1,8,0,486.0
10109758LIMAF_2025-08-21_G04,10109758LIMAF,2025-08-21,110742,1,2,0,666.0
10109758LIMAF_2025-08-21_G05,10109758LIMAF,2025-08-21,108759,1,1,0,289.0
10109758LIMAF_2025-08-21_G06,10109758LIMAF,2025-08-21,117855,1,5,0,154.0
10109758LIMAF_2025-08-21_G07,10109758LIMAF,2025-08-21,117837,1,1,0,135.0
10109758LIMAF_2025-08-21_G08,10109758LIMAF,2025-08-21,117856,1,2,0,135.0
10109758LIMAF_2025-08-21_G09,10109758LIMAF,2025-08-21,117862,1,2,0,67.0
10109758LIMAF_2025-08-21_G10,10109758LIMAF,2025-08-21,117808,1,8,0,114.0
10109758LIMAF_2025-08-21_G11,10109758LIMAF,2025-08-21,110371,1,8,0,79.0
10109758LIMAF_2025-08-21_G12,10109758LIMAF,2025-08-21,117855,1,8,0,419.0
10109758LIMAF_2025-08-21_G13,10109758LIMAF,2025-08-21,110711,1,4,0,246.0
10109758LIMAF_2025-08-21_G14,10109758LIMAF,2025-08-21,117856,1,8,0,44.0
10109758LIMAF_2025-08-21_G15,10109758LIMAF,2025-08-21,110313,1,8,0,127.0
10109758LIMAF_2025-08-21_G16,10109758LIMAF,2025-08-21,111466,2,14,7,305.0
10109758LIMAF_2025-08-21_G17,10109758LIMAF,2025-08-21,117821,1,8,0,292.0
10109758LIMAF_2025-08-21_G18,10109758LIMAF,2025-08-21,140922,1,6,0,198.0
10109758LIMAF_2025-08-21_G19,10109758LIMAF,2025-08-21,140911,1,8,0,345.0
10109758LIMAF_2025-08-21_G20,10109758LIMAF,2025-08-21,111469,1,4,0,300.0
10109758LIMAF_2025-08-21_G21,10109758LIMAF,2025-08-21,110745,1,2,0,118.0
10109758LIMAF_2025-08-21_G22,10109758LIMAF,2025-08-21,118140,1,12,0,1582.0
10109758LIMAF_2025-08-21_G23,10109758LIMAF,2025-08-21,111462,1,16,0,174.0
10109758LIMAF_2025-08-21_G24,10109758LIMAF,2025-08-21,111466,1,2,0,1790.0
10109758LIMAF_2025-08-21_G25,10109758LIMAF,2025-08-21,111462,1,21,0,766.0
10109758LIMAF_2025-08-21_G26,10109758LIMAF,2025-08-21,111530,1,46,0,1027.0
10109758LIMAF_2025-08-21_G28,10109758LIMAF,2025-08-21,111466,1,37,0,567.0
10109758LIMAF_2025-08-21_G29,10109758LIMAF,2025-08-21,110748,1,6,0,346.0
10109758LIMAF_2025-08-21_G30,10109758LIMAF,2025-08-21,111462,1,32,0,161.0
10109758LIMAF_2025-08-21_G31,10109758LIMAF,2025-08-21,111172,1,8,0,541.0
10109758LIMAF_2025-08-21_G32,10109758LIMAF,2025-08-21,109640,1,10,0,410.0
10109758LIMAF_2025-08-21_G33,10109758LIMAF,2025-08-21,117808,1,30,0,144.0
10109758LIMAF_2025-08-21_G34,10109758LIMAF,2025-08-21,109641,1,2,0,218.0
10109758LIMAF_2025-08-21_G35,10109758LIMAF,2025-08-21,110755,1,20,0,325.0
10109758LIMAF_2025-08-21_G36,10109758LIMAF,2025-08-21,118140,1,30,0,442.0
10109758LIMAF_2025-08-21_G37,10109758LIMAF,2025-08-21,141457,1,10,0,840.0
10109758LIMAF_2025-08-21_G38,10109758LIMAF,2025-08-21,111462,1,19,0,343.0
10109758LIMAF_2025-08-21_G39,10109758LIMAF,2025-08-21,111430,2,12,6,266.0
10109772PRADALJ_2025-02-25_G02,10109772PRADALJ,2025-02-25,122185,1,4,0,173.0
10109772PRADALJ_2025-02-25_G03,10109772PRADALJ,2025-02-25,122185,1,4,0,72.0
10109772PRADALJ_2025-02-25_G04,10109772PRADALJ,2025-02-25,123313,1,12,0,1542.0
10109772PRADALJ_2025-02-25_G05,10109772PRADALJ,2025-02-25,123345,1,40,0,495.0
10109772PRADALJ_2025-02-25_G06,10109772PRADALJ,2025-02-25,122673,1,6,0,566.0
10109772PRADALJ_2025-02-25_G07,10109772PRADALJ,2025-02-25,122185,1,48,0,1706.0
10109772PRADALJ_2025-02-25_G08,10109772PRADALJ,2025-02-25,123909,1,80,0,2019.0
10109772PRADALJ_2025-02-26_G02,10109772PRADALJ,2025-02-26,122185,1,10,0,651.0
10109772PRADALJ_2025-02-26_G03,10109772PRADALJ,2025-02-26,122185,1,2,0,495.0
10109772PRADALJ_2025-02-26_G04,10109772PRADALJ,2025-02-26,122185,1,2,0,285.0
10109772PRADALJ_2025-02-26_G05,10109772PRADALJ,2025-02-26,122185,1,6,0,295.0
10109772PRADALJ_2025-02-26_G06,10109772PRADALJ,2025-02-26,122185,1,2,0,112.0
10109772PRADALJ_2025-02-26_G07,10109772PRADALJ,2025-02-26,123344,1,24,0,2348.0
10109772PRADALJ_2025-02-26_G08,10109772PRADALJ,2025-02-26,122986,1,4,0,346.0
10109772PRADALJ_2025-02-26_G10,10109772PRADALJ,2025-02-26,123909,1,5,0,1041.0
10109772PRADALJ_2025-02-26_G11,10109772PRADALJ,2025-02-26,123909,1,5,0,309.0
10109772PRADALJ_2025-02-26_G12,10109772PRADALJ,2025-02-26,123344,1,30,0,1043.0
10109772PRADALJ_2025-02-26_G13,10109772PRADALJ,2025-02-26,124475,1,42,0,1979.0
10109772PRADALJ_2025-02-26_G14,10109772PRADALJ,2025-02-26,122984,1,2,0,803.0
10109772PRADALJ_2025-02-26_G15,10109772PRADALJ,2025-02-26,124371,1,30,0,895.0
10109772PRADALJ_2025-02-26_G16,10109772PRADALJ,2025-02-26,121760,1,27,0,1906.0
10109772PRADALJ_2025-02-26_G17,10109772PRADALJ,2025-02-26,122647,1,13,0,313.0
10109772PRADALJ_2025-02-27_G02,10109772PRADALJ,2025-02-27,123822,1,12,0,502.0
10109772PRADALJ_2025-02-27_G03,10109772PRADALJ,2025-02-27,121304,1,10,0,317.0
10109772PRADALJ_2025-02-27_G06,10109772PRADALJ,2025-02-27,122671,1,8,0,261.0
10109772PRADALJ_2025-02-27_G07,10109772PRADALJ,2025-02-27,122986,1,2,0,173.0
10109772PRADALJ_2025-02-27_G08,10109772PRADALJ,2025-02-27,122984,1,32,0,859.0
10109772PRADALJ_2025-02-27_G09,10109772PRADALJ,2025-02-27,123562,1,3,0,121.0
10109772PRADALJ_2025-02-27_G10,10109772PRADALJ,2025-02-27,124486,1,23,0,492.0
10109772PRADALJ_2025-02-28_G02,10109772PRADALJ,2025-02-28,122985,1,10,0,1002.0
10109772PRADALJ_2025-02-28_G03,10109772PRADALJ,2025-02-28,121928,1,4,0,221.0
10109772PRADALJ_2025-02-28_G04,10109772PRADALJ,2025-02-28,123080,1,4,0,204.0
10109772PRADALJ_2025-02-28_G05,10109772PRADALJ,2025-02-28,120271,1,4,0,208.0
10109772PRADALJ_2025-02-28_G06,10109772PRADALJ,2025-02-28,122982,1,4,0,316.0
10109772PRADALJ_2025-02-28_G07,10109772PRADALJ,2025-02-28,122984,1,18,0,647.0
10109772PRADALJ_2025-02-28_G08,10109772PRADALJ,2025-02-28,122988,1,4,0,438.0
10109772PRADALJ_2025-02-28_G09,10109772PRADALJ,2025-02-28,120389,1,12,0,611.0
10109772PRADALJ_2025-02-28_G10,10109772PRADALJ,2025-02-28,124475,1,10,0,1510.0
10109772PRADALJ_2025-02-28_G12,10109772PRADALJ,2025-02-28,121651,1,39,0,1522.0
10109772PRADALJ_2025-02-28_G13,10109772PRADALJ,2025-02-28,122962,1,13,0,1071.0
10109772PRADALJ_2025-02-28_G14,10109772PRADALJ,2025-02-28,122962,1,1,0,132.0
10109772PRADALJ_2025-02-28_G15,10109772PRADALJ,2025-02-28,121760,1,8,0,124.0
10109772PRADALJ_2025-02-28_G16,10109772PRADALJ,2025-02-28,124486,1,4,0,341.0
10109772PRADALJ_2025-02-28_G17,10109772PRADALJ,2025-02-28,121651,1,12,0,554.0
10109772PRADALJ_2025-02-28_G18,10109772PRADALJ,2025-02-28,123343,1,6,0,204.0
10109772PRADALJ_2025-02-28_G19,10109772PRADALJ,2025-02-28,122671,1,2,0,1237.0
10109772PRADALJ_2025-02-28_G20,10109772PRADALJ,2025-02-28,122982,1,1,0,99.0
10109772PRADALJ_2025-02-28_G21,10109772PRADALJ,2025-02-28,122984,1,16,0,263.0
10109772PRADALJ_2025-02-28_G22,10109772PRADALJ,2025-02-28,122673,1,4,0,462.0
10109772PRADALJ_2025-02-28_G23,10109772PRADALJ,2025-02-28,124248,1,3,0,185.0
10109772PRADALJ_2025-02-28_G24,10109772PRADALJ,2025-02-28,121760,1,1,0,120.0
10109772PRADALJ_2025-02-28_G25,10109772PRADALJ,2025-02-28,121923,1,1,0,72.0
10109772PRADALJ_2025-02-28_G26,10109772PRADALJ,2025-02-28,123907,1,1,0,112.0
10109772PRADALJ_2025-02-28_G27,10109772PRADALJ,2025-02-28,123561,1,8,0,132.0
10109772PRADALJ_2025-02-28_G28,10109772PRADALJ,2025-02-28,122983,1,1,0,187.0
10109772PRADALJ_2025-02-28_G29,10109772PRADALJ,2025-02-28,123521,1,1,0,129.0
10109772PRADALJ_2025-02-28_G30,10109772PRADALJ,2025-02-28,123909,1,2,0,112.0
10109772PRADALJ_2025-02-28_G31,10109772PRADALJ,2025-02-28,121651,1,1,0,109.0
10109772PRADALJ_2025-02-28_G32,10109772PRADALJ,2025-02-28,123344,1,1,0,135.0
10109772PRADALJ_2025-02-28_G33,10109772PRADALJ,2025-02-28,123343,1,1,0,324.0
10109772PRADALJ_2025-02-28_G34,10109772PRADALJ,2025-02-28,123345,1,1,0,202.0
10109772PRADALJ_2025-02-28_G36,10109772PRADALJ,2025-02-28,122673,1,80,0,1224.0
10109772PRADALJ_2025-03-04_G02,10109772PRADALJ,2025-03-04,122185,1,4,0,627.0
10109772PRADALJ_2025-03-04_G03,10109772PRADALJ,2025-03-04,123313,1,3,0,1118.0
10109772PRADALJ_2025-03-04_G04,10109772PRADALJ,2025-03-04,123343,1,20,0,1103.0
10109772PRADALJ_2025-03-05_G02,10109772PRADALJ,2025-03-05,120389,1,4,0,185.0
10109772PRADALJ_2025-03-05_G03,10109772PRADALJ,2025-03-05,123313,1,6,0,1135.0
10109772PRADALJ_2025-03-05_G04,10109772PRADALJ,2025-03-05,123344,1,4,0,416.0
10109772PRADALJ_2025-03-05_G05,10109772PRADALJ,2025-03-05,123344,1,4,0,353.0
10109772PRADALJ_2025-03-05_G06,10109772PRADALJ,2025-03-05,123343,1,10,0,69.0
10109772PRADALJ_2025-03-05_G07,10109772PRADALJ,2025-03-05,123344,1,2,0,573.0
10109772PRADALJ_2025-03-05_G09,10109772PRADALJ,2025-03-05,122986,1,4,0,232.0
10109772PRADALJ_2025-03-05_G10,10109772PRADALJ,2025-03-05,122984,1,6,0,570.0
10109772PRADALJ_2025-03-05_G11,10109772PRADALJ,2025-03-05,122185,1,6,0,354.0
10109772PRADALJ_2025-03-05_G12,10109772PRADALJ,2025-03-05,122962,1,6,0,393.0
10109772PRADALJ_2025-03-05_G13,10109772PRADALJ,2025-03-05,122984,1,4,0,254.0
10109772PRADALJ_2025-03-05_G14,10109772PRADALJ,2025-03-05,124475,1,2,0,221.0
10109772PRADALJ_2025-03-05_G15,10109772PRADALJ,2025-03-05,123909,1,2,0,352.0
10109772PRADALJ_2025-03-05_G16,10109772PRADALJ,2025-03-05,122986,1,1,0,265.0
10109772PRADALJ_2025-03-05_G17,10109772PRADALJ,2025-03-05,124475,1,2,0,96.0
10109772PRADALJ_2025-03-06_G02,10109772PRADALJ,2025-03-06,123343,1,2,0,217.0
10109772PRADALJ_2025-03-06_G03,10109772PRADALJ,2025-03-06,122984,1,4,0,588.0
10109772PRADALJ_2025-03-06_G04,10109772PRADALJ,2025-03-06,124248,1,4,0,107.0
10109772PRADALJ_2025-03-06_G05,10109772PRADALJ,2025-03-06,123907,1,4,0,354.0
10109772PRADALJ_2025-03-06_G06,10109772PRADALJ,2025-03-06,122984,1,6,0,364.0
10109772PRADALJ_2025-03-06_G07,10109772PRADALJ,2025-03-06,124248,1,6,0,351.0
10109772PRADALJ_2025-03-06_G08,10109772PRADALJ,2025-03-06,122962,1,9,0,486.0
10109772PRADALJ_2025-03-06_G09,10109772PRADALJ,2025-03-06,124476,1,16,0,281.0
10109772PRADALJ_2025-03-06_G10,10109772PRADALJ,2025-03-06,123345,1,12,0,426.0
10109772PRADALJ_2025-03-06_G11,10109772PRADALJ,2025-03-06,122985,1,4,0,889.0
10109772PRADALJ_2025-03-06_G12,10109772PRADALJ,2025-03-06,122986,1,6,0,123.0
10109772PRADALJ_2025-03-06_G13,10109772PRADALJ,2025-03-06,124247,1,8,0,563.0
10109772PRADALJ_2025-03-06_G14,10109772PRADALJ,2025-03-06,123313,1,1,0,168.0
10109772PRADALJ_2025-03-06_G15,10109772PRADALJ,2025-03-06,122703,1,10,0,402.0
10109772PRADALJ_2025-03-06_G16,10109772PRADALJ,2025-03-06,122962,1,12,0,701.0
10109772PRADALJ_2025-03-06_G17,10109772PRADALJ,2025-03-06,123345,1,2,0,183.0
10109772PRADALJ_2025-03-06_G18,10109772PRADALJ,2025-03-06,123909,1,3,0,392.0
10109772PRADALJ_2025-03-06_G20,10109772PRADALJ,2025-03-06,122703,1,4,0,235.0
10109772PRADALJ_2025-03-06_G21,10109772PRADALJ,2025-03-06,124248,1,2,0,279.0
10109772PRADALJ_2025-03-06_G22,10109772PRADALJ,2025-03-06,123561,1,8,0,239.0
10109772PRADALJ_2025-03-06_G23,10109772PRADALJ,2025-03-06,123909,1,4,0,200.0
10109772PRADALJ_2025-03-06_G24,10109772PRADALJ,2025-03-06,122988,1,30,0,579.0
10109772PRADALJ_2025-03-06_G25,10109772PRADALJ,2025-03-06,123080,1,4,0,289.0
10109772PRADALJ_2025-03-06_G26,10109772PRADALJ,2025-03-06,122984,1,1,0,63.0
10109772PRADALJ_2025-03-06_G27,10109772PRADALJ,2025-03-06,122983,1,1,0,122.0
10109772PRADALJ_2025-03-06_G28,10109772PRADALJ,2025-03-06,122962,1,8,0,398.0
10109772PRADALJ_2025-03-06_G29,10109772PRADALJ,2025-03-06,123313,1,4,0,237.0
10109772PRADALJ_2025-03-06_G30,10109772PRADALJ,2025-03-06,123345,1,2,0,138.0
10109772PRADALJ_2025-03-06_G31,10109772PRADALJ,2025-03-06,123909,1,3,0,358.0
10109772PRADALJ_2025-03-06_G32,10109772PRADALJ,2025-03-06,122962,1,8,0,289.0
10109772PRADALJ_2025-03-06_G33,10109772PRADALJ,2025-03-06,122982,1,8,0,395.0
10109772PRADALJ_2025-03-06_G34,10109772PRADALJ,2025-03-06,124248,1,1,0,98.0
10109772PRADALJ_2025-03-06_G35,10109772PRADALJ,2025-03-06,122983,1,2,0,111.0
10109772PRADALJ_2025-03-06_G36,10109772PRADALJ,2025-03-06,120339,1,8,0,1059.0
10109772PRADALJ_2025-03-06_G37,10109772PRADALJ,2025-03-06,122984,1,36,0,1235.0
10109772PRADALJ_2025-03-06_G38,10109772PRADALJ,2025-03-06,121651,1,12,0,719.0
10109772PRADALJ_2025-03-06_G39,10109772PRADALJ,2025-03-06,121760,1,8,0,139.0
10109772PRADALJ_2025-03-06_G40,10109772PRADALJ,2025-03-06,122983,1,1,0,410.0
10109772PRADALJ_2025-03-06_G41,10109772PRADALJ,2025-03-06,124371,1,4,0,408.0
10109772PRADALJ_2025-03-06_G42,10109772PRADALJ,2025-03-06,123344,1,2,0,251.0
10109772PRADALJ_2025-03-06_G43,10109772PRADALJ,2025-03-06,124370,1,6,0,950.0
10109772PRADALJ_2025-03-06_G45,10109772PRADALJ,2025-03-06,121651,1,4,0,375.0
10109772PRADALJ_2025-03-06_G46,10109772PRADALJ,2025-03-06,123344,1,4,0,323.0
10109772PRADALJ_2025-03-06_G47,10109772PRADALJ,2025-03-06,121651,1,6,0,523.0
10109772PRADALJ_2025-03-06_G48,10109772PRADALJ,2025-03-06,123521,1,6,0,152.0
10109772PRADALJ_2025-03-06_G49,10109772PRADALJ,2025-03-06,122188,1,1,0,213.0
10109772PRADALJ_2025-03-06_G50,10109772PRADALJ,2025-03-06,122673,1,1,0,552.0
10109772PRADALJ_2025-03-06_G51,10109772PRADALJ,2025-03-06,124476,1,1,0,834.0
10109772PRADALJ_2025-03-07_G02,10109772PRADALJ,2025-03-07,123343,1,7,0,623.0
10109772PRADALJ_2025-03-07_G03,10109772PRADALJ,2025-03-07,123343,1,14,0,353.0
10109772PRADALJ_2025-03-07_G04,10109772PRADALJ,2025-03-07,123343,1,8,0,1066.0
10109772PRADALJ_2025-03-07_G06,10109772PRADALJ,2025-03-07,123313,1,6,0,3597.0
10109772PRADALJ_2025-03-07_G07,10109772PRADALJ,2025-03-07,123343,1,4,0,520.0
10109772PRADALJ_2025-03-07_G08,10109772PRADALJ,2025-03-07,123343,1,2,0,208.0
10109772PRADALJ_2025-03-07_G09,10109772PRADALJ,2025-03-07,121760,1,2,0,198.0
10109772PRADALJ_2025-03-07_G10,10109772PRADALJ,2025-03-07,122962,1,4,0,124.0
10109772PRADALJ_2025-03-07_G11,10109772PRADALJ,2025-03-07,123343,1,1,0,452.0
10109772PRADALJ_2025-03-07_G12,10109772PRADALJ,2025-03-07,122985,1,4,0,227.0
10109772PRADALJ_2025-03-07_G13,10109772PRADALJ,2025-03-07,122703,1,5,0,271.0
10109772PRADALJ_2025-03-07_G14,10109772PRADALJ,2025-03-07,122983,1,4,0,359.0
10109772PRADALJ_2025-03-08_G02,10109772PRADALJ,2025-03-08,122962,1,8,0,2023.0
10109772PRADALJ_2025-03-08_G03,10109772PRADALJ,2025-03-08,123909,1,8,0,358.0
10109772PRADALJ_2025-03-08_G04,10109772PRADALJ,2025-03-08,123343,1,4,0,164.0
10109772PRADALJ_2025-03-08_G05,10109772PRADALJ,2025-03-08,120028,1,49,0,1350.0
10109772PRADALJ_2025-03-08_G06,10109772PRADALJ,2025-03-08,181235,1,2,0,796.0
10109772PRADALJ_2025-03-08_G07,10109772PRADALJ,2025-03-08,180001,1,8,0,398.0
10109772PRADALJ_2025-03-08_G09,10109772PRADALJ,2025-03-08,123562,1,12,0,795.0
10109772PRADALJ_2025-03-08_G10,10109772PRADALJ,2025-03-08,123561,1,24,0,686.0
10109772PRADALJ_2025-03-08_G11,10109772PRADALJ,2025-03-08,120389,1,20,0,762.0
10109772PRADALJ_2025-03-08_G12,10109772PRADALJ,2025-03-08,122962,1,20,0,784.0
10109772PRADALJ_2025-03-08_G13,10109772PRADALJ,2025-03-08,123081,1,40,0,2767.0
10109772PRADALJ_2025-03-08_G14,10109772PRADALJ,2025-03-08,123153,1,40,0,1699.0
10109772PRADALJ_2025-03-08_G15,10109772PRADALJ,2025-03-08,123521,1,2,0,82.0
10109772PRADALJ_2025-03-08_G16,10109772PRADALJ,2025-03-08,120272,1,4,0,1382.0
10109772PRADALJ_2025-03-08_G17,10109772PRADALJ,2025-03-08,123907,1,8,0,381.0
10109772PRADALJ_2025-03-08_G18,10109772PRADALJ,2025-03-08,123907,1,6,0,149.0
10109772PRADALJ_2025-03-08_G19,10109772PRADALJ,2025-03-08,120272,1,2,0,334.0
10109772PRADALJ_2025-03-08_G20,10109772PRADALJ,2025-03-08,123911,1,8,0,210.0
10109772PRADALJ_2025-03-08_G21,10109772PRADALJ,2025-03-08,123080,1,4,0,254.0
10109772PRADALJ_2025-03-10_G02,10109772PRADALJ,2025-03-10,111462,1,1,0,246.0
10109772PRADALJ_2025-03-10_G03,10109772PRADALJ,2025-03-10,111468,1,2,0,556.0
10109772PRADALJ_2025-03-10_G04,10109772PRADALJ,2025-03-10,111418,1,12,0,283.0
10109772PRADALJ_2025-03-10_G05,10109772PRADALJ,2025-03-10,110740,1,2,0,242.0
10109772PRADALJ_2025-03-10_G06,10109772PRADALJ,2025-03-10,105705,1,8,0,275.0
10109772PRADALJ_2025-03-10_G08,10109772PRADALJ,2025-03-10,110753,1,4,0,125.0
10109772PRADALJ_2025-03-10_G09,10109772PRADALJ,2025-03-10,110711,1,16,0,917.0
10109772PRADALJ_2025-03-10_G10,10109772PRADALJ,2025-03-10,110733,1,8,0,419.0
10109772PRADALJ_2025-03-10_G11,10109772PRADALJ,2025-03-10,117832,1,36,0,617.0
10109772PRADALJ_2025-03-10_G12,10109772PRADALJ,2025-03-10,118094,1,6,0,861.0
10109772PRADALJ_2025-03-10_G13,10109772PRADALJ,2025-03-10,110895,1,8,0,241.0
10109772PRADALJ_2025-03-10_G14,10109772PRADALJ,2025-03-10,110313,1,8,0,226.0
10109772PRADALJ_2025-03-10_G15,10109772PRADALJ,2025-03-10,110733,1,3,0,144.0
10109772PRADALJ_2025-03-10_G16,10109772PRADALJ,2025-03-10,110711,1,12,0,190.0
10109772PRADALJ_2025-03-10_G17,10109772PRADALJ,2025-03-10,110372,1,28,0,939.0
10109772PRADALJ_2025-03-10_G18,10109772PRADALJ,2025-03-10,107830,1,10,0,217.0
10109772PRADALJ_2025-03-10_G19,10109772PRADALJ,2025-03-10,110325,1,8,0,211.0
10109772PRADALJ_2025-03-10_G20,10109772PRADALJ,2025-03-10,118140,1,12,0,270.0
10109772PRADALJ_2025-03-10_G21,10109772PRADALJ,2025-03-10,118094,1,2,0,191.0
10109772PRADALJ_2025-03-10_G22,10109772PRADALJ,2025-03-10,110313,1,8,0,1094.0
10109772PRADALJ_2025-03-10_G23,10109772PRADALJ,2025-03-10,110733,1,8,0,172.0
10109772PRADALJ_2025-03-10_G24,10109772PRADALJ,2025-03-10,111602,1,17,0,233.0
10109772PRADALJ_2025-03-10_G25,10109772PRADALJ,2025-03-10,118004,1,8,0,162.0
10109772PRADALJ_2025-03-10_G26,10109772PRADALJ,2025-03-10,111466,1,2,0,117.0
10109772PRADALJ_2025-03-10_G28,10109772PRADALJ,2025-03-10,111438,1,11,0,76.0
10109772PRADALJ_2025-03-10_G29,10109772PRADALJ,2025-03-10,111430,1,11,0,736.0
10109772PRADALJ_2025-03-10_G30,10109772PRADALJ,2025-03-10,110747,1,8,0,583.0
10109772PRADALJ_2025-03-10_G31,10109772PRADALJ,2025-03-10,118222,1,4,0,197.0
10109772PRADALJ_2025-03-11_G02,10109772PRADALJ,2025-03-11,117862,1,8,0,155.0
10109772PRADALJ_2025-03-11_G03,10109772PRADALJ,2025-03-11,117862,1,12,0,127.0
10109772PRADALJ_2025-03-11_G04,10109772PRADALJ,2025-03-11,117935,1,4,0,112.0
10109772PRADALJ_2025-03-11_G05,10109772PRADALJ,2025-03-11,110733,1,12,0,208.0
10109772PRADALJ_2025-03-11_G06,10109772PRADALJ,2025-03-11,111439,1,6,0,208.0
10109772PRADALJ_2025-03-11_G07,10109772PRADALJ,2025-03-11,117861,1,10,0,262.0
10109772PRADALJ_2025-03-11_G08,10109772PRADALJ,2025-03-11,117786,1,2,0,207.0
10109772PRADALJ_2025-03-11_G09,10109772PRADALJ,2025-03-11,108772,1,4,0,319.0
10109772PRADALJ_2025-03-11_G10,10109772PRADALJ,2025-03-11,117856,1,12,0,490.0
10109772PRADALJ_2025-03-11_G12,10109772PRADALJ,2025-03-11,117808,1,9,0,169.0
10109772PRADALJ_2025-03-11_G13,10109772PRADALJ,2025-03-11,110371,1,4,0,89.0
10109772PRADALJ_2025-03-11_G15,10109772PRADALJ,2025-03-11,117809,1,3,0,285.0
10109772PRADALJ_2025-03-11_G16,10109772PRADALJ,2025-03-11,118299,1,20,0,321.0
10109772PRADALJ_2025-03-11_G17,10109772PRADALJ,2025-03-11,117830,1,3,0,102.0
10109772PRADALJ_2025-03-11_G18,10109772PRADALJ,2025-03-11,107830,1,6,0,170.0
10109772PRADALJ_2025-03-11_G19,10109772PRADALJ,2025-03-11,109643,1,2,0,61.0
10109772PRADALJ_2025-03-11_G20,10109772PRADALJ,2025-03-11,117832,1,12,0,191.0
10109772PRADALJ_2025-03-11_G21,10109772PRADALJ,2025-03-11,110373,1,10,0,104.0
10109772PRADALJ_2025-03-11_G22,10109772PRADALJ,2025-03-11,117820,1,9,0,344.0
10109772PRADALJ_2025-03-11_G23,10109772PRADALJ,2025-03-11,117862,1,12,0,731.0
10109772PRADALJ_2025-03-11_G24,10109772PRADALJ,2025-03-11,140922,1,7,0,431.0
10109772PRADALJ_2025-03-11_G25,10109772PRADALJ,2025-03-11,111602,1,4,0,325.0
10109772PRADALJ_2025-03-11_G26,10109772PRADALJ,2025-03-11,108711,1,4,0,211.0
10109772PRADALJ_2025-03-11_G27,10109772PRADALJ,2025-03-11,117832,1,2,0,102.0
10109772PRADALJ_2025-03-11_G28,10109772PRADALJ,2025-03-11,118094,1,4,0,558.0
10109772PRADALJ_2025-03-11_G29,10109772PRADALJ,2025-03-11,110325,1,2,0,166.0
10109772PRADALJ_2025-03-11_G30,10109772PRADALJ,2025-03-11,111602,1,12,0,395.0
10109772PRADALJ_2025-03-11_G31,10109772PRADALJ,2025-03-11,118140,1,1,0,340.0
10109772PRADALJ_2025-03-11_G32,10109772PRADALJ,2025-03-11,108711,1,2,0,175.0
10109772PRADALJ_2025-03-11_G33,10109772PRADALJ,2025-03-11,111602,1,9,0,571.0
10109772PRADALJ_2025-03-11_G34,10109772PRADALJ,2025-03-11,105705,1,4,0,1953.0
10109772PRADALJ_2025-03-12_G02,10109772PRADALJ,2025-03-12,118299,1,4,0,163.0
10109772PRADALJ_2025-03-12_G04,10109772PRADALJ,2025-03-12,117830,1,39,0,727.0
10109772PRADALJ_2025-03-12_G05,10109772PRADALJ,2025-03-12,117832,1,60,0,1667.0
10109772PRADALJ_2025-03-12_G06,10109772PRADALJ,2025-03-12,117820,2,201,11,709.0
10109772PRADALJ_2025-03-12_G08,10109772PRADALJ,2025-03-12,117836,1,4,0,740.0
10109772PRADALJ_2025-03-12_G09,10109772PRADALJ,2025-03-12,110376,1,4,0,333.0
10109772PRADALJ_2025-03-12_G10,10109772PRADALJ,2025-03-12,117830,1,8,0,193.0
10109772PRADALJ_2025-03-12_G11,10109772PRADALJ,2025-03-12,117830,1,34,0,422.0
10109772PRADALJ_2025-03-12_G12,10109772PRADALJ,2025-03-12,117820,1,12,0,1706.0
10109772PRADALJ_2025-03-12_G13,10109772PRADALJ,2025-03-12,111466,1,10,0,167.0
10109772PRADALJ_2025-03-12_G14,10109772PRADALJ,2025-03-12,140922,1,8,0,223.0
10109772PRADALJ_2025-03-12_G15,10109772PRADALJ,2025-03-12,110745,1,35,0,2783.0
10109772PRADALJ_2025-03-12_G16,10109772PRADALJ,2025-03-12,110745,1,8,0,109.0
10109772PRADALJ_2025-03-12_G17,10109772PRADALJ,2025-03-12,110745,1,35,0,824.0
10109772PRADALJ_2025-03-12_G18,10109772PRADALJ,2025-03-12,105705,2,25,7,1271.0
10109772PRADALJ_2025-03-12_G20,10109772PRADALJ,2025-03-12,110747,1,2,0,519.0
10109772PRADALJ_2025-03-12_G21,10109772PRADALJ,2025-03-12,100334,1,4,0,148.0
10109772PRADALJ_2025-03-12_G22,10109772PRADALJ,2025-03-12,117835,1,7,0,275.0
10109772PRADALJ_2025-03-12_G23,10109772PRADALJ,2025-03-12,118094,2,8,22,126.0
10109772PRADALJ_2025-03-12_G24,10109772PRADALJ,2025-03-12,111602,1,7,0,244.0
10109772PRADALJ_2025-03-12_G25,10109772PRADALJ,2025-03-12,110741,1,6,0,128.0
10109772PRADALJ_2025-03-12_G26,10109772PRADALJ,2025-03-12,110339,1,13,0,1043.0
10109772PRADALJ_2025-03-12_G27,10109772PRADALJ,2025-03-12,109645,1,18,0,320.0
10109772PRADALJ_2025-03-12_G28,10109772PRADALJ,2025-03-12,105705,1,4,0,494.0
10109772PRADALJ_2025-03-12_G29,10109772PRADALJ,2025-03-12,111462,1,25,0,212.0
10109772PRADALJ_2025-03-13_G02,10109772PRADALJ,2025-03-13,117808,1,116,0,685.0
10109772PRADALJ_2025-03-13_G03,10109772PRADALJ,2025-03-13,110371,1,9,0,621.0
10109772PRADALJ_2025-03-13_G04,10109772PRADALJ,2025-03-13,111466,1,4,0,402.0
10109772PRADALJ_2025-03-13_G05,10109772PRADALJ,2025-03-13,111435,1,10,0,295.0
10109772PRADALJ_2025-03-13_G06,10109772PRADALJ,2025-03-13,111532,1,4,0,97.0
10109772PRADALJ_2025-03-13_G07,10109772PRADALJ,2025-03-13,117785,1,18,0,2108.0
10109772PRADALJ_2025-03-13_G08,10109772PRADALJ,2025-03-13,118140,1,8,0,94.0
10109772PRADALJ_2025-03-13_G09,10109772PRADALJ,2025-03-13,108711,2,4,9,89.0
10109772PRADALJ_2025-03-13_G10,10109772PRADALJ,2025-03-13,110787,1,2,0,141.0
10109772PRADALJ_2025-03-13_G11,10109772PRADALJ,2025-03-13,110787,1,7,0,156.0
10109772PRADALJ_2025-03-13_G12,10109772PRADALJ,2025-03-13,111433,1,3,0,164.0
10109772PRADALJ_2025-03-13_G13,10109772PRADALJ,2025-03-13,111433,1,2,0,36.0
10109772PRADALJ_2025-03-13_G15,10109772PRADALJ,2025-03-13,110747,1,14,0,323.0
10109772PRADALJ_2025-03-13_G16,10109772PRADALJ,2025-03-13,117835,1,7,0,172.0
10109772PRADALJ_2025-03-13_G17,10109772PRADALJ,2025-03-13,111602,1,2,0,87.0
10109772PRADALJ_2025-03-13_G18,10109772PRADALJ,2025-03-13,117786,1,2,0,125.0
10109772PRADALJ_2025-03-13_G19,10109772PRADALJ,2025-03-13,118298,1,4,0,159.0
10109772PRADALJ_2025-03-13_G20,10109772PRADALJ,2025-03-13,118299,1,2,0,274.0
10109772PRADALJ_2025-03-13_G21,10109772PRADALJ,2025-03-13,117832,1,3,0,124.0
10109772PRADALJ_2025-03-13_G22,10109772PRADALJ,2025-03-13,110373,1,20,0,219.0
10109772PRADALJ_2025-03-13_G23,10109772PRADALJ,2025-03-13,110373,1,4,0,43.0
10109772PRADALJ_2025-03-13_G24,10109772PRADALJ,2025-03-13,109747,1,4,0,176.0
10109772PRADALJ_2025-03-13_G25,10109772PRADALJ,2025-03-13,110374,1,2,0,109.0
10109772PRADALJ_2025-03-13_G26,10109772PRADALJ,2025-03-13,118299,1,46,0,1310.0
10109772PRADALJ_2025-03-13_G27,10109772PRADALJ,2025-03-13,110374,1,42,0,370.0
10109772PRADALJ_2025-03-13_G28,10109772PRADALJ,2025-03-13,117820,1,12,0,95.0
10109772PRADALJ_2025-03-13_G30,10109772PRADALJ,2025-03-13,111430,1,200,0,1765.0
10109772PRADALJ_2025-03-13_G31,10109772PRADALJ,2025-03-13,110745,1,392,0,86.0
10109772PRADALJ_2025-03-13_G32,10109772PRADALJ,2025-03-13,117821,1,110,0,356.0
10109772PRADALJ_2025-03-13_G34,10109772PRADALJ,2025-03-13,111468,1,1,0,244.0
10109772PRADALJ_2025-03-14_G02,10109772PRADALJ,2025-03-14,118140,1,24,0,509.0
10109772PRADALJ_2025-03-14_G03,10109772PRADALJ,2025-03-14,111418,1,93,0,721.0
10109772PRADALJ_2025-03-14_G04,10109772PRADALJ,2025-03-14,118317,1,8,0,404.0
10109772PRADALJ_2025-03-14_G05,10109772PRADALJ,2025-03-14,111462,1,5,0,93.0
10109772PRADALJ_2025-03-14_G06,10109772PRADALJ,2025-03-14,110745,1,12,0,262.0
10109772PRADALJ_2025-03-14_G07,10109772PRADALJ,2025-03-14,111442,1,16,0,1685.0
10109772PRADALJ_2025-03-14_G08,10109772PRADALJ,2025-03-14,108711,1,22,0,219.0
10109772PRADALJ_2025-03-14_G09,10109772PRADALJ,2025-03-14,110787,1,5,0,117.0
10109772PRADALJ_2025-03-14_G10,10109772PRADALJ,2025-03-14,108794,1,9,0,366.0
10109772PRADALJ_2025-03-14_G11,10109772PRADALJ,2025-03-14,117821,1,18,0,395.0
10109772PRADALJ_2025-03-14_G12,10109772PRADALJ,2025-03-14,111465,1,18,0,252.0
10109772PRADALJ_2025-03-14_G13,10109772PRADALJ,2025-03-14,111463,1,50,0,269.0
10109772PRADALJ_2025-03-14_G14,10109772PRADALJ,2025-03-14,110325,1,7,0,701.0
10109772PRADALJ_2025-03-14_G15,10109772PRADALJ,2025-03-14,118299,1,77,0,688.0
10109772PRADALJ_2025-03-14_G17,10109772PRADALJ,2025-03-14,108711,1,20,0,1204.0
10109772PRADALJ_2025-03-14_G18,10109772PRADALJ,2025-03-14,108711,1,20,0,153.0
10109772PRADALJ_2025-03-14_G19,10109772PRADALJ,2025-03-14,111463,1,1,0,318.0
10109772PRADALJ_2025-03-14_G20,10109772PRADALJ,2025-03-14,111463,1,39,0,95.0
10109772PRADALJ_2025-03-14_G21,10109772PRADALJ,2025-03-14,107236,1,20,0,710.0
10109772PRADALJ_2025-03-14_G22,10109772PRADALJ,2025-03-14,117831,1,20,0,300.0
10109772PRADALJ_2025-03-14_G23,10109772PRADALJ,2025-03-14,118004,1,4,0,231.0
10109772PRADALJ_2025-03-14_G24,10109772PRADALJ,2025-03-14,111172,2,14,10,71.0
10109772PRADALJ_2025-03-14_G25,10109772PRADALJ,2025-03-14,111172,1,18,0,262.0
10109772PRADALJ_2025-03-14_G26,10109772PRADALJ,2025-03-14,117785,1,20,0,488.0
10109772PRADALJ_2025-03-14_G27,10109772PRADALJ,2025-03-14,117821,1,40,0,546.0
10109772PRADALJ_2025-03-14_G28,10109772PRADALJ,2025-03-14,118140,1,40,0,730.0
10109772PRADALJ_2025-03-14_G29,10109772PRADALJ,2025-03-14,110787,1,40,0,466.0
10109772PRADALJ_2025-03-14_G30,10109772PRADALJ,2025-03-14,117820,1,40,0,514.0
10109772PRADALJ_2025-03-14_G31,10109772PRADALJ,2025-03-14,117856,1,2,0,1027.0
10109772PRADALJ_2025-03-14_G32,10109772PRADALJ,2025-03-14,110515,1,20,0,686.0
10109772PRADALJ_2025-03-14_G33,10109772PRADALJ,2025-03-14,110711,1,1,0,68.0
10109772PRADALJ_2025-03-14_G34,10109772PRADALJ,2025-03-14,111569,1,12,0,304.0
10109772PRADALJ_2025-03-14_G35,10109772PRADALJ,2025-03-14,118251,1,4,0,196.0
10109772PRADALJ_2025-03-14_G36,10109772PRADALJ,2025-03-14,118250,1,12,0,549.0
10109772PRADALJ_2025-03-14_G38,10109772PRADALJ,2025-03-14,110582,1,4,0,237.0
10109772PRADALJ_2025-03-14_G39,10109772PRADALJ,2025-03-14,110747,1,4,0,199.0
10109772PRADALJ_2025-03-14_G40,10109772PRADALJ,2025-03-14,100334,1,14,0,381.0
10109772PRADALJ_2025-03-14_G41,10109772PRADALJ,2025-03-14,110895,1,12,0,205.0
10109772PRADALJ_2025-03-14_G42,10109772PRADALJ,2025-03-14,111430,1,16,0,1217.0
10109772PRADALJ_2025-03-14_G43,10109772PRADALJ,2025-03-14,111430,1,4,0,79.0
10109772PRADALJ_2025-03-15_G02,10109772PRADALJ,2025-03-15,117835,1,8,0,182.0
10109772PRADALJ_2025-03-15_G03,10109772PRADALJ,2025-03-15,109647,1,8,0,291.0
10109772PRADALJ_2025-03-15_G04,10109772PRADALJ,2025-03-15,118094,1,20,0,912.0
10109772PRADALJ_2025-03-15_G05,10109772PRADALJ,2025-03-15,118094,1,24,0,293.0
10109772PRADALJ_2025-03-15_G06,10109772PRADALJ,2025-03-15,110339,1,4,0,741.0
10109772PRADALJ_2025-03-15_G07,10109772PRADALJ,2025-03-15,110313,1,4,0,137.0
10109772PRADALJ_2025-03-15_G08,10109772PRADALJ,2025-03-15,117935,1,8,0,171.0
10109772PRADALJ_2025-03-15_G09,10109772PRADALJ,2025-03-15,110733,1,4,0,107.0
10109772PRADALJ_2025-03-15_G10,10109772PRADALJ,2025-03-15,111602,1,20,0,247.0
10109772PRADALJ_2025-03-15_G11,10109772PRADALJ,2025-03-15,107629,1,3,0,66.0
10109772PRADALJ_2025-03-15_G12,10109772PRADALJ,2025-03-15,110741,2,8,6,1584.0
10109772PRADALJ_2025-03-15_G13,10109772PRADALJ,2025-03-15,111439,1,6,0,196.0
10109772PRADALJ_2025-03-15_G14,10109772PRADALJ,2025-03-15,117855,1,9,0,204.0
10109772PRADALJ_2025-03-15_G15,10109772PRADALJ,2025-03-15,117786,1,4,0,951.0
10109772PRADALJ_2025-03-15_G16,10109772PRADALJ,2025-03-15,110515,1,28,0,390.0
10109772PRADALJ_2025-03-15_G17,10109772PRADALJ,2025-03-15,111530,1,4,0,188.0
10109772PRADALJ_2025-03-15_G18,10109772PRADALJ,2025-03-15,110711,1,5,0,150.0
10109772PRADALJ_2025-03-15_G20,10109772PRADALJ,2025-03-15,111348,1,4,0,1029.0
10109772PRADALJ_2025-03-15_G21,10109772PRADALJ,2025-03-15,111330,1,9,0,386.0
10109772PRADALJ_2025-03-15_G22,10109772PRADALJ,2025-03-15,108736,1,4,0,317.0
10109772PRADALJ_2025-03-15_G23,10109772PRADALJ,2025-03-15,111435,1,8,0,149.0
10109772PRADALJ_2025-03-15_G24,10109772PRADALJ,2025-03-15,111435,1,16,0,70.0
10109772PRADALJ_2025-03-15_G25,10109772PRADALJ,2025-03-15,117831,1,12,0,890.0
10109772PRADALJ_2025-03-15_G26,10109772PRADALJ,2025-03-15,117833,1,16,0,89.0
10109772PRADALJ_2025-03-15_G27,10109772PRADALJ,2025-03-15,111468,1,16,0,465.0
10109772PRADALJ_2025-03-15_G28,10109772PRADALJ,2025-03-15,109641,1,4,0,145.0
10109772PRADALJ_2025-03-15_G29,10109772PRADALJ,2025-03-15,111172,1,12,0,104.0
10109772PRADALJ_2025-03-15_G30,10109772PRADALJ,2025-03-15,117785,1,4,0,71.0
10109772PRADALJ_2025-03-15_G31,10109772PRADALJ,2025-03-15,111462,1,28,0,404.0
10109772PRADALJ_2025-03-15_G32,10109772PRADALJ,2025-03-15,110745,1,8,0,113.0
10109772PRADALJ_2025-03-15_G33,10109772PRADALJ,2025-03-15,111442,1,8,0,128.0
10109772PRADALJ_2025-03-15_G34,10109772PRADALJ,2025-03-15,110748,1,4,0,98.0
10109772PRADALJ_2025-03-15_G35,10109772PRADALJ,2025-03-15,110787,1,16,0,468.0
10109772PRADALJ_2025-03-15_G36,10109772PRADALJ,2025-03-15,117841,1,4,0,84.0
10109772PRADALJ_2025-03-15_G37,10109772PRADALJ,2025-03-15,109645,1,12,0,147.0
10109772PRADALJ_2025-03-15_G38,10109772PRADALJ,2025-03-15,105705,1,20,0,1011.0
10109772PRADALJ_2025-03-15_G39,10109772PRADALJ,2025-03-15,108794,1,8,0,112.0
10109772PRADALJ_2025-03-15_G40,10109772PRADALJ,2025-03-15,117821,1,8,0,89.0
10109772PRADALJ_2025-03-15_G41,10109772PRADALJ,2025-03-15,111433,1,4,0,125.0
10109772PRADALJ_2025-03-15_G42,10109772PRADALJ,2025-03-15,111465,1,8,0,462.0
10109772PRADALJ_2025-03-15_G43,10109772PRADALJ,2025-03-15,111463,1,52,0,954.0
10109772PRADALJ_2025-03-15_G44,10109772PRADALJ,2025-03-15,111466,1,60,0,774.0
10109772PRADALJ_2025-03-15_G45,10109772PRADALJ,2025-03-15,111532,1,68,0,639.0
10109772PRADALJ_2025-03-16_G02,10109772PRADALJ,2025-03-16,111441,1,3,0,104.0
10109772PRADALJ_2025-03-16_G03,10109772PRADALJ,2025-03-16,111463,1,20,0,672.0
10109772PRADALJ_2025-03-16_G04,10109772PRADALJ,2025-03-16,111469,1,2,0,115.0
10109772PRADALJ_2025-03-16_G05,10109772PRADALJ,2025-03-16,111466,1,8,0,141.0
10109772PRADALJ_2025-03-16_G06,10109772PRADALJ,2025-03-16,117831,1,4,0,150.0
10109772PRADALJ_2025-03-16_G07,10109772PRADALJ,2025-03-16,111418,1,14,0,225.0
10109772PRADALJ_2025-03-16_G08,10109772PRADALJ,2025-03-16,111438,2,6,30,305.0
10109772PRADALJ_2025-03-16_G09,10109772PRADALJ,2025-03-16,110325,1,4,0,177.0
10109772PRADALJ_2025-03-16_G10,10109772PRADALJ,2025-03-16,118299,1,5,0,79.0
10109772PRADALJ_2025-03-16_G11,10109772PRADALJ,2025-03-16,110373,1,16,0,269.0
10109772PRADALJ_2025-03-17_G02,10109772PRADALJ,2025-03-17,117853,1,3,0,303.0
10109772PRADALJ_2025-03-17_G03,10109772PRADALJ,2025-03-17,110515,1,6,0,216.0
10109772PRADALJ_2025-03-17_G04,10109772PRADALJ,2025-03-17,111443,1,4,0,187.0
10109772PRADALJ_2025-03-17_G05,10109772PRADALJ,2025-03-17,110740,1,12,0,366.0
10109772PRADALJ_2025-03-17_G06,10109772PRADALJ,2025-03-17,111418,2,56,6,1062.0
10109772PRADALJ_2025-03-17_G07,10109772PRADALJ,2025-03-17,117808,1,10,0,516.0
10109772PRADALJ_2025-03-17_G08,10109772PRADALJ,2025-03-17,117809,1,6,0,76.0
10109772PRADALJ_2025-03-17_G09,10109772PRADALJ,2025-03-17,110371,1,5,0,107.0
10109772PRADALJ_2025-03-17_G10,10109772PRADALJ,2025-03-17,111569,1,10,0,886.0
10109772PRADALJ_2025-03-17_G11,10109772PRADALJ,2025-03-17,117835,1,4,0,212.0
10109772PRADALJ_2025-03-17_G12,10109772PRADALJ,2025-03-17,111466,1,3,0,126.0
10109772PRADALJ_2025-03-17_G13,10109772PRADALJ,2025-03-17,117785,1,3,0,112.0
10109772PRADALJ_2025-03-17_G14,10109772PRADALJ,2025-03-17,110787,1,5,0,120.0
10109772PRADALJ_2025-03-17_G15,10109772PRADALJ,2025-03-17,117808,1,5,0,99.0
10109772PRADALJ_2025-03-17_G16,10109772PRADALJ,2025-03-17,110373,1,5,0,58.0
10109772PRADALJ_2025-03-17_G17,10109772PRADALJ,2025-03-17,110372,1,24,0,181.0
10109772PRADALJ_2025-03-17_G18,10109772PRADALJ,2025-03-17,110371,1,4,0,49.0
10109772PRADALJ_2025-03-17_G19,10109772PRADALJ,2025-03-17,111469,1,2,0,724.0
10109772PRADALJ_2025-03-17_G20,10109772PRADALJ,2025-03-17,111469,1,20,0,455.0
10109772PRADALJ_2025-03-17_G21,10109772PRADALJ,2025-03-17,111418,1,37,0,1074.0
10109772PRADALJ_2025-03-17_G23,10109772PRADALJ,2025-03-17,110747,1,5,0,372.0
10109772PRADALJ_2025-03-17_G24,10109772PRADALJ,2025-03-17,118222,1,8,0,244.0
10109772PRADALJ_2025-03-17_G25,10109772PRADALJ,2025-03-17,110895,1,5,0,198.0
10109772PRADALJ_2025-03-17_G26,10109772PRADALJ,2025-03-17,110515,1,24,0,377.0
10109772PRADALJ_2025-03-17_G27,10109772PRADALJ,2025-03-17,111418,1,30,0,699.0
10109772PRADALJ_2025-03-17_G28,10109772PRADALJ,2025-03-17,117841,1,2,0,116.0
10109772PRADALJ_2025-03-17_G29,10109772PRADALJ,2025-03-17,111441,1,5,0,325.0
10109772PRADALJ_2025-03-17_G30,10109772PRADALJ,2025-03-17,111441,2,5,7,44.0
10109772PRADALJ_2025-03-17_G31,10109772PRADALJ,2025-03-17,111530,1,7,0,303.0
10109772PRADALJ_2025-03-17_G32,10109772PRADALJ,2025-03-17,111530,1,23,0,282.0
10109772PRADALJ_2025-03-17_G33,10109772PRADALJ,2025-03-17,111418,2,48,8,764.0
10109772PRADALJ_2025-03-17_G34,10109772PRADALJ,2025-03-17,110740,1,11,0,936.0
10109772PRADALJ_2025-03-17_G35,10109772PRADALJ,2025-03-17,110740,1,2,0,32.0
10109772PRADALJ_2025-03-17_G36,10109772PRADALJ,2025-03-17,110740,1,5,0,39.0
10109772PRADALJ_2025-03-17_G37,10109772PRADALJ,2025-03-17,111443,1,4,0,2142.0
10109772PRADALJ_2025-03-17_G38,10109772PRADALJ,2025-03-17,111418,1,21,0,249.0
10109772PRADALJ_2025-03-17_G39,10109772PRADALJ,2025-03-17,111441,1,2,0,1950.0
10109772PRADALJ_2025-03-17_G40,10109772PRADALJ,2025-03-17,110515,1,18,0,266.0
10109772PRADALJ_2025-03-17_G41,10109772PRADALJ,2025-03-17,111469,1,2,0,106.0
10109772PRADALJ_2025-03-17_G42,10109772PRADALJ,2025-03-17,111443,1,2,0,79.0
10109772PRADALJ_2025-03-17_G43,10109772PRADALJ,2025-03-17,110371,1,8,0,61.0
10109772PRADALJ_2025-03-17_G45,10109772PRADALJ,2025-03-17,123344,1,6,0,1514.0
10109772PRADALJ_2025-03-18_G02,10109772PRADALJ,2025-03-18,123313,1,2,0,295.0
10109772PRADALJ_2025-03-18_G03,10109772PRADALJ,2025-03-18,122984,1,16,0,611.0
10109772PRADALJ_2025-03-18_G04,10109772PRADALJ,2025-03-18,121651,1,16,0,1161.0
10109772PRADALJ_2025-03-18_G05,10109772PRADALJ,2025-03-18,122671,1,1,0,265.0
10109772PRADALJ_2025-03-18_G06,10109772PRADALJ,2025-03-18,121760,1,7,0,459.0
10109772PRADALJ_2025-03-18_G07,10109772PRADALJ,2025-03-18,121760,1,8,0,260.0
10109772PRADALJ_2025-03-18_G08,10109772PRADALJ,2025-03-18,124371,1,8,0,169.0
10109772PRADALJ_2025-03-18_G09,10109772PRADALJ,2025-03-18,122703,1,20,0,1439.0
10109772PRADALJ_2025-03-18_G10,10109772PRADALJ,2025-03-18,124370,1,10,0,497.0
10109772PRADALJ_2025-03-18_G11,10109772PRADALJ,2025-03-18,123344,1,10,0,578.0
10109772PRADALJ_2025-03-18_G12,10109772PRADALJ,2025-03-18,123313,1,4,0,320.0
10109772PRADALJ_2025-03-18_G13,10109772PRADALJ,2025-03-18,123345,1,16,0,298.0
10109772PRADALJ_2025-03-18_G15,10109772PRADALJ,2025-03-18,122671,1,10,0,109.0
10109772PRADALJ_2025-03-18_G16,10109772PRADALJ,2025-03-18,122984,1,48,0,2102.0
10109772PRADALJ_2025-03-18_G17,10109772PRADALJ,2025-03-18,122982,1,48,0,2152.0
10109772PRADALJ_2025-03-18_G18,10109772PRADALJ,2025-03-18,123909,1,30,0,558.0
10109772PRADALJ_2025-03-18_G19,10109772PRADALJ,2025-03-18,121760,1,10,0,455.0
10109772PRADALJ_2025-03-18_G20,10109772PRADALJ,2025-03-18,123345,1,24,0,601.0
10109772PRADALJ_2025-03-18_G22,10109772PRADALJ,2025-03-18,110372,1,250,0,2349.0
10109772PRADALJ_2025-03-19_G02,10109772PRADALJ,2025-03-19,111182,1,4,0,1515.0
10109772PRADALJ_2025-03-19_G03,10109772PRADALJ,2025-03-19,111442,1,32,0,488.0
10109772PRADALJ_2025-03-19_G05,10109772PRADALJ,2025-03-19,111462,1,143,0,928.0
10109772PRADALJ_2025-03-19_G06,10109772PRADALJ,2025-03-19,111433,1,43,0,1869.0
10109772PRADALJ_2025-03-19_G08,10109772PRADALJ,2025-03-19,117808,1,1341,0,2214.0
10109772PRADALJ_2025-03-19_G10,10109772PRADALJ,2025-03-19,160051,1,6,0,401.0
10109772PRADALJ_2025-03-19_G11,10109772PRADALJ,2025-03-19,111469,1,20,0,417.0
10109772PRADALJ_2025-03-19_G12,10109772PRADALJ,2025-03-19,111469,1,10,0,96.0
10109772PRADALJ_2025-03-19_G13,10109772PRADALJ,2025-03-19,111418,1,30,0,482.0
10109772PRADALJ_2025-03-19_G14,10109772PRADALJ,2025-03-19,108794,1,5,0,74.0
10109772PRADALJ_2025-03-19_G15,10109772PRADALJ,2025-03-19,117831,1,10,0,1609.0
10109772PRADALJ_2025-03-20_G02,10109772PRADALJ,2025-03-20,111442,1,10,0,2054.0
10109772PRADALJ_2025-03-20_G03,10109772PRADALJ,2025-03-20,110711,1,2,0,499.0
10109772PRADALJ_2025-03-20_G04,10109772PRADALJ,2025-03-20,118140,1,4,0,133.0
10109772PRADALJ_2025-03-20_G05,10109772PRADALJ,2025-03-20,107629,1,1,0,116.0
10109772PRADALJ_2025-03-20_G06,10109772PRADALJ,2025-03-20,109640,1,2,0,182.0
10109772PRADALJ_2025-03-20_G07,10109772PRADALJ,2025-03-20,108759,1,3,0,253.0
10109772PRADALJ_2025-03-20_G08,10109772PRADALJ,2025-03-20,108759,1,2,0,130.0
10109772PRADALJ_2025-03-20_G09,10109772PRADALJ,2025-03-20,117855,1,8,0,478.0
10109772PRADALJ_2025-03-20_G10,10109772PRADALJ,2025-03-20,117853,1,2,0,225.0
10109772PRADALJ_2025-03-20_G11,10109772PRADALJ,2025-03-20,111441,1,1,0,146.0
10109772PRADALJ_2025-03-20_G12,10109772PRADALJ,2025-03-20,108795,1,4,0,456.0
10109772PRADALJ_2025-03-20_G13,10109772PRADALJ,2025-03-20,110372,1,4,0,196.0
10109772PRADALJ_2025-03-20_G14,10109772PRADALJ,2025-03-20,110373,1,4,0,223.0
10109772PRADALJ_2025-03-20_G15,10109772PRADALJ,2025-03-20,109640,1,2,0,120.0
10109772PRADALJ_2025-03-20_G16,10109772PRADALJ,2025-03-20,110740,1,4,0,97.0
10109772PRADALJ_2025-03-20_G17,10109772PRADALJ,2025-03-20,116241,1,4,0,213.0
10109772PRADALJ_2025-03-20_G19,10109772PRADALJ,2025-03-20,118299,1,110,0,711.0
10109772PRADALJ_2025-03-20_G20,10109772PRADALJ,2025-03-20,117820,1,14,0,233.0
10109772PRADALJ_2025-03-20_G21,10109772PRADALJ,2025-03-20,117820,1,32,0,32.0
10109772PRADALJ_2025-03-20_G22,10109772PRADALJ,2025-03-20,117808,1,146,0,1673.0
10109772PRADALJ_2025-03-20_G23,10109772PRADALJ,2025-03-20,117830,1,4,0,264.0
10109772PRADALJ_2025-03-20_G24,10109772PRADALJ,2025-03-20,117830,1,6,0,125.0
10109772PRADALJ_2025-03-20_G25,10109772PRADALJ,2025-03-20,117830,1,4,0,50.0
10109772PRADALJ_2025-03-20_G26,10109772PRADALJ,2025-03-20,110371,1,24,0,211.0
10109772PRADALJ_2025-03-20_G27,10109772PRADALJ,2025-03-20,109643,1,4,0,101.0
10109772PRADALJ_2025-03-20_G28,10109772PRADALJ,2025-03-20,110373,1,14,0,180.0
10109772PRADALJ_2025-03-20_G29,10109772PRADALJ,2025-03-20,109747,1,4,0,131.0
10109772PRADALJ_2025-03-20_G30,10109772PRADALJ,2025-03-20,109643,1,6,0,87.0
10109772PRADALJ_2025-03-20_G31,10109772PRADALJ,2025-03-20,117786,1,4,0,1436.0
10109772PRADALJ_2025-03-20_G32,10109772PRADALJ,2025-03-20,110515,1,5,0,214.0
10109772PRADALJ_2025-03-20_G34,10109772PRADALJ,2025-03-20,117836,1,15,0,468.0
10109772PRADALJ_2025-03-20_G35,10109772PRADALJ,2025-03-20,110753,1,6,0,355.0
10109772PRADALJ_2025-03-20_G36,10109772PRADALJ,2025-03-20,111530,1,80,0,937.0
10109772PRADALJ_2025-03-20_G37,10109772PRADALJ,2025-03-20,117838,1,20,0,713.0
10109772PRADALJ_2025-03-21_G02,10109772PRADALJ,2025-03-21,118306,1,31,0,846.0
10109772PRADALJ_2025-03-21_G03,10109772PRADALJ,2025-03-21,110313,1,4,0,602.0
10109772PRADALJ_2025-03-21_G04,10109772PRADALJ,2025-03-21,111602,1,2,0,126.0
10109772PRADALJ_2025-03-21_G05,10109772PRADALJ,2025-03-21,111530,1,4,0,102.0
10109772PRADALJ_2025-03-21_G06,10109772PRADALJ,2025-03-21,117855,1,4,0,55.0
10109772PRADALJ_2025-03-21_G07,10109772PRADALJ,2025-03-21,111532,1,1,0,50.0
10109772PRADALJ_2025-03-21_G08,10109772PRADALJ,2025-03-21,117785,1,5,0,100.0
10109772PRADALJ_2025-03-21_G09,10109772PRADALJ,2025-03-21,111418,1,20,0,312.0
10109772PRADALJ_2025-03-21_G10,10109772PRADALJ,2025-03-21,117831,1,5,0,138.0
10109772PRADALJ_2025-03-21_G11,10109772PRADALJ,2025-03-21,118299,1,40,0,230.0
10109772PRADALJ_2025-03-21_G12,10109772PRADALJ,2025-03-21,117808,1,30,0,774.0
10109772PRADALJ_2025-03-21_G13,10109772PRADALJ,2025-03-21,111330,1,10,0,466.0
10109772PRADALJ_2025-03-21_G14,10109772PRADALJ,2025-03-21,109641,1,20,0,287.0
10109772PRADALJ_2025-03-21_G15,10109772PRADALJ,2025-03-21,118223,1,12,0,173.0
10109772PRADALJ_2025-03-21_G17,10109772PRADALJ,2025-03-21,110733,1,20,0,823.0
10109772PRADALJ_2025-03-21_G18,10109772PRADALJ,2025-03-21,110063,1,3,0,130.0
10109772PRADALJ_2025-03-21_G19,10109772PRADALJ,2025-03-21,117861,1,50,0,557.0
10109772PRADALJ_2025-03-21_G20,10109772PRADALJ,2025-03-21,109640,1,20,0,438.0
10109772PRADALJ_2025-03-21_G21,10109772PRADALJ,2025-03-21,140957,1,20,0,1493.0
10109772PRADALJ_2025-03-21_G22,10109772PRADALJ,2025-03-21,118322,1,8,0,284.0
10109772PRADALJ_2025-03-21_G23,10109772PRADALJ,2025-03-21,109937,1,2,0,1422.0
10109772PRADALJ_2025-03-21_G24,10109772PRADALJ,2025-03-21,118251,1,4,0,168.0
10109772PRADALJ_2025-03-21_G25,10109772PRADALJ,2025-03-21,118306,1,2,0,67.0
10109772PRADALJ_2025-03-21_G26,10109772PRADALJ,2025-03-21,110895,1,2,0,34.0
10109772PRADALJ_2025-03-21_G27,10109772PRADALJ,2025-03-21,111430,1,2,0,53.0
10109772PRADALJ_2025-03-21_G28,10109772PRADALJ,2025-03-21,118094,1,4,0,113.0
10109772PRADALJ_2025-03-21_G29,10109772PRADALJ,2025-03-21,117862,1,4,0,105.0
10109772PRADALJ_2025-03-21_G30,10109772PRADALJ,2025-03-21,110339,1,1,0,40.0
10109772PRADALJ_2025-03-21_G31,10109772PRADALJ,2025-03-21,117856,1,1,0,55.0
10109772PRADALJ_2025-03-21_G32,10109772PRADALJ,2025-03-21,111602,1,16,0,166.0
10109772PRADALJ_2025-03-21_G33,10109772PRADALJ,2025-03-21,107629,1,2,0,47.0
10109772PRADALJ_2025-03-21_G34,10109772PRADALJ,2025-03-21,117861,1,2,0,83.0
10109772PRADALJ_2025-03-21_G35,10109772PRADALJ,2025-03-21,108361,1,2,0,99.0
10109772PRADALJ_2025-03-21_G36,10109772PRADALJ,2025-03-21,110515,1,16,0,216.0
10109772PRADALJ_2025-03-21_G37,10109772PRADALJ,2025-03-21,110711,1,14,0,789.0
10109772PRADALJ_2025-03-21_G38,10109772PRADALJ,2025-03-21,110129,1,4,0,186.0
10109772PRADALJ_2025-03-21_G39,10109772PRADALJ,2025-03-21,111466,1,20,0,282.0
10109772PRADALJ_2025-03-21_G40,10109772PRADALJ,2025-03-21,109641,1,2,0,189.0
10109772PRADALJ_2025-03-21_G41,10109772PRADALJ,2025-03-21,111172,1,4,0,113.0
10109772PRADALJ_2025-03-21_G42,10109772PRADALJ,2025-03-21,108711,1,2,0,115.0
10109772PRADALJ_2025-03-21_G43,10109772PRADALJ,2025-03-21,111462,1,4,0,52.0
10109772PRADALJ_2025-03-21_G44,10109772PRADALJ,2025-03-21,110787,1,2,0,84.0
10109772PRADALJ_2025-03-21_G45,10109772PRADALJ,2025-03-21,117831,1,4,0,66.0
10109772PRADALJ_2025-03-21_G46,10109772PRADALJ,2025-03-21,111433,1,2,0,127.0
10109772PRADALJ_2025-03-21_G47,10109772PRADALJ,2025-03-21,110325,1,5,0,174.0
10109772PRADALJ_2025-03-21_G48,10109772PRADALJ,2025-03-21,110376,1,2,0,50.0
10109772PRADALJ_2025-03-21_G49,10109772PRADALJ,2025-03-21,117820,1,12,0,166.0
10109772PRADALJ_2025-03-21_G50,10109772PRADALJ,2025-03-21,117808,1,6,0,57.0
10109772PRADALJ_2025-03-21_G51,10109772PRADALJ,2025-03-21,117809,1,2,0,85.0
10109772PRADALJ_2025-03-21_G52,10109772PRADALJ,2025-03-21,110371,1,2,0,59.0
10109772PRADALJ_2025-03-21_G53,10109772PRADALJ,2025-03-21,117840,1,4,0,119.0
10109772PRADALJ_2025-03-21_G55,10109772PRADALJ,2025-03-21,117821,1,70,0,662.0
10109772PRADALJ_2025-03-21_G56,10109772PRADALJ,2025-03-21,110787,1,100,0,1166.0
10109772PRADALJ_2025-03-21_G57,10109772PRADALJ,2025-03-21,118140,1,200,0,1546.0
10109772PRADALJ_2025-03-21_G58,10109772PRADALJ,2025-03-21,108795,1,70,0,411.0
10109772PRADALJ_2025-03-21_G59,10109772PRADALJ,2025-03-21,117785,1,150,0,784.0
10109772PRADALJ_2025-03-21_G60,10109772PRADALJ,2025-03-21,117830,1,62,0,845.0
10109772PRADALJ_2025-03-21_G61,10109772PRADALJ,2025-03-21,117808,1,1003,0,3268.0
10109772PRADALJ_2025-03-22_G02,10109772PRADALJ,2025-03-22,110339,1,3,0,53.0
10109772PRADALJ_2025-03-22_G03,10109772PRADALJ,2025-03-22,117935,1,5,0,150.0
10109772PRADALJ_2025-03-22_G04,10109772PRADALJ,2025-03-22,110325,1,10,0,161.0
10109772PRADALJ_2025-03-22_G05,10109772PRADALJ,2025-03-22,117820,1,10,0,303.0
10109772PRADALJ_2025-03-22_G06,10109772PRADALJ,2025-03-22,117808,1,20,0,298.0
10109772PRADALJ_2025-03-22_G07,10109772PRADALJ,2025-03-22,117809,1,5,0,113.0
10109772PRADALJ_2025-03-22_G08,10109772PRADALJ,2025-03-22,111418,1,10,0,373.0
10109772PRADALJ_2025-03-22_G09,10109772PRADALJ,2025-03-22,117831,1,5,0,150.0
10109772PRADALJ_2025-03-22_G11,10109772PRADALJ,2025-03-22,111569,1,3,0,316.0
10109772PRADALJ_2025-03-22_G12,10109772PRADALJ,2025-03-22,110747,1,2,0,77.0
10109772PRADALJ_2025-03-22_G13,10109772PRADALJ,2025-03-22,111430,1,2,0,242.0
10109772PRADALJ_2025-03-22_G14,10109772PRADALJ,2025-03-22,117835,1,3,0,164.0
10109772PRADALJ_2025-03-22_G15,10109772PRADALJ,2025-03-22,110623,1,4,0,143.0
10109772PRADALJ_2025-03-22_G16,10109772PRADALJ,2025-03-22,111438,1,4,0,296.0
10109772PRADALJ_2025-03-22_G17,10109772PRADALJ,2025-03-22,117855,1,14,0,588.0
10109772PRADALJ_2025-03-22_G18,10109772PRADALJ,2025-03-22,117861,1,1,0,62.0
10109772PRADALJ_2025-03-22_G19,10109772PRADALJ,2025-03-22,111876,1,4,0,56.0
10109772PRADALJ_2025-03-22_G20,10109772PRADALJ,2025-03-22,110515,1,1,0,104.0
10109772PRADALJ_2025-03-22_G21,10109772PRADALJ,2025-03-22,118299,1,27,0,573.0
10109772PRADALJ_2025-03-22_G22,10109772PRADALJ,2025-03-22,117820,1,47,0,530.0
10109772PRADALJ_2025-03-22_G23,10109772PRADALJ,2025-03-22,117808,1,173,0,826.0
10109772PRADALJ_2025-03-22_G24,10109772PRADALJ,2025-03-22,110371,1,6,0,141.0
10109772PRADALJ_2025-03-22_G25,10109772PRADALJ,2025-03-22,109747,1,1,0,93.0
10109772PRADALJ_2025-03-22_G26,10109772PRADALJ,2025-03-22,110373,1,12,0,119.0
10109772PRADALJ_2025-03-22_G27,10109772PRADALJ,2025-03-22,118222,1,20,0,2270.0
10109772PRADALJ_2025-03-22_G28,10109772PRADALJ,2025-03-22,111466,1,2,0,274.0
10109772PRADALJ_2025-03-22_G29,10109772PRADALJ,2025-03-22,117820,1,14,0,224.0
10109772PRADALJ_2025-03-22_G30,10109772PRADALJ,2025-03-22,110745,1,1,0,350.0
10109772PRADALJ_2025-03-22_G31,10109772PRADALJ,2025-03-22,118317,1,2,0,112.0
10109772PRADALJ_2025-03-22_G32,10109772PRADALJ,2025-03-22,111418,1,16,0,242.0
10109772PRADALJ_2025-03-23_G02,10109772PRADALJ,2025-03-23,117835,1,4,0,425.0
10109772PRADALJ_2025-03-23_G03,10109772PRADALJ,2025-03-23,118298,1,10,0,224.0
10109772PRADALJ_2025-03-23_G04,10109772PRADALJ,2025-03-23,110733,1,31,0,773.0
10109772PRADALJ_2025-03-23_G05,10109772PRADALJ,2025-03-23,111876,1,11,0,194.0
10109772PRADALJ_2025-03-23_G06,10109772PRADALJ,2025-03-23,110515,1,60,0,640.0
10109772PRADALJ_2025-03-23_G07,10109772PRADALJ,2025-03-23,101217,1,20,0,492.0
10109772PRADALJ_2025-03-23_G08,10109772PRADALJ,2025-03-23,117788,1,12,0,128.0
10109772PRADALJ_2025-03-24_G02,10109772PRADALJ,2025-03-24,117822,1,14,0,402.0
10109772PRADALJ_2025-03-24_G03,10109772PRADALJ,2025-03-24,117830,1,20,0,255.0
10109772PRADALJ_2025-03-24_G04,10109772PRADALJ,2025-03-24,110372,1,30,0,179.0
10109772PRADALJ_2025-03-24_G05,10109772PRADALJ,2025-03-24,117820,1,60,0,621.0
10109772PRADALJ_2025-03-24_G06,10109772PRADALJ,2025-03-24,110373,1,65,0,1917.0
10109772PRADALJ_2025-03-24_G07,10109772PRADALJ,2025-03-24,118299,1,74,0,329.0
10109772PRADALJ_2025-03-24_G08,10109772PRADALJ,2025-03-24,110374,1,41,0,725.0
10109772PRADALJ_2025-03-24_G10,10109772PRADALJ,2025-03-24,118094,1,1,0,638.0
10109772PRADALJ_2025-03-24_G11,10109772PRADALJ,2025-03-24,110733,1,2,0,213.0
10109772PRADALJ_2025-03-24_G12,10109772PRADALJ,2025-03-24,111602,1,2,0,227.0
10109772PRADALJ_2025-03-24_G13,10109772PRADALJ,2025-03-24,110515,1,4,0,139.0
10109772PRADALJ_2025-03-24_G14,10109772PRADALJ,2025-03-24,110711,1,2,0,107.0
10109772PRADALJ_2025-03-24_G15,10109772PRADALJ,2025-03-24,140922,1,4,0,172.0
10109772PRADALJ_2025-03-24_G16,10109772PRADALJ,2025-03-24,111418,1,3,0,123.0
10109772PRADALJ_2025-03-24_G17,10109772PRADALJ,2025-03-24,111182,1,1,0,98.0
10109772PRADALJ_2025-03-24_G18,10109772PRADALJ,2025-03-24,118140,1,4,0,183.0
10109772PRADALJ_2025-03-24_G19,10109772PRADALJ,2025-03-24,111465,1,2,0,93.0
10109772PRADALJ_2025-03-24_G20,10109772PRADALJ,2025-03-24,117820,1,7,0,187.0
10109772PRADALJ_2025-03-24_G21,10109772PRADALJ,2025-03-24,110372,1,3,0,146.0
10109772PRADALJ_2025-03-24_G22,10109772PRADALJ,2025-03-24,110373,1,8,0,196.0
10109772PRADALJ_2025-03-24_G23,10109772PRADALJ,2025-03-24,111418,1,2,0,490.0
10109772PRADALJ_2025-03-24_G24,10109772PRADALJ,2025-03-24,117785,1,6,0,189.0
10109772PRADALJ_2025-03-24_G25,10109772PRADALJ,2025-03-24,117821,1,2,0,228.0
10109772PRADALJ_2025-03-24_G26,10109772PRADALJ,2025-03-24,117822,1,1,0,106.0
10109772PRADALJ_2025-03-24_G27,10109772PRADALJ,2025-03-24,117820,1,4,0,85.0
10109772PRADALJ_2025-03-24_G28,10109772PRADALJ,2025-03-24,110372,1,5,0,110.0
10109772PRADALJ_2025-03-24_G29,10109772PRADALJ,2025-03-24,110374,1,1,0,224.0
10109772PRADALJ_2025-03-24_G30,10109772PRADALJ,2025-03-24,117831,1,4,0,341.0
10109772PRADALJ_2025-03-24_G31,10109772PRADALJ,2025-03-24,111465,1,6,0,162.0
10109772PRADALJ_2025-03-24_G32,10109772PRADALJ,2025-03-24,117809,1,20,0,579.0
10109772PRADALJ_2025-03-24_G33,10109772PRADALJ,2025-03-24,118299,1,50,0,423.0
10109772PRADALJ_2025-03-24_G34,10109772PRADALJ,2025-03-24,117820,1,20,0,492.0
10109772PRADALJ_2025-03-24_G35,10109772PRADALJ,2025-03-24,117808,1,50,0,243.0
10109772PRADALJ_2025-03-24_G36,10109772PRADALJ,2025-03-24,117808,1,50,0,307.0
10109772PRADALJ_2025-03-24_G37,10109772PRADALJ,2025-03-24,109643,1,10,0,123.0
10109772PRADALJ_2025-03-24_G38,10109772PRADALJ,2025-03-24,110371,1,10,0,156.0
10109772PRADALJ_2025-03-24_G39,10109772PRADALJ,2025-03-24,117830,1,30,0,354.0
10109772PRADALJ_2025-03-24_G40,10109772PRADALJ,2025-03-24,117830,1,20,0,189.0
10109772PRADALJ_2025-03-24_G41,10109772PRADALJ,2025-03-24,110372,1,30,0,642.0
10109772PRADALJ_2025-03-24_G42,10109772PRADALJ,2025-03-24,110375,1,4,0,113.0
10109772PRADALJ_2025-03-24_G43,10109772PRADALJ,2025-03-24,110376,1,3,0,849.0
10109772PRADALJ_2025-03-24_G45,10109772PRADALJ,2025-03-24,122673,1,6,0,251.0
10109772PRADALJ_2025-03-24_G46,10109772PRADALJ,2025-03-24,122185,1,8,0,168.0
10109772PRADALJ_2025-03-24_G47,10109772PRADALJ,2025-03-24,122673,1,8,0,1399.0
10109772PRADALJ_2025-03-25_G02,10109772PRADALJ,2025-03-25,122673,1,30,0,925.0
10109772PRADALJ_2025-03-25_G03,10109772PRADALJ,2025-03-25,120389,1,6,0,440.0
10109772PRADALJ_2025-03-25_G04,10109772PRADALJ,2025-03-25,122673,1,2,0,326.0
10109772PRADALJ_2025-03-25_G05,10109772PRADALJ,2025-03-25,124247,1,3,0,296.0
10109772PRADALJ_2025-03-25_G06,10109772PRADALJ,2025-03-25,123345,1,19,0,1830.0
10109772PRADALJ_2025-03-25_G07,10109772PRADALJ,2025-03-25,123344,1,20,0,530.0
10109772PRADALJ_2025-03-25_G08,10109772PRADALJ,2025-03-25,122671,1,2,0,569.0
10109772PRADALJ_2025-03-25_G09,10109772PRADALJ,2025-03-25,123562,1,4,0,462.0
10109772PRADALJ_2025-03-25_G10,10109772PRADALJ,2025-03-25,123889,1,8,0,242.0
10109772PRADALJ_2025-03-25_G11,10109772PRADALJ,2025-03-25,123344,1,24,0,575.0
10109772PRADALJ_2025-03-25_G14,10109772PRADALJ,2025-03-25,122671,1,20,0,391.0
10109772PRADALJ_2025-03-25_G15,10109772PRADALJ,2025-03-25,124371,1,15,0,463.0
10109772PRADALJ_2025-03-25_G16,10109772PRADALJ,2025-03-25,123080,1,1,0,140.0
10109772PRADALJ_2025-03-25_G17,10109772PRADALJ,2025-03-25,120271,1,5,0,298.0
10109772PRADALJ_2025-03-25_G18,10109772PRADALJ,2025-03-25,124476,1,20,0,342.0
10109772PRADALJ_2025-03-25_G19,10109772PRADALJ,2025-03-25,122984,1,40,0,1604.0
10109772PRADALJ_2025-03-25_G21,10109772PRADALJ,2025-03-25,123345,1,29,0,702.0
10109772PRADALJ_2025-03-25_G22,10109772PRADALJ,2025-03-25,124248,1,1,0,339.0
10109772PRADALJ_2025-03-25_G23,10109772PRADALJ,2025-03-25,124486,1,20,0,688.0
10109772PRADALJ_2025-03-26_G02,10109772PRADALJ,2025-03-26,123343,1,1,0,286.0
10109772PRADALJ_2025-03-26_G03,10109772PRADALJ,2025-03-26,123345,1,1,0,73.0
10109772PRADALJ_2025-03-26_G04,10109772PRADALJ,2025-03-26,123345,1,5,0,508.0
10109772PRADALJ_2025-03-26_G05,10109772PRADALJ,2025-03-26,122984,1,10,0,1108.0
10109772PRADALJ_2025-03-26_G06,10109772PRADALJ,2025-03-26,124248,1,10,0,223.0
10109772PRADALJ_2025-03-26_G07,10109772PRADALJ,2025-03-26,124248,1,6,0,324.0
10109772PRADALJ_2025-03-26_G08,10109772PRADALJ,2025-03-26,123822,1,36,0,979.0
10109772PRADALJ_2025-03-26_G09,10109772PRADALJ,2025-03-26,124247,1,24,0,645.0
10109772PRADALJ_2025-03-26_G10,10109772PRADALJ,2025-03-26,123344,1,8,0,859.0
10109772PRADALJ_2025-03-26_G11,10109772PRADALJ,2025-03-26,123343,1,4,0,250.0
10109772PRADALJ_2025-03-26_G12,10109772PRADALJ,2025-03-26,123343,1,12,0,291.0
10109772PRADALJ_2025-03-26_G13,10109772PRADALJ,2025-03-26,122962,1,32,0,804.0
10109772PRADALJ_2025-03-26_G15,10109772PRADALJ,2025-03-26,120028,1,100,0,2807.0
10109772PRADALJ_2025-03-26_G16,10109772PRADALJ,2025-03-26,122962,2,44,12,844.0
10109772PRADALJ_2025-03-26_G17,10109772PRADALJ,2025-03-26,124486,1,44,0,1404.0
10109772PRADALJ_2025-03-27_G02,10109772PRADALJ,2025-03-27,110580,1,12,0,447.0
10109772PRADALJ_2025-03-27_G03,10109772PRADALJ,2025-03-27,111602,1,28,0,714.0
10109772PRADALJ_2025-03-27_G04,10109772PRADALJ,2025-03-27,111418,1,16,0,596.0
10109772PRADALJ_2025-03-28_G02,10109772PRADALJ,2025-03-28,118322,1,4,0,120.0
10109772PRADALJ_2025-03-28_G03,10109772PRADALJ,2025-03-28,110515,1,6,0,439.0
10109772PRADALJ_2025-03-28_G04,10109772PRADALJ,2025-03-28,111743,1,29,0,574.0
10109772PRADALJ_2025-03-28_G05,10109772PRADALJ,2025-03-28,117840,1,6,0,600.0
10109772PRADALJ_2025-03-28_G06,10109772PRADALJ,2025-03-28,111462,1,40,0,492.0
10109772PRADALJ_2025-03-28_G07,10109772PRADALJ,2025-03-28,110373,1,20,0,328.0
10109772PRADALJ_2025-03-28_G08,10109772PRADALJ,2025-03-28,118253,1,12,0,1073.0
10109772PRADALJ_2025-03-28_G09,10109772PRADALJ,2025-03-28,118250,1,12,0,405.0
10109772PRADALJ_2025-03-28_G10,10109772PRADALJ,2025-03-28,118251,1,12,0,613.0
10109772PRADALJ_2025-03-28_G11,10109772PRADALJ,2025-03-28,105894,1,24,0,797.0
10109772PRADALJ_2025-03-28_G12,10109772PRADALJ,2025-03-28,111779,1,6,0,2398.0
10109772PRADALJ_2025-03-28_G14,10109772PRADALJ,2025-03-28,118290,1,6,0,220.0
10109772PRADALJ_2025-03-28_G15,10109772PRADALJ,2025-03-28,111467,1,140,0,798.0
10109772PRADALJ_2025-03-28_G16,10109772PRADALJ,2025-03-28,111348,1,4,0,304.0
10109772PRADALJ_2025-03-28_G17,10109772PRADALJ,2025-03-28,109641,1,6,0,148.0
10109772PRADALJ_2025-03-28_G18,10109772PRADALJ,2025-03-28,105705,1,10,0,136.0
10109772PRADALJ_2025-03-28_G19,10109772PRADALJ,2025-03-28,117840,1,6,0,484.0
10109772PRADALJ_2025-03-28_G20,10109772PRADALJ,2025-03-28,118281,1,14,0,536.0
10109772PRADALJ_2025-03-28_G21,10109772PRADALJ,2025-03-28,118326,1,2,0,789.0
10109772PRADALJ_2025-03-28_G22,10109772PRADALJ,2025-03-28,118222,1,2,0,1411.0
10109772PRADALJ_2025-03-29_G02,10109772PRADALJ,2025-03-29,110371,1,200,0,578.0
10109772PRADALJ_2025-03-29_G03,10109772PRADALJ,2025-03-29,110372,1,500,0,1624.0
10109772PRADALJ_2025-03-29_G04,10109772PRADALJ,2025-03-29,109747,1,80,0,500.0
10109772PRADALJ_2025-03-29_G05,10109772PRADALJ,2025-03-29,111442,1,32,0,676.0
10109772PRADALJ_2025-03-29_G07,10109772PRADALJ,2025-03-29,118299,1,20,0,251.0
10109772PRADALJ_2025-03-29_G08,10109772PRADALJ,2025-03-29,117808,1,10,0,159.0
10109772PRADALJ_2025-03-29_G09,10109772PRADALJ,2025-03-29,117808,1,40,0,500.0
10109772PRADALJ_2025-03-29_G10,10109772PRADALJ,2025-03-29,118299,1,20,0,208.0
10109772PRADALJ_2025-03-30_G02,10109772PRADALJ,2025-03-30,118290,1,3,0,118.0
10109772PRADALJ_2025-03-30_G03,10109772PRADALJ,2025-03-30,117853,1,2,0,607.0
10109772PRADALJ_2025-03-30_G04,10109772PRADALJ,2025-03-30,118298,1,3,0,77.0
10109772PRADALJ_2025-03-30_G05,10109772PRADALJ,2025-03-30,118094,1,3,0,129.0
10109772PRADALJ_2025-03-30_G06,10109772PRADALJ,2025-03-30,117862,1,1,0,64.0
10109772PRADALJ_2025-03-30_G07,10109772PRADALJ,2025-03-30,117856,1,8,0,151.0
10109772PRADALJ_2025-03-30_G08,10109772PRADALJ,2025-03-30,117786,1,4,0,183.0
10109772PRADALJ_2025-03-30_G09,10109772PRADALJ,2025-03-30,109647,1,2,0,334.0
10109772PRADALJ_2025-03-31_G02,10109772PRADALJ,2025-03-31,111569,1,12,0,234.0
10109772PRADALJ_2025-03-31_G03,10109772PRADALJ,2025-03-31,117862,1,6,0,149.0
10109772PRADALJ_2025-03-31_G04,10109772PRADALJ,2025-03-31,117856,1,8,0,160.0
10109772PRADALJ_2025-03-31_G05,10109772PRADALJ,2025-03-31,117786,1,5,0,434.0
10109772PRADALJ_2025-03-31_G06,10109772PRADALJ,2025-03-31,110711,1,4,0,137.0
10109772PRADALJ_2025-03-31_G07,10109772PRADALJ,2025-03-31,117838,1,1,0,119.0
10109772PRADALJ_2025-03-31_G08,10109772PRADALJ,2025-03-31,108711,1,3,0,70.0
10109772PRADALJ_2025-03-31_G09,10109772PRADALJ,2025-03-31,111469,1,24,0,228.0
10109772PRADALJ_2025-03-31_G10,10109772PRADALJ,2025-03-31,117831,1,2,0,78.0
10109772PRADALJ_2025-03-31_G11,10109772PRADALJ,2025-03-31,110376,1,4,0,177.0
10109772PRADALJ_2025-03-31_G12,10109772PRADALJ,2025-03-31,117809,1,4,0,58.0
10109772PRADALJ_2025-03-31_G13,10109772PRADALJ,2025-03-31,117820,1,20,0,433.0
10109772PRADALJ_2025-03-31_G14,10109772PRADALJ,2025-03-31,117832,1,10,0,237.0
10109772PRADALJ_2025-03-31_G15,10109772PRADALJ,2025-03-31,110375,1,2,0,106.0
10109772PRADALJ_2025-03-31_G16,10109772PRADALJ,2025-03-31,117856,1,4,0,446.0
10109772PRADALJ_2025-03-31_G17,10109772PRADALJ,2025-03-31,118094,1,1,0,368.0
10109772PRADALJ_2025-03-31_G18,10109772PRADALJ,2025-03-31,111468,1,4,0,110.0
10109772PRADALJ_2025-03-31_G19,10109772PRADALJ,2025-03-31,110376,1,2,0,101.0
10109772PRADALJ_2025-03-31_G20,10109772PRADALJ,2025-03-31,111438,1,1,0,91.0
10109772PRADALJ_2025-03-31_G21,10109772PRADALJ,2025-03-31,117853,1,3,0,336.0
10109772PRADALJ_2025-03-31_G22,10109772PRADALJ,2025-03-31,118094,1,4,0,153.0
10109772PRADALJ_2025-03-31_G23,10109772PRADALJ,2025-03-31,117862,1,4,0,114.0
10109772PRADALJ_2025-03-31_G24,10109772PRADALJ,2025-03-31,111468,1,8,0,160.0
10109772PRADALJ_2025-03-31_G25,10109772PRADALJ,2025-03-31,118223,1,4,0,106.0
10109772PRADALJ_2025-03-31_G26,10109772PRADALJ,2025-03-31,117832,1,3,0,80.0
10109772PRADALJ_2025-03-31_G27,10109772PRADALJ,2025-03-31,118290,1,2,0,377.0
10109772PRADALJ_2025-03-31_G28,10109772PRADALJ,2025-03-31,110753,1,4,0,305.0
10109772PRADALJ_2025-03-31_G29,10109772PRADALJ,2025-03-31,111468,1,4,0,218.0
10109772PRADALJ_2025-03-31_G30,10109772PRADALJ,2025-03-31,117830,1,8,0,114.0
10109772PRADALJ_2025-03-31_G31,10109772PRADALJ,2025-03-31,117832,1,8,0,149.0
10109772PRADALJ_2025-03-31_G32,10109772PRADALJ,2025-03-31,100334,1,3,0,741.0
10109772PRADALJ_2025-03-31_G34,10109772PRADALJ,2025-03-31,111438,1,12,0,237.0
10109772PRADALJ_2025-03-31_G35,10109772PRADALJ,2025-03-31,118222,1,20,0,554.0
10109772PRADALJ_2025-03-31_G36,10109772PRADALJ,2025-03-31,117853,1,6,0,703.0
10109772PRADALJ_2025-03-31_G37,10109772PRADALJ,2025-03-31,118094,1,4,0,94.0
10109772PRADALJ_2025-03-31_G38,10109772PRADALJ,2025-03-31,110580,1,1,0,34.0
10109772PRADALJ_2025-03-31_G39,10109772PRADALJ,2025-03-31,117856,1,6,0,80.0
10109772PRADALJ_2025-03-31_G40,10109772PRADALJ,2025-03-31,111876,1,6,0,107.0
10109772PRADALJ_2025-03-31_G41,10109772PRADALJ,2025-03-31,111876,1,10,0,138.0
10109772PRADALJ_2025-03-31_G42,10109772PRADALJ,2025-03-31,111530,1,8,0,195.0
10109772PRADALJ_2025-03-31_G43,10109772PRADALJ,2025-03-31,111468,1,12,0,814.0
10109772PRADALJ_2025-03-31_G44,10109772PRADALJ,2025-03-31,111172,1,7,0,603.0
10109772PRADALJ_2025-03-31_G45,10109772PRADALJ,2025-03-31,117838,1,2,0,193.0
10109772PRADALJ_2025-03-31_G46,10109772PRADALJ,2025-03-31,118364,1,8,0,650.0
10109772PRADALJ_2025-03-31_G47,10109772PRADALJ,2025-03-31,117862,1,1,0,518.0
10109772PRADALJ_2025-03-31_G48,10109772PRADALJ,2025-03-31,117786,1,3,0,175.0
10109772PRADALJ_2025-03-31_G49,10109772PRADALJ,2025-03-31,111876,1,1,0,60.0
10109772PRADALJ_2025-03-31_G50,10109772PRADALJ,2025-03-31,111530,1,7,0,490.0
10109772PRADALJ_2025-03-31_G51,10109772PRADALJ,2025-03-31,111466,1,6,0,182.0
10109772PRADALJ_2025-03-31_G52,10109772PRADALJ,2025-03-31,111348,1,4,0,139.0
10109772PRADALJ_2025-03-31_G53,10109772PRADALJ,2025-03-31,111468,1,1,0,95.0
10109772PRADALJ_2025-03-31_G54,10109772PRADALJ,2025-03-31,111469,1,2,0,84.0
10109772PRADALJ_2025-03-31_G55,10109772PRADALJ,2025-03-31,110371,1,3,0,110.0
10109772PRADALJ_2025-03-31_G56,10109772PRADALJ,2025-03-31,117820,1,6,0,137.0
10109772PRADALJ_2025-03-31_G57,10109772PRADALJ,2025-03-31,111850,1,8,0,483.0
10109772PRADALJ_2025-03-31_G58,10109772PRADALJ,2025-03-31,118290,1,2,0,87.0
10109772PRADALJ_2025-03-31_G59,10109772PRADALJ,2025-03-31,117836,1,4,0,120.0
10109772PRADALJ_2025-03-31_G60,10109772PRADALJ,2025-03-31,140911,1,1,0,68.0
10109772PRADALJ_2025-03-31_G61,10109772PRADALJ,2025-03-31,141035,1,4,0,660.0
10109772PRADALJ_2025-03-31_G62,10109772PRADALJ,2025-03-31,117856,1,1,0,96.0
10109772PRADALJ_2025-03-31_G63,10109772PRADALJ,2025-03-31,111530,1,10,0,398.0
10109772PRADALJ_2025-03-31_G64,10109772PRADALJ,2025-03-31,117786,1,8,0,430.0
10109772PRADALJ_2025-03-31_G65,10109772PRADALJ,2025-03-31,111348,1,3,0,72.0
10109772PRADALJ_2025-03-31_G66,10109772PRADALJ,2025-03-31,111468,1,2,0,95.0
10109772PRADALJ_2025-03-31_G67,10109772PRADALJ,2025-03-31,117838,1,3,0,85.0
10109772PRADALJ_2025-03-31_G68,10109772PRADALJ,2025-03-31,111469,1,2,0,56.0
10109772PRADALJ_2025-03-31_G69,10109772PRADALJ,2025-03-31,110371,1,4,0,115.0
10109772PRADALJ_2025-03-31_G70,10109772PRADALJ,2025-03-31,117820,1,3,0,110.0
10109772PRADALJ_2025-03-31_G71,10109772PRADALJ,2025-03-31,117853,1,4,0,728.0
10109772PRADALJ_2025-04-01_G02,10109772PRADALJ,2025-04-01,111441,1,3,0,747.0
10109772PRADALJ_2025-04-01_G03,10109772PRADALJ,2025-04-01,111441,1,62,0,1222.0
10109772PRADALJ_2025-04-01_G05,10109772PRADALJ,2025-04-01,109641,1,172,0,1314.0
10109772PRADALJ_2025-04-01_G06,10109772PRADALJ,2025-04-01,111443,1,186,0,939.0
10109772PRADALJ_2025-04-01_G07,10109772PRADALJ,2025-04-01,108795,1,130,0,499.0
10109772PRADALJ_2025-04-01_G08,10109772PRADALJ,2025-04-01,105705,1,81,0,489.0
10109772PRADALJ_2025-04-01_G09,10109772PRADALJ,2025-04-01,111182,1,34,0,698.0
10109772PRADALJ_2025-04-03_G02,10109772PRADALJ,2025-04-03,121651,1,2,0,322.0
10109772PRADALJ_2025-04-04_G02,10109772PRADALJ,2025-04-04,124475,1,4,0,178.0
10109772PRADALJ_2025-04-04_G03,10109772PRADALJ,2025-04-04,123909,1,6,0,181.0
10109772PRADALJ_2025-04-04_G04,10109772PRADALJ,2025-04-04,122962,1,16,0,319.0
10109772PRADALJ_2025-04-04_G05,10109772PRADALJ,2025-04-04,124486,1,12,0,522.0
10109772PRADALJ_2025-04-04_G07,10109772PRADALJ,2025-04-04,111418,1,30,0,341.0
10109772PRADALJ_2025-04-04_G08,10109772PRADALJ,2025-04-04,117785,1,8,0,129.0
10109772PRADALJ_2025-04-04_G09,10109772PRADALJ,2025-04-04,111446,1,2,0,124.0
10109772PRADALJ_2025-04-04_G10,10109772PRADALJ,2025-04-04,111463,1,16,0,677.0
10109772PRADALJ_2025-04-04_G12,10109772PRADALJ,2025-04-04,124476,1,4,0,181.0
10109772PRADALJ_2025-04-04_G13,10109772PRADALJ,2025-04-04,124475,1,30,0,637.0
10109772PRADALJ_2025-04-04_G14,10109772PRADALJ,2025-04-04,114647,1,4,0,652.0
10109772PRADALJ_2025-04-05_G02,10109772PRADALJ,2025-04-05,122962,1,16,0,467.0
10109772PRADALJ_2025-04-05_G03,10109772PRADALJ,2025-04-05,181056,1,8,0,526.0
10109772PRADALJ_2025-04-05_G04,10109772PRADALJ,2025-04-05,181887,1,4,0,231.0
10109772PRADALJ_2025-04-05_G05,10109772PRADALJ,2025-04-05,120339,1,2,0,310.0
10109772PRADALJ_2025-04-05_G06,10109772PRADALJ,2025-04-05,181235,1,2,0,186.0
10109772PRADALJ_2025-04-05_G07,10109772PRADALJ,2025-04-05,121651,1,20,0,466.0
10109772PRADALJ_2025-04-05_G08,10109772PRADALJ,2025-04-05,122962,1,16,0,474.0
10109772PRADALJ_2025-04-05_G09,10109772PRADALJ,2025-04-05,181235,1,2,0,70.0
10109772PRADALJ_2025-04-05_G10,10109772PRADALJ,2025-04-05,181056,1,8,0,346.0
10109772PRADALJ_2025-04-05_G11,10109772PRADALJ,2025-04-05,181887,1,4,0,78.0
10109772PRADALJ_2025-04-05_G12,10109772PRADALJ,2025-04-05,124476,1,2,0,194.0
10109772PRADALJ_2025-04-05_G13,10109772PRADALJ,2025-04-05,124248,1,24,0,442.0
10109772PRADALJ_2025-04-05_G14,10109772PRADALJ,2025-04-05,122185,1,24,0,437.0
10109772PRADALJ_2025-04-05_G15,10109772PRADALJ,2025-04-05,122962,1,13,0,379.0
10109772PRADALJ_2025-04-05_G17,10109772PRADALJ,2025-04-05,181235,1,2,0,142.0
10109772PRADALJ_2025-04-05_G18,10109772PRADALJ,2025-04-05,181235,1,4,0,64.0
10109772PRADALJ_2025-04-05_G19,10109772PRADALJ,2025-04-05,181056,1,6,0,229.0
10109772PRADALJ_2025-04-05_G20,10109772PRADALJ,2025-04-05,181887,1,4,0,202.0
10109772PRADALJ_2025-04-05_G21,10109772PRADALJ,2025-04-05,123343,1,6,0,646.0
10109772PRADALJ_2025-04-05_G22,10109772PRADALJ,2025-04-05,122962,1,2,0,86.0
10109772PRADALJ_2025-04-05_G23,10109772PRADALJ,2025-04-05,122703,1,3,0,391.0
10109772PRADALJ_2025-04-05_G24,10109772PRADALJ,2025-04-05,"124486, 122962",2,4,29,389.0
10109772PRADALJ_2025-04-05_G25,10109772PRADALJ,2025-04-05,124486,1,16,0,298.0
10109772PRADALJ_2025-04-05_G26,10109772PRADALJ,2025-04-05,122962,1,8,0,354.0
10109772PRADALJ_2025-04-05_G27,10109772PRADALJ,2025-04-05,122703,1,2,0,234.0
10109772PRADALJ_2025-04-05_G28,10109772PRADALJ,2025-04-05,181056,1,4,0,89.0
10109772PRADALJ_2025-04-05_G29,10109772PRADALJ,2025-04-05,181056,1,2,0,166.0
10109772PRADALJ_2025-04-05_G30,10109772PRADALJ,2025-04-05,123343,1,2,0,184.0
10109772PRADALJ_2025-04-05_G31,10109772PRADALJ,2025-04-05,123344,1,5,0,280.0
10109772PRADALJ_2025-04-05_G32,10109772PRADALJ,2025-04-05,121760,1,1,0,134.0
10109772PRADALJ_2025-04-05_G33,10109772PRADALJ,2025-04-05,122185,1,8,0,309.0
10109772PRADALJ_2025-04-05_G34,10109772PRADALJ,2025-04-05,123343,1,4,0,157.0
10109772PRADALJ_2025-04-05_G35,10109772PRADALJ,2025-04-05,123345,1,4,0,87.0
10109772PRADALJ_2025-04-05_G36,10109772PRADALJ,2025-04-05,180054,1,1,0,1809.0
10109772PRADALJ_2025-04-06_G02,10109772PRADALJ,2025-04-06,120339,1,13,0,482.0
10109772PRADALJ_2025-04-06_G03,10109772PRADALJ,2025-04-06,121651,1,12,0,363.0
10109772PRADALJ_2025-04-07_G02,10109772PRADALJ,2025-04-07,124248,1,120,0,3345.0
10109772PRADALJ_2025-04-07_G04,10109772PRADALJ,2025-04-07,111435,1,150,0,1114.0
10109772PRADALJ_2025-04-07_G05,10109772PRADALJ,2025-04-07,105705,1,20,0,488.0
10109772PRADALJ_2025-04-07_G06,10109772PRADALJ,2025-04-07,117785,1,260,0,719.0
10109772PRADALJ_2025-04-07_G07,10109772PRADALJ,2025-04-07,110745,1,350,0,2335.0
10109772PRADALJ_2025-04-07_G08,10109772PRADALJ,2025-04-07,108794,1,8,0,1478.0
10109772PRADALJ_2025-04-07_G09,10109772PRADALJ,2025-04-07,108794,1,16,0,197.0
10109772PRADALJ_2025-04-07_G11,10109772PRADALJ,2025-04-07,116241,1,25,0,38.0
10109772PRADALJ_2025-04-08_G02,10109772PRADALJ,2025-04-08,102851,1,2,0,50.0
10109772PRADALJ_2025-04-08_G03,10109772PRADALJ,2025-04-08,140956,1,12,0,371.0
10109772PRADALJ_2025-04-08_G04,10109772PRADALJ,2025-04-08,117834,1,6,0,130.0
10109772PRADALJ_2025-04-08_G05,10109772PRADALJ,2025-04-08,111850,1,6,0,94.0
10109772PRADALJ_2025-04-08_G06,10109772PRADALJ,2025-04-08,110112,1,2,0,239.0
10109772PRADALJ_2025-04-08_G07,10109772PRADALJ,2025-04-08,117789,1,7,0,168.0
10109772PRADALJ_2025-04-08_G08,10109772PRADALJ,2025-04-08,109495,1,1,0,84.0
10109772PRADALJ_2025-04-08_G09,10109772PRADALJ,2025-04-08,108759,1,4,0,186.0
10109772PRADALJ_2025-04-08_G10,10109772PRADALJ,2025-04-08,108759,1,12,0,241.0
10109772PRADALJ_2025-04-08_G11,10109772PRADALJ,2025-04-08,118306,2,16,24,410.0
10109772PRADALJ_2025-04-08_G12,10109772PRADALJ,2025-04-08,110750,1,2,0,246.0
10109772PRADALJ_2025-04-08_G13,10109772PRADALJ,2025-04-08,118298,1,4,0,145.0
10109772PRADALJ_2025-04-08_G14,10109772PRADALJ,2025-04-08,141047,1,20,0,193.0
10109772PRADALJ_2025-04-08_G15,10109772PRADALJ,2025-04-08,110313,1,2,0,81.0
10109772PRADALJ_2025-04-08_G16,10109772PRADALJ,2025-04-08,110313,1,8,0,78.0
10109772PRADALJ_2025-04-08_G17,10109772PRADALJ,2025-04-08,110733,1,30,0,376.0
10109772PRADALJ_2025-04-08_G18,10109772PRADALJ,2025-04-08,117855,1,20,0,241.0
10109772PRADALJ_2025-04-08_G19,10109772PRADALJ,2025-04-08,111467,1,16,0,177.0
10109772PRADALJ_2025-04-08_G20,10109772PRADALJ,2025-04-08,117786,1,20,0,45.0
10109772PRADALJ_2025-04-08_G22,10109772PRADALJ,2025-04-08,111602,1,60,0,251.0
10109772PRADALJ_2025-04-08_G23,10109772PRADALJ,2025-04-08,110711,1,30,0,928.0
10109772PRADALJ_2025-04-08_G24,10109772PRADALJ,2025-04-08,109647,2,6,22,97.0
10109772PRADALJ_2025-04-08_G25,10109772PRADALJ,2025-04-08,116611,1,4,0,284.0
10109772PRADALJ_2025-04-08_G26,10109772PRADALJ,2025-04-08,110743,1,10,0,350.0
10109772PRADALJ_2025-04-08_G27,10109772PRADALJ,2025-04-08,117837,1,20,0,347.0
10109772PRADALJ_2025-04-08_G28,10109772PRADALJ,2025-04-08,110332,1,2,0,160.0
10109772PRADALJ_2025-04-08_G29,10109772PRADALJ,2025-04-08,110740,1,10,0,238.0
10109772PRADALJ_2025-04-08_G30,10109772PRADALJ,2025-04-08,111469,1,60,0,152.0
10109772PRADALJ_2025-04-08_G31,10109772PRADALJ,2025-04-08,111433,1,2,0,1093.0
10109772PRADALJ_2025-04-08_G32,10109772PRADALJ,2025-04-08,118004,1,6,0,79.0
10109772PRADALJ_2025-04-08_G33,10109772PRADALJ,2025-04-08,118004,1,14,0,74.0
10109772PRADALJ_2025-04-08_G34,10109772PRADALJ,2025-04-08,118004,1,6,0,39.0
10109772PRADALJ_2025-04-08_G35,10109772PRADALJ,2025-04-08,118140,1,20,0,126.0
10109772PRADALJ_2025-04-08_G36,10109772PRADALJ,2025-04-08,111468,1,30,0,283.0
10109772PRADALJ_2025-04-08_G37,10109772PRADALJ,2025-04-08,111418,1,80,0,692.0
10109772PRADALJ_2025-04-08_G38,10109772PRADALJ,2025-04-08,111348,1,20,0,634.0
10109772PRADALJ_2025-04-08_G39,10109772PRADALJ,2025-04-08,111743,1,30,0,258.0
10109772PRADALJ_2025-04-08_G40,10109772PRADALJ,2025-04-08,111532,1,32,0,189.0
10109772PRADALJ_2025-04-08_G41,10109772PRADALJ,2025-04-08,117833,1,50,0,405.0
10109772PRADALJ_2025-04-08_G42,10109772PRADALJ,2025-04-08,141048,1,4,0,187.0
10109772PRADALJ_2025-04-08_G43,10109772PRADALJ,2025-04-08,109645,1,10,0,183.0
10109772PRADALJ_2025-04-08_G44,10109772PRADALJ,2025-04-08,108794,1,20,0,189.0
10109772PRADALJ_2025-04-08_G45,10109772PRADALJ,2025-04-08,118223,1,2,0,87.0
10109772PRADALJ_2025-04-08_G46,10109772PRADALJ,2025-04-08,105705,1,12,0,193.0
10109772PRADALJ_2025-04-08_G47,10109772PRADALJ,2025-04-08,111465,1,10,0,809.0
10109772PRADALJ_2025-04-08_G48,10109772PRADALJ,2025-04-08,117809,1,20,0,217.0
10109772PRADALJ_2025-04-08_G49,10109772PRADALJ,2025-04-08,110371,1,20,0,181.0
10109772PRADALJ_2025-04-08_G50,10109772PRADALJ,2025-04-08,110372,1,100,0,524.0
10109772PRADALJ_2025-04-09_G02,10109772PRADALJ,2025-04-09,122962,1,60,0,650.0
10109772PRADALJ_2025-04-09_G03,10109772PRADALJ,2025-04-09,122671,1,20,0,445.0
10109772PRADALJ_2025-04-09_G04,10109772PRADALJ,2025-04-09,123909,1,20,0,229.0
10109772PRADALJ_2025-04-09_G05,10109772PRADALJ,2025-04-09,123822,1,60,0,756.0
10109772PRADALJ_2025-04-09_G06,10109772PRADALJ,2025-04-09,123822,1,100,0,1035.0
10109772PRADALJ_2025-04-09_G07,10109772PRADALJ,2025-04-09,121760,1,10,0,1248.0
10109772PRADALJ_2025-04-09_G08,10109772PRADALJ,2025-04-09,124371,1,8,0,65.0
10109772PRADALJ_2025-04-09_G09,10109772PRADALJ,2025-04-09,121651,1,10,0,294.0
10109772PRADALJ_2025-04-09_G10,10109772PRADALJ,2025-04-09,123344,1,16,0,1245.0
10109772PRADALJ_2025-04-09_G12,10109772PRADALJ,2025-04-09,160057,1,5,0,697.0
10109772PRADALJ_2025-04-09_G13,10109772PRADALJ,2025-04-09,111348,1,4,0,219.0
10109772PRADALJ_2025-04-09_G14,10109772PRADALJ,2025-04-09,111348,1,5,0,65.0
10109772PRADALJ_2025-04-09_G15,10109772PRADALJ,2025-04-09,140922,1,2,0,233.0
10109772PRADALJ_2025-04-09_G16,10109772PRADALJ,2025-04-09,160056,1,2,0,121.0
10109772PRADALJ_2025-04-09_G17,10109772PRADALJ,2025-04-09,160054,1,2,0,127.0
10109772PRADALJ_2025-04-09_G18,10109772PRADALJ,2025-04-09,117820,1,30,0,261.0
10109772PRADALJ_2025-04-09_G19,10109772PRADALJ,2025-04-09,160051,1,2,0,518.0
10109772PRADALJ_2025-04-09_G20,10109772PRADALJ,2025-04-09,117808,1,22,0,127.0
10109772PRADALJ_2025-04-09_G21,10109772PRADALJ,2025-04-09,110373,1,10,0,158.0
10109772PRADALJ_2025-04-09_G22,10109772PRADALJ,2025-04-09,107830,1,24,0,2106.0
10109772PRADALJ_2025-04-09_G23,10109772PRADALJ,2025-04-09,117820,1,124,0,425.0
10109772PRADALJ_2025-04-09_G24,10109772PRADALJ,2025-04-09,117832,1,100,0,287.0
10109772PRADALJ_2025-04-09_G25,10109772PRADALJ,2025-04-09,110373,1,100,0,342.0
10109772PRADALJ_2025-04-09_G26,10109772PRADALJ,2025-04-09,110325,1,100,0,626.0
10109772PRADALJ_2025-04-09_G28,10109772PRADALJ,2025-04-09,124476,1,20,0,404.0
10109772PRADALJ_2025-04-09_G29,10109772PRADALJ,2025-04-09,123562,1,2,0,124.0
10109772PRADALJ_2025-04-09_G30,10109772PRADALJ,2025-04-09,124475,1,16,0,186.0
10109772PRADALJ_2025-04-09_G31,10109772PRADALJ,2025-04-09,123889,1,2,0,172.0
10109772PRADALJ_2025-04-09_G32,10109772PRADALJ,2025-04-09,123345,1,50,0,1802.0
10109772PRADALJ_2025-04-10_G02,10109772PRADALJ,2025-04-10,124475,1,4,0,443.0
10109772PRADALJ_2025-04-10_G03,10109772PRADALJ,2025-04-10,122985,1,5,0,750.0
10109772PRADALJ_2025-04-10_G04,10109772PRADALJ,2025-04-10,120028,1,50,0,3057.0
10109772PRADALJ_2025-04-11_G02,10109772PRADALJ,2025-04-11,111418,1,28,0,381.0
10109772PRADALJ_2025-04-11_G03,10109772PRADALJ,2025-04-11,118140,1,12,0,214.0
10109772PRADALJ_2025-04-11_G04,10109772PRADALJ,2025-04-11,117785,1,10,0,224.0
10109772PRADALJ_2025-04-11_G05,10109772PRADALJ,2025-04-11,109645,1,4,0,247.0
10109772PRADALJ_2025-04-11_G06,10109772PRADALJ,2025-04-11,108794,1,2,0,66.0
10109772PRADALJ_2025-04-11_G07,10109772PRADALJ,2025-04-11,110325,1,4,0,390.0
10109772PRADALJ_2025-04-11_G08,10109772PRADALJ,2025-04-11,117820,1,4,0,58.0
10109772PRADALJ_2025-04-11_G09,10109772PRADALJ,2025-04-11,117809,1,20,0,287.0
10109772PRADALJ_2025-04-11_G10,10109772PRADALJ,2025-04-11,110371,1,12,0,113.0
10109772PRADALJ_2025-04-11_G11,10109772PRADALJ,2025-04-11,117832,1,2,0,119.0
10109772PRADALJ_2025-04-11_G12,10109772PRADALJ,2025-04-11,110373,1,8,0,134.0
10109772PRADALJ_2025-04-11_G13,10109772PRADALJ,2025-04-11,117808,1,35,0,447.0
10109772PRADALJ_2025-04-12_G02,10109772PRADALJ,2025-04-12,118299,1,64,0,1285.0
10109772PRADALJ_2025-04-12_G03,10109772PRADALJ,2025-04-12,118253,1,4,0,691.0
10109772PRADALJ_2025-04-12_G04,10109772PRADALJ,2025-04-12,141313,1,6,0,717.0
10109772PRADALJ_2025-04-12_G05,10109772PRADALJ,2025-04-12,110733,1,4,0,150.0
10109772PRADALJ_2025-04-12_G06,10109772PRADALJ,2025-04-12,110752,1,5,0,126.0
10109772PRADALJ_2025-04-12_G07,10109772PRADALJ,2025-04-12,111602,1,13,0,186.0
10109772PRADALJ_2025-04-12_G08,10109772PRADALJ,2025-04-12,110711,1,5,0,113.0
10109772PRADALJ_2025-04-12_G09,10109772PRADALJ,2025-04-12,111433,1,2,0,181.0
10109772PRADALJ_2025-04-12_G10,10109772PRADALJ,2025-04-12,111418,1,20,0,584.0
10109772PRADALJ_2025-04-12_G11,10109772PRADALJ,2025-04-12,118299,1,11,0,257.0
10109772PRADALJ_2025-04-12_G12,10109772PRADALJ,2025-04-12,111435,1,7,0,263.0
10109772PRADALJ_2025-04-12_G13,10109772PRADALJ,2025-04-12,110373,1,40,0,509.0
10109772PRADALJ_2025-04-12_G15,10109772PRADALJ,2025-04-12,117861,1,2,0,104.0
10109772PRADALJ_2025-04-12_G16,10109772PRADALJ,2025-04-12,111876,1,2,0,98.0
10109772PRADALJ_2025-04-12_G17,10109772PRADALJ,2025-04-12,110711,1,2,0,107.0
10109772PRADALJ_2025-04-12_G18,10109772PRADALJ,2025-04-12,117788,1,1,0,107.0
10109772PRADALJ_2025-04-12_G19,10109772PRADALJ,2025-04-12,117831,1,2,0,168.0
10109772PRADALJ_2025-04-12_G20,10109772PRADALJ,2025-04-12,111418,1,8,0,160.0
10109772PRADALJ_2025-04-12_G21,10109772PRADALJ,2025-04-12,111463,1,4,0,118.0
10109772PRADALJ_2025-04-12_G22,10109772PRADALJ,2025-04-12,111466,1,4,0,107.0
10109772PRADALJ_2025-04-12_G23,10109772PRADALJ,2025-04-12,109641,1,6,0,219.0
10109772PRADALJ_2025-04-12_G24,10109772PRADALJ,2025-04-12,109645,1,8,0,267.0
10109772PRADALJ_2025-04-12_G25,10109772PRADALJ,2025-04-12,110787,1,2,0,100.0
10109772PRADALJ_2025-04-12_G26,10109772PRADALJ,2025-04-12,110376,1,4,0,154.0
10109772PRADALJ_2025-04-12_G27,10109772PRADALJ,2025-04-12,118299,1,11,0,210.0
10109772PRADALJ_2025-04-12_G28,10109772PRADALJ,2025-04-12,110375,1,1,0,154.0
10109772PRADALJ_2025-04-12_G29,10109772PRADALJ,2025-04-12,109747,1,2,0,86.0
10109772PRADALJ_2025-04-12_G30,10109772PRADALJ,2025-04-12,110372,1,10,0,681.0
10109772PRADALJ_2025-04-12_G31,10109772PRADALJ,2025-04-12,111569,1,4,0,3572.0
10109772PRADALJ_2025-04-12_G32,10109772PRADALJ,2025-04-12,117862,1,3,0,190.0
10109772PRADALJ_2025-04-12_G33,10109772PRADALJ,2025-04-12,110740,1,2,0,85.0
10109772PRADALJ_2025-04-12_G34,10109772PRADALJ,2025-04-12,111462,1,2,0,84.0
10109772PRADALJ_2025-04-12_G35,10109772PRADALJ,2025-04-12,110745,1,2,0,77.0
10109772PRADALJ_2025-04-12_G36,10109772PRADALJ,2025-04-12,110374,1,2,0,768.0
10109772PRADALJ_2025-04-12_G37,10109772PRADALJ,2025-04-12,118299,1,10,0,102.0
10109772PRADALJ_2025-04-12_G38,10109772PRADALJ,2025-04-12,117832,1,2,0,118.0
10109772PRADALJ_2025-04-12_G39,10109772PRADALJ,2025-04-12,105705,1,4,0,145.0
10109772PRADALJ_2025-04-12_G40,10109772PRADALJ,2025-04-12,118140,1,2,0,84.0
10109772PRADALJ_2025-04-12_G41,10109772PRADALJ,2025-04-12,111743,1,6,0,270.0
10109772PRADALJ_2025-04-13_G02,10109772PRADALJ,2025-04-13,110895,1,5,0,1704.0
10109772PRADALJ_2025-04-13_G03,10109772PRADALJ,2025-04-13,117935,1,7,0,279.0
10109772PRADALJ_2025-04-14_G02,10109772PRADALJ,2025-04-14,117862,1,4,0,133.0
10109772PRADALJ_2025-04-14_G03,10109772PRADALJ,2025-04-14,107629,1,2,0,61.0
10109772PRADALJ_2025-04-14_G04,10109772PRADALJ,2025-04-14,110339,1,1,0,139.0
10109772PRADALJ_2025-04-14_G05,10109772PRADALJ,2025-04-14,110756,1,1,0,270.0
10109772PRADALJ_2025-04-14_G06,10109772PRADALJ,2025-04-14,117861,1,6,0,134.0
10109772PRADALJ_2025-04-14_G07,10109772PRADALJ,2025-04-14,117786,1,4,0,102.0
10109772PRADALJ_2025-04-14_G08,10109772PRADALJ,2025-04-14,111602,1,9,0,637.0
10109772PRADALJ_2025-04-14_G09,10109772PRADALJ,2025-04-14,110515,1,6,0,313.0
10109772PRADALJ_2025-04-14_G10,10109772PRADALJ,2025-04-14,110711,1,3,0,78.0
10109772PRADALJ_2025-04-14_G11,10109772PRADALJ,2025-04-14,117831,1,11,0,779.0
10109772PRADALJ_2025-04-14_G12,10109772PRADALJ,2025-04-14,111469,1,2,0,71.0
10109772PRADALJ_2025-04-14_G13,10109772PRADALJ,2025-04-14,117821,1,14,0,186.0
10109772PRADALJ_2025-04-14_G14,10109772PRADALJ,2025-04-14,111418,1,9,0,111.0
10109772PRADALJ_2025-04-14_G15,10109772PRADALJ,2025-04-14,111348,1,2,0,60.0
10109772PRADALJ_2025-04-14_G16,10109772PRADALJ,2025-04-14,111532,1,18,0,209.0
10109772PRADALJ_2025-04-14_G17,10109772PRADALJ,2025-04-14,109641,1,2,0,144.0
10109772PRADALJ_2025-04-14_G18,10109772PRADALJ,2025-04-14,111172,1,2,0,51.0
10109772PRADALJ_2025-04-14_G19,10109772PRADALJ,2025-04-14,117785,1,3,0,42.0
10109772PRADALJ_2025-04-14_G20,10109772PRADALJ,2025-04-14,141048,1,4,0,77.0
10109772PRADALJ_2025-04-14_G21,10109772PRADALJ,2025-04-14,109645,1,8,0,719.0
10109772PRADALJ_2025-04-14_G22,10109772PRADALJ,2025-04-14,111462,1,5,0,160.0
10109772PRADALJ_2025-04-14_G23,10109772PRADALJ,2025-04-14,117838,1,6,0,98.0
10109772PRADALJ_2025-04-14_G24,10109772PRADALJ,2025-04-14,110787,1,8,0,176.0
10109772PRADALJ_2025-04-14_G25,10109772PRADALJ,2025-04-14,111465,1,2,0,48.0
10109772PRADALJ_2025-04-14_G26,10109772PRADALJ,2025-04-14,110325,1,2,0,206.0
10109772PRADALJ_2025-04-14_G27,10109772PRADALJ,2025-04-14,117820,1,12,0,872.0
10109772PRADALJ_2025-04-14_G28,10109772PRADALJ,2025-04-14,110374,1,2,0,72.0
10109772PRADALJ_2025-04-14_G29,10109772PRADALJ,2025-04-14,117808,1,6,0,66.0
10109772PRADALJ_2025-04-14_G30,10109772PRADALJ,2025-04-14,109643,1,1,0,78.0
10109772PRADALJ_2025-04-14_G31,10109772PRADALJ,2025-04-14,117809,1,9,0,115.0
10109772PRADALJ_2025-04-14_G33,10109772PRADALJ,2025-04-14,110372,1,17,0,158.0
10109772PRADALJ_2025-04-14_G34,10109772PRADALJ,2025-04-14,117832,1,10,0,141.0
10109772PRADALJ_2025-04-14_G35,10109772PRADALJ,2025-04-14,109747,1,8,0,126.0
10109772PRADALJ_2025-04-14_G36,10109772PRADALJ,2025-04-14,118299,1,33,0,983.0
10109772PRADALJ_2025-04-14_G37,10109772PRADALJ,2025-04-14,111467,1,1,0,541.0
10109772PRADALJ_2025-04-14_G38,10109772PRADALJ,2025-04-14,140922,1,2,0,78.0
10109772PRADALJ_2025-04-14_G39,10109772PRADALJ,2025-04-14,"105705, 110743, 110740",3,5,20,285.0
10109772PRADALJ_2025-04-14_G40,10109772PRADALJ,2025-04-14,117855,1,4,0,744.0
10109772PRADALJ_2025-04-14_G41,10109772PRADALJ,2025-04-14,110740,1,3,0,107.0
10109772PRADALJ_2025-04-14_G42,10109772PRADALJ,2025-04-14,111469,1,4,0,112.0
10109772PRADALJ_2025-04-14_G43,10109772PRADALJ,2025-04-14,117785,1,4,0,171.0
10109772PRADALJ_2025-04-14_G44,10109772PRADALJ,2025-04-14,109645,1,5,0,97.0
10109772PRADALJ_2025-04-14_G45,10109772PRADALJ,2025-04-14,117820,1,12,0,171.0
10109772PRADALJ_2025-04-14_G46,10109772PRADALJ,2025-04-14,118299,1,12,0,149.0
10109772PRADALJ_2025-04-14_G47,10109772PRADALJ,2025-04-14,117840,1,4,0,72.0
10109772PRADALJ_2025-04-14_G48,10109772PRADALJ,2025-04-14,110373,1,8,0,147.0
10109772PRADALJ_2025-04-14_G49,10109772PRADALJ,2025-04-14,111418,1,5,0,1161.0
10109772PRADALJ_2025-04-14_G50,10109772PRADALJ,2025-04-14,118140,1,3,0,50.0
10109772PRADALJ_2025-04-14_G51,10109772PRADALJ,2025-04-14,111462,1,1,0,156.0
10109772PRADALJ_2025-04-14_G52,10109772PRADALJ,2025-04-14,117808,1,6,0,208.0
10109772PRADALJ_2025-04-14_G53,10109772PRADALJ,2025-04-14,110371,1,4,0,130.0
10109772PRADALJ_2025-04-14_G54,10109772PRADALJ,2025-04-14,110372,1,8,0,178.0
10109772PRADALJ_2025-04-14_G55,10109772PRADALJ,2025-04-14,109640,1,1,0,379.0
10109772PRADALJ_2025-04-14_G56,10109772PRADALJ,2025-04-14,109640,1,2,0,97.0
10109772PRADALJ_2025-04-14_G57,10109772PRADALJ,2025-04-14,110376,1,2,0,115.0
10109772PRADALJ_2025-04-14_G58,10109772PRADALJ,2025-04-14,111182,1,2,0,157.0
10109772PRADALJ_2025-04-14_G59,10109772PRADALJ,2025-04-14,110372,1,36,0,473.0
10109772PRADALJ_2025-04-14_G60,10109772PRADALJ,2025-04-14,118191,1,190,0,1847.0
10109772PRADALJ_2025-04-14_G62,10109772PRADALJ,2025-04-14,124370,1,9,0,88.0
10109772PRADALJ_2025-04-14_G63,10109772PRADALJ,2025-04-14,124370,1,6,0,180.0
10109772PRADALJ_2025-04-14_G64,10109772PRADALJ,2025-04-14,122703,1,1,0,155.0
10109772PRADALJ_2025-04-14_G65,10109772PRADALJ,2025-04-14,120389,1,19,0,1882.0
10109772PRADALJ_2025-04-15_G02,10109772PRADALJ,2025-04-15,115773,1,8,0,1708.0
10109772PRADALJ_2025-04-15_G03,10109772PRADALJ,2025-04-15,110374,1,10,0,98.0
10109772PRADALJ_2025-04-15_G04,10109772PRADALJ,2025-04-15,124486,1,21,0,1311.0
10109772PRADALJ_2025-04-15_G05,10109772PRADALJ,2025-04-15,124370,1,40,0,1817.0
10109772PRADALJ_2025-04-15_G07,10109772PRADALJ,2025-04-15,120028,1,1,0,111.0
10109772PRADALJ_2025-04-15_G09,10109772PRADALJ,2025-04-15,122962,1,24,0,304.0
10109772PRADALJ_2025-04-15_G10,10109772PRADALJ,2025-04-15,122962,1,12,0,571.0
10109772PRADALJ_2025-04-15_G11,10109772PRADALJ,2025-04-15,122647,1,10,0,302.0
10109772PRADALJ_2025-04-15_G12,10109772PRADALJ,2025-04-15,122962,1,10,0,227.0
10109772PRADALJ_2025-04-15_G13,10109772PRADALJ,2025-04-15,122962,1,42,0,1036.0
10109772PRADALJ_2025-04-15_G14,10109772PRADALJ,2025-04-15,122962,1,16,0,424.0
10109772PRADALJ_2025-04-15_G16,10109772PRADALJ,2025-04-15,123520,1,8,0,512.0
10109772PRADALJ_2025-04-15_G17,10109772PRADALJ,2025-04-15,124477,1,8,0,579.0
10109772PRADALJ_2025-04-15_G18,10109772PRADALJ,2025-04-15,124476,1,8,0,243.0
10109772PRADALJ_2025-04-15_G19,10109772PRADALJ,2025-04-15,123889,1,4,0,470.0
10109772PRADALJ_2025-04-15_G20,10109772PRADALJ,2025-04-15,123343,1,30,0,908.0
10109772PRADALJ_2025-04-16_G02,10109772PRADALJ,2025-04-16,124476,1,2,0,452.0
10109772PRADALJ_2025-04-16_G03,10109772PRADALJ,2025-04-16,124486,1,8,0,94.0
10109772PRADALJ_2025-04-16_G04,10109772PRADALJ,2025-04-16,121760,1,5,0,371.0
10109772PRADALJ_2025-04-16_G05,10109772PRADALJ,2025-04-16,123344,1,1,0,2183.0
10109772PRADALJ_2025-04-16_G06,10109772PRADALJ,2025-04-16,122962,1,30,0,970.0
10109772PRADALJ_2025-04-16_G07,10109772PRADALJ,2025-04-16,121760,1,2,0,140.0
10109772PRADALJ_2025-04-16_G08,10109772PRADALJ,2025-04-16,124486,1,20,0,393.0
10109772PRADALJ_2025-04-16_G09,10109772PRADALJ,2025-04-16,124248,2,4,16,327.0
10109772PRADALJ_2025-04-16_G10,10109772PRADALJ,2025-04-16,120339,1,2,0,275.0
10109772PRADALJ_2025-04-16_G11,10109772PRADALJ,2025-04-16,123345,1,4,0,195.0
10109772PRADALJ_2025-04-16_G12,10109772PRADALJ,2025-04-16,122962,1,56,0,1378.0
10109772PRADALJ_2025-04-16_G14,10109772PRADALJ,2025-04-16,122962,1,24,0,1167.0
10109772PRADALJ_2025-04-16_G15,10109772PRADALJ,2025-04-16,121651,1,11,0,583.0
10109772PRADALJ_2025-04-16_G16,10109772PRADALJ,2025-04-16,121651,1,2,0,344.0
10109772PRADALJ_2025-04-16_G17,10109772PRADALJ,2025-04-16,117862,1,120,0,2490.0
10109772PRADALJ_2025-04-16_G18,10109772PRADALJ,2025-04-16,110339,1,79,0,903.0
10109772PRADALJ_2025-04-16_G19,10109772PRADALJ,2025-04-16,117861,1,60,0,339.0
10109772PRADALJ_2025-04-16_G20,10109772PRADALJ,2025-04-16,110733,1,23,0,558.0
10109772PRADALJ_2025-04-16_G21,10109772PRADALJ,2025-04-16,117856,1,30,0,446.0
10109772PRADALJ_2025-04-16_G22,10109772PRADALJ,2025-04-16,110515,1,47,0,695.0
10109772PRADALJ_2025-04-16_G23,10109772PRADALJ,2025-04-16,109640,1,60,0,427.0
10109772PRADALJ_2025-04-16_G24,10109772PRADALJ,2025-04-16,117788,1,5,0,142.0
10109772PRADALJ_2025-04-16_G25,10109772PRADALJ,2025-04-16,110711,1,20,0,185.0
10109772PRADALJ_2025-04-16_G26,10109772PRADALJ,2025-04-16,109645,1,60,0,1029.0
10109772PRADALJ_2025-04-16_G27,10109772PRADALJ,2025-04-16,110745,1,23,0,380.0
10109772PRADALJ_2025-04-16_G28,10109772PRADALJ,2025-04-16,111442,1,12,0,248.0
10109772PRADALJ_2025-04-16_G30,10109772PRADALJ,2025-04-16,117862,1,20,0,910.0
10109772PRADALJ_2025-04-16_G31,10109772PRADALJ,2025-04-16,110374,1,200,0,1077.0
10109772PRADALJ_2025-04-16_G32,10109772PRADALJ,2025-04-16,118299,1,400,0,1165.0
10109772PRADALJ_2025-04-17_G02,10109772PRADALJ,2025-04-17,110372,1,250,0,2174.0
10109772PRADALJ_2025-04-17_G03,10109772PRADALJ,2025-04-17,110373,1,200,0,1148.0
10109772PRADALJ_2025-04-17_G04,10109772PRADALJ,2025-04-17,110372,1,50,0,569.0
10109772PRADALJ_2025-04-17_G05,10109772PRADALJ,2025-04-17,111467,1,1,0,255.0
10109772PRADALJ_2025-04-17_G07,10109772PRADALJ,2025-04-17,110742,1,4,0,96.0
10109772PRADALJ_2025-04-17_G08,10109772PRADALJ,2025-04-17,111602,1,2,0,492.0
10109772PRADALJ_2025-04-17_G09,10109772PRADALJ,2025-04-17,109640,1,3,0,302.0
10109772PRADALJ_2025-04-17_G10,10109772PRADALJ,2025-04-17,118140,1,7,0,279.0
10109772PRADALJ_2025-04-17_G11,10109772PRADALJ,2025-04-17,111569,1,2,0,314.0
10109772PRADALJ_2025-04-17_G12,10109772PRADALJ,2025-04-17,109937,1,4,0,159.0
10109772PRADALJ_2025-04-17_G13,10109772PRADALJ,2025-04-17,111438,1,1,0,184.0
10109772PRADALJ_2025-04-17_G14,10109772PRADALJ,2025-04-17,111469,1,8,0,502.0
10109772PRADALJ_2025-04-17_G15,10109772PRADALJ,2025-04-17,111418,1,1,0,78.0
10109772PRADALJ_2025-04-17_G16,10109772PRADALJ,2025-04-17,118140,1,5,0,134.0
10109772PRADALJ_2025-04-17_G17,10109772PRADALJ,2025-04-17,110374,1,3,0,85.0
10109772PRADALJ_2025-04-17_G18,10109772PRADALJ,2025-04-17,110371,1,5,0,412.0
10109772PRADALJ_2025-04-17_G20,10109772PRADALJ,2025-04-17,123153,1,6,0,155.0
10109772PRADALJ_2025-04-17_G21,10109772PRADALJ,2025-04-17,123889,1,2,0,61.0
10109772PRADALJ_2025-04-17_G22,10109772PRADALJ,2025-04-17,123153,1,10,0,434.0
10109772PRADALJ_2025-04-17_G23,10109772PRADALJ,2025-04-17,123889,1,4,0,202.0
10109772PRADALJ_2025-04-17_G24,10109772PRADALJ,2025-04-17,123153,1,10,0,233.0
10109772PRADALJ_2025-04-17_G25,10109772PRADALJ,2025-04-17,124477,1,4,0,160.0
10109772PRADALJ_2025-04-17_G26,10109772PRADALJ,2025-04-17,121760,1,8,0,145.0
10109772PRADALJ_2025-04-17_G27,10109772PRADALJ,2025-04-17,123345,1,4,0,197.0
10109772PRADALJ_2025-04-17_G28,10109772PRADALJ,2025-04-17,120028,1,10,0,185.0
10109772PRADALJ_2025-04-17_G29,10109772PRADALJ,2025-04-17,122985,1,2,0,182.0
10109772PRADALJ_2025-04-17_G30,10109772PRADALJ,2025-04-17,121760,1,19,0,763.0
10109772PRADALJ_2025-04-17_G31,10109772PRADALJ,2025-04-17,120339,1,4,0,101.0
10109772PRADALJ_2025-04-18_G02,10109772PRADALJ,2025-04-18,123153,1,26,0,617.0
10109772PRADALJ_2025-04-18_G03,10109772PRADALJ,2025-04-18,123153,1,12,0,259.0
10109772PRADALJ_2025-04-18_G04,10109772PRADALJ,2025-04-18,123153,1,8,0,126.0
10109772PRADALJ_2025-04-18_G05,10109772PRADALJ,2025-04-18,123153,1,2,0,205.0
10109772PRADALJ_2025-04-18_G06,10109772PRADALJ,2025-04-18,122985,1,8,0,576.0
10109772PRADALJ_2025-04-18_G07,10109772PRADALJ,2025-04-18,122703,1,8,0,99.0
10109772PRADALJ_2025-04-18_G08,10109772PRADALJ,2025-04-18,121651,1,5,0,410.0
10109772PRADALJ_2025-04-18_G09,10109772PRADALJ,2025-04-18,121651,1,3,0,103.0
10109772PRADALJ_2025-04-18_G10,10109772PRADALJ,2025-04-18,123344,1,4,0,1378.0
10109772PRADALJ_2025-04-18_G11,10109772PRADALJ,2025-04-18,123344,1,3,0,168.0
10109772PRADALJ_2025-04-18_G12,10109772PRADALJ,2025-04-18,123344,1,2,0,169.0
10109772PRADALJ_2025-04-18_G13,10109772PRADALJ,2025-04-18,122985,1,9,0,120.0
10109772PRADALJ_2025-04-18_G14,10109772PRADALJ,2025-04-18,123345,1,6,0,265.0
10109772PRADALJ_2025-04-18_G15,10109772PRADALJ,2025-04-18,123153,1,9,0,224.0
10109772PRADALJ_2025-04-18_G16,10109772PRADALJ,2025-04-18,124477,1,4,0,159.0
10109772PRADALJ_2025-04-18_G17,10109772PRADALJ,2025-04-18,121760,1,10,0,388.0
10109772PRADALJ_2025-04-18_G18,10109772PRADALJ,2025-04-18,124477,1,6,0,205.0
10109772PRADALJ_2025-04-18_G20,10109772PRADALJ,2025-04-18,122962,1,8,0,178.0
10109772PRADALJ_2025-04-18_G21,10109772PRADALJ,2025-04-18,123344,1,5,0,467.0
10109772PRADALJ_2025-04-18_G22,10109772PRADALJ,2025-04-18,123153,1,20,0,680.0
10109772PRADALJ_2025-04-18_G23,10109772PRADALJ,2025-04-18,111569,1,16,0,1055.0
10109772PRADALJ_2025-04-18_G24,10109772PRADALJ,2025-04-18,117862,1,7,0,197.0
10109772PRADALJ_2025-04-18_G25,10109772PRADALJ,2025-04-18,107629,1,2,0,112.0
10109772PRADALJ_2025-04-18_G26,10109772PRADALJ,2025-04-18,117861,1,10,0,332.0
10109772PRADALJ_2025-04-18_G27,10109772PRADALJ,2025-04-18,110752,1,2,0,133.0
10109772PRADALJ_2025-04-18_G28,10109772PRADALJ,2025-04-18,117786,1,4,0,118.0
10109772PRADALJ_2025-04-18_G29,10109772PRADALJ,2025-04-18,111439,1,12,0,952.0
10109772PRADALJ_2025-04-18_G30,10109772PRADALJ,2025-04-18,117856,1,2,0,172.0
10109772PRADALJ_2025-04-18_G31,10109772PRADALJ,2025-04-18,111602,1,4,0,459.0
10109772PRADALJ_2025-04-18_G32,10109772PRADALJ,2025-04-18,111469,1,30,0,364.0
10109772PRADALJ_2025-04-18_G33,10109772PRADALJ,2025-04-18,118004,1,12,0,163.0
10109772PRADALJ_2025-04-18_G34,10109772PRADALJ,2025-04-18,111418,1,24,0,978.0
10109772PRADALJ_2025-04-18_G35,10109772PRADALJ,2025-04-18,111463,1,24,0,669.0
10109772PRADALJ_2025-04-18_G36,10109772PRADALJ,2025-04-18,111743,1,2,0,694.0
10109772PRADALJ_2025-04-18_G37,10109772PRADALJ,2025-04-18,117833,1,4,0,218.0
10109772PRADALJ_2025-04-18_G38,10109772PRADALJ,2025-04-18,140922,1,6,0,83.0
10109772PRADALJ_2025-04-18_G39,10109772PRADALJ,2025-04-18,109641,1,6,0,134.0
10109772PRADALJ_2025-04-18_G40,10109772PRADALJ,2025-04-18,111466,1,10,0,102.0
10109772PRADALJ_2025-04-18_G41,10109772PRADALJ,2025-04-18,111532,1,5,0,135.0
10109772PRADALJ_2025-04-18_G42,10109772PRADALJ,2025-04-18,111462,1,14,0,519.0
10109772PRADALJ_2025-04-18_G43,10109772PRADALJ,2025-04-18,118223,1,2,0,56.0
10109772PRADALJ_2025-04-18_G44,10109772PRADALJ,2025-04-18,117329,1,4,0,97.0
10109772PRADALJ_2025-04-18_G45,10109772PRADALJ,2025-04-18,118140,1,8,0,105.0
10109772PRADALJ_2025-04-18_G46,10109772PRADALJ,2025-04-18,118317,1,12,0,185.0
10109772PRADALJ_2025-04-20_G02,10109772PRADALJ,2025-04-20,111569,1,2,0,101.0
10109772PRADALJ_2025-04-20_G03,10109772PRADALJ,2025-04-20,117834,1,7,0,168.0
10109772PRADALJ_2025-04-20_G04,10109772PRADALJ,2025-04-20,117834,1,5,0,117.0
10109772PRADALJ_2025-04-20_G05,10109772PRADALJ,2025-04-20,111850,1,4,0,78.0
10109772PRADALJ_2025-04-20_G06,10109772PRADALJ,2025-04-20,117835,1,2,0,305.0
10109772PRADALJ_2025-04-20_G07,10109772PRADALJ,2025-04-20,117835,1,3,0,84.0
10109772PRADALJ_2025-04-20_G08,10109772PRADALJ,2025-04-20,117835,1,14,0,299.0
10109772PRADALJ_2025-04-20_G09,10109772PRADALJ,2025-04-20,111441,1,3,0,62.0
10109772PRADALJ_2025-04-20_G10,10109772PRADALJ,2025-04-20,110895,1,3,0,70.0
10109772PRADALJ_2025-04-20_G11,10109772PRADALJ,2025-04-20,110895,1,3,0,65.0
10109772PRADALJ_2025-04-20_G12,10109772PRADALJ,2025-04-20,111435,1,9,0,1900.0
10109772PRADALJ_2025-04-21_G02,10109772PRADALJ,2025-04-21,111469,1,16,0,127.0
10109772PRADALJ_2025-04-21_G03,10109772PRADALJ,2025-04-21,105705,1,5,0,174.0
10109772PRADALJ_2025-04-21_G04,10109772PRADALJ,2025-04-21,105705,1,4,0,133.0
10109772PRADALJ_2025-04-21_G05,10109772PRADALJ,2025-04-21,117833,1,17,0,213.0
10109772PRADALJ_2025-04-21_G06,10109772PRADALJ,2025-04-21,140922,1,7,0,93.0
10109772PRADALJ_2025-04-21_G07,10109772PRADALJ,2025-04-21,109641,1,4,0,1343.0
10109772PRADALJ_2025-04-21_G08,10109772PRADALJ,2025-04-21,109641,1,5,0,73.0
10109772PRADALJ_2025-04-21_G09,10109772PRADALJ,2025-04-21,117785,1,11,0,114.0
10109772PRADALJ_2025-04-21_G10,10109772PRADALJ,2025-04-21,111466,1,5,0,75.0
10109772PRADALJ_2025-04-21_G11,10109772PRADALJ,2025-04-21,111466,1,14,0,128.0
10109772PRADALJ_2025-04-21_G12,10109772PRADALJ,2025-04-21,111462,1,4,0,188.0
10109772PRADALJ_2025-04-21_G13,10109772PRADALJ,2025-04-21,109645,1,6,0,107.0
10109772PRADALJ_2025-04-21_G14,10109772PRADALJ,2025-04-21,118140,1,2,0,40.0
10109772PRADALJ_2025-04-21_G15,10109772PRADALJ,2025-04-21,118140,1,7,0,44.0
10109772PRADALJ_2025-04-21_G16,10109772PRADALJ,2025-04-21,110745,1,11,0,116.0
10109772PRADALJ_2025-04-21_G17,10109772PRADALJ,2025-04-21,111330,1,3,0,57.0
10109772PRADALJ_2025-04-21_G18,10109772PRADALJ,2025-04-21,160055,1,4,0,137.0
10109772PRADALJ_2025-04-21_G19,10109772PRADALJ,2025-04-21,110787,1,3,0,82.0
10109772PRADALJ_2025-04-21_G20,10109772PRADALJ,2025-04-21,111465,1,13,0,348.0
10109772PRADALJ_2025-04-21_G21,10109772PRADALJ,2025-04-21,111463,1,11,0,367.0
10109772PRADALJ_2025-04-21_G22,10109772PRADALJ,2025-04-21,108794,1,5,0,214.0
10109772PRADALJ_2025-04-21_G23,10109772PRADALJ,2025-04-21,111463,1,2,0,105.0
10109772PRADALJ_2025-04-21_G24,10109772PRADALJ,2025-04-21,111463,1,47,0,490.0
10109772PRADALJ_2025-04-21_G25,10109772PRADALJ,2025-04-21,117821,1,11,0,89.0
10109772PRADALJ_2025-04-21_G26,10109772PRADALJ,2025-04-21,117821,1,4,0,36.0
10109772PRADALJ_2025-04-21_G27,10109772PRADALJ,2025-04-21,111418,1,26,0,344.0
10109772PRADALJ_2025-04-21_G28,10109772PRADALJ,2025-04-21,111418,1,31,0,677.0
10109772PRADALJ_2025-04-21_G30,10109772PRADALJ,2025-04-21,111441,1,31,0,569.0
10109772PRADALJ_2025-04-21_G31,10109772PRADALJ,2025-04-21,109937,1,6,0,283.0
10109772PRADALJ_2025-04-21_G32,10109772PRADALJ,2025-04-21,111430,1,8,0,222.0
10109772PRADALJ_2025-04-21_G33,10109772PRADALJ,2025-04-21,117855,1,4,0,861.0
10109772PRADALJ_2025-04-21_G34,10109772PRADALJ,2025-04-21,117856,1,1,0,367.0
10109772PRADALJ_2025-04-21_G35,10109772PRADALJ,2025-04-21,117786,1,3,0,58.0
10109772PRADALJ_2025-04-21_G36,10109772PRADALJ,2025-04-21,117831,1,15,0,426.0
10109772PRADALJ_2025-04-21_G37,10109772PRADALJ,2025-04-21,111469,1,14,0,237.0
10109772PRADALJ_2025-04-21_G38,10109772PRADALJ,2025-04-21,117821,1,16,0,588.0
10109772PRADALJ_2025-04-21_G39,10109772PRADALJ,2025-04-21,118004,1,1,0,36.0
10109772PRADALJ_2025-04-21_G40,10109772PRADALJ,2025-04-21,116241,1,6,0,154.0
10109772PRADALJ_2025-04-21_G41,10109772PRADALJ,2025-04-21,108794,1,2,0,122.0
10109772PRADALJ_2025-04-21_G42,10109772PRADALJ,2025-04-21,111532,1,9,0,639.0
10109772PRADALJ_2025-04-21_G43,10109772PRADALJ,2025-04-21,111462,1,2,0,40.0
10109772PRADALJ_2025-04-21_G44,10109772PRADALJ,2025-04-21,118317,1,5,0,174.0
10109772PRADALJ_2025-04-21_G45,10109772PRADALJ,2025-04-21,110740,1,3,0,78.0
10109772PRADALJ_2025-04-21_G46,10109772PRADALJ,2025-04-21,110787,1,17,0,195.0
10109772PRADALJ_2025-04-21_G47,10109772PRADALJ,2025-04-21,117830,1,26,0,971.0
10109772PRADALJ_2025-04-21_G48,10109772PRADALJ,2025-04-21,110325,1,8,0,330.0
10109772PRADALJ_2025-04-21_G49,10109772PRADALJ,2025-04-21,110374,1,19,0,179.0
10109772PRADALJ_2025-04-21_G50,10109772PRADALJ,2025-04-21,117832,1,9,0,193.0
10109772PRADALJ_2025-04-21_G51,10109772PRADALJ,2025-04-21,109643,1,5,0,112.0
10109772PRADALJ_2025-04-21_G52,10109772PRADALJ,2025-04-21,117808,1,50,0,1368.0
10109772PRADALJ_2025-04-21_G53,10109772PRADALJ,2025-04-21,117830,1,24,0,108.0
10109772PRADALJ_2025-04-21_G54,10109772PRADALJ,2025-04-21,109640,1,8,0,1299.0
10109772PRADALJ_2025-04-21_G55,10109772PRADALJ,2025-04-21,111430,1,4,0,166.0
10109772PRADALJ_2025-04-21_G57,10109772PRADALJ,2025-04-21,122985,1,16,0,389.0
10109772PRADALJ_2025-04-22_G02,10109772PRADALJ,2025-04-22,122962,1,10,0,1780.0
10109772PRADALJ_2025-04-22_G03,10109772PRADALJ,2025-04-22,123153,1,20,0,208.0
10109772PRADALJ_2025-04-22_G04,10109772PRADALJ,2025-04-22,123153,1,20,0,147.0
10109772PRADALJ_2025-04-22_G05,10109772PRADALJ,2025-04-22,122185,1,10,0,560.0
10109772PRADALJ_2025-04-22_G06,10109772PRADALJ,2025-04-22,124486,1,24,0,325.0
10109772PRADALJ_2025-04-22_G08,10109772PRADALJ,2025-04-22,117831,1,8,0,1091.0
10109772PRADALJ_2025-04-22_G09,10109772PRADALJ,2025-04-22,109641,1,6,0,224.0
10109772PRADALJ_2025-04-22_G10,10109772PRADALJ,2025-04-22,109641,1,8,0,134.0
10109772PRADALJ_2025-04-22_G11,10109772PRADALJ,2025-04-22,116241,1,8,0,151.0
10109772PRADALJ_2025-04-22_G12,10109772PRADALJ,2025-04-22,117835,1,4,0,1782.0
10109772PRADALJ_2025-04-22_G13,10109772PRADALJ,2025-04-22,111441,1,10,0,539.0
10109772PRADALJ_2025-04-22_G14,10109772PRADALJ,2025-04-22,109937,1,4,0,511.0
10109772PRADALJ_2025-04-22_G15,10109772PRADALJ,2025-04-22,111433,1,2,0,471.0
10109772PRADALJ_2025-04-22_G16,10109772PRADALJ,2025-04-22,118004,1,4,0,56.0
10109772PRADALJ_2025-04-22_G17,10109772PRADALJ,2025-04-22,111418,1,8,0,62.0
10109772PRADALJ_2025-04-22_G18,10109772PRADALJ,2025-04-22,140922,1,10,0,134.0
10109772PRADALJ_2025-04-22_G19,10109772PRADALJ,2025-04-22,108798,2,2,9,146.0
10109772PRADALJ_2025-04-22_G20,10109772PRADALJ,2025-04-22,111466,1,8,0,713.0
10109772PRADALJ_2025-04-22_G21,10109772PRADALJ,2025-04-22,108798,1,2,0,126.0
10109772PRADALJ_2025-04-22_G22,10109772PRADALJ,2025-04-22,111532,1,4,0,154.0
10109772PRADALJ_2025-04-22_G23,10109772PRADALJ,2025-04-22,111462,1,7,0,104.0
10109772PRADALJ_2025-04-22_G24,10109772PRADALJ,2025-04-22,"117838, 111348",2,6,5,203.0
10109772PRADALJ_2025-04-22_G25,10109772PRADALJ,2025-04-22,111743,1,2,0,150.0
10109772PRADALJ_2025-04-22_G27,10109772PRADALJ,2025-04-22,117831,1,60,0,1120.0
10109772PRADALJ_2025-04-22_G28,10109772PRADALJ,2025-04-22,117787,1,13,0,291.0
10109772PRADALJ_2025-04-23_G02,10109772PRADALJ,2025-04-23,111418,1,195,0,1710.0
10109772PRADALJ_2025-04-23_G03,10109772PRADALJ,2025-04-23,108798,1,8,0,187.0
10109772PRADALJ_2025-04-23_G04,10109772PRADALJ,2025-04-23,111466,1,78,0,497.0
10109772PRADALJ_2025-04-23_G05,10109772PRADALJ,2025-04-23,111532,1,65,0,703.0
10109772PRADALJ_2025-04-23_G07,10109772PRADALJ,2025-04-23,117785,1,30,0,479.0
10109772PRADALJ_2025-04-23_G08,10109772PRADALJ,2025-04-23,105705,1,6,0,189.0
10109772PRADALJ_2025-04-23_G09,10109772PRADALJ,2025-04-23,118004,1,10,0,128.0
10109772PRADALJ_2025-04-23_G10,10109772PRADALJ,2025-04-23,111418,1,20,0,172.0
10109772PRADALJ_2025-04-23_G11,10109772PRADALJ,2025-04-23,111418,1,40,0,323.0
10109772PRADALJ_2025-04-23_G12,10109772PRADALJ,2025-04-23,108798,1,30,0,266.0
10109772PRADALJ_2025-04-23_G13,10109772PRADALJ,2025-04-23,116241,1,8,0,253.0
10109772PRADALJ_2025-04-23_G14,10109772PRADALJ,2025-04-23,116241,1,2,0,39.0
10109772PRADALJ_2025-04-23_G15,10109772PRADALJ,2025-04-23,108794,1,10,0,105.0
10109772PRADALJ_2025-04-23_G16,10109772PRADALJ,2025-04-23,111532,1,10,0,288.0
10109772PRADALJ_2025-04-23_G17,10109772PRADALJ,2025-04-23,109645,1,10,0,249.0
10109772PRADALJ_2025-04-23_G18,10109772PRADALJ,2025-04-23,118140,1,28,0,437.0
10109772PRADALJ_2025-04-23_G19,10109772PRADALJ,2025-04-23,110129,3,32,23,752.0
10109772PRADALJ_2025-04-23_G20,10109772PRADALJ,2025-04-23,110787,1,10,0,407.0
10109772PRADALJ_2025-04-23_G21,10109772PRADALJ,2025-04-23,117787,1,10,0,282.0
10109772PRADALJ_2025-04-23_G22,10109772PRADALJ,2025-04-23,111602,1,30,0,1228.0
10109772PRADALJ_2025-04-23_G23,10109772PRADALJ,2025-04-23,111602,1,40,0,287.0
10109772PRADALJ_2025-04-23_G24,10109772PRADALJ,2025-04-23,111467,1,10,0,324.0
10109772PRADALJ_2025-04-23_G25,10109772PRADALJ,2025-04-23,117856,1,10,0,123.0
10109772PRADALJ_2025-04-23_G26,10109772PRADALJ,2025-04-23,110515,1,20,0,224.0
10109772PRADALJ_2025-04-23_G27,10109772PRADALJ,2025-04-23,108772,1,30,0,503.0
10109772PRADALJ_2025-04-23_G28,10109772PRADALJ,2025-04-23,109640,1,4,0,331.0
10109772PRADALJ_2025-04-23_G29,10109772PRADALJ,2025-04-23,109640,1,16,0,1323.0
10109772PRADALJ_2025-04-23_G30,10109772PRADALJ,2025-04-23,110711,1,10,0,254.0
10109772PRADALJ_2025-04-23_G31,10109772PRADALJ,2025-04-23,118289,1,4,0,347.0
10109772PRADALJ_2025-04-23_G32,10109772PRADALJ,2025-04-23,110752,1,6,0,232.0
10109772PRADALJ_2025-04-23_G34,10109772PRADALJ,2025-04-23,117834,1,4,0,75.0
10109772PRADALJ_2025-04-23_G35,10109772PRADALJ,2025-04-23,111850,1,4,0,101.0
10109772PRADALJ_2025-04-23_G36,10109772PRADALJ,2025-04-23,118418,1,4,0,89.0
10109772PRADALJ_2025-04-23_G37,10109772PRADALJ,2025-04-23,118222,1,20,0,444.0
10109772PRADALJ_2025-04-23_G38,10109772PRADALJ,2025-04-23,115234,1,2,0,227.0
10109772PRADALJ_2025-04-23_G39,10109772PRADALJ,2025-04-23,109937,1,4,0,101.0
10109772PRADALJ_2025-04-23_G40,10109772PRADALJ,2025-04-23,140957,1,3,0,152.0
10109772PRADALJ_2025-04-23_G41,10109772PRADALJ,2025-04-23,111876,1,2,0,221.0
10109772PRADALJ_2025-04-23_G42,10109772PRADALJ,2025-04-23,117855,1,8,0,157.0
10109772PRADALJ_2025-04-23_G43,10109772PRADALJ,2025-04-23,111467,1,7,0,130.0
10109772PRADALJ_2025-04-23_G44,10109772PRADALJ,2025-04-23,117786,1,10,0,201.0
10109772PRADALJ_2025-04-23_G45,10109772PRADALJ,2025-04-23,108361,1,4,0,100.0
10109772PRADALJ_2025-04-23_G46,10109772PRADALJ,2025-04-23,117837,1,6,0,306.0
10109772PRADALJ_2025-04-23_G47,10109772PRADALJ,2025-04-23,117854,1,4,0,93.0
10109772PRADALJ_2025-04-23_G48,10109772PRADALJ,2025-04-23,111602,1,7,0,145.0
10109772PRADALJ_2025-04-23_G49,10109772PRADALJ,2025-04-23,110711,1,7,0,133.0
10109772PRADALJ_2025-04-24_G02,10109772PRADALJ,2025-04-24,111468,1,2,0,62.0
10109772PRADALJ_2025-04-24_G03,10109772PRADALJ,2025-04-24,111469,1,6,0,105.0
10109772PRADALJ_2025-04-24_G04,10109772PRADALJ,2025-04-24,108795,1,4,0,78.0
10109772PRADALJ_2025-04-24_G05,10109772PRADALJ,2025-04-24,117831,1,8,0,98.0
10109772PRADALJ_2025-04-24_G06,10109772PRADALJ,2025-04-24,140922,1,9,0,139.0
10109772PRADALJ_2025-04-24_G07,10109772PRADALJ,2025-04-24,111466,1,12,0,269.0
10109772PRADALJ_2025-04-24_G08,10109772PRADALJ,2025-04-24,108794,1,12,0,160.0
10109772PRADALJ_2025-04-24_G09,10109772PRADALJ,2025-04-24,109645,1,3,0,90.0
10109772PRADALJ_2025-04-24_G10,10109772PRADALJ,2025-04-24,111348,1,4,0,82.0
10109772PRADALJ_2025-04-24_G11,10109772PRADALJ,2025-04-24,108736,1,4,0,103.0
10109772PRADALJ_2025-04-24_G12,10109772PRADALJ,2025-04-24,111743,1,2,0,160.0
10109772PRADALJ_2025-04-24_G13,10109772PRADALJ,2025-04-24,111463,1,20,0,174.0
10109772PRADALJ_2025-04-24_G14,10109772PRADALJ,2025-04-24,117830,1,8,0,147.0
10109772PRADALJ_2025-04-24_G15,10109772PRADALJ,2025-04-24,110373,1,9,0,129.0
10109772PRADALJ_2025-04-24_G16,10109772PRADALJ,2025-04-24,"110372, 118299",2,70,18,1158.0
10109772PRADALJ_2025-04-24_G17,10109772PRADALJ,2025-04-24,110711,1,1,0,343.0
10109772PRADALJ_2025-04-24_G18,10109772PRADALJ,2025-04-24,111851,1,6,0,594.0
10109772PRADALJ_2025-04-24_G19,10109772PRADALJ,2025-04-24,118286,1,4,0,77.0
10109772PRADALJ_2025-04-24_G20,10109772PRADALJ,2025-04-24,111793,1,5,0,426.0
10109772PRADALJ_2025-04-24_G21,10109772PRADALJ,2025-04-24,118253,1,20,0,503.0
10109772PRADALJ_2025-04-24_G22,10109772PRADALJ,2025-04-24,110582,1,1,0,152.0
10109772PRADALJ_2025-04-24_G23,10109772PRADALJ,2025-04-24,118418,1,6,0,115.0
10109772PRADALJ_2025-04-24_G24,10109772PRADALJ,2025-04-24,118290,1,7,0,143.0
10109772PRADALJ_2025-04-24_G25,10109772PRADALJ,2025-04-24,109937,1,8,0,366.0
10109772PRADALJ_2025-04-24_G26,10109772PRADALJ,2025-04-24,107254,1,2,0,71.0
10109772PRADALJ_2025-04-24_G27,10109772PRADALJ,2025-04-24,140911,1,2,0,205.0
10109772PRADALJ_2025-04-24_G28,10109772PRADALJ,2025-04-24,111705,1,5,0,573.0
10109772PRADALJ_2025-04-24_G29,10109772PRADALJ,2025-04-24,"108031, 110583, 117789, 110464, 110579",5,18,25,113.0
10109772PRADALJ_2025-04-24_G31,10109772PRADALJ,2025-04-24,111469,1,20,0,1380.0
10109772PRADALJ_2025-04-24_G32,10109772PRADALJ,2025-04-24,117821,1,12,0,618.0
10109772PRADALJ_2025-04-24_G33,10109772PRADALJ,2025-04-24,111418,1,30,0,711.0
10109772PRADALJ_2025-04-24_G34,10109772PRADALJ,2025-04-24,118004,1,12,0,126.0
10109772PRADALJ_2025-04-24_G35,10109772PRADALJ,2025-04-24,117833,1,20,0,234.0
10109772PRADALJ_2025-04-24_G36,10109772PRADALJ,2025-04-24,140922,1,20,0,180.0
10109772PRADALJ_2025-04-24_G37,10109772PRADALJ,2025-04-24,111172,1,12,0,85.0
10109772PRADALJ_2025-04-24_G38,10109772PRADALJ,2025-04-24,108794,1,40,0,531.0
10109772PRADALJ_2025-04-24_G39,10109772PRADALJ,2025-04-24,110745,1,7,0,331.0
10109772PRADALJ_2025-04-24_G40,10109772PRADALJ,2025-04-24,141047,1,8,0,199.0
10109772PRADALJ_2025-04-24_G41,10109772PRADALJ,2025-04-24,110756,1,4,0,131.0
10109772PRADALJ_2025-04-24_G42,10109772PRADALJ,2025-04-24,110313,1,20,0,203.0
10109772PRADALJ_2025-04-24_G43,10109772PRADALJ,2025-04-24,"111602, 117854",2,58,26,874.0
10109772PRADALJ_2025-04-24_G44,10109772PRADALJ,2025-04-24,110733,1,12,0,254.0
10109772PRADALJ_2025-04-24_G45,10109772PRADALJ,2025-04-24,108794,1,20,0,2071.0
10109772PRADALJ_2025-04-24_G46,10109772PRADALJ,2025-04-24,111430,1,4,0,267.0
10109772PRADALJ_2025-04-24_G47,10109772PRADALJ,2025-04-24,109647,1,4,0,81.0
10109772PRADALJ_2025-04-24_G48,10109772PRADALJ,2025-04-24,108772,1,2,0,130.0
10109772PRADALJ_2025-04-24_G49,10109772PRADALJ,2025-04-24,117854,1,4,0,65.0
10109772PRADALJ_2025-04-24_G50,10109772PRADALJ,2025-04-24,116241,1,6,0,315.0
10109772PRADALJ_2025-04-24_G51,10109772PRADALJ,2025-04-24,117854,1,4,0,557.0
10109772PRADALJ_2025-04-24_G52,10109772PRADALJ,2025-04-24,111430,1,2,0,117.0
10109772PRADALJ_2025-04-25_G02,10109772PRADALJ,2025-04-25,110534,1,3,0,996.0
10109772PRADALJ_2025-04-25_G03,10109772PRADALJ,2025-04-25,110464,1,2,0,118.0
10109772PRADALJ_2025-04-25_G04,10109772PRADALJ,2025-04-25,109495,1,1,0,49.0
10109772PRADALJ_2025-04-25_G05,10109772PRADALJ,2025-04-25,103148,1,2,0,141.0
10109772PRADALJ_2025-04-25_G06,10109772PRADALJ,2025-04-25,110733,1,3,0,135.0
10109772PRADALJ_2025-04-25_G07,10109772PRADALJ,2025-04-25,117935,1,4,0,135.0
10109772PRADALJ_2025-04-25_G08,10109772PRADALJ,2025-04-25,117855,1,4,0,91.0
10109772PRADALJ_2025-04-25_G09,10109772PRADALJ,2025-04-25,117856,1,4,0,69.0
10109772PRADALJ_2025-04-25_G10,10109772PRADALJ,2025-04-25,117786,1,8,0,84.0
10109772PRADALJ_2025-04-25_G11,10109772PRADALJ,2025-04-25,111602,1,2,0,77.0
10109772PRADALJ_2025-04-25_G12,10109772PRADALJ,2025-04-25,101217,1,4,0,63.0
10109772PRADALJ_2025-04-25_G13,10109772PRADALJ,2025-04-25,110711,1,6,0,126.0
10109772PRADALJ_2025-04-25_G14,10109772PRADALJ,2025-04-25,111469,1,3,0,112.0
10109772PRADALJ_2025-04-25_G15,10109772PRADALJ,2025-04-25,117833,1,2,0,66.0
10109772PRADALJ_2025-04-25_G16,10109772PRADALJ,2025-04-25,140922,1,7,0,87.0
10109772PRADALJ_2025-04-25_G17,10109772PRADALJ,2025-04-25,111418,1,2,0,69.0
10109772PRADALJ_2025-04-25_G18,10109772PRADALJ,2025-04-25,117838,1,2,0,95.0
10109772PRADALJ_2025-04-26_G02,10109772PRADALJ,2025-04-26,110787,1,8,0,165.0
10109772PRADALJ_2025-04-26_G03,10109772PRADALJ,2025-04-26,110332,1,2,0,116.0
10109772PRADALJ_2025-04-26_G04,10109772PRADALJ,2025-04-26,110372,1,4,0,162.0
10109772PRADALJ_2025-04-26_G05,10109772PRADALJ,2025-04-26,103149,1,2,0,376.0
10109772PRADALJ_2025-04-26_G06,10109772PRADALJ,2025-04-26,110841,1,30,0,841.0
10109772PRADALJ_2025-04-26_G07,10109772PRADALJ,2025-04-26,108772,1,4,0,409.0
10109772PRADALJ_2025-04-26_G08,10109772PRADALJ,2025-04-26,111530,1,2,0,142.0
10109772PRADALJ_2025-04-26_G09,10109772PRADALJ,2025-04-26,108798,1,4,0,163.0
10109772PRADALJ_2025-04-26_G10,10109772PRADALJ,2025-04-26,111660,1,4,0,149.0
10109772PRADALJ_2025-04-26_G11,10109772PRADALJ,2025-04-26,111660,1,2,0,43.0
10109772PRADALJ_2025-04-26_G12,10109772PRADALJ,2025-04-26,108772,1,2,0,381.0
10109772PRADALJ_2025-04-26_G13,10109772PRADALJ,2025-04-26,111468,1,8,0,171.0
10109772PRADALJ_2025-04-26_G14,10109772PRADALJ,2025-04-26,110129,1,13,0,1428.0
10109772PRADALJ_2025-04-26_G15,10109772PRADALJ,2025-04-26,110750,1,1,0,283.0
10109772PRADALJ_2025-04-26_G16,10109772PRADALJ,2025-04-26,110129,1,11,0,385.0
10109772PRADALJ_2025-04-26_G17,10109772PRADALJ,2025-04-26,117935,1,3,0,377.0
10109772PRADALJ_2025-04-26_G18,10109772PRADALJ,2025-04-26,111602,1,6,0,160.0
10109772PRADALJ_2025-04-26_G19,10109772PRADALJ,2025-04-26,117935,1,6,0,302.0
10109772PRADALJ_2025-04-26_G20,10109772PRADALJ,2025-04-26,111530,1,8,0,190.0
10109772PRADALJ_2025-04-26_G22,10109772PRADALJ,2025-04-26,111444,1,2,0,150.0
10109772PRADALJ_2025-04-26_G23,10109772PRADALJ,2025-04-26,118094,1,8,0,699.0
10109772PRADALJ_2025-04-26_G24,10109772PRADALJ,2025-04-26,118094,1,8,0,797.0
10109772PRADALJ_2025-04-26_G25,10109772PRADALJ,2025-04-26,111530,1,6,0,207.0
10109772PRADALJ_2025-04-26_G26,10109772PRADALJ,2025-04-26,111444,1,4,0,154.0
10109772PRADALJ_2025-04-26_G27,10109772PRADALJ,2025-04-26,111660,1,1,0,272.0
10109772PRADALJ_2025-04-26_G28,10109772PRADALJ,2025-04-26,108772,1,30,0,633.0
10109772PRADALJ_2025-04-26_G29,10109772PRADALJ,2025-04-26,117854,1,2,0,283.0
10109772PRADALJ_2025-04-26_G30,10109772PRADALJ,2025-04-26,118289,1,4,0,138.0
10109772PRADALJ_2025-04-26_G31,10109772PRADALJ,2025-04-26,111444,1,10,0,198.0
10109772PRADALJ_2025-04-26_G32,10109772PRADALJ,2025-04-26,110833,1,1,0,660.0
10109772PRADALJ_2025-04-26_G33,10109772PRADALJ,2025-04-26,110311,1,4,0,219.0
10109772PRADALJ_2025-04-26_G34,10109772PRADALJ,2025-04-26,110579,1,5,0,127.0
10109772PRADALJ_2025-04-26_G35,10109772PRADALJ,2025-04-26,118110,1,2,0,328.0
10109772PRADALJ_2025-04-26_G36,10109772PRADALJ,2025-04-26,108772,1,3,0,502.0
10109772PRADALJ_2025-04-26_G37,10109772PRADALJ,2025-04-26,111530,1,12,0,196.0
10109772PRADALJ_2025-04-26_G38,10109772PRADALJ,2025-04-26,118094,1,4,0,67.0
10109772PRADALJ_2025-04-26_G39,10109772PRADALJ,2025-04-26,111530,1,10,0,709.0
10109772PRADALJ_2025-04-26_G40,10109772PRADALJ,2025-04-26,118094,1,2,0,52.0
10109772PRADALJ_2025-04-26_G41,10109772PRADALJ,2025-04-26,111650,1,8,0,135.0
10109772PRADALJ_2025-04-26_G42,10109772PRADALJ,2025-04-26,108772,1,7,0,87.0
10109772PRADALJ_2025-04-26_G43,10109772PRADALJ,2025-04-26,104534,1,30,0,680.0
10109772PRADALJ_2025-04-26_G44,10109772PRADALJ,2025-04-26,108772,1,2,0,121.0
10109772PRADALJ_2025-04-26_G45,10109772PRADALJ,2025-04-26,117808,1,6,0,246.0
10109772PRADALJ_2025-04-26_G46,10109772PRADALJ,2025-04-26,111793,1,2,0,345.0
10109772PRADALJ_2025-04-26_G47,10109772PRADALJ,2025-04-26,110416,1,2,0,252.0
10109772PRADALJ_2025-04-27_G02,10109772PRADALJ,2025-04-27,111441,1,24,0,510.0
10109772PRADALJ_2025-04-27_G03,10109772PRADALJ,2025-04-27,111441,1,56,0,616.0
10109772PRADALJ_2025-04-27_G04,10109772PRADALJ,2025-04-27,111441,1,62,0,499.0
10109772PRADALJ_2025-04-27_G05,10109772PRADALJ,2025-04-27,111441,1,38,0,595.0
10109772PRADALJ_2025-04-28_G02,10109772PRADALJ,2025-04-28,117862,1,30,0,299.0
10109772PRADALJ_2025-04-28_G03,10109772PRADALJ,2025-04-28,117861,1,30,0,667.0
10109772PRADALJ_2025-04-28_G04,10109772PRADALJ,2025-04-28,117855,1,12,0,1069.0
10109772PRADALJ_2025-04-28_G05,10109772PRADALJ,2025-04-28,111439,1,20,0,429.0
10109772PRADALJ_2025-04-28_G06,10109772PRADALJ,2025-04-28,117856,1,12,0,142.0
10109772PRADALJ_2025-04-28_G07,10109772PRADALJ,2025-04-28,111602,1,30,0,439.0
10109772PRADALJ_2025-04-28_G08,10109772PRADALJ,2025-04-28,117837,1,4,0,263.0
10109772PRADALJ_2025-04-28_G09,10109772PRADALJ,2025-04-28,108772,1,10,0,1413.0
10109772PRADALJ_2025-04-28_G10,10109772PRADALJ,2025-04-28,108772,1,2,0,97.0
10109772PRADALJ_2025-04-28_G11,10109772PRADALJ,2025-04-28,110374,1,30,0,691.0
10109772PRADALJ_2025-04-28_G13,10109772PRADALJ,2025-04-28,140911,1,6,0,164.0
10109772PRADALJ_2025-04-28_G14,10109772PRADALJ,2025-04-28,109974,1,2,0,72.0
10109772PRADALJ_2025-04-28_G15,10109772PRADALJ,2025-04-28,118094,1,8,0,121.0
10109772PRADALJ_2025-04-28_G16,10109772PRADALJ,2025-04-28,111876,1,6,0,107.0
10109772PRADALJ_2025-04-28_G17,10109772PRADALJ,2025-04-28,110733,1,8,0,202.0
10109772PRADALJ_2025-04-28_G18,10109772PRADALJ,2025-04-28,117855,1,20,0,298.0
10109772PRADALJ_2025-04-28_G19,10109772PRADALJ,2025-04-28,117856,1,7,0,83.0
10109772PRADALJ_2025-04-28_G20,10109772PRADALJ,2025-04-28,110515,1,20,0,501.0
10109772PRADALJ_2025-04-28_G21,10109772PRADALJ,2025-04-28,117854,1,16,0,197.0
10109772PRADALJ_2025-04-28_G22,10109772PRADALJ,2025-04-28,111602,1,30,0,347.0
10109772PRADALJ_2025-04-28_G23,10109772PRADALJ,2025-04-28,110740,1,6,0,1106.0
10109772PRADALJ_2025-04-28_G24,10109772PRADALJ,2025-04-28,117831,1,20,0,354.0
10109772PRADALJ_2025-04-28_G25,10109772PRADALJ,2025-04-28,117831,1,30,0,200.0
10109772PRADALJ_2025-04-28_G26,10109772PRADALJ,2025-04-28,111469,1,20,0,368.0
10109772PRADALJ_2025-04-28_G27,10109772PRADALJ,2025-04-28,111418,1,30,0,375.0
10109772PRADALJ_2025-04-28_G28,10109772PRADALJ,2025-04-28,111466,1,50,0,443.0
10109772PRADALJ_2025-04-28_G29,10109772PRADALJ,2025-04-28,117833,1,20,0,409.0
10109772PRADALJ_2025-04-28_G30,10109772PRADALJ,2025-04-28,111172,1,8,0,100.0
10109772PRADALJ_2025-04-28_G31,10109772PRADALJ,2025-04-28,118140,1,20,0,264.0
10109772PRADALJ_2025-04-28_G32,10109772PRADALJ,2025-04-28,111465,1,12,0,1299.0
10109772PRADALJ_2025-04-28_G34,10109772PRADALJ,2025-04-28,111660,1,13,0,242.0
10109772PRADALJ_2025-04-28_G35,10109772PRADALJ,2025-04-28,110742,1,4,0,110.0
10109772PRADALJ_2025-04-28_G36,10109772PRADALJ,2025-04-28,118222,1,4,0,309.0
10109772PRADALJ_2025-04-28_G37,10109772PRADALJ,2025-04-28,117835,1,4,0,92.0
10109772PRADALJ_2025-04-28_G38,10109772PRADALJ,2025-04-28,117835,1,8,0,80.0
10109772PRADALJ_2025-04-28_G39,10109772PRADALJ,2025-04-28,141047,1,4,0,231.0
10109772PRADALJ_2025-04-28_G40,10109772PRADALJ,2025-04-28,107629,1,4,0,67.0
10109772PRADALJ_2025-04-28_G41,10109772PRADALJ,2025-04-28,110752,1,4,0,99.0
10109772PRADALJ_2025-04-28_G42,10109772PRADALJ,2025-04-28,110515,1,4,0,107.0
10109772PRADALJ_2025-04-29_G02,10109772PRADALJ,2025-04-29,117854,1,12,0,468.0
10109772PRADALJ_2025-04-29_G03,10109772PRADALJ,2025-04-29,109640,1,10,0,863.0
10109772PRADALJ_2025-04-29_G04,10109772PRADALJ,2025-04-29,108795,1,4,0,146.0
10109772PRADALJ_2025-04-29_G05,10109772PRADALJ,2025-04-29,111463,1,8,0,108.0
10109772PRADALJ_2025-04-29_G06,10109772PRADALJ,2025-04-29,111462,1,4,0,52.0
10109772PRADALJ_2025-04-29_G07,10109772PRADALJ,2025-04-29,109641,1,4,0,260.0
10109772PRADALJ_2025-04-29_G08,10109772PRADALJ,2025-04-29,111172,1,8,0,96.0
10109772PRADALJ_2025-04-29_G09,10109772PRADALJ,2025-04-29,111444,1,10,0,669.0
10109772PRADALJ_2025-04-29_G10,10109772PRADALJ,2025-04-29,111444,1,10,0,50.0
10109772PRADALJ_2025-04-29_G11,10109772PRADALJ,2025-04-29,111418,1,40,0,881.0
10109772PRADALJ_2025-04-29_G12,10109772PRADALJ,2025-04-29,111418,1,70,0,502.0
10109772PRADALJ_2025-04-29_G13,10109772PRADALJ,2025-04-29,110745,1,16,0,204.0
10109772PRADALJ_2025-04-29_G14,10109772PRADALJ,2025-04-29,110745,1,4,0,55.0
10109772PRADALJ_2025-04-29_G15,10109772PRADALJ,2025-04-29,110787,1,8,0,304.0
10109772PRADALJ_2025-04-29_G16,10109772PRADALJ,2025-04-29,118140,1,20,0,146.0
10109772PRADALJ_2025-04-29_G17,10109772PRADALJ,2025-04-29,110371,1,26,0,258.0
10109772PRADALJ_2025-04-29_G18,10109772PRADALJ,2025-04-29,117809,1,20,0,267.0
10109772PRADALJ_2025-04-29_G19,10109772PRADALJ,2025-04-29,117809,1,40,0,245.0
10109772PRADALJ_2025-04-29_G20,10109772PRADALJ,2025-04-29,110372,1,20,0,154.0
10109772PRADALJ_2025-04-29_G21,10109772PRADALJ,2025-04-29,110373,1,8,0,158.0
10109772PRADALJ_2025-04-29_G22,10109772PRADALJ,2025-04-29,118299,1,100,0,394.0
10109772PRADALJ_2025-04-29_G23,10109772PRADALJ,2025-04-29,118299,1,26,0,116.0
10109772PRADALJ_2025-04-29_G24,10109772PRADALJ,2025-04-29,117808,1,100,0,852.0
10109772PRADALJ_2025-04-29_G25,10109772PRADALJ,2025-04-29,117808,1,300,0,153.0
10109772PRADALJ_2025-04-29_G27,10109772PRADALJ,2025-04-29,108772,1,2,0,287.0
10109772PRADALJ_2025-04-29_G28,10109772PRADALJ,2025-04-29,110339,1,4,0,96.0
10109772PRADALJ_2025-04-29_G29,10109772PRADALJ,2025-04-29,111467,1,8,0,127.0
10109772PRADALJ_2025-04-29_G30,10109772PRADALJ,2025-04-29,109647,1,5,0,127.0
10109772PRADALJ_2025-04-29_G31,10109772PRADALJ,2025-04-29,109640,1,3,0,123.0
10109772PRADALJ_2025-04-29_G32,10109772PRADALJ,2025-04-29,110711,1,8,0,210.0
10109772PRADALJ_2025-04-29_G33,10109772PRADALJ,2025-04-29,117855,1,50,0,1788.0
10109772PRADALJ_2025-04-29_G34,10109772PRADALJ,2025-04-29,117855,1,80,0,505.0
10109772PRADALJ_2025-04-29_G35,10109772PRADALJ,2025-04-29,111465,1,12,0,379.0
10109772PRADALJ_2025-04-29_G36,10109772PRADALJ,2025-04-29,110743,1,1,0,87.0
10109772PRADALJ_2025-04-29_G37,10109772PRADALJ,2025-04-29,105705,1,1,0,167.0
10109772PRADALJ_2025-04-29_G38,10109772PRADALJ,2025-04-29,111466,1,7,0,118.0
10109772PRADALJ_2025-04-29_G39,10109772PRADALJ,2025-04-29,111172,2,26,9,257.0
10109772PRADALJ_2025-04-29_G40,10109772PRADALJ,2025-04-29,111418,2,200,13,1284.0
10109772PRADALJ_2025-04-29_G41,10109772PRADALJ,2025-04-29,111418,1,20,0,39.0
10109772PRADALJ_2025-04-29_G42,10109772PRADALJ,2025-04-29,109645,1,9,0,459.0
10109772PRADALJ_2025-04-29_G43,10109772PRADALJ,2025-04-29,118140,1,8,0,119.0
10109772PRADALJ_2025-04-29_G44,10109772PRADALJ,2025-04-29,111348,1,9,0,106.0
10109772PRADALJ_2025-04-29_G45,10109772PRADALJ,2025-04-29,110129,1,10,0,315.0
10109772PRADALJ_2025-04-29_G46,10109772PRADALJ,2025-04-29,111532,1,50,0,316.0
10109772PRADALJ_2025-04-29_G47,10109772PRADALJ,2025-04-29,117820,1,10,0,439.0
10109772PRADALJ_2025-04-29_G48,10109772PRADALJ,2025-04-29,118299,1,10,0,202.0
10109772PRADALJ_2025-04-29_G49,10109772PRADALJ,2025-04-29,110375,1,8,0,138.0
10109772PRADALJ_2025-04-29_G50,10109772PRADALJ,2025-04-29,117808,1,4,0,123.0
10109772PRADALJ_2025-04-29_G51,10109772PRADALJ,2025-04-29,110371,2,90,16,361.0
10109772PRADALJ_2025-04-29_G53,10109772PRADALJ,2025-04-29,110747,1,2,0,291.0
10109772PRADALJ_2025-04-29_G54,10109772PRADALJ,2025-04-29,100334,1,2,0,169.0
10109772PRADALJ_2025-04-29_G55,10109772PRADALJ,2025-04-29,100334,1,2,0,54.0
10109772PRADALJ_2025-04-29_G56,10109772PRADALJ,2025-04-29,117853,1,4,0,154.0
10109772PRADALJ_2025-04-29_G57,10109772PRADALJ,2025-04-29,117853,1,3,0,83.0
10109772PRADALJ_2025-04-29_G58,10109772PRADALJ,2025-04-29,117855,1,4,0,83.0
10109772PRADALJ_2025-04-29_G59,10109772PRADALJ,2025-04-29,117856,1,4,0,59.0
10109772PRADALJ_2025-04-29_G60,10109772PRADALJ,2025-04-29,111602,1,8,0,616.0
10109772PRADALJ_2025-04-29_G61,10109772PRADALJ,2025-04-29,111602,1,16,0,84.0
10109772PRADALJ_2025-04-29_G62,10109772PRADALJ,2025-04-29,111743,1,4,0,256.0
10109772PRADALJ_2025-04-30_G02,10109772PRADALJ,2025-04-30,117841,2,8,13,40.0
10109772PRADALJ_2025-04-30_G03,10109772PRADALJ,2025-04-30,117831,1,10,0,372.0
10109772PRADALJ_2025-04-30_G04,10109772PRADALJ,2025-04-30,111463,3,33,27,199.0
10109772PRADALJ_2025-04-30_G05,10109772PRADALJ,2025-04-30,111469,1,10,0,482.0
10109772PRADALJ_2025-04-30_G06,10109772PRADALJ,2025-04-30,111469,1,8,0,38.0
10109772PRADALJ_2025-04-30_G07,10109772PRADALJ,2025-04-30,111469,1,6,0,40.0
10109772PRADALJ_2025-04-30_G08,10109772PRADALJ,2025-04-30,111462,1,19,0,159.0
10109772PRADALJ_2025-04-30_G09,10109772PRADALJ,2025-04-30,117787,1,3,0,80.0
10109772PRADALJ_2025-04-30_G10,10109772PRADALJ,2025-04-30,108711,1,4,0,46.0
10109772PRADALJ_2025-04-30_G11,10109772PRADALJ,2025-04-30,108711,1,9,0,62.0
10109772PRADALJ_2025-04-30_G12,10109772PRADALJ,2025-04-30,108711,1,6,0,52.0
10109772PRADALJ_2025-04-30_G13,10109772PRADALJ,2025-04-30,105705,1,2,0,53.0
10109772PRADALJ_2025-04-30_G14,10109772PRADALJ,2025-04-30,111466,1,5,0,186.0
10109772PRADALJ_2025-04-30_G15,10109772PRADALJ,2025-04-30,111466,1,3,0,67.0
10109772PRADALJ_2025-04-30_G16,10109772PRADALJ,2025-04-30,111466,1,2,0,526.0
10109772PRADALJ_2025-04-30_G17,10109772PRADALJ,2025-04-30,111466,1,4,0,43.0
10109772PRADALJ_2025-04-30_G18,10109772PRADALJ,2025-04-30,111532,1,16,0,517.0
10109772PRADALJ_2025-04-30_G19,10109772PRADALJ,2025-04-30,140922,1,8,0,147.0
10109772PRADALJ_2025-04-30_G20,10109772PRADALJ,2025-04-30,111418,1,4,0,91.0
10109772PRADALJ_2025-04-30_G21,10109772PRADALJ,2025-04-30,108794,1,10,0,88.0
10109772PRADALJ_2025-04-30_G22,10109772PRADALJ,2025-04-30,110748,1,2,0,69.0
10109772PRADALJ_2025-04-30_G23,10109772PRADALJ,2025-04-30,117838,1,2,0,67.0
10109772PRADALJ_2025-04-30_G24,10109772PRADALJ,2025-04-30,109645,1,2,0,54.0
10109772PRADALJ_2025-04-30_G25,10109772PRADALJ,2025-04-30,111442,1,7,0,92.0
10109772PRADALJ_2025-04-30_G26,10109772PRADALJ,2025-04-30,"110740, 110787",3,6,54,87.0
10109772PRADALJ_2025-04-30_G27,10109772PRADALJ,2025-04-30,107236,1,4,0,98.0
10109772PRADALJ_2025-04-30_G28,10109772PRADALJ,2025-04-30,107236,1,2,0,37.0
10109772PRADALJ_2025-04-30_G29,10109772PRADALJ,2025-04-30,117833,1,4,0,107.0
10109772PRADALJ_2025-04-30_G30,10109772PRADALJ,2025-04-30,110325,1,12,0,547.0
10109772PRADALJ_2025-04-30_G31,10109772PRADALJ,2025-04-30,110325,1,3,0,36.0
10109772PRADALJ_2025-04-30_G32,10109772PRADALJ,2025-04-30,117820,1,43,0,446.0
10109772PRADALJ_2025-04-30_G33,10109772PRADALJ,2025-04-30,117820,1,5,0,43.0
10109772PRADALJ_2025-04-30_G34,10109772PRADALJ,2025-04-30,117808,1,21,0,141.0
10109772PRADALJ_2025-04-30_G35,10109772PRADALJ,2025-04-30,117808,1,4,0,35.0
10109772PRADALJ_2025-04-30_G36,10109772PRADALJ,2025-04-30,117808,1,12,0,79.0
10109772PRADALJ_2025-04-30_G37,10109772PRADALJ,2025-04-30,110372,1,6,0,416.0
10109772PRADALJ_2025-04-30_G38,10109772PRADALJ,2025-04-30,110372,1,46,0,356.0
10109772PRADALJ_2025-04-30_G39,10109772PRADALJ,2025-04-30,110372,2,24,30,159.0
10109772PRADALJ_2025-04-30_G40,10109772PRADALJ,2025-04-30,117809,1,9,0,48.0
10109772PRADALJ_2025-04-30_G41,10109772PRADALJ,2025-04-30,110375,1,11,0,134.0
10109772PRADALJ_2025-04-30_G42,10109772PRADALJ,2025-04-30,110371,1,4,0,88.0
10109772PRADALJ_2025-04-30_G44,10109772PRADALJ,2025-04-30,110373,1,39,0,284.0
10109772PRADALJ_2025-04-30_G45,10109772PRADALJ,2025-04-30,110373,1,10,0,52.0
10109772PRADALJ_2025-04-30_G46,10109772PRADALJ,2025-04-30,118299,2,37,6,202.0
10109772PRADALJ_2025-04-30_G47,10109772PRADALJ,2025-04-30,100334,1,10,0,1863.0
10109772PRADALJ_2025-04-30_G48,10109772PRADALJ,2025-04-30,117841,1,4,0,145.0
10109772PRADALJ_2025-04-30_G49,10109772PRADALJ,2025-04-30,108711,1,33,0,231.0
10109772PRADALJ_2025-04-30_G50,10109772PRADALJ,2025-04-30,111441,1,4,0,451.0
10109772PRADALJ_2025-04-30_G51,10109772PRADALJ,2025-04-30,108770,1,4,0,141.0
10109772PRADALJ_2025-04-30_G52,10109772PRADALJ,2025-04-30,108711,1,9,0,178.0
10109772PRADALJ_2025-04-30_G53,10109772PRADALJ,2025-04-30,118140,1,8,0,193.0
10109772PRADALJ_2025-04-30_G54,10109772PRADALJ,2025-04-30,108711,1,5,0,182.0
10109772PRADALJ_2025-04-30_G55,10109772PRADALJ,2025-04-30,107236,1,4,0,161.0
10109772PRADALJ_2025-04-30_G56,10109772PRADALJ,2025-04-30,118094,1,14,0,378.0
10109772PRADALJ_2025-04-30_G57,10109772PRADALJ,2025-04-30,107892,1,2,0,176.0
10109772PRADALJ_2025-04-30_G58,10109772PRADALJ,2025-04-30,100334,1,4,0,185.0
10109772PRADALJ_2025-04-30_G59,10109772PRADALJ,2025-04-30,107892,1,1,0,154.0
10109772PRADALJ_2025-04-30_G60,10109772PRADALJ,2025-04-30,110755,1,4,0,209.0
10109772PRADALJ_2025-04-30_G61,10109772PRADALJ,2025-04-30,118222,1,2,0,73.0
10109772PRADALJ_2025-04-30_G62,10109772PRADALJ,2025-04-30,117853,1,2,0,799.0
10109772PRADALJ_2025-04-30_G63,10109772PRADALJ,2025-04-30,117856,1,4,0,105.0
10109772PRADALJ_2025-04-30_G64,10109772PRADALJ,2025-04-30,111530,1,8,0,109.0
10109772PRADALJ_2025-04-30_G65,10109772PRADALJ,2025-04-30,108795,1,4,0,137.0
10109772PRADALJ_2025-04-30_G66,10109772PRADALJ,2025-04-30,111418,1,8,0,136.0
10109772PRADALJ_2025-04-30_G67,10109772PRADALJ,2025-04-30,118317,1,4,0,133.0
10109772PRADALJ_2025-04-30_G68,10109772PRADALJ,2025-04-30,110740,1,2,0,114.0
10109772PRADALJ_2025-04-30_G69,10109772PRADALJ,2025-04-30,110787,1,1,0,51.0
10109772PRADALJ_2025-04-30_G70,10109772PRADALJ,2025-04-30,107236,1,4,0,44.0
10109772PRADALJ_2025-04-30_G71,10109772PRADALJ,2025-04-30,117808,1,4,0,143.0
10109772PRADALJ_2025-04-30_G72,10109772PRADALJ,2025-04-30,"110372, 117809",2,9,29,160.0
10109772PRADALJ_2025-04-30_G73,10109772PRADALJ,2025-04-30,117830,1,3,0,120.0
10109772PRADALJ_2025-05-01_G02,10109772PRADALJ,2025-05-01,109647,1,292,0,1183.0
10109772PRADALJ_2025-05-01_G03,10109772PRADALJ,2025-05-01,117854,1,19,0,582.0
10109772PRADALJ_2025-05-01_G04,10109772PRADALJ,2025-05-01,109649,1,186,0,920.0
10109772PRADALJ_2025-05-01_G05,10109772PRADALJ,2025-05-01,109647,1,216,0,2741.0
10109772PRADALJ_2025-05-01_G06,10109772PRADALJ,2025-05-01,111602,1,359,0,682.0
10109772PRADALJ_2025-05-01_G08,10109772PRADALJ,2025-05-01,108772,1,54,0,371.0
10109772PRADALJ_2025-05-01_G09,10109772PRADALJ,2025-05-01,111602,1,97,0,822.0
10109772PRADALJ_2025-05-01_G10,10109772PRADALJ,2025-05-01,110743,1,50,0,492.0
10109772PRADALJ_2025-05-06_G02,10109772PRADALJ,2025-05-06,120321,1,19,0,366.0
10109772PRADALJ_2025-05-06_G03,10109772PRADALJ,2025-05-06,122194,1,10,0,149.0
10109772PRADALJ_2025-05-06_G04,10109772PRADALJ,2025-05-06,123889,1,70,0,2313.0
10109772PRADALJ_2025-05-06_G05,10109772PRADALJ,2025-05-06,123909,1,60,0,1529.0
10109772PRADALJ_2025-05-06_G07,10109772PRADALJ,2025-05-06,111463,1,8,0,488.0
10109772PRADALJ_2025-05-06_G08,10109772PRADALJ,2025-05-06,118094,1,2,0,750.0
10109772PRADALJ_2025-05-06_G09,10109772PRADALJ,2025-05-06,110515,1,4,0,97.0
10109772PRADALJ_2025-05-06_G10,10109772PRADALJ,2025-05-06,111602,1,5,0,232.0
10109772PRADALJ_2025-05-06_G11,10109772PRADALJ,2025-05-06,111602,1,2,0,34.0
10109772PRADALJ_2025-05-06_G12,10109772PRADALJ,2025-05-06,117856,1,5,0,524.0
10109772PRADALJ_2025-05-06_G13,10109772PRADALJ,2025-05-06,117861,1,6,0,189.0
10109772PRADALJ_2025-05-06_G14,10109772PRADALJ,2025-05-06,141047,1,2,0,200.0
10109772PRADALJ_2025-05-06_G15,10109772PRADALJ,2025-05-06,141047,1,10,0,178.0
10109772PRADALJ_2025-05-06_G16,10109772PRADALJ,2025-05-06,117862,1,8,0,161.0
10109772PRADALJ_2025-05-06_G17,10109772PRADALJ,2025-05-06,107629,1,3,0,70.0
10109772PRADALJ_2025-05-06_G18,10109772PRADALJ,2025-05-06,110339,1,4,0,63.0
10109772PRADALJ_2025-05-06_G19,10109772PRADALJ,2025-05-06,111530,1,4,0,152.0
10109772PRADALJ_2025-05-06_G20,10109772PRADALJ,2025-05-06,111467,1,2,0,66.0
10109772PRADALJ_2025-05-06_G21,10109772PRADALJ,2025-05-06,117855,1,4,0,106.0
10109772PRADALJ_2025-05-06_G22,10109772PRADALJ,2025-05-06,111660,1,6,0,858.0
10109772PRADALJ_2025-05-06_G23,10109772PRADALJ,2025-05-06,110747,1,2,0,456.0
10109772PRADALJ_2025-05-06_G24,10109772PRADALJ,2025-05-06,111437,1,2,0,118.0
10109772PRADALJ_2025-05-06_G25,10109772PRADALJ,2025-05-06,110895,1,14,0,210.0
10109772PRADALJ_2025-05-06_G26,10109772PRADALJ,2025-05-06,110895,1,6,0,115.0
10109772PRADALJ_2025-05-06_G27,10109772PRADALJ,2025-05-06,108770,1,2,0,194.0
10109772PRADALJ_2025-05-06_G28,10109772PRADALJ,2025-05-06,117935,1,1,0,170.0
10109772PRADALJ_2025-05-06_G29,10109772PRADALJ,2025-05-06,117853,1,2,0,125.0
10109772PRADALJ_2025-05-06_G30,10109772PRADALJ,2025-05-06,111887,1,2,0,394.0
10109772PRADALJ_2025-05-06_G31,10109772PRADALJ,2025-05-06,117785,1,4,0,600.0
10109772PRADALJ_2025-05-06_G32,10109772PRADALJ,2025-05-06,108794,1,4,0,454.0
10109772PRADALJ_2025-05-06_G33,10109772PRADALJ,2025-05-06,110745,1,2,0,92.0
10109772PRADALJ_2025-05-06_G34,10109772PRADALJ,2025-05-06,110372,1,20,0,558.0
10109772PRADALJ_2025-05-06_G35,10109772PRADALJ,2025-05-06,110376,1,6,0,126.0
10109772PRADALJ_2025-05-06_G36,10109772PRADALJ,2025-05-06,117809,1,20,0,147.0
10109772PRADALJ_2025-05-06_G37,10109772PRADALJ,2025-05-06,109643,1,10,0,109.0
10109772PRADALJ_2025-05-07_G03,10109772PRADALJ,2025-05-07,110895,1,4,0,145.0
10109772PRADALJ_2025-05-07_G04,10109772PRADALJ,2025-05-07,107629,1,10,0,203.0
10109772PRADALJ_2025-05-07_G05,10109772PRADALJ,2025-05-07,110313,1,2,0,79.0
10109772PRADALJ_2025-05-07_G06,10109772PRADALJ,2025-05-07,117856,1,10,0,190.0
10109772PRADALJ_2025-05-07_G07,10109772PRADALJ,2025-05-07,110515,1,9,0,279.0
10109772PRADALJ_2025-05-07_G09,10109772PRADALJ,2025-05-07,110711,1,5,0,112.0
10109772PRADALJ_2025-05-07_G10,10109772PRADALJ,2025-05-07,109647,1,6,0,304.0
10109772PRADALJ_2025-05-07_G11,10109772PRADALJ,2025-05-07,111462,1,10,0,185.0
10109772PRADALJ_2025-05-07_G12,10109772PRADALJ,2025-05-07,118004,1,10,0,100.0
10109772PRADALJ_2025-05-07_G13,10109772PRADALJ,2025-05-07,111433,1,3,0,105.0
10109772PRADALJ_2025-05-07_G14,10109772PRADALJ,2025-05-07,108711,1,10,0,656.0
10109772PRADALJ_2025-05-07_G15,10109772PRADALJ,2025-05-07,108711,1,10,0,372.0
10109772PRADALJ_2025-05-07_G16,10109772PRADALJ,2025-05-07,108711,1,10,0,98.0
10109772PRADALJ_2025-05-07_G17,10109772PRADALJ,2025-05-07,105705,1,2,0,43.0
10109772PRADALJ_2025-05-07_G18,10109772PRADALJ,2025-05-07,110745,1,5,0,126.0
10109772PRADALJ_2025-05-07_G19,10109772PRADALJ,2025-05-07,111532,1,5,0,95.0
10109772PRADALJ_2025-05-07_G20,10109772PRADALJ,2025-05-07,140922,1,5,0,166.0
10109772PRADALJ_2025-05-07_G21,10109772PRADALJ,2025-05-07,109641,1,4,0,102.0
10109772PRADALJ_2025-05-07_G22,10109772PRADALJ,2025-05-07,111172,1,5,0,44.0
10109772PRADALJ_2025-05-07_G23,10109772PRADALJ,2025-05-07,141048,1,1,0,43.0
10109772PRADALJ_2025-05-07_G24,10109772PRADALJ,2025-05-07,111418,1,20,0,529.0
10109772PRADALJ_2025-05-07_G25,10109772PRADALJ,2025-05-07,117831,1,15,0,209.0
10109772PRADALJ_2025-05-07_G26,10109772PRADALJ,2025-05-07,110748,1,4,0,97.0
10109772PRADALJ_2025-05-07_G27,10109772PRADALJ,2025-05-07,118140,1,30,0,341.0
10109772PRADALJ_2025-05-07_G28,10109772PRADALJ,2025-05-07,111442,1,10,0,159.0
10109772PRADALJ_2025-05-07_G29,10109772PRADALJ,2025-05-07,107236,1,2,0,274.0
10109772PRADALJ_2025-05-07_G30,10109772PRADALJ,2025-05-07,107236,1,10,0,75.0
10109772PRADALJ_2025-05-07_G31,10109772PRADALJ,2025-05-07,107236,1,4,0,196.0
10109772PRADALJ_2025-05-07_G32,10109772PRADALJ,2025-05-07,110129,1,10,0,225.0
10109772PRADALJ_2025-05-07_G33,10109772PRADALJ,2025-05-07,118285,1,2,0,332.0
10109772PRADALJ_2025-05-07_G34,10109772PRADALJ,2025-05-07,118326,1,2,0,211.0
10109772PRADALJ_2025-05-08_G02,10109772PRADALJ,2025-05-08,111182,1,8,0,147.0
10109772PRADALJ_2025-05-08_G03,10109772PRADALJ,2025-05-08,105705,1,4,0,65.0
10109772PRADALJ_2025-05-08_G04,10109772PRADALJ,2025-05-08,110376,1,4,0,92.0
10109772PRADALJ_2025-05-08_G05,10109772PRADALJ,2025-05-08,111876,1,4,0,153.0
10109772PRADALJ_2025-05-08_G06,10109772PRADALJ,2025-05-08,110339,1,7,0,74.0
10109772PRADALJ_2025-05-08_G07,10109772PRADALJ,2025-05-08,110733,1,2,0,81.0
10109772PRADALJ_2025-05-08_G08,10109772PRADALJ,2025-05-08,117856,1,8,0,261.0
10109772PRADALJ_2025-05-08_G10,10109772PRADALJ,2025-05-08,123345,1,6,0,866.0
10109772PRADALJ_2025-05-08_G11,10109772PRADALJ,2025-05-08,122962,1,20,0,625.0
10109772PRADALJ_2025-05-08_G12,10109772PRADALJ,2025-05-08,124264,1,36,0,1407.0
10109772PRADALJ_2025-05-08_G13,10109772PRADALJ,2025-05-08,122188,1,2,0,482.0
10109772PRADALJ_2025-05-08_G14,10109772PRADALJ,2025-05-08,123889,1,40,0,871.0
10109772PRADALJ_2025-05-08_G15,10109772PRADALJ,2025-05-08,123909,1,20,0,269.0
10109772PRADALJ_2025-05-08_G16,10109772PRADALJ,2025-05-08,124486,1,17,0,518.0
10109772PRADALJ_2025-05-08_G17,10109772PRADALJ,2025-05-08,121760,1,12,0,275.0
10109772PRADALJ_2025-05-08_G18,10109772PRADALJ,2025-05-08,122671,1,4,0,255.0
10109772PRADALJ_2025-05-08_G19,10109772PRADALJ,2025-05-08,122962,1,8,0,190.0
10109772PRADALJ_2025-05-08_G20,10109772PRADALJ,2025-05-08,123909,1,2,0,163.0
10109772PRADALJ_2025-05-09_G02,10109772PRADALJ,2025-05-09,123153,1,20,0,853.0
10109772PRADALJ_2025-05-09_G04,10109772PRADALJ,2025-05-09,124370,1,3,0,77.0
10109772PRADALJ_2025-05-09_G05,10109772PRADALJ,2025-05-09,122647,1,2,0,395.0
10109772PRADALJ_2025-05-09_G06,10109772PRADALJ,2025-05-09,124371,1,14,0,272.0
10109772PRADALJ_2025-05-09_G07,10109772PRADALJ,2025-05-09,123889,1,4,0,231.0
10109772PRADALJ_2025-05-09_G09,10109772PRADALJ,2025-05-09,122962,1,50,0,1149.0
10109772PRADALJ_2025-05-09_G10,10109772PRADALJ,2025-05-09,122647,1,18,0,328.0
10109772PRADALJ_2025-05-09_G11,10109772PRADALJ,2025-05-09,121651,1,100,0,1969.0
10109772PRADALJ_2025-05-09_G12,10109772PRADALJ,2025-05-09,124371,1,20,0,637.0
10109772PRADALJ_2025-05-09_G13,10109772PRADALJ,2025-05-09,123562,1,12,0,366.0
10109772PRADALJ_2025-05-09_G14,10109772PRADALJ,2025-05-09,123560,1,4,0,50.0
10109772PRADALJ_2025-05-09_G15,10109772PRADALJ,2025-05-09,122984,1,30,0,806.0
10109772PRADALJ_2025-05-09_G16,10109772PRADALJ,2025-05-09,124247,1,5,0,1464.0
10109772PRADALJ_2025-05-09_G17,10109772PRADALJ,2025-05-09,124247,1,15,0,163.0
10109772PRADALJ_2025-05-09_G18,10109772PRADALJ,2025-05-09,124247,1,12,0,421.0
10109772PRADALJ_2025-05-09_G19,10109772PRADALJ,2025-05-09,122984,1,10,0,193.0
10109772PRADALJ_2025-05-09_G20,10109772PRADALJ,2025-05-09,124248,1,8,0,281.0
10109772PRADALJ_2025-05-09_G21,10109772PRADALJ,2025-05-09,122983,1,20,0,979.0
10109772PRADALJ_2025-05-09_G22,10109772PRADALJ,2025-05-09,124264,1,20,0,573.0
10109772PRADALJ_2025-05-09_G23,10109772PRADALJ,2025-05-09,123889,1,10,0,368.0
10109772PRADALJ_2025-05-10_G02,10109772PRADALJ,2025-05-10,123153,1,100,0,2633.0
10109772PRADALJ_2025-05-10_G03,10109772PRADALJ,2025-05-10,120339,1,30,0,937.0
10109772PRADALJ_2025-05-10_G04,10109772PRADALJ,2025-05-10,123520,1,6,0,383.0
10109772PRADALJ_2025-05-10_G05,10109772PRADALJ,2025-05-10,123345,1,6,0,879.0
10109772PRADALJ_2025-05-10_G06,10109772PRADALJ,2025-05-10,122981,1,15,0,252.0
10109772PRADALJ_2025-05-10_G07,10109772PRADALJ,2025-05-10,124247,1,16,0,314.0
10109772PRADALJ_2025-05-11_G02,10109772PRADALJ,2025-05-11,100334,1,50,0,586.0
10109772PRADALJ_2025-05-11_G03,10109772PRADALJ,2025-05-11,118222,1,18,0,512.0
10109772PRADALJ_2025-05-11_G04,10109772PRADALJ,2025-05-11,111569,1,24,0,328.0
10109772PRADALJ_2025-05-11_G05,10109772PRADALJ,2025-05-11,111438,1,40,0,514.0
10109772PRADALJ_2025-05-11_G06,10109772PRADALJ,2025-05-11,117855,1,14,0,411.0
10109772PRADALJ_2025-05-11_G07,10109772PRADALJ,2025-05-11,111530,1,25,0,307.0
10109772PRADALJ_2025-05-11_G08,10109772PRADALJ,2025-05-11,117786,1,6,0,118.0
10109772PRADALJ_2025-05-11_G09,10109772PRADALJ,2025-05-11,110515,1,24,0,282.0
10109772PRADALJ_2025-05-11_G10,10109772PRADALJ,2025-05-11,110740,1,8,0,559.0
10109772PRADALJ_2025-05-11_G11,10109772PRADALJ,2025-05-11,111469,1,80,0,416.0
10109772PRADALJ_2025-05-11_G12,10109772PRADALJ,2025-05-11,111462,1,12,0,210.0
10109772PRADALJ_2025-05-11_G13,10109772PRADALJ,2025-05-11,117785,1,15,0,314.0
10109772PRADALJ_2025-05-11_G14,10109772PRADALJ,2025-05-11,140922,1,20,0,668.0
10109772PRADALJ_2025-05-11_G15,10109772PRADALJ,2025-05-11,117821,1,30,0,317.0
10109772PRADALJ_2025-05-11_G16,10109772PRADALJ,2025-05-11,111463,1,3,0,54.0
10109772PRADALJ_2025-05-11_G17,10109772PRADALJ,2025-05-11,111466,1,21,0,202.0
10109772PRADALJ_2025-05-11_G18,10109772PRADALJ,2025-05-11,111532,1,19,0,491.0
10109772PRADALJ_2025-05-11_G19,10109772PRADALJ,2025-05-11,108794,1,8,0,161.0
10109772PRADALJ_2025-05-11_G20,10109772PRADALJ,2025-05-11,118140,1,31,0,858.0
10109772PRADALJ_2025-05-11_G21,10109772PRADALJ,2025-05-11,111418,1,52,0,1390.0
10109772PRADALJ_2025-05-12_G02,10109772PRADALJ,2025-05-12,"118094, 107629, 110339",3,21,45,530.0
10109772PRADALJ_2025-05-12_G03,10109772PRADALJ,2025-05-12,"117855, 111439, 111530",3,44,36,83.0
10109772PRADALJ_2025-05-12_G04,10109772PRADALJ,2025-05-12,118299,1,55,0,593.0
10109772PRADALJ_2025-05-12_G05,10109772PRADALJ,2025-05-12,110373,1,13,0,99.0
10109772PRADALJ_2025-05-12_G06,10109772PRADALJ,2025-05-12,110374,1,12,0,96.0
10109772PRADALJ_2025-05-12_G07,10109772PRADALJ,2025-05-12,110372,1,24,0,164.0
10109772PRADALJ_2025-05-12_G08,10109772PRADALJ,2025-05-12,117830,1,50,0,445.0
10109772PRADALJ_2025-05-12_G09,10109772PRADALJ,2025-05-12,110371,1,20,0,244.0
10109772PRADALJ_2025-05-12_G10,10109772PRADALJ,2025-05-12,117809,1,5,0,66.0
10109772PRADALJ_2025-05-12_G11,10109772PRADALJ,2025-05-12,109643,1,3,0,51.0
10109772PRADALJ_2025-05-12_G12,10109772PRADALJ,2025-05-12,110325,1,3,0,3277.0
10109772PRADALJ_2025-05-12_G13,10109772PRADALJ,2025-05-12,117820,1,7,0,76.0
10109772PRADALJ_2025-05-12_G14,10109772PRADALJ,2025-05-12,110374,1,1,0,78.0
10109772PRADALJ_2025-05-12_G15,10109772PRADALJ,2025-05-12,110372,1,4,0,589.0
10109772PRADALJ_2025-05-12_G16,10109772PRADALJ,2025-05-12,110376,1,4,0,105.0
10109772PRADALJ_2025-05-12_G17,10109772PRADALJ,2025-05-12,117830,1,1,0,59.0
10109772PRADALJ_2025-05-12_G18,10109772PRADALJ,2025-05-12,111469,1,7,0,169.0
10109772PRADALJ_2025-05-12_G19,10109772PRADALJ,2025-05-12,111462,1,4,0,47.0
10109772PRADALJ_2025-05-12_G20,10109772PRADALJ,2025-05-12,111433,1,2,0,54.0
10109772PRADALJ_2025-05-12_G21,10109772PRADALJ,2025-05-12,118140,1,5,0,95.0
10109772PRADALJ_2025-05-12_G22,10109772PRADALJ,2025-05-12,111466,1,11,0,122.0
10109772PRADALJ_2025-05-12_G23,10109772PRADALJ,2025-05-12,111532,1,4,0,464.0
10109772PRADALJ_2025-05-12_G24,10109772PRADALJ,2025-05-12,111418,1,8,0,535.0
10109772PRADALJ_2025-05-12_G26,10109772PRADALJ,2025-05-12,109647,1,13,0,577.0
10109772PRADALJ_2025-05-12_G27,10109772PRADALJ,2025-05-12,118403,1,8,0,158.0
10109772PRADALJ_2025-05-12_G28,10109772PRADALJ,2025-05-12,117855,1,30,0,445.0
10109772PRADALJ_2025-05-12_G29,10109772PRADALJ,2025-05-12,117853,1,25,0,892.0
10109772PRADALJ_2025-05-12_G30,10109772PRADALJ,2025-05-12,111602,1,30,0,379.0
10109772PRADALJ_2025-05-12_G31,10109772PRADALJ,2025-05-12,110743,1,3,0,467.0
10109772PRADALJ_2025-05-12_G32,10109772PRADALJ,2025-05-12,111743,1,7,0,253.0
10109772PRADALJ_2025-05-12_G33,10109772PRADALJ,2025-05-12,111468,1,17,0,262.0
10109772PRADALJ_2025-05-12_G34,10109772PRADALJ,2025-05-12,111462,1,21,0,712.0
10109772PRADALJ_2025-05-12_G35,10109772PRADALJ,2025-05-12,118140,1,35,0,670.0
10109772PRADALJ_2025-05-12_G36,10109772PRADALJ,2025-05-12,105705,1,19,0,327.0
10109772PRADALJ_2025-05-12_G37,10109772PRADALJ,2025-05-12,140922,1,29,0,318.0
10109772PRADALJ_2025-05-12_G38,10109772PRADALJ,2025-05-12,111463,1,40,0,653.0
10109772PRADALJ_2025-05-12_G39,10109772PRADALJ,2025-05-12,111532,1,36,0,240.0
10109772PRADALJ_2025-05-12_G40,10109772PRADALJ,2025-05-12,111418,1,20,0,335.0
10109772PRADALJ_2025-05-12_G41,10109772PRADALJ,2025-05-12,111348,1,9,0,313.0
10109772PRADALJ_2025-05-12_G42,10109772PRADALJ,2025-05-12,111330,1,16,0,495.0
10109772PRADALJ_2025-05-12_G43,10109772PRADALJ,2025-05-12,118317,1,10,0,274.0
10109772PRADALJ_2025-05-12_G44,10109772PRADALJ,2025-05-12,110787,1,16,0,291.0
10109772PRADALJ_2025-05-12_G45,10109772PRADALJ,2025-05-12,111465,1,17,0,173.0
10109772PRADALJ_2025-05-12_G46,10109772PRADALJ,2025-05-12,110376,1,10,0,157.0
10109772PRADALJ_2025-05-13_G02,10109772PRADALJ,2025-05-13,109643,1,20,0,300.0
10109772PRADALJ_2025-05-13_G03,10109772PRADALJ,2025-05-13,117820,1,55,0,723.0
10109772PRADALJ_2025-05-13_G04,10109772PRADALJ,2025-05-13,107830,1,29,0,359.0
10109772PRADALJ_2025-05-13_G05,10109772PRADALJ,2025-05-13,118299,1,250,0,882.0
10109772PRADALJ_2025-05-13_G06,10109772PRADALJ,2025-05-13,100334,1,12,0,1024.0
10109772PRADALJ_2025-05-13_G07,10109772PRADALJ,2025-05-13,110755,2,15,30,390.0
10109772PRADALJ_2025-05-13_G08,10109772PRADALJ,2025-05-13,111569,1,6,0,326.0
10109772PRADALJ_2025-05-13_G09,10109772PRADALJ,2025-05-13,110895,2,24,8,476.0
10109772PRADALJ_2025-05-13_G10,10109772PRADALJ,2025-05-13,111438,1,30,0,684.0
10109772PRADALJ_2025-05-13_G11,10109772PRADALJ,2025-05-13,110325,1,7,0,501.0
10109772PRADALJ_2025-05-13_G12,10109772PRADALJ,2025-05-13,117820,2,54,18,375.0
10109772PRADALJ_2025-05-13_G13,10109772PRADALJ,2025-05-13,110373,1,114,0,504.0
10109772PRADALJ_2025-05-13_G14,10109772PRADALJ,2025-05-13,110373,1,4,0,205.0
10109772PRADALJ_2025-05-13_G15,10109772PRADALJ,2025-05-13,110372,1,42,0,270.0
10109772PRADALJ_2025-05-13_G16,10109772PRADALJ,2025-05-13,110372,1,2,0,32.0
10109772PRADALJ_2025-05-13_G17,10109772PRADALJ,2025-05-13,118299,1,40,0,291.0
10109772PRADALJ_2025-05-13_G18,10109772PRADALJ,2025-05-13,110371,1,38,0,411.0
10109772PRADALJ_2025-05-13_G20,10109772PRADALJ,2025-05-13,124477,1,65,0,1622.0
10109772PRADALJ_2025-05-13_G21,10109772PRADALJ,2025-05-13,122962,1,17,0,1334.0
10109772PRADALJ_2025-05-13_G22,10109772PRADALJ,2025-05-13,123520,1,4,0,414.0
10109772PRADALJ_2025-05-13_G23,10109772PRADALJ,2025-05-13,124476,1,20,0,417.0
10109772PRADALJ_2025-05-13_G24,10109772PRADALJ,2025-05-13,124370,1,40,0,836.0
10109772PRADALJ_2025-05-13_G25,10109772PRADALJ,2025-05-13,120271,1,18,0,370.0
10109772PRADALJ_2025-05-13_G26,10109772PRADALJ,2025-05-13,124247,1,22,0,175.0
10109772PRADALJ_2025-05-13_G27,10109772PRADALJ,2025-05-13,121923,1,4,0,148.0
10109772PRADALJ_2025-05-13_G28,10109772PRADALJ,2025-05-13,120272,1,10,0,188.0
10109772PRADALJ_2025-05-14_G02,10109772PRADALJ,2025-05-14,124371,1,12,0,378.0
10109772PRADALJ_2025-05-14_G03,10109772PRADALJ,2025-05-14,122673,1,2,0,73.0
10109772PRADALJ_2025-05-14_G04,10109772PRADALJ,2025-05-14,123345,1,10,0,313.0
10109772PRADALJ_2025-05-14_G06,10109772PRADALJ,2025-05-14,123876,1,8,0,91.0
10109772PRADALJ_2025-05-14_G09,10109772PRADALJ,2025-05-14,118222,1,49,0,855.0
10109772PRADALJ_2025-05-14_G10,10109772PRADALJ,2025-05-14,110895,1,97,0,708.0
10109772PRADALJ_2025-05-14_G11,10109772PRADALJ,2025-05-14,111440,1,4,0,246.0
10109772PRADALJ_2025-05-14_G12,10109772PRADALJ,2025-05-14,118306,1,55,0,413.0
10109772PRADALJ_2025-05-14_G13,10109772PRADALJ,2025-05-14,110755,1,146,0,1203.0
10109772PRADALJ_2025-05-14_G14,10109772PRADALJ,2025-05-14,111660,1,12,0,701.0
10109772PRADALJ_2025-05-14_G15,10109772PRADALJ,2025-05-14,117835,1,2,0,108.0
10109772PRADALJ_2025-05-14_G16,10109772PRADALJ,2025-05-14,111438,1,61,0,359.0
10109772PRADALJ_2025-05-14_G17,10109772PRADALJ,2025-05-14,118403,1,4,0,280.0
10109772PRADALJ_2025-05-14_G18,10109772PRADALJ,2025-05-14,111467,1,14,0,131.0
10109772PRADALJ_2025-05-14_G19,10109772PRADALJ,2025-05-14,110752,1,29,0,345.0
10109772PRADALJ_2025-05-14_G20,10109772PRADALJ,2025-05-14,111439,1,4,0,59.0
10109772PRADALJ_2025-05-14_G21,10109772PRADALJ,2025-05-14,110745,1,20,0,473.0
10109772PRADALJ_2025-05-14_G22,10109772PRADALJ,2025-05-14,117833,1,4,0,108.0
10109772PRADALJ_2025-05-14_G23,10109772PRADALJ,2025-05-14,111172,1,10,0,96.0
10109772PRADALJ_2025-05-14_G24,10109772PRADALJ,2025-05-14,108798,1,9,0,97.0
10109772PRADALJ_2025-05-14_G25,10109772PRADALJ,2025-05-14,108794,1,7,0,131.0
10109772PRADALJ_2025-05-14_G26,10109772PRADALJ,2025-05-14,117831,1,45,0,262.0
10109772PRADALJ_2025-05-14_G27,10109772PRADALJ,2025-05-14,109645,1,139,0,552.0
10109772PRADALJ_2025-05-14_G28,10109772PRADALJ,2025-05-14,111348,1,27,0,455.0
10109772PRADALJ_2025-05-15_G02,10109772PRADALJ,2025-05-15,110325,1,59,0,413.0
10109772PRADALJ_2025-05-15_G03,10109772PRADALJ,2025-05-15,118317,1,37,0,377.0
10109772PRADALJ_2025-05-15_G04,10109772PRADALJ,2025-05-15,"111465, 110740",2,113,25,217.0
10109772PRADALJ_2025-05-15_G05,10109772PRADALJ,2025-05-15,109641,1,93,0,864.0
10109772PRADALJ_2025-05-15_G06,10109772PRADALJ,2025-05-15,111433,1,121,0,491.0
10109772PRADALJ_2025-05-15_G07,10109772PRADALJ,2025-05-15,118094,1,4,0,1614.0
10109772PRADALJ_2025-05-15_G08,10109772PRADALJ,2025-05-15,118298,1,3,0,160.0
10109772PRADALJ_2025-05-15_G09,10109772PRADALJ,2025-05-15,110339,1,4,0,189.0
10109772PRADALJ_2025-05-15_G10,10109772PRADALJ,2025-05-15,117862,1,8,0,152.0
10109772PRADALJ_2025-05-15_G11,10109772PRADALJ,2025-05-15,117853,1,8,0,143.0
10109772PRADALJ_2025-05-15_G12,10109772PRADALJ,2025-05-15,117856,1,5,0,129.0
10109772PRADALJ_2025-05-15_G13,10109772PRADALJ,2025-05-15,110711,1,2,0,102.0
10109772PRADALJ_2025-05-15_G14,10109772PRADALJ,2025-05-15,111530,1,4,0,109.0
10109772PRADALJ_2025-05-15_G15,10109772PRADALJ,2025-05-15,111530,1,12,0,127.0
10109772PRADALJ_2025-05-15_G16,10109772PRADALJ,2025-05-15,"107892, 110895, 111660, 108770, 111440",6,27,63,285.0
10109772PRADALJ_2025-05-15_G17,10109772PRADALJ,2025-05-15,111463,1,14,0,386.0
10109772PRADALJ_2025-05-15_G18,10109772PRADALJ,2025-05-15,111462,1,10,0,261.0
10109772PRADALJ_2025-05-15_G19,10109772PRADALJ,2025-05-15,109641,1,3,0,163.0
10109772PRADALJ_2025-05-15_G20,10109772PRADALJ,2025-05-15,108711,1,8,0,108.0
10109772PRADALJ_2025-05-15_G21,10109772PRADALJ,2025-05-15,118140,1,6,0,924.0
10109772PRADALJ_2025-05-15_G22,10109772PRADALJ,2025-05-15,"107830, 110372, 118299, 141202",4,55,25,66.0
10109772PRADALJ_2025-05-15_G23,10109772PRADALJ,2025-05-15,111172,1,2,0,839.0
10109772PRADALJ_2025-05-15_G24,10109772PRADALJ,2025-05-15,117842,1,4,0,341.0
10109772PRADALJ_2025-05-15_G25,10109772PRADALJ,2025-05-15,117831,1,21,0,257.0
10109772PRADALJ_2025-05-15_G26,10109772PRADALJ,2025-05-15,109645,1,4,0,69.0
10109772PRADALJ_2025-05-15_G27,10109772PRADALJ,2025-05-15,111348,1,8,0,635.0
10109772PRADALJ_2025-05-15_G29,10109772PRADALJ,2025-05-15,110339,1,110,0,806.0
10109772PRADALJ_2025-05-15_G30,10109772PRADALJ,2025-05-15,141035,1,4,0,54.0
10109772PRADALJ_2025-05-15_G31,10109772PRADALJ,2025-05-15,117832,1,103,0,1162.0
10109772PRADALJ_2025-05-15_G32,10109772PRADALJ,2025-05-15,"117830, 118299",2,194,21,675.0
10109772PRADALJ_2025-05-15_G33,10109772PRADALJ,2025-05-15,111462,1,180,0,705.0
10109772PRADALJ_2025-05-15_G34,10109772PRADALJ,2025-05-15,111469,1,133,0,1058.0
10109772PRADALJ_2025-05-15_G35,10109772PRADALJ,2025-05-15,111465,1,140,0,515.0
10109772PRADALJ_2025-05-15_G36,10109772PRADALJ,2025-05-15,111444,1,4,0,698.0
10109772PRADALJ_2025-05-15_G37,10109772PRADALJ,2025-05-15,111468,1,180,0,717.0
10109772PRADALJ_2025-05-15_G38,10109772PRADALJ,2025-05-15,110895,1,100,0,1172.0
10109772PRADALJ_2025-05-15_G39,10109772PRADALJ,2025-05-15,118004,1,50,0,439.0
10109772PRADALJ_2025-05-16_G02,10109772PRADALJ,2025-05-16,111462,1,4,0,81.0
10109772PRADALJ_2025-05-16_G03,10109772PRADALJ,2025-05-16,111469,1,24,0,382.0
10109772PRADALJ_2025-05-16_G04,10109772PRADALJ,2025-05-16,111469,1,2,0,43.0
10109772PRADALJ_2025-05-16_G05,10109772PRADALJ,2025-05-16,111466,1,4,0,209.0
10109772PRADALJ_2025-05-16_G06,10109772PRADALJ,2025-05-16,111418,2,17,11,168.0
10109772PRADALJ_2025-05-16_G07,10109772PRADALJ,2025-05-16,118317,1,6,0,381.0
10109772PRADALJ_2025-05-16_G08,10109772PRADALJ,2025-05-16,118317,1,2,0,88.0
10109772PRADALJ_2025-05-16_G09,10109772PRADALJ,2025-05-16,117785,1,26,0,283.0
10109772PRADALJ_2025-05-16_G10,10109772PRADALJ,2025-05-16,110787,1,2,0,88.0
10109772PRADALJ_2025-05-16_G11,10109772PRADALJ,2025-05-16,110373,1,7,0,260.0
10109772PRADALJ_2025-05-16_G12,10109772PRADALJ,2025-05-16,117820,1,32,0,484.0
10109772PRADALJ_2025-05-16_G13,10109772PRADALJ,2025-05-16,118299,1,30,0,272.0
10109772PRADALJ_2025-05-16_G14,10109772PRADALJ,2025-05-16,117832,1,8,0,327.0
10109772PRADALJ_2025-05-16_G15,10109772PRADALJ,2025-05-16,117808,1,135,0,745.0
10109772PRADALJ_2025-05-16_G16,10109772PRADALJ,2025-05-16,107892,1,2,0,322.0
10109772PRADALJ_2025-05-16_G17,10109772PRADALJ,2025-05-16,111530,1,1,0,102.0
10109772PRADALJ_2025-05-16_G18,10109772PRADALJ,2025-05-16,118140,1,6,0,367.0
10109772PRADALJ_2025-05-16_G19,10109772PRADALJ,2025-05-16,118317,1,2,0,94.0
10109772PRADALJ_2025-05-16_G20,10109772PRADALJ,2025-05-16,110372,1,1,0,254.0
10109772PRADALJ_2025-05-16_G21,10109772PRADALJ,2025-05-16,111430,1,2,0,313.0
10109772PRADALJ_2025-05-16_G22,10109772PRADALJ,2025-05-16,111469,1,2,0,71.0
10109772PRADALJ_2025-05-16_G23,10109772PRADALJ,2025-05-16,"111466, 118140",2,5,28,77.0
10109772PRADALJ_2025-05-16_G24,10109772PRADALJ,2025-05-16,110374,1,2,0,61.0
10109772PRADALJ_2025-05-16_G25,10109772PRADALJ,2025-05-16,110372,1,2,0,49.0
10109772PRADALJ_2025-05-16_G26,10109772PRADALJ,2025-05-16,118299,1,2,0,78.0
10109772PRADALJ_2025-05-16_G27,10109772PRADALJ,2025-05-16,117832,1,4,0,86.0
10109772PRADALJ_2025-05-16_G28,10109772PRADALJ,2025-05-16,109643,1,2,0,412.0
10109772PRADALJ_2025-05-16_G29,10109772PRADALJ,2025-05-16,117808,1,221,0,2031.0
10109772PRADALJ_2025-05-16_G31,10109772PRADALJ,2025-05-16,118299,1,699,0,1057.0
10109772PRADALJ_2025-05-16_G32,10109772PRADALJ,2025-05-16,110751,1,8,0,1057.0
10109772PRADALJ_2025-05-16_G33,10109772PRADALJ,2025-05-16,110751,1,6,0,82.0
10109772PRADALJ_2025-05-16_G34,10109772PRADALJ,2025-05-16,117832,1,2,0,541.0
10109772PRADALJ_2025-05-16_G35,10109772PRADALJ,2025-05-16,110754,1,5,0,309.0
10109772PRADALJ_2025-05-16_G36,10109772PRADALJ,2025-05-16,100334,1,10,0,320.0
10109772PRADALJ_2025-05-16_G37,10109772PRADALJ,2025-05-16,118250,1,8,0,139.0
10109772PRADALJ_2025-05-16_G38,10109772PRADALJ,2025-05-16,110752,2,7,11,131.0
10109772PRADALJ_2025-05-16_G39,10109772PRADALJ,2025-05-16,117853,1,8,0,123.0
10109772PRADALJ_2025-05-16_G40,10109772PRADALJ,2025-05-16,118140,1,20,0,289.0
10109772PRADALJ_2025-05-16_G41,10109772PRADALJ,2025-05-16,109641,1,24,0,217.0
10109772PRADALJ_2025-05-16_G42,10109772PRADALJ,2025-05-16,111466,1,20,0,428.0
10109772PRADALJ_2025-05-16_G43,10109772PRADALJ,2025-05-16,117831,1,20,0,205.0
10109772PRADALJ_2025-05-16_G44,10109772PRADALJ,2025-05-16,117785,1,50,0,704.0
10109772PRADALJ_2025-05-16_G45,10109772PRADALJ,2025-05-16,111438,1,5,0,413.0
10109772PRADALJ_2025-05-16_G46,10109772PRADALJ,2025-05-16,117820,1,2,0,75.0
10109772PRADALJ_2025-05-16_G47,10109772PRADALJ,2025-05-16,117808,1,4,0,100.0
10109772PRADALJ_2025-05-16_G48,10109772PRADALJ,2025-05-16,110751,1,4,0,604.0
10109772PRADALJ_2025-05-17_G02,10109772PRADALJ,2025-05-17,118222,1,12,0,358.0
10109772PRADALJ_2025-05-17_G03,10109772PRADALJ,2025-05-17,111569,1,115,0,1319.0
10109772PRADALJ_2025-05-17_G04,10109772PRADALJ,2025-05-17,110373,1,58,0,407.0
10109772PRADALJ_2025-05-17_G05,10109772PRADALJ,2025-05-17,110325,1,20,0,220.0
10109772PRADALJ_2025-05-17_G06,10109772PRADALJ,2025-05-17,110374,1,66,0,469.0
10109772PRADALJ_2025-05-17_G07,10109772PRADALJ,2025-05-17,117820,1,296,0,743.0
10109772PRADALJ_2025-05-17_G08,10109772PRADALJ,2025-05-17,118403,1,3,0,858.0
10109772PRADALJ_2025-05-17_G09,10109772PRADALJ,2025-05-17,110515,1,174,0,276.0
10109772PRADALJ_2025-05-17_G10,10109772PRADALJ,2025-05-17,140911,1,14,0,1019.0
10109772PRADALJ_2025-05-17_G11,10109772PRADALJ,2025-05-17,118317,1,37,0,792.0
10109772PRADALJ_2025-05-18_G02,10109772PRADALJ,2025-05-18,110373,1,24,0,309.0
10109772PRADALJ_2025-05-18_G03,10109772PRADALJ,2025-05-18,117822,1,8,0,276.0
10109772PRADALJ_2025-05-18_G04,10109772PRADALJ,2025-05-18,110372,1,30,0,384.0
10109772PRADALJ_2025-05-18_G05,10109772PRADALJ,2025-05-18,110375,1,4,0,95.0
10109772PRADALJ_2025-05-18_G06,10109772PRADALJ,2025-05-18,118299,1,12,0,81.0
10109772PRADALJ_2025-05-18_G07,10109772PRADALJ,2025-05-18,110371,1,20,0,471.0
10109772PRADALJ_2025-05-18_G08,10109772PRADALJ,2025-05-18,117808,1,30,0,400.0
10109772PRADALJ_2025-05-18_G09,10109772PRADALJ,2025-05-18,118004,1,6,0,769.0
10109772PRADALJ_2025-05-18_G10,10109772PRADALJ,2025-05-18,111569,1,4,0,205.0
10109772PRADALJ_2025-05-18_G11,10109772PRADALJ,2025-05-18,100334,1,4,0,187.0
10109772PRADALJ_2025-05-18_G12,10109772PRADALJ,2025-05-18,110755,1,3,0,331.0
10109772PRADALJ_2025-05-18_G13,10109772PRADALJ,2025-05-18,107892,1,2,0,109.0
10109772PRADALJ_2025-05-18_G14,10109772PRADALJ,2025-05-18,111660,1,2,0,152.0
10109772PRADALJ_2025-05-18_G15,10109772PRADALJ,2025-05-18,111438,1,8,0,164.0
10109772PRADALJ_2025-05-18_G16,10109772PRADALJ,2025-05-18,110895,1,3,0,123.0
10109772PRADALJ_2025-05-18_G17,10109772PRADALJ,2025-05-18,109647,1,2,0,729.0
10109772PRADALJ_2025-05-18_G18,10109772PRADALJ,2025-05-18,117862,1,6,0,153.0
10109772PRADALJ_2025-05-18_G19,10109772PRADALJ,2025-05-18,117855,1,3,0,80.0
10109772PRADALJ_2025-05-18_G20,10109772PRADALJ,2025-05-18,111467,1,8,0,135.0
10109772PRADALJ_2025-05-18_G21,10109772PRADALJ,2025-05-18,111439,1,8,0,138.0
10109772PRADALJ_2025-05-18_G22,10109772PRADALJ,2025-05-18,117856,1,8,0,206.0
10109772PRADALJ_2025-05-18_G23,10109772PRADALJ,2025-05-18,117786,1,4,0,95.0
10109772PRADALJ_2025-05-18_G24,10109772PRADALJ,2025-05-18,110515,1,8,0,135.0
10109772PRADALJ_2025-05-18_G25,10109772PRADALJ,2025-05-18,110756,2,3,5,280.0
10109772PRADALJ_2025-05-18_G26,10109772PRADALJ,2025-05-18,111443,1,4,0,786.0
10109772PRADALJ_2025-05-18_G27,10109772PRADALJ,2025-05-18,110743,1,2,0,192.0
10109772PRADALJ_2025-05-18_G28,10109772PRADALJ,2025-05-18,110740,1,4,0,81.0
10109772PRADALJ_2025-05-18_G29,10109772PRADALJ,2025-05-18,109641,1,4,0,74.0
10109772PRADALJ_2025-05-18_G30,10109772PRADALJ,2025-05-18,111466,1,8,0,132.0
10109772PRADALJ_2025-05-18_G31,10109772PRADALJ,2025-05-18,"118223, 109645",2,8,28,357.0
10109772PRADALJ_2025-05-18_G32,10109772PRADALJ,2025-05-18,111442,1,4,0,93.0
10109772PRADALJ_2025-05-18_G33,10109772PRADALJ,2025-05-18,107236,1,8,0,134.0
10109772PRADALJ_2025-05-18_G34,10109772PRADALJ,2025-05-18,111463,1,8,0,120.0
10109772PRADALJ_2025-05-18_G35,10109772PRADALJ,2025-05-18,117785,1,4,0,48.0
10109772PRADALJ_2025-05-18_G36,10109772PRADALJ,2025-05-18,110373,1,24,0,453.0
10109772PRADALJ_2025-05-18_G37,10109772PRADALJ,2025-05-18,117820,1,12,0,160.0
10109772PRADALJ_2025-05-18_G38,10109772PRADALJ,2025-05-18,117822,1,4,0,73.0
10109772PRADALJ_2025-05-18_G39,10109772PRADALJ,2025-05-18,110372,1,24,0,345.0
10109772PRADALJ_2025-05-18_G40,10109772PRADALJ,2025-05-18,118299,1,12,0,223.0
10109772PRADALJ_2025-05-18_G41,10109772PRADALJ,2025-05-18,110371,1,12,0,108.0
10109772PRADALJ_2025-05-18_G42,10109772PRADALJ,2025-05-18,117808,1,30,0,571.0
10109772PRADALJ_2025-05-18_G43,10109772PRADALJ,2025-05-18,111602,1,4,0,540.0
10109772PRADALJ_2025-05-18_G44,10109772PRADALJ,2025-05-18,110373,1,4,0,137.0
10109772PRADALJ_2025-05-19_G02,10109772PRADALJ,2025-05-19,117820,1,8,0,430.0
10109772PRADALJ_2025-05-19_G03,10109772PRADALJ,2025-05-19,110375,1,2,0,67.0
10109772PRADALJ_2025-05-19_G04,10109772PRADALJ,2025-05-19,117809,1,4,0,1212.0
10109772PRADALJ_2025-05-19_G05,10109772PRADALJ,2025-05-19,117809,1,15,0,74.0
10109772PRADALJ_2025-05-19_G06,10109772PRADALJ,2025-05-19,117808,1,5,0,159.0
10109772PRADALJ_2025-05-19_G07,10109772PRADALJ,2025-05-19,117808,1,26,0,142.0
10109772PRADALJ_2025-05-19_G08,10109772PRADALJ,2025-05-19,117809,1,13,0,189.0
10109772PRADALJ_2025-05-19_G09,10109772PRADALJ,2025-05-19,110375,1,12,0,146.0
10109772PRADALJ_2025-05-19_G10,10109772PRADALJ,2025-05-19,118299,1,350,0,2112.0
10109772PRADALJ_2025-05-19_G11,10109772PRADALJ,2025-05-19,117808,1,160,0,2942.0
10109772PRADALJ_2025-05-19_G13,10109772PRADALJ,2025-05-19,100334,1,6,0,146.0
10109772PRADALJ_2025-05-19_G14,10109772PRADALJ,2025-05-19,118222,1,7,0,186.0
10109772PRADALJ_2025-05-19_G15,10109772PRADALJ,2025-05-19,110755,1,6,0,184.0
10109772PRADALJ_2025-05-19_G16,10109772PRADALJ,2025-05-19,111438,1,10,0,478.0
10109772PRADALJ_2025-05-19_G17,10109772PRADALJ,2025-05-19,111569,1,10,0,309.0
10109772PRADALJ_2025-05-19_G18,10109772PRADALJ,2025-05-19,116527,1,5,0,617.0
10109772PRADALJ_2025-05-19_G19,10109772PRADALJ,2025-05-19,109647,1,2,0,137.0
10109772PRADALJ_2025-05-19_G20,10109772PRADALJ,2025-05-19,118094,1,4,0,117.0
10109772PRADALJ_2025-05-19_G21,10109772PRADALJ,2025-05-19,117786,1,4,0,207.0
10109772PRADALJ_2025-05-19_G22,10109772PRADALJ,2025-05-19,111530,1,5,0,115.0
10109772PRADALJ_2025-05-19_G23,10109772PRADALJ,2025-05-19,111435,1,6,0,616.0
10109772PRADALJ_2025-05-19_G24,10109772PRADALJ,2025-05-19,110740,1,5,0,199.0
10109772PRADALJ_2025-05-19_G25,10109772PRADALJ,2025-05-19,111462,1,10,0,127.0
10109772PRADALJ_2025-05-19_G26,10109772PRADALJ,2025-05-19,105705,1,4,0,118.0
10109772PRADALJ_2025-05-19_G27,10109772PRADALJ,2025-05-19,111468,1,2,0,71.0
10109772PRADALJ_2025-05-19_G28,10109772PRADALJ,2025-05-19,117856,1,6,0,696.0
10109772PRADALJ_2025-05-19_G29,10109772PRADALJ,2025-05-19,111466,1,20,0,271.0
10109772PRADALJ_2025-05-19_G30,10109772PRADALJ,2025-05-19,117831,1,10,0,235.0
10109772PRADALJ_2025-05-19_G31,10109772PRADALJ,2025-05-19,117785,1,10,0,227.0
10109772PRADALJ_2025-05-19_G32,10109772PRADALJ,2025-05-19,110373,1,10,0,182.0
10109772PRADALJ_2025-05-19_G33,10109772PRADALJ,2025-05-19,110372,1,10,0,122.0
10109772PRADALJ_2025-05-19_G34,10109772PRADALJ,2025-05-19,117832,1,10,0,225.0
10109772PRADALJ_2025-05-19_G35,10109772PRADALJ,2025-05-19,117830,1,10,0,116.0
10109772PRADALJ_2025-05-19_G36,10109772PRADALJ,2025-05-19,110375,1,6,0,112.0
10109772PRADALJ_2025-05-19_G37,10109772PRADALJ,2025-05-19,118299,1,30,0,808.0
10109772PRADALJ_2025-05-19_G38,10109772PRADALJ,2025-05-19,117809,1,4,0,160.0
10109772PRADALJ_2025-05-19_G39,10109772PRADALJ,2025-05-19,110371,1,20,0,442.0
10109772PRADALJ_2025-05-19_G40,10109772PRADALJ,2025-05-19,111433,1,4,0,2398.0
10109772PRADALJ_2025-05-20_G02,10109772PRADALJ,2025-05-20,111182,1,12,0,604.0
10109772PRADALJ_2025-05-20_G03,10109772PRADALJ,2025-05-20,140922,1,30,0,458.0
10109772PRADALJ_2025-05-20_G04,10109772PRADALJ,2025-05-20,117832,1,16,0,193.0
10109772PRADALJ_2025-05-20_G05,10109772PRADALJ,2025-05-20,109641,1,6,0,912.0
10109772PRADALJ_2025-05-20_G06,10109772PRADALJ,2025-05-20,117808,1,4,0,245.0
10109772PRADALJ_2025-05-20_G07,10109772PRADALJ,2025-05-20,117808,1,14,0,468.0
10109772PRADALJ_2025-05-20_G08,10109772PRADALJ,2025-05-20,108795,1,5,0,398.0
10109772PRADALJ_2025-05-20_G09,10109772PRADALJ,2025-05-20,111462,1,4,0,74.0
10109772PRADALJ_2025-05-20_G10,10109772PRADALJ,2025-05-20,105705,1,4,0,113.0
10109772PRADALJ_2025-05-20_G11,10109772PRADALJ,2025-05-20,108711,1,4,0,78.0
10109772PRADALJ_2025-05-20_G12,10109772PRADALJ,2025-05-20,111463,1,10,0,211.0
10109772PRADALJ_2025-05-20_G13,10109772PRADALJ,2025-05-20,117785,1,8,0,199.0
10109772PRADALJ_2025-05-20_G14,10109772PRADALJ,2025-05-20,111569,1,8,0,547.0
10109772PRADALJ_2025-05-20_G15,10109772PRADALJ,2025-05-20,117820,1,18,0,266.0
10109772PRADALJ_2025-05-20_G16,10109772PRADALJ,2025-05-20,110371,1,12,0,150.0
10109772PRADALJ_2025-05-20_G17,10109772PRADALJ,2025-05-20,118299,1,12,0,124.0
10109772PRADALJ_2025-05-20_G18,10109772PRADALJ,2025-05-20,117809,1,8,0,84.0
10109772PRADALJ_2025-05-20_G19,10109772PRADALJ,2025-05-20,117808,1,12,0,149.0
10109772PRADALJ_2025-05-20_G20,10109772PRADALJ,2025-05-20,111418,1,5,0,506.0
10109772PRADALJ_2025-05-20_G22,10109772PRADALJ,2025-05-20,121651,1,9,0,682.0
10109772PRADALJ_2025-05-20_G23,10109772PRADALJ,2025-05-20,122981,3,10,31,132.0
10109772PRADALJ_2025-05-20_G24,10109772PRADALJ,2025-05-20,120271,1,2,0,210.0
10109772PRADALJ_2025-05-20_G25,10109772PRADALJ,2025-05-20,122984,1,17,0,370.0
10109772PRADALJ_2025-05-20_G26,10109772PRADALJ,2025-05-20,122984,1,8,0,134.0
10109772PRADALJ_2025-05-20_G27,10109772PRADALJ,2025-05-20,122984,1,8,0,228.0
10109772PRADALJ_2025-05-20_G28,10109772PRADALJ,2025-05-20,123907,1,52,0,2537.0
10109772PRADALJ_2025-05-20_G29,10109772PRADALJ,2025-05-20,123907,1,6,0,32.0
10109772PRADALJ_2025-05-20_G30,10109772PRADALJ,2025-05-20,120028,1,3,0,205.0
10109772PRADALJ_2025-05-20_G31,10109772PRADALJ,2025-05-20,124248,1,3,0,88.0
10109772PRADALJ_2025-05-20_G32,10109772PRADALJ,2025-05-20,124248,1,9,0,250.0
10109772PRADALJ_2025-05-20_G33,10109772PRADALJ,2025-05-20,124248,3,10,13,114.0
10109772PRADALJ_2025-05-20_G34,10109772PRADALJ,2025-05-20,122983,1,10,0,478.0
10109772PRADALJ_2025-05-20_G35,10109772PRADALJ,2025-05-20,122983,1,6,0,65.0
10109772PRADALJ_2025-05-20_G36,10109772PRADALJ,2025-05-20,122983,1,7,0,91.0
10109772PRADALJ_2025-05-20_G37,10109772PRADALJ,2025-05-20,181057,1,1,0,295.0
10109772PRADALJ_2025-05-20_G38,10109772PRADALJ,2025-05-20,181056,1,1,0,404.0
10109772PRADALJ_2025-05-20_G39,10109772PRADALJ,2025-05-20,120339,1,2,0,708.0
10109772PRADALJ_2025-05-21_G02,10109772PRADALJ,2025-05-21,124370,1,54,0,1410.0
10109772PRADALJ_2025-05-21_G03,10109772PRADALJ,2025-05-21,122185,1,100,0,2076.0
10109772PRADALJ_2025-05-21_G04,10109772PRADALJ,2025-05-21,122196,1,1,0,113.0
10109772PRADALJ_2025-05-21_G05,10109772PRADALJ,2025-05-21,122984,1,50,0,1005.0
10109772PRADALJ_2025-05-21_G06,10109772PRADALJ,2025-05-21,123909,1,28,0,403.0
10109772PRADALJ_2025-05-21_G07,10109772PRADALJ,2025-05-21,124433,1,6,0,32.0
10109772PRADALJ_2025-05-21_G08,10109772PRADALJ,2025-05-21,123889,1,4,0,401.0
10109772PRADALJ_2025-05-21_G09,10109772PRADALJ,2025-05-21,123153,1,100,0,2424.0
10109772PRADALJ_2025-05-21_G11,10109772PRADALJ,2025-05-21,"107892, 118094, 110339",3,39,36,472.0
10109772PRADALJ_2025-05-21_G12,10109772PRADALJ,2025-05-21,108772,2,20,7,223.0
10109772PRADALJ_2025-05-21_G13,10109772PRADALJ,2025-05-21,108772,1,60,0,483.0
10109772PRADALJ_2025-05-21_G14,10109772PRADALJ,2025-05-21,110515,1,72,0,266.0
10109772PRADALJ_2025-05-21_G15,10109772PRADALJ,2025-05-21,110376,2,13,5,116.0
10109772PRADALJ_2025-05-21_G16,10109772PRADALJ,2025-05-21,"109641, 140922",2,32,15,91.0
10109772PRADALJ_2025-05-21_G17,10109772PRADALJ,2025-05-21,111465,1,8,0,348.0
10109772PRADALJ_2025-05-21_G18,10109772PRADALJ,2025-05-21,111443,1,36,0,468.0
10109772PRADALJ_2025-05-21_G19,10109772PRADALJ,2025-05-21,111468,1,28,0,190.0
10109772PRADALJ_2025-05-21_G20,10109772PRADALJ,2025-05-21,"111602, 118140, 111532",3,72,34,499.0
10109772PRADALJ_2025-05-21_G21,10109772PRADALJ,2025-05-21,111465,1,8,0,559.0
10109772PRADALJ_2025-05-21_G22,10109772PRADALJ,2025-05-21,117834,1,2,0,553.0
10109772PRADALJ_2025-05-21_G23,10109772PRADALJ,2025-05-21,110582,1,11,0,310.0
10109772PRADALJ_2025-05-21_G24,10109772PRADALJ,2025-05-21,110747,1,8,0,175.0
10109772PRADALJ_2025-05-21_G25,10109772PRADALJ,2025-05-21,100334,1,12,0,560.0
10109772PRADALJ_2025-05-21_G26,10109772PRADALJ,2025-05-21,111850,1,5,0,93.0
10109772PRADALJ_2025-05-21_G27,10109772PRADALJ,2025-05-21,110841,1,3,0,63.0
10109772PRADALJ_2025-05-21_G28,10109772PRADALJ,2025-05-21,118306,1,5,0,74.0
10109772PRADALJ_2025-05-21_G29,10109772PRADALJ,2025-05-21,110755,1,4,0,93.0
10109772PRADALJ_2025-05-21_G30,10109772PRADALJ,2025-05-21,117789,1,6,0,237.0
10109772PRADALJ_2025-05-21_G31,10109772PRADALJ,2025-05-21,118280,1,2,0,65.0
10109772PRADALJ_2025-05-21_G32,10109772PRADALJ,2025-05-21,110895,1,8,0,113.0
10109772PRADALJ_2025-05-21_G33,10109772PRADALJ,2025-05-21,108770,1,6,0,119.0
10109772PRADALJ_2025-05-21_G34,10109772PRADALJ,2025-05-21,110756,1,4,0,479.0
10109772PRADALJ_2025-05-21_G35,10109772PRADALJ,2025-05-21,108772,1,5,0,83.0
10109772PRADALJ_2025-05-21_G36,10109772PRADALJ,2025-05-21,118298,1,5,0,121.0
10109772PRADALJ_2025-05-21_G37,10109772PRADALJ,2025-05-21,117837,1,10,0,498.0
10109772PRADALJ_2025-05-21_G38,10109772PRADALJ,2025-05-21,110752,1,4,0,88.0
10109772PRADALJ_2025-05-21_G39,10109772PRADALJ,2025-05-21,117856,1,16,0,277.0
10109772PRADALJ_2025-05-21_G40,10109772PRADALJ,2025-05-21,141047,1,6,0,86.0
10109772PRADALJ_2025-05-21_G41,10109772PRADALJ,2025-05-21,141047,1,4,0,51.0
10109772PRADALJ_2025-05-21_G42,10109772PRADALJ,2025-05-21,118403,1,10,0,103.0
10109772PRADALJ_2025-05-21_G43,10109772PRADALJ,2025-05-21,117786,1,20,0,339.0
10109772PRADALJ_2025-05-21_G44,10109772PRADALJ,2025-05-21,111602,1,40,0,376.0
10109772PRADALJ_2025-05-22_G02,10109772PRADALJ,2025-05-22,111530,1,32,0,1017.0
10109772PRADALJ_2025-05-22_G03,10109772PRADALJ,2025-05-22,110515,1,50,0,629.0
10109772PRADALJ_2025-05-22_G04,10109772PRADALJ,2025-05-22,110325,1,10,0,188.0
10109772PRADALJ_2025-05-22_G05,10109772PRADALJ,2025-05-22,117808,1,200,0,976.0
10109772PRADALJ_2025-05-22_G06,10109772PRADALJ,2025-05-22,107254,1,5,0,1776.0
10109772PRADALJ_2025-05-22_G07,10109772PRADALJ,2025-05-22,109643,1,67,0,252.0
10109772PRADALJ_2025-05-22_G08,10109772PRADALJ,2025-05-22,"110371, 110373",2,40,6,323.0
10109772PRADALJ_2025-05-22_G09,10109772PRADALJ,2025-05-22,107830,1,20,0,238.0
10109772PRADALJ_2025-05-22_G10,10109772PRADALJ,2025-05-22,117820,1,20,0,77.0
10109772PRADALJ_2025-05-22_G11,10109772PRADALJ,2025-05-22,118299,1,120,0,672.0
10109772PRADALJ_2025-05-22_G12,10109772PRADALJ,2025-05-22,110376,1,40,0,708.0
10109772PRADALJ_2025-05-22_G13,10109772PRADALJ,2025-05-22,117832,1,40,0,492.0
10109772PRADALJ_2025-05-22_G14,10109772PRADALJ,2025-05-22,110372,1,60,0,746.0
10109772PRADALJ_2025-05-22_G15,10109772PRADALJ,2025-05-22,110681,1,2,0,663.0
10109772PRADALJ_2025-05-22_G17,10109772PRADALJ,2025-05-22,123907,1,15,0,152.0
10109772PRADALJ_2025-05-22_G18,10109772PRADALJ,2025-05-22,123345,1,50,0,463.0
10109772PRADALJ_2025-05-22_G20,10109772PRADALJ,2025-05-22,124475,1,100,0,1524.0
10109772PRADALJ_2025-05-22_G21,10109772PRADALJ,2025-05-22,123822,1,100,0,1681.0
10109772PRADALJ_2025-05-23_G02,10109772PRADALJ,2025-05-23,117832,1,7,0,212.0
10109772PRADALJ_2025-05-23_G03,10109772PRADALJ,2025-05-23,117830,1,10,0,413.0
10109772PRADALJ_2025-05-23_G04,10109772PRADALJ,2025-05-23,117809,1,4,0,70.0
10109772PRADALJ_2025-05-23_G05,10109772PRADALJ,2025-05-23,117809,1,10,0,83.0
10109772PRADALJ_2025-05-23_G06,10109772PRADALJ,2025-05-23,109643,1,16,0,236.0
10109772PRADALJ_2025-05-23_G07,10109772PRADALJ,2025-05-23,117808,2,90,21,267.0
10109772PRADALJ_2025-05-23_G08,10109772PRADALJ,2025-05-23,118299,1,78,0,701.0
10109772PRADALJ_2025-05-23_G09,10109772PRADALJ,2025-05-23,110325,1,30,0,752.0
10109772PRADALJ_2025-05-23_G10,10109772PRADALJ,2025-05-23,110374,1,100,0,453.0
10109772PRADALJ_2025-05-23_G11,10109772PRADALJ,2025-05-23,110371,1,20,0,338.0
10109772PRADALJ_2025-05-23_G12,10109772PRADALJ,2025-05-23,110373,1,300,0,1202.0
10109772PRADALJ_2025-05-23_G13,10109772PRADALJ,2025-05-23,110376,1,13,0,263.0
10109772PRADALJ_2025-05-23_G14,10109772PRADALJ,2025-05-23,110375,1,30,0,281.0
10109772PRADALJ_2025-05-23_G15,10109772PRADALJ,2025-05-23,"110581, 110753, 111602, 101217",4,59,22,160.0
10109772PRADALJ_2025-05-23_G16,10109772PRADALJ,2025-05-23,111199,1,4,0,530.0
10109772PRADALJ_2025-05-23_G17,10109772PRADALJ,2025-05-23,110580,1,4,0,171.0
10109772PRADALJ_2025-05-23_G18,10109772PRADALJ,2025-05-23,110756,1,8,0,312.0
10109772PRADALJ_2025-05-23_G19,10109772PRADALJ,2025-05-23,"111466, 118004, 115817, 111348",4,88,50,931.0
10109772PRADALJ_2025-05-23_G21,10109772PRADALJ,2025-05-23,110751,1,2,0,121.0
10109772PRADALJ_2025-05-23_G22,10109772PRADALJ,2025-05-23,111462,1,72,0,550.0
10109772PRADALJ_2025-05-23_G23,10109772PRADALJ,2025-05-23,111463,1,20,0,906.0
10109772PRADALJ_2025-05-23_G24,10109772PRADALJ,2025-05-23,105705,1,13,0,833.0
10109772PRADALJ_2025-05-23_G25,10109772PRADALJ,2025-05-23,117787,1,12,0,190.0
10109772PRADALJ_2025-05-23_G26,10109772PRADALJ,2025-05-23,140922,1,12,0,191.0
10109772PRADALJ_2025-05-23_G27,10109772PRADALJ,2025-05-23,111468,1,12,0,259.0
10109772PRADALJ_2025-05-23_G28,10109772PRADALJ,2025-05-23,110745,1,24,0,441.0
10109772PRADALJ_2025-05-23_G29,10109772PRADALJ,2025-05-23,111466,1,130,0,1028.0
10109772PRADALJ_2025-05-23_G30,10109772PRADALJ,2025-05-23,117833,1,80,0,1898.0
10109772PRADALJ_2025-05-23_G31,10109772PRADALJ,2025-05-23,108798,1,12,0,399.0
10109772PRADALJ_2025-05-23_G32,10109772PRADALJ,2025-05-23,117821,1,40,0,502.0
10109772PRADALJ_2025-05-23_G33,10109772PRADALJ,2025-05-23,111418,1,150,0,1008.0
10109772PRADALJ_2025-05-23_G34,10109772PRADALJ,2025-05-23,111442,1,2,0,90.0
10109772PRADALJ_2025-05-23_G35,10109772PRADALJ,2025-05-23,110332,1,3,0,387.0
10109772PRADALJ_2025-05-24_G02,10109772PRADALJ,2025-05-24,117831,1,20,0,1029.0
10109772PRADALJ_2025-05-24_G04,10109772PRADALJ,2025-05-24,120028,1,48,0,1213.0
10109772PRADALJ_2025-05-24_G05,10109772PRADALJ,2025-05-24,124486,1,28,0,549.0
10109772PRADALJ_2025-05-24_G06,10109772PRADALJ,2025-05-24,122962,1,32,0,618.0
10109772PRADALJ_2025-05-24_G07,10109772PRADALJ,2025-05-24,121651,1,12,0,142.0
10109772PRADALJ_2025-05-24_G08,10109772PRADALJ,2025-05-24,124476,1,4,0,79.0
10109772PRADALJ_2025-05-24_G09,10109772PRADALJ,2025-05-24,121760,1,2,0,206.0
10109772PRADALJ_2025-05-24_G10,10109772PRADALJ,2025-05-24,123345,1,4,0,244.0
10109772PRADALJ_2025-05-24_G11,10109772PRADALJ,2025-05-24,120339,1,30,0,847.0
10109772PRADALJ_2025-05-25_G02,10109772PRADALJ,2025-05-25,107830,1,4,0,349.0
10109772PRADALJ_2025-05-25_G03,10109772PRADALJ,2025-05-25,110325,1,12,0,218.0
10109772PRADALJ_2025-05-25_G04,10109772PRADALJ,2025-05-25,110374,1,12,0,132.0
10109772PRADALJ_2025-05-25_G05,10109772PRADALJ,2025-05-25,110371,1,30,0,312.0
10109772PRADALJ_2025-05-25_G06,10109772PRADALJ,2025-05-25,117840,1,12,0,158.0
10109772PRADALJ_2025-05-25_G07,10109772PRADALJ,2025-05-25,117822,1,12,0,114.0
10109772PRADALJ_2025-05-25_G08,10109772PRADALJ,2025-05-25,110376,1,8,0,227.0
10109772PRADALJ_2025-05-25_G09,10109772PRADALJ,2025-05-25,180590,1,4,0,961.0
10109772PRADALJ_2025-05-25_G10,10109772PRADALJ,2025-05-25,123909,1,6,0,102.0
10109772PRADALJ_2025-05-25_G11,10109772PRADALJ,2025-05-25,124247,1,30,0,938.0
10109772PRADALJ_2025-05-25_G12,10109772PRADALJ,2025-05-25,123344,1,8,0,374.0
10109772PRADALJ_2025-05-25_G13,10109772PRADALJ,2025-05-25,122967,1,40,0,594.0
10109772PRADALJ_2025-05-25_G14,10109772PRADALJ,2025-05-25,124248,1,11,0,290.0
10109772PRADALJ_2025-05-25_G15,10109772PRADALJ,2025-05-25,124486,1,18,0,572.0
10109772PRADALJ_2025-05-25_G16,10109772PRADALJ,2025-05-25,123909,1,4,0,66.0
10109772PRADALJ_2025-05-25_G17,10109772PRADALJ,2025-05-25,123909,1,40,0,882.0
10109772PRADALJ_2025-05-25_G18,10109772PRADALJ,2025-05-25,122962,1,20,0,410.0
10109772PRADALJ_2025-05-25_G19,10109772PRADALJ,2025-05-25,120028,1,17,0,409.0
10109772PRADALJ_2025-05-25_G20,10109772PRADALJ,2025-05-25,120028,1,6,0,135.0
10109772PRADALJ_2025-05-25_G21,10109772PRADALJ,2025-05-25,124247,1,26,0,582.0
10109772PRADALJ_2025-05-26_G02,10109772PRADALJ,2025-05-26,121760,1,28,0,700.0
10109772PRADALJ_2025-05-26_G03,10109772PRADALJ,2025-05-26,120028,1,13,0,368.0
10109772PRADALJ_2025-05-26_G04,10109772PRADALJ,2025-05-26,120339,1,11,0,245.0
10109772PRADALJ_2025-05-26_G05,10109772PRADALJ,2025-05-26,123345,1,30,0,583.0
10109772PRADALJ_2025-05-26_G06,10109772PRADALJ,2025-05-26,120389,1,6,0,1563.0
10109772PRADALJ_2025-05-26_G07,10109772PRADALJ,2025-05-26,122983,1,8,0,76.0
10109772PRADALJ_2025-05-26_G08,10109772PRADALJ,2025-05-26,122647,1,5,0,234.0
10109772PRADALJ_2025-05-26_G09,10109772PRADALJ,2025-05-26,121760,1,8,0,271.0
10109772PRADALJ_2025-05-26_G10,10109772PRADALJ,2025-05-26,180166,1,3,0,1182.0
10109772PRADALJ_2025-05-26_G11,10109772PRADALJ,2025-05-26,122967,1,20,0,356.0
10109772PRADALJ_2025-05-26_G12,10109772PRADALJ,2025-05-26,122988,1,20,0,387.0
10109772PRADALJ_2025-05-26_G13,10109772PRADALJ,2025-05-26,123909,1,20,0,204.0
10109772PRADALJ_2025-05-26_G14,10109772PRADALJ,2025-05-26,124248,1,4,0,540.0
10109772PRADALJ_2025-05-26_G15,10109772PRADALJ,2025-05-26,123344,1,1,0,1023.0
10109772PRADALJ_2025-05-26_G16,10109772PRADALJ,2025-05-26,123344,1,6,0,218.0
10109772PRADALJ_2025-05-26_G17,10109772PRADALJ,2025-05-26,122983,1,9,0,549.0
10109772PRADALJ_2025-05-26_G18,10109772PRADALJ,2025-05-26,122962,1,52,0,1159.0
10109772PRADALJ_2025-05-26_G20,10109772PRADALJ,2025-05-26,124370,1,50,0,1386.0
10109772PRADALJ_2025-05-26_G21,10109772PRADALJ,2025-05-26,124475,1,4,0,42.0
10109772PRADALJ_2025-05-26_G22,10109772PRADALJ,2025-05-26,124476,1,20,0,380.0
10109772PRADALJ_2025-05-26_G23,10109772PRADALJ,2025-05-26,122647,1,4,0,86.0
10109772PRADALJ_2025-05-26_G24,10109772PRADALJ,2025-05-26,122982,1,18,0,378.0
10109772PRADALJ_2025-05-26_G25,10109772PRADALJ,2025-05-26,121760,1,30,0,751.0
10109772PRADALJ_2025-05-26_G26,10109772PRADALJ,2025-05-26,120008,1,4,0,84.0
10109772PRADALJ_2025-05-26_G27,10109772PRADALJ,2025-05-26,123909,1,8,0,292.0
10109772PRADALJ_2025-05-26_G28,10109772PRADALJ,2025-05-26,122983,1,18,0,501.0
10109772PRADALJ_2025-05-26_G29,10109772PRADALJ,2025-05-26,181056,1,2,0,157.0
10109772PRADALJ_2025-05-26_G30,10109772PRADALJ,2025-05-26,123343,1,14,0,239.0
10109772PRADALJ_2025-05-26_G31,10109772PRADALJ,2025-05-26,124477,1,12,0,786.0
10109772PRADALJ_2025-05-27_G02,10109772PRADALJ,2025-05-27,160057,1,2,0,65.0
10109772PRADALJ_2025-05-27_G03,10109772PRADALJ,2025-05-27,110515,1,2,0,181.0
10109772PRADALJ_2025-05-27_G04,10109772PRADALJ,2025-05-27,111466,1,4,0,218.0
10109772PRADALJ_2025-05-27_G05,10109772PRADALJ,2025-05-27,105705,1,2,0,99.0
10109772PRADALJ_2025-05-27_G06,10109772PRADALJ,2025-05-27,110129,1,2,0,86.0
10109772PRADALJ_2025-05-27_G07,10109772PRADALJ,2025-05-27,160051,1,4,0,174.0
10109772PRADALJ_2025-05-27_G09,10109772PRADALJ,2025-05-27,118299,1,300,0,868.0
10109772PRADALJ_2025-05-27_G10,10109772PRADALJ,2025-05-27,110743,1,4,0,223.0
10109772PRADALJ_2025-05-27_G11,10109772PRADALJ,2025-05-27,110740,1,6,0,103.0
10109772PRADALJ_2025-05-27_G12,10109772PRADALJ,2025-05-27,108795,1,9,0,218.0
10109772PRADALJ_2025-05-27_G13,10109772PRADALJ,2025-05-27,109641,1,3,0,102.0
10109772PRADALJ_2025-05-27_G14,10109772PRADALJ,2025-05-27,105705,1,12,0,157.0
10109772PRADALJ_2025-05-27_G15,10109772PRADALJ,2025-05-27,117833,1,20,0,346.0
10109772PRADALJ_2025-05-27_G16,10109772PRADALJ,2025-05-27,108798,1,4,0,68.0
10109772PRADALJ_2025-05-27_G17,10109772PRADALJ,2025-05-27,111532,1,10,0,335.0
10109772PRADALJ_2025-05-27_G18,10109772PRADALJ,2025-05-27,117329,1,4,0,92.0
10109772PRADALJ_2025-05-27_G19,10109772PRADALJ,2025-05-27,107236,1,6,0,107.0
10109772PRADALJ_2025-05-27_G20,10109772PRADALJ,2025-05-27,110129,1,1,0,55.0
10109772PRADALJ_2025-05-27_G21,10109772PRADALJ,2025-05-27,108736,1,12,0,111.0
10109772PRADALJ_2025-05-27_G22,10109772PRADALJ,2025-05-27,117855,1,4,0,127.0
10109772PRADALJ_2025-05-27_G23,10109772PRADALJ,2025-05-27,111467,1,8,0,100.0
10109772PRADALJ_2025-05-27_G24,10109772PRADALJ,2025-05-27,111879,1,4,0,60.0
10109772PRADALJ_2025-05-27_G25,10109772PRADALJ,2025-05-27,105470,1,4,0,780.0
10109772PRADALJ_2025-05-27_G26,10109772PRADALJ,2025-05-27,118403,1,12,0,149.0
10109772PRADALJ_2025-05-27_G27,10109772PRADALJ,2025-05-27,117786,1,19,0,247.0
10109772PRADALJ_2025-05-27_G28,10109772PRADALJ,2025-05-27,111602,1,11,0,242.0
10109772PRADALJ_2025-05-27_G29,10109772PRADALJ,2025-05-27,101217,1,2,0,110.0
10109772PRADALJ_2025-05-27_G30,10109772PRADALJ,2025-05-27,117841,1,4,0,389.0
10109772PRADALJ_2025-05-27_G31,10109772PRADALJ,2025-05-27,110751,1,4,0,297.0
10109772PRADALJ_2025-05-27_G32,10109772PRADALJ,2025-05-27,110129,1,4,0,117.0
10109772PRADALJ_2025-05-27_G33,10109772PRADALJ,2025-05-27,110747,1,12,0,2625.0
10109772PRADALJ_2025-05-27_G34,10109772PRADALJ,2025-05-27,110747,1,4,0,57.0
10109772PRADALJ_2025-05-27_G35,10109772PRADALJ,2025-05-27,111569,1,4,0,405.0
10109772PRADALJ_2025-05-27_G36,10109772PRADALJ,2025-05-27,111438,1,4,0,49.0
10109772PRADALJ_2025-05-27_G37,10109772PRADALJ,2025-05-27,118094,1,8,0,117.0
10109772PRADALJ_2025-05-27_G38,10109772PRADALJ,2025-05-27,117855,1,7,0,75.0
10109772PRADALJ_2025-05-27_G39,10109772PRADALJ,2025-05-27,117855,1,12,0,97.0
10109772PRADALJ_2025-05-27_G40,10109772PRADALJ,2025-05-27,117853,1,8,0,192.0
10109772PRADALJ_2025-05-27_G41,10109772PRADALJ,2025-05-27,111602,1,8,0,208.0
10109772PRADALJ_2025-05-27_G42,10109772PRADALJ,2025-05-27,111530,1,8,0,119.0
10109772PRADALJ_2025-05-28_G02,10109772PRADALJ,2025-05-28,107830,1,8,0,367.0
10109772PRADALJ_2025-05-28_G03,10109772PRADALJ,2025-05-28,118299,1,100,0,397.0
10109772PRADALJ_2025-05-28_G04,10109772PRADALJ,2025-05-28,117808,1,110,0,427.0
10109772PRADALJ_2025-05-28_G05,10109772PRADALJ,2025-05-28,110582,1,10,0,298.0
10109772PRADALJ_2025-05-28_G06,10109772PRADALJ,2025-05-28,111441,2,8,25,160.0
10109772PRADALJ_2025-05-28_G07,10109772PRADALJ,2025-05-28,108770,1,10,0,192.0
10109772PRADALJ_2025-05-28_G08,10109772PRADALJ,2025-05-28,118222,1,70,0,610.0
10109772PRADALJ_2025-05-28_G09,10109772PRADALJ,2025-05-28,117855,1,3,0,1950.0
10109772PRADALJ_2025-05-28_G10,10109772PRADALJ,2025-05-28,111418,1,12,0,145.0
10109772PRADALJ_2025-05-28_G11,10109772PRADALJ,2025-05-28,111532,1,10,0,104.0
10109772PRADALJ_2025-05-28_G12,10109772PRADALJ,2025-05-28,110373,1,19,0,565.0
10109772PRADALJ_2025-05-28_G13,10109772PRADALJ,2025-05-28,117808,1,94,0,1341.0
10109772PRADALJ_2025-05-28_G14,10109772PRADALJ,2025-05-28,110371,1,12,0,784.0
10109772PRADALJ_2025-05-28_G16,10109772PRADALJ,2025-05-28,107629,1,2,0,149.0
10109772PRADALJ_2025-05-28_G17,10109772PRADALJ,2025-05-28,117786,1,6,0,714.0
10109772PRADALJ_2025-05-28_G18,10109772PRADALJ,2025-05-28,111530,1,2,0,291.0
10109772PRADALJ_2025-05-28_G19,10109772PRADALJ,2025-05-28,111743,1,2,0,176.0
10109772PRADALJ_2025-05-28_G20,10109772PRADALJ,2025-05-28,"116241, 111466",2,10,17,211.0
10109772PRADALJ_2025-05-28_G21,10109772PRADALJ,2025-05-28,110740,1,4,0,112.0
10109772PRADALJ_2025-05-28_G22,10109772PRADALJ,2025-05-28,110751,1,1,0,69.0
10109772PRADALJ_2025-05-28_G23,10109772PRADALJ,2025-05-28,111462,1,2,0,44.0
10109772PRADALJ_2025-05-28_G24,10109772PRADALJ,2025-05-28,117785,1,2,0,67.0
10109772PRADALJ_2025-05-28_G25,10109772PRADALJ,2025-05-28,117831,1,1,0,94.0
10109772PRADALJ_2025-05-28_G26,10109772PRADALJ,2025-05-28,111465,1,2,0,53.0
10109772PRADALJ_2025-05-28_G27,10109772PRADALJ,2025-05-28,110325,1,6,0,261.0
10109772PRADALJ_2025-05-28_G28,10109772PRADALJ,2025-05-28,110374,1,2,0,61.0
10109772PRADALJ_2025-05-28_G29,10109772PRADALJ,2025-05-28,110373,1,2,0,93.0
10109772PRADALJ_2025-05-28_G30,10109772PRADALJ,2025-05-28,110375,1,2,0,196.0
10109772PRADALJ_2025-05-28_G31,10109772PRADALJ,2025-05-28,117809,1,4,0,92.0
10109772PRADALJ_2025-05-28_G32,10109772PRADALJ,2025-05-28,117808,1,10,0,159.0
10109772PRADALJ_2025-05-28_G33,10109772PRADALJ,2025-05-28,117830,1,2,0,87.0
10109772PRADALJ_2025-05-28_G34,10109772PRADALJ,2025-05-28,110372,1,5,0,620.0
10109772PRADALJ_2025-05-28_G35,10109772PRADALJ,2025-05-28,110742,1,2,0,218.0
10109772PRADALJ_2025-05-28_G36,10109772PRADALJ,2025-05-28,109640,1,6,0,109.0
10109772PRADALJ_2025-05-28_G37,10109772PRADALJ,2025-05-28,109640,3,11,13,177.0
10109772PRADALJ_2025-05-28_G38,10109772PRADALJ,2025-05-28,111530,1,7,0,148.0
10109772PRADALJ_2025-05-28_G39,10109772PRADALJ,2025-05-28,116241,1,4,0,257.0
10109772PRADALJ_2025-05-28_G40,10109772PRADALJ,2025-05-28,116241,1,2,0,45.0
10109772PRADALJ_2025-05-28_G41,10109772PRADALJ,2025-05-28,111431,1,4,0,196.0
10109772PRADALJ_2025-05-28_G42,10109772PRADALJ,2025-05-28,110749,1,2,0,479.0
10109772PRADALJ_2025-05-28_G43,10109772PRADALJ,2025-05-28,117837,1,3,0,258.0
10109772PRADALJ_2025-05-28_G44,10109772PRADALJ,2025-05-28,109640,1,4,0,103.0
10109772PRADALJ_2025-05-28_G45,10109772PRADALJ,2025-05-28,110325,1,2,0,90.0
10109772PRADALJ_2025-05-28_G46,10109772PRADALJ,2025-05-28,117808,1,2,0,57.0
10109772PRADALJ_2025-05-28_G47,10109772PRADALJ,2025-05-28,110373,1,2,0,194.0
10109772PRADALJ_2025-05-28_G48,10109772PRADALJ,2025-05-28,110376,1,2,0,700.0
10109772PRADALJ_2025-05-28_G49,10109772PRADALJ,2025-05-28,118299,1,6,0,81.0
10109772PRADALJ_2025-05-28_G50,10109772PRADALJ,2025-05-28,110372,1,9,0,77.0
10109772PRADALJ_2025-05-28_G51,10109772PRADALJ,2025-05-28,117809,1,4,0,83.0
10109772PRADALJ_2025-05-28_G52,10109772PRADALJ,2025-05-28,111418,1,2,0,277.0
10109772PRADALJ_2025-05-29_G02,10109772PRADALJ,2025-05-29,111602,1,16,0,232.0
10109772PRADALJ_2025-05-29_G03,10109772PRADALJ,2025-05-29,109640,1,2,0,73.0
10109772PRADALJ_2025-05-29_G04,10109772PRADALJ,2025-05-29,111431,1,1,0,140.0
10109772PRADALJ_2025-05-29_G05,10109772PRADALJ,2025-05-29,117785,1,2,0,173.0
10109772PRADALJ_2025-05-29_G06,10109772PRADALJ,2025-05-29,108711,1,2,0,90.0
10109772PRADALJ_2025-05-29_G07,10109772PRADALJ,2025-05-29,117831,1,2,0,136.0
10109772PRADALJ_2025-05-29_G08,10109772PRADALJ,2025-05-29,117832,1,2,0,119.0
10109772PRADALJ_2025-05-29_G09,10109772PRADALJ,2025-05-29,110740,1,4,0,2864.0
10109772PRADALJ_2025-05-29_G10,10109772PRADALJ,2025-05-29,111462,1,6,0,149.0
10109772PRADALJ_2025-05-29_G11,10109772PRADALJ,2025-05-29,111463,1,12,0,181.0
10109772PRADALJ_2025-05-29_G12,10109772PRADALJ,2025-05-29,109641,1,2,0,58.0
10109772PRADALJ_2025-05-29_G13,10109772PRADALJ,2025-05-29,111182,1,3,0,140.0
10109772PRADALJ_2025-05-29_G14,10109772PRADALJ,2025-05-29,140922,1,6,0,125.0
10109772PRADALJ_2025-05-29_G15,10109772PRADALJ,2025-05-29,110745,1,4,0,62.0
10109772PRADALJ_2025-05-29_G16,10109772PRADALJ,2025-05-29,117831,1,4,0,78.0
10109772PRADALJ_2025-05-29_G17,10109772PRADALJ,2025-05-29,111532,1,3,0,83.0
10109772PRADALJ_2025-05-29_G18,10109772PRADALJ,2025-05-29,111418,1,10,0,117.0
10109772PRADALJ_2025-05-29_G19,10109772PRADALJ,2025-05-29,111348,1,4,0,76.0
10109772PRADALJ_2025-05-29_G20,10109772PRADALJ,2025-05-29,111465,1,5,0,291.0
10109772PRADALJ_2025-05-29_G21,10109772PRADALJ,2025-05-29,117787,1,4,0,478.0
10109772PRADALJ_2025-05-29_G22,10109772PRADALJ,2025-05-29,110374,1,8,0,1669.0
10109772PRADALJ_2025-05-29_G23,10109772PRADALJ,2025-05-29,110371,1,12,0,579.0
10109772PRADALJ_2025-05-29_G24,10109772PRADALJ,2025-05-29,117808,1,12,0,145.0
10109772PRADALJ_2025-05-29_G25,10109772PRADALJ,2025-05-29,110373,1,10,0,157.0
10109772PRADALJ_2025-05-29_G26,10109772PRADALJ,2025-05-29,110375,1,4,0,122.0
10109772PRADALJ_2025-05-29_G27,10109772PRADALJ,2025-05-29,117809,1,4,0,83.0
10109772PRADALJ_2025-05-29_G28,10109772PRADALJ,2025-05-29,117855,1,10,0,377.0
10109772PRADALJ_2025-05-29_G29,10109772PRADALJ,2025-05-29,110515,1,2,0,102.0
10109772PRADALJ_2025-05-29_G31,10109772PRADALJ,2025-05-29,118222,1,8,0,266.0
10109772PRADALJ_2025-05-29_G32,10109772PRADALJ,2025-05-29,110339,1,4,0,157.0
10109772PRADALJ_2025-05-29_G33,10109772PRADALJ,2025-05-29,110515,1,10,0,177.0
10109772PRADALJ_2025-05-29_G34,10109772PRADALJ,2025-05-29,111435,1,5,0,147.0
10109772PRADALJ_2025-05-29_G35,10109772PRADALJ,2025-05-29,111462,1,15,0,128.0
10109772PRADALJ_2025-05-29_G36,10109772PRADALJ,2025-05-29,111463,1,4,0,65.0
10109772PRADALJ_2025-05-29_G37,10109772PRADALJ,2025-05-29,111532,1,8,0,135.0
10109772PRADALJ_2025-05-29_G38,10109772PRADALJ,2025-05-29,111431,1,2,0,85.0
10109772PRADALJ_2025-05-29_G39,10109772PRADALJ,2025-05-29,111418,1,9,0,133.0
10109772PRADALJ_2025-05-29_G40,10109772PRADALJ,2025-05-29,110373,1,7,0,310.0
10109772PRADALJ_2025-05-29_G41,10109772PRADALJ,2025-05-29,108794,1,8,0,1019.0
10109772PRADALJ_2025-05-29_G42,10109772PRADALJ,2025-05-29,111469,1,4,0,271.0
10109772PRADALJ_2025-05-29_G43,10109772PRADALJ,2025-05-29,108711,1,2,0,77.0
10109772PRADALJ_2025-05-29_G44,10109772PRADALJ,2025-05-29,118140,1,4,0,154.0
10109772PRADALJ_2025-05-29_G45,10109772PRADALJ,2025-05-29,110787,1,4,0,98.0
10109772PRADALJ_2025-05-29_G46,10109772PRADALJ,2025-05-29,111530,1,4,0,935.0
10109772PRADALJ_2025-05-29_G47,10109772PRADALJ,2025-05-29,109640,1,8,0,241.0
10109772PRADALJ_2025-05-29_G48,10109772PRADALJ,2025-05-29,111602,1,1,0,61.0
10109772PRADALJ_2025-05-29_G49,10109772PRADALJ,2025-05-29,110371,1,7,0,725.0
10109772PRADALJ_2025-05-29_G50,10109772PRADALJ,2025-05-29,117808,1,20,0,186.0
10109772PRADALJ_2025-05-29_G51,10109772PRADALJ,2025-05-29,108794,1,4,0,352.0
10109772PRADALJ_2025-05-29_G52,10109772PRADALJ,2025-05-29,108794,1,2,0,197.0
10109772PRADALJ_2025-05-29_G53,10109772PRADALJ,2025-05-29,111435,1,2,0,215.0
10109772PRADALJ_2025-05-29_G54,10109772PRADALJ,2025-05-29,111851,1,4,0,1582.0
10109772PRADALJ_2025-05-29_G55,10109772PRADALJ,2025-05-29,106179,1,1,0,278.0
10109772PRADALJ_2025-05-29_G56,10109772PRADALJ,2025-05-29,110080,1,2,0,89.0
10109772PRADALJ_2025-05-30_G02,10109772PRADALJ,2025-05-30,110742,1,12,0,361.0
10109772PRADALJ_2025-05-30_G03,10109772PRADALJ,2025-05-30,111793,1,2,0,230.0
10109772PRADALJ_2025-05-30_G04,10109772PRADALJ,2025-05-30,111430,1,4,0,211.0
10109772PRADALJ_2025-05-30_G05,10109772PRADALJ,2025-05-30,111430,1,4,0,60.0
10109772PRADALJ_2025-05-30_G06,10109772PRADALJ,2025-05-30,103149,2,3,14,328.0
10109772PRADALJ_2025-05-30_G07,10109772PRADALJ,2025-05-30,118222,1,40,0,1080.0
10109772PRADALJ_2025-05-30_G08,10109772PRADALJ,2025-05-30,111437,1,8,0,187.0
10109772PRADALJ_2025-05-30_G09,10109772PRADALJ,2025-05-30,111655,1,2,0,82.0
10109772PRADALJ_2025-05-30_G10,10109772PRADALJ,2025-05-30,110534,1,2,0,104.0
10109772PRADALJ_2025-05-30_G11,10109772PRADALJ,2025-05-30,111438,1,2,0,388.0
10109772PRADALJ_2025-05-30_G12,10109772PRADALJ,2025-05-30,110354,1,2,0,83.0
10109772PRADALJ_2025-05-30_G13,10109772PRADALJ,2025-05-30,105359,1,3,0,157.0
10109772PRADALJ_2025-05-30_G14,10109772PRADALJ,2025-05-30,110579,1,3,0,208.0
10109772PRADALJ_2025-05-30_G15,10109772PRADALJ,2025-05-30,108770,1,6,0,201.0
10109772PRADALJ_2025-05-30_G16,10109772PRADALJ,2025-05-30,114099,1,4,0,476.0
10109772PRADALJ_2025-05-30_G17,10109772PRADALJ,2025-05-30,108794,1,20,0,350.0
10109772PRADALJ_2025-05-30_G18,10109772PRADALJ,2025-05-30,111743,1,20,0,395.0
10109772PRADALJ_2025-05-30_G19,10109772PRADALJ,2025-05-30,108795,1,12,0,248.0
10109772PRADALJ_2025-05-30_G20,10109772PRADALJ,2025-05-30,110751,1,4,0,92.0
10109772PRADALJ_2025-05-30_G21,10109772PRADALJ,2025-05-30,109641,1,10,0,104.0
10109772PRADALJ_2025-05-30_G22,10109772PRADALJ,2025-05-30,109641,1,5,0,54.0
10109772PRADALJ_2025-05-30_G23,10109772PRADALJ,2025-05-30,111446,1,4,0,82.0
10109772PRADALJ_2025-05-30_G24,10109772PRADALJ,2025-05-30,117838,1,10,0,487.0
10109772PRADALJ_2025-05-30_G25,10109772PRADALJ,2025-05-30,111468,1,20,0,258.0
10109772PRADALJ_2025-05-30_G26,10109772PRADALJ,2025-05-30,110745,1,16,0,195.0
10109772PRADALJ_2025-05-30_G27,10109772PRADALJ,2025-05-30,111172,1,20,0,179.0
10109772PRADALJ_2025-05-30_G28,10109772PRADALJ,2025-05-30,117842,1,4,0,122.0
10109772PRADALJ_2025-05-30_G29,10109772PRADALJ,2025-05-30,118223,1,2,0,128.0
10109772PRADALJ_2025-05-30_G30,10109772PRADALJ,2025-05-30,118140,1,20,0,567.0
10109772PRADALJ_2025-05-30_G31,10109772PRADALJ,2025-05-30,111348,1,8,0,120.0
10109772PRADALJ_2025-05-30_G33,10109772PRADALJ,2025-05-30,111441,1,10,0,227.0
10109772PRADALJ_2025-05-30_G34,10109772PRADALJ,2025-05-30,118250,1,5,0,429.0
10109772PRADALJ_2025-05-30_G35,10109772PRADALJ,2025-05-30,110755,1,10,0,284.0
10109772PRADALJ_2025-05-30_G36,10109772PRADALJ,2025-05-30,118253,1,5,0,554.0
10109772PRADALJ_2025-05-30_G37,10109772PRADALJ,2025-05-30,111743,1,10,0,797.0
10109772PRADALJ_2025-05-30_G38,10109772PRADALJ,2025-05-30,116241,1,10,0,253.0
10109772PRADALJ_2025-05-30_G39,10109772PRADALJ,2025-05-30,108794,1,5,0,219.0
10109772PRADALJ_2025-05-30_G40,10109772PRADALJ,2025-05-30,111435,1,5,0,278.0
10109772PRADALJ_2025-05-30_G41,10109772PRADALJ,2025-05-30,111466,1,20,0,170.0
10109772PRADALJ_2025-05-30_G42,10109772PRADALJ,2025-05-30,111469,1,10,0,423.0
10109772PRADALJ_2025-05-30_G43,10109772PRADALJ,2025-05-30,111469,1,10,0,289.0
10109772PRADALJ_2025-05-30_G44,10109772PRADALJ,2025-05-30,108711,1,5,0,361.0
10109772PRADALJ_2025-05-30_G45,10109772PRADALJ,2025-05-30,111431,1,10,0,112.0
10109772PRADALJ_2025-05-30_G46,10109772PRADALJ,2025-05-30,111431,1,6,0,62.0
10109772PRADALJ_2025-05-30_G47,10109772PRADALJ,2025-05-30,111433,1,10,0,302.0
10109772PRADALJ_2025-05-30_G48,10109772PRADALJ,2025-05-30,117785,1,10,0,111.0
10109772PRADALJ_2025-05-30_G49,10109772PRADALJ,2025-05-30,117821,1,5,0,82.0
10109772PRADALJ_2025-05-30_G50,10109772PRADALJ,2025-05-30,110787,1,5,0,106.0
10109772PRADALJ_2025-05-30_G51,10109772PRADALJ,2025-05-30,111465,1,10,0,105.0
10109772PRADALJ_2025-05-30_G52,10109772PRADALJ,2025-05-30,111463,1,10,0,2743.0
10109772PRADALJ_2025-05-30_G53,10109772PRADALJ,2025-05-30,111469,1,10,0,155.0
10109772PRADALJ_2025-05-30_G54,10109772PRADALJ,2025-05-30,110373,1,10,0,158.0
10109772PRADALJ_2025-05-30_G55,10109772PRADALJ,2025-05-30,117808,1,20,0,195.0
10109772PRADALJ_2025-05-30_G56,10109772PRADALJ,2025-05-30,117820,1,10,0,206.0
10109772PRADALJ_2025-05-30_G57,10109772PRADALJ,2025-05-30,110742,1,7,0,1028.0
10109772PRADALJ_2025-05-30_G58,10109772PRADALJ,2025-05-30,111655,1,4,0,117.0
10109772PRADALJ_2025-05-30_G59,10109772PRADALJ,2025-05-30,118250,1,4,0,108.0
10109772PRADALJ_2025-05-30_G60,10109772PRADALJ,2025-05-30,110711,1,4,0,69.0
10109772PRADALJ_2025-05-30_G61,10109772PRADALJ,2025-05-30,111431,1,10,0,110.0
10109772PRADALJ_2025-05-31_G02,10109772PRADALJ,2025-05-31,110756,1,2,0,96.0
10109772PRADALJ_2025-05-31_G03,10109772PRADALJ,2025-05-31,105744,1,4,0,163.0
10109772PRADALJ_2025-05-31_G04,10109772PRADALJ,2025-05-31,110339,1,4,0,244.0
10109772PRADALJ_2025-05-31_G05,10109772PRADALJ,2025-05-31,118298,2,3,30,126.0
10109772PRADALJ_2025-05-31_G06,10109772PRADALJ,2025-05-31,117862,1,2,0,207.0
10109772PRADALJ_2025-05-31_G07,10109772PRADALJ,2025-05-31,117862,1,8,0,65.0
10109772PRADALJ_2025-05-31_G08,10109772PRADALJ,2025-05-31,117935,1,3,0,67.0
10109772PRADALJ_2025-05-31_G09,10109772PRADALJ,2025-05-31,111650,1,4,0,56.0
10109772PRADALJ_2025-05-31_G10,10109772PRADALJ,2025-05-31,111467,1,2,0,49.0
10109772PRADALJ_2025-05-31_G11,10109772PRADALJ,2025-05-31,117786,1,1,0,69.0
10109772PRADALJ_2025-05-31_G12,10109772PRADALJ,2025-05-31,111602,1,4,0,121.0
10109772PRADALJ_2025-05-31_G13,10109772PRADALJ,2025-05-31,118289,1,4,0,150.0
10109772PRADALJ_2025-05-31_G14,10109772PRADALJ,2025-05-31,116241,1,2,0,404.0
10109772PRADALJ_2025-05-31_G15,10109772PRADALJ,2025-05-31,110751,1,2,0,95.0
10109772PRADALJ_2025-05-31_G16,10109772PRADALJ,2025-05-31,111468,1,2,0,112.0
10109772PRADALJ_2025-05-31_G17,10109772PRADALJ,2025-05-31,117833,1,2,0,64.0
10109772PRADALJ_2025-05-31_G18,10109772PRADALJ,2025-05-31,111172,1,1,0,40.0
10109772PRADALJ_2025-05-31_G19,10109772PRADALJ,2025-05-31,109645,1,2,0,118.0
10109772PRADALJ_2025-05-31_G20,10109772PRADALJ,2025-05-31,117787,1,2,0,38.0
10109772PRADALJ_2025-05-31_G21,10109772PRADALJ,2025-05-31,111418,1,8,0,106.0
10109772PRADALJ_2025-05-31_G22,10109772PRADALJ,2025-05-31,111444,1,2,0,53.0
10109772PRADALJ_2025-05-31_G23,10109772PRADALJ,2025-05-31,107236,1,4,0,119.0
10109772PRADALJ_2025-05-31_G24,10109772PRADALJ,2025-05-31,109937,1,1,0,535.0
10109772PRADALJ_2025-05-31_G25,10109772PRADALJ,2025-05-31,118222,1,4,0,242.0
10109772PRADALJ_2025-05-31_G26,10109772PRADALJ,2025-05-31,118222,1,10,0,1453.0
10109772PRADALJ_2025-05-31_G27,10109772PRADALJ,2025-05-31,110755,1,4,0,142.0
10109772PRADALJ_2025-05-31_G28,10109772PRADALJ,2025-05-31,105705,1,6,0,137.0
10109772PRADALJ_2025-05-31_G29,10109772PRADALJ,2025-05-31,111172,1,10,0,165.0
10109772PRADALJ_2025-06-04_G02,10109772PRADALJ,2025-06-04,110741,1,59,0,381.0
10109772PRADALJ_2025-06-04_G03,10109772PRADALJ,2025-06-04,111530,1,110,0,1152.0
10109772PRADALJ_2025-06-04_G04,10109772PRADALJ,2025-06-04,110515,1,127,0,1104.0
10109772PRADALJ_2025-06-04_G05,10109772PRADALJ,2025-06-04,110743,1,64,0,887.0
10109772PRADALJ_2025-06-04_G06,10109772PRADALJ,2025-06-04,111466,1,395,0,1216.0
10109772PRADALJ_2025-06-04_G07,10109772PRADALJ,2025-06-04,107236,1,10,0,408.0
10109772PRADALJ_2025-06-04_G08,10109772PRADALJ,2025-06-04,111445,1,5,0,1588.0
10109772PRADALJ_2025-06-30_G02,10109772PRADALJ,2025-06-30,122196,1,20,0,440.0
10109772PRADALJ_2025-06-30_G03,10109772PRADALJ,2025-06-30,122962,1,16,0,50.0
10109772PRADALJ_2025-07-03_G02,10109772PRADALJ,2025-07-03,122988,1,1,0,296.0
10109772PRADALJ_2025-07-03_G03,10109772PRADALJ,2025-07-03,123345,1,1,0,184.0
10109772PRADALJ_2025-07-03_G04,10109772PRADALJ,2025-07-03,124486,1,5,0,178.0
10109772PRADALJ_2025-07-03_G05,10109772PRADALJ,2025-07-03,124264,1,23,0,493.0
10109772PRADALJ_2025-07-03_G06,10109772PRADALJ,2025-07-03,122671,1,110,0,1889.0
10109772PRADALJ_2025-07-14_G02,10109772PRADALJ,2025-07-14,111850,1,12,0,91.0
10109772PRADALJ_2025-07-14_G03,10109772PRADALJ,2025-07-14,118283,1,12,0,212.0
10109772PRADALJ_2025-07-14_G04,10109772PRADALJ,2025-07-14,110755,1,8,0,202.0
10109772PRADALJ_2025-07-14_G05,10109772PRADALJ,2025-07-14,108759,1,10,0,148.0
10109772PRADALJ_2025-07-14_G06,10109772PRADALJ,2025-07-14,118280,1,2,0,210.0
10109772PRADALJ_2025-07-14_G07,10109772PRADALJ,2025-07-14,111441,1,13,0,207.0
10109772PRADALJ_2025-07-14_G08,10109772PRADALJ,2025-07-14,114102,1,10,0,89.0
10109772PRADALJ_2025-07-14_G09,10109772PRADALJ,2025-07-14,108770,1,10,0,153.0
10109772PRADALJ_2025-07-14_G10,10109772PRADALJ,2025-07-14,118222,1,60,0,1280.0
10109772PRADALJ_2025-07-14_G11,10109772PRADALJ,2025-07-14,111440,1,8,0,192.0
10109772PRADALJ_2025-07-14_G12,10109772PRADALJ,2025-07-14,117862,1,20,0,312.0
10109772PRADALJ_2025-07-14_G13,10109772PRADALJ,2025-07-14,117853,1,12,0,148.0
10109772PRADALJ_2025-07-14_G14,10109772PRADALJ,2025-07-14,110711,1,25,0,309.0
10109772PRADALJ_2025-07-14_G15,10109772PRADALJ,2025-07-14,118403,1,8,0,67.0
10109772PRADALJ_2025-07-14_G16,10109772PRADALJ,2025-07-14,108772,1,11,0,130.0
10109772PRADALJ_2025-07-14_G17,10109772PRADALJ,2025-07-14,110515,1,20,0,456.0
10109772PRADALJ_2025-07-14_G18,10109772PRADALJ,2025-07-14,105242,1,6,0,165.0
10109772PRADALJ_2025-07-14_G19,10109772PRADALJ,2025-07-14,110752,1,11,0,121.0
10109772PRADALJ_2025-07-20_G02,10109772PRADALJ,2025-07-20,111850,1,10,0,158.0
10109772PRADALJ_2025-07-20_G03,10109772PRADALJ,2025-07-20,118222,2,17,15,219.0
10109772PRADALJ_2025-07-20_G04,10109772PRADALJ,2025-07-20,111172,1,10,0,1102.0
10109772PRADALJ_2025-07-20_G05,10109772PRADALJ,2025-07-20,110745,1,6,0,152.0
10109772PRADALJ_2025-07-20_G06,10109772PRADALJ,2025-07-20,111532,1,30,0,307.0
10109772PRADALJ_2025-07-20_G07,10109772PRADALJ,2025-07-20,111792,1,4,0,250.0
10109772PRADALJ_2025-07-20_G08,10109772PRADALJ,2025-07-20,111418,1,20,0,1040.0
10109772PRADALJ_2025-07-20_G09,10109772PRADALJ,2025-07-20,111466,1,40,0,598.0
10109772PRADALJ_2025-07-20_G10,10109772PRADALJ,2025-07-20,111465,1,10,0,99.0
10109772PRADALJ_2025-07-20_G11,10109772PRADALJ,2025-07-20,111468,1,10,0,93.0
10109772PRADALJ_2025-07-20_G12,10109772PRADALJ,2025-07-20,111463,1,40,0,47.0
10109772PRADALJ_2025-07-20_G13,10109772PRADALJ,2025-07-20,111532,1,9,0,111.0
10109772PRADALJ_2025-07-20_G14,10109772PRADALJ,2025-07-20,118140,1,30,0,459.0
10109772PRADALJ_2025-07-20_G15,10109772PRADALJ,2025-07-20,111469,1,10,0,282.0
10109772PRADALJ_2025-07-20_G16,10109772PRADALJ,2025-07-20,110740,1,40,0,544.0
10109772PRADALJ_2025-07-20_G17,10109772PRADALJ,2025-07-20,117785,1,20,0,404.0
10109772PRADALJ_2025-07-20_G18,10109772PRADALJ,2025-07-20,117785,1,50,0,387.0
10109772PRADALJ_2025-07-21_G02,10109772PRADALJ,2025-07-21,111463,1,8,0,204.0
10109772PRADALJ_2025-07-21_G03,10109772PRADALJ,2025-07-21,111463,1,7,0,58.0
10109772PRADALJ_2025-07-21_G04,10109772PRADALJ,2025-07-21,105705,1,4,0,174.0
10109772PRADALJ_2025-07-21_G05,10109772PRADALJ,2025-07-21,140922,1,3,0,79.0
10109772PRADALJ_2025-07-21_G06,10109772PRADALJ,2025-07-21,140922,1,8,0,95.0
10109772PRADALJ_2025-07-21_G07,10109772PRADALJ,2025-07-21,111462,1,16,0,306.0
10109772PRADALJ_2025-07-21_G08,10109772PRADALJ,2025-07-21,110745,1,2,0,60.0
10109772PRADALJ_2025-07-21_G09,10109772PRADALJ,2025-07-21,110745,1,2,0,39.0
10109772PRADALJ_2025-07-21_G10,10109772PRADALJ,2025-07-21,111532,1,8,0,160.0
10109772PRADALJ_2025-07-21_G11,10109772PRADALJ,2025-07-21,111532,1,5,0,76.0
10109772PRADALJ_2025-07-21_G12,10109772PRADALJ,2025-07-21,117842,1,4,0,140.0
10109772PRADALJ_2025-07-21_G13,10109772PRADALJ,2025-07-21,109645,1,4,0,81.0
10109772PRADALJ_2025-07-21_G14,10109772PRADALJ,2025-07-21,111418,2,29,24,387.0
10109772PRADALJ_2025-07-21_G15,10109772PRADALJ,2025-07-21,108711,1,3,0,54.0
10109772PRADALJ_2025-07-21_G16,10109772PRADALJ,2025-07-21,117787,1,2,0,53.0
10109772PRADALJ_2025-07-21_G17,10109772PRADALJ,2025-07-21,117785,1,2,0,56.0
10109772PRADALJ_2025-07-21_G18,10109772PRADALJ,2025-07-21,111433,1,3,0,94.0
10109772PRADALJ_2025-07-21_G19,10109772PRADALJ,2025-07-21,117831,1,5,0,116.0
10109772PRADALJ_2025-07-21_G20,10109772PRADALJ,2025-07-21,111442,1,3,0,48.0
10109772PRADALJ_2025-07-21_G21,10109772PRADALJ,2025-07-21,111444,1,3,0,46.0
10109772PRADALJ_2025-07-21_G22,10109772PRADALJ,2025-07-21,110740,1,4,0,112.0
10109772PRADALJ_2025-07-21_G23,10109772PRADALJ,2025-07-21,111466,2,11,29,56.0
10109772PRADALJ_2025-07-21_G24,10109772PRADALJ,2025-07-21,107236,1,5,0,67.0
10109772PRADALJ_2025-07-21_G25,10109772PRADALJ,2025-07-21,111465,1,13,0,111.0
10109772PRADALJ_2025-07-21_G26,10109772PRADALJ,2025-07-21,111465,1,6,0,74.0
10109772PRADALJ_2025-07-21_G27,10109772PRADALJ,2025-07-21,111468,1,7,0,111.0
10109772PRADALJ_2025-07-21_G28,10109772PRADALJ,2025-07-21,111469,1,16,0,501.0
10109772PRADALJ_2025-07-21_G29,10109772PRADALJ,2025-07-21,111468,1,7,0,222.0
10109772PRADALJ_2025-07-21_G30,10109772PRADALJ,2025-07-21,160055,1,4,0,149.0
10109772PRADALJ_2025-07-21_G31,10109772PRADALJ,2025-07-21,111469,1,47,0,329.0
10109772PRADALJ_2025-07-21_G33,10109772PRADALJ,2025-07-21,117808,1,4,0,41.0
10109772PRADALJ_2025-07-21_G34,10109772PRADALJ,2025-07-21,110372,1,5,0,120.0
10109772PRADALJ_2025-07-21_G35,10109772PRADALJ,2025-07-21,111442,1,5,0,461.0
10109772PRADALJ_2025-07-21_G36,10109772PRADALJ,2025-07-21,109643,1,2,0,171.0
10109772PRADALJ_2025-07-21_G37,10109772PRADALJ,2025-07-21,108794,1,4,0,202.0
10109772PRADALJ_2025-07-21_G38,10109772PRADALJ,2025-07-21,111443,1,2,0,135.0
10109772PRADALJ_2025-07-21_G39,10109772PRADALJ,2025-07-21,111569,1,4,0,533.0
10109772PRADALJ_2025-07-21_G40,10109772PRADALJ,2025-07-21,111435,1,2,0,228.0
10109772PRADALJ_2025-07-21_G41,10109772PRADALJ,2025-07-21,111433,1,2,0,136.0
10109772PRADALJ_2025-08-08_G02,10109772PRADALJ,2025-08-08,123313,1,15,0,880.0
10109772PRADALJ_2025-08-08_G03,10109772PRADALJ,2025-08-08,122983,1,10,0,2111.0
10109772PRADALJ_2025-08-08_G04,10109772PRADALJ,2025-08-08,122983,1,4,0,59.0
10109772PRADALJ_2025-08-08_G05,10109772PRADALJ,2025-08-08,121760,1,6,0,152.0
10109772PRADALJ_2025-08-08_G06,10109772PRADALJ,2025-08-08,121760,1,6,0,177.0
10109772PRADALJ_2025-08-08_G07,10109772PRADALJ,2025-08-08,121760,1,6,0,145.0
10109772PRADALJ_2025-08-08_G08,10109772PRADALJ,2025-08-08,121760,1,4,0,128.0
10109772PRADALJ_2025-08-08_G09,10109772PRADALJ,2025-08-08,122981,1,5,0,197.0
10109772PRADALJ_2025-08-08_G10,10109772PRADALJ,2025-08-08,122981,1,16,0,368.0
10109772PRADALJ_2025-08-08_G11,10109772PRADALJ,2025-08-08,122962,1,80,0,2222.0
10109772PRADALJ_2025-08-08_G12,10109772PRADALJ,2025-08-08,122647,1,36,0,703.0
10109772PRADALJ_2025-08-10_G02,10109772PRADALJ,2025-08-10,123343,1,1,0,385.0
10109772PRADALJ_2025-08-10_G03,10109772PRADALJ,2025-08-10,124486,1,12,0,673.0
10109772PRADALJ_2025-08-10_G04,10109772PRADALJ,2025-08-10,122962,1,16,0,616.0
10109772PRADALJ_2025-08-10_G05,10109772PRADALJ,2025-08-10,122673,1,2,0,691.0
10109772PRADALJ_2025-08-10_G06,10109772PRADALJ,2025-08-10,120389,1,4,0,174.0
10109772PRADALJ_2025-08-10_G07,10109772PRADALJ,2025-08-10,120028,1,8,0,493.0
10109772PRADALJ_2025-08-10_G08,10109772PRADALJ,2025-08-10,123345,1,4,0,366.0
10109772PRADALJ_2025-08-11_G02,10109772PRADALJ,2025-08-11,123344,1,4,0,527.0
10109772PRADALJ_2025-08-11_G03,10109772PRADALJ,2025-08-11,123345,1,4,0,210.0
10109772PRADALJ_2025-08-11_G04,10109772PRADALJ,2025-08-11,123343,1,4,0,96.0
10109772PRADALJ_2025-08-11_G05,10109772PRADALJ,2025-08-11,124486,1,12,0,630.0
10109772PRADALJ_2025-08-11_G06,10109772PRADALJ,2025-08-11,122673,1,6,0,363.0
10109772PRADALJ_2025-08-11_G07,10109772PRADALJ,2025-08-11,124486,1,4,0,440.0
10109772PRADALJ_2025-08-11_G08,10109772PRADALJ,2025-08-11,123345,1,2,0,783.0
10109772PRADALJ_2025-08-11_G09,10109772PRADALJ,2025-08-11,122984,1,1,0,923.0
10109772PRADALJ_2025-08-11_G10,10109772PRADALJ,2025-08-11,124248,1,2,0,759.0
10109772PRADALJ_2025-08-11_G11,10109772PRADALJ,2025-08-11,120389,1,16,0,2018.0
10109772PRADALJ_2025-08-11_G12,10109772PRADALJ,2025-08-11,124475,1,18,0,736.0
10109772PRADALJ_2025-08-11_G13,10109772PRADALJ,2025-08-11,121760,1,33,0,962.0
10109772PRADALJ_2025-10-02_G02,10109772PRADALJ,2025-10-02,120271,1,6,0,1169.0
10109772PRADALJ_2025-10-02_G03,10109772PRADALJ,2025-10-02,122981,1,6,0,248.0
10109772PRADALJ_2025-10-02_G04,10109772PRADALJ,2025-10-02,124248,1,100,0,2028.0
10109772PRADALJ_2025-10-02_G05,10109772PRADALJ,2025-10-02,124248,1,22,0,350.0
10109772PRADALJ_2025-10-02_G06,10109772PRADALJ,2025-10-02,123822,1,21,0,526.0
10109772PRADALJ_2025-10-02_G07,10109772PRADALJ,2025-10-02,123822,1,16,0,242.0
10109772PRADALJ_2025-10-02_G08,10109772PRADALJ,2025-10-02,123822,1,16,0,344.0
10109772PRADALJ_2025-10-02_G09,10109772PRADALJ,2025-10-02,123343,1,20,0,249.0
10109772PRADALJ_2025-10-02_G10,10109772PRADALJ,2025-10-02,120389,1,30,0,797.0
10109772PRADALJ_2025-10-02_G11,10109772PRADALJ,2025-10-02,122984,1,16,0,385.0
10109772PRADALJ_2025-10-03_G02,10109772PRADALJ,2025-10-03,120028,1,8,0,117.0
10109772PRADALJ_2025-10-03_G03,10109772PRADALJ,2025-10-03,123153,1,48,0,551.0
10109772PRADALJ_2025-10-03_G04,10109772PRADALJ,2025-10-03,122673,1,8,0,640.0
10109772PRADALJ_2025-10-03_G05,10109772PRADALJ,2025-10-03,122962,1,6,0,113.0
10109772PRADALJ_2025-10-03_G06,10109772PRADALJ,2025-10-03,122983,1,20,0,229.0
10109772PRADALJ_2025-10-03_G07,10109772PRADALJ,2025-10-03,122984,1,8,0,80.0
10109772PRADALJ_2025-10-17_G02,10109772PRADALJ,2025-10-17,110582,1,2,0,214.0
10109772PRADALJ_2025-10-17_G03,10109772PRADALJ,2025-10-17,109640,1,6,0,91.0
10109772PRADALJ_2025-10-17_G04,10109772PRADALJ,2025-10-17,118317,1,12,0,127.0
10109772PRADALJ_2025-10-17_G05,10109772PRADALJ,2025-10-17,117785,1,22,0,236.0
10109772PRADALJ_2025-10-17_G06,10109772PRADALJ,2025-10-17,117820,1,100,0,1601.0
10109772PRADALJ_2025-10-17_G07,10109772PRADALJ,2025-10-17,117832,1,10,0,285.0
10109772PRADALJ_2025-10-17_G08,10109772PRADALJ,2025-10-17,118299,1,17,0,261.0
10109772PRADALJ_2025-10-17_G09,10109772PRADALJ,2025-10-17,110325,1,7,0,68.0
10109772PRADALJ_2025-10-17_G10,10109772PRADALJ,2025-10-17,110373,1,80,0,665.0
10109772PRADALJ_2025-10-17_G11,10109772PRADALJ,2025-10-17,109643,1,16,0,1507.0
10109772PRADALJ_2025-10-17_G12,10109772PRADALJ,2025-10-17,107830,1,4,0,225.0
10109772PRADALJ_2025-10-17_G13,10109772PRADALJ,2025-10-17,110371,1,10,0,254.0
10109772PRADALJ_2025-10-17_G14,10109772PRADALJ,2025-10-17,117832,1,4,0,81.0
10109772PRADALJ_2025-10-17_G15,10109772PRADALJ,2025-10-17,110372,1,20,0,223.0
10109772PRADALJ_2025-10-17_G16,10109772PRADALJ,2025-10-17,110373,1,20,0,110.0
10109772PRADALJ_2025-10-17_G17,10109772PRADALJ,2025-10-17,110373,1,20,0,118.0
10109772PRADALJ_2025-10-17_G18,10109772PRADALJ,2025-10-17,117808,1,20,0,807.0
10109772PRADALJ_2025-10-17_G19,10109772PRADALJ,2025-10-17,117820,1,20,0,226.0
10109772PRADALJ_2025-10-17_G20,10109772PRADALJ,2025-10-17,117820,1,20,0,148.0
10109772PRADALJ_2025-10-17_G21,10109772PRADALJ,2025-10-17,110325,1,8,0,123.0
10109772PRADALJ_2025-10-17_G22,10109772PRADALJ,2025-10-17,118290,1,4,0,786.0
10109772PRADALJ_2025-10-17_G23,10109772PRADALJ,2025-10-17,117785,1,8,0,154.0
10109772PRADALJ_2025-10-17_G24,10109772PRADALJ,2025-10-17,116611,2,10,29,268.0
10109772PRADALJ_2025-10-17_G25,10109772PRADALJ,2025-10-17,110372,1,34,0,492.0
10109772PRADALJ_2025-11-14_G02,10109772PRADALJ,2025-11-14,123080,1,18,0,404.0
10109772PRADALJ_2025-11-14_G03,10109772PRADALJ,2025-11-14,120389,1,10,0,139.0
10109772PRADALJ_2025-11-14_G04,10109772PRADALJ,2025-11-14,123345,1,46,0,978.0
10109772PRADALJ_2025-11-14_G05,10109772PRADALJ,2025-11-14,181887,1,4,0,1798.0
10109772PRADALJ_2025-11-14_G06,10109772PRADALJ,2025-11-14,120008,1,20,0,1389.0
10109772PRADALJ_2025-11-14_G07,10109772PRADALJ,2025-11-14,123909,1,2,0,329.0
10109772PRADALJ_2025-11-14_G08,10109772PRADALJ,2025-11-14,123492,1,5,0,375.0
10109772PRADALJ_2025-11-14_G09,10109772PRADALJ,2025-11-14,122988,1,4,0,59.0
10109772PRADALJ_2025-11-14_G10,10109772PRADALJ,2025-11-14,122982,1,10,0,365.0
10109772PRADALJ_2025-11-14_G11,10109772PRADALJ,2025-11-14,122962,1,17,0,159.0
10109772PRADALJ_2025-11-14_G12,10109772PRADALJ,2025-11-14,124486,1,40,0,920.0
10109772PRADALJ_2025-11-14_G13,10109772PRADALJ,2025-11-14,124486,1,30,0,620.0
10109772PRADALJ_2025-11-16_G02,10109772PRADALJ,2025-11-16,122647,1,2,0,572.0
10109772PRADALJ_2025-11-16_G03,10109772PRADALJ,2025-11-16,122673,1,2,0,171.0
10109772PRADALJ_2025-11-16_G04,10109772PRADALJ,2025-11-16,124511,1,130,0,1840.0
10109772PRADALJ_2025-11-16_G06,10109772PRADALJ,2025-11-16,124594,1,2,0,529.0
10109772PRADALJ_2025-11-16_G07,10109772PRADALJ,2025-11-16,124486,1,7,0,295.0
10109772PRADALJ_2025-11-16_G08,10109772PRADALJ,2025-11-16,123343,1,10,0,354.0
10109772PRADALJ_2025-11-17_G02,10109772PRADALJ,2025-11-17,124370,1,7,0,866.0
10109772PRADALJ_2025-11-17_G03,10109772PRADALJ,2025-11-17,123345,1,30,0,869.0
10109772PRADALJ_2025-11-17_G04,10109772PRADALJ,2025-11-17,123313,1,4,0,1326.0
10109772PRADALJ_2025-11-17_G05,10109772PRADALJ,2025-11-17,124477,1,10,0,357.0
10109772PRADALJ_2025-11-17_G06,10109772PRADALJ,2025-11-17,122185,1,50,0,975.0
10109772PRADALJ_2025-11-17_G07,10109772PRADALJ,2025-11-17,123153,1,12,0,201.0
10109772PRADALJ_2025-11-17_G08,10109772PRADALJ,2025-11-17,122984,1,50,0,880.0
10109772PRADALJ_2025-11-17_G09,10109772PRADALJ,2025-11-17,124370,1,40,0,564.0
10109772PRADALJ_2025-11-17_G10,10109772PRADALJ,2025-11-17,122962,1,30,0,405.0
10109772PRADALJ_2025-11-17_G11,10109772PRADALJ,2025-11-17,121651,1,50,0,648.0
10109772PRADALJ_2025-11-17_G12,10109772PRADALJ,2025-11-17,122988,1,3,0,1521.0
10109772PRADALJ_2025-11-17_G13,10109772PRADALJ,2025-11-17,121651,1,4,0,129.0
10109772PRADALJ_2025-11-17_G14,10109772PRADALJ,2025-11-17,122982,1,5,0,279.0
10109772PRADALJ_2025-11-17_G16,10109772PRADALJ,2025-11-17,121760,1,12,0,297.0
10109772PRADALJ_2025-11-17_G17,10109772PRADALJ,2025-11-17,124370,1,20,0,559.0
10109772PRADALJ_2025-11-17_G18,10109772PRADALJ,2025-11-17,124370,1,12,0,354.0
10109772PRADALJ_2025-11-17_G19,10109772PRADALJ,2025-11-17,124486,1,18,0,432.0
10109772PRADALJ_2025-11-17_G20,10109772PRADALJ,2025-11-17,"123345, 123344",2,24,26,1575.0
10109772PRADALJ_2025-11-17_G21,10109772PRADALJ,2025-11-17,122983,1,16,0,1326.0
10109772PRADALJ_2025-11-17_G22,10109772PRADALJ,2025-11-17,122962,1,42,0,556.0
10109772PRADALJ_2025-11-17_G23,10109772PRADALJ,2025-11-17,124247,1,6,0,213.0
10109772PRADALJ_2025-11-17_G24,10109772PRADALJ,2025-11-17,120339,1,4,0,232.0
10109772PRADALJ_2025-11-17_G25,10109772PRADALJ,2025-11-17,124247,1,8,0,120.0
10109772PRADALJ_2025-11-17_G26,10109772PRADALJ,2025-11-17,122967,1,20,0,481.0
10109772PRADALJ_2025-11-17_G27,10109772PRADALJ,2025-11-17,120389,1,8,0,134.0
10109772PRADALJ_2025-11-17_G28,10109772PRADALJ,2025-11-17,124248,1,10,0,110.0
10109772PRADALJ_2025-11-17_G29,10109772PRADALJ,2025-11-17,122962,1,40,0,451.0
10109772PRADALJ_2025-11-17_G30,10109772PRADALJ,2025-11-17,124486,1,50,0,849.0
10109772PRADALJ_2025-11-17_G31,10109772PRADALJ,2025-11-17,123822,1,46,0,673.0
10109772PRADALJ_2025-11-18_G02,10109772PRADALJ,2025-11-18,124624,1,70,0,1290.0
10109772PRADALJ_2025-11-18_G03,10109772PRADALJ,2025-11-18,122962,1,120,0,1882.0
10109772PRADALJ_2025-11-23_G02,10109772PRADALJ,2025-11-23,123153,1,20,0,429.0
10109772PRADALJ_2025-11-23_G03,10109772PRADALJ,2025-11-23,122984,1,1,0,77.0
10109772PRADALJ_2025-11-23_G04,10109772PRADALJ,2025-11-23,124475,1,13,0,315.0
10109772PRADALJ_2025-11-24_G02,10109772PRADALJ,2025-11-24,124370,1,12,0,533.0
10109772PRADALJ_2025-11-24_G03,10109772PRADALJ,2025-11-24,124370,1,10,0,374.0
10109772PRADALJ_2025-11-24_G04,10109772PRADALJ,2025-11-24,124247,1,6,0,135.0
10109772PRADALJ_2025-11-24_G05,10109772PRADALJ,2025-11-24,123343,1,8,0,915.0
10109772PRADALJ_2025-11-24_G06,10109772PRADALJ,2025-11-24,123345,1,16,0,288.0
10109772PRADALJ_2025-11-24_G07,10109772PRADALJ,2025-11-24,124248,1,24,0,1399.0
10109772PRADALJ_2025-11-24_G08,10109772PRADALJ,2025-11-24,120008,1,8,0,535.0
10109772PRADALJ_2025-11-24_G09,10109772PRADALJ,2025-11-24,122982,1,16,0,636.0
10109772PRADALJ_2025-11-24_G10,10109772PRADALJ,2025-11-24,124548,1,8,0,325.0
10109772PRADALJ_2025-11-24_G11,10109772PRADALJ,2025-11-24,124475,1,6,0,317.0
10109772PRADALJ_2025-11-24_G12,10109772PRADALJ,2025-11-24,121760,1,4,0,238.0
10109772PRADALJ_2025-11-24_G13,10109772PRADALJ,2025-11-24,124370,1,33,0,804.0
10109772PRADALJ_2025-11-24_G14,10109772PRADALJ,2025-11-24,123345,1,9,0,1099.0
10109772PRADALJ_2025-11-24_G15,10109772PRADALJ,2025-11-24,120389,1,32,0,1081.0
10109772PRADALJ_2025-11-24_G16,10109772PRADALJ,2025-11-24,123345,1,6,0,215.0
10109772PRADALJ_2025-11-24_G17,10109772PRADALJ,2025-11-24,124248,1,2,0,156.0
10109772PRADALJ_2025-11-24_G18,10109772PRADALJ,2025-11-24,123313,1,12,0,346.0
10109772PRADALJ_2025-12-15_G02,10109772PRADALJ,2025-12-15,118418,1,4,0,98.0
10109772PRADALJ_2025-12-15_G03,10109772PRADALJ,2025-12-15,111655,1,2,0,98.0
10109772PRADALJ_2025-12-15_G04,10109772PRADALJ,2025-12-15,111655,1,4,0,409.0
10109772PRADALJ_2025-12-15_G05,10109772PRADALJ,2025-12-15,141318,1,20,0,376.0
10109772PRADALJ_2025-12-15_G06,10109772PRADALJ,2025-12-15,117808,1,200,0,401.0
10109772PRADALJ_2025-12-15_G07,10109772PRADALJ,2025-12-15,117809,1,30,0,269.0
10109772PRADALJ_2025-12-15_G08,10109772PRADALJ,2025-12-15,110376,1,10,0,139.0
10109772PRADALJ_2025-12-15_G09,10109772PRADALJ,2025-12-15,117832,1,34,0,293.0
10109772PRADALJ_2025-12-15_G10,10109772PRADALJ,2025-12-15,118299,1,53,0,544.0
10109772PRADALJ_2025-12-15_G11,10109772PRADALJ,2025-12-15,110372,1,10,0,139.0
10109772PRADALJ_2025-12-15_G12,10109772PRADALJ,2025-12-15,110325,1,10,0,133.0
10109772PRADALJ_2025-12-15_G13,10109772PRADALJ,2025-12-15,110374,1,20,0,151.0
10109772PRADALJ_2025-12-15_G14,10109772PRADALJ,2025-12-15,117808,1,200,0,1091.0
10109772PRADALJ_2025-12-15_G15,10109772PRADALJ,2025-12-15,117808,1,412,0,1175.0
10109772PRADALJ_2025-12-15_G16,10109772PRADALJ,2025-12-15,110374,1,99,0,352.0
10109772PRADALJ_2025-12-15_G17,10109772PRADALJ,2025-12-15,111602,1,24,0,438.0
10109772PRADALJ_2026-01-11_G02,10109772PRADALJ,2026-01-11,111462,1,260,0,788.0
10109772PRADALJ_2026-01-11_G03,10109772PRADALJ,2026-01-11,140922,1,170,0,814.0
10109772PRADALJ_2026-01-11_G04,10109772PRADALJ,2026-01-11,111469,1,200,0,701.0
10109772PRADALJ_2026-01-11_G05,10109772PRADALJ,2026-01-11,117831,1,230,0,523.0
10109772PRADALJ_2026-01-11_G06,10109772PRADALJ,2026-01-11,141456,1,186,0,520.0
10109772PRADALJ_2026-01-11_G07,10109772PRADALJ,2026-01-11,117832,1,114,0,278.0
10109772PRADALJ_2026-01-11_G08,10109772PRADALJ,2026-01-11,117809,1,220,0,356.0
10109772PRADALJ_2026-01-13_G02,10109772PRADALJ,2026-01-13,111438,1,2,0,105.0
10109772PRADALJ_2026-01-13_G03,10109772PRADALJ,2026-01-13,110895,1,10,0,327.0
10109772PRADALJ_2026-01-13_G04,10109772PRADALJ,2026-01-13,111437,1,4,0,102.0
10109772PRADALJ_2026-01-13_G05,10109772PRADALJ,2026-01-13,110755,1,3,0,90.0
10109772PRADALJ_2026-01-13_G06,10109772PRADALJ,2026-01-13,108794,1,4,0,267.0
10109772PRADALJ_2026-01-13_G07,10109772PRADALJ,2026-01-13,111532,1,4,0,58.0
10109772PRADALJ_2026-01-13_G08,10109772PRADALJ,2026-01-13,118140,1,18,0,133.0
10109772PRADALJ_2026-01-13_G09,10109772PRADALJ,2026-01-13,117831,1,8,0,71.0
10109772PRADALJ_2026-01-13_G10,10109772PRADALJ,2026-01-13,111462,1,4,0,44.0
10109772PRADALJ_2026-01-13_G11,10109772PRADALJ,2026-01-13,111418,1,21,0,348.0
10109772PRADALJ_2026-01-13_G12,10109772PRADALJ,2026-01-13,140922,1,15,0,251.0
10109772PRADALJ_2026-01-13_G13,10109772PRADALJ,2026-01-13,111182,1,6,0,111.0
10109772PRADALJ_2026-01-13_G14,10109772PRADALJ,2026-01-13,111466,1,2,0,51.0
10109772PRADALJ_2026-01-13_G15,10109772PRADALJ,2026-01-13,111443,1,4,0,116.0
10109772PRADALJ_2026-01-13_G16,10109772PRADALJ,2026-01-13,111463,1,18,0,107.0
10109772PRADALJ_2026-01-13_G17,10109772PRADALJ,2026-01-13,111469,2,26,29,217.0
10109772PRADALJ_2026-01-13_G18,10109772PRADALJ,2026-01-13,110740,1,14,0,152.0
10109772PRADALJ_2026-01-13_G19,10109772PRADALJ,2026-01-13,141456,1,2,0,75.0
10109772PRADALJ_2026-01-13_G20,10109772PRADALJ,2026-01-13,110787,1,2,0,453.0
10109772PRADALJ_2026-01-13_G21,10109772PRADALJ,2026-01-13,117965,1,1,0,485.0
10109772PRADALJ_2026-01-13_G22,10109772PRADALJ,2026-01-13,117862,1,1,0,162.0
10109772PRADALJ_2026-01-13_G23,10109772PRADALJ,2026-01-13,110733,1,40,0,325.0
10109772PRADALJ_2026-01-13_G24,10109772PRADALJ,2026-01-13,117855,1,11,0,93.0
10109772PRADALJ_2026-01-13_G25,10109772PRADALJ,2026-01-13,117855,1,17,0,389.0
10109772PRADALJ_2026-01-13_G26,10109772PRADALJ,2026-01-13,118094,1,12,0,221.0
10109772PRADALJ_2026-01-13_G27,10109772PRADALJ,2026-01-13,140957,1,1,0,47.0
10109772PRADALJ_2026-01-13_G28,10109772PRADALJ,2026-01-13,110741,1,8,0,91.0
10109772PRADALJ_2026-01-13_G29,10109772PRADALJ,2026-01-13,110741,1,6,0,70.0
10109772PRADALJ_2026-01-13_G30,10109772PRADALJ,2026-01-13,140923,1,60,0,444.0
10109772PRADALJ_2026-01-13_G31,10109772PRADALJ,2026-01-13,110313,1,10,0,453.0
10109772PRADALJ_2026-01-13_G32,10109772PRADALJ,2026-01-13,110313,1,12,0,75.0
10109772PRADALJ_2026-01-13_G33,10109772PRADALJ,2026-01-13,107629,1,8,0,462.0
10109772PRADALJ_2026-01-13_G34,10109772PRADALJ,2026-01-13,111530,1,40,0,239.0
10109772PRADALJ_2026-01-13_G35,10109772PRADALJ,2026-01-13,117786,1,40,0,414.0
10109772PRADALJ_2026-01-13_G36,10109772PRADALJ,2026-01-13,110339,1,30,0,197.0
10109772PRADALJ_2026-01-13_G37,10109772PRADALJ,2026-01-13,117853,1,12,0,324.0
10109772PRADALJ_2026-01-13_G38,10109772PRADALJ,2026-01-13,105242,1,3,0,96.0
10109772PRADALJ_2026-01-13_G39,10109772PRADALJ,2026-01-13,101217,1,4,0,69.0
10109772PRADALJ_2026-01-13_G40,10109772PRADALJ,2026-01-13,109640,1,15,0,181.0
10109772PRADALJ_2026-01-13_G41,10109772PRADALJ,2026-01-13,106860,1,1,0,115.0
10109772PRADALJ_2026-01-13_G42,10109772PRADALJ,2026-01-13,110752,1,1,0,52.0
10109772PRADALJ_2026-01-13_G44,10109772PRADALJ,2026-01-13,117835,1,8,0,153.0
10109772PRADALJ_2026-01-13_G45,10109772PRADALJ,2026-01-13,118306,1,43,0,313.0
10109772PRADALJ_2026-01-13_G46,10109772PRADALJ,2026-01-13,116527,1,4,0,248.0
10109772PRADALJ_2026-01-13_G47,10109772PRADALJ,2026-01-13,141916,1,8,0,135.0
10109772PRADALJ_2026-01-13_G48,10109772PRADALJ,2026-01-13,118290,1,6,0,116.0
10109772PRADALJ_2026-01-13_G49,10109772PRADALJ,2026-01-13,100334,1,2,0,49.0
10109772PRADALJ_2026-01-13_G50,10109772PRADALJ,2026-01-13,109648,1,2,0,213.0
10109772PRADALJ_2026-01-13_G51,10109772PRADALJ,2026-01-13,110371,1,120,0,242.0
10109772PRADALJ_2026-01-23_G02,10109772PRADALJ,2026-01-23,111441,1,15,0,119.0
10109772PRADALJ_2026-01-23_G03,10109772PRADALJ,2026-01-23,117834,1,8,0,484.0
10109772PRADALJ_2026-01-23_G04,10109772PRADALJ,2026-01-23,111467,1,100,0,827.0
10109772PRADALJ_2026-01-23_G05,10109772PRADALJ,2026-01-23,110313,1,50,0,339.0
10109772PRADALJ_2026-01-23_G06,10109772PRADALJ,2026-01-23,140923,1,170,0,788.0
10109772PRADALJ_2026-01-23_G07,10109772PRADALJ,2026-01-23,117856,1,160,0,625.0
10109772PRADALJ_2026-01-23_G08,10109772PRADALJ,2026-01-23,117855,1,60,0,517.0
10109772PRADALJ_2026-01-23_G09,10109772PRADALJ,2026-01-23,109641,1,20,0,230.0
10109772PRADALJ_2026-01-23_G10,10109772PRADALJ,2026-01-23,117831,1,100,0,371.0
10109772PRADALJ_2026-01-23_G11,10109772PRADALJ,2026-01-23,110751,1,10,0,93.0
10109772PRADALJ_2026-01-23_G12,10109772PRADALJ,2026-01-23,118330,1,32,0,375.0
10109772PRADALJ_2026-01-23_G13,10109772PRADALJ,2026-01-23,111418,1,100,0,551.0
10109772PRADALJ_2026-01-23_G14,10109772PRADALJ,2026-01-23,111444,1,8,0,120.0
10109772PRADALJ_2026-01-23_G15,10109772PRADALJ,2026-01-23,110740,1,60,0,293.0
10109772PRADALJ_2026-01-23_G16,10109772PRADALJ,2026-01-23,117785,1,100,0,484.0
10109772PRADALJ_2026-01-23_G17,10109772PRADALJ,2026-01-23,115209,1,12,0,464.0
10109772PRADALJ_2026-01-24_G02,10109772PRADALJ,2026-01-24,110895,1,3,0,1580.0
10109772PRADALJ_2026-01-24_G03,10109772PRADALJ,2026-01-24,141035,1,2,0,241.0
10109772PRADALJ_2026-01-24_G04,10109772PRADALJ,2026-01-24,117862,1,9,0,103.0
10109772PRADALJ_2026-01-24_G05,10109772PRADALJ,2026-01-24,118094,1,3,0,77.0
10109772PRADALJ_2026-01-24_G06,10109772PRADALJ,2026-01-24,117837,1,12,0,157.0
10109772PRADALJ_2026-01-24_G07,10109772PRADALJ,2026-01-24,117788,1,4,0,91.0
10109772PRADALJ_2026-01-24_G08,10109772PRADALJ,2026-01-24,110313,1,2,0,39.0
10109772PRADALJ_2026-01-24_G09,10109772PRADALJ,2026-01-24,140923,1,9,0,87.0
10109772PRADALJ_2026-01-24_G10,10109772PRADALJ,2026-01-24,141047,1,4,0,98.0
10109772PRADALJ_2026-01-24_G11,10109772PRADALJ,2026-01-24,107629,1,8,0,358.0
10109772PRADALJ_2026-01-24_G12,10109772PRADALJ,2026-01-24,117786,1,11,0,124.0
10109772PRADALJ_2026-01-24_G13,10109772PRADALJ,2026-01-24,110756,1,4,0,52.0
10109772PRADALJ_2026-01-24_G14,10109772PRADALJ,2026-01-24,110339,1,5,0,117.0
10109772PRADALJ_2026-01-24_G15,10109772PRADALJ,2026-01-24,117861,1,7,0,176.0
10109772PRADALJ_2026-01-24_G16,10109772PRADALJ,2026-01-24,117855,1,4,0,69.0
10109772PRADALJ_2026-01-24_G17,10109772PRADALJ,2026-01-24,117854,1,3,0,65.0
10109772PRADALJ_2026-01-24_G18,10109772PRADALJ,2026-01-24,111348,1,5,0,483.0
10109772PRADALJ_2026-01-24_G19,10109772PRADALJ,2026-01-24,117831,1,6,0,65.0
10109772PRADALJ_2026-01-24_G20,10109772PRADALJ,2026-01-24,140922,1,2,0,41.0
10109772PRADALJ_2026-01-24_G21,10109772PRADALJ,2026-01-24,117821,1,5,0,472.0
10109772PRADALJ_2026-01-24_G22,10109772PRADALJ,2026-01-24,109645,1,6,0,93.0
10109772PRADALJ_2026-01-24_G23,10109772PRADALJ,2026-01-24,141271,1,16,0,128.0
10109772PRADALJ_2026-01-24_G24,10109772PRADALJ,2026-01-24,111462,1,6,0,51.0
10109772PRADALJ_2026-01-24_G25,10109772PRADALJ,2026-01-24,141048,1,4,0,106.0
10109772PRADALJ_2026-01-24_G26,10109772PRADALJ,2026-01-24,141823,1,8,0,71.0
10109772PRADALJ_2026-01-24_G27,10109772PRADALJ,2026-01-24,111418,1,44,0,509.0
10109772PRADALJ_2026-01-24_G28,10109772PRADALJ,2026-01-24,111468,1,13,0,303.0
10109772PRADALJ_2026-01-24_G29,10109772PRADALJ,2026-01-24,108798,1,6,0,74.0
10109772PRADALJ_2026-01-24_G30,10109772PRADALJ,2026-01-24,141458,1,13,0,531.0
10109772PRADALJ_2026-01-24_G31,10109772PRADALJ,2026-01-24,117856,1,7,0,437.0
10109772PRADALJ_2026-01-24_G32,10109772PRADALJ,2026-01-24,108759,1,2,0,1326.0
10109772PRADALJ_2026-01-24_G33,10109772PRADALJ,2026-01-24,110373,1,20,0,216.0
10109772PRADALJ_2026-01-25_G02,10109772PRADALJ,2026-01-25,124486,1,10,0,625.0
10109772PRADALJ_2026-01-25_G03,10109772PRADALJ,2026-01-25,122962,1,8,0,358.0
10109772PRADALJ_2026-01-25_G04,10109772PRADALJ,2026-01-25,122984,1,22,0,442.0
10109772PRADALJ_2026-01-25_G05,10109772PRADALJ,2026-01-25,124486,1,2,0,127.0
10109772PRADALJ_2026-01-25_G06,10109772PRADALJ,2026-01-25,124371,1,10,0,208.0
10109772PRADALJ_2026-01-25_G07,10109772PRADALJ,2026-01-25,124248,1,1,0,155.0
10109772PRADALJ_2026-01-25_G08,10109772PRADALJ,2026-01-25,124248,1,2,0,39.0
10109772PRADALJ_2026-01-25_G09,10109772PRADALJ,2026-01-25,123343,1,2,0,263.0
10109772PRADALJ_2026-01-25_G10,10109772PRADALJ,2026-01-25,122962,1,4,0,31.0
10109772PRADALJ_2026-01-25_G11,10109772PRADALJ,2026-01-25,121760,1,3,0,172.0
10109772PRADALJ_2026-01-25_G12,10109772PRADALJ,2026-01-25,124475,1,8,0,348.0
10109772PRADALJ_2026-01-25_G13,10109772PRADALJ,2026-01-25,124475,1,4,0,96.0
10109772PRADALJ_2026-01-25_G14,10109772PRADALJ,2026-01-25,123345,1,4,0,204.0
10109772PRADALJ_2026-01-25_G15,10109772PRADALJ,2026-01-25,124486,1,16,0,332.0
10109772PRADALJ_2026-01-25_G16,10109772PRADALJ,2026-01-25,123343,1,4,0,186.0
10109772PRADALJ_2026-01-25_G17,10109772PRADALJ,2026-01-25,123345,1,2,0,398.0
10109772PRADALJ_2026-01-25_G18,10109772PRADALJ,2026-01-25,124475,1,2,0,172.0
10109772PRADALJ_2026-01-25_G19,10109772PRADALJ,2026-01-25,122988,1,3,0,72.0
10109772PRADALJ_2026-01-25_G20,10109772PRADALJ,2026-01-25,124624,1,4,0,363.0
10109772PRADALJ_2026-01-25_G21,10109772PRADALJ,2026-01-25,124370,1,14,0,627.0
10109772PRADALJ_2026-01-25_G22,10109772PRADALJ,2026-01-25,124371,1,9,0,144.0
10109772PRADALJ_2026-01-25_G23,10109772PRADALJ,2026-01-25,124475,1,12,0,328.0
10109772PRADALJ_2026-01-25_G24,10109772PRADALJ,2026-01-25,122962,1,60,0,848.0
10109772PRADALJ_2026-01-25_G25,10109772PRADALJ,2026-01-25,122647,1,16,0,454.0
10109772PRADALJ_2026-01-25_G26,10109772PRADALJ,2026-01-25,122673,1,8,0,257.0
10109772PRADALJ_2026-01-25_G27,10109772PRADALJ,2026-01-25,122671,1,7,0,156.0
10109772PRADALJ_2026-01-25_G28,10109772PRADALJ,2026-01-25,120028,1,5,0,98.0
10109772PRADALJ_2026-01-26_G02,10109772PRADALJ,2026-01-26,124486,1,4,0,171.0
10109772PRADALJ_2026-01-26_G03,10109772PRADALJ,2026-01-26,123909,1,2,0,189.0
10109772PRADALJ_2026-01-26_G04,10109772PRADALJ,2026-01-26,124475,1,2,0,248.0
10109772PRADALJ_2026-01-26_G05,10109772PRADALJ,2026-01-26,122962,1,32,0,734.0
10109772PRADALJ_2026-01-26_G06,10109772PRADALJ,2026-01-26,121651,1,16,0,1037.0
10109772PRADALJ_2026-01-26_G07,10109772PRADALJ,2026-01-26,123343,1,4,0,293.0
10109772PRADALJ_2026-01-26_G08,10109772PRADALJ,2026-01-26,122982,1,8,0,83.0
10109772PRADALJ_2026-01-26_G09,10109772PRADALJ,2026-01-26,122185,1,16,0,578.0
10109772PRADALJ_2026-01-26_G10,10109772PRADALJ,2026-01-26,124248,1,64,0,1917.0
10109772PRADALJ_2026-01-26_G11,10109772PRADALJ,2026-01-26,122962,1,80,0,2203.0
10109772PRADALJ_2026-01-26_G12,10109772PRADALJ,2026-01-26,181887,1,6,0,660.0
10109772PRADALJ_2026-03-12_G02,10109772PRADALJ,2026-03-12,110747,1,2,0,569.0
10109772PRADALJ_2026-03-12_G03,10109772PRADALJ,2026-03-12,117808,1,6,0,355.0
10109772PRADALJ_2026-03-12_G04,10109772PRADALJ,2026-03-12,110374,1,3,0,58.0
10109772PRADALJ_2026-03-12_G05,10109772PRADALJ,2026-03-12,110372,1,8,0,104.0
10109772PRADALJ_2026-03-12_G06,10109772PRADALJ,2026-03-12,110373,1,5,0,97.0
10109772PRADALJ_2026-03-12_G07,10109772PRADALJ,2026-03-12,118299,1,6,0,184.0
10109772PRADALJ_2026-03-13_G02,10109772PRADALJ,2026-03-13,142045,1,5,0,116.0
10109772PRADALJ_2026-03-13_G03,10109772PRADALJ,2026-03-13,110313,2,6,10,63.0
10109772PRADALJ_2026-03-13_G04,10109772PRADALJ,2026-03-13,140923,1,16,0,193.0
10109772PRADALJ_2026-03-13_G05,10109772PRADALJ,2026-03-13,107629,1,2,0,112.0
10109772PRADALJ_2026-03-13_G06,10109772PRADALJ,2026-03-13,110733,1,2,0,162.0
10109772PRADALJ_2026-03-13_G07,10109772PRADALJ,2026-03-13,117856,1,4,0,1279.0
10109772PRADALJ_2026-03-13_G08,10109772PRADALJ,2026-03-13,110740,1,2,0,424.0
10109772PRADALJ_2026-03-13_G09,10109772PRADALJ,2026-03-13,110740,1,6,0,80.0
10109772PRADALJ_2026-03-13_G10,10109772PRADALJ,2026-03-13,140922,1,5,0,106.0
10109772PRADALJ_2026-03-13_G11,10109772PRADALJ,2026-03-13,117821,1,5,0,104.0
10109772PRADALJ_2026-03-14_G02,10109772PRADALJ,2026-03-14,117831,1,4,0,81.0
10109772PRADALJ_2026-03-14_G03,10109772PRADALJ,2026-03-14,111442,1,4,0,60.0
10109772PRADALJ_2026-03-14_G04,10109772PRADALJ,2026-03-14,111466,2,8,9,101.0
10109772PRADALJ_2026-03-14_G05,10109772PRADALJ,2026-03-14,111466,1,4,0,56.0
10109772PRADALJ_2026-03-14_G06,10109772PRADALJ,2026-03-14,111465,1,2,0,72.0
10109772PRADALJ_2026-03-14_G07,10109772PRADALJ,2026-03-14,111418,1,14,0,360.0
10109772PRADALJ_2026-03-14_G08,10109772PRADALJ,2026-03-14,108798,1,4,0,3223.0
10109772PRADALJ_2026-03-14_G09,10109772PRADALJ,2026-03-14,140923,1,8,0,169.0
10109772PRADALJ_2026-03-14_G10,10109772PRADALJ,2026-03-14,111530,1,60,0,352.0
10109772PRADALJ_2026-03-14_G11,10109772PRADALJ,2026-03-14,109640,1,31,0,562.0
10109772PRADALJ_2026-03-14_G12,10109772PRADALJ,2026-03-14,118317,1,4,0,340.0
10109772PRADALJ_2026-03-14_G13,10109772PRADALJ,2026-03-14,110755,1,4,0,566.0
10109772PRADALJ_2026-03-14_G14,10109772PRADALJ,2026-03-14,109640,1,8,0,172.0
10109772PRADALJ_2026-03-14_G15,10109772PRADALJ,2026-03-14,118317,1,17,0,469.0
10109772PRADALJ_2026-03-14_G16,10109772PRADALJ,2026-03-14,110325,1,5,0,90.0
10109772PRADALJ_2026-03-14_G17,10109772PRADALJ,2026-03-14,117853,1,13,0,557.0
10109772PRADALJ_2026-03-14_G18,10109772PRADALJ,2026-03-14,118317,1,4,0,531.0
10109772PRADALJ_2026-03-14_G19,10109772PRADALJ,2026-03-14,117808,1,20,0,122.0
10109772PRADALJ_2026-03-14_G20,10109772PRADALJ,2026-03-14,111437,1,4,0,123.0
10109772PRADALJ_2026-03-14_G21,10109772PRADALJ,2026-03-14,109640,2,6,14,70.0
10109772PRADALJ_2026-03-14_G22,10109772PRADALJ,2026-03-14,108794,1,2,0,158.0
10109772PRADALJ_2026-03-14_G23,10109772PRADALJ,2026-03-14,117853,1,1,0,209.0
10109772PRADALJ_2026-03-14_G24,10109772PRADALJ,2026-03-14,118281,1,2,0,90.0
10109772PRADALJ_2026-03-14_G25,10109772PRADALJ,2026-03-14,111438,1,2,0,117.0
10109772PRADALJ_2026-03-14_G26,10109772PRADALJ,2026-03-14,118290,1,1,0,67.0
10109772PRADALJ_2026-03-14_G27,10109772PRADALJ,2026-03-14,118317,1,2,0,117.0
10109772PRADALJ_2026-03-14_G28,10109772PRADALJ,2026-03-14,117808,1,17,0,135.0
10109772PRADALJ_2026-03-14_G29,10109772PRADALJ,2026-03-14,117853,1,2,0,968.0
10109772PRADALJ_2026-03-14_G30,10109772PRADALJ,2026-03-14,117808,1,19,0,246.0
10109772PRADALJ_2026-03-14_G31,10109772PRADALJ,2026-03-14,118290,1,2,0,144.0
10109772PRADALJ_2026-03-14_G32,10109772PRADALJ,2026-03-14,117853,1,2,0,60.0
10109772PRADALJ_2026-03-14_G33,10109772PRADALJ,2026-03-14,118317,1,4,0,133.0
10109772PRADALJ_2026-03-14_G34,10109772PRADALJ,2026-03-14,111466,1,2,0,128.0
10109772PRADALJ_2026-03-14_G35,10109772PRADALJ,2026-03-14,117808,1,6,0,177.0
10109772PRADALJ_2026-03-15_G02,10109772PRADALJ,2026-03-15,124582,1,39,0,853.0
10109772PRADALJ_2026-03-15_G03,10109772PRADALJ,2026-03-15,124582,1,45,0,846.0
10109772PRADALJ_2026-03-15_G04,10109772PRADALJ,2026-03-15,122703,1,4,0,127.0
10109772PRADALJ_2026-03-15_G05,10109772PRADALJ,2026-03-15,124484,1,12,0,314.0
10109772PRADALJ_2026-03-15_G06,10109772PRADALJ,2026-03-15,124486,1,20,0,287.0
10109772PRADALJ_2026-03-15_G07,10109772PRADALJ,2026-03-15,124624,1,6,0,163.0
10109772PRADALJ_2026-03-15_G08,10109772PRADALJ,2026-03-15,181056,1,2,0,116.0
10109772PRADALJ_2026-03-15_G09,10109772PRADALJ,2026-03-15,181056,1,4,0,144.0
10109772PRADALJ_2026-03-16_G02,10109772PRADALJ,2026-03-16,122962,1,100,0,1926.0
10109772PRADALJ_2026-03-16_G03,10109772PRADALJ,2026-03-16,124582,1,20,0,811.0
10109772PRADALJ_2026-03-16_G04,10109772PRADALJ,2026-03-16,122982,1,16,0,241.0
10109772PRADALJ_2026-03-16_G05,10109772PRADALJ,2026-03-16,122982,1,4,0,86.0
10109772PRADALJ_2026-03-16_G06,10109772PRADALJ,2026-03-16,122671,1,5,0,75.0
10109772PRADALJ_2026-03-16_G07,10109772PRADALJ,2026-03-16,124248,1,20,0,236.0
10109772PRADALJ_2026-03-16_G08,10109772PRADALJ,2026-03-16,122962,1,40,0,938.0
10109772PRADALJ_2026-03-16_G09,10109772PRADALJ,2026-03-16,180024,1,4,0,795.0
10109772PRADALJ_2026-03-16_G10,10109772PRADALJ,2026-03-16,120028,1,12,0,40.0
10109772PRADALJ_2026-03-16_G11,10109772PRADALJ,2026-03-16,123344,1,10,0,995.0
10109772PRADALJ_2026-03-16_G12,10109772PRADALJ,2026-03-16,122962,1,22,0,350.0
10109772PRADALJ_2026-03-16_G13,10109772PRADALJ,2026-03-16,122962,1,30,0,523.0
10109772PRADALJ_2026-03-16_G14,10109772PRADALJ,2026-03-16,124582,1,20,0,446.0
10109772PRADALJ_2026-03-16_G15,10109772PRADALJ,2026-03-16,122703,1,4,0,115.0
10109772PRADALJ_2026-03-16_G16,10109772PRADALJ,2026-03-16,124370,1,10,0,409.0
10109772PRADALJ_2026-03-16_G17,10109772PRADALJ,2026-03-16,122189,1,1,0,54.0
10109772PRADALJ_2026-03-16_G18,10109772PRADALJ,2026-03-16,124371,1,8,0,249.0
10109772PRADALJ_2026-03-16_G19,10109772PRADALJ,2026-03-16,121760,1,20,0,908.0
10109772PRADALJ_2026-03-16_G20,10109772PRADALJ,2026-03-16,120028,1,6,0,66.0
10109772PRADALJ_2026-03-16_G21,10109772PRADALJ,2026-03-16,124476,1,2,0,118.0
10109772PRADALJ_2026-03-16_G22,10109772PRADALJ,2026-03-16,121651,1,10,0,544.0
10109772PRADALJ_2026-03-17_G03,10109772PRADALJ,2026-03-17,124486,1,10,0,358.0
10109772PRADALJ_2026-03-17_G04,10109772PRADALJ,2026-03-17,123343,1,2,0,171.0
10109772PRADALJ_2026-03-17_G07,10109772PRADALJ,2026-03-17,123889,1,40,0,217.0
10109772PRADALJ_2026-03-17_G08,10109772PRADALJ,2026-03-17,124484,1,12,0,1390.0
10109772PRADALJ_2026-03-17_G09,10109772PRADALJ,2026-03-17,122673,1,9,0,56.0
10109772PRADALJ_2026-03-17_G10,10109772PRADALJ,2026-03-17,122982,1,6,0,221.0
10109772PRADALJ_2026-03-17_G11,10109772PRADALJ,2026-03-17,124582,1,150,0,3457.0
10109772PRADALJ_2026-03-17_G12,10109772PRADALJ,2026-03-17,124582,1,2,0,31.0
10109772PRADALJ_2026-03-17_G13,10109772PRADALJ,2026-03-17,122671,1,16,0,795.0
10109772PRADALJ_2026-03-17_G14,10109772PRADALJ,2026-03-17,122185,1,90,0,1691.0
10109772PRADALJ_2026-03-17_G15,10109772PRADALJ,2026-03-17,123343,1,10,0,620.0
10109772PRADALJ_2026-03-17_G16,10109772PRADALJ,2026-03-17,122962,1,20,0,803.0
10109772PRADALJ_2026-03-17_G17,10109772PRADALJ,2026-03-17,124486,1,20,0,465.0
10109772PRADALJ_2026-03-18_G02,10109772PRADALJ,2026-03-18,124725,1,13,0,310.0
10109772PRADALJ_2026-03-18_G03,10109772PRADALJ,2026-03-18,124729,1,30,0,803.0
10109772PRADALJ_2026-03-18_G04,10109772PRADALJ,2026-03-18,122962,1,13,0,256.0
10109772PRADALJ_2026-03-18_G05,10109772PRADALJ,2026-03-18,124486,1,5,0,112.0
10109772PRADALJ_2026-03-18_G06,10109772PRADALJ,2026-03-18,122703,1,8,0,314.0
10109772PRADALJ_2026-03-18_G07,10109772PRADALJ,2026-03-18,124370,1,2,0,254.0
10109772PRADALJ_2026-03-18_G08,10109772PRADALJ,2026-03-18,124371,1,4,0,132.0
10109772PRADALJ_2026-03-18_G09,10109772PRADALJ,2026-03-18,121760,1,5,0,94.0
10109772PRADALJ_2026-03-18_G10,10109772PRADALJ,2026-03-18,124582,1,4,0,119.0
10109772PRADALJ_2026-03-18_G11,10109772PRADALJ,2026-03-18,124486,1,4,0,130.0
10109772PRADALJ_2026-03-18_G12,10109772PRADALJ,2026-03-18,124594,1,4,0,444.0
10109772PRADALJ_2026-03-18_G13,10109772PRADALJ,2026-03-18,122962,1,50,0,1319.0
10109772PRADALJ_2026-03-18_G14,10109772PRADALJ,2026-03-18,122962,1,60,0,877.0
10109772PRADALJ_2026-03-18_G15,10109772PRADALJ,2026-03-18,124486,1,50,0,1074.0
10109772PRADALJ_2026-03-18_G16,10109772PRADALJ,2026-03-18,124247,1,12,0,684.0
10109772PRADALJ_2026-03-18_G17,10109772PRADALJ,2026-03-18,122962,1,6,0,71.0
10109772PRADALJ_2026-03-18_G18,10109772PRADALJ,2026-03-18,124475,1,18,0,835.0
10109772PRADALJ_2026-03-18_G19,10109772PRADALJ,2026-03-18,124370,1,8,0,174.0
10109772PRADALJ_2026-03-18_G20,10109772PRADALJ,2026-03-18,124484,1,54,0,856.0
10109772PRADALJ_2026-03-18_G21,10109772PRADALJ,2026-03-18,124371,1,12,0,187.0
10109772PRADALJ_2026-03-18_G22,10109772PRADALJ,2026-03-18,121760,1,16,0,334.0
10109772PRADALJ_2026-03-18_G23,10109772PRADALJ,2026-03-18,122988,1,4,0,93.0
10109772PRADALJ_2026-03-18_G24,10109772PRADALJ,2026-03-18,122671,1,6,0,180.0
10109772PRADALJ_2026-03-18_G25,10109772PRADALJ,2026-03-18,124486,1,6,0,290.0
10109772PRADALJ_2026-03-19_G02,10109772PRADALJ,2026-03-19,120028,1,24,0,2314.0
10109772PRADALJ_2026-03-19_G03,10109772PRADALJ,2026-03-19,120028,1,48,0,801.0
10109772PRADALJ_2026-03-19_G05,10109772PRADALJ,2026-03-19,122962,1,24,0,733.0
10109772PRADALJ_2026-03-19_G06,10109772PRADALJ,2026-03-19,124370,1,20,0,1440.0
10109772PRADALJ_2026-03-19_G07,10109772PRADALJ,2026-03-19,122673,1,1,0,85.0
10109772PRADALJ_2026-03-19_G08,10109772PRADALJ,2026-03-19,122673,1,9,0,45.0
10109772PRADALJ_2026-03-19_G09,10109772PRADALJ,2026-03-19,122671,1,8,0,481.0
10109772PRADALJ_2026-03-19_G10,10109772PRADALJ,2026-03-19,122983,1,4,0,149.0
10109772PRADALJ_2026-03-19_G11,10109772PRADALJ,2026-03-19,121651,1,10,0,130.0
10109772PRADALJ_2026-03-19_G12,10109772PRADALJ,2026-03-19,123345,1,24,0,551.0
10109772PRADALJ_2026-03-19_G13,10109772PRADALJ,2026-03-19,123313,1,5,0,410.0
10109772PRADALJ_2026-03-19_G14,10109772PRADALJ,2026-03-19,124486,1,20,0,508.0
10109772PRADALJ_2026-03-19_G15,10109772PRADALJ,2026-03-19,122671,1,24,0,363.0
10109772PRADALJ_2026-03-19_G16,10109772PRADALJ,2026-03-19,122962,1,12,0,175.0
10109772PRADALJ_2026-03-19_G17,10109772PRADALJ,2026-03-19,122647,1,4,0,197.0
10109772PRADALJ_2026-03-19_G18,10109772PRADALJ,2026-03-19,123909,1,8,0,873.0
10109772PRADALJ_2026-03-19_G19,10109772PRADALJ,2026-03-19,123345,1,12,0,1641.0
10109772PRADALJ_2026-03-20_G02,10109772PRADALJ,2026-03-20,123822,1,100,0,1247.0
10109772PRADALJ_2026-03-20_G03,10109772PRADALJ,2026-03-20,123822,1,100,0,1603.0
10109772PRADALJ_2026-03-20_G04,10109772PRADALJ,2026-03-20,122962,1,50,0,1957.0
10109772PRADALJ_2026-03-20_G05,10109772PRADALJ,2026-03-20,120028,1,50,0,689.0
10109772PRADALJ_2026-03-20_G06,10109772PRADALJ,2026-03-20,122967,1,1,0,391.0
10109772PRADALJ_2026-03-20_G07,10109772PRADALJ,2026-03-20,121651,1,4,0,141.0
10109772PRADALJ_2026-03-20_G08,10109772PRADALJ,2026-03-20,123343,1,2,0,935.0
10109772PRADALJ_2026-03-20_G09,10109772PRADALJ,2026-03-20,123822,1,30,0,1005.0
10109772PRADALJ_2026-03-20_G10,10109772PRADALJ,2026-03-20,122983,1,4,0,175.0
10109772PRADALJ_2026-03-21_G02,10109772PRADALJ,2026-03-21,181616,1,12,0,1030.0
10109772PRADALJ_2026-03-21_G03,10109772PRADALJ,2026-03-21,122962,1,40,0,917.0
10109772PRADALJ_2026-03-21_G04,10109772PRADALJ,2026-03-21,120028,1,20,0,294.0
10109772PRADALJ_2026-03-21_G05,10109772PRADALJ,2026-03-21,122983,1,12,0,334.0
10109772PRADALJ_2026-03-21_G06,10109772PRADALJ,2026-03-21,122962,1,40,0,1350.0
10109772PRADALJ_2026-03-21_G07,10109772PRADALJ,2026-03-21,124486,1,80,0,920.0
10109772PRADALJ_2026-03-21_G08,10109772PRADALJ,2026-03-21,122647,1,46,0,725.0
10109772PRADALJ_2026-03-22_G02,10109772PRADALJ,2026-03-22,124729,1,29,0,799.0
10109772PRADALJ_2026-03-22_G03,10109772PRADALJ,2026-03-22,123909,1,2,0,510.0
10109772PRADALJ_2026-03-22_G04,10109772PRADALJ,2026-03-22,124475,1,2,0,125.0
10109772PRADALJ_2026-03-22_G05,10109772PRADALJ,2026-03-22,124370,1,1,0,47.0
10109772PRADALJ_2026-03-22_G06,10109772PRADALJ,2026-03-22,124486,1,2,0,200.0
10109772PRADALJ_2026-03-22_G07,10109772PRADALJ,2026-03-22,122673,1,2,0,118.0
10109772PRADALJ_2026-03-22_G08,10109772PRADALJ,2026-03-22,124371,1,2,0,178.0
10109772PRADALJ_2026-03-22_G09,10109772PRADALJ,2026-03-22,124484,1,10,0,272.0
10109772PRADALJ_2026-03-22_G10,10109772PRADALJ,2026-03-22,124484,1,50,0,737.0
10109772PRADALJ_2026-03-22_G11,10109772PRADALJ,2026-03-22,124484,1,30,0,367.0
10109772PRADALJ_2026-03-22_G12,10109772PRADALJ,2026-03-22,124248,1,4,0,74.0
10109772PRADALJ_2026-03-22_G13,10109772PRADALJ,2026-03-22,122962,1,22,0,490.0
10109772PRADALJ_2026-03-22_G14,10109772PRADALJ,2026-03-22,122673,1,8,0,86.0
10109772PRADALJ_2026-03-22_G15,10109772PRADALJ,2026-03-22,122673,1,10,0,159.0
10109772PRADALJ_2026-03-22_G16,10109772PRADALJ,2026-03-22,122673,1,10,0,177.0
10109772PRADALJ_2026-03-22_G17,10109772PRADALJ,2026-03-22,124476,1,4,0,764.0
10109772PRADALJ_2026-03-22_G18,10109772PRADALJ,2026-03-22,121760,1,9,0,31.0
10109772PRADALJ_2026-03-22_G19,10109772PRADALJ,2026-03-22,123345,1,4,0,552.0
10109772PRADALJ_2026-03-22_G20,10109772PRADALJ,2026-03-22,123343,1,2,0,168.0
10109772PRADALJ_2026-03-22_G21,10109772PRADALJ,2026-03-22,123344,1,2,0,101.0
10109772PRADALJ_2026-03-22_G22,10109772PRADALJ,2026-03-22,122962,1,12,0,191.0
10109772PRADALJ_2026-03-22_G23,10109772PRADALJ,2026-03-22,121760,1,6,0,141.0
10109772PRADALJ_2026-03-22_G24,10109772PRADALJ,2026-03-22,123345,1,6,0,332.0
10109772PRADALJ_2026-03-22_G25,10109772PRADALJ,2026-03-22,123909,1,10,0,227.0
10109772PRADALJ_2026-03-22_G26,10109772PRADALJ,2026-03-22,123344,1,6,0,167.0
10109772PRADALJ_2026-03-22_G27,10109772PRADALJ,2026-03-22,124370,1,4,0,422.0
10109772PRADALJ_2026-03-22_G28,10109772PRADALJ,2026-03-22,124484,1,6,0,140.0
10109772PRADALJ_2026-03-22_G29,10109772PRADALJ,2026-03-22,121760,1,16,0,211.0
10109772PRADALJ_2026-03-22_G30,10109772PRADALJ,2026-03-22,124582,1,2,0,71.0
10109772PRADALJ_2026-03-22_G31,10109772PRADALJ,2026-03-22,123343,1,2,0,664.0
10109772PRADALJ_2026-03-23_G02,10109772PRADALJ,2026-03-23,122703,1,2,0,178.0
10109772PRADALJ_2026-03-23_G03,10109772PRADALJ,2026-03-23,121760,1,4,0,63.0
10109772PRADALJ_2026-03-23_G04,10109772PRADALJ,2026-03-23,124582,1,2,0,73.0
10109772PRADALJ_2026-03-23_G05,10109772PRADALJ,2026-03-23,121651,1,2,0,90.0
10109772PRADALJ_2026-03-23_G06,10109772PRADALJ,2026-03-23,123345,2,9,19,432.0
10109772PRADALJ_2026-03-23_G07,10109772PRADALJ,2026-03-23,123909,1,24,0,504.0
10109772PRADALJ_2026-03-23_G08,10109772PRADALJ,2026-03-23,122962,1,44,0,944.0
10109772PRADALJ_2026-03-23_G09,10109772PRADALJ,2026-03-23,124486,1,60,0,636.0
10109772PRADALJ_2026-03-23_G10,10109772PRADALJ,2026-03-23,121651,1,20,0,233.0
10109772PRADALJ_2026-03-23_G11,10109772PRADALJ,2026-03-23,124582,1,4,0,1224.0
10109772PRADALJ_2026-03-23_G12,10109772PRADALJ,2026-03-23,122983,1,2,0,212.0
10109772PRADALJ_2026-03-23_G13,10109772PRADALJ,2026-03-23,123909,1,10,0,724.0
10109772PRADALJ_2026-03-23_G14,10109772PRADALJ,2026-03-23,123344,1,6,0,205.0
10109772PRADALJ_2026-03-23_G15,10109772PRADALJ,2026-03-23,124370,1,5,0,149.0
10109772PRADALJ_2026-03-23_G16,10109772PRADALJ,2026-03-23,124582,1,7,0,215.0
10109772PRADALJ_2026-03-23_G17,10109772PRADALJ,2026-03-23,122671,1,2,0,107.0
10109772PRADALJ_2026-03-23_G18,10109772PRADALJ,2026-03-23,121651,1,7,0,315.0
10109772PRADALJ_2026-03-23_G19,10109772PRADALJ,2026-03-23,123909,1,10,0,208.0
10109772PRADALJ_2026-03-23_G20,10109772PRADALJ,2026-03-23,124247,1,10,0,190.0
10109772PRADALJ_2026-03-23_G21,10109772PRADALJ,2026-03-23,124248,1,7,0,230.0
10109772PRADALJ_2026-03-23_G22,10109772PRADALJ,2026-03-23,124582,1,16,0,709.0
10109772PRADALJ_2026-03-23_G23,10109772PRADALJ,2026-03-23,122983,1,24,0,538.0
10109772PRADALJ_2026-03-23_G24,10109772PRADALJ,2026-03-23,122962,1,2,0,161.0
10109772PRADALJ_2026-03-23_G25,10109772PRADALJ,2026-03-23,124484,1,6,0,247.0
10109772PRADALJ_2026-03-23_G26,10109772PRADALJ,2026-03-23,124582,1,2,0,122.0
10109772PRADALJ_2026-03-23_G27,10109772PRADALJ,2026-03-23,122983,1,13,0,376.0
10109772PRADALJ_2026-03-23_G28,10109772PRADALJ,2026-03-23,124729,1,2,0,101.0
10109772PRADALJ_2026-03-23_G29,10109772PRADALJ,2026-03-23,124725,1,2,0,189.0
10109772PRADALJ_2026-03-23_G30,10109772PRADALJ,2026-03-23,123343,1,1,0,483.0
10109772PRADALJ_2026-03-23_G31,10109772PRADALJ,2026-03-23,123345,2,19,18,335.0
10109772PRADALJ_2026-03-23_G33,10109772PRADALJ,2026-03-23,121760,1,42,0,957.0
10109772PRADALJ_2026-03-23_G34,10109772PRADALJ,2026-03-23,124247,1,5,0,105.0
10109772PRADALJ_2026-03-23_G35,10109772PRADALJ,2026-03-23,122988,1,3,0,218.0
10109772PRADALJ_2026-03-23_G36,10109772PRADALJ,2026-03-23,123343,1,50,0,893.0
10109772PRADALJ_2026-03-23_G37,10109772PRADALJ,2026-03-23,123343,1,50,0,1348.0
10109772PRADALJ_2026-03-23_G38,10109772PRADALJ,2026-03-23,120046,1,148,0,3341.0
10109772PRADALJ_2026-03-23_G39,10109772PRADALJ,2026-03-23,123344,1,2,0,1178.0
10109772PRADALJ_2026-03-23_G40,10109772PRADALJ,2026-03-23,124477,1,2,0,167.0
10109772PRADALJ_2026-03-23_G41,10109772PRADALJ,2026-03-23,124475,1,2,0,60.0
10109772PRADALJ_2026-03-23_G42,10109772PRADALJ,2026-03-23,121760,1,4,0,120.0
10109772PRADALJ_2026-03-23_G43,10109772PRADALJ,2026-03-23,123345,1,2,0,530.0
10109772PRADALJ_2026-03-23_G44,10109772PRADALJ,2026-03-23,123343,1,2,0,140.0
10109772PRADALJ_2026-03-24_G02,10109772PRADALJ,2026-03-24,141823,1,12,0,172.0
10109772PRADALJ_2026-03-24_G03,10109772PRADALJ,2026-03-24,110373,1,12,0,126.0
10109772PRADALJ_2026-03-24_G04,10109772PRADALJ,2026-03-24,141202,1,8,0,116.0
10109772PRADALJ_2026-03-24_G05,10109772PRADALJ,2026-03-24,111467,1,1,0,125.0
10109772PRADALJ_2026-03-24_G06,10109772PRADALJ,2026-03-24,111530,1,20,0,180.0
10109772PRADALJ_2026-03-24_G07,10109772PRADALJ,2026-03-24,111330,1,4,0,131.0
10109772PRADALJ_2026-03-24_G08,10109772PRADALJ,2026-03-24,111348,1,2,0,182.0
10109772PRADALJ_2026-03-24_G09,10109772PRADALJ,2026-03-24,111466,1,20,0,428.0
10109772PRADALJ_2026-03-24_G10,10109772PRADALJ,2026-03-24,142093,1,14,0,184.0
10109772PRADALJ_2026-03-24_G11,10109772PRADALJ,2026-03-24,141457,1,6,0,150.0
10109772PRADALJ_2026-03-24_G12,10109772PRADALJ,2026-03-24,141456,1,7,0,143.0
10109772PRADALJ_2026-03-24_G13,10109772PRADALJ,2026-03-24,111468,1,5,0,54.0
10109772PRADALJ_2026-03-24_G14,10109772PRADALJ,2026-03-24,110787,1,6,0,62.0
10109772PRADALJ_2026-03-24_G15,10109772PRADALJ,2026-03-24,105705,1,15,0,1187.0
10109772PRADALJ_2026-03-24_G16,10109772PRADALJ,2026-03-24,111466,1,2,0,925.0
10109772PRADALJ_2026-03-24_G17,10109772PRADALJ,2026-03-24,111469,1,4,0,163.0
10109772PRADALJ_2026-03-24_G18,10109772PRADALJ,2026-03-24,110371,1,15,0,1642.0
10109772PRADALJ_2026-03-24_G19,10109772PRADALJ,2026-03-24,117809,1,12,0,559.0
10109772PRADALJ_2026-03-24_G20,10109772PRADALJ,2026-03-24,109643,1,8,0,192.0
10109772PRADALJ_2026-03-24_G21,10109772PRADALJ,2026-03-24,109643,1,1,0,39.0
10109772PRADALJ_2026-03-24_G22,10109772PRADALJ,2026-03-24,117820,1,25,0,127.0
10109772PRADALJ_2026-03-24_G23,10109772PRADALJ,2026-03-24,110373,2,14,30,76.0
10109772PRADALJ_2026-03-24_G24,10109772PRADALJ,2026-03-24,110372,1,4,0,57.0
10109772PRADALJ_2026-03-24_G25,10109772PRADALJ,2026-03-24,141202,1,4,0,66.0
10109772PRADALJ_2026-03-24_G26,10109772PRADALJ,2026-03-24,118299,1,20,0,160.0
10109777SILVAK_2025-03-18_G02,10109777SILVAK,2025-03-18,111441,1,12,0,1513.0
10109777SILVAK_2025-03-18_G03,10109777SILVAK,2025-03-18,111438,1,12,0,489.0
10109777SILVAK_2025-03-18_G04,10109777SILVAK,2025-03-18,111569,1,4,0,200.0
10109777SILVAK_2025-03-18_G05,10109777SILVAK,2025-03-18,118222,1,4,0,185.0
10109777SILVAK_2025-03-18_G06,10109777SILVAK,2025-03-18,110895,1,8,0,311.0
10109777SILVAK_2025-03-18_G07,10109777SILVAK,2025-03-18,100334,1,4,0,1323.0
10109777SILVAK_2025-03-18_G08,10109777SILVAK,2025-03-18,111469,1,18,0,488.0
10109777SILVAK_2025-03-18_G09,10109777SILVAK,2025-03-18,111466,1,8,0,229.0
10109777SILVAK_2025-03-18_G10,10109777SILVAK,2025-03-18,111532,1,2,0,228.0
10109777SILVAK_2025-03-18_G11,10109777SILVAK,2025-03-18,111443,1,3,0,178.0
10109777SILVAK_2025-03-18_G12,10109777SILVAK,2025-03-18,118140,1,7,0,382.0
10109777SILVAK_2025-03-18_G13,10109777SILVAK,2025-03-18,108711,1,4,0,239.0
10109777SILVAK_2025-03-18_G14,10109777SILVAK,2025-03-18,118317,1,4,0,90.0
10109777SILVAK_2025-03-18_G15,10109777SILVAK,2025-03-18,111462,1,3,0,79.0
10109777SILVAK_2025-03-18_G16,10109777SILVAK,2025-03-18,117821,1,4,0,101.0
10109777SILVAK_2025-03-18_G17,10109777SILVAK,2025-03-18,118223,1,4,0,114.0
10109777SILVAK_2025-03-18_G18,10109777SILVAK,2025-03-18,110787,1,16,0,463.0
10109777SILVAK_2025-03-18_G19,10109777SILVAK,2025-03-18,110787,1,16,0,53.0
10109777SILVAK_2025-03-18_G20,10109777SILVAK,2025-03-18,118004,1,2,0,692.0
10109777SILVAK_2025-03-18_G21,10109777SILVAK,2025-03-18,111463,1,1,0,424.0
10109777SILVAK_2025-03-18_G22,10109777SILVAK,2025-03-18,111469,1,3,0,103.0
10109777SILVAK_2025-03-18_G23,10109777SILVAK,2025-03-18,111532,1,1,0,125.0
10109777SILVAK_2025-03-18_G24,10109777SILVAK,2025-03-18,111443,1,3,0,97.0
10109777SILVAK_2025-03-18_G25,10109777SILVAK,2025-03-18,118140,1,3,0,143.0
10109777SILVAK_2025-03-18_G26,10109777SILVAK,2025-03-18,108711,1,3,0,267.0
10109777SILVAK_2025-03-18_G27,10109777SILVAK,2025-03-18,111462,1,4,0,107.0
10109777SILVAK_2025-03-18_G28,10109777SILVAK,2025-03-18,117821,1,4,0,158.0
10109777SILVAK_2025-03-18_G29,10109777SILVAK,2025-03-18,110787,1,12,0,394.0
10109777SILVAK_2025-03-18_G30,10109777SILVAK,2025-03-18,111433,1,4,0,484.0
10109777SILVAK_2025-03-18_G31,10109777SILVAK,2025-03-18,110339,1,4,0,529.0
10109777SILVAK_2025-03-18_G32,10109777SILVAK,2025-03-18,160055,1,2,0,496.0
10109777SILVAK_2025-03-18_G33,10109777SILVAK,2025-03-18,118140,1,4,0,238.0
10109777SILVAK_2025-03-18_G34,10109777SILVAK,2025-03-18,108711,1,1,0,243.0
10109777SILVAK_2025-03-18_G35,10109777SILVAK,2025-03-18,117821,1,1,0,85.0
10109777SILVAK_2025-03-18_G36,10109777SILVAK,2025-03-18,110787,1,1,0,124.0
10109777SILVAK_2025-03-18_G37,10109777SILVAK,2025-03-18,110129,1,8,0,1182.0
10109777SILVAK_2025-03-18_G38,10109777SILVAK,2025-03-18,111466,1,21,0,862.0
10109777SILVAK_2025-03-18_G39,10109777SILVAK,2025-03-18,111466,1,1,0,34.0
10109777SILVAK_2025-03-18_G40,10109777SILVAK,2025-03-18,111532,1,9,0,318.0
10109777SILVAK_2025-03-18_G41,10109777SILVAK,2025-03-18,111330,1,4,0,155.0
10109777SILVAK_2025-03-18_G42,10109777SILVAK,2025-03-18,111330,1,4,0,49.0
10109777SILVAK_2025-03-18_G43,10109777SILVAK,2025-03-18,117831,1,12,0,420.0
10109777SILVAK_2025-03-18_G44,10109777SILVAK,2025-03-18,117833,1,3,0,70.0
10109777SILVAK_2025-03-18_G45,10109777SILVAK,2025-03-18,118140,1,9,0,412.0
10109777SILVAK_2025-03-18_G46,10109777SILVAK,2025-03-18,111418,1,13,0,541.0
10109777SILVAK_2025-03-18_G47,10109777SILVAK,2025-03-18,117838,1,2,0,81.0
10109777SILVAK_2025-03-18_G49,10109777SILVAK,2025-03-18,110748,1,4,0,157.0
10109777SILVAK_2025-03-18_G50,10109777SILVAK,2025-03-18,117821,1,24,0,660.0
10109777SILVAK_2025-03-18_G51,10109777SILVAK,2025-03-18,110787,1,4,0,185.0
10109777SILVAK_2025-03-18_G52,10109777SILVAK,2025-03-18,105705,1,14,0,819.0
10109777SILVAK_2025-03-18_G53,10109777SILVAK,2025-03-18,111465,1,9,0,363.0
10109777SILVAK_2025-03-18_G54,10109777SILVAK,2025-03-18,117785,1,77,0,2536.0
10109777SILVAK_2025-03-18_G55,10109777SILVAK,2025-03-18,117808,1,9,0,1283.0
10109777SILVAK_2025-03-18_G56,10109777SILVAK,2025-03-18,110373,1,34,0,276.0
10109777SILVAK_2025-03-18_G57,10109777SILVAK,2025-03-18,110372,1,9,0,153.0
10109777SILVAK_2025-03-18_G58,10109777SILVAK,2025-03-18,110371,1,2,0,69.0
10109777SILVAK_2025-03-18_G59,10109777SILVAK,2025-03-18,110374,1,4,0,135.0
10109777SILVAK_2025-03-18_G60,10109777SILVAK,2025-03-18,111441,1,12,0,716.0
10109777SILVAK_2025-03-20_G02,10109777SILVAK,2025-03-20,111463,1,8,0,187.0
10109777SILVAK_2025-03-20_G03,10109777SILVAK,2025-03-20,110313,1,2,0,367.0
10109777SILVAK_2025-03-20_G04,10109777SILVAK,2025-03-20,111602,1,6,0,150.0
10109777SILVAK_2025-03-20_G05,10109777SILVAK,2025-03-20,111602,1,4,0,42.0
10109777SILVAK_2025-03-20_G06,10109777SILVAK,2025-03-20,109640,1,4,0,219.0
10109777SILVAK_2025-03-20_G07,10109777SILVAK,2025-03-20,105705,1,4,0,166.0
10109777SILVAK_2025-03-20_G08,10109777SILVAK,2025-03-20,118299,1,4,0,137.0
10109777SILVAK_2025-03-20_G09,10109777SILVAK,2025-03-20,110515,1,7,0,251.0
10109777SILVAK_2025-03-20_G10,10109777SILVAK,2025-03-20,140911,1,3,0,271.0
10109777SILVAK_2025-03-20_G11,10109777SILVAK,2025-03-20,100334,1,12,0,769.0
10109777SILVAK_2025-03-20_G12,10109777SILVAK,2025-03-20,111532,1,24,0,580.0
10109777SILVAK_2025-03-20_G13,10109777SILVAK,2025-03-20,111469,1,4,0,327.0
10109777SILVAK_2025-03-20_G14,10109777SILVAK,2025-03-20,111469,1,12,0,208.0
10109777SILVAK_2025-03-20_G15,10109777SILVAK,2025-03-20,111469,1,6,0,50.0
10109777SILVAK_2025-03-20_G16,10109777SILVAK,2025-03-20,111469,1,6,0,71.0
10109777SILVAK_2025-03-20_G18,10109777SILVAK,2025-03-20,110733,1,2,0,201.0
10109777SILVAK_2025-03-20_G19,10109777SILVAK,2025-03-20,111530,1,3,0,135.0
10109777SILVAK_2025-03-20_G20,10109777SILVAK,2025-03-20,110711,1,6,0,101.0
10109777SILVAK_2025-03-20_G21,10109777SILVAK,2025-03-20,111466,1,5,0,251.0
10109777SILVAK_2025-03-20_G22,10109777SILVAK,2025-03-20,117831,1,4,0,168.0
10109777SILVAK_2025-03-20_G23,10109777SILVAK,2025-03-20,118140,1,4,0,714.0
10109777SILVAK_2025-03-20_G24,10109777SILVAK,2025-03-20,117853,1,4,0,227.0
10109777SILVAK_2025-03-20_G25,10109777SILVAK,2025-03-20,117853,1,2,0,65.0
10109777SILVAK_2025-03-21_G02,10109777SILVAK,2025-03-21,110742,1,6,0,184.0
10109777SILVAK_2025-03-21_G03,10109777SILVAK,2025-03-21,111569,1,6,0,403.0
10109777SILVAK_2025-03-21_G04,10109777SILVAK,2025-03-21,118222,1,10,0,279.0
10109777SILVAK_2025-03-21_G05,10109777SILVAK,2025-03-21,118306,1,7,0,603.0
10109777SILVAK_2025-03-21_G06,10109777SILVAK,2025-03-21,100334,1,8,0,202.0
10109777SILVAK_2025-03-21_G07,10109777SILVAK,2025-03-21,116527,1,6,0,172.0
10109777SILVAK_2025-03-21_G08,10109777SILVAK,2025-03-21,111437,1,6,0,460.0
10109777SILVAK_2025-03-21_G09,10109777SILVAK,2025-03-21,111438,1,3,0,191.0
10109777SILVAK_2025-03-21_G10,10109777SILVAK,2025-03-21,109647,1,10,0,562.0
10109777SILVAK_2025-03-21_G11,10109777SILVAK,2025-03-21,110339,1,25,0,671.0
10109777SILVAK_2025-03-21_G12,10109777SILVAK,2025-03-21,117855,1,19,0,338.0
10109777SILVAK_2025-03-21_G13,10109777SILVAK,2025-03-21,111879,1,4,0,151.0
10109777SILVAK_2025-03-21_G14,10109777SILVAK,2025-03-21,110753,1,6,0,105.0
10109777SILVAK_2025-03-21_G15,10109777SILVAK,2025-03-21,140922,1,20,0,1050.0
10109777SILVAK_2025-03-21_G16,10109777SILVAK,2025-03-21,111469,1,35,0,536.0
10109777SILVAK_2025-03-21_G17,10109777SILVAK,2025-03-21,111182,1,9,0,187.0
10109777SILVAK_2025-03-21_G18,10109777SILVAK,2025-03-21,111443,1,9,0,136.0
10109777SILVAK_2025-03-21_G19,10109777SILVAK,2025-03-21,111532,1,5,0,266.0
10109777SILVAK_2025-03-21_G20,10109777SILVAK,2025-03-21,109641,1,12,0,1578.0
10109777SILVAK_2025-03-21_G21,10109777SILVAK,2025-03-21,110748,1,6,0,183.0
10109777SILVAK_2025-03-21_G22,10109777SILVAK,2025-03-21,117840,1,6,0,160.0
10109777SILVAK_2025-03-21_G23,10109777SILVAK,2025-03-21,107236,1,12,0,1889.0
10109777SILVAK_2025-03-21_G24,10109777SILVAK,2025-03-21,140911,1,1,0,907.0
10109777SILVAK_2025-03-21_G25,10109777SILVAK,2025-03-21,111441,1,10,0,226.0
10109777SILVAK_2025-03-21_G26,10109777SILVAK,2025-03-21,111430,1,12,0,729.0
10109777SILVAK_2025-03-21_G27,10109777SILVAK,2025-03-21,117853,1,4,0,311.0
10109777SILVAK_2025-03-21_G28,10109777SILVAK,2025-03-21,117853,1,4,0,70.0
10109777SILVAK_2025-03-21_G29,10109777SILVAK,2025-03-21,111530,1,7,0,306.0
10109777SILVAK_2025-03-21_G30,10109777SILVAK,2025-03-21,110515,1,6,0,174.0
10109777SILVAK_2025-03-21_G31,10109777SILVAK,2025-03-21,108795,1,12,0,213.0
10109777SILVAK_2025-03-21_G32,10109777SILVAK,2025-03-21,117821,1,5,0,259.0
10109777SILVAK_2025-03-21_G33,10109777SILVAK,2025-03-21,111433,1,4,0,149.0
10109777SILVAK_2025-03-21_G34,10109777SILVAK,2025-03-21,110373,1,20,0,989.0
10109777SILVAK_2025-03-21_G36,10109777SILVAK,2025-03-21,117836,1,4,0,139.0
10109777SILVAK_2025-03-21_G37,10109777SILVAK,2025-03-21,116527,1,4,0,144.0
10109777SILVAK_2025-03-21_G39,10109777SILVAK,2025-03-21,111850,1,4,0,254.0
10109777SILVAK_2025-03-21_G40,10109777SILVAK,2025-03-21,116527,1,4,0,147.0
10109777SILVAK_2025-03-21_G41,10109777SILVAK,2025-03-21,111438,1,3,0,642.0
10109777SILVAK_2025-03-21_G42,10109777SILVAK,2025-03-21,109933,1,2,0,300.0
10109777SILVAK_2025-03-21_G43,10109777SILVAK,2025-03-21,118222,1,4,0,350.0
10109777SILVAK_2025-03-21_G44,10109777SILVAK,2025-03-21,111430,1,2,0,127.0
10109777SILVAK_2025-03-21_G45,10109777SILVAK,2025-03-21,111602,1,12,0,166.0
10109777SILVAK_2025-03-21_G46,10109777SILVAK,2025-03-21,111530,1,6,0,134.0
10109777SILVAK_2025-03-21_G47,10109777SILVAK,2025-03-21,110515,1,6,0,132.0
10109777SILVAK_2025-03-21_G48,10109777SILVAK,2025-03-21,109640,1,2,0,107.0
10109777SILVAK_2025-03-21_G49,10109777SILVAK,2025-03-21,117830,1,6,0,156.0
10109777SILVAK_2025-03-21_G50,10109777SILVAK,2025-03-21,110371,1,5,0,54.0
10109777SILVAK_2025-03-21_G51,10109777SILVAK,2025-03-21,110372,1,20,0,189.0
10109777SILVAK_2025-03-21_G52,10109777SILVAK,2025-03-21,109641,1,4,0,354.0
10109777SILVAK_2025-03-21_G53,10109777SILVAK,2025-03-21,117808,1,21,0,189.0
10109777SILVAK_2025-03-22_G02,10109777SILVAK,2025-03-22,118299,1,40,0,379.0
10109777SILVAK_2025-03-22_G03,10109777SILVAK,2025-03-22,110371,1,8,0,181.0
10109777SILVAK_2025-03-22_G04,10109777SILVAK,2025-03-22,117808,1,40,0,528.0
10109777SILVAK_2025-03-22_G05,10109777SILVAK,2025-03-22,111602,1,5,0,1164.0
10109777SILVAK_2025-03-22_G06,10109777SILVAK,2025-03-22,117831,1,4,0,130.0
10109777SILVAK_2025-03-22_G07,10109777SILVAK,2025-03-22,111441,2,4,10,153.0
10109777SILVAK_2025-03-22_G08,10109777SILVAK,2025-03-22,117862,1,6,0,451.0
10109777SILVAK_2025-03-22_G09,10109777SILVAK,2025-03-22,111602,1,9,0,186.0
10109777SILVAK_2025-03-22_G10,10109777SILVAK,2025-03-22,118094,1,2,0,1360.0
10109777SILVAK_2025-03-22_G11,10109777SILVAK,2025-03-22,117862,1,4,0,127.0
10109777SILVAK_2025-03-22_G12,10109777SILVAK,2025-03-22,110313,1,4,0,94.0
10109777SILVAK_2025-03-22_G13,10109777SILVAK,2025-03-22,110733,1,6,0,151.0
10109777SILVAK_2025-03-22_G14,10109777SILVAK,2025-03-22,117861,1,6,0,138.0
10109777SILVAK_2025-03-22_G15,10109777SILVAK,2025-03-22,111469,1,16,0,697.0
10109777SILVAK_2025-03-22_G16,10109777SILVAK,2025-03-22,111466,1,16,0,258.0
10109777SILVAK_2025-03-22_G17,10109777SILVAK,2025-03-22,117785,1,22,0,265.0
10109777SILVAK_2025-03-22_G18,10109777SILVAK,2025-03-22,118140,1,12,0,159.0
10109777SILVAK_2025-03-22_G19,10109777SILVAK,2025-03-22,117809,1,4,0,162.0
10109777SILVAK_2025-03-22_G20,10109777SILVAK,2025-03-22,110372,1,23,0,432.0
10109777SILVAK_2025-03-22_G21,10109777SILVAK,2025-03-22,110373,1,15,0,119.0
10109777SILVAK_2025-03-22_G22,10109777SILVAK,2025-03-22,110374,1,8,0,113.0
10109777SILVAK_2025-03-22_G23,10109777SILVAK,2025-03-22,111441,1,4,0,188.0
10109777SILVAK_2025-03-22_G24,10109777SILVAK,2025-03-22,100334,1,4,0,130.0
10109777SILVAK_2025-03-22_G25,10109777SILVAK,2025-03-22,108759,1,1,0,100.0
10109777SILVAK_2025-03-22_G26,10109777SILVAK,2025-03-22,111438,1,8,0,647.0
10109777SILVAK_2025-03-22_G27,10109777SILVAK,2025-03-22,109640,1,1,0,196.0
10109777SILVAK_2025-03-22_G28,10109777SILVAK,2025-03-22,105705,1,3,0,235.0
10109777SILVAK_2025-03-22_G29,10109777SILVAK,2025-03-22,117853,1,4,0,669.0
10109777SILVAK_2025-03-22_G30,10109777SILVAK,2025-03-22,111441,1,1,0,1263.0
10109777SILVAK_2025-03-22_G31,10109777SILVAK,2025-03-22,110841,1,6,0,343.0
10109777SILVAK_2025-03-22_G32,10109777SILVAK,2025-03-22,110895,1,8,0,159.0
10109777SILVAK_2025-03-22_G33,10109777SILVAK,2025-03-22,110895,3,44,24,785.0
10109777SILVAK_2025-03-22_G34,10109777SILVAK,2025-03-22,108759,1,5,0,547.0
10109777SILVAK_2025-03-22_G36,10109777SILVAK,2025-03-22,117820,1,20,0,231.0
10109777SILVAK_2025-03-22_G37,10109777SILVAK,2025-03-22,117808,1,10,0,247.0
10109777SILVAK_2025-03-22_G38,10109777SILVAK,2025-03-22,117830,1,10,0,169.0
10109777SILVAK_2025-03-22_G39,10109777SILVAK,2025-03-22,110371,1,30,0,364.0
10109777SILVAK_2025-03-22_G40,10109777SILVAK,2025-03-22,110372,1,150,0,1191.0
10109777SILVAK_2025-03-22_G41,10109777SILVAK,2025-03-22,110373,1,50,0,820.0
10109777SILVAK_2025-03-22_G42,10109777SILVAK,2025-03-22,117808,1,200,0,1356.0
10109777SILVAK_2025-03-22_G43,10109777SILVAK,2025-03-22,111353,1,4,0,690.0
10109777SILVAK_2025-03-22_G44,10109777SILVAK,2025-03-22,117853,1,20,0,500.0
10109777SILVAK_2025-03-22_G45,10109777SILVAK,2025-03-22,111876,1,7,0,664.0
10109777SILVAK_2025-03-22_G46,10109777SILVAK,2025-03-22,110515,1,30,0,343.0
10109777SILVAK_2025-03-22_G47,10109777SILVAK,2025-03-22,110313,1,20,0,711.0
10109777SILVAK_2025-03-24_G02,10109777SILVAK,2025-03-24,111438,1,2,0,113.0
10109777SILVAK_2025-03-24_G03,10109777SILVAK,2025-03-24,117856,1,8,0,242.0
10109777SILVAK_2025-03-24_G04,10109777SILVAK,2025-03-24,107629,1,3,0,102.0
10109777SILVAK_2025-03-24_G05,10109777SILVAK,2025-03-24,111530,1,16,0,223.0
10109777SILVAK_2025-03-24_G06,10109777SILVAK,2025-03-24,117786,1,7,0,480.0
10109777SILVAK_2025-03-24_G07,10109777SILVAK,2025-03-24,109640,1,4,0,168.0
10109777SILVAK_2025-03-24_G08,10109777SILVAK,2025-03-24,110711,1,8,0,229.0
10109777SILVAK_2025-03-24_G09,10109777SILVAK,2025-03-24,110371,1,4,0,198.0
10109777SILVAK_2025-03-24_G10,10109777SILVAK,2025-03-24,118299,1,15,0,179.0
10109777SILVAK_2025-03-24_G11,10109777SILVAK,2025-03-24,118299,1,100,0,565.0
10109777SILVAK_2025-03-24_G12,10109777SILVAK,2025-03-24,117808,1,100,0,816.0
10109777SILVAK_2025-03-24_G13,10109777SILVAK,2025-03-24,111438,1,4,0,306.0
10109777SILVAK_2025-03-24_G14,10109777SILVAK,2025-03-24,111441,1,4,0,180.0
10109777SILVAK_2025-03-24_G15,10109777SILVAK,2025-03-24,111418,1,17,0,2632.0
10109777SILVAK_2025-03-24_G16,10109777SILVAK,2025-03-24,111469,1,10,0,94.0
10109777SILVAK_2025-03-24_G17,10109777SILVAK,2025-03-24,111466,1,8,0,88.0
10109777SILVAK_2025-03-24_G18,10109777SILVAK,2025-03-24,117785,1,5,0,155.0
10109777SILVAK_2025-03-24_G19,10109777SILVAK,2025-03-24,108711,1,2,0,139.0
10109777SILVAK_2025-03-24_G20,10109777SILVAK,2025-03-24,111462,1,2,0,79.0
10109777SILVAK_2025-03-24_G21,10109777SILVAK,2025-03-24,117831,1,2,0,120.0
10109777SILVAK_2025-03-24_G22,10109777SILVAK,2025-03-24,118140,1,2,0,92.0
10109777SILVAK_2025-03-24_G23,10109777SILVAK,2025-03-24,110787,1,6,0,261.0
10109777SILVAK_2025-03-24_G24,10109777SILVAK,2025-03-24,111465,1,2,0,64.0
10109777SILVAK_2025-03-24_G25,10109777SILVAK,2025-03-24,110376,1,1,0,195.0
10109777SILVAK_2025-03-24_G26,10109777SILVAK,2025-03-24,118299,1,2,0,65.0
10109777SILVAK_2025-03-24_G27,10109777SILVAK,2025-03-24,110371,1,17,0,291.0
10109777SILVAK_2025-03-24_G28,10109777SILVAK,2025-03-24,110372,1,6,0,120.0
10109777SILVAK_2025-03-24_G29,10109777SILVAK,2025-03-24,110373,1,16,0,381.0
10109777SILVAK_2025-03-24_G30,10109777SILVAK,2025-03-24,110373,1,4,0,38.0
10109777SILVAK_2025-03-24_G31,10109777SILVAK,2025-03-24,110374,1,7,0,109.0
10109777SILVAK_2025-03-24_G32,10109777SILVAK,2025-03-24,117808,1,17,0,663.0
10109777SILVAK_2025-03-24_G33,10109777SILVAK,2025-03-24,111602,1,12,0,216.0
10109777SILVAK_2025-03-24_G34,10109777SILVAK,2025-03-24,109640,1,2,0,132.0
10109777SILVAK_2025-03-24_G35,10109777SILVAK,2025-03-24,117853,1,4,0,285.0
10109777SILVAK_2025-03-24_G36,10109777SILVAK,2025-03-24,108759,1,4,0,382.0
10109777SILVAK_2025-03-24_G37,10109777SILVAK,2025-03-24,117853,2,8,11,188.0
10109777SILVAK_2025-03-24_G38,10109777SILVAK,2025-03-24,107629,1,4,0,204.0
10109777SILVAK_2025-03-24_G39,10109777SILVAK,2025-03-24,109640,1,4,0,168.0
10109777SILVAK_2025-03-24_G40,10109777SILVAK,2025-03-24,111469,1,14,0,334.0
10109777SILVAK_2025-03-24_G41,10109777SILVAK,2025-03-24,111469,1,51,0,601.0
10109777SILVAK_2025-03-24_G42,10109777SILVAK,2025-03-24,111438,1,1,0,1666.0
10109777SILVAK_2025-03-24_G43,10109777SILVAK,2025-03-24,118418,1,2,0,136.0
10109777SILVAK_2025-03-24_G44,10109777SILVAK,2025-03-24,118290,1,2,0,176.0
10109777SILVAK_2025-03-24_G45,10109777SILVAK,2025-03-24,111569,1,5,0,142.0
10109777SILVAK_2025-03-24_G46,10109777SILVAK,2025-03-24,111569,1,2,0,220.0
10109777SILVAK_2025-03-24_G47,10109777SILVAK,2025-03-24,111418,1,8,0,239.0
10109777SILVAK_2025-03-24_G48,10109777SILVAK,2025-03-24,110372,1,2,0,126.0
10109777SILVAK_2025-03-24_G49,10109777SILVAK,2025-03-24,110374,1,1,0,80.0
10109777SILVAK_2025-03-24_G50,10109777SILVAK,2025-03-24,140911,1,4,0,135.0
10109777SILVAK_2025-03-24_G51,10109777SILVAK,2025-03-24,111441,1,12,0,482.0
10109777SILVAK_2025-03-24_G53,10109777SILVAK,2025-03-24,111569,1,1,0,145.0
10109777SILVAK_2025-03-24_G54,10109777SILVAK,2025-03-24,117853,1,2,0,175.0
10109777SILVAK_2025-03-24_G55,10109777SILVAK,2025-03-24,118094,1,4,0,115.0
10109777SILVAK_2025-03-24_G56,10109777SILVAK,2025-03-24,110339,1,5,0,154.0
10109777SILVAK_2025-03-24_G57,10109777SILVAK,2025-03-24,110313,1,2,0,71.0
10109777SILVAK_2025-03-24_G58,10109777SILVAK,2025-03-24,111530,1,8,0,160.0
10109777SILVAK_2025-03-24_G59,10109777SILVAK,2025-03-24,110515,1,2,0,401.0
10109777SILVAK_2025-03-24_G60,10109777SILVAK,2025-03-24,109640,1,1,0,150.0
10109777SILVAK_2025-03-24_G61,10109777SILVAK,2025-03-24,111441,1,8,0,136.0
10109777SILVAK_2025-03-24_G62,10109777SILVAK,2025-03-24,118253,1,3,0,248.0
10109777SILVAK_2025-03-24_G63,10109777SILVAK,2025-03-24,110747,1,5,0,367.0
10109777SILVAK_2025-03-24_G64,10109777SILVAK,2025-03-24,100334,1,7,0,916.0
10109777SILVAK_2025-03-24_G65,10109777SILVAK,2025-03-24,108759,2,2,11,319.0
10109777SILVAK_2025-03-24_G66,10109777SILVAK,2025-03-24,117853,1,2,0,184.0
10109777SILVAK_2025-03-24_G67,10109777SILVAK,2025-03-24,118094,1,3,0,165.0
10109777SILVAK_2025-03-24_G68,10109777SILVAK,2025-03-24,110515,1,2,0,117.0
10109777SILVAK_2025-03-24_G69,10109777SILVAK,2025-03-24,109640,1,2,0,77.0
10109777SILVAK_2025-03-24_G70,10109777SILVAK,2025-03-24,110747,1,4,0,503.0
10109777SILVAK_2025-03-24_G71,10109777SILVAK,2025-03-24,100334,1,7,0,137.0
10109777SILVAK_2025-03-24_G72,10109777SILVAK,2025-03-24,117862,1,5,0,112.0
10109777SILVAK_2025-03-24_G73,10109777SILVAK,2025-03-24,110339,1,1,0,76.0
10109777SILVAK_2025-03-24_G74,10109777SILVAK,2025-03-24,110515,1,1,0,74.0
10109777SILVAK_2025-03-24_G75,10109777SILVAK,2025-03-24,109640,1,4,0,106.0
10109777SILVAK_2025-03-24_G76,10109777SILVAK,2025-03-24,111441,1,2,0,382.0
10109777SILVAK_2025-03-24_G77,10109777SILVAK,2025-03-24,100334,1,5,0,396.0
10109777SILVAK_2025-03-24_G78,10109777SILVAK,2025-03-24,111569,1,2,0,110.0
10109777SILVAK_2025-03-24_G79,10109777SILVAK,2025-03-24,117862,1,1,0,207.0
10109777SILVAK_2025-03-25_G02,10109777SILVAK,2025-03-25,117808,1,120,0,759.0
10109777SILVAK_2025-03-25_G03,10109777SILVAK,2025-03-25,117809,1,43,0,498.0
10109777SILVAK_2025-03-25_G04,10109777SILVAK,2025-03-25,118299,1,700,0,2431.0
10109777SILVAK_2025-03-25_G05,10109777SILVAK,2025-03-25,117820,1,20,0,305.0
10109777SILVAK_2025-03-25_G06,10109777SILVAK,2025-03-25,110375,1,40,0,562.0
10109777SILVAK_2025-03-25_G07,10109777SILVAK,2025-03-25,109747,1,20,0,133.0
10109777SILVAK_2025-03-25_G08,10109777SILVAK,2025-03-25,110374,1,40,0,792.0
10109777SILVAK_2025-03-25_G09,10109777SILVAK,2025-03-25,111441,2,8,25,1418.0
10109777SILVAK_2025-03-25_G10,10109777SILVAK,2025-03-25,108770,1,2,0,189.0
10109777SILVAK_2025-03-25_G11,10109777SILVAK,2025-03-25,111438,1,2,0,188.0
10109777SILVAK_2025-03-25_G12,10109777SILVAK,2025-03-25,110747,1,4,0,206.0
10109777SILVAK_2025-03-25_G13,10109777SILVAK,2025-03-25,118306,1,4,0,184.0
10109777SILVAK_2025-03-25_G14,10109777SILVAK,2025-03-25,110895,1,8,0,119.0
10109777SILVAK_2025-03-25_G15,10109777SILVAK,2025-03-25,111430,1,2,0,50.0
10109777SILVAK_2025-03-25_G16,10109777SILVAK,2025-03-25,111569,1,6,0,137.0
10109777SILVAK_2025-03-25_G17,10109777SILVAK,2025-03-25,117853,1,4,0,338.0
10109777SILVAK_2025-03-25_G18,10109777SILVAK,2025-03-25,118094,1,4,0,122.0
10109777SILVAK_2025-03-25_G19,10109777SILVAK,2025-03-25,117862,1,4,0,89.0
10109777SILVAK_2025-03-25_G20,10109777SILVAK,2025-03-25,110339,1,16,0,187.0
10109777SILVAK_2025-03-25_G21,10109777SILVAK,2025-03-25,117935,1,1,0,70.0
10109777SILVAK_2025-03-25_G22,10109777SILVAK,2025-03-25,111602,1,15,0,453.0
10109777SILVAK_2025-03-25_G23,10109777SILVAK,2025-03-25,110733,1,10,0,130.0
10109777SILVAK_2025-03-25_G24,10109777SILVAK,2025-03-25,111530,1,14,0,124.0
10109777SILVAK_2025-03-25_G25,10109777SILVAK,2025-03-25,117855,1,16,0,498.0
10109777SILVAK_2025-03-25_G26,10109777SILVAK,2025-03-25,117786,1,3,0,112.0
10109777SILVAK_2025-03-25_G27,10109777SILVAK,2025-03-25,110515,1,10,0,137.0
10109777SILVAK_2025-03-25_G28,10109777SILVAK,2025-03-25,110711,1,2,0,93.0
10109777SILVAK_2025-03-25_G29,10109777SILVAK,2025-03-25,117788,1,4,0,80.0
10109777SILVAK_2025-03-25_G30,10109777SILVAK,2025-03-25,117808,1,40,0,985.0
10109777SILVAK_2025-03-25_G31,10109777SILVAK,2025-03-25,117809,1,14,0,182.0
10109777SILVAK_2025-03-25_G32,10109777SILVAK,2025-03-25,118299,1,20,0,155.0
10109777SILVAK_2025-03-25_G33,10109777SILVAK,2025-03-25,117820,1,16,0,114.0
10109777SILVAK_2025-03-25_G34,10109777SILVAK,2025-03-25,109643,1,5,0,149.0
10109777SILVAK_2025-03-25_G35,10109777SILVAK,2025-03-25,110371,1,20,0,895.0
10109777SILVAK_2025-03-25_G36,10109777SILVAK,2025-03-25,117830,1,4,0,248.0
10109777SILVAK_2025-03-25_G37,10109777SILVAK,2025-03-25,110372,1,20,0,443.0
10109777SILVAK_2025-03-25_G38,10109777SILVAK,2025-03-25,110373,1,80,0,642.0
10109777SILVAK_2025-03-25_G39,10109777SILVAK,2025-03-25,110375,1,6,0,220.0
10109777SILVAK_2025-03-25_G40,10109777SILVAK,2025-03-25,109747,1,5,0,132.0
10109777SILVAK_2025-03-25_G41,10109777SILVAK,2025-03-25,110374,1,12,0,137.0
10109777SILVAK_2025-03-25_G43,10109777SILVAK,2025-03-25,110787,1,24,0,189.0
10109777SILVAK_2025-03-25_G44,10109777SILVAK,2025-03-25,111465,1,10,0,477.0
10109777SILVAK_2025-03-25_G45,10109777SILVAK,2025-03-25,111441,1,8,0,1208.0
10109777SILVAK_2025-03-25_G46,10109777SILVAK,2025-03-25,109640,1,8,0,1150.0
10109777SILVAK_2025-03-25_G47,10109777SILVAK,2025-03-25,109643,1,60,0,726.0
10109777SILVAK_2025-03-25_G48,10109777SILVAK,2025-03-25,111569,1,4,0,478.0
10109777SILVAK_2025-03-25_G49,10109777SILVAK,2025-03-25,108711,1,4,0,137.0
10109777SILVAK_2025-03-25_G50,10109777SILVAK,2025-03-25,110373,1,8,0,131.0
10109777SILVAK_2025-03-25_G51,10109777SILVAK,2025-03-25,111660,1,4,0,1968.0
10109777SILVAK_2025-03-25_G52,10109777SILVAK,2025-03-25,111569,1,8,0,1754.0
10109777SILVAK_2025-03-25_G53,10109777SILVAK,2025-03-25,110373,1,100,0,1886.0
10109777SILVAK_2025-03-25_G54,10109777SILVAK,2025-03-25,117809,1,80,0,536.0
10109777SILVAK_2025-03-25_G55,10109777SILVAK,2025-03-25,117820,1,80,0,597.0
10109777SILVAK_2025-03-25_G56,10109777SILVAK,2025-03-25,117808,1,40,0,375.0
10109777SILVAK_2025-03-25_G57,10109777SILVAK,2025-03-25,117830,1,20,0,235.0
10109777SILVAK_2025-03-25_G58,10109777SILVAK,2025-03-25,117832,1,60,0,498.0
10109777SILVAK_2025-03-25_G59,10109777SILVAK,2025-03-25,117808,1,200,0,316.0
10109777SILVAK_2025-03-25_G60,10109777SILVAK,2025-03-25,140922,1,40,0,1687.0
10109777SILVAK_2025-03-25_G61,10109777SILVAK,2025-03-25,110740,1,39,0,516.0
10109777SILVAK_2025-03-26_G02,10109777SILVAK,2025-03-26,117856,1,5,0,156.0
10109777SILVAK_2025-03-26_G03,10109777SILVAK,2025-03-26,117808,1,4,0,474.0
10109777SILVAK_2025-03-26_G04,10109777SILVAK,2025-03-26,160052,1,4,0,106.0
10109777SILVAK_2025-03-26_G05,10109777SILVAK,2025-03-26,110372,2,6,13,118.0
10109777SILVAK_2025-03-26_G06,10109777SILVAK,2025-03-26,160051,1,20,0,117.0
10109777SILVAK_2025-03-26_G07,10109777SILVAK,2025-03-26,111441,1,4,0,462.0
10109777SILVAK_2025-03-26_G08,10109777SILVAK,2025-03-26,111569,1,4,0,313.0
10109777SILVAK_2025-03-26_G09,10109777SILVAK,2025-03-26,110895,1,3,0,179.0
10109777SILVAK_2025-03-26_G10,10109777SILVAK,2025-03-26,118094,1,10,0,703.0
10109777SILVAK_2025-03-26_G11,10109777SILVAK,2025-03-26,117856,1,4,0,160.0
10109777SILVAK_2025-03-26_G12,10109777SILVAK,2025-03-26,110733,1,1,0,160.0
10109777SILVAK_2025-03-26_G13,10109777SILVAK,2025-03-26,118403,2,3,10,55.0
10109777SILVAK_2025-03-26_G14,10109777SILVAK,2025-03-26,111530,1,30,0,329.0
10109777SILVAK_2025-03-26_G15,10109777SILVAK,2025-03-26,117855,1,7,0,137.0
10109777SILVAK_2025-03-26_G16,10109777SILVAK,2025-03-26,110711,1,5,0,288.0
10109777SILVAK_2025-03-26_G17,10109777SILVAK,2025-03-26,111466,1,12,0,1064.0
10109777SILVAK_2025-03-26_G18,10109777SILVAK,2025-03-26,111443,1,4,0,77.0
10109777SILVAK_2025-03-26_G19,10109777SILVAK,2025-03-26,118317,1,4,0,155.0
10109777SILVAK_2025-03-26_G20,10109777SILVAK,2025-03-26,117831,1,3,0,55.0
10109777SILVAK_2025-03-26_G21,10109777SILVAK,2025-03-26,110787,1,3,0,365.0
10109777SILVAK_2025-03-26_G22,10109777SILVAK,2025-03-26,110374,1,16,0,375.0
10109777SILVAK_2025-03-26_G23,10109777SILVAK,2025-03-26,117820,1,5,0,184.0
10109777SILVAK_2025-03-26_G24,10109777SILVAK,2025-03-26,117830,1,16,0,184.0
10109777SILVAK_2025-03-26_G25,10109777SILVAK,2025-03-26,111463,1,100,0,846.0
10109777SILVAK_2025-03-26_G26,10109777SILVAK,2025-03-26,117808,1,50,0,425.0
10109777SILVAK_2025-03-26_G27,10109777SILVAK,2025-03-26,111348,1,11,0,1176.0
10109777SILVAK_2025-03-26_G28,10109777SILVAK,2025-03-26,110740,1,23,0,45.0
10109777SILVAK_2025-03-26_G29,10109777SILVAK,2025-03-26,111330,1,20,0,891.0
10109777SILVAK_2025-03-26_G30,10109777SILVAK,2025-03-26,110743,1,18,0,1553.0
10109777SILVAK_2025-03-26_G31,10109777SILVAK,2025-03-26,117841,1,1,0,171.0
10109777SILVAK_2025-03-26_G32,10109777SILVAK,2025-03-26,118317,1,37,0,909.0
10109777SILVAK_2025-03-26_G33,10109777SILVAK,2025-03-26,108736,1,50,0,528.0
10109777SILVAK_2025-03-26_G34,10109777SILVAK,2025-03-26,117809,1,17,0,162.0
10109777SILVAK_2025-03-26_G35,10109777SILVAK,2025-03-26,109643,1,50,0,718.0
10109777SILVAK_2025-03-26_G36,10109777SILVAK,2025-03-26,111530,1,1,0,92.0
10109777SILVAK_2025-03-26_G37,10109777SILVAK,2025-03-26,110313,1,42,0,926.0
10109777SILVAK_2025-03-26_G39,10109777SILVAK,2025-03-26,111598,1,4,0,350.0
10109777SILVAK_2025-03-26_G40,10109777SILVAK,2025-03-26,110313,1,21,0,484.0
10109777SILVAK_2025-03-26_G41,10109777SILVAK,2025-03-26,111530,1,30,0,451.0
10109777SILVAK_2025-03-26_G42,10109777SILVAK,2025-03-26,110745,1,12,0,209.0
10109777SILVAK_2025-03-26_G43,10109777SILVAK,2025-03-26,111463,1,1050,0,2599.0
10109777SILVAK_2025-03-26_G44,10109777SILVAK,2025-03-26,110373,1,48,0,501.0
10109777SILVAK_2025-03-26_G45,10109777SILVAK,2025-03-26,141261,1,1097,0,2295.0
10109777SILVAK_2025-03-27_G02,10109777SILVAK,2025-03-27,111438,1,3,0,174.0
10109777SILVAK_2025-03-27_G03,10109777SILVAK,2025-03-27,118290,1,4,0,91.0
10109777SILVAK_2025-03-27_G04,10109777SILVAK,2025-03-27,117787,1,4,0,148.0
10109777SILVAK_2025-03-27_G05,10109777SILVAK,2025-03-27,111438,1,1,0,198.0
10109777SILVAK_2025-03-27_G06,10109777SILVAK,2025-03-27,111463,1,5,0,171.0
10109777SILVAK_2025-03-27_G07,10109777SILVAK,2025-03-27,111467,1,6,0,135.0
10109777SILVAK_2025-03-27_G08,10109777SILVAK,2025-03-27,100334,1,1,0,109.0
10109777SILVAK_2025-03-27_G09,10109777SILVAK,2025-03-27,117853,1,4,0,154.0
10109777SILVAK_2025-03-27_G10,10109777SILVAK,2025-03-27,111530,1,1,0,112.0
10109777SILVAK_2025-03-27_G11,10109777SILVAK,2025-03-27,111463,1,6,0,273.0
10109777SILVAK_2025-03-27_G12,10109777SILVAK,2025-03-27,118140,1,4,0,90.0
10109777SILVAK_2025-03-27_G13,10109777SILVAK,2025-03-27,111466,1,8,0,370.0
10109777SILVAK_2025-03-27_G14,10109777SILVAK,2025-03-27,111418,1,14,0,215.0
10109777SILVAK_2025-03-27_G15,10109777SILVAK,2025-03-27,117831,1,2,0,234.0
10109777SILVAK_2025-03-27_G16,10109777SILVAK,2025-03-27,110787,1,1,0,78.0
10109777SILVAK_2025-03-27_G17,10109777SILVAK,2025-03-27,111532,1,3,0,91.0
10109777SILVAK_2025-03-27_G18,10109777SILVAK,2025-03-27,111469,1,4,0,333.0
10109777SILVAK_2025-03-27_G19,10109777SILVAK,2025-03-27,108770,1,2,0,604.0
10109777SILVAK_2025-03-27_G20,10109777SILVAK,2025-03-27,103149,1,2,0,65.0
10109777SILVAK_2025-03-27_G21,10109777SILVAK,2025-03-27,118306,1,10,0,113.0
10109777SILVAK_2025-03-27_G22,10109777SILVAK,2025-03-27,111569,1,4,0,187.0
10109777SILVAK_2025-03-27_G23,10109777SILVAK,2025-03-27,105359,1,2,0,164.0
10109777SILVAK_2025-03-27_G24,10109777SILVAK,2025-03-27,110895,1,12,0,56.0
10109777SILVAK_2025-03-27_G25,10109777SILVAK,2025-03-27,117836,2,4,8,536.0
10109777SILVAK_2025-03-27_G26,10109777SILVAK,2025-03-27,118222,1,5,0,1520.0
10109777SILVAK_2025-03-27_G27,10109777SILVAK,2025-03-27,108711,1,8,0,249.0
10109777SILVAK_2025-03-27_G28,10109777SILVAK,2025-03-27,111462,1,16,0,55.0
10109777SILVAK_2025-03-27_G29,10109777SILVAK,2025-03-27,110745,1,6,0,348.0
10109777SILVAK_2025-03-27_G30,10109777SILVAK,2025-03-27,117821,1,16,0,175.0
10109777SILVAK_2025-03-27_G31,10109777SILVAK,2025-03-27,117841,1,4,0,113.0
10109777SILVAK_2025-03-27_G32,10109777SILVAK,2025-03-27,117787,1,5,0,61.0
10109777SILVAK_2025-03-27_G33,10109777SILVAK,2025-03-27,117787,1,7,0,129.0
10109777SILVAK_2025-03-27_G34,10109777SILVAK,2025-03-27,117785,1,80,0,533.0
10109777SILVAK_2025-03-27_G35,10109777SILVAK,2025-03-27,111182,1,8,0,564.0
10109777SILVAK_2025-03-27_G36,10109777SILVAK,2025-03-27,111532,1,30,0,174.0
10109777SILVAK_2025-03-27_G37,10109777SILVAK,2025-03-27,109645,2,9,9,266.0
10109777SILVAK_2025-03-27_G38,10109777SILVAK,2025-03-27,111418,1,80,0,628.0
10109777SILVAK_2025-03-27_G39,10109777SILVAK,2025-03-27,111469,1,37,0,585.0
10109777SILVAK_2025-03-27_G40,10109777SILVAK,2025-03-27,111469,1,30,0,59.0
10109777SILVAK_2025-03-27_G41,10109777SILVAK,2025-03-27,111465,1,8,0,813.0
10109777SILVAK_2025-03-27_G42,10109777SILVAK,2025-03-27,111466,1,50,0,576.0
10109777SILVAK_2025-03-27_G43,10109777SILVAK,2025-03-27,111348,1,411,0,3319.0
10109777SILVAK_2025-03-27_G44,10109777SILVAK,2025-03-27,109649,1,25,0,763.0
10109777SILVAK_2025-03-27_G46,10109777SILVAK,2025-03-27,110325,1,2,0,590.0
10109777SILVAK_2025-03-27_G47,10109777SILVAK,2025-03-27,117809,2,13,9,155.0
10109777SILVAK_2025-03-27_G48,10109777SILVAK,2025-03-27,118299,1,14,0,66.0
10109777SILVAK_2025-03-27_G49,10109777SILVAK,2025-03-27,110373,1,26,0,289.0
10109777SILVAK_2025-03-27_G50,10109777SILVAK,2025-03-27,110373,1,40,0,83.0
10109777SILVAK_2025-03-27_G51,10109777SILVAK,2025-03-27,109643,1,6,0,560.0
10109777SILVAK_2025-03-27_G52,10109777SILVAK,2025-03-27,110371,1,25,0,359.0
10109777SILVAK_2025-03-27_G53,10109777SILVAK,2025-03-27,110371,1,50,0,132.0
10109777SILVAK_2025-03-27_G54,10109777SILVAK,2025-03-27,117822,1,2,0,720.0
10109777SILVAK_2025-03-27_G55,10109777SILVAK,2025-03-27,110374,1,6,0,257.0
10109777SILVAK_2025-03-27_G56,10109777SILVAK,2025-03-27,117820,1,6,0,301.0
10109777SILVAK_2025-03-27_G57,10109777SILVAK,2025-03-27,117820,1,6,0,626.0
10109777SILVAK_2025-03-27_G58,10109777SILVAK,2025-03-27,110372,1,4,0,123.0
10109777SILVAK_2025-03-27_G59,10109777SILVAK,2025-03-27,110375,1,2,0,220.0
10109777SILVAK_2025-03-27_G60,10109777SILVAK,2025-03-27,117808,2,92,14,1049.0
10109777SILVAK_2025-03-27_G61,10109777SILVAK,2025-03-27,109643,1,3,0,385.0
10109777SILVAK_2025-03-27_G62,10109777SILVAK,2025-03-27,111722,1,6,0,652.0
10109777SILVAK_2025-03-27_G63,10109777SILVAK,2025-03-27,111740,1,6,0,242.0
10109777SILVAK_2025-03-27_G64,10109777SILVAK,2025-03-27,141261,1,20,0,511.0
10109777SILVAK_2025-03-27_G65,10109777SILVAK,2025-03-27,118191,1,20,0,404.0
10109777SILVAK_2025-03-27_G66,10109777SILVAK,2025-03-27,110741,1,2,0,954.0
10109777SILVAK_2025-03-27_G67,10109777SILVAK,2025-03-27,111530,1,20,0,96.0
10109777SILVAK_2025-03-27_G68,10109777SILVAK,2025-03-27,117786,1,102,0,1020.0
10109777SILVAK_2025-03-27_G69,10109777SILVAK,2025-03-27,109649,1,123,0,1218.0
10109777SILVAK_2025-03-27_G70,10109777SILVAK,2025-03-27,117785,1,170,0,557.0
10109777SILVAK_2025-03-27_G71,10109777SILVAK,2025-03-27,111851,1,2,0,643.0
10109777SILVAK_2025-03-27_G72,10109777SILVAK,2025-03-27,111430,1,7,0,206.0
10109777SILVAK_2025-03-27_G73,10109777SILVAK,2025-03-27,114650,1,4,0,162.0
10109777SILVAK_2025-03-27_G74,10109777SILVAK,2025-03-27,103149,1,2,0,503.0
10109777SILVAK_2025-03-27_G75,10109777SILVAK,2025-03-27,103148,1,2,0,193.0
10109777SILVAK_2025-03-27_G76,10109777SILVAK,2025-03-27,111705,1,2,0,190.0
10109777SILVAK_2025-03-27_G77,10109777SILVAK,2025-03-27,110081,1,2,0,148.0
10109777SILVAK_2025-03-29_G02,10109777SILVAK,2025-03-29,117830,1,84,0,1084.0
10109777SILVAK_2025-03-29_G03,10109777SILVAK,2025-03-29,107830,1,148,0,1018.0
10109777SILVAK_2025-03-29_G04,10109777SILVAK,2025-03-29,110375,1,111,0,391.0
10109777SILVAK_2025-03-29_G05,10109777SILVAK,2025-03-29,141047,1,4,0,2771.0
10109777SILVAK_2025-03-29_G06,10109777SILVAK,2025-03-29,160051,1,10,0,293.0
10109777SILVAK_2025-03-29_G07,10109777SILVAK,2025-03-29,110742,1,11,0,1144.0
10109777SILVAK_2025-03-29_G08,10109777SILVAK,2025-03-29,110742,1,1,0,970.0
10109777SILVAK_2025-03-29_G09,10109777SILVAK,2025-03-29,111430,1,2,0,286.0
10109777SILVAK_2025-03-29_G10,10109777SILVAK,2025-03-29,118416,1,4,0,526.0
10109777SILVAK_2025-03-29_G11,10109777SILVAK,2025-03-29,110339,1,1,0,196.0
10109777SILVAK_2025-03-29_G12,10109777SILVAK,2025-03-29,110733,1,1,0,101.0
10109777SILVAK_2025-03-29_G13,10109777SILVAK,2025-03-29,111530,1,3,0,274.0
10109777SILVAK_2025-03-29_G14,10109777SILVAK,2025-03-29,109647,1,2,0,122.0
10109777SILVAK_2025-03-29_G15,10109777SILVAK,2025-03-29,118140,1,7,0,108.0
10109777SILVAK_2025-03-29_G16,10109777SILVAK,2025-03-29,111532,1,3,0,149.0
10109777SILVAK_2025-03-29_G17,10109777SILVAK,2025-03-29,109641,1,2,0,80.0
10109777SILVAK_2025-03-29_G18,10109777SILVAK,2025-03-29,111418,2,32,19,63.0
10109777SILVAK_2025-03-29_G19,10109777SILVAK,2025-03-29,110745,1,1,0,306.0
10109777SILVAK_2025-03-29_G20,10109777SILVAK,2025-03-29,117821,1,4,0,107.0
10109777SILVAK_2025-03-29_G21,10109777SILVAK,2025-03-29,117785,1,10,0,434.0
10109777SILVAK_2025-03-29_G22,10109777SILVAK,2025-03-29,108795,1,2,0,611.0
10109777SILVAK_2025-03-29_G23,10109777SILVAK,2025-03-29,117834,1,28,0,1577.0
10109777SILVAK_2025-03-29_G24,10109777SILVAK,2025-03-29,109649,1,2,0,767.0
10109777SILVAK_2025-03-29_G25,10109777SILVAK,2025-03-29,140922,1,6,0,115.0
10109777SILVAK_2025-03-29_G27,10109777SILVAK,2025-03-29,118140,2,31,16,169.0
10109777SILVAK_2025-03-29_G28,10109777SILVAK,2025-03-29,111435,2,5,6,187.0
10109777SILVAK_2025-03-29_G29,10109777SILVAK,2025-03-29,111443,1,1,0,79.0
10109777SILVAK_2025-03-29_G30,10109777SILVAK,2025-03-29,111330,1,6,0,39.0
10109777SILVAK_2025-03-29_G31,10109777SILVAK,2025-03-29,111532,1,3,0,137.0
10109777SILVAK_2025-03-29_G32,10109777SILVAK,2025-03-29,111468,1,2,0,477.0
10109777SILVAK_2025-03-29_G33,10109777SILVAK,2025-03-29,111172,1,2,0,65.0
10109777SILVAK_2025-03-29_G34,10109777SILVAK,2025-03-29,111418,2,25,12,99.0
10109777SILVAK_2025-03-29_G35,10109777SILVAK,2025-03-29,108711,2,14,7,374.0
10109777SILVAK_2025-03-29_G36,10109777SILVAK,2025-03-29,111469,6,63,80,117.0
10109777SILVAK_2025-03-29_G37,10109777SILVAK,2025-03-29,110748,1,2,0,591.0
10109777SILVAK_2025-03-29_G38,10109777SILVAK,2025-03-29,118317,1,1,0,124.0
10109777SILVAK_2025-03-29_G39,10109777SILVAK,2025-03-29,117831,1,5,0,102.0
10109777SILVAK_2025-03-29_G40,10109777SILVAK,2025-03-29,117831,1,12,0,288.0
10109777SILVAK_2025-03-29_G41,10109777SILVAK,2025-03-29,105705,1,7,0,46.0
10109777SILVAK_2025-03-29_G42,10109777SILVAK,2025-03-29,110787,1,1,0,119.0
10109777SILVAK_2025-03-29_G43,10109777SILVAK,2025-03-29,117821,1,4,0,93.0
10109777SILVAK_2025-03-29_G44,10109777SILVAK,2025-03-29,117785,1,4,0,92.0
10109777SILVAK_2025-03-29_G45,10109777SILVAK,2025-03-29,118222,1,2,0,1799.0
10109777SILVAK_2025-03-29_G46,10109777SILVAK,2025-03-29,110374,1,5,0,1192.0
10109777SILVAK_2025-03-29_G47,10109777SILVAK,2025-03-29,110374,1,4,0,103.0
10109777SILVAK_2025-03-29_G48,10109777SILVAK,2025-03-29,117853,1,4,0,220.0
10109777SILVAK_2025-03-29_G49,10109777SILVAK,2025-03-29,105242,1,3,0,164.0
10109777SILVAK_2025-03-29_G50,10109777SILVAK,2025-03-29,111530,1,2,0,32.0
10109777SILVAK_2025-03-29_G51,10109777SILVAK,2025-03-29,109640,1,1,0,121.0
10109777SILVAK_2025-03-30_G02,10109777SILVAK,2025-03-30,111569,1,60,0,1243.0
10109777SILVAK_2025-03-30_G03,10109777SILVAK,2025-03-30,109937,1,8,0,245.0
10109777SILVAK_2025-03-30_G04,10109777SILVAK,2025-03-30,117834,1,8,0,284.0
10109777SILVAK_2025-03-30_G05,10109777SILVAK,2025-03-30,110742,1,50,0,412.0
10109777SILVAK_2025-03-30_G06,10109777SILVAK,2025-03-30,117853,1,8,0,2374.0
10109777SILVAK_2025-03-30_G07,10109777SILVAK,2025-03-30,118416,1,4,0,228.0
10109777SILVAK_2025-03-30_G08,10109777SILVAK,2025-03-30,107629,1,8,0,85.0
10109777SILVAK_2025-03-30_G09,10109777SILVAK,2025-03-30,117786,1,4,0,317.0
10109777SILVAK_2025-03-30_G10,10109777SILVAK,2025-03-30,109647,1,4,0,475.0
10109777SILVAK_2025-03-30_G11,10109777SILVAK,2025-03-30,100334,1,8,0,606.0
10109777SILVAK_2025-03-30_G12,10109777SILVAK,2025-03-30,110733,1,8,0,156.0
10109777SILVAK_2025-03-30_G13,10109777SILVAK,2025-03-30,117935,1,4,0,84.0
10109777SILVAK_2025-03-30_G14,10109777SILVAK,2025-03-30,111532,1,6,0,206.0
10109777SILVAK_2025-03-30_G15,10109777SILVAK,2025-03-30,111463,1,8,0,1821.0
10109777SILVAK_2025-03-30_G16,10109777SILVAK,2025-03-30,118094,1,4,0,216.0
10109777SILVAK_2025-03-30_G17,10109777SILVAK,2025-03-30,141047,1,2,0,391.0
10109777SILVAK_2025-03-30_G18,10109777SILVAK,2025-03-30,110373,1,10,0,122.0
10109777SILVAK_2025-03-30_G19,10109777SILVAK,2025-03-30,117855,1,4,0,355.0
10109777SILVAK_2025-03-30_G20,10109777SILVAK,2025-03-30,111441,1,4,0,358.0
10109777SILVAK_2025-03-30_G21,10109777SILVAK,2025-03-30,117808,1,6,0,271.0
10109777SILVAK_2025-03-30_G22,10109777SILVAK,2025-03-30,111634,1,4,0,644.0
10109777SILVAK_2025-03-30_G23,10109777SILVAK,2025-03-30,107830,1,7,0,233.0
10109777SILVAK_2025-03-30_G24,10109777SILVAK,2025-03-30,118191,1,5,0,136.0
10109777SILVAK_2025-03-30_G25,10109777SILVAK,2025-03-30,111739,1,2,0,249.0
10109777SILVAK_2025-03-30_G26,10109777SILVAK,2025-03-30,111755,1,8,0,995.0
10109777SILVAK_2025-03-30_G27,10109777SILVAK,2025-03-30,111761,1,2,0,590.0
10109777SILVAK_2025-03-30_G28,10109777SILVAK,2025-03-30,111751,1,5,0,929.0
10109777SILVAK_2025-03-30_G29,10109777SILVAK,2025-03-30,141262,1,21,0,1167.0
10109777SILVAK_2025-03-30_G30,10109777SILVAK,2025-03-30,118191,1,4,0,642.0
10109777SILVAK_2025-03-30_G31,10109777SILVAK,2025-03-30,109640,1,4,0,212.0
10109777SILVAK_2025-03-30_G33,10109777SILVAK,2025-03-30,117855,1,8,0,438.0
10109777SILVAK_2025-03-30_G34,10109777SILVAK,2025-03-30,111467,1,3,0,68.0
10109777SILVAK_2025-03-30_G35,10109777SILVAK,2025-03-30,111602,1,4,0,144.0
10109777SILVAK_2025-03-30_G36,10109777SILVAK,2025-03-30,141047,1,2,0,353.0
10109777SILVAK_2025-03-30_G37,10109777SILVAK,2025-03-30,117786,1,4,0,281.0
10109777SILVAK_2025-03-30_G38,10109777SILVAK,2025-03-30,110371,1,20,0,734.0
10109777SILVAK_2025-03-30_G39,10109777SILVAK,2025-03-30,111742,1,7,0,1230.0
10109777SILVAK_2025-03-30_G40,10109777SILVAK,2025-03-30,160054,1,1,0,767.0
10109777SILVAK_2025-03-30_G41,10109777SILVAK,2025-03-30,110376,1,1,0,53.0
10109777SILVAK_2025-03-30_G42,10109777SILVAK,2025-03-30,117809,1,4,0,102.0
10109777SILVAK_2025-03-30_G43,10109777SILVAK,2025-03-30,117830,1,2,0,98.0
10109777SILVAK_2025-03-30_G44,10109777SILVAK,2025-03-30,117820,1,2,0,65.0
10109777SILVAK_2025-03-30_G45,10109777SILVAK,2025-03-30,117832,1,2,0,109.0
10109777SILVAK_2025-03-30_G46,10109777SILVAK,2025-03-30,110373,1,10,0,113.0
10109777SILVAK_2025-03-30_G47,10109777SILVAK,2025-03-30,117808,1,6,0,348.0
10109777SILVAK_2025-03-30_G48,10109777SILVAK,2025-03-30,111467,1,4,0,560.0
10109777SILVAK_2025-03-30_G49,10109777SILVAK,2025-03-30,117861,1,6,0,134.0
10109777SILVAK_2025-03-30_G50,10109777SILVAK,2025-03-30,110515,1,4,0,277.0
10109777SILVAK_2025-03-30_G51,10109777SILVAK,2025-03-30,117786,1,4,0,290.0
10109777SILVAK_2025-03-30_G52,10109777SILVAK,2025-03-30,111466,1,2,0,164.0
10109777SILVAK_2025-03-30_G53,10109777SILVAK,2025-03-30,108711,1,4,0,111.0
10109777SILVAK_2025-03-30_G54,10109777SILVAK,2025-03-30,111469,1,6,0,85.0
10109777SILVAK_2025-03-31_G02,10109777SILVAK,2025-03-31,111469,1,6,0,69.0
10109777SILVAK_2025-03-31_G03,10109777SILVAK,2025-03-31,109643,1,5,0,1079.0
10109777SILVAK_2025-03-31_G04,10109777SILVAK,2025-03-31,160054,1,8,0,349.0
10109777SILVAK_2025-03-31_G05,10109777SILVAK,2025-03-31,118140,1,12,0,341.0
10109777SILVAK_2025-03-31_G06,10109777SILVAK,2025-03-31,118094,1,9,0,372.0
10109777SILVAK_2025-03-31_G07,10109777SILVAK,2025-03-31,117786,1,3,0,114.0
10109777SILVAK_2025-03-31_G08,10109777SILVAK,2025-03-31,111435,1,8,0,244.0
10109777SILVAK_2025-03-31_G09,10109777SILVAK,2025-03-31,111469,1,14,0,191.0
10109777SILVAK_2025-03-31_G10,10109777SILVAK,2025-03-31,117841,1,8,0,183.0
10109777SILVAK_2025-03-31_G11,10109777SILVAK,2025-03-31,160055,1,4,0,134.0
10109777SILVAK_2025-03-31_G12,10109777SILVAK,2025-03-31,111467,2,10,9,565.0
10109777SILVAK_2025-03-31_G13,10109777SILVAK,2025-03-31,111467,3,9,19,95.0
10109777SILVAK_2025-03-31_G14,10109777SILVAK,2025-03-31,107830,1,1,0,179.0
10109777SILVAK_2025-03-31_G15,10109777SILVAK,2025-03-31,118140,2,6,30,142.0
10109777SILVAK_2025-03-31_G16,10109777SILVAK,2025-03-31,111418,1,2,0,124.0
10109777SILVAK_2025-03-31_G17,10109777SILVAK,2025-03-31,110374,1,4,0,923.0
10109777SILVAK_2025-03-31_G18,10109777SILVAK,2025-03-31,111467,2,4,13,198.0
10109777SILVAK_2025-03-31_G19,10109777SILVAK,2025-03-31,110373,1,23,0,387.0
10109777SILVAK_2025-03-31_G20,10109777SILVAK,2025-03-31,109937,1,15,0,705.0
10109777SILVAK_2025-03-31_G21,10109777SILVAK,2025-03-31,108410,1,2,0,1486.0
10109777SILVAK_2025-03-31_G22,10109777SILVAK,2025-03-31,118311,1,2,0,324.0
10109777SILVAK_2025-03-31_G23,10109777SILVAK,2025-03-31,111793,1,2,0,1192.0
10109777SILVAK_2025-03-31_G24,10109777SILVAK,2025-03-31,103148,1,2,0,322.0
10109777SILVAK_2025-03-31_G25,10109777SILVAK,2025-03-31,110129,2,6,10,1387.0
10109777SILVAK_2025-03-31_G26,10109777SILVAK,2025-03-31,111348,5,44,63,305.0
10109777SILVAK_2025-03-31_G27,10109777SILVAK,2025-03-31,111330,1,8,0,1810.0
10109777SILVAK_2025-03-31_G28,10109777SILVAK,2025-03-31,111532,1,66,0,474.0
10109777SILVAK_2025-03-31_G29,10109777SILVAK,2025-03-31,109641,1,2,0,307.0
10109777SILVAK_2025-03-31_G30,10109777SILVAK,2025-03-31,109641,3,20,26,47.0
10109777SILVAK_2025-03-31_G32,10109777SILVAK,2025-03-31,118223,1,6,0,437.0
10109777SILVAK_2025-03-31_G33,10109777SILVAK,2025-03-31,117841,1,12,0,77.0
10109777SILVAK_2025-03-31_G34,10109777SILVAK,2025-03-31,118317,1,2,0,143.0
10109777SILVAK_2025-03-31_G35,10109777SILVAK,2025-03-31,117787,2,16,9,44.0
10109777SILVAK_2025-03-31_G37,10109777SILVAK,2025-03-31,105705,2,11,8,168.0
10109777SILVAK_2025-03-31_G38,10109777SILVAK,2025-03-31,105705,2,7,17,38.0
10109777SILVAK_2025-03-31_G39,10109777SILVAK,2025-03-31,111433,1,8,0,260.0
10109777SILVAK_2025-03-31_G40,10109777SILVAK,2025-03-31,109645,1,39,0,1304.0
10109777SILVAK_2025-03-31_G41,10109777SILVAK,2025-03-31,109645,1,2,0,744.0
10109777SILVAK_2025-03-31_G42,10109777SILVAK,2025-03-31,110743,2,40,30,579.0
10109777SILVAK_2025-04-05_G02,10109777SILVAK,2025-04-05,110313,1,18,0,55.0
10109777SILVAK_2025-04-05_G03,10109777SILVAK,2025-04-05,117786,1,30,0,68.0
10109777SILVAK_2025-04-05_G04,10109777SILVAK,2025-04-05,111879,1,13,0,172.0
10109777SILVAK_2025-04-05_G05,10109777SILVAK,2025-04-05,111441,1,9,0,3408.0
10109777SILVAK_2025-04-05_G06,10109777SILVAK,2025-04-05,111569,1,2,0,342.0
10109777SILVAK_2025-04-05_G07,10109777SILVAK,2025-04-05,110339,1,6,0,111.0
10109777SILVAK_2025-04-05_G08,10109777SILVAK,2025-04-05,110515,1,12,0,196.0
10109777SILVAK_2025-04-05_G09,10109777SILVAK,2025-04-05,111532,1,5,0,213.0
10109777SILVAK_2025-04-05_G10,10109777SILVAK,2025-04-05,110740,1,2,0,50.0
10109777SILVAK_2025-04-05_G11,10109777SILVAK,2025-04-05,111569,1,2,0,399.0
10109777SILVAK_2025-04-05_G12,10109777SILVAK,2025-04-05,110515,1,10,0,171.0
10109777SILVAK_2025-04-05_G13,10109777SILVAK,2025-04-05,117856,1,5,0,104.0
10109777SILVAK_2025-04-05_G14,10109777SILVAK,2025-04-05,110339,1,1,0,142.0
10109777SILVAK_2025-04-05_G15,10109777SILVAK,2025-04-05,116241,1,2,0,175.0
10109777SILVAK_2025-04-05_G16,10109777SILVAK,2025-04-05,110740,1,2,0,66.0
10109777SILVAK_2025-04-05_G17,10109777SILVAK,2025-04-05,105705,1,5,0,105.0
10109777SILVAK_2025-04-05_G18,10109777SILVAK,2025-04-05,111441,1,3,0,324.0
10109777SILVAK_2025-04-05_G19,10109777SILVAK,2025-04-05,111438,1,6,0,361.0
10109777SILVAK_2025-04-05_G20,10109777SILVAK,2025-04-05,117856,1,6,0,210.0
10109777SILVAK_2025-04-05_G21,10109777SILVAK,2025-04-05,110515,1,6,0,122.0
10109777SILVAK_2025-04-05_G22,10109777SILVAK,2025-04-05,116241,1,10,0,289.0
10109777SILVAK_2025-04-05_G23,10109777SILVAK,2025-04-05,110747,1,1,0,294.0
10109777SILVAK_2025-04-05_G24,10109777SILVAK,2025-04-05,111438,1,7,0,92.0
10109777SILVAK_2025-04-05_G25,10109777SILVAK,2025-04-05,111569,1,5,0,226.0
10109777SILVAK_2025-04-05_G26,10109777SILVAK,2025-04-05,117856,1,5,0,142.0
10109777SILVAK_2025-04-05_G27,10109777SILVAK,2025-04-05,110515,1,4,0,141.0
10109777SILVAK_2025-04-05_G28,10109777SILVAK,2025-04-05,111468,1,3,0,72.0
10109777SILVAK_2025-04-05_G29,10109777SILVAK,2025-04-05,111532,1,2,0,292.0
10109777SILVAK_2025-04-05_G30,10109777SILVAK,2025-04-05,109645,1,2,0,77.0
10109777SILVAK_2025-04-05_G31,10109777SILVAK,2025-04-05,110339,1,2,0,101.0
10109777SILVAK_2025-04-05_G32,10109777SILVAK,2025-04-05,110515,1,5,0,116.0
10109777SILVAK_2025-04-05_G33,10109777SILVAK,2025-04-05,118222,1,20,0,1122.0
10109777SILVAK_2025-04-05_G34,10109777SILVAK,2025-04-05,111438,1,4,0,128.0
10109777SILVAK_2025-04-05_G35,10109777SILVAK,2025-04-05,117836,2,16,8,250.0
10109777SILVAK_2025-04-05_G36,10109777SILVAK,2025-04-05,110742,1,6,0,338.0
10109777SILVAK_2025-04-05_G37,10109777SILVAK,2025-04-05,111441,2,10,12,316.0
10109777SILVAK_2025-04-05_G38,10109777SILVAK,2025-04-05,110742,1,8,0,201.0
10109777SILVAK_2025-04-05_G39,10109777SILVAK,2025-04-05,118222,1,10,0,736.0
10109777SILVAK_2025-04-05_G40,10109777SILVAK,2025-04-05,108794,1,36,0,737.0
10109777SILVAK_2025-04-05_G41,10109777SILVAK,2025-04-05,110740,2,16,8,200.0
10109777SILVAK_2025-04-05_G42,10109777SILVAK,2025-04-05,117831,1,12,0,191.0
10109777SILVAK_2025-04-05_G43,10109777SILVAK,2025-04-05,111418,2,111,11,1391.0
10109777SILVAK_2025-04-05_G44,10109777SILVAK,2025-04-05,111463,1,6,0,102.0
10109777SILVAK_2025-04-05_G45,10109777SILVAK,2025-04-05,111330,1,8,0,114.0
10109777SILVAK_2025-04-05_G46,10109777SILVAK,2025-04-05,111469,1,24,0,207.0
10109777SILVAK_2025-04-05_G47,10109777SILVAK,2025-04-05,110745,1,14,0,443.0
10109777SILVAK_2025-04-05_G48,10109777SILVAK,2025-04-05,110745,1,8,0,38.0
10109777SILVAK_2025-04-05_G49,10109777SILVAK,2025-04-05,110743,1,6,0,303.0
10109777SILVAK_2025-04-05_G50,10109777SILVAK,2025-04-05,117820,1,80,0,133.0
10109777SILVAK_2025-04-05_G51,10109777SILVAK,2025-04-05,117832,1,8,0,1088.0
10109777SILVAK_2025-04-05_G52,10109777SILVAK,2025-04-05,110373,1,700,0,293.0
10109777SILVAK_2025-04-07_G02,10109777SILVAK,2025-04-07,111532,1,8,0,87.0
10109777SILVAK_2025-04-07_G03,10109777SILVAK,2025-04-07,117787,1,4,0,145.0
10109777SILVAK_2025-04-07_G04,10109777SILVAK,2025-04-07,117821,1,4,0,148.0
10109777SILVAK_2025-04-07_G05,10109777SILVAK,2025-04-07,117809,1,8,0,225.0
10109777SILVAK_2025-04-07_G06,10109777SILVAK,2025-04-07,110372,1,6,0,75.0
10109777SILVAK_2025-04-07_G07,10109777SILVAK,2025-04-07,118299,1,12,0,284.0
10109777SILVAK_2025-04-07_G08,10109777SILVAK,2025-04-07,110371,1,2,0,176.0
10109777SILVAK_2025-04-07_G09,10109777SILVAK,2025-04-07,117820,1,2,0,100.0
10109777SILVAK_2025-04-07_G10,10109777SILVAK,2025-04-07,117832,1,2,0,102.0
10109777SILVAK_2025-04-07_G11,10109777SILVAK,2025-04-07,110372,1,4,0,116.0
10109777SILVAK_2025-04-07_G12,10109777SILVAK,2025-04-07,110374,1,4,0,76.0
10109777SILVAK_2025-04-07_G13,10109777SILVAK,2025-04-07,107629,1,2,0,370.0
10109777SILVAK_2025-04-07_G14,10109777SILVAK,2025-04-07,111467,1,2,0,156.0
10109777SILVAK_2025-04-07_G15,10109777SILVAK,2025-04-07,117786,1,5,0,98.0
10109777SILVAK_2025-04-07_G16,10109777SILVAK,2025-04-07,108361,1,2,0,95.0
10109777SILVAK_2025-04-07_G17,10109777SILVAK,2025-04-07,110515,1,1,0,55.0
10109777SILVAK_2025-04-07_G18,10109777SILVAK,2025-04-07,117831,1,4,0,400.0
10109777SILVAK_2025-04-07_G19,10109777SILVAK,2025-04-07,111743,1,1,0,120.0
10109777SILVAK_2025-04-07_G20,10109777SILVAK,2025-04-07,111532,1,5,0,54.0
10109777SILVAK_2025-04-07_G21,10109777SILVAK,2025-04-07,117833,1,2,0,125.0
10109777SILVAK_2025-04-07_G22,10109777SILVAK,2025-04-07,108794,1,4,0,89.0
10109777SILVAK_2025-04-07_G23,10109777SILVAK,2025-04-07,117787,1,2,0,80.0
10109777SILVAK_2025-04-07_G24,10109777SILVAK,2025-04-07,117785,1,10,0,152.0
10109777SILVAK_2025-04-07_G25,10109777SILVAK,2025-04-07,111602,1,4,0,206.0
10109777SILVAK_2025-04-07_G26,10109777SILVAK,2025-04-07,118140,1,4,0,120.0
10109777SILVAK_2025-04-07_G28,10109777SILVAK,2025-04-07,110376,1,8,0,221.0
10109777SILVAK_2025-04-07_G29,10109777SILVAK,2025-04-07,110372,1,8,0,128.0
10109777SILVAK_2025-04-07_G30,10109777SILVAK,2025-04-07,109933,1,4,0,269.0
10109777SILVAK_2025-04-07_G31,10109777SILVAK,2025-04-07,110747,1,4,0,140.0
10109777SILVAK_2025-04-07_G32,10109777SILVAK,2025-04-07,111438,1,4,0,192.0
10109777SILVAK_2025-04-07_G33,10109777SILVAK,2025-04-07,118306,1,4,0,365.0
10109777SILVAK_2025-04-07_G34,10109777SILVAK,2025-04-07,110895,1,4,0,150.0
10109777SILVAK_2025-04-07_G35,10109777SILVAK,2025-04-07,111569,1,4,0,662.0
10109777SILVAK_2025-04-07_G36,10109777SILVAK,2025-04-07,117836,1,4,0,91.0
10109777SILVAK_2025-04-07_G37,10109777SILVAK,2025-04-07,109937,1,4,0,84.0
10109777SILVAK_2025-04-07_G38,10109777SILVAK,2025-04-07,116527,1,4,0,90.0
10109777SILVAK_2025-04-07_G39,10109777SILVAK,2025-04-07,110339,1,4,0,1812.0
10109777SILVAK_2025-04-07_G40,10109777SILVAK,2025-04-07,110313,1,4,0,127.0
10109777SILVAK_2025-04-07_G41,10109777SILVAK,2025-04-07,110733,1,4,0,85.0
10109777SILVAK_2025-04-07_G42,10109777SILVAK,2025-04-07,117935,1,4,0,128.0
10109777SILVAK_2025-04-07_G43,10109777SILVAK,2025-04-07,111650,1,4,0,60.0
10109777SILVAK_2025-04-07_G44,10109777SILVAK,2025-04-07,117855,1,4,0,63.0
10109777SILVAK_2025-04-07_G45,10109777SILVAK,2025-04-07,117786,1,4,0,43.0
10109777SILVAK_2025-04-07_G46,10109777SILVAK,2025-04-07,117856,1,4,0,481.0
10109777SILVAK_2025-04-07_G47,10109777SILVAK,2025-04-07,111602,1,4,0,120.0
10109777SILVAK_2025-04-07_G48,10109777SILVAK,2025-04-07,110515,1,4,0,87.0
10109777SILVAK_2025-04-07_G49,10109777SILVAK,2025-04-07,111530,1,4,0,62.0
10109777SILVAK_2025-04-07_G50,10109777SILVAK,2025-04-07,109647,1,4,0,80.0
10109777SILVAK_2025-04-07_G51,10109777SILVAK,2025-04-07,110711,1,1,0,264.0
10109777SILVAK_2025-04-07_G52,10109777SILVAK,2025-04-07,117837,1,4,0,354.0
10109777SILVAK_2025-04-07_G53,10109777SILVAK,2025-04-07,110750,1,4,0,310.0
10109777SILVAK_2025-04-07_G54,10109777SILVAK,2025-04-07,110325,1,2,0,530.0
10109777SILVAK_2025-04-07_G55,10109777SILVAK,2025-04-07,117809,1,13,0,366.0
10109777SILVAK_2025-04-07_G56,10109777SILVAK,2025-04-07,118299,1,27,0,36.0
10109777SILVAK_2025-04-07_G57,10109777SILVAK,2025-04-07,110371,1,2,0,215.0
10109777SILVAK_2025-04-07_G58,10109777SILVAK,2025-04-07,117830,1,8,0,150.0
10109777SILVAK_2025-04-07_G59,10109777SILVAK,2025-04-07,117820,1,15,0,117.0
10109777SILVAK_2025-04-07_G61,10109777SILVAK,2025-04-07,117832,1,2,0,529.0
10109777SILVAK_2025-04-07_G62,10109777SILVAK,2025-04-07,110372,1,20,0,69.0
10109777SILVAK_2025-04-07_G63,10109777SILVAK,2025-04-07,110373,1,7,0,189.0
10109777SILVAK_2025-04-07_G64,10109777SILVAK,2025-04-07,110375,1,8,0,243.0
10109777SILVAK_2025-04-07_G65,10109777SILVAK,2025-04-07,109747,1,7,0,54.0
10109777SILVAK_2025-04-07_G66,10109777SILVAK,2025-04-07,110374,1,4,0,67.0
10109777SILVAK_2025-04-07_G67,10109777SILVAK,2025-04-07,111438,1,2,0,639.0
10109777SILVAK_2025-04-07_G68,10109777SILVAK,2025-04-07,110895,1,6,0,168.0
10109777SILVAK_2025-04-07_G69,10109777SILVAK,2025-04-07,110740,1,6,0,228.0
10109777SILVAK_2025-04-07_G70,10109777SILVAK,2025-04-07,108736,1,2,0,65.0
10109777SILVAK_2025-04-07_G71,10109777SILVAK,2025-04-07,140922,1,6,0,157.0
10109777SILVAK_2025-04-07_G72,10109777SILVAK,2025-04-07,117833,1,8,0,63.0
10109777SILVAK_2025-04-07_G73,10109777SILVAK,2025-04-07,111468,1,8,0,73.0
10109777SILVAK_2025-04-07_G74,10109777SILVAK,2025-04-07,108794,1,6,0,411.0
10109777SILVAK_2025-04-07_G75,10109777SILVAK,2025-04-07,108711,1,7,0,86.0
10109777SILVAK_2025-04-07_G76,10109777SILVAK,2025-04-07,110332,1,2,0,586.0
10109777SILVAK_2025-04-07_G77,10109777SILVAK,2025-04-07,110339,1,10,0,1564.0
10109777SILVAK_2025-04-07_G78,10109777SILVAK,2025-04-07,107629,1,4,0,144.0
10109777SILVAK_2025-04-07_G79,10109777SILVAK,2025-04-07,117855,1,10,0,91.0
10109777SILVAK_2025-04-07_G80,10109777SILVAK,2025-04-07,117856,1,12,0,145.0
10109777SILVAK_2025-04-07_G81,10109777SILVAK,2025-04-07,109647,1,6,0,153.0
10109777SILVAK_2025-04-07_G82,10109777SILVAK,2025-04-07,109640,1,6,0,151.0
10109777SILVAK_2025-04-07_G83,10109777SILVAK,2025-04-07,110711,1,4,0,112.0
10109777SILVAK_2025-04-07_G84,10109777SILVAK,2025-04-07,111435,1,4,0,413.0
10109777SILVAK_2025-04-07_G85,10109777SILVAK,2025-04-07,111443,1,6,0,157.0
10109777SILVAK_2025-04-07_G86,10109777SILVAK,2025-04-07,111330,1,1,0,44.0
10109777SILVAK_2025-04-07_G87,10109777SILVAK,2025-04-07,"111172, 109645",2,16,23,123.0
10109777SILVAK_2025-04-07_G88,10109777SILVAK,2025-04-07,110745,1,14,0,166.0
10109777SILVAK_2025-04-07_G89,10109777SILVAK,2025-04-07,111442,1,20,0,91.0
10109777SILVAK_2025-04-07_G90,10109777SILVAK,2025-04-07,105705,1,6,0,197.0
10109777SILVAK_2025-04-08_G02,10109777SILVAK,2025-04-08,117838,1,20,0,893.0
10109777SILVAK_2025-04-08_G03,10109777SILVAK,2025-04-08,117785,1,112,0,1269.0
10109777SILVAK_2025-04-08_G04,10109777SILVAK,2025-04-08,111172,1,34,0,270.0
10109777SILVAK_2025-04-08_G05,10109777SILVAK,2025-04-08,111430,1,250,0,3269.0
10109777SILVAK_2025-04-08_G06,10109777SILVAK,2025-04-08,111462,1,133,0,1068.0
10109777SILVAK_2025-04-08_G07,10109777SILVAK,2025-04-08,117821,1,200,0,1652.0
10109777SILVAK_2025-04-08_G08,10109777SILVAK,2025-04-08,117841,1,80,0,779.0
10109777SILVAK_2025-04-08_G09,10109777SILVAK,2025-04-08,117785,1,10,0,155.0
10109777SILVAK_2025-04-08_G10,10109777SILVAK,2025-04-08,109937,1,15,0,1453.0
10109777SILVAK_2025-04-08_G11,10109777SILVAK,2025-04-08,108794,1,14,0,557.0
10109777SILVAK_2025-04-08_G12,10109777SILVAK,2025-04-08,110373,1,23,0,403.0
10109777SILVAK_2025-04-08_G13,10109777SILVAK,2025-04-08,108759,1,2,0,232.0
10109777SILVAK_2025-04-08_G14,10109777SILVAK,2025-04-08,100334,1,2,0,533.0
10109777SILVAK_2025-04-08_G15,10109777SILVAK,2025-04-08,110755,1,4,0,191.0
10109777SILVAK_2025-04-08_G16,10109777SILVAK,2025-04-08,117855,1,5,0,309.0
10109777SILVAK_2025-04-08_G17,10109777SILVAK,2025-04-08,110752,1,2,0,53.0
10109777SILVAK_2025-04-08_G18,10109777SILVAK,2025-04-08,111467,1,1,0,40.0
10109777SILVAK_2025-04-08_G19,10109777SILVAK,2025-04-08,117856,1,2,0,95.0
10109777SILVAK_2025-04-08_G20,10109777SILVAK,2025-04-08,110515,1,7,0,159.0
10109777SILVAK_2025-04-08_G21,10109777SILVAK,2025-04-08,110711,1,4,0,594.0
10109777SILVAK_2025-04-08_G22,10109777SILVAK,2025-04-08,109647,1,1,0,50.0
10109777SILVAK_2025-04-08_G23,10109777SILVAK,2025-04-08,117837,1,2,0,278.0
10109777SILVAK_2025-04-08_G25,10109777SILVAK,2025-04-08,111435,1,2,0,82.0
10109777SILVAK_2025-04-08_G26,10109777SILVAK,2025-04-08,118140,1,12,0,104.0
10109777SILVAK_2025-04-08_G27,10109777SILVAK,2025-04-08,111418,1,10,0,76.0
10109777SILVAK_2025-04-08_G28,10109777SILVAK,2025-04-08,111466,1,9,0,40.0
10109777SILVAK_2025-04-08_G29,10109777SILVAK,2025-04-08,"111468, 109641",2,8,23,114.0
10109777SILVAK_2025-04-08_G30,10109777SILVAK,2025-04-08,117821,1,6,0,174.0
10109777SILVAK_2025-04-08_G31,10109777SILVAK,2025-04-08,118004,1,1,0,129.0
10109777SILVAK_2025-04-08_G32,10109777SILVAK,2025-04-08,110325,1,5,0,414.0
10109777SILVAK_2025-04-08_G33,10109777SILVAK,2025-04-08,118299,1,10,0,555.0
10109777SILVAK_2025-04-08_G34,10109777SILVAK,2025-04-08,109643,1,12,0,309.0
10109777SILVAK_2025-04-08_G35,10109777SILVAK,2025-04-08,110373,1,16,0,164.0
10109777SILVAK_2025-04-08_G36,10109777SILVAK,2025-04-08,110374,1,4,0,86.0
10109777SILVAK_2025-04-08_G37,10109777SILVAK,2025-04-08,111602,1,8,0,307.0
10109777SILVAK_2025-04-08_G38,10109777SILVAK,2025-04-08,110313,1,8,0,57.0
10109777SILVAK_2025-04-08_G39,10109777SILVAK,2025-04-08,116241,1,4,0,496.0
10109777SILVAK_2025-04-08_G40,10109777SILVAK,2025-04-08,111850,1,2,0,907.0
10109777SILVAK_2025-04-08_G41,10109777SILVAK,2025-04-08,110311,1,3,0,120.0
10109777SILVAK_2025-04-08_G42,10109777SILVAK,2025-04-08,109495,1,3,0,180.0
10109777SILVAK_2025-04-08_G43,10109777SILVAK,2025-04-08,109974,1,3,0,94.0
10109777SILVAK_2025-04-08_G44,10109777SILVAK,2025-04-08,110580,1,2,0,110.0
10109777SILVAK_2025-04-08_G45,10109777SILVAK,2025-04-08,110339,1,8,0,141.0
10109777SILVAK_2025-04-08_G46,10109777SILVAK,2025-04-08,118403,1,4,0,120.0
10109777SILVAK_2025-04-08_G47,10109777SILVAK,2025-04-08,111467,1,10,0,120.0
10109777SILVAK_2025-04-08_G48,10109777SILVAK,2025-04-08,111602,1,11,0,275.0
10109777SILVAK_2025-04-08_G49,10109777SILVAK,2025-04-08,110515,1,10,0,118.0
10109777SILVAK_2025-04-08_G50,10109777SILVAK,2025-04-08,101217,1,1,0,83.0
10109777SILVAK_2025-04-08_G51,10109777SILVAK,2025-04-08,111530,1,33,0,175.0
10109777SILVAK_2025-04-08_G52,10109777SILVAK,2025-04-08,110756,1,2,0,734.0
10109777SILVAK_2025-04-08_G53,10109777SILVAK,2025-04-08,110747,1,7,0,494.0
10109777SILVAK_2025-04-08_G54,10109777SILVAK,2025-04-08,118222,1,8,0,595.0
10109777SILVAK_2025-04-08_G55,10109777SILVAK,2025-04-08,117861,1,4,0,145.0
10109777SILVAK_2025-04-08_G56,10109777SILVAK,2025-04-08,111467,1,6,0,63.0
10109777SILVAK_2025-04-09_G02,10109777SILVAK,2025-04-09,110746,1,4,0,291.0
10109777SILVAK_2025-04-09_G03,10109777SILVAK,2025-04-09,111441,1,12,0,871.0
10109777SILVAK_2025-04-09_G04,10109777SILVAK,2025-04-09,110755,1,21,0,860.0
10109777SILVAK_2025-04-09_G05,10109777SILVAK,2025-04-09,110755,1,10,0,330.0
10109777SILVAK_2025-04-09_G06,10109777SILVAK,2025-04-09,110895,1,17,0,467.0
10109777SILVAK_2025-04-09_G07,10109777SILVAK,2025-04-09,100334,1,4,0,109.0
10109777SILVAK_2025-04-09_G08,10109777SILVAK,2025-04-09,111850,1,25,0,503.0
10109777SILVAK_2025-04-09_G09,10109777SILVAK,2025-04-09,110733,1,15,0,1292.0
10109777SILVAK_2025-04-09_G10,10109777SILVAK,2025-04-09,110752,1,10,0,328.0
10109777SILVAK_2025-04-09_G11,10109777SILVAK,2025-04-09,111876,1,4,0,365.0
10109777SILVAK_2025-04-09_G12,10109777SILVAK,2025-04-09,110711,1,5,0,110.0
10109777SILVAK_2025-04-09_G13,10109777SILVAK,2025-04-09,116611,1,4,0,111.0
10109777SILVAK_2025-04-09_G14,10109777SILVAK,2025-04-09,110750,1,4,0,170.0
10109777SILVAK_2025-04-09_G15,10109777SILVAK,2025-04-09,118403,1,8,0,1030.0
10109777SILVAK_2025-04-09_G16,10109777SILVAK,2025-04-09,117837,1,8,0,288.0
10109777SILVAK_2025-04-09_G17,10109777SILVAK,2025-04-09,141047,1,21,0,477.0
10109777SILVAK_2025-04-09_G18,10109777SILVAK,2025-04-09,118004,1,2,0,771.0
10109777SILVAK_2025-04-09_G19,10109777SILVAK,2025-04-09,110325,1,5,0,127.0
10109777SILVAK_2025-04-09_G20,10109777SILVAK,2025-04-09,110372,1,4,0,106.0
10109777SILVAK_2025-04-09_G21,10109777SILVAK,2025-04-09,117820,1,1,0,88.0
10109777SILVAK_2025-04-09_G22,10109777SILVAK,2025-04-09,110373,1,3,0,168.0
10109777SILVAK_2025-04-09_G23,10109777SILVAK,2025-04-09,110374,1,5,0,68.0
10109777SILVAK_2025-04-09_G24,10109777SILVAK,2025-04-09,110752,1,2,0,684.0
10109777SILVAK_2025-04-09_G25,10109777SILVAK,2025-04-09,117820,1,5,0,100.0
10109777SILVAK_2025-04-09_G26,10109777SILVAK,2025-04-09,117808,1,3,0,46.0
10109777SILVAK_2025-04-09_G27,10109777SILVAK,2025-04-09,110373,1,15,0,192.0
10109777SILVAK_2025-04-09_G28,10109777SILVAK,2025-04-09,110374,1,9,0,134.0
10109777SILVAK_2025-04-09_G29,10109777SILVAK,2025-04-09,140911,1,2,0,318.0
10109777SILVAK_2025-04-09_G30,10109777SILVAK,2025-04-09,141313,1,4,0,180.0
10109777SILVAK_2025-04-09_G31,10109777SILVAK,2025-04-09,110515,1,1,0,424.0
10109777SILVAK_2025-04-09_G32,10109777SILVAK,2025-04-09,107830,1,4,0,152.0
10109777SILVAK_2025-04-09_G33,10109777SILVAK,2025-04-09,111463,1,6,0,150.0
10109777SILVAK_2025-04-09_G34,10109777SILVAK,2025-04-09,108794,1,2,0,87.0
10109777SILVAK_2025-04-09_G35,10109777SILVAK,2025-04-09,107236,1,4,0,523.0
10109777SILVAK_2025-04-09_G36,10109777SILVAK,2025-04-09,111182,1,1,0,178.0
10109777SILVAK_2025-04-09_G37,10109777SILVAK,2025-04-09,110755,1,8,0,843.0
10109777SILVAK_2025-04-09_G38,10109777SILVAK,2025-04-09,117935,1,4,0,463.0
10109777SILVAK_2025-04-09_G39,10109777SILVAK,2025-04-09,110515,1,5,0,207.0
10109777SILVAK_2025-04-09_G40,10109777SILVAK,2025-04-09,117837,1,4,0,180.0
10109777SILVAK_2025-04-09_G41,10109777SILVAK,2025-04-09,118004,1,4,0,361.0
10109777SILVAK_2025-04-09_G42,10109777SILVAK,2025-04-09,117853,1,4,0,499.0
10109777SILVAK_2025-04-09_G44,10109777SILVAK,2025-04-09,110743,1,163,0,634.0
10109777SILVAK_2025-04-09_G45,10109777SILVAK,2025-04-09,110372,1,1070,0,2684.0
10109777SILVAK_2025-04-09_G46,10109777SILVAK,2025-04-09,110373,1,210,0,484.0
10109777SILVAK_2025-04-10_G02,10109777SILVAK,2025-04-10,117835,1,1,0,74.0
10109777SILVAK_2025-04-10_G03,10109777SILVAK,2025-04-10,110746,1,2,0,190.0
10109777SILVAK_2025-04-10_G04,10109777SILVAK,2025-04-10,110755,2,8,10,354.0
10109777SILVAK_2025-04-10_G05,10109777SILVAK,2025-04-10,111438,1,8,0,120.0
10109777SILVAK_2025-04-10_G06,10109777SILVAK,2025-04-10,160057,1,1,0,331.0
10109777SILVAK_2025-04-10_G07,10109777SILVAK,2025-04-10,"100334, 111569",2,6,21,130.0
10109777SILVAK_2025-04-10_G08,10109777SILVAK,2025-04-10,115234,1,2,0,74.0
10109777SILVAK_2025-04-10_G09,10109777SILVAK,2025-04-10,117836,1,4,0,120.0
10109777SILVAK_2025-04-10_G10,10109777SILVAK,2025-04-10,118306,1,12,0,608.0
10109777SILVAK_2025-04-10_G11,10109777SILVAK,2025-04-10,141047,1,6,0,253.0
10109777SILVAK_2025-04-10_G12,10109777SILVAK,2025-04-10,110339,1,4,0,99.0
10109777SILVAK_2025-04-10_G13,10109777SILVAK,2025-04-10,110733,1,2,0,66.0
10109777SILVAK_2025-04-10_G14,10109777SILVAK,2025-04-10,111439,1,4,0,137.0
10109777SILVAK_2025-04-10_G15,10109777SILVAK,2025-04-10,111602,1,10,0,41.0
10109777SILVAK_2025-04-10_G16,10109777SILVAK,2025-04-10,110515,1,12,0,210.0
10109777SILVAK_2025-04-10_G17,10109777SILVAK,2025-04-10,117837,1,2,0,332.0
10109777SILVAK_2025-04-10_G18,10109777SILVAK,2025-04-10,117837,1,2,0,66.0
10109777SILVAK_2025-04-10_G19,10109777SILVAK,2025-04-10,110740,2,8,11,3056.0
10109777SILVAK_2025-04-10_G20,10109777SILVAK,2025-04-10,111469,1,4,0,127.0
10109777SILVAK_2025-04-10_G21,10109777SILVAK,2025-04-10,111462,1,8,0,90.0
10109777SILVAK_2025-04-10_G22,10109777SILVAK,2025-04-10,118004,3,16,24,134.0
10109777SILVAK_2025-04-10_G23,10109777SILVAK,2025-04-10,118140,1,3,0,103.0
10109777SILVAK_2025-04-10_G24,10109777SILVAK,2025-04-10,140922,1,12,0,119.0
10109777SILVAK_2025-04-10_G25,10109777SILVAK,2025-04-10,111348,1,4,0,163.0
10109777SILVAK_2025-04-10_G26,10109777SILVAK,2025-04-10,116241,1,4,0,79.0
10109777SILVAK_2025-04-10_G27,10109777SILVAK,2025-04-10,109645,2,12,25,58.0
10109777SILVAK_2025-04-10_G28,10109777SILVAK,2025-04-10,108794,2,8,7,43.0
10109777SILVAK_2025-04-10_G29,10109777SILVAK,2025-04-10,118317,1,4,0,544.0
10109777SILVAK_2025-04-10_G30,10109777SILVAK,2025-04-10,160055,1,2,0,55.0
10109777SILVAK_2025-04-10_G31,10109777SILVAK,2025-04-10,105705,1,8,0,138.0
10109777SILVAK_2025-04-10_G32,10109777SILVAK,2025-04-10,110787,1,12,0,197.0
10109777SILVAK_2025-04-10_G33,10109777SILVAK,2025-04-10,117821,1,8,0,35.0
10109777SILVAK_2025-04-10_G34,10109777SILVAK,2025-04-10,117785,1,12,0,202.0
10109777SILVAK_2025-04-10_G35,10109777SILVAK,2025-04-10,111418,1,30,0,591.0
10109777SILVAK_2025-04-10_G36,10109777SILVAK,2025-04-10,160054,1,1,0,88.0
10109777SILVAK_2025-04-10_G37,10109777SILVAK,2025-04-10,118299,1,30,0,116.0
10109777SILVAK_2025-04-10_G38,10109777SILVAK,2025-04-10,107830,1,10,0,216.0
10109777SILVAK_2025-04-10_G39,10109777SILVAK,2025-04-10,117830,1,16,0,157.0
10109777SILVAK_2025-04-10_G40,10109777SILVAK,2025-04-10,110740,1,20,0,3055.0
10109777SILVAK_2025-04-10_G41,10109777SILVAK,2025-04-10,111468,1,1,0,192.0
10109777SILVAK_2025-04-10_G42,10109777SILVAK,2025-04-10,111466,1,22,0,98.0
10109777SILVAK_2025-04-10_G43,10109777SILVAK,2025-04-10,111463,1,128,0,1013.0
10109777SILVAK_2025-04-10_G44,10109777SILVAK,2025-04-10,109937,1,3,0,608.0
10109777SILVAK_2025-04-10_G45,10109777SILVAK,2025-04-10,116241,1,2,0,126.0
10109777SILVAK_2025-04-10_G46,10109777SILVAK,2025-04-10,118317,1,4,0,257.0
10109777SILVAK_2025-04-10_G47,10109777SILVAK,2025-04-10,109643,1,2,0,142.0
10109777SILVAK_2025-04-10_G48,10109777SILVAK,2025-04-10,117820,1,12,0,288.0
10109777SILVAK_2025-04-10_G49,10109777SILVAK,2025-04-10,111439,1,4,0,86.0
10109777SILVAK_2025-04-10_G50,10109777SILVAK,2025-04-10,110515,1,2,0,129.0
10109777SILVAK_2025-04-10_G51,10109777SILVAK,2025-04-10,111469,2,21,11,194.0
10109777SILVAK_2025-04-10_G52,10109777SILVAK,2025-04-10,118140,1,4,0,222.0
10109777SILVAK_2025-04-10_G53,10109777SILVAK,2025-04-10,111418,1,14,0,1086.0
10109777SILVAK_2025-04-10_G54,10109777SILVAK,2025-04-10,111466,1,4,0,99.0
10109777SILVAK_2025-04-10_G55,10109777SILVAK,2025-04-10,116241,1,9,0,67.0
10109777SILVAK_2025-04-10_G56,10109777SILVAK,2025-04-10,118317,1,5,0,153.0
10109777SILVAK_2025-04-10_G57,10109777SILVAK,2025-04-10,110787,1,8,0,98.0
10109777SILVAK_2025-04-10_G58,10109777SILVAK,2025-04-10,117832,1,4,0,174.0
10109777SILVAK_2025-04-10_G59,10109777SILVAK,2025-04-10,110372,1,4,0,137.0
10109777SILVAK_2025-04-10_G60,10109777SILVAK,2025-04-10,118299,1,12,0,39.0
10109777SILVAK_2025-04-10_G61,10109777SILVAK,2025-04-10,117820,1,42,0,486.0
10109777SILVAK_2025-04-10_G62,10109777SILVAK,2025-04-10,141313,2,8,18,581.0
10109777SILVAK_2025-04-10_G64,10109777SILVAK,2025-04-10,110740,1,4,0,129.0
10109777SILVAK_2025-04-10_G65,10109777SILVAK,2025-04-10,111469,3,26,36,126.0
10109777SILVAK_2025-04-10_G66,10109777SILVAK,2025-04-10,111433,1,4,0,168.0
10109777SILVAK_2025-04-10_G67,10109777SILVAK,2025-04-10,111466,2,24,8,114.0
10109777SILVAK_2025-04-10_G68,10109777SILVAK,2025-04-10,117821,1,4,0,271.0
10109777SILVAK_2025-04-10_G69,10109777SILVAK,2025-04-10,118140,1,26,0,722.0
10109777SILVAK_2025-04-10_G70,10109777SILVAK,2025-04-10,111602,1,12,0,468.0
10109777SILVAK_2025-04-10_G71,10109777SILVAK,2025-04-10,110515,1,9,0,96.0
10109777SILVAK_2025-04-10_G72,10109777SILVAK,2025-04-10,117855,1,21,0,861.0
10109777SILVAK_2025-04-10_G73,10109777SILVAK,2025-04-10,116241,1,44,0,97.0
10109777SILVAK_2025-04-10_G74,10109777SILVAK,2025-04-10,110895,1,15,0,1548.0
10109777SILVAK_2025-04-10_G75,10109777SILVAK,2025-04-10,141047,1,18,0,466.0
10109777SILVAK_2025-04-10_G76,10109777SILVAK,2025-04-10,111465,1,8,0,66.0
10109777SILVAK_2025-04-10_G77,10109777SILVAK,2025-04-10,111418,1,29,0,1043.0
10109777SILVAK_2025-04-10_G78,10109777SILVAK,2025-04-10,110742,1,4,0,335.0
10109777SILVAK_2025-04-10_G79,10109777SILVAK,2025-04-10,118222,1,8,0,221.0
10109777SILVAK_2025-04-10_G80,10109777SILVAK,2025-04-10,118306,1,20,0,73.0
10109777SILVAK_2025-04-10_G81,10109777SILVAK,2025-04-10,111467,1,4,0,250.0
10109777SILVAK_2025-04-10_G82,10109777SILVAK,2025-04-10,110515,1,10,0,117.0
10109777SILVAK_2025-04-10_G83,10109777SILVAK,2025-04-10,118299,1,7,0,223.0
10109777SILVAK_2025-04-10_G84,10109777SILVAK,2025-04-10,107830,1,2,0,120.0
10109777SILVAK_2025-04-10_G85,10109777SILVAK,2025-04-10,111602,1,20,0,696.0
10109777SILVAK_2025-04-10_G86,10109777SILVAK,2025-04-10,117808,1,30,0,125.0
10109777SILVAK_2025-04-10_G87,10109777SILVAK,2025-04-10,110373,1,16,0,202.0
10109777SILVAK_2025-04-10_G88,10109777SILVAK,2025-04-10,111469,1,4,0,178.0
10109777SILVAK_2025-04-10_G89,10109777SILVAK,2025-04-10,118140,1,12,0,68.0
10109777SILVAK_2025-04-10_G90,10109777SILVAK,2025-04-10,140922,1,4,0,111.0
10109777SILVAK_2025-04-10_G91,10109777SILVAK,2025-04-10,110745,1,8,0,365.0
10109777SILVAK_2025-04-10_G92,10109777SILVAK,2025-04-10,118317,1,7,0,67.0
10109777SILVAK_2025-04-10_G93,10109777SILVAK,2025-04-10,117821,1,4,0,370.0
10109777SILVAK_2025-04-10_G94,10109777SILVAK,2025-04-10,111463,2,23,12,348.0
10109777SILVAK_2025-04-10_G95,10109777SILVAK,2025-04-10,111466,2,15,8,94.0
10109777SILVAK_2025-04-10_G96,10109777SILVAK,2025-04-10,111532,1,12,0,66.0
10109777SILVAK_2025-04-10_G97,10109777SILVAK,2025-04-10,117841,1,4,0,353.0
10109777SILVAK_2025-04-10_G98,10109777SILVAK,2025-04-10,141313,1,4,0,587.0
10109777SILVAK_2025-04-11_G02,10109777SILVAK,2025-04-11,118311,1,5,0,1108.0
10109777SILVAK_2025-04-11_G03,10109777SILVAK,2025-04-11,118286,1,4,0,304.0
10109777SILVAK_2025-04-11_G04,10109777SILVAK,2025-04-11,118229,1,12,0,578.0
10109777SILVAK_2025-04-11_G05,10109777SILVAK,2025-04-11,118418,1,8,0,96.0
10109777SILVAK_2025-04-11_G06,10109777SILVAK,2025-04-11,103149,1,1,0,130.0
10109777SILVAK_2025-04-11_G07,10109777SILVAK,2025-04-11,118363,1,4,0,142.0
10109777SILVAK_2025-04-11_G08,10109777SILVAK,2025-04-11,108031,1,4,0,125.0
10109777SILVAK_2025-04-11_G09,10109777SILVAK,2025-04-11,118253,1,16,0,359.0
10109777SILVAK_2025-04-11_G10,10109777SILVAK,2025-04-11,103148,1,5,0,199.0
10109777SILVAK_2025-04-11_G11,10109777SILVAK,2025-04-11,118417,1,8,0,423.0
10109777SILVAK_2025-04-11_G12,10109777SILVAK,2025-04-11,118250,1,8,0,1690.0
10109777SILVAK_2025-04-11_G13,10109777SILVAK,2025-04-11,118364,1,2,0,129.0
10109777SILVAK_2025-04-11_G14,10109777SILVAK,2025-04-11,107254,1,20,0,256.0
10109777SILVAK_2025-04-11_G15,10109777SILVAK,2025-04-11,117789,1,60,0,974.0
10109777SILVAK_2025-04-11_G16,10109777SILVAK,2025-04-11,110755,1,3,0,1308.0
10109777SILVAK_2025-04-11_G17,10109777SILVAK,2025-04-11,117855,1,8,0,340.0
10109777SILVAK_2025-04-11_G18,10109777SILVAK,2025-04-11,111465,1,3,0,396.0
10109777SILVAK_2025-04-11_G19,10109777SILVAK,2025-04-11,111418,1,2,0,184.0
10109777SILVAK_2025-04-11_G20,10109777SILVAK,2025-04-11,117808,1,1,0,40.0
10109777SILVAK_2025-04-11_G21,10109777SILVAK,2025-04-11,110371,1,1,0,109.0
10109777SILVAK_2025-04-11_G22,10109777SILVAK,2025-04-11,111469,1,7,0,124.0
10109777SILVAK_2025-04-11_G23,10109777SILVAK,2025-04-11,111418,1,5,0,120.0
10109777SILVAK_2025-04-11_G24,10109777SILVAK,2025-04-11,118140,1,1,0,52.0
10109777SILVAK_2025-04-11_G25,10109777SILVAK,2025-04-11,108794,1,4,0,92.0
10109777SILVAK_2025-04-11_G26,10109777SILVAK,2025-04-11,110373,1,12,0,90.0
10109777SILVAK_2025-04-11_G27,10109777SILVAK,2025-04-11,110371,1,1,0,120.0
10109777SILVAK_2025-04-11_G28,10109777SILVAK,2025-04-11,117808,1,15,0,101.0
10109777SILVAK_2025-04-11_G29,10109777SILVAK,2025-04-11,110372,1,5,0,160.0
10109777SILVAK_2025-04-11_G30,10109777SILVAK,2025-04-11,117832,1,1,0,61.0
10109777SILVAK_2025-04-11_G31,10109777SILVAK,2025-04-11,111467,1,2,0,505.0
10109777SILVAK_2025-04-11_G32,10109777SILVAK,2025-04-11,111438,1,100,0,721.0
10109777SILVAK_2025-04-11_G33,10109777SILVAK,2025-04-11,111469,1,100,0,1244.0
10109777SILVAK_2025-04-11_G34,10109777SILVAK,2025-04-11,111598,1,2,0,193.0
10109777SILVAK_2025-04-11_G35,10109777SILVAK,2025-04-11,117855,1,4,0,109.0
10109777SILVAK_2025-04-11_G36,10109777SILVAK,2025-04-11,111602,1,2,0,90.0
10109777SILVAK_2025-04-11_G37,10109777SILVAK,2025-04-11,108794,2,13,7,117.0
10109777SILVAK_2025-04-11_G38,10109777SILVAK,2025-04-11,117821,1,3,0,360.0
10109777SILVAK_2025-04-11_G39,10109777SILVAK,2025-04-11,110747,1,1,0,1552.0
10109777SILVAK_2025-04-11_G40,10109777SILVAK,2025-04-11,110755,2,20,23,74.0
10109777SILVAK_2025-04-11_G41,10109777SILVAK,2025-04-11,"110895, 111569",2,13,27,1836.0
10109777SILVAK_2025-04-11_G42,10109777SILVAK,2025-04-11,118298,1,1,0,149.0
10109777SILVAK_2025-04-11_G43,10109777SILVAK,2025-04-11,110711,1,2,0,101.0
10109777SILVAK_2025-04-11_G44,10109777SILVAK,2025-04-11,110740,1,8,0,114.0
10109777SILVAK_2025-04-11_G45,10109777SILVAK,2025-04-11,111469,1,7,0,164.0
10109777SILVAK_2025-04-11_G46,10109777SILVAK,2025-04-11,111462,1,4,0,129.0
10109777SILVAK_2025-04-11_G47,10109777SILVAK,2025-04-11,111466,1,10,0,317.0
10109777SILVAK_2025-04-11_G48,10109777SILVAK,2025-04-11,118317,1,13,0,63.0
10109777SILVAK_2025-04-11_G49,10109777SILVAK,2025-04-11,109643,1,2,0,226.0
10109777SILVAK_2025-04-11_G50,10109777SILVAK,2025-04-11,117809,1,3,0,45.0
10109777SILVAK_2025-04-11_G51,10109777SILVAK,2025-04-11,117808,1,8,0,132.0
10109777SILVAK_2025-04-11_G52,10109777SILVAK,2025-04-11,110372,1,26,0,463.0
10109777SILVAK_2025-04-11_G53,10109777SILVAK,2025-04-11,118299,1,14,0,188.0
10109777SILVAK_2025-04-11_G54,10109777SILVAK,2025-04-11,117830,1,16,0,228.0
10109777SILVAK_2025-04-11_G55,10109777SILVAK,2025-04-11,117820,1,18,0,96.0
10109777SILVAK_2025-04-11_G56,10109777SILVAK,2025-04-11,110373,1,39,0,327.0
10109777SILVAK_2025-04-11_G57,10109777SILVAK,2025-04-11,118290,1,1,0,166.0
10109777SILVAK_2025-04-11_G58,10109777SILVAK,2025-04-11,110374,1,6,0,219.0
10109777SILVAK_2025-04-11_G60,10109777SILVAK,2025-04-11,118253,1,1,0,75.0
10109777SILVAK_2025-04-11_G61,10109777SILVAK,2025-04-11,110747,1,2,0,86.0
10109777SILVAK_2025-04-11_G62,10109777SILVAK,2025-04-11,117834,1,8,0,113.0
10109777SILVAK_2025-04-11_G63,10109777SILVAK,2025-04-11,111569,1,4,0,118.0
10109777SILVAK_2025-04-11_G64,10109777SILVAK,2025-04-11,111602,1,4,0,257.0
10109777SILVAK_2025-04-11_G65,10109777SILVAK,2025-04-11,110740,1,9,0,174.0
10109777SILVAK_2025-04-11_G66,10109777SILVAK,2025-04-11,111469,1,12,0,89.0
10109777SILVAK_2025-04-11_G67,10109777SILVAK,2025-04-11,111418,1,4,0,41.0
10109777SILVAK_2025-04-11_G68,10109777SILVAK,2025-04-11,111466,1,4,0,108.0
10109777SILVAK_2025-04-11_G69,10109777SILVAK,2025-04-11,110374,1,4,0,61.0
10109777SILVAK_2025-04-11_G70,10109777SILVAK,2025-04-11,117832,1,8,0,150.0
10109777SILVAK_2025-04-11_G71,10109777SILVAK,2025-04-11,110755,1,3,0,400.0
10109777SILVAK_2025-04-11_G72,10109777SILVAK,2025-04-11,111438,1,5,0,151.0
10109777SILVAK_2025-04-11_G73,10109777SILVAK,2025-04-11,110895,1,6,0,104.0
10109777SILVAK_2025-04-11_G74,10109777SILVAK,2025-04-11,110339,1,3,0,128.0
10109777SILVAK_2025-04-11_G75,10109777SILVAK,2025-04-11,117855,1,4,0,105.0
10109777SILVAK_2025-04-11_G76,10109777SILVAK,2025-04-11,111467,1,14,0,93.0
10109777SILVAK_2025-04-11_G77,10109777SILVAK,2025-04-11,111602,1,5,0,152.0
10109777SILVAK_2025-04-12_G02,10109777SILVAK,2025-04-12,111723,1,24,0,662.0
10109777SILVAK_2025-04-12_G03,10109777SILVAK,2025-04-12,111727,1,19,0,640.0
10109777SILVAK_2025-04-12_G04,10109777SILVAK,2025-04-12,111751,1,8,0,128.0
10109777SILVAK_2025-04-12_G05,10109777SILVAK,2025-04-12,111722,1,32,0,458.0
10109777SILVAK_2025-04-12_G06,10109777SILVAK,2025-04-12,118191,1,100,0,786.0
10109777SILVAK_2025-04-12_G07,10109777SILVAK,2025-04-12,118253,2,8,7,2168.0
10109777SILVAK_2025-04-12_G08,10109777SILVAK,2025-04-12,116241,1,4,0,177.0
10109777SILVAK_2025-04-12_G09,10109777SILVAK,2025-04-12,117837,1,5,0,263.0
10109777SILVAK_2025-04-12_G10,10109777SILVAK,2025-04-12,111468,1,2,0,200.0
10109777SILVAK_2025-04-12_G11,10109777SILVAK,2025-04-12,111463,1,20,0,335.0
10109777SILVAK_2025-04-12_G12,10109777SILVAK,2025-04-12,116241,1,6,0,215.0
10109777SILVAK_2025-04-12_G13,10109777SILVAK,2025-04-12,111532,1,4,0,306.0
10109777SILVAK_2025-04-12_G14,10109777SILVAK,2025-04-12,110787,1,40,0,404.0
10109777SILVAK_2025-04-12_G15,10109777SILVAK,2025-04-12,111569,1,4,0,105.0
10109777SILVAK_2025-04-12_G16,10109777SILVAK,2025-04-12,111418,1,16,0,144.0
10109777SILVAK_2025-04-12_G17,10109777SILVAK,2025-04-12,140922,1,5,0,124.0
10109777SILVAK_2025-04-12_G18,10109777SILVAK,2025-04-12,111466,1,5,0,104.0
10109777SILVAK_2025-04-12_G19,10109777SILVAK,2025-04-12,117785,1,1,0,78.0
10109777SILVAK_2025-04-12_G20,10109777SILVAK,2025-04-12,108794,1,4,0,94.0
10109777SILVAK_2025-04-12_G21,10109777SILVAK,2025-04-12,110787,1,2,0,166.0
10109777SILVAK_2025-04-12_G22,10109777SILVAK,2025-04-12,117855,1,4,0,688.0
10109777SILVAK_2025-04-12_G23,10109777SILVAK,2025-04-12,111467,1,1,0,60.0
10109777SILVAK_2025-04-12_G24,10109777SILVAK,2025-04-12,117786,1,1,0,82.0
10109777SILVAK_2025-04-12_G25,10109777SILVAK,2025-04-12,141313,1,4,0,279.0
10109777SILVAK_2025-04-12_G26,10109777SILVAK,2025-04-12,105705,1,16,0,60.0
10109777SILVAK_2025-04-12_G27,10109777SILVAK,2025-04-12,111467,1,2,0,1600.0
10109777SILVAK_2025-04-12_G28,10109777SILVAK,2025-04-12,110374,1,9,0,91.0
10109777SILVAK_2025-04-12_G29,10109777SILVAK,2025-04-12,118299,1,1,0,137.0
10109777SILVAK_2025-04-12_G30,10109777SILVAK,2025-04-12,110371,1,2,0,97.0
10109777SILVAK_2025-04-12_G31,10109777SILVAK,2025-04-12,110373,1,1,0,68.0
10109777SILVAK_2025-04-12_G32,10109777SILVAK,2025-04-12,111441,1,4,0,189.0
10109777SILVAK_2025-04-12_G33,10109777SILVAK,2025-04-12,109937,1,2,0,103.0
10109777SILVAK_2025-04-12_G34,10109777SILVAK,2025-04-12,110339,1,1,0,142.0
10109777SILVAK_2025-04-12_G35,10109777SILVAK,2025-04-12,110372,1,2,0,154.0
10109777SILVAK_2025-04-12_G36,10109777SILVAK,2025-04-12,110787,1,4,0,164.0
10109777SILVAK_2025-04-12_G37,10109777SILVAK,2025-04-12,120002,1,3,0,378.0
10109777SILVAK_2025-04-12_G38,10109777SILVAK,2025-04-12,116241,1,8,0,292.0
10109777SILVAK_2025-04-12_G39,10109777SILVAK,2025-04-12,117809,1,1,0,127.0
10109777SILVAK_2025-04-12_G40,10109777SILVAK,2025-04-12,117832,1,1,0,448.0
10109777SILVAK_2025-04-12_G41,10109777SILVAK,2025-04-12,110325,1,4,0,50.0
10109777SILVAK_2025-04-12_G42,10109777SILVAK,2025-04-12,117820,1,5,0,69.0
10109777SILVAK_2025-04-12_G43,10109777SILVAK,2025-04-12,110374,1,2,0,132.0
10109777SILVAK_2025-04-12_G44,10109777SILVAK,2025-04-12,110371,1,5,0,76.0
10109777SILVAK_2025-04-12_G45,10109777SILVAK,2025-04-12,110373,1,2,0,60.0
10109777SILVAK_2025-04-12_G46,10109777SILVAK,2025-04-12,117830,1,5,0,82.0
10109777SILVAK_2025-04-12_G47,10109777SILVAK,2025-04-12,117786,1,3,0,108.0
10109777SILVAK_2025-04-12_G48,10109777SILVAK,2025-04-12,110681,1,1,0,1945.0
10109777SILVAK_2025-04-12_G49,10109777SILVAK,2025-04-12,110742,1,4,0,352.0
10109777SILVAK_2025-04-12_G50,10109777SILVAK,2025-04-12,118306,1,10,0,81.0
10109777SILVAK_2025-04-12_G51,10109777SILVAK,2025-04-12,118417,1,2,0,171.0
10109777SILVAK_2025-04-12_G52,10109777SILVAK,2025-04-12,111569,2,6,7,150.0
10109777SILVAK_2025-04-12_G53,10109777SILVAK,2025-04-12,116527,1,2,0,158.0
10109777SILVAK_2025-04-12_G54,10109777SILVAK,2025-04-12,110895,1,16,0,334.0
10109777SILVAK_2025-04-12_G55,10109777SILVAK,2025-04-12,117855,1,40,0,421.0
10109777SILVAK_2025-04-12_G56,10109777SILVAK,2025-04-12,117856,1,10,0,365.0
10109777SILVAK_2025-04-12_G57,10109777SILVAK,2025-04-12,110580,1,6,0,108.0
10109777SILVAK_2025-04-12_G58,10109777SILVAK,2025-04-12,117862,1,20,0,118.0
10109777SILVAK_2025-04-12_G59,10109777SILVAK,2025-04-12,110313,1,30,0,237.0
10109777SILVAK_2025-04-12_G60,10109777SILVAK,2025-04-12,117786,1,30,0,1135.0
10109777SILVAK_2025-04-12_G61,10109777SILVAK,2025-04-12,108794,1,13,0,548.0
10109777SILVAK_2025-04-12_G62,10109777SILVAK,2025-04-12,110756,1,4,0,105.0
10109777SILVAK_2025-04-12_G63,10109777SILVAK,2025-04-12,116241,1,4,0,98.0
10109777SILVAK_2025-04-12_G64,10109777SILVAK,2025-04-12,160051,1,6,0,136.0
10109777SILVAK_2025-04-12_G66,10109777SILVAK,2025-04-12,117809,1,27,0,313.0
10109777SILVAK_2025-04-12_G67,10109777SILVAK,2025-04-12,107830,1,5,0,121.0
10109777SILVAK_2025-04-12_G68,10109777SILVAK,2025-04-12,110373,1,16,0,134.0
10109777SILVAK_2025-04-12_G69,10109777SILVAK,2025-04-12,109747,1,4,0,146.0
10109777SILVAK_2025-04-12_G70,10109777SILVAK,2025-04-12,117808,1,432,0,1634.0
10109777SILVAK_2025-04-12_G71,10109777SILVAK,2025-04-12,118299,1,290,0,996.0
10109777SILVAK_2025-04-14_G02,10109777SILVAK,2025-04-14,110515,1,41,0,340.0
10109777SILVAK_2025-04-14_G03,10109777SILVAK,2025-04-14,111602,1,28,0,399.0
10109777SILVAK_2025-04-14_G04,10109777SILVAK,2025-04-14,109643,1,8,0,1193.0
10109777SILVAK_2025-04-14_G05,10109777SILVAK,2025-04-14,110374,1,100,0,185.0
10109777SILVAK_2025-04-14_G07,10109777SILVAK,2025-04-14,118140,1,12,0,1188.0
10109777SILVAK_2025-04-14_G08,10109777SILVAK,2025-04-14,118004,1,12,0,270.0
10109777SILVAK_2025-04-14_G09,10109777SILVAK,2025-04-14,105705,1,4,0,500.0
10109777SILVAK_2025-04-14_G10,10109777SILVAK,2025-04-14,111442,1,4,0,190.0
10109777SILVAK_2025-04-14_G11,10109777SILVAK,2025-04-14,111462,1,4,0,439.0
10109777SILVAK_2025-04-14_G12,10109777SILVAK,2025-04-14,118140,1,8,0,87.0
10109777SILVAK_2025-04-14_G13,10109777SILVAK,2025-04-14,111602,1,2,0,88.0
10109777SILVAK_2025-04-14_G14,10109777SILVAK,2025-04-14,110313,1,4,0,126.0
10109777SILVAK_2025-04-14_G15,10109777SILVAK,2025-04-14,110743,1,4,0,79.0
10109777SILVAK_2025-04-15_G02,10109777SILVAK,2025-04-15,117862,1,2,0,233.0
10109777SILVAK_2025-04-15_G03,10109777SILVAK,2025-04-15,117861,1,20,0,99.0
10109777SILVAK_2025-04-15_G04,10109777SILVAK,2025-04-15,117786,1,17,0,428.0
10109777SILVAK_2025-04-15_G05,10109777SILVAK,2025-04-15,111467,1,6,0,136.0
10109777SILVAK_2025-04-15_G06,10109777SILVAK,2025-04-15,117831,1,19,0,503.0
10109777SILVAK_2025-04-15_G07,10109777SILVAK,2025-04-15,111469,1,20,0,257.0
10109777SILVAK_2025-04-15_G08,10109777SILVAK,2025-04-15,118140,2,20,9,78.0
10109777SILVAK_2025-04-15_G09,10109777SILVAK,2025-04-15,111348,1,4,0,165.0
10109777SILVAK_2025-04-15_G10,10109777SILVAK,2025-04-15,109641,1,2,0,122.0
10109777SILVAK_2025-04-15_G11,10109777SILVAK,2025-04-15,111466,1,19,0,144.0
10109777SILVAK_2025-04-15_G12,10109777SILVAK,2025-04-15,108794,1,1,0,926.0
10109777SILVAK_2025-04-15_G13,10109777SILVAK,2025-04-15,111462,1,22,0,181.0
10109777SILVAK_2025-04-15_G14,10109777SILVAK,2025-04-15,109645,1,2,0,220.0
10109777SILVAK_2025-04-15_G15,10109777SILVAK,2025-04-15,110325,1,22,0,311.0
10109777SILVAK_2025-04-15_G16,10109777SILVAK,2025-04-15,117820,1,21,0,213.0
10109777SILVAK_2025-04-15_G17,10109777SILVAK,2025-04-15,110374,1,31,0,134.0
10109777SILVAK_2025-04-15_G18,10109777SILVAK,2025-04-15,110371,1,37,0,941.0
10109777SILVAK_2025-04-15_G19,10109777SILVAK,2025-04-15,117830,1,20,0,175.0
10109777SILVAK_2025-04-15_G20,10109777SILVAK,2025-04-15,117832,1,10,0,203.0
10109777SILVAK_2025-04-15_G21,10109777SILVAK,2025-04-15,110375,1,1,0,126.0
10109777SILVAK_2025-04-15_G22,10109777SILVAK,2025-04-15,110373,1,55,0,412.0
10109777SILVAK_2025-04-15_G23,10109777SILVAK,2025-04-15,110372,1,140,0,719.0
10109777SILVAK_2025-04-15_G24,10109777SILVAK,2025-04-15,111418,1,159,0,474.0
10109777SILVAK_2025-04-15_G25,10109777SILVAK,2025-04-15,117855,1,56,0,930.0
10109777SILVAK_2025-04-15_G26,10109777SILVAK,2025-04-15,117832,1,11,0,516.0
10109777SILVAK_2025-04-15_G27,10109777SILVAK,2025-04-15,110371,1,50,0,504.0
10109777SILVAK_2025-04-15_G28,10109777SILVAK,2025-04-15,117830,1,42,0,379.0
10109777SILVAK_2025-04-15_G30,10109777SILVAK,2025-04-15,110742,1,8,0,639.0
10109777SILVAK_2025-04-15_G31,10109777SILVAK,2025-04-15,100334,2,8,11,223.0
10109777SILVAK_2025-04-15_G32,10109777SILVAK,2025-04-15,110895,1,5,0,177.0
10109777SILVAK_2025-04-15_G33,10109777SILVAK,2025-04-15,110580,1,3,0,350.0
10109777SILVAK_2025-04-15_G34,10109777SILVAK,2025-04-15,110756,1,4,0,90.0
10109777SILVAK_2025-04-15_G35,10109777SILVAK,2025-04-15,110733,1,10,0,91.0
10109777SILVAK_2025-04-15_G36,10109777SILVAK,2025-04-15,117786,1,10,0,158.0
10109777SILVAK_2025-04-15_G37,10109777SILVAK,2025-04-15,109640,1,10,0,199.0
10109777SILVAK_2025-04-15_G38,10109777SILVAK,2025-04-15,110515,1,25,0,200.0
10109777SILVAK_2025-04-15_G39,10109777SILVAK,2025-04-15,111467,1,21,0,427.0
10109777SILVAK_2025-04-15_G40,10109777SILVAK,2025-04-15,111530,1,26,0,671.0
10109777SILVAK_2025-04-15_G41,10109777SILVAK,2025-04-15,118222,1,20,0,203.0
10109777SILVAK_2025-04-15_G42,10109777SILVAK,2025-04-15,111602,1,50,0,552.0
10109777SILVAK_2025-04-15_G43,10109777SILVAK,2025-04-15,118140,1,20,0,407.0
10109777SILVAK_2025-04-15_G44,10109777SILVAK,2025-04-15,109645,1,10,0,261.0
10109777SILVAK_2025-04-15_G45,10109777SILVAK,2025-04-15,118317,1,10,0,95.0
10109777SILVAK_2025-04-15_G46,10109777SILVAK,2025-04-15,110787,1,10,0,125.0
10109777SILVAK_2025-04-15_G47,10109777SILVAK,2025-04-15,111435,1,10,0,130.0
10109777SILVAK_2025-04-15_G48,10109777SILVAK,2025-04-15,110371,1,31,0,343.0
10109777SILVAK_2025-04-15_G49,10109777SILVAK,2025-04-15,109974,1,2,0,870.0
10109777SILVAK_2025-04-15_G50,10109777SILVAK,2025-04-15,110500,1,2,0,269.0
10109777SILVAK_2025-04-15_G51,10109777SILVAK,2025-04-15,110310,1,1,0,197.0
10109777SILVAK_2025-04-15_G52,10109777SILVAK,2025-04-15,109645,1,8,0,90.0
10109777SILVAK_2025-04-15_G53,10109777SILVAK,2025-04-15,118330,1,4,0,108.0
10109777SILVAK_2025-04-15_G54,10109777SILVAK,2025-04-15,110787,1,44,0,277.0
10109777SILVAK_2025-04-16_G02,10109777SILVAK,2025-04-16,111435,1,9,0,349.0
10109777SILVAK_2025-04-16_G03,10109777SILVAK,2025-04-16,118280,1,21,0,155.0
10109777SILVAK_2025-04-16_G04,10109777SILVAK,2025-04-16,109974,1,3,0,572.0
10109777SILVAK_2025-04-16_G05,10109777SILVAK,2025-04-16,118364,1,4,0,328.0
10109777SILVAK_2025-04-16_G06,10109777SILVAK,2025-04-16,118197,1,4,0,314.0
10109777SILVAK_2025-04-16_G07,10109777SILVAK,2025-04-16,110500,1,2,0,296.0
10109777SILVAK_2025-04-16_G08,10109777SILVAK,2025-04-16,111705,1,1,0,493.0
10109777SILVAK_2025-04-16_G09,10109777SILVAK,2025-04-16,111793,1,4,0,319.0
10109777SILVAK_2025-04-16_G10,10109777SILVAK,2025-04-16,110582,1,8,0,222.0
10109777SILVAK_2025-04-16_G11,10109777SILVAK,2025-04-16,117834,1,34,0,437.0
10109777SILVAK_2025-04-16_G12,10109777SILVAK,2025-04-16,118251,1,20,0,208.0
10109777SILVAK_2025-04-16_G13,10109777SILVAK,2025-04-16,118250,1,20,0,226.0
10109777SILVAK_2025-04-16_G14,10109777SILVAK,2025-04-16,110372,1,40,0,2973.0
10109777SILVAK_2025-04-16_G15,10109777SILVAK,2025-04-16,110373,1,20,0,202.0
10109777SILVAK_2025-04-16_G16,10109777SILVAK,2025-04-16,111469,1,20,0,117.0
10109777SILVAK_2025-04-16_G17,10109777SILVAK,2025-04-16,118140,1,26,0,531.0
10109777SILVAK_2025-04-16_G18,10109777SILVAK,2025-04-16,100334,1,1,0,1271.0
10109777SILVAK_2025-04-16_G19,10109777SILVAK,2025-04-16,110895,1,3,0,56.0
10109777SILVAK_2025-04-16_G20,10109777SILVAK,2025-04-16,109937,1,2,0,100.0
10109777SILVAK_2025-04-16_G21,10109777SILVAK,2025-04-16,110313,1,4,0,390.0
10109777SILVAK_2025-04-16_G22,10109777SILVAK,2025-04-16,110733,1,4,0,97.0
10109777SILVAK_2025-04-16_G23,10109777SILVAK,2025-04-16,117855,1,8,0,166.0
10109777SILVAK_2025-04-16_G24,10109777SILVAK,2025-04-16,117837,1,4,0,254.0
10109777SILVAK_2025-04-16_G25,10109777SILVAK,2025-04-16,117787,1,2,0,278.0
10109777SILVAK_2025-04-16_G26,10109777SILVAK,2025-04-16,111418,1,4,0,225.0
10109777SILVAK_2025-04-16_G27,10109777SILVAK,2025-04-16,111442,1,4,0,143.0
10109777SILVAK_2025-04-16_G28,10109777SILVAK,2025-04-16,117808,1,8,0,208.0
10109777SILVAK_2025-04-16_G29,10109777SILVAK,2025-04-16,118299,1,20,0,104.0
10109777SILVAK_2025-04-16_G30,10109777SILVAK,2025-04-16,110373,1,3,0,263.0
10109777SILVAK_2025-04-16_G31,10109777SILVAK,2025-04-16,109640,1,6,0,367.0
10109777SILVAK_2025-04-16_G32,10109777SILVAK,2025-04-16,117837,1,6,0,191.0
10109777SILVAK_2025-04-16_G33,10109777SILVAK,2025-04-16,118140,1,13,0,163.0
10109777SILVAK_2025-04-16_G34,10109777SILVAK,2025-04-16,160057,1,5,0,828.0
10109777SILVAK_2025-04-16_G35,10109777SILVAK,2025-04-16,111602,1,20,0,336.0
10109777SILVAK_2025-04-16_G36,10109777SILVAK,2025-04-16,117821,1,2,0,173.0
10109777SILVAK_2025-04-16_G37,10109777SILVAK,2025-04-16,118004,1,21,0,218.0
10109777SILVAK_2025-04-16_G38,10109777SILVAK,2025-04-16,111172,1,2,0,222.0
10109777SILVAK_2025-04-16_G39,10109777SILVAK,2025-04-16,118004,2,7,9,99.0
10109777SILVAK_2025-04-16_G40,10109777SILVAK,2025-04-16,118140,2,32,20,459.0
10109777SILVAK_2025-04-16_G41,10109777SILVAK,2025-04-16,111441,1,4,0,762.0
10109777SILVAK_2025-04-16_G42,10109777SILVAK,2025-04-16,110895,1,4,0,124.0
10109777SILVAK_2025-04-16_G43,10109777SILVAK,2025-04-16,111598,1,4,0,179.0
10109777SILVAK_2025-04-16_G44,10109777SILVAK,2025-04-16,110515,1,4,0,82.0
10109777SILVAK_2025-04-16_G45,10109777SILVAK,2025-04-16,109640,1,2,0,142.0
10109777SILVAK_2025-04-16_G46,10109777SILVAK,2025-04-16,110325,1,8,0,146.0
10109777SILVAK_2025-04-16_G47,10109777SILVAK,2025-04-16,117820,1,4,0,57.0
10109777SILVAK_2025-04-16_G48,10109777SILVAK,2025-04-16,117808,1,22,0,208.0
10109777SILVAK_2025-04-16_G49,10109777SILVAK,2025-04-16,118299,1,10,0,169.0
10109777SILVAK_2025-04-16_G50,10109777SILVAK,2025-04-16,107830,1,14,0,137.0
10109777SILVAK_2025-04-16_G51,10109777SILVAK,2025-04-16,117830,1,4,0,179.0
10109777SILVAK_2025-04-16_G52,10109777SILVAK,2025-04-16,109640,1,8,0,210.0
10109777SILVAK_2025-04-16_G53,10109777SILVAK,2025-04-16,110373,1,20,0,159.0
10109777SILVAK_2025-04-16_G54,10109777SILVAK,2025-04-16,110372,1,12,0,273.0
10109777SILVAK_2025-04-16_G55,10109777SILVAK,2025-04-16,118140,1,14,0,115.0
10109777SILVAK_2025-04-16_G56,10109777SILVAK,2025-04-16,111182,1,6,0,242.0
10109777SILVAK_2025-04-16_G57,10109777SILVAK,2025-04-16,109974,1,1,0,316.0
10109777SILVAK_2025-04-16_G58,10109777SILVAK,2025-04-16,110895,1,4,0,153.0
10109777SILVAK_2025-04-16_G59,10109777SILVAK,2025-04-16,118306,1,2,0,77.0
10109777SILVAK_2025-04-16_G60,10109777SILVAK,2025-04-16,110755,1,4,0,31.0
10109777SILVAK_2025-04-16_G61,10109777SILVAK,2025-04-16,110339,1,5,0,108.0
10109777SILVAK_2025-04-16_G62,10109777SILVAK,2025-04-16,110733,1,4,0,114.0
10109777SILVAK_2025-04-16_G63,10109777SILVAK,2025-04-16,117855,2,10,7,105.0
10109777SILVAK_2025-04-16_G64,10109777SILVAK,2025-04-16,108795,1,2,0,182.0
10109777SILVAK_2025-04-16_G65,10109777SILVAK,2025-04-16,117831,1,3,0,162.0
10109777SILVAK_2025-04-16_G66,10109777SILVAK,2025-04-16,111463,1,16,0,99.0
10109777SILVAK_2025-04-16_G67,10109777SILVAK,2025-04-16,117833,1,2,0,141.0
10109777SILVAK_2025-04-16_G68,10109777SILVAK,2025-04-16,108794,1,6,0,139.0
10109777SILVAK_2025-04-16_G69,10109777SILVAK,2025-04-16,117841,1,1,0,303.0
10109777SILVAK_2025-04-16_G71,10109777SILVAK,2025-04-16,109640,2,32,9,158.0
10109777SILVAK_2025-04-16_G72,10109777SILVAK,2025-04-16,111330,1,2,0,288.0
10109777SILVAK_2025-04-16_G73,10109777SILVAK,2025-04-16,110375,1,4,0,105.0
10109777SILVAK_2025-04-16_G74,10109777SILVAK,2025-04-16,111182,1,8,0,676.0
10109777SILVAK_2025-04-17_G02,10109777SILVAK,2025-04-17,110745,1,8,0,409.0
10109777SILVAK_2025-04-17_G03,10109777SILVAK,2025-04-17,118317,1,20,0,127.0
10109777SILVAK_2025-04-17_G04,10109777SILVAK,2025-04-17,110740,1,12,0,211.0
10109777SILVAK_2025-04-17_G05,10109777SILVAK,2025-04-17,111435,1,8,0,187.0
10109777SILVAK_2025-04-17_G06,10109777SILVAK,2025-04-17,111172,1,20,0,519.0
10109777SILVAK_2025-04-17_G07,10109777SILVAK,2025-04-17,111466,1,20,0,39.0
10109777SILVAK_2025-04-17_G08,10109777SILVAK,2025-04-17,141048,1,8,0,127.0
10109777SILVAK_2025-04-17_G09,10109777SILVAK,2025-04-17,108794,1,20,0,94.0
10109777SILVAK_2025-04-17_G10,10109777SILVAK,2025-04-17,118140,1,60,0,532.0
10109777SILVAK_2025-04-17_G11,10109777SILVAK,2025-04-17,110813,1,2,0,501.0
10109777SILVAK_2025-04-17_G12,10109777SILVAK,2025-04-17,110081,1,8,0,360.0
10109777SILVAK_2025-04-17_G13,10109777SILVAK,2025-04-17,118253,1,40,0,2656.0
10109777SILVAK_2025-04-17_G14,10109777SILVAK,2025-04-17,110582,1,14,0,504.0
10109777SILVAK_2025-04-17_G15,10109777SILVAK,2025-04-17,111441,1,40,0,929.0
10109777SILVAK_2025-04-17_G16,10109777SILVAK,2025-04-17,118251,1,40,0,682.0
10109777SILVAK_2025-04-17_G17,10109777SILVAK,2025-04-17,118250,1,40,0,651.0
10109777SILVAK_2025-04-17_G18,10109777SILVAK,2025-04-17,108759,1,95,0,1172.0
10109777SILVAK_2025-04-17_G19,10109777SILVAK,2025-04-17,120002,1,30,0,220.0
10109777SILVAK_2025-04-17_G20,10109777SILVAK,2025-04-17,118222,1,26,0,1834.0
10109777SILVAK_2025-04-17_G21,10109777SILVAK,2025-04-17,118364,1,8,0,311.0
10109777SILVAK_2025-04-17_G22,10109777SILVAK,2025-04-17,111569,2,14,11,355.0
10109777SILVAK_2025-04-17_G23,10109777SILVAK,2025-04-17,109937,1,4,0,235.0
10109777SILVAK_2025-04-17_G24,10109777SILVAK,2025-04-17,117862,1,21,0,696.0
10109777SILVAK_2025-04-17_G25,10109777SILVAK,2025-04-17,107629,1,4,0,92.0
10109777SILVAK_2025-04-17_G26,10109777SILVAK,2025-04-17,110733,1,10,0,59.0
10109777SILVAK_2025-04-17_G27,10109777SILVAK,2025-04-17,118403,1,4,0,172.0
10109777SILVAK_2025-04-17_G28,10109777SILVAK,2025-04-17,111467,1,1,0,267.0
10109777SILVAK_2025-04-17_G29,10109777SILVAK,2025-04-17,110515,1,22,0,118.0
10109777SILVAK_2025-04-17_G30,10109777SILVAK,2025-04-17,109640,1,7,0,204.0
10109777SILVAK_2025-04-17_G31,10109777SILVAK,2025-04-17,109640,1,2,0,82.0
10109777SILVAK_2025-04-17_G32,10109777SILVAK,2025-04-17,110515,1,2,0,335.0
10109777SILVAK_2025-04-17_G33,10109777SILVAK,2025-04-17,117788,1,4,0,147.0
10109777SILVAK_2025-04-17_G34,10109777SILVAK,2025-04-17,117861,1,27,0,377.0
10109777SILVAK_2025-04-17_G35,10109777SILVAK,2025-04-17,110711,1,13,0,298.0
10109777SILVAK_2025-04-17_G36,10109777SILVAK,2025-04-17,111466,1,24,0,161.0
10109777SILVAK_2025-04-17_G38,10109777SILVAK,2025-04-17,111532,1,11,0,96.0
10109777SILVAK_2025-04-17_G39,10109777SILVAK,2025-04-17,111462,1,26,0,108.0
10109777SILVAK_2025-04-17_G40,10109777SILVAK,2025-04-17,118299,1,1,0,386.0
10109777SILVAK_2025-04-17_G41,10109777SILVAK,2025-04-17,110371,1,13,0,105.0
10109777SILVAK_2025-04-17_G42,10109777SILVAK,2025-04-17,111418,1,13,0,106.0
10109777SILVAK_2025-04-17_G43,10109777SILVAK,2025-04-17,111463,1,5,0,93.0
10109777SILVAK_2025-04-17_G44,10109777SILVAK,2025-04-17,111466,1,9,0,161.0
10109777SILVAK_2025-04-17_G45,10109777SILVAK,2025-04-17,118140,1,8,0,142.0
10109777SILVAK_2025-04-17_G46,10109777SILVAK,2025-04-17,110582,1,2,0,3127.0
10109777SILVAK_2025-04-17_G47,10109777SILVAK,2025-04-17,110742,1,10,0,114.0
10109777SILVAK_2025-04-17_G48,10109777SILVAK,2025-04-17,110895,1,10,0,88.0
10109777SILVAK_2025-04-17_G49,10109777SILVAK,2025-04-17,117837,1,6,0,163.0
10109777SILVAK_2025-04-17_G50,10109777SILVAK,2025-04-17,141047,1,2,0,85.0
10109777SILVAK_2025-04-17_G51,10109777SILVAK,2025-04-17,110733,1,8,0,62.0
10109777SILVAK_2025-04-17_G52,10109777SILVAK,2025-04-17,111602,1,20,0,313.0
10109777SILVAK_2025-04-19_G02,10109777SILVAK,2025-04-19,118299,1,8,0,164.0
10109777SILVAK_2025-04-19_G03,10109777SILVAK,2025-04-19,117809,1,4,0,70.0
10109777SILVAK_2025-04-19_G04,10109777SILVAK,2025-04-19,117820,1,8,0,172.0
10109777SILVAK_2025-04-19_G05,10109777SILVAK,2025-04-19,117840,1,2,0,32.0
10109777SILVAK_2025-04-19_G06,10109777SILVAK,2025-04-19,110372,1,8,0,101.0
10109777SILVAK_2025-04-19_G07,10109777SILVAK,2025-04-19,109643,1,7,0,145.0
10109777SILVAK_2025-04-19_G08,10109777SILVAK,2025-04-19,109643,1,4,0,192.0
10109777SILVAK_2025-04-19_G09,10109777SILVAK,2025-04-19,110373,1,12,0,211.0
10109777SILVAK_2025-04-19_G10,10109777SILVAK,2025-04-19,110371,1,12,0,158.0
10109777SILVAK_2025-04-19_G11,10109777SILVAK,2025-04-19,117808,1,20,0,162.0
10109777SILVAK_2025-04-19_G12,10109777SILVAK,2025-04-19,110373,1,60,0,516.0
10109777SILVAK_2025-04-19_G13,10109777SILVAK,2025-04-19,110371,1,50,0,369.0
10109777SILVAK_2025-04-19_G14,10109777SILVAK,2025-04-19,111569,1,4,0,161.0
10109777SILVAK_2025-04-19_G15,10109777SILVAK,2025-04-19,118250,1,4,0,1678.0
10109777SILVAK_2025-04-19_G16,10109777SILVAK,2025-04-19,111569,1,4,0,112.0
10109777SILVAK_2025-04-19_G17,10109777SILVAK,2025-04-19,141047,1,4,0,68.0
10109777SILVAK_2025-04-19_G18,10109777SILVAK,2025-04-19,117862,1,10,0,133.0
10109777SILVAK_2025-04-19_G19,10109777SILVAK,2025-04-19,107629,1,2,0,56.0
10109777SILVAK_2025-04-19_G20,10109777SILVAK,2025-04-19,111876,1,1,0,50.0
10109777SILVAK_2025-04-19_G21,10109777SILVAK,2025-04-19,117831,1,4,0,90.0
10109777SILVAK_2025-04-19_G22,10109777SILVAK,2025-04-19,108794,1,4,0,199.0
10109777SILVAK_2025-04-19_G23,10109777SILVAK,2025-04-19,111462,1,12,0,118.0
10109777SILVAK_2025-04-19_G24,10109777SILVAK,2025-04-19,118299,1,16,0,92.0
10109777SILVAK_2025-04-19_G25,10109777SILVAK,2025-04-19,117809,1,2,0,159.0
10109777SILVAK_2025-04-19_G26,10109777SILVAK,2025-04-19,117820,1,17,0,286.0
10109777SILVAK_2025-04-19_G27,10109777SILVAK,2025-04-19,110711,1,5,0,580.0
10109777SILVAK_2025-04-19_G28,10109777SILVAK,2025-04-19,140911,1,4,0,113.0
10109777SILVAK_2025-04-19_G29,10109777SILVAK,2025-04-19,111330,1,1,0,162.0
10109777SILVAK_2025-04-19_G30,10109777SILVAK,2025-04-19,109640,1,2,0,122.0
10109777SILVAK_2025-04-19_G31,10109777SILVAK,2025-04-19,107830,1,3,0,120.0
10109777SILVAK_2025-04-19_G32,10109777SILVAK,2025-04-19,117821,1,12,0,92.0
10109777SILVAK_2025-04-19_G33,10109777SILVAK,2025-04-19,110580,1,10,0,939.0
10109777SILVAK_2025-04-19_G34,10109777SILVAK,2025-04-19,110733,1,30,0,381.0
10109777SILVAK_2025-04-19_G35,10109777SILVAK,2025-04-19,108361,1,13,0,297.0
10109777SILVAK_2025-04-19_G36,10109777SILVAK,2025-04-19,117837,1,10,0,157.0
10109777SILVAK_2025-04-19_G37,10109777SILVAK,2025-04-19,101217,1,20,0,258.0
10109777SILVAK_2025-04-19_G38,10109777SILVAK,2025-04-19,117788,1,20,0,177.0
10109777SILVAK_2025-04-19_G39,10109777SILVAK,2025-04-19,110339,1,40,0,588.0
10109777SILVAK_2025-04-19_G40,10109777SILVAK,2025-04-19,110313,1,40,0,406.0
10109777SILVAK_2025-04-19_G41,10109777SILVAK,2025-04-19,117856,1,33,0,445.0
10109777SILVAK_2025-04-19_G42,10109777SILVAK,2025-04-19,107830,1,20,0,410.0
10109777SILVAK_2025-04-19_G43,10109777SILVAK,2025-04-19,110371,1,300,0,1817.0
10109777SILVAK_2025-04-19_G44,10109777SILVAK,2025-04-19,110375,1,80,0,254.0
10109777SILVAK_2025-04-19_G45,10109777SILVAK,2025-04-19,110325,1,100,0,420.0
10109777SILVAK_2025-04-19_G46,10109777SILVAK,2025-04-19,111466,1,60,0,180.0
10109777SILVAK_2025-04-19_G47,10109777SILVAK,2025-04-19,118223,1,16,0,518.0
10109777SILVAK_2025-04-19_G48,10109777SILVAK,2025-04-19,111465,1,30,0,818.0
10109777SILVAK_2025-04-19_G49,10109777SILVAK,2025-04-19,111850,1,3,0,652.0
10109777SILVAK_2025-04-19_G50,10109777SILVAK,2025-04-19,117862,1,8,0,193.0
10109777SILVAK_2025-04-19_G51,10109777SILVAK,2025-04-19,110733,1,3,0,67.0
10109777SILVAK_2025-04-19_G52,10109777SILVAK,2025-04-19,118004,1,2,0,150.0
10109777SILVAK_2025-04-19_G53,10109777SILVAK,2025-04-19,111418,1,13,0,140.0
10109777SILVAK_2025-04-19_G54,10109777SILVAK,2025-04-19,"111463, 111466",2,4,15,74.0
10109777SILVAK_2025-04-19_G55,10109777SILVAK,2025-04-19,117856,1,2,0,142.0
10109777SILVAK_2025-04-19_G56,10109777SILVAK,2025-04-19,111467,1,1,0,63.0
10109777SILVAK_2025-04-19_G57,10109777SILVAK,2025-04-19,110373,1,5,0,340.0
10109777SILVAK_2025-04-19_G58,10109777SILVAK,2025-04-19,108759,1,1,0,67.0
10109777SILVAK_2025-04-19_G59,10109777SILVAK,2025-04-19,110740,1,2,0,70.0
10109777SILVAK_2025-04-19_G60,10109777SILVAK,2025-04-19,118140,1,16,0,146.0
10109777SILVAK_2025-04-19_G62,10109777SILVAK,2025-04-19,111532,1,2,0,167.0
10109777SILVAK_2025-04-19_G63,10109777SILVAK,2025-04-19,110372,1,7,0,196.0
10109777SILVAK_2025-04-19_G64,10109777SILVAK,2025-04-19,110371,1,7,0,81.0
10109777SILVAK_2025-04-19_G65,10109777SILVAK,2025-04-19,110373,1,6,0,145.0
10109777SILVAK_2025-04-19_G66,10109777SILVAK,2025-04-19,111330,1,4,0,170.0
10109777SILVAK_2025-04-19_G67,10109777SILVAK,2025-04-19,117830,1,4,0,142.0
10109777SILVAK_2025-04-19_G68,10109777SILVAK,2025-04-19,117831,1,12,0,207.0
10109777SILVAK_2025-04-19_G69,10109777SILVAK,2025-04-19,111569,1,4,0,374.0
10109777SILVAK_2025-04-19_G70,10109777SILVAK,2025-04-19,108759,2,4,7,133.0
10109777SILVAK_2025-04-19_G71,10109777SILVAK,2025-04-19,117862,1,2,0,171.0
10109777SILVAK_2025-04-19_G72,10109777SILVAK,2025-04-19,107629,1,2,0,52.0
10109777SILVAK_2025-04-19_G73,10109777SILVAK,2025-04-19,117855,1,4,0,85.0
10109777SILVAK_2025-04-19_G74,10109777SILVAK,2025-04-19,110752,1,1,0,131.0
10109777SILVAK_2025-04-19_G75,10109777SILVAK,2025-04-19,110711,1,1,0,194.0
10109777SILVAK_2025-04-19_G76,10109777SILVAK,2025-04-19,"110742, 110755",2,8,29,542.0
10109777SILVAK_2025-04-19_G77,10109777SILVAK,2025-04-19,118222,1,4,0,111.0
10109777SILVAK_2025-04-19_G78,10109777SILVAK,2025-04-19,111438,1,4,0,44.0
10109777SILVAK_2025-04-19_G79,10109777SILVAK,2025-04-19,117835,1,4,0,137.0
10109777SILVAK_2025-04-19_G80,10109777SILVAK,2025-04-19,111441,1,4,0,118.0
10109777SILVAK_2025-04-19_G81,10109777SILVAK,2025-04-19,111569,1,4,0,67.0
10109777SILVAK_2025-04-19_G82,10109777SILVAK,2025-04-19,109937,1,2,0,103.0
10109777SILVAK_2025-04-19_G83,10109777SILVAK,2025-04-19,118140,1,4,0,121.0
10109777SILVAK_2025-04-19_G84,10109777SILVAK,2025-04-19,117832,1,4,0,393.0
10109777SILVAK_2025-04-19_G85,10109777SILVAK,2025-04-19,110372,2,24,19,195.0
10109777SILVAK_2025-04-19_G86,10109777SILVAK,2025-04-19,109643,1,2,0,81.0
10109777SILVAK_2025-04-19_G87,10109777SILVAK,2025-04-19,141047,1,2,0,111.0
10109777SILVAK_2025-04-19_G88,10109777SILVAK,2025-04-19,110339,1,2,0,85.0
10109777SILVAK_2025-04-19_G89,10109777SILVAK,2025-04-19,117861,1,4,0,71.0
10109777SILVAK_2025-04-19_G90,10109777SILVAK,2025-04-19,117855,1,4,0,118.0
10109777SILVAK_2025-04-19_G91,10109777SILVAK,2025-04-19,111467,1,2,0,69.0
10109777SILVAK_2025-04-19_G92,10109777SILVAK,2025-04-19,117786,1,5,0,141.0
10109777SILVAK_2025-04-19_G93,10109777SILVAK,2025-04-19,110515,1,4,0,83.0
10109777SILVAK_2025-04-19_G94,10109777SILVAK,2025-04-19,109640,1,4,0,182.0
10109777SILVAK_2025-04-21_G02,10109777SILVAK,2025-04-21,117854,1,1,0,729.0
10109777SILVAK_2025-04-21_G03,10109777SILVAK,2025-04-21,117785,1,5,0,198.0
10109777SILVAK_2025-04-21_G04,10109777SILVAK,2025-04-21,107830,1,1,0,98.0
10109777SILVAK_2025-04-21_G05,10109777SILVAK,2025-04-21,110313,1,6,0,141.0
10109777SILVAK_2025-04-21_G06,10109777SILVAK,2025-04-21,117935,1,8,0,51.0
10109777SILVAK_2025-04-21_G07,10109777SILVAK,2025-04-21,111468,1,12,0,115.0
10109777SILVAK_2025-04-21_G08,10109777SILVAK,2025-04-21,110372,1,108,0,679.0
10109777SILVAK_2025-04-21_G09,10109777SILVAK,2025-04-21,117935,1,1,0,620.0
10109777SILVAK_2025-04-21_G10,10109777SILVAK,2025-04-21,117854,1,7,0,345.0
10109777SILVAK_2025-04-21_G11,10109777SILVAK,2025-04-21,117854,1,2,0,80.0
10109777SILVAK_2025-04-21_G12,10109777SILVAK,2025-04-21,111602,1,4,0,246.0
10109777SILVAK_2025-04-21_G13,10109777SILVAK,2025-04-21,111356,1,6,0,806.0
10109777SILVAK_2025-04-21_G14,10109777SILVAK,2025-04-21,117854,1,8,0,387.0
10109777SILVAK_2025-04-21_G15,10109777SILVAK,2025-04-21,108798,1,6,0,82.0
10109777SILVAK_2025-04-21_G16,10109777SILVAK,2025-04-21,111356,1,4,0,2010.0
10109777SILVAK_2025-04-21_G17,10109777SILVAK,2025-04-21,110895,1,5,0,351.0
10109777SILVAK_2025-04-21_G18,10109777SILVAK,2025-04-21,110711,1,6,0,53.0
10109777SILVAK_2025-04-21_G19,10109777SILVAK,2025-04-21,111532,1,4,0,142.0
10109777SILVAK_2025-04-21_G20,10109777SILVAK,2025-04-21,"117832, 110372",2,12,17,91.0
10109777SILVAK_2025-04-21_G21,10109777SILVAK,2025-04-21,110375,1,4,0,138.0
10109777SILVAK_2025-04-21_G22,10109777SILVAK,2025-04-21,117856,1,10,0,124.0
10109777SILVAK_2025-04-21_G23,10109777SILVAK,2025-04-21,111602,1,5,0,483.0
10109777SILVAK_2025-04-21_G24,10109777SILVAK,2025-04-21,117831,1,2,0,106.0
10109777SILVAK_2025-04-21_G25,10109777SILVAK,2025-04-21,110325,1,4,0,138.0
10109777SILVAK_2025-04-21_G26,10109777SILVAK,2025-04-21,118299,1,3,0,60.0
10109777SILVAK_2025-04-21_G27,10109777SILVAK,2025-04-21,"111433, 111418",2,7,28,98.0
10109777SILVAK_2025-04-21_G28,10109777SILVAK,2025-04-21,117833,1,8,0,90.0
10109777SILVAK_2025-04-21_G29,10109777SILVAK,2025-04-21,140922,1,1,0,89.0
10109777SILVAK_2025-04-21_G30,10109777SILVAK,2025-04-21,110787,1,8,0,419.0
10109777SILVAK_2025-04-21_G31,10109777SILVAK,2025-04-21,117820,1,3,0,118.0
10109777SILVAK_2025-04-21_G32,10109777SILVAK,2025-04-21,110373,1,14,0,165.0
10109777SILVAK_2025-04-21_G33,10109777SILVAK,2025-04-21,110372,1,24,0,715.0
10109777SILVAK_2025-04-21_G34,10109777SILVAK,2025-04-21,108798,1,2,0,84.0
10109777SILVAK_2025-04-21_G35,10109777SILVAK,2025-04-21,110372,1,16,0,99.0
10109777SILVAK_2025-04-21_G36,10109777SILVAK,2025-04-21,108798,1,3,0,796.0
10109777SILVAK_2025-04-21_G37,10109777SILVAK,2025-04-21,110129,1,2,0,217.0
10109777SILVAK_2025-04-21_G38,10109777SILVAK,2025-04-21,110129,1,2,0,76.0
10109777SILVAK_2025-04-21_G39,10109777SILVAK,2025-04-21,110129,1,4,0,74.0
10109777SILVAK_2025-04-21_G40,10109777SILVAK,2025-04-21,108798,1,3,0,98.0
10109777SILVAK_2025-04-21_G41,10109777SILVAK,2025-04-21,111120,1,2,0,159.0
10109777SILVAK_2025-04-21_G42,10109777SILVAK,2025-04-21,109974,1,6,0,99.0
10109777SILVAK_2025-04-21_G43,10109777SILVAK,2025-04-21,110063,1,1,0,58.0
10109777SILVAK_2025-04-21_G44,10109777SILVAK,2025-04-21,110500,1,6,0,156.0
10109777SILVAK_2025-04-21_G45,10109777SILVAK,2025-04-21,111705,1,2,0,410.0
10109777SILVAK_2025-04-21_G46,10109777SILVAK,2025-04-21,111888,1,4,0,150.0
10109777SILVAK_2025-04-21_G47,10109777SILVAK,2025-04-21,111879,1,4,0,34.0
10109777SILVAK_2025-04-21_G48,10109777SILVAK,2025-04-21,110372,1,78,0,498.0
10109777SILVAK_2025-04-21_G49,10109777SILVAK,2025-04-21,110895,1,2,0,271.0
10109777SILVAK_2025-04-21_G50,10109777SILVAK,2025-04-21,110742,1,3,0,123.0
10109777SILVAK_2025-04-21_G51,10109777SILVAK,2025-04-21,108798,1,6,0,524.0
10109777SILVAK_2025-04-21_G52,10109777SILVAK,2025-04-21,140922,1,4,0,216.0
10109777SILVAK_2025-04-21_G53,10109777SILVAK,2025-04-21,109640,1,30,0,763.0
10109777SILVAK_2025-04-21_G54,10109777SILVAK,2025-04-21,114102,1,2,0,150.0
10109777SILVAK_2025-04-21_G55,10109777SILVAK,2025-04-21,109640,1,3,0,106.0
10109777SILVAK_2025-04-21_G56,10109777SILVAK,2025-04-21,110373,1,4,0,52.0
10109777SILVAK_2025-04-21_G57,10109777SILVAK,2025-04-21,110339,1,8,0,388.0
10109777SILVAK_2025-04-21_G58,10109777SILVAK,2025-04-21,110733,1,4,0,118.0
10109777SILVAK_2025-04-21_G59,10109777SILVAK,2025-04-21,111602,1,4,0,87.0
10109777SILVAK_2025-04-21_G60,10109777SILVAK,2025-04-21,117855,1,2,0,248.0
10109777SILVAK_2025-04-21_G61,10109777SILVAK,2025-04-21,117786,1,5,0,96.0
10109777SILVAK_2025-04-21_G62,10109777SILVAK,2025-04-21,109640,1,2,0,34.0
10109777SILVAK_2025-04-21_G63,10109777SILVAK,2025-04-21,110752,1,2,0,236.0
10109777SILVAK_2025-04-21_G64,10109777SILVAK,2025-04-21,108795,1,4,0,83.0
10109777SILVAK_2025-04-21_G65,10109777SILVAK,2025-04-21,111469,1,4,0,68.0
10109777SILVAK_2025-04-21_G66,10109777SILVAK,2025-04-21,117821,1,4,0,46.0
10109777SILVAK_2025-04-21_G67,10109777SILVAK,2025-04-21,"109641, 108798",3,11,45,89.0
10109777SILVAK_2025-04-21_G68,10109777SILVAK,2025-04-21,108794,1,6,0,134.0
10109777SILVAK_2025-04-21_G69,10109777SILVAK,2025-04-21,111532,1,4,0,77.0
10109777SILVAK_2025-04-21_G71,10109777SILVAK,2025-04-21,118317,1,2,0,41.0
10109777SILVAK_2025-04-21_G72,10109777SILVAK,2025-04-21,110787,1,4,0,119.0
10109777SILVAK_2025-04-21_G73,10109777SILVAK,2025-04-21,110373,1,4,0,228.0
10109777SILVAK_2025-04-21_G74,10109777SILVAK,2025-04-21,118299,1,12,0,226.0
10109777SILVAK_2025-04-21_G75,10109777SILVAK,2025-04-21,117808,1,4,0,62.0
10109777SILVAK_2025-04-21_G76,10109777SILVAK,2025-04-21,117820,1,8,0,116.0
10109777SILVAK_2025-04-21_G77,10109777SILVAK,2025-04-21,110372,1,8,0,114.0
10109777SILVAK_2025-04-21_G78,10109777SILVAK,2025-04-21,117830,1,4,0,55.0
10109777SILVAK_2025-04-21_G79,10109777SILVAK,2025-04-21,108759,1,2,0,300.0
10109777SILVAK_2025-04-21_G80,10109777SILVAK,2025-04-21,108759,1,4,0,1124.0
10109777SILVAK_2025-04-21_G81,10109777SILVAK,2025-04-21,109647,1,2,0,101.0
10109777SILVAK_2025-04-21_G82,10109777SILVAK,2025-04-21,117855,1,4,0,103.0
10109777SILVAK_2025-04-21_G83,10109777SILVAK,2025-04-21,117854,1,4,0,141.0
10109777SILVAK_2025-04-21_G84,10109777SILVAK,2025-04-21,117838,1,2,0,148.0
10109777SILVAK_2025-04-21_G85,10109777SILVAK,2025-04-21,111468,1,6,0,189.0
10109777SILVAK_2025-04-21_G86,10109777SILVAK,2025-04-21,117785,1,67,0,344.0
10109777SILVAK_2025-04-22_G02,10109777SILVAK,2025-04-22,111598,1,4,0,158.0
10109777SILVAK_2025-04-22_G03,10109777SILVAK,2025-04-22,111468,1,5,0,118.0
10109777SILVAK_2025-04-22_G04,10109777SILVAK,2025-04-22,117821,1,1,0,143.0
10109777SILVAK_2025-04-22_G05,10109777SILVAK,2025-04-22,111463,1,8,0,378.0
10109777SILVAK_2025-04-22_G06,10109777SILVAK,2025-04-22,111466,1,9,0,74.0
10109777SILVAK_2025-04-22_G07,10109777SILVAK,2025-04-22,118299,1,1,0,113.0
10109777SILVAK_2025-04-22_G08,10109777SILVAK,2025-04-22,110371,1,16,0,84.0
10109777SILVAK_2025-04-22_G09,10109777SILVAK,2025-04-22,111430,1,2,0,230.0
10109777SILVAK_2025-04-22_G10,10109777SILVAK,2025-04-22,117856,1,3,0,47.0
10109777SILVAK_2025-04-22_G11,10109777SILVAK,2025-04-22,117820,1,1,0,161.0
10109777SILVAK_2025-04-22_G12,10109777SILVAK,2025-04-22,110372,1,14,0,95.0
10109777SILVAK_2025-04-22_G13,10109777SILVAK,2025-04-22,117830,1,2,0,140.0
10109777SILVAK_2025-04-22_G14,10109777SILVAK,2025-04-22,110373,1,3,0,69.0
10109777SILVAK_2025-04-22_G15,10109777SILVAK,2025-04-22,118140,1,4,0,140.0
10109777SILVAK_2025-04-22_G16,10109777SILVAK,2025-04-22,111418,1,34,0,429.0
10109777SILVAK_2025-04-22_G17,10109777SILVAK,2025-04-22,108711,1,1,0,218.0
10109777SILVAK_2025-04-22_G18,10109777SILVAK,2025-04-22,117808,1,26,0,152.0
10109777SILVAK_2025-04-22_G19,10109777SILVAK,2025-04-22,110747,1,4,0,530.0
10109777SILVAK_2025-04-22_G20,10109777SILVAK,2025-04-22,110755,1,4,0,96.0
10109777SILVAK_2025-04-22_G21,10109777SILVAK,2025-04-22,108759,1,3,0,124.0
10109777SILVAK_2025-04-22_G22,10109777SILVAK,2025-04-22,117836,1,4,0,340.0
10109777SILVAK_2025-04-22_G23,10109777SILVAK,2025-04-22,141047,1,4,0,1388.0
10109777SILVAK_2025-04-22_G24,10109777SILVAK,2025-04-22,110339,1,2,0,263.0
10109777SILVAK_2025-04-22_G25,10109777SILVAK,2025-04-22,111433,1,4,0,428.0
10109777SILVAK_2025-04-22_G26,10109777SILVAK,2025-04-22,105705,1,3,0,68.0
10109777SILVAK_2025-04-22_G27,10109777SILVAK,2025-04-22,117855,1,4,0,100.0
10109777SILVAK_2025-04-22_G28,10109777SILVAK,2025-04-22,109640,1,4,0,35.0
10109777SILVAK_2025-04-22_G29,10109777SILVAK,2025-04-22,111430,1,1,0,141.0
10109777SILVAK_2025-04-22_G30,10109777SILVAK,2025-04-22,118299,1,12,0,97.0
10109777SILVAK_2025-04-22_G31,10109777SILVAK,2025-04-22,117835,1,4,0,805.0
10109777SILVAK_2025-04-22_G32,10109777SILVAK,2025-04-22,117935,1,1,0,141.0
10109777SILVAK_2025-04-22_G33,10109777SILVAK,2025-04-22,111530,1,26,0,468.0
10109777SILVAK_2025-04-22_G34,10109777SILVAK,2025-04-22,109647,1,4,0,971.0
10109777SILVAK_2025-04-22_G35,10109777SILVAK,2025-04-22,117830,1,5,0,1082.0
10109777SILVAK_2025-04-22_G36,10109777SILVAK,2025-04-22,117862,1,4,0,145.0
10109777SILVAK_2025-04-22_G37,10109777SILVAK,2025-04-22,111435,1,9,0,137.0
10109777SILVAK_2025-04-22_G38,10109777SILVAK,2025-04-22,111469,1,9,0,56.0
10109777SILVAK_2025-04-22_G39,10109777SILVAK,2025-04-22,105705,1,8,0,186.0
10109777SILVAK_2025-04-22_G40,10109777SILVAK,2025-04-22,118004,1,6,0,88.0
10109777SILVAK_2025-04-22_G41,10109777SILVAK,2025-04-22,111463,1,8,0,128.0
10109777SILVAK_2025-04-22_G42,10109777SILVAK,2025-04-22,110515,1,8,0,347.0
10109777SILVAK_2025-04-22_G43,10109777SILVAK,2025-04-22,109640,1,10,0,207.0
10109777SILVAK_2025-04-22_G44,10109777SILVAK,2025-04-22,111462,1,7,0,320.0
10109777SILVAK_2025-04-22_G45,10109777SILVAK,2025-04-22,109645,1,6,0,90.0
10109777SILVAK_2025-04-22_G46,10109777SILVAK,2025-04-22,111330,1,8,0,118.0
10109777SILVAK_2025-04-22_G47,10109777SILVAK,2025-04-22,110787,1,7,0,105.0
10109777SILVAK_2025-04-22_G48,10109777SILVAK,2025-04-22,111469,1,2,0,1306.0
10109777SILVAK_2025-04-22_G49,10109777SILVAK,2025-04-22,118299,1,10,0,162.0
10109777SILVAK_2025-04-22_G50,10109777SILVAK,2025-04-22,117830,1,4,0,155.0
10109777SILVAK_2025-04-22_G51,10109777SILVAK,2025-04-22,110742,1,1,0,180.0
10109777SILVAK_2025-04-22_G52,10109777SILVAK,2025-04-22,110733,1,1,0,96.0
10109777SILVAK_2025-04-22_G53,10109777SILVAK,2025-04-22,118403,1,2,0,117.0
10109777SILVAK_2025-04-22_G54,10109777SILVAK,2025-04-22,111467,1,1,0,54.0
10109777SILVAK_2025-04-22_G55,10109777SILVAK,2025-04-22,117837,1,2,0,107.0
10109777SILVAK_2025-04-22_G56,10109777SILVAK,2025-04-22,110711,1,2,0,62.0
10109777SILVAK_2025-04-22_G57,10109777SILVAK,2025-04-22,111463,1,3,0,109.0
10109777SILVAK_2025-04-22_G58,10109777SILVAK,2025-04-22,140922,1,2,0,55.0
10109777SILVAK_2025-04-22_G59,10109777SILVAK,2025-04-22,117785,1,2,0,64.0
10109777SILVAK_2025-04-22_G60,10109777SILVAK,2025-04-22,111466,1,10,0,37.0
10109777SILVAK_2025-04-22_G61,10109777SILVAK,2025-04-22,111462,1,2,0,137.0
10109777SILVAK_2025-04-22_G62,10109777SILVAK,2025-04-22,117838,1,2,0,76.0
10109777SILVAK_2025-04-22_G63,10109777SILVAK,2025-04-22,111330,1,2,0,87.0
10109777SILVAK_2025-04-22_G64,10109777SILVAK,2025-04-22,111465,1,2,0,94.0
10109777SILVAK_2025-04-22_G65,10109777SILVAK,2025-04-22,110374,1,4,0,285.0
10109777SILVAK_2025-04-22_G66,10109777SILVAK,2025-04-22,118299,1,3,0,53.0
10109777SILVAK_2025-04-22_G67,10109777SILVAK,2025-04-22,117808,1,4,0,134.0
10109777SILVAK_2025-04-22_G68,10109777SILVAK,2025-04-22,117832,1,2,0,74.0
10109777SILVAK_2025-04-22_G69,10109777SILVAK,2025-04-22,110373,1,2,0,99.0
10109777SILVAK_2025-04-22_G70,10109777SILVAK,2025-04-22,110375,1,4,0,318.0
10109777SILVAK_2025-04-22_G71,10109777SILVAK,2025-04-22,117820,1,4,0,123.0
10109777SILVAK_2025-04-22_G72,10109777SILVAK,2025-04-22,117830,1,3,0,102.0
10109777SILVAK_2025-04-22_G73,10109777SILVAK,2025-04-22,110740,1,10,0,140.0
10109777SILVAK_2025-04-22_G74,10109777SILVAK,2025-04-22,110787,1,9,0,81.0
10109777SILVAK_2025-04-22_G75,10109777SILVAK,2025-04-22,110895,1,2,0,996.0
10109777SILVAK_2025-04-22_G76,10109777SILVAK,2025-04-22,110313,1,2,0,250.0
10109777SILVAK_2025-04-22_G77,10109777SILVAK,2025-04-22,110733,1,4,0,84.0
10109777SILVAK_2025-04-22_G78,10109777SILVAK,2025-04-22,111418,1,2,0,174.0
10109777SILVAK_2025-04-22_G79,10109777SILVAK,2025-04-22,140922,1,4,0,54.0
10109777SILVAK_2025-04-22_G80,10109777SILVAK,2025-04-22,111172,1,2,0,88.0
10109777SILVAK_2025-04-22_G81,10109777SILVAK,2025-04-22,117785,1,6,0,74.0
10109777SILVAK_2025-04-22_G82,10109777SILVAK,2025-04-22,111466,1,5,0,69.0
10109777SILVAK_2025-04-22_G83,10109777SILVAK,2025-04-22,117820,1,4,0,100.0
10109777SILVAK_2025-04-22_G84,10109777SILVAK,2025-04-22,117838,1,4,0,78.0
10109777SILVAK_2025-04-22_G85,10109777SILVAK,2025-04-22,110372,1,2,0,80.0
10109777SILVAK_2025-04-22_G86,10109777SILVAK,2025-04-22,110375,1,4,0,75.0
10109777SILVAK_2025-04-22_G87,10109777SILVAK,2025-04-22,117808,1,12,0,270.0
10109777SILVAK_2025-04-22_G88,10109777SILVAK,2025-04-22,118299,1,6,0,94.0
10109777SILVAK_2025-04-22_G89,10109777SILVAK,2025-04-22,117809,1,5,0,62.0
10109777SILVAK_2025-04-22_G91,10109777SILVAK,2025-04-22,118306,1,26,0,609.0
10109777SILVAK_2025-04-22_G92,10109777SILVAK,2025-04-22,118222,1,40,0,367.0
10109777SILVAK_2025-04-22_G93,10109777SILVAK,2025-04-22,111441,1,4,0,134.0
10109777SILVAK_2025-04-22_G94,10109777SILVAK,2025-04-22,141047,1,20,0,263.0
10109777SILVAK_2025-04-22_G95,10109777SILVAK,2025-04-22,117862,1,30,0,282.0
10109777SILVAK_2025-04-22_G96,10109777SILVAK,2025-04-22,107629,1,4,0,220.0
10109777SILVAK_2025-04-22_G97,10109777SILVAK,2025-04-22,111439,1,4,0,111.0
10109777SILVAK_2025-04-22_G98,10109777SILVAK,2025-04-22,110515,1,80,0,486.0
10109777SILVAK_2025-04-22_G99,10109777SILVAK,2025-04-22,117837,1,12,0,363.0
10109777SILVAK_2025-04-22_G100,10109777SILVAK,2025-04-22,109640,1,40,0,668.0
10109777SILVAK_2025-04-23_G02,10109777SILVAK,2025-04-23,118417,2,5,7,99.0
10109777SILVAK_2025-04-23_G03,10109777SILVAK,2025-04-23,110755,1,4,0,187.0
10109777SILVAK_2025-04-23_G04,10109777SILVAK,2025-04-23,110841,1,3,0,71.0
10109777SILVAK_2025-04-23_G05,10109777SILVAK,2025-04-23,111861,1,4,0,145.0
10109777SILVAK_2025-04-23_G06,10109777SILVAK,2025-04-23,117789,1,7,0,167.0
10109777SILVAK_2025-04-23_G07,10109777SILVAK,2025-04-23,111441,1,4,0,90.0
10109777SILVAK_2025-04-23_G08,10109777SILVAK,2025-04-23,110895,1,10,0,138.0
10109777SILVAK_2025-04-23_G10,10109777SILVAK,2025-04-23,111172,1,1,0,143.0
10109777SILVAK_2025-04-23_G11,10109777SILVAK,2025-04-23,108794,1,20,0,80.0
10109777SILVAK_2025-04-23_G12,10109777SILVAK,2025-04-23,111462,1,20,0,103.0
10109777SILVAK_2025-04-23_G13,10109777SILVAK,2025-04-23,109645,1,10,0,591.0
10109777SILVAK_2025-04-23_G14,10109777SILVAK,2025-04-23,110745,1,10,0,188.0
10109777SILVAK_2025-04-23_G15,10109777SILVAK,2025-04-23,110787,1,20,0,156.0
10109777SILVAK_2025-04-23_G16,10109777SILVAK,2025-04-23,110332,1,20,0,514.0
10109777SILVAK_2025-04-23_G17,10109777SILVAK,2025-04-23,111430,1,8,0,850.0
10109777SILVAK_2025-04-23_G18,10109777SILVAK,2025-04-23,111430,1,20,0,180.0
10109777SILVAK_2025-04-23_G19,10109777SILVAK,2025-04-23,118298,1,5,0,111.0
10109777SILVAK_2025-04-23_G20,10109777SILVAK,2025-04-23,111172,1,12,0,195.0
10109777SILVAK_2025-04-23_G21,10109777SILVAK,2025-04-23,107830,1,45,0,852.0
10109777SILVAK_2025-04-23_G22,10109777SILVAK,2025-04-23,109640,1,30,0,98.0
10109777SILVAK_2025-04-23_G23,10109777SILVAK,2025-04-23,111469,1,24,0,358.0
10109777SILVAK_2025-04-23_G24,10109777SILVAK,2025-04-23,117785,1,200,0,885.0
10109777SILVAK_2025-04-23_G26,10109777SILVAK,2025-04-23,111469,1,4,0,130.0
10109777SILVAK_2025-04-23_G27,10109777SILVAK,2025-04-23,117831,1,8,0,148.0
10109777SILVAK_2025-04-23_G28,10109777SILVAK,2025-04-23,117785,1,4,0,54.0
10109777SILVAK_2025-04-23_G29,10109777SILVAK,2025-04-23,118140,1,4,0,413.0
10109777SILVAK_2025-04-23_G30,10109777SILVAK,2025-04-23,118299,1,4,0,124.0
10109777SILVAK_2025-04-23_G31,10109777SILVAK,2025-04-23,117820,1,4,0,139.0
10109777SILVAK_2025-04-23_G32,10109777SILVAK,2025-04-23,117832,1,4,0,222.0
10109777SILVAK_2025-04-23_G33,10109777SILVAK,2025-04-23,117830,1,4,0,82.0
10109777SILVAK_2025-04-23_G34,10109777SILVAK,2025-04-23,111430,1,2,0,462.0
10109777SILVAK_2025-04-23_G35,10109777SILVAK,2025-04-23,117935,1,2,0,189.0
10109777SILVAK_2025-04-23_G36,10109777SILVAK,2025-04-23,111530,1,8,0,99.0
10109777SILVAK_2025-04-23_G37,10109777SILVAK,2025-04-23,117854,1,2,0,107.0
10109777SILVAK_2025-04-23_G38,10109777SILVAK,2025-04-23,117854,1,2,0,57.0
10109777SILVAK_2025-04-23_G39,10109777SILVAK,2025-04-23,111330,1,4,0,146.0
10109777SILVAK_2025-04-23_G40,10109777SILVAK,2025-04-23,117808,1,6,0,121.0
10109777SILVAK_2025-04-23_G41,10109777SILVAK,2025-04-23,107830,1,2,0,160.0
10109777SILVAK_2025-04-23_G42,10109777SILVAK,2025-04-23,111468,2,12,6,223.0
10109777SILVAK_2025-04-23_G43,10109777SILVAK,2025-04-23,117785,1,63,0,793.0
10109777SILVAK_2025-04-23_G44,10109777SILVAK,2025-04-23,111430,1,6,0,229.0
10109777SILVAK_2025-04-23_G45,10109777SILVAK,2025-04-23,111569,1,5,0,171.0
10109777SILVAK_2025-04-23_G46,10109777SILVAK,2025-04-23,111438,1,1,0,105.0
10109777SILVAK_2025-04-23_G47,10109777SILVAK,2025-04-23,117935,1,1,0,101.0
10109777SILVAK_2025-04-23_G48,10109777SILVAK,2025-04-23,117855,1,2,0,132.0
10109777SILVAK_2025-04-23_G49,10109777SILVAK,2025-04-23,109640,1,12,0,50.0
10109777SILVAK_2025-04-23_G50,10109777SILVAK,2025-04-23,111463,1,5,0,296.0
10109777SILVAK_2025-04-23_G51,10109777SILVAK,2025-04-23,111466,1,8,0,69.0
10109777SILVAK_2025-04-23_G52,10109777SILVAK,2025-04-23,118140,1,22,0,136.0
10109777SILVAK_2025-04-23_G53,10109777SILVAK,2025-04-23,110787,1,6,0,193.0
10109777SILVAK_2025-04-23_G54,10109777SILVAK,2025-04-23,111418,1,21,0,366.0
10109777SILVAK_2025-04-23_G55,10109777SILVAK,2025-04-23,110371,1,13,0,156.0
10109777SILVAK_2025-04-23_G56,10109777SILVAK,2025-04-23,117820,1,1,0,134.0
10109777SILVAK_2025-04-23_G57,10109777SILVAK,2025-04-23,110372,1,34,0,70.0
10109777SILVAK_2025-04-23_G58,10109777SILVAK,2025-04-23,110373,1,35,0,575.0
10109777SILVAK_2025-04-24_G02,10109777SILVAK,2025-04-24,117854,1,4,0,118.0
10109777SILVAK_2025-04-24_G03,10109777SILVAK,2025-04-24,111737,1,1,0,2416.0
10109777SILVAK_2025-04-24_G04,10109777SILVAK,2025-04-24,111755,1,12,0,928.0
10109777SILVAK_2025-04-24_G05,10109777SILVAK,2025-04-24,111751,1,18,0,1858.0
10109777SILVAK_2025-04-24_G06,10109777SILVAK,2025-04-24,111751,1,12,0,221.0
10109777SILVAK_2025-04-24_G07,10109777SILVAK,2025-04-24,111740,1,2,0,268.0
10109777SILVAK_2025-04-24_G08,10109777SILVAK,2025-04-24,118191,1,40,0,981.0
10109777SILVAK_2025-04-24_G09,10109777SILVAK,2025-04-24,111634,1,30,0,640.0
10109777SILVAK_2025-04-24_G10,10109777SILVAK,2025-04-24,141262,1,8,0,713.0
10109777SILVAK_2025-04-24_G11,10109777SILVAK,2025-04-24,111751,2,6,8,118.0
10109777SILVAK_2025-04-24_G12,10109777SILVAK,2025-04-24,111430,2,8,6,303.0
10109777SILVAK_2025-04-24_G13,10109777SILVAK,2025-04-24,109647,1,5,0,123.0
10109777SILVAK_2025-04-24_G14,10109777SILVAK,2025-04-24,117787,1,8,0,190.0
10109777SILVAK_2025-04-24_G15,10109777SILVAK,2025-04-24,111430,2,13,9,375.0
10109777SILVAK_2025-04-24_G16,10109777SILVAK,2025-04-24,109647,1,4,0,109.0
10109777SILVAK_2025-04-24_G17,10109777SILVAK,2025-04-24,111330,1,6,0,201.0
10109777SILVAK_2025-04-24_G18,10109777SILVAK,2025-04-24,111530,1,4,0,539.0
10109777SILVAK_2025-04-24_G19,10109777SILVAK,2025-04-24,111751,1,8,0,231.0
10109777SILVAK_2025-04-24_G20,10109777SILVAK,2025-04-24,118299,1,24,0,271.0
10109777SILVAK_2025-04-24_G21,10109777SILVAK,2025-04-24,111722,2,50,9,673.0
10109777SILVAK_2025-04-24_G22,10109777SILVAK,2025-04-24,118191,2,18,5,368.0
10109777SILVAK_2025-04-24_G23,10109777SILVAK,2025-04-24,111726,1,8,0,350.0
10109777SILVAK_2025-04-24_G24,10109777SILVAK,2025-04-24,118094,1,9,0,2005.0
10109777SILVAK_2025-04-24_G25,10109777SILVAK,2025-04-24,118094,1,8,0,31.0
10109777SILVAK_2025-04-24_G26,10109777SILVAK,2025-04-24,111211,1,1,0,285.0
10109777SILVAK_2025-04-24_G27,10109777SILVAK,2025-04-24,110373,1,3,0,630.0
10109777SILVAK_2025-04-24_G28,10109777SILVAK,2025-04-24,110711,1,4,0,65.0
10109777SILVAK_2025-04-24_G29,10109777SILVAK,2025-04-24,111602,1,4,0,130.0
10109777SILVAK_2025-04-24_G30,10109777SILVAK,2025-04-24,118094,1,1,0,274.0
10109777SILVAK_2025-04-24_G31,10109777SILVAK,2025-04-24,141047,1,4,0,118.0
10109777SILVAK_2025-04-24_G32,10109777SILVAK,2025-04-24,111466,1,8,0,289.0
10109777SILVAK_2025-04-25_G02,10109777SILVAK,2025-04-25,110531,1,3,0,194.0
10109777SILVAK_2025-04-25_G03,10109777SILVAK,2025-04-25,118364,1,4,0,174.0
10109777SILVAK_2025-04-25_G04,10109777SILVAK,2025-04-25,117835,1,20,0,442.0
10109777SILVAK_2025-04-25_G05,10109777SILVAK,2025-04-25,107254,1,10,0,236.0
10109777SILVAK_2025-04-25_G06,10109777SILVAK,2025-04-25,140911,1,20,0,687.0
10109777SILVAK_2025-04-25_G07,10109777SILVAK,2025-04-25,103148,1,2,0,162.0
10109777SILVAK_2025-04-25_G08,10109777SILVAK,2025-04-25,118306,1,23,0,758.0
10109777SILVAK_2025-04-25_G09,10109777SILVAK,2025-04-25,118222,1,30,0,276.0
10109777SILVAK_2025-04-25_G10,10109777SILVAK,2025-04-25,117832,1,60,0,555.0
10109777SILVAK_2025-04-25_G11,10109777SILVAK,2025-04-25,117835,1,6,0,2243.0
10109777SILVAK_2025-04-25_G12,10109777SILVAK,2025-04-25,117861,1,10,0,317.0
10109777SILVAK_2025-04-25_G13,10109777SILVAK,2025-04-25,118403,1,10,0,245.0
10109777SILVAK_2025-04-25_G14,10109777SILVAK,2025-04-25,117856,1,10,0,156.0
10109777SILVAK_2025-04-25_G15,10109777SILVAK,2025-04-25,110374,1,20,0,796.0
10109777SILVAK_2025-04-25_G16,10109777SILVAK,2025-04-25,111569,1,4,0,685.0
10109777SILVAK_2025-04-25_G17,10109777SILVAK,2025-04-25,110895,1,2,0,94.0
10109777SILVAK_2025-04-25_G18,10109777SILVAK,2025-04-25,109647,1,2,0,168.0
10109777SILVAK_2025-04-25_G19,10109777SILVAK,2025-04-25,111530,1,2,0,84.0
10109777SILVAK_2025-04-25_G20,10109777SILVAK,2025-04-25,118094,1,1,0,125.0
10109777SILVAK_2025-04-25_G21,10109777SILVAK,2025-04-25,110313,1,2,0,80.0
10109777SILVAK_2025-04-25_G22,10109777SILVAK,2025-04-25,"118403, 117855",2,4,25,106.0
10109777SILVAK_2025-04-25_G23,10109777SILVAK,2025-04-25,111467,1,1,0,65.0
10109777SILVAK_2025-04-25_G24,10109777SILVAK,2025-04-25,108772,1,2,0,143.0
10109777SILVAK_2025-04-25_G25,10109777SILVAK,2025-04-25,117854,1,4,0,133.0
10109777SILVAK_2025-04-25_G26,10109777SILVAK,2025-04-25,111602,1,2,0,348.0
10109777SILVAK_2025-04-25_G27,10109777SILVAK,2025-04-25,108794,1,2,0,94.0
10109777SILVAK_2025-04-25_G28,10109777SILVAK,2025-04-25,110373,1,6,0,74.0
10109777SILVAK_2025-04-25_G29,10109777SILVAK,2025-04-25,117809,1,6,0,177.0
10109777SILVAK_2025-04-25_G30,10109777SILVAK,2025-04-25,117787,1,4,0,64.0
10109777SILVAK_2025-04-25_G31,10109777SILVAK,2025-04-25,118299,1,10,0,172.0
10109777SILVAK_2025-04-25_G32,10109777SILVAK,2025-04-25,140922,1,2,0,103.0
10109777SILVAK_2025-04-25_G33,10109777SILVAK,2025-04-25,110313,1,5,0,409.0
10109777SILVAK_2025-04-25_G34,10109777SILVAK,2025-04-25,108795,1,5,0,170.0
10109777SILVAK_2025-04-25_G35,10109777SILVAK,2025-04-25,118140,1,4,0,101.0
10109777SILVAK_2025-04-25_G36,10109777SILVAK,2025-04-25,111602,1,8,0,147.0
10109777SILVAK_2025-04-25_G37,10109777SILVAK,2025-04-25,110733,1,4,0,96.0
10109777SILVAK_2025-04-25_G38,10109777SILVAK,2025-04-25,118094,1,4,0,477.0
10109777SILVAK_2025-04-25_G39,10109777SILVAK,2025-04-25,108772,1,10,0,303.0
10109777SILVAK_2025-04-25_G40,10109777SILVAK,2025-04-25,111172,1,2,0,143.0
10109777SILVAK_2025-04-25_G41,10109777SILVAK,2025-04-25,110740,1,6,0,216.0
10109777SILVAK_2025-04-25_G42,10109777SILVAK,2025-04-25,111468,1,9,0,302.0
10109777SILVAK_2025-04-25_G43,10109777SILVAK,2025-04-25,117787,1,2,0,234.0
10109777SILVAK_2025-04-25_G44,10109777SILVAK,2025-04-25,111530,1,4,0,157.0
10109777SILVAK_2025-04-25_G45,10109777SILVAK,2025-04-25,117808,1,100,0,534.0
10109777SILVAK_2025-04-25_G46,10109777SILVAK,2025-04-25,110374,1,10,0,404.0
10109777SILVAK_2025-04-25_G47,10109777SILVAK,2025-04-25,118299,1,100,0,85.0
10109777SILVAK_2025-04-25_G48,10109777SILVAK,2025-04-25,117820,1,30,0,845.0
10109777SILVAK_2025-04-25_G49,10109777SILVAK,2025-04-25,111530,1,4,0,1109.0
10109777SILVAK_2025-04-25_G50,10109777SILVAK,2025-04-25,111530,1,5,0,81.0
10109777SILVAK_2025-04-25_G51,10109777SILVAK,2025-04-25,118094,1,19,0,183.0
10109777SILVAK_2025-04-25_G52,10109777SILVAK,2025-04-25,111330,1,8,0,91.0
10109777SILVAK_2025-04-25_G54,10109777SILVAK,2025-04-25,111530,1,4,0,450.0
10109777SILVAK_2025-04-25_G55,10109777SILVAK,2025-04-25,111569,1,4,0,141.0
10109777SILVAK_2025-04-25_G56,10109777SILVAK,2025-04-25,110752,1,2,0,95.0
10109777SILVAK_2025-04-25_G57,10109777SILVAK,2025-04-25,109937,1,2,0,126.0
10109777SILVAK_2025-04-25_G58,10109777SILVAK,2025-04-25,110313,1,4,0,789.0
10109777SILVAK_2025-04-25_G59,10109777SILVAK,2025-04-25,110376,1,2,0,270.0
10109777SILVAK_2025-04-25_G60,10109777SILVAK,2025-04-25,110372,1,14,0,422.0
10109777SILVAK_2025-04-25_G61,10109777SILVAK,2025-04-25,110373,1,16,0,87.0
10109777SILVAK_2025-04-25_G62,10109777SILVAK,2025-04-25,117808,1,13,0,177.0
10109777SILVAK_2025-04-25_G63,10109777SILVAK,2025-04-25,118299,1,3,0,164.0
10109777SILVAK_2025-04-25_G64,10109777SILVAK,2025-04-25,110371,1,1,0,107.0
10109777SILVAK_2025-04-25_G65,10109777SILVAK,2025-04-25,110376,1,2,0,207.0
10109777SILVAK_2025-04-25_G66,10109777SILVAK,2025-04-25,111468,1,4,0,236.0
10109777SILVAK_2025-04-25_G67,10109777SILVAK,2025-04-25,117787,1,1,0,139.0
10109777SILVAK_2025-04-25_G68,10109777SILVAK,2025-04-25,111530,1,4,0,156.0
10109777SILVAK_2025-04-25_G69,10109777SILVAK,2025-04-25,110339,1,8,0,143.0
10109777SILVAK_2025-04-25_G70,10109777SILVAK,2025-04-25,111348,1,4,0,319.0
10109777SILVAK_2025-04-25_G71,10109777SILVAK,2025-04-25,111465,1,2,0,184.0
10109777SILVAK_2025-04-25_G72,10109777SILVAK,2025-04-25,111441,1,4,0,58.0
10109777SILVAK_2025-04-25_G73,10109777SILVAK,2025-04-25,118306,1,6,0,241.0
10109777SILVAK_2025-04-25_G74,10109777SILVAK,2025-04-25,111850,1,4,0,134.0
10109777SILVAK_2025-04-25_G75,10109777SILVAK,2025-04-25,111569,1,11,0,135.0
10109777SILVAK_2025-04-25_G76,10109777SILVAK,2025-04-25,111182,1,4,0,105.0
10109777SILVAK_2025-04-25_G77,10109777SILVAK,2025-04-25,111444,1,4,0,190.0
10109777SILVAK_2025-04-25_G78,10109777SILVAK,2025-04-25,109643,1,8,0,192.0
10109777SILVAK_2025-04-25_G79,10109777SILVAK,2025-04-25,111445,1,4,0,408.0
10109777SILVAK_2025-04-25_G80,10109777SILVAK,2025-04-25,117785,1,3,0,45.0
10109777SILVAK_2025-04-25_G81,10109777SILVAK,2025-04-25,111530,1,2,0,117.0
10109777SILVAK_2025-04-25_G82,10109777SILVAK,2025-04-25,108772,1,4,0,559.0
10109777SILVAK_2025-04-25_G83,10109777SILVAK,2025-04-25,110711,1,24,0,183.0
10109777SILVAK_2025-04-25_G84,10109777SILVAK,2025-04-25,109643,1,6,0,332.0
10109777SILVAK_2025-04-25_G85,10109777SILVAK,2025-04-25,111445,1,2,0,145.0
10109777SILVAK_2025-04-26_G02,10109777SILVAK,2025-04-26,118222,1,4,0,179.0
10109777SILVAK_2025-04-26_G03,10109777SILVAK,2025-04-26,111530,1,6,0,50.0
10109777SILVAK_2025-04-26_G04,10109777SILVAK,2025-04-26,117854,1,2,0,491.0
10109777SILVAK_2025-04-26_G05,10109777SILVAK,2025-04-26,111182,1,1,0,205.0
10109777SILVAK_2025-04-26_G06,10109777SILVAK,2025-04-26,111660,2,2,15,269.0
10109777SILVAK_2025-04-26_G07,10109777SILVAK,2025-04-26,118094,1,5,0,172.0
10109777SILVAK_2025-04-26_G08,10109777SILVAK,2025-04-26,109643,2,30,7,105.0
10109777SILVAK_2025-04-26_G09,10109777SILVAK,2025-04-26,111430,2,5,6,2534.0
10109777SILVAK_2025-04-26_G10,10109777SILVAK,2025-04-26,111569,1,4,0,161.0
10109777SILVAK_2025-04-26_G11,10109777SILVAK,2025-04-26,110747,1,1,0,38.0
10109777SILVAK_2025-04-26_G12,10109777SILVAK,2025-04-26,111660,1,5,0,45.0
10109777SILVAK_2025-04-26_G13,10109777SILVAK,2025-04-26,110742,1,2,0,230.0
10109777SILVAK_2025-04-26_G14,10109777SILVAK,2025-04-26,111438,2,9,10,226.0
10109777SILVAK_2025-04-26_G15,10109777SILVAK,2025-04-26,110534,1,1,0,176.0
10109777SILVAK_2025-04-26_G16,10109777SILVAK,2025-04-26,110895,1,4,0,105.0
10109777SILVAK_2025-04-26_G17,10109777SILVAK,2025-04-26,141047,1,6,0,285.0
10109777SILVAK_2025-04-26_G18,10109777SILVAK,2025-04-26,111876,1,5,0,59.0
10109777SILVAK_2025-04-26_G19,10109777SILVAK,2025-04-26,110313,1,1,0,46.0
10109777SILVAK_2025-04-26_G20,10109777SILVAK,2025-04-26,117935,2,10,28,111.0
10109777SILVAK_2025-04-26_G21,10109777SILVAK,2025-04-26,117855,1,5,0,105.0
10109777SILVAK_2025-04-26_G22,10109777SILVAK,2025-04-26,111467,1,1,0,33.0
10109777SILVAK_2025-04-26_G23,10109777SILVAK,2025-04-26,117856,1,9,0,51.0
10109777SILVAK_2025-04-26_G24,10109777SILVAK,2025-04-26,108772,2,11,7,185.0
10109777SILVAK_2025-04-26_G25,10109777SILVAK,2025-04-26,117854,2,2,6,87.0
10109777SILVAK_2025-04-26_G26,10109777SILVAK,2025-04-26,109640,2,5,8,60.0
10109777SILVAK_2025-04-26_G27,10109777SILVAK,2025-04-26,111530,3,19,18,353.0
10109777SILVAK_2025-04-26_G28,10109777SILVAK,2025-04-26,117820,1,1,0,270.0
10109777SILVAK_2025-04-26_G29,10109777SILVAK,2025-04-26,117832,1,5,0,78.0
10109777SILVAK_2025-04-26_G30,10109777SILVAK,2025-04-26,110372,1,4,0,60.0
10109777SILVAK_2025-04-26_G31,10109777SILVAK,2025-04-26,110375,1,5,0,183.0
10109777SILVAK_2025-04-26_G32,10109777SILVAK,2025-04-26,110373,1,9,0,219.0
10109777SILVAK_2025-04-26_G33,10109777SILVAK,2025-04-26,"117808, 117809",2,8,19,154.0
10109777SILVAK_2025-04-26_G34,10109777SILVAK,2025-04-26,111469,2,10,8,118.0
10109777SILVAK_2025-04-26_G35,10109777SILVAK,2025-04-26,117785,1,5,0,124.0
10109777SILVAK_2025-04-26_G36,10109777SILVAK,2025-04-26,111418,1,9,0,64.0
10109777SILVAK_2025-04-26_G37,10109777SILVAK,2025-04-26,110372,1,38,0,436.0
10109777SILVAK_2025-04-26_G38,10109777SILVAK,2025-04-26,111466,1,21,0,96.0
10109777SILVAK_2025-04-26_G39,10109777SILVAK,2025-04-26,108794,1,1,0,147.0
10109777SILVAK_2025-04-26_G40,10109777SILVAK,2025-04-26,111462,1,3,0,47.0
10109777SILVAK_2025-04-26_G41,10109777SILVAK,2025-04-26,109645,1,2,0,80.0
10109777SILVAK_2025-04-26_G42,10109777SILVAK,2025-04-26,"118140, 111330",2,9,26,96.0
10109777SILVAK_2025-04-26_G43,10109777SILVAK,2025-04-26,110787,1,2,0,96.0
10109777SILVAK_2025-04-26_G44,10109777SILVAK,2025-04-26,111465,1,1,0,48.0
10109777SILVAK_2025-04-26_G45,10109777SILVAK,2025-04-26,110755,1,4,0,1307.0
10109777SILVAK_2025-04-26_G46,10109777SILVAK,2025-04-26,118140,1,2,0,118.0
10109777SILVAK_2025-04-26_G47,10109777SILVAK,2025-04-26,110313,1,26,0,500.0
10109777SILVAK_2025-04-26_G48,10109777SILVAK,2025-04-26,140911,1,4,0,267.0
10109777SILVAK_2025-04-26_G49,10109777SILVAK,2025-04-26,110515,1,6,0,137.0
10109777SILVAK_2025-04-26_G50,10109777SILVAK,2025-04-26,111530,1,8,0,394.0
10109777SILVAK_2025-04-26_G51,10109777SILVAK,2025-04-26,111530,1,7,0,36.0
10109777SILVAK_2025-04-26_G52,10109777SILVAK,2025-04-26,111530,1,6,0,69.0
10109777SILVAK_2025-04-26_G53,10109777SILVAK,2025-04-26,107629,1,3,0,207.0
10109777SILVAK_2025-04-26_G54,10109777SILVAK,2025-04-26,110733,1,2,0,105.0
10109777SILVAK_2025-04-26_G55,10109777SILVAK,2025-04-26,117786,1,4,0,83.0
10109777SILVAK_2025-04-26_G56,10109777SILVAK,2025-04-26,110515,1,2,0,32.0
10109777SILVAK_2025-04-26_G57,10109777SILVAK,2025-04-26,111602,1,15,0,197.0
10109777SILVAK_2025-04-26_G58,10109777SILVAK,2025-04-26,111743,1,6,0,429.0
10109777SILVAK_2025-04-26_G59,10109777SILVAK,2025-04-26,111468,1,12,0,123.0
10109777SILVAK_2025-04-26_G60,10109777SILVAK,2025-04-26,108795,1,2,0,47.0
10109777SILVAK_2025-04-26_G61,10109777SILVAK,2025-04-26,111463,1,4,0,94.0
10109777SILVAK_2025-04-26_G62,10109777SILVAK,2025-04-26,111469,1,11,0,118.0
10109777SILVAK_2025-04-26_G64,10109777SILVAK,2025-04-26,117785,1,14,0,374.0
10109777SILVAK_2025-04-26_G65,10109777SILVAK,2025-04-26,111418,1,8,0,149.0
10109777SILVAK_2025-04-26_G66,10109777SILVAK,2025-04-26,117787,1,8,0,99.0
10109777SILVAK_2025-04-26_G67,10109777SILVAK,2025-04-26,111532,1,4,0,100.0
10109777SILVAK_2025-04-26_G68,10109777SILVAK,2025-04-26,117833,1,12,0,78.0
10109777SILVAK_2025-04-26_G69,10109777SILVAK,2025-04-26,"108794, 111462",2,11,24,165.0
10109777SILVAK_2025-04-26_G70,10109777SILVAK,2025-04-26,109645,1,1,0,163.0
10109777SILVAK_2025-04-26_G71,10109777SILVAK,2025-04-26,110740,1,8,0,151.0
10109777SILVAK_2025-04-26_G72,10109777SILVAK,2025-04-26,118140,1,12,0,343.0
10109777SILVAK_2025-04-26_G73,10109777SILVAK,2025-04-26,"110787, 111465",2,11,5,139.0
10109777SILVAK_2025-04-26_G74,10109777SILVAK,2025-04-26,117808,1,10,0,141.0
10109777SILVAK_2025-04-26_G75,10109777SILVAK,2025-04-26,118299,1,1,0,172.0
10109777SILVAK_2025-04-26_G76,10109777SILVAK,2025-04-26,110372,1,25,0,157.0
10109777SILVAK_2025-04-26_G77,10109777SILVAK,2025-04-26,110373,1,24,0,221.0
10109777SILVAK_2025-04-26_G78,10109777SILVAK,2025-04-26,110375,1,12,0,184.0
10109777SILVAK_2025-04-26_G79,10109777SILVAK,2025-04-26,107830,1,7,0,154.0
10109777SILVAK_2025-04-26_G80,10109777SILVAK,2025-04-26,110371,1,8,0,90.0
10109777SILVAK_2025-04-26_G81,10109777SILVAK,2025-04-26,117820,1,12,0,358.0
10109777SILVAK_2025-04-26_G82,10109777SILVAK,2025-04-26,111469,1,4,0,759.0
10109777SILVAK_2025-04-26_G83,10109777SILVAK,2025-04-26,111530,1,8,0,300.0
10109777SILVAK_2025-04-26_G84,10109777SILVAK,2025-04-26,118094,1,4,0,39.0
10109777SILVAK_2025-04-28_G02,10109777SILVAK,2025-04-28,117853,1,4,0,353.0
10109777SILVAK_2025-04-28_G03,10109777SILVAK,2025-04-28,140922,1,2,0,164.0
10109777SILVAK_2025-04-28_G04,10109777SILVAK,2025-04-28,118299,1,11,0,87.0
10109777SILVAK_2025-04-28_G05,10109777SILVAK,2025-04-28,110376,1,4,0,187.0
10109777SILVAK_2025-04-28_G06,10109777SILVAK,2025-04-28,111444,1,2,0,198.0
10109777SILVAK_2025-04-28_G07,10109777SILVAK,2025-04-28,111418,1,2,0,54.0
10109777SILVAK_2025-04-28_G08,10109777SILVAK,2025-04-28,111466,1,5,0,121.0
10109777SILVAK_2025-04-28_G09,10109777SILVAK,2025-04-28,117820,1,3,0,113.0
10109777SILVAK_2025-04-28_G10,10109777SILVAK,2025-04-28,110372,1,4,0,116.0
10109777SILVAK_2025-04-28_G11,10109777SILVAK,2025-04-28,111602,1,2,0,83.0
10109777SILVAK_2025-04-28_G12,10109777SILVAK,2025-04-28,110373,1,4,0,87.0
10109777SILVAK_2025-04-28_G13,10109777SILVAK,2025-04-28,"117808, 117809",2,9,27,74.0
10109777SILVAK_2025-04-28_G14,10109777SILVAK,2025-04-28,111876,1,4,0,1159.0
10109777SILVAK_2025-04-28_G15,10109777SILVAK,2025-04-28,110339,1,4,0,111.0
10109777SILVAK_2025-04-28_G16,10109777SILVAK,2025-04-28,110313,1,2,0,103.0
10109777SILVAK_2025-04-28_G17,10109777SILVAK,2025-04-28,111463,1,1,0,66.0
10109777SILVAK_2025-04-28_G18,10109777SILVAK,2025-04-28,117820,1,2,0,87.0
10109777SILVAK_2025-04-28_G19,10109777SILVAK,2025-04-28,110371,1,3,0,127.0
10109777SILVAK_2025-04-28_G20,10109777SILVAK,2025-04-28,111418,1,4,0,175.0
10109777SILVAK_2025-04-28_G21,10109777SILVAK,2025-04-28,111466,1,6,0,135.0
10109777SILVAK_2025-04-28_G22,10109777SILVAK,2025-04-28,117832,1,1,0,1332.0
10109777SILVAK_2025-04-28_G23,10109777SILVAK,2025-04-28,110372,1,15,0,43.0
10109777SILVAK_2025-04-28_G24,10109777SILVAK,2025-04-28,117830,1,6,0,126.0
10109777SILVAK_2025-04-28_G25,10109777SILVAK,2025-04-28,108794,1,2,0,109.0
10109777SILVAK_2025-04-28_G26,10109777SILVAK,2025-04-28,111348,1,2,0,55.0
10109777SILVAK_2025-04-28_G27,10109777SILVAK,2025-04-28,110711,1,2,0,98.0
10109777SILVAK_2025-04-28_G28,10109777SILVAK,2025-04-28,110373,1,4,0,47.0
10109777SILVAK_2025-04-28_G29,10109777SILVAK,2025-04-28,117808,1,14,0,94.0
10109777SILVAK_2025-04-28_G30,10109777SILVAK,2025-04-28,117809,1,6,0,139.0
10109777SILVAK_2025-04-28_G31,10109777SILVAK,2025-04-28,118299,1,11,0,71.0
10109777SILVAK_2025-04-28_G32,10109777SILVAK,2025-04-28,111467,1,2,0,278.0
10109777SILVAK_2025-04-28_G33,10109777SILVAK,2025-04-28,117786,1,4,0,139.0
10109777SILVAK_2025-04-28_G34,10109777SILVAK,2025-04-28,118140,1,16,0,375.0
10109777SILVAK_2025-04-28_G35,10109777SILVAK,2025-04-28,110313,1,12,0,304.0
10109777SILVAK_2025-04-28_G36,10109777SILVAK,2025-04-28,107629,1,5,0,152.0
10109777SILVAK_2025-04-28_G37,10109777SILVAK,2025-04-28,110743,1,4,0,356.0
10109777SILVAK_2025-04-28_G38,10109777SILVAK,2025-04-28,111465,1,5,0,138.0
10109777SILVAK_2025-04-28_G39,10109777SILVAK,2025-04-28,110740,1,2,0,68.0
10109777SILVAK_2025-04-28_G40,10109777SILVAK,2025-04-28,110787,1,1,0,105.0
10109777SILVAK_2025-04-28_G41,10109777SILVAK,2025-04-28,"117832, 110372",2,11,14,493.0
10109777SILVAK_2025-04-28_G42,10109777SILVAK,2025-04-28,110373,1,1,0,56.0
10109777SILVAK_2025-04-28_G43,10109777SILVAK,2025-04-28,111463,1,3,0,242.0
10109777SILVAK_2025-04-28_G44,10109777SILVAK,2025-04-28,111469,1,5,0,81.0
10109777SILVAK_2025-04-28_G45,10109777SILVAK,2025-04-28,110313,1,4,0,55.0
10109777SILVAK_2025-04-28_G46,10109777SILVAK,2025-04-28,110895,1,12,0,296.0
10109777SILVAK_2025-04-28_G47,10109777SILVAK,2025-04-28,108794,1,1,0,187.0
10109777SILVAK_2025-04-28_G48,10109777SILVAK,2025-04-28,109643,1,10,0,409.0
10109777SILVAK_2025-04-28_G49,10109777SILVAK,2025-04-28,117820,1,20,0,247.0
10109777SILVAK_2025-04-28_G50,10109777SILVAK,2025-04-28,110371,1,10,0,241.0
10109777SILVAK_2025-04-28_G51,10109777SILVAK,2025-04-28,111876,1,2,0,86.0
10109777SILVAK_2025-04-28_G52,10109777SILVAK,2025-04-28,110756,1,4,0,412.0
10109777SILVAK_2025-04-28_G53,10109777SILVAK,2025-04-28,111330,1,4,0,122.0
10109777SILVAK_2025-04-28_G54,10109777SILVAK,2025-04-28,117861,1,6,0,512.0
10109777SILVAK_2025-04-28_G55,10109777SILVAK,2025-04-28,110733,1,5,0,81.0
10109777SILVAK_2025-04-28_G56,10109777SILVAK,2025-04-28,111530,1,10,0,131.0
10109777SILVAK_2025-04-28_G57,10109777SILVAK,2025-04-28,117853,1,13,0,39.0
10109777SILVAK_2025-04-28_G58,10109777SILVAK,2025-04-28,117855,1,19,0,176.0
10109777SILVAK_2025-04-28_G59,10109777SILVAK,2025-04-28,109647,1,4,0,269.0
10109777SILVAK_2025-04-28_G60,10109777SILVAK,2025-04-28,109640,1,15,0,111.0
10109777SILVAK_2025-04-28_G61,10109777SILVAK,2025-04-28,111462,1,5,0,565.0
10109777SILVAK_2025-04-28_G62,10109777SILVAK,2025-04-28,111330,1,3,0,42.0
10109777SILVAK_2025-04-28_G63,10109777SILVAK,2025-04-28,111172,1,8,0,45.0
10109777SILVAK_2025-04-28_G64,10109777SILVAK,2025-04-28,111430,1,16,0,1214.0
10109777SILVAK_2025-04-28_G65,10109777SILVAK,2025-04-28,111569,1,6,0,72.0
10109777SILVAK_2025-04-28_G66,10109777SILVAK,2025-04-28,110747,1,8,0,123.0
10109777SILVAK_2025-04-28_G67,10109777SILVAK,2025-04-28,111660,1,4,0,227.0
10109777SILVAK_2025-04-28_G68,10109777SILVAK,2025-04-28,110742,1,4,0,181.0
10109777SILVAK_2025-04-28_G69,10109777SILVAK,2025-04-28,111445,1,2,0,836.0
10109777SILVAK_2025-04-28_G70,10109777SILVAK,2025-04-28,111438,1,4,0,92.0
10109777SILVAK_2025-04-28_G71,10109777SILVAK,2025-04-28,110895,1,12,0,196.0
10109777SILVAK_2025-04-28_G72,10109777SILVAK,2025-04-28,"111876, 110339",2,8,23,537.0
10109777SILVAK_2025-04-28_G73,10109777SILVAK,2025-04-28,110756,1,4,0,170.0
10109777SILVAK_2025-04-28_G74,10109777SILVAK,2025-04-28,117837,1,4,0,940.0
10109777SILVAK_2025-04-28_G75,10109777SILVAK,2025-04-28,111467,1,8,0,197.0
10109777SILVAK_2025-04-28_G76,10109777SILVAK,2025-04-28,110752,1,1,0,53.0
10109777SILVAK_2025-04-28_G77,10109777SILVAK,2025-04-28,109640,2,17,12,61.0
10109777SILVAK_2025-04-28_G78,10109777SILVAK,2025-04-28,118094,1,18,0,826.0
10109777SILVAK_2025-04-28_G79,10109777SILVAK,2025-04-28,117855,1,7,0,289.0
10109777SILVAK_2025-04-28_G81,10109777SILVAK,2025-04-28,117785,1,602,0,2252.0
10109777SILVAK_2025-04-28_G82,10109777SILVAK,2025-04-28,111444,1,60,0,402.0
10109777SILVAK_2025-04-28_G83,10109777SILVAK,2025-04-28,111444,1,4,0,46.0
10109777SILVAK_2025-04-28_G84,10109777SILVAK,2025-04-28,111444,1,25,0,140.0
10109777SILVAK_2025-04-29_G02,10109777SILVAK,2025-04-29,110372,1,20,0,272.0
10109777SILVAK_2025-04-29_G03,10109777SILVAK,2025-04-29,110373,1,32,0,231.0
10109777SILVAK_2025-04-29_G04,10109777SILVAK,2025-04-29,110374,1,50,0,1216.0
10109777SILVAK_2025-04-29_G05,10109777SILVAK,2025-04-29,111438,1,3,0,1044.0
10109777SILVAK_2025-04-29_G06,10109777SILVAK,2025-04-29,116527,1,2,0,131.0
10109777SILVAK_2025-04-29_G07,10109777SILVAK,2025-04-29,109640,1,10,0,385.0
10109777SILVAK_2025-04-29_G08,10109777SILVAK,2025-04-29,110515,2,22,8,271.0
10109777SILVAK_2025-04-29_G09,10109777SILVAK,2025-04-29,111530,1,4,0,952.0
10109777SILVAK_2025-04-29_G10,10109777SILVAK,2025-04-29,117855,1,4,0,37.0
10109777SILVAK_2025-04-29_G11,10109777SILVAK,2025-04-29,109643,3,16,13,765.0
10109777SILVAK_2025-04-29_G12,10109777SILVAK,2025-04-29,109643,2,26,19,36.0
10109777SILVAK_2025-04-29_G13,10109777SILVAK,2025-04-29,117809,1,8,0,402.0
10109777SILVAK_2025-04-29_G14,10109777SILVAK,2025-04-29,110373,1,22,0,137.0
10109777SILVAK_2025-04-29_G15,10109777SILVAK,2025-04-29,110371,1,12,0,255.0
10109777SILVAK_2025-04-29_G16,10109777SILVAK,2025-04-29,117808,1,100,0,385.0
10109777SILVAK_2025-04-29_G17,10109777SILVAK,2025-04-29,110371,1,1,0,263.0
10109777SILVAK_2025-04-29_G18,10109777SILVAK,2025-04-29,108759,1,4,0,1085.0
10109777SILVAK_2025-04-29_G19,10109777SILVAK,2025-04-29,118280,1,2,0,243.0
10109777SILVAK_2025-04-29_G20,10109777SILVAK,2025-04-29,110582,1,3,0,355.0
10109777SILVAK_2025-04-29_G21,10109777SILVAK,2025-04-29,110747,1,1,0,191.0
10109777SILVAK_2025-04-29_G22,10109777SILVAK,2025-04-29,110742,1,2,0,75.0
10109777SILVAK_2025-04-29_G23,10109777SILVAK,2025-04-29,111850,1,12,0,144.0
10109777SILVAK_2025-04-29_G24,10109777SILVAK,2025-04-29,111438,1,2,0,372.0
10109777SILVAK_2025-04-29_G25,10109777SILVAK,2025-04-29,118222,1,1,0,109.0
10109777SILVAK_2025-04-29_G26,10109777SILVAK,2025-04-29,114097,1,2,0,123.0
10109777SILVAK_2025-04-29_G27,10109777SILVAK,2025-04-29,114102,1,2,0,57.0
10109777SILVAK_2025-04-29_G28,10109777SILVAK,2025-04-29,115234,1,2,0,106.0
10109777SILVAK_2025-04-29_G29,10109777SILVAK,2025-04-29,109937,1,8,0,417.0
10109777SILVAK_2025-04-29_G30,10109777SILVAK,2025-04-29,110325,1,8,0,349.0
10109777SILVAK_2025-04-29_G31,10109777SILVAK,2025-04-29,114091,1,6,0,140.0
10109777SILVAK_2025-04-29_G32,10109777SILVAK,2025-04-29,110375,1,16,0,124.0
10109777SILVAK_2025-04-29_G33,10109777SILVAK,2025-04-29,114092,1,2,0,163.0
10109777SILVAK_2025-04-29_G34,10109777SILVAK,2025-04-29,110371,1,20,0,59.0
10109777SILVAK_2025-04-29_G35,10109777SILVAK,2025-04-29,117820,1,58,0,610.0
10109777SILVAK_2025-04-29_G36,10109777SILVAK,2025-04-29,117809,1,88,0,482.0
10109777SILVAK_2025-04-29_G37,10109777SILVAK,2025-04-29,118299,1,80,0,475.0
10109777SILVAK_2025-04-29_G38,10109777SILVAK,2025-04-29,110372,1,80,0,543.0
10109777SILVAK_2025-04-29_G39,10109777SILVAK,2025-04-29,110373,1,120,0,298.0
10109777SILVAK_2025-04-29_G40,10109777SILVAK,2025-04-29,118094,1,60,0,2544.0
10109777SILVAK_2025-04-29_G41,10109777SILVAK,2025-04-29,110371,1,6,0,387.0
10109777SILVAK_2025-04-29_G42,10109777SILVAK,2025-04-29,117820,1,352,0,236.0
10109777SILVAK_2025-04-29_G43,10109777SILVAK,2025-04-29,110376,1,26,0,133.0
10109777SILVAK_2025-04-29_G44,10109777SILVAK,2025-04-29,111743,1,5,0,764.0
10109777SILVAK_2025-04-29_G45,10109777SILVAK,2025-04-29,111468,1,2,0,112.0
10109777SILVAK_2025-04-29_G46,10109777SILVAK,2025-04-29,111435,1,1,0,40.0
10109777SILVAK_2025-04-29_G47,10109777SILVAK,2025-04-29,108795,1,4,0,102.0
10109777SILVAK_2025-04-29_G48,10109777SILVAK,2025-04-29,117831,1,10,0,96.0
10109777SILVAK_2025-04-29_G49,10109777SILVAK,2025-04-29,111463,1,16,0,37.0
10109777SILVAK_2025-04-29_G50,10109777SILVAK,2025-04-29,111469,1,4,0,153.0
10109777SILVAK_2025-04-29_G51,10109777SILVAK,2025-04-29,117821,2,12,12,53.0
10109777SILVAK_2025-04-29_G52,10109777SILVAK,2025-04-29,108711,2,18,11,115.0
10109777SILVAK_2025-04-29_G53,10109777SILVAK,2025-04-29,105705,1,2,0,139.0
10109777SILVAK_2025-04-29_G54,10109777SILVAK,2025-04-29,111466,1,12,0,256.0
10109777SILVAK_2025-04-29_G55,10109777SILVAK,2025-04-29,117833,1,3,0,149.0
10109777SILVAK_2025-04-29_G56,10109777SILVAK,2025-04-29,140922,1,6,0,98.0
10109777SILVAK_2025-04-29_G57,10109777SILVAK,2025-04-29,111172,1,5,0,81.0
10109777SILVAK_2025-04-29_G58,10109777SILVAK,2025-04-29,111418,1,25,0,97.0
10109777SILVAK_2025-04-29_G60,10109777SILVAK,2025-04-29,118140,1,10,0,128.0
10109777SILVAK_2025-04-29_G61,10109777SILVAK,2025-04-29,110745,1,1,0,43.0
10109777SILVAK_2025-04-29_G62,10109777SILVAK,2025-04-29,111442,1,2,0,145.0
10109777SILVAK_2025-04-29_G63,10109777SILVAK,2025-04-29,110740,1,8,0,160.0
10109777SILVAK_2025-04-29_G64,10109777SILVAK,2025-04-29,110787,1,10,0,271.0
10109777SILVAK_2025-04-29_G65,10109777SILVAK,2025-04-29,107236,1,6,0,159.0
10109777SILVAK_2025-04-29_G66,10109777SILVAK,2025-04-29,111462,1,15,0,618.0
10109777SILVAK_2025-04-29_G67,10109777SILVAK,2025-04-29,111463,1,150,0,1109.0
10109777SILVAK_2025-04-29_G68,10109777SILVAK,2025-04-29,111466,1,100,0,923.0
10109777SILVAK_2025-04-30_G02,10109777SILVAK,2025-04-30,117808,1,120,0,629.0
10109777SILVAK_2025-04-30_G03,10109777SILVAK,2025-04-30,110372,1,60,0,409.0
10109777SILVAK_2025-04-30_G04,10109777SILVAK,2025-04-30,117809,2,50,8,83.0
10109777SILVAK_2025-04-30_G05,10109777SILVAK,2025-04-30,118299,1,200,0,1185.0
10109777SILVAK_2025-04-30_G06,10109777SILVAK,2025-04-30,117832,1,20,0,311.0
10109777SILVAK_2025-04-30_G07,10109777SILVAK,2025-04-30,117820,1,140,0,2138.0
10109777SILVAK_2025-04-30_G08,10109777SILVAK,2025-04-30,117809,1,141,0,668.0
10109777SILVAK_2025-04-30_G09,10109777SILVAK,2025-04-30,118299,1,150,0,776.0
10109777SILVAK_2025-04-30_G10,10109777SILVAK,2025-04-30,110374,1,60,0,548.0
10109777SILVAK_2025-04-30_G11,10109777SILVAK,2025-04-30,118004,1,74,0,484.0
10109777SILVAK_2025-04-30_G13,10109777SILVAK,2025-04-30,110373,1,80,0,1298.0
10109777SILVAK_2025-04-30_G14,10109777SILVAK,2025-04-30,111660,1,40,0,1253.0
10109777SILVAK_2025-04-30_G15,10109777SILVAK,2025-04-30,110376,1,3,0,114.0
10109777SILVAK_2025-04-30_G16,10109777SILVAK,2025-04-30,110753,1,2,0,241.0
10109777SILVAK_2025-04-30_G17,10109777SILVAK,2025-04-30,107236,1,16,0,253.0
10109777SILVAK_2025-04-30_G19,10109777SILVAK,2025-04-30,118094,1,15,0,295.0
10109777SILVAK_2025-04-30_G20,10109777SILVAK,2025-04-30,108711,1,17,0,455.0
10109777SILVAK_2025-04-30_G22,10109777SILVAK,2025-04-30,117820,1,44,0,521.0
10109777SILVAK_2025-04-30_G23,10109777SILVAK,2025-04-30,111468,1,7,0,803.0
10109777SILVAK_2025-04-30_G24,10109777SILVAK,2025-04-30,118094,2,6,15,76.0
10109777SILVAK_2025-04-30_G25,10109777SILVAK,2025-04-30,110515,1,9,0,234.0
10109777SILVAK_2025-04-30_G26,10109777SILVAK,2025-04-30,111530,1,23,0,224.0
10109777SILVAK_2025-04-30_G27,10109777SILVAK,2025-04-30,111445,3,16,15,538.0
10109777SILVAK_2025-05-07_G02,10109777SILVAK,2025-05-07,117785,1,4,0,157.0
10109777SILVAK_2025-05-07_G03,10109777SILVAK,2025-05-07,111466,1,50,0,169.0
10109777SILVAK_2025-05-07_G04,10109777SILVAK,2025-05-07,140922,1,4,0,435.0
10109777SILVAK_2025-05-07_G05,10109777SILVAK,2025-05-07,110740,1,2,0,164.0
10109777SILVAK_2025-05-07_G06,10109777SILVAK,2025-05-07,107236,1,20,0,318.0
10109777SILVAK_2025-05-07_G07,10109777SILVAK,2025-05-07,118299,1,3,0,97.0
10109777SILVAK_2025-05-07_G08,10109777SILVAK,2025-05-07,111469,1,17,0,321.0
10109777SILVAK_2025-05-07_G09,10109777SILVAK,2025-05-07,110373,1,13,0,254.0
10109777SILVAK_2025-05-07_G10,10109777SILVAK,2025-05-07,110376,1,6,0,109.0
10109777SILVAK_2025-05-07_G11,10109777SILVAK,2025-05-07,117832,1,2,0,93.0
10109777SILVAK_2025-05-07_G12,10109777SILVAK,2025-05-07,110372,1,34,0,453.0
10109777SILVAK_2025-05-07_G13,10109777SILVAK,2025-05-07,111446,1,10,0,215.0
10109777SILVAK_2025-05-07_G14,10109777SILVAK,2025-05-07,110747,1,2,0,2578.0
10109777SILVAK_2025-05-07_G15,10109777SILVAK,2025-05-07,110339,1,7,0,221.0
10109777SILVAK_2025-05-07_G16,10109777SILVAK,2025-05-07,111530,1,3,0,187.0
10109777SILVAK_2025-05-07_G17,10109777SILVAK,2025-05-07,111467,1,3,0,43.0
10109777SILVAK_2025-05-07_G18,10109777SILVAK,2025-05-07,110515,1,6,0,173.0
10109777SILVAK_2025-05-07_G19,10109777SILVAK,2025-05-07,111602,1,4,0,223.0
10109777SILVAK_2025-05-07_G20,10109777SILVAK,2025-05-07,110711,1,1,0,186.0
10109777SILVAK_2025-05-07_G21,10109777SILVAK,2025-05-07,110740,1,10,0,222.0
10109777SILVAK_2025-05-07_G22,10109777SILVAK,2025-05-07,110787,1,3,0,94.0
10109777SILVAK_2025-05-07_G23,10109777SILVAK,2025-05-07,117808,1,20,0,130.0
10109777SILVAK_2025-05-07_G24,10109777SILVAK,2025-05-07,111418,1,6,0,283.0
10109777SILVAK_2025-05-07_G25,10109777SILVAK,2025-05-07,117785,1,6,0,164.0
10109777SILVAK_2025-05-07_G26,10109777SILVAK,2025-05-07,"111463, 111469",2,28,17,969.0
10109777SILVAK_2025-05-07_G27,10109777SILVAK,2025-05-07,118004,1,14,0,230.0
10109777SILVAK_2025-05-07_G28,10109777SILVAK,2025-05-07,118299,1,20,0,125.0
10109777SILVAK_2025-05-07_G29,10109777SILVAK,2025-05-07,110374,1,13,0,168.0
10109777SILVAK_2025-05-07_G30,10109777SILVAK,2025-05-07,111466,1,16,0,3476.0
10109777SILVAK_2025-05-07_G31,10109777SILVAK,2025-05-07,111430,1,2,0,226.0
10109777SILVAK_2025-05-07_G32,10109777SILVAK,2025-05-07,118094,1,2,0,83.0
10109777SILVAK_2025-05-07_G33,10109777SILVAK,2025-05-07,118403,1,8,0,267.0
10109777SILVAK_2025-05-07_G34,10109777SILVAK,2025-05-07,117786,1,20,0,1525.0
10109777SILVAK_2025-05-07_G35,10109777SILVAK,2025-05-07,"107629, 110339",2,24,12,912.0
10109777SILVAK_2025-05-07_G36,10109777SILVAK,2025-05-07,117935,1,4,0,132.0
10109777SILVAK_2025-05-07_G37,10109777SILVAK,2025-05-07,110711,1,11,0,517.0
10109777SILVAK_2025-05-07_G38,10109777SILVAK,2025-05-07,110583,1,4,0,168.0
10109777SILVAK_2025-05-07_G39,10109777SILVAK,2025-05-07,110895,1,30,0,139.0
10109777SILVAK_2025-05-07_G40,10109777SILVAK,2025-05-07,110313,1,21,0,545.0
10109777SILVAK_2025-05-07_G41,10109777SILVAK,2025-05-07,110515,1,35,0,908.0
10109777SILVAK_2025-05-07_G42,10109777SILVAK,2025-05-07,111602,1,105,0,532.0
10109777SILVAK_2025-05-07_G43,10109777SILVAK,2025-05-07,111532,1,2,0,89.0
10109777SILVAK_2025-05-07_G44,10109777SILVAK,2025-05-07,117833,1,12,0,96.0
10109777SILVAK_2025-05-07_G45,10109777SILVAK,2025-05-07,110332,1,12,0,132.0
10109777SILVAK_2025-05-07_G46,10109777SILVAK,2025-05-07,118004,1,15,0,164.0
10109777SILVAK_2025-05-07_G48,10109777SILVAK,2025-05-07,117820,1,30,0,2216.0
10109777SILVAK_2025-05-07_G49,10109777SILVAK,2025-05-07,110373,1,30,0,382.0
10109777SILVAK_2025-05-07_G50,10109777SILVAK,2025-05-07,100334,1,2,0,803.0
10109777SILVAK_2025-05-08_G02,10109777SILVAK,2025-05-08,141313,1,4,0,270.0
10109777SILVAK_2025-05-08_G03,10109777SILVAK,2025-05-08,111330,1,4,0,741.0
10109777SILVAK_2025-05-08_G04,10109777SILVAK,2025-05-08,111441,1,12,0,755.0
10109777SILVAK_2025-05-08_G05,10109777SILVAK,2025-05-08,111569,1,4,0,80.0
10109777SILVAK_2025-05-08_G06,10109777SILVAK,2025-05-08,111850,1,4,0,90.0
10109777SILVAK_2025-05-08_G07,10109777SILVAK,2025-05-08,117789,1,2,0,459.0
10109777SILVAK_2025-05-08_G08,10109777SILVAK,2025-05-08,110895,1,2,0,90.0
10109777SILVAK_2025-05-08_G09,10109777SILVAK,2025-05-08,110742,1,8,0,335.0
10109777SILVAK_2025-05-08_G10,10109777SILVAK,2025-05-08,108759,1,2,0,289.0
10109777SILVAK_2025-05-08_G11,10109777SILVAK,2025-05-08,111793,1,4,0,2153.0
10109777SILVAK_2025-05-08_G12,10109777SILVAK,2025-05-08,109974,1,5,0,155.0
10109777SILVAK_2025-05-08_G13,10109777SILVAK,2025-05-08,140957,1,2,0,150.0
10109777SILVAK_2025-05-08_G14,10109777SILVAK,2025-05-08,117837,1,2,0,172.0
10109777SILVAK_2025-05-08_G15,10109777SILVAK,2025-05-08,118403,1,2,0,309.0
10109777SILVAK_2025-05-08_G16,10109777SILVAK,2025-05-08,110756,1,2,0,334.0
10109777SILVAK_2025-05-08_G17,10109777SILVAK,2025-05-08,118298,1,2,0,371.0
10109777SILVAK_2025-05-08_G18,10109777SILVAK,2025-05-08,141047,1,4,0,476.0
10109777SILVAK_2025-05-08_G19,10109777SILVAK,2025-05-08,107629,1,2,0,47.0
10109777SILVAK_2025-05-08_G20,10109777SILVAK,2025-05-08,110339,1,2,0,61.0
10109777SILVAK_2025-05-08_G21,10109777SILVAK,2025-05-08,110733,2,20,11,218.0
10109777SILVAK_2025-05-08_G22,10109777SILVAK,2025-05-08,117935,1,2,0,1147.0
10109777SILVAK_2025-05-08_G23,10109777SILVAK,2025-05-08,110752,1,4,0,51.0
10109777SILVAK_2025-05-08_G24,10109777SILVAK,2025-05-08,117856,1,16,0,547.0
10109777SILVAK_2025-05-08_G25,10109777SILVAK,2025-05-08,109640,1,2,0,147.0
10109777SILVAK_2025-05-08_G26,10109777SILVAK,2025-05-08,110711,1,3,0,87.0
10109777SILVAK_2025-05-08_G27,10109777SILVAK,2025-05-08,110325,1,2,0,210.0
10109777SILVAK_2025-05-08_G28,10109777SILVAK,2025-05-08,117820,1,6,0,72.0
10109777SILVAK_2025-05-08_G29,10109777SILVAK,2025-05-08,118299,1,7,0,223.0
10109777SILVAK_2025-05-08_G30,10109777SILVAK,2025-05-08,110374,1,6,0,159.0
10109777SILVAK_2025-05-08_G31,10109777SILVAK,2025-05-08,117822,2,40,11,132.0
10109777SILVAK_2025-05-08_G32,10109777SILVAK,2025-05-08,110375,1,2,0,121.0
10109777SILVAK_2025-05-08_G33,10109777SILVAK,2025-05-08,110371,1,12,0,143.0
10109777SILVAK_2025-05-08_G34,10109777SILVAK,2025-05-08,117808,1,12,0,155.0
10109777SILVAK_2025-05-08_G35,10109777SILVAK,2025-05-08,117855,1,18,0,359.0
10109777SILVAK_2025-05-08_G36,10109777SILVAK,2025-05-08,109643,1,5,0,504.0
10109777SILVAK_2025-05-08_G37,10109777SILVAK,2025-05-08,110373,2,66,20,619.0
10109777SILVAK_2025-05-08_G38,10109777SILVAK,2025-05-08,117786,1,2,0,418.0
10109777SILVAK_2025-05-08_G39,10109777SILVAK,2025-05-08,110372,2,150,18,911.0
10109777SILVAK_2025-05-08_G40,10109777SILVAK,2025-05-08,110372,1,300,0,955.0
10109777SILVAK_2025-05-08_G41,10109777SILVAK,2025-05-08,107830,1,20,0,266.0
10109777SILVAK_2025-05-08_G42,10109777SILVAK,2025-05-08,108795,1,8,0,253.0
10109777SILVAK_2025-05-08_G43,10109777SILVAK,2025-05-08,111462,1,30,0,219.0
10109777SILVAK_2025-05-08_G45,10109777SILVAK,2025-05-08,100334,1,1,0,1706.0
10109777SILVAK_2025-05-08_G46,10109777SILVAK,2025-05-08,118222,1,3,0,98.0
10109777SILVAK_2025-05-08_G47,10109777SILVAK,2025-05-08,111530,1,1,0,149.0
10109777SILVAK_2025-05-08_G48,10109777SILVAK,2025-05-08,111530,1,4,0,295.0
10109777SILVAK_2025-05-08_G49,10109777SILVAK,2025-05-08,117855,1,1,0,94.0
10109777SILVAK_2025-05-08_G50,10109777SILVAK,2025-05-08,117856,1,4,0,84.0
10109777SILVAK_2025-05-08_G51,10109777SILVAK,2025-05-08,117786,1,3,0,66.0
10109777SILVAK_2025-05-08_G52,10109777SILVAK,2025-05-08,110515,1,1,0,44.0
10109777SILVAK_2025-05-08_G53,10109777SILVAK,2025-05-08,111443,1,4,0,147.0
10109777SILVAK_2025-05-08_G54,10109777SILVAK,2025-05-08,111463,1,4,0,127.0
10109777SILVAK_2025-05-08_G55,10109777SILVAK,2025-05-08,111469,1,2,0,44.0
10109777SILVAK_2025-05-08_G56,10109777SILVAK,2025-05-08,117821,1,3,0,45.0
10109777SILVAK_2025-05-08_G57,10109777SILVAK,2025-05-08,111466,1,7,0,136.0
10109777SILVAK_2025-05-08_G58,10109777SILVAK,2025-05-08,111418,1,7,0,121.0
10109777SILVAK_2025-05-08_G59,10109777SILVAK,2025-05-08,118140,1,7,0,121.0
10109777SILVAK_2025-05-08_G60,10109777SILVAK,2025-05-08,117808,1,4,0,144.0
10109777SILVAK_2025-05-08_G61,10109777SILVAK,2025-05-08,109643,1,3,0,75.0
10109777SILVAK_2025-05-08_G62,10109777SILVAK,2025-05-08,110325,1,1,0,254.0
10109777SILVAK_2025-05-08_G63,10109777SILVAK,2025-05-08,117820,1,5,0,67.0
10109777SILVAK_2025-05-08_G64,10109777SILVAK,2025-05-08,110787,1,5,0,290.0
10109777SILVAK_2025-05-08_G65,10109777SILVAK,2025-05-08,111418,1,3,0,78.0
10109777SILVAK_2025-05-08_G66,10109777SILVAK,2025-05-08,109937,1,12,0,412.0
10109777SILVAK_2025-05-08_G67,10109777SILVAK,2025-05-08,110787,1,22,0,346.0
10109777SILVAK_2025-05-08_G68,10109777SILVAK,2025-05-08,100334,1,2,0,222.0
10109777SILVAK_2025-05-08_G69,10109777SILVAK,2025-05-08,118222,1,5,0,101.0
10109777SILVAK_2025-05-08_G70,10109777SILVAK,2025-05-08,111530,1,6,0,281.0
10109777SILVAK_2025-05-08_G71,10109777SILVAK,2025-05-08,117853,1,5,0,86.0
10109777SILVAK_2025-05-08_G72,10109777SILVAK,2025-05-08,"117786, 110515",2,5,19,111.0
10109777SILVAK_2025-05-08_G73,10109777SILVAK,2025-05-08,110711,1,3,0,136.0
10109777SILVAK_2025-05-09_G02,10109777SILVAK,2025-05-09,110339,1,90,0,686.0
10109777SILVAK_2025-05-09_G03,10109777SILVAK,2025-05-09,110711,1,60,0,509.0
10109777SILVAK_2025-05-09_G04,10109777SILVAK,2025-05-09,117832,1,80,0,500.0
10109777SILVAK_2025-05-09_G06,10109777SILVAK,2025-05-09,111182,1,4,0,92.0
10109777SILVAK_2025-05-09_G07,10109777SILVAK,2025-05-09,111441,1,5,0,264.0
10109777SILVAK_2025-05-09_G08,10109777SILVAK,2025-05-09,111602,1,4,0,176.0
10109777SILVAK_2025-05-09_G09,10109777SILVAK,2025-05-09,111462,1,4,0,272.0
10109777SILVAK_2025-05-09_G10,10109777SILVAK,2025-05-09,140922,1,4,0,118.0
10109777SILVAK_2025-05-09_G11,10109777SILVAK,2025-05-09,110373,1,10,0,72.0
10109777SILVAK_2025-05-09_G12,10109777SILVAK,2025-05-09,117832,1,8,0,204.0
10109777SILVAK_2025-05-09_G13,10109777SILVAK,2025-05-09,111465,1,2,0,175.0
10109777SILVAK_2025-05-09_G14,10109777SILVAK,2025-05-09,105705,1,2,0,98.0
10109777SILVAK_2025-05-09_G15,10109777SILVAK,2025-05-09,111443,1,2,0,160.0
10109777SILVAK_2025-05-09_G16,10109777SILVAK,2025-05-09,107236,1,2,0,190.0
10109777SILVAK_2025-05-09_G17,10109777SILVAK,2025-05-09,109641,1,6,0,233.0
10109777SILVAK_2025-05-09_G18,10109777SILVAK,2025-05-09,110373,1,2,0,144.0
10109777SILVAK_2025-05-09_G19,10109777SILVAK,2025-05-09,110372,1,4,0,125.0
10109777SILVAK_2025-05-09_G21,10109777SILVAK,2025-05-09,107830,1,41,0,334.0
10109777SILVAK_2025-05-09_G22,10109777SILVAK,2025-05-09,110339,1,30,0,1865.0
10109777SILVAK_2025-05-09_G24,10109777SILVAK,2025-05-09,117837,1,50,0,1752.0
10109777SILVAK_2025-05-09_G25,10109777SILVAK,2025-05-09,117821,1,170,0,1357.0
10109777SILVAK_2025-05-09_G26,10109777SILVAK,2025-05-09,108711,1,93,0,393.0
10109777SILVAK_2025-05-09_G27,10109777SILVAK,2025-05-09,110745,1,80,0,323.0
10109777SILVAK_2025-05-09_G28,10109777SILVAK,2025-05-09,111466,1,350,0,1087.0
10109777SILVAK_2025-05-09_G29,10109777SILVAK,2025-05-09,117838,1,70,0,503.0
10109777SILVAK_2025-05-09_G30,10109777SILVAK,2025-05-09,111433,1,33,0,890.0
10109777SILVAK_2025-05-09_G31,10109777SILVAK,2025-05-09,111182,1,20,0,432.0
10109777SILVAK_2025-05-10_G02,10109777SILVAK,2025-05-10,110515,1,2,0,145.0
10109777SILVAK_2025-05-10_G03,10109777SILVAK,2025-05-10,110515,1,2,0,588.0
10109777SILVAK_2025-05-10_G04,10109777SILVAK,2025-05-10,111602,1,4,0,2827.0
10109777SILVAK_2025-05-10_G05,10109777SILVAK,2025-05-10,117785,1,2,0,125.0
10109777SILVAK_2025-05-10_G06,10109777SILVAK,2025-05-10,111463,2,5,5,89.0
10109777SILVAK_2025-05-10_G07,10109777SILVAK,2025-05-10,111466,1,3,0,101.0
10109777SILVAK_2025-05-10_G08,10109777SILVAK,2025-05-10,111418,2,11,16,124.0
10109777SILVAK_2025-05-10_G09,10109777SILVAK,2025-05-10,109645,1,2,0,146.0
10109777SILVAK_2025-05-10_G10,10109777SILVAK,2025-05-10,111465,1,4,0,78.0
10109777SILVAK_2025-05-10_G11,10109777SILVAK,2025-05-10,118299,1,3,0,475.0
10109777SILVAK_2025-05-10_G12,10109777SILVAK,2025-05-10,"110371, 117809",2,6,16,181.0
10109777SILVAK_2025-05-10_G13,10109777SILVAK,2025-05-10,110372,2,13,7,129.0
10109777SILVAK_2025-05-10_G14,10109777SILVAK,2025-05-10,110375,1,2,0,221.0
10109777SILVAK_2025-05-10_G15,10109777SILVAK,2025-05-10,110515,1,1,0,188.0
10109777SILVAK_2025-05-10_G16,10109777SILVAK,2025-05-10,109640,1,1,0,52.0
10109777SILVAK_2025-05-10_G17,10109777SILVAK,2025-05-10,111418,1,4,0,70.0
10109777SILVAK_2025-05-10_G18,10109777SILVAK,2025-05-10,111418,1,2,0,50.0
10109777SILVAK_2025-05-10_G19,10109777SILVAK,2025-05-10,110372,1,6,0,113.0
10109777SILVAK_2025-05-10_G20,10109777SILVAK,2025-05-10,111466,1,12,0,102.0
10109777SILVAK_2025-05-10_G21,10109777SILVAK,2025-05-10,117820,1,4,0,58.0
10109777SILVAK_2025-05-10_G22,10109777SILVAK,2025-05-10,"110371, 110372",2,12,29,118.0
10109777SILVAK_2025-05-10_G23,10109777SILVAK,2025-05-10,111467,2,66,9,1196.0
10109777SILVAK_2025-05-10_G24,10109777SILVAK,2025-05-10,110752,1,92,0,455.0
10109777SILVAK_2025-05-10_G25,10109777SILVAK,2025-05-10,117856,1,13,0,211.0
10109777SILVAK_2025-05-10_G26,10109777SILVAK,2025-05-10,111348,1,42,0,444.0
10109777SILVAK_2025-05-10_G27,10109777SILVAK,2025-05-10,117832,1,106,0,286.0
10109777SILVAK_2025-05-10_G28,10109777SILVAK,2025-05-10,109641,1,433,0,2815.0
10109777SILVAK_2025-05-10_G29,10109777SILVAK,2025-05-10,117821,1,76,0,157.0
10109777SILVAK_2025-05-10_G30,10109777SILVAK,2025-05-10,109641,1,10,0,2219.0
10109777SILVAK_2025-05-10_G31,10109777SILVAK,2025-05-10,140922,1,4,0,110.0
10109777SILVAK_2025-05-10_G32,10109777SILVAK,2025-05-10,111466,2,14,6,65.0
10109777SILVAK_2025-05-10_G33,10109777SILVAK,2025-05-10,111532,1,4,0,204.0
10109777SILVAK_2025-05-10_G34,10109777SILVAK,2025-05-10,117832,2,10,5,126.0
10109777SILVAK_2025-05-10_G35,10109777SILVAK,2025-05-10,117830,2,8,5,69.0
10109777SILVAK_2025-05-10_G36,10109777SILVAK,2025-05-10,117856,1,2,0,569.0
10109777SILVAK_2025-05-10_G37,10109777SILVAK,2025-05-10,117820,5,19,39,513.0
10109777SILVAK_2025-05-10_G38,10109777SILVAK,2025-05-10,111172,1,4,0,262.0
10109777SILVAK_2025-05-10_G39,10109777SILVAK,2025-05-10,110895,1,6,0,241.0
10109777SILVAK_2025-05-10_G40,10109777SILVAK,2025-05-10,118223,1,4,0,159.0
10109777SILVAK_2025-05-10_G41,10109777SILVAK,2025-05-10,110746,1,8,0,155.0
10109777SILVAK_2025-05-10_G42,10109777SILVAK,2025-05-10,110841,1,2,0,165.0
10109777SILVAK_2025-05-10_G43,10109777SILVAK,2025-05-10,107629,1,6,0,518.0
10109777SILVAK_2025-05-10_G44,10109777SILVAK,2025-05-10,"117837, 110515",2,5,18,380.0
10109777SILVAK_2025-05-10_G45,10109777SILVAK,2025-05-10,111602,1,8,0,210.0
10109777SILVAK_2025-05-10_G46,10109777SILVAK,2025-05-10,110741,1,2,0,1050.0
10109777SILVAK_2025-05-10_G48,10109777SILVAK,2025-05-10,117787,1,1,0,82.0
10109777SILVAK_2025-05-10_G49,10109777SILVAK,2025-05-10,108711,1,4,0,59.0
10109777SILVAK_2025-05-10_G50,10109777SILVAK,2025-05-10,117821,1,2,0,64.0
10109777SILVAK_2025-05-10_G51,10109777SILVAK,2025-05-10,110787,1,4,0,147.0
10109777SILVAK_2025-05-10_G52,10109777SILVAK,2025-05-10,110325,1,7,0,137.0
10109777SILVAK_2025-05-10_G53,10109777SILVAK,2025-05-10,117820,1,40,0,356.0
10109777SILVAK_2025-05-10_G54,10109777SILVAK,2025-05-10,118299,1,30,0,169.0
10109777SILVAK_2025-05-10_G55,10109777SILVAK,2025-05-10,110373,1,8,0,190.0
10109777SILVAK_2025-05-10_G56,10109777SILVAK,2025-05-10,110372,1,12,0,203.0
10109777SILVAK_2025-05-10_G57,10109777SILVAK,2025-05-10,117832,1,6,0,186.0
10109777SILVAK_2025-05-10_G58,10109777SILVAK,2025-05-10,117808,1,30,0,428.0
10109777SILVAK_2025-05-10_G59,10109777SILVAK,2025-05-10,105705,1,2,0,237.0
10109777SILVAK_2025-05-10_G60,10109777SILVAK,2025-05-10,110475,1,2,0,182.0
10109777SILVAK_2025-05-10_G61,10109777SILVAK,2025-05-10,141313,1,4,0,301.0
10109777SILVAK_2025-05-10_G62,10109777SILVAK,2025-05-10,109937,1,4,0,118.0
10109777SILVAK_2025-05-12_G02,10109777SILVAK,2025-05-12,108772,1,24,0,820.0
10109777SILVAK_2025-05-12_G03,10109777SILVAK,2025-05-12,117862,1,120,0,931.0
10109777SILVAK_2025-05-12_G04,10109777SILVAK,2025-05-12,117786,1,60,0,1354.0
10109777SILVAK_2025-05-12_G05,10109777SILVAK,2025-05-12,111602,1,108,0,632.0
10109777SILVAK_2025-05-12_G06,10109777SILVAK,2025-05-12,117861,1,30,0,34.0
10109777SILVAK_2025-05-12_G07,10109777SILVAK,2025-05-12,117856,1,40,0,429.0
10109777SILVAK_2025-05-12_G08,10109777SILVAK,2025-05-12,115773,1,13,0,1903.0
10109777SILVAK_2025-05-12_G09,10109777SILVAK,2025-05-12,118222,1,4,0,1318.0
10109777SILVAK_2025-05-12_G10,10109777SILVAK,2025-05-12,111569,1,4,0,82.0
10109777SILVAK_2025-05-12_G11,10109777SILVAK,2025-05-12,110895,1,5,0,128.0
10109777SILVAK_2025-05-12_G12,10109777SILVAK,2025-05-12,111530,1,8,0,898.0
10109777SILVAK_2025-05-12_G13,10109777SILVAK,2025-05-12,111532,1,9,0,199.0
10109777SILVAK_2025-05-12_G14,10109777SILVAK,2025-05-12,110515,1,4,0,165.0
10109777SILVAK_2025-05-12_G15,10109777SILVAK,2025-05-12,117862,1,4,0,157.0
10109777SILVAK_2025-05-12_G16,10109777SILVAK,2025-05-12,111530,1,1,0,41.0
10109777SILVAK_2025-05-12_G17,10109777SILVAK,2025-05-12,117855,1,3,0,66.0
10109777SILVAK_2025-05-12_G18,10109777SILVAK,2025-05-12,111447,1,2,0,442.0
10109777SILVAK_2025-05-12_G19,10109777SILVAK,2025-05-12,111441,1,16,0,124.0
10109777SILVAK_2025-05-12_G20,10109777SILVAK,2025-05-12,100334,1,5,0,198.0
10109777SILVAK_2025-05-12_G21,10109777SILVAK,2025-05-12,110755,1,6,0,492.0
10109777SILVAK_2025-05-12_G22,10109777SILVAK,2025-05-12,118222,1,7,0,476.0
10109777SILVAK_2025-05-12_G23,10109777SILVAK,2025-05-12,118306,1,5,0,106.0
10109777SILVAK_2025-05-12_G24,10109777SILVAK,2025-05-12,111438,1,8,0,287.0
10109777SILVAK_2025-05-12_G25,10109777SILVAK,2025-05-12,107629,1,3,0,241.0
10109777SILVAK_2025-05-12_G26,10109777SILVAK,2025-05-12,117855,1,10,0,90.0
10109777SILVAK_2025-05-12_G27,10109777SILVAK,2025-05-12,110895,1,24,0,430.0
10109777SILVAK_2025-05-12_G28,10109777SILVAK,2025-05-12,117935,1,14,0,279.0
10109777SILVAK_2025-05-12_G29,10109777SILVAK,2025-05-12,111467,1,8,0,34.0
10109777SILVAK_2025-05-12_G30,10109777SILVAK,2025-05-12,111602,2,78,12,294.0
10109777SILVAK_2025-05-12_G31,10109777SILVAK,2025-05-12,111530,1,25,0,553.0
10109777SILVAK_2025-05-12_G32,10109777SILVAK,2025-05-12,110515,1,26,0,68.0
10109777SILVAK_2025-05-12_G33,10109777SILVAK,2025-05-12,110375,1,2,0,596.0
10109777SILVAK_2025-05-12_G34,10109777SILVAK,2025-05-12,110371,1,14,0,80.0
10109777SILVAK_2025-05-12_G35,10109777SILVAK,2025-05-12,117809,1,8,0,150.0
10109777SILVAK_2025-05-12_G36,10109777SILVAK,2025-05-12,109643,1,5,0,82.0
10109777SILVAK_2025-05-12_G37,10109777SILVAK,2025-05-12,110325,1,28,0,519.0
10109777SILVAK_2025-05-12_G38,10109777SILVAK,2025-05-12,"110373, 110372",2,26,23,163.0
10109777SILVAK_2025-05-12_G39,10109777SILVAK,2025-05-12,110372,1,44,0,366.0
10109777SILVAK_2025-05-12_G40,10109777SILVAK,2025-05-12,108711,1,50,0,451.0
10109777SILVAK_2025-05-12_G41,10109777SILVAK,2025-05-12,105705,1,15,0,350.0
10109777SILVAK_2025-05-12_G42,10109777SILVAK,2025-05-12,108794,1,26,0,1062.0
10109777SILVAK_2025-05-13_G02,10109777SILVAK,2025-05-13,110515,1,12,0,142.0
10109777SILVAK_2025-05-13_G03,10109777SILVAK,2025-05-13,118140,1,4,0,255.0
10109777SILVAK_2025-05-13_G04,10109777SILVAK,2025-05-13,111172,1,4,0,61.0
10109777SILVAK_2025-05-13_G05,10109777SILVAK,2025-05-13,111330,1,4,0,214.0
10109777SILVAK_2025-05-13_G06,10109777SILVAK,2025-05-13,118317,1,8,0,115.0
10109777SILVAK_2025-05-13_G07,10109777SILVAK,2025-05-13,110787,1,20,0,55.0
10109777SILVAK_2025-05-13_G08,10109777SILVAK,2025-05-13,117820,1,12,0,377.0
10109777SILVAK_2025-05-13_G09,10109777SILVAK,2025-05-13,110373,1,12,0,159.0
10109777SILVAK_2025-05-13_G10,10109777SILVAK,2025-05-13,117808,1,50,0,860.0
10109777SILVAK_2025-05-13_G11,10109777SILVAK,2025-05-13,117808,2,36,7,598.0
10109777SILVAK_2025-05-13_G12,10109777SILVAK,2025-05-13,110373,1,14,0,239.0
10109777SILVAK_2025-05-13_G13,10109777SILVAK,2025-05-13,117842,1,8,0,150.0
10109777SILVAK_2025-05-13_G14,10109777SILVAK,2025-05-13,117820,1,50,0,2644.0
10109777SILVAK_2025-05-13_G15,10109777SILVAK,2025-05-13,118140,1,4,0,81.0
10109777SILVAK_2025-05-13_G16,10109777SILVAK,2025-05-13,111330,2,15,28,114.0
10109777SILVAK_2025-05-13_G17,10109777SILVAK,2025-05-13,118094,1,10,0,1060.0
10109777SILVAK_2025-05-13_G18,10109777SILVAK,2025-05-13,108772,1,5,0,124.0
10109777SILVAK_2025-05-13_G19,10109777SILVAK,2025-05-13,111876,1,10,0,264.0
10109777SILVAK_2025-05-13_G20,10109777SILVAK,2025-05-13,110339,1,5,0,190.0
10109777SILVAK_2025-05-13_G21,10109777SILVAK,2025-05-13,117862,1,6,0,79.0
10109777SILVAK_2025-05-13_G22,10109777SILVAK,2025-05-13,117855,1,8,0,124.0
10109777SILVAK_2025-05-13_G23,10109777SILVAK,2025-05-13,117861,1,14,0,103.0
10109777SILVAK_2025-05-13_G24,10109777SILVAK,2025-05-13,111467,1,8,0,485.0
10109777SILVAK_2025-05-13_G25,10109777SILVAK,2025-05-13,117856,1,8,0,35.0
10109777SILVAK_2025-05-13_G26,10109777SILVAK,2025-05-13,117786,1,5,0,619.0
10109777SILVAK_2025-05-13_G27,10109777SILVAK,2025-05-13,111530,1,29,0,147.0
10109777SILVAK_2025-05-13_G28,10109777SILVAK,2025-05-13,110515,1,23,0,505.0
10109777SILVAK_2025-05-13_G29,10109777SILVAK,2025-05-13,118140,1,1,0,879.0
10109777SILVAK_2025-05-13_G30,10109777SILVAK,2025-05-13,108794,1,11,0,133.0
10109777SILVAK_2025-05-13_G31,10109777SILVAK,2025-05-13,108711,1,1,0,171.0
10109777SILVAK_2025-05-13_G32,10109777SILVAK,2025-05-13,111532,1,8,0,132.0
10109777SILVAK_2025-05-13_G33,10109777SILVAK,2025-05-13,117833,1,6,0,61.0
10109777SILVAK_2025-05-13_G34,10109777SILVAK,2025-05-13,117831,1,60,0,490.0
10109777SILVAK_2025-05-13_G35,10109777SILVAK,2025-05-13,118306,1,4,0,440.0
10109777SILVAK_2025-05-13_G36,10109777SILVAK,2025-05-13,110740,1,4,0,144.0
10109777SILVAK_2025-05-13_G37,10109777SILVAK,2025-05-13,109641,1,4,0,107.0
10109777SILVAK_2025-05-13_G38,10109777SILVAK,2025-05-13,"140922, 117821",2,14,26,120.0
10109777SILVAK_2025-05-13_G39,10109777SILVAK,2025-05-13,111463,1,4,0,100.0
10109777SILVAK_2025-05-13_G40,10109777SILVAK,2025-05-13,111466,1,8,0,62.0
10109777SILVAK_2025-05-13_G41,10109777SILVAK,2025-05-13,111465,1,4,0,84.0
10109777SILVAK_2025-05-13_G42,10109777SILVAK,2025-05-13,118299,4,38,59,62.0
10109777SILVAK_2025-05-13_G43,10109777SILVAK,2025-05-13,117808,1,4,0,225.0
10109777SILVAK_2025-05-13_G44,10109777SILVAK,2025-05-13,117808,1,4,0,32.0
10109777SILVAK_2025-05-13_G45,10109777SILVAK,2025-05-13,117835,1,4,0,524.0
10109777SILVAK_2025-05-13_G46,10109777SILVAK,2025-05-13,110339,1,4,0,144.0
10109777SILVAK_2025-05-13_G47,10109777SILVAK,2025-05-13,117820,1,8,0,43.0
10109777SILVAK_2025-05-13_G48,10109777SILVAK,2025-05-13,111435,1,2,0,195.0
10109777SILVAK_2025-05-13_G49,10109777SILVAK,2025-05-13,110740,1,4,0,242.0
10109777SILVAK_2025-05-13_G50,10109777SILVAK,2025-05-13,111469,1,8,0,72.0
10109777SILVAK_2025-05-13_G51,10109777SILVAK,2025-05-13,111463,1,4,0,108.0
10109777SILVAK_2025-05-13_G52,10109777SILVAK,2025-05-13,111532,1,5,0,72.0
10109777SILVAK_2025-05-13_G53,10109777SILVAK,2025-05-13,111442,2,11,6,101.0
10109777SILVAK_2025-05-13_G54,10109777SILVAK,2025-05-13,117841,1,2,0,264.0
10109777SILVAK_2025-05-13_G56,10109777SILVAK,2025-05-13,110895,1,5,0,219.0
10109777SILVAK_2025-05-13_G57,10109777SILVAK,2025-05-13,111569,1,2,0,115.0
10109777SILVAK_2025-05-13_G58,10109777SILVAK,2025-05-13,141047,1,4,0,107.0
10109777SILVAK_2025-05-13_G59,10109777SILVAK,2025-05-13,118403,1,2,0,343.0
10109777SILVAK_2025-05-13_G60,10109777SILVAK,2025-05-13,110515,1,8,0,40.0
10109777SILVAK_2025-05-13_G61,10109777SILVAK,2025-05-13,110787,1,4,0,382.0
10109777SILVAK_2025-05-13_G62,10109777SILVAK,2025-05-13,117785,1,4,0,38.0
10109777SILVAK_2025-05-13_G63,10109777SILVAK,2025-05-13,117808,1,30,0,97.0
10109777SILVAK_2025-05-13_G64,10109777SILVAK,2025-05-13,110373,1,20,0,791.0
10109777SILVAK_2025-05-13_G65,10109777SILVAK,2025-05-13,111418,1,40,0,553.0
10109777SILVAK_2025-05-13_G66,10109777SILVAK,2025-05-13,118298,1,2,0,331.0
10109777SILVAK_2025-05-13_G67,10109777SILVAK,2025-05-13,110373,1,8,0,168.0
10109777SILVAK_2025-05-13_G68,10109777SILVAK,2025-05-13,117842,1,2,0,235.0
10109777SILVAK_2025-05-13_G69,10109777SILVAK,2025-05-13,111330,1,12,0,531.0
10109777SILVAK_2025-05-13_G70,10109777SILVAK,2025-05-13,117808,1,800,0,2039.0
10109777SILVAK_2025-05-13_G71,10109777SILVAK,2025-05-13,110325,1,4,0,249.0
10109777SILVAK_2025-05-13_G72,10109777SILVAK,2025-05-13,110372,1,120,0,159.0
10109777SILVAK_2025-05-13_G73,10109777SILVAK,2025-05-13,110376,1,2,0,108.0
10109777SILVAK_2025-05-13_G74,10109777SILVAK,2025-05-13,141202,1,4,0,112.0
10109777SILVAK_2025-05-13_G75,10109777SILVAK,2025-05-13,117820,1,40,0,249.0
10109777SILVAK_2025-05-14_G02,10109777SILVAK,2025-05-14,110740,1,50,0,791.0
10109777SILVAK_2025-05-14_G03,10109777SILVAK,2025-05-14,110748,1,10,0,486.0
10109777SILVAK_2025-05-14_G04,10109777SILVAK,2025-05-14,118223,1,10,0,256.0
10109777SILVAK_2025-05-14_G05,10109777SILVAK,2025-05-14,117838,1,16,0,291.0
10109777SILVAK_2025-05-14_G06,10109777SILVAK,2025-05-14,111348,1,5,0,100.0
10109777SILVAK_2025-05-14_G07,10109777SILVAK,2025-05-14,118330,1,4,0,211.0
10109777SILVAK_2025-05-14_G08,10109777SILVAK,2025-05-14,107236,1,20,0,72.0
10109777SILVAK_2025-05-14_G09,10109777SILVAK,2025-05-14,111743,1,20,0,2189.0
10109777SILVAK_2025-05-14_G10,10109777SILVAK,2025-05-14,110743,1,9,0,401.0
10109777SILVAK_2025-05-14_G11,10109777SILVAK,2025-05-14,109641,1,15,0,330.0
10109777SILVAK_2025-05-14_G12,10109777SILVAK,2025-05-14,108711,1,20,0,430.0
10109777SILVAK_2025-05-14_G13,10109777SILVAK,2025-05-14,105705,1,5,0,139.0
10109777SILVAK_2025-05-14_G14,10109777SILVAK,2025-05-14,110745,1,20,0,468.0
10109777SILVAK_2025-05-14_G15,10109777SILVAK,2025-05-14,117833,1,12,0,124.0
10109777SILVAK_2025-05-14_G16,10109777SILVAK,2025-05-14,111172,1,10,0,86.0
10109777SILVAK_2025-05-14_G17,10109777SILVAK,2025-05-14,117842,1,1,0,115.0
10109777SILVAK_2025-05-14_G18,10109777SILVAK,2025-05-14,108794,1,10,0,98.0
10109777SILVAK_2025-05-14_G19,10109777SILVAK,2025-05-14,109645,1,10,0,201.0
10109777SILVAK_2025-05-14_G20,10109777SILVAK,2025-05-14,118004,1,15,0,309.0
10109777SILVAK_2025-05-14_G21,10109777SILVAK,2025-05-14,117821,1,40,0,439.0
10109777SILVAK_2025-05-14_G22,10109777SILVAK,2025-05-14,111462,1,50,0,256.0
10109777SILVAK_2025-05-14_G23,10109777SILVAK,2025-05-14,117831,1,40,0,797.0
10109777SILVAK_2025-05-14_G24,10109777SILVAK,2025-05-14,111465,1,20,0,404.0
10109777SILVAK_2025-05-14_G25,10109777SILVAK,2025-05-14,141047,1,10,0,556.0
10109777SILVAK_2025-05-14_G26,10109777SILVAK,2025-05-14,111876,1,2,0,132.0
10109777SILVAK_2025-05-14_G27,10109777SILVAK,2025-05-14,109647,1,3,0,61.0
10109777SILVAK_2025-05-14_G28,10109777SILVAK,2025-05-14,141035,1,4,0,829.0
10109777SILVAK_2025-05-14_G29,10109777SILVAK,2025-05-14,110515,1,8,0,109.0
10109777SILVAK_2025-05-14_G30,10109777SILVAK,2025-05-14,110753,1,4,0,99.0
10109777SILVAK_2025-05-14_G31,10109777SILVAK,2025-05-14,117855,1,10,0,142.0
10109777SILVAK_2025-05-14_G32,10109777SILVAK,2025-05-14,117856,1,10,0,117.0
10109777SILVAK_2025-05-14_G33,10109777SILVAK,2025-05-14,101217,1,1,0,156.0
10109777SILVAK_2025-05-14_G34,10109777SILVAK,2025-05-14,118094,1,20,0,792.0
10109777SILVAK_2025-05-14_G35,10109777SILVAK,2025-05-14,141047,1,10,0,368.0
10109777SILVAK_2025-05-14_G36,10109777SILVAK,2025-05-14,107629,1,6,0,131.0
10109777SILVAK_2025-05-14_G37,10109777SILVAK,2025-05-14,110753,1,4,0,200.0
10109777SILVAK_2025-05-14_G38,10109777SILVAK,2025-05-14,118403,1,1,0,47.0
10109777SILVAK_2025-05-14_G39,10109777SILVAK,2025-05-14,117861,1,7,0,111.0
10109777SILVAK_2025-05-14_G40,10109777SILVAK,2025-05-14,111879,1,2,0,152.0
10109777SILVAK_2025-05-14_G41,10109777SILVAK,2025-05-14,111439,1,8,0,47.0
10109777SILVAK_2025-05-14_G42,10109777SILVAK,2025-05-14,108772,1,40,0,344.0
10109777SILVAK_2025-05-14_G43,10109777SILVAK,2025-05-14,111876,1,23,0,373.0
10109777SILVAK_2025-05-14_G44,10109777SILVAK,2025-05-14,110515,1,99,0,592.0
10109777SILVAK_2025-05-14_G45,10109777SILVAK,2025-05-14,111467,1,26,0,776.0
10109777SILVAK_2025-05-14_G46,10109777SILVAK,2025-05-14,117786,1,18,0,99.0
10109777SILVAK_2025-05-14_G47,10109777SILVAK,2025-05-14,110711,1,1,0,124.0
10109777SILVAK_2025-05-14_G48,10109777SILVAK,2025-05-14,111743,1,2,0,470.0
10109777SILVAK_2025-05-14_G49,10109777SILVAK,2025-05-14,111443,1,6,0,189.0
10109777SILVAK_2025-05-14_G50,10109777SILVAK,2025-05-14,111468,1,4,0,70.0
10109777SILVAK_2025-05-14_G51,10109777SILVAK,2025-05-14,111462,1,12,0,124.0
10109777SILVAK_2025-05-14_G52,10109777SILVAK,2025-05-14,109641,1,6,0,112.0
10109777SILVAK_2025-05-14_G53,10109777SILVAK,2025-05-14,118140,1,50,0,629.0
10109777SILVAK_2025-05-14_G54,10109777SILVAK,2025-05-14,"105705, 108711",2,3,28,150.0
10109777SILVAK_2025-05-14_G55,10109777SILVAK,2025-05-14,117833,1,6,0,65.0
10109777SILVAK_2025-05-14_G56,10109777SILVAK,2025-05-14,111172,1,3,0,100.0
10109777SILVAK_2025-05-14_G57,10109777SILVAK,2025-05-14,111330,1,9,0,174.0
10109777SILVAK_2025-05-14_G58,10109777SILVAK,2025-05-14,117841,1,1,0,473.0
10109777SILVAK_2025-05-14_G59,10109777SILVAK,2025-05-14,110740,1,22,0,293.0
10109777SILVAK_2025-05-14_G60,10109777SILVAK,2025-05-14,111463,1,29,0,222.0
10109777SILVAK_2025-05-14_G61,10109777SILVAK,2025-05-14,111466,1,75,0,388.0
10109777SILVAK_2025-05-14_G63,10109777SILVAK,2025-05-14,109643,1,19,0,658.0
10109777SILVAK_2025-05-14_G64,10109777SILVAK,2025-05-14,111444,1,10,0,120.0
10109777SILVAK_2025-05-14_G65,10109777SILVAK,2025-05-14,110742,1,6,0,337.0
10109777SILVAK_2025-05-14_G66,10109777SILVAK,2025-05-14,110742,1,4,0,716.0
10109777SILVAK_2025-05-14_G67,10109777SILVAK,2025-05-14,110747,1,12,0,178.0
10109777SILVAK_2025-05-14_G68,10109777SILVAK,2025-05-14,110754,2,4,7,77.0
10109777SILVAK_2025-05-14_G69,10109777SILVAK,2025-05-14,111438,1,10,0,219.0
10109777SILVAK_2025-05-14_G70,10109777SILVAK,2025-05-14,111655,2,2,6,137.0
10109777SILVAK_2025-05-15_G02,10109777SILVAK,2025-05-15,117834,1,8,0,35.0
10109777SILVAK_2025-05-15_G03,10109777SILVAK,2025-05-15,110754,1,1,0,955.0
10109777SILVAK_2025-05-15_G04,10109777SILVAK,2025-05-15,109647,1,4,0,72.0
10109777SILVAK_2025-05-15_G05,10109777SILVAK,2025-05-15,111465,1,8,0,252.0
10109777SILVAK_2025-05-15_G06,10109777SILVAK,2025-05-15,117808,1,4,0,55.0
10109777SILVAK_2025-05-15_G07,10109777SILVAK,2025-05-15,118299,1,4,0,150.0
10109777SILVAK_2025-05-15_G08,10109777SILVAK,2025-05-15,117820,1,8,0,130.0
10109777SILVAK_2025-05-15_G09,10109777SILVAK,2025-05-15,117842,1,37,0,475.0
10109777SILVAK_2025-05-15_G10,10109777SILVAK,2025-05-15,141202,1,50,0,1308.0
10109777SILVAK_2025-05-15_G11,10109777SILVAK,2025-05-15,111199,1,4,0,498.0
10109777SILVAK_2025-05-15_G12,10109777SILVAK,2025-05-15,118229,1,5,0,922.0
10109777SILVAK_2025-05-15_G13,10109777SILVAK,2025-05-15,115773,1,1,0,128.0
10109777SILVAK_2025-05-15_G14,10109777SILVAK,2025-05-15,111757,1,1,0,177.0
10109777SILVAK_2025-05-15_G15,10109777SILVAK,2025-05-15,111655,1,43,0,654.0
10109777SILVAK_2025-05-15_G16,10109777SILVAK,2025-05-15,111743,1,2,0,370.0
10109777SILVAK_2025-05-15_G17,10109777SILVAK,2025-05-15,111463,1,2,0,182.0
10109777SILVAK_2025-05-15_G18,10109777SILVAK,2025-05-15,108711,1,2,0,91.0
10109777SILVAK_2025-05-15_G19,10109777SILVAK,2025-05-15,111532,1,4,0,86.0
10109777SILVAK_2025-05-15_G20,10109777SILVAK,2025-05-15,109645,1,2,0,73.0
10109777SILVAK_2025-05-15_G21,10109777SILVAK,2025-05-15,111444,1,4,0,136.0
10109777SILVAK_2025-05-15_G22,10109777SILVAK,2025-05-15,107236,1,1,0,81.0
10109777SILVAK_2025-05-15_G23,10109777SILVAK,2025-05-15,107830,1,1,0,119.0
10109777SILVAK_2025-05-15_G24,10109777SILVAK,2025-05-15,110372,1,12,0,41.0
10109777SILVAK_2025-05-15_G25,10109777SILVAK,2025-05-15,117830,1,2,0,212.0
10109777SILVAK_2025-05-15_G26,10109777SILVAK,2025-05-15,141202,1,8,0,139.0
10109777SILVAK_2025-05-15_G27,10109777SILVAK,2025-05-15,118299,1,40,0,40.0
10109777SILVAK_2025-05-15_G28,10109777SILVAK,2025-05-15,117853,1,7,0,521.0
10109777SILVAK_2025-05-15_G29,10109777SILVAK,2025-05-15,117821,1,80,0,369.0
10109777SILVAK_2025-05-15_G30,10109777SILVAK,2025-05-15,117834,1,2,0,1727.0
10109777SILVAK_2025-05-15_G31,10109777SILVAK,2025-05-15,110754,1,4,0,377.0
10109777SILVAK_2025-05-15_G32,10109777SILVAK,2025-05-15,118222,2,10,7,78.0
10109777SILVAK_2025-05-15_G33,10109777SILVAK,2025-05-15,111440,1,4,0,182.0
10109777SILVAK_2025-05-15_G34,10109777SILVAK,2025-05-15,110755,2,12,7,206.0
10109777SILVAK_2025-05-15_G35,10109777SILVAK,2025-05-15,117835,1,3,0,110.0
10109777SILVAK_2025-05-15_G36,10109777SILVAK,2025-05-15,111445,1,3,0,163.0
10109777SILVAK_2025-05-15_G37,10109777SILVAK,2025-05-15,111569,1,17,0,514.0
10109777SILVAK_2025-05-15_G38,10109777SILVAK,2025-05-15,111465,1,4,0,432.0
10109777SILVAK_2025-05-15_G39,10109777SILVAK,2025-05-15,111466,1,27,0,182.0
10109777SILVAK_2025-05-15_G40,10109777SILVAK,2025-05-15,111443,1,2,0,528.0
10109777SILVAK_2025-05-15_G41,10109777SILVAK,2025-05-15,111569,1,16,0,278.0
10109777SILVAK_2025-05-15_G42,10109777SILVAK,2025-05-15,118094,1,6,0,251.0
10109777SILVAK_2025-05-15_G43,10109777SILVAK,2025-05-15,110515,1,9,0,315.0
10109777SILVAK_2025-05-15_G44,10109777SILVAK,2025-05-15,111466,1,2,0,136.0
10109777SILVAK_2025-05-15_G45,10109777SILVAK,2025-05-15,111532,1,5,0,101.0
10109777SILVAK_2025-05-15_G46,10109777SILVAK,2025-05-15,110325,1,6,0,346.0
10109777SILVAK_2025-05-15_G47,10109777SILVAK,2025-05-15,110373,2,8,6,105.0
10109777SILVAK_2025-05-15_G48,10109777SILVAK,2025-05-15,110374,1,4,0,119.0
10109777SILVAK_2025-05-15_G49,10109777SILVAK,2025-05-15,110372,1,21,0,291.0
10109777SILVAK_2025-05-15_G50,10109777SILVAK,2025-05-15,117830,1,5,0,169.0
10109777SILVAK_2025-05-15_G51,10109777SILVAK,2025-05-15,117853,1,2,0,161.0
10109777SILVAK_2025-05-15_G52,10109777SILVAK,2025-05-15,118094,1,1,0,282.0
10109777SILVAK_2025-05-15_G53,10109777SILVAK,2025-05-15,108772,1,5,0,246.0
10109777SILVAK_2025-05-15_G54,10109777SILVAK,2025-05-15,110339,1,6,0,144.0
10109777SILVAK_2025-05-15_G55,10109777SILVAK,2025-05-15,110515,1,2,0,61.0
10109777SILVAK_2025-05-15_G56,10109777SILVAK,2025-05-15,110515,1,8,0,34.0
10109777SILVAK_2025-05-15_G57,10109777SILVAK,2025-05-15,111467,1,3,0,122.0
10109777SILVAK_2025-05-15_G58,10109777SILVAK,2025-05-15,117856,1,12,0,292.0
10109777SILVAK_2025-05-15_G59,10109777SILVAK,2025-05-15,110711,1,5,0,76.0
10109777SILVAK_2025-05-15_G60,10109777SILVAK,2025-05-15,111530,1,85,0,458.0
10109777SILVAK_2025-05-15_G61,10109777SILVAK,2025-05-15,111463,1,69,0,514.0
10109777SILVAK_2025-05-15_G62,10109777SILVAK,2025-05-15,111465,1,4,0,281.0
10109777SILVAK_2025-05-15_G63,10109777SILVAK,2025-05-15,"109643, 117822, 110374",3,10,40,659.0
10109777SILVAK_2025-05-15_G65,10109777SILVAK,2025-05-15,110787,1,8,0,104.0
10109777SILVAK_2025-05-15_G66,10109777SILVAK,2025-05-15,109643,1,19,0,128.0
10109777SILVAK_2025-05-15_G67,10109777SILVAK,2025-05-15,117808,1,176,0,577.0
10109777SILVAK_2025-05-15_G68,10109777SILVAK,2025-05-15,117808,1,119,0,128.0
10109777SILVAK_2025-05-15_G69,10109777SILVAK,2025-05-15,117808,1,403,0,703.0
10109777SILVAK_2025-05-15_G70,10109777SILVAK,2025-05-15,117832,1,2,0,161.0
10109777SILVAK_2025-05-15_G71,10109777SILVAK,2025-05-15,110787,2,15,6,122.0
10109777SILVAK_2025-05-16_G02,10109777SILVAK,2025-05-16,141047,1,2,0,131.0
10109777SILVAK_2025-05-16_G03,10109777SILVAK,2025-05-16,110339,1,6,0,96.0
10109777SILVAK_2025-05-16_G04,10109777SILVAK,2025-05-16,117837,1,2,0,59.0
10109777SILVAK_2025-05-16_G05,10109777SILVAK,2025-05-16,117862,1,4,0,184.0
10109777SILVAK_2025-05-16_G06,10109777SILVAK,2025-05-16,110515,1,10,0,122.0
10109777SILVAK_2025-05-16_G07,10109777SILVAK,2025-05-16,117786,1,4,0,63.0
10109777SILVAK_2025-05-16_G08,10109777SILVAK,2025-05-16,111530,1,5,0,164.0
10109777SILVAK_2025-05-16_G09,10109777SILVAK,2025-05-16,110740,1,8,0,122.0
10109777SILVAK_2025-05-16_G10,10109777SILVAK,2025-05-16,111466,1,10,0,96.0
10109777SILVAK_2025-05-16_G11,10109777SILVAK,2025-05-16,118140,1,10,0,312.0
10109777SILVAK_2025-05-16_G12,10109777SILVAK,2025-05-16,117833,1,2,0,102.0
10109777SILVAK_2025-05-16_G13,10109777SILVAK,2025-05-16,111532,1,6,0,55.0
10109777SILVAK_2025-05-16_G14,10109777SILVAK,2025-05-16,117831,1,10,0,117.0
10109777SILVAK_2025-05-16_G15,10109777SILVAK,2025-05-16,118317,1,2,0,137.0
10109777SILVAK_2025-05-16_G16,10109777SILVAK,2025-05-16,107236,1,4,0,95.0
10109777SILVAK_2025-05-16_G17,10109777SILVAK,2025-05-16,141202,3,6,30,96.0
10109777SILVAK_2025-05-16_G18,10109777SILVAK,2025-05-16,117809,1,8,0,64.0
10109777SILVAK_2025-05-16_G19,10109777SILVAK,2025-05-16,117834,1,4,0,1486.0
10109777SILVAK_2025-05-16_G20,10109777SILVAK,2025-05-16,107892,1,4,0,221.0
10109777SILVAK_2025-05-16_G21,10109777SILVAK,2025-05-16,118222,1,8,0,279.0
10109777SILVAK_2025-05-16_G22,10109777SILVAK,2025-05-16,111660,1,1,0,481.0
10109777SILVAK_2025-05-16_G23,10109777SILVAK,2025-05-16,118253,1,4,0,116.0
10109777SILVAK_2025-05-16_G24,10109777SILVAK,2025-05-16,111441,1,18,0,628.0
10109777SILVAK_2025-05-16_G25,10109777SILVAK,2025-05-16,110747,1,4,0,722.0
10109777SILVAK_2025-05-16_G26,10109777SILVAK,2025-05-16,118250,1,12,0,1004.0
10109777SILVAK_2025-05-16_G27,10109777SILVAK,2025-05-16,110755,1,30,0,151.0
10109777SILVAK_2025-05-16_G28,10109777SILVAK,2025-05-16,111438,1,45,0,602.0
10109777SILVAK_2025-05-16_G29,10109777SILVAK,2025-05-16,117808,1,50,0,530.0
10109777SILVAK_2025-05-16_G30,10109777SILVAK,2025-05-16,110373,1,20,0,360.0
10109777SILVAK_2025-05-16_G31,10109777SILVAK,2025-05-16,110374,1,17,0,78.0
10109777SILVAK_2025-05-16_G32,10109777SILVAK,2025-05-16,118299,1,44,0,586.0
10109777SILVAK_2025-05-16_G33,10109777SILVAK,2025-05-16,141202,1,7,0,89.0
10109777SILVAK_2025-05-16_G34,10109777SILVAK,2025-05-16,117830,1,20,0,703.0
10109777SILVAK_2025-05-16_G35,10109777SILVAK,2025-05-16,118299,1,50,0,458.0
10109777SILVAK_2025-05-16_G36,10109777SILVAK,2025-05-16,111469,1,8,0,137.0
10109777SILVAK_2025-05-16_G37,10109777SILVAK,2025-05-16,117855,2,24,5,392.0
10109777SILVAK_2025-05-16_G38,10109777SILVAK,2025-05-16,117808,1,241,0,664.0
10109777SILVAK_2025-05-16_G39,10109777SILVAK,2025-05-16,118222,1,1,0,1042.0
10109777SILVAK_2025-05-16_G40,10109777SILVAK,2025-05-16,111655,1,3,0,248.0
10109777SILVAK_2025-05-16_G41,10109777SILVAK,2025-05-16,117832,1,15,0,88.0
10109777SILVAK_2025-05-16_G42,10109777SILVAK,2025-05-16,117855,1,51,0,1013.0
10109777SILVAK_2025-05-16_G43,10109777SILVAK,2025-05-16,118403,1,1,0,93.0
10109777SILVAK_2025-05-16_G44,10109777SILVAK,2025-05-16,111466,1,75,0,159.0
10109777SILVAK_2025-05-16_G45,10109777SILVAK,2025-05-16,111532,1,44,0,468.0
10109777SILVAK_2025-05-16_G46,10109777SILVAK,2025-05-16,118299,1,150,0,1502.0
10109777SILVAK_2025-05-16_G47,10109777SILVAK,2025-05-16,118299,1,150,0,40.0
10109777SILVAK_2025-05-16_G49,10109777SILVAK,2025-05-16,111598,1,2,0,311.0
10109777SILVAK_2025-05-16_G50,10109777SILVAK,2025-05-16,110515,1,6,0,259.0
10109777SILVAK_2025-05-16_G51,10109777SILVAK,2025-05-16,111418,1,49,0,522.0
10109777SILVAK_2025-05-16_G52,10109777SILVAK,2025-05-16,110755,1,28,0,595.0
10109777SILVAK_2025-05-16_G53,10109777SILVAK,2025-05-16,117808,1,1292,0,2079.0
10109777SILVAK_2025-05-16_G54,10109777SILVAK,2025-05-16,117831,1,54,0,1907.0
10109777SILVAK_2025-05-16_G55,10109777SILVAK,2025-05-16,111569,1,81,0,1056.0
10109777SILVAK_2025-05-16_G56,10109777SILVAK,2025-05-16,117820,1,300,0,364.0
10109777SILVAK_2025-05-16_G57,10109777SILVAK,2025-05-16,117830,1,200,0,266.0
10109777SILVAK_2025-05-17_G02,10109777SILVAK,2025-05-17,110751,1,1,0,856.0
10109777SILVAK_2025-05-17_G03,10109777SILVAK,2025-05-17,109641,1,2,0,44.0
10109777SILVAK_2025-05-17_G04,10109777SILVAK,2025-05-17,111532,3,12,11,211.0
10109777SILVAK_2025-05-17_G05,10109777SILVAK,2025-05-17,117820,8,28,82,132.0
10109777SILVAK_2025-05-17_G06,10109777SILVAK,2025-05-17,117820,1,8,0,35.0
10109777SILVAK_2025-05-17_G07,10109777SILVAK,2025-05-17,109645,1,8,0,63.0
10109777SILVAK_2025-05-17_G08,10109777SILVAK,2025-05-17,111442,2,10,6,162.0
10109777SILVAK_2025-05-17_G09,10109777SILVAK,2025-05-17,118299,1,8,0,127.0
10109777SILVAK_2025-05-17_G10,10109777SILVAK,2025-05-17,110747,1,2,0,684.0
10109777SILVAK_2025-05-17_G11,10109777SILVAK,2025-05-17,110751,1,8,0,313.0
10109777SILVAK_2025-05-17_G12,10109777SILVAK,2025-05-17,111462,1,8,0,145.0
10109777SILVAK_2025-05-17_G13,10109777SILVAK,2025-05-17,"111463, 117821",2,19,30,298.0
10109777SILVAK_2025-05-17_G14,10109777SILVAK,2025-05-17,117833,1,4,0,143.0
10109777SILVAK_2025-05-17_G15,10109777SILVAK,2025-05-17,117856,1,3,0,76.0
10109777SILVAK_2025-05-17_G16,10109777SILVAK,2025-05-17,"111172, 111532",2,14,27,82.0
10109777SILVAK_2025-05-17_G17,10109777SILVAK,2025-05-17,117831,1,8,0,241.0
10109777SILVAK_2025-05-17_G18,10109777SILVAK,2025-05-17,107236,1,4,0,155.0
10109777SILVAK_2025-05-17_G19,10109777SILVAK,2025-05-17,111466,1,20,0,464.0
10109777SILVAK_2025-05-17_G20,10109777SILVAK,2025-05-17,110325,1,3,0,185.0
10109777SILVAK_2025-05-17_G21,10109777SILVAK,2025-05-17,110373,1,12,0,220.0
10109777SILVAK_2025-05-17_G22,10109777SILVAK,2025-05-17,117832,1,10,0,80.0
10109777SILVAK_2025-05-17_G23,10109777SILVAK,2025-05-17,111418,1,30,0,248.0
10109777SILVAK_2025-05-17_G24,10109777SILVAK,2025-05-17,117785,1,16,0,660.0
10109777SILVAK_2025-05-17_G25,10109777SILVAK,2025-05-17,117808,1,40,0,313.0
10109777SILVAK_2025-05-17_G26,10109777SILVAK,2025-05-17,118299,1,30,0,278.0
10109777SILVAK_2025-05-17_G27,10109777SILVAK,2025-05-17,117832,1,5,0,1878.0
10109777SILVAK_2025-05-17_G28,10109777SILVAK,2025-05-17,110751,1,1,0,154.0
10109777SILVAK_2025-05-17_G29,10109777SILVAK,2025-05-17,109641,1,21,0,135.0
10109777SILVAK_2025-05-17_G30,10109777SILVAK,2025-05-17,140922,1,10,0,289.0
10109777SILVAK_2025-05-17_G31,10109777SILVAK,2025-05-17,111330,1,2,0,95.0
10109777SILVAK_2025-05-17_G32,10109777SILVAK,2025-05-17,117820,1,15,0,247.0
10109777SILVAK_2025-05-17_G33,10109777SILVAK,2025-05-17,117832,1,8,0,132.0
10109777SILVAK_2025-05-17_G34,10109777SILVAK,2025-05-17,117808,1,12,0,145.0
10109777SILVAK_2025-05-17_G35,10109777SILVAK,2025-05-17,111418,1,50,0,613.0
10109777SILVAK_2025-05-17_G36,10109777SILVAK,2025-05-17,140957,1,20,0,479.0
10109777SILVAK_2025-05-17_G37,10109777SILVAK,2025-05-17,111650,1,2,0,340.0
10109777SILVAK_2025-05-17_G38,10109777SILVAK,2025-05-17,110743,1,2,0,114.0
10109777SILVAK_2025-05-17_G39,10109777SILVAK,2025-05-17,110748,1,3,0,144.0
10109777SILVAK_2025-05-17_G40,10109777SILVAK,2025-05-17,111463,1,100,0,727.0
10109777SILVAK_2025-05-17_G41,10109777SILVAK,2025-05-17,111330,1,26,0,182.0
10109777SILVAK_2025-05-17_G42,10109777SILVAK,2025-05-17,111462,1,120,0,406.0
10109777SILVAK_2025-05-17_G43,10109777SILVAK,2025-05-17,100334,1,18,0,712.0
10109777SILVAK_2025-05-17_G44,10109777SILVAK,2025-05-17,117861,1,50,0,398.0
10109777SILVAK_2025-05-17_G45,10109777SILVAK,2025-05-17,117856,1,80,0,717.0
10109777SILVAK_2025-05-17_G46,10109777SILVAK,2025-05-17,111530,1,110,0,1500.0
10109777SILVAK_2025-05-17_G47,10109777SILVAK,2025-05-17,110755,1,4,0,206.0
10109777SILVAK_2025-05-17_G48,10109777SILVAK,2025-05-17,111851,1,1,0,255.0
10109777SILVAK_2025-05-17_G49,10109777SILVAK,2025-05-17,118417,1,8,0,516.0
10109777SILVAK_2025-05-17_G51,10109777SILVAK,2025-05-17,115817,1,4,0,165.0
10109777SILVAK_2025-05-17_G52,10109777SILVAK,2025-05-17,109645,1,11,0,63.0
10109777SILVAK_2025-05-17_G53,10109777SILVAK,2025-05-17,111348,1,30,0,132.0
10109777SILVAK_2025-05-17_G54,10109777SILVAK,2025-05-17,117833,1,9,0,294.0
10109777SILVAK_2025-05-17_G55,10109777SILVAK,2025-05-17,111172,1,23,0,314.0
10109777SILVAK_2025-05-17_G56,10109777SILVAK,2025-05-17,111532,1,100,0,349.0
10109777SILVAK_2025-05-17_G57,10109777SILVAK,2025-05-17,111330,1,19,0,223.0
10109777SILVAK_2025-05-19_G02,10109777SILVAK,2025-05-19,108795,1,2,0,189.0
10109777SILVAK_2025-05-19_G03,10109777SILVAK,2025-05-19,111462,1,8,0,118.0
10109777SILVAK_2025-05-19_G04,10109777SILVAK,2025-05-19,105705,1,1,0,51.0
10109777SILVAK_2025-05-19_G05,10109777SILVAK,2025-05-19,"140922, 111468",2,3,19,77.0
10109777SILVAK_2025-05-19_G06,10109777SILVAK,2025-05-19,118140,1,4,0,46.0
10109777SILVAK_2025-05-19_G07,10109777SILVAK,2025-05-19,111418,1,4,0,88.0
10109777SILVAK_2025-05-19_G08,10109777SILVAK,2025-05-19,118223,1,2,0,95.0
10109777SILVAK_2025-05-19_G09,10109777SILVAK,2025-05-19,117831,1,4,0,121.0
10109777SILVAK_2025-05-19_G10,10109777SILVAK,2025-05-19,111444,1,4,0,95.0
10109777SILVAK_2025-05-19_G11,10109777SILVAK,2025-05-19,117809,1,3,0,123.0
10109777SILVAK_2025-05-19_G12,10109777SILVAK,2025-05-19,110372,1,14,0,86.0
10109777SILVAK_2025-05-19_G13,10109777SILVAK,2025-05-19,118299,1,15,0,109.0
10109777SILVAK_2025-05-19_G14,10109777SILVAK,2025-05-19,117808,1,10,0,116.0
10109777SILVAK_2025-05-19_G15,10109777SILVAK,2025-05-19,110325,1,2,0,185.0
10109777SILVAK_2025-05-19_G16,10109777SILVAK,2025-05-19,110373,1,6,0,180.0
10109777SILVAK_2025-05-19_G17,10109777SILVAK,2025-05-19,110376,1,4,0,374.0
10109777SILVAK_2025-05-19_G18,10109777SILVAK,2025-05-19,111655,1,4,0,775.0
10109777SILVAK_2025-05-19_G19,10109777SILVAK,2025-05-19,110747,1,4,0,211.0
10109777SILVAK_2025-05-19_G20,10109777SILVAK,2025-05-19,111850,1,8,0,108.0
10109777SILVAK_2025-05-19_G21,10109777SILVAK,2025-05-19,118222,1,4,0,102.0
10109777SILVAK_2025-05-19_G22,10109777SILVAK,2025-05-19,118251,1,1,0,175.0
10109777SILVAK_2025-05-19_G23,10109777SILVAK,2025-05-19,118290,1,4,0,64.0
10109777SILVAK_2025-05-19_G24,10109777SILVAK,2025-05-19,110755,1,4,0,78.0
10109777SILVAK_2025-05-19_G25,10109777SILVAK,2025-05-19,117789,1,4,0,1492.0
10109777SILVAK_2025-05-19_G26,10109777SILVAK,2025-05-19,110895,1,3,0,90.0
10109777SILVAK_2025-05-19_G27,10109777SILVAK,2025-05-19,111876,1,12,0,271.0
10109777SILVAK_2025-05-19_G28,10109777SILVAK,2025-05-19,117837,1,8,0,87.0
10109777SILVAK_2025-05-19_G29,10109777SILVAK,2025-05-19,117855,1,8,0,426.0
10109777SILVAK_2025-05-19_G30,10109777SILVAK,2025-05-19,111467,1,1,0,195.0
10109777SILVAK_2025-05-19_G31,10109777SILVAK,2025-05-19,110752,1,2,0,135.0
10109777SILVAK_2025-05-19_G32,10109777SILVAK,2025-05-19,111879,1,4,0,102.0
10109777SILVAK_2025-05-19_G33,10109777SILVAK,2025-05-19,117786,1,1,0,89.0
10109777SILVAK_2025-05-19_G34,10109777SILVAK,2025-05-19,110515,1,4,0,90.0
10109777SILVAK_2025-05-19_G35,10109777SILVAK,2025-05-19,110711,1,4,0,79.0
10109777SILVAK_2025-05-19_G36,10109777SILVAK,2025-05-19,111530,1,5,0,129.0
10109777SILVAK_2025-05-19_G37,10109777SILVAK,2025-05-19,111435,1,2,0,221.0
10109777SILVAK_2025-05-19_G38,10109777SILVAK,2025-05-19,110751,1,4,0,63.0
10109777SILVAK_2025-05-19_G39,10109777SILVAK,2025-05-19,111462,1,5,0,55.0
10109777SILVAK_2025-05-19_G40,10109777SILVAK,2025-05-19,105705,1,1,0,101.0
10109777SILVAK_2025-05-19_G41,10109777SILVAK,2025-05-19,"110745, 111466",2,7,9,60.0
10109777SILVAK_2025-05-19_G42,10109777SILVAK,2025-05-19,"118140, 117833",2,9,26,136.0
10109777SILVAK_2025-05-19_G43,10109777SILVAK,2025-05-19,"108794, 109645",2,4,9,135.0
10109777SILVAK_2025-05-19_G44,10109777SILVAK,2025-05-19,117831,1,4,0,223.0
10109777SILVAK_2025-05-19_G45,10109777SILVAK,2025-05-19,111465,1,4,0,273.0
10109777SILVAK_2025-05-19_G46,10109777SILVAK,2025-05-19,111463,1,15,0,79.0
10109777SILVAK_2025-05-19_G47,10109777SILVAK,2025-05-19,117832,1,4,0,205.0
10109777SILVAK_2025-05-19_G48,10109777SILVAK,2025-05-19,117832,1,2,0,169.0
10109777SILVAK_2025-05-19_G49,10109777SILVAK,2025-05-19,117832,1,8,0,50.0
10109777SILVAK_2025-05-19_G50,10109777SILVAK,2025-05-19,117832,1,12,0,36.0
10109777SILVAK_2025-05-19_G51,10109777SILVAK,2025-05-19,117832,1,2,0,490.0
10109777SILVAK_2025-05-19_G52,10109777SILVAK,2025-05-19,110841,1,2,0,1091.0
10109777SILVAK_2025-05-19_G53,10109777SILVAK,2025-05-19,110895,1,30,0,555.0
10109777SILVAK_2025-05-19_G54,10109777SILVAK,2025-05-19,110310,1,2,0,127.0
10109777SILVAK_2025-05-19_G55,10109777SILVAK,2025-05-19,105242,1,2,0,118.0
10109777SILVAK_2025-05-19_G56,10109777SILVAK,2025-05-19,117855,1,30,0,209.0
10109777SILVAK_2025-05-19_G57,10109777SILVAK,2025-05-19,111602,1,60,0,135.0
10109777SILVAK_2025-05-19_G58,10109777SILVAK,2025-05-19,111462,1,20,0,379.0
10109777SILVAK_2025-05-19_G59,10109777SILVAK,2025-05-19,117787,1,12,0,191.0
10109777SILVAK_2025-05-19_G60,10109777SILVAK,2025-05-19,118004,1,4,0,273.0
10109777SILVAK_2025-05-19_G61,10109777SILVAK,2025-05-19,117832,1,20,0,443.0
10109777SILVAK_2025-05-19_G62,10109777SILVAK,2025-05-19,117831,1,20,0,320.0
10109777SILVAK_2025-05-19_G63,10109777SILVAK,2025-05-19,111463,1,40,0,266.0
10109777SILVAK_2025-05-19_G64,10109777SILVAK,2025-05-19,111466,1,40,0,417.0
10109777SILVAK_2025-05-19_G65,10109777SILVAK,2025-05-19,118140,1,100,0,259.0
10109777SILVAK_2025-05-19_G66,10109777SILVAK,2025-05-19,111532,1,20,0,313.0
10109777SILVAK_2025-05-19_G67,10109777SILVAK,2025-05-19,111418,1,80,0,987.0
10109777SILVAK_2025-05-19_G68,10109777SILVAK,2025-05-19,117820,1,50,0,559.0
10109777SILVAK_2025-05-19_G69,10109777SILVAK,2025-05-19,117808,1,300,0,724.0
10109777SILVAK_2025-05-19_G70,10109777SILVAK,2025-05-19,118299,1,1000,0,2620.0
10109777SILVAK_2025-05-19_G72,10109777SILVAK,2025-05-19,109647,1,1,0,186.0
10109777SILVAK_2025-05-19_G73,10109777SILVAK,2025-05-19,107629,1,4,0,108.0
10109777SILVAK_2025-05-19_G74,10109777SILVAK,2025-05-19,117862,1,2,0,173.0
10109777SILVAK_2025-05-19_G75,10109777SILVAK,2025-05-19,"117861, 111467",2,12,26,77.0
10109777SILVAK_2025-05-19_G76,10109777SILVAK,2025-05-19,111530,1,1,0,210.0
10109777SILVAK_2025-05-19_G77,10109777SILVAK,2025-05-19,111466,2,6,8,66.0
10109777SILVAK_2025-05-19_G78,10109777SILVAK,2025-05-19,118140,2,8,25,69.0
10109777SILVAK_2025-05-19_G79,10109777SILVAK,2025-05-19,117842,2,6,5,162.0
10109777SILVAK_2025-05-19_G80,10109777SILVAK,2025-05-19,111418,2,13,26,54.0
10109777SILVAK_2025-05-19_G81,10109777SILVAK,2025-05-19,117831,1,2,0,150.0
10109777SILVAK_2025-05-19_G82,10109777SILVAK,2025-05-19,111444,1,2,0,42.0
10109777SILVAK_2025-05-19_G83,10109777SILVAK,2025-05-19,118317,1,4,0,100.0
10109777SILVAK_2025-05-19_G84,10109777SILVAK,2025-05-19,117785,1,6,0,216.0
10109777SILVAK_2025-05-19_G85,10109777SILVAK,2025-05-19,109645,1,6,0,130.0
10109777SILVAK_2025-05-19_G86,10109777SILVAK,2025-05-19,109641,1,4,0,73.0
10109777SILVAK_2025-05-19_G87,10109777SILVAK,2025-05-19,117787,1,4,0,158.0
10109777SILVAK_2025-05-19_G88,10109777SILVAK,2025-05-19,108711,1,5,0,73.0
10109777SILVAK_2025-05-19_G89,10109777SILVAK,2025-05-19,117821,1,2,0,92.0
10109777SILVAK_2025-05-19_G90,10109777SILVAK,2025-05-19,110373,2,13,7,114.0
10109777SILVAK_2025-05-19_G91,10109777SILVAK,2025-05-19,107830,1,2,0,176.0
10109777SILVAK_2025-05-19_G92,10109777SILVAK,2025-05-19,117820,1,10,0,53.0
10109777SILVAK_2025-05-19_G93,10109777SILVAK,2025-05-19,117820,1,4,0,58.0
10109777SILVAK_2025-05-19_G94,10109777SILVAK,2025-05-19,117822,3,5,12,41.0
10109777SILVAK_2025-05-19_G95,10109777SILVAK,2025-05-19,110372,2,7,6,65.0
10109777SILVAK_2025-05-19_G96,10109777SILVAK,2025-05-19,"110375, 118299",2,4,28,60.0
10109777SILVAK_2025-05-19_G97,10109777SILVAK,2025-05-19,"141202, 117809",2,6,11,90.0
10109777SILVAK_2025-05-19_G98,10109777SILVAK,2025-05-19,117808,2,49,27,49.0
10109777SILVAK_2025-05-20_G02,10109777SILVAK,2025-05-20,117820,1,100,0,321.0
10109777SILVAK_2025-05-20_G03,10109777SILVAK,2025-05-20,110372,1,200,0,1141.0
10109777SILVAK_2025-05-20_G04,10109777SILVAK,2025-05-20,118299,1,200,0,407.0
10109777SILVAK_2025-05-20_G05,10109777SILVAK,2025-05-20,117808,1,800,0,1768.0
10109777SILVAK_2025-05-20_G06,10109777SILVAK,2025-05-20,117808,1,500,0,2424.0
10109777SILVAK_2025-05-20_G07,10109777SILVAK,2025-05-20,110740,1,10,0,1193.0
10109777SILVAK_2025-05-20_G08,10109777SILVAK,2025-05-20,110751,1,10,0,257.0
10109777SILVAK_2025-05-20_G09,10109777SILVAK,2025-05-20,111462,1,17,0,33.0
10109777SILVAK_2025-05-20_G10,10109777SILVAK,2025-05-20,117787,1,10,0,274.0
10109777SILVAK_2025-05-20_G11,10109777SILVAK,2025-05-20,140922,1,12,0,51.0
10109777SILVAK_2025-05-20_G12,10109777SILVAK,2025-05-20,111468,1,10,0,414.0
10109777SILVAK_2025-05-20_G13,10109777SILVAK,2025-05-20,110745,1,13,0,67.0
10109777SILVAK_2025-05-20_G14,10109777SILVAK,2025-05-20,117821,1,18,0,414.0
10109777SILVAK_2025-05-20_G15,10109777SILVAK,2025-05-20,111466,1,30,0,168.0
10109777SILVAK_2025-05-20_G16,10109777SILVAK,2025-05-20,118140,1,12,0,285.0
10109777SILVAK_2025-05-20_G17,10109777SILVAK,2025-05-20,117833,1,10,0,85.0
10109777SILVAK_2025-05-20_G18,10109777SILVAK,2025-05-20,108798,1,1,0,99.0
10109777SILVAK_2025-05-20_G19,10109777SILVAK,2025-05-20,111330,1,10,0,226.0
10109777SILVAK_2025-05-20_G20,10109777SILVAK,2025-05-20,117842,1,4,0,227.0
10109777SILVAK_2025-05-20_G21,10109777SILVAK,2025-05-20,108794,3,22,21,379.0
10109777SILVAK_2025-05-20_G22,10109777SILVAK,2025-05-20,110748,1,1,0,267.0
10109777SILVAK_2025-05-20_G23,10109777SILVAK,2025-05-20,109645,1,10,0,230.0
10109777SILVAK_2025-05-20_G24,10109777SILVAK,2025-05-20,117831,1,30,0,144.0
10109777SILVAK_2025-05-20_G25,10109777SILVAK,2025-05-20,111444,2,8,7,309.0
10109777SILVAK_2025-05-20_G26,10109777SILVAK,2025-05-20,111442,3,8,34,90.0
10109777SILVAK_2025-05-20_G27,10109777SILVAK,2025-05-20,107236,2,6,8,205.0
10109777SILVAK_2025-05-20_G28,10109777SILVAK,2025-05-20,111463,1,20,0,218.0
10109777SILVAK_2025-05-20_G29,10109777SILVAK,2025-05-20,111465,1,10,0,43.0
10109777SILVAK_2025-05-20_G30,10109777SILVAK,2025-05-20,110129,1,2,0,158.0
10109777SILVAK_2025-05-20_G31,10109777SILVAK,2025-05-20,"111418, 117785",2,150,19,992.0
10109777SILVAK_2025-05-20_G32,10109777SILVAK,2025-05-20,110372,1,100,0,165.0
10109777SILVAK_2025-05-20_G33,10109777SILVAK,2025-05-20,117329,1,2,0,1658.0
10109777SILVAK_2025-05-20_G34,10109777SILVAK,2025-05-20,"110740, 111466",2,2,13,745.0
10109777SILVAK_2025-05-20_G35,10109777SILVAK,2025-05-20,111532,1,1,0,44.0
10109777SILVAK_2025-05-20_G36,10109777SILVAK,2025-05-20,117808,1,1,0,40.0
10109777SILVAK_2025-05-20_G37,10109777SILVAK,2025-05-20,"110755, 110740",2,9,20,185.0
10109777SILVAK_2025-05-20_G38,10109777SILVAK,2025-05-20,"110751, 111462",2,16,12,117.0
10109777SILVAK_2025-05-20_G39,10109777SILVAK,2025-05-20,111468,1,7,0,235.0
10109777SILVAK_2025-05-20_G40,10109777SILVAK,2025-05-20,111172,1,13,0,134.0
10109777SILVAK_2025-05-20_G41,10109777SILVAK,2025-05-20,117809,1,8,0,132.0
10109777SILVAK_2025-05-20_G42,10109777SILVAK,2025-05-20,117832,1,10,0,105.0
10109777SILVAK_2025-05-20_G44,10109777SILVAK,2025-05-20,"140922, 111466",2,6,9,333.0
10109777SILVAK_2025-05-20_G45,10109777SILVAK,2025-05-20,"111172, 111532",2,4,10,71.0
10109777SILVAK_2025-05-20_G46,10109777SILVAK,2025-05-20,"118004, 111418",2,8,11,185.0
10109777SILVAK_2025-05-20_G47,10109777SILVAK,2025-05-20,"110373, 110372",2,4,19,105.0
10109777SILVAK_2025-05-20_G48,10109777SILVAK,2025-05-20,117832,1,2,0,210.0
10109777SILVAK_2025-05-20_G49,10109777SILVAK,2025-05-20,118290,1,4,0,301.0
10109777SILVAK_2025-05-20_G50,10109777SILVAK,2025-05-20,118004,1,18,0,412.0
10109777SILVAK_2025-05-20_G51,10109777SILVAK,2025-05-20,117838,1,8,0,301.0
10109777SILVAK_2025-05-20_G52,10109777SILVAK,2025-05-20,109643,1,8,0,239.0
10109777SILVAK_2025-05-20_G53,10109777SILVAK,2025-05-20,117808,1,1,0,805.0
10109777SILVAK_2025-05-20_G54,10109777SILVAK,2025-05-20,117808,1,19,0,34.0
10109777SILVAK_2025-05-20_G55,10109777SILVAK,2025-05-20,118222,1,4,0,761.0
10109777SILVAK_2025-05-20_G56,10109777SILVAK,2025-05-20,110742,1,2,0,238.0
10109777SILVAK_2025-05-20_G57,10109777SILVAK,2025-05-20,110755,1,4,0,115.0
10109777SILVAK_2025-05-20_G58,10109777SILVAK,2025-05-20,117835,1,4,0,176.0
10109777SILVAK_2025-05-20_G59,10109777SILVAK,2025-05-20,110895,1,8,0,146.0
10109777SILVAK_2025-05-20_G60,10109777SILVAK,2025-05-20,111569,1,4,0,71.0
10109777SILVAK_2025-05-20_G61,10109777SILVAK,2025-05-20,118094,1,4,0,140.0
10109777SILVAK_2025-05-20_G62,10109777SILVAK,2025-05-20,117855,2,16,8,105.0
10109777SILVAK_2025-05-20_G63,10109777SILVAK,2025-05-20,117853,1,4,0,220.0
10109777SILVAK_2025-05-20_G64,10109777SILVAK,2025-05-20,117856,1,8,0,45.0
10109777SILVAK_2025-05-20_G65,10109777SILVAK,2025-05-20,111530,1,20,0,316.0
10109777SILVAK_2025-05-20_G66,10109777SILVAK,2025-05-20,110515,1,18,0,322.0
10109777SILVAK_2025-05-20_G67,10109777SILVAK,2025-05-20,110515,1,20,0,269.0
10109777SILVAK_2025-05-20_G68,10109777SILVAK,2025-05-20,111602,1,20,0,170.0
10109777SILVAK_2025-05-21_G02,10109777SILVAK,2025-05-21,111466,1,50,0,356.0
10109777SILVAK_2025-05-21_G03,10109777SILVAK,2025-05-21,111172,1,24,0,378.0
10109777SILVAK_2025-05-21_G04,10109777SILVAK,2025-05-21,108794,1,20,0,360.0
10109777SILVAK_2025-05-21_G05,10109777SILVAK,2025-05-21,117821,1,40,0,267.0
10109777SILVAK_2025-05-21_G06,10109777SILVAK,2025-05-21,111468,1,37,0,775.0
10109777SILVAK_2025-05-21_G07,10109777SILVAK,2025-05-21,117833,1,40,0,438.0
10109777SILVAK_2025-05-21_G08,10109777SILVAK,2025-05-21,111743,1,38,0,460.0
10109777SILVAK_2025-05-21_G09,10109777SILVAK,2025-05-21,110582,1,5,0,2159.0
10109777SILVAK_2025-05-21_G10,10109777SILVAK,2025-05-21,111850,1,8,0,171.0
10109777SILVAK_2025-05-21_G11,10109777SILVAK,2025-05-21,103148,1,1,0,73.0
10109777SILVAK_2025-05-21_G12,10109777SILVAK,2025-05-21,111467,1,2,0,204.0
10109777SILVAK_2025-05-21_G13,10109777SILVAK,2025-05-21,118403,1,4,0,109.0
10109777SILVAK_2025-05-21_G14,10109777SILVAK,2025-05-21,140922,1,2,0,54.0
10109777SILVAK_2025-05-21_G15,10109777SILVAK,2025-05-21,111468,1,11,0,73.0
10109777SILVAK_2025-05-21_G16,10109777SILVAK,2025-05-21,111466,1,6,0,157.0
10109777SILVAK_2025-05-21_G17,10109777SILVAK,2025-05-21,117833,1,8,0,262.0
10109777SILVAK_2025-05-21_G18,10109777SILVAK,2025-05-21,108798,1,2,0,107.0
10109777SILVAK_2025-05-21_G19,10109777SILVAK,2025-05-21,111532,1,15,0,62.0
10109777SILVAK_2025-05-21_G20,10109777SILVAK,2025-05-21,111348,1,4,0,255.0
10109777SILVAK_2025-05-21_G21,10109777SILVAK,2025-05-21,117820,1,5,0,236.0
10109777SILVAK_2025-05-21_G22,10109777SILVAK,2025-05-21,110372,1,8,0,254.0
10109777SILVAK_2025-05-21_G23,10109777SILVAK,2025-05-21,117832,1,4,0,61.0
10109777SILVAK_2025-05-21_G24,10109777SILVAK,2025-05-21,117834,1,2,0,442.0
10109777SILVAK_2025-05-21_G25,10109777SILVAK,2025-05-21,109647,1,2,0,70.0
10109777SILVAK_2025-05-21_G26,10109777SILVAK,2025-05-21,110339,1,6,0,117.0
10109777SILVAK_2025-05-21_G27,10109777SILVAK,2025-05-21,110895,1,6,0,505.0
10109777SILVAK_2025-05-21_G28,10109777SILVAK,2025-05-21,111467,1,2,0,367.0
10109777SILVAK_2025-05-21_G29,10109777SILVAK,2025-05-21,110711,1,9,0,321.0
10109777SILVAK_2025-05-21_G30,10109777SILVAK,2025-05-21,111530,1,10,0,378.0
10109777SILVAK_2025-05-21_G31,10109777SILVAK,2025-05-21,110515,1,1,0,117.0
10109777SILVAK_2025-05-21_G32,10109777SILVAK,2025-05-21,111602,1,10,0,604.0
10109777SILVAK_2025-05-21_G33,10109777SILVAK,2025-05-21,111462,1,2,0,107.0
10109777SILVAK_2025-05-21_G34,10109777SILVAK,2025-05-21,109641,1,1,0,68.0
10109777SILVAK_2025-05-21_G35,10109777SILVAK,2025-05-21,117787,1,1,0,115.0
10109777SILVAK_2025-05-21_G36,10109777SILVAK,2025-05-21,108711,1,2,0,38.0
10109777SILVAK_2025-05-21_G37,10109777SILVAK,2025-05-21,117833,1,3,0,123.0
10109777SILVAK_2025-05-21_G38,10109777SILVAK,2025-05-21,111463,1,16,0,273.0
10109777SILVAK_2025-05-21_G39,10109777SILVAK,2025-05-21,118004,1,12,0,230.0
10109777SILVAK_2025-05-21_G40,10109777SILVAK,2025-05-21,109645,1,6,0,112.0
10109777SILVAK_2025-05-21_G41,10109777SILVAK,2025-05-21,117785,1,3,0,87.0
10109777SILVAK_2025-05-21_G42,10109777SILVAK,2025-05-21,111465,1,1,0,57.0
10109777SILVAK_2025-05-21_G43,10109777SILVAK,2025-05-21,118299,1,31,0,89.0
10109777SILVAK_2025-05-21_G44,10109777SILVAK,2025-05-21,110373,1,2,0,241.0
10109777SILVAK_2025-05-21_G45,10109777SILVAK,2025-05-21,110376,1,1,0,103.0
10109777SILVAK_2025-05-21_G46,10109777SILVAK,2025-05-21,110372,1,15,0,424.0
10109777SILVAK_2025-05-21_G47,10109777SILVAK,2025-05-21,110375,1,4,0,240.0
10109777SILVAK_2025-05-21_G48,10109777SILVAK,2025-05-21,141202,1,9,0,251.0
10109777SILVAK_2025-05-21_G49,10109777SILVAK,2025-05-21,110325,1,2,0,191.0
10109777SILVAK_2025-05-21_G50,10109777SILVAK,2025-05-21,110371,1,8,0,46.0
10109777SILVAK_2025-05-21_G51,10109777SILVAK,2025-05-21,110372,1,13,0,99.0
10109777SILVAK_2025-05-21_G52,10109777SILVAK,2025-05-21,117832,1,6,0,91.0
10109777SILVAK_2025-05-21_G53,10109777SILVAK,2025-05-21,118299,1,16,0,119.0
10109777SILVAK_2025-05-21_G54,10109777SILVAK,2025-05-21,117808,1,31,0,96.0
10109777SILVAK_2025-05-21_G55,10109777SILVAK,2025-05-21,118140,1,4,0,261.0
10109777SILVAK_2025-05-21_G56,10109777SILVAK,2025-05-21,"117833, 118004",2,5,29,42.0
10109777SILVAK_2025-05-21_G57,10109777SILVAK,2025-05-21,111418,1,5,0,59.0
10109777SILVAK_2025-05-21_G58,10109777SILVAK,2025-05-21,110129,1,1,0,47.0
10109777SILVAK_2025-05-21_G60,10109777SILVAK,2025-05-21,111530,1,6,0,72.0
10109777SILVAK_2025-05-21_G61,10109777SILVAK,2025-05-21,110515,1,23,0,700.0
10109777SILVAK_2025-05-21_G62,10109777SILVAK,2025-05-21,110374,1,6,0,163.0
10109777SILVAK_2025-05-21_G63,10109777SILVAK,2025-05-21,111462,1,17,0,78.0
10109777SILVAK_2025-05-21_G64,10109777SILVAK,2025-05-21,111463,1,13,0,122.0
10109777SILVAK_2025-05-21_G65,10109777SILVAK,2025-05-21,111466,1,56,0,382.0
10109777SILVAK_2025-05-21_G66,10109777SILVAK,2025-05-21,111418,1,224,0,690.0
10109777SILVAK_2025-05-21_G67,10109777SILVAK,2025-05-21,118191,1,1840,0,1690.0
10109777SILVAK_2025-05-22_G02,10109777SILVAK,2025-05-22,110740,1,6,0,145.0
10109777SILVAK_2025-05-22_G03,10109777SILVAK,2025-05-22,109641,1,4,0,129.0
10109777SILVAK_2025-05-22_G04,10109777SILVAK,2025-05-22,111466,1,4,0,141.0
10109777SILVAK_2025-05-22_G05,10109777SILVAK,2025-05-22,117820,4,26,49,90.0
10109777SILVAK_2025-05-22_G06,10109777SILVAK,2025-05-22,117832,1,4,0,350.0
10109777SILVAK_2025-05-22_G07,10109777SILVAK,2025-05-22,110751,1,2,0,1219.0
10109777SILVAK_2025-05-22_G08,10109777SILVAK,2025-05-22,109641,1,4,0,48.0
10109777SILVAK_2025-05-22_G09,10109777SILVAK,2025-05-22,109641,1,35,0,39.0
10109777SILVAK_2025-05-22_G10,10109777SILVAK,2025-05-22,105705,1,4,0,578.0
10109777SILVAK_2025-05-22_G11,10109777SILVAK,2025-05-22,111532,2,8,8,105.0
10109777SILVAK_2025-05-22_G12,10109777SILVAK,2025-05-22,111465,1,4,0,88.0
10109777SILVAK_2025-05-22_G13,10109777SILVAK,2025-05-22,117820,4,20,23,3142.0
10109777SILVAK_2025-05-22_G14,10109777SILVAK,2025-05-22,117830,3,16,21,202.0
10109777SILVAK_2025-05-22_G15,10109777SILVAK,2025-05-22,111850,1,4,0,334.0
10109777SILVAK_2025-05-22_G16,10109777SILVAK,2025-05-22,111569,1,2,0,218.0
10109777SILVAK_2025-05-22_G17,10109777SILVAK,2025-05-22,110895,1,10,0,56.0
10109777SILVAK_2025-05-22_G18,10109777SILVAK,2025-05-22,117855,1,8,0,546.0
10109777SILVAK_2025-05-22_G19,10109777SILVAK,2025-05-22,117856,1,4,0,169.0
10109777SILVAK_2025-05-22_G20,10109777SILVAK,2025-05-22,111530,2,30,7,63.0
10109777SILVAK_2025-05-22_G21,10109777SILVAK,2025-05-22,117838,1,4,0,289.0
10109777SILVAK_2025-05-22_G22,10109777SILVAK,2025-05-22,110740,1,2,0,31.0
10109777SILVAK_2025-05-22_G23,10109777SILVAK,2025-05-22,108711,1,4,0,133.0
10109777SILVAK_2025-05-22_G24,10109777SILVAK,2025-05-22,140922,1,8,0,63.0
10109777SILVAK_2025-05-22_G25,10109777SILVAK,2025-05-22,110745,1,2,0,115.0
10109777SILVAK_2025-05-22_G26,10109777SILVAK,2025-05-22,111466,1,4,0,59.0
10109777SILVAK_2025-05-22_G27,10109777SILVAK,2025-05-22,118140,1,1,0,93.0
10109777SILVAK_2025-05-22_G28,10109777SILVAK,2025-05-22,111348,1,2,0,168.0
10109777SILVAK_2025-05-22_G29,10109777SILVAK,2025-05-22,117785,1,8,0,179.0
10109777SILVAK_2025-05-22_G30,10109777SILVAK,2025-05-22,111532,1,14,0,747.0
10109777SILVAK_2025-05-22_G31,10109777SILVAK,2025-05-22,111418,1,16,0,267.0
10109777SILVAK_2025-05-22_G32,10109777SILVAK,2025-05-22,117820,1,2,0,119.0
10109777SILVAK_2025-05-22_G33,10109777SILVAK,2025-05-22,117822,1,4,0,90.0
10109777SILVAK_2025-05-22_G34,10109777SILVAK,2025-05-22,117830,1,8,0,66.0
10109777SILVAK_2025-05-22_G35,10109777SILVAK,2025-05-22,118299,1,20,0,121.0
10109777SILVAK_2025-05-22_G36,10109777SILVAK,2025-05-22,117809,1,10,0,478.0
10109777SILVAK_2025-05-22_G37,10109777SILVAK,2025-05-22,117808,1,20,0,968.0
10109777SILVAK_2025-05-22_G38,10109777SILVAK,2025-05-22,110372,1,24,0,330.0
10109777SILVAK_2025-05-22_G39,10109777SILVAK,2025-05-22,118299,1,2,0,449.0
10109777SILVAK_2025-05-22_G40,10109777SILVAK,2025-05-22,117821,1,20,0,1203.0
10109777SILVAK_2025-05-22_G41,10109777SILVAK,2025-05-22,110325,1,26,0,320.0
10109777SILVAK_2025-05-22_G42,10109777SILVAK,2025-05-22,117840,1,20,0,377.0
10109777SILVAK_2025-05-22_G43,10109777SILVAK,2025-05-22,110376,1,10,0,100.0
10109777SILVAK_2025-05-22_G44,10109777SILVAK,2025-05-22,110374,1,50,0,513.0
10109777SILVAK_2025-05-22_G45,10109777SILVAK,2025-05-22,111463,1,60,0,270.0
10109777SILVAK_2025-05-22_G47,10109777SILVAK,2025-05-22,110747,1,4,0,125.0
10109777SILVAK_2025-05-22_G48,10109777SILVAK,2025-05-22,110895,1,4,0,109.0
10109777SILVAK_2025-05-22_G49,10109777SILVAK,2025-05-22,111530,1,4,0,233.0
10109777SILVAK_2025-05-22_G50,10109777SILVAK,2025-05-22,117855,1,8,0,162.0
10109777SILVAK_2025-05-22_G51,10109777SILVAK,2025-05-22,110752,1,4,0,94.0
10109777SILVAK_2025-05-22_G52,10109777SILVAK,2025-05-22,111602,2,32,7,57.0
10109777SILVAK_2025-05-22_G53,10109777SILVAK,2025-05-22,110515,1,8,0,346.0
10109777SILVAK_2025-05-22_G54,10109777SILVAK,2025-05-22,108770,1,2,0,240.0
10109777SILVAK_2025-05-22_G55,10109777SILVAK,2025-05-22,109643,1,4,0,288.0
10109777SILVAK_2025-05-22_G56,10109777SILVAK,2025-05-22,117856,1,2,0,149.0
10109777SILVAK_2025-05-22_G57,10109777SILVAK,2025-05-22,111465,1,4,0,61.0
10109777SILVAK_2025-05-22_G58,10109777SILVAK,2025-05-22,111172,1,4,0,185.0
10109777SILVAK_2025-05-22_G59,10109777SILVAK,2025-05-22,111433,1,4,0,170.0
10109777SILVAK_2025-05-22_G60,10109777SILVAK,2025-05-22,110747,1,6,0,245.0
10109777SILVAK_2025-05-22_G61,10109777SILVAK,2025-05-22,118222,1,4,0,202.0
10109777SILVAK_2025-05-22_G62,10109777SILVAK,2025-05-22,110755,1,4,0,63.0
10109777SILVAK_2025-05-22_G63,10109777SILVAK,2025-05-22,117855,1,4,0,76.0
10109777SILVAK_2025-05-22_G64,10109777SILVAK,2025-05-22,117856,1,8,0,153.0
10109777SILVAK_2025-05-22_G65,10109777SILVAK,2025-05-22,111463,1,40,0,310.0
10109777SILVAK_2025-05-22_G66,10109777SILVAK,2025-05-22,110745,1,4,0,186.0
10109777SILVAK_2025-05-22_G67,10109777SILVAK,2025-05-22,111172,1,4,0,111.0
10109777SILVAK_2025-05-22_G68,10109777SILVAK,2025-05-22,111530,1,2,0,615.0
10109777SILVAK_2025-05-22_G69,10109777SILVAK,2025-05-22,110374,1,10,0,338.0
10109777SILVAK_2025-05-22_G70,10109777SILVAK,2025-05-22,118299,1,100,0,443.0
10109777SILVAK_2025-05-23_G02,10109777SILVAK,2025-05-23,111832,1,4,0,285.0
10109777SILVAK_2025-05-23_G03,10109777SILVAK,2025-05-23,118290,1,14,0,240.0
10109777SILVAK_2025-05-23_G04,10109777SILVAK,2025-05-23,111441,1,20,0,1217.0
10109777SILVAK_2025-05-23_G05,10109777SILVAK,2025-05-23,140915,1,4,0,290.0
10109777SILVAK_2025-05-23_G06,10109777SILVAK,2025-05-23,110895,1,37,0,207.0
10109777SILVAK_2025-05-23_G07,10109777SILVAK,2025-05-23,108410,1,2,0,368.0
10109777SILVAK_2025-05-23_G08,10109777SILVAK,2025-05-23,110475,1,2,0,149.0
10109777SILVAK_2025-05-23_G09,10109777SILVAK,2025-05-23,111775,1,2,0,101.0
10109777SILVAK_2025-05-23_G10,10109777SILVAK,2025-05-23,111447,1,2,0,176.0
10109777SILVAK_2025-05-23_G11,10109777SILVAK,2025-05-23,109976,1,4,0,116.0
10109777SILVAK_2025-05-23_G12,10109777SILVAK,2025-05-23,111440,1,60,0,948.0
10109777SILVAK_2025-05-23_G13,10109777SILVAK,2025-05-23,109937,1,13,0,794.0
10109777SILVAK_2025-05-23_G14,10109777SILVAK,2025-05-23,118222,1,10,0,1801.0
10109777SILVAK_2025-05-23_G15,10109777SILVAK,2025-05-23,107892,2,4,5,143.0
10109777SILVAK_2025-05-23_G16,10109777SILVAK,2025-05-23,111660,1,4,0,190.0
10109777SILVAK_2025-05-23_G17,10109777SILVAK,2025-05-23,108770,1,4,0,107.0
10109777SILVAK_2025-05-23_G18,10109777SILVAK,2025-05-23,110339,3,14,13,328.0
10109777SILVAK_2025-05-23_G19,10109777SILVAK,2025-05-23,117862,1,12,0,167.0
10109777SILVAK_2025-05-23_G20,10109777SILVAK,2025-05-23,117855,1,20,0,429.0
10109777SILVAK_2025-05-23_G21,10109777SILVAK,2025-05-23,117861,1,22,0,303.0
10109777SILVAK_2025-05-23_G22,10109777SILVAK,2025-05-23,105705,1,3,0,325.0
10109777SILVAK_2025-05-23_G23,10109777SILVAK,2025-05-23,117787,2,14,5,93.0
10109777SILVAK_2025-05-23_G24,10109777SILVAK,2025-05-23,108711,1,10,0,149.0
10109777SILVAK_2025-05-23_G25,10109777SILVAK,2025-05-23,140922,1,10,0,321.0
10109777SILVAK_2025-05-23_G26,10109777SILVAK,2025-05-23,111466,1,20,0,107.0
10109777SILVAK_2025-05-23_G27,10109777SILVAK,2025-05-23,118140,1,20,0,279.0
10109777SILVAK_2025-05-23_G28,10109777SILVAK,2025-05-23,111532,2,19,21,42.0
10109777SILVAK_2025-05-23_G29,10109777SILVAK,2025-05-23,118004,2,14,6,100.0
10109777SILVAK_2025-05-23_G30,10109777SILVAK,2025-05-23,117831,1,12,0,147.0
10109777SILVAK_2025-05-23_G31,10109777SILVAK,2025-05-23,111433,2,4,8,101.0
10109777SILVAK_2025-05-23_G32,10109777SILVAK,2025-05-23,117838,1,2,0,79.0
10109777SILVAK_2025-05-23_G33,10109777SILVAK,2025-05-23,117838,1,8,0,99.0
10109777SILVAK_2025-05-23_G34,10109777SILVAK,2025-05-23,110751,1,4,0,832.0
10109777SILVAK_2025-05-23_G35,10109777SILVAK,2025-05-23,110325,1,10,0,170.0
10109777SILVAK_2025-05-23_G36,10109777SILVAK,2025-05-23,110374,1,10,0,264.0
10109777SILVAK_2025-05-23_G37,10109777SILVAK,2025-05-23,110371,1,12,0,96.0
10109777SILVAK_2025-05-23_G38,10109777SILVAK,2025-05-23,117832,1,12,0,103.0
10109777SILVAK_2025-05-23_G39,10109777SILVAK,2025-05-23,110743,1,6,0,263.0
10109777SILVAK_2025-05-23_G40,10109777SILVAK,2025-05-23,111465,1,12,0,412.0
10109777SILVAK_2025-05-23_G41,10109777SILVAK,2025-05-23,110740,1,12,0,54.0
10109777SILVAK_2025-05-23_G42,10109777SILVAK,2025-05-23,111418,1,20,0,335.0
10109777SILVAK_2025-05-23_G43,10109777SILVAK,2025-05-23,111602,1,40,0,525.0
10109777SILVAK_2025-05-23_G44,10109777SILVAK,2025-05-23,109643,1,16,0,545.0
10109777SILVAK_2025-05-23_G45,10109777SILVAK,2025-05-23,110373,1,44,0,108.0
10109777SILVAK_2025-05-23_G46,10109777SILVAK,2025-05-23,117830,1,26,0,335.0
10109777SILVAK_2025-05-23_G47,10109777SILVAK,2025-05-23,117786,1,20,0,361.0
10109777SILVAK_2025-05-23_G48,10109777SILVAK,2025-05-23,117856,1,30,0,61.0
10109777SILVAK_2025-05-23_G49,10109777SILVAK,2025-05-23,117785,1,30,0,292.0
10109777SILVAK_2025-05-23_G50,10109777SILVAK,2025-05-23,117808,1,530,0,184.0
10109777SILVAK_2025-05-23_G51,10109777SILVAK,2025-05-23,118299,1,410,0,645.0
10109777SILVAK_2025-05-23_G53,10109777SILVAK,2025-05-23,111462,1,40,0,453.0
10109777SILVAK_2025-05-23_G54,10109777SILVAK,2025-05-23,111466,1,30,0,342.0
10109777SILVAK_2025-05-23_G55,10109777SILVAK,2025-05-23,117785,1,30,0,532.0
10109777SILVAK_2025-05-23_G56,10109777SILVAK,2025-05-23,118253,1,4,0,281.0
10109777SILVAK_2025-05-23_G57,10109777SILVAK,2025-05-23,110374,1,2,0,195.0
10109777SILVAK_2025-05-23_G58,10109777SILVAK,2025-05-23,141202,1,2,0,170.0
10109777SILVAK_2025-05-23_G59,10109777SILVAK,2025-05-23,110747,1,1,0,387.0
10109777SILVAK_2025-05-23_G60,10109777SILVAK,2025-05-23,110373,1,2,0,94.0
10109777SILVAK_2025-05-23_G61,10109777SILVAK,2025-05-23,118298,1,2,0,111.0
10109777SILVAK_2025-05-23_G62,10109777SILVAK,2025-05-23,105705,1,2,0,50.0
10109777SILVAK_2025-05-23_G63,10109777SILVAK,2025-05-23,107830,1,4,0,156.0
10109777SILVAK_2025-05-23_G64,10109777SILVAK,2025-05-23,111467,1,3,0,42.0
10109777SILVAK_2025-05-23_G65,10109777SILVAK,2025-05-23,117853,1,4,0,114.0
10109777SILVAK_2025-05-23_G66,10109777SILVAK,2025-05-23,111660,1,6,0,291.0
10109777SILVAK_2025-05-23_G67,10109777SILVAK,2025-05-23,111438,1,4,0,83.0
10109777SILVAK_2025-05-23_G68,10109777SILVAK,2025-05-23,111569,1,4,0,71.0
10109777SILVAK_2025-05-23_G69,10109777SILVAK,2025-05-23,111438,1,20,0,421.0
10109777SILVAK_2025-05-23_G70,10109777SILVAK,2025-05-23,118317,1,10,0,133.0
10109777SILVAK_2025-05-23_G71,10109777SILVAK,2025-05-23,110325,1,10,0,77.0
10109777SILVAK_2025-05-23_G72,10109777SILVAK,2025-05-23,110371,1,12,0,145.0
10109777SILVAK_2025-05-23_G73,10109777SILVAK,2025-05-23,117820,1,6,0,275.0
10109777SILVAK_2025-05-23_G74,10109777SILVAK,2025-05-23,117832,1,12,0,195.0
10109777SILVAK_2025-05-23_G75,10109777SILVAK,2025-05-23,117831,1,3,0,396.0
10109777SILVAK_2025-05-23_G76,10109777SILVAK,2025-05-23,110747,1,4,0,44.0
10109777SILVAK_2025-05-23_G77,10109777SILVAK,2025-05-23,111743,1,4,0,178.0
10109777SILVAK_2025-05-23_G78,10109777SILVAK,2025-05-23,108711,1,4,0,71.0
10109777SILVAK_2025-05-23_G79,10109777SILVAK,2025-05-23,111466,1,2,0,51.0
10109777SILVAK_2025-05-23_G80,10109777SILVAK,2025-05-23,111466,1,2,0,51.0
10109777SILVAK_2025-05-23_G81,10109777SILVAK,2025-05-23,118004,1,4,0,64.0
10109777SILVAK_2025-05-23_G82,10109777SILVAK,2025-05-23,118317,1,4,0,79.0
10109777SILVAK_2025-05-23_G83,10109777SILVAK,2025-05-23,111418,1,4,0,90.0
10109777SILVAK_2025-05-23_G84,10109777SILVAK,2025-05-23,111438,1,10,0,86.0
10109777SILVAK_2025-05-23_G85,10109777SILVAK,2025-05-23,110374,1,8,0,180.0
10109777SILVAK_2025-05-23_G86,10109777SILVAK,2025-05-23,110339,1,4,0,120.0
10109777SILVAK_2025-05-23_G87,10109777SILVAK,2025-05-23,109641,1,4,0,60.0
10109777SILVAK_2025-05-23_G88,10109777SILVAK,2025-05-23,110623,1,4,0,164.0
10109777SILVAK_2025-05-23_G89,10109777SILVAK,2025-05-23,160051,1,3,0,141.0
10109777SILVAK_2025-05-24_G02,10109777SILVAK,2025-05-24,117809,1,6,0,580.0
10109777SILVAK_2025-05-24_G03,10109777SILVAK,2025-05-24,109643,2,7,10,202.0
10109777SILVAK_2025-05-24_G04,10109777SILVAK,2025-05-24,110325,1,11,0,157.0
10109777SILVAK_2025-05-24_G05,10109777SILVAK,2025-05-24,110374,1,19,0,106.0
10109777SILVAK_2025-05-24_G06,10109777SILVAK,2025-05-24,117808,1,25,0,321.0
10109777SILVAK_2025-05-24_G07,10109777SILVAK,2025-05-24,110373,1,18,0,91.0
10109777SILVAK_2025-05-24_G08,10109777SILVAK,2025-05-24,117820,2,13,11,150.0
10109777SILVAK_2025-05-24_G09,10109777SILVAK,2025-05-24,117822,1,5,0,207.0
10109777SILVAK_2025-05-24_G10,10109777SILVAK,2025-05-24,117832,1,5,0,174.0
10109777SILVAK_2025-05-24_G11,10109777SILVAK,2025-05-24,117830,1,12,0,172.0
10109777SILVAK_2025-05-24_G12,10109777SILVAK,2025-05-24,111443,1,2,0,155.0
10109777SILVAK_2025-05-24_G13,10109777SILVAK,2025-05-24,"111435, 110740",2,15,25,150.0
10109777SILVAK_2025-05-24_G14,10109777SILVAK,2025-05-24,117785,1,17,0,108.0
10109777SILVAK_2025-05-24_G15,10109777SILVAK,2025-05-24,111446,1,3,0,249.0
10109777SILVAK_2025-05-24_G16,10109777SILVAK,2025-05-24,105705,1,10,0,80.0
10109777SILVAK_2025-05-24_G17,10109777SILVAK,2025-05-24,108711,1,7,0,130.0
10109777SILVAK_2025-05-24_G18,10109777SILVAK,2025-05-24,140922,1,9,0,65.0
10109777SILVAK_2025-05-24_G19,10109777SILVAK,2025-05-24,110745,1,3,0,99.0
10109777SILVAK_2025-05-24_G20,10109777SILVAK,2025-05-24,111463,1,32,0,473.0
10109777SILVAK_2025-05-24_G21,10109777SILVAK,2025-05-24,111466,1,22,0,231.0
10109777SILVAK_2025-05-24_G22,10109777SILVAK,2025-05-24,117831,1,13,0,212.0
10109777SILVAK_2025-05-24_G23,10109777SILVAK,2025-05-24,117833,1,3,0,44.0
10109777SILVAK_2025-05-24_G24,10109777SILVAK,2025-05-24,111172,1,4,0,56.0
10109777SILVAK_2025-05-24_G25,10109777SILVAK,2025-05-24,118140,1,19,0,229.0
10109777SILVAK_2025-05-24_G26,10109777SILVAK,2025-05-24,117842,1,3,0,238.0
10109777SILVAK_2025-05-24_G27,10109777SILVAK,2025-05-24,118004,1,2,0,79.0
10109777SILVAK_2025-05-24_G28,10109777SILVAK,2025-05-24,109645,1,7,0,46.0
10109777SILVAK_2025-05-24_G29,10109777SILVAK,2025-05-24,117821,1,18,0,503.0
10109777SILVAK_2025-05-24_G30,10109777SILVAK,2025-05-24,118317,1,14,0,68.0
10109777SILVAK_2025-05-24_G31,10109777SILVAK,2025-05-24,111418,1,31,0,97.0
10109777SILVAK_2025-05-24_G32,10109777SILVAK,2025-05-24,111330,1,2,0,316.0
10109777SILVAK_2025-05-24_G33,10109777SILVAK,2025-05-24,107236,1,7,0,164.0
10109777SILVAK_2025-05-24_G34,10109777SILVAK,2025-05-24,111465,1,8,0,100.0
10109777SILVAK_2025-05-24_G35,10109777SILVAK,2025-05-24,110325,1,4,0,1165.0
10109777SILVAK_2025-05-24_G36,10109777SILVAK,2025-05-24,110374,1,2,0,53.0
10109777SILVAK_2025-05-24_G37,10109777SILVAK,2025-05-24,110371,1,4,0,100.0
10109777SILVAK_2025-05-24_G38,10109777SILVAK,2025-05-24,117808,1,40,0,301.0
10109777SILVAK_2025-05-24_G39,10109777SILVAK,2025-05-24,110373,1,6,0,147.0
10109777SILVAK_2025-05-24_G40,10109777SILVAK,2025-05-24,117820,1,14,0,276.0
10109777SILVAK_2025-05-24_G41,10109777SILVAK,2025-05-24,117822,1,2,0,43.0
10109777SILVAK_2025-05-24_G42,10109777SILVAK,2025-05-24,110372,1,10,0,116.0
10109777SILVAK_2025-05-24_G43,10109777SILVAK,2025-05-24,"117832, 117830",2,14,20,87.0
10109777SILVAK_2025-05-24_G44,10109777SILVAK,2025-05-24,110375,1,4,0,96.0
10109777SILVAK_2025-05-24_G45,10109777SILVAK,2025-05-24,117809,1,6,0,31.0
10109777SILVAK_2025-05-24_G46,10109777SILVAK,2025-05-24,118299,1,24,0,350.0
10109777SILVAK_2025-05-24_G47,10109777SILVAK,2025-05-24,111602,1,12,0,115.0
10109777SILVAK_2025-05-24_G48,10109777SILVAK,2025-05-24,111441,1,3,0,1773.0
10109777SILVAK_2025-05-24_G49,10109777SILVAK,2025-05-24,"110752, 117856",2,4,24,254.0
10109777SILVAK_2025-05-24_G50,10109777SILVAK,2025-05-24,110515,1,4,0,196.0
10109777SILVAK_2025-05-24_G51,10109777SILVAK,2025-05-24,117862,1,1,0,552.0
10109777SILVAK_2025-05-24_G52,10109777SILVAK,2025-05-24,"111462, 111463",2,4,27,116.0
10109777SILVAK_2025-05-24_G53,10109777SILVAK,2025-05-24,108711,1,2,0,115.0
10109777SILVAK_2025-05-24_G54,10109777SILVAK,2025-05-24,111468,1,1,0,37.0
10109777SILVAK_2025-05-24_G55,10109777SILVAK,2025-05-24,110371,1,1,0,142.0
10109777SILVAK_2025-05-24_G56,10109777SILVAK,2025-05-24,118299,1,2,0,85.0
10109777SILVAK_2025-05-24_G57,10109777SILVAK,2025-05-24,110373,1,19,0,35.0
10109777SILVAK_2025-05-24_G58,10109777SILVAK,2025-05-24,118094,1,2,0,713.0
10109777SILVAK_2025-05-24_G59,10109777SILVAK,2025-05-24,117831,1,3,0,128.0
10109777SILVAK_2025-05-24_G60,10109777SILVAK,2025-05-24,111418,1,11,0,263.0
10109777SILVAK_2025-05-24_G61,10109777SILVAK,2025-05-24,111462,1,4,0,161.0
10109777SILVAK_2025-05-24_G62,10109777SILVAK,2025-05-24,105705,1,4,0,92.0
10109777SILVAK_2025-05-24_G63,10109777SILVAK,2025-05-24,111182,1,4,0,156.0
10109777SILVAK_2025-05-24_G65,10109777SILVAK,2025-05-24,111466,1,5,0,95.0
10109777SILVAK_2025-05-24_G66,10109777SILVAK,2025-05-24,118140,1,3,0,193.0
10109777SILVAK_2025-05-24_G67,10109777SILVAK,2025-05-24,111532,1,6,0,39.0
10109777SILVAK_2025-05-24_G68,10109777SILVAK,2025-05-24,111418,1,10,0,339.0
10109777SILVAK_2025-05-24_G69,10109777SILVAK,2025-05-24,118094,1,1,0,348.0
10109777SILVAK_2025-05-24_G70,10109777SILVAK,2025-05-24,117853,1,5,0,110.0
10109777SILVAK_2025-05-24_G71,10109777SILVAK,2025-05-24,117856,1,4,0,31.0
10109777SILVAK_2025-05-24_G72,10109777SILVAK,2025-05-24,117786,1,1,0,78.0
10109777SILVAK_2025-05-24_G73,10109777SILVAK,2025-05-24,118290,1,2,0,165.0
10109777SILVAK_2025-05-24_G74,10109777SILVAK,2025-05-24,111530,1,6,0,409.0
10109777SILVAK_2025-05-24_G75,10109777SILVAK,2025-05-24,111530,1,1,0,58.0
10109777SILVAK_2025-05-24_G76,10109777SILVAK,2025-05-24,110711,1,1,0,348.0
10109777SILVAK_2025-05-24_G77,10109777SILVAK,2025-05-24,117808,1,1526,0,1941.0
10109777SILVAK_2025-05-24_G78,10109777SILVAK,2025-05-24,117808,1,120,0,1628.0
10109777SILVAK_2025-05-24_G79,10109777SILVAK,2025-05-24,118330,1,25,0,276.0
10109777SILVAK_2025-05-26_G02,10109777SILVAK,2025-05-26,111418,1,10,0,137.0
10109777SILVAK_2025-05-26_G03,10109777SILVAK,2025-05-26,109645,1,7,0,123.0
10109777SILVAK_2025-05-26_G04,10109777SILVAK,2025-05-26,109645,1,14,0,42.0
10109777SILVAK_2025-05-26_G05,10109777SILVAK,2025-05-26,118140,2,30,5,271.0
10109777SILVAK_2025-05-26_G06,10109777SILVAK,2025-05-26,109643,1,1,0,1068.0
10109777SILVAK_2025-05-26_G07,10109777SILVAK,2025-05-26,110374,1,1,0,317.0
10109777SILVAK_2025-05-26_G08,10109777SILVAK,2025-05-26,110371,1,6,0,187.0
10109777SILVAK_2025-05-26_G09,10109777SILVAK,2025-05-26,117808,1,11,0,60.0
10109777SILVAK_2025-05-26_G10,10109777SILVAK,2025-05-26,110373,1,13,0,203.0
10109777SILVAK_2025-05-26_G11,10109777SILVAK,2025-05-26,110372,1,27,0,292.0
10109777SILVAK_2025-05-26_G12,10109777SILVAK,2025-05-26,111462,1,1,0,1743.0
10109777SILVAK_2025-05-26_G13,10109777SILVAK,2025-05-26,111172,1,1,0,133.0
10109777SILVAK_2025-05-26_G14,10109777SILVAK,2025-05-26,118140,1,9,0,361.0
10109777SILVAK_2025-05-26_G15,10109777SILVAK,2025-05-26,111463,1,8,0,126.0
10109777SILVAK_2025-05-26_G16,10109777SILVAK,2025-05-26,110711,1,1,0,187.0
10109777SILVAK_2025-05-26_G17,10109777SILVAK,2025-05-26,111467,1,6,0,211.0
10109777SILVAK_2025-05-26_G18,10109777SILVAK,2025-05-26,111441,1,17,0,352.0
10109777SILVAK_2025-05-26_G19,10109777SILVAK,2025-05-26,111438,1,2,0,50.0
10109777SILVAK_2025-05-26_G20,10109777SILVAK,2025-05-26,111569,1,23,0,869.0
10109777SILVAK_2025-05-26_G21,10109777SILVAK,2025-05-26,111418,1,32,0,79.0
10109777SILVAK_2025-05-26_G22,10109777SILVAK,2025-05-26,110787,2,8,13,740.0
10109777SILVAK_2025-05-26_G23,10109777SILVAK,2025-05-26,111602,1,1,0,52.0
10109777SILVAK_2025-05-26_G24,10109777SILVAK,2025-05-26,111441,1,6,0,244.0
10109777SILVAK_2025-05-26_G25,10109777SILVAK,2025-05-26,117862,1,3,0,654.0
10109777SILVAK_2025-05-26_G26,10109777SILVAK,2025-05-26,111462,1,1,0,91.0
10109777SILVAK_2025-05-26_G27,10109777SILVAK,2025-05-26,111463,1,1,0,51.0
10109777SILVAK_2025-05-26_G28,10109777SILVAK,2025-05-26,110371,1,1,0,37.0
10109777SILVAK_2025-05-26_G29,10109777SILVAK,2025-05-26,117808,1,15,0,152.0
10109777SILVAK_2025-05-26_G30,10109777SILVAK,2025-05-26,110373,1,5,0,211.0
10109777SILVAK_2025-05-26_G31,10109777SILVAK,2025-05-26,111466,1,1,0,88.0
10109777SILVAK_2025-05-26_G32,10109777SILVAK,2025-05-26,117820,1,3,0,107.0
10109777SILVAK_2025-05-26_G33,10109777SILVAK,2025-05-26,111532,1,1,0,93.0
10109777SILVAK_2025-05-26_G34,10109777SILVAK,2025-05-26,118299,1,10,0,61.0
10109777SILVAK_2025-05-26_G35,10109777SILVAK,2025-05-26,110372,1,1,0,231.0
10109777SILVAK_2025-05-26_G36,10109777SILVAK,2025-05-26,111418,1,16,0,208.0
10109777SILVAK_2025-05-26_G37,10109777SILVAK,2025-05-26,110515,1,4,0,228.0
10109777SILVAK_2025-05-26_G38,10109777SILVAK,2025-05-26,117808,1,4,0,1318.0
10109777SILVAK_2025-05-26_G39,10109777SILVAK,2025-05-26,100334,1,3,0,169.0
10109777SILVAK_2025-05-26_G40,10109777SILVAK,2025-05-26,111441,1,8,0,105.0
10109777SILVAK_2025-05-26_G41,10109777SILVAK,2025-05-26,110711,1,3,0,200.0
10109777SILVAK_2025-05-26_G42,10109777SILVAK,2025-05-26,140922,1,4,0,434.0
10109777SILVAK_2025-05-26_G43,10109777SILVAK,2025-05-26,"117821, 111465",2,3,9,120.0
10109777SILVAK_2025-05-26_G44,10109777SILVAK,2025-05-26,117935,1,3,0,123.0
10109777SILVAK_2025-05-26_G45,10109777SILVAK,2025-05-26,111620,1,1,0,199.0
10109777SILVAK_2025-05-26_G46,10109777SILVAK,2025-05-26,108711,1,3,0,217.0
10109777SILVAK_2025-05-26_G47,10109777SILVAK,2025-05-26,111441,1,4,0,91.0
10109777SILVAK_2025-05-26_G48,10109777SILVAK,2025-05-26,111438,1,2,0,158.0
10109777SILVAK_2025-05-26_G49,10109777SILVAK,2025-05-26,110371,1,3,0,215.0
10109777SILVAK_2025-05-26_G50,10109777SILVAK,2025-05-26,117808,1,8,0,93.0
10109777SILVAK_2025-05-26_G51,10109777SILVAK,2025-05-26,117820,1,4,0,161.0
10109777SILVAK_2025-05-26_G52,10109777SILVAK,2025-05-26,118299,1,1,0,69.0
10109777SILVAK_2025-05-26_G53,10109777SILVAK,2025-05-26,111438,1,1,0,208.0
10109777SILVAK_2025-05-26_G54,10109777SILVAK,2025-05-26,111569,1,22,0,411.0
10109777SILVAK_2025-05-26_G55,10109777SILVAK,2025-05-26,111467,1,2,0,342.0
10109777SILVAK_2025-05-26_G56,10109777SILVAK,2025-05-26,"117786, 111602",2,4,17,97.0
10109777SILVAK_2025-05-26_G57,10109777SILVAK,2025-05-26,111463,1,1,0,178.0
10109777SILVAK_2025-05-26_G58,10109777SILVAK,2025-05-26,111172,1,2,0,106.0
10109777SILVAK_2025-05-26_G59,10109777SILVAK,2025-05-26,109643,2,3,6,107.0
10109777SILVAK_2025-05-26_G60,10109777SILVAK,2025-05-26,117808,1,2,0,70.0
10109777SILVAK_2025-05-26_G61,10109777SILVAK,2025-05-26,110372,1,5,0,104.0
10109777SILVAK_2025-05-26_G62,10109777SILVAK,2025-05-26,110741,1,6,0,1242.0
10109777SILVAK_2025-05-26_G63,10109777SILVAK,2025-05-26,110733,1,2,0,60.0
10109777SILVAK_2025-05-26_G64,10109777SILVAK,2025-05-26,118094,1,8,0,397.0
10109777SILVAK_2025-05-26_G65,10109777SILVAK,2025-05-26,111876,1,2,0,69.0
10109777SILVAK_2025-05-26_G66,10109777SILVAK,2025-05-26,117935,1,2,0,169.0
10109777SILVAK_2025-05-26_G67,10109777SILVAK,2025-05-26,117862,1,6,0,111.0
10109777SILVAK_2025-05-26_G68,10109777SILVAK,2025-05-26,110740,1,4,0,115.0
10109777SILVAK_2025-05-26_G69,10109777SILVAK,2025-05-26,108795,1,12,0,148.0
10109777SILVAK_2025-05-26_G70,10109777SILVAK,2025-05-26,"117785, 109641",2,12,16,120.0
10109777SILVAK_2025-05-26_G72,10109777SILVAK,2025-05-26,"111441, 111438",2,5,9,142.0
10109777SILVAK_2025-05-26_G73,10109777SILVAK,2025-05-26,117855,1,2,0,246.0
10109777SILVAK_2025-05-26_G74,10109777SILVAK,2025-05-26,118299,1,3,0,153.0
10109777SILVAK_2025-05-26_G75,10109777SILVAK,2025-05-26,110711,1,6,0,121.0
10109777SILVAK_2025-05-26_G76,10109777SILVAK,2025-05-26,117862,1,4,0,188.0
10109777SILVAK_2025-05-26_G77,10109777SILVAK,2025-05-26,117853,1,2,0,283.0
10109777SILVAK_2025-05-26_G78,10109777SILVAK,2025-05-26,117786,1,5,0,150.0
10109777SILVAK_2025-05-26_G79,10109777SILVAK,2025-05-26,110515,1,4,0,1144.0
10109777SILVAK_2025-05-26_G80,10109777SILVAK,2025-05-26,111462,1,4,0,266.0
10109777SILVAK_2025-05-26_G81,10109777SILVAK,2025-05-26,111466,1,3,0,115.0
10109777SILVAK_2025-05-26_G82,10109777SILVAK,2025-05-26,111172,1,2,0,135.0
10109777SILVAK_2025-05-26_G83,10109777SILVAK,2025-05-26,118140,1,8,0,149.0
10109777SILVAK_2025-05-26_G84,10109777SILVAK,2025-05-26,111418,1,24,0,46.0
10109777SILVAK_2025-05-26_G85,10109777SILVAK,2025-05-26,109643,1,5,0,104.0
10109777SILVAK_2025-05-26_G86,10109777SILVAK,2025-05-26,110374,1,4,0,73.0
10109777SILVAK_2025-05-26_G87,10109777SILVAK,2025-05-26,110371,1,1,0,80.0
10109777SILVAK_2025-05-26_G88,10109777SILVAK,2025-05-26,117808,1,22,0,76.0
10109777SILVAK_2025-05-26_G89,10109777SILVAK,2025-05-26,110373,1,7,0,204.0
10109777SILVAK_2025-05-26_G90,10109777SILVAK,2025-05-26,117820,1,9,0,549.0
10109777SILVAK_2025-05-26_G91,10109777SILVAK,2025-05-26,118299,1,10,0,36.0
10109777SILVAK_2025-05-26_G92,10109777SILVAK,2025-05-26,110372,1,6,0,38.0
10109777SILVAK_2025-05-27_G02,10109777SILVAK,2025-05-27,118223,1,2,0,250.0
10109777SILVAK_2025-05-27_G03,10109777SILVAK,2025-05-27,111330,1,6,0,64.0
10109777SILVAK_2025-05-27_G04,10109777SILVAK,2025-05-27,"110787, 111465",2,11,29,180.0
10109777SILVAK_2025-05-27_G05,10109777SILVAK,2025-05-27,111418,1,30,0,200.0
10109777SILVAK_2025-05-27_G06,10109777SILVAK,2025-05-27,110372,1,20,0,250.0
10109777SILVAK_2025-05-27_G07,10109777SILVAK,2025-05-27,111182,1,2,0,470.0
10109777SILVAK_2025-05-27_G08,10109777SILVAK,2025-05-27,140922,1,4,0,69.0
10109777SILVAK_2025-05-27_G09,10109777SILVAK,2025-05-27,111532,1,8,0,100.0
10109777SILVAK_2025-05-27_G10,10109777SILVAK,2025-05-27,111465,1,3,0,81.0
10109777SILVAK_2025-05-27_G11,10109777SILVAK,2025-05-27,111418,1,8,0,154.0
10109777SILVAK_2025-05-27_G12,10109777SILVAK,2025-05-27,109643,1,6,0,233.0
10109777SILVAK_2025-05-27_G14,10109777SILVAK,2025-05-27,"117832, 110372",2,8,15,202.0
10109777SILVAK_2025-05-27_G15,10109777SILVAK,2025-05-27,"117820, 111530",2,20,17,519.0
10109777SILVAK_2025-05-27_G16,10109777SILVAK,2025-05-27,111602,1,24,0,469.0
10109777SILVAK_2025-05-27_G17,10109777SILVAK,2025-05-27,110373,1,12,0,544.0
10109777SILVAK_2025-05-27_G18,10109777SILVAK,2025-05-27,111469,1,4,0,118.0
10109777SILVAK_2025-05-27_G19,10109777SILVAK,2025-05-27,109747,1,5,0,1243.0
10109777SILVAK_2025-05-27_G20,10109777SILVAK,2025-05-27,111602,1,15,0,881.0
10109777SILVAK_2025-05-27_G21,10109777SILVAK,2025-05-27,118140,1,15,0,511.0
10109777SILVAK_2025-05-27_G22,10109777SILVAK,2025-05-27,111602,1,12,0,42.0
10109777SILVAK_2025-05-27_G23,10109777SILVAK,2025-05-27,108711,1,16,0,564.0
10109777SILVAK_2025-05-27_G24,10109777SILVAK,2025-05-27,110787,1,4,0,91.0
10109777SILVAK_2025-05-27_G25,10109777SILVAK,2025-05-27,117808,1,4,0,336.0
10109777SILVAK_2025-05-27_G26,10109777SILVAK,2025-05-27,111469,1,4,0,917.0
10109777SILVAK_2025-05-27_G27,10109777SILVAK,2025-05-27,111469,1,12,0,36.0
10109777SILVAK_2025-05-27_G28,10109777SILVAK,2025-05-27,"117809, 111602",2,10,29,121.0
10109777SILVAK_2025-05-27_G29,10109777SILVAK,2025-05-27,109640,1,4,0,763.0
10109777SILVAK_2025-05-27_G30,10109777SILVAK,2025-05-27,111602,1,4,0,192.0
10109777SILVAK_2025-05-27_G31,10109777SILVAK,2025-05-27,118140,1,6,0,192.0
10109777SILVAK_2025-05-27_G32,10109777SILVAK,2025-05-27,111602,1,5,0,46.0
10109777SILVAK_2025-05-27_G33,10109777SILVAK,2025-05-27,111469,2,16,8,303.0
10109777SILVAK_2025-05-27_G34,10109777SILVAK,2025-05-27,110787,1,4,0,167.0
10109777SILVAK_2025-05-27_G36,10109777SILVAK,2025-05-27,110371,1,8,0,173.0
10109777SILVAK_2025-05-27_G37,10109777SILVAK,2025-05-27,110373,1,4,0,64.0
10109777SILVAK_2025-05-27_G38,10109777SILVAK,2025-05-27,"118140, 110787",2,16,28,197.0
10109777SILVAK_2025-05-27_G39,10109777SILVAK,2025-05-27,117855,1,6,0,256.0
10109777SILVAK_2025-05-27_G40,10109777SILVAK,2025-05-27,111569,1,4,0,335.0
10109777SILVAK_2025-05-27_G41,10109777SILVAK,2025-05-27,111743,1,4,0,168.0
10109777SILVAK_2025-05-27_G42,10109777SILVAK,2025-05-27,108711,1,2,0,166.0
10109777SILVAK_2025-05-27_G43,10109777SILVAK,2025-05-27,118140,1,7,0,176.0
10109777SILVAK_2025-05-27_G44,10109777SILVAK,2025-05-27,111465,1,4,0,42.0
10109777SILVAK_2025-05-27_G46,10109777SILVAK,2025-05-27,118299,1,587,0,76.0
10109777SILVAK_2025-05-28_G02,10109777SILVAK,2025-05-28,110373,1,30,0,284.0
10109777SILVAK_2025-05-28_G03,10109777SILVAK,2025-05-28,110375,1,20,0,397.0
10109777SILVAK_2025-05-28_G04,10109777SILVAK,2025-05-28,117832,1,28,0,768.0
10109777SILVAK_2025-05-28_G05,10109777SILVAK,2025-05-28,111602,1,7,0,1185.0
10109777SILVAK_2025-05-28_G06,10109777SILVAK,2025-05-28,111530,1,10,0,430.0
10109777SILVAK_2025-05-28_G07,10109777SILVAK,2025-05-28,117785,1,2,0,1343.0
10109777SILVAK_2025-05-28_G08,10109777SILVAK,2025-05-28,111463,1,24,0,48.0
10109777SILVAK_2025-05-28_G09,10109777SILVAK,2025-05-28,111532,1,8,0,220.0
10109777SILVAK_2025-05-28_G10,10109777SILVAK,2025-05-28,111431,1,2,0,104.0
10109777SILVAK_2025-05-28_G11,10109777SILVAK,2025-05-28,111418,1,20,0,1049.0
10109777SILVAK_2025-05-28_G12,10109777SILVAK,2025-05-28,118140,1,26,0,490.0
10109777SILVAK_2025-05-28_G13,10109777SILVAK,2025-05-28,110747,1,4,0,223.0
10109777SILVAK_2025-05-28_G14,10109777SILVAK,2025-05-28,118222,1,4,0,98.0
10109777SILVAK_2025-05-28_G15,10109777SILVAK,2025-05-28,111569,1,5,0,151.0
10109777SILVAK_2025-05-28_G16,10109777SILVAK,2025-05-28,111438,1,6,0,189.0
10109777SILVAK_2025-05-28_G17,10109777SILVAK,2025-05-28,110755,1,10,0,562.0
10109777SILVAK_2025-05-28_G18,10109777SILVAK,2025-05-28,110895,1,7,0,161.0
10109777SILVAK_2025-05-28_G19,10109777SILVAK,2025-05-28,110741,1,2,0,311.0
10109777SILVAK_2025-05-28_G20,10109777SILVAK,2025-05-28,110741,1,3,0,127.0
10109777SILVAK_2025-05-28_G21,10109777SILVAK,2025-05-28,110741,1,1,0,223.0
10109777SILVAK_2025-05-28_G22,10109777SILVAK,2025-05-28,117935,1,2,0,48.0
10109777SILVAK_2025-05-28_G23,10109777SILVAK,2025-05-28,105242,1,3,0,218.0
10109777SILVAK_2025-05-28_G24,10109777SILVAK,2025-05-28,111530,1,8,0,1062.0
10109777SILVAK_2025-05-28_G25,10109777SILVAK,2025-05-28,110747,1,8,0,778.0
10109777SILVAK_2025-05-28_G26,10109777SILVAK,2025-05-28,118222,1,7,0,202.0
10109777SILVAK_2025-05-28_G27,10109777SILVAK,2025-05-28,111438,1,6,0,101.0
10109777SILVAK_2025-05-28_G28,10109777SILVAK,2025-05-28,110895,1,8,0,402.0
10109777SILVAK_2025-05-28_G29,10109777SILVAK,2025-05-28,109647,1,6,0,197.0
10109777SILVAK_2025-05-28_G30,10109777SILVAK,2025-05-28,118094,1,5,0,172.0
10109777SILVAK_2025-05-28_G31,10109777SILVAK,2025-05-28,111602,1,8,0,108.0
10109777SILVAK_2025-05-28_G32,10109777SILVAK,2025-05-28,117855,1,24,0,882.0
10109777SILVAK_2025-05-28_G33,10109777SILVAK,2025-05-28,111743,1,7,0,333.0
10109777SILVAK_2025-05-28_G34,10109777SILVAK,2025-05-28,116241,3,38,20,320.0
10109777SILVAK_2025-05-28_G35,10109777SILVAK,2025-05-28,110740,1,7,0,959.0
10109777SILVAK_2025-05-28_G36,10109777SILVAK,2025-05-28,117785,1,23,0,326.0
10109777SILVAK_2025-05-28_G37,10109777SILVAK,2025-05-28,111463,1,9,0,247.0
10109777SILVAK_2025-05-28_G39,10109777SILVAK,2025-05-28,140922,1,6,0,190.0
10109777SILVAK_2025-05-28_G40,10109777SILVAK,2025-05-28,117831,1,4,0,154.0
10109777SILVAK_2025-05-28_G41,10109777SILVAK,2025-05-28,118140,1,8,0,114.0
10109777SILVAK_2025-05-28_G42,10109777SILVAK,2025-05-28,111465,1,7,0,34.0
10109777SILVAK_2025-05-28_G43,10109777SILVAK,2025-05-28,117808,1,12,0,150.0
10109777SILVAK_2025-05-28_G44,10109777SILVAK,2025-05-28,117935,1,4,0,1036.0
10109777SILVAK_2025-05-28_G45,10109777SILVAK,2025-05-28,"117785, 111463",2,19,21,109.0
10109777SILVAK_2025-05-28_G46,10109777SILVAK,2025-05-28,111532,1,4,0,151.0
10109777SILVAK_2025-05-28_G47,10109777SILVAK,2025-05-28,117821,1,4,0,54.0
10109777SILVAK_2025-05-28_G48,10109777SILVAK,2025-05-28,118140,1,13,0,696.0
10109777SILVAK_2025-05-28_G49,10109777SILVAK,2025-05-28,111418,1,23,0,284.0
10109777SILVAK_2025-05-28_G50,10109777SILVAK,2025-05-28,111530,1,11,0,1819.0
10109777SILVAK_2025-05-28_G51,10109777SILVAK,2025-05-28,110515,1,24,0,490.0
10109777SILVAK_2025-05-28_G52,10109777SILVAK,2025-05-28,117785,1,19,0,659.0
10109777SILVAK_2025-05-28_G53,10109777SILVAK,2025-05-28,118140,1,6,0,324.0
10109777SILVAK_2025-05-28_G54,10109777SILVAK,2025-05-28,109643,1,2,0,196.0
10109777SILVAK_2025-05-28_G55,10109777SILVAK,2025-05-28,111463,1,42,0,710.0
10109777SILVAK_2025-05-28_G56,10109777SILVAK,2025-05-28,111418,1,6,0,90.0
10109777SILVAK_2025-05-29_G02,10109777SILVAK,2025-05-29,110741,1,2,0,121.0
10109777SILVAK_2025-05-29_G03,10109777SILVAK,2025-05-29,111876,1,4,0,95.0
10109777SILVAK_2025-05-29_G04,10109777SILVAK,2025-05-29,111602,1,10,0,162.0
10109777SILVAK_2025-05-29_G05,10109777SILVAK,2025-05-29,111469,2,21,11,92.0
10109777SILVAK_2025-05-29_G06,10109777SILVAK,2025-05-29,117833,1,4,0,357.0
10109777SILVAK_2025-05-29_G07,10109777SILVAK,2025-05-29,111431,1,3,0,114.0
10109777SILVAK_2025-05-29_G08,10109777SILVAK,2025-05-29,"117842, 111465",2,16,15,74.0
10109777SILVAK_2025-05-29_G09,10109777SILVAK,2025-05-29,110749,1,4,0,1526.0
10109777SILVAK_2025-05-29_G10,10109777SILVAK,2025-05-29,110747,1,4,0,441.0
10109777SILVAK_2025-05-29_G11,10109777SILVAK,2025-05-29,110895,1,2,0,44.0
10109777SILVAK_2025-05-29_G12,10109777SILVAK,2025-05-29,118222,1,4,0,35.0
10109777SILVAK_2025-05-29_G13,10109777SILVAK,2025-05-29,110746,1,2,0,99.0
10109777SILVAK_2025-05-29_G14,10109777SILVAK,2025-05-29,110755,1,2,0,1217.0
10109777SILVAK_2025-05-29_G15,10109777SILVAK,2025-05-29,109937,1,2,0,236.0
10109777SILVAK_2025-05-29_G16,10109777SILVAK,2025-05-29,116527,1,4,0,158.0
10109777SILVAK_2025-05-29_G17,10109777SILVAK,2025-05-29,141047,1,2,0,335.0
10109777SILVAK_2025-05-29_G18,10109777SILVAK,2025-05-29,110711,1,5,0,231.0
10109777SILVAK_2025-05-29_G19,10109777SILVAK,2025-05-29,110741,1,1,0,96.0
10109777SILVAK_2025-05-29_G20,10109777SILVAK,2025-05-29,108794,1,4,0,567.0
10109777SILVAK_2025-05-29_G21,10109777SILVAK,2025-05-29,108794,4,6,64,1108.0
10109777SILVAK_2025-05-29_G22,10109777SILVAK,2025-05-29,117808,1,99,0,458.0
10109777SILVAK_2025-05-29_G23,10109777SILVAK,2025-05-29,117830,1,12,0,1048.0
10109777SILVAK_2025-05-29_G24,10109777SILVAK,2025-05-29,116241,1,4,0,1584.0
10109777SILVAK_2025-05-29_G25,10109777SILVAK,2025-05-29,117842,1,4,0,425.0
10109777SILVAK_2025-05-29_G26,10109777SILVAK,2025-05-29,117329,1,4,0,730.0
10109777SILVAK_2025-05-29_G27,10109777SILVAK,2025-05-29,118317,1,3,0,73.0
10109777SILVAK_2025-05-29_G28,10109777SILVAK,2025-05-29,111530,1,3,0,129.0
10109777SILVAK_2025-05-29_G29,10109777SILVAK,2025-05-29,110515,1,4,0,162.0
10109777SILVAK_2025-05-29_G30,10109777SILVAK,2025-05-29,111431,1,6,0,622.0
10109777SILVAK_2025-05-29_G31,10109777SILVAK,2025-05-29,110313,1,6,0,210.0
10109777SILVAK_2025-05-29_G32,10109777SILVAK,2025-05-29,111530,2,11,14,523.0
10109777SILVAK_2025-05-29_G33,10109777SILVAK,2025-05-29,117785,1,1,0,313.0
10109777SILVAK_2025-05-29_G34,10109777SILVAK,2025-05-29,117935,1,1,0,156.0
10109777SILVAK_2025-05-29_G35,10109777SILVAK,2025-05-29,111602,2,4,6,50.0
10109777SILVAK_2025-05-29_G36,10109777SILVAK,2025-05-29,110742,2,8,6,1101.0
10109777SILVAK_2025-05-29_G37,10109777SILVAK,2025-05-29,117935,1,7,0,363.0
10109777SILVAK_2025-05-29_G38,10109777SILVAK,2025-05-29,110515,1,4,0,164.0
10109777SILVAK_2025-05-29_G39,10109777SILVAK,2025-05-29,111463,1,2,0,193.0
10109777SILVAK_2025-05-29_G40,10109777SILVAK,2025-05-29,111532,1,4,0,164.0
10109777SILVAK_2025-05-29_G41,10109777SILVAK,2025-05-29,111418,1,3,0,102.0
10109777SILVAK_2025-05-29_G42,10109777SILVAK,2025-05-29,110787,1,2,0,91.0
10109777SILVAK_2025-05-29_G43,10109777SILVAK,2025-05-29,110787,1,2,0,671.0
10109777SILVAK_2025-05-29_G44,10109777SILVAK,2025-05-29,140911,1,1,0,599.0
10109777SILVAK_2025-05-29_G45,10109777SILVAK,2025-05-29,111602,1,3,0,173.0
10109777SILVAK_2025-05-29_G46,10109777SILVAK,2025-05-29,111602,1,4,0,31.0
10109777SILVAK_2025-05-29_G47,10109777SILVAK,2025-05-29,118094,1,5,0,623.0
10109777SILVAK_2025-05-29_G48,10109777SILVAK,2025-05-29,111530,1,6,0,377.0
10109777SILVAK_2025-05-29_G49,10109777SILVAK,2025-05-29,111466,1,8,0,338.0
10109777SILVAK_2025-05-29_G50,10109777SILVAK,2025-05-29,111431,1,4,0,165.0
10109777SILVAK_2025-05-29_G51,10109777SILVAK,2025-05-29,118004,1,8,0,123.0
10109777SILVAK_2025-05-29_G52,10109777SILVAK,2025-05-29,108711,1,2,0,375.0
10109777SILVAK_2025-05-29_G53,10109777SILVAK,2025-05-29,111602,1,16,0,95.0
10109777SILVAK_2025-05-29_G54,10109777SILVAK,2025-05-29,118004,1,8,0,221.0
10109777SILVAK_2025-05-29_G55,10109777SILVAK,2025-05-29,110787,1,2,0,185.0
10109777SILVAK_2025-05-29_G56,10109777SILVAK,2025-05-29,109643,1,6,0,340.0
10109777SILVAK_2025-05-30_G02,10109777SILVAK,2025-05-30,117786,1,8,0,261.0
10109777SILVAK_2025-05-30_G03,10109777SILVAK,2025-05-30,110515,1,30,0,402.0
10109777SILVAK_2025-05-30_G04,10109777SILVAK,2025-05-30,109640,1,18,0,824.0
10109777SILVAK_2025-05-30_G05,10109777SILVAK,2025-05-30,110711,2,15,24,236.0
10109777SILVAK_2025-05-30_G06,10109777SILVAK,2025-05-30,110747,1,2,0,1370.0
10109777SILVAK_2025-05-30_G07,10109777SILVAK,2025-05-30,110754,1,6,0,731.0
10109777SILVAK_2025-05-30_G08,10109777SILVAK,2025-05-30,109640,3,35,34,249.0
10109777SILVAK_2025-05-30_G09,10109777SILVAK,2025-05-30,"111467, 111602",2,26,26,196.0
10109777SILVAK_2025-05-30_G10,10109777SILVAK,2025-05-30,111530,1,1,0,135.0
10109777SILVAK_2025-05-30_G11,10109777SILVAK,2025-05-30,111743,1,4,0,388.0
10109777SILVAK_2025-05-30_G12,10109777SILVAK,2025-05-30,105705,1,16,0,427.0
10109777SILVAK_2025-05-30_G13,10109777SILVAK,2025-05-30,111468,2,8,5,87.0
10109777SILVAK_2025-05-30_G14,10109777SILVAK,2025-05-30,108798,1,6,0,296.0
10109777SILVAK_2025-05-30_G15,10109777SILVAK,2025-05-30,111433,3,8,15,354.0
10109777SILVAK_2025-05-30_G16,10109777SILVAK,2025-05-30,"111442, 111465",3,24,34,288.0
10109777SILVAK_2025-05-30_G17,10109777SILVAK,2025-05-30,111418,1,23,0,67.0
10109777SILVAK_2025-05-30_G18,10109777SILVAK,2025-05-30,117808,2,56,11,199.0
10109777SILVAK_2025-05-30_G19,10109777SILVAK,2025-05-30,110372,1,8,0,429.0
10109777SILVAK_2025-05-30_G20,10109777SILVAK,2025-05-30,118299,3,43,30,84.0
10109777SILVAK_2025-05-30_G21,10109777SILVAK,2025-05-30,117832,1,3,0,133.0
10109777SILVAK_2025-05-30_G22,10109777SILVAK,2025-05-30,117809,1,9,0,92.0
10109777SILVAK_2025-05-30_G23,10109777SILVAK,2025-05-30,117830,1,6,0,101.0
10109777SILVAK_2025-05-30_G24,10109777SILVAK,2025-05-30,117821,1,4,0,1466.0
10109777SILVAK_2025-05-30_G25,10109777SILVAK,2025-05-30,141047,1,1,0,121.0
10109777SILVAK_2025-05-30_G26,10109777SILVAK,2025-05-30,109933,1,20,0,772.0
10109777SILVAK_2025-05-30_G27,10109777SILVAK,2025-05-30,110895,1,49,0,477.0
10109777SILVAK_2025-05-30_G28,10109777SILVAK,2025-05-30,111437,1,1,0,92.0
10109777SILVAK_2025-05-30_G29,10109777SILVAK,2025-05-30,107892,1,2,0,67.0
10109777SILVAK_2025-05-30_G30,10109777SILVAK,2025-05-30,110423,1,4,0,88.0
10109777SILVAK_2025-05-30_G31,10109777SILVAK,2025-05-30,117835,1,18,0,190.0
10109777SILVAK_2025-05-30_G32,10109777SILVAK,2025-05-30,109937,1,8,0,598.0
10109777SILVAK_2025-05-30_G33,10109777SILVAK,2025-05-30,111445,1,5,0,58.0
10109777SILVAK_2025-05-30_G34,10109777SILVAK,2025-05-30,109974,1,5,0,226.0
10109777SILVAK_2025-05-30_G35,10109777SILVAK,2025-05-30,110747,1,13,0,172.0
10109777SILVAK_2025-05-30_G36,10109777SILVAK,2025-05-30,110754,1,11,0,297.0
10109777SILVAK_2025-05-30_G37,10109777SILVAK,2025-05-30,111440,1,8,0,106.0
10109777SILVAK_2025-05-30_G38,10109777SILVAK,2025-05-30,107254,1,8,0,118.0
10109777SILVAK_2025-05-30_G39,10109777SILVAK,2025-05-30,111438,1,17,0,417.0
10109777SILVAK_2025-05-30_G40,10109777SILVAK,2025-05-30,110895,1,4,0,1588.0
10109777SILVAK_2025-05-30_G41,10109777SILVAK,2025-05-30,111530,1,8,0,284.0
10109777SILVAK_2025-05-30_G42,10109777SILVAK,2025-05-30,111532,1,6,0,219.0
10109777SILVAK_2025-05-30_G43,10109777SILVAK,2025-05-30,160057,1,16,0,755.0
10109777SILVAK_2025-05-30_G44,10109777SILVAK,2025-05-30,111660,1,4,0,556.0
10109777SILVAK_2025-05-30_G45,10109777SILVAK,2025-05-30,118094,1,30,0,230.0
10109777SILVAK_2025-05-30_G46,10109777SILVAK,2025-05-30,111602,1,4,0,160.0
10109777SILVAK_2025-05-30_G47,10109777SILVAK,2025-05-30,111530,1,2,0,81.0
10109777SILVAK_2025-05-30_G48,10109777SILVAK,2025-05-30,111879,1,4,0,172.0
10109777SILVAK_2025-05-30_G49,10109777SILVAK,2025-05-30,110515,1,7,0,176.0
10109777SILVAK_2025-05-30_G50,10109777SILVAK,2025-05-30,105705,1,10,0,135.0
10109777SILVAK_2025-05-30_G51,10109777SILVAK,2025-05-30,160055,1,40,0,626.0
10109777SILVAK_2025-05-30_G52,10109777SILVAK,2025-05-30,160054,1,40,0,745.0
10109777SILVAK_2025-05-30_G53,10109777SILVAK,2025-05-30,110373,1,10,0,76.0
10109777SILVAK_2025-05-30_G54,10109777SILVAK,2025-05-30,110372,1,10,0,92.0
10109777SILVAK_2025-05-30_G55,10109777SILVAK,2025-05-30,117820,1,10,0,273.0
10109777SILVAK_2025-05-30_G56,10109777SILVAK,2025-05-30,160051,1,20,0,141.0
10109777SILVAK_2025-05-30_G58,10109777SILVAK,2025-05-30,117808,1,45,0,84.0
10109777SILVAK_2025-05-30_G59,10109777SILVAK,2025-05-30,118299,1,196,0,892.0
10109777SILVAK_2025-05-30_G60,10109777SILVAK,2025-05-30,118299,1,220,0,246.0
10109777SILVAK_2025-05-31_G02,10109777SILVAK,2025-05-31,110740,1,8,0,124.0
10109777SILVAK_2025-05-31_G03,10109777SILVAK,2025-05-31,118290,1,2,0,809.0
10109777SILVAK_2025-05-31_G04,10109777SILVAK,2025-05-31,118306,1,4,0,140.0
10109777SILVAK_2025-05-31_G05,10109777SILVAK,2025-05-31,110895,1,4,0,111.0
10109777SILVAK_2025-05-31_G06,10109777SILVAK,2025-05-31,111443,1,7,0,1117.0
10109777SILVAK_2025-05-31_G07,10109777SILVAK,2025-05-31,111462,1,6,0,60.0
10109777SILVAK_2025-05-31_G08,10109777SILVAK,2025-05-31,111463,1,27,0,75.0
10109777SILVAK_2025-05-31_G09,10109777SILVAK,2025-05-31,109641,1,6,0,143.0
10109777SILVAK_2025-05-31_G10,10109777SILVAK,2025-05-31,140922,1,3,0,175.0
10109777SILVAK_2025-05-31_G11,10109777SILVAK,2025-05-31,111468,1,5,0,97.0
10109777SILVAK_2025-05-31_G12,10109777SILVAK,2025-05-31,"111466, 111469",2,19,26,136.0
10109777SILVAK_2025-05-31_G13,10109777SILVAK,2025-05-31,117831,1,14,0,195.0
10109777SILVAK_2025-05-31_G14,10109777SILVAK,2025-05-31,111172,1,2,0,31.0
10109777SILVAK_2025-05-31_G15,10109777SILVAK,2025-05-31,109645,1,3,0,696.0
10109777SILVAK_2025-05-31_G16,10109777SILVAK,2025-05-31,118140,1,13,0,100.0
10109777SILVAK_2025-05-31_G17,10109777SILVAK,2025-05-31,118317,1,4,0,166.0
10109777SILVAK_2025-05-31_G18,10109777SILVAK,2025-05-31,117821,1,10,0,93.0
10109777SILVAK_2025-05-31_G19,10109777SILVAK,2025-05-31,110740,1,15,0,238.0
10109777SILVAK_2025-05-31_G20,10109777SILVAK,2025-05-31,"110787, 111465",2,7,10,115.0
10109777SILVAK_2025-05-31_G21,10109777SILVAK,2025-05-31,111418,1,30,0,926.0
10109777SILVAK_2025-05-31_G22,10109777SILVAK,2025-05-31,117785,1,22,0,261.0
10109777SILVAK_2025-05-31_G23,10109777SILVAK,2025-05-31,"111569, 111441",2,4,16,2611.0
10109777SILVAK_2025-05-31_G24,10109777SILVAK,2025-05-31,110895,1,4,0,246.0
10109777SILVAK_2025-05-31_G25,10109777SILVAK,2025-05-31,110751,1,4,0,389.0
10109777SILVAK_2025-05-31_G26,10109777SILVAK,2025-05-31,111463,1,4,0,66.0
10109777SILVAK_2025-05-31_G27,10109777SILVAK,2025-05-31,105705,1,1,0,58.0
10109777SILVAK_2025-05-31_G28,10109777SILVAK,2025-05-31,111182,1,2,0,51.0
10109777SILVAK_2025-05-31_G29,10109777SILVAK,2025-05-31,140922,2,9,6,57.0
10109777SILVAK_2025-05-31_G30,10109777SILVAK,2025-05-31,111469,1,16,0,94.0
10109777SILVAK_2025-05-31_G31,10109777SILVAK,2025-05-31,111172,1,2,0,166.0
10109777SILVAK_2025-05-31_G32,10109777SILVAK,2025-05-31,"118140, 111418",3,9,12,152.0
10109777SILVAK_2025-05-31_G33,10109777SILVAK,2025-05-31,111348,1,2,0,106.0
10109777SILVAK_2025-05-31_G34,10109777SILVAK,2025-05-31,117785,2,12,10,37.0
10109777SILVAK_2025-05-31_G35,10109777SILVAK,2025-05-31,117821,1,4,0,723.0
10109777SILVAK_2025-05-31_G36,10109777SILVAK,2025-05-31,110787,1,4,0,132.0
10109777SILVAK_2025-05-31_G37,10109777SILVAK,2025-05-31,110325,1,4,0,273.0
10109777SILVAK_2025-05-31_G38,10109777SILVAK,2025-05-31,110373,1,12,0,113.0
10109777SILVAK_2025-05-31_G39,10109777SILVAK,2025-05-31,110372,1,2,0,54.0
10109777SILVAK_2025-05-31_G40,10109777SILVAK,2025-05-31,118299,2,6,5,156.0
10109777SILVAK_2025-05-31_G41,10109777SILVAK,2025-05-31,117809,1,6,0,125.0
10109777SILVAK_2025-05-31_G42,10109777SILVAK,2025-05-31,117820,1,2,0,84.0
10109777SILVAK_2025-05-31_G43,10109777SILVAK,2025-05-31,117830,1,8,0,32.0
10109777SILVAK_2025-05-31_G44,10109777SILVAK,2025-05-31,117808,1,1,0,198.0
10109777SILVAK_2025-05-31_G45,10109777SILVAK,2025-05-31,110742,1,4,0,595.0
10109777SILVAK_2025-05-31_G46,10109777SILVAK,2025-05-31,117935,1,2,0,244.0
10109777SILVAK_2025-05-31_G47,10109777SILVAK,2025-05-31,110515,1,4,0,115.0
10109777SILVAK_2025-05-31_G48,10109777SILVAK,2025-05-31,108794,1,6,0,460.0
10109777SILVAK_2025-05-31_G49,10109777SILVAK,2025-05-31,108795,1,2,0,128.0
10109777SILVAK_2025-05-31_G50,10109777SILVAK,2025-05-31,111463,1,4,0,86.0
10109777SILVAK_2025-05-31_G51,10109777SILVAK,2025-05-31,111469,1,4,0,120.0
10109777SILVAK_2025-05-31_G52,10109777SILVAK,2025-05-31,110325,1,4,0,64.0
10109777SILVAK_2025-05-31_G53,10109777SILVAK,2025-05-31,110374,1,4,0,41.0
10109777SILVAK_2025-05-31_G54,10109777SILVAK,2025-05-31,110372,1,5,0,144.0
10109777SILVAK_2025-05-31_G55,10109777SILVAK,2025-05-31,118299,2,8,10,151.0
10109777SILVAK_2025-05-31_G56,10109777SILVAK,2025-05-31,117832,1,2,0,138.0
10109777SILVAK_2025-05-31_G57,10109777SILVAK,2025-05-31,117820,1,4,0,143.0
10109777SILVAK_2025-05-31_G58,10109777SILVAK,2025-05-31,110374,1,2,0,523.0
10109777SILVAK_2025-05-31_G59,10109777SILVAK,2025-05-31,110373,1,2,0,384.0
10109777SILVAK_2025-05-31_G60,10109777SILVAK,2025-05-31,117820,1,3,0,122.0
10109777SILVAK_2025-05-31_G61,10109777SILVAK,2025-05-31,"117862, 110515",2,4,14,402.0
10109777SILVAK_2025-05-31_G62,10109777SILVAK,2025-05-31,108795,1,4,0,158.0
10109777SILVAK_2025-05-31_G63,10109777SILVAK,2025-05-31,"111462, 111463",2,5,26,102.0
10109777SILVAK_2025-05-31_G64,10109777SILVAK,2025-05-31,110745,1,1,0,90.0
10109777SILVAK_2025-05-31_G65,10109777SILVAK,2025-05-31,117831,1,4,0,103.0
10109777SILVAK_2025-05-31_G66,10109777SILVAK,2025-05-31,"118140, 111465",2,7,12,129.0
10109777SILVAK_2025-05-31_G67,10109777SILVAK,2025-05-31,110325,1,2,0,394.0
10109777SILVAK_2025-05-31_G68,10109777SILVAK,2025-05-31,110372,1,6,0,101.0
10109777SILVAK_2025-05-31_G69,10109777SILVAK,2025-05-31,118299,2,29,12,75.0
10109777SILVAK_2025-05-31_G70,10109777SILVAK,2025-05-31,"117832, 117808",2,10,11,113.0
10109777SILVAK_2025-05-31_G71,10109777SILVAK,2025-05-31,"117820, 117830",2,12,22,407.0
10109777SILVAK_2025-05-31_G72,10109777SILVAK,2025-05-31,"110895, 110747",2,4,19,223.0
10109777SILVAK_2025-05-31_G73,10109777SILVAK,2025-05-31,109647,1,3,0,144.0
10109777SILVAK_2025-05-31_G75,10109777SILVAK,2025-05-31,110742,1,4,0,203.0
10109777SILVAK_2025-05-31_G76,10109777SILVAK,2025-05-31,108794,1,1,0,346.0
10109777SILVAK_2025-05-31_G77,10109777SILVAK,2025-05-31,110515,1,4,0,107.0
10109777SILVAK_2025-05-31_G78,10109777SILVAK,2025-05-31,111743,1,8,0,275.0
10109777SILVAK_2025-05-31_G79,10109777SILVAK,2025-05-31,118222,1,4,0,279.0
10109777SILVAK_2025-05-31_G80,10109777SILVAK,2025-05-31,117820,1,25,0,1450.0
10109777SILVAK_2025-05-31_G81,10109777SILVAK,2025-05-31,110325,1,10,0,46.0
10109777SILVAK_2025-05-31_G82,10109777SILVAK,2025-05-31,110374,1,8,0,122.0
10109777SILVAK_2025-05-31_G83,10109777SILVAK,2025-05-31,109643,1,4,0,47.0
10109777SILVAK_2025-05-31_G84,10109777SILVAK,2025-05-31,"141202, 117809",2,8,10,166.0
10109777SILVAK_2025-06-07_G02,10109777SILVAK,2025-06-07,110371,1,1,0,178.0
10109777SILVAK_2025-06-07_G03,10109777SILVAK,2025-06-07,110371,1,4,0,703.0
10109777SILVAK_2025-06-07_G04,10109777SILVAK,2025-06-07,110733,1,2,0,251.0
10109777SILVAK_2025-06-07_G05,10109777SILVAK,2025-06-07,111438,1,2,0,89.0
10109777SILVAK_2025-06-07_G06,10109777SILVAK,2025-06-07,109640,1,2,0,192.0
10109777SILVAK_2025-06-07_G07,10109777SILVAK,2025-06-07,111467,1,4,0,93.0
10109777SILVAK_2025-06-07_G08,10109777SILVAK,2025-06-07,111463,1,7,0,303.0
10109777SILVAK_2025-06-07_G09,10109777SILVAK,2025-06-07,111466,1,5,0,225.0
10109777SILVAK_2025-06-07_G10,10109777SILVAK,2025-06-07,111431,1,4,0,146.0
10109777SILVAK_2025-06-07_G11,10109777SILVAK,2025-06-07,111418,2,20,10,288.0
10109777SILVAK_2025-06-07_G12,10109777SILVAK,2025-06-07,118140,1,2,0,152.0
10109777SILVAK_2025-06-07_G13,10109777SILVAK,2025-06-07,117785,1,5,0,154.0
10109777SILVAK_2025-06-07_G14,10109777SILVAK,2025-06-07,110787,1,5,0,134.0
10109777SILVAK_2025-06-07_G15,10109777SILVAK,2025-06-07,107236,1,4,0,246.0
10109777SILVAK_2025-06-09_G02,10109777SILVAK,2025-06-09,111569,1,1,0,182.0
10109777SILVAK_2025-06-09_G03,10109777SILVAK,2025-06-09,117862,1,3,0,133.0
10109777SILVAK_2025-06-09_G04,10109777SILVAK,2025-06-09,117855,1,5,0,117.0
10109777SILVAK_2025-06-09_G05,10109777SILVAK,2025-06-09,110515,1,1,0,117.0
10109777SILVAK_2025-06-09_G06,10109777SILVAK,2025-06-09,111469,1,3,0,177.0
10109777SILVAK_2025-06-09_G07,10109777SILVAK,2025-06-09,111532,1,2,0,81.0
10109777SILVAK_2025-06-09_G08,10109777SILVAK,2025-06-09,111418,1,14,0,273.0
10109777SILVAK_2025-06-09_G09,10109777SILVAK,2025-06-09,118140,1,2,0,67.0
10109777SILVAK_2025-06-09_G10,10109777SILVAK,2025-06-09,110374,1,4,0,106.0
10109777SILVAK_2025-06-09_G11,10109777SILVAK,2025-06-09,117808,1,24,0,238.0
10109777SILVAK_2025-06-09_G12,10109777SILVAK,2025-06-09,118299,1,10,0,114.0
10109777SILVAK_2025-06-09_G13,10109777SILVAK,2025-06-09,110372,1,5,0,137.0
10109777SILVAK_2025-06-09_G14,10109777SILVAK,2025-06-09,117830,1,1,0,108.0
10109777SILVAK_2025-06-09_G15,10109777SILVAK,2025-06-09,110747,1,2,0,568.0
10109777SILVAK_2025-06-09_G16,10109777SILVAK,2025-06-09,118222,1,8,0,215.0
10109777SILVAK_2025-06-09_G17,10109777SILVAK,2025-06-09,117855,1,3,0,243.0
10109777SILVAK_2025-06-09_G18,10109777SILVAK,2025-06-09,110515,1,5,0,145.0
10109777SILVAK_2025-06-09_G19,10109777SILVAK,2025-06-09,111469,1,3,0,149.0
10109777SILVAK_2025-06-09_G20,10109777SILVAK,2025-06-09,105705,1,5,0,148.0
10109777SILVAK_2025-06-09_G21,10109777SILVAK,2025-06-09,111182,1,1,0,39.0
10109777SILVAK_2025-06-09_G22,10109777SILVAK,2025-06-09,111532,1,11,0,441.0
10109777SILVAK_2025-06-09_G23,10109777SILVAK,2025-06-09,111418,1,15,0,418.0
10109777SILVAK_2025-06-09_G24,10109777SILVAK,2025-06-09,118140,1,7,0,113.0
10109777SILVAK_2025-06-09_G25,10109777SILVAK,2025-06-09,118317,1,2,0,64.0
10109777SILVAK_2025-06-09_G26,10109777SILVAK,2025-06-09,111530,1,16,0,626.0
10109777SILVAK_2025-06-09_G27,10109777SILVAK,2025-06-09,110325,1,4,0,152.0
10109777SILVAK_2025-06-09_G28,10109777SILVAK,2025-06-09,117808,1,4,0,175.0
10109777SILVAK_2025-06-09_G29,10109777SILVAK,2025-06-09,110373,1,18,0,88.0
10109777SILVAK_2025-06-09_G30,10109777SILVAK,2025-06-09,118299,1,8,0,289.0
10109777SILVAK_2025-06-09_G31,10109777SILVAK,2025-06-09,110750,1,4,0,105.0
10109777SILVAK_2025-06-09_G32,10109777SILVAK,2025-06-09,110742,1,4,0,848.0
10109777SILVAK_2025-06-09_G33,10109777SILVAK,2025-06-09,100334,1,1,0,131.0
10109777SILVAK_2025-06-09_G34,10109777SILVAK,2025-06-09,110755,1,2,0,98.0
10109777SILVAK_2025-06-09_G35,10109777SILVAK,2025-06-09,117835,1,1,0,49.0
10109777SILVAK_2025-06-09_G36,10109777SILVAK,2025-06-09,110895,1,3,0,79.0
10109777SILVAK_2025-06-09_G37,10109777SILVAK,2025-06-09,110741,1,2,0,95.0
10109777SILVAK_2025-06-09_G38,10109777SILVAK,2025-06-09,111467,1,2,0,82.0
10109777SILVAK_2025-06-09_G39,10109777SILVAK,2025-06-09,117853,1,4,0,2523.0
10109777SILVAK_2025-06-09_G40,10109777SILVAK,2025-06-09,111463,1,2,0,119.0
10109777SILVAK_2025-06-09_G41,10109777SILVAK,2025-06-09,111469,1,2,0,111.0
10109777SILVAK_2025-06-09_G42,10109777SILVAK,2025-06-09,110745,1,4,0,82.0
10109777SILVAK_2025-06-09_G43,10109777SILVAK,2025-06-09,111172,1,3,0,98.0
10109777SILVAK_2025-06-09_G44,10109777SILVAK,2025-06-09,111418,1,4,0,150.0
10109777SILVAK_2025-06-09_G45,10109777SILVAK,2025-06-09,118140,1,3,0,87.0
10109777SILVAK_2025-06-09_G46,10109777SILVAK,2025-06-09,110373,1,4,0,246.0
10109777SILVAK_2025-06-09_G47,10109777SILVAK,2025-06-09,118299,1,6,0,94.0
10109777SILVAK_2025-06-09_G48,10109777SILVAK,2025-06-09,110372,1,3,0,58.0
10109777SILVAK_2025-06-09_G49,10109777SILVAK,2025-06-09,"111430, 100334",2,8,17,387.0
10109777SILVAK_2025-06-09_G50,10109777SILVAK,2025-06-09,111441,1,10,0,307.0
10109777SILVAK_2025-06-09_G51,10109777SILVAK,2025-06-09,111438,1,2,0,117.0
10109777SILVAK_2025-06-09_G52,10109777SILVAK,2025-06-09,111569,1,10,0,218.0
10109777SILVAK_2025-06-09_G53,10109777SILVAK,2025-06-09,107629,1,4,0,151.0
10109777SILVAK_2025-06-09_G54,10109777SILVAK,2025-06-09,117855,1,6,0,113.0
10109777SILVAK_2025-06-09_G55,10109777SILVAK,2025-06-09,110373,1,2,0,229.0
10109777SILVAK_2025-06-09_G56,10109777SILVAK,2025-06-09,110371,1,2,0,272.0
10109777SILVAK_2025-06-09_G57,10109777SILVAK,2025-06-09,110755,1,27,0,537.0
10109777SILVAK_2025-06-09_G58,10109777SILVAK,2025-06-09,111462,1,8,0,80.0
10109777SILVAK_2025-06-09_G59,10109777SILVAK,2025-06-09,111463,1,4,0,170.0
10109777SILVAK_2025-06-09_G60,10109777SILVAK,2025-06-09,111463,1,10,0,35.0
10109777SILVAK_2025-06-09_G61,10109777SILVAK,2025-06-09,140922,1,4,0,150.0
10109777SILVAK_2025-06-09_G62,10109777SILVAK,2025-06-09,110745,1,4,0,49.0
10109777SILVAK_2025-06-09_G63,10109777SILVAK,2025-06-09,118140,1,10,0,162.0
10109777SILVAK_2025-06-09_G64,10109777SILVAK,2025-06-09,111442,1,9,0,413.0
10109777SILVAK_2025-06-09_G65,10109777SILVAK,2025-06-09,111465,1,10,0,56.0
10109777SILVAK_2025-06-09_G66,10109777SILVAK,2025-06-09,110742,1,5,0,1075.0
10109777SILVAK_2025-06-09_G67,10109777SILVAK,2025-06-09,"111430, 100334",2,7,28,100.0
10109777SILVAK_2025-06-09_G68,10109777SILVAK,2025-06-09,111438,1,4,0,147.0
10109777SILVAK_2025-06-09_G70,10109777SILVAK,2025-06-09,109937,1,3,0,171.0
10109777SILVAK_2025-06-09_G71,10109777SILVAK,2025-06-09,110747,1,23,0,650.0
10109777SILVAK_2025-06-09_G72,10109777SILVAK,2025-06-09,110895,1,18,0,174.0
10109777SILVAK_2025-06-09_G73,10109777SILVAK,2025-06-09,109647,1,11,0,1005.0
10109777SILVAK_2025-06-09_G74,10109777SILVAK,2025-06-09,109640,1,14,0,742.0
10109777SILVAK_2025-06-09_G75,10109777SILVAK,2025-06-09,111439,1,2,0,160.0
10109777SILVAK_2025-06-09_G76,10109777SILVAK,2025-06-09,110733,1,5,0,165.0
10109777SILVAK_2025-06-09_G77,10109777SILVAK,2025-06-09,111602,1,14,0,129.0
10109777SILVAK_2025-06-09_G78,10109777SILVAK,2025-06-09,110515,1,24,0,478.0
10109777SILVAK_2025-06-09_G79,10109777SILVAK,2025-06-09,109640,1,6,0,65.0
10109777SILVAK_2025-06-09_G80,10109777SILVAK,2025-06-09,117855,1,31,0,1153.0
10109777SILVAK_2025-06-09_G81,10109777SILVAK,2025-06-09,117832,1,2,0,507.0
10109777SILVAK_2025-06-09_G82,10109777SILVAK,2025-06-09,118299,1,33,0,126.0
10109777SILVAK_2025-06-09_G83,10109777SILVAK,2025-06-09,110374,2,39,18,312.0
10109777SILVAK_2025-06-10_G02,10109777SILVAK,2025-06-10,111418,1,6,0,74.0
10109777SILVAK_2025-06-10_G03,10109777SILVAK,2025-06-10,118317,1,13,0,322.0
10109777SILVAK_2025-06-10_G04,10109777SILVAK,2025-06-10,111442,1,8,0,37.0
10109777SILVAK_2025-06-10_G05,10109777SILVAK,2025-06-10,107236,2,12,7,186.0
10109777SILVAK_2025-06-10_G06,10109777SILVAK,2025-06-10,117831,1,3,0,273.0
10109777SILVAK_2025-06-10_G07,10109777SILVAK,2025-06-10,110371,1,2,0,138.0
10109777SILVAK_2025-06-10_G08,10109777SILVAK,2025-06-10,110372,1,15,0,171.0
10109777SILVAK_2025-06-10_G09,10109777SILVAK,2025-06-10,117820,1,12,0,168.0
10109777SILVAK_2025-06-10_G10,10109777SILVAK,2025-06-10,111530,1,12,0,918.0
10109777SILVAK_2025-06-10_G11,10109777SILVAK,2025-06-10,108772,1,2,0,229.0
10109777SILVAK_2025-06-10_G12,10109777SILVAK,2025-06-10,111463,1,6,0,114.0
10109777SILVAK_2025-06-10_G13,10109777SILVAK,2025-06-10,117855,1,4,0,144.0
10109777SILVAK_2025-06-10_G14,10109777SILVAK,2025-06-10,110515,1,7,0,810.0
10109777SILVAK_2025-06-10_G15,10109777SILVAK,2025-06-10,111435,1,2,0,1033.0
10109777SILVAK_2025-06-10_G16,10109777SILVAK,2025-06-10,111743,1,6,0,90.0
10109777SILVAK_2025-06-10_G17,10109777SILVAK,2025-06-10,111462,1,7,0,143.0
10109777SILVAK_2025-06-10_G18,10109777SILVAK,2025-06-10,111463,1,4,0,84.0
10109777SILVAK_2025-06-10_G19,10109777SILVAK,2025-06-10,111469,1,4,0,70.0
10109777SILVAK_2025-06-10_G20,10109777SILVAK,2025-06-10,118140,1,2,0,77.0
10109777SILVAK_2025-06-10_G21,10109777SILVAK,2025-06-10,111418,1,10,0,432.0
10109777SILVAK_2025-06-10_G22,10109777SILVAK,2025-06-10,111465,1,8,0,224.0
10109777SILVAK_2025-06-10_G23,10109777SILVAK,2025-06-10,110374,1,12,0,42.0
10109777SILVAK_2025-06-10_G24,10109777SILVAK,2025-06-10,"117822, 110373",2,28,20,390.0
10109777SILVAK_2025-06-10_G25,10109777SILVAK,2025-06-10,"117820, 108772",2,26,22,238.0
10109777SILVAK_2025-06-10_G26,10109777SILVAK,2025-06-10,100334,1,4,0,1130.0
10109777SILVAK_2025-06-10_G27,10109777SILVAK,2025-06-10,111438,1,4,0,164.0
10109777SILVAK_2025-06-10_G28,10109777SILVAK,2025-06-10,107629,1,2,0,223.0
10109777SILVAK_2025-06-10_G29,10109777SILVAK,2025-06-10,111467,1,8,0,123.0
10109777SILVAK_2025-06-10_G30,10109777SILVAK,2025-06-10,110733,1,6,0,100.0
10109777SILVAK_2025-06-10_G31,10109777SILVAK,2025-06-10,"111530, 110515",2,30,24,233.0
10109777SILVAK_2025-06-10_G32,10109777SILVAK,2025-06-10,111443,1,2,0,697.0
10109777SILVAK_2025-06-10_G33,10109777SILVAK,2025-06-10,111462,1,6,0,315.0
10109777SILVAK_2025-06-10_G34,10109777SILVAK,2025-06-10,111463,1,6,0,130.0
10109777SILVAK_2025-06-10_G35,10109777SILVAK,2025-06-10,"117785, 111469",2,18,15,157.0
10109777SILVAK_2025-06-10_G36,10109777SILVAK,2025-06-10,140922,1,16,0,289.0
10109777SILVAK_2025-06-10_G37,10109777SILVAK,2025-06-10,111466,1,10,0,227.0
10109777SILVAK_2025-06-10_G38,10109777SILVAK,2025-06-10,108711,1,10,0,261.0
10109777SILVAK_2025-06-10_G39,10109777SILVAK,2025-06-10,111532,1,4,0,50.0
10109777SILVAK_2025-06-10_G40,10109777SILVAK,2025-06-10,111418,1,10,0,200.0
10109777SILVAK_2025-06-10_G41,10109777SILVAK,2025-06-10,118140,1,14,0,392.0
10109777SILVAK_2025-06-10_G42,10109777SILVAK,2025-06-10,109645,1,12,0,157.0
10109777SILVAK_2025-06-10_G43,10109777SILVAK,2025-06-10,117787,1,4,0,69.0
10109777SILVAK_2025-06-10_G44,10109777SILVAK,2025-06-10,"107236, 111465",2,11,15,74.0
10109777SILVAK_2025-06-10_G45,10109777SILVAK,2025-06-10,110325,1,12,0,80.0
10109777SILVAK_2025-06-10_G46,10109777SILVAK,2025-06-10,117831,1,14,0,720.0
10109777SILVAK_2025-06-10_G47,10109777SILVAK,2025-06-10,117808,1,88,0,799.0
10109777SILVAK_2025-06-10_G49,10109777SILVAK,2025-06-10,117808,1,10,0,166.0
10109777SILVAK_2025-06-10_G50,10109777SILVAK,2025-06-10,110373,1,2,0,129.0
10109777SILVAK_2025-06-10_G51,10109777SILVAK,2025-06-10,109648,1,2,0,70.0
10109777SILVAK_2025-06-10_G52,10109777SILVAK,2025-06-10,118299,1,20,0,57.0
10109777SILVAK_2025-06-10_G53,10109777SILVAK,2025-06-10,110372,1,8,0,266.0
10109777SILVAK_2025-06-10_G54,10109777SILVAK,2025-06-10,110375,1,2,0,59.0
10109777SILVAK_2025-06-10_G55,10109777SILVAK,2025-06-10,141202,1,2,0,121.0
10109777SILVAK_2025-06-10_G56,10109777SILVAK,2025-06-10,117820,1,3,0,228.0
10109777SILVAK_2025-06-10_G57,10109777SILVAK,2025-06-10,111468,1,4,0,152.0
10109777SILVAK_2025-06-10_G58,10109777SILVAK,2025-06-10,111172,1,2,0,65.0
10109777SILVAK_2025-06-10_G59,10109777SILVAK,2025-06-10,118140,1,3,0,118.0
10109777SILVAK_2025-06-10_G60,10109777SILVAK,2025-06-10,117842,1,2,0,70.0
10109777SILVAK_2025-06-10_G61,10109777SILVAK,2025-06-10,"117787, 111465",2,6,11,143.0
10109777SILVAK_2025-06-10_G62,10109777SILVAK,2025-06-10,110733,1,4,0,192.0
10109777SILVAK_2025-06-10_G63,10109777SILVAK,2025-06-10,109648,1,4,0,1438.0
10109777SILVAK_2025-06-10_G64,10109777SILVAK,2025-06-10,109648,1,2,0,109.0
10109777SILVAK_2025-06-10_G65,10109777SILVAK,2025-06-10,109640,1,3,0,177.0
10109777SILVAK_2025-06-10_G66,10109777SILVAK,2025-06-10,"110376, 109648",2,6,18,83.0
10109777SILVAK_2025-06-10_G67,10109777SILVAK,2025-06-10,110325,1,10,0,115.0
10109777SILVAK_2025-06-10_G68,10109777SILVAK,2025-06-10,111443,1,4,0,1407.0
10109777SILVAK_2025-06-10_G69,10109777SILVAK,2025-06-10,117831,1,5,0,131.0
10109777SILVAK_2025-06-10_G70,10109777SILVAK,2025-06-10,111469,2,32,19,282.0
10109777SILVAK_2025-06-10_G71,10109777SILVAK,2025-06-10,140922,1,2,0,108.0
10109777SILVAK_2025-06-10_G72,10109777SILVAK,2025-06-10,111466,1,6,0,50.0
10109777SILVAK_2025-06-10_G73,10109777SILVAK,2025-06-10,117841,1,5,0,55.0
10109777SILVAK_2025-06-10_G74,10109777SILVAK,2025-06-10,"111172, 118140",2,24,24,121.0
10109777SILVAK_2025-06-11_G02,10109777SILVAK,2025-06-11,118169,1,4,0,102.0
10109777SILVAK_2025-06-11_G03,10109777SILVAK,2025-06-11,111467,1,8,0,170.0
10109777SILVAK_2025-06-11_G04,10109777SILVAK,2025-06-11,117832,1,6,0,122.0
10109777SILVAK_2025-06-11_G05,10109777SILVAK,2025-06-11,117831,1,14,0,160.0
10109777SILVAK_2025-06-11_G06,10109777SILVAK,2025-06-11,111462,1,14,0,139.0
10109777SILVAK_2025-06-11_G07,10109777SILVAK,2025-06-11,117820,1,50,0,540.0
10109777SILVAK_2025-06-11_G08,10109777SILVAK,2025-06-11,160051,1,15,0,36.0
10109777SILVAK_2025-06-11_G09,10109777SILVAK,2025-06-11,160053,1,2,0,139.0
10109777SILVAK_2025-06-11_G10,10109777SILVAK,2025-06-11,160055,1,10,0,78.0
10109777SILVAK_2025-06-11_G11,10109777SILVAK,2025-06-11,111463,1,20,0,720.0
10109777SILVAK_2025-06-11_G12,10109777SILVAK,2025-06-11,109641,1,30,0,696.0
10109777SILVAK_2025-06-11_G13,10109777SILVAK,2025-06-11,111182,1,20,0,185.0
10109777SILVAK_2025-06-11_G14,10109777SILVAK,2025-06-11,111466,1,10,0,121.0
10109777SILVAK_2025-06-11_G15,10109777SILVAK,2025-06-11,118140,1,16,0,371.0
10109777SILVAK_2025-06-11_G16,10109777SILVAK,2025-06-11,118223,1,10,0,174.0
10109777SILVAK_2025-06-11_G17,10109777SILVAK,2025-06-11,111348,1,10,0,237.0
10109777SILVAK_2025-06-11_G18,10109777SILVAK,2025-06-11,111876,1,7,0,1100.0
10109777SILVAK_2025-06-11_G19,10109777SILVAK,2025-06-11,109640,2,12,7,124.0
10109777SILVAK_2025-06-11_G20,10109777SILVAK,2025-06-11,110733,2,10,25,229.0
10109777SILVAK_2025-06-11_G21,10109777SILVAK,2025-06-11,"110374, 118299",2,13,23,134.0
10109777SILVAK_2025-06-11_G22,10109777SILVAK,2025-06-11,117832,1,6,0,61.0
10109777SILVAK_2025-06-11_G23,10109777SILVAK,2025-06-11,110372,1,1,0,62.0
10109777SILVAK_2025-06-11_G24,10109777SILVAK,2025-06-11,117830,1,8,0,37.0
10109777SILVAK_2025-06-11_G25,10109777SILVAK,2025-06-11,"110371, 110373",2,14,23,241.0
10109777SILVAK_2025-06-11_G26,10109777SILVAK,2025-06-11,117820,1,10,0,307.0
10109777SILVAK_2025-06-11_G27,10109777SILVAK,2025-06-11,141047,1,2,0,1068.0
10109777SILVAK_2025-06-11_G28,10109777SILVAK,2025-06-11,110339,1,6,0,128.0
10109777SILVAK_2025-06-12_G02,10109777SILVAK,2025-06-12,108798,1,8,0,315.0
10109777SILVAK_2025-06-12_G03,10109777SILVAK,2025-06-12,111602,1,7,0,47.0
10109777SILVAK_2025-06-12_G04,10109777SILVAK,2025-06-12,141262,2,22,15,297.0
10109777SILVAK_2025-06-12_G05,10109777SILVAK,2025-06-12,111754,2,2,11,136.0
10109777SILVAK_2025-06-12_G06,10109777SILVAK,2025-06-12,108701,1,4,0,137.0
10109777SILVAK_2025-06-12_G07,10109777SILVAK,2025-06-12,140922,1,6,0,130.0
10109777SILVAK_2025-06-12_G08,10109777SILVAK,2025-06-12,105242,1,2,0,455.0
10109777SILVAK_2025-06-12_G09,10109777SILVAK,2025-06-12,110755,1,4,0,635.0
10109777SILVAK_2025-06-12_G10,10109777SILVAK,2025-06-12,110747,1,1,0,117.0
10109777SILVAK_2025-06-12_G11,10109777SILVAK,2025-06-12,111850,1,1,0,98.0
10109777SILVAK_2025-06-12_G12,10109777SILVAK,2025-06-12,118222,1,4,0,160.0
10109777SILVAK_2025-06-12_G13,10109777SILVAK,2025-06-12,109647,1,2,0,1052.0
10109777SILVAK_2025-06-12_G14,10109777SILVAK,2025-06-12,117935,1,3,0,140.0
10109777SILVAK_2025-06-12_G15,10109777SILVAK,2025-06-12,110515,1,3,0,272.0
10109777SILVAK_2025-06-12_G16,10109777SILVAK,2025-06-12,117855,1,3,0,113.0
10109777SILVAK_2025-06-12_G17,10109777SILVAK,2025-06-12,117861,1,4,0,121.0
10109777SILVAK_2025-06-12_G18,10109777SILVAK,2025-06-12,111530,2,6,5,260.0
10109777SILVAK_2025-06-12_G19,10109777SILVAK,2025-06-12,111602,1,3,0,170.0
10109777SILVAK_2025-06-12_G20,10109777SILVAK,2025-06-12,109641,1,2,0,571.0
10109777SILVAK_2025-06-12_G21,10109777SILVAK,2025-06-12,"108794, 111463",2,6,13,333.0
10109777SILVAK_2025-06-12_G22,10109777SILVAK,2025-06-12,111182,1,2,0,125.0
10109777SILVAK_2025-06-12_G23,10109777SILVAK,2025-06-12,140922,1,1,0,34.0
10109777SILVAK_2025-06-12_G24,10109777SILVAK,2025-06-12,111172,2,3,9,128.0
10109777SILVAK_2025-06-12_G25,10109777SILVAK,2025-06-12,"111462, 111418",2,5,18,166.0
10109777SILVAK_2025-06-12_G26,10109777SILVAK,2025-06-12,"109645, 111465",2,11,16,144.0
10109777SILVAK_2025-06-12_G27,10109777SILVAK,2025-06-12,110325,1,2,0,294.0
10109777SILVAK_2025-06-12_G28,10109777SILVAK,2025-06-12,110374,1,5,0,313.0
10109777SILVAK_2025-06-12_G29,10109777SILVAK,2025-06-12,110374,1,4,0,105.0
10109777SILVAK_2025-06-12_G30,10109777SILVAK,2025-06-12,117808,1,10,0,769.0
10109777SILVAK_2025-06-12_G31,10109777SILVAK,2025-06-12,109643,1,7,0,78.0
10109777SILVAK_2025-06-12_G32,10109777SILVAK,2025-06-12,110373,2,25,15,82.0
10109777SILVAK_2025-06-12_G33,10109777SILVAK,2025-06-12,118299,1,8,0,300.0
10109777SILVAK_2025-06-12_G34,10109777SILVAK,2025-06-12,110372,2,34,24,93.0
10109777SILVAK_2025-06-12_G35,10109777SILVAK,2025-06-12,117830,1,6,0,68.0
10109777SILVAK_2025-06-12_G36,10109777SILVAK,2025-06-12,117809,2,3,6,80.0
10109777SILVAK_2025-06-12_G37,10109777SILVAK,2025-06-12,117820,1,5,0,40.0
10109777SILVAK_2025-06-12_G38,10109777SILVAK,2025-06-12,111754,1,5,0,679.0
10109777SILVAK_2025-06-12_G39,10109777SILVAK,2025-06-12,111754,3,5,16,178.0
10109777SILVAK_2025-06-12_G40,10109777SILVAK,2025-06-12,111532,1,20,0,864.0
10109777SILVAK_2025-06-12_G41,10109777SILVAK,2025-06-12,108759,1,4,0,653.0
10109777SILVAK_2025-06-12_G42,10109777SILVAK,2025-06-12,110747,1,4,0,97.0
10109777SILVAK_2025-06-12_G43,10109777SILVAK,2025-06-12,110895,1,4,0,89.0
10109777SILVAK_2025-06-12_G44,10109777SILVAK,2025-06-12,117808,1,8,0,31.0
10109777SILVAK_2025-06-12_G45,10109777SILVAK,2025-06-12,109643,1,4,0,33.0
10109777SILVAK_2025-06-12_G46,10109777SILVAK,2025-06-12,110373,1,64,0,299.0
10109777SILVAK_2025-06-12_G47,10109777SILVAK,2025-06-12,110373,1,2,0,248.0
10109777SILVAK_2025-06-12_G48,10109777SILVAK,2025-06-12,110372,1,8,0,58.0
10109777SILVAK_2025-06-12_G49,10109777SILVAK,2025-06-12,"110371, 117809",2,12,8,165.0
10109777SILVAK_2025-06-12_G50,10109777SILVAK,2025-06-12,117820,1,5,0,53.0
10109777SILVAK_2025-06-12_G51,10109777SILVAK,2025-06-12,110895,1,2,0,1302.0
10109777SILVAK_2025-06-12_G52,10109777SILVAK,2025-06-12,110313,1,6,0,323.0
10109777SILVAK_2025-06-12_G53,10109777SILVAK,2025-06-12,110733,1,2,0,142.0
10109777SILVAK_2025-06-12_G54,10109777SILVAK,2025-06-12,111602,1,12,0,81.0
10109777SILVAK_2025-06-12_G55,10109777SILVAK,2025-06-12,111743,1,4,0,523.0
10109777SILVAK_2025-06-12_G56,10109777SILVAK,2025-06-12,140922,1,4,0,102.0
10109777SILVAK_2025-06-12_G57,10109777SILVAK,2025-06-12,108711,1,4,0,94.0
10109777SILVAK_2025-06-12_G58,10109777SILVAK,2025-06-12,"118140, 110373",2,12,25,115.0
10109777SILVAK_2025-06-12_G59,10109777SILVAK,2025-06-12,117834,1,2,0,677.0
10109777SILVAK_2025-06-12_G60,10109777SILVAK,2025-06-12,110895,1,4,0,159.0
10109777SILVAK_2025-06-12_G61,10109777SILVAK,2025-06-12,111569,1,4,0,95.0
10109777SILVAK_2025-06-12_G62,10109777SILVAK,2025-06-12,141047,1,2,0,407.0
10109777SILVAK_2025-06-12_G63,10109777SILVAK,2025-06-12,108701,1,2,0,147.0
10109777SILVAK_2025-06-12_G64,10109777SILVAK,2025-06-12,117854,1,2,0,52.0
10109777SILVAK_2025-06-12_G65,10109777SILVAK,2025-06-12,118094,1,1,0,34.0
10109777SILVAK_2025-06-12_G66,10109777SILVAK,2025-06-12,110515,1,5,0,51.0
10109777SILVAK_2025-06-12_G67,10109777SILVAK,2025-06-12,117862,1,7,0,164.0
10109777SILVAK_2025-06-12_G68,10109777SILVAK,2025-06-12,110313,1,7,0,294.0
10109777SILVAK_2025-06-12_G69,10109777SILVAK,2025-06-12,117786,1,2,0,82.0
10109777SILVAK_2025-06-12_G70,10109777SILVAK,2025-06-12,110733,1,3,0,76.0
10109777SILVAK_2025-06-12_G71,10109777SILVAK,2025-06-12,117856,1,8,0,91.0
10109777SILVAK_2025-06-12_G72,10109777SILVAK,2025-06-12,111602,1,20,0,354.0
10109777SILVAK_2025-06-12_G73,10109777SILVAK,2025-06-12,111743,1,1,0,244.0
10109777SILVAK_2025-06-12_G74,10109777SILVAK,2025-06-12,108794,1,9,0,117.0
10109777SILVAK_2025-06-12_G75,10109777SILVAK,2025-06-12,110745,1,6,0,163.0
10109777SILVAK_2025-06-12_G76,10109777SILVAK,2025-06-12,117841,1,2,0,63.0
10109777SILVAK_2025-06-12_G77,10109777SILVAK,2025-06-12,111462,1,8,0,210.0
10109777SILVAK_2025-06-12_G78,10109777SILVAK,2025-06-12,111442,1,1,0,139.0
10109777SILVAK_2025-06-12_G80,10109777SILVAK,2025-06-12,110375,1,4,0,432.0
10109777SILVAK_2025-06-12_G81,10109777SILVAK,2025-06-12,117809,1,4,0,48.0
10109777SILVAK_2025-06-12_G82,10109777SILVAK,2025-06-12,117820,1,16,0,78.0
10109777SILVAK_2025-06-12_G83,10109777SILVAK,2025-06-12,108772,1,1,0,560.0
10109777SILVAK_2025-06-12_G84,10109777SILVAK,2025-06-12,110372,1,30,0,355.0
10109777SILVAK_2025-06-12_G85,10109777SILVAK,2025-06-12,110373,1,40,0,328.0
10109777SILVAK_2025-06-12_G86,10109777SILVAK,2025-06-12,111850,1,4,0,285.0
10109777SILVAK_2025-06-12_G87,10109777SILVAK,2025-06-12,111469,1,10,0,120.0
10109777SILVAK_2025-06-12_G88,10109777SILVAK,2025-06-12,111530,1,10,0,91.0
10109777SILVAK_2025-06-12_G89,10109777SILVAK,2025-06-12,110313,1,4,0,226.0
10109777SILVAK_2025-06-12_G90,10109777SILVAK,2025-06-12,111602,1,12,0,126.0
10109777SILVAK_2025-06-12_G91,10109777SILVAK,2025-06-12,117854,1,2,0,95.0
10109777SILVAK_2025-06-12_G92,10109777SILVAK,2025-06-12,111602,1,6,0,262.0
10109777SILVAK_2025-06-13_G02,10109777SILVAK,2025-06-13,110742,1,1,0,760.0
10109777SILVAK_2025-06-13_G03,10109777SILVAK,2025-06-13,111439,1,8,0,480.0
10109777SILVAK_2025-06-13_G04,10109777SILVAK,2025-06-13,111466,1,14,0,38.0
10109777SILVAK_2025-06-13_G05,10109777SILVAK,2025-06-13,110787,1,8,0,622.0
10109777SILVAK_2025-06-13_G06,10109777SILVAK,2025-06-13,108772,1,12,0,2452.0
10109777SILVAK_2025-06-13_G07,10109777SILVAK,2025-06-13,108772,1,6,0,101.0
10109777SILVAK_2025-06-13_G08,10109777SILVAK,2025-06-13,110787,1,4,0,207.0
10109777SILVAK_2025-06-13_G09,10109777SILVAK,2025-06-13,117834,1,4,0,182.0
10109777SILVAK_2025-06-13_G10,10109777SILVAK,2025-06-13,117836,1,4,0,99.0
10109777SILVAK_2025-06-13_G11,10109777SILVAK,2025-06-13,"110376, 111465",2,4,17,113.0
10109777SILVAK_2025-06-13_G12,10109777SILVAK,2025-06-13,110755,1,10,0,819.0
10109777SILVAK_2025-06-13_G13,10109777SILVAK,2025-06-13,110747,1,30,0,301.0
10109777SILVAK_2025-06-13_G14,10109777SILVAK,2025-06-13,111467,1,10,0,252.0
10109777SILVAK_2025-06-13_G15,10109777SILVAK,2025-06-13,110733,1,10,0,224.0
10109777SILVAK_2025-06-13_G16,10109777SILVAK,2025-06-13,109645,1,10,0,57.0
10109777SILVAK_2025-06-13_G17,10109777SILVAK,2025-06-13,118317,1,20,0,541.0
10109777SILVAK_2025-06-13_G18,10109777SILVAK,2025-06-13,110374,1,20,0,839.0
10109777SILVAK_2025-06-13_G19,10109777SILVAK,2025-06-13,117808,1,30,0,40.0
10109777SILVAK_2025-06-13_G20,10109777SILVAK,2025-06-13,109643,1,10,0,41.0
10109777SILVAK_2025-06-13_G21,10109777SILVAK,2025-06-13,117830,1,10,0,123.0
10109777SILVAK_2025-06-13_G22,10109777SILVAK,2025-06-13,116241,1,4,0,546.0
10109777SILVAK_2025-06-13_G23,10109777SILVAK,2025-06-13,160057,1,6,0,594.0
10109777SILVAK_2025-06-13_G24,10109777SILVAK,2025-06-13,117820,1,2,0,172.0
10109777SILVAK_2025-06-13_G25,10109777SILVAK,2025-06-13,110372,1,3,0,300.0
10109777SILVAK_2025-06-13_G26,10109777SILVAK,2025-06-13,110787,1,2,0,59.0
10109777SILVAK_2025-06-13_G27,10109777SILVAK,2025-06-13,110787,1,3,0,434.0
10109777SILVAK_2025-06-13_G28,10109777SILVAK,2025-06-13,110373,1,5,0,99.0
10109777SILVAK_2025-06-13_G29,10109777SILVAK,2025-06-13,118299,1,3,0,69.0
10109777SILVAK_2025-06-13_G30,10109777SILVAK,2025-06-13,117808,1,256,0,1948.0
10109777SILVAK_2025-06-13_G31,10109777SILVAK,2025-06-13,108711,2,10,5,648.0
10109777SILVAK_2025-06-13_G32,10109777SILVAK,2025-06-13,111532,1,7,0,110.0
10109777SILVAK_2025-06-13_G33,10109777SILVAK,2025-06-13,111462,1,2,0,146.0
10109777SILVAK_2025-06-13_G35,10109777SILVAK,2025-06-13,118140,2,4,10,283.0
10109777SILVAK_2025-06-13_G36,10109777SILVAK,2025-06-13,111465,1,6,0,35.0
10109777SILVAK_2025-06-13_G37,10109777SILVAK,2025-06-13,111463,1,11,0,183.0
10109777SILVAK_2025-06-13_G38,10109777SILVAK,2025-06-13,111469,2,24,14,102.0
10109777SILVAK_2025-06-13_G39,10109777SILVAK,2025-06-13,111466,2,11,8,214.0
10109777SILVAK_2025-06-13_G40,10109777SILVAK,2025-06-13,117820,1,2,0,96.0
10109777SILVAK_2025-06-13_G41,10109777SILVAK,2025-06-13,118140,1,76,0,695.0
10109777SILVAK_2025-06-13_G42,10109777SILVAK,2025-06-13,111418,1,95,0,129.0
10109777SILVAK_2025-06-13_G43,10109777SILVAK,2025-06-13,118222,1,3,0,1399.0
10109777SILVAK_2025-06-13_G44,10109777SILVAK,2025-06-13,111469,1,2,0,288.0
10109777SILVAK_2025-06-13_G45,10109777SILVAK,2025-06-13,118140,1,2,0,37.0
10109777SILVAK_2025-06-13_G46,10109777SILVAK,2025-06-13,110372,1,7,0,85.0
10109777SILVAK_2025-06-13_G47,10109777SILVAK,2025-06-13,110376,1,2,0,302.0
10109777SILVAK_2025-06-13_G48,10109777SILVAK,2025-06-13,110742,1,4,0,175.0
10109777SILVAK_2025-06-13_G49,10109777SILVAK,2025-06-13,140911,1,2,0,102.0
10109777SILVAK_2025-06-13_G50,10109777SILVAK,2025-06-13,110582,1,4,0,82.0
10109777SILVAK_2025-06-13_G51,10109777SILVAK,2025-06-13,110747,1,2,0,62.0
10109777SILVAK_2025-06-13_G52,10109777SILVAK,2025-06-13,111430,1,5,0,180.0
10109777SILVAK_2025-06-13_G53,10109777SILVAK,2025-06-13,111850,1,8,0,113.0
10109777SILVAK_2025-06-13_G54,10109777SILVAK,2025-06-13,111569,1,21,0,2045.0
10109777SILVAK_2025-06-13_G55,10109777SILVAK,2025-06-13,109933,1,4,0,427.0
10109777SILVAK_2025-06-14_G02,10109777SILVAK,2025-06-14,117831,1,20,0,271.0
10109777SILVAK_2025-06-14_G03,10109777SILVAK,2025-06-14,111532,1,35,0,335.0
10109777SILVAK_2025-06-14_G04,10109777SILVAK,2025-06-14,111462,1,56,0,681.0
10109777SILVAK_2025-06-14_G05,10109777SILVAK,2025-06-14,117785,1,160,0,386.0
10109777SILVAK_2025-06-14_G06,10109777SILVAK,2025-06-14,111418,1,374,0,552.0
10109777SILVAK_2025-06-14_G07,10109777SILVAK,2025-06-14,117821,1,16,0,571.0
10109777SILVAK_2025-06-14_G08,10109777SILVAK,2025-06-14,118140,1,86,0,212.0
10109777SILVAK_2025-06-14_G09,10109777SILVAK,2025-06-14,111438,1,5,0,716.0
10109777SILVAK_2025-06-14_G10,10109777SILVAK,2025-06-14,111602,1,33,0,110.0
10109777SILVAK_2025-06-14_G11,10109777SILVAK,2025-06-14,111532,1,32,0,1059.0
10109777SILVAK_2025-06-14_G12,10109777SILVAK,2025-06-14,108798,1,2,0,122.0
10109777SILVAK_2025-06-14_G13,10109777SILVAK,2025-06-14,111602,1,3,0,58.0
10109777SILVAK_2025-06-14_G14,10109777SILVAK,2025-06-14,140911,1,2,0,205.0
10109777SILVAK_2025-06-14_G15,10109777SILVAK,2025-06-14,110733,1,2,0,114.0
10109777SILVAK_2025-06-14_G16,10109777SILVAK,2025-06-14,117808,1,682,0,407.0
10109777SILVAK_2025-06-14_G17,10109777SILVAK,2025-06-14,100334,1,2,0,1559.0
10109777SILVAK_2025-06-14_G18,10109777SILVAK,2025-06-14,109643,1,10,0,34.0
10109777SILVAK_2025-06-14_G19,10109777SILVAK,2025-06-14,111463,1,2,0,141.0
10109777SILVAK_2025-06-14_G20,10109777SILVAK,2025-06-14,111446,1,4,0,100.0
10109777SILVAK_2025-06-14_G21,10109777SILVAK,2025-06-14,111442,1,6,0,109.0
10109777SILVAK_2025-06-14_G22,10109777SILVAK,2025-06-14,110787,2,4,20,61.0
10109777SILVAK_2025-06-14_G23,10109777SILVAK,2025-06-14,110372,1,4,0,61.0
10109777SILVAK_2025-06-14_G24,10109777SILVAK,2025-06-14,118140,1,10,0,311.0
10109777SILVAK_2025-06-14_G26,10109777SILVAK,2025-06-14,110374,1,28,0,499.0
10109777SILVAK_2025-06-14_G27,10109777SILVAK,2025-06-14,117808,1,261,0,500.0
10109777SILVAK_2025-06-14_G28,10109777SILVAK,2025-06-14,117822,1,10,0,561.0
10109777SILVAK_2025-06-14_G29,10109777SILVAK,2025-06-14,117822,1,13,0,63.0
10109777SILVAK_2025-06-14_G30,10109777SILVAK,2025-06-14,"141202, 117809",2,26,10,393.0
10109777SILVAK_2025-06-14_G31,10109777SILVAK,2025-06-14,117809,1,25,0,45.0
10109777SILVAK_2025-06-14_G32,10109777SILVAK,2025-06-14,110372,1,27,0,50.0
10109777SILVAK_2025-06-14_G33,10109777SILVAK,2025-06-14,118191,1,640,0,1119.0
10109777SILVAK_2025-06-14_G35,10109777SILVAK,2025-06-14,110372,1,94,0,244.0
10109777SILVAK_2025-06-14_G36,10109777SILVAK,2025-06-14,117830,1,5,0,182.0
10109777SILVAK_2025-06-14_G37,10109777SILVAK,2025-06-14,110375,1,8,0,106.0
10109777SILVAK_2025-06-14_G38,10109777SILVAK,2025-06-14,117809,1,45,0,367.0
10109777SILVAK_2025-06-14_G39,10109777SILVAK,2025-06-14,117820,1,29,0,308.0
10109777SILVAK_2025-06-14_G40,10109777SILVAK,2025-06-14,110325,1,25,0,795.0
10109777SILVAK_2025-06-14_G41,10109777SILVAK,2025-06-14,110376,1,4,0,117.0
10109777SILVAK_2025-06-14_G42,10109777SILVAK,2025-06-14,117832,1,12,0,178.0
10109777SILVAK_2025-06-14_G43,10109777SILVAK,2025-06-14,110373,1,105,0,429.0
10109777SILVAK_2025-06-14_G44,10109777SILVAK,2025-06-14,109643,1,38,0,292.0
10109777SILVAK_2025-06-16_G02,10109777SILVAK,2025-06-16,118280,1,20,0,96.0
10109777SILVAK_2025-06-16_G03,10109777SILVAK,2025-06-16,105272,1,2,0,103.0
10109777SILVAK_2025-06-16_G04,10109777SILVAK,2025-06-16,109974,1,12,0,345.0
10109777SILVAK_2025-06-16_G05,10109777SILVAK,2025-06-16,108794,1,4,0,3052.0
10109777SILVAK_2025-06-16_G06,10109777SILVAK,2025-06-16,140922,1,30,0,417.0
10109777SILVAK_2025-06-16_G07,10109777SILVAK,2025-06-16,110373,1,20,0,129.0
10109777SILVAK_2025-06-16_G08,10109777SILVAK,2025-06-16,110787,2,9,29,483.0
10109777SILVAK_2025-06-16_G09,10109777SILVAK,2025-06-16,110787,1,2,0,148.0
10109777SILVAK_2025-06-16_G10,10109777SILVAK,2025-06-16,109640,1,4,0,295.0
10109777SILVAK_2025-06-16_G11,10109777SILVAK,2025-06-16,110373,1,4,0,84.0
10109777SILVAK_2025-06-16_G12,10109777SILVAK,2025-06-16,111442,1,4,0,131.0
10109777SILVAK_2025-06-16_G13,10109777SILVAK,2025-06-16,110313,1,8,0,276.0
10109777SILVAK_2025-06-16_G14,10109777SILVAK,2025-06-16,117831,1,4,0,101.0
10109777SILVAK_2025-06-16_G15,10109777SILVAK,2025-06-16,111466,1,4,0,61.0
10109777SILVAK_2025-06-16_G16,10109777SILVAK,2025-06-16,111465,1,8,0,296.0
10109777SILVAK_2025-06-16_G17,10109777SILVAK,2025-06-16,111602,1,40,0,579.0
10109777SILVAK_2025-06-16_G18,10109777SILVAK,2025-06-16,111434,1,4,0,210.0
10109777SILVAK_2025-06-16_G19,10109777SILVAK,2025-06-16,109640,1,6,0,148.0
10109777SILVAK_2025-06-16_G20,10109777SILVAK,2025-06-16,109640,1,14,0,163.0
10109777SILVAK_2025-06-16_G21,10109777SILVAK,2025-06-16,118094,1,8,0,562.0
10109777SILVAK_2025-06-16_G22,10109777SILVAK,2025-06-16,111602,1,20,0,430.0
10109777SILVAK_2025-06-16_G23,10109777SILVAK,2025-06-16,111441,1,3,0,1665.0
10109777SILVAK_2025-06-16_G24,10109777SILVAK,2025-06-16,117965,1,2,0,140.0
10109777SILVAK_2025-06-16_G25,10109777SILVAK,2025-06-16,117862,1,4,0,181.0
10109777SILVAK_2025-06-16_G26,10109777SILVAK,2025-06-16,117856,1,4,0,95.0
10109777SILVAK_2025-06-16_G27,10109777SILVAK,2025-06-16,117785,1,2,0,182.0
10109777SILVAK_2025-06-16_G28,10109777SILVAK,2025-06-16,105705,1,4,0,103.0
10109777SILVAK_2025-06-16_G29,10109777SILVAK,2025-06-16,111469,1,2,0,38.0
10109777SILVAK_2025-06-16_G30,10109777SILVAK,2025-06-16,140922,1,4,0,78.0
10109777SILVAK_2025-06-16_G31,10109777SILVAK,2025-06-16,109641,1,6,0,212.0
10109777SILVAK_2025-06-16_G32,10109777SILVAK,2025-06-16,"109645, 111418",2,20,11,120.0
10109777SILVAK_2025-06-16_G33,10109777SILVAK,2025-06-16,110374,1,2,0,359.0
10109777SILVAK_2025-06-16_G34,10109777SILVAK,2025-06-16,117832,1,1,0,131.0
10109777SILVAK_2025-06-16_G35,10109777SILVAK,2025-06-16,117830,1,8,0,88.0
10109777SILVAK_2025-06-16_G36,10109777SILVAK,2025-06-16,118299,1,9,0,142.0
10109777SILVAK_2025-06-16_G37,10109777SILVAK,2025-06-16,140915,1,4,0,537.0
10109777SILVAK_2025-06-16_G38,10109777SILVAK,2025-06-16,110895,1,4,0,465.0
10109777SILVAK_2025-06-16_G39,10109777SILVAK,2025-06-16,111438,1,3,0,201.0
10109777SILVAK_2025-06-16_G40,10109777SILVAK,2025-06-16,141047,1,3,0,320.0
10109777SILVAK_2025-06-16_G41,10109777SILVAK,2025-06-16,141066,1,2,0,112.0
10109777SILVAK_2025-06-16_G42,10109777SILVAK,2025-06-16,110515,1,11,0,258.0
10109777SILVAK_2025-06-16_G43,10109777SILVAK,2025-06-16,117855,1,5,0,122.0
10109777SILVAK_2025-06-16_G44,10109777SILVAK,2025-06-16,117853,1,1,0,128.0
10109777SILVAK_2025-06-16_G45,10109777SILVAK,2025-06-16,111602,1,8,0,180.0
10109777SILVAK_2025-06-16_G46,10109777SILVAK,2025-06-16,111532,2,16,8,228.0
10109777SILVAK_2025-06-16_G47,10109777SILVAK,2025-06-16,117842,1,3,0,112.0
10109777SILVAK_2025-06-16_G48,10109777SILVAK,2025-06-16,109641,1,4,0,72.0
10109777SILVAK_2025-06-16_G49,10109777SILVAK,2025-06-16,118223,1,3,0,170.0
10109777SILVAK_2025-06-16_G50,10109777SILVAK,2025-06-16,109645,1,4,0,75.0
10109777SILVAK_2025-06-16_G51,10109777SILVAK,2025-06-16,118317,1,15,0,341.0
10109777SILVAK_2025-06-16_G52,10109777SILVAK,2025-06-16,111435,1,3,0,172.0
10109777SILVAK_2025-06-16_G53,10109777SILVAK,2025-06-16,110325,1,3,0,55.0
10109777SILVAK_2025-06-16_G54,10109777SILVAK,2025-06-16,"160054, 117808",2,13,24,75.0
10109777SILVAK_2025-06-16_G55,10109777SILVAK,2025-06-16,109643,1,5,0,53.0
10109777SILVAK_2025-06-16_G56,10109777SILVAK,2025-06-16,117830,1,3,0,278.0
10109777SILVAK_2025-06-16_G58,10109777SILVAK,2025-06-16,110371,1,7,0,134.0
10109777SILVAK_2025-06-16_G59,10109777SILVAK,2025-06-16,111439,1,16,0,441.0
10109777SILVAK_2025-06-16_G60,10109777SILVAK,2025-06-16,110372,1,41,0,268.0
10109777SILVAK_2025-06-16_G61,10109777SILVAK,2025-06-16,111438,1,2,0,2191.0
10109777SILVAK_2025-06-16_G62,10109777SILVAK,2025-06-16,117834,1,4,0,144.0
10109777SILVAK_2025-06-16_G63,10109777SILVAK,2025-06-16,"111876, 110515",2,10,25,91.0
10109777SILVAK_2025-06-16_G64,10109777SILVAK,2025-06-16,110752,1,2,0,224.0
10109777SILVAK_2025-06-16_G65,10109777SILVAK,2025-06-16,"111439, 111602",2,4,18,83.0
10109777SILVAK_2025-06-16_G66,10109777SILVAK,2025-06-16,111530,1,14,0,224.0
10109777SILVAK_2025-06-16_G67,10109777SILVAK,2025-06-16,110751,1,4,0,194.0
10109777SILVAK_2025-06-16_G68,10109777SILVAK,2025-06-16,111182,1,2,0,89.0
10109777SILVAK_2025-06-16_G69,10109777SILVAK,2025-06-16,111466,1,6,0,86.0
10109777SILVAK_2025-06-16_G70,10109777SILVAK,2025-06-16,"108711, 111532",2,6,16,91.0
10109777SILVAK_2025-06-16_G71,10109777SILVAK,2025-06-16,111465,1,4,0,114.0
10109777SILVAK_2025-06-16_G72,10109777SILVAK,2025-06-16,110374,1,6,0,107.0
10109777SILVAK_2025-06-16_G73,10109777SILVAK,2025-06-16,117808,2,38,8,385.0
10109777SILVAK_2025-06-16_G74,10109777SILVAK,2025-06-16,110372,1,18,0,386.0
10109777SILVAK_2025-06-16_G75,10109777SILVAK,2025-06-16,110373,1,26,0,132.0
10109777SILVAK_2025-06-16_G76,10109777SILVAK,2025-06-16,111738,1,8,0,750.0
10109777SILVAK_2025-06-16_G77,10109777SILVAK,2025-06-16,111755,1,4,0,363.0
10109777SILVAK_2025-06-16_G78,10109777SILVAK,2025-06-16,111753,1,8,0,340.0
10109777SILVAK_2025-06-16_G79,10109777SILVAK,2025-06-16,141262,1,8,0,329.0
10109777SILVAK_2025-06-16_G80,10109777SILVAK,2025-06-16,111740,1,8,0,73.0
10109777SILVAK_2025-06-17_G02,10109777SILVAK,2025-06-17,110515,1,8,0,227.0
10109777SILVAK_2025-06-17_G03,10109777SILVAK,2025-06-17,111532,1,6,0,263.0
10109777SILVAK_2025-06-17_G04,10109777SILVAK,2025-06-17,111752,1,11,0,696.0
10109777SILVAK_2025-06-17_G05,10109777SILVAK,2025-06-17,118094,1,8,0,182.0
10109777SILVAK_2025-06-17_G06,10109777SILVAK,2025-06-17,107629,1,10,0,130.0
10109777SILVAK_2025-06-17_G07,10109777SILVAK,2025-06-17,110515,1,20,0,36.0
10109777SILVAK_2025-06-17_G08,10109777SILVAK,2025-06-17,111757,1,4,0,299.0
10109777SILVAK_2025-06-17_G09,10109777SILVAK,2025-06-17,111530,1,40,0,1023.0
10109777SILVAK_2025-06-17_G10,10109777SILVAK,2025-06-17,111602,1,25,0,1282.0
10109777SILVAK_2025-06-17_G11,10109777SILVAK,2025-06-17,111739,1,4,0,322.0
10109777SILVAK_2025-06-17_G12,10109777SILVAK,2025-06-17,117785,1,16,0,419.0
10109777SILVAK_2025-06-17_G13,10109777SILVAK,2025-06-17,108794,1,15,0,179.0
10109777SILVAK_2025-06-17_G14,10109777SILVAK,2025-06-17,111463,1,20,0,40.0
10109777SILVAK_2025-06-17_G15,10109777SILVAK,2025-06-17,"117831, 111466",2,24,24,634.0
10109777SILVAK_2025-06-17_G16,10109777SILVAK,2025-06-17,111754,1,10,0,157.0
10109777SILVAK_2025-06-17_G17,10109777SILVAK,2025-06-17,111172,1,20,0,411.0
10109777SILVAK_2025-06-17_G18,10109777SILVAK,2025-06-17,108798,1,12,0,175.0
10109777SILVAK_2025-06-17_G19,10109777SILVAK,2025-06-17,108711,1,10,0,76.0
10109777SILVAK_2025-06-17_G20,10109777SILVAK,2025-06-17,111532,1,25,0,79.0
10109777SILVAK_2025-06-17_G21,10109777SILVAK,2025-06-17,111759,1,10,0,250.0
10109777SILVAK_2025-06-17_G22,10109777SILVAK,2025-06-17,110376,1,12,0,335.0
10109777SILVAK_2025-06-17_G23,10109777SILVAK,2025-06-17,117832,1,6,0,76.0
10109777SILVAK_2025-06-17_G24,10109777SILVAK,2025-06-17,117830,1,10,0,52.0
10109777SILVAK_2025-06-17_G25,10109777SILVAK,2025-06-17,110373,1,20,0,261.0
10109777SILVAK_2025-06-17_G26,10109777SILVAK,2025-06-17,118299,1,30,0,142.0
10109777SILVAK_2025-06-17_G27,10109777SILVAK,2025-06-17,111722,1,100,0,260.0
10109777SILVAK_2025-06-17_G28,10109777SILVAK,2025-06-17,"110372, 117809",2,12,22,205.0
10109777SILVAK_2025-06-17_G29,10109777SILVAK,2025-06-17,118191,1,50,0,318.0
10109777SILVAK_2025-06-17_G30,10109777SILVAK,2025-06-17,111741,1,10,0,936.0
10109777SILVAK_2025-06-17_G31,10109777SILVAK,2025-06-17,111751,1,50,0,537.0
10109777SILVAK_2025-06-17_G32,10109777SILVAK,2025-06-17,111761,1,25,0,587.0
10109777SILVAK_2025-06-17_G33,10109777SILVAK,2025-06-17,111723,1,25,0,285.0
10109777SILVAK_2025-06-17_G34,10109777SILVAK,2025-06-17,111753,1,20,0,1428.0
10109777SILVAK_2025-06-17_G35,10109777SILVAK,2025-06-17,111737,1,20,0,1299.0
10109777SILVAK_2025-06-17_G36,10109777SILVAK,2025-06-17,111742,1,50,0,890.0
10109777SILVAK_2025-06-17_G38,10109777SILVAK,2025-06-17,117808,1,500,0,600.0
10109777SILVAK_2025-06-17_G39,10109777SILVAK,2025-06-17,118299,1,540,0,884.0
10109777SILVAK_2025-06-17_G40,10109777SILVAK,2025-06-17,117809,1,100,0,251.0
10109777SILVAK_2025-06-17_G41,10109777SILVAK,2025-06-17,111532,1,100,0,637.0
10109777SILVAK_2025-06-17_G42,10109777SILVAK,2025-06-17,111431,1,1,0,64.0
10109777SILVAK_2025-06-17_G43,10109777SILVAK,2025-06-17,114100,1,2,0,72.0
10109777SILVAK_2025-06-17_G44,10109777SILVAK,2025-06-17,111435,1,2,0,75.0
10109777SILVAK_2025-06-17_G45,10109777SILVAK,2025-06-17,117838,1,10,0,211.0
10109777SILVAK_2025-06-17_G46,10109777SILVAK,2025-06-17,117822,1,10,0,206.0
10109777SILVAK_2025-06-17_G47,10109777SILVAK,2025-06-17,108794,1,50,0,1435.0
10109777SILVAK_2025-06-17_G48,10109777SILVAK,2025-06-17,110372,1,70,0,660.0
10109777SILVAK_2025-06-17_G49,10109777SILVAK,2025-06-17,114092,1,10,0,198.0
10109777SILVAK_2025-06-17_G50,10109777SILVAK,2025-06-17,110371,1,50,0,556.0
10109777SILVAK_2025-06-17_G51,10109777SILVAK,2025-06-17,117820,1,48,0,264.0
10109777SILVAK_2025-06-17_G52,10109777SILVAK,2025-06-17,110373,1,50,0,359.0
10109777SILVAK_2025-06-18_G02,10109777SILVAK,2025-06-18,110339,1,4,0,250.0
10109777SILVAK_2025-06-18_G03,10109777SILVAK,2025-06-18,"117786, 110515",2,6,13,118.0
10109777SILVAK_2025-06-18_G04,10109777SILVAK,2025-06-18,117855,1,4,0,228.0
10109777SILVAK_2025-06-18_G05,10109777SILVAK,2025-06-18,140922,1,4,0,113.0
10109777SILVAK_2025-06-18_G06,10109777SILVAK,2025-06-18,110745,1,2,0,60.0
10109777SILVAK_2025-06-18_G07,10109777SILVAK,2025-06-18,117833,1,2,0,100.0
10109777SILVAK_2025-06-18_G08,10109777SILVAK,2025-06-18,111172,1,2,0,70.0
10109777SILVAK_2025-06-18_G09,10109777SILVAK,2025-06-18,118140,1,2,0,87.0
10109777SILVAK_2025-06-18_G10,10109777SILVAK,2025-06-18,117808,1,8,0,161.0
10109777SILVAK_2025-06-18_G11,10109777SILVAK,2025-06-18,108701,1,7,0,2342.0
10109777SILVAK_2025-06-18_G12,10109777SILVAK,2025-06-18,118094,1,3,0,214.0
10109777SILVAK_2025-06-18_G13,10109777SILVAK,2025-06-18,110515,1,6,0,82.0
10109777SILVAK_2025-06-18_G14,10109777SILVAK,2025-06-18,111602,1,16,0,278.0
10109777SILVAK_2025-06-18_G15,10109777SILVAK,2025-06-18,111532,1,8,0,35.0
10109777SILVAK_2025-06-18_G16,10109777SILVAK,2025-06-18,110681,1,2,0,1171.0
10109777SILVAK_2025-06-18_G18,10109777SILVAK,2025-06-18,110733,1,16,0,290.0
10109777SILVAK_2025-06-18_G19,10109777SILVAK,2025-06-18,117786,1,20,0,181.0
10109777SILVAK_2025-06-18_G20,10109777SILVAK,2025-06-18,110515,1,10,0,151.0
10109777SILVAK_2025-06-18_G21,10109777SILVAK,2025-06-18,117855,1,20,0,245.0
10109777SILVAK_2025-06-18_G22,10109777SILVAK,2025-06-18,111602,1,10,0,347.0
10109777SILVAK_2025-06-18_G23,10109777SILVAK,2025-06-18,117856,1,10,0,219.0
10109777SILVAK_2025-06-18_G24,10109777SILVAK,2025-06-18,111530,1,16,0,122.0
10109777SILVAK_2025-06-18_G25,10109777SILVAK,2025-06-18,117862,1,16,0,253.0
10109777SILVAK_2025-06-18_G26,10109777SILVAK,2025-06-18,111467,1,11,0,374.0
10109777SILVAK_2025-06-18_G27,10109777SILVAK,2025-06-18,117820,1,70,0,554.0
10109777SILVAK_2025-06-18_G28,10109777SILVAK,2025-06-18,117809,1,70,0,720.0
10109777SILVAK_2025-06-18_G29,10109777SILVAK,2025-06-18,111466,1,1600,0,2304.0
10109777SILVAK_2025-06-18_G31,10109777SILVAK,2025-06-18,"110787, 110325",3,8,47,189.0
10109777SILVAK_2025-06-18_G32,10109777SILVAK,2025-06-18,110752,1,4,0,206.0
10109777SILVAK_2025-06-18_G33,10109777SILVAK,2025-06-18,117935,1,8,0,489.0
10109777SILVAK_2025-06-18_G34,10109777SILVAK,2025-06-18,111418,1,4,0,393.0
10109777SILVAK_2025-06-18_G35,10109777SILVAK,2025-06-18,117808,1,4,0,42.0
10109777SILVAK_2025-06-18_G36,10109777SILVAK,2025-06-18,110373,1,4,0,83.0
10109777SILVAK_2025-06-18_G37,10109777SILVAK,2025-06-18,110372,1,4,0,124.0
10109777SILVAK_2025-06-18_G38,10109777SILVAK,2025-06-18,118222,1,8,0,360.0
10109777SILVAK_2025-06-18_G39,10109777SILVAK,2025-06-18,"117862, 110515",2,16,17,277.0
10109777SILVAK_2025-06-18_G40,10109777SILVAK,2025-06-18,111465,1,12,0,202.0
10109777SILVAK_2025-06-18_G41,10109777SILVAK,2025-06-18,111330,1,3,0,236.0
10109777SILVAK_2025-06-18_G42,10109777SILVAK,2025-06-18,110733,1,20,0,818.0
10109777SILVAK_2025-06-18_G43,10109777SILVAK,2025-06-18,111602,1,20,0,41.0
10109777SILVAK_2025-06-18_G44,10109777SILVAK,2025-06-18,140922,1,4,0,243.0
10109777SILVAK_2025-06-18_G45,10109777SILVAK,2025-06-18,117836,1,20,0,437.0
10109777SILVAK_2025-06-18_G46,10109777SILVAK,2025-06-18,110787,1,8,0,73.0
10109777SILVAK_2025-06-18_G47,10109777SILVAK,2025-06-18,117834,1,4,0,196.0
10109777SILVAK_2025-06-18_G48,10109777SILVAK,2025-06-18,117808,1,8,0,86.0
10109777SILVAK_2025-06-19_G02,10109777SILVAK,2025-06-19,111172,1,16,0,214.0
10109777SILVAK_2025-06-19_G03,10109777SILVAK,2025-06-19,117842,1,4,0,140.0
10109777SILVAK_2025-06-19_G04,10109777SILVAK,2025-06-19,118317,1,3,0,74.0
10109777SILVAK_2025-06-19_G05,10109777SILVAK,2025-06-19,110787,1,40,0,126.0
10109777SILVAK_2025-06-19_G06,10109777SILVAK,2025-06-19,"118140, 111465",2,38,27,374.0
10109777SILVAK_2025-06-19_G07,10109777SILVAK,2025-06-19,111330,1,8,0,372.0
10109777SILVAK_2025-06-19_G08,10109777SILVAK,2025-06-19,111418,1,40,0,203.0
10109777SILVAK_2025-06-19_G09,10109777SILVAK,2025-06-19,117831,1,15,0,954.0
10109777SILVAK_2025-06-19_G10,10109777SILVAK,2025-06-19,111466,1,30,0,337.0
10109777SILVAK_2025-06-19_G11,10109777SILVAK,2025-06-19,111469,1,40,0,660.0
10109777SILVAK_2025-06-19_G12,10109777SILVAK,2025-06-19,108759,3,26,27,1093.0
10109777SILVAK_2025-06-19_G13,10109777SILVAK,2025-06-19,111438,1,6,0,497.0
10109777SILVAK_2025-06-19_G14,10109777SILVAK,2025-06-19,117935,1,8,0,185.0
10109777SILVAK_2025-06-19_G15,10109777SILVAK,2025-06-19,117853,2,8,7,282.0
10109777SILVAK_2025-06-19_G16,10109777SILVAK,2025-06-19,117862,1,60,0,527.0
10109777SILVAK_2025-06-19_G17,10109777SILVAK,2025-06-19,110787,1,6,0,381.0
10109777SILVAK_2025-06-19_G18,10109777SILVAK,2025-06-19,111465,1,20,0,113.0
10109777SILVAK_2025-06-19_G19,10109777SILVAK,2025-06-19,117785,1,150,0,514.0
10109777SILVAK_2025-06-19_G20,10109777SILVAK,2025-06-19,110325,1,50,0,324.0
10109777SILVAK_2025-06-19_G21,10109777SILVAK,2025-06-19,117820,1,100,0,174.0
10109777SILVAK_2025-06-19_G22,10109777SILVAK,2025-06-19,110371,1,50,0,191.0
10109777SILVAK_2025-06-19_G23,10109777SILVAK,2025-06-19,118299,1,250,0,1308.0
10109777SILVAK_2025-06-19_G24,10109777SILVAK,2025-06-19,110372,1,130,0,607.0
10109777SILVAK_2025-06-19_G25,10109777SILVAK,2025-06-19,110371,1,200,0,638.0
10109777SILVAK_2025-06-19_G26,10109777SILVAK,2025-06-19,117820,1,80,0,433.0
10109777SILVAK_2025-06-19_G27,10109777SILVAK,2025-06-19,117820,1,60,0,143.0
10109777SILVAK_2025-06-19_G28,10109777SILVAK,2025-06-19,117808,1,800,0,1329.0
10109777SILVAK_2025-06-19_G29,10109777SILVAK,2025-06-19,117808,1,83,0,1774.0
10109777SILVAK_2025-06-19_G30,10109777SILVAK,2025-06-19,110325,1,16,0,398.0
10109777SILVAK_2025-06-19_G31,10109777SILVAK,2025-06-19,110374,1,15,0,131.0
10109777SILVAK_2025-06-19_G32,10109777SILVAK,2025-06-19,110373,1,60,0,241.0
10109777SILVAK_2025-06-19_G33,10109777SILVAK,2025-06-19,117822,2,35,9,674.0
10109777SILVAK_2025-06-19_G34,10109777SILVAK,2025-06-19,117832,1,7,0,211.0
10109777SILVAK_2025-06-19_G35,10109777SILVAK,2025-06-19,111431,1,8,0,131.0
10109777SILVAK_2025-06-19_G36,10109777SILVAK,2025-06-19,117821,1,6,0,74.0
10109777SILVAK_2025-06-19_G37,10109777SILVAK,2025-06-19,141823,1,9,0,101.0
10109777SILVAK_2025-06-19_G38,10109777SILVAK,2025-06-19,111444,1,11,0,64.0
10109777SILVAK_2025-06-19_G39,10109777SILVAK,2025-06-19,111465,1,8,0,189.0
10109777SILVAK_2025-06-19_G40,10109777SILVAK,2025-06-19,"111876, 109640",2,11,8,207.0
10109777SILVAK_2025-06-19_G41,10109777SILVAK,2025-06-19,117837,1,10,0,98.0
10109777SILVAK_2025-06-19_G42,10109777SILVAK,2025-06-19,111434,1,4,0,208.0
10109777SILVAK_2025-06-19_G43,10109777SILVAK,2025-06-19,117853,1,6,0,316.0
10109777SILVAK_2025-06-19_G44,10109777SILVAK,2025-06-19,110747,1,4,0,156.0
10109777SILVAK_2025-06-19_G45,10109777SILVAK,2025-06-19,110742,1,6,0,85.0
10109777SILVAK_2025-06-19_G46,10109777SILVAK,2025-06-19,111447,1,4,0,96.0
10109777SILVAK_2025-06-19_G47,10109777SILVAK,2025-06-19,100334,1,10,0,303.0
10109777SILVAK_2025-06-19_G48,10109777SILVAK,2025-06-19,111655,1,6,0,149.0
10109777SILVAK_2025-06-19_G50,10109777SILVAK,2025-06-19,117808,1,700,0,921.0
10109777SILVAK_2025-06-20_G02,10109777SILVAK,2025-06-20,111660,1,4,0,273.0
10109777SILVAK_2025-06-20_G03,10109777SILVAK,2025-06-20,110339,1,10,0,763.0
10109777SILVAK_2025-06-20_G04,10109777SILVAK,2025-06-20,109640,1,20,0,49.0
10109777SILVAK_2025-06-20_G05,10109777SILVAK,2025-06-20,118298,1,14,0,387.0
10109777SILVAK_2025-06-20_G06,10109777SILVAK,2025-06-20,117837,1,20,0,284.0
10109777SILVAK_2025-06-20_G07,10109777SILVAK,2025-06-20,117855,1,20,0,139.0
10109777SILVAK_2025-06-20_G08,10109777SILVAK,2025-06-20,110733,1,30,0,516.0
10109777SILVAK_2025-06-20_G09,10109777SILVAK,2025-06-20,111434,1,8,0,230.0
10109777SILVAK_2025-06-20_G10,10109777SILVAK,2025-06-20,108795,1,10,0,369.0
10109777SILVAK_2025-06-20_G11,10109777SILVAK,2025-06-20,111182,1,4,0,748.0
10109777SILVAK_2025-06-20_G12,10109777SILVAK,2025-06-20,117838,1,10,0,149.0
10109777SILVAK_2025-06-20_G13,10109777SILVAK,2025-06-20,111466,1,20,0,416.0
10109777SILVAK_2025-06-20_G14,10109777SILVAK,2025-06-20,114091,1,16,0,91.0
10109777SILVAK_2025-06-20_G15,10109777SILVAK,2025-06-20,114092,1,20,0,352.0
10109777SILVAK_2025-06-20_G16,10109777SILVAK,2025-06-20,117809,1,50,0,477.0
10109777SILVAK_2025-06-20_G17,10109777SILVAK,2025-06-20,110372,1,50,0,1175.0
10109777SILVAK_2025-06-20_G18,10109777SILVAK,2025-06-20,111532,1,200,0,819.0
10109777SILVAK_2025-06-20_G19,10109777SILVAK,2025-06-20,117808,1,500,0,489.0
10109777SILVAK_2025-06-20_G20,10109777SILVAK,2025-06-20,118299,1,590,0,795.0
10109777SILVAK_2025-06-20_G21,10109777SILVAK,2025-06-20,118306,1,83,0,1893.0
10109777SILVAK_2025-06-20_G22,10109777SILVAK,2025-06-20,117834,1,1,0,133.0
10109777SILVAK_2025-06-20_G23,10109777SILVAK,2025-06-20,118222,1,12,0,367.0
10109777SILVAK_2025-06-20_G24,10109777SILVAK,2025-06-20,117861,1,41,0,626.0
10109777SILVAK_2025-06-20_G25,10109777SILVAK,2025-06-20,117935,1,9,0,255.0
10109777SILVAK_2025-06-20_G26,10109777SILVAK,2025-06-20,110733,1,29,0,452.0
10109777SILVAK_2025-06-20_G27,10109777SILVAK,2025-06-20,118094,1,23,0,496.0
10109777SILVAK_2025-06-20_G28,10109777SILVAK,2025-06-20,110515,1,61,0,974.0
10109777SILVAK_2025-06-20_G29,10109777SILVAK,2025-06-20,117856,1,79,0,826.0
10109777SILVAK_2025-06-20_G30,10109777SILVAK,2025-06-20,109647,1,63,0,336.0
10109777SILVAK_2025-06-20_G31,10109777SILVAK,2025-06-20,117841,1,6,0,568.0
10109777SILVAK_2025-06-20_G32,10109777SILVAK,2025-06-20,117787,1,35,0,698.0
10109777SILVAK_2025-06-20_G33,10109777SILVAK,2025-06-20,110743,1,45,0,554.0
10109777SILVAK_2025-06-20_G34,10109777SILVAK,2025-06-20,111468,1,90,0,1816.0
10109777SILVAK_2025-06-20_G35,10109777SILVAK,2025-06-20,110745,1,17,0,370.0
10109777SILVAK_2025-06-20_G36,10109777SILVAK,2025-06-20,"117830, 110375, 110372",3,66,16,100.0
10109777SILVAK_2025-06-20_G37,10109777SILVAK,2025-06-20,110376,1,40,0,347.0
10109777SILVAK_2025-06-20_G38,10109777SILVAK,2025-06-20,110374,1,69,0,251.0
10109777SILVAK_2025-06-20_G40,10109777SILVAK,2025-06-20,118094,1,8,0,512.0
10109777SILVAK_2025-06-20_G41,10109777SILVAK,2025-06-20,111876,1,4,0,88.0
10109777SILVAK_2025-06-20_G42,10109777SILVAK,2025-06-20,117837,1,4,0,166.0
10109777SILVAK_2025-06-20_G43,10109777SILVAK,2025-06-20,117855,1,3,0,132.0
10109777SILVAK_2025-06-20_G44,10109777SILVAK,2025-06-20,110733,1,3,0,69.0
10109777SILVAK_2025-06-20_G45,10109777SILVAK,2025-06-20,117856,1,6,0,145.0
10109777SILVAK_2025-06-20_G46,10109777SILVAK,2025-06-20,111602,1,6,0,44.0
10109777SILVAK_2025-06-20_G47,10109777SILVAK,2025-06-20,117786,1,4,0,435.0
10109777SILVAK_2025-06-21_G02,10109777SILVAK,2025-06-21,140922,1,12,0,141.0
10109777SILVAK_2025-06-21_G03,10109777SILVAK,2025-06-21,110740,1,2,0,146.0
10109777SILVAK_2025-06-21_G04,10109777SILVAK,2025-06-21,118299,1,42,0,92.0
10109777SILVAK_2025-06-21_G05,10109777SILVAK,2025-06-21,117808,1,2,0,193.0
10109777SILVAK_2025-06-21_G06,10109777SILVAK,2025-06-21,117841,1,60,0,621.0
10109777SILVAK_2025-06-21_G07,10109777SILVAK,2025-06-21,117862,1,140,0,1620.0
10109777SILVAK_2025-06-21_G08,10109777SILVAK,2025-06-21,118094,1,60,0,291.0
10109777SILVAK_2025-06-21_G09,10109777SILVAK,2025-06-21,140922,1,60,0,169.0
10109777SILVAK_2025-06-21_G10,10109777SILVAK,2025-06-21,118140,1,60,0,296.0
10109777SILVAK_2025-06-21_G11,10109777SILVAK,2025-06-21,110313,1,10,0,896.0
10109777SILVAK_2025-06-21_G12,10109777SILVAK,2025-06-21,108759,1,41,0,1258.0
10109777SILVAK_2025-06-21_G13,10109777SILVAK,2025-06-21,118222,1,40,0,1489.0
10109777SILVAK_2025-06-21_G14,10109777SILVAK,2025-06-21,117786,1,40,0,490.0
10109777SILVAK_2025-06-21_G15,10109777SILVAK,2025-06-21,141047,1,40,0,783.0
10109777SILVAK_2025-06-21_G16,10109777SILVAK,2025-06-21,117861,1,50,0,1861.0
10109777SILVAK_2025-06-21_G17,10109777SILVAK,2025-06-21,111530,1,50,0,317.0
10109777SILVAK_2025-06-21_G18,10109777SILVAK,2025-06-21,110375,1,50,0,175.0
10109777SILVAK_2025-06-21_G19,10109777SILVAK,2025-06-21,111330,1,20,0,427.0
10109777SILVAK_2025-06-21_G20,10109777SILVAK,2025-06-21,110733,1,16,0,155.0
10109777SILVAK_2025-06-21_G21,10109777SILVAK,2025-06-21,117836,1,4,0,296.0
10109777SILVAK_2025-06-21_G22,10109777SILVAK,2025-06-21,118299,1,30,0,276.0
10109777SILVAK_2025-06-21_G23,10109777SILVAK,2025-06-21,110313,1,7,0,383.0
10109777SILVAK_2025-06-21_G24,10109777SILVAK,2025-06-21,118222,1,2,0,56.0
10109777SILVAK_2025-06-21_G25,10109777SILVAK,2025-06-21,110740,1,6,0,218.0
10109777SILVAK_2025-06-21_G26,10109777SILVAK,2025-06-21,110740,1,2,0,36.0
10109777SILVAK_2025-06-21_G27,10109777SILVAK,2025-06-21,117830,1,8,0,70.0
10109777SILVAK_2025-06-21_G28,10109777SILVAK,2025-06-21,110740,1,10,0,451.0
10109777SILVAK_2025-06-21_G29,10109777SILVAK,2025-06-21,118140,1,9,0,100.0
10109777SILVAK_2025-06-21_G30,10109777SILVAK,2025-06-21,117832,1,2,0,216.0
10109777SILVAK_2025-06-21_G31,10109777SILVAK,2025-06-21,117830,1,28,0,190.0
10109777SILVAK_2025-06-21_G32,10109777SILVAK,2025-06-21,117820,1,32,0,208.0
10109777SILVAK_2025-06-21_G33,10109777SILVAK,2025-06-21,118223,1,4,0,186.0
10109777SILVAK_2025-06-21_G34,10109777SILVAK,2025-06-21,111602,1,4,0,109.0
10109777SILVAK_2025-06-21_G35,10109777SILVAK,2025-06-21,111850,1,12,0,703.0
10109777SILVAK_2025-06-21_G36,10109777SILVAK,2025-06-21,103360,1,12,0,275.0
10109777SILVAK_2025-06-21_G37,10109777SILVAK,2025-06-21,118222,1,4,0,275.0
10109777SILVAK_2025-06-21_G38,10109777SILVAK,2025-06-21,117862,1,30,0,416.0
10109777SILVAK_2025-06-21_G39,10109777SILVAK,2025-06-21,107629,1,3,0,83.0
10109777SILVAK_2025-06-21_G40,10109777SILVAK,2025-06-21,110733,1,12,0,166.0
10109777SILVAK_2025-06-21_G41,10109777SILVAK,2025-06-21,110515,1,40,0,523.0
10109777SILVAK_2025-06-21_G42,10109777SILVAK,2025-06-21,117831,1,40,0,502.0
10109777SILVAK_2025-06-21_G43,10109777SILVAK,2025-06-21,111462,1,20,0,95.0
10109777SILVAK_2025-06-21_G44,10109777SILVAK,2025-06-21,"107830, 117830",3,16,16,330.0
10109777SILVAK_2025-06-21_G45,10109777SILVAK,2025-06-21,117820,1,4,0,119.0
10109777SILVAK_2025-06-21_G46,10109777SILVAK,2025-06-21,111182,1,40,0,468.0
10109777SILVAK_2025-06-21_G47,10109777SILVAK,2025-06-21,110374,1,30,0,286.0
10109777SILVAK_2025-06-23_G02,10109777SILVAK,2025-06-23,118299,1,50,0,326.0
10109777SILVAK_2025-06-23_G03,10109777SILVAK,2025-06-23,108770,1,2,0,1655.0
10109777SILVAK_2025-06-23_G04,10109777SILVAK,2025-06-23,111438,1,2,0,339.0
10109777SILVAK_2025-06-23_G05,10109777SILVAK,2025-06-23,111418,1,15,0,467.0
10109777SILVAK_2025-06-23_G06,10109777SILVAK,2025-06-23,109640,1,1,0,95.0
10109777SILVAK_2025-06-23_G07,10109777SILVAK,2025-06-23,110515,1,2,0,90.0
10109777SILVAK_2025-06-23_G08,10109777SILVAK,2025-06-23,117855,1,2,0,61.0
10109777SILVAK_2025-06-23_G09,10109777SILVAK,2025-06-23,111530,1,2,0,54.0
10109777SILVAK_2025-06-23_G10,10109777SILVAK,2025-06-23,117856,1,3,0,186.0
10109777SILVAK_2025-06-23_G11,10109777SILVAK,2025-06-23,114092,1,4,0,201.0
10109777SILVAK_2025-06-23_G12,10109777SILVAK,2025-06-23,110787,1,8,0,241.0
10109777SILVAK_2025-06-23_G13,10109777SILVAK,2025-06-23,107236,1,4,0,96.0
10109777SILVAK_2025-06-23_G14,10109777SILVAK,2025-06-23,110515,1,8,0,836.0
10109777SILVAK_2025-06-23_G15,10109777SILVAK,2025-06-23,118094,1,4,0,244.0
10109777SILVAK_2025-06-23_G16,10109777SILVAK,2025-06-23,118298,1,6,0,201.0
10109777SILVAK_2025-06-23_G17,10109777SILVAK,2025-06-23,110582,1,3,0,437.0
10109777SILVAK_2025-06-23_G18,10109777SILVAK,2025-06-23,100334,1,3,0,292.0
10109777SILVAK_2025-06-23_G19,10109777SILVAK,2025-06-23,111861,1,2,0,174.0
10109777SILVAK_2025-06-23_G20,10109777SILVAK,2025-06-23,105359,1,4,0,152.0
10109777SILVAK_2025-06-23_G21,10109777SILVAK,2025-06-23,108770,1,4,0,275.0
10109777SILVAK_2025-06-23_G22,10109777SILVAK,2025-06-23,140922,1,30,0,435.0
10109777SILVAK_2025-06-23_G23,10109777SILVAK,2025-06-23,111441,1,2,0,1165.0
10109777SILVAK_2025-06-23_G24,10109777SILVAK,2025-06-23,111438,1,8,0,70.0
10109777SILVAK_2025-06-23_G25,10109777SILVAK,2025-06-23,118222,1,1,0,207.0
10109777SILVAK_2025-06-23_G26,10109777SILVAK,2025-06-23,110515,1,4,0,48.0
10109777SILVAK_2025-06-23_G27,10109777SILVAK,2025-06-23,111530,1,1,0,438.0
10109777SILVAK_2025-06-23_G28,10109777SILVAK,2025-06-23,110740,1,4,0,208.0
10109777SILVAK_2025-06-23_G29,10109777SILVAK,2025-06-23,110373,1,4,0,99.0
10109777SILVAK_2025-06-23_G30,10109777SILVAK,2025-06-23,110895,1,1,0,615.0
10109777SILVAK_2025-06-23_G31,10109777SILVAK,2025-06-23,118222,1,4,0,77.0
10109777SILVAK_2025-06-23_G32,10109777SILVAK,2025-06-23,111441,1,10,0,293.0
10109777SILVAK_2025-06-23_G33,10109777SILVAK,2025-06-23,111876,1,1,0,532.0
10109777SILVAK_2025-06-23_G34,10109777SILVAK,2025-06-23,117856,1,4,0,144.0
10109777SILVAK_2025-06-23_G35,10109777SILVAK,2025-06-23,110313,1,1,0,281.0
10109777SILVAK_2025-06-23_G36,10109777SILVAK,2025-06-23,111602,1,1,0,46.0
10109777SILVAK_2025-06-23_G37,10109777SILVAK,2025-06-23,111469,1,11,0,444.0
10109777SILVAK_2025-06-23_G38,10109777SILVAK,2025-06-23,111418,1,16,0,483.0
10109777SILVAK_2025-06-23_G39,10109777SILVAK,2025-06-23,110373,1,11,0,245.0
10109777SILVAK_2025-06-23_G40,10109777SILVAK,2025-06-23,111469,1,8,0,318.0
10109777SILVAK_2025-06-23_G41,10109777SILVAK,2025-06-23,"111418, 110787",2,4,14,138.0
10109777SILVAK_2025-06-23_G42,10109777SILVAK,2025-06-23,"110373, 110372",2,6,16,142.0
10109777SILVAK_2025-06-23_G43,10109777SILVAK,2025-06-23,111469,1,8,0,670.0
10109777SILVAK_2025-06-23_G44,10109777SILVAK,2025-06-23,"110740, 111418",2,6,28,83.0
10109777SILVAK_2025-06-23_G45,10109777SILVAK,2025-06-23,110787,1,2,0,150.0
10109777SILVAK_2025-06-23_G46,10109777SILVAK,2025-06-23,"110373, 110372",2,7,24,48.0
10109777SILVAK_2025-06-23_G47,10109777SILVAK,2025-06-23,110740,1,2,0,733.0
10109777SILVAK_2025-06-23_G48,10109777SILVAK,2025-06-23,110373,1,2,0,97.0
10109777SILVAK_2025-06-23_G49,10109777SILVAK,2025-06-23,111469,1,1,0,86.0
10109777SILVAK_2025-06-23_G51,10109777SILVAK,2025-06-23,110373,1,6,0,110.0
10109777SILVAK_2025-06-23_G52,10109777SILVAK,2025-06-23,110372,1,4,0,58.0
10109777SILVAK_2025-06-23_G53,10109777SILVAK,2025-06-23,111418,1,1,0,89.0
10109777SILVAK_2025-06-23_G54,10109777SILVAK,2025-06-23,110787,1,6,0,165.0
10109777SILVAK_2025-06-23_G55,10109777SILVAK,2025-06-23,111469,1,3,0,43.0
10109777SILVAK_2025-06-23_G56,10109777SILVAK,2025-06-23,110787,1,4,0,52.0
10109777SILVAK_2025-06-23_G57,10109777SILVAK,2025-06-23,110787,1,3,0,112.0
10109777SILVAK_2025-06-23_G58,10109777SILVAK,2025-06-23,110740,1,1,0,128.0
10109777SILVAK_2025-06-23_G59,10109777SILVAK,2025-06-23,111469,1,3,0,203.0
10109777SILVAK_2025-06-23_G60,10109777SILVAK,2025-06-23,111469,1,1,0,43.0
10109777SILVAK_2025-06-23_G61,10109777SILVAK,2025-06-23,110372,1,7,0,85.0
10109777SILVAK_2025-06-23_G62,10109777SILVAK,2025-06-23,110373,1,4,0,74.0
10109777SILVAK_2025-06-23_G63,10109777SILVAK,2025-06-23,"110372, 111418",2,5,21,105.0
10109777SILVAK_2025-06-23_G64,10109777SILVAK,2025-06-23,110787,1,2,0,65.0
10109777SILVAK_2025-06-23_G65,10109777SILVAK,2025-06-23,111418,1,2,0,81.0
10109777SILVAK_2025-06-23_G66,10109777SILVAK,2025-06-23,110373,1,2,0,33.0
10109777SILVAK_2025-06-23_G67,10109777SILVAK,2025-06-23,110372,1,4,0,89.0
10109777SILVAK_2025-06-23_G68,10109777SILVAK,2025-06-23,111430,1,1,0,624.0
10109777SILVAK_2025-06-23_G69,10109777SILVAK,2025-06-23,110895,1,6,0,115.0
10109777SILVAK_2025-06-23_G70,10109777SILVAK,2025-06-23,110515,1,5,0,122.0
10109777SILVAK_2025-06-23_G71,10109777SILVAK,2025-06-23,111530,1,7,0,58.0
10109777SILVAK_2025-06-23_G72,10109777SILVAK,2025-06-23,117935,1,10,0,262.0
10109777SILVAK_2025-06-23_G73,10109777SILVAK,2025-06-23,111418,1,6,0,93.0
10109777SILVAK_2025-06-23_G74,10109777SILVAK,2025-06-23,110373,1,14,0,64.0
10109777SILVAK_2025-06-23_G75,10109777SILVAK,2025-06-23,110740,1,31,0,529.0
10109777SILVAK_2025-06-23_G76,10109777SILVAK,2025-06-23,110373,1,27,0,121.0
10109777SILVAK_2025-06-23_G77,10109777SILVAK,2025-06-23,110372,1,41,0,282.0
10109777SILVAK_2025-06-23_G78,10109777SILVAK,2025-06-23,105705,1,2,0,467.0
10109777SILVAK_2025-06-23_G79,10109777SILVAK,2025-06-23,111182,1,2,0,119.0
10109777SILVAK_2025-06-24_G02,10109777SILVAK,2025-06-24,117837,1,20,0,60.0
10109777SILVAK_2025-06-24_G03,10109777SILVAK,2025-06-24,118299,2,241,8,894.0
10109777SILVAK_2025-06-24_G04,10109777SILVAK,2025-06-24,109643,1,16,0,293.0
10109777SILVAK_2025-06-24_G05,10109777SILVAK,2025-06-24,107830,1,8,0,256.0
10109777SILVAK_2025-06-24_G06,10109777SILVAK,2025-06-24,110376,1,10,0,400.0
10109777SILVAK_2025-06-24_G07,10109777SILVAK,2025-06-24,110374,1,10,0,108.0
10109777SILVAK_2025-06-24_G08,10109777SILVAK,2025-06-24,117820,1,30,0,296.0
10109777SILVAK_2025-06-24_G09,10109777SILVAK,2025-06-24,117808,1,120,0,377.0
10109777SILVAK_2025-06-24_G10,10109777SILVAK,2025-06-24,110373,1,50,0,1990.0
10109777SILVAK_2025-06-24_G11,10109777SILVAK,2025-06-24,111462,1,12,0,121.0
10109777SILVAK_2025-06-24_G12,10109777SILVAK,2025-06-24,117821,1,14,0,149.0
10109777SILVAK_2025-06-24_G13,10109777SILVAK,2025-06-24,141823,1,10,0,149.0
10109777SILVAK_2025-06-24_G14,10109777SILVAK,2025-06-24,111418,2,54,20,163.0
10109777SILVAK_2025-06-24_G15,10109777SILVAK,2025-06-24,111330,1,4,0,100.0
10109777SILVAK_2025-06-24_G16,10109777SILVAK,2025-06-24,117787,1,16,0,882.0
10109777SILVAK_2025-06-24_G17,10109777SILVAK,2025-06-24,117785,1,60,0,737.0
10109777SILVAK_2025-06-24_G18,10109777SILVAK,2025-06-24,111466,1,30,0,232.0
10109777SILVAK_2025-06-24_G19,10109777SILVAK,2025-06-24,111469,1,20,0,90.0
10109777SILVAK_2025-06-24_G20,10109777SILVAK,2025-06-24,108772,1,4,0,453.0
10109777SILVAK_2025-06-24_G21,10109777SILVAK,2025-06-24,117808,1,5,0,35.0
10109777SILVAK_2025-06-24_G22,10109777SILVAK,2025-06-24,110373,1,4,0,130.0
10109777SILVAK_2025-06-24_G23,10109777SILVAK,2025-06-24,110371,1,4,0,69.0
10109777SILVAK_2025-06-24_G24,10109777SILVAK,2025-06-24,110372,1,10,0,94.0
10109777SILVAK_2025-06-24_G25,10109777SILVAK,2025-06-24,118253,1,4,0,1301.0
10109777SILVAK_2025-06-24_G26,10109777SILVAK,2025-06-24,117862,1,8,0,263.0
10109777SILVAK_2025-06-24_G27,10109777SILVAK,2025-06-24,109640,1,3,0,48.0
10109777SILVAK_2025-06-24_G28,10109777SILVAK,2025-06-24,141047,1,2,0,164.0
10109777SILVAK_2025-06-24_G29,10109777SILVAK,2025-06-24,117855,1,6,0,149.0
10109777SILVAK_2025-06-24_G30,10109777SILVAK,2025-06-24,110752,1,2,0,122.0
10109777SILVAK_2025-06-24_G31,10109777SILVAK,2025-06-24,140922,1,12,0,458.0
10109777SILVAK_2025-06-24_G32,10109777SILVAK,2025-06-24,110740,1,12,0,143.0
10109777SILVAK_2025-06-24_G33,10109777SILVAK,2025-06-24,109645,1,8,0,216.0
10109777SILVAK_2025-06-24_G34,10109777SILVAK,2025-06-24,111418,1,6,0,123.0
10109777SILVAK_2025-06-24_G35,10109777SILVAK,2025-06-24,109648,1,2,0,102.0
10109777SILVAK_2025-06-24_G36,10109777SILVAK,2025-06-24,141202,1,30,0,254.0
10109777SILVAK_2025-06-24_G37,10109777SILVAK,2025-06-24,110515,1,1,0,323.0
10109777SILVAK_2025-06-24_G38,10109777SILVAK,2025-06-24,117855,1,2,0,80.0
10109777SILVAK_2025-06-24_G39,10109777SILVAK,2025-06-24,110733,1,2,0,136.0
10109777SILVAK_2025-06-24_G40,10109777SILVAK,2025-06-24,105705,1,2,0,324.0
10109777SILVAK_2025-06-24_G41,10109777SILVAK,2025-06-24,110745,1,2,0,116.0
10109777SILVAK_2025-06-24_G42,10109777SILVAK,2025-06-24,117833,1,4,0,246.0
10109777SILVAK_2025-06-24_G43,10109777SILVAK,2025-06-24,111469,1,4,0,99.0
10109777SILVAK_2025-06-24_G44,10109777SILVAK,2025-06-24,110740,1,2,0,903.0
10109777SILVAK_2025-06-24_G45,10109777SILVAK,2025-06-24,118330,1,2,0,96.0
10109777SILVAK_2025-06-24_G46,10109777SILVAK,2025-06-24,118299,1,4,0,47.0
10109777SILVAK_2025-06-24_G47,10109777SILVAK,2025-06-24,117830,1,2,0,125.0
10109777SILVAK_2025-06-24_G48,10109777SILVAK,2025-06-24,110371,1,2,0,45.0
10109777SILVAK_2025-06-24_G49,10109777SILVAK,2025-06-24,117809,1,4,0,238.0
10109777SILVAK_2025-06-24_G50,10109777SILVAK,2025-06-24,118094,1,3,0,311.0
10109777SILVAK_2025-06-24_G51,10109777SILVAK,2025-06-24,110515,1,4,0,177.0
10109777SILVAK_2025-06-24_G52,10109777SILVAK,2025-06-24,111467,1,2,0,112.0
10109777SILVAK_2025-06-24_G53,10109777SILVAK,2025-06-24,111530,1,4,0,143.0
10109777SILVAK_2025-06-24_G54,10109777SILVAK,2025-06-24,117820,1,2,0,91.0
10109777SILVAK_2025-06-24_G55,10109777SILVAK,2025-06-24,"118299, 110371",2,14,8,129.0
10109777SILVAK_2025-06-24_G56,10109777SILVAK,2025-06-24,105705,1,2,0,548.0
10109777SILVAK_2025-06-24_G57,10109777SILVAK,2025-06-24,108794,1,1,0,38.0
10109777SILVAK_2025-06-24_G58,10109777SILVAK,2025-06-24,117831,1,3,0,123.0
10109777SILVAK_2025-06-24_G59,10109777SILVAK,2025-06-24,117833,1,4,0,104.0
10109777SILVAK_2025-06-24_G60,10109777SILVAK,2025-06-24,"111532, 111469",2,14,11,148.0
10109777SILVAK_2025-06-24_G61,10109777SILVAK,2025-06-24,111462,1,4,0,152.0
10109777SILVAK_2025-06-24_G62,10109777SILVAK,2025-06-24,110740,2,4,6,72.0
10109777SILVAK_2025-06-24_G63,10109777SILVAK,2025-06-24,111418,1,8,0,76.0
10109777SILVAK_2025-06-24_G64,10109777SILVAK,2025-06-24,118140,1,2,0,179.0
10109777SILVAK_2025-06-24_G65,10109777SILVAK,2025-06-24,110895,1,1,0,154.0
10109777SILVAK_2025-06-24_G66,10109777SILVAK,2025-06-24,110515,1,4,0,80.0
10109777SILVAK_2025-06-24_G67,10109777SILVAK,2025-06-24,117855,1,1,0,161.0
10109777SILVAK_2025-06-24_G68,10109777SILVAK,2025-06-24,117785,1,4,0,171.0
10109777SILVAK_2025-06-24_G69,10109777SILVAK,2025-06-24,"108794, 111463",2,5,20,83.0
10109777SILVAK_2025-06-24_G70,10109777SILVAK,2025-06-24,117831,1,4,0,69.0
10109777SILVAK_2025-06-24_G71,10109777SILVAK,2025-06-24,117833,1,6,0,138.0
10109777SILVAK_2025-06-24_G72,10109777SILVAK,2025-06-24,111532,1,8,0,102.0
10109777SILVAK_2025-06-24_G73,10109777SILVAK,2025-06-24,110740,1,2,0,72.0
10109777SILVAK_2025-06-24_G74,10109777SILVAK,2025-06-24,111418,1,8,0,194.0
10109777SILVAK_2025-06-24_G75,10109777SILVAK,2025-06-24,118299,1,12,0,227.0
10109777SILVAK_2025-06-24_G76,10109777SILVAK,2025-06-24,110371,1,2,0,89.0
10109777SILVAK_2025-06-24_G77,10109777SILVAK,2025-06-24,"117809, 118299",2,11,27,104.0
10109777SILVAK_2025-06-24_G78,10109777SILVAK,2025-06-24,"117832, 117820",2,8,8,244.0
10109777SILVAK_2025-06-24_G79,10109777SILVAK,2025-06-24,117809,1,4,0,168.0
10109777SILVAK_2025-06-24_G81,10109777SILVAK,2025-06-24,111438,1,4,0,72.0
10109777SILVAK_2025-06-24_G82,10109777SILVAK,2025-06-24,108770,1,6,0,260.0
10109777SILVAK_2025-06-24_G83,10109777SILVAK,2025-06-24,110756,1,4,0,184.0
10109777SILVAK_2025-06-24_G84,10109777SILVAK,2025-06-24,117862,1,6,0,38.0
10109777SILVAK_2025-06-24_G85,10109777SILVAK,2025-06-24,117854,1,2,0,67.0
10109777SILVAK_2025-06-24_G86,10109777SILVAK,2025-06-24,118094,1,6,0,155.0
10109777SILVAK_2025-06-24_G87,10109777SILVAK,2025-06-24,107629,1,2,0,38.0
10109777SILVAK_2025-06-24_G88,10109777SILVAK,2025-06-24,110339,1,1,0,31.0
10109777SILVAK_2025-06-24_G89,10109777SILVAK,2025-06-24,117786,1,4,0,47.0
10109777SILVAK_2025-06-24_G90,10109777SILVAK,2025-06-24,109640,1,3,0,31.0
10109777SILVAK_2025-06-24_G91,10109777SILVAK,2025-06-24,110515,1,5,0,155.0
10109777SILVAK_2025-06-24_G92,10109777SILVAK,2025-06-24,117837,1,4,0,70.0
10109777SILVAK_2025-06-24_G93,10109777SILVAK,2025-06-24,141047,1,2,0,61.0
10109777SILVAK_2025-06-24_G94,10109777SILVAK,2025-06-24,110580,1,4,0,501.0
10109777SILVAK_2025-06-24_G95,10109777SILVAK,2025-06-24,"111467, 110733",2,12,19,84.0
10109777SILVAK_2025-06-24_G96,10109777SILVAK,2025-06-24,111530,1,7,0,99.0
10109777SILVAK_2025-06-24_G97,10109777SILVAK,2025-06-24,110063,1,3,0,221.0
10109777SILVAK_2025-06-24_G98,10109777SILVAK,2025-06-24,"117935, 110325",2,5,19,73.0
10109777SILVAK_2025-06-24_G99,10109777SILVAK,2025-06-24,117808,1,7,0,49.0
10109777SILVAK_2025-06-24_G100,10109777SILVAK,2025-06-24,109643,1,6,0,69.0
10109777SILVAK_2025-06-24_G101,10109777SILVAK,2025-06-24,110376,1,2,0,64.0
10109777SILVAK_2025-06-24_G102,10109777SILVAK,2025-06-24,109648,1,2,0,49.0
10109777SILVAK_2025-06-24_G103,10109777SILVAK,2025-06-24,"118299, 117832",2,21,25,124.0
10109777SILVAK_2025-06-24_G104,10109777SILVAK,2025-06-24,141202,1,2,0,117.0
10109777SILVAK_2025-06-24_G105,10109777SILVAK,2025-06-24,117822,1,4,0,36.0
10109777SILVAK_2025-06-24_G106,10109777SILVAK,2025-06-24,110372,1,9,0,40.0
10109777SILVAK_2025-06-24_G107,10109777SILVAK,2025-06-24,117809,1,16,0,184.0
10109777SILVAK_2025-06-24_G108,10109777SILVAK,2025-06-24,110580,1,2,0,227.0
10109777SILVAK_2025-06-24_G109,10109777SILVAK,2025-06-24,118094,1,12,0,88.0
10109777SILVAK_2025-06-24_G110,10109777SILVAK,2025-06-24,109640,1,7,0,60.0
10109777SILVAK_2025-06-24_G111,10109777SILVAK,2025-06-24,110515,1,8,0,58.0
10109777SILVAK_2025-06-24_G112,10109777SILVAK,2025-06-24,117855,1,6,0,284.0
10109777SILVAK_2025-06-24_G113,10109777SILVAK,2025-06-24,110313,1,3,0,31.0
10109777SILVAK_2025-06-25_G02,10109777SILVAK,2025-06-25,111418,2,100,23,916.0
10109777SILVAK_2025-06-25_G03,10109777SILVAK,2025-06-25,118140,1,60,0,671.0
10109777SILVAK_2025-06-25_G04,10109777SILVAK,2025-06-25,111465,1,20,0,163.0
10109777SILVAK_2025-06-25_G05,10109777SILVAK,2025-06-25,111466,1,40,0,606.0
10109777SILVAK_2025-06-25_G06,10109777SILVAK,2025-06-25,111532,1,4,0,40.0
10109777SILVAK_2025-06-25_G07,10109777SILVAK,2025-06-25,110787,1,12,0,390.0
10109777SILVAK_2025-06-25_G08,10109777SILVAK,2025-06-25,118140,1,30,0,246.0
10109777SILVAK_2025-06-25_G09,10109777SILVAK,2025-06-25,"117855, 111530",2,5,23,856.0
10109777SILVAK_2025-06-25_G10,10109777SILVAK,2025-06-25,111532,1,4,0,39.0
10109777SILVAK_2025-06-25_G11,10109777SILVAK,2025-06-25,118299,1,6,0,190.0
10109777SILVAK_2025-06-25_G12,10109777SILVAK,2025-06-25,117820,1,2,0,42.0
10109777SILVAK_2025-06-25_G13,10109777SILVAK,2025-06-25,118222,1,3,0,200.0
10109777SILVAK_2025-06-25_G14,10109777SILVAK,2025-06-25,118418,1,8,0,176.0
10109777SILVAK_2025-06-25_G15,10109777SILVAK,2025-06-25,118417,1,6,0,183.0
10109777SILVAK_2025-06-25_G16,10109777SILVAK,2025-06-25,"111876, 111530, 111172",3,15,51,431.0
10109777SILVAK_2025-06-25_G17,10109777SILVAK,2025-06-25,111530,1,32,0,345.0
10109777SILVAK_2025-06-25_G18,10109777SILVAK,2025-06-25,111569,1,6,0,418.0
10109777SILVAK_2025-06-25_G19,10109777SILVAK,2025-06-25,117785,1,4,0,175.0
10109777SILVAK_2025-06-25_G20,10109777SILVAK,2025-06-25,118281,1,2,0,107.0
10109777SILVAK_2025-06-25_G21,10109777SILVAK,2025-06-25,111418,1,6,0,44.0
10109777SILVAK_2025-06-25_G22,10109777SILVAK,2025-06-25,118299,1,8,0,67.0
10109777SILVAK_2025-06-25_G23,10109777SILVAK,2025-06-25,117830,1,8,0,202.0
10109777SILVAK_2025-06-25_G24,10109777SILVAK,2025-06-25,111172,1,4,0,106.0
10109777SILVAK_2025-06-25_G25,10109777SILVAK,2025-06-25,118317,1,4,0,279.0
10109777SILVAK_2025-06-25_G26,10109777SILVAK,2025-06-25,107830,1,4,0,199.0
10109777SILVAK_2025-06-25_G27,10109777SILVAK,2025-06-25,111569,2,13,15,222.0
10109777SILVAK_2025-06-25_G28,10109777SILVAK,2025-06-25,110747,1,2,0,314.0
10109777SILVAK_2025-06-25_G29,10109777SILVAK,2025-06-25,111441,1,4,0,82.0
10109777SILVAK_2025-06-25_G30,10109777SILVAK,2025-06-25,141047,1,2,0,145.0
10109777SILVAK_2025-06-25_G31,10109777SILVAK,2025-06-25,111602,1,8,0,49.0
10109777SILVAK_2025-06-25_G32,10109777SILVAK,2025-06-25,110751,1,3,0,303.0
10109777SILVAK_2025-06-25_G33,10109777SILVAK,2025-06-25,108794,1,4,0,77.0
10109777SILVAK_2025-06-25_G34,10109777SILVAK,2025-06-25,"108711, 111466",2,6,10,81.0
10109777SILVAK_2025-06-25_G35,10109777SILVAK,2025-06-25,111532,1,7,0,51.0
10109777SILVAK_2025-06-25_G36,10109777SILVAK,2025-06-25,111462,1,1,0,144.0
10109777SILVAK_2025-06-25_G37,10109777SILVAK,2025-06-25,109640,1,153,0,1342.0
10109777SILVAK_2025-06-25_G38,10109777SILVAK,2025-06-25,109647,1,10,0,85.0
10109777SILVAK_2025-06-25_G39,10109777SILVAK,2025-06-25,109645,1,28,0,453.0
10109777SILVAK_2025-06-25_G40,10109777SILVAK,2025-06-25,105705,1,18,0,381.0
10109777SILVAK_2025-06-25_G41,10109777SILVAK,2025-06-25,111182,1,35,0,1413.0
10109777SILVAK_2025-06-25_G42,10109777SILVAK,2025-06-25,109641,1,47,0,957.0
10109777SILVAK_2025-06-25_G43,10109777SILVAK,2025-06-25,118094,1,6,0,2454.0
10109777SILVAK_2025-06-25_G44,10109777SILVAK,2025-06-25,"117786, 109640",2,20,13,100.0
10109777SILVAK_2025-06-25_G45,10109777SILVAK,2025-06-25,"111467, 110313",2,20,23,340.0
10109777SILVAK_2025-06-25_G46,10109777SILVAK,2025-06-25,110313,1,33,0,237.0
10109777SILVAK_2025-06-25_G47,10109777SILVAK,2025-06-25,110733,1,8,0,488.0
10109777SILVAK_2025-06-25_G48,10109777SILVAK,2025-06-25,111530,1,30,0,159.0
10109777SILVAK_2025-06-25_G49,10109777SILVAK,2025-06-25,117856,1,10,0,274.0
10109777SILVAK_2025-06-25_G50,10109777SILVAK,2025-06-25,111602,1,20,0,130.0
10109777SILVAK_2025-06-25_G51,10109777SILVAK,2025-06-25,117855,1,10,0,1087.0
10109777SILVAK_2025-06-25_G52,10109777SILVAK,2025-06-25,117862,1,10,0,87.0
10109777SILVAK_2025-06-25_G53,10109777SILVAK,2025-06-25,110515,1,20,0,80.0
10109777SILVAK_2025-06-26_G02,10109777SILVAK,2025-06-26,117785,1,2,0,104.0
10109777SILVAK_2025-06-26_G03,10109777SILVAK,2025-06-26,109643,1,4,0,32.0
10109777SILVAK_2025-06-26_G04,10109777SILVAK,2025-06-26,111466,1,3,0,65.0
10109777SILVAK_2025-06-26_G05,10109777SILVAK,2025-06-26,117831,1,3,0,154.0
10109777SILVAK_2025-06-26_G06,10109777SILVAK,2025-06-26,111469,1,5,0,37.0
10109777SILVAK_2025-06-26_G07,10109777SILVAK,2025-06-26,110733,1,2,0,92.0
10109777SILVAK_2025-06-26_G08,10109777SILVAK,2025-06-26,"110787, 109645",2,8,22,101.0
10109777SILVAK_2025-06-26_G09,10109777SILVAK,2025-06-26,118299,1,6,0,87.0
10109777SILVAK_2025-06-26_G10,10109777SILVAK,2025-06-26,111602,1,2,0,158.0
10109777SILVAK_2025-06-26_G11,10109777SILVAK,2025-06-26,111418,1,9,0,97.0
10109777SILVAK_2025-06-26_G12,10109777SILVAK,2025-06-26,117820,1,9,0,85.0
10109777SILVAK_2025-06-26_G13,10109777SILVAK,2025-06-26,110372,1,17,0,81.0
10109777SILVAK_2025-06-26_G14,10109777SILVAK,2025-06-26,118140,1,3,0,109.0
10109777SILVAK_2025-06-26_G15,10109777SILVAK,2025-06-26,111465,1,4,0,65.0
10109777SILVAK_2025-06-26_G16,10109777SILVAK,2025-06-26,111602,1,16,0,150.0
10109777SILVAK_2025-06-26_G17,10109777SILVAK,2025-06-26,111602,1,10,0,276.0
10109777SILVAK_2025-06-26_G18,10109777SILVAK,2025-06-26,117855,1,80,0,644.0
10109777SILVAK_2025-06-26_G19,10109777SILVAK,2025-06-26,111430,1,8,0,2015.0
10109777SILVAK_2025-06-26_G20,10109777SILVAK,2025-06-26,110747,1,16,0,68.0
10109777SILVAK_2025-06-26_G21,10109777SILVAK,2025-06-26,100334,1,8,0,323.0
10109777SILVAK_2025-06-26_G22,10109777SILVAK,2025-06-26,111441,1,4,0,73.0
10109777SILVAK_2025-06-26_G23,10109777SILVAK,2025-06-26,111441,1,12,0,33.0
10109777SILVAK_2025-06-26_G24,10109777SILVAK,2025-06-26,111569,1,4,0,501.0
10109777SILVAK_2025-06-26_G25,10109777SILVAK,2025-06-26,111569,1,46,0,97.0
10109777SILVAK_2025-06-26_G26,10109777SILVAK,2025-06-26,118222,1,4,0,652.0
10109777SILVAK_2025-06-26_G27,10109777SILVAK,2025-06-26,117862,1,50,0,867.0
10109777SILVAK_2025-06-26_G28,10109777SILVAK,2025-06-26,109647,1,16,0,458.0
10109777SILVAK_2025-06-26_G29,10109777SILVAK,2025-06-26,111876,2,8,9,83.0
10109777SILVAK_2025-06-26_G30,10109777SILVAK,2025-06-26,110339,1,16,0,529.0
10109777SILVAK_2025-06-26_G31,10109777SILVAK,2025-06-26,110339,1,40,0,37.0
10109777SILVAK_2025-06-26_G32,10109777SILVAK,2025-06-26,117786,1,8,0,588.0
10109777SILVAK_2025-06-26_G33,10109777SILVAK,2025-06-26,109640,1,50,0,136.0
10109777SILVAK_2025-06-26_G34,10109777SILVAK,2025-06-26,110515,1,50,0,383.0
10109777SILVAK_2025-06-26_G35,10109777SILVAK,2025-06-26,141047,2,24,6,330.0
10109777SILVAK_2025-06-26_G36,10109777SILVAK,2025-06-26,"111879, 110313",2,8,9,173.0
10109777SILVAK_2025-06-26_G37,10109777SILVAK,2025-06-26,111439,1,2,0,70.0
10109777SILVAK_2025-06-26_G38,10109777SILVAK,2025-06-26,111439,1,16,0,92.0
10109777SILVAK_2025-06-26_G39,10109777SILVAK,2025-06-26,108772,2,12,9,99.0
10109777SILVAK_2025-06-26_G40,10109777SILVAK,2025-06-26,110733,1,16,0,716.0
10109777SILVAK_2025-06-26_G41,10109777SILVAK,2025-06-26,111602,1,60,0,151.0
10109777SILVAK_2025-06-26_G42,10109777SILVAK,2025-06-26,100334,1,8,0,1700.0
10109777SILVAK_2025-06-26_G43,10109777SILVAK,2025-06-26,111850,1,4,0,43.0
10109777SILVAK_2025-06-26_G44,10109777SILVAK,2025-06-26,110895,1,2,0,190.0
10109777SILVAK_2025-06-26_G45,10109777SILVAK,2025-06-26,110623,1,2,0,108.0
10109777SILVAK_2025-06-26_G46,10109777SILVAK,2025-06-26,108771,1,4,0,85.0
10109777SILVAK_2025-06-26_G47,10109777SILVAK,2025-06-26,117855,1,8,0,89.0
10109777SILVAK_2025-06-26_G48,10109777SILVAK,2025-06-26,117862,1,4,0,108.0
10109777SILVAK_2025-06-26_G49,10109777SILVAK,2025-06-26,118094,1,4,0,108.0
10109777SILVAK_2025-06-26_G50,10109777SILVAK,2025-06-26,"107629, 110339",2,8,14,55.0
10109777SILVAK_2025-06-26_G51,10109777SILVAK,2025-06-26,117786,1,8,0,96.0
10109777SILVAK_2025-06-26_G52,10109777SILVAK,2025-06-26,109640,1,6,0,58.0
10109777SILVAK_2025-06-26_G53,10109777SILVAK,2025-06-26,118222,1,12,0,546.0
10109777SILVAK_2025-06-26_G54,10109777SILVAK,2025-06-26,110515,1,6,0,151.0
10109777SILVAK_2025-06-26_G55,10109777SILVAK,2025-06-26,"111467, 110313",2,7,17,96.0
10109777SILVAK_2025-06-26_G56,10109777SILVAK,2025-06-26,"108772, 111530",2,12,8,128.0
10109777SILVAK_2025-06-26_G57,10109777SILVAK,2025-06-26,"117856, 111602",2,14,7,177.0
10109777SILVAK_2025-06-26_G58,10109777SILVAK,2025-06-26,117785,1,6,0,227.0
10109777SILVAK_2025-06-26_G59,10109777SILVAK,2025-06-26,111743,1,10,0,104.0
10109777SILVAK_2025-06-26_G60,10109777SILVAK,2025-06-26,117838,1,4,0,88.0
10109777SILVAK_2025-06-26_G61,10109777SILVAK,2025-06-26,"109641, 110740",2,12,8,113.0
10109777SILVAK_2025-06-26_G62,10109777SILVAK,2025-06-26,110748,1,2,0,100.0
10109777SILVAK_2025-06-26_G63,10109777SILVAK,2025-06-26,118223,1,2,0,33.0
10109777SILVAK_2025-06-26_G64,10109777SILVAK,2025-06-26,111465,1,6,0,231.0
10109777SILVAK_2025-06-26_G65,10109777SILVAK,2025-06-26,111468,1,2,0,115.0
10109777SILVAK_2025-06-26_G66,10109777SILVAK,2025-06-26,110895,1,4,0,182.0
10109777SILVAK_2025-06-26_G67,10109777SILVAK,2025-06-26,111743,1,4,0,100.0
10109777SILVAK_2025-06-26_G68,10109777SILVAK,2025-06-26,111418,1,12,0,35.0
10109777SILVAK_2025-06-26_G69,10109777SILVAK,2025-06-26,110743,1,2,0,111.0
10109777SILVAK_2025-06-26_G70,10109777SILVAK,2025-06-26,111602,1,30,0,288.0
10109777SILVAK_2025-06-26_G72,10109777SILVAK,2025-06-26,107830,2,7,6,330.0
10109777SILVAK_2025-06-26_G73,10109777SILVAK,2025-06-26,118299,1,15,0,94.0
10109777SILVAK_2025-06-26_G74,10109777SILVAK,2025-06-26,110740,1,4,0,203.0
10109777SILVAK_2025-06-26_G75,10109777SILVAK,2025-06-26,110750,1,2,0,138.0
10109777SILVAK_2025-06-26_G76,10109777SILVAK,2025-06-26,111569,1,4,0,77.0
10109777SILVAK_2025-06-26_G77,10109777SILVAK,2025-06-26,118094,1,4,0,138.0
10109777SILVAK_2025-06-26_G78,10109777SILVAK,2025-06-26,117808,1,60,0,552.0
10109777SILVAK_2025-06-26_G79,10109777SILVAK,2025-06-26,110747,1,70,0,1239.0
10109777SILVAK_2025-06-26_G80,10109777SILVAK,2025-06-26,111447,1,179,0,209.0
10109777SILVAK_2025-06-26_G81,10109777SILVAK,2025-06-26,111437,1,63,0,1675.0
10109777SILVAK_2025-06-26_G82,10109777SILVAK,2025-06-26,118250,1,40,0,1600.0
10109777SILVAK_2025-06-27_G02,10109777SILVAK,2025-06-27,110895,1,12,0,190.0
10109777SILVAK_2025-06-27_G03,10109777SILVAK,2025-06-27,108759,1,8,0,419.0
10109777SILVAK_2025-06-27_G04,10109777SILVAK,2025-06-27,118222,1,7,0,40.0
10109777SILVAK_2025-06-27_G05,10109777SILVAK,2025-06-27,117862,1,60,0,280.0
10109777SILVAK_2025-06-27_G06,10109777SILVAK,2025-06-27,117935,1,8,0,622.0
10109777SILVAK_2025-06-27_G07,10109777SILVAK,2025-06-27,118094,1,2,0,130.0
10109777SILVAK_2025-06-27_G08,10109777SILVAK,2025-06-27,107629,1,6,0,219.0
10109777SILVAK_2025-06-27_G09,10109777SILVAK,2025-06-27,110515,1,10,0,57.0
10109777SILVAK_2025-06-27_G10,10109777SILVAK,2025-06-27,110313,1,20,0,378.0
10109777SILVAK_2025-06-27_G11,10109777SILVAK,2025-06-27,110733,1,6,0,212.0
10109777SILVAK_2025-06-27_G12,10109777SILVAK,2025-06-27,111602,1,17,0,118.0
10109777SILVAK_2025-06-27_G13,10109777SILVAK,2025-06-27,117855,1,3,0,262.0
10109777SILVAK_2025-06-27_G14,10109777SILVAK,2025-06-27,140922,1,2,0,628.0
10109777SILVAK_2025-06-27_G15,10109777SILVAK,2025-06-27,110373,1,10,0,66.0
10109777SILVAK_2025-06-27_G16,10109777SILVAK,2025-06-27,111462,1,11,0,127.0
10109777SILVAK_2025-06-27_G17,10109777SILVAK,2025-06-27,110787,1,12,0,163.0
10109777SILVAK_2025-06-27_G18,10109777SILVAK,2025-06-27,"141202, 117809",2,13,16,149.0
10109777SILVAK_2025-06-27_G20,10109777SILVAK,2025-06-27,109641,1,20,0,121.0
10109777SILVAK_2025-06-27_G21,10109777SILVAK,2025-06-27,160055,1,5,0,410.0
10109777SILVAK_2025-06-27_G22,10109777SILVAK,2025-06-27,110755,2,70,6,782.0
10109777SILVAK_2025-06-27_G23,10109777SILVAK,2025-06-27,117862,1,4,0,3033.0
10109777SILVAK_2025-06-27_G24,10109777SILVAK,2025-06-27,111762,1,1,0,86.0
10109777SILVAK_2025-06-27_G25,10109777SILVAK,2025-06-27,117935,1,1,0,160.0
10109777SILVAK_2025-06-27_G26,10109777SILVAK,2025-06-27,110515,2,4,6,133.0
10109777SILVAK_2025-06-27_G27,10109777SILVAK,2025-06-27,111530,1,4,0,157.0
10109777SILVAK_2025-06-27_G28,10109777SILVAK,2025-06-27,111723,1,5,0,579.0
10109777SILVAK_2025-06-27_G29,10109777SILVAK,2025-06-27,110743,1,1,0,347.0
10109777SILVAK_2025-06-27_G30,10109777SILVAK,2025-06-27,111743,1,2,0,159.0
10109777SILVAK_2025-06-27_G31,10109777SILVAK,2025-06-27,105705,1,1,0,45.0
10109777SILVAK_2025-06-27_G32,10109777SILVAK,2025-06-27,108794,1,4,0,43.0
10109777SILVAK_2025-06-27_G33,10109777SILVAK,2025-06-27,111463,1,4,0,56.0
10109777SILVAK_2025-06-27_G34,10109777SILVAK,2025-06-27,140922,1,2,0,119.0
10109777SILVAK_2025-06-27_G35,10109777SILVAK,2025-06-27,111466,1,4,0,65.0
10109777SILVAK_2025-06-27_G36,10109777SILVAK,2025-06-27,117833,1,4,0,52.0
10109777SILVAK_2025-06-27_G37,10109777SILVAK,2025-06-27,"111172, 109641",2,3,23,146.0
10109777SILVAK_2025-06-27_G38,10109777SILVAK,2025-06-27,111462,1,10,0,197.0
10109777SILVAK_2025-06-27_G39,10109777SILVAK,2025-06-27,"111728, 110787",3,4,23,60.0
10109777SILVAK_2025-06-27_G40,10109777SILVAK,2025-06-27,109645,1,1,0,53.0
10109777SILVAK_2025-06-27_G41,10109777SILVAK,2025-06-27,111418,1,9,0,139.0
10109777SILVAK_2025-06-27_G42,10109777SILVAK,2025-06-27,140922,1,12,0,487.0
10109777SILVAK_2025-06-27_G43,10109777SILVAK,2025-06-27,118299,1,10,0,62.0
10109777SILVAK_2025-06-27_G44,10109777SILVAK,2025-06-27,"111876, 110339",2,3,12,199.0
10109777SILVAK_2025-06-27_G45,10109777SILVAK,2025-06-27,118298,1,2,0,94.0
10109777SILVAK_2025-06-27_G46,10109777SILVAK,2025-06-27,117861,1,2,0,75.0
10109777SILVAK_2025-06-27_G47,10109777SILVAK,2025-06-27,111462,1,2,0,88.0
10109777SILVAK_2025-06-27_G48,10109777SILVAK,2025-06-27,117830,1,1,0,35.0
10109777SILVAK_2025-06-27_G49,10109777SILVAK,2025-06-27,118317,1,4,0,113.0
10109777SILVAK_2025-06-27_G50,10109777SILVAK,2025-06-27,117809,1,1,0,168.0
10109777SILVAK_2025-06-27_G52,10109777SILVAK,2025-06-27,111418,1,51,0,43.0
10109777SILVAK_2025-06-27_G53,10109777SILVAK,2025-06-27,118140,1,4,0,358.0
10109777SILVAK_2025-06-27_G54,10109777SILVAK,2025-06-27,111759,1,13,0,527.0
10109777SILVAK_2025-06-27_G55,10109777SILVAK,2025-06-27,141262,1,6,0,334.0
10109777SILVAK_2025-06-27_G56,10109777SILVAK,2025-06-27,118191,1,177,0,450.0
10109777SILVAK_2025-06-27_G57,10109777SILVAK,2025-06-27,117808,2,59,20,191.0
10109777SILVAK_2025-06-27_G58,10109777SILVAK,2025-06-27,141202,1,4,0,401.0
10109777SILVAK_2025-06-27_G59,10109777SILVAK,2025-06-27,"117822, 117809",2,6,11,57.0
10109777SILVAK_2025-06-27_G60,10109777SILVAK,2025-06-27,111634,1,2,0,673.0
10109777SILVAK_2025-06-27_G61,10109777SILVAK,2025-06-27,111740,1,2,0,487.0
10109777SILVAK_2025-06-27_G62,10109777SILVAK,2025-06-27,111729,1,2,0,400.0
10109777SILVAK_2025-06-27_G63,10109777SILVAK,2025-06-27,111736,1,6,0,112.0
10109777SILVAK_2025-06-27_G64,10109777SILVAK,2025-06-27,111736,1,6,0,58.0
10109777SILVAK_2025-06-28_G02,10109777SILVAK,2025-06-28,110741,1,20,0,173.0
10109777SILVAK_2025-06-28_G03,10109777SILVAK,2025-06-28,117855,1,40,0,472.0
10109777SILVAK_2025-06-28_G04,10109777SILVAK,2025-06-28,118403,1,12,0,374.0
10109777SILVAK_2025-06-28_G05,10109777SILVAK,2025-06-28,108772,1,20,0,321.0
10109777SILVAK_2025-06-28_G06,10109777SILVAK,2025-06-28,110733,1,6,0,72.0
10109777SILVAK_2025-06-28_G07,10109777SILVAK,2025-06-28,111469,1,18,0,480.0
10109777SILVAK_2025-06-28_G08,10109777SILVAK,2025-06-28,110787,1,15,0,213.0
10109777SILVAK_2025-06-28_G09,10109777SILVAK,2025-06-28,111468,1,40,0,370.0
10109777SILVAK_2025-06-28_G10,10109777SILVAK,2025-06-28,107830,1,16,0,118.0
10109777SILVAK_2025-06-28_G11,10109777SILVAK,2025-06-28,117785,1,80,0,409.0
10109777SILVAK_2025-06-28_G12,10109777SILVAK,2025-06-28,111650,1,20,0,802.0
10109777SILVAK_2025-06-28_G13,10109777SILVAK,2025-06-28,110376,1,50,0,402.0
10109777SILVAK_2025-06-28_G14,10109777SILVAK,2025-06-28,118299,1,50,0,459.0
10109777SILVAK_2025-06-28_G15,10109777SILVAK,2025-06-28,111602,1,30,0,238.0
10109777SILVAK_2025-06-28_G16,10109777SILVAK,2025-06-28,111602,1,26,0,65.0
10109777SILVAK_2025-06-28_G17,10109777SILVAK,2025-06-28,111330,1,34,0,566.0
10109777SILVAK_2025-06-28_G18,10109777SILVAK,2025-06-28,117935,1,4,0,1677.0
10109777SILVAK_2025-06-28_G19,10109777SILVAK,2025-06-28,110515,1,7,0,216.0
10109777SILVAK_2025-06-28_G20,10109777SILVAK,2025-06-28,110313,1,5,0,128.0
10109777SILVAK_2025-06-28_G21,10109777SILVAK,2025-06-28,111439,1,6,0,313.0
10109777SILVAK_2025-06-28_G22,10109777SILVAK,2025-06-28,111602,1,4,0,94.0
10109777SILVAK_2025-06-28_G23,10109777SILVAK,2025-06-28,111434,1,2,0,359.0
10109777SILVAK_2025-06-28_G24,10109777SILVAK,2025-06-28,111463,1,11,0,175.0
10109777SILVAK_2025-06-28_G25,10109777SILVAK,2025-06-28,117841,1,6,0,138.0
10109777SILVAK_2025-06-28_G26,10109777SILVAK,2025-06-28,117808,1,15,0,309.0
10109777SILVAK_2025-06-28_G27,10109777SILVAK,2025-06-28,111466,1,15,0,332.0
10109777SILVAK_2025-06-28_G28,10109777SILVAK,2025-06-28,110373,1,20,0,190.0
10109777SILVAK_2025-06-28_G29,10109777SILVAK,2025-06-28,110372,1,14,0,145.0
10109777SILVAK_2025-06-28_G30,10109777SILVAK,2025-06-28,118140,1,20,0,133.0
10109777SILVAK_2025-06-28_G31,10109777SILVAK,2025-06-28,108795,1,2,0,226.0
10109777SILVAK_2025-06-28_G32,10109777SILVAK,2025-06-28,111569,1,6,0,338.0
10109777SILVAK_2025-06-28_G33,10109777SILVAK,2025-06-28,117855,1,4,0,131.0
10109777SILVAK_2025-06-28_G34,10109777SILVAK,2025-06-28,110325,1,4,0,63.0
10109777SILVAK_2025-06-28_G35,10109777SILVAK,2025-06-28,117785,1,8,0,148.0
10109777SILVAK_2025-06-28_G36,10109777SILVAK,2025-06-28,111463,1,4,0,36.0
10109777SILVAK_2025-06-28_G37,10109777SILVAK,2025-06-28,111466,1,18,0,92.0
10109777SILVAK_2025-06-28_G38,10109777SILVAK,2025-06-28,111469,1,7,0,152.0
10109777SILVAK_2025-06-28_G39,10109777SILVAK,2025-06-28,110787,1,4,0,106.0
10109777SILVAK_2025-06-28_G40,10109777SILVAK,2025-06-28,111530,1,4,0,73.0
10109777SILVAK_2025-06-28_G41,10109777SILVAK,2025-06-28,118140,1,6,0,93.0
10109777SILVAK_2025-06-28_G42,10109777SILVAK,2025-06-28,110374,1,4,0,196.0
10109777SILVAK_2025-06-28_G43,10109777SILVAK,2025-06-28,110373,1,24,0,351.0
10109777SILVAK_2025-06-28_G44,10109777SILVAK,2025-06-28,110534,1,4,0,232.0
10109777SILVAK_2025-06-28_G45,10109777SILVAK,2025-06-28,110372,1,193,0,1275.0
10109777SILVAK_2025-06-28_G46,10109777SILVAK,2025-06-28,110371,1,279,0,1195.0
10109777SILVAK_2025-06-28_G47,10109777SILVAK,2025-06-28,110373,1,534,0,694.0
10109777SILVAK_2025-06-28_G48,10109777SILVAK,2025-06-28,111467,1,38,0,248.0
10109777SILVAK_2025-06-28_G49,10109777SILVAK,2025-06-28,108772,1,15,0,275.0
10109777SILVAK_2025-06-28_G50,10109777SILVAK,2025-06-28,117855,1,161,0,225.0
10109777SILVAK_2025-06-28_G51,10109777SILVAK,2025-06-28,109647,1,26,0,567.0
10109777SILVAK_2025-06-28_G52,10109777SILVAK,2025-06-28,117965,1,40,0,720.0
10109777SILVAK_2025-06-28_G53,10109777SILVAK,2025-06-28,118094,1,36,0,586.0
10109777SILVAK_2025-06-28_G54,10109777SILVAK,2025-06-28,107629,1,27,0,198.0
10109777SILVAK_2025-06-28_G55,10109777SILVAK,2025-06-28,110711,2,47,30,1065.0
10109777SILVAK_2025-06-28_G56,10109777SILVAK,2025-06-28,108798,1,37,0,1047.0
10109777SILVAK_2025-06-28_G58,10109777SILVAK,2025-06-28,"108772, 111530",2,8,12,81.0
10109777SILVAK_2025-06-28_G59,10109777SILVAK,2025-06-28,111446,2,12,6,294.0
10109777SILVAK_2025-06-28_G60,10109777SILVAK,2025-06-28,111463,1,20,0,258.0
10109777SILVAK_2025-06-28_G61,10109777SILVAK,2025-06-28,117820,1,1,0,86.0
10109777SILVAK_2025-06-28_G62,10109777SILVAK,2025-06-28,111569,1,10,0,444.0
10109777SILVAK_2025-06-28_G63,10109777SILVAK,2025-06-28,110711,1,5,0,131.0
10109777SILVAK_2025-06-28_G64,10109777SILVAK,2025-06-28,141823,1,4,0,179.0
10109777SILVAK_2025-06-28_G65,10109777SILVAK,2025-06-28,141202,1,13,0,221.0
10109777SILVAK_2025-06-30_G02,10109777SILVAK,2025-06-30,118052,1,4,0,144.0
10109777SILVAK_2025-06-30_G03,10109777SILVAK,2025-06-30,111780,1,4,0,55.0
10109777SILVAK_2025-06-30_G04,10109777SILVAK,2025-06-30,118417,1,4,0,72.0
10109777SILVAK_2025-06-30_G05,10109777SILVAK,2025-06-30,"141035, 111861",2,10,16,271.0
10109777SILVAK_2025-06-30_G06,10109777SILVAK,2025-06-30,108993,1,4,0,1145.0
10109777SILVAK_2025-06-30_G07,10109777SILVAK,2025-06-30,117786,3,95,41,1541.0
10109777SILVAK_2025-06-30_G08,10109777SILVAK,2025-06-30,110515,2,35,11,619.0
10109777SILVAK_2025-06-30_G09,10109777SILVAK,2025-06-30,"111530, 111602",3,119,32,38.0
10109777SILVAK_2025-06-30_G10,10109777SILVAK,2025-06-30,111602,1,51,0,1212.0
10109777SILVAK_2025-06-30_G11,10109777SILVAK,2025-06-30,117785,4,72,37,429.0
10109777SILVAK_2025-06-30_G12,10109777SILVAK,2025-06-30,111463,3,100,20,275.0
10109777SILVAK_2025-06-30_G13,10109777SILVAK,2025-06-30,118140,2,54,10,290.0
10109777SILVAK_2025-06-30_G14,10109777SILVAK,2025-06-30,111466,1,132,0,392.0
10109777SILVAK_2025-06-30_G15,10109777SILVAK,2025-06-30,117831,2,120,16,1010.0
10109777SILVAK_2025-06-30_G16,10109777SILVAK,2025-06-30,111532,3,82,17,755.0
10109777SILVAK_2025-06-30_G17,10109777SILVAK,2025-06-30,118299,1,400,0,1224.0
10109777SILVAK_2025-06-30_G18,10109777SILVAK,2025-06-30,118299,1,300,0,1342.0
10109777SILVAK_2025-06-30_G19,10109777SILVAK,2025-06-30,118299,1,700,0,948.0
10109777SILVAK_2025-06-30_G20,10109777SILVAK,2025-06-30,118442,1,8,0,307.0
10109777SILVAK_2025-06-30_G21,10109777SILVAK,2025-06-30,111441,1,4,0,2726.0
10109777SILVAK_2025-06-30_G22,10109777SILVAK,2025-06-30,109640,1,4,0,69.0
10109777SILVAK_2025-06-30_G23,10109777SILVAK,2025-06-30,108711,1,8,0,145.0
10109777SILVAK_2025-06-30_G24,10109777SILVAK,2025-06-30,118140,1,8,0,118.0
10109777SILVAK_2025-06-30_G26,10109777SILVAK,2025-06-30,118140,1,8,0,110.0
10109777SILVAK_2025-06-30_G27,10109777SILVAK,2025-06-30,111466,1,2,0,50.0
10109777SILVAK_2025-06-30_G28,10109777SILVAK,2025-06-30,"108711, 118140",2,11,22,260.0
10109777SILVAK_2025-06-30_G29,10109777SILVAK,2025-06-30,140922,1,1,0,87.0
10109777SILVAK_2025-06-30_G30,10109777SILVAK,2025-06-30,110313,1,2,0,67.0
10109777SILVAK_2025-06-30_G31,10109777SILVAK,2025-06-30,110733,1,5,0,33.0
10109777SILVAK_2025-06-30_G32,10109777SILVAK,2025-06-30,108711,1,2,0,34.0
10109777SILVAK_2025-06-30_G33,10109777SILVAK,2025-06-30,111466,1,6,0,90.0
10109777SILVAK_2025-06-30_G34,10109777SILVAK,2025-06-30,118290,1,3,0,1098.0
10109777SILVAK_2025-06-30_G35,10109777SILVAK,2025-06-30,111330,1,3,0,271.0
10109777SILVAK_2025-06-30_G36,10109777SILVAK,2025-06-30,111439,1,1,0,1239.0
10109777SILVAK_2025-06-30_G37,10109777SILVAK,2025-06-30,118416,1,3,0,885.0
10109777SILVAK_2025-06-30_G38,10109777SILVAK,2025-06-30,118417,1,1,0,216.0
10109777SILVAK_2025-06-30_G39,10109777SILVAK,2025-06-30,118094,1,4,0,141.0
10109777SILVAK_2025-06-30_G40,10109777SILVAK,2025-06-30,118222,1,4,0,122.0
10109777SILVAK_2025-06-30_G41,10109777SILVAK,2025-06-30,109641,1,4,0,220.0
10109777SILVAK_2025-06-30_G42,10109777SILVAK,2025-06-30,118140,2,11,11,499.0
10109777SILVAK_2025-06-30_G43,10109777SILVAK,2025-06-30,109641,1,12,0,305.0
10109777SILVAK_2025-06-30_G44,10109777SILVAK,2025-06-30,118140,1,12,0,65.0
10109777SILVAK_2025-06-30_G45,10109777SILVAK,2025-06-30,117831,1,4,0,232.0
10109777SILVAK_2025-06-30_G46,10109777SILVAK,2025-06-30,118222,1,17,0,349.0
10109777SILVAK_2025-07-03_G02,10109777SILVAK,2025-07-03,110753,1,42,0,395.0
10109777SILVAK_2025-07-03_G03,10109777SILVAK,2025-07-03,111467,1,49,0,574.0
10109777SILVAK_2025-07-03_G04,10109777SILVAK,2025-07-03,110740,1,350,0,1358.0
10109777SILVAK_2025-07-03_G05,10109777SILVAK,2025-07-03,111468,1,55,0,414.0
10109777SILVAK_2025-07-03_G06,10109777SILVAK,2025-07-03,111468,1,180,0,415.0
10109777SILVAK_2025-07-03_G10,10109777SILVAK,2025-07-03,117820,1,1200,0,67.0
10109777SILVAK_2025-07-05_G02,10109777SILVAK,2025-07-05,111530,1,10,0,358.0
10109777SILVAK_2025-07-05_G03,10109777SILVAK,2025-07-05,109641,1,4,0,144.0
10109777SILVAK_2025-07-05_G04,10109777SILVAK,2025-07-05,110332,1,4,0,172.0
10109777SILVAK_2025-07-05_G05,10109777SILVAK,2025-07-05,117808,1,4,0,63.0
10109777SILVAK_2025-07-05_G06,10109777SILVAK,2025-07-05,109643,1,2,0,60.0
10109777SILVAK_2025-07-05_G07,10109777SILVAK,2025-07-05,110376,1,4,0,103.0
10109777SILVAK_2025-07-05_G08,10109777SILVAK,2025-07-05,117834,1,4,0,265.0
10109777SILVAK_2025-07-05_G09,10109777SILVAK,2025-07-05,111446,1,4,0,214.0
10109777SILVAK_2025-07-05_G10,10109777SILVAK,2025-07-05,111469,1,4,0,223.0
10109777SILVAK_2025-07-05_G11,10109777SILVAK,2025-07-05,140922,3,16,14,69.0
10109777SILVAK_2025-07-05_G12,10109777SILVAK,2025-07-05,111466,1,4,0,139.0
10109777SILVAK_2025-07-05_G13,10109777SILVAK,2025-07-05,111172,1,8,0,107.0
10109777SILVAK_2025-07-05_G14,10109777SILVAK,2025-07-05,107236,1,4,0,503.0
10109777SILVAK_2025-07-05_G15,10109777SILVAK,2025-07-05,140922,1,4,0,169.0
10109777SILVAK_2025-07-05_G16,10109777SILVAK,2025-07-05,111463,1,8,0,139.0
10109777SILVAK_2025-07-05_G17,10109777SILVAK,2025-07-05,117820,1,12,0,132.0
10109777SILVAK_2025-07-05_G18,10109777SILVAK,2025-07-05,117809,1,8,0,112.0
10109777SILVAK_2025-07-05_G19,10109777SILVAK,2025-07-05,118299,1,8,0,132.0
10109777SILVAK_2025-07-05_G21,10109777SILVAK,2025-07-05,111775,1,2,0,401.0
10109777SILVAK_2025-07-05_G22,10109777SILVAK,2025-07-05,118418,1,4,0,243.0
10109777SILVAK_2025-07-05_G23,10109777SILVAK,2025-07-05,117834,1,13,0,161.0
10109777SILVAK_2025-07-05_G24,10109777SILVAK,2025-07-05,118417,1,4,0,151.0
10109777SILVAK_2025-07-05_G25,10109777SILVAK,2025-07-05,111660,1,10,0,407.0
10109777SILVAK_2025-07-05_G26,10109777SILVAK,2025-07-05,118094,1,11,0,1829.0
10109777SILVAK_2025-07-05_G27,10109777SILVAK,2025-07-05,117837,1,2,0,100.0
10109777SILVAK_2025-07-05_G28,10109777SILVAK,2025-07-05,141047,1,4,0,195.0
10109777SILVAK_2025-07-05_G29,10109777SILVAK,2025-07-05,108772,1,33,0,180.0
10109777SILVAK_2025-07-05_G30,10109777SILVAK,2025-07-05,117855,1,124,0,551.0
10109777SILVAK_2025-07-05_G31,10109777SILVAK,2025-07-05,109647,1,36,0,306.0
10109777SILVAK_2025-07-05_G32,10109777SILVAK,2025-07-05,109643,1,65,0,467.0
10109777SILVAK_2025-07-05_G33,10109777SILVAK,2025-07-05,116241,1,71,0,853.0
10109777SILVAK_2025-07-05_G34,10109777SILVAK,2025-07-05,111446,1,7,0,153.0
10109777SILVAK_2025-07-05_G35,10109777SILVAK,2025-07-05,117841,1,10,0,58.0
10109777SILVAK_2025-07-05_G36,10109777SILVAK,2025-07-05,105705,1,77,0,451.0
10109777SILVAK_2025-07-05_G37,10109777SILVAK,2025-07-05,108794,1,83,0,242.0
10109777SILVAK_2025-07-05_G38,10109777SILVAK,2025-07-05,110745,1,27,0,640.0
10109777SILVAK_2025-07-05_G39,10109777SILVAK,2025-07-05,110740,1,60,0,105.0
10109777SILVAK_2025-07-05_G40,10109777SILVAK,2025-07-05,111468,1,41,0,520.0
10109777SILVAK_2025-07-05_G42,10109777SILVAK,2025-07-05,110747,1,70,0,483.0
10109777SILVAK_2025-07-05_G43,10109777SILVAK,2025-07-05,100334,1,46,0,512.0
10109777SILVAK_2025-07-05_G44,10109777SILVAK,2025-07-05,111441,1,18,0,364.0
10109777SILVAK_2025-07-05_G45,10109777SILVAK,2025-07-05,111447,1,4,0,281.0
10109777SILVAK_2025-07-05_G46,10109777SILVAK,2025-07-05,110751,1,7,0,2099.0
10109777SILVAK_2025-07-05_G47,10109777SILVAK,2025-07-05,110787,1,108,0,51.0
10109777SILVAK_2025-07-05_G48,10109777SILVAK,2025-07-05,110756,1,8,0,148.0
10109777SILVAK_2025-07-05_G49,10109777SILVAK,2025-07-05,110515,1,328,0,1184.0
10109777SILVAK_2025-07-07_G02,10109777SILVAK,2025-07-07,117861,1,4,0,97.0
10109777SILVAK_2025-07-07_G03,10109777SILVAK,2025-07-07,111467,1,4,0,152.0
10109777SILVAK_2025-07-07_G04,10109777SILVAK,2025-07-07,117935,1,4,0,70.0
10109777SILVAK_2025-07-07_G05,10109777SILVAK,2025-07-07,111443,1,4,0,131.0
10109777SILVAK_2025-07-07_G06,10109777SILVAK,2025-07-07,111418,1,4,0,200.0
10109777SILVAK_2025-07-07_G07,10109777SILVAK,2025-07-07,118299,1,7,0,149.0
10109777SILVAK_2025-07-07_G08,10109777SILVAK,2025-07-07,118222,1,3,0,334.0
10109777SILVAK_2025-07-07_G09,10109777SILVAK,2025-07-07,117831,1,4,0,585.0
10109777SILVAK_2025-07-07_G10,10109777SILVAK,2025-07-07,118140,1,3,0,79.0
10109777SILVAK_2025-07-07_G11,10109777SILVAK,2025-07-07,117808,2,22,21,302.0
10109777SILVAK_2025-07-07_G12,10109777SILVAK,2025-07-07,109643,1,2,0,41.0
10109777SILVAK_2025-07-07_G13,10109777SILVAK,2025-07-07,117785,1,2,0,670.0
10109777SILVAK_2025-07-07_G14,10109777SILVAK,2025-07-07,110742,1,4,0,1804.0
10109777SILVAK_2025-07-07_G15,10109777SILVAK,2025-07-07,111467,1,2,0,133.0
10109777SILVAK_2025-07-07_G16,10109777SILVAK,2025-07-07,111602,1,4,0,61.0
10109777SILVAK_2025-07-07_G17,10109777SILVAK,2025-07-07,108711,1,1,0,468.0
10109777SILVAK_2025-07-07_G18,10109777SILVAK,2025-07-07,111418,1,12,0,176.0
10109777SILVAK_2025-07-07_G19,10109777SILVAK,2025-07-07,111442,1,1,0,171.0
10109777SILVAK_2025-07-07_G20,10109777SILVAK,2025-07-07,107236,1,2,0,123.0
10109777SILVAK_2025-07-07_G21,10109777SILVAK,2025-07-07,118299,1,2,0,132.0
10109777SILVAK_2025-07-07_G22,10109777SILVAK,2025-07-07,109643,1,1,0,130.0
10109777SILVAK_2025-07-07_G23,10109777SILVAK,2025-07-07,116241,1,4,0,293.0
10109777SILVAK_2025-07-07_G24,10109777SILVAK,2025-07-07,111348,1,1,0,44.0
10109777SILVAK_2025-07-07_G25,10109777SILVAK,2025-07-07,140922,1,10,0,206.0
10109777SILVAK_2025-07-07_G26,10109777SILVAK,2025-07-07,117841,1,4,0,99.0
10109777SILVAK_2025-07-07_G27,10109777SILVAK,2025-07-07,111330,1,1,0,149.0
10109777SILVAK_2025-07-07_G28,10109777SILVAK,2025-07-07,109645,1,5,0,102.0
10109777SILVAK_2025-07-07_G29,10109777SILVAK,2025-07-07,111469,1,40,0,3096.0
10109777SILVAK_2025-07-07_G30,10109777SILVAK,2025-07-07,111462,1,20,0,220.0
10109777SILVAK_2025-07-07_G31,10109777SILVAK,2025-07-07,110740,1,12,0,158.0
10109777SILVAK_2025-07-07_G32,10109777SILVAK,2025-07-07,111430,1,4,0,1440.0
10109777SILVAK_2025-07-07_G33,10109777SILVAK,2025-07-07,111438,1,24,0,452.0
10109777SILVAK_2025-07-07_G34,10109777SILVAK,2025-07-07,110755,2,6,24,166.0
10109777SILVAK_2025-07-07_G35,10109777SILVAK,2025-07-07,111569,1,10,0,362.0
10109777SILVAK_2025-07-07_G36,10109777SILVAK,2025-07-07,110752,1,2,0,115.0
10109777SILVAK_2025-07-07_G37,10109777SILVAK,2025-07-07,111463,1,6,0,263.0
10109777SILVAK_2025-07-07_G38,10109777SILVAK,2025-07-07,111532,1,4,0,464.0
10109777SILVAK_2025-07-07_G39,10109777SILVAK,2025-07-07,111418,1,15,0,67.0
10109777SILVAK_2025-07-07_G40,10109777SILVAK,2025-07-07,110740,1,4,0,146.0
10109777SILVAK_2025-07-07_G41,10109777SILVAK,2025-07-07,118140,1,10,0,90.0
10109777SILVAK_2025-07-07_G42,10109777SILVAK,2025-07-07,111442,1,4,0,116.0
10109777SILVAK_2025-07-07_G43,10109777SILVAK,2025-07-07,117820,1,10,0,88.0
10109777SILVAK_2025-07-07_G44,10109777SILVAK,2025-07-07,117808,2,8,18,85.0
10109777SILVAK_2025-07-07_G45,10109777SILVAK,2025-07-07,110373,3,14,18,104.0
10109777SILVAK_2025-07-07_G46,10109777SILVAK,2025-07-07,110374,1,4,0,171.0
10109777SILVAK_2025-07-07_G47,10109777SILVAK,2025-07-07,116241,1,12,0,715.0
10109777SILVAK_2025-07-07_G49,10109777SILVAK,2025-07-07,110841,1,1,0,211.0
10109777SILVAK_2025-07-07_G50,10109777SILVAK,2025-07-07,117854,1,4,0,170.0
10109777SILVAK_2025-07-07_G51,10109777SILVAK,2025-07-07,110339,1,4,0,31.0
10109777SILVAK_2025-07-07_G52,10109777SILVAK,2025-07-07,117855,1,40,0,293.0
10109777SILVAK_2025-07-07_G53,10109777SILVAK,2025-07-07,110711,1,23,0,145.0
10109777SILVAK_2025-07-07_G54,10109777SILVAK,2025-07-07,108772,1,4,0,243.0
10109777SILVAK_2025-07-07_G55,10109777SILVAK,2025-07-07,117856,1,10,0,88.0
10109777SILVAK_2025-07-07_G56,10109777SILVAK,2025-07-07,106860,1,1,0,279.0
10109777SILVAK_2025-07-07_G57,10109777SILVAK,2025-07-07,110129,1,4,0,370.0
10109777SILVAK_2025-07-07_G58,10109777SILVAK,2025-07-07,108794,1,20,0,162.0
10109777SILVAK_2025-07-07_G59,10109777SILVAK,2025-07-07,111743,1,7,0,202.0
10109777SILVAK_2025-07-07_G60,10109777SILVAK,2025-07-07,111182,1,6,0,94.0
10109777SILVAK_2025-07-07_G61,10109777SILVAK,2025-07-07,110740,1,12,0,203.0
10109777SILVAK_2025-07-07_G62,10109777SILVAK,2025-07-07,110787,1,1,0,204.0
10109777SILVAK_2025-07-07_G63,10109777SILVAK,2025-07-07,118317,1,5,0,157.0
10109777SILVAK_2025-07-07_G64,10109777SILVAK,2025-07-07,111465,1,20,0,579.0
10109777SILVAK_2025-07-07_G65,10109777SILVAK,2025-07-07,111418,1,100,0,1824.0
10109777SILVAK_2025-07-07_G66,10109777SILVAK,2025-07-07,117785,1,100,0,308.0
10109777SILVAK_2025-07-07_G67,10109777SILVAK,2025-07-07,111463,1,60,0,543.0
10109777SILVAK_2025-07-07_G68,10109777SILVAK,2025-07-07,110745,1,40,0,610.0
10109777SILVAK_2025-07-07_G69,10109777SILVAK,2025-07-07,111466,1,60,0,98.0
10109777SILVAK_2025-07-07_G70,10109777SILVAK,2025-07-07,117833,1,25,0,835.0
10109777SILVAK_2025-07-08_G02,10109777SILVAK,2025-07-08,110372,1,36,0,373.0
10109777SILVAK_2025-07-08_G03,10109777SILVAK,2025-07-08,117785,1,36,0,461.0
10109777SILVAK_2025-07-08_G04,10109777SILVAK,2025-07-08,117830,1,50,0,430.0
10109777SILVAK_2025-07-08_G05,10109777SILVAK,2025-07-08,118222,1,36,0,445.0
10109777SILVAK_2025-07-08_G06,10109777SILVAK,2025-07-08,140956,1,4,0,424.0
10109777SILVAK_2025-07-08_G07,10109777SILVAK,2025-07-08,110895,1,12,0,204.0
10109777SILVAK_2025-07-08_G08,10109777SILVAK,2025-07-08,110755,1,2,0,2320.0
10109777SILVAK_2025-07-08_G09,10109777SILVAK,2025-07-08,117853,1,4,0,743.0
10109777SILVAK_2025-07-08_G10,10109777SILVAK,2025-07-08,141823,1,5,0,121.0
10109777SILVAK_2025-07-08_G11,10109777SILVAK,2025-07-08,141823,1,16,0,672.0
10109777SILVAK_2025-07-08_G12,10109777SILVAK,2025-07-08,141823,1,3,0,35.0
10109777SILVAK_2025-07-08_G13,10109777SILVAK,2025-07-08,141823,1,3,0,35.0
10109777SILVAK_2025-07-08_G14,10109777SILVAK,2025-07-08,117853,1,3,0,394.0
10109777SILVAK_2025-07-08_G15,10109777SILVAK,2025-07-08,117820,1,60,0,1601.0
10109777SILVAK_2025-07-08_G16,10109777SILVAK,2025-07-08,118222,1,8,0,1944.0
10109777SILVAK_2025-07-08_G17,10109777SILVAK,2025-07-08,110742,1,4,0,82.0
10109777SILVAK_2025-07-08_G18,10109777SILVAK,2025-07-08,111569,1,4,0,270.0
10109777SILVAK_2025-07-08_G19,10109777SILVAK,2025-07-08,111569,1,2,0,51.0
10109777SILVAK_2025-07-08_G20,10109777SILVAK,2025-07-08,141066,1,1,0,178.0
10109777SILVAK_2025-07-08_G21,10109777SILVAK,2025-07-08,117862,1,4,0,127.0
10109777SILVAK_2025-07-08_G22,10109777SILVAK,2025-07-08,117855,1,2,0,112.0
10109777SILVAK_2025-07-08_G23,10109777SILVAK,2025-07-08,111463,1,60,0,208.0
10109777SILVAK_2025-07-08_G24,10109777SILVAK,2025-07-08,140922,1,2,0,258.0
10109777SILVAK_2025-07-08_G25,10109777SILVAK,2025-07-08,111466,2,20,8,254.0
10109777SILVAK_2025-07-08_G26,10109777SILVAK,2025-07-08,117831,1,1,0,120.0
10109777SILVAK_2025-07-08_G27,10109777SILVAK,2025-07-08,117831,1,4,0,96.0
10109777SILVAK_2025-07-08_G28,10109777SILVAK,2025-07-08,111172,1,11,0,201.0
10109777SILVAK_2025-07-08_G29,10109777SILVAK,2025-07-08,111418,1,4,0,127.0
10109777SILVAK_2025-07-08_G30,10109777SILVAK,2025-07-08,111468,1,14,0,267.0
10109777SILVAK_2025-07-08_G31,10109777SILVAK,2025-07-08,110375,1,5,0,157.0
10109777SILVAK_2025-07-08_G32,10109777SILVAK,2025-07-08,117809,1,12,0,34.0
10109777SILVAK_2025-07-08_G33,10109777SILVAK,2025-07-08,118299,2,87,20,51.0
10109777SILVAK_2025-07-08_G34,10109777SILVAK,2025-07-08,109643,1,1,0,46.0
10109777SILVAK_2025-07-08_G35,10109777SILVAK,2025-07-08,117820,1,58,0,43.0
10109777SILVAK_2025-07-08_G36,10109777SILVAK,2025-07-08,"117808, 117820",2,127,14,104.0
10109777SILVAK_2025-07-08_G37,10109777SILVAK,2025-07-08,110374,1,20,0,819.0
10109777SILVAK_2025-07-08_G38,10109777SILVAK,2025-07-08,110372,2,128,6,310.0
10109777SILVAK_2025-07-08_G39,10109777SILVAK,2025-07-08,110371,1,4,0,110.0
10109777SILVAK_2025-07-08_G40,10109777SILVAK,2025-07-08,110376,1,5,0,116.0
10109777SILVAK_2025-07-08_G41,10109777SILVAK,2025-07-08,110373,1,20,0,953.0
10109777SILVAK_2025-07-08_G42,10109777SILVAK,2025-07-08,117830,1,17,0,1523.0
10109777SILVAK_2025-07-08_G43,10109777SILVAK,2025-07-08,117822,2,11,10,241.0
10109777SILVAK_2025-07-08_G44,10109777SILVAK,2025-07-08,118222,1,15,0,710.0
10109777SILVAK_2025-07-08_G45,10109777SILVAK,2025-07-08,100334,1,4,0,830.0
10109777SILVAK_2025-07-08_G46,10109777SILVAK,2025-07-08,111430,1,4,0,43.0
10109777SILVAK_2025-07-08_G47,10109777SILVAK,2025-07-08,111441,2,20,10,85.0
10109777SILVAK_2025-07-08_G48,10109777SILVAK,2025-07-08,111438,1,23,0,559.0
10109777SILVAK_2025-07-08_G49,10109777SILVAK,2025-07-08,110755,1,16,0,103.0
10109777SILVAK_2025-07-08_G50,10109777SILVAK,2025-07-08,111569,1,13,0,325.0
10109777SILVAK_2025-07-08_G51,10109777SILVAK,2025-07-08,115775,1,8,0,559.0
10109777SILVAK_2025-07-08_G53,10109777SILVAK,2025-07-08,110895,1,8,0,347.0
10109777SILVAK_2025-07-08_G54,10109777SILVAK,2025-07-08,110742,1,4,0,41.0
10109777SILVAK_2025-07-08_G55,10109777SILVAK,2025-07-08,111463,1,5,0,354.0
10109777SILVAK_2025-07-08_G56,10109777SILVAK,2025-07-08,117785,1,5,0,129.0
10109777SILVAK_2025-07-08_G57,10109777SILVAK,2025-07-08,108711,1,6,0,83.0
10109777SILVAK_2025-07-08_G58,10109777SILVAK,2025-07-08,"110745, 111466",2,10,17,187.0
10109777SILVAK_2025-07-08_G59,10109777SILVAK,2025-07-08,117831,1,14,0,269.0
10109777SILVAK_2025-07-08_G60,10109777SILVAK,2025-07-08,117833,1,5,0,129.0
10109777SILVAK_2025-07-08_G61,10109777SILVAK,2025-07-08,111462,1,4,0,131.0
10109777SILVAK_2025-07-08_G62,10109777SILVAK,2025-07-08,110740,1,4,0,41.0
10109777SILVAK_2025-07-08_G63,10109777SILVAK,2025-07-08,118140,1,9,0,69.0
10109777SILVAK_2025-07-08_G64,10109777SILVAK,2025-07-08,117787,1,4,0,153.0
10109777SILVAK_2025-07-08_G65,10109777SILVAK,2025-07-08,107236,1,2,0,75.0
10109777SILVAK_2025-07-08_G66,10109777SILVAK,2025-07-08,111468,1,4,0,56.0
10109777SILVAK_2025-07-09_G02,10109777SILVAK,2025-07-09,117835,1,30,0,1550.0
10109777SILVAK_2025-07-09_G03,10109777SILVAK,2025-07-09,110895,1,24,0,562.0
10109777SILVAK_2025-07-09_G04,10109777SILVAK,2025-07-09,107629,1,19,0,438.0
10109777SILVAK_2025-07-09_G05,10109777SILVAK,2025-07-09,109647,1,12,0,190.0
10109777SILVAK_2025-07-09_G06,10109777SILVAK,2025-07-09,110515,1,80,0,274.0
10109777SILVAK_2025-07-09_G07,10109777SILVAK,2025-07-09,111602,1,60,0,418.0
10109777SILVAK_2025-07-09_G08,10109777SILVAK,2025-07-09,110325,1,56,0,534.0
10109777SILVAK_2025-07-09_G09,10109777SILVAK,2025-07-09,117808,1,150,0,462.0
10109777SILVAK_2025-07-09_G10,10109777SILVAK,2025-07-09,117820,1,250,0,2599.0
10109777SILVAK_2025-07-09_G11,10109777SILVAK,2025-07-09,111463,1,173,0,799.0
10109777SILVAK_2025-07-09_G12,10109777SILVAK,2025-07-09,108794,1,40,0,128.0
10109777SILVAK_2025-07-09_G13,10109777SILVAK,2025-07-09,111466,1,50,0,748.0
10109777SILVAK_2025-07-09_G14,10109777SILVAK,2025-07-09,117821,1,20,0,157.0
10109777SILVAK_2025-07-09_G15,10109777SILVAK,2025-07-09,117831,1,46,0,57.0
10109777SILVAK_2025-07-09_G16,10109777SILVAK,2025-07-09,108711,1,80,0,392.0
10109777SILVAK_2025-07-09_G17,10109777SILVAK,2025-07-09,111462,1,160,0,863.0
10109777SILVAK_2025-07-09_G18,10109777SILVAK,2025-07-09,110740,1,100,0,246.0
10109777SILVAK_2025-07-09_G19,10109777SILVAK,2025-07-09,111433,1,60,0,490.0
10109777SILVAK_2025-07-09_G20,10109777SILVAK,2025-07-09,111172,1,60,0,1109.0
10109777SILVAK_2025-07-09_G21,10109777SILVAK,2025-07-09,107236,1,60,0,833.0
10109777SILVAK_2025-07-09_G22,10109777SILVAK,2025-07-09,111330,1,12,0,635.0
10109777SILVAK_2025-07-09_G23,10109777SILVAK,2025-07-09,"105705, 117808",2,8,23,187.0
10109777SILVAK_2025-07-09_G24,10109777SILVAK,2025-07-09,107830,1,22,0,252.0
10109777SILVAK_2025-07-10_G02,10109777SILVAK,2025-07-10,118299,1,33,0,752.0
10109777SILVAK_2025-07-10_G03,10109777SILVAK,2025-07-10,110371,1,12,0,265.0
10109777SILVAK_2025-07-10_G04,10109777SILVAK,2025-07-10,117808,1,58,0,436.0
10109777SILVAK_2025-07-10_G05,10109777SILVAK,2025-07-10,117832,1,8,0,94.0
10109777SILVAK_2025-07-10_G06,10109777SILVAK,2025-07-10,117808,1,186,0,910.0
10109777SILVAK_2025-07-10_G07,10109777SILVAK,2025-07-10,118299,1,95,0,432.0
10109777SILVAK_2025-07-10_G08,10109777SILVAK,2025-07-10,118222,1,2,0,280.0
10109777SILVAK_2025-07-10_G09,10109777SILVAK,2025-07-10,110742,1,2,0,163.0
10109777SILVAK_2025-07-10_G10,10109777SILVAK,2025-07-10,110747,1,2,0,55.0
10109777SILVAK_2025-07-10_G11,10109777SILVAK,2025-07-10,100334,1,2,0,96.0
10109777SILVAK_2025-07-10_G12,10109777SILVAK,2025-07-10,110754,1,2,0,182.0
10109777SILVAK_2025-07-10_G13,10109777SILVAK,2025-07-10,117834,1,1,0,151.0
10109777SILVAK_2025-07-10_G14,10109777SILVAK,2025-07-10,111569,1,4,0,42.0
10109777SILVAK_2025-07-10_G15,10109777SILVAK,2025-07-10,108770,1,2,0,116.0
10109777SILVAK_2025-07-10_G16,10109777SILVAK,2025-07-10,111435,1,1,0,215.0
10109777SILVAK_2025-07-10_G17,10109777SILVAK,2025-07-10,111182,1,1,0,69.0
10109777SILVAK_2025-07-10_G18,10109777SILVAK,2025-07-10,110745,1,2,0,44.0
10109777SILVAK_2025-07-10_G19,10109777SILVAK,2025-07-10,117841,1,1,0,43.0
10109777SILVAK_2025-07-10_G20,10109777SILVAK,2025-07-10,111466,1,13,0,106.0
10109777SILVAK_2025-07-10_G21,10109777SILVAK,2025-07-10,117821,1,2,0,35.0
10109777SILVAK_2025-07-10_G22,10109777SILVAK,2025-07-10,"118223, 110787",2,5,19,67.0
10109777SILVAK_2025-07-10_G23,10109777SILVAK,2025-07-10,109645,1,2,0,69.0
10109777SILVAK_2025-07-10_G24,10109777SILVAK,2025-07-10,117785,1,4,0,76.0
10109777SILVAK_2025-07-10_G25,10109777SILVAK,2025-07-10,111468,1,4,0,75.0
10109777SILVAK_2025-07-10_G26,10109777SILVAK,2025-07-10,117832,1,14,0,1712.0
10109777SILVAK_2025-07-10_G27,10109777SILVAK,2025-07-10,110371,1,2,0,116.0
10109777SILVAK_2025-07-10_G28,10109777SILVAK,2025-07-10,107830,1,3,0,151.0
10109777SILVAK_2025-07-10_G29,10109777SILVAK,2025-07-10,118299,1,105,0,518.0
10109777SILVAK_2025-07-10_G30,10109777SILVAK,2025-07-10,110372,1,101,0,280.0
10109777SILVAK_2025-07-10_G31,10109777SILVAK,2025-07-10,"118299, 117809",2,78,27,504.0
10109777SILVAK_2025-07-10_G32,10109777SILVAK,2025-07-10,"110313, 117808",2,15,12,226.0
10109777SILVAK_2025-07-10_G33,10109777SILVAK,2025-07-10,111737,1,12,0,1153.0
10109777SILVAK_2025-07-10_G34,10109777SILVAK,2025-07-10,110313,1,33,0,303.0
10109777SILVAK_2025-07-10_G35,10109777SILVAK,2025-07-10,108794,1,4,0,719.0
10109777SILVAK_2025-07-10_G36,10109777SILVAK,2025-07-10,117808,1,16,0,40.0
10109777SILVAK_2025-07-10_G37,10109777SILVAK,2025-07-10,118299,1,6,0,152.0
10109777SILVAK_2025-07-10_G38,10109777SILVAK,2025-07-10,111569,1,6,0,429.0
10109777SILVAK_2025-07-10_G39,10109777SILVAK,2025-07-10,118299,1,2,0,59.0
10109777SILVAK_2025-07-10_G40,10109777SILVAK,2025-07-10,111443,1,4,0,144.0
10109777SILVAK_2025-07-10_G41,10109777SILVAK,2025-07-10,111433,1,6,0,145.0
10109777SILVAK_2025-07-10_G42,10109777SILVAK,2025-07-10,111465,1,8,0,107.0
10109777SILVAK_2025-07-10_G43,10109777SILVAK,2025-07-10,111463,1,24,0,557.0
10109777SILVAK_2025-07-10_G44,10109777SILVAK,2025-07-10,117808,1,23,0,1216.0
10109777SILVAK_2025-07-10_G45,10109777SILVAK,2025-07-10,110754,1,4,0,562.0
10109777SILVAK_2025-07-10_G46,10109777SILVAK,2025-07-10,109641,1,7,0,629.0
10109777SILVAK_2025-07-10_G47,10109777SILVAK,2025-07-10,111850,1,2,0,150.0
10109777SILVAK_2025-07-10_G48,10109777SILVAK,2025-07-10,111634,1,1,0,149.0
10109777SILVAK_2025-07-10_G49,10109777SILVAK,2025-07-10,111753,1,9,0,670.0
10109777SILVAK_2025-07-10_G50,10109777SILVAK,2025-07-10,117808,1,70,0,564.0
10109777SILVAK_2025-07-10_G51,10109777SILVAK,2025-07-10,110371,1,7,0,149.0
10109777SILVAK_2025-07-10_G53,10109777SILVAK,2025-07-10,111463,1,20,0,66.0
10109777SILVAK_2025-07-10_G54,10109777SILVAK,2025-07-10,111443,1,59,0,507.0
10109777SILVAK_2025-07-10_G55,10109777SILVAK,2025-07-10,117831,1,400,0,835.0
10109777SILVAK_2025-07-10_G56,10109777SILVAK,2025-07-10,117833,1,45,0,640.0
10109777SILVAK_2025-07-10_G57,10109777SILVAK,2025-07-10,110740,1,200,0,977.0
10109777SILVAK_2025-07-10_G58,10109777SILVAK,2025-07-10,110787,1,100,0,481.0
10109777SILVAK_2025-07-10_G59,10109777SILVAK,2025-07-10,111441,1,4,0,1227.0
10109777SILVAK_2025-07-10_G60,10109777SILVAK,2025-07-10,118229,1,4,0,372.0
10109777SILVAK_2025-07-10_G61,10109777SILVAK,2025-07-10,110711,1,2,0,531.0
10109777SILVAK_2025-07-10_G62,10109777SILVAK,2025-07-10,117855,1,4,0,66.0
10109777SILVAK_2025-07-10_G63,10109777SILVAK,2025-07-10,"111602, 118140",2,8,15,265.0
10109777SILVAK_2025-07-10_G64,10109777SILVAK,2025-07-10,110515,1,12,0,85.0
10109777SILVAK_2025-07-10_G65,10109777SILVAK,2025-07-10,111439,1,8,0,181.0
10109777SILVAK_2025-07-11_G02,10109777SILVAK,2025-07-11,110755,1,8,0,303.0
10109777SILVAK_2025-07-11_G03,10109777SILVAK,2025-07-11,111660,1,3,0,137.0
10109777SILVAK_2025-07-11_G04,10109777SILVAK,2025-07-11,118222,1,80,0,804.0
10109777SILVAK_2025-07-11_G05,10109777SILVAK,2025-07-11,117853,1,11,0,447.0
10109777SILVAK_2025-07-11_G06,10109777SILVAK,2025-07-11,108772,1,2,0,165.0
10109777SILVAK_2025-07-11_G07,10109777SILVAK,2025-07-11,117935,2,13,6,154.0
10109777SILVAK_2025-07-11_G08,10109777SILVAK,2025-07-11,110743,1,3,0,616.0
10109777SILVAK_2025-07-11_G09,10109777SILVAK,2025-07-11,105705,1,2,0,75.0
10109777SILVAK_2025-07-11_G10,10109777SILVAK,2025-07-11,117838,1,5,0,2097.0
10109777SILVAK_2025-07-11_G11,10109777SILVAK,2025-07-11,117841,1,2,0,57.0
10109777SILVAK_2025-07-11_G12,10109777SILVAK,2025-07-11,111418,2,30,10,151.0
10109777SILVAK_2025-07-11_G13,10109777SILVAK,2025-07-11,118223,1,2,0,195.0
10109777SILVAK_2025-07-11_G14,10109777SILVAK,2025-07-11,111330,1,6,0,90.0
10109777SILVAK_2025-07-11_G15,10109777SILVAK,2025-07-11,118317,1,4,0,75.0
10109777SILVAK_2025-07-11_G16,10109777SILVAK,2025-07-11,111433,1,2,0,69.0
10109777SILVAK_2025-07-11_G17,10109777SILVAK,2025-07-11,118330,1,8,0,128.0
10109777SILVAK_2025-07-11_G18,10109777SILVAK,2025-07-11,"117822, 110373",2,25,28,81.0
10109777SILVAK_2025-07-11_G19,10109777SILVAK,2025-07-11,117809,1,20,0,310.0
10109777SILVAK_2025-07-11_G20,10109777SILVAK,2025-07-11,107830,1,3,0,291.0
10109777SILVAK_2025-07-11_G21,10109777SILVAK,2025-07-11,110375,1,8,0,268.0
10109777SILVAK_2025-07-11_G22,10109777SILVAK,2025-07-11,117830,1,30,0,678.0
10109777SILVAK_2025-07-11_G23,10109777SILVAK,2025-07-11,110372,1,50,0,63.0
10109777SILVAK_2025-07-11_G24,10109777SILVAK,2025-07-11,118299,1,800,0,1222.0
10109777SILVAK_2025-07-11_G25,10109777SILVAK,2025-07-11,117808,1,500,0,244.0
10109777SILVAK_2025-07-11_G26,10109777SILVAK,2025-07-11,118290,1,11,0,2204.0
10109777SILVAK_2025-07-11_G27,10109777SILVAK,2025-07-11,111876,1,50,0,992.0
10109777SILVAK_2025-07-11_G28,10109777SILVAK,2025-07-11,117862,1,20,0,689.0
10109777SILVAK_2025-07-11_G29,10109777SILVAK,2025-07-11,117838,1,70,0,717.0
10109777SILVAK_2025-07-11_G30,10109777SILVAK,2025-07-11,117820,1,250,0,411.0
10109777SILVAK_2025-07-11_G31,10109777SILVAK,2025-07-11,117787,1,150,0,516.0
10109777SILVAK_2025-07-11_G32,10109777SILVAK,2025-07-11,111743,1,500,0,998.0
10109777SILVAK_2025-07-11_G34,10109777SILVAK,2025-07-11,110747,1,2,0,129.0
10109777SILVAK_2025-07-11_G35,10109777SILVAK,2025-07-11,111438,2,12,24,180.0
10109777SILVAK_2025-07-11_G36,10109777SILVAK,2025-07-11,111569,1,4,0,48.0
10109777SILVAK_2025-07-11_G37,10109777SILVAK,2025-07-11,107892,1,2,0,460.0
10109777SILVAK_2025-07-11_G38,10109777SILVAK,2025-07-11,118094,1,3,0,540.0
10109777SILVAK_2025-07-11_G39,10109777SILVAK,2025-07-11,110339,1,4,0,100.0
10109777SILVAK_2025-07-11_G40,10109777SILVAK,2025-07-11,117786,1,8,0,113.0
10109777SILVAK_2025-07-11_G41,10109777SILVAK,2025-07-11,110515,1,4,0,61.0
10109777SILVAK_2025-07-11_G42,10109777SILVAK,2025-07-11,117853,1,4,0,146.0
10109777SILVAK_2025-07-11_G43,10109777SILVAK,2025-07-11,141047,1,6,0,35.0
10109777SILVAK_2025-07-11_G44,10109777SILVAK,2025-07-11,111467,1,4,0,98.0
10109777SILVAK_2025-07-11_G45,10109777SILVAK,2025-07-11,117855,1,2,0,37.0
10109777SILVAK_2025-07-11_G46,10109777SILVAK,2025-07-11,110711,1,1,0,43.0
10109777SILVAK_2025-07-11_G47,10109777SILVAK,2025-07-11,117856,1,2,0,77.0
10109777SILVAK_2025-07-11_G48,10109777SILVAK,2025-07-11,108794,1,4,0,135.0
10109777SILVAK_2025-07-11_G49,10109777SILVAK,2025-07-11,111182,1,1,0,64.0
10109777SILVAK_2025-07-11_G50,10109777SILVAK,2025-07-11,140922,1,10,0,32.0
10109777SILVAK_2025-07-11_G51,10109777SILVAK,2025-07-11,111462,1,1,0,92.0
10109777SILVAK_2025-07-11_G52,10109777SILVAK,2025-07-11,117821,1,4,0,87.0
10109777SILVAK_2025-07-11_G53,10109777SILVAK,2025-07-11,117831,1,4,0,50.0
10109777SILVAK_2025-07-11_G54,10109777SILVAK,2025-07-11,108711,2,10,9,101.0
10109777SILVAK_2025-07-11_G55,10109777SILVAK,2025-07-11,111418,1,13,0,303.0
10109777SILVAK_2025-07-11_G56,10109777SILVAK,2025-07-11,118140,1,5,0,82.0
10109777SILVAK_2025-07-11_G57,10109777SILVAK,2025-07-11,111330,1,1,0,77.0
10109777SILVAK_2025-07-11_G58,10109777SILVAK,2025-07-11,117785,1,4,0,91.0
10109777SILVAK_2025-07-11_G59,10109777SILVAK,2025-07-11,141823,2,3,5,67.0
10109777SILVAK_2025-07-11_G60,10109777SILVAK,2025-07-11,111466,1,2,0,57.0
10109777SILVAK_2025-07-11_G61,10109777SILVAK,2025-07-11,110740,1,2,0,42.0
10109777SILVAK_2025-07-11_G62,10109777SILVAK,2025-07-11,111465,1,2,0,39.0
10109777SILVAK_2025-07-11_G63,10109777SILVAK,2025-07-11,111468,1,2,0,42.0
10109777SILVAK_2025-07-11_G64,10109777SILVAK,2025-07-11,117832,1,2,0,79.0
10109777SILVAK_2025-07-11_G65,10109777SILVAK,2025-07-11,118299,1,2,0,68.0
10109777SILVAK_2025-07-11_G66,10109777SILVAK,2025-07-11,111602,1,4,0,162.0
10109777SILVAK_2025-07-11_G67,10109777SILVAK,2025-07-11,110313,1,4,0,70.0
10109777SILVAK_2025-07-11_G68,10109777SILVAK,2025-07-11,108711,1,4,0,79.0
10109777SILVAK_2025-07-11_G69,10109777SILVAK,2025-07-11,118140,1,4,0,45.0
10109777SILVAK_2025-07-11_G70,10109777SILVAK,2025-07-11,111466,1,4,0,99.0
10109777SILVAK_2025-07-11_G71,10109777SILVAK,2025-07-11,118222,1,1,0,235.0
10109777SILVAK_2025-07-11_G72,10109777SILVAK,2025-07-11,110515,1,4,0,95.0
10109777SILVAK_2025-07-11_G73,10109777SILVAK,2025-07-11,"117853, 117821",2,4,23,91.0
10109777SILVAK_2025-07-11_G74,10109777SILVAK,2025-07-11,"117831, 108711",2,8,15,77.0
10109777SILVAK_2025-07-11_G75,10109777SILVAK,2025-07-11,111418,1,3,0,61.0
10109777SILVAK_2025-07-11_G76,10109777SILVAK,2025-07-11,160057,1,8,0,101.0
10109777SILVAK_2025-07-11_G77,10109777SILVAK,2025-07-11,111466,1,1,0,120.0
10109777SILVAK_2025-07-11_G78,10109777SILVAK,2025-07-11,117856,1,2,0,73.0
10109777SILVAK_2025-07-11_G79,10109777SILVAK,2025-07-11,111469,1,1,0,32.0
10109777SILVAK_2025-07-11_G80,10109777SILVAK,2025-07-11,"160051, 111465",2,10,16,126.0
10109777SILVAK_2025-07-11_G81,10109777SILVAK,2025-07-11,110895,1,21,0,1322.0
10109777SILVAK_2025-07-11_G82,10109777SILVAK,2025-07-11,118250,1,4,0,236.0
10109777SILVAK_2025-07-11_G83,10109777SILVAK,2025-07-11,110740,1,10,0,137.0
10109777SILVAK_2025-07-11_G84,10109777SILVAK,2025-07-11,110748,1,20,0,448.0
10109777SILVAK_2025-07-11_G85,10109777SILVAK,2025-07-11,110756,1,4,0,371.0
10109777SILVAK_2025-07-11_G86,10109777SILVAK,2025-07-11,110756,1,24,0,89.0
10109777SILVAK_2025-07-12_G02,10109777SILVAK,2025-07-12,118299,1,120,0,298.0
10109777SILVAK_2025-07-12_G03,10109777SILVAK,2025-07-12,109643,1,28,0,181.0
10109777SILVAK_2025-07-12_G04,10109777SILVAK,2025-07-12,117809,1,30,0,309.0
10109777SILVAK_2025-07-12_G05,10109777SILVAK,2025-07-12,110742,1,10,0,472.0
10109777SILVAK_2025-07-12_G06,10109777SILVAK,2025-07-12,111430,1,229,0,1172.0
10109777SILVAK_2025-07-12_G07,10109777SILVAK,2025-07-12,108759,1,15,0,516.0
10109777SILVAK_2025-07-12_G08,10109777SILVAK,2025-07-12,111441,1,47,0,613.0
10109777SILVAK_2025-07-12_G09,10109777SILVAK,2025-07-12,110745,1,100,0,488.0
10109777SILVAK_2025-07-12_G10,10109777SILVAK,2025-07-12,110753,1,2,0,208.0
10109777SILVAK_2025-07-12_G11,10109777SILVAK,2025-07-12,111438,1,292,0,2160.0
10109777SILVAK_2025-07-12_G12,10109777SILVAK,2025-07-12,111532,1,100,0,708.0
10109777SILVAK_2025-07-12_G13,10109777SILVAK,2025-07-12,111433,1,89,0,1057.0
10109777SILVAK_2025-07-12_G14,10109777SILVAK,2025-07-12,111463,1,177,0,1122.0
10109777SILVAK_2025-07-12_G15,10109777SILVAK,2025-07-12,108794,1,145,0,1471.0
10109777SILVAK_2025-07-12_G16,10109777SILVAK,2025-07-12,110372,1,1000,0,83.0
10109777SILVAK_2025-07-12_G17,10109777SILVAK,2025-07-12,109641,1,110,0,801.0
10109777SILVAK_2025-07-12_G18,10109777SILVAK,2025-07-12,117853,1,9,0,931.0
10109777SILVAK_2025-07-12_G19,10109777SILVAK,2025-07-12,118311,1,3,0,173.0
10109777SILVAK_2025-07-12_G20,10109777SILVAK,2025-07-12,110582,1,4,0,316.0
10109777SILVAK_2025-07-12_G21,10109777SILVAK,2025-07-12,111850,1,8,0,153.0
10109777SILVAK_2025-07-12_G22,10109777SILVAK,2025-07-12,118322,1,2,0,121.0
10109777SILVAK_2025-07-12_G23,10109777SILVAK,2025-07-12,111120,1,4,0,299.0
10109777SILVAK_2025-07-12_G25,10109777SILVAK,2025-07-12,117853,1,8,0,123.0
10109777SILVAK_2025-07-12_G26,10109777SILVAK,2025-07-12,110711,1,5,0,68.0
10109777SILVAK_2025-07-12_G27,10109777SILVAK,2025-07-12,111172,1,5,0,225.0
10109777SILVAK_2025-07-12_G28,10109777SILVAK,2025-07-12,117853,1,4,0,138.0
10109777SILVAK_2025-07-12_G29,10109777SILVAK,2025-07-12,110372,1,12,0,102.0
10109777SILVAK_2025-07-12_G30,10109777SILVAK,2025-07-12,111532,1,8,0,211.0
10109777SILVAK_2025-07-12_G31,10109777SILVAK,2025-07-12,117842,1,4,0,217.0
10109777SILVAK_2025-07-12_G32,10109777SILVAK,2025-07-12,111330,1,4,0,144.0
10109777SILVAK_2025-07-12_G33,10109777SILVAK,2025-07-12,111469,2,22,7,135.0
10109777SILVAK_2025-07-12_G34,10109777SILVAK,2025-07-12,140922,2,24,7,226.0
10109777SILVAK_2025-07-12_G35,10109777SILVAK,2025-07-12,110751,1,4,0,282.0
10109777SILVAK_2025-07-12_G36,10109777SILVAK,2025-07-12,117808,2,6,6,166.0
10109777SILVAK_2025-07-12_G37,10109777SILVAK,2025-07-12,"118299, 109643",4,86,68,84.0
10109777SILVAK_2025-07-12_G38,10109777SILVAK,2025-07-12,109643,1,18,0,42.0
10109777SILVAK_2025-07-12_G39,10109777SILVAK,2025-07-12,110376,1,8,0,603.0
10109777SILVAK_2025-07-12_G40,10109777SILVAK,2025-07-12,118311,1,2,0,266.0
10109777SILVAK_2025-07-12_G41,10109777SILVAK,2025-07-12,110080,1,2,0,158.0
10109777SILVAK_2025-07-12_G42,10109777SILVAK,2025-07-12,110500,1,1,0,87.0
10109777SILVAK_2025-07-12_G43,10109777SILVAK,2025-07-12,110582,1,1,0,131.0
10109777SILVAK_2025-07-12_G44,10109777SILVAK,2025-07-12,110742,1,2,0,38.0
10109777SILVAK_2025-07-12_G45,10109777SILVAK,2025-07-12,118253,1,4,0,230.0
10109777SILVAK_2025-07-12_G46,10109777SILVAK,2025-07-12,111437,1,12,0,515.0
10109777SILVAK_2025-07-12_G47,10109777SILVAK,2025-07-12,111793,1,2,0,454.0
10109777SILVAK_2025-07-14_G02,10109777SILVAK,2025-07-14,118222,1,2,0,44.0
10109777SILVAK_2025-07-14_G03,10109777SILVAK,2025-07-14,118306,1,2,0,142.0
10109777SILVAK_2025-07-14_G04,10109777SILVAK,2025-07-14,107892,1,2,0,119.0
10109777SILVAK_2025-07-14_G05,10109777SILVAK,2025-07-14,117789,1,2,0,120.0
10109777SILVAK_2025-07-14_G06,10109777SILVAK,2025-07-14,118094,1,2,0,72.0
10109777SILVAK_2025-07-14_G07,10109777SILVAK,2025-07-14,117786,1,3,0,224.0
10109777SILVAK_2025-07-14_G08,10109777SILVAK,2025-07-14,111467,1,2,0,164.0
10109777SILVAK_2025-07-14_G09,10109777SILVAK,2025-07-14,117856,1,2,0,120.0
10109777SILVAK_2025-07-14_G10,10109777SILVAK,2025-07-14,117821,1,4,0,164.0
10109777SILVAK_2025-07-14_G11,10109777SILVAK,2025-07-14,117809,1,3,0,35.0
10109777SILVAK_2025-07-14_G12,10109777SILVAK,2025-07-14,118299,1,2,0,79.0
10109777SILVAK_2025-07-14_G13,10109777SILVAK,2025-07-14,117808,1,10,0,49.0
10109777SILVAK_2025-07-14_G14,10109777SILVAK,2025-07-14,110374,1,2,0,121.0
10109777SILVAK_2025-07-14_G15,10109777SILVAK,2025-07-14,110372,1,10,0,67.0
10109777SILVAK_2025-07-14_G16,10109777SILVAK,2025-07-14,107830,1,2,0,277.0
10109777SILVAK_2025-07-14_G17,10109777SILVAK,2025-07-14,"110371, 110373",2,5,9,92.0
10109777SILVAK_2025-07-14_G18,10109777SILVAK,2025-07-14,111438,1,4,0,604.0
10109777SILVAK_2025-07-14_G19,10109777SILVAK,2025-07-14,117862,1,2,0,3543.0
10109777SILVAK_2025-07-14_G20,10109777SILVAK,2025-07-14,110711,1,2,0,274.0
10109777SILVAK_2025-07-14_G21,10109777SILVAK,2025-07-14,108361,1,2,0,327.0
10109777SILVAK_2025-07-14_G22,10109777SILVAK,2025-07-14,111418,1,2,0,116.0
10109777SILVAK_2025-07-14_G23,10109777SILVAK,2025-07-14,111469,1,2,0,117.0
10109777SILVAK_2025-07-14_G24,10109777SILVAK,2025-07-14,110375,1,2,0,469.0
10109777SILVAK_2025-07-14_G25,10109777SILVAK,2025-07-14,"117809, 117808",2,14,7,126.0
10109777SILVAK_2025-07-14_G26,10109777SILVAK,2025-07-14,110374,1,2,0,119.0
10109777SILVAK_2025-07-14_G27,10109777SILVAK,2025-07-14,110371,1,2,0,94.0
10109777SILVAK_2025-07-14_G28,10109777SILVAK,2025-07-14,110376,1,2,0,44.0
10109777SILVAK_2025-07-14_G29,10109777SILVAK,2025-07-14,118298,1,1,0,93.0
10109777SILVAK_2025-07-14_G30,10109777SILVAK,2025-07-14,110376,1,4,0,38.0
10109777SILVAK_2025-07-14_G31,10109777SILVAK,2025-07-14,110747,1,4,0,463.0
10109777SILVAK_2025-07-14_G32,10109777SILVAK,2025-07-14,"111569, 118222",2,8,12,117.0
10109777SILVAK_2025-07-14_G33,10109777SILVAK,2025-07-14,111876,1,4,0,329.0
10109777SILVAK_2025-07-14_G34,10109777SILVAK,2025-07-14,110515,1,4,0,140.0
10109777SILVAK_2025-07-14_G35,10109777SILVAK,2025-07-14,117861,1,2,0,70.0
10109777SILVAK_2025-07-14_G36,10109777SILVAK,2025-07-14,"141047, 111467",2,8,23,97.0
10109777SILVAK_2025-07-14_G37,10109777SILVAK,2025-07-14,110711,1,8,0,224.0
10109777SILVAK_2025-07-14_G38,10109777SILVAK,2025-07-14,118403,1,4,0,71.0
10109777SILVAK_2025-07-14_G39,10109777SILVAK,2025-07-14,111602,1,8,0,98.0
10109777SILVAK_2025-07-14_G40,10109777SILVAK,2025-07-14,108772,1,2,0,47.0
10109777SILVAK_2025-07-14_G41,10109777SILVAK,2025-07-14,117935,1,4,0,352.0
10109777SILVAK_2025-07-14_G42,10109777SILVAK,2025-07-14,117856,1,20,0,346.0
10109777SILVAK_2025-07-14_G43,10109777SILVAK,2025-07-14,160050,2,4,11,1335.0
10109777SILVAK_2025-07-14_G44,10109777SILVAK,2025-07-14,117853,1,1,0,390.0
10109777SILVAK_2025-07-14_G45,10109777SILVAK,2025-07-14,110711,1,18,0,69.0
10109777SILVAK_2025-07-14_G46,10109777SILVAK,2025-07-14,160055,2,4,7,220.0
10109777SILVAK_2025-07-14_G47,10109777SILVAK,2025-07-14,160056,2,4,5,127.0
10109777SILVAK_2025-07-14_G48,10109777SILVAK,2025-07-14,160054,2,4,5,192.0
10109777SILVAK_2025-07-14_G49,10109777SILVAK,2025-07-14,160051,2,8,6,121.0
10109777SILVAK_2025-07-14_G50,10109777SILVAK,2025-07-14,107888,2,52,15,548.0
10109777SILVAK_2025-07-14_G51,10109777SILVAK,2025-07-14,107888,1,30,0,49.0
10109777SILVAK_2025-07-15_G02,10109777SILVAK,2025-07-15,111418,1,500,0,1946.0
10109777SILVAK_2025-07-15_G03,10109777SILVAK,2025-07-15,117832,1,6,0,465.0
10109777SILVAK_2025-07-15_G05,10109777SILVAK,2025-07-15,110376,1,27,0,174.0
10109777SILVAK_2025-07-15_G06,10109777SILVAK,2025-07-15,111468,1,60,0,837.0
10109777SILVAK_2025-07-15_G07,10109777SILVAK,2025-07-15,141202,1,55,0,240.0
10109777SILVAK_2025-07-15_G08,10109777SILVAK,2025-07-15,110375,1,40,0,731.0
10109777SILVAK_2025-07-15_G09,10109777SILVAK,2025-07-15,117833,1,65,0,600.0
10109777SILVAK_2025-07-15_G10,10109777SILVAK,2025-07-15,117785,1,722,0,1974.0
10109777SILVAK_2025-07-15_G11,10109777SILVAK,2025-07-15,110582,1,3,0,653.0
10109777SILVAK_2025-07-15_G12,10109777SILVAK,2025-07-15,111090,1,3,0,259.0
10109777SILVAK_2025-07-15_G13,10109777SILVAK,2025-07-15,117835,1,30,0,32.0
10109777SILVAK_2025-07-15_G14,10109777SILVAK,2025-07-15,111441,1,20,0,418.0
10109777SILVAK_2025-07-15_G15,10109777SILVAK,2025-07-15,109933,1,4,0,537.0
10109777SILVAK_2025-07-15_G16,10109777SILVAK,2025-07-15,117786,1,8,0,186.0
10109777SILVAK_2025-07-15_G17,10109777SILVAK,2025-07-15,118298,1,4,0,87.0
10109777SILVAK_2025-07-15_G18,10109777SILVAK,2025-07-15,117862,1,16,0,168.0
10109777SILVAK_2025-07-15_G19,10109777SILVAK,2025-07-15,117861,1,4,0,58.0
10109777SILVAK_2025-07-15_G20,10109777SILVAK,2025-07-15,111467,1,8,0,217.0
10109777SILVAK_2025-07-15_G21,10109777SILVAK,2025-07-15,110515,1,3,0,69.0
10109777SILVAK_2025-07-15_G22,10109777SILVAK,2025-07-15,117935,1,4,0,164.0
10109777SILVAK_2025-07-15_G23,10109777SILVAK,2025-07-15,111530,1,30,0,164.0
10109777SILVAK_2025-07-15_G24,10109777SILVAK,2025-07-15,111172,1,8,0,338.0
10109777SILVAK_2025-07-15_G25,10109777SILVAK,2025-07-15,108795,1,3,0,91.0
10109777SILVAK_2025-07-15_G26,10109777SILVAK,2025-07-15,140922,1,8,0,122.0
10109777SILVAK_2025-07-15_G27,10109777SILVAK,2025-07-15,111330,1,8,0,99.0
10109777SILVAK_2025-07-15_G28,10109777SILVAK,2025-07-15,110787,1,8,0,111.0
10109777SILVAK_2025-07-15_G29,10109777SILVAK,2025-07-15,111418,1,82,0,346.0
10109777SILVAK_2025-07-15_G31,10109777SILVAK,2025-07-15,116241,1,50,0,414.0
10109777SILVAK_2025-07-15_G32,10109777SILVAK,2025-07-15,117785,1,30,0,90.0
10109777SILVAK_2025-07-15_G33,10109777SILVAK,2025-07-15,118317,1,40,0,424.0
10109777SILVAK_2025-07-15_G34,10109777SILVAK,2025-07-15,111463,1,20,0,668.0
10109777SILVAK_2025-07-15_G35,10109777SILVAK,2025-07-15,111466,1,55,0,455.0
10109777SILVAK_2025-07-15_G36,10109777SILVAK,2025-07-15,111469,1,30,0,202.0
10109777SILVAK_2025-07-15_G37,10109777SILVAK,2025-07-15,110325,1,12,0,513.0
10109777SILVAK_2025-07-15_G38,10109777SILVAK,2025-07-15,107830,1,4,0,137.0
10109777SILVAK_2025-07-15_G39,10109777SILVAK,2025-07-15,110376,1,4,0,69.0
10109777SILVAK_2025-07-15_G40,10109777SILVAK,2025-07-15,118299,1,240,0,840.0
10109777SILVAK_2025-07-15_G41,10109777SILVAK,2025-07-15,110374,1,50,0,653.0
10109777SILVAK_2025-07-15_G42,10109777SILVAK,2025-07-15,117820,1,80,0,1113.0
10109777SILVAK_2025-07-15_G43,10109777SILVAK,2025-07-15,118229,1,4,0,253.0
10109777SILVAK_2025-07-15_G44,10109777SILVAK,2025-07-15,111851,1,2,0,372.0
10109777SILVAK_2025-07-15_G45,10109777SILVAK,2025-07-15,110582,1,2,0,83.0
10109777SILVAK_2025-07-15_G46,10109777SILVAK,2025-07-15,111430,1,1,0,38.0
10109777SILVAK_2025-07-15_G47,10109777SILVAK,2025-07-15,110747,1,2,0,53.0
10109777SILVAK_2025-07-15_G48,10109777SILVAK,2025-07-15,110742,1,2,0,80.0
10109777SILVAK_2025-07-15_G49,10109777SILVAK,2025-07-15,100334,1,2,0,51.0
10109777SILVAK_2025-07-15_G50,10109777SILVAK,2025-07-15,111850,1,6,0,91.0
10109777SILVAK_2025-07-15_G51,10109777SILVAK,2025-07-15,111440,1,4,0,109.0
10109777SILVAK_2025-07-15_G52,10109777SILVAK,2025-07-15,117836,1,4,0,58.0
10109777SILVAK_2025-07-15_G53,10109777SILVAK,2025-07-15,117834,1,4,0,115.0
10109777SILVAK_2025-07-15_G54,10109777SILVAK,2025-07-15,111655,1,3,0,109.0
10109777SILVAK_2025-07-15_G55,10109777SILVAK,2025-07-15,108759,1,1,0,52.0
10109777SILVAK_2025-07-15_G56,10109777SILVAK,2025-07-15,111090,1,2,0,79.0
10109777SILVAK_2025-07-15_G57,10109777SILVAK,2025-07-15,110579,1,1,0,127.0
10109777SILVAK_2025-07-16_G02,10109777SILVAK,2025-07-16,"111430, 110747",2,6,13,131.0
10109777SILVAK_2025-07-16_G03,10109777SILVAK,2025-07-16,110742,1,8,0,214.0
10109777SILVAK_2025-07-16_G04,10109777SILVAK,2025-07-16,111438,1,1,0,74.0
10109777SILVAK_2025-07-16_G05,10109777SILVAK,2025-07-16,111569,1,4,0,38.0
10109777SILVAK_2025-07-16_G06,10109777SILVAK,2025-07-16,"118222, 109933",2,4,25,151.0
10109777SILVAK_2025-07-16_G07,10109777SILVAK,2025-07-16,109647,1,2,0,239.0
10109777SILVAK_2025-07-16_G08,10109777SILVAK,2025-07-16,111602,1,5,0,171.0
10109777SILVAK_2025-07-16_G09,10109777SILVAK,2025-07-16,117856,1,4,0,77.0
10109777SILVAK_2025-07-16_G10,10109777SILVAK,2025-07-16,110752,1,4,0,94.0
10109777SILVAK_2025-07-16_G11,10109777SILVAK,2025-07-16,111463,1,6,0,173.0
10109777SILVAK_2025-07-16_G12,10109777SILVAK,2025-07-16,111435,1,2,0,51.0
10109777SILVAK_2025-07-16_G13,10109777SILVAK,2025-07-16,107263,1,2,0,75.0
10109777SILVAK_2025-07-16_G14,10109777SILVAK,2025-07-16,110743,1,2,0,77.0
10109777SILVAK_2025-07-16_G15,10109777SILVAK,2025-07-16,108794,1,2,0,215.0
10109777SILVAK_2025-07-16_G16,10109777SILVAK,2025-07-16,111348,1,3,0,133.0
10109777SILVAK_2025-07-16_G17,10109777SILVAK,2025-07-16,111462,1,8,0,311.0
10109777SILVAK_2025-07-16_G18,10109777SILVAK,2025-07-16,111532,1,3,0,146.0
10109777SILVAK_2025-07-16_G19,10109777SILVAK,2025-07-16,111418,1,11,0,244.0
10109777SILVAK_2025-07-16_G20,10109777SILVAK,2025-07-16,117785,1,4,0,134.0
10109777SILVAK_2025-07-16_G21,10109777SILVAK,2025-07-16,118317,1,2,0,60.0
10109777SILVAK_2025-07-16_G22,10109777SILVAK,2025-07-16,"111466, 111469",2,17,15,88.0
10109777SILVAK_2025-07-16_G23,10109777SILVAK,2025-07-16,110740,1,8,0,70.0
10109777SILVAK_2025-07-16_G24,10109777SILVAK,2025-07-16,111465,1,4,0,118.0
10109777SILVAK_2025-07-16_G25,10109777SILVAK,2025-07-16,110325,1,4,0,176.0
10109777SILVAK_2025-07-16_G26,10109777SILVAK,2025-07-16,110374,1,2,0,75.0
10109777SILVAK_2025-07-16_G27,10109777SILVAK,2025-07-16,110371,1,16,0,133.0
10109777SILVAK_2025-07-16_G28,10109777SILVAK,2025-07-16,117832,1,83,0,2376.0
10109777SILVAK_2025-07-16_G29,10109777SILVAK,2025-07-16,118299,1,455,0,603.0
10109777SILVAK_2025-07-16_G30,10109777SILVAK,2025-07-16,109641,1,8,0,162.0
10109777SILVAK_2025-07-16_G31,10109777SILVAK,2025-07-16,100334,1,2,0,1150.0
10109777SILVAK_2025-07-16_G32,10109777SILVAK,2025-07-16,111850,1,10,0,107.0
10109777SILVAK_2025-07-16_G33,10109777SILVAK,2025-07-16,108759,1,2,0,64.0
10109777SILVAK_2025-07-16_G34,10109777SILVAK,2025-07-16,118306,1,8,0,121.0
10109777SILVAK_2025-07-16_G35,10109777SILVAK,2025-07-16,"111438, 111569",2,10,29,146.0
10109777SILVAK_2025-07-16_G36,10109777SILVAK,2025-07-16,118222,1,20,0,860.0
10109777SILVAK_2025-07-16_G37,10109777SILVAK,2025-07-16,110741,1,7,0,124.0
10109777SILVAK_2025-07-16_G38,10109777SILVAK,2025-07-16,111876,1,5,0,298.0
10109777SILVAK_2025-07-16_G39,10109777SILVAK,2025-07-16,117786,1,10,0,54.0
10109777SILVAK_2025-07-16_G40,10109777SILVAK,2025-07-16,117853,1,16,0,289.0
10109777SILVAK_2025-07-16_G41,10109777SILVAK,2025-07-16,111602,2,10,7,110.0
10109777SILVAK_2025-07-16_G42,10109777SILVAK,2025-07-16,110752,1,2,0,130.0
10109777SILVAK_2025-07-16_G43,10109777SILVAK,2025-07-16,111463,1,20,0,326.0
10109777SILVAK_2025-07-16_G44,10109777SILVAK,2025-07-16,108794,1,10,0,307.0
10109777SILVAK_2025-07-16_G45,10109777SILVAK,2025-07-16,117838,1,8,0,439.0
10109777SILVAK_2025-07-16_G46,10109777SILVAK,2025-07-16,111743,1,10,0,112.0
10109777SILVAK_2025-07-16_G47,10109777SILVAK,2025-07-16,111743,1,13,0,36.0
10109777SILVAK_2025-07-16_G48,10109777SILVAK,2025-07-16,109645,1,10,0,388.0
10109777SILVAK_2025-07-16_G49,10109777SILVAK,2025-07-16,118140,1,20,0,754.0
10109777SILVAK_2025-07-16_G50,10109777SILVAK,2025-07-16,111418,1,30,0,457.0
10109777SILVAK_2025-07-16_G51,10109777SILVAK,2025-07-16,117831,1,50,0,650.0
10109777SILVAK_2025-07-16_G52,10109777SILVAK,2025-07-16,111466,1,30,0,172.0
10109777SILVAK_2025-07-16_G53,10109777SILVAK,2025-07-16,111469,1,20,0,120.0
10109777SILVAK_2025-07-16_G54,10109777SILVAK,2025-07-16,110325,2,21,11,317.0
10109777SILVAK_2025-07-16_G55,10109777SILVAK,2025-07-16,109643,1,20,0,148.0
10109777SILVAK_2025-07-16_G56,10109777SILVAK,2025-07-16,117830,3,31,32,126.0
10109777SILVAK_2025-07-16_G57,10109777SILVAK,2025-07-16,117832,1,10,0,340.0
10109777SILVAK_2025-07-16_G58,10109777SILVAK,2025-07-16,117809,1,30,0,74.0
10109777SILVAK_2025-07-16_G59,10109777SILVAK,2025-07-16,110374,1,10,0,188.0
10109777SILVAK_2025-07-16_G60,10109777SILVAK,2025-07-16,110371,1,20,0,834.0
10109777SILVAK_2025-07-16_G61,10109777SILVAK,2025-07-16,110372,1,50,0,586.0
10109777SILVAK_2025-07-16_G62,10109777SILVAK,2025-07-16,110373,1,60,0,371.0
10109777SILVAK_2025-07-16_G63,10109777SILVAK,2025-07-16,118299,1,270,0,570.0
10109777SILVAK_2025-07-16_G64,10109777SILVAK,2025-07-16,117808,1,780,0,1435.0
10109777SILVAK_2025-07-16_G65,10109777SILVAK,2025-07-16,117820,1,50,0,380.0
10109777SILVAK_2025-07-16_G67,10109777SILVAK,2025-07-16,118306,1,4,0,162.0
10109777SILVAK_2025-07-17_G02,10109777SILVAK,2025-07-17,110325,1,2,0,86.0
10109777SILVAK_2025-07-17_G03,10109777SILVAK,2025-07-17,110374,1,3,0,152.0
10109777SILVAK_2025-07-17_G04,10109777SILVAK,2025-07-17,110371,1,7,0,94.0
10109777SILVAK_2025-07-17_G05,10109777SILVAK,2025-07-17,110373,1,8,0,272.0
10109777SILVAK_2025-07-17_G06,10109777SILVAK,2025-07-17,111743,1,5,0,252.0
10109777SILVAK_2025-07-17_G07,10109777SILVAK,2025-07-17,110711,1,4,0,122.0
10109777SILVAK_2025-07-17_G08,10109777SILVAK,2025-07-17,111602,1,9,0,181.0
10109777SILVAK_2025-07-17_G09,10109777SILVAK,2025-07-17,108759,1,4,0,112.0
10109777SILVAK_2025-07-17_G10,10109777SILVAK,2025-07-17,110373,1,8,0,344.0
10109777SILVAK_2025-07-17_G11,10109777SILVAK,2025-07-17,110787,1,4,0,147.0
10109777SILVAK_2025-07-17_G12,10109777SILVAK,2025-07-17,120002,1,7,0,245.0
10109777SILVAK_2025-07-17_G13,10109777SILVAK,2025-07-17,111467,1,2,0,107.0
10109777SILVAK_2025-07-17_G14,10109777SILVAK,2025-07-17,110515,1,4,0,100.0
10109777SILVAK_2025-07-17_G15,10109777SILVAK,2025-07-17,110745,1,6,0,798.0
10109777SILVAK_2025-07-17_G16,10109777SILVAK,2025-07-17,110374,1,2,0,35.0
10109777SILVAK_2025-07-17_G17,10109777SILVAK,2025-07-17,111418,1,8,0,207.0
10109777SILVAK_2025-07-17_G18,10109777SILVAK,2025-07-17,118299,1,12,0,38.0
10109777SILVAK_2025-07-17_G19,10109777SILVAK,2025-07-17,111172,1,4,0,256.0
10109777SILVAK_2025-07-17_G20,10109777SILVAK,2025-07-17,118140,1,6,0,146.0
10109777SILVAK_2025-07-17_G21,10109777SILVAK,2025-07-17,108711,1,6,0,367.0
10109777SILVAK_2025-07-17_G23,10109777SILVAK,2025-07-17,160054,1,20,0,498.0
10109777SILVAK_2025-07-17_G24,10109777SILVAK,2025-07-17,110787,1,20,0,73.0
10109777SILVAK_2025-07-17_G25,10109777SILVAK,2025-07-17,111530,1,15,0,244.0
10109777SILVAK_2025-07-17_G26,10109777SILVAK,2025-07-17,117832,1,12,0,522.0
10109777SILVAK_2025-07-17_G27,10109777SILVAK,2025-07-17,117832,1,4,0,185.0
10109777SILVAK_2025-07-17_G28,10109777SILVAK,2025-07-17,118094,1,4,0,131.0
10109777SILVAK_2025-07-17_G29,10109777SILVAK,2025-07-17,110372,1,12,0,69.0
10109777SILVAK_2025-07-17_G30,10109777SILVAK,2025-07-17,111530,1,86,0,663.0
10109777SILVAK_2025-07-17_G31,10109777SILVAK,2025-07-17,111530,2,25,20,52.0
10109777SILVAK_2025-07-17_G32,10109777SILVAK,2025-07-17,111530,2,21,23,42.0
10109777SILVAK_2025-07-17_G33,10109777SILVAK,2025-07-17,117820,1,17,0,1160.0
10109777SILVAK_2025-07-17_G34,10109777SILVAK,2025-07-17,118094,1,1,0,594.0
10109777SILVAK_2025-07-17_G35,10109777SILVAK,2025-07-17,111530,1,15,0,112.0
10109777SILVAK_2025-07-17_G36,10109777SILVAK,2025-07-17,117855,1,2,0,314.0
10109777SILVAK_2025-07-17_G37,10109777SILVAK,2025-07-17,110755,1,2,0,557.0
10109777SILVAK_2025-07-17_G38,10109777SILVAK,2025-07-17,110733,1,2,0,148.0
10109777SILVAK_2025-07-17_G39,10109777SILVAK,2025-07-17,111462,1,16,0,219.0
10109777SILVAK_2025-07-17_G40,10109777SILVAK,2025-07-17,117785,1,10,0,150.0
10109777SILVAK_2025-07-17_G41,10109777SILVAK,2025-07-17,117831,1,6,0,77.0
10109777SILVAK_2025-07-17_G42,10109777SILVAK,2025-07-17,111466,1,8,0,180.0
10109777SILVAK_2025-07-17_G43,10109777SILVAK,2025-07-17,110374,1,10,0,69.0
10109777SILVAK_2025-07-17_G44,10109777SILVAK,2025-07-17,110372,1,60,0,269.0
10109777SILVAK_2025-07-17_G45,10109777SILVAK,2025-07-17,110371,1,24,0,199.0
10109777SILVAK_2025-07-17_G46,10109777SILVAK,2025-07-17,118299,1,10,0,207.0
10109777SILVAK_2025-07-17_G48,10109777SILVAK,2025-07-17,118140,1,4,0,162.0
10109777SILVAK_2025-07-17_G49,10109777SILVAK,2025-07-17,111430,1,8,0,234.0
10109777SILVAK_2025-07-17_G50,10109777SILVAK,2025-07-17,111469,1,10,0,370.0
10109777SILVAK_2025-07-17_G51,10109777SILVAK,2025-07-17,111660,1,15,0,283.0
10109777SILVAK_2025-07-17_G52,10109777SILVAK,2025-07-17,118222,1,88,0,543.0
10109777SILVAK_2025-07-17_G53,10109777SILVAK,2025-07-17,116241,1,16,0,380.0
10109777SILVAK_2025-07-17_G54,10109777SILVAK,2025-07-17,117808,1,7,0,311.0
10109777SILVAK_2025-07-17_G55,10109777SILVAK,2025-07-17,140922,1,4,0,1171.0
10109777SILVAK_2025-07-17_G56,10109777SILVAK,2025-07-17,117786,1,1,0,408.0
10109777SILVAK_2025-07-17_G57,10109777SILVAK,2025-07-17,118094,1,4,0,63.0
10109777SILVAK_2025-07-17_G58,10109777SILVAK,2025-07-17,140922,1,1,0,177.0
10109777SILVAK_2025-07-17_G59,10109777SILVAK,2025-07-17,110313,1,8,0,253.0
10109777SILVAK_2025-07-17_G60,10109777SILVAK,2025-07-17,110375,1,2,0,281.0
10109777SILVAK_2025-07-17_G61,10109777SILVAK,2025-07-17,118094,1,8,0,100.0
10109777SILVAK_2025-07-17_G62,10109777SILVAK,2025-07-17,"108794, 118140",2,3,15,276.0
10109777SILVAK_2025-07-17_G63,10109777SILVAK,2025-07-17,117821,1,2,0,207.0
10109777SILVAK_2025-07-17_G64,10109777SILVAK,2025-07-17,111418,1,5,0,110.0
10109777SILVAK_2025-07-18_G02,10109777SILVAK,2025-07-18,100334,1,4,0,534.0
10109777SILVAK_2025-07-18_G03,10109777SILVAK,2025-07-18,117837,2,12,10,756.0
10109777SILVAK_2025-07-18_G04,10109777SILVAK,2025-07-18,110711,2,32,18,299.0
10109777SILVAK_2025-07-18_G05,10109777SILVAK,2025-07-18,117820,2,90,18,2731.0
10109777SILVAK_2025-07-18_G06,10109777SILVAK,2025-07-18,109643,2,16,6,555.0
10109777SILVAK_2025-07-18_G07,10109777SILVAK,2025-07-18,117808,1,23,0,260.0
10109777SILVAK_2025-07-18_G08,10109777SILVAK,2025-07-18,117808,1,500,0,45.0
10109777SILVAK_2025-07-18_G09,10109777SILVAK,2025-07-18,110372,1,40,0,578.0
10109777SILVAK_2025-07-18_G10,10109777SILVAK,2025-07-18,110372,1,120,0,217.0
10109777SILVAK_2025-07-18_G11,10109777SILVAK,2025-07-18,110373,1,40,0,1419.0
10109777SILVAK_2025-07-18_G12,10109777SILVAK,2025-07-18,110373,1,160,0,42.0
10109777SILVAK_2025-07-18_G13,10109777SILVAK,2025-07-18,118299,2,250,7,430.0
10109777SILVAK_2025-07-18_G14,10109777SILVAK,2025-07-18,110371,2,110,13,111.0
10109777SILVAK_2025-07-18_G15,10109777SILVAK,2025-07-18,117787,2,11,8,1386.0
10109777SILVAK_2025-07-18_G16,10109777SILVAK,2025-07-18,111466,2,21,7,171.0
10109777SILVAK_2025-07-18_G17,10109777SILVAK,2025-07-18,110740,1,8,0,1301.0
10109777SILVAK_2025-07-18_G18,10109777SILVAK,2025-07-18,110740,1,14,0,619.0
10109777SILVAK_2025-07-18_G19,10109777SILVAK,2025-07-18,111463,1,26,0,1423.0
10109777SILVAK_2025-07-18_G20,10109777SILVAK,2025-07-18,118250,1,4,0,1476.0
10109777SILVAK_2025-07-18_G22,10109777SILVAK,2025-07-18,110092,1,2,0,528.0
10109777SILVAK_2025-07-18_G23,10109777SILVAK,2025-07-18,"140922, 108794",2,11,21,431.0
10109777SILVAK_2025-07-18_G24,10109777SILVAK,2025-07-18,118140,1,1,0,69.0
10109777SILVAK_2025-07-18_G25,10109777SILVAK,2025-07-18,111462,1,8,0,98.0
10109777SILVAK_2025-07-18_G26,10109777SILVAK,2025-07-18,111418,1,8,0,755.0
10109777SILVAK_2025-07-18_G27,10109777SILVAK,2025-07-18,117785,1,6,0,660.0
10109777SILVAK_2025-07-18_G28,10109777SILVAK,2025-07-18,117831,1,8,0,141.0
10109777SILVAK_2025-07-18_G29,10109777SILVAK,2025-07-18,141823,1,4,0,44.0
10109777SILVAK_2025-07-18_G30,10109777SILVAK,2025-07-18,111444,1,4,0,82.0
10109777SILVAK_2025-07-18_G31,10109777SILVAK,2025-07-18,111469,1,12,0,637.0
10109777SILVAK_2025-07-18_G32,10109777SILVAK,2025-07-18,111466,1,16,0,697.0
10109777SILVAK_2025-07-18_G33,10109777SILVAK,2025-07-18,107236,1,2,0,236.0
10109777SILVAK_2025-07-18_G34,10109777SILVAK,2025-07-18,110373,1,12,0,1114.0
10109777SILVAK_2025-07-18_G35,10109777SILVAK,2025-07-18,118299,1,12,0,332.0
10109777SILVAK_2025-07-18_G36,10109777SILVAK,2025-07-18,141202,1,2,0,346.0
10109777SILVAK_2025-07-18_G37,10109777SILVAK,2025-07-18,117785,1,12,0,495.0
10109777SILVAK_2025-07-18_G38,10109777SILVAK,2025-07-18,117831,1,8,0,218.0
10109777SILVAK_2025-07-18_G39,10109777SILVAK,2025-07-18,111469,1,8,0,35.0
10109777SILVAK_2025-07-18_G40,10109777SILVAK,2025-07-18,111466,1,12,0,209.0
10109777SILVAK_2025-07-18_G41,10109777SILVAK,2025-07-18,108794,1,4,0,92.0
10109777SILVAK_2025-07-18_G42,10109777SILVAK,2025-07-18,111462,1,4,0,80.0
10109777SILVAK_2025-07-18_G43,10109777SILVAK,2025-07-18,111418,1,7,0,155.0
10109777SILVAK_2025-07-19_G02,10109777SILVAK,2025-07-19,"111430, 110742",2,12,30,486.0
10109777SILVAK_2025-07-19_G03,10109777SILVAK,2025-07-19,"110747, 100334",2,9,22,137.0
10109777SILVAK_2025-07-19_G04,10109777SILVAK,2025-07-19,111438,1,12,0,95.0
10109777SILVAK_2025-07-19_G05,10109777SILVAK,2025-07-19,117836,1,4,0,639.0
10109777SILVAK_2025-07-19_G06,10109777SILVAK,2025-07-19,110682,1,4,0,111.0
10109777SILVAK_2025-07-19_G07,10109777SILVAK,2025-07-19,117834,1,8,0,107.0
10109777SILVAK_2025-07-19_G08,10109777SILVAK,2025-07-19,110755,1,8,0,235.0
10109777SILVAK_2025-07-19_G09,10109777SILVAK,2025-07-19,118306,1,8,0,489.0
10109777SILVAK_2025-07-19_G10,10109777SILVAK,2025-07-19,111569,1,8,0,39.0
10109777SILVAK_2025-07-19_G11,10109777SILVAK,2025-07-19,110064,1,4,0,240.0
10109777SILVAK_2025-07-19_G12,10109777SILVAK,2025-07-19,116527,1,4,0,109.0
10109777SILVAK_2025-07-19_G13,10109777SILVAK,2025-07-19,118299,1,200,0,875.0
10109777SILVAK_2025-07-19_G14,10109777SILVAK,2025-07-19,117808,1,200,0,410.0
10109777SILVAK_2025-07-19_G15,10109777SILVAK,2025-07-19,118299,1,287,0,1082.0
10109777SILVAK_2025-07-19_G16,10109777SILVAK,2025-07-19,110372,1,30,0,700.0
10109777SILVAK_2025-07-19_G17,10109777SILVAK,2025-07-19,109643,1,12,0,164.0
10109777SILVAK_2025-07-19_G18,10109777SILVAK,2025-07-19,117841,1,8,0,220.0
10109777SILVAK_2025-07-19_G19,10109777SILVAK,2025-07-19,111463,1,24,0,461.0
10109777SILVAK_2025-07-19_G20,10109777SILVAK,2025-07-19,105705,1,4,0,267.0
10109777SILVAK_2025-07-19_G21,10109777SILVAK,2025-07-19,140922,1,12,0,140.0
10109777SILVAK_2025-07-19_G22,10109777SILVAK,2025-07-19,117838,1,8,0,230.0
10109777SILVAK_2025-07-19_G23,10109777SILVAK,2025-07-19,111462,1,12,0,213.0
10109777SILVAK_2025-07-19_G24,10109777SILVAK,2025-07-19,111743,1,12,0,225.0
10109777SILVAK_2025-07-19_G25,10109777SILVAK,2025-07-19,117833,1,8,0,105.0
10109777SILVAK_2025-07-19_G26,10109777SILVAK,2025-07-19,117842,1,4,0,172.0
10109777SILVAK_2025-07-19_G27,10109777SILVAK,2025-07-19,111418,1,20,0,200.0
10109777SILVAK_2025-07-19_G28,10109777SILVAK,2025-07-19,118140,1,20,0,75.0
10109777SILVAK_2025-07-19_G29,10109777SILVAK,2025-07-19,110748,1,4,0,577.0
10109777SILVAK_2025-07-19_G30,10109777SILVAK,2025-07-19,108711,1,12,0,87.0
10109777SILVAK_2025-07-19_G31,10109777SILVAK,2025-07-19,116241,1,8,0,338.0
10109777SILVAK_2025-07-19_G32,10109777SILVAK,2025-07-19,117787,1,8,0,90.0
10109777SILVAK_2025-07-19_G33,10109777SILVAK,2025-07-19,117785,1,12,0,36.0
10109777SILVAK_2025-07-19_G34,10109777SILVAK,2025-07-19,111433,1,8,0,101.0
10109777SILVAK_2025-07-19_G35,10109777SILVAK,2025-07-19,"108794, 117831",2,24,23,168.0
10109777SILVAK_2025-07-19_G36,10109777SILVAK,2025-07-19,111444,1,8,0,378.0
10109777SILVAK_2025-07-19_G37,10109777SILVAK,2025-07-19,111466,1,12,0,418.0
10109777SILVAK_2025-07-19_G38,10109777SILVAK,2025-07-19,111468,1,12,0,130.0
10109777SILVAK_2025-07-19_G39,10109777SILVAK,2025-07-19,"111172, 111532",2,32,30,644.0
10109777SILVAK_2025-07-19_G40,10109777SILVAK,2025-07-19,118317,1,4,0,554.0
10109777SILVAK_2025-07-19_G41,10109777SILVAK,2025-07-19,115234,1,4,0,91.0
10109777SILVAK_2025-07-19_G42,10109777SILVAK,2025-07-19,111530,1,50,0,313.0
10109777SILVAK_2025-07-19_G44,10109777SILVAK,2025-07-19,118306,1,8,0,332.0
10109777SILVAK_2025-07-19_G45,10109777SILVAK,2025-07-19,111441,1,8,0,345.0
10109777SILVAK_2025-07-19_G46,10109777SILVAK,2025-07-19,109647,1,2,0,214.0
10109777SILVAK_2025-07-19_G47,10109777SILVAK,2025-07-19,111430,1,4,0,607.0
10109777SILVAK_2025-07-19_G48,10109777SILVAK,2025-07-19,100334,1,4,0,78.0
10109777SILVAK_2025-07-19_G49,10109777SILVAK,2025-07-19,117854,3,24,20,69.0
10109777SILVAK_2025-07-19_G50,10109777SILVAK,2025-07-19,111530,2,12,13,206.0
10109777SILVAK_2025-07-19_G51,10109777SILVAK,2025-07-19,111446,6,27,53,425.0
10109777SILVAK_2025-07-19_G52,10109777SILVAK,2025-07-19,117838,1,8,0,217.0
10109777SILVAK_2025-07-19_G53,10109777SILVAK,2025-07-19,111431,1,4,0,142.0
10109777SILVAK_2025-07-19_G54,10109777SILVAK,2025-07-19,111469,1,4,0,155.0
10109777SILVAK_2025-07-19_G55,10109777SILVAK,2025-07-19,111469,1,8,0,139.0
10109777SILVAK_2025-07-19_G56,10109777SILVAK,2025-07-19,110332,1,20,0,206.0
10109777SILVAK_2025-07-19_G57,10109777SILVAK,2025-07-19,110376,2,8,7,278.0
10109777SILVAK_2025-07-19_G58,10109777SILVAK,2025-07-19,117820,11,60,97,156.0
10109777SILVAK_2025-07-19_G59,10109777SILVAK,2025-07-19,111602,1,8,0,1034.0
10109777SILVAK_2025-07-19_G60,10109777SILVAK,2025-07-19,107236,1,8,0,175.0
10109777SILVAK_2025-07-19_G61,10109777SILVAK,2025-07-19,110372,1,2,0,48.0
10109777SILVAK_2025-07-19_G62,10109777SILVAK,2025-07-19,141823,1,4,0,116.0
10109777SILVAK_2025-07-19_G63,10109777SILVAK,2025-07-19,117855,1,6,0,193.0
10109777SILVAK_2025-07-19_G64,10109777SILVAK,2025-07-19,111530,1,16,0,1439.0
10109777SILVAK_2025-07-19_G65,10109777SILVAK,2025-07-19,117830,1,4,0,186.0
10109777SILVAK_2025-07-19_G66,10109777SILVAK,2025-07-19,118299,1,8,0,220.0
10109777SILVAK_2025-07-19_G67,10109777SILVAK,2025-07-19,117820,1,15,0,141.0
10109777SILVAK_2025-07-19_G68,10109777SILVAK,2025-07-19,110371,1,15,0,243.0
10109777SILVAK_2025-07-21_G02,10109777SILVAK,2025-07-21,100334,1,1,0,151.0
10109777SILVAK_2025-07-21_G03,10109777SILVAK,2025-07-21,111850,1,2,0,224.0
10109777SILVAK_2025-07-21_G04,10109777SILVAK,2025-07-21,111441,1,4,0,126.0
10109777SILVAK_2025-07-21_G05,10109777SILVAK,2025-07-21,111120,1,2,0,69.0
10109777SILVAK_2025-07-21_G06,10109777SILVAK,2025-07-21,118306,1,4,0,132.0
10109777SILVAK_2025-07-21_G07,10109777SILVAK,2025-07-21,118323,1,2,0,157.0
10109777SILVAK_2025-07-21_G08,10109777SILVAK,2025-07-21,108701,1,1,0,302.0
10109777SILVAK_2025-07-21_G09,10109777SILVAK,2025-07-21,110580,1,2,0,154.0
10109777SILVAK_2025-07-21_G10,10109777SILVAK,2025-07-21,117788,1,2,0,55.0
10109777SILVAK_2025-07-21_G11,10109777SILVAK,2025-07-21,107629,1,1,0,34.0
10109777SILVAK_2025-07-21_G12,10109777SILVAK,2025-07-21,118298,1,2,0,2233.0
10109777SILVAK_2025-07-21_G13,10109777SILVAK,2025-07-21,110581,1,2,0,59.0
10109777SILVAK_2025-07-21_G14,10109777SILVAK,2025-07-21,"117853, 109647",2,2,23,173.0
10109777SILVAK_2025-07-21_G15,10109777SILVAK,2025-07-21,111467,1,8,0,415.0
10109777SILVAK_2025-07-21_G16,10109777SILVAK,2025-07-21,117855,2,16,15,485.0
10109777SILVAK_2025-07-21_G17,10109777SILVAK,2025-07-21,111602,1,4,0,94.0
10109777SILVAK_2025-07-21_G18,10109777SILVAK,2025-07-21,110515,1,4,0,144.0
10109777SILVAK_2025-07-21_G19,10109777SILVAK,2025-07-21,108772,1,4,0,188.0
10109777SILVAK_2025-07-21_G20,10109777SILVAK,2025-07-21,111530,1,14,0,125.0
10109777SILVAK_2025-07-21_G21,10109777SILVAK,2025-07-21,117856,1,2,0,165.0
10109777SILVAK_2025-07-21_G22,10109777SILVAK,2025-07-21,111435,1,2,0,538.0
10109777SILVAK_2025-07-21_G23,10109777SILVAK,2025-07-21,111463,1,10,0,140.0
10109777SILVAK_2025-07-21_G24,10109777SILVAK,2025-07-21,110743,1,4,0,741.0
10109777SILVAK_2025-07-21_G25,10109777SILVAK,2025-07-21,111348,1,2,0,135.0
10109777SILVAK_2025-07-21_G26,10109777SILVAK,2025-07-21,111182,1,2,0,122.0
10109777SILVAK_2025-07-21_G27,10109777SILVAK,2025-07-21,"117838, 111462",2,19,24,453.0
10109777SILVAK_2025-07-21_G28,10109777SILVAK,2025-07-21,109645,1,1,0,486.0
10109777SILVAK_2025-07-21_G29,10109777SILVAK,2025-07-21,111418,1,21,0,119.0
10109777SILVAK_2025-07-21_G30,10109777SILVAK,2025-07-21,111330,1,4,0,533.0
10109777SILVAK_2025-07-21_G31,10109777SILVAK,2025-07-21,108711,1,6,0,31.0
10109777SILVAK_2025-07-21_G32,10109777SILVAK,2025-07-21,116241,1,2,0,83.0
10109777SILVAK_2025-07-21_G33,10109777SILVAK,2025-07-21,117787,1,4,0,192.0
10109777SILVAK_2025-07-21_G34,10109777SILVAK,2025-07-21,117785,1,20,0,640.0
10109777SILVAK_2025-07-21_G35,10109777SILVAK,2025-07-21,117831,1,2,0,73.0
10109777SILVAK_2025-07-21_G36,10109777SILVAK,2025-07-21,111469,1,4,0,101.0
10109777SILVAK_2025-07-21_G37,10109777SILVAK,2025-07-21,110740,1,11,0,85.0
10109777SILVAK_2025-07-21_G38,10109777SILVAK,2025-07-21,111468,1,2,0,105.0
10109777SILVAK_2025-07-21_G39,10109777SILVAK,2025-07-21,117809,1,6,0,497.0
10109777SILVAK_2025-07-21_G40,10109777SILVAK,2025-07-21,117830,1,12,0,115.0
10109777SILVAK_2025-07-21_G41,10109777SILVAK,2025-07-21,110374,1,4,0,268.0
10109777SILVAK_2025-07-21_G42,10109777SILVAK,2025-07-21,110371,1,8,0,188.0
10109777SILVAK_2025-07-21_G43,10109777SILVAK,2025-07-21,141202,1,8,0,296.0
10109777SILVAK_2025-07-21_G44,10109777SILVAK,2025-07-21,110372,1,34,0,485.0
10109777SILVAK_2025-07-21_G45,10109777SILVAK,2025-07-21,117808,1,28,0,302.0
10109777SILVAK_2025-07-21_G46,10109777SILVAK,2025-07-21,110373,1,22,0,88.0
10109777SILVAK_2025-07-21_G47,10109777SILVAK,2025-07-21,118299,1,30,0,947.0
10109777SILVAK_2025-07-21_G48,10109777SILVAK,2025-07-21,118317,1,2,0,998.0
10109777SILVAK_2025-07-21_G50,10109777SILVAK,2025-07-21,117808,1,17,0,91.0
10109777SILVAK_2025-07-21_G51,10109777SILVAK,2025-07-21,110373,1,10,0,86.0
10109777SILVAK_2025-07-21_G52,10109777SILVAK,2025-07-21,110374,1,4,0,124.0
10109777SILVAK_2025-07-21_G53,10109777SILVAK,2025-07-21,"109648, 110371",2,7,23,187.0
10109777SILVAK_2025-07-21_G54,10109777SILVAK,2025-07-21,118299,1,9,0,60.0
10109777SILVAK_2025-07-21_G55,10109777SILVAK,2025-07-21,117820,1,4,0,209.0
10109777SILVAK_2025-07-21_G56,10109777SILVAK,2025-07-21,141202,1,4,0,929.0
10109777SILVAK_2025-07-21_G57,10109777SILVAK,2025-07-21,117822,1,4,0,80.0
10109777SILVAK_2025-07-21_G58,10109777SILVAK,2025-07-21,117833,1,2,0,132.0
10109777SILVAK_2025-07-21_G59,10109777SILVAK,2025-07-21,109645,1,4,0,246.0
10109777SILVAK_2025-07-21_G60,10109777SILVAK,2025-07-21,111418,1,13,0,59.0
10109777SILVAK_2025-07-21_G61,10109777SILVAK,2025-07-21,111466,1,14,0,235.0
10109777SILVAK_2025-07-21_G62,10109777SILVAK,2025-07-21,110372,1,50,0,543.0
10109777SILVAK_2025-07-21_G63,10109777SILVAK,2025-07-21,111469,1,15,0,2669.0
10109777SILVAK_2025-07-21_G64,10109777SILVAK,2025-07-21,111468,1,34,0,191.0
10109777SILVAK_2025-07-21_G65,10109777SILVAK,2025-07-21,111466,1,7,0,61.0
10109777SILVAK_2025-07-21_G66,10109777SILVAK,2025-07-21,111466,1,23,0,923.0
10109777SILVAK_2025-07-21_G67,10109777SILVAK,2025-07-21,108794,2,40,14,201.0
10109777SILVAK_2025-07-22_G02,10109777SILVAK,2025-07-22,108993,1,4,0,2095.0
10109777SILVAK_2025-07-22_G03,10109777SILVAK,2025-07-22,110475,1,1,0,393.0
10109777SILVAK_2025-07-22_G04,10109777SILVAK,2025-07-22,111120,1,8,0,807.0
10109777SILVAK_2025-07-22_G05,10109777SILVAK,2025-07-22,111569,1,12,0,368.0
10109777SILVAK_2025-07-22_G06,10109777SILVAK,2025-07-22,110747,1,11,0,246.0
10109777SILVAK_2025-07-22_G07,10109777SILVAK,2025-07-22,111832,1,4,0,249.0
10109777SILVAK_2025-07-22_G08,10109777SILVAK,2025-07-22,111793,1,6,0,414.0
10109777SILVAK_2025-07-22_G09,10109777SILVAK,2025-07-22,110579,1,2,0,93.0
10109777SILVAK_2025-07-22_G10,10109777SILVAK,2025-07-22,111356,1,8,0,1106.0
10109777SILVAK_2025-07-22_G11,10109777SILVAK,2025-07-22,110582,1,13,0,697.0
10109777SILVAK_2025-07-22_G12,10109777SILVAK,2025-07-22,118283,1,25,0,357.0
10109777SILVAK_2025-07-22_G13,10109777SILVAK,2025-07-22,111441,1,10,0,205.0
10109777SILVAK_2025-07-22_G14,10109777SILVAK,2025-07-22,111437,1,20,0,251.0
10109777SILVAK_2025-07-22_G15,10109777SILVAK,2025-07-22,110092,1,1,0,400.0
10109777SILVAK_2025-07-22_G16,10109777SILVAK,2025-07-22,141035,1,8,0,415.0
10109777SILVAK_2025-07-22_G17,10109777SILVAK,2025-07-22,111199,1,6,0,82.0
10109777SILVAK_2025-07-22_G18,10109777SILVAK,2025-07-22,111602,1,20,0,630.0
10109777SILVAK_2025-07-22_G19,10109777SILVAK,2025-07-22,117853,1,30,0,315.0
10109777SILVAK_2025-07-22_G20,10109777SILVAK,2025-07-22,110711,1,120,0,600.0
10109777SILVAK_2025-07-22_G21,10109777SILVAK,2025-07-22,117822,1,2,0,112.0
10109777SILVAK_2025-07-22_G22,10109777SILVAK,2025-07-22,118281,1,36,0,749.0
10109777SILVAK_2025-07-22_G23,10109777SILVAK,2025-07-22,109643,1,60,0,322.0
10109777SILVAK_2025-07-22_G24,10109777SILVAK,2025-07-22,110500,1,3,0,294.0
10109777SILVAK_2025-07-22_G26,10109777SILVAK,2025-07-22,111743,1,50,0,990.0
10109777SILVAK_2025-07-22_G27,10109777SILVAK,2025-07-22,"111743, 111462",2,34,21,1606.0
10109777SILVAK_2025-07-22_G28,10109777SILVAK,2025-07-22,111330,1,4,0,283.0
10109777SILVAK_2025-07-22_G29,10109777SILVAK,2025-07-22,111469,1,30,0,309.0
10109777SILVAK_2025-07-22_G30,10109777SILVAK,2025-07-22,111418,1,50,0,653.0
10109777SILVAK_2025-07-22_G31,10109777SILVAK,2025-07-22,117831,1,30,0,525.0
10109777SILVAK_2025-07-22_G32,10109777SILVAK,2025-07-22,117831,1,40,0,137.0
10109777SILVAK_2025-07-22_G33,10109777SILVAK,2025-07-22,117808,1,350,0,1015.0
10109777SILVAK_2025-07-22_G34,10109777SILVAK,2025-07-22,111463,1,50,0,737.0
10109777SILVAK_2025-07-23_G02,10109777SILVAK,2025-07-23,111792,1,4,0,121.0
10109777SILVAK_2025-07-23_G03,10109777SILVAK,2025-07-23,110080,1,1,0,59.0
10109777SILVAK_2025-07-23_G04,10109777SILVAK,2025-07-23,111112,1,2,0,128.0
10109777SILVAK_2025-07-23_G05,10109777SILVAK,2025-07-23,118280,1,10,0,212.0
10109777SILVAK_2025-07-23_G06,10109777SILVAK,2025-07-23,109495,1,4,0,185.0
10109777SILVAK_2025-07-23_G07,10109777SILVAK,2025-07-23,117789,1,12,0,223.0
10109777SILVAK_2025-07-23_G08,10109777SILVAK,2025-07-23,111199,2,3,7,724.0
10109777SILVAK_2025-07-23_G09,10109777SILVAK,2025-07-23,110339,1,20,0,2585.0
10109777SILVAK_2025-07-23_G10,10109777SILVAK,2025-07-23,117862,1,10,0,243.0
10109777SILVAK_2025-07-23_G11,10109777SILVAK,2025-07-23,141047,1,10,0,143.0
10109777SILVAK_2025-07-23_G12,10109777SILVAK,2025-07-23,108772,1,6,0,392.0
10109777SILVAK_2025-07-23_G13,10109777SILVAK,2025-07-23,108772,1,4,0,87.0
10109777SILVAK_2025-07-23_G14,10109777SILVAK,2025-07-23,117856,1,20,0,759.0
10109777SILVAK_2025-07-23_G15,10109777SILVAK,2025-07-23,110580,1,4,0,294.0
10109777SILVAK_2025-07-23_G16,10109777SILVAK,2025-07-23,117830,1,16,0,84.0
10109777SILVAK_2025-07-23_G17,10109777SILVAK,2025-07-23,117832,1,10,0,120.0
10109777SILVAK_2025-07-23_G18,10109777SILVAK,2025-07-23,118299,1,200,0,67.0
10109777SILVAK_2025-07-23_G19,10109777SILVAK,2025-07-23,117808,3,525,19,35.0
10109777SILVAK_2025-07-23_G20,10109777SILVAK,2025-07-23,118281,1,40,0,418.0
10109777SILVAK_2025-07-23_G21,10109777SILVAK,2025-07-23,114092,1,18,0,306.0
10109777SILVAK_2025-07-23_G22,10109777SILVAK,2025-07-23,110373,1,100,0,219.0
10109777SILVAK_2025-07-23_G23,10109777SILVAK,2025-07-23,110372,1,150,0,723.0
10109777SILVAK_2025-07-23_G24,10109777SILVAK,2025-07-23,117820,1,50,0,1777.0
10109777SILVAK_2025-07-23_G25,10109777SILVAK,2025-07-23,111199,1,8,0,984.0
10109777SILVAK_2025-07-23_G26,10109777SILVAK,2025-07-23,117786,1,10,0,241.0
10109777SILVAK_2025-07-23_G27,10109777SILVAK,2025-07-23,118298,1,6,0,117.0
10109777SILVAK_2025-07-23_G28,10109777SILVAK,2025-07-23,117837,1,10,0,131.0
10109777SILVAK_2025-07-23_G29,10109777SILVAK,2025-07-23,117855,1,14,0,202.0
10109777SILVAK_2025-07-23_G30,10109777SILVAK,2025-07-23,110515,1,10,0,678.0
10109777SILVAK_2025-07-23_G31,10109777SILVAK,2025-07-23,117935,2,13,6,129.0
10109777SILVAK_2025-07-23_G32,10109777SILVAK,2025-07-23,111530,1,20,0,466.0
10109777SILVAK_2025-07-23_G33,10109777SILVAK,2025-07-23,117856,1,10,0,241.0
10109777SILVAK_2025-07-23_G34,10109777SILVAK,2025-07-23,117856,1,20,0,317.0
10109777SILVAK_2025-07-23_G35,10109777SILVAK,2025-07-23,107263,1,1,0,452.0
10109777SILVAK_2025-07-23_G36,10109777SILVAK,2025-07-23,111172,1,11,0,166.0
10109777SILVAK_2025-07-23_G37,10109777SILVAK,2025-07-23,110743,1,6,0,62.0
10109777SILVAK_2025-07-23_G38,10109777SILVAK,2025-07-23,117838,1,8,0,326.0
10109777SILVAK_2025-07-23_G39,10109777SILVAK,2025-07-23,"111462, 110745, 117821",3,36,20,38.0
10109777SILVAK_2025-07-23_G40,10109777SILVAK,2025-07-23,111532,1,10,0,117.0
10109777SILVAK_2025-07-23_G41,10109777SILVAK,2025-07-23,111330,1,6,0,154.0
10109777SILVAK_2025-07-23_G42,10109777SILVAK,2025-07-23,116241,1,4,0,74.0
10109777SILVAK_2025-07-23_G43,10109777SILVAK,2025-07-23,110787,1,20,0,147.0
10109777SILVAK_2025-07-23_G44,10109777SILVAK,2025-07-23,111469,1,13,0,478.0
10109777SILVAK_2025-07-23_G45,10109777SILVAK,2025-07-23,117831,1,30,0,344.0
10109777SILVAK_2025-07-23_G46,10109777SILVAK,2025-07-23,117785,1,50,0,1104.0
10109777SILVAK_2025-07-23_G47,10109777SILVAK,2025-07-23,111469,1,20,0,54.0
10109777SILVAK_2025-07-23_G48,10109777SILVAK,2025-07-23,109649,1,2,0,680.0
10109777SILVAK_2025-07-23_G49,10109777SILVAK,2025-07-23,111569,1,2,0,215.0
10109777SILVAK_2025-07-23_G50,10109777SILVAK,2025-07-23,111438,1,2,0,59.0
10109777SILVAK_2025-07-23_G51,10109777SILVAK,2025-07-23,111418,1,8,0,169.0
10109777SILVAK_2025-07-23_G52,10109777SILVAK,2025-07-23,117785,1,5,0,75.0
10109777SILVAK_2025-07-23_G53,10109777SILVAK,2025-07-23,111466,1,4,0,66.0
10109777SILVAK_2025-07-23_G54,10109777SILVAK,2025-07-23,110325,1,4,0,150.0
10109777SILVAK_2025-07-23_G55,10109777SILVAK,2025-07-23,117808,1,4,0,102.0
10109777SILVAK_2025-07-23_G57,10109777SILVAK,2025-07-23,110755,1,4,0,214.0
10109777SILVAK_2025-07-23_G58,10109777SILVAK,2025-07-23,111441,1,10,0,383.0
10109777SILVAK_2025-07-23_G59,10109777SILVAK,2025-07-23,110895,1,4,0,230.0
10109777SILVAK_2025-07-23_G60,10109777SILVAK,2025-07-23,116527,1,4,0,105.0
10109777SILVAK_2025-07-23_G61,10109777SILVAK,2025-07-23,111435,1,4,0,263.0
10109777SILVAK_2025-07-23_G62,10109777SILVAK,2025-07-23,111418,1,20,0,459.0
10109777SILVAK_2025-07-23_G63,10109777SILVAK,2025-07-23,111462,1,10,0,45.0
10109777SILVAK_2025-07-23_G64,10109777SILVAK,2025-07-23,110787,1,10,0,110.0
10109777SILVAK_2025-07-23_G65,10109777SILVAK,2025-07-23,117785,1,20,0,147.0
10109777SILVAK_2025-07-23_G66,10109777SILVAK,2025-07-23,111469,1,20,0,128.0
10109777SILVAK_2025-07-24_G02,10109777SILVAK,2025-07-24,111462,1,12,0,266.0
10109777SILVAK_2025-07-24_G03,10109777SILVAK,2025-07-24,117833,2,58,20,410.0
10109777SILVAK_2025-07-24_G04,10109777SILVAK,2025-07-24,111532,2,6,10,235.0
10109777SILVAK_2025-07-24_G05,10109777SILVAK,2025-07-24,109641,2,12,10,239.0
10109777SILVAK_2025-07-24_G06,10109777SILVAK,2025-07-24,109645,2,14,14,135.0
10109777SILVAK_2025-07-24_G07,10109777SILVAK,2025-07-24,118140,1,9,0,316.0
10109777SILVAK_2025-07-24_G08,10109777SILVAK,2025-07-24,111728,1,32,0,140.0
10109777SILVAK_2025-07-24_G09,10109777SILVAK,2025-07-24,108794,2,49,8,781.0
10109777SILVAK_2025-07-24_G10,10109777SILVAK,2025-07-24,111172,2,18,6,944.0
10109777SILVAK_2025-07-24_G11,10109777SILVAK,2025-07-24,"110743, 105705",3,20,32,141.0
10109777SILVAK_2025-07-24_G12,10109777SILVAK,2025-07-24,111418,1,236,0,619.0
10109777SILVAK_2025-07-24_G13,10109777SILVAK,2025-07-24,111743,2,13,21,933.0
10109777SILVAK_2025-07-24_G14,10109777SILVAK,2025-07-24,111466,1,38,0,317.0
10109777SILVAK_2025-07-24_G15,10109777SILVAK,2025-07-24,111466,1,42,0,226.0
10109777SILVAK_2025-07-24_G16,10109777SILVAK,2025-07-24,110895,2,8,5,2781.0
10109777SILVAK_2025-07-24_G17,10109777SILVAK,2025-07-24,107629,1,4,0,320.0
10109777SILVAK_2025-07-24_G18,10109777SILVAK,2025-07-24,108711,1,4,0,227.0
10109777SILVAK_2025-07-24_G19,10109777SILVAK,2025-07-24,111602,1,6,0,101.0
10109777SILVAK_2025-07-24_G20,10109777SILVAK,2025-07-24,110515,1,7,0,193.0
10109777SILVAK_2025-07-24_G21,10109777SILVAK,2025-07-24,109645,1,4,0,333.0
10109777SILVAK_2025-07-24_G22,10109777SILVAK,2025-07-24,118140,1,12,0,33.0
10109777SILVAK_2025-07-24_G23,10109777SILVAK,2025-07-24,117787,1,5,0,198.0
10109777SILVAK_2025-07-24_G24,10109777SILVAK,2025-07-24,"117820, 111469",2,18,27,120.0
10109777SILVAK_2025-07-24_G25,10109777SILVAK,2025-07-24,118299,1,30,0,811.0
10109777SILVAK_2025-07-24_G26,10109777SILVAK,2025-07-24,110372,1,10,0,163.0
10109777SILVAK_2025-07-24_G27,10109777SILVAK,2025-07-24,117808,1,22,0,316.0
10109777SILVAK_2025-07-24_G28,10109777SILVAK,2025-07-24,110895,1,4,0,704.0
10109777SILVAK_2025-07-24_G29,10109777SILVAK,2025-07-24,110515,1,4,0,35.0
10109777SILVAK_2025-07-24_G30,10109777SILVAK,2025-07-24,111418,1,5,0,144.0
10109777SILVAK_2025-07-24_G31,10109777SILVAK,2025-07-24,111462,1,3,0,95.0
10109777SILVAK_2025-07-24_G32,10109777SILVAK,2025-07-24,117831,1,6,0,86.0
10109777SILVAK_2025-07-24_G33,10109777SILVAK,2025-07-24,118140,1,8,0,132.0
10109777SILVAK_2025-07-24_G34,10109777SILVAK,2025-07-24,117808,1,5,0,84.0
10109777SILVAK_2025-07-24_G35,10109777SILVAK,2025-07-24,111463,1,18,0,476.0
10109777SILVAK_2025-07-24_G36,10109777SILVAK,2025-07-24,118317,1,4,0,53.0
10109777SILVAK_2025-07-24_G37,10109777SILVAK,2025-07-24,"140956, 111602",2,10,28,389.0
10109777SILVAK_2025-07-24_G38,10109777SILVAK,2025-07-24,117821,1,7,0,132.0
10109777SILVAK_2025-07-24_G39,10109777SILVAK,2025-07-24,111743,1,2,0,112.0
10109777SILVAK_2025-07-24_G40,10109777SILVAK,2025-07-24,117833,1,4,0,63.0
10109777SILVAK_2025-07-24_G41,10109777SILVAK,2025-07-24,117785,1,20,0,238.0
10109777SILVAK_2025-07-24_G42,10109777SILVAK,2025-07-24,"118299, 117820",2,56,25,424.0
10109777SILVAK_2025-07-24_G44,10109777SILVAK,2025-07-24,111655,1,8,0,166.0
10109777SILVAK_2025-07-24_G45,10109777SILVAK,2025-07-24,118094,1,4,0,156.0
10109777SILVAK_2025-07-24_G46,10109777SILVAK,2025-07-24,109643,1,4,0,45.0
10109777SILVAK_2025-07-24_G47,10109777SILVAK,2025-07-24,111530,1,4,0,156.0
10109777SILVAK_2025-07-24_G48,10109777SILVAK,2025-07-24,110374,1,6,0,182.0
10109777SILVAK_2025-07-24_G49,10109777SILVAK,2025-07-24,110374,1,2,0,74.0
10109777SILVAK_2025-07-24_G50,10109777SILVAK,2025-07-24,117832,1,5,0,181.0
10109777SILVAK_2025-07-24_G51,10109777SILVAK,2025-07-24,110371,1,8,0,89.0
10109777SILVAK_2025-07-24_G52,10109777SILVAK,2025-07-24,110373,1,21,0,67.0
10109777SILVAK_2025-07-24_G53,10109777SILVAK,2025-07-24,118222,3,24,27,273.0
10109777SILVAK_2025-07-24_G54,10109777SILVAK,2025-07-24,110313,1,5,0,479.0
10109777SILVAK_2025-07-24_G55,10109777SILVAK,2025-07-24,"141047, 111530",2,8,10,85.0
10109777SILVAK_2025-07-24_G56,10109777SILVAK,2025-07-24,110895,1,5,0,138.0
10109777SILVAK_2025-07-24_G57,10109777SILVAK,2025-07-24,111172,1,4,0,1305.0
10109777SILVAK_2025-07-24_G58,10109777SILVAK,2025-07-24,"111443, 111466",2,25,20,247.0
10109777SILVAK_2025-07-24_G59,10109777SILVAK,2025-07-24,109641,1,6,0,194.0
10109777SILVAK_2025-07-24_G60,10109777SILVAK,2025-07-24,109645,1,8,0,173.0
10109777SILVAK_2025-07-24_G61,10109777SILVAK,2025-07-24,108794,1,4,0,100.0
10109777SILVAK_2025-07-24_G62,10109777SILVAK,2025-07-24,111469,1,20,0,34.0
10109777SILVAK_2025-07-24_G63,10109777SILVAK,2025-07-24,110740,1,12,0,162.0
10109777SILVAK_2025-07-24_G64,10109777SILVAK,2025-07-24,107236,1,8,0,111.0
10109777SILVAK_2025-07-24_G65,10109777SILVAK,2025-07-24,111463,1,54,0,725.0
10109777SILVAK_2025-07-25_G02,10109777SILVAK,2025-07-25,110313,1,1,0,146.0
10109777SILVAK_2025-07-25_G03,10109777SILVAK,2025-07-25,111462,1,2,0,147.0
10109777SILVAK_2025-07-25_G04,10109777SILVAK,2025-07-25,108794,1,3,0,144.0
10109777SILVAK_2025-07-25_G05,10109777SILVAK,2025-07-25,111465,1,2,0,88.0
10109777SILVAK_2025-07-25_G06,10109777SILVAK,2025-07-25,117808,1,8,0,74.0
10109777SILVAK_2025-07-25_G07,10109777SILVAK,2025-07-25,117820,2,16,19,164.0
10109777SILVAK_2025-07-25_G08,10109777SILVAK,2025-07-25,111876,1,2,0,348.0
10109777SILVAK_2025-07-25_G09,10109777SILVAK,2025-07-25,107629,1,2,0,194.0
10109777SILVAK_2025-07-25_G10,10109777SILVAK,2025-07-25,110313,1,8,0,56.0
10109777SILVAK_2025-07-25_G11,10109777SILVAK,2025-07-25,117838,1,2,0,124.0
10109777SILVAK_2025-07-25_G12,10109777SILVAK,2025-07-25,117787,1,1,0,92.0
10109777SILVAK_2025-07-25_G13,10109777SILVAK,2025-07-25,111182,1,8,0,229.0
10109777SILVAK_2025-07-25_G14,10109777SILVAK,2025-07-25,110373,1,4,0,37.0
10109777SILVAK_2025-07-25_G15,10109777SILVAK,2025-07-25,111569,1,4,0,385.0
10109777SILVAK_2025-07-25_G16,10109777SILVAK,2025-07-25,111441,1,4,0,128.0
10109777SILVAK_2025-07-25_G17,10109777SILVAK,2025-07-25,117835,1,2,0,243.0
10109777SILVAK_2025-07-25_G18,10109777SILVAK,2025-07-25,118094,1,4,0,239.0
10109777SILVAK_2025-07-25_G19,10109777SILVAK,2025-07-25,110515,1,2,0,72.0
10109777SILVAK_2025-07-25_G20,10109777SILVAK,2025-07-25,111463,1,5,0,637.0
10109777SILVAK_2025-07-25_G21,10109777SILVAK,2025-07-25,160057,1,5,0,1270.0
10109777SILVAK_2025-07-25_G22,10109777SILVAK,2025-07-25,111602,1,2,0,52.0
10109777SILVAK_2025-07-25_G23,10109777SILVAK,2025-07-25,111418,1,3,0,95.0
10109777SILVAK_2025-07-25_G24,10109777SILVAK,2025-07-25,111462,1,8,0,69.0
10109777SILVAK_2025-07-25_G25,10109777SILVAK,2025-07-25,"116241, 117838",2,5,20,259.0
10109777SILVAK_2025-07-25_G26,10109777SILVAK,2025-07-25,111469,1,4,0,87.0
10109777SILVAK_2025-07-25_G27,10109777SILVAK,2025-07-25,117832,1,2,0,204.0
10109777SILVAK_2025-07-25_G28,10109777SILVAK,2025-07-25,116241,1,2,0,190.0
10109777SILVAK_2025-07-25_G29,10109777SILVAK,2025-07-25,111876,1,2,0,296.0
10109777SILVAK_2025-07-25_G30,10109777SILVAK,2025-07-25,117935,1,2,0,113.0
10109777SILVAK_2025-07-25_G31,10109777SILVAK,2025-07-25,109641,1,2,0,38.0
10109777SILVAK_2025-07-25_G32,10109777SILVAK,2025-07-25,110748,1,4,0,166.0
10109777SILVAK_2025-07-25_G33,10109777SILVAK,2025-07-25,141823,1,3,0,189.0
10109777SILVAK_2025-07-25_G34,10109777SILVAK,2025-07-25,111468,1,4,0,43.0
10109777SILVAK_2025-07-25_G35,10109777SILVAK,2025-07-25,141823,1,3,0,256.0
10109777SILVAK_2025-07-25_G36,10109777SILVAK,2025-07-25,110895,1,3,0,484.0
10109777SILVAK_2025-07-25_G37,10109777SILVAK,2025-07-25,105242,1,2,0,105.0
10109777SILVAK_2025-07-25_G38,10109777SILVAK,2025-07-25,110515,1,8,0,230.0
10109777SILVAK_2025-07-25_G39,10109777SILVAK,2025-07-25,111463,1,4,0,159.0
10109777SILVAK_2025-07-25_G40,10109777SILVAK,2025-07-25,111468,1,2,0,218.0
10109777SILVAK_2025-07-25_G41,10109777SILVAK,2025-07-25,110515,1,4,0,283.0
10109777SILVAK_2025-07-25_G42,10109777SILVAK,2025-07-25,111462,1,4,0,39.0
10109777SILVAK_2025-07-25_G43,10109777SILVAK,2025-07-25,111463,1,6,0,127.0
10109777SILVAK_2025-07-25_G44,10109777SILVAK,2025-07-25,118223,1,4,0,504.0
10109777SILVAK_2025-07-25_G45,10109777SILVAK,2025-07-25,111442,1,12,0,253.0
10109777SILVAK_2025-07-25_G46,10109777SILVAK,2025-07-25,110373,1,6,0,94.0
10109777SILVAK_2025-07-25_G47,10109777SILVAK,2025-07-25,111182,1,4,0,222.0
10109777SILVAK_2025-07-25_G48,10109777SILVAK,2025-07-25,110373,1,20,0,200.0
10109777SILVAK_2025-07-25_G49,10109777SILVAK,2025-07-25,110895,1,4,0,199.0
10109777SILVAK_2025-07-25_G50,10109777SILVAK,2025-07-25,117856,1,4,0,137.0
10109777SILVAK_2025-07-25_G51,10109777SILVAK,2025-07-25,117820,1,17,0,1381.0
10109777SILVAK_2025-07-25_G52,10109777SILVAK,2025-07-25,117787,1,9,0,296.0
10109777SILVAK_2025-07-25_G53,10109777SILVAK,2025-07-25,109497,1,2,0,195.0
10109777SILVAK_2025-07-25_G54,10109777SILVAK,2025-07-25,117820,1,11,0,147.0
10109777SILVAK_2025-07-25_G55,10109777SILVAK,2025-07-25,110895,1,3,0,466.0
10109777SILVAK_2025-07-25_G56,10109777SILVAK,2025-07-25,110895,1,1,0,103.0
10109777SILVAK_2025-07-25_G57,10109777SILVAK,2025-07-25,110895,1,1,0,70.0
10109777SILVAK_2025-07-25_G58,10109777SILVAK,2025-07-25,"118094, 110895",2,2,17,146.0
10109777SILVAK_2025-07-25_G59,10109777SILVAK,2025-07-25,110373,2,10,8,194.0
10109777SILVAK_2025-07-25_G60,10109777SILVAK,2025-07-25,110895,1,9,0,220.0
10109777SILVAK_2025-07-25_G61,10109777SILVAK,2025-07-25,110895,1,4,0,381.0
10109777SILVAK_2025-07-25_G62,10109777SILVAK,2025-07-25,111330,1,1,0,333.0
10109777SILVAK_2025-07-25_G63,10109777SILVAK,2025-07-25,117862,1,4,0,184.0
10109777SILVAK_2025-07-25_G64,10109777SILVAK,2025-07-25,111469,1,2,0,257.0
10109777SILVAK_2025-07-25_G65,10109777SILVAK,2025-07-25,117809,1,2,0,132.0
10109777SILVAK_2025-07-25_G66,10109777SILVAK,2025-07-25,110373,1,4,0,70.0
10109777SILVAK_2025-07-25_G67,10109777SILVAK,2025-07-25,141202,1,4,0,139.0
10109777SILVAK_2025-07-25_G68,10109777SILVAK,2025-07-25,117808,1,6,0,32.0
10109777SILVAK_2025-07-25_G69,10109777SILVAK,2025-07-25,117830,1,2,0,114.0
10109777SILVAK_2025-07-25_G70,10109777SILVAK,2025-07-25,107830,1,2,0,95.0
10109777SILVAK_2025-07-25_G72,10109777SILVAK,2025-07-25,110374,1,5,0,82.0
10109777SILVAK_2025-07-25_G73,10109777SILVAK,2025-07-25,110895,1,2,0,144.0
10109777SILVAK_2025-07-25_G74,10109777SILVAK,2025-07-25,117808,1,12,0,77.0
10109777SILVAK_2025-07-25_G75,10109777SILVAK,2025-07-25,117830,1,4,0,191.0
10109777SILVAK_2025-07-25_G76,10109777SILVAK,2025-07-25,110371,1,6,0,74.0
10109777SILVAK_2025-07-25_G77,10109777SILVAK,2025-07-25,"110372, 117820",2,6,24,73.0
10109777SILVAK_2025-07-25_G78,10109777SILVAK,2025-07-25,117808,1,8,0,62.0
10109777SILVAK_2025-07-25_G79,10109777SILVAK,2025-07-25,"117832, 110373",2,4,12,160.0
10109777SILVAK_2025-07-25_G80,10109777SILVAK,2025-07-25,108711,1,4,0,886.0
10109777SILVAK_2025-07-25_G81,10109777SILVAK,2025-07-25,118140,1,2,0,80.0
10109777SILVAK_2025-07-26_G02,10109777SILVAK,2025-07-26,141047,1,10,0,135.0
10109777SILVAK_2025-07-26_G03,10109777SILVAK,2025-07-26,105705,1,12,0,143.0
10109777SILVAK_2025-07-26_G04,10109777SILVAK,2025-07-26,111466,1,20,0,364.0
10109777SILVAK_2025-07-26_G05,10109777SILVAK,2025-07-26,117821,1,16,0,103.0
10109777SILVAK_2025-07-26_G06,10109777SILVAK,2025-07-26,140922,1,20,0,55.0
10109777SILVAK_2025-07-26_G07,10109777SILVAK,2025-07-26,111469,1,12,0,259.0
10109777SILVAK_2025-07-26_G08,10109777SILVAK,2025-07-26,141202,1,7,0,168.0
10109777SILVAK_2025-07-26_G09,10109777SILVAK,2025-07-26,110373,1,50,0,818.0
10109777SILVAK_2025-07-26_G10,10109777SILVAK,2025-07-26,110372,1,50,0,597.0
10109777SILVAK_2025-07-26_G11,10109777SILVAK,2025-07-26,117808,1,170,0,595.0
10109777SILVAK_2025-07-26_G13,10109777SILVAK,2025-07-26,110374,1,50,0,357.0
10109777SILVAK_2025-07-26_G16,10109777SILVAK,2025-07-26,105705,1,4,0,75.0
10109777SILVAK_2025-07-26_G17,10109777SILVAK,2025-07-26,111182,1,4,0,162.0
10109777SILVAK_2025-07-26_G18,10109777SILVAK,2025-07-26,111469,1,8,0,123.0
10109777SILVAK_2025-07-26_G19,10109777SILVAK,2025-07-26,109643,1,6,0,120.0
10109777SILVAK_2025-07-26_G20,10109777SILVAK,2025-07-26,110740,1,4,0,116.0
10109777SILVAK_2025-07-26_G21,10109777SILVAK,2025-07-26,117820,1,2,0,55.0
10109777SILVAK_2025-07-26_G22,10109777SILVAK,2025-07-26,118299,1,8,0,79.0
10109777SILVAK_2025-07-26_G23,10109777SILVAK,2025-07-26,118299,1,12,0,271.0
10109777SILVAK_2025-07-26_G24,10109777SILVAK,2025-07-26,110742,1,1,0,460.0
10109777SILVAK_2025-07-26_G25,10109777SILVAK,2025-07-26,111441,1,4,0,80.0
10109777SILVAK_2025-07-26_G26,10109777SILVAK,2025-07-26,110339,1,4,0,88.0
10109777SILVAK_2025-07-26_G27,10109777SILVAK,2025-07-26,117853,1,1,0,127.0
10109777SILVAK_2025-07-26_G28,10109777SILVAK,2025-07-26,109647,1,4,0,68.0
10109777SILVAK_2025-07-26_G29,10109777SILVAK,2025-07-26,117855,1,4,0,78.0
10109777SILVAK_2025-07-26_G30,10109777SILVAK,2025-07-26,111602,1,20,0,71.0
10109777SILVAK_2025-07-26_G31,10109777SILVAK,2025-07-26,110515,1,8,0,105.0
10109777SILVAK_2025-07-26_G32,10109777SILVAK,2025-07-26,111530,1,4,0,606.0
10109777SILVAK_2025-07-26_G33,10109777SILVAK,2025-07-26,117856,1,4,0,155.0
10109777SILVAK_2025-07-26_G34,10109777SILVAK,2025-07-26,"108795, 105705",2,5,23,721.0
10109777SILVAK_2025-07-26_G35,10109777SILVAK,2025-07-26,111348,1,4,0,124.0
10109777SILVAK_2025-07-26_G36,10109777SILVAK,2025-07-26,108711,1,3,0,87.0
10109777SILVAK_2025-07-26_G37,10109777SILVAK,2025-07-26,110787,1,16,0,239.0
10109777SILVAK_2025-07-26_G38,10109777SILVAK,2025-07-26,140922,1,4,0,120.0
10109777SILVAK_2025-07-26_G39,10109777SILVAK,2025-07-26,117842,1,4,0,90.0
10109777SILVAK_2025-07-26_G40,10109777SILVAK,2025-07-26,"109641, 118140",2,11,29,68.0
10109777SILVAK_2025-07-26_G41,10109777SILVAK,2025-07-26,117787,1,2,0,109.0
10109777SILVAK_2025-07-26_G42,10109777SILVAK,2025-07-26,110740,1,2,0,38.0
10109777SILVAK_2025-07-26_G43,10109777SILVAK,2025-07-26,109643,1,6,0,176.0
10109777SILVAK_2025-07-26_G44,10109777SILVAK,2025-07-26,117832,1,4,0,45.0
10109777SILVAK_2025-07-26_G45,10109777SILVAK,2025-07-26,117809,1,4,0,61.0
10109777SILVAK_2025-07-26_G46,10109777SILVAK,2025-07-26,"110313, 111532",2,12,26,193.0
10109777SILVAK_2025-07-26_G47,10109777SILVAK,2025-07-26,"110895, 110515",2,16,26,36.0
10109777SILVAK_2025-07-26_G48,10109777SILVAK,2025-07-26,117820,1,10,0,818.0
10109777SILVAK_2025-07-26_G49,10109777SILVAK,2025-07-26,117856,1,12,0,783.0
10109777SILVAK_2025-07-28_G02,10109777SILVAK,2025-07-28,110339,1,3,0,229.0
10109777SILVAK_2025-07-28_G03,10109777SILVAK,2025-07-28,118094,1,4,0,109.0
10109777SILVAK_2025-07-28_G04,10109777SILVAK,2025-07-28,111467,1,12,0,208.0
10109777SILVAK_2025-07-28_G05,10109777SILVAK,2025-07-28,111879,1,4,0,74.0
10109777SILVAK_2025-07-28_G06,10109777SILVAK,2025-07-28,111530,1,40,0,183.0
10109777SILVAK_2025-07-28_G07,10109777SILVAK,2025-07-28,110787,1,8,0,603.0
10109777SILVAK_2025-07-28_G08,10109777SILVAK,2025-07-28,117831,1,4,0,85.0
10109777SILVAK_2025-07-28_G09,10109777SILVAK,2025-07-28,111532,1,3,0,40.0
10109777SILVAK_2025-07-28_G10,10109777SILVAK,2025-07-28,118317,1,2,0,140.0
10109777SILVAK_2025-07-28_G11,10109777SILVAK,2025-07-28,110325,1,4,0,215.0
10109777SILVAK_2025-07-28_G12,10109777SILVAK,2025-07-28,117830,1,13,0,205.0
10109777SILVAK_2025-07-28_G14,10109777SILVAK,2025-07-28,110373,1,4,0,122.0
10109777SILVAK_2025-07-28_G15,10109777SILVAK,2025-07-28,117830,1,27,0,35.0
10109777SILVAK_2025-07-28_G16,10109777SILVAK,2025-07-28,110733,1,3,0,2059.0
10109777SILVAK_2025-07-28_G17,10109777SILVAK,2025-07-28,111418,1,6,0,159.0
10109777SILVAK_2025-07-28_G18,10109777SILVAK,2025-07-28,117830,1,9,0,144.0
10109777SILVAK_2025-07-28_G19,10109777SILVAK,2025-07-28,110373,2,23,23,289.0
10109777SILVAK_2025-07-28_G20,10109777SILVAK,2025-07-28,117830,1,6,0,268.0
10109777SILVAK_2025-07-28_G21,10109777SILVAK,2025-07-28,160051,1,4,0,153.0
10109777SILVAK_2025-07-28_G22,10109777SILVAK,2025-07-28,111660,1,4,0,433.0
10109777SILVAK_2025-07-28_G23,10109777SILVAK,2025-07-28,110515,1,5,0,116.0
10109777SILVAK_2025-07-28_G24,10109777SILVAK,2025-07-28,110787,1,5,0,205.0
10109777SILVAK_2025-07-28_G25,10109777SILVAK,2025-07-28,141202,1,6,0,540.0
10109777SILVAK_2025-07-28_G26,10109777SILVAK,2025-07-28,110373,1,40,0,97.0
10109777SILVAK_2025-07-28_G27,10109777SILVAK,2025-07-28,110787,1,10,0,974.0
10109777SILVAK_2025-07-28_G28,10109777SILVAK,2025-07-28,117833,2,8,6,48.0
10109777SILVAK_2025-07-28_G29,10109777SILVAK,2025-07-28,109645,1,4,0,180.0
10109777SILVAK_2025-07-28_G30,10109777SILVAK,2025-07-28,107830,1,2,0,175.0
10109777SILVAK_2025-07-28_G31,10109777SILVAK,2025-07-28,110895,1,8,0,214.0
10109777SILVAK_2025-07-28_G32,10109777SILVAK,2025-07-28,110787,2,22,7,113.0
10109777SILVAK_2025-07-28_G33,10109777SILVAK,2025-07-28,141456,1,160,0,941.0
10109777SILVAK_2025-07-28_G35,10109777SILVAK,2025-07-28,110787,1,10,0,328.0
10109777SILVAK_2025-07-28_G36,10109777SILVAK,2025-07-28,141286,1,4,0,264.0
10109777SILVAK_2025-07-28_G37,10109777SILVAK,2025-07-28,111418,1,8,0,227.0
10109777SILVAK_2025-07-28_G38,10109777SILVAK,2025-07-28,110787,1,3,0,122.0
10109777SILVAK_2025-07-28_G39,10109777SILVAK,2025-07-28,111466,1,8,0,40.0
10109777SILVAK_2025-07-28_G40,10109777SILVAK,2025-07-28,117831,1,8,0,97.0
10109777SILVAK_2025-07-28_G41,10109777SILVAK,2025-07-28,111469,1,6,0,206.0
10109777SILVAK_2025-07-28_G42,10109777SILVAK,2025-07-28,118299,1,6,0,94.0
10109777SILVAK_2025-07-28_G43,10109777SILVAK,2025-07-28,107830,1,4,0,101.0
10109777SILVAK_2025-07-28_G44,10109777SILVAK,2025-07-28,110373,1,8,0,48.0
10109777SILVAK_2025-07-28_G45,10109777SILVAK,2025-07-28,111462,1,8,0,210.0
10109777SILVAK_2025-07-28_G46,10109777SILVAK,2025-07-28,110374,1,8,0,127.0
10109777SILVAK_2025-07-28_G47,10109777SILVAK,2025-07-28,108794,1,4,0,65.0
10109777SILVAK_2025-07-28_G48,10109777SILVAK,2025-07-28,117820,1,8,0,36.0
10109777SILVAK_2025-07-28_G49,10109777SILVAK,2025-07-28,110372,1,6,0,61.0
10109777SILVAK_2025-07-28_G50,10109777SILVAK,2025-07-28,141456,1,8,0,431.0
10109777SILVAK_2025-07-28_G51,10109777SILVAK,2025-07-28,110787,1,14,0,56.0
10109777SILVAK_2025-07-28_G52,10109777SILVAK,2025-07-28,111330,1,4,0,231.0
10109777SILVAK_2025-07-28_G53,10109777SILVAK,2025-07-28,141456,1,12,0,437.0
10109777SILVAK_2025-07-28_G54,10109777SILVAK,2025-07-28,110787,1,13,0,78.0
10109777SILVAK_2025-07-28_G55,10109777SILVAK,2025-07-28,109640,2,70,15,556.0
10109777SILVAK_2025-07-28_G56,10109777SILVAK,2025-07-28,111430,1,111,0,1239.0
10109777SILVAK_2025-07-28_G57,10109777SILVAK,2025-07-28,111441,1,100,0,584.0
10109777SILVAK_2025-07-28_G58,10109777SILVAK,2025-07-28,110534,1,8,0,543.0
10109777SILVAK_2025-07-28_G59,10109777SILVAK,2025-07-28,110464,1,16,0,697.0
10109777SILVAK_2025-07-29_G02,10109777SILVAK,2025-07-29,141456,1,60,0,785.0
10109777SILVAK_2025-07-29_G03,10109777SILVAK,2025-07-29,141457,1,12,0,397.0
10109777SILVAK_2025-07-29_G04,10109777SILVAK,2025-07-29,141457,1,12,0,31.0
10109777SILVAK_2025-07-29_G05,10109777SILVAK,2025-07-29,141458,1,20,0,149.0
10109777SILVAK_2025-07-29_G06,10109777SILVAK,2025-07-29,141458,1,12,0,149.0
10109777SILVAK_2025-07-29_G07,10109777SILVAK,2025-07-29,141456,2,24,14,145.0
10109777SILVAK_2025-07-29_G08,10109777SILVAK,2025-07-29,141456,1,40,0,2236.0
10109777SILVAK_2025-07-29_G09,10109777SILVAK,2025-07-29,141457,1,20,0,317.0
10109777SILVAK_2025-07-29_G10,10109777SILVAK,2025-07-29,141458,2,80,15,514.0
10109777SILVAK_2025-07-29_G11,10109777SILVAK,2025-07-29,141456,1,20,0,440.0
10109777SILVAK_2025-07-29_G12,10109777SILVAK,2025-07-29,141456,1,32,0,353.0
10109777SILVAK_2025-07-29_G13,10109777SILVAK,2025-07-29,141457,1,20,0,86.0
10109777SILVAK_2025-07-29_G14,10109777SILVAK,2025-07-29,141458,1,80,0,547.0
10109777SILVAK_2025-07-29_G15,10109777SILVAK,2025-07-29,141457,1,32,0,111.0
10109777SILVAK_2025-07-29_G16,10109777SILVAK,2025-07-29,109640,1,2,0,114.0
10109777SILVAK_2025-07-29_G17,10109777SILVAK,2025-07-29,141457,1,6,0,1140.0
10109777SILVAK_2025-07-29_G18,10109777SILVAK,2025-07-29,141458,1,6,0,48.0
10109777SILVAK_2025-07-29_G19,10109777SILVAK,2025-07-29,109640,1,2,0,100.0
10109777SILVAK_2025-07-29_G20,10109777SILVAK,2025-07-29,118094,1,6,0,213.0
10109777SILVAK_2025-07-29_G21,10109777SILVAK,2025-07-29,141456,1,12,0,58.0
10109777SILVAK_2025-07-29_G22,10109777SILVAK,2025-07-29,117833,1,12,0,163.0
10109777SILVAK_2025-07-29_G23,10109777SILVAK,2025-07-29,111442,1,2,0,163.0
10109777SILVAK_2025-07-29_G24,10109777SILVAK,2025-07-29,141457,1,12,0,307.0
10109777SILVAK_2025-07-29_G25,10109777SILVAK,2025-07-29,109640,1,10,0,353.0
10109777SILVAK_2025-07-29_G26,10109777SILVAK,2025-07-29,110752,1,4,0,323.0
10109777SILVAK_2025-07-29_G27,10109777SILVAK,2025-07-29,111569,1,2,0,86.0
10109777SILVAK_2025-07-29_G28,10109777SILVAK,2025-07-29,111441,1,2,0,192.0
10109777SILVAK_2025-07-29_G29,10109777SILVAK,2025-07-29,109640,1,3,0,71.0
10109777SILVAK_2025-07-29_G30,10109777SILVAK,2025-07-29,141457,1,8,0,36.0
10109777SILVAK_2025-07-29_G31,10109777SILVAK,2025-07-29,111468,1,100,0,1183.0
10109777SILVAK_2025-07-29_G32,10109777SILVAK,2025-07-29,110787,1,100,0,487.0
10109777SILVAK_2025-07-29_G33,10109777SILVAK,2025-07-29,110711,2,30,8,2471.0
10109777SILVAK_2025-07-29_G34,10109777SILVAK,2025-07-29,141458,1,106,0,972.0
10109777SILVAK_2025-07-29_G35,10109777SILVAK,2025-07-29,141457,1,200,0,780.0
10109777SILVAK_2025-07-29_G36,10109777SILVAK,2025-07-29,110787,2,9,12,482.0
10109777SILVAK_2025-07-29_G37,10109777SILVAK,2025-07-29,118306,1,4,0,265.0
10109777SILVAK_2025-07-29_G38,10109777SILVAK,2025-07-29,105705,1,4,0,77.0
10109777SILVAK_2025-07-29_G39,10109777SILVAK,2025-07-29,117821,1,4,0,127.0
10109777SILVAK_2025-07-29_G40,10109777SILVAK,2025-07-29,111532,1,8,0,138.0
10109777SILVAK_2025-07-29_G41,10109777SILVAK,2025-07-29,118299,1,4,0,98.0
10109777SILVAK_2025-07-29_G42,10109777SILVAK,2025-07-29,141456,1,300,0,972.0
10109777SILVAK_2025-07-29_G43,10109777SILVAK,2025-07-29,117856,1,30,0,474.0
10109777SILVAK_2025-07-29_G44,10109777SILVAK,2025-07-29,110787,1,11,0,482.0
10109777SILVAK_2025-07-29_G45,10109777SILVAK,2025-07-29,111634,1,200,0,631.0
10109777SILVAK_2025-07-29_G47,10109777SILVAK,2025-07-29,111441,1,4,0,62.0
10109777SILVAK_2025-07-29_G48,10109777SILVAK,2025-07-29,110895,1,3,0,169.0
10109777SILVAK_2025-07-29_G49,10109777SILVAK,2025-07-29,108759,1,4,0,232.0
10109777SILVAK_2025-07-29_G50,10109777SILVAK,2025-07-29,107629,1,8,0,87.0
10109777SILVAK_2025-07-29_G51,10109777SILVAK,2025-07-29,118094,1,2,0,126.0
10109777SILVAK_2025-07-29_G52,10109777SILVAK,2025-07-29,111602,1,6,0,142.0
10109777SILVAK_2025-07-29_G53,10109777SILVAK,2025-07-29,110515,1,5,0,129.0
10109777SILVAK_2025-07-29_G54,10109777SILVAK,2025-07-29,105705,1,4,0,286.0
10109777SILVAK_2025-07-29_G55,10109777SILVAK,2025-07-29,141456,1,12,0,106.0
10109777SILVAK_2025-07-30_G02,10109777SILVAK,2025-07-30,118229,1,2,0,344.0
10109777SILVAK_2025-07-30_G03,10109777SILVAK,2025-07-30,110582,1,4,0,242.0
10109777SILVAK_2025-07-30_G04,10109777SILVAK,2025-07-30,110742,1,12,0,759.0
10109777SILVAK_2025-07-30_G05,10109777SILVAK,2025-07-30,100334,1,3,0,204.0
10109777SILVAK_2025-07-30_G06,10109777SILVAK,2025-07-30,118250,1,4,0,101.0
10109777SILVAK_2025-07-30_G07,10109777SILVAK,2025-07-30,111441,1,12,0,294.0
10109777SILVAK_2025-07-30_G08,10109777SILVAK,2025-07-30,111469,1,30,0,722.0
10109777SILVAK_2025-07-30_G09,10109777SILVAK,2025-07-30,109645,1,8,0,138.0
10109777SILVAK_2025-07-30_G10,10109777SILVAK,2025-07-30,118223,1,4,0,72.0
10109777SILVAK_2025-07-30_G11,10109777SILVAK,2025-07-30,117785,1,12,0,274.0
10109777SILVAK_2025-07-30_G12,10109777SILVAK,2025-07-30,111442,1,4,0,41.0
10109777SILVAK_2025-07-30_G13,10109777SILVAK,2025-07-30,118306,1,10,0,322.0
10109777SILVAK_2025-07-30_G14,10109777SILVAK,2025-07-30,117856,1,10,0,406.0
10109777SILVAK_2025-07-30_G15,10109777SILVAK,2025-07-30,117855,1,2,0,278.0
10109777SILVAK_2025-07-30_G16,10109777SILVAK,2025-07-30,117785,1,20,0,477.0
10109777SILVAK_2025-07-30_G17,10109777SILVAK,2025-07-30,141457,1,12,0,152.0
10109777SILVAK_2025-07-30_G18,10109777SILVAK,2025-07-30,117855,2,8,7,165.0
10109777SILVAK_2025-07-30_G19,10109777SILVAK,2025-07-30,160055,1,2,0,175.0
10109777SILVAK_2025-07-30_G20,10109777SILVAK,2025-07-30,108798,1,3,0,116.0
10109777SILVAK_2025-07-30_G21,10109777SILVAK,2025-07-30,117785,1,10,0,186.0
10109777SILVAK_2025-07-30_G22,10109777SILVAK,2025-07-30,117841,1,4,0,226.0
10109777SILVAK_2025-07-30_G23,10109777SILVAK,2025-07-30,118222,1,6,0,2288.0
10109777SILVAK_2025-07-30_G24,10109777SILVAK,2025-07-30,110895,2,23,15,316.0
10109777SILVAK_2025-07-30_G25,10109777SILVAK,2025-07-30,"110339, 117786",2,30,20,1516.0
10109777SILVAK_2025-07-30_G26,10109777SILVAK,2025-07-30,140957,1,4,0,398.0
10109777SILVAK_2025-07-30_G27,10109777SILVAK,2025-07-30,117862,1,10,0,182.0
10109777SILVAK_2025-07-30_G28,10109777SILVAK,2025-07-30,111467,2,10,6,148.0
10109777SILVAK_2025-07-30_G29,10109777SILVAK,2025-07-30,111602,1,10,0,220.0
10109777SILVAK_2025-07-30_G30,10109777SILVAK,2025-07-30,109640,2,27,8,411.0
10109777SILVAK_2025-07-30_G31,10109777SILVAK,2025-07-30,110515,1,10,0,218.0
10109777SILVAK_2025-07-30_G32,10109777SILVAK,2025-07-30,110733,1,10,0,184.0
10109777SILVAK_2025-07-30_G33,10109777SILVAK,2025-07-30,111743,1,20,0,330.0
10109777SILVAK_2025-07-30_G34,10109777SILVAK,2025-07-30,111172,1,10,0,453.0
10109777SILVAK_2025-07-30_G35,10109777SILVAK,2025-07-30,111466,2,40,12,123.0
10109777SILVAK_2025-07-30_G36,10109777SILVAK,2025-07-30,108711,1,10,0,864.0
10109777SILVAK_2025-07-30_G37,10109777SILVAK,2025-07-30,110787,3,20,17,35.0
10109777SILVAK_2025-07-30_G38,10109777SILVAK,2025-07-30,117821,1,10,0,240.0
10109777SILVAK_2025-07-30_G39,10109777SILVAK,2025-07-30,117833,1,20,0,131.0
10109777SILVAK_2025-07-30_G40,10109777SILVAK,2025-07-30,117831,1,40,0,117.0
10109777SILVAK_2025-07-30_G41,10109777SILVAK,2025-07-30,111532,1,20,0,244.0
10109777SILVAK_2025-07-30_G42,10109777SILVAK,2025-07-30,111469,1,20,0,436.0
10109777SILVAK_2025-07-30_G43,10109777SILVAK,2025-07-30,111462,1,10,0,192.0
10109777SILVAK_2025-07-30_G44,10109777SILVAK,2025-07-30,117787,1,10,0,450.0
10109777SILVAK_2025-07-30_G45,10109777SILVAK,2025-07-30,117785,1,30,0,243.0
10109777SILVAK_2025-07-30_G46,10109777SILVAK,2025-07-30,108794,1,20,0,73.0
10109777SILVAK_2025-07-30_G47,10109777SILVAK,2025-07-30,141823,1,10,0,179.0
10109777SILVAK_2025-07-30_G48,10109777SILVAK,2025-07-30,111465,1,10,0,106.0
10109777SILVAK_2025-07-30_G49,10109777SILVAK,2025-07-30,141456,1,200,0,843.0
10109777SILVAK_2025-07-30_G50,10109777SILVAK,2025-07-30,141457,1,200,0,651.0
10109777SILVAK_2025-07-30_G51,10109777SILVAK,2025-07-30,141458,2,80,5,99.0
10109777SILVAK_2025-07-30_G53,10109777SILVAK,2025-07-30,108795,1,4,0,287.0
10109777SILVAK_2025-07-30_G54,10109777SILVAK,2025-07-30,111466,1,11,0,169.0
10109777SILVAK_2025-07-30_G55,10109777SILVAK,2025-07-30,110787,1,6,0,151.0
10109777SILVAK_2025-07-30_G56,10109777SILVAK,2025-07-30,117831,1,4,0,150.0
10109777SILVAK_2025-07-30_G57,10109777SILVAK,2025-07-30,111469,1,2,0,62.0
10109777SILVAK_2025-07-30_G58,10109777SILVAK,2025-07-30,111462,1,2,0,143.0
10109777SILVAK_2025-07-30_G59,10109777SILVAK,2025-07-30,107236,1,2,0,95.0
10109777SILVAK_2025-07-30_G60,10109777SILVAK,2025-07-30,"117785, 108794",2,24,19,161.0
10109777SILVAK_2025-07-30_G61,10109777SILVAK,2025-07-30,141823,1,8,0,136.0
10109777SILVAK_2025-07-30_G62,10109777SILVAK,2025-07-30,111468,1,6,0,31.0
10109777SILVAK_2025-07-30_G63,10109777SILVAK,2025-07-30,118290,1,4,0,882.0
10109777SILVAK_2025-07-30_G64,10109777SILVAK,2025-07-30,110895,2,8,5,63.0
10109777SILVAK_2025-07-30_G65,10109777SILVAK,2025-07-30,111530,1,8,0,310.0
10109777SILVAK_2025-07-30_G66,10109777SILVAK,2025-07-30,117855,1,8,0,177.0
10109777SILVAK_2025-07-30_G67,10109777SILVAK,2025-07-30,109640,2,15,26,195.0
10109777SILVAK_2025-07-30_G68,10109777SILVAK,2025-07-30,117820,1,50,0,314.0
10109777SILVAK_2025-07-30_G69,10109777SILVAK,2025-07-30,117820,1,70,0,627.0
10109777SILVAK_2025-07-31_G02,10109777SILVAK,2025-07-31,141456,1,60,0,653.0
10109777SILVAK_2025-07-31_G03,10109777SILVAK,2025-07-31,141457,1,32,0,866.0
10109777SILVAK_2025-07-31_G04,10109777SILVAK,2025-07-31,118229,1,2,0,424.0
10109777SILVAK_2025-07-31_G05,10109777SILVAK,2025-07-31,109640,2,24,10,275.0
10109777SILVAK_2025-07-31_G06,10109777SILVAK,2025-07-31,110787,1,13,0,1426.0
10109777SILVAK_2025-07-31_G07,10109777SILVAK,2025-07-31,110373,1,24,0,72.0
10109777SILVAK_2025-07-31_G08,10109777SILVAK,2025-07-31,141456,1,20,0,537.0
10109777SILVAK_2025-07-31_G09,10109777SILVAK,2025-07-31,141457,1,12,0,433.0
10109777SILVAK_2025-07-31_G10,10109777SILVAK,2025-07-31,109640,2,5,7,164.0
10109777SILVAK_2025-07-31_G11,10109777SILVAK,2025-07-31,141457,1,56,0,377.0
10109777SILVAK_2025-07-31_G12,10109777SILVAK,2025-07-31,141456,1,56,0,662.0
10109777SILVAK_2025-07-31_G13,10109777SILVAK,2025-07-31,141457,1,12,0,479.0
10109777SILVAK_2025-07-31_G14,10109777SILVAK,2025-07-31,141457,1,48,0,64.0
10109777SILVAK_2025-07-31_G15,10109777SILVAK,2025-07-31,141457,1,100,0,705.0
10109777SILVAK_2025-07-31_G16,10109777SILVAK,2025-07-31,141456,1,120,0,364.0
10109777SILVAK_2025-07-31_G17,10109777SILVAK,2025-07-31,141456,2,20,7,267.0
10109777SILVAK_2025-07-31_G18,10109777SILVAK,2025-07-31,141457,1,20,0,237.0
10109777SILVAK_2025-07-31_G19,10109777SILVAK,2025-07-31,110339,1,8,0,3095.0
10109777SILVAK_2025-07-31_G20,10109777SILVAK,2025-07-31,111530,1,20,0,342.0
10109777SILVAK_2025-07-31_G21,10109777SILVAK,2025-07-31,117853,1,4,0,89.0
10109777SILVAK_2025-07-31_G22,10109777SILVAK,2025-07-31,117821,1,3,0,130.0
10109777SILVAK_2025-07-31_G23,10109777SILVAK,2025-07-31,141456,1,16,0,329.0
10109777SILVAK_2025-07-31_G24,10109777SILVAK,2025-07-31,110745,1,4,0,215.0
10109777SILVAK_2025-07-31_G25,10109777SILVAK,2025-07-31,118317,1,12,0,198.0
10109777SILVAK_2025-07-31_G26,10109777SILVAK,2025-07-31,"141458, 141457",2,24,20,422.0
10109777SILVAK_2025-07-31_G27,10109777SILVAK,2025-07-31,110373,1,10,0,152.0
10109777SILVAK_2025-07-31_G28,10109777SILVAK,2025-07-31,111530,1,1,0,472.0
10109777SILVAK_2025-07-31_G29,10109777SILVAK,2025-07-31,109640,1,2,0,154.0
10109777SILVAK_2025-07-31_G30,10109777SILVAK,2025-07-31,160055,1,2,0,398.0
10109777SILVAK_2025-07-31_G31,10109777SILVAK,2025-07-31,117830,1,1,0,305.0
10109777SILVAK_2025-07-31_G32,10109777SILVAK,2025-07-31,"110325, 117808",2,8,6,95.0
10109777SILVAK_2025-07-31_G33,10109777SILVAK,2025-07-31,110895,1,4,0,506.0
10109777SILVAK_2025-07-31_G34,10109777SILVAK,2025-07-31,110895,1,1,0,453.0
10109777SILVAK_2025-07-31_G36,10109777SILVAK,2025-07-31,111655,1,4,0,322.0
10109777SILVAK_2025-07-31_G37,10109777SILVAK,2025-07-31,100334,1,4,0,80.0
10109777SILVAK_2025-07-31_G38,10109777SILVAK,2025-07-31,108759,1,4,0,79.0
10109777SILVAK_2025-07-31_G39,10109777SILVAK,2025-07-31,111441,1,4,0,114.0
10109777SILVAK_2025-07-31_G40,10109777SILVAK,2025-07-31,160057,1,3,0,118.0
10109777SILVAK_2025-07-31_G41,10109777SILVAK,2025-07-31,111435,1,2,0,1204.0
10109777SILVAK_2025-07-31_G42,10109777SILVAK,2025-07-31,105705,1,4,0,73.0
10109777SILVAK_2025-07-31_G43,10109777SILVAK,2025-07-31,111348,1,4,0,104.0
10109777SILVAK_2025-07-31_G44,10109777SILVAK,2025-07-31,111443,1,4,0,66.0
10109777SILVAK_2025-07-31_G45,10109777SILVAK,2025-07-31,108711,1,10,0,105.0
10109777SILVAK_2025-07-31_G46,10109777SILVAK,2025-07-31,"160055, 117821",2,9,29,119.0
10109777SILVAK_2025-07-31_G47,10109777SILVAK,2025-07-31,140922,1,4,0,139.0
10109777SILVAK_2025-07-31_G48,10109777SILVAK,2025-07-31,111431,1,1,0,68.0
10109777SILVAK_2025-07-31_G49,10109777SILVAK,2025-07-31,118140,1,10,0,216.0
10109777SILVAK_2025-07-31_G50,10109777SILVAK,2025-07-31,116241,1,2,0,105.0
10109777SILVAK_2025-07-31_G51,10109777SILVAK,2025-07-31,107236,1,8,0,143.0
10109777SILVAK_2025-07-31_G52,10109777SILVAK,2025-07-31,117785,1,10,0,178.0
10109777SILVAK_2025-07-31_G53,10109777SILVAK,2025-07-31,108794,1,4,0,175.0
10109777SILVAK_2025-07-31_G54,10109777SILVAK,2025-07-31,141823,1,30,0,89.0
10109777SILVAK_2025-07-31_G55,10109777SILVAK,2025-07-31,111466,1,12,0,126.0
10109777SILVAK_2025-07-31_G56,10109777SILVAK,2025-07-31,110740,1,2,0,324.0
10109777SILVAK_2025-07-31_G57,10109777SILVAK,2025-07-31,111465,1,8,0,33.0
10109777SILVAK_2025-07-31_G58,10109777SILVAK,2025-07-31,118290,1,4,0,1208.0
10109777SILVAK_2025-07-31_G59,10109777SILVAK,2025-07-31,110895,1,11,0,185.0
10109777SILVAK_2025-07-31_G60,10109777SILVAK,2025-07-31,110579,1,1,0,263.0
10109777SILVAK_2025-07-31_G61,10109777SILVAK,2025-07-31,118094,1,1,0,179.0
10109777SILVAK_2025-07-31_G62,10109777SILVAK,2025-07-31,109640,1,4,0,51.0
10109777SILVAK_2025-07-31_G63,10109777SILVAK,2025-07-31,109640,3,37,20,51.0
10109777SILVAK_2025-07-31_G64,10109777SILVAK,2025-07-31,110515,1,1,0,82.0
10109777SILVAK_2025-07-31_G65,10109777SILVAK,2025-07-31,110733,5,21,52,150.0
10109777SILVAK_2025-07-31_G66,10109777SILVAK,2025-07-31,111851,1,2,0,881.0
10109777SILVAK_2025-08-04_G02,10109777SILVAK,2025-08-04,117855,1,308,0,2961.0
10109777SILVAK_2025-08-06_G02,10109777SILVAK,2025-08-06,111602,1,160,0,38.0
10109777SILVAK_2025-08-06_G03,10109777SILVAK,2025-08-06,111530,1,109,0,547.0
10109777SILVAK_2025-08-06_G04,10109777SILVAK,2025-08-06,111348,1,60,0,911.0
10109777SILVAK_2025-08-06_G05,10109777SILVAK,2025-08-06,111443,1,80,0,419.0
10109777SILVAK_2025-08-06_G06,10109777SILVAK,2025-08-06,117787,1,160,0,477.0
10109777SILVAK_2025-08-06_G07,10109777SILVAK,2025-08-06,111469,1,96,0,519.0
10109777SILVAK_2025-08-06_G08,10109777SILVAK,2025-08-06,109645,1,84,0,532.0
10109777SILVAK_2025-08-06_G09,10109777SILVAK,2025-08-06,108794,1,101,0,161.0
10109777SILVAK_2025-08-06_G11,10109777SILVAK,2025-08-06,141457,1,140,0,618.0
10109777SILVAK_2025-08-06_G12,10109777SILVAK,2025-08-06,117832,1,300,0,884.0
10109777SILVAK_2025-08-06_G13,10109777SILVAK,2025-08-06,111569,1,20,0,2050.0
10109777SILVAK_2025-08-06_G14,10109777SILVAK,2025-08-06,"114091, 109643, 110374",3,21,10,959.0
10109777SILVAK_2025-08-06_G15,10109777SILVAK,2025-08-06,117785,1,20,0,242.0
10109777SILVAK_2025-08-06_G16,10109777SILVAK,2025-08-06,111469,1,32,0,2325.0
10109777SILVAK_2025-08-06_G18,10109777SILVAK,2025-08-06,117855,1,1,0,1012.0
10109777SILVAK_2025-08-06_G19,10109777SILVAK,2025-08-06,110339,1,6,0,71.0
10109777SILVAK_2025-08-06_G20,10109777SILVAK,2025-08-06,110733,1,4,0,101.0
10109777SILVAK_2025-08-06_G21,10109777SILVAK,2025-08-06,111467,1,2,0,40.0
10109777SILVAK_2025-08-06_G22,10109777SILVAK,2025-08-06,110711,1,1,0,55.0
10109777SILVAK_2025-08-06_G23,10109777SILVAK,2025-08-06,111462,1,11,0,384.0
10109777SILVAK_2025-08-06_G24,10109777SILVAK,2025-08-06,111463,1,6,0,214.0
10109777SILVAK_2025-08-06_G25,10109777SILVAK,2025-08-06,111757,1,46,0,287.0
10109777SILVAK_2025-08-06_G26,10109777SILVAK,2025-08-06,111466,1,56,0,892.0
10109777SILVAK_2025-08-06_G27,10109777SILVAK,2025-08-06,111418,1,295,0,712.0
10109777SILVAK_2025-08-06_G28,10109777SILVAK,2025-08-06,111738,1,190,0,838.0
10109777SILVAK_2025-08-07_G02,10109777SILVAK,2025-08-07,118250,1,4,0,82.0
10109777SILVAK_2025-08-07_G03,10109777SILVAK,2025-08-07,117855,1,4,0,227.0
10109777SILVAK_2025-08-07_G04,10109777SILVAK,2025-08-07,110339,1,4,0,32.0
10109777SILVAK_2025-08-07_G05,10109777SILVAK,2025-08-07,111602,1,20,0,75.0
10109777SILVAK_2025-08-07_G06,10109777SILVAK,2025-08-07,117862,1,8,0,315.0
10109777SILVAK_2025-08-07_G07,10109777SILVAK,2025-08-07,111532,1,8,0,268.0
10109777SILVAK_2025-08-07_G08,10109777SILVAK,2025-08-07,117821,1,10,0,577.0
10109777SILVAK_2025-08-07_G09,10109777SILVAK,2025-08-07,108711,1,4,0,187.0
10109777SILVAK_2025-08-07_G10,10109777SILVAK,2025-08-07,117831,1,4,0,134.0
10109777SILVAK_2025-08-07_G11,10109777SILVAK,2025-08-07,140922,1,8,0,76.0
10109777SILVAK_2025-08-07_G12,10109777SILVAK,2025-08-07,117785,1,20,0,215.0
10109777SILVAK_2025-08-07_G13,10109777SILVAK,2025-08-07,118317,1,4,0,127.0
10109777SILVAK_2025-08-07_G14,10109777SILVAK,2025-08-07,141823,1,4,0,127.0
10109777SILVAK_2025-08-07_G15,10109777SILVAK,2025-08-07,"109643, 117832",2,14,10,163.0
10109777SILVAK_2025-08-07_G16,10109777SILVAK,2025-08-07,110374,1,10,0,218.0
10109777SILVAK_2025-08-07_G17,10109777SILVAK,2025-08-07,141202,1,4,0,52.0
10109777SILVAK_2025-08-07_G18,10109777SILVAK,2025-08-07,111743,1,20,0,1335.0
10109777SILVAK_2025-08-07_G19,10109777SILVAK,2025-08-07,110423,1,4,0,816.0
10109777SILVAK_2025-08-07_G20,10109777SILVAK,2025-08-07,"110582, 111569",2,8,10,1046.0
10109777SILVAK_2025-08-07_G21,10109777SILVAK,2025-08-07,118253,1,4,0,141.0
10109777SILVAK_2025-08-07_G22,10109777SILVAK,2025-08-07,111793,1,8,0,190.0
10109777SILVAK_2025-08-07_G23,10109777SILVAK,2025-08-07,117855,1,4,0,100.0
10109777SILVAK_2025-08-07_G24,10109777SILVAK,2025-08-07,110339,1,4,0,174.0
10109777SILVAK_2025-08-07_G25,10109777SILVAK,2025-08-07,117862,1,8,0,604.0
10109777SILVAK_2025-08-07_G26,10109777SILVAK,2025-08-07,110515,1,10,0,299.0
10109777SILVAK_2025-08-07_G27,10109777SILVAK,2025-08-07,111532,1,8,0,1103.0
10109777SILVAK_2025-08-07_G28,10109777SILVAK,2025-08-07,117821,1,10,0,227.0
10109777SILVAK_2025-08-07_G29,10109777SILVAK,2025-08-07,108711,1,4,0,101.0
10109777SILVAK_2025-08-07_G30,10109777SILVAK,2025-08-07,111348,1,4,0,60.0
10109777SILVAK_2025-08-07_G31,10109777SILVAK,2025-08-07,117831,1,4,0,185.0
10109777SILVAK_2025-08-07_G32,10109777SILVAK,2025-08-07,118317,1,4,0,98.0
10109777SILVAK_2025-08-07_G33,10109777SILVAK,2025-08-07,111442,1,4,0,103.0
10109777SILVAK_2025-08-07_G34,10109777SILVAK,2025-08-07,141823,1,4,0,191.0
10109777SILVAK_2025-08-07_G35,10109777SILVAK,2025-08-07,110332,1,4,0,152.0
10109777SILVAK_2025-08-07_G36,10109777SILVAK,2025-08-07,140922,1,8,0,152.0
10109777SILVAK_2025-08-07_G37,10109777SILVAK,2025-08-07,109643,1,4,0,33.0
10109777SILVAK_2025-08-07_G38,10109777SILVAK,2025-08-07,117832,1,10,0,296.0
10109777SILVAK_2025-08-07_G39,10109777SILVAK,2025-08-07,110374,1,10,0,67.0
10109777SILVAK_2025-08-07_G40,10109777SILVAK,2025-08-07,141202,1,4,0,249.0
10109777SILVAK_2025-08-07_G41,10109777SILVAK,2025-08-07,110582,1,4,0,935.0
10109777SILVAK_2025-08-07_G42,10109777SILVAK,2025-08-07,107892,1,4,0,152.0
10109777SILVAK_2025-08-07_G43,10109777SILVAK,2025-08-07,141035,1,10,0,288.0
10109777SILVAK_2025-08-07_G44,10109777SILVAK,2025-08-07,117855,1,4,0,56.0
10109777SILVAK_2025-08-07_G45,10109777SILVAK,2025-08-07,110339,1,4,0,83.0
10109777SILVAK_2025-08-07_G46,10109777SILVAK,2025-08-07,117862,1,8,0,141.0
10109777SILVAK_2025-08-07_G47,10109777SILVAK,2025-08-07,111467,1,12,0,132.0
10109777SILVAK_2025-08-07_G48,10109777SILVAK,2025-08-07,110515,1,10,0,388.0
10109777SILVAK_2025-08-07_G49,10109777SILVAK,2025-08-07,111532,1,8,0,331.0
10109777SILVAK_2025-08-07_G50,10109777SILVAK,2025-08-07,117821,1,10,0,142.0
10109777SILVAK_2025-08-07_G51,10109777SILVAK,2025-08-07,108711,1,4,0,241.0
10109777SILVAK_2025-08-07_G52,10109777SILVAK,2025-08-07,111348,1,4,0,46.0
10109777SILVAK_2025-08-07_G53,10109777SILVAK,2025-08-07,117831,1,4,0,85.0
10109777SILVAK_2025-08-07_G54,10109777SILVAK,2025-08-07,140922,1,8,0,98.0
10109777SILVAK_2025-08-07_G55,10109777SILVAK,2025-08-07,108798,1,2,0,126.0
10109777SILVAK_2025-08-07_G56,10109777SILVAK,2025-08-07,109645,1,20,0,239.0
10109777SILVAK_2025-08-07_G57,10109777SILVAK,2025-08-07,117785,1,20,0,260.0
10109777SILVAK_2025-08-07_G58,10109777SILVAK,2025-08-07,"118317, 108794",2,24,22,176.0
10109777SILVAK_2025-08-07_G59,10109777SILVAK,2025-08-07,111442,1,4,0,145.0
10109777SILVAK_2025-08-07_G60,10109777SILVAK,2025-08-07,141823,1,4,0,57.0
10109777SILVAK_2025-08-07_G61,10109777SILVAK,2025-08-07,"110325, 109643",2,14,9,462.0
10109777SILVAK_2025-08-07_G62,10109777SILVAK,2025-08-07,117832,1,10,0,81.0
10109777SILVAK_2025-08-07_G63,10109777SILVAK,2025-08-07,117840,1,5,0,265.0
10109777SILVAK_2025-08-07_G64,10109777SILVAK,2025-08-07,110374,1,10,0,37.0
10109777SILVAK_2025-08-07_G65,10109777SILVAK,2025-08-07,141202,1,4,0,184.0
10109777SILVAK_2025-08-07_G66,10109777SILVAK,2025-08-07,110371,1,30,0,353.0
10109777SILVAK_2025-08-07_G68,10109777SILVAK,2025-08-07,117836,2,12,8,503.0
10109777SILVAK_2025-08-07_G69,10109777SILVAK,2025-08-07,111532,1,10,0,84.0
10109777SILVAK_2025-08-07_G70,10109777SILVAK,2025-08-07,109645,1,4,0,263.0
10109777SILVAK_2025-08-07_G71,10109777SILVAK,2025-08-07,110332,1,8,0,157.0
10109777SILVAK_2025-08-07_G72,10109777SILVAK,2025-08-07,117832,1,4,0,968.0
10109777SILVAK_2025-08-07_G73,10109777SILVAK,2025-08-07,118299,2,8,6,110.0
10109777SILVAK_2025-08-07_G74,10109777SILVAK,2025-08-07,117840,1,4,0,90.0
10109777SILVAK_2025-08-07_G75,10109777SILVAK,2025-08-07,117820,1,16,0,284.0
10109777SILVAK_2025-08-07_G76,10109777SILVAK,2025-08-07,117820,3,10,28,33.0
10109777SILVAK_2025-08-07_G77,10109777SILVAK,2025-08-07,117820,2,20,16,33.0
10109777SILVAK_2025-08-07_G78,10109777SILVAK,2025-08-07,117808,3,20,16,332.0
10109777SILVAK_2025-08-07_G79,10109777SILVAK,2025-08-07,118299,2,16,5,129.0
10109777SILVAK_2025-08-07_G80,10109777SILVAK,2025-08-07,117820,2,8,15,75.0
10109777SILVAK_2025-08-07_G81,10109777SILVAK,2025-08-07,140922,2,16,10,799.0
10109777SILVAK_2025-08-08_G02,10109777SILVAK,2025-08-08,100334,1,8,0,252.0
10109777SILVAK_2025-08-08_G03,10109777SILVAK,2025-08-08,111438,1,5,0,152.0
10109777SILVAK_2025-08-08_G04,10109777SILVAK,2025-08-08,117835,1,10,0,82.0
10109777SILVAK_2025-08-08_G05,10109777SILVAK,2025-08-08,111569,1,10,0,201.0
10109777SILVAK_2025-08-08_G06,10109777SILVAK,2025-08-08,117855,1,3,0,254.0
10109777SILVAK_2025-08-08_G07,10109777SILVAK,2025-08-08,110339,1,12,0,199.0
10109777SILVAK_2025-08-08_G08,10109777SILVAK,2025-08-08,118094,1,7,0,387.0
10109777SILVAK_2025-08-08_G09,10109777SILVAK,2025-08-08,109647,1,4,0,136.0
10109777SILVAK_2025-08-08_G10,10109777SILVAK,2025-08-08,111439,1,6,0,52.0
10109777SILVAK_2025-08-08_G11,10109777SILVAK,2025-08-08,111444,1,10,0,217.0
10109777SILVAK_2025-08-08_G12,10109777SILVAK,2025-08-08,111532,1,2,0,263.0
10109777SILVAK_2025-08-08_G13,10109777SILVAK,2025-08-08,111466,1,2,0,53.0
10109777SILVAK_2025-08-08_G14,10109777SILVAK,2025-08-08,111465,1,2,0,108.0
10109777SILVAK_2025-08-08_G15,10109777SILVAK,2025-08-08,111743,1,4,0,69.0
10109777SILVAK_2025-08-08_G16,10109777SILVAK,2025-08-08,111462,1,2,0,72.0
10109777SILVAK_2025-08-08_G17,10109777SILVAK,2025-08-08,110325,1,7,0,61.0
10109777SILVAK_2025-08-08_G18,10109777SILVAK,2025-08-08,110371,1,4,0,95.0
10109777SILVAK_2025-08-08_G19,10109777SILVAK,2025-08-08,117820,1,10,0,77.0
10109777SILVAK_2025-08-08_G20,10109777SILVAK,2025-08-08,110373,2,56,10,338.0
10109777SILVAK_2025-08-08_G21,10109777SILVAK,2025-08-08,110374,1,42,0,324.0
10109777SILVAK_2025-08-08_G22,10109777SILVAK,2025-08-08,118299,1,54,0,997.0
10109777SILVAK_2025-08-08_G23,10109777SILVAK,2025-08-08,111418,1,76,0,557.0
10109777SILVAK_2025-08-08_G24,10109777SILVAK,2025-08-08,110373,1,20,0,3514.0
10109777SILVAK_2025-08-08_G25,10109777SILVAK,2025-08-08,110374,1,4,0,149.0
10109777SILVAK_2025-08-08_G26,10109777SILVAK,2025-08-08,111532,3,28,37,321.0
10109777SILVAK_2025-08-08_G27,10109777SILVAK,2025-08-08,110755,1,2,0,523.0
10109777SILVAK_2025-08-08_G28,10109777SILVAK,2025-08-08,111418,1,4,0,224.0
10109777SILVAK_2025-08-08_G29,10109777SILVAK,2025-08-08,140922,1,4,0,68.0
10109777SILVAK_2025-08-08_G30,10109777SILVAK,2025-08-08,117809,1,4,0,85.0
10109777SILVAK_2025-08-08_G31,10109777SILVAK,2025-08-08,117820,1,10,0,206.0
10109777SILVAK_2025-08-08_G32,10109777SILVAK,2025-08-08,118222,1,1,0,238.0
10109777SILVAK_2025-08-08_G33,10109777SILVAK,2025-08-08,111466,1,2,0,303.0
10109777SILVAK_2025-08-08_G34,10109777SILVAK,2025-08-08,110373,2,200,15,1305.0
10109777SILVAK_2025-08-08_G35,10109777SILVAK,2025-08-08,118290,2,9,19,1083.0
10109777SILVAK_2025-08-08_G36,10109777SILVAK,2025-08-08,140911,1,2,0,348.0
10109777SILVAK_2025-08-08_G37,10109777SILVAK,2025-08-08,140911,1,7,0,168.0
10109777SILVAK_2025-08-08_G38,10109777SILVAK,2025-08-08,108711,1,4,0,217.0
10109777SILVAK_2025-08-08_G39,10109777SILVAK,2025-08-08,111602,1,1,0,89.0
10109777SILVAK_2025-08-08_G40,10109777SILVAK,2025-08-08,140911,1,4,0,181.0
10109777SILVAK_2025-08-08_G41,10109777SILVAK,2025-08-08,110515,1,6,0,118.0
10109777SILVAK_2025-08-08_G42,10109777SILVAK,2025-08-08,108711,1,2,0,154.0
10109777SILVAK_2025-08-08_G43,10109777SILVAK,2025-08-08,110339,1,4,0,107.0
10109777SILVAK_2025-08-08_G44,10109777SILVAK,2025-08-08,111602,1,3,0,125.0
10109777SILVAK_2025-08-08_G45,10109777SILVAK,2025-08-08,110515,1,2,0,134.0
10109777SILVAK_2025-08-08_G46,10109777SILVAK,2025-08-08,111532,1,4,0,84.0
10109777SILVAK_2025-08-08_G47,10109777SILVAK,2025-08-08,140922,1,12,0,96.0
10109777SILVAK_2025-08-08_G49,10109777SILVAK,2025-08-08,111418,1,3,0,121.0
10109777SILVAK_2025-08-08_G50,10109777SILVAK,2025-08-08,117785,1,10,0,346.0
10109777SILVAK_2025-08-08_G51,10109777SILVAK,2025-08-08,110740,1,8,0,168.0
10109777SILVAK_2025-08-08_G52,10109777SILVAK,2025-08-08,110371,1,4,0,158.0
10109777SILVAK_2025-08-08_G53,10109777SILVAK,2025-08-08,118299,1,33,0,286.0
10109777SILVAK_2025-08-08_G54,10109777SILVAK,2025-08-08,110374,1,12,0,43.0
10109777SILVAK_2025-08-08_G55,10109777SILVAK,2025-08-08,117820,1,20,0,300.0
10109777SILVAK_2025-08-08_G56,10109777SILVAK,2025-08-08,117808,2,34,5,488.0
10109777SILVAK_2025-08-08_G57,10109777SILVAK,2025-08-08,140911,1,4,0,63.0
10109777SILVAK_2025-08-08_G58,10109777SILVAK,2025-08-08,111602,1,2,0,418.0
10109777SILVAK_2025-08-08_G59,10109777SILVAK,2025-08-08,108711,1,10,0,167.0
10109777SILVAK_2025-08-08_G60,10109777SILVAK,2025-08-08,140922,1,1,0,63.0
10109777SILVAK_2025-08-08_G61,10109777SILVAK,2025-08-08,111743,1,4,0,113.0
10109777SILVAK_2025-08-08_G62,10109777SILVAK,2025-08-08,108794,1,4,0,96.0
10109777SILVAK_2025-08-08_G63,10109777SILVAK,2025-08-08,110373,1,4,0,75.0
10109777SILVAK_2025-08-08_G64,10109777SILVAK,2025-08-08,"117832, 118299, 107830",3,10,34,95.0
10109777SILVAK_2025-08-08_G65,10109777SILVAK,2025-08-08,110373,1,120,0,2142.0
10109777SILVAK_2025-08-09_G02,10109777SILVAK,2025-08-09,110755,1,4,0,505.0
10109777SILVAK_2025-08-09_G03,10109777SILVAK,2025-08-09,118306,1,6,0,93.0
10109777SILVAK_2025-08-09_G04,10109777SILVAK,2025-08-09,111569,1,11,0,299.0
10109777SILVAK_2025-08-09_G05,10109777SILVAK,2025-08-09,117821,1,30,0,527.0
10109777SILVAK_2025-08-09_G06,10109777SILVAK,2025-08-09,"140922, 111348",2,9,13,169.0
10109777SILVAK_2025-08-09_G07,10109777SILVAK,2025-08-09,116241,1,4,0,101.0
10109777SILVAK_2025-08-09_G08,10109777SILVAK,2025-08-09,111330,1,14,0,256.0
10109777SILVAK_2025-08-09_G09,10109777SILVAK,2025-08-09,111743,1,10,0,194.0
10109777SILVAK_2025-08-09_G10,10109777SILVAK,2025-08-09,117787,1,6,0,283.0
10109777SILVAK_2025-08-09_G11,10109777SILVAK,2025-08-09,111468,1,4,0,95.0
10109777SILVAK_2025-08-09_G12,10109777SILVAK,2025-08-09,117831,1,30,0,471.0
10109777SILVAK_2025-08-09_G13,10109777SILVAK,2025-08-09,118317,1,6,0,135.0
10109777SILVAK_2025-08-09_G14,10109777SILVAK,2025-08-09,108794,1,6,0,54.0
10109777SILVAK_2025-08-09_G15,10109777SILVAK,2025-08-09,110740,1,13,0,94.0
10109777SILVAK_2025-08-09_G16,10109777SILVAK,2025-08-09,"105705, 111418",2,55,20,335.0
10109777SILVAK_2025-08-09_G17,10109777SILVAK,2025-08-09,117785,1,80,0,272.0
10109777SILVAK_2025-08-09_G18,10109777SILVAK,2025-08-09,110373,1,100,0,196.0
10109777SILVAK_2025-08-09_G19,10109777SILVAK,2025-08-09,110376,1,4,0,96.0
10109777SILVAK_2025-08-09_G20,10109777SILVAK,2025-08-09,117808,1,400,0,1123.0
10109777SILVAK_2025-08-09_G21,10109777SILVAK,2025-08-09,117820,1,150,0,404.0
10109777SILVAK_2025-08-09_G22,10109777SILVAK,2025-08-09,109640,2,20,9,1235.0
10109777SILVAK_2025-08-09_G23,10109777SILVAK,2025-08-09,110741,1,4,0,2155.0
10109777SILVAK_2025-08-09_G24,10109777SILVAK,2025-08-09,107629,1,7,0,138.0
10109777SILVAK_2025-08-09_G25,10109777SILVAK,2025-08-09,111876,1,4,0,154.0
10109777SILVAK_2025-08-09_G26,10109777SILVAK,2025-08-09,110339,1,5,0,63.0
10109777SILVAK_2025-08-09_G27,10109777SILVAK,2025-08-09,111602,1,16,0,287.0
10109777SILVAK_2025-08-09_G28,10109777SILVAK,2025-08-09,110733,1,9,0,276.0
10109777SILVAK_2025-08-09_G29,10109777SILVAK,2025-08-09,117855,1,40,0,827.0
10109777SILVAK_2025-08-09_G30,10109777SILVAK,2025-08-09,141047,1,45,0,1099.0
10109777SILVAK_2025-08-09_G31,10109777SILVAK,2025-08-09,110515,1,104,0,704.0
10109777SILVAK_2025-08-09_G32,10109777SILVAK,2025-08-09,110752,1,20,0,349.0
10109777SILVAK_2025-08-09_G33,10109777SILVAK,2025-08-09,111468,1,18,0,302.0
10109777SILVAK_2025-08-09_G34,10109777SILVAK,2025-08-09,111462,1,25,0,127.0
10109777SILVAK_2025-08-09_G35,10109777SILVAK,2025-08-09,110748,1,12,0,214.0
10109777SILVAK_2025-08-09_G36,10109777SILVAK,2025-08-09,111418,1,164,0,316.0
10109777SILVAK_2025-08-09_G37,10109777SILVAK,2025-08-09,117785,1,47,0,736.0
10109777SILVAK_2025-08-11_G02,10109777SILVAK,2025-08-11,111418,2,50,15,453.0
10109777SILVAK_2025-08-11_G03,10109777SILVAK,2025-08-11,"141458, 111466",3,92,21,1611.0
10109777SILVAK_2025-08-11_G04,10109777SILVAK,2025-08-11,141456,1,60,0,1182.0
10109777SILVAK_2025-08-11_G05,10109777SILVAK,2025-08-11,110742,1,2,0,126.0
10109777SILVAK_2025-08-11_G06,10109777SILVAK,2025-08-11,111418,1,2,0,443.0
10109777SILVAK_2025-08-11_G07,10109777SILVAK,2025-08-11,111330,1,8,0,1341.0
10109777SILVAK_2025-08-11_G08,10109777SILVAK,2025-08-11,140911,1,8,0,208.0
10109777SILVAK_2025-08-11_G09,10109777SILVAK,2025-08-11,111463,1,8,0,508.0
10109777SILVAK_2025-08-11_G10,10109777SILVAK,2025-08-11,110372,1,10,0,98.0
10109777SILVAK_2025-08-11_G11,10109777SILVAK,2025-08-11,109643,1,4,0,76.0
10109777SILVAK_2025-08-11_G12,10109777SILVAK,2025-08-11,110371,1,2,0,61.0
10109777SILVAK_2025-08-11_G13,10109777SILVAK,2025-08-11,110376,1,2,0,941.0
10109777SILVAK_2025-08-11_G14,10109777SILVAK,2025-08-11,111182,1,1,0,32.0
10109777SILVAK_2025-08-11_G15,10109777SILVAK,2025-08-11,111462,1,1,0,116.0
10109777SILVAK_2025-08-11_G16,10109777SILVAK,2025-08-11,110755,1,1,0,1671.0
10109777SILVAK_2025-08-11_G17,10109777SILVAK,2025-08-11,141202,1,2,0,252.0
10109777SILVAK_2025-08-11_G18,10109777SILVAK,2025-08-11,111532,1,16,0,69.0
10109777SILVAK_2025-08-11_G19,10109777SILVAK,2025-08-11,118222,1,4,0,909.0
10109777SILVAK_2025-08-11_G20,10109777SILVAK,2025-08-11,107888,1,2,0,790.0
10109777SILVAK_2025-08-11_G21,10109777SILVAK,2025-08-11,111660,1,4,0,200.0
10109777SILVAK_2025-08-11_G22,10109777SILVAK,2025-08-11,107629,1,8,0,154.0
10109777SILVAK_2025-08-11_G23,10109777SILVAK,2025-08-11,110339,1,4,0,77.0
10109777SILVAK_2025-08-11_G24,10109777SILVAK,2025-08-11,111602,1,8,0,33.0
10109777SILVAK_2025-08-11_G25,10109777SILVAK,2025-08-11,118094,1,16,0,283.0
10109777SILVAK_2025-08-11_G26,10109777SILVAK,2025-08-11,110733,1,10,0,213.0
10109777SILVAK_2025-08-11_G27,10109777SILVAK,2025-08-11,110515,1,12,0,933.0
10109777SILVAK_2025-08-11_G28,10109777SILVAK,2025-08-11,117821,1,8,0,240.0
10109777SILVAK_2025-08-11_G29,10109777SILVAK,2025-08-11,108711,1,16,0,148.0
10109777SILVAK_2025-08-11_G30,10109777SILVAK,2025-08-11,140922,1,6,0,88.0
10109777SILVAK_2025-08-11_G31,10109777SILVAK,2025-08-11,111348,1,6,0,183.0
10109777SILVAK_2025-08-11_G32,10109777SILVAK,2025-08-11,111743,1,12,0,284.0
10109777SILVAK_2025-08-11_G33,10109777SILVAK,2025-08-11,111182,1,4,0,52.0
10109777SILVAK_2025-08-11_G34,10109777SILVAK,2025-08-11,117831,1,15,0,230.0
10109777SILVAK_2025-08-11_G35,10109777SILVAK,2025-08-11,110745,1,10,0,687.0
10109777SILVAK_2025-08-11_G36,10109777SILVAK,2025-08-11,117785,1,24,0,213.0
10109777SILVAK_2025-08-11_G37,10109777SILVAK,2025-08-11,111418,1,32,0,357.0
10109777SILVAK_2025-08-11_G38,10109777SILVAK,2025-08-11,118299,1,10,0,390.0
10109777SILVAK_2025-08-11_G39,10109777SILVAK,2025-08-11,107830,1,20,0,633.0
10109777SILVAK_2025-08-11_G40,10109777SILVAK,2025-08-11,110373,1,30,0,819.0
10109777SILVAK_2025-08-11_G41,10109777SILVAK,2025-08-11,110374,1,30,0,325.0
10109777SILVAK_2025-08-11_G42,10109777SILVAK,2025-08-11,"109648, 110325",2,12,7,48.0
10109777SILVAK_2025-08-11_G43,10109777SILVAK,2025-08-11,"117808, 117820",2,48,10,136.0
10109777SILVAK_2025-08-11_G44,10109777SILVAK,2025-08-11,117855,1,4,0,1069.0
10109777SILVAK_2025-08-11_G45,10109777SILVAK,2025-08-11,"111876, 111602",2,4,28,52.0
10109777SILVAK_2025-08-11_G46,10109777SILVAK,2025-08-11,118094,1,1,0,37.0
10109777SILVAK_2025-08-11_G47,10109777SILVAK,2025-08-11,110733,1,8,0,91.0
10109777SILVAK_2025-08-11_G48,10109777SILVAK,2025-08-11,111879,1,2,0,126.0
10109777SILVAK_2025-08-11_G49,10109777SILVAK,2025-08-11,109640,1,2,0,46.0
10109777SILVAK_2025-08-11_G50,10109777SILVAK,2025-08-11,110515,1,6,0,153.0
10109777SILVAK_2025-08-11_G51,10109777SILVAK,2025-08-11,110753,1,2,0,115.0
10109777SILVAK_2025-08-11_G52,10109777SILVAK,2025-08-11,"118299, 110371",2,24,17,185.0
10109777SILVAK_2025-08-11_G53,10109777SILVAK,2025-08-11,110373,1,30,0,201.0
10109777SILVAK_2025-08-11_G54,10109777SILVAK,2025-08-11,110374,1,24,0,193.0
10109777SILVAK_2025-08-11_G55,10109777SILVAK,2025-08-11,117830,1,12,0,252.0
10109777SILVAK_2025-08-11_G57,10109777SILVAK,2025-08-11,160054,1,6,0,364.0
10109777SILVAK_2025-08-11_G58,10109777SILVAK,2025-08-11,160051,1,1,0,155.0
10109777SILVAK_2025-08-11_G59,10109777SILVAK,2025-08-11,160054,1,12,0,207.0
10109777SILVAK_2025-08-11_G60,10109777SILVAK,2025-08-11,160051,1,7,0,344.0
10109777SILVAK_2025-08-11_G61,10109777SILVAK,2025-08-11,111435,1,15,0,456.0
10109777SILVAK_2025-08-11_G62,10109777SILVAK,2025-08-11,"108795, 105705",2,14,15,176.0
10109777SILVAK_2025-08-11_G63,10109777SILVAK,2025-08-11,140922,1,8,0,116.0
10109777SILVAK_2025-08-11_G64,10109777SILVAK,2025-08-11,111330,1,2,0,52.0
10109777SILVAK_2025-08-11_G65,10109777SILVAK,2025-08-11,111465,1,20,0,186.0
10109777SILVAK_2025-08-11_G66,10109777SILVAK,2025-08-11,110740,1,2,0,104.0
10109777SILVAK_2025-08-11_G67,10109777SILVAK,2025-08-11,117785,1,30,0,332.0
10109777SILVAK_2025-08-11_G68,10109777SILVAK,2025-08-11,160055,1,10,0,304.0
10109777SILVAK_2025-08-12_G02,10109777SILVAK,2025-08-12,117862,1,1,0,98.0
10109777SILVAK_2025-08-12_G03,10109777SILVAK,2025-08-12,107629,1,4,0,341.0
10109777SILVAK_2025-08-12_G04,10109777SILVAK,2025-08-12,111876,1,4,0,72.0
10109777SILVAK_2025-08-12_G05,10109777SILVAK,2025-08-12,111602,1,34,0,319.0
10109777SILVAK_2025-08-12_G06,10109777SILVAK,2025-08-12,118094,1,13,0,228.0
10109777SILVAK_2025-08-12_G07,10109777SILVAK,2025-08-12,110733,1,8,0,138.0
10109777SILVAK_2025-08-12_G08,10109777SILVAK,2025-08-12,141047,1,8,0,161.0
10109777SILVAK_2025-08-12_G09,10109777SILVAK,2025-08-12,110752,1,4,0,223.0
10109777SILVAK_2025-08-12_G10,10109777SILVAK,2025-08-12,110753,1,4,0,304.0
10109777SILVAK_2025-08-12_G11,10109777SILVAK,2025-08-12,110515,1,19,0,158.0
10109777SILVAK_2025-08-12_G12,10109777SILVAK,2025-08-12,109643,1,10,0,277.0
10109777SILVAK_2025-08-12_G13,10109777SILVAK,2025-08-12,110325,1,7,0,44.0
10109777SILVAK_2025-08-12_G14,10109777SILVAK,2025-08-12,110375,1,17,0,225.0
10109777SILVAK_2025-08-12_G15,10109777SILVAK,2025-08-12,110374,1,11,0,196.0
10109777SILVAK_2025-08-12_G16,10109777SILVAK,2025-08-12,117822,1,6,0,299.0
10109777SILVAK_2025-08-12_G17,10109777SILVAK,2025-08-12,117830,1,15,0,155.0
10109777SILVAK_2025-08-12_G18,10109777SILVAK,2025-08-12,117809,1,9,0,91.0
10109777SILVAK_2025-08-12_G19,10109777SILVAK,2025-08-12,117820,1,278,0,609.0
10109777SILVAK_2025-08-12_G20,10109777SILVAK,2025-08-12,110373,1,157,0,337.0
10109777SILVAK_2025-08-12_G21,10109777SILVAK,2025-08-12,117855,1,8,0,1497.0
10109777SILVAK_2025-08-12_G22,10109777SILVAK,2025-08-12,110733,1,8,0,106.0
10109777SILVAK_2025-08-12_G23,10109777SILVAK,2025-08-12,141047,1,20,0,153.0
10109777SILVAK_2025-08-12_G24,10109777SILVAK,2025-08-12,141047,1,4,0,107.0
10109777SILVAK_2025-08-12_G25,10109777SILVAK,2025-08-12,109640,1,8,0,156.0
10109777SILVAK_2025-08-12_G26,10109777SILVAK,2025-08-12,111467,1,10,0,112.0
10109777SILVAK_2025-08-12_G27,10109777SILVAK,2025-08-12,111467,1,10,0,149.0
10109777SILVAK_2025-08-12_G28,10109777SILVAK,2025-08-12,108711,1,20,0,470.0
10109777SILVAK_2025-08-12_G29,10109777SILVAK,2025-08-12,111434,1,12,0,148.0
10109777SILVAK_2025-08-12_G30,10109777SILVAK,2025-08-12,108798,1,20,0,174.0
10109777SILVAK_2025-08-12_G31,10109777SILVAK,2025-08-12,111468,1,20,0,503.0
10109777SILVAK_2025-08-12_G32,10109777SILVAK,2025-08-12,"109645, 111462",3,35,27,334.0
10109777SILVAK_2025-08-12_G33,10109777SILVAK,2025-08-12,111462,1,25,0,32.0
10109777SILVAK_2025-08-12_G34,10109777SILVAK,2025-08-12,111172,1,12,0,573.0
10109777SILVAK_2025-08-12_G35,10109777SILVAK,2025-08-12,111418,1,50,0,212.0
10109777SILVAK_2025-08-12_G36,10109777SILVAK,2025-08-12,108794,1,100,0,407.0
10109777SILVAK_2025-08-12_G37,10109777SILVAK,2025-08-12,109643,1,20,0,278.0
10109777SILVAK_2025-08-12_G38,10109777SILVAK,2025-08-12,141202,1,8,0,348.0
10109777SILVAK_2025-08-12_G39,10109777SILVAK,2025-08-12,110325,1,42,0,267.0
10109777SILVAK_2025-08-12_G40,10109777SILVAK,2025-08-12,117830,1,100,0,482.0
10109777SILVAK_2025-08-12_G41,10109777SILVAK,2025-08-12,110374,2,80,7,159.0
10109777SILVAK_2025-08-12_G42,10109777SILVAK,2025-08-12,141035,1,5,0,1296.0
10109777SILVAK_2025-08-12_G43,10109777SILVAK,2025-08-12,110741,1,4,0,190.0
10109777SILVAK_2025-08-12_G44,10109777SILVAK,2025-08-12,117862,1,12,0,254.0
10109777SILVAK_2025-08-12_G45,10109777SILVAK,2025-08-12,111602,1,20,0,206.0
10109777SILVAK_2025-08-12_G46,10109777SILVAK,2025-08-12,118298,1,4,0,180.0
10109777SILVAK_2025-08-12_G47,10109777SILVAK,2025-08-12,117861,1,10,0,204.0
10109777SILVAK_2025-08-12_G48,10109777SILVAK,2025-08-12,111467,1,20,0,127.0
10109777SILVAK_2025-08-12_G49,10109777SILVAK,2025-08-12,110515,1,20,0,424.0
10109777SILVAK_2025-08-12_G50,10109777SILVAK,2025-08-12,110752,1,9,0,163.0
10109777SILVAK_2025-08-12_G51,10109777SILVAK,2025-08-12,117786,1,30,0,397.0
10109777SILVAK_2025-08-12_G52,10109777SILVAK,2025-08-12,117832,1,30,0,201.0
10109777SILVAK_2025-08-12_G53,10109777SILVAK,2025-08-12,110325,1,20,0,186.0
10109777SILVAK_2025-08-12_G54,10109777SILVAK,2025-08-12,117820,1,80,0,569.0
10109777SILVAK_2025-08-12_G55,10109777SILVAK,2025-08-12,110376,1,21,0,501.0
10109777SILVAK_2025-08-12_G56,10109777SILVAK,2025-08-12,110374,2,40,9,78.0
10109777SILVAK_2025-08-12_G57,10109777SILVAK,2025-08-12,117822,1,10,0,401.0
10109777SILVAK_2025-08-12_G58,10109777SILVAK,2025-08-12,117830,1,20,0,398.0
10109777SILVAK_2025-08-12_G59,10109777SILVAK,2025-08-12,110372,1,40,0,503.0
10109777SILVAK_2025-08-12_G60,10109777SILVAK,2025-08-12,118299,1,200,0,724.0
10109777SILVAK_2025-08-12_G61,10109777SILVAK,2025-08-12,110373,1,81,0,255.0
10109777SILVAK_2025-08-12_G63,10109777SILVAK,2025-08-12,117786,1,38,0,489.0
10109777SILVAK_2025-08-12_G64,10109777SILVAK,2025-08-12,111439,1,50,0,361.0
10109777SILVAK_2025-08-12_G65,10109777SILVAK,2025-08-12,111441,1,200,0,1609.0
10109777SILVAK_2025-08-13_G02,10109777SILVAK,2025-08-13,111418,1,2,0,86.0
10109777SILVAK_2025-08-13_G03,10109777SILVAK,2025-08-13,110372,1,17,0,275.0
10109777SILVAK_2025-08-13_G04,10109777SILVAK,2025-08-13,110373,1,10,0,38.0
10109777SILVAK_2025-08-13_G05,10109777SILVAK,2025-08-13,107236,1,1,0,115.0
10109777SILVAK_2025-08-13_G06,10109777SILVAK,2025-08-13,141202,1,2,0,185.0
10109777SILVAK_2025-08-13_G07,10109777SILVAK,2025-08-13,110740,1,2,0,182.0
10109777SILVAK_2025-08-13_G08,10109777SILVAK,2025-08-13,111438,1,6,0,665.0
10109777SILVAK_2025-08-13_G09,10109777SILVAK,2025-08-13,108701,1,2,0,338.0
10109777SILVAK_2025-08-13_G10,10109777SILVAK,2025-08-13,110339,1,8,0,214.0
10109777SILVAK_2025-08-13_G11,10109777SILVAK,2025-08-13,117786,1,4,0,140.0
10109777SILVAK_2025-08-13_G12,10109777SILVAK,2025-08-13,111879,1,2,0,84.0
10109777SILVAK_2025-08-13_G13,10109777SILVAK,2025-08-13,108361,1,2,0,100.0
10109777SILVAK_2025-08-13_G14,10109777SILVAK,2025-08-13,111444,1,2,0,580.0
10109777SILVAK_2025-08-13_G15,10109777SILVAK,2025-08-13,108795,1,4,0,121.0
10109777SILVAK_2025-08-13_G16,10109777SILVAK,2025-08-13,110751,1,2,0,195.0
10109777SILVAK_2025-08-13_G17,10109777SILVAK,2025-08-13,"108711, 105705",2,10,15,206.0
10109777SILVAK_2025-08-13_G18,10109777SILVAK,2025-08-13,"140922, 111463",2,4,11,79.0
10109777SILVAK_2025-08-13_G19,10109777SILVAK,2025-08-13,111465,1,4,0,127.0
10109777SILVAK_2025-08-13_G20,10109777SILVAK,2025-08-13,111532,1,4,0,64.0
10109777SILVAK_2025-08-13_G21,10109777SILVAK,2025-08-13,107236,1,4,0,100.0
10109777SILVAK_2025-08-13_G22,10109777SILVAK,2025-08-13,117785,1,3,0,56.0
10109777SILVAK_2025-08-13_G23,10109777SILVAK,2025-08-13,"117832, 110371",2,5,23,1281.0
10109777SILVAK_2025-08-13_G24,10109777SILVAK,2025-08-13,110325,1,3,0,61.0
10109777SILVAK_2025-08-13_G25,10109777SILVAK,2025-08-13,110373,1,6,0,200.0
10109777SILVAK_2025-08-13_G26,10109777SILVAK,2025-08-13,141202,1,2,0,72.0
10109777SILVAK_2025-08-13_G27,10109777SILVAK,2025-08-13,110372,1,30,0,799.0
10109777SILVAK_2025-08-13_G28,10109777SILVAK,2025-08-13,117786,1,1,0,360.0
10109777SILVAK_2025-08-13_G29,10109777SILVAK,2025-08-13,111444,1,2,0,64.0
10109777SILVAK_2025-08-13_G30,10109777SILVAK,2025-08-13,111463,1,8,0,157.0
10109777SILVAK_2025-08-13_G31,10109777SILVAK,2025-08-13,111418,1,9,0,112.0
10109777SILVAK_2025-08-13_G32,10109777SILVAK,2025-08-13,111465,1,4,0,81.0
10109777SILVAK_2025-08-13_G33,10109777SILVAK,2025-08-13,117833,1,1,0,140.0
10109777SILVAK_2025-08-13_G34,10109777SILVAK,2025-08-13,108794,1,2,0,118.0
10109777SILVAK_2025-08-13_G35,10109777SILVAK,2025-08-13,117831,1,2,0,112.0
10109777SILVAK_2025-08-13_G36,10109777SILVAK,2025-08-13,110745,1,4,0,361.0
10109777SILVAK_2025-08-13_G37,10109777SILVAK,2025-08-13,110895,3,16,14,639.0
10109777SILVAK_2025-08-13_G38,10109777SILVAK,2025-08-13,117855,1,4,0,145.0
10109777SILVAK_2025-08-13_G39,10109777SILVAK,2025-08-13,110129,1,6,0,277.0
10109777SILVAK_2025-08-13_G40,10109777SILVAK,2025-08-13,111463,1,14,0,64.0
10109777SILVAK_2025-08-13_G41,10109777SILVAK,2025-08-13,117785,1,20,0,331.0
10109777SILVAK_2025-08-13_G42,10109777SILVAK,2025-08-13,141458,1,8,0,264.0
10109777SILVAK_2025-08-13_G43,10109777SILVAK,2025-08-13,141457,1,30,0,218.0
10109777SILVAK_2025-08-13_G44,10109777SILVAK,2025-08-13,141457,1,60,0,34.0
10109777SILVAK_2025-08-13_G45,10109777SILVAK,2025-08-13,117820,1,12,0,693.0
10109777SILVAK_2025-08-13_G46,10109777SILVAK,2025-08-13,110373,1,10,0,432.0
10109777SILVAK_2025-08-13_G47,10109777SILVAK,2025-08-13,117808,1,30,0,118.0
10109777SILVAK_2025-08-13_G48,10109777SILVAK,2025-08-13,117830,1,10,0,319.0
10109777SILVAK_2025-08-13_G49,10109777SILVAK,2025-08-13,118299,1,45,0,1490.0
10109777SILVAK_2025-08-13_G50,10109777SILVAK,2025-08-13,110373,1,1,0,749.0
10109777SILVAK_2025-08-13_G51,10109777SILVAK,2025-08-13,109643,1,2,0,193.0
10109777SILVAK_2025-08-13_G52,10109777SILVAK,2025-08-13,110372,1,8,0,56.0
10109777SILVAK_2025-08-13_G53,10109777SILVAK,2025-08-13,110373,1,2,0,98.0
10109777SILVAK_2025-08-13_G54,10109777SILVAK,2025-08-13,117808,1,8,0,104.0
10109777SILVAK_2025-08-13_G55,10109777SILVAK,2025-08-13,141202,1,4,0,163.0
10109777SILVAK_2025-08-13_G56,10109777SILVAK,2025-08-13,111602,1,381,0,2391.0
10109777SILVAK_2025-08-14_G02,10109777SILVAK,2025-08-14,109645,1,16,0,152.0
10109777SILVAK_2025-08-14_G03,10109777SILVAK,2025-08-14,117785,1,200,0,1444.0
10109777SILVAK_2025-08-14_G04,10109777SILVAK,2025-08-14,109643,1,12,0,94.0
10109777SILVAK_2025-08-14_G05,10109777SILVAK,2025-08-14,117820,1,200,0,1340.0
10109777SILVAK_2025-08-14_G06,10109777SILVAK,2025-08-14,118299,1,300,0,389.0
10109777SILVAK_2025-08-14_G07,10109777SILVAK,2025-08-14,117830,1,200,0,208.0
10109777SILVAK_2025-08-14_G08,10109777SILVAK,2025-08-14,110373,1,42,0,368.0
10109777SILVAK_2025-08-14_G09,10109777SILVAK,2025-08-14,110373,1,108,0,1014.0
10109777SILVAK_2025-08-14_G10,10109777SILVAK,2025-08-14,110740,1,64,0,103.0
10109777SILVAK_2025-08-14_G11,10109777SILVAK,2025-08-14,110740,1,16,0,232.0
10109777SILVAK_2025-08-14_G12,10109777SILVAK,2025-08-14,118222,1,151,0,1363.0
10109777SILVAK_2025-08-14_G13,10109777SILVAK,2025-08-14,110895,1,4,0,1083.0
10109777SILVAK_2025-08-14_G14,10109777SILVAK,2025-08-14,111569,1,4,0,111.0
10109777SILVAK_2025-08-14_G15,10109777SILVAK,2025-08-14,110339,1,3,0,104.0
10109777SILVAK_2025-08-14_G16,10109777SILVAK,2025-08-14,111467,1,4,0,64.0
10109777SILVAK_2025-08-14_G17,10109777SILVAK,2025-08-14,108711,1,2,0,121.0
10109777SILVAK_2025-08-14_G18,10109777SILVAK,2025-08-14,"140922, 117808",2,28,24,160.0
10109777SILVAK_2025-08-14_G19,10109777SILVAK,2025-08-14,118299,1,8,0,96.0
10109777SILVAK_2025-08-14_G20,10109777SILVAK,2025-08-14,110895,1,4,0,324.0
10109777SILVAK_2025-08-14_G21,10109777SILVAK,2025-08-14,117855,1,1,0,88.0
10109777SILVAK_2025-08-14_G22,10109777SILVAK,2025-08-14,108711,1,4,0,39.0
10109777SILVAK_2025-08-14_G23,10109777SILVAK,2025-08-14,111418,1,4,0,78.0
10109777SILVAK_2025-08-14_G24,10109777SILVAK,2025-08-14,117833,1,2,0,119.0
10109777SILVAK_2025-08-14_G25,10109777SILVAK,2025-08-14,111532,1,2,0,60.0
10109777SILVAK_2025-08-14_G26,10109777SILVAK,2025-08-14,110375,1,1,0,181.0
10109777SILVAK_2025-08-14_G27,10109777SILVAK,2025-08-14,117808,1,5,0,136.0
10109777SILVAK_2025-08-14_G28,10109777SILVAK,2025-08-14,160051,1,6,0,73.0
10109777SILVAK_2025-08-14_G29,10109777SILVAK,2025-08-14,110747,1,2,0,337.0
10109777SILVAK_2025-08-14_G30,10109777SILVAK,2025-08-14,117855,1,4,0,133.0
10109777SILVAK_2025-08-14_G31,10109777SILVAK,2025-08-14,"140922, 110325",2,3,21,63.0
10109777SILVAK_2025-08-14_G32,10109777SILVAK,2025-08-14,110373,1,4,0,80.0
10109777SILVAK_2025-08-14_G33,10109777SILVAK,2025-08-14,111465,1,2,0,171.0
10109777SILVAK_2025-08-14_G34,10109777SILVAK,2025-08-14,108759,1,4,0,199.0
10109777SILVAK_2025-08-14_G35,10109777SILVAK,2025-08-14,118277,1,4,0,700.0
10109777SILVAK_2025-08-14_G36,10109777SILVAK,2025-08-14,117838,1,1,0,418.0
10109777SILVAK_2025-08-14_G37,10109777SILVAK,2025-08-14,111463,1,1,0,174.0
10109777SILVAK_2025-08-14_G38,10109777SILVAK,2025-08-14,"110733, 117833",2,3,29,110.0
10109777SILVAK_2025-08-14_G39,10109777SILVAK,2025-08-14,117821,1,4,0,75.0
10109777SILVAK_2025-08-14_G40,10109777SILVAK,2025-08-14,107830,1,2,0,1200.0
10109777SILVAK_2025-08-14_G41,10109777SILVAK,2025-08-14,"111467, 118222",2,5,20,117.0
10109777SILVAK_2025-08-14_G42,10109777SILVAK,2025-08-14,117808,1,12,0,113.0
10109777SILVAK_2025-08-14_G43,10109777SILVAK,2025-08-14,110373,1,8,0,96.0
10109777SILVAK_2025-08-14_G44,10109777SILVAK,2025-08-14,"117831, 111465",2,4,12,108.0
10109777SILVAK_2025-08-14_G45,10109777SILVAK,2025-08-14,118299,1,8,0,93.0
10109777SILVAK_2025-08-14_G47,10109777SILVAK,2025-08-14,"110747, 111569",2,2,15,67.0
10109777SILVAK_2025-08-14_G48,10109777SILVAK,2025-08-14,118094,1,2,0,134.0
10109777SILVAK_2025-08-14_G49,10109777SILVAK,2025-08-14,111602,1,4,0,39.0
10109777SILVAK_2025-08-14_G50,10109777SILVAK,2025-08-14,110515,1,7,0,140.0
10109777SILVAK_2025-08-14_G51,10109777SILVAK,2025-08-14,108711,1,1,0,96.0
10109777SILVAK_2025-08-14_G52,10109777SILVAK,2025-08-14,117808,1,1,0,43.0
10109777SILVAK_2025-08-14_G53,10109777SILVAK,2025-08-14,110371,1,6,0,73.0
10109777SILVAK_2025-08-14_G54,10109777SILVAK,2025-08-14,141823,1,2,0,152.0
10109777SILVAK_2025-08-14_G55,10109777SILVAK,2025-08-14,110374,1,2,0,77.0
10109777SILVAK_2025-08-14_G56,10109777SILVAK,2025-08-14,110373,1,2,0,78.0
10109777SILVAK_2025-08-14_G57,10109777SILVAK,2025-08-14,117831,1,4,0,46.0
10109777SILVAK_2025-08-14_G58,10109777SILVAK,2025-08-14,111172,1,2,0,178.0
10109777SILVAK_2025-08-14_G59,10109777SILVAK,2025-08-14,110740,1,14,0,41.0
10109777SILVAK_2025-08-14_G60,10109777SILVAK,2025-08-14,118222,1,2,0,229.0
10109777SILVAK_2025-08-14_G61,10109777SILVAK,2025-08-14,100334,1,2,0,177.0
10109777SILVAK_2025-08-14_G62,10109777SILVAK,2025-08-14,117855,1,8,0,69.0
10109777SILVAK_2025-08-14_G63,10109777SILVAK,2025-08-14,140922,1,2,0,105.0
10109777SILVAK_2025-08-14_G64,10109777SILVAK,2025-08-14,111418,1,1,0,38.0
10109777SILVAK_2025-08-14_G65,10109777SILVAK,2025-08-14,111443,1,2,0,49.0
10109777SILVAK_2025-08-14_G66,10109777SILVAK,2025-08-14,110733,1,1,0,73.0
10109777SILVAK_2025-08-14_G67,10109777SILVAK,2025-08-14,"111532, 111602, 109640",3,5,43,114.0
10109777SILVAK_2025-08-14_G68,10109777SILVAK,2025-08-14,"118317, 110515",2,6,25,104.0
10109777SILVAK_2025-08-14_G69,10109777SILVAK,2025-08-14,110752,1,2,0,119.0
10109777SILVAK_2025-08-14_G70,10109777SILVAK,2025-08-14,118299,1,2,0,52.0
10109777SILVAK_2025-08-14_G71,10109777SILVAK,2025-08-14,141823,1,1,0,336.0
10109777SILVAK_2025-08-14_G72,10109777SILVAK,2025-08-14,160057,1,8,0,281.0
10109777SILVAK_2025-08-14_G73,10109777SILVAK,2025-08-14,160054,1,2,0,215.0
10109777SILVAK_2025-08-14_G74,10109777SILVAK,2025-08-14,160051,1,4,0,151.0
10109777SILVAK_2025-08-14_G75,10109777SILVAK,2025-08-14,160055,1,2,0,67.0
10109777SILVAK_2025-08-14_G76,10109777SILVAK,2025-08-14,110895,1,4,0,113.0
10109777SILVAK_2025-08-14_G77,10109777SILVAK,2025-08-14,118094,1,1,0,143.0
10109777SILVAK_2025-08-14_G78,10109777SILVAK,2025-08-14,117785,1,3,0,260.0
10109777SILVAK_2025-08-14_G79,10109777SILVAK,2025-08-14,111418,1,3,0,311.0
10109777SILVAK_2025-08-14_G80,10109777SILVAK,2025-08-14,110374,1,5,0,633.0
10109777SILVAK_2025-08-14_G81,10109777SILVAK,2025-08-14,118353,1,2,0,117.0
10109777SILVAK_2025-08-14_G82,10109777SILVAK,2025-08-14,"118094, 108711",2,7,26,411.0
10109777SILVAK_2025-08-14_G83,10109777SILVAK,2025-08-14,111418,1,5,0,43.0
10109777SILVAK_2025-08-14_G84,10109777SILVAK,2025-08-14,117820,1,16,0,84.0
10109777SILVAK_2025-08-14_G85,10109777SILVAK,2025-08-14,110895,1,6,0,138.0
10109777SILVAK_2025-08-14_G86,10109777SILVAK,2025-08-14,110374,1,8,0,73.0
10109777SILVAK_2025-08-14_G87,10109777SILVAK,2025-08-14,117831,1,2,0,127.0
10109777SILVAK_2025-08-14_G88,10109777SILVAK,2025-08-14,117785,1,4,0,70.0
10109777SILVAK_2025-08-14_G89,10109777SILVAK,2025-08-14,111172,1,4,0,131.0
10109777SILVAK_2025-08-14_G90,10109777SILVAK,2025-08-14,111465,1,3,0,32.0
10109777SILVAK_2025-08-15_G02,10109777SILVAK,2025-08-15,110313,1,2,0,146.0
10109777SILVAK_2025-08-15_G03,10109777SILVAK,2025-08-15,118140,1,8,0,197.0
10109777SILVAK_2025-08-15_G04,10109777SILVAK,2025-08-15,110787,1,6,0,124.0
10109777SILVAK_2025-08-15_G05,10109777SILVAK,2025-08-15,110895,1,2,0,243.0
10109777SILVAK_2025-08-15_G06,10109777SILVAK,2025-08-15,110895,1,4,0,37.0
10109777SILVAK_2025-08-15_G07,10109777SILVAK,2025-08-15,111439,1,8,0,178.0
10109777SILVAK_2025-08-15_G08,10109777SILVAK,2025-08-15,118140,1,2,0,135.0
10109777SILVAK_2025-08-15_G09,10109777SILVAK,2025-08-15,110787,1,12,0,93.0
10109777SILVAK_2025-08-15_G10,10109777SILVAK,2025-08-15,118140,1,37,0,583.0
10109777SILVAK_2025-08-15_G11,10109777SILVAK,2025-08-15,110895,1,8,0,278.0
10109777SILVAK_2025-08-15_G12,10109777SILVAK,2025-08-15,111655,1,2,0,308.0
10109777SILVAK_2025-08-15_G13,10109777SILVAK,2025-08-15,111463,1,10,0,358.0
10109777SILVAK_2025-08-15_G14,10109777SILVAK,2025-08-15,109933,1,2,0,1032.0
10109777SILVAK_2025-08-15_G15,10109777SILVAK,2025-08-15,117855,1,20,0,348.0
10109777SILVAK_2025-08-15_G16,10109777SILVAK,2025-08-15,117861,1,2,0,87.0
10109777SILVAK_2025-08-15_G17,10109777SILVAK,2025-08-15,141047,1,16,0,174.0
10109777SILVAK_2025-08-15_G18,10109777SILVAK,2025-08-15,110752,1,2,0,137.0
10109777SILVAK_2025-08-15_G19,10109777SILVAK,2025-08-15,110129,1,6,0,324.0
10109777SILVAK_2025-08-15_G20,10109777SILVAK,2025-08-15,117833,1,1,0,84.0
10109777SILVAK_2025-08-15_G21,10109777SILVAK,2025-08-15,111468,1,2,0,98.0
10109777SILVAK_2025-08-15_G22,10109777SILVAK,2025-08-15,"110745, 111433",2,8,29,146.0
10109777SILVAK_2025-08-15_G23,10109777SILVAK,2025-08-15,"111172, 110787",2,8,16,501.0
10109777SILVAK_2025-08-15_G24,10109777SILVAK,2025-08-15,110740,1,4,0,93.0
10109777SILVAK_2025-08-15_G25,10109777SILVAK,2025-08-15,111444,1,4,0,65.0
10109777SILVAK_2025-08-15_G26,10109777SILVAK,2025-08-15,160054,1,4,0,310.0
10109777SILVAK_2025-08-15_G27,10109777SILVAK,2025-08-15,110374,1,10,0,45.0
10109777SILVAK_2025-08-15_G28,10109777SILVAK,2025-08-15,110373,1,50,0,944.0
10109777SILVAK_2025-08-15_G29,10109777SILVAK,2025-08-15,110895,1,10,0,314.0
10109777SILVAK_2025-08-15_G30,10109777SILVAK,2025-08-15,110787,1,8,0,191.0
10109777SILVAK_2025-08-15_G31,10109777SILVAK,2025-08-15,111418,1,10,0,849.0
10109777SILVAK_2025-08-15_G32,10109777SILVAK,2025-08-15,117787,1,6,0,375.0
10109777SILVAK_2025-08-15_G33,10109777SILVAK,2025-08-15,111532,1,6,0,61.0
10109777SILVAK_2025-08-15_G34,10109777SILVAK,2025-08-15,109645,1,4,0,97.0
10109777SILVAK_2025-08-15_G35,10109777SILVAK,2025-08-15,118317,1,8,0,226.0
10109777SILVAK_2025-08-15_G36,10109777SILVAK,2025-08-15,110740,1,4,0,95.0
10109777SILVAK_2025-08-15_G37,10109777SILVAK,2025-08-15,117820,1,12,0,140.0
10109777SILVAK_2025-08-15_G38,10109777SILVAK,2025-08-15,118140,1,12,0,416.0
10109777SILVAK_2025-08-15_G39,10109777SILVAK,2025-08-15,118140,2,14,7,190.0
10109777SILVAK_2025-08-15_G40,10109777SILVAK,2025-08-15,118140,1,15,0,213.0
10109777SILVAK_2025-08-15_G41,10109777SILVAK,2025-08-15,118140,1,2,0,190.0
10109777SILVAK_2025-08-15_G42,10109777SILVAK,2025-08-15,140911,1,8,0,3023.0
10109777SILVAK_2025-08-15_G43,10109777SILVAK,2025-08-15,110895,1,4,0,252.0
10109777SILVAK_2025-08-15_G44,10109777SILVAK,2025-08-15,107236,1,4,0,206.0
10109777SILVAK_2025-08-15_G45,10109777SILVAK,2025-08-15,118323,1,4,0,180.0
10109777SILVAK_2025-08-15_G46,10109777SILVAK,2025-08-15,118094,1,1,0,693.0
10109777SILVAK_2025-08-15_G47,10109777SILVAK,2025-08-15,110733,1,2,0,80.0
10109777SILVAK_2025-08-15_G48,10109777SILVAK,2025-08-15,117786,1,4,0,111.0
10109777SILVAK_2025-08-15_G49,10109777SILVAK,2025-08-15,110339,1,3,0,117.0
10109777SILVAK_2025-08-15_G50,10109777SILVAK,2025-08-15,111467,1,2,0,218.0
10109777SILVAK_2025-08-15_G51,10109777SILVAK,2025-08-15,110515,1,4,0,56.0
10109777SILVAK_2025-08-15_G52,10109777SILVAK,2025-08-15,111463,1,26,0,705.0
10109777SILVAK_2025-08-15_G53,10109777SILVAK,2025-08-15,108711,1,4,0,199.0
10109777SILVAK_2025-08-15_G54,10109777SILVAK,2025-08-15,111532,1,6,0,194.0
10109777SILVAK_2025-08-15_G55,10109777SILVAK,2025-08-15,118140,1,4,0,93.0
10109777SILVAK_2025-08-15_G56,10109777SILVAK,2025-08-15,118317,1,2,0,294.0
10109777SILVAK_2025-08-15_G57,10109777SILVAK,2025-08-15,110740,1,2,0,97.0
10109777SILVAK_2025-08-15_G58,10109777SILVAK,2025-08-15,107830,1,4,0,289.0
10109777SILVAK_2025-08-15_G59,10109777SILVAK,2025-08-15,109643,1,6,0,81.0
10109777SILVAK_2025-08-15_G60,10109777SILVAK,2025-08-15,117832,1,4,0,52.0
10109777SILVAK_2025-08-15_G61,10109777SILVAK,2025-08-15,110372,1,36,0,472.0
10109777SILVAK_2025-08-15_G62,10109777SILVAK,2025-08-15,118222,1,4,0,481.0
10109777SILVAK_2025-08-15_G63,10109777SILVAK,2025-08-15,118299,1,13,0,56.0
10109777SILVAK_2025-08-15_G64,10109777SILVAK,2025-08-15,141202,1,4,0,148.0
10109777SILVAK_2025-08-15_G66,10109777SILVAK,2025-08-15,108795,1,3,0,226.0
10109777SILVAK_2025-08-15_G67,10109777SILVAK,2025-08-15,111743,1,2,0,83.0
10109777SILVAK_2025-08-15_G68,10109777SILVAK,2025-08-15,110733,1,8,0,106.0
10109777SILVAK_2025-08-15_G69,10109777SILVAK,2025-08-15,109643,1,4,0,83.0
10109777SILVAK_2025-08-15_G70,10109777SILVAK,2025-08-15,117808,1,14,0,94.0
10109777SILVAK_2025-08-15_G71,10109777SILVAK,2025-08-15,110371,1,8,0,164.0
10109777SILVAK_2025-08-15_G72,10109777SILVAK,2025-08-15,110325,1,4,0,465.0
10109777SILVAK_2025-08-15_G73,10109777SILVAK,2025-08-15,117809,1,4,0,64.0
10109777SILVAK_2025-08-15_G74,10109777SILVAK,2025-08-15,110373,1,24,0,70.0
10109777SILVAK_2025-08-15_G75,10109777SILVAK,2025-08-15,111463,1,11,0,499.0
10109777SILVAK_2025-08-15_G76,10109777SILVAK,2025-08-15,109641,1,6,0,493.0
10109777SILVAK_2025-08-15_G77,10109777SILVAK,2025-08-15,"140922, 111348",2,4,17,96.0
10109777SILVAK_2025-08-15_G78,10109777SILVAK,2025-08-15,111418,1,10,0,135.0
10109777SILVAK_2025-08-15_G79,10109777SILVAK,2025-08-15,111532,1,6,0,47.0
10109777SILVAK_2025-08-15_G80,10109777SILVAK,2025-08-15,118140,1,4,0,117.0
10109777SILVAK_2025-08-15_G81,10109777SILVAK,2025-08-15,111444,1,2,0,111.0
10109777SILVAK_2025-08-15_G82,10109777SILVAK,2025-08-15,117854,1,4,0,225.0
10109777SILVAK_2025-08-15_G83,10109777SILVAK,2025-08-15,118094,1,6,0,264.0
10109777SILVAK_2025-08-15_G84,10109777SILVAK,2025-08-15,117861,1,4,0,99.0
10109777SILVAK_2025-08-15_G85,10109777SILVAK,2025-08-15,110733,1,3,0,150.0
10109777SILVAK_2025-08-15_G86,10109777SILVAK,2025-08-15,111602,1,6,0,67.0
10109777SILVAK_2025-08-16_G02,10109777SILVAK,2025-08-16,"108711, 105705",2,7,12,252.0
10109777SILVAK_2025-08-16_G03,10109777SILVAK,2025-08-16,111348,1,2,0,32.0
10109777SILVAK_2025-08-16_G04,10109777SILVAK,2025-08-16,108798,1,8,0,466.0
10109777SILVAK_2025-08-16_G05,10109777SILVAK,2025-08-16,111468,1,2,0,108.0
10109777SILVAK_2025-08-16_G06,10109777SILVAK,2025-08-16,118140,1,3,0,74.0
10109777SILVAK_2025-08-16_G07,10109777SILVAK,2025-08-16,110332,1,1,0,84.0
10109777SILVAK_2025-08-16_G08,10109777SILVAK,2025-08-16,110372,1,25,0,642.0
10109777SILVAK_2025-08-16_G09,10109777SILVAK,2025-08-16,108770,1,1,0,303.0
10109777SILVAK_2025-08-16_G10,10109777SILVAK,2025-08-16,110313,1,14,0,541.0
10109777SILVAK_2025-08-16_G11,10109777SILVAK,2025-08-16,110313,1,18,0,81.0
10109777SILVAK_2025-08-16_G12,10109777SILVAK,2025-08-16,141457,1,8,0,302.0
10109777SILVAK_2025-08-16_G13,10109777SILVAK,2025-08-16,110372,1,9,0,387.0
10109777SILVAK_2025-08-16_G14,10109777SILVAK,2025-08-16,117855,1,4,0,300.0
10109777SILVAK_2025-08-16_G15,10109777SILVAK,2025-08-16,111876,1,4,0,57.0
10109777SILVAK_2025-08-16_G16,10109777SILVAK,2025-08-16,117832,1,8,0,107.0
10109777SILVAK_2025-08-16_G17,10109777SILVAK,2025-08-16,118298,1,2,0,84.0
10109777SILVAK_2025-08-16_G18,10109777SILVAK,2025-08-16,117809,1,8,0,74.0
10109777SILVAK_2025-08-16_G19,10109777SILVAK,2025-08-16,111743,1,2,0,81.0
10109777SILVAK_2025-08-16_G20,10109777SILVAK,2025-08-16,117786,1,8,0,120.0
10109777SILVAK_2025-08-16_G21,10109777SILVAK,2025-08-16,111465,1,4,0,71.0
10109777SILVAK_2025-08-16_G22,10109777SILVAK,2025-08-16,117808,1,8,0,36.0
10109777SILVAK_2025-08-16_G23,10109777SILVAK,2025-08-16,107888,1,2,0,533.0
10109777SILVAK_2025-08-16_G24,10109777SILVAK,2025-08-16,117786,1,2,0,475.0
10109777SILVAK_2025-08-16_G25,10109777SILVAK,2025-08-16,111602,1,12,0,44.0
10109777SILVAK_2025-08-16_G26,10109777SILVAK,2025-08-16,109641,1,1,0,579.0
10109777SILVAK_2025-08-16_G27,10109777SILVAK,2025-08-16,"108795, 108711",2,7,10,79.0
10109777SILVAK_2025-08-16_G28,10109777SILVAK,2025-08-16,105705,1,4,0,51.0
10109777SILVAK_2025-08-16_G29,10109777SILVAK,2025-08-16,140922,1,4,0,170.0
10109777SILVAK_2025-08-16_G30,10109777SILVAK,2025-08-16,"111463, 111348",2,8,10,41.0
10109777SILVAK_2025-08-16_G31,10109777SILVAK,2025-08-16,117821,1,2,0,110.0
10109777SILVAK_2025-08-16_G32,10109777SILVAK,2025-08-16,108798,1,2,0,70.0
10109777SILVAK_2025-08-16_G33,10109777SILVAK,2025-08-16,141456,1,8,0,109.0
10109777SILVAK_2025-08-16_G34,10109777SILVAK,2025-08-16,141458,1,8,0,122.0
10109777SILVAK_2025-08-16_G35,10109777SILVAK,2025-08-16,141457,1,8,0,88.0
10109777SILVAK_2025-08-16_G36,10109777SILVAK,2025-08-16,117809,1,10,0,136.0
10109777SILVAK_2025-08-16_G37,10109777SILVAK,2025-08-16,118299,1,18,0,109.0
10109777SILVAK_2025-08-16_G38,10109777SILVAK,2025-08-16,110375,1,4,0,120.0
10109777SILVAK_2025-08-16_G39,10109777SILVAK,2025-08-16,117808,1,6,0,145.0
10109777SILVAK_2025-08-16_G40,10109777SILVAK,2025-08-16,110711,2,10,8,1862.0
10109777SILVAK_2025-08-16_G41,10109777SILVAK,2025-08-16,109640,1,4,0,62.0
10109777SILVAK_2025-08-16_G42,10109777SILVAK,2025-08-16,110313,1,4,0,205.0
10109777SILVAK_2025-08-16_G43,10109777SILVAK,2025-08-16,111463,1,38,0,317.0
10109777SILVAK_2025-08-16_G44,10109777SILVAK,2025-08-16,118140,1,49,0,403.0
10109777SILVAK_2025-08-16_G45,10109777SILVAK,2025-08-16,118140,1,2,0,103.0
10109777SILVAK_2025-08-16_G46,10109777SILVAK,2025-08-16,111439,1,4,0,621.0
10109777SILVAK_2025-08-16_G47,10109777SILVAK,2025-08-16,110711,1,8,0,80.0
10109777SILVAK_2025-08-16_G48,10109777SILVAK,2025-08-16,110313,1,16,0,286.0
10109777SILVAK_2025-08-16_G49,10109777SILVAK,2025-08-16,111463,1,4,0,83.0
10109777SILVAK_2025-08-16_G50,10109777SILVAK,2025-08-16,111463,1,5,0,124.0
10109777SILVAK_2025-08-16_G51,10109777SILVAK,2025-08-16,111463,1,25,0,606.0
10109777SILVAK_2025-08-16_G52,10109777SILVAK,2025-08-16,118140,1,9,0,126.0
10109777SILVAK_2025-08-16_G53,10109777SILVAK,2025-08-16,110515,1,4,0,181.0
10109777SILVAK_2025-08-16_G55,10109777SILVAK,2025-08-16,118281,1,34,0,316.0
10109777SILVAK_2025-08-16_G56,10109777SILVAK,2025-08-16,118277,1,16,0,596.0
10109777SILVAK_2025-08-16_G57,10109777SILVAK,2025-08-16,110373,1,120,0,650.0
10109777SILVAK_2025-08-16_G58,10109777SILVAK,2025-08-16,107830,1,7,0,193.0
10109777SILVAK_2025-08-16_G59,10109777SILVAK,2025-08-16,109643,1,12,0,38.0
10109777SILVAK_2025-08-16_G60,10109777SILVAK,2025-08-16,117832,1,16,0,238.0
10109777SILVAK_2025-08-16_G61,10109777SILVAK,2025-08-16,117820,1,100,0,250.0
10109777SILVAK_2025-08-16_G62,10109777SILVAK,2025-08-16,110372,1,120,0,330.0
10109777SILVAK_2025-08-16_G63,10109777SILVAK,2025-08-16,118299,1,150,0,504.0
10109777SILVAK_2025-08-16_G64,10109777SILVAK,2025-08-16,110371,1,110,0,243.0
10109777SILVAK_2025-08-18_G02,10109777SILVAK,2025-08-18,110371,1,2,0,140.0
10109777SILVAK_2025-08-18_G03,10109777SILVAK,2025-08-18,110787,1,12,0,296.0
10109777SILVAK_2025-08-18_G04,10109777SILVAK,2025-08-18,111469,1,4,0,238.0
10109777SILVAK_2025-08-18_G05,10109777SILVAK,2025-08-18,111466,2,3,23,76.0
10109777SILVAK_2025-08-18_G06,10109777SILVAK,2025-08-18,110372,1,2,0,154.0
10109777SILVAK_2025-08-18_G07,10109777SILVAK,2025-08-18,118140,1,12,0,270.0
10109777SILVAK_2025-08-18_G08,10109777SILVAK,2025-08-18,118140,1,2,0,90.0
10109777SILVAK_2025-08-18_G09,10109777SILVAK,2025-08-18,111655,1,8,0,236.0
10109777SILVAK_2025-08-18_G10,10109777SILVAK,2025-08-18,111469,1,2,0,53.0
10109777SILVAK_2025-08-18_G11,10109777SILVAK,2025-08-18,118140,1,8,0,108.0
10109777SILVAK_2025-08-18_G12,10109777SILVAK,2025-08-18,111443,1,2,0,384.0
10109777SILVAK_2025-08-18_G13,10109777SILVAK,2025-08-18,110787,1,12,0,195.0
10109777SILVAK_2025-08-18_G14,10109777SILVAK,2025-08-18,111466,1,7,0,1670.0
10109777SILVAK_2025-08-18_G15,10109777SILVAK,2025-08-18,111463,1,7,0,248.0
10109777SILVAK_2025-08-18_G16,10109777SILVAK,2025-08-18,110711,1,2,0,169.0
10109777SILVAK_2025-08-18_G17,10109777SILVAK,2025-08-18,117856,1,2,0,58.0
10109777SILVAK_2025-08-18_G18,10109777SILVAK,2025-08-18,111466,1,4,0,505.0
10109777SILVAK_2025-08-18_G19,10109777SILVAK,2025-08-18,111530,1,2,0,379.0
10109777SILVAK_2025-08-18_G20,10109777SILVAK,2025-08-18,141823,1,6,0,155.0
10109777SILVAK_2025-08-18_G21,10109777SILVAK,2025-08-18,110711,1,2,0,99.0
10109777SILVAK_2025-08-18_G22,10109777SILVAK,2025-08-18,110787,1,12,0,106.0
10109777SILVAK_2025-08-18_G23,10109777SILVAK,2025-08-18,110787,1,32,0,37.0
10109777SILVAK_2025-08-18_G24,10109777SILVAK,2025-08-18,110711,1,5,0,585.0
10109777SILVAK_2025-08-18_G25,10109777SILVAK,2025-08-18,"117856, 111466",2,17,20,108.0
10109777SILVAK_2025-08-18_G26,10109777SILVAK,2025-08-18,111463,1,11,0,250.0
10109777SILVAK_2025-08-18_G27,10109777SILVAK,2025-08-18,110372,1,41,0,61.0
10109777SILVAK_2025-08-18_G28,10109777SILVAK,2025-08-18,109640,1,8,0,807.0
10109777SILVAK_2025-08-18_G29,10109777SILVAK,2025-08-18,110711,1,12,0,80.0
10109777SILVAK_2025-08-18_G30,10109777SILVAK,2025-08-18,109640,1,1,0,142.0
10109777SILVAK_2025-08-18_G31,10109777SILVAK,2025-08-18,117856,1,4,0,201.0
10109777SILVAK_2025-08-18_G32,10109777SILVAK,2025-08-18,111469,1,16,0,192.0
10109777SILVAK_2025-08-18_G33,10109777SILVAK,2025-08-18,118140,1,3,0,268.0
10109777SILVAK_2025-08-18_G34,10109777SILVAK,2025-08-18,118140,1,8,0,92.0
10109777SILVAK_2025-08-18_G35,10109777SILVAK,2025-08-18,118140,1,2,0,104.0
10109777SILVAK_2025-08-18_G36,10109777SILVAK,2025-08-18,118140,1,8,0,108.0
10109777SILVAK_2025-08-18_G37,10109777SILVAK,2025-08-18,110711,1,2,0,386.0
10109777SILVAK_2025-08-18_G38,10109777SILVAK,2025-08-18,117856,1,3,0,39.0
10109777SILVAK_2025-08-18_G39,10109777SILVAK,2025-08-18,111463,1,1,0,118.0
10109777SILVAK_2025-08-18_G40,10109777SILVAK,2025-08-18,110787,1,4,0,87.0
10109777SILVAK_2025-08-18_G41,10109777SILVAK,2025-08-18,110711,1,9,0,132.0
10109777SILVAK_2025-08-18_G42,10109777SILVAK,2025-08-18,117856,1,3,0,94.0
10109777SILVAK_2025-08-18_G43,10109777SILVAK,2025-08-18,110372,2,6,7,61.0
10109777SILVAK_2025-08-18_G44,10109777SILVAK,2025-08-18,111466,2,4,18,82.0
10109777SILVAK_2025-08-18_G45,10109777SILVAK,2025-08-18,111463,1,4,0,100.0
10109777SILVAK_2025-08-18_G46,10109777SILVAK,2025-08-18,111463,1,4,0,79.0
10109777SILVAK_2025-08-18_G47,10109777SILVAK,2025-08-18,118140,1,2,0,241.0
10109777SILVAK_2025-08-18_G48,10109777SILVAK,2025-08-18,110372,2,6,18,253.0
10109777SILVAK_2025-08-18_G49,10109777SILVAK,2025-08-18,110787,2,32,26,271.0
10109777SILVAK_2025-08-18_G50,10109777SILVAK,2025-08-18,110787,1,2,0,202.0
10109777SILVAK_2025-08-18_G51,10109777SILVAK,2025-08-18,111442,1,8,0,80.0
10109777SILVAK_2025-08-18_G52,10109777SILVAK,2025-08-18,111532,1,2,0,187.0
10109777SILVAK_2025-08-18_G53,10109777SILVAK,2025-08-18,115234,1,4,0,306.0
10109777SILVAK_2025-08-18_G54,10109777SILVAK,2025-08-18,109933,1,2,0,173.0
10109777SILVAK_2025-08-18_G55,10109777SILVAK,2025-08-18,110711,1,7,0,61.0
10109777SILVAK_2025-08-18_G56,10109777SILVAK,2025-08-18,111466,2,9,17,126.0
10109777SILVAK_2025-08-18_G57,10109777SILVAK,2025-08-18,111463,2,8,11,75.0
10109777SILVAK_2025-08-18_G58,10109777SILVAK,2025-08-18,111463,1,100,0,52.0
10109777SILVAK_2025-08-18_G59,10109777SILVAK,2025-08-18,110372,1,120,0,537.0
10109777SILVAK_2025-08-18_G60,10109777SILVAK,2025-08-18,117856,1,29,0,909.0
10109777SILVAK_2025-08-18_G61,10109777SILVAK,2025-08-18,118140,1,36,0,900.0
10109777SILVAK_2025-08-18_G62,10109777SILVAK,2025-08-18,"160055, 160054",2,4,28,741.0
10109777SILVAK_2025-08-18_G64,10109777SILVAK,2025-08-18,109641,1,6,0,605.0
10109777SILVAK_2025-08-18_G65,10109777SILVAK,2025-08-18,110372,1,125,0,400.0
10109777SILVAK_2025-08-18_G66,10109777SILVAK,2025-08-18,111466,1,84,0,620.0
10109777SILVAK_2025-08-18_G67,10109777SILVAK,2025-08-18,111463,1,82,0,695.0
10109777SILVAK_2025-08-18_G68,10109777SILVAK,2025-08-18,118222,1,1,0,305.0
10109777SILVAK_2025-08-18_G69,10109777SILVAK,2025-08-18,100334,1,1,0,680.0
10109777SILVAK_2025-08-18_G70,10109777SILVAK,2025-08-18,111569,1,2,0,49.0
10109777SILVAK_2025-08-18_G71,10109777SILVAK,2025-08-18,111660,1,4,0,135.0
10109777SILVAK_2025-08-18_G72,10109777SILVAK,2025-08-18,107629,1,4,0,304.0
10109777SILVAK_2025-08-18_G73,10109777SILVAK,2025-08-18,110733,1,2,0,109.0
10109777SILVAK_2025-08-18_G74,10109777SILVAK,2025-08-18,"117853, 111602",2,6,30,74.0
10109777SILVAK_2025-08-18_G75,10109777SILVAK,2025-08-18,111466,1,2,0,115.0
10109777SILVAK_2025-08-18_G76,10109777SILVAK,2025-08-18,108711,1,2,0,69.0
10109777SILVAK_2025-08-18_G77,10109777SILVAK,2025-08-18,111463,1,7,0,58.0
10109777SILVAK_2025-08-18_G78,10109777SILVAK,2025-08-18,117821,1,4,0,140.0
10109777SILVAK_2025-08-18_G79,10109777SILVAK,2025-08-18,117831,1,9,0,108.0
10109777SILVAK_2025-08-18_G80,10109777SILVAK,2025-08-18,108794,1,4,0,102.0
10109777SILVAK_2025-08-18_G81,10109777SILVAK,2025-08-18,111418,1,9,0,262.0
10109777SILVAK_2025-08-18_G82,10109777SILVAK,2025-08-18,110740,1,2,0,46.0
10109777SILVAK_2025-08-18_G83,10109777SILVAK,2025-08-18,109643,1,12,0,274.0
10109777SILVAK_2025-08-18_G84,10109777SILVAK,2025-08-18,117820,1,4,0,106.0
10109777SILVAK_2025-08-18_G85,10109777SILVAK,2025-08-18,118299,1,2,0,229.0
10109777SILVAK_2025-08-18_G86,10109777SILVAK,2025-08-18,"117808, 110372",2,12,19,34.0
10109777SILVAK_2025-08-18_G87,10109777SILVAK,2025-08-18,110711,1,1,0,311.0
10109777SILVAK_2025-08-18_G88,10109777SILVAK,2025-08-18,111466,1,23,0,173.0
10109777SILVAK_2025-08-18_G89,10109777SILVAK,2025-08-18,110787,1,5,0,144.0
10109777SILVAK_2025-08-18_G90,10109777SILVAK,2025-08-18,110787,1,12,0,86.0
10109777SILVAK_2025-08-18_G91,10109777SILVAK,2025-08-18,118094,1,2,0,818.0
10109777SILVAK_2025-08-19_G02,10109777SILVAK,2025-08-19,117853,1,15,0,341.0
10109777SILVAK_2025-08-19_G03,10109777SILVAK,2025-08-19,117832,1,70,0,397.0
10109777SILVAK_2025-08-19_G04,10109777SILVAK,2025-08-19,110373,1,100,0,656.0
10109777SILVAK_2025-08-19_G05,10109777SILVAK,2025-08-19,107830,1,24,0,429.0
10109777SILVAK_2025-08-19_G06,10109777SILVAK,2025-08-19,109643,1,32,0,456.0
10109777SILVAK_2025-08-19_G07,10109777SILVAK,2025-08-19,117820,1,100,0,204.0
10109777SILVAK_2025-08-19_G08,10109777SILVAK,2025-08-19,110325,1,50,0,499.0
10109777SILVAK_2025-08-19_G09,10109777SILVAK,2025-08-19,118299,1,400,0,810.0
10109777SILVAK_2025-08-19_G10,10109777SILVAK,2025-08-19,117830,1,140,0,483.0
10109777SILVAK_2025-08-19_G11,10109777SILVAK,2025-08-19,111465,1,60,0,1148.0
10109777SILVAK_2025-08-19_G12,10109777SILVAK,2025-08-19,141823,1,20,0,444.0
10109777SILVAK_2025-08-19_G13,10109777SILVAK,2025-08-19,117785,1,80,0,360.0
10109777SILVAK_2025-08-19_G14,10109777SILVAK,2025-08-19,111530,1,1,0,577.0
10109777SILVAK_2025-08-19_G15,10109777SILVAK,2025-08-19,118140,1,40,0,94.0
10109777SILVAK_2025-08-19_G16,10109777SILVAK,2025-08-19,181056,1,8,0,45.0
10109777SILVAK_2025-08-19_G17,10109777SILVAK,2025-08-19,118140,6,123,55,120.0
10109777SILVAK_2025-08-19_G18,10109777SILVAK,2025-08-19,118140,1,445,0,199.0
10109777SILVAK_2025-08-20_G02,10109777SILVAK,2025-08-20,109640,1,4,0,399.0
10109777SILVAK_2025-08-20_G03,10109777SILVAK,2025-08-20,111530,1,20,0,1093.0
10109777SILVAK_2025-08-20_G04,10109777SILVAK,2025-08-20,"111602, 111530",2,36,16,102.0
10109777SILVAK_2025-08-20_G05,10109777SILVAK,2025-08-20,111530,1,20,0,305.0
10109777SILVAK_2025-08-20_G06,10109777SILVAK,2025-08-20,111530,1,20,0,116.0
10109777SILVAK_2025-08-20_G07,10109777SILVAK,2025-08-20,111530,1,20,0,439.0
10109777SILVAK_2025-08-20_G08,10109777SILVAK,2025-08-20,109640,1,4,0,762.0
10109777SILVAK_2025-08-20_G09,10109777SILVAK,2025-08-20,111530,1,20,0,228.0
10109777SILVAK_2025-08-20_G10,10109777SILVAK,2025-08-20,111602,1,20,0,96.0
10109777SILVAK_2025-08-20_G11,10109777SILVAK,2025-08-20,109640,1,4,0,84.0
10109777SILVAK_2025-08-20_G12,10109777SILVAK,2025-08-20,"109640, 111530",3,28,31,591.0
10109777SILVAK_2025-08-20_G13,10109777SILVAK,2025-08-20,110372,1,50,0,1073.0
10109777SILVAK_2025-08-20_G14,10109777SILVAK,2025-08-20,117836,1,4,0,3519.0
10109777SILVAK_2025-08-20_G15,10109777SILVAK,2025-08-20,111469,2,16,5,862.0
10109777SILVAK_2025-08-20_G16,10109777SILVAK,2025-08-20,117820,9,58,94,620.0
10109777SILVAK_2025-08-20_G17,10109777SILVAK,2025-08-20,117822,2,6,14,396.0
10109777SILVAK_2025-08-20_G18,10109777SILVAK,2025-08-20,"111466, 105705",3,20,22,340.0
10109777SILVAK_2025-08-20_G19,10109777SILVAK,2025-08-20,109641,2,10,11,306.0
10109777SILVAK_2025-08-20_G20,10109777SILVAK,2025-08-20,111442,1,2,0,124.0
10109777SILVAK_2025-08-20_G21,10109777SILVAK,2025-08-20,110740,1,4,0,71.0
10109777SILVAK_2025-08-20_G22,10109777SILVAK,2025-08-20,118299,1,8,0,139.0
10109777SILVAK_2025-08-20_G23,10109777SILVAK,2025-08-20,110325,1,2,0,49.0
10109777SILVAK_2025-08-20_G24,10109777SILVAK,2025-08-20,111330,1,4,0,1515.0
10109777SILVAK_2025-08-20_G25,10109777SILVAK,2025-08-20,111182,1,6,0,500.0
10109777SILVAK_2025-08-20_G26,10109777SILVAK,2025-08-20,117820,3,30,13,257.0
10109777SILVAK_2025-08-20_G27,10109777SILVAK,2025-08-20,117830,2,34,16,54.0
10109777SILVAK_2025-08-20_G28,10109777SILVAK,2025-08-20,141066,1,2,0,827.0
10109777SILVAK_2025-08-20_G29,10109777SILVAK,2025-08-20,110711,1,10,0,185.0
10109777SILVAK_2025-08-20_G30,10109777SILVAK,2025-08-20,117856,1,6,0,43.0
10109777SILVAK_2025-08-20_G31,10109777SILVAK,2025-08-20,117785,1,6,0,959.0
10109777SILVAK_2025-08-20_G32,10109777SILVAK,2025-08-20,111463,1,14,0,61.0
10109777SILVAK_2025-08-20_G33,10109777SILVAK,2025-08-20,111418,1,6,0,253.0
10109777SILVAK_2025-08-20_G34,10109777SILVAK,2025-08-20,117831,1,6,0,233.0
10109777SILVAK_2025-08-20_G35,10109777SILVAK,2025-08-20,"108794, 111743",2,16,15,70.0
10109777SILVAK_2025-08-20_G36,10109777SILVAK,2025-08-20,118299,1,30,0,97.0
10109777SILVAK_2025-08-20_G37,10109777SILVAK,2025-08-20,110371,1,19,0,537.0
10109777SILVAK_2025-08-20_G38,10109777SILVAK,2025-08-20,110372,1,12,0,187.0
10109777SILVAK_2025-08-21_G03,10109777SILVAK,2025-08-21,110750,1,6,0,139.0
10109777SILVAK_2025-08-21_G04,10109777SILVAK,2025-08-21,141047,1,2,0,77.0
10109777SILVAK_2025-08-21_G05,10109777SILVAK,2025-08-21,111182,1,8,0,230.0
10109777SILVAK_2025-08-21_G06,10109777SILVAK,2025-08-21,108711,1,4,0,371.0
10109777SILVAK_2025-08-21_G07,10109777SILVAK,2025-08-21,140922,1,4,0,181.0
10109777SILVAK_2025-08-21_G08,10109777SILVAK,2025-08-21,"110745, 118317",2,6,25,100.0
10109777SILVAK_2025-08-21_G09,10109777SILVAK,2025-08-21,141202,1,8,0,277.0
10109777SILVAK_2025-08-21_G10,10109777SILVAK,2025-08-21,117830,1,5,0,160.0
10109777SILVAK_2025-08-21_G11,10109777SILVAK,2025-08-21,117822,1,6,0,261.0
10109777SILVAK_2025-08-21_G12,10109777SILVAK,2025-08-21,141823,1,2,0,137.0
10109777SILVAK_2025-08-21_G13,10109777SILVAK,2025-08-21,110787,2,24,22,391.0
10109777SILVAK_2025-08-21_G14,10109777SILVAK,2025-08-21,141823,1,20,0,311.0
10109777SILVAK_2025-08-21_G15,10109777SILVAK,2025-08-21,110895,1,6,0,1082.0
10109777SILVAK_2025-08-21_G16,10109777SILVAK,2025-08-21,"141047, 111469",2,4,29,161.0
10109777SILVAK_2025-08-21_G17,10109777SILVAK,2025-08-21,109643,1,1,0,68.0
10109777SILVAK_2025-08-21_G18,10109777SILVAK,2025-08-21,118140,1,6,0,248.0
10109777SILVAK_2025-08-21_G19,10109777SILVAK,2025-08-21,"109641, 110740",2,6,8,126.0
10109777SILVAK_2025-08-21_G20,10109777SILVAK,2025-08-21,110325,1,12,0,277.0
10109777SILVAK_2025-08-21_G21,10109777SILVAK,2025-08-21,111469,2,6,7,90.0
10109777SILVAK_2025-08-21_G22,10109777SILVAK,2025-08-21,111435,1,2,0,137.0
10109777SILVAK_2025-08-21_G23,10109777SILVAK,2025-08-21,"110515, 111530",2,8,18,305.0
10109777SILVAK_2025-08-21_G25,10109777SILVAK,2025-08-21,"117808, 140922",2,50,15,496.0
10109777SILVAK_2025-08-21_G26,10109777SILVAK,2025-08-21,111469,1,30,0,303.0
10109777SILVAK_2025-08-21_G27,10109777SILVAK,2025-08-21,110376,2,10,26,261.0
10109777SILVAK_2025-08-21_G28,10109777SILVAK,2025-08-21,111430,1,4,0,473.0
10109777SILVAK_2025-08-21_G29,10109777SILVAK,2025-08-21,111430,1,4,0,32.0
10109777SILVAK_2025-08-21_G30,10109777SILVAK,2025-08-21,111466,1,70,0,1010.0
10109777SILVAK_2025-08-21_G31,10109777SILVAK,2025-08-21,117855,1,30,0,1027.0
10109777SILVAK_2025-08-21_G32,10109777SILVAK,2025-08-21,117808,1,600,0,1039.0
10109777SILVAK_2025-08-21_G33,10109777SILVAK,2025-08-21,118299,1,310,0,840.0
10109777SILVAK_2025-08-21_G34,10109777SILVAK,2025-08-21,118299,1,290,0,284.0
10109777SILVAK_2025-08-21_G35,10109777SILVAK,2025-08-21,117820,1,40,0,300.0
10109777SILVAK_2025-08-21_G36,10109777SILVAK,2025-08-21,117832,1,12,0,279.0
10109777SILVAK_2025-08-21_G37,10109777SILVAK,2025-08-21,110372,1,40,0,385.0
10109777SILVAK_2025-08-21_G38,10109777SILVAK,2025-08-21,141457,1,100,0,245.0
10109777SILVAK_2025-08-21_G39,10109777SILVAK,2025-08-21,141457,1,50,0,224.0
10109777SILVAK_2025-08-21_G40,10109777SILVAK,2025-08-21,111469,1,30,0,157.0
10109777SILVAK_2025-08-21_G41,10109777SILVAK,2025-08-21,111418,2,30,4,304.0
10109777SILVAK_2025-08-22_G02,10109777SILVAK,2025-08-22,118140,1,2,0,368.0
10109777SILVAK_2025-08-22_G03,10109777SILVAK,2025-08-22,117809,1,10,0,160.0
10109777SILVAK_2025-08-22_G04,10109777SILVAK,2025-08-22,110373,1,3,0,132.0
10109777SILVAK_2025-08-22_G05,10109777SILVAK,2025-08-22,110375,1,2,0,136.0
10109777SILVAK_2025-08-22_G06,10109777SILVAK,2025-08-22,118299,1,16,0,360.0
10109777SILVAK_2025-08-22_G07,10109777SILVAK,2025-08-22,110372,1,8,0,123.0
10109777SILVAK_2025-08-22_G08,10109777SILVAK,2025-08-22,117820,1,10,0,119.0
10109777SILVAK_2025-08-22_G09,10109777SILVAK,2025-08-22,141456,1,14,0,398.0
10109777SILVAK_2025-08-22_G10,10109777SILVAK,2025-08-22,108759,1,2,0,434.0
10109777SILVAK_2025-08-22_G11,10109777SILVAK,2025-08-22,111569,1,12,0,92.0
10109777SILVAK_2025-08-22_G12,10109777SILVAK,2025-08-22,110747,1,4,0,361.0
10109777SILVAK_2025-08-22_G13,10109777SILVAK,2025-08-22,110742,1,4,0,988.0
10109777SILVAK_2025-08-22_G14,10109777SILVAK,2025-08-22,110376,1,2,0,49.0
10109777SILVAK_2025-08-22_G15,10109777SILVAK,2025-08-22,117862,1,3,0,159.0
10109777SILVAK_2025-08-22_G16,10109777SILVAK,2025-08-22,111876,1,2,0,48.0
10109777SILVAK_2025-08-22_G17,10109777SILVAK,2025-08-22,"117853, 109647",2,6,28,191.0
10109777SILVAK_2025-08-22_G18,10109777SILVAK,2025-08-22,111467,1,2,0,116.0
10109777SILVAK_2025-08-22_G19,10109777SILVAK,2025-08-22,117787,1,12,0,189.0
10109777SILVAK_2025-08-22_G20,10109777SILVAK,2025-08-22,141456,1,30,0,442.0
10109777SILVAK_2025-08-22_G21,10109777SILVAK,2025-08-22,110313,2,14,26,470.0
10109777SILVAK_2025-08-22_G22,10109777SILVAK,2025-08-22,109645,1,3,0,1035.0
10109777SILVAK_2025-08-22_G23,10109777SILVAK,2025-08-22,111418,1,30,0,489.0
10109777SILVAK_2025-08-22_G24,10109777SILVAK,2025-08-22,117831,1,30,0,217.0
10109777SILVAK_2025-08-22_G25,10109777SILVAK,2025-08-22,110740,1,12,0,280.0
10109777SILVAK_2025-08-22_G26,10109777SILVAK,2025-08-22,141457,1,30,0,160.0
10109777SILVAK_2025-08-22_G27,10109777SILVAK,2025-08-22,117841,1,2,0,240.0
10109777SILVAK_2025-08-22_G28,10109777SILVAK,2025-08-22,111431,1,2,0,186.0
10109777SILVAK_2025-08-22_G29,10109777SILVAK,2025-08-22,110373,1,1,0,75.0
10109777SILVAK_2025-08-22_G30,10109777SILVAK,2025-08-22,110371,1,1,0,54.0
10109777SILVAK_2025-08-22_G31,10109777SILVAK,2025-08-22,118299,1,50,0,580.0
10109777SILVAK_2025-08-22_G32,10109777SILVAK,2025-08-22,111602,1,10,0,349.0
10109777SILVAK_2025-08-22_G33,10109777SILVAK,2025-08-22,117856,1,30,0,972.0
10109777SILVAK_2025-08-22_G34,10109777SILVAK,2025-08-22,110376,1,1,0,1961.0
10109777SILVAK_2025-08-23_G02,10109777SILVAK,2025-08-23,117820,1,7,0,313.0
10109777SILVAK_2025-08-23_G03,10109777SILVAK,2025-08-23,111738,1,4,0,224.0
10109777SILVAK_2025-08-23_G04,10109777SILVAK,2025-08-23,111755,1,4,0,916.0
10109777SILVAK_2025-08-23_G05,10109777SILVAK,2025-08-23,110580,1,2,0,267.0
10109777SILVAK_2025-08-23_G06,10109777SILVAK,2025-08-23,111469,1,4,0,83.0
10109777SILVAK_2025-08-23_G07,10109777SILVAK,2025-08-23,111532,1,8,0,209.0
10109777SILVAK_2025-08-23_G08,10109777SILVAK,2025-08-23,117832,1,24,0,233.0
10109777SILVAK_2025-08-23_G09,10109777SILVAK,2025-08-23,118299,1,104,0,441.0
10109777SILVAK_2025-08-23_G10,10109777SILVAK,2025-08-23,117830,1,20,0,358.0
10109777SILVAK_2025-08-23_G11,10109777SILVAK,2025-08-23,"117785, 141456",2,54,8,1153.0
10109777SILVAK_2025-08-23_G12,10109777SILVAK,2025-08-23,117820,1,8,0,31.0
10109777SILVAK_2025-08-23_G13,10109777SILVAK,2025-08-23,110740,1,7,0,270.0
10109777SILVAK_2025-08-23_G14,10109777SILVAK,2025-08-23,111602,1,9,0,736.0
10109777SILVAK_2025-08-23_G15,10109777SILVAK,2025-08-23,118222,1,16,0,454.0
10109777SILVAK_2025-08-23_G16,10109777SILVAK,2025-08-23,109643,1,12,0,379.0
10109777SILVAK_2025-08-23_G17,10109777SILVAK,2025-08-23,110711,1,6,0,144.0
10109777SILVAK_2025-08-23_G18,10109777SILVAK,2025-08-23,111755,1,4,0,384.0
10109777SILVAK_2025-08-23_G19,10109777SILVAK,2025-08-23,111754,1,4,0,619.0
10109777SILVAK_2025-08-23_G20,10109777SILVAK,2025-08-23,111759,1,4,0,436.0
10109777SILVAK_2025-08-23_G21,10109777SILVAK,2025-08-23,111759,1,2,0,102.0
10109777SILVAK_2025-08-23_G22,10109777SILVAK,2025-08-23,118222,1,60,0,2689.0
10109777SILVAK_2025-08-23_G23,10109777SILVAK,2025-08-23,118222,1,20,0,76.0
10109777SILVAK_2025-08-23_G24,10109777SILVAK,2025-08-23,111445,1,7,0,2748.0
10109777SILVAK_2025-08-23_G25,10109777SILVAK,2025-08-23,117834,1,20,0,325.0
10109777SILVAK_2025-08-23_G26,10109777SILVAK,2025-08-23,117856,2,26,25,347.0
10109777SILVAK_2025-08-23_G28,10109777SILVAK,2025-08-23,111466,1,10,0,622.0
10109777SILVAK_2025-08-23_G29,10109777SILVAK,2025-08-23,111466,1,33,0,108.0
10109777SILVAK_2025-08-23_G30,10109777SILVAK,2025-08-23,111466,1,7,0,39.0
10109777SILVAK_2025-08-23_G31,10109777SILVAK,2025-08-23,110787,2,27,6,299.0
10109777SILVAK_2025-08-23_G32,10109777SILVAK,2025-08-23,110740,1,14,0,947.0
10109777SILVAK_2025-08-23_G33,10109777SILVAK,2025-08-23,117785,1,30,0,262.0
10109777SILVAK_2025-08-23_G34,10109777SILVAK,2025-08-23,100334,1,14,0,1432.0
10109777SILVAK_2025-08-23_G35,10109777SILVAK,2025-08-23,117855,1,8,0,837.0
10109777SILVAK_2025-08-23_G36,10109777SILVAK,2025-08-23,109647,1,10,0,40.0
10109777SILVAK_2025-08-23_G37,10109777SILVAK,2025-08-23,141047,1,20,0,223.0
10109777SILVAK_2025-08-23_G38,10109777SILVAK,2025-08-23,110752,1,6,0,223.0
10109777SILVAK_2025-08-23_G39,10109777SILVAK,2025-08-23,110375,1,7,0,758.0
10109777SILVAK_2025-08-23_G40,10109777SILVAK,2025-08-23,110372,1,115,0,416.0
10109777SILVAK_2025-08-23_G41,10109777SILVAK,2025-08-23,110325,1,156,0,612.0
10109777SILVAK_2025-08-23_G42,10109777SILVAK,2025-08-23,107830,1,29,0,104.0
10109777SILVAK_2025-08-26_G02,10109777SILVAK,2025-08-26,115775,1,4,0,259.0
10109777SILVAK_2025-08-26_G03,10109777SILVAK,2025-08-26,111445,1,4,0,168.0
10109777SILVAK_2025-08-26_G04,10109777SILVAK,2025-08-26,111441,1,12,0,294.0
10109777SILVAK_2025-08-26_G05,10109777SILVAK,2025-08-26,111441,1,4,0,420.0
10109777SILVAK_2025-08-26_G06,10109777SILVAK,2025-08-26,117854,1,2,0,774.0
10109777SILVAK_2025-08-26_G07,10109777SILVAK,2025-08-26,117862,1,3,0,60.0
10109777SILVAK_2025-08-26_G08,10109777SILVAK,2025-08-26,107629,1,1,0,44.0
10109777SILVAK_2025-08-26_G09,10109777SILVAK,2025-08-26,117856,1,8,0,87.0
10109777SILVAK_2025-08-26_G10,10109777SILVAK,2025-08-26,117861,1,2,0,88.0
10109777SILVAK_2025-08-26_G11,10109777SILVAK,2025-08-26,117853,1,2,0,70.0
10109777SILVAK_2025-08-26_G12,10109777SILVAK,2025-08-26,108772,1,2,0,121.0
10109777SILVAK_2025-08-26_G13,10109777SILVAK,2025-08-26,110515,1,4,0,94.0
10109777SILVAK_2025-08-26_G14,10109777SILVAK,2025-08-26,111660,1,4,0,188.0
10109777SILVAK_2025-08-26_G15,10109777SILVAK,2025-08-26,111435,1,2,0,120.0
10109777SILVAK_2025-08-26_G16,10109777SILVAK,2025-08-26,111348,1,4,0,157.0
10109777SILVAK_2025-08-26_G17,10109777SILVAK,2025-08-26,111466,1,8,0,280.0
10109777SILVAK_2025-08-26_G18,10109777SILVAK,2025-08-26,"110787, 110740, 111463",3,20,54,271.0
10109777SILVAK_2025-08-26_G19,10109777SILVAK,2025-08-26,110374,1,7,0,1068.0
10109777SILVAK_2025-08-26_G20,10109777SILVAK,2025-08-26,117808,1,12,0,31.0
10109777SILVAK_2025-08-26_G21,10109777SILVAK,2025-08-26,117809,1,4,0,108.0
10109777SILVAK_2025-08-26_G22,10109777SILVAK,2025-08-26,117820,1,12,0,296.0
10109777SILVAK_2025-08-26_G23,10109777SILVAK,2025-08-26,110373,1,12,0,49.0
10109777SILVAK_2025-08-26_G24,10109777SILVAK,2025-08-26,117832,1,4,0,182.0
10109777SILVAK_2025-08-26_G25,10109777SILVAK,2025-08-26,110372,1,16,0,912.0
10109777SILVAK_2025-08-26_G26,10109777SILVAK,2025-08-26,118299,1,12,0,233.0
10109777SILVAK_2025-08-26_G27,10109777SILVAK,2025-08-26,108770,1,1,0,548.0
10109777SILVAK_2025-08-26_G28,10109777SILVAK,2025-08-26,111441,1,4,0,203.0
10109777SILVAK_2025-08-26_G29,10109777SILVAK,2025-08-26,110755,1,2,0,436.0
10109777SILVAK_2025-08-26_G30,10109777SILVAK,2025-08-26,111660,1,2,0,89.0
10109777SILVAK_2025-08-26_G31,10109777SILVAK,2025-08-26,"111530, 110313",2,10,9,1697.0
10109777SILVAK_2025-08-26_G32,10109777SILVAK,2025-08-26,117854,1,2,0,133.0
10109777SILVAK_2025-08-26_G33,10109777SILVAK,2025-08-26,110733,1,4,0,76.0
10109777SILVAK_2025-08-26_G34,10109777SILVAK,2025-08-26,110750,1,2,0,60.0
10109777SILVAK_2025-08-26_G35,10109777SILVAK,2025-08-26,111469,1,8,0,105.0
10109777SILVAK_2025-08-26_G36,10109777SILVAK,2025-08-26,111468,1,3,0,514.0
10109777SILVAK_2025-08-26_G37,10109777SILVAK,2025-08-26,118317,1,2,0,241.0
10109777SILVAK_2025-08-26_G38,10109777SILVAK,2025-08-26,111418,1,10,0,120.0
10109777SILVAK_2025-08-26_G39,10109777SILVAK,2025-08-26,118140,1,4,0,73.0
10109777SILVAK_2025-08-26_G40,10109777SILVAK,2025-08-26,111466,1,4,0,125.0
10109777SILVAK_2025-08-26_G41,10109777SILVAK,2025-08-26,110374,1,4,0,49.0
10109777SILVAK_2025-08-26_G42,10109777SILVAK,2025-08-26,"110373, 118299",2,24,18,246.0
10109777SILVAK_2025-08-26_G43,10109777SILVAK,2025-08-26,110374,1,8,0,239.0
10109777SILVAK_2025-08-26_G44,10109777SILVAK,2025-08-26,110325,1,6,0,103.0
10109777SILVAK_2025-08-26_G45,10109777SILVAK,2025-08-26,"117809, 117820",3,30,34,170.0
10109777SILVAK_2025-08-26_G46,10109777SILVAK,2025-08-26,110373,1,20,0,304.0
10109777SILVAK_2025-08-26_G47,10109777SILVAK,2025-08-26,117832,1,4,0,140.0
10109777SILVAK_2025-08-26_G48,10109777SILVAK,2025-08-26,110372,1,20,0,90.0
10109777SILVAK_2025-08-26_G49,10109777SILVAK,2025-08-26,118299,2,24,17,151.0
10109777SILVAK_2025-08-26_G50,10109777SILVAK,2025-08-26,117830,1,4,0,377.0
10109777SILVAK_2025-08-26_G51,10109777SILVAK,2025-08-26,110372,1,20,0,144.0
10109777SILVAK_2025-08-26_G52,10109777SILVAK,2025-08-26,111441,1,2,0,771.0
10109777SILVAK_2025-08-26_G53,10109777SILVAK,2025-08-26,117862,1,8,0,125.0
10109777SILVAK_2025-08-26_G54,10109777SILVAK,2025-08-26,111602,1,2,0,65.0
10109777SILVAK_2025-08-26_G55,10109777SILVAK,2025-08-26,117785,1,5,0,144.0
10109777SILVAK_2025-08-26_G56,10109777SILVAK,2025-08-26,117821,1,8,0,86.0
10109777SILVAK_2025-08-26_G57,10109777SILVAK,2025-08-26,108798,1,2,0,62.0
10109777SILVAK_2025-08-26_G58,10109777SILVAK,2025-08-26,111466,1,5,0,92.0
10109777SILVAK_2025-08-26_G59,10109777SILVAK,2025-08-26,110787,1,1,0,48.0
10109777SILVAK_2025-08-26_G60,10109777SILVAK,2025-08-26,111462,1,5,0,61.0
10109777SILVAK_2025-08-26_G61,10109777SILVAK,2025-08-26,111444,1,8,0,157.0
10109777SILVAK_2025-08-26_G62,10109777SILVAK,2025-08-26,110374,1,8,0,33.0
10109777SILVAK_2025-08-26_G63,10109777SILVAK,2025-08-26,"110373, 110372",2,6,20,184.0
10109777SILVAK_2025-08-26_G64,10109777SILVAK,2025-08-26,117820,1,12,0,184.0
10109777SILVAK_2025-08-26_G66,10109777SILVAK,2025-08-26,118299,1,30,0,54.0
10109777SILVAK_2025-08-26_G67,10109777SILVAK,2025-08-26,109640,1,3,0,459.0
10109777SILVAK_2025-08-26_G68,10109777SILVAK,2025-08-26,"111462, 110740",2,8,14,123.0
10109777SILVAK_2025-08-26_G69,10109777SILVAK,2025-08-26,117820,1,10,0,106.0
10109777SILVAK_2025-08-26_G70,10109777SILVAK,2025-08-26,111441,1,5,0,257.0
10109777SILVAK_2025-08-26_G71,10109777SILVAK,2025-08-26,117835,1,1,0,174.0
10109777SILVAK_2025-08-26_G72,10109777SILVAK,2025-08-26,"117861, 111602",2,5,15,82.0
10109777SILVAK_2025-08-26_G73,10109777SILVAK,2025-08-26,111467,1,8,0,261.0
10109777SILVAK_2025-08-26_G74,10109777SILVAK,2025-08-26,117785,1,4,0,108.0
10109777SILVAK_2025-08-26_G75,10109777SILVAK,2025-08-26,111466,1,7,0,355.0
10109777SILVAK_2025-08-26_G76,10109777SILVAK,2025-08-26,117808,1,9,0,58.0
10109777SILVAK_2025-08-26_G77,10109777SILVAK,2025-08-26,117809,1,1,0,56.0
10109777SILVAK_2025-08-26_G78,10109777SILVAK,2025-08-26,117820,1,20,0,77.0
10109777SILVAK_2025-08-26_G79,10109777SILVAK,2025-08-26,110373,1,4,0,135.0
10109777SILVAK_2025-08-26_G80,10109777SILVAK,2025-08-26,118299,1,10,0,131.0
10109777SILVAK_2025-08-26_G81,10109777SILVAK,2025-08-26,111441,1,4,0,815.0
10109777SILVAK_2025-08-26_G82,10109777SILVAK,2025-08-26,108772,1,4,0,368.0
10109777SILVAK_2025-08-26_G83,10109777SILVAK,2025-08-26,140911,1,2,0,227.0
10109777SILVAK_2025-08-26_G84,10109777SILVAK,2025-08-26,111441,1,3,0,125.0
10109777SILVAK_2025-08-26_G85,10109777SILVAK,2025-08-26,108772,2,6,18,176.0
10109777SILVAK_2025-08-26_G86,10109777SILVAK,2025-08-26,110313,1,1,0,102.0
10109777SILVAK_2025-08-26_G87,10109777SILVAK,2025-08-26,111466,1,4,0,64.0
10109777SILVAK_2025-08-26_G88,10109777SILVAK,2025-08-26,111569,1,50,0,1208.0
10109777SILVAK_2025-08-26_G89,10109777SILVAK,2025-08-26,111569,1,4,0,177.0
10109777SILVAK_2025-08-26_G90,10109777SILVAK,2025-08-26,111430,1,4,0,192.0
10109777SILVAK_2025-08-26_G91,10109777SILVAK,2025-08-26,111441,2,7,9,54.0
10109777SILVAK_2025-08-27_G02,10109777SILVAK,2025-08-27,111469,1,10,0,149.0
10109777SILVAK_2025-08-27_G03,10109777SILVAK,2025-08-27,111469,1,10,0,91.0
10109777SILVAK_2025-08-27_G04,10109777SILVAK,2025-08-27,117935,2,8,17,203.0
10109777SILVAK_2025-08-27_G05,10109777SILVAK,2025-08-27,111469,1,10,0,101.0
10109777SILVAK_2025-08-27_G06,10109777SILVAK,2025-08-27,118417,1,4,0,434.0
10109777SILVAK_2025-08-27_G07,10109777SILVAK,2025-08-27,141318,1,4,0,171.0
10109777SILVAK_2025-08-27_G08,10109777SILVAK,2025-08-27,118416,1,1,0,209.0
10109777SILVAK_2025-08-27_G09,10109777SILVAK,2025-08-27,117855,1,8,0,184.0
10109777SILVAK_2025-08-27_G10,10109777SILVAK,2025-08-27,107629,1,2,0,56.0
10109777SILVAK_2025-08-27_G11,10109777SILVAK,2025-08-27,110750,1,1,0,105.0
10109777SILVAK_2025-08-27_G12,10109777SILVAK,2025-08-27,111467,1,8,0,149.0
10109777SILVAK_2025-08-27_G13,10109777SILVAK,2025-08-27,109640,1,1,0,66.0
10109777SILVAK_2025-08-27_G14,10109777SILVAK,2025-08-27,110515,1,12,0,207.0
10109777SILVAK_2025-08-27_G15,10109777SILVAK,2025-08-27,108711,1,7,0,164.0
10109777SILVAK_2025-08-27_G16,10109777SILVAK,2025-08-27,117833,1,2,0,95.0
10109777SILVAK_2025-08-27_G17,10109777SILVAK,2025-08-27,111743,1,1,0,36.0
10109777SILVAK_2025-08-27_G18,10109777SILVAK,2025-08-27,111532,1,9,0,160.0
10109777SILVAK_2025-08-27_G19,10109777SILVAK,2025-08-27,141823,1,7,0,68.0
10109777SILVAK_2025-08-27_G20,10109777SILVAK,2025-08-27,111418,1,10,0,544.0
10109777SILVAK_2025-08-27_G21,10109777SILVAK,2025-08-27,109641,1,2,0,182.0
10109777SILVAK_2025-08-27_G22,10109777SILVAK,2025-08-27,111172,1,2,0,133.0
10109777SILVAK_2025-08-27_G23,10109777SILVAK,2025-08-27,141458,1,8,0,92.0
10109777SILVAK_2025-08-27_G24,10109777SILVAK,2025-08-27,110332,1,2,0,306.0
10109777SILVAK_2025-08-27_G25,10109777SILVAK,2025-08-27,107830,1,4,0,38.0
10109777SILVAK_2025-08-27_G26,10109777SILVAK,2025-08-27,109643,1,3,0,190.0
10109777SILVAK_2025-08-27_G27,10109777SILVAK,2025-08-27,117808,1,30,0,41.0
10109777SILVAK_2025-08-27_G28,10109777SILVAK,2025-08-27,110373,1,13,0,259.0
10109777SILVAK_2025-08-27_G29,10109777SILVAK,2025-08-27,118222,1,30,0,1235.0
10109777SILVAK_2025-08-27_G30,10109777SILVAK,2025-08-27,110681,1,4,0,598.0
10109777SILVAK_2025-08-27_G31,10109777SILVAK,2025-08-27,111792,1,2,0,372.0
10109777SILVAK_2025-08-27_G32,10109777SILVAK,2025-08-27,110080,1,1,0,226.0
10109777SILVAK_2025-08-27_G33,10109777SILVAK,2025-08-27,118320,1,2,0,180.0
10109777SILVAK_2025-08-27_G34,10109777SILVAK,2025-08-27,110755,1,1,0,81.0
10109777SILVAK_2025-08-27_G35,10109777SILVAK,2025-08-27,118253,1,6,0,122.0
10109777SILVAK_2025-08-27_G36,10109777SILVAK,2025-08-27,110749,1,4,0,385.0
10109777SILVAK_2025-08-27_G37,10109777SILVAK,2025-08-27,111436,1,6,0,510.0
10109777SILVAK_2025-08-27_G38,10109777SILVAK,2025-08-27,111440,1,2,0,121.0
10109777SILVAK_2025-08-27_G39,10109777SILVAK,2025-08-27,107254,1,2,0,130.0
10109777SILVAK_2025-08-27_G40,10109777SILVAK,2025-08-27,111655,1,12,0,308.0
10109777SILVAK_2025-08-27_G41,10109777SILVAK,2025-08-27,108770,1,8,0,127.0
10109777SILVAK_2025-08-27_G42,10109777SILVAK,2025-08-27,140915,1,4,0,191.0
10109777SILVAK_2025-08-27_G43,10109777SILVAK,2025-08-27,111569,1,17,0,281.0
10109777SILVAK_2025-08-27_G44,10109777SILVAK,2025-08-27,110742,1,2,0,118.0
10109777SILVAK_2025-08-27_G45,10109777SILVAK,2025-08-27,141370,1,2,0,115.0
10109777SILVAK_2025-08-27_G46,10109777SILVAK,2025-08-27,110064,1,2,0,182.0
10109777SILVAK_2025-08-27_G47,10109777SILVAK,2025-08-27,"110747, 111438",2,11,23,136.0
10109777SILVAK_2025-08-27_G48,10109777SILVAK,2025-08-27,111110,1,2,0,481.0
10109777SILVAK_2025-08-27_G49,10109777SILVAK,2025-08-27,107892,1,2,0,86.0
10109777SILVAK_2025-08-27_G50,10109777SILVAK,2025-08-27,117789,1,1,0,46.0
10109777SILVAK_2025-08-27_G51,10109777SILVAK,2025-08-27,111660,1,8,0,193.0
10109777SILVAK_2025-08-27_G52,10109777SILVAK,2025-08-27,117820,1,200,0,700.0
10109777SILVAK_2025-08-27_G53,10109777SILVAK,2025-08-27,110373,1,200,0,666.0
10109777SILVAK_2025-08-27_G54,10109777SILVAK,2025-08-27,117840,1,5,0,112.0
10109777SILVAK_2025-08-27_G55,10109777SILVAK,2025-08-27,117830,1,40,0,212.0
10109777SILVAK_2025-08-27_G56,10109777SILVAK,2025-08-27,117822,1,6,0,676.0
10109777SILVAK_2025-08-27_G57,10109777SILVAK,2025-08-27,111469,1,10,0,977.0
10109777SILVAK_2025-08-27_G58,10109777SILVAK,2025-08-27,111466,1,30,0,285.0
10109777SILVAK_2025-08-27_G59,10109777SILVAK,2025-08-27,111462,1,20,0,225.0
10109777SILVAK_2025-08-27_G60,10109777SILVAK,2025-08-27,117935,1,4,0,107.0
10109777SILVAK_2025-08-27_G61,10109777SILVAK,2025-08-27,117935,1,4,0,115.0
10109777SILVAK_2025-08-27_G62,10109777SILVAK,2025-08-27,111466,1,30,0,54.0
10109777SILVAK_2025-08-27_G63,10109777SILVAK,2025-08-27,111462,1,20,0,765.0
10109777SILVAK_2025-08-27_G64,10109777SILVAK,2025-08-27,111466,1,30,0,536.0
10109777SILVAK_2025-08-27_G65,10109777SILVAK,2025-08-27,111602,1,20,0,194.0
10109777SILVAK_2025-08-27_G66,10109777SILVAK,2025-08-27,110376,1,12,0,414.0
10109777SILVAK_2025-08-27_G67,10109777SILVAK,2025-08-27,117935,1,4,0,233.0
10109777SILVAK_2025-08-27_G68,10109777SILVAK,2025-08-27,117935,1,4,0,499.0
10109777SILVAK_2025-08-27_G69,10109777SILVAK,2025-08-27,111462,1,20,0,77.0
10109777SILVAK_2025-08-27_G70,10109777SILVAK,2025-08-27,111469,1,10,0,503.0
10109777SILVAK_2025-08-27_G71,10109777SILVAK,2025-08-27,111462,2,40,23,189.0
10109777SILVAK_2025-08-27_G72,10109777SILVAK,2025-08-27,111441,1,4,0,540.0
10109777SILVAK_2025-08-27_G73,10109777SILVAK,2025-08-27,111602,1,20,0,159.0
10109777SILVAK_2025-08-27_G74,10109777SILVAK,2025-08-27,117935,1,4,0,354.0
10109777SILVAK_2025-08-27_G75,10109777SILVAK,2025-08-27,111441,1,4,0,40.0
10109777SILVAK_2025-08-27_G77,10109777SILVAK,2025-08-27,111469,1,10,0,434.0
10109777SILVAK_2025-08-27_G78,10109777SILVAK,2025-08-27,111466,1,30,0,75.0
10109777SILVAK_2025-08-27_G79,10109777SILVAK,2025-08-27,111466,1,30,0,368.0
10109777SILVAK_2025-08-27_G80,10109777SILVAK,2025-08-27,111466,1,2,0,211.0
10109777SILVAK_2025-08-27_G81,10109777SILVAK,2025-08-27,117935,1,4,0,88.0
10109777SILVAK_2025-08-27_G82,10109777SILVAK,2025-08-27,117935,1,4,0,163.0
10109777SILVAK_2025-08-27_G83,10109777SILVAK,2025-08-27,117935,1,4,0,56.0
10109777SILVAK_2025-08-27_G84,10109777SILVAK,2025-08-27,111462,1,20,0,228.0
10109777SILVAK_2025-08-27_G85,10109777SILVAK,2025-08-27,111466,1,30,0,134.0
10109777SILVAK_2025-08-27_G86,10109777SILVAK,2025-08-27,117808,1,50,0,1007.0
10109777SILVAK_2025-08-27_G87,10109777SILVAK,2025-08-27,"111441, 117935",2,8,21,157.0
10109777SILVAK_2025-08-27_G88,10109777SILVAK,2025-08-27,111469,1,10,0,85.0
10109777SILVAK_2025-08-27_G89,10109777SILVAK,2025-08-27,111466,1,30,0,161.0
10109777SILVAK_2025-08-27_G90,10109777SILVAK,2025-08-27,111462,1,20,0,319.0
10109777SILVAK_2025-08-28_G02,10109777SILVAK,2025-08-28,117838,1,4,0,938.0
10109777SILVAK_2025-08-28_G03,10109777SILVAK,2025-08-28,111532,1,30,0,206.0
10109777SILVAK_2025-08-28_G04,10109777SILVAK,2025-08-28,141456,1,20,0,391.0
10109777SILVAK_2025-08-28_G05,10109777SILVAK,2025-08-28,109645,1,4,0,57.0
10109777SILVAK_2025-08-28_G06,10109777SILVAK,2025-08-28,118140,1,4,0,50.0
10109777SILVAK_2025-08-28_G07,10109777SILVAK,2025-08-28,"111469, 111466",2,40,6,418.0
10109777SILVAK_2025-08-28_G08,10109777SILVAK,2025-08-28,111468,1,30,0,247.0
10109777SILVAK_2025-08-28_G09,10109777SILVAK,2025-08-28,110740,1,30,0,422.0
10109777SILVAK_2025-08-28_G10,10109777SILVAK,2025-08-28,111465,1,30,0,83.0
10109777SILVAK_2025-08-28_G11,10109777SILVAK,2025-08-28,109649,1,7,0,244.0
10109777SILVAK_2025-08-28_G12,10109777SILVAK,2025-08-28,117785,1,30,0,505.0
10109777SILVAK_2025-08-28_G13,10109777SILVAK,2025-08-28,111418,1,30,0,292.0
10109777SILVAK_2025-08-28_G14,10109777SILVAK,2025-08-28,110313,1,12,0,830.0
10109777SILVAK_2025-08-28_G15,10109777SILVAK,2025-08-28,117854,1,8,0,221.0
10109777SILVAK_2025-08-28_G16,10109777SILVAK,2025-08-28,117862,1,12,0,87.0
10109777SILVAK_2025-08-28_G17,10109777SILVAK,2025-08-28,117856,1,20,0,251.0
10109777SILVAK_2025-08-28_G18,10109777SILVAK,2025-08-28,117935,1,12,0,234.0
10109777SILVAK_2025-08-28_G19,10109777SILVAK,2025-08-28,117861,1,12,0,232.0
10109777SILVAK_2025-08-28_G20,10109777SILVAK,2025-08-28,110733,1,12,0,152.0
10109777SILVAK_2025-08-28_G21,10109777SILVAK,2025-08-28,117853,1,8,0,78.0
10109777SILVAK_2025-08-28_G22,10109777SILVAK,2025-08-28,117786,1,16,0,111.0
10109777SILVAK_2025-08-28_G23,10109777SILVAK,2025-08-28,109647,1,4,0,57.0
10109777SILVAK_2025-08-28_G24,10109777SILVAK,2025-08-28,111602,1,12,0,207.0
10109777SILVAK_2025-08-28_G25,10109777SILVAK,2025-08-28,111467,1,8,0,241.0
10109777SILVAK_2025-08-28_G26,10109777SILVAK,2025-08-28,109640,1,12,0,151.0
10109777SILVAK_2025-08-28_G27,10109777SILVAK,2025-08-28,110752,1,12,0,114.0
10109777SILVAK_2025-08-28_G28,10109777SILVAK,2025-08-28,110515,1,20,0,143.0
10109777SILVAK_2025-08-28_G29,10109777SILVAK,2025-08-28,117837,1,8,0,138.0
10109777SILVAK_2025-08-28_G30,10109777SILVAK,2025-08-28,111530,1,20,0,547.0
10109777SILVAK_2025-08-28_G31,10109777SILVAK,2025-08-28,111348,1,3,0,1313.0
10109777SILVAK_2025-08-28_G32,10109777SILVAK,2025-08-28,110742,1,12,0,1646.0
10109777SILVAK_2025-08-28_G33,10109777SILVAK,2025-08-28,111441,1,8,0,1292.0
10109777SILVAK_2025-08-28_G34,10109777SILVAK,2025-08-28,100334,1,6,0,210.0
10109777SILVAK_2025-08-28_G35,10109777SILVAK,2025-08-28,111655,1,4,0,86.0
10109777SILVAK_2025-08-28_G36,10109777SILVAK,2025-08-28,111569,1,10,0,131.0
10109777SILVAK_2025-08-28_G37,10109777SILVAK,2025-08-28,111438,1,12,0,946.0
10109777SILVAK_2025-08-28_G38,10109777SILVAK,2025-08-28,111660,1,1,0,97.0
10109777SILVAK_2025-08-28_G39,10109777SILVAK,2025-08-28,117855,1,10,0,255.0
10109777SILVAK_2025-08-28_G40,10109777SILVAK,2025-08-28,"111876, 110711",2,10,20,161.0
10109777SILVAK_2025-08-28_G41,10109777SILVAK,2025-08-28,117856,1,2,0,38.0
10109777SILVAK_2025-08-28_G42,10109777SILVAK,2025-08-28,118094,1,4,0,40.0
10109777SILVAK_2025-08-28_G43,10109777SILVAK,2025-08-28,117935,2,4,6,115.0
10109777SILVAK_2025-08-28_G44,10109777SILVAK,2025-08-28,109647,1,10,0,37.0
10109777SILVAK_2025-08-28_G45,10109777SILVAK,2025-08-28,111602,1,10,0,702.0
10109777SILVAK_2025-08-28_G46,10109777SILVAK,2025-08-28,108772,1,2,0,77.0
10109777SILVAK_2025-08-28_G47,10109777SILVAK,2025-08-28,111467,1,4,0,65.0
10109777SILVAK_2025-08-28_G48,10109777SILVAK,2025-08-28,109640,1,6,0,124.0
10109777SILVAK_2025-08-28_G49,10109777SILVAK,2025-08-28,110515,1,4,0,1204.0
10109777SILVAK_2025-08-28_G50,10109777SILVAK,2025-08-28,117837,1,6,0,119.0
10109777SILVAK_2025-08-28_G51,10109777SILVAK,2025-08-28,111530,1,8,0,116.0
10109777SILVAK_2025-08-28_G52,10109777SILVAK,2025-08-28,110129,1,10,0,151.0
10109777SILVAK_2025-08-28_G53,10109777SILVAK,2025-08-28,111435,1,4,0,74.0
10109777SILVAK_2025-08-28_G54,10109777SILVAK,2025-08-28,108711,1,8,0,514.0
10109777SILVAK_2025-08-28_G55,10109777SILVAK,2025-08-28,111463,1,8,0,166.0
10109777SILVAK_2025-08-28_G56,10109777SILVAK,2025-08-28,160055,1,4,0,207.0
10109777SILVAK_2025-08-28_G57,10109777SILVAK,2025-08-28,108798,1,1,0,73.0
10109777SILVAK_2025-08-28_G58,10109777SILVAK,2025-08-28,117821,1,10,0,475.0
10109777SILVAK_2025-08-28_G59,10109777SILVAK,2025-08-28,111418,1,20,0,53.0
10109777SILVAK_2025-08-28_G60,10109777SILVAK,2025-08-28,110748,1,4,0,161.0
10109777SILVAK_2025-08-28_G61,10109777SILVAK,2025-08-28,111469,2,13,5,87.0
10109777SILVAK_2025-08-28_G62,10109777SILVAK,2025-08-28,111469,2,11,9,42.0
10109777SILVAK_2025-08-28_G63,10109777SILVAK,2025-08-28,111466,1,20,0,145.0
10109777SILVAK_2025-08-28_G64,10109777SILVAK,2025-08-28,107236,1,8,0,498.0
10109777SILVAK_2025-08-28_G65,10109777SILVAK,2025-08-28,111465,1,4,0,45.0
10109777SILVAK_2025-08-28_G66,10109777SILVAK,2025-08-28,117785,1,10,0,77.0
10109777SILVAK_2025-08-28_G67,10109777SILVAK,2025-08-28,107830,1,4,0,137.0
10109777SILVAK_2025-08-28_G68,10109777SILVAK,2025-08-28,117840,1,2,0,214.0
10109777SILVAK_2025-08-28_G69,10109777SILVAK,2025-08-28,110371,1,30,0,220.0
10109777SILVAK_2025-08-28_G70,10109777SILVAK,2025-08-28,110374,1,10,0,199.0
10109777SILVAK_2025-08-28_G71,10109777SILVAK,2025-08-28,117808,1,30,0,258.0
10109777SILVAK_2025-08-28_G72,10109777SILVAK,2025-08-28,110711,1,4,0,151.0
10109777SILVAK_2025-08-28_G73,10109777SILVAK,2025-08-28,118140,1,8,0,109.0
10109777SILVAK_2025-08-28_G75,10109777SILVAK,2025-08-28,109643,1,40,0,357.0
10109777SILVAK_2025-08-28_G76,10109777SILVAK,2025-08-28,110373,1,50,0,346.0
10109777SILVAK_2025-08-28_G77,10109777SILVAK,2025-08-28,160053,1,12,0,612.0
10109777SILVAK_2025-08-28_G78,10109777SILVAK,2025-08-28,109643,1,8,0,337.0
10109777SILVAK_2025-08-28_G79,10109777SILVAK,2025-08-28,110374,1,2,0,103.0
10109777SILVAK_2025-08-28_G80,10109777SILVAK,2025-08-28,117808,1,18,0,48.0
10109777SILVAK_2025-08-28_G81,10109777SILVAK,2025-08-28,118299,1,6,0,93.0
10109777SILVAK_2025-08-28_G82,10109777SILVAK,2025-08-28,117820,1,16,0,81.0
10109777SILVAK_2025-08-28_G83,10109777SILVAK,2025-08-28,"118140, 111466",2,6,25,127.0
10109777SILVAK_2025-08-28_G84,10109777SILVAK,2025-08-28,111468,1,2,0,104.0
10109777SILVAK_2025-08-28_G85,10109777SILVAK,2025-08-28,110752,1,4,0,50.0
10109777SILVAK_2025-08-28_G86,10109777SILVAK,2025-08-28,117862,1,1,0,131.0
10109777SILVAK_2025-08-29_G02,10109777SILVAK,2025-08-29,110742,1,4,0,289.0
10109777SILVAK_2025-08-29_G03,10109777SILVAK,2025-08-29,117856,1,4,0,694.0
10109777SILVAK_2025-08-29_G04,10109777SILVAK,2025-08-29,110733,1,2,0,105.0
10109777SILVAK_2025-08-29_G05,10109777SILVAK,2025-08-29,110339,1,2,0,115.0
10109777SILVAK_2025-08-29_G06,10109777SILVAK,2025-08-29,117821,1,2,0,240.0
10109777SILVAK_2025-08-29_G07,10109777SILVAK,2025-08-29,109645,1,2,0,42.0
10109777SILVAK_2025-08-29_G08,10109777SILVAK,2025-08-29,105705,1,2,0,94.0
10109777SILVAK_2025-08-29_G09,10109777SILVAK,2025-08-29,117808,1,6,0,144.0
10109777SILVAK_2025-08-29_G10,10109777SILVAK,2025-08-29,110325,1,2,0,48.0
10109777SILVAK_2025-08-29_G11,10109777SILVAK,2025-08-29,117820,1,5,0,63.0
10109777SILVAK_2025-08-29_G12,10109777SILVAK,2025-08-29,160051,1,2,0,62.0
10109777SILVAK_2025-08-29_G13,10109777SILVAK,2025-08-29,110372,1,7,0,118.0
10109777SILVAK_2025-08-29_G14,10109777SILVAK,2025-08-29,"118299, 117830",2,4,23,75.0
10109777SILVAK_2025-08-29_G15,10109777SILVAK,2025-08-29,118222,1,2,0,314.0
10109777SILVAK_2025-08-29_G16,10109777SILVAK,2025-08-29,110895,1,2,0,169.0
10109777SILVAK_2025-08-29_G17,10109777SILVAK,2025-08-29,108770,1,3,0,134.0
10109777SILVAK_2025-08-29_G18,10109777SILVAK,2025-08-29,110313,1,2,0,116.0
10109777SILVAK_2025-08-29_G19,10109777SILVAK,2025-08-29,117935,2,6,8,391.0
10109777SILVAK_2025-08-29_G20,10109777SILVAK,2025-08-29,111602,1,6,0,154.0
10109777SILVAK_2025-08-29_G21,10109777SILVAK,2025-08-29,110515,1,2,0,86.0
10109777SILVAK_2025-08-29_G22,10109777SILVAK,2025-08-29,117787,1,4,0,160.0
10109777SILVAK_2025-08-29_G23,10109777SILVAK,2025-08-29,111418,1,3,0,104.0
10109777SILVAK_2025-08-29_G24,10109777SILVAK,2025-08-29,118140,1,4,0,58.0
10109777SILVAK_2025-08-29_G25,10109777SILVAK,2025-08-29,111469,1,1,0,64.0
10109777SILVAK_2025-08-29_G26,10109777SILVAK,2025-08-29,117831,1,4,0,224.0
10109777SILVAK_2025-08-29_G27,10109777SILVAK,2025-08-29,111462,1,4,0,116.0
10109777SILVAK_2025-08-29_G28,10109777SILVAK,2025-08-29,111444,1,2,0,66.0
10109777SILVAK_2025-08-29_G29,10109777SILVAK,2025-08-29,111465,1,2,0,73.0
10109777SILVAK_2025-08-29_G30,10109777SILVAK,2025-08-29,117809,1,1,0,45.0
10109777SILVAK_2025-08-29_G31,10109777SILVAK,2025-08-29,110372,1,9,0,99.0
10109777SILVAK_2025-08-29_G32,10109777SILVAK,2025-08-29,118299,1,16,0,101.0
10109777SILVAK_2025-08-29_G33,10109777SILVAK,2025-08-29,110371,1,6,0,343.0
10109777SILVAK_2025-08-29_G34,10109777SILVAK,2025-08-29,117862,1,10,0,448.0
10109777SILVAK_2025-08-29_G35,10109777SILVAK,2025-08-29,117833,1,10,0,141.0
10109777SILVAK_2025-08-29_G36,10109777SILVAK,2025-08-29,118140,1,18,0,169.0
10109777SILVAK_2025-08-29_G37,10109777SILVAK,2025-08-29,109643,1,16,0,500.0
10109777SILVAK_2025-08-29_G38,10109777SILVAK,2025-08-29,110372,1,30,0,162.0
10109777SILVAK_2025-08-29_G39,10109777SILVAK,2025-08-29,118299,1,30,0,790.0
10109777SILVAK_2025-08-29_G40,10109777SILVAK,2025-08-29,160057,1,4,0,376.0
10109777SILVAK_2025-08-29_G41,10109777SILVAK,2025-08-29,109640,1,2,0,84.0
10109777SILVAK_2025-08-29_G42,10109777SILVAK,2025-08-29,109645,1,2,0,98.0
10109777SILVAK_2025-08-29_G43,10109777SILVAK,2025-08-29,110313,1,4,0,232.0
10109777SILVAK_2025-08-29_G44,10109777SILVAK,2025-08-29,111441,1,4,0,535.0
10109777SILVAK_2025-08-29_G45,10109777SILVAK,2025-08-29,111602,1,6,0,146.0
10109777SILVAK_2025-08-29_G46,10109777SILVAK,2025-08-29,110751,1,2,0,199.0
10109777SILVAK_2025-08-29_G47,10109777SILVAK,2025-08-29,140922,1,2,0,69.0
10109777SILVAK_2025-08-29_G48,10109777SILVAK,2025-08-29,110787,1,2,0,107.0
10109777SILVAK_2025-08-29_G49,10109777SILVAK,2025-08-29,118140,1,4,0,80.0
10109777SILVAK_2025-08-29_G50,10109777SILVAK,2025-08-29,111348,1,2,0,113.0
10109777SILVAK_2025-08-29_G51,10109777SILVAK,2025-08-29,109643,1,1,0,489.0
10109777SILVAK_2025-08-29_G52,10109777SILVAK,2025-08-29,118299,1,3,0,83.0
10109777SILVAK_2025-08-29_G53,10109777SILVAK,2025-08-29,117820,1,8,0,164.0
10109777SILVAK_2025-08-29_G54,10109777SILVAK,2025-08-29,110373,1,4,0,60.0
10109777SILVAK_2025-08-29_G55,10109777SILVAK,2025-08-29,110372,1,3,0,115.0
10109777SILVAK_2025-08-29_G56,10109777SILVAK,2025-08-29,110895,1,1,0,371.0
10109777SILVAK_2025-08-29_G57,10109777SILVAK,2025-08-29,118306,1,2,0,108.0
10109777SILVAK_2025-08-29_G58,10109777SILVAK,2025-08-29,"111437, 117854",2,4,25,680.0
10109777SILVAK_2025-08-29_G59,10109777SILVAK,2025-08-29,110733,1,4,0,96.0
10109777SILVAK_2025-08-29_G60,10109777SILVAK,2025-08-29,117786,1,4,0,51.0
10109777SILVAK_2025-08-29_G61,10109777SILVAK,2025-08-29,141047,1,4,0,293.0
10109777SILVAK_2025-08-29_G62,10109777SILVAK,2025-08-29,111467,1,2,0,160.0
10109777SILVAK_2025-08-29_G63,10109777SILVAK,2025-08-29,111418,1,3,0,49.0
10109777SILVAK_2025-08-29_G64,10109777SILVAK,2025-08-29,111469,1,2,0,57.0
10109777SILVAK_2025-08-29_G65,10109777SILVAK,2025-08-29,"117831, 111462",2,4,6,48.0
10109777SILVAK_2025-08-29_G66,10109777SILVAK,2025-08-29,111348,1,2,0,47.0
10109777SILVAK_2025-08-29_G67,10109777SILVAK,2025-08-29,110740,1,2,0,51.0
10109777SILVAK_2025-08-29_G68,10109777SILVAK,2025-08-29,141458,1,2,0,57.0
10109777SILVAK_2025-08-29_G69,10109777SILVAK,2025-08-29,141202,1,2,0,44.0
10109777SILVAK_2025-08-29_G70,10109777SILVAK,2025-08-29,117808,1,1,0,58.0
10109777SILVAK_2025-08-29_G72,10109777SILVAK,2025-08-29,118306,1,4,0,109.0
10109777SILVAK_2025-08-29_G73,10109777SILVAK,2025-08-29,110742,2,12,12,144.0
10109777SILVAK_2025-08-29_G74,10109777SILVAK,2025-08-29,100334,1,4,0,212.0
10109777SILVAK_2025-08-29_G75,10109777SILVAK,2025-08-29,107830,1,47,0,286.0
10109777SILVAK_2025-08-29_G76,10109777SILVAK,2025-08-29,110376,1,37,0,286.0
10109777SILVAK_2025-08-29_G77,10109777SILVAK,2025-08-29,108711,1,365,0,1050.0
10109777SILVAK_2025-08-29_G78,10109777SILVAK,2025-08-29,110787,1,95,0,292.0
10109777SILVAK_2025-08-29_G79,10109777SILVAK,2025-08-29,110743,1,7,0,269.0
10109777SILVAK_2025-08-29_G80,10109777SILVAK,2025-08-29,108798,1,4,0,140.0
10109777SILVAK_2025-08-29_G81,10109777SILVAK,2025-08-29,109645,1,8,0,105.0
10109777SILVAK_2025-08-29_G82,10109777SILVAK,2025-08-29,108794,1,2,0,39.0
10109777SILVAK_2025-08-29_G83,10109777SILVAK,2025-08-29,107236,1,10,0,205.0
10109777SILVAK_2025-08-29_G84,10109777SILVAK,2025-08-29,111462,1,40,0,185.0
10109777SILVAK_2025-08-29_G85,10109777SILVAK,2025-08-29,111348,1,1,0,258.0
10109777SILVAK_2025-08-29_G86,10109777SILVAK,2025-08-29,111468,1,4,0,32.0
10109777SILVAK_2025-08-29_G87,10109777SILVAK,2025-08-29,118317,2,16,11,354.0
10109777SILVAK_2025-08-29_G88,10109777SILVAK,2025-08-29,117833,1,15,0,301.0
10109777SILVAK_2025-08-29_G89,10109777SILVAK,2025-08-29,117965,2,6,6,150.0
10109777SILVAK_2025-08-29_G90,10109777SILVAK,2025-08-29,117854,1,4,0,141.0
10109777SILVAK_2025-08-29_G91,10109777SILVAK,2025-08-29,111876,1,4,0,71.0
10109777SILVAK_2025-08-29_G92,10109777SILVAK,2025-08-29,118094,1,47,0,209.0
10109777SILVAK_2025-08-29_G93,10109777SILVAK,2025-08-29,109640,2,11,6,172.0
10109777SILVAK_2025-08-29_G94,10109777SILVAK,2025-08-29,110515,1,1,0,373.0
10109777SILVAK_2025-08-29_G95,10109777SILVAK,2025-08-29,107629,1,54,0,562.0
10109777SILVAK_2025-08-29_G96,10109777SILVAK,2025-08-29,117855,1,188,0,736.0
10109777SILVAK_2025-08-29_G97,10109777SILVAK,2025-08-29,118317,1,48,0,414.0
10109777SILVAK_2025-08-30_G02,10109777SILVAK,2025-08-30,110313,1,4,0,87.0
10109777SILVAK_2025-08-30_G03,10109777SILVAK,2025-08-30,111469,1,10,0,97.0
10109777SILVAK_2025-08-30_G04,10109777SILVAK,2025-08-30,111462,1,20,0,434.0
10109777SILVAK_2025-08-30_G05,10109777SILVAK,2025-08-30,111462,1,20,0,45.0
10109777SILVAK_2025-08-30_G06,10109777SILVAK,2025-08-30,111469,1,10,0,438.0
10109777SILVAK_2025-08-30_G07,10109777SILVAK,2025-08-30,110313,1,4,0,163.0
10109777SILVAK_2025-08-30_G08,10109777SILVAK,2025-08-30,"110711, 110313",2,8,22,194.0
10109777SILVAK_2025-08-30_G09,10109777SILVAK,2025-08-30,117808,1,100,0,336.0
10109777SILVAK_2025-08-30_G10,10109777SILVAK,2025-08-30,117808,1,100,0,403.0
10109777SILVAK_2025-08-30_G11,10109777SILVAK,2025-08-30,117808,1,100,0,536.0
10109777SILVAK_2025-08-30_G12,10109777SILVAK,2025-08-30,110711,1,4,0,108.0
10109777SILVAK_2025-08-30_G13,10109777SILVAK,2025-08-30,110313,1,4,0,277.0
10109777SILVAK_2025-08-30_G14,10109777SILVAK,2025-08-30,110313,1,4,0,480.0
10109777SILVAK_2025-08-30_G15,10109777SILVAK,2025-08-30,111466,1,30,0,178.0
10109777SILVAK_2025-08-30_G16,10109777SILVAK,2025-08-30,111441,1,4,0,2025.0
10109777SILVAK_2025-08-30_G17,10109777SILVAK,2025-08-30,110895,1,4,0,3469.0
10109777SILVAK_2025-08-30_G18,10109777SILVAK,2025-08-30,111437,1,4,0,814.0
10109777SILVAK_2025-08-30_G19,10109777SILVAK,2025-08-30,110313,1,4,0,184.0
10109777SILVAK_2025-08-30_G20,10109777SILVAK,2025-08-30,110711,1,5,0,63.0
10109777SILVAK_2025-08-30_G21,10109777SILVAK,2025-08-30,111441,1,43,0,1139.0
10109777SILVAK_2025-08-30_G22,10109777SILVAK,2025-08-30,111441,1,5,0,415.0
10109777SILVAK_2025-08-30_G23,10109777SILVAK,2025-08-30,118290,1,1,0,423.0
10109777SILVAK_2025-08-30_G24,10109777SILVAK,2025-08-30,118229,1,4,0,376.0
10109777SILVAK_2025-08-30_G25,10109777SILVAK,2025-08-30,115775,1,1,0,130.0
10109777SILVAK_2025-08-30_G26,10109777SILVAK,2025-08-30,110313,3,44,28,83.0
10109777SILVAK_2025-08-30_G27,10109777SILVAK,2025-08-30,110711,1,60,0,659.0
10109777SILVAK_2025-08-30_G28,10109777SILVAK,2025-08-30,117853,1,4,0,491.0
10109777SILVAK_2025-08-30_G29,10109777SILVAK,2025-08-30,109640,1,3,0,73.0
10109777SILVAK_2025-08-30_G30,10109777SILVAK,2025-08-30,111602,1,26,0,456.0
10109777SILVAK_2025-08-30_G31,10109777SILVAK,2025-08-30,110313,1,11,0,1400.0
10109777SILVAK_2025-08-30_G32,10109777SILVAK,2025-08-30,109640,1,21,0,507.0
10109777SILVAK_2025-08-30_G33,10109777SILVAK,2025-08-30,117935,1,4,0,253.0
10109777SILVAK_2025-08-30_G34,10109777SILVAK,2025-08-30,117861,1,4,0,139.0
10109777SILVAK_2025-08-30_G35,10109777SILVAK,2025-08-30,117855,1,4,0,118.0
10109777SILVAK_2025-08-30_G36,10109777SILVAK,2025-08-30,117832,1,6,0,78.0
10109777SILVAK_2025-08-30_G37,10109777SILVAK,2025-08-30,141457,1,8,0,258.0
10109777SILVAK_2025-08-30_G39,10109777SILVAK,2025-08-30,"109647, 109640",2,2,8,68.0
10109777SILVAK_2025-08-30_G40,10109777SILVAK,2025-08-30,117862,1,6,0,213.0
10109777SILVAK_2025-08-30_G41,10109777SILVAK,2025-08-30,117935,1,3,0,69.0
10109777SILVAK_2025-08-30_G42,10109777SILVAK,2025-08-30,"117853, 109647",2,8,15,108.0
10109777SILVAK_2025-08-30_G43,10109777SILVAK,2025-08-30,"117855, 111602",2,6,23,127.0
10109777SILVAK_2025-08-30_G44,10109777SILVAK,2025-08-30,109640,1,4,0,81.0
10109777SILVAK_2025-08-30_G45,10109777SILVAK,2025-08-30,110743,1,4,0,195.0
10109777SILVAK_2025-08-30_G46,10109777SILVAK,2025-08-30,"111172, 111468",2,10,14,88.0
10109777SILVAK_2025-08-30_G47,10109777SILVAK,2025-08-30,111602,1,5,0,1285.0
10109777SILVAK_2025-08-30_G48,10109777SILVAK,2025-08-30,111430,1,8,0,267.0
10109777SILVAK_2025-08-31_G02,10109777SILVAK,2025-08-31,110787,1,6,0,107.0
10109777SILVAK_2025-08-31_G03,10109777SILVAK,2025-08-31,118140,1,10,0,233.0
10109777SILVAK_2025-08-31_G04,10109777SILVAK,2025-08-31,110754,1,4,0,146.0
10109777SILVAK_2025-08-31_G05,10109777SILVAK,2025-08-31,117935,1,6,0,642.0
10109777SILVAK_2025-08-31_G06,10109777SILVAK,2025-08-31,111530,1,10,0,244.0
10109777SILVAK_2025-08-31_G07,10109777SILVAK,2025-08-31,108772,1,4,0,98.0
10109777SILVAK_2025-08-31_G08,10109777SILVAK,2025-08-31,140922,1,4,0,1035.0
10109777SILVAK_2025-08-31_G09,10109777SILVAK,2025-08-31,111466,1,15,0,88.0
10109777SILVAK_2025-08-31_G10,10109777SILVAK,2025-08-31,117831,1,8,0,267.0
10109777SILVAK_2025-08-31_G11,10109777SILVAK,2025-08-31,111330,1,12,0,114.0
10109777SILVAK_2025-08-31_G12,10109777SILVAK,2025-08-31,141823,1,3,0,43.0
10109777SILVAK_2025-08-31_G13,10109777SILVAK,2025-08-31,110373,1,20,0,1047.0
10109777SILVAK_2025-08-31_G14,10109777SILVAK,2025-08-31,"109643, 110325",2,35,21,374.0
10109777SILVAK_2025-08-31_G15,10109777SILVAK,2025-08-31,110376,1,8,0,174.0
10109777SILVAK_2025-08-31_G16,10109777SILVAK,2025-08-31,117808,1,46,0,721.0
10109777SILVAK_2025-08-31_G17,10109777SILVAK,2025-08-31,105705,1,2,0,709.0
10109777SILVAK_2025-08-31_G18,10109777SILVAK,2025-08-31,110373,1,2,0,68.0
10109777SILVAK_2025-08-31_G19,10109777SILVAK,2025-08-31,111466,1,4,0,53.0
10109777SILVAK_2025-08-31_G20,10109777SILVAK,2025-08-31,111466,2,28,15,85.0
10109777SILVAK_2025-08-31_G21,10109777SILVAK,2025-08-31,111441,2,6,7,174.0
10109777SILVAK_2025-08-31_G22,10109777SILVAK,2025-08-31,118222,1,12,0,816.0
10109777SILVAK_2025-08-31_G23,10109777SILVAK,2025-08-31,110372,1,25,0,510.0
10109777SILVAK_2025-08-31_G25,10109777SILVAK,2025-08-31,110895,1,4,0,34.0
10109777SILVAK_2025-08-31_G26,10109777SILVAK,2025-08-31,110895,1,1,0,54.0
10109777SILVAK_2025-08-31_G27,10109777SILVAK,2025-08-31,110895,1,8,0,68.0
10109777SILVAK_2025-08-31_G28,10109777SILVAK,2025-08-31,111738,1,8,0,542.0
10109777SILVAK_2025-08-31_G29,10109777SILVAK,2025-08-31,111753,1,6,0,39.0
10109777SILVAK_2025-08-31_G30,10109777SILVAK,2025-08-31,111739,1,4,0,53.0
10109777SILVAK_2025-09-02_G03,10109777SILVAK,2025-09-02,117809,1,43,0,34.0
10109777SILVAK_2025-09-06_G02,10109777SILVAK,2025-09-06,118306,1,6,0,504.0
10109777SILVAK_2025-09-06_G03,10109777SILVAK,2025-09-06,108759,1,3,0,76.0
10109777SILVAK_2025-09-06_G04,10109777SILVAK,2025-09-06,111440,1,4,0,114.0
10109777SILVAK_2025-09-06_G05,10109777SILVAK,2025-09-06,111569,1,6,0,167.0
10109777SILVAK_2025-09-06_G06,10109777SILVAK,2025-09-06,117834,1,16,0,2413.0
10109777SILVAK_2025-09-06_G07,10109777SILVAK,2025-09-06,110711,1,2,0,126.0
10109777SILVAK_2025-09-06_G08,10109777SILVAK,2025-09-06,110313,3,15,13,96.0
10109777SILVAK_2025-09-06_G09,10109777SILVAK,2025-09-06,117786,1,10,0,207.0
10109777SILVAK_2025-09-06_G10,10109777SILVAK,2025-09-06,118298,1,8,0,204.0
10109777SILVAK_2025-09-06_G11,10109777SILVAK,2025-09-06,117935,1,10,0,735.0
10109777SILVAK_2025-09-06_G12,10109777SILVAK,2025-09-06,110733,1,19,0,260.0
10109777SILVAK_2025-09-06_G13,10109777SILVAK,2025-09-06,141047,1,6,0,97.0
10109777SILVAK_2025-09-06_G14,10109777SILVAK,2025-09-06,111439,1,12,0,203.0
10109777SILVAK_2025-09-06_G15,10109777SILVAK,2025-09-06,110515,1,30,0,185.0
10109777SILVAK_2025-09-06_G16,10109777SILVAK,2025-09-06,117837,1,8,0,385.0
10109777SILVAK_2025-09-06_G17,10109777SILVAK,2025-09-06,116241,1,6,0,1115.0
10109777SILVAK_2025-09-06_G18,10109777SILVAK,2025-09-06,108711,1,21,0,521.0
10109777SILVAK_2025-09-06_G19,10109777SILVAK,2025-09-06,140922,1,16,0,392.0
10109777SILVAK_2025-09-06_G20,10109777SILVAK,2025-09-06,141456,1,24,0,407.0
10109777SILVAK_2025-09-06_G22,10109777SILVAK,2025-09-06,111532,1,25,0,589.0
10109777SILVAK_2025-09-06_G23,10109777SILVAK,2025-09-06,111469,1,21,0,561.0
10109777SILVAK_2025-09-06_G24,10109777SILVAK,2025-09-06,111462,1,15,0,248.0
10109777SILVAK_2025-09-06_G25,10109777SILVAK,2025-09-06,111468,1,11,0,120.0
10109777SILVAK_2025-09-06_G26,10109777SILVAK,2025-09-06,"110740, 118317",2,20,10,313.0
10109777SILVAK_2025-09-06_G27,10109777SILVAK,2025-09-06,111465,1,20,0,383.0
10109777SILVAK_2025-09-06_G28,10109777SILVAK,2025-09-06,117785,1,51,0,319.0
10109777SILVAK_2025-09-06_G29,10109777SILVAK,2025-09-06,117831,1,21,0,520.0
10109777SILVAK_2025-09-09_G02,10109777SILVAK,2025-09-09,110755,1,2,0,52.0
10109777SILVAK_2025-09-09_G03,10109777SILVAK,2025-09-09,109647,1,2,0,118.0
10109777SILVAK_2025-09-09_G04,10109777SILVAK,2025-09-09,110733,1,2,0,168.0
10109777SILVAK_2025-09-09_G05,10109777SILVAK,2025-09-09,110313,1,3,0,157.0
10109777SILVAK_2025-09-09_G06,10109777SILVAK,2025-09-09,111467,1,5,0,229.0
10109777SILVAK_2025-09-09_G07,10109777SILVAK,2025-09-09,111463,1,15,0,772.0
10109777SILVAK_2025-09-09_G08,10109777SILVAK,2025-09-09,108711,2,7,5,75.0
10109777SILVAK_2025-09-09_G09,10109777SILVAK,2025-09-09,109641,1,4,0,140.0
10109777SILVAK_2025-09-09_G10,10109777SILVAK,2025-09-09,111743,1,6,0,95.0
10109777SILVAK_2025-09-09_G11,10109777SILVAK,2025-09-09,141823,2,12,7,287.0
10109777SILVAK_2025-09-09_G12,10109777SILVAK,2025-09-09,110787,2,32,6,191.0
10109777SILVAK_2025-09-09_G13,10109777SILVAK,2025-09-09,108794,1,8,0,341.0
10109777SILVAK_2025-09-09_G14,10109777SILVAK,2025-09-09,105705,1,2,0,1175.0
10109777SILVAK_2025-09-09_G15,10109777SILVAK,2025-09-09,111418,1,2,0,62.0
10109777SILVAK_2025-09-09_G16,10109777SILVAK,2025-09-09,111418,1,69,0,266.0
10109777SILVAK_2025-09-09_G17,10109777SILVAK,2025-09-09,117785,1,2,0,885.0
10109777SILVAK_2025-09-09_G18,10109777SILVAK,2025-09-09,110745,1,5,0,57.0
10109777SILVAK_2025-09-09_G19,10109777SILVAK,2025-09-09,111462,2,4,4,32.0
10109777SILVAK_2025-09-09_G20,10109777SILVAK,2025-09-09,"117831, 111348",2,16,12,107.0
10109777SILVAK_2025-09-09_G22,10109777SILVAK,2025-09-09,111466,2,64,15,400.0
10109777SILVAK_2025-09-09_G23,10109777SILVAK,2025-09-09,111468,1,6,0,252.0
10109777SILVAK_2025-09-09_G24,10109777SILVAK,2025-09-09,111172,1,7,0,75.0
10109777SILVAK_2025-09-09_G25,10109777SILVAK,2025-09-09,109643,1,10,0,161.0
10109777SILVAK_2025-09-09_G26,10109777SILVAK,2025-09-09,117820,1,25,0,575.0
10109777SILVAK_2025-09-09_G27,10109777SILVAK,2025-09-09,118299,1,139,0,763.0
10109777SILVAK_2025-09-09_G28,10109777SILVAK,2025-09-09,110372,1,2,0,1009.0
10109777SILVAK_2025-09-09_G29,10109777SILVAK,2025-09-09,110372,1,151,0,696.0
10109777SILVAK_2025-09-09_G30,10109777SILVAK,2025-09-09,110373,2,48,9,52.0
10109777SILVAK_2025-09-09_G31,10109777SILVAK,2025-09-09,110374,1,2,0,599.0
10109777SILVAK_2025-09-09_G32,10109777SILVAK,2025-09-09,110374,1,40,0,549.0
10109777SILVAK_2025-09-09_G33,10109777SILVAK,2025-09-09,160051,1,5,0,1272.0
10109777SILVAK_2025-09-09_G34,10109777SILVAK,2025-09-09,117808,1,57,0,490.0
10109777SILVAK_2025-09-09_G35,10109777SILVAK,2025-09-09,118094,1,4,0,436.0
10109777SILVAK_2025-09-10_G02,10109777SILVAK,2025-09-10,118299,1,218,0,164.0
10109777SILVAK_2025-09-10_G03,10109777SILVAK,2025-09-10,110372,1,233,0,831.0
10109777SILVAK_2025-09-10_G04,10109777SILVAK,2025-09-10,118306,1,6,0,3476.0
10109777SILVAK_2025-09-10_G05,10109777SILVAK,2025-09-10,100334,1,2,0,133.0
10109777SILVAK_2025-09-10_G06,10109777SILVAK,2025-09-10,117786,1,2,0,99.0
10109777SILVAK_2025-09-10_G07,10109777SILVAK,2025-09-10,109647,1,2,0,47.0
10109777SILVAK_2025-09-10_G08,10109777SILVAK,2025-09-10,"117965, 117935",2,5,19,154.0
10109777SILVAK_2025-09-10_G09,10109777SILVAK,2025-09-10,118094,1,4,0,166.0
10109777SILVAK_2025-09-10_G10,10109777SILVAK,2025-09-10,110129,1,1,0,199.0
10109777SILVAK_2025-09-10_G11,10109777SILVAK,2025-09-10,111463,1,2,0,103.0
10109777SILVAK_2025-09-10_G12,10109777SILVAK,2025-09-10,108711,1,4,0,52.0
10109777SILVAK_2025-09-10_G13,10109777SILVAK,2025-09-10,118140,1,4,0,120.0
10109777SILVAK_2025-09-10_G14,10109777SILVAK,2025-09-10,111743,1,2,0,51.0
10109777SILVAK_2025-09-10_G15,10109777SILVAK,2025-09-10,108794,1,6,0,272.0
10109777SILVAK_2025-09-10_G16,10109777SILVAK,2025-09-10,141457,1,6,0,89.0
10109777SILVAK_2025-09-10_G17,10109777SILVAK,2025-09-10,111466,2,10,6,53.0
10109777SILVAK_2025-09-10_G18,10109777SILVAK,2025-09-10,140922,2,8,6,172.0
10109777SILVAK_2025-09-10_G19,10109777SILVAK,2025-09-10,110740,1,4,0,68.0
10109777SILVAK_2025-09-10_G20,10109777SILVAK,2025-09-10,111465,1,2,0,93.0
10109777SILVAK_2025-09-10_G21,10109777SILVAK,2025-09-10,107830,1,1,0,375.0
10109777SILVAK_2025-09-10_G22,10109777SILVAK,2025-09-10,109643,1,4,0,52.0
10109777SILVAK_2025-09-10_G23,10109777SILVAK,2025-09-10,110373,2,20,8,65.0
10109777SILVAK_2025-09-10_G24,10109777SILVAK,2025-09-10,117808,1,10,0,127.0
10109777SILVAK_2025-09-10_G25,10109777SILVAK,2025-09-10,118299,1,12,0,277.0
10109777SILVAK_2025-09-10_G26,10109777SILVAK,2025-09-10,160051,1,2,0,221.0
10109777SILVAK_2025-09-10_G27,10109777SILVAK,2025-09-10,110755,1,156,0,2805.0
10109777SILVAK_2025-09-10_G28,10109777SILVAK,2025-09-10,110747,1,30,0,227.0
10109777SILVAK_2025-09-10_G29,10109777SILVAK,2025-09-10,111438,1,36,0,565.0
10109777SILVAK_2025-09-10_G30,10109777SILVAK,2025-09-10,109647,1,43,0,361.0
10109777SILVAK_2025-09-10_G31,10109777SILVAK,2025-09-10,110313,1,28,0,294.0
10109777SILVAK_2025-09-10_G32,10109777SILVAK,2025-09-10,116241,1,138,0,926.0
10109777SILVAK_2025-09-10_G33,10109777SILVAK,2025-09-10,110740,1,117,0,389.0
10109777SILVAK_2025-09-10_G35,10109777SILVAK,2025-09-10,111443,1,16,0,275.0
10109777SILVAK_2025-09-10_G36,10109777SILVAK,2025-09-10,111348,1,35,0,783.0
10109777SILVAK_2025-09-10_G37,10109777SILVAK,2025-09-10,160051,1,3,0,2244.0
10109777SILVAK_2025-09-10_G38,10109777SILVAK,2025-09-10,107830,1,1,0,181.0
10109777SILVAK_2025-09-10_G39,10109777SILVAK,2025-09-10,110374,1,27,0,304.0
10109777SILVAK_2025-09-10_G40,10109777SILVAK,2025-09-10,117820,1,26,0,268.0
10109777SILVAK_2025-09-10_G41,10109777SILVAK,2025-09-10,117832,1,10,0,200.0
10109777SILVAK_2025-09-10_G42,10109777SILVAK,2025-09-10,110371,1,11,0,75.0
10109777SILVAK_2025-09-10_G43,10109777SILVAK,2025-09-10,110373,1,52,0,406.0
10109777SILVAK_2025-09-10_G44,10109777SILVAK,2025-09-10,110376,1,5,0,1296.0
10109777SILVAK_2025-09-10_G45,10109777SILVAK,2025-09-10,117808,1,6,0,64.0
10109777SILVAK_2025-09-10_G46,10109777SILVAK,2025-09-10,"117822, 117809",2,3,30,300.0
10109777SILVAK_2025-09-10_G47,10109777SILVAK,2025-09-10,110372,1,30,0,291.0
10109777SILVAK_2025-09-10_G48,10109777SILVAK,2025-09-10,118299,1,48,0,114.0
10109777SILVAK_2025-09-10_G49,10109777SILVAK,2025-09-10,118299,1,33,0,72.0
10109777SILVAK_2025-09-10_G50,10109777SILVAK,2025-09-10,117856,1,19,0,461.0
10109777SILVAK_2025-09-10_G51,10109777SILVAK,2025-09-10,117935,1,10,0,203.0
10109777SILVAK_2025-09-10_G52,10109777SILVAK,2025-09-10,117861,1,9,0,122.0
10109777SILVAK_2025-09-10_G53,10109777SILVAK,2025-09-10,110313,1,15,0,123.0
10109777SILVAK_2025-09-10_G54,10109777SILVAK,2025-09-10,117862,1,32,0,770.0
10109777SILVAK_2025-09-11_G02,10109777SILVAK,2025-09-11,108759,1,4,0,77.0
10109777SILVAK_2025-09-11_G03,10109777SILVAK,2025-09-11,111430,2,9,6,81.0
10109777SILVAK_2025-09-11_G04,10109777SILVAK,2025-09-11,100334,1,2,0,248.0
10109777SILVAK_2025-09-11_G05,10109777SILVAK,2025-09-11,111569,1,12,0,175.0
10109777SILVAK_2025-09-11_G06,10109777SILVAK,2025-09-11,111655,1,8,0,204.0
10109777SILVAK_2025-09-11_G07,10109777SILVAK,2025-09-11,111438,1,14,0,264.0
10109777SILVAK_2025-09-11_G08,10109777SILVAK,2025-09-11,118222,1,8,0,84.0
10109777SILVAK_2025-09-11_G09,10109777SILVAK,2025-09-11,110787,2,32,15,636.0
10109777SILVAK_2025-09-11_G10,10109777SILVAK,2025-09-11,110787,1,5,0,37.0
10109777SILVAK_2025-09-11_G11,10109777SILVAK,2025-09-11,111441,1,4,0,528.0
10109777SILVAK_2025-09-11_G12,10109777SILVAK,2025-09-11,110742,1,8,0,222.0
10109777SILVAK_2025-09-11_G13,10109777SILVAK,2025-09-11,116241,1,2,0,410.0
10109777SILVAK_2025-09-11_G14,10109777SILVAK,2025-09-11,111441,1,8,0,33.0
10109777SILVAK_2025-09-11_G15,10109777SILVAK,2025-09-11,110787,1,4,0,245.0
10109777SILVAK_2025-09-11_G16,10109777SILVAK,2025-09-11,117855,1,1,0,102.0
10109777SILVAK_2025-09-11_G17,10109777SILVAK,2025-09-11,117820,1,6,0,173.0
10109777SILVAK_2025-09-11_G18,10109777SILVAK,2025-09-11,110372,1,1,0,46.0
10109777SILVAK_2025-09-11_G19,10109777SILVAK,2025-09-11,110372,1,24,0,121.0
10109777SILVAK_2025-09-11_G20,10109777SILVAK,2025-09-11,118299,1,19,0,200.0
10109777SILVAK_2025-09-11_G21,10109777SILVAK,2025-09-11,118306,1,2,0,1016.0
10109777SILVAK_2025-09-11_G22,10109777SILVAK,2025-09-11,110755,1,3,0,198.0
10109777SILVAK_2025-09-11_G23,10109777SILVAK,2025-09-11,111569,1,6,0,59.0
10109777SILVAK_2025-09-11_G24,10109777SILVAK,2025-09-11,111438,1,12,0,111.0
10109777SILVAK_2025-09-11_G25,10109777SILVAK,2025-09-11,111433,1,2,0,544.0
10109777SILVAK_2025-09-11_G26,10109777SILVAK,2025-09-11,118317,1,4,0,73.0
10109777SILVAK_2025-09-11_G27,10109777SILVAK,2025-09-11,109641,1,12,0,176.0
10109777SILVAK_2025-09-11_G28,10109777SILVAK,2025-09-11,"111418, 111467",2,13,11,138.0
10109777SILVAK_2025-09-11_G29,10109777SILVAK,2025-09-11,110745,1,4,0,155.0
10109777SILVAK_2025-09-11_G30,10109777SILVAK,2025-09-11,111462,1,9,0,74.0
10109777SILVAK_2025-09-11_G31,10109777SILVAK,2025-09-11,140922,1,7,0,154.0
10109777SILVAK_2025-09-11_G32,10109777SILVAK,2025-09-11,111468,1,4,0,105.0
10109777SILVAK_2025-09-11_G33,10109777SILVAK,2025-09-11,111444,1,4,0,78.0
10109777SILVAK_2025-09-11_G34,10109777SILVAK,2025-09-11,110787,1,26,0,909.0
10109777SILVAK_2025-09-11_G35,10109777SILVAK,2025-09-11,"111330, 110745",2,22,13,106.0
10109777SILVAK_2025-09-11_G36,10109777SILVAK,2025-09-11,110582,1,8,0,938.0
10109777SILVAK_2025-09-11_G37,10109777SILVAK,2025-09-11,109933,1,2,0,256.0
10109777SILVAK_2025-09-11_G38,10109777SILVAK,2025-09-11,111430,1,8,0,152.0
10109777SILVAK_2025-09-11_G39,10109777SILVAK,2025-09-11,117834,1,6,0,293.0
10109777SILVAK_2025-09-11_G40,10109777SILVAK,2025-09-11,111569,1,19,0,92.0
10109777SILVAK_2025-09-11_G41,10109777SILVAK,2025-09-11,117835,1,1,0,137.0
10109777SILVAK_2025-09-11_G42,10109777SILVAK,2025-09-11,118222,1,87,0,41.0
10109777SILVAK_2025-09-11_G43,10109777SILVAK,2025-09-11,109643,1,4,0,1648.0
10109777SILVAK_2025-09-11_G44,10109777SILVAK,2025-09-11,110374,1,6,0,154.0
10109777SILVAK_2025-09-11_G45,10109777SILVAK,2025-09-11,110372,1,24,0,97.0
10109777SILVAK_2025-09-11_G46,10109777SILVAK,2025-09-11,117832,1,11,0,71.0
10109777SILVAK_2025-09-11_G47,10109777SILVAK,2025-09-11,117830,1,36,0,175.0
10109777SILVAK_2025-09-11_G48,10109777SILVAK,2025-09-11,117820,1,97,0,624.0
10109777SILVAK_2025-09-11_G49,10109777SILVAK,2025-09-11,118299,1,115,0,65.0
10109777SILVAK_2025-09-11_G50,10109777SILVAK,2025-09-11,117808,1,339,0,118.0
10109777SILVAK_2025-09-11_G51,10109777SILVAK,2025-09-11,117809,1,12,0,208.0
10109777SILVAK_2025-09-11_G52,10109777SILVAK,2025-09-11,111467,1,8,0,1913.0
10109777SILVAK_2025-09-11_G53,10109777SILVAK,2025-09-11,117830,1,8,0,139.0
10109777SILVAK_2025-09-11_G54,10109777SILVAK,2025-09-11,111441,1,8,0,1901.0
10109777SILVAK_2025-09-11_G55,10109777SILVAK,2025-09-11,111438,1,4,0,65.0
10109777SILVAK_2025-09-11_G56,10109777SILVAK,2025-09-11,118222,1,99,0,496.0
10109777SILVAK_2025-09-11_G57,10109777SILVAK,2025-09-11,111418,1,174,0,531.0
10109777SILVAK_2025-09-11_G58,10109777SILVAK,2025-09-11,117785,1,93,0,319.0
10109777SILVAK_2025-09-11_G59,10109777SILVAK,2025-09-11,117820,1,112,0,342.0
10109777SILVAK_2025-09-11_G60,10109777SILVAK,2025-09-11,110372,1,223,0,342.0
10109777SILVAK_2025-09-11_G62,10109777SILVAK,2025-09-11,110374,1,23,0,39.0
10109777SILVAK_2025-09-11_G63,10109777SILVAK,2025-09-11,117832,1,25,0,366.0
10109777SILVAK_2025-09-11_G64,10109777SILVAK,2025-09-11,110371,1,24,0,98.0
10109777SILVAK_2025-09-11_G65,10109777SILVAK,2025-09-11,110373,1,77,0,771.0
10109777SILVAK_2025-09-11_G66,10109777SILVAK,2025-09-11,118299,1,290,0,595.0
10109777SILVAK_2025-09-11_G67,10109777SILVAK,2025-09-11,117808,1,288,0,777.0
10109777SILVAK_2025-09-11_G68,10109777SILVAK,2025-09-11,117809,1,17,0,244.0
10109777SILVAK_2025-09-11_G69,10109777SILVAK,2025-09-11,117830,1,56,0,417.0
10109777SILVAK_2025-09-11_G70,10109777SILVAK,2025-09-11,140922,1,28,0,218.0
10109777SILVAK_2025-09-12_G02,10109777SILVAK,2025-09-12,141457,1,22,0,279.0
10109777SILVAK_2025-09-12_G03,10109777SILVAK,2025-09-12,107236,1,8,0,281.0
10109777SILVAK_2025-09-12_G04,10109777SILVAK,2025-09-12,117833,1,12,0,277.0
10109777SILVAK_2025-09-12_G05,10109777SILVAK,2025-09-12,111468,1,4,0,541.0
10109777SILVAK_2025-09-12_G06,10109777SILVAK,2025-09-12,110740,1,2,0,98.0
10109777SILVAK_2025-09-12_G07,10109777SILVAK,2025-09-12,111465,1,8,0,351.0
10109777SILVAK_2025-09-12_G08,10109777SILVAK,2025-09-12,141458,1,30,0,757.0
10109777SILVAK_2025-09-12_G09,10109777SILVAK,2025-09-12,111469,1,35,0,441.0
10109777SILVAK_2025-09-12_G10,10109777SILVAK,2025-09-12,117831,1,42,0,269.0
10109777SILVAK_2025-09-12_G12,10109777SILVAK,2025-09-12,111418,1,137,0,290.0
10109777SILVAK_2025-09-12_G13,10109777SILVAK,2025-09-12,111463,1,99,0,368.0
10109777SILVAK_2025-09-12_G14,10109777SILVAK,2025-09-12,118317,1,29,0,382.0
10109777SILVAK_2025-09-12_G15,10109777SILVAK,2025-09-12,111443,1,10,0,186.0
10109777SILVAK_2025-09-12_G16,10109777SILVAK,2025-09-12,111532,1,4,0,133.0
10109777SILVAK_2025-09-12_G17,10109777SILVAK,2025-09-12,141823,1,4,0,41.0
10109777SILVAK_2025-09-12_G18,10109777SILVAK,2025-09-12,117821,1,13,0,244.0
10109777SILVAK_2025-09-12_G19,10109777SILVAK,2025-09-12,117785,1,12,0,151.0
10109777SILVAK_2025-09-12_G20,10109777SILVAK,2025-09-12,111435,1,10,0,37.0
10109777SILVAK_2025-09-12_G21,10109777SILVAK,2025-09-12,111462,1,20,0,278.0
10109777SILVAK_2025-09-12_G22,10109777SILVAK,2025-09-12,117833,1,6,0,68.0
10109777SILVAK_2025-09-12_G23,10109777SILVAK,2025-09-12,117831,1,16,0,122.0
10109777SILVAK_2025-09-12_G24,10109777SILVAK,2025-09-12,111444,1,8,0,145.0
10109777SILVAK_2025-09-12_G25,10109777SILVAK,2025-09-12,110740,1,9,0,46.0
10109777SILVAK_2025-09-12_G26,10109777SILVAK,2025-09-12,118140,1,36,0,661.0
10109777SILVAK_2025-09-12_G27,10109777SILVAK,2025-09-12,111442,1,18,0,501.0
10109777SILVAK_2025-09-12_G28,10109777SILVAK,2025-09-12,140922,1,26,0,157.0
10109777SILVAK_2025-09-12_G30,10109777SILVAK,2025-09-12,140922,1,6,0,74.0
10109777SILVAK_2025-09-12_G31,10109777SILVAK,2025-09-12,110313,1,2,0,603.0
10109777SILVAK_2025-09-12_G32,10109777SILVAK,2025-09-12,109645,1,4,0,100.0
10109777SILVAK_2025-09-12_G33,10109777SILVAK,2025-09-12,111441,1,2,0,439.0
10109777SILVAK_2025-09-12_G34,10109777SILVAK,2025-09-12,110755,1,4,0,148.0
10109777SILVAK_2025-09-12_G35,10109777SILVAK,2025-09-12,107629,1,2,0,59.0
10109777SILVAK_2025-09-12_G36,10109777SILVAK,2025-09-12,111602,1,10,0,47.0
10109777SILVAK_2025-09-12_G37,10109777SILVAK,2025-09-12,111602,1,5,0,78.0
10109777SILVAK_2025-09-12_G38,10109777SILVAK,2025-09-12,117837,1,2,0,127.0
10109777SILVAK_2025-09-12_G39,10109777SILVAK,2025-09-12,117830,1,1,0,55.0
10109777SILVAK_2025-09-12_G40,10109777SILVAK,2025-09-12,111466,1,23,0,201.0
10109777SILVAK_2025-09-12_G41,10109777SILVAK,2025-09-12,108794,1,4,0,85.0
10109777SILVAK_2025-09-12_G42,10109777SILVAK,2025-09-12,117787,1,4,0,93.0
10109777SILVAK_2025-09-12_G43,10109777SILVAK,2025-09-12,"111172, 117821",2,8,5,326.0
10109777SILVAK_2025-09-13_G02,10109777SILVAK,2025-09-13,110080,1,1,0,247.0
10109777SILVAK_2025-09-13_G03,10109777SILVAK,2025-09-13,118283,1,12,0,1699.0
10109777SILVAK_2025-09-13_G04,10109777SILVAK,2025-09-13,111887,1,1,0,54.0
10109777SILVAK_2025-09-13_G05,10109777SILVAK,2025-09-13,111447,1,2,0,61.0
10109777SILVAK_2025-09-13_G06,10109777SILVAK,2025-09-13,118253,1,20,0,224.0
10109777SILVAK_2025-09-13_G07,10109777SILVAK,2025-09-13,103149,1,8,0,512.0
10109777SILVAK_2025-09-13_G08,10109777SILVAK,2025-09-13,111436,1,1,0,39.0
10109777SILVAK_2025-09-13_G09,10109777SILVAK,2025-09-13,107254,1,9,0,111.0
10109777SILVAK_2025-09-13_G10,10109777SILVAK,2025-09-13,110742,1,4,0,250.0
10109777SILVAK_2025-09-13_G11,10109777SILVAK,2025-09-13,100334,1,3,0,110.0
10109777SILVAK_2025-09-13_G12,10109777SILVAK,2025-09-13,110755,1,1,0,79.0
10109777SILVAK_2025-09-13_G13,10109777SILVAK,2025-09-13,118364,1,8,0,2352.0
10109777SILVAK_2025-09-13_G14,10109777SILVAK,2025-09-13,141318,1,12,0,762.0
10109777SILVAK_2025-09-13_G15,10109777SILVAK,2025-09-13,118280,1,8,0,73.0
10109777SILVAK_2025-09-13_G16,10109777SILVAK,2025-09-13,110579,1,1,0,69.0
10109777SILVAK_2025-09-13_G17,10109777SILVAK,2025-09-13,108771,1,4,0,206.0
10109777SILVAK_2025-09-13_G18,10109777SILVAK,2025-09-13,118229,1,20,0,163.0
10109777SILVAK_2025-09-13_G19,10109777SILVAK,2025-09-13,117789,1,9,0,168.0
10109777SILVAK_2025-09-13_G20,10109777SILVAK,2025-09-13,111660,1,15,0,661.0
10109777SILVAK_2025-09-13_G21,10109777SILVAK,2025-09-13,109974,1,16,0,731.0
10109777SILVAK_2025-09-13_G22,10109777SILVAK,2025-09-13,141286,1,2,0,204.0
10109777SILVAK_2025-09-13_G23,10109777SILVAK,2025-09-13,111851,1,4,0,1497.0
10109777SILVAK_2025-09-13_G24,10109777SILVAK,2025-09-13,109933,1,2,0,706.0
10109777SILVAK_2025-09-13_G25,10109777SILVAK,2025-09-13,118251,1,10,0,85.0
10109777SILVAK_2025-09-13_G26,10109777SILVAK,2025-09-13,"110289, 141311",2,6,23,214.0
10109777SILVAK_2025-09-13_G27,10109777SILVAK,2025-09-13,107888,1,17,0,401.0
10109777SILVAK_2025-09-13_G28,10109777SILVAK,2025-09-13,111793,1,9,0,211.0
10109777SILVAK_2025-09-13_G29,10109777SILVAK,2025-09-13,110500,1,1,0,596.0
10109777SILVAK_2025-09-13_G30,10109777SILVAK,2025-09-13,110833,1,2,0,632.0
10109777SILVAK_2025-09-13_G31,10109777SILVAK,2025-09-13,118094,1,40,0,556.0
10109777SILVAK_2025-09-13_G33,10109777SILVAK,2025-09-13,111441,1,4,0,1150.0
10109777SILVAK_2025-09-13_G34,10109777SILVAK,2025-09-13,110742,1,2,0,89.0
10109777SILVAK_2025-09-13_G35,10109777SILVAK,2025-09-13,100334,1,2,0,78.0
10109777SILVAK_2025-09-13_G36,10109777SILVAK,2025-09-13,110754,1,4,0,203.0
10109777SILVAK_2025-09-13_G37,10109777SILVAK,2025-09-13,117820,1,80,0,1867.0
10109777SILVAK_2025-09-13_G38,10109777SILVAK,2025-09-13,117854,1,3,0,222.0
10109777SILVAK_2025-09-13_G39,10109777SILVAK,2025-09-13,141066,1,4,0,67.0
10109777SILVAK_2025-09-13_G40,10109777SILVAK,2025-09-13,109647,1,4,0,74.0
10109777SILVAK_2025-09-13_G41,10109777SILVAK,2025-09-13,"118298, 111467",2,8,24,90.0
10109777SILVAK_2025-09-13_G42,10109777SILVAK,2025-09-13,110733,1,4,0,208.0
10109777SILVAK_2025-09-13_G43,10109777SILVAK,2025-09-13,141047,1,6,0,101.0
10109777SILVAK_2025-09-13_G44,10109777SILVAK,2025-09-13,110313,1,8,0,144.0
10109777SILVAK_2025-09-13_G45,10109777SILVAK,2025-09-13,110752,1,2,0,52.0
10109777SILVAK_2025-09-13_G46,10109777SILVAK,2025-09-13,117837,1,6,0,177.0
10109777SILVAK_2025-09-13_G47,10109777SILVAK,2025-09-13,110580,1,2,0,335.0
10109777SILVAK_2025-09-15_G02,10109777SILVAK,2025-09-15,111469,1,20,0,83.0
10109777SILVAK_2025-09-15_G03,10109777SILVAK,2025-09-15,117862,1,3,0,340.0
10109777SILVAK_2025-09-15_G04,10109777SILVAK,2025-09-15,117855,1,4,0,463.0
10109777SILVAK_2025-09-15_G05,10109777SILVAK,2025-09-15,110313,1,1,0,74.0
10109777SILVAK_2025-09-15_G06,10109777SILVAK,2025-09-15,111463,1,2,0,135.0
10109777SILVAK_2025-09-15_G07,10109777SILVAK,2025-09-15,108711,1,4,0,245.0
10109777SILVAK_2025-09-15_G08,10109777SILVAK,2025-09-15,111443,1,4,0,75.0
10109777SILVAK_2025-09-15_G09,10109777SILVAK,2025-09-15,160055,1,2,0,95.0
10109777SILVAK_2025-09-15_G10,10109777SILVAK,2025-09-15,141823,1,4,0,90.0
10109777SILVAK_2025-09-15_G11,10109777SILVAK,2025-09-15,111469,1,6,0,108.0
10109777SILVAK_2025-09-15_G12,10109777SILVAK,2025-09-15,111466,1,9,0,186.0
10109777SILVAK_2025-09-15_G13,10109777SILVAK,2025-09-15,111462,1,4,0,689.0
10109777SILVAK_2025-09-15_G14,10109777SILVAK,2025-09-15,141458,1,2,0,84.0
10109777SILVAK_2025-09-15_G15,10109777SILVAK,2025-09-15,160054,1,1,0,158.0
10109777SILVAK_2025-09-15_G16,10109777SILVAK,2025-09-15,110371,1,4,0,95.0
10109777SILVAK_2025-09-15_G17,10109777SILVAK,2025-09-15,117808,1,6,0,1186.0
10109777SILVAK_2025-09-15_G18,10109777SILVAK,2025-09-15,116241,1,4,0,189.0
10109777SILVAK_2025-09-15_G19,10109777SILVAK,2025-09-15,117808,1,30,0,361.0
10109777SILVAK_2025-09-15_G20,10109777SILVAK,2025-09-15,111462,1,14,0,307.0
10109777SILVAK_2025-09-15_G21,10109777SILVAK,2025-09-15,111172,1,13,0,211.0
10109777SILVAK_2025-09-15_G22,10109777SILVAK,2025-09-15,118140,1,80,0,391.0
10109777SILVAK_2025-09-15_G23,10109777SILVAK,2025-09-15,111466,1,76,0,609.0
10109777SILVAK_2025-09-15_G24,10109777SILVAK,2025-09-15,160051,1,2,0,516.0
10109777SILVAK_2025-09-15_G26,10109777SILVAK,2025-09-15,117834,1,110,0,444.0
10109777SILVAK_2025-09-15_G27,10109777SILVAK,2025-09-15,117787,1,200,0,1021.0
10109777SILVAK_2025-09-15_G28,10109777SILVAK,2025-09-15,117820,1,148,0,579.0
10109777SILVAK_2025-09-15_G29,10109777SILVAK,2025-09-15,117841,1,200,0,2410.0
10109777SILVAK_2025-09-15_G30,10109777SILVAK,2025-09-15,111437,1,128,0,906.0
10109777SILVAK_2025-09-15_G32,10109777SILVAK,2025-09-15,109640,1,8,0,42.0
10109777SILVAK_2025-09-15_G33,10109777SILVAK,2025-09-15,109643,1,12,0,139.0
10109777SILVAK_2025-09-15_G34,10109777SILVAK,2025-09-15,110373,1,18,0,165.0
10109777SILVAK_2025-09-15_G35,10109777SILVAK,2025-09-15,110373,1,24,0,678.0
10109777SILVAK_2025-09-15_G36,10109777SILVAK,2025-09-15,118222,1,6,0,203.0
10109777SILVAK_2025-09-15_G37,10109777SILVAK,2025-09-15,141066,1,4,0,180.0
10109777SILVAK_2025-09-15_G38,10109777SILVAK,2025-09-15,117862,1,2,0,47.0
10109777SILVAK_2025-09-15_G39,10109777SILVAK,2025-09-15,117853,1,8,0,91.0
10109777SILVAK_2025-09-15_G40,10109777SILVAK,2025-09-15,109640,1,6,0,87.0
10109777SILVAK_2025-09-15_G41,10109777SILVAK,2025-09-15,111530,1,21,0,408.0
10109777SILVAK_2025-09-15_G42,10109777SILVAK,2025-09-15,111439,1,8,0,121.0
10109777SILVAK_2025-09-15_G43,10109777SILVAK,2025-09-15,117808,1,101,0,151.0
10109777SILVAK_2025-09-15_G44,10109777SILVAK,2025-09-15,"109640, 111438",3,40,44,646.0
10109777SILVAK_2025-09-15_G45,10109777SILVAK,2025-09-15,111418,1,1350,0,2975.0
10109777SILVAK_2025-09-16_G02,10109777SILVAK,2025-09-16,117787,1,27,0,379.0
10109777SILVAK_2025-09-16_G03,10109777SILVAK,2025-09-16,111532,1,30,0,37.0
10109777SILVAK_2025-09-16_G04,10109777SILVAK,2025-09-16,110787,1,44,0,393.0
10109777SILVAK_2025-09-16_G05,10109777SILVAK,2025-09-16,110787,1,80,0,672.0
10109777SILVAK_2025-09-16_G06,10109777SILVAK,2025-09-16,111330,1,16,0,1014.0
10109777SILVAK_2025-09-16_G07,10109777SILVAK,2025-09-16,118223,1,14,0,233.0
10109777SILVAK_2025-09-16_G08,10109777SILVAK,2025-09-16,111466,1,18,0,83.0
10109777SILVAK_2025-09-16_G09,10109777SILVAK,2025-09-16,111466,2,108,18,186.0
10109777SILVAK_2025-09-16_G10,10109777SILVAK,2025-09-16,110740,1,40,0,1361.0
10109777SILVAK_2025-09-16_G11,10109777SILVAK,2025-09-16,110745,1,24,0,554.0
10109777SILVAK_2025-09-16_G12,10109777SILVAK,2025-09-16,105705,1,35,0,823.0
10109777SILVAK_2025-09-16_G13,10109777SILVAK,2025-09-16,109643,1,30,0,153.0
10109777SILVAK_2025-09-16_G15,10109777SILVAK,2025-09-16,109649,1,4,0,256.0
10109777SILVAK_2025-09-16_G16,10109777SILVAK,2025-09-16,117808,1,22,0,382.0
10109777SILVAK_2025-09-16_G17,10109777SILVAK,2025-09-16,110787,1,24,0,315.0
10109777SILVAK_2025-09-16_G18,10109777SILVAK,2025-09-16,"117786, 111530",2,27,17,283.0
10109777SILVAK_2025-09-16_G19,10109777SILVAK,2025-09-16,111532,1,10,0,517.0
10109777SILVAK_2025-09-16_G20,10109777SILVAK,2025-09-16,141456,1,20,0,139.0
10109777SILVAK_2025-09-16_G21,10109777SILVAK,2025-09-16,140922,1,20,0,160.0
10109777SILVAK_2025-09-16_G22,10109777SILVAK,2025-09-16,117831,1,10,0,123.0
10109777SILVAK_2025-09-16_G23,10109777SILVAK,2025-09-16,110374,1,10,0,177.0
10109777SILVAK_2025-09-16_G24,10109777SILVAK,2025-09-16,117832,1,20,0,224.0
10109777SILVAK_2025-09-16_G25,10109777SILVAK,2025-09-16,117820,1,50,0,670.0
10109777SILVAK_2025-09-16_G26,10109777SILVAK,2025-09-16,110787,1,10,0,250.0
10109777SILVAK_2025-09-16_G27,10109777SILVAK,2025-09-16,118299,1,65,0,549.0
10109777SILVAK_2025-09-16_G28,10109777SILVAK,2025-09-16,117820,1,25,0,313.0
10109777SILVAK_2025-09-16_G29,10109777SILVAK,2025-09-16,117808,1,79,0,635.0
10109777SILVAK_2025-09-17_G03,10109777SILVAK,2025-09-17,111737,1,14,0,100.0
10109777SILVAK_2025-09-17_G04,10109777SILVAK,2025-09-17,111760,1,6,0,575.0
10109777SILVAK_2025-09-17_G05,10109777SILVAK,2025-09-17,141140,1,19,0,1716.0
10109777SILVAK_2025-09-17_G06,10109777SILVAK,2025-09-17,111760,1,4,0,147.0
10109777SILVAK_2025-09-18_G02,10109777SILVAK,2025-09-18,111447,1,2,0,345.0
10109777SILVAK_2025-09-18_G03,10109777SILVAK,2025-09-18,111430,1,4,0,108.0
10109777SILVAK_2025-09-18_G04,10109777SILVAK,2025-09-18,117786,1,4,0,595.0
10109777SILVAK_2025-09-18_G05,10109777SILVAK,2025-09-18,118094,1,8,0,163.0
10109777SILVAK_2025-09-18_G06,10109777SILVAK,2025-09-18,109645,1,2,0,379.0
10109777SILVAK_2025-09-18_G07,10109777SILVAK,2025-09-18,117838,1,6,0,123.0
10109777SILVAK_2025-09-18_G08,10109777SILVAK,2025-09-18,141456,1,10,0,209.0
10109777SILVAK_2025-09-18_G09,10109777SILVAK,2025-09-18,111434,1,2,0,91.0
10109777SILVAK_2025-09-18_G10,10109777SILVAK,2025-09-18,141457,1,12,0,157.0
10109777SILVAK_2025-09-18_G11,10109777SILVAK,2025-09-18,118140,1,15,0,2350.0
10109777SILVAK_2025-09-18_G12,10109777SILVAK,2025-09-18,111532,1,14,0,106.0
10109777SILVAK_2025-09-18_G13,10109777SILVAK,2025-09-18,140911,3,12,36,374.0
10109777SILVAK_2025-09-18_G14,10109777SILVAK,2025-09-18,111441,1,6,0,861.0
10109777SILVAK_2025-09-18_G15,10109777SILVAK,2025-09-18,111569,1,2,0,839.0
10109777SILVAK_2025-09-18_G16,10109777SILVAK,2025-09-18,117862,1,4,0,176.0
10109777SILVAK_2025-09-18_G17,10109777SILVAK,2025-09-18,117861,1,4,0,128.0
10109777SILVAK_2025-09-18_G18,10109777SILVAK,2025-09-18,111879,1,4,0,431.0
10109777SILVAK_2025-09-18_G19,10109777SILVAK,2025-09-18,141047,1,2,0,131.0
10109777SILVAK_2025-09-18_G20,10109777SILVAK,2025-09-18,117855,1,6,0,65.0
10109777SILVAK_2025-09-18_G21,10109777SILVAK,2025-09-18,110129,1,4,0,168.0
10109777SILVAK_2025-09-18_G22,10109777SILVAK,2025-09-18,111433,1,2,0,53.0
10109777SILVAK_2025-09-18_G23,10109777SILVAK,2025-09-18,111463,1,3,0,241.0
10109777SILVAK_2025-09-18_G24,10109777SILVAK,2025-09-18,118317,1,2,0,109.0
10109777SILVAK_2025-09-18_G25,10109777SILVAK,2025-09-18,109641,1,6,0,225.0
10109777SILVAK_2025-09-18_G26,10109777SILVAK,2025-09-18,111743,1,2,0,475.0
10109777SILVAK_2025-09-18_G27,10109777SILVAK,2025-09-18,117821,1,2,0,52.0
10109777SILVAK_2025-09-18_G28,10109777SILVAK,2025-09-18,117842,1,1,0,138.0
10109777SILVAK_2025-09-18_G29,10109777SILVAK,2025-09-18,141457,1,2,0,59.0
10109777SILVAK_2025-09-18_G30,10109777SILVAK,2025-09-18,117833,1,2,0,154.0
10109777SILVAK_2025-09-18_G31,10109777SILVAK,2025-09-18,110740,1,1,0,56.0
10109777SILVAK_2025-09-18_G32,10109777SILVAK,2025-09-18,110745,1,2,0,106.0
10109777SILVAK_2025-09-18_G33,10109777SILVAK,2025-09-18,117809,1,6,0,384.0
10109777SILVAK_2025-09-18_G34,10109777SILVAK,2025-09-18,"109643, 118299",2,14,21,108.0
10109777SILVAK_2025-09-18_G35,10109777SILVAK,2025-09-18,110372,1,4,0,270.0
10109777SILVAK_2025-09-18_G36,10109777SILVAK,2025-09-18,110373,1,20,0,155.0
10109777SILVAK_2025-09-18_G37,10109777SILVAK,2025-09-18,117820,1,30,0,226.0
10109777SILVAK_2025-09-18_G38,10109777SILVAK,2025-09-18,141202,1,2,0,194.0
10109777SILVAK_2025-09-18_G39,10109777SILVAK,2025-09-18,117808,1,60,0,386.0
10109777SILVAK_2025-09-18_G40,10109777SILVAK,2025-09-18,118299,1,9,0,325.0
10109777SILVAK_2025-09-18_G41,10109777SILVAK,2025-09-18,110373,1,3,0,187.0
10109777SILVAK_2025-09-18_G42,10109777SILVAK,2025-09-18,117830,1,10,0,39.0
10109777SILVAK_2025-09-18_G43,10109777SILVAK,2025-09-18,117820,1,4,0,97.0
10109777SILVAK_2025-09-18_G44,10109777SILVAK,2025-09-18,117808,1,27,0,56.0
10109777SILVAK_2025-09-18_G45,10109777SILVAK,2025-09-18,117785,1,5,0,161.0
10109777SILVAK_2025-09-18_G46,10109777SILVAK,2025-09-18,141823,1,1,0,114.0
10109777SILVAK_2025-09-18_G47,10109777SILVAK,2025-09-18,141458,1,2,0,138.0
10109777SILVAK_2025-09-18_G48,10109777SILVAK,2025-09-18,110745,1,2,0,52.0
10109777SILVAK_2025-09-18_G49,10109777SILVAK,2025-09-18,117831,1,8,0,146.0
10109777SILVAK_2025-09-18_G50,10109777SILVAK,2025-09-18,118222,1,50,0,2038.0
10109777SILVAK_2025-09-18_G52,10109777SILVAK,2025-09-18,111430,1,3,0,409.0
10109777SILVAK_2025-09-18_G53,10109777SILVAK,2025-09-18,110742,1,4,0,48.0
10109777SILVAK_2025-09-18_G54,10109777SILVAK,2025-09-18,117836,1,2,0,1145.0
10109777SILVAK_2025-09-18_G55,10109777SILVAK,2025-09-18,100334,1,4,0,557.0
10109777SILVAK_2025-09-18_G56,10109777SILVAK,2025-09-18,111660,1,8,0,257.0
10109777SILVAK_2025-09-18_G57,10109777SILVAK,2025-09-18,111172,1,3,0,311.0
10109777SILVAK_2025-09-18_G58,10109777SILVAK,2025-09-18,111463,1,12,0,224.0
10109777SILVAK_2025-09-18_G59,10109777SILVAK,2025-09-18,118317,1,3,0,65.0
10109777SILVAK_2025-09-18_G60,10109777SILVAK,2025-09-18,117785,1,5,0,40.0
10109777SILVAK_2025-09-18_G61,10109777SILVAK,2025-09-18,109645,1,2,0,84.0
10109777SILVAK_2025-09-18_G62,10109777SILVAK,2025-09-18,"108711, 117821",2,8,29,55.0
10109777SILVAK_2025-09-18_G63,10109777SILVAK,2025-09-18,117787,1,4,0,121.0
10109777SILVAK_2025-09-18_G64,10109777SILVAK,2025-09-18,"141456, 108794",2,7,16,65.0
10109777SILVAK_2025-09-18_G65,10109777SILVAK,2025-09-18,141457,1,2,0,124.0
10109777SILVAK_2025-09-18_G66,10109777SILVAK,2025-09-18,111466,1,16,0,111.0
10109777SILVAK_2025-09-18_G67,10109777SILVAK,2025-09-18,111172,1,3,0,873.0
10109777SILVAK_2025-09-18_G68,10109777SILVAK,2025-09-18,111442,1,10,0,239.0
10109777SILVAK_2025-09-18_G69,10109777SILVAK,2025-09-18,111418,1,39,0,394.0
10109777SILVAK_2025-09-18_G70,10109777SILVAK,2025-09-18,111462,1,14,0,266.0
10109777SILVAK_2025-09-18_G71,10109777SILVAK,2025-09-18,117831,1,6,0,192.0
10109777SILVAK_2025-09-18_G72,10109777SILVAK,2025-09-18,111465,1,8,0,31.0
10109777SILVAK_2025-09-18_G73,10109777SILVAK,2025-09-18,111469,1,22,0,251.0
10109777SILVAK_2025-09-18_G74,10109777SILVAK,2025-09-18,141458,1,7,0,220.0
10109777SILVAK_2025-09-18_G75,10109777SILVAK,2025-09-18,"117832, 110373",2,27,20,153.0
10109777SILVAK_2025-09-18_G76,10109777SILVAK,2025-09-18,118299,1,34,0,84.0
10109777SILVAK_2025-09-19_G02,10109777SILVAK,2025-09-19,111466,1,900,0,1279.0
10109777SILVAK_2025-09-19_G03,10109777SILVAK,2025-09-19,111569,1,8,0,1546.0
10109777SILVAK_2025-09-19_G04,10109777SILVAK,2025-09-19,141202,1,7,0,2136.0
10109777SILVAK_2025-09-19_G05,10109777SILVAK,2025-09-19,110787,1,4,0,285.0
10109777SILVAK_2025-09-19_G06,10109777SILVAK,2025-09-19,160051,1,8,0,299.0
10109777SILVAK_2025-09-19_G07,10109777SILVAK,2025-09-19,110787,1,4,0,288.0
10109777SILVAK_2025-09-19_G08,10109777SILVAK,2025-09-19,118140,1,6,0,123.0
10109777SILVAK_2025-09-19_G09,10109777SILVAK,2025-09-19,"108794, 118140",2,6,9,235.0
10109777SILVAK_2025-09-19_G10,10109777SILVAK,2025-09-19,117821,1,4,0,271.0
10109777SILVAK_2025-09-19_G11,10109777SILVAK,2025-09-19,117831,1,4,0,67.0
10109777SILVAK_2025-09-19_G12,10109777SILVAK,2025-09-19,107236,1,2,0,98.0
10109777SILVAK_2025-09-19_G13,10109777SILVAK,2025-09-19,117822,1,2,0,151.0
10109777SILVAK_2025-09-19_G14,10109777SILVAK,2025-09-19,110787,1,4,0,721.0
10109777SILVAK_2025-09-19_G15,10109777SILVAK,2025-09-19,140911,1,5,0,1512.0
10109777SILVAK_2025-09-19_G16,10109777SILVAK,2025-09-19,105242,1,4,0,140.0
10109777SILVAK_2025-09-19_G17,10109777SILVAK,2025-09-19,109640,1,4,0,245.0
10109777SILVAK_2025-09-19_G18,10109777SILVAK,2025-09-19,110787,1,4,0,73.0
10109777SILVAK_2025-09-19_G19,10109777SILVAK,2025-09-19,110371,1,13,0,234.0
10109777SILVAK_2025-09-19_G20,10109777SILVAK,2025-09-19,111530,1,12,0,244.0
10109777SILVAK_2025-09-19_G21,10109777SILVAK,2025-09-19,111532,1,4,0,355.0
10109777SILVAK_2025-09-19_G22,10109777SILVAK,2025-09-19,110787,1,8,0,32.0
10109777SILVAK_2025-09-19_G23,10109777SILVAK,2025-09-19,111430,1,16,0,776.0
10109777SILVAK_2025-09-19_G24,10109777SILVAK,2025-09-19,118222,1,8,0,225.0
10109777SILVAK_2025-09-19_G25,10109777SILVAK,2025-09-19,109647,1,10,0,1393.0
10109777SILVAK_2025-09-19_G26,10109777SILVAK,2025-09-19,140923,1,6,0,214.0
10109777SILVAK_2025-09-19_G27,10109777SILVAK,2025-09-19,109641,1,8,0,392.0
10109777SILVAK_2025-09-19_G28,10109777SILVAK,2025-09-19,111655,1,2,0,187.0
10109777SILVAK_2025-09-19_G29,10109777SILVAK,2025-09-19,117785,1,4,0,415.0
10109777SILVAK_2025-09-19_G30,10109777SILVAK,2025-09-19,140922,1,3,0,42.0
10109777SILVAK_2025-09-19_G31,10109777SILVAK,2025-09-19,117808,1,4,0,123.0
10109777SILVAK_2025-09-20_G02,10109777SILVAK,2025-09-20,117808,1,200,0,1424.0
10109777SILVAK_2025-09-20_G03,10109777SILVAK,2025-09-20,117809,1,100,0,863.0
10109777SILVAK_2025-09-20_G04,10109777SILVAK,2025-09-20,118299,1,700,0,2298.0
10109777SILVAK_2025-09-20_G05,10109777SILVAK,2025-09-20,118094,1,7,0,485.0
10109777SILVAK_2025-09-20_G06,10109777SILVAK,2025-09-20,118299,1,4,0,104.0
10109777SILVAK_2025-09-20_G07,10109777SILVAK,2025-09-20,111172,2,17,5,745.0
10109777SILVAK_2025-09-20_G08,10109777SILVAK,2025-09-20,109643,1,10,0,2303.0
10109777SILVAK_2025-09-20_G09,10109777SILVAK,2025-09-20,110749,1,2,0,121.0
10109777SILVAK_2025-09-20_G10,10109777SILVAK,2025-09-20,117836,1,2,0,152.0
10109777SILVAK_2025-09-20_G11,10109777SILVAK,2025-09-20,"141456, 111433",2,8,28,182.0
10109777SILVAK_2025-09-20_G12,10109777SILVAK,2025-09-20,141457,1,12,0,192.0
10109777SILVAK_2025-09-20_G13,10109777SILVAK,2025-09-20,117833,1,4,0,102.0
10109777SILVAK_2025-09-20_G14,10109777SILVAK,2025-09-20,117832,1,4,0,109.0
10109777SILVAK_2025-09-20_G15,10109777SILVAK,2025-09-20,117809,1,14,0,138.0
10109777SILVAK_2025-09-20_G16,10109777SILVAK,2025-09-20,140923,1,2,0,224.0
10109777SILVAK_2025-09-20_G17,10109777SILVAK,2025-09-20,111743,1,2,0,125.0
10109777SILVAK_2025-09-20_G18,10109777SILVAK,2025-09-20,118140,1,4,0,116.0
10109777SILVAK_2025-09-20_G19,10109777SILVAK,2025-09-20,140923,1,4,0,164.0
10109777SILVAK_2025-09-20_G20,10109777SILVAK,2025-09-20,117808,1,4,0,47.0
10109777SILVAK_2025-09-20_G22,10109777SILVAK,2025-09-20,110373,1,200,0,703.0
10109777SILVAK_2025-09-20_G23,10109777SILVAK,2025-09-20,110373,1,160,0,206.0
10109777SILVAK_2025-09-20_G24,10109777SILVAK,2025-09-20,117820,1,60,0,1264.0
10109777SILVAK_2025-09-20_G25,10109777SILVAK,2025-09-20,117808,1,526,0,128.0
10109777SILVAK_2025-09-20_G26,10109777SILVAK,2025-09-20,110747,1,1,0,1086.0
10109777SILVAK_2025-09-20_G27,10109777SILVAK,2025-09-20,141047,1,4,0,129.0
10109777SILVAK_2025-09-20_G28,10109777SILVAK,2025-09-20,111602,1,3,0,63.0
10109777SILVAK_2025-09-20_G29,10109777SILVAK,2025-09-20,111469,1,26,0,180.0
10109777SILVAK_2025-09-20_G30,10109777SILVAK,2025-09-20,111463,1,13,0,475.0
10109777SILVAK_2025-09-20_G31,10109777SILVAK,2025-09-20,109645,1,2,0,69.0
10109777SILVAK_2025-09-20_G32,10109777SILVAK,2025-09-20,117821,1,6,0,91.0
10109777SILVAK_2025-09-20_G33,10109777SILVAK,2025-09-20,117831,1,6,0,65.0
10109777SILVAK_2025-09-20_G34,10109777SILVAK,2025-09-20,117830,1,9,0,151.0
10109777SILVAK_2025-09-20_G35,10109777SILVAK,2025-09-20,117820,1,3,0,44.0
10109777SILVAK_2025-09-20_G36,10109777SILVAK,2025-09-20,"110371, 110374",2,8,22,145.0
10109777SILVAK_2025-09-20_G37,10109777SILVAK,2025-09-20,111876,1,4,0,809.0
10109777SILVAK_2025-09-20_G38,10109777SILVAK,2025-09-20,111530,1,2,0,64.0
10109777SILVAK_2025-09-20_G39,10109777SILVAK,2025-09-20,140923,1,1,0,65.0
10109777SILVAK_2025-09-20_G40,10109777SILVAK,2025-09-20,110733,1,6,0,141.0
10109777SILVAK_2025-09-20_G41,10109777SILVAK,2025-09-20,111430,1,2,0,131.0
10109777SILVAK_2025-09-20_G42,10109777SILVAK,2025-09-20,141047,1,2,0,84.0
10109777SILVAK_2025-09-20_G43,10109777SILVAK,2025-09-20,117855,1,12,0,119.0
10109777SILVAK_2025-09-20_G44,10109777SILVAK,2025-09-20,109640,1,2,0,102.0
10109777SILVAK_2025-09-20_G45,10109777SILVAK,2025-09-20,111462,2,6,6,81.0
10109777SILVAK_2025-09-20_G46,10109777SILVAK,2025-09-20,111172,1,1,0,95.0
10109777SILVAK_2025-09-20_G47,10109777SILVAK,2025-09-20,117830,1,6,0,44.0
10109777SILVAK_2025-09-22_G02,10109777SILVAK,2025-09-22,111532,1,3,0,91.0
10109777SILVAK_2025-09-22_G03,10109777SILVAK,2025-09-22,"118140, 111466",2,10,25,118.0
10109777SILVAK_2025-09-22_G04,10109777SILVAK,2025-09-22,116241,1,2,0,471.0
10109777SILVAK_2025-09-22_G05,10109777SILVAK,2025-09-22,141458,1,1,0,156.0
10109777SILVAK_2025-09-22_G06,10109777SILVAK,2025-09-22,107236,1,2,0,58.0
10109777SILVAK_2025-09-22_G07,10109777SILVAK,2025-09-22,160051,1,2,0,399.0
10109777SILVAK_2025-09-22_G08,10109777SILVAK,2025-09-22,"107830, 110374",2,5,20,150.0
10109777SILVAK_2025-09-22_G09,10109777SILVAK,2025-09-22,110372,1,4,0,45.0
10109777SILVAK_2025-09-22_G10,10109777SILVAK,2025-09-22,110747,1,4,0,422.0
10109777SILVAK_2025-09-22_G11,10109777SILVAK,2025-09-22,117786,1,4,0,224.0
10109777SILVAK_2025-09-22_G12,10109777SILVAK,2025-09-22,109640,1,3,0,153.0
10109777SILVAK_2025-09-22_G13,10109777SILVAK,2025-09-22,141456,1,4,0,1205.0
10109777SILVAK_2025-09-22_G14,10109777SILVAK,2025-09-22,141457,1,8,0,602.0
10109777SILVAK_2025-09-22_G15,10109777SILVAK,2025-09-22,111462,1,2,0,169.0
10109777SILVAK_2025-09-22_G16,10109777SILVAK,2025-09-22,110374,1,10,0,173.0
10109777SILVAK_2025-09-22_G17,10109777SILVAK,2025-09-22,117808,1,20,0,113.0
10109777SILVAK_2025-09-22_G18,10109777SILVAK,2025-09-22,118299,1,4,0,131.0
10109777SILVAK_2025-09-22_G19,10109777SILVAK,2025-09-22,110371,1,2,0,135.0
10109777SILVAK_2025-09-22_G20,10109777SILVAK,2025-09-22,110372,1,4,0,108.0
10109777SILVAK_2025-09-22_G21,10109777SILVAK,2025-09-22,117820,1,6,0,93.0
10109777SILVAK_2025-09-22_G22,10109777SILVAK,2025-09-22,111469,1,4,0,501.0
10109777SILVAK_2025-09-22_G23,10109777SILVAK,2025-09-22,141457,1,2,0,103.0
10109777SILVAK_2025-09-22_G24,10109777SILVAK,2025-09-22,141458,1,4,0,150.0
10109777SILVAK_2025-09-22_G25,10109777SILVAK,2025-09-22,117808,1,9,0,60.0
10109777SILVAK_2025-09-22_G26,10109777SILVAK,2025-09-22,110325,1,2,0,110.0
10109777SILVAK_2025-09-22_G27,10109777SILVAK,2025-09-22,109647,1,2,0,424.0
10109777SILVAK_2025-09-22_G28,10109777SILVAK,2025-09-22,111602,1,1,0,156.0
10109777SILVAK_2025-09-22_G29,10109777SILVAK,2025-09-22,111569,1,4,0,1761.0
10109777SILVAK_2025-09-22_G30,10109777SILVAK,2025-09-22,118222,1,1,0,188.0
10109777SILVAK_2025-09-22_G31,10109777SILVAK,2025-09-22,114650,1,4,0,202.0
10109777SILVAK_2025-09-22_G32,10109777SILVAK,2025-09-22,111569,1,2,0,209.0
10109777SILVAK_2025-09-22_G33,10109777SILVAK,2025-09-22,110895,1,2,0,131.0
10109777SILVAK_2025-09-22_G34,10109777SILVAK,2025-09-22,111602,1,4,0,42.0
10109777SILVAK_2025-09-22_G35,10109777SILVAK,2025-09-22,"111532, 110787",3,6,17,132.0
10109777SILVAK_2025-09-22_G36,10109777SILVAK,2025-09-22,111418,1,4,0,511.0
10109777SILVAK_2025-09-22_G37,10109777SILVAK,2025-09-22,"140922, 117808",2,17,29,100.0
10109777SILVAK_2025-09-22_G38,10109777SILVAK,2025-09-22,"118299, 117820",2,32,14,291.0
10109777SILVAK_2025-09-22_G39,10109777SILVAK,2025-09-22,117808,1,12,0,585.0
10109777SILVAK_2025-09-22_G40,10109777SILVAK,2025-09-22,"118299, 117820",2,26,23,64.0
10109777SILVAK_2025-09-22_G41,10109777SILVAK,2025-09-22,109643,1,2,0,326.0
10109777SILVAK_2025-09-22_G42,10109777SILVAK,2025-09-22,117833,1,4,0,66.0
10109777SILVAK_2025-09-22_G43,10109777SILVAK,2025-09-22,111418,1,2,0,60.0
10109777SILVAK_2025-09-22_G44,10109777SILVAK,2025-09-22,111444,1,2,0,65.0
10109777SILVAK_2025-09-22_G45,10109777SILVAK,2025-09-22,117808,1,10,0,1137.0
10109777SILVAK_2025-09-22_G46,10109777SILVAK,2025-09-22,111569,1,2,0,917.0
10109777SILVAK_2025-09-22_G47,10109777SILVAK,2025-09-22,110733,1,2,0,126.0
10109777SILVAK_2025-09-22_G48,10109777SILVAK,2025-09-22,141456,1,2,0,60.0
10109777SILVAK_2025-09-22_G49,10109777SILVAK,2025-09-22,"117787, 111532",2,4,14,214.0
10109777SILVAK_2025-09-22_G50,10109777SILVAK,2025-09-22,141457,1,4,0,138.0
10109777SILVAK_2025-09-22_G51,10109777SILVAK,2025-09-22,110740,1,2,0,203.0
10109777SILVAK_2025-09-22_G52,10109777SILVAK,2025-09-22,111465,1,1,0,55.0
10109777SILVAK_2025-09-22_G53,10109777SILVAK,2025-09-22,"117808, 118299",2,20,13,142.0
10109777SILVAK_2025-09-22_G54,10109777SILVAK,2025-09-22,117820,1,3,0,706.0
10109777SILVAK_2025-09-22_G55,10109777SILVAK,2025-09-22,117832,1,2,0,255.0
10109777SILVAK_2025-09-22_G57,10109777SILVAK,2025-09-22,109640,1,4,0,135.0
10109777SILVAK_2025-09-22_G58,10109777SILVAK,2025-09-22,117785,1,4,0,157.0
10109777SILVAK_2025-09-22_G59,10109777SILVAK,2025-09-22,109641,1,2,0,121.0
10109777SILVAK_2025-09-22_G60,10109777SILVAK,2025-09-22,108794,1,2,0,78.0
10109777SILVAK_2025-09-22_G61,10109777SILVAK,2025-09-22,117808,1,10,0,382.0
10109777SILVAK_2025-09-22_G62,10109777SILVAK,2025-09-22,118299,1,16,0,649.0
10109777SILVAK_2025-09-22_G63,10109777SILVAK,2025-09-22,117820,1,2,0,228.0
10109777SILVAK_2025-09-22_G64,10109777SILVAK,2025-09-22,110373,1,4,0,150.0
10109777SILVAK_2025-09-22_G65,10109777SILVAK,2025-09-22,110374,1,6,0,221.0
10109777SILVAK_2025-09-22_G66,10109777SILVAK,2025-09-22,117808,1,28,0,57.0
10109777SILVAK_2025-09-22_G67,10109777SILVAK,2025-09-22,118299,1,20,0,106.0
10109777SILVAK_2025-09-22_G68,10109777SILVAK,2025-09-22,110371,1,4,0,249.0
10109777SILVAK_2025-09-22_G69,10109777SILVAK,2025-09-22,110372,1,13,0,224.0
10109777SILVAK_2025-09-22_G70,10109777SILVAK,2025-09-22,117820,1,2,0,86.0
10109777SILVAK_2025-09-22_G71,10109777SILVAK,2025-09-22,111172,1,3,0,194.0
10109777SILVAK_2025-09-22_G72,10109777SILVAK,2025-09-22,111743,1,8,0,153.0
10109777SILVAK_2025-09-22_G73,10109777SILVAK,2025-09-22,117785,1,6,0,154.0
10109777SILVAK_2025-09-22_G74,10109777SILVAK,2025-09-22,118140,1,6,0,561.0
10109777SILVAK_2025-09-22_G75,10109777SILVAK,2025-09-22,111418,1,2,0,38.0
10109777SILVAK_2025-09-22_G76,10109777SILVAK,2025-09-22,140922,1,6,0,795.0
10109777SILVAK_2025-09-22_G77,10109777SILVAK,2025-09-22,140923,1,5,0,121.0
10109777SILVAK_2025-09-22_G78,10109777SILVAK,2025-09-22,111467,1,4,0,185.0
10109777SILVAK_2025-09-23_G02,10109777SILVAK,2025-09-23,111602,1,6,0,637.0
10109777SILVAK_2025-09-23_G03,10109777SILVAK,2025-09-23,111441,1,3,0,1021.0
10109777SILVAK_2025-09-23_G04,10109777SILVAK,2025-09-23,111438,1,2,0,91.0
10109777SILVAK_2025-09-23_G05,10109777SILVAK,2025-09-23,140911,1,2,0,234.0
10109777SILVAK_2025-09-23_G06,10109777SILVAK,2025-09-23,118290,1,2,0,50.0
10109777SILVAK_2025-09-23_G07,10109777SILVAK,2025-09-23,109647,1,2,0,423.0
10109777SILVAK_2025-09-23_G08,10109777SILVAK,2025-09-23,117862,1,2,0,68.0
10109777SILVAK_2025-09-23_G09,10109777SILVAK,2025-09-23,111602,1,2,0,203.0
10109777SILVAK_2025-09-23_G10,10109777SILVAK,2025-09-23,106860,1,1,0,228.0
10109777SILVAK_2025-09-23_G11,10109777SILVAK,2025-09-23,111530,1,3,0,233.0
10109777SILVAK_2025-09-23_G12,10109777SILVAK,2025-09-23,111330,1,4,0,1064.0
10109777SILVAK_2025-09-23_G13,10109777SILVAK,2025-09-23,111469,1,4,0,82.0
10109777SILVAK_2025-09-23_G14,10109777SILVAK,2025-09-23,105705,1,1,0,40.0
10109777SILVAK_2025-09-23_G15,10109777SILVAK,2025-09-23,110751,1,4,0,129.0
10109777SILVAK_2025-09-23_G16,10109777SILVAK,2025-09-23,111443,1,2,0,99.0
10109777SILVAK_2025-09-23_G17,10109777SILVAK,2025-09-23,141457,1,6,0,49.0
10109777SILVAK_2025-09-23_G18,10109777SILVAK,2025-09-23,111418,1,6,0,76.0
10109777SILVAK_2025-09-23_G19,10109777SILVAK,2025-09-23,107236,1,3,0,145.0
10109777SILVAK_2025-09-23_G20,10109777SILVAK,2025-09-23,117808,1,14,0,389.0
10109777SILVAK_2025-09-23_G21,10109777SILVAK,2025-09-23,118299,1,12,0,121.0
10109777SILVAK_2025-09-23_G22,10109777SILVAK,2025-09-23,110373,1,10,0,284.0
10109777SILVAK_2025-09-23_G23,10109777SILVAK,2025-09-23,160053,1,2,0,80.0
10109777SILVAK_2025-09-23_G24,10109777SILVAK,2025-09-23,117820,1,10,0,343.0
10109777SILVAK_2025-09-23_G25,10109777SILVAK,2025-09-23,110325,1,2,0,419.0
10109777SILVAK_2025-09-23_G26,10109777SILVAK,2025-09-23,110372,1,9,0,324.0
10109777SILVAK_2025-09-23_G27,10109777SILVAK,2025-09-23,110711,1,1,0,130.0
10109777SILVAK_2025-09-23_G28,10109777SILVAK,2025-09-23,111530,1,4,0,209.0
10109777SILVAK_2025-09-23_G29,10109777SILVAK,2025-09-23,110740,1,4,0,293.0
10109777SILVAK_2025-09-23_G30,10109777SILVAK,2025-09-23,110711,2,7,16,106.0
10109777SILVAK_2025-09-23_G31,10109777SILVAK,2025-09-23,118222,1,2,0,587.0
10109777SILVAK_2025-09-23_G32,10109777SILVAK,2025-09-23,111437,1,2,0,214.0
10109777SILVAK_2025-09-23_G33,10109777SILVAK,2025-09-23,110747,1,4,0,97.0
10109777SILVAK_2025-09-23_G34,10109777SILVAK,2025-09-23,110755,1,2,0,90.0
10109777SILVAK_2025-09-23_G35,10109777SILVAK,2025-09-23,110895,1,2,0,187.0
10109777SILVAK_2025-09-23_G36,10109777SILVAK,2025-09-23,107892,1,2,0,102.0
10109777SILVAK_2025-09-23_G37,10109777SILVAK,2025-09-23,117789,1,1,0,45.0
10109777SILVAK_2025-09-23_G38,10109777SILVAK,2025-09-23,109471,1,2,0,160.0
10109777SILVAK_2025-09-23_G39,10109777SILVAK,2025-09-23,111530,1,1,0,53.0
10109777SILVAK_2025-09-23_G40,10109777SILVAK,2025-09-23,117861,1,8,0,109.0
10109777SILVAK_2025-09-23_G41,10109777SILVAK,2025-09-23,110733,1,2,0,104.0
10109777SILVAK_2025-09-23_G42,10109777SILVAK,2025-09-23,117855,1,2,0,220.0
10109777SILVAK_2025-09-23_G43,10109777SILVAK,2025-09-23,117786,1,2,0,269.0
10109777SILVAK_2025-09-23_G44,10109777SILVAK,2025-09-23,111469,1,4,0,312.0
10109777SILVAK_2025-09-23_G45,10109777SILVAK,2025-09-23,141456,1,2,0,113.0
10109777SILVAK_2025-09-23_G46,10109777SILVAK,2025-09-23,"109641, 118140",2,4,14,128.0
10109777SILVAK_2025-09-23_G47,10109777SILVAK,2025-09-23,111418,1,6,0,79.0
10109777SILVAK_2025-09-23_G48,10109777SILVAK,2025-09-23,111466,1,2,0,49.0
10109777SILVAK_2025-09-23_G49,10109777SILVAK,2025-09-23,"117785, 111462",2,19,24,155.0
10109777SILVAK_2025-09-23_G50,10109777SILVAK,2025-09-23,"117833, 111442",2,4,15,97.0
10109777SILVAK_2025-09-23_G51,10109777SILVAK,2025-09-23,111468,1,4,0,150.0
10109777SILVAK_2025-09-23_G52,10109777SILVAK,2025-09-23,117831,1,5,0,64.0
10109777SILVAK_2025-09-23_G53,10109777SILVAK,2025-09-23,111348,1,1,0,831.0
10109777SILVAK_2025-09-23_G54,10109777SILVAK,2025-09-23,111465,1,2,0,232.0
10109777SILVAK_2025-09-23_G55,10109777SILVAK,2025-09-23,"110372, 117808",2,34,21,635.0
10109777SILVAK_2025-09-23_G56,10109777SILVAK,2025-09-23,118299,1,36,0,213.0
10109777SILVAK_2025-09-23_G57,10109777SILVAK,2025-09-23,110325,1,1,0,268.0
10109777SILVAK_2025-09-23_G58,10109777SILVAK,2025-09-23,117809,1,4,0,43.0
10109777SILVAK_2025-09-23_G59,10109777SILVAK,2025-09-23,117856,1,20,0,373.0
10109777SILVAK_2025-09-23_G60,10109777SILVAK,2025-09-23,160053,1,1,0,183.0
10109777SILVAK_2025-09-23_G61,10109777SILVAK,2025-09-23,117856,1,2,0,178.0
10109777SILVAK_2025-09-24_G02,10109777SILVAK,2025-09-24,111530,1,9,0,38.0
10109777SILVAK_2025-09-24_G03,10109777SILVAK,2025-09-24,140923,3,63,39,187.0
10109777SILVAK_2025-09-24_G04,10109777SILVAK,2025-09-24,111743,1,5,0,164.0
10109777SILVAK_2025-09-24_G05,10109777SILVAK,2025-09-24,"118140, 110325",3,16,31,208.0
10109777SILVAK_2025-09-24_G06,10109777SILVAK,2025-09-24,160051,1,20,0,917.0
10109777SILVAK_2025-09-24_G07,10109777SILVAK,2025-09-24,140923,1,10,0,633.0
10109777SILVAK_2025-09-24_G08,10109777SILVAK,2025-09-24,118140,2,17,5,392.0
10109777SILVAK_2025-09-24_G09,10109777SILVAK,2025-09-24,110325,1,9,0,101.0
10109777SILVAK_2025-09-24_G10,10109777SILVAK,2025-09-24,115775,1,4,0,377.0
10109777SILVAK_2025-09-24_G11,10109777SILVAK,2025-09-24,117855,1,2,0,84.0
10109777SILVAK_2025-09-24_G12,10109777SILVAK,2025-09-24,110129,1,3,0,171.0
10109777SILVAK_2025-09-24_G13,10109777SILVAK,2025-09-24,118317,1,6,0,38.0
10109777SILVAK_2025-09-24_G14,10109777SILVAK,2025-09-24,110325,1,5,0,92.0
10109777SILVAK_2025-09-24_G15,10109777SILVAK,2025-09-24,117832,1,2,0,443.0
10109777SILVAK_2025-09-24_G16,10109777SILVAK,2025-09-24,117834,1,4,0,904.0
10109777SILVAK_2025-09-24_G17,10109777SILVAK,2025-09-24,115821,1,4,0,497.0
10109777SILVAK_2025-09-24_G18,10109777SILVAK,2025-09-24,117788,1,1,0,141.0
10109777SILVAK_2025-09-24_G19,10109777SILVAK,2025-09-24,141456,1,4,0,53.0
10109777SILVAK_2025-09-24_G20,10109777SILVAK,2025-09-24,118317,1,3,0,58.0
10109777SILVAK_2025-09-24_G21,10109777SILVAK,2025-09-24,118298,1,1,0,105.0
10109777SILVAK_2025-09-24_G22,10109777SILVAK,2025-09-24,117855,1,2,0,235.0
10109777SILVAK_2025-09-24_G23,10109777SILVAK,2025-09-24,141457,1,4,0,306.0
10109777SILVAK_2025-09-24_G24,10109777SILVAK,2025-09-24,118140,1,4,0,67.0
10109777SILVAK_2025-09-24_G25,10109777SILVAK,2025-09-24,111466,1,1,0,59.0
10109777SILVAK_2025-09-24_G26,10109777SILVAK,2025-09-24,140923,1,10,0,567.0
10109777SILVAK_2025-09-24_G27,10109777SILVAK,2025-09-24,118140,1,10,0,158.0
10109777SILVAK_2025-09-24_G28,10109777SILVAK,2025-09-24,111469,1,10,0,2250.0
10109777SILVAK_2025-09-24_G29,10109777SILVAK,2025-09-24,110751,1,6,0,87.0
10109777SILVAK_2025-09-24_G30,10109777SILVAK,2025-09-24,109645,1,6,0,124.0
10109777SILVAK_2025-09-24_G31,10109777SILVAK,2025-09-24,109641,1,9,0,96.0
10109777SILVAK_2025-09-24_G32,10109777SILVAK,2025-09-24,117787,1,10,0,596.0
10109777SILVAK_2025-09-24_G33,10109777SILVAK,2025-09-24,111172,1,12,0,358.0
10109777SILVAK_2025-09-24_G34,10109777SILVAK,2025-09-24,111463,1,30,0,636.0
10109777SILVAK_2025-09-24_G35,10109777SILVAK,2025-09-24,141823,1,20,0,906.0
10109777SILVAK_2025-09-24_G36,10109777SILVAK,2025-09-24,111418,1,20,0,379.0
10109777SILVAK_2025-09-24_G37,10109777SILVAK,2025-09-24,111466,1,30,0,204.0
10109777SILVAK_2025-09-24_G38,10109777SILVAK,2025-09-24,117785,1,30,0,464.0
10109777SILVAK_2025-09-24_G39,10109777SILVAK,2025-09-24,111462,1,20,0,223.0
10109777SILVAK_2025-09-24_G40,10109777SILVAK,2025-09-24,141457,1,50,0,70.0
10109777SILVAK_2025-09-24_G41,10109777SILVAK,2025-09-24,141456,1,30,0,1716.0
10109777SILVAK_2025-09-24_G42,10109777SILVAK,2025-09-24,"111418, 111466",2,270,27,281.0
10109777SILVAK_2025-09-24_G43,10109777SILVAK,2025-09-24,111463,1,20,0,88.0
10109777SILVAK_2025-09-24_G44,10109777SILVAK,2025-09-24,141457,1,14,0,445.0
10109777SILVAK_2025-09-24_G46,10109777SILVAK,2025-09-24,117785,1,30,0,561.0
10109777SILVAK_2025-09-24_G47,10109777SILVAK,2025-09-24,117821,1,14,0,271.0
10109777SILVAK_2025-09-24_G48,10109777SILVAK,2025-09-24,111469,1,30,0,467.0
10109777SILVAK_2025-09-24_G49,10109777SILVAK,2025-09-24,111602,1,27,0,985.0
10109777SILVAK_2025-09-24_G50,10109777SILVAK,2025-09-24,110313,1,4,0,743.0
10109777SILVAK_2025-09-24_G51,10109777SILVAK,2025-09-24,109640,1,2,0,397.0
10109777SILVAK_2025-09-24_G52,10109777SILVAK,2025-09-24,111532,1,4,0,77.0
10109777SILVAK_2025-09-24_G53,10109777SILVAK,2025-09-24,117808,1,15,0,87.0
10109777SILVAK_2025-09-24_G54,10109777SILVAK,2025-09-24,111532,1,1,0,161.0
10109777SILVAK_2025-09-24_G55,10109777SILVAK,2025-09-24,110313,1,2,0,79.0
10109777SILVAK_2025-09-24_G56,10109777SILVAK,2025-09-24,109640,1,5,0,65.0
10109777SILVAK_2025-09-24_G57,10109777SILVAK,2025-09-24,110895,1,1,0,146.0
10109777SILVAK_2025-09-24_G58,10109777SILVAK,2025-09-24,118140,1,15,0,608.0
10109777SILVAK_2025-09-24_G59,10109777SILVAK,2025-09-24,"110895, 109640",2,8,17,213.0
10109777SILVAK_2025-09-24_G60,10109777SILVAK,2025-09-24,110313,1,2,0,82.0
10109777SILVAK_2025-09-24_G61,10109777SILVAK,2025-09-24,118290,1,3,0,164.0
10109777SILVAK_2025-09-24_G62,10109777SILVAK,2025-09-24,109640,1,40,0,282.0
10109777SILVAK_2025-09-24_G63,10109777SILVAK,2025-09-24,118140,1,4,0,235.0
10109777SILVAK_2025-09-24_G64,10109777SILVAK,2025-09-24,110373,1,4,0,223.0
10109777SILVAK_2025-09-24_G65,10109777SILVAK,2025-09-24,109640,1,2,0,70.0
10109777SILVAK_2025-09-24_G66,10109777SILVAK,2025-09-24,117808,1,2,0,77.0
10109777SILVAK_2025-09-24_G67,10109777SILVAK,2025-09-24,110325,1,2,0,92.0
10109777SILVAK_2025-09-24_G68,10109777SILVAK,2025-09-24,109640,1,2,0,51.0
10109777SILVAK_2025-09-24_G69,10109777SILVAK,2025-09-24,118140,1,2,0,61.0
10109777SILVAK_2025-09-24_G70,10109777SILVAK,2025-09-24,117808,1,4,0,79.0
10109777SILVAK_2025-09-24_G71,10109777SILVAK,2025-09-24,111602,1,4,0,93.0
10109777SILVAK_2025-09-24_G72,10109777SILVAK,2025-09-24,118290,1,2,0,104.0
10109777SILVAK_2025-09-24_G73,10109777SILVAK,2025-09-24,110895,1,13,0,519.0
10109777SILVAK_2025-09-25_G02,10109777SILVAK,2025-09-25,117833,1,21,0,156.0
10109777SILVAK_2025-09-25_G03,10109777SILVAK,2025-09-25,"118330, 111465",2,7,21,417.0
10109777SILVAK_2025-09-25_G04,10109777SILVAK,2025-09-25,117821,1,40,0,1903.0
10109777SILVAK_2025-09-25_G05,10109777SILVAK,2025-09-25,117831,1,100,0,390.0
10109777SILVAK_2025-09-25_G06,10109777SILVAK,2025-09-25,107236,1,40,0,307.0
10109777SILVAK_2025-09-25_G07,10109777SILVAK,2025-09-25,110745,1,20,0,160.0
10109777SILVAK_2025-09-25_G08,10109777SILVAK,2025-09-25,110373,1,105,0,1160.0
10109777SILVAK_2025-09-25_G09,10109777SILVAK,2025-09-25,110580,1,1,0,735.0
10109777SILVAK_2025-09-25_G10,10109777SILVAK,2025-09-25,117832,1,452,0,3422.0
10109777SILVAK_2025-09-25_G11,10109777SILVAK,2025-09-25,118222,1,8,0,3058.0
10109777SILVAK_2025-09-25_G12,10109777SILVAK,2025-09-25,111438,1,2,0,162.0
10109777SILVAK_2025-09-25_G13,10109777SILVAK,2025-09-25,140923,1,2,0,55.0
10109777SILVAK_2025-09-25_G14,10109777SILVAK,2025-09-25,141456,1,10,0,152.0
10109777SILVAK_2025-09-25_G15,10109777SILVAK,2025-09-25,108795,1,8,0,83.0
10109777SILVAK_2025-09-25_G16,10109777SILVAK,2025-09-25,111443,1,4,0,244.0
10109777SILVAK_2025-09-25_G17,10109777SILVAK,2025-09-25,141457,1,10,0,255.0
10109777SILVAK_2025-09-25_G18,10109777SILVAK,2025-09-25,117785,1,12,0,156.0
10109777SILVAK_2025-09-25_G19,10109777SILVAK,2025-09-25,117831,1,10,0,209.0
10109777SILVAK_2025-09-25_G20,10109777SILVAK,2025-09-25,111442,1,80,0,1106.0
10109777SILVAK_2025-09-25_G21,10109777SILVAK,2025-09-25,111469,1,30,0,397.0
10109777SILVAK_2025-09-25_G22,10109777SILVAK,2025-09-25,118140,1,30,0,156.0
10109777SILVAK_2025-09-25_G24,10109777SILVAK,2025-09-25,117820,1,40,0,397.0
10109777SILVAK_2025-09-25_G25,10109777SILVAK,2025-09-25,118253,1,2,0,1474.0
10109777SILVAK_2025-09-26_G02,10109777SILVAK,2025-09-26,111441,1,50,0,898.0
10109777SILVAK_2025-09-26_G03,10109777SILVAK,2025-09-26,108759,1,4,0,490.0
10109777SILVAK_2025-09-26_G04,10109777SILVAK,2025-09-26,111430,1,20,0,197.0
10109777SILVAK_2025-09-26_G05,10109777SILVAK,2025-09-26,115821,1,4,0,44.0
10109777SILVAK_2025-09-26_G06,10109777SILVAK,2025-09-26,111660,1,4,0,261.0
10109777SILVAK_2025-09-26_G07,10109777SILVAK,2025-09-26,111569,1,100,0,545.0
10109777SILVAK_2025-09-26_G08,10109777SILVAK,2025-09-26,118317,1,20,0,188.0
10109777SILVAK_2025-09-26_G09,10109777SILVAK,2025-09-26,108711,1,100,0,2073.0
10109777SILVAK_2025-09-26_G10,10109777SILVAK,2025-09-26,109641,1,8,0,72.0
10109777SILVAK_2025-09-26_G11,10109777SILVAK,2025-09-26,111442,1,20,0,214.0
10109777SILVAK_2025-09-26_G12,10109777SILVAK,2025-09-26,111444,1,8,0,114.0
10109777SILVAK_2025-09-26_G13,10109777SILVAK,2025-09-26,111468,1,4,0,59.0
10109777SILVAK_2025-09-26_G14,10109777SILVAK,2025-09-26,117831,1,10,0,97.0
10109777SILVAK_2025-09-26_G15,10109777SILVAK,2025-09-26,110745,1,30,0,1007.0
10109777SILVAK_2025-09-26_G16,10109777SILVAK,2025-09-26,118140,1,20,0,116.0
10109777SILVAK_2025-09-26_G18,10109777SILVAK,2025-09-26,141456,1,8,0,59.0
10109777SILVAK_2025-09-26_G19,10109777SILVAK,2025-09-26,141457,1,8,0,261.0
10109777SILVAK_2025-09-26_G20,10109777SILVAK,2025-09-26,140923,1,16,0,325.0
10109777SILVAK_2025-09-26_G21,10109777SILVAK,2025-09-26,118140,1,10,0,309.0
10109777SILVAK_2025-09-26_G22,10109777SILVAK,2025-09-26,141271,1,12,0,152.0
10109777SILVAK_2025-09-26_G23,10109777SILVAK,2025-09-26,118418,1,1,0,347.0
10109777SILVAK_2025-09-26_G24,10109777SILVAK,2025-09-26,140923,1,3,0,33.0
10109777SILVAK_2025-09-26_G25,10109777SILVAK,2025-09-26,111530,1,4,0,130.0
10109777SILVAK_2025-09-26_G26,10109777SILVAK,2025-09-26,108711,1,3,0,69.0
10109777SILVAK_2025-09-26_G27,10109777SILVAK,2025-09-26,110787,1,2,0,982.0
10109777SILVAK_2025-09-26_G28,10109777SILVAK,2025-09-26,110745,1,4,0,169.0
10109777SILVAK_2025-09-26_G29,10109777SILVAK,2025-09-26,110374,1,1,0,250.0
10109777SILVAK_2025-09-26_G30,10109777SILVAK,2025-09-26,140911,1,6,0,114.0
10109777SILVAK_2025-09-26_G31,10109777SILVAK,2025-09-26,110895,1,3,0,806.0
10109777SILVAK_2025-09-26_G32,10109777SILVAK,2025-09-26,141456,1,1,0,651.0
10109777SILVAK_2025-09-26_G33,10109777SILVAK,2025-09-26,110751,1,3,0,95.0
10109777SILVAK_2025-09-26_G34,10109777SILVAK,2025-09-26,109641,1,2,0,110.0
10109777SILVAK_2025-09-26_G35,10109777SILVAK,2025-09-26,141457,1,7,0,109.0
10109777SILVAK_2025-09-26_G36,10109777SILVAK,2025-09-26,118140,1,1,0,93.0
10109777SILVAK_2025-09-26_G37,10109777SILVAK,2025-09-26,117821,1,4,0,130.0
10109777SILVAK_2025-09-26_G38,10109777SILVAK,2025-09-26,117809,1,4,0,88.0
10109777SILVAK_2025-09-26_G39,10109777SILVAK,2025-09-26,140923,1,2,0,247.0
10109777SILVAK_2025-09-26_G40,10109777SILVAK,2025-09-26,117832,1,4,0,92.0
10109777SILVAK_2025-09-26_G41,10109777SILVAK,2025-09-26,141202,1,2,0,150.0
10109777SILVAK_2025-09-26_G42,10109777SILVAK,2025-09-26,117809,1,5,0,69.0
10109777SILVAK_2025-09-26_G43,10109777SILVAK,2025-09-26,110787,1,2,0,62.0
10109777SILVAK_2025-09-26_G44,10109777SILVAK,2025-09-26,"111468, 117809",2,8,30,73.0
10109777SILVAK_2025-09-26_G45,10109777SILVAK,2025-09-26,141458,1,4,0,816.0
10109777SILVAK_2025-09-26_G46,10109777SILVAK,2025-09-26,141456,1,6,0,73.0
10109777SILVAK_2025-09-26_G47,10109777SILVAK,2025-09-26,111469,1,2,0,146.0
10109777SILVAK_2025-09-26_G48,10109777SILVAK,2025-09-26,"111463, 109641",2,7,7,101.0
10109777SILVAK_2025-09-26_G49,10109777SILVAK,2025-09-26,110787,1,1,0,63.0
10109777SILVAK_2025-09-26_G50,10109777SILVAK,2025-09-26,111468,1,2,0,104.0
10109777SILVAK_2025-09-26_G51,10109777SILVAK,2025-09-26,117831,1,4,0,61.0
10109777SILVAK_2025-09-26_G52,10109777SILVAK,2025-09-26,"141457, 111466",2,5,9,222.0
10109777SILVAK_2025-09-26_G53,10109777SILVAK,2025-09-26,140923,1,1,0,201.0
10109777SILVAK_2025-09-26_G54,10109777SILVAK,2025-09-26,141456,1,2,0,81.0
10109777SILVAK_2025-09-26_G55,10109777SILVAK,2025-09-26,110751,1,2,0,52.0
10109777SILVAK_2025-09-26_G56,10109777SILVAK,2025-09-26,"141457, 117831",2,10,14,108.0
10109777SILVAK_2025-09-26_G57,10109777SILVAK,2025-09-26,117809,1,4,0,89.0
10109777SILVAK_2025-09-26_G59,10109777SILVAK,2025-09-26,117856,2,4,5,171.0
10109777SILVAK_2025-09-26_G60,10109777SILVAK,2025-09-26,111530,1,2,0,118.0
10109777SILVAK_2025-09-26_G61,10109777SILVAK,2025-09-26,117855,1,2,0,68.0
10109777SILVAK_2025-09-26_G62,10109777SILVAK,2025-09-26,141458,1,2,0,161.0
10109777SILVAK_2025-09-26_G63,10109777SILVAK,2025-09-26,111463,1,2,0,58.0
10109777SILVAK_2025-09-26_G64,10109777SILVAK,2025-09-26,109645,1,2,0,61.0
10109777SILVAK_2025-09-26_G65,10109777SILVAK,2025-09-26,109641,1,2,0,220.0
10109777SILVAK_2025-09-26_G66,10109777SILVAK,2025-09-26,111532,1,2,0,127.0
10109777SILVAK_2025-09-26_G67,10109777SILVAK,2025-09-26,118140,1,2,0,113.0
10109777SILVAK_2025-09-26_G68,10109777SILVAK,2025-09-26,111466,1,2,0,95.0
10109777SILVAK_2025-09-26_G69,10109777SILVAK,2025-09-26,111462,1,4,0,37.0
10109777SILVAK_2025-09-26_G70,10109777SILVAK,2025-09-26,110372,1,8,0,270.0
10109777SILVAK_2025-09-26_G71,10109777SILVAK,2025-09-26,117832,1,4,0,47.0
10109777SILVAK_2025-09-26_G72,10109777SILVAK,2025-09-26,118299,1,4,0,136.0
10109777SILVAK_2025-09-26_G73,10109777SILVAK,2025-09-26,110373,1,8,0,352.0
10109777SILVAK_2025-09-26_G74,10109777SILVAK,2025-09-26,110325,1,4,0,83.0
10109777SILVAK_2025-09-26_G75,10109777SILVAK,2025-09-26,117809,1,4,0,73.0
10109777SILVAK_2025-09-26_G76,10109777SILVAK,2025-09-26,110371,1,4,0,147.0
10109777SILVAK_2025-09-27_G02,10109777SILVAK,2025-09-27,111530,4,19,31,80.0
10109777SILVAK_2025-09-27_G03,10109777SILVAK,2025-09-27,140923,1,5,0,146.0
10109777SILVAK_2025-09-27_G04,10109777SILVAK,2025-09-27,109643,1,2,0,160.0
10109777SILVAK_2025-09-27_G05,10109777SILVAK,2025-09-27,"110787, 118140",2,16,15,131.0
10109777SILVAK_2025-09-27_G06,10109777SILVAK,2025-09-27,117831,1,2,0,238.0
10109777SILVAK_2025-09-27_G07,10109777SILVAK,2025-09-27,109640,1,20,0,511.0
10109777SILVAK_2025-09-27_G08,10109777SILVAK,2025-09-27,117831,1,12,0,691.0
10109777SILVAK_2025-09-27_G09,10109777SILVAK,2025-09-27,118299,1,120,0,547.0
10109777SILVAK_2025-09-27_G10,10109777SILVAK,2025-09-27,117856,1,20,0,2715.0
10109777SILVAK_2025-09-27_G11,10109777SILVAK,2025-09-27,111876,1,37,0,511.0
10109777SILVAK_2025-09-27_G12,10109777SILVAK,2025-09-27,117862,1,20,0,292.0
10109777SILVAK_2025-09-27_G13,10109777SILVAK,2025-09-27,111530,1,30,0,178.0
10109777SILVAK_2025-09-27_G14,10109777SILVAK,2025-09-27,111530,1,40,0,64.0
10109777SILVAK_2025-09-27_G15,10109777SILVAK,2025-09-27,108772,1,4,0,1190.0
10109777SILVAK_2025-09-27_G16,10109777SILVAK,2025-09-27,111602,1,4,0,231.0
10109777SILVAK_2025-09-27_G17,10109777SILVAK,2025-09-27,117786,2,50,6,361.0
10109777SILVAK_2025-09-27_G18,10109777SILVAK,2025-09-27,160053,1,2,0,2353.0
10109777SILVAK_2025-09-27_G19,10109777SILVAK,2025-09-27,160051,1,2,0,846.0
10109777SILVAK_2025-09-27_G20,10109777SILVAK,2025-09-27,107830,1,2,0,321.0
10109777SILVAK_2025-09-27_G21,10109777SILVAK,2025-09-27,117808,1,210,0,177.0
10109777SILVAK_2025-09-27_G22,10109777SILVAK,2025-09-27,110371,1,2,0,790.0
10109777SILVAK_2025-09-27_G23,10109777SILVAK,2025-09-27,117832,1,38,0,350.0
10109777SILVAK_2025-09-27_G24,10109777SILVAK,2025-09-27,117820,1,60,0,400.0
10109777SILVAK_2025-09-27_G25,10109777SILVAK,2025-09-27,118299,1,100,0,441.0
10109777SILVAK_2025-09-27_G26,10109777SILVAK,2025-09-27,110325,1,8,0,65.0
10109777SILVAK_2025-09-27_G27,10109777SILVAK,2025-09-27,"117830, 117809",2,77,14,463.0
10109777SILVAK_2025-09-27_G29,10109777SILVAK,2025-09-27,110372,1,88,0,180.0
10109777SILVAK_2025-09-27_G30,10109777SILVAK,2025-09-27,110372,1,24,0,36.0
10109777SILVAK_2025-09-27_G31,10109777SILVAK,2025-09-27,117832,2,5,6,57.0
10109777SILVAK_2025-09-27_G32,10109777SILVAK,2025-09-27,110373,2,61,20,58.0
10109777SILVAK_2025-09-27_G33,10109777SILVAK,2025-09-27,117820,2,37,8,253.0
10109777SILVAK_2025-09-27_G34,10109777SILVAK,2025-09-27,117822,2,7,6,119.0
10109777SILVAK_2025-09-27_G35,10109777SILVAK,2025-09-27,118299,3,106,31,88.0
10109777SILVAK_2025-09-27_G36,10109777SILVAK,2025-09-27,110325,5,36,43,537.0
10109777SILVAK_2025-09-27_G37,10109777SILVAK,2025-09-27,117809,1,2,0,127.0
10109777SILVAK_2025-09-27_G38,10109777SILVAK,2025-09-27,117830,2,40,17,62.0
10109777SILVAK_2025-09-27_G39,10109777SILVAK,2025-09-27,160051,1,4,0,54.0
10109777SILVAK_2025-09-27_G40,10109777SILVAK,2025-09-27,110787,2,14,5,850.0
10109777SILVAK_2025-09-27_G41,10109777SILVAK,2025-09-27,117842,1,3,0,109.0
10109777SILVAK_2025-09-27_G42,10109777SILVAK,2025-09-27,111418,2,145,21,206.0
10109777SILVAK_2025-09-27_G43,10109777SILVAK,2025-09-27,141457,1,8,0,78.0
10109777SILVAK_2025-09-27_G44,10109777SILVAK,2025-09-27,118140,2,100,24,309.0
10109777SILVAK_2025-09-27_G45,10109777SILVAK,2025-09-27,111466,2,30,23,304.0
10109777SILVAK_2025-09-27_G46,10109777SILVAK,2025-09-27,117785,1,7,0,142.0
10109777SILVAK_2025-09-27_G47,10109777SILVAK,2025-09-27,111182,2,16,6,218.0
10109777SILVAK_2025-09-27_G48,10109777SILVAK,2025-09-27,111444,1,2,0,62.0
10109777SILVAK_2025-09-27_G49,10109777SILVAK,2025-09-27,117821,1,3,0,85.0
10109777SILVAK_2025-09-27_G50,10109777SILVAK,2025-09-27,117785,1,27,0,423.0
10109777SILVAK_2025-09-27_G51,10109777SILVAK,2025-09-27,111742,1,30,0,1046.0
10109777SILVAK_2025-09-27_G52,10109777SILVAK,2025-09-27,118191,1,450,0,971.0
10109777SILVAK_2025-09-27_G53,10109777SILVAK,2025-09-27,"141202, 118140, 110373, 140911",4,34,36,525.0
10109777SILVAK_2025-09-29_G02,10109777SILVAK,2025-09-29,117785,1,8,0,33.0
10109777SILVAK_2025-09-29_G03,10109777SILVAK,2025-09-29,141457,1,48,0,199.0
10109777SILVAK_2025-09-29_G04,10109777SILVAK,2025-09-29,111418,2,80,9,716.0
10109777SILVAK_2025-09-29_G05,10109777SILVAK,2025-09-29,111466,1,50,0,143.0
10109777SILVAK_2025-09-29_G06,10109777SILVAK,2025-09-29,"111466, 141456",3,164,30,34.0
10109777SILVAK_2025-09-29_G07,10109777SILVAK,2025-09-29,"117785, 111418",3,113,28,648.0
10109777SILVAK_2025-09-29_G08,10109777SILVAK,2025-09-29,117808,2,333,20,408.0
10109777SILVAK_2025-09-29_G09,10109777SILVAK,2025-09-29,111418,1,80,0,1988.0
10109777SILVAK_2025-09-29_G10,10109777SILVAK,2025-09-29,117820,1,85,0,179.0
10109777SILVAK_2025-09-29_G11,10109777SILVAK,2025-09-29,117820,1,40,0,93.0
10109777SILVAK_2025-09-29_G13,10109777SILVAK,2025-09-29,117856,1,4,0,74.0
10109777SILVAK_2025-09-29_G14,10109777SILVAK,2025-09-29,109640,1,6,0,197.0
10109777SILVAK_2025-09-29_G15,10109777SILVAK,2025-09-29,110752,1,2,0,86.0
10109777SILVAK_2025-09-29_G16,10109777SILVAK,2025-09-29,111439,1,4,0,273.0
10109777SILVAK_2025-09-29_G17,10109777SILVAK,2025-09-29,111530,1,4,0,236.0
10109777SILVAK_2025-09-29_G18,10109777SILVAK,2025-09-29,117837,1,2,0,271.0
10109777SILVAK_2025-09-29_G19,10109777SILVAK,2025-09-29,117785,1,1,0,87.0
10109777SILVAK_2025-09-29_G20,10109777SILVAK,2025-09-29,111463,1,10,0,253.0
10109777SILVAK_2025-09-29_G21,10109777SILVAK,2025-09-29,108711,1,2,0,62.0
10109777SILVAK_2025-09-29_G22,10109777SILVAK,2025-09-29,111431,1,2,0,107.0
10109777SILVAK_2025-09-29_G23,10109777SILVAK,2025-09-29,111434,1,2,0,65.0
10109777SILVAK_2025-09-29_G24,10109777SILVAK,2025-09-29,111418,1,20,0,512.0
10109777SILVAK_2025-09-29_G25,10109777SILVAK,2025-09-29,111462,1,8,0,232.0
10109777SILVAK_2025-09-29_G26,10109777SILVAK,2025-09-29,"110374, 110371",2,18,9,185.0
10109777SILVAK_2025-09-29_G27,10109777SILVAK,2025-09-29,117808,1,10,0,256.0
10109777SILVAK_2025-09-29_G28,10109777SILVAK,2025-09-29,110325,1,4,0,92.0
10109777SILVAK_2025-09-29_G29,10109777SILVAK,2025-09-29,111569,1,8,0,389.0
10109777SILVAK_2025-09-29_G30,10109777SILVAK,2025-09-29,110747,1,8,0,159.0
10109777SILVAK_2025-09-29_G32,10109777SILVAK,2025-09-29,110741,1,1,0,188.0
10109777SILVAK_2025-09-29_G33,10109777SILVAK,2025-09-29,111530,1,2,0,71.0
10109777SILVAK_2025-09-29_G34,10109777SILVAK,2025-09-29,117861,1,2,0,70.0
10109777SILVAK_2025-09-29_G35,10109777SILVAK,2025-09-29,117786,1,2,0,198.0
10109777SILVAK_2025-09-29_G36,10109777SILVAK,2025-09-29,111443,1,2,0,329.0
10109777SILVAK_2025-09-29_G37,10109777SILVAK,2025-09-29,141823,1,2,0,145.0
10109777SILVAK_2025-09-29_G38,10109777SILVAK,2025-09-29,111418,1,4,0,97.0
10109777SILVAK_2025-09-29_G39,10109777SILVAK,2025-09-29,111466,1,7,0,74.0
10109777SILVAK_2025-09-29_G40,10109777SILVAK,2025-09-29,111462,1,7,0,69.0
10109777SILVAK_2025-09-29_G41,10109777SILVAK,2025-09-29,117831,1,8,0,191.0
10109777SILVAK_2025-09-29_G42,10109777SILVAK,2025-09-29,117787,1,3,0,331.0
10109777SILVAK_2025-09-29_G43,10109777SILVAK,2025-09-29,118299,1,15,0,362.0
10109777SILVAK_2025-09-29_G44,10109777SILVAK,2025-09-29,110372,1,9,0,271.0
10109777SILVAK_2025-09-29_G45,10109777SILVAK,2025-09-29,117808,1,21,0,136.0
10109777SILVAK_2025-09-29_G46,10109777SILVAK,2025-09-29,110373,1,2,0,124.0
10109777SILVAK_2025-09-29_G47,10109777SILVAK,2025-09-29,"117822, 110325",2,6,12,82.0
10109777SILVAK_2025-09-29_G48,10109777SILVAK,2025-09-29,117809,1,4,0,75.0
10109777SILVAK_2025-09-29_G49,10109777SILVAK,2025-09-29,117820,1,16,0,265.0
10109777SILVAK_2025-09-29_G50,10109777SILVAK,2025-09-29,110325,1,30,0,94.0
10109777SILVAK_2025-09-29_G51,10109777SILVAK,2025-09-29,110339,1,5,0,461.0
10109777SILVAK_2025-09-29_G52,10109777SILVAK,2025-09-29,110740,1,4,0,2539.0
10109777SILVAK_2025-09-30_G02,10109777SILVAK,2025-09-30,111530,1,3,0,95.0
10109777SILVAK_2025-09-30_G03,10109777SILVAK,2025-09-30,140923,1,1,0,92.0
10109777SILVAK_2025-09-30_G04,10109777SILVAK,2025-09-30,117853,1,4,0,60.0
10109777SILVAK_2025-09-30_G05,10109777SILVAK,2025-09-30,117855,1,3,0,92.0
10109777SILVAK_2025-09-30_G06,10109777SILVAK,2025-09-30,110743,1,1,0,64.0
10109777SILVAK_2025-09-30_G07,10109777SILVAK,2025-09-30,110751,1,2,0,93.0
10109777SILVAK_2025-09-30_G08,10109777SILVAK,2025-09-30,"141457, 111418",2,5,20,145.0
10109777SILVAK_2025-09-30_G09,10109777SILVAK,2025-09-30,117785,1,8,0,201.0
10109777SILVAK_2025-09-30_G10,10109777SILVAK,2025-09-30,110372,1,3,0,111.0
10109777SILVAK_2025-09-30_G11,10109777SILVAK,2025-09-30,117808,1,10,0,47.0
10109777SILVAK_2025-09-30_G12,10109777SILVAK,2025-09-30,110376,1,4,0,160.0
10109777SILVAK_2025-09-30_G13,10109777SILVAK,2025-09-30,141202,1,4,0,118.0
10109777SILVAK_2025-09-30_G14,10109777SILVAK,2025-09-30,110373,1,2,0,49.0
10109777SILVAK_2025-09-30_G15,10109777SILVAK,2025-09-30,117809,1,4,0,54.0
10109777SILVAK_2025-09-30_G16,10109777SILVAK,2025-09-30,118299,1,4,0,62.0
10109777SILVAK_2025-09-30_G17,10109777SILVAK,2025-09-30,117820,1,8,0,507.0
10109777SILVAK_2025-09-30_G18,10109777SILVAK,2025-09-30,110742,1,2,0,300.0
10109777SILVAK_2025-09-30_G19,10109777SILVAK,2025-09-30,110747,1,2,0,144.0
10109777SILVAK_2025-09-30_G20,10109777SILVAK,2025-09-30,109471,1,1,0,166.0
10109777SILVAK_2025-09-30_G21,10109777SILVAK,2025-09-30,117837,1,1,0,642.0
10109777SILVAK_2025-09-30_G22,10109777SILVAK,2025-09-30,141456,1,2,0,1897.0
10109777SILVAK_2025-09-30_G23,10109777SILVAK,2025-09-30,109645,1,2,0,86.0
10109777SILVAK_2025-09-30_G24,10109777SILVAK,2025-09-30,141457,1,3,0,245.0
10109777SILVAK_2025-09-30_G25,10109777SILVAK,2025-09-30,111418,1,5,0,54.0
10109777SILVAK_2025-09-30_G26,10109777SILVAK,2025-09-30,141458,1,2,0,69.0
10109777SILVAK_2025-09-30_G27,10109777SILVAK,2025-09-30,"111462, 117833",2,4,12,77.0
10109777SILVAK_2025-09-30_G28,10109777SILVAK,2025-09-30,107236,1,2,0,219.0
10109777SILVAK_2025-09-30_G29,10109777SILVAK,2025-09-30,117808,1,6,0,161.0
10109777SILVAK_2025-09-30_G30,10109777SILVAK,2025-09-30,117809,1,2,0,40.0
10109777SILVAK_2025-09-30_G31,10109777SILVAK,2025-09-30,117830,1,2,0,123.0
10109777SILVAK_2025-09-30_G32,10109777SILVAK,2025-09-30,118299,1,12,0,95.0
10109777SILVAK_2025-09-30_G33,10109777SILVAK,2025-09-30,110742,1,2,0,281.0
10109777SILVAK_2025-09-30_G34,10109777SILVAK,2025-09-30,110325,1,19,0,738.0
10109777SILVAK_2025-09-30_G36,10109777SILVAK,2025-09-30,110787,1,3,0,410.0
10109777SILVAK_2025-09-30_G37,10109777SILVAK,2025-09-30,110787,1,2,0,230.0
10109777SILVAK_2025-09-30_G38,10109777SILVAK,2025-09-30,110787,1,7,0,110.0
10109777SILVAK_2025-09-30_G39,10109777SILVAK,2025-09-30,111569,1,2,0,120.0
10109777SILVAK_2025-09-30_G40,10109777SILVAK,2025-09-30,110895,1,4,0,77.0
10109777SILVAK_2025-09-30_G41,10109777SILVAK,2025-09-30,110895,1,6,0,53.0
10109777SILVAK_2025-09-30_G42,10109777SILVAK,2025-09-30,117786,1,2,0,118.0
10109777SILVAK_2025-09-30_G43,10109777SILVAK,2025-09-30,141047,1,2,0,92.0
10109777SILVAK_2025-09-30_G44,10109777SILVAK,2025-09-30,117856,1,4,0,198.0
10109777SILVAK_2025-09-30_G45,10109777SILVAK,2025-09-30,107629,1,2,0,112.0
10109777SILVAK_2025-09-30_G46,10109777SILVAK,2025-09-30,111530,3,18,16,53.0
10109777SILVAK_2025-09-30_G47,10109777SILVAK,2025-09-30,111650,1,2,0,78.0
10109777SILVAK_2025-09-30_G48,10109777SILVAK,2025-09-30,140923,1,12,0,1543.0
10109777SILVAK_2025-09-30_G49,10109777SILVAK,2025-09-30,109640,1,6,0,260.0
10109777SILVAK_2025-09-30_G50,10109777SILVAK,2025-09-30,110313,1,2,0,57.0
10109777SILVAK_2025-09-30_G51,10109777SILVAK,2025-09-30,117837,1,2,0,78.0
10109777SILVAK_2025-09-30_G52,10109777SILVAK,2025-09-30,111435,1,1,0,197.0
10109777SILVAK_2025-09-30_G53,10109777SILVAK,2025-09-30,108798,1,1,0,41.0
10109777SILVAK_2025-09-30_G54,10109777SILVAK,2025-09-30,111532,1,6,0,52.0
10109777SILVAK_2025-09-30_G55,10109777SILVAK,2025-09-30,109645,1,8,0,69.0
10109777SILVAK_2025-09-30_G56,10109777SILVAK,2025-09-30,111431,1,2,0,44.0
10109777SILVAK_2025-09-30_G57,10109777SILVAK,2025-09-30,111466,1,6,0,160.0
10109777SILVAK_2025-09-30_G58,10109777SILVAK,2025-09-30,111462,2,30,16,378.0
10109777SILVAK_2025-09-30_G59,10109777SILVAK,2025-09-30,117833,1,4,0,205.0
10109777SILVAK_2025-09-30_G60,10109777SILVAK,2025-09-30,117821,1,4,0,92.0
10109777SILVAK_2025-09-30_G61,10109777SILVAK,2025-09-30,111468,1,3,0,84.0
10109777SILVAK_2025-09-30_G62,10109777SILVAK,2025-09-30,117831,1,5,0,52.0
10109777SILVAK_2025-09-30_G63,10109777SILVAK,2025-09-30,118140,1,10,0,43.0
10109777SILVAK_2025-09-30_G65,10109777SILVAK,2025-09-30,110787,2,40,10,176.0
10109777SILVAK_2025-09-30_G66,10109777SILVAK,2025-09-30,110740,1,8,0,2246.0
10109777SILVAK_2025-09-30_G67,10109777SILVAK,2025-09-30,117808,1,120,0,735.0
10109777SILVAK_2025-09-30_G68,10109777SILVAK,2025-09-30,117830,1,120,0,498.0
10109777SILVAK_2025-09-30_G69,10109777SILVAK,2025-09-30,118299,1,450,0,783.0
10109777SILVAK_2025-09-30_G70,10109777SILVAK,2025-09-30,117785,1,80,0,1130.0
10109777SILVAK_2025-09-30_G71,10109777SILVAK,2025-09-30,118317,1,30,0,369.0
10109777SILVAK_2025-09-30_G72,10109777SILVAK,2025-09-30,117831,1,70,0,524.0
10109777SILVAK_2025-09-30_G73,10109777SILVAK,2025-09-30,111330,1,30,0,269.0
10109777SILVAK_2025-09-30_G74,10109777SILVAK,2025-09-30,118317,1,1,0,58.0
10109777SILVAK_2025-10-15_G02,10109777SILVAK,2025-10-15,111439,1,59,0,968.0
10109777SILVAK_2025-10-15_G03,10109777SILVAK,2025-10-15,140922,1,253,0,876.0
10109777SILVAK_2025-10-15_G06,10109777SILVAK,2025-10-15,118222,2,28,17,50.0
10109777SILVAK_2025-10-15_G07,10109777SILVAK,2025-10-15,118317,1,2,0,74.0
10109777SILVAK_2025-10-15_G08,10109777SILVAK,2025-10-15,111172,1,2,0,84.0
10109777SILVAK_2025-10-15_G09,10109777SILVAK,2025-10-15,118250,1,4,0,141.0
10109777SILVAK_2025-10-15_G10,10109777SILVAK,2025-10-15,110339,1,2,0,253.0
10109777SILVAK_2025-10-15_G11,10109777SILVAK,2025-10-15,118222,1,5,0,133.0
10109777SILVAK_2025-10-15_G12,10109777SILVAK,2025-10-15,111569,1,3,0,242.0
10109777SILVAK_2025-10-15_G13,10109777SILVAK,2025-10-15,110711,1,2,0,209.0
10109777SILVAK_2025-10-15_G14,10109777SILVAK,2025-10-15,111532,1,4,0,72.0
10109777SILVAK_2025-10-15_G15,10109777SILVAK,2025-10-15,111465,1,2,0,134.0
10109777SILVAK_2025-10-15_G16,10109777SILVAK,2025-10-15,110373,1,15,0,234.0
10109777SILVAK_2025-10-15_G17,10109777SILVAK,2025-10-15,109643,1,4,0,58.0
10109777SILVAK_2025-10-15_G18,10109777SILVAK,2025-10-15,141823,1,4,0,113.0
10109777SILVAK_2025-10-15_G19,10109777SILVAK,2025-10-15,110339,1,4,0,382.0
10109777SILVAK_2025-10-15_G20,10109777SILVAK,2025-10-15,118250,2,20,5,214.0
10109777SILVAK_2025-10-15_G21,10109777SILVAK,2025-10-15,117855,1,6,0,255.0
10109777SILVAK_2026-01-09_G02,10109777SILVAK,2026-01-09,110373,1,2,0,53.0
10109777SILVAK_2026-01-09_G03,10109777SILVAK,2026-01-09,110371,1,12,0,157.0
10109777SILVAK_2026-01-09_G04,10109777SILVAK,2026-01-09,140911,2,16,22,105.0
10109777SILVAK_2026-01-09_G05,10109777SILVAK,2026-01-09,141047,1,4,0,326.0
10109777SILVAK_2026-01-09_G06,10109777SILVAK,2026-01-09,111569,1,20,0,602.0
10109777SILVAK_2026-01-09_G07,10109777SILVAK,2026-01-09,111438,1,22,0,422.0
10109777SILVAK_2026-01-09_G08,10109777SILVAK,2026-01-09,111467,1,6,0,106.0
10109777SILVAK_2026-01-09_G09,10109777SILVAK,2026-01-09,110313,1,2,0,84.0
10109777SILVAK_2026-01-09_G10,10109777SILVAK,2026-01-09,117786,1,2,0,96.0
10109777SILVAK_2026-01-09_G11,10109777SILVAK,2026-01-09,141352,1,2,0,76.0
10109777SILVAK_2026-01-09_G12,10109777SILVAK,2026-01-09,117853,1,4,0,100.0
10109777SILVAK_2026-01-09_G13,10109777SILVAK,2026-01-09,111441,1,28,0,580.0
10109777SILVAK_2026-01-09_G14,10109777SILVAK,2026-01-09,111445,1,4,0,264.0
10109777SILVAK_2026-01-09_G15,10109777SILVAK,2026-01-09,"111430, 111438",2,14,14,184.0
10109777SILVAK_2026-01-09_G16,10109777SILVAK,2026-01-09,110895,1,2,0,719.0
10109777SILVAK_2026-01-09_G17,10109777SILVAK,2026-01-09,118251,1,6,0,112.0
10109777SILVAK_2026-01-09_G18,10109777SILVAK,2026-01-09,117834,1,8,0,488.0
10109777SILVAK_2026-01-09_G19,10109777SILVAK,2026-01-09,110747,1,7,0,149.0
10109777SILVAK_2026-01-09_G20,10109777SILVAK,2026-01-09,115775,1,4,0,104.0
10109777SILVAK_2026-01-09_G21,10109777SILVAK,2026-01-09,100334,1,4,0,339.0
10109777SILVAK_2026-01-09_G22,10109777SILVAK,2026-01-09,110755,1,3,0,83.0
10109777SILVAK_2026-01-09_G23,10109777SILVAK,2026-01-09,118290,1,6,0,603.0
10109777SILVAK_2026-01-09_G24,10109777SILVAK,2026-01-09,140911,1,10,0,59.0
10109777SILVAK_2026-01-09_G25,10109777SILVAK,2026-01-09,111879,1,4,0,387.0
10109777SILVAK_2026-01-09_G26,10109777SILVAK,2026-01-09,118416,1,4,0,250.0
10109777SILVAK_2026-01-09_G27,10109777SILVAK,2026-01-09,110733,1,5,0,120.0
10109777SILVAK_2026-01-09_G28,10109777SILVAK,2026-01-09,118094,1,11,0,40.0
10109777SILVAK_2026-01-09_G29,10109777SILVAK,2026-01-09,"140923, 111467",2,28,13,609.0
10109777SILVAK_2026-01-09_G30,10109777SILVAK,2026-01-09,118298,1,8,0,200.0
10109777SILVAK_2026-01-09_G31,10109777SILVAK,2026-01-09,110750,1,2,0,49.0
10109777SILVAK_2026-01-09_G32,10109777SILVAK,2026-01-09,141047,1,4,0,60.0
10109777SILVAK_2026-01-09_G33,10109777SILVAK,2026-01-09,107629,1,2,0,448.0
10109777SILVAK_2026-01-09_G34,10109777SILVAK,2026-01-09,117786,1,8,0,91.0
10109777SILVAK_2026-01-09_G35,10109777SILVAK,2026-01-09,110339,1,5,0,77.0
10109777SILVAK_2026-01-09_G36,10109777SILVAK,2026-01-09,117853,1,4,0,95.0
10109777SILVAK_2026-01-09_G37,10109777SILVAK,2026-01-09,109640,1,12,0,367.0
10109777SILVAK_2026-01-09_G38,10109777SILVAK,2026-01-09,110752,1,2,0,94.0
10109777SILVAK_2026-01-09_G39,10109777SILVAK,2026-01-09,110372,1,4,0,89.0
10109777SILVAK_2026-01-09_G40,10109777SILVAK,2026-01-09,117809,1,20,0,158.0
10109777SILVAK_2026-01-09_G41,10109777SILVAK,2026-01-09,117822,1,8,0,90.0
10109777SILVAK_2026-01-09_G42,10109777SILVAK,2026-01-09,110371,1,26,0,262.0
10109777SILVAK_2026-01-09_G43,10109777SILVAK,2026-01-09,109643,1,5,0,110.0
10109777SILVAK_2026-01-09_G44,10109777SILVAK,2026-01-09,117830,1,56,0,102.0
10109777SILVAK_2026-01-09_G45,10109777SILVAK,2026-01-09,111441,1,20,0,1096.0
10109777SILVAK_2026-01-09_G46,10109777SILVAK,2026-01-09,111441,1,6,0,95.0
10109777SILVAK_2026-01-09_G47,10109777SILVAK,2026-01-09,111438,1,24,0,668.0
10109777SILVAK_2026-01-09_G48,10109777SILVAK,2026-01-09,110747,1,30,0,259.0
10109777SILVAK_2026-01-09_G49,10109777SILVAK,2026-01-09,110742,1,10,0,224.0
10109777SILVAK_2026-01-09_G50,10109777SILVAK,2026-01-09,111569,1,40,0,473.0
10109777SILVAK_2026-01-09_G51,10109777SILVAK,2026-01-09,111879,1,4,0,331.0
10109777SILVAK_2026-01-09_G52,10109777SILVAK,2026-01-09,141066,1,4,0,605.0
10109777SILVAK_2026-01-09_G53,10109777SILVAK,2026-01-09,117837,1,16,0,506.0
10109777SILVAK_2026-01-09_G54,10109777SILVAK,2026-01-09,111467,1,20,0,174.0
10109777SILVAK_2026-01-09_G55,10109777SILVAK,2026-01-09,110313,1,10,0,273.0
10109777SILVAK_2026-01-09_G56,10109777SILVAK,2026-01-09,110313,1,14,0,218.0
10109777SILVAK_2026-01-09_G57,10109777SILVAK,2026-01-09,141047,1,14,0,306.0
10109777SILVAK_2026-01-09_G58,10109777SILVAK,2026-01-09,117854,1,14,0,665.0
10109777SILVAK_2026-01-09_G59,10109777SILVAK,2026-01-09,118094,1,30,0,143.0
10109777SILVAK_2026-01-09_G60,10109777SILVAK,2026-01-09,140923,2,54,7,86.0
10109777SILVAK_2026-01-09_G61,10109777SILVAK,2026-01-09,117856,1,40,0,463.0
10109777SILVAK_2026-01-09_G62,10109777SILVAK,2026-01-09,110733,1,12,0,478.0
10109777SILVAK_2026-01-09_G63,10109777SILVAK,2026-01-09,111532,1,32,0,850.0
10109777SILVAK_2026-01-09_G64,10109777SILVAK,2026-01-09,109645,1,12,0,471.0
10109777SILVAK_2026-01-09_G66,10109777SILVAK,2026-01-09,111530,2,95,14,143.0
10109777SILVAK_2026-01-28_G02,10109777SILVAK,2026-01-28,111433,1,4,0,978.0
10109777SILVAK_2026-01-28_G03,10109777SILVAK,2026-01-28,110787,1,4,0,185.0
10109777SILVAK_2026-01-28_G04,10109777SILVAK,2026-01-28,141456,1,6,0,142.0
10109777SILVAK_2026-01-28_G05,10109777SILVAK,2026-01-28,110747,1,2,0,128.0
10109777SILVAK_2026-01-28_G06,10109777SILVAK,2026-01-28,140923,1,2,0,77.0
10109777SILVAK_2026-01-28_G07,10109777SILVAK,2026-01-28,110756,1,2,0,77.0
10109777SILVAK_2026-01-28_G08,10109777SILVAK,2026-01-28,105705,1,4,0,127.0
10109777SILVAK_2026-01-28_G09,10109777SILVAK,2026-01-28,109645,1,2,0,138.0
10109777SILVAK_2026-01-28_G10,10109777SILVAK,2026-01-28,110787,1,4,0,87.0
10109777SILVAK_2026-01-28_G11,10109777SILVAK,2026-01-28,111532,1,2,0,72.0
10109777SILVAK_2026-01-28_G12,10109777SILVAK,2026-01-28,117831,1,4,0,93.0
10109777SILVAK_2026-01-28_G13,10109777SILVAK,2026-01-28,"141456, 111418",2,9,20,105.0
10109777SILVAK_2026-01-28_G14,10109777SILVAK,2026-01-28,117833,1,4,0,114.0
10109777SILVAK_2026-01-28_G15,10109777SILVAK,2026-01-28,110740,1,4,0,75.0
10109777SILVAK_2026-01-28_G16,10109777SILVAK,2026-01-28,117820,1,2,0,122.0
10109777SILVAK_2026-01-28_G17,10109777SILVAK,2026-01-28,118299,1,11,0,170.0
10109777SILVAK_2026-01-28_G18,10109777SILVAK,2026-01-28,117808,1,14,0,198.0
10109777SILVAK_2026-01-28_G19,10109777SILVAK,2026-01-28,141456,1,4,0,112.0
10109777SILVAK_2026-01-28_G20,10109777SILVAK,2026-01-28,111602,1,11,0,217.0
10109777SILVAK_2026-01-28_G21,10109777SILVAK,2026-01-28,110787,1,6,0,190.0
10109777SILVAK_2026-01-28_G22,10109777SILVAK,2026-01-28,110582,1,1,0,137.0
10109777SILVAK_2026-01-28_G23,10109777SILVAK,2026-01-28,111532,1,16,0,113.0
10109777SILVAK_2026-01-28_G24,10109777SILVAK,2026-01-28,111532,1,8,0,218.0
10109777SILVAK_2026-01-28_G25,10109777SILVAK,2026-01-28,118418,1,1,0,256.0
10109777SILVAK_2026-01-28_G26,10109777SILVAK,2026-01-28,110500,1,2,0,392.0
10109777SILVAK_2026-01-28_G27,10109777SILVAK,2026-01-28,111879,1,4,0,112.0
10109777SILVAK_2026-01-28_G28,10109777SILVAK,2026-01-28,110373,1,4,0,156.0
10109777SILVAK_2026-01-28_G29,10109777SILVAK,2026-01-28,117809,1,2,0,157.0
10109777SILVAK_2026-01-28_G30,10109777SILVAK,2026-01-28,117820,1,5,0,76.0
10109777SILVAK_2026-01-28_G31,10109777SILVAK,2026-01-28,118299,1,20,0,63.0
10109777SILVAK_2026-01-28_G32,10109777SILVAK,2026-01-28,117808,1,20,0,260.0
10109777SILVAK_2026-01-28_G33,10109777SILVAK,2026-01-28,110787,1,4,0,69.0
10109777SILVAK_2026-01-28_G34,10109777SILVAK,2026-01-28,117831,1,8,0,215.0
10109777SILVAK_2026-01-28_G35,10109777SILVAK,2026-01-28,141456,1,10,0,221.0
10109777SILVAK_2026-01-28_G36,10109777SILVAK,2026-01-28,110372,1,4,0,113.0
10109777SILVAK_2026-01-28_G37,10109777SILVAK,2026-01-28,117856,1,2,0,190.0
10109777SILVAK_2026-01-28_G38,10109777SILVAK,2026-01-28,111602,1,4,0,160.0
10109777SILVAK_2026-01-28_G39,10109777SILVAK,2026-01-28,110711,1,1,0,2355.0
10109777SILVAK_2026-01-28_G40,10109777SILVAK,2026-01-28,142014,1,1,0,1050.0
10109777SILVAK_2026-02-12_G02,10109777SILVAK,2026-02-12,118299,1,1832,0,3493.0
10109777SILVAK_2026-02-24_G02,10109777SILVAK,2026-02-24,141456,1,52,0,467.0
10109777SILVAK_2026-02-24_G03,10109777SILVAK,2026-02-24,117809,1,124,0,696.0
10109777SILVAK_2026-02-24_G04,10109777SILVAK,2026-02-24,117808,1,1469,0,1865.0
10109777SILVAK_2026-02-24_G05,10109777SILVAK,2026-02-24,117830,1,82,0,621.0
10109777SILVAK_2026-02-24_G06,10109777SILVAK,2026-02-24,118299,1,300,0,793.0
10109777SILVAK_2026-02-24_G07,10109777SILVAK,2026-02-24,110841,1,2,0,1311.0
10109777SILVAK_2026-02-24_G08,10109777SILVAK,2026-02-24,117853,1,2,0,98.0
10109777SILVAK_2026-02-24_G09,10109777SILVAK,2026-02-24,110063,1,2,0,86.0
10109777SILVAK_2026-02-24_G10,10109777SILVAK,2026-02-24,111462,1,2,0,153.0
10109777SILVAK_2026-02-24_G11,10109777SILVAK,2026-02-24,117821,1,2,0,324.0
10109777SILVAK_2026-02-24_G12,10109777SILVAK,2026-02-24,"140922, 118317",3,7,33,434.0
10109777SILVAK_2026-02-24_G13,10109777SILVAK,2026-02-24,140922,1,6,0,130.0
10109777SILVAK_2026-02-24_G14,10109777SILVAK,2026-02-24,111467,1,2,0,247.0
10109777SILVAK_2026-02-24_G15,10109777SILVAK,2026-02-24,109640,1,6,0,513.0
10109777SILVAK_2026-02-24_G16,10109777SILVAK,2026-02-24,110787,1,6,0,79.0
10109777SILVAK_2026-02-24_G17,10109777SILVAK,2026-02-24,118317,1,4,0,91.0
10109777SILVAK_2026-02-24_G18,10109777SILVAK,2026-02-24,110374,2,4,11,594.0
10109777SILVAK_2026-02-24_G19,10109777SILVAK,2026-02-24,118299,1,6,0,79.0
10109777SILVAK_2026-02-24_G20,10109777SILVAK,2026-02-24,117808,1,40,0,250.0
10109777SILVAK_2026-02-24_G21,10109777SILVAK,2026-02-24,110373,1,12,0,368.0
10109777SILVAK_2026-02-24_G22,10109777SILVAK,2026-02-24,110373,1,30,0,44.0
10109777SILVAK_2026-02-24_G23,10109777SILVAK,2026-02-24,117853,1,2,0,228.0
10109777SILVAK_2026-02-24_G24,10109777SILVAK,2026-02-24,"111467, 117853",2,8,26,495.0
10109777SILVAK_2026-02-24_G25,10109777SILVAK,2026-02-24,111602,1,4,0,84.0
10109777SILVAK_2026-02-24_G26,10109777SILVAK,2026-02-24,111330,1,4,0,211.0
10109777SILVAK_2026-02-24_G27,10109777SILVAK,2026-02-24,117855,1,4,0,227.0
10109777SILVAK_2026-02-24_G28,10109777SILVAK,2026-02-24,140957,1,4,0,251.0
10109777SILVAK_2026-02-24_G29,10109777SILVAK,2026-02-24,111419,1,2,0,186.0
10109777SILVAK_2026-02-24_G30,10109777SILVAK,2026-02-24,140922,1,3,0,172.0
10109777SILVAK_2026-02-24_G31,10109777SILVAK,2026-02-24,117834,1,2,0,332.0
10109777SILVAK_2026-02-24_G32,10109777SILVAK,2026-02-24,110742,1,2,0,111.0
10109777SILVAK_2026-02-24_G33,10109777SILVAK,2026-02-24,110754,1,2,0,82.0
10109777SILVAK_2026-02-24_G34,10109777SILVAK,2026-02-24,111467,1,2,0,197.0
10109777SILVAK_2026-02-24_G35,10109777SILVAK,2026-02-24,109647,1,4,0,120.0
10109777SILVAK_2026-02-24_G36,10109777SILVAK,2026-02-24,111353,1,2,0,84.0
10109777SILVAK_2026-02-24_G37,10109777SILVAK,2026-02-24,117786,1,2,0,51.0
10109777SILVAK_2026-02-24_G38,10109777SILVAK,2026-02-24,111462,1,4,0,129.0
10109777SILVAK_2026-02-24_G39,10109777SILVAK,2026-02-24,117842,1,4,0,131.0
10109777SILVAK_2026-02-24_G40,10109777SILVAK,2026-02-24,118330,1,1,0,148.0
10109777SILVAK_2026-02-24_G41,10109777SILVAK,2026-02-24,117841,1,2,0,67.0
10109777SILVAK_2026-02-24_G42,10109777SILVAK,2026-02-24,141823,1,2,0,78.0
10109777SILVAK_2026-02-24_G43,10109777SILVAK,2026-02-24,111468,1,1,0,100.0
10109777SILVAK_2026-02-24_G44,10109777SILVAK,2026-02-24,111467,1,4,0,296.0
10109777SILVAK_2026-02-24_G45,10109777SILVAK,2026-02-24,117853,2,6,10,166.0
10109777SILVAK_2026-02-24_G46,10109777SILVAK,2026-02-24,111602,2,4,7,157.0
10109777SILVAK_2026-02-24_G47,10109777SILVAK,2026-02-24,117855,1,8,0,307.0
10109777SILVAK_2026-02-24_G48,10109777SILVAK,2026-02-24,111462,1,16,0,172.0
10109777SILVAK_2026-02-24_G49,10109777SILVAK,2026-02-24,140922,1,2,0,119.0
10109777SILVAK_2026-03-07_G02,10109777SILVAK,2026-03-07,117834,1,11,0,275.0
10109777SILVAK_2026-03-07_G03,10109777SILVAK,2026-03-07,117835,1,29,0,275.0
10109777SILVAK_2026-03-07_G04,10109777SILVAK,2026-03-07,100334,1,22,0,307.0
10109777SILVAK_2026-03-07_G05,10109777SILVAK,2026-03-07,111655,1,6,0,378.0
10109777SILVAK_2026-03-07_G06,10109777SILVAK,2026-03-07,117789,1,5,0,117.0
10109777SILVAK_2026-03-07_G07,10109777SILVAK,2026-03-07,108759,1,12,0,160.0
10109777SILVAK_2026-03-07_G08,10109777SILVAK,2026-03-07,118094,1,29,0,420.0
10109777SILVAK_2026-03-07_G09,10109777SILVAK,2026-03-07,118298,1,13,0,304.0
10109777SILVAK_2026-03-07_G10,10109777SILVAK,2026-03-07,117786,1,59,0,169.0
10109777SILVAK_2026-03-07_G11,10109777SILVAK,2026-03-07,107629,1,55,0,1051.0
10109777SILVAK_2026-03-07_G12,10109777SILVAK,2026-03-07,111876,1,28,0,387.0
10109777SILVAK_2026-03-07_G13,10109777SILVAK,2026-03-07,117842,1,11,0,498.0
10109777SILVAK_2026-03-07_G14,10109777SILVAK,2026-03-07,108794,1,57,0,139.0
10109777SILVAK_2026-03-07_G15,10109777SILVAK,2026-03-07,116241,1,7,0,112.0
10109777SILVAK_2026-03-07_G16,10109777SILVAK,2026-03-07,118330,1,8,0,150.0
10109777SILVAK_2026-03-07_G17,10109777SILVAK,2026-03-07,141271,1,23,0,242.0
10109777SILVAK_2026-03-07_G18,10109777SILVAK,2026-03-07,111465,1,57,0,368.0
10109777SILVAK_2026-03-07_G19,10109777SILVAK,2026-03-07,111468,1,27,0,237.0
10109777SILVAK_2026-03-07_G20,10109777SILVAK,2026-03-07,110740,1,5,0,225.0
10109777SILVAK_2026-03-07_G21,10109777SILVAK,2026-03-07,105705,1,10,0,38.0
10109777SILVAK_2026-03-07_G22,10109777SILVAK,2026-03-07,107236,1,24,0,335.0
10109777SILVAK_2026-03-07_G23,10109777SILVAK,2026-03-07,108798,1,32,0,423.0
10109777SILVAK_2026-03-07_G24,10109777SILVAK,2026-03-07,109645,1,70,0,113.0
10109777SILVAK_2026-03-07_G25,10109777SILVAK,2026-03-07,109643,1,1,0,164.0
10109777SILVAK_2026-03-07_G26,10109777SILVAK,2026-03-07,110375,1,8,0,43.0
10109777SILVAK_2026-03-07_G27,10109777SILVAK,2026-03-07,117840,1,1,0,103.0
10109777SILVAK_2026-03-07_G28,10109777SILVAK,2026-03-07,141202,1,32,0,173.0
10109777SILVAK_2026-03-07_G29,10109777SILVAK,2026-03-07,110325,1,15,0,119.0
10109777SILVAK_2026-03-07_G30,10109777SILVAK,2026-03-07,117854,1,27,0,923.0
10109777SILVAK_2026-03-07_G31,10109777SILVAK,2026-03-07,118317,1,8,0,394.0
10109777SILVAK_2026-03-07_G32,10109777SILVAK,2026-03-07,111430,1,8,0,1320.0
10109777SILVAK_2026-03-07_G33,10109777SILVAK,2026-03-07,118290,1,8,0,789.0
10109777SILVAK_2026-03-07_G34,10109777SILVAK,2026-03-07,111438,1,12,0,233.0
10109777SILVAK_2026-03-07_G35,10109777SILVAK,2026-03-07,111441,1,20,0,157.0
10109777SILVAK_2026-03-07_G36,10109777SILVAK,2026-03-07,142045,1,50,0,1223.0
10109777SILVAK_2026-03-07_G37,10109777SILVAK,2026-03-07,141916,1,8,0,728.0
10109777SILVAK_2026-03-07_G38,10109777SILVAK,2026-03-07,110755,1,12,0,888.0
10109777SILVAK_2026-03-07_G39,10109777SILVAK,2026-03-07,111438,1,18,0,654.0
10109777SILVAK_2026-03-07_G40,10109777SILVAK,2026-03-07,110582,1,4,0,37.0
10109777SILVAK_2026-03-07_G41,10109777SILVAK,2026-03-07,109641,1,8,0,75.0
10109777SILVAK_2026-03-07_G42,10109777SILVAK,2026-03-07,117831,1,12,0,387.0
10109777SILVAK_2026-03-07_G43,10109777SILVAK,2026-03-07,111463,1,50,0,100.0
10109777SILVAK_2026-03-07_G44,10109777SILVAK,2026-03-07,109645,1,4,0,210.0
10109777SILVAK_2026-03-07_G45,10109777SILVAK,2026-03-07,110740,1,16,0,141.0
10109777SILVAK_2026-03-07_G46,10109777SILVAK,2026-03-07,111469,2,80,20,154.0
10109777SILVAK_2026-03-07_G47,10109777SILVAK,2026-03-07,141458,1,20,0,294.0
10109777SILVAK_2026-03-07_G48,10109777SILVAK,2026-03-07,110740,1,20,0,160.0
10109777SILVAK_2026-03-07_G49,10109777SILVAK,2026-03-07,142093,1,30,0,433.0
10109777SILVAK_2026-03-07_G51,10109777SILVAK,2026-03-07,111441,1,10,0,96.0
10109777SILVAK_2026-03-07_G52,10109777SILVAK,2026-03-07,111655,1,2,0,161.0
10109777SILVAK_2026-03-07_G53,10109777SILVAK,2026-03-07,141916,1,2,0,74.0
10109777SILVAK_2026-03-07_G54,10109777SILVAK,2026-03-07,110742,1,16,0,219.0
10109777SILVAK_2026-03-07_G55,10109777SILVAK,2026-03-07,110374,1,11,0,191.0
10109777SILVAK_2026-03-07_G56,10109777SILVAK,2026-03-07,117809,1,8,0,33.0
10109777SILVAK_2026-03-07_G57,10109777SILVAK,2026-03-07,117822,1,2,0,112.0
10109777SILVAK_2026-03-07_G58,10109777SILVAK,2026-03-07,110376,1,2,0,72.0
10109777SILVAK_2026-03-07_G59,10109777SILVAK,2026-03-07,110372,1,42,0,202.0
10109777SILVAK_2026-03-07_G60,10109777SILVAK,2026-03-07,117808,1,482,0,248.0
10109777SILVAK_2026-03-09_G02,10109777SILVAK,2026-03-09,111775,1,3,0,358.0
10109777SILVAK_2026-03-09_G03,10109777SILVAK,2026-03-09,141286,1,2,0,130.0
10109777SILVAK_2026-03-09_G04,10109777SILVAK,2026-03-09,111354,1,6,0,124.0
10109777SILVAK_2026-03-09_G05,10109777SILVAK,2026-03-09,141367,1,2,0,140.0
10109777SILVAK_2026-03-09_G06,10109777SILVAK,2026-03-09,111660,1,20,0,99.0
10109777SILVAK_2026-03-09_G07,10109777SILVAK,2026-03-09,141420,1,2,0,187.0
10109777SILVAK_2026-03-09_G08,10109777SILVAK,2026-03-09,141311,1,2,0,253.0
10109777SILVAK_2026-03-09_G09,10109777SILVAK,2026-03-09,118169,1,2,0,119.0
10109777SILVAK_2026-03-09_G10,10109777SILVAK,2026-03-09,111861,1,3,0,155.0
10109777SILVAK_2026-03-09_G11,10109777SILVAK,2026-03-09,117834,1,10,0,255.0
10109777SILVAK_2026-03-09_G12,10109777SILVAK,2026-03-09,111441,1,28,0,202.0
10109777SILVAK_2026-03-09_G13,10109777SILVAK,2026-03-09,118250,1,22,0,235.0
10109777SILVAK_2026-03-09_G14,10109777SILVAK,2026-03-09,117835,1,2,0,270.0
10109777SILVAK_2026-03-09_G15,10109777SILVAK,2026-03-09,107888,2,24,10,138.0
10109777SILVAK_2026-03-09_G16,10109777SILVAK,2026-03-09,100334,1,41,0,378.0
10109777SILVAK_2026-03-09_G17,10109777SILVAK,2026-03-09,118253,1,26,0,193.0
10109777SILVAK_2026-03-09_G18,10109777SILVAK,2026-03-09,107254,1,2,0,219.0
10109777SILVAK_2026-03-09_G19,10109777SILVAK,2026-03-09,111438,1,55,0,259.0
10109777SILVAK_2026-03-09_G20,10109777SILVAK,2026-03-09,111356,1,2,0,192.0
10109777SILVAK_2026-03-09_G21,10109777SILVAK,2026-03-09,118306,1,1,0,55.0
10109777SILVAK_2026-03-09_G22,10109777SILVAK,2026-03-09,110112,1,4,0,101.0
10109777SILVAK_2026-03-09_G23,10109777SILVAK,2026-03-09,118417,1,8,0,261.0
10109777SILVAK_2026-03-09_G24,10109777SILVAK,2026-03-09,110714,1,3,0,75.0
10109777SILVAK_2026-03-09_G25,10109777SILVAK,2026-03-09,142045,2,24,15,219.0
10109788SANTOSP_2025-03-21_G02,10109788SANTOSP,2025-03-21,111469,1,20,0,505.0
10109788SANTOSP_2025-03-21_G03,10109788SANTOSP,2025-03-21,160054,1,2,0,280.0
10109788SANTOSP_2025-03-21_G04,10109788SANTOSP,2025-03-21,111469,1,10,0,538.0
10109788SANTOSP_2025-03-21_G05,10109788SANTOSP,2025-03-21,111469,1,6,0,406.0
10109788SANTOSP_2025-03-21_G06,10109788SANTOSP,2025-03-21,118253,1,24,0,2131.0
10109788SANTOSP_2025-03-21_G07,10109788SANTOSP,2025-03-21,111569,1,40,0,1147.0
10109788SANTOSP_2025-03-21_G08,10109788SANTOSP,2025-03-21,117834,1,12,0,501.0
10109788SANTOSP_2025-03-21_G09,10109788SANTOSP,2025-03-21,111850,1,5,0,157.0
10109788SANTOSP_2025-03-21_G10,10109788SANTOSP,2025-03-21,118306,1,4,0,257.0
10109788SANTOSP_2025-03-21_G11,10109788SANTOSP,2025-03-21,100334,1,25,0,494.0
10109788SANTOSP_2025-03-21_G12,10109788SANTOSP,2025-03-21,109471,1,2,0,222.0
10109788SANTOSP_2025-03-21_G13,10109788SANTOSP,2025-03-21,118250,1,6,0,1082.0
10109788SANTOSP_2025-03-21_G15,10109788SANTOSP,2025-03-21,116527,1,6,0,1061.0
10109788SANTOSP_2025-03-21_G16,10109788SANTOSP,2025-03-21,117853,1,4,0,654.0
10109788SANTOSP_2025-03-21_G17,10109788SANTOSP,2025-03-21,108772,1,10,0,1480.0
10109788SANTOSP_2025-03-21_G18,10109788SANTOSP,2025-03-21,110313,1,10,0,1138.0
10109788SANTOSP_2025-03-21_G19,10109788SANTOSP,2025-03-21,111879,1,4,0,127.0
10109788SANTOSP_2025-03-21_G20,10109788SANTOSP,2025-03-21,110753,1,4,0,174.0
10109788SANTOSP_2025-03-21_G21,10109788SANTOSP,2025-03-21,105242,1,2,0,101.0
10109788SANTOSP_2025-03-21_G22,10109788SANTOSP,2025-03-21,109640,1,16,0,406.0
10109788SANTOSP_2025-03-21_G23,10109788SANTOSP,2025-03-21,118094,1,15,0,1923.0
10109788SANTOSP_2025-03-21_G24,10109788SANTOSP,2025-03-21,110741,1,4,0,914.0
10109788SANTOSP_2025-03-22_G02,10109788SANTOSP,2025-03-22,111850,1,18,0,3153.0
10109788SANTOSP_2025-03-22_G03,10109788SANTOSP,2025-03-22,118222,1,20,0,1042.0
10109788SANTOSP_2025-03-22_G04,10109788SANTOSP,2025-03-22,111832,1,4,0,236.0
10109788SANTOSP_2025-03-22_G05,10109788SANTOSP,2025-03-22,110765,1,6,0,1836.0
10109788SANTOSP_2025-03-22_G06,10109788SANTOSP,2025-03-22,110682,1,6,0,126.0
10109788SANTOSP_2025-03-22_G07,10109788SANTOSP,2025-03-22,110583,1,2,0,90.0
10109788SANTOSP_2025-03-22_G08,10109788SANTOSP,2025-03-22,111110,1,2,0,114.0
10109788SANTOSP_2025-03-22_G09,10109788SANTOSP,2025-03-22,115234,1,4,0,148.0
10109788SANTOSP_2025-03-22_G10,10109788SANTOSP,2025-03-22,109495,1,3,0,678.0
10109788SANTOSP_2025-03-22_G12,10109788SANTOSP,2025-03-22,105470,1,4,0,171.0
10109788SANTOSP_2025-03-22_G13,10109788SANTOSP,2025-03-22,105242,1,4,0,182.0
10109788SANTOSP_2025-03-22_G14,10109788SANTOSP,2025-03-22,110711,1,23,0,363.0
10109788SANTOSP_2025-03-22_G15,10109788SANTOSP,2025-03-22,111438,1,8,0,401.0
10109788SANTOSP_2025-03-22_G17,10109788SANTOSP,2025-03-22,105705,1,4,0,395.0
10109788SANTOSP_2025-03-22_G18,10109788SANTOSP,2025-03-22,111530,1,4,0,1019.0
10109788SANTOSP_2025-03-22_G19,10109788SANTOSP,2025-03-22,100334,1,5,0,1874.0
10109788SANTOSP_2025-03-22_G20,10109788SANTOSP,2025-03-22,111430,1,12,0,433.0
10109788SANTOSP_2025-03-22_G21,10109788SANTOSP,2025-03-22,109647,1,14,0,762.0
10109788SANTOSP_2025-03-22_G22,10109788SANTOSP,2025-03-22,111602,1,50,0,866.0
10109788SANTOSP_2025-03-22_G23,10109788SANTOSP,2025-03-22,111530,1,42,0,1089.0
10109788SANTOSP_2025-03-22_G24,10109788SANTOSP,2025-03-22,110515,1,19,0,822.0
10109788SANTOSP_2025-03-22_G25,10109788SANTOSP,2025-03-22,109643,1,30,0,1748.0
10109788SANTOSP_2025-03-22_G26,10109788SANTOSP,2025-03-22,117840,1,31,0,440.0
10109788SANTOSP_2025-03-24_G02,10109788SANTOSP,2025-03-24,110371,1,4,0,386.0
10109788SANTOSP_2025-03-24_G03,10109788SANTOSP,2025-03-24,110373,1,8,0,340.0
10109788SANTOSP_2025-03-24_G04,10109788SANTOSP,2025-03-24,108770,1,12,0,1024.0
10109788SANTOSP_2025-03-24_G05,10109788SANTOSP,2025-03-24,109647,1,17,0,344.0
10109788SANTOSP_2025-03-24_G06,10109788SANTOSP,2025-03-24,117862,1,80,0,999.0
10109788SANTOSP_2025-03-24_G07,10109788SANTOSP,2025-03-24,118403,1,30,0,577.0
10109788SANTOSP_2025-03-24_G08,10109788SANTOSP,2025-03-24,108736,1,20,0,77.0
10109788SANTOSP_2025-03-24_G09,10109788SANTOSP,2025-03-24,118317,1,30,0,540.0
10109788SANTOSP_2025-03-24_G10,10109788SANTOSP,2025-03-24,117831,1,20,0,568.0
10109788SANTOSP_2025-03-24_G11,10109788SANTOSP,2025-03-24,109645,1,24,0,326.0
10109788SANTOSP_2025-03-25_G02,10109788SANTOSP,2025-03-25,117787,1,1,0,149.0
10109788SANTOSP_2025-03-25_G03,10109788SANTOSP,2025-03-25,117787,1,2,0,67.0
10109788SANTOSP_2025-03-25_G04,10109788SANTOSP,2025-03-25,117787,1,4,0,56.0
10109788SANTOSP_2025-03-25_G06,10109788SANTOSP,2025-03-25,110741,1,112,0,930.0
10109788SANTOSP_2025-03-25_G07,10109788SANTOSP,2025-03-25,110733,1,190,0,1310.0
10109788SANTOSP_2025-03-25_G08,10109788SANTOSP,2025-03-25,111530,1,119,0,691.0
10109788SANTOSP_2025-03-25_G09,10109788SANTOSP,2025-03-25,110373,1,51,0,1629.0
10109788SANTOSP_2025-03-25_G10,10109788SANTOSP,2025-03-25,118299,1,204,0,2278.0
10109788SANTOSP_2025-03-25_G11,10109788SANTOSP,2025-03-25,117808,1,200,0,1406.0
10109788SANTOSP_2025-03-25_G12,10109788SANTOSP,2025-03-25,110372,1,150,0,1101.0
10109788SANTOSP_2025-03-25_G14,10109788SANTOSP,2025-03-25,110313,1,56,0,765.0
10109788SANTOSP_2025-03-25_G15,10109788SANTOSP,2025-03-25,111530,1,100,0,1104.0
10109788SANTOSP_2025-03-25_G16,10109788SANTOSP,2025-03-25,117786,1,100,0,497.0
10109788SANTOSP_2025-03-25_G17,10109788SANTOSP,2025-03-25,108772,1,100,0,438.0
10109788SANTOSP_2025-03-25_G18,10109788SANTOSP,2025-03-25,111469,1,200,0,736.0
10109788SANTOSP_2025-03-25_G19,10109788SANTOSP,2025-03-25,118299,1,200,0,572.0
10109788SANTOSP_2025-03-25_G20,10109788SANTOSP,2025-03-25,110895,1,50,0,786.0
10109788SANTOSP_2025-03-26_G02,10109788SANTOSP,2025-03-26,111467,1,7,0,1165.0
10109788SANTOSP_2025-03-26_G03,10109788SANTOSP,2025-03-26,117787,1,3,0,510.0
10109788SANTOSP_2025-03-26_G04,10109788SANTOSP,2025-03-26,110740,1,1,0,121.0
10109788SANTOSP_2025-03-26_G05,10109788SANTOSP,2025-03-26,111602,1,30,0,1431.0
10109788SANTOSP_2025-03-26_G06,10109788SANTOSP,2025-03-26,110515,1,30,0,681.0
10109788SANTOSP_2025-03-26_G07,10109788SANTOSP,2025-03-26,118140,1,30,0,906.0
10109788SANTOSP_2025-03-26_G08,10109788SANTOSP,2025-03-26,111469,1,30,0,227.0
10109788SANTOSP_2025-03-26_G09,10109788SANTOSP,2025-03-26,111466,1,40,0,1257.0
10109788SANTOSP_2025-03-26_G10,10109788SANTOSP,2025-03-26,111532,1,30,0,328.0
10109788SANTOSP_2025-03-26_G11,10109788SANTOSP,2025-03-26,117787,1,8,0,842.0
10109788SANTOSP_2025-03-26_G12,10109788SANTOSP,2025-03-26,110740,1,4,0,283.0
10109788SANTOSP_2025-03-26_G13,10109788SANTOSP,2025-03-26,111172,1,4,0,167.0
10109788SANTOSP_2025-03-26_G14,10109788SANTOSP,2025-03-26,111569,1,3,0,151.0
10109788SANTOSP_2025-03-26_G15,10109788SANTOSP,2025-03-26,110515,1,2,0,140.0
10109788SANTOSP_2025-03-26_G16,10109788SANTOSP,2025-03-26,118299,1,14,0,174.0
10109788SANTOSP_2025-03-26_G17,10109788SANTOSP,2025-03-26,109643,1,2,0,107.0
10109788SANTOSP_2025-03-26_G18,10109788SANTOSP,2025-03-26,117832,1,8,0,188.0
10109788SANTOSP_2025-03-26_G19,10109788SANTOSP,2025-03-26,110372,1,2,0,44.0
10109788SANTOSP_2025-03-26_G20,10109788SANTOSP,2025-03-26,117787,1,2,0,137.0
10109788SANTOSP_2025-03-26_G21,10109788SANTOSP,2025-03-26,111466,1,7,0,164.0
10109788SANTOSP_2025-03-26_G22,10109788SANTOSP,2025-03-26,117861,1,3,0,655.0
10109788SANTOSP_2025-03-26_G23,10109788SANTOSP,2025-03-26,110371,1,1,0,170.0
10109788SANTOSP_2025-03-26_G24,10109788SANTOSP,2025-03-26,117820,1,3,0,105.0
10109788SANTOSP_2025-03-26_G25,10109788SANTOSP,2025-03-26,110372,1,8,0,168.0
10109788SANTOSP_2025-03-26_G26,10109788SANTOSP,2025-03-26,110375,1,4,0,85.0
10109788SANTOSP_2025-03-26_G27,10109788SANTOSP,2025-03-26,111850,1,1,0,390.0
10109788SANTOSP_2025-03-26_G29,10109788SANTOSP,2025-03-26,117787,1,2,0,110.0
10109788SANTOSP_2025-03-26_G30,10109788SANTOSP,2025-03-26,111463,1,8,0,601.0
10109788SANTOSP_2025-03-26_G31,10109788SANTOSP,2025-03-26,111463,1,6,0,674.0
10109788SANTOSP_2025-03-26_G32,10109788SANTOSP,2025-03-26,118140,1,2,0,128.0
10109788SANTOSP_2025-03-26_G33,10109788SANTOSP,2025-03-26,111418,1,8,0,114.0
10109788SANTOSP_2025-03-26_G34,10109788SANTOSP,2025-03-26,111462,1,2,0,137.0
10109788SANTOSP_2025-03-26_G35,10109788SANTOSP,2025-03-26,117785,1,2,0,76.0
10109788SANTOSP_2025-03-26_G36,10109788SANTOSP,2025-03-26,110787,1,6,0,144.0
10109788SANTOSP_2025-03-26_G37,10109788SANTOSP,2025-03-26,111465,1,5,0,87.0
10109788SANTOSP_2025-03-26_G38,10109788SANTOSP,2025-03-26,110515,1,17,0,560.0
10109788SANTOSP_2025-03-26_G39,10109788SANTOSP,2025-03-26,111757,1,47,0,611.0
10109788SANTOSP_2025-03-26_G40,10109788SANTOSP,2025-03-26,111759,1,47,0,49.0
10109788SANTOSP_2025-03-26_G41,10109788SANTOSP,2025-03-26,118191,1,520,0,3290.0
10109788SANTOSP_2025-03-26_G42,10109788SANTOSP,2025-03-26,110372,1,229,0,577.0
10109788SANTOSP_2025-03-26_G43,10109788SANTOSP,2025-03-26,109647,1,8,0,1132.0
10109788SANTOSP_2025-03-26_G44,10109788SANTOSP,2025-03-26,109640,1,47,0,520.0
10109788SANTOSP_2025-03-27_G02,10109788SANTOSP,2025-03-27,111466,1,16,0,894.0
10109788SANTOSP_2025-03-27_G03,10109788SANTOSP,2025-03-27,111468,1,5,0,234.0
10109788SANTOSP_2025-03-27_G04,10109788SANTOSP,2025-03-27,118140,1,2,0,194.0
10109788SANTOSP_2025-03-27_G05,10109788SANTOSP,2025-03-27,111466,1,13,0,218.0
10109788SANTOSP_2025-03-27_G06,10109788SANTOSP,2025-03-27,111532,1,4,0,152.0
10109788SANTOSP_2025-03-27_G07,10109788SANTOSP,2025-03-27,111468,1,2,0,59.0
10109788SANTOSP_2025-03-27_G08,10109788SANTOSP,2025-03-27,118140,1,4,0,498.0
10109788SANTOSP_2025-03-27_G09,10109788SANTOSP,2025-03-27,111466,1,4,0,117.0
10109788SANTOSP_2025-03-27_G10,10109788SANTOSP,2025-03-27,111468,1,4,0,112.0
10109788SANTOSP_2025-03-27_G11,10109788SANTOSP,2025-03-27,110742,1,1,0,712.0
10109788SANTOSP_2025-03-27_G12,10109788SANTOSP,2025-03-27,111879,1,1,0,968.0
10109788SANTOSP_2025-03-27_G13,10109788SANTOSP,2025-03-27,105242,1,2,0,162.0
10109788SANTOSP_2025-03-27_G14,10109788SANTOSP,2025-03-27,116611,1,4,0,175.0
10109788SANTOSP_2025-03-27_G15,10109788SANTOSP,2025-03-27,111468,1,18,0,165.0
10109788SANTOSP_2025-03-27_G16,10109788SANTOSP,2025-03-27,111418,1,64,0,1212.0
10109788SANTOSP_2025-03-27_G17,10109788SANTOSP,2025-03-27,117787,1,8,0,638.0
10109788SANTOSP_2025-03-27_G18,10109788SANTOSP,2025-03-27,117787,1,42,0,795.0
10109788SANTOSP_2025-03-27_G19,10109788SANTOSP,2025-03-27,111793,1,2,0,1340.0
10109788SANTOSP_2025-03-27_G20,10109788SANTOSP,2025-03-27,117820,1,200,0,1763.0
10109788SANTOSP_2025-03-27_G21,10109788SANTOSP,2025-03-27,117832,1,60,0,950.0
10109788SANTOSP_2025-03-27_G22,10109788SANTOSP,2025-03-27,118299,1,500,0,1061.0
10109788SANTOSP_2025-03-27_G23,10109788SANTOSP,2025-03-27,108770,1,8,0,255.0
10109788SANTOSP_2025-03-27_G24,10109788SANTOSP,2025-03-27,117787,1,50,0,504.0
10109788SANTOSP_2025-03-29_G02,10109788SANTOSP,2025-03-29,141047,1,4,0,213.0
10109788SANTOSP_2025-03-29_G03,10109788SANTOSP,2025-03-29,141047,1,1,0,51.0
10109788SANTOSP_2025-03-29_G04,10109788SANTOSP,2025-03-29,111467,1,2,0,337.0
10109788SANTOSP_2025-03-29_G05,10109788SANTOSP,2025-03-29,118094,1,4,0,137.0
10109788SANTOSP_2025-03-29_G06,10109788SANTOSP,2025-03-29,110063,1,2,0,133.0
10109788SANTOSP_2025-03-29_G07,10109788SANTOSP,2025-03-29,111467,1,8,0,175.0
10109788SANTOSP_2025-03-29_G08,10109788SANTOSP,2025-03-29,111602,1,10,0,201.0
10109788SANTOSP_2025-03-29_G09,10109788SANTOSP,2025-03-29,110515,1,7,0,773.0
10109788SANTOSP_2025-03-29_G10,10109788SANTOSP,2025-03-29,111530,1,4,0,132.0
10109788SANTOSP_2025-03-29_G11,10109788SANTOSP,2025-03-29,101217,1,2,0,396.0
10109788SANTOSP_2025-03-29_G12,10109788SANTOSP,2025-03-29,110711,1,6,0,2449.0
10109788SANTOSP_2025-03-29_G13,10109788SANTOSP,2025-03-29,140922,1,6,0,122.0
10109788SANTOSP_2025-03-29_G14,10109788SANTOSP,2025-03-29,110373,1,16,0,259.0
10109788SANTOSP_2025-03-29_G15,10109788SANTOSP,2025-03-29,110372,1,13,0,121.0
10109788SANTOSP_2025-03-29_G16,10109788SANTOSP,2025-03-29,111467,1,2,0,140.0
10109788SANTOSP_2025-03-29_G17,10109788SANTOSP,2025-03-29,111467,1,2,0,140.0
10109788SANTOSP_2025-03-29_G18,10109788SANTOSP,2025-03-29,117786,1,8,0,162.0
10109788SANTOSP_2025-03-29_G19,10109788SANTOSP,2025-03-29,111467,1,2,0,156.0
10109788SANTOSP_2025-03-29_G20,10109788SANTOSP,2025-03-29,111763,1,2,0,159.0
10109788SANTOSP_2025-03-29_G21,10109788SANTOSP,2025-03-29,111348,1,2,0,232.0
10109788SANTOSP_2025-03-29_G23,10109788SANTOSP,2025-03-29,115773,1,4,0,31.0
10109788SANTOSP_2025-03-29_G24,10109788SANTOSP,2025-03-29,110582,1,4,0,218.0
10109788SANTOSP_2025-03-29_G25,10109788SANTOSP,2025-03-29,140922,1,8,0,144.0
10109788SANTOSP_2025-03-29_G26,10109788SANTOSP,2025-03-29,111443,2,6,11,103.0
10109788SANTOSP_2025-03-29_G27,10109788SANTOSP,2025-03-29,111532,1,19,0,205.0
10109788SANTOSP_2025-03-29_G28,10109788SANTOSP,2025-03-29,111441,1,26,0,59.0
10109788SANTOSP_2025-03-29_G29,10109788SANTOSP,2025-03-29,111462,1,7,0,90.0
10109788SANTOSP_2025-03-29_G30,10109788SANTOSP,2025-03-29,110745,1,4,0,66.0
10109788SANTOSP_2025-03-29_G31,10109788SANTOSP,2025-03-29,111442,1,2,0,53.0
10109788SANTOSP_2025-03-29_G32,10109788SANTOSP,2025-03-29,111442,1,16,0,112.0
10109788SANTOSP_2025-03-29_G33,10109788SANTOSP,2025-03-29,"118290, 110787",2,16,28,228.0
10109788SANTOSP_2025-03-29_G34,10109788SANTOSP,2025-03-29,117821,1,12,0,127.0
10109788SANTOSP_2025-03-29_G35,10109788SANTOSP,2025-03-29,111465,1,1,0,62.0
10109788SANTOSP_2025-03-29_G36,10109788SANTOSP,2025-03-29,160057,1,2,0,167.0
10109788SANTOSP_2025-03-29_G37,10109788SANTOSP,2025-03-29,117836,1,4,0,84.0
10109788SANTOSP_2025-03-29_G38,10109788SANTOSP,2025-03-29,"111441, 110747",2,21,6,246.0
10109788SANTOSP_2025-03-29_G39,10109788SANTOSP,2025-03-29,111441,1,9,0,192.0
10109788SANTOSP_2025-03-29_G40,10109788SANTOSP,2025-03-29,111441,1,20,0,134.0
10109788SANTOSP_2025-03-29_G41,10109788SANTOSP,2025-03-29,111441,1,2,0,116.0
10109788SANTOSP_2025-03-29_G42,10109788SANTOSP,2025-03-29,111441,1,6,0,831.0
10109788SANTOSP_2025-03-29_G43,10109788SANTOSP,2025-03-29,111441,1,2,0,50.0
10109788SANTOSP_2025-03-29_G44,10109788SANTOSP,2025-03-29,111438,2,10,23,240.0
10109788SANTOSP_2025-03-29_G45,10109788SANTOSP,2025-03-29,111438,1,4,0,160.0
10109788SANTOSP_2025-03-29_G46,10109788SANTOSP,2025-03-29,111438,1,11,0,177.0
10109788SANTOSP_2025-03-29_G47,10109788SANTOSP,2025-03-29,111438,1,17,0,438.0
10109788SANTOSP_2025-03-29_G48,10109788SANTOSP,2025-03-29,115775,1,2,0,344.0
10109788SANTOSP_2025-03-29_G49,10109788SANTOSP,2025-03-29,118306,1,12,0,293.0
10109788SANTOSP_2025-03-30_G02,10109788SANTOSP,2025-03-30,118306,1,2,0,270.0
10109788SANTOSP_2025-03-30_G03,10109788SANTOSP,2025-03-30,141047,1,10,0,416.0
10109788SANTOSP_2025-03-30_G04,10109788SANTOSP,2025-03-30,117855,1,1,0,122.0
10109788SANTOSP_2025-03-30_G05,10109788SANTOSP,2025-03-30,110752,1,2,0,275.0
10109788SANTOSP_2025-03-30_G06,10109788SANTOSP,2025-03-30,111467,1,4,0,210.0
10109788SANTOSP_2025-03-30_G07,10109788SANTOSP,2025-03-30,117786,1,4,0,197.0
10109788SANTOSP_2025-03-30_G08,10109788SANTOSP,2025-03-30,109640,1,2,0,84.0
10109788SANTOSP_2025-03-30_G09,10109788SANTOSP,2025-03-30,118140,1,2,0,143.0
10109788SANTOSP_2025-03-30_G10,10109788SANTOSP,2025-03-30,111468,1,4,0,93.0
10109788SANTOSP_2025-03-30_G11,10109788SANTOSP,2025-03-30,108711,1,2,0,110.0
10109788SANTOSP_2025-03-30_G12,10109788SANTOSP,2025-03-30,117831,1,4,0,91.0
10109788SANTOSP_2025-03-30_G13,10109788SANTOSP,2025-03-30,105705,1,2,0,134.0
10109788SANTOSP_2025-03-30_G14,10109788SANTOSP,2025-03-30,110742,1,4,0,252.0
10109788SANTOSP_2025-03-30_G15,10109788SANTOSP,2025-03-30,110376,1,2,0,58.0
10109788SANTOSP_2025-03-30_G16,10109788SANTOSP,2025-03-30,117809,1,2,0,60.0
10109788SANTOSP_2025-03-30_G17,10109788SANTOSP,2025-03-30,118299,1,4,0,71.0
10109788SANTOSP_2025-03-30_G18,10109788SANTOSP,2025-03-30,117832,1,2,0,104.0
10109788SANTOSP_2025-03-30_G19,10109788SANTOSP,2025-03-30,110372,1,10,0,833.0
10109788SANTOSP_2025-03-30_G20,10109788SANTOSP,2025-03-30,117808,1,7,0,681.0
10109788SANTOSP_2025-03-30_G21,10109788SANTOSP,2025-03-30,117787,1,10,0,451.0
10109788SANTOSP_2025-03-30_G22,10109788SANTOSP,2025-03-30,110373,1,2,0,724.0
10109788SANTOSP_2025-03-30_G23,10109788SANTOSP,2025-03-30,110372,1,17,0,1961.0
10109788SANTOSP_2025-03-30_G24,10109788SANTOSP,2025-03-30,117808,1,7,0,330.0
10109788SANTOSP_2025-03-30_G25,10109788SANTOSP,2025-03-30,109747,1,6,0,143.0
10109788SANTOSP_2025-03-30_G26,10109788SANTOSP,2025-03-30,111468,1,1,0,521.0
10109788SANTOSP_2025-03-30_G27,10109788SANTOSP,2025-03-30,111418,1,4,0,142.0
10109788SANTOSP_2025-03-30_G28,10109788SANTOSP,2025-03-30,110787,1,2,0,108.0
10109788SANTOSP_2025-03-30_G29,10109788SANTOSP,2025-03-30,117785,1,4,0,78.0
10109788SANTOSP_2025-03-30_G30,10109788SANTOSP,2025-03-30,110325,1,2,0,657.0
10109788SANTOSP_2025-03-30_G31,10109788SANTOSP,2025-03-30,110742,1,2,0,818.0
10109788SANTOSP_2025-03-30_G32,10109788SANTOSP,2025-03-30,111466,1,4,0,59.0
10109788SANTOSP_2025-03-30_G33,10109788SANTOSP,2025-03-30,141047,1,4,0,79.0
10109788SANTOSP_2025-03-30_G34,10109788SANTOSP,2025-03-30,117856,1,6,0,84.0
10109788SANTOSP_2025-03-30_G35,10109788SANTOSP,2025-03-30,117855,1,2,0,121.0
10109788SANTOSP_2025-03-30_G36,10109788SANTOSP,2025-03-30,117861,1,3,0,179.0
10109788SANTOSP_2025-03-30_G37,10109788SANTOSP,2025-03-30,110313,1,4,0,223.0
10109788SANTOSP_2025-03-30_G38,10109788SANTOSP,2025-03-30,117935,1,1,0,130.0
10109788SANTOSP_2025-03-30_G39,10109788SANTOSP,2025-03-30,110515,1,1,0,63.0
10109788SANTOSP_2025-03-30_G40,10109788SANTOSP,2025-03-30,141047,1,4,0,279.0
10109788SANTOSP_2025-03-30_G41,10109788SANTOSP,2025-03-30,111467,1,2,0,106.0
10109788SANTOSP_2025-03-30_G42,10109788SANTOSP,2025-03-30,111466,1,5,0,127.0
10109788SANTOSP_2025-03-30_G43,10109788SANTOSP,2025-03-30,111418,1,6,0,142.0
10109788SANTOSP_2025-03-30_G44,10109788SANTOSP,2025-03-30,108711,1,4,0,55.0
10109788SANTOSP_2025-03-30_G45,10109788SANTOSP,2025-03-30,110787,1,4,0,125.0
10109788SANTOSP_2025-03-30_G46,10109788SANTOSP,2025-03-30,110325,1,1,0,300.0
10109788SANTOSP_2025-03-30_G47,10109788SANTOSP,2025-03-30,118299,1,4,0,75.0
10109788SANTOSP_2025-03-30_G48,10109788SANTOSP,2025-03-30,109643,1,1,0,76.0
10109788SANTOSP_2025-03-30_G49,10109788SANTOSP,2025-03-30,110371,1,9,0,80.0
10109788SANTOSP_2025-03-30_G50,10109788SANTOSP,2025-03-30,117830,1,2,0,121.0
10109788SANTOSP_2025-03-30_G51,10109788SANTOSP,2025-03-30,117820,1,6,0,99.0
10109788SANTOSP_2025-03-30_G52,10109788SANTOSP,2025-03-30,117832,1,6,0,292.0
10109788SANTOSP_2025-03-30_G53,10109788SANTOSP,2025-03-30,110372,1,9,0,118.0
10109788SANTOSP_2025-03-30_G54,10109788SANTOSP,2025-03-30,117808,1,4,0,216.0
10109788SANTOSP_2025-03-30_G55,10109788SANTOSP,2025-03-30,109747,1,1,0,95.0
10109788SANTOSP_2025-03-30_G56,10109788SANTOSP,2025-03-30,111330,1,8,0,309.0
10109788SANTOSP_2025-03-30_G57,10109788SANTOSP,2025-03-30,105705,2,18,14,240.0
10109788SANTOSP_2025-03-30_G58,10109788SANTOSP,2025-03-30,110373,2,28,29,347.0
10109788SANTOSP_2025-03-30_G59,10109788SANTOSP,2025-03-30,111467,1,6,0,364.0
10109788SANTOSP_2025-03-30_G60,10109788SANTOSP,2025-03-30,110752,1,4,0,308.0
10109788SANTOSP_2025-03-30_G62,10109788SANTOSP,2025-03-30,117862,1,2,0,132.0
10109788SANTOSP_2025-03-30_G63,10109788SANTOSP,2025-03-30,110339,1,6,0,45.0
10109788SANTOSP_2025-03-30_G64,10109788SANTOSP,2025-03-30,117856,1,2,0,102.0
10109788SANTOSP_2025-03-30_G65,10109788SANTOSP,2025-03-30,117855,1,4,0,170.0
10109788SANTOSP_2025-03-30_G66,10109788SANTOSP,2025-03-30,110515,1,1,0,94.0
10109788SANTOSP_2025-03-30_G67,10109788SANTOSP,2025-03-30,111530,1,6,0,75.0
10109788SANTOSP_2025-03-30_G68,10109788SANTOSP,2025-03-30,111172,1,4,0,154.0
10109788SANTOSP_2025-03-30_G69,10109788SANTOSP,2025-03-30,117787,1,2,0,149.0
10109788SANTOSP_2025-03-30_G70,10109788SANTOSP,2025-03-30,117821,1,1,0,95.0
10109788SANTOSP_2025-03-30_G71,10109788SANTOSP,2025-03-30,117785,1,2,0,59.0
10109788SANTOSP_2025-03-30_G72,10109788SANTOSP,2025-03-30,118299,1,6,0,631.0
10109788SANTOSP_2025-03-30_G73,10109788SANTOSP,2025-03-30,109643,1,2,0,91.0
10109788SANTOSP_2025-03-30_G74,10109788SANTOSP,2025-03-30,110371,1,2,0,42.0
10109788SANTOSP_2025-03-30_G75,10109788SANTOSP,2025-03-30,117820,1,4,0,95.0
10109788SANTOSP_2025-03-30_G76,10109788SANTOSP,2025-03-30,110373,1,7,0,230.0
10109788SANTOSP_2025-03-30_G77,10109788SANTOSP,2025-03-30,110374,1,2,0,96.0
10109788SANTOSP_2025-03-30_G78,10109788SANTOSP,2025-03-30,117855,1,4,0,663.0
10109788SANTOSP_2025-03-30_G79,10109788SANTOSP,2025-03-30,111467,1,6,0,102.0
10109788SANTOSP_2025-03-30_G80,10109788SANTOSP,2025-03-30,110515,1,2,0,98.0
10109788SANTOSP_2025-03-30_G81,10109788SANTOSP,2025-03-30,109647,1,4,0,83.0
10109788SANTOSP_2025-03-30_G82,10109788SANTOSP,2025-03-30,109640,1,6,0,85.0
10109788SANTOSP_2025-03-30_G83,10109788SANTOSP,2025-03-30,140922,1,2,0,91.0
10109788SANTOSP_2025-03-30_G84,10109788SANTOSP,2025-03-30,118140,1,6,0,203.0
10109788SANTOSP_2025-03-30_G85,10109788SANTOSP,2025-03-30,109641,1,10,0,766.0
10109788SANTOSP_2025-03-30_G86,10109788SANTOSP,2025-03-30,111469,1,10,0,108.0
10109788SANTOSP_2025-03-30_G87,10109788SANTOSP,2025-03-30,117831,1,2,0,82.0
10109788SANTOSP_2025-03-30_G88,10109788SANTOSP,2025-03-30,117821,1,3,0,84.0
10109788SANTOSP_2025-03-30_G89,10109788SANTOSP,2025-03-30,117808,1,50,0,598.0
10109788SANTOSP_2025-03-30_G90,10109788SANTOSP,2025-03-30,118299,1,4,0,85.0
10109788SANTOSP_2025-03-30_G91,10109788SANTOSP,2025-03-30,110371,1,3,0,140.0
10109788SANTOSP_2025-03-30_G92,10109788SANTOSP,2025-03-30,117820,1,8,0,107.0
10109788SANTOSP_2025-03-30_G93,10109788SANTOSP,2025-03-30,107830,2,10,12,113.0
10109788SANTOSP_2025-03-31_G02,10109788SANTOSP,2025-03-31,141047,1,2,0,321.0
10109788SANTOSP_2025-03-31_G03,10109788SANTOSP,2025-03-31,111182,1,2,0,150.0
10109788SANTOSP_2025-03-31_G04,10109788SANTOSP,2025-03-31,111468,1,1,0,127.0
10109788SANTOSP_2025-03-31_G05,10109788SANTOSP,2025-03-31,105705,1,5,0,124.0
10109788SANTOSP_2025-03-31_G06,10109788SANTOSP,2025-03-31,111793,1,1,0,333.0
10109788SANTOSP_2025-03-31_G07,10109788SANTOSP,2025-03-31,111469,1,35,0,411.0
10109788SANTOSP_2025-03-31_G08,10109788SANTOSP,2025-03-31,111469,2,22,10,236.0
10109788SANTOSP_2025-03-31_G09,10109788SANTOSP,2025-03-31,111469,1,8,0,136.0
10109788SANTOSP_2025-03-31_G10,10109788SANTOSP,2025-03-31,160055,1,1,0,658.0
10109788SANTOSP_2025-03-31_G11,10109788SANTOSP,2025-03-31,110787,1,8,0,278.0
10109788SANTOSP_2025-03-31_G12,10109788SANTOSP,2025-03-31,111467,1,42,0,540.0
10109788SANTOSP_2025-03-31_G13,10109788SANTOSP,2025-03-31,110515,1,11,0,382.0
10109788SANTOSP_2025-03-31_G14,10109788SANTOSP,2025-03-31,111468,1,3,0,137.0
10109788SANTOSP_2025-03-31_G15,10109788SANTOSP,2025-03-31,109640,1,33,0,2068.0
10109788SANTOSP_2025-03-31_G16,10109788SANTOSP,2025-03-31,118253,1,4,0,219.0
10109788SANTOSP_2025-03-31_G17,10109788SANTOSP,2025-03-31,110841,1,4,0,829.0
10109788SANTOSP_2025-03-31_G18,10109788SANTOSP,2025-03-31,116527,1,2,0,212.0
10109788SANTOSP_2025-03-31_G19,10109788SANTOSP,2025-03-31,117786,1,20,0,491.0
10109788SANTOSP_2025-03-31_G20,10109788SANTOSP,2025-03-31,111530,1,50,0,672.0
10109788SANTOSP_2025-03-31_G21,10109788SANTOSP,2025-03-31,118298,1,4,0,220.0
10109788SANTOSP_2025-03-31_G22,10109788SANTOSP,2025-03-31,118094,1,30,0,796.0
10109788SANTOSP_2025-03-31_G23,10109788SANTOSP,2025-03-31,141047,1,8,0,179.0
10109788SANTOSP_2025-03-31_G24,10109788SANTOSP,2025-03-31,110733,1,5,0,128.0
10109788SANTOSP_2025-03-31_G25,10109788SANTOSP,2025-03-31,118403,1,6,0,90.0
10109788SANTOSP_2025-03-31_G26,10109788SANTOSP,2025-03-31,110752,2,14,10,518.0
10109788SANTOSP_2025-03-31_G27,10109788SANTOSP,2025-03-31,111182,1,5,0,180.0
10109788SANTOSP_2025-03-31_G28,10109788SANTOSP,2025-03-31,110752,1,14,0,219.0
10109788SANTOSP_2025-04-01_G02,10109788SANTOSP,2025-04-01,110750,1,69,0,496.0
10109788SANTOSP_2025-04-01_G03,10109788SANTOSP,2025-04-01,110313,1,154,0,2134.0
10109788SANTOSP_2025-04-01_G04,10109788SANTOSP,2025-04-01,111182,1,105,0,1412.0
10109788SANTOSP_2025-04-01_G05,10109788SANTOSP,2025-04-01,109641,1,74,0,536.0
10109788SANTOSP_2025-04-01_G06,10109788SANTOSP,2025-04-01,118330,1,19,0,245.0
10109788SANTOSP_2025-04-01_G07,10109788SANTOSP,2025-04-01,118222,1,40,0,472.0
10109788SANTOSP_2025-04-01_G08,10109788SANTOSP,2025-04-01,111433,1,43,0,1480.0
10109788SANTOSP_2025-04-01_G09,10109788SANTOSP,2025-04-01,111433,1,40,0,741.0
10109788SANTOSP_2025-04-01_G10,10109788SANTOSP,2025-04-01,111433,1,45,0,194.0
10109788SANTOSP_2025-04-01_G11,10109788SANTOSP,2025-04-01,109649,1,10,0,593.0
10109788SANTOSP_2025-04-03_G02,10109788SANTOSP,2025-04-03,140922,1,16,0,431.0
10109788SANTOSP_2025-04-03_G03,10109788SANTOSP,2025-04-03,111418,2,12,8,368.0
10109788SANTOSP_2025-04-03_G04,10109788SANTOSP,2025-04-03,117838,1,2,0,87.0
10109788SANTOSP_2025-04-03_G05,10109788SANTOSP,2025-04-03,117785,1,6,0,137.0
10109788SANTOSP_2025-04-03_G06,10109788SANTOSP,2025-04-03,117785,1,8,0,46.0
10109788SANTOSP_2025-04-03_G07,10109788SANTOSP,2025-04-03,160054,1,4,0,276.0
10109788SANTOSP_2025-04-03_G08,10109788SANTOSP,2025-04-03,110371,1,16,0,138.0
10109788SANTOSP_2025-04-03_G09,10109788SANTOSP,2025-04-03,117820,1,20,0,164.0
10109788SANTOSP_2025-04-03_G10,10109788SANTOSP,2025-04-03,160051,1,4,0,183.0
10109788SANTOSP_2025-04-03_G11,10109788SANTOSP,2025-04-03,110325,1,6,0,291.0
10109788SANTOSP_2025-04-03_G12,10109788SANTOSP,2025-04-03,108794,2,6,7,592.0
10109788SANTOSP_2025-04-03_G13,10109788SANTOSP,2025-04-03,108794,1,4,0,100.0
10109788SANTOSP_2025-04-03_G14,10109788SANTOSP,2025-04-03,110756,1,2,0,159.0
10109788SANTOSP_2025-04-05_G02,10109788SANTOSP,2025-04-05,117831,1,6,0,495.0
10109788SANTOSP_2025-04-05_G03,10109788SANTOSP,2025-04-05,111435,1,4,0,168.0
10109788SANTOSP_2025-04-05_G04,10109788SANTOSP,2025-04-05,118140,1,10,0,119.0
10109788SANTOSP_2025-04-05_G05,10109788SANTOSP,2025-04-05,111418,1,3,0,43.0
10109788SANTOSP_2025-04-05_G06,10109788SANTOSP,2025-04-05,140922,1,12,0,427.0
10109788SANTOSP_2025-04-05_G07,10109788SANTOSP,2025-04-05,111463,1,19,0,175.0
10109788SANTOSP_2025-04-05_G08,10109788SANTOSP,2025-04-05,117785,1,16,0,486.0
10109788SANTOSP_2025-04-05_G09,10109788SANTOSP,2025-04-05,108794,1,8,0,299.0
10109788SANTOSP_2025-04-05_G10,10109788SANTOSP,2025-04-05,111602,1,8,0,224.0
10109788SANTOSP_2025-04-05_G11,10109788SANTOSP,2025-04-05,117837,2,8,9,1304.0
10109788SANTOSP_2025-04-05_G12,10109788SANTOSP,2025-04-05,110376,1,2,0,165.0
10109788SANTOSP_2025-04-05_G13,10109788SANTOSP,2025-04-05,117809,1,6,0,98.0
10109788SANTOSP_2025-04-05_G14,10109788SANTOSP,2025-04-05,117809,2,6,6,49.0
10109788SANTOSP_2025-04-05_G15,10109788SANTOSP,2025-04-05,118299,1,30,0,74.0
10109788SANTOSP_2025-04-05_G16,10109788SANTOSP,2025-04-05,117830,1,6,0,406.0
10109788SANTOSP_2025-04-05_G17,10109788SANTOSP,2025-04-05,117820,1,12,0,315.0
10109788SANTOSP_2025-04-05_G18,10109788SANTOSP,2025-04-05,117808,1,119,0,681.0
10109788SANTOSP_2025-04-05_G19,10109788SANTOSP,2025-04-05,110372,1,30,0,453.0
10109788SANTOSP_2025-04-05_G20,10109788SANTOSP,2025-04-05,110373,1,30,0,137.0
10109788SANTOSP_2025-04-05_G21,10109788SANTOSP,2025-04-05,110374,1,10,0,395.0
10109788SANTOSP_2025-04-07_G02,10109788SANTOSP,2025-04-07,117861,1,16,0,276.0
10109788SANTOSP_2025-04-07_G03,10109788SANTOSP,2025-04-07,110515,1,470,0,306.0
10109788SANTOSP_2025-04-07_G04,10109788SANTOSP,2025-04-07,117832,1,10,0,1579.0
10109788SANTOSP_2025-04-07_G05,10109788SANTOSP,2025-04-07,110373,1,51,0,2678.0
10109788SANTOSP_2025-04-07_G06,10109788SANTOSP,2025-04-07,110375,1,4,0,327.0
10109788SANTOSP_2025-04-07_G07,10109788SANTOSP,2025-04-07,109747,1,14,0,135.0
10109788SANTOSP_2025-04-07_G08,10109788SANTOSP,2025-04-07,110374,1,50,0,840.0
10109788SANTOSP_2025-04-07_G09,10109788SANTOSP,2025-04-07,110371,1,60,0,916.0
10109788SANTOSP_2025-04-07_G11,10109788SANTOSP,2025-04-07,110682,1,8,0,283.0
10109788SANTOSP_2025-04-07_G12,10109788SANTOSP,2025-04-07,110423,1,4,0,348.0
10109788SANTOSP_2025-04-07_G13,10109788SANTOSP,2025-04-07,160057,1,2,0,465.0
10109788SANTOSP_2025-04-07_G14,10109788SANTOSP,2025-04-07,100334,1,2,0,116.0
10109788SANTOSP_2025-04-07_G15,10109788SANTOSP,2025-04-07,140911,1,1,0,147.0
10109788SANTOSP_2025-04-07_G16,10109788SANTOSP,2025-04-07,110755,1,2,0,1059.0
10109788SANTOSP_2025-04-07_G17,10109788SANTOSP,2025-04-07,110755,2,9,6,71.0
10109788SANTOSP_2025-04-07_G18,10109788SANTOSP,2025-04-07,111569,1,10,0,155.0
10109788SANTOSP_2025-04-07_G19,10109788SANTOSP,2025-04-07,110746,1,3,0,241.0
10109788SANTOSP_2025-04-07_G20,10109788SANTOSP,2025-04-07,110376,1,4,0,178.0
10109788SANTOSP_2025-04-07_G21,10109788SANTOSP,2025-04-07,117856,1,2,0,1599.0
10109788SANTOSP_2025-04-07_G22,10109788SANTOSP,2025-04-07,111467,1,10,0,137.0
10109788SANTOSP_2025-04-07_G23,10109788SANTOSP,2025-04-07,111462,1,6,0,479.0
10109788SANTOSP_2025-04-07_G24,10109788SANTOSP,2025-04-07,110740,2,11,13,142.0
10109788SANTOSP_2025-04-07_G25,10109788SANTOSP,2025-04-07,117831,1,8,0,236.0
10109788SANTOSP_2025-04-07_G26,10109788SANTOSP,2025-04-07,111435,2,6,8,188.0
10109788SANTOSP_2025-04-07_G27,10109788SANTOSP,2025-04-07,111418,2,18,9,1013.0
10109788SANTOSP_2025-04-07_G28,10109788SANTOSP,2025-04-07,111466,1,2,0,111.0
10109788SANTOSP_2025-04-07_G29,10109788SANTOSP,2025-04-07,108794,1,6,0,116.0
10109788SANTOSP_2025-04-07_G30,10109788SANTOSP,2025-04-07,120002,1,4,0,166.0
10109788SANTOSP_2025-04-07_G31,10109788SANTOSP,2025-04-07,160055,1,2,0,191.0
10109788SANTOSP_2025-04-07_G32,10109788SANTOSP,2025-04-07,110787,2,14,11,62.0
10109788SANTOSP_2025-04-07_G33,10109788SANTOSP,2025-04-07,111465,1,4,0,124.0
10109788SANTOSP_2025-04-08_G02,10109788SANTOSP,2025-04-08,111462,1,35,0,1554.0
10109788SANTOSP_2025-04-08_G03,10109788SANTOSP,2025-04-08,111463,1,60,0,644.0
10109788SANTOSP_2025-04-08_G04,10109788SANTOSP,2025-04-08,111466,1,15,0,229.0
10109788SANTOSP_2025-04-08_G05,10109788SANTOSP,2025-04-08,109641,1,6,0,118.0
10109788SANTOSP_2025-04-08_G06,10109788SANTOSP,2025-04-08,110325,1,4,0,397.0
10109788SANTOSP_2025-04-08_G07,10109788SANTOSP,2025-04-08,114091,1,2,0,202.0
10109788SANTOSP_2025-04-08_G08,10109788SANTOSP,2025-04-08,109643,1,8,0,63.0
10109788SANTOSP_2025-04-08_G09,10109788SANTOSP,2025-04-08,107830,1,32,0,212.0
10109788SANTOSP_2025-04-08_G10,10109788SANTOSP,2025-04-08,110371,1,12,0,120.0
10109788SANTOSP_2025-04-08_G11,10109788SANTOSP,2025-04-08,110374,1,11,0,148.0
10109788SANTOSP_2025-04-08_G12,10109788SANTOSP,2025-04-08,108711,1,4,0,1809.0
10109788SANTOSP_2025-04-08_G13,10109788SANTOSP,2025-04-08,105705,1,4,0,205.0
10109788SANTOSP_2025-04-08_G14,10109788SANTOSP,2025-04-08,111465,1,4,0,89.0
10109788SANTOSP_2025-04-08_G15,10109788SANTOSP,2025-04-08,110374,1,4,0,100.0
10109788SANTOSP_2025-04-08_G16,10109788SANTOSP,2025-04-08,118299,1,12,0,211.0
10109788SANTOSP_2025-04-08_G17,10109788SANTOSP,2025-04-08,110755,1,4,0,157.0
10109788SANTOSP_2025-04-08_G18,10109788SANTOSP,2025-04-08,110755,2,16,9,86.0
10109788SANTOSP_2025-04-08_G20,10109788SANTOSP,2025-04-08,111532,1,8,0,215.0
10109788SANTOSP_2025-04-08_G22,10109788SANTOSP,2025-04-08,109641,1,596,0,2477.0
10109788SANTOSP_2025-04-08_G23,10109788SANTOSP,2025-04-08,110373,1,20,0,1101.0
10109788SANTOSP_2025-04-08_G24,10109788SANTOSP,2025-04-08,109641,1,26,0,292.0
10109788SANTOSP_2025-04-08_G25,10109788SANTOSP,2025-04-08,111465,1,281,0,1710.0
10109788SANTOSP_2025-04-08_G26,10109788SANTOSP,2025-04-08,111469,1,96,0,1233.0
10109788SANTOSP_2025-04-08_G27,10109788SANTOSP,2025-04-08,109649,1,136,0,1236.0
10109788SANTOSP_2025-04-09_G02,10109788SANTOSP,2025-04-09,111879,1,4,0,252.0
10109788SANTOSP_2025-04-09_G03,10109788SANTOSP,2025-04-09,110714,1,4,0,78.0
10109788SANTOSP_2025-04-09_G04,10109788SANTOSP,2025-04-09,118004,1,10,0,449.0
10109788SANTOSP_2025-04-09_G05,10109788SANTOSP,2025-04-09,118418,1,4,0,586.0
10109788SANTOSP_2025-04-09_G06,10109788SANTOSP,2025-04-09,118417,1,1,0,112.0
10109788SANTOSP_2025-04-09_G07,10109788SANTOSP,2025-04-09,118418,1,2,0,395.0
10109788SANTOSP_2025-04-09_G08,10109788SANTOSP,2025-04-09,118416,1,1,0,170.0
10109788SANTOSP_2025-04-09_G09,10109788SANTOSP,2025-04-09,141313,1,4,0,168.0
10109788SANTOSP_2025-04-09_G10,10109788SANTOSP,2025-04-09,141313,1,4,0,71.0
10109788SANTOSP_2025-04-09_G11,10109788SANTOSP,2025-04-09,118418,1,4,0,364.0
10109788SANTOSP_2025-04-09_G12,10109788SANTOSP,2025-04-09,118417,1,2,0,155.0
10109788SANTOSP_2025-04-09_G13,10109788SANTOSP,2025-04-09,118416,1,3,0,171.0
10109788SANTOSP_2025-04-09_G14,10109788SANTOSP,2025-04-09,141313,1,6,0,221.0
10109788SANTOSP_2025-04-09_G15,10109788SANTOSP,2025-04-09,118004,1,8,0,745.0
10109788SANTOSP_2025-04-09_G17,10109788SANTOSP,2025-04-09,117786,1,12,0,213.0
10109788SANTOSP_2025-04-09_G18,10109788SANTOSP,2025-04-09,110515,1,14,0,267.0
10109788SANTOSP_2025-04-09_G19,10109788SANTOSP,2025-04-09,110711,1,12,0,140.0
10109788SANTOSP_2025-04-09_G20,10109788SANTOSP,2025-04-09,117788,1,12,0,568.0
10109788SANTOSP_2025-04-09_G21,10109788SANTOSP,2025-04-09,110515,1,16,0,1322.0
10109788SANTOSP_2025-04-09_G22,10109788SANTOSP,2025-04-09,117837,1,8,0,225.0
10109788SANTOSP_2025-04-09_G23,10109788SANTOSP,2025-04-09,111602,1,100,0,285.0
10109788SANTOSP_2025-04-09_G24,10109788SANTOSP,2025-04-09,118222,1,26,0,1615.0
10109788SANTOSP_2025-04-09_G25,10109788SANTOSP,2025-04-09,105359,1,4,0,161.0
10109788SANTOSP_2025-04-09_G26,10109788SANTOSP,2025-04-09,106865,1,2,0,124.0
10109788SANTOSP_2025-04-09_G27,10109788SANTOSP,2025-04-09,110313,1,70,0,880.0
10109788SANTOSP_2025-04-09_G28,10109788SANTOSP,2025-04-09,117855,1,50,0,1828.0
10109788SANTOSP_2025-04-09_G29,10109788SANTOSP,2025-04-09,105242,1,1,0,283.0
10109788SANTOSP_2025-04-09_G30,10109788SANTOSP,2025-04-09,109640,1,3,0,62.0
10109788SANTOSP_2025-04-11_G02,10109788SANTOSP,2025-04-11,110747,1,5,0,193.0
10109788SANTOSP_2025-04-11_G03,10109788SANTOSP,2025-04-11,110755,1,5,0,166.0
10109788SANTOSP_2025-04-11_G04,10109788SANTOSP,2025-04-11,100334,1,11,0,129.0
10109788SANTOSP_2025-04-11_G05,10109788SANTOSP,2025-04-11,110895,1,2,0,498.0
10109788SANTOSP_2025-04-11_G06,10109788SANTOSP,2025-04-11,111569,1,2,0,645.0
10109788SANTOSP_2025-04-11_G07,10109788SANTOSP,2025-04-11,111569,1,12,0,704.0
10109788SANTOSP_2025-04-11_G08,10109788SANTOSP,2025-04-11,117855,1,6,0,354.0
10109788SANTOSP_2025-04-11_G09,10109788SANTOSP,2025-04-11,111439,1,6,0,256.0
10109788SANTOSP_2025-04-11_G10,10109788SANTOSP,2025-04-11,110711,1,9,0,149.0
10109788SANTOSP_2025-04-11_G11,10109788SANTOSP,2025-04-11,110373,1,2,0,157.0
10109788SANTOSP_2025-04-11_G12,10109788SANTOSP,2025-04-11,110371,1,5,0,54.0
10109788SANTOSP_2025-04-11_G13,10109788SANTOSP,2025-04-11,160051,1,4,0,126.0
10109788SANTOSP_2025-04-11_G14,10109788SANTOSP,2025-04-11,111469,1,4,0,286.0
10109788SANTOSP_2025-04-11_G15,10109788SANTOSP,2025-04-11,111433,2,14,6,148.0
10109788SANTOSP_2025-04-11_G16,10109788SANTOSP,2025-04-11,111463,1,15,0,212.0
10109788SANTOSP_2025-04-11_G17,10109788SANTOSP,2025-04-11,109641,1,21,0,343.0
10109788SANTOSP_2025-04-11_G18,10109788SANTOSP,2025-04-11,105705,1,21,0,575.0
10109788SANTOSP_2025-04-11_G19,10109788SANTOSP,2025-04-11,111465,2,29,19,323.0
10109788SANTOSP_2025-04-11_G20,10109788SANTOSP,2025-04-11,111435,1,8,0,845.0
10109788SANTOSP_2025-04-11_G21,10109788SANTOSP,2025-04-11,105705,1,2,0,246.0
10109788SANTOSP_2025-04-11_G22,10109788SANTOSP,2025-04-11,111569,1,2,0,704.0
10109788SANTOSP_2025-04-11_G23,10109788SANTOSP,2025-04-11,116527,1,4,0,210.0
10109788SANTOSP_2025-04-11_G24,10109788SANTOSP,2025-04-11,118140,1,2,0,90.0
10109788SANTOSP_2025-04-11_G25,10109788SANTOSP,2025-04-11,111466,1,4,0,83.0
10109788SANTOSP_2025-04-11_G26,10109788SANTOSP,2025-04-11,111763,1,2,0,107.0
10109788SANTOSP_2025-04-11_G27,10109788SANTOSP,2025-04-11,117820,1,2,0,223.0
10109788SANTOSP_2025-04-11_G28,10109788SANTOSP,2025-04-11,110373,1,2,0,275.0
10109788SANTOSP_2025-04-11_G29,10109788SANTOSP,2025-04-11,116527,1,8,0,150.0
10109788SANTOSP_2025-04-11_G30,10109788SANTOSP,2025-04-11,110339,1,2,0,197.0
10109788SANTOSP_2025-04-11_G31,10109788SANTOSP,2025-04-11,111433,1,4,0,251.0
10109788SANTOSP_2025-04-11_G32,10109788SANTOSP,2025-04-11,110325,1,2,0,158.0
10109788SANTOSP_2025-04-11_G33,10109788SANTOSP,2025-04-11,110376,1,1,0,431.0
10109788SANTOSP_2025-04-11_G34,10109788SANTOSP,2025-04-11,110374,1,7,0,125.0
10109788SANTOSP_2025-04-11_G35,10109788SANTOSP,2025-04-11,110374,1,7,0,63.0
10109788SANTOSP_2025-04-11_G36,10109788SANTOSP,2025-04-11,"109643, 117809",2,3,26,165.0
10109788SANTOSP_2025-04-11_G37,10109788SANTOSP,2025-04-11,117808,2,9,7,71.0
10109788SANTOSP_2025-04-11_G38,10109788SANTOSP,2025-04-11,110372,1,24,0,120.0
10109788SANTOSP_2025-04-11_G39,10109788SANTOSP,2025-04-11,110372,1,26,0,36.0
10109788SANTOSP_2025-04-11_G40,10109788SANTOSP,2025-04-11,110373,1,11,0,783.0
10109788SANTOSP_2025-04-11_G41,10109788SANTOSP,2025-04-11,110373,1,6,0,45.0
10109788SANTOSP_2025-04-11_G42,10109788SANTOSP,2025-04-11,117820,2,11,7,183.0
10109788SANTOSP_2025-04-11_G43,10109788SANTOSP,2025-04-11,111465,1,3,0,1138.0
10109788SANTOSP_2025-04-11_G45,10109788SANTOSP,2025-04-11,110374,2,5,20,58.0
10109788SANTOSP_2025-04-11_G46,10109788SANTOSP,2025-04-11,117808,2,4,7,62.0
10109788SANTOSP_2025-04-11_G47,10109788SANTOSP,2025-04-11,110372,1,3,0,122.0
10109788SANTOSP_2025-04-11_G48,10109788SANTOSP,2025-04-11,110373,1,11,0,111.0
10109788SANTOSP_2025-04-11_G49,10109788SANTOSP,2025-04-11,109649,1,1,0,190.0
10109788SANTOSP_2025-04-11_G50,10109788SANTOSP,2025-04-11,111469,1,2,0,92.0
10109788SANTOSP_2025-04-11_G51,10109788SANTOSP,2025-04-11,"111433, 111418, 118004",3,7,50,83.0
10109788SANTOSP_2025-04-11_G52,10109788SANTOSP,2025-04-11,"140922, 111463",2,9,18,120.0
10109788SANTOSP_2025-04-11_G53,10109788SANTOSP,2025-04-11,105705,1,2,0,137.0
10109788SANTOSP_2025-04-11_G54,10109788SANTOSP,2025-04-11,110787,1,10,0,141.0
10109788SANTOSP_2025-04-11_G55,10109788SANTOSP,2025-04-11,117855,1,1,0,261.0
10109788SANTOSP_2025-04-11_G56,10109788SANTOSP,2025-04-11,110752,1,2,0,109.0
10109788SANTOSP_2025-04-11_G57,10109788SANTOSP,2025-04-11,110515,1,3,0,245.0
10109788SANTOSP_2025-04-11_G58,10109788SANTOSP,2025-04-11,111438,1,4,0,151.0
10109788SANTOSP_2025-04-11_G59,10109788SANTOSP,2025-04-11,100334,2,4,13,268.0
10109788SANTOSP_2025-04-11_G60,10109788SANTOSP,2025-04-11,117820,1,11,0,1114.0
10109788SANTOSP_2025-04-11_G61,10109788SANTOSP,2025-04-11,110374,1,21,0,292.0
10109788SANTOSP_2025-04-11_G62,10109788SANTOSP,2025-04-11,118299,1,18,0,246.0
10109788SANTOSP_2025-04-11_G63,10109788SANTOSP,2025-04-11,111435,1,2,0,304.0
10109788SANTOSP_2025-04-11_G64,10109788SANTOSP,2025-04-11,109643,1,2,0,577.0
10109788SANTOSP_2025-04-11_G65,10109788SANTOSP,2025-04-11,"110372, 117832",3,12,36,189.0
10109788SANTOSP_2025-04-11_G66,10109788SANTOSP,2025-04-11,110373,1,21,0,719.0
10109788SANTOSP_2025-04-11_G67,10109788SANTOSP,2025-04-11,111435,1,6,0,335.0
10109788SANTOSP_2025-04-11_G68,10109788SANTOSP,2025-04-11,118004,1,12,0,1165.0
10109788SANTOSP_2025-04-11_G69,10109788SANTOSP,2025-04-11,117862,1,4,0,242.0
10109788SANTOSP_2025-04-11_G70,10109788SANTOSP,2025-04-11,111467,1,2,0,198.0
10109788SANTOSP_2025-04-11_G71,10109788SANTOSP,2025-04-11,111876,1,4,0,175.0
10109788SANTOSP_2025-04-11_G72,10109788SANTOSP,2025-04-11,117820,1,3,0,139.0
10109788SANTOSP_2025-04-11_G73,10109788SANTOSP,2025-04-11,118299,1,5,0,134.0
10109788SANTOSP_2025-04-11_G74,10109788SANTOSP,2025-04-11,109643,1,6,0,175.0
10109788SANTOSP_2025-04-11_G75,10109788SANTOSP,2025-04-11,110371,1,6,0,170.0
10109788SANTOSP_2025-04-11_G76,10109788SANTOSP,2025-04-11,117808,1,30,0,1189.0
10109788SANTOSP_2025-04-11_G77,10109788SANTOSP,2025-04-11,110372,1,22,0,195.0
10109788SANTOSP_2025-04-11_G78,10109788SANTOSP,2025-04-11,110373,1,12,0,193.0
10109788SANTOSP_2025-04-12_G02,10109788SANTOSP,2025-04-12,110755,2,25,22,446.0
10109788SANTOSP_2025-04-12_G03,10109788SANTOSP,2025-04-12,111569,1,7,0,546.0
10109788SANTOSP_2025-04-12_G04,10109788SANTOSP,2025-04-12,140922,2,8,8,1711.0
10109788SANTOSP_2025-04-12_G05,10109788SANTOSP,2025-04-12,111466,1,1,0,153.0
10109788SANTOSP_2025-04-12_G06,10109788SANTOSP,2025-04-12,116241,1,4,0,75.0
10109788SANTOSP_2025-04-12_G07,10109788SANTOSP,2025-04-12,111532,1,6,0,92.0
10109788SANTOSP_2025-04-12_G08,10109788SANTOSP,2025-04-12,109645,1,2,0,55.0
10109788SANTOSP_2025-04-12_G09,10109788SANTOSP,2025-04-12,111442,1,4,0,103.0
10109788SANTOSP_2025-04-12_G10,10109788SANTOSP,2025-04-12,110787,2,31,18,114.0
10109788SANTOSP_2025-04-12_G11,10109788SANTOSP,2025-04-12,111465,1,6,0,251.0
10109788SANTOSP_2025-04-12_G14,10109788SANTOSP,2025-04-12,110579,1,1,0,866.0
10109788SANTOSP_2025-04-12_G15,10109788SANTOSP,2025-04-12,111447,1,4,0,198.0
10109788SANTOSP_2025-04-12_G16,10109788SANTOSP,2025-04-12,110313,1,6,0,2080.0
10109788SANTOSP_2025-04-12_G17,10109788SANTOSP,2025-04-12,110733,1,2,0,76.0
10109788SANTOSP_2025-04-12_G18,10109788SANTOSP,2025-04-12,107629,1,6,0,148.0
10109788SANTOSP_2025-04-14_G02,10109788SANTOSP,2025-04-14,117862,1,16,0,231.0
10109788SANTOSP_2025-04-14_G03,10109788SANTOSP,2025-04-14,111463,2,22,24,120.0
10109788SANTOSP_2025-04-14_G04,10109788SANTOSP,2025-04-14,117833,2,16,7,183.0
10109788SANTOSP_2025-04-14_G05,10109788SANTOSP,2025-04-14,118299,1,60,0,1323.0
10109788SANTOSP_2025-04-14_G06,10109788SANTOSP,2025-04-14,117785,2,16,7,702.0
10109788SANTOSP_2025-04-14_G08,10109788SANTOSP,2025-04-14,118140,1,10,0,575.0
10109788SANTOSP_2025-04-14_G09,10109788SANTOSP,2025-04-14,117808,1,200,0,2814.0
10109788SANTOSP_2025-04-14_G10,10109788SANTOSP,2025-04-14,110371,1,12,0,206.0
10109788SANTOSP_2025-04-15_G02,10109788SANTOSP,2025-04-15,110371,1,33,0,116.0
10109788SANTOSP_2025-04-15_G03,10109788SANTOSP,2025-04-15,110373,1,68,0,2734.0
10109788SANTOSP_2025-04-15_G06,10109788SANTOSP,2025-04-15,117821,1,100,0,589.0
10109788SANTOSP_2025-04-15_G07,10109788SANTOSP,2025-04-15,111172,1,80,0,751.0
10109788SANTOSP_2025-04-15_G08,10109788SANTOSP,2025-04-15,111465,1,200,0,626.0
10109788SANTOSP_2025-04-15_G09,10109788SANTOSP,2025-04-15,110375,1,130,0,462.0
10109792SOUZAL_2025-03-29_G02,10109792SOUZAL,2025-03-29,140922,1,4,0,1531.0
10109792SOUZAL_2025-03-29_G04,10109792SOUZAL,2025-03-29,141261,1,1400,0,792.0
10109792SOUZAL_2025-03-29_G05,10109792SOUZAL,2025-03-29,111530,1,33,0,243.0
10109792SOUZAL_2025-03-29_G06,10109792SOUZAL,2025-03-29,111736,1,162,0,802.0
10109792SOUZAL_2025-03-29_G07,10109792SOUZAL,2025-03-29,110374,1,19,0,62.0
10109792SOUZAL_2025-03-31_G03,10109792SOUZAL,2025-03-31,110372,1,50,0,1054.0
10109792SOUZAL_2025-03-31_G04,10109792SOUZAL,2025-03-31,110373,1,100,0,802.0
10109792SOUZAL_2025-04-02_G02,10109792SOUZAL,2025-04-02,110741,1,2,0,301.0
10109792SOUZAL_2025-04-02_G03,10109792SOUZAL,2025-04-02,111530,1,49,0,639.0
10109792SOUZAL_2025-04-02_G04,10109792SOUZAL,2025-04-02,108795,1,32,0,1724.0
10109792SOUZAL_2025-04-02_G05,10109792SOUZAL,2025-04-02,110374,1,16,0,247.0
10109792SOUZAL_2025-04-02_G06,10109792SOUZAL,2025-04-02,118140,1,600,0,2332.0
10109792SOUZAL_2025-04-02_G07,10109792SOUZAL,2025-04-02,117808,1,41,0,414.0
10109792SOUZAL_2025-04-03_G02,10109792SOUZAL,2025-04-03,111437,1,75,0,1255.0
10109792SOUZAL_2025-04-04_G02,10109792SOUZAL,2025-04-04,111463,1,51,0,1547.0
10109792SOUZAL_2025-04-04_G03,10109792SOUZAL,2025-04-04,109641,1,5,0,381.0
10109792SOUZAL_2025-04-04_G05,10109792SOUZAL,2025-04-04,110325,1,136,0,2071.0
10109792SOUZAL_2025-04-05_G02,10109792SOUZAL,2025-04-05,107236,1,4,0,278.0
10109792SOUZAL_2025-04-05_G03,10109792SOUZAL,2025-04-05,109643,1,8,0,402.0
10109792SOUZAL_2025-04-05_G04,10109792SOUZAL,2025-04-05,109643,1,4,0,81.0
10109792SOUZAL_2025-04-05_G05,10109792SOUZAL,2025-04-05,117835,1,20,0,2652.0
10109792SOUZAL_2025-04-05_G06,10109792SOUZAL,2025-04-05,111442,1,12,0,360.0
10109792SOUZAL_2025-04-05_G08,10109792SOUZAL,2025-04-05,109645,1,7,0,163.0
10109792SOUZAL_2025-04-05_G09,10109792SOUZAL,2025-04-05,108711,1,24,0,289.0
10109792SOUZAL_2025-04-05_G10,10109792SOUZAL,2025-04-05,110787,1,1,0,127.0
10109792SOUZAL_2025-04-05_G11,10109792SOUZAL,2025-04-05,110787,1,11,0,622.0
10109792SOUZAL_2025-04-05_G12,10109792SOUZAL,2025-04-05,117821,1,84,0,513.0
10109792SOUZAL_2025-04-05_G13,10109792SOUZAL,2025-04-05,117821,2,10,11,162.0
10109792SOUZAL_2025-04-05_G14,10109792SOUZAL,2025-04-05,109645,1,4,0,516.0
10109792SOUZAL_2025-04-05_G15,10109792SOUZAL,2025-04-05,109643,1,13,0,297.0
10109792SOUZAL_2025-04-05_G16,10109792SOUZAL,2025-04-05,110372,1,108,0,705.0
10109792SOUZAL_2025-04-05_G17,10109792SOUZAL,2025-04-05,110372,1,227,0,1280.0
10109792SOUZAL_2025-04-05_G18,10109792SOUZAL,2025-04-05,111462,1,15,0,479.0
10109792SOUZAL_2025-04-07_G02,10109792SOUZAL,2025-04-07,109641,1,20,0,1092.0
10109792SOUZAL_2025-04-07_G03,10109792SOUZAL,2025-04-07,160055,1,8,0,1138.0
10109792SOUZAL_2025-04-07_G04,10109792SOUZAL,2025-04-07,117821,1,40,0,515.0
10109792SOUZAL_2025-04-07_G05,10109792SOUZAL,2025-04-07,117785,1,10,0,2219.0
10109792SOUZAL_2025-04-07_G06,10109792SOUZAL,2025-04-07,111465,1,4,0,81.0
10109792SOUZAL_2025-04-07_G08,10109792SOUZAL,2025-04-07,110515,1,70,0,1194.0
10109792SOUZAL_2025-04-07_G09,10109792SOUZAL,2025-04-07,111468,1,399,0,2239.0
10109792SOUZAL_2025-04-07_G10,10109792SOUZAL,2025-04-07,111433,1,136,0,2934.0
10109792SOUZAL_2025-04-07_G11,10109792SOUZAL,2025-04-07,110373,1,600,0,1589.0
10109792SOUZAL_2025-04-08_G02,10109792SOUZAL,2025-04-08,118416,1,1,0,173.0
10109792SOUZAL_2025-04-08_G03,10109792SOUZAL,2025-04-08,118418,1,1,0,230.0
10109792SOUZAL_2025-04-08_G04,10109792SOUZAL,2025-04-08,107830,1,4,0,452.0
10109792SOUZAL_2025-04-08_G05,10109792SOUZAL,2025-04-08,110740,1,4,0,338.0
10109792SOUZAL_2025-04-08_G06,10109792SOUZAL,2025-04-08,111463,1,12,0,1364.0
10109792SOUZAL_2025-04-08_G07,10109792SOUZAL,2025-04-08,110755,1,16,0,612.0
10109792SOUZAL_2025-04-08_G08,10109792SOUZAL,2025-04-08,117809,1,4,0,771.0
10109792SOUZAL_2025-04-08_G09,10109792SOUZAL,2025-04-08,118299,1,12,0,194.0
10109792SOUZAL_2025-04-08_G10,10109792SOUZAL,2025-04-08,117820,1,2,0,135.0
10109792SOUZAL_2025-04-08_G11,10109792SOUZAL,2025-04-08,117808,1,4,0,183.0
10109792SOUZAL_2025-04-08_G12,10109792SOUZAL,2025-04-08,117831,1,10,0,331.0
10109792SOUZAL_2025-04-08_G13,10109792SOUZAL,2025-04-08,111462,1,6,0,359.0
10109792SOUZAL_2025-04-08_G14,10109792SOUZAL,2025-04-08,118004,1,16,0,304.0
10109792SOUZAL_2025-04-08_G15,10109792SOUZAL,2025-04-08,118004,2,7,9,79.0
10109792SOUZAL_2025-04-08_G16,10109792SOUZAL,2025-04-08,111463,1,4,0,146.0
10109792SOUZAL_2025-04-08_G17,10109792SOUZAL,2025-04-08,111466,1,10,0,196.0
10109792SOUZAL_2025-04-08_G18,10109792SOUZAL,2025-04-08,111532,1,8,0,193.0
10109792SOUZAL_2025-04-08_G19,10109792SOUZAL,2025-04-08,109641,1,4,0,451.0
10109792SOUZAL_2025-04-08_G20,10109792SOUZAL,2025-04-08,117855,1,4,0,301.0
10109792SOUZAL_2025-04-08_G21,10109792SOUZAL,2025-04-08,109640,1,7,0,224.0
10109792SOUZAL_2025-04-08_G23,10109792SOUZAL,2025-04-08,110313,1,15,0,1468.0
10109792SOUZAL_2025-04-08_G24,10109792SOUZAL,2025-04-08,111602,1,100,0,410.0
10109792SOUZAL_2025-04-08_G25,10109792SOUZAL,2025-04-08,117935,1,240,0,1806.0
10109792SOUZAL_2025-04-08_G26,10109792SOUZAL,2025-04-08,110746,1,13,0,1591.0
10109792SOUZAL_2025-04-08_G27,10109792SOUZAL,2025-04-08,110742,1,51,0,2068.0
10109792SOUZAL_2025-04-09_G02,10109792SOUZAL,2025-04-09,118191,1,268,0,1160.0
10109792SOUZAL_2025-04-10_G02,10109792SOUZAL,2025-04-10,111330,1,11,0,869.0
10109792SOUZAL_2025-04-10_G03,10109792SOUZAL,2025-04-10,116241,1,2,0,295.0
10109792SOUZAL_2025-04-10_G04,10109792SOUZAL,2025-04-10,141313,1,4,0,305.0
10109792SOUZAL_2025-04-10_G05,10109792SOUZAL,2025-04-10,105705,1,6,0,213.0
10109792SOUZAL_2025-04-10_G06,10109792SOUZAL,2025-04-10,118004,1,12,0,778.0
10109792SOUZAL_2025-04-10_G07,10109792SOUZAL,2025-04-10,118322,1,1,0,414.0
10109792SOUZAL_2025-04-10_G08,10109792SOUZAL,2025-04-10,111441,1,10,0,810.0
10109792SOUZAL_2025-04-10_G09,10109792SOUZAL,2025-04-10,118004,1,4,0,404.0
10109792SOUZAL_2025-04-10_G10,10109792SOUZAL,2025-04-10,116241,1,6,0,234.0
10109792SOUZAL_2025-04-10_G11,10109792SOUZAL,2025-04-10,141313,1,4,0,416.0
10109792SOUZAL_2025-04-10_G12,10109792SOUZAL,2025-04-10,141313,1,4,0,379.0
10109792SOUZAL_2025-04-10_G13,10109792SOUZAL,2025-04-10,141313,1,6,0,228.0
10109792SOUZAL_2025-04-10_G14,10109792SOUZAL,2025-04-10,110313,1,6,0,280.0
10109792SOUZAL_2025-04-10_G15,10109792SOUZAL,2025-04-10,111466,1,4,0,227.0
10109792SOUZAL_2025-04-10_G16,10109792SOUZAL,2025-04-10,110373,1,8,0,349.0
10109792SOUZAL_2025-04-10_G17,10109792SOUZAL,2025-04-10,117935,1,4,0,882.0
10109792SOUZAL_2025-04-10_G18,10109792SOUZAL,2025-04-10,110313,1,3,0,152.0
10109792SOUZAL_2025-04-10_G19,10109792SOUZAL,2025-04-10,110313,1,3,0,129.0
10109792SOUZAL_2025-04-10_G20,10109792SOUZAL,2025-04-10,111446,1,3,0,203.0
10109792SOUZAL_2025-04-10_G21,10109792SOUZAL,2025-04-10,118004,1,6,0,168.0
10109792SOUZAL_2025-04-10_G22,10109792SOUZAL,2025-04-10,141313,1,4,0,1208.0
10109792SOUZAL_2025-04-10_G23,10109792SOUZAL,2025-04-10,110515,1,9,0,277.0
10109792SOUZAL_2025-04-10_G24,10109792SOUZAL,2025-04-10,111462,1,6,0,503.0
10109792SOUZAL_2025-04-10_G25,10109792SOUZAL,2025-04-10,118004,1,4,0,133.0
10109792SOUZAL_2025-04-10_G26,10109792SOUZAL,2025-04-10,107830,1,8,0,151.0
10109792SOUZAL_2025-04-10_G28,10109792SOUZAL,2025-04-10,110756,1,2,0,121.0
10109792SOUZAL_2025-04-10_G29,10109792SOUZAL,2025-04-10,110733,1,4,0,38.0
10109792SOUZAL_2025-04-10_G30,10109792SOUZAL,2025-04-10,"107629, 117855, 117861",3,8,55,47.0
10109792SOUZAL_2025-04-10_G31,10109792SOUZAL,2025-04-10,117786,1,3,0,31.0
10109792SOUZAL_2025-04-10_G32,10109792SOUZAL,2025-04-10,141313,1,4,0,886.0
10109792SOUZAL_2025-04-10_G33,10109792SOUZAL,2025-04-10,117831,1,11,0,437.0
10109792SOUZAL_2025-04-10_G34,10109792SOUZAL,2025-04-10,110740,1,8,0,420.0
10109792SOUZAL_2025-04-10_G35,10109792SOUZAL,2025-04-10,111462,1,4,0,592.0
10109792SOUZAL_2025-04-10_G36,10109792SOUZAL,2025-04-10,118004,1,9,0,476.0
10109792SOUZAL_2025-04-10_G37,10109792SOUZAL,2025-04-10,111466,1,24,0,925.0
10109792SOUZAL_2025-04-10_G38,10109792SOUZAL,2025-04-10,111532,1,20,0,582.0
10109792SOUZAL_2025-04-10_G39,10109792SOUZAL,2025-04-10,110376,1,1,0,71.0
10109792SOUZAL_2025-04-10_G40,10109792SOUZAL,2025-04-10,"117809, 117808",2,13,27,32.0
10109792SOUZAL_2025-04-10_G41,10109792SOUZAL,2025-04-10,117832,1,3,0,54.0
10109792SOUZAL_2025-04-10_G42,10109792SOUZAL,2025-04-10,117833,1,2,0,151.0
10109792SOUZAL_2025-04-10_G43,10109792SOUZAL,2025-04-10,117785,1,6,0,182.0
10109792SOUZAL_2025-04-10_G44,10109792SOUZAL,2025-04-10,109645,1,2,0,77.0
10109792SOUZAL_2025-04-10_G45,10109792SOUZAL,2025-04-10,108794,1,9,0,256.0
10109792SOUZAL_2025-04-10_G46,10109792SOUZAL,2025-04-10,118317,1,4,0,176.0
10109792SOUZAL_2025-04-10_G47,10109792SOUZAL,2025-04-10,111465,1,4,0,232.0
10109792SOUZAL_2025-04-10_G48,10109792SOUZAL,2025-04-10,108361,1,4,0,377.0
10109792SOUZAL_2025-04-10_G49,10109792SOUZAL,2025-04-10,117831,1,1,0,145.0
10109792SOUZAL_2025-04-10_G50,10109792SOUZAL,2025-04-10,"111462, 118004",2,8,24,44.0
10109792SOUZAL_2025-04-10_G51,10109792SOUZAL,2025-04-10,111466,1,4,0,51.0
10109792SOUZAL_2025-04-10_G52,10109792SOUZAL,2025-04-10,111348,1,4,0,33.0
10109792SOUZAL_2025-04-10_G53,10109792SOUZAL,2025-04-10,109641,1,4,0,43.0
10109792SOUZAL_2025-04-10_G54,10109792SOUZAL,2025-04-10,105705,1,1,0,54.0
10109792SOUZAL_2025-04-10_G55,10109792SOUZAL,2025-04-10,110747,1,4,0,495.0
10109792SOUZAL_2025-04-10_G56,10109792SOUZAL,2025-04-10,110515,1,4,0,188.0
10109792SOUZAL_2025-04-10_G57,10109792SOUZAL,2025-04-10,110372,1,8,0,464.0
10109792SOUZAL_2025-04-10_G58,10109792SOUZAL,2025-04-10,109747,1,1,0,297.0
10109792SOUZAL_2025-04-10_G59,10109792SOUZAL,2025-04-10,141313,1,8,0,565.0
10109792SOUZAL_2025-04-10_G60,10109792SOUZAL,2025-04-10,141313,1,6,0,1001.0
10109792SOUZAL_2025-04-10_G61,10109792SOUZAL,2025-04-10,110756,1,12,0,741.0
10109792SOUZAL_2025-04-10_G62,10109792SOUZAL,2025-04-10,116241,1,4,0,178.0
10109792SOUZAL_2025-04-10_G63,10109792SOUZAL,2025-04-10,118004,1,30,0,395.0
10109792SOUZAL_2025-04-11_G02,10109792SOUZAL,2025-04-11,110755,1,2,0,116.0
10109792SOUZAL_2025-04-11_G03,10109792SOUZAL,2025-04-11,118306,1,6,0,237.0
10109792SOUZAL_2025-04-11_G04,10109792SOUZAL,2025-04-11,100334,1,3,0,300.0
10109792SOUZAL_2025-04-11_G05,10109792SOUZAL,2025-04-11,100334,1,5,0,156.0
10109792SOUZAL_2025-04-11_G06,10109792SOUZAL,2025-04-11,141047,1,12,0,377.0
10109792SOUZAL_2025-04-11_G07,10109792SOUZAL,2025-04-11,110313,1,10,0,735.0
10109792SOUZAL_2025-04-11_G08,10109792SOUZAL,2025-04-11,110740,1,10,0,246.0
10109792SOUZAL_2025-04-11_G09,10109792SOUZAL,2025-04-11,118140,1,2,0,81.0
10109792SOUZAL_2025-04-11_G10,10109792SOUZAL,2025-04-11,111532,1,80,0,489.0
10109792SOUZAL_2025-04-11_G11,10109792SOUZAL,2025-04-11,118317,1,45,0,1297.0
10109792SOUZAL_2025-04-11_G12,10109792SOUZAL,2025-04-11,110787,1,2,0,207.0
10109792SOUZAL_2025-04-11_G13,10109792SOUZAL,2025-04-11,111465,1,17,0,443.0
10109792SOUZAL_2025-04-11_G14,10109792SOUZAL,2025-04-11,111465,1,2,0,44.0
10109792SOUZAL_2025-04-11_G15,10109792SOUZAL,2025-04-11,110373,1,2,0,1726.0
10109792SOUZAL_2025-04-11_G16,10109792SOUZAL,2025-04-11,117820,1,3,0,127.0
10109792SOUZAL_2025-04-11_G17,10109792SOUZAL,2025-04-11,110755,1,2,0,385.0
10109792SOUZAL_2025-04-11_G18,10109792SOUZAL,2025-04-11,110339,1,2,0,245.0
10109792SOUZAL_2025-04-11_G19,10109792SOUZAL,2025-04-11,110515,1,8,0,211.0
10109792SOUZAL_2025-04-11_G20,10109792SOUZAL,2025-04-11,110740,1,8,0,241.0
10109792SOUZAL_2025-04-11_G21,10109792SOUZAL,2025-04-11,111418,1,16,0,276.0
10109792SOUZAL_2025-04-11_G22,10109792SOUZAL,2025-04-11,118004,1,3,0,87.0
10109792SOUZAL_2025-04-11_G23,10109792SOUZAL,2025-04-11,111532,1,4,0,121.0
10109792SOUZAL_2025-04-11_G24,10109792SOUZAL,2025-04-11,109641,1,14,0,198.0
10109792SOUZAL_2025-04-11_G25,10109792SOUZAL,2025-04-11,117785,1,2,0,263.0
10109792SOUZAL_2025-04-11_G26,10109792SOUZAL,2025-04-11,111465,2,5,18,116.0
10109792SOUZAL_2025-04-11_G27,10109792SOUZAL,2025-04-11,118299,1,2,0,169.0
10109792SOUZAL_2025-04-11_G28,10109792SOUZAL,2025-04-11,111438,1,4,0,162.0
10109792SOUZAL_2025-04-11_G29,10109792SOUZAL,2025-04-11,118306,1,2,0,142.0
10109792SOUZAL_2025-04-11_G30,10109792SOUZAL,2025-04-11,110313,1,4,0,174.0
10109792SOUZAL_2025-04-11_G31,10109792SOUZAL,2025-04-11,117855,1,1,0,75.0
10109792SOUZAL_2025-04-11_G32,10109792SOUZAL,2025-04-11,117786,1,4,0,99.0
10109792SOUZAL_2025-04-11_G33,10109792SOUZAL,2025-04-11,110373,1,2,0,124.0
10109792SOUZAL_2025-04-11_G34,10109792SOUZAL,2025-04-11,117820,1,2,0,252.0
10109792SOUZAL_2025-04-11_G35,10109792SOUZAL,2025-04-11,110372,1,4,0,116.0
10109792SOUZAL_2025-04-11_G36,10109792SOUZAL,2025-04-11,105705,1,10,0,565.0
10109792SOUZAL_2025-04-11_G38,10109792SOUZAL,2025-04-11,111463,1,20,0,253.0
10109792SOUZAL_2025-04-11_G39,10109792SOUZAL,2025-04-11,111466,1,4,0,70.0
10109792SOUZAL_2025-04-11_G40,10109792SOUZAL,2025-04-11,105705,1,6,0,247.0
10109792SOUZAL_2025-04-11_G41,10109792SOUZAL,2025-04-11,111466,1,4,0,306.0
10109792SOUZAL_2025-04-11_G42,10109792SOUZAL,2025-04-11,110755,1,10,0,828.0
10109792SOUZAL_2025-04-11_G43,10109792SOUZAL,2025-04-11,110755,1,20,0,202.0
10109792SOUZAL_2025-04-11_G44,10109792SOUZAL,2025-04-11,111569,1,12,0,725.0
10109792SOUZAL_2025-04-11_G45,10109792SOUZAL,2025-04-11,116527,2,7,11,149.0
10109792SOUZAL_2025-04-11_G46,10109792SOUZAL,2025-04-11,141047,2,8,9,723.0
10109792SOUZAL_2025-04-11_G47,10109792SOUZAL,2025-04-11,111602,1,8,0,392.0
10109792SOUZAL_2025-04-11_G48,10109792SOUZAL,2025-04-11,110515,1,10,0,316.0
10109792SOUZAL_2025-04-11_G49,10109792SOUZAL,2025-04-11,110339,1,2,0,704.0
10109792SOUZAL_2025-04-11_G50,10109792SOUZAL,2025-04-11,111418,1,24,0,935.0
10109792SOUZAL_2025-04-11_G51,10109792SOUZAL,2025-04-11,140922,2,8,11,77.0
10109792SOUZAL_2025-04-11_G52,10109792SOUZAL,2025-04-11,111466,1,7,0,302.0
10109792SOUZAL_2025-04-11_G53,10109792SOUZAL,2025-04-11,109641,1,2,0,142.0
10109792SOUZAL_2025-04-11_G54,10109792SOUZAL,2025-04-11,111465,1,4,0,161.0
10109792SOUZAL_2025-04-12_G02,10109792SOUZAL,2025-04-12,141313,1,8,0,278.0
10109792SOUZAL_2025-04-12_G03,10109792SOUZAL,2025-04-12,140911,1,8,0,165.0
10109792SOUZAL_2025-04-12_G04,10109792SOUZAL,2025-04-12,141313,1,5,0,276.0
10109792SOUZAL_2025-04-12_G05,10109792SOUZAL,2025-04-12,140911,1,8,0,229.0
10109792SOUZAL_2025-04-12_G06,10109792SOUZAL,2025-04-12,111532,1,8,0,371.0
10109792SOUZAL_2025-04-12_G07,10109792SOUZAL,2025-04-12,108794,1,8,0,191.0
10109792SOUZAL_2025-04-12_G08,10109792SOUZAL,2025-04-12,111463,1,8,0,167.0
10109792SOUZAL_2025-04-12_G09,10109792SOUZAL,2025-04-12,117855,1,14,0,504.0
10109792SOUZAL_2025-04-12_G10,10109792SOUZAL,2025-04-12,117786,1,5,0,187.0
10109792SOUZAL_2025-04-12_G11,10109792SOUZAL,2025-04-12,111439,1,4,0,108.0
10109792SOUZAL_2025-04-12_G12,10109792SOUZAL,2025-04-12,110711,1,2,0,107.0
10109792SOUZAL_2025-04-12_G14,10109792SOUZAL,2025-04-12,110752,1,3,0,312.0
10109792SOUZAL_2025-04-12_G15,10109792SOUZAL,2025-04-12,109645,1,4,0,137.0
10109792SOUZAL_2025-04-12_G16,10109792SOUZAL,2025-04-12,116241,1,4,0,176.0
10109792SOUZAL_2025-04-12_G17,10109792SOUZAL,2025-04-12,111465,1,2,0,175.0
10109792SOUZAL_2025-04-12_G18,10109792SOUZAL,2025-04-12,110515,1,5,0,1012.0
10109792SOUZAL_2025-04-12_G19,10109792SOUZAL,2025-04-12,117785,1,6,0,260.0
10109792SOUZAL_2025-04-12_G20,10109792SOUZAL,2025-04-12,110515,1,4,0,221.0
10109792SOUZAL_2025-04-12_G21,10109792SOUZAL,2025-04-12,141313,1,7,0,741.0
10109792SOUZAL_2025-04-12_G22,10109792SOUZAL,2025-04-12,"117821, 111348, 111532, 111172",4,12,80,1889.0
10109792SOUZAL_2025-04-12_G23,10109792SOUZAL,2025-04-12,"111438, 111569",2,12,26,71.0
10109792SOUZAL_2025-04-12_G24,10109792SOUZAL,2025-04-12,110339,1,4,0,118.0
10109792SOUZAL_2025-04-12_G25,10109792SOUZAL,2025-04-12,111467,1,5,0,59.0
10109792SOUZAL_2025-04-12_G26,10109792SOUZAL,2025-04-12,"111602, 110515",2,13,29,43.0
10109792SOUZAL_2025-04-12_G27,10109792SOUZAL,2025-04-12,110740,1,4,0,417.0
10109792SOUZAL_2025-04-12_G28,10109792SOUZAL,2025-04-12,117821,1,2,0,133.0
10109792SOUZAL_2025-04-12_G29,10109792SOUZAL,2025-04-12,111418,1,15,0,140.0
10109792SOUZAL_2025-04-12_G30,10109792SOUZAL,2025-04-12,118140,1,20,0,69.0
10109792SOUZAL_2025-04-12_G31,10109792SOUZAL,2025-04-12,109641,1,30,0,574.0
10109792SOUZAL_2025-04-12_G32,10109792SOUZAL,2025-04-12,111465,1,4,0,238.0
10109792SOUZAL_2025-04-12_G33,10109792SOUZAL,2025-04-12,111435,2,10,20,339.0
10109792SOUZAL_2025-04-12_G34,10109792SOUZAL,2025-04-12,"117808, 117809",2,14,25,66.0
10109792SOUZAL_2025-04-12_G35,10109792SOUZAL,2025-04-12,110371,1,8,0,328.0
10109792SOUZAL_2025-04-12_G36,10109792SOUZAL,2025-04-12,117830,1,4,0,102.0
10109792SOUZAL_2025-04-12_G37,10109792SOUZAL,2025-04-12,110373,2,22,7,467.0
10109792SOUZAL_2025-04-14_G02,10109792SOUZAL,2025-04-14,111468,1,6,0,108.0
10109792SOUZAL_2025-04-14_G03,10109792SOUZAL,2025-04-14,117833,1,2,0,125.0
10109792SOUZAL_2025-04-14_G04,10109792SOUZAL,2025-04-14,107830,1,7,0,377.0
10109792SOUZAL_2025-04-14_G05,10109792SOUZAL,2025-04-14,111330,1,12,0,484.0
10109792SOUZAL_2025-04-14_G06,10109792SOUZAL,2025-04-14,111330,1,3,0,46.0
10109792SOUZAL_2025-04-14_G07,10109792SOUZAL,2025-04-14,110742,1,10,0,1561.0
10109792SOUZAL_2025-04-14_G08,10109792SOUZAL,2025-04-14,110755,1,30,0,520.0
10109792SOUZAL_2025-04-14_G09,10109792SOUZAL,2025-04-14,118222,1,50,0,799.0
10109792SOUZAL_2025-04-14_G10,10109792SOUZAL,2025-04-14,118306,1,12,0,281.0
10109792SOUZAL_2025-04-14_G11,10109792SOUZAL,2025-04-14,111569,1,80,0,360.0
10109792SOUZAL_2025-04-15_G02,10109792SOUZAL,2025-04-15,108794,1,346,0,2012.0
10109792SOUZAL_2025-04-15_G04,10109792SOUZAL,2025-04-15,110787,1,250,0,929.0
10109792SOUZAL_2025-04-15_G05,10109792SOUZAL,2025-04-15,117840,1,120,0,431.0
10109792SOUZAL_2025-04-15_G06,10109792SOUZAL,2025-04-15,117840,1,80,0,634.0
10109792SOUZAL_2025-04-15_G08,10109792SOUZAL,2025-04-15,141047,1,80,0,1067.0
10109792SOUZAL_2025-04-15_G09,10109792SOUZAL,2025-04-15,117862,1,180,0,734.0
10109792SOUZAL_2025-04-15_G10,10109792SOUZAL,2025-04-15,117786,1,100,0,982.0
10109792SOUZAL_2025-04-15_G11,10109792SOUZAL,2025-04-15,110711,1,150,0,913.0
10109792SOUZAL_2025-04-16_G02,10109792SOUZAL,2025-04-16,118222,1,4,0,98.0
10109792SOUZAL_2025-04-16_G03,10109792SOUZAL,2025-04-16,111569,1,4,0,207.0
10109792SOUZAL_2025-04-16_G04,10109792SOUZAL,2025-04-16,117786,1,3,0,81.0
10109792SOUZAL_2025-04-16_G05,10109792SOUZAL,2025-04-16,110515,1,2,0,90.0
10109792SOUZAL_2025-04-16_G06,10109792SOUZAL,2025-04-16,110711,1,2,0,79.0
10109792SOUZAL_2025-04-16_G07,10109792SOUZAL,2025-04-16,111182,1,1,0,470.0
10109792SOUZAL_2025-04-16_G08,10109792SOUZAL,2025-04-16,108795,1,2,0,125.0
10109792SOUZAL_2025-04-16_G09,10109792SOUZAL,2025-04-16,111469,1,8,0,157.0
10109792SOUZAL_2025-04-16_G10,10109792SOUZAL,2025-04-16,111418,1,6,0,115.0
10109792SOUZAL_2025-04-16_G11,10109792SOUZAL,2025-04-16,111463,1,2,0,73.0
10109792SOUZAL_2025-04-16_G12,10109792SOUZAL,2025-04-16,"118140, 110787",2,8,9,138.0
10109792SOUZAL_2025-04-16_G13,10109792SOUZAL,2025-04-16,117808,1,4,0,175.0
10109792SOUZAL_2025-04-16_G14,10109792SOUZAL,2025-04-16,110371,1,10,0,834.0
10109792SOUZAL_2025-04-16_G15,10109792SOUZAL,2025-04-16,117832,1,1,0,120.0
10109792SOUZAL_2025-04-16_G16,10109792SOUZAL,2025-04-16,110372,1,9,0,232.0
10109792SOUZAL_2025-04-16_G17,10109792SOUZAL,2025-04-16,109643,1,6,0,65.0
10109792SOUZAL_2025-04-16_G18,10109792SOUZAL,2025-04-16,110373,1,10,0,90.0
10109792SOUZAL_2025-04-16_G20,10109792SOUZAL,2025-04-16,117786,1,4,0,309.0
10109792SOUZAL_2025-04-16_G21,10109792SOUZAL,2025-04-16,110515,1,3,0,98.0
10109792SOUZAL_2025-04-16_G22,10109792SOUZAL,2025-04-16,110711,1,1,0,50.0
10109792SOUZAL_2025-04-16_G23,10109792SOUZAL,2025-04-16,118004,1,2,0,93.0
10109792SOUZAL_2025-04-16_G24,10109792SOUZAL,2025-04-16,111463,1,3,0,85.0
10109792SOUZAL_2025-04-16_G25,10109792SOUZAL,2025-04-16,111466,1,2,0,79.0
10109792SOUZAL_2025-04-16_G26,10109792SOUZAL,2025-04-16,118140,1,4,0,124.0
10109792SOUZAL_2025-04-16_G27,10109792SOUZAL,2025-04-16,110740,1,4,0,97.0
10109792SOUZAL_2025-04-16_G28,10109792SOUZAL,2025-04-16,110325,1,2,0,123.0
10109792SOUZAL_2025-04-16_G29,10109792SOUZAL,2025-04-16,110374,1,2,0,64.0
10109792SOUZAL_2025-04-16_G30,10109792SOUZAL,2025-04-16,117808,1,1,0,170.0
10109792SOUZAL_2025-04-16_G31,10109792SOUZAL,2025-04-16,110372,1,1,0,130.0
10109792SOUZAL_2025-04-16_G32,10109792SOUZAL,2025-04-16,117831,1,3,0,462.0
10109792SOUZAL_2025-04-16_G33,10109792SOUZAL,2025-04-16,111469,1,9,0,357.0
10109792SOUZAL_2025-04-16_G34,10109792SOUZAL,2025-04-16,111418,1,10,0,137.0
10109792SOUZAL_2025-04-16_G35,10109792SOUZAL,2025-04-16,118004,1,3,0,58.0
10109792SOUZAL_2025-04-16_G36,10109792SOUZAL,2025-04-16,117785,1,4,0,254.0
10109792SOUZAL_2025-04-16_G37,10109792SOUZAL,2025-04-16,111462,1,5,0,95.0
10109792SOUZAL_2025-04-16_G38,10109792SOUZAL,2025-04-16,118140,1,5,0,131.0
10109792SOUZAL_2025-04-16_G39,10109792SOUZAL,2025-04-16,111465,1,3,0,89.0
10109792SOUZAL_2025-04-16_G40,10109792SOUZAL,2025-04-16,118004,1,1,0,374.0
10109792SOUZAL_2025-04-16_G41,10109792SOUZAL,2025-04-16,111466,1,4,0,84.0
10109792SOUZAL_2025-04-16_G42,10109792SOUZAL,2025-04-16,118140,1,1,0,104.0
10109792SOUZAL_2025-04-16_G43,10109792SOUZAL,2025-04-16,110325,1,1,0,113.0
10109792SOUZAL_2025-04-16_G44,10109792SOUZAL,2025-04-16,110373,1,4,0,129.0
10109792SOUZAL_2025-04-16_G45,10109792SOUZAL,2025-04-16,117862,1,3,0,260.0
10109792SOUZAL_2025-04-16_G46,10109792SOUZAL,2025-04-16,110325,1,1,0,76.0
10109792SOUZAL_2025-04-16_G47,10109792SOUZAL,2025-04-16,110374,1,3,0,60.0
10109792SOUZAL_2025-04-16_G48,10109792SOUZAL,2025-04-16,117808,1,23,0,388.0
10109792SOUZAL_2025-04-16_G49,10109792SOUZAL,2025-04-16,"107830, 110371",2,5,30,109.0
10109792SOUZAL_2025-04-16_G50,10109792SOUZAL,2025-04-16,110373,1,10,0,167.0
10109792SOUZAL_2025-04-16_G51,10109792SOUZAL,2025-04-16,111469,1,142,0,2680.0
10109792SOUZAL_2025-04-16_G52,10109792SOUZAL,2025-04-16,117821,1,50,0,560.0
10109792SOUZAL_2025-04-16_G53,10109792SOUZAL,2025-04-16,111418,1,100,0,643.0
10109792SOUZAL_2025-04-19_G02,10109792SOUZAL,2025-04-19,117808,1,7,0,225.0
10109792SOUZAL_2025-04-19_G03,10109792SOUZAL,2025-04-19,110372,1,8,0,150.0
10109792SOUZAL_2025-04-19_G04,10109792SOUZAL,2025-04-19,110371,1,2,0,59.0
10109792SOUZAL_2025-04-19_G05,10109792SOUZAL,2025-04-19,110373,1,6,0,108.0
10109792SOUZAL_2025-04-19_G06,10109792SOUZAL,2025-04-19,110746,1,4,0,571.0
10109792SOUZAL_2025-04-19_G07,10109792SOUZAL,2025-04-19,111602,1,2,0,310.0
10109792SOUZAL_2025-04-19_G08,10109792SOUZAL,2025-04-19,117855,1,5,0,198.0
10109792SOUZAL_2025-04-19_G09,10109792SOUZAL,2025-04-19,111469,1,2,0,130.0
10109792SOUZAL_2025-04-19_G10,10109792SOUZAL,2025-04-19,111418,1,13,0,167.0
10109792SOUZAL_2025-04-19_G11,10109792SOUZAL,2025-04-19,108794,1,7,0,278.0
10109792SOUZAL_2025-04-19_G12,10109792SOUZAL,2025-04-19,111532,1,4,0,128.0
10109792SOUZAL_2025-04-19_G13,10109792SOUZAL,2025-04-19,118140,1,3,0,128.0
10109792SOUZAL_2025-04-19_G14,10109792SOUZAL,2025-04-19,110374,1,6,0,182.0
10109792SOUZAL_2025-04-19_G15,10109792SOUZAL,2025-04-19,110372,1,2,0,139.0
10109792SOUZAL_2025-04-19_G16,10109792SOUZAL,2025-04-19,110371,1,3,0,71.0
10109792SOUZAL_2025-04-19_G17,10109792SOUZAL,2025-04-19,110373,1,3,0,91.0
10109792SOUZAL_2025-04-19_G18,10109792SOUZAL,2025-04-19,117808,1,13,0,787.0
10109792SOUZAL_2025-04-19_G19,10109792SOUZAL,2025-04-19,110374,1,1,0,127.0
10109792SOUZAL_2025-04-19_G21,10109792SOUZAL,2025-04-19,111530,1,2,0,245.0
10109792SOUZAL_2025-04-19_G22,10109792SOUZAL,2025-04-19,109640,1,4,0,193.0
10109792SOUZAL_2025-04-19_G23,10109792SOUZAL,2025-04-19,110373,1,10,0,222.0
10109792SOUZAL_2025-04-19_G24,10109792SOUZAL,2025-04-19,111438,1,1,0,176.0
10109792SOUZAL_2025-04-19_G25,10109792SOUZAL,2025-04-19,141047,1,4,0,151.0
10109792SOUZAL_2025-04-19_G26,10109792SOUZAL,2025-04-19,117862,1,2,0,156.0
10109792SOUZAL_2025-04-19_G27,10109792SOUZAL,2025-04-19,111466,1,1,0,182.0
10109792SOUZAL_2025-04-19_G28,10109792SOUZAL,2025-04-19,111462,1,5,0,108.0
10109792SOUZAL_2025-04-19_G29,10109792SOUZAL,2025-04-19,118140,1,2,0,88.0
10109792SOUZAL_2025-04-19_G30,10109792SOUZAL,2025-04-19,111465,1,1,0,55.0
10109792SOUZAL_2025-04-19_G31,10109792SOUZAL,2025-04-19,110374,1,3,0,750.0
10109792SOUZAL_2025-04-19_G32,10109792SOUZAL,2025-04-19,110372,1,6,0,213.0
10109792SOUZAL_2025-04-19_G33,10109792SOUZAL,2025-04-19,110373,1,6,0,116.0
10109792SOUZAL_2025-04-19_G34,10109792SOUZAL,2025-04-19,118140,1,4,0,179.0
10109792SOUZAL_2025-04-19_G35,10109792SOUZAL,2025-04-19,110895,1,4,0,1080.0
10109792SOUZAL_2025-04-19_G36,10109792SOUZAL,2025-04-19,110313,1,2,0,475.0
10109792SOUZAL_2025-04-19_G37,10109792SOUZAL,2025-04-19,110733,1,12,0,152.0
10109792SOUZAL_2025-04-19_G38,10109792SOUZAL,2025-04-19,110711,1,4,0,116.0
10109792SOUZAL_2025-04-19_G39,10109792SOUZAL,2025-04-19,110373,1,2,0,113.0
10109792SOUZAL_2025-04-19_G40,10109792SOUZAL,2025-04-19,110372,1,4,0,286.0
10109792SOUZAL_2025-04-19_G41,10109792SOUZAL,2025-04-19,108795,1,4,0,116.0
10109792SOUZAL_2025-04-19_G42,10109792SOUZAL,2025-04-19,111743,1,8,0,113.0
10109792SOUZAL_2025-04-19_G43,10109792SOUZAL,2025-04-19,140922,1,7,0,111.0
10109792SOUZAL_2025-04-19_G44,10109792SOUZAL,2025-04-19,118140,1,8,0,100.0
10109792SOUZAL_2025-04-19_G45,10109792SOUZAL,2025-04-19,111602,1,20,0,885.0
10109792SOUZAL_2025-04-19_G46,10109792SOUZAL,2025-04-19,111569,1,1,0,539.0
10109792SOUZAL_2025-04-19_G47,10109792SOUZAL,2025-04-19,111438,1,1,0,50.0
10109792SOUZAL_2025-04-19_G48,10109792SOUZAL,2025-04-19,111418,1,12,0,180.0
10109792SOUZAL_2025-04-19_G49,10109792SOUZAL,2025-04-19,111532,1,1,0,88.0
10109792SOUZAL_2025-04-19_G50,10109792SOUZAL,2025-04-19,118140,2,17,17,172.0
10109792SOUZAL_2025-04-19_G52,10109792SOUZAL,2025-04-19,110374,1,20,0,370.0
10109792SOUZAL_2025-04-19_G53,10109792SOUZAL,2025-04-19,117808,1,150,0,1582.0
10109792SOUZAL_2025-04-19_G54,10109792SOUZAL,2025-04-19,118299,1,8,0,238.0
10109792SOUZAL_2025-04-19_G55,10109792SOUZAL,2025-04-19,110372,1,1,0,98.0
10109792SOUZAL_2025-04-19_G56,10109792SOUZAL,2025-04-19,110373,1,3,0,244.0
10109792SOUZAL_2025-04-19_G57,10109792SOUZAL,2025-04-19,110373,1,50,0,233.0
10109792SOUZAL_2025-04-19_G58,10109792SOUZAL,2025-04-19,160051,1,4,0,1013.0
10109792SOUZAL_2025-04-19_G59,10109792SOUZAL,2025-04-19,117808,1,100,0,225.0
10109792SOUZAL_2025-04-19_G60,10109792SOUZAL,2025-04-19,111602,1,8,0,1417.0
10109792SOUZAL_2025-04-19_G61,10109792SOUZAL,2025-04-19,111602,1,6,0,134.0
10109792SOUZAL_2025-04-19_G62,10109792SOUZAL,2025-04-19,107629,1,8,0,155.0
10109792SOUZAL_2025-04-19_G63,10109792SOUZAL,2025-04-19,110313,1,10,0,168.0
10109792SOUZAL_2025-04-19_G64,10109792SOUZAL,2025-04-19,117855,1,10,0,508.0
10109792SOUZAL_2025-04-19_G65,10109792SOUZAL,2025-04-19,111467,1,20,0,286.0
10109792SOUZAL_2025-04-19_G66,10109792SOUZAL,2025-04-19,111439,1,6,0,108.0
10109792SOUZAL_2025-04-19_G67,10109792SOUZAL,2025-04-19,117856,1,8,0,122.0
10109792SOUZAL_2025-04-19_G68,10109792SOUZAL,2025-04-19,110515,1,30,0,498.0
10109792SOUZAL_2025-04-21_G02,10109792SOUZAL,2025-04-21,117785,1,50,0,546.0
10109792SOUZAL_2025-04-21_G03,10109792SOUZAL,2025-04-21,107830,1,2,0,102.0
10109792SOUZAL_2025-04-21_G04,10109792SOUZAL,2025-04-21,109747,1,29,0,952.0
10109792SOUZAL_2025-04-21_G05,10109792SOUZAL,2025-04-21,118299,1,426,0,1837.0
10109792SOUZAL_2025-04-21_G06,10109792SOUZAL,2025-04-21,111569,1,6,0,2746.0
10109792SOUZAL_2025-04-21_G07,10109792SOUZAL,2025-04-21,110747,1,8,0,144.0
10109792SOUZAL_2025-04-21_G08,10109792SOUZAL,2025-04-21,117834,1,1,0,83.0
10109792SOUZAL_2025-04-21_G09,10109792SOUZAL,2025-04-21,110742,1,4,0,84.0
10109792SOUZAL_2025-04-21_G10,10109792SOUZAL,2025-04-21,110755,1,12,0,122.0
10109792SOUZAL_2025-04-21_G11,10109792SOUZAL,2025-04-21,118222,1,7,0,226.0
10109792SOUZAL_2025-04-21_G12,10109792SOUZAL,2025-04-21,111438,1,10,0,842.0
10109792SOUZAL_2025-04-21_G13,10109792SOUZAL,2025-04-21,118306,1,8,0,186.0
10109792SOUZAL_2025-04-21_G14,10109792SOUZAL,2025-04-21,111441,1,4,0,135.0
10109792SOUZAL_2025-04-21_G15,10109792SOUZAL,2025-04-21,111441,2,17,7,92.0
10109792SOUZAL_2025-04-21_G16,10109792SOUZAL,2025-04-21,111430,1,4,0,1340.0
10109792SOUZAL_2025-04-21_G17,10109792SOUZAL,2025-04-21,109647,1,6,0,384.0
10109792SOUZAL_2025-04-21_G18,10109792SOUZAL,2025-04-21,141047,1,6,0,130.0
10109792SOUZAL_2025-04-21_G19,10109792SOUZAL,2025-04-21,107629,1,2,0,58.0
10109792SOUZAL_2025-04-21_G20,10109792SOUZAL,2025-04-21,"111876, 110339",2,3,30,81.0
10109792SOUZAL_2025-04-21_G21,10109792SOUZAL,2025-04-21,110313,1,6,0,103.0
10109792SOUZAL_2025-04-21_G22,10109792SOUZAL,2025-04-21,110733,1,5,0,97.0
10109792SOUZAL_2025-04-21_G23,10109792SOUZAL,2025-04-21,111602,1,16,0,171.0
10109792SOUZAL_2025-04-21_G24,10109792SOUZAL,2025-04-21,117855,1,10,0,180.0
10109792SOUZAL_2025-04-21_G26,10109792SOUZAL,2025-04-21,110515,2,21,26,282.0
10109792SOUZAL_2025-04-21_G27,10109792SOUZAL,2025-04-21,117837,2,4,10,73.0
10109792SOUZAL_2025-04-21_G28,10109792SOUZAL,2025-04-21,117854,1,4,0,126.0
10109792SOUZAL_2025-04-21_G29,10109792SOUZAL,2025-04-21,109640,1,5,0,102.0
10109792SOUZAL_2025-04-21_G30,10109792SOUZAL,2025-04-21,111469,1,40,0,929.0
10109792SOUZAL_2025-04-21_G31,10109792SOUZAL,2025-04-21,117821,1,9,0,180.0
10109792SOUZAL_2025-04-21_G32,10109792SOUZAL,2025-04-21,105705,1,1,0,117.0
10109792SOUZAL_2025-04-21_G33,10109792SOUZAL,2025-04-21,111418,1,50,0,665.0
10109792SOUZAL_2025-04-21_G34,10109792SOUZAL,2025-04-21,140922,1,10,0,222.0
10109792SOUZAL_2025-04-21_G35,10109792SOUZAL,2025-04-21,109641,1,7,0,368.0
10109792SOUZAL_2025-04-21_G36,10109792SOUZAL,2025-04-21,111172,1,4,0,105.0
10109792SOUZAL_2025-04-21_G37,10109792SOUZAL,2025-04-21,110740,1,10,0,513.0
10109792SOUZAL_2025-04-21_G38,10109792SOUZAL,2025-04-21,111442,1,4,0,560.0
10109792SOUZAL_2025-04-21_G39,10109792SOUZAL,2025-04-21,111743,1,6,0,351.0
10109792SOUZAL_2025-04-21_G40,10109792SOUZAL,2025-04-21,110743,1,2,0,861.0
10109792SOUZAL_2025-04-22_G02,10109792SOUZAL,2025-04-22,111418,1,24,0,168.0
10109792SOUZAL_2025-04-22_G03,10109792SOUZAL,2025-04-22,140922,1,25,0,312.0
10109792SOUZAL_2025-04-22_G04,10109792SOUZAL,2025-04-22,109641,1,4,0,78.0
10109792SOUZAL_2025-04-22_G05,10109792SOUZAL,2025-04-22,111466,1,20,0,615.0
10109792SOUZAL_2025-04-22_G06,10109792SOUZAL,2025-04-22,110745,1,11,0,214.0
10109792SOUZAL_2025-04-22_G07,10109792SOUZAL,2025-04-22,111330,1,8,0,216.0
10109792SOUZAL_2025-04-22_G08,10109792SOUZAL,2025-04-22,110740,1,24,0,646.0
10109792SOUZAL_2025-04-22_G09,10109792SOUZAL,2025-04-22,111465,1,4,0,409.0
10109792SOUZAL_2025-04-22_G10,10109792SOUZAL,2025-04-22,118285,1,2,0,776.0
10109792SOUZAL_2025-04-22_G11,10109792SOUZAL,2025-04-22,117831,1,4,0,398.0
10109792SOUZAL_2025-04-22_G12,10109792SOUZAL,2025-04-22,117821,1,12,0,146.0
10109792SOUZAL_2025-04-22_G13,10109792SOUZAL,2025-04-22,117835,1,2,0,665.0
10109792SOUZAL_2025-04-22_G14,10109792SOUZAL,2025-04-22,108772,1,6,0,565.0
10109792SOUZAL_2025-04-22_G15,10109792SOUZAL,2025-04-22,110711,1,9,0,118.0
10109792SOUZAL_2025-04-22_G16,10109792SOUZAL,2025-04-22,117788,1,8,0,157.0
10109792SOUZAL_2025-04-22_G17,10109792SOUZAL,2025-04-22,108772,1,4,0,70.0
10109792SOUZAL_2025-04-22_G18,10109792SOUZAL,2025-04-22,117787,1,12,0,211.0
10109792SOUZAL_2025-04-22_G19,10109792SOUZAL,2025-04-22,111330,1,4,0,414.0
10109792SOUZAL_2025-04-22_G20,10109792SOUZAL,2025-04-22,110371,1,40,0,622.0
10109792SOUZAL_2025-04-22_G21,10109792SOUZAL,2025-04-22,110339,1,12,0,400.0
10109792SOUZAL_2025-04-22_G22,10109792SOUZAL,2025-04-22,111532,1,16,0,555.0
10109792SOUZAL_2025-04-22_G23,10109792SOUZAL,2025-04-22,111530,1,8,0,466.0
10109792SOUZAL_2025-04-22_G24,10109792SOUZAL,2025-04-22,120002,2,7,26,273.0
10109792SOUZAL_2025-04-22_G25,10109792SOUZAL,2025-04-22,111468,1,2,0,240.0
10109792SOUZAL_2025-04-22_G26,10109792SOUZAL,2025-04-22,110313,1,8,0,275.0
10109792SOUZAL_2025-04-22_G27,10109792SOUZAL,2025-04-22,111530,1,5,0,203.0
10109792SOUZAL_2025-04-22_G28,10109792SOUZAL,2025-04-22,111530,1,8,0,168.0
10109792SOUZAL_2025-04-22_G29,10109792SOUZAL,2025-04-22,111530,1,12,0,76.0
10109792SOUZAL_2025-04-22_G30,10109792SOUZAL,2025-04-22,108772,1,2,0,243.0
10109792SOUZAL_2025-04-22_G31,10109792SOUZAL,2025-04-22,111530,1,4,0,180.0
10109792SOUZAL_2025-04-22_G33,10109792SOUZAL,2025-04-22,109640,2,10,12,531.0
10109792SOUZAL_2025-04-22_G34,10109792SOUZAL,2025-04-22,109640,1,12,0,70.0
10109792SOUZAL_2025-04-22_G35,10109792SOUZAL,2025-04-22,111430,2,8,14,1411.0
10109792SOUZAL_2025-04-22_G36,10109792SOUZAL,2025-04-22,111463,1,30,0,1252.0
10109792SOUZAL_2025-04-22_G37,10109792SOUZAL,2025-04-22,117785,1,20,0,320.0
10109792SOUZAL_2025-04-22_G38,10109792SOUZAL,2025-04-22,110325,1,2,0,164.0
10109792SOUZAL_2025-04-22_G39,10109792SOUZAL,2025-04-22,117808,1,16,0,191.0
10109792SOUZAL_2025-04-22_G40,10109792SOUZAL,2025-04-22,117809,1,6,0,202.0
10109792SOUZAL_2025-04-22_G41,10109792SOUZAL,2025-04-22,117830,1,18,0,305.0
10109792SOUZAL_2025-04-22_G42,10109792SOUZAL,2025-04-22,110375,1,1,0,102.0
10109792SOUZAL_2025-04-22_G43,10109792SOUZAL,2025-04-22,"111430, 110582",2,44,23,2960.0
10109792SOUZAL_2025-04-22_G44,10109792SOUZAL,2025-04-22,117834,1,4,0,46.0
10109792SOUZAL_2025-04-22_G45,10109792SOUZAL,2025-04-22,"110755, 110841, 118418",3,29,57,47.0
10109792SOUZAL_2025-04-22_G46,10109792SOUZAL,2025-04-22,117789,1,1,0,33.0
10109792SOUZAL_2025-04-22_G47,10109792SOUZAL,2025-04-22,117835,1,4,0,36.0
10109792SOUZAL_2025-04-22_G48,10109792SOUZAL,2025-04-22,109647,2,14,11,271.0
10109792SOUZAL_2025-04-22_G49,10109792SOUZAL,2025-04-22,111879,1,12,0,309.0
10109792SOUZAL_2025-04-22_G50,10109792SOUZAL,2025-04-22,117837,1,10,0,182.0
10109792SOUZAL_2025-04-22_G51,10109792SOUZAL,2025-04-22,108772,1,17,0,200.0
10109792SOUZAL_2025-04-22_G52,10109792SOUZAL,2025-04-22,108772,1,23,0,570.0
10109792SOUZAL_2025-04-22_G53,10109792SOUZAL,2025-04-22,117788,1,13,0,418.0
10109792SOUZAL_2025-04-23_G02,10109792SOUZAL,2025-04-23,117820,1,6,0,877.0
10109792SOUZAL_2025-04-23_G03,10109792SOUZAL,2025-04-23,110372,1,17,0,255.0
10109792SOUZAL_2025-04-23_G04,10109792SOUZAL,2025-04-23,117808,1,10,0,161.0
10109792SOUZAL_2025-04-23_G05,10109792SOUZAL,2025-04-23,110373,1,6,0,99.0
10109792SOUZAL_2025-04-23_G06,10109792SOUZAL,2025-04-23,111418,1,5,0,191.0
10109792SOUZAL_2025-04-23_G07,10109792SOUZAL,2025-04-23,118004,1,4,0,85.0
10109792SOUZAL_2025-04-23_G08,10109792SOUZAL,2025-04-23,111463,1,5,0,95.0
10109792SOUZAL_2025-04-23_G09,10109792SOUZAL,2025-04-23,118140,1,1,0,146.0
10109792SOUZAL_2025-04-23_G10,10109792SOUZAL,2025-04-23,110787,1,5,0,171.0
10109792SOUZAL_2025-04-23_G11,10109792SOUZAL,2025-04-23,110743,1,2,0,2578.0
10109792SOUZAL_2025-04-23_G12,10109792SOUZAL,2025-04-23,111469,1,8,0,129.0
10109792SOUZAL_2025-04-23_G13,10109792SOUZAL,2025-04-23,117821,1,2,0,95.0
10109792SOUZAL_2025-04-23_G14,10109792SOUZAL,2025-04-23,111463,1,1,0,110.0
10109792SOUZAL_2025-04-23_G15,10109792SOUZAL,2025-04-23,109641,1,2,0,111.0
10109792SOUZAL_2025-04-23_G16,10109792SOUZAL,2025-04-23,117838,1,2,0,143.0
10109792SOUZAL_2025-04-23_G17,10109792SOUZAL,2025-04-23,118140,1,2,0,98.0
10109792SOUZAL_2025-04-23_G19,10109792SOUZAL,2025-04-23,111430,1,8,0,139.0
10109792SOUZAL_2025-04-23_G20,10109792SOUZAL,2025-04-23,110080,1,1,0,100.0
10109792SOUZAL_2025-04-23_G21,10109792SOUZAL,2025-04-23,118280,1,28,0,729.0
10109792SOUZAL_2025-04-23_G22,10109792SOUZAL,2025-04-23,118283,1,12,0,682.0
10109792SOUZAL_2025-04-23_G23,10109792SOUZAL,2025-04-23,118290,1,1,0,144.0
10109792SOUZAL_2025-04-23_G24,10109792SOUZAL,2025-04-23,118306,1,20,0,400.0
10109792SOUZAL_2025-04-23_G25,10109792SOUZAL,2025-04-23,117835,1,8,0,810.0
10109792SOUZAL_2025-04-23_G26,10109792SOUZAL,2025-04-23,110064,1,2,0,177.0
10109792SOUZAL_2025-04-23_G27,10109792SOUZAL,2025-04-23,109937,1,4,0,112.0
10109792SOUZAL_2025-04-23_G28,10109792SOUZAL,2025-04-23,140911,1,10,0,524.0
10109792SOUZAL_2025-04-23_G29,10109792SOUZAL,2025-04-23,111705,1,4,0,266.0
10109792SOUZAL_2025-04-23_G30,10109792SOUZAL,2025-04-23,111569,1,27,0,544.0
10109792SOUZAL_2025-04-23_G31,10109792SOUZAL,2025-04-23,110747,1,20,0,1276.0
10109792SOUZAL_2025-04-23_G32,10109792SOUZAL,2025-04-23,117834,1,22,0,458.0
10109792SOUZAL_2025-04-23_G33,10109792SOUZAL,2025-04-23,117835,1,44,0,387.0
10109792SOUZAL_2025-04-24_G02,10109792SOUZAL,2025-04-24,160052,1,2,0,235.0
10109792SOUZAL_2025-04-24_G03,10109792SOUZAL,2025-04-24,110515,1,200,0,1547.0
10109792SOUZAL_2025-04-24_G04,10109792SOUZAL,2025-04-24,111602,1,237,0,1618.0
10109792SOUZAL_2025-04-24_G05,10109792SOUZAL,2025-04-24,109640,1,38,0,589.0
10109792SOUZAL_2025-04-24_G06,10109792SOUZAL,2025-04-24,117935,1,80,0,270.0
10109792SOUZAL_2025-04-24_G07,10109792SOUZAL,2025-04-24,140922,1,150,0,744.0
10109792SOUZAL_2025-04-24_G08,10109792SOUZAL,2025-04-24,118140,1,190,0,511.0
10109792SOUZAL_2025-04-25_G02,10109792SOUZAL,2025-04-25,111602,1,40,0,465.0
10109792SOUZAL_2025-04-25_G03,10109792SOUZAL,2025-04-25,110747,1,2,0,1231.0
10109792SOUZAL_2025-04-25_G04,10109792SOUZAL,2025-04-25,111438,1,4,0,95.0
10109792SOUZAL_2025-04-25_G05,10109792SOUZAL,2025-04-25,118094,1,3,0,141.0
10109792SOUZAL_2025-04-25_G06,10109792SOUZAL,2025-04-25,107629,1,4,0,66.0
10109792SOUZAL_2025-04-25_G07,10109792SOUZAL,2025-04-25,111876,1,4,0,56.0
10109792SOUZAL_2025-04-25_G08,10109792SOUZAL,2025-04-25,110733,1,5,0,102.0
10109792SOUZAL_2025-04-25_G09,10109792SOUZAL,2025-04-25,117831,1,4,0,92.0
10109792SOUZAL_2025-04-25_G10,10109792SOUZAL,2025-04-25,111463,1,2,0,52.0
10109792SOUZAL_2025-04-25_G11,10109792SOUZAL,2025-04-25,111469,1,8,0,80.0
10109792SOUZAL_2025-04-25_G12,10109792SOUZAL,2025-04-25,111418,1,6,0,137.0
10109792SOUZAL_2025-04-25_G13,10109792SOUZAL,2025-04-25,111444,1,2,0,55.0
10109792SOUZAL_2025-04-25_G14,10109792SOUZAL,2025-04-25,110740,1,2,0,70.0
10109792SOUZAL_2025-04-25_G15,10109792SOUZAL,2025-04-25,117820,1,2,0,105.0
10109792SOUZAL_2025-04-25_G16,10109792SOUZAL,2025-04-25,118299,1,2,0,56.0
10109792SOUZAL_2025-04-25_G17,10109792SOUZAL,2025-04-25,110372,1,4,0,108.0
10109792SOUZAL_2025-04-25_G18,10109792SOUZAL,2025-04-25,109640,1,2,0,299.0
10109792SOUZAL_2025-04-25_G19,10109792SOUZAL,2025-04-25,110740,1,4,0,148.0
10109792SOUZAL_2025-04-25_G20,10109792SOUZAL,2025-04-25,109643,1,8,0,99.0
10109792SOUZAL_2025-04-26_G02,10109792SOUZAL,2025-04-26,111435,1,5,0,133.0
10109792SOUZAL_2025-04-26_G03,10109792SOUZAL,2025-04-26,111469,1,10,0,328.0
10109792SOUZAL_2025-04-26_G04,10109792SOUZAL,2025-04-26,117787,1,3,0,234.0
10109792SOUZAL_2025-04-26_G05,10109792SOUZAL,2025-04-26,140922,1,10,0,195.0
10109792SOUZAL_2025-04-26_G06,10109792SOUZAL,2025-04-26,111466,1,10,0,97.0
10109792SOUZAL_2025-04-26_G07,10109792SOUZAL,2025-04-26,141048,1,8,0,112.0
10109792SOUZAL_2025-04-26_G08,10109792SOUZAL,2025-04-26,111444,1,23,0,437.0
10109792SOUZAL_2025-04-26_G09,10109792SOUZAL,2025-04-26,108794,1,10,0,108.0
10109792SOUZAL_2025-04-26_G10,10109792SOUZAL,2025-04-26,111462,1,10,0,157.0
10109792SOUZAL_2025-04-26_G11,10109792SOUZAL,2025-04-26,110748,1,4,0,156.0
10109792SOUZAL_2025-04-26_G12,10109792SOUZAL,2025-04-26,118140,1,10,0,232.0
10109792SOUZAL_2025-04-26_G13,10109792SOUZAL,2025-04-26,118317,1,10,0,154.0
10109792SOUZAL_2025-04-26_G14,10109792SOUZAL,2025-04-26,110787,1,5,0,366.0
10109792SOUZAL_2025-04-26_G15,10109792SOUZAL,2025-04-26,111465,1,10,0,150.0
10109792SOUZAL_2025-04-26_G16,10109792SOUZAL,2025-04-26,110129,1,5,0,336.0
10109792SOUZAL_2025-04-26_G17,10109792SOUZAL,2025-04-26,111418,1,40,0,471.0
10109792SOUZAL_2025-04-28_G03,10109792SOUZAL,2025-04-28,110339,1,7,0,621.0
10109792SOUZAL_2025-04-28_G04,10109792SOUZAL,2025-04-28,111530,1,4,0,89.0
10109792SOUZAL_2025-04-28_G05,10109792SOUZAL,2025-04-28,109640,1,3,0,155.0
10109792SOUZAL_2025-04-28_G06,10109792SOUZAL,2025-04-28,118094,1,2,0,83.0
10109792SOUZAL_2025-04-28_G07,10109792SOUZAL,2025-04-28,109641,1,3,0,148.0
10109792SOUZAL_2025-04-28_G08,10109792SOUZAL,2025-04-28,111444,1,2,0,84.0
10109792SOUZAL_2025-04-28_G09,10109792SOUZAL,2025-04-28,109643,1,4,0,96.0
10109792SOUZAL_2025-04-28_G10,10109792SOUZAL,2025-04-28,110325,1,2,0,897.0
10109792SOUZAL_2025-04-28_G11,10109792SOUZAL,2025-04-28,140911,1,4,0,155.0
10109792SOUZAL_2025-04-28_G12,10109792SOUZAL,2025-04-28,111469,1,4,0,203.0
10109792SOUZAL_2025-04-28_G13,10109792SOUZAL,2025-04-28,111418,1,4,0,136.0
10109792SOUZAL_2025-04-28_G14,10109792SOUZAL,2025-04-28,110373,1,4,0,172.0
10109792SOUZAL_2025-04-28_G15,10109792SOUZAL,2025-04-28,111759,1,4,0,870.0
10109792SOUZAL_2025-04-28_G16,10109792SOUZAL,2025-04-28,118191,1,12,0,684.0
10109792SOUZAL_2025-04-28_G17,10109792SOUZAL,2025-04-28,111751,1,6,0,145.0
10109792SOUZAL_2025-04-28_G18,10109792SOUZAL,2025-04-28,111740,1,8,0,209.0
10109792SOUZAL_2025-04-28_G19,10109792SOUZAL,2025-04-28,141262,1,8,0,333.0
10109792SOUZAL_2025-04-28_G20,10109792SOUZAL,2025-04-28,111634,1,10,0,434.0
10109792SOUZAL_2025-04-28_G21,10109792SOUZAL,2025-04-28,141261,1,12,0,275.0
10109792SOUZAL_2025-04-28_G23,10109792SOUZAL,2025-04-28,110742,1,4,0,119.0
10109792SOUZAL_2025-04-28_G24,10109792SOUZAL,2025-04-28,118222,1,4,0,187.0
10109792SOUZAL_2025-04-28_G25,10109792SOUZAL,2025-04-28,141047,1,5,0,319.0
10109792SOUZAL_2025-04-28_G26,10109792SOUZAL,2025-04-28,117935,1,5,0,123.0
10109792SOUZAL_2025-04-28_G27,10109792SOUZAL,2025-04-28,117855,1,4,0,140.0
10109792SOUZAL_2025-04-28_G28,10109792SOUZAL,2025-04-28,111435,1,3,0,158.0
10109792SOUZAL_2025-04-28_G29,10109792SOUZAL,2025-04-28,"111469, 117821",2,12,26,369.0
10109792SOUZAL_2025-04-28_G30,10109792SOUZAL,2025-04-28,105705,1,4,0,151.0
10109792SOUZAL_2025-04-28_G31,10109792SOUZAL,2025-04-28,140922,1,5,0,95.0
10109792SOUZAL_2025-04-28_G32,10109792SOUZAL,2025-04-28,111462,1,4,0,193.0
10109792SOUZAL_2025-04-28_G33,10109792SOUZAL,2025-04-28,109645,1,10,0,159.0
10109792SOUZAL_2025-04-28_G34,10109792SOUZAL,2025-04-28,111348,1,6,0,77.0
10109792SOUZAL_2025-04-28_G35,10109792SOUZAL,2025-04-28,109643,1,4,0,169.0
10109792SOUZAL_2025-04-28_G36,10109792SOUZAL,2025-04-28,110374,1,4,0,162.0
10109792SOUZAL_2025-04-28_G37,10109792SOUZAL,2025-04-28,118299,1,8,0,135.0
10109792SOUZAL_2025-04-28_G38,10109792SOUZAL,2025-04-28,110372,1,8,0,135.0
10109792SOUZAL_2025-04-28_G39,10109792SOUZAL,2025-04-28,110373,1,20,0,317.0
10109792SOUZAL_2025-04-28_G40,10109792SOUZAL,2025-04-28,117808,1,22,0,153.0
10109792SOUZAL_2025-04-28_G41,10109792SOUZAL,2025-04-28,109641,1,4,0,902.0
10109792SOUZAL_2025-04-28_G42,10109792SOUZAL,2025-04-28,117820,1,8,0,143.0
10109792SOUZAL_2025-04-28_G43,10109792SOUZAL,2025-04-28,117808,1,4,0,166.0
10109792SOUZAL_2025-04-28_G44,10109792SOUZAL,2025-04-28,117834,1,4,0,1328.0
10109792SOUZAL_2025-04-28_G45,10109792SOUZAL,2025-04-28,111430,1,4,0,89.0
10109792SOUZAL_2025-04-28_G46,10109792SOUZAL,2025-04-28,111569,1,4,0,133.0
10109792SOUZAL_2025-04-28_G47,10109792SOUZAL,2025-04-28,110747,1,6,0,118.0
10109792SOUZAL_2025-04-28_G48,10109792SOUZAL,2025-04-28,117835,1,2,0,76.0
10109792SOUZAL_2025-04-28_G49,10109792SOUZAL,2025-04-28,117855,1,8,0,412.0
10109792SOUZAL_2025-04-28_G50,10109792SOUZAL,2025-04-28,109640,1,6,0,182.0
10109792SOUZAL_2025-04-28_G51,10109792SOUZAL,2025-04-28,117831,1,4,0,211.0
10109792SOUZAL_2025-04-28_G52,10109792SOUZAL,2025-04-28,111463,1,12,0,211.0
10109792SOUZAL_2025-04-28_G53,10109792SOUZAL,2025-04-28,111469,1,4,0,121.0
10109792SOUZAL_2025-04-28_G54,10109792SOUZAL,2025-04-28,117821,1,14,0,145.0
10109792SOUZAL_2025-04-28_G55,10109792SOUZAL,2025-04-28,111433,1,4,0,110.0
10109792SOUZAL_2025-04-28_G56,10109792SOUZAL,2025-04-28,111466,1,4,0,93.0
10109792SOUZAL_2025-04-28_G57,10109792SOUZAL,2025-04-28,118223,1,6,0,420.0
10109792SOUZAL_2025-04-28_G58,10109792SOUZAL,2025-04-28,111182,1,6,0,227.0
10109792SOUZAL_2025-04-28_G59,10109792SOUZAL,2025-04-28,111330,1,5,0,356.0
10109792SOUZAL_2025-04-28_G60,10109792SOUZAL,2025-04-28,117820,1,16,0,612.0
10109792SOUZAL_2025-04-28_G61,10109792SOUZAL,2025-04-28,118299,1,4,0,83.0
10109792SOUZAL_2025-04-28_G62,10109792SOUZAL,2025-04-28,110372,1,8,0,145.0
10109792SOUZAL_2025-04-29_G02,10109792SOUZAL,2025-04-29,110374,1,8,0,140.0
10109792SOUZAL_2025-04-29_G03,10109792SOUZAL,2025-04-29,111530,2,22,20,864.0
10109792SOUZAL_2025-04-29_G04,10109792SOUZAL,2025-04-29,110711,1,6,0,263.0
10109792SOUZAL_2025-04-29_G05,10109792SOUZAL,2025-04-29,111532,1,8,0,169.0
10109792SOUZAL_2025-04-29_G06,10109792SOUZAL,2025-04-29,118140,1,8,0,279.0
10109792SOUZAL_2025-04-29_G07,10109792SOUZAL,2025-04-29,118200,1,4,0,379.0
10109792SOUZAL_2025-04-29_G08,10109792SOUZAL,2025-04-29,100334,1,1,0,123.0
10109792SOUZAL_2025-04-29_G09,10109792SOUZAL,2025-04-29,111530,1,3,0,144.0
10109792SOUZAL_2025-04-29_G10,10109792SOUZAL,2025-04-29,111182,1,4,0,240.0
10109792SOUZAL_2025-04-29_G11,10109792SOUZAL,2025-04-29,108711,3,11,39,228.0
10109792SOUZAL_2025-04-29_G12,10109792SOUZAL,2025-04-29,111530,1,33,0,997.0
10109792SOUZAL_2025-04-29_G13,10109792SOUZAL,2025-04-29,110376,1,20,0,249.0
10109792SOUZAL_2025-04-29_G14,10109792SOUZAL,2025-04-29,100334,1,4,0,191.0
10109792SOUZAL_2025-04-29_G15,10109792SOUZAL,2025-04-29,107892,1,1,0,181.0
10109792SOUZAL_2025-04-29_G16,10109792SOUZAL,2025-04-29,118094,1,4,0,1223.0
10109792SOUZAL_2025-04-29_G17,10109792SOUZAL,2025-04-29,107892,1,6,0,81.0
10109792SOUZAL_2025-04-29_G18,10109792SOUZAL,2025-04-29,108303,1,2,0,249.0
10109792SOUZAL_2025-04-29_G19,10109792SOUZAL,2025-04-29,110579,1,2,0,315.0
10109792SOUZAL_2025-04-29_G20,10109792SOUZAL,2025-04-29,111602,1,8,0,270.0
10109792SOUZAL_2025-04-29_G21,10109792SOUZAL,2025-04-29,108770,1,4,0,405.0
10109792SOUZAL_2025-04-29_G22,10109792SOUZAL,2025-04-29,109974,1,2,0,156.0
10109792SOUZAL_2025-04-29_G23,10109792SOUZAL,2025-04-29,117861,1,1,0,424.0
10109792SOUZAL_2025-04-29_G24,10109792SOUZAL,2025-04-29,110753,1,2,0,252.0
10109792SOUZAL_2025-04-29_G25,10109792SOUZAL,2025-04-29,117856,1,2,0,138.0
10109792SOUZAL_2025-04-29_G26,10109792SOUZAL,2025-04-29,108361,1,2,0,62.0
10109792SOUZAL_2025-04-29_G27,10109792SOUZAL,2025-04-29,111463,1,11,0,175.0
10109792SOUZAL_2025-04-29_G28,10109792SOUZAL,2025-04-29,111466,1,10,0,182.0
10109792SOUZAL_2025-04-29_G29,10109792SOUZAL,2025-04-29,140922,1,4,0,85.0
10109792SOUZAL_2025-04-29_G30,10109792SOUZAL,2025-04-29,108794,1,7,0,180.0
10109792SOUZAL_2025-04-29_G31,10109792SOUZAL,2025-04-29,110325,1,1,0,101.0
10109792SOUZAL_2025-04-29_G32,10109792SOUZAL,2025-04-29,117820,1,8,0,135.0
10109792SOUZAL_2025-04-29_G33,10109792SOUZAL,2025-04-29,110376,1,2,0,127.0
10109792SOUZAL_2025-04-29_G34,10109792SOUZAL,2025-04-29,118299,1,8,0,101.0
10109792SOUZAL_2025-04-29_G35,10109792SOUZAL,2025-04-29,110372,1,5,0,80.0
10109792SOUZAL_2025-04-29_G36,10109792SOUZAL,2025-04-29,110373,1,14,0,693.0
10109792SOUZAL_2025-04-29_G37,10109792SOUZAL,2025-04-29,109640,1,6,0,509.0
10109792SOUZAL_2025-04-29_G38,10109792SOUZAL,2025-04-29,110373,1,4,0,97.0
10109792SOUZAL_2025-04-29_G39,10109792SOUZAL,2025-04-29,111602,1,8,0,352.0
10109792SOUZAL_2025-04-29_G40,10109792SOUZAL,2025-04-29,108770,1,4,0,329.0
10109792SOUZAL_2025-04-29_G41,10109792SOUZAL,2025-04-29,107236,1,2,0,115.0
10109792SOUZAL_2025-04-29_G42,10109792SOUZAL,2025-04-29,118094,1,8,0,133.0
10109792SOUZAL_2025-04-29_G43,10109792SOUZAL,2025-04-29,108798,1,3,0,285.0
10109792SOUZAL_2025-04-29_G45,10109792SOUZAL,2025-04-29,111850,1,2,0,163.0
10109792SOUZAL_2025-04-29_G46,10109792SOUZAL,2025-04-29,118222,1,20,0,476.0
10109792SOUZAL_2025-04-29_G47,10109792SOUZAL,2025-04-29,"111441, 110895",2,4,13,255.0
10109792SOUZAL_2025-04-29_G48,10109792SOUZAL,2025-04-29,111660,1,20,0,364.0
10109792SOUZAL_2025-04-29_G49,10109792SOUZAL,2025-04-29,109937,1,2,0,256.0
10109792SOUZAL_2025-04-29_G50,10109792SOUZAL,2025-04-29,118094,1,10,0,261.0
10109792SOUZAL_2025-04-29_G51,10109792SOUZAL,2025-04-29,110580,1,4,0,273.0
10109792SOUZAL_2025-04-29_G52,10109792SOUZAL,2025-04-29,118403,1,1,0,78.0
10109792SOUZAL_2025-04-29_G53,10109792SOUZAL,2025-04-29,117935,1,1,0,45.0
10109792SOUZAL_2025-04-29_G54,10109792SOUZAL,2025-04-29,111467,1,10,0,453.0
10109792SOUZAL_2025-04-29_G55,10109792SOUZAL,2025-04-29,117856,1,4,0,135.0
10109792SOUZAL_2025-04-29_G56,10109792SOUZAL,2025-04-29,108361,1,1,0,85.0
10109792SOUZAL_2025-04-29_G57,10109792SOUZAL,2025-04-29,110515,1,10,0,154.0
10109792SOUZAL_2025-04-29_G58,10109792SOUZAL,2025-04-29,117854,1,6,0,107.0
10109792SOUZAL_2025-04-29_G59,10109792SOUZAL,2025-04-29,108772,1,2,0,275.0
10109792SOUZAL_2025-04-29_G60,10109792SOUZAL,2025-04-29,118298,1,10,0,365.0
10109792SOUZAL_2025-04-29_G61,10109792SOUZAL,2025-04-29,111418,1,60,0,1770.0
10109792SOUZAL_2025-04-29_G62,10109792SOUZAL,2025-04-29,111418,1,20,0,63.0
10109792SOUZAL_2025-04-29_G63,10109792SOUZAL,2025-04-29,117935,2,8,17,1835.0
10109792SOUZAL_2025-04-29_G64,10109792SOUZAL,2025-04-29,111530,1,2,0,80.0
10109792SOUZAL_2025-04-29_G65,10109792SOUZAL,2025-04-29,111530,1,40,0,448.0
10109792SOUZAL_2025-04-29_G66,10109792SOUZAL,2025-04-29,111530,1,23,0,36.0
10109792SOUZAL_2025-04-29_G67,10109792SOUZAL,2025-04-29,111530,1,38,0,99.0
10109792SOUZAL_2025-04-29_G68,10109792SOUZAL,2025-04-29,111660,1,24,0,1145.0
10109792SOUZAL_2025-04-29_G69,10109792SOUZAL,2025-04-29,111430,1,4,0,243.0
10109792SOUZAL_2025-04-29_G70,10109792SOUZAL,2025-04-29,111469,1,29,0,501.0
10109792SOUZAL_2025-04-29_G71,10109792SOUZAL,2025-04-29,111444,1,4,0,326.0
10109792SOUZAL_2025-04-29_G72,10109792SOUZAL,2025-04-29,111442,1,2,0,76.0
10109792SOUZAL_2025-04-29_G73,10109792SOUZAL,2025-04-29,117786,1,12,0,334.0
10109792SOUZAL_2025-04-30_G02,10109792SOUZAL,2025-04-30,108795,1,1,0,135.0
10109792SOUZAL_2025-04-30_G03,10109792SOUZAL,2025-04-30,111469,1,2,0,160.0
10109792SOUZAL_2025-04-30_G04,10109792SOUZAL,2025-04-30,108711,2,16,8,117.0
10109792SOUZAL_2025-04-30_G05,10109792SOUZAL,2025-04-30,105705,2,14,12,1077.0
10109792SOUZAL_2025-04-30_G06,10109792SOUZAL,2025-04-30,111466,1,30,0,2773.0
10109792SOUZAL_2025-04-30_G07,10109792SOUZAL,2025-04-30,111532,1,8,0,189.0
10109792SOUZAL_2025-04-30_G08,10109792SOUZAL,2025-04-30,140922,2,9,9,38.0
10109792SOUZAL_2025-04-30_G09,10109792SOUZAL,2025-04-30,109641,1,12,0,283.0
10109792SOUZAL_2025-04-30_G10,10109792SOUZAL,2025-04-30,118140,1,18,0,122.0
10109792SOUZAL_2025-04-30_G11,10109792SOUZAL,2025-04-30,110740,1,12,0,788.0
10109792SOUZAL_2025-04-30_G12,10109792SOUZAL,2025-04-30,110787,2,25,10,220.0
10109792SOUZAL_2025-04-30_G13,10109792SOUZAL,2025-04-30,107236,4,14,35,104.0
10109792SOUZAL_2025-04-30_G14,10109792SOUZAL,2025-04-30,118140,1,3,0,269.0
10109792SOUZAL_2025-04-30_G15,10109792SOUZAL,2025-04-30,111463,1,36,0,605.0
10109792SOUZAL_2025-04-30_G16,10109792SOUZAL,2025-04-30,117834,1,4,0,1010.0
10109792SOUZAL_2025-04-30_G17,10109792SOUZAL,2025-04-30,100334,1,4,0,264.0
10109792SOUZAL_2025-04-30_G18,10109792SOUZAL,2025-04-30,110746,1,4,0,237.0
10109792SOUZAL_2025-04-30_G19,10109792SOUZAL,2025-04-30,108770,2,6,18,130.0
10109792SOUZAL_2025-04-30_G20,10109792SOUZAL,2025-04-30,118222,1,24,0,395.0
10109792SOUZAL_2025-04-30_G21,10109792SOUZAL,2025-04-30,100334,1,10,0,289.0
10109792SOUZAL_2025-04-30_G22,10109792SOUZAL,2025-04-30,117862,1,8,0,505.0
10109792SOUZAL_2025-04-30_G23,10109792SOUZAL,2025-04-30,117935,1,8,0,644.0
10109792SOUZAL_2025-04-30_G24,10109792SOUZAL,2025-04-30,111467,1,26,0,290.0
10109792SOUZAL_2025-04-30_G25,10109792SOUZAL,2025-04-30,117855,1,18,0,197.0
10109792SOUZAL_2025-04-30_G26,10109792SOUZAL,2025-04-30,101217,1,8,0,322.0
10109792SOUZAL_2025-04-30_G27,10109792SOUZAL,2025-04-30,110515,2,28,6,402.0
10109792SOUZAL_2025-04-30_G28,10109792SOUZAL,2025-04-30,117820,6,26,52,465.0
10109792SOUZAL_2025-04-30_G29,10109792SOUZAL,2025-04-30,110373,1,40,0,289.0
10109792SOUZAL_2025-04-30_G30,10109792SOUZAL,2025-04-30,"110372, 117808",2,86,28,47.0
10109792SOUZAL_2025-04-30_G31,10109792SOUZAL,2025-04-30,118299,2,42,15,34.0
10109792SOUZAL_2025-04-30_G32,10109792SOUZAL,2025-04-30,110375,1,26,0,851.0
10109792SOUZAL_2025-04-30_G33,10109792SOUZAL,2025-04-30,109643,1,2,0,39.0
10109792SOUZAL_2025-04-30_G34,10109792SOUZAL,2025-04-30,"117809, 117832, 117830",4,80,82,135.0
10109792SOUZAL_2025-04-30_G35,10109792SOUZAL,2025-04-30,110372,1,2,0,198.0
10109792SOUZAL_2025-04-30_G36,10109792SOUZAL,2025-04-30,110325,1,36,0,447.0
10109792SOUZAL_2025-04-30_G38,10109792SOUZAL,2025-04-30,111465,2,9,6,116.0
10109792SOUZAL_2025-04-30_G39,10109792SOUZAL,2025-04-30,110743,1,4,0,127.0
10109792SOUZAL_2025-04-30_G40,10109792SOUZAL,2025-04-30,111465,1,6,0,103.0
10109792SOUZAL_2025-04-30_G41,10109792SOUZAL,2025-04-30,110743,2,8,7,70.0
10109792SOUZAL_2025-04-30_G42,10109792SOUZAL,2025-04-30,111433,1,2,0,457.0
10109792SOUZAL_2025-04-30_G43,10109792SOUZAL,2025-04-30,111433,1,2,0,1108.0
10109792SOUZAL_2025-04-30_G44,10109792SOUZAL,2025-04-30,117787,2,7,8,88.0
10109792SOUZAL_2025-04-30_G45,10109792SOUZAL,2025-04-30,105705,1,2,0,88.0
10109792SOUZAL_2025-04-30_G46,10109792SOUZAL,2025-04-30,"108711, 105705",2,8,8,83.0
10109792SOUZAL_2025-04-30_G47,10109792SOUZAL,2025-04-30,111466,1,8,0,147.0
10109792SOUZAL_2025-04-30_G48,10109792SOUZAL,2025-04-30,111532,1,6,0,138.0
10109792SOUZAL_2025-04-30_G49,10109792SOUZAL,2025-04-30,117833,1,1,0,94.0
10109792SOUZAL_2025-04-30_G50,10109792SOUZAL,2025-04-30,117833,1,8,0,80.0
10109792SOUZAL_2025-04-30_G51,10109792SOUZAL,2025-04-30,140922,2,14,9,35.0
10109792SOUZAL_2025-04-30_G52,10109792SOUZAL,2025-04-30,109641,1,4,0,266.0
10109792SOUZAL_2025-04-30_G53,10109792SOUZAL,2025-04-30,"109641, 111172",7,36,85,473.0
10109792SOUZAL_2025-04-30_G54,10109792SOUZAL,2025-04-30,108798,2,9,7,198.0
10109792SOUZAL_2025-04-30_G55,10109792SOUZAL,2025-04-30,141048,1,4,0,144.0
10109792SOUZAL_2025-04-30_G56,10109792SOUZAL,2025-04-30,111330,1,2,0,52.0
10109792SOUZAL_2025-04-30_G57,10109792SOUZAL,2025-04-30,108794,3,15,20,457.0
10109792SOUZAL_2025-04-30_G58,10109792SOUZAL,2025-04-30,117831,2,26,9,172.0
10109792SOUZAL_2025-04-30_G59,10109792SOUZAL,2025-04-30,118223,3,8,13,218.0
10109792SOUZAL_2025-04-30_G60,10109792SOUZAL,2025-04-30,117838,2,4,6,105.0
10109792SOUZAL_2025-04-30_G61,10109792SOUZAL,2025-04-30,109645,2,4,6,145.0
10109792SOUZAL_2025-04-30_G62,10109792SOUZAL,2025-04-30,118140,1,8,0,93.0
10109792SOUZAL_2025-04-30_G63,10109792SOUZAL,2025-04-30,110745,1,2,0,124.0
10109792SOUZAL_2025-04-30_G64,10109792SOUZAL,2025-04-30,110740,7,37,86,162.0
10109792SOUZAL_2025-04-30_G65,10109792SOUZAL,2025-04-30,107236,4,13,32,82.0
10109792SOUZAL_2025-04-30_G66,10109792SOUZAL,2025-04-30,110129,1,2,0,354.0
10109792SOUZAL_2025-04-30_G67,10109792SOUZAL,2025-04-30,117841,1,5,0,492.0
10109792SOUZAL_2025-04-30_G68,10109792SOUZAL,2025-04-30,109640,1,107,0,2516.0
10109792SOUZAL_2025-05-06_G02,10109792SOUZAL,2025-05-06,117837,1,6,0,688.0
10109792SOUZAL_2025-05-06_G03,10109792SOUZAL,2025-05-06,111444,1,2,0,326.0
10109792SOUZAL_2025-05-06_G04,10109792SOUZAL,2025-05-06,117831,1,6,0,97.0
10109792SOUZAL_2025-05-06_G05,10109792SOUZAL,2025-05-06,117833,1,4,0,93.0
10109792SOUZAL_2025-05-06_G06,10109792SOUZAL,2025-05-06,140922,1,4,0,83.0
10109792SOUZAL_2025-05-06_G07,10109792SOUZAL,2025-05-06,108711,1,8,0,1539.0
10109792SOUZAL_2025-05-06_G08,10109792SOUZAL,2025-05-06,111466,1,10,0,115.0
10109792SOUZAL_2025-05-06_G09,10109792SOUZAL,2025-05-06,117833,1,10,0,118.0
10109792SOUZAL_2025-05-06_G10,10109792SOUZAL,2025-05-06,117833,1,20,0,309.0
10109792SOUZAL_2025-05-06_G11,10109792SOUZAL,2025-05-06,108711,1,1,0,359.0
10109792SOUZAL_2025-05-06_G12,10109792SOUZAL,2025-05-06,111444,1,2,0,152.0
10109792SOUZAL_2025-05-06_G13,10109792SOUZAL,2025-05-06,160051,2,4,18,173.0
10109792SOUZAL_2025-05-06_G14,10109792SOUZAL,2025-05-06,117822,1,2,0,470.0
10109792SOUZAL_2025-05-06_G15,10109792SOUZAL,2025-05-06,117822,1,4,0,1410.0
10109792SOUZAL_2025-05-07_G03,10109792SOUZAL,2025-05-07,117856,1,10,0,552.0
10109792SOUZAL_2025-05-07_G04,10109792SOUZAL,2025-05-07,110515,1,30,0,600.0
10109792SOUZAL_2025-05-07_G05,10109792SOUZAL,2025-05-07,110711,1,10,0,330.0
10109792SOUZAL_2025-05-07_G06,10109792SOUZAL,2025-05-07,117861,1,70,0,58.0
10109792SOUZAL_2025-05-07_G07,10109792SOUZAL,2025-05-07,117855,1,30,0,339.0
10109792SOUZAL_2025-05-07_G08,10109792SOUZAL,2025-05-07,117785,1,10,0,1446.0
10109792SOUZAL_2025-05-07_G09,10109792SOUZAL,2025-05-07,111433,1,10,0,188.0
10109792SOUZAL_2025-05-07_G10,10109792SOUZAL,2025-05-07,108711,1,30,0,379.0
10109792SOUZAL_2025-05-07_G11,10109792SOUZAL,2025-05-07,140922,1,20,0,545.0
10109792SOUZAL_2025-05-07_G12,10109792SOUZAL,2025-05-07,111172,1,4,0,152.0
10109792SOUZAL_2025-05-07_G13,10109792SOUZAL,2025-05-07,105705,1,4,0,117.0
10109792SOUZAL_2025-05-07_G14,10109792SOUZAL,2025-05-07,118317,1,30,0,503.0
10109792SOUZAL_2025-05-07_G15,10109792SOUZAL,2025-05-07,118094,3,35,15,1379.0
10109792SOUZAL_2025-05-07_G16,10109792SOUZAL,2025-05-07,108772,1,1,0,379.0
10109792SOUZAL_2025-05-07_G17,10109792SOUZAL,2025-05-07,141047,1,3,0,163.0
10109792SOUZAL_2025-05-07_G18,10109792SOUZAL,2025-05-07,117862,1,10,0,137.0
10109792SOUZAL_2025-05-07_G19,10109792SOUZAL,2025-05-07,111530,1,10,0,482.0
10109792SOUZAL_2025-05-07_G20,10109792SOUZAL,2025-05-07,117853,1,4,0,188.0
10109792SOUZAL_2025-05-07_G21,10109792SOUZAL,2025-05-07,117853,1,8,0,389.0
10109792SOUZAL_2025-05-07_G22,10109792SOUZAL,2025-05-07,117855,1,10,0,139.0
10109792SOUZAL_2025-05-07_G23,10109792SOUZAL,2025-05-07,110515,1,5,0,288.0
10109792SOUZAL_2025-05-07_G24,10109792SOUZAL,2025-05-07,111602,1,10,0,263.0
10109792SOUZAL_2025-05-08_G02,10109792SOUZAL,2025-05-08,110747,1,2,0,91.0
10109792SOUZAL_2025-05-08_G03,10109792SOUZAL,2025-05-08,111435,1,8,0,280.0
10109792SOUZAL_2025-05-08_G04,10109792SOUZAL,2025-05-08,111463,1,8,0,211.0
10109792SOUZAL_2025-05-08_G05,10109792SOUZAL,2025-05-08,111469,1,4,0,43.0
10109792SOUZAL_2025-05-08_G06,10109792SOUZAL,2025-05-08,111446,3,13,16,99.0
10109792SOUZAL_2025-05-08_G07,10109792SOUZAL,2025-05-08,111182,1,10,0,115.0
10109792SOUZAL_2025-05-08_G08,10109792SOUZAL,2025-05-08,140922,1,4,0,86.0
10109792SOUZAL_2025-05-08_G09,10109792SOUZAL,2025-05-08,109641,2,12,8,144.0
10109792SOUZAL_2025-05-08_G10,10109792SOUZAL,2025-05-08,111446,1,5,0,413.0
10109792SOUZAL_2025-05-08_G11,10109792SOUZAL,2025-05-08,140922,1,4,0,123.0
10109792SOUZAL_2025-05-08_G12,10109792SOUZAL,2025-05-08,110325,1,8,0,63.0
10109792SOUZAL_2025-05-08_G13,10109792SOUZAL,2025-05-08,117820,1,6,0,158.0
10109792SOUZAL_2025-05-08_G14,10109792SOUZAL,2025-05-08,117832,1,6,0,143.0
10109792SOUZAL_2025-05-08_G15,10109792SOUZAL,2025-05-08,110740,1,4,0,383.0
10109792SOUZAL_2025-05-08_G16,10109792SOUZAL,2025-05-08,110754,1,6,0,316.0
10109792SOUZAL_2025-05-08_G17,10109792SOUZAL,2025-05-08,110754,1,2,0,558.0
10109792SOUZAL_2025-05-08_G18,10109792SOUZAL,2025-05-08,117854,3,15,16,231.0
10109792SOUZAL_2025-05-08_G19,10109792SOUZAL,2025-05-08,109640,1,2,0,116.0
10109792SOUZAL_2025-05-08_G20,10109792SOUZAL,2025-05-08,111463,2,16,11,223.0
10109792SOUZAL_2025-05-08_G21,10109792SOUZAL,2025-05-08,111469,1,10,0,154.0
10109792SOUZAL_2025-05-08_G22,10109792SOUZAL,2025-05-08,105705,1,2,0,343.0
10109792SOUZAL_2025-05-08_G23,10109792SOUZAL,2025-05-08,111466,1,4,0,142.0
10109792SOUZAL_2025-05-08_G24,10109792SOUZAL,2025-05-08,"111532, 140922",4,24,26,82.0
10109792SOUZAL_2025-05-08_G25,10109792SOUZAL,2025-05-08,140922,1,8,0,592.0
10109792SOUZAL_2025-05-08_G26,10109792SOUZAL,2025-05-08,117820,3,12,14,117.0
10109792SOUZAL_2025-05-08_G27,10109792SOUZAL,2025-05-08,117822,1,4,0,187.0
10109792SOUZAL_2025-05-08_G28,10109792SOUZAL,2025-05-08,111465,1,3,0,252.0
10109792SOUZAL_2025-05-08_G29,10109792SOUZAL,2025-05-08,111463,1,7,0,284.0
10109792SOUZAL_2025-05-08_G30,10109792SOUZAL,2025-05-08,118094,1,4,0,127.0
10109792SOUZAL_2025-05-08_G31,10109792SOUZAL,2025-05-08,111530,1,2,0,136.0
10109792SOUZAL_2025-05-08_G32,10109792SOUZAL,2025-05-08,118299,1,14,0,473.0
10109792SOUZAL_2025-05-08_G33,10109792SOUZAL,2025-05-08,110733,1,4,0,647.0
10109792SOUZAL_2025-05-08_G34,10109792SOUZAL,2025-05-08,117808,1,6,0,115.0
10109792SOUZAL_2025-05-08_G35,10109792SOUZAL,2025-05-08,117855,1,3,0,1739.0
10109792SOUZAL_2025-05-08_G36,10109792SOUZAL,2025-05-08,111443,1,2,0,141.0
10109792SOUZAL_2025-05-08_G37,10109792SOUZAL,2025-05-08,111463,1,1,0,77.0
10109792SOUZAL_2025-05-08_G38,10109792SOUZAL,2025-05-08,111462,1,3,0,52.0
10109792SOUZAL_2025-05-08_G39,10109792SOUZAL,2025-05-08,117833,1,1,0,131.0
10109792SOUZAL_2025-05-08_G40,10109792SOUZAL,2025-05-08,117831,1,12,0,137.0
10109792SOUZAL_2025-05-08_G41,10109792SOUZAL,2025-05-08,117820,1,12,0,181.0
10109792SOUZAL_2025-05-08_G42,10109792SOUZAL,2025-05-08,118299,1,12,0,161.0
10109792SOUZAL_2025-05-08_G43,10109792SOUZAL,2025-05-08,110374,1,3,0,84.0
10109792SOUZAL_2025-05-08_G44,10109792SOUZAL,2025-05-08,117832,1,10,0,168.0
10109792SOUZAL_2025-05-08_G45,10109792SOUZAL,2025-05-08,110375,1,1,0,46.0
10109792SOUZAL_2025-05-08_G46,10109792SOUZAL,2025-05-08,110371,1,2,0,71.0
10109792SOUZAL_2025-05-08_G47,10109792SOUZAL,2025-05-08,117808,1,26,0,771.0
10109792SOUZAL_2025-05-08_G48,10109792SOUZAL,2025-05-08,117809,1,4,0,105.0
10109792SOUZAL_2025-05-08_G49,10109792SOUZAL,2025-05-08,109643,1,2,0,68.0
10109792SOUZAL_2025-05-08_G51,10109792SOUZAL,2025-05-08,110747,1,4,0,55.0
10109792SOUZAL_2025-05-08_G52,10109792SOUZAL,2025-05-08,110755,1,4,0,48.0
10109792SOUZAL_2025-05-08_G53,10109792SOUZAL,2025-05-08,118222,1,4,0,105.0
10109792SOUZAL_2025-05-08_G54,10109792SOUZAL,2025-05-08,111660,1,4,0,62.0
10109792SOUZAL_2025-05-08_G55,10109792SOUZAL,2025-05-08,111438,1,4,0,161.0
10109792SOUZAL_2025-05-08_G56,10109792SOUZAL,2025-05-08,110895,1,4,0,56.0
10109792SOUZAL_2025-05-08_G57,10109792SOUZAL,2025-05-08,110313,1,4,0,329.0
10109792SOUZAL_2025-05-08_G58,10109792SOUZAL,2025-05-08,"111467, 117855",2,8,30,130.0
10109792SOUZAL_2025-05-08_G59,10109792SOUZAL,2025-05-08,117856,1,4,0,110.0
10109792SOUZAL_2025-05-08_G60,10109792SOUZAL,2025-05-08,117786,1,4,0,66.0
10109792SOUZAL_2025-05-08_G61,10109792SOUZAL,2025-05-08,108361,1,4,0,74.0
10109792SOUZAL_2025-05-08_G62,10109792SOUZAL,2025-05-08,111462,1,8,0,112.0
10109792SOUZAL_2025-05-08_G63,10109792SOUZAL,2025-05-08,117785,1,16,0,324.0
10109792SOUZAL_2025-05-08_G64,10109792SOUZAL,2025-05-08,117831,1,24,0,416.0
10109792SOUZAL_2025-05-08_G65,10109792SOUZAL,2025-05-08,118140,1,12,0,174.0
10109792SOUZAL_2025-05-08_G66,10109792SOUZAL,2025-05-08,111442,1,12,0,365.0
10109792SOUZAL_2025-05-08_G67,10109792SOUZAL,2025-05-08,110373,1,12,0,331.0
10109792SOUZAL_2025-05-08_G68,10109792SOUZAL,2025-05-08,110372,1,12,0,153.0
10109792SOUZAL_2025-05-08_G69,10109792SOUZAL,2025-05-08,117822,1,6,0,145.0
10109792SOUZAL_2025-05-08_G70,10109792SOUZAL,2025-05-08,110376,1,12,0,76.0
10109792SOUZAL_2025-05-08_G71,10109792SOUZAL,2025-05-08,117832,1,12,0,161.0
10109792SOUZAL_2025-05-08_G72,10109792SOUZAL,2025-05-08,110375,1,4,0,54.0
10109792SOUZAL_2025-05-08_G73,10109792SOUZAL,2025-05-08,110371,1,16,0,382.0
10109792SOUZAL_2025-05-08_G74,10109792SOUZAL,2025-05-08,117809,1,12,0,107.0
10109792SOUZAL_2025-05-08_G75,10109792SOUZAL,2025-05-08,117830,1,8,0,315.0
10109792SOUZAL_2025-05-08_G76,10109792SOUZAL,2025-05-08,117820,1,40,0,365.0
10109792SOUZAL_2025-05-08_G77,10109792SOUZAL,2025-05-08,118299,1,50,0,858.0
10109792SOUZAL_2025-05-08_G78,10109792SOUZAL,2025-05-08,110752,1,7,0,1710.0
10109792SOUZAL_2025-05-08_G79,10109792SOUZAL,2025-05-08,110515,1,8,0,198.0
10109792SOUZAL_2025-05-08_G80,10109792SOUZAL,2025-05-08,110372,1,9,0,187.0
10109792SOUZAL_2025-05-08_G81,10109792SOUZAL,2025-05-08,117808,1,11,0,385.0
10109792SOUZAL_2025-05-08_G82,10109792SOUZAL,2025-05-08,117820,1,20,0,235.0
10109792SOUZAL_2025-05-08_G83,10109792SOUZAL,2025-05-08,110375,1,2,0,80.0
10109792SOUZAL_2025-05-08_G84,10109792SOUZAL,2025-05-08,111172,1,5,0,576.0
10109792SOUZAL_2025-05-08_G85,10109792SOUZAL,2025-05-08,111468,1,2,0,38.0
10109792SOUZAL_2025-05-08_G86,10109792SOUZAL,2025-05-08,111435,1,4,0,59.0
10109792SOUZAL_2025-05-08_G87,10109792SOUZAL,2025-05-08,111463,1,8,0,349.0
10109792SOUZAL_2025-05-08_G88,10109792SOUZAL,2025-05-08,111182,1,8,0,242.0
10109792SOUZAL_2025-05-08_G89,10109792SOUZAL,2025-05-08,111532,1,10,0,138.0
10109792SOUZAL_2025-05-08_G90,10109792SOUZAL,2025-05-08,111330,1,7,0,166.0
10109792SOUZAL_2025-05-09_G02,10109792SOUZAL,2025-05-09,111438,1,1,0,55.0
10109792SOUZAL_2025-05-09_G03,10109792SOUZAL,2025-05-09,110895,1,3,0,62.0
10109792SOUZAL_2025-05-09_G04,10109792SOUZAL,2025-05-09,117855,1,2,0,77.0
10109792SOUZAL_2025-05-09_G05,10109792SOUZAL,2025-05-09,110515,1,1,0,86.0
10109792SOUZAL_2025-05-09_G06,10109792SOUZAL,2025-05-09,111469,1,1,0,134.0
10109792SOUZAL_2025-05-09_G07,10109792SOUZAL,2025-05-09,111433,1,2,0,116.0
10109792SOUZAL_2025-05-09_G08,10109792SOUZAL,2025-05-09,111466,1,1,0,58.0
10109792SOUZAL_2025-05-09_G09,10109792SOUZAL,2025-05-09,111418,1,4,0,183.0
10109792SOUZAL_2025-05-09_G10,10109792SOUZAL,2025-05-09,118140,1,1,0,70.0
10109792SOUZAL_2025-05-09_G11,10109792SOUZAL,2025-05-09,110325,1,2,0,114.0
10109792SOUZAL_2025-05-09_G12,10109792SOUZAL,2025-05-09,118299,1,3,0,114.0
10109792SOUZAL_2025-05-09_G13,10109792SOUZAL,2025-05-09,"117832, 117830",2,3,17,143.0
10109792SOUZAL_2025-05-09_G14,10109792SOUZAL,2025-05-09,111602,1,65,0,580.0
10109792SOUZAL_2025-05-09_G15,10109792SOUZAL,2025-05-09,111650,1,8,0,369.0
10109792SOUZAL_2025-05-09_G16,10109792SOUZAL,2025-05-09,117785,1,2,0,227.0
10109792SOUZAL_2025-05-09_G17,10109792SOUZAL,2025-05-09,109641,1,4,0,79.0
10109792SOUZAL_2025-05-09_G18,10109792SOUZAL,2025-05-09,111569,1,2,0,231.0
10109792SOUZAL_2025-05-09_G19,10109792SOUZAL,2025-05-09,"100334, 118222",2,2,18,75.0
10109792SOUZAL_2025-05-09_G20,10109792SOUZAL,2025-05-09,110895,1,2,0,110.0
10109792SOUZAL_2025-05-09_G21,10109792SOUZAL,2025-05-09,110339,1,2,0,251.0
10109792SOUZAL_2025-05-09_G22,10109792SOUZAL,2025-05-09,117862,1,2,0,122.0
10109792SOUZAL_2025-05-09_G23,10109792SOUZAL,2025-05-09,117855,1,1,0,57.0
10109792SOUZAL_2025-05-09_G24,10109792SOUZAL,2025-05-09,111530,1,3,0,91.0
10109792SOUZAL_2025-05-10_G02,10109792SOUZAL,2025-05-10,111172,1,3,0,174.0
10109792SOUZAL_2025-05-10_G03,10109792SOUZAL,2025-05-10,117935,1,52,0,648.0
10109792SOUZAL_2025-05-10_G04,10109792SOUZAL,2025-05-10,111569,1,40,0,651.0
10109792SOUZAL_2025-05-10_G05,10109792SOUZAL,2025-05-10,111569,1,75,0,109.0
10109792SOUZAL_2025-05-10_G06,10109792SOUZAL,2025-05-10,110895,1,60,0,461.0
10109792SOUZAL_2025-05-10_G09,10109792SOUZAL,2025-05-10,111530,1,23,0,191.0
10109792SOUZAL_2025-05-10_G10,10109792SOUZAL,2025-05-10,110515,1,4,0,218.0
10109792SOUZAL_2025-05-10_G11,10109792SOUZAL,2025-05-10,111602,1,7,0,331.0
10109792SOUZAL_2025-05-10_G12,10109792SOUZAL,2025-05-10,110711,1,8,0,126.0
10109792SOUZAL_2025-05-10_G13,10109792SOUZAL,2025-05-10,110745,1,6,0,247.0
10109792SOUZAL_2025-05-10_G14,10109792SOUZAL,2025-05-10,111466,1,10,0,749.0
10109792SOUZAL_2025-05-10_G15,10109792SOUZAL,2025-05-10,117831,1,8,0,167.0
10109792SOUZAL_2025-05-10_G16,10109792SOUZAL,2025-05-10,111465,1,10,0,227.0
10109792SOUZAL_2025-05-10_G17,10109792SOUZAL,2025-05-10,111435,1,1,0,224.0
10109792SOUZAL_2025-05-10_G18,10109792SOUZAL,2025-05-10,111469,1,10,0,234.0
10109792SOUZAL_2025-05-10_G19,10109792SOUZAL,2025-05-10,111462,1,8,0,77.0
10109792SOUZAL_2025-05-10_G20,10109792SOUZAL,2025-05-10,117785,1,1,0,31.0
10109792SOUZAL_2025-05-10_G21,10109792SOUZAL,2025-05-10,111440,1,4,0,418.0
10109792SOUZAL_2025-05-12_G02,10109792SOUZAL,2025-05-12,111435,1,8,0,147.0
10109792SOUZAL_2025-05-12_G03,10109792SOUZAL,2025-05-12,110740,1,12,0,200.0
10109792SOUZAL_2025-05-12_G04,10109792SOUZAL,2025-05-12,109641,1,8,0,113.0
10109792SOUZAL_2025-05-12_G05,10109792SOUZAL,2025-05-12,117787,2,18,7,93.0
10109792SOUZAL_2025-05-12_G06,10109792SOUZAL,2025-05-12,111182,1,12,0,259.0
10109792SOUZAL_2025-05-12_G07,10109792SOUZAL,2025-05-12,111182,1,3,0,154.0
10109792SOUZAL_2025-05-12_G08,10109792SOUZAL,2025-05-12,110733,1,2,0,2540.0
10109792SOUZAL_2025-05-12_G09,10109792SOUZAL,2025-05-12,110740,1,4,0,844.0
10109792SOUZAL_2025-05-12_G10,10109792SOUZAL,2025-05-12,111469,1,5,0,101.0
10109792SOUZAL_2025-05-12_G11,10109792SOUZAL,2025-05-12,111462,1,4,0,134.0
10109792SOUZAL_2025-05-12_G12,10109792SOUZAL,2025-05-12,109641,1,1,0,42.0
10109792SOUZAL_2025-05-12_G13,10109792SOUZAL,2025-05-12,117821,1,4,0,89.0
10109792SOUZAL_2025-05-12_G14,10109792SOUZAL,2025-05-12,111463,1,13,0,202.0
10109792SOUZAL_2025-05-12_G15,10109792SOUZAL,2025-05-12,111466,1,15,0,156.0
10109792SOUZAL_2025-05-12_G16,10109792SOUZAL,2025-05-12,118140,1,6,0,104.0
10109792SOUZAL_2025-05-12_G17,10109792SOUZAL,2025-05-12,117833,1,10,0,145.0
10109792SOUZAL_2025-05-12_G18,10109792SOUZAL,2025-05-12,111172,1,2,0,41.0
10109792SOUZAL_2025-05-12_G19,10109792SOUZAL,2025-05-12,108798,1,5,0,191.0
10109792SOUZAL_2025-05-12_G20,10109792SOUZAL,2025-05-12,111418,1,13,0,184.0
10109792SOUZAL_2025-05-12_G21,10109792SOUZAL,2025-05-12,111465,1,4,0,152.0
10109792SOUZAL_2025-05-12_G22,10109792SOUZAL,2025-05-12,117832,1,6,0,404.0
10109792SOUZAL_2025-05-12_G23,10109792SOUZAL,2025-05-12,109643,1,6,0,210.0
10109792SOUZAL_2025-05-12_G24,10109792SOUZAL,2025-05-12,117822,1,4,0,752.0
10109792SOUZAL_2025-05-12_G25,10109792SOUZAL,2025-05-12,117809,1,5,0,149.0
10109792SOUZAL_2025-05-12_G26,10109792SOUZAL,2025-05-12,141047,1,3,0,2309.0
10109792SOUZAL_2025-05-12_G27,10109792SOUZAL,2025-05-12,117853,1,4,0,124.0
10109792SOUZAL_2025-05-12_G28,10109792SOUZAL,2025-05-12,111469,1,13,0,693.0
10109792SOUZAL_2025-05-12_G29,10109792SOUZAL,2025-05-12,111532,1,2,0,129.0
10109792SOUZAL_2025-05-12_G30,10109792SOUZAL,2025-05-12,111442,1,8,0,134.0
10109792SOUZAL_2025-05-12_G31,10109792SOUZAL,2025-05-12,117841,1,2,0,283.0
10109792SOUZAL_2025-05-12_G33,10109792SOUZAL,2025-05-12,109937,1,4,0,133.0
10109792SOUZAL_2025-05-12_G34,10109792SOUZAL,2025-05-12,118251,1,2,0,353.0
10109792SOUZAL_2025-05-12_G35,10109792SOUZAL,2025-05-12,111469,1,3,0,851.0
10109792SOUZAL_2025-05-12_G36,10109792SOUZAL,2025-05-12,111462,2,4,7,31.0
10109792SOUZAL_2025-05-12_G37,10109792SOUZAL,2025-05-12,118140,1,1,0,100.0
10109792SOUZAL_2025-05-12_G38,10109792SOUZAL,2025-05-12,140922,2,10,10,32.0
10109792SOUZAL_2025-05-12_G39,10109792SOUZAL,2025-05-12,110372,1,1,0,258.0
10109792SOUZAL_2025-05-12_G40,10109792SOUZAL,2025-05-12,117809,1,2,0,209.0
10109792SOUZAL_2025-05-12_G41,10109792SOUZAL,2025-05-12,118222,1,1,0,150.0
10109792SOUZAL_2025-05-12_G42,10109792SOUZAL,2025-05-12,110895,1,3,0,180.0
10109792SOUZAL_2025-05-12_G43,10109792SOUZAL,2025-05-12,110371,1,6,0,133.0
10109792SOUZAL_2025-05-12_G44,10109792SOUZAL,2025-05-12,117808,1,9,0,50.0
10109792SOUZAL_2025-05-12_G45,10109792SOUZAL,2025-05-12,"110580, 107629",2,3,27,186.0
10109792SOUZAL_2025-05-12_G46,10109792SOUZAL,2025-05-12,117855,1,2,0,125.0
10109792SOUZAL_2025-05-12_G47,10109792SOUZAL,2025-05-12,117856,1,2,0,144.0
10109792SOUZAL_2025-05-12_G48,10109792SOUZAL,2025-05-12,110740,1,2,0,103.0
10109792SOUZAL_2025-05-12_G49,10109792SOUZAL,2025-05-12,111532,1,7,0,102.0
10109792SOUZAL_2025-05-12_G50,10109792SOUZAL,2025-05-12,109645,1,1,0,53.0
10109792SOUZAL_2025-05-12_G51,10109792SOUZAL,2025-05-12,107236,1,2,0,82.0
10109792SOUZAL_2025-05-12_G52,10109792SOUZAL,2025-05-12,160051,1,3,0,2733.0
10109792SOUZAL_2025-05-12_G53,10109792SOUZAL,2025-05-12,111430,1,4,0,1079.0
10109792SOUZAL_2025-05-12_G54,10109792SOUZAL,2025-05-12,110747,1,2,0,159.0
10109792SOUZAL_2025-05-12_G55,10109792SOUZAL,2025-05-12,110339,1,1,0,110.0
10109792SOUZAL_2025-05-12_G56,10109792SOUZAL,2025-05-12,110515,1,2,0,99.0
10109792SOUZAL_2025-05-12_G57,10109792SOUZAL,2025-05-12,111602,1,3,0,87.0
10109792SOUZAL_2025-05-12_G58,10109792SOUZAL,2025-05-12,118299,1,3,0,186.0
10109792SOUZAL_2025-05-12_G59,10109792SOUZAL,2025-05-12,110372,1,5,0,198.0
10109792SOUZAL_2025-05-12_G60,10109792SOUZAL,2025-05-12,117830,1,2,0,97.0
10109792SOUZAL_2025-05-12_G61,10109792SOUZAL,2025-05-12,111463,1,2,0,82.0
10109792SOUZAL_2025-05-12_G62,10109792SOUZAL,2025-05-12,117831,1,2,0,122.0
10109792SOUZAL_2025-05-12_G63,10109792SOUZAL,2025-05-12,109645,1,4,0,152.0
10109792SOUZAL_2025-05-12_G64,10109792SOUZAL,2025-05-12,107236,1,2,0,65.0
10109792SOUZAL_2025-05-12_G65,10109792SOUZAL,2025-05-12,111348,1,16,0,685.0
10109792SOUZAL_2025-05-13_G03,10109792SOUZAL,2025-05-13,110374,1,2,0,71.0
10109792SOUZAL_2025-05-13_G04,10109792SOUZAL,2025-05-13,110372,1,3,0,51.0
10109792SOUZAL_2025-05-13_G05,10109792SOUZAL,2025-05-13,118299,1,4,0,77.0
10109792SOUZAL_2025-05-13_G06,10109792SOUZAL,2025-05-13,117830,1,2,0,75.0
10109792SOUZAL_2025-05-13_G07,10109792SOUZAL,2025-05-13,111602,1,4,0,160.0
10109792SOUZAL_2025-05-13_G08,10109792SOUZAL,2025-05-13,110325,1,4,0,137.0
10109792SOUZAL_2025-05-13_G09,10109792SOUZAL,2025-05-13,108711,1,2,0,222.0
10109792SOUZAL_2025-05-13_G10,10109792SOUZAL,2025-05-13,111466,1,4,0,101.0
10109792SOUZAL_2025-05-13_G11,10109792SOUZAL,2025-05-13,118140,1,2,0,519.0
10109792SOUZAL_2025-05-13_G12,10109792SOUZAL,2025-05-13,111655,1,1,0,124.0
10109792SOUZAL_2025-05-13_G13,10109792SOUZAL,2025-05-13,117808,1,148,0,978.0
10109792SOUZAL_2025-05-13_G14,10109792SOUZAL,2025-05-13,111850,1,4,0,1715.0
10109792SOUZAL_2025-05-13_G15,10109792SOUZAL,2025-05-13,118094,1,13,0,318.0
10109792SOUZAL_2025-05-13_G16,10109792SOUZAL,2025-05-13,141047,1,2,0,104.0
10109792SOUZAL_2025-05-13_G17,10109792SOUZAL,2025-05-13,111876,1,4,0,60.0
10109792SOUZAL_2025-05-13_G18,10109792SOUZAL,2025-05-13,110339,1,3,0,34.0
10109792SOUZAL_2025-05-13_G19,10109792SOUZAL,2025-05-13,110515,1,18,0,168.0
10109792SOUZAL_2025-05-13_G20,10109792SOUZAL,2025-05-13,117855,1,4,0,67.0
10109792SOUZAL_2025-05-13_G21,10109792SOUZAL,2025-05-13,111467,1,2,0,39.0
10109792SOUZAL_2025-05-13_G22,10109792SOUZAL,2025-05-13,110752,1,2,0,41.0
10109792SOUZAL_2025-05-13_G23,10109792SOUZAL,2025-05-13,117853,1,10,0,114.0
10109792SOUZAL_2025-05-13_G24,10109792SOUZAL,2025-05-13,111530,1,2,0,174.0
10109792SOUZAL_2025-05-13_G26,10109792SOUZAL,2025-05-13,111435,1,4,0,161.0
10109792SOUZAL_2025-05-13_G27,10109792SOUZAL,2025-05-13,111462,2,14,7,207.0
10109792SOUZAL_2025-05-13_G28,10109792SOUZAL,2025-05-13,109641,1,2,0,159.0
10109792SOUZAL_2025-05-13_G29,10109792SOUZAL,2025-05-13,105705,1,2,0,90.0
10109792SOUZAL_2025-05-13_G30,10109792SOUZAL,2025-05-13,111469,1,2,0,59.0
10109792SOUZAL_2025-05-13_G31,10109792SOUZAL,2025-05-13,"111463, 111466",2,4,23,57.0
10109792SOUZAL_2025-05-13_G32,10109792SOUZAL,2025-05-13,111330,1,10,0,118.0
10109792SOUZAL_2025-05-13_G33,10109792SOUZAL,2025-05-13,108794,1,1,0,200.0
10109792SOUZAL_2025-05-13_G34,10109792SOUZAL,2025-05-13,111465,2,10,28,116.0
10109792SOUZAL_2025-05-13_G35,10109792SOUZAL,2025-05-13,111463,1,42,0,288.0
10109792SOUZAL_2025-05-13_G36,10109792SOUZAL,2025-05-13,105705,1,18,0,545.0
10109792SOUZAL_2025-05-13_G37,10109792SOUZAL,2025-05-13,111469,1,22,0,213.0
10109792SOUZAL_2025-05-13_G38,10109792SOUZAL,2025-05-13,111532,1,15,0,233.0
10109792SOUZAL_2025-05-13_G39,10109792SOUZAL,2025-05-13,110325,1,2,0,526.0
10109792SOUZAL_2025-05-13_G40,10109792SOUZAL,2025-05-13,110373,1,18,0,151.0
10109792SOUZAL_2025-05-13_G41,10109792SOUZAL,2025-05-13,110374,1,4,0,73.0
10109792SOUZAL_2025-05-13_G42,10109792SOUZAL,2025-05-13,110372,1,2,0,76.0
10109792SOUZAL_2025-05-13_G43,10109792SOUZAL,2025-05-13,118299,1,15,0,157.0
10109792SOUZAL_2025-05-13_G44,10109792SOUZAL,2025-05-13,109643,1,3,0,71.0
10109792SOUZAL_2025-05-13_G45,10109792SOUZAL,2025-05-13,111445,1,12,0,573.0
10109792SOUZAL_2025-05-13_G46,10109792SOUZAL,2025-05-13,108772,1,8,0,510.0
10109792SOUZAL_2025-05-13_G47,10109792SOUZAL,2025-05-13,111569,1,40,0,613.0
10109792SOUZAL_2025-05-13_G48,10109792SOUZAL,2025-05-13,111418,1,49,0,827.0
10109792SOUZAL_2025-05-13_G49,10109792SOUZAL,2025-05-13,110372,1,44,0,512.0
10109792SOUZAL_2025-05-13_G50,10109792SOUZAL,2025-05-13,110339,1,20,0,224.0
10109792SOUZAL_2025-05-13_G51,10109792SOUZAL,2025-05-13,111569,1,10,0,348.0
10109792SOUZAL_2025-05-13_G52,10109792SOUZAL,2025-05-13,109937,1,3,0,143.0
10109792SOUZAL_2025-05-13_G53,10109792SOUZAL,2025-05-13,110339,1,3,0,86.0
10109792SOUZAL_2025-05-13_G54,10109792SOUZAL,2025-05-13,110515,1,16,0,299.0
10109792SOUZAL_2025-05-13_G55,10109792SOUZAL,2025-05-13,110740,1,6,0,108.0
10109792SOUZAL_2025-05-13_G56,10109792SOUZAL,2025-05-13,111462,1,12,0,41.0
10109792SOUZAL_2025-05-13_G57,10109792SOUZAL,2025-05-13,109641,1,26,0,682.0
10109792SOUZAL_2025-05-13_G58,10109792SOUZAL,2025-05-13,110745,1,2,0,68.0
10109792SOUZAL_2025-05-13_G59,10109792SOUZAL,2025-05-13,111466,2,13,10,63.0
10109792SOUZAL_2025-05-13_G60,10109792SOUZAL,2025-05-13,111532,1,32,0,418.0
10109792SOUZAL_2025-05-13_G61,10109792SOUZAL,2025-05-13,111418,1,48,0,656.0
10109792SOUZAL_2025-05-13_G62,10109792SOUZAL,2025-05-13,109645,1,3,0,106.0
10109792SOUZAL_2025-05-13_G63,10109792SOUZAL,2025-05-13,111465,1,2,0,111.0
10109792SOUZAL_2025-05-13_G64,10109792SOUZAL,2025-05-13,117820,1,2,0,427.0
10109792SOUZAL_2025-05-13_G65,10109792SOUZAL,2025-05-13,110373,1,18,0,298.0
10109792SOUZAL_2025-05-13_G66,10109792SOUZAL,2025-05-13,"107830, 110372",2,5,28,140.0
10109792SOUZAL_2025-05-13_G67,10109792SOUZAL,2025-05-13,110372,1,42,0,206.0
10109792SOUZAL_2025-05-13_G68,10109792SOUZAL,2025-05-13,118299,1,21,0,174.0
10109792SOUZAL_2025-05-13_G69,10109792SOUZAL,2025-05-13,110371,1,10,0,137.0
10109792SOUZAL_2025-05-13_G70,10109792SOUZAL,2025-05-13,118094,1,5,0,268.0
10109792SOUZAL_2025-05-13_G71,10109792SOUZAL,2025-05-13,110515,1,31,0,414.0
10109792SOUZAL_2025-05-13_G72,10109792SOUZAL,2025-05-13,117855,1,4,0,41.0
10109792SOUZAL_2025-05-13_G73,10109792SOUZAL,2025-05-13,110373,1,17,0,146.0
10109792SOUZAL_2025-05-13_G74,10109792SOUZAL,2025-05-13,110374,1,3,0,75.0
10109792SOUZAL_2025-05-13_G75,10109792SOUZAL,2025-05-13,110372,1,10,0,85.0
10109792SOUZAL_2025-05-13_G76,10109792SOUZAL,2025-05-13,110371,1,6,0,73.0
10109792SOUZAL_2025-05-13_G77,10109792SOUZAL,2025-05-13,109643,1,6,0,192.0
10109792SOUZAL_2025-05-13_G78,10109792SOUZAL,2025-05-13,110740,1,14,0,228.0
10109792SOUZAL_2025-05-13_G79,10109792SOUZAL,2025-05-13,111469,3,8,11,41.0
10109792SOUZAL_2025-05-13_G80,10109792SOUZAL,2025-05-13,140922,1,4,0,92.0
10109792SOUZAL_2025-05-13_G81,10109792SOUZAL,2025-05-13,"111463, 111466",3,31,31,100.0
10109792SOUZAL_2025-05-13_G82,10109792SOUZAL,2025-05-13,111532,1,4,0,97.0
10109792SOUZAL_2025-05-13_G83,10109792SOUZAL,2025-05-13,111418,1,40,0,465.0
10109792SOUZAL_2025-05-13_G84,10109792SOUZAL,2025-05-13,110787,1,2,0,75.0
10109792SOUZAL_2025-05-13_G85,10109792SOUZAL,2025-05-13,111463,1,2,0,138.0
10109792SOUZAL_2025-05-14_G02,10109792SOUZAL,2025-05-14,111435,1,2,0,74.0
10109792SOUZAL_2025-05-14_G03,10109792SOUZAL,2025-05-14,111462,1,10,0,149.0
10109792SOUZAL_2025-05-14_G04,10109792SOUZAL,2025-05-14,108711,1,30,0,287.0
10109792SOUZAL_2025-05-14_G05,10109792SOUZAL,2025-05-14,117831,1,20,0,423.0
10109792SOUZAL_2025-05-14_G06,10109792SOUZAL,2025-05-14,111418,1,50,0,917.0
10109792SOUZAL_2025-05-14_G07,10109792SOUZAL,2025-05-14,111463,1,20,0,314.0
10109792SOUZAL_2025-05-14_G08,10109792SOUZAL,2025-05-14,111532,1,20,0,437.0
10109792SOUZAL_2025-05-14_G09,10109792SOUZAL,2025-05-14,118004,1,10,0,276.0
10109792SOUZAL_2025-05-14_G10,10109792SOUZAL,2025-05-14,117820,1,240,0,1316.0
10109792SOUZAL_2025-05-14_G11,10109792SOUZAL,2025-05-14,110373,1,80,0,370.0
10109792SOUZAL_2025-05-14_G12,10109792SOUZAL,2025-05-14,110372,1,100,0,625.0
10109792SOUZAL_2025-05-14_G13,10109792SOUZAL,2025-05-14,118299,1,530,0,475.0
10109792SOUZAL_2025-05-14_G14,10109792SOUZAL,2025-05-14,117809,1,60,0,808.0
10109792SOUZAL_2025-05-14_G15,10109792SOUZAL,2025-05-14,117834,1,4,0,793.0
10109792SOUZAL_2025-05-14_G16,10109792SOUZAL,2025-05-14,100334,1,1,0,76.0
10109792SOUZAL_2025-05-14_G17,10109792SOUZAL,2025-05-14,110895,1,16,0,66.0
10109792SOUZAL_2025-05-14_G18,10109792SOUZAL,2025-05-14,118222,1,5,0,267.0
10109792SOUZAL_2025-05-14_G19,10109792SOUZAL,2025-05-14,110740,1,4,0,227.0
10109792SOUZAL_2025-05-14_G20,10109792SOUZAL,2025-05-14,111463,1,30,0,61.0
10109792SOUZAL_2025-05-14_G21,10109792SOUZAL,2025-05-14,111462,1,9,0,214.0
10109792SOUZAL_2025-05-14_G22,10109792SOUZAL,2025-05-14,118140,1,39,0,470.0
10109792SOUZAL_2025-05-14_G23,10109792SOUZAL,2025-05-14,110740,1,4,0,1072.0
10109792SOUZAL_2025-05-14_G24,10109792SOUZAL,2025-05-14,140922,1,3,0,89.0
10109792SOUZAL_2025-05-14_G25,10109792SOUZAL,2025-05-14,111418,1,4,0,237.0
10109792SOUZAL_2025-05-14_G26,10109792SOUZAL,2025-05-14,118299,1,8,0,132.0
10109792SOUZAL_2025-05-14_G27,10109792SOUZAL,2025-05-14,110787,1,2,0,129.0
10109792SOUZAL_2025-05-14_G28,10109792SOUZAL,2025-05-14,118418,1,3,0,266.0
10109792SOUZAL_2025-05-14_G29,10109792SOUZAL,2025-05-14,111443,1,4,0,161.0
10109792SOUZAL_2025-05-14_G30,10109792SOUZAL,2025-05-14,117785,1,4,0,151.0
10109792SOUZAL_2025-05-14_G31,10109792SOUZAL,2025-05-14,110376,1,8,0,264.0
10109792SOUZAL_2025-05-14_G32,10109792SOUZAL,2025-05-14,107830,1,4,0,97.0
10109792SOUZAL_2025-05-14_G33,10109792SOUZAL,2025-05-14,110373,1,4,0,53.0
10109792SOUZAL_2025-05-14_G34,10109792SOUZAL,2025-05-14,107830,1,4,0,53.0
10109792SOUZAL_2025-05-14_G35,10109792SOUZAL,2025-05-14,109643,1,2,0,214.0
10109792SOUZAL_2025-05-14_G36,10109792SOUZAL,2025-05-14,118094,1,4,0,176.0
10109792SOUZAL_2025-05-14_G37,10109792SOUZAL,2025-05-14,117842,1,4,0,186.0
10109792SOUZAL_2025-05-14_G38,10109792SOUZAL,2025-05-14,117842,1,4,0,323.0
10109792SOUZAL_2025-05-14_G39,10109792SOUZAL,2025-05-14,111441,1,4,0,149.0
10109792SOUZAL_2025-05-14_G40,10109792SOUZAL,2025-05-14,"111851, 107892",2,4,23,145.0
10109792SOUZAL_2025-05-14_G41,10109792SOUZAL,2025-05-14,118283,1,4,0,154.0
10109792SOUZAL_2025-05-14_G42,10109792SOUZAL,2025-05-14,111861,1,2,0,45.0
10109792SOUZAL_2025-05-14_G43,10109792SOUZAL,2025-05-14,"117789, 105359",2,11,27,403.0
10109792SOUZAL_2025-05-14_G44,10109792SOUZAL,2025-05-14,110579,1,2,0,106.0
10109792SOUZAL_2025-05-14_G45,10109792SOUZAL,2025-05-14,109937,1,1,0,110.0
10109792SOUZAL_2025-05-14_G46,10109792SOUZAL,2025-05-14,118403,1,4,0,113.0
10109792SOUZAL_2025-05-14_G47,10109792SOUZAL,2025-05-14,110711,1,8,0,154.0
10109792SOUZAL_2025-05-14_G48,10109792SOUZAL,2025-05-14,117788,1,4,0,88.0
10109792SOUZAL_2025-05-14_G49,10109792SOUZAL,2025-05-14,118285,1,2,0,755.0
10109792SOUZAL_2025-05-14_G51,10109792SOUZAL,2025-05-14,111441,1,2,0,93.0
10109792SOUZAL_2025-05-14_G52,10109792SOUZAL,2025-05-14,110754,1,1,0,105.0
10109792SOUZAL_2025-05-14_G53,10109792SOUZAL,2025-05-14,110895,1,4,0,58.0
10109792SOUZAL_2025-05-14_G54,10109792SOUZAL,2025-05-14,110895,1,1,0,65.0
10109792SOUZAL_2025-05-14_G55,10109792SOUZAL,2025-05-14,118222,1,10,0,321.0
10109792SOUZAL_2025-05-14_G56,10109792SOUZAL,2025-05-14,111569,1,4,0,539.0
10109792SOUZAL_2025-05-14_G57,10109792SOUZAL,2025-05-14,118364,1,4,0,193.0
10109792SOUZAL_2025-05-14_G58,10109792SOUZAL,2025-05-14,108770,1,4,0,135.0
10109792SOUZAL_2025-05-14_G59,10109792SOUZAL,2025-05-14,118094,1,8,0,1796.0
10109792SOUZAL_2025-05-14_G60,10109792SOUZAL,2025-05-14,108772,1,2,0,50.0
10109792SOUZAL_2025-05-14_G61,10109792SOUZAL,2025-05-14,111876,1,2,0,59.0
10109792SOUZAL_2025-05-14_G62,10109792SOUZAL,2025-05-14,117862,1,2,0,107.0
10109792SOUZAL_2025-05-14_G63,10109792SOUZAL,2025-05-14,110515,1,23,0,200.0
10109792SOUZAL_2025-05-14_G64,10109792SOUZAL,2025-05-14,"110515, 111650",2,7,26,56.0
10109792SOUZAL_2025-05-14_G65,10109792SOUZAL,2025-05-14,117855,1,3,0,107.0
10109792SOUZAL_2025-05-14_G66,10109792SOUZAL,2025-05-14,111467,2,12,12,424.0
10109792SOUZAL_2025-05-14_G67,10109792SOUZAL,2025-05-14,117853,1,8,0,332.0
10109792SOUZAL_2025-05-14_G68,10109792SOUZAL,2025-05-14,117856,1,18,0,213.0
10109792SOUZAL_2025-05-14_G69,10109792SOUZAL,2025-05-14,110711,1,7,0,114.0
10109792SOUZAL_2025-05-14_G70,10109792SOUZAL,2025-05-14,111530,1,7,0,101.0
10109792SOUZAL_2025-05-14_G71,10109792SOUZAL,2025-05-14,110895,1,5,0,397.0
10109792SOUZAL_2025-05-14_G72,10109792SOUZAL,2025-05-14,118222,1,12,0,143.0
10109792SOUZAL_2025-05-14_G73,10109792SOUZAL,2025-05-14,111569,1,7,0,232.0
10109792SOUZAL_2025-05-14_G74,10109792SOUZAL,2025-05-14,118290,1,1,0,59.0
10109792SOUZAL_2025-05-14_G75,10109792SOUZAL,2025-05-14,108770,1,2,0,148.0
10109792SOUZAL_2025-05-14_G76,10109792SOUZAL,2025-05-14,118140,1,5,0,564.0
10109792SOUZAL_2025-05-14_G77,10109792SOUZAL,2025-05-14,111469,1,11,0,93.0
10109792SOUZAL_2025-05-14_G78,10109792SOUZAL,2025-05-14,111418,1,6,0,116.0
10109792SOUZAL_2025-05-15_G02,10109792SOUZAL,2025-05-15,108772,1,1,0,45.0
10109792SOUZAL_2025-05-15_G03,10109792SOUZAL,2025-05-15,107629,1,6,0,127.0
10109792SOUZAL_2025-05-15_G04,10109792SOUZAL,2025-05-15,111876,1,6,0,46.0
10109792SOUZAL_2025-05-15_G05,10109792SOUZAL,2025-05-15,117856,1,10,0,367.0
10109792SOUZAL_2025-05-15_G06,10109792SOUZAL,2025-05-15,117786,1,4,0,58.0
10109792SOUZAL_2025-05-15_G07,10109792SOUZAL,2025-05-15,111530,1,12,0,155.0
10109792SOUZAL_2025-05-15_G08,10109792SOUZAL,2025-05-15,109641,1,3,0,155.0
10109792SOUZAL_2025-05-15_G09,10109792SOUZAL,2025-05-15,111182,1,4,0,77.0
10109792SOUZAL_2025-05-15_G10,10109792SOUZAL,2025-05-15,108794,1,20,0,200.0
10109792SOUZAL_2025-05-15_G11,10109792SOUZAL,2025-05-15,111418,1,30,0,444.0
10109792SOUZAL_2025-05-15_G12,10109792SOUZAL,2025-05-15,109645,1,1,0,119.0
10109792SOUZAL_2025-05-15_G13,10109792SOUZAL,2025-05-15,111442,1,6,0,104.0
10109792SOUZAL_2025-05-15_G14,10109792SOUZAL,2025-05-15,107236,1,7,0,528.0
10109792SOUZAL_2025-05-15_G15,10109792SOUZAL,2025-05-15,111465,1,5,0,144.0
10109792SOUZAL_2025-05-15_G16,10109792SOUZAL,2025-05-15,111443,1,2,0,126.0
10109792SOUZAL_2025-05-15_G17,10109792SOUZAL,2025-05-15,110740,1,4,0,104.0
10109792SOUZAL_2025-05-15_G18,10109792SOUZAL,2025-05-15,111463,1,4,0,61.0
10109792SOUZAL_2025-05-15_G19,10109792SOUZAL,2025-05-15,117785,1,10,0,526.0
10109792SOUZAL_2025-05-15_G20,10109792SOUZAL,2025-05-15,111418,1,5,0,265.0
10109792SOUZAL_2025-05-15_G21,10109792SOUZAL,2025-05-15,109645,1,8,0,79.0
10109792SOUZAL_2025-05-15_G22,10109792SOUZAL,2025-05-15,118317,1,6,0,141.0
10109792SOUZAL_2025-05-15_G23,10109792SOUZAL,2025-05-15,110325,1,8,0,173.0
10109792SOUZAL_2025-05-15_G24,10109792SOUZAL,2025-05-15,110373,1,14,0,170.0
10109792SOUZAL_2025-05-15_G25,10109792SOUZAL,2025-05-15,110372,1,10,0,136.0
10109792SOUZAL_2025-05-15_G26,10109792SOUZAL,2025-05-15,117820,1,10,0,242.0
10109792SOUZAL_2025-05-15_G27,10109792SOUZAL,2025-05-15,118299,1,4,0,157.0
10109792SOUZAL_2025-05-15_G28,10109792SOUZAL,2025-05-15,110375,1,4,0,154.0
10109792SOUZAL_2025-05-15_G29,10109792SOUZAL,2025-05-15,110371,1,10,0,106.0
10109792SOUZAL_2025-05-15_G30,10109792SOUZAL,2025-05-15,117809,1,4,0,61.0
10109792SOUZAL_2025-05-15_G31,10109792SOUZAL,2025-05-15,100334,1,4,0,397.0
10109792SOUZAL_2025-05-15_G32,10109792SOUZAL,2025-05-15,117835,1,18,0,400.0
10109792SOUZAL_2025-05-15_G33,10109792SOUZAL,2025-05-15,111876,1,2,0,109.0
10109792SOUZAL_2025-05-15_G34,10109792SOUZAL,2025-05-15,110752,1,4,0,323.0
10109792SOUZAL_2025-05-15_G35,10109792SOUZAL,2025-05-15,111530,1,4,0,401.0
10109792SOUZAL_2025-05-15_G36,10109792SOUZAL,2025-05-15,117833,1,4,0,156.0
10109792SOUZAL_2025-05-15_G37,10109792SOUZAL,2025-05-15,111532,1,16,0,176.0
10109792SOUZAL_2025-05-15_G38,10109792SOUZAL,2025-05-15,111442,1,4,0,62.0
10109792SOUZAL_2025-05-15_G39,10109792SOUZAL,2025-05-15,111444,1,6,0,400.0
10109792SOUZAL_2025-05-15_G40,10109792SOUZAL,2025-05-15,117809,1,8,0,445.0
10109792SOUZAL_2025-05-15_G41,10109792SOUZAL,2025-05-15,111741,1,6,0,1966.0
10109792SOUZAL_2025-05-15_G42,10109792SOUZAL,2025-05-15,110376,1,7,0,114.0
10109792SOUZAL_2025-05-15_G43,10109792SOUZAL,2025-05-15,117808,1,8,0,338.0
10109792SOUZAL_2025-05-15_G44,10109792SOUZAL,2025-05-15,111634,1,38,0,499.0
10109792SOUZAL_2025-05-15_G45,10109792SOUZAL,2025-05-15,117820,1,4,0,136.0
10109792SOUZAL_2025-05-15_G46,10109792SOUZAL,2025-05-15,118299,1,26,0,191.0
10109792SOUZAL_2025-05-15_G47,10109792SOUZAL,2025-05-15,117830,1,7,0,135.0
10109792SOUZAL_2025-05-15_G48,10109792SOUZAL,2025-05-15,117808,1,4,0,82.0
10109792SOUZAL_2025-05-15_G49,10109792SOUZAL,2025-05-15,105705,1,5,0,872.0
10109792SOUZAL_2025-05-15_G50,10109792SOUZAL,2025-05-15,111469,1,4,0,50.0
10109792SOUZAL_2025-05-15_G51,10109792SOUZAL,2025-05-15,118140,1,19,0,152.0
10109792SOUZAL_2025-05-15_G52,10109792SOUZAL,2025-05-15,111532,1,3,0,94.0
10109792SOUZAL_2025-05-15_G53,10109792SOUZAL,2025-05-15,109645,1,5,0,112.0
10109792SOUZAL_2025-05-15_G54,10109792SOUZAL,2025-05-15,118004,2,4,27,254.0
10109792SOUZAL_2025-05-15_G55,10109792SOUZAL,2025-05-15,118094,1,8,0,233.0
10109792SOUZAL_2025-05-15_G56,10109792SOUZAL,2025-05-15,108772,1,4,0,61.0
10109792SOUZAL_2025-05-15_G57,10109792SOUZAL,2025-05-15,110740,1,4,0,76.0
10109792SOUZAL_2025-05-15_G58,10109792SOUZAL,2025-05-15,111532,1,8,0,143.0
10109792SOUZAL_2025-05-15_G59,10109792SOUZAL,2025-05-15,117809,1,8,0,1052.0
10109792SOUZAL_2025-05-15_G60,10109792SOUZAL,2025-05-15,117820,1,6,0,113.0
10109792SOUZAL_2025-05-15_G62,10109792SOUZAL,2025-05-15,117842,2,2,24,82.0
10109792SOUZAL_2025-05-15_G63,10109792SOUZAL,2025-05-15,109643,1,6,0,72.0
10109792SOUZAL_2025-05-15_G64,10109792SOUZAL,2025-05-15,118140,1,4,0,172.0
10109792SOUZAL_2025-05-17_G02,10109792SOUZAL,2025-05-17,118403,1,7,0,206.0
10109792SOUZAL_2025-05-17_G03,10109792SOUZAL,2025-05-17,111530,1,6,0,151.0
10109792SOUZAL_2025-05-17_G04,10109792SOUZAL,2025-05-17,110751,1,8,0,182.0
10109792SOUZAL_2025-05-17_G05,10109792SOUZAL,2025-05-17,110372,1,20,0,373.0
10109792SOUZAL_2025-05-17_G06,10109792SOUZAL,2025-05-17,117820,1,20,0,252.0
10109792SOUZAL_2025-05-17_G07,10109792SOUZAL,2025-05-17,117820,1,10,0,76.0
10109792SOUZAL_2025-05-17_G08,10109792SOUZAL,2025-05-17,117832,1,20,0,425.0
10109792SOUZAL_2025-05-17_G09,10109792SOUZAL,2025-05-17,110371,2,60,21,241.0
10109792SOUZAL_2025-05-17_G10,10109792SOUZAL,2025-05-17,141202,1,10,0,301.0
10109792SOUZAL_2025-05-17_G11,10109792SOUZAL,2025-05-17,117809,1,20,0,347.0
10109792SOUZAL_2025-05-17_G12,10109792SOUZAL,2025-05-17,110373,1,20,0,255.0
10109792SOUZAL_2025-05-17_G13,10109792SOUZAL,2025-05-17,110372,1,20,0,298.0
10109792SOUZAL_2025-05-17_G14,10109792SOUZAL,2025-05-17,117808,1,50,0,482.0
10109792SOUZAL_2025-05-17_G15,10109792SOUZAL,2025-05-17,117808,1,50,0,65.0
10109792SOUZAL_2025-05-17_G16,10109792SOUZAL,2025-05-17,118299,2,100,10,157.0
10109792SOUZAL_2025-05-17_G17,10109792SOUZAL,2025-05-17,111443,1,2,0,2399.0
10109792SOUZAL_2025-05-17_G18,10109792SOUZAL,2025-05-17,111462,1,30,0,184.0
10109792SOUZAL_2025-05-17_G19,10109792SOUZAL,2025-05-17,109641,1,2,0,110.0
10109792SOUZAL_2025-05-17_G20,10109792SOUZAL,2025-05-17,117787,1,3,0,234.0
10109792SOUZAL_2025-05-17_G21,10109792SOUZAL,2025-05-17,140922,1,19,0,73.0
10109792SOUZAL_2025-05-17_G22,10109792SOUZAL,2025-05-17,110745,1,2,0,239.0
10109792SOUZAL_2025-05-17_G23,10109792SOUZAL,2025-05-17,111463,1,24,0,525.0
10109792SOUZAL_2025-05-17_G24,10109792SOUZAL,2025-05-17,117821,1,8,0,128.0
10109792SOUZAL_2025-05-17_G25,10109792SOUZAL,2025-05-17,111172,1,2,0,131.0
10109792SOUZAL_2025-05-17_G26,10109792SOUZAL,2025-05-17,111532,1,24,0,47.0
10109792SOUZAL_2025-05-17_G27,10109792SOUZAL,2025-05-17,117831,1,10,0,403.0
10109792SOUZAL_2025-05-17_G28,10109792SOUZAL,2025-05-17,111418,1,92,0,506.0
10109792SOUZAL_2025-05-17_G29,10109792SOUZAL,2025-05-17,109645,1,8,0,349.0
10109792SOUZAL_2025-05-17_G30,10109792SOUZAL,2025-05-17,117785,1,84,0,113.0
10109792SOUZAL_2025-05-17_G31,10109792SOUZAL,2025-05-17,118140,1,20,0,678.0
10109792SOUZAL_2025-05-17_G32,10109792SOUZAL,2025-05-17,105705,1,20,0,95.0
10109792SOUZAL_2025-05-17_G33,10109792SOUZAL,2025-05-17,117820,1,11,0,1220.0
10109792SOUZAL_2025-05-17_G34,10109792SOUZAL,2025-05-17,110372,1,136,0,156.0
10109792SOUZAL_2025-05-17_G35,10109792SOUZAL,2025-05-17,141202,1,4,0,79.0
10109792SOUZAL_2025-05-17_G36,10109792SOUZAL,2025-05-17,117809,1,32,0,456.0
10109792SOUZAL_2025-05-17_G37,10109792SOUZAL,2025-05-17,117808,1,479,0,676.0
10109792SOUZAL_2025-05-17_G38,10109792SOUZAL,2025-05-17,110373,1,61,0,780.0
10109792SOUZAL_2025-05-17_G40,10109792SOUZAL,2025-05-17,110895,1,4,0,208.0
10109792SOUZAL_2025-05-17_G41,10109792SOUZAL,2025-05-17,117862,1,2,0,94.0
10109792SOUZAL_2025-05-17_G42,10109792SOUZAL,2025-05-17,111467,1,1,0,236.0
10109792SOUZAL_2025-05-17_G43,10109792SOUZAL,2025-05-17,111418,1,4,0,123.0
10109792SOUZAL_2025-05-17_G44,10109792SOUZAL,2025-05-17,117785,1,1,0,154.0
10109792SOUZAL_2025-05-17_G45,10109792SOUZAL,2025-05-17,111465,1,4,0,350.0
10109792SOUZAL_2025-05-17_G46,10109792SOUZAL,2025-05-17,110325,1,1,0,160.0
10109792SOUZAL_2025-05-17_G47,10109792SOUZAL,2025-05-17,110374,1,2,0,41.0
10109792SOUZAL_2025-05-17_G48,10109792SOUZAL,2025-05-17,110372,1,4,0,140.0
10109792SOUZAL_2025-05-17_G49,10109792SOUZAL,2025-05-17,117830,1,2,0,47.0
10109792SOUZAL_2025-05-17_G50,10109792SOUZAL,2025-05-17,111569,1,2,0,466.0
10109792SOUZAL_2025-05-17_G51,10109792SOUZAL,2025-05-17,111441,1,10,0,345.0
10109792SOUZAL_2025-05-17_G52,10109792SOUZAL,2025-05-17,111602,1,5,0,120.0
10109792SOUZAL_2025-05-17_G53,10109792SOUZAL,2025-05-17,110515,1,2,0,82.0
10109792SOUZAL_2025-05-17_G54,10109792SOUZAL,2025-05-17,117820,1,2,0,115.0
10109792SOUZAL_2025-05-17_G55,10109792SOUZAL,2025-05-17,111443,1,2,0,203.0
10109792SOUZAL_2025-05-17_G56,10109792SOUZAL,2025-05-17,111462,1,2,0,74.0
10109792SOUZAL_2025-05-17_G57,10109792SOUZAL,2025-05-17,111466,1,2,0,136.0
10109792SOUZAL_2025-05-17_G58,10109792SOUZAL,2025-05-17,111465,1,1,0,51.0
10109792SOUZAL_2025-05-17_G59,10109792SOUZAL,2025-05-17,111441,1,6,0,344.0
10109792SOUZAL_2025-05-17_G60,10109792SOUZAL,2025-05-17,111430,1,2,0,48.0
10109792SOUZAL_2025-05-17_G61,10109792SOUZAL,2025-05-17,118222,1,1,0,116.0
10109792SOUZAL_2025-05-17_G62,10109792SOUZAL,2025-05-17,111438,1,2,0,74.0
10109792SOUZAL_2025-05-17_G63,10109792SOUZAL,2025-05-17,111569,1,2,0,94.0
10109792SOUZAL_2025-05-17_G64,10109792SOUZAL,2025-05-17,118299,1,7,0,150.0
10109792SOUZAL_2025-05-17_G65,10109792SOUZAL,2025-05-17,111602,1,9,0,354.0
10109792SOUZAL_2025-05-17_G66,10109792SOUZAL,2025-05-17,111602,2,2,21,58.0
10109792SOUZAL_2025-05-17_G67,10109792SOUZAL,2025-05-17,117855,1,2,0,131.0
10109792SOUZAL_2025-05-17_G68,10109792SOUZAL,2025-05-17,110740,1,2,0,102.0
10109792SOUZAL_2025-05-17_G69,10109792SOUZAL,2025-05-17,110751,1,4,0,127.0
10109792SOUZAL_2025-05-17_G70,10109792SOUZAL,2025-05-17,140922,1,4,0,136.0
10109792SOUZAL_2025-05-17_G71,10109792SOUZAL,2025-05-17,111466,1,2,0,71.0
10109792SOUZAL_2025-05-17_G72,10109792SOUZAL,2025-05-17,110129,1,1,0,76.0
10109792SOUZAL_2025-05-17_G73,10109792SOUZAL,2025-05-17,117808,1,265,0,1195.0
10109792SOUZAL_2025-05-17_G74,10109792SOUZAL,2025-05-17,110515,1,12,0,536.0
10109792SOUZAL_2025-05-17_G75,10109792SOUZAL,2025-05-17,111468,1,4,0,215.0
10109792SOUZAL_2025-05-17_G76,10109792SOUZAL,2025-05-17,108798,1,1,0,90.0
10109792SOUZAL_2025-05-19_G02,10109792SOUZAL,2025-05-19,109645,1,5,0,210.0
10109792SOUZAL_2025-05-19_G03,10109792SOUZAL,2025-05-19,111465,1,5,0,118.0
10109792SOUZAL_2025-05-19_G04,10109792SOUZAL,2025-05-19,117856,1,12,0,361.0
10109792SOUZAL_2025-05-19_G05,10109792SOUZAL,2025-05-19,116611,1,6,0,131.0
10109792SOUZAL_2025-05-19_G06,10109792SOUZAL,2025-05-19,111569,1,4,0,450.0
10109792SOUZAL_2025-05-19_G07,10109792SOUZAL,2025-05-19,105705,1,2,0,218.0
10109792SOUZAL_2025-05-19_G08,10109792SOUZAL,2025-05-19,109643,1,2,0,64.0
10109792SOUZAL_2025-05-19_G09,10109792SOUZAL,2025-05-19,117822,1,2,0,489.0
10109792SOUZAL_2025-05-19_G10,10109792SOUZAL,2025-05-19,117832,1,4,0,120.0
10109792SOUZAL_2025-05-19_G11,10109792SOUZAL,2025-05-19,141202,1,2,0,93.0
10109792SOUZAL_2025-05-19_G12,10109792SOUZAL,2025-05-19,111850,1,2,0,136.0
10109792SOUZAL_2025-05-19_G13,10109792SOUZAL,2025-05-19,118222,1,2,0,220.0
10109792SOUZAL_2025-05-19_G14,10109792SOUZAL,2025-05-19,110373,1,10,0,326.0
10109792SOUZAL_2025-05-19_G15,10109792SOUZAL,2025-05-19,"110372, 117832",2,11,11,129.0
10109792SOUZAL_2025-05-19_G16,10109792SOUZAL,2025-05-19,117830,1,1,0,93.0
10109792SOUZAL_2025-05-19_G17,10109792SOUZAL,2025-05-19,118299,1,11,0,121.0
10109792SOUZAL_2025-05-19_G18,10109792SOUZAL,2025-05-19,110371,1,2,0,76.0
10109792SOUZAL_2025-05-19_G19,10109792SOUZAL,2025-05-19,117808,1,12,0,426.0
10109792SOUZAL_2025-05-19_G20,10109792SOUZAL,2025-05-19,111602,1,4,0,69.0
10109792SOUZAL_2025-05-19_G21,10109792SOUZAL,2025-05-19,110339,1,8,0,183.0
10109792SOUZAL_2025-05-19_G22,10109792SOUZAL,2025-05-19,117862,1,6,0,87.0
10109792SOUZAL_2025-05-19_G23,10109792SOUZAL,2025-05-19,117861,1,2,0,78.0
10109792SOUZAL_2025-05-19_G24,10109792SOUZAL,2025-05-19,117856,1,1,0,66.0
10109792SOUZAL_2025-05-19_G25,10109792SOUZAL,2025-05-19,117786,1,1,0,47.0
10109792SOUZAL_2025-05-19_G26,10109792SOUZAL,2025-05-19,110515,1,5,0,78.0
10109792SOUZAL_2025-05-19_G27,10109792SOUZAL,2025-05-19,108711,1,1,0,66.0
10109792SOUZAL_2025-05-19_G28,10109792SOUZAL,2025-05-19,111466,1,6,0,96.0
10109792SOUZAL_2025-05-19_G29,10109792SOUZAL,2025-05-19,111172,1,4,0,78.0
10109792SOUZAL_2025-05-19_G30,10109792SOUZAL,2025-05-19,111532,1,3,0,108.0
10109792SOUZAL_2025-05-19_G31,10109792SOUZAL,2025-05-19,117842,1,4,0,230.0
10109792SOUZAL_2025-05-19_G32,10109792SOUZAL,2025-05-19,111418,1,6,0,122.0
10109792SOUZAL_2025-05-19_G33,10109792SOUZAL,2025-05-19,117831,1,6,0,283.0
10109792SOUZAL_2025-05-19_G34,10109792SOUZAL,2025-05-19,111444,1,1,0,52.0
10109792SOUZAL_2025-05-19_G35,10109792SOUZAL,2025-05-19,117785,1,10,0,142.0
10109792SOUZAL_2025-05-19_G36,10109792SOUZAL,2025-05-19,118298,1,2,0,174.0
10109792SOUZAL_2025-05-19_G37,10109792SOUZAL,2025-05-19,118094,1,8,0,198.0
10109792SOUZAL_2025-05-19_G38,10109792SOUZAL,2025-05-19,110515,1,8,0,183.0
10109792SOUZAL_2025-05-19_G39,10109792SOUZAL,2025-05-19,108798,1,8,0,109.0
10109792SOUZAL_2025-05-19_G40,10109792SOUZAL,2025-05-19,111418,1,4,0,92.0
10109792SOUZAL_2025-05-19_G41,10109792SOUZAL,2025-05-19,117832,1,4,0,777.0
10109792SOUZAL_2025-05-19_G42,10109792SOUZAL,2025-05-19,111433,1,4,0,182.0
10109792SOUZAL_2025-05-19_G43,10109792SOUZAL,2025-05-19,111463,1,4,0,155.0
10109792SOUZAL_2025-05-19_G44,10109792SOUZAL,2025-05-19,110129,1,2,0,143.0
10109792SOUZAL_2025-05-19_G45,10109792SOUZAL,2025-05-19,111438,1,1,0,116.0
10109792SOUZAL_2025-05-19_G46,10109792SOUZAL,2025-05-19,109647,1,1,0,98.0
10109792SOUZAL_2025-05-19_G47,10109792SOUZAL,2025-05-19,110751,1,2,0,136.0
10109792SOUZAL_2025-05-19_G48,10109792SOUZAL,2025-05-19,108794,1,10,0,185.0
10109792SOUZAL_2025-05-19_G49,10109792SOUZAL,2025-05-19,118222,1,8,0,329.0
10109792SOUZAL_2025-05-19_G50,10109792SOUZAL,2025-05-19,117835,1,4,0,151.0
10109792SOUZAL_2025-05-19_G51,10109792SOUZAL,2025-05-19,118299,1,8,0,300.0
10109792SOUZAL_2025-05-19_G52,10109792SOUZAL,2025-05-19,118140,1,8,0,179.0
10109792SOUZAL_2025-05-19_G53,10109792SOUZAL,2025-05-19,118004,1,12,0,326.0
10109792SOUZAL_2025-05-19_G54,10109792SOUZAL,2025-05-19,111330,1,3,0,256.0
10109792SOUZAL_2025-05-19_G55,10109792SOUZAL,2025-05-19,110751,1,8,0,191.0
10109792SOUZAL_2025-05-19_G56,10109792SOUZAL,2025-05-19,110754,1,1,0,89.0
10109792SOUZAL_2025-05-19_G57,10109792SOUZAL,2025-05-19,117835,1,1,0,121.0
10109792SOUZAL_2025-05-19_G58,10109792SOUZAL,2025-05-19,110371,1,6,0,261.0
10109792SOUZAL_2025-05-19_G59,10109792SOUZAL,2025-05-19,117808,1,4,0,124.0
10109792SOUZAL_2025-05-19_G60,10109792SOUZAL,2025-05-19,110895,1,4,0,255.0
10109792SOUZAL_2025-05-19_G61,10109792SOUZAL,2025-05-19,108711,1,8,0,165.0
10109792SOUZAL_2025-05-19_G62,10109792SOUZAL,2025-05-19,110375,1,4,0,167.0
10109792SOUZAL_2025-05-19_G63,10109792SOUZAL,2025-05-19,117832,1,4,0,131.0
10109792SOUZAL_2025-05-19_G64,10109792SOUZAL,2025-05-19,111569,1,4,0,312.0
10109792SOUZAL_2025-05-19_G65,10109792SOUZAL,2025-05-19,118140,1,1,0,67.0
10109792SOUZAL_2025-05-19_G66,10109792SOUZAL,2025-05-19,110371,1,3,0,108.0
10109792SOUZAL_2025-05-19_G67,10109792SOUZAL,2025-05-19,111330,1,3,0,118.0
10109792SOUZAL_2025-05-19_G68,10109792SOUZAL,2025-05-19,110373,1,14,0,159.0
10109792SOUZAL_2025-05-19_G70,10109792SOUZAL,2025-05-19,110112,1,4,0,454.0
10109792SOUZAL_2025-05-19_G71,10109792SOUZAL,2025-05-19,111441,1,12,0,270.0
10109792SOUZAL_2025-05-19_G72,10109792SOUZAL,2025-05-19,117789,1,2,0,95.0
10109792SOUZAL_2025-05-19_G73,10109792SOUZAL,2025-05-19,111110,1,4,0,156.0
10109792SOUZAL_2025-05-19_G74,10109792SOUZAL,2025-05-19,110754,1,2,0,92.0
10109792SOUZAL_2025-05-19_G75,10109792SOUZAL,2025-05-19,107629,1,30,0,373.0
10109792SOUZAL_2025-05-19_G76,10109792SOUZAL,2025-05-19,111876,1,11,0,276.0
10109792SOUZAL_2025-05-19_G77,10109792SOUZAL,2025-05-19,117861,1,20,0,384.0
10109792SOUZAL_2025-05-19_G78,10109792SOUZAL,2025-05-19,110745,1,20,0,372.0
10109792SOUZAL_2025-05-19_G79,10109792SOUZAL,2025-05-19,108798,1,10,0,219.0
10109792SOUZAL_2025-05-19_G80,10109792SOUZAL,2025-05-19,111444,1,10,0,192.0
10109792SOUZAL_2025-05-19_G81,10109792SOUZAL,2025-05-19,107830,1,20,0,375.0
10109792SOUZAL_2025-05-19_G82,10109792SOUZAL,2025-05-19,117809,1,420,0,1563.0
10109792SOUZAL_2025-05-19_G83,10109792SOUZAL,2025-05-19,111466,1,500,0,1342.0
10109792SOUZAL_2025-05-19_G84,10109792SOUZAL,2025-05-19,118140,1,550,0,689.0
10109792SOUZAL_2025-05-20_G02,10109792SOUZAL,2025-05-20,100334,1,4,0,55.0
10109792SOUZAL_2025-05-20_G03,10109792SOUZAL,2025-05-20,111441,1,4,0,137.0
10109792SOUZAL_2025-05-20_G04,10109792SOUZAL,2025-05-20,111441,1,4,0,209.0
10109792SOUZAL_2025-05-20_G05,10109792SOUZAL,2025-05-20,110895,1,1,0,65.0
10109792SOUZAL_2025-05-20_G06,10109792SOUZAL,2025-05-20,111569,1,4,0,113.0
10109792SOUZAL_2025-05-20_G07,10109792SOUZAL,2025-05-20,111569,1,12,0,592.0
10109792SOUZAL_2025-05-20_G08,10109792SOUZAL,2025-05-20,109937,1,4,0,948.0
10109792SOUZAL_2025-05-20_G09,10109792SOUZAL,2025-05-20,109643,1,8,0,218.0
10109792SOUZAL_2025-05-20_G10,10109792SOUZAL,2025-05-20,110371,1,29,0,245.0
10109792SOUZAL_2025-05-20_G11,10109792SOUZAL,2025-05-20,110373,1,41,0,613.0
10109792SOUZAL_2025-05-20_G12,10109792SOUZAL,2025-05-20,110373,1,33,0,110.0
10109792SOUZAL_2025-05-20_G13,10109792SOUZAL,2025-05-20,110373,1,12,0,43.0
10109792SOUZAL_2025-05-20_G14,10109792SOUZAL,2025-05-20,107830,1,4,0,262.0
10109792SOUZAL_2025-05-20_G15,10109792SOUZAL,2025-05-20,110371,1,19,0,497.0
10109792SOUZAL_2025-05-20_G16,10109792SOUZAL,2025-05-20,117820,3,15,12,129.0
10109792SOUZAL_2025-05-20_G17,10109792SOUZAL,2025-05-20,117822,1,4,0,92.0
10109792SOUZAL_2025-05-20_G18,10109792SOUZAL,2025-05-20,110376,1,11,0,83.0
10109792SOUZAL_2025-05-20_G19,10109792SOUZAL,2025-05-20,110372,4,44,41,469.0
10109792SOUZAL_2025-05-20_G20,10109792SOUZAL,2025-05-20,117832,1,8,0,412.0
10109792SOUZAL_2025-05-20_G21,10109792SOUZAL,2025-05-20,118299,2,20,10,54.0
10109792SOUZAL_2025-05-20_G22,10109792SOUZAL,2025-05-20,117808,4,23,22,312.0
10109792SOUZAL_2025-05-20_G23,10109792SOUZAL,2025-05-20,111463,1,1,0,172.0
10109792SOUZAL_2025-05-20_G24,10109792SOUZAL,2025-05-20,110787,1,22,0,127.0
10109792SOUZAL_2025-05-21_G02,10109792SOUZAL,2025-05-21,107629,1,2,0,52.0
10109792SOUZAL_2025-05-21_G03,10109792SOUZAL,2025-05-21,111467,1,2,0,138.0
10109792SOUZAL_2025-05-21_G04,10109792SOUZAL,2025-05-21,110515,1,7,0,152.0
10109792SOUZAL_2025-05-21_G05,10109792SOUZAL,2025-05-21,111723,1,1,0,107.0
10109792SOUZAL_2025-05-21_G06,10109792SOUZAL,2025-05-21,110743,1,2,0,553.0
10109792SOUZAL_2025-05-21_G07,10109792SOUZAL,2025-05-21,111463,1,8,0,107.0
10109792SOUZAL_2025-05-21_G08,10109792SOUZAL,2025-05-21,108711,1,15,0,77.0
10109792SOUZAL_2025-05-21_G09,10109792SOUZAL,2025-05-21,110745,1,4,0,307.0
10109792SOUZAL_2025-05-21_G10,10109792SOUZAL,2025-05-21,117833,1,8,0,124.0
10109792SOUZAL_2025-05-21_G11,10109792SOUZAL,2025-05-21,111532,1,7,0,93.0
10109792SOUZAL_2025-05-21_G12,10109792SOUZAL,2025-05-21,108794,1,8,0,110.0
10109792SOUZAL_2025-05-21_G13,10109792SOUZAL,2025-05-21,117785,1,6,0,90.0
10109792SOUZAL_2025-05-21_G14,10109792SOUZAL,2025-05-21,111751,1,5,0,632.0
10109792SOUZAL_2025-05-21_G15,10109792SOUZAL,2025-05-21,117820,1,16,0,120.0
10109792SOUZAL_2025-05-21_G16,10109792SOUZAL,2025-05-21,111742,1,2,0,403.0
10109792SOUZAL_2025-05-21_G17,10109792SOUZAL,2025-05-21,111753,1,10,0,627.0
10109792SOUZAL_2025-05-21_G18,10109792SOUZAL,2025-05-21,118299,1,80,0,487.0
10109792SOUZAL_2025-05-21_G19,10109792SOUZAL,2025-05-21,107629,1,2,0,683.0
10109792SOUZAL_2025-05-21_G20,10109792SOUZAL,2025-05-21,101217,1,2,0,78.0
10109792SOUZAL_2025-05-21_G21,10109792SOUZAL,2025-05-21,111462,1,1,0,136.0
10109792SOUZAL_2025-05-21_G22,10109792SOUZAL,2025-05-21,118140,1,3,0,128.0
10109792SOUZAL_2025-05-21_G23,10109792SOUZAL,2025-05-21,117833,1,6,0,87.0
10109792SOUZAL_2025-05-21_G24,10109792SOUZAL,2025-05-21,108798,1,2,0,64.0
10109792SOUZAL_2025-05-21_G25,10109792SOUZAL,2025-05-21,108794,1,4,0,80.0
10109792SOUZAL_2025-05-21_G26,10109792SOUZAL,2025-05-21,118191,1,12,0,149.0
10109792SOUZAL_2025-05-21_G27,10109792SOUZAL,2025-05-21,117820,1,4,0,65.0
10109792SOUZAL_2025-05-21_G28,10109792SOUZAL,2025-05-21,110372,1,4,0,103.0
10109792SOUZAL_2025-05-21_G29,10109792SOUZAL,2025-05-21,117830,1,3,0,54.0
10109792SOUZAL_2025-05-21_G30,10109792SOUZAL,2025-05-21,118299,1,60,0,461.0
10109792SOUZAL_2025-05-21_G31,10109792SOUZAL,2025-05-21,117809,1,12,0,98.0
10109792SOUZAL_2025-05-21_G32,10109792SOUZAL,2025-05-21,117808,1,11,0,207.0
10109792SOUZAL_2025-05-21_G33,10109792SOUZAL,2025-05-21,109647,1,4,0,848.0
10109792SOUZAL_2025-05-21_G34,10109792SOUZAL,2025-05-21,105705,1,4,0,129.0
10109792SOUZAL_2025-05-21_G35,10109792SOUZAL,2025-05-21,110371,1,6,0,143.0
10109792SOUZAL_2025-05-21_G36,10109792SOUZAL,2025-05-21,110747,1,3,0,340.0
10109792SOUZAL_2025-05-21_G37,10109792SOUZAL,2025-05-21,111569,1,6,0,192.0
10109792SOUZAL_2025-05-21_G38,10109792SOUZAL,2025-05-21,141047,1,2,0,88.0
10109792SOUZAL_2025-05-21_G39,10109792SOUZAL,2025-05-21,110515,1,5,0,223.0
10109792SOUZAL_2025-05-21_G40,10109792SOUZAL,2025-05-21,111463,1,3,0,108.0
10109792SOUZAL_2025-05-21_G41,10109792SOUZAL,2025-05-21,140922,1,2,0,41.0
10109792SOUZAL_2025-05-21_G42,10109792SOUZAL,2025-05-21,111465,1,3,0,106.0
10109792SOUZAL_2025-05-21_G43,10109792SOUZAL,2025-05-21,109643,1,4,0,101.0
10109792SOUZAL_2025-05-21_G44,10109792SOUZAL,2025-05-21,110374,1,4,0,167.0
10109792SOUZAL_2025-05-21_G45,10109792SOUZAL,2025-05-21,110372,1,25,0,247.0
10109792SOUZAL_2025-05-21_G46,10109792SOUZAL,2025-05-21,118094,1,4,0,465.0
10109792SOUZAL_2025-05-21_G47,10109792SOUZAL,2025-05-21,111439,1,4,0,118.0
10109792SOUZAL_2025-05-21_G48,10109792SOUZAL,2025-05-21,110711,1,8,0,123.0
10109792SOUZAL_2025-05-21_G50,10109792SOUZAL,2025-05-21,160057,1,2,0,46.0
10109792SOUZAL_2025-05-21_G51,10109792SOUZAL,2025-05-21,111438,1,4,0,177.0
10109792SOUZAL_2025-05-21_G52,10109792SOUZAL,2025-05-21,108770,1,4,0,114.0
10109792SOUZAL_2025-05-21_G53,10109792SOUZAL,2025-05-21,118298,1,2,0,275.0
10109792SOUZAL_2025-05-21_G54,10109792SOUZAL,2025-05-21,111439,1,4,0,106.0
10109792SOUZAL_2025-05-21_G55,10109792SOUZAL,2025-05-21,111530,1,4,0,100.0
10109792SOUZAL_2025-05-21_G56,10109792SOUZAL,2025-05-21,111435,1,2,0,145.0
10109792SOUZAL_2025-05-21_G57,10109792SOUZAL,2025-05-21,109641,1,8,0,185.0
10109792SOUZAL_2025-05-21_G58,10109792SOUZAL,2025-05-21,111466,1,10,0,383.0
10109792SOUZAL_2025-05-21_G59,10109792SOUZAL,2025-05-21,117833,1,4,0,93.0
10109792SOUZAL_2025-05-21_G60,10109792SOUZAL,2025-05-21,108798,1,2,0,74.0
10109792SOUZAL_2025-05-21_G61,10109792SOUZAL,2025-05-21,111532,1,4,0,59.0
10109792SOUZAL_2025-05-21_G62,10109792SOUZAL,2025-05-21,118004,1,8,0,173.0
10109792SOUZAL_2025-05-21_G63,10109792SOUZAL,2025-05-21,111418,1,10,0,388.0
10109792SOUZAL_2025-05-21_G64,10109792SOUZAL,2025-05-21,117831,1,16,0,170.0
10109792SOUZAL_2025-05-21_G65,10109792SOUZAL,2025-05-21,111348,1,2,0,72.0
10109792SOUZAL_2025-05-21_G66,10109792SOUZAL,2025-05-21,111463,1,9,0,1157.0
10109792SOUZAL_2025-05-21_G67,10109792SOUZAL,2025-05-21,108711,1,3,0,56.0
10109792SOUZAL_2025-05-21_G68,10109792SOUZAL,2025-05-21,111418,1,366,0,1364.0
10109792SOUZAL_2025-05-21_G69,10109792SOUZAL,2025-05-21,110787,1,11,0,128.0
10109792SOUZAL_2025-05-21_G70,10109792SOUZAL,2025-05-21,118317,1,37,0,1639.0
10109792SOUZAL_2025-05-21_G71,10109792SOUZAL,2025-05-21,117830,1,41,0,738.0
10109792SOUZAL_2025-05-26_G02,10109792SOUZAL,2025-05-26,111466,1,10,0,105.0
10109792SOUZAL_2025-05-26_G03,10109792SOUZAL,2025-05-26,118140,1,20,0,443.0
10109792SOUZAL_2025-05-26_G04,10109792SOUZAL,2025-05-26,110373,1,4,0,113.0
10109792SOUZAL_2025-05-26_G05,10109792SOUZAL,2025-05-26,108711,1,4,0,216.0
10109792SOUZAL_2025-05-26_G06,10109792SOUZAL,2025-05-26,111469,1,6,0,380.0
10109792SOUZAL_2025-05-26_G07,10109792SOUZAL,2025-05-26,110733,1,7,0,206.0
10109792SOUZAL_2025-05-26_G08,10109792SOUZAL,2025-05-26,111530,1,4,0,160.0
10109792SOUZAL_2025-05-26_G09,10109792SOUZAL,2025-05-26,100334,1,1,0,361.0
10109792SOUZAL_2025-05-26_G10,10109792SOUZAL,2025-05-26,111569,1,4,0,194.0
10109792SOUZAL_2025-05-26_G11,10109792SOUZAL,2025-05-26,117853,1,4,0,141.0
10109792SOUZAL_2025-05-26_G12,10109792SOUZAL,2025-05-26,108711,1,3,0,115.0
10109792SOUZAL_2025-05-26_G13,10109792SOUZAL,2025-05-26,109645,1,2,0,131.0
10109792SOUZAL_2025-05-26_G14,10109792SOUZAL,2025-05-26,109643,1,2,0,134.0
10109792SOUZAL_2025-05-26_G15,10109792SOUZAL,2025-05-26,117808,1,7,0,89.0
10109792SOUZAL_2025-05-26_G16,10109792SOUZAL,2025-05-26,117820,1,2,0,131.0
10109792SOUZAL_2025-05-26_G17,10109792SOUZAL,2025-05-26,118299,1,10,0,164.0
10109792SOUZAL_2025-05-26_G18,10109792SOUZAL,2025-05-26,"110372, 117830",2,18,19,114.0
10109792SOUZAL_2025-05-26_G19,10109792SOUZAL,2025-05-26,117809,1,3,0,175.0
10109792SOUZAL_2025-05-26_G20,10109792SOUZAL,2025-05-26,111602,1,4,0,1242.0
10109792SOUZAL_2025-05-26_G21,10109792SOUZAL,2025-05-26,108711,1,8,0,171.0
10109792SOUZAL_2025-05-26_G22,10109792SOUZAL,2025-05-26,118004,1,4,0,120.0
10109792SOUZAL_2025-05-26_G23,10109792SOUZAL,2025-05-26,110787,1,8,0,115.0
10109792SOUZAL_2025-05-26_G24,10109792SOUZAL,2025-05-26,109640,1,4,0,215.0
10109792SOUZAL_2025-05-26_G25,10109792SOUZAL,2025-05-26,118140,1,4,0,231.0
10109792SOUZAL_2025-05-26_G26,10109792SOUZAL,2025-05-26,110895,1,2,0,617.0
10109792SOUZAL_2025-05-26_G27,10109792SOUZAL,2025-05-26,111876,1,2,0,138.0
10109792SOUZAL_2025-05-26_G28,10109792SOUZAL,2025-05-26,117862,1,4,0,102.0
10109792SOUZAL_2025-05-26_G29,10109792SOUZAL,2025-05-26,110753,1,2,0,47.0
10109792SOUZAL_2025-05-26_G30,10109792SOUZAL,2025-05-26,117855,2,3,7,34.0
10109792SOUZAL_2025-05-26_G31,10109792SOUZAL,2025-05-26,117861,1,1,0,50.0
10109792SOUZAL_2025-05-26_G32,10109792SOUZAL,2025-05-26,105242,1,2,0,108.0
10109792SOUZAL_2025-05-26_G33,10109792SOUZAL,2025-05-26,111602,1,4,0,668.0
10109792SOUZAL_2025-05-26_G34,10109792SOUZAL,2025-05-26,110515,1,2,0,91.0
10109792SOUZAL_2025-05-26_G35,10109792SOUZAL,2025-05-26,110376,1,2,0,69.0
10109792SOUZAL_2025-05-26_G36,10109792SOUZAL,2025-05-26,118299,1,2,0,95.0
10109792SOUZAL_2025-05-26_G37,10109792SOUZAL,2025-05-26,110372,1,6,0,70.0
10109792SOUZAL_2025-05-26_G38,10109792SOUZAL,2025-05-26,111466,1,4,0,160.0
10109792SOUZAL_2025-05-26_G39,10109792SOUZAL,2025-05-26,"117785, 111463",2,4,16,101.0
10109792SOUZAL_2025-05-26_G40,10109792SOUZAL,2025-05-26,117838,1,2,0,98.0
10109792SOUZAL_2025-05-26_G41,10109792SOUZAL,2025-05-26,117831,1,6,0,88.0
10109792SOUZAL_2025-05-26_G42,10109792SOUZAL,2025-05-26,110787,1,1,0,80.0
10109792SOUZAL_2025-05-26_G43,10109792SOUZAL,2025-05-26,110895,1,1,0,1155.0
10109792SOUZAL_2025-05-26_G44,10109792SOUZAL,2025-05-26,118306,1,1,0,80.0
10109792SOUZAL_2025-05-26_G45,10109792SOUZAL,2025-05-26,110755,1,4,0,159.0
10109792SOUZAL_2025-05-26_G46,10109792SOUZAL,2025-05-26,117837,1,4,0,114.0
10109792SOUZAL_2025-05-26_G47,10109792SOUZAL,2025-05-26,117856,1,2,0,98.0
10109792SOUZAL_2025-05-26_G48,10109792SOUZAL,2025-05-26,111530,1,2,0,119.0
10109792SOUZAL_2025-05-26_G49,10109792SOUZAL,2025-05-26,111463,1,12,0,159.0
10109792SOUZAL_2025-05-26_G50,10109792SOUZAL,2025-05-26,111468,1,2,0,87.0
10109792SOUZAL_2025-05-26_G51,10109792SOUZAL,2025-05-26,117821,1,2,0,133.0
10109792SOUZAL_2025-05-26_G52,10109792SOUZAL,2025-05-26,111348,1,1,0,45.0
10109792SOUZAL_2025-05-26_G53,10109792SOUZAL,2025-05-26,107236,1,1,0,93.0
10109792SOUZAL_2025-05-26_G54,10109792SOUZAL,2025-05-26,117808,1,1,0,121.0
10109792SOUZAL_2025-05-26_G55,10109792SOUZAL,2025-05-26,110373,1,8,0,106.0
10109792SOUZAL_2025-05-26_G56,10109792SOUZAL,2025-05-26,118299,1,8,0,137.0
10109792SOUZAL_2025-05-26_G57,10109792SOUZAL,2025-05-26,110372,1,2,0,47.0
10109792SOUZAL_2025-05-26_G59,10109792SOUZAL,2025-05-26,107629,1,2,0,100.0
10109792SOUZAL_2025-05-26_G60,10109792SOUZAL,2025-05-26,117786,1,6,0,170.0
10109792SOUZAL_2025-05-26_G61,10109792SOUZAL,2025-05-26,111530,1,2,0,99.0
10109792SOUZAL_2025-05-28_G02,10109792SOUZAL,2025-05-28,111431,1,7,0,197.0
10109792SOUZAL_2025-05-28_G03,10109792SOUZAL,2025-05-28,110787,1,6,0,184.0
10109792SOUZAL_2025-05-28_G04,10109792SOUZAL,2025-05-28,110754,1,4,0,523.0
10109792SOUZAL_2025-05-28_G05,10109792SOUZAL,2025-05-28,110751,1,11,0,109.0
10109792SOUZAL_2025-05-28_G06,10109792SOUZAL,2025-05-28,111469,1,2,0,205.0
10109792SOUZAL_2025-05-28_G07,10109792SOUZAL,2025-05-28,111431,1,4,0,159.0
10109792SOUZAL_2025-05-28_G08,10109792SOUZAL,2025-05-28,116241,1,5,0,201.0
10109792SOUZAL_2025-05-28_G09,10109792SOUZAL,2025-05-28,118004,1,8,0,316.0
10109792SOUZAL_2025-05-28_G10,10109792SOUZAL,2025-05-28,111469,1,12,0,286.0
10109792SOUZAL_2025-05-28_G11,10109792SOUZAL,2025-05-28,111431,1,4,0,127.0
10109792SOUZAL_2025-05-28_G12,10109792SOUZAL,2025-05-28,110787,1,8,0,1204.0
10109792SOUZAL_2025-05-28_G13,10109792SOUZAL,2025-05-28,111431,1,1,0,180.0
10109792SOUZAL_2025-05-28_G14,10109792SOUZAL,2025-05-28,111431,1,2,0,55.0
10109792SOUZAL_2025-05-28_G15,10109792SOUZAL,2025-05-28,109643,1,2,0,65.0
10109792SOUZAL_2025-05-28_G18,10109792SOUZAL,2025-05-28,117831,1,100,0,534.0
10109792SOUZAL_2025-05-28_G19,10109792SOUZAL,2025-05-28,118004,1,45,0,377.0
10109792SOUZAL_2025-05-28_G20,10109792SOUZAL,2025-05-28,111465,1,40,0,839.0
10109792SOUZAL_2025-05-28_G21,10109792SOUZAL,2025-05-28,117785,1,100,0,661.0
10109792SOUZAL_2025-05-28_G22,10109792SOUZAL,2025-05-28,110787,1,14,0,154.0
10109792SOUZAL_2025-05-28_G24,10109792SOUZAL,2025-05-28,117935,1,4,0,114.0
10109792SOUZAL_2025-05-28_G25,10109792SOUZAL,2025-05-28,111660,1,2,0,515.0
10109792SOUZAL_2025-05-28_G26,10109792SOUZAL,2025-05-28,110895,1,4,0,110.0
10109792SOUZAL_2025-05-28_G27,10109792SOUZAL,2025-05-28,111418,1,5,0,91.0
10109792SOUZAL_2025-05-28_G28,10109792SOUZAL,2025-05-28,118094,1,2,0,83.0
10109792SOUZAL_2025-05-28_G29,10109792SOUZAL,2025-05-28,117861,1,2,0,94.0
10109792SOUZAL_2025-05-28_G30,10109792SOUZAL,2025-05-28,117786,1,4,0,106.0
10109792SOUZAL_2025-05-28_G31,10109792SOUZAL,2025-05-28,110371,1,6,0,121.0
10109792SOUZAL_2025-05-28_G32,10109792SOUZAL,2025-05-28,110373,1,5,0,109.0
10109792SOUZAL_2025-05-28_G33,10109792SOUZAL,2025-05-28,110376,1,2,0,86.0
10109792SOUZAL_2025-05-28_G34,10109792SOUZAL,2025-05-28,117832,1,8,0,87.0
10109792SOUZAL_2025-05-28_G35,10109792SOUZAL,2025-05-28,117809,1,5,0,84.0
10109792SOUZAL_2025-05-28_G36,10109792SOUZAL,2025-05-28,116241,1,6,0,389.0
10109792SOUZAL_2025-05-28_G37,10109792SOUZAL,2025-05-28,110742,1,4,0,418.0
10109792SOUZAL_2025-05-29_G02,10109792SOUZAL,2025-05-29,117785,1,60,0,1121.0
10109792SOUZAL_2025-05-29_G03,10109792SOUZAL,2025-05-29,140922,1,12,0,184.0
10109792SOUZAL_2025-05-29_G04,10109792SOUZAL,2025-05-29,111465,1,20,0,326.0
10109792SOUZAL_2025-05-29_G05,10109792SOUZAL,2025-05-29,118094,1,7,0,1621.0
10109792SOUZAL_2025-05-29_G06,10109792SOUZAL,2025-05-29,110339,1,1,0,63.0
10109792SOUZAL_2025-05-29_G07,10109792SOUZAL,2025-05-29,118298,1,18,0,163.0
10109792SOUZAL_2025-05-29_G08,10109792SOUZAL,2025-05-29,117862,1,28,0,756.0
10109792SOUZAL_2025-05-29_G09,10109792SOUZAL,2025-05-29,117856,1,8,0,106.0
10109792SOUZAL_2025-05-29_G10,10109792SOUZAL,2025-05-29,111602,1,23,0,457.0
10109792SOUZAL_2025-05-29_G11,10109792SOUZAL,2025-05-29,111442,1,5,0,373.0
10109792SOUZAL_2025-05-29_G12,10109792SOUZAL,2025-05-29,110748,1,6,0,966.0
10109792SOUZAL_2025-05-29_G13,10109792SOUZAL,2025-05-29,118140,1,40,0,466.0
10109792SOUZAL_2025-05-29_G14,10109792SOUZAL,2025-05-29,111418,1,60,0,920.0
10109792SOUZAL_2025-05-29_G15,10109792SOUZAL,2025-05-29,111433,1,7,0,205.0
10109792SOUZAL_2025-05-29_G16,10109792SOUZAL,2025-05-29,110332,1,12,0,535.0
10109792SOUZAL_2025-05-29_G17,10109792SOUZAL,2025-05-29,111463,1,31,0,1430.0
10109792SOUZAL_2025-05-29_G19,10109792SOUZAL,2025-05-29,110787,1,4,0,223.0
10109792SOUZAL_2025-05-29_G20,10109792SOUZAL,2025-05-29,117820,1,832,0,773.0
10109792SOUZAL_2025-05-29_G21,10109792SOUZAL,2025-05-29,109647,1,6,0,2764.0
10109792SOUZAL_2025-05-29_G22,10109792SOUZAL,2025-05-29,118094,1,25,0,235.0
10109792SOUZAL_2025-05-29_G23,10109792SOUZAL,2025-05-29,117788,1,7,0,68.0
10109792SOUZAL_2025-05-29_G24,10109792SOUZAL,2025-05-29,118298,1,16,0,187.0
10109792SOUZAL_2025-05-29_G25,10109792SOUZAL,2025-05-29,117862,1,40,0,353.0
10109792SOUZAL_2025-05-29_G26,10109792SOUZAL,2025-05-29,111879,1,6,0,277.0
10109792SOUZAL_2025-05-29_G27,10109792SOUZAL,2025-05-29,118140,1,30,0,353.0
10109792SOUZAL_2025-05-29_G28,10109792SOUZAL,2025-05-29,111466,1,25,0,208.0
10109793RIBEIROP_2025-03-29_G02,10109793RIBEIROP,2025-03-29,110895,1,6,0,259.0
10109793RIBEIROP_2025-03-29_G03,10109793RIBEIROP,2025-03-29,111602,1,8,0,405.0
10109793RIBEIROP_2025-03-29_G04,10109793RIBEIROP,2025-03-29,111467,1,3,0,345.0
10109793RIBEIROP_2025-03-29_G05,10109793RIBEIROP,2025-03-29,111467,1,2,0,54.0
10109793RIBEIROP_2025-03-29_G07,10109793RIBEIROP,2025-03-29,111728,1,34,0,1293.0
10109793RIBEIROP_2025-03-29_G08,10109793RIBEIROP,2025-03-29,110787,1,15,0,326.0
10109793RIBEIROP_2025-03-29_G09,10109793RIBEIROP,2025-03-29,110372,1,421,0,3363.0
10109793RIBEIROP_2025-03-31_G02,10109793RIBEIROP,2025-03-31,111441,1,5,0,290.0
10109793RIBEIROP_2025-03-31_G03,10109793RIBEIROP,2025-03-31,141047,1,10,0,875.0
10109793RIBEIROP_2025-03-31_G04,10109793RIBEIROP,2025-03-31,111467,1,79,0,1103.0
10109793RIBEIROP_2025-03-31_G05,10109793RIBEIROP,2025-03-31,111602,1,10,0,371.0
10109793RIBEIROP_2025-03-31_G06,10109793RIBEIROP,2025-03-31,109640,1,9,0,690.0
10109793RIBEIROP_2025-03-31_G07,10109793RIBEIROP,2025-03-31,118140,1,100,0,968.0
10109793RIBEIROP_2025-03-31_G08,10109793RIBEIROP,2025-03-31,118140,1,39,0,660.0
10109793RIBEIROP_2025-03-31_G09,10109793RIBEIROP,2025-03-31,117808,1,200,0,3130.0
10109793RIBEIROP_2025-03-31_G10,10109793RIBEIROP,2025-03-31,110372,1,40,0,1155.0
10109793RIBEIROP_2025-04-01_G02,10109793RIBEIROP,2025-04-01,111182,1,327,0,2769.0
10109793RIBEIROP_2025-04-01_G03,10109793RIBEIROP,2025-04-01,111443,1,20,0,1326.0
10109793RIBEIROP_2025-04-01_G04,10109793RIBEIROP,2025-04-01,111182,1,144,0,870.0
10109793RIBEIROP_2025-04-01_G05,10109793RIBEIROP,2025-04-01,111430,1,112,0,1141.0
10109793RIBEIROP_2025-04-01_G06,10109793RIBEIROP,2025-04-01,110339,1,70,0,923.0
10109793RIBEIROP_2025-04-01_G07,10109793RIBEIROP,2025-04-01,109647,1,47,0,804.0
10109793RIBEIROP_2025-04-01_G08,10109793RIBEIROP,2025-04-01,108772,1,26,0,899.0
10109793RIBEIROP_2025-04-03_G02,10109793RIBEIROP,2025-04-03,111182,1,10,0,1190.0
10109793RIBEIROP_2025-04-03_G03,10109793RIBEIROP,2025-04-03,111433,1,74,0,638.0
10109793RIBEIROP_2025-04-03_G04,10109793RIBEIROP,2025-04-03,111182,1,124,0,330.0
10109793RIBEIROP_2025-04-03_G05,10109793RIBEIROP,2025-04-03,111532,1,80,0,120.0
10109793RIBEIROP_2025-04-03_G06,10109793RIBEIROP,2025-04-03,109641,1,107,0,765.0
10109793RIBEIROP_2025-04-04_G02,10109793RIBEIROP,2025-04-04,117831,1,2,0,223.0
10109793RIBEIROP_2025-04-04_G03,10109793RIBEIROP,2025-04-04,118299,1,100,0,1652.0
10109793RIBEIROP_2025-04-04_G04,10109793RIBEIROP,2025-04-04,117808,1,200,0,1015.0
10109793RIBEIROP_2025-04-04_G05,10109793RIBEIROP,2025-04-04,117831,1,10,0,1785.0
10109793RIBEIROP_2025-04-04_G06,10109793RIBEIROP,2025-04-04,111418,1,100,0,730.0
10109793RIBEIROP_2025-04-04_G07,10109793RIBEIROP,2025-04-04,111469,1,40,0,823.0
10109793RIBEIROP_2025-04-04_G08,10109793RIBEIROP,2025-04-04,111465,1,12,0,340.0
10109793RIBEIROP_2025-04-04_G09,10109793RIBEIROP,2025-04-04,110740,1,16,0,1441.0
10109793RIBEIROP_2025-04-05_G02,10109793RIBEIROP,2025-04-05,120002,1,30,0,211.0
10109793RIBEIROP_2025-04-05_G03,10109793RIBEIROP,2025-04-05,108795,1,50,0,412.0
10109793RIBEIROP_2025-04-05_G04,10109793RIBEIROP,2025-04-05,111469,1,63,0,1190.0
10109793RIBEIROP_2025-04-05_G06,10109793RIBEIROP,2025-04-05,111182,1,179,0,765.0
10109793RIBEIROP_2025-04-05_G07,10109793RIBEIROP,2025-04-05,111437,1,58,0,252.0
10109793RIBEIROP_2025-04-05_G08,10109793RIBEIROP,2025-04-05,111182,1,3,0,265.0
10109793RIBEIROP_2025-04-05_G09,10109793RIBEIROP,2025-04-05,117787,1,56,0,365.0
10109793RIBEIROP_2025-04-05_G10,10109793RIBEIROP,2025-04-05,110895,1,50,0,126.0
10109793RIBEIROP_2025-04-05_G11,10109793RIBEIROP,2025-04-05,118094,1,5,0,181.0
10109793RIBEIROP_2025-04-05_G12,10109793RIBEIROP,2025-04-05,110787,1,131,0,833.0
10109793RIBEIROP_2025-04-05_G13,10109793RIBEIROP,2025-04-05,111439,1,15,0,336.0
10109793RIBEIROP_2025-04-05_G14,10109793RIBEIROP,2025-04-05,110515,1,50,0,410.0
10109793RIBEIROP_2025-04-05_G15,10109793RIBEIROP,2025-04-05,108772,1,10,0,203.0
10109793RIBEIROP_2025-04-07_G02,10109793RIBEIROP,2025-04-07,111466,1,750,0,2077.0
10109793RIBEIROP_2025-04-07_G03,10109793RIBEIROP,2025-04-07,111532,1,570,0,1527.0
10109793RIBEIROP_2025-04-07_G06,10109793RIBEIROP,2025-04-07,117809,1,41,0,1061.0
10109793RIBEIROP_2025-04-07_G07,10109793RIBEIROP,2025-04-07,118299,1,18,0,190.0
10109793RIBEIROP_2025-04-07_G08,10109793RIBEIROP,2025-04-07,104534,1,1,0,3024.0
10109793RIBEIROP_2025-04-07_G09,10109793RIBEIROP,2025-04-07,110339,1,2,0,86.0
10109793RIBEIROP_2025-04-07_G10,10109793RIBEIROP,2025-04-07,117855,1,30,0,750.0
10109793RIBEIROP_2025-04-07_G11,10109793RIBEIROP,2025-04-07,117830,1,14,0,424.0
10109793RIBEIROP_2025-04-07_G12,10109793RIBEIROP,2025-04-07,117820,1,6,0,82.0
10109793RIBEIROP_2025-04-07_G13,10109793RIBEIROP,2025-04-07,117820,1,20,0,109.0
10109793RIBEIROP_2025-04-07_G14,10109793RIBEIROP,2025-04-07,117808,1,97,0,283.0
10109793RIBEIROP_2025-04-07_G15,10109793RIBEIROP,2025-04-07,117808,1,30,0,240.0
10109793RIBEIROP_2025-04-07_G16,10109793RIBEIROP,2025-04-07,110372,1,23,0,219.0
10109793RIBEIROP_2025-04-07_G17,10109793RIBEIROP,2025-04-07,110373,1,42,0,382.0
10109793RIBEIROP_2025-04-07_G18,10109793RIBEIROP,2025-04-07,110375,1,1,0,126.0
10109793RIBEIROP_2025-04-07_G19,10109793RIBEIROP,2025-04-07,110374,1,4,0,113.0
10109793RIBEIROP_2025-04-07_G20,10109793RIBEIROP,2025-04-07,160051,1,7,0,318.0
10109793RIBEIROP_2025-04-07_G21,10109793RIBEIROP,2025-04-07,110371,1,36,0,362.0
10109793RIBEIROP_2025-04-07_G22,10109793RIBEIROP,2025-04-07,160054,1,4,0,524.0
10109793RIBEIROP_2025-04-08_G02,10109793RIBEIROP,2025-04-08,111438,1,6,0,593.0
10109793RIBEIROP_2025-04-08_G03,10109793RIBEIROP,2025-04-08,111441,1,6,0,482.0
10109793RIBEIROP_2025-04-08_G04,10109793RIBEIROP,2025-04-08,118222,1,4,0,251.0
10109793RIBEIROP_2025-04-08_G05,10109793RIBEIROP,2025-04-08,100334,1,2,0,237.0
10109793RIBEIROP_2025-04-08_G06,10109793RIBEIROP,2025-04-08,118004,1,1,0,321.0
10109793RIBEIROP_2025-04-08_G07,10109793RIBEIROP,2025-04-08,118004,1,1,0,69.0
10109793RIBEIROP_2025-04-08_G08,10109793RIBEIROP,2025-04-08,117836,1,8,0,2217.0
10109793RIBEIROP_2025-04-08_G09,10109793RIBEIROP,2025-04-08,111430,1,40,0,65.0
10109793RIBEIROP_2025-04-08_G10,10109793RIBEIROP,2025-04-08,118198,1,4,0,501.0
10109793RIBEIROP_2025-04-08_G11,10109793RIBEIROP,2025-04-08,118229,1,4,0,563.0
10109793RIBEIROP_2025-04-08_G12,10109793RIBEIROP,2025-04-08,110682,1,4,0,410.0
10109793RIBEIROP_2025-04-08_G13,10109793RIBEIROP,2025-04-08,111090,1,4,0,130.0
10109793RIBEIROP_2025-04-08_G14,10109793RIBEIROP,2025-04-08,111598,1,12,0,777.0
10109793RIBEIROP_2025-04-08_G15,10109793RIBEIROP,2025-04-08,111879,1,32,0,516.0
10109793RIBEIROP_2025-04-08_G16,10109793RIBEIROP,2025-04-08,111435,1,100,0,1208.0
10109793RIBEIROP_2025-04-08_G17,10109793RIBEIROP,2025-04-08,111348,1,80,0,635.0
10109793RIBEIROP_2025-04-08_G18,10109793RIBEIROP,2025-04-08,111330,1,91,0,792.0
10109793RIBEIROP_2025-04-08_G19,10109793RIBEIROP,2025-04-08,101228,1,4,0,327.0
10109793RIBEIROP_2025-04-08_G21,10109793RIBEIROP,2025-04-08,118253,1,4,0,275.0
10109793RIBEIROP_2025-04-08_G22,10109793RIBEIROP,2025-04-08,117853,1,7,0,908.0
10109793RIBEIROP_2025-04-08_G23,10109793RIBEIROP,2025-04-08,111602,1,205,0,2067.0
10109793RIBEIROP_2025-04-08_G24,10109793RIBEIROP,2025-04-08,117935,1,395,0,3500.0
10109793RIBEIROP_2025-04-08_G25,10109793RIBEIROP,2025-04-08,117785,1,304,0,934.0
10109793RIBEIROP_2025-04-08_G26,10109793RIBEIROP,2025-04-08,109747,1,500,0,2810.0
10109793RIBEIROP_2025-04-09_G02,10109793RIBEIROP,2025-04-09,110747,1,20,0,139.0
10109793RIBEIROP_2025-04-09_G03,10109793RIBEIROP,2025-04-09,117834,1,16,0,719.0
10109793RIBEIROP_2025-04-09_G04,10109793RIBEIROP,2025-04-09,111438,1,24,0,300.0
10109793RIBEIROP_2025-04-09_G05,10109793RIBEIROP,2025-04-09,160057,1,1,0,256.0
10109793RIBEIROP_2025-04-09_G06,10109793RIBEIROP,2025-04-09,117853,1,6,0,1031.0
10109793RIBEIROP_2025-04-09_G07,10109793RIBEIROP,2025-04-09,117853,1,2,0,128.0
10109793RIBEIROP_2025-04-09_G08,10109793RIBEIROP,2025-04-09,110750,1,4,0,319.0
10109793RIBEIROP_2025-04-09_G09,10109793RIBEIROP,2025-04-09,118290,1,8,0,476.0
10109793RIBEIROP_2025-04-09_G10,10109793RIBEIROP,2025-04-09,111879,1,4,0,235.0
10109793RIBEIROP_2025-04-09_G11,10109793RIBEIROP,2025-04-09,110515,1,16,0,612.0
10109793RIBEIROP_2025-04-09_G12,10109793RIBEIROP,2025-04-09,110515,1,14,0,199.0
10109793RIBEIROP_2025-04-09_G13,10109793RIBEIROP,2025-04-09,110740,1,8,0,221.0
10109793RIBEIROP_2025-04-09_G14,10109793RIBEIROP,2025-04-09,110740,1,20,0,210.0
10109793RIBEIROP_2025-04-09_G15,10109793RIBEIROP,2025-04-09,111463,1,94,0,470.0
10109793RIBEIROP_2025-04-09_G16,10109793RIBEIROP,2025-04-09,116241,1,8,0,325.0
10109793RIBEIROP_2025-04-09_G17,10109793RIBEIROP,2025-04-09,111465,1,4,0,117.0
10109793RIBEIROP_2025-04-09_G18,10109793RIBEIROP,2025-04-09,111435,1,5,0,150.0
10109793RIBEIROP_2025-04-09_G19,10109793RIBEIROP,2025-04-09,160051,1,1,0,115.0
10109793RIBEIROP_2025-04-09_G22,10109793RIBEIROP,2025-04-09,110372,1,20,0,188.0
10109793RIBEIROP_2025-04-09_G23,10109793RIBEIROP,2025-04-09,109643,1,12,0,251.0
10109793RIBEIROP_2025-04-09_G24,10109793RIBEIROP,2025-04-09,110371,1,30,0,180.0
10109793RIBEIROP_2025-04-09_G25,10109793RIBEIROP,2025-04-09,117820,1,20,0,249.0
10109793RIBEIROP_2025-04-09_G26,10109793RIBEIROP,2025-04-09,110374,1,12,0,242.0
10109793RIBEIROP_2025-04-09_G27,10109793RIBEIROP,2025-04-09,110743,1,12,0,272.0
10109793RIBEIROP_2025-04-09_G28,10109793RIBEIROP,2025-04-09,111469,1,10,0,249.0
10109793RIBEIROP_2025-04-09_G29,10109793RIBEIROP,2025-04-09,111462,1,10,0,114.0
10109793RIBEIROP_2025-04-09_G30,10109793RIBEIROP,2025-04-09,111418,1,20,0,341.0
10109793RIBEIROP_2025-04-09_G31,10109793RIBEIROP,2025-04-09,111532,1,30,0,225.0
10109793RIBEIROP_2025-04-09_G32,10109793RIBEIROP,2025-04-09,109645,1,12,0,148.0
10109793RIBEIROP_2025-04-09_G33,10109793RIBEIROP,2025-04-09,108794,1,30,0,415.0
10109793RIBEIROP_2025-04-09_G34,10109793RIBEIROP,2025-04-09,117787,1,12,0,86.0
10109793RIBEIROP_2025-04-09_G35,10109793RIBEIROP,2025-04-09,117821,1,12,0,266.0
10109793RIBEIROP_2025-04-09_G36,10109793RIBEIROP,2025-04-09,117785,1,25,0,618.0
10109793RIBEIROP_2025-04-09_G37,10109793RIBEIROP,2025-04-09,109643,1,190,0,1479.0
10109793RIBEIROP_2025-04-09_G38,10109793RIBEIROP,2025-04-09,110743,1,40,0,511.0
10109793RIBEIROP_2025-04-09_G39,10109793RIBEIROP,2025-04-09,111469,1,100,0,1240.0
10109793RIBEIROP_2025-04-09_G40,10109793RIBEIROP,2025-04-09,111463,1,4,0,127.0
10109793RIBEIROP_2025-04-09_G41,10109793RIBEIROP,2025-04-09,111466,1,6,0,69.0
10109793RIBEIROP_2025-04-09_G42,10109793RIBEIROP,2025-04-09,111532,1,14,0,176.0
10109793RIBEIROP_2025-04-09_G43,10109793RIBEIROP,2025-04-09,117833,1,40,0,294.0
10109793RIBEIROP_2025-04-10_G02,10109793RIBEIROP,2025-04-10,117834,1,2,0,899.0
10109793RIBEIROP_2025-04-10_G03,10109793RIBEIROP,2025-04-10,110895,1,2,0,317.0
10109793RIBEIROP_2025-04-10_G04,10109793RIBEIROP,2025-04-10,117855,1,4,0,399.0
10109793RIBEIROP_2025-04-10_G05,10109793RIBEIROP,2025-04-10,110752,1,2,0,203.0
10109793RIBEIROP_2025-04-10_G06,10109793RIBEIROP,2025-04-10,111467,1,2,0,94.0
10109793RIBEIROP_2025-04-10_G07,10109793RIBEIROP,2025-04-10,117786,1,2,0,163.0
10109793RIBEIROP_2025-04-10_G08,10109793RIBEIROP,2025-04-10,108361,1,2,0,252.0
10109793RIBEIROP_2025-04-10_G09,10109793RIBEIROP,2025-04-10,105242,1,2,0,153.0
10109793RIBEIROP_2025-04-10_G10,10109793RIBEIROP,2025-04-10,"110313, 111462",2,8,17,316.0
10109793RIBEIROP_2025-04-10_G11,10109793RIBEIROP,2025-04-10,"118140, 111418",2,8,25,896.0
10109793RIBEIROP_2025-04-10_G12,10109793RIBEIROP,2025-04-10,111466,1,7,0,244.0
10109793RIBEIROP_2025-04-10_G13,10109793RIBEIROP,2025-04-10,109641,1,4,0,207.0
10109793RIBEIROP_2025-04-10_G14,10109793RIBEIROP,2025-04-10,109645,1,2,0,101.0
10109793RIBEIROP_2025-04-10_G15,10109793RIBEIROP,2025-04-10,110372,1,13,0,440.0
10109793RIBEIROP_2025-04-10_G16,10109793RIBEIROP,2025-04-10,117808,1,6,0,274.0
10109793RIBEIROP_2025-04-10_G17,10109793RIBEIROP,2025-04-10,110373,1,2,0,169.0
10109793RIBEIROP_2025-04-10_G18,10109793RIBEIROP,2025-04-10,111850,1,1,0,1039.0
10109793RIBEIROP_2025-04-10_G19,10109793RIBEIROP,2025-04-10,117789,1,2,0,119.0
10109793RIBEIROP_2025-04-10_G20,10109793RIBEIROP,2025-04-10,111602,1,5,0,171.0
10109793RIBEIROP_2025-04-10_G21,10109793RIBEIROP,2025-04-10,110895,1,17,0,74.0
10109793RIBEIROP_2025-04-10_G22,10109793RIBEIROP,2025-04-10,111569,1,4,0,162.0
10109793RIBEIROP_2025-04-10_G23,10109793RIBEIROP,2025-04-10,110747,1,8,0,426.0
10109793RIBEIROP_2025-04-10_G24,10109793RIBEIROP,2025-04-10,105744,1,2,0,227.0
10109793RIBEIROP_2025-04-10_G25,10109793RIBEIROP,2025-04-10,118403,1,2,0,180.0
10109793RIBEIROP_2025-04-10_G26,10109793RIBEIROP,2025-04-10,118298,1,2,0,209.0
10109793RIBEIROP_2025-04-10_G27,10109793RIBEIROP,2025-04-10,110580,1,1,0,109.0
10109793RIBEIROP_2025-04-10_G28,10109793RIBEIROP,2025-04-10,110339,1,16,0,389.0
10109793RIBEIROP_2025-04-10_G29,10109793RIBEIROP,2025-04-10,110063,1,2,0,241.0
10109793RIBEIROP_2025-04-10_G30,10109793RIBEIROP,2025-04-10,117855,1,6,0,142.0
10109793RIBEIROP_2025-04-10_G31,10109793RIBEIROP,2025-04-10,110752,1,2,0,89.0
10109793RIBEIROP_2025-04-10_G32,10109793RIBEIROP,2025-04-10,110515,1,12,0,214.0
10109793RIBEIROP_2025-04-10_G33,10109793RIBEIROP,2025-04-10,117856,1,2,0,58.0
10109793RIBEIROP_2025-04-10_G34,10109793RIBEIROP,2025-04-10,111876,1,2,0,132.0
10109793RIBEIROP_2025-04-10_G35,10109793RIBEIROP,2025-04-10,111602,1,10,0,122.0
10109793RIBEIROP_2025-04-10_G36,10109793RIBEIROP,2025-04-10,110895,1,6,0,154.0
10109793RIBEIROP_2025-04-10_G37,10109793RIBEIROP,2025-04-10,105242,1,2,0,132.0
10109793RIBEIROP_2025-04-10_G38,10109793RIBEIROP,2025-04-10,111569,1,4,0,238.0
10109793RIBEIROP_2025-04-10_G39,10109793RIBEIROP,2025-04-10,117831,1,8,0,820.0
10109793RIBEIROP_2025-04-10_G40,10109793RIBEIROP,2025-04-10,110740,1,2,0,187.0
10109793RIBEIROP_2025-04-10_G41,10109793RIBEIROP,2025-04-10,108795,1,2,0,158.0
10109793RIBEIROP_2025-04-10_G42,10109793RIBEIROP,2025-04-10,117862,1,2,0,36.0
10109793RIBEIROP_2025-04-10_G43,10109793RIBEIROP,2025-04-10,111469,1,9,0,220.0
10109793RIBEIROP_2025-04-10_G44,10109793RIBEIROP,2025-04-10,111462,1,10,0,187.0
10109793RIBEIROP_2025-04-10_G46,10109793RIBEIROP,2025-04-10,118140,1,6,0,175.0
10109793RIBEIROP_2025-04-10_G47,10109793RIBEIROP,2025-04-10,140922,1,6,0,105.0
10109793RIBEIROP_2025-04-10_G48,10109793RIBEIROP,2025-04-10,"111466, 110733",2,26,30,201.0
10109793RIBEIROP_2025-04-10_G49,10109793RIBEIROP,2025-04-10,111532,1,1,0,79.0
10109793RIBEIROP_2025-04-10_G50,10109793RIBEIROP,2025-04-10,117785,1,2,0,84.0
10109793RIBEIROP_2025-04-10_G51,10109793RIBEIROP,2025-04-10,109645,1,2,0,53.0
10109793RIBEIROP_2025-04-10_G52,10109793RIBEIROP,2025-04-10,117787,1,2,0,93.0
10109793RIBEIROP_2025-04-10_G53,10109793RIBEIROP,2025-04-10,118317,1,2,0,138.0
10109793RIBEIROP_2025-04-10_G54,10109793RIBEIROP,2025-04-10,110376,1,2,0,428.0
10109793RIBEIROP_2025-04-10_G55,10109793RIBEIROP,2025-04-10,110372,1,12,0,130.0
10109793RIBEIROP_2025-04-10_G56,10109793RIBEIROP,2025-04-10,117935,1,2,0,31.0
10109793RIBEIROP_2025-04-10_G57,10109793RIBEIROP,2025-04-10,118299,1,31,0,381.0
10109793RIBEIROP_2025-04-10_G58,10109793RIBEIROP,2025-04-10,109643,1,2,0,112.0
10109793RIBEIROP_2025-04-10_G59,10109793RIBEIROP,2025-04-10,110371,1,2,0,76.0
10109793RIBEIROP_2025-04-10_G60,10109793RIBEIROP,2025-04-10,117830,1,8,0,109.0
10109793RIBEIROP_2025-04-10_G61,10109793RIBEIROP,2025-04-10,117820,1,11,0,122.0
10109793RIBEIROP_2025-04-10_G62,10109793RIBEIROP,2025-04-10,117808,1,12,0,119.0
10109793RIBEIROP_2025-04-10_G63,10109793RIBEIROP,2025-04-10,117832,1,4,0,90.0
10109793RIBEIROP_2025-04-10_G64,10109793RIBEIROP,2025-04-10,110373,1,4,0,100.0
10109793RIBEIROP_2025-04-10_G65,10109793RIBEIROP,2025-04-10,117786,1,4,0,555.0
10109793RIBEIROP_2025-04-10_G66,10109793RIBEIROP,2025-04-10,111887,1,1,0,765.0
10109793RIBEIROP_2025-04-10_G67,10109793RIBEIROP,2025-04-10,141313,1,4,0,691.0
10109793RIBEIROP_2025-04-10_G68,10109793RIBEIROP,2025-04-10,118306,1,2,0,244.0
10109793RIBEIROP_2025-04-10_G69,10109793RIBEIROP,2025-04-10,110895,1,2,0,161.0
10109793RIBEIROP_2025-04-10_G70,10109793RIBEIROP,2025-04-10,111569,1,4,0,69.0
10109793RIBEIROP_2025-04-10_G71,10109793RIBEIROP,2025-04-10,111602,1,18,0,195.0
10109793RIBEIROP_2025-04-10_G72,10109793RIBEIROP,2025-04-10,118403,1,2,0,317.0
10109793RIBEIROP_2025-04-10_G73,10109793RIBEIROP,2025-04-10,110313,1,2,0,160.0
10109793RIBEIROP_2025-04-10_G74,10109793RIBEIROP,2025-04-10,117855,1,2,0,89.0
10109793RIBEIROP_2025-04-10_G75,10109793RIBEIROP,2025-04-10,110752,1,2,0,92.0
10109793RIBEIROP_2025-04-10_G76,10109793RIBEIROP,2025-04-10,117856,1,5,0,97.0
10109793RIBEIROP_2025-04-10_G77,10109793RIBEIROP,2025-04-10,110339,1,4,0,797.0
10109793RIBEIROP_2025-04-10_G78,10109793RIBEIROP,2025-04-10,111876,1,4,0,884.0
10109793RIBEIROP_2025-04-10_G79,10109793RIBEIROP,2025-04-10,110740,1,4,0,153.0
10109793RIBEIROP_2025-04-10_G80,10109793RIBEIROP,2025-04-10,111418,1,6,0,228.0
10109793RIBEIROP_2025-04-10_G81,10109793RIBEIROP,2025-04-10,140922,1,2,0,310.0
10109793RIBEIROP_2025-04-10_G82,10109793RIBEIROP,2025-04-10,110787,1,3,0,115.0
10109793RIBEIROP_2025-04-10_G83,10109793RIBEIROP,2025-04-10,118299,1,8,0,187.0
10109793RIBEIROP_2025-04-10_G84,10109793RIBEIROP,2025-04-10,110372,1,3,0,54.0
10109793RIBEIROP_2025-04-10_G85,10109793RIBEIROP,2025-04-10,110372,1,10,0,1249.0
10109793RIBEIROP_2025-04-10_G86,10109793RIBEIROP,2025-04-10,118299,1,30,0,211.0
10109793RIBEIROP_2025-04-10_G87,10109793RIBEIROP,2025-04-10,117820,1,10,0,142.0
10109793RIBEIROP_2025-04-10_G88,10109793RIBEIROP,2025-04-10,110373,1,15,0,141.0
10109793RIBEIROP_2025-04-10_G89,10109793RIBEIROP,2025-04-10,117832,1,4,0,115.0
10109793RIBEIROP_2025-04-11_G02,10109793RIBEIROP,2025-04-11,110895,1,14,0,837.0
10109793RIBEIROP_2025-04-11_G03,10109793RIBEIROP,2025-04-11,111569,1,12,0,220.0
10109793RIBEIROP_2025-04-11_G04,10109793RIBEIROP,2025-04-11,"140911, 110310",2,10,21,191.0
10109793RIBEIROP_2025-04-11_G05,10109793RIBEIROP,2025-04-11,118222,1,24,0,688.0
10109793RIBEIROP_2025-04-11_G06,10109793RIBEIROP,2025-04-11,110376,1,9,0,227.0
10109793RIBEIROP_2025-04-11_G07,10109793RIBEIROP,2025-04-11,110747,1,20,0,367.0
10109793RIBEIROP_2025-04-11_G08,10109793RIBEIROP,2025-04-11,141047,1,60,0,1125.0
10109793RIBEIROP_2025-04-11_G09,10109793RIBEIROP,2025-04-11,110339,1,15,0,89.0
10109793RIBEIROP_2025-04-11_G10,10109793RIBEIROP,2025-04-11,110313,1,15,0,355.0
10109793RIBEIROP_2025-04-11_G11,10109793RIBEIROP,2025-04-11,111876,1,2,0,88.0
10109793RIBEIROP_2025-04-11_G12,10109793RIBEIROP,2025-04-11,117837,1,20,0,712.0
10109793RIBEIROP_2025-04-11_G13,10109793RIBEIROP,2025-04-11,110711,1,30,0,339.0
10109793RIBEIROP_2025-04-11_G14,10109793RIBEIROP,2025-04-11,111418,1,80,0,847.0
10109793RIBEIROP_2025-04-11_G15,10109793RIBEIROP,2025-04-11,118299,1,500,0,233.0
10109793RIBEIROP_2025-04-11_G16,10109793RIBEIROP,2025-04-11,118140,1,150,0,258.0
10109793RIBEIROP_2025-04-11_G17,10109793RIBEIROP,2025-04-11,111348,1,7,0,125.0
10109793RIBEIROP_2025-04-11_G18,10109793RIBEIROP,2025-04-11,111532,1,41,0,544.0
10109793RIBEIROP_2025-04-11_G19,10109793RIBEIROP,2025-04-11,109641,1,4,0,95.0
10109793RIBEIROP_2025-04-11_G20,10109793RIBEIROP,2025-04-11,108794,1,80,0,1391.0
10109793RIBEIROP_2025-04-11_G21,10109793RIBEIROP,2025-04-11,117809,1,14,0,171.0
10109793RIBEIROP_2025-04-11_G22,10109793RIBEIROP,2025-04-11,117838,1,6,0,623.0
10109793RIBEIROP_2025-04-11_G23,10109793RIBEIROP,2025-04-11,118317,1,24,0,426.0
10109793RIBEIROP_2025-04-11_G24,10109793RIBEIROP,2025-04-11,110332,1,7,0,175.0
10109793RIBEIROP_2025-04-11_G25,10109793RIBEIROP,2025-04-11,117808,1,500,0,772.0
10109793RIBEIROP_2025-04-11_G26,10109793RIBEIROP,2025-04-11,110373,1,35,0,399.0
10109793RIBEIROP_2025-04-11_G27,10109793RIBEIROP,2025-04-11,109747,1,80,0,526.0
10109793RIBEIROP_2025-04-11_G28,10109793RIBEIROP,2025-04-11,117820,1,100,0,389.0
10109793RIBEIROP_2025-04-11_G30,10109793RIBEIROP,2025-04-11,141047,1,2,0,135.0
10109793RIBEIROP_2025-04-11_G31,10109793RIBEIROP,2025-04-11,110325,1,3,0,199.0
10109793RIBEIROP_2025-04-11_G32,10109793RIBEIROP,2025-04-11,117862,1,8,0,487.0
10109793RIBEIROP_2025-04-11_G33,10109793RIBEIROP,2025-04-11,110756,1,4,0,185.0
10109793RIBEIROP_2025-04-11_G34,10109793RIBEIROP,2025-04-11,117820,1,30,0,226.0
10109793RIBEIROP_2025-04-11_G35,10109793RIBEIROP,2025-04-11,118403,1,4,0,342.0
10109793RIBEIROP_2025-04-11_G36,10109793RIBEIROP,2025-04-11,110752,1,2,0,71.0
10109793RIBEIROP_2025-04-11_G37,10109793RIBEIROP,2025-04-11,111467,1,4,0,80.0
10109793RIBEIROP_2025-04-11_G38,10109793RIBEIROP,2025-04-11,117861,1,4,0,71.0
10109793RIBEIROP_2025-04-11_G39,10109793RIBEIROP,2025-04-11,109643,1,4,0,90.0
10109793RIBEIROP_2025-04-11_G40,10109793RIBEIROP,2025-04-11,117856,1,16,0,452.0
10109793RIBEIROP_2025-04-11_G41,10109793RIBEIROP,2025-04-11,108361,1,1,0,78.0
10109793RIBEIROP_2025-04-11_G42,10109793RIBEIROP,2025-04-11,"117837, 107830",2,20,30,139.0
10109793RIBEIROP_2025-04-11_G43,10109793RIBEIROP,2025-04-11,105242,1,4,0,123.0
10109793RIBEIROP_2025-04-11_G44,10109793RIBEIROP,2025-04-11,110711,1,3,0,64.0
10109793RIBEIROP_2025-04-11_G45,10109793RIBEIROP,2025-04-11,116611,1,2,0,116.0
10109793RIBEIROP_2025-04-11_G46,10109793RIBEIROP,2025-04-11,110371,1,10,0,233.0
10109793RIBEIROP_2025-04-11_G47,10109793RIBEIROP,2025-04-11,110313,1,5,0,222.0
10109793RIBEIROP_2025-04-11_G48,10109793RIBEIROP,2025-04-11,110313,1,4,0,42.0
10109793RIBEIROP_2025-04-11_G49,10109793RIBEIROP,2025-04-11,117808,1,40,0,325.0
10109793RIBEIROP_2025-04-11_G50,10109793RIBEIROP,2025-04-11,117840,1,6,0,139.0
10109793RIBEIROP_2025-04-11_G51,10109793RIBEIROP,2025-04-11,117832,1,8,0,329.0
10109793RIBEIROP_2025-04-11_G52,10109793RIBEIROP,2025-04-11,118299,1,10,0,169.0
10109793RIBEIROP_2025-04-11_G53,10109793RIBEIROP,2025-04-11,110373,1,10,0,950.0
10109793RIBEIROP_2025-04-11_G54,10109793RIBEIROP,2025-04-11,118306,1,4,0,1974.0
10109793RIBEIROP_2025-04-11_G55,10109793RIBEIROP,2025-04-11,111462,1,8,0,249.0
10109793RIBEIROP_2025-04-11_G56,10109793RIBEIROP,2025-04-11,111418,1,30,0,312.0
10109793RIBEIROP_2025-04-11_G57,10109793RIBEIROP,2025-04-11,140922,1,2,0,144.0
10109793RIBEIROP_2025-04-11_G58,10109793RIBEIROP,2025-04-11,116241,1,2,0,72.0
10109793RIBEIROP_2025-04-11_G59,10109793RIBEIROP,2025-04-11,109641,1,2,0,82.0
10109793RIBEIROP_2025-04-11_G60,10109793RIBEIROP,2025-04-11,117785,1,2,0,53.0
10109793RIBEIROP_2025-04-11_G61,10109793RIBEIROP,2025-04-11,109645,1,4,0,87.0
10109793RIBEIROP_2025-04-11_G62,10109793RIBEIROP,2025-04-11,117838,1,2,0,117.0
10109793RIBEIROP_2025-04-11_G63,10109793RIBEIROP,2025-04-11,110745,1,2,0,88.0
10109793RIBEIROP_2025-04-11_G64,10109793RIBEIROP,2025-04-11,118317,1,2,0,81.0
10109793RIBEIROP_2025-04-11_G65,10109793RIBEIROP,2025-04-11,111465,1,2,0,105.0
10109793RIBEIROP_2025-04-11_G66,10109793RIBEIROP,2025-04-11,110733,1,2,0,1128.0
10109793RIBEIROP_2025-04-11_G67,10109793RIBEIROP,2025-04-11,111466,1,4,0,138.0
10109793RIBEIROP_2025-04-11_G68,10109793RIBEIROP,2025-04-11,110895,1,4,0,504.0
10109793RIBEIROP_2025-04-11_G69,10109793RIBEIROP,2025-04-11,110733,1,1,0,121.0
10109793RIBEIROP_2025-04-12_G02,10109793RIBEIROP,2025-04-12,117855,1,4,0,116.0
10109793RIBEIROP_2025-04-12_G03,10109793RIBEIROP,2025-04-12,110743,1,4,0,134.0
10109793RIBEIROP_2025-04-12_G04,10109793RIBEIROP,2025-04-12,140922,1,2,0,137.0
10109793RIBEIROP_2025-04-12_G05,10109793RIBEIROP,2025-04-12,111463,1,5,0,71.0
10109793RIBEIROP_2025-04-12_G06,10109793RIBEIROP,2025-04-12,105705,1,4,0,171.0
10109793RIBEIROP_2025-04-12_G07,10109793RIBEIROP,2025-04-12,117820,1,8,0,237.0
10109793RIBEIROP_2025-04-12_G08,10109793RIBEIROP,2025-04-12,117808,1,14,0,107.0
10109793RIBEIROP_2025-04-12_G09,10109793RIBEIROP,2025-04-12,118299,1,6,0,120.0
10109793RIBEIROP_2025-04-12_G10,10109793RIBEIROP,2025-04-12,117809,1,24,0,189.0
10109793RIBEIROP_2025-04-12_G11,10109793RIBEIROP,2025-04-12,117809,1,6,0,43.0
10109793RIBEIROP_2025-04-12_G12,10109793RIBEIROP,2025-04-12,110371,1,4,0,73.0
10109793RIBEIROP_2025-04-12_G13,10109793RIBEIROP,2025-04-12,110372,1,3,0,118.0
10109793RIBEIROP_2025-04-12_G14,10109793RIBEIROP,2025-04-12,118299,1,8,0,466.0
10109793RIBEIROP_2025-04-12_G15,10109793RIBEIROP,2025-04-12,110373,1,12,0,277.0
10109793RIBEIROP_2025-04-12_G16,10109793RIBEIROP,2025-04-12,111469,1,6,0,348.0
10109793RIBEIROP_2025-04-12_G17,10109793RIBEIROP,2025-04-12,111418,1,8,0,122.0
10109793RIBEIROP_2025-04-12_G18,10109793RIBEIROP,2025-04-12,117820,1,9,0,168.0
10109793RIBEIROP_2025-04-12_G19,10109793RIBEIROP,2025-04-12,160054,1,3,0,353.0
10109793RIBEIROP_2025-04-12_G20,10109793RIBEIROP,2025-04-12,118299,1,4,0,65.0
10109793RIBEIROP_2025-04-12_G21,10109793RIBEIROP,2025-04-12,118299,1,31,0,185.0
10109793RIBEIROP_2025-04-12_G22,10109793RIBEIROP,2025-04-12,117809,1,30,0,201.0
10109793RIBEIROP_2025-04-12_G23,10109793RIBEIROP,2025-04-12,107830,1,3,0,45.0
10109793RIBEIROP_2025-04-12_G24,10109793RIBEIROP,2025-04-12,110372,1,3,0,131.0
10109793RIBEIROP_2025-04-12_G25,10109793RIBEIROP,2025-04-12,110372,1,3,0,40.0
10109793RIBEIROP_2025-04-12_G26,10109793RIBEIROP,2025-04-12,110373,1,34,0,289.0
10109793RIBEIROP_2025-04-12_G27,10109793RIBEIROP,2025-04-12,110756,1,8,0,3269.0
10109793RIBEIROP_2025-04-12_G28,10109793RIBEIROP,2025-04-12,"117855, 111439, 110515",3,36,50,91.0
10109793RIBEIROP_2025-04-12_G29,10109793RIBEIROP,2025-04-12,117837,1,24,0,274.0
10109793RIBEIROP_2025-04-12_G30,10109793RIBEIROP,2025-04-12,117820,1,100,0,419.0
10109793RIBEIROP_2025-04-12_G31,10109793RIBEIROP,2025-04-12,109643,1,2,0,1339.0
10109793RIBEIROP_2025-04-12_G32,10109793RIBEIROP,2025-04-12,117808,1,580,0,746.0
10109793RIBEIROP_2025-04-12_G33,10109793RIBEIROP,2025-04-12,118299,1,240,0,95.0
10109793RIBEIROP_2025-04-12_G34,10109793RIBEIROP,2025-04-12,110371,1,50,0,250.0
10109793RIBEIROP_2025-04-12_G35,10109793RIBEIROP,2025-04-12,110325,1,11,0,50.0
10109793RIBEIROP_2025-04-12_G36,10109793RIBEIROP,2025-04-12,110372,1,120,0,902.0
10109793RIBEIROP_2025-04-12_G38,10109793RIBEIROP,2025-04-12,111438,1,58,0,779.0
10109793RIBEIROP_2025-04-12_G39,10109793RIBEIROP,2025-04-12,118290,1,4,0,209.0
10109793RIBEIROP_2025-04-12_G40,10109793RIBEIROP,2025-04-12,109471,1,2,0,69.0
10109793RIBEIROP_2025-04-12_G41,10109793RIBEIROP,2025-04-12,103148,1,1,0,45.0
10109793RIBEIROP_2025-04-12_G42,10109793RIBEIROP,2025-04-12,110579,1,2,0,113.0
10109793RIBEIROP_2025-04-12_G43,10109793RIBEIROP,2025-04-12,106865,1,2,0,59.0
10109793RIBEIROP_2025-04-12_G44,10109793RIBEIROP,2025-04-12,109937,1,4,0,117.0
10109793RIBEIROP_2025-04-12_G45,10109793RIBEIROP,2025-04-12,141035,1,2,0,361.0
10109793RIBEIROP_2025-04-12_G46,10109793RIBEIROP,2025-04-12,111439,1,4,0,168.0
10109793RIBEIROP_2025-04-12_G47,10109793RIBEIROP,2025-04-12,105242,1,2,0,118.0
10109793RIBEIROP_2025-04-12_G48,10109793RIBEIROP,2025-04-12,109649,1,7,0,168.0
10109793RIBEIROP_2025-04-12_G49,10109793RIBEIROP,2025-04-12,116241,1,16,0,312.0
10109793RIBEIROP_2025-04-12_G50,10109793RIBEIROP,2025-04-12,105705,1,50,0,1812.0
10109793RIBEIROP_2025-04-12_G51,10109793RIBEIROP,2025-04-12,110374,1,63,0,678.0
10109793RIBEIROP_2025-04-12_G52,10109793RIBEIROP,2025-04-12,117840,1,12,0,240.0
10109793RIBEIROP_2025-04-14_G02,10109793RIBEIROP,2025-04-14,109747,1,4,0,219.0
10109793RIBEIROP_2025-04-14_G03,10109793RIBEIROP,2025-04-14,117855,1,12,0,483.0
10109793RIBEIROP_2025-04-14_G04,10109793RIBEIROP,2025-04-14,108361,1,4,0,139.0
10109793RIBEIROP_2025-04-14_G05,10109793RIBEIROP,2025-04-14,111182,1,4,0,217.0
10109793RIBEIROP_2025-04-14_G06,10109793RIBEIROP,2025-04-14,111435,1,6,0,145.0
10109793RIBEIROP_2025-04-14_G07,10109793RIBEIROP,2025-04-14,110325,1,20,0,2265.0
10109793RIBEIROP_2025-04-14_G08,10109793RIBEIROP,2025-04-14,110374,1,26,0,146.0
10109793RIBEIROP_2025-04-14_G09,10109793RIBEIROP,2025-04-14,110374,1,70,0,717.0
10109793RIBEIROP_2025-04-14_G10,10109793RIBEIROP,2025-04-14,117832,1,10,0,246.0
10109793RIBEIROP_2025-04-14_G11,10109793RIBEIROP,2025-04-14,110373,1,30,0,216.0
10109793RIBEIROP_2025-04-14_G12,10109793RIBEIROP,2025-04-14,141047,1,6,0,130.0
10109793RIBEIROP_2025-04-14_G13,10109793RIBEIROP,2025-04-14,117861,1,4,0,97.0
10109793RIBEIROP_2025-04-14_G14,10109793RIBEIROP,2025-04-14,117861,1,8,0,59.0
10109793RIBEIROP_2025-04-14_G15,10109793RIBEIROP,2025-04-14,117855,1,16,0,252.0
10109793RIBEIROP_2025-04-14_G16,10109793RIBEIROP,2025-04-14,110752,1,4,0,63.0
10109793RIBEIROP_2025-04-14_G17,10109793RIBEIROP,2025-04-14,117786,1,14,0,105.0
10109793RIBEIROP_2025-04-15_G02,10109793RIBEIROP,2025-04-15,111467,1,4,0,533.0
10109793RIBEIROP_2025-04-15_G03,10109793RIBEIROP,2025-04-15,118298,1,2,0,168.0
10109793RIBEIROP_2025-04-15_G04,10109793RIBEIROP,2025-04-15,117862,1,19,0,174.0
10109793RIBEIROP_2025-04-15_G05,10109793RIBEIROP,2025-04-15,107629,1,1,0,133.0
10109793RIBEIROP_2025-04-15_G06,10109793RIBEIROP,2025-04-15,110733,1,16,0,296.0
10109793RIBEIROP_2025-04-15_G07,10109793RIBEIROP,2025-04-15,117786,1,8,0,162.0
10109793RIBEIROP_2025-04-15_G08,10109793RIBEIROP,2025-04-15,117788,1,1,0,241.0
10109793RIBEIROP_2025-04-15_G09,10109793RIBEIROP,2025-04-15,110711,1,31,0,333.0
10109793RIBEIROP_2025-04-15_G10,10109793RIBEIROP,2025-04-15,116611,1,4,0,138.0
10109793RIBEIROP_2025-04-15_G13,10109793RIBEIROP,2025-04-15,105705,1,85,0,1080.0
10109793RIBEIROP_2025-04-15_G14,10109793RIBEIROP,2025-04-15,105705,1,160,0,1049.0
10109793RIBEIROP_2025-04-15_G15,10109793RIBEIROP,2025-04-15,111532,1,232,0,1183.0
10109793RIBEIROP_2025-04-15_G16,10109793RIBEIROP,2025-04-15,111532,1,100,0,852.0
10109793RIBEIROP_2025-04-15_G17,10109793RIBEIROP,2025-04-15,110325,1,6,0,514.0
10109793RIBEIROP_2025-04-15_G18,10109793RIBEIROP,2025-04-15,117820,1,80,0,310.0
10109793RIBEIROP_2025-04-15_G19,10109793RIBEIROP,2025-04-15,117808,1,535,0,1947.0
10109793RIBEIROP_2025-04-15_G20,10109793RIBEIROP,2025-04-15,118299,1,700,0,1293.0
10109793RIBEIROP_2025-04-15_G21,10109793RIBEIROP,2025-04-15,109643,1,50,0,244.0
10109793RIBEIROP_2025-04-15_G22,10109793RIBEIROP,2025-04-15,110373,1,1,0,89.0
10109793RIBEIROP_2025-04-15_G23,10109793RIBEIROP,2025-04-15,110373,1,100,0,229.0
10109793RIBEIROP_2025-04-16_G02,10109793RIBEIROP,2025-04-16,110534,1,2,0,163.0
10109793RIBEIROP_2025-04-16_G03,10109793RIBEIROP,2025-04-16,109937,1,2,0,389.0
10109793RIBEIROP_2025-04-16_G04,10109793RIBEIROP,2025-04-16,110339,1,6,0,144.0
10109793RIBEIROP_2025-04-16_G05,10109793RIBEIROP,2025-04-16,117855,1,4,0,120.0
10109793RIBEIROP_2025-04-16_G06,10109793RIBEIROP,2025-04-16,117821,1,2,0,124.0
10109793RIBEIROP_2025-04-16_G07,10109793RIBEIROP,2025-04-16,111418,1,2,0,59.0
10109793RIBEIROP_2025-04-16_G08,10109793RIBEIROP,2025-04-16,105705,1,1,0,72.0
10109793RIBEIROP_2025-04-16_G09,10109793RIBEIROP,2025-04-16,111348,1,3,0,92.0
10109793RIBEIROP_2025-04-16_G10,10109793RIBEIROP,2025-04-16,111466,1,8,0,294.0
10109793RIBEIROP_2025-04-16_G11,10109793RIBEIROP,2025-04-16,110787,1,2,0,99.0
10109793RIBEIROP_2025-04-16_G12,10109793RIBEIROP,2025-04-16,111465,1,3,0,54.0
10109793RIBEIROP_2025-04-16_G13,10109793RIBEIROP,2025-04-16,105705,1,2,0,59.0
10109793RIBEIROP_2025-04-16_G14,10109793RIBEIROP,2025-04-16,"110376, 117833, 117821, 111468",4,19,41,49.0
10109793RIBEIROP_2025-04-16_G15,10109793RIBEIROP,2025-04-16,117820,1,6,0,511.0
10109793RIBEIROP_2025-04-16_G16,10109793RIBEIROP,2025-04-16,118299,1,4,0,128.0
10109793RIBEIROP_2025-04-16_G17,10109793RIBEIROP,2025-04-16,117832,1,2,0,81.0
10109793RIBEIROP_2025-04-16_G18,10109793RIBEIROP,2025-04-16,110373,1,9,0,111.0
10109793RIBEIROP_2025-04-16_G19,10109793RIBEIROP,2025-04-16,109747,1,6,0,340.0
10109793RIBEIROP_2025-04-16_G20,10109793RIBEIROP,2025-04-16,110579,1,4,0,361.0
10109793RIBEIROP_2025-04-16_G21,10109793RIBEIROP,2025-04-16,110515,1,4,0,91.0
10109793RIBEIROP_2025-04-16_G22,10109793RIBEIROP,2025-04-16,108798,1,2,0,474.0
10109793RIBEIROP_2025-04-16_G23,10109793RIBEIROP,2025-04-16,108798,1,8,0,228.0
10109793RIBEIROP_2025-04-16_G24,10109793RIBEIROP,2025-04-16,111466,1,2,0,363.0
10109793RIBEIROP_2025-04-16_G25,10109793RIBEIROP,2025-04-16,110325,1,4,0,153.0
10109793RIBEIROP_2025-04-16_G26,10109793RIBEIROP,2025-04-16,"117855, 118004, 111468, 111463, 109645",5,14,44,287.0
10109793RIBEIROP_2025-04-16_G27,10109793RIBEIROP,2025-04-16,"110756, 117855, 117831, 111469, 111418, 111468, 111462, 117808",8,79,88,38.0
10109793RIBEIROP_2025-04-16_G28,10109793RIBEIROP,2025-04-16,118299,1,30,0,315.0
10109793RIBEIROP_2025-04-16_G29,10109793RIBEIROP,2025-04-16,117809,1,12,0,42.0
10109793RIBEIROP_2025-04-16_G30,10109793RIBEIROP,2025-04-16,117832,1,12,0,283.0
10109793RIBEIROP_2025-04-16_G31,10109793RIBEIROP,2025-04-16,110372,1,30,0,589.0
10109793RIBEIROP_2025-04-16_G32,10109793RIBEIROP,2025-04-16,110755,1,4,0,1518.0
10109793RIBEIROP_2025-04-16_G33,10109793RIBEIROP,2025-04-16,118140,1,4,0,167.0
10109793RIBEIROP_2025-04-16_G34,10109793RIBEIROP,2025-04-16,111439,1,4,0,248.0
10109793RIBEIROP_2025-04-16_G35,10109793RIBEIROP,2025-04-16,111441,1,4,0,903.0
10109793RIBEIROP_2025-04-16_G36,10109793RIBEIROP,2025-04-16,110755,1,4,0,118.0
10109793RIBEIROP_2025-04-16_G37,10109793RIBEIROP,2025-04-16,110755,1,8,0,284.0
10109793RIBEIROP_2025-04-16_G38,10109793RIBEIROP,2025-04-16,111569,1,4,0,99.0
10109793RIBEIROP_2025-04-16_G39,10109793RIBEIROP,2025-04-16,110711,1,2,0,178.0
10109793RIBEIROP_2025-04-16_G40,10109793RIBEIROP,2025-04-16,117808,1,6,0,297.0
10109793RIBEIROP_2025-04-16_G41,10109793RIBEIROP,2025-04-16,110371,1,2,0,178.0
10109793RIBEIROP_2025-04-16_G42,10109793RIBEIROP,2025-04-16,109643,1,10,0,153.0
10109793RIBEIROP_2025-04-16_G43,10109793RIBEIROP,2025-04-16,111418,1,6,0,652.0
10109793RIBEIROP_2025-04-16_G44,10109793RIBEIROP,2025-04-16,105705,1,4,0,63.0
10109793RIBEIROP_2025-04-16_G45,10109793RIBEIROP,2025-04-16,111463,1,1,0,56.0
10109793RIBEIROP_2025-04-16_G46,10109793RIBEIROP,2025-04-16,140922,1,8,0,130.0
10109793RIBEIROP_2025-04-16_G47,10109793RIBEIROP,2025-04-16,108794,1,3,0,136.0
10109793RIBEIROP_2025-04-16_G48,10109793RIBEIROP,2025-04-16,111462,1,5,0,62.0
10109793RIBEIROP_2025-04-16_G49,10109793RIBEIROP,2025-04-16,109645,1,4,0,78.0
10109793RIBEIROP_2025-04-16_G50,10109793RIBEIROP,2025-04-16,107236,1,4,0,335.0
10109793RIBEIROP_2025-04-16_G52,10109793RIBEIROP,2025-04-16,110755,1,4,0,85.0
10109793RIBEIROP_2025-04-16_G53,10109793RIBEIROP,2025-04-16,118222,1,2,0,58.0
10109793RIBEIROP_2025-04-16_G54,10109793RIBEIROP,2025-04-16,111569,1,4,0,124.0
10109793RIBEIROP_2025-04-16_G55,10109793RIBEIROP,2025-04-16,117836,1,2,0,102.0
10109793RIBEIROP_2025-04-16_G56,10109793RIBEIROP,2025-04-16,110313,1,5,0,186.0
10109793RIBEIROP_2025-04-16_G57,10109793RIBEIROP,2025-04-16,117786,1,4,0,127.0
10109793RIBEIROP_2025-04-16_G58,10109793RIBEIROP,2025-04-16,110515,1,6,0,120.0
10109793RIBEIROP_2025-04-16_G59,10109793RIBEIROP,2025-04-16,110711,1,7,0,84.0
10109793RIBEIROP_2025-04-16_G60,10109793RIBEIROP,2025-04-16,111418,1,4,0,308.0
10109793RIBEIROP_2025-04-16_G61,10109793RIBEIROP,2025-04-16,111463,1,2,0,89.0
10109793RIBEIROP_2025-04-16_G62,10109793RIBEIROP,2025-04-16,111743,1,1,0,45.0
10109793RIBEIROP_2025-04-16_G63,10109793RIBEIROP,2025-04-16,111466,1,4,0,94.0
10109793RIBEIROP_2025-04-16_G64,10109793RIBEIROP,2025-04-16,118140,1,4,0,113.0
10109793RIBEIROP_2025-04-16_G65,10109793RIBEIROP,2025-04-16,109747,1,1,0,269.0
10109793RIBEIROP_2025-04-16_G66,10109793RIBEIROP,2025-04-16,110325,1,4,0,124.0
10109793RIBEIROP_2025-04-16_G67,10109793RIBEIROP,2025-04-16,110374,1,1,0,77.0
10109793RIBEIROP_2025-04-16_G68,10109793RIBEIROP,2025-04-16,117808,1,3,0,71.0
10109793RIBEIROP_2025-04-16_G69,10109793RIBEIROP,2025-04-16,110371,1,1,0,88.0
10109793RIBEIROP_2025-04-16_G70,10109793RIBEIROP,2025-04-16,110373,1,2,0,71.0
10109793RIBEIROP_2025-04-16_G71,10109793RIBEIROP,2025-04-16,110515,1,5,0,331.0
10109793RIBEIROP_2025-04-16_G72,10109793RIBEIROP,2025-04-16,111469,1,4,0,166.0
10109793RIBEIROP_2025-04-16_G73,10109793RIBEIROP,2025-04-16,110371,1,4,0,111.0
10109793RIBEIROP_2025-04-16_G74,10109793RIBEIROP,2025-04-16,117832,1,2,0,94.0
10109793RIBEIROP_2025-04-16_G75,10109793RIBEIROP,2025-04-16,110372,1,2,0,85.0
10109793RIBEIROP_2025-04-16_G76,10109793RIBEIROP,2025-04-16,110373,1,2,0,56.0
10109793RIBEIROP_2025-04-16_G77,10109793RIBEIROP,2025-04-16,111441,1,3,0,811.0
10109793RIBEIROP_2025-04-16_G78,10109793RIBEIROP,2025-04-16,111418,1,4,0,132.0
10109793RIBEIROP_2025-04-16_G79,10109793RIBEIROP,2025-04-16,118004,1,3,0,55.0
10109793RIBEIROP_2025-04-16_G80,10109793RIBEIROP,2025-04-16,117808,1,2,0,108.0
10109793RIBEIROP_2025-04-16_G81,10109793RIBEIROP,2025-04-16,110371,1,7,0,131.0
10109793RIBEIROP_2025-04-16_G82,10109793RIBEIROP,2025-04-16,117832,1,4,0,111.0
10109793RIBEIROP_2025-04-16_G83,10109793RIBEIROP,2025-04-16,110373,1,7,0,118.0
10109793RIBEIROP_2025-04-16_G84,10109793RIBEIROP,2025-04-16,118004,1,3,0,400.0
10109793RIBEIROP_2025-04-16_G85,10109793RIBEIROP,2025-04-16,111466,1,1,0,60.0
10109793RIBEIROP_2025-04-16_G86,10109793RIBEIROP,2025-04-16,111465,1,3,0,96.0
10109793RIBEIROP_2025-04-16_G87,10109793RIBEIROP,2025-04-16,111441,1,12,0,1820.0
10109793RIBEIROP_2025-04-16_G88,10109793RIBEIROP,2025-04-16,110755,1,16,0,235.0
10109793RIBEIROP_2025-04-16_G89,10109793RIBEIROP,2025-04-16,111438,1,6,0,134.0
10109793RIBEIROP_2025-04-16_G90,10109793RIBEIROP,2025-04-16,117862,1,8,0,563.0
10109793RIBEIROP_2025-04-16_G91,10109793RIBEIROP,2025-04-16,111348,1,4,0,127.0
10109793RIBEIROP_2025-04-16_G92,10109793RIBEIROP,2025-04-16,117808,1,30,0,350.0
10109793RIBEIROP_2025-04-16_G93,10109793RIBEIROP,2025-04-16,117808,1,20,0,181.0
10109793RIBEIROP_2025-04-16_G94,10109793RIBEIROP,2025-04-16,110371,1,8,0,150.0
10109793RIBEIROP_2025-04-17_G02,10109793RIBEIROP,2025-04-17,111465,1,12,0,121.0
10109793RIBEIROP_2025-04-17_G03,10109793RIBEIROP,2025-04-17,107236,1,12,0,302.0
10109793RIBEIROP_2025-04-19_G02,10109793RIBEIROP,2025-04-19,117855,1,4,0,146.0
10109793RIBEIROP_2025-04-19_G03,10109793RIBEIROP,2025-04-19,110515,1,1,0,93.0
10109793RIBEIROP_2025-04-19_G04,10109793RIBEIROP,2025-04-19,108711,1,1,0,221.0
10109793RIBEIROP_2025-04-19_G05,10109793RIBEIROP,2025-04-19,111438,1,8,0,876.0
10109793RIBEIROP_2025-04-19_G06,10109793RIBEIROP,2025-04-19,"111441, 111569",2,9,25,294.0
10109793RIBEIROP_2025-04-19_G07,10109793RIBEIROP,2025-04-19,111602,1,4,0,428.0
10109793RIBEIROP_2025-04-19_G08,10109793RIBEIROP,2025-04-19,117855,1,6,0,771.0
10109793RIBEIROP_2025-04-19_G09,10109793RIBEIROP,2025-04-19,110515,1,4,0,129.0
10109793RIBEIROP_2025-04-19_G10,10109793RIBEIROP,2025-04-19,111469,1,27,0,221.0
10109793RIBEIROP_2025-04-19_G11,10109793RIBEIROP,2025-04-19,111418,1,5,0,110.0
10109793RIBEIROP_2025-04-19_G12,10109793RIBEIROP,2025-04-19,140922,1,4,0,149.0
10109793RIBEIROP_2025-04-19_G13,10109793RIBEIROP,2025-04-19,108794,1,4,0,241.0
10109793RIBEIROP_2025-04-19_G14,10109793RIBEIROP,2025-04-19,111532,1,2,0,61.0
10109793RIBEIROP_2025-04-19_G15,10109793RIBEIROP,2025-04-19,118140,1,14,0,359.0
10109793RIBEIROP_2025-04-19_G16,10109793RIBEIROP,2025-04-19,110787,1,4,0,3348.0
10109793RIBEIROP_2025-04-19_G17,10109793RIBEIROP,2025-04-19,110373,1,10,0,249.0
10109793RIBEIROP_2025-04-19_G18,10109793RIBEIROP,2025-04-19,117808,1,8,0,211.0
10109793RIBEIROP_2025-04-19_G19,10109793RIBEIROP,2025-04-19,108759,1,4,0,588.0
10109793RIBEIROP_2025-04-19_G20,10109793RIBEIROP,2025-04-19,108798,1,2,0,688.0
10109793RIBEIROP_2025-04-19_G21,10109793RIBEIROP,2025-04-19,117785,2,160,17,792.0
10109793RIBEIROP_2025-04-19_G22,10109793RIBEIROP,2025-04-19,117785,1,123,0,1256.0
10109793RIBEIROP_2025-04-19_G23,10109793RIBEIROP,2025-04-19,111330,1,3,0,130.0
10109793RIBEIROP_2025-04-19_G24,10109793RIBEIROP,2025-04-19,117785,1,66,0,410.0
10109793RIBEIROP_2025-04-19_G25,10109793RIBEIROP,2025-04-19,109747,3,20,31,643.0
10109793RIBEIROP_2025-04-19_G26,10109793RIBEIROP,2025-04-19,107830,1,1,0,367.0
10109793RIBEIROP_2025-04-19_G27,10109793RIBEIROP,2025-04-19,111446,1,4,0,158.0
10109793RIBEIROP_2025-04-19_G28,10109793RIBEIROP,2025-04-19,100334,1,2,0,499.0
10109793RIBEIROP_2025-04-19_G29,10109793RIBEIROP,2025-04-19,108759,1,4,0,185.0
10109793RIBEIROP_2025-04-19_G30,10109793RIBEIROP,2025-04-19,109640,1,4,0,190.0
10109793RIBEIROP_2025-04-19_G31,10109793RIBEIROP,2025-04-19,108798,1,8,0,211.0
10109793RIBEIROP_2025-04-19_G32,10109793RIBEIROP,2025-04-19,108759,1,3,0,399.0
10109793RIBEIROP_2025-04-19_G33,10109793RIBEIROP,2025-04-19,108759,1,4,0,300.0
10109793RIBEIROP_2025-04-19_G34,10109793RIBEIROP,2025-04-19,108798,1,4,0,203.0
10109793RIBEIROP_2025-04-19_G35,10109793RIBEIROP,2025-04-19,110374,1,1,0,393.0
10109793RIBEIROP_2025-04-19_G36,10109793RIBEIROP,2025-04-19,110372,1,6,0,125.0
10109793RIBEIROP_2025-04-19_G37,10109793RIBEIROP,2025-04-19,"110371, 110373",2,3,27,37.0
10109793RIBEIROP_2025-04-19_G38,10109793RIBEIROP,2025-04-19,111602,2,5,30,253.0
10109793RIBEIROP_2025-04-19_G39,10109793RIBEIROP,2025-04-19,110752,1,1,0,170.0
10109793RIBEIROP_2025-04-19_G40,10109793RIBEIROP,2025-04-19,117855,1,3,0,51.0
10109793RIBEIROP_2025-04-19_G41,10109793RIBEIROP,2025-04-19,111467,1,3,0,75.0
10109793RIBEIROP_2025-04-19_G42,10109793RIBEIROP,2025-04-19,109640,1,2,0,34.0
10109793RIBEIROP_2025-04-19_G44,10109793RIBEIROP,2025-04-19,118222,1,4,0,124.0
10109793RIBEIROP_2025-04-19_G45,10109793RIBEIROP,2025-04-19,111437,1,8,0,221.0
10109793RIBEIROP_2025-04-19_G46,10109793RIBEIROP,2025-04-19,160057,1,4,0,99.0
10109793RIBEIROP_2025-04-19_G47,10109793RIBEIROP,2025-04-19,118250,1,4,0,387.0
10109793RIBEIROP_2025-04-19_G48,10109793RIBEIROP,2025-04-19,117835,1,8,0,1004.0
10109793RIBEIROP_2025-04-19_G49,10109793RIBEIROP,2025-04-19,111441,1,10,0,309.0
10109793RIBEIROP_2025-04-19_G50,10109793RIBEIROP,2025-04-19,108759,2,15,8,536.0
10109793RIBEIROP_2025-04-19_G51,10109793RIBEIROP,2025-04-19,110374,1,40,0,852.0
10109793RIBEIROP_2025-04-19_G52,10109793RIBEIROP,2025-04-19,117808,1,60,0,1036.0
10109793RIBEIROP_2025-04-19_G53,10109793RIBEIROP,2025-04-19,117820,1,30,0,435.0
10109793RIBEIROP_2025-04-19_G54,10109793RIBEIROP,2025-04-19,160051,1,20,0,365.0
10109793RIBEIROP_2025-04-19_G55,10109793RIBEIROP,2025-04-19,160055,1,4,0,712.0
10109793RIBEIROP_2025-04-19_G56,10109793RIBEIROP,2025-04-19,111465,1,8,0,117.0
10109793RIBEIROP_2025-04-21_G02,10109793RIBEIROP,2025-04-21,118251,1,4,0,87.0
10109793RIBEIROP_2025-04-21_G03,10109793RIBEIROP,2025-04-21,110313,1,2,0,136.0
10109793RIBEIROP_2025-04-21_G04,10109793RIBEIROP,2025-04-21,110733,1,1,0,51.0
10109793RIBEIROP_2025-04-21_G05,10109793RIBEIROP,2025-04-21,117856,1,4,0,176.0
10109793RIBEIROP_2025-04-21_G06,10109793RIBEIROP,2025-04-21,111463,1,4,0,536.0
10109793RIBEIROP_2025-04-21_G07,10109793RIBEIROP,2025-04-21,111466,1,4,0,96.0
10109793RIBEIROP_2025-04-21_G08,10109793RIBEIROP,2025-04-21,111465,1,2,0,141.0
10109793RIBEIROP_2025-04-21_G09,10109793RIBEIROP,2025-04-21,117821,1,4,0,155.0
10109793RIBEIROP_2025-04-21_G10,10109793RIBEIROP,2025-04-21,110747,1,12,0,1144.0
10109793RIBEIROP_2025-04-21_G11,10109793RIBEIROP,2025-04-21,108759,1,3,0,80.0
10109793RIBEIROP_2025-04-21_G12,10109793RIBEIROP,2025-04-21,110339,1,4,0,111.0
10109793RIBEIROP_2025-04-21_G13,10109793RIBEIROP,2025-04-21,111433,1,6,0,158.0
10109793RIBEIROP_2025-04-21_G14,10109793RIBEIROP,2025-04-21,111466,1,24,0,308.0
10109793RIBEIROP_2025-04-21_G15,10109793RIBEIROP,2025-04-21,111465,1,12,0,341.0
10109793RIBEIROP_2025-04-21_G16,10109793RIBEIROP,2025-04-21,110373,1,24,0,241.0
10109793RIBEIROP_2025-04-21_G17,10109793RIBEIROP,2025-04-21,111876,1,4,0,2397.0
10109793RIBEIROP_2025-04-21_G18,10109793RIBEIROP,2025-04-21,110339,1,4,0,68.0
10109793RIBEIROP_2025-04-21_G19,10109793RIBEIROP,2025-04-21,110711,1,6,0,132.0
10109793RIBEIROP_2025-04-21_G20,10109793RIBEIROP,2025-04-21,110063,1,4,0,157.0
10109793RIBEIROP_2025-04-21_G21,10109793RIBEIROP,2025-04-21,110515,1,60,0,340.0
10109793RIBEIROP_2025-04-21_G22,10109793RIBEIROP,2025-04-21,111418,1,80,0,455.0
10109793RIBEIROP_2025-04-21_G23,10109793RIBEIROP,2025-04-21,118299,1,310,0,723.0
10109793RIBEIROP_2025-04-21_G24,10109793RIBEIROP,2025-04-21,117808,1,160,0,1051.0
10109793RIBEIROP_2025-04-21_G25,10109793RIBEIROP,2025-04-21,117809,1,140,0,552.0
10109793RIBEIROP_2025-04-21_G26,10109793RIBEIROP,2025-04-21,117820,1,60,0,387.0
10109793RIBEIROP_2025-04-21_G27,10109793RIBEIROP,2025-04-21,117832,1,20,0,361.0
10109793RIBEIROP_2025-04-21_G28,10109793RIBEIROP,2025-04-21,110372,1,30,0,329.0
10109793RIBEIROP_2025-04-21_G29,10109793RIBEIROP,2025-04-21,110373,1,30,0,242.0
10109793RIBEIROP_2025-04-21_G30,10109793RIBEIROP,2025-04-21,118299,1,100,0,883.0
10109793RIBEIROP_2025-04-21_G31,10109793RIBEIROP,2025-04-21,111465,1,24,0,653.0
10109793RIBEIROP_2025-04-21_G32,10109793RIBEIROP,2025-04-21,110332,1,22,0,180.0
10109793RIBEIROP_2025-04-21_G33,10109793RIBEIROP,2025-04-21,118140,1,50,0,851.0
10109793RIBEIROP_2025-04-21_G35,10109793RIBEIROP,2025-04-21,117838,1,2,0,67.0
10109793RIBEIROP_2025-04-21_G36,10109793RIBEIROP,2025-04-21,109645,1,10,0,88.0
10109793RIBEIROP_2025-04-21_G37,10109793RIBEIROP,2025-04-21,118140,1,40,0,794.0
10109793RIBEIROP_2025-04-21_G38,10109793RIBEIROP,2025-04-21,110787,1,40,0,169.0
10109793RIBEIROP_2025-04-21_G39,10109793RIBEIROP,2025-04-21,108759,1,1,0,631.0
10109793RIBEIROP_2025-04-22_G02,10109793RIBEIROP,2025-04-22,111447,1,4,0,107.0
10109793RIBEIROP_2025-04-22_G03,10109793RIBEIROP,2025-04-22,118222,1,20,0,399.0
10109793RIBEIROP_2025-04-22_G04,10109793RIBEIROP,2025-04-22,140911,1,8,0,266.0
10109793RIBEIROP_2025-04-22_G05,10109793RIBEIROP,2025-04-22,141047,1,12,0,412.0
10109793RIBEIROP_2025-04-22_G06,10109793RIBEIROP,2025-04-22,110756,1,3,0,94.0
10109793RIBEIROP_2025-04-22_G07,10109793RIBEIROP,2025-04-22,110313,1,30,0,350.0
10109793RIBEIROP_2025-04-22_G08,10109793RIBEIROP,2025-04-22,110733,1,12,0,159.0
10109793RIBEIROP_2025-04-22_G09,10109793RIBEIROP,2025-04-22,111602,1,50,0,473.0
10109793RIBEIROP_2025-04-22_G10,10109793RIBEIROP,2025-04-22,117855,1,12,0,168.0
10109793RIBEIROP_2025-04-22_G11,10109793RIBEIROP,2025-04-22,117821,1,30,0,548.0
10109793RIBEIROP_2025-04-22_G12,10109793RIBEIROP,2025-04-22,118004,1,3,0,116.0
10109793RIBEIROP_2025-04-22_G13,10109793RIBEIROP,2025-04-22,117833,1,20,0,154.0
10109793RIBEIROP_2025-04-22_G14,10109793RIBEIROP,2025-04-22,111465,1,6,0,130.0
10109793RIBEIROP_2025-04-22_G15,10109793RIBEIROP,2025-04-22,118299,1,700,0,596.0
10109793RIBEIROP_2025-04-22_G16,10109793RIBEIROP,2025-04-22,117830,1,20,0,208.0
10109793RIBEIROP_2025-04-22_G17,10109793RIBEIROP,2025-04-22,110373,1,50,0,520.0
10109793RIBEIROP_2025-04-22_G18,10109793RIBEIROP,2025-04-22,110374,1,8,0,243.0
10109793RIBEIROP_2025-04-22_G19,10109793RIBEIROP,2025-04-22,117820,1,170,0,983.0
10109793RIBEIROP_2025-04-22_G20,10109793RIBEIROP,2025-04-22,117832,1,20,0,359.0
10109793RIBEIROP_2025-04-22_G21,10109793RIBEIROP,2025-04-22,110372,1,50,0,394.0
10109793RIBEIROP_2025-04-22_G22,10109793RIBEIROP,2025-04-22,117787,1,1,0,1634.0
10109793RIBEIROP_2025-04-22_G23,10109793RIBEIROP,2025-04-22,108772,1,2,0,62.0
10109793RIBEIROP_2025-04-22_G24,10109793RIBEIROP,2025-04-22,117808,1,20,0,267.0
10109793RIBEIROP_2025-04-22_G25,10109793RIBEIROP,2025-04-22,118299,1,8,0,163.0
10109793RIBEIROP_2025-04-22_G26,10109793RIBEIROP,2025-04-22,117820,1,2,0,95.0
10109793RIBEIROP_2025-04-22_G27,10109793RIBEIROP,2025-04-22,110372,1,14,0,211.0
10109793RIBEIROP_2025-04-22_G28,10109793RIBEIROP,2025-04-22,117830,1,7,0,107.0
10109793RIBEIROP_2025-04-22_G29,10109793RIBEIROP,2025-04-22,117862,1,3,0,446.0
10109793RIBEIROP_2025-04-22_G30,10109793RIBEIROP,2025-04-22,117821,1,6,0,103.0
10109793RIBEIROP_2025-04-22_G31,10109793RIBEIROP,2025-04-22,118004,1,11,0,222.0
10109793RIBEIROP_2025-04-22_G32,10109793RIBEIROP,2025-04-22,111418,1,21,0,226.0
10109793RIBEIROP_2025-04-22_G33,10109793RIBEIROP,2025-04-22,111466,1,4,0,90.0
10109793RIBEIROP_2025-04-22_G34,10109793RIBEIROP,2025-04-22,111532,1,2,0,75.0
10109793RIBEIROP_2025-04-22_G35,10109793RIBEIROP,2025-04-22,118140,2,13,7,211.0
10109793RIBEIROP_2025-04-22_G36,10109793RIBEIROP,2025-04-22,114650,1,8,0,702.0
10109793RIBEIROP_2025-04-22_G37,10109793RIBEIROP,2025-04-22,118283,1,120,0,980.0
10109793RIBEIROP_2025-04-22_G39,10109793RIBEIROP,2025-04-22,140922,1,2,0,137.0
10109793RIBEIROP_2025-04-22_G40,10109793RIBEIROP,2025-04-22,108794,1,2,0,205.0
10109793RIBEIROP_2025-04-22_G41,10109793RIBEIROP,2025-04-22,109647,1,2,0,102.0
10109793RIBEIROP_2025-04-22_G42,10109793RIBEIROP,2025-04-22,110313,1,2,0,86.0
10109793RIBEIROP_2025-04-22_G43,10109793RIBEIROP,2025-04-22,111602,1,2,0,90.0
10109793RIBEIROP_2025-04-22_G44,10109793RIBEIROP,2025-04-22,118403,1,2,0,59.0
10109793RIBEIROP_2025-04-22_G45,10109793RIBEIROP,2025-04-22,117855,1,2,0,69.0
10109793RIBEIROP_2025-04-22_G46,10109793RIBEIROP,2025-04-22,111467,1,1,0,81.0
10109793RIBEIROP_2025-04-22_G47,10109793RIBEIROP,2025-04-22,111569,1,4,0,90.0
10109793RIBEIROP_2025-04-22_G48,10109793RIBEIROP,2025-04-22,110895,1,2,0,105.0
10109793RIBEIROP_2025-04-22_G49,10109793RIBEIROP,2025-04-22,118140,1,16,0,435.0
10109793RIBEIROP_2025-04-22_G50,10109793RIBEIROP,2025-04-22,140911,1,2,0,149.0
10109793RIBEIROP_2025-04-22_G52,10109793RIBEIROP,2025-04-22,118281,1,19,0,346.0
10109793RIBEIROP_2025-04-22_G53,10109793RIBEIROP,2025-04-22,117832,1,20,0,463.0
10109793RIBEIROP_2025-04-22_G54,10109793RIBEIROP,2025-04-22,117830,1,30,0,293.0
10109793RIBEIROP_2025-04-23_G02,10109793RIBEIROP,2025-04-23,110373,1,20,0,204.0
10109793RIBEIROP_2025-04-23_G03,10109793RIBEIROP,2025-04-23,111532,1,20,0,461.0
10109793RIBEIROP_2025-04-23_G04,10109793RIBEIROP,2025-04-23,111532,1,12,0,72.0
10109793RIBEIROP_2025-04-23_G05,10109793RIBEIROP,2025-04-23,110515,1,16,0,422.0
10109793RIBEIROP_2025-04-23_G06,10109793RIBEIROP,2025-04-23,108772,1,5,0,83.0
10109793RIBEIROP_2025-04-23_G07,10109793RIBEIROP,2025-04-23,111430,1,2,0,350.0
10109793RIBEIROP_2025-04-23_G08,10109793RIBEIROP,2025-04-23,111438,1,2,0,223.0
10109793RIBEIROP_2025-04-23_G09,10109793RIBEIROP,2025-04-23,117935,1,3,0,120.0
10109793RIBEIROP_2025-04-23_G10,10109793RIBEIROP,2025-04-23,111598,1,1,0,121.0
10109793RIBEIROP_2025-04-23_G11,10109793RIBEIROP,2025-04-23,110580,1,1,0,205.0
10109793RIBEIROP_2025-04-23_G12,10109793RIBEIROP,2025-04-23,117862,1,4,0,59.0
10109793RIBEIROP_2025-04-23_G13,10109793RIBEIROP,2025-04-23,109640,1,3,0,118.0
10109793RIBEIROP_2025-04-23_G14,10109793RIBEIROP,2025-04-23,117821,1,4,0,109.0
10109793RIBEIROP_2025-04-23_G15,10109793RIBEIROP,2025-04-23,117785,1,24,0,417.0
10109793RIBEIROP_2025-04-23_G16,10109793RIBEIROP,2025-04-23,117785,1,5,0,62.0
10109793RIBEIROP_2025-04-23_G17,10109793RIBEIROP,2025-04-23,111463,1,6,0,235.0
10109793RIBEIROP_2025-04-23_G18,10109793RIBEIROP,2025-04-23,111172,1,1,0,99.0
10109793RIBEIROP_2025-04-23_G19,10109793RIBEIROP,2025-04-23,111532,1,2,0,100.0
10109793RIBEIROP_2025-04-23_G20,10109793RIBEIROP,2025-04-23,118140,1,8,0,132.0
10109793RIBEIROP_2025-04-23_G21,10109793RIBEIROP,2025-04-23,118299,1,40,0,841.0
10109793RIBEIROP_2025-04-23_G22,10109793RIBEIROP,2025-04-23,117830,1,1,0,129.0
10109793RIBEIROP_2025-04-23_G23,10109793RIBEIROP,2025-04-23,117808,1,22,0,180.0
10109793RIBEIROP_2025-04-23_G24,10109793RIBEIROP,2025-04-23,117808,1,160,0,987.0
10109793RIBEIROP_2025-04-23_G25,10109793RIBEIROP,2025-04-23,110373,1,6,0,48.0
10109793RIBEIROP_2025-04-23_G27,10109793RIBEIROP,2025-04-23,117854,1,4,0,97.0
10109793RIBEIROP_2025-04-23_G28,10109793RIBEIROP,2025-04-23,110371,1,380,0,1055.0
10109793RIBEIROP_2025-04-23_G29,10109793RIBEIROP,2025-04-23,110372,1,730,0,2662.0
10109793RIBEIROP_2025-04-23_G30,10109793RIBEIROP,2025-04-23,111430,1,8,0,1077.0
10109793RIBEIROP_2025-04-23_G31,10109793RIBEIROP,2025-04-23,111569,1,4,0,146.0
10109793RIBEIROP_2025-04-23_G32,10109793RIBEIROP,2025-04-23,118222,1,8,0,223.0
10109793RIBEIROP_2025-04-23_G33,10109793RIBEIROP,2025-04-23,111441,1,10,0,781.0
10109793RIBEIROP_2025-04-23_G34,10109793RIBEIROP,2025-04-23,111467,1,4,0,84.0
10109793RIBEIROP_2025-04-23_G35,10109793RIBEIROP,2025-04-23,117854,1,8,0,243.0
10109793RIBEIROP_2025-04-23_G36,10109793RIBEIROP,2025-04-23,111468,1,6,0,168.0
10109793RIBEIROP_2025-04-23_G37,10109793RIBEIROP,2025-04-23,111743,1,2,0,364.0
10109793RIBEIROP_2025-04-23_G38,10109793RIBEIROP,2025-04-23,117785,1,16,0,204.0
10109793RIBEIROP_2025-04-23_G39,10109793RIBEIROP,2025-04-23,111418,1,12,0,127.0
10109793RIBEIROP_2025-04-23_G40,10109793RIBEIROP,2025-04-23,117787,1,4,0,61.0
10109793RIBEIROP_2025-04-23_G41,10109793RIBEIROP,2025-04-23,117833,1,2,0,85.0
10109793RIBEIROP_2025-04-23_G42,10109793RIBEIROP,2025-04-23,108794,1,13,0,140.0
10109793RIBEIROP_2025-04-23_G43,10109793RIBEIROP,2025-04-23,111348,1,6,0,290.0
10109793RIBEIROP_2025-04-23_G44,10109793RIBEIROP,2025-04-23,118299,1,44,0,318.0
10109793RIBEIROP_2025-04-23_G45,10109793RIBEIROP,2025-04-23,117808,1,80,0,392.0
10109793RIBEIROP_2025-04-24_G02,10109793RIBEIROP,2025-04-24,110313,1,26,0,790.0
10109793RIBEIROP_2025-04-24_G03,10109793RIBEIROP,2025-04-24,118140,1,2,0,282.0
10109793RIBEIROP_2025-04-24_G05,10109793RIBEIROP,2025-04-24,111418,1,510,0,1426.0
10109793RIBEIROP_2025-04-24_G06,10109793RIBEIROP,2025-04-24,111532,1,240,0,923.0
10109793RIBEIROP_2025-04-24_G07,10109793RIBEIROP,2025-04-24,110373,1,500,0,1424.0
10109793RIBEIROP_2025-04-25_G02,10109793RIBEIROP,2025-04-25,110515,1,173,0,1585.0
10109793RIBEIROP_2025-04-25_G03,10109793RIBEIROP,2025-04-25,111602,1,389,0,1736.0
10109793RIBEIROP_2025-04-25_G04,10109793RIBEIROP,2025-04-25,105894,1,10,0,586.0
10109793RIBEIROP_2025-04-25_G05,10109793RIBEIROP,2025-04-25,111469,1,382,0,1102.0
10109793RIBEIROP_2025-04-26_G02,10109793RIBEIROP,2025-04-26,111569,1,5,0,116.0
10109793RIBEIROP_2025-04-26_G03,10109793RIBEIROP,2025-04-26,110747,1,2,0,85.0
10109793RIBEIROP_2025-04-26_G04,10109793RIBEIROP,2025-04-26,111850,1,4,0,103.0
10109793RIBEIROP_2025-04-26_G05,10109793RIBEIROP,2025-04-26,111660,1,4,0,96.0
10109793RIBEIROP_2025-04-26_G06,10109793RIBEIROP,2025-04-26,111660,1,4,0,67.0
10109793RIBEIROP_2025-04-26_G07,10109793RIBEIROP,2025-04-26,111445,1,4,0,350.0
10109793RIBEIROP_2025-04-26_G08,10109793RIBEIROP,2025-04-26,111438,1,4,0,63.0
10109793RIBEIROP_2025-04-26_G09,10109793RIBEIROP,2025-04-26,118306,1,3,0,95.0
10109793RIBEIROP_2025-04-26_G10,10109793RIBEIROP,2025-04-26,117835,1,4,0,126.0
10109793RIBEIROP_2025-04-26_G11,10109793RIBEIROP,2025-04-26,110895,1,10,0,129.0
10109793RIBEIROP_2025-04-26_G12,10109793RIBEIROP,2025-04-26,107830,1,6,0,382.0
10109793RIBEIROP_2025-04-26_G13,10109793RIBEIROP,2025-04-26,110371,1,40,0,278.0
10109793RIBEIROP_2025-04-26_G14,10109793RIBEIROP,2025-04-26,117840,1,5,0,97.0
10109793RIBEIROP_2025-04-26_G15,10109793RIBEIROP,2025-04-26,117820,1,10,0,89.0
10109793RIBEIROP_2025-04-26_G16,10109793RIBEIROP,2025-04-26,118299,1,20,0,146.0
10109793RIBEIROP_2025-04-26_G17,10109793RIBEIROP,2025-04-26,117832,1,10,0,254.0
10109793RIBEIROP_2025-04-26_G18,10109793RIBEIROP,2025-04-26,110372,1,40,0,312.0
10109793RIBEIROP_2025-04-26_G19,10109793RIBEIROP,2025-04-26,117830,1,10,0,317.0
10109793RIBEIROP_2025-04-26_G20,10109793RIBEIROP,2025-04-26,110375,1,10,0,240.0
10109793RIBEIROP_2025-04-26_G21,10109793RIBEIROP,2025-04-26,117808,1,30,0,419.0
10109793RIBEIROP_2025-04-26_G22,10109793RIBEIROP,2025-04-26,117809,1,30,0,154.0
10109793RIBEIROP_2025-04-26_G23,10109793RIBEIROP,2025-04-26,160051,1,2,0,47.0
10109793RIBEIROP_2025-04-26_G24,10109793RIBEIROP,2025-04-26,"117862, 107629, 110313, 117861, 110733, 117855",7,75,49,493.0
10109793RIBEIROP_2025-04-26_G25,10109793RIBEIROP,2025-04-26,117785,1,950,0,2556.0
10109793RIBEIROP_2025-04-28_G02,10109793RIBEIROP,2025-04-28,111438,1,20,0,300.0
10109793RIBEIROP_2025-04-28_G03,10109793RIBEIROP,2025-04-28,140911,1,4,0,169.0
10109793RIBEIROP_2025-04-28_G04,10109793RIBEIROP,2025-04-28,111441,1,40,0,766.0
10109793RIBEIROP_2025-04-28_G05,10109793RIBEIROP,2025-04-28,110895,1,30,0,308.0
10109793RIBEIROP_2025-04-28_G06,10109793RIBEIROP,2025-04-28,117935,2,30,13,421.0
10109793RIBEIROP_2025-04-28_G07,10109793RIBEIROP,2025-04-28,111530,1,28,0,850.0
10109793RIBEIROP_2025-04-28_G08,10109793RIBEIROP,2025-04-28,111467,1,31,0,307.0
10109793RIBEIROP_2025-04-28_G09,10109793RIBEIROP,2025-04-28,110515,1,47,0,503.0
10109793RIBEIROP_2025-04-28_G10,10109793RIBEIROP,2025-04-28,109640,1,4,0,259.0
10109793RIBEIROP_2025-04-28_G11,10109793RIBEIROP,2025-04-28,109640,1,4,0,84.0
10109793RIBEIROP_2025-04-28_G12,10109793RIBEIROP,2025-04-28,110711,1,26,0,343.0
10109793RIBEIROP_2025-04-28_G13,10109793RIBEIROP,2025-04-28,118094,1,80,0,455.0
10109793RIBEIROP_2025-04-28_G14,10109793RIBEIROP,2025-04-28,110515,1,33,0,1284.0
10109793RIBEIROP_2025-04-28_G15,10109793RIBEIROP,2025-04-28,111602,1,30,0,407.0
10109793RIBEIROP_2025-04-28_G16,10109793RIBEIROP,2025-04-28,117837,1,10,0,244.0
10109793RIBEIROP_2025-04-28_G17,10109793RIBEIROP,2025-04-28,111430,1,2,0,2481.0
10109793RIBEIROP_2025-04-28_G18,10109793RIBEIROP,2025-04-28,111660,1,4,0,149.0
10109793RIBEIROP_2025-04-28_G19,10109793RIBEIROP,2025-04-28,110742,1,2,0,73.0
10109793RIBEIROP_2025-04-28_G20,10109793RIBEIROP,2025-04-28,111850,1,4,0,69.0
10109793RIBEIROP_2025-04-28_G21,10109793RIBEIROP,2025-04-28,117862,1,2,0,61.0
10109793RIBEIROP_2025-04-28_G22,10109793RIBEIROP,2025-04-28,117837,1,8,0,155.0
10109793RIBEIROP_2025-04-28_G23,10109793RIBEIROP,2025-04-28,110733,1,8,0,152.0
10109793RIBEIROP_2025-04-28_G24,10109793RIBEIROP,2025-04-28,110752,1,4,0,320.0
10109793RIBEIROP_2025-04-28_G25,10109793RIBEIROP,2025-04-28,109647,1,4,0,52.0
10109793RIBEIROP_2025-04-28_G26,10109793RIBEIROP,2025-04-28,111439,1,8,0,103.0
10109793RIBEIROP_2025-04-28_G27,10109793RIBEIROP,2025-04-28,117856,1,4,0,53.0
10109793RIBEIROP_2025-04-28_G28,10109793RIBEIROP,2025-04-28,109640,1,4,0,95.0
10109793RIBEIROP_2025-04-28_G30,10109793RIBEIROP,2025-04-28,105705,1,4,0,89.0
10109793RIBEIROP_2025-04-28_G31,10109793RIBEIROP,2025-04-28,111466,1,8,0,125.0
10109793RIBEIROP_2025-04-28_G32,10109793RIBEIROP,2025-04-28,140922,1,4,0,110.0
10109793RIBEIROP_2025-04-28_G33,10109793RIBEIROP,2025-04-28,109645,1,4,0,107.0
10109793RIBEIROP_2025-04-28_G34,10109793RIBEIROP,2025-04-28,110745,1,3,0,55.0
10109793RIBEIROP_2025-04-28_G35,10109793RIBEIROP,2025-04-28,110740,1,3,0,348.0
10109793RIBEIROP_2025-04-28_G36,10109793RIBEIROP,2025-04-28,110787,1,6,0,171.0
10109793RIBEIROP_2025-04-28_G37,10109793RIBEIROP,2025-04-28,111465,1,4,0,102.0
10109793RIBEIROP_2025-04-28_G38,10109793RIBEIROP,2025-04-28,109643,1,2,0,198.0
10109793RIBEIROP_2025-04-28_G39,10109793RIBEIROP,2025-04-28,110374,1,6,0,181.0
10109793RIBEIROP_2025-04-28_G40,10109793RIBEIROP,2025-04-28,117840,1,2,0,105.0
10109793RIBEIROP_2025-04-28_G41,10109793RIBEIROP,2025-04-28,110373,1,10,0,336.0
10109793RIBEIROP_2025-04-28_G42,10109793RIBEIROP,2025-04-28,117808,1,22,0,256.0
10109793RIBEIROP_2025-04-28_G43,10109793RIBEIROP,2025-04-28,110372,1,14,0,200.0
10109793RIBEIROP_2025-04-28_G44,10109793RIBEIROP,2025-04-28,109643,1,2,0,619.0
10109793RIBEIROP_2025-04-28_G45,10109793RIBEIROP,2025-04-28,110753,1,2,0,306.0
10109793RIBEIROP_2025-04-28_G46,10109793RIBEIROP,2025-04-28,111438,1,2,0,115.0
10109793RIBEIROP_2025-04-28_G47,10109793RIBEIROP,2025-04-28,117789,1,2,0,103.0
10109793RIBEIROP_2025-04-28_G48,10109793RIBEIROP,2025-04-28,110339,1,6,0,206.0
10109793RIBEIROP_2025-04-28_G49,10109793RIBEIROP,2025-04-28,118403,1,2,0,151.0
10109793RIBEIROP_2025-04-28_G50,10109793RIBEIROP,2025-04-28,111650,1,4,0,77.0
10109793RIBEIROP_2025-04-28_G51,10109793RIBEIROP,2025-04-28,111467,1,3,0,81.0
10109793RIBEIROP_2025-04-28_G52,10109793RIBEIROP,2025-04-28,117831,1,8,0,384.0
10109793RIBEIROP_2025-04-28_G53,10109793RIBEIROP,2025-04-28,111463,1,5,0,66.0
10109793RIBEIROP_2025-04-28_G54,10109793RIBEIROP,2025-04-28,111469,1,6,0,69.0
10109793RIBEIROP_2025-04-28_G55,10109793RIBEIROP,2025-04-28,117821,1,2,0,36.0
10109793RIBEIROP_2025-04-28_G56,10109793RIBEIROP,2025-04-28,111462,1,6,0,59.0
10109793RIBEIROP_2025-04-28_G57,10109793RIBEIROP,2025-04-28,117785,1,5,0,434.0
10109793RIBEIROP_2025-04-28_G58,10109793RIBEIROP,2025-04-28,108798,1,3,0,163.0
10109793RIBEIROP_2025-04-28_G59,10109793RIBEIROP,2025-04-28,117838,1,4,0,99.0
10109793RIBEIROP_2025-04-28_G60,10109793RIBEIROP,2025-04-28,118140,1,10,0,433.0
10109793RIBEIROP_2025-04-28_G61,10109793RIBEIROP,2025-04-28,111418,1,20,0,545.0
10109793RIBEIROP_2025-04-28_G62,10109793RIBEIROP,2025-04-28,110325,1,2,0,231.0
10109793RIBEIROP_2025-04-28_G63,10109793RIBEIROP,2025-04-28,117820,1,3,0,58.0
10109793RIBEIROP_2025-04-28_G64,10109793RIBEIROP,2025-04-28,110376,1,2,0,92.0
10109793RIBEIROP_2025-04-28_G65,10109793RIBEIROP,2025-04-28,110372,1,21,0,349.0
10109793RIBEIROP_2025-04-28_G66,10109793RIBEIROP,2025-04-28,110375,1,4,0,70.0
10109793RIBEIROP_2025-04-28_G67,10109793RIBEIROP,2025-04-28,110373,1,21,0,50.0
10109793RIBEIROP_2025-04-28_G68,10109793RIBEIROP,2025-04-28,117808,1,40,0,700.0
10109793RIBEIROP_2025-04-28_G69,10109793RIBEIROP,2025-04-28,117809,1,6,0,48.0
10109793RIBEIROP_2025-04-28_G70,10109793RIBEIROP,2025-04-28,109643,1,2,0,1148.0
10109793RIBEIROP_2025-04-28_G71,10109793RIBEIROP,2025-04-28,109643,1,10,0,85.0
10109793RIBEIROP_2025-04-28_G72,10109793RIBEIROP,2025-04-28,110372,1,20,0,161.0
10109793RIBEIROP_2025-04-28_G73,10109793RIBEIROP,2025-04-28,110372,1,14,0,66.0
10109793RIBEIROP_2025-04-28_G74,10109793RIBEIROP,2025-04-28,117808,1,4,0,89.0
10109793RIBEIROP_2025-04-29_G02,10109793RIBEIROP,2025-04-29,117831,1,2,0,893.0
10109793RIBEIROP_2025-04-29_G03,10109793RIBEIROP,2025-04-29,117820,1,2,0,68.0
10109793RIBEIROP_2025-04-29_G04,10109793RIBEIROP,2025-04-29,110376,1,4,0,101.0
10109793RIBEIROP_2025-04-29_G05,10109793RIBEIROP,2025-04-29,110372,1,8,0,159.0
10109793RIBEIROP_2025-04-29_G06,10109793RIBEIROP,2025-04-29,118094,1,8,0,573.0
10109793RIBEIROP_2025-04-29_G07,10109793RIBEIROP,2025-04-29,"110515, 118094",2,16,15,559.0
10109793RIBEIROP_2025-04-29_G08,10109793RIBEIROP,2025-04-29,107236,1,1,0,136.0
10109793RIBEIROP_2025-04-29_G09,10109793RIBEIROP,2025-04-29,108770,1,9,0,387.0
10109793RIBEIROP_2025-04-29_G10,10109793RIBEIROP,2025-04-29,108770,1,14,0,135.0
10109793RIBEIROP_2025-04-29_G11,10109793RIBEIROP,2025-04-29,111441,1,4,0,169.0
10109793RIBEIROP_2025-04-29_G12,10109793RIBEIROP,2025-04-29,117853,1,2,0,96.0
10109793RIBEIROP_2025-04-29_G13,10109793RIBEIROP,2025-04-29,109649,1,6,0,162.0
10109793RIBEIROP_2025-04-29_G14,10109793RIBEIROP,2025-04-29,111444,1,2,0,103.0
10109793RIBEIROP_2025-04-29_G15,10109793RIBEIROP,2025-04-29,107236,1,12,0,163.0
10109793RIBEIROP_2025-04-29_G16,10109793RIBEIROP,2025-04-29,108711,1,200,0,871.0
10109793RIBEIROP_2025-04-29_G17,10109793RIBEIROP,2025-04-29,110376,1,129,0,618.0
10109793RIBEIROP_2025-04-29_G18,10109793RIBEIROP,2025-04-29,111466,1,4,0,1067.0
10109793RIBEIROP_2025-04-29_G19,10109793RIBEIROP,2025-04-29,117820,1,4,0,100.0
10109793RIBEIROP_2025-04-29_G20,10109793RIBEIROP,2025-04-29,117809,1,4,0,77.0
10109793RIBEIROP_2025-04-29_G21,10109793RIBEIROP,2025-04-29,110372,1,38,0,358.0
10109793RIBEIROP_2025-04-29_G22,10109793RIBEIROP,2025-04-29,117808,1,4,0,87.0
10109793RIBEIROP_2025-04-29_G23,10109793RIBEIROP,2025-04-29,111463,1,8,0,313.0
10109793RIBEIROP_2025-04-29_G24,10109793RIBEIROP,2025-04-29,108711,1,1,0,55.0
10109793RIBEIROP_2025-04-29_G25,10109793RIBEIROP,2025-04-29,111466,1,4,0,95.0
10109793RIBEIROP_2025-04-29_G26,10109793RIBEIROP,2025-04-29,117809,1,4,0,350.0
10109793RIBEIROP_2025-04-29_G27,10109793RIBEIROP,2025-04-29,117808,1,4,0,95.0
10109793RIBEIROP_2025-04-29_G28,10109793RIBEIROP,2025-04-29,108711,1,2,0,353.0
10109793RIBEIROP_2025-04-29_G29,10109793RIBEIROP,2025-04-29,111466,1,4,0,141.0
10109793RIBEIROP_2025-04-29_G30,10109793RIBEIROP,2025-04-29,117820,1,4,0,167.0
10109793RIBEIROP_2025-04-29_G31,10109793RIBEIROP,2025-04-29,117809,1,4,0,82.0
10109793RIBEIROP_2025-04-29_G32,10109793RIBEIROP,2025-04-29,118299,1,8,0,142.0
10109793RIBEIROP_2025-04-29_G33,10109793RIBEIROP,2025-04-29,117808,1,4,0,59.0
10109793RIBEIROP_2025-04-29_G34,10109793RIBEIROP,2025-04-29,117853,1,4,0,254.0
10109793RIBEIROP_2025-04-29_G35,10109793RIBEIROP,2025-04-29,111462,1,4,0,94.0
10109793RIBEIROP_2025-04-29_G36,10109793RIBEIROP,2025-04-29,108711,1,4,0,69.0
10109793RIBEIROP_2025-04-29_G37,10109793RIBEIROP,2025-04-29,117820,1,8,0,148.0
10109793RIBEIROP_2025-04-29_G38,10109793RIBEIROP,2025-04-29,110376,1,11,0,149.0
10109793RIBEIROP_2025-04-29_G39,10109793RIBEIROP,2025-04-29,118299,1,8,0,93.0
10109793RIBEIROP_2025-04-29_G40,10109793RIBEIROP,2025-04-29,111602,1,8,0,362.0
10109793RIBEIROP_2025-04-29_G42,10109793RIBEIROP,2025-04-29,107236,1,4,0,139.0
10109793RIBEIROP_2025-04-29_G43,10109793RIBEIROP,2025-04-29,100334,2,7,29,243.0
10109793RIBEIROP_2025-04-29_G44,10109793RIBEIROP,2025-04-29,107236,1,4,0,122.0
10109793RIBEIROP_2025-04-29_G45,10109793RIBEIROP,2025-04-29,110325,1,10,0,381.0
10109793RIBEIROP_2025-04-29_G46,10109793RIBEIROP,2025-04-29,117820,1,100,0,256.0
10109793RIBEIROP_2025-04-29_G47,10109793RIBEIROP,2025-04-29,110374,1,10,0,496.0
10109793RIBEIROP_2025-04-29_G48,10109793RIBEIROP,2025-04-29,118299,1,100,0,249.0
10109793RIBEIROP_2025-04-29_G49,10109793RIBEIROP,2025-04-29,110372,1,50,0,333.0
10109793RIBEIROP_2025-04-29_G50,10109793RIBEIROP,2025-04-29,110373,1,40,0,227.0
10109793RIBEIROP_2025-04-29_G51,10109793RIBEIROP,2025-04-29,110373,1,40,0,529.0
10109793RIBEIROP_2025-04-29_G52,10109793RIBEIROP,2025-04-29,110371,1,20,0,472.0
10109793RIBEIROP_2025-04-29_G53,10109793RIBEIROP,2025-04-29,117808,1,300,0,798.0
10109793RIBEIROP_2025-04-29_G54,10109793RIBEIROP,2025-04-29,110371,1,70,0,316.0
10109793RIBEIROP_2025-04-29_G55,10109793RIBEIROP,2025-04-29,110748,1,4,0,520.0
10109793RIBEIROP_2025-04-29_G56,10109793RIBEIROP,2025-04-29,117838,1,4,0,66.0
10109793RIBEIROP_2025-04-29_G57,10109793RIBEIROP,2025-04-29,111465,1,4,0,101.0
10109793RIBEIROP_2025-04-29_G58,10109793RIBEIROP,2025-04-29,117831,1,20,0,203.0
10109793RIBEIROP_2025-04-29_G59,10109793RIBEIROP,2025-04-29,111463,1,30,0,362.0
10109793RIBEIROP_2025-04-29_G60,10109793RIBEIROP,2025-04-29,117821,1,10,0,817.0
10109793RIBEIROP_2025-04-29_G61,10109793RIBEIROP,2025-04-29,111469,1,20,0,291.0
10109793RIBEIROP_2025-04-29_G62,10109793RIBEIROP,2025-04-29,111462,1,20,0,161.0
10109793RIBEIROP_2025-04-29_G63,10109793RIBEIROP,2025-04-29,108711,1,4,0,65.0
10109793RIBEIROP_2025-04-29_G64,10109793RIBEIROP,2025-04-29,105705,1,4,0,74.0
10109793RIBEIROP_2025-04-29_G65,10109793RIBEIROP,2025-04-29,111444,1,10,0,130.0
10109793RIBEIROP_2025-04-29_G66,10109793RIBEIROP,2025-04-29,111418,1,300,0,1954.0
10109793RIBEIROP_2025-04-29_G67,10109793RIBEIROP,2025-04-29,117808,1,500,0,865.0
10109793RIBEIROP_2025-04-29_G68,10109793RIBEIROP,2025-04-29,110373,1,500,0,1808.0
10109793RIBEIROP_2025-04-29_G69,10109793RIBEIROP,2025-04-29,110372,1,400,0,382.0
10109793RIBEIROP_2025-04-30_G02,10109793RIBEIROP,2025-04-30,107892,5,11,23,157.0
10109793RIBEIROP_2025-04-30_G03,10109793RIBEIROP,2025-04-30,110746,1,2,0,426.0
10109793RIBEIROP_2025-04-30_G04,10109793RIBEIROP,2025-04-30,111438,1,6,0,146.0
10109793RIBEIROP_2025-04-30_G05,10109793RIBEIROP,2025-04-30,109933,1,4,0,186.0
10109793RIBEIROP_2025-04-30_G06,10109793RIBEIROP,2025-04-30,111430,5,17,44,383.0
10109793RIBEIROP_2025-04-30_G07,10109793RIBEIROP,2025-04-30,111430,1,8,0,800.0
10109793RIBEIROP_2025-04-30_G08,10109793RIBEIROP,2025-04-30,111850,1,8,0,80.0
10109793RIBEIROP_2025-04-30_G09,10109793RIBEIROP,2025-04-30,108770,3,8,13,77.0
10109793RIBEIROP_2025-04-30_G10,10109793RIBEIROP,2025-04-30,111660,2,8,5,70.0
10109793RIBEIROP_2025-04-30_G11,10109793RIBEIROP,2025-04-30,111445,1,6,0,312.0
10109793RIBEIROP_2025-04-30_G12,10109793RIBEIROP,2025-04-30,118222,1,8,0,406.0
10109793RIBEIROP_2025-04-30_G13,10109793RIBEIROP,2025-04-30,100334,1,5,0,164.0
10109793RIBEIROP_2025-04-30_G14,10109793RIBEIROP,2025-04-30,118094,1,8,0,204.0
10109793RIBEIROP_2025-04-30_G15,10109793RIBEIROP,2025-04-30,117862,1,7,0,90.0
10109793RIBEIROP_2025-04-30_G16,10109793RIBEIROP,2025-04-30,111876,1,2,0,58.0
10109793RIBEIROP_2025-04-30_G17,10109793RIBEIROP,2025-04-30,117837,1,2,0,80.0
10109793RIBEIROP_2025-04-30_G18,10109793RIBEIROP,2025-04-30,110733,1,2,0,66.0
10109793RIBEIROP_2025-04-30_G19,10109793RIBEIROP,2025-04-30,117935,2,3,6,100.0
10109793RIBEIROP_2025-04-30_G20,10109793RIBEIROP,2025-04-30,117853,2,6,14,326.0
10109793RIBEIROP_2025-04-30_G21,10109793RIBEIROP,2025-04-30,109647,2,8,7,60.0
10109793RIBEIROP_2025-04-30_G22,10109793RIBEIROP,2025-04-30,"111439, 117856",2,4,15,227.0
10109793RIBEIROP_2025-04-30_G23,10109793RIBEIROP,2025-04-30,110515,1,4,0,198.0
10109793RIBEIROP_2025-04-30_G24,10109793RIBEIROP,2025-04-30,117854,1,4,0,136.0
10109793RIBEIROP_2025-04-30_G25,10109793RIBEIROP,2025-04-30,111530,2,7,10,128.0
10109793RIBEIROP_2025-04-30_G26,10109793RIBEIROP,2025-04-30,118094,3,22,19,1011.0
10109793RIBEIROP_2025-04-30_G27,10109793RIBEIROP,2025-04-30,111530,1,22,0,347.0
10109793RIBEIROP_2025-04-30_G28,10109793RIBEIROP,2025-04-30,111530,1,30,0,387.0
10109793RIBEIROP_2025-04-30_G29,10109793RIBEIROP,2025-04-30,111530,4,20,36,286.0
10109793RIBEIROP_2025-04-30_G30,10109793RIBEIROP,2025-04-30,160055,1,4,0,1912.0
10109793RIBEIROP_2025-04-30_G31,10109793RIBEIROP,2025-04-30,110746,1,4,0,1581.0
10109793RIBEIROP_2025-04-30_G32,10109793RIBEIROP,2025-04-30,"111438, 110582",3,12,28,150.0
10109793RIBEIROP_2025-04-30_G33,10109793RIBEIROP,2025-04-30,110742,1,16,0,497.0
10109793RIBEIROP_2025-04-30_G34,10109793RIBEIROP,2025-04-30,111850,1,3,0,125.0
10109793RIBEIROP_2025-04-30_G36,10109793RIBEIROP,2025-04-30,110755,1,12,0,442.0
10109793RIBEIROP_2025-04-30_G37,10109793RIBEIROP,2025-04-30,110841,1,2,0,62.0
10109793RIBEIROP_2025-04-30_G38,10109793RIBEIROP,2025-04-30,108770,2,6,5,47.0
10109793RIBEIROP_2025-04-30_G39,10109793RIBEIROP,2025-04-30,118418,2,7,7,140.0
10109793RIBEIROP_2025-04-30_G40,10109793RIBEIROP,2025-04-30,118222,1,8,0,150.0
10109793RIBEIROP_2025-04-30_G41,10109793RIBEIROP,2025-04-30,100334,1,3,0,96.0
10109793RIBEIROP_2025-04-30_G42,10109793RIBEIROP,2025-04-30,100334,1,8,0,322.0
10109793RIBEIROP_2025-04-30_G43,10109793RIBEIROP,2025-04-30,141313,1,4,0,176.0
10109793RIBEIROP_2025-04-30_G44,10109793RIBEIROP,2025-04-30,117835,1,1,0,58.0
10109793RIBEIROP_2025-04-30_G45,10109793RIBEIROP,2025-04-30,111441,1,4,0,77.0
10109793RIBEIROP_2025-04-30_G46,10109793RIBEIROP,2025-04-30,110895,2,12,8,88.0
10109793RIBEIROP_2025-04-30_G47,10109793RIBEIROP,2025-04-30,116527,1,4,0,159.0
10109793RIBEIROP_2025-04-30_G48,10109793RIBEIROP,2025-04-30,116527,1,4,0,204.0
10109793RIBEIROP_2025-04-30_G49,10109793RIBEIROP,2025-04-30,"140957, 118322",2,4,21,555.0
10109793RIBEIROP_2025-04-30_G50,10109793RIBEIROP,2025-04-30,141035,1,4,0,322.0
10109793RIBEIROP_2025-04-30_G51,10109793RIBEIROP,2025-04-30,117861,1,4,0,198.0
10109793RIBEIROP_2025-04-30_G52,10109793RIBEIROP,2025-04-30,118094,10,31,83,119.0
10109793RIBEIROP_2025-04-30_G53,10109793RIBEIROP,2025-04-30,141047,3,13,28,387.0
10109793RIBEIROP_2025-04-30_G54,10109793RIBEIROP,2025-04-30,117862,2,14,6,557.0
10109793RIBEIROP_2025-04-30_G55,10109793RIBEIROP,2025-04-30,110313,1,8,0,137.0
10109793RIBEIROP_2025-04-30_G56,10109793RIBEIROP,2025-04-30,"117837, 110733",3,7,29,53.0
10109793RIBEIROP_2025-04-30_G57,10109793RIBEIROP,2025-04-30,118403,2,6,6,138.0
10109793RIBEIROP_2025-04-30_G58,10109793RIBEIROP,2025-04-30,111467,1,4,0,83.0
10109793RIBEIROP_2025-04-30_G59,10109793RIBEIROP,2025-04-30,111467,6,19,32,194.0
10109793RIBEIROP_2025-04-30_G60,10109793RIBEIROP,2025-04-30,117853,3,8,14,179.0
10109793RIBEIROP_2025-04-30_G61,10109793RIBEIROP,2025-04-30,117853,1,1,0,545.0
10109793RIBEIROP_2025-04-30_G62,10109793RIBEIROP,2025-04-30,117855,1,22,0,308.0
10109793RIBEIROP_2025-04-30_G63,10109793RIBEIROP,2025-04-30,117856,2,21,25,133.0
10109793RIBEIROP_2025-04-30_G64,10109793RIBEIROP,2025-04-30,117856,1,8,0,242.0
10109793RIBEIROP_2025-04-30_G65,10109793RIBEIROP,2025-04-30,111602,1,8,0,188.0
10109793RIBEIROP_2025-04-30_G66,10109793RIBEIROP,2025-04-30,101217,1,2,0,75.0
10109793RIBEIROP_2025-04-30_G67,10109793RIBEIROP,2025-04-30,110711,6,32,49,74.0
10109793RIBEIROP_2025-04-30_G68,10109793RIBEIROP,2025-04-30,117855,1,4,0,307.0
10109793RIBEIROP_2025-04-30_G69,10109793RIBEIROP,2025-04-30,117855,1,4,0,80.0
10109793RIBEIROP_2025-04-30_G70,10109793RIBEIROP,2025-04-30,110325,1,5,0,687.0
10109793RIBEIROP_2025-04-30_G71,10109793RIBEIROP,2025-04-30,110325,1,4,0,53.0
10109793RIBEIROP_2025-04-30_G72,10109793RIBEIROP,2025-04-30,110325,1,7,0,170.0
10109793RIBEIROP_2025-04-30_G73,10109793RIBEIROP,2025-04-30,160054,1,6,0,72.0
10109793RIBEIROP_2025-04-30_G74,10109793RIBEIROP,2025-04-30,117820,1,30,0,196.0
10109793RIBEIROP_2025-04-30_G75,10109793RIBEIROP,2025-04-30,107830,1,6,0,91.0
10109793RIBEIROP_2025-04-30_G76,10109793RIBEIROP,2025-04-30,107830,1,29,0,196.0
10109793RIBEIROP_2025-04-30_G77,10109793RIBEIROP,2025-04-30,117809,2,6,17,42.0
10109793RIBEIROP_2025-04-30_G78,10109793RIBEIROP,2025-04-30,110376,1,4,0,123.0
10109793RIBEIROP_2025-04-30_G79,10109793RIBEIROP,2025-04-30,110376,1,4,0,42.0
10109793RIBEIROP_2025-04-30_G80,10109793RIBEIROP,2025-04-30,110376,1,4,0,55.0
10109793RIBEIROP_2025-04-30_G81,10109793RIBEIROP,2025-04-30,110376,1,4,0,54.0
10109793RIBEIROP_2025-04-30_G82,10109793RIBEIROP,2025-04-30,110376,1,2,0,39.0
10109793RIBEIROP_2025-04-30_G83,10109793RIBEIROP,2025-04-30,117832,1,6,0,200.0
10109793RIBEIROP_2025-04-30_G84,10109793RIBEIROP,2025-04-30,117830,1,9,0,68.0
10109793RIBEIROP_2025-04-30_G85,10109793RIBEIROP,2025-04-30,110375,1,1,0,59.0
10109793RIBEIROP_2025-04-30_G86,10109793RIBEIROP,2025-04-30,110375,1,2,0,46.0
10109793RIBEIROP_2025-04-30_G87,10109793RIBEIROP,2025-04-30,109643,1,6,0,119.0
10109793RIBEIROP_2025-04-30_G88,10109793RIBEIROP,2025-04-30,109643,1,12,0,50.0
10109793RIBEIROP_2025-04-30_G89,10109793RIBEIROP,2025-04-30,109643,1,20,0,101.0
10109793RIBEIROP_2025-04-30_G90,10109793RIBEIROP,2025-04-30,160051,1,2,0,47.0
10109793RIBEIROP_2025-04-30_G91,10109793RIBEIROP,2025-04-30,140915,1,60,0,1154.0
10109793RIBEIROP_2025-05-06_G02,10109793RIBEIROP,2025-05-06,118306,1,8,0,224.0
10109793RIBEIROP_2025-05-06_G03,10109793RIBEIROP,2025-05-06,108770,1,3,0,150.0
10109793RIBEIROP_2025-05-06_G04,10109793RIBEIROP,2025-05-06,111441,1,8,0,344.0
10109793RIBEIROP_2025-05-06_G05,10109793RIBEIROP,2025-05-06,110895,1,15,0,199.0
10109793RIBEIROP_2025-05-06_G06,10109793RIBEIROP,2025-05-06,141047,1,6,0,1230.0
10109793RIBEIROP_2025-05-06_G07,10109793RIBEIROP,2025-05-06,111876,1,4,0,54.0
10109793RIBEIROP_2025-05-06_G08,10109793RIBEIROP,2025-05-06,110733,1,6,0,103.0
10109793RIBEIROP_2025-05-06_G09,10109793RIBEIROP,2025-05-06,111530,1,4,0,123.0
10109793RIBEIROP_2025-05-06_G10,10109793RIBEIROP,2025-05-06,111467,1,8,0,68.0
10109793RIBEIROP_2025-05-06_G11,10109793RIBEIROP,2025-05-06,110711,1,4,0,133.0
10109793RIBEIROP_2025-05-07_G02,10109793RIBEIROP,2025-05-07,118299,1,100,0,246.0
10109793RIBEIROP_2025-05-07_G03,10109793RIBEIROP,2025-05-07,110373,1,100,0,475.0
10109793RIBEIROP_2025-05-07_G04,10109793RIBEIROP,2025-05-07,110374,1,50,0,499.0
10109793RIBEIROP_2025-05-07_G05,10109793RIBEIROP,2025-05-07,110376,1,4,0,121.0
10109793RIBEIROP_2025-05-07_G06,10109793RIBEIROP,2025-05-07,110375,1,8,0,190.0
10109793RIBEIROP_2025-05-07_G07,10109793RIBEIROP,2025-05-07,110371,1,40,0,271.0
10109793RIBEIROP_2025-05-07_G09,10109793RIBEIROP,2025-05-07,111435,1,4,0,146.0
10109793RIBEIROP_2025-05-07_G10,10109793RIBEIROP,2025-05-07,111465,1,15,0,151.0
10109793RIBEIROP_2025-05-07_G11,10109793RIBEIROP,2025-05-07,110740,1,10,0,252.0
10109793RIBEIROP_2025-05-07_G12,10109793RIBEIROP,2025-05-07,111463,1,40,0,694.0
10109793RIBEIROP_2025-05-07_G13,10109793RIBEIROP,2025-05-07,111469,1,60,0,383.0
10109793RIBEIROP_2025-05-07_G14,10109793RIBEIROP,2025-05-07,117821,1,30,0,558.0
10109793RIBEIROP_2025-05-07_G15,10109793RIBEIROP,2025-05-07,111462,1,20,0,160.0
10109793RIBEIROP_2025-05-07_G16,10109793RIBEIROP,2025-05-07,111466,1,40,0,1499.0
10109793RIBEIROP_2025-05-07_G17,10109793RIBEIROP,2025-05-07,111532,1,17,0,218.0
10109793RIBEIROP_2025-05-07_G18,10109793RIBEIROP,2025-05-07,111418,1,100,0,538.0
10109793RIBEIROP_2025-05-07_G19,10109793RIBEIROP,2025-05-07,100334,2,13,8,1731.0
10109793RIBEIROP_2025-05-07_G20,10109793RIBEIROP,2025-05-07,"111441, 111569",2,6,27,173.0
10109793RIBEIROP_2025-05-07_G21,10109793RIBEIROP,2025-05-07,110747,1,2,0,219.0
10109793RIBEIROP_2025-05-07_G22,10109793RIBEIROP,2025-05-07,110755,1,7,0,219.0
10109793RIBEIROP_2025-05-07_G23,10109793RIBEIROP,2025-05-07,111438,1,6,0,861.0
10109793RIBEIROP_2025-05-07_G24,10109793RIBEIROP,2025-05-07,110895,1,10,0,212.0
10109793RIBEIROP_2025-05-07_G25,10109793RIBEIROP,2025-05-07,160057,1,2,0,103.0
10109793RIBEIROP_2025-05-07_G26,10109793RIBEIROP,2025-05-07,"111443, 111468",2,13,29,364.0
10109793RIBEIROP_2025-05-07_G27,10109793RIBEIROP,2025-05-07,111435,1,6,0,177.0
10109793RIBEIROP_2025-05-07_G28,10109793RIBEIROP,2025-05-07,111444,2,21,7,155.0
10109793RIBEIROP_2025-05-07_G29,10109793RIBEIROP,2025-05-07,111465,1,10,0,237.0
10109793RIBEIROP_2025-05-07_G30,10109793RIBEIROP,2025-05-07,111463,1,30,0,469.0
10109793RIBEIROP_2025-05-07_G31,10109793RIBEIROP,2025-05-07,111469,1,20,0,104.0
10109793RIBEIROP_2025-05-07_G32,10109793RIBEIROP,2025-05-07,117821,1,5,0,63.0
10109793RIBEIROP_2025-05-08_G02,10109793RIBEIROP,2025-05-08,118403,1,2,0,323.0
10109793RIBEIROP_2025-05-08_G03,10109793RIBEIROP,2025-05-08,141047,2,12,7,183.0
10109793RIBEIROP_2025-05-08_G04,10109793RIBEIROP,2025-05-08,110313,2,9,7,119.0
10109793RIBEIROP_2025-05-08_G05,10109793RIBEIROP,2025-05-08,117862,1,16,0,397.0
10109793RIBEIROP_2025-05-08_G06,10109793RIBEIROP,2025-05-08,117862,1,6,0,86.0
10109793RIBEIROP_2025-05-08_G07,10109793RIBEIROP,2025-05-08,110753,1,1,0,46.0
10109793RIBEIROP_2025-05-08_G08,10109793RIBEIROP,2025-05-08,111530,2,20,9,170.0
10109793RIBEIROP_2025-05-08_G09,10109793RIBEIROP,2025-05-08,117861,1,16,0,244.0
10109793RIBEIROP_2025-05-08_G10,10109793RIBEIROP,2025-05-08,117935,1,4,0,79.0
10109793RIBEIROP_2025-05-08_G11,10109793RIBEIROP,2025-05-08,111467,1,8,0,82.0
10109793RIBEIROP_2025-05-08_G12,10109793RIBEIROP,2025-05-08,110752,1,2,0,57.0
10109793RIBEIROP_2025-05-08_G13,10109793RIBEIROP,2025-05-08,117786,1,2,0,81.0
10109793RIBEIROP_2025-05-08_G14,10109793RIBEIROP,2025-05-08,111602,2,24,7,341.0
10109793RIBEIROP_2025-05-08_G15,10109793RIBEIROP,2025-05-08,110743,2,8,20,706.0
10109793RIBEIROP_2025-05-08_G16,10109793RIBEIROP,2025-05-08,111443,4,14,43,238.0
10109793RIBEIROP_2025-05-08_G17,10109793RIBEIROP,2025-05-08,111468,1,5,0,281.0
10109793RIBEIROP_2025-05-08_G18,10109793RIBEIROP,2025-05-08,111444,1,3,0,264.0
10109793RIBEIROP_2025-05-08_G19,10109793RIBEIROP,2025-05-08,111435,1,9,0,395.0
10109793RIBEIROP_2025-05-08_G20,10109793RIBEIROP,2025-05-08,111465,3,17,14,151.0
10109793RIBEIROP_2025-05-08_G21,10109793RIBEIROP,2025-05-08,111330,1,6,0,243.0
10109793RIBEIROP_2025-05-08_G22,10109793RIBEIROP,2025-05-08,110740,1,5,0,199.0
10109793RIBEIROP_2025-05-08_G23,10109793RIBEIROP,2025-05-08,111463,1,14,0,337.0
10109793RIBEIROP_2025-05-08_G24,10109793RIBEIROP,2025-05-08,111463,1,39,0,315.0
10109793RIBEIROP_2025-05-08_G25,10109793RIBEIROP,2025-05-08,111469,1,15,0,213.0
10109793RIBEIROP_2025-05-08_G26,10109793RIBEIROP,2025-05-08,111469,1,22,0,326.0
10109793RIBEIROP_2025-05-08_G27,10109793RIBEIROP,2025-05-08,105242,1,3,0,771.0
10109793RIBEIROP_2025-05-08_G28,10109793RIBEIROP,2025-05-08,111439,1,6,0,107.0
10109793RIBEIROP_2025-05-08_G29,10109793RIBEIROP,2025-05-08,111439,2,13,11,171.0
10109793RIBEIROP_2025-05-08_G30,10109793RIBEIROP,2025-05-08,117787,1,3,0,609.0
10109793RIBEIROP_2025-05-08_G31,10109793RIBEIROP,2025-05-08,111182,1,1,0,49.0
10109793RIBEIROP_2025-05-08_G32,10109793RIBEIROP,2025-05-08,108711,2,9,6,60.0
10109793RIBEIROP_2025-05-08_G33,10109793RIBEIROP,2025-05-08,110745,1,2,0,62.0
10109793RIBEIROP_2025-05-08_G34,10109793RIBEIROP,2025-05-08,111466,2,14,8,57.0
10109793RIBEIROP_2025-05-08_G35,10109793RIBEIROP,2025-05-08,111532,1,13,0,193.0
10109793RIBEIROP_2025-05-08_G36,10109793RIBEIROP,2025-05-08,140922,1,2,0,53.0
10109793RIBEIROP_2025-05-08_G37,10109793RIBEIROP,2025-05-08,109641,2,6,6,80.0
10109793RIBEIROP_2025-05-08_G38,10109793RIBEIROP,2025-05-08,111172,1,1,0,52.0
10109793RIBEIROP_2025-05-08_G39,10109793RIBEIROP,2025-05-08,108794,2,6,6,87.0
10109793RIBEIROP_2025-05-08_G40,10109793RIBEIROP,2025-05-08,111418,1,26,0,725.0
10109793RIBEIROP_2025-05-08_G41,10109793RIBEIROP,2025-05-08,117831,2,19,6,136.0
10109793RIBEIROP_2025-05-08_G42,10109793RIBEIROP,2025-05-08,118140,1,4,0,124.0
10109793RIBEIROP_2025-05-08_G43,10109793RIBEIROP,2025-05-08,118317,1,13,0,119.0
10109793RIBEIROP_2025-05-08_G44,10109793RIBEIROP,2025-05-08,110787,1,3,0,118.0
10109793RIBEIROP_2025-05-08_G45,10109793RIBEIROP,2025-05-08,107236,1,7,0,75.0
10109793RIBEIROP_2025-05-08_G46,10109793RIBEIROP,2025-05-08,118290,1,2,0,505.0
10109793RIBEIROP_2025-05-08_G48,10109793RIBEIROP,2025-05-08,117822,3,22,17,160.0
10109793RIBEIROP_2025-05-08_G49,10109793RIBEIROP,2025-05-08,117809,1,2,0,199.0
10109793RIBEIROP_2025-05-08_G50,10109793RIBEIROP,2025-05-08,109643,1,2,0,62.0
10109793RIBEIROP_2025-05-08_G51,10109793RIBEIROP,2025-05-08,111435,1,2,0,330.0
10109793RIBEIROP_2025-05-08_G52,10109793RIBEIROP,2025-05-08,111465,1,6,0,374.0
10109793RIBEIROP_2025-05-08_G53,10109793RIBEIROP,2025-05-08,108795,1,2,0,99.0
10109793RIBEIROP_2025-05-08_G54,10109793RIBEIROP,2025-05-08,"111463, 111462",2,14,17,125.0
10109793RIBEIROP_2025-05-08_G55,10109793RIBEIROP,2025-05-08,117785,1,6,0,113.0
10109793RIBEIROP_2025-05-08_G56,10109793RIBEIROP,2025-05-08,108711,1,3,0,68.0
10109793RIBEIROP_2025-05-08_G57,10109793RIBEIROP,2025-05-08,110745,1,4,0,63.0
10109793RIBEIROP_2025-05-08_G58,10109793RIBEIROP,2025-05-08,111532,1,2,0,71.0
10109793RIBEIROP_2025-05-08_G59,10109793RIBEIROP,2025-05-08,109641,1,4,0,95.0
10109793RIBEIROP_2025-05-08_G60,10109793RIBEIROP,2025-05-08,108794,1,4,0,100.0
10109793RIBEIROP_2025-05-08_G61,10109793RIBEIROP,2025-05-08,111418,1,18,0,271.0
10109793RIBEIROP_2025-05-08_G62,10109793RIBEIROP,2025-05-08,117838,1,4,0,100.0
10109793RIBEIROP_2025-05-08_G63,10109793RIBEIROP,2025-05-08,109645,1,4,0,66.0
10109793RIBEIROP_2025-05-08_G64,10109793RIBEIROP,2025-05-08,111348,1,2,0,78.0
10109793RIBEIROP_2025-05-08_G65,10109793RIBEIROP,2025-05-08,110743,1,4,0,156.0
10109793RIBEIROP_2025-05-08_G66,10109793RIBEIROP,2025-05-08,100334,1,3,0,265.0
10109793RIBEIROP_2025-05-08_G67,10109793RIBEIROP,2025-05-08,111438,1,2,0,148.0
10109793RIBEIROP_2025-05-08_G68,10109793RIBEIROP,2025-05-08,108770,1,4,0,284.0
10109793RIBEIROP_2025-05-08_G69,10109793RIBEIROP,2025-05-08,110895,1,2,0,1502.0
10109793RIBEIROP_2025-05-08_G70,10109793RIBEIROP,2025-05-08,108772,1,2,0,146.0
10109793RIBEIROP_2025-05-08_G71,10109793RIBEIROP,2025-05-08,110339,1,2,0,167.0
10109793RIBEIROP_2025-05-08_G72,10109793RIBEIROP,2025-05-08,111530,1,2,0,82.0
10109793RIBEIROP_2025-05-08_G73,10109793RIBEIROP,2025-05-08,110740,1,2,0,103.0
10109793RIBEIROP_2025-05-08_G74,10109793RIBEIROP,2025-05-08,108795,1,4,0,134.0
10109793RIBEIROP_2025-05-08_G75,10109793RIBEIROP,2025-05-08,108711,1,5,0,76.0
10109793RIBEIROP_2025-05-08_G76,10109793RIBEIROP,2025-05-08,"111466, 111532",2,4,23,135.0
10109793RIBEIROP_2025-05-08_G77,10109793RIBEIROP,2025-05-08,140922,1,2,0,56.0
10109793RIBEIROP_2025-05-08_G78,10109793RIBEIROP,2025-05-08,108794,1,1,0,81.0
10109793RIBEIROP_2025-05-08_G79,10109793RIBEIROP,2025-05-08,111418,1,1,0,34.0
10109793RIBEIROP_2025-05-08_G80,10109793RIBEIROP,2025-05-08,107830,1,2,0,108.0
10109793RIBEIROP_2025-05-08_G81,10109793RIBEIROP,2025-05-08,110372,1,5,0,55.0
10109793RIBEIROP_2025-05-08_G82,10109793RIBEIROP,2025-05-08,117808,1,9,0,601.0
10109793RIBEIROP_2025-05-08_G83,10109793RIBEIROP,2025-05-08,110339,1,4,0,261.0
10109793RIBEIROP_2025-05-08_G84,10109793RIBEIROP,2025-05-08,117856,1,4,0,123.0
10109793RIBEIROP_2025-05-08_G85,10109793RIBEIROP,2025-05-08,117786,1,2,0,57.0
10109793RIBEIROP_2025-05-08_G86,10109793RIBEIROP,2025-05-08,108795,1,2,0,86.0
10109793RIBEIROP_2025-05-08_G87,10109793RIBEIROP,2025-05-08,111463,1,1,0,96.0
10109793RIBEIROP_2025-05-08_G88,10109793RIBEIROP,2025-05-08,117785,1,3,0,63.0
10109793RIBEIROP_2025-05-08_G89,10109793RIBEIROP,2025-05-08,117787,1,2,0,45.0
10109793RIBEIROP_2025-05-08_G90,10109793RIBEIROP,2025-05-08,"111418, 117831",2,6,25,423.0
10109793RIBEIROP_2025-05-08_G91,10109793RIBEIROP,2025-05-08,110787,1,2,0,315.0
10109793RIBEIROP_2025-05-08_G92,10109793RIBEIROP,2025-05-08,107236,1,2,0,54.0
10109793RIBEIROP_2025-05-08_G93,10109793RIBEIROP,2025-05-08,117830,1,4,0,140.0
10109793RIBEIROP_2025-05-08_G94,10109793RIBEIROP,2025-05-08,117820,1,4,0,38.0
10109793RIBEIROP_2025-05-08_G95,10109793RIBEIROP,2025-05-08,110373,1,1,0,81.0
10109793RIBEIROP_2025-05-08_G96,10109793RIBEIROP,2025-05-08,110372,1,7,0,138.0
10109793RIBEIROP_2025-05-08_G97,10109793RIBEIROP,2025-05-08,117832,1,6,0,133.0
10109793RIBEIROP_2025-05-08_G98,10109793RIBEIROP,2025-05-08,110375,1,4,0,236.0
10109793RIBEIROP_2025-05-08_G99,10109793RIBEIROP,2025-05-08,117808,1,20,0,312.0
10109793RIBEIROP_2025-05-08_G100,10109793RIBEIROP,2025-05-08,117837,1,4,0,339.0
10109793RIBEIROP_2025-05-10_G02,10109793RIBEIROP,2025-05-10,111430,1,9,0,322.0
10109793RIBEIROP_2025-05-10_G03,10109793RIBEIROP,2025-05-10,100334,1,4,0,113.0
10109793RIBEIROP_2025-05-10_G04,10109793RIBEIROP,2025-05-10,110742,1,4,0,96.0
10109793RIBEIROP_2025-05-10_G05,10109793RIBEIROP,2025-05-10,110755,1,17,0,1069.0
10109793RIBEIROP_2025-05-10_G06,10109793RIBEIROP,2025-05-10,118222,1,31,0,334.0
10109793RIBEIROP_2025-05-10_G07,10109793RIBEIROP,2025-05-10,111569,1,23,0,547.0
10109793RIBEIROP_2025-05-10_G08,10109793RIBEIROP,2025-05-10,118290,1,6,0,80.0
10109793RIBEIROP_2025-05-10_G09,10109793RIBEIROP,2025-05-10,111438,1,31,0,1718.0
10109793RIBEIROP_2025-05-10_G10,10109793RIBEIROP,2025-05-10,110895,1,6,0,182.0
10109793RIBEIROP_2025-05-10_G11,10109793RIBEIROP,2025-05-10,108772,1,4,0,189.0
10109793RIBEIROP_2025-05-10_G12,10109793RIBEIROP,2025-05-10,110339,1,4,0,411.0
10109793RIBEIROP_2025-05-10_G13,10109793RIBEIROP,2025-05-10,117856,1,5,0,188.0
10109793RIBEIROP_2025-05-10_G14,10109793RIBEIROP,2025-05-10,111530,1,14,0,758.0
10109793RIBEIROP_2025-05-10_G15,10109793RIBEIROP,2025-05-10,"117786, 110515",2,30,30,163.0
10109793RIBEIROP_2025-05-10_G16,10109793RIBEIROP,2025-05-10,111602,1,10,0,232.0
10109793RIBEIROP_2025-05-10_G17,10109793RIBEIROP,2025-05-10,110711,1,10,0,234.0
10109793RIBEIROP_2025-05-10_G18,10109793RIBEIROP,2025-05-10,111435,1,4,0,289.0
10109793RIBEIROP_2025-05-10_G19,10109793RIBEIROP,2025-05-10,110740,1,10,0,104.0
10109793RIBEIROP_2025-05-10_G20,10109793RIBEIROP,2025-05-10,117785,1,21,0,177.0
10109793RIBEIROP_2025-05-10_G21,10109793RIBEIROP,2025-05-10,111433,1,17,0,685.0
10109793RIBEIROP_2025-05-10_G22,10109793RIBEIROP,2025-05-10,"108711, 140922",2,23,15,85.0
10109793RIBEIROP_2025-05-10_G23,10109793RIBEIROP,2025-05-10,117821,1,23,0,296.0
10109793RIBEIROP_2025-05-10_G24,10109793RIBEIROP,2025-05-10,"111463, 111532",2,46,29,310.0
10109793RIBEIROP_2025-05-10_G25,10109793RIBEIROP,2025-05-10,111172,1,4,0,157.0
10109793RIBEIROP_2025-05-10_G26,10109793RIBEIROP,2025-05-10,"111418, 117831",2,212,26,802.0
10109793RIBEIROP_2025-05-10_G27,10109793RIBEIROP,2025-05-10,118140,1,17,0,204.0
10109793RIBEIROP_2025-05-10_G28,10109793RIBEIROP,2025-05-10,118317,1,13,0,83.0
10109793RIBEIROP_2025-05-10_G29,10109793RIBEIROP,2025-05-10,111442,1,7,0,41.0
10109793RIBEIROP_2025-05-10_G30,10109793RIBEIROP,2025-05-10,117820,1,160,0,744.0
10109793RIBEIROP_2025-05-10_G31,10109793RIBEIROP,2025-05-10,118299,1,90,0,249.0
10109793RIBEIROP_2025-05-10_G32,10109793RIBEIROP,2025-05-10,110373,1,103,0,260.0
10109793RIBEIROP_2025-05-10_G33,10109793RIBEIROP,2025-05-10,110372,1,80,0,126.0
10109793RIBEIROP_2025-05-10_G34,10109793RIBEIROP,2025-05-10,110376,1,6,0,137.0
10109793RIBEIROP_2025-05-12_G02,10109793RIBEIROP,2025-05-12,100334,2,16,9,174.0
10109793RIBEIROP_2025-05-12_G03,10109793RIBEIROP,2025-05-12,111850,2,30,12,738.0
10109793RIBEIROP_2025-05-12_G04,10109793RIBEIROP,2025-05-12,111660,1,28,0,521.0
10109793RIBEIROP_2025-05-12_G05,10109793RIBEIROP,2025-05-12,118306,1,24,0,629.0
10109793RIBEIROP_2025-05-12_G07,10109793RIBEIROP,2025-05-12,111602,1,4,0,160.0
10109793RIBEIROP_2025-05-12_G08,10109793RIBEIROP,2025-05-12,111418,1,4,0,77.0
10109793RIBEIROP_2025-05-12_G09,10109793RIBEIROP,2025-05-12,140911,1,1,0,224.0
10109793RIBEIROP_2025-05-12_G10,10109793RIBEIROP,2025-05-12,110895,1,1,0,51.0
10109793RIBEIROP_2025-05-12_G11,10109793RIBEIROP,2025-05-12,111598,1,3,0,255.0
10109793RIBEIROP_2025-05-12_G12,10109793RIBEIROP,2025-05-12,111876,1,2,0,135.0
10109793RIBEIROP_2025-05-12_G13,10109793RIBEIROP,2025-05-12,117862,1,6,0,63.0
10109793RIBEIROP_2025-05-12_G14,10109793RIBEIROP,2025-05-12,111602,1,2,0,95.0
10109793RIBEIROP_2025-05-12_G15,10109793RIBEIROP,2025-05-12,118299,1,2,0,106.0
10109793RIBEIROP_2025-05-12_G16,10109793RIBEIROP,2025-05-12,110372,1,20,0,459.0
10109793RIBEIROP_2025-05-12_G17,10109793RIBEIROP,2025-05-12,111469,1,3,0,214.0
10109793RIBEIROP_2025-05-12_G18,10109793RIBEIROP,2025-05-12,140922,1,2,0,84.0
10109793RIBEIROP_2025-05-12_G19,10109793RIBEIROP,2025-05-12,111466,1,2,0,76.0
10109793RIBEIROP_2025-05-12_G20,10109793RIBEIROP,2025-05-12,111532,1,5,0,92.0
10109793RIBEIROP_2025-05-12_G21,10109793RIBEIROP,2025-05-12,111172,2,11,8,89.0
10109793RIBEIROP_2025-05-12_G22,10109793RIBEIROP,2025-05-12,111418,1,13,0,219.0
10109793RIBEIROP_2025-05-12_G23,10109793RIBEIROP,2025-05-12,111465,1,5,0,63.0
10109793RIBEIROP_2025-05-12_G25,10109793RIBEIROP,2025-05-12,111469,1,2,0,183.0
10109793RIBEIROP_2025-05-12_G26,10109793RIBEIROP,2025-05-12,111530,1,6,0,218.0
10109793RIBEIROP_2025-05-12_G27,10109793RIBEIROP,2025-05-12,107236,1,4,0,855.0
10109793RIBEIROP_2025-05-12_G28,10109793RIBEIROP,2025-05-12,110374,1,4,0,161.0
10109793RIBEIROP_2025-05-12_G29,10109793RIBEIROP,2025-05-12,111530,1,4,0,174.0
10109793RIBEIROP_2025-05-12_G30,10109793RIBEIROP,2025-05-12,111469,1,15,0,661.0
10109793RIBEIROP_2025-05-12_G31,10109793RIBEIROP,2025-05-12,111462,1,6,0,104.0
10109793RIBEIROP_2025-05-12_G32,10109793RIBEIROP,2025-05-12,108711,1,1,0,69.0
10109793RIBEIROP_2025-05-12_G33,10109793RIBEIROP,2025-05-12,140922,1,6,0,84.0
10109793RIBEIROP_2025-05-12_G34,10109793RIBEIROP,2025-05-12,111466,1,16,0,120.0
10109793RIBEIROP_2025-05-12_G35,10109793RIBEIROP,2025-05-12,110373,1,14,0,158.0
10109793RIBEIROP_2025-05-12_G36,10109793RIBEIROP,2025-05-12,111569,1,4,0,271.0
10109793RIBEIROP_2025-05-12_G37,10109793RIBEIROP,2025-05-12,109647,1,2,0,110.0
10109793RIBEIROP_2025-05-12_G38,10109793RIBEIROP,2025-05-12,117855,1,2,0,89.0
10109793RIBEIROP_2025-05-12_G39,10109793RIBEIROP,2025-05-12,110515,1,1,0,72.0
10109793RIBEIROP_2025-05-12_G40,10109793RIBEIROP,2025-05-12,117787,1,2,0,93.0
10109793RIBEIROP_2025-05-12_G41,10109793RIBEIROP,2025-05-12,111466,1,6,0,89.0
10109793RIBEIROP_2025-05-12_G42,10109793RIBEIROP,2025-05-12,"111418, 118299",2,8,27,122.0
10109793RIBEIROP_2025-05-12_G43,10109793RIBEIROP,2025-05-12,110373,1,7,0,120.0
10109793RIBEIROP_2025-05-12_G44,10109793RIBEIROP,2025-05-12,110372,1,6,0,74.0
10109793RIBEIROP_2025-05-12_G45,10109793RIBEIROP,2025-05-12,117808,1,16,0,245.0
10109793RIBEIROP_2025-05-12_G46,10109793RIBEIROP,2025-05-12,111569,1,8,0,301.0
10109793RIBEIROP_2025-05-12_G47,10109793RIBEIROP,2025-05-12,109647,1,4,0,136.0
10109793RIBEIROP_2025-05-12_G48,10109793RIBEIROP,2025-05-12,117856,1,4,0,121.0
10109793RIBEIROP_2025-05-12_G49,10109793RIBEIROP,2025-05-12,108711,1,4,0,116.0
10109793RIBEIROP_2025-05-12_G50,10109793RIBEIROP,2025-05-12,111466,1,8,0,170.0
10109793RIBEIROP_2025-05-12_G51,10109793RIBEIROP,2025-05-12,110373,1,40,0,305.0
10109793RIBEIROP_2025-05-12_G52,10109793RIBEIROP,2025-05-12,110371,1,40,0,358.0
10109793RIBEIROP_2025-05-12_G53,10109793RIBEIROP,2025-05-12,117808,1,14,0,129.0
10109793RIBEIROP_2025-05-12_G54,10109793RIBEIROP,2025-05-12,100334,1,2,0,342.0
10109793RIBEIROP_2025-05-12_G55,10109793RIBEIROP,2025-05-12,111850,1,2,0,49.0
10109793RIBEIROP_2025-05-12_G56,10109793RIBEIROP,2025-05-12,110895,1,1,0,76.0
10109793RIBEIROP_2025-05-12_G57,10109793RIBEIROP,2025-05-12,118094,1,3,0,68.0
10109793RIBEIROP_2025-05-12_G58,10109793RIBEIROP,2025-05-12,110339,1,4,0,188.0
10109793RIBEIROP_2025-05-12_G59,10109793RIBEIROP,2025-05-12,117862,1,4,0,93.0
10109793RIBEIROP_2025-05-12_G60,10109793RIBEIROP,2025-05-12,117855,1,3,0,91.0
10109793RIBEIROP_2025-05-12_G61,10109793RIBEIROP,2025-05-12,111743,1,2,0,102.0
10109793RIBEIROP_2025-05-12_G62,10109793RIBEIROP,2025-05-12,108711,1,2,0,40.0
10109793RIBEIROP_2025-05-12_G63,10109793RIBEIROP,2025-05-12,111463,1,10,0,128.0
10109793RIBEIROP_2025-05-12_G64,10109793RIBEIROP,2025-05-12,111466,1,18,0,136.0
10109793RIBEIROP_2025-05-12_G65,10109793RIBEIROP,2025-05-12,111418,1,5,0,75.0
10109793RIBEIROP_2025-05-12_G66,10109793RIBEIROP,2025-05-12,109645,1,2,0,158.0
10109793RIBEIROP_2025-05-12_G67,10109793RIBEIROP,2025-05-12,110374,1,4,0,273.0
10109793RIBEIROP_2025-05-12_G68,10109793RIBEIROP,2025-05-12,118299,1,16,0,204.0
10109793RIBEIROP_2025-05-12_G69,10109793RIBEIROP,2025-05-12,108770,1,4,0,1167.0
10109793RIBEIROP_2025-05-13_G02,10109793RIBEIROP,2025-05-13,110754,1,4,0,78.0
10109793RIBEIROP_2025-05-13_G03,10109793RIBEIROP,2025-05-13,111430,1,12,0,132.0
10109793RIBEIROP_2025-05-13_G04,10109793RIBEIROP,2025-05-13,111850,1,16,0,152.0
10109793RIBEIROP_2025-05-13_G05,10109793RIBEIROP,2025-05-13,110755,1,5,0,61.0
10109793RIBEIROP_2025-05-13_G06,10109793RIBEIROP,2025-05-13,118283,1,14,0,383.0
10109793RIBEIROP_2025-05-13_G07,10109793RIBEIROP,2025-05-13,111569,1,16,0,338.0
10109793RIBEIROP_2025-05-13_G08,10109793RIBEIROP,2025-05-13,111440,1,9,0,114.0
10109793RIBEIROP_2025-05-13_G09,10109793RIBEIROP,2025-05-13,110311,1,1,0,78.0
10109793RIBEIROP_2025-05-13_G10,10109793RIBEIROP,2025-05-13,110423,1,4,0,314.0
10109793RIBEIROP_2025-05-13_G11,10109793RIBEIROP,2025-05-13,114097,1,9,0,783.0
10109793RIBEIROP_2025-05-13_G12,10109793RIBEIROP,2025-05-13,140915,1,4,0,211.0
10109793RIBEIROP_2025-05-13_G13,10109793RIBEIROP,2025-05-13,117789,1,4,0,206.0
10109793RIBEIROP_2025-05-13_G14,10109793RIBEIROP,2025-05-13,114102,1,4,0,377.0
10109793RIBEIROP_2025-05-13_G15,10109793RIBEIROP,2025-05-13,109937,1,5,0,125.0
10109793RIBEIROP_2025-05-13_G16,10109793RIBEIROP,2025-05-13,111655,1,7,0,113.0
10109793RIBEIROP_2025-05-13_G17,10109793RIBEIROP,2025-05-13,110325,1,30,0,334.0
10109793RIBEIROP_2025-05-13_G18,10109793RIBEIROP,2025-05-13,117820,1,75,0,641.0
10109793RIBEIROP_2025-05-13_G19,10109793RIBEIROP,2025-05-13,117820,1,2,0,142.0
10109793RIBEIROP_2025-05-13_G20,10109793RIBEIROP,2025-05-13,110373,1,80,0,309.0
10109793RIBEIROP_2025-05-13_G21,10109793RIBEIROP,2025-05-13,107830,1,27,0,226.0
10109793RIBEIROP_2025-05-13_G22,10109793RIBEIROP,2025-05-13,117822,1,12,0,266.0
10109793RIBEIROP_2025-05-13_G23,10109793RIBEIROP,2025-05-13,118299,1,300,0,790.0
10109793RIBEIROP_2025-05-13_G24,10109793RIBEIROP,2025-05-13,110376,2,32,7,425.0
10109793RIBEIROP_2025-05-13_G25,10109793RIBEIROP,2025-05-13,117830,1,28,0,521.0
10109793RIBEIROP_2025-05-13_G26,10109793RIBEIROP,2025-05-13,114092,1,5,0,100.0
10109793RIBEIROP_2025-05-13_G27,10109793RIBEIROP,2025-05-13,110371,1,100,0,192.0
10109793RIBEIROP_2025-05-13_G28,10109793RIBEIROP,2025-05-13,141202,1,13,0,279.0
10109793RIBEIROP_2025-05-13_G29,10109793RIBEIROP,2025-05-13,111462,1,22,0,587.0
10109793RIBEIROP_2025-05-13_G30,10109793RIBEIROP,2025-05-13,117787,1,6,0,100.0
10109793RIBEIROP_2025-05-13_G31,10109793RIBEIROP,2025-05-13,108711,1,20,0,468.0
10109793RIBEIROP_2025-05-13_G32,10109793RIBEIROP,2025-05-13,111469,1,70,0,247.0
10109793RIBEIROP_2025-05-13_G33,10109793RIBEIROP,2025-05-13,140922,1,20,0,199.0
10109793RIBEIROP_2025-05-13_G34,10109793RIBEIROP,2025-05-13,117821,1,24,0,338.0
10109793RIBEIROP_2025-05-13_G35,10109793RIBEIROP,2025-05-13,117833,1,6,0,234.0
10109793RIBEIROP_2025-05-13_G36,10109793RIBEIROP,2025-05-13,108798,1,4,0,82.0
10109793RIBEIROP_2025-05-13_G37,10109793RIBEIROP,2025-05-13,117842,1,8,0,125.0
10109793RIBEIROP_2025-05-13_G38,10109793RIBEIROP,2025-05-13,108794,1,19,0,247.0
10109793RIBEIROP_2025-05-13_G39,10109793RIBEIROP,2025-05-13,110748,1,2,0,62.0
10109793RIBEIROP_2025-05-13_G40,10109793RIBEIROP,2025-05-13,118223,1,6,0,346.0
10109793RIBEIROP_2025-05-13_G41,10109793RIBEIROP,2025-05-13,117838,1,8,0,78.0
10109793RIBEIROP_2025-05-13_G42,10109793RIBEIROP,2025-05-13,111348,1,12,0,118.0
10109793RIBEIROP_2025-05-13_G43,10109793RIBEIROP,2025-05-13,111442,1,15,0,391.0
10109793RIBEIROP_2025-05-13_G44,10109793RIBEIROP,2025-05-13,114100,1,4,0,81.0
10109793RIBEIROP_2025-05-13_G45,10109793RIBEIROP,2025-05-13,111444,1,8,0,420.0
10109793RIBEIROP_2025-05-13_G47,10109793RIBEIROP,2025-05-13,118418,1,4,0,157.0
10109793RIBEIROP_2025-05-13_G48,10109793RIBEIROP,2025-05-13,140911,1,6,0,107.0
10109793RIBEIROP_2025-05-13_G49,10109793RIBEIROP,2025-05-13,140911,1,6,0,32.0
10109793RIBEIROP_2025-05-13_G50,10109793RIBEIROP,2025-05-13,111530,1,9,0,357.0
10109793RIBEIROP_2025-05-13_G51,10109793RIBEIROP,2025-05-13,108798,1,4,0,1187.0
10109793RIBEIROP_2025-05-13_G52,10109793RIBEIROP,2025-05-13,111602,1,8,0,828.0
10109793RIBEIROP_2025-05-13_G53,10109793RIBEIROP,2025-05-13,110711,1,4,0,111.0
10109793RIBEIROP_2025-05-13_G54,10109793RIBEIROP,2025-05-13,160053,1,2,0,67.0
10109793RIBEIROP_2025-05-13_G55,10109793RIBEIROP,2025-05-13,117842,1,2,0,217.0
10109793RIBEIROP_2025-05-13_G56,10109793RIBEIROP,2025-05-13,110895,1,1,0,302.0
10109793RIBEIROP_2025-05-13_G57,10109793RIBEIROP,2025-05-13,110112,1,2,0,121.0
10109793RIBEIROP_2025-05-13_G58,10109793RIBEIROP,2025-05-13,111438,1,4,0,129.0
10109793RIBEIROP_2025-05-13_G59,10109793RIBEIROP,2025-05-13,117855,1,10,0,162.0
10109793RIBEIROP_2025-05-13_G60,10109793RIBEIROP,2025-05-13,117861,1,2,0,41.0
10109793RIBEIROP_2025-05-13_G61,10109793RIBEIROP,2025-05-13,117935,1,4,0,78.0
10109793RIBEIROP_2025-05-13_G62,10109793RIBEIROP,2025-05-13,117856,1,6,0,117.0
10109793RIBEIROP_2025-05-13_G63,10109793RIBEIROP,2025-05-13,118298,1,2,0,2195.0
10109793RIBEIROP_2025-05-13_G64,10109793RIBEIROP,2025-05-13,110373,1,3,0,197.0
10109793RIBEIROP_2025-05-13_G65,10109793RIBEIROP,2025-05-13,118299,1,50,0,273.0
10109793RIBEIROP_2025-05-13_G66,10109793RIBEIROP,2025-05-13,117832,1,20,0,198.0
10109793RIBEIROP_2025-05-13_G67,10109793RIBEIROP,2025-05-13,110375,1,1,0,39.0
10109793RIBEIROP_2025-05-13_G68,10109793RIBEIROP,2025-05-13,141202,1,7,0,145.0
10109793RIBEIROP_2025-05-13_G69,10109793RIBEIROP,2025-05-13,117808,1,50,0,1110.0
10109793RIBEIROP_2025-05-13_G70,10109793RIBEIROP,2025-05-13,117809,1,10,0,97.0
10109793RIBEIROP_2025-05-13_G71,10109793RIBEIROP,2025-05-13,109643,1,4,0,71.0
10109793RIBEIROP_2025-05-13_G72,10109793RIBEIROP,2025-05-13,117785,1,20,0,1016.0
10109793RIBEIROP_2025-05-13_G73,10109793RIBEIROP,2025-05-13,117831,1,14,0,613.0
10109793RIBEIROP_2025-05-13_G74,10109793RIBEIROP,2025-05-13,"109645, 111465",2,8,20,124.0
10109793RIBEIROP_2025-05-14_G02,10109793RIBEIROP,2025-05-14,110841,1,1,0,108.0
10109793RIBEIROP_2025-05-14_G03,10109793RIBEIROP,2025-05-14,118222,1,20,0,339.0
10109793RIBEIROP_2025-05-14_G04,10109793RIBEIROP,2025-05-14,140911,1,8,0,275.0
10109793RIBEIROP_2025-05-14_G05,10109793RIBEIROP,2025-05-14,111660,1,2,0,128.0
10109793RIBEIROP_2025-05-14_G06,10109793RIBEIROP,2025-05-14,111655,1,8,0,363.0
10109793RIBEIROP_2025-05-14_G07,10109793RIBEIROP,2025-05-14,108770,1,2,0,521.0
10109793RIBEIROP_2025-05-14_G08,10109793RIBEIROP,2025-05-14,109974,1,1,0,116.0
10109793RIBEIROP_2025-05-14_G09,10109793RIBEIROP,2025-05-14,141047,1,15,0,361.0
10109793RIBEIROP_2025-05-14_G10,10109793RIBEIROP,2025-05-14,117837,1,6,0,98.0
10109793RIBEIROP_2025-05-14_G11,10109793RIBEIROP,2025-05-14,117862,1,24,0,471.0
10109793RIBEIROP_2025-05-14_G12,10109793RIBEIROP,2025-05-14,110515,1,12,0,348.0
10109793RIBEIROP_2025-05-14_G13,10109793RIBEIROP,2025-05-14,117855,1,50,0,242.0
10109793RIBEIROP_2025-05-14_G14,10109793RIBEIROP,2025-05-14,117853,1,5,0,99.0
10109793RIBEIROP_2025-05-14_G15,10109793RIBEIROP,2025-05-14,117856,1,10,0,176.0
10109793RIBEIROP_2025-05-14_G16,10109793RIBEIROP,2025-05-14,111530,1,20,0,356.0
10109793RIBEIROP_2025-05-14_G17,10109793RIBEIROP,2025-05-14,117830,1,10,0,916.0
10109793RIBEIROP_2025-05-14_G18,10109793RIBEIROP,2025-05-14,141202,1,8,0,100.0
10109793RIBEIROP_2025-05-14_G19,10109793RIBEIROP,2025-05-14,110376,1,69,0,404.0
10109793RIBEIROP_2025-05-14_G20,10109793RIBEIROP,2025-05-14,111469,1,40,0,416.0
10109793RIBEIROP_2025-05-14_G21,10109793RIBEIROP,2025-05-14,141047,1,4,0,1495.0
10109793RIBEIROP_2025-05-14_G22,10109793RIBEIROP,2025-05-14,"111467, 110752",2,11,12,109.0
10109793RIBEIROP_2025-05-14_G23,10109793RIBEIROP,2025-05-14,117856,1,8,0,111.0
10109793RIBEIROP_2025-05-14_G24,10109793RIBEIROP,2025-05-14,116611,1,2,0,1087.0
10109793RIBEIROP_2025-05-14_G25,10109793RIBEIROP,2025-05-14,111462,1,20,0,410.0
10109793RIBEIROP_2025-05-14_G26,10109793RIBEIROP,2025-05-14,117831,1,8,0,121.0
10109793RIBEIROP_2025-05-14_G27,10109793RIBEIROP,2025-05-14,110372,1,8,0,107.0
10109793RIBEIROP_2025-05-14_G28,10109793RIBEIROP,2025-05-14,117830,1,4,0,62.0
10109793RIBEIROP_2025-05-14_G29,10109793RIBEIROP,2025-05-14,118140,1,2,0,146.0
10109793RIBEIROP_2025-05-14_G30,10109793RIBEIROP,2025-05-14,111441,1,4,0,388.0
10109793RIBEIROP_2025-05-14_G31,10109793RIBEIROP,2025-05-14,110747,1,4,0,72.0
10109793RIBEIROP_2025-05-14_G32,10109793RIBEIROP,2025-05-14,110755,1,4,0,100.0
10109793RIBEIROP_2025-05-14_G33,10109793RIBEIROP,2025-05-14,110895,1,4,0,69.0
10109793RIBEIROP_2025-05-14_G34,10109793RIBEIROP,2025-05-14,118222,1,4,0,60.0
10109793RIBEIROP_2025-05-14_G35,10109793RIBEIROP,2025-05-14,111660,1,4,0,128.0
10109793RIBEIROP_2025-05-14_G36,10109793RIBEIROP,2025-05-14,111467,1,4,0,124.0
10109793RIBEIROP_2025-05-14_G37,10109793RIBEIROP,2025-05-14,117856,1,4,0,70.0
10109793RIBEIROP_2025-05-14_G38,10109793RIBEIROP,2025-05-14,117786,1,4,0,77.0
10109793RIBEIROP_2025-05-14_G39,10109793RIBEIROP,2025-05-14,108361,1,4,0,62.0
10109793RIBEIROP_2025-05-14_G41,10109793RIBEIROP,2025-05-14,118140,1,12,0,154.0
10109793RIBEIROP_2025-05-14_G42,10109793RIBEIROP,2025-05-14,117785,1,16,0,387.0
10109793RIBEIROP_2025-05-14_G43,10109793RIBEIROP,2025-05-14,117831,1,24,0,256.0
10109793RIBEIROP_2025-05-14_G44,10109793RIBEIROP,2025-05-14,111442,1,12,0,128.0
10109793RIBEIROP_2025-05-14_G45,10109793RIBEIROP,2025-05-14,117820,1,40,0,1128.0
10109793RIBEIROP_2025-05-14_G46,10109793RIBEIROP,2025-05-14,117808,1,100,0,360.0
10109793RIBEIROP_2025-05-14_G47,10109793RIBEIROP,2025-05-14,110373,1,12,0,325.0
10109793RIBEIROP_2025-05-14_G48,10109793RIBEIROP,2025-05-14,110372,1,12,0,86.0
10109793RIBEIROP_2025-05-14_G49,10109793RIBEIROP,2025-05-14,117822,1,6,0,138.0
10109793RIBEIROP_2025-05-14_G50,10109793RIBEIROP,2025-05-14,118299,1,50,0,487.0
10109793RIBEIROP_2025-05-14_G51,10109793RIBEIROP,2025-05-14,110376,1,12,0,185.0
10109793RIBEIROP_2025-05-14_G52,10109793RIBEIROP,2025-05-14,117830,1,8,0,120.0
10109793RIBEIROP_2025-05-14_G53,10109793RIBEIROP,2025-05-14,110375,1,4,0,88.0
10109793RIBEIROP_2025-05-14_G54,10109793RIBEIROP,2025-05-14,110371,1,16,0,117.0
10109793RIBEIROP_2025-05-14_G55,10109793RIBEIROP,2025-05-14,117809,1,12,0,108.0
10109793RIBEIROP_2025-05-14_G56,10109793RIBEIROP,2025-05-14,100334,1,4,0,1153.0
10109793RIBEIROP_2025-05-14_G57,10109793RIBEIROP,2025-05-14,118222,1,4,0,113.0
10109793RIBEIROP_2025-05-14_G58,10109793RIBEIROP,2025-05-14,111569,1,2,0,69.0
10109793RIBEIROP_2025-05-14_G59,10109793RIBEIROP,2025-05-14,111660,1,4,0,159.0
10109793RIBEIROP_2025-05-14_G60,10109793RIBEIROP,2025-05-14,111444,1,2,0,349.0
10109793RIBEIROP_2025-05-14_G61,10109793RIBEIROP,2025-05-14,111433,1,3,0,116.0
10109793RIBEIROP_2025-05-14_G62,10109793RIBEIROP,2025-05-14,140922,1,4,0,70.0
10109793RIBEIROP_2025-05-14_G63,10109793RIBEIROP,2025-05-14,111418,1,4,0,106.0
10109793RIBEIROP_2025-05-14_G64,10109793RIBEIROP,2025-05-14,111442,1,4,0,79.0
10109793RIBEIROP_2025-05-14_G65,10109793RIBEIROP,2025-05-14,110374,1,6,0,133.0
10109793RIBEIROP_2025-05-14_G66,10109793RIBEIROP,2025-05-14,109643,1,9,0,187.0
10109793RIBEIROP_2025-05-14_G67,10109793RIBEIROP,2025-05-14,109643,1,8,0,82.0
10109793RIBEIROP_2025-05-14_G68,10109793RIBEIROP,2025-05-14,117808,1,8,0,1237.0
10109793RIBEIROP_2025-05-14_G69,10109793RIBEIROP,2025-05-14,110374,1,1,0,49.0
10109793RIBEIROP_2025-05-14_G70,10109793RIBEIROP,2025-05-14,118299,1,9,0,120.0
10109793RIBEIROP_2025-05-14_G71,10109793RIBEIROP,2025-05-14,111463,1,3,0,364.0
10109793RIBEIROP_2025-05-14_G72,10109793RIBEIROP,2025-05-14,111469,1,25,0,268.0
10109793RIBEIROP_2025-05-14_G73,10109793RIBEIROP,2025-05-14,111466,1,6,0,88.0
10109793RIBEIROP_2025-05-14_G74,10109793RIBEIROP,2025-05-14,111418,1,6,0,102.0
10109793RIBEIROP_2025-05-14_G75,10109793RIBEIROP,2025-05-14,117862,1,1,0,94.0
10109793RIBEIROP_2025-05-14_G76,10109793RIBEIROP,2025-05-14,111467,1,5,0,99.0
10109793RIBEIROP_2025-05-14_G77,10109793RIBEIROP,2025-05-14,110895,1,3,0,114.0
10109793RIBEIROP_2025-05-14_G78,10109793RIBEIROP,2025-05-14,118222,1,4,0,76.0
10109793RIBEIROP_2025-05-14_G79,10109793RIBEIROP,2025-05-14,111569,1,4,0,91.0
10109793RIBEIROP_2025-05-14_G80,10109793RIBEIROP,2025-05-14,110325,1,10,0,624.0
10109793RIBEIROP_2025-05-14_G81,10109793RIBEIROP,2025-05-14,117808,1,5,0,65.0
10109793RIBEIROP_2025-05-14_G82,10109793RIBEIROP,2025-05-14,110374,1,1,0,53.0
10109793RIBEIROP_2025-05-14_G83,10109793RIBEIROP,2025-05-14,118299,1,9,0,116.0
10109793RIBEIROP_2025-05-14_G84,10109793RIBEIROP,2025-05-14,117832,1,6,0,83.0
10109793RIBEIROP_2025-05-14_G85,10109793RIBEIROP,2025-05-14,111466,1,5,0,121.0
10109793RIBEIROP_2025-05-14_G86,10109793RIBEIROP,2025-05-14,111465,1,4,0,74.0
10109793RIBEIROP_2025-05-15_G02,10109793RIBEIROP,2025-05-15,117808,1,12,0,364.0
10109793RIBEIROP_2025-05-15_G03,10109793RIBEIROP,2025-05-15,110373,1,3,0,66.0
10109793RIBEIROP_2025-05-15_G04,10109793RIBEIROP,2025-05-15,"110374, 107830",3,10,49,75.0
10109793RIBEIROP_2025-05-15_G05,10109793RIBEIROP,2025-05-15,110372,1,37,0,370.0
10109793RIBEIROP_2025-05-15_G06,10109793RIBEIROP,2025-05-15,117822,1,2,0,67.0
10109793RIBEIROP_2025-05-15_G07,10109793RIBEIROP,2025-05-15,117830,1,2,0,114.0
10109793RIBEIROP_2025-05-15_G08,10109793RIBEIROP,2025-05-15,117809,1,4,0,114.0
10109793RIBEIROP_2025-05-15_G09,10109793RIBEIROP,2025-05-15,118004,1,2,0,286.0
10109793RIBEIROP_2025-05-15_G10,10109793RIBEIROP,2025-05-15,111443,1,1,0,134.0
10109793RIBEIROP_2025-05-15_G11,10109793RIBEIROP,2025-05-15,111463,1,8,0,130.0
10109793RIBEIROP_2025-05-15_G12,10109793RIBEIROP,2025-05-15,111462,1,4,0,64.0
10109793RIBEIROP_2025-05-15_G13,10109793RIBEIROP,2025-05-15,117821,1,4,0,125.0
10109793RIBEIROP_2025-05-15_G14,10109793RIBEIROP,2025-05-15,111466,1,6,0,73.0
10109793RIBEIROP_2025-05-15_G15,10109793RIBEIROP,2025-05-15,111172,1,3,0,135.0
10109793RIBEIROP_2025-05-15_G16,10109793RIBEIROP,2025-05-15,111418,1,5,0,369.0
10109793RIBEIROP_2025-05-15_G17,10109793RIBEIROP,2025-05-15,111348,1,2,0,88.0
10109793RIBEIROP_2025-05-15_G18,10109793RIBEIROP,2025-05-15,118317,1,2,0,41.0
10109793RIBEIROP_2025-05-15_G19,10109793RIBEIROP,2025-05-15,117785,1,1,0,70.0
10109793RIBEIROP_2025-05-15_G20,10109793RIBEIROP,2025-05-15,111465,1,7,0,216.0
10109793RIBEIROP_2025-05-15_G21,10109793RIBEIROP,2025-05-15,141047,1,2,0,145.0
10109793RIBEIROP_2025-05-15_G22,10109793RIBEIROP,2025-05-15,109647,1,2,0,61.0
10109793RIBEIROP_2025-05-15_G23,10109793RIBEIROP,2025-05-15,117837,1,1,0,40.0
10109793RIBEIROP_2025-05-15_G24,10109793RIBEIROP,2025-05-15,110515,1,6,0,121.0
10109793RIBEIROP_2025-05-15_G25,10109793RIBEIROP,2025-05-15,110752,1,1,0,46.0
10109793RIBEIROP_2025-05-15_G26,10109793RIBEIROP,2025-05-15,117856,1,4,0,118.0
10109793RIBEIROP_2025-05-15_G27,10109793RIBEIROP,2025-05-15,117786,1,4,0,85.0
10109793RIBEIROP_2025-05-15_G28,10109793RIBEIROP,2025-05-15,110895,1,4,0,115.0
10109793RIBEIROP_2025-05-15_G29,10109793RIBEIROP,2025-05-15,111757,1,3,0,779.0
10109793RIBEIROP_2025-05-15_G30,10109793RIBEIROP,2025-05-15,111738,1,20,0,516.0
10109793RIBEIROP_2025-05-15_G31,10109793RIBEIROP,2025-05-15,111755,1,12,0,169.0
10109793RIBEIROP_2025-05-15_G32,10109793RIBEIROP,2025-05-15,110743,1,2,0,161.0
10109793RIBEIROP_2025-05-15_G33,10109793RIBEIROP,2025-05-15,118140,1,2,0,53.0
10109793RIBEIROP_2025-05-15_G34,10109793RIBEIROP,2025-05-15,107629,1,1,0,74.0
10109793RIBEIROP_2025-05-15_G35,10109793RIBEIROP,2025-05-15,110339,1,3,0,115.0
10109793RIBEIROP_2025-05-15_G36,10109793RIBEIROP,2025-05-15,111753,1,8,0,629.0
10109793RIBEIROP_2025-05-15_G37,10109793RIBEIROP,2025-05-15,111737,1,5,0,914.0
10109793RIBEIROP_2025-05-15_G38,10109793RIBEIROP,2025-05-15,118004,1,7,0,196.0
10109793RIBEIROP_2025-05-15_G39,10109793RIBEIROP,2025-05-15,117822,1,8,0,926.0
10109793RIBEIROP_2025-05-15_G40,10109793RIBEIROP,2025-05-15,110371,1,10,0,147.0
10109793RIBEIROP_2025-05-15_G41,10109793RIBEIROP,2025-05-15,110372,1,20,0,422.0
10109793RIBEIROP_2025-05-15_G42,10109793RIBEIROP,2025-05-15,117808,1,80,0,486.0
10109793RIBEIROP_2025-05-15_G43,10109793RIBEIROP,2025-05-15,107629,1,6,0,643.0
10109793RIBEIROP_2025-05-15_G44,10109793RIBEIROP,2025-05-15,111530,1,25,0,224.0
10109793RIBEIROP_2025-05-15_G45,10109793RIBEIROP,2025-05-15,110743,1,4,0,193.0
10109793RIBEIROP_2025-05-15_G46,10109793RIBEIROP,2025-05-15,117833,1,2,0,89.0
10109793RIBEIROP_2025-05-15_G47,10109793RIBEIROP,2025-05-15,111532,1,7,0,108.0
10109793RIBEIROP_2025-05-15_G48,10109793RIBEIROP,2025-05-15,111738,1,20,0,532.0
10109793RIBEIROP_2025-05-15_G49,10109793RIBEIROP,2025-05-15,111753,1,1,0,276.0
10109793RIBEIROP_2025-05-15_G51,10109793RIBEIROP,2025-05-15,110339,1,6,0,128.0
10109793RIBEIROP_2025-05-15_G52,10109793RIBEIROP,2025-05-15,111462,1,9,0,105.0
10109793RIBEIROP_2025-05-15_G53,10109793RIBEIROP,2025-05-15,111172,1,2,0,60.0
10109793RIBEIROP_2025-05-15_G54,10109793RIBEIROP,2025-05-15,117831,1,8,0,310.0
10109793RIBEIROP_2025-05-15_G55,10109793RIBEIROP,2025-05-15,118317,1,6,0,325.0
10109793RIBEIROP_2025-05-15_G56,10109793RIBEIROP,2025-05-15,117785,1,2,0,63.0
10109793RIBEIROP_2025-05-15_G57,10109793RIBEIROP,2025-05-15,107236,1,2,0,77.0
10109793RIBEIROP_2025-05-15_G58,10109793RIBEIROP,2025-05-15,110373,1,9,0,198.0
10109793RIBEIROP_2025-05-15_G59,10109793RIBEIROP,2025-05-15,117808,1,6,0,120.0
10109793RIBEIROP_2025-05-15_G60,10109793RIBEIROP,2025-05-15,100334,1,4,0,409.0
10109793RIBEIROP_2025-05-15_G61,10109793RIBEIROP,2025-05-15,110755,1,4,0,73.0
10109793RIBEIROP_2025-05-15_G62,10109793RIBEIROP,2025-05-15,118094,1,2,0,81.0
10109793RIBEIROP_2025-05-15_G63,10109793RIBEIROP,2025-05-15,117853,1,4,0,122.0
10109793RIBEIROP_2025-05-15_G64,10109793RIBEIROP,2025-05-15,117856,1,4,0,72.0
10109793RIBEIROP_2025-05-15_G65,10109793RIBEIROP,2025-05-15,110711,1,2,0,95.0
10109793RIBEIROP_2025-05-15_G66,10109793RIBEIROP,2025-05-15,118004,1,2,0,269.0
10109793RIBEIROP_2025-05-15_G67,10109793RIBEIROP,2025-05-15,111469,1,4,0,105.0
10109793RIBEIROP_2025-05-15_G68,10109793RIBEIROP,2025-05-15,111466,1,2,0,38.0
10109793RIBEIROP_2025-05-15_G69,10109793RIBEIROP,2025-05-15,111418,1,4,0,145.0
10109793RIBEIROP_2025-05-15_G70,10109793RIBEIROP,2025-05-15,111465,1,1,0,96.0
10109793RIBEIROP_2025-05-15_G71,10109793RIBEIROP,2025-05-15,110325,1,3,0,180.0
10109793RIBEIROP_2025-05-15_G72,10109793RIBEIROP,2025-05-15,110374,1,4,0,158.0
10109793RIBEIROP_2025-05-15_G73,10109793RIBEIROP,2025-05-15,117820,1,3,0,146.0
10109793RIBEIROP_2025-05-15_G74,10109793RIBEIROP,2025-05-15,117837,1,3,0,356.0
10109793RIBEIROP_2025-05-15_G75,10109793RIBEIROP,2025-05-15,117856,1,4,0,126.0
10109793RIBEIROP_2025-05-15_G76,10109793RIBEIROP,2025-05-15,110711,1,2,0,102.0
10109793RIBEIROP_2025-05-15_G77,10109793RIBEIROP,2025-05-15,111444,1,2,0,272.0
10109793RIBEIROP_2025-05-15_G78,10109793RIBEIROP,2025-05-15,111469,1,6,0,256.0
10109793RIBEIROP_2025-05-15_G79,10109793RIBEIROP,2025-05-15,"111463, 111466",2,5,17,78.0
10109793RIBEIROP_2025-05-15_G80,10109793RIBEIROP,2025-05-15,111418,1,4,0,148.0
10109793RIBEIROP_2025-05-15_G81,10109793RIBEIROP,2025-05-15,110374,1,4,0,79.0
10109793RIBEIROP_2025-05-15_G82,10109793RIBEIROP,2025-05-15,117808,1,4,0,190.0
10109793RIBEIROP_2025-05-15_G83,10109793RIBEIROP,2025-05-15,111441,1,4,0,339.0
10109793RIBEIROP_2025-05-15_G84,10109793RIBEIROP,2025-05-15,111430,1,6,0,173.0
10109793RIBEIROP_2025-05-15_G85,10109793RIBEIROP,2025-05-15,111569,1,7,0,165.0
10109793RIBEIROP_2025-05-15_G86,10109793RIBEIROP,2025-05-15,110755,1,6,0,105.0
10109793RIBEIROP_2025-05-15_G87,10109793RIBEIROP,2025-05-15,111655,1,4,0,87.0
10109793RIBEIROP_2025-05-15_G88,10109793RIBEIROP,2025-05-15,141047,1,4,0,1180.0
10109793RIBEIROP_2025-05-15_G89,10109793RIBEIROP,2025-05-15,110339,1,2,0,53.0
10109793RIBEIROP_2025-05-15_G90,10109793RIBEIROP,2025-05-15,111439,1,2,0,91.0
10109793RIBEIROP_2025-05-15_G91,10109793RIBEIROP,2025-05-15,111433,1,2,0,88.0
10109793RIBEIROP_2025-05-15_G92,10109793RIBEIROP,2025-05-15,111463,2,7,7,87.0
10109793RIBEIROP_2025-05-15_G93,10109793RIBEIROP,2025-05-15,111418,1,8,0,214.0
10109793RIBEIROP_2025-05-15_G94,10109793RIBEIROP,2025-05-15,110748,1,8,0,381.0
10109793RIBEIROP_2025-05-15_G95,10109793RIBEIROP,2025-05-15,110373,1,40,0,284.0
10109793RIBEIROP_2025-05-15_G96,10109793RIBEIROP,2025-05-15,110372,1,5,0,110.0
10109793RIBEIROP_2025-05-15_G97,10109793RIBEIROP,2025-05-15,117822,1,6,0,152.0
10109793RIBEIROP_2025-05-15_G98,10109793RIBEIROP,2025-05-15,118299,1,25,0,182.0
10109793RIBEIROP_2025-05-15_G99,10109793RIBEIROP,2025-05-15,"117808, 117809",2,53,16,352.0
10109793RIBEIROP_2025-05-16_G02,10109793RIBEIROP,2025-05-16,110740,1,4,0,77.0
10109793RIBEIROP_2025-05-16_G03,10109793RIBEIROP,2025-05-16,111462,1,4,0,111.0
10109793RIBEIROP_2025-05-16_G04,10109793RIBEIROP,2025-05-16,140922,1,16,0,131.0
10109793RIBEIROP_2025-05-16_G05,10109793RIBEIROP,2025-05-16,117821,1,8,0,75.0
10109793RIBEIROP_2025-05-16_G06,10109793RIBEIROP,2025-05-16,117833,1,6,0,101.0
10109793RIBEIROP_2025-05-16_G07,10109793RIBEIROP,2025-05-16,111172,1,16,0,143.0
10109793RIBEIROP_2025-05-16_G08,10109793RIBEIROP,2025-05-16,111532,1,8,0,114.0
10109793RIBEIROP_2025-05-16_G09,10109793RIBEIROP,2025-05-16,117831,1,4,0,102.0
10109793RIBEIROP_2025-05-16_G10,10109793RIBEIROP,2025-05-16,118094,1,6,0,382.0
10109793RIBEIROP_2025-05-16_G11,10109793RIBEIROP,2025-05-16,108772,1,2,0,147.0
10109793RIBEIROP_2025-05-16_G12,10109793RIBEIROP,2025-05-16,141047,1,8,0,100.0
10109793RIBEIROP_2025-05-16_G13,10109793RIBEIROP,2025-05-16,110339,1,4,0,57.0
10109793RIBEIROP_2025-05-16_G14,10109793RIBEIROP,2025-05-16,110515,1,12,0,175.0
10109793RIBEIROP_2025-05-16_G15,10109793RIBEIROP,2025-05-16,117855,1,4,0,154.0
10109793RIBEIROP_2025-05-16_G16,10109793RIBEIROP,2025-05-16,111467,1,4,0,74.0
10109793RIBEIROP_2025-05-16_G17,10109793RIBEIROP,2025-05-16,117853,1,4,0,83.0
10109793RIBEIROP_2025-05-16_G18,10109793RIBEIROP,2025-05-16,110373,1,20,0,214.0
10109793RIBEIROP_2025-05-16_G19,10109793RIBEIROP,2025-05-16,110374,1,8,0,75.0
10109793RIBEIROP_2025-05-16_G20,10109793RIBEIROP,2025-05-16,107830,1,4,0,223.0
10109793RIBEIROP_2025-05-16_G21,10109793RIBEIROP,2025-05-16,117830,1,12,0,164.0
10109793RIBEIROP_2025-05-16_G22,10109793RIBEIROP,2025-05-16,110375,1,16,0,573.0
10109793RIBEIROP_2025-05-16_G23,10109793RIBEIROP,2025-05-16,110515,1,8,0,245.0
10109793RIBEIROP_2025-05-16_G24,10109793RIBEIROP,2025-05-16,111467,1,2,0,89.0
10109793RIBEIROP_2025-05-16_G25,10109793RIBEIROP,2025-05-16,111530,1,1,0,105.0
10109793RIBEIROP_2025-05-16_G26,10109793RIBEIROP,2025-05-16,111743,1,4,0,213.0
10109793RIBEIROP_2025-05-16_G27,10109793RIBEIROP,2025-05-16,110740,1,4,0,116.0
10109793RIBEIROP_2025-05-16_G28,10109793RIBEIROP,2025-05-16,111462,1,1,0,48.0
10109793RIBEIROP_2025-05-16_G29,10109793RIBEIROP,2025-05-16,140922,1,8,0,142.0
10109793RIBEIROP_2025-05-16_G30,10109793RIBEIROP,2025-05-16,111532,1,4,0,138.0
10109793RIBEIROP_2025-05-16_G31,10109793RIBEIROP,2025-05-16,111418,1,8,0,628.0
10109793RIBEIROP_2025-05-16_G32,10109793RIBEIROP,2025-05-16,117831,1,4,0,126.0
10109793RIBEIROP_2025-05-16_G33,10109793RIBEIROP,2025-05-16,111348,1,2,0,100.0
10109793RIBEIROP_2025-05-16_G34,10109793RIBEIROP,2025-05-16,117785,1,2,0,58.0
10109793RIBEIROP_2025-05-16_G35,10109793RIBEIROP,2025-05-16,110372,1,40,0,481.0
10109793RIBEIROP_2025-05-16_G36,10109793RIBEIROP,2025-05-16,117822,1,4,0,106.0
10109793RIBEIROP_2025-05-16_G37,10109793RIBEIROP,2025-05-16,141202,1,4,0,139.0
10109793RIBEIROP_2025-05-16_G38,10109793RIBEIROP,2025-05-16,117862,1,40,0,839.0
10109793RIBEIROP_2025-05-16_G39,10109793RIBEIROP,2025-05-16,117855,1,24,0,415.0
10109793RIBEIROP_2025-05-16_G40,10109793RIBEIROP,2025-05-16,117832,1,6,0,231.0
10109793RIBEIROP_2025-05-16_G41,10109793RIBEIROP,2025-05-16,118299,1,54,0,467.0
10109793RIBEIROP_2025-05-16_G42,10109793RIBEIROP,2025-05-16,117808,1,217,0,731.0
10109793RIBEIROP_2025-05-16_G43,10109793RIBEIROP,2025-05-16,109933,1,4,0,410.0
10109793RIBEIROP_2025-05-16_G44,10109793RIBEIROP,2025-05-16,110747,1,4,0,86.0
10109793RIBEIROP_2025-05-16_G45,10109793RIBEIROP,2025-05-16,"117862, 110515",2,8,20,109.0
10109793RIBEIROP_2025-05-16_G46,10109793RIBEIROP,2025-05-16,111467,1,2,0,95.0
10109793RIBEIROP_2025-05-16_G47,10109793RIBEIROP,2025-05-16,110711,1,2,0,81.0
10109793RIBEIROP_2025-05-16_G48,10109793RIBEIROP,2025-05-16,110740,1,4,0,101.0
10109793RIBEIROP_2025-05-16_G49,10109793RIBEIROP,2025-05-16,117787,1,2,0,106.0
10109793RIBEIROP_2025-05-16_G50,10109793RIBEIROP,2025-05-16,140922,1,4,0,245.0
10109793RIBEIROP_2025-05-16_G51,10109793RIBEIROP,2025-05-16,111172,1,4,0,171.0
10109793RIBEIROP_2025-05-16_G52,10109793RIBEIROP,2025-05-16,111418,1,12,0,116.0
10109793RIBEIROP_2025-05-16_G53,10109793RIBEIROP,2025-05-16,118317,1,4,0,208.0
10109793RIBEIROP_2025-05-16_G54,10109793RIBEIROP,2025-05-16,110373,1,24,0,478.0
10109793RIBEIROP_2025-05-16_G55,10109793RIBEIROP,2025-05-16,110371,1,12,0,167.0
10109793RIBEIROP_2025-05-16_G57,10109793RIBEIROP,2025-05-16,117862,1,2,0,105.0
10109793RIBEIROP_2025-05-16_G58,10109793RIBEIROP,2025-05-16,"117855, 117861",2,6,17,106.0
10109793RIBEIROP_2025-05-16_G59,10109793RIBEIROP,2025-05-16,117856,1,2,0,92.0
10109793RIBEIROP_2025-05-16_G60,10109793RIBEIROP,2025-05-16,111602,1,2,0,374.0
10109793RIBEIROP_2025-05-16_G61,10109793RIBEIROP,2025-05-16,110740,1,4,0,93.0
10109793RIBEIROP_2025-05-16_G62,10109793RIBEIROP,2025-05-16,108711,1,1,0,124.0
10109793RIBEIROP_2025-05-16_G63,10109793RIBEIROP,2025-05-16,111469,1,2,0,44.0
10109793RIBEIROP_2025-05-16_G64,10109793RIBEIROP,2025-05-16,111466,1,5,0,101.0
10109793RIBEIROP_2025-05-16_G65,10109793RIBEIROP,2025-05-16,111172,1,4,0,214.0
10109793RIBEIROP_2025-05-16_G66,10109793RIBEIROP,2025-05-16,117842,1,4,0,174.0
10109793RIBEIROP_2025-05-16_G67,10109793RIBEIROP,2025-05-16,111418,1,3,0,73.0
10109793RIBEIROP_2025-05-16_G68,10109793RIBEIROP,2025-05-16,109645,1,4,0,97.0
10109793RIBEIROP_2025-05-16_G69,10109793RIBEIROP,2025-05-16,117785,1,4,0,98.0
10109793RIBEIROP_2025-05-16_G70,10109793RIBEIROP,2025-05-16,110373,1,4,0,56.0
10109793RIBEIROP_2025-05-16_G71,10109793RIBEIROP,2025-05-16,110374,1,2,0,84.0
10109793RIBEIROP_2025-05-16_G72,10109793RIBEIROP,2025-05-16,110372,1,12,0,107.0
10109793RIBEIROP_2025-05-16_G73,10109793RIBEIROP,2025-05-16,117820,1,10,0,97.0
10109793RIBEIROP_2025-05-16_G74,10109793RIBEIROP,2025-05-16,117832,1,2,0,55.0
10109793RIBEIROP_2025-05-16_G75,10109793RIBEIROP,2025-05-16,117830,1,6,0,96.0
10109793RIBEIROP_2025-05-16_G76,10109793RIBEIROP,2025-05-16,118299,1,10,0,114.0
10109793RIBEIROP_2025-05-16_G77,10109793RIBEIROP,2025-05-16,117809,1,4,0,127.0
10109793RIBEIROP_2025-05-16_G78,10109793RIBEIROP,2025-05-16,117808,1,17,0,116.0
10109793RIBEIROP_2025-05-16_G79,10109793RIBEIROP,2025-05-16,110325,1,2,0,353.0
10109793RIBEIROP_2025-05-16_G80,10109793RIBEIROP,2025-05-16,107830,1,1,0,73.0
10109793RIBEIROP_2025-05-16_G81,10109793RIBEIROP,2025-05-16,110372,1,2,0,49.0
10109793RIBEIROP_2025-05-16_G82,10109793RIBEIROP,2025-05-16,117808,1,10,0,240.0
10109793RIBEIROP_2025-05-16_G83,10109793RIBEIROP,2025-05-16,117820,1,10,0,130.0
10109793RIBEIROP_2025-05-16_G84,10109793RIBEIROP,2025-05-16,117830,1,6,0,111.0
10109793RIBEIROP_2025-05-16_G85,10109793RIBEIROP,2025-05-16,118299,1,14,0,98.0
10109793RIBEIROP_2025-05-16_G86,10109793RIBEIROP,2025-05-16,109641,1,30,0,1300.0
10109793RIBEIROP_2025-05-16_G87,10109793RIBEIROP,2025-05-16,117834,1,4,0,3367.0
10109793RIBEIROP_2025-05-16_G88,10109793RIBEIROP,2025-05-16,111850,2,5,29,107.0
10109793RIBEIROP_2025-05-16_G89,10109793RIBEIROP,2025-05-16,118306,1,4,0,154.0
10109793RIBEIROP_2025-05-16_G90,10109793RIBEIROP,2025-05-16,111467,1,7,0,82.0
10109793RIBEIROP_2025-05-16_G91,10109793RIBEIROP,2025-05-16,110751,1,4,0,93.0
10109793RIBEIROP_2025-05-16_G92,10109793RIBEIROP,2025-05-16,117830,1,9,0,112.0
10109793RIBEIROP_2025-05-16_G93,10109793RIBEIROP,2025-05-16,110371,1,5,0,106.0
10109793RIBEIROP_2025-05-17_G02,10109793RIBEIROP,2025-05-17,110751,2,6,5,143.0
10109793RIBEIROP_2025-05-17_G03,10109793RIBEIROP,2025-05-17,117787,1,4,0,136.0
10109793RIBEIROP_2025-05-17_G04,10109793RIBEIROP,2025-05-17,117785,1,20,0,201.0
10109793RIBEIROP_2025-05-17_G05,10109793RIBEIROP,2025-05-17,110129,1,6,0,208.0
10109793RIBEIROP_2025-05-17_G06,10109793RIBEIROP,2025-05-17,117808,1,50,0,654.0
10109793RIBEIROP_2025-05-17_G07,10109793RIBEIROP,2025-05-17,110895,1,22,0,534.0
10109793RIBEIROP_2025-05-17_G08,10109793RIBEIROP,2025-05-17,111463,1,3,0,186.0
10109793RIBEIROP_2025-05-17_G09,10109793RIBEIROP,2025-05-17,111466,1,10,0,93.0
10109793RIBEIROP_2025-05-17_G10,10109793RIBEIROP,2025-05-17,108794,1,1,0,84.0
10109793RIBEIROP_2025-05-17_G11,10109793RIBEIROP,2025-05-17,110373,1,1,0,54.0
10109793RIBEIROP_2025-05-17_G12,10109793RIBEIROP,2025-05-17,110372,1,7,0,96.0
10109793RIBEIROP_2025-05-17_G13,10109793RIBEIROP,2025-05-17,117832,1,4,0,439.0
10109793RIBEIROP_2025-05-17_G14,10109793RIBEIROP,2025-05-17,110751,1,2,0,463.0
10109793RIBEIROP_2025-05-17_G15,10109793RIBEIROP,2025-05-17,118094,1,8,0,244.0
10109793RIBEIROP_2025-05-17_G16,10109793RIBEIROP,2025-05-17,108795,1,8,0,144.0
10109793RIBEIROP_2025-05-17_G17,10109793RIBEIROP,2025-05-17,110787,1,4,0,117.0
10109793RIBEIROP_2025-05-17_G18,10109793RIBEIROP,2025-05-17,110751,1,2,0,299.0
10109793RIBEIROP_2025-05-17_G19,10109793RIBEIROP,2025-05-17,109641,1,6,0,109.0
10109793RIBEIROP_2025-05-17_G20,10109793RIBEIROP,2025-05-17,111441,1,4,0,110.0
10109793RIBEIROP_2025-05-17_G21,10109793RIBEIROP,2025-05-17,117834,1,4,0,2692.0
10109793RIBEIROP_2025-05-17_G22,10109793RIBEIROP,2025-05-17,118222,1,1,0,270.0
10109793RIBEIROP_2025-05-17_G23,10109793RIBEIROP,2025-05-17,117835,1,4,0,121.0
10109793RIBEIROP_2025-05-17_G24,10109793RIBEIROP,2025-05-17,110895,1,19,0,209.0
10109793RIBEIROP_2025-05-17_G25,10109793RIBEIROP,2025-05-17,108770,1,4,0,135.0
10109793RIBEIROP_2025-05-17_G26,10109793RIBEIROP,2025-05-17,107892,1,2,0,360.0
10109793RIBEIROP_2025-05-17_G27,10109793RIBEIROP,2025-05-17,111850,1,4,0,267.0
10109793RIBEIROP_2025-05-17_G28,10109793RIBEIROP,2025-05-17,118094,1,1,0,51.0
10109793RIBEIROP_2025-05-17_G29,10109793RIBEIROP,2025-05-17,109647,1,2,0,57.0
10109793RIBEIROP_2025-05-17_G30,10109793RIBEIROP,2025-05-17,118298,1,1,0,145.0
10109793RIBEIROP_2025-05-17_G31,10109793RIBEIROP,2025-05-17,141047,1,8,0,154.0
10109793RIBEIROP_2025-05-17_G32,10109793RIBEIROP,2025-05-17,111876,1,4,0,221.0
10109793RIBEIROP_2025-05-17_G33,10109793RIBEIROP,2025-05-17,117837,1,8,0,107.0
10109793RIBEIROP_2025-05-17_G34,10109793RIBEIROP,2025-05-17,117862,1,35,0,364.0
10109793RIBEIROP_2025-05-17_G35,10109793RIBEIROP,2025-05-17,117855,1,12,0,266.0
10109793RIBEIROP_2025-05-17_G36,10109793RIBEIROP,2025-05-17,111467,1,2,0,56.0
10109793RIBEIROP_2025-05-17_G37,10109793RIBEIROP,2025-05-17,117853,1,4,0,67.0
10109793RIBEIROP_2025-05-17_G38,10109793RIBEIROP,2025-05-17,117856,1,16,0,158.0
10109793RIBEIROP_2025-05-17_G39,10109793RIBEIROP,2025-05-17,117786,1,10,0,125.0
10109793RIBEIROP_2025-05-17_G40,10109793RIBEIROP,2025-05-17,111530,1,6,0,92.0
10109793RIBEIROP_2025-05-17_G41,10109793RIBEIROP,2025-05-17,109643,1,4,0,669.0
10109793RIBEIROP_2025-05-17_G42,10109793RIBEIROP,2025-05-17,110374,1,27,0,263.0
10109793RIBEIROP_2025-05-17_G43,10109793RIBEIROP,2025-05-17,107830,1,4,0,504.0
10109793RIBEIROP_2025-05-17_G44,10109793RIBEIROP,2025-05-17,110376,1,4,0,96.0
10109793RIBEIROP_2025-05-17_G45,10109793RIBEIROP,2025-05-17,117830,1,20,0,150.0
10109793RIBEIROP_2025-05-17_G46,10109793RIBEIROP,2025-05-17,110375,1,3,0,59.0
10109793RIBEIROP_2025-05-17_G47,10109793RIBEIROP,2025-05-17,118299,1,284,0,650.0
10109793RIBEIROP_2025-05-17_G48,10109793RIBEIROP,2025-05-17,110371,1,29,0,311.0
10109793RIBEIROP_2025-05-23_G02,10109793RIBEIROP,2025-05-23,109643,1,2,0,84.0
10109793RIBEIROP_2025-05-23_G03,10109793RIBEIROP,2025-05-23,110373,1,3,0,271.0
10109793RIBEIROP_2025-05-23_G04,10109793RIBEIROP,2025-05-23,111602,1,8,0,241.0
10109793RIBEIROP_2025-05-23_G05,10109793RIBEIROP,2025-05-23,118290,1,2,0,193.0
10109793RIBEIROP_2025-05-23_G06,10109793RIBEIROP,2025-05-23,111438,1,2,0,63.0
10109793RIBEIROP_2025-05-23_G07,10109793RIBEIROP,2025-05-23,118094,1,1,0,135.0
10109793RIBEIROP_2025-05-23_G08,10109793RIBEIROP,2025-05-23,117862,1,5,0,96.0
10109793RIBEIROP_2025-05-23_G09,10109793RIBEIROP,2025-05-23,111462,1,6,0,94.0
10109793RIBEIROP_2025-05-23_G10,10109793RIBEIROP,2025-05-23,111463,1,2,0,51.0
10109793RIBEIROP_2025-05-23_G11,10109793RIBEIROP,2025-05-23,108711,1,6,0,98.0
10109793RIBEIROP_2025-05-23_G12,10109793RIBEIROP,2025-05-23,111468,1,1,0,63.0
10109793RIBEIROP_2025-05-23_G13,10109793RIBEIROP,2025-05-23,118004,1,2,0,449.0
10109793RIBEIROP_2025-05-23_G14,10109793RIBEIROP,2025-05-23,109643,1,3,0,129.0
10109793RIBEIROP_2025-05-23_G15,10109793RIBEIROP,2025-05-23,110374,1,1,0,83.0
10109793RIBEIROP_2025-05-23_G16,10109793RIBEIROP,2025-05-23,110371,1,5,0,61.0
10109793RIBEIROP_2025-05-23_G17,10109793RIBEIROP,2025-05-23,117808,1,4,0,52.0
10109793RIBEIROP_2025-05-23_G18,10109793RIBEIROP,2025-05-23,110372,1,1,0,81.0
10109793RIBEIROP_2025-05-23_G19,10109793RIBEIROP,2025-05-23,109643,1,1,0,388.0
10109793RIBEIROP_2025-05-23_G20,10109793RIBEIROP,2025-05-23,110325,1,4,0,37.0
10109793RIBEIROP_2025-05-23_G21,10109793RIBEIROP,2025-05-23,110374,1,2,0,41.0
10109793RIBEIROP_2025-05-23_G22,10109793RIBEIROP,2025-05-23,118299,1,19,0,160.0
10109793RIBEIROP_2025-05-23_G23,10109793RIBEIROP,2025-05-23,117830,1,4,0,103.0
10109793RIBEIROP_2025-05-23_G24,10109793RIBEIROP,2025-05-23,117809,1,6,0,73.0
10109793RIBEIROP_2025-05-26_G02,10109793RIBEIROP,2025-05-26,111602,1,1,0,97.0
10109793RIBEIROP_2025-05-26_G03,10109793RIBEIROP,2025-05-26,110515,1,2,0,105.0
10109793RIBEIROP_2025-05-26_G04,10109793RIBEIROP,2025-05-26,117787,1,2,0,216.0
10109793RIBEIROP_2025-05-26_G05,10109793RIBEIROP,2025-05-26,110751,1,2,0,305.0
10109793RIBEIROP_2025-05-26_G06,10109793RIBEIROP,2025-05-26,111466,1,2,0,182.0
10109793RIBEIROP_2025-05-26_G07,10109793RIBEIROP,2025-05-26,111444,1,2,0,118.0
10109793RIBEIROP_2025-05-26_G08,10109793RIBEIROP,2025-05-26,110787,2,8,9,90.0
10109793RIBEIROP_2025-05-26_G09,10109793RIBEIROP,2025-05-26,111465,1,1,0,99.0
10109793RIBEIROP_2025-05-26_G10,10109793RIBEIROP,2025-05-26,117935,2,4,17,584.0
10109793RIBEIROP_2025-05-26_G11,10109793RIBEIROP,2025-05-26,107830,1,6,0,1019.0
10109793RIBEIROP_2025-05-26_G12,10109793RIBEIROP,2025-05-26,117808,1,6,0,169.0
10109793RIBEIROP_2025-05-26_G13,10109793RIBEIROP,2025-05-26,"117820, 118299",2,4,28,64.0
10109793RIBEIROP_2025-05-26_G14,10109793RIBEIROP,2025-05-26,110372,1,2,0,95.0
10109793RIBEIROP_2025-05-26_G15,10109793RIBEIROP,2025-05-26,117830,1,2,0,68.0
10109793RIBEIROP_2025-05-26_G16,10109793RIBEIROP,2025-05-26,110895,1,2,0,1561.0
10109793RIBEIROP_2025-05-26_G17,10109793RIBEIROP,2025-05-26,111850,1,2,0,90.0
10109793RIBEIROP_2025-05-26_G18,10109793RIBEIROP,2025-05-26,111438,1,2,0,71.0
10109793RIBEIROP_2025-05-26_G19,10109793RIBEIROP,2025-05-26,108772,1,2,0,121.0
10109793RIBEIROP_2025-05-26_G20,10109793RIBEIROP,2025-05-26,117935,1,2,0,153.0
10109793RIBEIROP_2025-05-26_G21,10109793RIBEIROP,2025-05-26,110339,1,2,0,104.0
10109793RIBEIROP_2025-05-26_G22,10109793RIBEIROP,2025-05-26,117855,1,2,0,73.0
10109793RIBEIROP_2025-05-26_G23,10109793RIBEIROP,2025-05-26,110063,1,2,0,88.0
10109793RIBEIROP_2025-05-26_G24,10109793RIBEIROP,2025-05-26,111530,1,1,0,128.0
10109793RIBEIROP_2025-05-26_G25,10109793RIBEIROP,2025-05-26,111466,1,2,0,127.0
10109793RIBEIROP_2025-05-26_G26,10109793RIBEIROP,2025-05-26,110751,1,2,0,90.0
10109793RIBEIROP_2025-05-26_G27,10109793RIBEIROP,2025-05-26,111463,1,4,0,57.0
10109793RIBEIROP_2025-05-26_G28,10109793RIBEIROP,2025-05-26,140922,1,2,0,76.0
10109793RIBEIROP_2025-05-26_G29,10109793RIBEIROP,2025-05-26,111468,1,8,0,84.0
10109793RIBEIROP_2025-05-26_G30,10109793RIBEIROP,2025-05-26,109645,1,2,0,82.0
10109793RIBEIROP_2025-05-26_G31,10109793RIBEIROP,2025-05-26,111442,1,2,0,41.0
10109793RIBEIROP_2025-05-26_G32,10109793RIBEIROP,2025-05-26,110787,1,5,0,150.0
10109793RIBEIROP_2025-05-26_G33,10109793RIBEIROP,2025-05-26,"110325, 110374",2,6,18,124.0
10109793RIBEIROP_2025-05-26_G34,10109793RIBEIROP,2025-05-26,110371,1,4,0,44.0
10109793RIBEIROP_2025-05-26_G35,10109793RIBEIROP,2025-05-26,117808,1,11,0,139.0
10109793RIBEIROP_2025-05-26_G36,10109793RIBEIROP,2025-05-26,110373,1,1,0,42.0
10109793RIBEIROP_2025-05-26_G37,10109793RIBEIROP,2025-05-26,117820,1,6,0,163.0
10109793RIBEIROP_2025-05-26_G38,10109793RIBEIROP,2025-05-26,117832,1,2,0,117.0
10109793RIBEIROP_2025-05-26_G39,10109793RIBEIROP,2025-05-26,117809,1,2,0,74.0
10109793RIBEIROP_2025-05-26_G40,10109793RIBEIROP,2025-05-26,111418,1,4,0,364.0
10109793RIBEIROP_2025-05-26_G41,10109793RIBEIROP,2025-05-26,110895,1,17,0,602.0
10109793RIBEIROP_2025-05-26_G42,10109793RIBEIROP,2025-05-26,110747,1,10,0,165.0
10109793RIBEIROP_2025-05-26_G43,10109793RIBEIROP,2025-05-26,117861,1,10,0,101.0
10109793RIBEIROP_2025-05-26_G44,10109793RIBEIROP,2025-05-26,141202,1,11,0,156.0
10109793RIBEIROP_2025-05-26_G46,10109793RIBEIROP,2025-05-26,117935,1,2,0,87.0
10109793RIBEIROP_2025-05-26_G47,10109793RIBEIROP,2025-05-26,117837,1,4,0,95.0
10109793RIBEIROP_2025-05-26_G48,10109793RIBEIROP,2025-05-26,"117786, 108361",2,4,28,61.0
10109793RIBEIROP_2025-05-26_G49,10109793RIBEIROP,2025-05-26,111602,1,1,0,87.0
10109793RIBEIROP_2025-05-26_G50,10109793RIBEIROP,2025-05-26,110515,1,2,0,56.0
10109793RIBEIROP_2025-05-26_G51,10109793RIBEIROP,2025-05-26,111530,1,2,0,77.0
10109793RIBEIROP_2025-05-26_G52,10109793RIBEIROP,2025-05-26,117785,1,8,0,116.0
10109793RIBEIROP_2025-05-26_G53,10109793RIBEIROP,2025-05-26,111463,1,4,0,54.0
10109793RIBEIROP_2025-05-26_G54,10109793RIBEIROP,2025-05-26,117838,2,3,25,68.0
10109793RIBEIROP_2025-05-26_G55,10109793RIBEIROP,2025-05-26,140922,1,7,0,67.0
10109793RIBEIROP_2025-05-26_G56,10109793RIBEIROP,2025-05-26,117831,1,8,0,108.0
10109793RIBEIROP_2025-05-26_G57,10109793RIBEIROP,2025-05-26,118140,1,4,0,82.0
10109793RIBEIROP_2025-05-26_G58,10109793RIBEIROP,2025-05-26,111444,1,2,0,46.0
10109793RIBEIROP_2025-05-26_G59,10109793RIBEIROP,2025-05-26,110787,1,7,0,132.0
10109793RIBEIROP_2025-05-26_G60,10109793RIBEIROP,2025-05-26,110325,1,2,0,433.0
10109793RIBEIROP_2025-05-26_G61,10109793RIBEIROP,2025-05-26,117808,1,2,0,66.0
10109793RIBEIROP_2025-05-26_G62,10109793RIBEIROP,2025-05-26,110373,1,2,0,75.0
10109793RIBEIROP_2025-05-26_G63,10109793RIBEIROP,2025-05-26,110376,1,2,0,74.0
10109793RIBEIROP_2025-05-26_G64,10109793RIBEIROP,2025-05-26,118299,1,6,0,89.0
10109793RIBEIROP_2025-05-26_G65,10109793RIBEIROP,2025-05-26,110372,1,9,0,76.0
10109793RIBEIROP_2025-05-26_G66,10109793RIBEIROP,2025-05-26,117809,1,4,0,63.0
10109793RIBEIROP_2025-05-26_G67,10109793RIBEIROP,2025-05-26,111743,1,2,0,737.0
10109793RIBEIROP_2025-05-26_G68,10109793RIBEIROP,2025-05-26,111466,1,6,0,105.0
10109793RIBEIROP_2025-05-26_G69,10109793RIBEIROP,2025-05-26,"110740, 110751",2,5,29,69.0
10109793RIBEIROP_2025-05-26_G70,10109793RIBEIROP,2025-05-26,"111462, 117785",2,4,18,63.0
10109793RIBEIROP_2025-05-26_G71,10109793RIBEIROP,2025-05-26,117831,1,1,0,101.0
10109793RIBEIROP_2025-05-26_G72,10109793RIBEIROP,2025-05-26,111465,1,2,0,62.0
10109793RIBEIROP_2025-05-26_G73,10109793RIBEIROP,2025-05-26,110325,1,6,0,126.0
10109793RIBEIROP_2025-05-26_G74,10109793RIBEIROP,2025-05-26,110374,1,2,0,37.0
10109793RIBEIROP_2025-05-26_G75,10109793RIBEIROP,2025-05-26,117808,1,10,0,122.0
10109793RIBEIROP_2025-05-26_G76,10109793RIBEIROP,2025-05-26,110373,1,2,0,71.0
10109793RIBEIROP_2025-05-26_G77,10109793RIBEIROP,2025-05-26,110372,1,5,0,194.0
10109793RIBEIROP_2025-05-26_G78,10109793RIBEIROP,2025-05-26,117830,1,2,0,34.0
10109793RIBEIROP_2025-05-26_G79,10109793RIBEIROP,2025-05-26,110375,1,2,0,58.0
10109793RIBEIROP_2025-05-26_G80,10109793RIBEIROP,2025-05-26,117809,1,4,0,100.0
10109793RIBEIROP_2025-05-26_G81,10109793RIBEIROP,2025-05-26,109640,3,11,13,1752.0
10109793RIBEIROP_2025-05-26_G82,10109793RIBEIROP,2025-05-26,111530,1,7,0,102.0
10109793RIBEIROP_2025-05-26_G84,10109793RIBEIROP,2025-05-26,117837,1,6,0,239.0
10109793RIBEIROP_2025-05-26_G85,10109793RIBEIROP,2025-05-26,111530,1,250,0,531.0
10109793RIBEIROP_2025-05-26_G86,10109793RIBEIROP,2025-05-26,117862,1,231,0,171.0
10109793RIBEIROP_2025-05-27_G02,10109793RIBEIROP,2025-05-27,115821,1,3,0,125.0
10109793RIBEIROP_2025-05-27_G03,10109793RIBEIROP,2025-05-27,109974,1,2,0,125.0
10109793RIBEIROP_2025-05-27_G04,10109793RIBEIROP,2025-05-27,117855,1,2,0,114.0
10109793RIBEIROP_2025-05-27_G05,10109793RIBEIROP,2025-05-27,111467,1,4,0,137.0
10109793RIBEIROP_2025-05-27_G06,10109793RIBEIROP,2025-05-27,111443,1,3,0,189.0
10109793RIBEIROP_2025-05-27_G07,10109793RIBEIROP,2025-05-27,111435,1,4,0,114.0
10109793RIBEIROP_2025-05-27_G08,10109793RIBEIROP,2025-05-27,105705,1,11,0,242.0
10109793RIBEIROP_2025-05-27_G09,10109793RIBEIROP,2025-05-27,111418,1,11,0,155.0
10109793RIBEIROP_2025-05-27_G10,10109793RIBEIROP,2025-05-27,117833,1,1,0,51.0
10109793RIBEIROP_2025-05-27_G11,10109793RIBEIROP,2025-05-27,108798,1,2,0,170.0
10109793RIBEIROP_2025-05-27_G12,10109793RIBEIROP,2025-05-27,111532,1,8,0,107.0
10109793RIBEIROP_2025-05-27_G13,10109793RIBEIROP,2025-05-27,111433,1,1,0,95.0
10109793RIBEIROP_2025-05-27_G14,10109793RIBEIROP,2025-05-27,111330,1,28,0,178.0
10109793RIBEIROP_2025-05-27_G15,10109793RIBEIROP,2025-05-27,111465,1,6,0,210.0
10109793RIBEIROP_2025-05-27_G16,10109793RIBEIROP,2025-05-27,110129,1,2,0,89.0
10109793RIBEIROP_2025-05-27_G17,10109793RIBEIROP,2025-05-27,109643,1,6,0,151.0
10109793RIBEIROP_2025-05-27_G18,10109793RIBEIROP,2025-05-27,117808,1,1076,0,2194.0
10109793RIBEIROP_2025-05-29_G02,10109793RIBEIROP,2025-05-29,117935,1,4,0,139.0
10109793RIBEIROP_2025-05-29_G03,10109793RIBEIROP,2025-05-29,111602,1,20,0,257.0
10109793RIBEIROP_2025-05-29_G04,10109793RIBEIROP,2025-05-29,109640,1,8,0,188.0
10109793RIBEIROP_2025-05-29_G05,10109793RIBEIROP,2025-05-29,109640,1,30,0,485.0
10109793RIBEIROP_2025-05-29_G06,10109793RIBEIROP,2025-05-29,117853,1,8,0,151.0
10109793RIBEIROP_2025-05-30_G02,10109793RIBEIROP,2025-05-30,118324,1,4,0,109.0
10109793RIBEIROP_2025-05-30_G03,10109793RIBEIROP,2025-05-30,110742,1,10,0,114.0
10109793RIBEIROP_2025-05-30_G04,10109793RIBEIROP,2025-05-30,110742,1,3,0,35.0
10109793RIBEIROP_2025-05-30_G05,10109793RIBEIROP,2025-05-30,111850,1,10,0,183.0
10109793RIBEIROP_2025-05-30_G06,10109793RIBEIROP,2025-05-30,110895,1,8,0,157.0
10109793RIBEIROP_2025-05-30_G07,10109793RIBEIROP,2025-05-30,111437,1,4,0,88.0
10109793RIBEIROP_2025-05-30_G08,10109793RIBEIROP,2025-05-30,108770,1,8,0,254.0
10109793RIBEIROP_2025-05-30_G09,10109793RIBEIROP,2025-05-30,110756,2,7,8,184.0
10109793RIBEIROP_2025-05-30_G10,10109793RIBEIROP,2025-05-30,110741,1,4,0,137.0
10109793RIBEIROP_2025-05-30_G11,10109793RIBEIROP,2025-05-30,110741,1,10,0,94.0
10109793RIBEIROP_2025-05-30_G12,10109793RIBEIROP,2025-05-30,118094,3,27,12,257.0
10109793RIBEIROP_2025-05-30_G13,10109793RIBEIROP,2025-05-30,118094,1,26,0,427.0
10109793RIBEIROP_2025-05-30_G14,10109793RIBEIROP,2025-05-30,117788,4,29,20,35.0
10109793RIBEIROP_2025-05-30_G15,10109793RIBEIROP,2025-05-30,107629,3,19,21,286.0
10109793RIBEIROP_2025-05-30_G16,10109793RIBEIROP,2025-05-30,107629,1,10,0,161.0
10109793RIBEIROP_2025-05-30_G17,10109793RIBEIROP,2025-05-30,111876,1,6,0,194.0
10109793RIBEIROP_2025-05-30_G18,10109793RIBEIROP,2025-05-30,110339,1,8,0,364.0
10109793RIBEIROP_2025-05-30_G19,10109793RIBEIROP,2025-05-30,118298,1,10,0,186.0
10109793RIBEIROP_2025-05-30_G20,10109793RIBEIROP,2025-05-30,117862,1,12,0,46.0
10109793RIBEIROP_2025-05-30_G21,10109793RIBEIROP,2025-05-30,117935,1,10,0,210.0
10109793RIBEIROP_2025-05-30_G22,10109793RIBEIROP,2025-05-30,117935,1,5,0,47.0
10109793RIBEIROP_2025-05-30_G23,10109793RIBEIROP,2025-05-30,117935,1,10,0,226.0
10109793RIBEIROP_2025-05-30_G24,10109793RIBEIROP,2025-05-30,"117855, 117861",3,24,12,172.0
10109793RIBEIROP_2025-05-30_G25,10109793RIBEIROP,2025-05-30,117861,1,4,0,198.0
10109793RIBEIROP_2025-05-30_G26,10109793RIBEIROP,2025-05-30,111467,1,8,0,315.0
10109793RIBEIROP_2025-05-30_G27,10109793RIBEIROP,2025-05-30,111467,1,12,0,74.0
10109793RIBEIROP_2025-05-30_G28,10109793RIBEIROP,2025-05-30,117853,2,12,10,139.0
10109793RIBEIROP_2025-05-30_G29,10109793RIBEIROP,2025-05-30,110711,2,68,20,307.0
10109793RIBEIROP_2025-05-30_G30,10109793RIBEIROP,2025-05-30,110313,1,40,0,888.0
10109793RIBEIROP_2025-05-30_G31,10109793RIBEIROP,2025-05-30,110313,1,70,0,404.0
10109793RIBEIROP_2025-05-30_G32,10109793RIBEIROP,2025-05-30,117856,1,4,0,86.0
10109793RIBEIROP_2025-05-30_G33,10109793RIBEIROP,2025-05-30,141047,1,30,0,397.0
10109793RIBEIROP_2025-05-30_G34,10109793RIBEIROP,2025-05-30,110515,1,500,0,3041.0
10109793RIBEIROP_2025-05-30_G35,10109793RIBEIROP,2025-05-30,110743,1,100,0,529.0
10109793RIBEIROP_2025-05-30_G36,10109793RIBEIROP,2025-05-30,108711,1,200,0,605.0
10109793RIBEIROP_2025-05-30_G37,10109793RIBEIROP,2025-05-30,108711,1,200,0,535.0
10109793RIBEIROP_2025-05-30_G38,10109793RIBEIROP,2025-05-30,110371,1,1,0,100.0
10109793RIBEIROP_2025-05-30_G39,10109793RIBEIROP,2025-05-30,110371,1,300,0,293.0
10109793RIBEIROP_2025-05-30_G41,10109793RIBEIROP,2025-05-30,108711,1,2,0,64.0
10109793RIBEIROP_2025-05-30_G42,10109793RIBEIROP,2025-05-30,111418,1,10,0,135.0
10109793RIBEIROP_2025-05-30_G43,10109793RIBEIROP,2025-05-30,111330,1,3,0,94.0
10109793RIBEIROP_2025-05-30_G44,10109793RIBEIROP,2025-05-30,117808,1,16,0,234.0
10109793RIBEIROP_2025-05-30_G45,10109793RIBEIROP,2025-05-30,111602,1,4,0,289.0
10109793RIBEIROP_2025-05-30_G46,10109793RIBEIROP,2025-05-30,109645,1,2,0,73.0
10109793RIBEIROP_2025-05-30_G47,10109793RIBEIROP,2025-05-30,110373,1,13,0,147.0
10109793RIBEIROP_2025-05-30_G48,10109793RIBEIROP,2025-05-30,118299,1,24,0,371.0
10109793RIBEIROP_2025-05-30_G49,10109793RIBEIROP,2025-05-30,117820,1,9,0,133.0
10109793RIBEIROP_2025-05-30_G50,10109793RIBEIROP,2025-05-30,117809,1,5,0,168.0
10109793RIBEIROP_2025-05-30_G51,10109793RIBEIROP,2025-05-30,110374,1,2,0,108.0
10109793RIBEIROP_2025-05-30_G52,10109793RIBEIROP,2025-05-30,111445,1,1,0,369.0
10109793RIBEIROP_2025-05-30_G53,10109793RIBEIROP,2025-05-30,110515,1,4,0,104.0
10109793RIBEIROP_2025-05-30_G54,10109793RIBEIROP,2025-05-30,111463,1,4,0,92.0
10109793RIBEIROP_2025-05-30_G55,10109793RIBEIROP,2025-05-30,111462,1,2,0,44.0
10109793RIBEIROP_2025-05-30_G56,10109793RIBEIROP,2025-05-30,109641,1,4,0,54.0
10109793RIBEIROP_2025-05-30_G57,10109793RIBEIROP,2025-05-30,111466,1,8,0,150.0
10109793RIBEIROP_2025-05-30_G58,10109793RIBEIROP,2025-05-30,109645,1,4,0,129.0
10109793RIBEIROP_2025-05-30_G59,10109793RIBEIROP,2025-05-30,111462,1,5,0,204.0
10109793RIBEIROP_2025-05-30_G60,10109793RIBEIROP,2025-05-30,110742,1,8,0,1085.0
10109793RIBEIROP_2025-05-30_G61,10109793RIBEIROP,2025-05-30,111530,1,10,0,185.0
10109793RIBEIROP_2025-05-30_G62,10109793RIBEIROP,2025-05-30,111463,1,3,0,59.0
10109793RIBEIROP_2025-05-30_G63,10109793RIBEIROP,2025-05-30,118140,1,3,0,154.0
10109793RIBEIROP_2025-05-30_G64,10109793RIBEIROP,2025-05-30,111418,1,8,0,112.0
10109793RIBEIROP_2025-05-30_G65,10109793RIBEIROP,2025-05-30,111602,1,2,0,204.0
10109793RIBEIROP_2025-05-30_G66,10109793RIBEIROP,2025-05-30,116241,1,25,0,556.0
10109793RIBEIROP_2025-05-30_G67,10109793RIBEIROP,2025-05-30,111463,1,4,0,113.0
10109793RIBEIROP_2025-05-30_G68,10109793RIBEIROP,2025-05-30,111418,1,37,0,533.0
10109793RIBEIROP_2025-05-30_G69,10109793RIBEIROP,2025-05-30,110742,1,4,0,839.0
10109793RIBEIROP_2025-05-30_G70,10109793RIBEIROP,2025-05-30,111530,1,11,0,600.0
10109793RIBEIROP_2025-05-30_G71,10109793RIBEIROP,2025-05-30,110515,1,2,0,53.0
10109793RIBEIROP_2025-05-30_G72,10109793RIBEIROP,2025-05-30,111463,1,5,0,107.0
10109793RIBEIROP_2025-05-30_G73,10109793RIBEIROP,2025-05-30,111418,1,26,0,255.0
10109793RIBEIROP_2025-05-30_G74,10109793RIBEIROP,2025-05-30,109643,1,4,0,155.0
10109793RIBEIROP_2025-05-30_G75,10109793RIBEIROP,2025-05-30,111737,1,11,0,806.0
10109793RIBEIROP_2025-05-30_G76,10109793RIBEIROP,2025-05-30,117808,1,4,0,1767.0
10109793RIBEIROP_2025-05-30_G77,10109793RIBEIROP,2025-05-30,118299,1,14,0,121.0
10109793RIBEIROP_2025-05-30_G78,10109793RIBEIROP,2025-05-30,117820,1,1,0,131.0
10109793RIBEIROP_2025-05-30_G79,10109793RIBEIROP,2025-05-30,117830,1,6,0,130.0
10109793RIBEIROP_2025-05-30_G80,10109793RIBEIROP,2025-05-30,141047,1,8,0,270.0
10109793RIBEIROP_2025-05-30_G81,10109793RIBEIROP,2025-05-30,141047,1,4,0,47.0
10109793RIBEIROP_2025-05-31_G02,10109793RIBEIROP,2025-05-31,110756,1,2,0,591.0
10109793RIBEIROP_2025-05-31_G03,10109793RIBEIROP,2025-05-31,108772,1,19,0,248.0
10109793RIBEIROP_2025-05-31_G04,10109793RIBEIROP,2025-05-31,110580,1,8,0,166.0
10109793RIBEIROP_2025-05-31_G05,10109793RIBEIROP,2025-05-31,111876,1,2,0,64.0
10109793RIBEIROP_2025-05-31_G06,10109793RIBEIROP,2025-05-31,117862,1,13,0,221.0
10109793RIBEIROP_2025-05-31_G07,10109793RIBEIROP,2025-05-31,117935,1,1,0,76.0
10109793RIBEIROP_2025-05-31_G08,10109793RIBEIROP,2025-05-31,117855,1,20,0,919.0
10109793RIBEIROP_2025-05-31_G09,10109793RIBEIROP,2025-05-31,110515,1,11,0,245.0
10109793RIBEIROP_2025-05-31_G10,10109793RIBEIROP,2025-05-31,111462,1,17,0,419.0
10109793RIBEIROP_2025-05-31_G11,10109793RIBEIROP,2025-05-31,111182,1,3,0,102.0
10109793RIBEIROP_2025-05-31_G12,10109793RIBEIROP,2025-05-31,111466,1,19,0,144.0
10109793RIBEIROP_2025-05-31_G13,10109793RIBEIROP,2025-05-31,117833,1,12,0,359.0
10109793RIBEIROP_2025-05-31_G14,10109793RIBEIROP,2025-05-31,110375,1,7,0,144.0
10109793RIBEIROP_2025-05-31_G15,10109793RIBEIROP,2025-05-31,110374,1,6,0,126.0
10109793RIBEIROP_2025-05-31_G16,10109793RIBEIROP,2025-05-31,117808,1,300,0,741.0
10109793RIBEIROP_2025-05-31_G17,10109793RIBEIROP,2025-05-31,109643,1,8,0,159.0
10109793RIBEIROP_2025-05-31_G18,10109793RIBEIROP,2025-05-31,117836,1,2,0,2253.0
10109793RIBEIROP_2025-05-31_G19,10109793RIBEIROP,2025-05-31,111569,1,4,0,66.0
10109793RIBEIROP_2025-05-31_G20,10109793RIBEIROP,2025-05-31,107892,1,2,0,87.0
10109793RIBEIROP_2025-05-31_G21,10109793RIBEIROP,2025-05-31,111441,1,2,0,85.0
10109793RIBEIROP_2025-05-31_G22,10109793RIBEIROP,2025-05-31,111438,1,6,0,131.0
10109793RIBEIROP_2025-05-31_G23,10109793RIBEIROP,2025-05-31,110755,1,5,0,54.0
10109793RIBEIROP_2025-05-31_G24,10109793RIBEIROP,2025-05-31,110895,1,6,0,92.0
10109793RIBEIROP_2025-05-31_G25,10109793RIBEIROP,2025-05-31,118417,1,4,0,255.0
10109793RIBEIROP_2025-05-31_G26,10109793RIBEIROP,2025-05-31,111430,1,4,0,182.0
10109793RIBEIROP_2025-05-31_G27,10109793RIBEIROP,2025-05-31,110339,1,2,0,1067.0
10109793RIBEIROP_2025-05-31_G28,10109793RIBEIROP,2025-05-31,111602,1,6,0,232.0
10109793RIBEIROP_2025-05-31_G29,10109793RIBEIROP,2025-05-31,117841,1,2,0,333.0
10109793RIBEIROP_2025-05-31_G30,10109793RIBEIROP,2025-05-31,140922,1,4,0,177.0
10109793RIBEIROP_2025-05-31_G31,10109793RIBEIROP,2025-05-31,111466,1,6,0,62.0
10109793RIBEIROP_2025-05-31_G32,10109793RIBEIROP,2025-05-31,118140,1,2,0,87.0
10109793RIBEIROP_2025-05-31_G33,10109793RIBEIROP,2025-05-31,110372,1,9,0,66.0
10109793RIBEIROP_2025-05-31_G34,10109793RIBEIROP,2025-05-31,118299,1,10,0,167.0
10109793RIBEIROP_2025-05-31_G35,10109793RIBEIROP,2025-05-31,117832,1,4,0,63.0
10109793RIBEIROP_2025-05-31_G36,10109793RIBEIROP,2025-05-31,110371,1,6,0,166.0
10109793RIBEIROP_2025-05-31_G37,10109793RIBEIROP,2025-05-31,111433,1,4,0,280.0
10109793RIBEIROP_2025-05-31_G38,10109793RIBEIROP,2025-05-31,111850,1,4,0,130.0
10109793RIBEIROP_2025-05-31_G39,10109793RIBEIROP,2025-05-31,111602,1,12,0,200.0
10109793RIBEIROP_2025-05-31_G40,10109793RIBEIROP,2025-05-31,109640,1,6,0,487.0
10109794NASCIMENTOR_2025-03-28_G02,10109794NASCIMENTOR,2025-03-28,111466,1,30,0,925.0
10109794NASCIMENTOR_2025-03-28_G03,10109794NASCIMENTOR,2025-03-28,108736,2,4,12,349.0
10109794NASCIMENTOR_2025-03-28_G04,10109794NASCIMENTOR,2025-03-28,108736,1,4,0,31.0
10109794NASCIMENTOR_2025-03-29_G02,10109794NASCIMENTOR,2025-03-29,111468,1,8,0,226.0
10109794NASCIMENTOR_2025-03-29_G03,10109794NASCIMENTOR,2025-03-29,111172,1,20,0,269.0
10109794NASCIMENTOR_2025-03-29_G04,10109794NASCIMENTOR,2025-03-29,110743,1,10,0,311.0
10109794NASCIMENTOR_2025-03-29_G05,10109794NASCIMENTOR,2025-03-29,111418,1,50,0,958.0
10109794NASCIMENTOR_2025-03-29_G06,10109794NASCIMENTOR,2025-03-29,117831,1,20,0,366.0
10109794NASCIMENTOR_2025-03-29_G07,10109794NASCIMENTOR,2025-03-29,117785,1,100,0,283.0
10109794NASCIMENTOR_2025-03-29_G08,10109794NASCIMENTOR,2025-03-29,111465,1,10,0,1059.0
10109794NASCIMENTOR_2025-03-29_G09,10109794NASCIMENTOR,2025-03-29,109643,1,20,0,796.0
10109794NASCIMENTOR_2025-03-29_G10,10109794NASCIMENTOR,2025-03-29,117808,1,203,0,471.0
10109794NASCIMENTOR_2025-03-29_G11,10109794NASCIMENTOR,2025-03-29,110375,1,20,0,1293.0
10109794NASCIMENTOR_2025-03-29_G12,10109794NASCIMENTOR,2025-03-29,110325,1,1,0,201.0
10109794NASCIMENTOR_2025-03-29_G14,10109794NASCIMENTOR,2025-03-29,117785,2,20,9,240.0
10109794NASCIMENTOR_2025-03-29_G15,10109794NASCIMENTOR,2025-03-29,111467,1,10,0,339.0
10109794NASCIMENTOR_2025-03-29_G16,10109794NASCIMENTOR,2025-03-29,111530,1,40,0,448.0
10109794NASCIMENTOR_2025-03-29_G17,10109794NASCIMENTOR,2025-03-29,111530,1,20,0,35.0
10109794NASCIMENTOR_2025-03-29_G18,10109794NASCIMENTOR,2025-03-29,111530,2,40,18,63.0
10109794NASCIMENTOR_2025-03-29_G19,10109794NASCIMENTOR,2025-03-29,109640,1,20,0,739.0
10109794NASCIMENTOR_2025-03-29_G20,10109794NASCIMENTOR,2025-03-29,110711,1,50,0,522.0
10109794NASCIMENTOR_2025-03-29_G21,10109794NASCIMENTOR,2025-03-29,110841,1,10,0,2459.0
10109794NASCIMENTOR_2025-03-29_G22,10109794NASCIMENTOR,2025-03-29,118418,1,4,0,215.0
10109794NASCIMENTOR_2025-03-29_G23,10109794NASCIMENTOR,2025-03-29,100334,1,4,0,160.0
10109794NASCIMENTOR_2025-03-29_G24,10109794NASCIMENTOR,2025-03-29,110354,1,2,0,162.0
10109794NASCIMENTOR_2025-03-29_G25,10109794NASCIMENTOR,2025-03-29,110895,1,10,0,635.0
10109794NASCIMENTOR_2025-03-29_G26,10109794NASCIMENTOR,2025-03-29,111775,1,1,0,330.0
10109794NASCIMENTOR_2025-03-29_G27,10109794NASCIMENTOR,2025-03-29,111850,1,10,0,608.0
10109794NASCIMENTOR_2025-03-29_G28,10109794NASCIMENTOR,2025-03-29,110030,1,1,0,289.0
10109794NASCIMENTOR_2025-03-29_G29,10109794NASCIMENTOR,2025-03-29,110787,1,3,0,1792.0
10109794NASCIMENTOR_2025-03-29_G30,10109794NASCIMENTOR,2025-03-29,110787,1,21,0,129.0
10109794NASCIMENTOR_2025-03-29_G31,10109794NASCIMENTOR,2025-03-29,110787,1,20,0,41.0
10109794NASCIMENTOR_2025-03-29_G32,10109794NASCIMENTOR,2025-03-29,117821,2,12,12,318.0
10109794NASCIMENTOR_2025-03-29_G33,10109794NASCIMENTOR,2025-03-29,117785,5,76,62,159.0
10109794NASCIMENTOR_2025-03-30_G02,10109794NASCIMENTOR,2025-03-30,110733,1,2,0,115.0
10109794NASCIMENTOR_2025-03-30_G03,10109794NASCIMENTOR,2025-03-30,111467,1,3,0,231.0
10109794NASCIMENTOR_2025-03-30_G04,10109794NASCIMENTOR,2025-03-30,109640,1,4,0,107.0
10109794NASCIMENTOR_2025-03-30_G05,10109794NASCIMENTOR,2025-03-30,111418,1,4,0,588.0
10109794NASCIMENTOR_2025-03-30_G06,10109794NASCIMENTOR,2025-03-30,117838,1,4,0,148.0
10109794NASCIMENTOR_2025-03-30_G07,10109794NASCIMENTOR,2025-03-30,160054,1,2,0,353.0
10109794NASCIMENTOR_2025-03-31_G02,10109794NASCIMENTOR,2025-03-31,100334,1,2,0,277.0
10109794NASCIMENTOR_2025-03-31_G03,10109794NASCIMENTOR,2025-03-31,"111439, 111463",2,11,21,751.0
10109794NASCIMENTOR_2025-03-31_G04,10109794NASCIMENTOR,2025-03-31,117808,1,40,0,744.0
10109794NASCIMENTOR_2025-03-31_G05,10109794NASCIMENTOR,2025-03-31,117830,1,40,0,528.0
10109794NASCIMENTOR_2025-03-31_G06,10109794NASCIMENTOR,2025-03-31,117820,1,40,0,727.0
10109794NASCIMENTOR_2025-03-31_G07,10109794NASCIMENTOR,2025-03-31,117832,1,10,0,299.0
10109794NASCIMENTOR_2025-03-31_G08,10109794NASCIMENTOR,2025-03-31,110373,1,40,0,364.0
10109794NASCIMENTOR_2025-03-31_G09,10109794NASCIMENTOR,2025-03-31,110372,1,40,0,1053.0
10109794NASCIMENTOR_2025-03-31_G10,10109794NASCIMENTOR,2025-03-31,110375,1,12,0,162.0
10109794NASCIMENTOR_2025-03-31_G11,10109794NASCIMENTOR,2025-03-31,109747,1,30,0,355.0
10109794NASCIMENTOR_2025-03-31_G12,10109794NASCIMENTOR,2025-03-31,110325,1,12,0,1018.0
10109794NASCIMENTOR_2025-03-31_G13,10109794NASCIMENTOR,2025-03-31,109933,1,2,0,409.0
10109794NASCIMENTOR_2025-03-31_G15,10109794NASCIMENTOR,2025-03-31,100334,1,4,0,421.0
10109794NASCIMENTOR_2025-03-31_G16,10109794NASCIMENTOR,2025-03-31,111466,1,40,0,1905.0
10109794NASCIMENTOR_2025-03-31_G17,10109794NASCIMENTOR,2025-03-31,108736,1,20,0,301.0
10109794NASCIMENTOR_2025-03-31_G18,10109794NASCIMENTOR,2025-03-31,111330,1,6,0,468.0
10109794NASCIMENTOR_2025-03-31_G19,10109794NASCIMENTOR,2025-03-31,111418,1,40,0,1180.0
10109794NASCIMENTOR_2025-03-31_G20,10109794NASCIMENTOR,2025-03-31,111465,1,12,0,300.0
10109794NASCIMENTOR_2025-03-31_G21,10109794NASCIMENTOR,2025-03-31,141047,1,8,0,997.0
10109794NASCIMENTOR_2025-03-31_G22,10109794NASCIMENTOR,2025-03-31,107629,1,20,0,441.0
10109794NASCIMENTOR_2025-03-31_G23,10109794NASCIMENTOR,2025-03-31,110733,1,20,0,422.0
10109794NASCIMENTOR_2025-03-31_G24,10109794NASCIMENTOR,2025-03-31,110752,1,20,0,485.0
10109794NASCIMENTOR_2025-03-31_G25,10109794NASCIMENTOR,2025-03-31,111467,1,20,0,463.0
10109794NASCIMENTOR_2025-03-31_G26,10109794NASCIMENTOR,2025-03-31,117786,1,20,0,166.0
10109794NASCIMENTOR_2025-03-31_G27,10109794NASCIMENTOR,2025-03-31,111602,1,60,0,621.0
10109794NASCIMENTOR_2025-03-31_G28,10109794NASCIMENTOR,2025-03-31,111530,1,12,0,549.0
10109794NASCIMENTOR_2025-03-31_G29,10109794NASCIMENTOR,2025-03-31,110515,2,35,7,341.0
10109794NASCIMENTOR_2025-03-31_G30,10109794NASCIMENTOR,2025-03-31,105744,1,1,0,121.0
10109794NASCIMENTOR_2025-03-31_G31,10109794NASCIMENTOR,2025-03-31,117785,1,50,0,801.0
10109794NASCIMENTOR_2025-04-04_G02,10109794NASCIMENTOR,2025-04-04,111443,1,6,0,475.0
10109794NASCIMENTOR_2025-04-04_G03,10109794NASCIMENTOR,2025-04-04,111443,1,120,0,956.0
10109794NASCIMENTOR_2025-04-04_G04,10109794NASCIMENTOR,2025-04-04,110373,1,50,0,1335.0
10109794NASCIMENTOR_2025-04-04_G06,10109794NASCIMENTOR,2025-04-04,110755,2,16,16,2547.0
10109794NASCIMENTOR_2025-04-04_G07,10109794NASCIMENTOR,2025-04-04,111430,1,4,0,584.0
10109794NASCIMENTOR_2025-04-04_G08,10109794NASCIMENTOR,2025-04-04,118222,1,6,0,386.0
10109794NASCIMENTOR_2025-04-04_G09,10109794NASCIMENTOR,2025-04-04,118306,1,6,0,241.0
10109794NASCIMENTOR_2025-04-04_G10,10109794NASCIMENTOR,2025-04-04,117837,1,6,0,2044.0
10109794NASCIMENTOR_2025-04-04_G11,10109794NASCIMENTOR,2025-04-04,111602,1,4,0,327.0
10109794NASCIMENTOR_2025-04-04_G12,10109794NASCIMENTOR,2025-04-04,110515,1,6,0,193.0
10109794NASCIMENTOR_2025-04-04_G13,10109794NASCIMENTOR,2025-04-04,111530,1,6,0,75.0
10109794NASCIMENTOR_2025-04-04_G14,10109794NASCIMENTOR,2025-04-04,109640,1,4,0,139.0
10109794NASCIMENTOR_2025-04-04_G15,10109794NASCIMENTOR,2025-04-04,111330,1,4,0,785.0
10109794NASCIMENTOR_2025-04-04_G16,10109794NASCIMENTOR,2025-04-04,118140,1,16,0,411.0
10109794NASCIMENTOR_2025-04-04_G18,10109794NASCIMENTOR,2025-04-04,118222,1,4,0,1939.0
10109794NASCIMENTOR_2025-04-04_G19,10109794NASCIMENTOR,2025-04-04,111438,1,3,0,149.0
10109794NASCIMENTOR_2025-04-05_G02,10109794NASCIMENTOR,2025-04-05,111532,1,1,0,188.0
10109794NASCIMENTOR_2025-04-05_G03,10109794NASCIMENTOR,2025-04-05,118222,1,4,0,932.0
10109794NASCIMENTOR_2025-04-05_G04,10109794NASCIMENTOR,2025-04-05,111602,1,3,0,170.0
10109794NASCIMENTOR_2025-04-05_G05,10109794NASCIMENTOR,2025-04-05,110515,1,3,0,160.0
10109794NASCIMENTOR_2025-04-05_G06,10109794NASCIMENTOR,2025-04-05,110740,1,2,0,191.0
10109794NASCIMENTOR_2025-04-05_G07,10109794NASCIMENTOR,2025-04-05,111532,1,7,0,215.0
10109794NASCIMENTOR_2025-04-05_G08,10109794NASCIMENTOR,2025-04-05,111441,1,4,0,708.0
10109794NASCIMENTOR_2025-04-05_G09,10109794NASCIMENTOR,2025-04-05,111602,1,1,0,309.0
10109794NASCIMENTOR_2025-04-05_G10,10109794NASCIMENTOR,2025-04-05,109643,1,1,0,160.0
10109794NASCIMENTOR_2025-04-05_G11,10109794NASCIMENTOR,2025-04-05,111441,1,4,0,1456.0
10109794NASCIMENTOR_2025-04-05_G12,10109794NASCIMENTOR,2025-04-05,111602,1,2,0,168.0
10109794NASCIMENTOR_2025-04-05_G13,10109794NASCIMENTOR,2025-04-05,110515,1,2,0,110.0
10109794NASCIMENTOR_2025-04-05_G14,10109794NASCIMENTOR,2025-04-05,140922,1,2,0,163.0
10109794NASCIMENTOR_2025-04-05_G15,10109794NASCIMENTOR,2025-04-05,111532,1,1,0,238.0
10109794NASCIMENTOR_2025-04-05_G16,10109794NASCIMENTOR,2025-04-05,111532,1,2,0,817.0
10109794NASCIMENTOR_2025-04-05_G17,10109794NASCIMENTOR,2025-04-05,109645,1,1,0,85.0
10109794NASCIMENTOR_2025-04-05_G18,10109794NASCIMENTOR,2025-04-05,109643,1,3,0,135.0
10109794NASCIMENTOR_2025-04-05_G20,10109794NASCIMENTOR,2025-04-05,118222,1,4,0,136.0
10109794NASCIMENTOR_2025-04-05_G21,10109794NASCIMENTOR,2025-04-05,111532,1,2,0,497.0
10109794NASCIMENTOR_2025-04-05_G22,10109794NASCIMENTOR,2025-04-05,111602,1,3,0,126.0
10109794NASCIMENTOR_2025-04-05_G23,10109794NASCIMENTOR,2025-04-05,118290,1,1,0,442.0
10109794NASCIMENTOR_2025-04-05_G24,10109794NASCIMENTOR,2025-04-05,111598,1,3,0,532.0
10109794NASCIMENTOR_2025-04-05_G25,10109794NASCIMENTOR,2025-04-05,118222,1,4,0,198.0
10109794NASCIMENTOR_2025-04-05_G26,10109794NASCIMENTOR,2025-04-05,111438,1,4,0,295.0
10109794NASCIMENTOR_2025-04-05_G27,10109794NASCIMENTOR,2025-04-05,110339,1,4,0,450.0
10109794NASCIMENTOR_2025-04-05_G28,10109794NASCIMENTOR,2025-04-05,117855,1,4,0,206.0
10109794NASCIMENTOR_2025-04-05_G29,10109794NASCIMENTOR,2025-04-05,118317,1,8,0,1279.0
10109794NASCIMENTOR_2025-04-05_G30,10109794NASCIMENTOR,2025-04-05,118222,1,8,0,341.0
10109794NASCIMENTOR_2025-04-05_G31,10109794NASCIMENTOR,2025-04-05,111463,1,3,0,190.0
10109794NASCIMENTOR_2025-04-05_G32,10109794NASCIMENTOR,2025-04-05,117855,1,7,0,133.0
10109794NASCIMENTOR_2025-04-05_G33,10109794NASCIMENTOR,2025-04-05,108794,1,8,0,626.0
10109794NASCIMENTOR_2025-04-05_G34,10109794NASCIMENTOR,2025-04-05,118140,1,20,0,856.0
10109794NASCIMENTOR_2025-04-05_G35,10109794NASCIMENTOR,2025-04-05,111602,1,32,0,401.0
10109794NASCIMENTOR_2025-04-05_G36,10109794NASCIMENTOR,2025-04-05,110711,1,2,0,159.0
10109794NASCIMENTOR_2025-04-05_G37,10109794NASCIMENTOR,2025-04-05,110733,1,16,0,587.0
10109794NASCIMENTOR_2025-04-06_G02,10109794NASCIMENTOR,2025-04-06,118299,1,12,0,172.0
10109794NASCIMENTOR_2025-04-06_G03,10109794NASCIMENTOR,2025-04-06,117820,1,26,0,263.0
10109794NASCIMENTOR_2025-04-06_G04,10109794NASCIMENTOR,2025-04-06,117820,1,4,0,337.0
10109794NASCIMENTOR_2025-04-06_G05,10109794NASCIMENTOR,2025-04-06,110740,2,16,19,431.0
10109794NASCIMENTOR_2025-04-06_G06,10109794NASCIMENTOR,2025-04-06,111469,2,10,16,211.0
10109794NASCIMENTOR_2025-04-06_G07,10109794NASCIMENTOR,2025-04-06,140922,2,16,9,592.0
10109794NASCIMENTOR_2025-04-06_G08,10109794NASCIMENTOR,2025-04-06,140922,2,12,17,35.0
10109794NASCIMENTOR_2025-04-06_G09,10109794NASCIMENTOR,2025-04-06,111466,1,4,0,195.0
10109794NASCIMENTOR_2025-04-06_G10,10109794NASCIMENTOR,2025-04-06,109641,1,20,0,294.0
10109794NASCIMENTOR_2025-04-06_G11,10109794NASCIMENTOR,2025-04-06,117785,2,8,9,204.0
10109794NASCIMENTOR_2025-04-06_G12,10109794NASCIMENTOR,2025-04-06,111465,1,8,0,296.0
10109794NASCIMENTOR_2025-04-06_G13,10109794NASCIMENTOR,2025-04-06,109641,1,4,0,158.0
10109794NASCIMENTOR_2025-04-07_G02,10109794NASCIMENTOR,2025-04-07,109643,1,10,0,395.0
10109794NASCIMENTOR_2025-04-07_G03,10109794NASCIMENTOR,2025-04-07,117820,5,18,34,207.0
10109794NASCIMENTOR_2025-04-07_G04,10109794NASCIMENTOR,2025-04-07,100334,1,4,0,799.0
10109794NASCIMENTOR_2025-04-07_G05,10109794NASCIMENTOR,2025-04-07,107629,1,2,0,151.0
10109794NASCIMENTOR_2025-04-07_G06,10109794NASCIMENTOR,2025-04-07,111467,1,12,0,211.0
10109794NASCIMENTOR_2025-04-07_G07,10109794NASCIMENTOR,2025-04-07,111442,1,8,0,800.0
10109794NASCIMENTOR_2025-04-07_G08,10109794NASCIMENTOR,2025-04-07,140922,1,4,0,421.0
10109794NASCIMENTOR_2025-04-07_G09,10109794NASCIMENTOR,2025-04-07,109641,1,12,0,166.0
10109794NASCIMENTOR_2025-04-07_G10,10109794NASCIMENTOR,2025-04-07,117820,1,8,0,533.0
10109794NASCIMENTOR_2025-04-07_G11,10109794NASCIMENTOR,2025-04-07,117808,1,30,0,576.0
10109794NASCIMENTOR_2025-04-07_G12,10109794NASCIMENTOR,2025-04-07,118299,1,30,0,759.0
10109794NASCIMENTOR_2025-04-07_G13,10109794NASCIMENTOR,2025-04-07,110313,1,4,0,521.0
10109794NASCIMENTOR_2025-04-07_G14,10109794NASCIMENTOR,2025-04-07,111469,1,4,0,73.0
10109794NASCIMENTOR_2025-04-07_G15,10109794NASCIMENTOR,2025-04-07,118140,1,4,0,119.0
10109794NASCIMENTOR_2025-04-07_G16,10109794NASCIMENTOR,2025-04-07,110313,1,4,0,210.0
10109794NASCIMENTOR_2025-04-07_G17,10109794NASCIMENTOR,2025-04-07,110711,1,20,0,351.0
10109794NASCIMENTOR_2025-04-07_G19,10109794NASCIMENTOR,2025-04-07,108795,1,9,0,354.0
10109794NASCIMENTOR_2025-04-07_G20,10109794NASCIMENTOR,2025-04-07,140922,1,4,0,486.0
10109794NASCIMENTOR_2025-04-07_G21,10109794NASCIMENTOR,2025-04-07,111743,1,10,0,144.0
10109794NASCIMENTOR_2025-04-07_G22,10109794NASCIMENTOR,2025-04-07,108711,1,28,0,357.0
10109794NASCIMENTOR_2025-04-07_G23,10109794NASCIMENTOR,2025-04-07,117832,1,12,0,361.0
10109794NASCIMENTOR_2025-04-07_G24,10109794NASCIMENTOR,2025-04-07,140911,2,16,12,578.0
10109794NASCIMENTOR_2025-04-07_G25,10109794NASCIMENTOR,2025-04-07,110372,1,20,0,789.0
10109794NASCIMENTOR_2025-04-07_G26,10109794NASCIMENTOR,2025-04-07,110373,1,8,0,487.0
10109794NASCIMENTOR_2025-04-07_G27,10109794NASCIMENTOR,2025-04-07,110895,1,3,0,967.0
10109794NASCIMENTOR_2025-04-07_G28,10109794NASCIMENTOR,2025-04-07,110313,1,21,0,538.0
10109794NASCIMENTOR_2025-04-07_G29,10109794NASCIMENTOR,2025-04-07,110733,1,6,0,438.0
10109794NASCIMENTOR_2025-04-07_G30,10109794NASCIMENTOR,2025-04-07,110711,1,2,0,174.0
10109794NASCIMENTOR_2025-04-07_G31,10109794NASCIMENTOR,2025-04-07,111743,1,6,0,203.0
10109794NASCIMENTOR_2025-04-07_G32,10109794NASCIMENTOR,2025-04-07,118140,1,6,0,470.0
10109794NASCIMENTOR_2025-04-07_G33,10109794NASCIMENTOR,2025-04-07,108795,1,8,0,431.0
10109794NASCIMENTOR_2025-04-07_G35,10109794NASCIMENTOR,2025-04-07,110742,1,6,0,178.0
10109794NASCIMENTOR_2025-04-07_G36,10109794NASCIMENTOR,2025-04-07,110339,1,3,0,463.0
10109794NASCIMENTOR_2025-04-08_G02,10109794NASCIMENTOR,2025-04-08,117855,1,4,0,275.0
10109794NASCIMENTOR_2025-04-08_G03,10109794NASCIMENTOR,2025-04-08,111602,1,5,0,282.0
10109794NASCIMENTOR_2025-04-08_G04,10109794NASCIMENTOR,2025-04-08,110515,1,1,0,267.0
10109794NASCIMENTOR_2025-04-08_G05,10109794NASCIMENTOR,2025-04-08,"109640, 110752",2,4,24,218.0
10109794NASCIMENTOR_2025-04-08_G06,10109794NASCIMENTOR,2025-04-08,107236,1,2,0,936.0
10109794NASCIMENTOR_2025-04-08_G07,10109794NASCIMENTOR,2025-04-08,111469,1,7,0,240.0
10109794NASCIMENTOR_2025-04-08_G08,10109794NASCIMENTOR,2025-04-08,111418,1,8,0,374.0
10109794NASCIMENTOR_2025-04-08_G09,10109794NASCIMENTOR,2025-04-08,140922,1,4,0,152.0
10109794NASCIMENTOR_2025-04-08_G10,10109794NASCIMENTOR,2025-04-08,108711,1,2,0,237.0
10109794NASCIMENTOR_2025-04-08_G11,10109794NASCIMENTOR,2025-04-08,"110787, 116241",2,8,22,129.0
10109794NASCIMENTOR_2025-04-08_G12,10109794NASCIMENTOR,2025-04-08,110376,1,2,0,165.0
10109794NASCIMENTOR_2025-04-08_G13,10109794NASCIMENTOR,2025-04-08,110371,1,2,0,178.0
10109794NASCIMENTOR_2025-04-08_G14,10109794NASCIMENTOR,2025-04-08,117808,1,4,0,223.0
10109794NASCIMENTOR_2025-04-08_G15,10109794NASCIMENTOR,2025-04-08,110375,1,4,0,402.0
10109794NASCIMENTOR_2025-04-08_G16,10109794NASCIMENTOR,2025-04-08,110372,1,10,0,177.0
10109794NASCIMENTOR_2025-04-08_G17,10109794NASCIMENTOR,2025-04-08,110373,1,8,0,107.0
10109794NASCIMENTOR_2025-04-08_G18,10109794NASCIMENTOR,2025-04-08,108759,1,2,0,453.0
10109794NASCIMENTOR_2025-04-08_G19,10109794NASCIMENTOR,2025-04-08,109645,1,2,0,327.0
10109794NASCIMENTOR_2025-04-08_G20,10109794NASCIMENTOR,2025-04-08,111462,1,4,0,501.0
10109794NASCIMENTOR_2025-04-08_G21,10109794NASCIMENTOR,2025-04-08,111441,1,10,0,282.0
10109794NASCIMENTOR_2025-04-08_G22,10109794NASCIMENTOR,2025-04-08,117853,1,10,0,628.0
10109794NASCIMENTOR_2025-04-08_G24,10109794NASCIMENTOR,2025-04-08,110895,1,2,0,349.0
10109794NASCIMENTOR_2025-04-08_G25,10109794NASCIMENTOR,2025-04-08,118140,1,12,0,525.0
10109794NASCIMENTOR_2025-04-08_G26,10109794NASCIMENTOR,2025-04-08,108794,1,1,0,222.0
10109794NASCIMENTOR_2025-04-08_G27,10109794NASCIMENTOR,2025-04-08,111441,1,6,0,1166.0
10109794NASCIMENTOR_2025-04-08_G28,10109794NASCIMENTOR,2025-04-08,110742,1,8,0,628.0
10109794NASCIMENTOR_2025-04-08_G29,10109794NASCIMENTOR,2025-04-08,111438,1,4,0,331.0
10109794NASCIMENTOR_2025-04-08_G30,10109794NASCIMENTOR,2025-04-08,110895,1,6,0,697.0
10109794NASCIMENTOR_2025-04-08_G31,10109794NASCIMENTOR,2025-04-08,111569,1,9,0,231.0
10109794NASCIMENTOR_2025-04-08_G32,10109794NASCIMENTOR,2025-04-08,110755,1,4,0,126.0
10109794NASCIMENTOR_2025-04-08_G33,10109794NASCIMENTOR,2025-04-08,110376,1,4,0,369.0
10109794NASCIMENTOR_2025-04-08_G34,10109794NASCIMENTOR,2025-04-08,117809,1,31,0,332.0
10109794NASCIMENTOR_2025-04-08_G35,10109794NASCIMENTOR,2025-04-08,109643,1,11,0,446.0
10109794NASCIMENTOR_2025-04-08_G36,10109794NASCIMENTOR,2025-04-08,110371,1,20,0,139.0
10109794NASCIMENTOR_2025-04-08_G37,10109794NASCIMENTOR,2025-04-08,110371,1,20,0,36.0
10109794NASCIMENTOR_2025-04-08_G38,10109794NASCIMENTOR,2025-04-08,117820,1,20,0,273.0
10109794NASCIMENTOR_2025-04-08_G39,10109794NASCIMENTOR,2025-04-08,117820,1,20,0,196.0
10109794NASCIMENTOR_2025-04-08_G40,10109794NASCIMENTOR,2025-04-08,117832,1,19,0,542.0
10109794NASCIMENTOR_2025-04-08_G41,10109794NASCIMENTOR,2025-04-08,110372,1,50,0,380.0
10109794NASCIMENTOR_2025-04-09_G02,10109794NASCIMENTOR,2025-04-09,117787,1,451,0,2549.0
10109794NASCIMENTOR_2025-04-09_G03,10109794NASCIMENTOR,2025-04-09,111437,1,56,0,1399.0
10109794NASCIMENTOR_2025-04-09_G04,10109794NASCIMENTOR,2025-04-09,107629,1,247,0,2512.0
10109794NASCIMENTOR_2025-04-09_G06,10109794NASCIMENTOR,2025-04-09,111759,1,10,0,898.0
10109794NASCIMENTOR_2025-04-09_G07,10109794NASCIMENTOR,2025-04-09,140922,1,260,0,2816.0
10109794NASCIMENTOR_2025-04-09_G08,10109794NASCIMENTOR,2025-04-09,117809,1,20,0,762.0
10109794NASCIMENTOR_2025-04-09_G09,10109794NASCIMENTOR,2025-04-09,110372,1,130,0,1648.0
10109794NASCIMENTOR_2025-04-09_G10,10109794NASCIMENTOR,2025-04-09,117787,1,123,0,888.0
10109794NASCIMENTOR_2025-04-09_G12,10109794NASCIMENTOR,2025-04-09,108961,1,6,0,313.0
10109794NASCIMENTOR_2025-04-09_G13,10109794NASCIMENTOR,2025-04-09,110752,1,10,0,147.0
10109794NASCIMENTOR_2025-04-09_G14,10109794NASCIMENTOR,2025-04-09,109645,1,7,0,613.0
10109794NASCIMENTOR_2025-04-09_G15,10109794NASCIMENTOR,2025-04-09,117838,1,20,0,476.0
10109794NASCIMENTOR_2025-04-09_G16,10109794NASCIMENTOR,2025-04-09,117787,1,57,0,529.0
10109794NASCIMENTOR_2025-04-09_G17,10109794NASCIMENTOR,2025-04-09,118317,1,30,0,451.0
10109794NASCIMENTOR_2025-04-09_G18,10109794NASCIMENTOR,2025-04-09,117785,1,5,0,513.0
10109794NASCIMENTOR_2025-04-10_G02,10109794NASCIMENTOR,2025-04-10,109645,1,42,0,969.0
10109794NASCIMENTOR_2025-04-10_G04,10109794NASCIMENTOR,2025-04-10,110745,1,8,0,671.0
10109794NASCIMENTOR_2025-04-10_G05,10109794NASCIMENTOR,2025-04-10,110787,1,2,0,111.0
10109794NASCIMENTOR_2025-04-10_G07,10109794NASCIMENTOR,2025-04-10,"117831, 118299, 110755, 111469",4,93,58,69.0
10109794NASCIMENTOR_2025-04-10_G08,10109794NASCIMENTOR,2025-04-10,"118004, 118140",2,46,16,122.0
10109794NASCIMENTOR_2025-04-10_G09,10109794NASCIMENTOR,2025-04-10,111348,1,2,0,33.0
10109794NASCIMENTOR_2025-04-10_G10,10109794NASCIMENTOR,2025-04-10,117821,1,11,0,49.0
10109794NASCIMENTOR_2025-04-10_G11,10109794NASCIMENTOR,2025-04-10,111462,1,24,0,459.0
10109794NASCIMENTOR_2025-04-10_G13,10109794NASCIMENTOR,2025-04-10,111120,1,4,0,284.0
10109794NASCIMENTOR_2025-04-10_G14,10109794NASCIMENTOR,2025-04-10,110112,1,4,0,106.0
10109794NASCIMENTOR_2025-04-10_G15,10109794NASCIMENTOR,2025-04-10,110579,1,8,0,213.0
10109794NASCIMENTOR_2025-04-10_G16,10109794NASCIMENTOR,2025-04-10,111602,1,4,0,672.0
10109794NASCIMENTOR_2025-04-10_G17,10109794NASCIMENTOR,2025-04-10,141313,1,5,0,254.0
10109794NASCIMENTOR_2025-04-10_G18,10109794NASCIMENTOR,2025-04-10,118417,1,1,0,473.0
10109794NASCIMENTOR_2025-04-10_G19,10109794NASCIMENTOR,2025-04-10,111743,1,10,0,237.0
10109794NASCIMENTOR_2025-04-10_G20,10109794NASCIMENTOR,2025-04-10,118299,1,10,0,221.0
10109794NASCIMENTOR_2025-04-10_G21,10109794NASCIMENTOR,2025-04-10,107830,1,2,0,123.0
10109794NASCIMENTOR_2025-04-10_G22,10109794NASCIMENTOR,2025-04-10,110375,1,8,0,200.0
10109794NASCIMENTOR_2025-04-10_G23,10109794NASCIMENTOR,2025-04-10,110374,1,8,0,163.0
10109794NASCIMENTOR_2025-04-11_G02,10109794NASCIMENTOR,2025-04-11,110313,1,4,0,201.0
10109794NASCIMENTOR_2025-04-11_G03,10109794NASCIMENTOR,2025-04-11,110733,1,4,0,100.0
10109794NASCIMENTOR_2025-04-11_G04,10109794NASCIMENTOR,2025-04-11,117935,1,3,0,150.0
10109794NASCIMENTOR_2025-04-11_G05,10109794NASCIMENTOR,2025-04-11,118004,1,8,0,1255.0
10109794NASCIMENTOR_2025-04-11_G06,10109794NASCIMENTOR,2025-04-11,141313,1,4,0,152.0
10109794NASCIMENTOR_2025-04-11_G07,10109794NASCIMENTOR,2025-04-11,140911,1,8,0,236.0
10109794NASCIMENTOR_2025-04-11_G08,10109794NASCIMENTOR,2025-04-11,117786,1,1,0,447.0
10109794NASCIMENTOR_2025-04-11_G09,10109794NASCIMENTOR,2025-04-11,111418,1,1,0,131.0
10109794NASCIMENTOR_2025-04-11_G10,10109794NASCIMENTOR,2025-04-11,118004,1,2,0,58.0
10109794NASCIMENTOR_2025-04-11_G11,10109794NASCIMENTOR,2025-04-11,118140,1,4,0,60.0
10109794NASCIMENTOR_2025-04-11_G12,10109794NASCIMENTOR,2025-04-11,111466,1,2,0,55.0
10109794NASCIMENTOR_2025-04-11_G13,10109794NASCIMENTOR,2025-04-11,110787,1,5,0,125.0
10109794NASCIMENTOR_2025-04-11_G14,10109794NASCIMENTOR,2025-04-11,110372,1,2,0,154.0
10109794NASCIMENTOR_2025-04-11_G15,10109794NASCIMENTOR,2025-04-11,118299,1,2,0,74.0
10109794NASCIMENTOR_2025-04-11_G16,10109794NASCIMENTOR,2025-04-11,107830,1,4,0,247.0
10109794NASCIMENTOR_2025-04-11_G17,10109794NASCIMENTOR,2025-04-11,110371,1,6,0,99.0
10109794NASCIMENTOR_2025-04-11_G18,10109794NASCIMENTOR,2025-04-11,117830,1,3,0,102.0
10109794NASCIMENTOR_2025-04-11_G19,10109794NASCIMENTOR,2025-04-11,117808,1,3,0,98.0
10109794NASCIMENTOR_2025-04-11_G20,10109794NASCIMENTOR,2025-04-11,117832,1,2,0,73.0
10109794NASCIMENTOR_2025-04-11_G21,10109794NASCIMENTOR,2025-04-11,110373,1,4,0,168.0
10109794NASCIMENTOR_2025-04-11_G22,10109794NASCIMENTOR,2025-04-11,110752,1,2,0,331.0
10109794NASCIMENTOR_2025-04-11_G23,10109794NASCIMENTOR,2025-04-11,117786,1,5,0,70.0
10109794NASCIMENTOR_2025-04-11_G24,10109794NASCIMENTOR,2025-04-11,111462,1,3,0,237.0
10109794NASCIMENTOR_2025-04-11_G25,10109794NASCIMENTOR,2025-04-11,111418,1,1,0,67.0
10109794NASCIMENTOR_2025-04-11_G26,10109794NASCIMENTOR,2025-04-11,118004,1,2,0,46.0
10109794NASCIMENTOR_2025-04-11_G27,10109794NASCIMENTOR,2025-04-11,111468,1,5,0,99.0
10109794NASCIMENTOR_2025-04-11_G28,10109794NASCIMENTOR,2025-04-11,108794,1,5,0,165.0
10109794NASCIMENTOR_2025-04-11_G29,10109794NASCIMENTOR,2025-04-11,110787,1,2,0,302.0
10109794NASCIMENTOR_2025-04-11_G30,10109794NASCIMENTOR,2025-04-11,110372,1,12,0,320.0
10109794NASCIMENTOR_2025-04-11_G32,10109794NASCIMENTOR,2025-04-11,117832,1,5,0,178.0
10109794NASCIMENTOR_2025-04-11_G33,10109794NASCIMENTOR,2025-04-11,111602,1,12,0,1117.0
10109794NASCIMENTOR_2025-04-11_G34,10109794NASCIMENTOR,2025-04-11,111467,1,5,0,349.0
10109794NASCIMENTOR_2025-04-11_G35,10109794NASCIMENTOR,2025-04-11,111418,1,1,0,109.0
10109794NASCIMENTOR_2025-04-11_G36,10109794NASCIMENTOR,2025-04-11,111466,1,1,0,87.0
10109794NASCIMENTOR_2025-04-11_G37,10109794NASCIMENTOR,2025-04-11,117785,1,4,0,176.0
10109794NASCIMENTOR_2025-04-11_G38,10109794NASCIMENTOR,2025-04-11,118317,1,8,0,146.0
10109794NASCIMENTOR_2025-04-11_G39,10109794NASCIMENTOR,2025-04-11,111438,1,8,0,1620.0
10109794NASCIMENTOR_2025-04-11_G40,10109794NASCIMENTOR,2025-04-11,100334,1,3,0,177.0
10109794NASCIMENTOR_2025-04-11_G41,10109794NASCIMENTOR,2025-04-11,110325,1,10,0,400.0
10109794NASCIMENTOR_2025-04-11_G42,10109794NASCIMENTOR,2025-04-11,110374,1,10,0,240.0
10109794NASCIMENTOR_2025-04-11_G44,10109794NASCIMENTOR,2025-04-11,117830,1,20,0,303.0
10109794NASCIMENTOR_2025-04-11_G45,10109794NASCIMENTOR,2025-04-11,110373,1,70,0,612.0
10109794NASCIMENTOR_2025-04-11_G46,10109794NASCIMENTOR,2025-04-11,109747,1,8,0,328.0
10109794NASCIMENTOR_2025-04-11_G47,10109794NASCIMENTOR,2025-04-11,117809,1,20,0,372.0
10109794NASCIMENTOR_2025-04-11_G48,10109794NASCIMENTOR,2025-04-11,"117820, 117808",2,210,13,543.0
10109794NASCIMENTOR_2025-04-11_G50,10109794NASCIMENTOR,2025-04-11,111793,1,8,0,651.0
10109794NASCIMENTOR_2025-04-11_G51,10109794NASCIMENTOR,2025-04-11,110681,1,3,0,304.0
10109794NASCIMENTOR_2025-04-11_G52,10109794NASCIMENTOR,2025-04-11,110582,1,16,0,916.0
10109794NASCIMENTOR_2025-04-11_G53,10109794NASCIMENTOR,2025-04-11,114650,1,4,0,609.0
10109794NASCIMENTOR_2025-04-12_G02,10109794NASCIMENTOR,2025-04-12,110454,1,3,0,354.0
10109794NASCIMENTOR_2025-04-12_G03,10109794NASCIMENTOR,2025-04-12,115821,1,3,0,165.0
10109794NASCIMENTOR_2025-04-12_G04,10109794NASCIMENTOR,2025-04-12,111438,1,9,0,389.0
10109794NASCIMENTOR_2025-04-12_G05,10109794NASCIMENTOR,2025-04-12,118290,1,24,0,334.0
10109794NASCIMENTOR_2025-04-12_G06,10109794NASCIMENTOR,2025-04-12,110895,1,30,0,766.0
10109794NASCIMENTOR_2025-04-12_G07,10109794NASCIMENTOR,2025-04-12,114102,1,20,0,295.0
10109794NASCIMENTOR_2025-04-12_G08,10109794NASCIMENTOR,2025-04-12,111110,1,1,0,68.0
10109794NASCIMENTOR_2025-04-12_G09,10109794NASCIMENTOR,2025-04-12,117289,1,4,0,452.0
10109794NASCIMENTOR_2025-04-12_G10,10109794NASCIMENTOR,2025-04-12,110516,1,4,0,216.0
10109794NASCIMENTOR_2025-04-12_G11,10109794NASCIMENTOR,2025-04-12,109974,1,20,0,399.0
10109794NASCIMENTOR_2025-04-12_G12,10109794NASCIMENTOR,2025-04-12,110080,1,4,0,446.0
10109794NASCIMENTOR_2025-04-12_G13,10109794NASCIMENTOR,2025-04-12,111463,1,50,0,1664.0
10109794NASCIMENTOR_2025-04-12_G15,10109794NASCIMENTOR,2025-04-12,111462,1,1300,0,207.0
10109794NASCIMENTOR_2025-04-12_G16,10109794NASCIMENTOR,2025-04-12,111876,1,4,0,1092.0
10109794NASCIMENTOR_2025-04-12_G17,10109794NASCIMENTOR,2025-04-12,109937,1,4,0,160.0
10109794NASCIMENTOR_2025-04-12_G18,10109794NASCIMENTOR,2025-04-12,117808,1,190,0,1305.0
10109794NASCIMENTOR_2025-04-12_G19,10109794NASCIMENTOR,2025-04-12,107830,1,30,0,386.0
10109794NASCIMENTOR_2025-04-12_G20,10109794NASCIMENTOR,2025-04-12,110372,1,24,0,849.0
10109794NASCIMENTOR_2025-04-12_G21,10109794NASCIMENTOR,2025-04-12,110373,1,8,0,277.0
10109794NASCIMENTOR_2025-04-12_G22,10109794NASCIMENTOR,2025-04-12,118299,1,44,0,2114.0
10109794NASCIMENTOR_2025-04-12_G23,10109794NASCIMENTOR,2025-04-12,117862,1,4,0,768.0
10109794NASCIMENTOR_2025-04-12_G24,10109794NASCIMENTOR,2025-04-12,111467,1,3,0,179.0
10109794NASCIMENTOR_2025-04-12_G25,10109794NASCIMENTOR,2025-04-12,110740,1,4,0,151.0
10109794NASCIMENTOR_2025-04-12_G26,10109794NASCIMENTOR,2025-04-12,111469,1,4,0,154.0
10109794NASCIMENTOR_2025-04-12_G27,10109794NASCIMENTOR,2025-04-12,111418,1,2,0,90.0
10109794NASCIMENTOR_2025-04-12_G28,10109794NASCIMENTOR,2025-04-12,111466,1,7,0,91.0
10109794NASCIMENTOR_2025-04-12_G29,10109794NASCIMENTOR,2025-04-12,117833,1,4,0,146.0
10109794NASCIMENTOR_2025-04-12_G30,10109794NASCIMENTOR,2025-04-12,111462,1,4,0,80.0
10109794NASCIMENTOR_2025-04-12_G31,10109794NASCIMENTOR,2025-04-12,105705,1,5,0,131.0
10109794NASCIMENTOR_2025-04-12_G32,10109794NASCIMENTOR,2025-04-12,117808,1,12,0,249.0
10109794NASCIMENTOR_2025-04-12_G33,10109794NASCIMENTOR,2025-04-12,117809,1,15,0,535.0
10109794NASCIMENTOR_2025-04-12_G34,10109794NASCIMENTOR,2025-04-12,110372,1,31,0,201.0
10109794NASCIMENTOR_2025-04-12_G35,10109794NASCIMENTOR,2025-04-12,110373,1,14,0,197.0
10109794NASCIMENTOR_2025-04-12_G36,10109794NASCIMENTOR,2025-04-12,"140911, 141313",2,8,21,503.0
10109794NASCIMENTOR_2025-04-13_G02,10109794NASCIMENTOR,2025-04-13,117856,1,8,0,195.0
10109794NASCIMENTOR_2025-04-13_G03,10109794NASCIMENTOR,2025-04-13,118140,1,7,0,177.0
10109794NASCIMENTOR_2025-04-13_G04,10109794NASCIMENTOR,2025-04-13,111532,1,8,0,161.0
10109794NASCIMENTOR_2025-04-13_G05,10109794NASCIMENTOR,2025-04-13,108794,1,6,0,197.0
10109794NASCIMENTOR_2025-04-13_G06,10109794NASCIMENTOR,2025-04-13,110745,1,2,0,122.0
10109794NASCIMENTOR_2025-04-13_G07,10109794NASCIMENTOR,2025-04-13,111465,1,4,0,110.0
10109794NASCIMENTOR_2025-04-13_G08,10109794NASCIMENTOR,2025-04-13,110373,1,4,0,151.0
10109794NASCIMENTOR_2025-04-13_G09,10109794NASCIMENTOR,2025-04-13,117808,1,10,0,207.0
10109794NASCIMENTOR_2025-04-13_G10,10109794NASCIMENTOR,2025-04-13,117831,1,6,0,589.0
10109794NASCIMENTOR_2025-04-13_G11,10109794NASCIMENTOR,2025-04-13,111418,1,11,0,150.0
10109794NASCIMENTOR_2025-04-13_G12,10109794NASCIMENTOR,2025-04-13,111463,1,16,0,195.0
10109794NASCIMENTOR_2025-04-14_G02,10109794NASCIMENTOR,2025-04-14,111172,1,1,0,228.0
10109794NASCIMENTOR_2025-04-14_G03,10109794NASCIMENTOR,2025-04-14,109645,1,4,0,169.0
10109794NASCIMENTOR_2025-04-14_G04,10109794NASCIMENTOR,2025-04-14,117838,1,2,0,142.0
10109794NASCIMENTOR_2025-04-14_G05,10109794NASCIMENTOR,2025-04-14,118317,1,4,0,133.0
10109794NASCIMENTOR_2025-04-14_G06,10109794NASCIMENTOR,2025-04-14,110787,1,6,0,189.0
10109794NASCIMENTOR_2025-04-14_G07,10109794NASCIMENTOR,2025-04-14,108794,1,4,0,184.0
10109794NASCIMENTOR_2025-04-14_G08,10109794NASCIMENTOR,2025-04-14,111532,1,24,0,704.0
10109794NASCIMENTOR_2025-04-14_G09,10109794NASCIMENTOR,2025-04-14,117785,1,15,0,176.0
10109794NASCIMENTOR_2025-04-14_G10,10109794NASCIMENTOR,2025-04-14,110740,1,4,0,494.0
10109794NASCIMENTOR_2025-04-14_G11,10109794NASCIMENTOR,2025-04-14,110895,1,2,0,527.0
10109794NASCIMENTOR_2025-04-14_G12,10109794NASCIMENTOR,2025-04-14,109974,1,2,0,120.0
10109794NASCIMENTOR_2025-04-14_G13,10109794NASCIMENTOR,2025-04-14,118004,1,1,0,1992.0
10109794NASCIMENTOR_2025-04-14_G14,10109794NASCIMENTOR,2025-04-14,110376,1,3,0,289.0
10109794NASCIMENTOR_2025-04-14_G15,10109794NASCIMENTOR,2025-04-14,117820,1,13,0,207.0
10109794NASCIMENTOR_2025-04-14_G16,10109794NASCIMENTOR,2025-04-14,117808,1,7,0,129.0
10109794NASCIMENTOR_2025-04-14_G17,10109794NASCIMENTOR,2025-04-14,118299,1,27,0,211.0
10109794NASCIMENTOR_2025-04-14_G18,10109794NASCIMENTOR,2025-04-14,107830,1,4,0,175.0
10109794NASCIMENTOR_2025-04-14_G19,10109794NASCIMENTOR,2025-04-14,110372,1,11,0,359.0
10109794NASCIMENTOR_2025-04-14_G20,10109794NASCIMENTOR,2025-04-14,117832,1,4,0,98.0
10109794NASCIMENTOR_2025-04-14_G21,10109794NASCIMENTOR,2025-04-14,110373,1,4,0,162.0
10109794NASCIMENTOR_2025-04-14_G22,10109794NASCIMENTOR,2025-04-14,109747,1,11,0,102.0
10109794NASCIMENTOR_2025-04-14_G24,10109794NASCIMENTOR,2025-04-14,110580,1,2,0,141.0
10109794NASCIMENTOR_2025-04-14_G25,10109794NASCIMENTOR,2025-04-14,110339,1,1,0,174.0
10109794NASCIMENTOR_2025-04-14_G26,10109794NASCIMENTOR,2025-04-14,110313,1,3,0,56.0
10109794NASCIMENTOR_2025-04-14_G27,10109794NASCIMENTOR,2025-04-14,110733,1,6,0,126.0
10109794NASCIMENTOR_2025-04-14_G28,10109794NASCIMENTOR,2025-04-14,118403,1,2,0,103.0
10109794NASCIMENTOR_2025-04-14_G29,10109794NASCIMENTOR,2025-04-14,117861,1,3,0,144.0
10109794NASCIMENTOR_2025-04-14_G30,10109794NASCIMENTOR,2025-04-14,117856,1,8,0,123.0
10109794NASCIMENTOR_2025-04-14_G31,10109794NASCIMENTOR,2025-04-14,111602,1,6,0,165.0
10109794NASCIMENTOR_2025-04-14_G32,10109794NASCIMENTOR,2025-04-14,110711,1,10,0,565.0
10109794NASCIMENTOR_2025-04-14_G33,10109794NASCIMENTOR,2025-04-14,110515,1,9,0,121.0
10109794NASCIMENTOR_2025-04-14_G34,10109794NASCIMENTOR,2025-04-14,117837,1,6,0,96.0
10109794NASCIMENTOR_2025-04-14_G35,10109794NASCIMENTOR,2025-04-14,111467,1,2,0,208.0
10109794NASCIMENTOR_2025-04-14_G36,10109794NASCIMENTOR,2025-04-14,111532,1,20,0,693.0
10109794NASCIMENTOR_2025-04-14_G37,10109794NASCIMENTOR,2025-04-14,103148,1,1,0,152.0
10109794NASCIMENTOR_2025-04-14_G38,10109794NASCIMENTOR,2025-04-14,141035,1,8,0,188.0
10109794NASCIMENTOR_2025-04-14_G39,10109794NASCIMENTOR,2025-04-14,110500,1,4,0,1859.0
10109794NASCIMENTOR_2025-04-14_G40,10109794NASCIMENTOR,2025-04-14,110747,1,12,0,418.0
10109794NASCIMENTOR_2025-04-14_G41,10109794NASCIMENTOR,2025-04-14,117808,1,300,0,430.0
10109794NASCIMENTOR_2025-04-14_G42,10109794NASCIMENTOR,2025-04-14,118299,1,125,0,1689.0
10109794NASCIMENTOR_2025-04-14_G43,10109794NASCIMENTOR,2025-04-14,110742,1,13,0,907.0
10109794NASCIMENTOR_2025-04-14_G45,10109794NASCIMENTOR,2025-04-14,117856,1,8,0,463.0
10109794NASCIMENTOR_2025-04-14_G46,10109794NASCIMENTOR,2025-04-14,111602,1,50,0,836.0
10109794NASCIMENTOR_2025-04-14_G47,10109794NASCIMENTOR,2025-04-14,105705,1,4,0,208.0
10109794NASCIMENTOR_2025-04-14_G48,10109794NASCIMENTOR,2025-04-14,117831,1,10,0,165.0
10109794NASCIMENTOR_2025-04-14_G49,10109794NASCIMENTOR,2025-04-14,111469,1,21,0,387.0
10109794NASCIMENTOR_2025-04-14_G50,10109794NASCIMENTOR,2025-04-14,111418,1,30,0,368.0
10109794NASCIMENTOR_2025-04-14_G51,10109794NASCIMENTOR,2025-04-14,111463,1,20,0,239.0
10109794NASCIMENTOR_2025-04-14_G52,10109794NASCIMENTOR,2025-04-14,111463,1,100,0,95.0
10109794NASCIMENTOR_2025-04-15_G02,10109794NASCIMENTOR,2025-04-15,111532,1,32,0,238.0
10109794NASCIMENTOR_2025-04-15_G03,10109794NASCIMENTOR,2025-04-15,109641,1,4,0,292.0
10109794NASCIMENTOR_2025-04-15_G04,10109794NASCIMENTOR,2025-04-15,111442,1,8,0,180.0
10109794NASCIMENTOR_2025-04-15_G05,10109794NASCIMENTOR,2025-04-15,118317,1,16,0,169.0
10109794NASCIMENTOR_2025-04-15_G06,10109794NASCIMENTOR,2025-04-15,110787,1,16,0,491.0
10109794NASCIMENTOR_2025-04-15_G07,10109794NASCIMENTOR,2025-04-15,111465,1,18,0,282.0
10109794NASCIMENTOR_2025-04-15_G08,10109794NASCIMENTOR,2025-04-15,111462,1,60,0,1140.0
10109794NASCIMENTOR_2025-04-15_G09,10109794NASCIMENTOR,2025-04-15,110740,1,20,0,423.0
10109794NASCIMENTOR_2025-04-15_G10,10109794NASCIMENTOR,2025-04-15,118004,1,20,0,373.0
10109794NASCIMENTOR_2025-04-15_G12,10109794NASCIMENTOR,2025-04-15,117820,1,300,0,913.0
10109794NASCIMENTOR_2025-04-15_G13,10109794NASCIMENTOR,2025-04-15,110374,1,30,0,417.0
10109794NASCIMENTOR_2025-04-15_G14,10109794NASCIMENTOR,2025-04-15,117809,1,12,0,984.0
10109794NASCIMENTOR_2025-04-15_G15,10109794NASCIMENTOR,2025-04-15,118299,1,300,0,1115.0
10109794NASCIMENTOR_2025-04-15_G16,10109794NASCIMENTOR,2025-04-15,110372,1,200,0,972.0
10109794NASCIMENTOR_2025-04-15_G17,10109794NASCIMENTOR,2025-04-15,141047,1,8,0,483.0
10109794NASCIMENTOR_2025-04-15_G18,10109794NASCIMENTOR,2025-04-15,107629,1,12,0,159.0
10109794NASCIMENTOR_2025-04-15_G19,10109794NASCIMENTOR,2025-04-15,110752,1,20,0,473.0
10109794NASCIMENTOR_2025-04-15_G20,10109794NASCIMENTOR,2025-04-15,117786,1,4,0,74.0
10109794NASCIMENTOR_2025-04-15_G21,10109794NASCIMENTOR,2025-04-15,111602,1,100,0,547.0
10109794NASCIMENTOR_2025-04-15_G22,10109794NASCIMENTOR,2025-04-15,110733,1,36,0,1255.0
10109794NASCIMENTOR_2025-04-15_G24,10109794NASCIMENTOR,2025-04-15,110325,1,60,0,511.0
10109794NASCIMENTOR_2025-04-15_G25,10109794NASCIMENTOR,2025-04-15,160054,1,4,0,334.0
10109794NASCIMENTOR_2025-04-15_G26,10109794NASCIMENTOR,2025-04-15,117840,1,12,0,277.0
10109794NASCIMENTOR_2025-04-15_G27,10109794NASCIMENTOR,2025-04-15,110374,1,30,0,636.0
10109794NASCIMENTOR_2025-04-15_G28,10109794NASCIMENTOR,2025-04-15,117809,1,40,0,290.0
10109794NASCIMENTOR_2025-04-15_G29,10109794NASCIMENTOR,2025-04-15,117832,1,20,0,288.0
10109794NASCIMENTOR_2025-04-15_G30,10109794NASCIMENTOR,2025-04-15,117830,1,40,0,302.0
10109794NASCIMENTOR_2025-04-16_G02,10109794NASCIMENTOR,2025-04-16,115209,1,2,0,423.0
10109794NASCIMENTOR_2025-04-16_G03,10109794NASCIMENTOR,2025-04-16,111348,1,30,0,689.0
10109794NASCIMENTOR_2025-04-16_G04,10109794NASCIMENTOR,2025-04-16,109641,1,10,0,274.0
10109794NASCIMENTOR_2025-04-16_G05,10109794NASCIMENTOR,2025-04-16,110748,1,14,0,210.0
10109794NASCIMENTOR_2025-04-16_G06,10109794NASCIMENTOR,2025-04-16,118223,1,4,0,156.0
10109794NASCIMENTOR_2025-04-16_G07,10109794NASCIMENTOR,2025-04-16,109645,1,8,0,410.0
10109794NASCIMENTOR_2025-04-16_G08,10109794NASCIMENTOR,2025-04-16,118285,1,4,0,312.0
10109794NASCIMENTOR_2025-04-16_G09,10109794NASCIMENTOR,2025-04-16,111433,1,10,0,533.0
10109794NASCIMENTOR_2025-04-16_G10,10109794NASCIMENTOR,2025-04-16,118004,1,62,0,841.0
10109794NASCIMENTOR_2025-04-16_G11,10109794NASCIMENTOR,2025-04-16,111435,1,40,0,1108.0
10109794NASCIMENTOR_2025-04-16_G12,10109794NASCIMENTOR,2025-04-16,111468,1,56,0,862.0
10109794NASCIMENTOR_2025-04-16_G14,10109794NASCIMENTOR,2025-04-16,110339,1,10,0,324.0
10109794NASCIMENTOR_2025-04-16_G15,10109794NASCIMENTOR,2025-04-16,118403,1,8,0,142.0
10109794NASCIMENTOR_2025-04-16_G16,10109794NASCIMENTOR,2025-04-16,117786,1,10,0,168.0
10109794NASCIMENTOR_2025-04-16_G17,10109794NASCIMENTOR,2025-04-16,118289,1,3,0,250.0
10109794NASCIMENTOR_2025-04-16_G18,10109794NASCIMENTOR,2025-04-16,107629,1,40,0,513.0
10109794NASCIMENTOR_2025-04-16_G19,10109794NASCIMENTOR,2025-04-16,109640,1,22,0,963.0
10109794NASCIMENTOR_2025-04-16_G20,10109794NASCIMENTOR,2025-04-16,111876,1,20,0,458.0
10109794NASCIMENTOR_2025-04-16_G21,10109794NASCIMENTOR,2025-04-16,117837,1,20,0,535.0
10109794NASCIMENTOR_2025-04-16_G22,10109794NASCIMENTOR,2025-04-16,110752,1,43,0,629.0
10109794NASCIMENTOR_2025-04-16_G23,10109794NASCIMENTOR,2025-04-16,110733,1,70,0,612.0
10109794NASCIMENTOR_2025-04-16_G24,10109794NASCIMENTOR,2025-04-16,111851,1,2,0,1587.0
10109794NASCIMENTOR_2025-04-16_G25,10109794NASCIMENTOR,2025-04-16,140988,1,4,0,91.0
10109794NASCIMENTOR_2025-04-16_G26,10109794NASCIMENTOR,2025-04-16,140956,1,4,0,136.0
10109794NASCIMENTOR_2025-04-16_G27,10109794NASCIMENTOR,2025-04-16,118169,1,1,0,114.0
10109794NASCIMENTOR_2025-04-16_G28,10109794NASCIMENTOR,2025-04-16,118222,1,40,0,1101.0
10109794NASCIMENTOR_2025-04-16_G29,10109794NASCIMENTOR,2025-04-16,118418,1,12,0,384.0
10109794NASCIMENTOR_2025-04-16_G30,10109794NASCIMENTOR,2025-04-16,103149,1,1,0,100.0
10109794NASCIMENTOR_2025-04-16_G31,10109794NASCIMENTOR,2025-04-16,117789,1,1,0,381.0
10109794NASCIMENTOR_2025-04-16_G32,10109794NASCIMENTOR,2025-04-16,110579,1,1,0,456.0
10109794NASCIMENTOR_2025-04-16_G33,10109794NASCIMENTOR,2025-04-16,117836,1,1,0,109.0
10109794NASCIMENTOR_2025-04-16_G34,10109794NASCIMENTOR,2025-04-16,110310,1,2,0,282.0
10109794NASCIMENTOR_2025-04-16_G36,10109794NASCIMENTOR,2025-04-16,111530,1,50,0,752.0
10109794NASCIMENTOR_2025-04-17_G02,10109794NASCIMENTOR,2025-04-17,111467,1,90,0,1374.0
10109794NASCIMENTOR_2025-04-17_G03,10109794NASCIMENTOR,2025-04-17,117786,1,20,0,1067.0
10109794NASCIMENTOR_2025-04-17_G04,10109794NASCIMENTOR,2025-04-17,117856,1,6,0,119.0
10109794NASCIMENTOR_2025-04-17_G05,10109794NASCIMENTOR,2025-04-17,110325,1,6,0,203.0
10109794NASCIMENTOR_2025-04-17_G06,10109794NASCIMENTOR,2025-04-17,117820,1,20,0,150.0
10109794NASCIMENTOR_2025-04-17_G07,10109794NASCIMENTOR,2025-04-17,117809,1,8,0,213.0
10109794NASCIMENTOR_2025-04-17_G08,10109794NASCIMENTOR,2025-04-17,117832,1,8,0,154.0
10109794NASCIMENTOR_2025-04-17_G09,10109794NASCIMENTOR,2025-04-17,117832,1,6,0,48.0
10109794NASCIMENTOR_2025-04-17_G10,10109794NASCIMENTOR,2025-04-17,118299,1,20,0,800.0
10109794NASCIMENTOR_2025-04-17_G11,10109794NASCIMENTOR,2025-04-17,118299,2,54,19,56.0
10109794NASCIMENTOR_2025-04-17_G12,10109794NASCIMENTOR,2025-04-17,111469,3,18,32,407.0
10109794NASCIMENTOR_2025-04-17_G14,10109794NASCIMENTOR,2025-04-17,111418,2,12,7,212.0
10109794NASCIMENTOR_2025-04-17_G15,10109794NASCIMENTOR,2025-04-17,108794,2,17,8,160.0
10109794NASCIMENTOR_2025-04-17_G16,10109794NASCIMENTOR,2025-04-17,109645,1,8,0,420.0
10109794NASCIMENTOR_2025-04-17_G17,10109794NASCIMENTOR,2025-04-17,118140,1,16,0,147.0
10109794NASCIMENTOR_2025-04-17_G18,10109794NASCIMENTOR,2025-04-17,111465,1,6,0,73.0
10109794NASCIMENTOR_2025-04-17_G19,10109794NASCIMENTOR,2025-04-17,110747,1,3,0,1039.0
10109794NASCIMENTOR_2025-04-17_G20,10109794NASCIMENTOR,2025-04-17,110895,1,4,0,117.0
10109794NASCIMENTOR_2025-04-17_G21,10109794NASCIMENTOR,2025-04-17,111569,1,6,0,124.0
10109794NASCIMENTOR_2025-04-17_G22,10109794NASCIMENTOR,2025-04-17,110313,1,6,0,217.0
10109794NASCIMENTOR_2025-04-17_G23,10109794NASCIMENTOR,2025-04-17,110711,1,5,0,130.0
10109794NASCIMENTOR_2025-04-17_G24,10109794NASCIMENTOR,2025-04-17,111418,1,18,0,630.0
10109794NASCIMENTOR_2025-04-17_G25,10109794NASCIMENTOR,2025-04-17,117785,1,3,0,323.0
10109794NASCIMENTOR_2025-04-17_G26,10109794NASCIMENTOR,2025-04-17,118223,1,2,0,546.0
10109794NASCIMENTOR_2025-04-17_G27,10109794NASCIMENTOR,2025-04-17,111465,1,2,0,75.0
10109794NASCIMENTOR_2025-04-17_G28,10109794NASCIMENTOR,2025-04-17,117820,1,11,0,449.0
10109794NASCIMENTOR_2025-04-17_G29,10109794NASCIMENTOR,2025-04-17,110374,1,5,0,105.0
10109794NASCIMENTOR_2025-04-17_G30,10109794NASCIMENTOR,2025-04-17,117808,1,4,0,309.0
10109794NASCIMENTOR_2025-04-17_G31,10109794NASCIMENTOR,2025-04-17,110371,1,16,0,714.0
10109794NASCIMENTOR_2025-04-17_G32,10109794NASCIMENTOR,2025-04-17,110372,1,11,0,305.0
10109794NASCIMENTOR_2025-04-17_G33,10109794NASCIMENTOR,2025-04-17,110373,1,11,0,333.0
10109794NASCIMENTOR_2025-04-17_G34,10109794NASCIMENTOR,2025-04-17,117830,1,6,0,526.0
10109794NASCIMENTOR_2025-04-17_G35,10109794NASCIMENTOR,2025-04-17,110373,1,3,0,160.0
10109794NASCIMENTOR_2025-04-17_G36,10109794NASCIMENTOR,2025-04-17,111469,1,5,0,178.0
10109794NASCIMENTOR_2025-04-17_G37,10109794NASCIMENTOR,2025-04-17,111418,1,15,0,190.0
10109794NASCIMENTOR_2025-04-17_G38,10109794NASCIMENTOR,2025-04-17,117785,1,1,0,68.0
10109794NASCIMENTOR_2025-04-17_G39,10109794NASCIMENTOR,2025-04-17,111532,1,2,0,134.0
10109794NASCIMENTOR_2025-04-17_G40,10109794NASCIMENTOR,2025-04-17,111598,1,2,0,476.0
10109794NASCIMENTOR_2025-04-17_G41,10109794NASCIMENTOR,2025-04-17,110313,1,1,0,511.0
10109794NASCIMENTOR_2025-04-17_G42,10109794NASCIMENTOR,2025-04-17,117855,1,2,0,74.0
10109794NASCIMENTOR_2025-04-17_G43,10109794NASCIMENTOR,2025-04-17,110515,1,1,0,177.0
10109794NASCIMENTOR_2025-04-17_G44,10109794NASCIMENTOR,2025-04-17,110711,1,4,0,94.0
10109794NASCIMENTOR_2025-04-17_G45,10109794NASCIMENTOR,2025-04-17,111569,1,2,0,132.0
10109794NASCIMENTOR_2025-04-17_G46,10109794NASCIMENTOR,2025-04-17,108957,1,2,0,584.0
10109794NASCIMENTOR_2025-04-17_G48,10109794NASCIMENTOR,2025-04-17,"111738, 111761",2,10,26,220.0
10109794NASCIMENTOR_2025-04-17_G49,10109794NASCIMENTOR,2025-04-17,141261,1,12,0,206.0
10109794NASCIMENTOR_2025-04-17_G50,10109794NASCIMENTOR,2025-04-17,111722,1,10,0,188.0
10109794NASCIMENTOR_2025-04-17_G51,10109794NASCIMENTOR,2025-04-17,118191,1,10,0,222.0
10109794NASCIMENTOR_2025-04-17_G52,10109794NASCIMENTOR,2025-04-17,141262,1,8,0,530.0
10109794NASCIMENTOR_2025-04-17_G53,10109794NASCIMENTOR,2025-04-17,111751,1,4,0,278.0
10109794NASCIMENTOR_2025-04-17_G54,10109794NASCIMENTOR,2025-04-17,111634,1,8,0,360.0
10109794NASCIMENTOR_2025-04-17_G55,10109794NASCIMENTOR,2025-04-17,111740,1,4,0,266.0
10109794NASCIMENTOR_2025-04-18_G02,10109794NASCIMENTOR,2025-04-18,117862,1,6,0,224.0
10109794NASCIMENTOR_2025-04-18_G03,10109794NASCIMENTOR,2025-04-18,110313,1,2,0,89.0
10109794NASCIMENTOR_2025-04-18_G04,10109794NASCIMENTOR,2025-04-18,117861,1,6,0,78.0
10109794NASCIMENTOR_2025-04-18_G05,10109794NASCIMENTOR,2025-04-18,110733,1,3,0,93.0
10109794NASCIMENTOR_2025-04-18_G06,10109794NASCIMENTOR,2025-04-18,118403,2,10,12,170.0
10109794NASCIMENTOR_2025-04-18_G07,10109794NASCIMENTOR,2025-04-18,111602,1,6,0,233.0
10109794NASCIMENTOR_2025-04-18_G08,10109794NASCIMENTOR,2025-04-18,111433,1,4,0,749.0
10109794NASCIMENTOR_2025-04-18_G09,10109794NASCIMENTOR,2025-04-18,111466,1,4,0,164.0
10109794NASCIMENTOR_2025-04-18_G10,10109794NASCIMENTOR,2025-04-18,111462,1,6,0,161.0
10109794NASCIMENTOR_2025-04-18_G11,10109794NASCIMENTOR,2025-04-18,118140,1,4,0,585.0
10109794NASCIMENTOR_2025-04-18_G12,10109794NASCIMENTOR,2025-04-18,111465,1,4,0,119.0
10109794NASCIMENTOR_2025-04-18_G13,10109794NASCIMENTOR,2025-04-18,110325,1,4,0,172.0
10109794NASCIMENTOR_2025-04-18_G14,10109794NASCIMENTOR,2025-04-18,117808,1,10,0,151.0
10109794NASCIMENTOR_2025-04-18_G15,10109794NASCIMENTOR,2025-04-18,118299,1,7,0,232.0
10109794NASCIMENTOR_2025-04-18_G16,10109794NASCIMENTOR,2025-04-18,110371,1,9,0,137.0
10109794NASCIMENTOR_2025-04-18_G17,10109794NASCIMENTOR,2025-04-18,117820,1,6,0,191.0
10109794NASCIMENTOR_2025-04-18_G18,10109794NASCIMENTOR,2025-04-18,110372,1,6,0,317.0
10109794NASCIMENTOR_2025-04-18_G19,10109794NASCIMENTOR,2025-04-18,110373,1,16,0,1351.0
10109794NASCIMENTOR_2025-04-18_G21,10109794NASCIMENTOR,2025-04-18,111723,1,4,0,274.0
10109794NASCIMENTOR_2025-04-18_G22,10109794NASCIMENTOR,2025-04-18,141262,1,4,0,289.0
10109794NASCIMENTOR_2025-04-18_G23,10109794NASCIMENTOR,2025-04-18,111751,1,4,0,227.0
10109794NASCIMENTOR_2025-04-18_G24,10109794NASCIMENTOR,2025-04-18,111740,1,4,0,270.0
10109794NASCIMENTOR_2025-04-18_G25,10109794NASCIMENTOR,2025-04-18,111759,1,4,0,173.0
10109794NASCIMENTOR_2025-04-18_G26,10109794NASCIMENTOR,2025-04-18,141261,1,10,0,147.0
10109794NASCIMENTOR_2025-04-18_G27,10109794NASCIMENTOR,2025-04-18,111722,1,6,0,151.0
10109794NASCIMENTOR_2025-04-18_G28,10109794NASCIMENTOR,2025-04-18,118191,1,12,0,108.0
10109794NASCIMENTOR_2025-04-18_G29,10109794NASCIMENTOR,2025-04-18,111634,1,6,0,333.0
10109794NASCIMENTOR_2025-04-18_G30,10109794NASCIMENTOR,2025-04-18,111850,1,1,0,918.0
10109794NASCIMENTOR_2025-04-18_G31,10109794NASCIMENTOR,2025-04-18,109495,1,4,0,128.0
10109794NASCIMENTOR_2025-04-18_G32,10109794NASCIMENTOR,2025-04-18,108759,1,6,0,104.0
10109794NASCIMENTOR_2025-04-18_G33,10109794NASCIMENTOR,2025-04-18,110580,1,4,0,298.0
10109794NASCIMENTOR_2025-04-18_G34,10109794NASCIMENTOR,2025-04-18,118403,1,10,0,181.0
10109794NASCIMENTOR_2025-04-18_G35,10109794NASCIMENTOR,2025-04-18,117855,1,2,0,111.0
10109794NASCIMENTOR_2025-04-18_G36,10109794NASCIMENTOR,2025-04-18,111467,1,2,0,118.0
10109794NASCIMENTOR_2025-04-18_G37,10109794NASCIMENTOR,2025-04-18,110711,1,10,0,382.0
10109794NASCIMENTOR_2025-04-18_G38,10109794NASCIMENTOR,2025-04-18,111602,1,5,0,108.0
10109794NASCIMENTOR_2025-04-18_G39,10109794NASCIMENTOR,2025-04-18,101217,1,5,0,88.0
10109794NASCIMENTOR_2025-04-18_G40,10109794NASCIMENTOR,2025-04-18,118004,1,4,0,222.0
10109794NASCIMENTOR_2025-04-18_G41,10109794NASCIMENTOR,2025-04-18,109641,1,3,0,152.0
10109794NASCIMENTOR_2025-04-18_G42,10109794NASCIMENTOR,2025-04-18,111466,1,11,0,190.0
10109794NASCIMENTOR_2025-04-18_G43,10109794NASCIMENTOR,2025-04-18,108794,1,6,0,409.0
10109794NASCIMENTOR_2025-04-18_G44,10109794NASCIMENTOR,2025-04-18,111532,1,9,0,203.0
10109794NASCIMENTOR_2025-04-18_G45,10109794NASCIMENTOR,2025-04-18,110787,1,6,0,132.0
10109794NASCIMENTOR_2025-04-18_G46,10109794NASCIMENTOR,2025-04-18,111465,1,4,0,62.0
10109794NASCIMENTOR_2025-04-18_G47,10109794NASCIMENTOR,2025-04-18,111433,1,4,0,67.0
10109794NASCIMENTOR_2025-04-18_G48,10109794NASCIMENTOR,2025-04-18,108798,1,23,0,449.0
10109794NASCIMENTOR_2025-04-18_G49,10109794NASCIMENTOR,2025-04-18,110743,1,2,0,109.0
10109794NASCIMENTOR_2025-04-18_G50,10109794NASCIMENTOR,2025-04-18,118299,1,2,0,1473.0
10109794NASCIMENTOR_2025-04-18_G51,10109794NASCIMENTOR,2025-04-18,117820,10,36,121,226.0
10109794NASCIMENTOR_2025-04-18_G52,10109794NASCIMENTOR,2025-04-18,117820,1,4,0,688.0
10109794NASCIMENTOR_2025-04-20_G02,10109794NASCIMENTOR,2025-04-20,117862,3,26,35,405.0
10109794NASCIMENTOR_2025-04-20_G03,10109794NASCIMENTOR,2025-04-20,111876,1,2,0,228.0
10109794NASCIMENTOR_2025-04-20_G04,10109794NASCIMENTOR,2025-04-20,110313,1,8,0,311.0
10109794NASCIMENTOR_2025-04-20_G05,10109794NASCIMENTOR,2025-04-20,117861,2,13,17,566.0
10109794NASCIMENTOR_2025-04-20_G06,10109794NASCIMENTOR,2025-04-20,110733,1,5,0,258.0
10109794NASCIMENTOR_2025-04-20_G07,10109794NASCIMENTOR,2025-04-20,117855,3,16,28,135.0
10109794NASCIMENTOR_2025-04-20_G08,10109794NASCIMENTOR,2025-04-20,111467,1,2,0,200.0
10109794NASCIMENTOR_2025-04-20_G09,10109794NASCIMENTOR,2025-04-20,111439,1,3,0,346.0
10109794NASCIMENTOR_2025-04-20_G10,10109794NASCIMENTOR,2025-04-20,117856,1,15,0,179.0
10109794NASCIMENTOR_2025-04-20_G11,10109794NASCIMENTOR,2025-04-20,110515,1,3,0,124.0
10109794NASCIMENTOR_2025-04-20_G12,10109794NASCIMENTOR,2025-04-20,110515,2,11,22,43.0
10109794NASCIMENTOR_2025-04-21_G02,10109794NASCIMENTOR,2025-04-21,109640,4,14,35,62.0
10109794NASCIMENTOR_2025-04-21_G03,10109794NASCIMENTOR,2025-04-21,111602,1,7,0,779.0
10109794NASCIMENTOR_2025-04-21_G04,10109794NASCIMENTOR,2025-04-21,110752,1,2,0,271.0
10109794NASCIMENTOR_2025-04-21_G05,10109794NASCIMENTOR,2025-04-21,"110752, 117861",2,22,7,160.0
10109794NASCIMENTOR_2025-04-21_G06,10109794NASCIMENTOR,2025-04-21,110325,1,13,0,512.0
10109794NASCIMENTOR_2025-04-21_G07,10109794NASCIMENTOR,2025-04-21,160054,1,2,0,49.0
10109794NASCIMENTOR_2025-04-21_G08,10109794NASCIMENTOR,2025-04-21,118299,1,22,0,216.0
10109794NASCIMENTOR_2025-04-21_G09,10109794NASCIMENTOR,2025-04-21,117808,1,23,0,199.0
10109794NASCIMENTOR_2025-04-21_G10,10109794NASCIMENTOR,2025-04-21,117808,2,131,18,68.0
10109794NASCIMENTOR_2025-04-21_G11,10109794NASCIMENTOR,2025-04-21,107830,1,5,0,840.0
10109794NASCIMENTOR_2025-04-21_G12,10109794NASCIMENTOR,2025-04-21,117830,1,11,0,128.0
10109794NASCIMENTOR_2025-04-21_G13,10109794NASCIMENTOR,2025-04-21,117820,3,40,36,262.0
10109794NASCIMENTOR_2025-04-21_G14,10109794NASCIMENTOR,2025-04-21,117832,1,18,0,334.0
10109794NASCIMENTOR_2025-04-21_G15,10109794NASCIMENTOR,2025-04-21,110372,1,32,0,1079.0
10109794NASCIMENTOR_2025-04-21_G16,10109794NASCIMENTOR,2025-04-21,110372,2,77,19,58.0
10109794NASCIMENTOR_2025-04-21_G17,10109794NASCIMENTOR,2025-04-21,110371,1,7,0,146.0
10109794NASCIMENTOR_2025-04-21_G18,10109794NASCIMENTOR,2025-04-21,110373,2,33,9,150.0
10109794NASCIMENTOR_2025-04-21_G19,10109794NASCIMENTOR,2025-04-21,110373,1,47,0,104.0
10109794NASCIMENTOR_2025-04-21_G21,10109794NASCIMENTOR,2025-04-21,140922,1,12,0,1481.0
10109794NASCIMENTOR_2025-04-21_G22,10109794NASCIMENTOR,2025-04-21,109647,1,2,0,229.0
10109794NASCIMENTOR_2025-04-21_G23,10109794NASCIMENTOR,2025-04-21,109640,1,8,0,179.0
10109794NASCIMENTOR_2025-04-21_G24,10109794NASCIMENTOR,2025-04-21,111469,2,12,14,168.0
10109794NASCIMENTOR_2025-04-21_G25,10109794NASCIMENTOR,2025-04-21,111469,1,36,0,941.0
10109794NASCIMENTOR_2025-04-21_G26,10109794NASCIMENTOR,2025-04-21,117820,3,34,26,342.0
10109794NASCIMENTOR_2025-04-21_G27,10109794NASCIMENTOR,2025-04-21,110339,1,2,0,629.0
10109794NASCIMENTOR_2025-04-21_G28,10109794NASCIMENTOR,2025-04-21,110313,1,2,0,72.0
10109794NASCIMENTOR_2025-04-21_G29,10109794NASCIMENTOR,2025-04-21,111467,1,4,0,113.0
10109794NASCIMENTOR_2025-04-21_G30,10109794NASCIMENTOR,2025-04-21,110515,1,2,0,192.0
10109794NASCIMENTOR_2025-04-21_G31,10109794NASCIMENTOR,2025-04-21,109640,1,2,0,108.0
10109794NASCIMENTOR_2025-04-21_G32,10109794NASCIMENTOR,2025-04-21,111418,1,16,0,224.0
10109794NASCIMENTOR_2025-04-21_G33,10109794NASCIMENTOR,2025-04-21,110745,1,2,0,374.0
10109794NASCIMENTOR_2025-04-21_G34,10109794NASCIMENTOR,2025-04-21,110325,1,8,0,368.0
10109794NASCIMENTOR_2025-04-21_G35,10109794NASCIMENTOR,2025-04-21,110374,1,8,0,130.0
10109794NASCIMENTOR_2025-04-21_G36,10109794NASCIMENTOR,2025-04-21,117808,1,4,0,199.0
10109794NASCIMENTOR_2025-04-21_G37,10109794NASCIMENTOR,2025-04-21,117832,1,8,0,409.0
10109794NASCIMENTOR_2025-04-21_G38,10109794NASCIMENTOR,2025-04-21,110373,1,6,0,1165.0
10109794NASCIMENTOR_2025-04-21_G39,10109794NASCIMENTOR,2025-04-21,110372,1,20,0,259.0
10109794NASCIMENTOR_2025-04-21_G41,10109794NASCIMENTOR,2025-04-21,110313,1,2,0,138.0
10109794NASCIMENTOR_2025-04-21_G42,10109794NASCIMENTOR,2025-04-21,118004,1,6,0,179.0
10109794NASCIMENTOR_2025-04-21_G43,10109794NASCIMENTOR,2025-04-21,111418,1,4,0,198.0
10109794NASCIMENTOR_2025-04-21_G44,10109794NASCIMENTOR,2025-04-21,108711,1,12,0,401.0
10109794NASCIMENTOR_2025-04-21_G45,10109794NASCIMENTOR,2025-04-21,111743,1,4,0,487.0
10109794NASCIMENTOR_2025-04-21_G46,10109794NASCIMENTOR,2025-04-21,111330,1,29,0,1333.0
10109794NASCIMENTOR_2025-04-22_G02,10109794NASCIMENTOR,2025-04-22,108795,1,8,0,144.0
10109794NASCIMENTOR_2025-04-22_G03,10109794NASCIMENTOR,2025-04-22,118004,1,12,0,164.0
10109794NASCIMENTOR_2025-04-22_G04,10109794NASCIMENTOR,2025-04-22,108794,1,6,0,313.0
10109794NASCIMENTOR_2025-04-22_G05,10109794NASCIMENTOR,2025-04-22,117809,1,16,0,249.0
10109794NASCIMENTOR_2025-04-22_G06,10109794NASCIMENTOR,2025-04-22,117820,1,12,0,143.0
10109794NASCIMENTOR_2025-04-22_G07,10109794NASCIMENTOR,2025-04-22,111330,1,4,0,575.0
10109794NASCIMENTOR_2025-04-22_G08,10109794NASCIMENTOR,2025-04-22,118140,1,12,0,277.0
10109794NASCIMENTOR_2025-04-22_G09,10109794NASCIMENTOR,2025-04-22,110374,1,12,0,241.0
10109794NASCIMENTOR_2025-04-22_G10,10109794NASCIMENTOR,2025-04-22,117855,1,4,0,528.0
10109794NASCIMENTOR_2025-04-22_G11,10109794NASCIMENTOR,2025-04-22,109640,1,10,0,189.0
10109794NASCIMENTOR_2025-04-22_G12,10109794NASCIMENTOR,2025-04-22,117821,1,10,0,197.0
10109794NASCIMENTOR_2025-04-22_G13,10109794NASCIMENTOR,2025-04-22,111463,1,10,0,581.0
10109794NASCIMENTOR_2025-04-22_G14,10109794NASCIMENTOR,2025-04-22,110374,1,10,0,186.0
10109794NASCIMENTOR_2025-04-22_G15,10109794NASCIMENTOR,2025-04-22,110371,1,10,0,184.0
10109794NASCIMENTOR_2025-04-22_G16,10109794NASCIMENTOR,2025-04-22,109643,1,6,0,134.0
10109794NASCIMENTOR_2025-04-22_G17,10109794NASCIMENTOR,2025-04-22,117820,1,20,0,567.0
10109794NASCIMENTOR_2025-04-22_G18,10109794NASCIMENTOR,2025-04-22,117832,1,20,0,311.0
10109794NASCIMENTOR_2025-04-22_G19,10109794NASCIMENTOR,2025-04-22,"110325, 110374",2,10,17,241.0
10109794NASCIMENTOR_2025-04-22_G20,10109794NASCIMENTOR,2025-04-22,117809,1,12,0,210.0
10109794NASCIMENTOR_2025-04-22_G21,10109794NASCIMENTOR,2025-04-22,111469,1,5,0,179.0
10109794NASCIMENTOR_2025-04-22_G22,10109794NASCIMENTOR,2025-04-22,111466,1,15,0,187.0
10109794NASCIMENTOR_2025-04-22_G24,10109794NASCIMENTOR,2025-04-22,111418,1,30,0,320.0
10109794NASCIMENTOR_2025-04-22_G25,10109794NASCIMENTOR,2025-04-22,117862,1,14,0,168.0
10109794NASCIMENTOR_2025-04-22_G26,10109794NASCIMENTOR,2025-04-22,117861,1,8,0,230.0
10109794NASCIMENTOR_2025-04-22_G27,10109794NASCIMENTOR,2025-04-22,111467,1,12,0,173.0
10109794NASCIMENTOR_2025-04-22_G28,10109794NASCIMENTOR,2025-04-22,117856,1,16,0,359.0
10109794NASCIMENTOR_2025-04-22_G29,10109794NASCIMENTOR,2025-04-22,117837,1,6,0,356.0
10109794NASCIMENTOR_2025-04-22_G30,10109794NASCIMENTOR,2025-04-22,110374,1,12,0,2893.0
10109794NASCIMENTOR_2025-04-22_G31,10109794NASCIMENTOR,2025-04-22,118299,1,24,0,315.0
10109794NASCIMENTOR_2025-04-22_G32,10109794NASCIMENTOR,2025-04-22,118299,2,52,12,38.0
10109794NASCIMENTOR_2025-04-22_G33,10109794NASCIMENTOR,2025-04-22,117809,1,8,0,942.0
10109794NASCIMENTOR_2025-04-22_G34,10109794NASCIMENTOR,2025-04-22,110371,2,13,15,36.0
10109794NASCIMENTOR_2025-04-22_G35,10109794NASCIMENTOR,2025-04-22,117820,1,20,0,458.0
10109794NASCIMENTOR_2025-04-22_G36,10109794NASCIMENTOR,2025-04-22,117820,1,8,0,40.0
10109794NASCIMENTOR_2025-04-22_G37,10109794NASCIMENTOR,2025-04-22,110372,1,36,0,517.0
10109794NASCIMENTOR_2025-04-22_G38,10109794NASCIMENTOR,2025-04-22,110372,1,20,0,335.0
10109794NASCIMENTOR_2025-04-22_G39,10109794NASCIMENTOR,2025-04-22,117830,1,7,0,196.0
10109794NASCIMENTOR_2025-04-22_G40,10109794NASCIMENTOR,2025-04-22,110372,1,4,0,40.0
10109794NASCIMENTOR_2025-04-22_G41,10109794NASCIMENTOR,2025-04-22,110375,2,5,21,89.0
10109794NASCIMENTOR_2025-04-22_G42,10109794NASCIMENTOR,2025-04-22,117808,2,120,17,368.0
10109794NASCIMENTOR_2025-04-22_G44,10109794NASCIMENTOR,2025-04-22,108798,1,10,0,498.0
10109794NASCIMENTOR_2025-04-22_G45,10109794NASCIMENTOR,2025-04-22,111330,1,10,0,106.0
10109794NASCIMENTOR_2025-04-22_G46,10109794NASCIMENTOR,2025-04-22,111468,1,134,0,648.0
10109794NASCIMENTOR_2025-04-22_G47,10109794NASCIMENTOR,2025-04-22,111463,1,216,0,1760.0
10109794NASCIMENTOR_2025-04-22_G48,10109794NASCIMENTOR,2025-04-22,110743,1,40,0,608.0
10109794NASCIMENTOR_2025-04-23_G02,10109794NASCIMENTOR,2025-04-23,118299,1,216,0,1436.0
10109794NASCIMENTOR_2025-04-23_G03,10109794NASCIMENTOR,2025-04-23,117832,1,320,0,935.0
10109794NASCIMENTOR_2025-04-23_G04,10109794NASCIMENTOR,2025-04-23,110372,1,973,0,2517.0
10109794NASCIMENTOR_2025-04-23_G05,10109794NASCIMENTOR,2025-04-23,118229,1,12,0,798.0
10109794NASCIMENTOR_2025-04-23_G07,10109794NASCIMENTOR,2025-04-23,110374,1,4,0,75.0
10109794NASCIMENTOR_2025-04-23_G08,10109794NASCIMENTOR,2025-04-23,118299,1,20,0,459.0
10109794NASCIMENTOR_2025-04-23_G09,10109794NASCIMENTOR,2025-04-23,117808,1,10,0,164.0
10109794NASCIMENTOR_2025-04-23_G10,10109794NASCIMENTOR,2025-04-23,110373,1,8,0,221.0
10109794NASCIMENTOR_2025-04-23_G11,10109794NASCIMENTOR,2025-04-23,160051,1,2,0,138.0
10109794NASCIMENTOR_2025-04-23_G12,10109794NASCIMENTOR,2025-04-23,160057,1,2,0,122.0
10109794NASCIMENTOR_2025-04-23_G13,10109794NASCIMENTOR,2025-04-23,105705,1,12,0,613.0
10109794NASCIMENTOR_2025-04-23_G14,10109794NASCIMENTOR,2025-04-23,117785,1,4,0,197.0
10109794NASCIMENTOR_2025-04-23_G15,10109794NASCIMENTOR,2025-04-23,108794,1,1,0,231.0
10109794NASCIMENTOR_2025-04-23_G16,10109794NASCIMENTOR,2025-04-23,111532,1,2,0,44.0
10109794NASCIMENTOR_2025-04-23_G17,10109794NASCIMENTOR,2025-04-23,118223,1,4,0,115.0
10109794NASCIMENTOR_2025-04-23_G18,10109794NASCIMENTOR,2025-04-23,109645,1,13,0,167.0
10109794NASCIMENTOR_2025-04-23_G19,10109794NASCIMENTOR,2025-04-23,118140,1,5,0,175.0
10109794NASCIMENTOR_2025-04-23_G20,10109794NASCIMENTOR,2025-04-23,160055,1,6,0,187.0
10109794NASCIMENTOR_2025-04-23_G21,10109794NASCIMENTOR,2025-04-23,110374,1,12,0,711.0
10109794NASCIMENTOR_2025-04-23_G22,10109794NASCIMENTOR,2025-04-23,117840,1,12,0,539.0
10109794NASCIMENTOR_2025-04-23_G23,10109794NASCIMENTOR,2025-04-23,117820,1,15,0,112.0
10109794NASCIMENTOR_2025-04-23_G24,10109794NASCIMENTOR,2025-04-23,117830,1,12,0,1022.0
10109794NASCIMENTOR_2025-04-23_G25,10109794NASCIMENTOR,2025-04-23,118299,1,115,0,463.0
10109794NASCIMENTOR_2025-04-23_G26,10109794NASCIMENTOR,2025-04-23,110372,1,45,0,656.0
10109794NASCIMENTOR_2025-04-23_G27,10109794NASCIMENTOR,2025-04-23,117821,1,20,0,294.0
10109794NASCIMENTOR_2025-04-23_G29,10109794NASCIMENTOR,2025-04-23,110375,1,20,0,392.0
10109794NASCIMENTOR_2025-04-23_G30,10109794NASCIMENTOR,2025-04-23,111468,1,5,0,349.0
10109794NASCIMENTOR_2025-04-23_G31,10109794NASCIMENTOR,2025-04-23,117787,1,35,0,444.0
10109794NASCIMENTOR_2025-04-23_G32,10109794NASCIMENTOR,2025-04-23,117833,1,32,0,452.0
10109794NASCIMENTOR_2025-04-23_G33,10109794NASCIMENTOR,2025-04-23,109641,1,17,0,197.0
10109794NASCIMENTOR_2025-04-23_G34,10109794NASCIMENTOR,2025-04-23,141048,1,8,0,90.0
10109794NASCIMENTOR_2025-04-23_G35,10109794NASCIMENTOR,2025-04-23,115817,1,4,0,194.0
10109794NASCIMENTOR_2025-04-23_G36,10109794NASCIMENTOR,2025-04-23,110332,1,3,0,351.0
10109794NASCIMENTOR_2025-04-23_G37,10109794NASCIMENTOR,2025-04-23,108736,1,20,0,278.0
10109794NASCIMENTOR_2025-04-24_G02,10109794NASCIMENTOR,2025-04-24,111743,1,17,0,540.0
10109794NASCIMENTOR_2025-04-24_G03,10109794NASCIMENTOR,2025-04-24,140957,1,23,0,730.0
10109794NASCIMENTOR_2025-04-24_G04,10109794NASCIMENTOR,2025-04-24,110092,1,3,0,271.0
10109794NASCIMENTOR_2025-04-24_G05,10109794NASCIMENTOR,2025-04-24,118322,1,10,0,244.0
10109794NASCIMENTOR_2025-04-24_G06,10109794NASCIMENTOR,2025-04-24,110580,1,12,0,351.0
10109794NASCIMENTOR_2025-04-24_G07,10109794NASCIMENTOR,2025-04-24,117861,1,30,0,944.0
10109794NASCIMENTOR_2025-04-24_G08,10109794NASCIMENTOR,2025-04-24,111467,1,30,0,356.0
10109794NASCIMENTOR_2025-04-24_G09,10109794NASCIMENTOR,2025-04-24,117788,1,19,0,560.0
10109794NASCIMENTOR_2025-04-24_G10,10109794NASCIMENTOR,2025-04-24,"107629, 110733",2,50,5,607.0
10109794NASCIMENTOR_2025-04-24_G11,10109794NASCIMENTOR,2025-04-24,115775,1,4,0,1539.0
10109794NASCIMENTOR_2025-04-24_G13,10109794NASCIMENTOR,2025-04-24,108795,1,63,0,1542.0
10109794NASCIMENTOR_2025-04-24_G14,10109794NASCIMENTOR,2025-04-24,140922,1,10,0,266.0
10109794NASCIMENTOR_2025-04-24_G15,10109794NASCIMENTOR,2025-04-24,111437,1,64,0,596.0
10109794NASCIMENTOR_2025-04-24_G16,10109794NASCIMENTOR,2025-04-24,117834,1,50,0,328.0
10109794NASCIMENTOR_2025-04-24_G17,10109794NASCIMENTOR,2025-04-24,118330,1,20,0,305.0
10109794NASCIMENTOR_2025-04-24_G18,10109794NASCIMENTOR,2025-04-24,110740,1,99,0,1292.0
10109794NASCIMENTOR_2025-04-24_G19,10109794NASCIMENTOR,2025-04-24,117854,1,4,0,2184.0
10109794NASCIMENTOR_2025-04-24_G20,10109794NASCIMENTOR,2025-04-24,111759,1,3,0,659.0
10109794NASCIMENTOR_2025-04-24_G21,10109794NASCIMENTOR,2025-04-24,111754,2,14,9,399.0
10109794NASCIMENTOR_2025-04-24_G23,10109794NASCIMENTOR,2025-04-24,108759,1,3,0,352.0
10109794NASCIMENTOR_2025-04-24_G24,10109794NASCIMENTOR,2025-04-24,118094,1,2,0,132.0
10109794NASCIMENTOR_2025-04-24_G25,10109794NASCIMENTOR,2025-04-24,110756,1,2,0,189.0
10109794NASCIMENTOR_2025-04-24_G26,10109794NASCIMENTOR,2025-04-24,111467,1,6,0,143.0
10109794NASCIMENTOR_2025-04-24_G27,10109794NASCIMENTOR,2025-04-24,117830,1,3,0,98.0
10109794NASCIMENTOR_2025-04-24_G28,10109794NASCIMENTOR,2025-04-24,110743,1,2,0,223.0
10109794NASCIMENTOR_2025-04-24_G29,10109794NASCIMENTOR,2025-04-24,108795,1,2,0,74.0
10109794NASCIMENTOR_2025-04-24_G30,10109794NASCIMENTOR,2025-04-24,117831,1,10,0,380.0
10109794NASCIMENTOR_2025-04-24_G31,10109794NASCIMENTOR,2025-04-24,117785,1,17,0,207.0
10109794NASCIMENTOR_2025-04-24_G32,10109794NASCIMENTOR,2025-04-24,117787,1,1,0,93.0
10109794NASCIMENTOR_2025-04-24_G33,10109794NASCIMENTOR,2025-04-24,111418,1,17,0,140.0
10109794NASCIMENTOR_2025-04-24_G34,10109794NASCIMENTOR,2025-04-24,109645,1,2,0,122.0
10109794NASCIMENTOR_2025-04-24_G35,10109794NASCIMENTOR,2025-04-24,110740,1,2,0,620.0
10109794NASCIMENTOR_2025-04-25_G02,10109794NASCIMENTOR,2025-04-25,117820,10,64,115,411.0
10109794NASCIMENTOR_2025-04-25_G03,10109794NASCIMENTOR,2025-04-25,117830,2,24,18,518.0
10109794NASCIMENTOR_2025-04-25_G04,10109794NASCIMENTOR,2025-04-25,117808,3,12,20,498.0
10109794NASCIMENTOR_2025-04-25_G05,10109794NASCIMENTOR,2025-04-25,117809,1,8,0,161.0
10109794NASCIMENTOR_2025-04-25_G06,10109794NASCIMENTOR,2025-04-25,111467,1,4,0,674.0
10109794NASCIMENTOR_2025-04-25_G07,10109794NASCIMENTOR,2025-04-25,117837,1,10,0,1111.0
10109794NASCIMENTOR_2025-04-25_G08,10109794NASCIMENTOR,2025-04-25,111602,1,16,0,213.0
10109794NASCIMENTOR_2025-04-25_G09,10109794NASCIMENTOR,2025-04-25,117837,1,5,0,206.0
10109794NASCIMENTOR_2025-04-25_G10,10109794NASCIMENTOR,2025-04-25,109647,1,20,0,1663.0
10109794NASCIMENTOR_2025-04-25_G11,10109794NASCIMENTOR,2025-04-25,108361,1,5,0,238.0
10109794NASCIMENTOR_2025-04-25_G12,10109794NASCIMENTOR,2025-04-25,109640,1,6,0,126.0
10109794NASCIMENTOR_2025-04-25_G14,10109794NASCIMENTOR,2025-04-25,110313,1,40,0,791.0
10109794NASCIMENTOR_2025-04-25_G15,10109794NASCIMENTOR,2025-04-25,111439,1,20,0,361.0
10109794NASCIMENTOR_2025-04-25_G16,10109794NASCIMENTOR,2025-04-25,110711,1,50,0,742.0
10109794NASCIMENTOR_2025-04-25_G17,10109794NASCIMENTOR,2025-04-25,111467,1,50,0,501.0
10109794NASCIMENTOR_2025-04-25_G18,10109794NASCIMENTOR,2025-04-25,117935,1,120,0,1015.0
10109794NASCIMENTOR_2025-04-25_G19,10109794NASCIMENTOR,2025-04-25,111435,1,12,0,601.0
10109794NASCIMENTOR_2025-04-25_G20,10109794NASCIMENTOR,2025-04-25,117785,1,30,0,289.0
10109794NASCIMENTOR_2025-04-25_G21,10109794NASCIMENTOR,2025-04-25,108798,1,24,0,244.0
10109794NASCIMENTOR_2025-04-25_G22,10109794NASCIMENTOR,2025-04-25,117787,1,60,0,903.0
10109794NASCIMENTOR_2025-04-25_G23,10109794NASCIMENTOR,2025-04-25,109645,1,20,0,327.0
10109794NASCIMENTOR_2025-04-25_G24,10109794NASCIMENTOR,2025-04-25,110740,1,15,0,642.0
10109794NASCIMENTOR_2025-04-25_G25,10109794NASCIMENTOR,2025-04-25,118326,1,32,0,739.0
10109794NASCIMENTOR_2025-04-25_G26,10109794NASCIMENTOR,2025-04-25,111463,1,90,0,1025.0
10109794NASCIMENTOR_2025-04-25_G28,10109794NASCIMENTOR,2025-04-25,118306,1,2,0,209.0
10109794NASCIMENTOR_2025-04-25_G29,10109794NASCIMENTOR,2025-04-25,118222,1,3,0,89.0
10109794NASCIMENTOR_2025-04-25_G30,10109794NASCIMENTOR,2025-04-25,111530,1,5,0,166.0
10109794NASCIMENTOR_2025-04-25_G31,10109794NASCIMENTOR,2025-04-25,141047,1,1,0,189.0
10109794NASCIMENTOR_2025-04-25_G32,10109794NASCIMENTOR,2025-04-25,107629,1,2,0,83.0
10109794NASCIMENTOR_2025-04-25_G33,10109794NASCIMENTOR,2025-04-25,110756,1,1,0,94.0
10109794NASCIMENTOR_2025-04-25_G34,10109794NASCIMENTOR,2025-04-25,110733,1,1,0,65.0
10109794NASCIMENTOR_2025-04-25_G35,10109794NASCIMENTOR,2025-04-25,118403,1,2,0,161.0
10109794NASCIMENTOR_2025-04-25_G36,10109794NASCIMENTOR,2025-04-25,117855,1,2,0,171.0
10109794NASCIMENTOR_2025-04-25_G37,10109794NASCIMENTOR,2025-04-25,109647,1,2,0,196.0
10109794NASCIMENTOR_2025-04-25_G38,10109794NASCIMENTOR,2025-04-25,111467,1,4,0,103.0
10109794NASCIMENTOR_2025-04-25_G39,10109794NASCIMENTOR,2025-04-25,118299,1,6,0,1441.0
10109794NASCIMENTOR_2025-04-25_G40,10109794NASCIMENTOR,2025-04-25,117832,1,2,0,121.0
10109794NASCIMENTOR_2025-04-26_G02,10109794NASCIMENTOR,2025-04-26,110374,1,2,0,45.0
10109794NASCIMENTOR_2025-04-26_G03,10109794NASCIMENTOR,2025-04-26,111468,1,6,0,165.0
10109794NASCIMENTOR_2025-04-26_G04,10109794NASCIMENTOR,2025-04-26,110743,1,2,0,63.0
10109794NASCIMENTOR_2025-04-26_G05,10109794NASCIMENTOR,2025-04-26,117831,1,4,0,125.0
10109794NASCIMENTOR_2025-04-26_G06,10109794NASCIMENTOR,2025-04-26,111463,1,12,0,130.0
10109794NASCIMENTOR_2025-04-26_G07,10109794NASCIMENTOR,2025-04-26,117821,1,6,0,79.0
10109794NASCIMENTOR_2025-04-26_G08,10109794NASCIMENTOR,2025-04-26,117785,1,6,0,101.0
10109794NASCIMENTOR_2025-04-26_G09,10109794NASCIMENTOR,2025-04-26,117787,1,2,0,171.0
10109794NASCIMENTOR_2025-04-26_G10,10109794NASCIMENTOR,2025-04-26,111418,1,16,0,683.0
10109794NASCIMENTOR_2025-04-26_G11,10109794NASCIMENTOR,2025-04-26,111462,2,25,9,195.0
10109794NASCIMENTOR_2025-04-26_G12,10109794NASCIMENTOR,2025-04-26,118223,1,2,0,164.0
10109794NASCIMENTOR_2025-04-26_G13,10109794NASCIMENTOR,2025-04-26,118140,1,1,0,208.0
10109794NASCIMENTOR_2025-04-26_G14,10109794NASCIMENTOR,2025-04-26,111348,1,4,0,146.0
10109794NASCIMENTOR_2025-04-26_G15,10109794NASCIMENTOR,2025-04-26,111465,1,3,0,155.0
10109794NASCIMENTOR_2025-04-26_G16,10109794NASCIMENTOR,2025-04-26,140922,1,8,0,405.0
10109794NASCIMENTOR_2025-04-26_G17,10109794NASCIMENTOR,2025-04-26,111466,1,15,0,417.0
10109794NASCIMENTOR_2025-04-26_G19,10109794NASCIMENTOR,2025-04-26,117834,1,10,0,3128.0
10109794NASCIMENTOR_2025-04-26_G20,10109794NASCIMENTOR,2025-04-26,118306,1,4,0,175.0
10109794NASCIMENTOR_2025-04-26_G21,10109794NASCIMENTOR,2025-04-26,111530,1,8,0,164.0
10109794NASCIMENTOR_2025-04-26_G22,10109794NASCIMENTOR,2025-04-26,111467,1,8,0,284.0
10109794NASCIMENTOR_2025-04-26_G23,10109794NASCIMENTOR,2025-04-26,117837,1,7,0,413.0
10109794NASCIMENTOR_2025-04-26_G24,10109794NASCIMENTOR,2025-04-26,111463,1,10,0,555.0
10109794NASCIMENTOR_2025-04-26_G25,10109794NASCIMENTOR,2025-04-26,111463,2,14,16,86.0
10109794NASCIMENTOR_2025-04-26_G26,10109794NASCIMENTOR,2025-04-26,111469,3,20,22,136.0
10109794NASCIMENTOR_2025-04-26_G27,10109794NASCIMENTOR,2025-04-26,111446,2,14,17,179.0
10109794NASCIMENTOR_2025-04-26_G28,10109794NASCIMENTOR,2025-04-26,105705,2,29,17,516.0
10109794NASCIMENTOR_2025-04-26_G29,10109794NASCIMENTOR,2025-04-26,140922,2,24,10,245.0
10109794NASCIMENTOR_2025-04-26_G30,10109794NASCIMENTOR,2025-04-26,111466,1,2,0,114.0
10109794NASCIMENTOR_2025-04-26_G31,10109794NASCIMENTOR,2025-04-26,110711,1,8,0,515.0
10109794NASCIMENTOR_2025-04-26_G32,10109794NASCIMENTOR,2025-04-26,117808,1,8,0,259.0
10109794NASCIMENTOR_2025-04-26_G33,10109794NASCIMENTOR,2025-04-26,111743,1,4,0,186.0
10109794NASCIMENTOR_2025-04-27_G02,10109794NASCIMENTOR,2025-04-27,111112,1,3,0,478.0
10109794NASCIMENTOR_2025-04-27_G03,10109794NASCIMENTOR,2025-04-27,110582,1,2,0,245.0
10109794NASCIMENTOR_2025-04-27_G04,10109794NASCIMENTOR,2025-04-27,109471,1,2,0,244.0
10109794NASCIMENTOR_2025-04-27_G05,10109794NASCIMENTOR,2025-04-27,105359,1,4,0,174.0
10109794NASCIMENTOR_2025-04-27_G06,10109794NASCIMENTOR,2025-04-27,109974,1,3,0,130.0
10109794NASCIMENTOR_2025-04-27_G07,10109794NASCIMENTOR,2025-04-27,110895,1,60,0,369.0
10109794NASCIMENTOR_2025-04-27_G08,10109794NASCIMENTOR,2025-04-27,111850,1,24,0,743.0
10109794NASCIMENTOR_2025-04-27_G09,10109794NASCIMENTOR,2025-04-27,110841,1,14,0,233.0
10109794NASCIMENTOR_2025-04-27_G10,10109794NASCIMENTOR,2025-04-27,140957,1,4,0,182.0
10109794NASCIMENTOR_2025-04-27_G11,10109794NASCIMENTOR,2025-04-27,109647,1,8,0,285.0
10109794NASCIMENTOR_2025-04-28_G02,10109794NASCIMENTOR,2025-04-28,117855,1,80,0,1397.0
10109794NASCIMENTOR_2025-04-28_G03,10109794NASCIMENTOR,2025-04-28,108361,1,8,0,331.0
10109794NASCIMENTOR_2025-04-28_G04,10109794NASCIMENTOR,2025-04-28,110063,1,4,0,191.0
10109794NASCIMENTOR_2025-04-28_G05,10109794NASCIMENTOR,2025-04-28,117856,1,50,0,656.0
10109794NASCIMENTOR_2025-04-28_G06,10109794NASCIMENTOR,2025-04-28,117786,1,30,0,945.0
10109794NASCIMENTOR_2025-04-28_G07,10109794NASCIMENTOR,2025-04-28,117788,1,20,0,227.0
10109794NASCIMENTOR_2025-04-28_G08,10109794NASCIMENTOR,2025-04-28,117862,1,12,0,345.0
10109794NASCIMENTOR_2025-04-28_G09,10109794NASCIMENTOR,2025-04-28,110339,1,11,0,458.0
10109794NASCIMENTOR_2025-04-28_G10,10109794NASCIMENTOR,2025-04-28,117861,1,20,0,221.0
10109794NASCIMENTOR_2025-04-28_G11,10109794NASCIMENTOR,2025-04-28,141047,1,20,0,279.0
10109794NASCIMENTOR_2025-04-28_G12,10109794NASCIMENTOR,2025-04-28,108772,1,3,0,142.0
10109794NASCIMENTOR_2025-04-28_G13,10109794NASCIMENTOR,2025-04-28,111743,1,20,0,468.0
10109794NASCIMENTOR_2025-04-28_G14,10109794NASCIMENTOR,2025-04-28,108795,1,20,0,267.0
10109794NASCIMENTOR_2025-04-28_G16,10109794NASCIMENTOR,2025-04-28,105705,1,3,0,190.0
10109794NASCIMENTOR_2025-04-28_G17,10109794NASCIMENTOR,2025-04-28,114100,1,4,0,339.0
10109794NASCIMENTOR_2025-04-28_G18,10109794NASCIMENTOR,2025-04-28,111172,1,20,0,881.0
10109794NASCIMENTOR_2025-04-28_G19,10109794NASCIMENTOR,2025-04-28,117838,1,18,0,449.0
10109794NASCIMENTOR_2025-04-28_G20,10109794NASCIMENTOR,2025-04-28,109645,1,10,0,153.0
10109794NASCIMENTOR_2025-04-28_G21,10109794NASCIMENTOR,2025-04-28,111465,1,20,0,239.0
10109794NASCIMENTOR_2025-04-28_G22,10109794NASCIMENTOR,2025-04-28,110787,1,50,0,1007.0
10109794NASCIMENTOR_2025-04-28_G23,10109794NASCIMENTOR,2025-04-28,111468,1,80,0,1139.0
10109794NASCIMENTOR_2025-04-28_G24,10109794NASCIMENTOR,2025-04-28,108794,1,50,0,298.0
10109794NASCIMENTOR_2025-04-28_G25,10109794NASCIMENTOR,2025-04-28,110740,1,13,0,321.0
10109794NASCIMENTOR_2025-04-28_G26,10109794NASCIMENTOR,2025-04-28,108711,1,1,0,1838.0
10109794NASCIMENTOR_2025-04-28_G27,10109794NASCIMENTOR,2025-04-28,107892,1,1,0,308.0
10109794NASCIMENTOR_2025-04-28_G28,10109794NASCIMENTOR,2025-04-28,110742,1,2,0,414.0
10109794NASCIMENTOR_2025-04-28_G29,10109794NASCIMENTOR,2025-04-28,110895,1,2,0,281.0
10109794NASCIMENTOR_2025-04-28_G31,10109794NASCIMENTOR,2025-04-28,111430,1,7,0,85.0
10109794NASCIMENTOR_2025-04-28_G32,10109794NASCIMENTOR,2025-04-28,111660,1,4,0,233.0
10109794NASCIMENTOR_2025-04-28_G33,10109794NASCIMENTOR,2025-04-28,111660,1,40,0,847.0
10109794NASCIMENTOR_2025-04-28_G34,10109794NASCIMENTOR,2025-04-28,118094,1,12,0,822.0
10109794NASCIMENTOR_2025-04-28_G35,10109794NASCIMENTOR,2025-04-28,111876,1,12,0,278.0
10109794NASCIMENTOR_2025-04-28_G36,10109794NASCIMENTOR,2025-04-28,117853,1,5,0,212.0
10109794NASCIMENTOR_2025-04-29_G02,10109794NASCIMENTOR,2025-04-29,111444,1,4,0,204.0
10109794NASCIMENTOR_2025-04-29_G03,10109794NASCIMENTOR,2025-04-29,108736,1,2,0,271.0
10109794NASCIMENTOR_2025-04-29_G04,10109794NASCIMENTOR,2025-04-29,111530,1,60,0,335.0
10109794NASCIMENTOR_2025-04-29_G05,10109794NASCIMENTOR,2025-04-29,117831,1,20,0,441.0
10109794NASCIMENTOR_2025-04-29_G06,10109794NASCIMENTOR,2025-04-29,110371,1,12,0,595.0
10109794NASCIMENTOR_2025-04-29_G07,10109794NASCIMENTOR,2025-04-29,110376,2,7,6,141.0
10109794NASCIMENTOR_2025-04-29_G08,10109794NASCIMENTOR,2025-04-29,117830,1,40,0,615.0
10109794NASCIMENTOR_2025-04-29_G09,10109794NASCIMENTOR,2025-04-29,118299,1,200,0,912.0
10109794NASCIMENTOR_2025-04-29_G11,10109794NASCIMENTOR,2025-04-29,110733,1,23,0,363.0
10109794NASCIMENTOR_2025-04-29_G12,10109794NASCIMENTOR,2025-04-29,110711,1,28,0,540.0
10109794NASCIMENTOR_2025-04-29_G13,10109794NASCIMENTOR,2025-04-29,108772,1,12,0,441.0
10109794NASCIMENTOR_2025-04-29_G14,10109794NASCIMENTOR,2025-04-29,111602,1,78,0,524.0
10109794NASCIMENTOR_2025-04-29_G15,10109794NASCIMENTOR,2025-04-29,110325,1,4,0,335.0
10109794NASCIMENTOR_2025-04-29_G16,10109794NASCIMENTOR,2025-04-29,117820,1,10,0,187.0
10109794NASCIMENTOR_2025-04-29_G17,10109794NASCIMENTOR,2025-04-29,118299,1,4,0,428.0
10109794NASCIMENTOR_2025-04-29_G18,10109794NASCIMENTOR,2025-04-29,110373,1,10,0,163.0
10109794NASCIMENTOR_2025-04-29_G19,10109794NASCIMENTOR,2025-04-29,110372,1,6,0,77.0
10109794NASCIMENTOR_2025-04-29_G20,10109794NASCIMENTOR,2025-04-29,117830,1,4,0,34.0
10109794NASCIMENTOR_2025-04-29_G21,10109794NASCIMENTOR,2025-04-29,111743,1,6,0,193.0
10109794NASCIMENTOR_2025-04-29_G22,10109794NASCIMENTOR,2025-04-29,108795,1,4,0,118.0
10109794NASCIMENTOR_2025-04-29_G23,10109794NASCIMENTOR,2025-04-29,111463,1,4,0,91.0
10109794NASCIMENTOR_2025-04-29_G24,10109794NASCIMENTOR,2025-04-29,117785,1,4,0,65.0
10109794NASCIMENTOR_2025-04-29_G25,10109794NASCIMENTOR,2025-04-29,105705,1,8,0,187.0
10109794NASCIMENTOR_2025-04-29_G26,10109794NASCIMENTOR,2025-04-29,110371,1,100,0,507.0
10109794NASCIMENTOR_2025-04-29_G27,10109794NASCIMENTOR,2025-04-29,118299,1,120,0,402.0
10109794NASCIMENTOR_2025-04-29_G28,10109794NASCIMENTOR,2025-04-29,111466,1,11,0,526.0
10109794NASCIMENTOR_2025-04-29_G29,10109794NASCIMENTOR,2025-04-29,140922,1,32,0,80.0
10109794NASCIMENTOR_2025-04-29_G30,10109794NASCIMENTOR,2025-04-29,109645,1,8,0,328.0
10109794NASCIMENTOR_2025-04-29_G31,10109794NASCIMENTOR,2025-04-29,110787,1,33,0,282.0
10109794NASCIMENTOR_2025-04-29_G32,10109794NASCIMENTOR,2025-04-29,111462,2,54,6,813.0
10109794NASCIMENTOR_2025-04-29_G33,10109794NASCIMENTOR,2025-04-29,118140,1,34,0,451.0
10109794NASCIMENTOR_2025-04-29_G35,10109794NASCIMENTOR,2025-04-29,117820,1,40,0,335.0
10109794NASCIMENTOR_2025-04-29_G36,10109794NASCIMENTOR,2025-04-29,117809,1,30,0,215.0
10109794NASCIMENTOR_2025-04-29_G37,10109794NASCIMENTOR,2025-04-29,117840,1,2,0,135.0
10109794NASCIMENTOR_2025-04-29_G38,10109794NASCIMENTOR,2025-04-29,118299,1,200,0,1078.0
10109794NASCIMENTOR_2025-04-29_G39,10109794NASCIMENTOR,2025-04-29,118299,1,200,0,47.0
10109794NASCIMENTOR_2025-04-29_G40,10109794NASCIMENTOR,2025-04-29,117832,1,40,0,221.0
10109794NASCIMENTOR_2025-04-30_G02,10109794NASCIMENTOR,2025-04-30,118299,1,120,0,931.0
10109794NASCIMENTOR_2025-04-30_G03,10109794NASCIMENTOR,2025-04-30,110373,1,100,0,1148.0
10109794NASCIMENTOR_2025-04-30_G04,10109794NASCIMENTOR,2025-04-30,141035,1,6,0,864.0
10109794NASCIMENTOR_2025-04-30_G05,10109794NASCIMENTOR,2025-04-30,110756,1,6,0,127.0
10109794NASCIMENTOR_2025-04-30_G06,10109794NASCIMENTOR,2025-04-30,117837,2,31,20,300.0
10109794NASCIMENTOR_2025-04-30_G07,10109794NASCIMENTOR,2025-04-30,111650,1,6,0,367.0
10109794NASCIMENTOR_2025-04-30_G08,10109794NASCIMENTOR,2025-04-30,111467,1,5,0,140.0
10109794NASCIMENTOR_2025-04-30_G09,10109794NASCIMENTOR,2025-04-30,111467,1,30,0,268.0
10109794NASCIMENTOR_2025-04-30_G10,10109794NASCIMENTOR,2025-04-30,110752,2,13,8,543.0
10109794NASCIMENTOR_2025-04-30_G11,10109794NASCIMENTOR,2025-04-30,117853,3,12,24,107.0
10109794NASCIMENTOR_2025-04-30_G12,10109794NASCIMENTOR,2025-04-30,117856,1,20,0,679.0
10109794NASCIMENTOR_2025-04-30_G13,10109794NASCIMENTOR,2025-04-30,117856,1,30,0,912.0
10109794NASCIMENTOR_2025-04-30_G14,10109794NASCIMENTOR,2025-04-30,"109640, 101217",2,10,6,272.0
10109794NASCIMENTOR_2025-04-30_G16,10109794NASCIMENTOR,2025-04-30,108711,1,10,0,474.0
10109794NASCIMENTOR_2025-04-30_G17,10109794NASCIMENTOR,2025-04-30,107236,1,6,0,329.0
10109794NASCIMENTOR_2025-04-30_G18,10109794NASCIMENTOR,2025-04-30,107236,1,6,0,44.0
10109794NASCIMENTOR_2025-04-30_G19,10109794NASCIMENTOR,2025-04-30,141047,1,2,0,554.0
10109794NASCIMENTOR_2025-04-30_G20,10109794NASCIMENTOR,2025-04-30,117935,1,1,0,169.0
10109794NASCIMENTOR_2025-04-30_G21,10109794NASCIMENTOR,2025-04-30,111467,1,1,0,81.0
10109794NASCIMENTOR_2025-04-30_G22,10109794NASCIMENTOR,2025-04-30,110752,1,2,0,64.0
10109794NASCIMENTOR_2025-04-30_G23,10109794NASCIMENTOR,2025-04-30,117786,1,2,0,87.0
10109794NASCIMENTOR_2025-04-30_G24,10109794NASCIMENTOR,2025-04-30,111602,1,1,0,136.0
10109794NASCIMENTOR_2025-04-30_G25,10109794NASCIMENTOR,2025-04-30,110743,1,2,0,254.0
10109794NASCIMENTOR_2025-04-30_G26,10109794NASCIMENTOR,2025-04-30,111462,1,4,0,136.0
10109794NASCIMENTOR_2025-04-30_G27,10109794NASCIMENTOR,2025-04-30,108711,1,10,0,132.0
10109794NASCIMENTOR_2025-04-30_G28,10109794NASCIMENTOR,2025-04-30,108798,1,6,0,219.0
10109794NASCIMENTOR_2025-04-30_G29,10109794NASCIMENTOR,2025-04-30,107236,1,3,0,253.0
10109794NASCIMENTOR_2025-04-30_G30,10109794NASCIMENTOR,2025-04-30,110129,1,1,0,320.0
10109794NASCIMENTOR_2025-04-30_G31,10109794NASCIMENTOR,2025-04-30,118140,1,20,0,371.0
10109794NASCIMENTOR_2025-04-30_G32,10109794NASCIMENTOR,2025-04-30,117820,1,11,0,564.0
10109794NASCIMENTOR_2025-04-30_G33,10109794NASCIMENTOR,2025-04-30,117808,1,10,0,163.0
10109794NASCIMENTOR_2025-04-30_G34,10109794NASCIMENTOR,2025-04-30,110373,1,8,0,95.0
10109794NASCIMENTOR_2025-04-30_G35,10109794NASCIMENTOR,2025-04-30,117809,1,14,0,112.0
10109794NASCIMENTOR_2025-04-30_G36,10109794NASCIMENTOR,2025-04-30,110376,1,1,0,110.0
10109794NASCIMENTOR_2025-04-30_G37,10109794NASCIMENTOR,2025-04-30,117832,1,12,0,210.0
10109794NASCIMENTOR_2025-04-30_G38,10109794NASCIMENTOR,2025-04-30,108711,1,1,0,362.0
10109794NASCIMENTOR_2025-04-30_G39,10109794NASCIMENTOR,2025-04-30,107236,1,2,0,117.0
10109794NASCIMENTOR_2025-04-30_G40,10109794NASCIMENTOR,2025-04-30,111444,1,1,0,128.0
10109794NASCIMENTOR_2025-04-30_G41,10109794NASCIMENTOR,2025-04-30,117853,1,4,0,209.0
10109794NASCIMENTOR_2025-04-30_G42,10109794NASCIMENTOR,2025-04-30,111444,1,2,0,225.0
10109794NASCIMENTOR_2025-04-30_G43,10109794NASCIMENTOR,2025-04-30,108711,1,1,0,149.0
10109794NASCIMENTOR_2025-05-01_G02,10109794NASCIMENTOR,2025-05-01,111441,1,95,0,1193.0
10109794NASCIMENTOR_2025-05-01_G03,10109794NASCIMENTOR,2025-05-01,111438,1,20,0,432.0
10109794NASCIMENTOR_2025-05-01_G04,10109794NASCIMENTOR,2025-05-01,111445,1,9,0,349.0
10109794NASCIMENTOR_2025-05-01_G05,10109794NASCIMENTOR,2025-05-01,111441,1,76,0,639.0
10109794NASCIMENTOR_2025-05-01_G06,10109794NASCIMENTOR,2025-05-01,108772,1,61,0,1100.0
10109794NASCIMENTOR_2025-05-01_G07,10109794NASCIMENTOR,2025-05-01,110756,1,69,0,730.0
10109794NASCIMENTOR_2025-05-01_G08,10109794NASCIMENTOR,2025-05-01,110745,1,60,0,1240.0
10109794NASCIMENTOR_2025-05-01_G09,10109794NASCIMENTOR,2025-05-01,118317,1,37,0,534.0
10109794NASCIMENTOR_2025-05-01_G10,10109794NASCIMENTOR,2025-05-01,109647,1,39,0,247.0
10109794NASCIMENTOR_2025-05-01_G12,10109794NASCIMENTOR,2025-05-01,110376,1,11,0,245.0
10109794NASCIMENTOR_2025-05-01_G13,10109794NASCIMENTOR,2025-05-01,109649,1,1,0,303.0
10109794NASCIMENTOR_2025-05-01_G14,10109794NASCIMENTOR,2025-05-01,117785,1,797,0,2880.0
10109794NASCIMENTOR_2025-05-01_G15,10109794NASCIMENTOR,2025-05-01,110313,1,22,0,934.0
10109794NASCIMENTOR_2025-05-01_G16,10109794NASCIMENTOR,2025-05-01,111463,1,20,0,423.0
10109794NASCIMENTOR_2025-05-01_G17,10109794NASCIMENTOR,2025-05-01,117856,1,48,0,1614.0
10109794NASCIMENTOR_2025-05-06_G02,10109794NASCIMENTOR,2025-05-06,118403,1,4,0,696.0
10109794NASCIMENTOR_2025-05-06_G03,10109794NASCIMENTOR,2025-05-06,108772,1,2,0,358.0
10109794NASCIMENTOR_2025-05-06_G04,10109794NASCIMENTOR,2025-05-06,110756,1,4,0,430.0
10109794NASCIMENTOR_2025-05-06_G05,10109794NASCIMENTOR,2025-05-06,117862,1,19,0,532.0
10109794NASCIMENTOR_2025-05-06_G06,10109794NASCIMENTOR,2025-05-06,110515,1,4,0,347.0
10109794NASCIMENTOR_2025-05-06_G07,10109794NASCIMENTOR,2025-05-06,117935,1,13,0,239.0
10109794NASCIMENTOR_2025-05-06_G08,10109794NASCIMENTOR,2025-05-06,117856,1,31,0,886.0
10109794NASCIMENTOR_2025-05-06_G09,10109794NASCIMENTOR,2025-05-06,111743,1,4,0,829.0
10109794NASCIMENTOR_2025-05-06_G10,10109794NASCIMENTOR,2025-05-06,111462,1,5,0,85.0
10109794NASCIMENTOR_2025-05-06_G11,10109794NASCIMENTOR,2025-05-06,111182,1,4,0,89.0
10109794NASCIMENTOR_2025-05-06_G12,10109794NASCIMENTOR,2025-05-06,105705,1,9,0,285.0
10109794NASCIMENTOR_2025-05-06_G13,10109794NASCIMENTOR,2025-05-06,140922,1,2,0,204.0
10109794NASCIMENTOR_2025-05-06_G14,10109794NASCIMENTOR,2025-05-06,109641,1,2,0,561.0
10109794NASCIMENTOR_2025-05-06_G15,10109794NASCIMENTOR,2025-05-06,117838,1,2,0,96.0
10109794NASCIMENTOR_2025-05-06_G16,10109794NASCIMENTOR,2025-05-06,111348,1,1,0,70.0
10109794NASCIMENTOR_2025-05-06_G17,10109794NASCIMENTOR,2025-05-06,111442,1,4,0,58.0
10109794NASCIMENTOR_2025-05-06_G18,10109794NASCIMENTOR,2025-05-06,107236,1,16,0,147.0
10109794NASCIMENTOR_2025-05-06_G19,10109794NASCIMENTOR,2025-05-06,108711,1,40,0,591.0
10109794NASCIMENTOR_2025-05-06_G20,10109794NASCIMENTOR,2025-05-06,111468,1,2,0,151.0
10109794NASCIMENTOR_2025-05-06_G21,10109794NASCIMENTOR,2025-05-06,111465,1,9,0,92.0
10109794NASCIMENTOR_2025-05-06_G22,10109794NASCIMENTOR,2025-05-06,110374,1,4,0,642.0
10109794NASCIMENTOR_2025-05-06_G23,10109794NASCIMENTOR,2025-05-06,117832,1,20,0,226.0
10109794NASCIMENTOR_2025-05-06_G24,10109794NASCIMENTOR,2025-05-06,110371,1,30,0,261.0
10109794NASCIMENTOR_2025-05-06_G25,10109794NASCIMENTOR,2025-05-06,117830,1,5,0,160.0
10109794NASCIMENTOR_2025-05-06_G26,10109794NASCIMENTOR,2025-05-06,117820,1,40,0,500.0
10109794NASCIMENTOR_2025-05-06_G27,10109794NASCIMENTOR,2025-05-06,"117808, 118299",2,100,17,489.0
10109794NASCIMENTOR_2025-05-07_G02,10109794NASCIMENTOR,2025-05-07,117831,1,14,0,974.0
10109794NASCIMENTOR_2025-05-07_G03,10109794NASCIMENTOR,2025-05-07,111469,1,11,0,228.0
10109794NASCIMENTOR_2025-05-07_G04,10109794NASCIMENTOR,2025-05-07,117833,1,16,0,212.0
10109794NASCIMENTOR_2025-05-07_G05,10109794NASCIMENTOR,2025-05-07,111172,1,1,0,72.0
10109794NASCIMENTOR_2025-05-07_G06,10109794NASCIMENTOR,2025-05-07,118140,1,12,0,203.0
10109794NASCIMENTOR_2025-05-07_G07,10109794NASCIMENTOR,2025-05-07,110740,1,8,0,363.0
10109794NASCIMENTOR_2025-05-07_G08,10109794NASCIMENTOR,2025-05-07,107236,1,8,0,94.0
10109794NASCIMENTOR_2025-05-07_G09,10109794NASCIMENTOR,2025-05-07,111463,1,38,0,499.0
10109794NASCIMENTOR_2025-05-07_G10,10109794NASCIMENTOR,2025-05-07,117856,1,4,0,197.0
10109794NASCIMENTOR_2025-05-07_G11,10109794NASCIMENTOR,2025-05-07,117820,1,12,0,882.0
10109794NASCIMENTOR_2025-05-07_G12,10109794NASCIMENTOR,2025-05-07,118299,1,50,0,378.0
10109794NASCIMENTOR_2025-05-07_G13,10109794NASCIMENTOR,2025-05-07,118299,1,16,0,43.0
10109794NASCIMENTOR_2025-05-07_G14,10109794NASCIMENTOR,2025-05-07,110372,1,26,0,1021.0
10109794NASCIMENTOR_2025-05-07_G15,10109794NASCIMENTOR,2025-05-07,110371,1,26,0,285.0
10109794NASCIMENTOR_2025-05-07_G16,10109794NASCIMENTOR,2025-05-07,117808,1,22,0,583.0
10109794NASCIMENTOR_2025-05-07_G17,10109794NASCIMENTOR,2025-05-07,160054,1,7,0,125.0
10109794NASCIMENTOR_2025-05-07_G18,10109794NASCIMENTOR,2025-05-07,110373,1,40,0,1460.0
10109794NASCIMENTOR_2025-05-07_G20,10109794NASCIMENTOR,2025-05-07,118286,1,2,0,1754.0
10109794NASCIMENTOR_2025-05-07_G21,10109794NASCIMENTOR,2025-05-07,100334,1,74,0,878.0
10109794NASCIMENTOR_2025-05-07_G22,10109794NASCIMENTOR,2025-05-07,111441,1,65,0,1556.0
10109794NASCIMENTOR_2025-05-07_G23,10109794NASCIMENTOR,2025-05-07,100334,1,1,0,126.0
10109794NASCIMENTOR_2025-05-07_G24,10109794NASCIMENTOR,2025-05-07,110841,1,3,0,124.0
10109794NASCIMENTOR_2025-05-07_G25,10109794NASCIMENTOR,2025-05-07,118418,1,1,0,75.0
10109794NASCIMENTOR_2025-05-07_G26,10109794NASCIMENTOR,2025-05-07,103149,1,1,0,55.0
10109794NASCIMENTOR_2025-05-07_G27,10109794NASCIMENTOR,2025-05-07,118290,1,1,0,124.0
10109794NASCIMENTOR_2025-05-07_G28,10109794NASCIMENTOR,2025-05-07,115775,1,1,0,34.0
10109794NASCIMENTOR_2025-05-07_G29,10109794NASCIMENTOR,2025-05-07,110112,1,6,0,172.0
10109794NASCIMENTOR_2025-05-07_G30,10109794NASCIMENTOR,2025-05-07,109873,1,3,0,86.0
10109794NASCIMENTOR_2025-05-07_G31,10109794NASCIMENTOR,2025-05-07,117789,1,1,0,117.0
10109794NASCIMENTOR_2025-05-07_G32,10109794NASCIMENTOR,2025-05-07,111110,1,4,0,167.0
10109794NASCIMENTOR_2025-05-07_G33,10109794NASCIMENTOR,2025-05-07,115234,1,1,0,51.0
10109794NASCIMENTOR_2025-05-07_G34,10109794NASCIMENTOR,2025-05-07,108410,1,2,0,253.0
10109794NASCIMENTOR_2025-05-07_G35,10109794NASCIMENTOR,2025-05-07,107254,1,4,0,327.0
10109794NASCIMENTOR_2025-05-07_G36,10109794NASCIMENTOR,2025-05-07,118222,1,92,0,2219.0
10109794NASCIMENTOR_2025-05-08_G02,10109794NASCIMENTOR,2025-05-08,117835,1,4,0,437.0
10109794NASCIMENTOR_2025-05-08_G03,10109794NASCIMENTOR,2025-05-08,114102,1,9,0,259.0
10109794NASCIMENTOR_2025-05-08_G04,10109794NASCIMENTOR,2025-05-08,111660,1,23,0,1005.0
10109794NASCIMENTOR_2025-05-08_G05,10109794NASCIMENTOR,2025-05-08,108770,1,3,0,228.0
10109794NASCIMENTOR_2025-05-08_G06,10109794NASCIMENTOR,2025-05-08,109974,1,3,0,268.0
10109794NASCIMENTOR_2025-05-08_G07,10109794NASCIMENTOR,2025-05-08,118283,1,39,0,868.0
10109794NASCIMENTOR_2025-05-08_G08,10109794NASCIMENTOR,2025-05-08,111438,1,93,0,536.0
10109794NASCIMENTOR_2025-05-08_G09,10109794NASCIMENTOR,2025-05-08,"140915, 118364, 118280",3,45,14,692.0
10109794NASCIMENTOR_2025-05-08_G10,10109794NASCIMENTOR,2025-05-08,117809,1,8,0,1604.0
10109794NASCIMENTOR_2025-05-08_G11,10109794NASCIMENTOR,2025-05-08,117830,1,9,0,305.0
10109794NASCIMENTOR_2025-05-08_G12,10109794NASCIMENTOR,2025-05-08,117830,1,12,0,175.0
10109794NASCIMENTOR_2025-05-08_G14,10109794NASCIMENTOR,2025-05-08,111438,1,1,0,231.0
10109794NASCIMENTOR_2025-05-08_G15,10109794NASCIMENTOR,2025-05-08,110895,1,4,0,72.0
10109794NASCIMENTOR_2025-05-08_G16,10109794NASCIMENTOR,2025-05-08,107629,1,2,0,149.0
10109794NASCIMENTOR_2025-05-08_G17,10109794NASCIMENTOR,2025-05-08,110339,1,4,0,104.0
10109794NASCIMENTOR_2025-05-08_G18,10109794NASCIMENTOR,2025-05-08,111530,1,4,0,173.0
10109794NASCIMENTOR_2025-05-08_G19,10109794NASCIMENTOR,2025-05-08,117856,1,4,0,172.0
10109794NASCIMENTOR_2025-05-08_G20,10109794NASCIMENTOR,2025-05-08,111444,1,2,0,464.0
10109794NASCIMENTOR_2025-05-08_G21,10109794NASCIMENTOR,2025-05-08,111463,1,1,0,274.0
10109794NASCIMENTOR_2025-05-08_G22,10109794NASCIMENTOR,2025-05-08,117785,1,2,0,58.0
10109794NASCIMENTOR_2025-05-08_G23,10109794NASCIMENTOR,2025-05-08,117833,1,4,0,191.0
10109794NASCIMENTOR_2025-05-08_G24,10109794NASCIMENTOR,2025-05-08,140922,1,4,0,136.0
10109794NASCIMENTOR_2025-05-08_G25,10109794NASCIMENTOR,2025-05-08,111418,1,2,0,189.0
10109794NASCIMENTOR_2025-05-08_G26,10109794NASCIMENTOR,2025-05-08,117838,1,2,0,102.0
10109794NASCIMENTOR_2025-05-08_G27,10109794NASCIMENTOR,2025-05-08,118299,1,14,0,901.0
10109794NASCIMENTOR_2025-05-08_G28,10109794NASCIMENTOR,2025-05-08,110373,1,4,0,184.0
10109794NASCIMENTOR_2025-05-08_G29,10109794NASCIMENTOR,2025-05-08,110372,1,9,0,128.0
10109794NASCIMENTOR_2025-05-08_G30,10109794NASCIMENTOR,2025-05-08,110371,1,6,0,196.0
10109794NASCIMENTOR_2025-05-08_G31,10109794NASCIMENTOR,2025-05-08,"117808, 117809",2,11,5,272.0
10109794NASCIMENTOR_2025-05-08_G32,10109794NASCIMENTOR,2025-05-08,110325,1,4,0,378.0
10109794NASCIMENTOR_2025-05-08_G33,10109794NASCIMENTOR,2025-05-08,110325,1,4,0,52.0
10109794NASCIMENTOR_2025-05-08_G34,10109794NASCIMENTOR,2025-05-08,117820,1,6,0,185.0
10109794NASCIMENTOR_2025-05-08_G35,10109794NASCIMENTOR,2025-05-08,118299,1,7,0,180.0
10109794NASCIMENTOR_2025-05-08_G36,10109794NASCIMENTOR,2025-05-08,110374,1,4,0,114.0
10109794NASCIMENTOR_2025-05-08_G37,10109794NASCIMENTOR,2025-05-08,110372,1,20,0,208.0
10109794NASCIMENTOR_2025-05-08_G38,10109794NASCIMENTOR,2025-05-08,117808,1,1,0,142.0
10109794NASCIMENTOR_2025-05-08_G39,10109794NASCIMENTOR,2025-05-08,117830,1,6,0,267.0
10109794NASCIMENTOR_2025-05-08_G40,10109794NASCIMENTOR,2025-05-08,111468,1,2,0,472.0
10109794NASCIMENTOR_2025-05-08_G41,10109794NASCIMENTOR,2025-05-08,111444,1,2,0,269.0
10109794NASCIMENTOR_2025-05-08_G42,10109794NASCIMENTOR,2025-05-08,110740,1,2,0,188.0
10109794NASCIMENTOR_2025-05-08_G43,10109794NASCIMENTOR,2025-05-08,108795,1,4,0,191.0
10109794NASCIMENTOR_2025-05-08_G44,10109794NASCIMENTOR,2025-05-08,111469,1,4,0,134.0
10109794NASCIMENTOR_2025-05-08_G45,10109794NASCIMENTOR,2025-05-08,117821,1,4,0,88.0
10109794NASCIMENTOR_2025-05-08_G46,10109794NASCIMENTOR,2025-05-08,111462,1,2,0,63.0
10109794NASCIMENTOR_2025-05-08_G47,10109794NASCIMENTOR,2025-05-08,108711,1,1,0,86.0
10109794NASCIMENTOR_2025-05-08_G48,10109794NASCIMENTOR,2025-05-08,105705,1,1,0,55.0
10109794NASCIMENTOR_2025-05-08_G49,10109794NASCIMENTOR,2025-05-08,108794,1,2,0,198.0
10109794NASCIMENTOR_2025-05-08_G50,10109794NASCIMENTOR,2025-05-08,117831,1,2,0,62.0
10109794NASCIMENTOR_2025-05-08_G51,10109794NASCIMENTOR,2025-05-08,107236,1,2,0,113.0
10109794NASCIMENTOR_2025-05-08_G52,10109794NASCIMENTOR,2025-05-08,110373,1,2,0,544.0
10109794NASCIMENTOR_2025-05-08_G53,10109794NASCIMENTOR,2025-05-08,117830,1,2,0,126.0
10109794NASCIMENTOR_2025-05-08_G54,10109794NASCIMENTOR,2025-05-08,110375,1,2,0,64.0
10109794NASCIMENTOR_2025-05-08_G55,10109794NASCIMENTOR,2025-05-08,117809,1,2,0,79.0
10109794NASCIMENTOR_2025-05-08_G56,10109794NASCIMENTOR,2025-05-08,160051,1,1,0,75.0
10109794NASCIMENTOR_2025-05-08_G57,10109794NASCIMENTOR,2025-05-08,110313,1,4,0,165.0
10109794NASCIMENTOR_2025-05-08_G58,10109794NASCIMENTOR,2025-05-08,"111439, 117856",2,8,14,109.0
10109794NASCIMENTOR_2025-05-09_G02,10109794NASCIMENTOR,2025-05-09,110373,1,2,0,115.0
10109794NASCIMENTOR_2025-05-09_G03,10109794NASCIMENTOR,2025-05-09,107830,1,4,0,106.0
10109794NASCIMENTOR_2025-05-09_G04,10109794NASCIMENTOR,2025-05-09,110375,1,2,0,86.0
10109794NASCIMENTOR_2025-05-09_G05,10109794NASCIMENTOR,2025-05-09,110371,1,6,0,126.0
10109794NASCIMENTOR_2025-05-09_G06,10109794NASCIMENTOR,2025-05-09,109643,1,2,0,133.0
10109794NASCIMENTOR_2025-05-09_G07,10109794NASCIMENTOR,2025-05-09,110747,1,2,0,172.0
10109794NASCIMENTOR_2025-05-09_G08,10109794NASCIMENTOR,2025-05-09,110755,1,2,0,73.0
10109794NASCIMENTOR_2025-05-09_G09,10109794NASCIMENTOR,2025-05-09,118298,1,2,0,236.0
10109794NASCIMENTOR_2025-05-09_G10,10109794NASCIMENTOR,2025-05-09,111602,1,1,0,144.0
10109794NASCIMENTOR_2025-05-09_G11,10109794NASCIMENTOR,2025-05-09,117820,1,20,0,343.0
10109794NASCIMENTOR_2025-05-09_G12,10109794NASCIMENTOR,2025-05-09,118299,1,50,0,148.0
10109794NASCIMENTOR_2025-05-09_G13,10109794NASCIMENTOR,2025-05-09,110373,1,10,0,349.0
10109794NASCIMENTOR_2025-05-09_G14,10109794NASCIMENTOR,2025-05-09,110374,1,10,0,100.0
10109794NASCIMENTOR_2025-05-09_G15,10109794NASCIMENTOR,2025-05-09,117830,1,10,0,295.0
10109794NASCIMENTOR_2025-05-09_G16,10109794NASCIMENTOR,2025-05-09,118299,1,7,0,1491.0
10109794NASCIMENTOR_2025-05-09_G17,10109794NASCIMENTOR,2025-05-09,110374,1,1,0,104.0
10109794NASCIMENTOR_2025-05-09_G18,10109794NASCIMENTOR,2025-05-09,110372,1,11,0,223.0
10109794NASCIMENTOR_2025-05-09_G19,10109794NASCIMENTOR,2025-05-09,117830,1,1,0,161.0
10109794NASCIMENTOR_2025-05-09_G20,10109794NASCIMENTOR,2025-05-09,111443,1,1,0,205.0
10109794NASCIMENTOR_2025-05-09_G21,10109794NASCIMENTOR,2025-05-09,110740,1,1,0,148.0
10109794NASCIMENTOR_2025-05-09_G22,10109794NASCIMENTOR,2025-05-09,111469,1,9,0,307.0
10109794NASCIMENTOR_2025-05-09_G23,10109794NASCIMENTOR,2025-05-09,117785,1,3,0,1097.0
10109794NASCIMENTOR_2025-05-09_G24,10109794NASCIMENTOR,2025-05-09,111418,1,8,0,182.0
10109794NASCIMENTOR_2025-05-09_G25,10109794NASCIMENTOR,2025-05-09,118140,1,8,0,143.0
10109794NASCIMENTOR_2025-05-09_G26,10109794NASCIMENTOR,2025-05-09,117862,1,2,0,171.0
10109794NASCIMENTOR_2025-05-09_G27,10109794NASCIMENTOR,2025-05-09,117855,1,3,0,135.0
10109794NASCIMENTOR_2025-05-09_G28,10109794NASCIMENTOR,2025-05-09,117786,1,1,0,87.0
10109794NASCIMENTOR_2025-05-09_G29,10109794NASCIMENTOR,2025-05-09,118417,1,1,0,432.0
10109794NASCIMENTOR_2025-05-09_G30,10109794NASCIMENTOR,2025-05-09,118418,1,5,0,169.0
10109794NASCIMENTOR_2025-05-09_G31,10109794NASCIMENTOR,2025-05-09,110895,1,2,0,228.0
10109794NASCIMENTOR_2025-05-09_G32,10109794NASCIMENTOR,2025-05-09,117785,1,3,0,125.0
10109794NASCIMENTOR_2025-05-09_G33,10109794NASCIMENTOR,2025-05-09,110372,1,7,0,219.0
10109794NASCIMENTOR_2025-05-09_G35,10109794NASCIMENTOR,2025-05-09,117831,1,14,0,272.0
10109794NASCIMENTOR_2025-05-09_G36,10109794NASCIMENTOR,2025-05-09,110372,1,12,0,205.0
10109794NASCIMENTOR_2025-05-09_G37,10109794NASCIMENTOR,2025-05-09,117808,1,10,0,222.0
10109794NASCIMENTOR_2025-05-09_G38,10109794NASCIMENTOR,2025-05-09,117809,1,10,0,86.0
10109794NASCIMENTOR_2025-05-09_G39,10109794NASCIMENTOR,2025-05-09,110371,1,40,0,531.0
10109794NASCIMENTOR_2025-05-09_G40,10109794NASCIMENTOR,2025-05-09,118094,1,4,0,155.0
10109794NASCIMENTOR_2025-05-09_G41,10109794NASCIMENTOR,2025-05-09,111530,1,4,0,256.0
10109794NASCIMENTOR_2025-05-09_G42,10109794NASCIMENTOR,2025-05-09,111532,1,4,0,132.0
10109794NASCIMENTOR_2025-05-09_G43,10109794NASCIMENTOR,2025-05-09,111602,1,8,0,313.0
10109794NASCIMENTOR_2025-05-09_G44,10109794NASCIMENTOR,2025-05-09,111462,1,4,0,210.0
10109794NASCIMENTOR_2025-05-09_G45,10109794NASCIMENTOR,2025-05-09,110733,1,2,0,197.0
10109794NASCIMENTOR_2025-05-09_G46,10109794NASCIMENTOR,2025-05-09,109647,1,2,0,440.0
10109794NASCIMENTOR_2025-05-09_G47,10109794NASCIMENTOR,2025-05-09,117820,1,4,0,545.0
10109794NASCIMENTOR_2025-05-09_G48,10109794NASCIMENTOR,2025-05-09,110325,1,2,0,430.0
10109794NASCIMENTOR_2025-05-09_G49,10109794NASCIMENTOR,2025-05-09,117820,1,8,0,93.0
10109794NASCIMENTOR_2025-05-09_G50,10109794NASCIMENTOR,2025-05-09,118299,1,24,0,327.0
10109794NASCIMENTOR_2025-05-09_G51,10109794NASCIMENTOR,2025-05-09,110373,1,7,0,122.0
10109794NASCIMENTOR_2025-05-09_G52,10109794NASCIMENTOR,2025-05-09,110372,1,16,0,263.0
10109794NASCIMENTOR_2025-05-09_G53,10109794NASCIMENTOR,2025-05-09,117822,1,2,0,584.0
10109794NASCIMENTOR_2025-05-09_G54,10109794NASCIMENTOR,2025-05-09,117832,1,4,0,187.0
10109794NASCIMENTOR_2025-05-09_G55,10109794NASCIMENTOR,2025-05-09,117830,1,4,0,66.0
10109794NASCIMENTOR_2025-05-09_G56,10109794NASCIMENTOR,2025-05-09,110371,1,15,0,190.0
10109794NASCIMENTOR_2025-05-09_G57,10109794NASCIMENTOR,2025-05-09,141202,1,3,0,113.0
10109794NASCIMENTOR_2025-05-09_G58,10109794NASCIMENTOR,2025-05-09,117808,1,25,0,274.0
10109794NASCIMENTOR_2025-05-09_G59,10109794NASCIMENTOR,2025-05-09,111469,1,4,0,387.0
10109794NASCIMENTOR_2025-05-09_G60,10109794NASCIMENTOR,2025-05-09,111462,1,8,0,323.0
10109794NASCIMENTOR_2025-05-09_G61,10109794NASCIMENTOR,2025-05-09,108711,1,4,0,91.0
10109794NASCIMENTOR_2025-05-09_G62,10109794NASCIMENTOR,2025-05-09,140922,1,3,0,58.0
10109794NASCIMENTOR_2025-05-09_G63,10109794NASCIMENTOR,2025-05-09,111466,1,6,0,166.0
10109794NASCIMENTOR_2025-05-09_G64,10109794NASCIMENTOR,2025-05-09,108794,1,4,0,417.0
10109794NASCIMENTOR_2025-05-09_G65,10109794NASCIMENTOR,2025-05-09,111418,1,6,0,100.0
10109794NASCIMENTOR_2025-05-09_G66,10109794NASCIMENTOR,2025-05-09,117831,1,6,0,115.0
10109794NASCIMENTOR_2025-05-09_G67,10109794NASCIMENTOR,2025-05-09,109645,1,2,0,118.0
10109794NASCIMENTOR_2025-05-09_G68,10109794NASCIMENTOR,2025-05-09,118140,1,3,0,58.0
10109794NASCIMENTOR_2025-05-09_G69,10109794NASCIMENTOR,2025-05-09,111330,1,4,0,129.0
10109794NASCIMENTOR_2025-05-09_G70,10109794NASCIMENTOR,2025-05-09,111442,1,2,0,98.0
10109794NASCIMENTOR_2025-05-09_G71,10109794NASCIMENTOR,2025-05-09,111465,1,4,0,131.0
10109794NASCIMENTOR_2025-05-09_G72,10109794NASCIMENTOR,2025-05-09,110129,1,4,0,223.0
10109794NASCIMENTOR_2025-05-09_G73,10109794NASCIMENTOR,2025-05-09,108711,1,6,0,353.0
10109794NASCIMENTOR_2025-05-10_G02,10109794NASCIMENTOR,2025-05-10,110373,1,4,0,134.0
10109794NASCIMENTOR_2025-05-10_G03,10109794NASCIMENTOR,2025-05-10,110747,1,4,0,2668.0
10109794NASCIMENTOR_2025-05-10_G04,10109794NASCIMENTOR,2025-05-10,117856,1,1,0,239.0
10109794NASCIMENTOR_2025-05-10_G05,10109794NASCIMENTOR,2025-05-10,111467,1,137,0,656.0
10109794NASCIMENTOR_2025-05-10_G06,10109794NASCIMENTOR,2025-05-10,110373,1,240,0,1088.0
10109794NASCIMENTOR_2025-05-10_G07,10109794NASCIMENTOR,2025-05-10,117832,1,10,0,1242.0
10109794NASCIMENTOR_2025-05-10_G08,10109794NASCIMENTOR,2025-05-10,111172,1,28,0,537.0
10109794NASCIMENTOR_2025-05-10_G09,10109794NASCIMENTOR,2025-05-10,117785,1,30,0,488.0
10109794NASCIMENTOR_2025-05-11_G02,10109794NASCIMENTOR,2025-05-11,111430,1,4,0,316.0
10109794NASCIMENTOR_2025-05-11_G03,10109794NASCIMENTOR,2025-05-11,111443,1,2,0,243.0
10109794NASCIMENTOR_2025-05-11_G04,10109794NASCIMENTOR,2025-05-11,111466,1,4,0,112.0
10109794NASCIMENTOR_2025-05-11_G05,10109794NASCIMENTOR,2025-05-11,111569,1,47,0,610.0
10109794NASCIMENTOR_2025-05-11_G06,10109794NASCIMENTOR,2025-05-11,111441,1,5,0,596.0
10109794NASCIMENTOR_2025-05-11_G07,10109794NASCIMENTOR,2025-05-11,111430,1,2,0,94.0
10109794NASCIMENTOR_2025-05-11_G08,10109794NASCIMENTOR,2025-05-11,110755,1,5,0,165.0
10109794NASCIMENTOR_2025-05-11_G09,10109794NASCIMENTOR,2025-05-11,118222,1,6,0,132.0
10109794NASCIMENTOR_2025-05-11_G10,10109794NASCIMENTOR,2025-05-11,110325,1,2,0,1412.0
10109794NASCIMENTOR_2025-05-11_G11,10109794NASCIMENTOR,2025-05-11,110373,1,8,0,190.0
10109794NASCIMENTOR_2025-05-11_G12,10109794NASCIMENTOR,2025-05-11,110374,1,34,0,308.0
10109794NASCIMENTOR_2025-05-11_G13,10109794NASCIMENTOR,2025-05-11,110372,1,57,0,512.0
10109794NASCIMENTOR_2025-05-11_G14,10109794NASCIMENTOR,2025-05-11,118299,1,124,0,485.0
10109794NASCIMENTOR_2025-05-11_G15,10109794NASCIMENTOR,2025-05-11,111469,1,20,0,909.0
10109794NASCIMENTOR_2025-05-11_G16,10109794NASCIMENTOR,2025-05-11,111462,1,5,0,100.0
10109794NASCIMENTOR_2025-05-11_G17,10109794NASCIMENTOR,2025-05-11,111463,1,8,0,990.0
10109794NASCIMENTOR_2025-05-11_G18,10109794NASCIMENTOR,2025-05-11,118140,1,23,0,1127.0
10109794NASCIMENTOR_2025-05-12_G02,10109794NASCIMENTOR,2025-05-12,117831,1,4,0,447.0
10109794NASCIMENTOR_2025-05-12_G03,10109794NASCIMENTOR,2025-05-12,111330,1,2,0,134.0
10109794NASCIMENTOR_2025-05-12_G04,10109794NASCIMENTOR,2025-05-12,111443,1,2,0,253.0
10109794NASCIMENTOR_2025-05-12_G05,10109794NASCIMENTOR,2025-05-12,111466,1,40,0,1037.0
10109794NASCIMENTOR_2025-05-12_G06,10109794NASCIMENTOR,2025-05-12,117785,1,70,0,902.0
10109794NASCIMENTOR_2025-05-12_G07,10109794NASCIMENTOR,2025-05-12,110515,1,28,0,476.0
10109794NASCIMENTOR_2025-05-12_G08,10109794NASCIMENTOR,2025-05-12,111602,1,14,0,217.0
10109794NASCIMENTOR_2025-05-12_G09,10109794NASCIMENTOR,2025-05-12,110374,1,10,0,1644.0
10109794NASCIMENTOR_2025-05-12_G10,10109794NASCIMENTOR,2025-05-12,117832,1,4,0,304.0
10109794NASCIMENTOR_2025-05-12_G11,10109794NASCIMENTOR,2025-05-12,117830,1,4,0,201.0
10109794NASCIMENTOR_2025-05-12_G12,10109794NASCIMENTOR,2025-05-12,110515,1,2,0,98.0
10109794NASCIMENTOR_2025-05-12_G13,10109794NASCIMENTOR,2025-05-12,111602,1,1,0,106.0
10109794NASCIMENTOR_2025-05-12_G14,10109794NASCIMENTOR,2025-05-12,111469,1,8,0,571.0
10109794NASCIMENTOR_2025-05-12_G15,10109794NASCIMENTOR,2025-05-12,111433,1,4,0,248.0
10109794NASCIMENTOR_2025-05-12_G16,10109794NASCIMENTOR,2025-05-12,118140,1,4,0,69.0
10109794NASCIMENTOR_2025-05-12_G17,10109794NASCIMENTOR,2025-05-12,108711,1,3,0,118.0
10109794NASCIMENTOR_2025-05-12_G18,10109794NASCIMENTOR,2025-05-12,111466,1,2,0,267.0
10109794NASCIMENTOR_2025-05-12_G19,10109794NASCIMENTOR,2025-05-12,111532,1,1,0,65.0
10109794NASCIMENTOR_2025-05-12_G20,10109794NASCIMENTOR,2025-05-12,111418,1,10,0,322.0
10109794NASCIMENTOR_2025-05-12_G21,10109794NASCIMENTOR,2025-05-12,100334,1,2,0,888.0
10109794NASCIMENTOR_2025-05-12_G22,10109794NASCIMENTOR,2025-05-12,118222,1,4,0,118.0
10109794NASCIMENTOR_2025-05-12_G23,10109794NASCIMENTOR,2025-05-12,111569,1,6,0,102.0
10109794NASCIMENTOR_2025-05-12_G24,10109794NASCIMENTOR,2025-05-12,110895,1,2,0,297.0
10109794NASCIMENTOR_2025-05-12_G26,10109794NASCIMENTOR,2025-05-12,108770,1,6,0,157.0
10109794NASCIMENTOR_2025-05-12_G27,10109794NASCIMENTOR,2025-05-12,108770,1,4,0,190.0
10109794NASCIMENTOR_2025-05-12_G28,10109794NASCIMENTOR,2025-05-12,118094,1,30,0,1461.0
10109794NASCIMENTOR_2025-05-12_G29,10109794NASCIMENTOR,2025-05-12,108772,1,8,0,165.0
10109794NASCIMENTOR_2025-05-12_G30,10109794NASCIMENTOR,2025-05-12,110339,1,8,0,535.0
10109794NASCIMENTOR_2025-05-12_G31,10109794NASCIMENTOR,2025-05-12,109647,1,4,0,110.0
10109794NASCIMENTOR_2025-05-12_G32,10109794NASCIMENTOR,2025-05-12,117837,1,4,0,125.0
10109794NASCIMENTOR_2025-05-12_G33,10109794NASCIMENTOR,2025-05-12,117862,1,20,0,833.0
10109794NASCIMENTOR_2025-05-12_G34,10109794NASCIMENTOR,2025-05-12,111530,1,25,0,343.0
10109794NASCIMENTOR_2025-05-12_G35,10109794NASCIMENTOR,2025-05-12,117855,1,8,0,234.0
10109794NASCIMENTOR_2025-05-12_G36,10109794NASCIMENTOR,2025-05-12,111467,1,6,0,399.0
10109794NASCIMENTOR_2025-05-12_G37,10109794NASCIMENTOR,2025-05-12,117853,1,7,0,470.0
10109794NASCIMENTOR_2025-05-12_G38,10109794NASCIMENTOR,2025-05-12,111439,1,16,0,369.0
10109794NASCIMENTOR_2025-05-12_G39,10109794NASCIMENTOR,2025-05-12,111439,1,6,0,155.0
10109794NASCIMENTOR_2025-05-12_G40,10109794NASCIMENTOR,2025-05-12,117856,2,14,15,275.0
10109794NASCIMENTOR_2025-05-12_G41,10109794NASCIMENTOR,2025-05-12,117786,1,12,0,446.0
10109794NASCIMENTOR_2025-05-12_G42,10109794NASCIMENTOR,2025-05-12,110515,1,5,0,220.0
10109794NASCIMENTOR_2025-05-12_G43,10109794NASCIMENTOR,2025-05-12,110711,2,13,7,604.0
10109794NASCIMENTOR_2025-05-13_G02,10109794NASCIMENTOR,2025-05-13,110755,1,50,0,734.0
10109794NASCIMENTOR_2025-05-13_G03,10109794NASCIMENTOR,2025-05-13,110895,1,9,0,1453.0
10109794NASCIMENTOR_2025-05-13_G04,10109794NASCIMENTOR,2025-05-13,111569,1,18,0,409.0
10109794NASCIMENTOR_2025-05-13_G05,10109794NASCIMENTOR,2025-05-13,111438,1,50,0,350.0
10109794NASCIMENTOR_2025-05-13_G06,10109794NASCIMENTOR,2025-05-13,111532,1,281,0,1758.0
10109794NASCIMENTOR_2025-05-13_G07,10109794NASCIMENTOR,2025-05-13,109647,1,460,0,2727.0
10109794NASCIMENTOR_2025-05-14_G02,10109794NASCIMENTOR,2025-05-14,111530,1,7,0,398.0
10109794NASCIMENTOR_2025-05-14_G03,10109794NASCIMENTOR,2025-05-14,117788,1,4,0,187.0
10109794NASCIMENTOR_2025-05-14_G04,10109794NASCIMENTOR,2025-05-14,140922,1,20,0,1127.0
10109794NASCIMENTOR_2025-05-14_G05,10109794NASCIMENTOR,2025-05-14,117821,1,2,0,71.0
10109794NASCIMENTOR_2025-05-14_G06,10109794NASCIMENTOR,2025-05-14,111466,1,14,0,90.0
10109794NASCIMENTOR_2025-05-14_G07,10109794NASCIMENTOR,2025-05-14,111465,1,2,0,120.0
10109794NASCIMENTOR_2025-05-14_G08,10109794NASCIMENTOR,2025-05-14,111435,1,2,0,1564.0
10109794NASCIMENTOR_2025-05-14_G09,10109794NASCIMENTOR,2025-05-14,111469,1,59,0,655.0
10109794NASCIMENTOR_2025-05-14_G10,10109794NASCIMENTOR,2025-05-14,111532,1,34,0,461.0
10109794NASCIMENTOR_2025-05-14_G11,10109794NASCIMENTOR,2025-05-14,117785,1,30,0,848.0
10109794NASCIMENTOR_2025-05-14_G12,10109794NASCIMENTOR,2025-05-14,111418,1,62,0,858.0
10109794NASCIMENTOR_2025-05-14_G13,10109794NASCIMENTOR,2025-05-14,117830,1,6,0,297.0
10109794NASCIMENTOR_2025-05-14_G14,10109794NASCIMENTOR,2025-05-14,110374,1,14,0,202.0
10109794NASCIMENTOR_2025-05-14_G15,10109794NASCIMENTOR,2025-05-14,110372,1,116,0,446.0
10109794NASCIMENTOR_2025-05-14_G16,10109794NASCIMENTOR,2025-05-14,117820,1,80,0,523.0
10109794NASCIMENTOR_2025-05-14_G17,10109794NASCIMENTOR,2025-05-14,110371,1,42,0,566.0
10109794NASCIMENTOR_2025-05-14_G18,10109794NASCIMENTOR,2025-05-14,110373,1,74,0,533.0
10109794NASCIMENTOR_2025-05-14_G19,10109794NASCIMENTOR,2025-05-14,117862,1,65,0,463.0
10109794NASCIMENTOR_2025-05-15_G02,10109794NASCIMENTOR,2025-05-15,108711,1,94,0,418.0
10109794NASCIMENTOR_2025-05-15_G03,10109794NASCIMENTOR,2025-05-15,140922,1,110,0,1475.0
10109794NASCIMENTOR_2025-05-15_G04,10109794NASCIMENTOR,2025-05-15,118317,1,7,0,185.0
10109794NASCIMENTOR_2025-05-15_G05,10109794NASCIMENTOR,2025-05-15,141047,1,90,0,2574.0
10109794NASCIMENTOR_2025-05-15_G06,10109794NASCIMENTOR,2025-05-15,117862,1,100,0,644.0
10109794NASCIMENTOR_2025-05-15_G08,10109794NASCIMENTOR,2025-05-15,118140,1,8,0,227.0
10109794NASCIMENTOR_2025-05-15_G09,10109794NASCIMENTOR,2025-05-15,111465,1,5,0,117.0
10109794NASCIMENTOR_2025-05-15_G10,10109794NASCIMENTOR,2025-05-15,118004,1,2,0,797.0
10109794NASCIMENTOR_2025-05-15_G11,10109794NASCIMENTOR,2025-05-15,111438,1,8,0,385.0
10109794NASCIMENTOR_2025-05-15_G12,10109794NASCIMENTOR,2025-05-15,111569,1,6,0,199.0
10109794NASCIMENTOR_2025-05-15_G13,10109794NASCIMENTOR,2025-05-15,118094,1,4,0,288.0
10109794NASCIMENTOR_2025-05-15_G14,10109794NASCIMENTOR,2025-05-15,109647,1,7,0,85.0
10109794NASCIMENTOR_2025-05-15_G15,10109794NASCIMENTOR,2025-05-15,110339,2,11,11,306.0
10109794NASCIMENTOR_2025-05-15_G16,10109794NASCIMENTOR,2025-05-15,111530,1,2,0,172.0
10109794NASCIMENTOR_2025-05-15_G17,10109794NASCIMENTOR,2025-05-15,110373,1,16,0,291.0
10109794NASCIMENTOR_2025-05-15_G18,10109794NASCIMENTOR,2025-05-15,110374,1,19,0,278.0
10109794NASCIMENTOR_2025-05-15_G19,10109794NASCIMENTOR,2025-05-15,110372,1,21,0,151.0
10109794NASCIMENTOR_2025-05-15_G20,10109794NASCIMENTOR,2025-05-15,117820,2,57,8,514.0
10109794NASCIMENTOR_2025-05-15_G21,10109794NASCIMENTOR,2025-05-15,118299,2,42,6,520.0
10109794NASCIMENTOR_2025-05-15_G22,10109794NASCIMENTOR,2025-05-15,110740,1,8,0,378.0
10109794NASCIMENTOR_2025-05-15_G23,10109794NASCIMENTOR,2025-05-15,111462,1,10,0,109.0
10109794NASCIMENTOR_2025-05-15_G24,10109794NASCIMENTOR,2025-05-15,109641,1,10,0,135.0
10109794NASCIMENTOR_2025-05-15_G25,10109794NASCIMENTOR,2025-05-15,117821,1,4,0,224.0
10109794NASCIMENTOR_2025-05-15_G26,10109794NASCIMENTOR,2025-05-15,118140,1,7,0,60.0
10109794NASCIMENTOR_2025-05-15_G27,10109794NASCIMENTOR,2025-05-15,111418,1,9,0,203.0
10109794NASCIMENTOR_2025-05-15_G28,10109794NASCIMENTOR,2025-05-15,111465,2,6,8,159.0
10109794NASCIMENTOR_2025-05-15_G29,10109794NASCIMENTOR,2025-05-15,109645,1,14,0,237.0
10109794NASCIMENTOR_2025-05-15_G30,10109794NASCIMENTOR,2025-05-15,117808,1,165,0,869.0
10109794NASCIMENTOR_2025-05-16_G02,10109794NASCIMENTOR,2025-05-16,117855,1,4,0,206.0
10109794NASCIMENTOR_2025-05-16_G03,10109794NASCIMENTOR,2025-05-16,117832,1,12,0,1370.0
10109794NASCIMENTOR_2025-05-16_G04,10109794NASCIMENTOR,2025-05-16,111441,1,4,0,349.0
10109794NASCIMENTOR_2025-05-16_G05,10109794NASCIMENTOR,2025-05-16,110755,1,4,0,138.0
10109794NASCIMENTOR_2025-05-16_G06,10109794NASCIMENTOR,2025-05-16,140922,1,4,0,191.0
10109794NASCIMENTOR_2025-05-16_G07,10109794NASCIMENTOR,2025-05-16,111463,1,12,0,181.0
10109794NASCIMENTOR_2025-05-16_G08,10109794NASCIMENTOR,2025-05-16,117841,1,5,0,410.0
10109794NASCIMENTOR_2025-05-16_G09,10109794NASCIMENTOR,2025-05-16,109933,2,8,7,1174.0
10109794NASCIMENTOR_2025-05-16_G10,10109794NASCIMENTOR,2025-05-16,118299,1,16,0,227.0
10109794NASCIMENTOR_2025-05-16_G11,10109794NASCIMENTOR,2025-05-16,109640,1,4,0,250.0
10109794NASCIMENTOR_2025-05-16_G12,10109794NASCIMENTOR,2025-05-16,111743,1,2,0,1388.0
10109794NASCIMENTOR_2025-05-16_G13,10109794NASCIMENTOR,2025-05-16,111443,3,6,12,258.0
10109794NASCIMENTOR_2025-05-16_G14,10109794NASCIMENTOR,2025-05-16,108795,1,8,0,860.0
10109794NASCIMENTOR_2025-05-16_G15,10109794NASCIMENTOR,2025-05-16,109641,1,8,0,155.0
10109794NASCIMENTOR_2025-05-16_G16,10109794NASCIMENTOR,2025-05-16,109647,1,2,0,793.0
10109794NASCIMENTOR_2025-05-16_G18,10109794NASCIMENTOR,2025-05-16,140915,1,4,0,445.0
10109794NASCIMENTOR_2025-05-16_G19,10109794NASCIMENTOR,2025-05-16,111438,1,16,0,813.0
10109794NASCIMENTOR_2025-05-16_G20,10109794NASCIMENTOR,2025-05-16,110751,1,10,0,429.0
10109794NASCIMENTOR_2025-05-16_G21,10109794NASCIMENTOR,2025-05-16,117832,1,8,0,2488.0
10109794NASCIMENTOR_2025-05-16_G22,10109794NASCIMENTOR,2025-05-16,118222,1,4,0,145.0
10109794NASCIMENTOR_2025-05-16_G23,10109794NASCIMENTOR,2025-05-16,117834,1,9,0,129.0
10109794NASCIMENTOR_2025-05-16_G24,10109794NASCIMENTOR,2025-05-16,111441,1,4,0,575.0
10109794NASCIMENTOR_2025-05-16_G25,10109794NASCIMENTOR,2025-05-16,118140,1,4,0,153.0
10109794NASCIMENTOR_2025-05-16_G26,10109794NASCIMENTOR,2025-05-16,111447,1,4,0,553.0
10109794NASCIMENTOR_2025-05-16_G27,10109794NASCIMENTOR,2025-05-16,111438,1,6,0,268.0
10109794NASCIMENTOR_2025-05-16_G28,10109794NASCIMENTOR,2025-05-16,118317,1,1,0,99.0
10109794NASCIMENTOR_2025-05-16_G29,10109794NASCIMENTOR,2025-05-16,117830,1,6,0,146.0
10109794NASCIMENTOR_2025-05-16_G30,10109794NASCIMENTOR,2025-05-16,117832,1,8,0,114.0
10109794NASCIMENTOR_2025-05-16_G31,10109794NASCIMENTOR,2025-05-16,108795,1,2,0,529.0
10109794NASCIMENTOR_2025-05-16_G32,10109794NASCIMENTOR,2025-05-16,105705,1,6,0,197.0
10109794NASCIMENTOR_2025-05-16_G33,10109794NASCIMENTOR,2025-05-16,108711,1,6,0,81.0
10109794NASCIMENTOR_2025-05-16_G34,10109794NASCIMENTOR,2025-05-16,111463,1,8,0,107.0
10109794NASCIMENTOR_2025-05-16_G35,10109794NASCIMENTOR,2025-05-16,108794,1,1,0,135.0
10109794NASCIMENTOR_2025-05-16_G36,10109794NASCIMENTOR,2025-05-16,111348,1,4,0,155.0
10109794NASCIMENTOR_2025-05-16_G37,10109794NASCIMENTOR,2025-05-16,107236,1,4,0,141.0
10109794NASCIMENTOR_2025-05-16_G38,10109794NASCIMENTOR,2025-05-16,117832,1,8,0,740.0
10109794NASCIMENTOR_2025-05-16_G39,10109794NASCIMENTOR,2025-05-16,110711,1,20,0,141.0
10109794NASCIMENTOR_2025-05-17_G02,10109794NASCIMENTOR,2025-05-17,111466,1,11,0,802.0
10109794NASCIMENTOR_2025-05-17_G03,10109794NASCIMENTOR,2025-05-17,117833,1,10,0,117.0
10109794NASCIMENTOR_2025-05-17_G04,10109794NASCIMENTOR,2025-05-17,108794,1,6,0,178.0
10109794NASCIMENTOR_2025-05-17_G05,10109794NASCIMENTOR,2025-05-17,110748,1,9,0,158.0
10109794NASCIMENTOR_2025-05-17_G06,10109794NASCIMENTOR,2025-05-17,111433,1,121,0,2715.0
10109794NASCIMENTOR_2025-05-17_G07,10109794NASCIMENTOR,2025-05-17,117787,1,21,0,606.0
10109794NASCIMENTOR_2025-05-17_G08,10109794NASCIMENTOR,2025-05-17,117821,1,13,0,212.0
10109794NASCIMENTOR_2025-05-17_G09,10109794NASCIMENTOR,2025-05-17,117821,2,101,27,47.0
10109794NASCIMENTOR_2025-05-17_G10,10109794NASCIMENTOR,2025-05-17,111532,1,117,0,879.0
10109794NASCIMENTOR_2025-05-17_G11,10109794NASCIMENTOR,2025-05-17,118317,1,37,0,1179.0
10109794NASCIMENTOR_2025-05-17_G12,10109794NASCIMENTOR,2025-05-17,111433,1,5,0,137.0
10109794NASCIMENTOR_2025-05-17_G13,10109794NASCIMENTOR,2025-05-17,118004,1,45,0,434.0
10109794NASCIMENTOR_2025-05-17_G14,10109794NASCIMENTOR,2025-05-17,117831,1,38,0,193.0
10109794NASCIMENTOR_2025-05-18_G02,10109794NASCIMENTOR,2025-05-18,110747,1,2,0,187.0
10109794NASCIMENTOR_2025-05-18_G03,10109794NASCIMENTOR,2025-05-18,110754,1,4,0,116.0
10109794NASCIMENTOR_2025-05-18_G04,10109794NASCIMENTOR,2025-05-18,118222,1,3,0,83.0
10109794NASCIMENTOR_2025-05-18_G05,10109794NASCIMENTOR,2025-05-18,118306,1,4,0,200.0
10109794NASCIMENTOR_2025-05-18_G06,10109794NASCIMENTOR,2025-05-18,111437,1,8,0,155.0
10109794NASCIMENTOR_2025-05-18_G07,10109794NASCIMENTOR,2025-05-18,111441,1,4,0,154.0
10109794NASCIMENTOR_2025-05-18_G08,10109794NASCIMENTOR,2025-05-18,114097,1,4,0,488.0
10109794NASCIMENTOR_2025-05-18_G09,10109794NASCIMENTOR,2025-05-18,111660,1,1,0,65.0
10109794NASCIMENTOR_2025-05-18_G10,10109794NASCIMENTOR,2025-05-18,111438,1,4,0,109.0
10109794NASCIMENTOR_2025-05-18_G11,10109794NASCIMENTOR,2025-05-18,141047,1,4,0,774.0
10109794NASCIMENTOR_2025-05-18_G12,10109794NASCIMENTOR,2025-05-18,111876,1,4,0,119.0
10109794NASCIMENTOR_2025-05-18_G13,10109794NASCIMENTOR,2025-05-18,118094,2,9,8,155.0
10109794NASCIMENTOR_2025-05-18_G14,10109794NASCIMENTOR,2025-05-18,111602,1,18,0,244.0
10109794NASCIMENTOR_2025-05-18_G15,10109794NASCIMENTOR,2025-05-18,111650,1,4,0,107.0
10109794NASCIMENTOR_2025-05-18_G16,10109794NASCIMENTOR,2025-05-18,110623,1,11,0,888.0
10109794NASCIMENTOR_2025-05-18_G17,10109794NASCIMENTOR,2025-05-18,117855,1,54,0,304.0
10109794NASCIMENTOR_2025-05-18_G18,10109794NASCIMENTOR,2025-05-18,117935,1,3,0,174.0
10109794NASCIMENTOR_2025-05-18_G19,10109794NASCIMENTOR,2025-05-18,117786,1,2,0,105.0
10109794NASCIMENTOR_2025-05-18_G20,10109794NASCIMENTOR,2025-05-18,117853,1,12,0,290.0
10109794NASCIMENTOR_2025-05-18_G21,10109794NASCIMENTOR,2025-05-18,110515,1,11,0,324.0
10109794NASCIMENTOR_2025-05-18_G22,10109794NASCIMENTOR,2025-05-18,111443,1,2,0,323.0
10109794NASCIMENTOR_2025-05-18_G23,10109794NASCIMENTOR,2025-05-18,110743,1,6,0,163.0
10109794NASCIMENTOR_2025-05-18_G24,10109794NASCIMENTOR,2025-05-18,110751,1,2,0,99.0
10109794NASCIMENTOR_2025-05-18_G25,10109794NASCIMENTOR,2025-05-18,111462,3,11,34,71.0
10109794NASCIMENTOR_2025-05-18_G26,10109794NASCIMENTOR,2025-05-18,117787,1,12,0,218.0
10109794NASCIMENTOR_2025-05-18_G27,10109794NASCIMENTOR,2025-05-18,111468,1,15,0,736.0
10109794NASCIMENTOR_2025-05-18_G28,10109794NASCIMENTOR,2025-05-18,110745,1,8,0,216.0
10109794NASCIMENTOR_2025-05-18_G29,10109794NASCIMENTOR,2025-05-18,117821,1,2,0,111.0
10109794NASCIMENTOR_2025-05-18_G30,10109794NASCIMENTOR,2025-05-18,111172,1,8,0,269.0
10109794NASCIMENTOR_2025-05-18_G31,10109794NASCIMENTOR,2025-05-18,117831,1,8,0,270.0
10109794NASCIMENTOR_2025-05-18_G32,10109794NASCIMENTOR,2025-05-18,111418,1,26,0,507.0
10109794NASCIMENTOR_2025-05-18_G33,10109794NASCIMENTOR,2025-05-18,115817,1,4,0,96.0
10109794NASCIMENTOR_2025-05-18_G34,10109794NASCIMENTOR,2025-05-18,111418,1,94,0,857.0
10109794NASCIMENTOR_2025-05-18_G35,10109794NASCIMENTOR,2025-05-18,111348,2,16,9,170.0
10109794NASCIMENTOR_2025-05-18_G36,10109794NASCIMENTOR,2025-05-18,111444,1,4,0,332.0
10109794NASCIMENTOR_2025-05-18_G37,10109794NASCIMENTOR,2025-05-18,111442,1,2,0,266.0
10109794NASCIMENTOR_2025-05-19_G02,10109794NASCIMENTOR,2025-05-19,117785,2,4,6,143.0
10109794NASCIMENTOR_2025-05-19_G03,10109794NASCIMENTOR,2025-05-19,111465,2,15,6,66.0
10109794NASCIMENTOR_2025-05-19_G04,10109794NASCIMENTOR,2025-05-19,111463,1,58,0,552.0
10109794NASCIMENTOR_2025-05-19_G05,10109794NASCIMENTOR,2025-05-19,117841,1,1,0,224.0
10109794NASCIMENTOR_2025-05-19_G06,10109794NASCIMENTOR,2025-05-19,111468,1,28,0,233.0
10109794NASCIMENTOR_2025-05-19_G07,10109794NASCIMENTOR,2025-05-19,117820,1,61,0,791.0
10109794NASCIMENTOR_2025-05-19_G08,10109794NASCIMENTOR,2025-05-19,110751,1,8,0,2707.0
10109794NASCIMENTOR_2025-05-19_G09,10109794NASCIMENTOR,2025-05-19,111172,1,4,0,273.0
10109794NASCIMENTOR_2025-05-19_G10,10109794NASCIMENTOR,2025-05-19,111532,1,4,0,223.0
10109794NASCIMENTOR_2025-05-19_G11,10109794NASCIMENTOR,2025-05-19,117785,1,8,0,165.0
10109794NASCIMENTOR_2025-05-19_G12,10109794NASCIMENTOR,2025-05-19,117831,1,50,0,2724.0
10109794NASCIMENTOR_2025-05-19_G14,10109794NASCIMENTOR,2025-05-19,117832,1,14,0,301.0
10109794NASCIMENTOR_2025-05-19_G15,10109794NASCIMENTOR,2025-05-19,118299,1,2,0,413.0
10109794NASCIMENTOR_2025-05-19_G16,10109794NASCIMENTOR,2025-05-19,140922,1,2,0,249.0
10109794NASCIMENTOR_2025-05-19_G17,10109794NASCIMENTOR,2025-05-19,111466,1,4,0,106.0
10109794NASCIMENTOR_2025-05-19_G18,10109794NASCIMENTOR,2025-05-19,118140,1,2,0,86.0
10109794NASCIMENTOR_2025-05-19_G19,10109794NASCIMENTOR,2025-05-19,111433,1,4,0,261.0
10109794NASCIMENTOR_2025-05-19_G20,10109794NASCIMENTOR,2025-05-19,110787,1,2,0,128.0
10109794NASCIMENTOR_2025-05-19_G21,10109794NASCIMENTOR,2025-05-19,111602,1,15,0,814.0
10109794NASCIMENTOR_2025-05-19_G22,10109794NASCIMENTOR,2025-05-19,117808,1,284,0,919.0
10109794NASCIMENTOR_2025-05-19_G23,10109794NASCIMENTOR,2025-05-19,111469,1,2,0,424.0
10109794NASCIMENTOR_2025-05-19_G24,10109794NASCIMENTOR,2025-05-19,110374,1,10,0,1123.0
10109794NASCIMENTOR_2025-05-19_G25,10109794NASCIMENTOR,2025-05-19,111462,1,46,0,447.0
10109794NASCIMENTOR_2025-05-19_G26,10109794NASCIMENTOR,2025-05-19,110895,1,4,0,171.0
10109794NASCIMENTOR_2025-05-19_G27,10109794NASCIMENTOR,2025-05-19,110372,1,464,0,2234.0
10109794NASCIMENTOR_2025-05-19_G28,10109794NASCIMENTOR,2025-05-19,111463,1,20,0,462.0
10109794NASCIMENTOR_2025-05-19_G29,10109794NASCIMENTOR,2025-05-19,110339,1,2,0,680.0
10109794NASCIMENTOR_2025-05-20_G02,10109794NASCIMENTOR,2025-05-20,111466,1,125,0,697.0
10109794NASCIMENTOR_2025-05-20_G03,10109794NASCIMENTOR,2025-05-20,111418,1,489,0,2087.0
10109794NASCIMENTOR_2025-05-20_G04,10109794NASCIMENTOR,2025-05-20,111530,1,21,0,781.0
10109794NASCIMENTOR_2025-05-20_G05,10109794NASCIMENTOR,2025-05-20,110515,1,63,0,379.0
10109794NASCIMENTOR_2025-05-20_G06,10109794NASCIMENTOR,2025-05-20,117837,1,7,0,1326.0
10109794NASCIMENTOR_2025-05-20_G07,10109794NASCIMENTOR,2025-05-20,117837,1,10,0,41.0
10109794NASCIMENTOR_2025-05-20_G08,10109794NASCIMENTOR,2025-05-20,117862,1,10,0,631.0
10109794NASCIMENTOR_2025-05-20_G09,10109794NASCIMENTOR,2025-05-20,117855,1,20,0,1842.0
10109794NASCIMENTOR_2025-05-20_G10,10109794NASCIMENTOR,2025-05-20,117853,1,10,0,398.0
10109794NASCIMENTOR_2025-05-20_G11,10109794NASCIMENTOR,2025-05-20,117856,1,12,0,179.0
10109794NASCIMENTOR_2025-05-20_G13,10109794NASCIMENTOR,2025-05-20,111418,2,76,11,594.0
10109794NASCIMENTOR_2025-05-20_G14,10109794NASCIMENTOR,2025-05-20,111348,1,11,0,351.0
10109794NASCIMENTOR_2025-05-20_G15,10109794NASCIMENTOR,2025-05-20,111433,1,3,0,313.0
10109794NASCIMENTOR_2025-05-20_G16,10109794NASCIMENTOR,2025-05-20,110787,1,6,0,128.0
10109794NASCIMENTOR_2025-05-20_G17,10109794NASCIMENTOR,2025-05-20,110746,1,2,0,965.0
10109794NASCIMENTOR_2025-05-20_G18,10109794NASCIMENTOR,2025-05-20,105359,1,5,0,222.0
10109794NASCIMENTOR_2025-05-20_G19,10109794NASCIMENTOR,2025-05-20,118280,1,2,0,77.0
10109794NASCIMENTOR_2025-05-20_G20,10109794NASCIMENTOR,2025-05-20,103148,1,2,0,174.0
10109794NASCIMENTOR_2025-05-20_G21,10109794NASCIMENTOR,2025-05-20,111463,1,210,0,1886.0
10109794NASCIMENTOR_2025-05-20_G22,10109794NASCIMENTOR,2025-05-20,110373,1,510,0,3342.0
10109794NASCIMENTOR_2025-05-20_G23,10109794NASCIMENTOR,2025-05-20,110372,1,480,0,1071.0
10109794NASCIMENTOR_2025-05-21_G02,10109794NASCIMENTOR,2025-05-21,111602,1,10,0,698.0
10109794NASCIMENTOR_2025-05-21_G03,10109794NASCIMENTOR,2025-05-21,109641,1,6,0,558.0
10109794NASCIMENTOR_2025-05-21_G04,10109794NASCIMENTOR,2025-05-21,111468,1,4,0,198.0
10109794NASCIMENTOR_2025-05-21_G05,10109794NASCIMENTOR,2025-05-21,109643,2,8,11,163.0
10109794NASCIMENTOR_2025-05-21_G06,10109794NASCIMENTOR,2025-05-21,110751,1,4,0,1221.0
10109794NASCIMENTOR_2025-05-21_G07,10109794NASCIMENTOR,2025-05-21,111463,1,6,0,80.0
10109794NASCIMENTOR_2025-05-21_G08,10109794NASCIMENTOR,2025-05-21,118004,2,7,8,156.0
10109794NASCIMENTOR_2025-05-21_G09,10109794NASCIMENTOR,2025-05-21,118253,1,4,0,215.0
10109794NASCIMENTOR_2025-05-21_G10,10109794NASCIMENTOR,2025-05-21,111438,2,12,7,410.0
10109794NASCIMENTOR_2025-05-21_G12,10109794NASCIMENTOR,2025-05-21,110751,1,10,0,756.0
10109794NASCIMENTOR_2025-05-21_G13,10109794NASCIMENTOR,2025-05-21,110745,1,10,0,805.0
10109794NASCIMENTOR_2025-05-21_G14,10109794NASCIMENTOR,2025-05-21,111418,1,40,0,393.0
10109794NASCIMENTOR_2025-05-21_G15,10109794NASCIMENTOR,2025-05-21,107236,1,20,0,763.0
10109794NASCIMENTOR_2025-05-21_G16,10109794NASCIMENTOR,2025-05-21,118299,1,746,0,1470.0
10109794NASCIMENTOR_2025-05-21_G17,10109794NASCIMENTOR,2025-05-21,109645,1,10,0,2370.0
10109794NASCIMENTOR_2025-05-21_G18,10109794NASCIMENTOR,2025-05-21,110740,1,10,0,280.0
10109794NASCIMENTOR_2025-05-21_G19,10109794NASCIMENTOR,2025-05-21,110751,2,12,10,406.0
10109794NASCIMENTOR_2025-05-21_G20,10109794NASCIMENTOR,2025-05-21,109641,1,10,0,551.0
10109794NASCIMENTOR_2025-05-22_G02,10109794NASCIMENTOR,2025-05-22,110745,1,10,0,464.0
10109794NASCIMENTOR_2025-05-22_G03,10109794NASCIMENTOR,2025-05-22,117833,1,10,0,396.0
10109794NASCIMENTOR_2025-05-22_G04,10109794NASCIMENTOR,2025-05-22,118140,2,40,7,165.0
10109794NASCIMENTOR_2025-05-22_G05,10109794NASCIMENTOR,2025-05-22,111330,1,8,0,107.0
10109794NASCIMENTOR_2025-05-22_G06,10109794NASCIMENTOR,2025-05-22,118004,2,26,21,495.0
10109794NASCIMENTOR_2025-05-22_G07,10109794NASCIMENTOR,2025-05-22,118004,1,9,0,172.0
10109794NASCIMENTOR_2025-05-22_G08,10109794NASCIMENTOR,2025-05-22,117821,1,20,0,722.0
10109794NASCIMENTOR_2025-05-22_G09,10109794NASCIMENTOR,2025-05-22,111348,1,10,0,206.0
10109794NASCIMENTOR_2025-05-22_G10,10109794NASCIMENTOR,2025-05-22,118317,1,1,0,32.0
10109794NASCIMENTOR_2025-05-22_G11,10109794NASCIMENTOR,2025-05-22,111433,1,4,0,150.0
10109794NASCIMENTOR_2025-05-22_G12,10109794NASCIMENTOR,2025-05-22,117785,1,20,0,1464.0
10109794NASCIMENTOR_2025-05-22_G13,10109794NASCIMENTOR,2025-05-22,117785,1,20,0,59.0
10109794NASCIMENTOR_2025-05-22_G14,10109794NASCIMENTOR,2025-05-22,110129,1,10,0,69.0
10109794NASCIMENTOR_2025-05-22_G15,10109794NASCIMENTOR,2025-05-22,111463,1,10,0,252.0
10109794NASCIMENTOR_2025-05-22_G16,10109794NASCIMENTOR,2025-05-22,111418,1,20,0,277.0
10109794NASCIMENTOR_2025-05-22_G17,10109794NASCIMENTOR,2025-05-22,111466,1,59,0,889.0
10109794NASCIMENTOR_2025-05-22_G18,10109794NASCIMENTOR,2025-05-22,108711,1,10,0,1124.0
10109794NASCIMENTOR_2025-05-22_G20,10109794NASCIMENTOR,2025-05-22,117831,1,23,0,1079.0
10109794NASCIMENTOR_2025-05-22_G21,10109794NASCIMENTOR,2025-05-22,111433,1,3,0,162.0
10109794NASCIMENTOR_2025-05-22_G22,10109794NASCIMENTOR,2025-05-22,111433,1,6,0,100.0
10109794NASCIMENTOR_2025-05-22_G23,10109794NASCIMENTOR,2025-05-22,109645,1,30,0,396.0
10109794NASCIMENTOR_2025-05-22_G24,10109794NASCIMENTOR,2025-05-22,110740,1,51,0,348.0
10109794NASCIMENTOR_2025-05-22_G25,10109794NASCIMENTOR,2025-05-22,111532,1,47,0,709.0
10109794NASCIMENTOR_2025-05-22_G26,10109794NASCIMENTOR,2025-05-22,111418,1,438,0,1750.0
10109794NASCIMENTOR_2025-05-22_G27,10109794NASCIMENTOR,2025-05-22,110129,1,18,0,378.0
10109794NASCIMENTOR_2025-05-22_G28,10109794NASCIMENTOR,2025-05-22,117838,1,2,0,236.0
10109794NASCIMENTOR_2025-05-22_G29,10109794NASCIMENTOR,2025-05-22,"118317, 117833",2,97,18,487.0
10109794NASCIMENTOR_2025-05-22_G30,10109794NASCIMENTOR,2025-05-22,109645,1,15,0,205.0
10109794NASCIMENTOR_2025-05-22_G31,10109794NASCIMENTOR,2025-05-22,109643,1,4,0,1880.0
10109794NASCIMENTOR_2025-05-22_G32,10109794NASCIMENTOR,2025-05-22,109643,1,4,0,133.0
10109794NASCIMENTOR_2025-05-22_G33,10109794NASCIMENTOR,2025-05-22,"117834, 117785, 109641, 140922, 117833",5,27,55,789.0
10109794NASCIMENTOR_2025-05-22_G34,10109794NASCIMENTOR,2025-05-22,117808,1,600,0,584.0
10109794NASCIMENTOR_2025-05-23_G02,10109794NASCIMENTOR,2025-05-23,117820,1,300,0,1503.0
10109794NASCIMENTOR_2025-05-23_G03,10109794NASCIMENTOR,2025-05-23,117808,1,1000,0,2639.0
10109794NASCIMENTOR_2025-05-23_G04,10109794NASCIMENTOR,2025-05-23,110373,1,300,0,674.0
10109794NASCIMENTOR_2025-05-23_G06,10109794NASCIMENTOR,2025-05-23,117820,1,100,0,711.0
10109794NASCIMENTOR_2025-05-23_G07,10109794NASCIMENTOR,2025-05-23,110372,1,50,0,524.0
10109794NASCIMENTOR_2025-05-23_G08,10109794NASCIMENTOR,2025-05-23,110373,1,20,0,304.0
10109794NASCIMENTOR_2025-05-23_G09,10109794NASCIMENTOR,2025-05-23,118299,1,100,0,609.0
10109794NASCIMENTOR_2025-05-23_G10,10109794NASCIMENTOR,2025-05-23,"110747, 117853, 117785, 111463, 111466, 118140, 111444, 111418",8,192,80,145.0
10109794NASCIMENTOR_2025-05-23_G11,10109794NASCIMENTOR,2025-05-23,118299,1,200,0,680.0
10109794NASCIMENTOR_2025-05-23_G12,10109794NASCIMENTOR,2025-05-23,"110372, 117808",2,700,14,733.0
10109794NASCIMENTOR_2025-05-23_G13,10109794NASCIMENTOR,2025-05-23,111530,1,28,0,698.0
10109794NASCIMENTOR_2025-05-23_G14,10109794NASCIMENTOR,2025-05-23,117834,2,8,7,1172.0
10109794NASCIMENTOR_2025-05-23_G15,10109794NASCIMENTOR,2025-05-23,111438,1,4,0,274.0
10109794NASCIMENTOR_2025-05-23_G16,10109794NASCIMENTOR,2025-05-23,111438,1,12,0,271.0
10109794NASCIMENTOR_2025-05-23_G17,10109794NASCIMENTOR,2025-05-23,110374,1,4,0,1191.0
10109794NASCIMENTOR_2025-05-23_G18,10109794NASCIMENTOR,2025-05-23,117820,5,32,42,131.0
10109794NASCIMENTOR_2025-05-23_G19,10109794NASCIMENTOR,2025-05-23,111172,1,4,0,300.0
10109794NASCIMENTOR_2025-05-23_G20,10109794NASCIMENTOR,2025-05-23,117289,1,4,0,368.0
10109794NASCIMENTOR_2025-05-23_G21,10109794NASCIMENTOR,2025-05-23,110746,1,2,0,121.0
10109794NASCIMENTOR_2025-05-24_G02,10109794NASCIMENTOR,2025-05-24,111182,1,4,0,206.0
10109794NASCIMENTOR_2025-05-24_G03,10109794NASCIMENTOR,2025-05-24,111466,1,4,0,169.0
10109794NASCIMENTOR_2025-05-24_G04,10109794NASCIMENTOR,2025-05-24,111532,2,12,14,141.0
10109794NASCIMENTOR_2025-05-24_G05,10109794NASCIMENTOR,2025-05-24,117808,1,30,0,3464.0
10109794NASCIMENTOR_2025-05-24_G06,10109794NASCIMENTOR,2025-05-24,110372,1,13,0,419.0
10109794NASCIMENTOR_2025-05-24_G07,10109794NASCIMENTOR,2025-05-24,111462,1,9,0,156.0
10109794NASCIMENTOR_2025-05-24_G08,10109794NASCIMENTOR,2025-05-24,105705,1,3,0,75.0
10109794NASCIMENTOR_2025-05-24_G09,10109794NASCIMENTOR,2025-05-24,111182,1,2,0,96.0
10109794NASCIMENTOR_2025-05-24_G10,10109794NASCIMENTOR,2025-05-24,111418,1,9,0,185.0
10109794NASCIMENTOR_2025-05-24_G11,10109794NASCIMENTOR,2025-05-24,110895,1,2,0,132.0
10109794NASCIMENTOR_2025-05-24_G12,10109794NASCIMENTOR,2025-05-24,111462,1,10,0,1332.0
10109794NASCIMENTOR_2025-05-24_G13,10109794NASCIMENTOR,2025-05-24,105705,1,4,0,98.0
10109794NASCIMENTOR_2025-05-24_G14,10109794NASCIMENTOR,2025-05-24,107892,1,4,0,105.0
10109794NASCIMENTOR_2025-05-24_G15,10109794NASCIMENTOR,2025-05-24,110895,1,7,0,267.0
10109794NASCIMENTOR_2025-05-24_G16,10109794NASCIMENTOR,2025-05-24,117808,1,40,0,953.0
10109794NASCIMENTOR_2025-05-24_G17,10109794NASCIMENTOR,2025-05-24,110372,1,20,0,109.0
10109794NASCIMENTOR_2025-05-24_G18,10109794NASCIMENTOR,2025-05-24,118299,1,20,0,161.0
10109794NASCIMENTOR_2025-05-25_G02,10109794NASCIMENTOR,2025-05-25,110740,1,12,0,393.0
10109794NASCIMENTOR_2025-05-25_G03,10109794NASCIMENTOR,2025-05-25,110751,1,8,0,110.0
10109794NASCIMENTOR_2025-05-25_G04,10109794NASCIMENTOR,2025-05-25,111462,1,12,0,238.0
10109794NASCIMENTOR_2025-05-25_G05,10109794NASCIMENTOR,2025-05-25,117785,1,20,0,46.0
10109794NASCIMENTOR_2025-05-25_G06,10109794NASCIMENTOR,2025-05-25,111463,1,12,0,473.0
10109794NASCIMENTOR_2025-05-25_G07,10109794NASCIMENTOR,2025-05-25,109641,1,8,0,53.0
10109794NASCIMENTOR_2025-05-25_G08,10109794NASCIMENTOR,2025-05-25,105705,1,8,0,215.0
10109794NASCIMENTOR_2025-05-25_G09,10109794NASCIMENTOR,2025-05-25,117787,1,4,0,62.0
10109794NASCIMENTOR_2025-05-25_G10,10109794NASCIMENTOR,2025-05-25,108711,1,4,0,81.0
10109794NASCIMENTOR_2025-05-25_G11,10109794NASCIMENTOR,2025-05-25,117838,1,4,0,271.0
10109794NASCIMENTOR_2025-05-25_G12,10109794NASCIMENTOR,2025-05-25,140922,1,4,0,90.0
10109794NASCIMENTOR_2025-05-25_G13,10109794NASCIMENTOR,2025-05-25,111468,1,4,0,64.0
10109794NASCIMENTOR_2025-05-25_G14,10109794NASCIMENTOR,2025-05-25,110745,1,8,0,91.0
10109794NASCIMENTOR_2025-05-25_G15,10109794NASCIMENTOR,2025-05-25,111466,1,12,0,139.0
10109794NASCIMENTOR_2025-05-25_G16,10109794NASCIMENTOR,2025-05-25,117831,1,12,0,283.0
10109794NASCIMENTOR_2025-05-25_G17,10109794NASCIMENTOR,2025-05-25,117833,1,12,0,75.0
10109794NASCIMENTOR_2025-05-25_G18,10109794NASCIMENTOR,2025-05-25,111172,1,8,0,508.0
10109794NASCIMENTOR_2025-05-25_G19,10109794NASCIMENTOR,2025-05-25,118140,1,20,0,360.0
10109794NASCIMENTOR_2025-05-25_G20,10109794NASCIMENTOR,2025-05-25,111532,2,12,9,83.0
10109794NASCIMENTOR_2025-05-25_G21,10109794NASCIMENTOR,2025-05-25,117842,1,4,0,194.0
10109794NASCIMENTOR_2025-05-25_G22,10109794NASCIMENTOR,2025-05-25,110748,1,4,0,160.0
10109794NASCIMENTOR_2025-05-25_G23,10109794NASCIMENTOR,2025-05-25,118223,1,4,0,108.0
10109794NASCIMENTOR_2025-05-25_G24,10109794NASCIMENTOR,2025-05-25,109645,1,8,0,348.0
10109794NASCIMENTOR_2025-05-25_G25,10109794NASCIMENTOR,2025-05-25,117821,1,12,0,164.0
10109794NASCIMENTOR_2025-05-25_G26,10109794NASCIMENTOR,2025-05-25,111444,1,4,0,94.0
10109794NASCIMENTOR_2025-05-25_G27,10109794NASCIMENTOR,2025-05-25,111418,1,46,0,338.0
10109794NASCIMENTOR_2025-05-25_G28,10109794NASCIMENTOR,2025-05-25,111330,1,2,0,48.0
10109794NASCIMENTOR_2025-05-25_G29,10109794NASCIMENTOR,2025-05-25,111442,1,4,0,401.0
10109794NASCIMENTOR_2025-05-25_G30,10109794NASCIMENTOR,2025-05-25,110787,1,8,0,71.0
10109794NASCIMENTOR_2025-05-25_G31,10109794NASCIMENTOR,2025-05-25,107236,1,4,0,188.0
10109794NASCIMENTOR_2025-05-25_G32,10109794NASCIMENTOR,2025-05-25,111465,1,8,0,115.0
10109794NASCIMENTOR_2025-05-25_G33,10109794NASCIMENTOR,2025-05-25,117841,1,4,0,429.0
10109794NASCIMENTOR_2025-05-25_G34,10109794NASCIMENTOR,2025-05-25,109647,1,4,0,386.0
10109794NASCIMENTOR_2025-05-25_G35,10109794NASCIMENTOR,2025-05-25,110711,1,4,0,169.0
10109794NASCIMENTOR_2025-05-25_G36,10109794NASCIMENTOR,2025-05-25,107629,1,2,0,220.0
10109794NASCIMENTOR_2025-05-25_G37,10109794NASCIMENTOR,2025-05-25,111876,1,2,0,70.0
10109794NASCIMENTOR_2025-05-25_G38,10109794NASCIMENTOR,2025-05-25,118298,1,4,0,215.0
10109794NASCIMENTOR_2025-05-25_G39,10109794NASCIMENTOR,2025-05-25,117862,1,4,0,114.0
10109794NASCIMENTOR_2025-05-25_G40,10109794NASCIMENTOR,2025-05-25,109640,1,4,0,320.0
10109794NASCIMENTOR_2025-05-25_G41,10109794NASCIMENTOR,2025-05-25,111467,1,2,0,47.0
10109794NASCIMENTOR_2025-05-25_G42,10109794NASCIMENTOR,2025-05-25,117853,1,2,0,61.0
10109794NASCIMENTOR_2025-05-25_G43,10109794NASCIMENTOR,2025-05-25,117786,1,4,0,294.0
10109794NASCIMENTOR_2025-05-25_G44,10109794NASCIMENTOR,2025-05-25,111602,1,8,0,138.0
10109794NASCIMENTOR_2025-05-25_G45,10109794NASCIMENTOR,2025-05-25,110515,1,12,0,171.0
10109794NASCIMENTOR_2025-05-25_G46,10109794NASCIMENTOR,2025-05-25,117855,1,8,0,44.0
10109794NASCIMENTOR_2025-05-25_G47,10109794NASCIMENTOR,2025-05-25,"117834, 110895, 110747, 110754, 100334",5,18,23,1292.0
10109794NASCIMENTOR_2025-05-26_G02,10109794NASCIMENTOR,2025-05-26,100334,2,14,11,53.0
10109794NASCIMENTOR_2025-05-26_G03,10109794NASCIMENTOR,2025-05-26,110515,1,9,0,641.0
10109794NASCIMENTOR_2025-05-26_G04,10109794NASCIMENTOR,2025-05-26,109643,1,16,0,266.0
10109794NASCIMENTOR_2025-05-26_G05,10109794NASCIMENTOR,2025-05-26,110374,2,10,15,194.0
10109794NASCIMENTOR_2025-05-26_G06,10109794NASCIMENTOR,2025-05-26,110371,1,20,0,76.0
10109794NASCIMENTOR_2025-05-26_G07,10109794NASCIMENTOR,2025-05-26,110373,1,20,0,465.0
10109794NASCIMENTOR_2025-05-26_G08,10109794NASCIMENTOR,2025-05-26,110373,1,30,0,264.0
10109794NASCIMENTOR_2025-05-26_G09,10109794NASCIMENTOR,2025-05-26,117820,1,40,0,596.0
10109794NASCIMENTOR_2025-05-26_G10,10109794NASCIMENTOR,2025-05-26,110372,1,30,0,2144.0
10109794NASCIMENTOR_2025-05-26_G11,10109794NASCIMENTOR,2025-05-26,117809,1,5,0,792.0
10109794NASCIMENTOR_2025-05-26_G13,10109794NASCIMENTOR,2025-05-26,110371,1,2,0,176.0
10109794NASCIMENTOR_2025-05-26_G14,10109794NASCIMENTOR,2025-05-26,110787,1,4,0,291.0
10109794NASCIMENTOR_2025-05-26_G15,10109794NASCIMENTOR,2025-05-26,110787,1,8,0,203.0
10109794NASCIMENTOR_2025-05-26_G16,10109794NASCIMENTOR,2025-05-26,110374,1,7,0,409.0
10109794NASCIMENTOR_2025-05-26_G17,10109794NASCIMENTOR,2025-05-26,110371,1,5,0,64.0
10109794NASCIMENTOR_2025-05-26_G18,10109794NASCIMENTOR,2025-05-26,117808,1,11,0,116.0
10109794NASCIMENTOR_2025-05-26_G19,10109794NASCIMENTOR,2025-05-26,117820,1,7,0,278.0
10109794NASCIMENTOR_2025-05-26_G20,10109794NASCIMENTOR,2025-05-26,118299,1,9,0,156.0
10109794NASCIMENTOR_2025-05-26_G21,10109794NASCIMENTOR,2025-05-26,117832,1,2,0,55.0
10109794NASCIMENTOR_2025-05-26_G22,10109794NASCIMENTOR,2025-05-26,110373,1,1,0,129.0
10109794NASCIMENTOR_2025-05-26_G23,10109794NASCIMENTOR,2025-05-26,111466,1,1,0,159.0
10109794NASCIMENTOR_2025-05-26_G24,10109794NASCIMENTOR,2025-05-26,111462,1,3,0,102.0
10109794NASCIMENTOR_2025-05-26_G25,10109794NASCIMENTOR,2025-05-26,117785,1,3,0,91.0
10109794NASCIMENTOR_2025-05-26_G26,10109794NASCIMENTOR,2025-05-26,108711,1,7,0,259.0
10109794NASCIMENTOR_2025-05-26_G27,10109794NASCIMENTOR,2025-05-26,117831,1,3,0,82.0
10109794NASCIMENTOR_2025-05-26_G28,10109794NASCIMENTOR,2025-05-26,118140,1,3,0,82.0
10109794NASCIMENTOR_2025-05-26_G29,10109794NASCIMENTOR,2025-05-26,118094,1,4,0,186.0
10109794NASCIMENTOR_2025-05-26_G30,10109794NASCIMENTOR,2025-05-26,111569,1,14,0,843.0
10109794NASCIMENTOR_2025-05-26_G31,10109794NASCIMENTOR,2025-05-26,100334,1,8,0,485.0
10109794NASCIMENTOR_2025-05-26_G32,10109794NASCIMENTOR,2025-05-26,117820,1,100,0,467.0
10109794NASCIMENTOR_2025-05-26_G33,10109794NASCIMENTOR,2025-05-26,118299,1,200,0,579.0
10109794NASCIMENTOR_2025-05-26_G34,10109794NASCIMENTOR,2025-05-26,117832,1,85,0,892.0
10109794NASCIMENTOR_2025-05-26_G35,10109794NASCIMENTOR,2025-05-26,110787,1,26,0,307.0
10109794NASCIMENTOR_2025-05-26_G36,10109794NASCIMENTOR,2025-05-26,111466,1,4,0,1148.0
10109794NASCIMENTOR_2025-05-26_G37,10109794NASCIMENTOR,2025-05-26,108711,1,4,0,124.0
10109794NASCIMENTOR_2025-05-26_G38,10109794NASCIMENTOR,2025-05-26,118140,1,2,0,119.0
10109794NASCIMENTOR_2025-05-26_G39,10109794NASCIMENTOR,2025-05-26,111602,1,30,0,347.0
10109794NASCIMENTOR_2025-05-27_G02,10109794NASCIMENTOR,2025-05-27,110325,1,240,0,2546.0
10109794NASCIMENTOR_2025-05-27_G03,10109794NASCIMENTOR,2025-05-27,117820,1,513,0,1410.0
10109794NASCIMENTOR_2025-05-27_G04,10109794NASCIMENTOR,2025-05-27,117809,1,400,0,803.0
10109794NASCIMENTOR_2025-05-27_G05,10109794NASCIMENTOR,2025-05-27,110372,1,600,0,596.0
10109794NASCIMENTOR_2025-05-27_G07,10109794NASCIMENTOR,2025-05-27,111832,1,2,0,382.0
10109794NASCIMENTOR_2025-05-27_G08,10109794NASCIMENTOR,2025-05-27,107254,1,8,0,117.0
10109794NASCIMENTOR_2025-05-27_G09,10109794NASCIMENTOR,2025-05-27,108411,1,2,0,107.0
10109794NASCIMENTOR_2025-05-27_G10,10109794NASCIMENTOR,2025-05-27,111120,1,2,0,293.0
10109794NASCIMENTOR_2025-05-27_G11,10109794NASCIMENTOR,2025-05-27,110682,1,6,0,101.0
10109794NASCIMENTOR_2025-05-27_G12,10109794NASCIMENTOR,2025-05-27,107892,1,3,0,880.0
10109794NASCIMENTOR_2025-05-27_G13,10109794NASCIMENTOR,2025-05-27,109873,1,2,0,81.0
10109794NASCIMENTOR_2025-05-27_G14,10109794NASCIMENTOR,2025-05-27,110714,1,2,0,78.0
10109794NASCIMENTOR_2025-05-27_G15,10109794NASCIMENTOR,2025-05-27,110534,1,2,0,124.0
10109794NASCIMENTOR_2025-05-27_G16,10109794NASCIMENTOR,2025-05-27,111438,1,7,0,341.0
10109794NASCIMENTOR_2025-05-27_G17,10109794NASCIMENTOR,2025-05-27,110755,1,3,0,145.0
10109794NASCIMENTOR_2025-05-27_G18,10109794NASCIMENTOR,2025-05-27,105359,1,4,0,158.0
10109794NASCIMENTOR_2025-05-27_G19,10109794NASCIMENTOR,2025-05-27,"116613, 111776",2,4,17,119.0
10109794NASCIMENTOR_2025-05-27_G20,10109794NASCIMENTOR,2025-05-27,110579,1,2,0,99.0
10109794NASCIMENTOR_2025-05-27_G21,10109794NASCIMENTOR,2025-05-27,106865,1,4,0,388.0
10109794NASCIMENTOR_2025-05-27_G22,10109794NASCIMENTOR,2025-05-27,110064,1,2,0,69.0
10109794NASCIMENTOR_2025-05-27_G23,10109794NASCIMENTOR,2025-05-27,105272,1,2,0,53.0
10109794NASCIMENTOR_2025-05-27_G24,10109794NASCIMENTOR,2025-05-27,110578,1,2,0,761.0
10109794NASCIMENTOR_2025-05-27_G25,10109794NASCIMENTOR,2025-05-27,111404,1,2,0,110.0
10109794NASCIMENTOR_2025-05-27_G26,10109794NASCIMENTOR,2025-05-27,111902,1,2,0,92.0
10109794NASCIMENTOR_2025-05-27_G27,10109794NASCIMENTOR,2025-05-27,109974,1,5,0,213.0
10109794NASCIMENTOR_2025-05-27_G28,10109794NASCIMENTOR,2025-05-27,111833,1,2,0,107.0
10109794NASCIMENTOR_2025-05-27_G29,10109794NASCIMENTOR,2025-05-27,110317,1,4,0,87.0
10109794NASCIMENTOR_2025-05-27_G30,10109794NASCIMENTOR,2025-05-27,110484,1,2,0,1098.0
10109794NASCIMENTOR_2025-05-27_G31,10109794NASCIMENTOR,2025-05-27,105167,1,4,0,183.0
10109794NASCIMENTOR_2025-05-27_G32,10109794NASCIMENTOR,2025-05-27,110765,1,2,0,278.0
10109794NASCIMENTOR_2025-05-27_G33,10109794NASCIMENTOR,2025-05-27,118198,1,8,0,232.0
10109794NASCIMENTOR_2025-05-27_G34,10109794NASCIMENTOR,2025-05-27,111466,1,8,0,1376.0
10109794NASCIMENTOR_2025-05-27_G35,10109794NASCIMENTOR,2025-05-27,111462,2,24,8,153.0
10109794NASCIMENTOR_2025-05-27_G36,10109794NASCIMENTOR,2025-05-27,111463,1,4,0,152.0
10109794NASCIMENTOR_2025-05-27_G37,10109794NASCIMENTOR,2025-05-27,111182,1,8,0,202.0
10109794NASCIMENTOR_2025-05-27_G38,10109794NASCIMENTOR,2025-05-27,111469,2,14,7,140.0
10109794NASCIMENTOR_2025-05-27_G39,10109794NASCIMENTOR,2025-05-27,117831,1,8,0,118.0
10109794NASCIMENTOR_2025-05-27_G40,10109794NASCIMENTOR,2025-05-27,108798,1,4,0,142.0
10109794NASCIMENTOR_2025-05-27_G41,10109794NASCIMENTOR,2025-05-27,111418,1,21,0,438.0
10109794NASCIMENTOR_2025-05-27_G42,10109794NASCIMENTOR,2025-05-27,111418,1,9,0,113.0
10109794NASCIMENTOR_2025-05-27_G43,10109794NASCIMENTOR,2025-05-27,117821,1,8,0,176.0
10109794NASCIMENTOR_2025-05-27_G44,10109794NASCIMENTOR,2025-05-27,111433,2,16,6,95.0
10109794NASCIMENTOR_2025-05-27_G45,10109794NASCIMENTOR,2025-05-27,118004,1,4,0,191.0
10109794NASCIMENTOR_2025-05-28_G02,10109794NASCIMENTOR,2025-05-28,110373,1,23,0,3067.0
10109794NASCIMENTOR_2025-05-28_G03,10109794NASCIMENTOR,2025-05-28,117832,1,22,0,740.0
10109794NASCIMENTOR_2025-05-28_G04,10109794NASCIMENTOR,2025-05-28,117830,1,20,0,255.0
10109794NASCIMENTOR_2025-05-28_G05,10109794NASCIMENTOR,2025-05-28,117820,1,165,0,1074.0
10109794NASCIMENTOR_2025-05-28_G06,10109794NASCIMENTOR,2025-05-28,110339,1,3,0,350.0
10109794NASCIMENTOR_2025-05-28_G07,10109794NASCIMENTOR,2025-05-28,117935,1,8,0,133.0
10109794NASCIMENTOR_2025-05-28_G08,10109794NASCIMENTOR,2025-05-28,117855,1,9,0,160.0
10109794NASCIMENTOR_2025-05-28_G09,10109794NASCIMENTOR,2025-05-28,117861,1,18,0,653.0
10109794NASCIMENTOR_2025-05-28_G10,10109794NASCIMENTOR,2025-05-28,111467,1,22,0,341.0
10109794NASCIMENTOR_2025-05-28_G11,10109794NASCIMENTOR,2025-05-28,117786,1,8,0,96.0
10109794NASCIMENTOR_2025-05-28_G12,10109794NASCIMENTOR,2025-05-28,111441,1,4,0,99.0
10109794NASCIMENTOR_2025-05-28_G13,10109794NASCIMENTOR,2025-05-28,118222,1,19,0,543.0
10109794NASCIMENTOR_2025-05-28_G14,10109794NASCIMENTOR,2025-05-28,111418,1,52,0,689.0
10109794NASCIMENTOR_2025-05-28_G16,10109794NASCIMENTOR,2025-05-28,110711,1,3,0,433.0
10109794NASCIMENTOR_2025-05-28_G17,10109794NASCIMENTOR,2025-05-28,110742,2,10,20,1588.0
10109794NASCIMENTOR_2025-05-28_G18,10109794NASCIMENTOR,2025-05-28,111466,1,10,0,558.0
10109794NASCIMENTOR_2025-05-28_G19,10109794NASCIMENTOR,2025-05-28,111462,1,6,0,341.0
10109794NASCIMENTOR_2025-05-28_G20,10109794NASCIMENTOR,2025-05-28,111463,1,10,0,110.0
10109794NASCIMENTOR_2025-05-28_G21,10109794NASCIMENTOR,2025-05-28,111468,1,16,0,346.0
10109794NASCIMENTOR_2025-05-28_G22,10109794NASCIMENTOR,2025-05-28,111418,1,10,0,157.0
10109794NASCIMENTOR_2025-05-28_G23,10109794NASCIMENTOR,2025-05-28,108772,2,3,7,596.0
10109794NASCIMENTOR_2025-05-28_G24,10109794NASCIMENTOR,2025-05-28,117862,1,12,0,260.0
10109794NASCIMENTOR_2025-05-28_G25,10109794NASCIMENTOR,2025-05-28,111467,1,4,0,281.0
10109794NASCIMENTOR_2025-05-28_G26,10109794NASCIMENTOR,2025-05-28,109643,1,1,0,235.0
10109794NASCIMENTOR_2025-05-28_G27,10109794NASCIMENTOR,2025-05-28,110325,2,5,7,206.0
10109794NASCIMENTOR_2025-05-28_G28,10109794NASCIMENTOR,2025-05-28,110374,1,4,0,74.0
10109794NASCIMENTOR_2025-05-28_G29,10109794NASCIMENTOR,2025-05-28,110371,1,24,0,194.0
10109794NASCIMENTOR_2025-05-28_G30,10109794NASCIMENTOR,2025-05-28,110373,1,30,0,700.0
10109794NASCIMENTOR_2025-05-28_G31,10109794NASCIMENTOR,2025-05-28,118299,1,20,0,204.0
10109794NASCIMENTOR_2025-05-28_G32,10109794NASCIMENTOR,2025-05-28,110375,1,8,0,66.0
10109794NASCIMENTOR_2025-05-28_G33,10109794NASCIMENTOR,2025-05-28,117809,1,5,0,168.0
10109794NASCIMENTOR_2025-05-28_G34,10109794NASCIMENTOR,2025-05-28,110372,1,80,0,593.0
10109794NASCIMENTOR_2025-05-28_G35,10109794NASCIMENTOR,2025-05-28,109640,1,1,0,217.0
10109794NASCIMENTOR_2025-05-28_G36,10109794NASCIMENTOR,2025-05-28,116241,1,1,0,128.0
10109794NASCIMENTOR_2025-05-28_G37,10109794NASCIMENTOR,2025-05-28,108711,1,10,0,326.0
10109794NASCIMENTOR_2025-05-28_G38,10109794NASCIMENTOR,2025-05-28,118140,1,4,0,153.0
10109794NASCIMENTOR_2025-05-28_G39,10109794NASCIMENTOR,2025-05-28,110787,1,4,0,116.0
10109794NASCIMENTOR_2025-05-28_G40,10109794NASCIMENTOR,2025-05-28,111602,1,20,0,220.0
10109794NASCIMENTOR_2025-05-28_G41,10109794NASCIMENTOR,2025-05-28,111602,1,20,0,372.0
10109794NASCIMENTOR_2025-05-28_G42,10109794NASCIMENTOR,2025-05-28,110787,1,20,0,268.0
10109794NASCIMENTOR_2025-05-29_G02,10109794NASCIMENTOR,2025-05-29,140922,1,4,0,214.0
10109794NASCIMENTOR_2025-05-29_G03,10109794NASCIMENTOR,2025-05-29,111469,1,1,0,133.0
10109794NASCIMENTOR_2025-05-29_G04,10109794NASCIMENTOR,2025-05-29,110374,1,3,0,874.0
10109794NASCIMENTOR_2025-05-29_G05,10109794NASCIMENTOR,2025-05-29,118140,1,36,0,199.0
10109794NASCIMENTOR_2025-05-29_G06,10109794NASCIMENTOR,2025-05-29,118317,1,8,0,268.0
10109794NASCIMENTOR_2025-05-29_G07,10109794NASCIMENTOR,2025-05-29,110711,1,9,0,422.0
10109794NASCIMENTOR_2025-05-29_G08,10109794NASCIMENTOR,2025-05-29,117862,1,10,0,374.0
10109794NASCIMENTOR_2025-05-29_G09,10109794NASCIMENTOR,2025-05-29,107629,1,2,0,259.0
10109794NASCIMENTOR_2025-05-29_G10,10109794NASCIMENTOR,2025-05-29,117855,1,1,0,453.0
10109794NASCIMENTOR_2025-05-29_G11,10109794NASCIMENTOR,2025-05-29,111530,1,8,0,167.0
10109794NASCIMENTOR_2025-05-29_G12,10109794NASCIMENTOR,2025-05-29,118222,1,16,0,525.0
10109794NASCIMENTOR_2025-05-29_G13,10109794NASCIMENTOR,2025-05-29,111440,1,16,0,769.0
10109794NASCIMENTOR_2025-05-29_G14,10109794NASCIMENTOR,2025-05-29,107892,1,8,0,365.0
10109794NASCIMENTOR_2025-05-29_G15,10109794NASCIMENTOR,2025-05-29,111443,1,3,0,531.0
10109794NASCIMENTOR_2025-05-29_G16,10109794NASCIMENTOR,2025-05-29,111430,1,4,0,168.0
10109794NASCIMENTOR_2025-05-29_G17,10109794NASCIMENTOR,2025-05-29,141202,1,38,0,812.0
10109794NASCIMENTOR_2025-05-29_G19,10109794NASCIMENTOR,2025-05-29,117838,1,20,0,540.0
10109794NASCIMENTOR_2025-05-29_G20,10109794NASCIMENTOR,2025-05-29,109645,1,7,0,197.0
10109794NASCIMENTOR_2025-05-29_G21,10109794NASCIMENTOR,2025-05-29,107236,1,57,0,654.0
10109794NASCIMENTOR_2025-05-29_G22,10109794NASCIMENTOR,2025-05-29,108711,1,50,0,444.0
10109794NASCIMENTOR_2025-05-29_G23,10109794NASCIMENTOR,2025-05-29,118299,1,500,0,1932.0
10109794NASCIMENTOR_2025-05-29_G24,10109794NASCIMENTOR,2025-05-29,110755,1,100,0,1112.0
10109794NASCIMENTOR_2025-05-29_G25,10109794NASCIMENTOR,2025-05-29,109643,1,20,0,1576.0
10109794NASCIMENTOR_2025-05-29_G26,10109794NASCIMENTOR,2025-05-29,117840,1,4,0,300.0
10109794NASCIMENTOR_2025-05-29_G27,10109794NASCIMENTOR,2025-05-29,117830,1,40,0,731.0
10109794NASCIMENTOR_2025-05-29_G28,10109794NASCIMENTOR,2025-05-29,117808,1,300,0,951.0
10109794NASCIMENTOR_2025-05-29_G29,10109794NASCIMENTOR,2025-05-29,117808,1,400,0,395.0
10109794NASCIMENTOR_2025-05-29_G30,10109794NASCIMENTOR,2025-05-29,117820,1,50,0,63.0
10109794NASCIMENTOR_2025-05-29_G31,10109794NASCIMENTOR,2025-05-29,118299,1,255,0,1211.0
10109794NASCIMENTOR_2025-05-30_G02,10109794NASCIMENTOR,2025-05-30,115817,1,16,0,423.0
10109794NASCIMENTOR_2025-05-30_G03,10109794NASCIMENTOR,2025-05-30,117808,1,40,0,535.0
10109794NASCIMENTOR_2025-05-30_G04,10109794NASCIMENTOR,2025-05-30,109647,1,6,0,404.0
10109794NASCIMENTOR_2025-05-30_G05,10109794NASCIMENTOR,2025-05-30,160054,1,10,0,296.0
10109794NASCIMENTOR_2025-05-30_G06,10109794NASCIMENTOR,2025-05-30,140922,1,4,0,347.0
10109794NASCIMENTOR_2025-05-30_G07,10109794NASCIMENTOR,2025-05-30,117786,1,4,0,248.0
10109794NASCIMENTOR_2025-05-30_G08,10109794NASCIMENTOR,2025-05-30,109643,1,2,0,244.0
10109794NASCIMENTOR_2025-05-30_G09,10109794NASCIMENTOR,2025-05-30,117836,1,4,0,337.0
10109794NASCIMENTOR_2025-05-30_G10,10109794NASCIMENTOR,2025-05-30,110313,1,2,0,548.0
10109794NASCIMENTOR_2025-05-30_G11,10109794NASCIMENTOR,2025-05-30,110376,1,6,0,865.0
10109794NASCIMENTOR_2025-05-30_G12,10109794NASCIMENTOR,2025-05-30,117832,1,14,0,214.0
10109794NASCIMENTOR_2025-05-30_G13,10109794NASCIMENTOR,2025-05-30,117830,1,40,0,423.0
10109794NASCIMENTOR_2025-05-30_G14,10109794NASCIMENTOR,2025-05-30,117820,1,100,0,1353.0
10109794NASCIMENTOR_2025-05-30_G15,10109794NASCIMENTOR,2025-05-30,110339,1,12,0,365.0
10109794NASCIMENTOR_2025-05-30_G16,10109794NASCIMENTOR,2025-05-30,117862,1,20,0,207.0
10109794NASCIMENTOR_2025-05-30_G17,10109794NASCIMENTOR,2025-05-30,117855,1,22,0,180.0
10109794NASCIMENTOR_2025-05-30_G18,10109794NASCIMENTOR,2025-05-30,109640,1,12,0,552.0
10109794NASCIMENTOR_2025-05-30_G20,10109794NASCIMENTOR,2025-05-30,117808,1,50,0,296.0
10109794NASCIMENTOR_2025-05-30_G21,10109794NASCIMENTOR,2025-05-30,118299,1,34,0,556.0
10109794NASCIMENTOR_2025-05-30_G22,10109794NASCIMENTOR,2025-05-30,110375,1,26,0,670.0
10109794NASCIMENTOR_2025-05-30_G23,10109794NASCIMENTOR,2025-05-30,117809,1,26,0,234.0
10109794NASCIMENTOR_2025-05-30_G24,10109794NASCIMENTOR,2025-05-30,117830,1,20,0,289.0
10109794NASCIMENTOR_2025-05-30_G25,10109794NASCIMENTOR,2025-05-30,110373,1,40,0,582.0
10109794NASCIMENTOR_2025-05-30_G26,10109794NASCIMENTOR,2025-05-30,117820,1,32,0,609.0
10109794NASCIMENTOR_2025-05-30_G27,10109794NASCIMENTOR,2025-05-30,110372,1,36,0,413.0
10109794NASCIMENTOR_2025-05-30_G28,10109794NASCIMENTOR,2025-05-30,117832,1,30,0,476.0
10109794NASCIMENTOR_2025-05-30_G29,10109794NASCIMENTOR,2025-05-30,110740,1,12,0,275.0
10109794NASCIMENTOR_2025-05-30_G30,10109794NASCIMENTOR,2025-05-30,109641,1,12,0,653.0
10109794NASCIMENTOR_2025-05-30_G31,10109794NASCIMENTOR,2025-05-30,118140,1,18,0,243.0
10109794NASCIMENTOR_2025-05-30_G32,10109794NASCIMENTOR,2025-05-30,117785,1,10,0,106.0
10109794NASCIMENTOR_2025-05-30_G33,10109794NASCIMENTOR,2025-05-30,111463,1,36,0,406.0
10109794NASCIMENTOR_2025-05-30_G34,10109794NASCIMENTOR,2025-05-30,111466,1,30,0,637.0
10109794NASCIMENTOR_2025-05-30_G35,10109794NASCIMENTOR,2025-05-30,108711,1,30,0,591.0
10109794NASCIMENTOR_2025-05-30_G36,10109794NASCIMENTOR,2025-05-30,111435,1,4,0,164.0
10109794NASCIMENTOR_2025-05-30_G37,10109794NASCIMENTOR,2025-05-30,111469,2,10,9,89.0
10109794NASCIMENTOR_2025-05-30_G38,10109794NASCIMENTOR,2025-05-30,117820,2,6,9,332.0
10109794NASCIMENTOR_2025-05-30_G39,10109794NASCIMENTOR,2025-05-30,118299,1,4,0,435.0
10109794NASCIMENTOR_2025-05-30_G40,10109794NASCIMENTOR,2025-05-30,117820,7,63,57,82.0
10109794NASCIMENTOR_2025-05-30_G41,10109794NASCIMENTOR,2025-05-30,111463,1,2,0,515.0
10109794NASCIMENTOR_2025-05-30_G42,10109794NASCIMENTOR,2025-05-30,111446,1,4,0,116.0
10109794NASCIMENTOR_2025-05-30_G43,10109794NASCIMENTOR,2025-05-30,111466,1,8,0,170.0
10109794NASCIMENTOR_2025-05-30_G44,10109794NASCIMENTOR,2025-05-30,111469,5,28,37,253.0
10109794NASCIMENTOR_2025-05-31_G02,10109794NASCIMENTOR,2025-05-31,111532,1,1,0,234.0
10109794NASCIMENTOR_2025-05-31_G03,10109794NASCIMENTOR,2025-05-31,110313,1,8,0,103.0
10109794NASCIMENTOR_2025-05-31_G04,10109794NASCIMENTOR,2025-05-31,110711,2,16,7,1069.0
10109794NASCIMENTOR_2025-05-31_G05,10109794NASCIMENTOR,2025-05-31,110711,1,2,0,147.0
10109794NASCIMENTOR_2025-05-31_G06,10109794NASCIMENTOR,2025-05-31,110711,1,20,0,319.0
10109794NASCIMENTOR_2025-05-31_G07,10109794NASCIMENTOR,2025-05-31,111418,1,12,0,501.0
10109794NASCIMENTOR_2025-05-31_G08,10109794NASCIMENTOR,2025-05-31,110372,1,8,0,350.0
10109794NASCIMENTOR_2025-05-31_G09,10109794NASCIMENTOR,2025-05-31,111743,1,5,0,498.0
10109794NASCIMENTOR_2025-05-31_G10,10109794NASCIMENTOR,2025-05-31,110373,3,9,28,922.0
10109794NASCIMENTOR_2025-05-31_G11,10109794NASCIMENTOR,2025-05-31,118299,2,8,13,237.0
10109794NASCIMENTOR_2025-05-31_G12,10109794NASCIMENTOR,2025-05-31,117820,1,3,0,159.0
10109794NASCIMENTOR_2025-05-31_G13,10109794NASCIMENTOR,2025-05-31,111466,1,2,0,587.0
10109794NASCIMENTOR_2025-05-31_G14,10109794NASCIMENTOR,2025-05-31,111469,1,20,0,171.0
10109794NASCIMENTOR_2025-05-31_G15,10109794NASCIMENTOR,2025-05-31,117785,1,2,0,119.0
10109794NASCIMENTOR_2025-05-31_G16,10109794NASCIMENTOR,2025-05-31,110741,1,4,0,121.0
10109794NASCIMENTOR_2025-05-31_G17,10109794NASCIMENTOR,2025-05-31,111602,1,10,0,168.0
10109794NASCIMENTOR_2025-05-31_G18,10109794NASCIMENTOR,2025-05-31,111569,1,4,0,670.0
10109794NASCIMENTOR_2025-05-31_G19,10109794NASCIMENTOR,2025-05-31,118222,2,3,7,161.0
10109794NASCIMENTOR_2025-05-31_G20,10109794NASCIMENTOR,2025-05-31,111441,1,2,0,108.0
10109794NASCIMENTOR_2025-05-31_G21,10109794NASCIMENTOR,2025-05-31,110373,1,4,0,211.0
10109794NASCIMENTOR_2025-05-31_G22,10109794NASCIMENTOR,2025-05-31,118299,1,4,0,71.0
10109794NASCIMENTOR_2025-05-31_G23,10109794NASCIMENTOR,2025-05-31,109641,1,6,0,131.0
10109794NASCIMENTOR_2025-05-31_G24,10109794NASCIMENTOR,2025-05-31,105705,1,1,0,108.0
10109794NASCIMENTOR_2025-05-31_G25,10109794NASCIMENTOR,2025-05-31,111466,2,6,11,56.0
10109794NASCIMENTOR_2025-05-31_G26,10109794NASCIMENTOR,2025-05-31,111433,1,4,0,214.0
10109794NASCIMENTOR_2025-05-31_G27,10109794NASCIMENTOR,2025-05-31,110741,1,4,0,128.0
10109794NASCIMENTOR_2025-05-31_G28,10109794NASCIMENTOR,2025-05-31,111602,1,20,0,234.0
10109794NASCIMENTOR_2025-05-31_G29,10109794NASCIMENTOR,2025-05-31,111569,1,4,0,109.0
10109794NASCIMENTOR_2025-05-31_G30,10109794NASCIMENTOR,2025-05-31,111655,3,10,18,133.0
10109794NASCIMENTOR_2025-05-31_G31,10109794NASCIMENTOR,2025-05-31,111441,1,4,0,166.0
10109794NASCIMENTOR_2025-05-31_G32,10109794NASCIMENTOR,2025-05-31,110755,1,2,0,77.0
10109794NASCIMENTOR_2025-05-31_G33,10109794NASCIMENTOR,2025-05-31,110741,1,10,0,252.0
10109794NASCIMENTOR_2025-05-31_G34,10109794NASCIMENTOR,2025-05-31,110895,1,4,0,92.0
10109794NASCIMENTOR_2025-06-02_G02,10109794NASCIMENTOR,2025-06-02,117856,1,6,0,175.0
10109794NASCIMENTOR_2025-06-02_G03,10109794NASCIMENTOR,2025-06-02,117831,1,38,0,397.0
10109794NASCIMENTOR_2025-06-02_G04,10109794NASCIMENTOR,2025-06-02,111433,1,2,0,1068.0
10109794NASCIMENTOR_2025-06-02_G05,10109794NASCIMENTOR,2025-06-02,110325,3,176,19,1136.0
10109794NASCIMENTOR_2025-06-02_G06,10109794NASCIMENTOR,2025-06-02,110376,1,1,0,273.0
10109794NASCIMENTOR_2025-06-02_G07,10109794NASCIMENTOR,2025-06-02,111660,1,4,0,327.0
10109794NASCIMENTOR_2025-06-02_G08,10109794NASCIMENTOR,2025-06-02,111660,1,4,0,349.0
10109794NASCIMENTOR_2025-06-02_G09,10109794NASCIMENTOR,2025-06-02,108794,1,5,0,201.0
10109794NASCIMENTOR_2025-06-02_G10,10109794NASCIMENTOR,2025-06-02,111463,1,140,0,847.0
10109794NASCIMENTOR_2025-06-02_G11,10109794NASCIMENTOR,2025-06-02,111418,1,319,0,1208.0
10109794NASCIMENTOR_2025-06-02_G12,10109794NASCIMENTOR,2025-06-02,118140,1,556,0,1518.0
10109794NASCIMENTOR_2025-06-02_G13,10109794NASCIMENTOR,2025-06-02,109645,1,30,0,1325.0
10109794NASCIMENTOR_2025-06-02_G14,10109794NASCIMENTOR,2025-06-02,111467,1,83,0,124.0
10109794NASCIMENTOR_2025-06-03_G02,10109794NASCIMENTOR,2025-06-03,107629,1,98,0,922.0
10109794NASCIMENTOR_2025-06-05_G02,10109794NASCIMENTOR,2025-06-05,110373,1,50,0,223.0
10109794NASCIMENTOR_2025-06-05_G03,10109794NASCIMENTOR,2025-06-05,117822,1,15,0,1058.0
10109794NASCIMENTOR_2025-06-05_G04,10109794NASCIMENTOR,2025-06-05,141202,2,14,7,163.0
10109794NASCIMENTOR_2025-06-05_G05,10109794NASCIMENTOR,2025-06-05,110372,1,60,0,1347.0
10109794NASCIMENTOR_2025-06-05_G06,10109794NASCIMENTOR,2025-06-05,110582,1,1,0,218.0
10109794NASCIMENTOR_2025-06-05_G07,10109794NASCIMENTOR,2025-06-05,100334,1,8,0,162.0
10109794NASCIMENTOR_2025-06-05_G08,10109794NASCIMENTOR,2025-06-05,111437,1,4,0,659.0
10109794NASCIMENTOR_2025-06-05_G09,10109794NASCIMENTOR,2025-06-05,117835,1,6,0,265.0
10109794NASCIMENTOR_2025-06-05_G10,10109794NASCIMENTOR,2025-06-05,111438,2,8,11,79.0
10109794NASCIMENTOR_2025-06-05_G11,10109794NASCIMENTOR,2025-06-05,117855,1,6,0,3030.0
10109794NASCIMENTOR_2025-06-05_G12,10109794NASCIMENTOR,2025-06-05,111602,1,4,0,551.0
10109794NASCIMENTOR_2025-06-05_G13,10109794NASCIMENTOR,2025-06-05,110515,1,6,0,404.0
10109794NASCIMENTOR_2025-06-06_G02,10109794NASCIMENTOR,2025-06-06,109641,1,4,0,132.0
10109794NASCIMENTOR_2025-06-06_G03,10109794NASCIMENTOR,2025-06-06,111418,1,4,0,156.0
10109794NASCIMENTOR_2025-06-06_G04,10109794NASCIMENTOR,2025-06-06,110374,1,8,0,770.0
10109794NASCIMENTOR_2025-06-06_G05,10109794NASCIMENTOR,2025-06-06,117808,1,6,0,65.0
10109794NASCIMENTOR_2025-06-06_G06,10109794NASCIMENTOR,2025-06-06,109643,1,4,0,65.0
10109794NASCIMENTOR_2025-06-06_G07,10109794NASCIMENTOR,2025-06-06,110372,1,12,0,201.0
10109794NASCIMENTOR_2025-06-06_G08,10109794NASCIMENTOR,2025-06-06,117808,1,10,0,418.0
10109794NASCIMENTOR_2025-06-06_G09,10109794NASCIMENTOR,2025-06-06,110372,1,20,0,174.0
10109794NASCIMENTOR_2025-06-06_G10,10109794NASCIMENTOR,2025-06-06,118299,1,12,0,230.0
10109794NASCIMENTOR_2025-06-06_G11,10109794NASCIMENTOR,2025-06-06,110375,1,4,0,162.0
10109794NASCIMENTOR_2025-06-06_G12,10109794NASCIMENTOR,2025-06-06,117830,1,2,0,127.0
10109794NASCIMENTOR_2025-06-06_G13,10109794NASCIMENTOR,2025-06-06,111463,1,4,0,144.0
10109794NASCIMENTOR_2025-06-06_G14,10109794NASCIMENTOR,2025-06-06,111469,1,2,0,53.0
10109794NASCIMENTOR_2025-06-06_G15,10109794NASCIMENTOR,2025-06-06,105705,1,2,0,41.0
10109794NASCIMENTOR_2025-06-06_G16,10109794NASCIMENTOR,2025-06-06,111172,1,4,0,113.0
10109794NASCIMENTOR_2025-06-06_G17,10109794NASCIMENTOR,2025-06-06,117842,1,2,0,140.0
10109794NASCIMENTOR_2025-06-06_G18,10109794NASCIMENTOR,2025-06-06,111418,1,2,0,92.0
10109794NASCIMENTOR_2025-06-06_G19,10109794NASCIMENTOR,2025-06-06,118140,1,4,0,219.0
10109794NASCIMENTOR_2025-06-06_G20,10109794NASCIMENTOR,2025-06-06,117821,1,2,0,81.0
10109794NASCIMENTOR_2025-06-06_G21,10109794NASCIMENTOR,2025-06-06,110339,1,2,0,147.0
10109794NASCIMENTOR_2025-06-06_G22,10109794NASCIMENTOR,2025-06-06,117837,1,4,0,132.0
10109794NASCIMENTOR_2025-06-06_G23,10109794NASCIMENTOR,2025-06-06,111602,1,1,0,101.0
10109794NASCIMENTOR_2025-06-06_G24,10109794NASCIMENTOR,2025-06-06,110515,1,2,0,97.0
10109794NASCIMENTOR_2025-06-06_G25,10109794NASCIMENTOR,2025-06-06,111660,1,2,0,229.0
10109794NASCIMENTOR_2025-06-06_G26,10109794NASCIMENTOR,2025-06-06,141047,1,2,0,238.0
10109794NASCIMENTOR_2025-06-06_G27,10109794NASCIMENTOR,2025-06-06,110374,1,6,0,352.0
10109794NASCIMENTOR_2025-06-06_G28,10109794NASCIMENTOR,2025-06-06,110373,1,8,0,165.0
10109794NASCIMENTOR_2025-06-06_G29,10109794NASCIMENTOR,2025-06-06,110372,1,8,0,63.0
10109794NASCIMENTOR_2025-06-06_G30,10109794NASCIMENTOR,2025-06-06,110371,1,5,0,108.0
10109794NASCIMENTOR_2025-06-06_G31,10109794NASCIMENTOR,2025-06-06,111743,1,3,0,131.0
10109794NASCIMENTOR_2025-06-06_G32,10109794NASCIMENTOR,2025-06-06,108795,1,8,0,90.0
10109794NASCIMENTOR_2025-06-06_G33,10109794NASCIMENTOR,2025-06-06,111462,1,8,0,97.0
10109794NASCIMENTOR_2025-06-06_G34,10109794NASCIMENTOR,2025-06-06,111463,1,8,0,67.0
10109794NASCIMENTOR_2025-06-06_G35,10109794NASCIMENTOR,2025-06-06,111469,1,2,0,53.0
10109794NASCIMENTOR_2025-06-06_G36,10109794NASCIMENTOR,2025-06-06,111468,1,3,0,85.0
10109794NASCIMENTOR_2025-06-06_G37,10109794NASCIMENTOR,2025-06-06,117833,1,5,0,101.0
10109794NASCIMENTOR_2025-06-06_G38,10109794NASCIMENTOR,2025-06-06,111418,1,8,0,136.0
10109794NASCIMENTOR_2025-06-06_G39,10109794NASCIMENTOR,2025-06-06,111348,1,4,0,92.0
10109794NASCIMENTOR_2025-06-06_G40,10109794NASCIMENTOR,2025-06-06,111850,1,4,0,131.0
10109794NASCIMENTOR_2025-06-06_G41,10109794NASCIMENTOR,2025-06-06,110755,1,4,0,154.0
10109794NASCIMENTOR_2025-06-06_G42,10109794NASCIMENTOR,2025-06-06,141047,1,3,0,785.0
10109794NASCIMENTOR_2025-06-06_G43,10109794NASCIMENTOR,2025-06-06,111876,1,5,0,211.0
10109794NASCIMENTOR_2025-06-06_G44,10109794NASCIMENTOR,2025-06-06,110581,1,3,0,116.0
10109794NASCIMENTOR_2025-06-06_G45,10109794NASCIMENTOR,2025-06-06,110753,1,4,0,65.0
10109794NASCIMENTOR_2025-06-06_G46,10109794NASCIMENTOR,2025-06-06,117861,1,4,0,73.0
10109794NASCIMENTOR_2025-06-06_G47,10109794NASCIMENTOR,2025-06-06,110752,1,3,0,57.0
10109794NASCIMENTOR_2025-06-06_G48,10109794NASCIMENTOR,2025-06-06,108361,1,3,0,92.0
10109794NASCIMENTOR_2025-06-06_G49,10109794NASCIMENTOR,2025-06-06,111530,1,4,0,100.0
10109794NASCIMENTOR_2025-06-06_G50,10109794NASCIMENTOR,2025-06-06,108772,1,3,0,229.0
10109794NASCIMENTOR_2025-06-06_G52,10109794NASCIMENTOR,2025-06-06,118224,1,14,0,787.0
10109794NASCIMENTOR_2025-06-06_G53,10109794NASCIMENTOR,2025-06-06,111466,1,16,0,1229.0
10109794NASCIMENTOR_2025-06-06_G54,10109794NASCIMENTOR,2025-06-06,111418,1,16,0,171.0
10109794NASCIMENTOR_2025-06-06_G55,10109794NASCIMENTOR,2025-06-06,"111602, 111660",2,20,13,156.0
10109794NASCIMENTOR_2025-06-06_G56,10109794NASCIMENTOR,2025-06-06,111743,1,3,0,1698.0
10109794NASCIMENTOR_2025-06-06_G57,10109794NASCIMENTOR,2025-06-06,108795,1,10,0,416.0
10109794NASCIMENTOR_2025-06-06_G58,10109794NASCIMENTOR,2025-06-06,111462,1,8,0,141.0
10109794NASCIMENTOR_2025-06-06_G59,10109794NASCIMENTOR,2025-06-06,111463,2,21,10,106.0
10109794NASCIMENTOR_2025-06-06_G60,10109794NASCIMENTOR,2025-06-06,109641,1,4,0,113.0
10109794NASCIMENTOR_2025-06-06_G61,10109794NASCIMENTOR,2025-06-06,111469,1,10,0,139.0
10109794NASCIMENTOR_2025-06-06_G62,10109794NASCIMENTOR,2025-06-06,105705,1,7,0,113.0
10109794NASCIMENTOR_2025-06-06_G63,10109794NASCIMENTOR,2025-06-06,111182,1,2,0,70.0
10109794NASCIMENTOR_2025-06-06_G64,10109794NASCIMENTOR,2025-06-06,140922,1,4,0,75.0
10109794NASCIMENTOR_2025-06-06_G65,10109794NASCIMENTOR,2025-06-06,"110747, 118222, 111850, 110895",4,26,33,1025.0
10109794NASCIMENTOR_2025-06-06_G66,10109794NASCIMENTOR,2025-06-06,111418,2,27,8,982.0
10109794NASCIMENTOR_2025-06-06_G67,10109794NASCIMENTOR,2025-06-06,109645,1,10,0,69.0
10109794NASCIMENTOR_2025-06-06_G68,10109794NASCIMENTOR,2025-06-06,117787,1,7,0,199.0
10109794NASCIMENTOR_2025-06-06_G69,10109794NASCIMENTOR,2025-06-06,118140,1,21,0,87.0
10109794NASCIMENTOR_2025-06-06_G70,10109794NASCIMENTOR,2025-06-06,118140,1,20,0,111.0
10109794NASCIMENTOR_2025-06-06_G71,10109794NASCIMENTOR,2025-06-06,111348,1,4,0,314.0
10109794NASCIMENTOR_2025-06-06_G72,10109794NASCIMENTOR,2025-06-06,107236,1,4,0,141.0
10109794NASCIMENTOR_2025-06-06_G73,10109794NASCIMENTOR,2025-06-06,111465,1,6,0,89.0
10109794NASCIMENTOR_2025-06-06_G74,10109794NASCIMENTOR,2025-06-06,"111468, 110745, 111466, 117833, 111172",5,34,48,337.0
10109794NASCIMENTOR_2025-06-07_G02,10109794NASCIMENTOR,2025-06-07,111467,1,6,0,165.0
10109794NASCIMENTOR_2025-06-07_G03,10109794NASCIMENTOR,2025-06-07,110733,1,3,0,268.0
10109794NASCIMENTOR_2025-06-07_G04,10109794NASCIMENTOR,2025-06-07,111602,1,10,0,128.0
10109794NASCIMENTOR_2025-06-07_G05,10109794NASCIMENTOR,2025-06-07,110313,1,8,0,287.0
10109794NASCIMENTOR_2025-06-07_G06,10109794NASCIMENTOR,2025-06-07,110515,1,11,0,377.0
10109794NASCIMENTOR_2025-06-07_G07,10109794NASCIMENTOR,2025-06-07,117856,1,6,0,112.0
10109794NASCIMENTOR_2025-06-07_G08,10109794NASCIMENTOR,2025-06-07,"141047, 109647, 111876, 117862, 117855, 117861",6,36,30,757.0
10109794NASCIMENTOR_2025-06-07_G10,10109794NASCIMENTOR,2025-06-07,108711,1,170,0,1207.0
10109794NASCIMENTOR_2025-06-07_G11,10109794NASCIMENTOR,2025-06-07,107236,1,100,0,528.0
10109794NASCIMENTOR_2025-06-07_G12,10109794NASCIMENTOR,2025-06-07,"117787, 111438",3,122,27,648.0
10109794NASCIMENTOR_2025-06-08_G02,10109794NASCIMENTOR,2025-06-08,111443,1,4,0,94.0
10109794NASCIMENTOR_2025-06-08_G03,10109794NASCIMENTOR,2025-06-08,111435,1,20,0,292.0
10109794NASCIMENTOR_2025-06-08_G04,10109794NASCIMENTOR,2025-06-08,110743,1,20,0,1105.0
10109794NASCIMENTOR_2025-06-08_G05,10109794NASCIMENTOR,2025-06-08,109641,1,10,0,295.0
10109794NASCIMENTOR_2025-06-08_G06,10109794NASCIMENTOR,2025-06-08,108798,1,20,0,423.0
10109794NASCIMENTOR_2025-06-08_G07,10109794NASCIMENTOR,2025-06-08,110748,1,10,0,669.0
10109794NASCIMENTOR_2025-06-08_G08,10109794NASCIMENTOR,2025-06-08,109645,1,25,0,542.0
10109794NASCIMENTOR_2025-06-08_G09,10109794NASCIMENTOR,2025-06-08,"110754, 111850, 111440, 118306, 111569",5,49,20,637.0
10109794NASCIMENTOR_2025-06-08_G10,10109794NASCIMENTOR,2025-06-08,118317,1,20,0,210.0
10109794NASCIMENTOR_2025-06-08_G11,10109794NASCIMENTOR,2025-06-08,111879,1,4,0,448.0
10109794NASCIMENTOR_2025-06-08_G12,10109794NASCIMENTOR,2025-06-08,117853,1,20,0,156.0
10109794NASCIMENTOR_2025-06-08_G13,10109794NASCIMENTOR,2025-06-08,"141047, 109974",2,26,29,840.0
10109794NASCIMENTOR_2025-06-08_G14,10109794NASCIMENTOR,2025-06-08,111468,1,190,0,618.0
10109794NASCIMENTOR_2025-06-08_G15,10109794NASCIMENTOR,2025-06-08,"118298, 109640",2,44,6,660.0
10109794NASCIMENTOR_2025-06-08_G16,10109794NASCIMENTOR,2025-06-08,110752,1,25,0,1206.0
10109794NASCIMENTOR_2025-06-09_G02,10109794NASCIMENTOR,2025-06-09,110373,1,1,0,196.0
10109794NASCIMENTOR_2025-06-09_G03,10109794NASCIMENTOR,2025-06-09,117820,1,2,0,281.0
10109794NASCIMENTOR_2025-06-09_G04,10109794NASCIMENTOR,2025-06-09,117830,1,2,0,91.0
10109794NASCIMENTOR_2025-06-09_G05,10109794NASCIMENTOR,2025-06-09,111466,1,1,0,302.0
10109794NASCIMENTOR_2025-06-09_G06,10109794NASCIMENTOR,2025-06-09,118317,1,1,0,118.0
10109794NASCIMENTOR_2025-06-09_G07,10109794NASCIMENTOR,2025-06-09,117786,1,4,0,192.0
10109794NASCIMENTOR_2025-06-09_G08,10109794NASCIMENTOR,2025-06-09,110373,1,2,0,511.0
10109794NASCIMENTOR_2025-06-09_G09,10109794NASCIMENTOR,2025-06-09,111466,1,1,0,198.0
10109794NASCIMENTOR_2025-06-09_G10,10109794NASCIMENTOR,2025-06-09,111418,1,2,0,146.0
10109794NASCIMENTOR_2025-06-09_G11,10109794NASCIMENTOR,2025-06-09,118140,1,1,0,98.0
10109794NASCIMENTOR_2025-06-09_G12,10109794NASCIMENTOR,2025-06-09,111532,1,1,0,573.0
10109794NASCIMENTOR_2025-06-09_G13,10109794NASCIMENTOR,2025-06-09,110374,1,12,0,727.0
10109794NASCIMENTOR_2025-06-09_G14,10109794NASCIMENTOR,2025-06-09,117808,1,11,0,142.0
10109794NASCIMENTOR_2025-06-09_G15,10109794NASCIMENTOR,2025-06-09,109643,1,6,0,160.0
10109794NASCIMENTOR_2025-06-09_G16,10109794NASCIMENTOR,2025-06-09,110373,1,16,0,291.0
10109794NASCIMENTOR_2025-06-09_G17,10109794NASCIMENTOR,2025-06-09,118299,1,4,0,140.0
10109794NASCIMENTOR_2025-06-09_G18,10109794NASCIMENTOR,2025-06-09,110371,1,3,0,179.0
10109794NASCIMENTOR_2025-06-09_G19,10109794NASCIMENTOR,2025-06-09,118094,1,6,0,370.0
10109794NASCIMENTOR_2025-06-09_G20,10109794NASCIMENTOR,2025-06-09,"118290, 100334, 109640, 117786, 111466, 111418, 118317, 110373, 109643",9,38,108,574.0
10109794NASCIMENTOR_2025-06-09_G21,10109794NASCIMENTOR,2025-06-09,111602,1,10,0,387.0
10109794NASCIMENTOR_2025-06-09_G22,10109794NASCIMENTOR,2025-06-09,110372,1,46,0,607.0
10109794NASCIMENTOR_2025-06-09_G24,10109794NASCIMENTOR,2025-06-09,117786,1,425,0,1306.0
10109794NASCIMENTOR_2025-06-09_G25,10109794NASCIMENTOR,2025-06-09,"111440, 117853, 111743",3,159,44,1362.0
10109794NASCIMENTOR_2025-06-09_G26,10109794NASCIMENTOR,2025-06-09,118317,1,100,0,516.0
10109794NASCIMENTOR_2025-06-09_G27,10109794NASCIMENTOR,2025-06-09,160053,1,8,0,2447.0
10109794NASCIMENTOR_2025-06-09_G28,10109794NASCIMENTOR,2025-06-09,160050,1,4,0,685.0
10109794NASCIMENTOR_2025-06-09_G29,10109794NASCIMENTOR,2025-06-09,110742,1,1,0,385.0
10109794NASCIMENTOR_2025-06-09_G30,10109794NASCIMENTOR,2025-06-09,117862,1,4,0,209.0
10109794NASCIMENTOR_2025-06-09_G31,10109794NASCIMENTOR,2025-06-09,110733,1,2,0,741.0
10109794NASCIMENTOR_2025-06-10_G02,10109794NASCIMENTOR,2025-06-10,111602,1,8,0,99.0
10109794NASCIMENTOR_2025-06-10_G03,10109794NASCIMENTOR,2025-06-10,109648,1,4,0,143.0
10109794NASCIMENTOR_2025-06-10_G04,10109794NASCIMENTOR,2025-06-10,110373,1,9,0,62.0
10109794NASCIMENTOR_2025-06-10_G05,10109794NASCIMENTOR,2025-06-10,117809,1,2,0,143.0
10109794NASCIMENTOR_2025-06-10_G06,10109794NASCIMENTOR,2025-06-10,111850,1,2,0,2239.0
10109794NASCIMENTOR_2025-06-10_G07,10109794NASCIMENTOR,2025-06-10,110895,1,14,0,570.0
10109794NASCIMENTOR_2025-06-10_G08,10109794NASCIMENTOR,2025-06-10,117837,1,2,0,137.0
10109794NASCIMENTOR_2025-06-10_G09,10109794NASCIMENTOR,2025-06-10,110733,1,2,0,192.0
10109794NASCIMENTOR_2025-06-10_G10,10109794NASCIMENTOR,2025-06-10,110313,1,2,0,232.0
10109794NASCIMENTOR_2025-06-10_G11,10109794NASCIMENTOR,2025-06-10,117856,1,23,0,437.0
10109794NASCIMENTOR_2025-06-10_G12,10109794NASCIMENTOR,2025-06-10,108772,1,6,0,131.0
10109794NASCIMENTOR_2025-06-10_G13,10109794NASCIMENTOR,2025-06-10,110376,1,5,0,268.0
10109794NASCIMENTOR_2025-06-10_G14,10109794NASCIMENTOR,2025-06-10,117832,1,15,0,153.0
10109794NASCIMENTOR_2025-06-10_G15,10109794NASCIMENTOR,2025-06-10,117808,1,63,0,287.0
10109794NASCIMENTOR_2025-06-10_G16,10109794NASCIMENTOR,2025-06-10,117822,1,5,0,233.0
10109794NASCIMENTOR_2025-06-10_G17,10109794NASCIMENTOR,2025-06-10,110371,1,3,0,154.0
10109794NASCIMENTOR_2025-06-10_G18,10109794NASCIMENTOR,2025-06-10,"110373, 117830",2,90,28,674.0
10109794NASCIMENTOR_2025-06-10_G19,10109794NASCIMENTOR,2025-06-10,108794,1,5,0,1885.0
10109794NASCIMENTOR_2025-06-10_G20,10109794NASCIMENTOR,2025-06-10,111469,2,8,9,193.0
10109794NASCIMENTOR_2025-06-10_G21,10109794NASCIMENTOR,2025-06-10,111172,1,6,0,530.0
10109794NASCIMENTOR_2025-06-10_G23,10109794NASCIMENTOR,2025-06-10,111463,1,120,0,742.0
10109794NASCIMENTOR_2025-06-10_G24,10109794NASCIMENTOR,2025-06-10,114099,1,2,0,470.0
10109794NASCIMENTOR_2025-06-10_G25,10109794NASCIMENTOR,2025-06-10,111182,1,4,0,293.0
10109794NASCIMENTOR_2025-06-10_G26,10109794NASCIMENTOR,2025-06-10,115209,1,4,0,142.0
10109794NASCIMENTOR_2025-06-10_G27,10109794NASCIMENTOR,2025-06-10,117785,1,100,0,1248.0
10109794NASCIMENTOR_2025-06-10_G28,10109794NASCIMENTOR,2025-06-10,140922,1,6,0,152.0
10109794NASCIMENTOR_2025-06-10_G29,10109794NASCIMENTOR,2025-06-10,111468,1,2,0,61.0
10109794NASCIMENTOR_2025-06-10_G30,10109794NASCIMENTOR,2025-06-10,111172,1,5,0,229.0
10109794NASCIMENTOR_2025-06-10_G31,10109794NASCIMENTOR,2025-06-10,111431,1,4,0,119.0
10109794NASCIMENTOR_2025-06-10_G32,10109794NASCIMENTOR,2025-06-10,111348,1,4,0,109.0
10109794NASCIMENTOR_2025-06-10_G33,10109794NASCIMENTOR,2025-06-10,107236,1,22,0,389.0
10109794NASCIMENTOR_2025-06-10_G34,10109794NASCIMENTOR,2025-06-10,"105705, 111469",2,64,20,972.0
10109794NASCIMENTOR_2025-06-10_G35,10109794NASCIMENTOR,2025-06-10,117821,1,60,0,529.0
10109794NASCIMENTOR_2025-06-10_G36,10109794NASCIMENTOR,2025-06-10,111465,1,19,0,455.0
10109794NASCIMENTOR_2025-06-10_G37,10109794NASCIMENTOR,2025-06-10,110325,1,26,0,1677.0
10109794NASCIMENTOR_2025-06-10_G38,10109794NASCIMENTOR,2025-06-10,109643,1,18,0,241.0
10109794NASCIMENTOR_2025-06-10_G39,10109794NASCIMENTOR,2025-06-10,117832,1,9,0,365.0
10109794NASCIMENTOR_2025-06-10_G40,10109794NASCIMENTOR,2025-06-10,110375,1,6,0,108.0
10109794NASCIMENTOR_2025-06-10_G41,10109794NASCIMENTOR,2025-06-10,110371,1,27,0,280.0
10109794NASCIMENTOR_2025-06-10_G42,10109794NASCIMENTOR,2025-06-10,110374,1,86,0,595.0
10109794NASCIMENTOR_2025-06-10_G43,10109794NASCIMENTOR,2025-06-10,117830,1,28,0,584.0
10109794NASCIMENTOR_2025-06-11_G02,10109794NASCIMENTOR,2025-06-11,117809,1,15,0,1025.0
10109794NASCIMENTOR_2025-06-11_G03,10109794NASCIMENTOR,2025-06-11,141047,1,5,0,245.0
10109794NASCIMENTOR_2025-06-11_G04,10109794NASCIMENTOR,2025-06-11,118094,1,18,0,1619.0
10109794NASCIMENTOR_2025-06-11_G05,10109794NASCIMENTOR,2025-06-11,107629,1,4,0,197.0
10109794NASCIMENTOR_2025-06-11_G06,10109794NASCIMENTOR,2025-06-11,110339,1,7,0,81.0
10109794NASCIMENTOR_2025-06-11_G07,10109794NASCIMENTOR,2025-06-11,110515,1,22,0,189.0
10109794NASCIMENTOR_2025-06-11_G08,10109794NASCIMENTOR,2025-06-11,117855,1,9,0,428.0
10109794NASCIMENTOR_2025-06-11_G09,10109794NASCIMENTOR,2025-06-11,111467,1,16,0,743.0
10109794NASCIMENTOR_2025-06-11_G10,10109794NASCIMENTOR,2025-06-11,117786,1,5,0,136.0
10109794NASCIMENTOR_2025-06-11_G11,10109794NASCIMENTOR,2025-06-11,110733,1,7,0,130.0
10109794NASCIMENTOR_2025-06-11_G12,10109794NASCIMENTOR,2025-06-11,110313,1,3,0,200.0
10109794NASCIMENTOR_2025-06-11_G13,10109794NASCIMENTOR,2025-06-11,117856,1,6,0,86.0
10109794NASCIMENTOR_2025-06-11_G14,10109794NASCIMENTOR,2025-06-11,111602,1,10,0,943.0
10109794NASCIMENTOR_2025-06-11_G15,10109794NASCIMENTOR,2025-06-11,111530,1,22,0,189.0
10109794NASCIMENTOR_2025-06-11_G16,10109794NASCIMENTOR,2025-06-11,110742,1,4,0,266.0
10109794NASCIMENTOR_2025-06-11_G17,10109794NASCIMENTOR,2025-06-11,141313,1,4,0,128.0
10109794NASCIMENTOR_2025-06-11_G18,10109794NASCIMENTOR,2025-06-11,110755,1,6,0,122.0
10109794NASCIMENTOR_2025-06-11_G19,10109794NASCIMENTOR,2025-06-11,111438,1,7,0,175.0
10109794NASCIMENTOR_2025-06-11_G20,10109794NASCIMENTOR,2025-06-11,110895,1,16,0,287.0
10109794NASCIMENTOR_2025-06-11_G21,10109794NASCIMENTOR,2025-06-11,118222,1,9,0,108.0
10109794NASCIMENTOR_2025-06-11_G22,10109794NASCIMENTOR,2025-06-11,100334,1,9,0,129.0
10109794NASCIMENTOR_2025-06-11_G23,10109794NASCIMENTOR,2025-06-11,"111441, 111430, 110747",3,67,21,789.0
10109794NASCIMENTOR_2025-06-11_G25,10109794NASCIMENTOR,2025-06-11,110374,1,10,0,125.0
10109794NASCIMENTOR_2025-06-11_G26,10109794NASCIMENTOR,2025-06-11,117840,2,8,9,184.0
10109794NASCIMENTOR_2025-06-11_G27,10109794NASCIMENTOR,2025-06-11,117822,1,1,0,95.0
10109794NASCIMENTOR_2025-06-11_G28,10109794NASCIMENTOR,2025-06-11,110373,1,40,0,500.0
10109794NASCIMENTOR_2025-06-11_G29,10109794NASCIMENTOR,2025-06-11,109648,1,4,0,234.0
10109794NASCIMENTOR_2025-06-11_G30,10109794NASCIMENTOR,2025-06-11,118299,2,38,8,387.0
10109794NASCIMENTOR_2025-06-11_G31,10109794NASCIMENTOR,2025-06-11,117832,1,6,0,288.0
10109794NASCIMENTOR_2025-06-11_G32,10109794NASCIMENTOR,2025-06-11,117832,1,10,0,198.0
10109794NASCIMENTOR_2025-06-11_G33,10109794NASCIMENTOR,2025-06-11,110372,1,23,0,359.0
10109794NASCIMENTOR_2025-06-11_G34,10109794NASCIMENTOR,2025-06-11,117830,3,17,19,668.0
10109794NASCIMENTOR_2025-06-11_G35,10109794NASCIMENTOR,2025-06-11,110375,1,4,0,392.0
10109794NASCIMENTOR_2025-06-11_G36,10109794NASCIMENTOR,2025-06-11,110375,1,17,0,76.0
10109794NASCIMENTOR_2025-06-11_G37,10109794NASCIMENTOR,2025-06-11,110371,1,32,0,457.0
10109794NASCIMENTOR_2025-06-11_G38,10109794NASCIMENTOR,2025-06-11,110371,1,30,0,160.0
10109794NASCIMENTOR_2025-06-11_G39,10109794NASCIMENTOR,2025-06-11,117820,1,6,0,191.0
10109794NASCIMENTOR_2025-06-11_G40,10109794NASCIMENTOR,2025-06-11,117820,1,20,0,185.0
10109794NASCIMENTOR_2025-06-11_G41,10109794NASCIMENTOR,2025-06-11,117808,1,75,0,279.0
10109794NASCIMENTOR_2025-06-11_G42,10109794NASCIMENTOR,2025-06-11,117809,1,35,0,780.0
10109794NASCIMENTOR_2025-06-11_G43,10109794NASCIMENTOR,2025-06-11,110325,1,4,0,3273.0
10109794NASCIMENTOR_2025-06-12_G02,10109794NASCIMENTOR,2025-06-12,109643,1,3,0,88.0
10109794NASCIMENTOR_2025-06-12_G03,10109794NASCIMENTOR,2025-06-12,110376,2,6,12,88.0
10109794NASCIMENTOR_2025-06-12_G04,10109794NASCIMENTOR,2025-06-12,117832,1,9,0,349.0
10109794NASCIMENTOR_2025-06-12_G05,10109794NASCIMENTOR,2025-06-12,110372,1,1,0,49.0
10109794NASCIMENTOR_2025-06-12_G06,10109794NASCIMENTOR,2025-06-12,110373,2,42,7,480.0
10109794NASCIMENTOR_2025-06-12_G07,10109794NASCIMENTOR,2025-06-12,117830,1,10,0,193.0
10109794NASCIMENTOR_2025-06-12_G08,10109794NASCIMENTOR,2025-06-12,110371,1,4,0,84.0
10109794NASCIMENTOR_2025-06-12_G09,10109794NASCIMENTOR,2025-06-12,118299,1,194,0,63.0
10109794NASCIMENTOR_2025-06-12_G10,10109794NASCIMENTOR,2025-06-12,117820,2,56,5,393.0
10109794NASCIMENTOR_2025-06-12_G11,10109794NASCIMENTOR,2025-06-12,117808,2,481,28,766.0
10109794NASCIMENTOR_2025-06-12_G12,10109794NASCIMENTOR,2025-06-12,110371,1,86,0,1560.0
10109794NASCIMENTOR_2025-06-12_G13,10109794NASCIMENTOR,2025-06-12,118299,1,986,0,1264.0
10109794NASCIMENTOR_2025-06-12_G14,10109794NASCIMENTOR,2025-06-12,117832,1,113,0,1379.0
10109794NASCIMENTOR_2025-06-12_G15,10109794NASCIMENTOR,2025-06-12,117830,1,143,0,939.0
10109794NASCIMENTOR_2025-06-12_G17,10109794NASCIMENTOR,2025-06-12,110515,1,64,0,296.0
10109794NASCIMENTOR_2025-06-12_G18,10109794NASCIMENTOR,2025-06-12,117862,1,3,0,147.0
10109794NASCIMENTOR_2025-06-12_G19,10109794NASCIMENTOR,2025-06-12,117855,1,40,0,782.0
10109794NASCIMENTOR_2025-06-12_G20,10109794NASCIMENTOR,2025-06-12,110313,1,6,0,104.0
10109794NASCIMENTOR_2025-06-12_G21,10109794NASCIMENTOR,2025-06-12,111439,1,4,0,71.0
10109794NASCIMENTOR_2025-06-12_G22,10109794NASCIMENTOR,2025-06-12,110733,1,9,0,660.0
10109794NASCIMENTOR_2025-06-12_G23,10109794NASCIMENTOR,2025-06-12,117856,1,14,0,193.0
10109794NASCIMENTOR_2025-06-12_G24,10109794NASCIMENTOR,2025-06-12,111602,1,3,0,118.0
10109794NASCIMENTOR_2025-06-12_G25,10109794NASCIMENTOR,2025-06-12,108772,1,2,0,437.0
10109794NASCIMENTOR_2025-06-12_G26,10109794NASCIMENTOR,2025-06-12,111467,1,12,0,255.0
10109794NASCIMENTOR_2025-06-12_G27,10109794NASCIMENTOR,2025-06-12,118094,1,17,0,745.0
10109794NASCIMENTOR_2025-06-12_G28,10109794NASCIMENTOR,2025-06-12,111530,1,84,0,398.0
10109794NASCIMENTOR_2025-06-12_G29,10109794NASCIMENTOR,2025-06-12,110582,1,6,0,145.0
10109794NASCIMENTOR_2025-06-12_G30,10109794NASCIMENTOR,2025-06-12,110754,1,4,0,95.0
10109794NASCIMENTOR_2025-06-12_G31,10109794NASCIMENTOR,2025-06-12,111430,1,12,0,868.0
10109794NASCIMENTOR_2025-06-12_G32,10109794NASCIMENTOR,2025-06-12,118418,1,4,0,433.0
10109794NASCIMENTOR_2025-06-12_G33,10109794NASCIMENTOR,2025-06-12,"118306, 118222, 111850",3,50,51,528.0
10109794NASCIMENTOR_2025-06-12_G34,10109794NASCIMENTOR,2025-06-12,111569,1,18,0,402.0
10109794NASCIMENTOR_2025-06-12_G35,10109794NASCIMENTOR,2025-06-12,111438,1,12,0,297.0
10109794NASCIMENTOR_2025-06-12_G36,10109794NASCIMENTOR,2025-06-12,"110895, 111441, 108759",3,15,36,147.0
10109794NASCIMENTOR_2025-06-12_G37,10109794NASCIMENTOR,2025-06-12,111441,1,41,0,1065.0
10109794NASCIMENTOR_2025-06-13_G02,10109794NASCIMENTOR,2025-06-13,108794,1,15,0,157.0
10109794NASCIMENTOR_2025-06-13_G03,10109794NASCIMENTOR,2025-06-13,111182,1,6,0,145.0
10109794NASCIMENTOR_2025-06-13_G04,10109794NASCIMENTOR,2025-06-13,111468,1,11,0,125.0
10109794NASCIMENTOR_2025-06-13_G05,10109794NASCIMENTOR,2025-06-13,117833,1,1,0,237.0
10109794NASCIMENTOR_2025-06-13_G06,10109794NASCIMENTOR,2025-06-13,111172,1,12,0,119.0
10109794NASCIMENTOR_2025-06-13_G07,10109794NASCIMENTOR,2025-06-13,108711,1,7,0,69.0
10109794NASCIMENTOR_2025-06-13_G08,10109794NASCIMENTOR,2025-06-13,117787,1,4,0,131.0
10109794NASCIMENTOR_2025-06-13_G09,10109794NASCIMENTOR,2025-06-13,117821,1,27,0,329.0
10109794NASCIMENTOR_2025-06-13_G10,10109794NASCIMENTOR,2025-06-13,107236,1,4,0,113.0
10109794NASCIMENTOR_2025-06-13_G11,10109794NASCIMENTOR,2025-06-13,111465,1,7,0,129.0
10109794NASCIMENTOR_2025-06-13_G12,10109794NASCIMENTOR,2025-06-13,111418,1,152,0,940.0
10109794NASCIMENTOR_2025-06-13_G13,10109794NASCIMENTOR,2025-06-13,117785,1,200,0,507.0
10109794NASCIMENTOR_2025-06-13_G14,10109794NASCIMENTOR,2025-06-13,111463,1,97,0,249.0
10109794NASCIMENTOR_2025-06-13_G15,10109794NASCIMENTOR,2025-06-13,111469,1,191,0,659.0
10109794NASCIMENTOR_2025-06-13_G16,10109794NASCIMENTOR,2025-06-13,105705,1,32,0,678.0
10109794NASCIMENTOR_2025-06-13_G17,10109794NASCIMENTOR,2025-06-13,109641,1,2,0,292.0
10109794NASCIMENTOR_2025-06-13_G18,10109794NASCIMENTOR,2025-06-13,111466,1,165,0,461.0
10109794NASCIMENTOR_2025-06-13_G19,10109794NASCIMENTOR,2025-06-13,117831,1,156,0,1329.0
10109794NASCIMENTOR_2025-06-13_G20,10109794NASCIMENTOR,2025-06-13,111418,1,70,0,394.0
10109794NASCIMENTOR_2025-06-13_G21,10109794NASCIMENTOR,2025-06-13,118140,1,42,0,578.0
10109794NASCIMENTOR_2025-06-13_G23,10109794NASCIMENTOR,2025-06-13,111602,1,6,0,169.0
10109794NASCIMENTOR_2025-06-13_G24,10109794NASCIMENTOR,2025-06-13,111602,1,8,0,140.0
10109794NASCIMENTOR_2025-06-13_G25,10109794NASCIMENTOR,2025-06-13,111469,1,20,0,921.0
10109794NASCIMENTOR_2025-06-13_G26,10109794NASCIMENTOR,2025-06-13,117831,1,25,0,218.0
10109794NASCIMENTOR_2025-06-13_G27,10109794NASCIMENTOR,2025-06-13,108711,1,8,0,116.0
10109794NASCIMENTOR_2025-06-13_G28,10109794NASCIMENTOR,2025-06-13,118223,1,2,0,120.0
10109794NASCIMENTOR_2025-06-13_G29,10109794NASCIMENTOR,2025-06-13,109645,1,10,0,145.0
10109794NASCIMENTOR_2025-06-13_G30,10109794NASCIMENTOR,2025-06-13,111444,1,4,0,92.0
10109794NASCIMENTOR_2025-06-13_G31,10109794NASCIMENTOR,2025-06-13,109643,1,10,0,341.0
10109794NASCIMENTOR_2025-06-13_G32,10109794NASCIMENTOR,2025-06-13,109648,1,4,0,175.0
10109794NASCIMENTOR_2025-06-13_G33,10109794NASCIMENTOR,2025-06-13,110313,1,6,0,203.0
10109794NASCIMENTOR_2025-06-13_G34,10109794NASCIMENTOR,2025-06-13,117820,1,100,0,483.0
10109794NASCIMENTOR_2025-06-13_G35,10109794NASCIMENTOR,2025-06-13,111602,1,24,0,324.0
10109794NASCIMENTOR_2025-06-13_G36,10109794NASCIMENTOR,2025-06-13,111569,1,4,0,80.0
10109794NASCIMENTOR_2025-06-13_G37,10109794NASCIMENTOR,2025-06-13,111463,1,24,0,1654.0
10109794NASCIMENTOR_2025-06-13_G38,10109794NASCIMENTOR,2025-06-13,111469,1,12,0,114.0
10109794NASCIMENTOR_2025-06-13_G39,10109794NASCIMENTOR,2025-06-13,105705,1,2,0,108.0
10109794NASCIMENTOR_2025-06-13_G40,10109794NASCIMENTOR,2025-06-13,111466,1,20,0,149.0
10109794NASCIMENTOR_2025-06-13_G41,10109794NASCIMENTOR,2025-06-13,117831,1,8,0,120.0
10109794NASCIMENTOR_2025-06-13_G42,10109794NASCIMENTOR,2025-06-13,109641,1,2,0,110.0
10109794NASCIMENTOR_2025-06-13_G43,10109794NASCIMENTOR,2025-06-13,111462,1,24,0,481.0
10109794NASCIMENTOR_2025-06-13_G44,10109794NASCIMENTOR,2025-06-13,111418,1,12,0,253.0
10109794NASCIMENTOR_2025-06-13_G45,10109794NASCIMENTOR,2025-06-13,111418,1,12,0,82.0
10109794NASCIMENTOR_2025-06-13_G46,10109794NASCIMENTOR,2025-06-13,109645,1,4,0,164.0
10109794NASCIMENTOR_2025-06-13_G47,10109794NASCIMENTOR,2025-06-13,117785,1,6,0,61.0
10109794NASCIMENTOR_2025-06-13_G48,10109794NASCIMENTOR,2025-06-13,117787,1,4,0,89.0
10109794NASCIMENTOR_2025-06-13_G49,10109794NASCIMENTOR,2025-06-13,117821,1,2,0,118.0
10109794NASCIMENTOR_2025-06-13_G50,10109794NASCIMENTOR,2025-06-13,110787,1,2,0,67.0
10109794NASCIMENTOR_2025-06-13_G51,10109794NASCIMENTOR,2025-06-13,118140,1,4,0,44.0
10109794NASCIMENTOR_2025-06-13_G52,10109794NASCIMENTOR,2025-06-13,110325,1,4,0,280.0
10109794NASCIMENTOR_2025-06-13_G53,10109794NASCIMENTOR,2025-06-13,110374,1,4,0,61.0
10109794NASCIMENTOR_2025-06-13_G54,10109794NASCIMENTOR,2025-06-13,117808,2,14,6,108.0
10109794NASCIMENTOR_2025-06-13_G55,10109794NASCIMENTOR,2025-06-13,110373,1,2,0,140.0
10109794NASCIMENTOR_2025-06-13_G56,10109794NASCIMENTOR,2025-06-13,110376,1,2,0,78.0
10109794NASCIMENTOR_2025-06-13_G57,10109794NASCIMENTOR,2025-06-13,117832,1,4,0,192.0
10109794NASCIMENTOR_2025-06-13_G58,10109794NASCIMENTOR,2025-06-13,110372,1,18,0,193.0
10109794NASCIMENTOR_2025-06-13_G59,10109794NASCIMENTOR,2025-06-13,117809,2,12,5,133.0
10109794NASCIMENTOR_2025-06-13_G60,10109794NASCIMENTOR,2025-06-13,110325,1,8,0,398.0
10109794NASCIMENTOR_2025-06-13_G61,10109794NASCIMENTOR,2025-06-13,110374,1,8,0,203.0
10109794NASCIMENTOR_2025-06-13_G62,10109794NASCIMENTOR,2025-06-13,110373,1,16,0,342.0
10109794NASCIMENTOR_2025-06-13_G63,10109794NASCIMENTOR,2025-06-13,110376,1,2,0,65.0
10109794NASCIMENTOR_2025-06-13_G64,10109794NASCIMENTOR,2025-06-13,110372,1,31,0,242.0
10109794NASCIMENTOR_2025-06-13_G65,10109794NASCIMENTOR,2025-06-13,118299,1,4,0,79.0
10109794NASCIMENTOR_2025-06-13_G66,10109794NASCIMENTOR,2025-06-13,117830,1,8,0,31.0
10109794NASCIMENTOR_2025-06-13_G67,10109794NASCIMENTOR,2025-06-13,117808,1,40,0,500.0
10109794NASCIMENTOR_2025-06-13_G68,10109794NASCIMENTOR,2025-06-13,110371,1,8,0,80.0
10109794NASCIMENTOR_2025-06-13_G69,10109794NASCIMENTOR,2025-06-13,117809,1,12,0,117.0
10109794NASCIMENTOR_2025-06-14_G02,10109794NASCIMENTOR,2025-06-14,111431,1,16,0,200.0
10109794NASCIMENTOR_2025-06-14_G03,10109794NASCIMENTOR,2025-06-14,117842,1,20,0,464.0
10109794NASCIMENTOR_2025-06-14_G04,10109794NASCIMENTOR,2025-06-14,117787,1,22,0,593.0
10109794NASCIMENTOR_2025-06-14_G05,10109794NASCIMENTOR,2025-06-14,110787,2,32,9,137.0
10109794NASCIMENTOR_2025-06-14_G06,10109794NASCIMENTOR,2025-06-14,111469,1,40,0,702.0
10109794NASCIMENTOR_2025-06-14_G07,10109794NASCIMENTOR,2025-06-14,117831,1,40,0,430.0
10109794NASCIMENTOR_2025-06-14_G08,10109794NASCIMENTOR,2025-06-14,"116241, 117831",2,40,8,32.0
10109794NASCIMENTOR_2025-06-14_G09,10109794NASCIMENTOR,2025-06-14,111172,1,40,0,269.0
10109794NASCIMENTOR_2025-06-14_G10,10109794NASCIMENTOR,2025-06-14,117821,1,40,0,462.0
10109794NASCIMENTOR_2025-06-14_G11,10109794NASCIMENTOR,2025-06-14,110373,1,400,0,484.0
10109794NASCIMENTOR_2025-06-15_G02,10109794NASCIMENTOR,2025-06-15,117965,1,4,0,356.0
10109794NASCIMENTOR_2025-06-15_G03,10109794NASCIMENTOR,2025-06-15,118094,1,2,0,376.0
10109794NASCIMENTOR_2025-06-15_G04,10109794NASCIMENTOR,2025-06-15,110752,1,4,0,203.0
10109794NASCIMENTOR_2025-06-15_G05,10109794NASCIMENTOR,2025-06-15,111602,1,3,0,87.0
10109794NASCIMENTOR_2025-06-15_G06,10109794NASCIMENTOR,2025-06-15,111743,1,2,0,470.0
10109794NASCIMENTOR_2025-06-15_G07,10109794NASCIMENTOR,2025-06-15,111463,1,10,0,116.0
10109794NASCIMENTOR_2025-06-15_G08,10109794NASCIMENTOR,2025-06-15,111469,1,2,0,55.0
10109794NASCIMENTOR_2025-06-15_G09,10109794NASCIMENTOR,2025-06-15,111466,1,13,0,265.0
10109794NASCIMENTOR_2025-06-15_G10,10109794NASCIMENTOR,2025-06-15,108798,1,1,0,264.0
10109794NASCIMENTOR_2025-06-15_G11,10109794NASCIMENTOR,2025-06-15,111418,1,8,0,224.0
10109794NASCIMENTOR_2025-06-15_G12,10109794NASCIMENTOR,2025-06-15,117821,1,4,0,71.0
10109794NASCIMENTOR_2025-06-15_G13,10109794NASCIMENTOR,2025-06-15,118140,1,4,0,84.0
10109794NASCIMENTOR_2025-06-15_G14,10109794NASCIMENTOR,2025-06-15,107236,1,2,0,51.0
10109794NASCIMENTOR_2025-06-15_G15,10109794NASCIMENTOR,2025-06-15,117820,1,2,0,82.0
10109794NASCIMENTOR_2025-06-15_G16,10109794NASCIMENTOR,2025-06-15,110376,1,2,0,87.0
10109794NASCIMENTOR_2025-06-15_G17,10109794NASCIMENTOR,2025-06-15,110373,1,3,0,207.0
10109794NASCIMENTOR_2025-06-15_G18,10109794NASCIMENTOR,2025-06-15,111462,1,30,0,1317.0
10109794NASCIMENTOR_2025-06-15_G19,10109794NASCIMENTOR,2025-06-15,111462,1,30,0,52.0
10109794NASCIMENTOR_2025-06-15_G20,10109794NASCIMENTOR,2025-06-15,111418,1,100,0,1297.0
10109794NASCIMENTOR_2025-06-15_G21,10109794NASCIMENTOR,2025-06-15,111463,1,5,0,57.0
10109794NASCIMENTOR_2025-06-15_G22,10109794NASCIMENTOR,2025-06-15,111463,1,156,0,795.0
10109794NASCIMENTOR_2025-06-15_G23,10109794NASCIMENTOR,2025-06-15,111469,1,180,0,706.0
10109794NASCIMENTOR_2025-06-15_G24,10109794NASCIMENTOR,2025-06-15,111466,1,250,0,1326.0
10109794NASCIMENTOR_2025-06-16_G02,10109794NASCIMENTOR,2025-06-16,111569,1,60,0,687.0
10109794NASCIMENTOR_2025-06-16_G03,10109794NASCIMENTOR,2025-06-16,111441,1,104,0,2022.0
10109794NASCIMENTOR_2025-06-16_G04,10109794NASCIMENTOR,2025-06-16,110751,1,10,0,949.0
10109794NASCIMENTOR_2025-06-16_G05,10109794NASCIMENTOR,2025-06-16,111435,1,2,0,314.0
10109794NASCIMENTOR_2025-06-16_G06,10109794NASCIMENTOR,2025-06-16,111469,1,18,0,1094.0
10109794NASCIMENTOR_2025-06-16_G07,10109794NASCIMENTOR,2025-06-16,111182,1,4,0,126.0
10109794NASCIMENTOR_2025-06-16_G08,10109794NASCIMENTOR,2025-06-16,111466,1,8,0,359.0
10109794NASCIMENTOR_2025-06-16_G09,10109794NASCIMENTOR,2025-06-16,109641,1,4,0,316.0
10109794NASCIMENTOR_2025-06-16_G10,10109794NASCIMENTOR,2025-06-16,109645,1,4,0,117.0
10109794NASCIMENTOR_2025-06-16_G11,10109794NASCIMENTOR,2025-06-16,111418,1,200,0,1142.0
10109794NASCIMENTOR_2025-06-16_G13,10109794NASCIMENTOR,2025-06-16,110374,1,60,0,35.0
10109794NASCIMENTOR_2025-06-16_G14,10109794NASCIMENTOR,2025-06-16,117808,1,242,0,1946.0
10109794NASCIMENTOR_2025-06-16_G15,10109794NASCIMENTOR,2025-06-16,110371,1,30,0,317.0
10109794NASCIMENTOR_2025-06-16_G16,10109794NASCIMENTOR,2025-06-16,117820,1,100,0,813.0
10109794NASCIMENTOR_2025-06-16_G17,10109794NASCIMENTOR,2025-06-16,118222,2,181,9,2508.0
10109794NASCIMENTOR_2025-06-16_G18,10109794NASCIMENTOR,2025-06-16,117808,1,108,0,438.0
10109794NASCIMENTOR_2025-06-16_G19,10109794NASCIMENTOR,2025-06-16,111466,1,100,0,567.0
10109794NASCIMENTOR_2025-06-16_G20,10109794NASCIMENTOR,2025-06-16,111418,1,100,0,787.0
10109794NASCIMENTOR_2025-06-16_G21,10109794NASCIMENTOR,2025-06-16,111462,4,80,47,284.0
10109794NASCIMENTOR_2025-06-16_G22,10109794NASCIMENTOR,2025-06-16,111469,2,164,13,642.0
10109794NASCIMENTOR_2025-06-17_G03,10109794NASCIMENTOR,2025-06-17,111851,1,2,0,120.0
10109794NASCIMENTOR_2025-06-17_G04,10109794NASCIMENTOR,2025-06-17,117935,1,40,0,744.0
10109794NASCIMENTOR_2025-06-17_G05,10109794NASCIMENTOR,2025-06-17,110373,1,560,0,796.0
10109794NASCIMENTOR_2025-06-17_G06,10109794NASCIMENTOR,2025-06-17,110374,1,3,0,1883.0
10109794NASCIMENTOR_2025-06-17_G07,10109794NASCIMENTOR,2025-06-17,110374,1,6,0,75.0
10109794NASCIMENTOR_2025-06-17_G08,10109794NASCIMENTOR,2025-06-17,117809,1,4,0,133.0
10109794NASCIMENTOR_2025-06-17_G09,10109794NASCIMENTOR,2025-06-17,117809,1,8,0,85.0
10109794NASCIMENTOR_2025-06-17_G10,10109794NASCIMENTOR,2025-06-17,117808,1,24,0,163.0
10109794NASCIMENTOR_2025-06-17_G11,10109794NASCIMENTOR,2025-06-17,117808,1,50,0,86.0
10109794NASCIMENTOR_2025-06-17_G12,10109794NASCIMENTOR,2025-06-17,110376,1,4,0,460.0
10109794NASCIMENTOR_2025-06-17_G13,10109794NASCIMENTOR,2025-06-17,117832,1,2,0,79.0
10109794NASCIMENTOR_2025-06-17_G14,10109794NASCIMENTOR,2025-06-17,117830,4,40,52,91.0
10109794NASCIMENTOR_2025-06-17_G15,10109794NASCIMENTOR,2025-06-17,110373,1,4,0,684.0
10109794NASCIMENTOR_2025-06-17_G16,10109794NASCIMENTOR,2025-06-17,110375,1,6,0,353.0
10109794NASCIMENTOR_2025-06-17_G17,10109794NASCIMENTOR,2025-06-17,110372,1,20,0,192.0
10109794NASCIMENTOR_2025-06-17_G18,10109794NASCIMENTOR,2025-06-17,110372,1,26,0,189.0
10109794NASCIMENTOR_2025-06-17_G19,10109794NASCIMENTOR,2025-06-17,117820,2,39,18,807.0
10109794NASCIMENTOR_2025-06-17_G20,10109794NASCIMENTOR,2025-06-17,117809,2,24,14,339.0
10109794NASCIMENTOR_2025-06-17_G21,10109794NASCIMENTOR,2025-06-17,110742,1,4,0,642.0
10109794NASCIMENTOR_2025-06-17_G22,10109794NASCIMENTOR,2025-06-17,110747,1,4,0,97.0
10109794NASCIMENTOR_2025-06-17_G23,10109794NASCIMENTOR,2025-06-17,111437,1,2,0,271.0
10109794NASCIMENTOR_2025-06-17_G24,10109794NASCIMENTOR,2025-06-17,116527,1,13,0,230.0
10109794NASCIMENTOR_2025-06-17_G25,10109794NASCIMENTOR,2025-06-17,141047,1,4,0,306.0
10109794NASCIMENTOR_2025-06-17_G26,10109794NASCIMENTOR,2025-06-17,110733,1,7,0,135.0
10109794NASCIMENTOR_2025-06-17_G27,10109794NASCIMENTOR,2025-06-17,111602,1,5,0,77.0
10109794NASCIMENTOR_2025-06-17_G28,10109794NASCIMENTOR,2025-06-17,109640,1,29,0,500.0
10109794NASCIMENTOR_2025-06-18_G02,10109794NASCIMENTOR,2025-06-18,111330,1,2,0,222.0
10109794NASCIMENTOR_2025-06-18_G03,10109794NASCIMENTOR,2025-06-18,111330,1,2,0,46.0
10109794NASCIMENTOR_2025-06-18_G04,10109794NASCIMENTOR,2025-06-18,110755,1,4,0,1688.0
10109794NASCIMENTOR_2025-06-18_G05,10109794NASCIMENTOR,2025-06-18,117808,1,100,0,2059.0
10109794NASCIMENTOR_2025-06-18_G06,10109794NASCIMENTOR,2025-06-18,117808,1,300,0,947.0
10109794NASCIMENTOR_2025-06-18_G07,10109794NASCIMENTOR,2025-06-18,117840,1,4,0,438.0
10109794NASCIMENTOR_2025-06-18_G08,10109794NASCIMENTOR,2025-06-18,117830,1,10,0,309.0
10109794NASCIMENTOR_2025-06-18_G09,10109794NASCIMENTOR,2025-06-18,110373,1,30,0,581.0
10109794NASCIMENTOR_2025-06-18_G10,10109794NASCIMENTOR,2025-06-18,110372,1,120,0,1048.0
10109794NASCIMENTOR_2025-06-18_G12,10109794NASCIMENTOR,2025-06-18,160053,1,1,0,56.0
10109794NASCIMENTOR_2025-06-18_G13,10109794NASCIMENTOR,2025-06-18,109641,1,6,0,1443.0
10109794NASCIMENTOR_2025-06-18_G14,10109794NASCIMENTOR,2025-06-18,160055,1,10,0,60.0
10109794NASCIMENTOR_2025-06-18_G15,10109794NASCIMENTOR,2025-06-18,110787,1,89,0,431.0
10109794NASCIMENTOR_2025-06-18_G16,10109794NASCIMENTOR,2025-06-18,118299,1,1500,0,2202.0
10109794NASCIMENTOR_2025-06-19_G02,10109794NASCIMENTOR,2025-06-19,110374,1,50,0,288.0
10109794NASCIMENTOR_2025-06-19_G03,10109794NASCIMENTOR,2025-06-19,117808,1,16,0,344.0
10109794NASCIMENTOR_2025-06-19_G04,10109794NASCIMENTOR,2025-06-19,117808,1,184,0,314.0
10109794NASCIMENTOR_2025-06-19_G05,10109794NASCIMENTOR,2025-06-19,109643,1,20,0,636.0
10109794NASCIMENTOR_2025-06-19_G06,10109794NASCIMENTOR,2025-06-19,110376,1,1,0,146.0
10109794NASCIMENTOR_2025-06-19_G07,10109794NASCIMENTOR,2025-06-19,110372,1,30,0,321.0
10109794NASCIMENTOR_2025-06-19_G08,10109794NASCIMENTOR,2025-06-19,117820,1,40,0,242.0
10109794NASCIMENTOR_2025-06-19_G09,10109794NASCIMENTOR,2025-06-19,141202,1,1,0,112.0
10109794NASCIMENTOR_2025-06-19_G10,10109794NASCIMENTOR,2025-06-19,110373,1,70,0,637.0
10109794NASCIMENTOR_2025-06-19_G11,10109794NASCIMENTOR,2025-06-19,117830,1,30,0,42.0
10109794NASCIMENTOR_2025-06-19_G12,10109794NASCIMENTOR,2025-06-19,111462,1,30,0,1081.0
10109794NASCIMENTOR_2025-06-19_G13,10109794NASCIMENTOR,2025-06-19,109645,1,20,0,568.0
10109794NASCIMENTOR_2025-06-19_G14,10109794NASCIMENTOR,2025-06-19,117821,1,22,0,468.0
10109794NASCIMENTOR_2025-06-22_G02,10109794NASCIMENTOR,2025-06-22,111468,1,5,0,329.0
10109794NASCIMENTOR_2025-06-22_G03,10109794NASCIMENTOR,2025-06-22,117785,1,10,0,185.0
10109794NASCIMENTOR_2025-06-22_G04,10109794NASCIMENTOR,2025-06-22,140922,1,10,0,167.0
10109794NASCIMENTOR_2025-06-22_G05,10109794NASCIMENTOR,2025-06-22,111466,1,10,0,110.0
10109794NASCIMENTOR_2025-06-22_G06,10109794NASCIMENTOR,2025-06-22,117831,1,10,0,90.0
10109794NASCIMENTOR_2025-06-22_G07,10109794NASCIMENTOR,2025-06-22,117842,1,4,0,204.0
10109794NASCIMENTOR_2025-06-22_G08,10109794NASCIMENTOR,2025-06-22,111462,1,5,0,528.0
10109794NASCIMENTOR_2025-06-22_G09,10109794NASCIMENTOR,2025-06-22,110740,1,7,0,69.0
10109794NASCIMENTOR_2025-06-22_G10,10109794NASCIMENTOR,2025-06-22,118223,1,6,0,199.0
10109794NASCIMENTOR_2025-06-22_G11,10109794NASCIMENTOR,2025-06-22,117821,1,10,0,146.0
10109794NASCIMENTOR_2025-06-22_G12,10109794NASCIMENTOR,2025-06-22,111433,1,4,0,128.0
10109794NASCIMENTOR_2025-06-22_G13,10109794NASCIMENTOR,2025-06-22,118140,1,10,0,279.0
10109794NASCIMENTOR_2025-06-22_G14,10109794NASCIMENTOR,2025-06-22,108711,1,6,0,154.0
10109794NASCIMENTOR_2025-06-22_G15,10109794NASCIMENTOR,2025-06-22,110582,1,4,0,306.0
10109794NASCIMENTOR_2025-06-22_G16,10109794NASCIMENTOR,2025-06-22,110742,1,5,0,59.0
10109794NASCIMENTOR_2025-06-22_G17,10109794NASCIMENTOR,2025-06-22,110895,1,5,0,280.0
10109794NASCIMENTOR_2025-06-22_G18,10109794NASCIMENTOR,2025-06-22,111655,1,6,0,92.0
10109794NASCIMENTOR_2025-06-22_G19,10109794NASCIMENTOR,2025-06-22,111441,1,4,0,264.0
10109794NASCIMENTOR_2025-06-22_G20,10109794NASCIMENTOR,2025-06-22,118198,1,4,0,83.0
10109794NASCIMENTOR_2025-06-22_G21,10109794NASCIMENTOR,2025-06-22,111660,1,6,0,494.0
10109794NASCIMENTOR_2025-06-22_G22,10109794NASCIMENTOR,2025-06-22,117808,1,29,0,876.0
10109794NASCIMENTOR_2025-06-22_G23,10109794NASCIMENTOR,2025-06-22,117808,1,11,0,1115.0
10109794NASCIMENTOR_2025-06-22_G24,10109794NASCIMENTOR,2025-06-22,110373,1,2,0,229.0
10109794NASCIMENTOR_2025-06-22_G25,10109794NASCIMENTOR,2025-06-22,110376,1,4,0,270.0
10109794NASCIMENTOR_2025-06-22_G26,10109794NASCIMENTOR,2025-06-22,109648,1,2,0,44.0
10109794NASCIMENTOR_2025-06-22_G27,10109794NASCIMENTOR,2025-06-22,117830,1,4,0,96.0
10109794NASCIMENTOR_2025-06-22_G28,10109794NASCIMENTOR,2025-06-22,118299,1,13,0,350.0
10109794NASCIMENTOR_2025-06-22_G29,10109794NASCIMENTOR,2025-06-22,110371,1,1,0,121.0
10109794NASCIMENTOR_2025-06-22_G30,10109794NASCIMENTOR,2025-06-22,110372,1,3,0,60.0
10109794NASCIMENTOR_2025-06-22_G31,10109794NASCIMENTOR,2025-06-22,117809,1,2,0,72.0
10109794NASCIMENTOR_2025-06-22_G32,10109794NASCIMENTOR,2025-06-22,110747,1,4,0,162.0
10109794NASCIMENTOR_2025-06-22_G33,10109794NASCIMENTOR,2025-06-22,110742,1,1,0,81.0
10109794NASCIMENTOR_2025-06-22_G34,10109794NASCIMENTOR,2025-06-22,111876,1,6,0,532.0
10109794NASCIMENTOR_2025-06-22_G35,10109794NASCIMENTOR,2025-06-22,110515,1,1,0,170.0
10109794NASCIMENTOR_2025-06-22_G36,10109794NASCIMENTOR,2025-06-22,108772,1,2,0,103.0
10109794NASCIMENTOR_2025-06-22_G37,10109794NASCIMENTOR,2025-06-22,111530,1,6,0,40.0
10109794NASCIMENTOR_2025-06-22_G38,10109794NASCIMENTOR,2025-06-22,110752,1,3,0,122.0
10109794NASCIMENTOR_2025-06-22_G39,10109794NASCIMENTOR,2025-06-22,117785,1,2,0,393.0
10109794NASCIMENTOR_2025-06-22_G40,10109794NASCIMENTOR,2025-06-22,108794,1,2,0,64.0
10109794NASCIMENTOR_2025-06-22_G41,10109794NASCIMENTOR,2025-06-22,110745,1,4,0,63.0
10109794NASCIMENTOR_2025-06-22_G42,10109794NASCIMENTOR,2025-06-22,108798,1,2,0,113.0
10109794NASCIMENTOR_2025-06-22_G43,10109794NASCIMENTOR,2025-06-22,"111462, 118223",2,6,28,133.0
10109794NASCIMENTOR_2025-06-22_G44,10109794NASCIMENTOR,2025-06-22,117787,1,1,0,55.0
10109794NASCIMENTOR_2025-06-22_G45,10109794NASCIMENTOR,2025-06-22,111418,1,9,0,75.0
10109794NASCIMENTOR_2025-06-22_G46,10109794NASCIMENTOR,2025-06-22,110787,1,2,0,44.0
10109794NASCIMENTOR_2025-06-22_G47,10109794NASCIMENTOR,2025-06-22,111532,1,8,0,128.0
10109794NASCIMENTOR_2025-06-23_G02,10109794NASCIMENTOR,2025-06-23,110376,1,2,0,65.0
10109794NASCIMENTOR_2025-06-23_G03,10109794NASCIMENTOR,2025-06-23,118299,1,11,0,366.0
10109794NASCIMENTOR_2025-06-23_G04,10109794NASCIMENTOR,2025-06-23,"110371, 117820",2,6,26,73.0
10109794NASCIMENTOR_2025-06-23_G05,10109794NASCIMENTOR,2025-06-23,110372,1,5,0,193.0
10109794NASCIMENTOR_2025-06-23_G06,10109794NASCIMENTOR,2025-06-23,117809,1,6,0,51.0
10109794NASCIMENTOR_2025-06-23_G07,10109794NASCIMENTOR,2025-06-23,108795,1,4,0,135.0
10109794NASCIMENTOR_2025-06-23_G08,10109794NASCIMENTOR,2025-06-23,111463,1,2,0,74.0
10109794NASCIMENTOR_2025-06-23_G09,10109794NASCIMENTOR,2025-06-23,117838,1,4,0,125.0
10109794NASCIMENTOR_2025-06-23_G10,10109794NASCIMENTOR,2025-06-23,140922,1,6,0,69.0
10109794NASCIMENTOR_2025-06-23_G11,10109794NASCIMENTOR,2025-06-23,111466,1,10,0,112.0
10109794NASCIMENTOR_2025-06-23_G12,10109794NASCIMENTOR,2025-06-23,117833,1,2,0,63.0
10109794NASCIMENTOR_2025-06-23_G13,10109794NASCIMENTOR,2025-06-23,111532,1,2,0,74.0
10109794NASCIMENTOR_2025-06-23_G14,10109794NASCIMENTOR,2025-06-23,117821,1,2,0,144.0
10109794NASCIMENTOR_2025-06-23_G15,10109794NASCIMENTOR,2025-06-23,"111418, 110787",2,4,16,81.0
10109794NASCIMENTOR_2025-06-23_G16,10109794NASCIMENTOR,2025-06-23,111465,1,4,0,94.0
10109794NASCIMENTOR_2025-06-23_G17,10109794NASCIMENTOR,2025-06-23,117862,1,2,0,226.0
10109794NASCIMENTOR_2025-06-23_G18,10109794NASCIMENTOR,2025-06-23,110515,1,2,0,63.0
10109794NASCIMENTOR_2025-06-23_G19,10109794NASCIMENTOR,2025-06-23,117861,1,2,0,84.0
10109794NASCIMENTOR_2025-06-23_G20,10109794NASCIMENTOR,2025-06-23,111530,1,2,0,101.0
10109794NASCIMENTOR_2025-06-23_G21,10109794NASCIMENTOR,2025-06-23,118306,1,2,0,98.0
10109794NASCIMENTOR_2025-06-23_G22,10109794NASCIMENTOR,2025-06-23,117808,1,13,0,390.0
10109794NASCIMENTOR_2025-06-23_G23,10109794NASCIMENTOR,2025-06-23,110373,1,4,0,56.0
10109794NASCIMENTOR_2025-06-23_G24,10109794NASCIMENTOR,2025-06-23,117830,1,7,0,346.0
10109794NASCIMENTOR_2025-06-23_G25,10109794NASCIMENTOR,2025-06-23,118299,1,21,0,167.0
10109794NASCIMENTOR_2025-06-23_G26,10109794NASCIMENTOR,2025-06-23,110372,1,12,0,226.0
10109794NASCIMENTOR_2025-06-23_G27,10109794NASCIMENTOR,2025-06-23,117785,1,3,0,148.0
10109794NASCIMENTOR_2025-06-23_G28,10109794NASCIMENTOR,2025-06-23,111466,1,2,0,80.0
10109794NASCIMENTOR_2025-06-23_G29,10109794NASCIMENTOR,2025-06-23,111469,1,2,0,116.0
10109794NASCIMENTOR_2025-06-23_G30,10109794NASCIMENTOR,2025-06-23,111462,1,2,0,76.0
10109794NASCIMENTOR_2025-06-23_G31,10109794NASCIMENTOR,2025-06-23,110740,1,4,0,63.0
10109794NASCIMENTOR_2025-06-23_G32,10109794NASCIMENTOR,2025-06-23,"111418, 117831",2,4,29,115.0
10109794NASCIMENTOR_2025-06-23_G33,10109794NASCIMENTOR,2025-06-23,117786,1,4,0,172.0
10109794NASCIMENTOR_2025-06-23_G34,10109794NASCIMENTOR,2025-06-23,110515,1,4,0,57.0
10109794NASCIMENTOR_2025-06-23_G35,10109794NASCIMENTOR,2025-06-23,110895,1,2,0,114.0
10109794NASCIMENTOR_2025-06-23_G36,10109794NASCIMENTOR,2025-06-23,109648,1,2,0,306.0
10109794NASCIMENTOR_2025-06-23_G37,10109794NASCIMENTOR,2025-06-23,109641,1,8,0,137.0
10109794NASCIMENTOR_2025-06-23_G38,10109794NASCIMENTOR,2025-06-23,109640,1,9,0,748.0
10109794NASCIMENTOR_2025-06-23_G39,10109794NASCIMENTOR,2025-06-23,118222,1,18,0,319.0
10109794NASCIMENTOR_2025-06-23_G40,10109794NASCIMENTOR,2025-06-23,141202,1,8,0,367.0
10109794NASCIMENTOR_2025-06-23_G41,10109794NASCIMENTOR,2025-06-23,110372,1,20,0,110.0
10109794NASCIMENTOR_2025-06-23_G42,10109794NASCIMENTOR,2025-06-23,118299,1,50,0,309.0
10109794NASCIMENTOR_2025-06-23_G44,10109794NASCIMENTOR,2025-06-23,111469,1,20,0,315.0
10109794NASCIMENTOR_2025-06-23_G45,10109794NASCIMENTOR,2025-06-23,117821,1,8,0,377.0
10109794NASCIMENTOR_2025-06-23_G46,10109794NASCIMENTOR,2025-06-23,111463,1,65,0,452.0
10109794NASCIMENTOR_2025-06-23_G47,10109794NASCIMENTOR,2025-06-23,111430,1,6,0,413.0
10109794NASCIMENTOR_2025-06-23_G48,10109794NASCIMENTOR,2025-06-23,111441,1,9,0,326.0
10109794NASCIMENTOR_2025-06-23_G49,10109794NASCIMENTOR,2025-06-23,118222,1,30,0,474.0
10109794NASCIMENTOR_2025-06-23_G50,10109794NASCIMENTOR,2025-06-23,117855,1,40,0,801.0
10109794NASCIMENTOR_2025-06-23_G51,10109794NASCIMENTOR,2025-06-23,117808,1,60,0,1107.0
10109794NASCIMENTOR_2025-06-23_G52,10109794NASCIMENTOR,2025-06-23,110373,1,20,0,172.0
10109794NASCIMENTOR_2025-06-23_G53,10109794NASCIMENTOR,2025-06-23,117822,1,6,0,108.0
10109794NASCIMENTOR_2025-06-23_G54,10109794NASCIMENTOR,2025-06-23,117832,1,2,0,142.0
10109794NASCIMENTOR_2025-06-23_G55,10109794NASCIMENTOR,2025-06-23,110374,1,10,0,1691.0
10109794NASCIMENTOR_2025-06-23_G56,10109794NASCIMENTOR,2025-06-23,117820,1,10,0,80.0
10109794NASCIMENTOR_2025-06-23_G57,10109794NASCIMENTOR,2025-06-23,160051,1,18,0,46.0
10109794NASCIMENTOR_2025-06-23_G58,10109794NASCIMENTOR,2025-06-23,110372,1,30,0,482.0
10109794NASCIMENTOR_2025-06-23_G59,10109794NASCIMENTOR,2025-06-23,116241,1,4,0,310.0
10109794NASCIMENTOR_2025-06-23_G60,10109794NASCIMENTOR,2025-06-23,105705,1,10,0,982.0
10109794NASCIMENTOR_2025-06-23_G61,10109794NASCIMENTOR,2025-06-23,111463,1,28,0,195.0
10109794NASCIMENTOR_2025-06-23_G62,10109794NASCIMENTOR,2025-06-23,117838,1,2,0,121.0
10109794NASCIMENTOR_2025-06-23_G63,10109794NASCIMENTOR,2025-06-23,110745,1,10,0,122.0
10109794NASCIMENTOR_2025-06-23_G64,10109794NASCIMENTOR,2025-06-23,110740,1,4,0,195.0
10109794NASCIMENTOR_2025-06-23_G65,10109794NASCIMENTOR,2025-06-23,117821,1,15,0,332.0
10109794NASCIMENTOR_2025-06-23_G66,10109794NASCIMENTOR,2025-06-23,111444,1,2,0,70.0
10109794NASCIMENTOR_2025-06-23_G67,10109794NASCIMENTOR,2025-06-23,111330,1,2,0,119.0
10109794NASCIMENTOR_2025-06-24_G02,10109794NASCIMENTOR,2025-06-24,117833,1,12,0,94.0
10109794NASCIMENTOR_2025-06-24_G03,10109794NASCIMENTOR,2025-06-24,111462,1,10,0,283.0
10109794NASCIMENTOR_2025-06-24_G04,10109794NASCIMENTOR,2025-06-24,110742,1,4,0,376.0
10109794NASCIMENTOR_2025-06-24_G05,10109794NASCIMENTOR,2025-06-24,111430,1,2,0,38.0
10109794NASCIMENTOR_2025-06-24_G06,10109794NASCIMENTOR,2025-06-24,118306,1,2,0,99.0
10109794NASCIMENTOR_2025-06-24_G07,10109794NASCIMENTOR,2025-06-24,111438,1,12,0,260.0
10109794NASCIMENTOR_2025-06-24_G08,10109794NASCIMENTOR,2025-06-24,110895,1,12,0,511.0
10109794NASCIMENTOR_2025-06-24_G09,10109794NASCIMENTOR,2025-06-24,115775,1,1,0,121.0
10109794NASCIMENTOR_2025-06-24_G10,10109794NASCIMENTOR,2025-06-24,111431,1,8,0,176.0
10109794NASCIMENTOR_2025-06-24_G11,10109794NASCIMENTOR,2025-06-24,111418,1,50,0,301.0
10109794NASCIMENTOR_2025-06-24_G12,10109794NASCIMENTOR,2025-06-24,108771,1,20,0,1943.0
10109794NASCIMENTOR_2025-06-24_G13,10109794NASCIMENTOR,2025-06-24,117855,1,40,0,595.0
10109794NASCIMENTOR_2025-06-24_G14,10109794NASCIMENTOR,2025-06-24,107830,1,41,0,568.0
10109794NASCIMENTOR_2025-06-24_G15,10109794NASCIMENTOR,2025-06-24,117832,1,100,0,655.0
10109794NASCIMENTOR_2025-06-24_G16,10109794NASCIMENTOR,2025-06-24,110372,1,300,0,2055.0
10109794NASCIMENTOR_2025-06-24_G17,10109794NASCIMENTOR,2025-06-24,110371,1,60,0,513.0
10109794NASCIMENTOR_2025-06-24_G19,10109794NASCIMENTOR,2025-06-24,111418,1,19,0,335.0
10109794NASCIMENTOR_2025-06-24_G20,10109794NASCIMENTOR,2025-06-24,110787,1,14,0,151.0
10109794NASCIMENTOR_2025-06-24_G21,10109794NASCIMENTOR,2025-06-24,117855,1,5,0,196.0
10109794NASCIMENTOR_2025-06-24_G22,10109794NASCIMENTOR,2025-06-24,110339,1,4,0,94.0
10109794NASCIMENTOR_2025-06-24_G23,10109794NASCIMENTOR,2025-06-24,111602,1,4,0,167.0
10109794NASCIMENTOR_2025-06-24_G24,10109794NASCIMENTOR,2025-06-24,118222,1,5,0,207.0
10109794NASCIMENTOR_2025-06-24_G25,10109794NASCIMENTOR,2025-06-24,118418,1,3,0,1006.0
10109794NASCIMENTOR_2025-06-24_G26,10109794NASCIMENTOR,2025-06-24,118417,1,3,0,144.0
10109794NASCIMENTOR_2025-06-24_G27,10109794NASCIMENTOR,2025-06-24,118416,1,2,0,159.0
10109794NASCIMENTOR_2025-06-24_G28,10109794NASCIMENTOR,2025-06-24,110339,1,2,0,143.0
10109794NASCIMENTOR_2025-06-24_G29,10109794NASCIMENTOR,2025-06-24,111469,1,6,0,221.0
10109794NASCIMENTOR_2025-06-24_G30,10109794NASCIMENTOR,2025-06-24,110740,1,2,0,142.0
10109794NASCIMENTOR_2025-06-24_G31,10109794NASCIMENTOR,2025-06-24,110747,1,4,0,591.0
10109794NASCIMENTOR_2025-06-24_G32,10109794NASCIMENTOR,2025-06-24,100334,1,4,0,109.0
10109794NASCIMENTOR_2025-06-24_G33,10109794NASCIMENTOR,2025-06-24,118222,1,2,0,69.0
10109794NASCIMENTOR_2025-06-24_G34,10109794NASCIMENTOR,2025-06-24,160054,1,2,0,1698.0
10109794NASCIMENTOR_2025-06-24_G35,10109794NASCIMENTOR,2025-06-24,117808,1,578,0,782.0
10109794NASCIMENTOR_2025-06-24_G36,10109794NASCIMENTOR,2025-06-24,118299,1,900,0,1707.0
10109794NASCIMENTOR_2025-06-25_G02,10109794NASCIMENTOR,2025-06-25,107830,1,20,0,320.0
10109794NASCIMENTOR_2025-06-25_G03,10109794NASCIMENTOR,2025-06-25,118299,1,10,0,210.0
10109794NASCIMENTOR_2025-06-25_G04,10109794NASCIMENTOR,2025-06-25,118299,2,100,17,36.0
10109794NASCIMENTOR_2025-06-25_G05,10109794NASCIMENTOR,2025-06-25,117832,2,30,21,1532.0
10109794NASCIMENTOR_2025-06-25_G06,10109794NASCIMENTOR,2025-06-25,110373,1,10,0,251.0
10109794NASCIMENTOR_2025-06-25_G07,10109794NASCIMENTOR,2025-06-25,117820,3,80,32,154.0
10109794NASCIMENTOR_2025-06-25_G08,10109794NASCIMENTOR,2025-06-25,110372,1,10,0,198.0
10109794NASCIMENTOR_2025-06-25_G09,10109794NASCIMENTOR,2025-06-25,117809,1,10,0,54.0
10109794NASCIMENTOR_2025-06-25_G10,10109794NASCIMENTOR,2025-06-25,117809,3,210,31,33.0
10109794NASCIMENTOR_2025-06-25_G11,10109794NASCIMENTOR,2025-06-25,117808,1,50,0,898.0
10109794NASCIMENTOR_2025-06-25_G12,10109794NASCIMENTOR,2025-06-25,140922,1,22,0,1858.0
10109794NASCIMENTOR_2025-06-25_G14,10109794NASCIMENTOR,2025-06-25,114091,1,10,0,183.0
10109794NASCIMENTOR_2025-06-25_G15,10109794NASCIMENTOR,2025-06-25,107830,1,11,0,152.0
10109794NASCIMENTOR_2025-06-25_G16,10109794NASCIMENTOR,2025-06-25,118281,1,4,0,95.0
10109794NASCIMENTOR_2025-06-25_G17,10109794NASCIMENTOR,2025-06-25,110376,1,5,0,65.0
10109794NASCIMENTOR_2025-06-25_G18,10109794NASCIMENTOR,2025-06-25,117830,1,22,0,192.0
10109794NASCIMENTOR_2025-06-25_G19,10109794NASCIMENTOR,2025-06-25,110373,1,22,0,243.0
10109794NASCIMENTOR_2025-06-25_G20,10109794NASCIMENTOR,2025-06-25,110375,1,7,0,91.0
10109794NASCIMENTOR_2025-06-25_G21,10109794NASCIMENTOR,2025-06-25,114092,1,4,0,260.0
10109794NASCIMENTOR_2025-06-25_G22,10109794NASCIMENTOR,2025-06-25,110374,1,10,0,141.0
10109794NASCIMENTOR_2025-06-25_G23,10109794NASCIMENTOR,2025-06-25,110371,1,31,0,190.0
10109794NASCIMENTOR_2025-06-25_G24,10109794NASCIMENTOR,2025-06-25,117820,1,30,0,143.0
10109794NASCIMENTOR_2025-06-25_G25,10109794NASCIMENTOR,2025-06-25,117809,1,14,0,247.0
10109794NASCIMENTOR_2025-06-25_G26,10109794NASCIMENTOR,2025-06-25,117855,1,8,0,264.0
10109794NASCIMENTOR_2025-06-25_G27,10109794NASCIMENTOR,2025-06-25,117862,1,4,0,33.0
10109794NASCIMENTOR_2025-06-25_G28,10109794NASCIMENTOR,2025-06-25,"111876, 110339",2,7,17,98.0
10109794NASCIMENTOR_2025-06-25_G29,10109794NASCIMENTOR,2025-06-25,110515,1,13,0,136.0
10109794NASCIMENTOR_2025-06-25_G30,10109794NASCIMENTOR,2025-06-25,111467,1,10,0,116.0
10109794NASCIMENTOR_2025-06-25_G31,10109794NASCIMENTOR,2025-06-25,110313,1,6,0,70.0
10109794NASCIMENTOR_2025-06-25_G32,10109794NASCIMENTOR,2025-06-25,118403,1,2,0,62.0
10109794NASCIMENTOR_2025-06-25_G33,10109794NASCIMENTOR,2025-06-25,108772,1,5,0,46.0
10109794NASCIMENTOR_2025-06-25_G34,10109794NASCIMENTOR,2025-06-25,111530,1,6,0,120.0
10109794NASCIMENTOR_2025-06-25_G35,10109794NASCIMENTOR,2025-06-25,111602,1,6,0,69.0
10109794NASCIMENTOR_2025-06-25_G36,10109794NASCIMENTOR,2025-06-25,117808,1,750,0,1547.0
10109794NASCIMENTOR_2025-06-25_G37,10109794NASCIMENTOR,2025-06-25,118299,1,438,0,1571.0
10109794NASCIMENTOR_2025-06-25_G38,10109794NASCIMENTOR,2025-06-25,111438,1,6,0,1294.0
10109794NASCIMENTOR_2025-06-26_G02,10109794NASCIMENTOR,2025-06-26,111348,1,1,0,3164.0
10109794NASCIMENTOR_2025-06-26_G03,10109794NASCIMENTOR,2025-06-26,111348,1,5,0,863.0
10109794NASCIMENTOR_2025-06-26_G04,10109794NASCIMENTOR,2025-06-26,110515,1,8,0,293.0
10109794NASCIMENTOR_2025-06-26_G05,10109794NASCIMENTOR,2025-06-26,108711,1,13,0,131.0
10109794NASCIMENTOR_2025-06-26_G06,10109794NASCIMENTOR,2025-06-26,109641,2,8,7,154.0
10109794NASCIMENTOR_2025-06-26_G07,10109794NASCIMENTOR,2025-06-26,118140,1,20,0,747.0
10109794NASCIMENTOR_2025-06-26_G08,10109794NASCIMENTOR,2025-06-26,111435,2,4,7,267.0
10109794NASCIMENTOR_2025-06-26_G10,10109794NASCIMENTOR,2025-06-26,117809,1,10,0,160.0
10109794NASCIMENTOR_2025-06-26_G11,10109794NASCIMENTOR,2025-06-26,111348,1,8,0,246.0
10109794NASCIMENTOR_2025-06-27_G02,10109794NASCIMENTOR,2025-06-27,110325,1,2,0,104.0
10109794NASCIMENTOR_2025-06-27_G03,10109794NASCIMENTOR,2025-06-27,111172,1,16,0,251.0
10109794NASCIMENTOR_2025-06-27_G04,10109794NASCIMENTOR,2025-06-27,110740,1,6,0,221.0
10109794NASCIMENTOR_2025-06-27_G05,10109794NASCIMENTOR,2025-06-27,118094,1,6,0,155.0
10109794NASCIMENTOR_2025-06-27_G06,10109794NASCIMENTOR,2025-06-27,107629,1,13,0,130.0
10109794NASCIMENTOR_2025-06-27_G07,10109794NASCIMENTOR,2025-06-27,117786,1,5,0,74.0
10109794NASCIMENTOR_2025-06-27_G08,10109794NASCIMENTOR,2025-06-27,110733,1,10,0,364.0
10109794NASCIMENTOR_2025-06-27_G09,10109794NASCIMENTOR,2025-06-27,110711,1,20,0,230.0
10109794NASCIMENTOR_2025-06-27_G10,10109794NASCIMENTOR,2025-06-27,111446,1,6,0,1643.0
10109794NASCIMENTOR_2025-06-27_G11,10109794NASCIMENTOR,2025-06-27,109641,1,50,0,433.0
10109794NASCIMENTOR_2025-06-27_G12,10109794NASCIMENTOR,2025-06-27,118299,1,8,0,180.0
10109794NASCIMENTOR_2025-06-27_G13,10109794NASCIMENTOR,2025-06-27,110373,1,400,0,2111.0
10109794NASCIMENTOR_2025-06-27_G14,10109794NASCIMENTOR,2025-06-27,117809,1,120,0,420.0
10109794NASCIMENTOR_2025-06-27_G15,10109794NASCIMENTOR,2025-06-27,110372,1,500,0,1170.0
10109794NASCIMENTOR_2025-06-27_G16,10109794NASCIMENTOR,2025-06-27,118281,1,30,0,387.0
10109794NASCIMENTOR_2025-06-29_G02,10109794NASCIMENTOR,2025-06-29,111532,1,1,0,103.0
10109794NASCIMENTOR_2025-06-29_G03,10109794NASCIMENTOR,2025-06-29,108711,1,300,0,3156.0
10109794NASCIMENTOR_2025-06-29_G04,10109794NASCIMENTOR,2025-06-29,110371,1,400,0,1327.0
10109794NASCIMENTOR_2025-06-29_G05,10109794NASCIMENTOR,2025-06-29,118299,1,1089,0,1375.0
10109794NASCIMENTOR_2025-06-29_G06,10109794NASCIMENTOR,2025-06-29,110371,1,400,0,1858.0
10109794NASCIMENTOR_2025-06-29_G07,10109794NASCIMENTOR,2025-06-29,110339,1,171,0,1319.0
10109794NASCIMENTOR_2025-06-29_G08,10109794NASCIMENTOR,2025-06-29,111530,1,205,0,433.0
10109794NASCIMENTOR_2025-06-30_G02,10109794NASCIMENTOR,2025-06-30,110325,1,10,0,1015.0
10109794NASCIMENTOR_2025-06-30_G03,10109794NASCIMENTOR,2025-06-30,117809,1,1,0,114.0
10109794NASCIMENTOR_2025-06-30_G04,10109794NASCIMENTOR,2025-06-30,110373,1,40,0,106.0
10109794NASCIMENTOR_2025-06-30_G05,10109794NASCIMENTOR,2025-06-30,110374,1,8,0,222.0
10109794NASCIMENTOR_2025-06-30_G06,10109794NASCIMENTOR,2025-06-30,110372,1,9,0,121.0
10109794NASCIMENTOR_2025-06-30_G07,10109794NASCIMENTOR,2025-06-30,111438,1,5,0,145.0
10109794NASCIMENTOR_2025-06-30_G08,10109794NASCIMENTOR,2025-06-30,110371,1,30,0,356.0
10109794NASCIMENTOR_2025-06-30_G09,10109794NASCIMENTOR,2025-06-30,117820,1,40,0,216.0
10109794NASCIMENTOR_2025-06-30_G10,10109794NASCIMENTOR,2025-06-30,118299,1,86,0,681.0
10109794NASCIMENTOR_2025-06-30_G11,10109794NASCIMENTOR,2025-06-30,160054,1,4,0,1131.0
10109794NASCIMENTOR_2025-06-30_G12,10109794NASCIMENTOR,2025-06-30,111434,1,8,0,829.0
10109794NASCIMENTOR_2025-06-30_G13,10109794NASCIMENTOR,2025-06-30,111469,1,2,0,394.0
10109794NASCIMENTOR_2025-06-30_G14,10109794NASCIMENTOR,2025-06-30,160055,1,2,0,69.0
10109794NASCIMENTOR_2025-06-30_G15,10109794NASCIMENTOR,2025-06-30,160057,1,2,0,113.0
10109794NASCIMENTOR_2025-06-30_G16,10109794NASCIMENTOR,2025-06-30,109640,1,20,0,1040.0
10109794NASCIMENTOR_2025-06-30_G19,10109794NASCIMENTOR,2025-06-30,117832,1,512,0,2277.0
10109794NASCIMENTOR_2025-07-01_G02,10109794NASCIMENTOR,2025-07-01,118140,1,950,0,2418.0
10109794NASCIMENTOR_2025-07-01_G03,10109794NASCIMENTOR,2025-07-01,111418,1,30,0,1552.0
10109794NASCIMENTOR_2025-07-01_G04,10109794NASCIMENTOR,2025-07-01,118140,1,950,0,2717.0
10109794NASCIMENTOR_2025-07-02_G02,10109794NASCIMENTOR,2025-07-02,111442,1,40,0,655.0
10109794NASCIMENTOR_2025-07-02_G03,10109794NASCIMENTOR,2025-07-02,111348,1,195,0,1362.0
10109794NASCIMENTOR_2025-07-02_G04,10109794NASCIMENTOR,2025-07-02,111434,1,63,0,333.0
10109794NASCIMENTOR_2025-07-02_G05,10109794NASCIMENTOR,2025-07-02,111172,1,102,0,833.0
10109794NASCIMENTOR_2025-07-02_G06,10109794NASCIMENTOR,2025-07-02,111467,1,121,0,592.0
10109794NASCIMENTOR_2025-07-02_G07,10109794NASCIMENTOR,2025-07-02,111602,1,342,0,2222.0
10109794NASCIMENTOR_2025-07-03_G02,10109794NASCIMENTOR,2025-07-03,110375,1,2,0,199.0
10109794NASCIMENTOR_2025-07-03_G03,10109794NASCIMENTOR,2025-07-03,110325,1,4,0,98.0
10109794NASCIMENTOR_2025-07-03_G04,10109794NASCIMENTOR,2025-07-03,109643,1,2,0,137.0
10109794NASCIMENTOR_2025-07-03_G05,10109794NASCIMENTOR,2025-07-03,117820,1,40,0,553.0
10109794NASCIMENTOR_2025-07-03_G06,10109794NASCIMENTOR,2025-07-03,107830,1,7,0,172.0
10109794NASCIMENTOR_2025-07-03_G07,10109794NASCIMENTOR,2025-07-03,118281,1,8,0,113.0
10109794NASCIMENTOR_2025-07-03_G08,10109794NASCIMENTOR,2025-07-03,117808,2,120,11,234.0
10109794NASCIMENTOR_2025-07-03_G09,10109794NASCIMENTOR,2025-07-03,118299,1,50,0,630.0
10109794NASCIMENTOR_2025-07-03_G10,10109794NASCIMENTOR,2025-07-03,110372,1,41,0,292.0
10109794NASCIMENTOR_2025-07-03_G11,10109794NASCIMENTOR,2025-07-03,110374,1,4,0,45.0
10109794NASCIMENTOR_2025-07-03_G12,10109794NASCIMENTOR,2025-07-03,117862,2,52,8,215.0
10109794NASCIMENTOR_2025-07-03_G13,10109794NASCIMENTOR,2025-07-03,110711,1,1,0,454.0
10109794NASCIMENTOR_2025-07-03_G14,10109794NASCIMENTOR,2025-07-03,118094,1,14,0,178.0
10109794NASCIMENTOR_2025-07-03_G15,10109794NASCIMENTOR,2025-07-03,117786,2,4,6,66.0
10109794NASCIMENTOR_2025-07-03_G16,10109794NASCIMENTOR,2025-07-03,110515,1,20,0,383.0
10109794NASCIMENTOR_2025-07-03_G17,10109794NASCIMENTOR,2025-07-03,109640,1,16,0,46.0
10109794NASCIMENTOR_2025-07-03_G18,10109794NASCIMENTOR,2025-07-03,111467,1,5,0,427.0
10109794NASCIMENTOR_2025-07-03_G19,10109794NASCIMENTOR,2025-07-03,118403,1,4,0,111.0
10109794NASCIMENTOR_2025-07-03_G20,10109794NASCIMENTOR,2025-07-03,111530,1,12,0,480.0
10109794NASCIMENTOR_2025-07-03_G21,10109794NASCIMENTOR,2025-07-03,110371,1,24,0,835.0
10109794NASCIMENTOR_2025-07-03_G22,10109794NASCIMENTOR,2025-07-03,117809,1,8,0,190.0
10109794NASCIMENTOR_2025-07-03_G23,10109794NASCIMENTOR,2025-07-03,117820,1,14,0,376.0
10109794NASCIMENTOR_2025-07-03_G24,10109794NASCIMENTOR,2025-07-03,110325,1,20,0,280.0
10109794NASCIMENTOR_2025-07-03_G25,10109794NASCIMENTOR,2025-07-03,141202,1,12,0,340.0
10109794NASCIMENTOR_2025-07-03_G26,10109794NASCIMENTOR,2025-07-03,110372,1,90,0,867.0
10109794NASCIMENTOR_2025-07-03_G27,10109794NASCIMENTOR,2025-07-03,110374,1,48,0,481.0
10109794NASCIMENTOR_2025-07-03_G28,10109794NASCIMENTOR,2025-07-03,110373,1,120,0,669.0
10109794NASCIMENTOR_2025-07-03_G29,10109794NASCIMENTOR,2025-07-03,117808,1,120,0,284.0
10109794NASCIMENTOR_2025-07-03_G30,10109794NASCIMENTOR,2025-07-03,118290,1,8,0,205.0
10109794NASCIMENTOR_2025-07-03_G31,10109794NASCIMENTOR,2025-07-03,111447,1,4,0,122.0
10109794NASCIMENTOR_2025-07-03_G32,10109794NASCIMENTOR,2025-07-03,108770,1,6,0,127.0
10109794NASCIMENTOR_2025-07-03_G33,10109794NASCIMENTOR,2025-07-03,107892,1,4,0,68.0
10109794NASCIMENTOR_2025-07-03_G34,10109794NASCIMENTOR,2025-07-03,100334,1,12,0,148.0
10109794NASCIMENTOR_2025-07-04_G03,10109794NASCIMENTOR,2025-07-04,111430,1,3,0,72.0
10109794NASCIMENTOR_2025-07-04_G04,10109794NASCIMENTOR,2025-07-04,110747,1,14,0,179.0
10109794NASCIMENTOR_2025-07-04_G05,10109794NASCIMENTOR,2025-07-04,110895,1,4,0,137.0
10109794NASCIMENTOR_2025-07-04_G06,10109794NASCIMENTOR,2025-07-04,117835,1,10,0,301.0
10109794NASCIMENTOR_2025-07-04_G07,10109794NASCIMENTOR,2025-07-04,110755,1,4,0,110.0
10109794NASCIMENTOR_2025-07-04_G08,10109794NASCIMENTOR,2025-07-04,111569,1,36,0,416.0
10109794NASCIMENTOR_2025-07-04_G09,10109794NASCIMENTOR,2025-07-04,111435,1,21,0,613.0
10109794NASCIMENTOR_2025-07-04_G10,10109794NASCIMENTOR,2025-07-04,117785,1,5,0,140.0
10109794NASCIMENTOR_2025-07-04_G11,10109794NASCIMENTOR,2025-07-04,108711,1,3,0,533.0
10109794NASCIMENTOR_2025-07-04_G12,10109794NASCIMENTOR,2025-07-04,111466,1,2,0,83.0
10109794NASCIMENTOR_2025-07-04_G13,10109794NASCIMENTOR,2025-07-04,117821,1,2,0,56.0
10109794NASCIMENTOR_2025-07-04_G14,10109794NASCIMENTOR,2025-07-04,111532,1,3,0,123.0
10109794NASCIMENTOR_2025-07-04_G15,10109794NASCIMENTOR,2025-07-04,111418,1,2,0,277.0
10109794NASCIMENTOR_2025-07-04_G16,10109794NASCIMENTOR,2025-07-04,111462,1,12,0,63.0
10109794NASCIMENTOR_2025-07-04_G17,10109794NASCIMENTOR,2025-07-04,110740,1,2,0,149.0
10109794NASCIMENTOR_2025-07-04_G18,10109794NASCIMENTOR,2025-07-04,109645,1,4,0,117.0
10109794NASCIMENTOR_2025-07-04_G19,10109794NASCIMENTOR,2025-07-04,111465,1,2,0,92.0
10109794NASCIMENTOR_2025-07-04_G20,10109794NASCIMENTOR,2025-07-04,111463,1,10,0,468.0
10109794NASCIMENTOR_2025-07-04_G21,10109794NASCIMENTOR,2025-07-04,111469,2,24,9,523.0
10109794NASCIMENTOR_2025-07-04_G22,10109794NASCIMENTOR,2025-07-04,111466,1,22,0,287.0
10109794NASCIMENTOR_2025-07-04_G23,10109794NASCIMENTOR,2025-07-04,111444,1,9,0,468.0
10109794NASCIMENTOR_2025-07-04_G24,10109794NASCIMENTOR,2025-07-04,116241,1,60,0,900.0
10109794NASCIMENTOR_2025-07-04_G25,10109794NASCIMENTOR,2025-07-04,111418,1,80,0,34.0
10109794NASCIMENTOR_2025-07-04_G26,10109794NASCIMENTOR,2025-07-04,110742,1,6,0,111.0
10109794NASCIMENTOR_2025-07-04_G27,10109794NASCIMENTOR,2025-07-04,111430,1,24,0,544.0
10109794NASCIMENTOR_2025-07-04_G28,10109794NASCIMENTOR,2025-07-04,117834,1,1,0,161.0
10109794NASCIMENTOR_2025-07-04_G29,10109794NASCIMENTOR,2025-07-04,111569,1,45,0,1150.0
10109794NASCIMENTOR_2025-07-05_G02,10109794NASCIMENTOR,2025-07-05,110711,1,2,0,394.0
10109794NASCIMENTOR_2025-07-05_G03,10109794NASCIMENTOR,2025-07-05,118094,1,3,0,143.0
10109794NASCIMENTOR_2025-07-05_G04,10109794NASCIMENTOR,2025-07-05,110742,1,4,0,482.0
10109794NASCIMENTOR_2025-07-05_G05,10109794NASCIMENTOR,2025-07-05,110747,1,2,0,95.0
10109794NASCIMENTOR_2025-07-05_G06,10109794NASCIMENTOR,2025-07-05,111655,1,4,0,132.0
10109794NASCIMENTOR_2025-07-05_G07,10109794NASCIMENTOR,2025-07-05,111441,2,6,6,145.0
10109794NASCIMENTOR_2025-07-05_G08,10109794NASCIMENTOR,2025-07-05,118222,1,16,0,289.0
10109794NASCIMENTOR_2025-07-05_G09,10109794NASCIMENTOR,2025-07-05,111438,1,7,0,218.0
10109794NASCIMENTOR_2025-07-05_G10,10109794NASCIMENTOR,2025-07-05,110755,1,9,0,80.0
10109794NASCIMENTOR_2025-07-05_G11,10109794NASCIMENTOR,2025-07-05,109643,1,5,0,502.0
10109794NASCIMENTOR_2025-07-05_G12,10109794NASCIMENTOR,2025-07-05,110376,1,2,0,390.0
10109794NASCIMENTOR_2025-07-05_G13,10109794NASCIMENTOR,2025-07-05,117830,1,4,0,220.0
10109794NASCIMENTOR_2025-07-05_G14,10109794NASCIMENTOR,2025-07-05,110373,2,36,7,286.0
10109794NASCIMENTOR_2025-07-05_G15,10109794NASCIMENTOR,2025-07-05,110372,1,30,0,731.0
10109794NASCIMENTOR_2025-07-05_G16,10109794NASCIMENTOR,2025-07-05,110374,1,10,0,404.0
10109794NASCIMENTOR_2025-07-05_G17,10109794NASCIMENTOR,2025-07-05,117820,2,132,21,495.0
10109794NASCIMENTOR_2025-07-05_G18,10109794NASCIMENTOR,2025-07-05,117820,1,14,0,1394.0
10109794NASCIMENTOR_2025-07-05_G19,10109794NASCIMENTOR,2025-07-05,109643,1,20,0,82.0
10109794NASCIMENTOR_2025-07-05_G20,10109794NASCIMENTOR,2025-07-05,"107830, 117830",2,15,10,208.0
10109794NASCIMENTOR_2025-07-06_G02,10109794NASCIMENTOR,2025-07-06,117820,1,14,0,124.0
10109794NASCIMENTOR_2025-07-06_G03,10109794NASCIMENTOR,2025-07-06,117832,1,4,0,208.0
10109794NASCIMENTOR_2025-07-06_G04,10109794NASCIMENTOR,2025-07-06,117808,1,8,0,40.0
10109794NASCIMENTOR_2025-07-06_G05,10109794NASCIMENTOR,2025-07-06,118299,1,14,0,486.0
10109794NASCIMENTOR_2025-07-06_G06,10109794NASCIMENTOR,2025-07-06,110373,1,3,0,95.0
10109794NASCIMENTOR_2025-07-06_G07,10109794NASCIMENTOR,2025-07-06,110376,1,2,0,68.0
10109794NASCIMENTOR_2025-07-06_G08,10109794NASCIMENTOR,2025-07-06,117830,1,3,0,78.0
10109794NASCIMENTOR_2025-07-06_G09,10109794NASCIMENTOR,2025-07-06,110372,1,6,0,289.0
10109794NASCIMENTOR_2025-07-06_G10,10109794NASCIMENTOR,2025-07-06,117785,1,4,0,462.0
10109794NASCIMENTOR_2025-07-06_G11,10109794NASCIMENTOR,2025-07-06,111463,1,4,0,80.0
10109794NASCIMENTOR_2025-07-06_G12,10109794NASCIMENTOR,2025-07-06,110751,1,2,0,112.0
10109794NASCIMENTOR_2025-07-06_G13,10109794NASCIMENTOR,2025-07-06,111469,1,4,0,207.0
10109794NASCIMENTOR_2025-07-06_G14,10109794NASCIMENTOR,2025-07-06,110745,1,2,0,76.0
10109794NASCIMENTOR_2025-07-06_G15,10109794NASCIMENTOR,2025-07-06,117841,1,2,0,66.0
10109794NASCIMENTOR_2025-07-06_G16,10109794NASCIMENTOR,2025-07-06,111466,1,6,0,239.0
10109794NASCIMENTOR_2025-07-06_G17,10109794NASCIMENTOR,2025-07-06,117831,1,4,0,361.0
10109794NASCIMENTOR_2025-07-06_G18,10109794NASCIMENTOR,2025-07-06,111431,1,2,0,82.0
10109794NASCIMENTOR_2025-07-06_G19,10109794NASCIMENTOR,2025-07-06,111418,1,2,0,112.0
10109794NASCIMENTOR_2025-07-06_G20,10109794NASCIMENTOR,2025-07-06,110787,1,4,0,98.0
10109794NASCIMENTOR_2025-07-06_G21,10109794NASCIMENTOR,2025-07-06,117787,1,4,0,93.0
10109794NASCIMENTOR_2025-07-06_G22,10109794NASCIMENTOR,2025-07-06,111444,1,2,0,214.0
10109794NASCIMENTOR_2025-07-06_G23,10109794NASCIMENTOR,2025-07-06,110375,1,2,0,434.0
10109794NASCIMENTOR_2025-07-06_G24,10109794NASCIMENTOR,2025-07-06,117832,1,8,0,112.0
10109794NASCIMENTOR_2025-07-06_G25,10109794NASCIMENTOR,2025-07-06,117809,1,8,0,55.0
10109794NASCIMENTOR_2025-07-06_G26,10109794NASCIMENTOR,2025-07-06,117808,3,125,39,91.0
10109794NASCIMENTOR_2025-07-06_G27,10109794NASCIMENTOR,2025-07-06,118299,3,53,30,165.0
10109794NASCIMENTOR_2025-07-06_G28,10109794NASCIMENTOR,2025-07-06,110373,1,18,0,479.0
10109794NASCIMENTOR_2025-07-06_G29,10109794NASCIMENTOR,2025-07-06,110371,1,4,0,130.0
10109794NASCIMENTOR_2025-07-06_G30,10109794NASCIMENTOR,2025-07-06,117830,2,10,6,114.0
10109794NASCIMENTOR_2025-07-06_G31,10109794NASCIMENTOR,2025-07-06,110372,1,10,0,514.0
10109794NASCIMENTOR_2025-07-06_G32,10109794NASCIMENTOR,2025-07-06,117822,1,4,0,257.0
10109794NASCIMENTOR_2025-07-06_G33,10109794NASCIMENTOR,2025-07-06,110895,1,14,0,1220.0
10109794NASCIMENTOR_2025-07-06_G34,10109794NASCIMENTOR,2025-07-06,118306,1,4,0,261.0
10109794NASCIMENTOR_2025-07-06_G35,10109794NASCIMENTOR,2025-07-06,117835,1,3,0,65.0
10109794NASCIMENTOR_2025-07-06_G36,10109794NASCIMENTOR,2025-07-06,110755,1,2,0,167.0
10109794NASCIMENTOR_2025-07-06_G37,10109794NASCIMENTOR,2025-07-06,118094,1,5,0,309.0
10109794NASCIMENTOR_2025-07-06_G38,10109794NASCIMENTOR,2025-07-06,110339,1,4,0,98.0
10109794NASCIMENTOR_2025-07-06_G39,10109794NASCIMENTOR,2025-07-06,110711,2,12,6,339.0
10109794NASCIMENTOR_2025-07-06_G40,10109794NASCIMENTOR,2025-07-06,111602,1,19,0,489.0
10109794NASCIMENTOR_2025-07-06_G41,10109794NASCIMENTOR,2025-07-06,108772,1,8,0,104.0
10109794NASCIMENTOR_2025-07-06_G42,10109794NASCIMENTOR,2025-07-06,111467,1,4,0,122.0
10109794NASCIMENTOR_2025-07-06_G43,10109794NASCIMENTOR,2025-07-06,117855,1,5,0,64.0
10109794NASCIMENTOR_2025-07-06_G44,10109794NASCIMENTOR,2025-07-06,111569,1,16,0,577.0
10109794NASCIMENTOR_2025-07-07_G02,10109794NASCIMENTOR,2025-07-07,117820,1,20,0,118.0
10109794NASCIMENTOR_2025-07-07_G03,10109794NASCIMENTOR,2025-07-07,110373,1,2,0,298.0
10109794NASCIMENTOR_2025-07-07_G04,10109794NASCIMENTOR,2025-07-07,110372,1,40,0,77.0
10109794NASCIMENTOR_2025-07-07_G05,10109794NASCIMENTOR,2025-07-07,110374,1,48,0,429.0
10109794NASCIMENTOR_2025-07-07_G06,10109794NASCIMENTOR,2025-07-07,110373,1,61,0,726.0
10109794NASCIMENTOR_2025-07-07_G07,10109794NASCIMENTOR,2025-07-07,117861,1,12,0,674.0
10109794NASCIMENTOR_2025-07-07_G08,10109794NASCIMENTOR,2025-07-07,141047,1,9,0,78.0
10109794NASCIMENTOR_2025-07-07_G09,10109794NASCIMENTOR,2025-07-07,111602,1,11,0,117.0
10109794NASCIMENTOR_2025-07-07_G10,10109794NASCIMENTOR,2025-07-07,108772,1,1,0,140.0
10109794NASCIMENTOR_2025-07-07_G11,10109794NASCIMENTOR,2025-07-07,117856,1,8,0,104.0
10109794NASCIMENTOR_2025-07-07_G12,10109794NASCIMENTOR,2025-07-07,110313,1,9,0,60.0
10109794NASCIMENTOR_2025-07-07_G13,10109794NASCIMENTOR,2025-07-07,117935,1,1,0,198.0
10109794NASCIMENTOR_2025-07-07_G14,10109794NASCIMENTOR,2025-07-07,117862,1,27,0,918.0
10109794NASCIMENTOR_2025-07-07_G15,10109794NASCIMENTOR,2025-07-07,117855,1,27,0,718.0
10109794NASCIMENTOR_2025-07-07_G16,10109794NASCIMENTOR,2025-07-07,110580,1,5,0,156.0
10109794NASCIMENTOR_2025-07-07_G17,10109794NASCIMENTOR,2025-07-07,117786,1,7,0,101.0
10109794NASCIMENTOR_2025-07-07_G18,10109794NASCIMENTOR,2025-07-07,110515,1,3,0,126.0
10109794NASCIMENTOR_2025-07-07_G19,10109794NASCIMENTOR,2025-07-07,118298,1,1,0,56.0
10109794NASCIMENTOR_2025-07-07_G20,10109794NASCIMENTOR,2025-07-07,100334,1,1,0,196.0
10109794NASCIMENTOR_2025-07-07_G21,10109794NASCIMENTOR,2025-07-07,118290,1,1,0,590.0
10109794NASCIMENTOR_2025-07-07_G22,10109794NASCIMENTOR,2025-07-07,110747,1,2,0,89.0
10109794NASCIMENTOR_2025-07-07_G23,10109794NASCIMENTOR,2025-07-07,110895,1,6,0,220.0
10109794NASCIMENTOR_2025-07-07_G24,10109794NASCIMENTOR,2025-07-07,117835,1,5,0,161.0
10109794NASCIMENTOR_2025-07-07_G25,10109794NASCIMENTOR,2025-07-07,118222,1,17,0,467.0
10109794NASCIMENTOR_2025-07-07_G26,10109794NASCIMENTOR,2025-07-07,111438,1,13,0,865.0
10109794NASCIMENTOR_2025-07-07_G27,10109794NASCIMENTOR,2025-07-07,108759,1,12,0,276.0
10109794NASCIMENTOR_2025-07-07_G29,10109794NASCIMENTOR,2025-07-07,117808,1,1000,0,926.0
10109794NASCIMENTOR_2025-07-07_G30,10109794NASCIMENTOR,2025-07-07,118004,1,14,0,1779.0
10109794NASCIMENTOR_2025-07-07_G31,10109794NASCIMENTOR,2025-07-07,111463,1,6,0,2629.0
10109794NASCIMENTOR_2025-07-07_G32,10109794NASCIMENTOR,2025-07-07,140922,1,2,0,95.0
10109794NASCIMENTOR_2025-07-07_G33,10109794NASCIMENTOR,2025-07-07,"111466, 117821",2,24,19,135.0
10109794NASCIMENTOR_2025-07-07_G34,10109794NASCIMENTOR,2025-07-07,111172,1,5,0,181.0
10109794NASCIMENTOR_2025-07-07_G35,10109794NASCIMENTOR,2025-07-07,111532,1,2,0,117.0
10109794NASCIMENTOR_2025-07-07_G36,10109794NASCIMENTOR,2025-07-07,111418,1,1,0,83.0
10109794NASCIMENTOR_2025-07-07_G37,10109794NASCIMENTOR,2025-07-07,111462,1,12,0,125.0
10109794NASCIMENTOR_2025-07-07_G38,10109794NASCIMENTOR,2025-07-07,110787,1,6,0,94.0
10109794NASCIMENTOR_2025-07-07_G39,10109794NASCIMENTOR,2025-07-07,109645,1,4,0,85.0
10109794NASCIMENTOR_2025-07-07_G40,10109794NASCIMENTOR,2025-07-07,110339,1,2,0,341.0
10109794NASCIMENTOR_2025-07-07_G41,10109794NASCIMENTOR,2025-07-07,110515,1,2,0,51.0
10109794NASCIMENTOR_2025-07-07_G42,10109794NASCIMENTOR,2025-07-07,141047,1,4,0,130.0
10109794NASCIMENTOR_2025-07-07_G43,10109794NASCIMENTOR,2025-07-07,117855,1,2,0,72.0
10109794NASCIMENTOR_2025-07-07_G44,10109794NASCIMENTOR,2025-07-07,111602,1,8,0,134.0
10109794NASCIMENTOR_2025-07-07_G45,10109794NASCIMENTOR,2025-07-07,118222,1,1,0,84.0
10109794NASCIMENTOR_2025-07-07_G46,10109794NASCIMENTOR,2025-07-07,111430,1,4,0,110.0
10109794NASCIMENTOR_2025-07-07_G47,10109794NASCIMENTOR,2025-07-07,111441,1,1,0,135.0
10109794NASCIMENTOR_2025-07-07_G48,10109794NASCIMENTOR,2025-07-07,111569,1,4,0,71.0
10109794NASCIMENTOR_2025-07-07_G49,10109794NASCIMENTOR,2025-07-07,110374,1,4,0,472.0
10109794NASCIMENTOR_2025-07-07_G50,10109794NASCIMENTOR,2025-07-07,111469,1,8,0,102.0
10109794NASCIMENTOR_2025-07-07_G51,10109794NASCIMENTOR,2025-07-07,110339,1,4,0,82.0
10109794NASCIMENTOR_2025-07-08_G03,10109794NASCIMENTOR,2025-07-08,111469,1,14,0,157.0
10109794NASCIMENTOR_2025-07-08_G04,10109794NASCIMENTOR,2025-07-08,111569,1,12,0,246.0
10109794NASCIMENTOR_2025-07-08_G05,10109794NASCIMENTOR,2025-07-08,111463,1,5,0,393.0
10109794NASCIMENTOR_2025-07-08_G06,10109794NASCIMENTOR,2025-07-08,108794,1,5,0,169.0
10109794NASCIMENTOR_2025-07-08_G07,10109794NASCIMENTOR,2025-07-08,111443,1,10,0,158.0
10109794NASCIMENTOR_2025-07-08_G08,10109794NASCIMENTOR,2025-07-08,108711,1,10,0,126.0
10109794NASCIMENTOR_2025-07-08_G09,10109794NASCIMENTOR,2025-07-08,140922,1,30,0,273.0
10109794NASCIMENTOR_2025-07-08_G10,10109794NASCIMENTOR,2025-07-08,117841,1,1,0,55.0
10109794NASCIMENTOR_2025-07-08_G11,10109794NASCIMENTOR,2025-07-08,109645,1,12,0,442.0
10109794NASCIMENTOR_2025-07-08_G12,10109794NASCIMENTOR,2025-07-08,117787,1,1,0,47.0
10109794NASCIMENTOR_2025-07-08_G13,10109794NASCIMENTOR,2025-07-08,141823,1,8,0,169.0
10109794NASCIMENTOR_2025-07-08_G14,10109794NASCIMENTOR,2025-07-08,111465,1,12,0,248.0
10109794NASCIMENTOR_2025-07-08_G15,10109794NASCIMENTOR,2025-07-08,111433,1,30,0,825.0
10109794NASCIMENTOR_2025-07-08_G16,10109794NASCIMENTOR,2025-07-08,111444,1,10,0,463.0
10109794NASCIMENTOR_2025-07-08_G17,10109794NASCIMENTOR,2025-07-08,110373,1,100,0,242.0
10109794NASCIMENTOR_2025-07-08_G18,10109794NASCIMENTOR,2025-07-08,117808,1,300,0,1062.0
10109794NASCIMENTOR_2025-07-08_G19,10109794NASCIMENTOR,2025-07-08,110371,1,25,0,414.0
10109794NASCIMENTOR_2025-07-08_G20,10109794NASCIMENTOR,2025-07-08,117820,1,81,0,376.0
10109794NASCIMENTOR_2025-07-08_G21,10109794NASCIMENTOR,2025-07-08,110325,1,13,0,753.0
10109794NASCIMENTOR_2025-07-08_G22,10109794NASCIMENTOR,2025-07-08,117832,1,10,0,471.0
10109794NASCIMENTOR_2025-07-08_G23,10109794NASCIMENTOR,2025-07-08,118299,1,56,0,537.0
10109794NASCIMENTOR_2025-07-08_G24,10109794NASCIMENTOR,2025-07-08,109643,1,5,0,89.0
10109794NASCIMENTOR_2025-07-08_G25,10109794NASCIMENTOR,2025-07-08,118290,1,5,0,431.0
10109794NASCIMENTOR_2025-07-08_G26,10109794NASCIMENTOR,2025-07-08,110742,1,10,0,387.0
10109794NASCIMENTOR_2025-07-08_G27,10109794NASCIMENTOR,2025-07-08,110747,1,20,0,157.0
10109794NASCIMENTOR_2025-07-08_G28,10109794NASCIMENTOR,2025-07-08,111655,1,8,0,215.0
10109794NASCIMENTOR_2025-07-08_G29,10109794NASCIMENTOR,2025-07-08,111441,1,20,0,307.0
10109794NASCIMENTOR_2025-07-08_G30,10109794NASCIMENTOR,2025-07-08,"111660, 118222, 111438",3,76,30,819.0
10109794NASCIMENTOR_2025-07-09_G03,10109794NASCIMENTOR,2025-07-09,117832,1,20,0,406.0
10109794NASCIMENTOR_2025-07-09_G04,10109794NASCIMENTOR,2025-07-09,109643,1,4,0,165.0
10109794NASCIMENTOR_2025-07-09_G05,10109794NASCIMENTOR,2025-07-09,110372,1,20,0,305.0
10109794NASCIMENTOR_2025-07-09_G06,10109794NASCIMENTOR,2025-07-09,118299,1,300,0,912.0
10109794NASCIMENTOR_2025-07-10_G02,10109794NASCIMENTOR,2025-07-10,160054,1,2,0,1949.0
10109794NASCIMENTOR_2025-07-10_G03,10109794NASCIMENTOR,2025-07-10,160053,1,2,0,113.0
10109794NASCIMENTOR_2025-07-10_G04,10109794NASCIMENTOR,2025-07-10,160051,1,2,0,80.0
10109794NASCIMENTOR_2025-07-10_G05,10109794NASCIMENTOR,2025-07-10,160055,1,2,0,141.0
10109794NASCIMENTOR_2025-07-10_G06,10109794NASCIMENTOR,2025-07-10,110376,1,4,0,719.0
10109794NASCIMENTOR_2025-07-10_G07,10109794NASCIMENTOR,2025-07-10,118299,1,2,0,234.0
10109794NASCIMENTOR_2025-07-10_G08,10109794NASCIMENTOR,2025-07-10,110373,1,6,0,140.0
10109794NASCIMENTOR_2025-07-10_G09,10109794NASCIMENTOR,2025-07-10,111466,1,16,0,285.0
10109794NASCIMENTOR_2025-07-10_G10,10109794NASCIMENTOR,2025-07-10,111532,1,2,0,147.0
10109794NASCIMENTOR_2025-07-10_G11,10109794NASCIMENTOR,2025-07-10,118140,1,4,0,111.0
10109794NASCIMENTOR_2025-07-10_G12,10109794NASCIMENTOR,2025-07-10,110752,1,4,0,778.0
10109794NASCIMENTOR_2025-07-10_G13,10109794NASCIMENTOR,2025-07-10,108711,1,16,0,482.0
10109794NASCIMENTOR_2025-07-10_G14,10109794NASCIMENTOR,2025-07-10,110787,1,8,0,169.0
10109794NASCIMENTOR_2025-07-10_G15,10109794NASCIMENTOR,2025-07-10,111602,1,4,0,70.0
10109794NASCIMENTOR_2025-07-10_G16,10109794NASCIMENTOR,2025-07-10,110313,1,4,0,162.0
10109794NASCIMENTOR_2025-07-10_G17,10109794NASCIMENTOR,2025-07-10,111602,1,20,0,421.0
10109794NASCIMENTOR_2025-07-10_G18,10109794NASCIMENTOR,2025-07-10,110313,1,4,0,95.0
10109794NASCIMENTOR_2025-07-11_G02,10109794NASCIMENTOR,2025-07-11,110373,1,4,0,151.0
10109794NASCIMENTOR_2025-07-11_G03,10109794NASCIMENTOR,2025-07-11,111466,1,10,0,128.0
10109794NASCIMENTOR_2025-07-11_G04,10109794NASCIMENTOR,2025-07-11,108711,1,20,0,338.0
10109794NASCIMENTOR_2025-07-11_G05,10109794NASCIMENTOR,2025-07-11,110711,1,2,0,578.0
10109794NASCIMENTOR_2025-07-11_G06,10109794NASCIMENTOR,2025-07-11,117832,1,2,0,154.0
10109794NASCIMENTOR_2025-07-11_G07,10109794NASCIMENTOR,2025-07-11,117831,1,2,0,136.0
10109794NASCIMENTOR_2025-07-11_G08,10109794NASCIMENTOR,2025-07-11,108711,1,2,0,613.0
10109794NASCIMENTOR_2025-07-11_G09,10109794NASCIMENTOR,2025-07-11,108711,1,4,0,71.0
10109794NASCIMENTOR_2025-07-11_G10,10109794NASCIMENTOR,2025-07-11,110313,1,4,0,177.0
10109794NASCIMENTOR_2025-07-11_G11,10109794NASCIMENTOR,2025-07-11,117785,1,2,0,154.0
10109794NASCIMENTOR_2025-07-11_G12,10109794NASCIMENTOR,2025-07-11,111348,1,1,0,748.0
10109794NASCIMENTOR_2025-07-11_G13,10109794NASCIMENTOR,2025-07-11,117838,1,4,0,157.0
10109794NASCIMENTOR_2025-07-11_G14,10109794NASCIMENTOR,2025-07-11,111466,1,10,0,184.0
10109794NASCIMENTOR_2025-07-11_G15,10109794NASCIMENTOR,2025-07-11,111418,1,30,0,380.0
10109794NASCIMENTOR_2025-07-11_G16,10109794NASCIMENTOR,2025-07-11,111330,1,4,0,159.0
10109794NASCIMENTOR_2025-07-11_G17,10109794NASCIMENTOR,2025-07-11,111433,1,2,0,106.0
10109794NASCIMENTOR_2025-07-11_G18,10109794NASCIMENTOR,2025-07-11,111442,1,2,0,66.0
10109794NASCIMENTOR_2025-07-11_G19,10109794NASCIMENTOR,2025-07-11,110740,1,6,0,862.0
10109794NASCIMENTOR_2025-07-11_G20,10109794NASCIMENTOR,2025-07-11,111463,1,10,0,136.0
10109794NASCIMENTOR_2025-07-11_G21,10109794NASCIMENTOR,2025-07-11,118140,1,21,0,117.0
10109794NASCIMENTOR_2025-07-11_G22,10109794NASCIMENTOR,2025-07-11,117808,1,12,0,777.0
10109794NASCIMENTOR_2025-07-11_G23,10109794NASCIMENTOR,2025-07-11,110372,1,24,0,199.0
10109794NASCIMENTOR_2025-07-11_G24,10109794NASCIMENTOR,2025-07-11,118299,1,12,0,206.0
10109794NASCIMENTOR_2025-07-11_G25,10109794NASCIMENTOR,2025-07-11,117820,1,11,0,846.0
10109794NASCIMENTOR_2025-07-11_G26,10109794NASCIMENTOR,2025-07-11,110373,1,18,0,209.0
10109794NASCIMENTOR_2025-07-11_G28,10109794NASCIMENTOR,2025-07-11,110371,1,1,0,116.0
10109794NASCIMENTOR_2025-07-11_G29,10109794NASCIMENTOR,2025-07-11,160051,1,2,0,139.0
10109794NASCIMENTOR_2025-07-11_G30,10109794NASCIMENTOR,2025-07-11,110373,1,3,0,69.0
10109794NASCIMENTOR_2025-07-11_G31,10109794NASCIMENTOR,2025-07-11,111462,1,1,0,134.0
10109794NASCIMENTOR_2025-07-11_G32,10109794NASCIMENTOR,2025-07-11,117841,1,2,0,148.0
10109794NASCIMENTOR_2025-07-11_G33,10109794NASCIMENTOR,2025-07-11,117831,1,2,0,72.0
10109794NASCIMENTOR_2025-07-11_G34,10109794NASCIMENTOR,2025-07-11,110748,1,4,0,101.0
10109794NASCIMENTOR_2025-07-11_G35,10109794NASCIMENTOR,2025-07-11,111463,1,4,0,272.0
10109794NASCIMENTOR_2025-07-11_G36,10109794NASCIMENTOR,2025-07-11,111465,1,2,0,72.0
10109794NASCIMENTOR_2025-07-11_G37,10109794NASCIMENTOR,2025-07-11,110752,1,1,0,51.0
10109794NASCIMENTOR_2025-07-11_G38,10109794NASCIMENTOR,2025-07-11,117832,1,4,0,629.0
10109794NASCIMENTOR_2025-07-11_G39,10109794NASCIMENTOR,2025-07-11,117830,1,2,0,323.0
10109794NASCIMENTOR_2025-07-11_G40,10109794NASCIMENTOR,2025-07-11,111462,1,3,0,116.0
10109794NASCIMENTOR_2025-07-11_G41,10109794NASCIMENTOR,2025-07-11,141047,1,3,0,135.0
10109794NASCIMENTOR_2025-07-11_G42,10109794NASCIMENTOR,2025-07-11,110371,1,2,0,220.0
10109794NASCIMENTOR_2025-07-11_G43,10109794NASCIMENTOR,2025-07-11,110376,1,4,0,55.0
10109794NASCIMENTOR_2025-07-11_G44,10109794NASCIMENTOR,2025-07-11,111172,1,2,0,113.0
10109794NASCIMENTOR_2025-07-11_G45,10109794NASCIMENTOR,2025-07-11,107629,1,8,0,191.0
10109794NASCIMENTOR_2025-07-11_G46,10109794NASCIMENTOR,2025-07-11,110711,1,2,0,100.0
10109794NASCIMENTOR_2025-07-11_G47,10109794NASCIMENTOR,2025-07-11,110313,2,8,7,91.0
10109794NASCIMENTOR_2025-07-11_G48,10109794NASCIMENTOR,2025-07-11,117935,1,3,0,177.0
10109794NASCIMENTOR_2025-07-11_G49,10109794NASCIMENTOR,2025-07-11,117935,1,8,0,662.0
10109794NASCIMENTOR_2025-07-11_G50,10109794NASCIMENTOR,2025-07-11,110339,1,3,0,1116.0
10109794NASCIMENTOR_2025-07-11_G51,10109794NASCIMENTOR,2025-07-11,111602,1,3,0,131.0
10109794NASCIMENTOR_2025-07-11_G52,10109794NASCIMENTOR,2025-07-11,118290,1,4,0,400.0
10109794NASCIMENTOR_2025-07-11_G53,10109794NASCIMENTOR,2025-07-11,110313,1,12,0,1653.0
10109794NASCIMENTOR_2025-07-11_G54,10109794NASCIMENTOR,2025-07-11,111602,1,20,0,1312.0
10109794NASCIMENTOR_2025-07-12_G02,10109794NASCIMENTOR,2025-07-12,111462,1,5,0,85.0
10109794NASCIMENTOR_2025-07-12_G03,10109794NASCIMENTOR,2025-07-12,117831,1,4,0,98.0
10109794NASCIMENTOR_2025-07-12_G04,10109794NASCIMENTOR,2025-07-12,111172,1,2,0,78.0
10109794NASCIMENTOR_2025-07-12_G05,10109794NASCIMENTOR,2025-07-12,108711,1,4,0,126.0
10109794NASCIMENTOR_2025-07-12_G06,10109794NASCIMENTOR,2025-07-12,111418,1,8,0,92.0
10109794NASCIMENTOR_2025-07-12_G07,10109794NASCIMENTOR,2025-07-12,109643,1,2,0,92.0
10109794NASCIMENTOR_2025-07-12_G08,10109794NASCIMENTOR,2025-07-12,111438,1,2,0,257.0
10109794NASCIMENTOR_2025-07-12_G09,10109794NASCIMENTOR,2025-07-12,111433,1,4,0,187.0
10109794NASCIMENTOR_2025-07-12_G10,10109794NASCIMENTOR,2025-07-12,111466,1,2,0,143.0
10109794NASCIMENTOR_2025-07-12_G11,10109794NASCIMENTOR,2025-07-12,111463,1,2,0,82.0
10109794NASCIMENTOR_2025-07-12_G12,10109794NASCIMENTOR,2025-07-12,111465,1,4,0,88.0
10109794NASCIMENTOR_2025-07-12_G13,10109794NASCIMENTOR,2025-07-12,111468,1,1,0,50.0
10109794NASCIMENTOR_2025-07-12_G14,10109794NASCIMENTOR,2025-07-12,110515,1,2,0,634.0
10109794NASCIMENTOR_2025-07-12_G15,10109794NASCIMENTOR,2025-07-12,117862,1,3,0,60.0
10109794NASCIMENTOR_2025-07-12_G16,10109794NASCIMENTOR,2025-07-12,141047,1,4,0,85.0
10109794NASCIMENTOR_2025-07-12_G17,10109794NASCIMENTOR,2025-07-12,111467,1,4,0,44.0
10109794NASCIMENTOR_2025-07-12_G18,10109794NASCIMENTOR,2025-07-12,117855,1,2,0,87.0
10109794NASCIMENTOR_2025-07-12_G19,10109794NASCIMENTOR,2025-07-12,110711,1,2,0,73.0
10109794NASCIMENTOR_2025-07-12_G20,10109794NASCIMENTOR,2025-07-12,"117856, 118140",2,9,24,126.0
10109794NASCIMENTOR_2025-07-12_G21,10109794NASCIMENTOR,2025-07-12,141823,1,8,0,363.0
10109794NASCIMENTOR_2025-07-12_G22,10109794NASCIMENTOR,2025-07-12,105705,1,16,0,1184.0
10109794NASCIMENTOR_2025-07-12_G23,10109794NASCIMENTOR,2025-07-12,140922,1,9,0,237.0
10109794NASCIMENTOR_2025-07-12_G24,10109794NASCIMENTOR,2025-07-12,110745,1,2,0,60.0
10109794NASCIMENTOR_2025-07-12_G25,10109794NASCIMENTOR,2025-07-12,109641,1,1,0,89.0
10109794NASCIMENTOR_2025-07-12_G26,10109794NASCIMENTOR,2025-07-12,116241,1,7,0,164.0
10109794NASCIMENTOR_2025-07-12_G27,10109794NASCIMENTOR,2025-07-12,110787,1,25,0,139.0
10109794NASCIMENTOR_2025-07-12_G28,10109794NASCIMENTOR,2025-07-12,111418,1,50,0,565.0
10109794NASCIMENTOR_2025-07-12_G29,10109794NASCIMENTOR,2025-07-12,111466,1,22,0,978.0
10109794NASCIMENTOR_2025-07-12_G30,10109794NASCIMENTOR,2025-07-12,111463,1,54,0,941.0
10109794NASCIMENTOR_2025-07-13_G02,10109794NASCIMENTOR,2025-07-13,111466,1,4,0,676.0
10109794NASCIMENTOR_2025-07-13_G03,10109794NASCIMENTOR,2025-07-13,110371,1,4,0,203.0
10109794NASCIMENTOR_2025-07-13_G04,10109794NASCIMENTOR,2025-07-13,118222,1,15,0,388.0
10109794NASCIMENTOR_2025-07-13_G05,10109794NASCIMENTOR,2025-07-13,117831,1,4,0,243.0
10109794NASCIMENTOR_2025-07-13_G06,10109794NASCIMENTOR,2025-07-13,117830,1,7,0,346.0
10109794NASCIMENTOR_2025-07-13_G07,10109794NASCIMENTOR,2025-07-13,110373,1,10,0,97.0
10109794NASCIMENTOR_2025-07-13_G08,10109794NASCIMENTOR,2025-07-13,111602,1,12,0,300.0
10109794NASCIMENTOR_2025-07-13_G09,10109794NASCIMENTOR,2025-07-13,110313,1,4,0,77.0
10109794NASCIMENTOR_2025-07-13_G10,10109794NASCIMENTOR,2025-07-13,118222,1,4,0,105.0
10109794NASCIMENTOR_2025-07-13_G11,10109794NASCIMENTOR,2025-07-13,110373,1,8,0,250.0
10109794NASCIMENTOR_2025-07-13_G12,10109794NASCIMENTOR,2025-07-13,118094,1,4,0,155.0
10109794NASCIMENTOR_2025-07-13_G13,10109794NASCIMENTOR,2025-07-13,110711,1,4,0,220.0
10109794NASCIMENTOR_2025-07-13_G14,10109794NASCIMENTOR,2025-07-13,111463,1,950,0,1423.0
10109794NASCIMENTOR_2025-07-13_G15,10109794NASCIMENTOR,2025-07-13,110515,1,200,0,1444.0
10109794NASCIMENTOR_2025-07-14_G02,10109794NASCIMENTOR,2025-07-14,111443,1,141,0,53.0
10109794NASCIMENTOR_2025-07-14_G03,10109794NASCIMENTOR,2025-07-14,110740,1,100,0,2578.0
10109794NASCIMENTOR_2025-07-14_G05,10109794NASCIMENTOR,2025-07-14,117855,1,2,0,116.0
10109794NASCIMENTOR_2025-07-14_G06,10109794NASCIMENTOR,2025-07-14,111602,1,2,0,128.0
10109794NASCIMENTOR_2025-07-14_G07,10109794NASCIMENTOR,2025-07-14,117856,1,8,0,659.0
10109794NASCIMENTOR_2025-07-14_G08,10109794NASCIMENTOR,2025-07-14,110752,1,4,0,32.0
10109794NASCIMENTOR_2025-07-14_G10,10109794NASCIMENTOR,2025-07-14,140922,1,14,0,274.0
10109794NASCIMENTOR_2025-07-14_G11,10109794NASCIMENTOR,2025-07-14,117841,1,4,0,93.0
10109794NASCIMENTOR_2025-07-14_G12,10109794NASCIMENTOR,2025-07-14,118223,1,4,0,132.0
10109794NASCIMENTOR_2025-07-14_G13,10109794NASCIMENTOR,2025-07-14,116241,1,4,0,113.0
10109794NASCIMENTOR_2025-07-14_G14,10109794NASCIMENTOR,2025-07-14,110740,1,10,0,234.0
10109794NASCIMENTOR_2025-07-14_G15,10109794NASCIMENTOR,2025-07-14,117853,1,4,0,160.0
10109794NASCIMENTOR_2025-07-14_G16,10109794NASCIMENTOR,2025-07-14,111532,1,106,0,1062.0
10109794NASCIMENTOR_2025-07-14_G17,10109794NASCIMENTOR,2025-07-14,117856,1,18,0,492.0
10109794NASCIMENTOR_2025-07-14_G18,10109794NASCIMENTOR,2025-07-14,110339,1,16,0,432.0
10109794NASCIMENTOR_2025-07-14_G19,10109794NASCIMENTOR,2025-07-14,110515,1,60,0,372.0
10109794NASCIMENTOR_2025-07-14_G20,10109794NASCIMENTOR,2025-07-14,"111602, 110313",2,53,5,186.0
10109794NASCIMENTOR_2025-07-14_G21,10109794NASCIMENTOR,2025-07-14,107629,1,1,0,443.0
10109794NASCIMENTOR_2025-07-14_G22,10109794NASCIMENTOR,2025-07-14,110339,1,8,0,121.0
10109794NASCIMENTOR_2025-07-14_G23,10109794NASCIMENTOR,2025-07-14,110515,1,12,0,389.0
10109794NASCIMENTOR_2025-07-14_G24,10109794NASCIMENTOR,2025-07-14,117862,1,18,0,133.0
10109794NASCIMENTOR_2025-07-14_G25,10109794NASCIMENTOR,2025-07-14,141047,1,3,0,120.0
10109794NASCIMENTOR_2025-07-14_G26,10109794NASCIMENTOR,2025-07-14,110711,1,1,0,100.0
10109794NASCIMENTOR_2025-07-14_G27,10109794NASCIMENTOR,2025-07-14,117856,1,8,0,368.0
10109794NASCIMENTOR_2025-07-14_G28,10109794NASCIMENTOR,2025-07-14,117786,1,19,0,594.0
10109794NASCIMENTOR_2025-07-14_G29,10109794NASCIMENTOR,2025-07-14,111602,1,14,0,152.0
10109794NASCIMENTOR_2025-07-14_G30,10109794NASCIMENTOR,2025-07-14,117935,1,2,0,130.0
10109794NASCIMENTOR_2025-07-14_G31,10109794NASCIMENTOR,2025-07-14,110752,1,8,0,114.0
10109794NASCIMENTOR_2025-07-14_G32,10109794NASCIMENTOR,2025-07-14,110313,1,31,0,1513.0
10109794NASCIMENTOR_2025-07-14_G33,10109794NASCIMENTOR,2025-07-14,110325,1,8,0,177.0
10109794NASCIMENTOR_2025-07-14_G34,10109794NASCIMENTOR,2025-07-14,117830,1,12,0,99.0
10109794NASCIMENTOR_2025-07-14_G35,10109794NASCIMENTOR,2025-07-14,109643,1,14,0,372.0
10109794NASCIMENTOR_2025-07-14_G36,10109794NASCIMENTOR,2025-07-14,110374,1,19,0,125.0
10109794NASCIMENTOR_2025-07-14_G37,10109794NASCIMENTOR,2025-07-14,107830,1,4,0,113.0
10109794NASCIMENTOR_2025-07-14_G38,10109794NASCIMENTOR,2025-07-14,117809,1,19,0,310.0
10109794NASCIMENTOR_2025-07-14_G39,10109794NASCIMENTOR,2025-07-14,110373,1,83,0,870.0
10109794NASCIMENTOR_2025-07-15_G02,10109794NASCIMENTOR,2025-07-15,110372,1,157,0,227.0
10109794NASCIMENTOR_2025-07-15_G04,10109794NASCIMENTOR,2025-07-15,110373,1,460,0,36.0
10109794NASCIMENTOR_2025-07-15_G05,10109794NASCIMENTOR,2025-07-15,111447,1,80,0,683.0
10109794NASCIMENTOR_2025-07-15_G06,10109794NASCIMENTOR,2025-07-15,108711,1,170,0,563.0
10109794NASCIMENTOR_2025-07-15_G07,10109794NASCIMENTOR,2025-07-15,117862,1,50,0,648.0
10109794NASCIMENTOR_2025-07-15_G08,10109794NASCIMENTOR,2025-07-15,110313,1,72,0,567.0
10109794NASCIMENTOR_2025-07-15_G09,10109794NASCIMENTOR,2025-07-15,111433,1,87,0,390.0
10109794NASCIMENTOR_2025-07-15_G11,10109794NASCIMENTOR,2025-07-15,117862,1,2,0,244.0
10109794NASCIMENTOR_2025-07-15_G12,10109794NASCIMENTOR,2025-07-15,111430,1,4,0,171.0
10109794NASCIMENTOR_2025-07-15_G13,10109794NASCIMENTOR,2025-07-15,111441,1,2,0,244.0
10109794NASCIMENTOR_2025-07-15_G14,10109794NASCIMENTOR,2025-07-15,109643,1,8,0,1023.0
10109794NASCIMENTOR_2025-07-15_G15,10109794NASCIMENTOR,2025-07-15,118299,1,14,0,140.0
10109794NASCIMENTOR_2025-07-15_G16,10109794NASCIMENTOR,2025-07-15,110374,1,4,0,226.0
10109794NASCIMENTOR_2025-07-15_G17,10109794NASCIMENTOR,2025-07-15,110372,1,5,0,63.0
10109794NASCIMENTOR_2025-07-15_G18,10109794NASCIMENTOR,2025-07-15,111463,1,19,0,1525.0
10109794NASCIMENTOR_2025-07-15_G19,10109794NASCIMENTOR,2025-07-15,111172,1,4,0,216.0
10109794NASCIMENTOR_2025-07-15_G20,10109794NASCIMENTOR,2025-07-15,108794,1,4,0,121.0
10109794NASCIMENTOR_2025-07-15_G21,10109794NASCIMENTOR,2025-07-15,110745,1,4,0,483.0
10109794NASCIMENTOR_2025-07-15_G22,10109794NASCIMENTOR,2025-07-15,117821,1,10,0,196.0
10109794NASCIMENTOR_2025-07-15_G23,10109794NASCIMENTOR,2025-07-15,117785,1,12,0,577.0
10109794NASCIMENTOR_2025-07-15_G24,10109794NASCIMENTOR,2025-07-15,111442,1,4,0,156.0
10109794NASCIMENTOR_2025-07-15_G25,10109794NASCIMENTOR,2025-07-15,111466,1,4,0,104.0
10109794NASCIMENTOR_2025-07-15_G26,10109794NASCIMENTOR,2025-07-15,111469,1,4,0,70.0
10109794NASCIMENTOR_2025-07-15_G27,10109794NASCIMENTOR,2025-07-15,111431,1,12,0,443.0
10109794NASCIMENTOR_2025-07-15_G28,10109794NASCIMENTOR,2025-07-15,111430,1,4,0,181.0
10109794NASCIMENTOR_2025-07-15_G29,10109794NASCIMENTOR,2025-07-15,109641,1,4,0,566.0
10109794NASCIMENTOR_2025-07-15_G30,10109794NASCIMENTOR,2025-07-15,110325,1,2,0,536.0
10109794NASCIMENTOR_2025-07-15_G31,10109794NASCIMENTOR,2025-07-15,117830,1,4,0,99.0
10109794NASCIMENTOR_2025-07-15_G32,10109794NASCIMENTOR,2025-07-15,110374,1,5,0,144.0
10109794NASCIMENTOR_2025-07-15_G33,10109794NASCIMENTOR,2025-07-15,110371,1,14,0,204.0
10109794NASCIMENTOR_2025-07-15_G34,10109794NASCIMENTOR,2025-07-15,118299,1,5,0,153.0
10109794NASCIMENTOR_2025-07-15_G35,10109794NASCIMENTOR,2025-07-15,110373,1,2,0,278.0
10109794NASCIMENTOR_2025-07-15_G36,10109794NASCIMENTOR,2025-07-15,117862,1,2,0,183.0
10109794NASCIMENTOR_2025-07-15_G37,10109794NASCIMENTOR,2025-07-15,108772,1,2,0,102.0
10109794NASCIMENTOR_2025-07-15_G38,10109794NASCIMENTOR,2025-07-15,117837,1,2,0,750.0
10109794NASCIMENTOR_2025-07-16_G02,10109794NASCIMENTOR,2025-07-16,111182,1,12,0,167.0
10109794NASCIMENTOR_2025-07-16_G03,10109794NASCIMENTOR,2025-07-16,109641,1,10,0,139.0
10109794NASCIMENTOR_2025-07-16_G04,10109794NASCIMENTOR,2025-07-16,109645,1,10,0,128.0
10109794NASCIMENTOR_2025-07-16_G05,10109794NASCIMENTOR,2025-07-16,109647,1,11,0,220.0
10109794NASCIMENTOR_2025-07-16_G06,10109794NASCIMENTOR,2025-07-16,117809,1,300,0,3002.0
10109794NASCIMENTOR_2025-07-16_G07,10109794NASCIMENTOR,2025-07-16,110372,1,140,0,462.0
10109794NASCIMENTOR_2025-07-16_G08,10109794NASCIMENTOR,2025-07-16,110373,1,270,0,893.0
10109794NASCIMENTOR_2025-07-16_G09,10109794NASCIMENTOR,2025-07-16,110515,1,160,0,1079.0
10109794NASCIMENTOR_2025-07-16_G11,10109794NASCIMENTOR,2025-07-16,117820,1,28,0,884.0
10109794NASCIMENTOR_2025-07-16_G12,10109794NASCIMENTOR,2025-07-16,111418,1,64,0,592.0
10109794NASCIMENTOR_2025-07-16_G13,10109794NASCIMENTOR,2025-07-16,110371,1,168,0,3200.0
10109794NASCIMENTOR_2025-07-16_G14,10109794NASCIMENTOR,2025-07-16,110833,1,1,0,1321.0
10109794NASCIMENTOR_2025-07-16_G15,10109794NASCIMENTOR,2025-07-16,110746,1,4,0,442.0
10109794NASCIMENTOR_2025-07-16_G16,10109794NASCIMENTOR,2025-07-16,118198,1,4,0,489.0
10109794NASCIMENTOR_2025-07-16_G17,10109794NASCIMENTOR,2025-07-16,118140,1,300,0,1394.0
10109794NASCIMENTOR_2025-07-17_G02,10109794NASCIMENTOR,2025-07-17,111469,1,280,0,1713.0
10109794NASCIMENTOR_2025-07-17_G03,10109794NASCIMENTOR,2025-07-17,111443,1,15,0,784.0
10109794NASCIMENTOR_2025-07-17_G04,10109794NASCIMENTOR,2025-07-17,117820,1,28,0,68.0
10109794NASCIMENTOR_2025-07-17_G05,10109794NASCIMENTOR,2025-07-17,118289,1,3,0,182.0
10109794NASCIMENTOR_2025-07-17_G06,10109794NASCIMENTOR,2025-07-17,160054,1,7,0,1876.0
10109794NASCIMENTOR_2025-07-17_G07,10109794NASCIMENTOR,2025-07-17,117830,1,6,0,92.0
10109794NASCIMENTOR_2025-07-17_G08,10109794NASCIMENTOR,2025-07-17,117809,1,12,0,169.0
10109794NASCIMENTOR_2025-07-17_G09,10109794NASCIMENTOR,2025-07-17,110372,1,22,0,346.0
10109794NASCIMENTOR_2025-07-17_G10,10109794NASCIMENTOR,2025-07-17,110747,1,4,0,360.0
10109794NASCIMENTOR_2025-07-17_G11,10109794NASCIMENTOR,2025-07-17,110755,1,14,0,94.0
10109794NASCIMENTOR_2025-07-17_G12,10109794NASCIMENTOR,2025-07-17,118299,1,103,0,251.0
10109794NASCIMENTOR_2025-07-17_G13,10109794NASCIMENTOR,2025-07-17,118140,1,10,0,357.0
10109794NASCIMENTOR_2025-07-17_G14,10109794NASCIMENTOR,2025-07-17,"140922, 160055",2,8,22,144.0
10109794NASCIMENTOR_2025-07-17_G15,10109794NASCIMENTOR,2025-07-17,117833,1,7,0,151.0
10109794NASCIMENTOR_2025-07-17_G16,10109794NASCIMENTOR,2025-07-17,109641,1,8,0,152.0
10109794NASCIMENTOR_2025-07-17_G17,10109794NASCIMENTOR,2025-07-17,109645,1,10,0,91.0
10109794NASCIMENTOR_2025-07-17_G18,10109794NASCIMENTOR,2025-07-17,118223,1,2,0,158.0
10109794NASCIMENTOR_2025-07-17_G19,10109794NASCIMENTOR,2025-07-17,117785,1,6,0,411.0
10109794NASCIMENTOR_2025-07-17_G20,10109794NASCIMENTOR,2025-07-17,111442,1,9,0,93.0
10109794NASCIMENTOR_2025-07-17_G21,10109794NASCIMENTOR,2025-07-17,111466,1,5,0,192.0
10109794NASCIMENTOR_2025-07-17_G22,10109794NASCIMENTOR,2025-07-17,111469,1,8,0,209.0
10109794NASCIMENTOR_2025-07-17_G24,10109794NASCIMENTOR,2025-07-17,118222,1,10,0,264.0
10109794NASCIMENTOR_2025-07-17_G25,10109794NASCIMENTOR,2025-07-17,117820,1,7,0,899.0
10109794NASCIMENTOR_2025-07-17_G26,10109794NASCIMENTOR,2025-07-17,111530,1,1,0,97.0
10109794NASCIMENTOR_2025-07-17_G27,10109794NASCIMENTOR,2025-07-17,111530,2,5,25,1023.0
10109794NASCIMENTOR_2025-07-17_G28,10109794NASCIMENTOR,2025-07-17,111530,1,4,0,80.0
10109794NASCIMENTOR_2025-07-17_G29,10109794NASCIMENTOR,2025-07-17,117820,1,3,0,922.0
10109794NASCIMENTOR_2025-07-17_G30,10109794NASCIMENTOR,2025-07-17,117808,1,1,0,178.0
10109794NASCIMENTOR_2025-07-17_G31,10109794NASCIMENTOR,2025-07-17,100334,1,2,0,109.0
10109794NASCIMENTOR_2025-07-17_G32,10109794NASCIMENTOR,2025-07-17,111441,1,3,0,134.0
10109794NASCIMENTOR_2025-07-17_G33,10109794NASCIMENTOR,2025-07-17,111438,2,4,7,73.0
10109794NASCIMENTOR_2025-07-17_G34,10109794NASCIMENTOR,2025-07-17,111330,1,2,0,131.0
10109794NASCIMENTOR_2025-07-17_G35,10109794NASCIMENTOR,2025-07-17,110747,1,4,0,454.0
10109794NASCIMENTOR_2025-07-17_G36,10109794NASCIMENTOR,2025-07-17,108795,1,1,0,346.0
10109794NASCIMENTOR_2025-07-17_G37,10109794NASCIMENTOR,2025-07-17,118140,1,7,0,306.0
10109794NASCIMENTOR_2025-07-17_G38,10109794NASCIMENTOR,2025-07-17,111443,1,5,0,111.0
10109794NASCIMENTOR_2025-07-17_G39,10109794NASCIMENTOR,2025-07-17,111532,1,2,0,123.0
10109794NASCIMENTOR_2025-07-17_G40,10109794NASCIMENTOR,2025-07-17,118317,1,5,0,254.0
10109794NASCIMENTOR_2025-07-17_G41,10109794NASCIMENTOR,2025-07-17,111442,1,4,0,87.0
10109794NASCIMENTOR_2025-07-17_G42,10109794NASCIMENTOR,2025-07-17,110740,1,8,0,369.0
10109794NASCIMENTOR_2025-07-17_G43,10109794NASCIMENTOR,2025-07-17,107236,1,6,0,75.0
10109794NASCIMENTOR_2025-07-17_G44,10109794NASCIMENTOR,2025-07-17,110325,1,2,0,130.0
10109794NASCIMENTOR_2025-07-17_G45,10109794NASCIMENTOR,2025-07-17,118222,1,8,0,242.0
10109794NASCIMENTOR_2025-07-17_G46,10109794NASCIMENTOR,2025-07-17,111430,1,1,0,122.0
10109794NASCIMENTOR_2025-07-17_G47,10109794NASCIMENTOR,2025-07-17,117834,1,4,0,283.0
10109794NASCIMENTOR_2025-07-17_G48,10109794NASCIMENTOR,2025-07-17,118250,1,4,0,169.0
10109794NASCIMENTOR_2025-07-17_G49,10109794NASCIMENTOR,2025-07-17,117832,1,18,0,207.0
10109794NASCIMENTOR_2025-07-17_G50,10109794NASCIMENTOR,2025-07-17,111569,1,22,0,214.0
10109794NASCIMENTOR_2025-07-18_G02,10109794NASCIMENTOR,2025-07-18,111172,1,1,0,210.0
10109794NASCIMENTOR_2025-07-18_G03,10109794NASCIMENTOR,2025-07-18,118140,1,3,0,106.0
10109794NASCIMENTOR_2025-07-18_G04,10109794NASCIMENTOR,2025-07-18,111418,1,5,0,318.0
10109794NASCIMENTOR_2025-07-18_G05,10109794NASCIMENTOR,2025-07-18,117785,1,4,0,109.0
10109794NASCIMENTOR_2025-07-18_G07,10109794NASCIMENTOR,2025-07-18,110372,1,17,0,284.0
10109794NASCIMENTOR_2025-07-18_G08,10109794NASCIMENTOR,2025-07-18,110371,1,23,0,198.0
10109794NASCIMENTOR_2025-07-18_G09,10109794NASCIMENTOR,2025-07-18,118299,1,60,0,595.0
10109794NASCIMENTOR_2025-07-18_G10,10109794NASCIMENTOR,2025-07-18,110373,1,19,0,186.0
10109794NASCIMENTOR_2025-07-18_G11,10109794NASCIMENTOR,2025-07-18,108794,1,12,0,205.0
10109794NASCIMENTOR_2025-07-18_G12,10109794NASCIMENTOR,2025-07-18,118140,1,4,0,51.0
10109794NASCIMENTOR_2025-07-18_G13,10109794NASCIMENTOR,2025-07-18,117808,1,80,0,532.0
10109794NASCIMENTOR_2025-07-18_G14,10109794NASCIMENTOR,2025-07-18,111466,1,18,0,256.0
10109794NASCIMENTOR_2025-07-18_G15,10109794NASCIMENTOR,2025-07-18,111463,1,25,0,557.0
10109794NASCIMENTOR_2025-07-18_G17,10109794NASCIMENTOR,2025-07-18,110373,1,147,0,526.0
10109794NASCIMENTOR_2025-07-18_G18,10109794NASCIMENTOR,2025-07-18,111418,1,40,0,856.0
10109794NASCIMENTOR_2025-07-18_G19,10109794NASCIMENTOR,2025-07-18,111723,1,8,0,131.0
10109794NASCIMENTOR_2025-07-18_G20,10109794NASCIMENTOR,2025-07-18,111751,1,8,0,194.0
10109794NASCIMENTOR_2025-07-18_G21,10109794NASCIMENTOR,2025-07-18,110515,1,21,0,517.0
10109794NASCIMENTOR_2025-07-18_G22,10109794NASCIMENTOR,2025-07-18,110313,1,25,0,375.0
10109794NASCIMENTOR_2025-07-18_G23,10109794NASCIMENTOR,2025-07-18,110373,1,3,0,1446.0
10109794NASCIMENTOR_2025-07-18_G24,10109794NASCIMENTOR,2025-07-18,108794,1,40,0,750.0
10109794NASCIMENTOR_2025-07-18_G25,10109794NASCIMENTOR,2025-07-18,117809,1,21,0,2493.0
10109794NASCIMENTOR_2025-07-18_G26,10109794NASCIMENTOR,2025-07-18,110373,1,21,0,787.0
10109794NASCIMENTOR_2025-07-18_G27,10109794NASCIMENTOR,2025-07-18,110376,1,6,0,106.0
10109794NASCIMENTOR_2025-07-18_G28,10109794NASCIMENTOR,2025-07-18,110372,1,36,0,444.0
10109794NASCIMENTOR_2025-07-19_G02,10109794NASCIMENTOR,2025-07-19,117808,1,57,0,491.0
10109794NASCIMENTOR_2025-07-19_G03,10109794NASCIMENTOR,2025-07-19,110374,1,12,0,2023.0
10109794NASCIMENTOR_2025-07-19_G04,10109794NASCIMENTOR,2025-07-19,110371,1,10,0,177.0
10109794NASCIMENTOR_2025-07-19_G05,10109794NASCIMENTOR,2025-07-19,110373,1,10,0,150.0
10109794NASCIMENTOR_2025-07-19_G06,10109794NASCIMENTOR,2025-07-19,118299,1,20,0,156.0
10109794NASCIMENTOR_2025-07-19_G07,10109794NASCIMENTOR,2025-07-19,111418,1,10,0,290.0
10109794NASCIMENTOR_2025-07-19_G08,10109794NASCIMENTOR,2025-07-19,117831,1,10,0,235.0
10109794NASCIMENTOR_2025-07-19_G09,10109794NASCIMENTOR,2025-07-19,100334,1,10,0,245.0
10109794NASCIMENTOR_2025-07-19_G10,10109794NASCIMENTOR,2025-07-19,111438,1,10,0,245.0
10109794NASCIMENTOR_2025-07-19_G11,10109794NASCIMENTOR,2025-07-19,110373,1,8,0,564.0
10109794NASCIMENTOR_2025-07-19_G12,10109794NASCIMENTOR,2025-07-19,118299,1,6,0,84.0
10109794NASCIMENTOR_2025-07-19_G13,10109794NASCIMENTOR,2025-07-19,110372,1,4,0,123.0
10109794NASCIMENTOR_2025-07-19_G14,10109794NASCIMENTOR,2025-07-19,117855,1,5,0,140.0
10109794NASCIMENTOR_2025-07-19_G15,10109794NASCIMENTOR,2025-07-19,111602,1,2,0,84.0
10109794NASCIMENTOR_2025-07-19_G16,10109794NASCIMENTOR,2025-07-19,117820,1,3,0,91.0
10109794NASCIMENTOR_2025-07-19_G17,10109794NASCIMENTOR,2025-07-19,111182,1,6,0,1220.0
10109794NASCIMENTOR_2025-07-19_G18,10109794NASCIMENTOR,2025-07-19,117820,1,10,0,186.0
10109794NASCIMENTOR_2025-07-19_G19,10109794NASCIMENTOR,2025-07-19,140911,1,8,0,463.0
10109794NASCIMENTOR_2025-07-22_G02,10109794NASCIMENTOR,2025-07-22,117832,1,10,0,200.0
10109794NASCIMENTOR_2025-07-22_G03,10109794NASCIMENTOR,2025-07-22,110373,1,40,0,77.0
10109794NASCIMENTOR_2025-07-22_G04,10109794NASCIMENTOR,2025-07-22,110374,1,20,0,523.0
10109794NASCIMENTOR_2025-07-22_G05,10109794NASCIMENTOR,2025-07-22,107830,1,12,0,608.0
10109794NASCIMENTOR_2025-07-22_G06,10109794NASCIMENTOR,2025-07-22,110371,1,10,0,174.0
10109794NASCIMENTOR_2025-07-22_G07,10109794NASCIMENTOR,2025-07-22,118299,1,530,0,1380.0
10109794NASCIMENTOR_2025-07-22_G08,10109794NASCIMENTOR,2025-07-22,110372,1,100,0,366.0
10109794NASCIMENTOR_2025-07-22_G09,10109794NASCIMENTOR,2025-07-22,117820,1,90,0,416.0
10109794NASCIMENTOR_2025-07-22_G10,10109794NASCIMENTOR,2025-07-22,117808,1,460,0,935.0
10109794NASCIMENTOR_2025-07-22_G11,10109794NASCIMENTOR,2025-07-22,111530,1,20,0,426.0
10109794NASCIMENTOR_2025-07-22_G12,10109794NASCIMENTOR,2025-07-22,118298,1,6,0,332.0
10109794NASCIMENTOR_2025-07-22_G13,10109794NASCIMENTOR,2025-07-22,117855,1,9,0,120.0
10109794NASCIMENTOR_2025-07-22_G14,10109794NASCIMENTOR,2025-07-22,117855,2,18,22,50.0
10109794NASCIMENTOR_2025-07-22_G15,10109794NASCIMENTOR,2025-07-22,110515,1,10,0,248.0
10109794NASCIMENTOR_2025-07-22_G16,10109794NASCIMENTOR,2025-07-22,108772,1,4,0,139.0
10109794NASCIMENTOR_2025-07-22_G17,10109794NASCIMENTOR,2025-07-22,111199,1,12,0,174.0
10109794NASCIMENTOR_2025-07-22_G18,10109794NASCIMENTOR,2025-07-22,117786,1,19,0,558.0
10109794NASCIMENTOR_2025-07-23_G02,10109794NASCIMENTOR,2025-07-23,111602,2,67,14,726.0
10109794NASCIMENTOR_2025-07-23_G03,10109794NASCIMENTOR,2025-07-23,111439,1,117,0,1106.0
10109794NASCIMENTOR_2025-07-23_G05,10109794NASCIMENTOR,2025-07-23,117831,1,4,0,310.0
10109794NASCIMENTOR_2025-07-23_G06,10109794NASCIMENTOR,2025-07-23,111743,1,7,0,84.0
10109794NASCIMENTOR_2025-07-23_G07,10109794NASCIMENTOR,2025-07-23,111463,1,15,0,193.0
10109794NASCIMENTOR_2025-07-23_G08,10109794NASCIMENTOR,2025-07-23,107830,1,4,0,130.0
10109794NASCIMENTOR_2025-07-23_G09,10109794NASCIMENTOR,2025-07-23,117808,1,16,0,307.0
10109794NASCIMENTOR_2025-07-23_G10,10109794NASCIMENTOR,2025-07-23,111743,1,6,0,688.0
10109794NASCIMENTOR_2025-07-23_G11,10109794NASCIMENTOR,2025-07-23,111463,1,11,0,126.0
10109794NASCIMENTOR_2025-07-23_G12,10109794NASCIMENTOR,2025-07-23,140922,1,2,0,147.0
10109794NASCIMENTOR_2025-07-23_G13,10109794NASCIMENTOR,2025-07-23,111418,1,12,0,118.0
10109794NASCIMENTOR_2025-07-23_G14,10109794NASCIMENTOR,2025-07-23,117838,1,4,0,101.0
10109794NASCIMENTOR_2025-07-23_G15,10109794NASCIMENTOR,2025-07-23,111462,1,6,0,87.0
10109794NASCIMENTOR_2025-07-23_G16,10109794NASCIMENTOR,2025-07-23,111466,1,12,0,144.0
10109794NASCIMENTOR_2025-07-23_G17,10109794NASCIMENTOR,2025-07-23,117833,1,8,0,106.0
10109794NASCIMENTOR_2025-07-23_G18,10109794NASCIMENTOR,2025-07-23,108798,1,4,0,232.0
10109794NASCIMENTOR_2025-07-23_G19,10109794NASCIMENTOR,2025-07-23,108794,1,7,0,318.0
10109794NASCIMENTOR_2025-07-23_G20,10109794NASCIMENTOR,2025-07-23,111465,1,6,0,306.0
10109794NASCIMENTOR_2025-07-23_G21,10109794NASCIMENTOR,2025-07-23,111468,1,5,0,67.0
10109794NASCIMENTOR_2025-07-23_G22,10109794NASCIMENTOR,2025-07-23,117854,1,4,0,265.0
10109794NASCIMENTOR_2025-07-23_G23,10109794NASCIMENTOR,2025-07-23,111532,1,4,0,222.0
10109794NASCIMENTOR_2025-07-23_G24,10109794NASCIMENTOR,2025-07-23,117785,1,10,0,165.0
10109794NASCIMENTOR_2025-07-23_G25,10109794NASCIMENTOR,2025-07-23,117830,1,6,0,401.0
10109794NASCIMENTOR_2025-07-23_G26,10109794NASCIMENTOR,2025-07-23,117808,1,8,0,185.0
10109794NASCIMENTOR_2025-07-23_G27,10109794NASCIMENTOR,2025-07-23,107629,1,2,0,391.0
10109794NASCIMENTOR_2025-07-23_G28,10109794NASCIMENTOR,2025-07-23,111467,1,2,0,88.0
10109794NASCIMENTOR_2025-07-23_G29,10109794NASCIMENTOR,2025-07-23,110711,1,9,0,154.0
10109794NASCIMENTOR_2025-07-23_G30,10109794NASCIMENTOR,2025-07-23,111602,1,7,0,139.0
10109794NASCIMENTOR_2025-07-23_G31,10109794NASCIMENTOR,2025-07-23,118222,1,4,0,145.0
10109794NASCIMENTOR_2025-07-23_G32,10109794NASCIMENTOR,2025-07-23,111463,1,40,0,902.0
10109794NASCIMENTOR_2025-07-23_G33,10109794NASCIMENTOR,2025-07-23,160055,1,2,0,346.0
10109794NASCIMENTOR_2025-07-23_G34,10109794NASCIMENTOR,2025-07-23,117831,1,25,0,312.0
10109794NASCIMENTOR_2025-07-23_G35,10109794NASCIMENTOR,2025-07-23,111433,1,10,0,295.0
10109794NASCIMENTOR_2025-07-23_G36,10109794NASCIMENTOR,2025-07-23,110740,1,10,0,407.0
10109794NASCIMENTOR_2025-07-23_G37,10109794NASCIMENTOR,2025-07-23,117785,1,30,0,464.0
10109794NASCIMENTOR_2025-07-23_G38,10109794NASCIMENTOR,2025-07-23,111418,1,20,0,438.0
10109794NASCIMENTOR_2025-07-23_G39,10109794NASCIMENTOR,2025-07-23,111792,1,2,0,178.0
10109794NASCIMENTOR_2025-07-23_G40,10109794NASCIMENTOR,2025-07-23,110742,1,6,0,94.0
10109794NASCIMENTOR_2025-07-24_G02,10109794NASCIMENTOR,2025-07-24,111438,1,4,0,454.0
10109794NASCIMENTOR_2025-07-24_G03,10109794NASCIMENTOR,2025-07-24,111437,1,6,0,331.0
10109794NASCIMENTOR_2025-07-24_G04,10109794NASCIMENTOR,2025-07-24,111655,1,10,0,450.0
10109794NASCIMENTOR_2025-07-24_G05,10109794NASCIMENTOR,2025-07-24,118299,1,100,0,335.0
10109794NASCIMENTOR_2025-07-24_G06,10109794NASCIMENTOR,2025-07-24,118317,1,10,0,2734.0
10109794NASCIMENTOR_2025-07-24_G07,10109794NASCIMENTOR,2025-07-24,111418,1,2,0,523.0
10109794NASCIMENTOR_2025-07-24_G08,10109794NASCIMENTOR,2025-07-24,111418,1,43,0,235.0
10109794NASCIMENTOR_2025-07-24_G09,10109794NASCIMENTOR,2025-07-24,160055,1,10,0,67.0
10109794NASCIMENTOR_2025-07-24_G10,10109794NASCIMENTOR,2025-07-24,117821,1,8,0,219.0
10109794NASCIMENTOR_2025-07-24_G11,10109794NASCIMENTOR,2025-07-24,118140,1,1,0,86.0
10109794NASCIMENTOR_2025-07-24_G12,10109794NASCIMENTOR,2025-07-24,110740,1,10,0,180.0
10109794NASCIMENTOR_2025-07-24_G13,10109794NASCIMENTOR,2025-07-24,111466,4,156,35,423.0
10109794NASCIMENTOR_2025-07-24_G14,10109794NASCIMENTOR,2025-07-24,111465,2,70,11,51.0
10109794NASCIMENTOR_2025-07-24_G15,10109794NASCIMENTOR,2025-07-24,111466,3,71,22,53.0
10109794NASCIMENTOR_2025-07-24_G17,10109794NASCIMENTOR,2025-07-24,117856,1,4,0,128.0
10109794NASCIMENTOR_2025-07-24_G18,10109794NASCIMENTOR,2025-07-24,111532,2,26,12,175.0
10109794NASCIMENTOR_2025-07-24_G19,10109794NASCIMENTOR,2025-07-24,118140,1,10,0,453.0
10109794NASCIMENTOR_2025-07-24_G20,10109794NASCIMENTOR,2025-07-24,111442,1,5,0,422.0
10109794NASCIMENTOR_2025-07-24_G21,10109794NASCIMENTOR,2025-07-24,111463,1,30,0,552.0
10109794NASCIMENTOR_2025-07-24_G22,10109794NASCIMENTOR,2025-07-24,118299,1,20,0,192.0
10109794NASCIMENTOR_2025-07-24_G23,10109794NASCIMENTOR,2025-07-24,117820,1,20,0,150.0
10109794NASCIMENTOR_2025-07-24_G24,10109794NASCIMENTOR,2025-07-24,110373,1,50,0,641.0
10109794NASCIMENTOR_2025-07-24_G25,10109794NASCIMENTOR,2025-07-24,118222,1,16,0,1715.0
10109794NASCIMENTOR_2025-07-24_G26,10109794NASCIMENTOR,2025-07-24,118418,1,4,0,175.0
10109794NASCIMENTOR_2025-07-24_G27,10109794NASCIMENTOR,2025-07-24,111530,1,3,0,155.0
10109794NASCIMENTOR_2025-07-24_G28,10109794NASCIMENTOR,2025-07-24,117832,1,12,0,1218.0
10109794NASCIMENTOR_2025-07-24_G29,10109794NASCIMENTOR,2025-07-24,118299,2,200,25,333.0
10109794NASCIMENTOR_2025-07-24_G30,10109794NASCIMENTOR,2025-07-24,110372,1,60,0,1212.0
10109794NASCIMENTOR_2025-07-24_G31,10109794NASCIMENTOR,2025-07-24,111462,1,4,0,209.0
10109794NASCIMENTOR_2025-07-24_G32,10109794NASCIMENTOR,2025-07-24,111466,1,20,0,202.0
10109794NASCIMENTOR_2025-07-24_G33,10109794NASCIMENTOR,2025-07-24,117821,1,15,0,120.0
10109794NASCIMENTOR_2025-07-24_G34,10109794NASCIMENTOR,2025-07-24,141823,2,17,13,215.0
10109794NASCIMENTOR_2025-07-24_G35,10109794NASCIMENTOR,2025-07-24,117785,1,30,0,230.0
10109794NASCIMENTOR_2025-07-24_G36,10109794NASCIMENTOR,2025-07-24,108711,1,60,0,420.0
10109794NASCIMENTOR_2025-07-25_G02,10109794NASCIMENTOR,2025-07-25,117808,2,500,16,3368.0
10109794NASCIMENTOR_2025-07-25_G03,10109794NASCIMENTOR,2025-07-25,117820,1,11,0,832.0
10109794NASCIMENTOR_2025-07-25_G04,10109794NASCIMENTOR,2025-07-25,118299,1,4,0,75.0
10109794NASCIMENTOR_2025-07-25_G05,10109794NASCIMENTOR,2025-07-25,118299,1,4,0,1855.0
10109794NASCIMENTOR_2025-07-25_G07,10109794NASCIMENTOR,2025-07-25,108711,1,10,0,179.0
10109794NASCIMENTOR_2025-07-25_G08,10109794NASCIMENTOR,2025-07-25,117831,1,20,0,201.0
10109794NASCIMENTOR_2025-07-25_G09,10109794NASCIMENTOR,2025-07-25,117833,1,20,0,187.0
10109794NASCIMENTOR_2025-07-25_G10,10109794NASCIMENTOR,2025-07-25,111532,1,7,0,124.0
10109794NASCIMENTOR_2025-07-25_G11,10109794NASCIMENTOR,2025-07-25,117842,1,4,0,442.0
10109794NASCIMENTOR_2025-07-25_G12,10109794NASCIMENTOR,2025-07-25,111462,2,50,14,552.0
10109794NASCIMENTOR_2025-07-25_G13,10109794NASCIMENTOR,2025-07-25,118140,1,10,0,424.0
10109794NASCIMENTOR_2025-07-25_G14,10109794NASCIMENTOR,2025-07-25,117785,2,100,14,309.0
10109794NASCIMENTOR_2025-07-25_G15,10109794NASCIMENTOR,2025-07-25,110740,1,10,0,590.0
10109794NASCIMENTOR_2025-07-25_G16,10109794NASCIMENTOR,2025-07-25,111465,1,10,0,122.0
10109794NASCIMENTOR_2025-07-25_G17,10109794NASCIMENTOR,2025-07-25,111468,1,20,0,367.0
10109794NASCIMENTOR_2025-07-25_G18,10109794NASCIMENTOR,2025-07-25,111463,2,40,19,268.0
10109794NASCIMENTOR_2025-07-25_G19,10109794NASCIMENTOR,2025-07-25,110743,1,15,0,263.0
10109794NASCIMENTOR_2025-07-25_G20,10109794NASCIMENTOR,2025-07-25,110751,1,7,0,678.0
10109794NASCIMENTOR_2025-07-25_G21,10109794NASCIMENTOR,2025-07-25,111418,3,60,15,66.0
10109794NASCIMENTOR_2025-07-25_G22,10109794NASCIMENTOR,2025-07-25,111469,1,20,0,692.0
10109794NASCIMENTOR_2025-07-25_G23,10109794NASCIMENTOR,2025-07-25,109649,1,2,0,809.0
10109794NASCIMENTOR_2025-07-25_G24,10109794NASCIMENTOR,2025-07-25,118191,1,45,0,1636.0
10109794NASCIMENTOR_2025-07-25_G25,10109794NASCIMENTOR,2025-07-25,111740,1,12,0,570.0
10109794NASCIMENTOR_2025-07-26_G02,10109794NASCIMENTOR,2025-07-26,141262,1,3,0,152.0
10109794NASCIMENTOR_2025-07-26_G03,10109794NASCIMENTOR,2025-07-26,111722,1,100,0,656.0
10109794NASCIMENTOR_2025-07-26_G04,10109794NASCIMENTOR,2025-07-26,111751,1,25,0,1472.0
10109794NASCIMENTOR_2025-07-26_G05,10109794NASCIMENTOR,2025-07-26,111723,1,8,0,755.0
10109794NASCIMENTOR_2025-07-26_G06,10109794NASCIMENTOR,2025-07-26,111755,1,12,0,431.0
10109794NASCIMENTOR_2025-07-26_G07,10109794NASCIMENTOR,2025-07-26,111739,1,2,0,638.0
10109794NASCIMENTOR_2025-07-26_G08,10109794NASCIMENTOR,2025-07-26,111634,1,70,0,530.0
10109794NASCIMENTOR_2025-07-26_G09,10109794NASCIMENTOR,2025-07-26,111738,1,50,0,1062.0
10109794NASCIMENTOR_2025-07-26_G10,10109794NASCIMENTOR,2025-07-26,111753,1,30,0,335.0
10109794NASCIMENTOR_2025-07-26_G11,10109794NASCIMENTOR,2025-07-26,111761,1,10,0,514.0
10109794NASCIMENTOR_2025-07-26_G12,10109794NASCIMENTOR,2025-07-26,111759,1,40,0,752.0
10109794NASCIMENTOR_2025-07-27_G02,10109794NASCIMENTOR,2025-07-27,110515,2,34,29,710.0
10109794NASCIMENTOR_2025-07-27_G03,10109794NASCIMENTOR,2025-07-27,110374,2,8,8,1819.0
10109794NASCIMENTOR_2025-07-27_G04,10109794NASCIMENTOR,2025-07-27,110372,1,143,0,795.0
10109794NASCIMENTOR_2025-07-27_G05,10109794NASCIMENTOR,2025-07-27,117808,1,92,0,325.0
10109794NASCIMENTOR_2025-07-27_G06,10109794NASCIMENTOR,2025-07-27,117808,1,55,0,171.0
10109794NASCIMENTOR_2025-07-27_G07,10109794NASCIMENTOR,2025-07-27,141261,1,73,0,1074.0
10109794NASCIMENTOR_2025-07-27_G08,10109794NASCIMENTOR,2025-07-27,109645,1,1,0,252.0
10109794NASCIMENTOR_2025-07-27_G09,10109794NASCIMENTOR,2025-07-27,111462,1,34,0,83.0
10109794NASCIMENTOR_2025-07-27_G10,10109794NASCIMENTOR,2025-07-27,118140,2,17,7,278.0
10109794NASCIMENTOR_2025-07-27_G11,10109794NASCIMENTOR,2025-07-27,111755,1,41,0,375.0
10109794NASCIMENTOR_2025-07-27_G12,10109794NASCIMENTOR,2025-07-27,108794,1,15,0,424.0
10109794NASCIMENTOR_2025-07-27_G13,10109794NASCIMENTOR,2025-07-27,111754,1,13,0,126.0
10109794NASCIMENTOR_2025-07-28_G02,10109794NASCIMENTOR,2025-07-28,111463,1,6,0,171.0
10109794NASCIMENTOR_2025-07-28_G03,10109794NASCIMENTOR,2025-07-28,110787,1,4,0,103.0
10109794NASCIMENTOR_2025-07-28_G04,10109794NASCIMENTOR,2025-07-28,110740,1,8,0,187.0
10109794NASCIMENTOR_2025-07-28_G05,10109794NASCIMENTOR,2025-07-28,118306,1,3,0,322.0
10109794NASCIMENTOR_2025-07-28_G06,10109794NASCIMENTOR,2025-07-28,110895,1,2,0,55.0
10109794NASCIMENTOR_2025-07-28_G07,10109794NASCIMENTOR,2025-07-28,111530,1,4,0,135.0
10109794NASCIMENTOR_2025-07-28_G08,10109794NASCIMENTOR,2025-07-28,110515,1,9,0,112.0
10109794NASCIMENTOR_2025-07-28_G09,10109794NASCIMENTOR,2025-07-28,110374,1,4,0,102.0
10109794NASCIMENTOR_2025-07-28_G10,10109794NASCIMENTOR,2025-07-28,117785,1,4,0,405.0
10109794NASCIMENTOR_2025-07-28_G11,10109794NASCIMENTOR,2025-07-28,110371,1,10,0,477.0
10109794NASCIMENTOR_2025-07-28_G12,10109794NASCIMENTOR,2025-07-28,110373,1,2,0,99.0
10109794NASCIMENTOR_2025-07-28_G13,10109794NASCIMENTOR,2025-07-28,160051,1,4,0,81.0
10109794NASCIMENTOR_2025-07-28_G14,10109794NASCIMENTOR,2025-07-28,110787,1,8,0,356.0
10109794NASCIMENTOR_2025-07-28_G15,10109794NASCIMENTOR,2025-07-28,117785,1,5,0,202.0
10109794NASCIMENTOR_2025-07-28_G16,10109794NASCIMENTOR,2025-07-28,141823,1,3,0,107.0
10109794NASCIMENTOR_2025-07-28_G17,10109794NASCIMENTOR,2025-07-28,111530,1,7,0,155.0
10109794NASCIMENTOR_2025-07-28_G18,10109794NASCIMENTOR,2025-07-28,141456,1,10,0,778.0
10109794NASCIMENTOR_2025-07-28_G19,10109794NASCIMENTOR,2025-07-28,141202,1,10,0,356.0
10109794NASCIMENTOR_2025-07-28_G20,10109794NASCIMENTOR,2025-07-28,111466,1,4,0,224.0
10109794NASCIMENTOR_2025-07-28_G21,10109794NASCIMENTOR,2025-07-28,141823,1,4,0,176.0
10109794NASCIMENTOR_2025-07-28_G22,10109794NASCIMENTOR,2025-07-28,141456,1,8,0,1403.0
10109794NASCIMENTOR_2025-07-28_G23,10109794NASCIMENTOR,2025-07-28,"108711, 160055",2,16,23,370.0
10109794NASCIMENTOR_2025-07-28_G24,10109794NASCIMENTOR,2025-07-28,117821,1,10,0,242.0
10109794NASCIMENTOR_2025-07-28_G25,10109794NASCIMENTOR,2025-07-28,111532,1,2,0,162.0
10109794NASCIMENTOR_2025-07-28_G26,10109794NASCIMENTOR,2025-07-28,111469,2,8,9,161.0
10109794NASCIMENTOR_2025-07-28_G27,10109794NASCIMENTOR,2025-07-28,111723,1,4,0,115.0
10109794NASCIMENTOR_2025-07-28_G28,10109794NASCIMENTOR,2025-07-28,109645,1,4,0,51.0
10109794NASCIMENTOR_2025-07-28_G29,10109794NASCIMENTOR,2025-07-28,111462,1,4,0,64.0
10109794NASCIMENTOR_2025-07-28_G30,10109794NASCIMENTOR,2025-07-28,111755,1,8,0,305.0
10109794NASCIMENTOR_2025-07-28_G31,10109794NASCIMENTOR,2025-07-28,117785,1,4,0,66.0
10109794NASCIMENTOR_2025-07-28_G32,10109794NASCIMENTOR,2025-07-28,111754,1,6,0,112.0
10109794NASCIMENTOR_2025-07-28_G33,10109794NASCIMENTOR,2025-07-28,107236,1,4,0,44.0
10109794NASCIMENTOR_2025-07-28_G34,10109794NASCIMENTOR,2025-07-28,111742,1,10,0,132.0
10109794NASCIMENTOR_2025-07-28_G35,10109794NASCIMENTOR,2025-07-28,111876,1,1,0,176.0
10109794NASCIMENTOR_2025-07-28_G36,10109794NASCIMENTOR,2025-07-28,141047,1,4,0,99.0
10109794NASCIMENTOR_2025-07-28_G37,10109794NASCIMENTOR,2025-07-28,"110313, 118140",2,20,13,390.0
10109794NASCIMENTOR_2025-07-28_G39,10109794NASCIMENTOR,2025-07-28,110741,1,1,0,162.0
10109794NASCIMENTOR_2025-07-28_G40,10109794NASCIMENTOR,2025-07-28,110313,1,4,0,262.0
10109794NASCIMENTOR_2025-07-28_G41,10109794NASCIMENTOR,2025-07-28,109640,1,10,0,177.0
10109794NASCIMENTOR_2025-07-28_G42,10109794NASCIMENTOR,2025-07-28,109640,2,15,19,61.0
10109794NASCIMENTOR_2025-07-28_G43,10109794NASCIMENTOR,2025-07-28,110515,1,6,0,232.0
10109794NASCIMENTOR_2025-07-28_G44,10109794NASCIMENTOR,2025-07-28,111463,1,20,0,822.0
10109794NASCIMENTOR_2025-07-28_G45,10109794NASCIMENTOR,2025-07-28,111172,1,4,0,341.0
10109794NASCIMENTOR_2025-07-28_G46,10109794NASCIMENTOR,2025-07-28,117785,1,6,0,144.0
10109794NASCIMENTOR_2025-07-28_G47,10109794NASCIMENTOR,2025-07-28,110740,1,4,0,421.0
10109794NASCIMENTOR_2025-07-28_G48,10109794NASCIMENTOR,2025-07-28,141271,1,5,0,134.0
10109794NASCIMENTOR_2025-07-28_G49,10109794NASCIMENTOR,2025-07-28,118299,2,12,10,146.0
10109794NASCIMENTOR_2025-07-28_G50,10109794NASCIMENTOR,2025-07-28,110371,1,4,0,194.0
10109794NASCIMENTOR_2025-07-28_G51,10109794NASCIMENTOR,2025-07-28,160051,1,4,0,84.0
10109794NASCIMENTOR_2025-07-28_G52,10109794NASCIMENTOR,2025-07-28,110325,1,30,0,1606.0
10109794NASCIMENTOR_2025-07-28_G53,10109794NASCIMENTOR,2025-07-28,117809,1,40,0,276.0
10109794NASCIMENTOR_2025-07-28_G54,10109794NASCIMENTOR,2025-07-28,110371,1,100,0,705.0
10109794NASCIMENTOR_2025-07-28_G55,10109794NASCIMENTOR,2025-07-28,110374,1,20,0,306.0
10109794NASCIMENTOR_2025-07-28_G56,10109794NASCIMENTOR,2025-07-28,118281,1,28,0,570.0
10109794NASCIMENTOR_2025-07-28_G57,10109794NASCIMENTOR,2025-07-28,117808,1,242,0,1103.0
10109794NASCIMENTOR_2025-07-28_G58,10109794NASCIMENTOR,2025-07-28,118191,1,60,0,461.0
10109794NASCIMENTOR_2025-07-28_G59,10109794NASCIMENTOR,2025-07-28,107888,1,9,0,949.0
10109794NASCIMENTOR_2025-07-28_G60,10109794NASCIMENTOR,2025-07-28,111850,1,2,0,87.0
10109794NASCIMENTOR_2025-07-28_G61,10109794NASCIMENTOR,2025-07-28,118283,1,8,0,119.0
10109794NASCIMENTOR_2025-07-29_G02,10109794NASCIMENTOR,2025-07-29,108771,1,5,0,139.0
10109794NASCIMENTOR_2025-07-29_G03,10109794NASCIMENTOR,2025-07-29,118222,1,23,0,1532.0
10109794NASCIMENTOR_2025-07-29_G04,10109794NASCIMENTOR,2025-07-29,141456,1,32,0,2350.0
10109794NASCIMENTOR_2025-07-29_G05,10109794NASCIMENTOR,2025-07-29,141458,1,20,0,336.0
10109794NASCIMENTOR_2025-07-29_G06,10109794NASCIMENTOR,2025-07-29,141457,1,12,0,278.0
10109794NASCIMENTOR_2025-07-29_G07,10109794NASCIMENTOR,2025-07-29,141456,1,20,0,1977.0
10109794NASCIMENTOR_2025-07-29_G08,10109794NASCIMENTOR,2025-07-29,141458,1,50,0,155.0
10109794NASCIMENTOR_2025-07-29_G09,10109794NASCIMENTOR,2025-07-29,141457,1,20,0,707.0
10109794NASCIMENTOR_2025-07-29_G10,10109794NASCIMENTOR,2025-07-29,109640,1,22,0,159.0
10109794NASCIMENTOR_2025-07-29_G11,10109794NASCIMENTOR,2025-07-29,141458,1,8,0,611.0
10109794NASCIMENTOR_2025-07-29_G12,10109794NASCIMENTOR,2025-07-29,141457,1,6,0,262.0
10109794NASCIMENTOR_2025-07-29_G14,10109794NASCIMENTOR,2025-07-29,110787,1,4,0,334.0
10109794NASCIMENTOR_2025-07-29_G15,10109794NASCIMENTOR,2025-07-29,111466,1,4,0,60.0
10109794NASCIMENTOR_2025-07-29_G16,10109794NASCIMENTOR,2025-07-29,111532,1,4,0,597.0
10109794NASCIMENTOR_2025-07-29_G17,10109794NASCIMENTOR,2025-07-29,111431,1,10,0,184.0
10109794NASCIMENTOR_2025-07-29_G18,10109794NASCIMENTOR,2025-07-29,111462,1,40,0,280.0
10109794NASCIMENTOR_2025-07-29_G19,10109794NASCIMENTOR,2025-07-29,110740,1,10,0,460.0
10109794NASCIMENTOR_2025-07-29_G20,10109794NASCIMENTOR,2025-07-29,109641,1,4,0,264.0
10109794NASCIMENTOR_2025-07-29_G21,10109794NASCIMENTOR,2025-07-29,118140,1,50,0,1173.0
10109794NASCIMENTOR_2025-07-29_G22,10109794NASCIMENTOR,2025-07-29,111469,1,100,0,188.0
10109794NASCIMENTOR_2025-07-29_G23,10109794NASCIMENTOR,2025-07-29,118250,1,4,0,491.0
10109794NASCIMENTOR_2025-07-29_G24,10109794NASCIMENTOR,2025-07-29,117935,1,4,0,60.0
10109794NASCIMENTOR_2025-07-29_G25,10109794NASCIMENTOR,2025-07-29,118299,1,2,0,123.0
10109794NASCIMENTOR_2025-07-29_G26,10109794NASCIMENTOR,2025-07-29,110787,1,1,0,88.0
10109794NASCIMENTOR_2025-07-29_G27,10109794NASCIMENTOR,2025-07-29,111462,1,1,0,136.0
10109794NASCIMENTOR_2025-07-29_G28,10109794NASCIMENTOR,2025-07-29,110325,1,6,0,1279.0
10109794NASCIMENTOR_2025-07-29_G29,10109794NASCIMENTOR,2025-07-29,117830,2,15,9,435.0
10109794NASCIMENTOR_2025-07-29_G30,10109794NASCIMENTOR,2025-07-29,117832,1,15,0,217.0
10109794NASCIMENTOR_2025-07-29_G31,10109794NASCIMENTOR,2025-07-29,107830,1,4,0,126.0
10109794NASCIMENTOR_2025-07-29_G32,10109794NASCIMENTOR,2025-07-29,110371,1,12,0,90.0
10109794NASCIMENTOR_2025-07-29_G33,10109794NASCIMENTOR,2025-07-29,110372,1,14,0,392.0
10109794NASCIMENTOR_2025-07-29_G34,10109794NASCIMENTOR,2025-07-29,111463,1,14,0,502.0
10109794NASCIMENTOR_2025-07-29_G35,10109794NASCIMENTOR,2025-07-29,105705,1,16,0,177.0
10109794NASCIMENTOR_2025-07-29_G36,10109794NASCIMENTOR,2025-07-29,117831,2,22,23,292.0
10109794NASCIMENTOR_2025-07-29_G37,10109794NASCIMENTOR,2025-07-29,118223,1,2,0,127.0
10109794NASCIMENTOR_2025-07-29_G38,10109794NASCIMENTOR,2025-07-29,107236,1,4,0,116.0
10109794NASCIMENTOR_2025-07-29_G39,10109794NASCIMENTOR,2025-07-29,111530,1,4,0,119.0
10109794NASCIMENTOR_2025-07-29_G40,10109794NASCIMENTOR,2025-07-29,110313,1,4,0,127.0
10109794NASCIMENTOR_2025-07-29_G41,10109794NASCIMENTOR,2025-07-29,141457,1,44,0,381.0
10109794NASCIMENTOR_2025-07-29_G42,10109794NASCIMENTOR,2025-07-29,141456,1,40,0,218.0
10109794NASCIMENTOR_2025-07-30_G02,10109794NASCIMENTOR,2025-07-30,118363,1,4,0,212.0
10109794NASCIMENTOR_2025-07-30_G03,10109794NASCIMENTOR,2025-07-30,110313,1,4,0,110.0
10109794NASCIMENTOR_2025-07-30_G04,10109794NASCIMENTOR,2025-07-30,111467,1,4,0,110.0
10109794NASCIMENTOR_2025-07-30_G05,10109794NASCIMENTOR,2025-07-30,109640,1,1,0,110.0
10109794NASCIMENTOR_2025-07-30_G06,10109794NASCIMENTOR,2025-07-30,110733,1,8,0,179.0
10109794NASCIMENTOR_2025-07-30_G07,10109794NASCIMENTOR,2025-07-30,111463,1,20,0,375.0
10109794NASCIMENTOR_2025-07-30_G08,10109794NASCIMENTOR,2025-07-30,111462,1,38,0,489.0
10109794NASCIMENTOR_2025-07-30_G09,10109794NASCIMENTOR,2025-07-30,110740,1,9,0,957.0
10109794NASCIMENTOR_2025-07-30_G10,10109794NASCIMENTOR,2025-07-30,110373,1,100,0,453.0
10109794NASCIMENTOR_2025-07-30_G11,10109794NASCIMENTOR,2025-07-30,118299,1,60,0,340.0
10109794NASCIMENTOR_2025-07-30_G12,10109794NASCIMENTOR,2025-07-30,118094,1,4,0,638.0
10109794NASCIMENTOR_2025-07-30_G13,10109794NASCIMENTOR,2025-07-30,111467,1,3,0,189.0
10109794NASCIMENTOR_2025-07-30_G14,10109794NASCIMENTOR,2025-07-30,108772,1,1,0,226.0
10109794NASCIMENTOR_2025-07-30_G15,10109794NASCIMENTOR,2025-07-30,111172,1,3,0,329.0
10109794NASCIMENTOR_2025-07-30_G16,10109794NASCIMENTOR,2025-07-30,110373,1,45,0,571.0
10109794NASCIMENTOR_2025-07-30_G17,10109794NASCIMENTOR,2025-07-30,118299,1,70,0,1535.0
10109794NASCIMENTOR_2025-07-30_G19,10109794NASCIMENTOR,2025-07-30,110742,1,4,0,194.0
10109794NASCIMENTOR_2025-07-30_G20,10109794NASCIMENTOR,2025-07-30,110755,1,4,0,192.0
10109794NASCIMENTOR_2025-07-30_G21,10109794NASCIMENTOR,2025-07-30,110747,1,8,0,402.0
10109794NASCIMENTOR_2025-07-30_G22,10109794NASCIMENTOR,2025-07-30,111660,1,4,0,228.0
10109794NASCIMENTOR_2025-07-30_G23,10109794NASCIMENTOR,2025-07-30,118222,1,30,0,1941.0
10109794NASCIMENTOR_2025-07-30_G24,10109794NASCIMENTOR,2025-07-30,110325,1,4,0,721.0
10109794NASCIMENTOR_2025-07-30_G25,10109794NASCIMENTOR,2025-07-30,118299,1,5,0,90.0
10109794NASCIMENTOR_2025-07-30_G26,10109794NASCIMENTOR,2025-07-30,110371,1,4,0,809.0
10109794NASCIMENTOR_2025-07-30_G27,10109794NASCIMENTOR,2025-07-30,110373,1,16,0,171.0
10109794NASCIMENTOR_2025-07-30_G28,10109794NASCIMENTOR,2025-07-30,110374,1,7,0,81.0
10109794NASCIMENTOR_2025-07-30_G29,10109794NASCIMENTOR,2025-07-30,117820,2,22,7,666.0
10109794NASCIMENTOR_2025-07-30_G30,10109794NASCIMENTOR,2025-07-30,110372,1,12,0,166.0
10109794NASCIMENTOR_2025-07-30_G31,10109794NASCIMENTOR,2025-07-30,100334,1,2,0,343.0
10109794NASCIMENTOR_2025-07-30_G32,10109794NASCIMENTOR,2025-07-30,117830,1,3,0,219.0
10109794NASCIMENTOR_2025-07-30_G33,10109794NASCIMENTOR,2025-07-30,117808,2,38,6,461.0
10109794NASCIMENTOR_2025-07-30_G34,10109794NASCIMENTOR,2025-07-30,111463,1,3,0,198.0
10109794NASCIMENTOR_2025-07-30_G35,10109794NASCIMENTOR,2025-07-30,111463,1,7,0,31.0
10109794NASCIMENTOR_2025-07-30_G36,10109794NASCIMENTOR,2025-07-30,110787,1,5,0,819.0
10109794NASCIMENTOR_2025-07-30_G37,10109794NASCIMENTOR,2025-07-30,117821,1,2,0,72.0
10109794NASCIMENTOR_2025-07-30_G38,10109794NASCIMENTOR,2025-07-30,111418,1,17,0,155.0
10109794NASCIMENTOR_2025-07-30_G39,10109794NASCIMENTOR,2025-07-30,118140,1,3,0,98.0
10109794NASCIMENTOR_2025-07-30_G40,10109794NASCIMENTOR,2025-07-30,117785,1,3,0,111.0
10109794NASCIMENTOR_2025-07-30_G41,10109794NASCIMENTOR,2025-07-30,117841,1,2,0,159.0
10109794NASCIMENTOR_2025-07-30_G42,10109794NASCIMENTOR,2025-07-30,111463,1,1,0,86.0
10109794NASCIMENTOR_2025-07-30_G43,10109794NASCIMENTOR,2025-07-30,107830,1,2,0,323.0
10109794NASCIMENTOR_2025-07-30_G44,10109794NASCIMENTOR,2025-07-30,110339,1,3,0,194.0
10109794NASCIMENTOR_2025-07-30_G45,10109794NASCIMENTOR,2025-07-30,118094,1,4,0,53.0
10109794NASCIMENTOR_2025-07-30_G46,10109794NASCIMENTOR,2025-07-30,109640,2,3,9,61.0
10109794NASCIMENTOR_2025-07-30_G47,10109794NASCIMENTOR,2025-07-30,110515,1,7,0,200.0
10109794NASCIMENTOR_2025-07-31_G02,10109794NASCIMENTOR,2025-07-31,109643,1,30,0,1420.0
10109794NASCIMENTOR_2025-07-31_G03,10109794NASCIMENTOR,2025-07-31,117820,1,39,0,245.0
10109794NASCIMENTOR_2025-07-31_G04,10109794NASCIMENTOR,2025-07-31,117822,1,2,0,432.0
10109794NASCIMENTOR_2025-07-31_G05,10109794NASCIMENTOR,2025-07-31,111469,1,9,0,1904.0
10109794NASCIMENTOR_2025-07-31_G06,10109794NASCIMENTOR,2025-07-31,141458,1,12,0,129.0
10109794NASCIMENTOR_2025-07-31_G07,10109794NASCIMENTOR,2025-07-31,110740,1,4,0,125.0
10109794NASCIMENTOR_2025-07-31_G08,10109794NASCIMENTOR,2025-07-31,110373,1,4,0,128.0
10109794NASCIMENTOR_2025-07-31_G09,10109794NASCIMENTOR,2025-07-31,110515,1,4,0,112.0
10109794NASCIMENTOR_2025-07-31_G10,10109794NASCIMENTOR,2025-07-31,110313,1,8,0,186.0
10109794NASCIMENTOR_2025-07-31_G11,10109794NASCIMENTOR,2025-07-31,117786,1,4,0,224.0
10109794NASCIMENTOR_2025-07-31_G12,10109794NASCIMENTOR,2025-07-31,117856,1,4,0,60.0
10109794NASCIMENTOR_2025-07-31_G13,10109794NASCIMENTOR,2025-07-31,118094,1,4,0,72.0
10109794NASCIMENTOR_2025-07-31_G14,10109794NASCIMENTOR,2025-07-31,141047,1,4,0,117.0
10109794NASCIMENTOR_2025-07-31_G15,10109794NASCIMENTOR,2025-07-31,111467,1,3,0,82.0
10109794NASCIMENTOR_2025-07-31_G16,10109794NASCIMENTOR,2025-07-31,117830,1,10,0,298.0
10109794NASCIMENTOR_2025-07-31_G17,10109794NASCIMENTOR,2025-07-31,111463,1,9,0,281.0
10109794NASCIMENTOR_2025-07-31_G18,10109794NASCIMENTOR,2025-07-31,111348,1,6,0,137.0
10109794NASCIMENTOR_2025-07-31_G19,10109794NASCIMENTOR,2025-07-31,109641,1,4,0,289.0
10109794NASCIMENTOR_2025-07-31_G20,10109794NASCIMENTOR,2025-07-31,110745,1,3,0,194.0
10109794NASCIMENTOR_2025-07-31_G21,10109794NASCIMENTOR,2025-07-31,141458,1,20,0,365.0
10109794NASCIMENTOR_2025-07-31_G22,10109794NASCIMENTOR,2025-07-31,111468,1,4,0,130.0
10109794NASCIMENTOR_2025-07-31_G23,10109794NASCIMENTOR,2025-07-31,141047,1,4,0,397.0
10109794NASCIMENTOR_2025-07-31_G24,10109794NASCIMENTOR,2025-07-31,109647,1,1,0,34.0
10109794NASCIMENTOR_2025-07-31_G25,10109794NASCIMENTOR,2025-07-31,110515,1,4,0,105.0
10109794NASCIMENTOR_2025-07-31_G26,10109794NASCIMENTOR,2025-07-31,141202,1,10,0,559.0
10109794NASCIMENTOR_2025-07-31_G27,10109794NASCIMENTOR,2025-07-31,117832,1,20,0,229.0
10109794NASCIMENTOR_2025-08-03_G02,10109794NASCIMENTOR,2025-08-03,111530,2,8,6,273.0
10109794NASCIMENTOR_2025-08-03_G03,10109794NASCIMENTOR,2025-08-03,117854,2,12,7,336.0
10109794NASCIMENTOR_2025-08-03_G04,10109794NASCIMENTOR,2025-08-03,110339,1,4,0,226.0
10109794NASCIMENTOR_2025-08-03_G05,10109794NASCIMENTOR,2025-08-03,111532,6,50,44,114.0
10109794NASCIMENTOR_2025-08-03_G06,10109794NASCIMENTOR,2025-08-03,109643,1,4,0,974.0
10109794NASCIMENTOR_2025-08-03_G07,10109794NASCIMENTOR,2025-08-03,117832,1,8,0,102.0
10109794NASCIMENTOR_2025-08-03_G08,10109794NASCIMENTOR,2025-08-03,117820,12,47,92,195.0
10109794NASCIMENTOR_2025-08-03_G09,10109794NASCIMENTOR,2025-08-03,110747,1,2,0,973.0
10109794NASCIMENTOR_2025-08-03_G10,10109794NASCIMENTOR,2025-08-03,111463,1,12,0,455.0
10109794NASCIMENTOR_2025-08-03_G11,10109794NASCIMENTOR,2025-08-03,117821,1,8,0,1968.0
10109794NASCIMENTOR_2025-08-03_G12,10109794NASCIMENTOR,2025-08-03,111444,1,4,0,125.0
10109794NASCIMENTOR_2025-08-03_G13,10109794NASCIMENTOR,2025-08-03,109641,1,12,0,196.0
10109794NASCIMENTOR_2025-08-03_G14,10109794NASCIMENTOR,2025-08-03,105705,1,8,0,84.0
10109794NASCIMENTOR_2025-08-03_G15,10109794NASCIMENTOR,2025-08-03,111443,1,4,0,163.0
10109794NASCIMENTOR_2025-08-03_G16,10109794NASCIMENTOR,2025-08-03,111182,1,6,0,159.0
10109794NASCIMENTOR_2025-08-03_G17,10109794NASCIMENTOR,2025-08-03,"140922, 111418",3,24,28,125.0
10109794NASCIMENTOR_2025-08-04_G02,10109794NASCIMENTOR,2025-08-04,118140,1,4,0,89.0
10109794NASCIMENTOR_2025-08-04_G03,10109794NASCIMENTOR,2025-08-04,140922,3,14,15,379.0
10109794NASCIMENTOR_2025-08-04_G06,10109794NASCIMENTOR,2025-08-04,111463,1,250,0,2184.0
10109794NASCIMENTOR_2025-08-04_G07,10109794NASCIMENTOR,2025-08-04,111466,1,215,0,1188.0
10109794NASCIMENTOR_2025-08-04_G08,10109794NASCIMENTOR,2025-08-04,111418,1,401,0,732.0
10109794NASCIMENTOR_2025-08-05_G02,10109794NASCIMENTOR,2025-08-05,117808,1,8,0,1767.0
10109794NASCIMENTOR_2025-08-05_G03,10109794NASCIMENTOR,2025-08-05,110500,1,1,0,655.0
10109794NASCIMENTOR_2025-08-05_G04,10109794NASCIMENTOR,2025-08-05,111602,1,1,0,746.0
10109794NASCIMENTOR_2025-08-05_G05,10109794NASCIMENTOR,2025-08-05,117856,1,4,0,99.0
10109794NASCIMENTOR_2025-08-05_G06,10109794NASCIMENTOR,2025-08-05,111348,1,4,0,502.0
10109794NASCIMENTOR_2025-08-05_G07,10109794NASCIMENTOR,2025-08-05,117787,1,6,0,172.0
10109794NASCIMENTOR_2025-08-05_G08,10109794NASCIMENTOR,2025-08-05,109645,1,6,0,196.0
10109794NASCIMENTOR_2025-08-05_G09,10109794NASCIMENTOR,2025-08-05,110332,1,3,0,114.0
10109794NASCIMENTOR_2025-08-05_G10,10109794NASCIMENTOR,2025-08-05,160051,1,4,0,853.0
10109794NASCIMENTOR_2025-08-05_G11,10109794NASCIMENTOR,2025-08-05,117808,1,4,0,549.0
10109794NASCIMENTOR_2025-08-05_G12,10109794NASCIMENTOR,2025-08-05,110371,1,4,0,172.0
10109794NASCIMENTOR_2025-08-05_G13,10109794NASCIMENTOR,2025-08-05,110375,1,4,0,288.0
10109794NASCIMENTOR_2025-08-05_G14,10109794NASCIMENTOR,2025-08-05,117821,1,3,0,505.0
10109794NASCIMENTOR_2025-08-05_G15,10109794NASCIMENTOR,2025-08-05,111532,1,15,0,144.0
10109794NASCIMENTOR_2025-08-05_G16,10109794NASCIMENTOR,2025-08-05,108795,1,1,0,44.0
10109794NASCIMENTOR_2025-08-05_G17,10109794NASCIMENTOR,2025-08-05,110743,1,1,0,216.0
10109794NASCIMENTOR_2025-08-05_G18,10109794NASCIMENTOR,2025-08-05,111418,1,9,0,139.0
10109794NASCIMENTOR_2025-08-05_G19,10109794NASCIMENTOR,2025-08-05,109645,1,4,0,542.0
10109794NASCIMENTOR_2025-08-05_G20,10109794NASCIMENTOR,2025-08-05,141823,1,11,0,108.0
10109794NASCIMENTOR_2025-08-05_G21,10109794NASCIMENTOR,2025-08-05,110740,1,6,0,102.0
10109794NASCIMENTOR_2025-08-05_G23,10109794NASCIMENTOR,2025-08-05,110371,1,4,0,215.0
10109794NASCIMENTOR_2025-08-05_G24,10109794NASCIMENTOR,2025-08-05,118299,1,40,0,103.0
10109794NASCIMENTOR_2025-08-05_G25,10109794NASCIMENTOR,2025-08-05,110375,1,2,0,218.0
10109794NASCIMENTOR_2025-08-05_G26,10109794NASCIMENTOR,2025-08-05,110374,1,10,0,119.0
10109794NASCIMENTOR_2025-08-05_G27,10109794NASCIMENTOR,2025-08-05,117820,1,19,0,193.0
10109794NASCIMENTOR_2025-08-05_G28,10109794NASCIMENTOR,2025-08-05,117822,1,4,0,260.0
10109794NASCIMENTOR_2025-08-05_G29,10109794NASCIMENTOR,2025-08-05,117808,1,100,0,556.0
10109794NASCIMENTOR_2025-08-05_G30,10109794NASCIMENTOR,2025-08-05,117855,1,4,0,569.0
10109794NASCIMENTOR_2025-08-05_G31,10109794NASCIMENTOR,2025-08-05,111602,2,20,8,211.0
10109794NASCIMENTOR_2025-08-05_G32,10109794NASCIMENTOR,2025-08-05,117862,1,4,0,189.0
10109794NASCIMENTOR_2025-08-05_G33,10109794NASCIMENTOR,2025-08-05,117861,1,10,0,90.0
10109794NASCIMENTOR_2025-08-05_G34,10109794NASCIMENTOR,2025-08-05,117853,1,10,0,120.0
10109794NASCIMENTOR_2025-08-05_G35,10109794NASCIMENTOR,2025-08-05,110515,1,5,0,353.0
10109794NASCIMENTOR_2025-08-05_G36,10109794NASCIMENTOR,2025-08-05,118222,1,16,0,258.0
10109794NASCIMENTOR_2025-08-05_G37,10109794NASCIMENTOR,2025-08-05,111440,1,2,0,908.0
10109794NASCIMENTOR_2025-08-05_G38,10109794NASCIMENTOR,2025-08-05,117836,1,12,0,423.0
10109794NASCIMENTOR_2025-08-05_G39,10109794NASCIMENTOR,2025-08-05,117834,1,8,0,351.0
10109794NASCIMENTOR_2025-08-05_G40,10109794NASCIMENTOR,2025-08-05,118306,1,1,0,183.0
10109794NASCIMENTOR_2025-08-05_G41,10109794NASCIMENTOR,2025-08-05,107892,1,2,0,151.0
10109794NASCIMENTOR_2025-08-05_G42,10109794NASCIMENTOR,2025-08-05,111569,1,20,0,298.0
10109794NASCIMENTOR_2025-08-05_G43,10109794NASCIMENTOR,2025-08-05,111445,1,6,0,702.0
10109794NASCIMENTOR_2025-08-06_G02,10109794NASCIMENTOR,2025-08-06,111443,1,24,0,555.0
10109794NASCIMENTOR_2025-08-06_G03,10109794NASCIMENTOR,2025-08-06,140922,1,50,0,458.0
10109794NASCIMENTOR_2025-08-06_G04,10109794NASCIMENTOR,2025-08-06,110371,1,50,0,3527.0
10109794NASCIMENTOR_2025-08-06_G05,10109794NASCIMENTOR,2025-08-06,117809,1,20,0,616.0
10109794NASCIMENTOR_2025-08-06_G06,10109794NASCIMENTOR,2025-08-06,110376,1,2,0,86.0
10109794NASCIMENTOR_2025-08-06_G07,10109794NASCIMENTOR,2025-08-06,118299,1,200,0,787.0
10109794NASCIMENTOR_2025-08-06_G09,10109794NASCIMENTOR,2025-08-06,110752,1,83,0,602.0
10109794NASCIMENTOR_2025-08-06_G11,10109794NASCIMENTOR,2025-08-06,117853,1,18,0,227.0
10109794NASCIMENTOR_2025-08-07_G02,10109794NASCIMENTOR,2025-08-07,109643,1,22,0,1675.0
10109794NASCIMENTOR_2025-08-07_G04,10109794NASCIMENTOR,2025-08-07,118299,1,19,0,397.0
10109794NASCIMENTOR_2025-08-07_G05,10109794NASCIMENTOR,2025-08-07,107830,1,2,0,108.0
10109794NASCIMENTOR_2025-08-07_G06,10109794NASCIMENTOR,2025-08-07,110374,1,28,0,454.0
10109794NASCIMENTOR_2025-08-07_G07,10109794NASCIMENTOR,2025-08-07,117820,1,25,0,349.0
10109794NASCIMENTOR_2025-08-07_G08,10109794NASCIMENTOR,2025-08-07,117830,1,4,0,158.0
10109794NASCIMENTOR_2025-08-07_G09,10109794NASCIMENTOR,2025-08-07,117808,1,20,0,448.0
10109794NASCIMENTOR_2025-08-07_G10,10109794NASCIMENTOR,2025-08-07,110515,1,7,0,102.0
10109794NASCIMENTOR_2025-08-07_G11,10109794NASCIMENTOR,2025-08-07,117834,1,1,0,233.0
10109794NASCIMENTOR_2025-08-07_G12,10109794NASCIMENTOR,2025-08-07,111438,1,13,0,183.0
10109794NASCIMENTOR_2025-08-07_G13,10109794NASCIMENTOR,2025-08-07,111569,1,16,0,248.0
10109794NASCIMENTOR_2025-08-07_G14,10109794NASCIMENTOR,2025-08-07,110325,1,1,0,553.0
10109794NASCIMENTOR_2025-08-07_G15,10109794NASCIMENTOR,2025-08-07,141202,1,2,0,141.0
10109794NASCIMENTOR_2025-08-07_G16,10109794NASCIMENTOR,2025-08-07,110747,1,1,0,121.0
10109794NASCIMENTOR_2025-08-07_G17,10109794NASCIMENTOR,2025-08-07,140957,1,2,0,49.0
10109794NASCIMENTOR_2025-08-07_G18,10109794NASCIMENTOR,2025-08-07,118298,1,1,0,161.0
10109794NASCIMENTOR_2025-08-07_G19,10109794NASCIMENTOR,2025-08-07,117808,1,2,0,184.0
10109794NASCIMENTOR_2025-08-07_G20,10109794NASCIMENTOR,2025-08-07,118299,1,9,0,97.0
10109794NASCIMENTOR_2025-08-07_G21,10109794NASCIMENTOR,2025-08-07,110373,1,7,0,218.0
10109794NASCIMENTOR_2025-08-07_G22,10109794NASCIMENTOR,2025-08-07,117821,1,12,0,382.0
10109794NASCIMENTOR_2025-08-07_G23,10109794NASCIMENTOR,2025-08-07,111743,1,2,0,83.0
10109794NASCIMENTOR_2025-08-07_G24,10109794NASCIMENTOR,2025-08-07,111418,1,13,0,139.0
10109794NASCIMENTOR_2025-08-07_G25,10109794NASCIMENTOR,2025-08-07,111442,1,4,0,98.0
10109794NASCIMENTOR_2025-08-07_G26,10109794NASCIMENTOR,2025-08-07,110740,1,5,0,123.0
10109794NASCIMENTOR_2025-08-07_G27,10109794NASCIMENTOR,2025-08-07,118253,1,4,0,143.0
10109794NASCIMENTOR_2025-08-07_G28,10109794NASCIMENTOR,2025-08-07,111602,1,3,0,73.0
10109794NASCIMENTOR_2025-08-07_G29,10109794NASCIMENTOR,2025-08-07,110515,1,9,0,148.0
10109794NASCIMENTOR_2025-08-07_G30,10109794NASCIMENTOR,2025-08-07,117830,1,4,0,355.0
10109794NASCIMENTOR_2025-08-07_G31,10109794NASCIMENTOR,2025-08-07,118317,1,1,0,108.0
10109794NASCIMENTOR_2025-08-07_G32,10109794NASCIMENTOR,2025-08-07,141456,1,4,0,150.0
10109794NASCIMENTOR_2025-08-07_G33,10109794NASCIMENTOR,2025-08-07,140922,1,3,0,91.0
10109794NASCIMENTOR_2025-08-07_G34,10109794NASCIMENTOR,2025-08-07,110745,1,1,0,111.0
10109794NASCIMENTOR_2025-08-07_G35,10109794NASCIMENTOR,2025-08-07,117855,2,6,8,189.0
10109794NASCIMENTOR_2025-08-07_G36,10109794NASCIMENTOR,2025-08-07,117862,1,1,0,129.0
10109794NASCIMENTOR_2025-08-07_G37,10109794NASCIMENTOR,2025-08-07,117861,1,2,0,55.0
10109794NASCIMENTOR_2025-08-07_G38,10109794NASCIMENTOR,2025-08-07,140911,1,4,0,241.0
10109794NASCIMENTOR_2025-08-07_G39,10109794NASCIMENTOR,2025-08-07,111569,1,20,0,754.0
10109794NASCIMENTOR_2025-08-07_G40,10109794NASCIMENTOR,2025-08-07,111443,1,9,0,206.0
10109794NASCIMENTOR_2025-08-08_G02,10109794NASCIMENTOR,2025-08-08,110752,1,2,0,441.0
10109794NASCIMENTOR_2025-08-08_G03,10109794NASCIMENTOR,2025-08-08,110373,1,2,0,767.0
10109794NASCIMENTOR_2025-08-08_G04,10109794NASCIMENTOR,2025-08-08,110374,1,10,0,111.0
10109794NASCIMENTOR_2025-08-08_G05,10109794NASCIMENTOR,2025-08-08,111532,1,3,0,211.0
10109794NASCIMENTOR_2025-08-08_G06,10109794NASCIMENTOR,2025-08-08,110515,2,11,8,116.0
10109794NASCIMENTOR_2025-08-08_G07,10109794NASCIMENTOR,2025-08-08,110325,1,4,0,791.0
10109794NASCIMENTOR_2025-08-08_G08,10109794NASCIMENTOR,2025-08-08,110373,1,4,0,131.0
10109794NASCIMENTOR_2025-08-08_G09,10109794NASCIMENTOR,2025-08-08,110374,1,8,0,95.0
10109794NASCIMENTOR_2025-08-08_G10,10109794NASCIMENTOR,2025-08-08,"117830, 117820",2,10,29,95.0
10109794NASCIMENTOR_2025-08-08_G11,10109794NASCIMENTOR,2025-08-08,117820,1,132,0,165.0
10109794NASCIMENTOR_2025-08-08_G12,10109794NASCIMENTOR,2025-08-08,117808,1,546,0,1179.0
10109794NASCIMENTOR_2025-08-08_G13,10109794NASCIMENTOR,2025-08-08,118299,1,40,0,877.0
10109794NASCIMENTOR_2025-08-08_G14,10109794NASCIMENTOR,2025-08-08,110325,1,10,0,2419.0
10109794NASCIMENTOR_2025-08-08_G15,10109794NASCIMENTOR,2025-08-08,107830,1,17,0,177.0
10109794NASCIMENTOR_2025-08-08_G16,10109794NASCIMENTOR,2025-08-08,118299,1,300,0,991.0
10109794NASCIMENTOR_2025-08-08_G17,10109794NASCIMENTOR,2025-08-08,110373,1,100,0,78.0
10109794NASCIMENTOR_2025-08-08_G19,10109794NASCIMENTOR,2025-08-08,117834,1,4,0,113.0
10109794NASCIMENTOR_2025-08-08_G20,10109794NASCIMENTOR,2025-08-08,100334,1,4,0,77.0
10109794NASCIMENTOR_2025-08-08_G21,10109794NASCIMENTOR,2025-08-08,110742,1,4,0,404.0
10109794NASCIMENTOR_2025-08-08_G22,10109794NASCIMENTOR,2025-08-08,117835,1,10,0,216.0
10109794NASCIMENTOR_2025-08-08_G23,10109794NASCIMENTOR,2025-08-08,118222,1,33,0,573.0
10109794NASCIMENTOR_2025-08-08_G24,10109794NASCIMENTOR,2025-08-08,111445,1,8,0,887.0
10109794NASCIMENTOR_2025-08-08_G25,10109794NASCIMENTOR,2025-08-08,111438,1,19,0,569.0
10109794NASCIMENTOR_2025-08-08_G26,10109794NASCIMENTOR,2025-08-08,118222,1,4,0,1874.0
10109794NASCIMENTOR_2025-08-08_G27,10109794NASCIMENTOR,2025-08-08,110515,1,20,0,286.0
10109794NASCIMENTOR_2025-08-08_G28,10109794NASCIMENTOR,2025-08-08,141458,1,4,0,158.0
10109794NASCIMENTOR_2025-08-08_G29,10109794NASCIMENTOR,2025-08-08,111467,1,12,0,288.0
10109794NASCIMENTOR_2025-08-08_G30,10109794NASCIMENTOR,2025-08-08,110515,1,20,0,62.0
10109794NASCIMENTOR_2025-08-08_G31,10109794NASCIMENTOR,2025-08-08,118222,1,4,0,452.0
10109794NASCIMENTOR_2025-08-08_G32,10109794NASCIMENTOR,2025-08-08,141458,1,4,0,458.0
10109794NASCIMENTOR_2025-08-08_G33,10109794NASCIMENTOR,2025-08-08,105705,1,4,0,131.0
10109794NASCIMENTOR_2025-08-08_G34,10109794NASCIMENTOR,2025-08-08,117821,1,10,0,214.0
10109794NASCIMENTOR_2025-08-08_G35,10109794NASCIMENTOR,2025-08-08,110371,1,20,0,173.0
10109794NASCIMENTOR_2025-08-08_G36,10109794NASCIMENTOR,2025-08-08,118222,1,4,0,320.0
10109794NASCIMENTOR_2025-08-08_G37,10109794NASCIMENTOR,2025-08-08,111418,1,60,0,1295.0
10109794NASCIMENTOR_2025-08-09_G02,10109794NASCIMENTOR,2025-08-09,141458,1,4,0,87.0
10109794NASCIMENTOR_2025-08-09_G03,10109794NASCIMENTOR,2025-08-09,141458,1,4,0,59.0
10109794NASCIMENTOR_2025-08-09_G04,10109794NASCIMENTOR,2025-08-09,107830,1,2,0,173.0
10109794NASCIMENTOR_2025-08-09_G05,10109794NASCIMENTOR,2025-08-09,110371,1,30,0,222.0
10109794NASCIMENTOR_2025-08-09_G06,10109794NASCIMENTOR,2025-08-09,105705,1,4,0,315.0
10109794NASCIMENTOR_2025-08-09_G07,10109794NASCIMENTOR,2025-08-09,111348,1,4,0,58.0
10109794NASCIMENTOR_2025-08-09_G08,10109794NASCIMENTOR,2025-08-09,107830,1,50,0,384.0
10109794NASCIMENTOR_2025-08-09_G09,10109794NASCIMENTOR,2025-08-09,111418,1,60,0,232.0
10109794NASCIMENTOR_2025-08-09_G10,10109794NASCIMENTOR,2025-08-09,141458,1,30,0,737.0
10109794NASCIMENTOR_2025-08-09_G11,10109794NASCIMENTOR,2025-08-09,111467,1,12,0,180.0
10109794NASCIMENTOR_2025-08-09_G12,10109794NASCIMENTOR,2025-08-09,118222,1,4,0,121.0
10109794NASCIMENTOR_2025-08-09_G13,10109794NASCIMENTOR,2025-08-09,105705,1,4,0,306.0
10109794NASCIMENTOR_2025-08-09_G14,10109794NASCIMENTOR,2025-08-09,141458,1,4,0,103.0
10109794NASCIMENTOR_2025-08-09_G15,10109794NASCIMENTOR,2025-08-09,118222,1,4,0,46.0
10109794NASCIMENTOR_2025-08-09_G16,10109794NASCIMENTOR,2025-08-09,117861,1,40,0,319.0
10109794NASCIMENTOR_2025-08-09_G17,10109794NASCIMENTOR,2025-08-09,141458,1,4,0,532.0
10109794NASCIMENTOR_2025-08-09_G18,10109794NASCIMENTOR,2025-08-09,110515,1,20,0,204.0
10109794NASCIMENTOR_2025-08-09_G19,10109794NASCIMENTOR,2025-08-09,110371,1,30,0,268.0
10109794NASCIMENTOR_2025-08-09_G20,10109794NASCIMENTOR,2025-08-09,117820,1,40,0,126.0
10109794NASCIMENTOR_2025-08-09_G21,10109794NASCIMENTOR,2025-08-09,111467,1,12,0,305.0
10109794NASCIMENTOR_2025-08-09_G22,10109794NASCIMENTOR,2025-08-09,110515,1,20,0,46.0
10109794NASCIMENTOR_2025-08-09_G23,10109794NASCIMENTOR,2025-08-09,118222,1,4,0,348.0
10109794NASCIMENTOR_2025-08-09_G24,10109794NASCIMENTOR,2025-08-09,111467,1,12,0,323.0
10109794NASCIMENTOR_2025-08-09_G25,10109794NASCIMENTOR,2025-08-09,110515,1,20,0,60.0
10109794NASCIMENTOR_2025-08-09_G26,10109794NASCIMENTOR,2025-08-09,105705,1,4,0,387.0
10109794NASCIMENTOR_2025-08-09_G27,10109794NASCIMENTOR,2025-08-09,"141458, 110332",2,8,7,137.0
10109794NASCIMENTOR_2025-08-09_G28,10109794NASCIMENTOR,2025-08-09,141456,1,30,0,109.0
10109794NASCIMENTOR_2025-08-09_G29,10109794NASCIMENTOR,2025-08-09,111418,1,60,0,373.0
10109794NASCIMENTOR_2025-08-10_G02,10109794NASCIMENTOR,2025-08-10,117809,1,30,0,318.0
10109794NASCIMENTOR_2025-08-10_G03,10109794NASCIMENTOR,2025-08-10,107830,1,8,0,301.0
10109794NASCIMENTOR_2025-08-10_G04,10109794NASCIMENTOR,2025-08-10,118281,1,8,0,316.0
10109794NASCIMENTOR_2025-08-10_G05,10109794NASCIMENTOR,2025-08-10,110374,1,100,0,675.0
10109794NASCIMENTOR_2025-08-10_G06,10109794NASCIMENTOR,2025-08-10,117808,1,700,0,1505.0
10109794NASCIMENTOR_2025-08-10_G07,10109794NASCIMENTOR,2025-08-10,141202,1,20,0,491.0
10109794NASCIMENTOR_2025-08-10_G08,10109794NASCIMENTOR,2025-08-10,110741,1,10,0,1223.0
10109794NASCIMENTOR_2025-08-10_G09,10109794NASCIMENTOR,2025-08-10,117855,1,20,0,118.0
10109794NASCIMENTOR_2025-08-10_G10,10109794NASCIMENTOR,2025-08-10,117862,1,28,0,388.0
10109794NASCIMENTOR_2025-08-10_G11,10109794NASCIMENTOR,2025-08-10,110339,1,12,0,97.0
10109794NASCIMENTOR_2025-08-10_G12,10109794NASCIMENTOR,2025-08-10,118094,1,28,0,511.0
10109794NASCIMENTOR_2025-08-10_G13,10109794NASCIMENTOR,2025-08-10,117853,1,20,0,283.0
10109794NASCIMENTOR_2025-08-10_G14,10109794NASCIMENTOR,2025-08-10,141047,1,12,0,467.0
10109794NASCIMENTOR_2025-08-10_G15,10109794NASCIMENTOR,2025-08-10,111467,1,20,0,334.0
10109794NASCIMENTOR_2025-08-10_G16,10109794NASCIMENTOR,2025-08-10,110752,1,12,0,222.0
10109794NASCIMENTOR_2025-08-11_G02,10109794NASCIMENTOR,2025-08-11,107888,1,3,0,253.0
10109794NASCIMENTOR_2025-08-11_G03,10109794NASCIMENTOR,2025-08-11,118253,1,3,0,192.0
10109794NASCIMENTOR_2025-08-11_G04,10109794NASCIMENTOR,2025-08-11,118283,1,8,0,103.0
10109794NASCIMENTOR_2025-08-11_G05,10109794NASCIMENTOR,2025-08-11,100334,1,8,0,175.0
10109794NASCIMENTOR_2025-08-11_G06,10109794NASCIMENTOR,2025-08-11,118280,1,20,0,201.0
10109794NASCIMENTOR_2025-08-11_G07,10109794NASCIMENTOR,2025-08-11,114102,1,4,0,90.0
10109794NASCIMENTOR_2025-08-11_G08,10109794NASCIMENTOR,2025-08-11,107892,1,18,0,247.0
10109794NASCIMENTOR_2025-08-11_G09,10109794NASCIMENTOR,2025-08-11,110755,1,12,0,166.0
10109794NASCIMENTOR_2025-08-11_G10,10109794NASCIMENTOR,2025-08-11,111438,1,10,0,217.0
10109794NASCIMENTOR_2025-08-11_G11,10109794NASCIMENTOR,2025-08-11,111705,1,2,0,235.0
10109794NASCIMENTOR_2025-08-11_G12,10109794NASCIMENTOR,2025-08-11,111792,1,1,0,490.0
10109794NASCIMENTOR_2025-08-11_G13,10109794NASCIMENTOR,2025-08-11,110515,1,20,0,531.0
10109794NASCIMENTOR_2025-08-11_G14,10109794NASCIMENTOR,2025-08-11,110742,1,7,0,212.0
10109794NASCIMENTOR_2025-08-11_G15,10109794NASCIMENTOR,2025-08-11,111569,1,10,0,231.0
10109794NASCIMENTOR_2025-08-11_G16,10109794NASCIMENTOR,2025-08-11,111532,1,50,0,2751.0
10109794NASCIMENTOR_2025-08-11_G17,10109794NASCIMENTOR,2025-08-11,117821,1,12,0,404.0
10109794NASCIMENTOR_2025-08-11_G18,10109794NASCIMENTOR,2025-08-11,140922,1,5,0,335.0
10109794NASCIMENTOR_2025-08-11_G19,10109794NASCIMENTOR,2025-08-11,111743,1,4,0,748.0
10109794NASCIMENTOR_2025-08-11_G20,10109794NASCIMENTOR,2025-08-11,111182,1,4,0,74.0
10109794NASCIMENTOR_2025-08-11_G21,10109794NASCIMENTOR,2025-08-11,117831,1,4,0,74.0
10109794NASCIMENTOR_2025-08-11_G22,10109794NASCIMENTOR,2025-08-11,118317,1,8,0,154.0
10109794NASCIMENTOR_2025-08-11_G23,10109794NASCIMENTOR,2025-08-11,111469,1,2,0,534.0
10109794NASCIMENTOR_2025-08-11_G24,10109794NASCIMENTOR,2025-08-11,110740,1,5,0,68.0
10109794NASCIMENTOR_2025-08-11_G25,10109794NASCIMENTOR,2025-08-11,111444,1,6,0,196.0
10109794NASCIMENTOR_2025-08-11_G26,10109794NASCIMENTOR,2025-08-11,111418,1,30,0,231.0
10109794NASCIMENTOR_2025-08-11_G27,10109794NASCIMENTOR,2025-08-11,117785,1,80,0,360.0
10109794NASCIMENTOR_2025-08-11_G29,10109794NASCIMENTOR,2025-08-11,160051,1,4,0,370.0
10109794NASCIMENTOR_2025-08-11_G30,10109794NASCIMENTOR,2025-08-11,141202,1,40,0,538.0
10109794NASCIMENTOR_2025-08-11_G31,10109794NASCIMENTOR,2025-08-11,111602,1,32,0,953.0
10109794NASCIMENTOR_2025-08-11_G32,10109794NASCIMENTOR,2025-08-11,117786,1,17,0,471.0
10109794NASCIMENTOR_2025-08-11_G33,10109794NASCIMENTOR,2025-08-11,110581,1,2,0,60.0
10109794NASCIMENTOR_2025-08-11_G34,10109794NASCIMENTOR,2025-08-11,109647,1,6,0,143.0
10109794NASCIMENTOR_2025-08-11_G35,10109794NASCIMENTOR,2025-08-11,118289,1,4,0,119.0
10109794NASCIMENTOR_2025-08-11_G36,10109794NASCIMENTOR,2025-08-11,118222,1,180,0,966.0
10109794NASCIMENTOR_2025-08-11_G37,10109794NASCIMENTOR,2025-08-11,118283,1,10,0,933.0
10109794NASCIMENTOR_2025-08-11_G38,10109794NASCIMENTOR,2025-08-11,111356,1,1,0,71.0
10109794NASCIMENTOR_2025-08-11_G39,10109794NASCIMENTOR,2025-08-11,117835,1,5,0,166.0
10109794NASCIMENTOR_2025-08-11_G40,10109794NASCIMENTOR,2025-08-11,118253,1,4,0,137.0
10109794NASCIMENTOR_2025-08-11_G41,10109794NASCIMENTOR,2025-08-11,111442,1,8,0,1697.0
10109794NASCIMENTOR_2025-08-11_G42,10109794NASCIMENTOR,2025-08-11,141457,1,42,0,148.0
10109794NASCIMENTOR_2025-08-11_G43,10109794NASCIMENTOR,2025-08-11,117832,1,2,0,1483.0
10109794NASCIMENTOR_2025-08-11_G44,10109794NASCIMENTOR,2025-08-11,110371,1,9,0,79.0
10109794NASCIMENTOR_2025-08-11_G45,10109794NASCIMENTOR,2025-08-11,118299,1,8,0,164.0
10109794NASCIMENTOR_2025-08-11_G46,10109794NASCIMENTOR,2025-08-11,110374,1,2,0,126.0
10109794NASCIMENTOR_2025-08-12_G02,10109794NASCIMENTOR,2025-08-12,111569,1,4,0,143.0
10109794NASCIMENTOR_2025-08-12_G03,10109794NASCIMENTOR,2025-08-12,117855,1,2,0,775.0
10109794NASCIMENTOR_2025-08-12_G04,10109794NASCIMENTOR,2025-08-12,111876,1,4,0,224.0
10109794NASCIMENTOR_2025-08-12_G05,10109794NASCIMENTOR,2025-08-12,111602,1,2,0,76.0
10109794NASCIMENTOR_2025-08-12_G06,10109794NASCIMENTOR,2025-08-12,118094,1,2,0,80.0
10109794NASCIMENTOR_2025-08-12_G07,10109794NASCIMENTOR,2025-08-12,111467,1,2,0,113.0
10109794NASCIMENTOR_2025-08-12_G08,10109794NASCIMENTOR,2025-08-12,111532,2,12,12,2159.0
10109794NASCIMENTOR_2025-08-12_G09,10109794NASCIMENTOR,2025-08-12,105705,1,4,0,168.0
10109794NASCIMENTOR_2025-08-12_G10,10109794NASCIMENTOR,2025-08-12,140922,2,3,8,47.0
10109794NASCIMENTOR_2025-08-12_G11,10109794NASCIMENTOR,2025-08-12,111348,1,2,0,97.0
10109794NASCIMENTOR_2025-08-12_G12,10109794NASCIMENTOR,2025-08-12,111465,1,6,0,226.0
10109794NASCIMENTOR_2025-08-12_G13,10109794NASCIMENTOR,2025-08-12,117787,1,1,0,129.0
10109794NASCIMENTOR_2025-08-12_G14,10109794NASCIMENTOR,2025-08-12,111431,1,4,0,137.0
10109794NASCIMENTOR_2025-08-12_G15,10109794NASCIMENTOR,2025-08-12,141456,1,4,0,87.0
10109794NASCIMENTOR_2025-08-12_G16,10109794NASCIMENTOR,2025-08-12,111468,1,1,0,50.0
10109794NASCIMENTOR_2025-08-12_G17,10109794NASCIMENTOR,2025-08-12,117831,1,4,0,81.0
10109794NASCIMENTOR_2025-08-12_G18,10109794NASCIMENTOR,2025-08-12,117785,1,12,0,171.0
10109794NASCIMENTOR_2025-08-12_G19,10109794NASCIMENTOR,2025-08-12,118317,1,1,0,63.0
10109794NASCIMENTOR_2025-08-12_G20,10109794NASCIMENTOR,2025-08-12,111433,1,1,0,73.0
10109794NASCIMENTOR_2025-08-12_G21,10109794NASCIMENTOR,2025-08-12,108794,1,1,0,209.0
10109794NASCIMENTOR_2025-08-12_G22,10109794NASCIMENTOR,2025-08-12,141823,1,3,0,80.0
10109794NASCIMENTOR_2025-08-12_G23,10109794NASCIMENTOR,2025-08-12,111418,1,35,0,714.0
10109794NASCIMENTOR_2025-08-12_G24,10109794NASCIMENTOR,2025-08-12,111418,1,16,0,59.0
10109794NASCIMENTOR_2025-08-12_G25,10109794NASCIMENTOR,2025-08-12,"141458, 110740",2,6,19,187.0
10109794NASCIMENTOR_2025-08-12_G26,10109794NASCIMENTOR,2025-08-12,117862,2,14,7,641.0
10109794NASCIMENTOR_2025-08-12_G27,10109794NASCIMENTOR,2025-08-12,111602,1,3,0,87.0
10109794NASCIMENTOR_2025-08-12_G28,10109794NASCIMENTOR,2025-08-12,118094,1,2,0,160.0
10109794NASCIMENTOR_2025-08-12_G29,10109794NASCIMENTOR,2025-08-12,117853,2,6,9,415.0
10109794NASCIMENTOR_2025-08-12_G30,10109794NASCIMENTOR,2025-08-12,109640,1,4,0,209.0
10109794NASCIMENTOR_2025-08-12_G31,10109794NASCIMENTOR,2025-08-12,111467,2,7,8,84.0
10109794NASCIMENTOR_2025-08-12_G32,10109794NASCIMENTOR,2025-08-12,"110515, 117855",2,5,18,282.0
10109794NASCIMENTOR_2025-08-12_G34,10109794NASCIMENTOR,2025-08-12,117808,1,400,0,842.0
10109794NASCIMENTOR_2025-08-12_G35,10109794NASCIMENTOR,2025-08-12,118299,1,100,0,1082.0
10109794NASCIMENTOR_2025-08-12_G36,10109794NASCIMENTOR,2025-08-12,110371,1,100,0,385.0
10109794NASCIMENTOR_2025-08-12_G37,10109794NASCIMENTOR,2025-08-12,117820,1,100,0,207.0
10109794NASCIMENTOR_2025-08-12_G38,10109794NASCIMENTOR,2025-08-12,117840,1,4,0,398.0
10109794NASCIMENTOR_2025-08-12_G39,10109794NASCIMENTOR,2025-08-12,110373,1,150,0,1430.0
10109794NASCIMENTOR_2025-08-12_G40,10109794NASCIMENTOR,2025-08-12,117855,1,4,0,252.0
10109794NASCIMENTOR_2025-08-12_G41,10109794NASCIMENTOR,2025-08-12,117862,1,8,0,69.0
10109794NASCIMENTOR_2025-08-12_G42,10109794NASCIMENTOR,2025-08-12,111876,1,4,0,60.0
10109794NASCIMENTOR_2025-08-12_G43,10109794NASCIMENTOR,2025-08-12,118298,1,4,0,84.0
10109794NASCIMENTOR_2025-08-12_G44,10109794NASCIMENTOR,2025-08-12,109640,2,15,8,60.0
10109794NASCIMENTOR_2025-08-12_G45,10109794NASCIMENTOR,2025-08-12,111530,1,30,0,420.0
10109794NASCIMENTOR_2025-08-12_G46,10109794NASCIMENTOR,2025-08-12,110742,1,4,0,296.0
10109794NASCIMENTOR_2025-08-12_G47,10109794NASCIMENTOR,2025-08-12,118250,1,2,0,309.0
10109794NASCIMENTOR_2025-08-12_G48,10109794NASCIMENTOR,2025-08-12,"111430, 118222",2,24,19,461.0
10109794NASCIMENTOR_2025-08-12_G49,10109794NASCIMENTOR,2025-08-12,118222,2,25,7,778.0
10109794NASCIMENTOR_2025-08-12_G50,10109794NASCIMENTOR,2025-08-12,110742,1,13,0,291.0
10109794NASCIMENTOR_2025-08-12_G51,10109794NASCIMENTOR,2025-08-12,107888,1,4,0,360.0
10109794NASCIMENTOR_2025-08-12_G52,10109794NASCIMENTOR,2025-08-12,109933,1,1,0,203.0
10109794NASCIMENTOR_2025-08-13_G02,10109794NASCIMENTOR,2025-08-13,118253,1,4,0,217.0
10109794NASCIMENTOR_2025-08-13_G03,10109794NASCIMENTOR,2025-08-13,110749,1,4,0,90.0
10109794NASCIMENTOR_2025-08-13_G04,10109794NASCIMENTOR,2025-08-13,118306,1,4,0,133.0
10109794NASCIMENTOR_2025-08-13_G05,10109794NASCIMENTOR,2025-08-13,117835,1,2,0,85.0
10109794NASCIMENTOR_2025-08-13_G06,10109794NASCIMENTOR,2025-08-13,111660,1,2,0,93.0
10109794NASCIMENTOR_2025-08-13_G07,10109794NASCIMENTOR,2025-08-13,100334,1,30,0,461.0
10109794NASCIMENTOR_2025-08-13_G08,10109794NASCIMENTOR,2025-08-13,111438,1,14,0,250.0
10109794NASCIMENTOR_2025-08-13_G09,10109794NASCIMENTOR,2025-08-13,111569,1,16,0,166.0
10109794NASCIMENTOR_2025-08-13_G10,10109794NASCIMENTOR,2025-08-13,107892,1,8,0,85.0
10109794NASCIMENTOR_2025-08-13_G11,10109794NASCIMENTOR,2025-08-13,118224,1,32,0,309.0
10109794NASCIMENTOR_2025-08-13_G12,10109794NASCIMENTOR,2025-08-13,110747,1,12,0,629.0
10109794NASCIMENTOR_2025-08-13_G13,10109794NASCIMENTOR,2025-08-13,118299,1,968,0,1159.0
10109794NASCIMENTOR_2025-08-13_G14,10109794NASCIMENTOR,2025-08-13,111602,1,41,0,1001.0
10109794NASCIMENTOR_2025-08-13_G15,10109794NASCIMENTOR,2025-08-13,111888,1,2,0,358.0
10109794NASCIMENTOR_2025-08-13_G16,10109794NASCIMENTOR,2025-08-13,109643,1,8,0,809.0
10109794NASCIMENTOR_2025-08-13_G17,10109794NASCIMENTOR,2025-08-13,110375,1,1,0,165.0
10109794NASCIMENTOR_2025-08-13_G18,10109794NASCIMENTOR,2025-08-13,111348,1,7,0,517.0
10109794NASCIMENTOR_2025-08-13_G19,10109794NASCIMENTOR,2025-08-13,111469,1,16,0,249.0
10109794NASCIMENTOR_2025-08-13_G20,10109794NASCIMENTOR,2025-08-13,111433,1,50,0,271.0
10109794NASCIMENTOR_2025-08-13_G21,10109794NASCIMENTOR,2025-08-13,110741,1,8,0,697.0
10109794NASCIMENTOR_2025-08-13_G22,10109794NASCIMENTOR,2025-08-13,111650,1,12,0,116.0
10109794NASCIMENTOR_2025-08-13_G23,10109794NASCIMENTOR,2025-08-13,111467,1,12,0,200.0
10109794NASCIMENTOR_2025-08-13_G24,10109794NASCIMENTOR,2025-08-13,110750,1,24,0,373.0
10109794NASCIMENTOR_2025-08-13_G25,10109794NASCIMENTOR,2025-08-13,110756,1,18,0,340.0
10109794NASCIMENTOR_2025-08-13_G27,10109794NASCIMENTOR,2025-08-13,141313,1,2,0,91.0
10109794NASCIMENTOR_2025-08-13_G28,10109794NASCIMENTOR,2025-08-13,117832,1,1,0,220.0
10109794NASCIMENTOR_2025-08-13_G29,10109794NASCIMENTOR,2025-08-13,110325,1,1,0,100.0
10109794NASCIMENTOR_2025-08-13_G30,10109794NASCIMENTOR,2025-08-13,117820,1,10,0,94.0
10109794NASCIMENTOR_2025-08-13_G31,10109794NASCIMENTOR,2025-08-13,110373,1,1,0,110.0
10109794NASCIMENTOR_2025-08-13_G32,10109794NASCIMENTOR,2025-08-13,117808,1,31,0,36.0
10109794NASCIMENTOR_2025-08-13_G33,10109794NASCIMENTOR,2025-08-13,118299,1,6,0,548.0
10109794NASCIMENTOR_2025-08-13_G34,10109794NASCIMENTOR,2025-08-13,110740,1,2,0,583.0
10109794NASCIMENTOR_2025-08-13_G35,10109794NASCIMENTOR,2025-08-13,117821,1,4,0,149.0
10109794NASCIMENTOR_2025-08-13_G36,10109794NASCIMENTOR,2025-08-13,117862,1,8,0,226.0
10109794NASCIMENTOR_2025-08-13_G37,10109794NASCIMENTOR,2025-08-13,118094,1,3,0,83.0
10109794NASCIMENTOR_2025-08-13_G38,10109794NASCIMENTOR,2025-08-13,110733,1,1,0,74.0
10109794NASCIMENTOR_2025-08-13_G39,10109794NASCIMENTOR,2025-08-13,110515,1,4,0,59.0
10109794NASCIMENTOR_2025-08-13_G40,10109794NASCIMENTOR,2025-08-13,140911,1,8,0,359.0
10109794NASCIMENTOR_2025-08-13_G41,10109794NASCIMENTOR,2025-08-13,111532,1,8,0,119.0
10109794NASCIMENTOR_2025-08-13_G42,10109794NASCIMENTOR,2025-08-13,"111530, 111532, 109640",3,12,37,31.0
10109794NASCIMENTOR_2025-08-13_G43,10109794NASCIMENTOR,2025-08-13,108794,1,2,0,849.0
10109794NASCIMENTOR_2025-08-13_G44,10109794NASCIMENTOR,2025-08-13,111330,1,8,0,325.0
10109794NASCIMENTOR_2025-08-13_G45,10109794NASCIMENTOR,2025-08-13,117820,1,15,0,197.0
10109794NASCIMENTOR_2025-08-13_G46,10109794NASCIMENTOR,2025-08-13,110374,1,3,0,102.0
10109794NASCIMENTOR_2025-08-13_G47,10109794NASCIMENTOR,2025-08-13,117808,1,6,0,204.0
10109794NASCIMENTOR_2025-08-13_G48,10109794NASCIMENTOR,2025-08-13,118299,1,8,0,66.0
10109794NASCIMENTOR_2025-08-13_G49,10109794NASCIMENTOR,2025-08-13,118320,1,2,0,209.0
10109794NASCIMENTOR_2025-08-13_G50,10109794NASCIMENTOR,2025-08-13,141370,1,2,0,121.0
10109794NASCIMENTOR_2025-08-13_G51,10109794NASCIMENTOR,2025-08-13,110325,1,6,0,929.0
10109794NASCIMENTOR_2025-08-13_G52,10109794NASCIMENTOR,2025-08-13,117820,1,14,0,95.0
10109794NASCIMENTOR_2025-08-13_G53,10109794NASCIMENTOR,2025-08-13,117830,2,11,9,134.0
10109794NASCIMENTOR_2025-08-13_G54,10109794NASCIMENTOR,2025-08-13,108711,1,4,0,217.0
10109794NASCIMENTOR_2025-08-13_G55,10109794NASCIMENTOR,2025-08-13,117833,2,13,8,121.0
10109794NASCIMENTOR_2025-08-13_G56,10109794NASCIMENTOR,2025-08-13,111468,1,4,0,140.0
10109794NASCIMENTOR_2025-08-13_G57,10109794NASCIMENTOR,2025-08-13,117785,1,29,0,166.0
10109794NASCIMENTOR_2025-08-13_G58,10109794NASCIMENTOR,2025-08-13,118317,1,4,0,487.0
10109794NASCIMENTOR_2025-08-13_G59,10109794NASCIMENTOR,2025-08-13,111465,1,4,0,84.0
10109794NASCIMENTOR_2025-08-13_G60,10109794NASCIMENTOR,2025-08-13,117855,2,4,7,186.0
10109794NASCIMENTOR_2025-08-13_G61,10109794NASCIMENTOR,2025-08-13,110515,1,16,0,158.0
10109794NASCIMENTOR_2025-08-14_G02,10109794NASCIMENTOR,2025-08-14,117832,1,4,0,123.0
10109794NASCIMENTOR_2025-08-14_G03,10109794NASCIMENTOR,2025-08-14,117809,1,12,0,229.0
10109794NASCIMENTOR_2025-08-14_G04,10109794NASCIMENTOR,2025-08-14,"110371, 117820",2,21,11,198.0
10109794NASCIMENTOR_2025-08-14_G05,10109794NASCIMENTOR,2025-08-14,110375,1,10,0,282.0
10109794NASCIMENTOR_2025-08-14_G06,10109794NASCIMENTOR,2025-08-14,110373,1,12,0,259.0
10109794NASCIMENTOR_2025-08-14_G07,10109794NASCIMENTOR,2025-08-14,117808,1,24,0,219.0
10109794NASCIMENTOR_2025-08-14_G08,10109794NASCIMENTOR,2025-08-14,118299,1,12,0,653.0
10109794NASCIMENTOR_2025-08-14_G09,10109794NASCIMENTOR,2025-08-14,117830,1,2,0,35.0
10109794NASCIMENTOR_2025-08-14_G10,10109794NASCIMENTOR,2025-08-14,110755,1,2,0,278.0
10109794NASCIMENTOR_2025-08-14_G11,10109794NASCIMENTOR,2025-08-14,110747,1,4,0,119.0
10109794NASCIMENTOR_2025-08-14_G12,10109794NASCIMENTOR,2025-08-14,111569,1,3,0,95.0
10109794NASCIMENTOR_2025-08-14_G13,10109794NASCIMENTOR,2025-08-14,107892,1,2,0,92.0
10109794NASCIMENTOR_2025-08-14_G14,10109794NASCIMENTOR,2025-08-14,110754,1,2,0,66.0
10109794NASCIMENTOR_2025-08-14_G15,10109794NASCIMENTOR,2025-08-14,117965,1,4,0,1262.0
10109794NASCIMENTOR_2025-08-14_G16,10109794NASCIMENTOR,2025-08-14,110741,1,7,0,233.0
10109794NASCIMENTOR_2025-08-14_G17,10109794NASCIMENTOR,2025-08-14,107629,1,1,0,98.0
10109794NASCIMENTOR_2025-08-14_G18,10109794NASCIMENTOR,2025-08-14,117786,1,6,0,111.0
10109794NASCIMENTOR_2025-08-14_G19,10109794NASCIMENTOR,2025-08-14,118094,1,14,0,169.0
10109794NASCIMENTOR_2025-08-14_G20,10109794NASCIMENTOR,2025-08-14,109647,1,2,0,250.0
10109794NASCIMENTOR_2025-08-14_G21,10109794NASCIMENTOR,2025-08-14,111602,1,12,0,135.0
10109794NASCIMENTOR_2025-08-14_G22,10109794NASCIMENTOR,2025-08-14,110339,1,2,0,777.0
10109794NASCIMENTOR_2025-08-14_G23,10109794NASCIMENTOR,2025-08-14,111467,1,2,0,111.0
10109794NASCIMENTOR_2025-08-14_G24,10109794NASCIMENTOR,2025-08-14,110515,1,7,0,146.0
10109794NASCIMENTOR_2025-08-14_G25,10109794NASCIMENTOR,2025-08-14,117837,1,6,0,137.0
10109794NASCIMENTOR_2025-08-14_G27,10109794NASCIMENTOR,2025-08-14,117830,1,180,0,749.0
10109794NASCIMENTOR_2025-08-14_G28,10109794NASCIMENTOR,2025-08-14,110371,1,330,0,1010.0
10109794NASCIMENTOR_2025-08-14_G29,10109794NASCIMENTOR,2025-08-14,141456,1,100,0,276.0
10109794NASCIMENTOR_2025-08-14_G30,10109794NASCIMENTOR,2025-08-14,117831,1,160,0,765.0
10109794NASCIMENTOR_2025-08-14_G31,10109794NASCIMENTOR,2025-08-14,141457,1,58,0,152.0
10109794NASCIMENTOR_2025-08-14_G32,10109794NASCIMENTOR,2025-08-14,109643,1,20,0,2422.0
10109794NASCIMENTOR_2025-08-14_G33,10109794NASCIMENTOR,2025-08-14,117832,1,32,0,100.0
10109794NASCIMENTOR_2025-08-14_G34,10109794NASCIMENTOR,2025-08-14,110325,1,40,0,155.0
10109794NASCIMENTOR_2025-08-14_G35,10109794NASCIMENTOR,2025-08-14,110373,1,100,0,139.0
10109794NASCIMENTOR_2025-08-14_G36,10109794NASCIMENTOR,2025-08-14,117808,1,600,0,1228.0
10109794NASCIMENTOR_2025-08-15_G02,10109794NASCIMENTOR,2025-08-15,117830,1,33,0,208.0
10109794NASCIMENTOR_2025-08-15_G03,10109794NASCIMENTOR,2025-08-15,118299,1,200,0,492.0
10109794NASCIMENTOR_2025-08-15_G04,10109794NASCIMENTOR,2025-08-15,111418,1,100,0,490.0
10109794NASCIMENTOR_2025-08-15_G05,10109794NASCIMENTOR,2025-08-15,111532,1,16,0,446.0
10109794NASCIMENTOR_2025-08-15_G06,10109794NASCIMENTOR,2025-08-15,108794,1,18,0,138.0
10109794NASCIMENTOR_2025-08-15_G07,10109794NASCIMENTOR,2025-08-15,111465,1,14,0,217.0
10109794NASCIMENTOR_2025-08-15_G08,10109794NASCIMENTOR,2025-08-15,111330,1,12,0,145.0
10109794NASCIMENTOR_2025-08-15_G09,10109794NASCIMENTOR,2025-08-15,117785,1,60,0,734.0
10109794NASCIMENTOR_2025-08-15_G10,10109794NASCIMENTOR,2025-08-15,141458,1,50,0,189.0
10109794NASCIMENTOR_2025-08-15_G11,10109794NASCIMENTOR,2025-08-15,109643,1,2,0,2855.0
10109794NASCIMENTOR_2025-08-15_G12,10109794NASCIMENTOR,2025-08-15,117832,1,1,0,41.0
10109794NASCIMENTOR_2025-08-15_G13,10109794NASCIMENTOR,2025-08-15,117808,1,19,0,117.0
10109794NASCIMENTOR_2025-08-15_G14,10109794NASCIMENTOR,2025-08-15,110325,1,2,0,97.0
10109794NASCIMENTOR_2025-08-15_G15,10109794NASCIMENTOR,2025-08-15,117809,1,2,0,75.0
10109794NASCIMENTOR_2025-08-15_G16,10109794NASCIMENTOR,2025-08-15,110373,1,13,0,634.0
10109794NASCIMENTOR_2025-08-15_G17,10109794NASCIMENTOR,2025-08-15,"118299, 117830",2,14,24,288.0
10109794NASCIMENTOR_2025-08-15_G18,10109794NASCIMENTOR,2025-08-15,118290,1,1,0,193.0
10109794NASCIMENTOR_2025-08-15_G19,10109794NASCIMENTOR,2025-08-15,"111463, 111330",2,18,29,765.0
10109794NASCIMENTOR_2025-08-15_G20,10109794NASCIMENTOR,2025-08-15,111330,1,2,0,42.0
10109794NASCIMENTOR_2025-08-15_G21,10109794NASCIMENTOR,2025-08-15,110787,1,12,0,227.0
10109794NASCIMENTOR_2025-08-15_G22,10109794NASCIMENTOR,2025-08-15,"109641, 110787",3,42,20,1132.0
10109794NASCIMENTOR_2025-08-15_G23,10109794NASCIMENTOR,2025-08-15,118140,2,26,9,172.0
10109794NASCIMENTOR_2025-08-15_G24,10109794NASCIMENTOR,2025-08-15,111463,1,105,0,727.0
10109794NASCIMENTOR_2025-08-15_G25,10109794NASCIMENTOR,2025-08-15,110313,1,4,0,118.0
10109794NASCIMENTOR_2025-08-15_G27,10109794NASCIMENTOR,2025-08-15,117785,1,5,0,89.0
10109794NASCIMENTOR_2025-08-15_G28,10109794NASCIMENTOR,2025-08-15,108711,1,8,0,108.0
10109794NASCIMENTOR_2025-08-15_G29,10109794NASCIMENTOR,2025-08-15,140922,1,2,0,74.0
10109794NASCIMENTOR_2025-08-15_G30,10109794NASCIMENTOR,2025-08-15,111348,1,2,0,53.0
10109794NASCIMENTOR_2025-08-15_G31,10109794NASCIMENTOR,2025-08-15,111418,1,8,0,88.0
10109794NASCIMENTOR_2025-08-15_G32,10109794NASCIMENTOR,2025-08-15,117833,1,2,0,124.0
10109794NASCIMENTOR_2025-08-15_G33,10109794NASCIMENTOR,2025-08-15,141823,1,2,0,101.0
10109794NASCIMENTOR_2025-08-15_G34,10109794NASCIMENTOR,2025-08-15,111431,1,2,0,78.0
10109794NASCIMENTOR_2025-08-15_G35,10109794NASCIMENTOR,2025-08-15,117831,1,10,0,166.0
10109794NASCIMENTOR_2025-08-15_G36,10109794NASCIMENTOR,2025-08-15,110745,1,2,0,135.0
10109794NASCIMENTOR_2025-08-15_G37,10109794NASCIMENTOR,2025-08-15,107236,1,4,0,85.0
10109794NASCIMENTOR_2025-08-15_G38,10109794NASCIMENTOR,2025-08-15,110740,1,6,0,101.0
10109794NASCIMENTOR_2025-08-15_G39,10109794NASCIMENTOR,2025-08-15,111465,1,5,0,89.0
10109794NASCIMENTOR_2025-08-15_G40,10109794NASCIMENTOR,2025-08-15,110373,1,50,0,365.0
10109794NASCIMENTOR_2025-08-15_G41,10109794NASCIMENTOR,2025-08-15,117832,1,10,0,101.0
10109794NASCIMENTOR_2025-08-15_G42,10109794NASCIMENTOR,2025-08-15,117820,1,30,0,190.0
10109794NASCIMENTOR_2025-08-15_G43,10109794NASCIMENTOR,2025-08-15,117809,1,8,0,107.0
10109794NASCIMENTOR_2025-08-15_G44,10109794NASCIMENTOR,2025-08-15,110371,1,10,0,286.0
10109794NASCIMENTOR_2025-08-15_G45,10109794NASCIMENTOR,2025-08-15,"117822, 117830",2,9,16,82.0
10109794NASCIMENTOR_2025-08-15_G46,10109794NASCIMENTOR,2025-08-15,110515,1,8,0,553.0
10109794NASCIMENTOR_2025-08-15_G47,10109794NASCIMENTOR,2025-08-15,117837,1,4,0,163.0
10109794NASCIMENTOR_2025-08-15_G48,10109794NASCIMENTOR,2025-08-15,107830,1,16,0,1855.0
10109794NASCIMENTOR_2025-08-15_G49,10109794NASCIMENTOR,2025-08-15,109643,1,26,0,982.0
10109794NASCIMENTOR_2025-08-15_G50,10109794NASCIMENTOR,2025-08-15,117820,2,50,10,306.0
10109794NASCIMENTOR_2025-08-15_G51,10109794NASCIMENTOR,2025-08-15,117830,2,40,11,522.0
10109794NASCIMENTOR_2025-08-16_G02,10109794NASCIMENTOR,2025-08-16,117808,1,100,0,383.0
10109794NASCIMENTOR_2025-08-16_G03,10109794NASCIMENTOR,2025-08-16,117808,1,160,0,406.0
10109794NASCIMENTOR_2025-08-16_G04,10109794NASCIMENTOR,2025-08-16,117856,1,4,0,709.0
10109794NASCIMENTOR_2025-08-16_G05,10109794NASCIMENTOR,2025-08-16,111439,1,8,0,968.0
10109794NASCIMENTOR_2025-08-16_G06,10109794NASCIMENTOR,2025-08-16,111530,1,40,0,408.0
10109794NASCIMENTOR_2025-08-16_G07,10109794NASCIMENTOR,2025-08-16,118222,1,20,0,698.0
10109794NASCIMENTOR_2025-08-16_G08,10109794NASCIMENTOR,2025-08-16,110895,2,23,9,266.0
10109794NASCIMENTOR_2025-08-16_G09,10109794NASCIMENTOR,2025-08-16,117855,2,70,24,345.0
10109794NASCIMENTOR_2025-08-16_G10,10109794NASCIMENTOR,2025-08-16,110515,1,35,0,649.0
10109794NASCIMENTOR_2025-08-16_G11,10109794NASCIMENTOR,2025-08-16,110373,1,7,0,2794.0
10109794NASCIMENTOR_2025-08-16_G12,10109794NASCIMENTOR,2025-08-16,117832,1,8,0,136.0
10109794NASCIMENTOR_2025-08-16_G13,10109794NASCIMENTOR,2025-08-16,"117822, 117830",2,16,8,141.0
10109794NASCIMENTOR_2025-08-16_G14,10109794NASCIMENTOR,2025-08-16,116241,1,6,0,198.0
10109794NASCIMENTOR_2025-08-16_G15,10109794NASCIMENTOR,2025-08-16,118223,1,8,0,180.0
10109794NASCIMENTOR_2025-08-16_G16,10109794NASCIMENTOR,2025-08-16,118417,1,2,0,116.0
10109794NASCIMENTOR_2025-08-16_G17,10109794NASCIMENTOR,2025-08-16,100334,1,6,0,61.0
10109794NASCIMENTOR_2025-08-16_G18,10109794NASCIMENTOR,2025-08-16,111876,1,4,0,417.0
10109794NASCIMENTOR_2025-08-16_G19,10109794NASCIMENTOR,2025-08-16,110741,1,8,0,94.0
10109794NASCIMENTOR_2025-08-16_G20,10109794NASCIMENTOR,2025-08-16,109647,1,10,0,121.0
10109794NASCIMENTOR_2025-08-16_G21,10109794NASCIMENTOR,2025-08-16,110752,1,4,0,289.0
10109794NASCIMENTOR_2025-08-17_G02,10109794NASCIMENTOR,2025-08-17,118140,1,3,0,253.0
10109794NASCIMENTOR_2025-08-17_G03,10109794NASCIMENTOR,2025-08-17,"117856, 110372",2,9,27,1620.0
10109794NASCIMENTOR_2025-08-17_G04,10109794NASCIMENTOR,2025-08-17,110371,1,100,0,2618.0
10109794NASCIMENTOR_2025-08-17_G05,10109794NASCIMENTOR,2025-08-17,117808,1,367,0,1016.0
10109794NASCIMENTOR_2025-08-17_G06,10109794NASCIMENTOR,2025-08-17,118277,1,4,0,410.0
10109794NASCIMENTOR_2025-08-17_G07,10109794NASCIMENTOR,2025-08-17,"117808, 110373",3,450,26,72.0
10109794NASCIMENTOR_2025-08-17_G08,10109794NASCIMENTOR,2025-08-17,110372,1,100,0,128.0
10109794NASCIMENTOR_2025-08-17_G09,10109794NASCIMENTOR,2025-08-17,118299,1,100,0,349.0
10109794NASCIMENTOR_2025-08-18_G02,10109794NASCIMENTOR,2025-08-18,141456,1,20,0,660.0
10109794NASCIMENTOR_2025-08-18_G03,10109794NASCIMENTOR,2025-08-18,111418,1,80,0,219.0
10109794NASCIMENTOR_2025-08-18_G04,10109794NASCIMENTOR,2025-08-18,"110787, 111418",3,64,25,338.0
10109794NASCIMENTOR_2025-08-18_G05,10109794NASCIMENTOR,2025-08-18,141457,1,60,0,733.0
10109794NASCIMENTOR_2025-08-18_G06,10109794NASCIMENTOR,2025-08-18,117833,1,30,0,1472.0
10109794NASCIMENTOR_2025-08-18_G07,10109794NASCIMENTOR,2025-08-18,117821,1,10,0,269.0
10109794NASCIMENTOR_2025-08-18_G08,10109794NASCIMENTOR,2025-08-18,111743,1,10,0,125.0
10109794NASCIMENTOR_2025-08-18_G09,10109794NASCIMENTOR,2025-08-18,111532,1,10,0,138.0
10109794NASCIMENTOR_2025-08-18_G10,10109794NASCIMENTOR,2025-08-18,141048,1,1,0,43.0
10109794NASCIMENTOR_2025-08-18_G11,10109794NASCIMENTOR,2025-08-18,117831,1,20,0,155.0
10109794NASCIMENTOR_2025-08-18_G12,10109794NASCIMENTOR,2025-08-18,111172,1,10,0,260.0
10109794NASCIMENTOR_2025-08-18_G13,10109794NASCIMENTOR,2025-08-18,118140,1,25,0,566.0
10109794NASCIMENTOR_2025-08-18_G14,10109794NASCIMENTOR,2025-08-18,110740,1,20,0,315.0
10109794NASCIMENTOR_2025-08-18_G15,10109794NASCIMENTOR,2025-08-18,111465,1,10,0,112.0
10109794NASCIMENTOR_2025-08-18_G16,10109794NASCIMENTOR,2025-08-18,111418,1,50,0,561.0
10109794NASCIMENTOR_2025-08-18_G18,10109794NASCIMENTOR,2025-08-18,109641,2,8,12,127.0
10109794NASCIMENTOR_2025-08-18_G19,10109794NASCIMENTOR,2025-08-18,108711,1,4,0,120.0
10109794NASCIMENTOR_2025-08-18_G20,10109794NASCIMENTOR,2025-08-18,118317,1,4,0,327.0
10109794NASCIMENTOR_2025-08-18_G21,10109794NASCIMENTOR,2025-08-18,111433,1,4,0,65.0
10109794NASCIMENTOR_2025-08-18_G22,10109794NASCIMENTOR,2025-08-18,141457,1,12,0,224.0
10109794NASCIMENTOR_2025-08-18_G23,10109794NASCIMENTOR,2025-08-18,111465,1,20,0,159.0
10109794NASCIMENTOR_2025-08-18_G24,10109794NASCIMENTOR,2025-08-18,111569,1,16,0,351.0
10109794NASCIMENTOR_2025-08-18_G25,10109794NASCIMENTOR,2025-08-18,117834,1,4,0,161.0
10109794NASCIMENTOR_2025-08-18_G26,10109794NASCIMENTOR,2025-08-18,117862,1,8,0,211.0
10109794NASCIMENTOR_2025-08-18_G27,10109794NASCIMENTOR,2025-08-18,118298,1,2,0,96.0
10109794NASCIMENTOR_2025-08-18_G28,10109794NASCIMENTOR,2025-08-18,117861,1,1,0,56.0
10109794NASCIMENTOR_2025-08-18_G29,10109794NASCIMENTOR,2025-08-18,110733,1,8,0,86.0
10109794NASCIMENTOR_2025-08-18_G30,10109794NASCIMENTOR,2025-08-18,110515,1,10,0,141.0
10109794NASCIMENTOR_2025-08-18_G31,10109794NASCIMENTOR,2025-08-18,111466,1,59,0,1976.0
10109794NASCIMENTOR_2025-08-18_G32,10109794NASCIMENTOR,2025-08-18,118140,1,12,0,416.0
10109794NASCIMENTOR_2025-08-18_G33,10109794NASCIMENTOR,2025-08-18,141318,1,8,0,111.0
10109794NASCIMENTOR_2025-08-18_G34,10109794NASCIMENTOR,2025-08-18,111463,1,30,0,1239.0
10109794NASCIMENTOR_2025-08-18_G35,10109794NASCIMENTOR,2025-08-18,118140,1,10,0,132.0
10109794NASCIMENTOR_2025-08-18_G36,10109794NASCIMENTOR,2025-08-18,141457,1,20,0,217.0
10109794NASCIMENTOR_2025-08-18_G37,10109794NASCIMENTOR,2025-08-18,110372,1,50,0,533.0
10109794NASCIMENTOR_2025-08-18_G38,10109794NASCIMENTOR,2025-08-18,111463,1,30,0,208.0
10109794NASCIMENTOR_2025-08-18_G39,10109794NASCIMENTOR,2025-08-18,141457,1,20,0,277.0
10109794NASCIMENTOR_2025-08-18_G40,10109794NASCIMENTOR,2025-08-18,110372,1,50,0,554.0
10109794NASCIMENTOR_2025-08-19_G02,10109794NASCIMENTOR,2025-08-19,111418,1,60,0,508.0
10109794NASCIMENTOR_2025-08-19_G03,10109794NASCIMENTOR,2025-08-19,118140,1,10,0,409.0
10109794NASCIMENTOR_2025-08-19_G04,10109794NASCIMENTOR,2025-08-19,141456,1,30,0,529.0
10109794NASCIMENTOR_2025-08-19_G06,10109794NASCIMENTOR,2025-08-19,117808,1,400,0,696.0
10109794NASCIMENTOR_2025-08-19_G07,10109794NASCIMENTOR,2025-08-19,110373,1,150,0,1539.0
10109794NASCIMENTOR_2025-08-19_G08,10109794NASCIMENTOR,2025-08-19,110325,1,45,0,188.0
10109794NASCIMENTOR_2025-08-19_G09,10109794NASCIMENTOR,2025-08-19,117820,1,151,0,545.0
10109794NASCIMENTOR_2025-08-19_G10,10109794NASCIMENTOR,2025-08-19,"110372, 110371",2,290,24,744.0
10109794NASCIMENTOR_2025-08-19_G11,10109794NASCIMENTOR,2025-08-19,117830,1,24,0,191.0
10109794NASCIMENTOR_2025-08-19_G12,10109794NASCIMENTOR,2025-08-19,117822,1,35,0,203.0
10109794NASCIMENTOR_2025-08-19_G13,10109794NASCIMENTOR,2025-08-19,117832,1,77,0,248.0
10109794NASCIMENTOR_2025-08-19_G15,10109794NASCIMENTOR,2025-08-19,117822,1,12,0,240.0
10109794NASCIMENTOR_2025-08-19_G16,10109794NASCIMENTOR,2025-08-19,141066,1,9,0,189.0
10109794NASCIMENTOR_2025-08-19_G17,10109794NASCIMENTOR,2025-08-19,110711,1,16,0,165.0
10109794NASCIMENTOR_2025-08-19_G18,10109794NASCIMENTOR,2025-08-19,110741,1,6,0,108.0
10109794NASCIMENTOR_2025-08-19_G19,10109794NASCIMENTOR,2025-08-19,117853,1,8,0,202.0
10109794NASCIMENTOR_2025-08-19_G20,10109794NASCIMENTOR,2025-08-19,110895,1,50,0,493.0
10109794NASCIMENTOR_2025-08-19_G21,10109794NASCIMENTOR,2025-08-19,105705,1,22,0,539.0
10109794NASCIMENTOR_2025-08-20_G02,10109794NASCIMENTOR,2025-08-20,108711,1,30,0,436.0
10109794NASCIMENTOR_2025-08-20_G03,10109794NASCIMENTOR,2025-08-20,111743,1,20,0,402.0
10109794NASCIMENTOR_2025-08-20_G04,10109794NASCIMENTOR,2025-08-20,111418,1,150,0,247.0
10109794NASCIMENTOR_2025-08-20_G05,10109794NASCIMENTOR,2025-08-20,117787,1,20,0,457.0
10109794NASCIMENTOR_2025-08-20_G06,10109794NASCIMENTOR,2025-08-20,105705,1,20,0,115.0
10109794NASCIMENTOR_2025-08-20_G07,10109794NASCIMENTOR,2025-08-20,118223,1,2,0,262.0
10109794NASCIMENTOR_2025-08-20_G08,10109794NASCIMENTOR,2025-08-20,115817,1,4,0,91.0
10109794NASCIMENTOR_2025-08-20_G09,10109794NASCIMENTOR,2025-08-20,110332,1,8,0,580.0
10109794NASCIMENTOR_2025-08-20_G10,10109794NASCIMENTOR,2025-08-20,110743,1,1,0,172.0
10109794NASCIMENTOR_2025-08-20_G11,10109794NASCIMENTOR,2025-08-20,111172,1,20,0,802.0
10109794NASCIMENTOR_2025-08-20_G12,10109794NASCIMENTOR,2025-08-20,117831,1,50,0,454.0
10109794NASCIMENTOR_2025-08-20_G13,10109794NASCIMENTOR,2025-08-20,111530,1,4,0,1139.0
10109794NASCIMENTOR_2025-08-20_G15,10109794NASCIMENTOR,2025-08-20,110372,1,100,0,875.0
10109794NASCIMENTOR_2025-08-20_G16,10109794NASCIMENTOR,2025-08-20,117808,1,450,0,684.0
10109794NASCIMENTOR_2025-08-20_G17,10109794NASCIMENTOR,2025-08-20,160053,1,48,0,701.0
10109794NASCIMENTOR_2025-08-20_G18,10109794NASCIMENTOR,2025-08-20,160057,1,24,0,673.0
10109794NASCIMENTOR_2025-08-20_G19,10109794NASCIMENTOR,2025-08-20,118222,1,18,0,264.0
10109794NASCIMENTOR_2025-08-20_G20,10109794NASCIMENTOR,2025-08-20,141318,1,12,0,620.0
10109794NASCIMENTOR_2025-08-20_G21,10109794NASCIMENTOR,2025-08-20,110895,1,21,0,188.0
10109794NASCIMENTOR_2025-08-20_G22,10109794NASCIMENTOR,2025-08-20,109641,1,40,0,1402.0
10109794NASCIMENTOR_2025-08-20_G23,10109794NASCIMENTOR,2025-08-20,111462,1,8,0,341.0
10109794NASCIMENTOR_2025-08-20_G24,10109794NASCIMENTOR,2025-08-20,141458,1,4,0,95.0
10109794NASCIMENTOR_2025-08-20_G25,10109794NASCIMENTOR,2025-08-20,141457,1,8,0,88.0
10109794NASCIMENTOR_2025-08-20_G26,10109794NASCIMENTOR,2025-08-20,111466,1,8,0,176.0
10109794NASCIMENTOR_2025-08-21_G02,10109794NASCIMENTOR,2025-08-21,111443,1,4,0,302.0
10109794NASCIMENTOR_2025-08-21_G03,10109794NASCIMENTOR,2025-08-21,111463,1,12,0,166.0
10109794NASCIMENTOR_2025-08-21_G04,10109794NASCIMENTOR,2025-08-21,111469,1,44,0,1212.0
10109794NASCIMENTOR_2025-08-21_G05,10109794NASCIMENTOR,2025-08-21,110787,2,18,9,141.0
10109794NASCIMENTOR_2025-08-21_G06,10109794NASCIMENTOR,2025-08-21,111433,1,3,0,57.0
10109794NASCIMENTOR_2025-08-21_G07,10109794NASCIMENTOR,2025-08-21,111466,1,42,0,666.0
10109794NASCIMENTOR_2025-08-21_G08,10109794NASCIMENTOR,2025-08-21,110747,1,3,0,200.0
10109794NASCIMENTOR_2025-08-21_G09,10109794NASCIMENTOR,2025-08-21,110754,1,2,0,144.0
10109794NASCIMENTOR_2025-08-21_G10,10109794NASCIMENTOR,2025-08-21,118222,1,3,0,182.0
10109794NASCIMENTOR_2025-08-21_G11,10109794NASCIMENTOR,2025-08-21,110741,1,2,0,307.0
10109794NASCIMENTOR_2025-08-21_G12,10109794NASCIMENTOR,2025-08-21,117861,1,2,0,83.0
10109794NASCIMENTOR_2025-08-21_G13,10109794NASCIMENTOR,2025-08-21,117786,1,4,0,87.0
10109794NASCIMENTOR_2025-08-21_G14,10109794NASCIMENTOR,2025-08-21,111879,1,8,0,149.0
10109794NASCIMENTOR_2025-08-21_G15,10109794NASCIMENTOR,2025-08-21,111467,1,2,0,2002.0
10109794NASCIMENTOR_2025-08-21_G16,10109794NASCIMENTOR,2025-08-21,110313,1,8,0,260.0
10109794NASCIMENTOR_2025-08-21_G17,10109794NASCIMENTOR,2025-08-21,111532,1,28,0,462.0
10109794NASCIMENTOR_2025-08-21_G18,10109794NASCIMENTOR,2025-08-21,111530,1,3,0,778.0
10109794NASCIMENTOR_2025-08-21_G19,10109794NASCIMENTOR,2025-08-21,110755,1,4,0,576.0
10109794NASCIMENTOR_2025-08-21_G20,10109794NASCIMENTOR,2025-08-21,110895,1,1,0,287.0
10109794NASCIMENTOR_2025-08-21_G21,10109794NASCIMENTOR,2025-08-21,117834,1,1,0,103.0
10109794NASCIMENTOR_2025-08-21_G22,10109794NASCIMENTOR,2025-08-21,111655,1,2,0,122.0
10109794NASCIMENTOR_2025-08-21_G23,10109794NASCIMENTOR,2025-08-21,111569,1,1,0,97.0
10109794NASCIMENTOR_2025-08-21_G24,10109794NASCIMENTOR,2025-08-21,110740,1,3,0,158.0
10109794NASCIMENTOR_2025-08-21_G25,10109794NASCIMENTOR,2025-08-21,111465,1,1,0,139.0
10109794NASCIMENTOR_2025-08-21_G26,10109794NASCIMENTOR,2025-08-21,111469,1,9,0,432.0
10109794NASCIMENTOR_2025-08-21_G27,10109794NASCIMENTOR,2025-08-21,111443,1,9,0,250.0
10109794NASCIMENTOR_2025-08-21_G28,10109794NASCIMENTOR,2025-08-21,110787,1,12,0,204.0
10109794NASCIMENTOR_2025-08-21_G29,10109794NASCIMENTOR,2025-08-21,109641,1,8,0,145.0
10109794NASCIMENTOR_2025-08-21_G30,10109794NASCIMENTOR,2025-08-21,109640,1,4,0,117.0
10109794NASCIMENTOR_2025-08-21_G31,10109794NASCIMENTOR,2025-08-21,111467,1,8,0,64.0
10109794NASCIMENTOR_2025-08-21_G33,10109794NASCIMENTOR,2025-08-21,117830,1,12,0,354.0
10109794NASCIMENTOR_2025-08-21_G34,10109794NASCIMENTOR,2025-08-21,117809,2,5,8,103.0
10109794NASCIMENTOR_2025-08-21_G35,10109794NASCIMENTOR,2025-08-21,110373,1,4,0,120.0
10109794NASCIMENTOR_2025-08-21_G36,10109794NASCIMENTOR,2025-08-21,117832,1,2,0,86.0
10109794NASCIMENTOR_2025-08-21_G37,10109794NASCIMENTOR,2025-08-21,118299,2,19,6,61.0
10109794NASCIMENTOR_2025-08-21_G38,10109794NASCIMENTOR,2025-08-21,110372,1,26,0,361.0
10109794NASCIMENTOR_2025-08-21_G39,10109794NASCIMENTOR,2025-08-21,141202,1,2,0,2301.0
10109794NASCIMENTOR_2025-08-21_G40,10109794NASCIMENTOR,2025-08-21,111446,2,8,8,233.0
10109794NASCIMENTOR_2025-08-21_G41,10109794NASCIMENTOR,2025-08-21,111469,2,4,5,299.0
10109794NASCIMENTOR_2025-08-21_G42,10109794NASCIMENTOR,2025-08-21,111463,1,5,0,788.0
10109794NASCIMENTOR_2025-08-21_G43,10109794NASCIMENTOR,2025-08-21,140922,1,12,0,161.0
10109794NASCIMENTOR_2025-08-21_G44,10109794NASCIMENTOR,2025-08-21,111466,1,8,0,165.0
10109794NASCIMENTOR_2025-08-21_G45,10109794NASCIMENTOR,2025-08-21,111466,2,8,6,72.0
10109794NASCIMENTOR_2025-08-21_G46,10109794NASCIMENTOR,2025-08-21,105705,2,24,15,528.0
10109794NASCIMENTOR_2025-08-21_G47,10109794NASCIMENTOR,2025-08-21,110740,1,8,0,538.0
10109794NASCIMENTOR_2025-08-21_G48,10109794NASCIMENTOR,2025-08-21,111182,1,8,0,37.0
10109794NASCIMENTOR_2025-08-22_G02,10109794NASCIMENTOR,2025-08-22,117862,1,4,0,137.0
10109794NASCIMENTOR_2025-08-22_G03,10109794NASCIMENTOR,2025-08-22,117821,1,4,0,86.0
10109794NASCIMENTOR_2025-08-22_G04,10109794NASCIMENTOR,2025-08-22,105705,1,2,0,121.0
10109794NASCIMENTOR_2025-08-22_G05,10109794NASCIMENTOR,2025-08-22,117831,1,8,0,207.0
10109794NASCIMENTOR_2025-08-22_G06,10109794NASCIMENTOR,2025-08-22,109641,1,2,0,64.0
10109794NASCIMENTOR_2025-08-22_G07,10109794NASCIMENTOR,2025-08-22,117808,1,18,0,158.0
10109794NASCIMENTOR_2025-08-22_G08,10109794NASCIMENTOR,2025-08-22,117820,1,6,0,165.0
10109794NASCIMENTOR_2025-08-22_G09,10109794NASCIMENTOR,2025-08-22,110373,1,6,0,255.0
10109794NASCIMENTOR_2025-08-22_G10,10109794NASCIMENTOR,2025-08-22,"110372, 118299",2,12,9,227.0
10109794NASCIMENTOR_2025-08-22_G11,10109794NASCIMENTOR,2025-08-22,110371,1,18,0,369.0
10109794NASCIMENTOR_2025-08-22_G12,10109794NASCIMENTOR,2025-08-22,117833,1,60,0,1897.0
10109794NASCIMENTOR_2025-08-22_G13,10109794NASCIMENTOR,2025-08-22,110740,1,64,0,698.0
10109794NASCIMENTOR_2025-08-22_G14,10109794NASCIMENTOR,2025-08-22,111467,1,140,0,1324.0
10109794NASCIMENTOR_2025-08-22_G15,10109794NASCIMENTOR,2025-08-22,110895,1,55,0,644.0
10109794NASCIMENTOR_2025-08-22_G16,10109794NASCIMENTOR,2025-08-22,141318,1,20,0,712.0
10109794NASCIMENTOR_2025-08-22_G17,10109794NASCIMENTOR,2025-08-22,109641,1,43,0,596.0
10109794NASCIMENTOR_2025-08-22_G19,10109794NASCIMENTOR,2025-08-22,111463,1,22,0,308.0
10109794NASCIMENTOR_2025-08-22_G20,10109794NASCIMENTOR,2025-08-22,111348,1,1,0,232.0
10109794NASCIMENTOR_2025-08-22_G21,10109794NASCIMENTOR,2025-08-22,117821,1,6,0,107.0
10109794NASCIMENTOR_2025-08-22_G22,10109794NASCIMENTOR,2025-08-22,118140,1,4,0,259.0
10109794NASCIMENTOR_2025-08-22_G23,10109794NASCIMENTOR,2025-08-22,111182,1,1,0,110.0
10109794NASCIMENTOR_2025-08-22_G24,10109794NASCIMENTOR,2025-08-22,111530,1,7,0,176.0
10109794NASCIMENTOR_2025-08-22_G25,10109794NASCIMENTOR,2025-08-22,141066,1,4,0,151.0
10109794NASCIMENTOR_2025-08-22_G26,10109794NASCIMENTOR,2025-08-22,110112,1,6,0,177.0
10109794NASCIMENTOR_2025-08-22_G27,10109794NASCIMENTOR,2025-08-22,108770,1,5,0,503.0
10109794NASCIMENTOR_2025-08-22_G28,10109794NASCIMENTOR,2025-08-22,117808,1,8,0,1394.0
10109794NASCIMENTOR_2025-08-22_G29,10109794NASCIMENTOR,2025-08-22,110373,1,2,0,105.0
10109794NASCIMENTOR_2025-08-22_G30,10109794NASCIMENTOR,2025-08-22,118299,1,10,0,143.0
10109794NASCIMENTOR_2025-08-22_G31,10109794NASCIMENTOR,2025-08-22,117830,1,2,0,58.0
10109794NASCIMENTOR_2025-08-22_G32,10109794NASCIMENTOR,2025-08-22,117785,1,6,0,149.0
10109794NASCIMENTOR_2025-08-22_G33,10109794NASCIMENTOR,2025-08-22,111463,1,2,0,56.0
10109794NASCIMENTOR_2025-08-22_G34,10109794NASCIMENTOR,2025-08-22,111418,1,4,0,131.0
10109794NASCIMENTOR_2025-08-22_G35,10109794NASCIMENTOR,2025-08-22,111530,1,2,0,68.0
10109794NASCIMENTOR_2025-08-22_G36,10109794NASCIMENTOR,2025-08-22,117842,1,4,0,670.0
10109794NASCIMENTOR_2025-08-22_G37,10109794NASCIMENTOR,2025-08-22,117809,1,10,0,110.0
10109794NASCIMENTOR_2025-08-22_G38,10109794NASCIMENTOR,2025-08-22,110743,1,2,0,175.0
10109794NASCIMENTOR_2025-08-22_G39,10109794NASCIMENTOR,2025-08-22,110751,1,4,0,112.0
10109794NASCIMENTOR_2025-08-22_G40,10109794NASCIMENTOR,2025-08-22,140922,1,2,0,81.0
10109794NASCIMENTOR_2025-08-22_G41,10109794NASCIMENTOR,2025-08-22,111466,1,5,0,72.0
10109794NASCIMENTOR_2025-08-22_G42,10109794NASCIMENTOR,2025-08-22,117831,1,10,0,84.0
10109794NASCIMENTOR_2025-08-22_G43,10109794NASCIMENTOR,2025-08-22,111530,2,4,7,169.0
10109794NASCIMENTOR_2025-08-22_G44,10109794NASCIMENTOR,2025-08-22,110339,1,2,0,139.0
10109794NASCIMENTOR_2025-08-22_G45,10109794NASCIMENTOR,2025-08-22,117837,1,2,0,201.0
10109794NASCIMENTOR_2025-08-22_G46,10109794NASCIMENTOR,2025-08-22,110515,1,4,0,383.0
10109794NASCIMENTOR_2025-08-23_G02,10109794NASCIMENTOR,2025-08-23,109643,1,8,0,589.0
10109794NASCIMENTOR_2025-08-23_G03,10109794NASCIMENTOR,2025-08-23,109643,1,56,0,166.0
10109794NASCIMENTOR_2025-08-23_G04,10109794NASCIMENTOR,2025-08-23,109648,1,4,0,113.0
10109794NASCIMENTOR_2025-08-23_G05,10109794NASCIMENTOR,2025-08-23,110375,1,4,0,110.0
10109794NASCIMENTOR_2025-08-23_G06,10109794NASCIMENTOR,2025-08-23,141202,1,12,0,124.0
10109794NASCIMENTOR_2025-08-23_G07,10109794NASCIMENTOR,2025-08-23,110325,1,78,0,284.0
10109794NASCIMENTOR_2025-08-23_G08,10109794NASCIMENTOR,2025-08-23,110375,1,110,0,558.0
10109794NASCIMENTOR_2025-08-23_G09,10109794NASCIMENTOR,2025-08-23,110756,1,2,0,1264.0
10109794NASCIMENTOR_2025-08-23_G10,10109794NASCIMENTOR,2025-08-23,117965,1,4,0,72.0
10109794NASCIMENTOR_2025-08-23_G11,10109794NASCIMENTOR,2025-08-23,117854,1,4,0,84.0
10109794NASCIMENTOR_2025-08-23_G12,10109794NASCIMENTOR,2025-08-23,110750,1,2,0,54.0
10109794NASCIMENTOR_2025-08-23_G13,10109794NASCIMENTOR,2025-08-23,109647,1,10,0,86.0
10109794NASCIMENTOR_2025-08-23_G14,10109794NASCIMENTOR,2025-08-23,108759,1,2,0,116.0
10109794NASCIMENTOR_2025-08-23_G15,10109794NASCIMENTOR,2025-08-23,110755,1,2,0,45.0
10109794NASCIMENTOR_2025-08-23_G16,10109794NASCIMENTOR,2025-08-23,110749,1,6,0,63.0
10109794NASCIMENTOR_2025-08-23_G17,10109794NASCIMENTOR,2025-08-23,111440,1,2,0,109.0
10109794NASCIMENTOR_2025-08-23_G18,10109794NASCIMENTOR,2025-08-23,117835,1,2,0,195.0
10109794NASCIMENTOR_2025-08-23_G19,10109794NASCIMENTOR,2025-08-23,108771,2,4,8,100.0
10109794NASCIMENTOR_2025-08-23_G20,10109794NASCIMENTOR,2025-08-23,"110339, 110515",2,203,6,1713.0
10109794NASCIMENTOR_2025-08-23_G21,10109794NASCIMENTOR,2025-08-23,100334,1,18,0,1291.0
10109794NASCIMENTOR_2025-08-23_G22,10109794NASCIMENTOR,2025-08-23,110755,1,30,0,235.0
10109794NASCIMENTOR_2025-08-23_G23,10109794NASCIMENTOR,2025-08-23,108759,1,26,0,195.0
10109794NASCIMENTOR_2025-08-23_G24,10109794NASCIMENTOR,2025-08-23,110515,1,600,0,1513.0
10109794NASCIMENTOR_2025-08-23_G25,10109794NASCIMENTOR,2025-08-23,101217,1,20,0,920.0
10109794NASCIMENTOR_2025-08-24_G02,10109794NASCIMENTOR,2025-08-24,117838,1,5,0,244.0
10109794NASCIMENTOR_2025-08-24_G03,10109794NASCIMENTOR,2025-08-24,110743,1,5,0,168.0
10109794NASCIMENTOR_2025-08-24_G04,10109794NASCIMENTOR,2025-08-24,110751,1,10,0,741.0
10109794NASCIMENTOR_2025-08-24_G05,10109794NASCIMENTOR,2025-08-24,140922,1,10,0,273.0
10109794NASCIMENTOR_2025-08-24_G06,10109794NASCIMENTOR,2025-08-24,117787,1,15,0,164.0
10109794NASCIMENTOR_2025-08-24_G07,10109794NASCIMENTOR,2025-08-24,111532,1,10,0,91.0
10109794NASCIMENTOR_2025-08-24_G08,10109794NASCIMENTOR,2025-08-24,109645,1,6,0,285.0
10109794NASCIMENTOR_2025-08-24_G09,10109794NASCIMENTOR,2025-08-24,105705,1,5,0,71.0
10109794NASCIMENTOR_2025-08-24_G10,10109794NASCIMENTOR,2025-08-24,141457,1,8,0,87.0
10109794NASCIMENTOR_2025-08-24_G11,10109794NASCIMENTOR,2025-08-24,111418,1,17,0,151.0
10109794NASCIMENTOR_2025-08-24_G12,10109794NASCIMENTOR,2025-08-24,110748,1,5,0,108.0
10109794NASCIMENTOR_2025-08-24_G13,10109794NASCIMENTOR,2025-08-24,118140,1,6,0,75.0
10109794NASCIMENTOR_2025-08-24_G14,10109794NASCIMENTOR,2025-08-24,110787,1,5,0,220.0
10109794NASCIMENTOR_2025-08-24_G15,10109794NASCIMENTOR,2025-08-24,117831,1,17,0,159.0
10109794NASCIMENTOR_2025-08-24_G16,10109794NASCIMENTOR,2025-08-24,117329,1,10,0,486.0
10109794NASCIMENTOR_2025-08-24_G17,10109794NASCIMENTOR,2025-08-24,110745,1,10,0,70.0
10109794NASCIMENTOR_2025-08-24_G18,10109794NASCIMENTOR,2025-08-24,110740,1,10,0,122.0
10109794NASCIMENTOR_2025-08-24_G19,10109794NASCIMENTOR,2025-08-24,111466,1,30,0,38.0
10109794NASCIMENTOR_2025-08-24_G20,10109794NASCIMENTOR,2025-08-24,111465,1,30,0,329.0
10109794NASCIMENTOR_2025-08-24_G21,10109794NASCIMENTOR,2025-08-24,117785,1,15,0,1027.0
10109794NASCIMENTOR_2025-08-24_G22,10109794NASCIMENTOR,2025-08-24,110374,1,1,0,1026.0
10109794NASCIMENTOR_2025-08-24_G23,10109794NASCIMENTOR,2025-08-24,117820,1,9,0,85.0
10109794NASCIMENTOR_2025-08-24_G24,10109794NASCIMENTOR,2025-08-24,110325,1,2,0,68.0
10109794NASCIMENTOR_2025-08-24_G25,10109794NASCIMENTOR,2025-08-24,110372,1,17,0,170.0
10109794NASCIMENTOR_2025-08-24_G26,10109794NASCIMENTOR,2025-08-24,118299,1,5,0,78.0
10109794NASCIMENTOR_2025-08-24_G27,10109794NASCIMENTOR,2025-08-24,117830,1,2,0,78.0
10109794NASCIMENTOR_2025-08-24_G28,10109794NASCIMENTOR,2025-08-24,141202,1,4,0,49.0
10109794NASCIMENTOR_2025-08-25_G02,10109794NASCIMENTOR,2025-08-25,117821,1,4,0,89.0
10109794NASCIMENTOR_2025-08-25_G03,10109794NASCIMENTOR,2025-08-25,117787,1,2,0,102.0
10109794NASCIMENTOR_2025-08-25_G04,10109794NASCIMENTOR,2025-08-25,118140,1,2,0,87.0
10109794NASCIMENTOR_2025-08-25_G05,10109794NASCIMENTOR,2025-08-25,117831,1,2,0,76.0
10109794NASCIMENTOR_2025-08-25_G06,10109794NASCIMENTOR,2025-08-25,117862,1,2,0,167.0
10109794NASCIMENTOR_2025-08-25_G07,10109794NASCIMENTOR,2025-08-25,110733,1,2,0,150.0
10109794NASCIMENTOR_2025-08-25_G08,10109794NASCIMENTOR,2025-08-25,111602,1,4,0,131.0
10109794NASCIMENTOR_2025-08-25_G09,10109794NASCIMENTOR,2025-08-25,110339,1,2,0,113.0
10109794NASCIMENTOR_2025-08-25_G10,10109794NASCIMENTOR,2025-08-25,111467,1,4,0,68.0
10109794NASCIMENTOR_2025-08-25_G11,10109794NASCIMENTOR,2025-08-25,111441,1,1,0,119.0
10109794NASCIMENTOR_2025-08-25_G12,10109794NASCIMENTOR,2025-08-25,111441,1,3,0,34.0
10109794NASCIMENTOR_2025-08-25_G13,10109794NASCIMENTOR,2025-08-25,108772,1,2,0,277.0
10109794NASCIMENTOR_2025-08-25_G14,10109794NASCIMENTOR,2025-08-25,118222,1,2,0,202.0
10109794NASCIMENTOR_2025-08-25_G15,10109794NASCIMENTOR,2025-08-25,109643,1,2,0,936.0
10109794NASCIMENTOR_2025-08-25_G16,10109794NASCIMENTOR,2025-08-25,110325,1,2,0,82.0
10109794NASCIMENTOR_2025-08-25_G17,10109794NASCIMENTOR,2025-08-25,110373,1,3,0,119.0
10109794NASCIMENTOR_2025-08-25_G18,10109794NASCIMENTOR,2025-08-25,110372,1,1,0,104.0
10109794NASCIMENTOR_2025-08-25_G19,10109794NASCIMENTOR,2025-08-25,118299,1,2,0,67.0
10109794NASCIMENTOR_2025-08-25_G20,10109794NASCIMENTOR,2025-08-25,107236,1,2,0,419.0
10109794NASCIMENTOR_2025-08-25_G21,10109794NASCIMENTOR,2025-08-25,111462,1,2,0,51.0
10109794NASCIMENTOR_2025-08-25_G22,10109794NASCIMENTOR,2025-08-25,117862,1,4,0,154.0
10109794NASCIMENTOR_2025-08-25_G23,10109794NASCIMENTOR,2025-08-25,117786,1,4,0,76.0
10109794NASCIMENTOR_2025-08-25_G24,10109794NASCIMENTOR,2025-08-25,109647,1,1,0,33.0
10109794NASCIMENTOR_2025-08-25_G25,10109794NASCIMENTOR,2025-08-25,111569,1,2,0,301.0
10109794NASCIMENTOR_2025-08-25_G26,10109794NASCIMENTOR,2025-08-25,111438,1,2,0,81.0
10109794NASCIMENTOR_2025-08-25_G27,10109794NASCIMENTOR,2025-08-25,118306,1,4,0,177.0
10109794NASCIMENTOR_2025-08-25_G28,10109794NASCIMENTOR,2025-08-25,111530,1,4,0,599.0
10109794NASCIMENTOR_2025-08-25_G29,10109794NASCIMENTOR,2025-08-25,110373,1,1,0,317.0
10109794NASCIMENTOR_2025-08-25_G30,10109794NASCIMENTOR,2025-08-25,110371,1,1,0,399.0
10109794NASCIMENTOR_2025-08-25_G31,10109794NASCIMENTOR,2025-08-25,"110376, 118299",2,51,18,421.0
10109794NASCIMENTOR_2025-08-25_G32,10109794NASCIMENTOR,2025-08-25,111431,1,2,0,88.0
10109794NASCIMENTOR_2025-08-25_G33,10109794NASCIMENTOR,2025-08-25,109641,1,4,0,427.0
10109794NASCIMENTOR_2025-08-25_G34,10109794NASCIMENTOR,2025-08-25,110740,1,12,0,187.0
10109794NASCIMENTOR_2025-08-25_G35,10109794NASCIMENTOR,2025-08-25,111418,1,30,0,795.0
10109794NASCIMENTOR_2025-08-25_G36,10109794NASCIMENTOR,2025-08-25,117831,1,30,0,59.0
10109794NASCIMENTOR_2025-08-25_G37,10109794NASCIMENTOR,2025-08-25,141457,1,30,0,1090.0
10109794NASCIMENTOR_2025-08-25_G38,10109794NASCIMENTOR,2025-08-25,108770,1,6,0,193.0
10109794NASCIMENTOR_2025-08-26_G02,10109794NASCIMENTOR,2025-08-26,110374,1,32,0,247.0
10109794NASCIMENTOR_2025-08-26_G03,10109794NASCIMENTOR,2025-08-26,117808,1,6,0,54.0
10109794NASCIMENTOR_2025-08-26_G04,10109794NASCIMENTOR,2025-08-26,110376,1,32,0,248.0
10109794NASCIMENTOR_2025-08-26_G05,10109794NASCIMENTOR,2025-08-26,111430,1,8,0,249.0
10109794NASCIMENTOR_2025-08-26_G06,10109794NASCIMENTOR,2025-08-26,110372,1,47,0,316.0
10109794NASCIMENTOR_2025-08-26_G07,10109794NASCIMENTOR,2025-08-26,117854,1,26,0,452.0
10109794NASCIMENTOR_2025-08-26_G08,10109794NASCIMENTOR,2025-08-26,111793,1,1,0,123.0
10109794NASCIMENTOR_2025-08-26_G09,10109794NASCIMENTOR,2025-08-26,111530,1,171,0,759.0
10109794NASCIMENTOR_2025-08-26_G10,10109794NASCIMENTOR,2025-08-26,108770,1,40,0,1052.0
10109794NASCIMENTOR_2025-08-26_G11,10109794NASCIMENTOR,2025-08-26,111441,1,82,0,214.0
10109794NASCIMENTOR_2025-08-26_G12,10109794NASCIMENTOR,2025-08-26,110372,1,300,0,1430.0
10109794NASCIMENTOR_2025-08-26_G13,10109794NASCIMENTOR,2025-08-26,111469,1,69,0,1776.0
10109794NASCIMENTOR_2025-08-26_G14,10109794NASCIMENTOR,2025-08-26,111532,1,17,0,530.0
10109794NASCIMENTOR_2025-08-27_G02,10109794NASCIMENTOR,2025-08-27,111466,1,42,0,670.0
10109794NASCIMENTOR_2025-08-27_G03,10109794NASCIMENTOR,2025-08-27,110787,1,30,0,341.0
10109794NASCIMENTOR_2025-08-27_G04,10109794NASCIMENTOR,2025-08-27,117831,1,55,0,342.0
10109794NASCIMENTOR_2025-08-27_G05,10109794NASCIMENTOR,2025-08-27,111462,1,40,0,592.0
10109794NASCIMENTOR_2025-08-27_G06,10109794NASCIMENTOR,2025-08-27,117785,1,30,0,310.0
10109794NASCIMENTOR_2025-08-27_G07,10109794NASCIMENTOR,2025-08-27,141456,1,50,0,414.0
10109794NASCIMENTOR_2025-08-27_G08,10109794NASCIMENTOR,2025-08-27,141457,1,50,0,675.0
10109794NASCIMENTOR_2025-08-27_G09,10109794NASCIMENTOR,2025-08-27,140922,1,18,0,337.0
10109794NASCIMENTOR_2025-08-27_G10,10109794NASCIMENTOR,2025-08-27,111441,1,20,0,1142.0
10109794NASCIMENTOR_2025-08-27_G11,10109794NASCIMENTOR,2025-08-27,110895,1,4,0,987.0
10109794NASCIMENTOR_2025-08-27_G12,10109794NASCIMENTOR,2025-08-27,110895,1,80,0,52.0
10109794NASCIMENTOR_2025-08-27_G13,10109794NASCIMENTOR,2025-08-27,110895,1,16,0,47.0
10109794NASCIMENTOR_2025-08-27_G14,10109794NASCIMENTOR,2025-08-27,108770,1,8,0,267.0
10109794NASCIMENTOR_2025-08-27_G15,10109794NASCIMENTOR,2025-08-27,141318,1,24,0,915.0
10109794NASCIMENTOR_2025-08-27_G16,10109794NASCIMENTOR,2025-08-27,117786,1,16,0,361.0
10109794NASCIMENTOR_2025-08-27_G17,10109794NASCIMENTOR,2025-08-27,117856,1,12,0,172.0
10109794NASCIMENTOR_2025-08-27_G18,10109794NASCIMENTOR,2025-08-27,108772,1,5,0,226.0
10109794NASCIMENTOR_2025-08-27_G19,10109794NASCIMENTOR,2025-08-27,110711,1,20,0,705.0
10109794NASCIMENTOR_2025-08-27_G20,10109794NASCIMENTOR,2025-08-27,111467,1,19,0,301.0
10109794NASCIMENTOR_2025-08-27_G21,10109794NASCIMENTOR,2025-08-27,110515,1,20,0,214.0
10109794NASCIMENTOR_2025-08-27_G22,10109794NASCIMENTOR,2025-08-27,117808,1,520,0,501.0
10109794NASCIMENTOR_2025-08-27_G24,10109794NASCIMENTOR,2025-08-27,105705,1,12,0,339.0
10109794NASCIMENTOR_2025-08-27_G25,10109794NASCIMENTOR,2025-08-27,111530,1,16,0,661.0
10109794NASCIMENTOR_2025-08-27_G26,10109794NASCIMENTOR,2025-08-27,111348,1,15,0,1192.0
10109794NASCIMENTOR_2025-08-27_G27,10109794NASCIMENTOR,2025-08-27,110740,1,8,0,76.0
10109794NASCIMENTOR_2025-08-27_G28,10109794NASCIMENTOR,2025-08-27,117935,1,6,0,226.0
10109794NASCIMENTOR_2025-08-27_G29,10109794NASCIMENTOR,2025-08-27,109640,1,6,0,184.0
10109794NASCIMENTOR_2025-08-27_G30,10109794NASCIMENTOR,2025-08-27,110313,1,9,0,220.0
10109794NASCIMENTOR_2025-08-27_G31,10109794NASCIMENTOR,2025-08-27,118299,1,2,0,1758.0
10109794NASCIMENTOR_2025-08-27_G32,10109794NASCIMENTOR,2025-08-27,117820,1,2,0,132.0
10109794NASCIMENTOR_2025-08-27_G33,10109794NASCIMENTOR,2025-08-27,110375,1,4,0,86.0
10109794NASCIMENTOR_2025-08-27_G34,10109794NASCIMENTOR,2025-08-27,111463,1,1,0,234.0
10109794NASCIMENTOR_2025-08-27_G35,10109794NASCIMENTOR,2025-08-27,117935,1,8,0,178.0
10109794NASCIMENTOR_2025-08-27_G36,10109794NASCIMENTOR,2025-08-27,108772,1,3,0,118.0
10109794NASCIMENTOR_2025-08-27_G37,10109794NASCIMENTOR,2025-08-27,111430,1,4,0,1138.0
10109794NASCIMENTOR_2025-08-27_G38,10109794NASCIMENTOR,2025-08-27,111430,1,9,0,33.0
10109794NASCIMENTOR_2025-08-28_G02,10109794NASCIMENTOR,2025-08-28,118306,1,4,0,81.0
10109794NASCIMENTOR_2025-08-28_G03,10109794NASCIMENTOR,2025-08-28,118306,1,16,0,192.0
10109794NASCIMENTOR_2025-08-28_G04,10109794NASCIMENTOR,2025-08-28,118306,1,4,0,43.0
10109794NASCIMENTOR_2025-08-28_G05,10109794NASCIMENTOR,2025-08-28,111463,1,2,0,1096.0
10109794NASCIMENTOR_2025-08-28_G06,10109794NASCIMENTOR,2025-08-28,105705,1,5,0,56.0
10109794NASCIMENTOR_2025-08-28_G07,10109794NASCIMENTOR,2025-08-28,111418,1,2,0,131.0
10109794NASCIMENTOR_2025-08-28_G08,10109794NASCIMENTOR,2025-08-28,110787,2,24,23,174.0
10109794NASCIMENTOR_2025-08-28_G09,10109794NASCIMENTOR,2025-08-28,110787,1,40,0,46.0
10109794NASCIMENTOR_2025-08-28_G10,10109794NASCIMENTOR,2025-08-28,111462,1,10,0,178.0
10109794NASCIMENTOR_2025-08-28_G11,10109794NASCIMENTOR,2025-08-28,111462,1,24,0,31.0
10109794NASCIMENTOR_2025-08-28_G12,10109794NASCIMENTOR,2025-08-28,"111469, 111441",2,93,26,849.0
10109794NASCIMENTOR_2025-08-28_G13,10109794NASCIMENTOR,2025-08-28,117831,1,20,0,3517.0
10109794NASCIMENTOR_2025-08-28_G14,10109794NASCIMENTOR,2025-08-28,110745,1,8,0,117.0
10109794NASCIMENTOR_2025-08-28_G15,10109794NASCIMENTOR,2025-08-28,109641,1,12,0,250.0
10109794NASCIMENTOR_2025-08-28_G16,10109794NASCIMENTOR,2025-08-28,111462,1,20,0,282.0
10109794NASCIMENTOR_2025-08-28_G17,10109794NASCIMENTOR,2025-08-28,141458,1,20,0,180.0
10109794NASCIMENTOR_2025-08-28_G18,10109794NASCIMENTOR,2025-08-28,111463,1,20,0,538.0
10109794NASCIMENTOR_2025-08-28_G19,10109794NASCIMENTOR,2025-08-28,111443,1,4,0,67.0
10109794NASCIMENTOR_2025-08-28_G20,10109794NASCIMENTOR,2025-08-28,117833,1,12,0,190.0
10109794NASCIMENTOR_2025-08-28_G21,10109794NASCIMENTOR,2025-08-28,140922,1,20,0,221.0
10109794NASCIMENTOR_2025-08-28_G22,10109794NASCIMENTOR,2025-08-28,117821,1,20,0,219.0
10109794NASCIMENTOR_2025-08-28_G23,10109794NASCIMENTOR,2025-08-28,141457,1,20,0,1955.0
10109794NASCIMENTOR_2025-08-28_G25,10109794NASCIMENTOR,2025-08-28,110376,1,40,0,415.0
10109794NASCIMENTOR_2025-08-28_G26,10109794NASCIMENTOR,2025-08-28,117832,1,30,0,196.0
10109794NASCIMENTOR_2025-08-28_G27,10109794NASCIMENTOR,2025-08-28,110372,1,150,0,604.0
10109794NASCIMENTOR_2025-08-28_G28,10109794NASCIMENTOR,2025-08-28,117809,1,60,0,335.0
10109794NASCIMENTOR_2025-08-28_G29,10109794NASCIMENTOR,2025-08-28,109643,1,20,0,276.0
10109794NASCIMENTOR_2025-08-28_G30,10109794NASCIMENTOR,2025-08-28,111441,1,4,0,464.0
10109794NASCIMENTOR_2025-08-28_G31,10109794NASCIMENTOR,2025-08-28,110895,1,20,0,52.0
10109794NASCIMENTOR_2025-08-28_G32,10109794NASCIMENTOR,2025-08-28,110582,1,4,0,173.0
10109794NASCIMENTOR_2025-08-28_G33,10109794NASCIMENTOR,2025-08-28,110755,1,4,0,140.0
10109794NASCIMENTOR_2025-08-28_G34,10109794NASCIMENTOR,2025-08-28,111430,2,10,10,61.0
10109794NASCIMENTOR_2025-08-28_G35,10109794NASCIMENTOR,2025-08-28,110841,1,4,0,524.0
10109794NASCIMENTOR_2025-08-28_G36,10109794NASCIMENTOR,2025-08-28,111356,1,1,0,84.0
10109794NASCIMENTOR_2025-08-28_G37,10109794NASCIMENTOR,2025-08-28,117834,1,4,0,158.0
10109794NASCIMENTOR_2025-08-28_G38,10109794NASCIMENTOR,2025-08-28,111861,2,3,7,394.0
10109794NASCIMENTOR_2025-08-28_G39,10109794NASCIMENTOR,2025-08-28,108770,1,4,0,100.0
10109794NASCIMENTOR_2025-08-28_G40,10109794NASCIMENTOR,2025-08-28,111569,1,4,0,84.0
10109794NASCIMENTOR_2025-08-28_G41,10109794NASCIMENTOR,2025-08-28,118222,1,12,0,199.0
10109794NASCIMENTOR_2025-08-28_G42,10109794NASCIMENTOR,2025-08-28,111437,1,4,0,355.0
10109794NASCIMENTOR_2025-08-28_G43,10109794NASCIMENTOR,2025-08-28,110733,3,8,16,1546.0
10109794NASCIMENTOR_2025-08-28_G44,10109794NASCIMENTOR,2025-08-28,111530,1,4,0,103.0
10109794NASCIMENTOR_2025-08-28_G45,10109794NASCIMENTOR,2025-08-28,110711,1,4,0,42.0
10109794NASCIMENTOR_2025-08-28_G46,10109794NASCIMENTOR,2025-08-28,117808,1,26,0,708.0
10109794NASCIMENTOR_2025-08-28_G47,10109794NASCIMENTOR,2025-08-28,117808,2,70,10,84.0
10109794NASCIMENTOR_2025-08-29_G02,10109794NASCIMENTOR,2025-08-29,118299,3,167,27,32.0
10109794NASCIMENTOR_2025-08-29_G03,10109794NASCIMENTOR,2025-08-29,118299,1,11,0,44.0
10109794NASCIMENTOR_2025-08-29_G04,10109794NASCIMENTOR,2025-08-29,"117830, 117808",5,109,59,278.0
10109794NASCIMENTOR_2025-08-29_G05,10109794NASCIMENTOR,2025-08-29,110373,2,14,8,525.0
10109794NASCIMENTOR_2025-08-29_G06,10109794NASCIMENTOR,2025-08-29,117809,3,54,31,163.0
10109794NASCIMENTOR_2025-08-29_G07,10109794NASCIMENTOR,2025-08-29,117820,4,34,27,438.0
10109794NASCIMENTOR_2025-08-29_G08,10109794NASCIMENTOR,2025-08-29,110374,1,30,0,1545.0
10109794NASCIMENTOR_2025-08-29_G09,10109794NASCIMENTOR,2025-08-29,110371,1,15,0,338.0
10109794NASCIMENTOR_2025-08-29_G10,10109794NASCIMENTOR,2025-08-29,110895,1,8,0,87.0
10109794NASCIMENTOR_2025-08-29_G11,10109794NASCIMENTOR,2025-08-29,111569,1,12,0,320.0
10109794NASCIMENTOR_2025-08-29_G12,10109794NASCIMENTOR,2025-08-29,111530,2,48,29,975.0
10109794NASCIMENTOR_2025-08-29_G13,10109794NASCIMENTOR,2025-08-29,117853,1,4,0,268.0
10109794NASCIMENTOR_2025-08-29_G14,10109794NASCIMENTOR,2025-08-29,117786,1,8,0,76.0
10109794NASCIMENTOR_2025-08-29_G15,10109794NASCIMENTOR,2025-08-29,110339,1,4,0,67.0
10109794NASCIMENTOR_2025-08-29_G16,10109794NASCIMENTOR,2025-08-29,111467,1,4,0,97.0
10109794NASCIMENTOR_2025-08-29_G17,10109794NASCIMENTOR,2025-08-29,110515,2,24,8,748.0
10109794NASCIMENTOR_2025-08-29_G18,10109794NASCIMENTOR,2025-08-29,117862,1,12,0,203.0
10109794NASCIMENTOR_2025-08-29_G19,10109794NASCIMENTOR,2025-08-29,110787,1,12,0,33.0
10109794NASCIMENTOR_2025-08-29_G20,10109794NASCIMENTOR,2025-08-29,118306,1,8,0,530.0
10109794NASCIMENTOR_2025-08-29_G22,10109794NASCIMENTOR,2025-08-29,111418,1,20,0,96.0
10109794NASCIMENTOR_2025-08-29_G23,10109794NASCIMENTOR,2025-08-29,111469,1,50,0,310.0
10109794NASCIMENTOR_2025-08-29_G24,10109794NASCIMENTOR,2025-08-29,111466,1,50,0,271.0
10109794NASCIMENTOR_2025-08-29_G25,10109794NASCIMENTOR,2025-08-29,111462,1,50,0,212.0
10109794NASCIMENTOR_2025-08-29_G26,10109794NASCIMENTOR,2025-08-29,111348,1,14,0,587.0
10109794NASCIMENTOR_2025-08-29_G27,10109794NASCIMENTOR,2025-08-29,109641,1,30,0,1788.0
10109794NASCIMENTOR_2025-08-29_G28,10109794NASCIMENTOR,2025-08-29,109640,1,20,0,477.0
10109794NASCIMENTOR_2025-08-29_G29,10109794NASCIMENTOR,2025-08-29,141261,2,16,8,1399.0
10109794NASCIMENTOR_2025-08-29_G30,10109794NASCIMENTOR,2025-08-29,111751,2,12,7,167.0
10109794NASCIMENTOR_2025-08-29_G31,10109794NASCIMENTOR,2025-08-29,111722,2,12,6,117.0
10109794NASCIMENTOR_2025-08-30_G02,10109794NASCIMENTOR,2025-08-30,111740,2,12,12,668.0
10109794NASCIMENTOR_2025-08-30_G03,10109794NASCIMENTOR,2025-08-30,141262,2,18,8,318.0
10109794NASCIMENTOR_2025-08-30_G04,10109794NASCIMENTOR,2025-08-30,111763,2,2,13,1003.0
10109794NASCIMENTOR_2025-08-30_G05,10109794NASCIMENTOR,2025-08-30,118196,2,4,8,194.0
10109794NASCIMENTOR_2025-08-30_G06,10109794NASCIMENTOR,2025-08-30,110332,1,2,0,234.0
10109794NASCIMENTOR_2025-08-30_G07,10109794NASCIMENTOR,2025-08-30,101228,2,4,8,290.0
10109794NASCIMENTOR_2025-08-30_G08,10109794NASCIMENTOR,2025-08-30,111418,1,150,0,1807.0
10109794NASCIMENTOR_2025-08-30_G09,10109794NASCIMENTOR,2025-08-30,118140,1,200,0,975.0
10109794NASCIMENTOR_2025-08-30_G10,10109794NASCIMENTOR,2025-08-30,117808,1,180,0,2616.0
10109794NASCIMENTOR_2025-08-30_G11,10109794NASCIMENTOR,2025-08-30,"110376, 117832",2,20,30,419.0
10109794NASCIMENTOR_2025-08-30_G12,10109794NASCIMENTOR,2025-08-30,117830,1,20,0,337.0
10109794NASCIMENTOR_2025-08-30_G13,10109794NASCIMENTOR,2025-08-30,117822,1,36,0,275.0
10109794NASCIMENTOR_2025-08-30_G14,10109794NASCIMENTOR,2025-08-30,117809,1,30,0,264.0
10109794NASCIMENTOR_2025-08-30_G15,10109794NASCIMENTOR,2025-08-30,118299,1,190,0,346.0
10109794NASCIMENTOR_2025-08-30_G17,10109794NASCIMENTOR,2025-08-30,141262,1,8,0,141.0
10109794NASCIMENTOR_2025-08-30_G18,10109794NASCIMENTOR,2025-08-30,141261,1,8,0,653.0
10109794NASCIMENTOR_2025-08-30_G19,10109794NASCIMENTOR,2025-08-30,111759,1,4,0,235.0
10109794NASCIMENTOR_2025-08-30_G20,10109794NASCIMENTOR,2025-08-30,111723,1,4,0,253.0
10109794NASCIMENTOR_2025-08-30_G21,10109794NASCIMENTOR,2025-08-30,141261,1,12,0,1260.0
10109794NASCIMENTOR_2025-08-30_G22,10109794NASCIMENTOR,2025-08-30,111722,1,6,0,128.0
10109794NASCIMENTOR_2025-08-30_G23,10109794NASCIMENTOR,2025-08-30,141262,1,24,0,258.0
10109794NASCIMENTOR_2025-08-30_G24,10109794NASCIMENTOR,2025-08-30,141261,1,8,0,608.0
10109794NASCIMENTOR_2025-08-30_G25,10109794NASCIMENTOR,2025-08-30,111463,1,7,0,1139.0
10109794NASCIMENTOR_2025-08-30_G26,10109794NASCIMENTOR,2025-08-30,117821,1,4,0,67.0
10109794NASCIMENTOR_2025-08-30_G27,10109794NASCIMENTOR,2025-08-30,111418,1,6,0,108.0
10109794NASCIMENTOR_2025-08-30_G28,10109794NASCIMENTOR,2025-08-30,111466,1,8,0,78.0
10109794NASCIMENTOR_2025-08-30_G29,10109794NASCIMENTOR,2025-08-30,109641,1,4,0,85.0
10109794NASCIMENTOR_2025-08-30_G30,10109794NASCIMENTOR,2025-08-30,111462,1,4,0,51.0
10109794NASCIMENTOR_2025-08-30_G31,10109794NASCIMENTOR,2025-08-30,111468,1,4,0,75.0
10109794NASCIMENTOR_2025-08-30_G32,10109794NASCIMENTOR,2025-08-30,111465,1,12,0,110.0
10109794NASCIMENTOR_2025-08-30_G33,10109794NASCIMENTOR,2025-08-30,110373,1,6,0,149.0
10109794NASCIMENTOR_2025-08-30_G34,10109794NASCIMENTOR,2025-08-30,118299,1,12,0,120.0
10109794NASCIMENTOR_2025-08-30_G35,10109794NASCIMENTOR,2025-08-30,117832,1,2,0,64.0
10109794NASCIMENTOR_2025-08-30_G36,10109794NASCIMENTOR,2025-08-30,110371,1,4,0,52.0
10109794NASCIMENTOR_2025-08-30_G37,10109794NASCIMENTOR,2025-08-30,117808,1,12,0,45.0
10109794NASCIMENTOR_2025-08-30_G38,10109794NASCIMENTOR,2025-08-30,111430,1,4,0,605.0
10109794NASCIMENTOR_2025-08-31_G02,10109794NASCIMENTOR,2025-08-31,110374,1,72,0,673.0
10109794NASCIMENTOR_2025-08-31_G03,10109794NASCIMENTOR,2025-08-31,118299,1,100,0,821.0
10109794NASCIMENTOR_2025-08-31_G04,10109794NASCIMENTOR,2025-08-31,110372,1,120,0,121.0
10109794NASCIMENTOR_2025-08-31_G05,10109794NASCIMENTOR,2025-08-31,110371,1,100,0,747.0
10109794NASCIMENTOR_2025-08-31_G06,10109794NASCIMENTOR,2025-08-31,117830,1,40,0,616.0
10109794NASCIMENTOR_2025-08-31_G07,10109794NASCIMENTOR,2025-08-31,117820,1,40,0,871.0
10109794NASCIMENTOR_2025-08-31_G08,10109794NASCIMENTOR,2025-08-31,118299,1,398,0,2159.0
10109794NASCIMENTOR_2025-08-31_G09,10109794NASCIMENTOR,2025-08-31,110325,1,20,0,234.0
10109794NASCIMENTOR_2025-08-31_G10,10109794NASCIMENTOR,2025-08-31,117832,1,30,0,110.0
10109794NASCIMENTOR_2025-08-31_G11,10109794NASCIMENTOR,2025-08-31,117830,1,22,0,451.0
10109794NASCIMENTOR_2025-08-31_G12,10109794NASCIMENTOR,2025-08-31,117820,1,70,0,412.0
10109794NASCIMENTOR_2025-08-31_G13,10109794NASCIMENTOR,2025-08-31,117808,1,180,0,893.0
10109794NASCIMENTOR_2025-08-31_G14,10109794NASCIMENTOR,2025-08-31,117809,1,40,0,33.0
10109794NASCIMENTOR_2025-08-31_G15,10109794NASCIMENTOR,2025-08-31,110375,1,40,0,64.0
10109794NASCIMENTOR_2025-09-03_G02,10109794NASCIMENTOR,2025-09-03,141456,1,500,0,958.0
10109794NASCIMENTOR_2025-09-03_G03,10109794NASCIMENTOR,2025-09-03,117785,1,535,0,849.0
10109794NASCIMENTOR_2025-09-03_G04,10109794NASCIMENTOR,2025-09-03,110745,1,40,0,1215.0
10109794NASCIMENTOR_2025-09-03_G05,10109794NASCIMENTOR,2025-09-03,107236,1,13,0,95.0
10109794NASCIMENTOR_2025-09-03_G06,10109794NASCIMENTOR,2025-09-03,"118330, 141458",2,322,9,105.0
10109794NASCIMENTOR_2025-09-03_G07,10109794NASCIMENTOR,2025-09-03,111465,1,4,0,57.0
10109794NASCIMENTOR_2025-09-03_G08,10109794NASCIMENTOR,2025-09-03,111759,1,21,0,408.0
10109794NASCIMENTOR_2025-09-03_G09,10109794NASCIMENTOR,2025-09-03,117808,1,380,0,1361.0
10109794NASCIMENTOR_2025-09-04_G02,10109794NASCIMENTOR,2025-09-04,118140,1,10,0,146.0
10109794NASCIMENTOR_2025-09-04_G03,10109794NASCIMENTOR,2025-09-04,110751,1,4,0,335.0
10109794NASCIMENTOR_2025-09-04_G04,10109794NASCIMENTOR,2025-09-04,111463,1,10,0,159.0
10109794NASCIMENTOR_2025-09-04_G05,10109794NASCIMENTOR,2025-09-04,111743,1,10,0,225.0
10109794NASCIMENTOR_2025-09-04_G06,10109794NASCIMENTOR,2025-09-04,117821,1,5,0,96.0
10109794NASCIMENTOR_2025-09-04_G07,10109794NASCIMENTOR,2025-09-04,141456,1,10,0,41.0
10109794NASCIMENTOR_2025-09-04_G08,10109794NASCIMENTOR,2025-09-04,141457,1,10,0,619.0
10109794NASCIMENTOR_2025-09-04_G09,10109794NASCIMENTOR,2025-09-04,111418,1,10,0,182.0
10109794NASCIMENTOR_2025-09-04_G10,10109794NASCIMENTOR,2025-09-04,110748,1,6,0,150.0
10109794NASCIMENTOR_2025-09-04_G11,10109794NASCIMENTOR,2025-09-04,117785,1,10,0,120.0
10109794NASCIMENTOR_2025-09-04_G12,10109794NASCIMENTOR,2025-09-04,110745,1,10,0,231.0
10109794NASCIMENTOR_2025-09-04_G13,10109794NASCIMENTOR,2025-09-04,111330,1,3,0,445.0
10109794NASCIMENTOR_2025-09-04_G14,10109794NASCIMENTOR,2025-09-04,141823,1,5,0,51.0
10109794NASCIMENTOR_2025-09-04_G15,10109794NASCIMENTOR,2025-09-04,118330,1,8,0,266.0
10109794NASCIMENTOR_2025-09-04_G16,10109794NASCIMENTOR,2025-09-04,110740,1,5,0,98.0
10109794NASCIMENTOR_2025-09-04_G17,10109794NASCIMENTOR,2025-09-04,"108711, 111433",2,12,10,2629.0
10109794NASCIMENTOR_2025-09-04_G18,10109794NASCIMENTOR,2025-09-04,111469,1,24,0,213.0
10109794NASCIMENTOR_2025-09-04_G19,10109794NASCIMENTOR,2025-09-04,110313,1,2,0,798.0
10109794NASCIMENTOR_2025-09-04_G20,10109794NASCIMENTOR,2025-09-04,117862,1,10,0,166.0
10109794NASCIMENTOR_2025-09-04_G21,10109794NASCIMENTOR,2025-09-04,117856,1,4,0,94.0
10109794NASCIMENTOR_2025-09-04_G22,10109794NASCIMENTOR,2025-09-04,110741,1,4,0,78.0
10109794NASCIMENTOR_2025-09-04_G23,10109794NASCIMENTOR,2025-09-04,118094,1,10,0,118.0
10109794NASCIMENTOR_2025-09-04_G24,10109794NASCIMENTOR,2025-09-04,117935,4,33,33,529.0
10109794NASCIMENTOR_2025-09-04_G25,10109794NASCIMENTOR,2025-09-04,"110733, 117855",2,32,20,254.0
10109794NASCIMENTOR_2025-09-04_G26,10109794NASCIMENTOR,2025-09-04,117837,1,4,0,138.0
10109794NASCIMENTOR_2025-09-04_G27,10109794NASCIMENTOR,2025-09-04,110515,1,10,0,50.0
10109794NASCIMENTOR_2025-09-04_G29,10109794NASCIMENTOR,2025-09-04,111743,1,30,0,171.0
10109794NASCIMENTOR_2025-09-04_G30,10109794NASCIMENTOR,2025-09-04,109641,1,9,0,473.0
10109794NASCIMENTOR_2025-09-04_G31,10109794NASCIMENTOR,2025-09-04,117787,1,24,0,377.0
10109794NASCIMENTOR_2025-09-04_G32,10109794NASCIMENTOR,2025-09-04,111434,1,8,0,142.0
10109794NASCIMENTOR_2025-09-04_G33,10109794NASCIMENTOR,2025-09-04,109645,1,10,0,239.0
10109794NASCIMENTOR_2025-09-04_G34,10109794NASCIMENTOR,2025-09-04,105705,1,8,0,531.0
10109794NASCIMENTOR_2025-09-04_G35,10109794NASCIMENTOR,2025-09-04,111418,2,183,16,384.0
10109794NASCIMENTOR_2025-09-04_G36,10109794NASCIMENTOR,2025-09-04,111532,1,24,0,284.0
10109794NASCIMENTOR_2025-09-04_G37,10109794NASCIMENTOR,2025-09-04,118223,1,4,0,61.0
10109794NASCIMENTOR_2025-09-04_G38,10109794NASCIMENTOR,2025-09-04,110745,1,8,0,304.0
10109794NASCIMENTOR_2025-09-04_G39,10109794NASCIMENTOR,2025-09-04,117833,1,16,0,633.0
10109794NASCIMENTOR_2025-09-04_G40,10109794NASCIMENTOR,2025-09-04,111330,1,21,0,145.0
10109794NASCIMENTOR_2025-09-04_G41,10109794NASCIMENTOR,2025-09-04,111348,1,12,0,365.0
10109794NASCIMENTOR_2025-09-04_G42,10109794NASCIMENTOR,2025-09-04,141823,1,9,0,181.0
10109794NASCIMENTOR_2025-09-04_G43,10109794NASCIMENTOR,2025-09-04,111444,1,4,0,92.0
10109794NASCIMENTOR_2025-09-04_G44,10109794NASCIMENTOR,2025-09-04,111468,1,12,0,340.0
10109794NASCIMENTOR_2025-09-04_G45,10109794NASCIMENTOR,2025-09-04,111465,1,34,0,439.0
10109794NASCIMENTOR_2025-09-04_G46,10109794NASCIMENTOR,2025-09-04,110740,1,44,0,499.0
10109794NASCIMENTOR_2025-09-04_G47,10109794NASCIMENTOR,2025-09-04,117820,1,9,0,1068.0
10109794NASCIMENTOR_2025-09-04_G48,10109794NASCIMENTOR,2025-09-04,118299,1,20,0,99.0
10109794NASCIMENTOR_2025-09-04_G49,10109794NASCIMENTOR,2025-09-04,111418,1,6,0,202.0
10109794NASCIMENTOR_2025-09-04_G50,10109794NASCIMENTOR,2025-09-04,117785,1,2,0,109.0
10109794NASCIMENTOR_2025-09-05_G02,10109794NASCIMENTOR,2025-09-05,117836,1,2,0,64.0
10109794NASCIMENTOR_2025-09-05_G03,10109794NASCIMENTOR,2025-09-05,107629,1,4,0,203.0
10109794NASCIMENTOR_2025-09-05_G04,10109794NASCIMENTOR,2025-09-05,110752,1,1,0,116.0
10109794NASCIMENTOR_2025-09-05_G05,10109794NASCIMENTOR,2025-09-05,110339,1,4,0,192.0
10109794NASCIMENTOR_2025-09-05_G06,10109794NASCIMENTOR,2025-09-05,117837,1,2,0,165.0
10109794NASCIMENTOR_2025-09-05_G07,10109794NASCIMENTOR,2025-09-05,109643,1,6,0,1025.0
10109794NASCIMENTOR_2025-09-05_G08,10109794NASCIMENTOR,2025-09-05,110374,1,2,0,48.0
10109794NASCIMENTOR_2025-09-05_G09,10109794NASCIMENTOR,2025-09-05,117820,1,4,0,51.0
10109794NASCIMENTOR_2025-09-05_G10,10109794NASCIMENTOR,2025-09-05,110373,1,3,0,86.0
10109794NASCIMENTOR_2025-09-05_G11,10109794NASCIMENTOR,2025-09-05,117808,1,6,0,64.0
10109794NASCIMENTOR_2025-09-05_G12,10109794NASCIMENTOR,2025-09-05,117840,1,4,0,98.0
10109794NASCIMENTOR_2025-09-05_G13,10109794NASCIMENTOR,2025-09-05,110372,1,8,0,168.0
10109794NASCIMENTOR_2025-09-05_G14,10109794NASCIMENTOR,2025-09-05,117832,1,4,0,216.0
10109794NASCIMENTOR_2025-09-05_G15,10109794NASCIMENTOR,2025-09-05,118299,1,8,0,270.0
10109794NASCIMENTOR_2025-09-05_G16,10109794NASCIMENTOR,2025-09-05,110376,1,4,0,87.0
10109794NASCIMENTOR_2025-09-05_G17,10109794NASCIMENTOR,2025-09-05,117830,1,4,0,148.0
10109794NASCIMENTOR_2025-09-05_G18,10109794NASCIMENTOR,2025-09-05,117809,1,5,0,99.0
10109794NASCIMENTOR_2025-09-05_G19,10109794NASCIMENTOR,2025-09-05,111463,1,2,0,139.0
10109794NASCIMENTOR_2025-09-05_G20,10109794NASCIMENTOR,2025-09-05,108711,1,2,0,100.0
10109794NASCIMENTOR_2025-09-05_G21,10109794NASCIMENTOR,2025-09-05,"110787, 141456",2,5,8,249.0
10109794NASCIMENTOR_2025-09-05_G22,10109794NASCIMENTOR,2025-09-05,109645,1,2,0,152.0
10109794NASCIMENTOR_2025-09-05_G23,10109794NASCIMENTOR,2025-09-05,"141457, 110745",2,7,23,65.0
10109794NASCIMENTOR_2025-09-05_G24,10109794NASCIMENTOR,2025-09-05,"117831, 111444",2,8,7,143.0
10109794NASCIMENTOR_2025-09-05_G25,10109794NASCIMENTOR,2025-09-05,141458,1,6,0,108.0
10109794NASCIMENTOR_2025-09-05_G26,10109794NASCIMENTOR,2025-09-05,110743,1,2,0,1235.0
10109794NASCIMENTOR_2025-09-05_G27,10109794NASCIMENTOR,2025-09-05,111463,1,2,0,62.0
10109794NASCIMENTOR_2025-09-05_G28,10109794NASCIMENTOR,2025-09-05,140922,1,6,0,74.0
10109794NASCIMENTOR_2025-09-05_G29,10109794NASCIMENTOR,2025-09-05,111743,1,2,0,40.0
10109794NASCIMENTOR_2025-09-05_G30,10109794NASCIMENTOR,2025-09-05,108794,1,2,0,81.0
10109794NASCIMENTOR_2025-09-05_G31,10109794NASCIMENTOR,2025-09-05,111418,1,6,0,78.0
10109794NASCIMENTOR_2025-09-05_G32,10109794NASCIMENTOR,2025-09-05,"111532, 117833",2,7,8,56.0
10109794NASCIMENTOR_2025-09-05_G33,10109794NASCIMENTOR,2025-09-05,141823,1,3,0,64.0
10109794NASCIMENTOR_2025-09-05_G34,10109794NASCIMENTOR,2025-09-05,111468,1,4,0,69.0
10109794NASCIMENTOR_2025-09-05_G35,10109794NASCIMENTOR,2025-09-05,117820,1,10,0,238.0
10109794NASCIMENTOR_2025-09-05_G36,10109794NASCIMENTOR,2025-09-05,117808,1,7,0,90.0
10109794NASCIMENTOR_2025-09-05_G37,10109794NASCIMENTOR,2025-09-05,110372,1,12,0,79.0
10109794NASCIMENTOR_2025-09-05_G38,10109794NASCIMENTOR,2025-09-05,"118299, 110376",2,17,6,117.0
10109794NASCIMENTOR_2025-09-05_G39,10109794NASCIMENTOR,2025-09-05,110375,1,6,0,783.0
10109794NASCIMENTOR_2025-09-05_G40,10109794NASCIMENTOR,2025-09-05,110376,1,4,0,80.0
10109794NASCIMENTOR_2025-09-05_G41,10109794NASCIMENTOR,2025-09-05,117809,1,2,0,104.0
10109794NASCIMENTOR_2025-09-05_G42,10109794NASCIMENTOR,2025-09-05,117837,1,2,0,40.0
10109794NASCIMENTOR_2025-09-05_G43,10109794NASCIMENTOR,2025-09-05,108795,1,2,0,685.0
10109794NASCIMENTOR_2025-09-05_G44,10109794NASCIMENTOR,2025-09-05,108701,1,1,0,33.0
10109794NASCIMENTOR_2025-09-05_G46,10109794NASCIMENTOR,2025-09-05,117808,1,100,0,1056.0
10109794NASCIMENTOR_2025-09-05_G47,10109794NASCIMENTOR,2025-09-05,117820,1,60,0,374.0
10109794NASCIMENTOR_2025-09-05_G48,10109794NASCIMENTOR,2025-09-05,110373,1,136,0,142.0
10109794NASCIMENTOR_2025-09-05_G49,10109794NASCIMENTOR,2025-09-05,110371,1,30,0,1039.0
10109794NASCIMENTOR_2025-09-05_G50,10109794NASCIMENTOR,2025-09-05,118140,1,20,0,253.0
10109794NASCIMENTOR_2025-09-05_G51,10109794NASCIMENTOR,2025-09-05,117838,1,12,0,269.0
10109794NASCIMENTOR_2025-09-05_G52,10109794NASCIMENTOR,2025-09-05,111463,1,20,0,166.0
10109794NASCIMENTOR_2025-09-05_G53,10109794NASCIMENTOR,2025-09-05,108794,1,40,0,559.0
10109794NASCIMENTOR_2025-09-05_G54,10109794NASCIMENTOR,2025-09-05,111348,1,10,0,280.0
10109794NASCIMENTOR_2025-09-05_G55,10109794NASCIMENTOR,2025-09-05,111444,1,12,0,89.0
10109794NASCIMENTOR_2025-09-05_G56,10109794NASCIMENTOR,2025-09-05,110740,1,10,0,129.0
10109794NASCIMENTOR_2025-09-05_G57,10109794NASCIMENTOR,2025-09-05,109645,1,6,0,133.0
10109794NASCIMENTOR_2025-09-05_G58,10109794NASCIMENTOR,2025-09-05,117785,1,90,0,442.0
10109794NASCIMENTOR_2025-09-05_G59,10109794NASCIMENTOR,2025-09-05,117831,1,40,0,374.0
10109794NASCIMENTOR_2025-09-05_G60,10109794NASCIMENTOR,2025-09-05,107263,1,3,0,816.0
10109794NASCIMENTOR_2025-09-05_G61,10109794NASCIMENTOR,2025-09-05,108711,1,20,0,315.0
10109794NASCIMENTOR_2025-09-05_G62,10109794NASCIMENTOR,2025-09-05,111418,1,100,0,499.0
10109794NASCIMENTOR_2025-09-05_G63,10109794NASCIMENTOR,2025-09-05,110787,1,18,0,154.0
10109794NASCIMENTOR_2025-09-05_G64,10109794NASCIMENTOR,2025-09-05,111466,1,20,0,342.0
10109794NASCIMENTOR_2025-09-06_G02,10109794NASCIMENTOR,2025-09-06,108794,1,500,0,2020.0
10109794NASCIMENTOR_2025-09-06_G03,10109794NASCIMENTOR,2025-09-06,107629,1,500,0,1546.0
10109794NASCIMENTOR_2025-09-06_G04,10109794NASCIMENTOR,2025-09-06,117808,1,1200,0,2751.0
10109794NASCIMENTOR_2025-09-06_G05,10109794NASCIMENTOR,2025-09-06,118299,1,4,0,698.0
10109794NASCIMENTOR_2025-09-06_G06,10109794NASCIMENTOR,2025-09-06,109640,1,5,0,303.0
10109794NASCIMENTOR_2025-09-08_G02,10109794NASCIMENTOR,2025-09-08,110374,1,1,0,242.0
10109794NASCIMENTOR_2025-09-08_G03,10109794NASCIMENTOR,2025-09-08,117820,1,4,0,51.0
10109794NASCIMENTOR_2025-09-08_G04,10109794NASCIMENTOR,2025-09-08,118299,1,5,0,96.0
10109794NASCIMENTOR_2025-09-08_G05,10109794NASCIMENTOR,2025-09-08,110372,1,2,0,129.0
10109794NASCIMENTOR_2025-09-08_G06,10109794NASCIMENTOR,2025-09-08,110371,1,14,0,103.0
10109794NASCIMENTOR_2025-09-08_G07,10109794NASCIMENTOR,2025-09-08,117830,1,3,0,109.0
10109794NASCIMENTOR_2025-09-08_G08,10109794NASCIMENTOR,2025-09-08,111463,1,4,0,401.0
10109794NASCIMENTOR_2025-09-08_G09,10109794NASCIMENTOR,2025-09-08,108711,1,2,0,46.0
10109794NASCIMENTOR_2025-09-08_G10,10109794NASCIMENTOR,2025-09-08,111443,1,2,0,57.0
10109794NASCIMENTOR_2025-09-08_G11,10109794NASCIMENTOR,2025-09-08,141823,1,2,0,137.0
10109794NASCIMENTOR_2025-09-08_G12,10109794NASCIMENTOR,2025-09-08,111532,1,7,0,487.0
10109794NASCIMENTOR_2025-09-08_G13,10109794NASCIMENTOR,2025-09-08,117831,1,4,0,271.0
10109794NASCIMENTOR_2025-09-08_G14,10109794NASCIMENTOR,2025-09-08,111468,1,3,0,274.0
10109794NASCIMENTOR_2025-09-08_G15,10109794NASCIMENTOR,2025-09-08,111465,1,2,0,194.0
10109794NASCIMENTOR_2025-09-08_G16,10109794NASCIMENTOR,2025-09-08,117862,1,1,0,266.0
10109794NASCIMENTOR_2025-09-08_G17,10109794NASCIMENTOR,2025-09-08,111530,1,5,0,293.0
10109794NASCIMENTOR_2025-09-08_G18,10109794NASCIMENTOR,2025-09-08,111467,1,2,0,240.0
10109794NASCIMENTOR_2025-09-08_G19,10109794NASCIMENTOR,2025-09-08,111530,1,29,0,355.0
10109794NASCIMENTOR_2025-09-08_G20,10109794NASCIMENTOR,2025-09-08,141313,1,2,0,503.0
10109794NASCIMENTOR_2025-09-08_G21,10109794NASCIMENTOR,2025-09-08,100334,1,3,0,306.0
10109794NASCIMENTOR_2025-09-08_G22,10109794NASCIMENTOR,2025-09-08,118222,1,3,0,259.0
10109794NASCIMENTOR_2025-09-08_G23,10109794NASCIMENTOR,2025-09-08,117862,1,2,0,121.0
10109794NASCIMENTOR_2025-09-08_G24,10109794NASCIMENTOR,2025-09-08,117856,1,7,0,102.0
10109794NASCIMENTOR_2025-09-08_G25,10109794NASCIMENTOR,2025-09-08,111467,1,1,0,133.0
10109794NASCIMENTOR_2025-09-08_G26,10109794NASCIMENTOR,2025-09-08,117808,1,4,0,155.0
10109794NASCIMENTOR_2025-09-08_G27,10109794NASCIMENTOR,2025-09-08,110374,1,7,0,66.0
10109794NASCIMENTOR_2025-09-08_G28,10109794NASCIMENTOR,2025-09-08,117820,1,4,0,49.0
10109794NASCIMENTOR_2025-09-08_G29,10109794NASCIMENTOR,2025-09-08,118299,1,7,0,64.0
10109794NASCIMENTOR_2025-09-08_G30,10109794NASCIMENTOR,2025-09-08,117830,1,4,0,816.0
10109794NASCIMENTOR_2025-09-08_G31,10109794NASCIMENTOR,2025-09-08,111469,1,29,0,526.0
10109794NASCIMENTOR_2025-09-08_G32,10109794NASCIMENTOR,2025-09-08,117831,1,2,0,93.0
10109794NASCIMENTOR_2025-09-08_G33,10109794NASCIMENTOR,2025-09-08,111468,1,1,0,76.0
10109794NASCIMENTOR_2025-09-08_G34,10109794NASCIMENTOR,2025-09-08,111443,1,7,0,166.0
10109794NASCIMENTOR_2025-09-08_G35,10109794NASCIMENTOR,2025-09-08,141823,1,10,0,94.0
10109794NASCIMENTOR_2025-09-09_G02,10109794NASCIMENTOR,2025-09-09,110372,1,12,0,106.0
10109794NASCIMENTOR_2025-09-09_G03,10109794NASCIMENTOR,2025-09-09,110373,1,3,0,87.0
10109794NASCIMENTOR_2025-09-09_G04,10109794NASCIMENTOR,2025-09-09,117808,1,15,0,211.0
10109794NASCIMENTOR_2025-09-09_G05,10109794NASCIMENTOR,2025-09-09,117830,1,14,0,238.0
10109794NASCIMENTOR_2025-09-09_G06,10109794NASCIMENTOR,2025-09-09,111463,1,4,0,198.0
10109794NASCIMENTOR_2025-09-09_G07,10109794NASCIMENTOR,2025-09-09,111443,1,4,0,113.0
10109794NASCIMENTOR_2025-09-09_G08,10109794NASCIMENTOR,2025-09-09,111418,1,4,0,138.0
10109794NASCIMENTOR_2025-09-09_G09,10109794NASCIMENTOR,2025-09-09,117831,1,3,0,280.0
10109794NASCIMENTOR_2025-09-09_G10,10109794NASCIMENTOR,2025-09-09,111468,1,3,0,107.0
10109794NASCIMENTOR_2025-09-09_G11,10109794NASCIMENTOR,2025-09-09,111465,1,1,0,71.0
10109794NASCIMENTOR_2025-09-09_G12,10109794NASCIMENTOR,2025-09-09,117862,1,6,0,686.0
10109794NASCIMENTOR_2025-09-09_G13,10109794NASCIMENTOR,2025-09-09,111467,1,2,0,132.0
10109794NASCIMENTOR_2025-09-09_G14,10109794NASCIMENTOR,2025-09-09,118222,1,3,0,151.0
10109794NASCIMENTOR_2025-09-09_G15,10109794NASCIMENTOR,2025-09-09,111569,1,4,0,176.0
10109794NASCIMENTOR_2025-09-09_G16,10109794NASCIMENTOR,2025-09-09,111463,1,12,0,574.0
10109794NASCIMENTOR_2025-09-09_G17,10109794NASCIMENTOR,2025-09-09,111463,1,4,0,65.0
10109794NASCIMENTOR_2025-09-09_G18,10109794NASCIMENTOR,2025-09-09,118094,1,4,0,364.0
10109794NASCIMENTOR_2025-09-09_G19,10109794NASCIMENTOR,2025-09-09,118299,1,200,0,135.0
10109794NASCIMENTOR_2025-09-09_G20,10109794NASCIMENTOR,2025-09-09,117809,1,10,0,957.0
10109794NASCIMENTOR_2025-09-09_G21,10109794NASCIMENTOR,2025-09-09,111466,1,780,0,2479.0
10109794NASCIMENTOR_2025-09-09_G22,10109794NASCIMENTOR,2025-09-09,110742,1,100,0,1657.0
10109794NASCIMENTOR_2025-09-09_G24,10109794NASCIMENTOR,2025-09-09,108770,1,10,0,552.0
10109794NASCIMENTOR_2025-09-09_G25,10109794NASCIMENTOR,2025-09-09,110623,1,5,0,99.0
10109794NASCIMENTOR_2025-09-09_G26,10109794NASCIMENTOR,2025-09-09,110310,1,5,0,149.0
10109794NASCIMENTOR_2025-09-09_G27,10109794NASCIMENTOR,2025-09-09,107892,1,13,0,141.0
10109794NASCIMENTOR_2025-09-09_G28,10109794NASCIMENTOR,2025-09-09,117789,1,2,0,116.0
10109794NASCIMENTOR_2025-09-09_G29,10109794NASCIMENTOR,2025-09-09,111660,1,15,0,297.0
10109794NASCIMENTOR_2025-09-09_G30,10109794NASCIMENTOR,2025-09-09,118222,1,250,0,828.0
10109794NASCIMENTOR_2025-09-09_G32,10109794NASCIMENTOR,2025-09-09,111418,1,981,0,742.0
10109794NASCIMENTOR_2025-09-10_G02,10109794NASCIMENTOR,2025-09-10,117862,1,13,0,107.0
10109794NASCIMENTOR_2025-09-10_G03,10109794NASCIMENTOR,2025-09-10,111876,1,4,0,75.0
10109794NASCIMENTOR_2025-09-10_G04,10109794NASCIMENTOR,2025-09-10,107629,1,4,0,99.0
10109794NASCIMENTOR_2025-09-10_G05,10109794NASCIMENTOR,2025-09-10,117861,1,8,0,113.0
10109794NASCIMENTOR_2025-09-10_G06,10109794NASCIMENTOR,2025-09-10,111467,1,72,0,339.0
10109794NASCIMENTOR_2025-09-10_G07,10109794NASCIMENTOR,2025-09-10,141047,1,50,0,214.0
10109794NASCIMENTOR_2025-09-10_G08,10109794NASCIMENTOR,2025-09-10,111602,1,96,0,697.0
10109794NASCIMENTOR_2025-09-10_G09,10109794NASCIMENTOR,2025-09-10,117831,1,49,0,2986.0
10109794NASCIMENTOR_2025-09-11_G02,10109794NASCIMENTOR,2025-09-11,117809,1,3,0,246.0
10109794NASCIMENTOR_2025-09-11_G03,10109794NASCIMENTOR,2025-09-11,117830,1,3,0,66.0
10109794NASCIMENTOR_2025-09-11_G04,10109794NASCIMENTOR,2025-09-11,141352,1,4,0,232.0
10109794NASCIMENTOR_2025-09-11_G05,10109794NASCIMENTOR,2025-09-11,117862,1,4,0,113.0
10109794NASCIMENTOR_2025-09-11_G06,10109794NASCIMENTOR,2025-09-11,117861,1,4,0,136.0
10109794NASCIMENTOR_2025-09-11_G07,10109794NASCIMENTOR,2025-09-11,111467,1,4,0,184.0
10109794NASCIMENTOR_2025-09-11_G08,10109794NASCIMENTOR,2025-09-11,110733,1,3,0,229.0
10109794NASCIMENTOR_2025-09-11_G09,10109794NASCIMENTOR,2025-09-11,117855,1,4,0,137.0
10109794NASCIMENTOR_2025-09-11_G10,10109794NASCIMENTOR,2025-09-11,141047,1,4,0,73.0
10109794NASCIMENTOR_2025-09-11_G11,10109794NASCIMENTOR,2025-09-11,110313,1,3,0,118.0
10109794NASCIMENTOR_2025-09-11_G12,10109794NASCIMENTOR,2025-09-11,111569,1,4,0,920.0
10109794NASCIMENTOR_2025-09-11_G13,10109794NASCIMENTOR,2025-09-11,111441,1,4,0,109.0
10109794NASCIMENTOR_2025-09-11_G14,10109794NASCIMENTOR,2025-09-11,110742,1,4,0,149.0
10109794NASCIMENTOR_2025-09-11_G15,10109794NASCIMENTOR,2025-09-11,108770,1,3,0,149.0
10109794NASCIMENTOR_2025-09-11_G16,10109794NASCIMENTOR,2025-09-11,110747,1,4,0,101.0
10109794NASCIMENTOR_2025-09-11_G17,10109794NASCIMENTOR,2025-09-11,108795,1,4,0,345.0
10109794NASCIMENTOR_2025-09-11_G18,10109794NASCIMENTOR,2025-09-11,111433,1,2,0,56.0
10109794NASCIMENTOR_2025-09-11_G19,10109794NASCIMENTOR,2025-09-11,111418,1,4,0,78.0
10109794NASCIMENTOR_2025-09-11_G20,10109794NASCIMENTOR,2025-09-11,116241,1,2,0,66.0
10109794NASCIMENTOR_2025-09-11_G21,10109794NASCIMENTOR,2025-09-11,108711,1,4,0,96.0
10109794NASCIMENTOR_2025-09-11_G22,10109794NASCIMENTOR,2025-09-11,111443,1,2,0,59.0
10109794NASCIMENTOR_2025-09-11_G23,10109794NASCIMENTOR,2025-09-11,109641,1,4,0,76.0
10109794NASCIMENTOR_2025-09-11_G24,10109794NASCIMENTOR,2025-09-11,118140,1,1,0,77.0
10109794NASCIMENTOR_2025-09-11_G25,10109794NASCIMENTOR,2025-09-11,117841,1,4,0,174.0
10109794NASCIMENTOR_2025-09-11_G26,10109794NASCIMENTOR,2025-09-11,111743,1,4,0,170.0
10109794NASCIMENTOR_2025-09-11_G27,10109794NASCIMENTOR,2025-09-11,111532,1,2,0,108.0
10109794NASCIMENTOR_2025-09-11_G28,10109794NASCIMENTOR,2025-09-11,117842,1,2,0,73.0
10109794NASCIMENTOR_2025-09-11_G29,10109794NASCIMENTOR,2025-09-11,109645,1,3,0,73.0
10109794NASCIMENTOR_2025-09-11_G30,10109794NASCIMENTOR,2025-09-11,105705,1,1,0,56.0
10109794NASCIMENTOR_2025-09-11_G31,10109794NASCIMENTOR,2025-09-11,107236,1,2,0,144.0
10109794NASCIMENTOR_2025-09-11_G32,10109794NASCIMENTOR,2025-09-11,117833,1,4,0,61.0
10109794NASCIMENTOR_2025-09-11_G33,10109794NASCIMENTOR,2025-09-11,117831,1,7,0,77.0
10109794NASCIMENTOR_2025-09-11_G34,10109794NASCIMENTOR,2025-09-11,111348,1,3,0,61.0
10109794NASCIMENTOR_2025-09-11_G35,10109794NASCIMENTOR,2025-09-11,140922,1,4,0,124.0
10109794NASCIMENTOR_2025-09-11_G36,10109794NASCIMENTOR,2025-09-11,111444,1,4,0,113.0
10109794NASCIMENTOR_2025-09-11_G37,10109794NASCIMENTOR,2025-09-11,111468,1,4,0,96.0
10109794NASCIMENTOR_2025-09-11_G38,10109794NASCIMENTOR,2025-09-11,141458,1,8,0,96.0
10109794NASCIMENTOR_2025-09-11_G39,10109794NASCIMENTOR,2025-09-11,110740,1,4,0,96.0
10109794NASCIMENTOR_2025-09-11_G40,10109794NASCIMENTOR,2025-09-11,117935,1,1,0,1136.0
10109794NASCIMENTOR_2025-09-11_G41,10109794NASCIMENTOR,2025-09-11,"111469, 111468",2,3,13,950.0
10109794NASCIMENTOR_2025-09-12_G02,10109794NASCIMENTOR,2025-09-12,117808,1,20,0,205.0
10109794NASCIMENTOR_2025-09-12_G03,10109794NASCIMENTOR,2025-09-12,118299,1,20,0,173.0
10109794NASCIMENTOR_2025-09-12_G04,10109794NASCIMENTOR,2025-09-12,117861,1,2,0,323.0
10109794NASCIMENTOR_2025-09-12_G05,10109794NASCIMENTOR,2025-09-12,110756,1,4,0,61.0
10109794NASCIMENTOR_2025-09-12_G06,10109794NASCIMENTOR,2025-09-12,141352,1,4,0,142.0
10109794NASCIMENTOR_2025-09-12_G07,10109794NASCIMENTOR,2025-09-12,111441,1,4,0,199.0
10109794NASCIMENTOR_2025-09-12_G08,10109794NASCIMENTOR,2025-09-12,111418,1,4,0,245.0
10109794NASCIMENTOR_2025-09-12_G09,10109794NASCIMENTOR,2025-09-12,108711,1,4,0,50.0
10109794NASCIMENTOR_2025-09-12_G10,10109794NASCIMENTOR,2025-09-12,118140,1,4,0,115.0
10109794NASCIMENTOR_2025-09-12_G11,10109794NASCIMENTOR,2025-09-12,141456,1,4,0,500.0
10109794NASCIMENTOR_2025-09-12_G12,10109794NASCIMENTOR,2025-09-12,109645,1,2,0,94.0
10109794NASCIMENTOR_2025-09-12_G13,10109794NASCIMENTOR,2025-09-12,141457,1,4,0,112.0
10109794NASCIMENTOR_2025-09-12_G14,10109794NASCIMENTOR,2025-09-12,117831,1,8,0,144.0
10109794NASCIMENTOR_2025-09-12_G15,10109794NASCIMENTOR,2025-09-12,117808,1,20,0,1041.0
10109794NASCIMENTOR_2025-09-12_G16,10109794NASCIMENTOR,2025-09-12,117809,1,2,0,74.0
10109794NASCIMENTOR_2025-09-12_G17,10109794NASCIMENTOR,2025-09-12,118299,1,20,0,178.0
10109794NASCIMENTOR_2025-09-12_G19,10109794NASCIMENTOR,2025-09-12,108759,1,2,0,180.0
10109794NASCIMENTOR_2025-09-12_G20,10109794NASCIMENTOR,2025-09-12,"111430, 118418",2,8,6,58.0
10109794NASCIMENTOR_2025-09-12_G22,10109794NASCIMENTOR,2025-09-12,110313,1,12,0,284.0
10109794NASCIMENTOR_2025-09-12_G23,10109794NASCIMENTOR,2025-09-12,111775,1,2,0,1341.0
10109794NASCIMENTOR_2025-09-12_G24,10109794NASCIMENTOR,2025-09-12,110749,1,4,0,161.0
10109794NASCIMENTOR_2025-09-12_G25,10109794NASCIMENTOR,2025-09-12,110750,1,1,0,197.0
10109794NASCIMENTOR_2025-09-12_G26,10109794NASCIMENTOR,2025-09-12,118094,1,28,0,956.0
10109794NASCIMENTOR_2025-09-12_G27,10109794NASCIMENTOR,2025-09-12,141456,1,117,0,470.0
10109794NASCIMENTOR_2025-09-12_G28,10109794NASCIMENTOR,2025-09-12,117787,1,2,0,517.0
10109794NASCIMENTOR_2025-09-12_G29,10109794NASCIMENTOR,2025-09-12,109645,1,8,0,160.0
10109794NASCIMENTOR_2025-09-12_G30,10109794NASCIMENTOR,2025-09-12,105705,1,20,0,365.0
10109794NASCIMENTOR_2025-09-12_G31,10109794NASCIMENTOR,2025-09-12,110748,1,8,0,464.0
10109794NASCIMENTOR_2025-09-12_G32,10109794NASCIMENTOR,2025-09-12,107236,1,4,0,113.0
10109794NASCIMENTOR_2025-09-12_G33,10109794NASCIMENTOR,2025-09-12,117833,1,4,0,61.0
10109794NASCIMENTOR_2025-09-12_G34,10109794NASCIMENTOR,2025-09-12,117831,1,109,0,270.0
10109794NASCIMENTOR_2025-09-12_G35,10109794NASCIMENTOR,2025-09-12,141458,1,150,0,514.0
10109794NASCIMENTOR_2025-09-12_G36,10109794NASCIMENTOR,2025-09-12,111465,1,4,0,669.0
10109794NASCIMENTOR_2025-09-12_G37,10109794NASCIMENTOR,2025-09-12,111466,1,43,0,679.0
10109794NASCIMENTOR_2025-09-12_G38,10109794NASCIMENTOR,2025-09-12,111469,1,67,0,185.0
10109794NASCIMENTOR_2025-09-13_G02,10109794NASCIMENTOR,2025-09-13,110371,1,150,0,1112.0
10109794NASCIMENTOR_2025-09-13_G03,10109794NASCIMENTOR,2025-09-13,110373,1,300,0,454.0
10109794NASCIMENTOR_2025-09-13_G04,10109794NASCIMENTOR,2025-09-13,110372,1,300,0,720.0
10109794NASCIMENTOR_2025-09-14_G02,10109794NASCIMENTOR,2025-09-14,110740,1,120,0,773.0
10109794NASCIMENTOR_2025-09-14_G03,10109794NASCIMENTOR,2025-09-14,111469,1,120,0,692.0
10109794NASCIMENTOR_2025-09-14_G04,10109794NASCIMENTOR,2025-09-14,117831,1,130,0,1273.0
10109794NASCIMENTOR_2025-09-14_G05,10109794NASCIMENTOR,2025-09-14,110374,1,4,0,2092.0
10109794NASCIMENTOR_2025-09-14_G06,10109794NASCIMENTOR,2025-09-14,110373,1,30,0,262.0
10109794NASCIMENTOR_2025-09-14_G07,10109794NASCIMENTOR,2025-09-14,118299,1,10,0,104.0
10109794NASCIMENTOR_2025-09-14_G08,10109794NASCIMENTOR,2025-09-14,117808,1,12,0,120.0
10109794NASCIMENTOR_2025-09-14_G09,10109794NASCIMENTOR,2025-09-14,117935,1,2,0,605.0
10109794NASCIMENTOR_2025-09-14_G10,10109794NASCIMENTOR,2025-09-14,107629,1,1,0,87.0
10109794NASCIMENTOR_2025-09-14_G11,10109794NASCIMENTOR,2025-09-14,111467,1,3,0,79.0
10109794NASCIMENTOR_2025-09-14_G12,10109794NASCIMENTOR,2025-09-14,110733,1,4,0,414.0
10109794NASCIMENTOR_2025-09-15_G02,10109794NASCIMENTOR,2025-09-15,118094,1,1,0,225.0
10109794NASCIMENTOR_2025-09-15_G03,10109794NASCIMENTOR,2025-09-15,118222,1,12,0,434.0
10109794NASCIMENTOR_2025-09-15_G04,10109794NASCIMENTOR,2025-09-15,108759,1,4,0,85.0
10109794NASCIMENTOR_2025-09-15_G05,10109794NASCIMENTOR,2025-09-15,110742,1,4,0,285.0
10109794NASCIMENTOR_2025-09-15_G06,10109794NASCIMENTOR,2025-09-15,110755,1,12,0,511.0
10109794NASCIMENTOR_2025-09-15_G07,10109794NASCIMENTOR,2025-09-15,111569,1,5,0,100.0
10109794NASCIMENTOR_2025-09-15_G08,10109794NASCIMENTOR,2025-09-15,117835,1,2,0,66.0
10109794NASCIMENTOR_2025-09-15_G09,10109794NASCIMENTOR,2025-09-15,111438,1,5,0,74.0
10109794NASCIMENTOR_2025-09-15_G10,10109794NASCIMENTOR,2025-09-15,111660,1,6,0,70.0
10109794NASCIMENTOR_2025-09-15_G11,10109794NASCIMENTOR,2025-09-15,111433,1,2,0,908.0
10109794NASCIMENTOR_2025-09-15_G12,10109794NASCIMENTOR,2025-09-15,117785,1,6,0,114.0
10109794NASCIMENTOR_2025-09-15_G13,10109794NASCIMENTOR,2025-09-15,111418,1,34,0,172.0
10109794NASCIMENTOR_2025-09-15_G14,10109794NASCIMENTOR,2025-09-15,111443,1,2,0,93.0
10109794NASCIMENTOR_2025-09-15_G15,10109794NASCIMENTOR,2025-09-15,141823,1,4,0,99.0
10109794NASCIMENTOR_2025-09-15_G16,10109794NASCIMENTOR,2025-09-15,141823,1,4,0,42.0
10109794NASCIMENTOR_2025-09-15_G17,10109794NASCIMENTOR,2025-09-15,108794,1,3,0,175.0
10109794NASCIMENTOR_2025-09-15_G18,10109794NASCIMENTOR,2025-09-15,118140,1,12,0,444.0
10109794NASCIMENTOR_2025-09-15_G19,10109794NASCIMENTOR,2025-09-15,111466,1,12,0,335.0
10109794NASCIMENTOR_2025-09-15_G20,10109794NASCIMENTOR,2025-09-15,"117833, 140922",2,4,7,1094.0
10109794NASCIMENTOR_2025-09-15_G21,10109794NASCIMENTOR,2025-09-15,117831,1,3,0,101.0
10109794NASCIMENTOR_2025-09-15_G22,10109794NASCIMENTOR,2025-09-15,117862,1,8,0,1024.0
10109794NASCIMENTOR_2025-09-15_G23,10109794NASCIMENTOR,2025-09-15,110741,1,2,0,81.0
10109794NASCIMENTOR_2025-09-15_G24,10109794NASCIMENTOR,2025-09-15,107629,1,3,0,50.0
10109794NASCIMENTOR_2025-09-15_G25,10109794NASCIMENTOR,2025-09-15,111467,1,3,0,59.0
10109794NASCIMENTOR_2025-09-15_G26,10109794NASCIMENTOR,2025-09-15,117861,1,4,0,75.0
10109794NASCIMENTOR_2025-09-15_G27,10109794NASCIMENTOR,2025-09-15,110733,1,6,0,53.0
10109794NASCIMENTOR_2025-09-15_G28,10109794NASCIMENTOR,2025-09-15,141047,1,8,0,174.0
10109794NASCIMENTOR_2025-09-15_G29,10109794NASCIMENTOR,2025-09-15,110313,1,3,0,115.0
10109794NASCIMENTOR_2025-09-15_G30,10109794NASCIMENTOR,2025-09-15,110752,1,4,0,98.0
10109794NASCIMENTOR_2025-09-15_G31,10109794NASCIMENTOR,2025-09-15,111441,1,2,0,749.0
10109794NASCIMENTOR_2025-09-15_G32,10109794NASCIMENTOR,2025-09-15,118306,1,2,0,77.0
10109794NASCIMENTOR_2025-09-15_G33,10109794NASCIMENTOR,2025-09-15,110742,1,4,0,359.0
10109794NASCIMENTOR_2025-09-15_G34,10109794NASCIMENTOR,2025-09-15,116527,1,2,0,107.0
10109794NASCIMENTOR_2025-09-15_G35,10109794NASCIMENTOR,2025-09-15,110755,1,8,0,106.0
10109794NASCIMENTOR_2025-09-15_G36,10109794NASCIMENTOR,2025-09-15,108770,1,2,0,136.0
10109794NASCIMENTOR_2025-09-15_G37,10109794NASCIMENTOR,2025-09-15,111660,1,4,0,158.0
10109794NASCIMENTOR_2025-09-15_G38,10109794NASCIMENTOR,2025-09-15,118222,1,12,0,32.0
10109794NASCIMENTOR_2025-09-15_G40,10109794NASCIMENTOR,2025-09-15,117832,1,4,0,84.0
10109794NASCIMENTOR_2025-09-15_G41,10109794NASCIMENTOR,2025-09-15,118251,1,3,0,217.0
10109794NASCIMENTOR_2025-09-15_G42,10109794NASCIMENTOR,2025-09-15,118222,1,3,0,186.0
10109794NASCIMENTOR_2025-09-15_G43,10109794NASCIMENTOR,2025-09-15,111441,1,10,0,962.0
10109794NASCIMENTOR_2025-09-15_G44,10109794NASCIMENTOR,2025-09-15,118253,1,12,0,275.0
10109794NASCIMENTOR_2025-09-15_G45,10109794NASCIMENTOR,2025-09-15,111569,1,32,0,375.0
10109794NASCIMENTOR_2025-09-15_G46,10109794NASCIMENTOR,2025-09-15,109649,1,11,0,2474.0
10109794NASCIMENTOR_2025-09-15_G47,10109794NASCIMENTOR,2025-09-15,108798,1,8,0,162.0
10109794NASCIMENTOR_2025-09-15_G48,10109794NASCIMENTOR,2025-09-15,111532,1,6,0,65.0
10109794NASCIMENTOR_2025-09-15_G49,10109794NASCIMENTOR,2025-09-15,111434,1,4,0,84.0
10109794NASCIMENTOR_2025-09-15_G50,10109794NASCIMENTOR,2025-09-15,118140,1,460,0,712.0
10109794NASCIMENTOR_2025-09-15_G51,10109794NASCIMENTOR,2025-09-15,111462,1,200,0,1188.0
10109794NASCIMENTOR_2025-09-15_G52,10109794NASCIMENTOR,2025-09-15,141458,1,50,0,888.0
10109794NASCIMENTOR_2025-09-15_G53,10109794NASCIMENTOR,2025-09-15,118330,1,2,0,158.0
10109794NASCIMENTOR_2025-09-15_G54,10109794NASCIMENTOR,2025-09-15,110374,1,154,0,451.0
10109794NASCIMENTOR_2025-09-15_G55,10109794NASCIMENTOR,2025-09-15,107830,1,10,0,170.0
10109794NASCIMENTOR_2025-09-16_G02,10109794NASCIMENTOR,2025-09-16,117862,1,85,0,542.0
10109794NASCIMENTOR_2025-09-16_G03,10109794NASCIMENTOR,2025-09-16,111469,1,57,0,468.0
10109794NASCIMENTOR_2025-09-16_G05,10109794NASCIMENTOR,2025-09-16,111466,1,400,0,1438.0
10109794NASCIMENTOR_2025-09-16_G06,10109794NASCIMENTOR,2025-09-16,110374,1,1000,0,1597.0
10109794NASCIMENTOR_2025-09-17_G02,10109794NASCIMENTOR,2025-09-17,117786,1,885,0,2776.0
10109794NASCIMENTOR_2025-09-17_G03,10109794NASCIMENTOR,2025-09-17,110371,1,100,0,1290.0
10109794NASCIMENTOR_2025-09-17_G04,10109794NASCIMENTOR,2025-09-17,117808,3,312,18,360.0
10109794NASCIMENTOR_2025-09-17_G05,10109794NASCIMENTOR,2025-09-17,117808,1,108,0,125.0
10109794NASCIMENTOR_2025-09-17_G07,10109794NASCIMENTOR,2025-09-17,110375,1,10,0,377.0
10109794NASCIMENTOR_2025-09-17_G08,10109794NASCIMENTOR,2025-09-17,110373,1,100,0,86.0
10109794NASCIMENTOR_2025-09-17_G09,10109794NASCIMENTOR,2025-09-17,117820,1,100,0,266.0
10109794NASCIMENTOR_2025-09-17_G10,10109794NASCIMENTOR,2025-09-17,117808,1,200,0,452.0
10109794NASCIMENTOR_2025-09-17_G11,10109794NASCIMENTOR,2025-09-17,117830,1,20,0,343.0
10109794NASCIMENTOR_2025-09-17_G12,10109794NASCIMENTOR,2025-09-17,118299,1,100,0,432.0
10109794NASCIMENTOR_2025-09-17_G13,10109794NASCIMENTOR,2025-09-17,118299,1,200,0,63.0
10109794NASCIMENTOR_2025-09-17_G14,10109794NASCIMENTOR,2025-09-17,110373,1,1280,0,2893.0
10109794NASCIMENTOR_2025-09-18_G02,10109794NASCIMENTOR,2025-09-18,117834,1,76,0,1853.0
10109794NASCIMENTOR_2025-09-19_G02,10109794NASCIMENTOR,2025-09-19,110373,1,116,0,729.0
10109794NASCIMENTOR_2025-09-19_G03,10109794NASCIMENTOR,2025-09-19,111438,1,17,0,330.0
10109794NASCIMENTOR_2025-09-19_G04,10109794NASCIMENTOR,2025-09-19,108771,1,1,0,290.0
10109794NASCIMENTOR_2025-09-19_G05,10109794NASCIMENTOR,2025-09-19,111436,1,17,0,43.0
10109794NASCIMENTOR_2025-09-19_G06,10109794NASCIMENTOR,2025-09-19,108770,1,4,0,91.0
10109794NASCIMENTOR_2025-09-19_G07,10109794NASCIMENTOR,2025-09-19,110755,1,24,0,266.0
10109794NASCIMENTOR_2025-09-19_G09,10109794NASCIMENTOR,2025-09-19,111435,1,4,0,107.0
10109794NASCIMENTOR_2025-09-19_G10,10109794NASCIMENTOR,2025-09-19,117842,1,4,0,176.0
10109794NASCIMENTOR_2025-09-19_G11,10109794NASCIMENTOR,2025-09-19,109641,1,7,0,76.0
10109794NASCIMENTOR_2025-09-19_G12,10109794NASCIMENTOR,2025-09-19,116241,1,25,0,314.0
10109794NASCIMENTOR_2025-09-19_G13,10109794NASCIMENTOR,2025-09-19,111469,1,60,0,250.0
10109794NASCIMENTOR_2025-09-19_G14,10109794NASCIMENTOR,2025-09-19,140922,1,16,0,368.0
10109794NASCIMENTOR_2025-09-19_G15,10109794NASCIMENTOR,2025-09-19,107236,1,4,0,202.0
10109794NASCIMENTOR_2025-09-19_G16,10109794NASCIMENTOR,2025-09-19,117785,1,50,0,568.0
10109794NASCIMENTOR_2025-09-19_G17,10109794NASCIMENTOR,2025-09-19,116241,1,12,0,167.0
10109794NASCIMENTOR_2025-09-19_G18,10109794NASCIMENTOR,2025-09-19,111462,1,40,0,590.0
10109794NASCIMENTOR_2025-09-19_G19,10109794NASCIMENTOR,2025-09-19,111418,1,50,0,325.0
10109794NASCIMENTOR_2025-09-19_G20,10109794NASCIMENTOR,2025-09-19,117808,1,400,0,1771.0
10109794NASCIMENTOR_2025-09-19_G21,10109794NASCIMENTOR,2025-09-19,141202,1,18,0,415.0
10109794NASCIMENTOR_2025-09-19_G22,10109794NASCIMENTOR,2025-09-19,"117830, 118299",3,1051,47,254.0
10109794NASCIMENTOR_2025-09-19_G23,10109794NASCIMENTOR,2025-09-19,110372,1,1,0,199.0
10109794NASCIMENTOR_2025-09-20_G02,10109794NASCIMENTOR,2025-09-20,111532,2,8,9,93.0
10109794NASCIMENTOR_2025-09-20_G03,10109794NASCIMENTOR,2025-09-20,109641,1,12,0,263.0
10109794NASCIMENTOR_2025-09-20_G04,10109794NASCIMENTOR,2025-09-20,105705,1,3,0,110.0
10109794NASCIMENTOR_2025-09-20_G05,10109794NASCIMENTOR,2025-09-20,105705,1,4,0,129.0
10109794NASCIMENTOR_2025-09-20_G06,10109794NASCIMENTOR,2025-09-20,111466,1,4,0,88.0
10109794NASCIMENTOR_2025-09-20_G07,10109794NASCIMENTOR,2025-09-20,111466,2,14,10,41.0
10109794NASCIMENTOR_2025-09-20_G08,10109794NASCIMENTOR,2025-09-20,140922,2,6,6,174.0
10109794NASCIMENTOR_2025-09-20_G09,10109794NASCIMENTOR,2025-09-20,117831,1,4,0,56.0
10109794NASCIMENTOR_2025-09-20_G10,10109794NASCIMENTOR,2025-09-20,110740,1,10,0,842.0
10109794NASCIMENTOR_2025-09-20_G11,10109794NASCIMENTOR,2025-09-20,110740,1,4,0,33.0
10109794NASCIMENTOR_2025-09-21_G02,10109794NASCIMENTOR,2025-09-21,110515,2,8,7,135.0
10109794NASCIMENTOR_2025-09-21_G03,10109794NASCIMENTOR,2025-09-21,118140,1,16,0,279.0
10109794NASCIMENTOR_2025-09-21_G04,10109794NASCIMENTOR,2025-09-21,110371,1,20,0,441.0
10109794NASCIMENTOR_2025-09-21_G05,10109794NASCIMENTOR,2025-09-21,118191,1,1105,0,1241.0
10109794NASCIMENTOR_2025-09-22_G02,10109794NASCIMENTOR,2025-09-22,109643,1,10,0,105.0
10109794NASCIMENTOR_2025-09-22_G03,10109794NASCIMENTOR,2025-09-22,117840,1,8,0,227.0
10109794NASCIMENTOR_2025-09-22_G04,10109794NASCIMENTOR,2025-09-22,117832,1,30,0,92.0
10109794NASCIMENTOR_2025-09-22_G05,10109794NASCIMENTOR,2025-09-22,110372,1,10,0,652.0
10109794NASCIMENTOR_2025-09-22_G06,10109794NASCIMENTOR,2025-09-22,117808,1,300,0,653.0
10109794NASCIMENTOR_2025-09-22_G07,10109794NASCIMENTOR,2025-09-22,110372,1,40,0,138.0
10109794NASCIMENTOR_2025-09-22_G08,10109794NASCIMENTOR,2025-09-22,141202,1,12,0,318.0
10109794NASCIMENTOR_2025-09-22_G09,10109794NASCIMENTOR,2025-09-22,141457,1,20,0,231.0
10109794NASCIMENTOR_2025-09-22_G10,10109794NASCIMENTOR,2025-09-22,118140,1,30,0,507.0
10109794NASCIMENTOR_2025-09-22_G11,10109794NASCIMENTOR,2025-09-22,116241,2,10,19,190.0
10109794NASCIMENTOR_2025-09-22_G12,10109794NASCIMENTOR,2025-09-22,111462,1,30,0,499.0
10109794NASCIMENTOR_2025-09-22_G13,10109794NASCIMENTOR,2025-09-22,111444,1,8,0,747.0
10109794NASCIMENTOR_2025-09-22_G14,10109794NASCIMENTOR,2025-09-22,117831,1,30,0,243.0
10109794NASCIMENTOR_2025-09-22_G15,10109794NASCIMENTOR,2025-09-22,110374,1,50,0,1033.0
10109794NASCIMENTOR_2025-09-22_G16,10109794NASCIMENTOR,2025-09-22,110371,1,70,0,584.0
10109794NASCIMENTOR_2025-09-22_G17,10109794NASCIMENTOR,2025-09-22,117830,1,150,0,491.0
10109794NASCIMENTOR_2025-09-22_G18,10109794NASCIMENTOR,2025-09-22,109647,1,8,0,1786.0
10109794NASCIMENTOR_2025-09-22_G20,10109794NASCIMENTOR,2025-09-22,110711,1,10,0,558.0
10109794NASCIMENTOR_2025-09-22_G21,10109794NASCIMENTOR,2025-09-22,110711,1,4,0,177.0
10109794NASCIMENTOR_2025-09-22_G22,10109794NASCIMENTOR,2025-09-22,117856,1,8,0,530.0
10109794NASCIMENTOR_2025-09-22_G23,10109794NASCIMENTOR,2025-09-22,111879,1,8,0,346.0
10109794NASCIMENTOR_2025-09-22_G24,10109794NASCIMENTOR,2025-09-22,110325,1,1,0,100.0
10109794NASCIMENTOR_2025-09-22_G25,10109794NASCIMENTOR,2025-09-22,118140,1,31,0,585.0
10109794NASCIMENTOR_2025-09-22_G26,10109794NASCIMENTOR,2025-09-22,111743,1,16,0,400.0
10109794NASCIMENTOR_2025-09-22_G27,10109794NASCIMENTOR,2025-09-22,140923,1,20,0,703.0
10109794NASCIMENTOR_2025-09-22_G28,10109794NASCIMENTOR,2025-09-22,117808,1,6,0,504.0
10109794NASCIMENTOR_2025-09-22_G29,10109794NASCIMENTOR,2025-09-22,117820,1,2,0,181.0
10109794NASCIMENTOR_2025-09-22_G30,10109794NASCIMENTOR,2025-09-22,110325,1,10,0,110.0
10109794NASCIMENTOR_2025-09-22_G31,10109794NASCIMENTOR,2025-09-22,111530,1,4,0,173.0
10109794NASCIMENTOR_2025-09-22_G32,10109794NASCIMENTOR,2025-09-22,111530,1,4,0,420.0
10109794NASCIMENTOR_2025-09-22_G33,10109794NASCIMENTOR,2025-09-22,110332,1,4,0,585.0
10109794NASCIMENTOR_2025-09-22_G34,10109794NASCIMENTOR,2025-09-22,110895,1,16,0,636.0
10109794NASCIMENTOR_2025-09-23_G02,10109794NASCIMENTOR,2025-09-23,118299,1,94,0,403.0
10109794NASCIMENTOR_2025-09-23_G03,10109794NASCIMENTOR,2025-09-23,117809,1,17,0,355.0
10109794NASCIMENTOR_2025-09-23_G05,10109794NASCIMENTOR,2025-09-23,109649,1,20,0,578.0
10109794NASCIMENTOR_2025-09-23_G07,10109794NASCIMENTOR,2025-09-23,110747,1,56,0,748.0
10109794NASCIMENTOR_2025-09-24_G02,10109794NASCIMENTOR,2025-09-24,111438,1,79,0,785.0
10109794NASCIMENTOR_2025-09-24_G03,10109794NASCIMENTOR,2025-09-24,111530,3,80,22,3578.0
10109794NASCIMENTOR_2025-09-24_G04,10109794NASCIMENTOR,2025-09-24,110756,1,8,0,337.0
10109794NASCIMENTOR_2025-09-24_G05,10109794NASCIMENTOR,2025-09-24,110746,1,16,0,544.0
10109794NASCIMENTOR_2025-09-24_G06,10109794NASCIMENTOR,2025-09-24,108770,1,4,0,1551.0
10109794NASCIMENTOR_2025-09-24_G07,10109794NASCIMENTOR,2025-09-24,111465,1,1076,0,1070.0
10109794NASCIMENTOR_2025-09-24_G09,10109794NASCIMENTOR,2025-09-24,116241,1,4,0,938.0
10109794NASCIMENTOR_2025-09-24_G10,10109794NASCIMENTOR,2025-09-24,111418,1,1000,0,185.0
10109794NASCIMENTOR_2025-09-24_G11,10109794NASCIMENTOR,2025-09-24,117856,2,46,20,2053.0
10109794NASCIMENTOR_2025-09-24_G12,10109794NASCIMENTOR,2025-09-24,140923,2,69,15,241.0
10109794NASCIMENTOR_2025-09-24_G13,10109794NASCIMENTOR,2025-09-24,118298,1,10,0,161.0
10109794NASCIMENTOR_2025-09-24_G14,10109794NASCIMENTOR,2025-09-24,111602,1,112,0,475.0
10109794NASCIMENTOR_2025-09-24_G15,10109794NASCIMENTOR,2025-09-24,118289,1,3,0,531.0
10109794NASCIMENTOR_2025-09-24_G16,10109794NASCIMENTOR,2025-09-24,110374,1,50,0,1911.0
10109794NASCIMENTOR_2025-09-24_G17,10109794NASCIMENTOR,2025-09-24,109643,1,30,0,217.0
10109794NASCIMENTOR_2025-09-24_G18,10109794NASCIMENTOR,2025-09-24,109648,1,5,0,254.0
10109794NASCIMENTOR_2025-09-25_G02,10109794NASCIMENTOR,2025-09-25,110376,1,12,0,415.0
10109794NASCIMENTOR_2025-09-25_G03,10109794NASCIMENTOR,2025-09-25,141202,1,80,0,316.0
10109794NASCIMENTOR_2025-09-25_G04,10109794NASCIMENTOR,2025-09-25,117822,1,6,0,237.0
10109794NASCIMENTOR_2025-09-25_G05,10109794NASCIMENTOR,2025-09-25,110325,1,40,0,657.0
10109794NASCIMENTOR_2025-09-25_G06,10109794NASCIMENTOR,2025-09-25,117832,1,50,0,1173.0
10109794NASCIMENTOR_2025-09-25_G07,10109794NASCIMENTOR,2025-09-25,110374,1,59,0,513.0
10109794NASCIMENTOR_2025-09-25_G08,10109794NASCIMENTOR,2025-09-25,118299,1,216,0,111.0
10109794NASCIMENTOR_2025-09-25_G09,10109794NASCIMENTOR,2025-09-25,110373,1,215,0,1674.0
10109794NASCIMENTOR_2025-09-25_G10,10109794NASCIMENTOR,2025-09-25,117808,1,500,0,1192.0
10109794NASCIMENTOR_2025-09-25_G11,10109794NASCIMENTOR,2025-09-25,117820,1,4,0,176.0
10109794NASCIMENTOR_2025-09-25_G12,10109794NASCIMENTOR,2025-09-25,110325,1,13,0,183.0
10109794NASCIMENTOR_2025-09-25_G13,10109794NASCIMENTOR,2025-09-25,117830,1,2,0,41.0
10109794NASCIMENTOR_2025-09-25_G14,10109794NASCIMENTOR,2025-09-25,117832,1,30,0,367.0
10109794NASCIMENTOR_2025-09-25_G15,10109794NASCIMENTOR,2025-09-25,117808,1,200,0,208.0
10109794NASCIMENTOR_2025-09-25_G16,10109794NASCIMENTOR,2025-09-25,118140,1,200,0,634.0
10109794NASCIMENTOR_2025-09-25_G17,10109794NASCIMENTOR,2025-09-25,111743,1,48,0,353.0
10109794NASCIMENTOR_2025-09-25_G19,10109794NASCIMENTOR,2025-09-25,117832,1,14,0,266.0
10109794NASCIMENTOR_2025-09-25_G20,10109794NASCIMENTOR,2025-09-25,118271,1,6,0,163.0
10109794NASCIMENTOR_2025-09-25_G21,10109794NASCIMENTOR,2025-09-25,110373,1,30,0,71.0
10109794NASCIMENTOR_2025-09-25_G22,10109794NASCIMENTOR,2025-09-25,117820,1,50,0,651.0
10109794NASCIMENTOR_2025-09-25_G23,10109794NASCIMENTOR,2025-09-25,110325,1,30,0,206.0
10109794NASCIMENTOR_2025-09-25_G24,10109794NASCIMENTOR,2025-09-25,117808,1,100,0,450.0
10109794NASCIMENTOR_2025-09-25_G25,10109794NASCIMENTOR,2025-09-25,118299,1,200,0,636.0
10109794NASCIMENTOR_2025-09-25_G26,10109794NASCIMENTOR,2025-09-25,117830,1,30,0,137.0
10109794NASCIMENTOR_2025-09-25_G27,10109794NASCIMENTOR,2025-09-25,118140,1,10,0,234.0
10109794NASCIMENTOR_2025-09-25_G28,10109794NASCIMENTOR,2025-09-25,118140,1,20,0,313.0
10109794NASCIMENTOR_2025-09-25_G29,10109794NASCIMENTOR,2025-09-25,111462,1,20,0,165.0
10109794NASCIMENTOR_2025-09-25_G30,10109794NASCIMENTOR,2025-09-25,117821,1,16,0,1855.0
10109794NASCIMENTOR_2025-09-26_G02,10109794NASCIMENTOR,2025-09-26,109645,1,4,0,107.0
10109794NASCIMENTOR_2025-09-26_G03,10109794NASCIMENTOR,2025-09-26,108711,1,20,0,133.0
10109794NASCIMENTOR_2025-09-26_G04,10109794NASCIMENTOR,2025-09-26,140922,1,4,0,53.0
10109794NASCIMENTOR_2025-09-26_G05,10109794NASCIMENTOR,2025-09-26,110787,1,6,0,86.0
10109794NASCIMENTOR_2025-09-26_G06,10109794NASCIMENTOR,2025-09-26,117842,1,1,0,85.0
10109794NASCIMENTOR_2025-09-26_G07,10109794NASCIMENTOR,2025-09-26,111466,1,16,0,158.0
10109794NASCIMENTOR_2025-09-26_G08,10109794NASCIMENTOR,2025-09-26,117785,1,14,0,118.0
10109794NASCIMENTOR_2025-09-26_G09,10109794NASCIMENTOR,2025-09-26,141458,1,16,0,209.0
10109794NASCIMENTOR_2025-09-26_G10,10109794NASCIMENTOR,2025-09-26,111465,1,12,0,188.0
10109794NASCIMENTOR_2025-09-26_G11,10109794NASCIMENTOR,2025-09-26,111172,1,2,0,224.0
10109794NASCIMENTOR_2025-09-26_G12,10109794NASCIMENTOR,2025-09-26,118140,1,40,0,190.0
10109794NASCIMENTOR_2025-09-26_G13,10109794NASCIMENTOR,2025-09-26,111438,1,4,0,118.0
10109794NASCIMENTOR_2025-09-26_G14,10109794NASCIMENTOR,2025-09-26,117836,1,2,0,78.0
10109794NASCIMENTOR_2025-09-26_G15,10109794NASCIMENTOR,2025-09-26,100334,1,1,0,81.0
10109794NASCIMENTOR_2025-09-26_G16,10109794NASCIMENTOR,2025-09-26,110895,1,4,0,91.0
10109794NASCIMENTOR_2025-09-26_G17,10109794NASCIMENTOR,2025-09-26,110623,1,1,0,90.0
10109794NASCIMENTOR_2025-09-26_G18,10109794NASCIMENTOR,2025-09-26,107892,1,12,0,181.0
10109794NASCIMENTOR_2025-09-26_G19,10109794NASCIMENTOR,2025-09-26,118222,1,20,0,184.0
10109794NASCIMENTOR_2025-09-26_G20,10109794NASCIMENTOR,2025-09-26,118306,1,10,0,1070.0
10109794NASCIMENTOR_2025-09-26_G21,10109794NASCIMENTOR,2025-09-26,111569,1,20,0,107.0
10109794NASCIMENTOR_2025-09-26_G22,10109794NASCIMENTOR,2025-09-26,118290,1,12,0,354.0
10109794NASCIMENTOR_2025-09-26_G23,10109794NASCIMENTOR,2025-09-26,141457,1,30,0,1246.0
10109794NASCIMENTOR_2025-09-26_G24,10109794NASCIMENTOR,2025-09-26,111462,1,20,0,114.0
10109794NASCIMENTOR_2025-09-26_G25,10109794NASCIMENTOR,2025-09-26,111442,1,20,0,176.0
10109794NASCIMENTOR_2025-09-26_G26,10109794NASCIMENTOR,2025-09-26,117821,1,20,0,360.0
10109794NASCIMENTOR_2025-09-26_G27,10109794NASCIMENTOR,2025-09-26,107236,1,16,0,104.0
10109794NASCIMENTOR_2025-09-26_G28,10109794NASCIMENTOR,2025-09-26,110745,1,8,0,46.0
10109794NASCIMENTOR_2025-09-26_G29,10109794NASCIMENTOR,2025-09-26,111465,1,12,0,110.0
10109794NASCIMENTOR_2025-09-26_G30,10109794NASCIMENTOR,2025-09-26,117841,1,12,0,272.0
10109794NASCIMENTOR_2025-09-26_G31,10109794NASCIMENTOR,2025-09-26,117787,1,20,0,466.0
10109794NASCIMENTOR_2025-09-26_G32,10109794NASCIMENTOR,2025-09-26,118140,1,50,0,170.0
10109794NASCIMENTOR_2025-09-26_G34,10109794NASCIMENTOR,2025-09-26,110787,1,6,0,115.0
10109794NASCIMENTOR_2025-09-26_G35,10109794NASCIMENTOR,2025-09-26,111446,1,4,0,447.0
10109794NASCIMENTOR_2025-09-26_G36,10109794NASCIMENTOR,2025-09-26,111469,1,12,0,121.0
10109794NASCIMENTOR_2025-09-26_G37,10109794NASCIMENTOR,2025-09-26,111463,2,5,6,90.0
10109794NASCIMENTOR_2025-09-26_G38,10109794NASCIMENTOR,2025-09-26,140922,3,16,13,153.0
10109794NASCIMENTOR_2025-09-26_G39,10109794NASCIMENTOR,2025-09-26,141457,1,3,0,198.0
10109794NASCIMENTOR_2025-09-26_G40,10109794NASCIMENTOR,2025-09-26,111466,3,13,11,103.0
10109794NASCIMENTOR_2025-09-26_G41,10109794NASCIMENTOR,2025-09-26,117785,1,2,0,176.0
10109794NASCIMENTOR_2025-09-26_G42,10109794NASCIMENTOR,2025-09-26,111182,8,44,64,89.0
10109794NASCIMENTOR_2025-09-26_G43,10109794NASCIMENTOR,2025-09-26,111465,1,2,0,125.0
10109794NASCIMENTOR_2025-09-26_G44,10109794NASCIMENTOR,2025-09-26,117830,1,4,0,131.0
10109794NASCIMENTOR_2025-09-26_G45,10109794NASCIMENTOR,2025-09-26,117820,1,2,0,75.0
10109794NASCIMENTOR_2025-09-26_G46,10109794NASCIMENTOR,2025-09-26,117808,1,2,0,69.0
10109794NASCIMENTOR_2025-09-26_G47,10109794NASCIMENTOR,2025-09-26,118299,1,2,0,107.0
10109794NASCIMENTOR_2025-09-26_G48,10109794NASCIMENTOR,2025-09-26,109647,1,4,0,848.0
10109794NASCIMENTOR_2025-09-26_G49,10109794NASCIMENTOR,2025-09-26,109640,1,8,0,132.0
10109794NASCIMENTOR_2025-09-26_G50,10109794NASCIMENTOR,2025-09-26,110374,1,4,0,561.0
10109794NASCIMENTOR_2025-09-26_G51,10109794NASCIMENTOR,2025-09-26,102851,1,2,0,340.0
10109794NASCIMENTOR_2025-09-26_G52,10109794NASCIMENTOR,2025-09-26,111530,1,7,0,133.0
10109794NASCIMENTOR_2025-09-26_G53,10109794NASCIMENTOR,2025-09-26,117808,1,3,0,138.0
10109794NASCIMENTOR_2025-09-26_G54,10109794NASCIMENTOR,2025-09-26,141458,1,8,0,141.0
10109794NASCIMENTOR_2025-09-26_G55,10109794NASCIMENTOR,2025-09-26,111462,1,12,0,394.0
10109794NASCIMENTOR_2025-09-26_G56,10109794NASCIMENTOR,2025-09-26,"110313, 109640",2,5,29,677.0
10109794NASCIMENTOR_2025-09-26_G57,10109794NASCIMENTOR,2025-09-26,110787,1,5,0,436.0
10109794NASCIMENTOR_2025-09-26_G58,10109794NASCIMENTOR,2025-09-26,111435,1,2,0,97.0
10109794NASCIMENTOR_2025-09-26_G59,10109794NASCIMENTOR,2025-09-26,117808,1,5,0,138.0
10109794NASCIMENTOR_2025-09-26_G60,10109794NASCIMENTOR,2025-09-26,110325,1,2,0,85.0
10109794NASCIMENTOR_2025-09-26_G61,10109794NASCIMENTOR,2025-09-26,117830,1,4,0,58.0
10109794NASCIMENTOR_2025-09-27_G02,10109794NASCIMENTOR,2025-09-27,140923,1,4,0,170.0
10109794NASCIMENTOR_2025-09-27_G03,10109794NASCIMENTOR,2025-09-27,108772,1,2,0,141.0
10109794NASCIMENTOR_2025-09-27_G04,10109794NASCIMENTOR,2025-09-27,110339,1,6,0,291.0
10109794NASCIMENTOR_2025-09-27_G05,10109794NASCIMENTOR,2025-09-27,109643,1,2,0,493.0
10109794NASCIMENTOR_2025-09-27_G06,10109794NASCIMENTOR,2025-09-27,117832,1,8,0,155.0
10109794NASCIMENTOR_2025-09-27_G07,10109794NASCIMENTOR,2025-09-27,110375,1,2,0,98.0
10109794NASCIMENTOR_2025-09-27_G08,10109794NASCIMENTOR,2025-09-27,110376,1,2,0,121.0
10109794NASCIMENTOR_2025-09-27_G09,10109794NASCIMENTOR,2025-09-27,117809,1,1,0,286.0
10109794NASCIMENTOR_2025-09-27_G10,10109794NASCIMENTOR,2025-09-27,117856,1,2,0,177.0
10109794NASCIMENTOR_2025-09-27_G11,10109794NASCIMENTOR,2025-09-27,118222,1,1,0,126.0
10109794NASCIMENTOR_2025-09-27_G12,10109794NASCIMENTOR,2025-09-27,111469,1,4,0,108.0
10109794NASCIMENTOR_2025-09-27_G13,10109794NASCIMENTOR,2025-09-27,111463,1,6,0,120.0
10109794NASCIMENTOR_2025-09-27_G14,10109794NASCIMENTOR,2025-09-27,141823,1,1,0,64.0
10109794NASCIMENTOR_2025-09-27_G15,10109794NASCIMENTOR,2025-09-27,111418,1,4,0,78.0
10109794NASCIMENTOR_2025-09-27_G16,10109794NASCIMENTOR,2025-09-27,111466,1,4,0,86.0
10109794NASCIMENTOR_2025-09-27_G17,10109794NASCIMENTOR,2025-09-27,111462,1,4,0,155.0
10109794NASCIMENTOR_2025-09-27_G18,10109794NASCIMENTOR,2025-09-27,117833,1,6,0,56.0
10109794NASCIMENTOR_2025-09-27_G19,10109794NASCIMENTOR,2025-09-27,117831,1,4,0,140.0
10109794NASCIMENTOR_2025-09-27_G20,10109794NASCIMENTOR,2025-09-27,111465,1,6,0,76.0
10109794NASCIMENTOR_2025-09-27_G21,10109794NASCIMENTOR,2025-09-27,111743,1,2,0,195.0
10109794NASCIMENTOR_2025-09-27_G22,10109794NASCIMENTOR,2025-09-27,109643,1,4,0,173.0
10109794NASCIMENTOR_2025-09-27_G23,10109794NASCIMENTOR,2025-09-27,141202,1,8,0,157.0
10109794NASCIMENTOR_2025-09-27_G24,10109794NASCIMENTOR,2025-09-27,117809,1,2,0,40.0
10109794NASCIMENTOR_2025-09-27_G25,10109794NASCIMENTOR,2025-09-27,110895,1,13,0,291.0
10109794NASCIMENTOR_2025-09-27_G26,10109794NASCIMENTOR,2025-09-27,111463,1,8,0,1195.0
10109794NASCIMENTOR_2025-09-27_G27,10109794NASCIMENTOR,2025-09-27,141823,1,2,0,95.0
10109794NASCIMENTOR_2025-09-27_G28,10109794NASCIMENTOR,2025-09-27,110787,1,3,0,51.0
10109794NASCIMENTOR_2025-09-27_G29,10109794NASCIMENTOR,2025-09-27,108794,1,2,0,74.0
10109794NASCIMENTOR_2025-09-27_G30,10109794NASCIMENTOR,2025-09-27,141457,1,36,0,85.0
10109794NASCIMENTOR_2025-09-27_G31,10109794NASCIMENTOR,2025-09-27,118140,1,1,0,191.0
10109794NASCIMENTOR_2025-09-27_G32,10109794NASCIMENTOR,2025-09-27,111466,1,8,0,80.0
10109794NASCIMENTOR_2025-09-27_G33,10109794NASCIMENTOR,2025-09-27,"141458, 111462",2,8,8,498.0
10109794NASCIMENTOR_2025-09-27_G34,10109794NASCIMENTOR,2025-09-27,111468,1,6,0,77.0
10109794NASCIMENTOR_2025-09-27_G35,10109794NASCIMENTOR,2025-09-27,117831,1,2,0,87.0
10109794NASCIMENTOR_2025-09-27_G36,10109794NASCIMENTOR,2025-09-27,110743,1,2,0,170.0
10109794NASCIMENTOR_2025-09-28_G02,10109794NASCIMENTOR,2025-09-28,108772,1,2,0,374.0
10109794NASCIMENTOR_2025-09-28_G03,10109794NASCIMENTOR,2025-09-28,117856,1,4,0,213.0
10109794NASCIMENTOR_2025-09-28_G04,10109794NASCIMENTOR,2025-09-28,110313,1,2,0,129.0
10109794NASCIMENTOR_2025-09-28_G05,10109794NASCIMENTOR,2025-09-28,118311,1,4,0,409.0
10109794NASCIMENTOR_2025-09-28_G06,10109794NASCIMENTOR,2025-09-28,117822,1,4,0,772.0
10109794NASCIMENTOR_2025-09-28_G07,10109794NASCIMENTOR,2025-09-28,141823,1,4,0,145.0
10109794NASCIMENTOR_2025-09-28_G08,10109794NASCIMENTOR,2025-09-28,118140,1,4,0,110.0
10109794NASCIMENTOR_2025-09-28_G09,10109794NASCIMENTOR,2025-09-28,111462,1,4,0,247.0
10109794NASCIMENTOR_2025-09-28_G10,10109794NASCIMENTOR,2025-09-28,110339,1,4,0,218.0
10109794NASCIMENTOR_2025-09-28_G11,10109794NASCIMENTOR,2025-09-28,118311,1,3,0,862.0
10109794NASCIMENTOR_2025-09-28_G12,10109794NASCIMENTOR,2025-09-28,110582,1,4,0,265.0
10109794NASCIMENTOR_2025-09-28_G13,10109794NASCIMENTOR,2025-09-28,111182,1,6,0,303.0
10109794NASCIMENTOR_2025-09-28_G14,10109794NASCIMENTOR,2025-09-28,110325,1,2,0,114.0
10109794NASCIMENTOR_2025-09-28_G15,10109794NASCIMENTOR,2025-09-28,108772,1,2,0,189.0
10109794NASCIMENTOR_2025-09-28_G16,10109794NASCIMENTOR,2025-09-28,108772,1,2,0,147.0
10109794NASCIMENTOR_2025-09-28_G17,10109794NASCIMENTOR,2025-09-28,110339,2,7,15,1840.0
10109794NASCIMENTOR_2025-09-28_G18,10109794NASCIMENTOR,2025-09-28,108794,1,4,0,179.0
10109794NASCIMENTOR_2025-09-28_G19,10109794NASCIMENTOR,2025-09-28,141457,1,8,0,73.0
10109794NASCIMENTOR_2025-09-28_G20,10109794NASCIMENTOR,2025-09-28,108795,1,4,0,304.0
10109794NASCIMENTOR_2025-09-28_G21,10109794NASCIMENTOR,2025-09-28,141456,1,4,0,63.0
10109794NASCIMENTOR_2025-09-28_G22,10109794NASCIMENTOR,2025-09-28,118299,1,12,0,69.0
10109794NASCIMENTOR_2025-09-29_G02,10109794NASCIMENTOR,2025-09-29,110325,1,1,0,274.0
10109794NASCIMENTOR_2025-09-29_G03,10109794NASCIMENTOR,2025-09-29,111463,1,6,0,176.0
10109794NASCIMENTOR_2025-09-29_G04,10109794NASCIMENTOR,2025-09-29,140922,1,4,0,136.0
10109794NASCIMENTOR_2025-09-29_G05,10109794NASCIMENTOR,2025-09-29,117787,1,6,0,327.0
10109794NASCIMENTOR_2025-09-29_G06,10109794NASCIMENTOR,2025-09-29,110787,1,4,0,127.0
10109794NASCIMENTOR_2025-09-29_G07,10109794NASCIMENTOR,2025-09-29,118222,1,1,0,77.0
10109794NASCIMENTOR_2025-09-29_G08,10109794NASCIMENTOR,2025-09-29,111655,1,6,0,264.0
10109794NASCIMENTOR_2025-09-29_G09,10109794NASCIMENTOR,2025-09-29,108711,1,5,0,400.0
10109794NASCIMENTOR_2025-09-29_G10,10109794NASCIMENTOR,2025-09-29,140922,1,2,0,37.0
10109794NASCIMENTOR_2025-09-29_G11,10109794NASCIMENTOR,2025-09-29,141458,1,1,0,516.0
10109794NASCIMENTOR_2025-09-29_G12,10109794NASCIMENTOR,2025-09-29,117787,1,1,0,136.0
10109794NASCIMENTOR_2025-09-29_G13,10109794NASCIMENTOR,2025-09-29,108772,1,1,0,121.0
10109794NASCIMENTOR_2025-09-29_G14,10109794NASCIMENTOR,2025-09-29,110733,1,4,0,124.0
10109794NASCIMENTOR_2025-09-29_G15,10109794NASCIMENTOR,2025-09-29,111330,1,8,0,1669.0
10109794NASCIMENTOR_2025-09-29_G16,10109794NASCIMENTOR,2025-09-29,111182,1,4,0,98.0
10109794NASCIMENTOR_2025-09-29_G17,10109794NASCIMENTOR,2025-09-29,111850,1,5,0,347.0
10109794NASCIMENTOR_2025-09-29_G18,10109794NASCIMENTOR,2025-09-29,111182,1,2,0,276.0
10109794NASCIMENTOR_2025-09-29_G19,10109794NASCIMENTOR,2025-09-29,110339,1,2,0,149.0
10109794NASCIMENTOR_2025-09-29_G20,10109794NASCIMENTOR,2025-09-29,141141,1,10,0,809.0
10109794NASCIMENTOR_2025-09-29_G21,10109794NASCIMENTOR,2025-09-29,108772,1,4,0,209.0
10109794NASCIMENTOR_2025-09-29_G22,10109794NASCIMENTOR,2025-09-29,111530,1,8,0,326.0
10109794NASCIMENTOR_2025-09-29_G24,10109794NASCIMENTOR,2025-09-29,111430,1,4,0,377.0
10109794NASCIMENTOR_2025-09-29_G25,10109794NASCIMENTOR,2025-09-29,110372,1,76,0,3349.0
10109794NASCIMENTOR_2025-09-29_G26,10109794NASCIMENTOR,2025-09-29,117808,1,44,0,323.0
10109794NASCIMENTOR_2025-09-29_G27,10109794NASCIMENTOR,2025-09-29,110373,1,1,0,243.0
10109794NASCIMENTOR_2025-09-29_G28,10109794NASCIMENTOR,2025-09-29,110325,2,4,7,41.0
10109794NASCIMENTOR_2025-09-29_G29,10109794NASCIMENTOR,2025-09-29,117809,1,2,0,69.0
10109794NASCIMENTOR_2025-09-29_G30,10109794NASCIMENTOR,2025-09-29,117830,2,27,6,154.0
10109794NASCIMENTOR_2025-09-29_G31,10109794NASCIMENTOR,2025-09-29,117808,1,5,0,193.0
10109794NASCIMENTOR_2025-09-29_G32,10109794NASCIMENTOR,2025-09-29,118299,1,63,0,869.0
10109794NASCIMENTOR_2025-09-30_G02,10109794NASCIMENTOR,2025-09-30,110787,1,1,0,78.0
10109794NASCIMENTOR_2025-09-30_G03,10109794NASCIMENTOR,2025-09-30,109645,2,4,7,84.0
10109794NASCIMENTOR_2025-09-30_G04,10109794NASCIMENTOR,2025-09-30,111466,2,44,19,654.0
10109794NASCIMENTOR_2025-09-30_G05,10109794NASCIMENTOR,2025-09-30,117821,3,16,12,217.0
10109794NASCIMENTOR_2025-09-30_G06,10109794NASCIMENTOR,2025-09-30,117831,1,2,0,353.0
10109794NASCIMENTOR_2025-09-30_G07,10109794NASCIMENTOR,2025-09-30,107236,1,3,0,75.0
10109794NASCIMENTOR_2025-09-30_G09,10109794NASCIMENTOR,2025-09-30,117809,1,70,0,337.0
10109794NASCIMENTOR_2025-09-30_G10,10109794NASCIMENTOR,2025-09-30,110372,1,20,0,2922.0
10109794NASCIMENTOR_2025-09-30_G11,10109794NASCIMENTOR,2025-09-30,117832,1,8,0,208.0
10109794NASCIMENTOR_2025-09-30_G12,10109794NASCIMENTOR,2025-09-30,117808,1,10,0,111.0
10109794NASCIMENTOR_2025-09-30_G13,10109794NASCIMENTOR,2025-09-30,117809,1,2,0,38.0
10109794NASCIMENTOR_2025-09-30_G14,10109794NASCIMENTOR,2025-09-30,118299,1,30,0,411.0
10109794NASCIMENTOR_2025-09-30_G16,10109794NASCIMENTOR,2025-09-30,110741,1,79,0,908.0
10109794NASCIMENTOR_2025-09-30_G17,10109794NASCIMENTOR,2025-09-30,111530,1,83,0,536.0
10109794NASCIMENTOR_2025-09-30_G18,10109794NASCIMENTOR,2025-09-30,111530,1,21,0,137.0
10109794NASCIMENTOR_2025-10-01_G02,10109794NASCIMENTOR,2025-10-01,118191,1,1500,0,2630.0
10109794NASCIMENTOR_2025-10-03_G02,10109794NASCIMENTOR,2025-10-03,110372,1,20,0,191.0
10109794NASCIMENTOR_2025-10-03_G03,10109794NASCIMENTOR,2025-10-03,141202,1,4,0,156.0
10109794NASCIMENTOR_2025-10-03_G04,10109794NASCIMENTOR,2025-10-03,140922,1,4,0,329.0
10109794NASCIMENTOR_2025-10-03_G05,10109794NASCIMENTOR,2025-10-03,109641,1,8,0,126.0
10109794NASCIMENTOR_2025-10-03_G06,10109794NASCIMENTOR,2025-10-03,111435,1,4,0,118.0
10109794NASCIMENTOR_2025-10-03_G07,10109794NASCIMENTOR,2025-10-03,117842,1,4,0,99.0
10109794NASCIMENTOR_2025-10-03_G08,10109794NASCIMENTOR,2025-10-03,111466,1,8,0,490.0
10109794NASCIMENTOR_2025-10-03_G09,10109794NASCIMENTOR,2025-10-03,116241,1,4,0,101.0
10109794NASCIMENTOR_2025-10-03_G10,10109794NASCIMENTOR,2025-10-03,111182,1,4,0,109.0
10109794NASCIMENTOR_2025-10-03_G11,10109794NASCIMENTOR,2025-10-03,110373,1,20,0,509.0
10109794NASCIMENTOR_2025-10-03_G12,10109794NASCIMENTOR,2025-10-03,118299,1,5,0,171.0
10109794NASCIMENTOR_2025-10-03_G13,10109794NASCIMENTOR,2025-10-03,110372,1,12,0,3072.0
10109794NASCIMENTOR_2025-10-03_G14,10109794NASCIMENTOR,2025-10-03,108794,1,2,0,92.0
10109794NASCIMENTOR_2025-10-03_G15,10109794NASCIMENTOR,2025-10-03,117821,1,2,0,120.0
10109794NASCIMENTOR_2025-10-03_G16,10109794NASCIMENTOR,2025-10-03,107629,1,1,0,100.0
10109794NASCIMENTOR_2025-10-03_G17,10109794NASCIMENTOR,2025-10-03,117808,1,30,0,290.0
10109794NASCIMENTOR_2025-10-03_G18,10109794NASCIMENTOR,2025-10-03,117820,1,4,0,289.0
10109794NASCIMENTOR_2025-10-03_G19,10109794NASCIMENTOR,2025-10-03,110373,1,20,0,95.0
10109794NASCIMENTOR_2025-10-03_G20,10109794NASCIMENTOR,2025-10-03,110325,1,4,0,151.0
10109794NASCIMENTOR_2025-10-03_G21,10109794NASCIMENTOR,2025-10-03,110372,1,4,0,904.0
10109794NASCIMENTOR_2025-10-03_G22,10109794NASCIMENTOR,2025-10-03,110375,1,1,0,89.0
10109794NASCIMENTOR_2025-10-04_G02,10109794NASCIMENTOR,2025-10-04,110313,1,2,0,62.0
10109794NASCIMENTOR_2025-10-04_G03,10109794NASCIMENTOR,2025-10-04,109645,1,4,0,133.0
10109794NASCIMENTOR_2025-10-04_G04,10109794NASCIMENTOR,2025-10-04,141457,1,2,0,90.0
10109794NASCIMENTOR_2025-10-04_G05,10109794NASCIMENTOR,2025-10-04,"111462, 111469",2,10,28,144.0
10109794NASCIMENTOR_2025-10-04_G06,10109794NASCIMENTOR,2025-10-04,111466,1,2,0,51.0
10109794NASCIMENTOR_2025-10-04_G07,10109794NASCIMENTOR,2025-10-04,141458,1,4,0,43.0
10109794NASCIMENTOR_2025-10-04_G08,10109794NASCIMENTOR,2025-10-04,109641,1,2,0,94.0
10109794NASCIMENTOR_2025-10-04_G09,10109794NASCIMENTOR,2025-10-04,107236,1,2,0,180.0
10109794NASCIMENTOR_2025-10-04_G10,10109794NASCIMENTOR,2025-10-04,110740,1,2,0,131.0
10109794NASCIMENTOR_2025-10-04_G11,10109794NASCIMENTOR,2025-10-04,110374,1,10,0,2699.0
10109794NASCIMENTOR_2025-10-04_G12,10109794NASCIMENTOR,2025-10-04,117832,1,10,0,90.0
10109794NASCIMENTOR_2025-10-04_G13,10109794NASCIMENTOR,2025-10-04,117820,1,20,0,181.0
10109794NASCIMENTOR_2025-10-04_G14,10109794NASCIMENTOR,2025-10-04,110373,1,20,0,88.0
10109794NASCIMENTOR_2025-10-04_G15,10109794NASCIMENTOR,2025-10-04,117822,1,4,0,334.0
10109794NASCIMENTOR_2025-10-04_G16,10109794NASCIMENTOR,2025-10-04,141457,1,10,0,680.0
10109794NASCIMENTOR_2025-10-04_G17,10109794NASCIMENTOR,2025-10-04,111469,1,10,0,106.0
10109794NASCIMENTOR_2025-10-04_G18,10109794NASCIMENTOR,2025-10-04,111468,1,4,0,106.0
10109794NASCIMENTOR_2025-10-04_G19,10109794NASCIMENTOR,2025-10-04,117862,1,4,0,109.0
10109794NASCIMENTOR_2025-10-04_G20,10109794NASCIMENTOR,2025-10-04,118094,1,4,0,118.0
10109794NASCIMENTOR_2025-10-04_G21,10109794NASCIMENTOR,2025-10-04,111569,1,10,0,1151.0
10109794NASCIMENTOR_2025-10-04_G22,10109794NASCIMENTOR,2025-10-04,118140,1,14,0,1224.0
10109794NASCIMENTOR_2025-10-04_G23,10109794NASCIMENTOR,2025-10-04,"118299, 117830",2,30,28,325.0
10109794NASCIMENTOR_2025-10-04_G24,10109794NASCIMENTOR,2025-10-04,140922,1,36,0,595.0
10109794NASCIMENTOR_2025-10-04_G25,10109794NASCIMENTOR,2025-10-04,108711,1,8,0,269.0
10109794NASCIMENTOR_2025-10-04_G26,10109794NASCIMENTOR,2025-10-04,111462,1,28,0,106.0
10109794NASCIMENTOR_2025-10-04_G27,10109794NASCIMENTOR,2025-10-04,111466,1,60,0,870.0
10109802LEMOSF_2025-04-07_G02,10109802LEMOSF,2025-04-07,111469,1,76,0,520.0
10109802LEMOSF_2025-04-07_G03,10109802LEMOSF,2025-04-07,111569,1,440,0,3515.0
10109802LEMOSF_2025-04-07_G05,10109802LEMOSF,2025-04-07,109649,1,140,0,2154.0
10109802LEMOSF_2025-04-07_G06,10109802LEMOSF,2025-04-07,111468,1,176,0,1641.0
10109802LEMOSF_2025-04-07_G07,10109802LEMOSF,2025-04-07,111569,1,94,0,1642.0
10109802LEMOSF_2025-04-07_G08,10109802LEMOSF,2025-04-07,117821,1,115,0,674.0
10109802LEMOSF_2025-04-08_G02,10109802LEMOSF,2025-04-08,118004,1,2,0,179.0
10109802LEMOSF_2025-04-08_G03,10109802LEMOSF,2025-04-08,111466,1,2,0,159.0
10109802LEMOSF_2025-04-08_G04,10109802LEMOSF,2025-04-08,111442,1,2,0,241.0
10109802LEMOSF_2025-04-08_G05,10109802LEMOSF,2025-04-08,117809,1,3,0,557.0
10109802LEMOSF_2025-04-08_G06,10109802LEMOSF,2025-04-08,118299,1,16,0,1104.0
10109802LEMOSF_2025-04-08_G07,10109802LEMOSF,2025-04-08,117820,1,8,0,563.0
10109802LEMOSF_2025-04-08_G08,10109802LEMOSF,2025-04-08,117808,1,16,0,302.0
10109802LEMOSF_2025-04-08_G10,10109802LEMOSF,2025-04-08,123344,1,200,0,2716.0
10109802LEMOSF_2025-04-08_G12,10109802LEMOSF,2025-04-08,109645,1,4,0,152.0
10109802LEMOSF_2025-04-08_G13,10109802LEMOSF,2025-04-08,110742,1,4,0,641.0
10109802LEMOSF_2025-04-08_G14,10109802LEMOSF,2025-04-08,111569,1,8,0,353.0
10109802LEMOSF_2025-04-08_G15,10109802LEMOSF,2025-04-08,111743,1,3,0,1850.0
10109802LEMOSF_2025-04-08_G16,10109802LEMOSF,2025-04-08,110755,1,2,0,264.0
10109802LEMOSF_2025-04-08_G17,10109802LEMOSF,2025-04-08,117862,1,4,0,85.0
10109802LEMOSF_2025-04-08_G18,10109802LEMOSF,2025-04-08,110733,1,1,0,81.0
10109802LEMOSF_2025-04-08_G19,10109802LEMOSF,2025-04-08,110711,1,1,0,121.0
10109802LEMOSF_2025-04-08_G20,10109802LEMOSF,2025-04-08,111743,1,1,0,455.0
10109802LEMOSF_2025-04-08_G21,10109802LEMOSF,2025-04-08,117831,1,4,0,680.0
10109802LEMOSF_2025-04-08_G22,10109802LEMOSF,2025-04-08,111462,1,3,0,214.0
10109802LEMOSF_2025-04-08_G23,10109802LEMOSF,2025-04-08,118140,1,10,0,368.0
10109802LEMOSF_2025-04-08_G24,10109802LEMOSF,2025-04-08,140922,1,3,0,670.0
10109802LEMOSF_2025-04-08_G25,10109802LEMOSF,2025-04-08,111466,1,4,0,141.0
10109802LEMOSF_2025-04-08_G26,10109802LEMOSF,2025-04-08,111348,1,4,0,102.0
10109802LEMOSF_2025-04-08_G27,10109802LEMOSF,2025-04-08,111743,1,2,0,51.0
10109802LEMOSF_2025-04-08_G28,10109802LEMOSF,2025-04-08,111532,1,4,0,192.0
10109802LEMOSF_2025-04-08_G29,10109802LEMOSF,2025-04-08,109643,1,3,0,164.0
10109802LEMOSF_2025-04-08_G30,10109802LEMOSF,2025-04-08,117840,1,2,0,101.0
10109802LEMOSF_2025-04-08_G31,10109802LEMOSF,2025-04-08,110374,1,4,0,100.0
10109802LEMOSF_2025-04-09_G02,10109802LEMOSF,2025-04-09,111722,1,1027,0,2715.0
10109802LEMOSF_2025-04-10_G02,10109802LEMOSF,2025-04-10,110743,1,8,0,673.0
10109802LEMOSF_2025-04-10_G03,10109802LEMOSF,2025-04-10,110747,1,4,0,637.0
10109802LEMOSF_2025-04-10_G04,10109802LEMOSF,2025-04-10,110742,1,2,0,234.0
10109802LEMOSF_2025-04-10_G05,10109802LEMOSF,2025-04-10,110755,1,2,0,121.0
10109802LEMOSF_2025-04-10_G06,10109802LEMOSF,2025-04-10,111438,1,2,0,737.0
10109802LEMOSF_2025-04-10_G07,10109802LEMOSF,2025-04-10,111569,1,4,0,128.0
10109802LEMOSF_2025-04-10_G08,10109802LEMOSF,2025-04-10,117855,1,6,0,1559.0
10109802LEMOSF_2025-04-10_G09,10109802LEMOSF,2025-04-10,117856,1,2,0,107.0
10109802LEMOSF_2025-04-10_G10,10109802LEMOSF,2025-04-10,108361,1,2,0,143.0
10109802LEMOSF_2025-04-10_G11,10109802LEMOSF,2025-04-10,105242,1,2,0,120.0
10109802LEMOSF_2025-04-10_G12,10109802LEMOSF,2025-04-10,110740,1,1,0,341.0
10109802LEMOSF_2025-04-10_G13,10109802LEMOSF,2025-04-10,108795,1,2,0,96.0
10109802LEMOSF_2025-04-10_G14,10109802LEMOSF,2025-04-10,108736,1,2,0,218.0
10109802LEMOSF_2025-04-10_G15,10109802LEMOSF,2025-04-10,111418,1,10,0,434.0
10109802LEMOSF_2025-04-10_G16,10109802LEMOSF,2025-04-10,110325,1,6,0,343.0
10109802LEMOSF_2025-04-10_G17,10109802LEMOSF,2025-04-10,110372,1,28,0,350.0
10109802LEMOSF_2025-04-10_G18,10109802LEMOSF,2025-04-10,118299,1,36,0,496.0
10109802LEMOSF_2025-04-10_G19,10109802LEMOSF,2025-04-10,109643,1,2,0,344.0
10109802LEMOSF_2025-04-10_G20,10109802LEMOSF,2025-04-10,117830,1,4,0,102.0
10109802LEMOSF_2025-04-10_G21,10109802LEMOSF,2025-04-10,117820,1,2,0,87.0
10109802LEMOSF_2025-04-10_G22,10109802LEMOSF,2025-04-10,117808,1,8,0,116.0
10109802LEMOSF_2025-04-10_G23,10109802LEMOSF,2025-04-10,110373,1,8,0,283.0
10109802LEMOSF_2025-04-10_G24,10109802LEMOSF,2025-04-10,110733,1,1,0,1340.0
10109802LEMOSF_2025-04-10_G25,10109802LEMOSF,2025-04-10,118222,1,2,0,37.0
10109802LEMOSF_2025-04-10_G26,10109802LEMOSF,2025-04-10,117855,1,4,0,204.0
10109802LEMOSF_2025-04-10_G27,10109802LEMOSF,2025-04-10,"117786, 111120",2,3,23,81.0
10109802LEMOSF_2025-04-10_G28,10109802LEMOSF,2025-04-10,117856,1,2,0,267.0
10109802LEMOSF_2025-04-10_G29,10109802LEMOSF,2025-04-10,110711,1,1,0,169.0
10109802LEMOSF_2025-04-10_G30,10109802LEMOSF,2025-04-10,110740,1,2,0,581.0
10109802LEMOSF_2025-04-10_G31,10109802LEMOSF,2025-04-10,111418,1,10,0,226.0
10109802LEMOSF_2025-04-10_G32,10109802LEMOSF,2025-04-10,118140,1,2,0,98.0
10109802LEMOSF_2025-04-10_G33,10109802LEMOSF,2025-04-10,110372,1,17,0,300.0
10109802LEMOSF_2025-04-10_G34,10109802LEMOSF,2025-04-10,118299,1,22,0,307.0
10109802LEMOSF_2025-04-10_G35,10109802LEMOSF,2025-04-10,109643,1,4,0,201.0
10109802LEMOSF_2025-04-10_G36,10109802LEMOSF,2025-04-10,117820,1,9,0,244.0
10109802LEMOSF_2025-04-10_G38,10109802LEMOSF,2025-04-10,117832,1,2,0,118.0
10109802LEMOSF_2025-04-10_G39,10109802LEMOSF,2025-04-10,110373,1,6,0,170.0
10109802LEMOSF_2025-04-10_G40,10109802LEMOSF,2025-04-10,107629,1,4,0,462.0
10109802LEMOSF_2025-04-10_G41,10109802LEMOSF,2025-04-10,110755,1,2,0,163.0
10109802LEMOSF_2025-04-10_G42,10109802LEMOSF,2025-04-10,110895,1,5,0,175.0
10109802LEMOSF_2025-04-10_G43,10109802LEMOSF,2025-04-10,"141047, 117855",2,12,24,601.0
10109802LEMOSF_2025-04-10_G44,10109802LEMOSF,2025-04-10,117855,1,2,0,740.0
10109802LEMOSF_2025-04-10_G45,10109802LEMOSF,2025-04-10,111467,1,2,0,157.0
10109802LEMOSF_2025-04-10_G46,10109802LEMOSF,2025-04-10,110515,1,2,0,106.0
10109802LEMOSF_2025-04-10_G47,10109802LEMOSF,2025-04-10,117856,1,2,0,82.0
10109802LEMOSF_2025-04-10_G48,10109802LEMOSF,2025-04-10,111876,1,2,0,92.0
10109802LEMOSF_2025-04-10_G49,10109802LEMOSF,2025-04-10,111418,1,2,0,153.0
10109802LEMOSF_2025-04-10_G50,10109802LEMOSF,2025-04-10,111465,1,1,0,177.0
10109802LEMOSF_2025-04-10_G51,10109802LEMOSF,2025-04-10,110325,1,2,0,170.0
10109802LEMOSF_2025-04-10_G52,10109802LEMOSF,2025-04-10,110372,1,4,0,126.0
10109802LEMOSF_2025-04-10_G53,10109802LEMOSF,2025-04-10,109643,1,1,0,106.0
10109802LEMOSF_2025-04-10_G54,10109802LEMOSF,2025-04-10,107830,1,4,0,128.0
10109802LEMOSF_2025-04-10_G55,10109802LEMOSF,2025-04-10,117820,1,6,0,213.0
10109802LEMOSF_2025-04-10_G56,10109802LEMOSF,2025-04-10,117935,1,10,0,2383.0
10109802LEMOSF_2025-04-10_G57,10109802LEMOSF,2025-04-10,117831,1,6,0,1033.0
10109802LEMOSF_2025-04-10_G58,10109802LEMOSF,2025-04-10,108795,1,2,0,62.0
10109802LEMOSF_2025-04-10_G59,10109802LEMOSF,2025-04-10,111469,1,8,0,196.0
10109802LEMOSF_2025-04-10_G60,10109802LEMOSF,2025-04-10,111418,1,20,0,125.0
10109802LEMOSF_2025-04-10_G61,10109802LEMOSF,2025-04-10,118140,1,6,0,299.0
10109802LEMOSF_2025-04-10_G62,10109802LEMOSF,2025-04-10,111468,1,4,0,81.0
10109802LEMOSF_2025-04-10_G63,10109802LEMOSF,2025-04-10,140922,1,9,0,230.0
10109802LEMOSF_2025-04-10_G64,10109802LEMOSF,2025-04-10,111463,1,10,0,352.0
10109802LEMOSF_2025-04-10_G65,10109802LEMOSF,2025-04-10,111466,1,8,0,136.0
10109802LEMOSF_2025-04-10_G66,10109802LEMOSF,2025-04-10,111348,1,2,0,46.0
10109802LEMOSF_2025-04-10_G67,10109802LEMOSF,2025-04-10,111743,1,2,0,45.0
10109802LEMOSF_2025-04-10_G68,10109802LEMOSF,2025-04-10,109645,1,2,0,31.0
10109802LEMOSF_2025-04-10_G69,10109802LEMOSF,2025-04-10,108794,1,4,0,261.0
10109802LEMOSF_2025-04-10_G70,10109802LEMOSF,2025-04-10,117787,1,4,0,90.0
10109802LEMOSF_2025-04-10_G71,10109802LEMOSF,2025-04-10,"110745, 111442",2,4,22,47.0
10109802LEMOSF_2025-04-10_G72,10109802LEMOSF,2025-04-10,110787,1,10,0,320.0
10109802LEMOSF_2025-04-10_G73,10109802LEMOSF,2025-04-10,107830,1,2,0,66.0
10109802LEMOSF_2025-04-10_G74,10109802LEMOSF,2025-04-10,117830,1,5,0,35.0
10109802LEMOSF_2025-04-10_G75,10109802LEMOSF,2025-04-10,117808,1,13,0,214.0
10109802LEMOSF_2025-04-11_G02,10109802LEMOSF,2025-04-11,117935,1,6,0,450.0
10109802LEMOSF_2025-04-11_G03,10109802LEMOSF,2025-04-11,111463,1,2,0,184.0
10109802LEMOSF_2025-04-11_G04,10109802LEMOSF,2025-04-11,111463,1,31,0,681.0
10109802LEMOSF_2025-04-11_G05,10109802LEMOSF,2025-04-11,111466,1,4,0,49.0
10109802LEMOSF_2025-04-11_G06,10109802LEMOSF,2025-04-11,160054,1,4,0,1709.0
10109802LEMOSF_2025-04-11_G07,10109802LEMOSF,2025-04-11,110373,1,2,0,109.0
10109802LEMOSF_2025-04-11_G08,10109802LEMOSF,2025-04-11,110372,1,4,0,190.0
10109802LEMOSF_2025-04-11_G09,10109802LEMOSF,2025-04-11,141313,1,7,0,496.0
10109802LEMOSF_2025-04-11_G10,10109802LEMOSF,2025-04-11,118222,1,2,0,1715.0
10109802LEMOSF_2025-04-11_G11,10109802LEMOSF,2025-04-11,118290,1,1,0,825.0
10109802LEMOSF_2025-04-11_G12,10109802LEMOSF,2025-04-11,118306,1,2,0,90.0
10109802LEMOSF_2025-04-11_G13,10109802LEMOSF,2025-04-11,141047,1,1,0,154.0
10109802LEMOSF_2025-04-11_G14,10109802LEMOSF,2025-04-11,117862,1,8,0,191.0
10109802LEMOSF_2025-04-11_G15,10109802LEMOSF,2025-04-11,117862,1,8,0,100.0
10109802LEMOSF_2025-04-11_G16,10109802LEMOSF,2025-04-11,110313,1,2,0,150.0
10109802LEMOSF_2025-04-11_G17,10109802LEMOSF,2025-04-11,110733,1,1,0,931.0
10109802LEMOSF_2025-04-11_G18,10109802LEMOSF,2025-04-11,117861,1,2,0,128.0
10109802LEMOSF_2025-04-11_G19,10109802LEMOSF,2025-04-11,117856,1,2,0,102.0
10109802LEMOSF_2025-04-11_G20,10109802LEMOSF,2025-04-11,111602,1,1,0,70.0
10109802LEMOSF_2025-04-11_G21,10109802LEMOSF,2025-04-11,110515,1,1,0,104.0
10109802LEMOSF_2025-04-11_G22,10109802LEMOSF,2025-04-11,110740,1,1,0,568.0
10109802LEMOSF_2025-04-11_G23,10109802LEMOSF,2025-04-11,111469,1,6,0,187.0
10109802LEMOSF_2025-04-11_G24,10109802LEMOSF,2025-04-11,111469,1,4,0,60.0
10109802LEMOSF_2025-04-11_G25,10109802LEMOSF,2025-04-11,111418,1,2,0,197.0
10109802LEMOSF_2025-04-11_G26,10109802LEMOSF,2025-04-11,118140,1,2,0,81.0
10109802LEMOSF_2025-04-11_G27,10109802LEMOSF,2025-04-11,118004,1,2,0,110.0
10109802LEMOSF_2025-04-11_G28,10109802LEMOSF,2025-04-11,140922,1,3,0,130.0
10109802LEMOSF_2025-04-11_G29,10109802LEMOSF,2025-04-11,140922,1,3,0,108.0
10109802LEMOSF_2025-04-11_G30,10109802LEMOSF,2025-04-11,111463,1,18,0,234.0
10109802LEMOSF_2025-04-11_G31,10109802LEMOSF,2025-04-11,111463,1,12,0,125.0
10109802LEMOSF_2025-04-11_G32,10109802LEMOSF,2025-04-11,111466,1,11,0,247.0
10109802LEMOSF_2025-04-11_G33,10109802LEMOSF,2025-04-11,111466,1,12,0,122.0
10109802LEMOSF_2025-04-11_G34,10109802LEMOSF,2025-04-11,117833,1,1,0,146.0
10109802LEMOSF_2025-04-11_G35,10109802LEMOSF,2025-04-11,109641,1,1,0,557.0
10109802LEMOSF_2025-04-11_G36,10109802LEMOSF,2025-04-11,109645,1,2,0,91.0
10109802LEMOSF_2025-04-11_G37,10109802LEMOSF,2025-04-11,118317,1,1,0,122.0
10109802LEMOSF_2025-04-11_G38,10109802LEMOSF,2025-04-11,111465,1,3,0,104.0
10109802LEMOSF_2025-04-11_G40,10109802LEMOSF,2025-04-11,110755,1,2,0,306.0
10109802LEMOSF_2025-04-11_G41,10109802LEMOSF,2025-04-11,110755,1,10,0,282.0
10109802LEMOSF_2025-04-11_G42,10109802LEMOSF,2025-04-11,111569,1,1,0,125.0
10109802LEMOSF_2025-04-11_G43,10109802LEMOSF,2025-04-11,110743,1,1,0,402.0
10109802LEMOSF_2025-04-11_G44,10109802LEMOSF,2025-04-11,117787,1,2,0,386.0
10109802LEMOSF_2025-04-11_G45,10109802LEMOSF,2025-04-11,110740,1,6,0,232.0
10109802LEMOSF_2025-04-11_G46,10109802LEMOSF,2025-04-11,108795,1,4,0,164.0
10109802LEMOSF_2025-04-11_G47,10109802LEMOSF,2025-04-11,117831,1,4,0,217.0
10109802LEMOSF_2025-04-11_G48,10109802LEMOSF,2025-04-11,111469,1,4,0,124.0
10109802LEMOSF_2025-04-11_G49,10109802LEMOSF,2025-04-11,111469,1,4,0,91.0
10109802LEMOSF_2025-04-11_G50,10109802LEMOSF,2025-04-11,111469,1,12,0,495.0
10109802LEMOSF_2025-04-11_G51,10109802LEMOSF,2025-04-11,111462,1,4,0,352.0
10109802LEMOSF_2025-04-11_G52,10109802LEMOSF,2025-04-11,111418,1,8,0,1351.0
10109802LEMOSF_2025-04-11_G53,10109802LEMOSF,2025-04-11,111418,1,24,0,480.0
10109802LEMOSF_2025-04-11_G54,10109802LEMOSF,2025-04-11,118004,1,4,0,89.0
10109802LEMOSF_2025-04-11_G55,10109802LEMOSF,2025-04-11,111468,1,2,0,76.0
10109802LEMOSF_2025-04-11_G56,10109802LEMOSF,2025-04-11,140922,1,10,0,295.0
10109802LEMOSF_2025-04-11_G57,10109802LEMOSF,2025-04-11,111463,1,8,0,216.0
10109802LEMOSF_2025-04-11_G58,10109802LEMOSF,2025-04-11,111463,1,14,0,106.0
10109802LEMOSF_2025-04-11_G59,10109802LEMOSF,2025-04-11,111466,1,4,0,55.0
10109802LEMOSF_2025-04-11_G60,10109802LEMOSF,2025-04-11,116241,1,2,0,85.0
10109802LEMOSF_2025-04-11_G61,10109802LEMOSF,2025-04-11,111743,1,5,0,226.0
10109802LEMOSF_2025-04-11_G62,10109802LEMOSF,2025-04-11,111172,1,4,0,736.0
10109802LEMOSF_2025-04-11_G63,10109802LEMOSF,2025-04-11,109645,1,2,0,90.0
10109802LEMOSF_2025-04-11_G64,10109802LEMOSF,2025-04-11,"108794, 110787",3,20,50,42.0
10109802LEMOSF_2025-04-12_G02,10109802LEMOSF,2025-04-12,111569,1,22,0,625.0
10109802LEMOSF_2025-04-12_G03,10109802LEMOSF,2025-04-12,117855,1,16,0,581.0
10109802LEMOSF_2025-04-12_G04,10109802LEMOSF,2025-04-12,110515,1,16,0,773.0
10109802LEMOSF_2025-04-12_G05,10109802LEMOSF,2025-04-12,110711,1,33,0,721.0
10109802LEMOSF_2025-04-12_G06,10109802LEMOSF,2025-04-12,110733,1,13,0,395.0
10109802LEMOSF_2025-04-12_G07,10109802LEMOSF,2025-04-12,117834,1,10,0,999.0
10109802LEMOSF_2025-04-12_G08,10109802LEMOSF,2025-04-12,118290,1,6,0,234.0
10109802LEMOSF_2025-04-12_G09,10109802LEMOSF,2025-04-12,118306,1,10,0,270.0
10109802LEMOSF_2025-04-12_G10,10109802LEMOSF,2025-04-12,111437,1,8,0,222.0
10109802LEMOSF_2025-04-12_G11,10109802LEMOSF,2025-04-12,111532,1,9,0,3430.0
10109802LEMOSF_2025-04-12_G12,10109802LEMOSF,2025-04-12,109641,1,3,0,115.0
10109802LEMOSF_2025-04-12_G13,10109802LEMOSF,2025-04-12,117785,1,41,0,607.0
10109802LEMOSF_2025-04-12_G14,10109802LEMOSF,2025-04-12,108794,1,3,0,570.0
10109802LEMOSF_2025-04-12_G15,10109802LEMOSF,2025-04-12,118223,1,6,0,220.0
10109802LEMOSF_2025-04-12_G16,10109802LEMOSF,2025-04-12,117838,1,10,0,705.0
10109802LEMOSF_2025-04-12_G17,10109802LEMOSF,2025-04-12,105705,1,17,0,602.0
10109802LEMOSF_2025-04-12_G18,10109802LEMOSF,2025-04-12,"117841, 108795, 111469, 111418, 140922, 111463, 111466, 116241, 111743, 111435",11,230,76,2046.0
10109802LEMOSF_2025-04-12_G19,10109802LEMOSF,2025-04-12,117830,1,80,0,3110.0
10109802LEMOSF_2025-04-12_G20,10109802LEMOSF,2025-04-12,117832,1,50,0,522.0
10109802LEMOSF_2025-04-12_G21,10109802LEMOSF,2025-04-12,110373,1,99,0,337.0
10109802LEMOSF_2025-04-12_G22,10109802LEMOSF,2025-04-12,111469,1,10,0,2408.0
10109802LEMOSF_2025-04-12_G23,10109802LEMOSF,2025-04-12,140922,1,22,0,368.0
10109802LEMOSF_2025-04-12_G24,10109802LEMOSF,2025-04-12,110376,1,4,0,143.0
10109802LEMOSF_2025-04-12_G25,10109802LEMOSF,2025-04-12,117808,1,4,0,214.0
10109802LEMOSF_2025-04-12_G26,10109802LEMOSF,2025-04-12,110313,1,2,0,483.0
10109802LEMOSF_2025-04-12_G27,10109802LEMOSF,2025-04-12,110711,1,44,0,2083.0
10109802LEMOSF_2025-04-12_G28,10109802LEMOSF,2025-04-12,111602,1,13,0,471.0
10109802LEMOSF_2025-04-12_G29,10109802LEMOSF,2025-04-12,111602,1,7,0,88.0
10109802LEMOSF_2025-04-12_G30,10109802LEMOSF,2025-04-12,110325,1,6,0,551.0
10109802LEMOSF_2025-04-12_G31,10109802LEMOSF,2025-04-12,117820,1,9,0,85.0
10109802LEMOSF_2025-04-12_G32,10109802LEMOSF,2025-04-12,118299,1,6,0,176.0
10109802LEMOSF_2025-04-12_G33,10109802LEMOSF,2025-04-12,107830,1,5,0,119.0
10109802LEMOSF_2025-04-12_G34,10109802LEMOSF,2025-04-12,111462,1,3,0,84.0
10109802LEMOSF_2025-04-12_G35,10109802LEMOSF,2025-04-12,110372,1,8,0,84.0
10109802LEMOSF_2025-04-14_G02,10109802LEMOSF,2025-04-14,111437,1,4,0,460.0
10109802LEMOSF_2025-04-14_G03,10109802LEMOSF,2025-04-14,117789,1,4,0,156.0
10109802LEMOSF_2025-04-14_G04,10109802LEMOSF,2025-04-14,110895,1,5,0,812.0
10109802LEMOSF_2025-04-14_G05,10109802LEMOSF,2025-04-14,111569,1,10,0,847.0
10109802LEMOSF_2025-04-14_G06,10109802LEMOSF,2025-04-14,141035,1,2,0,283.0
10109802LEMOSF_2025-04-14_G07,10109802LEMOSF,2025-04-14,141047,1,4,0,299.0
10109802LEMOSF_2025-04-14_G08,10109802LEMOSF,2025-04-14,110339,1,10,0,547.0
10109802LEMOSF_2025-04-14_G09,10109802LEMOSF,2025-04-14,117861,1,10,0,231.0
10109802LEMOSF_2025-04-14_G10,10109802LEMOSF,2025-04-14,111602,1,2,0,292.0
10109802LEMOSF_2025-04-14_G12,10109802LEMOSF,2025-04-14,109640,1,2,0,148.0
10109802LEMOSF_2025-04-14_G13,10109802LEMOSF,2025-04-14,110372,1,30,0,575.0
10109802LEMOSF_2025-04-14_G14,10109802LEMOSF,2025-04-14,117832,1,4,0,111.0
10109802LEMOSF_2025-04-14_G15,10109802LEMOSF,2025-04-14,117832,1,10,0,233.0
10109802LEMOSF_2025-04-15_G02,10109802LEMOSF,2025-04-15,117837,1,6,0,245.0
10109802LEMOSF_2025-04-15_G03,10109802LEMOSF,2025-04-15,117788,1,9,0,169.0
10109802LEMOSF_2025-04-15_G04,10109802LEMOSF,2025-04-15,117831,1,24,0,431.0
10109802LEMOSF_2025-04-15_G05,10109802LEMOSF,2025-04-15,111469,1,30,0,641.0
10109802LEMOSF_2025-04-15_G06,10109802LEMOSF,2025-04-15,111418,1,100,0,644.0
10109802LEMOSF_2025-04-15_G07,10109802LEMOSF,2025-04-15,118140,1,9,0,178.0
10109802LEMOSF_2025-04-15_G08,10109802LEMOSF,2025-04-15,140922,1,32,0,396.0
10109802LEMOSF_2025-04-15_G09,10109802LEMOSF,2025-04-15,111172,1,6,0,164.0
10109802LEMOSF_2025-04-15_G10,10109802LEMOSF,2025-04-15,117785,1,80,0,339.0
10109802LEMOSF_2025-04-15_G11,10109802LEMOSF,2025-04-15,111466,1,40,0,651.0
10109802LEMOSF_2025-04-15_G12,10109802LEMOSF,2025-04-15,111466,1,2,0,71.0
10109802LEMOSF_2025-04-15_G13,10109802LEMOSF,2025-04-15,111462,1,50,0,557.0
10109802LEMOSF_2025-04-15_G14,10109802LEMOSF,2025-04-15,110745,1,15,0,276.0
10109802LEMOSF_2025-04-16_G02,10109802LEMOSF,2025-04-16,107629,1,32,0,1040.0
10109802LEMOSF_2025-04-16_G03,10109802LEMOSF,2025-04-16,110756,1,2,0,92.0
10109802LEMOSF_2025-04-16_G04,10109802LEMOSF,2025-04-16,111876,1,8,0,322.0
10109802LEMOSF_2025-04-16_G05,10109802LEMOSF,2025-04-16,117837,1,20,0,928.0
10109802LEMOSF_2025-04-16_G06,10109802LEMOSF,2025-04-16,117837,1,22,0,1312.0
10109802LEMOSF_2025-04-16_G07,10109802LEMOSF,2025-04-16,109649,1,1,0,300.0
10109802LEMOSF_2025-04-16_G08,10109802LEMOSF,2025-04-16,118004,1,20,0,366.0
10109802LEMOSF_2025-04-16_G09,10109802LEMOSF,2025-04-16,118004,1,10,0,197.0
10109802LEMOSF_2025-04-16_G10,10109802LEMOSF,2025-04-16,117833,1,12,0,279.0
10109802LEMOSF_2025-04-16_G11,10109802LEMOSF,2025-04-16,110374,1,40,0,1486.0
10109802LEMOSF_2025-04-16_G12,10109802LEMOSF,2025-04-16,111330,1,2,0,3087.0
10109802LEMOSF_2025-04-16_G14,10109802LEMOSF,2025-04-16,108798,1,12,0,2447.0
10109802LEMOSF_2025-04-16_G15,10109802LEMOSF,2025-04-16,109645,1,4,0,396.0
10109802LEMOSF_2025-04-16_G16,10109802LEMOSF,2025-04-16,111330,1,16,0,1147.0
10109802LEMOSF_2025-04-16_G17,10109802LEMOSF,2025-04-16,109641,1,6,0,614.0
10109802LEMOSF_2025-04-16_G18,10109802LEMOSF,2025-04-16,111602,1,7,0,239.0
10109802LEMOSF_2025-04-17_G02,10109802LEMOSF,2025-04-17,111441,1,50,0,1018.0
10109802LEMOSF_2025-04-17_G03,10109802LEMOSF,2025-04-17,105894,1,240,0,587.0
10109802LEMOSF_2025-04-17_G04,10109802LEMOSF,2025-04-17,111462,1,22,0,137.0
10109802LEMOSF_2025-04-17_G05,10109802LEMOSF,2025-04-17,118196,1,5,0,35.0
10109802LEMOSF_2025-04-19_G02,10109802LEMOSF,2025-04-19,111738,1,400,0,1162.0
10109802LEMOSF_2025-04-19_G03,10109802LEMOSF,2025-04-19,110374,1,284,0,1942.0
10109802LEMOSF_2025-04-19_G05,10109802LEMOSF,2025-04-19,109643,1,100,0,1231.0
10109802LEMOSF_2025-04-19_G06,10109802LEMOSF,2025-04-19,110373,1,410,0,1274.0
10109802LEMOSF_2025-04-19_G08,10109802LEMOSF,2025-04-19,111469,1,9,0,168.0
10109802LEMOSF_2025-04-19_G09,10109802LEMOSF,2025-04-19,118004,1,20,0,281.0
10109802LEMOSF_2025-04-19_G10,10109802LEMOSF,2025-04-19,111463,1,20,0,344.0
10109802LEMOSF_2025-04-19_G11,10109802LEMOSF,2025-04-19,111172,1,4,0,128.0
10109802LEMOSF_2025-04-19_G12,10109802LEMOSF,2025-04-19,111466,1,2,0,64.0
10109802LEMOSF_2025-04-19_G13,10109802LEMOSF,2025-04-19,111466,1,20,0,520.0
10109802LEMOSF_2025-04-19_G14,10109802LEMOSF,2025-04-19,118140,1,7,0,247.0
10109802LEMOSF_2025-04-19_G15,10109802LEMOSF,2025-04-19,110740,1,11,0,210.0
10109802LEMOSF_2025-04-19_G16,10109802LEMOSF,2025-04-19,110787,1,16,0,325.0
10109802LEMOSF_2025-04-19_G17,10109802LEMOSF,2025-04-19,111465,1,18,0,249.0
10109802LEMOSF_2025-04-19_G19,10109802LEMOSF,2025-04-19,117809,1,10,0,373.0
10109802LEMOSF_2025-04-19_G20,10109802LEMOSF,2025-04-19,110372,1,60,0,535.0
10109802LEMOSF_2025-04-19_G21,10109802LEMOSF,2025-04-19,110373,1,60,0,263.0
10109802LEMOSF_2025-04-21_G02,10109802LEMOSF,2025-04-21,111569,1,4,0,396.0
10109802LEMOSF_2025-04-21_G03,10109802LEMOSF,2025-04-21,111569,1,14,0,331.0
10109802LEMOSF_2025-04-21_G04,10109802LEMOSF,2025-04-21,110742,1,4,0,186.0
10109802LEMOSF_2025-04-21_G05,10109802LEMOSF,2025-04-21,118222,1,21,0,515.0
10109802LEMOSF_2025-04-21_G06,10109802LEMOSF,2025-04-21,111438,1,11,0,409.0
10109802LEMOSF_2025-04-21_G07,10109802LEMOSF,2025-04-21,118306,1,16,0,471.0
10109802LEMOSF_2025-04-21_G08,10109802LEMOSF,2025-04-21,110895,1,4,0,482.0
10109802LEMOSF_2025-04-21_G09,10109802LEMOSF,2025-04-21,115234,1,2,0,169.0
10109802LEMOSF_2025-04-21_G10,10109802LEMOSF,2025-04-21,110515,1,14,0,3474.0
10109802LEMOSF_2025-04-21_G11,10109802LEMOSF,2025-04-21,111435,1,18,0,591.0
10109802LEMOSF_2025-04-21_G12,10109802LEMOSF,2025-04-21,111418,1,28,0,679.0
10109802LEMOSF_2025-04-21_G13,10109802LEMOSF,2025-04-21,111418,1,40,0,370.0
10109802LEMOSF_2025-04-21_G14,10109802LEMOSF,2025-04-21,111463,1,10,0,238.0
10109802LEMOSF_2025-04-21_G15,10109802LEMOSF,2025-04-21,140922,1,4,0,215.0
10109802LEMOSF_2025-04-21_G16,10109802LEMOSF,2025-04-21,111172,1,10,0,139.0
10109802LEMOSF_2025-04-21_G17,10109802LEMOSF,2025-04-21,117785,1,80,0,372.0
10109802LEMOSF_2025-04-21_G18,10109802LEMOSF,2025-04-21,111463,1,100,0,355.0
10109802LEMOSF_2025-04-21_G19,10109802LEMOSF,2025-04-21,108794,1,4,0,187.0
10109802LEMOSF_2025-04-21_G20,10109802LEMOSF,2025-04-21,117838,1,4,0,125.0
10109802LEMOSF_2025-04-21_G21,10109802LEMOSF,2025-04-21,109645,1,11,0,464.0
10109802LEMOSF_2025-04-21_G22,10109802LEMOSF,2025-04-21,117329,1,18,0,239.0
10109802LEMOSF_2025-04-21_G23,10109802LEMOSF,2025-04-21,118140,1,40,0,878.0
10109802LEMOSF_2025-04-21_G25,10109802LEMOSF,2025-04-21,117808,1,200,0,1859.0
10109802LEMOSF_2025-04-21_G26,10109802LEMOSF,2025-04-21,118299,1,50,0,686.0
10109802LEMOSF_2025-04-21_G27,10109802LEMOSF,2025-04-21,117820,1,50,0,525.0
10109802LEMOSF_2025-04-21_G28,10109802LEMOSF,2025-04-21,117832,1,30,0,586.0
10109802LEMOSF_2025-04-21_G29,10109802LEMOSF,2025-04-21,117830,1,8,0,125.0
10109802LEMOSF_2025-04-21_G30,10109802LEMOSF,2025-04-21,110371,1,100,0,840.0
10109802LEMOSF_2025-04-21_G31,10109802LEMOSF,2025-04-21,109643,1,20,0,558.0
10109802LEMOSF_2025-04-21_G32,10109802LEMOSF,2025-04-21,110373,1,100,0,245.0
10109802LEMOSF_2025-04-21_G33,10109802LEMOSF,2025-04-21,117808,1,942,0,2967.0
10109802LEMOSF_2025-04-22_G02,10109802LEMOSF,2025-04-22,110733,1,4,0,209.0
10109802LEMOSF_2025-04-22_G03,10109802LEMOSF,2025-04-22,111602,1,12,0,349.0
10109802LEMOSF_2025-04-22_G04,10109802LEMOSF,2025-04-22,110711,1,4,0,218.0
10109802LEMOSF_2025-04-22_G05,10109802LEMOSF,2025-04-22,117831,1,4,0,223.0
10109802LEMOSF_2025-04-22_G06,10109802LEMOSF,2025-04-22,118004,1,4,0,162.0
10109802LEMOSF_2025-04-22_G07,10109802LEMOSF,2025-04-22,111418,1,4,0,62.0
10109802LEMOSF_2025-04-22_G08,10109802LEMOSF,2025-04-22,118140,1,4,0,244.0
10109802LEMOSF_2025-04-22_G09,10109802LEMOSF,2025-04-22,111753,1,8,0,1611.0
10109802LEMOSF_2025-04-22_G10,10109802LEMOSF,2025-04-22,111723,1,4,0,1538.0
10109802LEMOSF_2025-04-22_G11,10109802LEMOSF,2025-04-22,111759,1,4,0,733.0
10109802LEMOSF_2025-04-22_G12,10109802LEMOSF,2025-04-22,111751,1,4,0,267.0
10109802LEMOSF_2025-04-22_G13,10109802LEMOSF,2025-04-22,111740,1,4,0,371.0
10109802LEMOSF_2025-04-22_G14,10109802LEMOSF,2025-04-22,111634,1,8,0,983.0
10109802LEMOSF_2025-04-22_G15,10109802LEMOSF,2025-04-22,141261,1,8,0,418.0
10109802LEMOSF_2025-04-22_G16,10109802LEMOSF,2025-04-22,111722,1,8,0,178.0
10109802LEMOSF_2025-04-22_G17,10109802LEMOSF,2025-04-22,118191,1,4,0,231.0
10109802LEMOSF_2025-04-22_G18,10109802LEMOSF,2025-04-22,111598,1,12,0,417.0
10109802LEMOSF_2025-04-22_G20,10109802LEMOSF,2025-04-22,140911,1,12,0,255.0
10109802LEMOSF_2025-04-22_G21,10109802LEMOSF,2025-04-22,108798,1,3,0,371.0
10109802LEMOSF_2025-04-22_G22,10109802LEMOSF,2025-04-22,108798,1,7,0,161.0
10109802LEMOSF_2025-04-22_G23,10109802LEMOSF,2025-04-22,111463,1,2,0,173.0
10109802LEMOSF_2025-04-22_G24,10109802LEMOSF,2025-04-22,110373,1,2,0,357.0
10109802LEMOSF_2025-04-22_G25,10109802LEMOSF,2025-04-22,109640,1,131,0,2524.0
10109802LEMOSF_2025-04-22_G27,10109802LEMOSF,2025-04-22,111437,1,50,0,1025.0
10109802LEMOSF_2025-04-22_G28,10109802LEMOSF,2025-04-22,111437,1,12,0,224.0
10109802LEMOSF_2025-04-23_G02,10109802LEMOSF,2025-04-23,111569,1,4,0,138.0
10109802LEMOSF_2025-04-23_G03,10109802LEMOSF,2025-04-23,110339,1,3,0,117.0
10109802LEMOSF_2025-04-23_G04,10109802LEMOSF,2025-04-23,117855,1,4,0,160.0
10109802LEMOSF_2025-04-23_G05,10109802LEMOSF,2025-04-23,110515,1,2,0,154.0
10109802LEMOSF_2025-04-23_G06,10109802LEMOSF,2025-04-23,111418,1,2,0,93.0
10109802LEMOSF_2025-04-23_G07,10109802LEMOSF,2025-04-23,110787,1,21,0,604.0
10109802LEMOSF_2025-04-23_G08,10109802LEMOSF,2025-04-23,118299,1,12,0,244.0
10109802LEMOSF_2025-04-23_G09,10109802LEMOSF,2025-04-23,110371,1,2,0,62.0
10109802LEMOSF_2025-04-23_G10,10109802LEMOSF,2025-04-23,117820,1,8,0,190.0
10109802LEMOSF_2025-04-23_G11,10109802LEMOSF,2025-04-23,110372,1,14,0,627.0
10109802LEMOSF_2025-04-23_G12,10109802LEMOSF,2025-04-23,117808,1,13,0,327.0
10109802LEMOSF_2025-04-23_G13,10109802LEMOSF,2025-04-23,110373,1,16,0,193.0
10109802LEMOSF_2025-04-23_G15,10109802LEMOSF,2025-04-23,117861,1,4,0,314.0
10109802LEMOSF_2025-04-23_G16,10109802LEMOSF,2025-04-23,109640,1,4,0,237.0
10109802LEMOSF_2025-04-23_G17,10109802LEMOSF,2025-04-23,111435,1,6,0,486.0
10109802LEMOSF_2025-04-23_G18,10109802LEMOSF,2025-04-23,110743,1,4,0,130.0
10109802LEMOSF_2025-04-23_G19,10109802LEMOSF,2025-04-23,117785,1,8,0,344.0
10109802LEMOSF_2025-04-23_G20,10109802LEMOSF,2025-04-23,140922,1,12,0,292.0
10109802LEMOSF_2025-04-23_G21,10109802LEMOSF,2025-04-23,140922,1,8,0,106.0
10109802LEMOSF_2025-04-23_G22,10109802LEMOSF,2025-04-23,118299,1,8,0,242.0
10109802LEMOSF_2025-04-23_G23,10109802LEMOSF,2025-04-23,117808,1,6,0,167.0
10109802LEMOSF_2025-04-23_G24,10109802LEMOSF,2025-04-23,108798,1,10,0,699.0
10109802LEMOSF_2025-04-23_G25,10109802LEMOSF,2025-04-23,118281,1,10,0,834.0
10109802LEMOSF_2025-04-23_G26,10109802LEMOSF,2025-04-23,110374,1,4,0,251.0
10109802LEMOSF_2025-04-23_G27,10109802LEMOSF,2025-04-23,107830,1,3,0,93.0
10109802LEMOSF_2025-04-23_G28,10109802LEMOSF,2025-04-23,110372,1,20,0,421.0
10109802LEMOSF_2025-04-23_G29,10109802LEMOSF,2025-04-23,117830,1,8,0,209.0
10109802LEMOSF_2025-04-23_G30,10109802LEMOSF,2025-04-23,110373,1,2,0,129.0
10109802LEMOSF_2025-04-23_G31,10109802LEMOSF,2025-04-23,118285,1,19,0,2318.0
10109802LEMOSF_2025-04-23_G32,10109802LEMOSF,2025-04-23,111468,1,27,0,373.0
10109802LEMOSF_2025-04-23_G33,10109802LEMOSF,2025-04-23,111743,1,5,0,126.0
10109802LEMOSF_2025-04-23_G34,10109802LEMOSF,2025-04-23,111446,1,3,0,301.0
10109802LEMOSF_2025-04-24_G02,10109802LEMOSF,2025-04-24,111463,1,20,0,225.0
10109802LEMOSF_2025-04-24_G03,10109802LEMOSF,2025-04-24,140922,1,1,0,44.0
10109802LEMOSF_2025-04-24_G04,10109802LEMOSF,2025-04-24,111466,2,9,21,245.0
10109802LEMOSF_2025-04-24_G05,10109802LEMOSF,2025-04-24,141048,1,8,0,113.0
10109802LEMOSF_2025-04-24_G06,10109802LEMOSF,2025-04-24,111418,1,30,0,688.0
10109802LEMOSF_2025-04-24_G07,10109802LEMOSF,2025-04-24,111462,1,20,0,378.0
10109802LEMOSF_2025-04-24_G08,10109802LEMOSF,2025-04-24,118140,1,40,0,746.0
10109802LEMOSF_2025-04-24_G09,10109802LEMOSF,2025-04-24,160055,1,4,0,284.0
10109802LEMOSF_2025-04-24_G10,10109802LEMOSF,2025-04-24,110787,1,10,0,130.0
10109802LEMOSF_2025-04-24_G11,10109802LEMOSF,2025-04-24,110129,1,2,0,219.0
10109802LEMOSF_2025-04-24_G12,10109802LEMOSF,2025-04-24,110129,1,10,0,443.0
10109802LEMOSF_2025-04-25_G02,10109802LEMOSF,2025-04-25,111469,1,689,0,3167.0
10109802LEMOSF_2025-04-25_G03,10109802LEMOSF,2025-04-25,111430,1,6,0,876.0
10109802LEMOSF_2025-04-25_G04,10109802LEMOSF,2025-04-25,117862,1,10,0,144.0
10109802LEMOSF_2025-04-25_G05,10109802LEMOSF,2025-04-25,117855,1,12,0,173.0
10109802LEMOSF_2025-04-25_G06,10109802LEMOSF,2025-04-25,117854,1,1,0,186.0
10109802LEMOSF_2025-04-25_G07,10109802LEMOSF,2025-04-25,111602,1,5,0,93.0
10109802LEMOSF_2025-04-25_G08,10109802LEMOSF,2025-04-25,110711,2,16,28,233.0
10109802LEMOSF_2025-04-25_G09,10109802LEMOSF,2025-04-25,111743,1,11,0,401.0
10109802LEMOSF_2025-04-25_G10,10109802LEMOSF,2025-04-25,111463,1,20,0,192.0
10109802LEMOSF_2025-04-25_G11,10109802LEMOSF,2025-04-25,111172,1,4,0,223.0
10109802LEMOSF_2025-04-25_G12,10109802LEMOSF,2025-04-25,111418,1,20,0,192.0
10109802LEMOSF_2025-04-25_G13,10109802LEMOSF,2025-04-25,111444,1,2,0,32.0
10109802LEMOSF_2025-04-25_G14,10109802LEMOSF,2025-04-25,117838,1,2,0,31.0
10109802LEMOSF_2025-04-25_G15,10109802LEMOSF,2025-04-25,118140,1,30,0,284.0
10109802LEMOSF_2025-04-25_G16,10109802LEMOSF,2025-04-25,111348,1,2,0,102.0
10109802LEMOSF_2025-04-25_G17,10109802LEMOSF,2025-04-25,117832,1,12,0,438.0
10109802LEMOSF_2025-04-25_G18,10109802LEMOSF,2025-04-25,110375,1,5,0,101.0
10109802LEMOSF_2025-04-25_G19,10109802LEMOSF,2025-04-25,111348,1,4,0,394.0
10109802LEMOSF_2025-04-25_G20,10109802LEMOSF,2025-04-25,110787,1,4,0,108.0
10109802LEMOSF_2025-04-25_G21,10109802LEMOSF,2025-04-25,110325,1,2,0,1339.0
10109802LEMOSF_2025-04-25_G22,10109802LEMOSF,2025-04-25,110374,1,2,0,342.0
10109802LEMOSF_2025-04-25_G23,10109802LEMOSF,2025-04-25,110325,1,4,0,338.0
10109802LEMOSF_2025-04-26_G02,10109802LEMOSF,2025-04-26,110841,1,1,0,54.0
10109802LEMOSF_2025-04-26_G03,10109802LEMOSF,2025-04-26,118418,1,1,0,76.0
10109802LEMOSF_2025-04-26_G04,10109802LEMOSF,2025-04-26,106865,1,2,0,137.0
10109802LEMOSF_2025-04-26_G05,10109802LEMOSF,2025-04-26,141035,1,1,0,253.0
10109802LEMOSF_2025-04-26_G06,10109802LEMOSF,2025-04-26,118094,1,82,0,339.0
10109802LEMOSF_2025-04-26_G07,10109802LEMOSF,2025-04-26,111650,1,8,0,315.0
10109802LEMOSF_2025-04-26_G08,10109802LEMOSF,2025-04-26,117935,1,10,0,150.0
10109802LEMOSF_2025-04-26_G09,10109802LEMOSF,2025-04-26,109640,1,30,0,283.0
10109802LEMOSF_2025-04-26_G10,10109802LEMOSF,2025-04-26,109640,1,38,0,68.0
10109802LEMOSF_2025-04-28_G02,10109802LEMOSF,2025-04-28,114099,1,2,0,414.0
10109802LEMOSF_2025-04-28_G03,10109802LEMOSF,2025-04-28,118285,1,2,0,445.0
10109802LEMOSF_2025-04-28_G04,10109802LEMOSF,2025-04-28,118326,1,2,0,800.0
10109802LEMOSF_2025-04-28_G05,10109802LEMOSF,2025-04-28,117787,1,28,0,517.0
10109802LEMOSF_2025-04-28_G06,10109802LEMOSF,2025-04-28,117787,1,4,0,100.0
10109802LEMOSF_2025-04-28_G07,10109802LEMOSF,2025-04-28,111444,1,12,0,415.0
10109802LEMOSF_2025-04-28_G08,10109802LEMOSF,2025-04-28,109645,1,20,0,1444.0
10109802LEMOSF_2025-04-28_G09,10109802LEMOSF,2025-04-28,111444,1,20,0,327.0
10109802LEMOSF_2025-04-28_G10,10109802LEMOSF,2025-04-28,109933,1,4,0,2552.0
10109802LEMOSF_2025-04-28_G11,10109802LEMOSF,2025-04-28,111660,1,2,0,153.0
10109802LEMOSF_2025-04-28_G12,10109802LEMOSF,2025-04-28,111438,1,4,0,304.0
10109802LEMOSF_2025-04-28_G13,10109802LEMOSF,2025-04-28,118094,1,3,0,568.0
10109802LEMOSF_2025-04-28_G14,10109802LEMOSF,2025-04-28,111530,1,12,0,209.0
10109802LEMOSF_2025-04-28_G15,10109802LEMOSF,2025-04-28,111444,1,2,0,142.0
10109802LEMOSF_2025-04-28_G16,10109802LEMOSF,2025-04-28,111330,1,4,0,138.0
10109802LEMOSF_2025-04-28_G17,10109802LEMOSF,2025-04-28,111444,1,4,0,355.0
10109802LEMOSF_2025-04-28_G18,10109802LEMOSF,2025-04-28,118222,1,4,0,110.0
10109802LEMOSF_2025-04-28_G20,10109802LEMOSF,2025-04-28,110742,1,6,0,173.0
10109802LEMOSF_2025-04-28_G21,10109802LEMOSF,2025-04-28,110755,1,4,0,111.0
10109802LEMOSF_2025-04-28_G22,10109802LEMOSF,2025-04-28,110895,1,3,0,199.0
10109802LEMOSF_2025-04-28_G23,10109802LEMOSF,2025-04-28,108772,1,4,0,329.0
10109802LEMOSF_2025-04-28_G24,10109802LEMOSF,2025-04-28,117862,1,6,0,219.0
10109802LEMOSF_2025-04-28_G25,10109802LEMOSF,2025-04-28,111467,1,2,0,136.0
10109802LEMOSF_2025-04-28_G26,10109802LEMOSF,2025-04-28,117855,1,4,0,734.0
10109802LEMOSF_2025-04-28_G27,10109802LEMOSF,2025-04-28,108361,1,4,0,166.0
10109802LEMOSF_2025-04-28_G28,10109802LEMOSF,2025-04-28,110515,1,5,0,103.0
10109802LEMOSF_2025-04-28_G29,10109802LEMOSF,2025-04-28,111602,1,8,0,526.0
10109802LEMOSF_2025-04-28_G30,10109802LEMOSF,2025-04-28,117831,1,3,0,185.0
10109802LEMOSF_2025-04-28_G31,10109802LEMOSF,2025-04-28,111469,1,4,0,89.0
10109802LEMOSF_2025-04-28_G32,10109802LEMOSF,2025-04-28,117821,1,4,0,67.0
10109802LEMOSF_2025-04-28_G33,10109802LEMOSF,2025-04-28,111418,1,8,0,194.0
10109802LEMOSF_2025-04-28_G34,10109802LEMOSF,2025-04-28,111462,1,4,0,161.0
10109802LEMOSF_2025-04-28_G35,10109802LEMOSF,2025-04-28,110748,1,4,0,112.0
10109802LEMOSF_2025-04-28_G36,10109802LEMOSF,2025-04-28,110745,1,3,0,179.0
10109802LEMOSF_2025-04-28_G37,10109802LEMOSF,2025-04-28,111330,1,4,0,113.0
10109802LEMOSF_2025-04-28_G38,10109802LEMOSF,2025-04-28,110740,1,2,0,133.0
10109802LEMOSF_2025-04-28_G39,10109802LEMOSF,2025-04-28,110373,1,8,0,170.0
10109802LEMOSF_2025-04-29_G02,10109802LEMOSF,2025-04-29,118417,1,6,0,130.0
10109802LEMOSF_2025-04-29_G03,10109802LEMOSF,2025-04-29,108770,1,9,0,875.0
10109802LEMOSF_2025-04-29_G04,10109802LEMOSF,2025-04-29,110582,1,1,0,119.0
10109802LEMOSF_2025-04-29_G05,10109802LEMOSF,2025-04-29,111660,1,20,0,798.0
10109802LEMOSF_2025-04-29_G06,10109802LEMOSF,2025-04-29,110742,1,4,0,317.0
10109802LEMOSF_2025-04-29_G07,10109802LEMOSF,2025-04-29,117789,1,30,0,760.0
10109802LEMOSF_2025-04-29_G08,10109802LEMOSF,2025-04-29,110516,1,4,0,387.0
10109802LEMOSF_2025-04-29_G09,10109802LEMOSF,2025-04-29,110325,1,50,0,2398.0
10109802LEMOSF_2025-04-29_G10,10109802LEMOSF,2025-04-29,111442,1,29,0,374.0
10109802LEMOSF_2025-04-29_G11,10109802LEMOSF,2025-04-29,107236,1,20,0,378.0
10109802LEMOSF_2025-04-29_G12,10109802LEMOSF,2025-04-29,117841,1,3,0,267.0
10109802LEMOSF_2025-04-29_G13,10109802LEMOSF,2025-04-29,117785,1,100,0,2614.0
10109802LEMOSF_2025-04-29_G14,10109802LEMOSF,2025-04-29,111433,1,2,0,102.0
10109802LEMOSF_2025-04-29_G15,10109802LEMOSF,2025-04-29,115209,1,4,0,502.0
10109802LEMOSF_2025-04-29_G16,10109802LEMOSF,2025-04-29,111330,1,21,0,433.0
10109802LEMOSF_2025-04-29_G17,10109802LEMOSF,2025-04-29,105705,1,24,0,259.0
10109802LEMOSF_2025-04-29_G18,10109802LEMOSF,2025-04-29,117837,1,20,0,280.0
10109802LEMOSF_2025-04-29_G19,10109802LEMOSF,2025-04-29,117853,1,6,0,255.0
10109802LEMOSF_2025-04-29_G20,10109802LEMOSF,2025-04-29,110515,1,34,0,345.0
10109802LEMOSF_2025-04-29_G21,10109802LEMOSF,2025-04-29,117854,1,4,0,1647.0
10109802LEMOSF_2025-04-29_G22,10109802LEMOSF,2025-04-29,141047,1,20,0,408.0
10109802LEMOSF_2025-04-29_G23,10109802LEMOSF,2025-04-29,111602,1,50,0,265.0
10109802LEMOSF_2025-04-29_G24,10109802LEMOSF,2025-04-29,107254,1,2,0,293.0
10109802LEMOSF_2025-04-29_G25,10109802LEMOSF,2025-04-29,111467,1,50,0,654.0
10109802LEMOSF_2025-04-29_G27,10109802LEMOSF,2025-04-29,110372,1,400,0,1588.0
10109802LEMOSF_2025-04-29_G28,10109802LEMOSF,2025-04-29,110373,1,500,0,1774.0
10109802LEMOSF_2025-04-29_G29,10109802LEMOSF,2025-04-29,117808,1,500,0,2773.0
10109802LEMOSF_2025-04-30_G02,10109802LEMOSF,2025-04-30,118299,1,331,0,756.0
10109802LEMOSF_2025-04-30_G03,10109802LEMOSF,2025-04-30,110371,1,50,0,387.0
10109802LEMOSF_2025-04-30_G04,10109802LEMOSF,2025-04-30,109643,1,10,0,213.0
10109802LEMOSF_2025-04-30_G05,10109802LEMOSF,2025-04-30,110372,1,52,0,946.0
10109802LEMOSF_2025-04-30_G06,10109802LEMOSF,2025-04-30,110376,1,30,0,320.0
10109802LEMOSF_2025-04-30_G07,10109802LEMOSF,2025-04-30,117808,1,258,0,382.0
10109802LEMOSF_2025-04-30_G08,10109802LEMOSF,2025-04-30,117785,1,50,0,883.0
10109802LEMOSF_2025-04-30_G09,10109802LEMOSF,2025-04-30,110743,1,6,0,730.0
10109802LEMOSF_2025-04-30_G10,10109802LEMOSF,2025-04-30,111463,1,30,0,483.0
10109802LEMOSF_2025-04-30_G11,10109802LEMOSF,2025-04-30,111462,1,8,0,211.0
10109802LEMOSF_2025-04-30_G12,10109802LEMOSF,2025-04-30,117787,1,17,0,184.0
10109802LEMOSF_2025-04-30_G13,10109802LEMOSF,2025-04-30,111466,1,22,0,349.0
10109802LEMOSF_2025-04-30_G14,10109802LEMOSF,2025-04-30,111330,1,6,0,591.0
10109802LEMOSF_2025-04-30_G15,10109802LEMOSF,2025-04-30,108794,1,4,0,111.0
10109802LEMOSF_2025-04-30_G16,10109802LEMOSF,2025-04-30,117838,1,4,0,277.0
10109802LEMOSF_2025-04-30_G17,10109802LEMOSF,2025-04-30,110745,1,4,0,138.0
10109802LEMOSF_2025-04-30_G18,10109802LEMOSF,2025-04-30,111348,1,13,0,144.0
10109802LEMOSF_2025-04-30_G19,10109802LEMOSF,2025-04-30,110740,1,14,0,215.0
10109802LEMOSF_2025-04-30_G20,10109802LEMOSF,2025-04-30,110755,1,8,0,735.0
10109802LEMOSF_2025-04-30_G21,10109802LEMOSF,2025-04-30,117834,1,8,0,132.0
10109802LEMOSF_2025-04-30_G22,10109802LEMOSF,2025-04-30,117861,1,12,0,364.0
10109802LEMOSF_2025-04-30_G23,10109802LEMOSF,2025-04-30,118094,1,30,0,559.0
10109802LEMOSF_2025-04-30_G24,10109802LEMOSF,2025-04-30,117862,1,12,0,161.0
10109802LEMOSF_2025-04-30_G25,10109802LEMOSF,2025-04-30,111876,1,12,0,205.0
10109802LEMOSF_2025-04-30_G26,10109802LEMOSF,2025-04-30,110581,1,16,0,1232.0
10109802LEMOSF_2025-04-30_G27,10109802LEMOSF,2025-04-30,117935,1,36,0,371.0
10109802LEMOSF_2025-04-30_G28,10109802LEMOSF,2025-04-30,117853,1,3,0,161.0
10109802LEMOSF_2025-04-30_G29,10109802LEMOSF,2025-04-30,117853,1,5,0,112.0
10109802LEMOSF_2025-04-30_G30,10109802LEMOSF,2025-04-30,117853,1,4,0,83.0
10109802LEMOSF_2025-04-30_G31,10109802LEMOSF,2025-04-30,117854,1,6,0,2303.0
10109802LEMOSF_2025-04-30_G32,10109802LEMOSF,2025-04-30,117855,1,12,0,598.0
10109802LEMOSF_2025-04-30_G33,10109802LEMOSF,2025-04-30,117856,1,12,0,156.0
10109802LEMOSF_2025-04-30_G35,10109802LEMOSF,2025-04-30,111182,1,20,0,1260.0
10109802LEMOSF_2025-04-30_G36,10109802LEMOSF,2025-04-30,111468,1,36,0,510.0
10109802LEMOSF_2025-04-30_G37,10109802LEMOSF,2025-04-30,118004,1,8,0,420.0
10109802LEMOSF_2025-04-30_G38,10109802LEMOSF,2025-04-30,140922,1,30,0,564.0
10109802LEMOSF_2025-04-30_G39,10109802LEMOSF,2025-04-30,111330,1,12,0,410.0
10109802LEMOSF_2025-04-30_G40,10109802LEMOSF,2025-04-30,118280,1,20,0,2256.0
10109802LEMOSF_2025-04-30_G41,10109802LEMOSF,2025-04-30,114650,1,8,0,538.0
10109802LEMOSF_2025-04-30_G42,10109802LEMOSF,2025-04-30,118283,1,50,0,284.0
10109802LEMOSF_2025-04-30_G43,10109802LEMOSF,2025-04-30,118285,1,20,0,946.0
10109802LEMOSF_2025-04-30_G44,10109802LEMOSF,2025-04-30,118326,1,12,0,1152.0
10109802LEMOSF_2025-04-30_G45,10109802LEMOSF,2025-04-30,114091,1,14,0,261.0
10109802LEMOSF_2025-04-30_G46,10109802LEMOSF,2025-04-30,118281,1,75,0,258.0
10109802LEMOSF_2025-04-30_G47,10109802LEMOSF,2025-04-30,114092,1,10,0,128.0
10109802LEMOSF_2025-05-06_G02,10109802LEMOSF,2025-05-06,111532,1,4,0,207.0
10109802LEMOSF_2025-05-06_G03,10109802LEMOSF,2025-05-06,140922,1,4,0,113.0
10109802LEMOSF_2025-05-06_G04,10109802LEMOSF,2025-05-06,108798,1,4,0,211.0
10109802LEMOSF_2025-05-06_G05,10109802LEMOSF,2025-05-06,108798,1,4,0,74.0
10109802LEMOSF_2025-05-06_G06,10109802LEMOSF,2025-05-06,107236,1,3,0,205.0
10109802LEMOSF_2025-05-06_G07,10109802LEMOSF,2025-05-06,140922,1,16,0,256.0
10109802LEMOSF_2025-05-06_G08,10109802LEMOSF,2025-05-06,111468,1,12,0,984.0
10109802LEMOSF_2025-05-06_G09,10109802LEMOSF,2025-05-06,111465,1,2,0,854.0
10109802LEMOSF_2025-05-06_G10,10109802LEMOSF,2025-05-06,111468,1,10,0,51.0
10109802LEMOSF_2025-05-06_G11,10109802LEMOSF,2025-05-06,111462,1,5,0,654.0
10109802LEMOSF_2025-05-06_G12,10109802LEMOSF,2025-05-06,111462,1,10,0,119.0
10109802LEMOSF_2025-05-07_G02,10109802LEMOSF,2025-05-07,117821,1,120,0,3494.0
10109802LEMOSF_2025-05-07_G03,10109802LEMOSF,2025-05-07,118094,1,4,0,797.0
10109802LEMOSF_2025-05-07_G04,10109802LEMOSF,2025-05-07,118094,1,2,0,49.0
10109802LEMOSF_2025-05-07_G05,10109802LEMOSF,2025-05-07,117862,1,20,0,242.0
10109802LEMOSF_2025-05-07_G06,10109802LEMOSF,2025-05-07,117861,1,12,0,181.0
10109802LEMOSF_2025-05-07_G07,10109802LEMOSF,2025-05-07,110515,1,9,0,200.0
10109802LEMOSF_2025-05-07_G08,10109802LEMOSF,2025-05-07,111468,1,7,0,204.0
10109802LEMOSF_2025-05-07_G09,10109802LEMOSF,2025-05-07,111660,1,10,0,1026.0
10109802LEMOSF_2025-05-07_G10,10109802LEMOSF,2025-05-07,111660,1,4,0,114.0
10109802LEMOSF_2025-05-07_G11,10109802LEMOSF,2025-05-07,107892,1,4,0,612.0
10109802LEMOSF_2025-05-07_G12,10109802LEMOSF,2025-05-07,110747,1,2,0,85.0
10109802LEMOSF_2025-05-07_G13,10109802LEMOSF,2025-05-07,111430,1,8,0,175.0
10109802LEMOSF_2025-05-07_G14,10109802LEMOSF,2025-05-07,111430,1,4,0,54.0
10109802LEMOSF_2025-05-07_G16,10109802LEMOSF,2025-05-07,118094,1,18,0,135.0
10109802LEMOSF_2025-05-07_G17,10109802LEMOSF,2025-05-07,118094,1,37,0,324.0
10109802LEMOSF_2025-05-07_G18,10109802LEMOSF,2025-05-07,117862,1,130,0,825.0
10109802LEMOSF_2025-05-07_G19,10109802LEMOSF,2025-05-07,111444,1,7,0,347.0
10109802LEMOSF_2025-05-07_G20,10109802LEMOSF,2025-05-07,111463,2,41,13,515.0
10109802LEMOSF_2025-05-07_G21,10109802LEMOSF,2025-05-07,117821,1,8,0,117.0
10109802LEMOSF_2025-05-07_G22,10109802LEMOSF,2025-05-07,117785,1,15,0,354.0
10109802LEMOSF_2025-05-07_G23,10109802LEMOSF,2025-05-07,111172,1,11,0,179.0
10109802LEMOSF_2025-05-08_G02,10109802LEMOSF,2025-05-08,117856,1,3,0,63.0
10109802LEMOSF_2025-05-08_G03,10109802LEMOSF,2025-05-08,110515,1,3,0,96.0
10109802LEMOSF_2025-05-08_G04,10109802LEMOSF,2025-05-08,117821,1,3,0,349.0
10109802LEMOSF_2025-05-08_G05,10109802LEMOSF,2025-05-08,111418,1,3,0,166.0
10109802LEMOSF_2025-05-08_G06,10109802LEMOSF,2025-05-08,118140,1,1,0,173.0
10109802LEMOSF_2025-05-08_G07,10109802LEMOSF,2025-05-08,110787,1,3,0,99.0
10109802LEMOSF_2025-05-08_G08,10109802LEMOSF,2025-05-08,118222,1,1,0,314.0
10109802LEMOSF_2025-05-08_G09,10109802LEMOSF,2025-05-08,117862,1,5,0,307.0
10109802LEMOSF_2025-05-08_G10,10109802LEMOSF,2025-05-08,111530,1,1,0,67.0
10109802LEMOSF_2025-05-08_G11,10109802LEMOSF,2025-05-08,117853,1,1,0,74.0
10109802LEMOSF_2025-05-08_G12,10109802LEMOSF,2025-05-08,117856,1,1,0,102.0
10109802LEMOSF_2025-05-08_G13,10109802LEMOSF,2025-05-08,117786,1,2,0,78.0
10109802LEMOSF_2025-05-08_G14,10109802LEMOSF,2025-05-08,110515,1,1,0,50.0
10109802LEMOSF_2025-05-08_G15,10109802LEMOSF,2025-05-08,118222,1,2,0,405.0
10109802LEMOSF_2025-05-08_G16,10109802LEMOSF,2025-05-08,117862,1,1,0,79.0
10109802LEMOSF_2025-05-08_G17,10109802LEMOSF,2025-05-08,111530,1,1,0,69.0
10109802LEMOSF_2025-05-08_G18,10109802LEMOSF,2025-05-08,117935,1,1,0,62.0
10109802LEMOSF_2025-05-08_G19,10109802LEMOSF,2025-05-08,117856,1,2,0,75.0
10109802LEMOSF_2025-05-08_G20,10109802LEMOSF,2025-05-08,110515,1,1,0,83.0
10109802LEMOSF_2025-05-08_G21,10109802LEMOSF,2025-05-08,118299,1,6,0,130.0
10109802LEMOSF_2025-05-08_G22,10109802LEMOSF,2025-05-08,110372,1,5,0,125.0
10109802LEMOSF_2025-05-08_G23,10109802LEMOSF,2025-05-08,111463,1,4,0,140.0
10109802LEMOSF_2025-05-08_G24,10109802LEMOSF,2025-05-08,111469,1,1,0,53.0
10109802LEMOSF_2025-05-08_G25,10109802LEMOSF,2025-05-08,111466,1,1,0,96.0
10109802LEMOSF_2025-05-08_G26,10109802LEMOSF,2025-05-08,111418,1,5,0,114.0
10109802LEMOSF_2025-05-08_G27,10109802LEMOSF,2025-05-08,110787,1,3,0,126.0
10109802LEMOSF_2025-05-08_G28,10109802LEMOSF,2025-05-08,111182,1,15,0,2520.0
10109802LEMOSF_2025-05-08_G29,10109802LEMOSF,2025-05-08,117822,1,8,0,180.0
10109802LEMOSF_2025-05-08_G30,10109802LEMOSF,2025-05-08,111463,1,3,0,840.0
10109802LEMOSF_2025-05-08_G31,10109802LEMOSF,2025-05-08,118004,1,2,0,132.0
10109802LEMOSF_2025-05-08_G32,10109802LEMOSF,2025-05-08,111466,1,3,0,153.0
10109802LEMOSF_2025-05-08_G33,10109802LEMOSF,2025-05-08,110787,1,5,0,157.0
10109802LEMOSF_2025-05-08_G34,10109802LEMOSF,2025-05-08,110325,1,1,0,157.0
10109802LEMOSF_2025-05-08_G35,10109802LEMOSF,2025-05-08,117820,1,1,0,53.0
10109802LEMOSF_2025-05-08_G36,10109802LEMOSF,2025-05-08,118299,1,1,0,80.0
10109802LEMOSF_2025-05-08_G37,10109802LEMOSF,2025-05-08,110372,1,10,0,181.0
10109802LEMOSF_2025-05-08_G38,10109802LEMOSF,2025-05-08,117832,1,5,0,151.0
10109802LEMOSF_2025-05-08_G39,10109802LEMOSF,2025-05-08,140911,1,12,0,282.0
10109802LEMOSF_2025-05-08_G40,10109802LEMOSF,2025-05-08,111443,1,2,0,204.0
10109802LEMOSF_2025-05-08_G41,10109802LEMOSF,2025-05-08,108759,1,1,0,1831.0
10109802LEMOSF_2025-05-08_G42,10109802LEMOSF,2025-05-08,111443,1,8,0,703.0
10109802LEMOSF_2025-05-08_G43,10109802LEMOSF,2025-05-08,111443,1,4,0,113.0
10109802LEMOSF_2025-05-08_G44,10109802LEMOSF,2025-05-08,118004,1,4,0,202.0
10109802LEMOSF_2025-05-08_G45,10109802LEMOSF,2025-05-08,117822,1,3,0,117.0
10109802LEMOSF_2025-05-08_G46,10109802LEMOSF,2025-05-08,111443,1,2,0,136.0
10109802LEMOSF_2025-05-08_G47,10109802LEMOSF,2025-05-08,110742,1,3,0,334.0
10109802LEMOSF_2025-05-08_G48,10109802LEMOSF,2025-05-08,110733,1,5,0,184.0
10109802LEMOSF_2025-05-08_G49,10109802LEMOSF,2025-05-08,111467,1,8,0,221.0
10109802LEMOSF_2025-05-08_G50,10109802LEMOSF,2025-05-08,111182,1,3,0,823.0
10109802LEMOSF_2025-05-08_G51,10109802LEMOSF,2025-05-08,109645,1,4,0,193.0
10109802LEMOSF_2025-05-08_G52,10109802LEMOSF,2025-05-08,117830,1,8,0,278.0
10109802LEMOSF_2025-05-08_G53,10109802LEMOSF,2025-05-08,110371,1,5,0,152.0
10109802LEMOSF_2025-05-08_G54,10109802LEMOSF,2025-05-08,117855,1,2,0,193.0
10109802LEMOSF_2025-05-08_G55,10109802LEMOSF,2025-05-08,110515,1,3,0,123.0
10109802LEMOSF_2025-05-08_G56,10109802LEMOSF,2025-05-08,110711,1,4,0,184.0
10109802LEMOSF_2025-05-08_G57,10109802LEMOSF,2025-05-08,118004,1,2,0,136.0
10109802LEMOSF_2025-05-08_G58,10109802LEMOSF,2025-05-08,111466,1,3,0,110.0
10109802LEMOSF_2025-05-08_G59,10109802LEMOSF,2025-05-08,110787,1,3,0,112.0
10109802LEMOSF_2025-05-08_G60,10109802LEMOSF,2025-05-08,118299,1,7,0,192.0
10109802LEMOSF_2025-05-08_G61,10109802LEMOSF,2025-05-08,117808,1,3,0,447.0
10109802LEMOSF_2025-05-08_G63,10109802LEMOSF,2025-05-08,117820,1,12,0,841.0
10109802LEMOSF_2025-05-09_G02,10109802LEMOSF,2025-05-09,118299,1,300,0,1659.0
10109802LEMOSF_2025-05-09_G03,10109802LEMOSF,2025-05-09,110373,1,300,0,1173.0
10109802LEMOSF_2025-05-10_G02,10109802LEMOSF,2025-05-10,111112,1,1,0,196.0
10109802LEMOSF_2025-05-10_G03,10109802LEMOSF,2025-05-10,110754,1,4,0,3354.0
10109802LEMOSF_2025-05-10_G04,10109802LEMOSF,2025-05-10,110742,1,12,0,338.0
10109802LEMOSF_2025-05-10_G05,10109802LEMOSF,2025-05-10,111441,1,4,0,468.0
10109802LEMOSF_2025-05-10_G06,10109802LEMOSF,2025-05-10,108772,1,7,0,409.0
10109802LEMOSF_2025-05-10_G07,10109802LEMOSF,2025-05-10,109647,1,8,0,162.0
10109802LEMOSF_2025-05-10_G08,10109802LEMOSF,2025-05-10,110339,1,12,0,163.0
10109802LEMOSF_2025-05-10_G09,10109802LEMOSF,2025-05-10,117862,1,12,0,226.0
10109802LEMOSF_2025-05-10_G10,10109802LEMOSF,2025-05-10,110752,1,12,0,211.0
10109802LEMOSF_2025-05-10_G11,10109802LEMOSF,2025-05-10,117853,1,4,0,113.0
10109802LEMOSF_2025-05-10_G12,10109802LEMOSF,2025-05-10,111530,1,12,0,204.0
10109802LEMOSF_2025-05-10_G13,10109802LEMOSF,2025-05-10,108361,1,5,0,101.0
10109802LEMOSF_2025-05-10_G14,10109802LEMOSF,2025-05-10,111602,1,30,0,726.0
10109802LEMOSF_2025-05-10_G15,10109802LEMOSF,2025-05-10,110711,1,12,0,369.0
10109802LEMOSF_2025-05-10_G16,10109802LEMOSF,2025-05-10,116611,1,2,0,174.0
10109802LEMOSF_2025-05-10_G18,10109802LEMOSF,2025-05-10,118004,1,20,0,188.0
10109802LEMOSF_2025-05-10_G19,10109802LEMOSF,2025-05-10,108711,1,100,0,417.0
10109802LEMOSF_2025-05-10_G20,10109802LEMOSF,2025-05-10,110745,1,8,0,263.0
10109802LEMOSF_2025-05-10_G21,10109802LEMOSF,2025-05-10,117833,1,20,0,211.0
10109802LEMOSF_2025-05-10_G22,10109802LEMOSF,2025-05-10,108794,1,80,0,499.0
10109802LEMOSF_2025-05-10_G23,10109802LEMOSF,2025-05-10,111418,1,20,0,615.0
10109802LEMOSF_2025-05-10_G24,10109802LEMOSF,2025-05-10,117838,1,19,0,266.0
10109802LEMOSF_2025-05-10_G25,10109802LEMOSF,2025-05-10,117838,1,8,0,73.0
10109802LEMOSF_2025-05-10_G26,10109802LEMOSF,2025-05-10,109645,1,84,0,436.0
10109802LEMOSF_2025-05-10_G27,10109802LEMOSF,2025-05-10,118140,1,80,0,111.0
10109802LEMOSF_2025-05-10_G28,10109802LEMOSF,2025-05-10,110787,1,30,0,337.0
10109802LEMOSF_2025-05-10_G29,10109802LEMOSF,2025-05-10,105705,1,39,0,229.0
10109802LEMOSF_2025-05-10_G30,10109802LEMOSF,2025-05-10,"140922, 111442",2,50,6,771.0
10109802LEMOSF_2025-05-12_G02,10109802LEMOSF,2025-05-12,117834,1,5,0,960.0
10109802LEMOSF_2025-05-12_G03,10109802LEMOSF,2025-05-12,117855,1,4,0,181.0
10109802LEMOSF_2025-05-12_G04,10109802LEMOSF,2025-05-12,110515,1,11,0,315.0
10109802LEMOSF_2025-05-12_G05,10109802LEMOSF,2025-05-12,111463,1,8,0,310.0
10109802LEMOSF_2025-05-12_G06,10109802LEMOSF,2025-05-12,117785,1,8,0,620.0
10109802LEMOSF_2025-05-12_G07,10109802LEMOSF,2025-05-12,111418,1,8,0,1630.0
10109802LEMOSF_2025-05-12_G08,10109802LEMOSF,2025-05-12,118299,1,10,0,234.0
10109802LEMOSF_2025-05-12_G09,10109802LEMOSF,2025-05-12,117808,1,20,0,713.0
10109802LEMOSF_2025-05-12_G10,10109802LEMOSF,2025-05-12,111430,1,1,0,167.0
10109802LEMOSF_2025-05-12_G11,10109802LEMOSF,2025-05-12,110895,1,1,0,150.0
10109802LEMOSF_2025-05-12_G12,10109802LEMOSF,2025-05-12,110374,1,4,0,170.0
10109802LEMOSF_2025-05-12_G13,10109802LEMOSF,2025-05-12,118094,1,2,0,157.0
10109802LEMOSF_2025-05-12_G14,10109802LEMOSF,2025-05-12,111530,1,4,0,180.0
10109802LEMOSF_2025-05-12_G15,10109802LEMOSF,2025-05-12,111602,1,1,0,103.0
10109802LEMOSF_2025-05-12_G16,10109802LEMOSF,2025-05-12,111469,1,3,0,635.0
10109802LEMOSF_2025-05-12_G17,10109802LEMOSF,2025-05-12,111469,1,16,0,348.0
10109802LEMOSF_2025-05-12_G18,10109802LEMOSF,2025-05-12,111462,1,2,0,84.0
10109802LEMOSF_2025-05-12_G19,10109802LEMOSF,2025-05-12,111462,1,2,0,32.0
10109802LEMOSF_2025-05-12_G20,10109802LEMOSF,2025-05-12,118140,1,1,0,80.0
10109802LEMOSF_2025-05-12_G21,10109802LEMOSF,2025-05-12,140922,1,6,0,529.0
10109802LEMOSF_2025-05-12_G22,10109802LEMOSF,2025-05-12,140922,1,10,0,155.0
10109802LEMOSF_2025-05-12_G23,10109802LEMOSF,2025-05-12,111532,1,2,0,108.0
10109802LEMOSF_2025-05-12_G24,10109802LEMOSF,2025-05-12,111172,1,2,0,70.0
10109802LEMOSF_2025-05-12_G25,10109802LEMOSF,2025-05-12,118222,1,4,0,322.0
10109802LEMOSF_2025-05-12_G26,10109802LEMOSF,2025-05-12,110895,1,1,0,113.0
10109802LEMOSF_2025-05-12_G27,10109802LEMOSF,2025-05-12,117786,1,2,0,84.0
10109802LEMOSF_2025-05-12_G28,10109802LEMOSF,2025-05-12,110515,1,2,0,63.0
10109802LEMOSF_2025-05-12_G29,10109802LEMOSF,2025-05-12,111602,1,2,0,87.0
10109802LEMOSF_2025-05-12_G30,10109802LEMOSF,2025-05-12,118299,1,14,0,195.0
10109802LEMOSF_2025-05-12_G31,10109802LEMOSF,2025-05-12,110374,1,8,0,130.0
10109802LEMOSF_2025-05-12_G32,10109802LEMOSF,2025-05-12,110372,1,2,0,60.0
10109802LEMOSF_2025-05-12_G33,10109802LEMOSF,2025-05-12,118140,1,1,0,139.0
10109802LEMOSF_2025-05-12_G34,10109802LEMOSF,2025-05-12,111466,1,2,0,86.0
10109802LEMOSF_2025-05-12_G35,10109802LEMOSF,2025-05-12,111532,1,2,0,56.0
10109802LEMOSF_2025-05-12_G36,10109802LEMOSF,2025-05-12,111172,1,2,0,51.0
10109802LEMOSF_2025-05-12_G37,10109802LEMOSF,2025-05-12,111418,1,17,0,175.0
10109802LEMOSF_2025-05-12_G38,10109802LEMOSF,2025-05-12,118222,1,4,0,238.0
10109802LEMOSF_2025-05-12_G39,10109802LEMOSF,2025-05-12,111469,1,4,0,265.0
10109802LEMOSF_2025-05-12_G40,10109802LEMOSF,2025-05-12,118140,1,2,0,99.0
10109802LEMOSF_2025-05-12_G41,10109802LEMOSF,2025-05-12,110374,1,8,0,178.0
10109802LEMOSF_2025-05-12_G42,10109802LEMOSF,2025-05-12,110372,1,2,0,56.0
10109802LEMOSF_2025-05-12_G43,10109802LEMOSF,2025-05-12,111530,1,4,0,308.0
10109802LEMOSF_2025-05-12_G44,10109802LEMOSF,2025-05-12,111532,1,6,0,76.0
10109802LEMOSF_2025-05-12_G45,10109802LEMOSF,2025-05-12,109643,1,10,0,219.0
10109802LEMOSF_2025-05-12_G46,10109802LEMOSF,2025-05-12,117842,1,4,0,209.0
10109802LEMOSF_2025-05-12_G47,10109802LEMOSF,2025-05-12,111530,1,20,0,305.0
10109802LEMOSF_2025-05-12_G48,10109802LEMOSF,2025-05-12,110754,1,4,0,430.0
10109802LEMOSF_2025-05-12_G49,10109802LEMOSF,2025-05-12,111330,1,8,0,277.0
10109802LEMOSF_2025-05-12_G50,10109802LEMOSF,2025-05-12,118140,1,5,0,120.0
10109802LEMOSF_2025-05-12_G52,10109802LEMOSF,2025-05-12,107892,1,4,0,632.0
10109802LEMOSF_2025-05-12_G53,10109802LEMOSF,2025-05-12,111441,1,1,0,189.0
10109802LEMOSF_2025-05-12_G54,10109802LEMOSF,2025-05-12,100334,1,1,0,81.0
10109802LEMOSF_2025-05-12_G55,10109802LEMOSF,2025-05-12,110895,1,1,0,128.0
10109802LEMOSF_2025-05-12_G56,10109802LEMOSF,2025-05-12,111467,1,1,0,71.0
10109802LEMOSF_2025-05-12_G57,10109802LEMOSF,2025-05-12,110752,1,4,0,83.0
10109802LEMOSF_2025-05-12_G58,10109802LEMOSF,2025-05-12,108795,1,2,0,91.0
10109802LEMOSF_2025-05-12_G59,10109802LEMOSF,2025-05-12,111466,1,3,0,295.0
10109802LEMOSF_2025-05-12_G60,10109802LEMOSF,2025-05-12,117831,1,8,0,120.0
10109802LEMOSF_2025-05-12_G61,10109802LEMOSF,2025-05-12,117820,1,4,0,143.0
10109802LEMOSF_2025-05-12_G62,10109802LEMOSF,2025-05-12,118299,1,8,0,159.0
10109802LEMOSF_2025-05-12_G63,10109802LEMOSF,2025-05-12,110373,1,13,0,204.0
10109802LEMOSF_2025-05-12_G64,10109802LEMOSF,2025-05-12,110374,1,2,0,98.0
10109802LEMOSF_2025-05-12_G65,10109802LEMOSF,2025-05-12,110372,1,9,0,116.0
10109802LEMOSF_2025-05-12_G66,10109802LEMOSF,2025-05-12,117808,1,30,0,655.0
10109802LEMOSF_2025-05-12_G67,10109802LEMOSF,2025-05-12,140911,1,4,0,188.0
10109802LEMOSF_2025-05-12_G68,10109802LEMOSF,2025-05-12,100334,1,5,0,647.0
10109802LEMOSF_2025-05-12_G69,10109802LEMOSF,2025-05-12,111660,1,3,0,847.0
10109802LEMOSF_2025-05-12_G70,10109802LEMOSF,2025-05-12,110895,1,2,0,107.0
10109802LEMOSF_2025-05-12_G71,10109802LEMOSF,2025-05-12,111876,1,4,0,154.0
10109802LEMOSF_2025-05-12_G72,10109802LEMOSF,2025-05-12,117855,1,2,0,158.0
10109802LEMOSF_2025-05-12_G73,10109802LEMOSF,2025-05-12,117861,1,8,0,803.0
10109802LEMOSF_2025-05-12_G74,10109802LEMOSF,2025-05-12,110752,1,2,0,84.0
10109802LEMOSF_2025-05-12_G75,10109802LEMOSF,2025-05-12,117853,1,4,0,96.0
10109802LEMOSF_2025-05-12_G76,10109802LEMOSF,2025-05-12,117856,1,6,0,142.0
10109802LEMOSF_2025-05-12_G77,10109802LEMOSF,2025-05-12,110515,1,5,0,129.0
10109802LEMOSF_2025-05-12_G78,10109802LEMOSF,2025-05-12,111602,1,1,0,66.0
10109802LEMOSF_2025-05-12_G79,10109802LEMOSF,2025-05-12,111435,1,2,0,378.0
10109802LEMOSF_2025-05-12_G80,10109802LEMOSF,2025-05-12,111469,1,4,0,125.0
10109802LEMOSF_2025-05-12_G81,10109802LEMOSF,2025-05-12,111462,1,4,0,76.0
10109802LEMOSF_2025-05-12_G82,10109802LEMOSF,2025-05-12,118140,1,17,0,151.0
10109802LEMOSF_2025-05-12_G83,10109802LEMOSF,2025-05-12,108711,1,3,0,59.0
10109802LEMOSF_2025-05-12_G84,10109802LEMOSF,2025-05-12,105705,1,3,0,134.0
10109802LEMOSF_2025-05-12_G85,10109802LEMOSF,2025-05-12,111466,1,3,0,81.0
10109802LEMOSF_2025-05-12_G86,10109802LEMOSF,2025-05-12,117842,1,1,0,203.0
10109802LEMOSF_2025-05-12_G87,10109802LEMOSF,2025-05-12,118299,1,3,0,74.0
10109802LEMOSF_2025-05-12_G88,10109802LEMOSF,2025-05-12,110373,1,10,0,99.0
10109802LEMOSF_2025-05-12_G89,10109802LEMOSF,2025-05-12,110372,1,7,0,91.0
10109802LEMOSF_2025-05-12_G90,10109802LEMOSF,2025-05-12,117808,1,14,0,311.0
10109802LEMOSF_2025-05-13_G02,10109802LEMOSF,2025-05-13,110580,1,4,0,309.0
10109802LEMOSF_2025-05-13_G03,10109802LEMOSF,2025-05-13,141047,1,6,0,222.0
10109802LEMOSF_2025-05-13_G04,10109802LEMOSF,2025-05-13,107629,1,18,0,143.0
10109802LEMOSF_2025-05-13_G05,10109802LEMOSF,2025-05-13,117837,1,2,0,94.0
10109802LEMOSF_2025-05-13_G06,10109802LEMOSF,2025-05-13,110515,1,16,0,661.0
10109802LEMOSF_2025-05-13_G07,10109802LEMOSF,2025-05-13,118403,1,10,0,152.0
10109802LEMOSF_2025-05-13_G08,10109802LEMOSF,2025-05-13,117855,1,40,0,479.0
10109802LEMOSF_2025-05-13_G09,10109802LEMOSF,2025-05-13,110752,1,2,0,82.0
10109802LEMOSF_2025-05-13_G10,10109802LEMOSF,2025-05-13,111879,1,5,0,93.0
10109802LEMOSF_2025-05-13_G11,10109802LEMOSF,2025-05-13,117853,1,1,0,92.0
10109802LEMOSF_2025-05-13_G12,10109802LEMOSF,2025-05-13,111439,1,6,0,151.0
10109802LEMOSF_2025-05-13_G13,10109802LEMOSF,2025-05-13,117786,1,38,0,542.0
10109802LEMOSF_2025-05-13_G14,10109802LEMOSF,2025-05-13,105242,1,4,0,106.0
10109802LEMOSF_2025-05-13_G15,10109802LEMOSF,2025-05-13,111530,1,80,0,653.0
10109802LEMOSF_2025-05-13_G16,10109802LEMOSF,2025-05-13,110711,1,25,0,493.0
10109802LEMOSF_2025-05-13_G17,10109802LEMOSF,2025-05-13,110063,1,6,0,329.0
10109802LEMOSF_2025-05-13_G18,10109802LEMOSF,2025-05-13,114099,1,4,0,1763.0
10109802LEMOSF_2025-05-13_G19,10109802LEMOSF,2025-05-13,117841,1,3,0,674.0
10109802LEMOSF_2025-05-13_G20,10109802LEMOSF,2025-05-13,111468,1,8,0,142.0
10109802LEMOSF_2025-05-13_G21,10109802LEMOSF,2025-05-13,111443,1,12,0,307.0
10109802LEMOSF_2025-05-13_G22,10109802LEMOSF,2025-05-13,110740,1,35,0,637.0
10109802LEMOSF_2025-05-13_G23,10109802LEMOSF,2025-05-13,108795,1,19,0,246.0
10109802LEMOSF_2025-05-13_G24,10109802LEMOSF,2025-05-13,111182,1,12,0,218.0
10109802LEMOSF_2025-05-13_G25,10109802LEMOSF,2025-05-13,111469,1,2,0,85.0
10109802LEMOSF_2025-05-13_G26,10109802LEMOSF,2025-05-13,110745,1,11,0,321.0
10109802LEMOSF_2025-05-13_G27,10109802LEMOSF,2025-05-13,111466,1,70,0,347.0
10109802LEMOSF_2025-05-13_G28,10109802LEMOSF,2025-05-13,111172,1,7,0,172.0
10109802LEMOSF_2025-05-13_G29,10109802LEMOSF,2025-05-13,111330,1,1,0,449.0
10109802LEMOSF_2025-05-13_G30,10109802LEMOSF,2025-05-13,117831,1,36,0,588.0
10109802LEMOSF_2025-05-13_G31,10109802LEMOSF,2025-05-13,109645,1,2,0,186.0
10109802LEMOSF_2025-05-13_G32,10109802LEMOSF,2025-05-13,107236,1,28,0,184.0
10109802LEMOSF_2025-05-13_G34,10109802LEMOSF,2025-05-13,117856,1,2,0,132.0
10109802LEMOSF_2025-05-13_G35,10109802LEMOSF,2025-05-13,117786,1,2,0,80.0
10109802LEMOSF_2025-05-13_G36,10109802LEMOSF,2025-05-13,111530,1,2,0,116.0
10109802LEMOSF_2025-05-13_G37,10109802LEMOSF,2025-05-13,111468,1,1,0,143.0
10109802LEMOSF_2025-05-13_G38,10109802LEMOSF,2025-05-13,117821,1,1,0,131.0
10109802LEMOSF_2025-05-13_G39,10109802LEMOSF,2025-05-13,118140,1,4,0,92.0
10109802LEMOSF_2025-05-13_G40,10109802LEMOSF,2025-05-13,118140,1,4,0,53.0
10109802LEMOSF_2025-05-13_G41,10109802LEMOSF,2025-05-13,117785,1,4,0,132.0
10109802LEMOSF_2025-05-13_G42,10109802LEMOSF,2025-05-13,117838,1,1,0,134.0
10109802LEMOSF_2025-05-13_G43,10109802LEMOSF,2025-05-13,110129,1,4,0,109.0
10109802LEMOSF_2025-05-13_G44,10109802LEMOSF,2025-05-13,117820,1,10,0,185.0
10109802LEMOSF_2025-05-13_G45,10109802LEMOSF,2025-05-13,118299,1,20,0,194.0
10109802LEMOSF_2025-05-13_G46,10109802LEMOSF,2025-05-13,117832,1,2,0,104.0
10109802LEMOSF_2025-05-13_G47,10109802LEMOSF,2025-05-13,117830,1,8,0,82.0
10109802LEMOSF_2025-05-13_G48,10109802LEMOSF,2025-05-13,117808,1,60,0,1531.0
10109802LEMOSF_2025-05-13_G49,10109802LEMOSF,2025-05-13,107892,1,4,0,978.0
10109802LEMOSF_2025-05-13_G50,10109802LEMOSF,2025-05-13,110754,1,4,0,1356.0
10109802LEMOSF_2025-05-13_G51,10109802LEMOSF,2025-05-13,111850,1,6,0,143.0
10109802LEMOSF_2025-05-13_G52,10109802LEMOSF,2025-05-13,118222,1,2,0,130.0
10109802LEMOSF_2025-05-13_G53,10109802LEMOSF,2025-05-13,111569,1,4,0,84.0
10109802LEMOSF_2025-05-13_G54,10109802LEMOSF,2025-05-13,117862,1,19,0,923.0
10109802LEMOSF_2025-05-13_G55,10109802LEMOSF,2025-05-13,110515,1,11,0,171.0
10109802LEMOSF_2025-05-13_G56,10109802LEMOSF,2025-05-13,118403,1,7,0,98.0
10109802LEMOSF_2025-05-13_G57,10109802LEMOSF,2025-05-13,117855,1,8,0,142.0
10109802LEMOSF_2025-05-13_G58,10109802LEMOSF,2025-05-13,117861,1,3,0,90.0
10109802LEMOSF_2025-05-13_G59,10109802LEMOSF,2025-05-13,111467,1,12,0,329.0
10109802LEMOSF_2025-05-13_G60,10109802LEMOSF,2025-05-13,117853,1,4,0,73.0
10109802LEMOSF_2025-05-13_G61,10109802LEMOSF,2025-05-13,110711,1,3,0,98.0
10109802LEMOSF_2025-05-13_G62,10109802LEMOSF,2025-05-13,111743,1,1,0,131.0
10109802LEMOSF_2025-05-13_G63,10109802LEMOSF,2025-05-13,111468,1,4,0,71.0
10109802LEMOSF_2025-05-13_G64,10109802LEMOSF,2025-05-13,110740,1,8,0,142.0
10109802LEMOSF_2025-05-13_G65,10109802LEMOSF,2025-05-13,117787,1,4,0,117.0
10109802LEMOSF_2025-05-13_G66,10109802LEMOSF,2025-05-13,111182,1,4,0,60.0
10109802LEMOSF_2025-05-13_G67,10109802LEMOSF,2025-05-13,111469,1,10,0,99.0
10109802LEMOSF_2025-05-13_G68,10109802LEMOSF,2025-05-13,140922,1,2,0,60.0
10109802LEMOSF_2025-05-13_G69,10109802LEMOSF,2025-05-13,110745,1,6,0,65.0
10109802LEMOSF_2025-05-13_G70,10109802LEMOSF,2025-05-13,117821,1,6,0,172.0
10109802LEMOSF_2025-05-13_G71,10109802LEMOSF,2025-05-13,118140,1,13,0,314.0
10109802LEMOSF_2025-05-13_G72,10109802LEMOSF,2025-05-13,111532,1,7,0,92.0
10109802LEMOSF_2025-05-13_G73,10109802LEMOSF,2025-05-13,117833,1,10,0,74.0
10109802LEMOSF_2025-05-13_G74,10109802LEMOSF,2025-05-13,111172,1,4,0,71.0
10109802LEMOSF_2025-05-13_G75,10109802LEMOSF,2025-05-13,117842,1,20,0,388.0
10109802LEMOSF_2025-05-13_G76,10109802LEMOSF,2025-05-13,111330,1,2,0,409.0
10109802LEMOSF_2025-05-13_G77,10109802LEMOSF,2025-05-13,111418,1,27,0,211.0
10109802LEMOSF_2025-05-13_G78,10109802LEMOSF,2025-05-13,110787,1,8,0,128.0
10109802LEMOSF_2025-05-13_G79,10109802LEMOSF,2025-05-13,108794,1,10,0,511.0
10109802LEMOSF_2025-05-14_G02,10109802LEMOSF,2025-05-14,111330,1,6,0,135.0
10109802LEMOSF_2025-05-14_G03,10109802LEMOSF,2025-05-14,111330,1,5,0,71.0
10109802LEMOSF_2025-05-14_G04,10109802LEMOSF,2025-05-14,117831,1,15,0,325.0
10109802LEMOSF_2025-05-14_G05,10109802LEMOSF,2025-05-14,117838,1,2,0,238.0
10109802LEMOSF_2025-05-14_G06,10109802LEMOSF,2025-05-14,109645,1,13,0,194.0
10109802LEMOSF_2025-05-14_G07,10109802LEMOSF,2025-05-14,111348,1,2,0,98.0
10109802LEMOSF_2025-05-14_G08,10109802LEMOSF,2025-05-14,111465,1,7,0,153.0
10109802LEMOSF_2025-05-14_G09,10109802LEMOSF,2025-05-14,111443,1,2,0,193.0
10109802LEMOSF_2025-05-14_G10,10109802LEMOSF,2025-05-14,111463,1,18,0,299.0
10109802LEMOSF_2025-05-14_G11,10109802LEMOSF,2025-05-14,111462,1,9,0,158.0
10109802LEMOSF_2025-05-14_G12,10109802LEMOSF,2025-05-14,111433,1,1,0,86.0
10109802LEMOSF_2025-05-14_G13,10109802LEMOSF,2025-05-14,118140,1,50,0,584.0
10109802LEMOSF_2025-05-14_G14,10109802LEMOSF,2025-05-14,108711,1,11,0,101.0
10109802LEMOSF_2025-05-14_G15,10109802LEMOSF,2025-05-14,105705,1,2,0,66.0
10109802LEMOSF_2025-05-14_G16,10109802LEMOSF,2025-05-14,111469,1,50,0,1022.0
10109802LEMOSF_2025-05-14_G17,10109802LEMOSF,2025-05-14,140922,1,4,0,91.0
10109802LEMOSF_2025-05-14_G18,10109802LEMOSF,2025-05-14,110745,1,4,0,145.0
10109802LEMOSF_2025-05-14_G19,10109802LEMOSF,2025-05-14,117821,1,4,0,48.0
10109802LEMOSF_2025-05-14_G20,10109802LEMOSF,2025-05-14,141047,1,10,0,1860.0
10109802LEMOSF_2025-05-14_G21,10109802LEMOSF,2025-05-14,117837,1,3,0,91.0
10109802LEMOSF_2025-05-14_G22,10109802LEMOSF,2025-05-14,110515,1,5,0,111.0
10109802LEMOSF_2025-05-14_G23,10109802LEMOSF,2025-05-14,111650,1,4,0,70.0
10109802LEMOSF_2025-05-14_G24,10109802LEMOSF,2025-05-14,117853,1,8,0,114.0
10109802LEMOSF_2025-05-14_G25,10109802LEMOSF,2025-05-14,117856,1,6,0,77.0
10109802LEMOSF_2025-05-14_G26,10109802LEMOSF,2025-05-14,117786,1,22,0,938.0
10109802LEMOSF_2025-05-14_G27,10109802LEMOSF,2025-05-14,111530,1,60,0,761.0
10109802LEMOSF_2025-05-14_G28,10109802LEMOSF,2025-05-14,110711,1,2,0,350.0
10109802LEMOSF_2025-05-14_G29,10109802LEMOSF,2025-05-14,117788,1,6,0,140.0
10109802LEMOSF_2025-05-14_G30,10109802LEMOSF,2025-05-14,111443,1,8,0,194.0
10109802LEMOSF_2025-05-14_G31,10109802LEMOSF,2025-05-14,110740,1,18,0,355.0
10109802LEMOSF_2025-05-14_G32,10109802LEMOSF,2025-05-14,111463,1,34,0,311.0
10109802LEMOSF_2025-05-14_G33,10109802LEMOSF,2025-05-14,118140,1,131,0,2775.0
10109802LEMOSF_2025-05-14_G34,10109802LEMOSF,2025-05-14,117787,1,8,0,161.0
10109802LEMOSF_2025-05-14_G35,10109802LEMOSF,2025-05-14,108711,1,1,0,36.0
10109802LEMOSF_2025-05-14_G36,10109802LEMOSF,2025-05-14,140922,1,6,0,81.0
10109802LEMOSF_2025-05-14_G37,10109802LEMOSF,2025-05-14,110745,1,6,0,90.0
10109802LEMOSF_2025-05-14_G38,10109802LEMOSF,2025-05-14,117821,1,42,0,391.0
10109802LEMOSF_2025-05-14_G39,10109802LEMOSF,2025-05-14,111466,1,61,0,385.0
10109802LEMOSF_2025-05-14_G40,10109802LEMOSF,2025-05-14,111532,1,95,0,764.0
10109802LEMOSF_2025-05-14_G41,10109802LEMOSF,2025-05-14,111172,1,4,0,160.0
10109802LEMOSF_2025-05-14_G42,10109802LEMOSF,2025-05-14,108798,1,4,0,84.0
10109802LEMOSF_2025-05-14_G43,10109802LEMOSF,2025-05-14,111418,1,83,0,264.0
10109802LEMOSF_2025-05-14_G44,10109802LEMOSF,2025-05-14,117831,1,26,0,306.0
10109802LEMOSF_2025-05-14_G45,10109802LEMOSF,2025-05-14,110372,1,100,0,291.0
10109802LEMOSF_2025-05-14_G46,10109802LEMOSF,2025-05-14,117822,1,12,0,256.0
10109802LEMOSF_2025-05-15_G02,10109802LEMOSF,2025-05-15,110754,1,7,0,82.0
10109802LEMOSF_2025-05-15_G03,10109802LEMOSF,2025-05-15,110754,1,7,0,111.0
10109802LEMOSF_2025-05-15_G04,10109802LEMOSF,2025-05-15,111569,1,8,0,225.0
10109802LEMOSF_2025-05-15_G05,10109802LEMOSF,2025-05-15,160057,1,1,0,128.0
10109802LEMOSF_2025-05-15_G06,10109802LEMOSF,2025-05-15,111655,1,4,0,149.0
10109802LEMOSF_2025-05-15_G07,10109802LEMOSF,2025-05-15,"141047, 117837",2,10,14,600.0
10109802LEMOSF_2025-05-15_G08,10109802LEMOSF,2025-05-15,110515,1,2,0,129.0
10109802LEMOSF_2025-05-15_G09,10109802LEMOSF,2025-05-15,117855,1,8,0,129.0
10109802LEMOSF_2025-05-15_G10,10109802LEMOSF,2025-05-15,117935,1,7,0,114.0
10109802LEMOSF_2025-05-15_G11,10109802LEMOSF,2025-05-15,111439,1,4,0,154.0
10109802LEMOSF_2025-05-15_G12,10109802LEMOSF,2025-05-15,117856,1,2,0,71.0
10109802LEMOSF_2025-05-15_G13,10109802LEMOSF,2025-05-15,111466,1,10,0,184.0
10109802LEMOSF_2025-05-15_G14,10109802LEMOSF,2025-05-15,111532,1,8,0,172.0
10109802LEMOSF_2025-05-15_G15,10109802LEMOSF,2025-05-15,117842,1,2,0,91.0
10109802LEMOSF_2025-05-15_G16,10109802LEMOSF,2025-05-15,110325,1,4,0,689.0
10109802LEMOSF_2025-05-15_G17,10109802LEMOSF,2025-05-15,117808,1,20,0,140.0
10109802LEMOSF_2025-05-15_G18,10109802LEMOSF,2025-05-15,110374,1,20,0,166.0
10109802LEMOSF_2025-05-15_G19,10109802LEMOSF,2025-05-15,117834,1,4,0,514.0
10109802LEMOSF_2025-05-15_G20,10109802LEMOSF,2025-05-15,110747,1,6,0,211.0
10109802LEMOSF_2025-05-15_G21,10109802LEMOSF,2025-05-15,111569,1,4,0,263.0
10109802LEMOSF_2025-05-15_G22,10109802LEMOSF,2025-05-15,111438,1,8,0,404.0
10109802LEMOSF_2025-05-15_G23,10109802LEMOSF,2025-05-15,118094,1,4,0,306.0
10109802LEMOSF_2025-05-15_G24,10109802LEMOSF,2025-05-15,141047,1,7,0,1102.0
10109802LEMOSF_2025-05-15_G25,10109802LEMOSF,2025-05-15,110339,1,6,0,855.0
10109802LEMOSF_2025-05-15_G26,10109802LEMOSF,2025-05-15,117855,1,4,0,557.0
10109802LEMOSF_2025-05-15_G27,10109802LEMOSF,2025-05-15,111530,1,16,0,206.0
10109802LEMOSF_2025-05-15_G28,10109802LEMOSF,2025-05-15,118004,1,2,0,263.0
10109802LEMOSF_2025-05-15_G29,10109802LEMOSF,2025-05-15,118004,1,2,0,43.0
10109802LEMOSF_2025-05-15_G30,10109802LEMOSF,2025-05-15,110740,1,9,0,278.0
10109802LEMOSF_2025-05-15_G31,10109802LEMOSF,2025-05-15,111463,1,8,0,134.0
10109802LEMOSF_2025-05-15_G32,10109802LEMOSF,2025-05-15,111462,1,3,0,85.0
10109802LEMOSF_2025-05-15_G33,10109802LEMOSF,2025-05-15,118140,1,5,0,117.0
10109802LEMOSF_2025-05-15_G34,10109802LEMOSF,2025-05-15,111418,1,2,0,136.0
10109802LEMOSF_2025-05-15_G35,10109802LEMOSF,2025-05-15,111418,1,14,0,379.0
10109802LEMOSF_2025-05-15_G36,10109802LEMOSF,2025-05-15,110325,1,6,0,208.0
10109802LEMOSF_2025-05-15_G37,10109802LEMOSF,2025-05-15,110373,1,32,0,503.0
10109802LEMOSF_2025-05-15_G38,10109802LEMOSF,2025-05-15,107830,1,3,0,106.0
10109802LEMOSF_2025-05-15_G39,10109802LEMOSF,2025-05-15,110372,1,2,0,92.0
10109802LEMOSF_2025-05-15_G40,10109802LEMOSF,2025-05-15,118299,1,5,0,296.0
10109802LEMOSF_2025-05-15_G41,10109802LEMOSF,2025-05-15,117830,1,8,0,114.0
10109802LEMOSF_2025-05-15_G42,10109802LEMOSF,2025-05-15,117808,1,63,0,560.0
10109802LEMOSF_2025-05-15_G44,10109802LEMOSF,2025-05-15,118317,1,15,0,408.0
10109802LEMOSF_2025-05-15_G45,10109802LEMOSF,2025-05-15,117785,1,100,0,969.0
10109802LEMOSF_2025-05-15_G46,10109802LEMOSF,2025-05-15,117862,1,32,0,893.0
10109802LEMOSF_2025-05-15_G47,10109802LEMOSF,2025-05-15,110373,1,87,0,313.0
10109802LEMOSF_2025-05-15_G48,10109802LEMOSF,2025-05-15,110374,1,21,0,378.0
10109802LEMOSF_2025-05-15_G49,10109802LEMOSF,2025-05-15,110372,1,36,0,294.0
10109802LEMOSF_2025-05-15_G50,10109802LEMOSF,2025-05-15,117820,1,448,0,955.0
10109802LEMOSF_2025-05-15_G51,10109802LEMOSF,2025-05-15,117822,1,8,0,189.0
10109802LEMOSF_2025-05-15_G52,10109802LEMOSF,2025-05-15,110376,1,2,0,41.0
10109802LEMOSF_2025-05-15_G53,10109802LEMOSF,2025-05-15,117830,1,55,0,327.0
10109802LEMOSF_2025-05-15_G54,10109802LEMOSF,2025-05-15,110371,1,12,0,174.0
10109802LEMOSF_2025-05-15_G55,10109802LEMOSF,2025-05-15,111441,1,8,0,1064.0
10109802LEMOSF_2025-05-15_G56,10109802LEMOSF,2025-05-15,118094,1,4,0,148.0
10109802LEMOSF_2025-05-15_G57,10109802LEMOSF,2025-05-15,109641,1,1,0,143.0
10109802LEMOSF_2025-05-15_G58,10109802LEMOSF,2025-05-15,140922,1,8,0,148.0
10109802LEMOSF_2025-05-15_G59,10109802LEMOSF,2025-05-15,111463,1,6,0,85.0
10109802LEMOSF_2025-05-15_G60,10109802LEMOSF,2025-05-15,111418,1,15,0,275.0
10109802LEMOSF_2025-05-15_G61,10109802LEMOSF,2025-05-15,117831,1,2,0,55.0
10109802LEMOSF_2025-05-15_G62,10109802LEMOSF,2025-05-15,110372,1,14,0,494.0
10109802LEMOSF_2025-05-15_G63,10109802LEMOSF,2025-05-15,117820,1,8,0,93.0
10109802LEMOSF_2025-05-15_G64,10109802LEMOSF,2025-05-15,118299,1,14,0,117.0
10109802LEMOSF_2025-05-15_G65,10109802LEMOSF,2025-05-15,117809,1,16,0,111.0
10109802LEMOSF_2025-05-15_G66,10109802LEMOSF,2025-05-15,117808,1,10,0,75.0
10109802LEMOSF_2025-05-16_G02,10109802LEMOSF,2025-05-16,118229,1,1,0,554.0
10109802LEMOSF_2025-05-16_G03,10109802LEMOSF,2025-05-16,140988,1,4,0,279.0
10109802LEMOSF_2025-05-16_G04,10109802LEMOSF,2025-05-16,110747,1,20,0,766.0
10109802LEMOSF_2025-05-16_G05,10109802LEMOSF,2025-05-16,114091,1,10,0,1476.0
10109802LEMOSF_2025-05-16_G06,10109802LEMOSF,2025-05-16,111530,1,170,0,389.0
10109802LEMOSF_2025-05-16_G07,10109802LEMOSF,2025-05-16,118298,1,2,0,220.0
10109802LEMOSF_2025-05-16_G08,10109802LEMOSF,2025-05-16,117837,1,51,0,416.0
10109802LEMOSF_2025-05-16_G09,10109802LEMOSF,2025-05-16,118140,1,200,0,579.0
10109802LEMOSF_2025-05-16_G10,10109802LEMOSF,2025-05-16,117842,1,16,0,292.0
10109802LEMOSF_2025-05-16_G11,10109802LEMOSF,2025-05-16,111348,1,60,0,384.0
10109802LEMOSF_2025-05-16_G12,10109802LEMOSF,2025-05-16,117785,1,353,0,1420.0
10109802LEMOSF_2025-05-16_G13,10109802LEMOSF,2025-05-16,111743,1,15,0,387.0
10109802LEMOSF_2025-05-16_G14,10109802LEMOSF,2025-05-16,111444,1,22,0,339.0
10109802LEMOSF_2025-05-16_G15,10109802LEMOSF,2025-05-16,111569,1,4,0,1578.0
10109802LEMOSF_2025-05-16_G16,10109802LEMOSF,2025-05-16,118094,1,4,0,159.0
10109802LEMOSF_2025-05-16_G17,10109802LEMOSF,2025-05-16,107629,1,4,0,113.0
10109802LEMOSF_2025-05-16_G18,10109802LEMOSF,2025-05-16,117862,1,4,0,98.0
10109802LEMOSF_2025-05-16_G19,10109802LEMOSF,2025-05-16,110515,1,4,0,65.0
10109802LEMOSF_2025-05-16_G20,10109802LEMOSF,2025-05-16,110745,1,2,0,72.0
10109802LEMOSF_2025-05-16_G21,10109802LEMOSF,2025-05-16,111463,1,4,0,57.0
10109802LEMOSF_2025-05-16_G22,10109802LEMOSF,2025-05-16,118140,1,4,0,55.0
10109802LEMOSF_2025-05-16_G23,10109802LEMOSF,2025-05-16,111172,1,4,0,77.0
10109802LEMOSF_2025-05-16_G24,10109802LEMOSF,2025-05-16,111418,1,4,0,360.0
10109802LEMOSF_2025-05-16_G25,10109802LEMOSF,2025-05-16,110325,1,4,0,128.0
10109802LEMOSF_2025-05-16_G26,10109802LEMOSF,2025-05-16,110372,1,12,0,210.0
10109802LEMOSF_2025-05-16_G27,10109802LEMOSF,2025-05-16,110376,1,4,0,127.0
10109802LEMOSF_2025-05-16_G28,10109802LEMOSF,2025-05-16,110375,1,12,0,323.0
10109802LEMOSF_2025-05-16_G29,10109802LEMOSF,2025-05-16,110371,1,5,0,276.0
10109802LEMOSF_2025-05-16_G30,10109802LEMOSF,2025-05-16,141202,1,4,0,57.0
10109802LEMOSF_2025-05-16_G31,10109802LEMOSF,2025-05-16,117808,1,12,0,140.0
10109802LEMOSF_2025-05-16_G32,10109802LEMOSF,2025-05-16,118140,1,4,0,173.0
10109802LEMOSF_2025-05-16_G34,10109802LEMOSF,2025-05-16,111444,1,4,0,234.0
10109802LEMOSF_2025-05-16_G35,10109802LEMOSF,2025-05-16,111462,1,4,0,137.0
10109802LEMOSF_2025-05-16_G36,10109802LEMOSF,2025-05-16,109641,1,2,0,79.0
10109802LEMOSF_2025-05-16_G37,10109802LEMOSF,2025-05-16,111468,1,1,0,86.0
10109802LEMOSF_2025-05-16_G38,10109802LEMOSF,2025-05-16,111463,1,2,0,44.0
10109802LEMOSF_2025-05-16_G39,10109802LEMOSF,2025-05-16,111466,1,10,0,85.0
10109802LEMOSF_2025-05-16_G40,10109802LEMOSF,2025-05-16,118140,1,2,0,41.0
10109802LEMOSF_2025-05-16_G41,10109802LEMOSF,2025-05-16,117833,1,6,0,73.0
10109802LEMOSF_2025-05-16_G42,10109802LEMOSF,2025-05-16,111532,1,3,0,166.0
10109802LEMOSF_2025-05-16_G43,10109802LEMOSF,2025-05-16,111418,1,4,0,116.0
10109802LEMOSF_2025-05-16_G44,10109802LEMOSF,2025-05-16,117831,1,2,0,59.0
10109802LEMOSF_2025-05-16_G45,10109802LEMOSF,2025-05-16,109645,1,4,0,94.0
10109802LEMOSF_2025-05-16_G46,10109802LEMOSF,2025-05-16,118317,1,1,0,45.0
10109802LEMOSF_2025-05-16_G47,10109802LEMOSF,2025-05-16,111442,1,4,0,81.0
10109802LEMOSF_2025-05-16_G48,10109802LEMOSF,2025-05-16,117785,1,14,0,265.0
10109802LEMOSF_2025-05-16_G49,10109802LEMOSF,2025-05-16,107236,1,4,0,149.0
10109802LEMOSF_2025-05-16_G50,10109802LEMOSF,2025-05-16,111660,1,4,0,383.0
10109802LEMOSF_2025-05-16_G51,10109802LEMOSF,2025-05-16,118094,1,2,0,371.0
10109802LEMOSF_2025-05-16_G52,10109802LEMOSF,2025-05-16,141047,1,2,0,98.0
10109802LEMOSF_2025-05-16_G53,10109802LEMOSF,2025-05-16,110339,1,4,0,82.0
10109802LEMOSF_2025-05-16_G54,10109802LEMOSF,2025-05-16,117862,1,2,0,90.0
10109802LEMOSF_2025-05-16_G55,10109802LEMOSF,2025-05-16,110515,1,1,0,46.0
10109802LEMOSF_2025-05-16_G56,10109802LEMOSF,2025-05-16,117856,1,2,0,147.0
10109802LEMOSF_2025-05-16_G57,10109802LEMOSF,2025-05-16,117786,1,2,0,200.0
10109802LEMOSF_2025-05-16_G58,10109802LEMOSF,2025-05-16,110711,1,2,0,79.0
10109802LEMOSF_2025-05-16_G59,10109802LEMOSF,2025-05-16,111602,1,16,0,887.0
10109802LEMOSF_2025-05-16_G60,10109802LEMOSF,2025-05-16,117855,1,30,0,240.0
10109802LEMOSF_2025-05-16_G61,10109802LEMOSF,2025-05-16,117853,1,25,0,706.0
10109802LEMOSF_2025-05-16_G62,10109802LEMOSF,2025-05-16,116611,1,24,0,602.0
10109802LEMOSF_2025-05-16_G63,10109802LEMOSF,2025-05-16,111602,1,30,0,500.0
10109802LEMOSF_2025-05-16_G64,10109802LEMOSF,2025-05-16,109643,1,11,0,1040.0
10109802LEMOSF_2025-05-16_G65,10109802LEMOSF,2025-05-16,117820,1,50,0,492.0
10109802LEMOSF_2025-05-16_G66,10109802LEMOSF,2025-05-16,117820,1,200,0,369.0
10109802LEMOSF_2025-05-16_G67,10109802LEMOSF,2025-05-16,117832,1,100,0,290.0
10109802LEMOSF_2025-05-16_G68,10109802LEMOSF,2025-05-16,118299,1,250,0,621.0
10109802LEMOSF_2025-05-16_G69,10109802LEMOSF,2025-05-16,114092,1,2,0,132.0
10109802LEMOSF_2025-05-16_G70,10109802LEMOSF,2025-05-16,111463,1,40,0,407.0
10109802LEMOSF_2025-05-16_G71,10109802LEMOSF,2025-05-16,118140,1,36,0,303.0
10109802LEMOSF_2025-05-16_G72,10109802LEMOSF,2025-05-16,117842,1,4,0,222.0
10109802LEMOSF_2025-05-16_G73,10109802LEMOSF,2025-05-16,117831,1,40,0,346.0
10109802LEMOSF_2025-05-16_G74,10109802LEMOSF,2025-05-16,110787,1,9,0,244.0
10109802LEMOSF_2025-05-16_G75,10109802LEMOSF,2025-05-16,110787,1,9,0,97.0
10109802LEMOSF_2025-05-17_G02,10109802LEMOSF,2025-05-17,110755,1,6,0,143.0
10109802LEMOSF_2025-05-17_G03,10109802LEMOSF,2025-05-17,111569,1,2,0,99.0
10109802LEMOSF_2025-05-17_G04,10109802LEMOSF,2025-05-17,115234,1,2,0,41.0
10109802LEMOSF_2025-05-17_G05,10109802LEMOSF,2025-05-17,117855,1,8,0,193.0
10109802LEMOSF_2025-05-17_G06,10109802LEMOSF,2025-05-17,117853,1,4,0,110.0
10109802LEMOSF_2025-05-17_G07,10109802LEMOSF,2025-05-17,110515,1,8,0,128.0
10109802LEMOSF_2025-05-17_G08,10109802LEMOSF,2025-05-17,111532,1,8,0,186.0
10109802LEMOSF_2025-05-17_G09,10109802LEMOSF,2025-05-17,117842,1,10,0,210.0
10109802LEMOSF_2025-05-17_G10,10109802LEMOSF,2025-05-17,117842,1,6,0,103.0
10109802LEMOSF_2025-05-17_G11,10109802LEMOSF,2025-05-17,111465,1,14,0,879.0
10109802LEMOSF_2025-05-17_G12,10109802LEMOSF,2025-05-17,109643,1,26,0,330.0
10109802LEMOSF_2025-05-17_G13,10109802LEMOSF,2025-05-17,110373,1,97,0,372.0
10109802LEMOSF_2025-05-17_G14,10109802LEMOSF,2025-05-17,110372,1,43,0,469.0
10109802LEMOSF_2025-05-17_G15,10109802LEMOSF,2025-05-17,117820,1,48,0,376.0
10109802LEMOSF_2025-05-17_G16,10109802LEMOSF,2025-05-17,118299,1,106,0,209.0
10109802LEMOSF_2025-05-17_G18,10109802LEMOSF,2025-05-17,110373,1,51,0,1170.0
10109802LEMOSF_2025-05-17_G19,10109802LEMOSF,2025-05-17,117820,1,61,0,679.0
10109802LEMOSF_2025-05-17_G20,10109802LEMOSF,2025-05-17,117808,1,150,0,735.0
10109802LEMOSF_2025-05-17_G21,10109802LEMOSF,2025-05-17,117832,1,10,0,248.0
10109802LEMOSF_2025-05-17_G22,10109802LEMOSF,2025-05-17,110375,1,14,0,121.0
10109802LEMOSF_2025-05-17_G23,10109802LEMOSF,2025-05-17,118299,1,35,0,254.0
10109802LEMOSF_2025-05-17_G25,10109802LEMOSF,2025-05-17,118222,1,20,0,341.0
10109802LEMOSF_2025-05-17_G26,10109802LEMOSF,2025-05-17,111438,1,18,0,452.0
10109802LEMOSF_2025-05-17_G27,10109802LEMOSF,2025-05-17,111569,1,8,0,459.0
10109802LEMOSF_2025-05-17_G28,10109802LEMOSF,2025-05-17,118094,1,18,0,262.0
10109802LEMOSF_2025-05-17_G29,10109802LEMOSF,2025-05-17,141047,1,5,0,413.0
10109802LEMOSF_2025-05-17_G30,10109802LEMOSF,2025-05-17,111467,1,18,0,1638.0
10109802LEMOSF_2025-05-17_G31,10109802LEMOSF,2025-05-17,111467,1,12,0,239.0
10109802LEMOSF_2025-05-17_G32,10109802LEMOSF,2025-05-17,110515,1,44,0,345.0
10109802LEMOSF_2025-05-17_G33,10109802LEMOSF,2025-05-17,110515,1,20,0,198.0
10109802LEMOSF_2025-05-17_G34,10109802LEMOSF,2025-05-17,110711,1,2,0,251.0
10109802LEMOSF_2025-05-17_G35,10109802LEMOSF,2025-05-17,116611,1,12,0,204.0
10109802LEMOSF_2025-05-17_G36,10109802LEMOSF,2025-05-17,118094,1,12,0,471.0
10109802LEMOSF_2025-05-17_G37,10109802LEMOSF,2025-05-17,110751,1,8,0,149.0
10109802LEMOSF_2025-05-17_G38,10109802LEMOSF,2025-05-17,110751,1,6,0,57.0
10109802LEMOSF_2025-05-17_G39,10109802LEMOSF,2025-05-17,110751,1,2,0,55.0
10109802LEMOSF_2025-05-17_G40,10109802LEMOSF,2025-05-17,111462,1,26,0,206.0
10109802LEMOSF_2025-05-17_G41,10109802LEMOSF,2025-05-17,140922,1,4,0,117.0
10109802LEMOSF_2025-05-17_G42,10109802LEMOSF,2025-05-17,111466,1,78,0,583.0
10109802LEMOSF_2025-05-17_G43,10109802LEMOSF,2025-05-17,111532,1,8,0,163.0
10109802LEMOSF_2025-05-17_G44,10109802LEMOSF,2025-05-17,111330,1,20,0,406.0
10109802LEMOSF_2025-05-17_G45,10109802LEMOSF,2025-05-17,117842,1,4,0,133.0
10109802LEMOSF_2025-05-17_G46,10109802LEMOSF,2025-05-17,117831,1,65,0,190.0
10109802LEMOSF_2025-05-17_G47,10109802LEMOSF,2025-05-17,111418,1,50,0,176.0
10109802LEMOSF_2025-05-17_G48,10109802LEMOSF,2025-05-17,111330,1,22,0,135.0
10109802LEMOSF_2025-05-19_G02,10109802LEMOSF,2025-05-19,110895,1,50,0,568.0
10109802LEMOSF_2025-05-19_G03,10109802LEMOSF,2025-05-19,110339,1,30,0,663.0
10109802LEMOSF_2025-05-19_G04,10109802LEMOSF,2025-05-19,117855,1,15,0,338.0
10109802LEMOSF_2025-05-19_G05,10109802LEMOSF,2025-05-19,110515,1,50,0,1777.0
10109802LEMOSF_2025-05-19_G06,10109802LEMOSF,2025-05-19,111530,1,100,0,941.0
10109802LEMOSF_2025-05-19_G07,10109802LEMOSF,2025-05-19,105705,1,80,0,676.0
10109802LEMOSF_2025-05-19_G08,10109802LEMOSF,2025-05-19,111532,1,30,0,180.0
10109802LEMOSF_2025-05-19_G09,10109802LEMOSF,2025-05-19,117842,1,4,0,169.0
10109802LEMOSF_2025-05-19_G10,10109802LEMOSF,2025-05-19,118004,1,4,0,215.0
10109802LEMOSF_2025-05-19_G11,10109802LEMOSF,2025-05-19,111433,1,12,0,348.0
10109802LEMOSF_2025-05-19_G12,10109802LEMOSF,2025-05-19,111463,1,100,0,361.0
10109802LEMOSF_2025-05-19_G13,10109802LEMOSF,2025-05-19,117785,1,100,0,684.0
10109802LEMOSF_2025-05-19_G14,10109802LEMOSF,2025-05-19,110374,1,100,0,244.0
10109802LEMOSF_2025-05-19_G15,10109802LEMOSF,2025-05-19,117820,1,200,0,367.0
10109802LEMOSF_2025-05-19_G16,10109802LEMOSF,2025-05-19,110376,1,4,0,339.0
10109802LEMOSF_2025-05-19_G17,10109802LEMOSF,2025-05-19,110372,1,200,0,812.0
10109802LEMOSF_2025-05-19_G18,10109802LEMOSF,2025-05-19,117832,1,20,0,213.0
10109802LEMOSF_2025-05-19_G19,10109802LEMOSF,2025-05-19,110371,1,50,0,449.0
10109802LEMOSF_2025-05-19_G21,10109802LEMOSF,2025-05-19,118299,1,2000,0,3161.0
10109802LEMOSF_2025-05-19_G22,10109802LEMOSF,2025-05-19,117808,1,200,0,691.0
10109802LEMOSF_2025-05-19_G23,10109802LEMOSF,2025-05-19,111850,1,4,0,3063.0
10109802LEMOSF_2025-05-19_G24,10109802LEMOSF,2025-05-19,111438,1,4,0,213.0
10109802LEMOSF_2025-05-19_G25,10109802LEMOSF,2025-05-19,110895,1,4,0,124.0
10109802LEMOSF_2025-05-19_G26,10109802LEMOSF,2025-05-19,110515,1,10,0,249.0
10109802LEMOSF_2025-05-19_G27,10109802LEMOSF,2025-05-19,111435,1,2,0,255.0
10109802LEMOSF_2025-05-19_G28,10109802LEMOSF,2025-05-19,105705,1,6,0,242.0
10109802LEMOSF_2025-05-19_G29,10109802LEMOSF,2025-05-19,105705,1,6,0,148.0
10109802LEMOSF_2025-05-19_G30,10109802LEMOSF,2025-05-19,111468,1,8,0,137.0
10109802LEMOSF_2025-05-19_G31,10109802LEMOSF,2025-05-19,111466,1,16,0,658.0
10109802LEMOSF_2025-05-19_G32,10109802LEMOSF,2025-05-19,117842,1,4,0,137.0
10109802LEMOSF_2025-05-19_G33,10109802LEMOSF,2025-05-19,111444,1,4,0,121.0
10109802LEMOSF_2025-05-19_G34,10109802LEMOSF,2025-05-19,111463,1,20,0,169.0
10109802LEMOSF_2025-05-19_G35,10109802LEMOSF,2025-05-19,117785,1,20,0,160.0
10109802LEMOSF_2025-05-19_G36,10109802LEMOSF,2025-05-19,117785,1,14,0,169.0
10109802LEMOSF_2025-05-20_G02,10109802LEMOSF,2025-05-20,110751,1,4,0,151.0
10109802LEMOSF_2025-05-20_G03,10109802LEMOSF,2025-05-20,110751,1,7,0,104.0
10109802LEMOSF_2025-05-20_G04,10109802LEMOSF,2025-05-20,110751,1,15,0,148.0
10109802LEMOSF_2025-05-20_G05,10109802LEMOSF,2025-05-20,109641,1,4,0,256.0
10109802LEMOSF_2025-05-20_G06,10109802LEMOSF,2025-05-20,140922,1,4,0,143.0
10109802LEMOSF_2025-05-20_G07,10109802LEMOSF,2025-05-20,110745,1,4,0,73.0
10109802LEMOSF_2025-05-20_G08,10109802LEMOSF,2025-05-20,118140,1,6,0,101.0
10109802LEMOSF_2025-05-20_G09,10109802LEMOSF,2025-05-20,111172,1,2,0,83.0
10109802LEMOSF_2025-05-20_G10,10109802LEMOSF,2025-05-20,111532,1,12,0,136.0
10109802LEMOSF_2025-05-20_G11,10109802LEMOSF,2025-05-20,111532,1,20,0,439.0
10109802LEMOSF_2025-05-20_G12,10109802LEMOSF,2025-05-20,109645,1,4,0,140.0
10109802LEMOSF_2025-05-20_G13,10109802LEMOSF,2025-05-20,111418,1,16,0,157.0
10109802LEMOSF_2025-05-20_G14,10109802LEMOSF,2025-05-20,111418,1,30,0,986.0
10109802LEMOSF_2025-05-20_G15,10109802LEMOSF,2025-05-20,110787,1,6,0,392.0
10109802LEMOSF_2025-05-20_G16,10109802LEMOSF,2025-05-20,111463,1,14,0,181.0
10109802LEMOSF_2025-05-20_G17,10109802LEMOSF,2025-05-20,111465,1,12,0,115.0
10109802LEMOSF_2025-05-20_G18,10109802LEMOSF,2025-05-20,110332,1,4,0,178.0
10109802LEMOSF_2025-05-20_G19,10109802LEMOSF,2025-05-20,110787,1,10,0,205.0
10109802LEMOSF_2025-05-20_G21,10109802LEMOSF,2025-05-20,111441,1,125,0,1192.0
10109802LEMOSF_2025-05-20_G22,10109802LEMOSF,2025-05-20,111569,1,10,0,325.0
10109802LEMOSF_2025-05-20_G23,10109802LEMOSF,2025-05-20,110747,1,6,0,694.0
10109802LEMOSF_2025-05-20_G24,10109802LEMOSF,2025-05-20,111430,1,4,0,131.0
10109802LEMOSF_2025-05-20_G25,10109802LEMOSF,2025-05-20,100334,1,10,0,293.0
10109802LEMOSF_2025-05-20_G26,10109802LEMOSF,2025-05-20,118222,1,20,0,295.0
10109802LEMOSF_2025-05-20_G27,10109802LEMOSF,2025-05-20,110755,1,7,0,551.0
10109802LEMOSF_2025-05-20_G28,10109802LEMOSF,2025-05-20,109471,1,1,0,52.0
10109802LEMOSF_2025-05-20_G29,10109802LEMOSF,2025-05-20,111441,1,12,0,346.0
10109802LEMOSF_2025-05-20_G30,10109802LEMOSF,2025-05-20,111660,1,12,0,367.0
10109802LEMOSF_2025-05-20_G31,10109802LEMOSF,2025-05-20,111090,1,4,0,131.0
10109802LEMOSF_2025-05-20_G32,10109802LEMOSF,2025-05-20,111569,1,20,0,952.0
10109802LEMOSF_2025-05-20_G33,10109802LEMOSF,2025-05-20,109937,1,3,0,308.0
10109802LEMOSF_2025-05-20_G34,10109802LEMOSF,2025-05-20,111743,1,9,0,194.0
10109802LEMOSF_2025-05-20_G35,10109802LEMOSF,2025-05-20,111462,1,50,0,617.0
10109802LEMOSF_2025-05-20_G36,10109802LEMOSF,2025-05-20,109641,1,10,0,212.0
10109802LEMOSF_2025-05-20_G37,10109802LEMOSF,2025-05-20,117787,1,10,0,204.0
10109802LEMOSF_2025-05-20_G38,10109802LEMOSF,2025-05-20,108711,1,12,0,154.0
10109802LEMOSF_2025-05-20_G39,10109802LEMOSF,2025-05-20,111172,1,12,0,305.0
10109802LEMOSF_2025-05-20_G40,10109802LEMOSF,2025-05-20,117821,1,100,0,447.0
10109802LEMOSF_2025-05-20_G41,10109802LEMOSF,2025-05-20,111418,1,100,0,475.0
10109802LEMOSF_2025-05-20_G42,10109802LEMOSF,2025-05-20,117831,1,50,0,363.0
10109802LEMOSF_2025-05-20_G43,10109802LEMOSF,2025-05-20,107236,1,20,0,320.0
10109802LEMOSF_2025-05-20_G44,10109802LEMOSF,2025-05-20,111465,1,25,0,80.0
10109802LEMOSF_2025-05-20_G45,10109802LEMOSF,2025-05-20,111530,1,20,0,437.0
10109802LEMOSF_2025-05-21_G02,10109802LEMOSF,2025-05-21,109643,1,5,0,172.0
10109802LEMOSF_2025-05-21_G03,10109802LEMOSF,2025-05-21,100334,1,4,0,784.0
10109802LEMOSF_2025-05-21_G04,10109802LEMOSF,2025-05-21,118253,1,4,0,792.0
10109802LEMOSF_2025-05-21_G05,10109802LEMOSF,2025-05-21,111438,1,2,0,313.0
10109802LEMOSF_2025-05-21_G06,10109802LEMOSF,2025-05-21,111569,1,2,0,101.0
10109802LEMOSF_2025-05-21_G07,10109802LEMOSF,2025-05-21,117855,1,4,0,173.0
10109802LEMOSF_2025-05-21_G08,10109802LEMOSF,2025-05-21,111443,1,2,0,316.0
10109802LEMOSF_2025-05-21_G09,10109802LEMOSF,2025-05-21,110740,1,4,0,157.0
10109802LEMOSF_2025-05-21_G10,10109802LEMOSF,2025-05-21,111463,1,6,0,115.0
10109802LEMOSF_2025-05-21_G11,10109802LEMOSF,2025-05-21,105705,1,4,0,145.0
10109802LEMOSF_2025-05-21_G12,10109802LEMOSF,2025-05-21,140922,1,2,0,79.0
10109802LEMOSF_2025-05-21_G13,10109802LEMOSF,2025-05-21,111172,1,2,0,144.0
10109802LEMOSF_2025-05-21_G14,10109802LEMOSF,2025-05-21,118317,1,4,0,208.0
10109802LEMOSF_2025-05-21_G15,10109802LEMOSF,2025-05-21,110325,1,9,0,197.0
10109802LEMOSF_2025-05-21_G16,10109802LEMOSF,2025-05-21,110371,1,20,0,150.0
10109802LEMOSF_2025-05-21_G17,10109802LEMOSF,2025-05-21,110373,1,16,0,231.0
10109802LEMOSF_2025-05-21_G18,10109802LEMOSF,2025-05-21,110372,1,20,0,481.0
10109802LEMOSF_2025-05-21_G19,10109802LEMOSF,2025-05-21,117830,1,8,0,78.0
10109802LEMOSF_2025-05-21_G20,10109802LEMOSF,2025-05-21,117808,1,30,0,284.0
10109802LEMOSF_2025-05-21_G21,10109802LEMOSF,2025-05-21,111199,1,6,0,3029.0
10109802LEMOSF_2025-05-21_G22,10109802LEMOSF,2025-05-21,118298,1,12,0,522.0
10109802LEMOSF_2025-05-21_G23,10109802LEMOSF,2025-05-21,117855,1,33,0,517.0
10109802LEMOSF_2025-05-21_G24,10109802LEMOSF,2025-05-21,117856,1,40,0,1073.0
10109802LEMOSF_2025-05-21_G25,10109802LEMOSF,2025-05-21,110515,1,280,0,787.0
10109802LEMOSF_2025-05-21_G27,10109802LEMOSF,2025-05-21,111182,1,12,0,320.0
10109802LEMOSF_2025-05-21_G28,10109802LEMOSF,2025-05-21,111466,1,14,0,157.0
10109802LEMOSF_2025-05-21_G29,10109802LEMOSF,2025-05-21,117831,1,300,0,833.0
10109802LEMOSF_2025-05-21_G30,10109802LEMOSF,2025-05-21,111444,1,98,0,733.0
10109802LEMOSF_2025-05-21_G31,10109802LEMOSF,2025-05-21,110371,1,2,0,485.0
10109802LEMOSF_2025-05-21_G32,10109802LEMOSF,2025-05-21,110372,1,8,0,206.0
10109802LEMOSF_2025-05-21_G33,10109802LEMOSF,2025-05-21,111443,1,4,0,184.0
10109802LEMOSF_2025-05-21_G34,10109802LEMOSF,2025-05-21,140911,1,26,0,1471.0
10109802LEMOSF_2025-05-21_G35,10109802LEMOSF,2025-05-21,118417,1,1,0,160.0
10109802LEMOSF_2025-05-21_G36,10109802LEMOSF,2025-05-21,118418,1,6,0,1219.0
10109802LEMOSF_2025-05-21_G37,10109802LEMOSF,2025-05-21,118306,1,3,0,110.0
10109802LEMOSF_2025-05-21_G38,10109802LEMOSF,2025-05-21,141313,1,26,0,1027.0
10109802LEMOSF_2025-05-21_G39,10109802LEMOSF,2025-05-21,110325,1,90,0,481.0
10109802LEMOSF_2025-05-21_G40,10109802LEMOSF,2025-05-21,110376,1,3,0,113.0
10109802LEMOSF_2025-05-21_G41,10109802LEMOSF,2025-05-21,117856,1,10,0,111.0
10109802LEMOSF_2025-05-21_G42,10109802LEMOSF,2025-05-21,118094,1,4,0,131.0
10109802LEMOSF_2025-05-21_G43,10109802LEMOSF,2025-05-21,109645,1,3,0,159.0
10109802LEMOSF_2025-05-21_G44,10109802LEMOSF,2025-05-21,110740,1,10,0,127.0
10109802LEMOSF_2025-05-21_G45,10109802LEMOSF,2025-05-21,108795,1,70,0,156.0
10109802LEMOSF_2025-05-21_G46,10109802LEMOSF,2025-05-21,109641,1,22,0,592.0
10109802LEMOSF_2025-05-21_G47,10109802LEMOSF,2025-05-21,111433,1,4,0,212.0
10109802LEMOSF_2025-05-22_G02,10109802LEMOSF,2025-05-22,110747,1,8,0,843.0
10109802LEMOSF_2025-05-22_G03,10109802LEMOSF,2025-05-22,110895,1,10,0,515.0
10109802LEMOSF_2025-05-22_G04,10109802LEMOSF,2025-05-22,110756,1,2,0,370.0
10109802LEMOSF_2025-05-22_G05,10109802LEMOSF,2025-05-22,111530,1,7,0,805.0
10109802LEMOSF_2025-05-22_G06,10109802LEMOSF,2025-05-22,111876,1,4,0,164.0
10109802LEMOSF_2025-05-22_G07,10109802LEMOSF,2025-05-22,117856,1,30,0,441.0
10109802LEMOSF_2025-05-22_G08,10109802LEMOSF,2025-05-22,141047,1,6,0,134.0
10109802LEMOSF_2025-05-22_G09,10109802LEMOSF,2025-05-22,"118403, 117786",2,5,30,49.0
10109802LEMOSF_2025-05-22_G10,10109802LEMOSF,2025-05-22,110711,1,4,0,108.0
10109802LEMOSF_2025-05-22_G11,10109802LEMOSF,2025-05-22,111602,1,10,0,194.0
10109802LEMOSF_2025-05-22_G12,10109802LEMOSF,2025-05-22,111743,1,1,0,472.0
10109802LEMOSF_2025-05-22_G13,10109802LEMOSF,2025-05-22,117838,1,20,0,110.0
10109802LEMOSF_2025-05-22_G14,10109802LEMOSF,2025-05-22,111443,1,4,0,175.0
10109802LEMOSF_2025-05-22_G15,10109802LEMOSF,2025-05-22,111463,1,17,0,244.0
10109802LEMOSF_2025-05-22_G16,10109802LEMOSF,2025-05-22,108711,1,20,0,226.0
10109802LEMOSF_2025-05-22_G17,10109802LEMOSF,2025-05-22,140922,1,2,0,67.0
10109802LEMOSF_2025-05-22_G18,10109802LEMOSF,2025-05-22,111466,1,26,0,845.0
10109802LEMOSF_2025-05-22_G19,10109802LEMOSF,2025-05-22,111348,1,1,0,90.0
10109802LEMOSF_2025-05-22_G20,10109802LEMOSF,2025-05-22,111330,1,6,0,124.0
10109802LEMOSF_2025-05-22_G21,10109802LEMOSF,2025-05-22,111442,1,2,0,62.0
10109802LEMOSF_2025-05-22_G22,10109802LEMOSF,2025-05-22,107236,1,12,0,167.0
10109802LEMOSF_2025-05-22_G23,10109802LEMOSF,2025-05-22,109643,1,18,0,1137.0
10109802LEMOSF_2025-05-22_G24,10109802LEMOSF,2025-05-22,117855,1,8,0,363.0
10109802LEMOSF_2025-05-22_G25,10109802LEMOSF,2025-05-22,110711,1,4,0,114.0
10109802LEMOSF_2025-05-22_G26,10109802LEMOSF,2025-05-22,111172,1,3,0,170.0
10109802LEMOSF_2025-05-22_G27,10109802LEMOSF,2025-05-22,108798,1,2,0,38.0
10109802LEMOSF_2025-05-22_G28,10109802LEMOSF,2025-05-22,110374,1,10,0,191.0
10109802LEMOSF_2025-05-22_G29,10109802LEMOSF,2025-05-22,110373,1,20,0,350.0
10109802LEMOSF_2025-05-22_G30,10109802LEMOSF,2025-05-22,141202,1,8,0,147.0
10109802LEMOSF_2025-05-22_G31,10109802LEMOSF,2025-05-22,118222,1,7,0,187.0
10109802LEMOSF_2025-05-22_G32,10109802LEMOSF,2025-05-22,118004,1,2,0,298.0
10109802LEMOSF_2025-05-22_G33,10109802LEMOSF,2025-05-22,109643,1,1,0,156.0
10109802LEMOSF_2025-05-22_G34,10109802LEMOSF,2025-05-22,109643,1,4,0,48.0
10109802LEMOSF_2025-05-22_G35,10109802LEMOSF,2025-05-22,117832,1,1,0,249.0
10109802LEMOSF_2025-05-22_G36,10109802LEMOSF,2025-05-22,118004,1,1,0,93.0
10109802LEMOSF_2025-05-22_G37,10109802LEMOSF,2025-05-22,118004,1,1,0,83.0
10109802LEMOSF_2025-05-22_G38,10109802LEMOSF,2025-05-22,118004,1,4,0,120.0
10109802LEMOSF_2025-05-22_G40,10109802LEMOSF,2025-05-22,111462,1,20,0,363.0
10109802LEMOSF_2025-05-22_G41,10109802LEMOSF,2025-05-22,111463,1,40,0,438.0
10109802LEMOSF_2025-05-22_G42,10109802LEMOSF,2025-05-22,140922,1,20,0,286.0
10109802LEMOSF_2025-05-22_G43,10109802LEMOSF,2025-05-22,111466,1,30,0,375.0
10109802LEMOSF_2025-05-22_G44,10109802LEMOSF,2025-05-22,117833,1,40,0,397.0
10109802LEMOSF_2025-05-22_G45,10109802LEMOSF,2025-05-22,111172,1,12,0,182.0
10109802LEMOSF_2025-05-22_G46,10109802LEMOSF,2025-05-22,118140,1,40,0,786.0
10109802LEMOSF_2025-05-22_G47,10109802LEMOSF,2025-05-22,111532,1,60,0,485.0
10109802LEMOSF_2025-05-22_G48,10109802LEMOSF,2025-05-22,118004,1,20,0,431.0
10109802LEMOSF_2025-05-22_G49,10109802LEMOSF,2025-05-22,111418,1,50,0,456.0
10109802LEMOSF_2025-05-22_G50,10109802LEMOSF,2025-05-22,107236,1,4,0,117.0
10109802LEMOSF_2025-05-22_G51,10109802LEMOSF,2025-05-22,117785,1,200,0,839.0
10109802LEMOSF_2025-05-22_G52,10109802LEMOSF,2025-05-22,118140,1,10,0,153.0
10109802LEMOSF_2025-05-22_G53,10109802LEMOSF,2025-05-22,110325,1,6,0,1810.0
10109802LEMOSF_2025-05-22_G54,10109802LEMOSF,2025-05-22,110325,1,31,0,240.0
10109802LEMOSF_2025-05-22_G55,10109802LEMOSF,2025-05-22,110373,1,58,0,739.0
10109802LEMOSF_2025-05-22_G56,10109802LEMOSF,2025-05-22,110753,1,2,0,328.0
10109802LEMOSF_2025-05-22_G57,10109802LEMOSF,2025-05-22,117861,1,9,0,110.0
10109802LEMOSF_2025-05-22_G58,10109802LEMOSF,2025-05-22,117861,1,16,0,198.0
10109802LEMOSF_2025-05-22_G59,10109802LEMOSF,2025-05-22,110752,1,1,0,69.0
10109802LEMOSF_2025-05-22_G60,10109802LEMOSF,2025-05-22,117853,1,26,0,343.0
10109802LEMOSF_2025-05-22_G61,10109802LEMOSF,2025-05-22,111439,1,2,0,69.0
10109802LEMOSF_2025-05-22_G62,10109802LEMOSF,2025-05-22,117856,1,56,0,192.0
10109802LEMOSF_2025-05-22_G63,10109802LEMOSF,2025-05-22,141047,1,14,0,261.0
10109802LEMOSF_2025-05-22_G64,10109802LEMOSF,2025-05-22,141047,1,4,0,66.0
10109802LEMOSF_2025-05-22_G65,10109802LEMOSF,2025-05-22,118403,1,6,0,235.0
10109802LEMOSF_2025-05-22_G66,10109802LEMOSF,2025-05-22,118403,1,3,0,44.0
10109802LEMOSF_2025-05-23_G02,10109802LEMOSF,2025-05-23,118299,1,11,0,287.0
10109802LEMOSF_2025-05-23_G03,10109802LEMOSF,2025-05-23,110373,1,12,0,151.0
10109802LEMOSF_2025-05-23_G04,10109802LEMOSF,2025-05-23,117820,1,20,0,219.0
10109802LEMOSF_2025-05-23_G05,10109802LEMOSF,2025-05-23,110374,1,50,0,2273.0
10109802LEMOSF_2025-05-23_G06,10109802LEMOSF,2025-05-23,117809,1,72,0,1181.0
10109802LEMOSF_2025-05-23_G07,10109802LEMOSF,2025-05-23,118140,1,20,0,1968.0
10109802LEMOSF_2025-05-23_G08,10109802LEMOSF,2025-05-23,111442,1,12,0,205.0
10109802LEMOSF_2025-05-23_G09,10109802LEMOSF,2025-05-23,117808,1,20,0,206.0
10109802LEMOSF_2025-05-23_G10,10109802LEMOSF,2025-05-23,117820,1,20,0,168.0
10109802LEMOSF_2025-05-23_G12,10109802LEMOSF,2025-05-23,110711,1,10,0,175.0
10109802LEMOSF_2025-05-23_G13,10109802LEMOSF,2025-05-23,160054,1,20,0,324.0
10109802LEMOSF_2025-05-23_G14,10109802LEMOSF,2025-05-23,110374,1,44,0,576.0
10109802LEMOSF_2025-05-23_G15,10109802LEMOSF,2025-05-23,117808,1,300,0,740.0
10109802LEMOSF_2025-05-23_G16,10109802LEMOSF,2025-05-23,117808,1,2,0,66.0
10109802LEMOSF_2025-05-23_G17,10109802LEMOSF,2025-05-23,160051,1,30,0,685.0
10109802LEMOSF_2025-05-23_G18,10109802LEMOSF,2025-05-23,117834,1,48,0,479.0
10109802LEMOSF_2025-05-23_G19,10109802LEMOSF,2025-05-23,111655,1,9,0,229.0
10109802LEMOSF_2025-05-23_G20,10109802LEMOSF,2025-05-23,110747,1,4,0,805.0
10109802LEMOSF_2025-05-23_G21,10109802LEMOSF,2025-05-23,118222,1,2,0,162.0
10109802LEMOSF_2025-05-23_G22,10109802LEMOSF,2025-05-23,160057,1,20,0,389.0
10109802LEMOSF_2025-05-23_G23,10109802LEMOSF,2025-05-23,111438,1,2,0,106.0
10109802LEMOSF_2025-05-23_G24,10109802LEMOSF,2025-05-23,110755,1,2,0,99.0
10109802LEMOSF_2025-05-23_G25,10109802LEMOSF,2025-05-23,118198,1,4,0,313.0
10109802LEMOSF_2025-05-23_G26,10109802LEMOSF,2025-05-23,111445,1,12,0,541.0
10109802LEMOSF_2025-05-23_G27,10109802LEMOSF,2025-05-23,111850,1,4,0,1050.0
10109802LEMOSF_2025-05-23_G28,10109802LEMOSF,2025-05-23,111442,1,9,0,405.0
10109802LEMOSF_2025-05-23_G29,10109802LEMOSF,2025-05-23,118416,1,4,0,239.0
10109802LEMOSF_2025-05-23_G30,10109802LEMOSF,2025-05-23,118416,1,4,0,53.0
10109802LEMOSF_2025-05-23_G31,10109802LEMOSF,2025-05-23,117822,1,6,0,456.0
10109802LEMOSF_2025-05-23_G32,10109802LEMOSF,2025-05-23,110372,1,14,0,121.0
10109802LEMOSF_2025-05-24_G02,10109802LEMOSF,2025-05-24,111438,1,16,0,606.0
10109802LEMOSF_2025-05-24_G03,10109802LEMOSF,2025-05-24,111569,1,9,0,584.0
10109802LEMOSF_2025-05-24_G04,10109802LEMOSF,2025-05-24,111569,1,8,0,266.0
10109802LEMOSF_2025-05-24_G05,10109802LEMOSF,2025-05-24,118299,1,60,0,1927.0
10109802LEMOSF_2025-05-24_G06,10109802LEMOSF,2025-05-24,141202,1,10,0,117.0
10109802LEMOSF_2025-05-24_G08,10109802LEMOSF,2025-05-24,111462,1,23,0,222.0
10109802LEMOSF_2025-05-24_G09,10109802LEMOSF,2025-05-24,117785,1,40,0,736.0
10109802LEMOSF_2025-05-24_G10,10109802LEMOSF,2025-05-24,111468,1,17,0,496.0
10109802LEMOSF_2025-05-24_G11,10109802LEMOSF,2025-05-24,111418,1,35,0,461.0
10109802LEMOSF_2025-05-24_G12,10109802LEMOSF,2025-05-24,111465,1,18,0,211.0
10109802LEMOSF_2025-05-24_G13,10109802LEMOSF,2025-05-24,111433,1,17,0,473.0
10109802LEMOSF_2025-05-24_G14,10109802LEMOSF,2025-05-24,118140,1,40,0,510.0
10109802LEMOSF_2025-05-24_G15,10109802LEMOSF,2025-05-24,110515,1,16,0,413.0
10109802LEMOSF_2025-05-26_G02,10109802LEMOSF,2025-05-26,111435,1,4,0,97.0
10109802LEMOSF_2025-05-26_G03,10109802LEMOSF,2025-05-26,110740,1,10,0,148.0
10109802LEMOSF_2025-05-26_G04,10109802LEMOSF,2025-05-26,108795,1,7,0,105.0
10109802LEMOSF_2025-05-26_G05,10109802LEMOSF,2025-05-26,117785,1,10,0,154.0
10109802LEMOSF_2025-05-26_G06,10109802LEMOSF,2025-05-26,140922,1,5,0,137.0
10109802LEMOSF_2025-05-26_G07,10109802LEMOSF,2025-05-26,117842,1,5,0,533.0
10109802LEMOSF_2025-05-26_G08,10109802LEMOSF,2025-05-26,118004,1,3,0,119.0
10109802LEMOSF_2025-05-26_G09,10109802LEMOSF,2025-05-26,117821,1,20,0,228.0
10109802LEMOSF_2025-05-26_G10,10109802LEMOSF,2025-05-26,111433,1,6,0,143.0
10109802LEMOSF_2025-05-26_G11,10109802LEMOSF,2025-05-26,111442,1,10,0,168.0
10109802LEMOSF_2025-05-26_G12,10109802LEMOSF,2025-05-26,160055,1,2,0,109.0
10109802LEMOSF_2025-05-26_G13,10109802LEMOSF,2025-05-26,111466,1,10,0,229.0
10109802LEMOSF_2025-05-26_G14,10109802LEMOSF,2025-05-26,111418,1,20,0,1050.0
10109802LEMOSF_2025-05-26_G15,10109802LEMOSF,2025-05-26,110895,1,3,0,359.0
10109802LEMOSF_2025-05-26_G16,10109802LEMOSF,2025-05-26,110747,1,4,0,231.0
10109802LEMOSF_2025-05-26_G17,10109802LEMOSF,2025-05-26,100334,1,10,0,346.0
10109802LEMOSF_2025-05-26_G18,10109802LEMOSF,2025-05-26,111569,1,10,0,401.0
10109802LEMOSF_2025-05-26_G19,10109802LEMOSF,2025-05-26,111445,1,6,0,544.0
10109802LEMOSF_2025-05-26_G20,10109802LEMOSF,2025-05-26,141047,1,10,0,509.0
10109802LEMOSF_2025-05-26_G21,10109802LEMOSF,2025-05-26,118298,1,4,0,191.0
10109802LEMOSF_2025-05-26_G22,10109802LEMOSF,2025-05-26,117855,1,6,0,233.0
10109802LEMOSF_2025-05-26_G23,10109802LEMOSF,2025-05-26,109640,1,4,0,145.0
10109802LEMOSF_2025-05-26_G24,10109802LEMOSF,2025-05-26,118403,1,10,0,152.0
10109802LEMOSF_2025-05-26_G25,10109802LEMOSF,2025-05-26,109643,1,4,0,163.0
10109802LEMOSF_2025-05-26_G26,10109802LEMOSF,2025-05-26,117808,1,100,0,374.0
10109802LEMOSF_2025-05-26_G27,10109802LEMOSF,2025-05-26,117820,1,40,0,639.0
10109802LEMOSF_2025-05-26_G28,10109802LEMOSF,2025-05-26,118299,1,30,0,592.0
10109802LEMOSF_2025-05-26_G29,10109802LEMOSF,2025-05-26,110372,1,50,0,609.0
10109802LEMOSF_2025-05-26_G30,10109802LEMOSF,2025-05-26,117832,1,10,0,135.0
10109802LEMOSF_2025-05-26_G31,10109802LEMOSF,2025-05-26,160051,1,6,0,132.0
10109802LEMOSF_2025-05-26_G32,10109802LEMOSF,2025-05-26,118140,1,8,0,867.0
10109802LEMOSF_2025-05-26_G34,10109802LEMOSF,2025-05-26,110371,1,18,0,126.0
10109802LEMOSF_2025-05-26_G35,10109802LEMOSF,2025-05-26,110371,1,16,0,144.0
10109802LEMOSF_2025-05-26_G36,10109802LEMOSF,2025-05-26,111418,1,2,0,2009.0
10109802LEMOSF_2025-05-26_G37,10109802LEMOSF,2025-05-26,111466,1,65,0,528.0
10109802LEMOSF_2025-05-26_G38,10109802LEMOSF,2025-05-26,111466,1,13,0,220.0
10109802LEMOSF_2025-05-26_G39,10109802LEMOSF,2025-05-26,111466,1,2,0,69.0
10109802LEMOSF_2025-05-26_G40,10109802LEMOSF,2025-05-26,109641,1,20,0,715.0
10109802LEMOSF_2025-05-26_G41,10109802LEMOSF,2025-05-26,108711,1,2,0,117.0
10109802LEMOSF_2025-05-26_G42,10109802LEMOSF,2025-05-26,111468,1,6,0,116.0
10109802LEMOSF_2025-05-26_G43,10109802LEMOSF,2025-05-26,117833,1,4,0,83.0
10109802LEMOSF_2025-05-26_G44,10109802LEMOSF,2025-05-26,118004,1,2,0,253.0
10109802LEMOSF_2025-05-26_G45,10109802LEMOSF,2025-05-26,118140,1,20,0,328.0
10109802LEMOSF_2025-05-26_G46,10109802LEMOSF,2025-05-26,111469,1,12,0,168.0
10109802LEMOSF_2025-05-26_G47,10109802LEMOSF,2025-05-26,109647,1,16,0,459.0
10109802LEMOSF_2025-05-26_G48,10109802LEMOSF,2025-05-26,117862,1,20,0,212.0
10109802LEMOSF_2025-05-26_G49,10109802LEMOSF,2025-05-26,111467,1,6,0,136.0
10109802LEMOSF_2025-05-26_G50,10109802LEMOSF,2025-05-26,111439,1,10,0,376.0
10109802LEMOSF_2025-05-27_G02,10109802LEMOSF,2025-05-27,111851,1,5,0,508.0
10109802LEMOSF_2025-05-27_G03,10109802LEMOSF,2025-05-27,108957,1,2,0,405.0
10109802LEMOSF_2025-05-27_G04,10109802LEMOSF,2025-05-27,110416,1,2,0,622.0
10109802LEMOSF_2025-05-27_G05,10109802LEMOSF,2025-05-27,110747,1,2,0,148.0
10109802LEMOSF_2025-05-27_G06,10109802LEMOSF,2025-05-27,111850,1,4,0,107.0
10109802LEMOSF_2025-05-27_G07,10109802LEMOSF,2025-05-27,115821,1,4,0,228.0
10109802LEMOSF_2025-05-27_G08,10109802LEMOSF,2025-05-27,109647,1,140,0,1364.0
10109802LEMOSF_2025-05-27_G09,10109802LEMOSF,2025-05-27,110895,1,10,0,2084.0
10109802LEMOSF_2025-05-27_G10,10109802LEMOSF,2025-05-27,111602,1,40,0,451.0
10109802LEMOSF_2025-05-27_G11,10109802LEMOSF,2025-05-27,110787,1,4,0,284.0
10109802LEMOSF_2025-05-27_G12,10109802LEMOSF,2025-05-27,109640,1,2,0,228.0
10109802LEMOSF_2025-05-27_G13,10109802LEMOSF,2025-05-27,111469,1,12,0,201.0
10109802LEMOSF_2025-05-27_G14,10109802LEMOSF,2025-05-27,111469,1,8,0,64.0
10109802LEMOSF_2025-05-27_G15,10109802LEMOSF,2025-05-27,111431,1,8,0,176.0
10109802LEMOSF_2025-05-27_G17,10109802LEMOSF,2025-05-27,110743,1,8,0,374.0
10109802LEMOSF_2025-05-27_G18,10109802LEMOSF,2025-05-27,111463,1,2,0,92.0
10109802LEMOSF_2025-05-27_G19,10109802LEMOSF,2025-05-27,105705,1,6,0,77.0
10109802LEMOSF_2025-05-27_G20,10109802LEMOSF,2025-05-27,110745,1,2,0,58.0
10109802LEMOSF_2025-05-27_G21,10109802LEMOSF,2025-05-27,117833,1,4,0,88.0
10109802LEMOSF_2025-05-27_G22,10109802LEMOSF,2025-05-27,111532,1,5,0,86.0
10109802LEMOSF_2025-05-27_G23,10109802LEMOSF,2025-05-27,111532,2,10,28,111.0
10109802LEMOSF_2025-05-27_G24,10109802LEMOSF,2025-05-27,111431,1,4,0,99.0
10109802LEMOSF_2025-05-27_G25,10109802LEMOSF,2025-05-27,118140,1,2,0,208.0
10109802LEMOSF_2025-05-27_G26,10109802LEMOSF,2025-05-27,110129,1,4,0,99.0
10109802LEMOSF_2025-05-27_G27,10109802LEMOSF,2025-05-27,111435,1,1,0,99.0
10109802LEMOSF_2025-05-27_G28,10109802LEMOSF,2025-05-27,108736,1,4,0,122.0
10109802LEMOSF_2025-05-27_G29,10109802LEMOSF,2025-05-27,108772,1,4,0,253.0
10109802LEMOSF_2025-05-27_G30,10109802LEMOSF,2025-05-27,110753,1,8,0,137.0
10109802LEMOSF_2025-05-27_G31,10109802LEMOSF,2025-05-27,117855,1,1,0,54.0
10109802LEMOSF_2025-05-27_G32,10109802LEMOSF,2025-05-27,111467,1,4,0,86.0
10109802LEMOSF_2025-05-27_G33,10109802LEMOSF,2025-05-27,110752,1,2,0,61.0
10109802LEMOSF_2025-05-27_G34,10109802LEMOSF,2025-05-27,117787,1,2,0,797.0
10109802LEMOSF_2025-05-27_G35,10109802LEMOSF,2025-05-27,110373,1,4,0,113.0
10109802LEMOSF_2025-05-27_G36,10109802LEMOSF,2025-05-27,117820,1,2,0,74.0
10109802LEMOSF_2025-05-27_G37,10109802LEMOSF,2025-05-27,110375,1,10,0,131.0
10109802LEMOSF_2025-05-27_G38,10109802LEMOSF,2025-05-27,117808,1,1176,0,1783.0
10109802LEMOSF_2025-05-27_G39,10109802LEMOSF,2025-05-27,117785,1,70,0,994.0
10109802LEMOSF_2025-05-28_G02,10109802LEMOSF,2025-05-28,110747,1,4,0,213.0
10109802LEMOSF_2025-05-28_G03,10109802LEMOSF,2025-05-28,111430,1,4,0,174.0
10109802LEMOSF_2025-05-28_G04,10109802LEMOSF,2025-05-28,100334,1,2,0,93.0
10109802LEMOSF_2025-05-28_G05,10109802LEMOSF,2025-05-28,118222,1,4,0,145.0
10109802LEMOSF_2025-05-28_G06,10109802LEMOSF,2025-05-28,111569,1,8,0,306.0
10109802LEMOSF_2025-05-28_G07,10109802LEMOSF,2025-05-28,111441,1,4,0,124.0
10109802LEMOSF_2025-05-28_G08,10109802LEMOSF,2025-05-28,111438,1,4,0,102.0
10109802LEMOSF_2025-05-28_G09,10109802LEMOSF,2025-05-28,110755,1,4,0,475.0
10109802LEMOSF_2025-05-28_G10,10109802LEMOSF,2025-05-28,117835,1,4,0,96.0
10109802LEMOSF_2025-05-28_G11,10109802LEMOSF,2025-05-28,110895,1,2,0,140.0
10109802LEMOSF_2025-05-28_G12,10109802LEMOSF,2025-05-28,116527,1,4,0,140.0
10109802LEMOSF_2025-05-28_G13,10109802LEMOSF,2025-05-28,109643,1,20,0,443.0
10109802LEMOSF_2025-05-28_G14,10109802LEMOSF,2025-05-28,110373,1,20,0,745.0
10109802LEMOSF_2025-05-28_G15,10109802LEMOSF,2025-05-28,118299,1,20,0,397.0
10109802LEMOSF_2025-05-28_G16,10109802LEMOSF,2025-05-28,109643,1,16,0,244.0
10109802LEMOSF_2025-05-28_G17,10109802LEMOSF,2025-05-28,110372,1,4,0,1126.0
10109802LEMOSF_2025-05-28_G18,10109802LEMOSF,2025-05-28,118222,1,16,0,393.0
10109802LEMOSF_2025-05-28_G19,10109802LEMOSF,2025-05-28,110373,1,10,0,259.0
10109802LEMOSF_2025-05-28_G20,10109802LEMOSF,2025-05-28,117832,1,8,0,168.0
10109802LEMOSF_2025-05-28_G21,10109802LEMOSF,2025-05-28,117935,1,12,0,610.0
10109802LEMOSF_2025-05-28_G22,10109802LEMOSF,2025-05-28,117855,1,8,0,286.0
10109802LEMOSF_2025-05-28_G23,10109802LEMOSF,2025-05-28,117853,1,6,0,149.0
10109802LEMOSF_2025-05-28_G24,10109802LEMOSF,2025-05-28,109641,1,3,0,603.0
10109802LEMOSF_2025-05-28_G25,10109802LEMOSF,2025-05-28,105705,1,5,0,135.0
10109802LEMOSF_2025-05-28_G28,10109802LEMOSF,2025-05-28,111861,1,1,0,129.0
10109802LEMOSF_2025-05-28_G29,10109802LEMOSF,2025-05-28,110310,1,2,0,141.0
10109802LEMOSF_2025-05-28_G30,10109802LEMOSF,2025-05-28,108770,1,8,0,133.0
10109802LEMOSF_2025-05-28_G31,10109802LEMOSF,2025-05-28,111879,1,1,0,119.0
10109802LEMOSF_2025-05-28_G32,10109802LEMOSF,2025-05-28,110751,1,10,0,164.0
10109802LEMOSF_2025-05-28_G33,10109802LEMOSF,2025-05-28,110376,1,10,0,210.0
10109802LEMOSF_2025-05-28_G34,10109802LEMOSF,2025-05-28,160053,1,6,0,727.0
10109802LEMOSF_2025-05-28_G35,10109802LEMOSF,2025-05-28,110742,1,5,0,1107.0
10109802LEMOSF_2025-05-29_G02,10109802LEMOSF,2025-05-29,110313,1,3,0,566.0
10109802LEMOSF_2025-05-29_G03,10109802LEMOSF,2025-05-29,110372,1,10,0,303.0
10109802LEMOSF_2025-05-29_G04,10109802LEMOSF,2025-05-29,118299,1,50,0,561.0
10109802LEMOSF_2025-05-29_G05,10109802LEMOSF,2025-05-29,117830,1,12,0,293.0
10109802LEMOSF_2025-05-29_G06,10109802LEMOSF,2025-05-29,109640,1,3,0,886.0
10109802LEMOSF_2025-05-29_G07,10109802LEMOSF,2025-05-29,117855,1,4,0,545.0
10109802LEMOSF_2025-05-29_G08,10109802LEMOSF,2025-05-29,118317,1,4,0,140.0
10109802LEMOSF_2025-05-29_G09,10109802LEMOSF,2025-05-29,110787,1,4,0,130.0
10109802LEMOSF_2025-05-29_G10,10109802LEMOSF,2025-05-29,110372,1,4,0,179.0
10109802LEMOSF_2025-05-29_G11,10109802LEMOSF,2025-05-29,110582,1,6,0,550.0
10109802LEMOSF_2025-05-29_G12,10109802LEMOSF,2025-05-29,118222,1,51,0,760.0
10109802LEMOSF_2025-05-29_G13,10109802LEMOSF,2025-05-29,111441,1,27,0,353.0
10109802LEMOSF_2025-05-29_G14,10109802LEMOSF,2025-05-29,117935,1,2,0,195.0
10109802LEMOSF_2025-05-29_G15,10109802LEMOSF,2025-05-29,117855,1,24,0,112.0
10109802LEMOSF_2025-05-29_G16,10109802LEMOSF,2025-05-29,117820,1,96,0,1417.0
10109802LEMOSF_2025-05-29_G17,10109802LEMOSF,2025-05-29,117808,1,181,0,734.0
10109802LEMOSF_2025-05-29_G18,10109802LEMOSF,2025-05-29,118299,1,100,0,456.0
10109802LEMOSF_2025-05-29_G19,10109802LEMOSF,2025-05-29,114100,1,4,0,1895.0
10109802LEMOSF_2025-05-29_G20,10109802LEMOSF,2025-05-29,114099,1,2,0,79.0
10109802LEMOSF_2025-05-29_G21,10109802LEMOSF,2025-05-29,114650,1,4,0,243.0
10109802LEMOSF_2025-05-29_G23,10109802LEMOSF,2025-05-29,108794,1,2,0,679.0
10109802LEMOSF_2025-05-29_G24,10109802LEMOSF,2025-05-29,111431,1,4,0,330.0
10109802LEMOSF_2025-05-29_G25,10109802LEMOSF,2025-05-29,117809,1,1,0,248.0
10109802LEMOSF_2025-05-29_G26,10109802LEMOSF,2025-05-29,110515,1,4,0,162.0
10109802LEMOSF_2025-05-29_G27,10109802LEMOSF,2025-05-29,118253,1,4,0,257.0
10109802LEMOSF_2025-05-29_G28,10109802LEMOSF,2025-05-29,110742,1,4,0,851.0
10109802LEMOSF_2025-05-29_G29,10109802LEMOSF,2025-05-29,108794,1,3,0,237.0
10109802LEMOSF_2025-05-29_G30,10109802LEMOSF,2025-05-29,117821,1,2,0,420.0
10109802LEMOSF_2025-05-29_G31,10109802LEMOSF,2025-05-29,109641,1,4,0,405.0
10109802LEMOSF_2025-05-29_G32,10109802LEMOSF,2025-05-29,117838,1,2,0,95.0
10109802LEMOSF_2025-05-29_G33,10109802LEMOSF,2025-05-29,117838,1,2,0,40.0
10109802LEMOSF_2025-05-29_G34,10109802LEMOSF,2025-05-29,140922,1,3,0,69.0
10109802LEMOSF_2025-05-29_G35,10109802LEMOSF,2025-05-29,111466,1,5,0,70.0
10109802LEMOSF_2025-05-29_G36,10109802LEMOSF,2025-05-29,117831,1,7,0,126.0
10109802LEMOSF_2025-05-29_G37,10109802LEMOSF,2025-05-29,117833,1,4,0,109.0
10109802LEMOSF_2025-05-29_G38,10109802LEMOSF,2025-05-29,111532,1,2,0,104.0
10109802LEMOSF_2025-05-29_G39,10109802LEMOSF,2025-05-29,111431,1,4,0,204.0
10109802LEMOSF_2025-05-29_G40,10109802LEMOSF,2025-05-29,118140,1,4,0,130.0
10109802LEMOSF_2025-05-29_G41,10109802LEMOSF,2025-05-29,117785,1,10,0,666.0
10109802LEMOSF_2025-05-29_G42,10109802LEMOSF,2025-05-29,110129,1,1,0,807.0
10109802LEMOSF_2025-05-29_G43,10109802LEMOSF,2025-05-29,118222,1,24,0,887.0
10109802LEMOSF_2025-05-29_G44,10109802LEMOSF,2025-05-29,110747,1,20,0,195.0
10109802LEMOSF_2025-05-29_G45,10109802LEMOSF,2025-05-29,117862,1,60,0,1485.0
10109802LEMOSF_2025-05-29_G46,10109802LEMOSF,2025-05-29,117808,1,500,0,1184.0
10109802LEMOSF_2025-05-30_G02,10109802LEMOSF,2025-05-30,110515,1,24,0,193.0
10109802LEMOSF_2025-05-30_G03,10109802LEMOSF,2025-05-30,110515,1,12,0,179.0
10109802LEMOSF_2025-05-30_G04,10109802LEMOSF,2025-05-30,110515,1,10,0,88.0
10109802LEMOSF_2025-05-30_G05,10109802LEMOSF,2025-05-30,110515,2,20,21,57.0
10109802LEMOSF_2025-05-30_G06,10109802LEMOSF,2025-05-30,117786,1,20,0,1012.0
10109802LEMOSF_2025-05-30_G07,10109802LEMOSF,2025-05-30,117786,1,39,0,540.0
10109802LEMOSF_2025-05-30_G08,10109802LEMOSF,2025-05-30,111602,1,19,0,405.0
10109802LEMOSF_2025-05-30_G09,10109802LEMOSF,2025-05-30,111602,1,46,0,38.0
10109802LEMOSF_2025-05-30_G10,10109802LEMOSF,2025-05-30,111530,1,20,0,82.0
10109802LEMOSF_2025-05-30_G11,10109802LEMOSF,2025-05-30,111530,1,63,0,494.0
10109802LEMOSF_2025-05-30_G12,10109802LEMOSF,2025-05-30,110515,1,10,0,1134.0
10109802LEMOSF_2025-05-30_G13,10109802LEMOSF,2025-05-30,111469,1,10,0,289.0
10109802LEMOSF_2025-05-30_G14,10109802LEMOSF,2025-05-30,110711,1,1,0,213.0
10109802LEMOSF_2025-05-30_G15,10109802LEMOSF,2025-05-30,110742,1,2,0,250.0
10109802LEMOSF_2025-05-30_G16,10109802LEMOSF,2025-05-30,111469,1,10,0,354.0
10109802LEMOSF_2025-05-30_G17,10109802LEMOSF,2025-05-30,108794,1,8,0,407.0
10109802LEMOSF_2025-05-30_G18,10109802LEMOSF,2025-05-30,118222,1,8,0,838.0
10109802LEMOSF_2025-05-30_G20,10109802LEMOSF,2025-05-30,117935,1,2,0,293.0
10109802LEMOSF_2025-05-30_G21,10109802LEMOSF,2025-05-30,117935,1,1,0,32.0
10109802LEMOSF_2025-05-30_G22,10109802LEMOSF,2025-05-30,108794,1,4,0,265.0
10109802LEMOSF_2025-05-30_G23,10109802LEMOSF,2025-05-30,110711,1,2,0,121.0
10109802LEMOSF_2025-05-30_G24,10109802LEMOSF,2025-05-30,116241,1,6,0,297.0
10109802LEMOSF_2025-05-30_G25,10109802LEMOSF,2025-05-30,111655,1,4,0,274.0
10109802LEMOSF_2025-05-30_G26,10109802LEMOSF,2025-05-30,108794,1,4,0,312.0
10109802LEMOSF_2025-05-30_G27,10109802LEMOSF,2025-05-30,118222,1,30,0,870.0
10109802LEMOSF_2025-05-30_G28,10109802LEMOSF,2025-05-30,118140,1,24,0,201.0
10109802LEMOSF_2025-05-30_G29,10109802LEMOSF,2025-05-30,111440,1,2,0,342.0
10109802LEMOSF_2025-05-30_G30,10109802LEMOSF,2025-05-30,111469,1,3,0,168.0
10109802LEMOSF_2025-05-30_G32,10109802LEMOSF,2025-05-30,111660,1,4,0,36.0
10109802LEMOSF_2025-05-30_G33,10109802LEMOSF,2025-05-30,108794,1,3,0,926.0
10109802LEMOSF_2025-05-30_G34,10109802LEMOSF,2025-05-30,111469,1,6,0,215.0
10109802LEMOSF_2025-05-30_G35,10109802LEMOSF,2025-05-30,111469,1,11,0,163.0
10109802LEMOSF_2025-05-30_G36,10109802LEMOSF,2025-05-30,110742,1,4,0,199.0
10109802LEMOSF_2025-05-30_G37,10109802LEMOSF,2025-05-30,111530,1,2,0,237.0
10109802LEMOSF_2025-05-30_G38,10109802LEMOSF,2025-05-30,116241,1,7,0,383.0
10109802LEMOSF_2025-05-30_G39,10109802LEMOSF,2025-05-30,111532,1,2,0,128.0
10109802LEMOSF_2025-05-30_G40,10109802LEMOSF,2025-05-30,118140,1,2,0,115.0
10109802LEMOSF_2025-05-30_G41,10109802LEMOSF,2025-05-30,111348,1,1,0,262.0
10109802LEMOSF_2025-05-30_G42,10109802LEMOSF,2025-05-30,111465,1,1,0,106.0
10109802LEMOSF_2025-05-30_G43,10109802LEMOSF,2025-05-30,111602,1,4,0,997.0
10109802LEMOSF_2025-05-30_G44,10109802LEMOSF,2025-05-30,111530,1,5,0,124.0
10109802LEMOSF_2025-05-30_G45,10109802LEMOSF,2025-05-30,117786,1,3,0,102.0
10109802LEMOSF_2025-05-30_G46,10109802LEMOSF,2025-05-30,111418,1,5,0,116.0
10109802LEMOSF_2025-05-30_G47,10109802LEMOSF,2025-05-30,109643,1,4,0,202.0
10109802LEMOSF_2025-05-30_G48,10109802LEMOSF,2025-05-30,111469,1,1,0,483.0
10109802LEMOSF_2025-05-30_G49,10109802LEMOSF,2025-05-30,109647,1,3,0,131.0
10109802LEMOSF_2025-05-30_G50,10109802LEMOSF,2025-05-30,111466,1,2,0,126.0
10109802LEMOSF_2025-05-30_G51,10109802LEMOSF,2025-05-30,117785,1,3,0,215.0
10109802LEMOSF_2025-05-30_G52,10109802LEMOSF,2025-05-30,117830,1,3,0,324.0
10109802LEMOSF_2025-05-30_G53,10109802LEMOSF,2025-05-30,117808,1,2,0,156.0
10109802LEMOSF_2025-05-30_G54,10109802LEMOSF,2025-05-30,110711,1,1,0,478.0
10109802LEMOSF_2025-05-30_G55,10109802LEMOSF,2025-05-30,116241,1,2,0,144.0
10109802LEMOSF_2025-05-30_G56,10109802LEMOSF,2025-05-30,111469,1,2,0,91.0
10109802LEMOSF_2025-05-30_G57,10109802LEMOSF,2025-05-30,111469,1,8,0,157.0
10109802LEMOSF_2025-05-30_G58,10109802LEMOSF,2025-05-30,111530,1,2,0,119.0
10109802LEMOSF_2025-05-30_G59,10109802LEMOSF,2025-05-30,118140,1,3,0,137.0
10109802LEMOSF_2025-05-30_G60,10109802LEMOSF,2025-05-30,109641,1,12,0,517.0
10109802LEMOSF_2025-05-30_G61,10109802LEMOSF,2025-05-30,111466,1,8,0,204.0
10109802LEMOSF_2025-05-30_G62,10109802LEMOSF,2025-05-30,110787,1,9,0,473.0
10109802LEMOSF_2025-05-30_G63,10109802LEMOSF,2025-05-30,107236,1,7,0,68.0
10109802LEMOSF_2025-05-31_G02,10109802LEMOSF,2025-05-31,110787,1,20,0,160.0
10109802LEMOSF_2025-05-31_G03,10109802LEMOSF,2025-05-31,110895,1,16,0,244.0
10109802LEMOSF_2025-05-31_G05,10109802LEMOSF,2025-05-31,118418,1,3,0,230.0
10109802LEMOSF_2025-05-31_G06,10109802LEMOSF,2025-05-31,111430,1,4,0,3202.0
10109802LEMOSF_2025-05-31_G07,10109802LEMOSF,2025-05-31,111569,1,6,0,171.0
10109802LEMOSF_2025-05-31_G08,10109802LEMOSF,2025-05-31,110895,1,4,0,118.0
10109802LEMOSF_2025-05-31_G09,10109802LEMOSF,2025-05-31,109647,1,2,0,139.0
10109802LEMOSF_2025-05-31_G10,10109802LEMOSF,2025-05-31,117862,1,4,0,132.0
10109802LEMOSF_2025-05-31_G11,10109802LEMOSF,2025-05-31,111602,1,3,0,435.0
10109802LEMOSF_2025-05-31_G12,10109802LEMOSF,2025-05-31,110515,1,4,0,144.0
10109802LEMOSF_2025-05-31_G13,10109802LEMOSF,2025-05-31,111435,1,2,0,151.0
10109802LEMOSF_2025-05-31_G14,10109802LEMOSF,2025-05-31,111462,1,8,0,151.0
10109802LEMOSF_2025-05-31_G15,10109802LEMOSF,2025-05-31,111463,1,6,0,94.0
10109802LEMOSF_2025-05-31_G17,10109802LEMOSF,2025-05-31,110745,1,4,0,68.0
10109802LEMOSF_2025-05-31_G18,10109802LEMOSF,2025-05-31,111466,1,6,0,79.0
10109802LEMOSF_2025-05-31_G19,10109802LEMOSF,2025-05-31,111431,1,3,0,253.0
10109802LEMOSF_2025-05-31_G20,10109802LEMOSF,2025-05-31,118140,1,4,0,120.0
10109802LEMOSF_2025-05-31_G21,10109802LEMOSF,2025-05-31,111418,1,8,0,513.0
10109802LEMOSF_2025-05-31_G22,10109802LEMOSF,2025-05-31,111444,1,6,0,188.0
10109802LEMOSF_2025-05-31_G23,10109802LEMOSF,2025-05-31,111433,1,2,0,73.0
10109802LEMOSF_2025-05-31_G24,10109802LEMOSF,2025-05-31,111442,1,4,0,203.0
10109802LEMOSF_2025-05-31_G25,10109802LEMOSF,2025-05-31,117821,1,2,0,81.0
10109802LEMOSF_2025-05-31_G26,10109802LEMOSF,2025-05-31,110374,1,6,0,215.0
10109802LEMOSF_2025-05-31_G27,10109802LEMOSF,2025-05-31,110373,1,12,0,265.0
10109802LEMOSF_2025-05-31_G28,10109802LEMOSF,2025-05-31,110371,1,2,0,107.0
10109802LEMOSF_2025-05-31_G29,10109802LEMOSF,2025-05-31,117820,1,195,0,1686.0
10109802LEMOSF_2025-05-31_G30,10109802LEMOSF,2025-05-31,107830,1,11,0,316.0
10109802LEMOSF_2025-05-31_G31,10109802LEMOSF,2025-05-31,111438,1,100,0,2843.0
10109802LEMOSF_2025-05-31_G32,10109802LEMOSF,2025-05-31,107892,1,29,0,34.0
10109802LEMOSF_2025-05-31_G33,10109802LEMOSF,2025-05-31,111660,1,18,0,1066.0
10109802LEMOSF_2025-06-04_G02,10109802LEMOSF,2025-06-04,111348,1,20,0,159.0
10109802LEMOSF_2025-06-05_G02,10109802LEMOSF,2025-06-05,110751,1,40,0,2759.0
10109802LEMOSF_2025-06-05_G03,10109802LEMOSF,2025-06-05,111462,1,40,0,299.0
10109802LEMOSF_2025-06-05_G04,10109802LEMOSF,2025-06-05,105705,1,24,0,1066.0
10109802LEMOSF_2025-06-05_G05,10109802LEMOSF,2025-06-05,110745,1,40,0,368.0
10109802LEMOSF_2025-06-05_G06,10109802LEMOSF,2025-06-05,117833,1,30,0,455.0
10109802LEMOSF_2025-06-05_G07,10109802LEMOSF,2025-06-05,117831,1,50,0,437.0
10109802LEMOSF_2025-06-05_G08,10109802LEMOSF,2025-06-05,111172,1,60,0,539.0
10109802LEMOSF_2025-06-05_G09,10109802LEMOSF,2025-06-05,108798,1,10,0,151.0
10109802LEMOSF_2025-06-06_G02,10109802LEMOSF,2025-06-06,"110374, 111569",2,300,21,535.0
10109802LEMOSF_2025-06-06_G03,10109802LEMOSF,2025-06-06,"111463, 111418",2,450,10,875.0
10109802LEMOSF_2025-06-07_G02,10109802LEMOSF,2025-06-07,111418,1,500,0,1588.0
10109802LEMOSF_2025-06-07_G03,10109802LEMOSF,2025-06-07,110371,1,370,0,1154.0
10109802LEMOSF_2025-06-07_G05,10109802LEMOSF,2025-06-07,118299,1,50,0,364.0
10109802LEMOSF_2025-06-07_G06,10109802LEMOSF,2025-06-07,110372,1,10,0,143.0
10109802LEMOSF_2025-06-07_G07,10109802LEMOSF,2025-06-07,110374,1,22,0,259.0
10109802LEMOSF_2025-06-07_G08,10109802LEMOSF,2025-06-07,117820,1,34,0,714.0
10109802LEMOSF_2025-06-07_G09,10109802LEMOSF,2025-06-07,111435,1,4,0,1302.0
10109802LEMOSF_2025-06-07_G10,10109802LEMOSF,2025-06-07,111462,1,4,0,127.0
10109802LEMOSF_2025-06-07_G11,10109802LEMOSF,2025-06-07,111463,1,4,0,49.0
10109802LEMOSF_2025-06-07_G12,10109802LEMOSF,2025-06-07,109641,1,3,0,95.0
10109802LEMOSF_2025-06-07_G13,10109802LEMOSF,2025-06-07,111466,1,8,0,179.0
10109802LEMOSF_2025-06-07_G14,10109802LEMOSF,2025-06-07,108798,1,4,0,103.0
10109802LEMOSF_2025-06-07_G15,10109802LEMOSF,2025-06-07,111431,1,1,0,64.0
10109802LEMOSF_2025-06-07_G16,10109802LEMOSF,2025-06-07,117820,1,8,0,745.0
10109802LEMOSF_2025-06-07_G17,10109802LEMOSF,2025-06-07,110371,1,7,0,126.0
10109802LEMOSF_2025-06-07_G18,10109802LEMOSF,2025-06-07,110372,1,4,0,170.0
10109802LEMOSF_2025-06-09_G02,10109802LEMOSF,2025-06-09,111463,1,40,0,517.0
10109802LEMOSF_2025-06-09_G03,10109802LEMOSF,2025-06-09,109641,1,27,0,811.0
10109802LEMOSF_2025-06-09_G04,10109802LEMOSF,2025-06-09,105705,1,8,0,129.0
10109802LEMOSF_2025-06-09_G05,10109802LEMOSF,2025-06-09,111466,1,4,0,99.0
10109802LEMOSF_2025-06-09_G06,10109802LEMOSF,2025-06-09,111172,1,6,0,121.0
10109802LEMOSF_2025-06-09_G07,10109802LEMOSF,2025-06-09,108711,1,2,0,54.0
10109802LEMOSF_2025-06-09_G08,10109802LEMOSF,2025-06-09,118140,1,44,0,3279.0
10109802LEMOSF_2025-06-09_G09,10109802LEMOSF,2025-06-09,111418,1,24,0,327.0
10109802LEMOSF_2025-06-09_G10,10109802LEMOSF,2025-06-09,110787,1,2,0,962.0
10109802LEMOSF_2025-06-09_G11,10109802LEMOSF,2025-06-09,110313,1,4,0,1940.0
10109802LEMOSF_2025-06-09_G12,10109802LEMOSF,2025-06-09,110129,1,2,0,196.0
10109802LEMOSF_2025-06-09_G13,10109802LEMOSF,2025-06-09,109648,1,8,0,212.0
10109802LEMOSF_2025-06-09_G14,10109802LEMOSF,2025-06-09,110747,1,4,0,920.0
10109802LEMOSF_2025-06-09_G15,10109802LEMOSF,2025-06-09,118306,1,2,0,195.0
10109802LEMOSF_2025-06-09_G16,10109802LEMOSF,2025-06-09,110895,1,1,0,87.0
10109802LEMOSF_2025-06-09_G17,10109802LEMOSF,2025-06-09,118222,1,2,0,136.0
10109802LEMOSF_2025-06-09_G18,10109802LEMOSF,2025-06-09,141047,1,3,0,224.0
10109802LEMOSF_2025-06-09_G19,10109802LEMOSF,2025-06-09,109640,1,4,0,111.0
10109802LEMOSF_2025-06-09_G20,10109802LEMOSF,2025-06-09,117862,1,4,0,63.0
10109802LEMOSF_2025-06-09_G21,10109802LEMOSF,2025-06-09,117855,1,2,0,65.0
10109802LEMOSF_2025-06-09_G22,10109802LEMOSF,2025-06-09,105242,1,2,0,96.0
10109802LEMOSF_2025-06-09_G23,10109802LEMOSF,2025-06-09,111530,1,4,0,141.0
10109802LEMOSF_2025-06-09_G24,10109802LEMOSF,2025-06-09,110515,1,1,0,48.0
10109802LEMOSF_2025-06-09_G26,10109802LEMOSF,2025-06-09,117808,1,19,0,139.0
10109802LEMOSF_2025-06-09_G27,10109802LEMOSF,2025-06-09,118299,1,24,0,246.0
10109802LEMOSF_2025-06-09_G28,10109802LEMOSF,2025-06-09,117809,1,2,0,64.0
10109802LEMOSF_2025-06-09_G29,10109802LEMOSF,2025-06-09,117820,1,2,0,61.0
10109802LEMOSF_2025-06-09_G30,10109802LEMOSF,2025-06-09,"100334, 111441",2,11,9,689.0
10109802LEMOSF_2025-06-09_G31,10109802LEMOSF,2025-06-09,111876,1,3,0,108.0
10109802LEMOSF_2025-06-09_G32,10109802LEMOSF,2025-06-09,110339,1,3,0,59.0
10109802LEMOSF_2025-06-09_G33,10109802LEMOSF,2025-06-09,109640,1,2,0,119.0
10109802LEMOSF_2025-06-09_G34,10109802LEMOSF,2025-06-09,110515,1,8,0,324.0
10109802LEMOSF_2025-06-09_G35,10109802LEMOSF,2025-06-09,117856,1,4,0,107.0
10109802LEMOSF_2025-06-09_G36,10109802LEMOSF,2025-06-09,117831,1,2,0,135.0
10109802LEMOSF_2025-06-09_G37,10109802LEMOSF,2025-06-09,118140,1,6,0,134.0
10109802LEMOSF_2025-06-09_G38,10109802LEMOSF,2025-06-09,111418,1,2,0,101.0
10109802LEMOSF_2025-06-09_G39,10109802LEMOSF,2025-06-09,110787,1,6,0,292.0
10109802LEMOSF_2025-06-09_G40,10109802LEMOSF,2025-06-09,111465,1,4,0,93.0
10109802LEMOSF_2025-06-09_G41,10109802LEMOSF,2025-06-09,110374,1,3,0,136.0
10109802LEMOSF_2025-06-09_G42,10109802LEMOSF,2025-06-09,109643,1,2,0,65.0
10109802LEMOSF_2025-06-09_G43,10109802LEMOSF,2025-06-09,117808,1,5,0,68.0
10109802LEMOSF_2025-06-09_G44,10109802LEMOSF,2025-06-09,110373,1,11,0,215.0
10109802LEMOSF_2025-06-09_G45,10109802LEMOSF,2025-06-09,110372,1,10,0,507.0
10109802LEMOSF_2025-06-09_G46,10109802LEMOSF,2025-06-09,110371,1,8,0,132.0
10109802LEMOSF_2025-06-09_G47,10109802LEMOSF,2025-06-09,108759,1,8,0,296.0
10109802LEMOSF_2025-06-09_G48,10109802LEMOSF,2025-06-09,110787,1,9,0,216.0
10109802LEMOSF_2025-06-09_G50,10109802LEMOSF,2025-06-09,117838,1,30,0,452.0
10109802LEMOSF_2025-06-09_G51,10109802LEMOSF,2025-06-09,111532,1,9,0,192.0
10109802LEMOSF_2025-06-10_G02,10109802LEMOSF,2025-06-10,111738,1,4,0,171.0
10109802LEMOSF_2025-06-10_G03,10109802LEMOSF,2025-06-10,111740,1,10,0,1079.0
10109802LEMOSF_2025-06-10_G04,10109802LEMOSF,2025-06-10,141261,1,20,0,289.0
10109802LEMOSF_2025-06-10_G05,10109802LEMOSF,2025-06-10,111742,1,1,0,1505.0
10109802LEMOSF_2025-06-10_G06,10109802LEMOSF,2025-06-10,111761,1,4,0,323.0
10109802LEMOSF_2025-06-10_G07,10109802LEMOSF,2025-06-10,141262,1,12,0,382.0
10109802LEMOSF_2025-06-10_G08,10109802LEMOSF,2025-06-10,111751,1,8,0,163.0
10109802LEMOSF_2025-06-10_G09,10109802LEMOSF,2025-06-10,118191,1,30,0,139.0
10109802LEMOSF_2025-06-10_G10,10109802LEMOSF,2025-06-10,111634,1,8,0,678.0
10109802LEMOSF_2025-06-10_G11,10109802LEMOSF,2025-06-10,117785,2,12,30,718.0
10109802LEMOSF_2025-06-10_G12,10109802LEMOSF,2025-06-10,111469,1,8,0,205.0
10109802LEMOSF_2025-06-10_G13,10109802LEMOSF,2025-06-10,111466,1,4,0,96.0
10109802LEMOSF_2025-06-10_G14,10109802LEMOSF,2025-06-10,111466,1,4,0,59.0
10109802LEMOSF_2025-06-10_G15,10109802LEMOSF,2025-06-10,118140,1,18,0,225.0
10109802LEMOSF_2025-06-10_G16,10109802LEMOSF,2025-06-10,111418,1,8,0,155.0
10109802LEMOSF_2025-06-10_G17,10109802LEMOSF,2025-06-10,118317,1,8,0,216.0
10109802LEMOSF_2025-06-10_G18,10109802LEMOSF,2025-06-10,109643,1,54,0,1227.0
10109802LEMOSF_2025-06-10_G19,10109802LEMOSF,2025-06-10,120002,1,24,0,394.0
10109802LEMOSF_2025-06-10_G20,10109802LEMOSF,2025-06-10,120002,1,6,0,160.0
10109802LEMOSF_2025-06-10_G22,10109802LEMOSF,2025-06-10,111469,1,5,0,104.0
10109802LEMOSF_2025-06-10_G23,10109802LEMOSF,2025-06-10,108711,1,4,0,103.0
10109802LEMOSF_2025-06-10_G24,10109802LEMOSF,2025-06-10,111418,1,11,0,233.0
10109802LEMOSF_2025-06-10_G25,10109802LEMOSF,2025-06-10,111465,1,3,0,103.0
10109802LEMOSF_2025-06-10_G26,10109802LEMOSF,2025-06-10,110374,1,1,0,116.0
10109802LEMOSF_2025-06-10_G27,10109802LEMOSF,2025-06-10,117808,1,8,0,96.0
10109802LEMOSF_2025-06-10_G28,10109802LEMOSF,2025-06-10,110371,1,12,0,260.0
10109802LEMOSF_2025-06-10_G29,10109802LEMOSF,2025-06-10,108759,1,1,0,475.0
10109802LEMOSF_2025-06-10_G30,10109802LEMOSF,2025-06-10,118094,1,3,0,120.0
10109802LEMOSF_2025-06-10_G31,10109802LEMOSF,2025-06-10,110515,1,11,0,404.0
10109802LEMOSF_2025-06-10_G32,10109802LEMOSF,2025-06-10,118140,1,8,0,172.0
10109802LEMOSF_2025-06-10_G33,10109802LEMOSF,2025-06-10,111465,1,3,0,115.0
10109802LEMOSF_2025-06-10_G34,10109802LEMOSF,2025-06-10,117808,1,10,0,176.0
10109802LEMOSF_2025-06-10_G35,10109802LEMOSF,2025-06-10,118299,1,2,0,58.0
10109802LEMOSF_2025-06-10_G36,10109802LEMOSF,2025-06-10,110371,1,4,0,147.0
10109802LEMOSF_2025-06-10_G37,10109802LEMOSF,2025-06-10,117820,1,5,0,167.0
10109802LEMOSF_2025-06-10_G38,10109802LEMOSF,2025-06-10,117830,1,5,0,78.0
10109802LEMOSF_2025-06-10_G39,10109802LEMOSF,2025-06-10,111723,1,4,0,1107.0
10109802LEMOSF_2025-06-10_G40,10109802LEMOSF,2025-06-10,111759,1,4,0,198.0
10109802LEMOSF_2025-06-10_G41,10109802LEMOSF,2025-06-10,141262,1,8,0,448.0
10109802LEMOSF_2025-06-10_G42,10109802LEMOSF,2025-06-10,118191,1,8,0,402.0
10109802LEMOSF_2025-06-10_G43,10109802LEMOSF,2025-06-10,111634,1,4,0,125.0
10109802LEMOSF_2025-06-10_G44,10109802LEMOSF,2025-06-10,111753,1,6,0,236.0
10109802LEMOSF_2025-06-10_G45,10109802LEMOSF,2025-06-10,111722,1,6,0,423.0
10109802LEMOSF_2025-06-10_G46,10109802LEMOSF,2025-06-10,111751,1,4,0,359.0
10109802LEMOSF_2025-06-10_G47,10109802LEMOSF,2025-06-10,111740,1,6,0,495.0
10109802LEMOSF_2025-06-10_G48,10109802LEMOSF,2025-06-10,111634,1,6,0,61.0
10109802LEMOSF_2025-06-10_G49,10109802LEMOSF,2025-06-10,141261,1,8,0,133.0
10109802LEMOSF_2025-06-10_G50,10109802LEMOSF,2025-06-10,111722,1,10,0,133.0
10109802LEMOSF_2025-06-10_G51,10109802LEMOSF,2025-06-10,118191,1,8,0,58.0
10109802LEMOSF_2025-06-10_G52,10109802LEMOSF,2025-06-10,111742,1,3,0,513.0
10109802LEMOSF_2025-06-11_G02,10109802LEMOSF,2025-06-11,111469,1,37,0,342.0
10109802LEMOSF_2025-06-11_G03,10109802LEMOSF,2025-06-11,105705,1,16,0,362.0
10109802LEMOSF_2025-06-11_G04,10109802LEMOSF,2025-06-11,111468,1,27,0,543.0
10109802LEMOSF_2025-06-11_G05,10109802LEMOSF,2025-06-11,117833,1,50,0,529.0
10109802LEMOSF_2025-06-11_G06,10109802LEMOSF,2025-06-11,108798,1,33,0,503.0
10109802LEMOSF_2025-06-11_G07,10109802LEMOSF,2025-06-11,108711,1,25,0,195.0
10109802LEMOSF_2025-06-11_G08,10109802LEMOSF,2025-06-11,111418,1,45,0,572.0
10109802LEMOSF_2025-06-11_G09,10109802LEMOSF,2025-06-11,109645,1,15,0,300.0
10109802LEMOSF_2025-06-11_G10,10109802LEMOSF,2025-06-11,117785,1,60,0,238.0
10109802LEMOSF_2025-06-11_G11,10109802LEMOSF,2025-06-11,114100,1,4,0,123.0
10109802LEMOSF_2025-06-11_G12,10109802LEMOSF,2025-06-11,117821,1,40,0,555.0
10109802LEMOSF_2025-06-11_G13,10109802LEMOSF,2025-06-11,111465,1,30,0,500.0
10109802LEMOSF_2025-06-11_G14,10109802LEMOSF,2025-06-11,111743,1,29,0,1132.0
10109802LEMOSF_2025-06-11_G15,10109802LEMOSF,2025-06-11,111463,1,21,0,278.0
10109802LEMOSF_2025-06-11_G16,10109802LEMOSF,2025-06-11,117831,1,50,0,767.0
10109802LEMOSF_2025-06-11_G17,10109802LEMOSF,2025-06-11,111436,1,8,0,1889.0
10109802LEMOSF_2025-06-11_G18,10109802LEMOSF,2025-06-11,117831,1,4,0,820.0
10109802LEMOSF_2025-06-11_G19,10109802LEMOSF,2025-06-11,118140,1,4,0,402.0
10109802LEMOSF_2025-06-11_G20,10109802LEMOSF,2025-06-11,117785,1,4,0,107.0
10109802LEMOSF_2025-06-11_G21,10109802LEMOSF,2025-06-11,117820,1,8,0,158.0
10109802LEMOSF_2025-06-11_G22,10109802LEMOSF,2025-06-11,118222,1,2,0,160.0
10109802LEMOSF_2025-06-11_G24,10109802LEMOSF,2025-06-11,140922,1,2,0,114.0
10109802LEMOSF_2025-06-11_G25,10109802LEMOSF,2025-06-11,117808,1,2,0,78.0
10109802LEMOSF_2025-06-11_G26,10109802LEMOSF,2025-06-11,105705,1,2,0,81.0
10109802LEMOSF_2025-06-11_G27,10109802LEMOSF,2025-06-11,105705,1,8,0,97.0
10109802LEMOSF_2025-06-11_G29,10109802LEMOSF,2025-06-11,110745,1,2,0,82.0
10109802LEMOSF_2025-06-11_G30,10109802LEMOSF,2025-06-11,111466,1,2,0,75.0
10109802LEMOSF_2025-06-11_G31,10109802LEMOSF,2025-06-11,118140,1,2,0,89.0
10109802LEMOSF_2025-06-11_G32,10109802LEMOSF,2025-06-11,111532,1,4,0,124.0
10109802LEMOSF_2025-06-11_G33,10109802LEMOSF,2025-06-11,111418,1,7,0,987.0
10109802LEMOSF_2025-06-11_G34,10109802LEMOSF,2025-06-11,107236,1,4,0,113.0
10109802LEMOSF_2025-06-11_G35,10109802LEMOSF,2025-06-11,110325,1,4,0,679.0
10109802LEMOSF_2025-06-11_G36,10109802LEMOSF,2025-06-11,117808,1,12,0,110.0
10109802LEMOSF_2025-06-11_G37,10109802LEMOSF,2025-06-11,110373,1,4,0,125.0
10109802LEMOSF_2025-06-11_G38,10109802LEMOSF,2025-06-11,110372,1,4,0,210.0
10109802LEMOSF_2025-06-11_G39,10109802LEMOSF,2025-06-11,117820,1,12,0,318.0
10109802LEMOSF_2025-06-12_G02,10109802LEMOSF,2025-06-12,117808,1,29,0,199.0
10109802LEMOSF_2025-06-12_G03,10109802LEMOSF,2025-06-12,110373,1,28,0,262.0
10109802LEMOSF_2025-06-12_G04,10109802LEMOSF,2025-06-12,118299,1,22,0,447.0
10109802LEMOSF_2025-06-12_G05,10109802LEMOSF,2025-06-12,110372,1,27,0,206.0
10109802LEMOSF_2025-06-12_G06,10109802LEMOSF,2025-06-12,111433,1,4,0,524.0
10109802LEMOSF_2025-06-12_G07,10109802LEMOSF,2025-06-12,110374,1,28,0,353.0
10109802LEMOSF_2025-06-12_G08,10109802LEMOSF,2025-06-12,110372,1,11,0,191.0
10109802LEMOSF_2025-06-12_G09,10109802LEMOSF,2025-06-12,117809,1,4,0,83.0
10109802LEMOSF_2025-06-12_G10,10109802LEMOSF,2025-06-12,117820,1,4,0,132.0
10109802LEMOSF_2025-06-12_G11,10109802LEMOSF,2025-06-12,109641,1,4,0,653.0
10109802LEMOSF_2025-06-12_G12,10109802LEMOSF,2025-06-12,116241,1,2,0,99.0
10109802LEMOSF_2025-06-12_G13,10109802LEMOSF,2025-06-12,111463,1,8,0,71.0
10109802LEMOSF_2025-06-12_G14,10109802LEMOSF,2025-06-12,111466,1,20,0,379.0
10109802LEMOSF_2025-06-12_G15,10109802LEMOSF,2025-06-12,111172,1,4,0,92.0
10109802LEMOSF_2025-06-12_G16,10109802LEMOSF,2025-06-12,108711,1,10,0,70.0
10109802LEMOSF_2025-06-12_G17,10109802LEMOSF,2025-06-12,118317,1,2,0,97.0
10109802LEMOSF_2025-06-12_G18,10109802LEMOSF,2025-06-12,111442,1,1,0,52.0
10109802LEMOSF_2025-06-12_G19,10109802LEMOSF,2025-06-12,117821,1,4,0,157.0
10109802LEMOSF_2025-06-12_G20,10109802LEMOSF,2025-06-12,111435,1,2,0,166.0
10109802LEMOSF_2025-06-12_G21,10109802LEMOSF,2025-06-12,109647,1,5,0,348.0
10109802LEMOSF_2025-06-12_G22,10109802LEMOSF,2025-06-12,141047,1,2,0,110.0
10109802LEMOSF_2025-06-12_G23,10109802LEMOSF,2025-06-12,110339,1,8,0,131.0
10109802LEMOSF_2025-06-12_G24,10109802LEMOSF,2025-06-12,117855,1,2,0,148.0
10109802LEMOSF_2025-06-12_G25,10109802LEMOSF,2025-06-12,110733,1,4,0,68.0
10109802LEMOSF_2025-06-12_G26,10109802LEMOSF,2025-06-12,111530,1,4,0,73.0
10109802LEMOSF_2025-06-12_G27,10109802LEMOSF,2025-06-12,111418,1,14,0,105.0
10109802LEMOSF_2025-06-12_G28,10109802LEMOSF,2025-06-12,111435,1,5,0,105.0
10109802LEMOSF_2025-06-12_G29,10109802LEMOSF,2025-06-12,109641,1,4,0,1156.0
10109802LEMOSF_2025-06-12_G30,10109802LEMOSF,2025-06-12,111463,1,4,0,157.0
10109802LEMOSF_2025-06-12_G31,10109802LEMOSF,2025-06-12,117841,1,3,0,122.0
10109802LEMOSF_2025-06-12_G32,10109802LEMOSF,2025-06-12,108711,1,4,0,106.0
10109802LEMOSF_2025-06-12_G33,10109802LEMOSF,2025-06-12,118140,1,1,0,40.0
10109802LEMOSF_2025-06-12_G34,10109802LEMOSF,2025-06-12,111462,1,14,0,154.0
10109802LEMOSF_2025-06-12_G35,10109802LEMOSF,2025-06-12,111418,1,4,0,74.0
10109802LEMOSF_2025-06-12_G36,10109802LEMOSF,2025-06-12,111433,1,2,0,118.0
10109802LEMOSF_2025-06-12_G37,10109802LEMOSF,2025-06-12,117821,1,12,0,126.0
10109802LEMOSF_2025-06-12_G38,10109802LEMOSF,2025-06-12,110787,1,11,0,145.0
10109802LEMOSF_2025-06-12_G39,10109802LEMOSF,2025-06-12,110787,1,23,0,43.0
10109802LEMOSF_2025-06-12_G40,10109802LEMOSF,2025-06-12,111438,1,4,0,1007.0
10109802LEMOSF_2025-06-12_G41,10109802LEMOSF,2025-06-12,110747,1,2,0,364.0
10109802LEMOSF_2025-06-12_G42,10109802LEMOSF,2025-06-12,100334,1,3,0,140.0
10109802LEMOSF_2025-06-12_G43,10109802LEMOSF,2025-06-12,111438,1,2,0,126.0
10109802LEMOSF_2025-06-12_G44,10109802LEMOSF,2025-06-12,118222,1,1,0,125.0
10109802LEMOSF_2025-06-12_G45,10109802LEMOSF,2025-06-12,109640,1,1,0,138.0
10109802LEMOSF_2025-06-12_G46,10109802LEMOSF,2025-06-12,110515,1,2,0,43.0
10109802LEMOSF_2025-06-12_G47,10109802LEMOSF,2025-06-12,110313,1,3,0,286.0
10109802LEMOSF_2025-06-12_G49,10109802LEMOSF,2025-06-12,111602,1,8,0,482.0
10109802LEMOSF_2025-06-12_G50,10109802LEMOSF,2025-06-12,108711,1,4,0,182.0
10109802LEMOSF_2025-06-12_G51,10109802LEMOSF,2025-06-12,107629,1,2,0,1782.0
10109802LEMOSF_2025-06-12_G52,10109802LEMOSF,2025-06-12,110313,1,1,0,144.0
10109802LEMOSF_2025-06-12_G53,10109802LEMOSF,2025-06-12,111463,1,5,0,371.0
10109802LEMOSF_2025-06-12_G54,10109802LEMOSF,2025-06-12,111418,1,4,0,138.0
10109802LEMOSF_2025-06-12_G55,10109802LEMOSF,2025-06-12,117831,1,2,0,1713.0
10109802LEMOSF_2025-06-12_G56,10109802LEMOSF,2025-06-12,117832,1,10,0,1535.0
10109802LEMOSF_2025-06-12_G57,10109802LEMOSF,2025-06-12,110372,1,30,0,263.0
10109802LEMOSF_2025-06-12_G58,10109802LEMOSF,2025-06-12,110372,1,20,0,170.0
10109802LEMOSF_2025-06-12_G59,10109802LEMOSF,2025-06-12,117830,1,10,0,266.0
10109802LEMOSF_2025-06-12_G60,10109802LEMOSF,2025-06-12,141202,1,5,0,135.0
10109802LEMOSF_2025-06-12_G61,10109802LEMOSF,2025-06-12,117809,1,300,0,2737.0
10109802LEMOSF_2025-06-12_G62,10109802LEMOSF,2025-06-12,117831,1,160,0,815.0
10109802LEMOSF_2025-06-12_G63,10109802LEMOSF,2025-06-12,110895,1,100,0,354.0
10109802LEMOSF_2025-06-13_G02,10109802LEMOSF,2025-06-13,111466,1,3,0,89.0
10109802LEMOSF_2025-06-13_G03,10109802LEMOSF,2025-06-13,111466,1,4,0,55.0
10109802LEMOSF_2025-06-13_G04,10109802LEMOSF,2025-06-13,117831,1,2,0,63.0
10109802LEMOSF_2025-06-13_G05,10109802LEMOSF,2025-06-13,111172,1,1,0,78.0
10109802LEMOSF_2025-06-13_G06,10109802LEMOSF,2025-06-13,111462,1,8,0,486.0
10109802LEMOSF_2025-06-13_G07,10109802LEMOSF,2025-06-13,117785,1,18,0,189.0
10109802LEMOSF_2025-06-13_G08,10109802LEMOSF,2025-06-13,110371,1,12,0,198.0
10109802LEMOSF_2025-06-13_G09,10109802LEMOSF,2025-06-13,117820,1,1,0,105.0
10109802LEMOSF_2025-06-13_G10,10109802LEMOSF,2025-06-13,117820,1,8,0,59.0
10109802LEMOSF_2025-06-13_G11,10109802LEMOSF,2025-06-13,100334,1,1,0,104.0
10109802LEMOSF_2025-06-13_G12,10109802LEMOSF,2025-06-13,111569,1,5,0,35.0
10109802LEMOSF_2025-06-13_G13,10109802LEMOSF,2025-06-13,117853,1,4,0,398.0
10109802LEMOSF_2025-06-13_G14,10109802LEMOSF,2025-06-13,111182,1,8,0,236.0
10109802LEMOSF_2025-06-13_G15,10109802LEMOSF,2025-06-13,110374,1,3,0,918.0
10109802LEMOSF_2025-06-13_G16,10109802LEMOSF,2025-06-13,117808,1,46,0,629.0
10109802LEMOSF_2025-06-13_G17,10109802LEMOSF,2025-06-13,109643,1,3,0,157.0
10109802LEMOSF_2025-06-13_G18,10109802LEMOSF,2025-06-13,110373,1,2,0,146.0
10109802LEMOSF_2025-06-13_G19,10109802LEMOSF,2025-06-13,110373,1,6,0,74.0
10109802LEMOSF_2025-06-13_G20,10109802LEMOSF,2025-06-13,118299,1,25,0,342.0
10109802LEMOSF_2025-06-13_G21,10109802LEMOSF,2025-06-13,118299,1,4,0,74.0
10109802LEMOSF_2025-06-13_G22,10109802LEMOSF,2025-06-13,117832,1,6,0,107.0
10109802LEMOSF_2025-06-13_G23,10109802LEMOSF,2025-06-13,110372,1,13,0,326.0
10109802LEMOSF_2025-06-13_G24,10109802LEMOSF,2025-06-13,117820,1,4,0,133.0
10109802LEMOSF_2025-06-13_G25,10109802LEMOSF,2025-06-13,111462,1,5,0,146.0
10109802LEMOSF_2025-06-13_G26,10109802LEMOSF,2025-06-13,111532,1,3,0,272.0
10109802LEMOSF_2025-06-13_G27,10109802LEMOSF,2025-06-13,111602,1,4,0,1563.0
10109802LEMOSF_2025-06-13_G28,10109802LEMOSF,2025-06-13,110374,1,4,0,214.0
10109802LEMOSF_2025-06-13_G29,10109802LEMOSF,2025-06-13,110325,1,4,0,93.0
10109802LEMOSF_2025-06-13_G30,10109802LEMOSF,2025-06-13,110325,1,4,0,200.0
10109802LEMOSF_2025-06-13_G31,10109802LEMOSF,2025-06-13,110374,1,4,0,85.0
10109802LEMOSF_2025-06-13_G32,10109802LEMOSF,2025-06-13,111602,1,8,0,628.0
10109802LEMOSF_2025-06-13_G33,10109802LEMOSF,2025-06-13,108794,1,8,0,344.0
10109802LEMOSF_2025-06-13_G34,10109802LEMOSF,2025-06-13,111530,1,4,0,422.0
10109802LEMOSF_2025-06-13_G35,10109802LEMOSF,2025-06-13,111602,1,12,0,436.0
10109802LEMOSF_2025-06-13_G36,10109802LEMOSF,2025-06-13,"109647, 141047, 117788, 107629, 118298, 117837, 110313",7,23,45,1477.0
10109802LEMOSF_2025-06-13_G38,10109802LEMOSF,2025-06-13,118094,1,4,0,203.0
10109802LEMOSF_2025-06-13_G39,10109802LEMOSF,2025-06-13,110515,1,4,0,146.0
10109802LEMOSF_2025-06-13_G40,10109802LEMOSF,2025-06-13,111532,1,2,0,126.0
10109802LEMOSF_2025-06-13_G41,10109802LEMOSF,2025-06-13,111602,1,18,0,268.0
10109802LEMOSF_2025-06-13_G42,10109802LEMOSF,2025-06-13,110895,1,2,0,233.0
10109802LEMOSF_2025-06-13_G43,10109802LEMOSF,2025-06-13,111469,1,4,0,116.0
10109802LEMOSF_2025-06-13_G44,10109802LEMOSF,2025-06-13,109643,1,4,0,75.0
10109802LEMOSF_2025-06-13_G45,10109802LEMOSF,2025-06-13,118094,1,8,0,119.0
10109802LEMOSF_2025-06-13_G46,10109802LEMOSF,2025-06-13,110325,1,2,0,612.0
10109802LEMOSF_2025-06-13_G47,10109802LEMOSF,2025-06-13,111466,1,11,0,131.0
10109802LEMOSF_2025-06-13_G48,10109802LEMOSF,2025-06-13,109641,1,4,0,101.0
10109802LEMOSF_2025-06-13_G49,10109802LEMOSF,2025-06-13,109645,1,4,0,127.0
10109802LEMOSF_2025-06-13_G50,10109802LEMOSF,2025-06-13,110787,1,9,0,99.0
10109802LEMOSF_2025-06-13_G51,10109802LEMOSF,2025-06-13,117862,1,1,0,102.0
10109802LEMOSF_2025-06-13_G52,10109802LEMOSF,2025-06-13,117856,1,1,0,115.0
10109802LEMOSF_2025-06-13_G53,10109802LEMOSF,2025-06-13,109937,1,4,0,94.0
10109802LEMOSF_2025-06-13_G54,10109802LEMOSF,2025-06-13,108794,1,28,0,401.0
10109802LEMOSF_2025-06-13_G55,10109802LEMOSF,2025-06-13,160054,1,6,0,156.0
10109802LEMOSF_2025-06-13_G56,10109802LEMOSF,2025-06-13,110374,1,20,0,167.0
10109802LEMOSF_2025-06-13_G57,10109802LEMOSF,2025-06-13,110372,1,5,0,113.0
10109802LEMOSF_2025-06-13_G58,10109802LEMOSF,2025-06-13,117820,1,4,0,181.0
10109802LEMOSF_2025-06-13_G59,10109802LEMOSF,2025-06-13,110745,1,4,0,172.0
10109802LEMOSF_2025-06-13_G60,10109802LEMOSF,2025-06-13,111441,1,3,0,430.0
10109802LEMOSF_2025-06-13_G61,10109802LEMOSF,2025-06-13,111569,1,3,0,100.0
10109802LEMOSF_2025-06-13_G62,10109802LEMOSF,2025-06-13,110895,1,2,0,42.0
10109802LEMOSF_2025-06-13_G63,10109802LEMOSF,2025-06-13,110787,1,4,0,98.0
10109802LEMOSF_2025-06-14_G02,10109802LEMOSF,2025-06-14,111743,1,10,0,171.0
10109802LEMOSF_2025-06-14_G03,10109802LEMOSF,2025-06-14,110751,1,5,0,385.0
10109802LEMOSF_2025-06-14_G04,10109802LEMOSF,2025-06-14,110751,1,4,0,55.0
10109802LEMOSF_2025-06-14_G05,10109802LEMOSF,2025-06-14,108794,1,20,0,238.0
10109802LEMOSF_2025-06-14_G06,10109802LEMOSF,2025-06-14,111463,1,60,0,1813.0
10109802LEMOSF_2025-06-14_G07,10109802LEMOSF,2025-06-14,105705,1,9,0,217.0
10109802LEMOSF_2025-06-14_G08,10109802LEMOSF,2025-06-14,111182,1,4,0,96.0
10109802LEMOSF_2025-06-14_G09,10109802LEMOSF,2025-06-14,117838,1,20,0,460.0
10109802LEMOSF_2025-06-14_G10,10109802LEMOSF,2025-06-14,117820,1,70,0,881.0
10109802LEMOSF_2025-06-14_G11,10109802LEMOSF,2025-06-14,109640,1,20,0,1792.0
10109802LEMOSF_2025-06-14_G12,10109802LEMOSF,2025-06-14,111532,1,30,0,422.0
10109802LEMOSF_2025-06-14_G13,10109802LEMOSF,2025-06-14,117842,1,4,0,360.0
10109802LEMOSF_2025-06-14_G14,10109802LEMOSF,2025-06-14,118317,1,1,0,119.0
10109802LEMOSF_2025-06-14_G15,10109802LEMOSF,2025-06-14,117821,1,15,0,156.0
10109802LEMOSF_2025-06-14_G16,10109802LEMOSF,2025-06-14,118140,1,10,0,151.0
10109802LEMOSF_2025-06-14_G17,10109802LEMOSF,2025-06-14,111466,1,50,0,140.0
10109802LEMOSF_2025-06-14_G18,10109802LEMOSF,2025-06-14,111172,1,15,0,725.0
10109802LEMOSF_2025-06-14_G19,10109802LEMOSF,2025-06-14,141202,1,2,0,1099.0
10109802LEMOSF_2025-06-14_G20,10109802LEMOSF,2025-06-14,141202,1,1,0,88.0
10109802LEMOSF_2025-06-14_G22,10109802LEMOSF,2025-06-14,109643,1,5,0,127.0
10109802LEMOSF_2025-06-14_G23,10109802LEMOSF,2025-06-14,110374,1,4,0,651.0
10109802LEMOSF_2025-06-14_G24,10109802LEMOSF,2025-06-14,118299,1,3,0,39.0
10109802LEMOSF_2025-06-14_G25,10109802LEMOSF,2025-06-14,117832,1,8,0,147.0
10109802LEMOSF_2025-06-14_G26,10109802LEMOSF,2025-06-14,110372,1,4,0,66.0
10109802LEMOSF_2025-06-14_G27,10109802LEMOSF,2025-06-14,117830,1,5,0,40.0
10109802LEMOSF_2025-06-14_G28,10109802LEMOSF,2025-06-14,110373,1,8,0,75.0
10109802LEMOSF_2025-06-14_G29,10109802LEMOSF,2025-06-14,110371,1,7,0,104.0
10109802LEMOSF_2025-06-14_G30,10109802LEMOSF,2025-06-14,141202,1,4,0,66.0
10109802LEMOSF_2025-06-14_G31,10109802LEMOSF,2025-06-14,111602,1,7,0,379.0
10109802LEMOSF_2025-06-14_G32,10109802LEMOSF,2025-06-14,116241,1,2,0,1330.0
10109802LEMOSF_2025-06-14_G33,10109802LEMOSF,2025-06-14,105705,1,20,0,336.0
10109802LEMOSF_2025-06-14_G34,10109802LEMOSF,2025-06-14,140922,1,16,0,140.0
10109802LEMOSF_2025-06-14_G35,10109802LEMOSF,2025-06-14,111468,1,15,0,467.0
10109802LEMOSF_2025-06-14_G36,10109802LEMOSF,2025-06-14,117831,1,33,0,203.0
10109802LEMOSF_2025-06-14_G37,10109802LEMOSF,2025-06-14,111466,1,17,0,180.0
10109802LEMOSF_2025-06-14_G38,10109802LEMOSF,2025-06-14,111462,1,47,0,488.0
10109802LEMOSF_2025-06-14_G39,10109802LEMOSF,2025-06-14,109645,1,15,0,313.0
10109802LEMOSF_2025-06-14_G40,10109802LEMOSF,2025-06-14,118317,1,8,0,126.0
10109802LEMOSF_2025-06-14_G41,10109802LEMOSF,2025-06-14,110787,1,7,0,120.0
10109802LEMOSF_2025-06-14_G42,10109802LEMOSF,2025-06-14,118299,1,220,0,822.0
10109802LEMOSF_2025-06-14_G43,10109802LEMOSF,2025-06-14,118299,1,200,0,1954.0
10109802LEMOSF_2025-06-14_G44,10109802LEMOSF,2025-06-14,110374,1,30,0,1007.0
10109802LEMOSF_2025-06-16_G02,10109802LEMOSF,2025-06-16,110787,1,5,0,116.0
10109802LEMOSF_2025-06-16_G03,10109802LEMOSF,2025-06-16,117808,1,8,0,269.0
10109802LEMOSF_2025-06-16_G04,10109802LEMOSF,2025-06-16,110371,1,4,0,260.0
10109802LEMOSF_2025-06-16_G05,10109802LEMOSF,2025-06-16,110373,1,4,0,157.0
10109802LEMOSF_2025-06-16_G06,10109802LEMOSF,2025-06-16,111418,1,4,0,504.0
10109802LEMOSF_2025-06-16_G07,10109802LEMOSF,2025-06-16,117808,1,1574,0,2928.0
10109802LEMOSF_2025-06-16_G08,10109802LEMOSF,2025-06-16,117786,1,143,0,1172.0
10109802LEMOSF_2025-06-16_G09,10109802LEMOSF,2025-06-16,117853,1,15,0,889.0
10109802LEMOSF_2025-06-16_G10,10109802LEMOSF,2025-06-16,117786,1,200,0,1901.0
10109802LEMOSF_2025-06-16_G13,10109802LEMOSF,2025-06-16,105705,1,2,0,77.0
10109802LEMOSF_2025-06-16_G14,10109802LEMOSF,2025-06-16,108794,1,20,0,157.0
10109802LEMOSF_2025-06-16_G15,10109802LEMOSF,2025-06-16,111463,1,5,0,109.0
10109802LEMOSF_2025-06-16_G16,10109802LEMOSF,2025-06-16,140922,1,10,0,134.0
10109802LEMOSF_2025-06-16_G17,10109802LEMOSF,2025-06-16,110745,1,10,0,97.0
10109802LEMOSF_2025-06-16_G18,10109802LEMOSF,2025-06-16,117831,1,10,0,111.0
10109802LEMOSF_2025-06-16_G19,10109802LEMOSF,2025-06-16,111466,1,20,0,205.0
10109802LEMOSF_2025-06-16_G20,10109802LEMOSF,2025-06-16,111532,1,2,0,139.0
10109802LEMOSF_2025-06-16_G21,10109802LEMOSF,2025-06-16,105705,1,4,0,1178.0
10109802LEMOSF_2025-06-16_G22,10109802LEMOSF,2025-06-16,111532,1,6,0,719.0
10109802LEMOSF_2025-06-16_G23,10109802LEMOSF,2025-06-16,111431,1,4,0,71.0
10109802LEMOSF_2025-06-16_G24,10109802LEMOSF,2025-06-16,111418,1,20,0,398.0
10109802LEMOSF_2025-06-16_G25,10109802LEMOSF,2025-06-16,118330,1,7,0,368.0
10109802LEMOSF_2025-06-16_G26,10109802LEMOSF,2025-06-16,111435,1,4,0,324.0
10109802LEMOSF_2025-06-16_G27,10109802LEMOSF,2025-06-16,110372,1,60,0,87.0
10109802LEMOSF_2025-06-16_G28,10109802LEMOSF,2025-06-16,110373,1,50,0,427.0
10109802LEMOSF_2025-06-16_G29,10109802LEMOSF,2025-06-16,115234,1,4,0,451.0
10109802LEMOSF_2025-06-16_G30,10109802LEMOSF,2025-06-16,110755,1,10,0,268.0
10109802LEMOSF_2025-06-16_G31,10109802LEMOSF,2025-06-16,118222,1,10,0,343.0
10109802LEMOSF_2025-06-17_G02,10109802LEMOSF,2025-06-17,110339,1,4,0,352.0
10109802LEMOSF_2025-06-17_G03,10109802LEMOSF,2025-06-17,117837,1,4,0,144.0
10109802LEMOSF_2025-06-17_G04,10109802LEMOSF,2025-06-17,117861,1,4,0,130.0
10109802LEMOSF_2025-06-17_G05,10109802LEMOSF,2025-06-17,111530,1,2,0,99.0
10109802LEMOSF_2025-06-17_G06,10109802LEMOSF,2025-06-17,109641,1,4,0,177.0
10109802LEMOSF_2025-06-17_G07,10109802LEMOSF,2025-06-17,110787,1,3,0,122.0
10109802LEMOSF_2025-06-17_G08,10109802LEMOSF,2025-06-17,117808,1,6,0,190.0
10109802LEMOSF_2025-06-17_G09,10109802LEMOSF,2025-06-17,118299,1,11,0,201.0
10109802LEMOSF_2025-06-17_G10,10109802LEMOSF,2025-06-17,110372,1,2,0,93.0
10109802LEMOSF_2025-06-17_G11,10109802LEMOSF,2025-06-17,117809,1,2,0,117.0
10109802LEMOSF_2025-06-17_G12,10109802LEMOSF,2025-06-17,117820,1,4,0,74.0
10109802LEMOSF_2025-06-17_G13,10109802LEMOSF,2025-06-17,117785,1,6,0,1294.0
10109802LEMOSF_2025-06-17_G14,10109802LEMOSF,2025-06-17,116241,1,2,0,94.0
10109802LEMOSF_2025-06-17_G15,10109802LEMOSF,2025-06-17,111463,1,8,0,118.0
10109802LEMOSF_2025-06-17_G16,10109802LEMOSF,2025-06-17,140922,1,6,0,145.0
10109802LEMOSF_2025-06-17_G17,10109802LEMOSF,2025-06-17,140922,1,6,0,70.0
10109802LEMOSF_2025-06-17_G18,10109802LEMOSF,2025-06-17,117831,1,8,0,111.0
10109802LEMOSF_2025-06-17_G19,10109802LEMOSF,2025-06-17,111466,1,2,0,103.0
10109802LEMOSF_2025-06-17_G20,10109802LEMOSF,2025-06-17,111443,1,4,0,149.0
10109802LEMOSF_2025-06-17_G21,10109802LEMOSF,2025-06-17,108711,1,2,0,78.0
10109802LEMOSF_2025-06-17_G22,10109802LEMOSF,2025-06-17,111469,1,4,0,93.0
10109802LEMOSF_2025-06-17_G23,10109802LEMOSF,2025-06-17,117821,1,2,0,138.0
10109802LEMOSF_2025-06-17_G24,10109802LEMOSF,2025-06-17,111418,1,2,0,66.0
10109802LEMOSF_2025-06-17_G25,10109802LEMOSF,2025-06-17,118140,1,2,0,90.0
10109802LEMOSF_2025-06-17_G26,10109802LEMOSF,2025-06-17,118140,1,4,0,55.0
10109802LEMOSF_2025-06-17_G27,10109802LEMOSF,2025-06-17,111330,1,2,0,163.0
10109802LEMOSF_2025-06-17_G28,10109802LEMOSF,2025-06-17,111438,1,8,0,2611.0
10109802LEMOSF_2025-06-17_G29,10109802LEMOSF,2025-06-17,117862,1,2,0,550.0
10109802LEMOSF_2025-06-17_G30,10109802LEMOSF,2025-06-17,117861,1,4,0,372.0
10109802LEMOSF_2025-06-17_G31,10109802LEMOSF,2025-06-17,111530,1,2,0,96.0
10109802LEMOSF_2025-06-17_G32,10109802LEMOSF,2025-06-17,111463,1,7,0,216.0
10109802LEMOSF_2025-06-17_G33,10109802LEMOSF,2025-06-17,111444,1,2,0,109.0
10109802LEMOSF_2025-06-17_G34,10109802LEMOSF,2025-06-17,110787,1,1,0,94.0
10109802LEMOSF_2025-06-17_G35,10109802LEMOSF,2025-06-17,118140,1,1,0,48.0
10109802LEMOSF_2025-06-17_G36,10109802LEMOSF,2025-06-17,117832,1,2,0,128.0
10109802LEMOSF_2025-06-17_G37,10109802LEMOSF,2025-06-17,110372,1,4,0,139.0
10109802LEMOSF_2025-06-17_G38,10109802LEMOSF,2025-06-17,110747,1,2,0,1340.0
10109802LEMOSF_2025-06-17_G39,10109802LEMOSF,2025-06-17,111602,1,4,0,150.0
10109802LEMOSF_2025-06-17_G40,10109802LEMOSF,2025-06-17,111469,1,2,0,115.0
10109802LEMOSF_2025-06-17_G41,10109802LEMOSF,2025-06-17,141823,1,3,0,77.0
10109802LEMOSF_2025-06-17_G42,10109802LEMOSF,2025-06-17,141823,1,3,0,51.0
10109802LEMOSF_2025-06-17_G43,10109802LEMOSF,2025-06-17,118299,1,40,0,208.0
10109802LEMOSF_2025-06-17_G44,10109802LEMOSF,2025-06-17,110754,1,8,0,768.0
10109802LEMOSF_2025-06-17_G45,10109802LEMOSF,2025-06-17,111850,1,3,0,73.0
10109802LEMOSF_2025-06-17_G46,10109802LEMOSF,2025-06-17,110515,1,1,0,65.0
10109802LEMOSF_2025-06-17_G47,10109802LEMOSF,2025-06-17,108772,1,2,0,125.0
10109802LEMOSF_2025-06-17_G48,10109802LEMOSF,2025-06-17,117785,1,8,0,142.0
10109802LEMOSF_2025-06-17_G49,10109802LEMOSF,2025-06-17,111463,1,2,0,95.0
10109802LEMOSF_2025-06-17_G50,10109802LEMOSF,2025-06-17,111468,1,11,0,130.0
10109802LEMOSF_2025-06-17_G51,10109802LEMOSF,2025-06-17,117831,1,4,0,71.0
10109802LEMOSF_2025-06-17_G52,10109802LEMOSF,2025-06-17,111466,1,12,0,101.0
10109802LEMOSF_2025-06-17_G53,10109802LEMOSF,2025-06-17,108711,1,8,0,117.0
10109802LEMOSF_2025-06-17_G55,10109802LEMOSF,2025-06-17,160053,1,8,0,316.0
10109802LEMOSF_2025-06-17_G56,10109802LEMOSF,2025-06-17,117785,1,40,0,1636.0
10109802LEMOSF_2025-06-17_G57,10109802LEMOSF,2025-06-17,110743,1,8,0,130.0
10109802LEMOSF_2025-06-17_G58,10109802LEMOSF,2025-06-17,116241,1,5,0,560.0
10109802LEMOSF_2025-06-17_G59,10109802LEMOSF,2025-06-17,116241,1,10,0,152.0
10109802LEMOSF_2025-06-17_G60,10109802LEMOSF,2025-06-17,108794,1,12,0,183.0
10109802LEMOSF_2025-06-17_G61,10109802LEMOSF,2025-06-17,117838,1,16,0,257.0
10109802LEMOSF_2025-06-17_G62,10109802LEMOSF,2025-06-17,140922,1,45,0,238.0
10109802LEMOSF_2025-06-17_G63,10109802LEMOSF,2025-06-17,110745,1,33,0,429.0
10109802LEMOSF_2025-06-17_G64,10109802LEMOSF,2025-06-17,117841,1,40,0,331.0
10109802LEMOSF_2025-06-17_G65,10109802LEMOSF,2025-06-17,111431,1,20,0,709.0
10109802LEMOSF_2025-06-17_G66,10109802LEMOSF,2025-06-17,111418,1,100,0,2301.0
10109802LEMOSF_2025-06-17_G67,10109802LEMOSF,2025-06-17,111435,1,20,0,460.0
10109802LEMOSF_2025-06-18_G02,10109802LEMOSF,2025-06-18,111441,1,37,0,688.0
10109802LEMOSF_2025-06-18_G03,10109802LEMOSF,2025-06-18,110895,1,56,0,280.0
10109802LEMOSF_2025-06-18_G04,10109802LEMOSF,2025-06-18,111441,1,313,0,3414.0
10109802LEMOSF_2025-06-18_G05,10109802LEMOSF,2025-06-18,111441,1,63,0,401.0
10109802LEMOSF_2025-06-18_G06,10109802LEMOSF,2025-06-18,111443,1,100,0,409.0
10109802LEMOSF_2025-06-18_G07,10109802LEMOSF,2025-06-18,111443,1,68,0,317.0
10109802LEMOSF_2025-06-18_G08,10109802LEMOSF,2025-06-18,109647,1,1,0,688.0
10109802LEMOSF_2025-06-18_G09,10109802LEMOSF,2025-06-18,117854,1,6,0,1605.0
10109802LEMOSF_2025-06-18_G10,10109802LEMOSF,2025-06-18,110339,1,8,0,102.0
10109802LEMOSF_2025-06-18_G11,10109802LEMOSF,2025-06-18,117786,1,5,0,85.0
10109802LEMOSF_2025-06-18_G12,10109802LEMOSF,2025-06-18,109640,1,6,0,106.0
10109802LEMOSF_2025-06-18_G13,10109802LEMOSF,2025-06-18,109640,1,6,0,80.0
10109802LEMOSF_2025-06-18_G14,10109802LEMOSF,2025-06-18,110515,1,12,0,162.0
10109802LEMOSF_2025-06-18_G15,10109802LEMOSF,2025-06-18,117837,1,4,0,112.0
10109802LEMOSF_2025-06-18_G16,10109802LEMOSF,2025-06-18,117862,1,6,0,323.0
10109802LEMOSF_2025-06-18_G17,10109802LEMOSF,2025-06-18,117855,1,4,0,98.0
10109802LEMOSF_2025-06-18_G18,10109802LEMOSF,2025-06-18,110752,1,2,0,81.0
10109802LEMOSF_2025-06-18_G19,10109802LEMOSF,2025-06-18,108361,1,1,0,137.0
10109802LEMOSF_2025-06-18_G20,10109802LEMOSF,2025-06-18,110733,1,2,0,91.0
10109802LEMOSF_2025-06-18_G21,10109802LEMOSF,2025-06-18,111602,1,2,0,106.0
10109802LEMOSF_2025-06-18_G22,10109802LEMOSF,2025-06-18,111530,1,4,0,77.0
10109802LEMOSF_2025-06-18_G24,10109802LEMOSF,2025-06-18,111738,1,10,0,582.0
10109802LEMOSF_2025-06-18_G25,10109802LEMOSF,2025-06-18,141262,1,10,0,221.0
10109802LEMOSF_2025-06-18_G26,10109802LEMOSF,2025-06-18,111634,1,10,0,273.0
10109802LEMOSF_2025-06-18_G27,10109802LEMOSF,2025-06-18,111740,1,8,0,151.0
10109802LEMOSF_2025-06-18_G28,10109802LEMOSF,2025-06-18,111751,1,8,0,226.0
10109802LEMOSF_2025-06-18_G29,10109802LEMOSF,2025-06-18,141261,1,12,0,210.0
10109802LEMOSF_2025-06-18_G30,10109802LEMOSF,2025-06-18,111722,1,20,0,317.0
10109802LEMOSF_2025-06-18_G31,10109802LEMOSF,2025-06-18,111752,1,4,0,3048.0
10109802LEMOSF_2025-06-18_G32,10109802LEMOSF,2025-06-18,111723,1,35,0,259.0
10109802LEMOSF_2025-06-18_G33,10109802LEMOSF,2025-06-18,111737,1,11,0,859.0
10109802LEMOSF_2025-06-18_G34,10109802LEMOSF,2025-06-18,111742,1,1,0,569.0
10109802LEMOSF_2025-06-18_G35,10109802LEMOSF,2025-06-18,111757,1,36,0,667.0
10109802LEMOSF_2025-06-18_G36,10109802LEMOSF,2025-06-18,111738,1,20,0,363.0
10109802LEMOSF_2025-06-18_G37,10109802LEMOSF,2025-06-18,110787,1,5,0,583.0
10109802LEMOSF_2025-06-18_G38,10109802LEMOSF,2025-06-18,111755,1,50,0,1197.0
10109802LEMOSF_2025-06-18_G39,10109802LEMOSF,2025-06-18,111634,1,100,0,498.0
10109802LEMOSF_2025-06-18_G40,10109802LEMOSF,2025-06-18,141262,1,50,0,383.0
10109802LEMOSF_2025-06-20_G02,10109802LEMOSF,2025-06-20,110372,1,20,0,332.0
10109802LEMOSF_2025-06-20_G03,10109802LEMOSF,2025-06-20,111468,1,2,0,152.0
10109802LEMOSF_2025-06-20_G04,10109802LEMOSF,2025-06-20,117833,1,4,0,616.0
10109802LEMOSF_2025-06-20_G05,10109802LEMOSF,2025-06-20,111793,1,2,0,563.0
10109802LEMOSF_2025-06-20_G06,10109802LEMOSF,2025-06-20,111466,1,19,0,1086.0
10109802LEMOSF_2025-06-20_G07,10109802LEMOSF,2025-06-20,117831,1,20,0,226.0
10109802LEMOSF_2025-06-20_G08,10109802LEMOSF,2025-06-20,108798,1,20,0,194.0
10109802LEMOSF_2025-06-20_G09,10109802LEMOSF,2025-06-20,111469,1,20,0,266.0
10109802LEMOSF_2025-06-20_G10,10109802LEMOSF,2025-06-20,111462,1,20,0,471.0
10109802LEMOSF_2025-06-20_G11,10109802LEMOSF,2025-06-20,110740,1,7,0,189.0
10109802LEMOSF_2025-06-20_G12,10109802LEMOSF,2025-06-20,110787,1,22,0,1281.0
10109802LEMOSF_2025-06-20_G13,10109802LEMOSF,2025-06-20,110787,1,50,0,409.0
10109802LEMOSF_2025-06-20_G14,10109802LEMOSF,2025-06-20,110740,1,14,0,353.0
10109802LEMOSF_2025-06-20_G15,10109802LEMOSF,2025-06-20,107830,1,16,0,205.0
10109802LEMOSF_2025-06-20_G16,10109802LEMOSF,2025-06-20,107830,1,12,0,150.0
10109802LEMOSF_2025-06-20_G18,10109802LEMOSF,2025-06-20,111532,1,12,0,408.0
10109802LEMOSF_2025-06-20_G19,10109802LEMOSF,2025-06-20,117935,1,2,0,304.0
10109802LEMOSF_2025-06-20_G20,10109802LEMOSF,2025-06-20,107830,1,2,0,62.0
10109802LEMOSF_2025-06-20_G21,10109802LEMOSF,2025-06-20,110740,1,4,0,105.0
10109802LEMOSF_2025-06-20_G22,10109802LEMOSF,2025-06-20,110372,1,8,0,178.0
10109802LEMOSF_2025-06-20_G24,10109802LEMOSF,2025-06-20,110751,1,4,0,82.0
10109802LEMOSF_2025-06-20_G25,10109802LEMOSF,2025-06-20,111463,1,20,0,159.0
10109802LEMOSF_2025-06-20_G26,10109802LEMOSF,2025-06-20,140922,1,20,0,387.0
10109802LEMOSF_2025-06-20_G27,10109802LEMOSF,2025-06-20,110745,1,6,0,133.0
10109802LEMOSF_2025-06-20_G28,10109802LEMOSF,2025-06-20,117831,1,20,0,322.0
10109802LEMOSF_2025-06-20_G29,10109802LEMOSF,2025-06-20,108711,1,20,0,233.0
10109802LEMOSF_2025-06-20_G30,10109802LEMOSF,2025-06-20,110740,1,6,0,1274.0
10109802LEMOSF_2025-06-20_G31,10109802LEMOSF,2025-06-20,110740,1,6,0,71.0
10109802LEMOSF_2025-06-20_G32,10109802LEMOSF,2025-06-20,111444,1,6,0,225.0
10109802LEMOSF_2025-06-20_G33,10109802LEMOSF,2025-06-20,111418,1,30,0,973.0
10109802LEMOSF_2025-06-20_G34,10109802LEMOSF,2025-06-20,118140,1,34,0,472.0
10109802LEMOSF_2025-06-20_G35,10109802LEMOSF,2025-06-20,111182,1,12,0,1689.0
10109802LEMOSF_2025-06-20_G36,10109802LEMOSF,2025-06-20,110745,1,12,0,119.0
10109802LEMOSF_2025-06-20_G37,10109802LEMOSF,2025-06-20,111462,1,30,0,374.0
10109802LEMOSF_2025-06-20_G38,10109802LEMOSF,2025-06-20,111348,1,5,0,155.0
10109802LEMOSF_2025-06-20_G39,10109802LEMOSF,2025-06-20,111465,1,60,0,356.0
10109802LEMOSF_2025-06-20_G40,10109802LEMOSF,2025-06-20,110374,1,8,0,206.0
10109802LEMOSF_2025-06-20_G41,10109802LEMOSF,2025-06-20,110372,1,24,0,1187.0
10109802LEMOSF_2025-06-20_G42,10109802LEMOSF,2025-06-20,110747,1,20,0,326.0
10109802LEMOSF_2025-06-20_G43,10109802LEMOSF,2025-06-20,108759,1,16,0,708.0
10109802LEMOSF_2025-06-21_G02,10109802LEMOSF,2025-06-21,117833,1,12,0,133.0
10109802LEMOSF_2025-06-21_G03,10109802LEMOSF,2025-06-21,109645,1,2,0,110.0
10109802LEMOSF_2025-06-21_G04,10109802LEMOSF,2025-06-21,110787,1,2,0,151.0
10109802LEMOSF_2025-06-21_G05,10109802LEMOSF,2025-06-21,110787,1,19,0,170.0
10109802LEMOSF_2025-06-21_G06,10109802LEMOSF,2025-06-21,111761,1,19,0,1016.0
10109802LEMOSF_2025-06-21_G08,10109802LEMOSF,2025-06-21,111722,1,287,0,893.0
10109802LEMOSF_2025-06-21_G09,10109802LEMOSF,2025-06-21,110374,1,5,0,87.0
10109802LEMOSF_2025-06-21_G10,10109802LEMOSF,2025-06-21,117822,1,6,0,318.0
10109802LEMOSF_2025-06-21_G11,10109802LEMOSF,2025-06-21,110372,1,45,0,391.0
10109802LEMOSF_2025-06-21_G12,10109802LEMOSF,2025-06-21,141202,1,8,0,177.0
10109802LEMOSF_2025-06-21_G13,10109802LEMOSF,2025-06-21,117809,1,13,0,152.0
10109802LEMOSF_2025-06-21_G14,10109802LEMOSF,2025-06-21,110371,1,39,0,359.0
10109802LEMOSF_2025-06-21_G15,10109802LEMOSF,2025-06-21,117935,1,2,0,591.0
10109802LEMOSF_2025-06-21_G16,10109802LEMOSF,2025-06-21,110733,1,2,0,77.0
10109802LEMOSF_2025-06-21_G17,10109802LEMOSF,2025-06-21,110711,1,2,0,82.0
10109802LEMOSF_2025-06-21_G18,10109802LEMOSF,2025-06-21,111752,1,9,0,217.0
10109802LEMOSF_2025-06-21_G19,10109802LEMOSF,2025-06-21,111752,1,1,0,59.0
10109802LEMOSF_2025-06-21_G20,10109802LEMOSF,2025-06-21,117862,1,13,0,165.0
10109802LEMOSF_2025-06-21_G21,10109802LEMOSF,2025-06-21,110515,1,9,0,143.0
10109802LEMOSF_2025-06-21_G22,10109802LEMOSF,2025-06-21,110515,1,2,0,45.0
10109802LEMOSF_2025-06-21_G23,10109802LEMOSF,2025-06-21,111467,1,2,0,101.0
10109802LEMOSF_2025-06-21_G24,10109802LEMOSF,2025-06-21,108711,1,3,0,657.0
10109802LEMOSF_2025-06-21_G25,10109802LEMOSF,2025-06-21,110743,1,10,0,180.0
10109802LEMOSF_2025-06-21_G26,10109802LEMOSF,2025-06-21,111743,1,17,0,248.0
10109802LEMOSF_2025-06-21_G27,10109802LEMOSF,2025-06-21,105705,1,6,0,97.0
10109802LEMOSF_2025-06-21_G28,10109802LEMOSF,2025-06-21,108794,1,20,0,140.0
10109802LEMOSF_2025-06-21_G29,10109802LEMOSF,2025-06-21,111463,1,10,0,85.0
10109802LEMOSF_2025-06-21_G30,10109802LEMOSF,2025-06-21,140922,1,11,0,285.0
10109802LEMOSF_2025-06-21_G31,10109802LEMOSF,2025-06-21,111172,1,11,0,1425.0
10109802LEMOSF_2025-06-21_G32,10109802LEMOSF,2025-06-21,117833,1,35,0,251.0
10109802LEMOSF_2025-06-21_G33,10109802LEMOSF,2025-06-21,111532,1,9,0,100.0
10109802LEMOSF_2025-06-21_G34,10109802LEMOSF,2025-06-21,109641,1,6,0,92.0
10109802LEMOSF_2025-06-21_G35,10109802LEMOSF,2025-06-21,109645,1,6,0,109.0
10109802LEMOSF_2025-06-21_G36,10109802LEMOSF,2025-06-21,111418,1,19,0,342.0
10109802LEMOSF_2025-06-21_G37,10109802LEMOSF,2025-06-21,110787,1,5,0,67.0
10109802LEMOSF_2025-06-21_G38,10109802LEMOSF,2025-06-21,118140,1,20,0,171.0
10109802LEMOSF_2025-06-21_G39,10109802LEMOSF,2025-06-21,110787,1,3,0,65.0
10109802LEMOSF_2025-06-21_G40,10109802LEMOSF,2025-06-21,110372,1,10,0,846.0
10109802LEMOSF_2025-06-21_G41,10109802LEMOSF,2025-06-21,110373,1,7,0,231.0
10109802LEMOSF_2025-06-21_G42,10109802LEMOSF,2025-06-21,110372,1,1,0,78.0
10109802LEMOSF_2025-06-21_G43,10109802LEMOSF,2025-06-21,110373,1,14,0,279.0
10109802LEMOSF_2025-06-21_G44,10109802LEMOSF,2025-06-21,110373,1,7,0,122.0
10109802LEMOSF_2025-06-21_G45,10109802LEMOSF,2025-06-21,110372,1,10,0,170.0
10109802LEMOSF_2025-06-21_G46,10109802LEMOSF,2025-06-21,111441,1,12,0,565.0
10109802LEMOSF_2025-06-21_G47,10109802LEMOSF,2025-06-21,108795,1,4,0,181.0
10109802LEMOSF_2025-06-21_G48,10109802LEMOSF,2025-06-21,110895,1,2,0,143.0
10109802LEMOSF_2025-06-21_G49,10109802LEMOSF,2025-06-21,110372,1,7,0,217.0
10109802LEMOSF_2025-06-21_G50,10109802LEMOSF,2025-06-21,110373,1,1,0,231.0
10109802LEMOSF_2025-06-21_G51,10109802LEMOSF,2025-06-21,107830,1,1,0,75.0
10109802LEMOSF_2025-06-21_G52,10109802LEMOSF,2025-06-21,110372,1,15,0,369.0
10109802LEMOSF_2025-06-21_G53,10109802LEMOSF,2025-06-21,117935,1,11,0,244.0
10109802LEMOSF_2025-06-21_G54,10109802LEMOSF,2025-06-21,110373,1,10,0,477.0
10109802LEMOSF_2025-06-21_G55,10109802LEMOSF,2025-06-21,110372,1,7,0,253.0
10109802LEMOSF_2025-06-21_G56,10109802LEMOSF,2025-06-21,110372,1,5,0,593.0
10109802LEMOSF_2025-06-21_G57,10109802LEMOSF,2025-06-21,110373,1,1,0,130.0
10109802LEMOSF_2025-06-21_G58,10109802LEMOSF,2025-06-21,110372,1,11,0,127.0
10109802LEMOSF_2025-06-23_G02,10109802LEMOSF,2025-06-23,111438,1,13,0,289.0
10109802LEMOSF_2025-06-23_G03,10109802LEMOSF,2025-06-23,117862,1,6,0,285.0
10109802LEMOSF_2025-06-23_G04,10109802LEMOSF,2025-06-23,117808,1,23,0,400.0
10109802LEMOSF_2025-06-23_G06,10109802LEMOSF,2025-06-23,110129,1,10,0,101.0
10109802LEMOSF_2025-06-23_G07,10109802LEMOSF,2025-06-23,110129,1,20,0,115.0
10109802LEMOSF_2025-06-23_G08,10109802LEMOSF,2025-06-23,110743,1,4,0,436.0
10109802LEMOSF_2025-06-23_G09,10109802LEMOSF,2025-06-23,110743,1,10,0,287.0
10109802LEMOSF_2025-06-23_G10,10109802LEMOSF,2025-06-23,108794,1,20,0,355.0
10109802LEMOSF_2025-06-23_G11,10109802LEMOSF,2025-06-23,108794,1,10,0,172.0
10109802LEMOSF_2025-06-23_G12,10109802LEMOSF,2025-06-23,111463,1,100,0,279.0
10109802LEMOSF_2025-06-23_G13,10109802LEMOSF,2025-06-23,111466,1,80,0,381.0
10109802LEMOSF_2025-06-23_G14,10109802LEMOSF,2025-06-23,117833,1,20,0,583.0
10109802LEMOSF_2025-06-23_G15,10109802LEMOSF,2025-06-23,111463,1,110,0,2212.0
10109802LEMOSF_2025-06-23_G16,10109802LEMOSF,2025-06-23,108711,1,20,0,285.0
10109802LEMOSF_2025-06-23_G17,10109802LEMOSF,2025-06-23,117787,1,10,0,185.0
10109802LEMOSF_2025-06-23_G18,10109802LEMOSF,2025-06-23,118140,1,80,0,142.0
10109802LEMOSF_2025-06-23_G19,10109802LEMOSF,2025-06-23,111468,1,30,0,284.0
10109802LEMOSF_2025-06-23_G20,10109802LEMOSF,2025-06-23,111330,1,6,0,304.0
10109802LEMOSF_2025-06-24_G02,10109802LEMOSF,2025-06-24,110373,1,400,0,1939.0
10109802LEMOSF_2025-06-24_G03,10109802LEMOSF,2025-06-24,117820,1,155,0,725.0
10109802LEMOSF_2025-06-24_G04,10109802LEMOSF,2025-06-24,110325,1,60,0,812.0
10109802LEMOSF_2025-06-24_G05,10109802LEMOSF,2025-06-24,110733,1,20,0,342.0
10109802LEMOSF_2025-06-24_G06,10109802LEMOSF,2025-06-24,111348,1,8,0,1649.0
10109802LEMOSF_2025-06-24_G07,10109802LEMOSF,2025-06-24,111348,1,8,0,337.0
10109802LEMOSF_2025-06-24_G08,10109802LEMOSF,2025-06-24,109640,1,4,0,205.0
10109802LEMOSF_2025-06-24_G09,10109802LEMOSF,2025-06-24,111348,1,36,0,570.0
10109802LEMOSF_2025-06-24_G10,10109802LEMOSF,2025-06-24,111348,1,2,0,74.0
10109802LEMOSF_2025-06-24_G11,10109802LEMOSF,2025-06-24,111348,1,2,0,59.0
10109802LEMOSF_2025-06-24_G12,10109802LEMOSF,2025-06-24,110787,1,2,0,384.0
10109802LEMOSF_2025-06-24_G13,10109802LEMOSF,2025-06-24,110741,1,2,0,199.0
10109802LEMOSF_2025-06-24_G14,10109802LEMOSF,2025-06-24,111348,1,2,0,127.0
10109802LEMOSF_2025-06-24_G15,10109802LEMOSF,2025-06-24,110787,1,7,0,154.0
10109802LEMOSF_2025-06-24_G16,10109802LEMOSF,2025-06-24,117820,1,3,0,195.0
10109802LEMOSF_2025-06-24_G17,10109802LEMOSF,2025-06-24,111466,1,6,0,561.0
10109802LEMOSF_2025-06-24_G18,10109802LEMOSF,2025-06-24,111172,1,4,0,94.0
10109802LEMOSF_2025-06-24_G19,10109802LEMOSF,2025-06-24,110740,1,4,0,207.0
10109802LEMOSF_2025-06-24_G20,10109802LEMOSF,2025-06-24,117821,1,4,0,140.0
10109802LEMOSF_2025-06-24_G21,10109802LEMOSF,2025-06-24,111442,1,2,0,89.0
10109802LEMOSF_2025-06-24_G22,10109802LEMOSF,2025-06-24,110339,1,1,0,185.0
10109802LEMOSF_2025-06-24_G23,10109802LEMOSF,2025-06-24,111430,1,4,0,111.0
10109802LEMOSF_2025-06-24_G24,10109802LEMOSF,2025-06-24,111441,1,4,0,158.0
10109802LEMOSF_2025-06-24_G25,10109802LEMOSF,2025-06-24,111348,1,3,0,217.0
10109802LEMOSF_2025-06-24_G26,10109802LEMOSF,2025-06-24,110895,1,2,0,1178.0
10109802LEMOSF_2025-06-24_G27,10109802LEMOSF,2025-06-24,118222,1,4,0,132.0
10109802LEMOSF_2025-06-24_G29,10109802LEMOSF,2025-06-24,117832,1,1,0,120.0
10109802LEMOSF_2025-06-24_G30,10109802LEMOSF,2025-06-24,110372,1,24,0,314.0
10109802LEMOSF_2025-06-24_G31,10109802LEMOSF,2025-06-24,110741,1,4,0,137.0
10109802LEMOSF_2025-06-24_G32,10109802LEMOSF,2025-06-24,110515,1,4,0,173.0
10109802LEMOSF_2025-06-24_G33,10109802LEMOSF,2025-06-24,117855,1,4,0,143.0
10109802LEMOSF_2025-06-24_G34,10109802LEMOSF,2025-06-24,111530,1,1,0,109.0
10109802LEMOSF_2025-06-24_G35,10109802LEMOSF,2025-06-24,117935,1,2,0,121.0
10109802LEMOSF_2025-06-24_G36,10109802LEMOSF,2025-06-24,117821,1,2,0,103.0
10109802LEMOSF_2025-06-24_G37,10109802LEMOSF,2025-06-24,141823,1,3,0,76.0
10109802LEMOSF_2025-06-24_G38,10109802LEMOSF,2025-06-24,110372,1,100,0,2841.0
10109802LEMOSF_2025-06-24_G39,10109802LEMOSF,2025-06-24,118191,1,716,0,2265.0
10109802LEMOSF_2025-06-24_G40,10109802LEMOSF,2025-06-24,111722,1,119,0,335.0
10109802LEMOSF_2025-06-24_G41,10109802LEMOSF,2025-06-24,117808,1,98,0,545.0
10109802LEMOSF_2025-06-24_G42,10109802LEMOSF,2025-06-24,110515,1,4,0,1514.0
10109802LEMOSF_2025-06-24_G43,10109802LEMOSF,2025-06-24,110733,1,8,0,112.0
10109802LEMOSF_2025-06-24_G44,10109802LEMOSF,2025-06-24,111602,1,4,0,64.0
10109802LEMOSF_2025-06-24_G45,10109802LEMOSF,2025-06-24,118299,1,200,0,357.0
10109802LEMOSF_2025-06-25_G02,10109802LEMOSF,2025-06-25,111469,1,5,0,403.0
10109802LEMOSF_2025-06-25_G03,10109802LEMOSF,2025-06-25,111441,1,4,0,178.0
10109802LEMOSF_2025-06-25_G04,10109802LEMOSF,2025-06-25,111469,1,8,0,146.0
10109802LEMOSF_2025-06-25_G05,10109802LEMOSF,2025-06-25,111469,1,20,0,208.0
10109802LEMOSF_2025-06-25_G06,10109802LEMOSF,2025-06-25,111743,1,4,0,2021.0
10109802LEMOSF_2025-06-25_G07,10109802LEMOSF,2025-06-25,111466,1,6,0,169.0
10109802LEMOSF_2025-06-25_G08,10109802LEMOSF,2025-06-25,111532,1,4,0,110.0
10109802LEMOSF_2025-06-25_G09,10109802LEMOSF,2025-06-25,110787,1,2,0,192.0
10109802LEMOSF_2025-06-25_G10,10109802LEMOSF,2025-06-25,111418,1,10,0,136.0
10109802LEMOSF_2025-06-25_G11,10109802LEMOSF,2025-06-25,111467,1,4,0,144.0
10109802LEMOSF_2025-06-25_G12,10109802LEMOSF,2025-06-25,118222,1,8,0,575.0
10109802LEMOSF_2025-06-25_G13,10109802LEMOSF,2025-06-25,111743,1,4,0,199.0
10109802LEMOSF_2025-06-25_G14,10109802LEMOSF,2025-06-25,118222,1,4,0,205.0
10109802LEMOSF_2025-06-25_G15,10109802LEMOSF,2025-06-25,111465,1,24,0,1839.0
10109802LEMOSF_2025-06-25_G16,10109802LEMOSF,2025-06-25,111348,1,7,0,535.0
10109802LEMOSF_2025-06-25_G17,10109802LEMOSF,2025-06-25,110743,1,30,0,2350.0
10109802LEMOSF_2025-06-25_G18,10109802LEMOSF,2025-06-25,108759,1,6,0,277.0
10109802LEMOSF_2025-06-25_G19,10109802LEMOSF,2025-06-25,117834,1,17,0,699.0
10109802LEMOSF_2025-06-25_G20,10109802LEMOSF,2025-06-25,111348,1,50,0,391.0
10109802LEMOSF_2025-06-25_G22,10109802LEMOSF,2025-06-25,110711,1,2,0,37.0
10109802LEMOSF_2025-06-25_G23,10109802LEMOSF,2025-06-25,110515,1,4,0,234.0
10109802LEMOSF_2025-06-25_G24,10109802LEMOSF,2025-06-25,117861,1,4,0,95.0
10109802LEMOSF_2025-06-25_G25,10109802LEMOSF,2025-06-25,110313,1,8,0,200.0
10109802LEMOSF_2025-06-25_G26,10109802LEMOSF,2025-06-25,111602,1,2,0,116.0
10109802LEMOSF_2025-06-25_G27,10109802LEMOSF,2025-06-25,111469,1,4,0,147.0
10109802LEMOSF_2025-06-25_G28,10109802LEMOSF,2025-06-25,110787,1,2,0,100.0
10109802LEMOSF_2025-06-25_G29,10109802LEMOSF,2025-06-25,117787,1,2,0,66.0
10109802LEMOSF_2025-06-25_G30,10109802LEMOSF,2025-06-25,111418,1,1,0,78.0
10109802LEMOSF_2025-06-25_G31,10109802LEMOSF,2025-06-25,108711,1,4,0,129.0
10109802LEMOSF_2025-06-25_G32,10109802LEMOSF,2025-06-25,140922,1,4,0,71.0
10109802LEMOSF_2025-06-25_G33,10109802LEMOSF,2025-06-25,111466,1,2,0,80.0
10109802LEMOSF_2025-06-25_G34,10109802LEMOSF,2025-06-25,117808,1,4,0,187.0
10109802LEMOSF_2025-06-25_G35,10109802LEMOSF,2025-06-25,110373,1,2,0,137.0
10109802LEMOSF_2025-06-25_G36,10109802LEMOSF,2025-06-25,111655,1,2,0,210.0
10109802LEMOSF_2025-06-25_G37,10109802LEMOSF,2025-06-25,117854,1,2,0,186.0
10109802LEMOSF_2025-06-25_G38,10109802LEMOSF,2025-06-25,111602,1,6,0,114.0
10109802LEMOSF_2025-06-26_G02,10109802LEMOSF,2025-06-26,111467,1,4,0,165.0
10109802LEMOSF_2025-06-26_G03,10109802LEMOSF,2025-06-26,117808,1,1,0,383.0
10109802LEMOSF_2025-06-26_G04,10109802LEMOSF,2025-06-26,117832,1,3,0,110.0
10109802LEMOSF_2025-06-26_G05,10109802LEMOSF,2025-06-26,118299,1,2,0,161.0
10109802LEMOSF_2025-06-26_G06,10109802LEMOSF,2025-06-26,117785,1,1,0,113.0
10109802LEMOSF_2025-06-26_G07,10109802LEMOSF,2025-06-26,118140,1,2,0,226.0
10109802LEMOSF_2025-06-26_G08,10109802LEMOSF,2025-06-26,111467,1,3,0,176.0
10109802LEMOSF_2025-06-26_G09,10109802LEMOSF,2025-06-26,111602,1,4,0,123.0
10109802LEMOSF_2025-06-26_G10,10109802LEMOSF,2025-06-26,111430,1,1,0,125.0
10109802LEMOSF_2025-06-26_G11,10109802LEMOSF,2025-06-26,100334,1,2,0,76.0
10109802LEMOSF_2025-06-26_G12,10109802LEMOSF,2025-06-26,111462,1,2,0,193.0
10109802LEMOSF_2025-06-26_G13,10109802LEMOSF,2025-06-26,111876,1,4,0,288.0
10109802LEMOSF_2025-06-26_G14,10109802LEMOSF,2025-06-26,109643,1,2,0,151.0
10109802LEMOSF_2025-06-26_G15,10109802LEMOSF,2025-06-26,106179,1,2,0,254.0
10109802LEMOSF_2025-06-26_G16,10109802LEMOSF,2025-06-26,118290,1,1,0,342.0
10109802LEMOSF_2025-06-26_G18,10109802LEMOSF,2025-06-26,108794,1,6,0,65.0
10109802LEMOSF_2025-06-26_G19,10109802LEMOSF,2025-06-26,111463,1,10,0,131.0
10109802LEMOSF_2025-06-26_G20,10109802LEMOSF,2025-06-26,117831,1,6,0,156.0
10109802LEMOSF_2025-06-26_G21,10109802LEMOSF,2025-06-26,111462,1,10,0,136.0
10109802LEMOSF_2025-06-26_G22,10109802LEMOSF,2025-06-26,118223,1,10,0,227.0
10109802LEMOSF_2025-06-26_G23,10109802LEMOSF,2025-06-26,117830,1,5,0,1846.0
10109802LEMOSF_2025-06-26_G24,10109802LEMOSF,2025-06-26,110373,1,50,0,387.0
10109802LEMOSF_2025-06-26_G25,10109802LEMOSF,2025-06-26,110375,1,10,0,111.0
10109802LEMOSF_2025-06-26_G27,10109802LEMOSF,2025-06-26,117786,1,35,0,664.0
10109802LEMOSF_2025-06-26_G28,10109802LEMOSF,2025-06-26,109640,1,32,0,503.0
10109802LEMOSF_2025-06-26_G30,10109802LEMOSF,2025-06-26,117862,1,4,0,52.0
10109802LEMOSF_2025-06-26_G31,10109802LEMOSF,2025-06-26,110711,1,5,0,142.0
10109802LEMOSF_2025-06-26_G32,10109802LEMOSF,2025-06-26,110313,1,4,0,119.0
10109802LEMOSF_2025-06-26_G33,10109802LEMOSF,2025-06-26,109647,1,4,0,206.0
10109802LEMOSF_2025-06-26_G34,10109802LEMOSF,2025-06-26,160054,1,2,0,504.0
10109802LEMOSF_2025-06-26_G35,10109802LEMOSF,2025-06-26,117830,1,40,0,383.0
10109802LEMOSF_2025-06-27_G02,10109802LEMOSF,2025-06-27,118283,1,4,0,159.0
10109802LEMOSF_2025-06-27_G03,10109802LEMOSF,2025-06-27,118222,1,12,0,403.0
10109802LEMOSF_2025-06-27_G04,10109802LEMOSF,2025-06-27,109640,1,26,0,378.0
10109802LEMOSF_2025-06-27_G05,10109802LEMOSF,2025-06-27,111530,1,6,0,125.0
10109802LEMOSF_2025-06-27_G06,10109802LEMOSF,2025-06-27,105705,1,6,0,324.0
10109802LEMOSF_2025-06-27_G07,10109802LEMOSF,2025-06-27,117808,1,30,0,140.0
10109802LEMOSF_2025-06-27_G08,10109802LEMOSF,2025-06-27,110372,1,12,0,151.0
10109802LEMOSF_2025-06-27_G09,10109802LEMOSF,2025-06-27,110373,1,4,0,372.0
10109802LEMOSF_2025-06-27_G10,10109802LEMOSF,2025-06-27,109641,1,14,0,279.0
10109802LEMOSF_2025-06-27_G11,10109802LEMOSF,2025-06-27,110373,1,4,0,118.0
10109802LEMOSF_2025-06-27_G12,10109802LEMOSF,2025-06-27,110325,1,60,0,890.0
10109802LEMOSF_2025-06-27_G13,10109802LEMOSF,2025-06-27,117808,1,4,0,171.0
10109802LEMOSF_2025-06-27_G14,10109802LEMOSF,2025-06-27,117820,1,32,0,347.0
10109802LEMOSF_2025-06-27_G15,10109802LEMOSF,2025-06-27,111182,1,4,0,168.0
10109802LEMOSF_2025-06-27_G16,10109802LEMOSF,2025-06-27,109640,1,3,0,2151.0
10109802LEMOSF_2025-06-27_G17,10109802LEMOSF,2025-06-27,110711,1,4,0,73.0
10109802LEMOSF_2025-06-27_G18,10109802LEMOSF,2025-06-27,110755,1,12,0,582.0
10109802LEMOSF_2025-06-27_G19,10109802LEMOSF,2025-06-27,117808,1,30,0,516.0
10109802LEMOSF_2025-06-27_G20,10109802LEMOSF,2025-06-27,109643,1,11,0,118.0
10109802LEMOSF_2025-06-27_G21,10109802LEMOSF,2025-06-27,117838,1,2,0,112.0
10109802LEMOSF_2025-06-27_G22,10109802LEMOSF,2025-06-27,117935,1,8,0,258.0
10109802LEMOSF_2025-06-27_G23,10109802LEMOSF,2025-06-27,118094,1,3,0,182.0
10109802LEMOSF_2025-06-27_G24,10109802LEMOSF,2025-06-27,111876,1,3,0,64.0
10109802LEMOSF_2025-06-27_G25,10109802LEMOSF,2025-06-27,110711,1,5,0,132.0
10109802LEMOSF_2025-06-27_G26,10109802LEMOSF,2025-06-27,111530,1,16,0,361.0
10109802LEMOSF_2025-06-27_G27,10109802LEMOSF,2025-06-27,111602,1,12,0,122.0
10109802LEMOSF_2025-06-27_G28,10109802LEMOSF,2025-06-27,110733,1,4,0,189.0
10109802LEMOSF_2025-06-27_G29,10109802LEMOSF,2025-06-27,108711,1,2,0,660.0
10109802LEMOSF_2025-06-27_G30,10109802LEMOSF,2025-06-27,117855,1,4,0,214.0
10109802LEMOSF_2025-06-27_G31,10109802LEMOSF,2025-06-27,117842,1,4,0,943.0
10109802LEMOSF_2025-06-27_G32,10109802LEMOSF,2025-06-27,111469,1,8,0,100.0
10109802LEMOSF_2025-06-27_G33,10109802LEMOSF,2025-06-27,110895,1,4,0,56.0
10109802LEMOSF_2025-06-27_G34,10109802LEMOSF,2025-06-27,117935,1,3,0,151.0
10109802LEMOSF_2025-06-27_G35,10109802LEMOSF,2025-06-27,117854,1,8,0,179.0
10109802LEMOSF_2025-06-27_G36,10109802LEMOSF,2025-06-27,111467,1,3,0,67.0
10109802LEMOSF_2025-06-27_G38,10109802LEMOSF,2025-06-27,117786,1,4,0,78.0
10109802LEMOSF_2025-06-27_G39,10109802LEMOSF,2025-06-27,110711,1,7,0,152.0
10109802LEMOSF_2025-06-27_G40,10109802LEMOSF,2025-06-27,110733,1,4,0,123.0
10109802LEMOSF_2025-06-27_G41,10109802LEMOSF,2025-06-27,111463,1,8,0,192.0
10109802LEMOSF_2025-06-27_G42,10109802LEMOSF,2025-06-27,111462,1,8,0,147.0
10109802LEMOSF_2025-06-27_G43,10109802LEMOSF,2025-06-27,117821,1,4,0,104.0
10109802LEMOSF_2025-06-27_G44,10109802LEMOSF,2025-06-27,118140,1,12,0,306.0
10109802LEMOSF_2025-06-27_G45,10109802LEMOSF,2025-06-27,111465,1,3,0,49.0
10109802LEMOSF_2025-06-27_G46,10109802LEMOSF,2025-06-27,118299,1,13,0,199.0
10109802LEMOSF_2025-06-27_G47,10109802LEMOSF,2025-06-27,117832,1,1,0,99.0
10109802LEMOSF_2025-06-27_G48,10109802LEMOSF,2025-06-27,110374,1,3,0,87.0
10109802LEMOSF_2025-06-27_G49,10109802LEMOSF,2025-06-27,117820,1,2,0,68.0
10109802LEMOSF_2025-06-27_G50,10109802LEMOSF,2025-06-27,117862,1,8,0,631.0
10109802LEMOSF_2025-06-27_G51,10109802LEMOSF,2025-06-27,117786,1,4,0,85.0
10109802LEMOSF_2025-06-27_G52,10109802LEMOSF,2025-06-27,110733,1,1,0,103.0
10109802LEMOSF_2025-06-27_G53,10109802LEMOSF,2025-06-27,108711,1,6,0,118.0
10109802LEMOSF_2025-06-27_G54,10109802LEMOSF,2025-06-27,117831,1,1,0,86.0
10109802LEMOSF_2025-06-27_G55,10109802LEMOSF,2025-06-27,111462,1,6,0,289.0
10109802LEMOSF_2025-06-27_G56,10109802LEMOSF,2025-06-27,117821,1,3,0,114.0
10109802LEMOSF_2025-06-27_G57,10109802LEMOSF,2025-06-27,111465,1,1,0,61.0
10109802LEMOSF_2025-06-27_G58,10109802LEMOSF,2025-06-27,118299,1,10,0,157.0
10109802LEMOSF_2025-06-27_G59,10109802LEMOSF,2025-06-27,117808,1,23,0,293.0
10109802LEMOSF_2025-06-27_G60,10109802LEMOSF,2025-06-27,110371,1,2,0,94.0
10109802LEMOSF_2025-06-27_G61,10109802LEMOSF,2025-06-27,118140,1,3,0,550.0
10109802LEMOSF_2025-06-27_G62,10109802LEMOSF,2025-06-27,111465,1,1,0,37.0
10109802LEMOSF_2025-06-27_G63,10109802LEMOSF,2025-06-27,118299,1,8,0,193.0
10109802LEMOSF_2025-06-27_G64,10109802LEMOSF,2025-06-27,117832,1,2,0,82.0
10109802LEMOSF_2025-06-27_G65,10109802LEMOSF,2025-06-27,110374,1,8,0,123.0
10109802LEMOSF_2025-06-27_G66,10109802LEMOSF,2025-06-27,110371,1,6,0,69.0
10109802LEMOSF_2025-06-27_G67,10109802LEMOSF,2025-06-27,110711,1,17,0,297.0
10109802LEMOSF_2025-06-27_G68,10109802LEMOSF,2025-06-27,118281,1,4,0,645.0
10109802LEMOSF_2025-06-27_G69,10109802LEMOSF,2025-06-27,118281,1,4,0,39.0
10109802LEMOSF_2025-06-27_G70,10109802LEMOSF,2025-06-27,111463,1,3,0,463.0
10109802LEMOSF_2025-06-27_G71,10109802LEMOSF,2025-06-27,111466,1,3,0,240.0
10109802LEMOSF_2025-06-27_G72,10109802LEMOSF,2025-06-27,141823,1,4,0,136.0
10109802LEMOSF_2025-06-27_G73,10109802LEMOSF,2025-06-27,118299,1,2,0,81.0
10109802LEMOSF_2025-06-27_G74,10109802LEMOSF,2025-06-27,117808,1,9,0,72.0
10109802LEMOSF_2025-06-27_G75,10109802LEMOSF,2025-06-27,110711,1,3,0,484.0
10109802LEMOSF_2025-06-27_G76,10109802LEMOSF,2025-06-27,118222,1,6,0,459.0
10109802LEMOSF_2025-06-27_G77,10109802LEMOSF,2025-06-27,108794,1,4,0,92.0
10109802LEMOSF_2025-06-27_G78,10109802LEMOSF,2025-06-27,111466,1,4,0,103.0
10109802LEMOSF_2025-06-27_G79,10109802LEMOSF,2025-06-27,111532,1,6,0,99.0
10109802LEMOSF_2025-06-27_G80,10109802LEMOSF,2025-06-27,141823,1,1,0,70.0
10109802LEMOSF_2025-06-27_G81,10109802LEMOSF,2025-06-27,118140,1,4,0,104.0
10109802LEMOSF_2025-06-27_G82,10109802LEMOSF,2025-06-27,118299,1,17,0,189.0
10109802LEMOSF_2025-06-27_G83,10109802LEMOSF,2025-06-27,117808,1,3,0,40.0
10109802LEMOSF_2025-06-27_G84,10109802LEMOSF,2025-06-27,110374,1,1,0,70.0
10109802LEMOSF_2025-06-27_G85,10109802LEMOSF,2025-06-27,117862,1,2,0,168.0
10109802LEMOSF_2025-06-29_G02,10109802LEMOSF,2025-06-29,105705,1,5,0,1252.0
10109802LEMOSF_2025-06-29_G03,10109802LEMOSF,2025-06-29,118140,1,42,0,602.0
10109802LEMOSF_2025-06-29_G04,10109802LEMOSF,2025-06-29,118403,1,3,0,53.0
10109802LEMOSF_2025-06-29_G05,10109802LEMOSF,2025-06-29,117861,1,2,0,512.0
10109802LEMOSF_2025-06-29_G06,10109802LEMOSF,2025-06-29,117935,1,5,0,429.0
10109802LEMOSF_2025-06-29_G07,10109802LEMOSF,2025-06-29,117935,1,5,0,154.0
10109802LEMOSF_2025-06-29_G08,10109802LEMOSF,2025-06-29,117855,1,13,0,313.0
10109802LEMOSF_2025-06-29_G09,10109802LEMOSF,2025-06-29,108772,1,4,0,150.0
10109802LEMOSF_2025-06-29_G10,10109802LEMOSF,2025-06-29,117861,1,19,0,427.0
10109802LEMOSF_2025-06-29_G11,10109802LEMOSF,2025-06-29,111435,1,9,0,1054.0
10109802LEMOSF_2025-06-29_G12,10109802LEMOSF,2025-06-29,110129,1,4,0,144.0
10109802LEMOSF_2025-06-29_G13,10109802LEMOSF,2025-06-29,108795,1,4,0,139.0
10109802LEMOSF_2025-06-29_G14,10109802LEMOSF,2025-06-29,117785,1,4,0,61.0
10109802LEMOSF_2025-06-29_G15,10109802LEMOSF,2025-06-29,110743,1,4,0,75.0
10109802LEMOSF_2025-06-29_G16,10109802LEMOSF,2025-06-29,111743,1,8,0,122.0
10109802LEMOSF_2025-06-29_G17,10109802LEMOSF,2025-06-29,111463,1,31,0,326.0
10109802LEMOSF_2025-06-29_G18,10109802LEMOSF,2025-06-29,116241,1,4,0,421.0
10109802LEMOSF_2025-06-29_G19,10109802LEMOSF,2025-06-29,105705,1,22,0,418.0
10109802LEMOSF_2025-06-29_G20,10109802LEMOSF,2025-06-29,108794,1,11,0,139.0
10109802LEMOSF_2025-06-29_G21,10109802LEMOSF,2025-06-29,111348,1,4,0,138.0
10109802LEMOSF_2025-06-29_G22,10109802LEMOSF,2025-06-29,118140,1,71,0,450.0
10109802LEMOSF_2025-06-29_G23,10109802LEMOSF,2025-06-29,110745,1,12,0,571.0
10109802LEMOSF_2025-06-29_G24,10109802LEMOSF,2025-06-29,117841,1,4,0,72.0
10109802LEMOSF_2025-06-29_G25,10109802LEMOSF,2025-06-29,117833,1,9,0,106.0
10109802LEMOSF_2025-06-29_G26,10109802LEMOSF,2025-06-29,117831,1,8,0,117.0
10109802LEMOSF_2025-06-29_G27,10109802LEMOSF,2025-06-29,111469,1,9,0,427.0
10109802LEMOSF_2025-06-29_G29,10109802LEMOSF,2025-06-29,110374,1,500,0,1289.0
10109802LEMOSF_2025-06-29_G30,10109802LEMOSF,2025-06-29,111463,1,253,0,962.0
10109802LEMOSF_2025-06-29_G31,10109802LEMOSF,2025-06-29,118140,1,529,0,1699.0
10109802LEMOSF_2025-06-29_G32,10109802LEMOSF,2025-06-29,111462,1,104,0,788.0
10109802LEMOSF_2025-06-29_G33,10109802LEMOSF,2025-06-29,109647,1,53,0,1165.0
10109802LEMOSF_2025-06-29_G34,10109802LEMOSF,2025-06-29,111442,1,6,0,638.0
10109802LEMOSF_2025-06-29_G35,10109802LEMOSF,2025-06-29,111442,1,6,0,129.0
10109802LEMOSF_2025-06-29_G36,10109802LEMOSF,2025-06-29,118222,1,4,0,134.0
10109802LEMOSF_2025-06-29_G37,10109802LEMOSF,2025-06-29,110372,1,24,0,431.0
10109802LEMOSF_2025-06-29_G38,10109802LEMOSF,2025-06-29,111655,1,48,0,409.0
10109802LEMOSF_2025-06-29_G39,10109802LEMOSF,2025-06-29,110372,1,1,0,204.0
10109802LEMOSF_2025-06-29_G40,10109802LEMOSF,2025-06-29,140922,1,30,0,287.0
10109802LEMOSF_2025-06-29_G41,10109802LEMOSF,2025-06-29,111532,1,3,0,154.0
10109802LEMOSF_2025-06-29_G42,10109802LEMOSF,2025-06-29,118140,1,8,0,246.0
10109802LEMOSF_2025-06-29_G43,10109802LEMOSF,2025-06-29,110373,1,4,0,118.0
10109802LEMOSF_2025-06-29_G44,10109802LEMOSF,2025-06-29,111443,2,2,14,435.0
10109802LEMOSF_2025-06-29_G45,10109802LEMOSF,2025-06-29,111430,1,4,0,267.0
10109802LEMOSF_2025-06-29_G46,10109802LEMOSF,2025-06-29,108794,1,4,0,79.0
10109802LEMOSF_2025-06-30_G02,10109802LEMOSF,2025-06-30,111569,1,4,0,156.0
10109802LEMOSF_2025-06-30_G03,10109802LEMOSF,2025-06-30,111569,1,12,0,309.0
10109802LEMOSF_2025-06-30_G04,10109802LEMOSF,2025-06-30,111569,1,1,0,72.0
10109802LEMOSF_2025-06-30_G05,10109802LEMOSF,2025-06-30,110373,1,7,0,167.0
10109802LEMOSF_2025-06-30_G06,10109802LEMOSF,2025-06-30,111602,1,4,0,152.0
10109802LEMOSF_2025-06-30_G07,10109802LEMOSF,2025-06-30,117808,1,99,0,909.0
10109802LEMOSF_2025-06-30_G08,10109802LEMOSF,2025-06-30,117808,1,28,0,507.0
10109802LEMOSF_2025-06-30_G09,10109802LEMOSF,2025-06-30,111443,1,5,0,2093.0
10109802LEMOSF_2025-06-30_G10,10109802LEMOSF,2025-06-30,100334,1,2,0,383.0
10109802LEMOSF_2025-06-30_G11,10109802LEMOSF,2025-06-30,111441,1,2,0,227.0
10109802LEMOSF_2025-06-30_G12,10109802LEMOSF,2025-06-30,111532,1,1,0,136.0
10109802LEMOSF_2025-06-30_G13,10109802LEMOSF,2025-06-30,111743,1,4,0,209.0
10109802LEMOSF_2025-06-30_G14,10109802LEMOSF,2025-06-30,111441,1,4,0,254.0
10109802LEMOSF_2025-06-30_G15,10109802LEMOSF,2025-06-30,111532,1,2,0,313.0
10109802LEMOSF_2025-06-30_G16,10109802LEMOSF,2025-06-30,108798,1,4,0,611.0
10109802LEMOSF_2025-06-30_G17,10109802LEMOSF,2025-06-30,118222,1,2,0,815.0
10109802LEMOSF_2025-06-30_G18,10109802LEMOSF,2025-06-30,110742,1,4,0,203.0
10109802LEMOSF_2025-06-30_G19,10109802LEMOSF,2025-06-30,100334,1,1,0,77.0
10109802LEMOSF_2025-06-30_G20,10109802LEMOSF,2025-06-30,111569,1,2,0,428.0
10109802LEMOSF_2025-06-30_G21,10109802LEMOSF,2025-06-30,111443,1,4,0,819.0
10109802LEMOSF_2025-06-30_G22,10109802LEMOSF,2025-06-30,118140,1,8,0,549.0
10109802LEMOSF_2025-06-30_G24,10109802LEMOSF,2025-06-30,108795,1,10,0,240.0
10109802LEMOSF_2025-06-30_G25,10109802LEMOSF,2025-06-30,111469,1,10,0,157.0
10109802LEMOSF_2025-06-30_G26,10109802LEMOSF,2025-06-30,140922,1,16,0,172.0
10109802LEMOSF_2025-06-30_G27,10109802LEMOSF,2025-06-30,109641,1,6,0,141.0
10109802LEMOSF_2025-06-30_G28,10109802LEMOSF,2025-06-30,110787,1,12,0,169.0
10109802LEMOSF_2025-06-30_G29,10109802LEMOSF,2025-06-30,110752,1,1,0,841.0
10109802LEMOSF_2025-07-04_G02,10109802LEMOSF,2025-07-04,111430,1,4,0,97.0
10109802LEMOSF_2025-07-04_G03,10109802LEMOSF,2025-07-04,110747,1,12,0,627.0
10109802LEMOSF_2025-07-04_G04,10109802LEMOSF,2025-07-04,100334,1,7,0,189.0
10109802LEMOSF_2025-07-04_G05,10109802LEMOSF,2025-07-04,111569,1,4,0,207.0
10109802LEMOSF_2025-07-04_G06,10109802LEMOSF,2025-07-04,117786,1,2,0,195.0
10109802LEMOSF_2025-07-04_G07,10109802LEMOSF,2025-07-04,111466,1,24,0,2003.0
10109802LEMOSF_2025-07-04_G08,10109802LEMOSF,2025-07-04,117821,1,6,0,66.0
10109802LEMOSF_2025-07-04_G09,10109802LEMOSF,2025-07-04,110787,1,8,0,105.0
10109802LEMOSF_2025-07-04_G10,10109802LEMOSF,2025-07-04,109645,1,27,0,307.0
10109802LEMOSF_2025-07-04_G11,10109802LEMOSF,2025-07-04,117820,1,10,0,1582.0
10109802LEMOSF_2025-07-04_G12,10109802LEMOSF,2025-07-04,117820,1,10,0,81.0
10109802LEMOSF_2025-07-07_G04,10109802LEMOSF,2025-07-07,110372,1,1400,0,1853.0
10109802LEMOSF_2025-07-07_G05,10109802LEMOSF,2025-07-07,110372,1,1400,0,1663.0
10109802LEMOSF_2025-07-08_G02,10109802LEMOSF,2025-07-08,111467,1,2,0,161.0
10109802LEMOSF_2025-07-08_G03,10109802LEMOSF,2025-07-08,110372,1,2,0,87.0
10109802LEMOSF_2025-07-08_G04,10109802LEMOSF,2025-07-08,111443,1,2,0,2851.0
10109802LEMOSF_2025-07-08_G05,10109802LEMOSF,2025-07-08,100334,1,4,0,271.0
10109802LEMOSF_2025-07-08_G06,10109802LEMOSF,2025-07-08,110895,1,2,0,412.0
10109802LEMOSF_2025-07-08_G07,10109802LEMOSF,2025-07-08,118417,1,6,0,167.0
10109802LEMOSF_2025-07-08_G08,10109802LEMOSF,2025-07-08,111569,1,2,0,131.0
10109802LEMOSF_2025-07-08_G09,10109802LEMOSF,2025-07-08,110741,1,2,0,127.0
10109802LEMOSF_2025-07-08_G10,10109802LEMOSF,2025-07-08,117837,1,2,0,110.0
10109802LEMOSF_2025-07-08_G11,10109802LEMOSF,2025-07-08,117862,1,4,0,160.0
10109802LEMOSF_2025-07-08_G12,10109802LEMOSF,2025-07-08,110313,1,4,0,179.0
10109802LEMOSF_2025-07-08_G13,10109802LEMOSF,2025-07-08,111530,1,6,0,130.0
10109802LEMOSF_2025-07-08_G14,10109802LEMOSF,2025-07-08,117935,1,5,0,134.0
10109802LEMOSF_2025-07-08_G15,10109802LEMOSF,2025-07-08,117832,1,4,0,188.0
10109802LEMOSF_2025-07-08_G16,10109802LEMOSF,2025-07-08,117809,1,8,0,132.0
10109802LEMOSF_2025-07-08_G17,10109802LEMOSF,2025-07-08,118299,1,30,0,571.0
10109802LEMOSF_2025-07-08_G18,10109802LEMOSF,2025-07-08,109643,1,6,0,113.0
10109802LEMOSF_2025-07-08_G19,10109802LEMOSF,2025-07-08,117820,1,6,0,128.0
10109802LEMOSF_2025-07-08_G20,10109802LEMOSF,2025-07-08,117808,1,40,0,928.0
10109802LEMOSF_2025-07-08_G21,10109802LEMOSF,2025-07-08,110372,1,20,0,221.0
10109802LEMOSF_2025-07-08_G22,10109802LEMOSF,2025-07-08,110373,1,10,0,524.0
10109802LEMOSF_2025-07-08_G23,10109802LEMOSF,2025-07-08,117830,1,4,0,57.0
10109802LEMOSF_2025-07-08_G24,10109802LEMOSF,2025-07-08,110371,1,10,0,141.0
10109802LEMOSF_2025-07-08_G26,10109802LEMOSF,2025-07-08,117831,1,16,0,493.0
10109802LEMOSF_2025-07-08_G27,10109802LEMOSF,2025-07-08,111172,1,30,0,365.0
10109802LEMOSF_2025-07-08_G28,10109802LEMOSF,2025-07-08,111462,1,30,0,282.0
10109802LEMOSF_2025-07-08_G29,10109802LEMOSF,2025-07-08,117831,1,60,0,1213.0
10109802LEMOSF_2025-07-08_G30,10109802LEMOSF,2025-07-08,111172,1,20,0,247.0
10109802LEMOSF_2025-07-08_G31,10109802LEMOSF,2025-07-08,111462,1,24,0,378.0
10109802LEMOSF_2025-07-08_G32,10109802LEMOSF,2025-07-08,110740,1,30,0,1581.0
10109802LEMOSF_2025-07-10_G02,10109802LEMOSF,2025-07-10,117935,1,4,0,144.0
10109802LEMOSF_2025-07-10_G03,10109802LEMOSF,2025-07-10,111435,1,3,0,215.0
10109802LEMOSF_2025-07-10_G04,10109802LEMOSF,2025-07-10,108711,1,4,0,171.0
10109802LEMOSF_2025-07-10_G05,10109802LEMOSF,2025-07-10,111465,1,4,0,127.0
10109802LEMOSF_2025-07-10_G06,10109802LEMOSF,2025-07-10,110325,1,10,0,236.0
10109802LEMOSF_2025-07-10_G07,10109802LEMOSF,2025-07-10,141202,1,4,0,155.0
10109802LEMOSF_2025-07-10_G08,10109802LEMOSF,2025-07-10,111602,1,4,0,388.0
10109802LEMOSF_2025-07-10_G09,10109802LEMOSF,2025-07-10,118140,1,4,0,148.0
10109802LEMOSF_2025-07-10_G10,10109802LEMOSF,2025-07-10,111602,1,20,0,226.0
10109802LEMOSF_2025-07-10_G11,10109802LEMOSF,2025-07-10,118140,1,8,0,307.0
10109802LEMOSF_2025-07-10_G13,10109802LEMOSF,2025-07-10,117834,1,4,0,194.0
10109802LEMOSF_2025-07-10_G14,10109802LEMOSF,2025-07-10,110755,1,8,0,218.0
10109802LEMOSF_2025-07-10_G15,10109802LEMOSF,2025-07-10,111569,1,6,0,109.0
10109802LEMOSF_2025-07-10_G16,10109802LEMOSF,2025-07-10,111602,2,6,29,121.0
10109802LEMOSF_2025-07-10_G17,10109802LEMOSF,2025-07-10,111602,1,6,0,84.0
10109802LEMOSF_2025-07-10_G18,10109802LEMOSF,2025-07-10,117832,1,3,0,121.0
10109802LEMOSF_2025-07-10_G19,10109802LEMOSF,2025-07-10,117809,1,14,0,549.0
10109802LEMOSF_2025-07-10_G20,10109802LEMOSF,2025-07-10,109643,1,14,0,438.0
10109802LEMOSF_2025-07-10_G21,10109802LEMOSF,2025-07-10,109648,1,8,0,121.0
10109802LEMOSF_2025-07-10_G22,10109802LEMOSF,2025-07-10,117830,1,12,0,310.0
10109802LEMOSF_2025-07-10_G23,10109802LEMOSF,2025-07-10,118299,1,70,0,402.0
10109802LEMOSF_2025-07-10_G24,10109802LEMOSF,2025-07-10,111468,1,8,0,163.0
10109802LEMOSF_2025-07-10_G25,10109802LEMOSF,2025-07-10,111468,1,6,0,53.0
10109802LEMOSF_2025-07-10_G26,10109802LEMOSF,2025-07-10,108794,1,2,0,1222.0
10109802LEMOSF_2025-07-10_G27,10109802LEMOSF,2025-07-10,111532,1,6,0,156.0
10109802LEMOSF_2025-07-10_G28,10109802LEMOSF,2025-07-10,117830,1,4,0,396.0
10109802LEMOSF_2025-07-10_G29,10109802LEMOSF,2025-07-10,111466,1,4,0,126.0
10109802LEMOSF_2025-07-10_G30,10109802LEMOSF,2025-07-10,111602,1,4,0,158.0
10109802LEMOSF_2025-07-10_G31,10109802LEMOSF,2025-07-10,110313,1,8,0,142.0
10109802LEMOSF_2025-07-10_G32,10109802LEMOSF,2025-07-10,111602,1,3,0,338.0
10109802LEMOSF_2025-07-11_G02,10109802LEMOSF,2025-07-11,111441,1,16,0,770.0
10109802LEMOSF_2025-07-11_G03,10109802LEMOSF,2025-07-11,111438,1,11,0,244.0
10109802LEMOSF_2025-07-11_G04,10109802LEMOSF,2025-07-11,108770,1,4,0,203.0
10109802LEMOSF_2025-07-11_G05,10109802LEMOSF,2025-07-11,118094,1,3,0,190.0
10109802LEMOSF_2025-07-11_G06,10109802LEMOSF,2025-07-11,110339,1,3,0,90.0
10109802LEMOSF_2025-07-11_G07,10109802LEMOSF,2025-07-11,117786,1,4,0,137.0
10109802LEMOSF_2025-07-11_G08,10109802LEMOSF,2025-07-11,117862,1,6,0,146.0
10109802LEMOSF_2025-07-11_G09,10109802LEMOSF,2025-07-11,117853,1,3,0,131.0
10109802LEMOSF_2025-07-11_G10,10109802LEMOSF,2025-07-11,141047,1,4,0,123.0
10109802LEMOSF_2025-07-11_G11,10109802LEMOSF,2025-07-11,111467,1,2,0,98.0
10109802LEMOSF_2025-07-11_G12,10109802LEMOSF,2025-07-11,117856,1,6,0,225.0
10109802LEMOSF_2025-07-11_G13,10109802LEMOSF,2025-07-11,108794,1,2,0,1330.0
10109802LEMOSF_2025-07-11_G14,10109802LEMOSF,2025-07-11,111443,1,2,0,82.0
10109802LEMOSF_2025-07-11_G15,10109802LEMOSF,2025-07-11,140922,1,2,0,54.0
10109802LEMOSF_2025-07-11_G16,10109802LEMOSF,2025-07-11,111462,1,2,0,41.0
10109802LEMOSF_2025-07-11_G17,10109802LEMOSF,2025-07-11,117821,1,2,0,57.0
10109802LEMOSF_2025-07-11_G18,10109802LEMOSF,2025-07-11,111172,1,4,0,73.0
10109802LEMOSF_2025-07-11_G19,10109802LEMOSF,2025-07-11,108711,1,3,0,82.0
10109802LEMOSF_2025-07-11_G20,10109802LEMOSF,2025-07-11,111418,1,10,0,126.0
10109802LEMOSF_2025-07-11_G21,10109802LEMOSF,2025-07-11,118140,1,12,0,329.0
10109802LEMOSF_2025-07-11_G22,10109802LEMOSF,2025-07-11,141823,1,4,0,116.0
10109802LEMOSF_2025-07-11_G23,10109802LEMOSF,2025-07-11,110740,1,3,0,86.0
10109802LEMOSF_2025-07-11_G24,10109802LEMOSF,2025-07-11,111465,1,5,0,80.0
10109802LEMOSF_2025-07-11_G25,10109802LEMOSF,2025-07-11,111468,1,4,0,83.0
10109802LEMOSF_2025-07-11_G26,10109802LEMOSF,2025-07-11,108794,1,4,0,2977.0
10109802LEMOSF_2025-07-11_G27,10109802LEMOSF,2025-07-11,117838,1,4,0,124.0
10109802LEMOSF_2025-07-11_G28,10109802LEMOSF,2025-07-11,111462,1,4,0,130.0
10109802LEMOSF_2025-07-11_G29,10109802LEMOSF,2025-07-11,108711,1,4,0,161.0
10109802LEMOSF_2025-07-11_G30,10109802LEMOSF,2025-07-11,111418,1,12,0,236.0
10109802LEMOSF_2025-07-11_G31,10109802LEMOSF,2025-07-11,109645,1,4,0,114.0
10109802LEMOSF_2025-07-11_G32,10109802LEMOSF,2025-07-11,117785,1,4,0,69.0
10109802LEMOSF_2025-07-11_G33,10109802LEMOSF,2025-07-11,111466,1,4,0,123.0
10109802LEMOSF_2025-07-11_G34,10109802LEMOSF,2025-07-11,111469,1,4,0,92.0
10109802LEMOSF_2025-07-11_G35,10109802LEMOSF,2025-07-11,110740,1,3,0,194.0
10109802LEMOSF_2025-07-11_G36,10109802LEMOSF,2025-07-11,111465,1,1,0,63.0
10109802LEMOSF_2025-07-11_G37,10109802LEMOSF,2025-07-11,111468,1,1,0,50.0
10109802LEMOSF_2025-07-11_G38,10109802LEMOSF,2025-07-11,110895,1,1,0,160.0
10109802LEMOSF_2025-07-11_G39,10109802LEMOSF,2025-07-11,108759,1,2,0,75.0
10109802LEMOSF_2025-07-11_G40,10109802LEMOSF,2025-07-11,118094,1,4,0,270.0
10109802LEMOSF_2025-07-11_G41,10109802LEMOSF,2025-07-11,110339,1,2,0,75.0
10109802LEMOSF_2025-07-11_G42,10109802LEMOSF,2025-07-11,117935,1,1,0,117.0
10109802LEMOSF_2025-07-11_G43,10109802LEMOSF,2025-07-11,103149,1,2,0,188.0
10109802LEMOSF_2025-07-11_G45,10109802LEMOSF,2025-07-11,108794,1,355,0,2035.0
10109802LEMOSF_2025-07-11_G46,10109802LEMOSF,2025-07-11,108711,1,500,0,960.0
10109802LEMOSF_2025-07-11_G47,10109802LEMOSF,2025-07-11,110754,1,4,0,1469.0
10109802LEMOSF_2025-07-11_G48,10109802LEMOSF,2025-07-11,110742,1,4,0,119.0
10109802LEMOSF_2025-07-11_G49,10109802LEMOSF,2025-07-11,111430,1,15,0,154.0
10109802LEMOSF_2025-07-11_G50,10109802LEMOSF,2025-07-11,110747,1,12,0,156.0
10109802LEMOSF_2025-07-11_G51,10109802LEMOSF,2025-07-11,118253,1,4,0,173.0
10109802LEMOSF_2025-07-11_G52,10109802LEMOSF,2025-07-11,108759,1,4,0,1811.0
10109802LEMOSF_2025-07-11_G53,10109802LEMOSF,2025-07-11,118306,1,4,0,318.0
10109802LEMOSF_2025-07-11_G54,10109802LEMOSF,2025-07-11,110755,1,5,0,104.0
10109802LEMOSF_2025-07-11_G55,10109802LEMOSF,2025-07-11,111569,1,12,0,149.0
10109802LEMOSF_2025-07-12_G02,10109802LEMOSF,2025-07-12,110515,1,50,0,525.0
10109802LEMOSF_2025-07-12_G03,10109802LEMOSF,2025-07-12,117837,1,17,0,343.0
10109802LEMOSF_2025-07-12_G04,10109802LEMOSF,2025-07-12,100334,1,4,0,2789.0
10109802LEMOSF_2025-07-12_G05,10109802LEMOSF,2025-07-12,117836,1,3,0,375.0
10109802LEMOSF_2025-07-12_G06,10109802LEMOSF,2025-07-12,118306,1,8,0,2523.0
10109802LEMOSF_2025-07-12_G07,10109802LEMOSF,2025-07-12,110064,1,4,0,143.0
10109802LEMOSF_2025-07-12_G08,10109802LEMOSF,2025-07-12,116527,1,2,0,145.0
10109802LEMOSF_2025-07-12_G09,10109802LEMOSF,2025-07-12,110623,1,4,0,159.0
10109802LEMOSF_2025-07-12_G10,10109802LEMOSF,2025-07-12,110325,1,10,0,1528.0
10109802LEMOSF_2025-07-12_G11,10109802LEMOSF,2025-07-12,117832,1,8,0,90.0
10109802LEMOSF_2025-07-12_G12,10109802LEMOSF,2025-07-12,117809,1,50,0,75.0
10109802LEMOSF_2025-07-12_G13,10109802LEMOSF,2025-07-12,117808,1,150,0,576.0
10109802LEMOSF_2025-07-12_G14,10109802LEMOSF,2025-07-12,118299,1,150,0,593.0
10109802LEMOSF_2025-07-12_G15,10109802LEMOSF,2025-07-12,109643,1,32,0,346.0
10109802LEMOSF_2025-07-12_G16,10109802LEMOSF,2025-07-12,110374,1,40,0,244.0
10109802LEMOSF_2025-07-12_G17,10109802LEMOSF,2025-07-12,117830,1,20,0,821.0
10109802LEMOSF_2025-07-12_G19,10109802LEMOSF,2025-07-12,109641,1,14,0,230.0
10109802LEMOSF_2025-07-12_G20,10109802LEMOSF,2025-07-12,109645,1,40,0,570.0
10109802LEMOSF_2025-07-12_G21,10109802LEMOSF,2025-07-12,118326,1,10,0,125.0
10109802LEMOSF_2025-07-12_G22,10109802LEMOSF,2025-07-12,111330,1,25,0,3002.0
10109802LEMOSF_2025-07-14_G02,10109802LEMOSF,2025-07-14,111418,1,2,0,120.0
10109802LEMOSF_2025-07-14_G03,10109802LEMOSF,2025-07-14,117785,1,1,0,133.0
10109802LEMOSF_2025-07-14_G04,10109802LEMOSF,2025-07-14,141823,1,2,0,493.0
10109802LEMOSF_2025-07-14_G05,10109802LEMOSF,2025-07-14,111466,1,8,0,162.0
10109802LEMOSF_2025-07-14_G06,10109802LEMOSF,2025-07-14,111469,1,4,0,69.0
10109802LEMOSF_2025-07-14_G07,10109802LEMOSF,2025-07-14,111468,1,2,0,110.0
10109802LEMOSF_2025-07-14_G08,10109802LEMOSF,2025-07-14,117837,1,2,0,189.0
10109802LEMOSF_2025-07-14_G09,10109802LEMOSF,2025-07-14,110711,1,1,0,99.0
10109802LEMOSF_2025-07-14_G10,10109802LEMOSF,2025-07-14,111602,1,1,0,1208.0
10109802LEMOSF_2025-07-14_G11,10109802LEMOSF,2025-07-14,117935,1,3,0,149.0
10109802LEMOSF_2025-07-14_G12,10109802LEMOSF,2025-07-14,111532,1,8,0,200.0
10109802LEMOSF_2025-07-14_G13,10109802LEMOSF,2025-07-14,111602,1,1,0,624.0
10109802LEMOSF_2025-07-14_G14,10109802LEMOSF,2025-07-14,111602,1,2,0,100.0
10109802LEMOSF_2025-07-14_G15,10109802LEMOSF,2025-07-14,110787,1,2,0,113.0
10109802LEMOSF_2025-07-14_G16,10109802LEMOSF,2025-07-14,110515,1,4,0,1191.0
10109802LEMOSF_2025-07-14_G17,10109802LEMOSF,2025-07-14,110740,1,4,0,294.0
10109802LEMOSF_2025-07-14_G18,10109802LEMOSF,2025-07-14,110787,1,8,0,635.0
10109802LEMOSF_2025-07-14_G19,10109802LEMOSF,2025-07-14,111532,1,2,0,271.0
10109802LEMOSF_2025-07-14_G20,10109802LEMOSF,2025-07-14,110895,1,4,0,2845.0
10109802LEMOSF_2025-07-14_G22,10109802LEMOSF,2025-07-14,111440,1,50,0,550.0
10109802LEMOSF_2025-07-14_G23,10109802LEMOSF,2025-07-14,110755,1,40,0,549.0
10109802LEMOSF_2025-07-14_G24,10109802LEMOSF,2025-07-14,111440,1,28,0,650.0
10109802LEMOSF_2025-07-14_G25,10109802LEMOSF,2025-07-14,110129,1,2,0,437.0
10109802LEMOSF_2025-07-14_G26,10109802LEMOSF,2025-07-14,108795,1,2,0,104.0
10109802LEMOSF_2025-07-14_G27,10109802LEMOSF,2025-07-14,110743,1,4,0,59.0
10109802LEMOSF_2025-07-14_G28,10109802LEMOSF,2025-07-14,105705,1,2,0,70.0
10109802LEMOSF_2025-07-14_G29,10109802LEMOSF,2025-07-14,110751,1,6,0,107.0
10109802LEMOSF_2025-07-14_G30,10109802LEMOSF,2025-07-14,108794,1,27,0,289.0
10109802LEMOSF_2025-07-14_G31,10109802LEMOSF,2025-07-14,111182,1,2,0,101.0
10109802LEMOSF_2025-07-14_G32,10109802LEMOSF,2025-07-14,111462,1,46,0,580.0
10109802LEMOSF_2025-07-14_G33,10109802LEMOSF,2025-07-14,111743,1,17,0,235.0
10109802LEMOSF_2025-07-14_G34,10109802LEMOSF,2025-07-14,108798,1,4,0,104.0
10109802LEMOSF_2025-07-14_G35,10109802LEMOSF,2025-07-14,111532,1,11,0,360.0
10109802LEMOSF_2025-07-14_G36,10109802LEMOSF,2025-07-14,109641,1,11,0,161.0
10109802LEMOSF_2025-07-14_G37,10109802LEMOSF,2025-07-14,109645,1,9,0,118.0
10109802LEMOSF_2025-07-14_G38,10109802LEMOSF,2025-07-14,118326,1,8,0,139.0
10109802LEMOSF_2025-07-14_G39,10109802LEMOSF,2025-07-14,116241,1,3,0,97.0
10109802LEMOSF_2025-07-14_G40,10109802LEMOSF,2025-07-14,111433,1,1,0,87.0
10109802LEMOSF_2025-07-14_G41,10109802LEMOSF,2025-07-14,117785,1,47,0,193.0
10109802LEMOSF_2025-07-14_G42,10109802LEMOSF,2025-07-14,118330,1,24,0,722.0
10109802LEMOSF_2025-07-14_G43,10109802LEMOSF,2025-07-14,117856,1,70,0,2594.0
10109802LEMOSF_2025-07-14_G44,10109802LEMOSF,2025-07-14,107888,1,4,0,198.0
10109802LEMOSF_2025-07-14_G45,10109802LEMOSF,2025-07-14,111850,1,60,0,332.0
10109802LEMOSF_2025-07-14_G46,10109802LEMOSF,2025-07-14,111466,1,410,0,2487.0
10109802LEMOSF_2025-07-15_G02,10109802LEMOSF,2025-07-15,109643,1,8,0,133.0
10109802LEMOSF_2025-07-15_G03,10109802LEMOSF,2025-07-15,117830,1,150,0,948.0
10109802LEMOSF_2025-07-15_G04,10109802LEMOSF,2025-07-15,117809,1,29,0,649.0
10109802LEMOSF_2025-07-15_G05,10109802LEMOSF,2025-07-15,110374,1,30,0,454.0
10109802LEMOSF_2025-07-15_G06,10109802LEMOSF,2025-07-15,110372,1,16,0,132.0
10109802LEMOSF_2025-07-15_G07,10109802LEMOSF,2025-07-15,107830,1,1,0,102.0
10109802LEMOSF_2025-07-15_G08,10109802LEMOSF,2025-07-15,110371,1,65,0,406.0
10109802LEMOSF_2025-07-15_G09,10109802LEMOSF,2025-07-15,141202,1,16,0,607.0
10109802LEMOSF_2025-07-15_G10,10109802LEMOSF,2025-07-15,117822,1,9,0,113.0
10109802LEMOSF_2025-07-15_G11,10109802LEMOSF,2025-07-15,110373,1,45,0,488.0
10109802LEMOSF_2025-07-15_G12,10109802LEMOSF,2025-07-15,111430,1,1,0,3208.0
10109802LEMOSF_2025-07-15_G13,10109802LEMOSF,2025-07-15,100334,1,2,0,81.0
10109802LEMOSF_2025-07-15_G14,10109802LEMOSF,2025-07-15,111441,1,9,0,173.0
10109802LEMOSF_2025-07-15_G15,10109802LEMOSF,2025-07-15,111441,1,8,0,112.0
10109802LEMOSF_2025-07-15_G16,10109802LEMOSF,2025-07-15,111438,1,2,0,77.0
10109802LEMOSF_2025-07-15_G17,10109802LEMOSF,2025-07-15,108770,1,2,0,131.0
10109802LEMOSF_2025-07-15_G18,10109802LEMOSF,2025-07-15,109643,1,4,0,138.0
10109802LEMOSF_2025-07-15_G19,10109802LEMOSF,2025-07-15,160051,1,8,0,171.0
10109802LEMOSF_2025-07-15_G20,10109802LEMOSF,2025-07-15,140922,1,3,0,132.0
10109802LEMOSF_2025-07-15_G21,10109802LEMOSF,2025-07-15,111532,1,4,0,157.0
10109802LEMOSF_2025-07-15_G22,10109802LEMOSF,2025-07-15,118317,1,1,0,111.0
10109802LEMOSF_2025-07-15_G23,10109802LEMOSF,2025-07-15,117854,1,1,0,540.0
10109802LEMOSF_2025-07-15_G24,10109802LEMOSF,2025-07-15,117853,1,2,0,65.0
10109802LEMOSF_2025-07-15_G25,10109802LEMOSF,2025-07-15,117855,1,8,0,131.0
10109802LEMOSF_2025-07-15_G26,10109802LEMOSF,2025-07-15,111602,1,5,0,111.0
10109802LEMOSF_2025-07-15_G27,10109802LEMOSF,2025-07-15,110515,1,3,0,57.0
10109802LEMOSF_2025-07-15_G28,10109802LEMOSF,2025-07-15,110313,1,2,0,100.0
10109802LEMOSF_2025-07-15_G29,10109802LEMOSF,2025-07-15,117856,1,4,0,105.0
10109802LEMOSF_2025-07-15_G30,10109802LEMOSF,2025-07-15,110752,1,4,0,456.0
10109802LEMOSF_2025-07-15_G31,10109802LEMOSF,2025-07-15,111602,1,8,0,339.0
10109802LEMOSF_2025-07-15_G32,10109802LEMOSF,2025-07-15,111532,1,2,0,56.0
10109802LEMOSF_2025-07-15_G33,10109802LEMOSF,2025-07-15,109643,1,4,0,151.0
10109802LEMOSF_2025-07-15_G34,10109802LEMOSF,2025-07-15,117853,1,2,0,77.0
10109802LEMOSF_2025-07-15_G35,10109802LEMOSF,2025-07-15,111602,1,2,0,93.0
10109802LEMOSF_2025-07-15_G36,10109802LEMOSF,2025-07-15,117856,1,6,0,97.0
10109802LEMOSF_2025-07-15_G38,10109802LEMOSF,2025-07-15,118222,1,4,0,149.0
10109802LEMOSF_2025-07-15_G39,10109802LEMOSF,2025-07-15,117853,1,1,0,106.0
10109802LEMOSF_2025-07-15_G40,10109802LEMOSF,2025-07-15,141047,1,2,0,47.0
10109802LEMOSF_2025-07-15_G41,10109802LEMOSF,2025-07-15,111602,1,4,0,128.0
10109802LEMOSF_2025-07-15_G42,10109802LEMOSF,2025-07-15,110515,1,2,0,46.0
10109802LEMOSF_2025-07-15_G43,10109802LEMOSF,2025-07-15,140922,1,3,0,117.0
10109802LEMOSF_2025-07-15_G44,10109802LEMOSF,2025-07-15,111532,1,4,0,132.0
10109802LEMOSF_2025-07-15_G45,10109802LEMOSF,2025-07-15,111433,1,2,0,96.0
10109802LEMOSF_2025-07-15_G46,10109802LEMOSF,2025-07-15,110325,1,2,0,1385.0
10109802LEMOSF_2025-07-15_G47,10109802LEMOSF,2025-07-15,160054,1,2,0,49.0
10109802LEMOSF_2025-07-15_G48,10109802LEMOSF,2025-07-15,117809,1,10,0,82.0
10109802LEMOSF_2025-07-15_G49,10109802LEMOSF,2025-07-15,118299,1,18,0,147.0
10109802LEMOSF_2025-07-15_G50,10109802LEMOSF,2025-07-15,110374,1,2,0,77.0
10109802LEMOSF_2025-07-15_G51,10109802LEMOSF,2025-07-15,110372,1,32,0,276.0
10109802LEMOSF_2025-07-15_G52,10109802LEMOSF,2025-07-15,160052,1,2,0,765.0
10109802LEMOSF_2025-07-15_G53,10109802LEMOSF,2025-07-15,118281,1,4,0,171.0
10109802LEMOSF_2025-07-15_G54,10109802LEMOSF,2025-07-15,110371,1,35,0,727.0
10109802LEMOSF_2025-07-15_G55,10109802LEMOSF,2025-07-15,160051,1,4,0,158.0
10109802LEMOSF_2025-07-15_G56,10109802LEMOSF,2025-07-15,110373,1,47,0,341.0
10109802LEMOSF_2025-07-15_G57,10109802LEMOSF,2025-07-15,117830,1,3,0,227.0
10109802LEMOSF_2025-07-15_G58,10109802LEMOSF,2025-07-15,141823,1,15,0,278.0
10109802LEMOSF_2025-07-15_G59,10109802LEMOSF,2025-07-15,111466,1,14,0,115.0
10109802LEMOSF_2025-07-15_G61,10109802LEMOSF,2025-07-15,118299,2,2400,19,580.0
10109802LEMOSF_2025-07-16_G02,10109802LEMOSF,2025-07-16,100334,1,4,0,158.0
10109802LEMOSF_2025-07-16_G03,10109802LEMOSF,2025-07-16,118222,1,9,0,298.0
10109802LEMOSF_2025-07-16_G04,10109802LEMOSF,2025-07-16,110339,1,2,0,177.0
10109802LEMOSF_2025-07-16_G05,10109802LEMOSF,2025-07-16,117853,1,1,0,113.0
10109802LEMOSF_2025-07-16_G06,10109802LEMOSF,2025-07-16,111467,1,1,0,57.0
10109802LEMOSF_2025-07-16_G07,10109802LEMOSF,2025-07-16,117855,1,5,0,95.0
10109802LEMOSF_2025-07-16_G08,10109802LEMOSF,2025-07-16,111602,1,3,0,124.0
10109802LEMOSF_2025-07-16_G09,10109802LEMOSF,2025-07-16,109643,1,2,0,718.0
10109802LEMOSF_2025-07-16_G10,10109802LEMOSF,2025-07-16,118222,1,4,0,522.0
10109802LEMOSF_2025-07-16_G11,10109802LEMOSF,2025-07-16,118094,1,1,0,284.0
10109802LEMOSF_2025-07-16_G12,10109802LEMOSF,2025-07-16,117786,1,1,0,59.0
10109802LEMOSF_2025-07-16_G13,10109802LEMOSF,2025-07-16,117855,1,1,0,106.0
10109802LEMOSF_2025-07-16_G14,10109802LEMOSF,2025-07-16,111602,1,3,0,117.0
10109802LEMOSF_2025-07-16_G15,10109802LEMOSF,2025-07-16,111463,1,2,0,112.0
10109802LEMOSF_2025-07-16_G16,10109802LEMOSF,2025-07-16,111462,1,2,0,102.0
10109802LEMOSF_2025-07-16_G17,10109802LEMOSF,2025-07-16,111532,1,2,0,77.0
10109802LEMOSF_2025-07-16_G18,10109802LEMOSF,2025-07-16,117785,1,3,0,130.0
10109802LEMOSF_2025-07-16_G19,10109802LEMOSF,2025-07-16,111469,1,6,0,137.0
10109802LEMOSF_2025-07-16_G20,10109802LEMOSF,2025-07-16,111465,1,1,0,67.0
10109802LEMOSF_2025-07-16_G21,10109802LEMOSF,2025-07-16,111430,1,38,0,1291.0
10109802LEMOSF_2025-07-16_G22,10109802LEMOSF,2025-07-16,110747,1,3,0,113.0
10109802LEMOSF_2025-07-16_G23,10109802LEMOSF,2025-07-16,111441,1,22,0,461.0
10109802LEMOSF_2025-07-16_G24,10109802LEMOSF,2025-07-16,111438,1,7,0,258.0
10109802LEMOSF_2025-07-16_G25,10109802LEMOSF,2025-07-16,118222,1,6,0,237.0
10109802LEMOSF_2025-07-16_G26,10109802LEMOSF,2025-07-16,111463,1,50,0,1304.0
10109802LEMOSF_2025-07-16_G27,10109802LEMOSF,2025-07-16,111418,1,50,0,517.0
10109802LEMOSF_2025-07-16_G28,10109802LEMOSF,2025-07-16,110895,1,3,0,122.0
10109802LEMOSF_2025-07-16_G29,10109802LEMOSF,2025-07-16,110375,1,50,0,657.0
10109802LEMOSF_2025-07-16_G30,10109802LEMOSF,2025-07-16,110372,1,150,0,2384.0
10109802LEMOSF_2025-07-16_G31,10109802LEMOSF,2025-07-16,110371,1,200,0,738.0
10109802LEMOSF_2025-07-16_G33,10109802LEMOSF,2025-07-16,118299,1,300,0,237.0
10109802LEMOSF_2025-07-16_G34,10109802LEMOSF,2025-07-16,118299,1,80,0,368.0
10109802LEMOSF_2025-07-16_G35,10109802LEMOSF,2025-07-16,110373,1,300,0,732.0
10109802LEMOSF_2025-07-16_G36,10109802LEMOSF,2025-07-16,110373,1,70,0,168.0
10109802LEMOSF_2025-07-16_G37,10109802LEMOSF,2025-07-16,110372,1,70,0,794.0
10109802LEMOSF_2025-07-16_G38,10109802LEMOSF,2025-07-16,117808,1,500,0,59.0
10109802LEMOSF_2025-07-16_G39,10109802LEMOSF,2025-07-16,117820,2,100,22,1709.0
10109802LEMOSF_2025-07-16_G40,10109802LEMOSF,2025-07-16,111463,1,20,0,2618.0
10109802LEMOSF_2025-07-16_G41,10109802LEMOSF,2025-07-16,111435,1,2,0,64.0
10109802LEMOSF_2025-07-16_G42,10109802LEMOSF,2025-07-16,110743,1,2,0,111.0
10109802LEMOSF_2025-07-16_G43,10109802LEMOSF,2025-07-16,105705,1,3,0,101.0
10109802LEMOSF_2025-07-16_G44,10109802LEMOSF,2025-07-16,111462,1,8,0,127.0
10109802LEMOSF_2025-07-16_G45,10109802LEMOSF,2025-07-16,117821,1,6,0,98.0
10109802LEMOSF_2025-07-16_G46,10109802LEMOSF,2025-07-16,111431,1,1,0,85.0
10109802LEMOSF_2025-07-16_G47,10109802LEMOSF,2025-07-16,109641,1,4,0,331.0
10109802LEMOSF_2025-07-16_G48,10109802LEMOSF,2025-07-16,111418,1,24,0,199.0
10109802LEMOSF_2025-07-16_G49,10109802LEMOSF,2025-07-16,111330,1,2,0,66.0
10109802LEMOSF_2025-07-16_G50,10109802LEMOSF,2025-07-16,117787,1,4,0,219.0
10109802LEMOSF_2025-07-16_G51,10109802LEMOSF,2025-07-16,117785,1,4,0,98.0
10109802LEMOSF_2025-07-16_G52,10109802LEMOSF,2025-07-16,117831,1,4,0,68.0
10109802LEMOSF_2025-07-16_G53,10109802LEMOSF,2025-07-16,111466,1,10,0,156.0
10109802LEMOSF_2025-07-16_G54,10109802LEMOSF,2025-07-16,111469,1,10,0,1246.0
10109802LEMOSF_2025-07-16_G55,10109802LEMOSF,2025-07-16,110740,1,4,0,73.0
10109802LEMOSF_2025-07-16_G56,10109802LEMOSF,2025-07-16,107236,1,4,0,65.0
10109802LEMOSF_2025-07-16_G57,10109802LEMOSF,2025-07-16,118140,1,5,0,189.0
10109802LEMOSF_2025-07-17_G02,10109802LEMOSF,2025-07-17,141202,1,6,0,1513.0
10109802LEMOSF_2025-07-17_G03,10109802LEMOSF,2025-07-17,110373,1,24,0,165.0
10109802LEMOSF_2025-07-17_G04,10109802LEMOSF,2025-07-17,117808,1,12,0,296.0
10109802LEMOSF_2025-07-17_G06,10109802LEMOSF,2025-07-17,107629,1,20,0,252.0
10109802LEMOSF_2025-07-17_G07,10109802LEMOSF,2025-07-17,111876,1,20,0,295.0
10109802LEMOSF_2025-07-17_G08,10109802LEMOSF,2025-07-17,110339,1,30,0,210.0
10109802LEMOSF_2025-07-17_G09,10109802LEMOSF,2025-07-17,117786,1,30,0,467.0
10109802LEMOSF_2025-07-17_G10,10109802LEMOSF,2025-07-17,117862,1,40,0,517.0
10109802LEMOSF_2025-07-17_G11,10109802LEMOSF,2025-07-17,117861,1,10,0,155.0
10109802LEMOSF_2025-07-17_G12,10109802LEMOSF,2025-07-17,141047,1,10,0,131.0
10109802LEMOSF_2025-07-17_G13,10109802LEMOSF,2025-07-17,111467,1,20,0,134.0
10109802LEMOSF_2025-07-17_G14,10109802LEMOSF,2025-07-17,111602,1,80,0,345.0
10109802LEMOSF_2025-07-17_G15,10109802LEMOSF,2025-07-17,110515,1,50,0,474.0
10109802LEMOSF_2025-07-17_G16,10109802LEMOSF,2025-07-17,108772,1,10,0,402.0
10109802LEMOSF_2025-07-17_G17,10109802LEMOSF,2025-07-17,111530,1,30,0,520.0
10109802LEMOSF_2025-07-17_G18,10109802LEMOSF,2025-07-17,117833,1,40,0,389.0
10109802LEMOSF_2025-07-17_G19,10109802LEMOSF,2025-07-17,111532,1,60,0,90.0
10109802LEMOSF_2025-07-17_G20,10109802LEMOSF,2025-07-17,140922,1,40,0,132.0
10109802LEMOSF_2025-07-17_G21,10109802LEMOSF,2025-07-17,117838,1,10,0,79.0
10109802LEMOSF_2025-07-17_G22,10109802LEMOSF,2025-07-17,111465,1,30,0,364.0
10109802LEMOSF_2025-07-17_G23,10109802LEMOSF,2025-07-17,117830,1,30,0,1828.0
10109802LEMOSF_2025-07-17_G24,10109802LEMOSF,2025-07-17,117832,1,100,0,228.0
10109802LEMOSF_2025-07-17_G25,10109802LEMOSF,2025-07-17,117809,1,50,0,829.0
10109802LEMOSF_2025-07-17_G26,10109802LEMOSF,2025-07-17,110374,1,50,0,267.0
10109802LEMOSF_2025-07-17_G27,10109802LEMOSF,2025-07-17,107830,1,21,0,415.0
10109802LEMOSF_2025-07-17_G28,10109802LEMOSF,2025-07-17,110371,1,100,0,166.0
10109802LEMOSF_2025-07-17_G29,10109802LEMOSF,2025-07-17,110373,1,150,0,430.0
10109802LEMOSF_2025-07-17_G30,10109802LEMOSF,2025-07-17,110372,1,300,0,503.0
10109802LEMOSF_2025-07-18_G02,10109802LEMOSF,2025-07-18,118299,1,150,0,467.0
10109802LEMOSF_2025-07-18_G03,10109802LEMOSF,2025-07-18,141202,1,20,0,169.0
10109802LEMOSF_2025-07-18_G04,10109802LEMOSF,2025-07-18,111463,1,70,0,1738.0
10109802LEMOSF_2025-07-18_G05,10109802LEMOSF,2025-07-18,111418,1,8,0,1877.0
10109802LEMOSF_2025-07-18_G06,10109802LEMOSF,2025-07-18,117785,1,8,0,141.0
10109802LEMOSF_2025-07-18_G07,10109802LEMOSF,2025-07-18,111469,1,12,0,135.0
10109802LEMOSF_2025-07-18_G08,10109802LEMOSF,2025-07-18,111466,1,10,0,267.0
10109802LEMOSF_2025-07-18_G09,10109802LEMOSF,2025-07-18,111469,1,16,0,209.0
10109802LEMOSF_2025-07-18_G10,10109802LEMOSF,2025-07-18,100334,1,4,0,2664.0
10109802LEMOSF_2025-07-18_G11,10109802LEMOSF,2025-07-18,110841,1,2,0,78.0
10109802LEMOSF_2025-07-18_G12,10109802LEMOSF,2025-07-18,117820,1,70,0,470.0
10109802LEMOSF_2025-07-18_G13,10109802LEMOSF,2025-07-18,118299,1,40,0,480.0
10109802LEMOSF_2025-07-18_G15,10109802LEMOSF,2025-07-18,100334,1,8,0,237.0
10109802LEMOSF_2025-07-18_G16,10109802LEMOSF,2025-07-18,110371,1,2,0,164.0
10109802LEMOSF_2025-07-18_G17,10109802LEMOSF,2025-07-18,111660,1,4,0,1898.0
10109802LEMOSF_2025-07-18_G18,10109802LEMOSF,2025-07-18,117862,1,2,0,117.0
10109802LEMOSF_2025-07-18_G19,10109802LEMOSF,2025-07-18,110515,1,2,0,81.0
10109802LEMOSF_2025-07-18_G20,10109802LEMOSF,2025-07-18,111172,1,2,0,168.0
10109802LEMOSF_2025-07-18_G21,10109802LEMOSF,2025-07-18,117833,1,3,0,78.0
10109802LEMOSF_2025-07-18_G22,10109802LEMOSF,2025-07-18,109645,1,2,0,98.0
10109802LEMOSF_2025-07-18_G23,10109802LEMOSF,2025-07-18,108711,1,4,0,84.0
10109802LEMOSF_2025-07-18_G24,10109802LEMOSF,2025-07-18,111469,1,4,0,102.0
10109802LEMOSF_2025-07-18_G25,10109802LEMOSF,2025-07-18,111468,1,1,0,72.0
10109802LEMOSF_2025-07-18_G26,10109802LEMOSF,2025-07-18,110711,1,2,0,688.0
10109802LEMOSF_2025-07-18_G27,10109802LEMOSF,2025-07-18,118289,1,4,0,503.0
10109802LEMOSF_2025-07-18_G28,10109802LEMOSF,2025-07-18,111530,1,4,0,200.0
10109802LEMOSF_2025-07-18_G29,10109802LEMOSF,2025-07-18,108794,1,10,0,356.0
10109802LEMOSF_2025-07-18_G30,10109802LEMOSF,2025-07-18,111462,1,6,0,93.0
10109802LEMOSF_2025-07-18_G31,10109802LEMOSF,2025-07-18,111743,1,10,0,98.0
10109802LEMOSF_2025-07-18_G32,10109802LEMOSF,2025-07-18,111418,1,12,0,125.0
10109802LEMOSF_2025-07-18_G33,10109802LEMOSF,2025-07-18,117785,1,2,0,98.0
10109802LEMOSF_2025-07-18_G34,10109802LEMOSF,2025-07-18,117831,1,10,0,103.0
10109802LEMOSF_2025-07-18_G35,10109802LEMOSF,2025-07-18,111469,1,6,0,137.0
10109802LEMOSF_2025-07-18_G36,10109802LEMOSF,2025-07-18,111466,1,12,0,154.0
10109802LEMOSF_2025-07-18_G37,10109802LEMOSF,2025-07-18,117830,1,4,0,193.0
10109802LEMOSF_2025-07-18_G38,10109802LEMOSF,2025-07-18,110374,1,4,0,114.0
10109802LEMOSF_2025-07-18_G39,10109802LEMOSF,2025-07-18,110372,1,12,0,238.0
10109802LEMOSF_2025-07-18_G40,10109802LEMOSF,2025-07-18,110373,1,16,0,137.0
10109802LEMOSF_2025-07-18_G41,10109802LEMOSF,2025-07-18,117820,1,6,0,99.0
10109802LEMOSF_2025-07-18_G42,10109802LEMOSF,2025-07-18,118299,1,80,0,316.0
10109802LEMOSF_2025-07-18_G43,10109802LEMOSF,2025-07-18,117808,1,1000,0,2924.0
10109802LEMOSF_2025-07-18_G44,10109802LEMOSF,2025-07-18,117808,1,202,0,401.0
10109802LEMOSF_2025-07-18_G45,10109802LEMOSF,2025-07-18,118299,1,200,0,379.0
10109802LEMOSF_2025-07-18_G46,10109802LEMOSF,2025-07-18,118299,1,10,0,102.0
10109802LEMOSF_2025-07-18_G47,10109802LEMOSF,2025-07-18,118299,1,4,0,48.0
10109802LEMOSF_2025-07-18_G48,10109802LEMOSF,2025-07-18,117935,1,40,0,132.0
10109802LEMOSF_2025-07-19_G02,10109802LEMOSF,2025-07-19,110742,1,8,0,160.0
10109802LEMOSF_2025-07-19_G03,10109802LEMOSF,2025-07-19,110747,1,4,0,110.0
10109802LEMOSF_2025-07-19_G04,10109802LEMOSF,2025-07-19,117836,1,4,0,135.0
10109802LEMOSF_2025-07-19_G05,10109802LEMOSF,2025-07-19,111569,1,8,0,312.0
10109802LEMOSF_2025-07-19_G06,10109802LEMOSF,2025-07-19,111418,1,60,0,477.0
10109802LEMOSF_2025-07-19_G07,10109802LEMOSF,2025-07-19,117785,1,12,0,177.0
10109802LEMOSF_2025-07-19_G08,10109802LEMOSF,2025-07-19,111433,1,4,0,67.0
10109802LEMOSF_2025-07-19_G09,10109802LEMOSF,2025-07-19,117831,1,40,0,663.0
10109802LEMOSF_2025-07-19_G10,10109802LEMOSF,2025-07-19,111469,1,30,0,211.0
10109802LEMOSF_2025-07-19_G12,10109802LEMOSF,2025-07-19,117820,1,346,0,909.0
10109802LEMOSF_2025-07-19_G13,10109802LEMOSF,2025-07-19,110515,1,1,0,227.0
10109802LEMOSF_2025-07-19_G14,10109802LEMOSF,2025-07-19,111467,1,5,0,1715.0
10109802LEMOSF_2025-07-19_G15,10109802LEMOSF,2025-07-19,110515,1,4,0,117.0
10109802LEMOSF_2025-07-19_G16,10109802LEMOSF,2025-07-19,111418,1,5,0,93.0
10109802LEMOSF_2025-07-19_G17,10109802LEMOSF,2025-07-19,118140,1,1,0,40.0
10109802LEMOSF_2025-07-19_G18,10109802LEMOSF,2025-07-19,110325,1,4,0,98.0
10109802LEMOSF_2025-07-19_G19,10109802LEMOSF,2025-07-19,110371,1,13,0,166.0
10109802LEMOSF_2025-07-19_G21,10109802LEMOSF,2025-07-19,110373,1,2,0,105.0
10109802LEMOSF_2025-07-19_G22,10109802LEMOSF,2025-07-19,110372,1,6,0,97.0
10109802LEMOSF_2025-07-19_G23,10109802LEMOSF,2025-07-19,100334,1,4,0,636.0
10109802LEMOSF_2025-07-19_G24,10109802LEMOSF,2025-07-19,111438,1,9,0,301.0
10109802LEMOSF_2025-07-19_G25,10109802LEMOSF,2025-07-19,111418,1,5,0,173.0
10109802LEMOSF_2025-07-19_G26,10109802LEMOSF,2025-07-19,111463,1,5,0,2285.0
10109802LEMOSF_2025-07-19_G27,10109802LEMOSF,2025-07-19,110325,1,700,0,1860.0
10109802LEMOSF_2025-07-19_G28,10109802LEMOSF,2025-07-19,110374,1,900,0,1002.0
10109802LEMOSF_2025-07-21_G02,10109802LEMOSF,2025-07-21,109643,1,13,0,148.0
10109802LEMOSF_2025-07-21_G03,10109802LEMOSF,2025-07-21,117809,1,14,0,126.0
10109802LEMOSF_2025-07-21_G04,10109802LEMOSF,2025-07-21,110373,1,188,0,1870.0
10109802LEMOSF_2025-07-21_G05,10109802LEMOSF,2025-07-21,110374,1,8,0,156.0
10109802LEMOSF_2025-07-21_G06,10109802LEMOSF,2025-07-21,107830,1,10,0,118.0
10109802LEMOSF_2025-07-21_G07,10109802LEMOSF,2025-07-21,110376,1,4,0,78.0
10109802LEMOSF_2025-07-21_G08,10109802LEMOSF,2025-07-21,110371,1,53,0,239.0
10109802LEMOSF_2025-07-21_G09,10109802LEMOSF,2025-07-21,118299,1,12,0,108.0
10109802LEMOSF_2025-07-21_G10,10109802LEMOSF,2025-07-21,110372,1,76,0,216.0
10109802LEMOSF_2025-07-21_G11,10109802LEMOSF,2025-07-21,110339,1,12,0,278.0
10109802LEMOSF_2025-07-21_G12,10109802LEMOSF,2025-07-21,117786,1,4,0,198.0
10109802LEMOSF_2025-07-21_G13,10109802LEMOSF,2025-07-21,111467,1,6,0,134.0
10109802LEMOSF_2025-07-21_G14,10109802LEMOSF,2025-07-21,108772,1,4,0,588.0
10109802LEMOSF_2025-07-21_G15,10109802LEMOSF,2025-07-21,110752,1,2,0,100.0
10109802LEMOSF_2025-07-22_G02,10109802LEMOSF,2025-07-22,111530,1,2,0,142.0
10109802LEMOSF_2025-07-22_G03,10109802LEMOSF,2025-07-22,117821,1,1,0,461.0
10109802LEMOSF_2025-07-22_G04,10109802LEMOSF,2025-07-22,111418,1,4,0,92.0
10109802LEMOSF_2025-07-22_G05,10109802LEMOSF,2025-07-22,118140,1,4,0,46.0
10109802LEMOSF_2025-07-22_G06,10109802LEMOSF,2025-07-22,111469,1,2,0,125.0
10109802LEMOSF_2025-07-22_G07,10109802LEMOSF,2025-07-22,117808,1,20,0,389.0
10109802LEMOSF_2025-07-22_G08,10109802LEMOSF,2025-07-22,117808,1,13,0,102.0
10109802LEMOSF_2025-07-22_G09,10109802LEMOSF,2025-07-22,110742,1,2,0,420.0
10109802LEMOSF_2025-07-22_G10,10109802LEMOSF,2025-07-22,111430,1,2,0,176.0
10109802LEMOSF_2025-07-22_G11,10109802LEMOSF,2025-07-22,117836,1,2,0,86.0
10109802LEMOSF_2025-07-22_G12,10109802LEMOSF,2025-07-22,108771,1,4,0,141.0
10109802LEMOSF_2025-07-22_G13,10109802LEMOSF,2025-07-22,117862,1,2,0,113.0
10109802LEMOSF_2025-07-22_G14,10109802LEMOSF,2025-07-22,141047,1,4,0,77.0
10109802LEMOSF_2025-07-22_G15,10109802LEMOSF,2025-07-22,109647,1,2,0,55.0
10109802LEMOSF_2025-07-22_G16,10109802LEMOSF,2025-07-22,111467,1,4,0,85.0
10109802LEMOSF_2025-07-22_G17,10109802LEMOSF,2025-07-22,117855,1,4,0,77.0
10109802LEMOSF_2025-07-22_G18,10109802LEMOSF,2025-07-22,111602,1,4,0,145.0
10109802LEMOSF_2025-07-22_G19,10109802LEMOSF,2025-07-22,108772,1,2,0,72.0
10109802LEMOSF_2025-07-22_G20,10109802LEMOSF,2025-07-22,117856,1,2,0,728.0
10109802LEMOSF_2025-07-22_G21,10109802LEMOSF,2025-07-22,105705,1,2,0,170.0
10109802LEMOSF_2025-07-22_G22,10109802LEMOSF,2025-07-22,110751,1,4,0,80.0
10109802LEMOSF_2025-07-22_G23,10109802LEMOSF,2025-07-22,140922,1,6,0,209.0
10109802LEMOSF_2025-07-22_G24,10109802LEMOSF,2025-07-22,111348,1,2,0,66.0
10109802LEMOSF_2025-07-22_G25,10109802LEMOSF,2025-07-22,117821,1,8,0,139.0
10109802LEMOSF_2025-07-22_G26,10109802LEMOSF,2025-07-22,109641,1,3,0,366.0
10109802LEMOSF_2025-07-22_G27,10109802LEMOSF,2025-07-22,118140,1,6,0,91.0
10109802LEMOSF_2025-07-22_G28,10109802LEMOSF,2025-07-22,111442,1,4,0,227.0
10109802LEMOSF_2025-07-22_G29,10109802LEMOSF,2025-07-22,110740,1,3,0,158.0
10109802LEMOSF_2025-07-22_G30,10109802LEMOSF,2025-07-22,110325,1,4,0,153.0
10109802LEMOSF_2025-07-22_G31,10109802LEMOSF,2025-07-22,110743,1,2,0,1641.0
10109802LEMOSF_2025-07-22_G32,10109802LEMOSF,2025-07-22,110751,1,2,0,67.0
10109802LEMOSF_2025-07-22_G33,10109802LEMOSF,2025-07-22,140922,1,6,0,79.0
10109802LEMOSF_2025-07-22_G34,10109802LEMOSF,2025-07-22,111348,1,2,0,41.0
10109802LEMOSF_2025-07-22_G35,10109802LEMOSF,2025-07-22,111443,1,2,0,63.0
10109802LEMOSF_2025-07-22_G36,10109802LEMOSF,2025-07-22,108711,1,5,0,70.0
10109802LEMOSF_2025-07-22_G37,10109802LEMOSF,2025-07-22,117838,1,2,0,55.0
10109802LEMOSF_2025-07-22_G38,10109802LEMOSF,2025-07-22,111462,1,4,0,66.0
10109802LEMOSF_2025-07-22_G39,10109802LEMOSF,2025-07-22,110745,1,1,0,41.0
10109802LEMOSF_2025-07-22_G40,10109802LEMOSF,2025-07-22,117821,1,6,0,70.0
10109802LEMOSF_2025-07-22_G41,10109802LEMOSF,2025-07-22,109641,1,6,0,147.0
10109802LEMOSF_2025-07-22_G42,10109802LEMOSF,2025-07-22,111418,1,14,0,285.0
10109802LEMOSF_2025-07-22_G43,10109802LEMOSF,2025-07-22,118140,1,10,0,180.0
10109802LEMOSF_2025-07-22_G44,10109802LEMOSF,2025-07-22,108794,1,4,0,140.0
10109802LEMOSF_2025-07-22_G45,10109802LEMOSF,2025-07-22,117831,1,10,0,470.0
10109802LEMOSF_2025-07-22_G46,10109802LEMOSF,2025-07-22,111469,1,2,0,75.0
10109802LEMOSF_2025-07-22_G47,10109802LEMOSF,2025-07-22,110740,1,5,0,108.0
10109802LEMOSF_2025-07-22_G48,10109802LEMOSF,2025-07-22,111466,1,4,0,46.0
10109802LEMOSF_2025-07-22_G49,10109802LEMOSF,2025-07-22,107236,1,4,0,49.0
10109802LEMOSF_2025-07-22_G50,10109802LEMOSF,2025-07-22,111463,1,10,0,386.0
10109802LEMOSF_2025-07-22_G51,10109802LEMOSF,2025-07-22,108770,1,2,0,172.0
10109802LEMOSF_2025-07-22_G52,10109802LEMOSF,2025-07-22,110742,1,4,0,345.0
10109802LEMOSF_2025-07-22_G54,10109802LEMOSF,2025-07-22,100334,1,2,0,149.0
10109802LEMOSF_2025-07-22_G55,10109802LEMOSF,2025-07-22,117836,1,4,0,134.0
10109802LEMOSF_2025-07-22_G56,10109802LEMOSF,2025-07-22,117834,1,6,0,118.0
10109802LEMOSF_2025-07-22_G57,10109802LEMOSF,2025-07-22,117835,1,2,0,106.0
10109802LEMOSF_2025-07-22_G58,10109802LEMOSF,2025-07-22,141047,1,1,0,85.0
10109802LEMOSF_2025-07-22_G59,10109802LEMOSF,2025-07-22,111467,1,4,0,180.0
10109802LEMOSF_2025-07-22_G60,10109802LEMOSF,2025-07-22,117855,1,4,0,98.0
10109802LEMOSF_2025-07-22_G61,10109802LEMOSF,2025-07-22,110711,1,3,0,103.0
10109802LEMOSF_2025-07-22_G62,10109802LEMOSF,2025-07-22,111602,1,4,0,94.0
10109802LEMOSF_2025-07-22_G63,10109802LEMOSF,2025-07-22,117861,1,1,0,79.0
10109802LEMOSF_2025-07-22_G64,10109802LEMOSF,2025-07-22,105705,1,1,0,3282.0
10109802LEMOSF_2025-07-22_G65,10109802LEMOSF,2025-07-22,111348,1,21,0,357.0
10109802LEMOSF_2025-07-22_G66,10109802LEMOSF,2025-07-22,117838,1,2,0,101.0
10109802LEMOSF_2025-07-22_G67,10109802LEMOSF,2025-07-22,110745,1,54,0,319.0
10109802LEMOSF_2025-07-22_G68,10109802LEMOSF,2025-07-22,117833,1,3,0,422.0
10109802LEMOSF_2025-07-22_G69,10109802LEMOSF,2025-07-22,108798,1,77,0,349.0
10109802LEMOSF_2025-07-22_G70,10109802LEMOSF,2025-07-22,109645,1,42,0,1491.0
10109802LEMOSF_2025-07-22_G71,10109802LEMOSF,2025-07-22,110748,1,10,0,170.0
10109802LEMOSF_2025-07-22_G72,10109802LEMOSF,2025-07-22,108794,1,13,0,189.0
10109802LEMOSF_2025-07-22_G73,10109802LEMOSF,2025-07-22,111469,1,59,0,297.0
10109802LEMOSF_2025-07-22_G74,10109802LEMOSF,2025-07-22,110740,1,7,0,491.0
10109802LEMOSF_2025-07-23_G02,10109802LEMOSF,2025-07-23,111120,1,2,0,345.0
10109802LEMOSF_2025-07-23_G03,10109802LEMOSF,2025-07-23,111447,1,4,0,389.0
10109802LEMOSF_2025-07-23_G04,10109802LEMOSF,2025-07-23,110582,1,3,0,183.0
10109802LEMOSF_2025-07-23_G05,10109802LEMOSF,2025-07-23,118417,1,12,0,234.0
10109802LEMOSF_2025-07-23_G06,10109802LEMOSF,2025-07-23,110313,1,20,0,262.0
10109802LEMOSF_2025-07-23_G07,10109802LEMOSF,2025-07-23,117855,1,20,0,171.0
10109802LEMOSF_2025-07-23_G08,10109802LEMOSF,2025-07-23,111602,1,20,0,264.0
10109802LEMOSF_2025-07-23_G09,10109802LEMOSF,2025-07-23,117935,1,20,0,232.0
10109802LEMOSF_2025-07-23_G10,10109802LEMOSF,2025-07-23,111532,1,20,0,1221.0
10109802LEMOSF_2025-07-23_G11,10109802LEMOSF,2025-07-23,141823,1,60,0,368.0
10109802LEMOSF_2025-07-23_G12,10109802LEMOSF,2025-07-23,117808,1,1000,0,3450.0
10109802LEMOSF_2025-07-23_G13,10109802LEMOSF,2025-07-23,118285,1,2,0,2286.0
10109802LEMOSF_2025-07-23_G14,10109802LEMOSF,2025-07-23,110743,1,4,0,86.0
10109802LEMOSF_2025-07-23_G15,10109802LEMOSF,2025-07-23,117833,1,4,0,66.0
10109802LEMOSF_2025-07-23_G16,10109802LEMOSF,2025-07-23,109645,1,2,0,82.0
10109802LEMOSF_2025-07-23_G17,10109802LEMOSF,2025-07-23,111433,1,2,0,73.0
10109802LEMOSF_2025-07-23_G18,10109802LEMOSF,2025-07-23,141823,1,4,0,78.0
10109802LEMOSF_2025-07-23_G19,10109802LEMOSF,2025-07-23,111444,1,4,0,41.0
10109802LEMOSF_2025-07-23_G20,10109802LEMOSF,2025-07-23,110740,1,1,0,67.0
10109802LEMOSF_2025-07-23_G21,10109802LEMOSF,2025-07-23,111468,1,2,0,51.0
10109802LEMOSF_2025-07-23_G22,10109802LEMOSF,2025-07-23,110895,1,2,0,107.0
10109802LEMOSF_2025-07-23_G23,10109802LEMOSF,2025-07-23,110376,1,1,0,117.0
10109802LEMOSF_2025-07-23_G24,10109802LEMOSF,2025-07-23,"110375, 117809",2,4,6,236.0
10109802LEMOSF_2025-07-23_G26,10109802LEMOSF,2025-07-23,111530,1,1,0,116.0
10109802LEMOSF_2025-07-23_G27,10109802LEMOSF,2025-07-23,111530,1,28,0,219.0
10109802LEMOSF_2025-07-23_G28,10109802LEMOSF,2025-07-23,117830,1,3,0,804.0
10109802LEMOSF_2025-07-23_G29,10109802LEMOSF,2025-07-23,117832,1,2,0,47.0
10109802LEMOSF_2025-07-23_G30,10109802LEMOSF,2025-07-23,110374,1,7,0,295.0
10109802LEMOSF_2025-07-23_G31,10109802LEMOSF,2025-07-23,110371,1,8,0,172.0
10109802LEMOSF_2025-07-23_G32,10109802LEMOSF,2025-07-23,118299,1,5,0,65.0
10109802LEMOSF_2025-07-23_G33,10109802LEMOSF,2025-07-23,110373,1,1,0,103.0
10109802LEMOSF_2025-07-23_G34,10109802LEMOSF,2025-07-23,110372,1,6,0,62.0
10109802LEMOSF_2025-07-23_G35,10109802LEMOSF,2025-07-23,110325,1,3,0,382.0
10109802LEMOSF_2025-07-23_G36,10109802LEMOSF,2025-07-23,109643,1,4,0,64.0
10109802LEMOSF_2025-07-23_G37,10109802LEMOSF,2025-07-23,110374,1,12,0,122.0
10109802LEMOSF_2025-07-23_G38,10109802LEMOSF,2025-07-23,118299,1,4,0,121.0
10109802LEMOSF_2025-07-23_G39,10109802LEMOSF,2025-07-23,117808,1,54,0,109.0
10109802LEMOSF_2025-07-23_G40,10109802LEMOSF,2025-07-23,109643,1,1,0,2332.0
10109802LEMOSF_2025-07-23_G41,10109802LEMOSF,2025-07-23,117830,1,12,0,113.0
10109802LEMOSF_2025-07-23_G42,10109802LEMOSF,2025-07-23,110374,1,4,0,116.0
10109802LEMOSF_2025-07-23_G43,10109802LEMOSF,2025-07-23,110371,1,6,0,86.0
10109802LEMOSF_2025-07-23_G44,10109802LEMOSF,2025-07-23,118299,1,32,0,284.0
10109802LEMOSF_2025-07-23_G45,10109802LEMOSF,2025-07-23,110373,1,12,0,115.0
10109802LEMOSF_2025-07-23_G46,10109802LEMOSF,2025-07-23,110372,1,30,0,328.0
10109802LEMOSF_2025-07-23_G47,10109802LEMOSF,2025-07-23,117808,1,10,0,213.0
10109802LEMOSF_2025-07-23_G48,10109802LEMOSF,2025-07-23,111172,1,4,0,598.0
10109802LEMOSF_2025-07-23_G49,10109802LEMOSF,2025-07-23,111348,1,2,0,483.0
10109802LEMOSF_2025-07-23_G50,10109802LEMOSF,2025-07-23,140922,1,6,0,168.0
10109802LEMOSF_2025-07-23_G51,10109802LEMOSF,2025-07-23,110740,1,2,0,171.0
10109802LEMOSF_2025-07-23_G52,10109802LEMOSF,2025-07-23,111468,1,3,0,61.0
10109802LEMOSF_2025-07-23_G53,10109802LEMOSF,2025-07-23,117785,1,17,0,210.0
10109802LEMOSF_2025-07-24_G02,10109802LEMOSF,2025-07-24,109641,1,10,0,183.0
10109802LEMOSF_2025-07-24_G03,10109802LEMOSF,2025-07-24,111439,1,4,0,237.0
10109802LEMOSF_2025-07-24_G04,10109802LEMOSF,2025-07-24,111430,1,4,0,172.0
10109802LEMOSF_2025-07-24_G05,10109802LEMOSF,2025-07-24,111850,1,12,0,298.0
10109802LEMOSF_2025-07-24_G06,10109802LEMOSF,2025-07-24,105705,1,7,0,349.0
10109802LEMOSF_2025-07-24_G07,10109802LEMOSF,2025-07-24,111348,1,6,0,108.0
10109802LEMOSF_2025-07-24_G08,10109802LEMOSF,2025-07-24,111462,1,12,0,110.0
10109802LEMOSF_2025-07-24_G09,10109802LEMOSF,2025-07-24,111466,1,4,0,49.0
10109802LEMOSF_2025-07-24_G10,10109802LEMOSF,2025-07-24,117821,1,4,0,41.0
10109802LEMOSF_2025-07-24_G11,10109802LEMOSF,2025-07-24,111532,1,10,0,104.0
10109802LEMOSF_2025-07-24_G12,10109802LEMOSF,2025-07-24,109641,1,12,0,208.0
10109802LEMOSF_2025-07-24_G13,10109802LEMOSF,2025-07-24,109645,1,8,0,245.0
10109802LEMOSF_2025-07-24_G14,10109802LEMOSF,2025-07-24,117785,1,10,0,117.0
10109802LEMOSF_2025-07-24_G15,10109802LEMOSF,2025-07-24,118317,1,4,0,64.0
10109802LEMOSF_2025-07-24_G16,10109802LEMOSF,2025-07-24,108794,1,11,0,103.0
10109802LEMOSF_2025-07-24_G17,10109802LEMOSF,2025-07-24,110325,1,6,0,184.0
10109802LEMOSF_2025-07-24_G18,10109802LEMOSF,2025-07-24,109643,1,16,0,139.0
10109802LEMOSF_2025-07-24_G19,10109802LEMOSF,2025-07-24,118299,1,18,0,172.0
10109802LEMOSF_2025-07-24_G20,10109802LEMOSF,2025-07-24,110371,1,5,0,190.0
10109802LEMOSF_2025-07-24_G21,10109802LEMOSF,2025-07-24,"117834, 118222",2,6,18,297.0
10109802LEMOSF_2025-07-24_G22,10109802LEMOSF,2025-07-24,111439,1,8,0,103.0
10109802LEMOSF_2025-07-24_G23,10109802LEMOSF,2025-07-24,111463,1,7,0,409.0
10109802LEMOSF_2025-07-25_G02,10109802LEMOSF,2025-07-25,111435,1,1,0,81.0
10109802LEMOSF_2025-07-25_G03,10109802LEMOSF,2025-07-25,110129,1,1,0,39.0
10109802LEMOSF_2025-07-25_G04,10109802LEMOSF,2025-07-25,110743,1,23,0,554.0
10109802LEMOSF_2025-07-25_G05,10109802LEMOSF,2025-07-25,105705,1,13,0,135.0
10109802LEMOSF_2025-07-25_G06,10109802LEMOSF,2025-07-25,111348,1,20,0,202.0
10109802LEMOSF_2025-07-25_G07,10109802LEMOSF,2025-07-25,111443,1,9,0,345.0
10109802LEMOSF_2025-07-25_G08,10109802LEMOSF,2025-07-25,117838,1,11,0,90.0
10109802LEMOSF_2025-07-25_G09,10109802LEMOSF,2025-07-25,117833,1,12,0,106.0
10109802LEMOSF_2025-07-25_G10,10109802LEMOSF,2025-07-25,111431,1,7,0,175.0
10109802LEMOSF_2025-07-25_G11,10109802LEMOSF,2025-07-25,111462,1,39,0,458.0
10109802LEMOSF_2025-07-25_G12,10109802LEMOSF,2025-07-25,118326,1,5,0,135.0
10109802LEMOSF_2025-07-25_G13,10109802LEMOSF,2025-07-25,116241,1,1,0,103.0
10109802LEMOSF_2025-07-25_G14,10109802LEMOSF,2025-07-25,117787,1,28,0,347.0
10109802LEMOSF_2025-07-25_G15,10109802LEMOSF,2025-07-25,118317,1,1,0,52.0
10109802LEMOSF_2025-07-25_G16,10109802LEMOSF,2025-07-25,111433,1,1,0,32.0
10109802LEMOSF_2025-07-25_G17,10109802LEMOSF,2025-07-25,141823,1,40,0,386.0
10109802LEMOSF_2025-07-25_G18,10109802LEMOSF,2025-07-25,111444,1,10,0,262.0
10109802LEMOSF_2025-07-25_G19,10109802LEMOSF,2025-07-25,110740,1,39,0,498.0
10109802LEMOSF_2025-07-25_G20,10109802LEMOSF,2025-07-25,109649,1,5,0,468.0
10109802LEMOSF_2025-07-25_G21,10109802LEMOSF,2025-07-25,141035,1,6,0,1915.0
10109802LEMOSF_2025-07-25_G22,10109802LEMOSF,2025-07-25,111876,1,3,0,130.0
10109802LEMOSF_2025-07-25_G23,10109802LEMOSF,2025-07-25,111602,1,20,0,161.0
10109802LEMOSF_2025-07-25_G24,10109802LEMOSF,2025-07-25,117786,1,20,0,513.0
10109802LEMOSF_2025-07-25_G25,10109802LEMOSF,2025-07-25,118298,1,10,0,1502.0
10109802LEMOSF_2025-07-26_G02,10109802LEMOSF,2025-07-26,117862,1,4,0,104.0
10109802LEMOSF_2025-07-26_G03,10109802LEMOSF,2025-07-26,117855,1,4,0,110.0
10109802LEMOSF_2025-07-26_G04,10109802LEMOSF,2025-07-26,110711,1,4,0,74.0
10109802LEMOSF_2025-07-26_G05,10109802LEMOSF,2025-07-26,111602,1,2,0,77.0
10109802LEMOSF_2025-07-26_G06,10109802LEMOSF,2025-07-26,110515,1,1,0,34.0
10109802LEMOSF_2025-07-26_G07,10109802LEMOSF,2025-07-26,111530,1,2,0,91.0
10109802LEMOSF_2025-07-26_G08,10109802LEMOSF,2025-07-26,117856,1,4,0,251.0
10109802LEMOSF_2025-07-26_G09,10109802LEMOSF,2025-07-26,111743,1,4,0,1034.0
10109802LEMOSF_2025-07-26_G10,10109802LEMOSF,2025-07-26,117831,1,4,0,266.0
10109802LEMOSF_2025-07-26_G11,10109802LEMOSF,2025-07-26,111418,1,3,0,109.0
10109802LEMOSF_2025-07-26_G12,10109802LEMOSF,2025-07-26,108711,1,4,0,103.0
10109802LEMOSF_2025-07-26_G13,10109802LEMOSF,2025-07-26,110787,1,4,0,62.0
10109802LEMOSF_2025-07-26_G14,10109802LEMOSF,2025-07-26,111469,1,4,0,116.0
10109802LEMOSF_2025-07-26_G15,10109802LEMOSF,2025-07-26,109641,1,2,0,73.0
10109802LEMOSF_2025-07-26_G16,10109802LEMOSF,2025-07-26,118140,1,4,0,76.0
10109802LEMOSF_2025-07-26_G17,10109802LEMOSF,2025-07-26,108794,1,2,0,87.0
10109802LEMOSF_2025-07-26_G18,10109802LEMOSF,2025-07-26,110740,1,4,0,98.0
10109802LEMOSF_2025-07-26_G20,10109802LEMOSF,2025-07-26,109643,1,12,0,127.0
10109802LEMOSF_2025-07-26_G21,10109802LEMOSF,2025-07-26,117830,1,21,0,157.0
10109802LEMOSF_2025-07-26_G22,10109802LEMOSF,2025-07-26,117832,1,9,0,157.0
10109802LEMOSF_2025-07-26_G23,10109802LEMOSF,2025-07-26,117809,1,8,0,240.0
10109802LEMOSF_2025-07-26_G24,10109802LEMOSF,2025-07-26,110371,1,17,0,159.0
10109802LEMOSF_2025-07-26_G25,10109802LEMOSF,2025-07-26,110373,1,50,0,122.0
10109802LEMOSF_2025-07-26_G26,10109802LEMOSF,2025-07-26,110374,1,29,0,494.0
10109802LEMOSF_2025-07-26_G27,10109802LEMOSF,2025-07-26,117820,1,13,0,304.0
10109802LEMOSF_2025-07-26_G28,10109802LEMOSF,2025-07-26,118299,1,45,0,305.0
10109802LEMOSF_2025-07-26_G29,10109802LEMOSF,2025-07-26,110372,1,53,0,274.0
10109802LEMOSF_2025-07-26_G30,10109802LEMOSF,2025-07-26,117808,1,79,0,658.0
10109802LEMOSF_2025-07-26_G31,10109802LEMOSF,2025-07-26,110375,1,2,0,697.0
10109802LEMOSF_2025-07-26_G32,10109802LEMOSF,2025-07-26,109643,1,2,0,51.0
10109802LEMOSF_2025-07-26_G33,10109802LEMOSF,2025-07-26,117830,1,2,0,51.0
10109802LEMOSF_2025-07-26_G34,10109802LEMOSF,2025-07-26,117832,1,4,0,32.0
10109802LEMOSF_2025-07-26_G36,10109802LEMOSF,2025-07-26,118299,1,11,0,168.0
10109802LEMOSF_2025-07-26_G37,10109802LEMOSF,2025-07-26,110371,1,10,0,311.0
10109802LEMOSF_2025-07-26_G38,10109802LEMOSF,2025-07-26,110371,1,21,0,118.0
10109802LEMOSF_2025-07-26_G39,10109802LEMOSF,2025-07-26,110373,1,30,0,409.0
10109802LEMOSF_2025-07-26_G40,10109802LEMOSF,2025-07-26,110373,1,20,0,353.0
10109802LEMOSF_2025-07-26_G41,10109802LEMOSF,2025-07-26,110374,1,4,0,66.0
10109802LEMOSF_2025-07-26_G42,10109802LEMOSF,2025-07-26,117820,2,10,28,63.0
10109802LEMOSF_2025-07-26_G43,10109802LEMOSF,2025-07-26,117820,1,10,0,53.0
10109802LEMOSF_2025-07-26_G44,10109802LEMOSF,2025-07-26,117822,1,2,0,98.0
10109802LEMOSF_2025-07-26_G45,10109802LEMOSF,2025-07-26,110372,1,30,0,281.0
10109802LEMOSF_2025-07-26_G46,10109802LEMOSF,2025-07-26,110372,1,16,0,78.0
10109802LEMOSF_2025-07-26_G47,10109802LEMOSF,2025-07-26,117808,1,30,0,155.0
10109802LEMOSF_2025-07-26_G48,10109802LEMOSF,2025-07-26,117808,1,46,0,159.0
10109802LEMOSF_2025-07-26_G49,10109802LEMOSF,2025-07-26,110752,1,8,0,611.0
10109802LEMOSF_2025-07-26_G50,10109802LEMOSF,2025-07-26,111466,1,8,0,117.0
10109802LEMOSF_2025-07-26_G51,10109802LEMOSF,2025-07-26,110787,1,9,0,103.0
10109802LEMOSF_2025-07-26_G52,10109802LEMOSF,2025-07-26,117809,1,12,0,631.0
10109802LEMOSF_2025-07-26_G53,10109802LEMOSF,2025-07-26,118299,1,28,0,131.0
10109802LEMOSF_2025-07-26_G54,10109802LEMOSF,2025-07-26,107830,1,8,0,120.0
10109802LEMOSF_2025-07-26_G55,10109802LEMOSF,2025-07-26,110373,1,14,0,149.0
10109802LEMOSF_2025-07-26_G56,10109802LEMOSF,2025-07-26,110374,1,4,0,50.0
10109802LEMOSF_2025-07-26_G57,10109802LEMOSF,2025-07-26,117820,1,24,0,323.0
10109802LEMOSF_2025-07-26_G58,10109802LEMOSF,2025-07-26,141202,1,6,0,77.0
10109802LEMOSF_2025-07-26_G59,10109802LEMOSF,2025-07-26,110372,1,24,0,262.0
10109802LEMOSF_2025-07-26_G60,10109802LEMOSF,2025-07-26,117808,1,13,0,84.0
10109802LEMOSF_2025-07-26_G61,10109802LEMOSF,2025-07-26,110711,1,7,0,122.0
10109802LEMOSF_2025-07-26_G62,10109802LEMOSF,2025-07-26,111602,1,17,0,423.0
10109802LEMOSF_2025-07-28_G02,10109802LEMOSF,2025-07-28,110787,1,18,0,507.0
10109802LEMOSF_2025-07-28_G03,10109802LEMOSF,2025-07-28,141456,1,4,0,184.0
10109802LEMOSF_2025-07-28_G04,10109802LEMOSF,2025-07-28,141456,1,6,0,566.0
10109802LEMOSF_2025-07-28_G05,10109802LEMOSF,2025-07-28,141456,1,8,0,93.0
10109802LEMOSF_2025-07-28_G06,10109802LEMOSF,2025-07-28,110787,1,4,0,96.0
10109802LEMOSF_2025-07-28_G07,10109802LEMOSF,2025-07-28,111463,1,8,0,438.0
10109802LEMOSF_2025-07-28_G09,10109802LEMOSF,2025-07-28,111172,1,3,0,104.0
10109802LEMOSF_2025-07-28_G10,10109802LEMOSF,2025-07-28,108795,1,2,0,67.0
10109802LEMOSF_2025-07-28_G11,10109802LEMOSF,2025-07-28,110743,1,2,0,66.0
10109802LEMOSF_2025-07-28_G12,10109802LEMOSF,2025-07-28,110751,1,2,0,105.0
10109802LEMOSF_2025-07-28_G13,10109802LEMOSF,2025-07-28,108711,1,8,0,153.0
10109802LEMOSF_2025-07-28_G14,10109802LEMOSF,2025-07-28,111418,1,14,0,349.0
10109802LEMOSF_2025-07-28_G15,10109802LEMOSF,2025-07-28,111466,1,12,0,244.0
10109802LEMOSF_2025-07-28_G16,10109802LEMOSF,2025-07-28,111431,1,2,0,162.0
10109802LEMOSF_2025-07-28_G17,10109802LEMOSF,2025-07-28,118223,1,4,0,215.0
10109802LEMOSF_2025-07-28_G18,10109802LEMOSF,2025-07-28,141823,1,4,0,149.0
10109802LEMOSF_2025-07-28_G19,10109802LEMOSF,2025-07-28,107236,1,4,0,132.0
10109802LEMOSF_2025-07-28_G20,10109802LEMOSF,2025-07-28,141271,1,8,0,169.0
10109802LEMOSF_2025-07-28_G21,10109802LEMOSF,2025-07-28,118222,1,4,0,1239.0
10109802LEMOSF_2025-07-28_G22,10109802LEMOSF,2025-07-28,111469,1,1,0,101.0
10109802LEMOSF_2025-07-28_G23,10109802LEMOSF,2025-07-28,107629,1,4,0,439.0
10109802LEMOSF_2025-07-28_G24,10109802LEMOSF,2025-07-28,111876,1,4,0,72.0
10109802LEMOSF_2025-07-28_G25,10109802LEMOSF,2025-07-28,117862,1,4,0,126.0
10109802LEMOSF_2025-07-28_G26,10109802LEMOSF,2025-07-28,117861,1,3,0,70.0
10109802LEMOSF_2025-07-28_G27,10109802LEMOSF,2025-07-28,110750,1,3,0,108.0
10109802LEMOSF_2025-07-28_G28,10109802LEMOSF,2025-07-28,111602,1,3,0,130.0
10109802LEMOSF_2025-07-28_G29,10109802LEMOSF,2025-07-28,111530,1,4,0,125.0
10109802LEMOSF_2025-07-28_G30,10109802LEMOSF,2025-07-28,110515,1,3,0,102.0
10109802LEMOSF_2025-07-28_G31,10109802LEMOSF,2025-07-28,110752,1,2,0,79.0
10109802LEMOSF_2025-07-28_G32,10109802LEMOSF,2025-07-28,109648,1,2,0,1474.0
10109802LEMOSF_2025-07-28_G33,10109802LEMOSF,2025-07-28,109648,1,6,0,128.0
10109802LEMOSF_2025-07-29_G02,10109802LEMOSF,2025-07-29,111743,1,2,0,475.0
10109802LEMOSF_2025-07-29_G03,10109802LEMOSF,2025-07-29,111753,1,18,0,275.0
10109802LEMOSF_2025-07-29_G04,10109802LEMOSF,2025-07-29,141262,1,20,0,165.0
10109802LEMOSF_2025-07-29_G05,10109802LEMOSF,2025-07-29,111634,1,12,0,150.0
10109802LEMOSF_2025-07-29_G06,10109802LEMOSF,2025-07-29,111753,1,5,0,449.0
10109802LEMOSF_2025-07-29_G07,10109802LEMOSF,2025-07-29,141262,1,4,0,82.0
10109802LEMOSF_2025-07-29_G08,10109802LEMOSF,2025-07-29,111348,1,11,0,1674.0
10109802LEMOSF_2025-07-29_G09,10109802LEMOSF,2025-07-29,111348,1,33,0,172.0
10109802LEMOSF_2025-07-29_G10,10109802LEMOSF,2025-07-29,111754,1,87,0,652.0
10109802LEMOSF_2025-07-29_G11,10109802LEMOSF,2025-07-29,107236,1,20,0,318.0
10109802LEMOSF_2025-07-29_G12,10109802LEMOSF,2025-07-29,111754,1,63,0,284.0
10109802LEMOSF_2025-07-29_G13,10109802LEMOSF,2025-07-29,111754,1,100,0,505.0
10109802LEMOSF_2025-07-29_G14,10109802LEMOSF,2025-07-29,110313,1,19,0,505.0
10109802LEMOSF_2025-07-29_G15,10109802LEMOSF,2025-07-29,111602,1,5,0,97.0
10109802LEMOSF_2025-07-29_G16,10109802LEMOSF,2025-07-29,124592,1,14,0,209.0
10109802LEMOSF_2025-07-29_G17,10109802LEMOSF,2025-07-29,124592,1,5,0,210.0
10109802LEMOSF_2025-07-29_G19,10109802LEMOSF,2025-07-29,110313,1,4,0,68.0
10109802LEMOSF_2025-07-29_G20,10109802LEMOSF,2025-07-29,"117862, 117861",2,3,28,37.0
10109802LEMOSF_2025-07-29_G21,10109802LEMOSF,2025-07-29,141047,1,1,0,42.0
10109802LEMOSF_2025-07-29_G22,10109802LEMOSF,2025-07-29,111467,1,4,0,58.0
10109802LEMOSF_2025-07-29_G23,10109802LEMOSF,2025-07-29,117855,1,4,0,54.0
10109802LEMOSF_2025-07-29_G24,10109802LEMOSF,2025-07-29,110711,1,3,0,64.0
10109802LEMOSF_2025-07-29_G25,10109802LEMOSF,2025-07-29,111602,1,4,0,73.0
10109802LEMOSF_2025-07-29_G26,10109802LEMOSF,2025-07-29,108361,1,2,0,41.0
10109802LEMOSF_2025-07-29_G27,10109802LEMOSF,2025-07-29,111530,1,5,0,110.0
10109802LEMOSF_2025-07-29_G28,10109802LEMOSF,2025-07-29,110515,1,4,0,92.0
10109802LEMOSF_2025-07-29_G29,10109802LEMOSF,2025-07-29,110325,1,4,0,154.0
10109802LEMOSF_2025-07-29_G30,10109802LEMOSF,2025-07-29,117830,1,2,0,46.0
10109802LEMOSF_2025-07-29_G31,10109802LEMOSF,2025-07-29,118299,1,20,0,138.0
10109802LEMOSF_2025-07-29_G32,10109802LEMOSF,2025-07-29,110376,1,2,0,286.0
10109802LEMOSF_2025-07-29_G33,10109802LEMOSF,2025-07-29,110371,1,12,0,136.0
10109802LEMOSF_2025-07-29_G34,10109802LEMOSF,2025-07-29,110375,1,8,0,70.0
10109802LEMOSF_2025-07-29_G35,10109802LEMOSF,2025-07-29,110373,1,14,0,129.0
10109802LEMOSF_2025-07-29_G36,10109802LEMOSF,2025-07-29,110374,1,4,0,44.0
10109802LEMOSF_2025-07-29_G37,10109802LEMOSF,2025-07-29,117820,1,4,0,95.0
10109802LEMOSF_2025-07-29_G38,10109802LEMOSF,2025-07-29,117822,1,2,0,38.0
10109802LEMOSF_2025-07-29_G39,10109802LEMOSF,2025-07-29,110372,1,10,0,91.0
10109802LEMOSF_2025-07-29_G40,10109802LEMOSF,2025-07-29,110742,1,2,0,411.0
10109802LEMOSF_2025-07-29_G41,10109802LEMOSF,2025-07-29,111430,1,2,0,128.0
10109802LEMOSF_2025-07-29_G42,10109802LEMOSF,2025-07-29,117836,1,2,0,86.0
10109802LEMOSF_2025-07-29_G43,10109802LEMOSF,2025-07-29,108771,1,4,0,134.0
10109802LEMOSF_2025-07-29_G44,10109802LEMOSF,2025-07-29,110325,1,4,0,262.0
10109802LEMOSF_2025-07-29_G45,10109802LEMOSF,2025-07-29,118299,1,8,0,97.0
10109802LEMOSF_2025-07-29_G46,10109802LEMOSF,2025-07-29,110371,1,8,0,131.0
10109802LEMOSF_2025-07-29_G47,10109802LEMOSF,2025-07-29,110373,1,10,0,115.0
10109802LEMOSF_2025-07-29_G48,10109802LEMOSF,2025-07-29,117820,1,8,0,286.0
10109802LEMOSF_2025-07-29_G49,10109802LEMOSF,2025-07-29,110372,1,10,0,114.0
10109802LEMOSF_2025-07-29_G50,10109802LEMOSF,2025-07-29,117808,1,25,0,614.0
10109802LEMOSF_2025-07-29_G51,10109802LEMOSF,2025-07-29,141047,1,4,0,132.0
10109802LEMOSF_2025-07-29_G52,10109802LEMOSF,2025-07-29,109647,1,2,0,56.0
10109802LEMOSF_2025-07-29_G53,10109802LEMOSF,2025-07-29,117855,1,4,0,75.0
10109802LEMOSF_2025-07-29_G54,10109802LEMOSF,2025-07-29,111602,1,4,0,509.0
10109802LEMOSF_2025-07-29_G55,10109802LEMOSF,2025-07-29,111418,1,10,0,618.0
10109802LEMOSF_2025-07-29_G56,10109802LEMOSF,2025-07-29,141456,1,20,0,281.0
10109802LEMOSF_2025-07-29_G57,10109802LEMOSF,2025-07-29,141456,1,30,0,381.0
10109802LEMOSF_2025-07-29_G58,10109802LEMOSF,2025-07-29,111443,1,6,0,128.0
10109802LEMOSF_2025-07-29_G59,10109802LEMOSF,2025-07-29,141458,1,20,0,384.0
10109802LEMOSF_2025-07-29_G60,10109802LEMOSF,2025-07-29,141458,1,60,0,270.0
10109802LEMOSF_2025-07-29_G61,10109802LEMOSF,2025-07-29,110787,1,10,0,306.0
10109802LEMOSF_2025-07-29_G62,10109802LEMOSF,2025-07-29,110787,1,20,0,126.0
10109802LEMOSF_2025-07-29_G63,10109802LEMOSF,2025-07-29,111466,1,10,0,42.0
10109802LEMOSF_2025-07-29_G64,10109802LEMOSF,2025-07-29,117831,1,6,0,306.0
10109802LEMOSF_2025-07-29_G65,10109802LEMOSF,2025-07-29,108798,1,5,0,81.0
10109802LEMOSF_2025-07-29_G66,10109802LEMOSF,2025-07-29,111469,1,20,0,36.0
10109802LEMOSF_2025-07-29_G67,10109802LEMOSF,2025-07-29,109645,1,5,0,297.0
10109802LEMOSF_2025-07-29_G68,10109802LEMOSF,2025-07-29,109645,1,4,0,54.0
10109802LEMOSF_2025-07-29_G69,10109802LEMOSF,2025-07-29,118140,1,10,0,194.0
10109802LEMOSF_2025-07-29_G70,10109802LEMOSF,2025-07-29,118140,1,20,0,113.0
10109802LEMOSF_2025-07-29_G71,10109802LEMOSF,2025-07-29,110740,1,4,0,266.0
10109802LEMOSF_2025-07-29_G72,10109802LEMOSF,2025-07-29,141457,2,60,8,264.0
10109802LEMOSF_2025-07-29_G73,10109802LEMOSF,2025-07-29,117834,1,3,0,253.0
10109802LEMOSF_2025-07-29_G74,10109802LEMOSF,2025-07-29,108772,1,3,0,176.0
10109802LEMOSF_2025-07-30_G02,10109802LEMOSF,2025-07-30,111466,1,4,0,138.0
10109802LEMOSF_2025-07-30_G03,10109802LEMOSF,2025-07-30,117831,1,4,0,126.0
10109802LEMOSF_2025-07-30_G04,10109802LEMOSF,2025-07-30,117832,1,8,0,580.0
10109802LEMOSF_2025-07-30_G05,10109802LEMOSF,2025-07-30,118299,1,21,0,171.0
10109802LEMOSF_2025-07-30_G06,10109802LEMOSF,2025-07-30,110373,1,6,0,265.0
10109802LEMOSF_2025-07-30_G07,10109802LEMOSF,2025-07-30,110372,1,9,0,125.0
10109802LEMOSF_2025-07-30_G08,10109802LEMOSF,2025-07-30,117808,1,29,0,214.0
10109802LEMOSF_2025-07-30_G09,10109802LEMOSF,2025-07-30,109645,1,8,0,1279.0
10109802LEMOSF_2025-07-30_G10,10109802LEMOSF,2025-07-30,141823,1,2,0,99.0
10109802LEMOSF_2025-07-30_G11,10109802LEMOSF,2025-07-30,117831,1,10,0,151.0
10109802LEMOSF_2025-07-30_G12,10109802LEMOSF,2025-07-30,111743,1,6,0,1416.0
10109802LEMOSF_2025-07-30_G13,10109802LEMOSF,2025-07-30,108795,1,12,0,1322.0
10109802LEMOSF_2025-07-30_G14,10109802LEMOSF,2025-07-30,118285,1,7,0,100.0
10109802LEMOSF_2025-07-30_G15,10109802LEMOSF,2025-07-30,110743,1,4,0,209.0
10109802LEMOSF_2025-07-30_G16,10109802LEMOSF,2025-07-30,110751,1,2,0,71.0
10109802LEMOSF_2025-07-30_G17,10109802LEMOSF,2025-07-30,111418,1,14,0,160.0
10109802LEMOSF_2025-07-30_G18,10109802LEMOSF,2025-07-30,111532,1,6,0,95.0
10109802LEMOSF_2025-07-30_G19,10109802LEMOSF,2025-07-30,111465,1,5,0,887.0
10109802LEMOSF_2025-07-30_G20,10109802LEMOSF,2025-07-30,111463,1,5,0,181.0
10109802LEMOSF_2025-07-30_G21,10109802LEMOSF,2025-07-30,110747,1,4,0,737.0
10109802LEMOSF_2025-07-30_G22,10109802LEMOSF,2025-07-30,111441,1,4,0,155.0
10109802LEMOSF_2025-07-30_G23,10109802LEMOSF,2025-07-30,111466,1,6,0,322.0
10109802LEMOSF_2025-07-30_G24,10109802LEMOSF,2025-07-30,109643,1,4,0,120.0
10109802LEMOSF_2025-07-30_G25,10109802LEMOSF,2025-07-30,110742,1,8,0,425.0
10109802LEMOSF_2025-07-30_G26,10109802LEMOSF,2025-07-30,110743,1,4,0,156.0
10109802LEMOSF_2025-07-30_G27,10109802LEMOSF,2025-07-30,110733,1,12,0,194.0
10109802LEMOSF_2025-07-30_G28,10109802LEMOSF,2025-07-30,110895,1,9,0,267.0
10109802LEMOSF_2025-07-30_G29,10109802LEMOSF,2025-07-30,110787,1,10,0,167.0
10109802LEMOSF_2025-07-30_G30,10109802LEMOSF,2025-07-30,111569,1,4,0,317.0
10109802LEMOSF_2025-07-30_G31,10109802LEMOSF,2025-07-30,111655,1,4,0,170.0
10109802LEMOSF_2025-07-30_G32,10109802LEMOSF,2025-07-30,117862,1,2,0,86.0
10109802LEMOSF_2025-07-30_G33,10109802LEMOSF,2025-07-30,117821,1,4,0,124.0
10109802LEMOSF_2025-07-30_G34,10109802LEMOSF,2025-07-30,111418,1,2,0,50.0
10109802LEMOSF_2025-07-30_G35,10109802LEMOSF,2025-07-30,116241,1,4,0,109.0
10109802LEMOSF_2025-07-30_G36,10109802LEMOSF,2025-07-30,117785,1,4,0,91.0
10109802LEMOSF_2025-07-30_G37,10109802LEMOSF,2025-07-30,118299,1,18,0,194.0
10109802LEMOSF_2025-07-30_G38,10109802LEMOSF,2025-07-30,110373,1,2,0,96.0
10109802LEMOSF_2025-07-30_G40,10109802LEMOSF,2025-07-30,111330,1,8,0,973.0
10109802LEMOSF_2025-07-30_G41,10109802LEMOSF,2025-07-30,110787,1,6,0,243.0
10109802LEMOSF_2025-07-30_G42,10109802LEMOSF,2025-07-30,141457,1,40,0,330.0
10109802LEMOSF_2025-07-30_G43,10109802LEMOSF,2025-07-30,141458,1,32,0,385.0
10109802LEMOSF_2025-07-30_G44,10109802LEMOSF,2025-07-30,109640,1,4,0,236.0
10109802LEMOSF_2025-07-30_G45,10109802LEMOSF,2025-07-30,110733,1,2,0,97.0
10109802LEMOSF_2025-07-30_G46,10109802LEMOSF,2025-07-30,110733,1,4,0,44.0
10109802LEMOSF_2025-07-30_G47,10109802LEMOSF,2025-07-30,110372,1,10,0,123.0
10109802LEMOSF_2025-07-30_G48,10109802LEMOSF,2025-07-30,117808,1,8,0,71.0
10109802LEMOSF_2025-07-30_G49,10109802LEMOSF,2025-07-30,111172,1,5,0,1871.0
10109802LEMOSF_2025-07-30_G50,10109802LEMOSF,2025-07-30,111172,1,3,0,41.0
10109802LEMOSF_2025-07-30_G51,10109802LEMOSF,2025-07-30,105705,1,10,0,162.0
10109802LEMOSF_2025-07-30_G52,10109802LEMOSF,2025-07-30,111466,1,28,0,165.0
10109802LEMOSF_2025-07-30_G53,10109802LEMOSF,2025-07-30,111466,1,70,0,229.0
10109802LEMOSF_2025-07-30_G54,10109802LEMOSF,2025-07-30,110787,1,4,0,371.0
10109802LEMOSF_2025-07-30_G55,10109802LEMOSF,2025-07-30,117831,1,10,0,150.0
10109802LEMOSF_2025-07-30_G56,10109802LEMOSF,2025-07-30,111418,1,27,0,642.0
10109802LEMOSF_2025-07-30_G57,10109802LEMOSF,2025-07-30,111532,1,20,0,296.0
10109802LEMOSF_2025-07-30_G58,10109802LEMOSF,2025-07-30,111462,1,2,0,85.0
10109802LEMOSF_2025-07-30_G59,10109802LEMOSF,2025-07-30,110745,1,11,0,191.0
10109802LEMOSF_2025-07-30_G60,10109802LEMOSF,2025-07-30,117785,1,74,0,121.0
10109802LEMOSF_2025-07-30_G61,10109802LEMOSF,2025-07-30,141823,1,7,0,121.0
10109802LEMOSF_2025-07-30_G62,10109802LEMOSF,2025-07-30,108711,1,9,0,262.0
10109802LEMOSF_2025-07-30_G63,10109802LEMOSF,2025-07-30,117786,1,59,0,586.0
10109802LEMOSF_2025-07-30_G64,10109802LEMOSF,2025-07-30,118298,1,8,0,934.0
10109802LEMOSF_2025-07-30_G65,10109802LEMOSF,2025-07-30,111530,1,15,0,170.0
10109802LEMOSF_2025-07-30_G66,10109802LEMOSF,2025-07-30,111602,1,24,0,147.0
10109802LEMOSF_2025-07-30_G67,10109802LEMOSF,2025-07-30,110515,1,20,0,592.0
10109802LEMOSF_2025-07-31_G02,10109802LEMOSF,2025-07-31,111462,1,8,0,114.0
10109802LEMOSF_2025-07-31_G03,10109802LEMOSF,2025-07-31,141456,1,4,0,57.0
10109802LEMOSF_2025-07-31_G04,10109802LEMOSF,2025-07-31,141456,1,8,0,60.0
10109802LEMOSF_2025-07-31_G05,10109802LEMOSF,2025-07-31,116241,1,4,0,59.0
10109802LEMOSF_2025-07-31_G06,10109802LEMOSF,2025-07-31,141458,1,6,0,211.0
10109802LEMOSF_2025-07-31_G07,10109802LEMOSF,2025-07-31,141457,1,4,0,51.0
10109802LEMOSF_2025-07-31_G08,10109802LEMOSF,2025-07-31,118299,1,10,0,142.0
10109802LEMOSF_2025-07-31_G09,10109802LEMOSF,2025-07-31,110372,1,8,0,119.0
10109802LEMOSF_2025-07-31_G10,10109802LEMOSF,2025-07-31,110372,1,8,0,41.0
10109802LEMOSF_2025-07-31_G11,10109802LEMOSF,2025-07-31,141456,1,6,0,1453.0
10109802LEMOSF_2025-07-31_G12,10109802LEMOSF,2025-07-31,141823,1,6,0,122.0
10109802LEMOSF_2025-07-31_G13,10109802LEMOSF,2025-07-31,117861,1,4,0,149.0
10109802LEMOSF_2025-07-31_G14,10109802LEMOSF,2025-07-31,117809,1,2,0,76.0
10109802LEMOSF_2025-07-31_G15,10109802LEMOSF,2025-07-31,141456,1,80,0,1516.0
10109802LEMOSF_2025-07-31_G16,10109802LEMOSF,2025-07-31,109645,1,2,0,1579.0
10109802LEMOSF_2025-07-31_G17,10109802LEMOSF,2025-07-31,141458,1,80,0,677.0
10109802LEMOSF_2025-07-31_G18,10109802LEMOSF,2025-07-31,141457,1,90,0,341.0
10109802LEMOSF_2025-07-31_G19,10109802LEMOSF,2025-07-31,109640,1,29,0,635.0
10109802LEMOSF_2025-07-31_G20,10109802LEMOSF,2025-07-31,141066,1,2,0,392.0
10109802LEMOSF_2025-07-31_G21,10109802LEMOSF,2025-07-31,109645,1,4,0,542.0
10109802LEMOSF_2025-07-31_G22,10109802LEMOSF,2025-07-31,140922,1,4,0,498.0
10109802LEMOSF_2025-07-31_G23,10109802LEMOSF,2025-07-31,141458,1,40,0,428.0
10109802LEMOSF_2025-07-31_G24,10109802LEMOSF,2025-07-31,141457,1,20,0,283.0
10109802LEMOSF_2025-07-31_G26,10109802LEMOSF,2025-07-31,117821,1,2,0,184.0
10109802LEMOSF_2025-07-31_G27,10109802LEMOSF,2025-07-31,117821,1,2,0,36.0
10109802LEMOSF_2025-07-31_G28,10109802LEMOSF,2025-07-31,117831,1,2,0,40.0
10109802LEMOSF_2025-07-31_G29,10109802LEMOSF,2025-07-31,111532,1,4,0,47.0
10109802LEMOSF_2025-07-31_G30,10109802LEMOSF,2025-07-31,111469,1,8,0,77.0
10109802LEMOSF_2025-07-31_G31,10109802LEMOSF,2025-07-31,117785,1,6,0,142.0
10109802LEMOSF_2025-07-31_G32,10109802LEMOSF,2025-07-31,111442,1,4,0,75.0
10109802LEMOSF_2025-07-31_G33,10109802LEMOSF,2025-07-31,117862,1,4,0,159.0
10109802LEMOSF_2025-07-31_G34,10109802LEMOSF,2025-07-31,111530,1,4,0,80.0
10109802LEMOSF_2025-07-31_G35,10109802LEMOSF,2025-07-31,109640,2,6,21,147.0
10109802LEMOSF_2025-07-31_G36,10109802LEMOSF,2025-07-31,110515,1,1,0,680.0
10109802LEMOSF_2025-07-31_G37,10109802LEMOSF,2025-07-31,110752,1,1,0,40.0
10109802LEMOSF_2025-07-31_G38,10109802LEMOSF,2025-07-31,110733,1,4,0,58.0
10109802LEMOSF_2025-07-31_G40,10109802LEMOSF,2025-07-31,109643,1,1,0,744.0
10109802LEMOSF_2025-07-31_G41,10109802LEMOSF,2025-07-31,117830,1,30,0,408.0
10109802LEMOSF_2025-07-31_G42,10109802LEMOSF,2025-07-31,107830,1,2,0,135.0
10109802LEMOSF_2025-07-31_G43,10109802LEMOSF,2025-07-31,110375,1,32,0,195.0
10109802LEMOSF_2025-07-31_G44,10109802LEMOSF,2025-07-31,117830,1,14,0,135.0
10109802LEMOSF_2025-07-31_G45,10109802LEMOSF,2025-07-31,111440,1,6,0,492.0
10109802LEMOSF_2025-07-31_G46,10109802LEMOSF,2025-07-31,108759,1,2,0,95.0
10109802LEMOSF_2025-08-04_G02,10109802LEMOSF,2025-08-04,110755,1,7,0,211.0
10109802LEMOSF_2025-08-04_G03,10109802LEMOSF,2025-08-04,118222,1,15,0,500.0
10109802LEMOSF_2025-08-04_G04,10109802LEMOSF,2025-08-04,110582,1,12,0,431.0
10109802LEMOSF_2025-08-04_G05,10109802LEMOSF,2025-08-04,111650,1,12,0,440.0
10109802LEMOSF_2025-08-04_G06,10109802LEMOSF,2025-08-04,111439,1,6,0,583.0
10109802LEMOSF_2025-08-04_G07,10109802LEMOSF,2025-08-04,117786,1,6,0,112.0
10109802LEMOSF_2025-08-05_G02,10109802LEMOSF,2025-08-05,110129,1,33,0,371.0
10109802LEMOSF_2025-08-05_G03,10109802LEMOSF,2025-08-05,111444,1,24,0,518.0
10109802LEMOSF_2025-08-05_G04,10109802LEMOSF,2025-08-05,108795,1,19,0,441.0
10109802LEMOSF_2025-08-05_G05,10109802LEMOSF,2025-08-05,105705,1,40,0,1148.0
10109802LEMOSF_2025-08-05_G06,10109802LEMOSF,2025-08-05,109641,1,7,0,413.0
10109802LEMOSF_2025-08-05_G07,10109802LEMOSF,2025-08-05,110325,1,200,0,1785.0
10109802LEMOSF_2025-08-05_G08,10109802LEMOSF,2025-08-05,107830,1,32,0,431.0
10109802LEMOSF_2025-08-05_G09,10109802LEMOSF,2025-08-05,108798,1,32,0,212.0
10109802LEMOSF_2025-08-05_G10,10109802LEMOSF,2025-08-05,141048,1,8,0,109.0
10109802LEMOSF_2025-08-05_G11,10109802LEMOSF,2025-08-05,111468,1,23,0,458.0
10109802LEMOSF_2025-08-05_G12,10109802LEMOSF,2025-08-05,118317,1,20,0,424.0
10109802LEMOSF_2025-08-05_G13,10109802LEMOSF,2025-08-05,118330,1,10,0,162.0
10109802LEMOSF_2025-08-05_G14,10109802LEMOSF,2025-08-05,110740,1,120,0,1253.0
10109802LEMOSF_2025-08-05_G15,10109802LEMOSF,2025-08-05,110332,1,7,0,239.0
10109802LEMOSF_2025-08-05_G16,10109802LEMOSF,2025-08-05,111467,1,168,0,1647.0
10109802LEMOSF_2025-08-05_G17,10109802LEMOSF,2025-08-05,111348,1,184,0,435.0
10109802LEMOSF_2025-08-05_G18,10109802LEMOSF,2025-08-05,111466,1,156,0,380.0
10109802LEMOSF_2025-08-06_G02,10109802LEMOSF,2025-08-06,117862,1,6,0,102.0
10109802LEMOSF_2025-08-06_G03,10109802LEMOSF,2025-08-06,111530,1,10,0,160.0
10109802LEMOSF_2025-08-06_G04,10109802LEMOSF,2025-08-06,117861,1,10,0,197.0
10109802LEMOSF_2025-08-06_G05,10109802LEMOSF,2025-08-06,117861,1,10,0,107.0
10109802LEMOSF_2025-08-06_G06,10109802LEMOSF,2025-08-06,109647,1,4,0,121.0
10109802LEMOSF_2025-08-06_G07,10109802LEMOSF,2025-08-06,109640,1,20,0,252.0
10109802LEMOSF_2025-08-06_G08,10109802LEMOSF,2025-08-06,109640,3,27,28,33.0
10109802LEMOSF_2025-08-06_G09,10109802LEMOSF,2025-08-06,109640,1,20,0,35.0
10109802LEMOSF_2025-08-06_G10,10109802LEMOSF,2025-08-06,110752,1,4,0,387.0
10109802LEMOSF_2025-08-06_G11,10109802LEMOSF,2025-08-06,110756,1,2,0,290.0
10109802LEMOSF_2025-08-06_G12,10109802LEMOSF,2025-08-06,110325,1,10,0,234.0
10109802LEMOSF_2025-08-06_G13,10109802LEMOSF,2025-08-06,118299,1,50,0,188.0
10109802LEMOSF_2025-08-06_G15,10109802LEMOSF,2025-08-06,107830,1,10,0,329.0
10109802LEMOSF_2025-08-07_G02,10109802LEMOSF,2025-08-07,109643,1,4,0,73.0
10109802LEMOSF_2025-08-07_G03,10109802LEMOSF,2025-08-07,117832,1,10,0,114.0
10109802LEMOSF_2025-08-07_G04,10109802LEMOSF,2025-08-07,110371,1,20,0,132.0
10109802LEMOSF_2025-08-07_G05,10109802LEMOSF,2025-08-07,110375,1,10,0,145.0
10109802LEMOSF_2025-08-07_G06,10109802LEMOSF,2025-08-07,110374,1,10,0,168.0
10109802LEMOSF_2025-08-07_G07,10109802LEMOSF,2025-08-07,141202,1,4,0,99.0
10109802LEMOSF_2025-08-07_G08,10109802LEMOSF,2025-08-07,117855,1,4,0,400.0
10109802LEMOSF_2025-08-07_G09,10109802LEMOSF,2025-08-07,110339,1,4,0,83.0
10109802LEMOSF_2025-08-07_G10,10109802LEMOSF,2025-08-07,117862,1,8,0,139.0
10109802LEMOSF_2025-08-07_G11,10109802LEMOSF,2025-08-07,110582,1,4,0,134.0
10109802LEMOSF_2025-08-07_G12,10109802LEMOSF,2025-08-07,118253,1,1,0,101.0
10109802LEMOSF_2025-08-07_G13,10109802LEMOSF,2025-08-07,111468,1,4,0,292.0
10109802LEMOSF_2025-08-07_G14,10109802LEMOSF,2025-08-07,110332,1,2,0,241.0
10109802LEMOSF_2025-08-07_G15,10109802LEMOSF,2025-08-07,110375,1,10,0,349.0
10109802LEMOSF_2025-08-07_G16,10109802LEMOSF,2025-08-07,111532,1,8,0,164.0
10109802LEMOSF_2025-08-07_G17,10109802LEMOSF,2025-08-07,140922,1,8,0,107.0
10109802LEMOSF_2025-08-07_G18,10109802LEMOSF,2025-08-07,140922,2,12,10,51.0
10109802LEMOSF_2025-08-07_G19,10109802LEMOSF,2025-08-07,118223,1,6,0,191.0
10109802LEMOSF_2025-08-07_G20,10109802LEMOSF,2025-08-07,115817,1,1,0,94.0
10109802LEMOSF_2025-08-07_G21,10109802LEMOSF,2025-08-07,117785,1,10,0,95.0
10109802LEMOSF_2025-08-07_G22,10109802LEMOSF,2025-08-07,118317,1,8,0,95.0
10109802LEMOSF_2025-08-07_G23,10109802LEMOSF,2025-08-07,141823,1,12,0,120.0
10109802LEMOSF_2025-08-07_G24,10109802LEMOSF,2025-08-07,110375,1,10,0,1502.0
10109802LEMOSF_2025-08-07_G25,10109802LEMOSF,2025-08-07,111172,1,11,0,1580.0
10109802LEMOSF_2025-08-07_G26,10109802LEMOSF,2025-08-07,111532,1,24,0,154.0
10109802LEMOSF_2025-08-07_G27,10109802LEMOSF,2025-08-07,111443,1,9,0,329.0
10109802LEMOSF_2025-08-07_G28,10109802LEMOSF,2025-08-07,117831,1,2,0,91.0
10109802LEMOSF_2025-08-07_G29,10109802LEMOSF,2025-08-07,109645,1,2,0,116.0
10109802LEMOSF_2025-08-07_G30,10109802LEMOSF,2025-08-07,117785,1,8,0,145.0
10109802LEMOSF_2025-08-07_G31,10109802LEMOSF,2025-08-07,111433,1,4,0,139.0
10109802LEMOSF_2025-08-07_G32,10109802LEMOSF,2025-08-07,108794,1,16,0,193.0
10109802LEMOSF_2025-08-07_G33,10109802LEMOSF,2025-08-07,111442,1,15,0,240.0
10109802LEMOSF_2025-08-07_G34,10109802LEMOSF,2025-08-07,141823,1,2,0,46.0
10109802LEMOSF_2025-08-07_G35,10109802LEMOSF,2025-08-07,110740,1,17,0,109.0
10109802LEMOSF_2025-08-07_G36,10109802LEMOSF,2025-08-07,118317,1,20,0,501.0
10109802LEMOSF_2025-08-07_G38,10109802LEMOSF,2025-08-07,141066,1,1,0,72.0
10109802LEMOSF_2025-08-07_G39,10109802LEMOSF,2025-08-07,110580,1,4,0,82.0
10109802LEMOSF_2025-08-07_G40,10109802LEMOSF,2025-08-07,117786,1,63,0,160.0
10109802LEMOSF_2025-08-07_G41,10109802LEMOSF,2025-08-07,117861,1,60,0,546.0
10109802LEMOSF_2025-08-07_G42,10109802LEMOSF,2025-08-07,111650,1,10,0,231.0
10109802LEMOSF_2025-08-07_G43,10109802LEMOSF,2025-08-07,141047,1,17,0,256.0
10109802LEMOSF_2025-08-07_G44,10109802LEMOSF,2025-08-07,110750,1,4,0,122.0
10109802LEMOSF_2025-08-07_G45,10109802LEMOSF,2025-08-07,111879,1,2,0,70.0
10109802LEMOSF_2025-08-07_G46,10109802LEMOSF,2025-08-07,109640,1,40,0,426.0
10109802LEMOSF_2025-08-07_G47,10109802LEMOSF,2025-08-07,108772,1,9,0,210.0
10109802LEMOSF_2025-08-07_G48,10109802LEMOSF,2025-08-07,110752,1,10,0,668.0
10109802LEMOSF_2025-08-07_G49,10109802LEMOSF,2025-08-07,118289,1,3,0,85.0
10109802LEMOSF_2025-08-07_G50,10109802LEMOSF,2025-08-07,110375,1,80,0,751.0
10109802LEMOSF_2025-08-07_G51,10109802LEMOSF,2025-08-07,118281,1,24,0,441.0
10109802LEMOSF_2025-08-07_G52,10109802LEMOSF,2025-08-07,110129,1,4,0,861.0
10109802LEMOSF_2025-08-07_G53,10109802LEMOSF,2025-08-07,111532,1,4,0,112.0
10109802LEMOSF_2025-08-07_G54,10109802LEMOSF,2025-08-07,105705,1,1,0,64.0
10109802LEMOSF_2025-08-07_G55,10109802LEMOSF,2025-08-07,140922,1,2,0,48.0
10109802LEMOSF_2025-08-07_G56,10109802LEMOSF,2025-08-07,111465,1,4,0,88.0
10109802LEMOSF_2025-08-07_G57,10109802LEMOSF,2025-08-07,117831,1,4,0,63.0
10109802LEMOSF_2025-08-07_G58,10109802LEMOSF,2025-08-07,111418,1,2,0,74.0
10109802LEMOSF_2025-08-07_G59,10109802LEMOSF,2025-08-07,108794,1,8,0,95.0
10109802LEMOSF_2025-08-07_G60,10109802LEMOSF,2025-08-07,109643,1,4,0,154.0
10109802LEMOSF_2025-08-07_G61,10109802LEMOSF,2025-08-07,118299,1,8,0,93.0
10109802LEMOSF_2025-08-07_G62,10109802LEMOSF,2025-08-07,110373,1,7,0,123.0
10109802LEMOSF_2025-08-07_G63,10109802LEMOSF,2025-08-07,160057,1,4,0,145.0
10109802LEMOSF_2025-08-08_G02,10109802LEMOSF,2025-08-08,111466,2,26,12,636.0
10109802LEMOSF_2025-08-08_G03,10109802LEMOSF,2025-08-08,108794,1,28,0,623.0
10109802LEMOSF_2025-08-08_G04,10109802LEMOSF,2025-08-08,110374,1,31,0,769.0
10109802LEMOSF_2025-08-08_G05,10109802LEMOSF,2025-08-08,117808,1,276,0,700.0
10109802LEMOSF_2025-08-08_G06,10109802LEMOSF,2025-08-08,110325,1,14,0,1121.0
10109802LEMOSF_2025-08-08_G07,10109802LEMOSF,2025-08-08,110371,1,12,0,126.0
10109802LEMOSF_2025-08-08_G08,10109802LEMOSF,2025-08-08,110373,2,41,28,270.0
10109802LEMOSF_2025-08-08_G09,10109802LEMOSF,2025-08-08,117808,1,28,0,253.0
10109802LEMOSF_2025-08-08_G10,10109802LEMOSF,2025-08-08,117820,1,18,0,276.0
10109802LEMOSF_2025-08-08_G11,10109802LEMOSF,2025-08-08,117830,1,2,0,63.0
10109802LEMOSF_2025-08-08_G12,10109802LEMOSF,2025-08-08,111602,1,6,0,1512.0
10109802LEMOSF_2025-08-08_G13,10109802LEMOSF,2025-08-08,118094,1,4,0,94.0
10109802LEMOSF_2025-08-08_G14,10109802LEMOSF,2025-08-08,118094,1,8,0,71.0
10109802LEMOSF_2025-08-08_G15,10109802LEMOSF,2025-08-08,141047,1,8,0,155.0
10109802LEMOSF_2025-08-08_G16,10109802LEMOSF,2025-08-08,109640,1,7,0,165.0
10109802LEMOSF_2025-08-08_G17,10109802LEMOSF,2025-08-08,110515,1,17,0,236.0
10109802LEMOSF_2025-08-08_G18,10109802LEMOSF,2025-08-08,118222,1,2,0,492.0
10109802LEMOSF_2025-08-08_G19,10109802LEMOSF,2025-08-08,110747,1,2,0,41.0
10109802LEMOSF_2025-08-08_G20,10109802LEMOSF,2025-08-08,111438,1,2,0,451.0
10109802LEMOSF_2025-08-08_G21,10109802LEMOSF,2025-08-08,118306,1,1,0,40.0
10109802LEMOSF_2025-08-08_G22,10109802LEMOSF,2025-08-08,117835,1,15,0,386.0
10109802LEMOSF_2025-08-08_G24,10109802LEMOSF,2025-08-08,117808,1,143,0,332.0
10109802LEMOSF_2025-08-08_G25,10109802LEMOSF,2025-08-08,117820,1,82,0,696.0
10109802LEMOSF_2025-08-08_G26,10109802LEMOSF,2025-08-08,117822,1,4,0,302.0
10109802LEMOSF_2025-08-08_G27,10109802LEMOSF,2025-08-08,117820,1,2,0,61.0
10109802LEMOSF_2025-08-08_G28,10109802LEMOSF,2025-08-08,111435,1,2,0,1173.0
10109802LEMOSF_2025-08-08_G29,10109802LEMOSF,2025-08-08,108711,1,1,0,79.0
10109802LEMOSF_2025-08-08_G30,10109802LEMOSF,2025-08-08,111348,1,1,0,37.0
10109802LEMOSF_2025-08-08_G31,10109802LEMOSF,2025-08-08,111466,1,4,0,101.0
10109802LEMOSF_2025-08-08_G32,10109802LEMOSF,2025-08-08,111443,1,1,0,97.0
10109802LEMOSF_2025-08-08_G33,10109802LEMOSF,2025-08-08,117787,1,3,0,55.0
10109802LEMOSF_2025-08-08_G34,10109802LEMOSF,2025-08-08,109645,1,3,0,79.0
10109802LEMOSF_2025-08-08_G35,10109802LEMOSF,2025-08-08,111418,1,6,0,483.0
10109802LEMOSF_2025-08-08_G36,10109802LEMOSF,2025-08-08,111462,1,5,0,282.0
10109802LEMOSF_2025-08-08_G37,10109802LEMOSF,2025-08-08,117785,1,2,0,84.0
10109802LEMOSF_2025-08-08_G38,10109802LEMOSF,2025-08-08,111442,1,1,0,40.0
10109802LEMOSF_2025-08-08_G39,10109802LEMOSF,2025-08-08,111463,1,18,0,1050.0
10109802LEMOSF_2025-08-08_G40,10109802LEMOSF,2025-08-08,118140,1,1,0,40.0
10109802LEMOSF_2025-08-08_G41,10109802LEMOSF,2025-08-08,111418,1,350,0,1239.0
10109802LEMOSF_2025-08-08_G42,10109802LEMOSF,2025-08-08,110372,1,1,0,385.0
10109802LEMOSF_2025-08-08_G43,10109802LEMOSF,2025-08-08,117855,1,61,0,1101.0
10109802LEMOSF_2025-08-08_G44,10109802LEMOSF,2025-08-08,111876,1,4,0,421.0
10109802LEMOSF_2025-08-08_G45,10109802LEMOSF,2025-08-08,118298,1,14,0,794.0
10109802LEMOSF_2025-08-08_G46,10109802LEMOSF,2025-08-08,117862,1,30,0,58.0
10109802LEMOSF_2025-08-08_G47,10109802LEMOSF,2025-08-08,117853,1,17,0,379.0
10109802LEMOSF_2025-08-08_G48,10109802LEMOSF,2025-08-08,117840,1,4,0,200.0
10109802LEMOSF_2025-08-08_G49,10109802LEMOSF,2025-08-08,110373,1,150,0,349.0
10109802LEMOSF_2025-08-08_G50,10109802LEMOSF,2025-08-08,110374,1,70,0,262.0
10109802LEMOSF_2025-08-08_G51,10109802LEMOSF,2025-08-08,117820,1,100,0,301.0
10109802LEMOSF_2025-08-08_G52,10109802LEMOSF,2025-08-08,109643,1,20,0,274.0
10109802LEMOSF_2025-08-09_G02,10109802LEMOSF,2025-08-09,118632,1,4,0,257.0
10109802LEMOSF_2025-08-09_G03,10109802LEMOSF,2025-08-09,118169,1,12,0,350.0
10109802LEMOSF_2025-08-09_G05,10109802LEMOSF,2025-08-09,100334,1,4,0,288.0
10109802LEMOSF_2025-08-09_G06,10109802LEMOSF,2025-08-09,111438,1,12,0,308.0
10109802LEMOSF_2025-08-09_G07,10109802LEMOSF,2025-08-09,107892,1,1,0,102.0
10109802LEMOSF_2025-08-09_G08,10109802LEMOSF,2025-08-09,111602,1,4,0,208.0
10109802LEMOSF_2025-08-09_G09,10109802LEMOSF,2025-08-09,110740,1,2,0,148.0
10109802LEMOSF_2025-08-09_G11,10109802LEMOSF,2025-08-09,109643,1,2,0,174.0
10109802LEMOSF_2025-08-09_G12,10109802LEMOSF,2025-08-09,118299,1,14,0,230.0
10109802LEMOSF_2025-08-09_G13,10109802LEMOSF,2025-08-09,110374,1,11,0,128.0
10109802LEMOSF_2025-08-09_G14,10109802LEMOSF,2025-08-09,117808,1,34,0,260.0
10109802LEMOSF_2025-08-09_G15,10109802LEMOSF,2025-08-09,117820,1,9,0,99.0
10109802LEMOSF_2025-08-09_G16,10109802LEMOSF,2025-08-09,110373,1,7,0,167.0
10109802LEMOSF_2025-08-09_G17,10109802LEMOSF,2025-08-09,110325,2,22,16,2730.0
10109802LEMOSF_2025-08-09_G18,10109802LEMOSF,2025-08-09,109643,1,8,0,171.0
10109802LEMOSF_2025-08-09_G19,10109802LEMOSF,2025-08-09,117832,1,6,0,68.0
10109802LEMOSF_2025-08-09_G20,10109802LEMOSF,2025-08-09,118299,1,38,0,86.0
10109802LEMOSF_2025-08-09_G21,10109802LEMOSF,2025-08-09,110371,1,2,0,585.0
10109802LEMOSF_2025-08-09_G22,10109802LEMOSF,2025-08-09,110373,1,50,0,717.0
10109802LEMOSF_2025-08-09_G23,10109802LEMOSF,2025-08-09,117808,1,2,0,63.0
10109802LEMOSF_2025-08-09_G24,10109802LEMOSF,2025-08-09,110373,1,2,0,35.0
10109802LEMOSF_2025-08-11_G02,10109802LEMOSF,2025-08-11,111743,1,6,0,65.0
10109802LEMOSF_2025-08-11_G03,10109802LEMOSF,2025-08-11,111182,1,4,0,88.0
10109802LEMOSF_2025-08-11_G04,10109802LEMOSF,2025-08-11,107236,1,8,0,119.0
10109802LEMOSF_2025-08-11_G05,10109802LEMOSF,2025-08-11,118317,1,7,0,411.0
10109802LEMOSF_2025-08-11_G06,10109802LEMOSF,2025-08-11,108794,1,2,0,40.0
10109802LEMOSF_2025-08-11_G07,10109802LEMOSF,2025-08-11,141823,1,6,0,62.0
10109802LEMOSF_2025-08-11_G08,10109802LEMOSF,2025-08-11,110741,1,4,0,144.0
10109802LEMOSF_2025-08-11_G09,10109802LEMOSF,2025-08-11,107629,1,8,0,118.0
10109802LEMOSF_2025-08-11_G10,10109802LEMOSF,2025-08-11,111876,1,4,0,95.0
10109802LEMOSF_2025-08-11_G11,10109802LEMOSF,2025-08-11,111602,1,4,0,72.0
10109802LEMOSF_2025-08-11_G12,10109802LEMOSF,2025-08-11,110733,1,8,0,453.0
10109802LEMOSF_2025-08-11_G13,10109802LEMOSF,2025-08-11,111467,1,8,0,229.0
10109802LEMOSF_2025-08-11_G14,10109802LEMOSF,2025-08-11,"111660, 160057",2,9,25,288.0
10109802LEMOSF_2025-08-11_G15,10109802LEMOSF,2025-08-11,111467,1,2,0,226.0
10109802LEMOSF_2025-08-11_G16,10109802LEMOSF,2025-08-11,141456,1,8,0,1961.0
10109802LEMOSF_2025-08-11_G17,10109802LEMOSF,2025-08-11,110745,1,4,0,136.0
10109802LEMOSF_2025-08-11_G18,10109802LEMOSF,2025-08-11,140920,1,1,0,110.0
10109802LEMOSF_2025-08-11_G19,10109802LEMOSF,2025-08-11,118299,1,8,0,206.0
10109802LEMOSF_2025-08-11_G20,10109802LEMOSF,2025-08-11,117808,1,14,0,402.0
10109802LEMOSF_2025-08-11_G21,10109802LEMOSF,2025-08-11,117831,1,4,0,150.0
10109802LEMOSF_2025-08-11_G22,10109802LEMOSF,2025-08-11,111743,1,4,0,153.0
10109802LEMOSF_2025-08-11_G23,10109802LEMOSF,2025-08-11,110895,1,5,0,70.0
10109802LEMOSF_2025-08-11_G24,10109802LEMOSF,2025-08-11,118222,1,4,0,58.0
10109802LEMOSF_2025-08-11_G25,10109802LEMOSF,2025-08-11,110895,1,8,0,320.0
10109802LEMOSF_2025-08-11_G26,10109802LEMOSF,2025-08-11,118094,1,4,0,389.0
10109802LEMOSF_2025-08-11_G27,10109802LEMOSF,2025-08-11,108794,1,1,0,461.0
10109802LEMOSF_2025-08-11_G28,10109802LEMOSF,2025-08-11,110332,1,2,0,181.0
10109802LEMOSF_2025-08-11_G29,10109802LEMOSF,2025-08-11,111743,1,8,0,271.0
10109802LEMOSF_2025-08-11_G30,10109802LEMOSF,2025-08-11,111446,1,2,0,258.0
10109802LEMOSF_2025-08-11_G31,10109802LEMOSF,2025-08-11,110895,1,2,0,42.0
10109802LEMOSF_2025-08-11_G32,10109802LEMOSF,2025-08-11,107830,1,1,0,285.0
10109802LEMOSF_2025-08-11_G33,10109802LEMOSF,2025-08-11,140922,1,6,0,314.0
10109802LEMOSF_2025-08-11_G35,10109802LEMOSF,2025-08-11,117832,1,2,0,39.0
10109802LEMOSF_2025-08-11_G36,10109802LEMOSF,2025-08-11,117809,1,20,0,158.0
10109802LEMOSF_2025-08-11_G37,10109802LEMOSF,2025-08-11,117809,1,10,0,83.0
10109802LEMOSF_2025-08-11_G38,10109802LEMOSF,2025-08-11,117809,2,22,11,45.0
10109802LEMOSF_2025-08-11_G39,10109802LEMOSF,2025-08-11,110371,3,76,25,235.0
10109802LEMOSF_2025-08-11_G40,10109802LEMOSF,2025-08-11,110373,1,40,0,562.0
10109802LEMOSF_2025-08-11_G41,10109802LEMOSF,2025-08-11,110373,1,20,0,558.0
10109802LEMOSF_2025-08-11_G42,10109802LEMOSF,2025-08-11,117808,1,81,0,313.0
10109802LEMOSF_2025-08-11_G43,10109802LEMOSF,2025-08-11,117820,2,27,14,112.0
10109802LEMOSF_2025-08-11_G44,10109802LEMOSF,2025-08-11,141202,1,10,0,209.0
10109802LEMOSF_2025-08-11_G45,10109802LEMOSF,2025-08-11,117830,2,16,9,499.0
10109802LEMOSF_2025-08-11_G46,10109802LEMOSF,2025-08-11,110373,1,28,0,311.0
10109802LEMOSF_2025-08-11_G47,10109802LEMOSF,2025-08-11,111438,1,6,0,375.0
10109802LEMOSF_2025-08-11_G48,10109802LEMOSF,2025-08-11,110742,2,10,10,322.0
10109802LEMOSF_2025-08-11_G49,10109802LEMOSF,2025-08-11,111430,1,91,0,1600.0
10109802LEMOSF_2025-08-11_G50,10109802LEMOSF,2025-08-11,110755,1,30,0,210.0
10109802LEMOSF_2025-08-11_G51,10109802LEMOSF,2025-08-11,111463,1,65,0,1445.0
10109802LEMOSF_2025-08-12_G02,10109802LEMOSF,2025-08-12,111469,2,40,27,250.0
10109802LEMOSF_2025-08-12_G03,10109802LEMOSF,2025-08-12,111469,1,4,0,42.0
10109802LEMOSF_2025-08-12_G04,10109802LEMOSF,2025-08-12,111446,1,4,0,1215.0
10109802LEMOSF_2025-08-12_G05,10109802LEMOSF,2025-08-12,111446,17,99,186,50.0
10109802LEMOSF_2025-08-12_G06,10109802LEMOSF,2025-08-12,109641,3,26,25,681.0
10109802LEMOSF_2025-08-12_G07,10109802LEMOSF,2025-08-12,111532,2,8,17,423.0
10109802LEMOSF_2025-08-12_G08,10109802LEMOSF,2025-08-12,111463,1,6,0,227.0
10109802LEMOSF_2025-08-12_G09,10109802LEMOSF,2025-08-12,111469,4,24,28,148.0
10109802LEMOSF_2025-08-12_G10,10109802LEMOSF,2025-08-12,109643,1,2,0,401.0
10109802LEMOSF_2025-08-12_G11,10109802LEMOSF,2025-08-12,117820,4,18,27,107.0
10109802LEMOSF_2025-08-12_G12,10109802LEMOSF,2025-08-12,117854,2,29,15,493.0
10109802LEMOSF_2025-08-12_G13,10109802LEMOSF,2025-08-12,118094,1,5,0,867.0
10109802LEMOSF_2025-08-12_G14,10109802LEMOSF,2025-08-12,109640,1,4,0,144.0
10109802LEMOSF_2025-08-12_G15,10109802LEMOSF,2025-08-12,110325,1,5,0,110.0
10109802LEMOSF_2025-08-12_G16,10109802LEMOSF,2025-08-12,109641,1,6,0,247.0
10109802LEMOSF_2025-08-12_G17,10109802LEMOSF,2025-08-12,118140,1,9,0,194.0
10109802LEMOSF_2025-08-12_G18,10109802LEMOSF,2025-08-12,109641,1,2,0,1737.0
10109802LEMOSF_2025-08-12_G19,10109802LEMOSF,2025-08-12,111532,1,4,0,88.0
10109802LEMOSF_2025-08-12_G20,10109802LEMOSF,2025-08-12,117821,1,4,0,74.0
10109802LEMOSF_2025-08-12_G21,10109802LEMOSF,2025-08-12,111348,1,2,0,71.0
10109802LEMOSF_2025-08-12_G22,10109802LEMOSF,2025-08-12,109645,1,3,0,88.0
10109802LEMOSF_2025-08-12_G23,10109802LEMOSF,2025-08-12,107236,1,2,0,135.0
10109802LEMOSF_2025-08-12_G24,10109802LEMOSF,2025-08-12,110339,1,2,0,170.0
10109802LEMOSF_2025-08-12_G25,10109802LEMOSF,2025-08-12,141047,1,4,0,123.0
10109802LEMOSF_2025-08-12_G26,10109802LEMOSF,2025-08-12,109640,1,2,0,109.0
10109802LEMOSF_2025-08-12_G27,10109802LEMOSF,2025-08-12,108771,1,2,0,270.0
10109802LEMOSF_2025-08-12_G28,10109802LEMOSF,2025-08-12,117832,1,8,0,143.0
10109802LEMOSF_2025-08-12_G29,10109802LEMOSF,2025-08-12,117820,1,10,0,145.0
10109802LEMOSF_2025-08-12_G30,10109802LEMOSF,2025-08-12,110376,1,2,0,52.0
10109802LEMOSF_2025-08-12_G31,10109802LEMOSF,2025-08-12,140911,1,6,0,136.0
10109802LEMOSF_2025-08-12_G32,10109802LEMOSF,2025-08-12,117832,1,8,0,434.0
10109802LEMOSF_2025-08-12_G33,10109802LEMOSF,2025-08-12,110895,1,1,0,536.0
10109802LEMOSF_2025-08-12_G35,10109802LEMOSF,2025-08-12,111532,1,2,0,138.0
10109802LEMOSF_2025-08-12_G36,10109802LEMOSF,2025-08-12,110895,1,2,0,68.0
10109802LEMOSF_2025-08-12_G37,10109802LEMOSF,2025-08-12,117786,1,20,0,255.0
10109802LEMOSF_2025-08-12_G38,10109802LEMOSF,2025-08-12,140911,1,2,0,212.0
10109802LEMOSF_2025-08-12_G39,10109802LEMOSF,2025-08-12,109640,1,2,0,145.0
10109802LEMOSF_2025-08-12_G40,10109802LEMOSF,2025-08-12,141313,1,2,0,274.0
10109802LEMOSF_2025-08-12_G41,10109802LEMOSF,2025-08-12,111466,1,2,0,146.0
10109802LEMOSF_2025-08-12_G42,10109802LEMOSF,2025-08-12,110895,1,1,0,408.0
10109802LEMOSF_2025-08-12_G43,10109802LEMOSF,2025-08-12,111602,1,4,0,175.0
10109802LEMOSF_2025-08-12_G44,10109802LEMOSF,2025-08-12,140922,1,2,0,1862.0
10109802LEMOSF_2025-08-12_G45,10109802LEMOSF,2025-08-12,117855,1,4,0,157.0
10109802LEMOSF_2025-08-12_G46,10109802LEMOSF,2025-08-12,141035,1,4,0,174.0
10109802LEMOSF_2025-08-12_G47,10109802LEMOSF,2025-08-12,110895,1,2,0,774.0
10109802LEMOSF_2025-08-12_G48,10109802LEMOSF,2025-08-12,110895,1,6,0,81.0
10109802LEMOSF_2025-08-12_G49,10109802LEMOSF,2025-08-12,"110895, 117855",2,8,27,45.0
10109802LEMOSF_2025-08-12_G50,10109802LEMOSF,2025-08-12,117786,1,2,0,152.0
10109802LEMOSF_2025-08-12_G51,10109802LEMOSF,2025-08-12,111465,1,1,0,97.0
10109802LEMOSF_2025-08-12_G52,10109802LEMOSF,2025-08-12,117831,1,2,0,98.0
10109802LEMOSF_2025-08-12_G53,10109802LEMOSF,2025-08-12,109643,1,8,0,2546.0
10109802LEMOSF_2025-08-12_G54,10109802LEMOSF,2025-08-12,117809,1,20,0,673.0
10109802LEMOSF_2025-08-12_G55,10109802LEMOSF,2025-08-12,117820,1,40,0,166.0
10109802LEMOSF_2025-08-12_G56,10109802LEMOSF,2025-08-12,117808,1,540,0,1233.0
10109802LEMOSF_2025-08-13_G02,10109802LEMOSF,2025-08-13,111438,1,4,0,172.0
10109802LEMOSF_2025-08-13_G03,10109802LEMOSF,2025-08-13,118094,1,2,0,49.0
10109802LEMOSF_2025-08-13_G04,10109802LEMOSF,2025-08-13,110515,1,8,0,412.0
10109802LEMOSF_2025-08-13_G05,10109802LEMOSF,2025-08-13,118299,1,7,0,116.0
10109802LEMOSF_2025-08-13_G06,10109802LEMOSF,2025-08-13,141202,1,2,0,61.0
10109802LEMOSF_2025-08-13_G07,10109802LEMOSF,2025-08-13,111435,1,2,0,140.0
10109802LEMOSF_2025-08-13_G08,10109802LEMOSF,2025-08-13,111418,1,5,0,139.0
10109802LEMOSF_2025-08-13_G09,10109802LEMOSF,2025-08-13,117833,1,4,0,102.0
10109802LEMOSF_2025-08-13_G10,10109802LEMOSF,2025-08-13,111743,1,2,0,73.0
10109802LEMOSF_2025-08-13_G11,10109802LEMOSF,2025-08-13,117787,1,1,0,62.0
10109802LEMOSF_2025-08-13_G12,10109802LEMOSF,2025-08-13,118317,1,4,0,114.0
10109802LEMOSF_2025-08-13_G13,10109802LEMOSF,2025-08-13,107629,1,8,0,746.0
10109802LEMOSF_2025-08-13_G14,10109802LEMOSF,2025-08-13,111650,1,12,0,239.0
10109802LEMOSF_2025-08-13_G15,10109802LEMOSF,2025-08-13,111530,1,4,0,147.0
10109802LEMOSF_2025-08-13_G16,10109802LEMOSF,2025-08-13,111530,1,36,0,151.0
10109802LEMOSF_2025-08-13_G17,10109802LEMOSF,2025-08-13,105242,1,8,0,538.0
10109802LEMOSF_2025-08-13_G18,10109802LEMOSF,2025-08-13,118094,1,8,0,421.0
10109802LEMOSF_2025-08-13_G19,10109802LEMOSF,2025-08-13,111463,1,4,0,90.0
10109802LEMOSF_2025-08-13_G20,10109802LEMOSF,2025-08-13,110372,1,7,0,205.0
10109802LEMOSF_2025-08-13_G21,10109802LEMOSF,2025-08-13,117786,1,4,0,357.0
10109802LEMOSF_2025-08-13_G22,10109802LEMOSF,2025-08-13,117862,1,3,0,124.0
10109802LEMOSF_2025-08-13_G23,10109802LEMOSF,2025-08-13,108711,1,3,0,100.0
10109802LEMOSF_2025-08-13_G24,10109802LEMOSF,2025-08-13,111418,1,16,0,203.0
10109802LEMOSF_2025-08-13_G25,10109802LEMOSF,2025-08-13,111435,1,4,0,1741.0
10109802LEMOSF_2025-08-13_G26,10109802LEMOSF,2025-08-13,105705,1,5,0,177.0
10109802LEMOSF_2025-08-13_G27,10109802LEMOSF,2025-08-13,140922,1,31,0,147.0
10109802LEMOSF_2025-08-13_G28,10109802LEMOSF,2025-08-13,111348,1,4,0,248.0
10109802LEMOSF_2025-08-13_G29,10109802LEMOSF,2025-08-13,111330,1,4,0,72.0
10109802LEMOSF_2025-08-13_G30,10109802LEMOSF,2025-08-13,111443,1,4,0,111.0
10109802LEMOSF_2025-08-13_G31,10109802LEMOSF,2025-08-13,117841,1,2,0,87.0
10109802LEMOSF_2025-08-13_G32,10109802LEMOSF,2025-08-13,117833,1,8,0,105.0
10109802LEMOSF_2025-08-13_G33,10109802LEMOSF,2025-08-13,117821,1,17,0,160.0
10109802LEMOSF_2025-08-13_G34,10109802LEMOSF,2025-08-13,117787,1,10,0,123.0
10109802LEMOSF_2025-08-13_G35,10109802LEMOSF,2025-08-13,111532,1,89,0,368.0
10109802LEMOSF_2025-08-13_G37,10109802LEMOSF,2025-08-13,109645,1,2,0,98.0
10109802LEMOSF_2025-08-13_G38,10109802LEMOSF,2025-08-13,141458,1,60,0,138.0
10109802LEMOSF_2025-08-13_G39,10109802LEMOSF,2025-08-13,111465,1,11,0,791.0
10109802LEMOSF_2025-08-13_G40,10109802LEMOSF,2025-08-13,118222,1,16,0,464.0
10109802LEMOSF_2025-08-14_G02,10109802LEMOSF,2025-08-14,111467,1,1,0,79.0
10109802LEMOSF_2025-08-14_G03,10109802LEMOSF,2025-08-14,111418,1,2,0,102.0
10109802LEMOSF_2025-08-14_G04,10109802LEMOSF,2025-08-14,111418,1,19,0,443.0
10109802LEMOSF_2025-08-14_G05,10109802LEMOSF,2025-08-14,111443,1,4,0,234.0
10109802LEMOSF_2025-08-14_G06,10109802LEMOSF,2025-08-14,117821,1,2,0,78.0
10109802LEMOSF_2025-08-14_G07,10109802LEMOSF,2025-08-14,111465,1,2,0,70.0
10109802LEMOSF_2025-08-14_G08,10109802LEMOSF,2025-08-14,110747,1,7,0,237.0
10109802LEMOSF_2025-08-14_G09,10109802LEMOSF,2025-08-14,111876,1,5,0,1257.0
10109802LEMOSF_2025-08-14_G10,10109802LEMOSF,2025-08-14,118094,1,16,0,258.0
10109802LEMOSF_2025-08-14_G11,10109802LEMOSF,2025-08-14,111467,1,25,0,262.0
10109802LEMOSF_2025-08-14_G12,10109802LEMOSF,2025-08-14,117821,1,8,0,340.0
10109802LEMOSF_2025-08-14_G13,10109802LEMOSF,2025-08-14,117787,1,11,0,141.0
10109802LEMOSF_2025-08-14_G14,10109802LEMOSF,2025-08-14,111532,1,3,0,55.0
10109802LEMOSF_2025-08-14_G15,10109802LEMOSF,2025-08-14,117785,1,50,0,405.0
10109802LEMOSF_2025-08-14_G16,10109802LEMOSF,2025-08-14,111172,1,7,0,171.0
10109802LEMOSF_2025-08-14_G18,10109802LEMOSF,2025-08-14,117788,1,1,0,62.0
10109802LEMOSF_2025-08-14_G19,10109802LEMOSF,2025-08-14,109643,2,6,17,39.0
10109802LEMOSF_2025-08-14_G20,10109802LEMOSF,2025-08-14,117832,1,10,0,46.0
10109802LEMOSF_2025-08-14_G21,10109802LEMOSF,2025-08-14,117808,1,130,0,128.0
10109802LEMOSF_2025-08-14_G22,10109802LEMOSF,2025-08-14,110325,1,16,0,412.0
10109802LEMOSF_2025-08-14_G23,10109802LEMOSF,2025-08-14,117820,1,20,0,153.0
10109802LEMOSF_2025-08-14_G24,10109802LEMOSF,2025-08-14,117822,1,6,0,97.0
10109802LEMOSF_2025-08-14_G25,10109802LEMOSF,2025-08-14,117808,1,50,0,155.0
10109802LEMOSF_2025-08-14_G26,10109802LEMOSF,2025-08-14,110372,1,16,0,349.0
10109802LEMOSF_2025-08-14_G27,10109802LEMOSF,2025-08-14,141066,1,24,0,1324.0
10109802LEMOSF_2025-08-14_G28,10109802LEMOSF,2025-08-14,107629,1,13,0,226.0
10109802LEMOSF_2025-08-14_G29,10109802LEMOSF,2025-08-14,118298,1,12,0,146.0
10109802LEMOSF_2025-08-14_G30,10109802LEMOSF,2025-08-14,117861,1,50,0,381.0
10109802LEMOSF_2025-08-14_G31,10109802LEMOSF,2025-08-14,110733,1,30,0,434.0
10109802LEMOSF_2025-08-14_G32,10109802LEMOSF,2025-08-14,111439,1,6,0,137.0
10109802LEMOSF_2025-08-14_G33,10109802LEMOSF,2025-08-14,111467,1,30,0,484.0
10109802LEMOSF_2025-08-14_G34,10109802LEMOSF,2025-08-14,110753,1,4,0,344.0
10109802LEMOSF_2025-08-15_G02,10109802LEMOSF,2025-08-15,111850,1,4,0,95.0
10109802LEMOSF_2025-08-15_G03,10109802LEMOSF,2025-08-15,111602,1,8,0,103.0
10109802LEMOSF_2025-08-15_G04,10109802LEMOSF,2025-08-15,110787,1,3,0,124.0
10109802LEMOSF_2025-08-15_G05,10109802LEMOSF,2025-08-15,118140,1,6,0,1322.0
10109802LEMOSF_2025-08-15_G06,10109802LEMOSF,2025-08-15,110787,1,3,0,79.0
10109802LEMOSF_2025-08-15_G07,10109802LEMOSF,2025-08-15,111850,1,2,0,181.0
10109802LEMOSF_2025-08-15_G08,10109802LEMOSF,2025-08-15,111465,1,4,0,197.0
10109802LEMOSF_2025-08-15_G09,10109802LEMOSF,2025-08-15,111850,1,1,0,45.0
10109802LEMOSF_2025-08-15_G10,10109802LEMOSF,2025-08-15,118140,1,2,0,101.0
10109802LEMOSF_2025-08-15_G11,10109802LEMOSF,2025-08-15,140922,1,1,0,800.0
10109802LEMOSF_2025-08-15_G12,10109802LEMOSF,2025-08-15,111348,1,4,0,59.0
10109802LEMOSF_2025-08-15_G13,10109802LEMOSF,2025-08-15,111443,1,4,0,129.0
10109802LEMOSF_2025-08-15_G14,10109802LEMOSF,2025-08-15,117841,1,4,0,87.0
10109802LEMOSF_2025-08-15_G15,10109802LEMOSF,2025-08-15,117821,1,12,0,140.0
10109802LEMOSF_2025-08-15_G16,10109802LEMOSF,2025-08-15,111532,1,9,0,167.0
10109802LEMOSF_2025-08-15_G17,10109802LEMOSF,2025-08-15,111468,1,17,0,177.0
10109802LEMOSF_2025-08-15_G18,10109802LEMOSF,2025-08-15,110748,1,2,0,193.0
10109802LEMOSF_2025-08-15_G19,10109802LEMOSF,2025-08-15,109645,1,10,0,446.0
10109802LEMOSF_2025-08-15_G20,10109802LEMOSF,2025-08-15,107236,1,12,0,279.0
10109802LEMOSF_2025-08-15_G21,10109802LEMOSF,2025-08-15,111444,1,4,0,201.0
10109802LEMOSF_2025-08-15_G22,10109802LEMOSF,2025-08-15,110740,1,6,0,565.0
10109802LEMOSF_2025-08-15_G23,10109802LEMOSF,2025-08-15,111435,1,4,0,175.0
10109802LEMOSF_2025-08-15_G24,10109802LEMOSF,2025-08-15,110787,1,21,0,324.0
10109802LEMOSF_2025-08-15_G25,10109802LEMOSF,2025-08-15,117808,1,700,0,2116.0
10109802LEMOSF_2025-08-15_G26,10109802LEMOSF,2025-08-15,118281,1,30,0,266.0
10109802LEMOSF_2025-08-15_G27,10109802LEMOSF,2025-08-15,110373,1,50,0,1095.0
10109802LEMOSF_2025-08-15_G28,10109802LEMOSF,2025-08-15,118299,1,300,0,1380.0
10109802LEMOSF_2025-08-15_G29,10109802LEMOSF,2025-08-15,117808,1,40,0,80.0
10109802LEMOSF_2025-08-15_G31,10109802LEMOSF,2025-08-15,110373,1,13,0,113.0
10109802LEMOSF_2025-08-15_G32,10109802LEMOSF,2025-08-15,111602,1,6,0,152.0
10109802LEMOSF_2025-08-15_G33,10109802LEMOSF,2025-08-15,109640,1,1,0,31.0
10109802LEMOSF_2025-08-15_G34,10109802LEMOSF,2025-08-15,110754,1,2,0,122.0
10109802LEMOSF_2025-08-15_G35,10109802LEMOSF,2025-08-15,111466,1,10,0,284.0
10109802LEMOSF_2025-08-15_G36,10109802LEMOSF,2025-08-15,111418,1,5,0,140.0
10109802LEMOSF_2025-08-15_G37,10109802LEMOSF,2025-08-15,117841,1,4,0,117.0
10109802LEMOSF_2025-08-15_G38,10109802LEMOSF,2025-08-15,118140,1,22,0,412.0
10109802LEMOSF_2025-08-15_G39,10109802LEMOSF,2025-08-15,110787,1,10,0,257.0
10109802LEMOSF_2025-08-15_G40,10109802LEMOSF,2025-08-15,141457,1,4,0,70.0
10109802LEMOSF_2025-08-15_G41,10109802LEMOSF,2025-08-15,111463,1,16,0,353.0
10109802LEMOSF_2025-08-15_G42,10109802LEMOSF,2025-08-15,111434,1,20,0,630.0
10109802LEMOSF_2025-08-15_G43,10109802LEMOSF,2025-08-15,118140,1,12,0,338.0
10109802LEMOSF_2025-08-15_G44,10109802LEMOSF,2025-08-15,110580,1,1,0,124.0
10109802LEMOSF_2025-08-15_G45,10109802LEMOSF,2025-08-15,110787,1,4,0,1623.0
10109802LEMOSF_2025-08-15_G46,10109802LEMOSF,2025-08-15,140922,1,6,0,247.0
10109802LEMOSF_2025-08-15_G47,10109802LEMOSF,2025-08-15,110733,1,2,0,106.0
10109802LEMOSF_2025-08-15_G48,10109802LEMOSF,2025-08-15,111602,1,15,0,282.0
10109802LEMOSF_2025-08-15_G49,10109802LEMOSF,2025-08-15,117820,1,20,0,272.0
10109802LEMOSF_2025-08-15_G50,10109802LEMOSF,2025-08-15,117808,1,12,0,112.0
10109802LEMOSF_2025-08-15_G51,10109802LEMOSF,2025-08-15,118299,1,24,0,289.0
10109802LEMOSF_2025-08-15_G52,10109802LEMOSF,2025-08-15,111466,1,7,0,444.0
10109802LEMOSF_2025-08-15_G53,10109802LEMOSF,2025-08-15,110787,1,3,0,77.0
10109802LEMOSF_2025-08-15_G54,10109802LEMOSF,2025-08-15,111463,1,8,0,379.0
10109802LEMOSF_2025-08-15_G55,10109802LEMOSF,2025-08-15,111463,1,16,0,41.0
10109802LEMOSF_2025-08-16_G02,10109802LEMOSF,2025-08-16,110748,1,2,0,63.0
10109802LEMOSF_2025-08-16_G03,10109802LEMOSF,2025-08-16,110740,1,4,0,96.0
10109802LEMOSF_2025-08-16_G04,10109802LEMOSF,2025-08-16,141458,1,12,0,198.0
10109802LEMOSF_2025-08-16_G05,10109802LEMOSF,2025-08-16,117809,1,48,0,958.0
10109802LEMOSF_2025-08-16_G06,10109802LEMOSF,2025-08-16,111602,1,59,0,2064.0
10109802LEMOSF_2025-08-16_G07,10109802LEMOSF,2025-08-16,141457,1,80,0,291.0
10109802LEMOSF_2025-08-16_G09,10109802LEMOSF,2025-08-16,111532,1,500,0,1033.0
10109802LEMOSF_2025-08-16_G10,10109802LEMOSF,2025-08-16,108794,1,100,0,354.0
10109802LEMOSF_2025-08-16_G11,10109802LEMOSF,2025-08-16,118094,1,10,0,440.0
10109802LEMOSF_2025-08-16_G12,10109802LEMOSF,2025-08-16,111532,1,60,0,148.0
10109802LEMOSF_2025-08-16_G13,10109802LEMOSF,2025-08-16,109643,1,280,0,425.0
10109802LEMOSF_2025-08-16_G14,10109802LEMOSF,2025-08-16,110325,1,100,0,399.0
10109802LEMOSF_2025-08-16_G16,10109802LEMOSF,2025-08-16,118299,1,1000,0,1153.0
10109802LEMOSF_2025-08-16_G17,10109802LEMOSF,2025-08-16,117808,1,736,0,1493.0
10109802LEMOSF_2025-08-16_G18,10109802LEMOSF,2025-08-16,109641,1,10,0,2103.0
10109802LEMOSF_2025-08-16_G19,10109802LEMOSF,2025-08-16,108794,1,100,0,118.0
10109802LEMOSF_2025-08-16_G20,10109802LEMOSF,2025-08-16,108794,1,100,0,125.0
10109802LEMOSF_2025-08-18_G02,10109802LEMOSF,2025-08-18,111463,1,10,0,279.0
10109802LEMOSF_2025-08-18_G03,10109802LEMOSF,2025-08-18,110372,1,8,0,432.0
10109802LEMOSF_2025-08-18_G04,10109802LEMOSF,2025-08-18,111466,1,1,0,161.0
10109802LEMOSF_2025-08-18_G05,10109802LEMOSF,2025-08-18,110711,1,1,0,448.0
10109802LEMOSF_2025-08-18_G06,10109802LEMOSF,2025-08-18,117856,1,2,0,80.0
10109802LEMOSF_2025-08-18_G07,10109802LEMOSF,2025-08-18,111466,1,1,0,78.0
10109802LEMOSF_2025-08-18_G08,10109802LEMOSF,2025-08-18,111463,1,7,0,127.0
10109802LEMOSF_2025-08-18_G09,10109802LEMOSF,2025-08-18,110372,1,13,0,272.0
10109802LEMOSF_2025-08-18_G10,10109802LEMOSF,2025-08-18,110711,1,2,0,1017.0
10109802LEMOSF_2025-08-18_G11,10109802LEMOSF,2025-08-18,117856,1,2,0,68.0
10109802LEMOSF_2025-08-18_G12,10109802LEMOSF,2025-08-18,111466,3,15,30,35.0
10109802LEMOSF_2025-08-18_G13,10109802LEMOSF,2025-08-18,111463,2,18,12,120.0
10109802LEMOSF_2025-08-18_G14,10109802LEMOSF,2025-08-18,110372,1,2,0,180.0
10109802LEMOSF_2025-08-18_G15,10109802LEMOSF,2025-08-18,110372,1,12,0,166.0
10109802LEMOSF_2025-08-18_G16,10109802LEMOSF,2025-08-18,110372,1,5,0,1026.0
10109802LEMOSF_2025-08-18_G17,10109802LEMOSF,2025-08-18,111466,1,3,0,136.0
10109802LEMOSF_2025-08-18_G18,10109802LEMOSF,2025-08-18,110711,1,1,0,267.0
10109802LEMOSF_2025-08-18_G19,10109802LEMOSF,2025-08-18,117856,1,2,0,81.0
10109802LEMOSF_2025-08-18_G20,10109802LEMOSF,2025-08-18,118140,1,108,0,936.0
10109802LEMOSF_2025-08-18_G21,10109802LEMOSF,2025-08-18,118140,1,77,0,1460.0
10109802LEMOSF_2025-08-18_G22,10109802LEMOSF,2025-08-18,118140,1,1,0,56.0
10109802LEMOSF_2025-08-18_G23,10109802LEMOSF,2025-08-18,118140,1,7,0,247.0
10109802LEMOSF_2025-08-18_G24,10109802LEMOSF,2025-08-18,118140,1,2,0,40.0
10109802LEMOSF_2025-08-18_G25,10109802LEMOSF,2025-08-18,118140,1,6,0,117.0
10109802LEMOSF_2025-08-18_G26,10109802LEMOSF,2025-08-18,118140,1,6,0,67.0
10109802LEMOSF_2025-08-18_G28,10109802LEMOSF,2025-08-18,111182,1,407,0,1064.0
10109802LEMOSF_2025-08-18_G29,10109802LEMOSF,2025-08-18,110747,1,220,0,940.0
10109802LEMOSF_2025-08-18_G30,10109802LEMOSF,2025-08-18,111418,1,977,0,2673.0
10109802LEMOSF_2025-08-18_G31,10109802LEMOSF,2025-08-18,117832,1,1218,0,2874.0
10109802LEMOSF_2025-08-19_G02,10109802LEMOSF,2025-08-19,110373,1,530,0,901.0
10109802LEMOSF_2025-08-19_G03,10109802LEMOSF,2025-08-19,110372,1,100,0,226.0
10109802LEMOSF_2025-08-19_G04,10109802LEMOSF,2025-08-19,109649,2,12,11,268.0
10109802LEMOSF_2025-08-19_G05,10109802LEMOSF,2025-08-19,111743,1,20,0,392.0
10109802LEMOSF_2025-08-19_G06,10109802LEMOSF,2025-08-19,111330,1,9,0,268.0
10109802LEMOSF_2025-08-19_G07,10109802LEMOSF,2025-08-19,118299,1,1800,0,3481.0
10109802LEMOSF_2025-08-20_G02,10109802LEMOSF,2025-08-20,111755,1,20,0,459.0
10109802LEMOSF_2025-08-20_G03,10109802LEMOSF,2025-08-20,117785,1,15,0,3369.0
10109802LEMOSF_2025-08-20_G04,10109802LEMOSF,2025-08-20,111723,1,40,0,507.0
10109802LEMOSF_2025-08-20_G05,10109802LEMOSF,2025-08-20,111753,1,25,0,186.0
10109802LEMOSF_2025-08-20_G06,10109802LEMOSF,2025-08-20,111466,1,4,0,2192.0
10109802LEMOSF_2025-08-20_G07,10109802LEMOSF,2025-08-20,116241,1,2,0,174.0
10109802LEMOSF_2025-08-20_G08,10109802LEMOSF,2025-08-20,118222,1,2,0,377.0
10109802LEMOSF_2025-08-20_G09,10109802LEMOSF,2025-08-20,111430,1,8,0,346.0
10109802LEMOSF_2025-08-20_G10,10109802LEMOSF,2025-08-20,111655,1,2,0,161.0
10109802LEMOSF_2025-08-20_G11,10109802LEMOSF,2025-08-20,117856,1,2,0,218.0
10109802LEMOSF_2025-08-20_G12,10109802LEMOSF,2025-08-20,141047,1,4,0,159.0
10109802LEMOSF_2025-08-20_G13,10109802LEMOSF,2025-08-20,109643,1,12,0,206.0
10109802LEMOSF_2025-08-20_G14,10109802LEMOSF,2025-08-20,117808,1,14,0,178.0
10109802LEMOSF_2025-08-20_G16,10109802LEMOSF,2025-08-20,141202,1,4,0,120.0
10109802LEMOSF_2025-08-20_G17,10109802LEMOSF,2025-08-20,111530,1,14,0,334.0
10109802LEMOSF_2025-08-20_G18,10109802LEMOSF,2025-08-20,117862,1,10,0,151.0
10109802LEMOSF_2025-08-20_G19,10109802LEMOSF,2025-08-20,111467,1,10,0,155.0
10109802LEMOSF_2025-08-20_G20,10109802LEMOSF,2025-08-20,111463,1,70,0,891.0
10109802LEMOSF_2025-08-20_G21,10109802LEMOSF,2025-08-20,111418,1,40,0,64.0
10109802LEMOSF_2025-08-20_G22,10109802LEMOSF,2025-08-20,111330,1,1,0,548.0
10109802LEMOSF_2025-08-20_G23,10109802LEMOSF,2025-08-20,111465,1,12,0,311.0
10109802LEMOSF_2025-08-20_G24,10109802LEMOSF,2025-08-20,107263,1,4,0,1488.0
10109802LEMOSF_2025-08-20_G25,10109802LEMOSF,2025-08-20,111469,1,15,0,320.0
10109802LEMOSF_2025-08-20_G26,10109802LEMOSF,2025-08-20,111463,1,10,0,130.0
10109802LEMOSF_2025-08-20_G27,10109802LEMOSF,2025-08-20,111463,1,11,0,80.0
10109802LEMOSF_2025-08-20_G28,10109802LEMOSF,2025-08-20,111743,1,3,0,160.0
10109802LEMOSF_2025-08-20_G29,10109802LEMOSF,2025-08-20,110787,1,7,0,149.0
10109802LEMOSF_2025-08-20_G30,10109802LEMOSF,2025-08-20,117842,1,5,0,123.0
10109802LEMOSF_2025-08-20_G31,10109802LEMOSF,2025-08-20,141456,1,13,0,167.0
10109802LEMOSF_2025-08-20_G32,10109802LEMOSF,2025-08-20,141456,1,3,0,42.0
10109802LEMOSF_2025-08-20_G33,10109802LEMOSF,2025-08-20,118140,1,11,0,260.0
10109802LEMOSF_2025-08-20_G34,10109802LEMOSF,2025-08-20,118317,1,18,0,198.0
10109802LEMOSF_2025-08-20_G35,10109802LEMOSF,2025-08-20,111433,1,2,0,139.0
10109802LEMOSF_2025-08-20_G36,10109802LEMOSF,2025-08-20,108794,1,6,0,78.0
10109802LEMOSF_2025-08-20_G37,10109802LEMOSF,2025-08-20,108794,1,4,0,40.0
10109802LEMOSF_2025-08-21_G02,10109802LEMOSF,2025-08-21,117855,1,8,0,489.0
10109802LEMOSF_2025-08-21_G03,10109802LEMOSF,2025-08-21,110515,1,4,0,169.0
10109802LEMOSF_2025-08-21_G04,10109802LEMOSF,2025-08-21,111463,1,8,0,169.0
10109802LEMOSF_2025-08-21_G05,10109802LEMOSF,2025-08-21,118140,1,4,0,143.0
10109802LEMOSF_2025-08-21_G06,10109802LEMOSF,2025-08-21,110373,1,8,0,154.0
10109802LEMOSF_2025-08-21_G07,10109802LEMOSF,2025-08-21,117820,1,8,0,108.0
10109802LEMOSF_2025-08-21_G08,10109802LEMOSF,2025-08-21,110372,1,8,0,99.0
10109802LEMOSF_2025-08-21_G09,10109802LEMOSF,2025-08-21,118299,1,8,0,154.0
10109802LEMOSF_2025-08-21_G10,10109802LEMOSF,2025-08-21,111430,1,2,0,896.0
10109802LEMOSF_2025-08-21_G11,10109802LEMOSF,2025-08-21,110754,1,4,0,326.0
10109802LEMOSF_2025-08-21_G12,10109802LEMOSF,2025-08-21,141202,1,4,0,31.0
10109802LEMOSF_2025-08-21_G13,10109802LEMOSF,2025-08-21,111182,1,4,0,1881.0
10109802LEMOSF_2025-08-21_G14,10109802LEMOSF,2025-08-21,108711,1,8,0,343.0
10109802LEMOSF_2025-08-21_G15,10109802LEMOSF,2025-08-21,110740,1,7,0,218.0
10109802LEMOSF_2025-08-21_G16,10109802LEMOSF,2025-08-21,109640,1,6,0,111.0
10109802LEMOSF_2025-08-21_G17,10109802LEMOSF,2025-08-21,117820,1,7,0,437.0
10109802LEMOSF_2025-08-21_G18,10109802LEMOSF,2025-08-21,111569,1,2,0,92.0
10109802LEMOSF_2025-08-21_G20,10109802LEMOSF,2025-08-21,117833,1,30,0,157.0
10109802LEMOSF_2025-08-21_G21,10109802LEMOSF,2025-08-21,117787,1,16,0,1035.0
10109802LEMOSF_2025-08-21_G22,10109802LEMOSF,2025-08-21,118317,1,40,0,461.0
10109802LEMOSF_2025-08-21_G23,10109802LEMOSF,2025-08-21,111462,1,40,0,242.0
10109802LEMOSF_2025-08-21_G24,10109802LEMOSF,2025-08-21,111462,1,38,0,59.0
10109802LEMOSF_2025-08-21_G25,10109802LEMOSF,2025-08-21,111442,1,35,0,441.0
10109802LEMOSF_2025-08-21_G26,10109802LEMOSF,2025-08-21,111430,1,4,0,1000.0
10109802LEMOSF_2025-08-21_G27,10109802LEMOSF,2025-08-21,111430,1,5,0,236.0
10109802LEMOSF_2025-08-21_G28,10109802LEMOSF,2025-08-21,111430,1,25,0,697.0
10109802LEMOSF_2025-08-22_G02,10109802LEMOSF,2025-08-22,117862,1,63,0,37.0
10109802LEMOSF_2025-08-22_G03,10109802LEMOSF,2025-08-22,107629,1,9,0,663.0
10109802LEMOSF_2025-08-22_G04,10109802LEMOSF,2025-08-22,111876,1,8,0,183.0
10109802LEMOSF_2025-08-22_G05,10109802LEMOSF,2025-08-22,111650,1,4,0,117.0
10109802LEMOSF_2025-08-22_G06,10109802LEMOSF,2025-08-22,117853,1,1,0,39.0
10109802LEMOSF_2025-08-22_G07,10109802LEMOSF,2025-08-22,111879,1,2,0,85.0
10109802LEMOSF_2025-08-22_G08,10109802LEMOSF,2025-08-22,111602,1,6,0,121.0
10109802LEMOSF_2025-08-22_G09,10109802LEMOSF,2025-08-22,109640,1,17,0,463.0
10109802LEMOSF_2025-08-22_G10,10109802LEMOSF,2025-08-22,110339,1,16,0,577.0
10109802LEMOSF_2025-08-22_G11,10109802LEMOSF,2025-08-22,111467,1,8,0,132.0
10109802LEMOSF_2025-08-22_G12,10109802LEMOSF,2025-08-22,101217,1,2,0,108.0
10109802LEMOSF_2025-08-22_G13,10109802LEMOSF,2025-08-22,110752,1,4,0,88.0
10109802LEMOSF_2025-08-22_G14,10109802LEMOSF,2025-08-22,110515,1,73,0,57.0
10109802LEMOSF_2025-08-22_G15,10109802LEMOSF,2025-08-22,110500,1,4,0,660.0
10109802LEMOSF_2025-08-22_G16,10109802LEMOSF,2025-08-22,118283,1,20,0,389.0
10109802LEMOSF_2025-08-22_G17,10109802LEMOSF,2025-08-22,107254,1,6,0,122.0
10109802LEMOSF_2025-08-22_G18,10109802LEMOSF,2025-08-22,118280,1,6,0,194.0
10109802LEMOSF_2025-08-22_G19,10109802LEMOSF,2025-08-22,111776,1,1,0,81.0
10109802LEMOSF_2025-08-22_G20,10109802LEMOSF,2025-08-22,117808,1,2000,0,2997.0
10109802LEMOSF_2025-08-22_G21,10109802LEMOSF,2025-08-22,111348,2,12,16,782.0
10109802LEMOSF_2025-08-22_G22,10109802LEMOSF,2025-08-22,109645,1,6,0,45.0
10109802LEMOSF_2025-08-22_G23,10109802LEMOSF,2025-08-22,117809,1,5,0,285.0
10109802LEMOSF_2025-08-22_G24,10109802LEMOSF,2025-08-22,111530,1,5,0,103.0
10109802LEMOSF_2025-08-22_G25,10109802LEMOSF,2025-08-22,110895,1,1,0,69.0
10109802LEMOSF_2025-08-22_G26,10109802LEMOSF,2025-08-22,107830,1,8,0,131.0
10109802LEMOSF_2025-08-22_G27,10109802LEMOSF,2025-08-22,109648,1,1,0,68.0
10109802LEMOSF_2025-08-22_G28,10109802LEMOSF,2025-08-22,117820,1,26,0,192.0
10109802LEMOSF_2025-08-22_G29,10109802LEMOSF,2025-08-22,118299,1,24,0,2228.0
10109802LEMOSF_2025-08-23_G02,10109802LEMOSF,2025-08-23,111435,1,4,0,246.0
10109802LEMOSF_2025-08-23_G03,10109802LEMOSF,2025-08-23,111463,1,33,0,541.0
10109802LEMOSF_2025-08-23_G04,10109802LEMOSF,2025-08-23,117833,1,1,0,92.0
10109802LEMOSF_2025-08-23_G05,10109802LEMOSF,2025-08-23,108798,1,7,0,125.0
10109802LEMOSF_2025-08-23_G06,10109802LEMOSF,2025-08-23,117787,1,12,0,189.0
10109802LEMOSF_2025-08-23_G07,10109802LEMOSF,2025-08-23,111468,1,19,0,152.0
10109802LEMOSF_2025-08-23_G08,10109802LEMOSF,2025-08-23,109645,1,10,0,126.0
10109802LEMOSF_2025-08-23_G09,10109802LEMOSF,2025-08-23,105705,1,4,0,74.0
10109802LEMOSF_2025-08-23_G10,10109802LEMOSF,2025-08-23,110745,1,28,0,410.0
10109802LEMOSF_2025-08-23_G11,10109802LEMOSF,2025-08-23,108794,1,50,0,286.0
10109802LEMOSF_2025-08-23_G12,10109802LEMOSF,2025-08-23,110740,1,5,0,219.0
10109802LEMOSF_2025-08-23_G13,10109802LEMOSF,2025-08-23,111172,1,42,0,602.0
10109802LEMOSF_2025-08-23_G14,10109802LEMOSF,2025-08-23,108771,1,1,0,579.0
10109802LEMOSF_2025-08-23_G15,10109802LEMOSF,2025-08-23,111172,1,4,0,64.0
10109802LEMOSF_2025-08-23_G17,10109802LEMOSF,2025-08-23,117820,1,80,0,88.0
10109802LEMOSF_2025-08-23_G18,10109802LEMOSF,2025-08-23,117808,1,500,0,816.0
10109802LEMOSF_2025-08-23_G19,10109802LEMOSF,2025-08-23,110325,1,65,0,755.0
10109802LEMOSF_2025-08-23_G20,10109802LEMOSF,2025-08-23,117830,1,29,0,432.0
10109802LEMOSF_2025-08-25_G02,10109802LEMOSF,2025-08-25,111418,1,10,0,267.0
10109802LEMOSF_2025-08-25_G03,10109802LEMOSF,2025-08-25,110373,1,8,0,236.0
10109802LEMOSF_2025-08-25_G04,10109802LEMOSF,2025-08-25,110372,1,10,0,146.0
10109802LEMOSF_2025-08-25_G05,10109802LEMOSF,2025-08-25,118299,1,8,0,133.0
10109802LEMOSF_2025-08-25_G06,10109802LEMOSF,2025-08-25,111530,1,1,0,176.0
10109802LEMOSF_2025-08-25_G07,10109802LEMOSF,2025-08-25,111469,1,5,0,608.0
10109802LEMOSF_2025-08-25_G08,10109802LEMOSF,2025-08-25,108711,1,8,0,171.0
10109802LEMOSF_2025-08-25_G09,10109802LEMOSF,2025-08-25,111348,1,4,0,210.0
10109802LEMOSF_2025-08-25_G10,10109802LEMOSF,2025-08-25,111743,1,2,0,118.0
10109802LEMOSF_2025-08-25_G11,10109802LEMOSF,2025-08-25,117787,1,4,0,97.0
10109802LEMOSF_2025-08-25_G12,10109802LEMOSF,2025-08-25,111532,1,10,0,120.0
10109802LEMOSF_2025-08-25_G13,10109802LEMOSF,2025-08-25,118140,1,6,0,187.0
10109802LEMOSF_2025-08-25_G14,10109802LEMOSF,2025-08-25,111466,1,8,0,87.0
10109802LEMOSF_2025-08-25_G15,10109802LEMOSF,2025-08-25,109641,1,4,0,131.0
10109802LEMOSF_2025-08-25_G16,10109802LEMOSF,2025-08-25,111462,1,8,0,83.0
10109802LEMOSF_2025-08-25_G17,10109802LEMOSF,2025-08-25,111469,2,8,14,707.0
10109802LEMOSF_2025-08-25_G18,10109802LEMOSF,2025-08-25,111463,1,2,0,124.0
10109802LEMOSF_2025-08-25_G19,10109802LEMOSF,2025-08-25,110787,1,4,0,130.0
10109802LEMOSF_2025-08-25_G20,10109802LEMOSF,2025-08-25,107236,1,4,0,97.0
10109802LEMOSF_2025-08-25_G21,10109802LEMOSF,2025-08-25,107629,1,4,0,210.0
10109802LEMOSF_2025-08-25_G22,10109802LEMOSF,2025-08-25,110711,1,2,0,41.0
10109802LEMOSF_2025-08-25_G23,10109802LEMOSF,2025-08-25,111602,2,5,28,115.0
10109802LEMOSF_2025-08-25_G24,10109802LEMOSF,2025-08-25,117820,1,6,0,158.0
10109802LEMOSF_2025-08-25_G25,10109802LEMOSF,2025-08-25,110372,1,10,0,173.0
10109802LEMOSF_2025-08-25_G26,10109802LEMOSF,2025-08-25,111445,1,1,0,73.0
10109802LEMOSF_2025-08-25_G27,10109802LEMOSF,2025-08-25,109645,1,4,0,414.0
10109802LEMOSF_2025-08-25_G28,10109802LEMOSF,2025-08-25,117832,1,2,0,72.0
10109802LEMOSF_2025-08-25_G29,10109802LEMOSF,2025-08-25,111530,1,5,0,1459.0
10109802LEMOSF_2025-08-25_G30,10109802LEMOSF,2025-08-25,111530,1,4,0,33.0
10109802LEMOSF_2025-08-25_G31,10109802LEMOSF,2025-08-25,117856,1,6,0,210.0
10109802LEMOSF_2025-08-25_G32,10109802LEMOSF,2025-08-25,117786,1,2,0,100.0
10109802LEMOSF_2025-08-25_G33,10109802LEMOSF,2025-08-25,109647,1,1,0,77.0
10109802LEMOSF_2025-08-25_G34,10109802LEMOSF,2025-08-25,111602,1,4,0,131.0
10109802LEMOSF_2025-08-25_G35,10109802LEMOSF,2025-08-25,110515,1,6,0,202.0
10109802LEMOSF_2025-08-25_G36,10109802LEMOSF,2025-08-25,111441,1,4,0,167.0
10109802LEMOSF_2025-08-25_G37,10109802LEMOSF,2025-08-25,110755,1,8,0,345.0
10109802LEMOSF_2025-08-25_G38,10109802LEMOSF,2025-08-25,100334,1,1,0,109.0
10109802LEMOSF_2025-08-25_G39,10109802LEMOSF,2025-08-25,118222,1,4,0,225.0
10109802LEMOSF_2025-08-25_G40,10109802LEMOSF,2025-08-25,111530,1,20,0,1559.0
10109802LEMOSF_2025-08-25_G41,10109802LEMOSF,2025-08-25,117855,1,4,0,109.0
10109802LEMOSF_2025-08-25_G42,10109802LEMOSF,2025-08-25,117786,1,12,0,110.0
10109802LEMOSF_2025-08-25_G43,10109802LEMOSF,2025-08-25,141047,1,8,0,103.0
10109802LEMOSF_2025-08-25_G44,10109802LEMOSF,2025-08-25,110339,1,12,0,510.0
10109802LEMOSF_2025-08-25_G45,10109802LEMOSF,2025-08-25,110339,1,12,0,94.0
10109802LEMOSF_2025-08-25_G46,10109802LEMOSF,2025-08-25,111467,1,4,0,101.0
10109802LEMOSF_2025-08-25_G47,10109802LEMOSF,2025-08-25,110515,2,20,8,115.0
10109802LEMOSF_2025-08-25_G48,10109802LEMOSF,2025-08-25,100334,1,4,0,264.0
10109802LEMOSF_2025-08-25_G49,10109802LEMOSF,2025-08-25,110747,1,24,0,422.0
10109802LEMOSF_2025-08-25_G50,10109802LEMOSF,2025-08-25,111438,1,4,0,149.0
10109802LEMOSF_2025-08-25_G51,10109802LEMOSF,2025-08-25,111660,1,7,0,519.0
10109802LEMOSF_2025-08-25_G52,10109802LEMOSF,2025-08-25,110374,2,61,17,33.0
10109802LEMOSF_2025-08-25_G54,10109802LEMOSF,2025-08-25,117785,1,6,0,159.0
10109802LEMOSF_2025-08-25_G55,10109802LEMOSF,2025-08-25,108711,1,4,0,92.0
10109802LEMOSF_2025-08-25_G56,10109802LEMOSF,2025-08-25,111463,1,2,0,51.0
10109802LEMOSF_2025-08-25_G57,10109802LEMOSF,2025-08-25,111532,1,2,0,101.0
10109802LEMOSF_2025-08-25_G58,10109802LEMOSF,2025-08-25,111468,1,3,0,134.0
10109802LEMOSF_2025-08-25_G59,10109802LEMOSF,2025-08-25,111418,1,12,0,283.0
10109802LEMOSF_2025-08-25_G60,10109802LEMOSF,2025-08-25,118140,1,11,0,203.0
10109802LEMOSF_2025-08-25_G61,10109802LEMOSF,2025-08-25,111466,1,8,0,244.0
10109802LEMOSF_2025-08-25_G62,10109802LEMOSF,2025-08-25,110787,1,4,0,80.0
10109802LEMOSF_2025-08-25_G63,10109802LEMOSF,2025-08-25,117831,1,2,0,49.0
10109802LEMOSF_2025-08-25_G64,10109802LEMOSF,2025-08-25,111182,1,2,0,75.0
10109802LEMOSF_2025-08-25_G65,10109802LEMOSF,2025-08-25,111462,1,8,0,309.0
10109802LEMOSF_2025-08-25_G66,10109802LEMOSF,2025-08-25,111462,1,5,0,62.0
10109802LEMOSF_2025-08-25_G67,10109802LEMOSF,2025-08-25,110895,1,4,0,146.0
10109802LEMOSF_2025-08-25_G68,10109802LEMOSF,2025-08-25,108711,1,6,0,1884.0
10109802LEMOSF_2025-08-25_G69,10109802LEMOSF,2025-08-25,111463,1,1,0,60.0
10109802LEMOSF_2025-08-25_G70,10109802LEMOSF,2025-08-25,118317,1,3,0,160.0
10109802LEMOSF_2025-08-25_G71,10109802LEMOSF,2025-08-25,111418,1,17,0,445.0
10109802LEMOSF_2025-08-25_G72,10109802LEMOSF,2025-08-25,110787,1,3,0,94.0
10109802LEMOSF_2025-08-25_G73,10109802LEMOSF,2025-08-25,117785,1,30,0,3549.0
10109802LEMOSF_2025-08-25_G74,10109802LEMOSF,2025-08-25,117785,1,2,0,38.0
10109802LEMOSF_2025-08-25_G75,10109802LEMOSF,2025-08-25,117833,1,8,0,267.0
10109802LEMOSF_2025-08-26_G02,10109802LEMOSF,2025-08-26,111469,1,40,0,39.0
10109802LEMOSF_2025-08-26_G03,10109802LEMOSF,2025-08-26,117821,1,5,0,549.0
10109802LEMOSF_2025-08-26_G04,10109802LEMOSF,2025-08-26,118317,1,4,0,264.0
10109802LEMOSF_2025-08-26_G05,10109802LEMOSF,2025-08-26,118140,1,8,0,733.0
10109802LEMOSF_2025-08-26_G06,10109802LEMOSF,2025-08-26,"118140, 111466",2,12,24,54.0
10109802LEMOSF_2025-08-26_G07,10109802LEMOSF,2025-08-26,109641,1,8,0,313.0
10109802LEMOSF_2025-08-26_G08,10109802LEMOSF,2025-08-26,111330,1,4,0,107.0
10109802LEMOSF_2025-08-26_G09,10109802LEMOSF,2025-08-26,111330,1,8,0,389.0
10109802LEMOSF_2025-08-26_G10,10109802LEMOSF,2025-08-26,110740,3,10,25,45.0
10109802LEMOSF_2025-08-26_G11,10109802LEMOSF,2025-08-26,109640,1,30,0,832.0
10109802LEMOSF_2025-08-26_G12,10109802LEMOSF,2025-08-26,111462,1,2,0,157.0
10109802LEMOSF_2025-08-26_G13,10109802LEMOSF,2025-08-26,140911,1,8,0,1579.0
10109802LEMOSF_2025-08-26_G14,10109802LEMOSF,2025-08-26,140911,1,8,0,99.0
10109802LEMOSF_2025-08-26_G15,10109802LEMOSF,2025-08-26,108770,1,2,0,265.0
10109802LEMOSF_2025-08-26_G16,10109802LEMOSF,2025-08-26,117820,1,4,0,1619.0
10109802LEMOSF_2025-08-26_G17,10109802LEMOSF,2025-08-26,118290,1,4,0,210.0
10109802LEMOSF_2025-08-26_G18,10109802LEMOSF,2025-08-26,105705,1,8,0,914.0
10109802LEMOSF_2025-08-26_G19,10109802LEMOSF,2025-08-26,110374,1,8,0,301.0
10109802LEMOSF_2025-08-26_G20,10109802LEMOSF,2025-08-26,110372,1,20,0,584.0
10109802LEMOSF_2025-08-26_G21,10109802LEMOSF,2025-08-26,118299,1,20,0,2025.0
10109802LEMOSF_2025-08-26_G23,10109802LEMOSF,2025-08-26,105705,1,4,0,169.0
10109802LEMOSF_2025-08-26_G24,10109802LEMOSF,2025-08-26,111462,1,8,0,259.0
10109802LEMOSF_2025-08-26_G25,10109802LEMOSF,2025-08-26,111445,1,4,0,192.0
10109802LEMOSF_2025-08-26_G26,10109802LEMOSF,2025-08-26,110742,1,4,0,736.0
10109802LEMOSF_2025-08-26_G27,10109802LEMOSF,2025-08-26,140911,1,2,0,295.0
10109802LEMOSF_2025-08-26_G28,10109802LEMOSF,2025-08-26,140911,1,4,0,47.0
10109802LEMOSF_2025-08-26_G29,10109802LEMOSF,2025-08-26,109643,1,4,0,343.0
10109802LEMOSF_2025-08-26_G30,10109802LEMOSF,2025-08-26,117808,1,20,0,149.0
10109802LEMOSF_2025-08-26_G31,10109802LEMOSF,2025-08-26,117832,1,12,0,174.0
10109802LEMOSF_2025-08-26_G32,10109802LEMOSF,2025-08-26,117830,1,12,0,143.0
10109802LEMOSF_2025-08-26_G33,10109802LEMOSF,2025-08-26,118299,1,20,0,644.0
10109802LEMOSF_2025-08-26_G34,10109802LEMOSF,2025-08-26,111348,1,4,0,725.0
10109802LEMOSF_2025-08-26_G35,10109802LEMOSF,2025-08-26,111418,1,12,0,189.0
10109802LEMOSF_2025-08-26_G36,10109802LEMOSF,2025-08-26,117831,1,12,0,160.0
10109802LEMOSF_2025-08-26_G37,10109802LEMOSF,2025-08-26,110740,1,4,0,522.0
10109802LEMOSF_2025-08-26_G38,10109802LEMOSF,2025-08-26,111530,1,8,0,1392.0
10109802LEMOSF_2025-08-26_G39,10109802LEMOSF,2025-08-26,111602,1,5,0,112.0
10109802LEMOSF_2025-08-26_G40,10109802LEMOSF,2025-08-26,111447,1,20,0,2145.0
10109802LEMOSF_2025-08-28_G02,10109802LEMOSF,2025-08-28,111441,1,8,0,162.0
10109802LEMOSF_2025-08-28_G03,10109802LEMOSF,2025-08-28,111447,1,4,0,192.0
10109802LEMOSF_2025-08-28_G04,10109802LEMOSF,2025-08-28,111743,1,6,0,151.0
10109802LEMOSF_2025-08-28_G05,10109802LEMOSF,2025-08-28,105705,1,7,0,258.0
10109802LEMOSF_2025-08-28_G06,10109802LEMOSF,2025-08-28,110325,1,11,0,150.0
10109802LEMOSF_2025-08-28_G07,10109802LEMOSF,2025-08-28,110371,1,10,0,116.0
10109802LEMOSF_2025-08-28_G08,10109802LEMOSF,2025-08-28,117854,1,6,0,318.0
10109802LEMOSF_2025-08-28_G09,10109802LEMOSF,2025-08-28,111530,1,32,0,1285.0
10109802LEMOSF_2025-08-28_G10,10109802LEMOSF,2025-08-28,118224,1,89,0,898.0
10109802LEMOSF_2025-08-28_G11,10109802LEMOSF,2025-08-28,111441,1,20,0,192.0
10109802LEMOSF_2025-08-28_G12,10109802LEMOSF,2025-08-28,110787,1,13,0,1293.0
10109802LEMOSF_2025-08-28_G13,10109802LEMOSF,2025-08-28,118140,1,14,0,194.0
10109802LEMOSF_2025-08-28_G14,10109802LEMOSF,2025-08-28,111466,1,40,0,352.0
10109802LEMOSF_2025-08-28_G16,10109802LEMOSF,2025-08-28,110787,1,10,0,161.0
10109802LEMOSF_2025-08-28_G17,10109802LEMOSF,2025-08-28,141456,1,6,0,515.0
10109802LEMOSF_2025-08-28_G18,10109802LEMOSF,2025-08-28,110743,1,1,0,585.0
10109802LEMOSF_2025-08-28_G19,10109802LEMOSF,2025-08-28,110372,1,40,0,673.0
10109802LEMOSF_2025-08-28_G20,10109802LEMOSF,2025-08-28,111330,1,19,0,1588.0
10109802LEMOSF_2025-08-28_G22,10109802LEMOSF,2025-08-28,110743,1,20,0,135.0
10109802LEMOSF_2025-08-28_G23,10109802LEMOSF,2025-08-28,111348,1,25,0,111.0
10109802LEMOSF_2025-08-28_G24,10109802LEMOSF,2025-08-28,117787,1,30,0,540.0
10109802LEMOSF_2025-08-28_G25,10109802LEMOSF,2025-08-28,111434,1,5,0,212.0
10109802LEMOSF_2025-08-28_G26,10109802LEMOSF,2025-08-28,108794,1,50,0,540.0
10109802LEMOSF_2025-08-28_G28,10109802LEMOSF,2025-08-28,110313,1,27,0,1236.0
10109802LEMOSF_2025-08-28_G29,10109802LEMOSF,2025-08-28,111602,1,16,0,886.0
10109802LEMOSF_2025-08-28_G30,10109802LEMOSF,2025-08-28,108772,1,4,0,91.0
10109802LEMOSF_2025-08-29_G02,10109802LEMOSF,2025-08-29,111530,1,2,0,329.0
10109802LEMOSF_2025-08-29_G03,10109802LEMOSF,2025-08-29,111469,1,4,0,142.0
10109802LEMOSF_2025-08-29_G04,10109802LEMOSF,2025-08-29,117809,1,8,0,262.0
10109802LEMOSF_2025-08-29_G05,10109802LEMOSF,2025-08-29,110371,1,8,0,92.0
10109802LEMOSF_2025-08-29_G06,10109802LEMOSF,2025-08-29,110129,1,1,0,453.0
10109802LEMOSF_2025-08-29_G07,10109802LEMOSF,2025-08-29,109645,1,2,0,136.0
10109802LEMOSF_2025-08-29_G08,10109802LEMOSF,2025-08-29,141457,1,2,0,94.0
10109802LEMOSF_2025-08-29_G09,10109802LEMOSF,2025-08-29,111418,1,6,0,65.0
10109802LEMOSF_2025-08-29_G10,10109802LEMOSF,2025-08-29,118140,1,4,0,76.0
10109802LEMOSF_2025-08-29_G11,10109802LEMOSF,2025-08-29,111469,1,6,0,66.0
10109802LEMOSF_2025-08-29_G12,10109802LEMOSF,2025-08-29,111466,1,4,0,58.0
10109802LEMOSF_2025-08-29_G13,10109802LEMOSF,2025-08-29,111462,1,6,0,115.0
10109802LEMOSF_2025-08-29_G14,10109802LEMOSF,2025-08-29,117855,1,8,0,579.0
10109802LEMOSF_2025-08-29_G15,10109802LEMOSF,2025-08-29,110515,1,8,0,347.0
10109802LEMOSF_2025-08-29_G16,10109802LEMOSF,2025-08-29,117808,1,16,0,204.0
10109802LEMOSF_2025-08-29_G17,10109802LEMOSF,2025-08-29,117809,1,20,0,229.0
10109802LEMOSF_2025-08-29_G18,10109802LEMOSF,2025-08-29,109643,1,20,0,224.0
10109802LEMOSF_2025-08-29_G19,10109802LEMOSF,2025-08-29,117808,1,46,0,349.0
10109802LEMOSF_2025-08-29_G20,10109802LEMOSF,2025-08-29,110325,1,15,0,348.0
10109802LEMOSF_2025-08-29_G21,10109802LEMOSF,2025-08-29,110373,1,20,0,428.0
10109802LEMOSF_2025-08-29_G22,10109802LEMOSF,2025-08-29,110376,1,8,0,162.0
10109802LEMOSF_2025-08-29_G23,10109802LEMOSF,2025-08-29,110372,1,25,0,181.0
10109802LEMOSF_2025-08-29_G24,10109802LEMOSF,2025-08-29,140922,1,4,0,147.0
10109802LEMOSF_2025-08-29_G25,10109802LEMOSF,2025-08-29,141823,1,3,0,92.0
10109802LEMOSF_2025-08-29_G26,10109802LEMOSF,2025-08-29,111466,1,15,0,182.0
10109802LEMOSF_2025-08-29_G27,10109802LEMOSF,2025-08-29,117831,1,8,0,122.0
10109802LEMOSF_2025-08-29_G28,10109802LEMOSF,2025-08-29,111330,1,12,0,484.0
10109802LEMOSF_2025-08-29_G29,10109802LEMOSF,2025-08-29,111435,1,15,0,1116.0
10109802LEMOSF_2025-08-29_G30,10109802LEMOSF,2025-08-29,108795,1,10,0,115.0
10109802LEMOSF_2025-08-29_G31,10109802LEMOSF,2025-08-29,140922,1,8,0,112.0
10109802LEMOSF_2025-08-29_G32,10109802LEMOSF,2025-08-29,117785,1,30,0,296.0
10109802LEMOSF_2025-08-29_G33,10109802LEMOSF,2025-08-29,160055,1,10,0,357.0
10109802LEMOSF_2025-08-29_G34,10109802LEMOSF,2025-08-29,105705,1,4,0,181.0
10109802LEMOSF_2025-08-29_G35,10109802LEMOSF,2025-08-29,111418,1,80,0,207.0
10109802LEMOSF_2025-08-29_G36,10109802LEMOSF,2025-08-29,111532,1,24,0,231.0
10109802LEMOSF_2025-08-29_G37,10109802LEMOSF,2025-08-29,111330,1,2,0,385.0
10109802LEMOSF_2025-08-29_G38,10109802LEMOSF,2025-08-29,110740,1,2,0,53.0
10109802LEMOSF_2025-08-29_G39,10109802LEMOSF,2025-08-29,111465,1,20,0,253.0
10109802LEMOSF_2025-08-29_G40,10109802LEMOSF,2025-08-29,107629,1,2,0,144.0
10109802LEMOSF_2025-08-29_G41,10109802LEMOSF,2025-08-29,117855,1,36,0,340.0
10109802LEMOSF_2025-08-29_G42,10109802LEMOSF,2025-08-29,110742,1,9,0,1046.0
10109802LEMOSF_2025-08-29_G43,10109802LEMOSF,2025-08-29,117834,1,8,0,143.0
10109802LEMOSF_2025-08-29_G45,10109802LEMOSF,2025-08-29,110747,1,4,0,275.0
10109802LEMOSF_2025-08-29_G46,10109802LEMOSF,2025-08-29,111465,1,2,0,54.0
10109802LEMOSF_2025-08-29_G47,10109802LEMOSF,2025-08-29,111469,1,113,0,1613.0
10109802LEMOSF_2025-08-29_G48,10109802LEMOSF,2025-08-29,111466,1,7,0,270.0
10109802LEMOSF_2025-08-29_G49,10109802LEMOSF,2025-08-29,111462,1,100,0,164.0
10109802LEMOSF_2025-08-29_G50,10109802LEMOSF,2025-08-29,111441,3,18,21,232.0
10109802LEMOSF_2025-08-29_G51,10109802LEMOSF,2025-08-29,108770,1,4,0,144.0
10109802LEMOSF_2025-08-29_G52,10109802LEMOSF,2025-08-29,110313,1,32,0,212.0
10109802LEMOSF_2025-08-29_G53,10109802LEMOSF,2025-08-29,110711,1,21,0,480.0
10109802LEMOSF_2025-08-29_G54,10109802LEMOSF,2025-08-29,111530,2,40,15,554.0
10109802LEMOSF_2025-08-29_G55,10109802LEMOSF,2025-08-29,111602,1,60,0,626.0
10109802LEMOSF_2025-08-29_G56,10109802LEMOSF,2025-08-29,117785,2,10,10,1435.0
10109802LEMOSF_2025-08-29_G57,10109802LEMOSF,2025-08-29,111532,1,4,0,129.0
10109802LEMOSF_2025-08-29_G58,10109802LEMOSF,2025-08-29,118140,1,8,0,135.0
10109802LEMOSF_2025-08-29_G59,10109802LEMOSF,2025-08-29,111466,2,16,25,34.0
10109802LEMOSF_2025-08-29_G60,10109802LEMOSF,2025-08-29,110313,1,2,0,287.0
10109802LEMOSF_2025-08-29_G61,10109802LEMOSF,2025-08-29,141035,1,4,0,75.0
10109802LEMOSF_2025-08-29_G62,10109802LEMOSF,2025-08-29,110733,1,8,0,242.0
10109802LEMOSF_2025-08-29_G63,10109802LEMOSF,2025-08-29,110515,2,2,10,98.0
10109802LEMOSF_2025-08-29_G64,10109802LEMOSF,2025-08-29,118299,1,300,0,1520.0
10109802LEMOSF_2025-08-29_G65,10109802LEMOSF,2025-08-29,117808,1,470,0,411.0
10109802LEMOSF_2025-08-30_G02,10109802LEMOSF,2025-08-30,117855,1,14,0,141.0
10109802LEMOSF_2025-08-30_G03,10109802LEMOSF,2025-08-30,111602,1,4,0,127.0
10109802LEMOSF_2025-08-30_G04,10109802LEMOSF,2025-08-30,109640,4,47,37,309.0
10109802LEMOSF_2025-08-30_G05,10109802LEMOSF,2025-08-30,110742,1,12,0,1609.0
10109802LEMOSF_2025-08-30_G06,10109802LEMOSF,2025-08-30,111569,1,12,0,202.0
10109802LEMOSF_2025-08-30_G07,10109802LEMOSF,2025-08-30,141318,1,4,0,112.0
10109802LEMOSF_2025-08-30_G08,10109802LEMOSF,2025-08-30,110747,1,8,0,317.0
10109802LEMOSF_2025-08-30_G10,10109802LEMOSF,2025-08-30,117862,1,7,0,1775.0
10109802LEMOSF_2025-08-30_G11,10109802LEMOSF,2025-08-30,118094,1,3,0,126.0
10109802LEMOSF_2025-08-30_G12,10109802LEMOSF,2025-08-30,117935,1,4,0,91.0
10109802LEMOSF_2025-08-30_G13,10109802LEMOSF,2025-08-30,117861,1,8,0,112.0
10109802LEMOSF_2025-08-30_G14,10109802LEMOSF,2025-08-30,118222,1,8,0,1127.0
10109802LEMOSF_2025-08-30_G15,10109802LEMOSF,2025-08-30,110374,1,16,0,279.0
10109802LEMOSF_2025-08-30_G17,10109802LEMOSF,2025-08-30,117935,1,4,0,118.0
10109802LEMOSF_2025-08-30_G18,10109802LEMOSF,2025-08-30,110743,1,4,0,258.0
10109802LEMOSF_2025-08-30_G19,10109802LEMOSF,2025-08-30,111530,1,8,0,221.0
10109802LEMOSF_2025-08-30_G20,10109802LEMOSF,2025-08-30,111469,1,30,0,273.0
10109802LEMOSF_2025-08-30_G21,10109802LEMOSF,2025-08-30,117808,1,30,0,602.0
10109802LEMOSF_2025-08-30_G22,10109802LEMOSF,2025-08-30,111441,1,14,0,545.0
10109802LEMOSF_2025-08-30_G23,10109802LEMOSF,2025-08-30,108770,1,4,0,754.0
10109802LEMOSF_2025-08-30_G24,10109802LEMOSF,2025-08-30,141047,1,4,0,213.0
10109802LEMOSF_2025-08-30_G25,10109802LEMOSF,2025-08-30,105705,1,2,0,116.0
10109802LEMOSF_2025-08-30_G26,10109802LEMOSF,2025-08-30,111466,1,22,0,198.0
10109802LEMOSF_2025-08-30_G27,10109802LEMOSF,2025-08-30,109641,1,16,0,300.0
10109802LEMOSF_2025-08-30_G28,10109802LEMOSF,2025-08-30,118299,1,24,0,355.0
10109802LEMOSF_2025-08-30_G29,10109802LEMOSF,2025-08-30,117820,1,2,0,249.0
10109802LEMOSF_2025-08-30_G30,10109802LEMOSF,2025-08-30,117808,1,4,0,98.0
10109802LEMOSF_2025-08-30_G31,10109802LEMOSF,2025-08-30,110372,1,38,0,1121.0
10109802LEMOSF_2025-08-30_G32,10109802LEMOSF,2025-08-30,111602,1,5,0,119.0
10109802LEMOSF_2025-08-30_G33,10109802LEMOSF,2025-08-30,110372,1,23,0,350.0
10109802LEMOSF_2025-08-30_G34,10109802LEMOSF,2025-08-30,118306,1,50,0,418.0
10109802LEMOSF_2025-08-30_G35,10109802LEMOSF,2025-08-30,110743,1,20,0,637.0
10109802LEMOSF_2025-08-30_G36,10109802LEMOSF,2025-08-30,141318,1,26,0,395.0
10109802LEMOSF_2025-08-30_G37,10109802LEMOSF,2025-08-30,111569,1,12,0,341.0
10109802LEMOSF_2025-08-30_G38,10109802LEMOSF,2025-08-30,118299,1,30,0,606.0
10109802LEMOSF_2025-08-30_G39,10109802LEMOSF,2025-08-30,117862,1,20,0,158.0
10109802LEMOSF_2025-08-30_G40,10109802LEMOSF,2025-08-30,111465,1,6,0,153.0
10109802LEMOSF_2025-08-30_G41,10109802LEMOSF,2025-08-30,140922,1,4,0,355.0
10109802LEMOSF_2025-09-03_G02,10109802LEMOSF,2025-09-03,109640,1,163,0,917.0
10109802LEMOSF_2025-09-03_G03,10109802LEMOSF,2025-09-03,117786,1,538,0,1062.0
10109802LEMOSF_2025-09-04_G02,10109802LEMOSF,2025-09-04,110515,1,58,0,474.0
10109802LEMOSF_2025-09-04_G03,10109802LEMOSF,2025-09-04,118140,1,166,0,449.0
10109802LEMOSF_2025-09-04_G04,10109802LEMOSF,2025-09-04,111532,1,2,0,145.0
10109802LEMOSF_2025-09-04_G05,10109802LEMOSF,2025-09-04,117830,1,5,0,100.0
10109802LEMOSF_2025-09-04_G07,10109802LEMOSF,2025-09-04,118299,1,4,0,156.0
10109802LEMOSF_2025-09-04_G08,10109802LEMOSF,2025-09-04,105705,1,4,0,265.0
10109802LEMOSF_2025-09-04_G09,10109802LEMOSF,2025-09-04,110515,1,6,0,260.0
10109802LEMOSF_2025-09-04_G10,10109802LEMOSF,2025-09-04,111850,1,4,0,140.0
10109802LEMOSF_2025-09-04_G11,10109802LEMOSF,2025-09-04,160054,1,2,0,202.0
10109802LEMOSF_2025-09-04_G12,10109802LEMOSF,2025-09-04,111569,1,4,0,565.0
10109802LEMOSF_2025-09-04_G13,10109802LEMOSF,2025-09-04,160051,1,2,0,197.0
10109802LEMOSF_2025-09-04_G14,10109802LEMOSF,2025-09-04,160054,1,2,0,118.0
10109802LEMOSF_2025-09-04_G15,10109802LEMOSF,2025-09-04,160054,1,2,0,128.0
10109802LEMOSF_2025-09-04_G16,10109802LEMOSF,2025-09-04,111850,1,2,0,138.0
10109802LEMOSF_2025-09-04_G17,10109802LEMOSF,2025-09-04,117820,1,16,0,187.0
10109802LEMOSF_2025-09-04_G18,10109802LEMOSF,2025-09-04,117808,1,4,0,86.0
10109802LEMOSF_2025-09-05_G02,10109802LEMOSF,2025-09-05,117808,1,400,0,940.0
10109802LEMOSF_2025-09-05_G03,10109802LEMOSF,2025-09-05,110371,1,16,0,241.0
10109802LEMOSF_2025-09-05_G04,10109802LEMOSF,2025-09-05,117809,1,100,0,262.0
10109802LEMOSF_2025-09-05_G05,10109802LEMOSF,2025-09-05,111440,1,6,0,244.0
10109802LEMOSF_2025-09-05_G06,10109802LEMOSF,2025-09-05,160054,1,10,0,836.0
10109802LEMOSF_2025-09-05_G07,10109802LEMOSF,2025-09-05,110374,1,8,0,159.0
10109802LEMOSF_2025-09-05_G08,10109802LEMOSF,2025-09-05,117820,1,40,0,355.0
10109802LEMOSF_2025-09-05_G09,10109802LEMOSF,2025-09-05,110373,1,16,0,260.0
10109802LEMOSF_2025-09-05_G10,10109802LEMOSF,2025-09-05,160051,1,10,0,491.0
10109802LEMOSF_2025-09-05_G11,10109802LEMOSF,2025-09-05,118299,1,30,0,190.0
10109802LEMOSF_2025-09-05_G12,10109802LEMOSF,2025-09-05,117830,1,10,0,420.0
10109802LEMOSF_2025-09-05_G13,10109802LEMOSF,2025-09-05,118285,1,29,0,2066.0
10109802LEMOSF_2025-09-05_G14,10109802LEMOSF,2025-09-05,118253,1,16,0,373.0
10109802LEMOSF_2025-09-05_G15,10109802LEMOSF,2025-09-05,140915,1,47,0,345.0
10109802LEMOSF_2025-09-05_G16,10109802LEMOSF,2025-09-05,114102,1,10,0,564.0
10109802LEMOSF_2025-09-05_G17,10109802LEMOSF,2025-09-05,118277,1,17,0,692.0
10109802LEMOSF_2025-09-05_G18,10109802LEMOSF,2025-09-05,118271,1,16,0,289.0
10109802LEMOSF_2025-09-08_G02,10109802LEMOSF,2025-09-08,109640,1,34,0,837.0
10109802LEMOSF_2025-09-08_G03,10109802LEMOSF,2025-09-08,111441,1,2,0,507.0
10109802LEMOSF_2025-09-08_G04,10109802LEMOSF,2025-09-08,118299,1,4,0,229.0
10109802LEMOSF_2025-09-08_G05,10109802LEMOSF,2025-09-08,110373,1,12,0,164.0
10109802LEMOSF_2025-09-08_G06,10109802LEMOSF,2025-09-08,111182,1,3,0,1023.0
10109802LEMOSF_2025-09-08_G07,10109802LEMOSF,2025-09-08,118140,2,49,6,357.0
10109802LEMOSF_2025-09-08_G08,10109802LEMOSF,2025-09-08,111463,1,16,0,238.0
10109802LEMOSF_2025-09-08_G09,10109802LEMOSF,2025-09-08,110787,1,3,0,117.0
10109802LEMOSF_2025-09-08_G10,10109802LEMOSF,2025-09-08,111469,1,8,0,287.0
10109802LEMOSF_2025-09-08_G11,10109802LEMOSF,2025-09-08,111466,2,17,11,329.0
10109802LEMOSF_2025-09-08_G12,10109802LEMOSF,2025-09-08,111462,1,16,0,635.0
10109802LEMOSF_2025-09-08_G13,10109802LEMOSF,2025-09-08,110374,1,7,0,182.0
10109802LEMOSF_2025-09-08_G14,10109802LEMOSF,2025-09-08,110372,1,29,0,333.0
10109802LEMOSF_2025-09-08_G15,10109802LEMOSF,2025-09-08,110373,2,42,29,266.0
10109802LEMOSF_2025-09-08_G17,10109802LEMOSF,2025-09-08,117838,1,4,0,125.0
10109802LEMOSF_2025-09-08_G18,10109802LEMOSF,2025-09-08,110743,1,2,0,53.0
10109802LEMOSF_2025-09-08_G19,10109802LEMOSF,2025-09-08,110745,1,4,0,257.0
10109802LEMOSF_2025-09-08_G20,10109802LEMOSF,2025-09-08,117786,1,6,0,171.0
10109802LEMOSF_2025-09-08_G21,10109802LEMOSF,2025-09-08,117862,1,8,0,92.0
10109802LEMOSF_2025-09-08_G22,10109802LEMOSF,2025-09-08,117861,1,6,0,165.0
10109802LEMOSF_2025-09-08_G23,10109802LEMOSF,2025-09-08,117855,1,12,0,360.0
10109802LEMOSF_2025-09-08_G24,10109802LEMOSF,2025-09-08,108759,1,29,0,2007.0
10109802LEMOSF_2025-09-08_G25,10109802LEMOSF,2025-09-08,111418,1,400,0,897.0
10109802LEMOSF_2025-09-08_G26,10109802LEMOSF,2025-09-08,117831,1,500,0,1195.0
10109802LEMOSF_2025-09-08_G27,10109802LEMOSF,2025-09-08,110373,1,2,0,664.0
10109802LEMOSF_2025-09-08_G28,10109802LEMOSF,2025-09-08,111743,1,3,0,101.0
10109802LEMOSF_2025-09-08_G29,10109802LEMOSF,2025-09-08,118317,1,1,0,52.0
10109802LEMOSF_2025-09-08_G30,10109802LEMOSF,2025-09-08,110741,1,2,0,97.0
10109802LEMOSF_2025-09-08_G31,10109802LEMOSF,2025-09-08,117935,1,4,0,105.0
10109802LEMOSF_2025-09-08_G32,10109802LEMOSF,2025-09-08,141313,1,2,0,168.0
10109802LEMOSF_2025-09-08_G33,10109802LEMOSF,2025-09-08,109641,1,2,0,604.0
10109802LEMOSF_2025-09-08_G34,10109802LEMOSF,2025-09-08,110787,1,1,0,58.0
10109802LEMOSF_2025-09-08_G35,10109802LEMOSF,2025-09-08,141456,1,4,0,77.0
10109802LEMOSF_2025-09-08_G36,10109802LEMOSF,2025-09-08,110740,1,4,0,95.0
10109802LEMOSF_2025-09-08_G37,10109802LEMOSF,2025-09-08,118317,1,3,0,121.0
10109802LEMOSF_2025-09-08_G38,10109802LEMOSF,2025-09-08,140922,1,5,0,177.0
10109802LEMOSF_2025-09-09_G02,10109802LEMOSF,2025-09-09,117856,1,8,0,161.0
10109802LEMOSF_2025-09-09_G03,10109802LEMOSF,2025-09-09,110741,1,4,0,95.0
10109802LEMOSF_2025-09-09_G04,10109802LEMOSF,2025-09-09,107629,1,3,0,123.0
10109802LEMOSF_2025-09-09_G05,10109802LEMOSF,2025-09-09,111602,1,4,0,152.0
10109802LEMOSF_2025-09-09_G06,10109802LEMOSF,2025-09-09,110313,1,4,0,160.0
10109802LEMOSF_2025-09-09_G07,10109802LEMOSF,2025-09-09,118094,1,2,0,170.0
10109802LEMOSF_2025-09-09_G08,10109802LEMOSF,2025-09-09,110515,1,4,0,86.0
10109802LEMOSF_2025-09-09_G09,10109802LEMOSF,2025-09-09,108795,1,2,0,125.0
10109802LEMOSF_2025-09-09_G10,10109802LEMOSF,2025-09-09,111743,1,8,0,280.0
10109802LEMOSF_2025-09-09_G11,10109802LEMOSF,2025-09-09,108798,1,6,0,158.0
10109802LEMOSF_2025-09-09_G12,10109802LEMOSF,2025-09-09,140922,1,7,0,190.0
10109802LEMOSF_2025-09-09_G13,10109802LEMOSF,2025-09-09,110740,1,3,0,296.0
10109802LEMOSF_2025-09-09_G14,10109802LEMOSF,2025-09-09,110373,1,4,0,335.0
10109802LEMOSF_2025-09-09_G15,10109802LEMOSF,2025-09-09,141313,1,2,0,160.0
10109802LEMOSF_2025-09-09_G16,10109802LEMOSF,2025-09-09,117808,1,7,0,527.0
10109802LEMOSF_2025-09-09_G17,10109802LEMOSF,2025-09-09,117820,1,9,0,77.0
10109802LEMOSF_2025-09-09_G18,10109802LEMOSF,2025-09-09,118299,1,19,0,369.0
10109802LEMOSF_2025-09-09_G19,10109802LEMOSF,2025-09-09,117809,1,5,0,140.0
10109802LEMOSF_2025-09-09_G20,10109802LEMOSF,2025-09-09,111463,1,4,0,984.0
10109802LEMOSF_2025-09-09_G21,10109802LEMOSF,2025-09-09,108711,1,4,0,69.0
10109802LEMOSF_2025-09-09_G22,10109802LEMOSF,2025-09-09,111743,1,4,0,128.0
10109802LEMOSF_2025-09-09_G23,10109802LEMOSF,2025-09-09,117821,1,2,0,99.0
10109802LEMOSF_2025-09-09_G24,10109802LEMOSF,2025-09-09,141456,1,8,0,131.0
10109802LEMOSF_2025-09-09_G25,10109802LEMOSF,2025-09-09,141457,1,10,0,136.0
10109802LEMOSF_2025-09-09_G26,10109802LEMOSF,2025-09-09,111418,1,4,0,84.0
10109802LEMOSF_2025-09-09_G27,10109802LEMOSF,2025-09-09,111469,1,8,0,116.0
10109802LEMOSF_2025-09-09_G28,10109802LEMOSF,2025-09-09,111466,1,4,0,91.0
10109802LEMOSF_2025-09-09_G29,10109802LEMOSF,2025-09-09,117785,1,18,0,541.0
10109802LEMOSF_2025-09-09_G30,10109802LEMOSF,2025-09-09,111444,1,4,0,171.0
10109802LEMOSF_2025-09-09_G31,10109802LEMOSF,2025-09-09,111468,1,2,0,78.0
10109802LEMOSF_2025-09-09_G32,10109802LEMOSF,2025-09-09,141458,1,12,0,107.0
10109802LEMOSF_2025-09-09_G33,10109802LEMOSF,2025-09-09,111172,1,4,0,123.0
10109802LEMOSF_2025-09-09_G35,10109802LEMOSF,2025-09-09,111418,1,223,0,883.0
10109802LEMOSF_2025-09-09_G36,10109802LEMOSF,2025-09-09,140922,1,123,0,579.0
10109802LEMOSF_2025-09-09_G37,10109802LEMOSF,2025-09-09,117853,1,132,0,538.0
10109802LEMOSF_2025-09-09_G38,10109802LEMOSF,2025-09-09,110756,1,77,0,218.0
10109802LEMOSF_2025-09-09_G39,10109802LEMOSF,2025-09-09,108711,1,7,0,2185.0
10109802LEMOSF_2025-09-09_G40,10109802LEMOSF,2025-09-09,118140,1,8,0,603.0
10109802LEMOSF_2025-09-09_G41,10109802LEMOSF,2025-09-09,141823,1,10,0,679.0
10109802LEMOSF_2025-09-09_G42,10109802LEMOSF,2025-09-09,111532,1,7,0,1655.0
10109802LEMOSF_2025-09-09_G43,10109802LEMOSF,2025-09-09,111462,1,4,0,299.0
10109802LEMOSF_2025-09-10_G02,10109802LEMOSF,2025-09-10,110755,1,3,0,182.0
10109802LEMOSF_2025-09-10_G03,10109802LEMOSF,2025-09-10,111655,1,6,0,202.0
10109802LEMOSF_2025-09-10_G04,10109802LEMOSF,2025-09-10,111569,1,1,0,258.0
10109802LEMOSF_2025-09-10_G05,10109802LEMOSF,2025-09-10,118222,1,8,0,408.0
10109802LEMOSF_2025-09-10_G06,10109802LEMOSF,2025-09-10,117862,1,3,0,360.0
10109802LEMOSF_2025-09-10_G07,10109802LEMOSF,2025-09-10,110741,1,2,0,203.0
10109802LEMOSF_2025-09-10_G08,10109802LEMOSF,2025-09-10,110374,1,4,0,2668.0
10109802LEMOSF_2025-09-10_G09,10109802LEMOSF,2025-09-10,117820,1,8,0,109.0
10109802LEMOSF_2025-09-10_G10,10109802LEMOSF,2025-09-10,111445,1,6,0,556.0
10109802LEMOSF_2025-09-10_G11,10109802LEMOSF,2025-09-10,111655,1,2,0,76.0
10109802LEMOSF_2025-09-10_G12,10109802LEMOSF,2025-09-10,118222,1,3,0,210.0
10109802LEMOSF_2025-09-10_G13,10109802LEMOSF,2025-09-10,117855,1,4,0,248.0
10109802LEMOSF_2025-09-10_G14,10109802LEMOSF,2025-09-10,110313,1,1,0,115.0
10109802LEMOSF_2025-09-10_G15,10109802LEMOSF,2025-09-10,111446,1,10,0,618.0
10109802LEMOSF_2025-09-10_G16,10109802LEMOSF,2025-09-10,108795,1,4,0,849.0
10109802LEMOSF_2025-09-10_G17,10109802LEMOSF,2025-09-10,118317,1,6,0,129.0
10109802LEMOSF_2025-09-10_G18,10109802LEMOSF,2025-09-10,111465,1,2,0,228.0
10109802LEMOSF_2025-09-10_G19,10109802LEMOSF,2025-09-10,118317,1,10,0,2360.0
10109802LEMOSF_2025-09-10_G20,10109802LEMOSF,2025-09-10,109641,1,2,0,166.0
10109802LEMOSF_2025-09-10_G21,10109802LEMOSF,2025-09-10,141456,1,6,0,139.0
10109802LEMOSF_2025-09-10_G22,10109802LEMOSF,2025-09-10,141457,1,2,0,45.0
10109802LEMOSF_2025-09-10_G23,10109802LEMOSF,2025-09-10,111469,1,6,0,101.0
10109802LEMOSF_2025-09-10_G24,10109802LEMOSF,2025-09-10,140922,1,8,0,116.0
10109802LEMOSF_2025-09-10_G25,10109802LEMOSF,2025-09-10,141271,1,2,0,95.0
10109802LEMOSF_2025-09-10_G26,10109802LEMOSF,2025-09-10,111172,1,10,0,160.0
10109802LEMOSF_2025-09-10_G28,10109802LEMOSF,2025-09-10,111182,1,6,0,428.0
10109802LEMOSF_2025-09-10_G29,10109802LEMOSF,2025-09-10,110373,1,4,0,314.0
10109802LEMOSF_2025-09-10_G30,10109802LEMOSF,2025-09-10,118140,1,15,0,441.0
10109802LEMOSF_2025-09-10_G31,10109802LEMOSF,2025-09-10,111532,1,4,0,1140.0
10109802LEMOSF_2025-09-10_G32,10109802LEMOSF,2025-09-10,110372,1,4,0,1296.0
10109802LEMOSF_2025-09-10_G33,10109802LEMOSF,2025-09-10,110373,1,2,0,52.0
10109802LEMOSF_2025-09-10_G34,10109802LEMOSF,2025-09-10,118299,1,9,0,268.0
10109802LEMOSF_2025-09-10_G35,10109802LEMOSF,2025-09-10,110751,1,2,0,221.0
10109802LEMOSF_2025-09-10_G36,10109802LEMOSF,2025-09-10,117785,1,2,0,91.0
10109802LEMOSF_2025-09-10_G37,10109802LEMOSF,2025-09-10,117855,1,4,0,1174.0
10109802LEMOSF_2025-09-10_G38,10109802LEMOSF,2025-09-10,111569,1,2,0,77.0
10109802LEMOSF_2025-09-10_G39,10109802LEMOSF,2025-09-10,110747,1,1,0,60.0
10109802LEMOSF_2025-09-10_G40,10109802LEMOSF,2025-09-10,118222,1,2,0,89.0
10109802LEMOSF_2025-09-10_G41,10109802LEMOSF,2025-09-10,117787,1,2,0,318.0
10109802LEMOSF_2025-09-10_G42,10109802LEMOSF,2025-09-10,111532,1,4,0,46.0
10109802LEMOSF_2025-09-10_G43,10109802LEMOSF,2025-09-10,108794,1,2,0,233.0
10109802LEMOSF_2025-09-10_G44,10109802LEMOSF,2025-09-10,141458,1,10,0,149.0
10109802LEMOSF_2025-09-10_G45,10109802LEMOSF,2025-09-10,107830,1,2,0,122.0
10109802LEMOSF_2025-09-10_G46,10109802LEMOSF,2025-09-10,117820,1,14,0,139.0
10109802LEMOSF_2025-09-10_G47,10109802LEMOSF,2025-09-10,117786,1,2,0,105.0
10109802LEMOSF_2025-09-10_G48,10109802LEMOSF,2025-09-10,107629,1,1,0,337.0
10109802LEMOSF_2025-09-10_G49,10109802LEMOSF,2025-09-10,110787,1,2,0,1124.0
10109802LEMOSF_2025-09-10_G50,10109802LEMOSF,2025-09-10,"111438, 118094, 117856, 117855, 111418, 111532, 117821, 141457",8,18,85,445.0
10109802LEMOSF_2025-09-10_G51,10109802LEMOSF,2025-09-10,110313,1,8,0,271.0
10109802LEMOSF_2025-09-10_G52,10109802LEMOSF,2025-09-10,108794,1,8,0,241.0
10109802LEMOSF_2025-09-10_G53,10109802LEMOSF,2025-09-10,110372,1,5,0,141.0
10109802LEMOSF_2025-09-10_G54,10109802LEMOSF,2025-09-10,117808,1,6,0,95.0
10109802LEMOSF_2025-09-10_G55,10109802LEMOSF,2025-09-10,117830,1,2,0,206.0
10109802LEMOSF_2025-09-11_G02,10109802LEMOSF,2025-09-11,109643,1,8,0,167.0
10109802LEMOSF_2025-09-11_G03,10109802LEMOSF,2025-09-11,118140,1,80,0,287.0
10109802LEMOSF_2025-09-11_G04,10109802LEMOSF,2025-09-11,117854,1,4,0,225.0
10109802LEMOSF_2025-09-11_G05,10109802LEMOSF,2025-09-11,110741,1,4,0,108.0
10109802LEMOSF_2025-09-11_G06,10109802LEMOSF,2025-09-11,107629,1,2,0,48.0
10109802LEMOSF_2025-09-11_G07,10109802LEMOSF,2025-09-11,117861,1,2,0,60.0
10109802LEMOSF_2025-09-11_G08,10109802LEMOSF,2025-09-11,118094,1,4,0,113.0
10109802LEMOSF_2025-09-11_G09,10109802LEMOSF,2025-09-11,111438,1,4,0,93.0
10109802LEMOSF_2025-09-11_G10,10109802LEMOSF,2025-09-11,109640,1,14,0,281.0
10109802LEMOSF_2025-09-11_G11,10109802LEMOSF,2025-09-11,"141202, 117809",2,3,24,287.0
10109802LEMOSF_2025-09-11_G12,10109802LEMOSF,2025-09-11,108794,1,7,0,140.0
10109802LEMOSF_2025-09-11_G13,10109802LEMOSF,2025-09-11,117855,1,12,0,352.0
10109802LEMOSF_2025-09-11_G14,10109802LEMOSF,2025-09-11,110787,1,2,0,262.0
10109802LEMOSF_2025-09-11_G15,10109802LEMOSF,2025-09-11,110374,1,4,0,167.0
10109802LEMOSF_2025-09-11_G16,10109802LEMOSF,2025-09-11,118140,1,8,0,220.0
10109802LEMOSF_2025-09-11_G17,10109802LEMOSF,2025-09-11,111418,1,120,0,979.0
10109802LEMOSF_2025-09-11_G18,10109802LEMOSF,2025-09-11,100334,1,3,0,510.0
10109802LEMOSF_2025-09-11_G19,10109802LEMOSF,2025-09-11,110374,1,4,0,105.0
10109802LEMOSF_2025-09-11_G20,10109802LEMOSF,2025-09-11,110372,1,1,0,72.0
10109802LEMOSF_2025-09-11_G21,10109802LEMOSF,2025-09-11,117832,1,8,0,67.0
10109802LEMOSF_2025-09-11_G22,10109802LEMOSF,2025-09-11,117808,1,1,0,37.0
10109802LEMOSF_2025-09-11_G23,10109802LEMOSF,2025-09-11,117830,1,3,0,107.0
10109802LEMOSF_2025-09-11_G24,10109802LEMOSF,2025-09-11,118299,1,5,0,31.0
10109802LEMOSF_2025-09-11_G25,10109802LEMOSF,2025-09-11,110374,1,18,0,1441.0
10109802LEMOSF_2025-09-11_G26,10109802LEMOSF,2025-09-11,110372,1,50,0,276.0
10109802LEMOSF_2025-09-11_G27,10109802LEMOSF,2025-09-11,117832,1,10,0,112.0
10109802LEMOSF_2025-09-11_G28,10109802LEMOSF,2025-09-11,110371,1,20,0,236.0
10109802LEMOSF_2025-09-11_G29,10109802LEMOSF,2025-09-11,110373,1,100,0,170.0
10109802LEMOSF_2025-09-11_G30,10109802LEMOSF,2025-09-11,117808,1,300,0,716.0
10109802LEMOSF_2025-09-11_G31,10109802LEMOSF,2025-09-11,118299,1,700,0,1400.0
10109802LEMOSF_2025-09-11_G32,10109802LEMOSF,2025-09-11,117809,1,100,0,909.0
10109802LEMOSF_2025-09-11_G34,10109802LEMOSF,2025-09-11,110787,1,240,0,843.0
10109802LEMOSF_2025-09-11_G35,10109802LEMOSF,2025-09-11,111330,1,100,0,439.0
10109802LEMOSF_2025-09-11_G36,10109802LEMOSF,2025-09-11,108711,1,300,0,794.0
10109802LEMOSF_2025-09-11_G37,10109802LEMOSF,2025-09-11,108711,1,4,0,1185.0
10109802LEMOSF_2025-09-11_G38,10109802LEMOSF,2025-09-11,118317,1,2,0,68.0
10109802LEMOSF_2025-09-11_G39,10109802LEMOSF,2025-09-11,117842,1,2,0,112.0
10109802LEMOSF_2025-09-11_G40,10109802LEMOSF,2025-09-11,109645,1,10,0,137.0
10109802LEMOSF_2025-09-11_G41,10109802LEMOSF,2025-09-11,111469,1,2,0,79.0
10109802LEMOSF_2025-09-11_G42,10109802LEMOSF,2025-09-11,110745,1,4,0,105.0
10109802LEMOSF_2025-09-11_G43,10109802LEMOSF,2025-09-11,117831,1,8,0,119.0
10109802LEMOSF_2025-09-11_G44,10109802LEMOSF,2025-09-11,140922,1,8,0,245.0
10109802LEMOSF_2025-09-11_G45,10109802LEMOSF,2025-09-11,110740,1,4,0,451.0
10109802LEMOSF_2025-09-11_G46,10109802LEMOSF,2025-09-11,107830,1,8,0,1503.0
10109802LEMOSF_2025-09-11_G47,10109802LEMOSF,2025-09-11,110374,1,10,0,114.0
10109802LEMOSF_2025-09-11_G48,10109802LEMOSF,2025-09-11,110372,1,20,0,135.0
10109802LEMOSF_2025-09-11_G49,10109802LEMOSF,2025-09-11,110371,1,10,0,258.0
10109802LEMOSF_2025-09-11_G50,10109802LEMOSF,2025-09-11,110373,1,50,0,508.0
10109802LEMOSF_2025-09-11_G51,10109802LEMOSF,2025-09-11,117808,1,30,0,209.0
10109802LEMOSF_2025-09-11_G52,10109802LEMOSF,2025-09-11,118299,1,8,0,144.0
10109802LEMOSF_2025-09-12_G02,10109802LEMOSF,2025-09-12,116241,1,25,0,789.0
10109802LEMOSF_2025-09-12_G03,10109802LEMOSF,2025-09-12,111172,1,40,0,1755.0
10109802LEMOSF_2025-09-12_G04,10109802LEMOSF,2025-09-12,111418,1,130,0,1280.0
10109802LEMOSF_2025-09-12_G05,10109802LEMOSF,2025-09-12,117787,1,20,0,367.0
10109802LEMOSF_2025-09-12_G06,10109802LEMOSF,2025-09-12,141456,1,60,0,402.0
10109802LEMOSF_2025-09-12_G07,10109802LEMOSF,2025-09-12,109645,1,24,0,754.0
10109802LEMOSF_2025-09-12_G08,10109802LEMOSF,2025-09-12,107236,1,8,0,299.0
10109802LEMOSF_2025-09-12_G09,10109802LEMOSF,2025-09-12,117831,1,20,0,256.0
10109802LEMOSF_2025-09-12_G10,10109802LEMOSF,2025-09-12,111442,1,2,0,183.0
10109802LEMOSF_2025-09-12_G11,10109802LEMOSF,2025-09-12,140922,1,40,0,328.0
10109802LEMOSF_2025-09-12_G12,10109802LEMOSF,2025-09-12,141458,1,30,0,588.0
10109802LEMOSF_2025-09-12_G13,10109802LEMOSF,2025-09-12,141066,1,23,0,479.0
10109802LEMOSF_2025-09-12_G14,10109802LEMOSF,2025-09-12,110733,1,13,0,210.0
10109802LEMOSF_2025-09-12_G15,10109802LEMOSF,2025-09-12,110373,1,100,0,542.0
10109802LEMOSF_2025-09-12_G16,10109802LEMOSF,2025-09-12,141202,1,9,0,349.0
10109802LEMOSF_2025-09-12_G17,10109802LEMOSF,2025-09-12,110374,1,8,0,140.0
10109802LEMOSF_2025-09-12_G18,10109802LEMOSF,2025-09-12,117840,1,8,0,112.0
10109802LEMOSF_2025-09-12_G19,10109802LEMOSF,2025-09-12,110371,1,7,0,108.0
10109802LEMOSF_2025-09-12_G21,10109802LEMOSF,2025-09-12,117820,4,20,30,52.0
10109802LEMOSF_2025-09-12_G22,10109802LEMOSF,2025-09-12,110376,1,4,0,89.0
10109802LEMOSF_2025-09-12_G23,10109802LEMOSF,2025-09-12,117808,2,8,7,86.0
10109802LEMOSF_2025-09-12_G24,10109802LEMOSF,2025-09-12,"117830, 118299",3,14,32,383.0
10109802LEMOSF_2025-09-12_G25,10109802LEMOSF,2025-09-12,110374,1,4,0,220.0
10109802LEMOSF_2025-09-12_G26,10109802LEMOSF,2025-09-12,109643,1,4,0,436.0
10109802LEMOSF_2025-09-12_G27,10109802LEMOSF,2025-09-12,117820,9,38,60,80.0
10109802LEMOSF_2025-09-12_G28,10109802LEMOSF,2025-09-12,117808,1,4,0,256.0
10109802LEMOSF_2025-09-12_G29,10109802LEMOSF,2025-09-12,108711,1,8,0,165.0
10109802LEMOSF_2025-09-12_G30,10109802LEMOSF,2025-09-12,118140,1,2,0,120.0
10109802LEMOSF_2025-09-12_G31,10109802LEMOSF,2025-09-12,141823,1,4,0,208.0
10109802LEMOSF_2025-09-12_G32,10109802LEMOSF,2025-09-12,111430,1,2,0,914.0
10109802LEMOSF_2025-09-12_G33,10109802LEMOSF,2025-09-12,110682,1,8,0,496.0
10109802LEMOSF_2025-09-12_G34,10109802LEMOSF,2025-09-12,111438,1,12,0,826.0
10109802LEMOSF_2025-09-12_G35,10109802LEMOSF,2025-09-12,110374,1,4,0,421.0
10109802LEMOSF_2025-09-12_G36,10109802LEMOSF,2025-09-12,117820,1,4,0,74.0
10109802LEMOSF_2025-09-12_G37,10109802LEMOSF,2025-09-12,110372,1,10,0,153.0
10109802LEMOSF_2025-09-12_G38,10109802LEMOSF,2025-09-12,117832,1,10,0,132.0
10109802LEMOSF_2025-09-12_G39,10109802LEMOSF,2025-09-12,110371,1,4,0,46.0
10109802LEMOSF_2025-09-12_G40,10109802LEMOSF,2025-09-12,117830,1,4,0,265.0
10109802LEMOSF_2025-09-12_G41,10109802LEMOSF,2025-09-12,108711,1,1,0,670.0
10109802LEMOSF_2025-09-12_G42,10109802LEMOSF,2025-09-12,110787,1,1,0,143.0
10109802LEMOSF_2025-09-12_G43,10109802LEMOSF,2025-09-12,108794,1,2,0,90.0
10109802LEMOSF_2025-09-12_G44,10109802LEMOSF,2025-09-12,111466,1,2,0,58.0
10109802LEMOSF_2025-09-12_G45,10109802LEMOSF,2025-09-12,111465,1,4,0,85.0
10109802LEMOSF_2025-09-12_G46,10109802LEMOSF,2025-09-12,116241,1,8,0,585.0
10109802LEMOSF_2025-09-12_G47,10109802LEMOSF,2025-09-12,117787,1,7,0,170.0
10109802LEMOSF_2025-09-13_G02,10109802LEMOSF,2025-09-13,111436,1,2,0,193.0
10109802LEMOSF_2025-09-13_G03,10109802LEMOSF,2025-09-13,110742,1,8,0,44.0
10109802LEMOSF_2025-09-13_G04,10109802LEMOSF,2025-09-13,117836,1,3,0,184.0
10109802LEMOSF_2025-09-13_G05,10109802LEMOSF,2025-09-13,110112,1,3,0,117.0
10109802LEMOSF_2025-09-13_G06,10109802LEMOSF,2025-09-13,111793,1,3,0,129.0
10109802LEMOSF_2025-09-13_G07,10109802LEMOSF,2025-09-13,108770,1,3,0,92.0
10109802LEMOSF_2025-09-13_G08,10109802LEMOSF,2025-09-13,110623,1,8,0,439.0
10109802LEMOSF_2025-09-13_G09,10109802LEMOSF,2025-09-13,140911,1,4,0,67.0
10109802LEMOSF_2025-09-13_G10,10109802LEMOSF,2025-09-13,111438,1,9,0,255.0
10109802LEMOSF_2025-09-13_G11,10109802LEMOSF,2025-09-13,110754,1,8,0,222.0
10109802LEMOSF_2025-09-13_G12,10109802LEMOSF,2025-09-13,111172,2,8,7,3447.0
10109802LEMOSF_2025-09-13_G13,10109802LEMOSF,2025-09-13,110743,2,28,20,471.0
10109802LEMOSF_2025-09-13_G14,10109802LEMOSF,2025-09-13,111435,1,8,0,372.0
10109802LEMOSF_2025-09-13_G15,10109802LEMOSF,2025-09-13,111433,1,10,0,365.0
10109802LEMOSF_2025-09-13_G16,10109802LEMOSF,2025-09-13,111418,1,20,0,351.0
10109802LEMOSF_2025-09-13_G17,10109802LEMOSF,2025-09-13,111463,1,12,0,145.0
10109802LEMOSF_2025-09-13_G18,10109802LEMOSF,2025-09-13,108711,1,12,0,147.0
10109802LEMOSF_2025-09-13_G19,10109802LEMOSF,2025-09-13,118317,1,12,0,355.0
10109802LEMOSF_2025-09-13_G20,10109802LEMOSF,2025-09-13,117841,1,8,0,156.0
10109802LEMOSF_2025-09-13_G21,10109802LEMOSF,2025-09-13,111743,1,20,0,453.0
10109802LEMOSF_2025-09-13_G22,10109802LEMOSF,2025-09-13,110787,1,60,0,204.0
10109802LEMOSF_2025-09-13_G23,10109802LEMOSF,2025-09-13,111532,1,50,0,583.0
10109802LEMOSF_2025-09-13_G24,10109802LEMOSF,2025-09-13,117821,1,12,0,205.0
10109802LEMOSF_2025-09-13_G25,10109802LEMOSF,2025-09-13,109645,1,6,0,123.0
10109802LEMOSF_2025-09-13_G26,10109802LEMOSF,2025-09-13,110748,1,10,0,408.0
10109802LEMOSF_2025-09-13_G27,10109802LEMOSF,2025-09-13,111466,2,39,17,106.0
10109802LEMOSF_2025-09-13_G28,10109802LEMOSF,2025-09-13,111468,1,12,0,647.0
10109802LEMOSF_2025-09-13_G29,10109802LEMOSF,2025-09-13,110740,1,27,0,536.0
10109802LEMOSF_2025-09-13_G31,10109802LEMOSF,2025-09-13,111469,1,6,0,119.0
10109802LEMOSF_2025-09-13_G32,10109802LEMOSF,2025-09-13,116241,1,12,0,380.0
10109802LEMOSF_2025-09-15_G02,10109802LEMOSF,2025-09-15,111443,1,2,0,120.0
10109802LEMOSF_2025-09-15_G03,10109802LEMOSF,2025-09-15,118140,1,2,0,83.0
10109802LEMOSF_2025-09-15_G04,10109802LEMOSF,2025-09-15,107236,1,4,0,113.0
10109802LEMOSF_2025-09-15_G05,10109802LEMOSF,2025-09-15,111462,1,3,0,71.0
10109802LEMOSF_2025-09-15_G06,10109802LEMOSF,2025-09-15,111468,1,1,0,86.0
10109802LEMOSF_2025-09-15_G07,10109802LEMOSF,2025-09-15,117831,1,2,0,54.0
10109802LEMOSF_2025-09-15_G08,10109802LEMOSF,2025-09-15,111172,1,2,0,96.0
10109802LEMOSF_2025-09-15_G09,10109802LEMOSF,2025-09-15,117935,1,2,0,236.0
10109802LEMOSF_2025-09-15_G10,10109802LEMOSF,2025-09-15,117786,1,2,0,141.0
10109802LEMOSF_2025-09-15_G11,10109802LEMOSF,2025-09-15,109647,1,2,0,90.0
10109802LEMOSF_2025-09-15_G12,10109802LEMOSF,2025-09-15,110313,1,2,0,119.0
10109802LEMOSF_2025-09-15_G13,10109802LEMOSF,2025-09-15,118094,1,4,0,140.0
10109802LEMOSF_2025-09-15_G14,10109802LEMOSF,2025-09-15,117837,1,2,0,93.0
10109802LEMOSF_2025-09-15_G15,10109802LEMOSF,2025-09-15,111418,1,7,0,915.0
10109802LEMOSF_2025-09-15_G16,10109802LEMOSF,2025-09-15,118317,1,10,0,125.0
10109802LEMOSF_2025-09-15_G17,10109802LEMOSF,2025-09-15,117841,1,2,0,127.0
10109802LEMOSF_2025-09-15_G18,10109802LEMOSF,2025-09-15,111532,1,10,0,161.0
10109802LEMOSF_2025-09-15_G19,10109802LEMOSF,2025-09-15,108794,1,16,0,247.0
10109802LEMOSF_2025-09-15_G20,10109802LEMOSF,2025-09-15,111469,1,26,0,282.0
10109802LEMOSF_2025-09-15_G21,10109802LEMOSF,2025-09-15,107236,1,12,0,338.0
10109802LEMOSF_2025-09-15_G22,10109802LEMOSF,2025-09-15,110740,1,2,0,97.0
10109802LEMOSF_2025-09-15_G23,10109802LEMOSF,2025-09-15,111465,1,4,0,95.0
10109802LEMOSF_2025-09-15_G24,10109802LEMOSF,2025-09-15,111172,1,6,0,107.0
10109802LEMOSF_2025-09-15_G25,10109802LEMOSF,2025-09-15,105242,1,2,0,687.0
10109802LEMOSF_2025-09-15_G26,10109802LEMOSF,2025-09-15,117786,1,4,0,155.0
10109802LEMOSF_2025-09-15_G27,10109802LEMOSF,2025-09-15,141047,1,6,0,176.0
10109802LEMOSF_2025-09-15_G28,10109802LEMOSF,2025-09-15,110313,1,5,0,165.0
10109802LEMOSF_2025-09-15_G29,10109802LEMOSF,2025-09-15,110375,1,4,0,339.0
10109802LEMOSF_2025-09-15_G30,10109802LEMOSF,2025-09-15,117809,1,4,0,164.0
10109802LEMOSF_2025-09-15_G31,10109802LEMOSF,2025-09-15,118299,1,32,0,404.0
10109802LEMOSF_2025-09-15_G32,10109802LEMOSF,2025-09-15,117935,1,7,0,2734.0
10109802LEMOSF_2025-09-15_G33,10109802LEMOSF,2025-09-15,111441,1,1,0,508.0
10109802LEMOSF_2025-09-15_G34,10109802LEMOSF,2025-09-15,110742,1,1,0,89.0
10109802LEMOSF_2025-09-15_G36,10109802LEMOSF,2025-09-15,110372,1,200,0,2288.0
10109802LEMOSF_2025-09-15_G37,10109802LEMOSF,2025-09-15,110371,1,200,0,412.0
10109802LEMOSF_2025-09-15_G38,10109802LEMOSF,2025-09-15,111463,1,17,0,2091.0
10109802LEMOSF_2025-09-15_G39,10109802LEMOSF,2025-09-15,111418,1,4,0,171.0
10109802LEMOSF_2025-09-15_G40,10109802LEMOSF,2025-09-15,111443,1,8,0,135.0
10109802LEMOSF_2025-09-15_G41,10109802LEMOSF,2025-09-15,141823,1,12,0,219.0
10109802LEMOSF_2025-09-15_G42,10109802LEMOSF,2025-09-15,117821,1,2,0,68.0
10109802LEMOSF_2025-09-15_G43,10109802LEMOSF,2025-09-15,117821,1,11,0,1118.0
10109802LEMOSF_2025-09-15_G44,10109802LEMOSF,2025-09-15,141456,1,3,0,90.0
10109802LEMOSF_2025-09-15_G45,10109802LEMOSF,2025-09-15,141458,1,2,0,242.0
10109802LEMOSF_2025-09-15_G46,10109802LEMOSF,2025-09-15,117831,1,10,0,80.0
10109802LEMOSF_2025-09-15_G47,10109802LEMOSF,2025-09-15,111465,1,1,0,44.0
10109802LEMOSF_2025-09-15_G48,10109802LEMOSF,2025-09-15,111172,1,2,0,64.0
10109802LEMOSF_2025-09-15_G49,10109802LEMOSF,2025-09-15,111435,1,2,0,352.0
10109802LEMOSF_2025-09-15_G50,10109802LEMOSF,2025-09-15,118222,1,12,0,228.0
10109802LEMOSF_2025-09-15_G51,10109802LEMOSF,2025-09-15,111441,1,4,0,189.0
10109802LEMOSF_2025-09-15_G52,10109802LEMOSF,2025-09-15,111569,1,2,0,106.0
10109802LEMOSF_2025-09-15_G53,10109802LEMOSF,2025-09-15,111438,1,19,0,71.0
10109802LEMOSF_2025-09-15_G54,10109802LEMOSF,2025-09-15,116241,1,12,0,2928.0
10109802LEMOSF_2025-09-15_G55,10109802LEMOSF,2025-09-15,118317,1,3,0,241.0
10109802LEMOSF_2025-09-15_G56,10109802LEMOSF,2025-09-15,111443,1,6,0,82.0
10109802LEMOSF_2025-09-15_G57,10109802LEMOSF,2025-09-15,117821,1,10,0,83.0
10109802LEMOSF_2025-09-15_G58,10109802LEMOSF,2025-09-15,141457,1,8,0,101.0
10109802LEMOSF_2025-09-15_G59,10109802LEMOSF,2025-09-15,110745,1,4,0,103.0
10109802LEMOSF_2025-09-16_G02,10109802LEMOSF,2025-09-16,117785,1,14,0,1125.0
10109802LEMOSF_2025-09-16_G03,10109802LEMOSF,2025-09-16,110787,1,9,0,197.0
10109802LEMOSF_2025-09-16_G04,10109802LEMOSF,2025-09-16,111466,1,6,0,761.0
10109802LEMOSF_2025-09-16_G05,10109802LEMOSF,2025-09-16,110129,1,15,0,2592.0
10109802LEMOSF_2025-09-16_G06,10109802LEMOSF,2025-09-16,117785,1,240,0,703.0
10109802LEMOSF_2025-09-16_G07,10109802LEMOSF,2025-09-16,111463,1,60,0,574.0
10109802LEMOSF_2025-09-16_G08,10109802LEMOSF,2025-09-16,108711,1,40,0,228.0
10109802LEMOSF_2025-09-16_G09,10109802LEMOSF,2025-09-16,141823,1,40,0,857.0
10109802LEMOSF_2025-09-16_G10,10109802LEMOSF,2025-09-16,141457,1,60,0,532.0
10109802LEMOSF_2025-09-16_G11,10109802LEMOSF,2025-09-16,118140,1,50,0,842.0
10109802LEMOSF_2025-09-16_G13,10109802LEMOSF,2025-09-16,111418,1,700,0,1760.0
10109802LEMOSF_2025-09-16_G14,10109802LEMOSF,2025-09-16,111418,1,1,0,50.0
10109802LEMOSF_2025-09-17_G02,10109802LEMOSF,2025-09-17,109643,1,2,0,141.0
10109802LEMOSF_2025-09-17_G03,10109802LEMOSF,2025-09-17,110372,1,40,0,256.0
10109802LEMOSF_2025-09-17_G04,10109802LEMOSF,2025-09-17,110374,1,4,0,106.0
10109802LEMOSF_2025-09-17_G05,10109802LEMOSF,2025-09-17,118140,1,2,0,761.0
10109802LEMOSF_2025-09-17_G06,10109802LEMOSF,2025-09-17,117785,1,8,0,165.0
10109802LEMOSF_2025-09-17_G07,10109802LEMOSF,2025-09-17,111463,1,2,0,101.0
10109802LEMOSF_2025-09-17_G08,10109802LEMOSF,2025-09-17,111418,1,4,0,248.0
10109802LEMOSF_2025-09-17_G09,10109802LEMOSF,2025-09-17,111532,1,4,0,268.0
10109802LEMOSF_2025-09-17_G10,10109802LEMOSF,2025-09-17,141456,1,4,0,131.0
10109802LEMOSF_2025-09-17_G11,10109802LEMOSF,2025-09-17,140922,1,4,0,258.0
10109802LEMOSF_2025-09-17_G12,10109802LEMOSF,2025-09-17,108411,1,2,0,264.0
10109802LEMOSF_2025-09-17_G13,10109802LEMOSF,2025-09-17,111532,1,4,0,158.0
10109802LEMOSF_2025-09-17_G14,10109802LEMOSF,2025-09-17,110787,1,8,0,86.0
10109802LEMOSF_2025-09-17_G15,10109802LEMOSF,2025-09-17,105705,1,6,0,137.0
10109802LEMOSF_2025-09-17_G16,10109802LEMOSF,2025-09-17,110746,1,2,0,641.0
10109802LEMOSF_2025-09-17_G17,10109802LEMOSF,2025-09-17,111438,1,2,0,246.0
10109802LEMOSF_2025-09-17_G18,10109802LEMOSF,2025-09-17,110373,1,4,0,476.0
10109802LEMOSF_2025-09-17_G19,10109802LEMOSF,2025-09-17,109641,1,12,0,964.0
10109802LEMOSF_2025-09-17_G20,10109802LEMOSF,2025-09-17,141457,1,50,0,1477.0
10109802LEMOSF_2025-09-17_G21,10109802LEMOSF,2025-09-17,118140,1,40,0,413.0
10109802LEMOSF_2025-09-17_G22,10109802LEMOSF,2025-09-17,111532,1,100,0,414.0
10109802LEMOSF_2025-09-17_G23,10109802LEMOSF,2025-09-17,141456,1,50,0,732.0
10109802LEMOSF_2025-09-17_G24,10109802LEMOSF,2025-09-17,111462,1,12,0,650.0
10109802LEMOSF_2025-09-17_G25,10109802LEMOSF,2025-09-17,118330,1,2,0,571.0
10109802LEMOSF_2025-09-17_G26,10109802LEMOSF,2025-09-17,118196,1,4,0,350.0
10109802LEMOSF_2025-09-17_G28,10109802LEMOSF,2025-09-17,110743,1,1,0,71.0
10109802LEMOSF_2025-09-17_G29,10109802LEMOSF,2025-09-17,111743,1,20,0,148.0
10109802LEMOSF_2025-09-17_G30,10109802LEMOSF,2025-09-17,111532,1,30,0,397.0
10109802LEMOSF_2025-09-17_G31,10109802LEMOSF,2025-09-17,110787,1,20,0,558.0
10109802LEMOSF_2025-09-17_G32,10109802LEMOSF,2025-09-17,111466,1,27,0,568.0
10109802LEMOSF_2025-09-17_G33,10109802LEMOSF,2025-09-17,111172,1,40,0,125.0
10109802LEMOSF_2025-09-17_G34,10109802LEMOSF,2025-09-17,117837,2,18,11,350.0
10109802LEMOSF_2025-09-17_G35,10109802LEMOSF,2025-09-17,110753,1,8,0,167.0
10109802LEMOSF_2025-09-17_G36,10109802LEMOSF,2025-09-17,141202,1,20,0,582.0
10109802LEMOSF_2025-09-17_G37,10109802LEMOSF,2025-09-17,117820,1,50,0,379.0
10109802LEMOSF_2025-09-17_G38,10109802LEMOSF,2025-09-17,111418,1,13,0,2813.0
10109802LEMOSF_2025-09-17_G39,10109802LEMOSF,2025-09-17,111743,1,10,0,177.0
10109802LEMOSF_2025-09-17_G40,10109802LEMOSF,2025-09-17,111466,2,20,9,151.0
10109802LEMOSF_2025-09-17_G41,10109802LEMOSF,2025-09-17,111348,1,4,0,385.0
10109802LEMOSF_2025-09-17_G42,10109802LEMOSF,2025-09-17,117809,1,20,0,861.0
10109802LEMOSF_2025-09-17_G43,10109802LEMOSF,2025-09-17,110374,1,10,0,184.0
10109802LEMOSF_2025-09-17_G44,10109802LEMOSF,2025-09-17,110373,1,50,0,496.0
10109802LEMOSF_2025-09-17_G45,10109802LEMOSF,2025-09-17,108759,1,4,0,279.0
10109802LEMOSF_2025-09-17_G46,10109802LEMOSF,2025-09-17,115821,1,4,0,145.0
10109802LEMOSF_2025-09-17_G47,10109802LEMOSF,2025-09-17,117836,1,8,0,199.0
10109802LEMOSF_2025-09-17_G48,10109802LEMOSF,2025-09-17,117835,1,7,0,152.0
10109802LEMOSF_2025-09-18_G02,10109802LEMOSF,2025-09-18,117785,1,100,0,683.0
10109802LEMOSF_2025-09-18_G03,10109802LEMOSF,2025-09-18,108711,1,30,0,349.0
10109802LEMOSF_2025-09-18_G04,10109802LEMOSF,2025-09-18,117838,1,20,0,602.0
10109802LEMOSF_2025-09-18_G05,10109802LEMOSF,2025-09-18,111418,1,100,0,651.0
10109802LEMOSF_2025-09-18_G06,10109802LEMOSF,2025-09-18,111743,1,60,0,974.0
10109802LEMOSF_2025-09-18_G07,10109802LEMOSF,2025-09-18,141456,1,50,0,483.0
10109802LEMOSF_2025-09-18_G08,10109802LEMOSF,2025-09-18,108794,1,50,0,544.0
10109802LEMOSF_2025-09-18_G09,10109802LEMOSF,2025-09-18,118140,1,80,0,271.0
10109802LEMOSF_2025-09-18_G10,10109802LEMOSF,2025-09-18,111466,1,100,0,306.0
10109802LEMOSF_2025-09-18_G11,10109802LEMOSF,2025-09-18,111462,1,100,0,123.0
10109802LEMOSF_2025-09-18_G12,10109802LEMOSF,2025-09-18,111463,1,4,0,1519.0
10109802LEMOSF_2025-09-18_G13,10109802LEMOSF,2025-09-18,111418,1,4,0,170.0
10109802LEMOSF_2025-09-18_G14,10109802LEMOSF,2025-09-18,109641,1,12,0,180.0
10109802LEMOSF_2025-09-18_G15,10109802LEMOSF,2025-09-18,111469,5,40,48,193.0
10109802LEMOSF_2025-09-18_G16,10109802LEMOSF,2025-09-18,105705,1,2,0,528.0
10109802LEMOSF_2025-09-18_G17,10109802LEMOSF,2025-09-18,118140,2,12,14,809.0
10109802LEMOSF_2025-09-18_G18,10109802LEMOSF,2025-09-18,110748,1,4,0,63.0
10109802LEMOSF_2025-09-18_G19,10109802LEMOSF,2025-09-18,111466,3,22,17,41.0
10109802LEMOSF_2025-09-18_G20,10109802LEMOSF,2025-09-18,111462,1,10,0,499.0
10109802LEMOSF_2025-09-18_G22,10109802LEMOSF,2025-09-18,111446,5,92,58,905.0
10109802LEMOSF_2025-09-18_G23,10109802LEMOSF,2025-09-18,109645,1,8,0,633.0
10109802LEMOSF_2025-09-18_G24,10109802LEMOSF,2025-09-18,109641,1,14,0,89.0
10109802LEMOSF_2025-09-18_G25,10109802LEMOSF,2025-09-18,111435,1,4,0,621.0
10109802LEMOSF_2025-09-18_G26,10109802LEMOSF,2025-09-18,"111532, 105705",8,26,41,242.0
10109802LEMOSF_2025-09-18_G27,10109802LEMOSF,2025-09-18,105705,1,4,0,173.0
10109802LEMOSF_2025-09-18_G28,10109802LEMOSF,2025-09-18,117785,1,2,0,299.0
10109802LEMOSF_2025-09-18_G29,10109802LEMOSF,2025-09-18,118222,1,133,0,2394.0
10109802LEMOSF_2025-09-18_G30,10109802LEMOSF,2025-09-18,111530,1,26,0,614.0
10109802LEMOSF_2025-09-18_G31,10109802LEMOSF,2025-09-18,117808,1,584,0,1311.0
10109802LEMOSF_2025-09-19_G02,10109802LEMOSF,2025-09-19,110129,1,1,0,103.0
10109802LEMOSF_2025-09-19_G03,10109802LEMOSF,2025-09-19,111433,1,10,0,530.0
10109802LEMOSF_2025-09-19_G04,10109802LEMOSF,2025-09-19,111463,2,74,16,454.0
10109802LEMOSF_2025-09-19_G05,10109802LEMOSF,2025-09-19,118317,1,1,0,425.0
10109802LEMOSF_2025-09-19_G06,10109802LEMOSF,2025-09-19,111443,2,5,7,385.0
10109802LEMOSF_2025-09-19_G07,10109802LEMOSF,2025-09-19,117838,1,1,0,74.0
10109802LEMOSF_2025-09-19_G08,10109802LEMOSF,2025-09-19,110743,1,4,0,134.0
10109802LEMOSF_2025-09-19_G09,10109802LEMOSF,2025-09-19,109641,1,2,0,115.0
10109802LEMOSF_2025-09-19_G10,10109802LEMOSF,2025-09-19,141457,1,6,0,325.0
10109802LEMOSF_2025-09-19_G11,10109802LEMOSF,2025-09-19,111348,1,4,0,146.0
10109802LEMOSF_2025-09-19_G12,10109802LEMOSF,2025-09-19,110740,1,8,0,461.0
10109802LEMOSF_2025-09-19_G13,10109802LEMOSF,2025-09-19,"117831, 110740",3,24,14,321.0
10109802LEMOSF_2025-09-19_G14,10109802LEMOSF,2025-09-19,111465,1,8,0,231.0
10109802LEMOSF_2025-09-19_G16,10109802LEMOSF,2025-09-19,117838,1,4,0,249.0
10109802LEMOSF_2025-09-19_G17,10109802LEMOSF,2025-09-19,117841,1,16,0,356.0
10109802LEMOSF_2025-09-19_G18,10109802LEMOSF,2025-09-19,111435,1,3,0,83.0
10109802LEMOSF_2025-09-19_G19,10109802LEMOSF,2025-09-19,117842,1,4,0,256.0
10109802LEMOSF_2025-09-19_G20,10109802LEMOSF,2025-09-19,109641,1,20,0,611.0
10109802LEMOSF_2025-09-19_G21,10109802LEMOSF,2025-09-19,116241,1,50,0,266.0
10109802LEMOSF_2025-09-19_G22,10109802LEMOSF,2025-09-19,111462,1,60,0,693.0
10109802LEMOSF_2025-09-19_G23,10109802LEMOSF,2025-09-19,111444,1,3,0,445.0
10109802LEMOSF_2025-09-19_G24,10109802LEMOSF,2025-09-19,140922,1,40,0,591.0
10109802LEMOSF_2025-09-19_G25,10109802LEMOSF,2025-09-19,117831,1,40,0,522.0
10109802LEMOSF_2025-09-19_G26,10109802LEMOSF,2025-09-19,117832,1,30,0,1227.0
10109802LEMOSF_2025-09-19_G27,10109802LEMOSF,2025-09-19,117809,1,12,0,99.0
10109802LEMOSF_2025-09-19_G28,10109802LEMOSF,2025-09-19,111438,1,16,0,650.0
10109802LEMOSF_2025-09-19_G29,10109802LEMOSF,2025-09-19,111569,1,12,0,499.0
10109802LEMOSF_2025-09-20_G02,10109802LEMOSF,2025-09-20,111418,1,30,0,62.0
10109802LEMOSF_2025-09-20_G03,10109802LEMOSF,2025-09-20,111876,1,2,0,1216.0
10109802LEMOSF_2025-09-20_G04,10109802LEMOSF,2025-09-20,110733,1,2,0,153.0
10109802LEMOSF_2025-09-20_G05,10109802LEMOSF,2025-09-20,111602,1,3,0,127.0
10109802LEMOSF_2025-09-20_G06,10109802LEMOSF,2025-09-20,111463,1,2,0,266.0
10109802LEMOSF_2025-09-20_G07,10109802LEMOSF,2025-09-20,109645,1,4,0,120.0
10109802LEMOSF_2025-09-20_G08,10109802LEMOSF,2025-09-20,111462,1,4,0,156.0
10109802LEMOSF_2025-09-20_G09,10109802LEMOSF,2025-09-20,118299,1,18,0,270.0
10109802LEMOSF_2025-09-20_G11,10109802LEMOSF,2025-09-20,110787,1,2,0,164.0
10109802LEMOSF_2025-09-20_G12,10109802LEMOSF,2025-09-20,160054,1,2,0,131.0
10109802LEMOSF_2025-09-20_G13,10109802LEMOSF,2025-09-20,110371,1,12,0,257.0
10109802LEMOSF_2025-09-20_G14,10109802LEMOSF,2025-09-20,110623,1,2,0,1580.0
10109802LEMOSF_2025-09-20_G15,10109802LEMOSF,2025-09-20,110741,1,10,0,329.0
10109802LEMOSF_2025-09-20_G17,10109802LEMOSF,2025-09-20,117855,1,30,0,678.0
10109802LEMOSF_2025-09-20_G18,10109802LEMOSF,2025-09-20,141456,1,4,0,1115.0
10109802LEMOSF_2025-09-20_G19,10109802LEMOSF,2025-09-20,108711,1,5,0,126.0
10109802LEMOSF_2025-09-20_G20,10109802LEMOSF,2025-09-20,141457,1,2,0,100.0
10109802LEMOSF_2025-09-20_G21,10109802LEMOSF,2025-09-20,111462,1,1,0,232.0
10109802LEMOSF_2025-09-20_G22,10109802LEMOSF,2025-09-20,111348,1,2,0,75.0
10109802LEMOSF_2025-09-20_G23,10109802LEMOSF,2025-09-20,111468,1,7,0,146.0
10109802LEMOSF_2025-09-20_G24,10109802LEMOSF,2025-09-20,140922,1,8,0,107.0
10109802LEMOSF_2025-09-20_G25,10109802LEMOSF,2025-09-20,110745,1,2,0,69.0
10109802LEMOSF_2025-09-20_G26,10109802LEMOSF,2025-09-20,110374,1,10,0,722.0
10109802LEMOSF_2025-09-20_G27,10109802LEMOSF,2025-09-20,118299,1,2,0,99.0
10109802LEMOSF_2025-09-20_G28,10109802LEMOSF,2025-09-20,118299,2,61,18,42.0
10109802LEMOSF_2025-09-20_G29,10109802LEMOSF,2025-09-20,110372,1,50,0,1083.0
10109802LEMOSF_2025-09-20_G30,10109802LEMOSF,2025-09-20,117808,1,50,0,719.0
10109802LEMOSF_2025-09-22_G02,10109802LEMOSF,2025-09-22,111430,1,483,0,1907.0
10109802LEMOSF_2025-09-22_G03,10109802LEMOSF,2025-09-22,111441,1,46,0,192.0
10109802LEMOSF_2025-09-22_G04,10109802LEMOSF,2025-09-22,140922,1,927,0,2737.0
10109802LEMOSF_2025-09-22_G05,10109802LEMOSF,2025-09-22,117820,1,2,0,2699.0
10109802LEMOSF_2025-09-22_G06,10109802LEMOSF,2025-09-22,140923,1,42,0,626.0
10109802LEMOSF_2025-09-22_G07,10109802LEMOSF,2025-09-22,110375,1,16,0,1212.0
10109802LEMOSF_2025-09-22_G08,10109802LEMOSF,2025-09-22,117822,1,16,0,208.0
10109802LEMOSF_2025-09-22_G09,10109802LEMOSF,2025-09-22,110325,3,47,34,268.0
10109802LEMOSF_2025-09-22_G11,10109802LEMOSF,2025-09-22,111418,1,6,0,204.0
10109802LEMOSF_2025-09-22_G12,10109802LEMOSF,2025-09-22,111462,1,8,0,509.0
10109802LEMOSF_2025-09-22_G13,10109802LEMOSF,2025-09-22,117862,1,11,0,216.0
10109802LEMOSF_2025-09-22_G14,10109802LEMOSF,2025-09-22,140923,1,3,0,250.0
10109802LEMOSF_2025-09-22_G15,10109802LEMOSF,2025-09-22,117855,1,2,0,220.0
10109802LEMOSF_2025-09-22_G16,10109802LEMOSF,2025-09-22,118299,1,5,0,185.0
10109802LEMOSF_2025-09-22_G17,10109802LEMOSF,2025-09-22,110372,1,7,0,102.0
10109802LEMOSF_2025-09-22_G18,10109802LEMOSF,2025-09-22,117820,1,1,0,138.0
10109802LEMOSF_2025-09-22_G19,10109802LEMOSF,2025-09-22,117830,1,2,0,69.0
10109802LEMOSF_2025-09-22_G20,10109802LEMOSF,2025-09-22,111469,1,12,0,733.0
10109802LEMOSF_2025-09-22_G21,10109802LEMOSF,2025-09-22,117808,1,24,0,234.0
10109802LEMOSF_2025-09-23_G02,10109802LEMOSF,2025-09-23,111463,1,24,0,659.0
10109802LEMOSF_2025-09-23_G03,10109802LEMOSF,2025-09-23,117785,1,8,0,585.0
10109802LEMOSF_2025-09-23_G05,10109802LEMOSF,2025-09-23,110372,1,200,0,472.0
10109802LEMOSF_2025-09-23_G06,10109802LEMOSF,2025-09-23,118299,1,300,0,799.0
10109802LEMOSF_2025-09-23_G07,10109802LEMOSF,2025-09-23,110371,1,200,0,221.0
10109802LEMOSF_2025-09-23_G08,10109802LEMOSF,2025-09-23,117809,1,24,0,542.0
10109802LEMOSF_2025-09-23_G10,10109802LEMOSF,2025-09-23,110376,1,250,0,140.0
10109802LEMOSF_2025-09-25_G02,10109802LEMOSF,2025-09-25,118290,1,20,0,550.0
10109802LEMOSF_2025-09-25_G03,10109802LEMOSF,2025-09-25,141313,1,1,0,411.0
10109802LEMOSF_2025-09-25_G04,10109802LEMOSF,2025-09-25,110895,1,20,0,553.0
10109802LEMOSF_2025-09-25_G05,10109802LEMOSF,2025-09-25,111530,2,55,20,1407.0
10109802LEMOSF_2025-09-25_G06,10109802LEMOSF,2025-09-25,111879,1,20,0,1707.0
10109802LEMOSF_2025-09-25_G07,10109802LEMOSF,2025-09-25,111602,1,40,0,856.0
10109802LEMOSF_2025-09-25_G08,10109802LEMOSF,2025-09-25,140922,1,7,0,1221.0
10109802LEMOSF_2025-09-25_G09,10109802LEMOSF,2025-09-25,115209,1,20,0,1575.0
10109802LEMOSF_2025-09-25_G10,10109802LEMOSF,2025-09-25,111418,1,50,0,413.0
10109802LEMOSF_2025-09-25_G11,10109802LEMOSF,2025-09-25,111468,1,10,0,278.0
10109802LEMOSF_2025-09-25_G12,10109802LEMOSF,2025-09-25,117822,1,10,0,432.0
10109802LEMOSF_2025-09-25_G13,10109802LEMOSF,2025-09-25,117836,1,4,0,1487.0
10109802LEMOSF_2025-09-25_G14,10109802LEMOSF,2025-09-25,110755,1,4,0,218.0
10109802LEMOSF_2025-09-25_G15,10109802LEMOSF,2025-09-25,110755,1,1,0,47.0
10109802LEMOSF_2025-09-25_G17,10109802LEMOSF,2025-09-25,117833,1,5,0,58.0
10109802LEMOSF_2025-09-25_G18,10109802LEMOSF,2025-09-25,111442,2,4,8,68.0
10109802LEMOSF_2025-09-25_G19,10109802LEMOSF,2025-09-25,110745,2,9,13,183.0
10109802LEMOSF_2025-09-25_G20,10109802LEMOSF,2025-09-25,117831,1,40,0,462.0
10109802LEMOSF_2025-09-25_G22,10109802LEMOSF,2025-09-25,141202,1,100,0,179.0
10109802LEMOSF_2025-09-25_G23,10109802LEMOSF,2025-09-25,111876,1,12,0,500.0
10109802LEMOSF_2025-09-25_G24,10109802LEMOSF,2025-09-25,140923,1,400,0,1245.0
10109802LEMOSF_2025-09-25_G25,10109802LEMOSF,2025-09-25,111879,1,12,0,511.0
10109802LEMOSF_2025-09-26_G02,10109802LEMOSF,2025-09-26,110623,1,4,0,182.0
10109802LEMOSF_2025-09-26_G03,10109802LEMOSF,2025-09-26,117855,1,4,0,551.0
10109802LEMOSF_2025-09-26_G04,10109802LEMOSF,2025-09-26,118290,1,3,0,1051.0
10109802LEMOSF_2025-09-26_G05,10109802LEMOSF,2025-09-26,110372,1,10,0,222.0
10109802LEMOSF_2025-09-26_G06,10109802LEMOSF,2025-09-26,117808,1,10,0,195.0
10109802LEMOSF_2025-09-26_G07,10109802LEMOSF,2025-09-26,111655,1,5,0,116.0
10109802LEMOSF_2025-09-26_G08,10109802LEMOSF,2025-09-26,118140,1,12,0,869.0
10109802LEMOSF_2025-09-26_G09,10109802LEMOSF,2025-09-26,110372,1,11,0,245.0
10109802LEMOSF_2025-09-26_G10,10109802LEMOSF,2025-09-26,117808,1,33,0,52.0
10109802LEMOSF_2025-09-26_G11,10109802LEMOSF,2025-09-26,118299,1,29,0,475.0
10109802LEMOSF_2025-09-26_G12,10109802LEMOSF,2025-09-26,160055,1,12,0,2192.0
10109802LEMOSF_2025-09-26_G13,10109802LEMOSF,2025-09-26,160053,1,8,0,268.0
10109802LEMOSF_2025-09-26_G14,10109802LEMOSF,2025-09-26,"160054, 160051",2,16,23,643.0
10109802LEMOSF_2025-09-26_G16,10109802LEMOSF,2025-09-26,111469,1,40,0,480.0
10109802LEMOSF_2025-09-26_G17,10109802LEMOSF,2025-09-26,111463,1,30,0,567.0
10109802LEMOSF_2025-09-26_G18,10109802LEMOSF,2025-09-26,117787,1,10,0,857.0
10109802LEMOSF_2025-09-26_G19,10109802LEMOSF,2025-09-26,111462,1,8,0,115.0
10109802LEMOSF_2025-09-26_G20,10109802LEMOSF,2025-09-26,111468,1,10,0,147.0
10109802LEMOSF_2025-09-26_G21,10109802LEMOSF,2025-09-26,117831,1,80,0,337.0
10109802LEMOSF_2025-09-26_G22,10109802LEMOSF,2025-09-26,141066,1,12,0,2101.0
10109802LEMOSF_2025-09-26_G23,10109802LEMOSF,2025-09-26,117856,1,20,0,88.0
10109802LEMOSF_2025-09-26_G24,10109802LEMOSF,2025-09-26,110741,1,8,0,488.0
10109802LEMOSF_2025-09-26_G25,10109802LEMOSF,2025-09-26,111530,1,50,0,111.0
10109802LEMOSF_2025-09-26_G26,10109802LEMOSF,2025-09-26,"109640, 117837",2,25,28,673.0
10109802LEMOSF_2025-09-26_G27,10109802LEMOSF,2025-09-26,111530,1,25,0,233.0
10109802LEMOSF_2025-09-26_G28,10109802LEMOSF,2025-09-26,118140,1,100,0,866.0
10109802LEMOSF_2025-09-26_G29,10109802LEMOSF,2025-09-26,111743,1,200,0,67.0
10109802LEMOSF_2025-09-26_G30,10109802LEMOSF,2025-09-26,117831,1,100,0,224.0
10109802LEMOSF_2025-09-26_G31,10109802LEMOSF,2025-09-26,111182,1,10,0,150.0
10109802LEMOSF_2025-09-26_G32,10109802LEMOSF,2025-09-26,111348,1,15,0,847.0
10109802LEMOSF_2025-09-26_G33,10109802LEMOSF,2025-09-26,140923,1,100,0,494.0
10109802LEMOSF_2025-09-27_G02,10109802LEMOSF,2025-09-27,141313,1,4,0,201.0
10109802LEMOSF_2025-09-27_G03,10109802LEMOSF,2025-09-27,110313,1,4,0,246.0
10109802LEMOSF_2025-09-27_G04,10109802LEMOSF,2025-09-27,111182,1,6,0,128.0
10109802LEMOSF_2025-09-27_G06,10109802LEMOSF,2025-09-27,111876,1,10,0,916.0
10109802LEMOSF_2025-09-27_G07,10109802LEMOSF,2025-09-27,117862,1,21,0,492.0
10109802LEMOSF_2025-09-27_G08,10109802LEMOSF,2025-09-27,107629,1,8,0,635.0
10109802LEMOSF_2025-09-27_G09,10109802LEMOSF,2025-09-27,117935,1,31,0,353.0
10109802LEMOSF_2025-09-27_G10,10109802LEMOSF,2025-09-27,117855,1,21,0,190.0
10109802LEMOSF_2025-09-27_G11,10109802LEMOSF,2025-09-27,105242,1,1,0,821.0
10109802LEMOSF_2025-09-27_G12,10109802LEMOSF,2025-09-27,111467,1,17,0,74.0
10109802LEMOSF_2025-09-27_G13,10109802LEMOSF,2025-09-27,110313,1,20,0,1081.0
10109802LEMOSF_2025-09-27_G15,10109802LEMOSF,2025-09-27,118094,1,19,0,317.0
10109802LEMOSF_2025-09-29_G02,10109802LEMOSF,2025-09-29,140957,1,4,0,139.0
10109802LEMOSF_2025-09-29_G03,10109802LEMOSF,2025-09-29,140923,1,40,0,211.0
10109802LEMOSF_2025-09-29_G04,10109802LEMOSF,2025-09-29,117853,1,11,0,956.0
10109802LEMOSF_2025-09-29_G05,10109802LEMOSF,2025-09-29,110313,1,30,0,915.0
10109802LEMOSF_2025-09-29_G07,10109802LEMOSF,2025-09-29,118277,1,8,0,2409.0
10109802LEMOSF_2025-09-29_G08,10109802LEMOSF,2025-09-29,117808,1,427,0,850.0
10109802LEMOSF_2025-09-29_G09,10109802LEMOSF,2025-09-29,117820,3,18,28,1411.0
10109802LEMOSF_2025-09-29_G10,10109802LEMOSF,2025-09-29,109643,2,20,12,432.0
10109802LEMOSF_2025-09-29_G11,10109802LEMOSF,2025-09-29,110371,1,4,0,162.0
10109802LEMOSF_2025-09-29_G12,10109802LEMOSF,2025-09-29,110372,1,10,0,205.0
10109802LEMOSF_2025-09-29_G13,10109802LEMOSF,2025-09-29,117808,1,40,0,128.0
10109802LEMOSF_2025-09-29_G14,10109802LEMOSF,2025-09-29,110373,1,26,0,249.0
10109802LEMOSF_2025-09-29_G15,10109802LEMOSF,2025-09-29,110325,1,4,0,420.0
10109802LEMOSF_2025-09-29_G16,10109802LEMOSF,2025-09-29,108770,1,2,0,472.0
10109802LEMOSF_2025-09-29_G17,10109802LEMOSF,2025-09-29,110787,1,31,0,686.0
10109802LEMOSF_2025-09-29_G18,10109802LEMOSF,2025-09-29,111418,1,63,0,405.0
10109802LEMOSF_2025-09-29_G19,10109802LEMOSF,2025-09-29,111462,1,16,0,278.0
10109802LEMOSF_2025-09-29_G20,10109802LEMOSF,2025-09-29,118330,1,18,0,255.0
10109802LEMOSF_2025-09-29_G21,10109802LEMOSF,2025-09-29,118140,1,100,0,285.0
10109802LEMOSF_2025-09-29_G22,10109802LEMOSF,2025-09-29,140923,1,175,0,718.0
10109802LEMOSF_2025-09-29_G23,10109802LEMOSF,2025-09-29,118140,1,200,0,188.0
10109802LEMOSF_2025-09-29_G24,10109802LEMOSF,2025-09-29,117856,1,61,0,417.0
10109802LEMOSF_2025-09-29_G25,10109802LEMOSF,2025-09-29,111530,1,22,0,228.0
10109802LEMOSF_2025-09-29_G26,10109802LEMOSF,2025-09-29,140923,1,100,0,402.0
10109802LEMOSF_2025-09-30_G02,10109802LEMOSF,2025-09-30,111467,1,70,0,422.0
10109802LEMOSF_2025-09-30_G03,10109802LEMOSF,2025-09-30,111876,1,25,0,705.0
10109802LEMOSF_2025-09-30_G04,10109802LEMOSF,2025-09-30,110741,1,4,0,561.0
10109802LEMOSF_2025-09-30_G05,10109802LEMOSF,2025-09-30,117862,1,24,0,216.0
10109802LEMOSF_2025-09-30_G06,10109802LEMOSF,2025-09-30,117861,1,48,0,843.0
10109802LEMOSF_2025-09-30_G07,10109802LEMOSF,2025-09-30,109647,1,10,0,263.0
10109802LEMOSF_2025-09-30_G08,10109802LEMOSF,2025-09-30,108795,1,4,0,1273.0
10109802LEMOSF_2025-09-30_G09,10109802LEMOSF,2025-09-30,140922,1,10,0,96.0
10109802LEMOSF_2025-09-30_G10,10109802LEMOSF,2025-09-30,108798,1,10,0,108.0
10109802LEMOSF_2025-09-30_G11,10109802LEMOSF,2025-09-30,111418,1,110,0,548.0
10109802LEMOSF_2025-09-30_G12,10109802LEMOSF,2025-09-30,111469,1,26,0,354.0
10109802LEMOSF_2025-09-30_G13,10109802LEMOSF,2025-09-30,111462,1,30,0,211.0
10109802LEMOSF_2025-09-30_G14,10109802LEMOSF,2025-09-30,111172,1,20,0,182.0
10109802LEMOSF_2025-09-30_G15,10109802LEMOSF,2025-09-30,111468,1,22,0,297.0
10109802LEMOSF_2025-09-30_G16,10109802LEMOSF,2025-09-30,117831,1,82,0,198.0
10109802LEMOSF_2025-09-30_G17,10109802LEMOSF,2025-09-30,110745,1,2,0,232.0
10109802LEMOSF_2025-09-30_G18,10109802LEMOSF,2025-09-30,109643,1,8,0,147.0
10109802LEMOSF_2025-09-30_G19,10109802LEMOSF,2025-09-30,107830,1,8,0,93.0
10109802LEMOSF_2025-09-30_G20,10109802LEMOSF,2025-09-30,141202,1,8,0,130.0
10109802LEMOSF_2025-09-30_G21,10109802LEMOSF,2025-09-30,141047,1,8,0,996.0
10109802LEMOSF_2025-09-30_G22,10109802LEMOSF,2025-09-30,141066,1,17,0,207.0
10109802LEMOSF_2025-09-30_G23,10109802LEMOSF,2025-09-30,117862,1,16,0,177.0
10109802LEMOSF_2025-09-30_G24,10109802LEMOSF,2025-09-30,107629,1,14,0,161.0
10109802LEMOSF_2025-09-30_G25,10109802LEMOSF,2025-09-30,118298,1,20,0,247.0
10109802LEMOSF_2025-09-30_G26,10109802LEMOSF,2025-09-30,110733,1,12,0,134.0
10109802LEMOSF_2025-09-30_G27,10109802LEMOSF,2025-09-30,109647,1,4,0,65.0
10109802LEMOSF_2025-09-30_G28,10109802LEMOSF,2025-09-30,110339,1,28,0,311.0
10109802LEMOSF_2025-09-30_G29,10109802LEMOSF,2025-09-30,108772,1,12,0,310.0
10109802LEMOSF_2025-09-30_G30,10109802LEMOSF,2025-09-30,110313,1,5,0,138.0
10109802LEMOSF_2025-09-30_G31,10109802LEMOSF,2025-09-30,111602,1,88,0,652.0
10109802LEMOSF_2025-09-30_G32,10109802LEMOSF,2025-09-30,117785,1,23,0,1025.0
10109802LEMOSF_2025-09-30_G33,10109802LEMOSF,2025-09-30,"110895, 117820",2,116,22,446.0
10109802LEMOSF_2025-09-30_G35,10109802LEMOSF,2025-09-30,117821,1,34,0,445.0
10109802LEMOSF_2025-10-01_G02,10109802LEMOSF,2025-10-01,117832,1,228,0,360.0
10109802LEMOSF_2025-10-01_G03,10109802LEMOSF,2025-10-01,110325,1,319,0,264.0
10109802LEMOSF_2025-10-01_G04,10109802LEMOSF,2025-10-01,109649,1,110,0,544.0
10109802LEMOSF_2025-10-01_G05,10109802LEMOSF,2025-10-01,111465,1,24,0,386.0
10109802LEMOSF_2025-10-01_G06,10109802LEMOSF,2025-10-01,111465,1,2,0,47.0
10109802LEMOSF_2025-10-04_G02,10109802LEMOSF,2025-10-04,110374,1,5,0,159.0
10109802LEMOSF_2025-10-04_G03,10109802LEMOSF,2025-10-04,110372,1,29,0,157.0
10109802LEMOSF_2025-10-04_G04,10109802LEMOSF,2025-10-04,110372,1,1336,0,1090.0
10109802LEMOSF_2025-10-04_G06,10109802LEMOSF,2025-10-04,117855,1,6,0,262.0
10109802LEMOSF_2025-10-04_G07,10109802LEMOSF,2025-10-04,117856,1,6,0,98.0
10109802LEMOSF_2025-10-04_G08,10109802LEMOSF,2025-10-04,117862,1,2,0,100.0
10109802LEMOSF_2025-10-04_G09,10109802LEMOSF,2025-10-04,110339,2,7,10,127.0
10109802LEMOSF_2025-10-04_G10,10109802LEMOSF,2025-10-04,109640,1,4,0,244.0
10109802LEMOSF_2025-10-04_G11,10109802LEMOSF,2025-10-04,141456,1,1,0,129.0
10109802LEMOSF_2025-10-04_G12,10109802LEMOSF,2025-10-04,108795,1,4,0,88.0
10109802LEMOSF_2025-10-04_G13,10109802LEMOSF,2025-10-04,111463,1,1,0,122.0
10109802LEMOSF_2025-10-04_G14,10109802LEMOSF,2025-10-04,110740,1,6,0,133.0
10109802LEMOSF_2025-10-04_G15,10109802LEMOSF,2025-10-04,111418,1,13,0,418.0
10109802LEMOSF_2025-10-04_G16,10109802LEMOSF,2025-10-04,118140,1,2,0,152.0
10109802LEMOSF_2025-10-04_G17,10109802LEMOSF,2025-10-04,118299,1,6,0,1077.0
10109802LEMOSF_2025-10-04_G18,10109802LEMOSF,2025-10-04,160053,1,2,0,274.0
10109802LEMOSF_2025-10-04_G19,10109802LEMOSF,2025-10-04,110375,1,2,0,110.0
10109802LEMOSF_2025-10-04_G20,10109802LEMOSF,2025-10-04,117808,1,7,0,113.0
10109802LEMOSF_2025-10-04_G21,10109802LEMOSF,2025-10-04,110376,1,4,0,98.0
10109802LEMOSF_2025-10-04_G22,10109802LEMOSF,2025-10-04,117838,1,2,0,1253.0
10109802LEMOSF_2025-10-04_G23,10109802LEMOSF,2025-10-04,141456,2,10,11,141.0
10109802LEMOSF_2025-10-04_G24,10109802LEMOSF,2025-10-04,108795,1,4,0,99.0
10109802LEMOSF_2025-10-04_G25,10109802LEMOSF,2025-10-04,110740,2,7,6,126.0
10109802LEMOSF_2025-10-04_G26,10109802LEMOSF,2025-10-04,111532,2,5,8,247.0
10109802LEMOSF_2025-10-06_G02,10109802LEMOSF,2025-10-06,141249,1,2,0,355.0
10109802LEMOSF_2025-10-06_G03,10109802LEMOSF,2025-10-06,111437,1,7,0,639.0
10109802LEMOSF_2025-10-06_G04,10109802LEMOSF,2025-10-06,118442,1,10,0,408.0
10109802LEMOSF_2025-10-06_G05,10109802LEMOSF,2025-10-06,110749,1,3,0,382.0
10109802LEMOSF_2025-10-06_G06,10109802LEMOSF,2025-10-06,111441,1,105,0,1024.0
10109802LEMOSF_2025-10-06_G07,10109802LEMOSF,2025-10-06,118417,1,5,0,97.0
10109802LEMOSF_2025-10-06_G08,10109802LEMOSF,2025-10-06,109471,1,4,0,225.0
10109802LEMOSF_2025-10-06_G09,10109802LEMOSF,2025-10-06,118418,1,4,0,170.0
10109802LEMOSF_2025-10-06_G10,10109802LEMOSF,2025-10-06,111433,1,79,0,1598.0
10109802LEMOSF_2025-10-06_G11,10109802LEMOSF,2025-10-06,117838,1,70,0,377.0
10109802LEMOSF_2025-10-06_G12,10109802LEMOSF,2025-10-06,110748,1,2,0,263.0
10109802LEMOSF_2025-10-07_G02,10109802LEMOSF,2025-10-07,110751,1,1,0,117.0
10109802LEMOSF_2025-10-07_G03,10109802LEMOSF,2025-10-07,111463,1,10,0,152.0
10109802LEMOSF_2025-10-07_G04,10109802LEMOSF,2025-10-07,110740,1,9,0,114.0
10109802LEMOSF_2025-10-07_G05,10109802LEMOSF,2025-10-07,111532,1,12,0,277.0
10109802LEMOSF_2025-10-07_G06,10109802LEMOSF,2025-10-07,110748,1,2,0,83.0
10109802LEMOSF_2025-10-07_G07,10109802LEMOSF,2025-10-07,111418,1,100,0,1212.0
10109802LEMOSF_2025-10-07_G08,10109802LEMOSF,2025-10-07,117787,1,9,0,356.0
10109802LEMOSF_2025-10-07_G09,10109802LEMOSF,2025-10-07,111182,1,8,0,163.0
10109802LEMOSF_2025-10-07_G10,10109802LEMOSF,2025-10-07,117821,1,10,0,161.0
10109802LEMOSF_2025-10-07_G11,10109802LEMOSF,2025-10-07,107236,1,8,0,97.0
10109802LEMOSF_2025-10-07_G12,10109802LEMOSF,2025-10-07,110372,1,100,0,113.0
10109802LEMOSF_2025-10-07_G13,10109802LEMOSF,2025-10-07,117820,1,150,0,937.0
10109802LEMOSF_2025-10-07_G14,10109802LEMOSF,2025-10-07,118299,1,300,0,560.0
10109802LEMOSF_2025-10-07_G15,10109802LEMOSF,2025-10-07,108795,1,159,0,1942.0
10109802LEMOSF_2025-10-07_G16,10109802LEMOSF,2025-10-07,111469,1,200,0,601.0
10109802LEMOSF_2025-10-07_G17,10109802LEMOSF,2025-10-07,111348,1,80,0,1014.0
10109802LEMOSF_2025-10-07_G18,10109802LEMOSF,2025-10-07,111465,1,50,0,788.0
10109802LEMOSF_2025-10-07_G19,10109802LEMOSF,2025-10-07,107236,1,100,0,355.0
10109802LEMOSF_2025-10-07_G21,10109802LEMOSF,2025-10-07,118299,1,71,0,745.0
10109802LEMOSF_2025-10-07_G22,10109802LEMOSF,2025-10-07,118140,1,53,0,453.0
10109802LEMOSF_2025-10-07_G23,10109802LEMOSF,2025-10-07,118140,1,214,0,2845.0
10109802LEMOSF_2025-10-07_G24,10109802LEMOSF,2025-10-07,118004,1,1,0,529.0
10109802LEMOSF_2025-10-07_G25,10109802LEMOSF,2025-10-07,110743,1,1,0,342.0
10109802LEMOSF_2025-10-07_G26,10109802LEMOSF,2025-10-07,111433,1,16,0,387.0
10109802LEMOSF_2025-10-07_G27,10109802LEMOSF,2025-10-07,111463,1,2,0,312.0
10109802LEMOSF_2025-10-07_G28,10109802LEMOSF,2025-10-07,110740,1,18,0,281.0
10109802LEMOSF_2025-10-07_G29,10109802LEMOSF,2025-10-07,108798,1,2,0,278.0
10109802LEMOSF_2025-10-07_G30,10109802LEMOSF,2025-10-07,111532,1,31,0,446.0
10109802LEMOSF_2025-10-07_G31,10109802LEMOSF,2025-10-07,109645,1,11,0,180.0
10109802LEMOSF_2025-10-07_G32,10109802LEMOSF,2025-10-07,117841,1,19,0,49.0
10109802LEMOSF_2025-10-07_G33,10109802LEMOSF,2025-10-07,141457,1,8,0,329.0
10109802LEMOSF_2025-10-07_G34,10109802LEMOSF,2025-10-07,111469,1,25,0,249.0
10109802LEMOSF_2025-10-07_G35,10109802LEMOSF,2025-10-07,111466,1,136,0,775.0
10109802LEMOSF_2025-10-07_G36,10109802LEMOSF,2025-10-07,110745,1,10,0,223.0
10109802LEMOSF_2025-10-07_G37,10109802LEMOSF,2025-10-07,110582,1,14,0,1262.0
10109802LEMOSF_2025-10-07_G38,10109802LEMOSF,2025-10-07,140911,1,3,0,141.0
10109802LEMOSF_2025-10-07_G39,10109802LEMOSF,2025-10-07,118317,1,30,0,1233.0
10109802LEMOSF_2025-10-08_G02,10109802LEMOSF,2025-10-08,141823,1,20,0,249.0
10109802LEMOSF_2025-10-08_G03,10109802LEMOSF,2025-10-08,111431,1,6,0,172.0
10109802LEMOSF_2025-10-08_G04,10109802LEMOSF,2025-10-08,109641,1,7,0,207.0
10109802LEMOSF_2025-10-08_G05,10109802LEMOSF,2025-10-08,117821,1,20,0,643.0
10109802LEMOSF_2025-10-08_G06,10109802LEMOSF,2025-10-08,117831,1,42,0,60.0
10109802LEMOSF_2025-10-08_G07,10109802LEMOSF,2025-10-08,110372,1,50,0,957.0
10109802LEMOSF_2025-10-08_G08,10109802LEMOSF,2025-10-08,110376,1,8,0,114.0
10109802LEMOSF_2025-10-08_G09,10109802LEMOSF,2025-10-08,118299,1,50,0,222.0
10109802LEMOSF_2025-10-08_G10,10109802LEMOSF,2025-10-08,140922,1,927,0,1823.0
10109802LEMOSF_2025-10-08_G12,10109802LEMOSF,2025-10-08,109645,1,180,0,430.0
10109802LEMOSF_2025-10-08_G13,10109802LEMOSF,2025-10-08,111466,1,32,0,307.0
10109802LEMOSF_2025-10-09_G02,10109802LEMOSF,2025-10-09,110371,1,4,0,107.0
10109802LEMOSF_2025-10-09_G03,10109802LEMOSF,2025-10-09,117840,1,2,0,48.0
10109802LEMOSF_2025-10-09_G04,10109802LEMOSF,2025-10-09,110373,1,16,0,188.0
10109802LEMOSF_2025-10-09_G05,10109802LEMOSF,2025-10-09,110375,1,2,0,87.0
10109802LEMOSF_2025-10-09_G06,10109802LEMOSF,2025-10-09,110372,1,4,0,42.0
10109802LEMOSF_2025-10-09_G07,10109802LEMOSF,2025-10-09,117820,1,16,0,214.0
10109802LEMOSF_2025-10-09_G08,10109802LEMOSF,2025-10-09,110129,1,1,0,310.0
10109802LEMOSF_2025-10-09_G09,10109802LEMOSF,2025-10-09,141456,1,10,0,488.0
10109802LEMOSF_2025-10-09_G10,10109802LEMOSF,2025-10-09,111463,1,1,0,74.0
10109802LEMOSF_2025-10-09_G11,10109802LEMOSF,2025-10-09,111418,1,16,0,172.0
10109802LEMOSF_2025-10-09_G12,10109802LEMOSF,2025-10-09,108711,1,4,0,67.0
10109802LEMOSF_2025-10-09_G13,10109802LEMOSF,2025-10-09,111743,1,4,0,66.0
10109802LEMOSF_2025-10-09_G14,10109802LEMOSF,2025-10-09,108798,1,2,0,68.0
10109802LEMOSF_2025-10-09_G15,10109802LEMOSF,2025-10-09,141823,1,2,0,37.0
10109802LEMOSF_2025-10-09_G16,10109802LEMOSF,2025-10-09,111469,1,6,0,95.0
10109802LEMOSF_2025-10-09_G17,10109802LEMOSF,2025-10-09,140922,1,1,0,79.0
10109802LEMOSF_2025-10-09_G18,10109802LEMOSF,2025-10-09,111444,1,1,0,32.0
10109802LEMOSF_2025-10-09_G19,10109802LEMOSF,2025-10-09,117821,1,4,0,58.0
10109802LEMOSF_2025-10-09_G20,10109802LEMOSF,2025-10-09,117831,1,4,0,70.0
10109802LEMOSF_2025-10-09_G21,10109802LEMOSF,2025-10-09,141458,1,6,0,46.0
10109802LEMOSF_2025-10-09_G22,10109802LEMOSF,2025-10-09,107236,1,4,0,48.0
10109802LEMOSF_2025-10-09_G23,10109802LEMOSF,2025-10-09,117808,1,4,0,316.0
10109802LEMOSF_2025-10-09_G24,10109802LEMOSF,2025-10-09,107830,1,2,0,56.0
10109802LEMOSF_2025-10-09_G25,10109802LEMOSF,2025-10-09,109643,1,2,0,73.0
10109802LEMOSF_2025-10-09_G26,10109802LEMOSF,2025-10-09,110372,1,8,0,131.0
10109802LEMOSF_2025-10-09_G27,10109802LEMOSF,2025-10-09,110376,1,2,0,77.0
10109802LEMOSF_2025-10-09_G28,10109802LEMOSF,2025-10-09,117820,1,6,0,79.0
10109802LEMOSF_2025-10-09_G29,10109802LEMOSF,2025-10-09,117822,1,2,0,106.0
10109802LEMOSF_2025-10-09_G30,10109802LEMOSF,2025-10-09,118299,1,8,0,95.0
10109802LEMOSF_2025-10-09_G31,10109802LEMOSF,2025-10-09,110711,1,2,0,142.0
10109802LEMOSF_2025-10-09_G32,10109802LEMOSF,2025-10-09,111650,1,2,0,55.0
10109802LEMOSF_2025-10-09_G33,10109802LEMOSF,2025-10-09,117965,1,4,0,58.0
10109802LEMOSF_2025-10-09_G34,10109802LEMOSF,2025-10-09,110339,1,2,0,133.0
10109802LEMOSF_2025-10-09_G35,10109802LEMOSF,2025-10-09,111467,1,2,0,74.0
10109802LEMOSF_2025-10-09_G36,10109802LEMOSF,2025-10-09,111602,1,2,0,89.0
10109802LEMOSF_2025-10-09_G37,10109802LEMOSF,2025-10-09,118286,1,2,0,129.0
10109802LEMOSF_2025-10-09_G38,10109802LEMOSF,2025-10-09,117838,1,1,0,114.0
10109802LEMOSF_2025-10-09_G39,10109802LEMOSF,2025-10-09,111532,1,4,0,182.0
10109802LEMOSF_2025-10-09_G40,10109802LEMOSF,2025-10-09,111465,1,2,0,83.0
10109802LEMOSF_2025-10-09_G41,10109802LEMOSF,2025-10-09,141458,1,4,0,71.0
10109802LEMOSF_2025-10-09_G42,10109802LEMOSF,2025-10-09,110740,1,4,0,1172.0
10109802LEMOSF_2025-10-09_G43,10109802LEMOSF,2025-10-09,140911,1,4,0,227.0
10109802LEMOSF_2025-10-09_G44,10109802LEMOSF,2025-10-09,117820,1,30,0,294.0
10109802LEMOSF_2025-10-09_G45,10109802LEMOSF,2025-10-09,140923,1,10,0,197.0
10109802LEMOSF_2025-10-09_G46,10109802LEMOSF,2025-10-09,110339,1,4,0,244.0
10109802LEMOSF_2025-10-09_G47,10109802LEMOSF,2025-10-09,111602,1,4,0,225.0
10109802LEMOSF_2025-10-09_G48,10109802LEMOSF,2025-10-09,111463,1,2,0,131.0
10109802LEMOSF_2025-10-09_G49,10109802LEMOSF,2025-10-09,111743,1,5,0,268.0
10109802LEMOSF_2025-10-09_G50,10109802LEMOSF,2025-10-09,108798,1,3,0,131.0
10109802LEMOSF_2025-10-09_G51,10109802LEMOSF,2025-10-09,111466,1,1,0,73.0
10109802LEMOSF_2025-10-09_G52,10109802LEMOSF,2025-10-09,117831,1,6,0,190.0
10109802LEMOSF_2025-10-09_G53,10109802LEMOSF,2025-10-09,111530,1,20,0,335.0
10109802LEMOSF_2025-10-09_G54,10109802LEMOSF,2025-10-09,108711,1,12,0,362.0
10109802LEMOSF_2025-10-09_G57,10109802LEMOSF,2025-10-09,111532,1,52,0,699.0
10109802LEMOSF_2025-10-10_G02,10109802LEMOSF,2025-10-10,111532,1,8,0,301.0
10109802LEMOSF_2025-10-10_G03,10109802LEMOSF,2025-10-10,111466,1,4,0,241.0
10109802LEMOSF_2025-10-10_G04,10109802LEMOSF,2025-10-10,111465,2,13,6,179.0
10109802LEMOSF_2025-10-10_G05,10109802LEMOSF,2025-10-10,140922,1,2,0,94.0
10109802LEMOSF_2025-10-10_G06,10109802LEMOSF,2025-10-10,118140,1,4,0,124.0
10109802LEMOSF_2025-10-10_G07,10109802LEMOSF,2025-10-10,100334,1,4,0,475.0
10109802LEMOSF_2025-10-10_G08,10109802LEMOSF,2025-10-10,110747,2,6,8,439.0
10109802LEMOSF_2025-10-10_G09,10109802LEMOSF,2025-10-10,111569,1,5,0,278.0
10109802LEMOSF_2025-10-10_G10,10109802LEMOSF,2025-10-10,111430,1,4,0,160.0
10109802LEMOSF_2025-10-10_G11,10109802LEMOSF,2025-10-10,117855,1,2,0,2981.0
10109802LEMOSF_2025-10-10_G12,10109802LEMOSF,2025-10-10,110711,1,5,0,352.0
10109802LEMOSF_2025-10-10_G13,10109802LEMOSF,2025-10-10,117862,1,12,0,162.0
10109802LEMOSF_2025-10-10_G14,10109802LEMOSF,2025-10-10,110752,1,2,0,185.0
10109802LEMOSF_2025-10-10_G15,10109802LEMOSF,2025-10-10,117808,1,10,0,332.0
10109802LEMOSF_2025-10-10_G16,10109802LEMOSF,2025-10-10,110371,1,7,0,242.0
10109802LEMOSF_2025-10-10_G17,10109802LEMOSF,2025-10-10,110373,2,45,5,170.0
10109802LEMOSF_2025-10-10_G18,10109802LEMOSF,2025-10-10,160051,1,2,0,890.0
10109802LEMOSF_2025-10-10_G19,10109802LEMOSF,2025-10-10,110787,1,8,0,208.0
10109802LEMOSF_2025-10-10_G20,10109802LEMOSF,2025-10-10,140911,1,4,0,471.0
10109802LEMOSF_2025-10-10_G21,10109802LEMOSF,2025-10-10,140922,1,4,0,74.0
10109802LEMOSF_2025-10-10_G22,10109802LEMOSF,2025-10-10,110745,1,20,0,270.0
10109802LEMOSF_2025-10-10_G23,10109802LEMOSF,2025-10-10,111602,1,10,0,423.0
10109802LEMOSF_2025-10-10_G24,10109802LEMOSF,2025-10-10,111442,1,40,0,490.0
10109802LEMOSF_2025-10-10_G25,10109802LEMOSF,2025-10-10,117808,1,2,0,1596.0
10109802LEMOSF_2025-10-10_G26,10109802LEMOSF,2025-10-10,109643,1,4,0,186.0
10109802LEMOSF_2025-10-10_G27,10109802LEMOSF,2025-10-10,110371,1,4,0,194.0
10109802LEMOSF_2025-10-10_G28,10109802LEMOSF,2025-10-10,117832,1,4,0,290.0
10109802LEMOSF_2025-10-10_G30,10109802LEMOSF,2025-10-10,141823,1,6,0,538.0
10109802LEMOSF_2025-10-10_G31,10109802LEMOSF,2025-10-10,111466,1,6,0,151.0
10109802LEMOSF_2025-10-10_G32,10109802LEMOSF,2025-10-10,111530,1,2,0,100.0
10109802LEMOSF_2025-10-10_G33,10109802LEMOSF,2025-10-10,117862,1,2,0,37.0
10109802LEMOSF_2025-10-10_G34,10109802LEMOSF,2025-10-10,100334,1,4,0,161.0
10109802LEMOSF_2025-10-10_G35,10109802LEMOSF,2025-10-10,111438,1,4,0,74.0
10109802LEMOSF_2025-10-10_G36,10109802LEMOSF,2025-10-10,105705,1,8,0,2108.0
10109802LEMOSF_2025-10-10_G37,10109802LEMOSF,2025-10-10,110740,1,4,0,289.0
10109802LEMOSF_2025-10-10_G38,10109802LEMOSF,2025-10-10,"111435, 111532",2,20,15,333.0
10109802LEMOSF_2025-10-10_G39,10109802LEMOSF,2025-10-10,111469,4,56,33,653.0
10109802LEMOSF_2025-10-10_G40,10109802LEMOSF,2025-10-10,111466,2,16,9,852.0
10109802LEMOSF_2025-10-10_G41,10109802LEMOSF,2025-10-10,140922,3,20,28,198.0
10109802LEMOSF_2025-10-10_G42,10109802LEMOSF,2025-10-10,117832,2,10,8,1265.0
10109802LEMOSF_2025-10-10_G43,10109802LEMOSF,2025-10-10,117820,3,16,33,176.0
10109802LEMOSF_2025-10-10_G44,10109802LEMOSF,2025-10-10,111446,5,42,40,437.0
10109802LEMOSF_2025-10-10_G45,10109802LEMOSF,2025-10-10,118299,1,40,0,1525.0
10109802LEMOSF_2025-10-10_G46,10109802LEMOSF,2025-10-10,111418,1,20,0,211.0
10109802LEMOSF_2025-10-10_G47,10109802LEMOSF,2025-10-10,117808,1,50,0,156.0
10109802LEMOSF_2025-10-11_G02,10109802LEMOSF,2025-10-11,107629,1,8,0,166.0
10109802LEMOSF_2025-10-11_G03,10109802LEMOSF,2025-10-11,111530,1,26,0,629.0
10109802LEMOSF_2025-10-11_G04,10109802LEMOSF,2025-10-11,117853,1,14,0,297.0
10109802LEMOSF_2025-10-11_G05,10109802LEMOSF,2025-10-11,117935,1,2,0,85.0
10109802LEMOSF_2025-10-11_G06,10109802LEMOSF,2025-10-11,111467,1,12,0,189.0
10109802LEMOSF_2025-10-11_G07,10109802LEMOSF,2025-10-11,118094,1,4,0,249.0
10109802LEMOSF_2025-10-11_G08,10109802LEMOSF,2025-10-11,110371,1,10,0,544.0
10109802LEMOSF_2025-10-11_G09,10109802LEMOSF,2025-10-11,110373,1,30,0,217.0
10109802LEMOSF_2025-10-11_G10,10109802LEMOSF,2025-10-11,117808,1,10,0,131.0
10109802LEMOSF_2025-10-11_G11,10109802LEMOSF,2025-10-11,117820,1,15,0,140.0
10109802LEMOSF_2025-10-11_G12,10109802LEMOSF,2025-10-11,140911,1,4,0,311.0
10109802LEMOSF_2025-10-11_G13,10109802LEMOSF,2025-10-11,110742,1,10,0,3239.0
10109802LEMOSF_2025-10-11_G14,10109802LEMOSF,2025-10-11,107830,1,550,0,1380.0
10109802LEMOSF_2025-10-11_G15,10109802LEMOSF,2025-10-11,110371,1,350,0,723.0
10109802LEMOSF_2025-10-11_G16,10109802LEMOSF,2025-10-11,110339,1,150,0,898.0
10109802LEMOSF_2025-10-11_G17,10109802LEMOSF,2025-10-11,108794,1,300,0,1041.0
10109802LEMOSF_2025-10-11_G18,10109802LEMOSF,2025-10-11,105705,1,20,0,1149.0
10109802LEMOSF_2025-10-11_G19,10109802LEMOSF,2025-10-11,108711,1,60,0,490.0
10109802LEMOSF_2025-10-11_G21,10109802LEMOSF,2025-10-11,111530,1,10,0,156.0
10109802LEMOSF_2025-10-11_G22,10109802LEMOSF,2025-10-11,111466,1,96,0,167.0
10109802LEMOSF_2025-10-13_G02,10109802LEMOSF,2025-10-13,105705,1,12,0,208.0
10109802LEMOSF_2025-10-13_G03,10109802LEMOSF,2025-10-13,141457,1,8,0,131.0
10109802LEMOSF_2025-10-13_G04,10109802LEMOSF,2025-10-13,111532,1,20,0,61.0
10109802LEMOSF_2025-10-13_G05,10109802LEMOSF,2025-10-13,117842,1,3,0,343.0
10109802LEMOSF_2025-10-13_G06,10109802LEMOSF,2025-10-13,111418,1,65,0,287.0
10109802LEMOSF_2025-10-13_G07,10109802LEMOSF,2025-10-13,118317,1,1,0,88.0
10109802LEMOSF_2025-10-13_G08,10109802LEMOSF,2025-10-13,111172,1,4,0,204.0
10109802LEMOSF_2025-10-13_G09,10109802LEMOSF,2025-10-13,141458,1,15,0,34.0
10109802LEMOSF_2025-10-13_G10,10109802LEMOSF,2025-10-13,118140,1,60,0,947.0
10109802LEMOSF_2025-10-13_G11,10109802LEMOSF,2025-10-13,110374,1,7,0,228.0
10109802LEMOSF_2025-10-13_G12,10109802LEMOSF,2025-10-13,110373,1,80,0,563.0
10109802LEMOSF_2025-10-13_G13,10109802LEMOSF,2025-10-13,117808,1,300,0,208.0
10109802LEMOSF_2025-10-13_G14,10109802LEMOSF,2025-10-13,110372,1,80,0,501.0
10109802LEMOSF_2025-10-13_G15,10109802LEMOSF,2025-10-13,118299,1,100,0,411.0
10109802LEMOSF_2025-10-13_G16,10109802LEMOSF,2025-10-13,117820,1,30,0,227.0
10109802LEMOSF_2025-10-13_G17,10109802LEMOSF,2025-10-13,117809,1,30,0,301.0
10109802LEMOSF_2025-10-13_G18,10109802LEMOSF,2025-10-13,141456,1,30,0,580.0
10109802LEMOSF_2025-10-13_G19,10109802LEMOSF,2025-10-13,105705,1,6,0,404.0
10109802LEMOSF_2025-10-13_G20,10109802LEMOSF,2025-10-13,118140,1,70,0,232.0
10109802LEMOSF_2025-10-13_G21,10109802LEMOSF,2025-10-13,111418,1,50,0,406.0
10109802LEMOSF_2025-10-13_G22,10109802LEMOSF,2025-10-13,111443,1,8,0,439.0
10109802LEMOSF_2025-10-13_G23,10109802LEMOSF,2025-10-13,110740,2,22,8,331.0
10109802LEMOSF_2025-10-13_G24,10109802LEMOSF,2025-10-13,111418,1,17,0,346.0
10109802LEMOSF_2025-10-13_G25,10109802LEMOSF,2025-10-13,111743,1,11,0,618.0
10109802LEMOSF_2025-10-13_G26,10109802LEMOSF,2025-10-13,111431,1,4,0,334.0
10109802LEMOSF_2025-10-13_G27,10109802LEMOSF,2025-10-13,111466,1,16,0,237.0
10109802LEMOSF_2025-10-13_G28,10109802LEMOSF,2025-10-13,116241,1,16,0,396.0
10109802LEMOSF_2025-10-13_G29,10109802LEMOSF,2025-10-13,117831,1,16,0,174.0
10109802LEMOSF_2025-10-13_G30,10109802LEMOSF,2025-10-13,117855,1,22,0,1404.0
10109802LEMOSF_2025-10-13_G31,10109802LEMOSF,2025-10-13,110711,1,16,0,163.0
10109802LEMOSF_2025-10-13_G32,10109802LEMOSF,2025-10-13,117786,1,5,0,161.0
10109802LEMOSF_2025-10-13_G33,10109802LEMOSF,2025-10-13,117837,1,6,0,102.0
10109802LEMOSF_2025-10-13_G35,10109802LEMOSF,2025-10-13,111466,1,5,0,538.0
10109802LEMOSF_2025-10-13_G36,10109802LEMOSF,2025-10-13,110745,1,4,0,128.0
10109802LEMOSF_2025-10-13_G37,10109802LEMOSF,2025-10-13,110372,2,14,19,74.0
10109802LEMOSF_2025-10-13_G38,10109802LEMOSF,2025-10-13,110339,1,4,0,135.0
10109802LEMOSF_2025-10-13_G39,10109802LEMOSF,2025-10-13,118222,2,16,6,280.0
10109802LEMOSF_2025-10-13_G40,10109802LEMOSF,2025-10-13,118299,1,800,0,3230.0
10109802LEMOSF_2025-10-14_G02,10109802LEMOSF,2025-10-14,110740,1,6,0,84.0
10109802LEMOSF_2025-10-14_G03,10109802LEMOSF,2025-10-14,108711,1,8,0,230.0
10109802LEMOSF_2025-10-14_G04,10109802LEMOSF,2025-10-14,141457,1,28,0,238.0
10109802LEMOSF_2025-10-14_G05,10109802LEMOSF,2025-10-14,108798,1,2,0,68.0
10109802LEMOSF_2025-10-14_G06,10109802LEMOSF,2025-10-14,111431,1,4,0,89.0
10109802LEMOSF_2025-10-14_G07,10109802LEMOSF,2025-10-14,108794,1,3,0,114.0
10109802LEMOSF_2025-10-14_G08,10109802LEMOSF,2025-10-14,118223,1,2,0,86.0
10109802LEMOSF_2025-10-14_G09,10109802LEMOSF,2025-10-14,111466,1,18,0,297.0
10109802LEMOSF_2025-10-14_G10,10109802LEMOSF,2025-10-14,117821,1,18,0,233.0
10109802LEMOSF_2025-10-14_G11,10109802LEMOSF,2025-10-14,117831,1,27,0,278.0
10109802LEMOSF_2025-10-14_G12,10109802LEMOSF,2025-10-14,110745,1,4,0,224.0
10109802LEMOSF_2025-10-14_G13,10109802LEMOSF,2025-10-14,111468,1,4,0,114.0
10109802LEMOSF_2025-10-14_G14,10109802LEMOSF,2025-10-14,117840,1,2,0,157.0
10109802LEMOSF_2025-10-14_G15,10109802LEMOSF,2025-10-14,110373,1,125,0,155.0
10109802LEMOSF_2025-10-14_G16,10109802LEMOSF,2025-10-14,117832,1,63,0,449.0
10109802LEMOSF_2025-10-14_G17,10109802LEMOSF,2025-10-14,110371,1,218,0,397.0
10109802LEMOSF_2025-10-14_G18,10109802LEMOSF,2025-10-14,118299,1,202,0,429.0
10109802LEMOSF_2025-10-14_G19,10109802LEMOSF,2025-10-14,117809,1,30,0,649.0
10109802LEMOSF_2025-10-14_G20,10109802LEMOSF,2025-10-14,111743,1,13,0,2112.0
10109802LEMOSF_2025-10-14_G21,10109802LEMOSF,2025-10-14,141456,1,14,0,242.0
10109802LEMOSF_2025-10-14_G22,10109802LEMOSF,2025-10-14,111463,1,95,0,1176.0
10109802LEMOSF_2025-10-14_G23,10109802LEMOSF,2025-10-14,111532,1,52,0,305.0
10109802LEMOSF_2025-10-14_G24,10109802LEMOSF,2025-10-14,141458,1,4,0,463.0
10109802LEMOSF_2025-10-14_G25,10109802LEMOSF,2025-10-14,"107236, 110745",2,7,17,84.0
10109802LEMOSF_2025-10-14_G26,10109802LEMOSF,2025-10-14,110372,2,35,10,269.0
10109802LEMOSF_2025-10-14_G27,10109802LEMOSF,2025-10-14,107830,1,14,0,265.0
10109802LEMOSF_2025-10-14_G28,10109802LEMOSF,2025-10-14,117820,1,91,0,554.0
10109802LEMOSF_2025-10-14_G29,10109802LEMOSF,2025-10-14,118299,1,146,0,288.0
10109802LEMOSF_2025-10-14_G31,10109802LEMOSF,2025-10-14,140923,1,5,0,284.0
10109802LEMOSF_2025-10-14_G32,10109802LEMOSF,2025-10-14,110711,4,7,22,117.0
10109802LEMOSF_2025-10-14_G33,10109802LEMOSF,2025-10-14,110339,1,1,0,139.0
10109802LEMOSF_2025-10-14_G34,10109802LEMOSF,2025-10-14,111467,1,1,0,57.0
10109802LEMOSF_2025-10-14_G35,10109802LEMOSF,2025-10-14,117786,1,4,0,161.0
10109802LEMOSF_2025-10-14_G36,10109802LEMOSF,2025-10-14,110372,2,31,9,499.0
10109802LEMOSF_2025-10-14_G37,10109802LEMOSF,2025-10-14,109643,1,8,0,503.0
10109802LEMOSF_2025-10-14_G38,10109802LEMOSF,2025-10-14,110373,1,3,0,77.0
10109802LEMOSF_2025-10-14_G39,10109802LEMOSF,2025-10-14,110325,1,14,0,337.0
10109802LEMOSF_2025-10-14_G40,10109802LEMOSF,2025-10-14,110373,1,2,0,175.0
10109802LEMOSF_2025-10-14_G41,10109802LEMOSF,2025-10-14,111433,1,2,0,308.0
10109802LEMOSF_2025-10-14_G42,10109802LEMOSF,2025-10-14,118094,1,10,0,103.0
10109802LEMOSF_2025-10-14_G43,10109802LEMOSF,2025-10-14,111530,1,92,0,303.0
10109802LEMOSF_2025-10-14_G44,10109802LEMOSF,2025-10-14,117786,1,6,0,498.0
10109802LEMOSF_2025-10-14_G45,10109802LEMOSF,2025-10-14,117808,1,2,0,2853.0
10109802LEMOSF_2025-10-14_G46,10109802LEMOSF,2025-10-14,"110371, 118299",2,8,25,175.0
10109802LEMOSF_2025-10-14_G47,10109802LEMOSF,2025-10-14,111463,1,2,0,190.0
10109802LEMOSF_2025-10-14_G48,10109802LEMOSF,2025-10-14,117821,1,4,0,82.0
10109802LEMOSF_2025-10-14_G49,10109802LEMOSF,2025-10-14,140922,1,4,0,130.0
10109802LEMOSF_2025-10-14_G50,10109802LEMOSF,2025-10-14,117855,1,2,0,134.0
10109802LEMOSF_2025-10-14_G51,10109802LEMOSF,2025-10-14,117862,1,1,0,65.0
10109802LEMOSF_2025-10-14_G52,10109802LEMOSF,2025-10-14,111602,1,4,0,182.0
10109802LEMOSF_2025-10-14_G53,10109802LEMOSF,2025-10-14,100334,1,3,0,114.0
10109802LEMOSF_2025-10-14_G54,10109802LEMOSF,2025-10-14,111438,1,12,0,111.0
10109802LEMOSF_2025-10-14_G55,10109802LEMOSF,2025-10-14,111569,1,11,0,289.0
10109802LEMOSF_2025-10-14_G56,10109802LEMOSF,2025-10-14,118222,1,10,0,518.0
10109802LEMOSF_2025-10-15_G02,10109802LEMOSF,2025-10-15,117861,1,460,0,853.0
10109802LEMOSF_2025-10-15_G03,10109802LEMOSF,2025-10-15,111465,1,202,0,624.0
10109802LEMOSF_2025-10-15_G04,10109802LEMOSF,2025-10-15,141458,1,13,0,550.0
10109802LEMOSF_2025-10-15_G05,10109802LEMOSF,2025-10-15,111468,2,150,7,829.0
10109802LEMOSF_2025-10-16_G02,10109802LEMOSF,2025-10-16,111443,1,4,0,1107.0
10109802LEMOSF_2025-10-16_G03,10109802LEMOSF,2025-10-16,140922,1,30,0,596.0
10109802LEMOSF_2025-10-16_G04,10109802LEMOSF,2025-10-16,110371,1,4,0,278.0
10109802LEMOSF_2025-10-16_G05,10109802LEMOSF,2025-10-16,110373,1,4,0,102.0
10109802LEMOSF_2025-10-16_G06,10109802LEMOSF,2025-10-16,117787,1,2,0,471.0
10109802LEMOSF_2025-10-16_G07,10109802LEMOSF,2025-10-16,141456,1,12,0,1392.0
10109802LEMOSF_2025-10-16_G08,10109802LEMOSF,2025-10-16,111466,1,8,0,158.0
10109802LEMOSF_2025-10-16_G09,10109802LEMOSF,2025-10-16,108711,1,6,0,265.0
10109802LEMOSF_2025-10-16_G10,10109802LEMOSF,2025-10-16,141457,1,6,0,138.0
10109802LEMOSF_2025-10-16_G11,10109802LEMOSF,2025-10-16,111442,1,2,0,107.0
10109802LEMOSF_2025-10-16_G12,10109802LEMOSF,2025-10-16,110371,1,2,0,1928.0
10109802LEMOSF_2025-10-16_G13,10109802LEMOSF,2025-10-16,117832,1,4,0,107.0
10109802LEMOSF_2025-10-16_G14,10109802LEMOSF,2025-10-16,110373,2,4,10,177.0
10109802LEMOSF_2025-10-16_G15,10109802LEMOSF,2025-10-16,140922,2,10,13,338.0
10109802LEMOSF_2025-10-16_G16,10109802LEMOSF,2025-10-16,117821,1,4,0,90.0
10109802LEMOSF_2025-10-16_G17,10109802LEMOSF,2025-10-16,109974,1,4,0,2305.0
10109802LEMOSF_2025-10-16_G18,10109802LEMOSF,2025-10-16,111705,1,2,0,87.0
10109802LEMOSF_2025-10-16_G19,10109802LEMOSF,2025-10-16,110080,1,5,0,762.0
10109802LEMOSF_2025-10-17_G02,10109802LEMOSF,2025-10-17,140922,1,4,0,374.0
10109802LEMOSF_2025-10-17_G03,10109802LEMOSF,2025-10-17,117831,1,4,0,71.0
10109802LEMOSF_2025-10-17_G04,10109802LEMOSF,2025-10-17,111465,1,8,0,310.0
10109802LEMOSF_2025-10-17_G05,10109802LEMOSF,2025-10-17,118140,1,6,0,672.0
10109802LEMOSF_2025-10-17_G06,10109802LEMOSF,2025-10-17,140922,1,2,0,73.0
10109802LEMOSF_2025-10-17_G07,10109802LEMOSF,2025-10-17,118140,1,4,0,450.0
10109802LEMOSF_2025-10-17_G08,10109802LEMOSF,2025-10-17,141823,1,4,0,178.0
10109802LEMOSF_2025-10-17_G09,10109802LEMOSF,2025-10-17,140922,1,4,0,118.0
10109802LEMOSF_2025-10-17_G10,10109802LEMOSF,2025-10-17,110733,1,2,0,1166.0
10109802LEMOSF_2025-10-17_G11,10109802LEMOSF,2025-10-17,118140,1,8,0,472.0
10109802LEMOSF_2025-10-17_G12,10109802LEMOSF,2025-10-17,111743,1,4,0,117.0
10109802LEMOSF_2025-10-17_G13,10109802LEMOSF,2025-10-17,141823,1,6,0,113.0
10109802LEMOSF_2025-10-17_G14,10109802LEMOSF,2025-10-17,140922,1,4,0,94.0
10109802LEMOSF_2025-10-17_G15,10109802LEMOSF,2025-10-17,111743,1,4,0,1373.0
10109802LEMOSF_2025-10-17_G16,10109802LEMOSF,2025-10-17,141823,1,4,0,110.0
10109802LEMOSF_2025-10-17_G17,10109802LEMOSF,2025-10-17,118140,1,4,0,87.0
10109802LEMOSF_2025-10-17_G18,10109802LEMOSF,2025-10-17,111466,1,4,0,159.0
10109802LEMOSF_2025-10-17_G19,10109802LEMOSF,2025-10-17,117820,1,4,0,130.0
10109802LEMOSF_2025-10-17_G20,10109802LEMOSF,2025-10-17,118140,1,8,0,497.0
10109802LEMOSF_2025-10-17_G21,10109802LEMOSF,2025-10-17,111743,1,4,0,100.0
10109802LEMOSF_2025-10-17_G22,10109802LEMOSF,2025-10-17,108795,1,8,0,100.0
10109802LEMOSF_2025-10-17_G23,10109802LEMOSF,2025-10-17,141823,1,8,0,104.0
10109802LEMOSF_2025-10-17_G24,10109802LEMOSF,2025-10-17,140922,1,11,0,262.0
10109802LEMOSF_2025-10-17_G25,10109802LEMOSF,2025-10-17,110733,1,8,0,430.0
10109802LEMOSF_2025-10-17_G26,10109802LEMOSF,2025-10-17,118140,1,8,0,276.0
10109802LEMOSF_2025-10-17_G27,10109802LEMOSF,2025-10-17,108711,1,10,0,209.0
10109802LEMOSF_2025-10-17_G28,10109802LEMOSF,2025-10-17,140922,2,18,25,67.0
10109802LEMOSF_2025-10-17_G29,10109802LEMOSF,2025-10-17,"110711, 110733",2,20,28,235.0
10109802LEMOSF_2025-10-17_G30,10109802LEMOSF,2025-10-17,111440,1,8,0,118.0
10109802LEMOSF_2025-10-17_G31,10109802LEMOSF,2025-10-17,118140,1,4,0,220.0
10109802LEMOSF_2025-10-17_G32,10109802LEMOSF,2025-10-17,111743,1,5,0,99.0
10109802LEMOSF_2025-10-17_G33,10109802LEMOSF,2025-10-17,141823,1,8,0,87.0
10109802LEMOSF_2025-10-17_G34,10109802LEMOSF,2025-10-17,140922,1,2,0,110.0
10109802LEMOSF_2025-10-17_G35,10109802LEMOSF,2025-10-17,110733,1,4,0,73.0
10109802LEMOSF_2025-10-17_G37,10109802LEMOSF,2025-10-17,117809,1,2,0,114.0
10109802LEMOSF_2025-10-17_G38,10109802LEMOSF,2025-10-17,105705,1,4,0,180.0
10109802LEMOSF_2025-10-17_G39,10109802LEMOSF,2025-10-17,110755,1,1,0,79.0
10109802LEMOSF_2025-10-17_G40,10109802LEMOSF,2025-10-17,117832,1,4,0,987.0
10109802LEMOSF_2025-10-17_G41,10109802LEMOSF,2025-10-17,117808,1,221,0,413.0
10109802LEMOSF_2025-10-17_G42,10109802LEMOSF,2025-10-17,110371,1,14,0,757.0
10109802LEMOSF_2025-10-17_G43,10109802LEMOSF,2025-10-17,117821,1,8,0,160.0
10109802LEMOSF_2025-10-17_G44,10109802LEMOSF,2025-10-17,111468,1,4,0,129.0
10109802LEMOSF_2025-10-17_G45,10109802LEMOSF,2025-10-17,110747,1,8,0,187.0
10109802LEMOSF_2025-10-17_G46,10109802LEMOSF,2025-10-17,141155,1,12,0,2104.0
10109802LEMOSF_2025-10-17_G47,10109802LEMOSF,2025-10-17,111741,1,4,0,127.0
10109802LEMOSF_2025-10-17_G48,10109802LEMOSF,2025-10-17,110371,1,2,0,220.0
10109802LEMOSF_2025-10-17_G49,10109802LEMOSF,2025-10-17,117809,1,2,0,69.0
10109802LEMOSF_2025-10-17_G50,10109802LEMOSF,2025-10-17,117832,1,6,0,336.0
10109802LEMOSF_2025-10-17_G51,10109802LEMOSF,2025-10-17,117808,1,145,0,344.0
10109802LEMOSF_2025-10-17_G52,10109802LEMOSF,2025-10-17,111182,1,4,0,331.0
10109802LEMOSF_2025-10-17_G53,10109802LEMOSF,2025-10-17,118317,1,2,0,71.0
10109802LEMOSF_2025-10-17_G54,10109802LEMOSF,2025-10-17,118222,1,16,0,394.0
10109802LEMOSF_2025-10-18_G02,10109802LEMOSF,2025-10-18,111443,1,44,0,273.0
10109802LEMOSF_2025-10-18_G03,10109802LEMOSF,2025-10-18,110740,1,8,0,634.0
10109802LEMOSF_2025-10-18_G04,10109802LEMOSF,2025-10-18,118223,1,24,0,95.0
10109802LEMOSF_2025-10-18_G05,10109802LEMOSF,2025-10-18,117785,1,4,0,518.0
10109802LEMOSF_2025-10-18_G06,10109802LEMOSF,2025-10-18,109640,1,8,0,132.0
10109802LEMOSF_2025-10-18_G07,10109802LEMOSF,2025-10-18,118140,1,4,0,1000.0
10109802LEMOSF_2025-10-18_G08,10109802LEMOSF,2025-10-18,111466,1,4,0,216.0
10109802LEMOSF_2025-10-18_G09,10109802LEMOSF,2025-10-18,110740,1,12,0,97.0
10109802LEMOSF_2025-10-18_G10,10109802LEMOSF,2025-10-18,118223,1,36,0,276.0
10109802LEMOSF_2025-10-18_G11,10109802LEMOSF,2025-10-18,108711,1,4,0,1037.0
10109802LEMOSF_2025-10-18_G12,10109802LEMOSF,2025-10-18,108795,1,2,0,1406.0
10109802LEMOSF_2025-10-18_G13,10109802LEMOSF,2025-10-18,108711,1,4,0,101.0
10109802LEMOSF_2025-10-18_G14,10109802LEMOSF,2025-10-18,118140,1,4,0,114.0
10109802LEMOSF_2025-10-18_G15,10109802LEMOSF,2025-10-18,111466,1,4,0,124.0
10109802LEMOSF_2025-10-18_G16,10109802LEMOSF,2025-10-18,110711,1,4,0,103.0
10109802LEMOSF_2025-10-18_G17,10109802LEMOSF,2025-10-18,110733,1,2,0,62.0
10109802LEMOSF_2025-10-18_G18,10109802LEMOSF,2025-10-18,118140,1,210,0,2723.0
10109802LEMOSF_2025-10-18_G19,10109802LEMOSF,2025-10-18,117785,1,4,0,248.0
10109802LEMOSF_2025-10-18_G20,10109802LEMOSF,2025-10-18,108770,1,9,0,262.0
10109802LEMOSF_2025-10-18_G21,10109802LEMOSF,2025-10-18,110552,1,2,0,235.0
10109802LEMOSF_2025-10-18_G23,10109802LEMOSF,2025-10-18,141457,1,4,0,112.0
10109802LEMOSF_2025-10-18_G24,10109802LEMOSF,2025-10-18,108794,1,4,0,148.0
10109802LEMOSF_2025-10-18_G25,10109802LEMOSF,2025-10-18,109641,1,14,0,75.0
10109802LEMOSF_2025-10-18_G26,10109802LEMOSF,2025-10-18,111468,1,2,0,157.0
10109802LEMOSF_2025-10-18_G27,10109802LEMOSF,2025-10-18,111530,1,2,0,64.0
10109802LEMOSF_2025-10-18_G28,10109802LEMOSF,2025-10-18,109640,1,6,0,194.0
10109802LEMOSF_2025-10-18_G29,10109802LEMOSF,2025-10-18,111743,1,2,0,692.0
10109802LEMOSF_2025-10-18_G30,10109802LEMOSF,2025-10-18,108711,1,4,0,170.0
10109802LEMOSF_2025-10-18_G31,10109802LEMOSF,2025-10-18,141823,1,4,0,84.0
10109802LEMOSF_2025-10-18_G32,10109802LEMOSF,2025-10-18,111418,1,4,0,166.0
10109802LEMOSF_2025-10-18_G33,10109802LEMOSF,2025-10-18,118140,1,4,0,107.0
10109802LEMOSF_2025-10-18_G34,10109802LEMOSF,2025-10-18,111465,1,4,0,83.0
10109802LEMOSF_2025-10-21_G02,10109802LEMOSF,2025-10-21,109645,1,190,0,674.0
10109802LEMOSF_2025-10-21_G03,10109802LEMOSF,2025-10-21,110743,1,30,0,307.0
10109802LEMOSF_2025-10-21_G04,10109802LEMOSF,2025-10-21,111466,1,90,0,570.0
10109802LEMOSF_2025-10-21_G05,10109802LEMOSF,2025-10-21,111466,1,426,0,226.0
10109802LEMOSF_2025-10-21_G06,10109802LEMOSF,2025-10-21,107236,1,9,0,1010.0
10109802LEMOSF_2025-10-21_G07,10109802LEMOSF,2025-10-21,111602,1,70,0,145.0
10109802LEMOSF_2025-10-21_G08,10109802LEMOSF,2025-10-21,110741,1,50,0,180.0
10109802LEMOSF_2025-10-22_G02,10109802LEMOSF,2025-10-22,111850,1,6,0,176.0
10109802LEMOSF_2025-10-22_G03,10109802LEMOSF,2025-10-22,110743,1,4,0,131.0
10109802LEMOSF_2025-10-22_G04,10109802LEMOSF,2025-10-22,141202,1,13,0,263.0
10109802LEMOSF_2025-10-22_G05,10109802LEMOSF,2025-10-22,110372,1,121,0,253.0
10109802LEMOSF_2025-10-22_G06,10109802LEMOSF,2025-10-22,111462,1,77,0,936.0
10109802LEMOSF_2025-10-22_G07,10109802LEMOSF,2025-10-22,141202,1,12,0,433.0
10109802LEMOSF_2025-10-22_G08,10109802LEMOSF,2025-10-22,111463,1,16,0,256.0
10109802LEMOSF_2025-10-22_G09,10109802LEMOSF,2025-10-22,140923,1,12,0,427.0
10109802LEMOSF_2025-10-22_G10,10109802LEMOSF,2025-10-22,141202,1,4,0,300.0
10109802LEMOSF_2025-10-22_G11,10109802LEMOSF,2025-10-22,141202,1,4,0,65.0
10109802LEMOSF_2025-10-22_G12,10109802LEMOSF,2025-10-22,110787,1,5,0,265.0
10109802LEMOSF_2025-10-22_G13,10109802LEMOSF,2025-10-22,107830,1,10,0,910.0
10109802LEMOSF_2025-10-22_G14,10109802LEMOSF,2025-10-22,110372,1,6,0,249.0
10109802LEMOSF_2025-10-22_G15,10109802LEMOSF,2025-10-22,110373,1,40,0,414.0
10109802LEMOSF_2025-10-22_G16,10109802LEMOSF,2025-10-22,108711,1,9,0,175.0
10109802LEMOSF_2025-10-22_G17,10109802LEMOSF,2025-10-22,111462,1,4,0,97.0
10109802LEMOSF_2025-10-22_G18,10109802LEMOSF,2025-10-22,117785,1,21,0,180.0
10109802LEMOSF_2025-10-22_G19,10109802LEMOSF,2025-10-22,118222,1,18,0,226.0
10109802LEMOSF_2025-10-22_G20,10109802LEMOSF,2025-10-22,111660,1,12,0,1157.0
10109802LEMOSF_2025-10-22_G21,10109802LEMOSF,2025-10-22,117786,1,10,0,108.0
10109802LEMOSF_2025-10-22_G22,10109802LEMOSF,2025-10-22,141202,1,8,0,242.0
10109802LEMOSF_2025-10-22_G23,10109802LEMOSF,2025-10-22,141202,2,8,14,476.0
10109802LEMOSF_2025-10-22_G24,10109802LEMOSF,2025-10-22,109933,1,3,0,106.0
10109802LEMOSF_2025-10-22_G25,10109802LEMOSF,2025-10-22,118222,1,4,0,240.0
10109802LEMOSF_2025-10-22_G27,10109802LEMOSF,2025-10-22,111743,1,4,0,132.0
10109802LEMOSF_2025-10-22_G28,10109802LEMOSF,2025-10-22,141823,1,2,0,84.0
10109802LEMOSF_2025-10-22_G29,10109802LEMOSF,2025-10-22,108711,1,3,0,102.0
10109802LEMOSF_2025-10-22_G30,10109802LEMOSF,2025-10-22,117935,1,5,0,187.0
10109802LEMOSF_2025-10-22_G31,10109802LEMOSF,2025-10-22,111530,1,13,0,182.0
10109802LEMOSF_2025-10-22_G32,10109802LEMOSF,2025-10-22,111530,1,2,0,80.0
10109802LEMOSF_2025-10-22_G33,10109802LEMOSF,2025-10-22,117820,1,4,0,135.0
10109802LEMOSF_2025-10-22_G34,10109802LEMOSF,2025-10-22,141202,1,3,0,119.0
10109802LEMOSF_2025-10-22_G35,10109802LEMOSF,2025-10-22,117835,1,4,0,592.0
10109802LEMOSF_2025-10-22_G36,10109802LEMOSF,2025-10-22,116527,1,4,0,71.0
10109802LEMOSF_2025-10-22_G37,10109802LEMOSF,2025-10-22,111660,1,4,0,69.0
10109802LEMOSF_2025-10-22_G38,10109802LEMOSF,2025-10-22,110755,1,8,0,153.0
10109802LEMOSF_2025-10-22_G39,10109802LEMOSF,2025-10-22,117835,1,8,0,321.0
10109802LEMOSF_2025-10-22_G40,10109802LEMOSF,2025-10-22,117832,1,8,0,1909.0
10109802LEMOSF_2025-10-22_G41,10109802LEMOSF,2025-10-22,118140,1,20,0,325.0
10109802LEMOSF_2025-10-22_G42,10109802LEMOSF,2025-10-22,111743,1,8,0,353.0
10109802LEMOSF_2025-10-22_G43,10109802LEMOSF,2025-10-22,111469,1,40,0,453.0
10109802LEMOSF_2025-10-22_G44,10109802LEMOSF,2025-10-22,111465,1,8,0,369.0
10109802LEMOSF_2025-10-22_G45,10109802LEMOSF,2025-10-22,111442,1,2,0,110.0
10109802LEMOSF_2025-10-22_G46,10109802LEMOSF,2025-10-22,111879,1,632,0,1756.0
10109802LEMOSF_2025-10-23_G02,10109802LEMOSF,2025-10-23,117830,1,50,0,349.0
10109802LEMOSF_2025-10-23_G03,10109802LEMOSF,2025-10-23,118094,1,4,0,292.0
10109802LEMOSF_2025-10-23_G04,10109802LEMOSF,2025-10-23,111462,1,4,0,295.0
10109802LEMOSF_2025-10-23_G05,10109802LEMOSF,2025-10-23,"141456, 118140",2,5,21,1466.0
10109802LEMOSF_2025-10-23_G06,10109802LEMOSF,2025-10-23,117831,1,3,0,163.0
10109802LEMOSF_2025-10-23_G07,10109802LEMOSF,2025-10-23,111463,1,5,0,142.0
10109802LEMOSF_2025-10-23_G08,10109802LEMOSF,2025-10-23,111182,1,3,0,116.0
10109802LEMOSF_2025-10-23_G09,10109802LEMOSF,2025-10-23,140922,1,8,0,87.0
10109802LEMOSF_2025-10-23_G10,10109802LEMOSF,2025-10-23,141457,1,4,0,96.0
10109802LEMOSF_2025-10-23_G11,10109802LEMOSF,2025-10-23,111462,1,7,0,416.0
10109802LEMOSF_2025-10-23_G12,10109802LEMOSF,2025-10-23,141458,1,3,0,160.0
10109802LEMOSF_2025-10-23_G13,10109802LEMOSF,2025-10-23,140923,1,2,0,245.0
10109802LEMOSF_2025-10-23_G14,10109802LEMOSF,2025-10-23,117862,1,5,0,161.0
10109802LEMOSF_2025-10-23_G15,10109802LEMOSF,2025-10-23,117786,1,6,0,144.0
10109802LEMOSF_2025-10-23_G16,10109802LEMOSF,2025-10-23,111602,1,8,0,162.0
10109802LEMOSF_2025-10-23_G17,10109802LEMOSF,2025-10-23,117837,1,4,0,660.0
10109802LEMOSF_2025-10-23_G18,10109802LEMOSF,2025-10-23,110373,1,6,0,648.0
10109802LEMOSF_2025-10-23_G19,10109802LEMOSF,2025-10-23,110325,1,3,0,72.0
10109802LEMOSF_2025-10-23_G20,10109802LEMOSF,2025-10-23,118222,1,2,0,110.0
10109802LEMOSF_2025-10-23_G21,10109802LEMOSF,2025-10-23,111660,1,2,0,255.0
10109802LEMOSF_2025-10-23_G22,10109802LEMOSF,2025-10-23,111569,1,3,0,87.0
10109802LEMOSF_2025-10-23_G23,10109802LEMOSF,2025-10-23,118299,1,350,0,1768.0
10109802LEMOSF_2025-10-23_G24,10109802LEMOSF,2025-10-23,110371,1,30,0,716.0
10109802LEMOSF_2025-10-23_G26,10109802LEMOSF,2025-10-23,108772,1,96,0,203.0
10109802LEMOSF_2025-10-23_G27,10109802LEMOSF,2025-10-23,124592,1,54,0,534.0
10109802LEMOSF_2025-10-23_G28,10109802LEMOSF,2025-10-23,118094,1,6,0,700.0
10109802LEMOSF_2025-10-23_G29,10109802LEMOSF,2025-10-23,110339,1,6,0,134.0
10109802LEMOSF_2025-10-24_G02,10109802LEMOSF,2025-10-24,110375,1,8,0,147.0
10109802LEMOSF_2025-10-24_G03,10109802LEMOSF,2025-10-24,111462,1,4,0,339.0
10109802LEMOSF_2025-10-24_G04,10109802LEMOSF,2025-10-24,117820,1,11,0,159.0
10109802LEMOSF_2025-10-24_G05,10109802LEMOSF,2025-10-24,117808,2,17,6,192.0
10109802LEMOSF_2025-10-24_G06,10109802LEMOSF,2025-10-24,111330,1,6,0,592.0
10109802LEMOSF_2025-10-24_G07,10109802LEMOSF,2025-10-24,110313,1,3,0,138.0
10109802LEMOSF_2025-10-24_G08,10109802LEMOSF,2025-10-24,118222,1,6,0,214.0
10109802LEMOSF_2025-10-24_G09,10109802LEMOSF,2025-10-24,110373,1,25,0,183.0
10109802LEMOSF_2025-10-24_G10,10109802LEMOSF,2025-10-24,111602,1,10,0,373.0
10109802LEMOSF_2025-10-24_G11,10109802LEMOSF,2025-10-24,111602,1,8,0,374.0
10109802LEMOSF_2025-10-24_G12,10109802LEMOSF,2025-10-24,111602,1,8,0,238.0
10109802LEMOSF_2025-10-24_G13,10109802LEMOSF,2025-10-24,108795,1,6,0,262.0
10109802LEMOSF_2025-10-24_G14,10109802LEMOSF,2025-10-24,111602,1,4,0,312.0
10109802LEMOSF_2025-10-24_G15,10109802LEMOSF,2025-10-24,118418,1,1,0,181.0
10109802LEMOSF_2025-10-24_G16,10109802LEMOSF,2025-10-24,118416,1,2,0,88.0
10109802LEMOSF_2025-10-24_G17,10109802LEMOSF,2025-10-24,109643,1,60,0,1830.0
10109802LEMOSF_2025-10-24_G18,10109802LEMOSF,2025-10-24,117820,1,50,0,368.0
10109802LEMOSF_2025-10-24_G19,10109802LEMOSF,2025-10-24,107830,1,50,0,317.0
10109802LEMOSF_2025-10-24_G20,10109802LEMOSF,2025-10-24,117832,1,80,0,411.0
10109802LEMOSF_2025-10-24_G21,10109802LEMOSF,2025-10-24,110376,1,10,0,180.0
10109802LEMOSF_2025-10-24_G22,10109802LEMOSF,2025-10-24,110373,1,100,0,342.0
10109802LEMOSF_2025-10-24_G23,10109802LEMOSF,2025-10-24,141035,1,12,0,572.0
10109802LEMOSF_2025-10-24_G24,10109802LEMOSF,2025-10-24,110711,1,50,0,389.0
10109802LEMOSF_2025-10-24_G25,10109802LEMOSF,2025-10-24,117853,1,20,0,830.0
10109802LEMOSF_2025-10-24_G26,10109802LEMOSF,2025-10-24,110733,1,40,0,113.0
10109802LEMOSF_2025-10-24_G27,10109802LEMOSF,2025-10-24,141066,1,12,0,350.0
10109802LEMOSF_2025-10-24_G28,10109802LEMOSF,2025-10-24,110339,1,30,0,240.0
10109802LEMOSF_2025-10-24_G30,10109802LEMOSF,2025-10-24,117808,1,380,0,736.0
10109802LEMOSF_2025-10-24_G31,10109802LEMOSF,2025-10-24,110372,1,463,0,755.0
10109802LEMOSF_2025-10-24_G32,10109802LEMOSF,2025-10-24,117820,1,28,0,1498.0
10109802LEMOSF_2025-10-24_G33,10109802LEMOSF,2025-10-24,117830,1,10,0,179.0
10109802LEMOSF_2025-10-24_G34,10109802LEMOSF,2025-10-24,117808,1,20,0,115.0
10109802LEMOSF_2025-10-24_G35,10109802LEMOSF,2025-10-24,117808,1,324,0,248.0
10109802LEMOSF_2025-10-24_G36,10109802LEMOSF,2025-10-24,117822,1,2,0,444.0
10109802LEMOSF_2025-10-24_G37,10109802LEMOSF,2025-10-24,111446,1,4,0,122.0
10109802LEMOSF_2025-10-24_G38,10109802LEMOSF,2025-10-24,141456,1,6,0,224.0
10109802LEMOSF_2025-10-24_G39,10109802LEMOSF,2025-10-24,111466,1,14,0,74.0
10109802LEMOSF_2025-10-24_G40,10109802LEMOSF,2025-10-24,111463,1,21,0,158.0
10109802LEMOSF_2025-10-24_G41,10109802LEMOSF,2025-10-24,110751,1,2,0,168.0
10109802LEMOSF_2025-10-24_G42,10109802LEMOSF,2025-10-24,111743,1,4,0,428.0
10109802LEMOSF_2025-10-24_G43,10109802LEMOSF,2025-10-24,110740,1,4,0,49.0
10109802LEMOSF_2025-10-24_G44,10109802LEMOSF,2025-10-24,140922,1,6,0,114.0
10109802LEMOSF_2025-10-24_G45,10109802LEMOSF,2025-10-24,141457,1,7,0,183.0
10109802LEMOSF_2025-10-24_G46,10109802LEMOSF,2025-10-24,110743,1,2,0,2814.0
10109802LEMOSF_2025-10-24_G47,10109802LEMOSF,2025-10-24,117841,2,8,9,455.0
10109802LEMOSF_2025-10-24_G48,10109802LEMOSF,2025-10-24,116241,2,10,9,86.0
10109802LEMOSF_2025-10-24_G49,10109802LEMOSF,2025-10-24,"108711, 110787",2,173,13,182.0
10109802LEMOSF_2025-10-24_G50,10109802LEMOSF,2025-10-24,111172,1,1,0,577.0
10109802LEMOSF_2025-10-25_G02,10109802LEMOSF,2025-10-25,111430,1,12,0,322.0
10109802LEMOSF_2025-10-25_G03,10109802LEMOSF,2025-10-25,108759,1,4,0,568.0
10109802LEMOSF_2025-10-25_G04,10109802LEMOSF,2025-10-25,110749,1,4,0,304.0
10109802LEMOSF_2025-10-25_G05,10109802LEMOSF,2025-10-25,111440,1,4,0,339.0
10109802LEMOSF_2025-10-25_G06,10109802LEMOSF,2025-10-25,117836,1,4,0,79.0
10109802LEMOSF_2025-10-25_G07,10109802LEMOSF,2025-10-25,100334,1,4,0,117.0
10109802LEMOSF_2025-10-25_G08,10109802LEMOSF,2025-10-25,109495,1,4,0,212.0
10109802LEMOSF_2025-10-25_G09,10109802LEMOSF,2025-10-25,110582,1,4,0,177.0
10109802LEMOSF_2025-10-25_G10,10109802LEMOSF,2025-10-25,107892,1,4,0,172.0
10109802LEMOSF_2025-10-25_G11,10109802LEMOSF,2025-10-25,117856,2,8,6,336.0
10109802LEMOSF_2025-10-25_G12,10109802LEMOSF,2025-10-25,118094,1,8,0,61.0
10109802LEMOSF_2025-10-25_G13,10109802LEMOSF,2025-10-25,117853,2,18,8,487.0
10109802LEMOSF_2025-10-25_G14,10109802LEMOSF,2025-10-25,109640,1,12,0,302.0
10109802LEMOSF_2025-10-25_G16,10109802LEMOSF,2025-10-25,141457,1,50,0,288.0
10109802LEMOSF_2025-10-25_G17,10109802LEMOSF,2025-10-25,117820,1,50,0,1290.0
10109802LEMOSF_2025-10-25_G18,10109802LEMOSF,2025-10-25,107830,1,48,0,572.0
10109802LEMOSF_2025-10-25_G19,10109802LEMOSF,2025-10-25,118277,1,8,0,375.0
10109802LEMOSF_2025-10-25_G20,10109802LEMOSF,2025-10-25,118299,2,300,17,292.0
10109802LEMOSF_2025-10-25_G21,10109802LEMOSF,2025-10-25,117808,1,445,0,551.0
10109802LEMOSF_2025-10-25_G22,10109802LEMOSF,2025-10-25,110373,2,135,14,895.0
10109802LEMOSF_2025-10-25_G23,10109802LEMOSF,2025-10-25,110325,1,30,0,806.0
10109802LEMOSF_2025-10-25_G24,10109802LEMOSF,2025-10-25,110371,1,81,0,137.0
10109802LEMOSF_2025-10-25_G25,10109802LEMOSF,2025-10-25,117855,1,10,0,272.0
10109802LEMOSF_2025-10-27_G02,10109802LEMOSF,2025-10-27,111463,1,5,0,1689.0
10109802LEMOSF_2025-10-27_G03,10109802LEMOSF,2025-10-27,110740,1,3,0,79.0
10109802LEMOSF_2025-10-27_G04,10109802LEMOSF,2025-10-27,140922,1,8,0,232.0
10109802LEMOSF_2025-10-27_G05,10109802LEMOSF,2025-10-27,141457,1,2,0,153.0
10109802LEMOSF_2025-10-27_G06,10109802LEMOSF,2025-10-27,109640,1,2,0,551.0
10109802LEMOSF_2025-10-27_G07,10109802LEMOSF,2025-10-27,110581,1,2,0,218.0
10109802LEMOSF_2025-10-27_G08,10109802LEMOSF,2025-10-27,117835,1,2,0,133.0
10109802LEMOSF_2025-10-27_G09,10109802LEMOSF,2025-10-27,141352,1,1,0,586.0
10109802LEMOSF_2025-10-28_G02,10109802LEMOSF,2025-10-28,108798,1,32,0,1920.0
10109802LEMOSF_2025-10-28_G03,10109802LEMOSF,2025-10-28,110743,1,12,0,105.0
10109802LEMOSF_2025-10-28_G04,10109802LEMOSF,2025-10-28,108794,1,25,0,186.0
10109802LEMOSF_2025-10-28_G05,10109802LEMOSF,2025-10-28,117833,1,34,0,289.0
10109802LEMOSF_2025-10-29_G02,10109802LEMOSF,2025-10-29,110681,1,9,0,485.0
10109802LEMOSF_2025-10-29_G03,10109802LEMOSF,2025-10-29,111779,1,4,0,332.0
10109802LEMOSF_2025-10-29_G04,10109802LEMOSF,2025-10-29,111793,1,5,0,224.0
10109802LEMOSF_2025-10-29_G05,10109802LEMOSF,2025-10-29,118364,1,10,0,404.0
10109802LEMOSF_2025-10-29_G06,10109802LEMOSF,2025-10-29,110448,1,4,0,367.0
10109802LEMOSF_2025-10-29_G07,10109802LEMOSF,2025-10-29,110030,1,2,0,119.0
10109802LEMOSF_2025-10-29_G08,10109802LEMOSF,2025-10-29,104496,1,1,0,156.0
10109802LEMOSF_2025-10-29_G09,10109802LEMOSF,2025-10-29,111532,1,15,0,1272.0
10109802LEMOSF_2025-10-29_G10,10109802LEMOSF,2025-10-29,110895,1,4,0,256.0
10109802LEMOSF_2025-10-29_G11,10109802LEMOSF,2025-10-29,111602,1,2,0,568.0
10109802LEMOSF_2025-10-29_G12,10109802LEMOSF,2025-10-29,111602,1,6,0,535.0
10109802LEMOSF_2025-10-29_G13,10109802LEMOSF,2025-10-29,111418,1,66,0,473.0
10109802LEMOSF_2025-10-29_G14,10109802LEMOSF,2025-10-29,111879,1,632,0,2168.0
10109802LEMOSF_2025-10-29_G16,10109802LEMOSF,2025-10-29,107254,1,8,0,293.0
10109802LEMOSF_2025-10-29_G17,10109802LEMOSF,2025-10-29,118277,1,48,0,225.0
10109802LEMOSF_2025-10-29_G18,10109802LEMOSF,2025-10-29,118299,1,300,0,734.0
10109802LEMOSF_2025-10-29_G19,10109802LEMOSF,2025-10-29,"141262, 111634",2,16,26,1466.0
10109802LEMOSF_2025-10-29_G20,10109802LEMOSF,2025-10-29,141261,1,12,0,185.0
10109802LEMOSF_2025-10-29_G21,10109802LEMOSF,2025-10-29,111722,1,6,0,133.0
10109802LEMOSF_2025-10-29_G22,10109802LEMOSF,2025-10-29,141262,1,24,0,311.0
10109802LEMOSF_2025-10-29_G23,10109802LEMOSF,2025-10-29,141261,1,10,0,395.0
10109802LEMOSF_2025-10-29_G24,10109802LEMOSF,2025-10-29,111722,1,6,0,159.0
10109802LEMOSF_2025-10-29_G25,10109802LEMOSF,2025-10-29,141141,1,10,0,170.0
10109802LEMOSF_2025-10-29_G26,10109802LEMOSF,2025-10-29,111742,1,6,0,122.0
10109802LEMOSF_2025-10-29_G27,10109802LEMOSF,2025-10-29,109649,1,3,0,363.0
10109802LEMOSF_2025-10-29_G28,10109802LEMOSF,2025-10-29,140911,1,8,0,267.0
10109802LEMOSF_2025-10-29_G29,10109802LEMOSF,2025-10-29,141262,1,34,0,79.0
10109802LEMOSF_2025-10-29_G30,10109802LEMOSF,2025-10-29,118299,2,66,11,704.0
10109802LEMOSF_2025-10-29_G31,10109802LEMOSF,2025-10-29,111602,1,5,0,448.0
10109802LEMOSF_2025-10-29_G32,10109802LEMOSF,2025-10-29,110740,1,2,0,116.0
10109802LEMOSF_2025-10-30_G02,10109802LEMOSF,2025-10-30,118191,1,12,0,215.0
10109802LEMOSF_2025-10-30_G03,10109802LEMOSF,2025-10-30,141261,1,6,0,190.0
10109802LEMOSF_2025-10-30_G04,10109802LEMOSF,2025-10-30,111722,1,10,0,124.0
10109802LEMOSF_2025-10-30_G05,10109802LEMOSF,2025-10-30,141140,2,10,7,168.0
10109802LEMOSF_2025-10-30_G06,10109802LEMOSF,2025-10-30,141155,1,4,0,416.0
10109802LEMOSF_2025-10-30_G07,10109802LEMOSF,2025-10-30,111742,1,4,0,225.0
10109802LEMOSF_2025-10-30_G08,10109802LEMOSF,2025-10-30,111742,1,6,0,51.0
10109802LEMOSF_2025-10-30_G09,10109802LEMOSF,2025-10-30,"141262, 111634",2,18,14,379.0
10109802LEMOSF_2025-10-30_G10,10109802LEMOSF,2025-10-30,141262,1,8,0,52.0
10109802LEMOSF_2025-10-30_G11,10109802LEMOSF,2025-10-30,"118191, 141261",3,28,1,379.0
10109802LEMOSF_2025-10-30_G12,10109802LEMOSF,2025-10-30,111722,2,16,8,32.0
10109802LEMOSF_2025-10-30_G13,10109802LEMOSF,2025-10-30,117831,1,4,0,885.0
10109802LEMOSF_2025-10-30_G14,10109802LEMOSF,2025-10-30,141457,1,4,0,184.0
10109802LEMOSF_2025-10-30_G15,10109802LEMOSF,2025-10-30,141456,1,4,0,90.0
10109802LEMOSF_2025-10-30_G16,10109802LEMOSF,2025-10-30,117833,1,2,0,76.0
10109802LEMOSF_2025-10-30_G17,10109802LEMOSF,2025-10-30,117821,1,4,0,77.0
10109802LEMOSF_2025-10-30_G18,10109802LEMOSF,2025-10-30,118330,1,2,0,71.0
10109802LEMOSF_2025-10-30_G19,10109802LEMOSF,2025-10-30,141458,1,4,0,60.0
10109802LEMOSF_2025-10-30_G20,10109802LEMOSF,2025-10-30,109643,1,4,0,153.0
10109802LEMOSF_2025-10-30_G21,10109802LEMOSF,2025-10-30,117832,1,4,0,130.0
10109802LEMOSF_2025-10-30_G22,10109802LEMOSF,2025-10-30,110373,1,15,0,80.0
10109802LEMOSF_2025-10-30_G23,10109802LEMOSF,2025-10-30,118298,1,4,0,173.0
10109802LEMOSF_2025-10-30_G24,10109802LEMOSF,2025-10-30,111532,1,8,0,1044.0
10109802LEMOSF_2025-10-30_G25,10109802LEMOSF,2025-10-30,111436,1,1,0,135.0
10109802LEMOSF_2025-10-30_G26,10109802LEMOSF,2025-10-30,110895,1,3,0,1022.0
10109802LEMOSF_2025-10-30_G27,10109802LEMOSF,2025-10-30,109645,1,2,0,214.0
10109802LEMOSF_2025-10-30_G28,10109802LEMOSF,2025-10-30,109645,1,2,0,49.0
10109802LEMOSF_2025-10-30_G29,10109802LEMOSF,2025-10-30,110080,1,4,0,95.0
10109802LEMOSF_2025-10-30_G30,10109802LEMOSF,2025-10-30,111602,1,4,0,345.0
10109802LEMOSF_2025-10-30_G31,10109802LEMOSF,2025-10-30,141202,1,4,0,164.0
10109802LEMOSF_2025-10-30_G32,10109802LEMOSF,2025-10-30,111469,1,4,0,358.0
10109802LEMOSF_2025-10-30_G33,10109802LEMOSF,2025-10-30,140923,1,4,0,112.0
10109802LEMOSF_2025-10-30_G34,10109802LEMOSF,2025-10-30,110895,1,1,0,141.0
10109802LEMOSF_2025-10-30_G35,10109802LEMOSF,2025-10-30,111532,1,4,0,178.0
10109802LEMOSF_2025-10-30_G36,10109802LEMOSF,2025-10-30,110374,1,1,0,135.0
10109802LEMOSF_2025-10-30_G37,10109802LEMOSF,2025-10-30,117830,1,4,0,153.0
10109802LEMOSF_2025-10-30_G38,10109802LEMOSF,2025-10-30,110372,1,6,0,253.0
10109802LEMOSF_2025-10-30_G39,10109802LEMOSF,2025-10-30,"141202, 110325",2,8,16,1046.0
10109802LEMOSF_2025-10-30_G40,10109802LEMOSF,2025-10-30,118140,1,4,0,127.0
10109802LEMOSF_2025-10-30_G41,10109802LEMOSF,2025-10-30,110787,1,4,0,107.0
10109802LEMOSF_2025-10-30_G42,10109802LEMOSF,2025-10-30,111602,1,5,0,224.0
10109802LEMOSF_2025-10-30_G43,10109802LEMOSF,2025-10-30,111602,1,1,0,38.0
10109802LEMOSF_2025-10-30_G44,10109802LEMOSF,2025-10-30,109645,1,4,0,246.0
10109802LEMOSF_2025-10-30_G45,10109802LEMOSF,2025-10-30,111441,1,14,0,196.0
10109802LEMOSF_2025-10-30_G46,10109802LEMOSF,2025-10-30,110895,1,8,0,477.0
10109802LEMOSF_2025-10-30_G47,10109802LEMOSF,2025-10-30,141916,1,2,0,638.0
10109802LEMOSF_2025-10-30_G48,10109802LEMOSF,2025-10-30,109645,1,4,0,223.0
10109802LEMOSF_2025-10-30_G50,10109802LEMOSF,2025-10-30,118191,1,16,0,143.0
10109802LEMOSF_2025-10-30_G51,10109802LEMOSF,2025-10-30,141261,1,4,0,228.0
10109802LEMOSF_2025-10-30_G52,10109802LEMOSF,2025-10-30,111722,1,4,0,105.0
10109802LEMOSF_2025-10-30_G53,10109802LEMOSF,2025-10-30,141140,1,4,0,126.0
10109802LEMOSF_2025-10-30_G54,10109802LEMOSF,2025-10-30,141141,1,6,0,104.0
10109802LEMOSF_2025-10-30_G55,10109802LEMOSF,2025-10-30,110740,1,28,0,319.0
10109802LEMOSF_2025-10-30_G56,10109802LEMOSF,2025-10-30,111743,1,30,0,515.0
10109802LEMOSF_2025-10-30_G57,10109802LEMOSF,2025-10-30,108794,1,12,0,143.0
10109802LEMOSF_2025-10-30_G58,10109802LEMOSF,2025-10-30,111462,1,30,0,166.0
10109802LEMOSF_2025-10-30_G59,10109802LEMOSF,2025-10-30,117785,1,36,0,245.0
10109802LEMOSF_2025-10-30_G60,10109802LEMOSF,2025-10-30,110733,1,10,0,449.0
10109802LEMOSF_2025-10-30_G61,10109802LEMOSF,2025-10-30,111467,1,16,0,211.0
10109802LEMOSF_2025-10-30_G62,10109802LEMOSF,2025-10-30,117855,1,20,0,219.0
10109802LEMOSF_2025-10-30_G63,10109802LEMOSF,2025-10-30,118299,1,60,0,352.0
10109802LEMOSF_2025-10-30_G64,10109802LEMOSF,2025-10-30,110373,1,10,0,365.0
10109802LEMOSF_2025-10-30_G65,10109802LEMOSF,2025-10-30,141262,1,6,0,123.0
10109802LEMOSF_2025-10-30_G66,10109802LEMOSF,2025-10-30,117830,1,73,0,2316.0
10109802LEMOSF_2025-10-30_G67,10109802LEMOSF,2025-10-30,110372,1,134,0,360.0
10109802LEMOSF_2025-10-30_G68,10109802LEMOSF,2025-10-30,117785,1,80,0,580.0
10109802LEMOSF_2025-10-30_G69,10109802LEMOSF,2025-10-30,111418,2,207,24,96.0
10109802LEMOSF_2025-10-30_G70,10109802LEMOSF,2025-10-30,118299,1,95,0,866.0
10109802LEMOSF_2025-10-30_G71,10109802LEMOSF,2025-10-30,117785,1,28,0,556.0
10109802LEMOSF_2025-10-30_G72,10109802LEMOSF,2025-10-30,111779,1,1,0,424.0
10109802LEMOSF_2025-10-30_G73,10109802LEMOSF,2025-10-30,117830,1,8,0,235.0
10109802LEMOSF_2025-10-30_G74,10109802LEMOSF,2025-10-30,117785,1,8,0,57.0
10109802LEMOSF_2025-10-30_G75,10109802LEMOSF,2025-10-30,"111469, 117830",2,24,14,325.0
10109802LEMOSF_2025-10-30_G76,10109802LEMOSF,2025-10-30,117785,1,8,0,314.0
10109802LEMOSF_2025-10-31_G02,10109802LEMOSF,2025-10-31,110063,1,1,0,372.0
10109802LEMOSF_2025-10-31_G03,10109802LEMOSF,2025-10-31,118299,1,4,0,132.0
10109802LEMOSF_2025-10-31_G04,10109802LEMOSF,2025-10-31,111172,1,2,0,112.0
10109802LEMOSF_2025-10-31_G05,10109802LEMOSF,2025-10-31,111469,1,9,0,190.0
10109802LEMOSF_2025-10-31_G06,10109802LEMOSF,2025-10-31,111441,1,14,0,272.0
10109802LEMOSF_2025-10-31_G07,10109802LEMOSF,2025-10-31,110787,1,4,0,332.0
10109802LEMOSF_2025-10-31_G08,10109802LEMOSF,2025-10-31,141047,2,8,6,145.0
10109802LEMOSF_2025-10-31_G09,10109802LEMOSF,2025-10-31,111418,1,3,0,415.0
10109802LEMOSF_2025-10-31_G10,10109802LEMOSF,2025-10-31,111469,1,10,0,47.0
10109802LEMOSF_2025-10-31_G11,10109802LEMOSF,2025-10-31,117785,1,8,0,160.0
10109802LEMOSF_2025-10-31_G12,10109802LEMOSF,2025-10-31,111532,1,4,0,69.0
10109802LEMOSF_2025-10-31_G13,10109802LEMOSF,2025-10-31,117830,1,4,0,182.0
10109802LEMOSF_2025-10-31_G14,10109802LEMOSF,2025-10-31,118299,1,11,0,142.0
10109802LEMOSF_2025-10-31_G15,10109802LEMOSF,2025-10-31,117831,1,70,0,1278.0
10109802LEMOSF_2025-10-31_G16,10109802LEMOSF,2025-10-31,108795,1,48,0,280.0
10109802LEMOSF_2025-10-31_G17,10109802LEMOSF,2025-10-31,117838,1,45,0,390.0
10109802LEMOSF_2025-10-31_G18,10109802LEMOSF,2025-10-31,111330,1,30,0,1245.0
10109802LEMOSF_2025-10-31_G19,10109802LEMOSF,2025-10-31,110743,1,15,0,369.0
10109802LEMOSF_2025-10-31_G20,10109802LEMOSF,2025-10-31,108794,1,38,0,241.0
10109802LEMOSF_2025-10-31_G21,10109802LEMOSF,2025-10-31,111466,1,40,0,286.0
10109802LEMOSF_2025-10-31_G22,10109802LEMOSF,2025-10-31,111468,1,21,0,386.0
10109802LEMOSF_2025-10-31_G23,10109802LEMOSF,2025-10-31,110745,1,35,0,238.0
10109802LEMOSF_2025-10-31_G24,10109802LEMOSF,2025-10-31,111467,1,100,0,437.0
10109802LEMOSF_2025-10-31_G25,10109802LEMOSF,2025-10-31,109640,1,32,0,613.0
10109802LEMOSF_2025-10-31_G26,10109802LEMOSF,2025-10-31,108772,1,27,0,474.0
10109802LEMOSF_2025-10-31_G27,10109802LEMOSF,2025-10-31,111172,1,4,0,1532.0
10109802LEMOSF_2025-10-31_G28,10109802LEMOSF,2025-10-31,109645,8,71,52,120.0
10109802LEMOSF_2025-10-31_G29,10109802LEMOSF,2025-10-31,111418,1,7,0,301.0
10109802LEMOSF_2025-10-31_G30,10109802LEMOSF,2025-10-31,141140,2,8,7,83.0
10109802LEMOSF_2025-10-31_G31,10109802LEMOSF,2025-10-31,111443,2,15,8,121.0
10109802LEMOSF_2025-10-31_G32,10109802LEMOSF,2025-10-31,110313,2,8,7,3529.0
10109802LEMOSF_2025-10-31_G33,10109802LEMOSF,2025-10-31,141047,2,17,15,203.0
10109802LEMOSF_2025-10-31_G34,10109802LEMOSF,2025-10-31,140923,2,9,11,300.0
10109802LEMOSF_2025-10-31_G35,10109802LEMOSF,2025-10-31,141916,3,25,14,351.0
10109802LEMOSF_2025-10-31_G36,10109802LEMOSF,2025-10-31,110747,1,6,0,467.0
10109802LEMOSF_2025-10-31_G37,10109802LEMOSF,2025-10-31,111438,1,8,0,120.0
10109802LEMOSF_2025-10-31_G38,10109802LEMOSF,2025-10-31,100334,1,2,0,298.0
10109802LEMOSF_2025-10-31_G39,10109802LEMOSF,2025-10-31,111469,5,24,23,1466.0
10109802LEMOSF_2025-10-31_G40,10109802LEMOSF,2025-10-31,111469,1,6,0,227.0
10109802LEMOSF_2025-10-31_G41,10109802LEMOSF,2025-10-31,108794,1,2,0,185.0
10109802LEMOSF_2025-10-31_G42,10109802LEMOSF,2025-10-31,108711,1,4,0,65.0
10109802LEMOSF_2025-10-31_G43,10109802LEMOSF,2025-10-31,111462,2,9,7,112.0
10109802LEMOSF_2025-10-31_G44,10109802LEMOSF,2025-10-31,111532,1,4,0,120.0
10109802LEMOSF_2025-10-31_G45,10109802LEMOSF,2025-10-31,141202,1,104,0,1301.0
10109802LEMOSF_2025-11-05_G02,10109802LEMOSF,2025-11-05,123081,1,1,0,177.0
10109802LEMOSF_2025-11-05_G03,10109802LEMOSF,2025-11-05,122984,1,51,0,1293.0
10109802LEMOSF_2025-11-05_G04,10109802LEMOSF,2025-11-05,124248,1,2,0,255.0
10109802LEMOSF_2025-11-05_G05,10109802LEMOSF,2025-11-05,122647,1,8,0,113.0
10109802LEMOSF_2025-11-05_G06,10109802LEMOSF,2025-11-05,122983,1,3,0,159.0
10109802LEMOSF_2025-11-05_G07,10109802LEMOSF,2025-11-05,122982,1,4,0,150.0
10109802LEMOSF_2025-11-05_G08,10109802LEMOSF,2025-11-05,120389,1,10,0,346.0
10109802LEMOSF_2025-11-05_G09,10109802LEMOSF,2025-11-05,122671,1,16,0,148.0
10109802LEMOSF_2025-11-08_G02,10109802LEMOSF,2025-11-08,118299,1,570,0,299.0
10109802LEMOSF_2025-11-08_G03,10109802LEMOSF,2025-11-08,118299,1,299,0,110.0
10109802LEMOSF_2025-11-08_G04,10109802LEMOSF,2025-11-08,110372,1,384,0,1411.0
10109802LEMOSF_2025-11-08_G05,10109802LEMOSF,2025-11-08,118094,1,1,0,2403.0
10109802LEMOSF_2025-11-08_G06,10109802LEMOSF,2025-11-08,110733,1,4,0,73.0
10109802LEMOSF_2025-11-08_G07,10109802LEMOSF,2025-11-08,108772,1,2,0,205.0
10109802LEMOSF_2025-11-08_G08,10109802LEMOSF,2025-11-08,111467,1,4,0,81.0
10109802LEMOSF_2025-11-08_G09,10109802LEMOSF,2025-11-08,140923,1,2,0,104.0
10109802LEMOSF_2025-11-10_G02,10109802LEMOSF,2025-11-10,117856,1,2,0,424.0
10109802LEMOSF_2025-11-10_G03,10109802LEMOSF,2025-11-10,118094,1,7,0,307.0
10109802LEMOSF_2025-11-10_G04,10109802LEMOSF,2025-11-10,111879,1,4,0,148.0
10109802LEMOSF_2025-11-10_G05,10109802LEMOSF,2025-11-10,117862,2,7,24,210.0
10109802LEMOSF_2025-11-10_G06,10109802LEMOSF,2025-11-10,117786,1,8,0,660.0
10109802LEMOSF_2025-11-10_G07,10109802LEMOSF,2025-11-10,110752,1,2,0,328.0
10109802LEMOSF_2025-11-10_G08,10109802LEMOSF,2025-11-10,111467,1,3,0,201.0
10109802LEMOSF_2025-11-10_G09,10109802LEMOSF,2025-11-10,111602,2,12,7,152.0
10109802LEMOSF_2025-11-11_G02,10109802LEMOSF,2025-11-11,117820,1,10,0,263.0
10109802LEMOSF_2025-11-11_G03,10109802LEMOSF,2025-11-11,117808,1,8,0,104.0
10109802LEMOSF_2025-11-11_G04,10109802LEMOSF,2025-11-11,110372,1,16,0,188.0
10109802LEMOSF_2025-11-11_G05,10109802LEMOSF,2025-11-11,118299,1,9,0,250.0
10109802LEMOSF_2025-11-11_G06,10109802LEMOSF,2025-11-11,110373,1,17,0,151.0
10109802LEMOSF_2025-11-11_G07,10109802LEMOSF,2025-11-11,108795,1,6,0,1167.0
10109802LEMOSF_2025-11-11_G08,10109802LEMOSF,2025-11-11,140922,1,4,0,220.0
10109802LEMOSF_2025-11-11_G09,10109802LEMOSF,2025-11-11,141823,1,5,0,348.0
10109802LEMOSF_2025-11-11_G10,10109802LEMOSF,2025-11-11,111172,1,4,0,194.0
10109802LEMOSF_2025-11-11_G11,10109802LEMOSF,2025-11-11,111463,1,12,0,228.0
10109802LEMOSF_2025-11-11_G12,10109802LEMOSF,2025-11-11,110740,1,2,0,1583.0
10109802LEMOSF_2025-11-11_G13,10109802LEMOSF,2025-11-11,110787,1,2,0,75.0
10109802LEMOSF_2025-11-11_G14,10109802LEMOSF,2025-11-11,111463,1,2,0,207.0
10109802LEMOSF_2025-11-11_G15,10109802LEMOSF,2025-11-11,"111463, 111172",2,18,20,46.0
10109802LEMOSF_2025-11-11_G16,10109802LEMOSF,2025-11-11,118140,1,1,0,486.0
10109802LEMOSF_2025-11-11_G17,10109802LEMOSF,2025-11-11,117831,1,2,0,290.0
10109802LEMOSF_2025-11-11_G18,10109802LEMOSF,2025-11-11,111418,1,12,0,287.0
10109802LEMOSF_2025-11-11_G19,10109802LEMOSF,2025-11-11,111466,1,3,0,294.0
10109802LEMOSF_2025-11-11_G20,10109802LEMOSF,2025-11-11,117785,1,4,0,150.0
10109802LEMOSF_2025-11-11_G21,10109802LEMOSF,2025-11-11,105705,1,11,0,2320.0
10109802LEMOSF_2025-11-11_G22,10109802LEMOSF,2025-11-11,111433,1,10,0,94.0
10109802LEMOSF_2025-11-11_G23,10109802LEMOSF,2025-11-11,110751,1,10,0,331.0
10109802LEMOSF_2025-11-11_G24,10109802LEMOSF,2025-11-11,111435,1,7,0,213.0
10109802LEMOSF_2025-11-11_G25,10109802LEMOSF,2025-11-11,111418,1,200,0,457.0
10109802LEMOSF_2025-11-11_G26,10109802LEMOSF,2025-11-11,110743,1,12,0,1193.0
10109802LEMOSF_2025-11-11_G29,10109802LEMOSF,2025-11-11,111602,1,2,0,209.0
10109802LEMOSF_2025-11-11_G30,10109802LEMOSF,2025-11-11,111442,1,6,0,356.0
10109802LEMOSF_2025-11-11_G31,10109802LEMOSF,2025-11-11,111462,1,10,0,320.0
10109802LEMOSF_2025-11-12_G02,10109802LEMOSF,2025-11-12,117831,1,10,0,339.0
10109802LEMOSF_2025-11-12_G03,10109802LEMOSF,2025-11-12,117838,1,4,0,301.0
10109802LEMOSF_2025-11-12_G04,10109802LEMOSF,2025-11-12,110743,1,2,0,129.0
10109802LEMOSF_2025-11-12_G05,10109802LEMOSF,2025-11-12,111444,1,4,0,190.0
10109802LEMOSF_2025-11-12_G06,10109802LEMOSF,2025-11-12,141823,1,6,0,228.0
10109802LEMOSF_2025-11-12_G07,10109802LEMOSF,2025-11-12,117831,1,2,0,559.0
10109802LEMOSF_2025-11-12_G08,10109802LEMOSF,2025-11-12,140922,1,4,0,272.0
10109802LEMOSF_2025-11-12_G09,10109802LEMOSF,2025-11-12,111348,1,4,0,149.0
10109802LEMOSF_2025-11-12_G10,10109802LEMOSF,2025-11-12,118140,1,3,0,167.0
10109802LEMOSF_2025-11-12_G11,10109802LEMOSF,2025-11-12,111418,1,7,0,151.0
10109802LEMOSF_2025-11-12_G12,10109802LEMOSF,2025-11-12,111469,1,3,0,326.0
10109802LEMOSF_2025-11-12_G13,10109802LEMOSF,2025-11-12,117785,2,7,13,139.0
10109802LEMOSF_2025-11-12_G14,10109802LEMOSF,2025-11-12,111462,1,4,0,1578.0
10109802LEMOSF_2025-11-12_G15,10109802LEMOSF,2025-11-12,141271,1,4,0,96.0
10109802LEMOSF_2025-11-12_G16,10109802LEMOSF,2025-11-12,111532,1,4,0,133.0
10109802LEMOSF_2025-11-12_G17,10109802LEMOSF,2025-11-12,118222,1,79,0,2121.0
10109802LEMOSF_2025-11-12_G18,10109802LEMOSF,2025-11-12,111660,1,28,0,463.0
10109802LEMOSF_2025-11-12_G19,10109802LEMOSF,2025-11-12,117809,1,10,0,817.0
10109802LEMOSF_2025-11-12_G20,10109802LEMOSF,2025-11-12,117820,1,141,0,1076.0
10109802LEMOSF_2025-11-12_G21,10109802LEMOSF,2025-11-12,117830,1,51,0,294.0
10109802LEMOSF_2025-11-12_G22,10109802LEMOSF,2025-11-12,117832,1,15,0,759.0
10109802LEMOSF_2025-11-12_G23,10109802LEMOSF,2025-11-12,110373,1,101,0,485.0
10109802LEMOSF_2025-11-12_G24,10109802LEMOSF,2025-11-12,111532,1,24,0,1501.0
10109802LEMOSF_2025-11-12_G25,10109802LEMOSF,2025-11-12,141047,1,7,0,672.0
10109802LEMOSF_2025-11-12_G26,10109802LEMOSF,2025-11-12,111463,1,50,0,706.0
10109802LEMOSF_2025-11-12_G27,10109802LEMOSF,2025-11-12,110373,1,38,0,1209.0
10109802LEMOSF_2025-11-12_G29,10109802LEMOSF,2025-11-12,111441,2,10,12,333.0
10109802LEMOSF_2025-11-12_G30,10109802LEMOSF,2025-11-12,117834,1,2,0,473.0
10109802LEMOSF_2025-11-12_G31,10109802LEMOSF,2025-11-12,110755,3,18,29,82.0
10109802LEMOSF_2025-11-12_G32,10109802LEMOSF,2025-11-12,141916,1,12,0,830.0
10109802LEMOSF_2025-11-12_G33,10109802LEMOSF,2025-11-12,110747,2,12,12,350.0
10109802LEMOSF_2025-11-12_G34,10109802LEMOSF,2025-11-12,118222,1,6,0,304.0
10109802LEMOSF_2025-11-13_G02,10109802LEMOSF,2025-11-13,117831,1,4,0,165.0
10109802LEMOSF_2025-11-13_G03,10109802LEMOSF,2025-11-13,110787,1,2,0,146.0
10109802LEMOSF_2025-11-13_G04,10109802LEMOSF,2025-11-13,118140,1,8,0,118.0
10109802LEMOSF_2025-11-13_G05,10109802LEMOSF,2025-11-13,141456,1,4,0,189.0
10109802LEMOSF_2025-11-13_G06,10109802LEMOSF,2025-11-13,118317,1,2,0,101.0
10109802LEMOSF_2025-11-13_G07,10109802LEMOSF,2025-11-13,117785,1,13,0,125.0
10109802LEMOSF_2025-11-13_G08,10109802LEMOSF,2025-11-13,141458,1,2,0,185.0
10109802LEMOSF_2025-11-13_G09,10109802LEMOSF,2025-11-13,117861,1,4,0,271.0
10109802LEMOSF_2025-11-13_G10,10109802LEMOSF,2025-11-13,117862,1,2,0,111.0
10109802LEMOSF_2025-11-13_G11,10109802LEMOSF,2025-11-13,140923,1,2,0,99.0
10109802LEMOSF_2025-11-13_G12,10109802LEMOSF,2025-11-13,117809,1,1,0,178.0
10109802LEMOSF_2025-11-13_G13,10109802LEMOSF,2025-11-13,117830,1,12,0,262.0
10109802LEMOSF_2025-11-13_G14,10109802LEMOSF,2025-11-13,117832,1,3,0,302.0
10109802LEMOSF_2025-11-13_G15,10109802LEMOSF,2025-11-13,110372,1,22,0,294.0
10109802LEMOSF_2025-11-13_G16,10109802LEMOSF,2025-11-13,118222,1,2,0,248.0
10109802LEMOSF_2025-11-13_G17,10109802LEMOSF,2025-11-13,108711,1,18,0,2257.0
10109802LEMOSF_2025-11-13_G18,10109802LEMOSF,2025-11-13,117787,1,5,0,276.0
10109802LEMOSF_2025-11-13_G19,10109802LEMOSF,2025-11-13,117785,1,30,0,85.0
10109802LEMOSF_2025-11-13_G20,10109802LEMOSF,2025-11-13,118094,1,8,0,503.0
10109802LEMOSF_2025-11-13_G21,10109802LEMOSF,2025-11-13,109647,1,10,0,229.0
10109802LEMOSF_2025-11-13_G22,10109802LEMOSF,2025-11-13,118298,1,6,0,235.0
10109802LEMOSF_2025-11-13_G23,10109802LEMOSF,2025-11-13,110733,1,14,0,111.0
10109802LEMOSF_2025-11-13_G24,10109802LEMOSF,2025-11-13,117856,1,4,0,210.0
10109802LEMOSF_2025-11-13_G25,10109802LEMOSF,2025-11-13,111467,1,8,0,203.0
10109802LEMOSF_2025-11-13_G26,10109802LEMOSF,2025-11-13,110374,1,16,0,1291.0
10109802LEMOSF_2025-11-13_G27,10109802LEMOSF,2025-11-13,117820,1,14,0,100.0
10109802LEMOSF_2025-11-13_G28,10109802LEMOSF,2025-11-13,160053,1,4,0,819.0
10109802LEMOSF_2025-11-13_G30,10109802LEMOSF,2025-11-13,110372,1,90,0,193.0
10109802LEMOSF_2025-11-13_G31,10109802LEMOSF,2025-11-13,110373,1,2,0,247.0
10109802LEMOSF_2025-11-13_G32,10109802LEMOSF,2025-11-13,110373,1,92,0,125.0
10109802LEMOSF_2025-11-13_G33,10109802LEMOSF,2025-11-13,109645,1,20,0,265.0
10109802LEMOSF_2025-11-13_G34,10109802LEMOSF,2025-11-13,140922,2,24,9,243.0
10109802LEMOSF_2025-11-13_G35,10109802LEMOSF,2025-11-13,141458,1,13,0,281.0
10109802LEMOSF_2025-11-14_G02,10109802LEMOSF,2025-11-14,117833,1,89,0,416.0
10109802LEMOSF_2025-11-14_G03,10109802LEMOSF,2025-11-14,117830,1,72,0,520.0
10109802LEMOSF_2025-11-14_G05,10109802LEMOSF,2025-11-14,110582,1,4,0,137.0
10109802LEMOSF_2025-11-14_G06,10109802LEMOSF,2025-11-14,118222,1,1,0,86.0
10109802LEMOSF_2025-11-14_G07,10109802LEMOSF,2025-11-14,111660,1,1,0,55.0
10109802LEMOSF_2025-11-14_G08,10109802LEMOSF,2025-11-14,110374,1,4,0,139.0
10109802LEMOSF_2025-11-14_G09,10109802LEMOSF,2025-11-14,107830,1,1,0,126.0
10109802LEMOSF_2025-11-14_G10,10109802LEMOSF,2025-11-14,110372,1,4,0,83.0
10109802LEMOSF_2025-11-14_G11,10109802LEMOSF,2025-11-14,118299,1,4,0,77.0
10109802LEMOSF_2025-11-14_G12,10109802LEMOSF,2025-11-14,117808,2,12,6,99.0
10109802LEMOSF_2025-11-14_G13,10109802LEMOSF,2025-11-14,110373,1,8,0,139.0
10109802LEMOSF_2025-11-14_G14,10109802LEMOSF,2025-11-14,110755,1,4,0,206.0
10109802LEMOSF_2025-11-14_G15,10109802LEMOSF,2025-11-14,117820,1,2,0,124.0
10109802LEMOSF_2025-11-14_G16,10109802LEMOSF,2025-11-14,110373,1,5,0,268.0
10109802LEMOSF_2025-11-17_G02,10109802LEMOSF,2025-11-17,110623,1,10,0,203.0
10109802LEMOSF_2025-11-17_G03,10109802LEMOSF,2025-11-17,110755,1,10,0,274.0
10109802LEMOSF_2025-11-17_G04,10109802LEMOSF,2025-11-17,110895,1,49,0,337.0
10109802LEMOSF_2025-11-17_G05,10109802LEMOSF,2025-11-17,140911,1,6,0,321.0
10109802LEMOSF_2025-11-17_G06,10109802LEMOSF,2025-11-17,111660,1,3,0,369.0
10109802LEMOSF_2025-11-17_G07,10109802LEMOSF,2025-11-17,117830,1,40,0,460.0
10109802LEMOSF_2025-11-17_G08,10109802LEMOSF,2025-11-17,117840,1,2,0,423.0
10109802LEMOSF_2025-11-17_G09,10109802LEMOSF,2025-11-17,110373,1,300,0,266.0
10109802LEMOSF_2025-11-18_G02,10109802LEMOSF,2025-11-18,140923,1,190,0,399.0
10109802LEMOSF_2025-11-18_G03,10109802LEMOSF,2025-11-18,118140,1,120,0,2903.0
10109802LEMOSF_2025-11-18_G04,10109802LEMOSF,2025-11-18,141047,3,16,20,1957.0
10109802LEMOSF_2025-11-18_G05,10109802LEMOSF,2025-11-18,109640,4,20,28,307.0
10109802LEMOSF_2025-11-18_G06,10109802LEMOSF,2025-11-18,111441,1,24,0,425.0
10109802LEMOSF_2025-11-18_G07,10109802LEMOSF,2025-11-18,110747,1,1,0,201.0
10109802LEMOSF_2025-11-18_G08,10109802LEMOSF,2025-11-18,111569,2,14,9,167.0
10109802LEMOSF_2025-11-18_G09,10109802LEMOSF,2025-11-18,111441,1,2,0,416.0
10109802LEMOSF_2025-11-18_G10,10109802LEMOSF,2025-11-18,107892,1,4,0,89.0
10109802LEMOSF_2025-11-18_G11,10109802LEMOSF,2025-11-18,111441,1,100,0,253.0
10109802LEMOSF_2025-11-19_G02,10109802LEMOSF,2025-11-19,111182,1,3,0,375.0
10109802LEMOSF_2025-11-19_G03,10109802LEMOSF,2025-11-19,110740,1,16,0,292.0
10109802LEMOSF_2025-11-19_G04,10109802LEMOSF,2025-11-19,114100,1,8,0,141.0
10109802LEMOSF_2025-11-19_G05,10109802LEMOSF,2025-11-19,117833,1,6,0,225.0
10109802LEMOSF_2025-11-19_G06,10109802LEMOSF,2025-11-19,118140,1,25,0,292.0
10109802LEMOSF_2025-11-19_G07,10109802LEMOSF,2025-11-19,141271,1,32,0,537.0
10109802LEMOSF_2025-11-19_G08,10109802LEMOSF,2025-11-19,118298,1,8,0,255.0
10109802LEMOSF_2025-11-19_G09,10109802LEMOSF,2025-11-19,110750,1,6,0,209.0
10109802LEMOSF_2025-11-19_G10,10109802LEMOSF,2025-11-19,117856,1,13,0,167.0
10109802LEMOSF_2025-11-19_G11,10109802LEMOSF,2025-11-19,110313,1,6,0,361.0
10109802LEMOSF_2025-11-19_G12,10109802LEMOSF,2025-11-19,117935,1,25,0,83.0
10109802LEMOSF_2025-11-19_G13,10109802LEMOSF,2025-11-19,141352,1,32,0,814.0
10109802LEMOSF_2025-11-19_G14,10109802LEMOSF,2025-11-19,110756,2,12,8,2294.0
10109802LEMOSF_2025-11-19_G15,10109802LEMOSF,2025-11-19,118299,1,216,0,591.0
10109802LEMOSF_2025-11-19_G17,10109802LEMOSF,2025-11-19,111348,2,150,15,122.0
10109802LEMOSF_2025-11-19_G18,10109802LEMOSF,2025-11-19,111330,1,45,0,345.0
10109802LEMOSF_2025-11-19_G19,10109802LEMOSF,2025-11-19,110313,3,160,37,380.0
10109802LEMOSF_2025-11-21_G02,10109802LEMOSF,2025-11-21,141249,1,10,0,90.0
10109802LEMOSF_2025-11-21_G03,10109802LEMOSF,2025-11-21,110755,1,19,0,382.0
10109802LEMOSF_2025-11-21_G04,10109802LEMOSF,2025-11-21,142011,1,8,0,317.0
10109802LEMOSF_2025-11-21_G05,10109802LEMOSF,2025-11-21,111182,1,2,0,3301.0
10109802LEMOSF_2025-11-21_G06,10109802LEMOSF,2025-11-21,108711,1,4,0,180.0
10109802LEMOSF_2025-11-21_G07,10109802LEMOSF,2025-11-21,117831,1,4,0,58.0
10109802LEMOSF_2025-11-21_G08,10109802LEMOSF,2025-11-21,109641,1,2,0,91.0
10109802LEMOSF_2025-11-21_G09,10109802LEMOSF,2025-11-21,141457,1,2,0,116.0
10109802LEMOSF_2025-11-21_G10,10109802LEMOSF,2025-11-21,117821,1,8,0,61.0
10109802LEMOSF_2025-11-21_G11,10109802LEMOSF,2025-11-21,141456,1,2,0,103.0
10109802LEMOSF_2025-11-21_G12,10109802LEMOSF,2025-11-21,117820,1,8,0,138.0
10109802LEMOSF_2025-11-21_G13,10109802LEMOSF,2025-11-21,117830,1,4,0,89.0
10109802LEMOSF_2025-11-21_G14,10109802LEMOSF,2025-11-21,110372,1,2,0,130.0
10109802LEMOSF_2025-11-21_G15,10109802LEMOSF,2025-11-21,109643,1,2,0,183.0
10109802LEMOSF_2025-11-21_G16,10109802LEMOSF,2025-11-21,111876,1,1,0,113.0
10109802LEMOSF_2025-11-21_G17,10109802LEMOSF,2025-11-21,141047,1,4,0,112.0
10109802LEMOSF_2025-11-21_G18,10109802LEMOSF,2025-11-21,117786,1,3,0,165.0
10109802LEMOSF_2025-11-21_G19,10109802LEMOSF,2025-11-21,140923,1,2,0,49.0
10109802LEMOSF_2025-11-21_G20,10109802LEMOSF,2025-11-21,118306,1,2,0,364.0
10109802LEMOSF_2025-11-21_G21,10109802LEMOSF,2025-11-21,110895,1,2,0,149.0
10109802LEMOSF_2025-11-21_G22,10109802LEMOSF,2025-11-21,111569,1,2,0,255.0
10109802LEMOSF_2025-11-21_G23,10109802LEMOSF,2025-11-21,117935,1,6,0,88.0
10109802LEMOSF_2025-11-21_G24,10109802LEMOSF,2025-11-21,111441,1,40,0,1487.0
10109802LEMOSF_2025-11-21_G25,10109802LEMOSF,2025-11-21,118222,1,6,0,286.0
10109802LEMOSF_2025-11-21_G26,10109802LEMOSF,2025-11-21,111348,1,2,0,381.0
10109802LEMOSF_2025-11-21_G27,10109802LEMOSF,2025-11-21,117831,1,120,0,319.0
10109802LEMOSF_2025-11-21_G28,10109802LEMOSF,2025-11-21,118317,1,12,0,346.0
10109802LEMOSF_2025-11-21_G30,10109802LEMOSF,2025-11-21,111466,1,1,0,108.0
10109802LEMOSF_2025-11-21_G31,10109802LEMOSF,2025-11-21,117820,1,3,0,174.0
10109802LEMOSF_2025-11-21_G32,10109802LEMOSF,2025-11-21,117832,1,11,0,294.0
10109802LEMOSF_2025-11-21_G33,10109802LEMOSF,2025-11-21,111463,1,4,0,276.0
10109802LEMOSF_2025-11-21_G34,10109802LEMOSF,2025-11-21,110747,1,2,0,140.0
10109802LEMOSF_2025-11-21_G35,10109802LEMOSF,2025-11-21,107892,1,2,0,87.0
10109802LEMOSF_2025-11-21_G36,10109802LEMOSF,2025-11-21,117820,1,1,0,271.0
10109802LEMOSF_2025-11-21_G37,10109802LEMOSF,2025-11-21,117832,1,1,0,253.0
10109802LEMOSF_2025-11-21_G38,10109802LEMOSF,2025-11-21,140922,1,4,0,70.0
10109802LEMOSF_2025-11-21_G39,10109802LEMOSF,2025-11-21,110339,1,1,0,116.0
10109802LEMOSF_2025-11-21_G40,10109802LEMOSF,2025-11-21,117856,1,2,0,155.0
10109802LEMOSF_2025-11-21_G41,10109802LEMOSF,2025-11-21,111466,1,60,0,2134.0
10109802LEMOSF_2025-11-21_G42,10109802LEMOSF,2025-11-21,111466,1,30,0,41.0
10109802LEMOSF_2025-11-22_G02,10109802LEMOSF,2025-11-22,105705,1,16,0,117.0
10109802LEMOSF_2025-11-22_G03,10109802LEMOSF,2025-11-22,109645,1,6,0,220.0
10109802LEMOSF_2025-11-22_G04,10109802LEMOSF,2025-11-22,110751,1,8,0,94.0
10109802LEMOSF_2025-11-22_G05,10109802LEMOSF,2025-11-22,110745,1,4,0,140.0
10109802LEMOSF_2025-11-22_G06,10109802LEMOSF,2025-11-22,140922,1,8,0,71.0
10109802LEMOSF_2025-11-22_G07,10109802LEMOSF,2025-11-22,111348,1,12,0,218.0
10109802LEMOSF_2025-11-22_G08,10109802LEMOSF,2025-11-22,141271,1,12,0,267.0
10109802LEMOSF_2025-11-22_G09,10109802LEMOSF,2025-11-22,111435,1,16,0,204.0
10109802LEMOSF_2025-11-22_G10,10109802LEMOSF,2025-11-22,141048,1,24,0,223.0
10109802LEMOSF_2025-11-22_G11,10109802LEMOSF,2025-11-22,117841,1,16,0,606.0
10109802LEMOSF_2025-11-22_G12,10109802LEMOSF,2025-11-22,111463,1,24,0,223.0
10109802LEMOSF_2025-11-22_G13,10109802LEMOSF,2025-11-22,109641,1,16,0,231.0
10109802LEMOSF_2025-11-22_G14,10109802LEMOSF,2025-11-22,117787,1,4,0,244.0
10109802LEMOSF_2025-11-22_G15,10109802LEMOSF,2025-11-22,118317,1,26,0,228.0
10109802LEMOSF_2025-11-22_G16,10109802LEMOSF,2025-11-22,117833,1,8,0,90.0
10109802LEMOSF_2025-11-22_G17,10109802LEMOSF,2025-11-22,141457,1,36,0,108.0
10109802LEMOSF_2025-11-22_G18,10109802LEMOSF,2025-11-22,117785,1,38,0,604.0
10109802LEMOSF_2025-11-22_G20,10109802LEMOSF,2025-11-22,117831,1,24,0,408.0
10109802LEMOSF_2025-11-22_G21,10109802LEMOSF,2025-11-22,141456,1,12,0,284.0
10109802LEMOSF_2025-11-22_G22,10109802LEMOSF,2025-11-22,111465,1,8,0,111.0
10109802LEMOSF_2025-11-22_G23,10109802LEMOSF,2025-11-22,110332,1,12,0,271.0
10109802LEMOSF_2025-11-22_G24,10109802LEMOSF,2025-11-22,117820,1,8,0,2472.0
10109802LEMOSF_2025-11-22_G25,10109802LEMOSF,2025-11-22,118299,1,4,0,245.0
10109802LEMOSF_2025-11-22_G26,10109802LEMOSF,2025-11-22,110787,1,2,0,148.0
10109802LEMOSF_2025-11-22_G27,10109802LEMOSF,2025-11-22,"111418, 141457",2,4,15,78.0
10109802LEMOSF_2025-11-22_G28,10109802LEMOSF,2025-11-22,141047,1,4,0,183.0
10109802LEMOSF_2025-11-22_G29,10109802LEMOSF,2025-11-22,141352,1,2,0,113.0
10109802LEMOSF_2025-11-22_G30,10109802LEMOSF,2025-11-22,140923,1,2,0,87.0
10109802LEMOSF_2025-11-22_G31,10109802LEMOSF,2025-11-22,117862,1,2,0,142.0
10109802LEMOSF_2025-11-22_G32,10109802LEMOSF,2025-11-22,118299,1,16,0,210.0
10109802LEMOSF_2025-11-22_G33,10109802LEMOSF,2025-11-22,117808,1,10,0,245.0
10109802LEMOSF_2025-11-22_G34,10109802LEMOSF,2025-11-22,111743,1,2,0,169.0
10109802LEMOSF_2025-11-22_G35,10109802LEMOSF,2025-11-22,110787,1,4,0,113.0
10109802LEMOSF_2025-11-22_G36,10109802LEMOSF,2025-11-22,111418,1,3,0,100.0
10109802LEMOSF_2025-11-22_G37,10109802LEMOSF,2025-11-22,117831,1,4,0,155.0
10109802LEMOSF_2025-11-22_G38,10109802LEMOSF,2025-11-22,141458,1,4,0,69.0
10109802LEMOSF_2025-11-22_G39,10109802LEMOSF,2025-11-22,141047,1,4,0,921.0
10109802LEMOSF_2025-11-22_G40,10109802LEMOSF,2025-11-22,140923,1,2,0,75.0
10109802LEMOSF_2025-11-22_G41,10109802LEMOSF,2025-11-22,117820,1,2,0,167.0
10109802LEMOSF_2025-11-22_G42,10109802LEMOSF,2025-11-22,118299,1,8,0,92.0
10109802LEMOSF_2025-11-22_G43,10109802LEMOSF,2025-11-22,117808,1,11,0,407.0
10109802LEMOSF_2025-11-22_G44,10109802LEMOSF,2025-11-22,110733,1,2,0,138.0
10109802LEMOSF_2025-11-22_G45,10109802LEMOSF,2025-11-22,111418,1,4,0,279.0
10109802LEMOSF_2025-11-22_G46,10109802LEMOSF,2025-11-22,141457,1,2,0,168.0
10109802LEMOSF_2025-11-22_G47,10109802LEMOSF,2025-11-22,117831,1,1,0,73.0
10109802LEMOSF_2025-11-22_G48,10109802LEMOSF,2025-11-22,118299,1,20,0,716.0
10109802LEMOSF_2025-11-22_G49,10109802LEMOSF,2025-11-22,117785,1,8,0,457.0
10109802LEMOSF_2025-11-24_G02,10109802LEMOSF,2025-11-24,117855,1,4,0,258.0
10109802LEMOSF_2025-11-24_G03,10109802LEMOSF,2025-11-24,110371,1,14,0,467.0
10109802LEMOSF_2025-11-24_G04,10109802LEMOSF,2025-11-24,110371,1,18,0,34.0
10109802LEMOSF_2025-11-24_G05,10109802LEMOSF,2025-11-24,110372,1,12,0,286.0
10109802LEMOSF_2025-11-24_G06,10109802LEMOSF,2025-11-24,109643,1,2,0,453.0
10109802LEMOSF_2025-11-24_G07,10109802LEMOSF,2025-11-24,118222,1,10,0,560.0
10109802LEMOSF_2025-11-24_G08,10109802LEMOSF,2025-11-24,111569,1,2,0,308.0
10109802LEMOSF_2025-11-24_G09,10109802LEMOSF,2025-11-24,140923,1,2,0,194.0
10109802LEMOSF_2025-11-24_G10,10109802LEMOSF,2025-11-24,105705,1,2,0,228.0
10109802LEMOSF_2025-11-24_G11,10109802LEMOSF,2025-11-24,110740,1,2,0,136.0
10109802LEMOSF_2025-11-24_G12,10109802LEMOSF,2025-11-24,108711,1,4,0,182.0
10109802LEMOSF_2025-11-24_G13,10109802LEMOSF,2025-11-24,110371,1,13,0,315.0
10109802LEMOSF_2025-11-24_G14,10109802LEMOSF,2025-11-24,117830,1,2,0,293.0
10109802LEMOSF_2025-11-24_G15,10109802LEMOSF,2025-11-24,110372,1,17,0,112.0
10109802LEMOSF_2025-11-24_G16,10109802LEMOSF,2025-11-24,110373,1,8,0,166.0
10109802LEMOSF_2025-11-24_G17,10109802LEMOSF,2025-11-24,118140,1,4,0,257.0
10109802LEMOSF_2025-11-24_G18,10109802LEMOSF,2025-11-24,110740,1,6,0,162.0
10109802LEMOSF_2025-11-24_G19,10109802LEMOSF,2025-11-24,108711,1,4,0,64.0
10109802LEMOSF_2025-11-24_G20,10109802LEMOSF,2025-11-24,140923,1,5,0,173.0
10109802LEMOSF_2025-11-24_G21,10109802LEMOSF,2025-11-24,117855,1,2,0,171.0
10109802LEMOSF_2025-11-24_G22,10109802LEMOSF,2025-11-24,111569,1,6,0,400.0
10109802LEMOSF_2025-11-24_G23,10109802LEMOSF,2025-11-24,118222,1,30,0,2814.0
10109802LEMOSF_2025-11-24_G24,10109802LEMOSF,2025-11-24,111705,1,1,0,2115.0
10109802LEMOSF_2025-11-24_G25,10109802LEMOSF,2025-11-24,108770,1,8,0,217.0
10109802LEMOSF_2025-11-24_G26,10109802LEMOSF,2025-11-24,109976,1,1,0,125.0
10109802LEMOSF_2025-11-24_G28,10109802LEMOSF,2025-11-24,110895,1,30,0,238.0
10109802LEMOSF_2025-11-24_G29,10109802LEMOSF,2025-11-24,108759,1,6,0,414.0
10109802LEMOSF_2025-11-24_G30,10109802LEMOSF,2025-11-24,141916,2,21,19,493.0
10109802LEMOSF_2025-11-24_G31,10109802LEMOSF,2025-11-24,141916,1,9,0,33.0
10109802LEMOSF_2025-11-24_G32,10109802LEMOSF,2025-11-24,110834,1,1,0,428.0
10109802LEMOSF_2025-11-24_G33,10109802LEMOSF,2025-11-24,111466,2,159,7,688.0
10109802LEMOSF_2025-11-24_G35,10109802LEMOSF,2025-11-24,118094,1,5,0,146.0
10109802LEMOSF_2025-11-24_G36,10109802LEMOSF,2025-11-24,117862,1,6,0,168.0
10109802LEMOSF_2025-11-24_G37,10109802LEMOSF,2025-11-24,110372,1,20,0,197.0
10109802LEMOSF_2025-11-24_G38,10109802LEMOSF,2025-11-24,111569,1,50,0,380.0
10109802LEMOSF_2025-11-24_G39,10109802LEMOSF,2025-11-24,111441,1,100,0,409.0
10109802LEMOSF_2025-11-24_G40,10109802LEMOSF,2025-11-24,111438,5,16,30,770.0
10109802LEMOSF_2025-11-24_G41,10109802LEMOSF,2025-11-24,118222,1,40,0,454.0
10109802LEMOSF_2025-11-25_G02,10109802LEMOSF,2025-11-25,111602,1,4,0,113.0
10109802LEMOSF_2025-11-25_G03,10109802LEMOSF,2025-11-25,110895,1,4,0,264.0
10109802LEMOSF_2025-11-25_G04,10109802LEMOSF,2025-11-25,111743,1,1,0,223.0
10109802LEMOSF_2025-11-25_G05,10109802LEMOSF,2025-11-25,117838,1,4,0,191.0
10109802LEMOSF_2025-11-25_G06,10109802LEMOSF,2025-11-25,140922,1,6,0,77.0
10109802LEMOSF_2025-11-25_G07,10109802LEMOSF,2025-11-25,117787,1,4,0,142.0
10109802LEMOSF_2025-11-25_G08,10109802LEMOSF,2025-11-25,141457,1,2,0,59.0
10109802LEMOSF_2025-11-25_G09,10109802LEMOSF,2025-11-25,141456,1,2,0,115.0
10109802LEMOSF_2025-11-25_G10,10109802LEMOSF,2025-11-25,111530,1,2,0,190.0
10109802LEMOSF_2025-11-25_G11,10109802LEMOSF,2025-11-25,110313,1,6,0,100.0
10109802LEMOSF_2025-11-25_G12,10109802LEMOSF,2025-11-25,110711,1,6,0,215.0
10109802LEMOSF_2025-11-25_G13,10109802LEMOSF,2025-11-25,110895,1,1,0,193.0
10109802LEMOSF_2025-11-25_G14,10109802LEMOSF,2025-11-25,109645,1,4,0,353.0
10109802LEMOSF_2025-11-25_G15,10109802LEMOSF,2025-11-25,108795,1,8,0,206.0
10109802LEMOSF_2025-11-25_G16,10109802LEMOSF,2025-11-25,111434,1,4,0,623.0
10109802LEMOSF_2025-11-25_G17,10109802LEMOSF,2025-11-25,"110740, 117838",2,4,28,1557.0
10109802LEMOSF_2025-11-25_G18,10109802LEMOSF,2025-11-25,111348,1,2,0,39.0
10109802LEMOSF_2025-11-25_G19,10109802LEMOSF,2025-11-25,111463,1,1,0,93.0
10109802LEMOSF_2025-11-25_G20,10109802LEMOSF,2025-11-25,111418,1,12,0,56.0
10109802LEMOSF_2025-11-25_G21,10109802LEMOSF,2025-11-25,117833,1,6,0,190.0
10109802LEMOSF_2025-11-25_G22,10109802LEMOSF,2025-11-25,111465,1,6,0,173.0
10109802LEMOSF_2025-11-25_G23,10109802LEMOSF,2025-11-25,110332,1,3,0,119.0
10109802LEMOSF_2025-11-25_G24,10109802LEMOSF,2025-11-25,111418,1,13,0,1426.0
10109802LEMOSF_2025-11-25_G25,10109802LEMOSF,2025-11-25,111466,1,4,0,252.0
10109802LEMOSF_2025-11-25_G26,10109802LEMOSF,2025-11-25,111530,1,6,0,79.0
10109802LEMOSF_2025-11-25_G27,10109802LEMOSF,2025-11-25,111438,1,8,0,233.0
10109802LEMOSF_2025-11-25_G28,10109802LEMOSF,2025-11-25,110895,1,8,0,291.0
10109802LEMOSF_2025-11-25_G29,10109802LEMOSF,2025-11-25,111172,1,20,0,282.0
10109802LEMOSF_2025-11-25_G30,10109802LEMOSF,2025-11-25,107236,1,2,0,311.0
10109802LEMOSF_2025-11-25_G31,10109802LEMOSF,2025-11-25,111569,1,3,0,741.0
10109802LEMOSF_2025-11-25_G32,10109802LEMOSF,2025-11-25,110747,1,2,0,173.0
10109802LEMOSF_2025-11-25_G33,10109802LEMOSF,2025-11-25,117856,1,4,0,210.0
10109802LEMOSF_2025-11-25_G34,10109802LEMOSF,2025-11-25,117935,1,1,0,55.0
10109802LEMOSF_2025-11-25_G35,10109802LEMOSF,2025-11-25,118140,1,3,0,197.0
10109802LEMOSF_2025-11-25_G36,10109802LEMOSF,2025-11-25,111463,1,2,0,86.0
10109802LEMOSF_2025-11-25_G37,10109802LEMOSF,2025-11-25,108711,1,1,0,61.0
10109802LEMOSF_2025-11-25_G38,10109802LEMOSF,2025-11-25,117808,1,2,0,73.0
10109802LEMOSF_2025-11-25_G39,10109802LEMOSF,2025-11-25,"110373, 110372",2,10,11,60.0
10109802LEMOSF_2025-11-25_G40,10109802LEMOSF,2025-11-25,110371,1,3,0,166.0
10109802LEMOSF_2025-11-25_G42,10109802LEMOSF,2025-11-25,110745,1,8,0,226.0
10109802LEMOSF_2025-11-25_G43,10109802LEMOSF,2025-11-25,141457,1,7,0,288.0
10109802LEMOSF_2025-11-25_G44,10109802LEMOSF,2025-11-25,141456,1,12,0,140.0
10109802LEMOSF_2025-11-25_G45,10109802LEMOSF,2025-11-25,141823,1,16,0,111.0
10109802LEMOSF_2025-11-25_G46,10109802LEMOSF,2025-11-25,117840,1,1,0,203.0
10109802LEMOSF_2025-11-25_G47,10109802LEMOSF,2025-11-25,117808,1,30,0,306.0
10109802LEMOSF_2025-11-25_G48,10109802LEMOSF,2025-11-25,110373,1,10,0,211.0
10109802LEMOSF_2025-11-25_G49,10109802LEMOSF,2025-11-25,110371,1,15,0,110.0
10109802LEMOSF_2025-11-25_G50,10109802LEMOSF,2025-11-25,110741,1,2,0,716.0
10109802LEMOSF_2025-11-25_G51,10109802LEMOSF,2025-11-25,111569,1,14,0,57.0
10109802LEMOSF_2025-11-25_G52,10109802LEMOSF,2025-11-25,111441,2,16,11,340.0
10109802LEMOSF_2025-11-25_G53,10109802LEMOSF,2025-11-25,117822,1,6,0,1809.0
10109802LEMOSF_2025-11-25_G54,10109802LEMOSF,2025-11-25,110373,1,24,0,197.0
10109802LEMOSF_2025-11-25_G55,10109802LEMOSF,2025-11-25,110372,1,12,0,200.0
10109802LEMOSF_2025-11-25_G56,10109802LEMOSF,2025-11-25,117832,1,12,0,223.0
10109802LEMOSF_2025-11-25_G57,10109802LEMOSF,2025-11-25,109643,1,8,0,245.0
10109802LEMOSF_2025-11-25_G58,10109802LEMOSF,2025-11-25,140923,1,6,0,260.0
10109802LEMOSF_2025-11-25_G59,10109802LEMOSF,2025-11-25,140922,1,4,0,200.0
10109802LEMOSF_2025-11-25_G60,10109802LEMOSF,2025-11-25,111463,1,8,0,145.0
10109802LEMOSF_2025-11-25_G61,10109802LEMOSF,2025-11-25,111442,1,8,0,383.0
10109802LEMOSF_2025-11-25_G62,10109802LEMOSF,2025-11-25,111466,1,8,0,57.0
10109802LEMOSF_2025-11-25_G63,10109802LEMOSF,2025-11-25,111569,1,4,0,227.0
10109802LEMOSF_2025-11-25_G64,10109802LEMOSF,2025-11-25,110747,1,1,0,172.0
10109802LEMOSF_2025-11-25_G65,10109802LEMOSF,2025-11-25,110711,1,4,0,316.0
10109802LEMOSF_2025-11-25_G66,10109802LEMOSF,2025-11-25,111602,1,5,0,157.0
10109802LEMOSF_2025-11-25_G67,10109802LEMOSF,2025-11-25,111532,1,1,0,73.0
10109802LEMOSF_2025-11-25_G68,10109802LEMOSF,2025-11-25,"110711, 118140",4,26,46,671.0
10109802LEMOSF_2025-11-26_G02,10109802LEMOSF,2025-11-26,117820,1,50,0,698.0
10109802LEMOSF_2025-11-26_G03,10109802LEMOSF,2025-11-26,117830,1,8,0,229.0
10109802LEMOSF_2025-11-26_G04,10109802LEMOSF,2025-11-26,117808,1,30,0,1613.0
10109802LEMOSF_2025-11-26_G05,10109802LEMOSF,2025-11-26,110372,2,80,14,413.0
10109802LEMOSF_2025-11-26_G06,10109802LEMOSF,2025-11-26,110372,1,61,0,294.0
10109802LEMOSF_2025-11-26_G07,10109802LEMOSF,2025-11-26,117832,1,30,0,979.0
10109802LEMOSF_2025-11-26_G09,10109802LEMOSF,2025-11-26,111569,1,2,0,55.0
10109802LEMOSF_2025-11-26_G10,10109802LEMOSF,2025-11-26,108411,1,4,0,154.0
10109802LEMOSF_2025-11-26_G11,10109802LEMOSF,2025-11-26,110081,1,3,0,107.0
10109802LEMOSF_2025-11-26_G12,10109802LEMOSF,2025-11-26,111660,1,6,0,225.0
10109802LEMOSF_2025-11-26_G13,10109802LEMOSF,2025-11-26,117820,1,50,0,476.0
10109802LEMOSF_2025-11-26_G14,10109802LEMOSF,2025-11-26,117808,1,373,0,790.0
10109802LEMOSF_2025-11-26_G15,10109802LEMOSF,2025-11-26,118299,1,50,0,86.0
10109802LEMOSF_2025-11-26_G16,10109802LEMOSF,2025-11-26,109643,1,8,0,399.0
10109802LEMOSF_2025-11-26_G17,10109802LEMOSF,2025-11-26,111446,1,54,0,1463.0
10109802LEMOSF_2025-11-26_G18,10109802LEMOSF,2025-11-26,111431,1,44,0,481.0
10109802LEMOSF_2025-11-26_G19,10109802LEMOSF,2025-11-26,117787,2,19,11,315.0
10109802LEMOSF_2025-11-26_G20,10109802LEMOSF,2025-11-26,110749,1,50,0,582.0
10109802LEMOSF_2025-11-26_G21,10109802LEMOSF,2025-11-26,110754,2,46,11,318.0
10109802LEMOSF_2025-11-26_G22,10109802LEMOSF,2025-11-26,111436,1,1,0,311.0
10109802LEMOSF_2025-11-26_G23,10109802LEMOSF,2025-11-26,118285,1,6,0,590.0
10109802LEMOSF_2025-11-26_G24,10109802LEMOSF,2025-11-26,111532,1,4,0,227.0
10109802LEMOSF_2025-11-26_G25,10109802LEMOSF,2025-11-26,111467,1,10,0,88.0
10109802LEMOSF_2025-11-26_G26,10109802LEMOSF,2025-11-26,111602,1,130,0,329.0
10109802LEMOSF_2025-11-26_G27,10109802LEMOSF,2025-11-26,111602,1,20,0,32.0
10109802LEMOSF_2025-11-28_G02,10109802LEMOSF,2025-11-28,110372,2,503,11,336.0
10109802LEMOSF_2025-11-28_G03,10109802LEMOSF,2025-11-28,111418,1,310,0,1158.0
10109802LEMOSF_2025-11-28_G04,10109802LEMOSF,2025-11-28,111532,1,30,0,626.0
10109802LEMOSF_2025-11-28_G05,10109802LEMOSF,2025-11-28,111466,1,150,0,499.0
10109802LEMOSF_2025-11-28_G06,10109802LEMOSF,2025-11-28,111530,2,91,13,1214.0
10109802LEMOSF_2025-11-28_G07,10109802LEMOSF,2025-11-28,111530,1,16,0,51.0
10109802LEMOSF_2025-11-28_G08,10109802LEMOSF,2025-11-28,117855,1,6,0,630.0
10109802LEMOSF_2025-11-29_G02,10109802LEMOSF,2025-11-29,117855,1,4,0,154.0
10109802LEMOSF_2025-11-29_G03,10109802LEMOSF,2025-11-29,117808,1,10,0,604.0
10109802LEMOSF_2025-11-29_G04,10109802LEMOSF,2025-11-29,118299,1,10,0,114.0
10109802LEMOSF_2025-11-29_G05,10109802LEMOSF,2025-11-29,111530,1,2,0,281.0
10109802LEMOSF_2025-11-29_G06,10109802LEMOSF,2025-11-29,110895,1,1,0,227.0
10109802LEMOSF_2025-11-29_G07,10109802LEMOSF,2025-11-29,111530,1,4,0,280.0
10109802LEMOSF_2025-11-29_G08,10109802LEMOSF,2025-11-29,111418,1,4,0,84.0
10109802LEMOSF_2025-11-29_G09,10109802LEMOSF,2025-11-29,117808,1,10,0,136.0
10109802LEMOSF_2025-11-29_G10,10109802LEMOSF,2025-11-29,118299,1,16,0,129.0
10109802LEMOSF_2025-11-29_G11,10109802LEMOSF,2025-11-29,111438,1,3,0,456.0
10109802LEMOSF_2025-11-29_G12,10109802LEMOSF,2025-11-29,111530,1,2,0,86.0
10109802LEMOSF_2025-11-29_G13,10109802LEMOSF,2025-11-29,118306,1,1,0,398.0
10109802LEMOSF_2025-11-29_G14,10109802LEMOSF,2025-11-29,111530,1,10,0,371.0
10109802LEMOSF_2025-11-29_G15,10109802LEMOSF,2025-11-29,117855,1,4,0,197.0
10109802LEMOSF_2025-11-29_G16,10109802LEMOSF,2025-11-29,117831,1,2,0,76.0
10109802LEMOSF_2025-11-29_G17,10109802LEMOSF,2025-11-29,118317,1,1,0,154.0
10109802LEMOSF_2025-11-29_G18,10109802LEMOSF,2025-11-29,117808,1,10,0,2819.0
10109802LEMOSF_2025-11-29_G19,10109802LEMOSF,2025-11-29,118299,1,10,0,131.0
10109802LEMOSF_2025-11-29_G20,10109802LEMOSF,2025-11-29,111530,1,8,0,303.0
10109802LEMOSF_2025-11-29_G21,10109802LEMOSF,2025-11-29,110374,1,6,0,248.0
10109802LEMOSF_2025-11-29_G22,10109802LEMOSF,2025-11-29,111602,1,6,0,283.0
10109802LEMOSF_2025-11-29_G23,10109802LEMOSF,2025-11-29,117808,2,40,14,362.0
10109802LEMOSF_2025-11-29_G24,10109802LEMOSF,2025-11-29,110711,1,20,0,621.0
10109802LEMOSF_2025-11-29_G25,10109802LEMOSF,2025-11-29,111172,1,10,0,122.0
10109802LEMOSF_2025-11-29_G26,10109802LEMOSF,2025-11-29,111418,1,36,0,406.0
10109802LEMOSF_2025-11-29_G27,10109802LEMOSF,2025-11-29,111418,1,14,0,34.0
10109802LEMOSF_2025-11-29_G28,10109802LEMOSF,2025-11-29,111602,1,8,0,490.0
10109802LEMOSF_2025-11-29_G29,10109802LEMOSF,2025-11-29,111530,1,9,0,350.0
10109802LEMOSF_2025-11-29_G30,10109802LEMOSF,2025-11-29,110374,1,1,0,234.0
10109802LEMOSF_2025-11-29_G31,10109802LEMOSF,2025-11-29,111530,1,2,0,268.0
10109802LEMOSF_2025-11-29_G32,10109802LEMOSF,2025-11-29,117822,1,2,0,95.0
10109802LEMOSF_2025-11-29_G33,10109802LEMOSF,2025-11-29,111602,2,50,25,301.0
10109802LEMOSF_2025-11-29_G34,10109802LEMOSF,2025-11-29,111530,1,25,0,381.0
10109802LEMOSF_2025-11-29_G36,10109802LEMOSF,2025-11-29,117820,2,105,13,193.0
10109802LEMOSF_2025-11-29_G37,10109802LEMOSF,2025-11-29,117830,1,21,0,207.0
10109802LEMOSF_2025-11-29_G38,10109802LEMOSF,2025-11-29,110375,1,34,0,411.0
10109802LEMOSF_2025-11-29_G39,10109802LEMOSF,2025-11-29,117808,1,60,0,277.0
10109802LEMOSF_2025-11-29_G40,10109802LEMOSF,2025-11-29,110372,1,205,0,512.0
10109802LEMOSF_2025-11-29_G41,10109802LEMOSF,2025-11-29,118299,2,87,11,247.0
10109802LEMOSF_2025-11-29_G42,10109802LEMOSF,2025-11-29,117808,1,78,0,502.0
10109802LEMOSF_2025-11-29_G43,10109802LEMOSF,2025-11-29,117808,1,181,0,146.0
10109802LEMOSF_2025-11-29_G44,10109802LEMOSF,2025-11-29,109643,1,8,0,485.0
10109802LEMOSF_2025-11-29_G45,10109802LEMOSF,2025-11-29,110373,1,36,0,953.0
10109802LEMOSF_2025-11-29_G46,10109802LEMOSF,2025-11-29,118330,1,30,0,368.0
10109802LEMOSF_2025-11-29_G47,10109802LEMOSF,2025-11-29,118317,3,19,23,1011.0
10109802LEMOSF_2025-11-29_G48,10109802LEMOSF,2025-11-29,110313,1,2,0,1508.0
10109802LEMOSF_2025-11-29_G49,10109802LEMOSF,2025-11-29,117935,2,3,11,327.0
10109802LEMOSF_2025-11-29_G50,10109802LEMOSF,2025-11-29,140923,1,7,0,81.0
10109802LEMOSF_2025-11-29_G51,10109802LEMOSF,2025-11-29,111467,2,7,18,162.0
10109802LEMOSF_2025-11-29_G52,10109802LEMOSF,2025-11-29,118298,1,4,0,155.0
10109802LEMOSF_2025-11-29_G53,10109802LEMOSF,2025-11-29,110733,1,5,0,131.0
10109802LEMOSF_2025-11-29_G54,10109802LEMOSF,2025-11-29,117856,2,26,10,46.0
10109802LEMOSF_2025-11-29_G55,10109802LEMOSF,2025-11-29,141066,1,4,0,580.0
10109802LEMOSF_2025-11-29_G56,10109802LEMOSF,2025-11-29,111530,6,80,67,518.0
10109802LEMOSF_2025-12-02_G02,10109802LEMOSF,2025-12-02,117820,1,8,0,931.0
10109802LEMOSF_2025-12-02_G03,10109802LEMOSF,2025-12-02,109640,1,10,0,210.0
10109802LEMOSF_2025-12-02_G04,10109802LEMOSF,2025-12-02,110623,1,2,0,365.0
10109802LEMOSF_2025-12-02_G05,10109802LEMOSF,2025-12-02,110582,1,5,0,316.0
10109802LEMOSF_2025-12-02_G06,10109802LEMOSF,2025-12-02,110374,1,3,0,182.0
10109802LEMOSF_2025-12-02_G07,10109802LEMOSF,2025-12-02,110325,1,4,0,83.0
10109802LEMOSF_2025-12-02_G08,10109802LEMOSF,2025-12-02,109643,1,2,0,72.0
10109802LEMOSF_2025-12-02_G09,10109802LEMOSF,2025-12-02,110313,1,1,0,103.0
10109802LEMOSF_2025-12-02_G10,10109802LEMOSF,2025-12-02,117853,1,1,0,117.0
10109802LEMOSF_2025-12-02_G11,10109802LEMOSF,2025-12-02,107629,1,2,0,66.0
10109802LEMOSF_2025-12-02_G12,10109802LEMOSF,2025-12-02,111602,1,6,0,87.0
10109802LEMOSF_2025-12-02_G13,10109802LEMOSF,2025-12-02,141456,1,5,0,199.0
10109802LEMOSF_2025-12-02_G14,10109802LEMOSF,2025-12-02,110748,1,2,0,193.0
10109802LEMOSF_2025-12-02_G15,10109802LEMOSF,2025-12-02,111462,1,4,0,59.0
10109802LEMOSF_2025-12-02_G16,10109802LEMOSF,2025-12-02,111743,1,2,0,98.0
10109802LEMOSF_2025-12-02_G17,10109802LEMOSF,2025-12-02,140922,1,5,0,78.0
10109802LEMOSF_2025-12-02_G18,10109802LEMOSF,2025-12-02,111469,1,3,0,68.0
10109802LEMOSF_2025-12-02_G19,10109802LEMOSF,2025-12-02,117833,1,5,0,145.0
10109802LEMOSF_2025-12-02_G20,10109802LEMOSF,2025-12-02,111466,1,6,0,88.0
10109802LEMOSF_2025-12-02_G21,10109802LEMOSF,2025-12-02,141458,1,4,0,66.0
10109802LEMOSF_2025-12-02_G22,10109802LEMOSF,2025-12-02,118140,1,2,0,247.0
10109802LEMOSF_2025-12-03_G02,10109802LEMOSF,2025-12-03,111743,1,20,0,219.0
10109802LEMOSF_2025-12-03_G03,10109802LEMOSF,2025-12-03,111418,1,18,0,233.0
10109802LEMOSF_2025-12-03_G04,10109802LEMOSF,2025-12-03,111466,1,56,0,258.0
10109802LEMOSF_2025-12-03_G05,10109802LEMOSF,2025-12-03,110895,1,46,0,352.0
10109802LEMOSF_2025-12-03_G06,10109802LEMOSF,2025-12-03,111438,1,12,0,235.0
10109802LEMOSF_2025-12-03_G07,10109802LEMOSF,2025-12-03,118417,1,1,0,409.0
10109802LEMOSF_2025-12-03_G08,10109802LEMOSF,2025-12-03,110371,1,23,0,122.0
10109802LEMOSF_2025-12-03_G09,10109802LEMOSF,2025-12-03,110372,1,16,0,206.0
10109802LEMOSF_2025-12-03_G10,10109802LEMOSF,2025-12-03,117832,1,9,0,113.0
10109802LEMOSF_2025-12-03_G11,10109802LEMOSF,2025-12-03,118299,1,200,0,203.0
10109802LEMOSF_2025-12-03_G12,10109802LEMOSF,2025-12-03,118094,1,8,0,191.0
10109802LEMOSF_2025-12-03_G13,10109802LEMOSF,2025-12-03,117935,1,36,0,245.0
10109802LEMOSF_2025-12-03_G14,10109802LEMOSF,2025-12-03,110339,1,50,0,315.0
10109802LEMOSF_2025-12-03_G15,10109802LEMOSF,2025-12-03,111530,1,47,0,652.0
10109802LEMOSF_2025-12-03_G16,10109802LEMOSF,2025-12-03,117808,1,200,0,459.0
10109802LEMOSF_2025-12-03_G17,10109802LEMOSF,2025-12-03,110374,1,10,0,408.0
10109802LEMOSF_2025-12-03_G18,10109802LEMOSF,2025-12-03,109640,1,13,0,233.0
10109802LEMOSF_2025-12-03_G19,10109802LEMOSF,2025-12-03,111462,1,7,0,193.0
10109802LEMOSF_2025-12-03_G20,10109802LEMOSF,2025-12-03,117831,1,12,0,190.0
10109802LEMOSF_2025-12-05_G02,10109802LEMOSF,2025-12-05,141823,1,4,0,194.0
10109802LEMOSF_2025-12-05_G03,10109802LEMOSF,2025-12-05,118140,1,8,0,45.0
10109802LEMOSF_2025-12-05_G04,10109802LEMOSF,2025-12-05,140922,1,2,0,104.0
10109802LEMOSF_2025-12-05_G05,10109802LEMOSF,2025-12-05,111602,1,8,0,108.0
10109802LEMOSF_2025-12-05_G06,10109802LEMOSF,2025-12-05,140911,1,1,0,178.0
10109802LEMOSF_2025-12-05_G07,10109802LEMOSF,2025-12-05,140911,1,4,0,78.0
10109802LEMOSF_2025-12-05_G08,10109802LEMOSF,2025-12-05,117935,1,1,0,284.0
10109802LEMOSF_2025-12-05_G09,10109802LEMOSF,2025-12-05,117855,2,12,11,514.0
10109802LEMOSF_2025-12-05_G10,10109802LEMOSF,2025-12-05,111462,1,2,0,274.0
10109802LEMOSF_2025-12-05_G11,10109802LEMOSF,2025-12-05,111418,3,26,16,191.0
10109802LEMOSF_2025-12-05_G12,10109802LEMOSF,2025-12-05,110374,1,8,0,324.0
10109802LEMOSF_2025-12-05_G13,10109802LEMOSF,2025-12-05,"110372, 118299",2,40,24,625.0
10109802LEMOSF_2025-12-05_G14,10109802LEMOSF,2025-12-05,110371,1,15,0,1207.0
10109802LEMOSF_2025-12-05_G15,10109802LEMOSF,2025-12-05,117808,1,296,0,220.0
10109802LEMOSF_2025-12-05_G16,10109802LEMOSF,2025-12-05,110372,1,24,0,668.0
10109802LEMOSF_2025-12-05_G17,10109802LEMOSF,2025-12-05,118299,1,88,0,301.0
10109802LEMOSF_2025-12-05_G18,10109802LEMOSF,2025-12-05,110325,1,2,0,268.0
10109802LEMOSF_2025-12-05_G19,10109802LEMOSF,2025-12-05,"111469, 111462",2,17,28,214.0
10109802LEMOSF_2025-12-05_G20,10109802LEMOSF,2025-12-05,108711,1,5,0,229.0
10109802LEMOSF_2025-12-05_G21,10109802LEMOSF,2025-12-05,111435,1,6,0,340.0
10109802LEMOSF_2025-12-05_G22,10109802LEMOSF,2025-12-05,111465,1,5,0,117.0
10109802LEMOSF_2025-12-05_G23,10109802LEMOSF,2025-12-05,118222,1,24,0,224.0
10109802LEMOSF_2025-12-05_G24,10109802LEMOSF,2025-12-05,117835,1,10,0,256.0
10109802LEMOSF_2025-12-05_G25,10109802LEMOSF,2025-12-05,110747,1,2,0,384.0
10109802LEMOSF_2025-12-05_G26,10109802LEMOSF,2025-12-05,100334,1,9,0,108.0
10109802LEMOSF_2025-12-05_G27,10109802LEMOSF,2025-12-05,118222,1,126,0,976.0
10109802LEMOSF_2025-12-05_G29,10109802LEMOSF,2025-12-05,110129,1,10,0,484.0
10109802LEMOSF_2025-12-05_G30,10109802LEMOSF,2025-12-05,"141823, 118140",2,58,15,429.0
10109802LEMOSF_2025-12-05_G31,10109802LEMOSF,2025-12-05,105705,1,10,0,450.0
10109802LEMOSF_2025-12-05_G32,10109802LEMOSF,2025-12-05,111182,1,8,0,277.0
10109802LEMOSF_2025-12-05_G33,10109802LEMOSF,2025-12-05,110745,1,40,0,145.0
10109802LEMOSF_2025-12-05_G34,10109802LEMOSF,2025-12-05,111462,1,50,0,560.0
10109802LEMOSF_2025-12-05_G35,10109802LEMOSF,2025-12-05,117831,1,30,0,242.0
10109802LEMOSF_2025-12-05_G36,10109802LEMOSF,2025-12-05,107236,1,20,0,431.0
10109802LEMOSF_2025-12-05_G37,10109802LEMOSF,2025-12-05,117787,1,6,0,268.0
10109802LEMOSF_2025-12-05_G38,10109802LEMOSF,2025-12-05,141457,1,40,0,51.0
10109802LEMOSF_2025-12-05_G39,10109802LEMOSF,2025-12-05,111466,1,50,0,447.0
10109802LEMOSF_2025-12-05_G40,10109802LEMOSF,2025-12-05,117821,1,60,0,551.0
10109802LEMOSF_2025-12-05_G41,10109802LEMOSF,2025-12-05,141458,1,50,0,447.0
10109802LEMOSF_2025-12-05_G42,10109802LEMOSF,2025-12-05,118317,1,4,0,600.0
10109802LEMOSF_2025-12-05_G43,10109802LEMOSF,2025-12-05,109645,1,37,0,1393.0
10109802LEMOSF_2025-12-05_G44,10109802LEMOSF,2025-12-05,111743,1,14,0,492.0
10109802LEMOSF_2025-12-05_G45,10109802LEMOSF,2025-12-05,110740,1,21,0,188.0
10109802LEMOSF_2025-12-05_G46,10109802LEMOSF,2025-12-05,110743,1,48,0,195.0
10109802LEMOSF_2025-12-08_G02,10109802LEMOSF,2025-12-08,109645,1,6,0,453.0
10109802LEMOSF_2025-12-08_G03,10109802LEMOSF,2025-12-08,111743,1,150,0,355.0
10109802LEMOSF_2025-12-08_G04,10109802LEMOSF,2025-12-08,111468,1,161,0,307.0
10109802LEMOSF_2025-12-08_G05,10109802LEMOSF,2025-12-08,117831,1,270,0,622.0
10109802LEMOSF_2025-12-08_G06,10109802LEMOSF,2025-12-08,111466,1,324,0,1267.0
10109802LEMOSF_2025-12-08_G07,10109802LEMOSF,2025-12-08,141458,1,180,0,432.0
10109802LEMOSF_2025-12-08_G08,10109802LEMOSF,2025-12-08,108772,1,2,0,347.0
10109802LEMOSF_2025-12-09_G02,10109802LEMOSF,2025-12-09,109641,1,4,0,272.0
10109802LEMOSF_2025-12-09_G03,10109802LEMOSF,2025-12-09,110371,1,7,0,78.0
10109802LEMOSF_2025-12-09_G04,10109802LEMOSF,2025-12-09,111468,1,10,0,121.0
10109802LEMOSF_2025-12-09_G05,10109802LEMOSF,2025-12-09,111879,1,1,0,225.0
10109802LEMOSF_2025-12-09_G06,10109802LEMOSF,2025-12-09,117855,1,8,0,146.0
10109802LEMOSF_2025-12-09_G07,10109802LEMOSF,2025-12-09,140923,1,17,0,251.0
10109802LEMOSF_2025-12-09_G08,10109802LEMOSF,2025-12-09,109640,1,8,0,128.0
10109802LEMOSF_2025-12-09_G09,10109802LEMOSF,2025-12-09,118418,1,1,0,1074.0
10109802LEMOSF_2025-12-09_G10,10109802LEMOSF,2025-12-09,108770,1,5,0,183.0
10109802LEMOSF_2025-12-09_G11,10109802LEMOSF,2025-12-09,111569,1,4,0,277.0
10109802LEMOSF_2025-12-09_G12,10109802LEMOSF,2025-12-09,110895,1,15,0,50.0
10109802LEMOSF_2025-12-09_G13,10109802LEMOSF,2025-12-09,118283,1,26,0,294.0
10109802LEMOSF_2025-12-09_G14,10109802LEMOSF,2025-12-09,107254,1,4,0,612.0
10109802LEMOSF_2025-12-09_G15,10109802LEMOSF,2025-12-09,111438,2,23,11,171.0
10109802LEMOSF_2025-12-09_G16,10109802LEMOSF,2025-12-09,111438,1,8,0,793.0
10109802LEMOSF_2025-12-09_G17,10109802LEMOSF,2025-12-09,111356,1,4,0,331.0
10109802LEMOSF_2025-12-09_G18,10109802LEMOSF,2025-12-09,118253,1,4,0,278.0
10109802LEMOSF_2025-12-09_G19,10109802LEMOSF,2025-12-09,118417,2,4,9,119.0
10109802LEMOSF_2025-12-09_G20,10109802LEMOSF,2025-12-09,110354,1,2,0,119.0
10109802LEMOSF_2025-12-09_G21,10109802LEMOSF,2025-12-09,100334,1,1,0,151.0
10109802LEMOSF_2025-12-09_G22,10109802LEMOSF,2025-12-09,111851,1,2,0,122.0
10109802LEMOSF_2025-12-09_G23,10109802LEMOSF,2025-12-09,107892,1,4,0,235.0
10109802LEMOSF_2025-12-09_G26,10109802LEMOSF,2025-12-09,117861,1,10,0,456.0
10109802LEMOSF_2025-12-09_G27,10109802LEMOSF,2025-12-09,140923,1,25,0,109.0
10109802LEMOSF_2025-12-09_G28,10109802LEMOSF,2025-12-09,117856,1,20,0,1148.0
10109802LEMOSF_2025-12-09_G29,10109802LEMOSF,2025-12-09,111530,1,30,0,238.0
10109802LEMOSF_2025-12-09_G30,10109802LEMOSF,2025-12-09,"117786, 110756",2,41,13,595.0
10109802LEMOSF_2025-12-09_G31,10109802LEMOSF,2025-12-09,110756,1,4,0,281.0
10109802LEMOSF_2025-12-09_G32,10109802LEMOSF,2025-12-09,111602,1,40,0,1104.0
10109802LEMOSF_2025-12-09_G33,10109802LEMOSF,2025-12-09,118299,1,300,0,990.0
10109802LEMOSF_2025-12-09_G34,10109802LEMOSF,2025-12-09,109643,1,20,0,349.0
10109802LEMOSF_2025-12-10_G02,10109802LEMOSF,2025-12-10,105705,1,26,0,571.0
10109802LEMOSF_2025-12-10_G03,10109802LEMOSF,2025-12-10,110374,1,1,0,425.0
10109802LEMOSF_2025-12-10_G04,10109802LEMOSF,2025-12-10,117808,1,8,0,54.0
10109802LEMOSF_2025-12-10_G05,10109802LEMOSF,2025-12-10,117809,1,2,0,78.0
10109802LEMOSF_2025-12-10_G06,10109802LEMOSF,2025-12-10,117822,1,1,0,52.0
10109802LEMOSF_2025-12-10_G07,10109802LEMOSF,2025-12-10,110376,1,4,0,107.0
10109802LEMOSF_2025-12-10_G08,10109802LEMOSF,2025-12-10,117832,1,2,0,85.0
10109802LEMOSF_2025-12-10_G09,10109802LEMOSF,2025-12-10,110375,1,2,0,80.0
10109802LEMOSF_2025-12-10_G10,10109802LEMOSF,2025-12-10,110372,1,2,0,85.0
10109802LEMOSF_2025-12-10_G11,10109802LEMOSF,2025-12-10,110325,1,2,0,144.0
10109802LEMOSF_2025-12-10_G12,10109802LEMOSF,2025-12-10,141202,1,2,0,57.0
10109802LEMOSF_2025-12-10_G13,10109802LEMOSF,2025-12-10,140923,1,2,0,133.0
10109802LEMOSF_2025-12-10_G14,10109802LEMOSF,2025-12-10,110339,1,4,0,82.0
10109802LEMOSF_2025-12-10_G15,10109802LEMOSF,2025-12-10,117855,1,3,0,159.0
10109802LEMOSF_2025-12-10_G16,10109802LEMOSF,2025-12-10,108772,1,2,0,61.0
10109802LEMOSF_2025-12-10_G17,10109802LEMOSF,2025-12-10,109648,1,4,0,851.0
10109802LEMOSF_2025-12-10_G18,10109802LEMOSF,2025-12-10,110376,2,2,24,209.0
10109802LEMOSF_2025-12-10_G19,10109802LEMOSF,2025-12-10,109643,1,4,0,81.0
10109802LEMOSF_2025-12-10_G20,10109802LEMOSF,2025-12-10,110373,1,80,0,94.0
10109802LEMOSF_2025-12-10_G21,10109802LEMOSF,2025-12-10,140923,1,50,0,540.0
10109802LEMOSF_2025-12-10_G22,10109802LEMOSF,2025-12-10,111602,1,7,0,421.0
10109802LEMOSF_2025-12-10_G23,10109802LEMOSF,2025-12-10,141823,1,3,0,75.0
10109802LEMOSF_2025-12-10_G24,10109802LEMOSF,2025-12-10,111468,1,4,0,174.0
10109802LEMOSF_2025-12-10_G25,10109802LEMOSF,2025-12-10,111435,1,2,0,327.0
10109802LEMOSF_2025-12-10_G26,10109802LEMOSF,2025-12-10,141823,1,8,0,386.0
10109802LEMOSF_2025-12-10_G27,10109802LEMOSF,2025-12-10,111466,1,8,0,193.0
10109802LEMOSF_2025-12-10_G28,10109802LEMOSF,2025-12-10,118330,1,4,0,108.0
10109802LEMOSF_2025-12-10_G29,10109802LEMOSF,2025-12-10,141202,1,8,0,95.0
10109802LEMOSF_2025-12-10_G30,10109802LEMOSF,2025-12-10,110895,1,4,0,302.0
10109802LEMOSF_2025-12-10_G31,10109802LEMOSF,2025-12-10,110733,1,2,0,124.0
10109802LEMOSF_2025-12-10_G32,10109802LEMOSF,2025-12-10,110711,1,4,0,69.0
10109802LEMOSF_2025-12-10_G33,10109802LEMOSF,2025-12-10,111172,2,4,8,744.0
10109802LEMOSF_2025-12-10_G34,10109802LEMOSF,2025-12-10,108794,1,2,0,106.0
10109802LEMOSF_2025-12-10_G35,10109802LEMOSF,2025-12-10,111418,1,4,0,132.0
10109802LEMOSF_2025-12-10_G36,10109802LEMOSF,2025-12-10,111462,1,2,0,73.0
10109802LEMOSF_2025-12-10_G37,10109802LEMOSF,2025-12-10,110740,1,3,0,108.0
10109802LEMOSF_2025-12-10_G38,10109802LEMOSF,2025-12-10,117832,1,4,0,131.0
10109802LEMOSF_2025-12-10_G39,10109802LEMOSF,2025-12-10,118299,1,9,0,194.0
10109802LEMOSF_2025-12-10_G40,10109802LEMOSF,2025-12-10,111530,1,3,0,88.0
10109802LEMOSF_2025-12-10_G41,10109802LEMOSF,2025-12-10,110895,1,2,0,243.0
10109802LEMOSF_2025-12-10_G42,10109802LEMOSF,2025-12-10,118140,1,4,0,375.0
10109802LEMOSF_2025-12-10_G43,10109802LEMOSF,2025-12-10,110733,1,4,0,240.0
10109802LEMOSF_2025-12-10_G44,10109802LEMOSF,2025-12-10,141823,1,10,0,195.0
10109802LEMOSF_2025-12-10_G45,10109802LEMOSF,2025-12-10,108711,1,10,0,139.0
10109802LEMOSF_2025-12-10_G46,10109802LEMOSF,2025-12-10,111418,1,4,0,132.0
10109802LEMOSF_2025-12-10_G47,10109802LEMOSF,2025-12-10,117787,1,4,0,448.0
10109802LEMOSF_2025-12-10_G48,10109802LEMOSF,2025-12-10,110733,1,4,0,166.0
10109802LEMOSF_2025-12-10_G50,10109802LEMOSF,2025-12-10,111743,1,4,0,165.0
10109802LEMOSF_2025-12-10_G51,10109802LEMOSF,2025-12-10,117838,1,4,0,200.0
10109802LEMOSF_2025-12-10_G52,10109802LEMOSF,2025-12-10,108711,1,4,0,106.0
10109802LEMOSF_2025-12-10_G53,10109802LEMOSF,2025-12-10,141457,1,3,0,89.0
10109802LEMOSF_2025-12-10_G54,10109802LEMOSF,2025-12-10,109641,1,4,0,57.0
10109802LEMOSF_2025-12-10_G55,10109802LEMOSF,2025-12-10,108795,1,1,0,121.0
10109802LEMOSF_2025-12-10_G56,10109802LEMOSF,2025-12-10,117831,1,4,0,58.0
10109802LEMOSF_2025-12-10_G57,10109802LEMOSF,2025-12-10,118299,1,20,0,125.0
10109802LEMOSF_2025-12-10_G58,10109802LEMOSF,2025-12-10,117809,1,2,0,308.0
10109802LEMOSF_2025-12-10_G59,10109802LEMOSF,2025-12-10,117832,1,4,0,277.0
10109802LEMOSF_2025-12-10_G60,10109802LEMOSF,2025-12-10,110747,1,2,0,104.0
10109802LEMOSF_2025-12-10_G61,10109802LEMOSF,2025-12-10,140923,1,4,0,219.0
10109802LEMOSF_2025-12-10_G62,10109802LEMOSF,2025-12-10,111602,1,2,0,65.0
10109802LEMOSF_2025-12-10_G63,10109802LEMOSF,2025-12-10,141066,1,2,0,203.0
10109802LEMOSF_2025-12-10_G64,10109802LEMOSF,2025-12-10,140923,1,4,0,1170.0
10109802LEMOSF_2025-12-10_G65,10109802LEMOSF,2025-12-10,111602,1,1,0,152.0
10109802LEMOSF_2025-12-10_G66,10109802LEMOSF,2025-12-10,110733,1,1,0,67.0
10109802LEMOSF_2025-12-10_G67,10109802LEMOSF,2025-12-10,111530,1,2,0,92.0
10109802LEMOSF_2025-12-10_G68,10109802LEMOSF,2025-12-10,111433,1,7,0,3126.0
10109802LEMOSF_2025-12-10_G69,10109802LEMOSF,2025-12-10,117838,1,23,0,112.0
10109802LEMOSF_2025-12-10_G70,10109802LEMOSF,2025-12-10,141823,1,100,0,2064.0
10109802LEMOSF_2025-12-10_G71,10109802LEMOSF,2025-12-10,140922,1,110,0,323.0
10109802LEMOSF_2025-12-10_G72,10109802LEMOSF,2025-12-10,109645,1,75,0,849.0
10109802LEMOSF_2025-12-11_G02,10109802LEMOSF,2025-12-11,"111172, 141456",2,3,29,46.0
10109802LEMOSF_2025-12-11_G03,10109802LEMOSF,2025-12-11,118140,1,34,0,73.0
10109802LEMOSF_2025-12-11_G04,10109802LEMOSF,2025-12-11,118222,1,30,0,655.0
10109802LEMOSF_2025-12-11_G05,10109802LEMOSF,2025-12-11,118094,1,3,0,313.0
10109802LEMOSF_2025-12-11_G06,10109802LEMOSF,2025-12-11,140923,1,3,0,60.0
10109802LEMOSF_2025-12-11_G07,10109802LEMOSF,2025-12-11,110339,1,7,0,94.0
10109802LEMOSF_2025-12-11_G08,10109802LEMOSF,2025-12-11,110752,1,4,0,169.0
10109802LEMOSF_2025-12-11_G09,10109802LEMOSF,2025-12-11,110374,1,15,0,114.0
10109802LEMOSF_2025-12-11_G10,10109802LEMOSF,2025-12-11,117808,1,400,0,432.0
10109802LEMOSF_2025-12-11_G11,10109802LEMOSF,2025-12-11,110371,1,90,0,496.0
10109802LEMOSF_2025-12-11_G13,10109802LEMOSF,2025-12-11,110374,1,4,0,200.0
10109802LEMOSF_2025-12-11_G14,10109802LEMOSF,2025-12-11,117808,1,18,0,79.0
10109802LEMOSF_2025-12-11_G15,10109802LEMOSF,2025-12-11,141823,1,4,0,315.0
10109802LEMOSF_2025-12-11_G16,10109802LEMOSF,2025-12-11,118140,1,4,0,48.0
10109802LEMOSF_2025-12-11_G17,10109802LEMOSF,2025-12-11,111743,1,4,0,225.0
10109802LEMOSF_2025-12-11_G18,10109802LEMOSF,2025-12-11,111602,1,4,0,67.0
10109802LEMOSF_2025-12-11_G19,10109802LEMOSF,2025-12-11,118299,1,23,0,148.0
10109802LEMOSF_2025-12-11_G20,10109802LEMOSF,2025-12-11,110374,1,12,0,169.0
10109802LEMOSF_2025-12-11_G21,10109802LEMOSF,2025-12-11,117808,1,25,0,250.0
10109802LEMOSF_2025-12-11_G22,10109802LEMOSF,2025-12-11,110371,1,12,0,256.0
10109802LEMOSF_2025-12-11_G23,10109802LEMOSF,2025-12-11,110372,1,47,0,168.0
10109802LEMOSF_2025-12-11_G24,10109802LEMOSF,2025-12-11,110325,1,12,0,153.0
10109802LEMOSF_2025-12-11_G25,10109802LEMOSF,2025-12-11,111655,1,15,0,2669.0
10109802LEMOSF_2025-12-11_G26,10109802LEMOSF,2025-12-11,111530,1,11,0,234.0
10109802LEMOSF_2025-12-11_G27,10109802LEMOSF,2025-12-11,111462,1,27,0,156.0
10109802LEMOSF_2025-12-11_G28,10109802LEMOSF,2025-12-11,110740,1,3,0,242.0
10109802LEMOSF_2025-12-11_G30,10109802LEMOSF,2025-12-11,111602,1,4,0,286.0
10109802LEMOSF_2025-12-11_G31,10109802LEMOSF,2025-12-11,110339,1,4,0,31.0
10109802LEMOSF_2025-12-11_G32,10109802LEMOSF,2025-12-11,117856,1,4,0,93.0
10109802LEMOSF_2025-12-11_G33,10109802LEMOSF,2025-12-11,117855,2,6,13,86.0
10109802LEMOSF_2025-12-11_G34,10109802LEMOSF,2025-12-11,110711,1,3,0,141.0
10109802LEMOSF_2025-12-11_G35,10109802LEMOSF,2025-12-11,117808,1,8,0,238.0
10109802LEMOSF_2025-12-11_G36,10109802LEMOSF,2025-12-11,117832,1,6,0,173.0
10109802LEMOSF_2025-12-12_G02,10109802LEMOSF,2025-12-12,118322,1,4,0,199.0
10109802LEMOSF_2025-12-12_G03,10109802LEMOSF,2025-12-12,110339,1,10,0,32.0
10109802LEMOSF_2025-12-12_G04,10109802LEMOSF,2025-12-12,105242,1,1,0,136.0
10109802LEMOSF_2025-12-12_G05,10109802LEMOSF,2025-12-12,117855,1,4,0,116.0
10109802LEMOSF_2025-12-12_G06,10109802LEMOSF,2025-12-12,111655,1,4,0,786.0
10109802LEMOSF_2025-12-12_G07,10109802LEMOSF,2025-12-12,110515,1,4,0,218.0
10109802LEMOSF_2025-12-12_G08,10109802LEMOSF,2025-12-12,111467,1,4,0,2183.0
10109802LEMOSF_2025-12-12_G09,10109802LEMOSF,2025-12-12,109873,1,2,0,226.0
10109802LEMOSF_2025-12-12_G10,10109802LEMOSF,2025-12-12,110500,1,4,0,1369.0
10109802LEMOSF_2025-12-12_G11,10109802LEMOSF,2025-12-12,110895,1,3,0,215.0
10109802LEMOSF_2025-12-12_G12,10109802LEMOSF,2025-12-12,141916,1,2,0,266.0
10109802LEMOSF_2025-12-12_G13,10109802LEMOSF,2025-12-12,110834,1,2,0,177.0
10109802LEMOSF_2025-12-12_G14,10109802LEMOSF,2025-12-12,141456,1,8,0,209.0
10109802LEMOSF_2025-12-12_G15,10109802LEMOSF,2025-12-12,118140,1,6,0,70.0
10109802LEMOSF_2025-12-12_G16,10109802LEMOSF,2025-12-12,108795,1,6,0,55.0
10109802LEMOSF_2025-12-12_G17,10109802LEMOSF,2025-12-12,140922,1,4,0,82.0
10109802LEMOSF_2025-12-12_G18,10109802LEMOSF,2025-12-12,118317,1,2,0,1220.0
10109802LEMOSF_2025-12-12_G19,10109802LEMOSF,2025-12-12,111418,1,2,0,39.0
10109802LEMOSF_2025-12-12_G20,10109802LEMOSF,2025-12-12,111465,1,2,0,57.0
10109802LEMOSF_2025-12-12_G21,10109802LEMOSF,2025-12-12,141823,1,13,0,94.0
10109802LEMOSF_2025-12-12_G22,10109802LEMOSF,2025-12-12,118140,1,2,0,69.0
10109802LEMOSF_2025-12-12_G23,10109802LEMOSF,2025-12-12,140922,1,8,0,72.0
10109802LEMOSF_2025-12-12_G24,10109802LEMOSF,2025-12-12,108711,1,6,0,116.0
10109802LEMOSF_2025-12-12_G25,10109802LEMOSF,2025-12-12,111466,2,14,7,69.0
10109802LEMOSF_2025-12-12_G26,10109802LEMOSF,2025-12-12,111463,1,12,0,109.0
10109802LEMOSF_2025-12-12_G27,10109802LEMOSF,2025-12-12,110740,1,2,0,119.0
10109802LEMOSF_2025-12-12_G28,10109802LEMOSF,2025-12-12,111418,1,19,0,78.0
10109802LEMOSF_2025-12-12_G29,10109802LEMOSF,2025-12-12,117785,1,2,0,155.0
10109802LEMOSF_2025-12-12_G30,10109802LEMOSF,2025-12-12,110374,1,4,0,96.0
10109802LEMOSF_2025-12-12_G31,10109802LEMOSF,2025-12-12,117808,1,19,0,48.0
10109802LEMOSF_2025-12-12_G32,10109802LEMOSF,2025-12-12,110372,2,26,11,132.0
10109802LEMOSF_2025-12-12_G33,10109802LEMOSF,2025-12-12,140923,1,6,0,174.0
10109802LEMOSF_2025-12-12_G34,10109802LEMOSF,2025-12-12,110711,1,7,0,118.0
10109802LEMOSF_2025-12-12_G35,10109802LEMOSF,2025-12-12,141047,1,2,0,51.0
10109802LEMOSF_2025-12-12_G36,10109802LEMOSF,2025-12-12,117855,2,10,8,115.0
10109802LEMOSF_2025-12-12_G37,10109802LEMOSF,2025-12-12,118222,2,18,7,1113.0
10109802LEMOSF_2025-12-12_G38,10109802LEMOSF,2025-12-12,111569,1,6,0,135.0
10109802LEMOSF_2025-12-12_G40,10109802LEMOSF,2025-12-12,141456,1,128,0,456.0
10109802LEMOSF_2025-12-12_G41,10109802LEMOSF,2025-12-12,118140,1,103,0,547.0
10109802LEMOSF_2025-12-12_G42,10109802LEMOSF,2025-12-12,140922,1,11,0,241.0
10109802LEMOSF_2025-12-12_G43,10109802LEMOSF,2025-12-12,109645,1,6,0,235.0
10109802LEMOSF_2025-12-12_G44,10109802LEMOSF,2025-12-12,110751,1,6,0,74.0
10109802LEMOSF_2025-12-12_G45,10109802LEMOSF,2025-12-12,116241,1,8,0,91.0
10109802LEMOSF_2025-12-12_G46,10109802LEMOSF,2025-12-12,111743,1,17,0,175.0
10109802LEMOSF_2025-12-12_G47,10109802LEMOSF,2025-12-12,111182,1,4,0,352.0
10109802LEMOSF_2025-12-12_G48,10109802LEMOSF,2025-12-12,110745,1,4,0,86.0
10109802LEMOSF_2025-12-12_G49,10109802LEMOSF,2025-12-12,108711,1,13,0,104.0
10109802LEMOSF_2025-12-12_G50,10109802LEMOSF,2025-12-12,141271,1,12,0,103.0
10109802LEMOSF_2025-12-12_G51,10109802LEMOSF,2025-12-12,141823,1,8,0,121.0
10109802LEMOSF_2025-12-12_G52,10109802LEMOSF,2025-12-12,141457,1,125,0,229.0
10109802LEMOSF_2025-12-12_G53,10109802LEMOSF,2025-12-12,109641,1,1,0,70.0
10109802LEMOSF_2025-12-12_G54,10109802LEMOSF,2025-12-12,108798,1,4,0,76.0
10109802LEMOSF_2025-12-12_G55,10109802LEMOSF,2025-12-12,111433,1,2,0,84.0
10109802LEMOSF_2025-12-12_G56,10109802LEMOSF,2025-12-12,105705,1,8,0,71.0
10109802LEMOSF_2025-12-12_G57,10109802LEMOSF,2025-12-12,111463,1,35,0,342.0
10109802LEMOSF_2025-12-12_G58,10109802LEMOSF,2025-12-12,117787,1,4,0,269.0
10109802LEMOSF_2025-12-12_G59,10109802LEMOSF,2025-12-12,110740,1,18,0,71.0
10109802LEMOSF_2025-12-12_G60,10109802LEMOSF,2025-12-12,111443,1,8,0,665.0
10109802LEMOSF_2025-12-12_G61,10109802LEMOSF,2025-12-12,117821,1,30,0,41.0
10109802LEMOSF_2025-12-12_G62,10109802LEMOSF,2025-12-12,110374,1,30,0,1582.0
10109802LEMOSF_2025-12-12_G63,10109802LEMOSF,2025-12-12,110376,1,2,0,303.0
10109802LEMOSF_2025-12-12_G64,10109802LEMOSF,2025-12-12,117832,1,85,0,61.0
10109802LEMOSF_2025-12-12_G65,10109802LEMOSF,2025-12-12,118281,1,2,0,380.0
10109802LEMOSF_2025-12-12_G66,10109802LEMOSF,2025-12-12,109643,1,8,0,150.0
10109802LEMOSF_2025-12-12_G67,10109802LEMOSF,2025-12-12,110325,1,3,0,135.0
10109802LEMOSF_2025-12-13_G02,10109802LEMOSF,2025-12-13,110752,2,12,15,166.0
10109802LEMOSF_2025-12-13_G03,10109802LEMOSF,2025-12-13,118299,1,200,0,545.0
10109802LEMOSF_2025-12-13_G04,10109802LEMOSF,2025-12-13,110376,1,14,0,543.0
10109802LEMOSF_2025-12-13_G05,10109802LEMOSF,2025-12-13,117841,1,13,0,256.0
10109802LEMOSF_2025-12-13_G06,10109802LEMOSF,2025-12-13,107236,1,4,0,167.0
10109802LEMOSF_2025-12-13_G07,10109802LEMOSF,2025-12-13,141457,2,12,23,40.0
10109802LEMOSF_2025-12-13_G08,10109802LEMOSF,2025-12-13,109645,1,2,0,181.0
10109802LEMOSF_2025-12-13_G09,10109802LEMOSF,2025-12-13,111182,1,7,0,81.0
10109802LEMOSF_2025-12-13_G10,10109802LEMOSF,2025-12-13,118306,1,18,0,242.0
10109802LEMOSF_2025-12-13_G11,10109802LEMOSF,2025-12-13,117835,1,3,0,81.0
10109802LEMOSF_2025-12-13_G12,10109802LEMOSF,2025-12-13,110755,1,56,0,214.0
10109802LEMOSF_2025-12-13_G13,10109802LEMOSF,2025-12-13,108759,1,6,0,537.0
10109802LEMOSF_2025-12-13_G14,10109802LEMOSF,2025-12-13,115773,1,1,0,86.0
10109802LEMOSF_2025-12-13_G15,10109802LEMOSF,2025-12-13,140911,1,20,0,99.0
10109802LEMOSF_2025-12-13_G16,10109802LEMOSF,2025-12-13,118290,1,23,0,188.0
10109802LEMOSF_2025-12-13_G17,10109802LEMOSF,2025-12-13,111467,1,6,0,2715.0
10109802LEMOSF_2025-12-13_G18,10109802LEMOSF,2025-12-13,118317,1,4,0,175.0
10109802LEMOSF_2025-12-13_G19,10109802LEMOSF,2025-12-13,118140,1,2,0,65.0
10109802LEMOSF_2025-12-13_G20,10109802LEMOSF,2025-12-13,111463,1,2,0,81.0
10109802LEMOSF_2025-12-13_G21,10109802LEMOSF,2025-12-13,140922,1,2,0,57.0
10109802LEMOSF_2025-12-13_G22,10109802LEMOSF,2025-12-13,111418,1,20,0,54.0
10109802LEMOSF_2025-12-13_G23,10109802LEMOSF,2025-12-13,111743,1,4,0,228.0
10109802LEMOSF_2025-12-13_G24,10109802LEMOSF,2025-12-13,108711,1,4,0,128.0
10109802LEMOSF_2025-12-13_G25,10109802LEMOSF,2025-12-13,118222,1,4,0,285.0
10109802LEMOSF_2025-12-13_G26,10109802LEMOSF,2025-12-13,111438,1,13,0,78.0
10109802LEMOSF_2025-12-13_G27,10109802LEMOSF,2025-12-13,111569,1,10,0,449.0
10109802LEMOSF_2025-12-13_G28,10109802LEMOSF,2025-12-13,111430,1,4,0,223.0
10109802LEMOSF_2025-12-13_G29,10109802LEMOSF,2025-12-13,110895,1,3,0,144.0
10109802LEMOSF_2025-12-13_G30,10109802LEMOSF,2025-12-13,110374,1,6,0,143.0
10109802LEMOSF_2025-12-13_G31,10109802LEMOSF,2025-12-13,117808,1,2,0,78.0
10109802LEMOSF_2025-12-13_G32,10109802LEMOSF,2025-12-13,110371,1,8,0,79.0
10109802LEMOSF_2025-12-13_G33,10109802LEMOSF,2025-12-13,110372,1,11,0,376.0
10109802LEMOSF_2025-12-13_G34,10109802LEMOSF,2025-12-13,110325,1,2,0,69.0
10109802LEMOSF_2025-12-13_G35,10109802LEMOSF,2025-12-13,140923,1,3,0,106.0
10109802LEMOSF_2025-12-13_G36,10109802LEMOSF,2025-12-13,117856,1,2,0,60.0
10109802LEMOSF_2025-12-13_G37,10109802LEMOSF,2025-12-13,117855,1,2,0,87.0
10109802LEMOSF_2025-12-13_G39,10109802LEMOSF,2025-12-13,111532,1,1,0,160.0
10109802LEMOSF_2025-12-13_G40,10109802LEMOSF,2025-12-13,118299,1,23,0,343.0
10109802LEMOSF_2025-12-13_G41,10109802LEMOSF,2025-12-13,118317,1,2,0,1571.0
10109802LEMOSF_2025-12-13_G42,10109802LEMOSF,2025-12-13,111172,1,1,0,67.0
10109802LEMOSF_2025-12-13_G43,10109802LEMOSF,2025-12-13,111465,1,4,0,207.0
10109802LEMOSF_2025-12-13_G44,10109802LEMOSF,2025-12-13,118140,1,3,0,224.0
10109802LEMOSF_2025-12-13_G45,10109802LEMOSF,2025-12-13,111418,1,2,0,205.0
10109802LEMOSF_2025-12-13_G46,10109802LEMOSF,2025-12-13,111532,1,8,0,266.0
10109802LEMOSF_2025-12-13_G47,10109802LEMOSF,2025-12-13,107236,1,2,0,77.0
10109802LEMOSF_2025-12-13_G48,10109802LEMOSF,2025-12-13,110740,1,6,0,278.0
10109802LEMOSF_2025-12-13_G49,10109802LEMOSF,2025-12-13,117809,1,2,0,400.0
10109802LEMOSF_2025-12-13_G50,10109802LEMOSF,2025-12-13,118299,1,14,0,150.0
10109802LEMOSF_2025-12-13_G51,10109802LEMOSF,2025-12-13,118222,1,16,0,3094.0
10109802LEMOSF_2025-12-15_G02,10109802LEMOSF,2025-12-15,141456,1,20,0,303.0
10109802LEMOSF_2025-12-15_G03,10109802LEMOSF,2025-12-15,117785,1,10,0,799.0
10109802LEMOSF_2025-12-15_G04,10109802LEMOSF,2025-12-15,110745,1,4,0,124.0
10109802LEMOSF_2025-12-15_G05,10109802LEMOSF,2025-12-15,111435,1,4,0,135.0
10109802LEMOSF_2025-12-15_G06,10109802LEMOSF,2025-12-15,111466,1,20,0,395.0
10109802LEMOSF_2025-12-15_G07,10109802LEMOSF,2025-12-15,111418,1,30,0,635.0
10109802LEMOSF_2025-12-15_G08,10109802LEMOSF,2025-12-15,118140,1,20,0,170.0
10109802LEMOSF_2025-12-15_G09,10109802LEMOSF,2025-12-15,117787,1,2,0,180.0
10109802LEMOSF_2025-12-15_G10,10109802LEMOSF,2025-12-15,110895,1,4,0,761.0
10109802LEMOSF_2025-12-15_G11,10109802LEMOSF,2025-12-15,111467,1,16,0,259.0
10109802LEMOSF_2025-12-15_G12,10109802LEMOSF,2025-12-15,111655,2,8,19,210.0
10109802LEMOSF_2025-12-15_G13,10109802LEMOSF,2025-12-15,111465,1,4,0,1655.0
10109802LEMOSF_2025-12-15_G14,10109802LEMOSF,2025-12-15,108795,1,4,0,68.0
10109802LEMOSF_2025-12-15_G15,10109802LEMOSF,2025-12-15,111463,1,14,0,64.0
10109802LEMOSF_2025-12-15_G16,10109802LEMOSF,2025-12-15,140922,1,6,0,85.0
10109802LEMOSF_2025-12-15_G17,10109802LEMOSF,2025-12-15,109645,1,12,0,133.0
10109802LEMOSF_2025-12-15_G18,10109802LEMOSF,2025-12-15,110751,1,2,0,67.0
10109802LEMOSF_2025-12-15_G19,10109802LEMOSF,2025-12-15,110745,1,2,0,205.0
10109802LEMOSF_2025-12-15_G20,10109802LEMOSF,2025-12-15,108711,1,4,0,108.0
10109802LEMOSF_2025-12-15_G21,10109802LEMOSF,2025-12-15,111466,1,4,0,166.0
10109802LEMOSF_2025-12-15_G22,10109802LEMOSF,2025-12-15,117831,1,6,0,84.0
10109802LEMOSF_2025-12-15_G23,10109802LEMOSF,2025-12-15,107236,1,6,0,91.0
10109802LEMOSF_2025-12-15_G24,10109802LEMOSF,2025-12-15,118140,1,14,0,175.0
10109802LEMOSF_2025-12-15_G25,10109802LEMOSF,2025-12-15,141458,1,4,0,197.0
10109802LEMOSF_2025-12-15_G26,10109802LEMOSF,2025-12-15,141457,1,4,0,61.0
10109802LEMOSF_2025-12-15_G27,10109802LEMOSF,2025-12-15,"111443, 117821",2,10,20,119.0
10109802LEMOSF_2025-12-15_G28,10109802LEMOSF,2025-12-15,111468,1,4,0,80.0
10109802LEMOSF_2025-12-15_G29,10109802LEMOSF,2025-12-15,110374,1,6,0,110.0
10109802LEMOSF_2025-12-15_G30,10109802LEMOSF,2025-12-15,110376,1,2,0,84.0
10109802LEMOSF_2025-12-15_G31,10109802LEMOSF,2025-12-15,110375,1,4,0,67.0
10109802LEMOSF_2025-12-15_G32,10109802LEMOSF,2025-12-15,110325,1,10,0,63.0
10109802LEMOSF_2025-12-15_G33,10109802LEMOSF,2025-12-15,111602,1,16,0,117.0
10109802LEMOSF_2025-12-15_G34,10109802LEMOSF,2025-12-15,110339,1,4,0,150.0
10109802LEMOSF_2025-12-15_G35,10109802LEMOSF,2025-12-15,107629,1,2,0,123.0
10109802LEMOSF_2025-12-15_G37,10109802LEMOSF,2025-12-15,118299,1,12,0,338.0
10109802LEMOSF_2025-12-15_G38,10109802LEMOSF,2025-12-15,117835,1,2,0,2466.0
10109802LEMOSF_2025-12-15_G39,10109802LEMOSF,2025-12-15,111438,2,12,9,320.0
10109802LEMOSF_2025-12-15_G40,10109802LEMOSF,2025-12-15,111569,1,8,0,122.0
10109802LEMOSF_2025-12-15_G41,10109802LEMOSF,2025-12-15,110895,1,4,0,278.0
10109802LEMOSF_2025-12-15_G42,10109802LEMOSF,2025-12-15,111879,1,4,0,1108.0
10109802LEMOSF_2025-12-15_G43,10109802LEMOSF,2025-12-15,117861,1,4,0,834.0
10109802LEMOSF_2025-12-15_G44,10109802LEMOSF,2025-12-15,140923,1,8,0,130.0
10109802LEMOSF_2025-12-15_G45,10109802LEMOSF,2025-12-15,117856,1,8,0,117.0
10109802LEMOSF_2025-12-15_G46,10109802LEMOSF,2025-12-15,110741,1,4,0,109.0
10109802LEMOSF_2025-12-15_G47,10109802LEMOSF,2025-12-15,107629,1,2,0,122.0
10109802LEMOSF_2025-12-15_G48,10109802LEMOSF,2025-12-15,111530,2,4,13,91.0
10109802LEMOSF_2025-12-15_G49,10109802LEMOSF,2025-12-15,117786,1,4,0,53.0
10109802LEMOSF_2025-12-15_G50,10109802LEMOSF,2025-12-15,109647,1,3,0,205.0
10109802LEMOSF_2025-12-15_G51,10109802LEMOSF,2025-12-15,111467,1,5,0,113.0
10109802LEMOSF_2025-12-15_G52,10109802LEMOSF,2025-12-15,109640,1,12,0,909.0
10109802LEMOSF_2025-12-15_G53,10109802LEMOSF,2025-12-15,111879,1,2,0,1859.0
10109802LEMOSF_2025-12-15_G54,10109802LEMOSF,2025-12-15,116611,1,4,0,168.0
10109802LEMOSF_2025-12-15_G55,10109802LEMOSF,2025-12-15,140923,1,12,0,193.0
10109802LEMOSF_2025-12-15_G56,10109802LEMOSF,2025-12-15,117856,1,8,0,234.0
10109802LEMOSF_2025-12-15_G57,10109802LEMOSF,2025-12-15,"111650, 110733",2,12,27,148.0
10109802LEMOSF_2025-12-15_G58,10109802LEMOSF,2025-12-15,110750,1,2,0,50.0
10109802LEMOSF_2025-12-15_G59,10109802LEMOSF,2025-12-15,111530,1,5,0,110.0
10109802LEMOSF_2025-12-16_G02,10109802LEMOSF,2025-12-16,109641,1,7,0,121.0
10109802LEMOSF_2025-12-16_G03,10109802LEMOSF,2025-12-16,105705,1,1,0,142.0
10109802LEMOSF_2025-12-16_G04,10109802LEMOSF,2025-12-16,117831,1,14,0,72.0
10109802LEMOSF_2025-12-16_G05,10109802LEMOSF,2025-12-16,107236,1,2,0,147.0
10109802LEMOSF_2025-12-16_G06,10109802LEMOSF,2025-12-16,118140,1,4,0,33.0
10109802LEMOSF_2025-12-16_G07,10109802LEMOSF,2025-12-16,111443,1,3,0,116.0
10109802LEMOSF_2025-12-16_G08,10109802LEMOSF,2025-12-16,118330,1,4,0,57.0
10109802LEMOSF_2025-12-16_G09,10109802LEMOSF,2025-12-16,141458,1,30,0,348.0
10109802LEMOSF_2025-12-16_G10,10109802LEMOSF,2025-12-16,111602,4,30,66,1308.0
10109802LEMOSF_2025-12-16_G11,10109802LEMOSF,2025-12-16,111602,1,8,0,75.0
10109802LEMOSF_2025-12-16_G12,10109802LEMOSF,2025-12-16,118140,1,2,0,595.0
10109802LEMOSF_2025-12-16_G13,10109802LEMOSF,2025-12-16,110373,1,25,0,273.0
10109802LEMOSF_2025-12-16_G14,10109802LEMOSF,2025-12-16,111602,7,70,134,182.0
10109802LEMOSF_2025-12-16_G15,10109802LEMOSF,2025-12-16,111532,1,4,0,282.0
10109802LEMOSF_2025-12-16_G16,10109802LEMOSF,2025-12-16,117808,1,928,0,2654.0
10109802LEMOSF_2025-12-16_G17,10109802LEMOSF,2025-12-16,117808,1,127,0,1345.0
10109802LEMOSF_2025-12-16_G18,10109802LEMOSF,2025-12-16,111602,1,4,0,1998.0
10109802LEMOSF_2025-12-16_G19,10109802LEMOSF,2025-12-16,111602,1,4,0,39.0
10109802LEMOSF_2025-12-16_G20,10109802LEMOSF,2025-12-16,111602,5,31,102,41.0
10109802LEMOSF_2025-12-16_G21,10109802LEMOSF,2025-12-16,111602,1,32,0,33.0
10109802LEMOSF_2025-12-16_G22,10109802LEMOSF,2025-12-16,117808,1,426,0,954.0
10109802LEMOSF_2025-12-16_G24,10109802LEMOSF,2025-12-16,110581,1,4,0,93.0
10109802LEMOSF_2025-12-16_G25,10109802LEMOSF,2025-12-16,110750,1,4,0,207.0
10109802LEMOSF_2025-12-16_G26,10109802LEMOSF,2025-12-16,110752,1,8,0,253.0
10109802LEMOSF_2025-12-16_G27,10109802LEMOSF,2025-12-16,117854,1,4,0,190.0
10109802LEMOSF_2025-12-16_G28,10109802LEMOSF,2025-12-16,110372,1,60,0,1208.0
10109802LEMOSF_2025-12-16_G29,10109802LEMOSF,2025-12-16,111466,1,4,0,1159.0
10109802LEMOSF_2025-12-16_G30,10109802LEMOSF,2025-12-16,160054,1,1,0,630.0
10109802LEMOSF_2025-12-16_G31,10109802LEMOSF,2025-12-16,140923,1,200,0,2376.0
10109802LEMOSF_2025-12-16_G32,10109802LEMOSF,2025-12-16,110375,1,100,0,642.0
10109802LEMOSF_2025-12-16_G33,10109802LEMOSF,2025-12-16,109643,1,70,0,229.0
10109802LEMOSF_2025-12-16_G34,10109802LEMOSF,2025-12-16,117785,1,200,0,285.0
10109802LEMOSF_2025-12-16_G35,10109802LEMOSF,2025-12-16,118094,1,30,0,890.0
10109802LEMOSF_2025-12-16_G36,10109802LEMOSF,2025-12-16,117822,1,20,0,310.0
10109802LEMOSF_2025-12-16_G37,10109802LEMOSF,2025-12-16,111468,1,2,0,42.0
10109802LEMOSF_2025-12-17_G02,10109802LEMOSF,2025-12-17,110325,2,165,10,541.0
10109802LEMOSF_2025-12-17_G03,10109802LEMOSF,2025-12-17,"141202, 110374",2,330,13,357.0
10109802LEMOSF_2025-12-17_G04,10109802LEMOSF,2025-12-17,110752,1,30,0,967.0
10109802LEMOSF_2025-12-17_G05,10109802LEMOSF,2025-12-17,111737,1,13,0,1826.0
10109802LEMOSF_2025-12-17_G06,10109802LEMOSF,2025-12-17,111742,1,40,0,626.0
10109802LEMOSF_2025-12-17_G07,10109802LEMOSF,2025-12-17,111740,1,34,0,566.0
10109802LEMOSF_2025-12-17_G08,10109802LEMOSF,2025-12-17,110374,1,21,0,442.0
10109802LEMOSF_2025-12-17_G09,10109802LEMOSF,2025-12-17,117809,1,6,0,166.0
10109802LEMOSF_2025-12-17_G10,10109802LEMOSF,2025-12-17,111876,1,2,0,244.0
10109802LEMOSF_2025-12-17_G11,10109802LEMOSF,2025-12-17,110339,1,50,0,922.0
10109802LEMOSF_2025-12-17_G12,10109802LEMOSF,2025-12-17,117862,1,45,0,271.0
10109802LEMOSF_2025-12-17_G13,10109802LEMOSF,2025-12-17,117862,1,280,0,227.0
10109802LEMOSF_2025-12-17_G15,10109802LEMOSF,2025-12-17,111439,1,300,0,628.0
10109802LEMOSF_2025-12-17_G16,10109802LEMOSF,2025-12-17,111743,1,20,0,1093.0
10109802LEMOSF_2025-12-17_G17,10109802LEMOSF,2025-12-17,117785,1,20,0,42.0
10109802LEMOSF_2025-12-17_G18,10109802LEMOSF,2025-12-17,141457,1,30,0,367.0
10109802LEMOSF_2025-12-17_G19,10109802LEMOSF,2025-12-17,111466,1,30,0,324.0
10109802LEMOSF_2025-12-17_G20,10109802LEMOSF,2025-12-17,118299,1,200,0,548.0
10109802LEMOSF_2025-12-17_G21,10109802LEMOSF,2025-12-17,117808,1,133,0,477.0
10109802LEMOSF_2025-12-17_G23,10109802LEMOSF,2025-12-17,118285,1,1,0,106.0
10109802LEMOSF_2025-12-17_G24,10109802LEMOSF,2025-12-17,"111743, 117785",2,66,14,542.0
10109802LEMOSF_2025-12-17_G25,10109802LEMOSF,2025-12-17,117838,1,4,0,99.0
10109802LEMOSF_2025-12-17_G26,10109802LEMOSF,2025-12-17,"111468, 117831",2,5,13,180.0
10109802LEMOSF_2025-12-17_G27,10109802LEMOSF,2025-12-17,117809,1,102,0,266.0
10109802LEMOSF_2025-12-17_G28,10109802LEMOSF,2025-12-17,117808,3,107,17,288.0
10109802LEMOSF_2025-12-18_G02,10109802LEMOSF,2025-12-18,141202,1,4,0,466.0
10109802LEMOSF_2025-12-18_G03,10109802LEMOSF,2025-12-18,108711,1,8,0,84.0
10109802LEMOSF_2025-12-18_G04,10109802LEMOSF,2025-12-18,118140,1,12,0,297.0
10109802LEMOSF_2025-12-18_G05,10109802LEMOSF,2025-12-18,111466,1,4,0,184.0
10109802LEMOSF_2025-12-18_G06,10109802LEMOSF,2025-12-18,107904,1,8,0,334.0
10109802LEMOSF_2025-12-18_G07,10109802LEMOSF,2025-12-18,109641,1,6,0,659.0
10109802LEMOSF_2025-12-18_G08,10109802LEMOSF,2025-12-18,140911,1,5,0,118.0
10109802LEMOSF_2025-12-18_G09,10109802LEMOSF,2025-12-18,141313,1,1,0,155.0
10109802LEMOSF_2025-12-18_G10,10109802LEMOSF,2025-12-18,140911,1,2,0,97.0
10109802LEMOSF_2025-12-18_G11,10109802LEMOSF,2025-12-18,111466,1,4,0,3282.0
10109802LEMOSF_2025-12-18_G12,10109802LEMOSF,2025-12-18,111441,1,4,0,111.0
10109802LEMOSF_2025-12-18_G13,10109802LEMOSF,2025-12-18,108795,1,2,0,161.0
10109802LEMOSF_2025-12-18_G14,10109802LEMOSF,2025-12-18,111418,1,16,0,87.0
10109802LEMOSF_2025-12-18_G15,10109802LEMOSF,2025-12-18,117785,1,4,0,201.0
10109802LEMOSF_2025-12-18_G16,10109802LEMOSF,2025-12-18,160055,1,2,0,1002.0
10109802LEMOSF_2025-12-18_G17,10109802LEMOSF,2025-12-18,109645,1,2,0,186.0
10109802LEMOSF_2025-12-18_G18,10109802LEMOSF,2025-12-18,118140,1,3,0,120.0
10109802LEMOSF_2025-12-18_G19,10109802LEMOSF,2025-12-18,110371,1,3,0,144.0
10109802LEMOSF_2025-12-18_G20,10109802LEMOSF,2025-12-18,117830,1,8,0,209.0
10109802LEMOSF_2025-12-18_G21,10109802LEMOSF,2025-12-18,117856,1,4,0,527.0
10109802LEMOSF_2025-12-18_G22,10109802LEMOSF,2025-12-18,111569,1,4,0,43.0
10109802LEMOSF_2025-12-18_G23,10109802LEMOSF,2025-12-18,111634,1,8,0,803.0
10109802LEMOSF_2025-12-18_G24,10109802LEMOSF,2025-12-18,111740,1,6,0,275.0
10109802LEMOSF_2025-12-18_G25,10109802LEMOSF,2025-12-18,111751,1,8,0,59.0
10109802LEMOSF_2025-12-18_G26,10109802LEMOSF,2025-12-18,118191,1,16,0,120.0
10109802LEMOSF_2025-12-18_G27,10109802LEMOSF,2025-12-18,141261,1,10,0,118.0
10109802LEMOSF_2025-12-18_G29,10109802LEMOSF,2025-12-18,160055,1,4,0,197.0
10109802LEMOSF_2025-12-18_G30,10109802LEMOSF,2025-12-18,111418,1,60,0,364.0
10109802LEMOSF_2025-12-18_G31,10109802LEMOSF,2025-12-18,109974,1,5,0,314.0
10109802LEMOSF_2025-12-18_G32,10109802LEMOSF,2025-12-18,118299,1,162,0,237.0
10109802LEMOSF_2025-12-18_G33,10109802LEMOSF,2025-12-18,108794,1,2,0,2266.0
10109802LEMOSF_2025-12-18_G34,10109802LEMOSF,2025-12-18,110748,1,4,0,112.0
10109802LEMOSF_2025-12-18_G35,10109802LEMOSF,2025-12-18,110745,1,5,0,148.0
10109802LEMOSF_2025-12-18_G36,10109802LEMOSF,2025-12-18,118140,1,21,0,146.0
10109802LEMOSF_2025-12-18_G37,10109802LEMOSF,2025-12-18,111466,1,15,0,250.0
10109802LEMOSF_2025-12-18_G38,10109802LEMOSF,2025-12-18,117821,1,4,0,159.0
10109802LEMOSF_2025-12-18_G39,10109802LEMOSF,2025-12-18,118317,1,5,0,49.0
10109802LEMOSF_2025-12-18_G40,10109802LEMOSF,2025-12-18,111463,1,5,0,158.0
10109802LEMOSF_2025-12-18_G41,10109802LEMOSF,2025-12-18,"116241, 111743",2,7,18,417.0
10109802LEMOSF_2025-12-18_G42,10109802LEMOSF,2025-12-18,118094,1,18,0,197.0
10109802LEMOSF_2025-12-18_G43,10109802LEMOSF,2025-12-18,117935,1,2,0,229.0
10109802LEMOSF_2025-12-18_G44,10109802LEMOSF,2025-12-18,140923,1,35,0,54.0
10109802LEMOSF_2025-12-18_G45,10109802LEMOSF,2025-12-18,117856,1,4,0,80.0
10109802LEMOSF_2025-12-18_G46,10109802LEMOSF,2025-12-18,118298,1,4,0,558.0
10109802LEMOSF_2025-12-18_G47,10109802LEMOSF,2025-12-18,111530,1,13,0,132.0
10109802LEMOSF_2025-12-18_G48,10109802LEMOSF,2025-12-18,110711,1,7,0,208.0
10109802LEMOSF_2025-12-18_G49,10109802LEMOSF,2025-12-18,117855,1,17,0,175.0
10109802LEMOSF_2025-12-19_G02,10109802LEMOSF,2025-12-19,111876,1,4,0,265.0
10109802LEMOSF_2025-12-19_G03,10109802LEMOSF,2025-12-19,117935,1,8,0,99.0
10109802LEMOSF_2025-12-19_G04,10109802LEMOSF,2025-12-19,111602,2,61,12,92.0
10109802LEMOSF_2025-12-19_G05,10109802LEMOSF,2025-12-19,111530,1,80,0,380.0
10109802LEMOSF_2025-12-19_G06,10109802LEMOSF,2025-12-19,117862,1,80,0,461.0
10109802LEMOSF_2025-12-19_G07,10109802LEMOSF,2025-12-19,116241,2,17,14,480.0
10109802LEMOSF_2025-12-19_G08,10109802LEMOSF,2025-12-19,117785,1,100,0,308.0
10109802LEMOSF_2025-12-19_G09,10109802LEMOSF,2025-12-19,141271,1,12,0,426.0
10109802LEMOSF_2025-12-19_G10,10109802LEMOSF,2025-12-19,118299,1,237,0,457.0
10109802LEMOSF_2025-12-19_G11,10109802LEMOSF,2025-12-19,111532,1,8,0,2067.0
10109802LEMOSF_2025-12-19_G12,10109802LEMOSF,2025-12-19,111602,1,40,0,314.0
10109802LEMOSF_2025-12-19_G13,10109802LEMOSF,2025-12-19,117830,1,4,0,515.0
10109802LEMOSF_2025-12-19_G14,10109802LEMOSF,2025-12-19,140911,1,4,0,91.0
10109802LEMOSF_2025-12-19_G15,10109802LEMOSF,2025-12-19,140923,1,4,0,157.0
10109802LEMOSF_2025-12-19_G16,10109802LEMOSF,2025-12-19,111723,1,30,0,1423.0
10109802LEMOSF_2025-12-19_G17,10109802LEMOSF,2025-12-19,111742,1,24,0,332.0
10109802LEMOSF_2025-12-19_G18,10109802LEMOSF,2025-12-19,111759,1,48,0,408.0
10109802LEMOSF_2025-12-19_G19,10109802LEMOSF,2025-12-19,111740,1,6,0,116.0
10109802LEMOSF_2025-12-19_G20,10109802LEMOSF,2025-12-19,111751,1,24,0,131.0
10109802LEMOSF_2025-12-19_G21,10109802LEMOSF,2025-12-19,111722,1,36,0,213.0
10109802LEMOSF_2025-12-19_G22,10109802LEMOSF,2025-12-19,141261,1,30,0,606.0
10109802LEMOSF_2025-12-19_G23,10109802LEMOSF,2025-12-19,141262,1,12,0,184.0
10109802LEMOSF_2025-12-20_G02,10109802LEMOSF,2025-12-20,117820,1,20,0,302.0
10109802LEMOSF_2025-12-20_G03,10109802LEMOSF,2025-12-20,117820,1,130,0,74.0
10109802LEMOSF_2025-12-20_G04,10109802LEMOSF,2025-12-20,"117808, 110373",4,573,64,471.0
10109802LEMOSF_2025-12-20_G05,10109802LEMOSF,2025-12-20,117808,1,27,0,231.0
10109802LEMOSF_2025-12-20_G06,10109802LEMOSF,2025-12-20,140922,1,30,0,1013.0
10109802LEMOSF_2025-12-20_G07,10109802LEMOSF,2025-12-20,111418,1,32,0,334.0
10109802LEMOSF_2025-12-20_G08,10109802LEMOSF,2025-12-20,111532,1,12,0,464.0
10109802LEMOSF_2025-12-20_G09,10109802LEMOSF,2025-12-20,111418,1,33,0,41.0
10109802LEMOSF_2025-12-20_G10,10109802LEMOSF,2025-12-20,141457,1,100,0,337.0
10109802LEMOSF_2025-12-20_G11,10109802LEMOSF,2025-12-20,109645,1,8,0,298.0
10109802LEMOSF_2025-12-20_G12,10109802LEMOSF,2025-12-20,110745,1,5,0,104.0
10109802LEMOSF_2025-12-20_G13,10109802LEMOSF,2025-12-20,110740,1,40,0,82.0
10109802LEMOSF_2025-12-20_G14,10109802LEMOSF,2025-12-20,141456,1,100,0,184.0
10109802LEMOSF_2025-12-22_G02,10109802LEMOSF,2025-12-22,141456,2,24,11,113.0
10109802LEMOSF_2025-12-22_G03,10109802LEMOSF,2025-12-22,105705,1,10,0,355.0
10109802LEMOSF_2025-12-22_G04,10109802LEMOSF,2025-12-22,"111468, 141458",2,10,14,1269.0
10109802LEMOSF_2025-12-22_G05,10109802LEMOSF,2025-12-22,"141457, 118317",2,14,8,134.0
10109802LEMOSF_2025-12-22_G06,10109802LEMOSF,2025-12-22,141458,1,8,0,104.0
10109802LEMOSF_2025-12-22_G07,10109802LEMOSF,2025-12-22,109647,1,741,0,2262.0
10109802LEMOSF_2025-12-22_G09,10109802LEMOSF,2025-12-22,160055,1,2,0,172.0
10109802LEMOSF_2025-12-22_G10,10109802LEMOSF,2025-12-22,111532,2,15,10,189.0
10109802LEMOSF_2025-12-22_G12,10109802LEMOSF,2025-12-22,117830,1,3,0,332.0
10109802LEMOSF_2025-12-22_G13,10109802LEMOSF,2025-12-22,111438,1,4,0,404.0
10109802LEMOSF_2025-12-22_G14,10109802LEMOSF,2025-12-22,140923,1,4,0,46.0
10109802LEMOSF_2025-12-22_G15,10109802LEMOSF,2025-12-22,111466,1,5,0,226.0
10109802LEMOSF_2025-12-22_G16,10109802LEMOSF,2025-12-22,109641,1,4,0,153.0
10109802LEMOSF_2025-12-22_G17,10109802LEMOSF,2025-12-22,109645,1,5,0,157.0
10109802LEMOSF_2025-12-22_G18,10109802LEMOSF,2025-12-22,108711,1,4,0,225.0
10109802LEMOSF_2025-12-22_G19,10109802LEMOSF,2025-12-22,118140,1,3,0,98.0
10109802LEMOSF_2025-12-22_G20,10109802LEMOSF,2025-12-22,111602,1,7,0,1567.0
10109802LEMOSF_2025-12-22_G21,10109802LEMOSF,2025-12-22,111530,1,21,0,183.0
10109802LEMOSF_2025-12-22_G22,10109802LEMOSF,2025-12-22,117786,1,4,0,233.0
10109802LEMOSF_2025-12-22_G23,10109802LEMOSF,2025-12-22,111530,1,9,0,78.0
10109802LEMOSF_2025-12-22_G24,10109802LEMOSF,2025-12-22,111418,1,4,0,175.0
10109802LEMOSF_2025-12-22_G25,10109802LEMOSF,2025-12-22,141823,1,2,0,281.0
10109802LEMOSF_2025-12-22_G26,10109802LEMOSF,2025-12-22,111463,1,2,0,142.0
10109802LEMOSF_2025-12-22_G27,10109802LEMOSF,2025-12-22,108711,1,2,0,130.0
10109802LEMOSF_2025-12-22_G28,10109802LEMOSF,2025-12-22,110373,1,11,0,110.0
10109802LEMOSF_2025-12-22_G29,10109802LEMOSF,2025-12-22,110740,1,6,0,374.0
10109802LEMOSF_2025-12-22_G30,10109802LEMOSF,2025-12-22,117820,1,2,0,291.0
10109802LEMOSF_2025-12-22_G31,10109802LEMOSF,2025-12-22,117820,1,26,0,92.0
10109802LEMOSF_2025-12-22_G32,10109802LEMOSF,2025-12-22,111467,1,5,0,474.0
10109802LEMOSF_2025-12-22_G33,10109802LEMOSF,2025-12-22,118094,1,2,0,329.0
10109802LEMOSF_2025-12-22_G34,10109802LEMOSF,2025-12-22,111530,1,6,0,130.0
10109802LEMOSF_2025-12-22_G35,10109802LEMOSF,2025-12-22,111602,1,6,0,2152.0
10109802LEMOSF_2025-12-22_G36,10109802LEMOSF,2025-12-22,111418,1,7,0,154.0
10109802LEMOSF_2025-12-22_G37,10109802LEMOSF,2025-12-22,141456,1,4,0,373.0
10109802LEMOSF_2025-12-22_G38,10109802LEMOSF,2025-12-22,117832,1,2,0,698.0
10109802LEMOSF_2025-12-22_G39,10109802LEMOSF,2025-12-22,110373,1,4,0,109.0
10109802LEMOSF_2025-12-22_G40,10109802LEMOSF,2025-12-22,109645,1,2,0,275.0
10109802LEMOSF_2025-12-23_G02,10109802LEMOSF,2025-12-23,111441,1,19,0,56.0
10109802LEMOSF_2025-12-23_G03,10109802LEMOSF,2025-12-23,111469,1,40,0,1002.0
10109802LEMOSF_2025-12-23_G04,10109802LEMOSF,2025-12-23,117820,1,8,0,240.0
10109802LEMOSF_2025-12-23_G05,10109802LEMOSF,2025-12-23,110373,2,54,11,144.0
10109802LEMOSF_2025-12-23_G06,10109802LEMOSF,2025-12-23,111469,2,60,10,352.0
10109802LEMOSF_2025-12-23_G07,10109802LEMOSF,2025-12-23,111443,1,28,0,1208.0
10109802LEMOSF_2025-12-23_G08,10109802LEMOSF,2025-12-23,141696,1,1,0,389.0
10109802LEMOSF_2025-12-23_G09,10109802LEMOSF,2025-12-23,110372,1,30,0,365.0
10109802LEMOSF_2025-12-23_G10,10109802LEMOSF,2025-12-23,117809,1,6,0,40.0
10109802LEMOSF_2025-12-23_G11,10109802LEMOSF,2025-12-23,117830,1,200,0,1979.0
10109802LEMOSF_2025-12-23_G12,10109802LEMOSF,2025-12-23,117862,1,125,0,646.0
10109802LEMOSF_2025-12-23_G13,10109802LEMOSF,2025-12-23,107629,1,10,0,1457.0
10109802LEMOSF_2025-12-23_G14,10109802LEMOSF,2025-12-23,111530,1,22,0,570.0
10109802LEMOSF_2025-12-23_G15,10109802LEMOSF,2025-12-23,111462,1,300,0,1688.0
10109802LEMOSF_2025-12-23_G17,10109802LEMOSF,2025-12-23,117808,1,316,0,669.0
10109802LEMOSF_2025-12-23_G18,10109802LEMOSF,2025-12-23,117808,1,170,0,56.0
10109802LEMOSF_2025-12-23_G20,10109802LEMOSF,2025-12-23,110374,1,6,0,195.0
10109802LEMOSF_2025-12-23_G21,10109802LEMOSF,2025-12-23,110372,1,20,0,311.0
10109802LEMOSF_2025-12-23_G22,10109802LEMOSF,2025-12-23,117809,1,2,0,130.0
10109802LEMOSF_2025-12-23_G23,10109802LEMOSF,2025-12-23,117820,1,16,0,340.0
10109802LEMOSF_2025-12-23_G24,10109802LEMOSF,2025-12-23,117830,1,8,0,136.0
10109802LEMOSF_2025-12-23_G25,10109802LEMOSF,2025-12-23,117832,1,8,0,263.0
10109802LEMOSF_2025-12-23_G26,10109802LEMOSF,2025-12-23,110375,1,6,0,148.0
10109802LEMOSF_2025-12-23_G27,10109802LEMOSF,2025-12-23,117808,1,18,0,86.0
10109802LEMOSF_2025-12-23_G28,10109802LEMOSF,2025-12-23,110325,1,5,0,156.0
10109802LEMOSF_2025-12-23_G29,10109802LEMOSF,2025-12-23,110373,1,14,0,181.0
10109802LEMOSF_2025-12-23_G30,10109802LEMOSF,2025-12-23,"117935, 140923",2,6,14,1607.0
10109802LEMOSF_2025-12-23_G31,10109802LEMOSF,2025-12-23,110339,1,2,0,139.0
10109802LEMOSF_2025-12-23_G32,10109802LEMOSF,2025-12-23,117835,1,1,0,244.0
10109802LEMOSF_2025-12-23_G33,10109802LEMOSF,2025-12-23,117834,1,2,0,58.0
10109802LEMOSF_2025-12-23_G34,10109802LEMOSF,2025-12-23,110742,1,6,0,107.0
10109802LEMOSF_2025-12-23_G35,10109802LEMOSF,2025-12-23,111441,1,1,0,129.0
10109802LEMOSF_2025-12-27_G02,10109802LEMOSF,2025-12-27,141318,1,4,0,106.0
10109802LEMOSF_2025-12-27_G03,10109802LEMOSF,2025-12-27,"109974, 110747",2,8,16,188.0
10109802LEMOSF_2025-12-27_G04,10109802LEMOSF,2025-12-27,117808,1,432,0,626.0
10109802LEMOSF_2025-12-27_G05,10109802LEMOSF,2025-12-27,110373,1,218,0,1055.0
10109802LEMOSF_2025-12-27_G06,10109802LEMOSF,2025-12-27,110373,1,129,0,76.0
10109802LEMOSF_2025-12-27_G07,10109802LEMOSF,2025-12-27,110373,1,108,0,132.0
10109802LEMOSF_2025-12-27_G08,10109802LEMOSF,2025-12-27,117833,2,18,26,2651.0
10109802LEMOSF_2025-12-27_G09,10109802LEMOSF,2025-12-27,"117831, 118140",3,23,33,631.0
10109802LEMOSF_2025-12-27_G10,10109802LEMOSF,2025-12-27,141456,1,8,0,290.0
10109802LEMOSF_2025-12-27_G11,10109802LEMOSF,2025-12-27,141458,1,1,0,42.0
10109802LEMOSF_2025-12-27_G12,10109802LEMOSF,2025-12-27,"110372, 110371",3,31,30,252.0
10109802LEMOSF_2025-12-27_G13,10109802LEMOSF,2025-12-27,117830,1,12,0,258.0
10109802LEMOSF_2025-12-27_G14,10109802LEMOSF,2025-12-27,117832,1,6,0,161.0
10109802LEMOSF_2025-12-27_G15,10109802LEMOSF,2025-12-27,110373,2,25,9,116.0
10109802LEMOSF_2025-12-27_G16,10109802LEMOSF,2025-12-27,140923,1,60,0,1620.0
10109802LEMOSF_2025-12-27_G18,10109802LEMOSF,2025-12-27,117833,1,10,0,286.0
10109802LEMOSF_2025-12-27_G19,10109802LEMOSF,2025-12-27,108795,1,53,0,435.0
10109802LEMOSF_2025-12-27_G20,10109802LEMOSF,2025-12-27,140922,1,27,0,62.0
10109802LEMOSF_2025-12-27_G21,10109802LEMOSF,2025-12-27,111435,1,2,0,2095.0
10109802LEMOSF_2025-12-27_G22,10109802LEMOSF,2025-12-27,108795,1,5,0,426.0
10109802LEMOSF_2025-12-27_G23,10109802LEMOSF,2025-12-27,111469,1,22,0,159.0
10109802LEMOSF_2025-12-27_G24,10109802LEMOSF,2025-12-27,117821,1,2,0,282.0
10109802LEMOSF_2025-12-27_G25,10109802LEMOSF,2025-12-27,110129,1,4,0,127.0
10109802LEMOSF_2025-12-27_G26,10109802LEMOSF,2025-12-27,110374,1,4,0,139.0
10109802LEMOSF_2025-12-27_G27,10109802LEMOSF,2025-12-27,110372,1,30,0,148.0
10109802LEMOSF_2025-12-27_G28,10109802LEMOSF,2025-12-27,117830,1,6,0,386.0
10109802LEMOSF_2025-12-27_G29,10109802LEMOSF,2025-12-27,111467,1,11,0,162.0
10109802LEMOSF_2025-12-29_G02,10109802LEMOSF,2025-12-29,110373,1,175,0,976.0
10109802LEMOSF_2025-12-29_G03,10109802LEMOSF,2025-12-29,117820,2,39,14,2785.0
10109802LEMOSF_2025-12-29_G04,10109802LEMOSF,2025-12-29,117808,1,92,0,613.0
10109802LEMOSF_2025-12-29_G05,10109802LEMOSF,2025-12-29,110373,1,57,0,421.0
10109802LEMOSF_2025-12-29_G06,10109802LEMOSF,2025-12-29,111441,3,22,33,851.0
10109802LEMOSF_2025-12-29_G07,10109802LEMOSF,2025-12-29,118306,1,2,0,335.0
10109802LEMOSF_2025-12-29_G08,10109802LEMOSF,2025-12-29,110742,2,20,12,182.0
10109802LEMOSF_2025-12-29_G09,10109802LEMOSF,2025-12-29,107830,1,20,0,2094.0
10109802LEMOSF_2025-12-29_G10,10109802LEMOSF,2025-12-29,110742,1,4,0,292.0
10109802LEMOSF_2025-12-29_G11,10109802LEMOSF,2025-12-29,111532,1,1,0,136.0
10109802LEMOSF_2025-12-30_G02,10109802LEMOSF,2025-12-30,110787,1,2,0,324.0
10109802LEMOSF_2025-12-30_G03,10109802LEMOSF,2025-12-30,117820,1,15,0,159.0
10109802LEMOSF_2025-12-30_G04,10109802LEMOSF,2025-12-30,107830,1,14,0,325.0
10109802LEMOSF_2025-12-30_G05,10109802LEMOSF,2025-12-30,160057,1,26,0,1882.0
10109802LEMOSF_2025-12-30_G06,10109802LEMOSF,2025-12-30,117820,1,12,0,708.0
10109802LEMOSF_2025-12-30_G07,10109802LEMOSF,2025-12-30,110787,1,4,0,255.0
10109802LEMOSF_2025-12-30_G08,10109802LEMOSF,2025-12-30,110313,1,4,0,352.0
10109802LEMOSF_2025-12-30_G09,10109802LEMOSF,2025-12-30,110787,2,8,15,85.0
10109802LEMOSF_2025-12-30_G11,10109802LEMOSF,2025-12-30,110373,1,22,0,275.0
10109802LEMOSF_2025-12-30_G12,10109802LEMOSF,2025-12-30,117820,1,8,0,731.0
10109802LEMOSF_2025-12-30_G13,10109802LEMOSF,2025-12-30,110787,1,4,0,263.0
10109802LEMOSF_2025-12-30_G14,10109802LEMOSF,2025-12-30,111469,1,3,0,91.0
10109802LEMOSF_2025-12-30_G15,10109802LEMOSF,2025-12-30,111441,1,8,0,139.0
10109802LEMOSF_2025-12-30_G16,10109802LEMOSF,2025-12-30,111532,1,30,0,101.0
10109802LEMOSF_2025-12-30_G17,10109802LEMOSF,2025-12-30,111532,1,4,0,99.0
10109802LEMOSF_2025-12-30_G18,10109802LEMOSF,2025-12-30,111442,1,8,0,403.0
10109802LEMOSF_2025-12-30_G20,10109802LEMOSF,2025-12-30,111330,1,8,0,83.0
10109802LEMOSF_2025-12-30_G21,10109802LEMOSF,2025-12-30,111462,1,6,0,2997.0
10109802LEMOSF_2025-12-30_G22,10109802LEMOSF,2025-12-30,110373,1,4,0,334.0
10109802LEMOSF_2025-12-30_G23,10109802LEMOSF,2025-12-30,111462,1,2,0,86.0
10109802LEMOSF_2025-12-30_G24,10109802LEMOSF,2025-12-30,110742,1,4,0,158.0
10109802LEMOSF_2025-12-30_G25,10109802LEMOSF,2025-12-30,110313,1,3,0,119.0
10109802LEMOSF_2025-12-30_G26,10109802LEMOSF,2025-12-30,111532,1,21,0,524.0
10109802LEMOSF_2025-12-30_G27,10109802LEMOSF,2025-12-30,117820,1,40,0,1821.0
10109802LEMOSF_2025-12-30_G28,10109802LEMOSF,2025-12-30,110313,2,8,9,2024.0
10109802LEMOSF_2025-12-30_G29,10109802LEMOSF,2025-12-30,117855,2,10,8,196.0
10109802LEMOSF_2025-12-30_G30,10109802LEMOSF,2025-12-30,110787,1,10,0,217.0
10109802LEMOSF_2025-12-30_G31,10109802LEMOSF,2025-12-30,110745,1,5,0,105.0
10109802LEMOSF_2025-12-30_G32,10109802LEMOSF,2025-12-30,111348,1,1,0,199.0
10109802LEMOSF_2026-01-02_G02,10109802LEMOSF,2026-01-02,118140,1,54,0,503.0
10109802LEMOSF_2026-01-02_G03,10109802LEMOSF,2026-01-02,110371,1,38,0,995.0
10109802LEMOSF_2026-01-02_G04,10109802LEMOSF,2026-01-02,110371,1,104,0,171.0
10109802LEMOSF_2026-01-06_G02,10109802LEMOSF,2026-01-06,111463,1,2,0,346.0
10109802LEMOSF_2026-01-06_G03,10109802LEMOSF,2026-01-06,140923,1,2,0,103.0
10109802LEMOSF_2026-01-06_G04,10109802LEMOSF,2026-01-06,117853,1,2,0,180.0
10109802LEMOSF_2026-01-06_G05,10109802LEMOSF,2026-01-06,117786,1,3,0,144.0
10109802LEMOSF_2026-01-06_G06,10109802LEMOSF,2026-01-06,140922,1,6,0,95.0
10109802LEMOSF_2026-01-06_G07,10109802LEMOSF,2026-01-06,111466,1,4,0,143.0
10109802LEMOSF_2026-01-06_G08,10109802LEMOSF,2026-01-06,111463,1,10,0,96.0
10109802LEMOSF_2026-01-06_G09,10109802LEMOSF,2026-01-06,117833,1,2,0,115.0
10109802LEMOSF_2026-01-06_G10,10109802LEMOSF,2026-01-06,111469,1,2,0,35.0
10109802LEMOSF_2026-01-06_G11,10109802LEMOSF,2026-01-06,117831,1,2,0,62.0
10109802LEMOSF_2026-01-06_G12,10109802LEMOSF,2026-01-06,117809,1,2,0,74.0
10109802LEMOSF_2026-01-06_G13,10109802LEMOSF,2026-01-06,117820,1,4,0,97.0
10109802LEMOSF_2026-01-06_G14,10109802LEMOSF,2026-01-06,117830,1,10,0,81.0
10109802LEMOSF_2026-01-06_G15,10109802LEMOSF,2026-01-06,110325,1,4,0,184.0
10109802LEMOSF_2026-01-06_G16,10109802LEMOSF,2026-01-06,110747,1,4,0,336.0
10109802LEMOSF_2026-01-06_G17,10109802LEMOSF,2026-01-06,117820,1,10,0,177.0
10109802LEMOSF_2026-01-06_G18,10109802LEMOSF,2026-01-06,140923,1,4,0,124.0
10109802LEMOSF_2026-01-06_G19,10109802LEMOSF,2026-01-06,118418,1,4,0,104.0
10109802LEMOSF_2026-01-06_G20,10109802LEMOSF,2026-01-06,111569,1,6,0,110.0
10109802LEMOSF_2026-01-06_G21,10109802LEMOSF,2026-01-06,110742,3,214,28,1365.0
10109802LEMOSF_2026-01-06_G22,10109802LEMOSF,2026-01-06,110313,1,21,0,2344.0
10109802LEMOSF_2026-01-06_G23,10109802LEMOSF,2026-01-06,110325,1,132,0,81.0
10109802LEMOSF_2026-01-06_G24,10109802LEMOSF,2026-01-06,110325,1,2,0,39.0
10109802LEMOSF_2026-01-06_G25,10109802LEMOSF,2026-01-06,"111418, 110371",2,30,16,539.0
10109802LEMOSF_2026-01-06_G26,10109802LEMOSF,2026-01-06,111532,1,271,0,2132.0
10109802LEMOSF_2026-01-06_G27,10109802LEMOSF,2026-01-06,110787,1,170,0,563.0
10109802LEMOSF_2026-01-07_G02,10109802LEMOSF,2026-01-07,111441,1,6,0,200.0
10109802LEMOSF_2026-01-07_G03,10109802LEMOSF,2026-01-07,111569,1,10,0,272.0
10109802LEMOSF_2026-01-07_G04,10109802LEMOSF,2026-01-07,111430,1,10,0,188.0
10109802LEMOSF_2026-01-07_G05,10109802LEMOSF,2026-01-07,117835,1,19,0,335.0
10109802LEMOSF_2026-01-07_G06,10109802LEMOSF,2026-01-07,110841,1,1,0,94.0
10109802LEMOSF_2026-01-07_G07,10109802LEMOSF,2026-01-07,117834,1,10,0,776.0
10109802LEMOSF_2026-01-07_G08,10109802LEMOSF,2026-01-07,111356,1,2,0,137.0
10109802LEMOSF_2026-01-07_G09,10109802LEMOSF,2026-01-07,141916,1,40,0,2567.0
10109802LEMOSF_2026-01-07_G10,10109802LEMOSF,2026-01-07,100334,1,10,0,294.0
10109802LEMOSF_2026-01-07_G11,10109802LEMOSF,2026-01-07,110064,1,2,0,31.0
10109802LEMOSF_2026-01-07_G12,10109802LEMOSF,2026-01-07,110754,1,3,0,157.0
10109802LEMOSF_2026-01-07_G13,10109802LEMOSF,2026-01-07,109645,1,10,0,258.0
10109802LEMOSF_2026-01-07_G14,10109802LEMOSF,2026-01-07,105705,1,30,0,524.0
10109802LEMOSF_2026-01-07_G15,10109802LEMOSF,2026-01-07,118285,1,2,0,541.0
10109802LEMOSF_2026-01-07_G16,10109802LEMOSF,2026-01-07,110743,1,8,0,76.0
10109802LEMOSF_2026-01-07_G17,10109802LEMOSF,2026-01-07,111466,1,50,0,555.0
10109802LEMOSF_2026-01-07_G18,10109802LEMOSF,2026-01-07,111431,1,3,0,2781.0
10109802LEMOSF_2026-01-08_G02,10109802LEMOSF,2026-01-08,111463,1,3,0,70.0
10109802LEMOSF_2026-01-08_G03,10109802LEMOSF,2026-01-08,"141458, 111431",2,10,29,318.0
10109802LEMOSF_2026-01-08_G04,10109802LEMOSF,2026-01-08,107236,1,10,0,118.0
10109802LEMOSF_2026-01-08_G05,10109802LEMOSF,2026-01-08,141456,1,8,0,137.0
10109802LEMOSF_2026-01-08_G06,10109802LEMOSF,2026-01-08,108711,1,2,0,312.0
10109802LEMOSF_2026-01-08_G07,10109802LEMOSF,2026-01-08,117831,1,8,0,112.0
10109802LEMOSF_2026-01-08_G08,10109802LEMOSF,2026-01-08,117856,1,6,0,269.0
10109802LEMOSF_2026-01-08_G09,10109802LEMOSF,2026-01-08,110741,1,4,0,121.0
10109802LEMOSF_2026-01-08_G10,10109802LEMOSF,2026-01-08,110313,1,6,0,106.0
10109802LEMOSF_2026-01-08_G11,10109802LEMOSF,2026-01-08,110711,1,8,0,89.0
10109802LEMOSF_2026-01-08_G12,10109802LEMOSF,2026-01-08,117854,1,4,0,263.0
10109802LEMOSF_2026-01-08_G13,10109802LEMOSF,2026-01-08,117935,1,2,0,202.0
10109802LEMOSF_2026-01-08_G14,10109802LEMOSF,2026-01-08,110371,1,20,0,107.0
10109802LEMOSF_2026-01-08_G15,10109802LEMOSF,2026-01-08,110375,1,4,0,121.0
10109802LEMOSF_2026-01-08_G16,10109802LEMOSF,2026-01-08,110313,1,4,0,1517.0
10109802LEMOSF_2026-01-08_G17,10109802LEMOSF,2026-01-08,141047,1,4,0,121.0
10109802LEMOSF_2026-01-08_G18,10109802LEMOSF,2026-01-08,110711,1,4,0,102.0
10109802LEMOSF_2026-01-08_G19,10109802LEMOSF,2026-01-08,109640,1,5,0,87.0
10109802LEMOSF_2026-01-08_G20,10109802LEMOSF,2026-01-08,117808,1,6,0,190.0
10109802LEMOSF_2026-01-08_G21,10109802LEMOSF,2026-01-08,110733,1,5,0,248.0
10109802LEMOSF_2026-01-08_G22,10109802LEMOSF,2026-01-08,118094,1,4,0,217.0
10109802LEMOSF_2026-01-08_G23,10109802LEMOSF,2026-01-08,"140923, 117856, 111467",3,5,50,91.0
10109802LEMOSF_2026-01-08_G24,10109802LEMOSF,2026-01-08,117861,1,2,0,108.0
10109802LEMOSF_2026-01-08_G25,10109802LEMOSF,2026-01-08,110339,1,3,0,34.0
10109802LEMOSF_2026-01-08_G26,10109802LEMOSF,2026-01-08,"110711, 111569",2,3,30,122.0
10109802LEMOSF_2026-01-08_G27,10109802LEMOSF,2026-01-08,110747,1,2,0,31.0
10109802LEMOSF_2026-01-08_G28,10109802LEMOSF,2026-01-08,118299,1,62,0,362.0
10109802LEMOSF_2026-01-09_G02,10109802LEMOSF,2026-01-09,108794,1,4,0,302.0
10109802LEMOSF_2026-01-09_G03,10109802LEMOSF,2026-01-09,117785,1,7,0,130.0
10109802LEMOSF_2026-01-09_G04,10109802LEMOSF,2026-01-09,111418,1,32,0,85.0
10109802LEMOSF_2026-01-09_G05,10109802LEMOSF,2026-01-09,140922,1,23,0,821.0
10109802LEMOSF_2026-01-09_G06,10109802LEMOSF,2026-01-09,117821,1,10,0,73.0
10109802LEMOSF_2026-01-09_G07,10109802LEMOSF,2026-01-09,111743,1,13,0,131.0
10109802LEMOSF_2026-01-09_G08,10109802LEMOSF,2026-01-09,111468,1,8,0,267.0
10109802LEMOSF_2026-01-09_G09,10109802LEMOSF,2026-01-09,111463,1,6,0,101.0
10109802LEMOSF_2026-01-09_G10,10109802LEMOSF,2026-01-09,111469,2,12,7,139.0
10109802LEMOSF_2026-01-09_G11,10109802LEMOSF,2026-01-09,118140,1,7,0,242.0
10109802LEMOSF_2026-01-09_G12,10109802LEMOSF,2026-01-09,107236,1,17,0,158.0
10109802LEMOSF_2026-01-09_G13,10109802LEMOSF,2026-01-09,141456,1,7,0,130.0
10109802LEMOSF_2026-01-09_G14,10109802LEMOSF,2026-01-09,108711,1,4,0,60.0
10109802LEMOSF_2026-01-09_G15,10109802LEMOSF,2026-01-09,111569,1,13,0,3175.0
10109802LEMOSF_2026-01-09_G16,10109802LEMOSF,2026-01-09,111438,1,20,0,488.0
10109802LEMOSF_2026-01-09_G17,10109802LEMOSF,2026-01-09,111569,1,8,0,255.0
10109802LEMOSF_2026-01-09_G18,10109802LEMOSF,2026-01-09,110711,1,1,0,1078.0
10109802LEMOSF_2026-01-09_G20,10109802LEMOSF,2026-01-09,117785,1,77,0,445.0
10109802LEMOSF_2026-01-09_G21,10109802LEMOSF,2026-01-09,111462,1,8,0,132.0
10109802LEMOSF_2026-01-09_G22,10109802LEMOSF,2026-01-09,111418,1,41,0,223.0
10109802LEMOSF_2026-01-09_G23,10109802LEMOSF,2026-01-09,140922,1,4,0,151.0
10109802LEMOSF_2026-01-09_G24,10109802LEMOSF,2026-01-09,111743,1,8,0,308.0
10109802LEMOSF_2026-01-09_G25,10109802LEMOSF,2026-01-09,111466,1,2,0,101.0
10109802LEMOSF_2026-01-09_G26,10109802LEMOSF,2026-01-09,111463,1,10,0,163.0
10109802LEMOSF_2026-01-09_G27,10109802LEMOSF,2026-01-09,141458,1,70,0,189.0
10109802LEMOSF_2026-01-09_G28,10109802LEMOSF,2026-01-09,110745,1,8,0,340.0
10109802LEMOSF_2026-01-09_G29,10109802LEMOSF,2026-01-09,118140,1,25,0,183.0
10109802LEMOSF_2026-01-09_G30,10109802LEMOSF,2026-01-09,110740,1,20,0,154.0
10109802LEMOSF_2026-01-09_G31,10109802LEMOSF,2026-01-09,141456,2,42,9,425.0
10109802LEMOSF_2026-01-09_G32,10109802LEMOSF,2026-01-09,110371,1,200,0,1031.0
10109802LEMOSF_2026-01-09_G33,10109802LEMOSF,2026-01-09,117820,1,195,0,452.0
10109802LEMOSF_2026-01-09_G34,10109802LEMOSF,2026-01-09,110375,1,122,0,429.0
10109802LEMOSF_2026-01-09_G35,10109802LEMOSF,2026-01-09,110372,1,11,0,2758.0
10109802LEMOSF_2026-01-09_G36,10109802LEMOSF,2026-01-09,110371,1,8,0,376.0
10109802LEMOSF_2026-01-09_G37,10109802LEMOSF,2026-01-09,117830,1,3,0,89.0
10109802LEMOSF_2026-01-09_G38,10109802LEMOSF,2026-01-09,140923,1,4,0,143.0
10109802LEMOSF_2026-01-09_G39,10109802LEMOSF,2026-01-09,117856,1,1,0,93.0
10109802LEMOSF_2026-01-09_G40,10109802LEMOSF,2026-01-09,"110313, 111569",2,3,17,90.0
10109802LEMOSF_2026-01-09_G41,10109802LEMOSF,2026-01-09,110747,1,2,0,135.0
10109802LEMOSF_2026-01-10_G02,10109802LEMOSF,2026-01-10,118094,2,4,5,158.0
10109802LEMOSF_2026-01-10_G03,10109802LEMOSF,2026-01-10,111467,1,2,0,73.0
10109802LEMOSF_2026-01-10_G04,10109802LEMOSF,2026-01-10,140923,2,4,8,89.0
10109802LEMOSF_2026-01-10_G05,10109802LEMOSF,2026-01-10,110313,1,4,0,96.0
10109802LEMOSF_2026-01-10_G06,10109802LEMOSF,2026-01-10,141047,1,4,0,75.0
10109802LEMOSF_2026-01-10_G07,10109802LEMOSF,2026-01-10,107629,1,2,0,41.0
10109802LEMOSF_2026-01-10_G08,10109802LEMOSF,2026-01-10,107629,2,6,7,35.0
10109802LEMOSF_2026-01-10_G09,10109802LEMOSF,2026-01-10,117855,1,2,0,78.0
10109802LEMOSF_2026-01-10_G10,10109802LEMOSF,2026-01-10,110339,1,1,0,54.0
10109802LEMOSF_2026-01-10_G11,10109802LEMOSF,2026-01-10,117853,1,4,0,42.0
10109802LEMOSF_2026-01-10_G12,10109802LEMOSF,2026-01-10,110733,1,1,0,396.0
10109802LEMOSF_2026-01-10_G13,10109802LEMOSF,2026-01-10,118094,1,4,0,83.0
10109802LEMOSF_2026-01-10_G14,10109802LEMOSF,2026-01-10,"117856, 140923",2,8,10,63.0
10109802LEMOSF_2026-01-10_G15,10109802LEMOSF,2026-01-10,110313,2,5,8,123.0
10109802LEMOSF_2026-01-10_G16,10109802LEMOSF,2026-01-10,141047,2,3,9,81.0
10109802LEMOSF_2026-01-10_G17,10109802LEMOSF,2026-01-10,117861,1,3,0,49.0
10109802LEMOSF_2026-01-10_G18,10109802LEMOSF,2026-01-10,107629,1,2,0,44.0
10109802LEMOSF_2026-01-10_G19,10109802LEMOSF,2026-01-10,117855,1,1,0,50.0
10109802LEMOSF_2026-01-10_G20,10109802LEMOSF,2026-01-10,117853,1,4,0,69.0
10109802LEMOSF_2026-01-10_G21,10109802LEMOSF,2026-01-10,118140,1,30,0,1728.0
10109802LEMOSF_2026-01-10_G22,10109802LEMOSF,2026-01-10,117785,1,30,0,574.0
10109802LEMOSF_2026-01-10_G23,10109802LEMOSF,2026-01-10,111462,1,31,0,553.0
10109802LEMOSF_2026-01-10_G24,10109802LEMOSF,2026-01-10,110751,1,4,0,176.0
10109802LEMOSF_2026-01-10_G25,10109802LEMOSF,2026-01-10,111434,1,2,0,2471.0
10109802LEMOSF_2026-01-10_G26,10109802LEMOSF,2026-01-10,109641,1,12,0,124.0
10109802LEMOSF_2026-01-10_G27,10109802LEMOSF,2026-01-10,141823,1,9,0,593.0
10109802LEMOSF_2026-01-10_G28,10109802LEMOSF,2026-01-10,111463,1,60,0,290.0
10109802LEMOSF_2026-01-10_G29,10109802LEMOSF,2026-01-10,111469,1,2,0,77.0
10109802LEMOSF_2026-01-10_G30,10109802LEMOSF,2026-01-10,117787,1,4,0,165.0
10109802LEMOSF_2026-01-10_G31,10109802LEMOSF,2026-01-10,141456,1,19,0,95.0
10109802LEMOSF_2026-01-10_G32,10109802LEMOSF,2026-01-10,107236,1,2,0,139.0
10109802LEMOSF_2026-01-10_G33,10109802LEMOSF,2026-01-10,111330,1,4,0,67.0
10109802LEMOSF_2026-01-10_G34,10109802LEMOSF,2026-01-10,111879,1,17,0,1365.0
10109802LEMOSF_2026-01-10_G35,10109802LEMOSF,2026-01-10,110733,1,20,0,772.0
10109802LEMOSF_2026-01-10_G36,10109802LEMOSF,2026-01-10,118094,2,124,18,191.0
10109802LEMOSF_2026-01-10_G37,10109802LEMOSF,2026-01-10,111467,1,20,0,608.0
10109802LEMOSF_2026-01-10_G38,10109802LEMOSF,2026-01-10,110741,1,8,0,384.0
10109802LEMOSF_2026-01-10_G39,10109802LEMOSF,2026-01-10,141047,1,6,0,619.0
10109802LEMOSF_2026-01-10_G40,10109802LEMOSF,2026-01-10,105242,1,4,0,388.0
10109802LEMOSF_2026-01-10_G41,10109802LEMOSF,2026-01-10,109640,1,8,0,144.0
10109802LEMOSF_2026-01-10_G42,10109802LEMOSF,2026-01-10,117854,1,4,0,269.0
10109802LEMOSF_2026-01-10_G43,10109802LEMOSF,2026-01-10,110752,1,6,0,64.0
10109802LEMOSF_2026-01-10_G45,10109802LEMOSF,2026-01-10,117809,1,80,0,667.0
10109802LEMOSF_2026-01-10_G47,10109802LEMOSF,2026-01-10,111418,1,11,0,201.0
10109802LEMOSF_2026-01-10_G48,10109802LEMOSF,2026-01-10,"140922, 110743",3,14,30,48.0
10109802LEMOSF_2026-01-10_G49,10109802LEMOSF,2026-01-10,"118330, 110332",2,3,16,38.0
10109802LEMOSF_2026-01-10_G50,10109802LEMOSF,2026-01-10,111435,2,2,8,68.0
10109802LEMOSF_2026-01-10_G51,10109802LEMOSF,2026-01-10,111442,1,1,0,50.0
10109802LEMOSF_2026-01-10_G52,10109802LEMOSF,2026-01-10,111463,1,14,0,50.0
10109802LEMOSF_2026-01-10_G53,10109802LEMOSF,2026-01-10,108798,1,4,0,298.0
10109802LEMOSF_2026-01-10_G54,10109802LEMOSF,2026-01-10,141458,1,5,0,47.0
10109802LEMOSF_2026-01-10_G55,10109802LEMOSF,2026-01-10,110745,1,1,0,83.0
10109802LEMOSF_2026-01-10_G56,10109802LEMOSF,2026-01-10,111469,1,2,0,60.0
10109802LEMOSF_2026-01-10_G57,10109802LEMOSF,2026-01-10,110740,1,11,0,45.0
10109802LEMOSF_2026-01-12_G02,10109802LEMOSF,2026-01-12,117831,1,6,0,178.0
10109802LEMOSF_2026-01-12_G03,10109802LEMOSF,2026-01-12,140922,1,9,0,264.0
10109802LEMOSF_2026-01-12_G04,10109802LEMOSF,2026-01-12,116241,1,16,0,51.0
10109802LEMOSF_2026-01-12_G05,10109802LEMOSF,2026-01-12,109645,1,4,0,270.0
10109802LEMOSF_2026-01-12_G06,10109802LEMOSF,2026-01-12,111172,2,4,6,109.0
10109802LEMOSF_2026-01-12_G07,10109802LEMOSF,2026-01-12,117785,1,20,0,95.0
10109802LEMOSF_2026-01-12_G08,10109802LEMOSF,2026-01-12,111463,1,40,0,415.0
10109802LEMOSF_2026-01-12_G09,10109802LEMOSF,2026-01-12,111469,1,14,0,125.0
10109802LEMOSF_2026-01-12_G10,10109802LEMOSF,2026-01-12,141916,1,4,0,329.0
10109802LEMOSF_2026-01-12_G11,10109802LEMOSF,2026-01-12,110787,2,9,9,788.0
10109802LEMOSF_2026-01-12_G12,10109802LEMOSF,2026-01-12,111743,1,4,0,390.0
10109802LEMOSF_2026-01-12_G13,10109802LEMOSF,2026-01-12,108795,1,5,0,135.0
10109802LEMOSF_2026-01-12_G14,10109802LEMOSF,2026-01-12,111348,1,2,0,73.0
10109802LEMOSF_2026-01-12_G15,10109802LEMOSF,2026-01-12,111532,1,15,0,87.0
10109802LEMOSF_2026-01-12_G16,10109802LEMOSF,2026-01-12,118140,1,22,0,181.0
10109802LEMOSF_2026-01-12_G17,10109802LEMOSF,2026-01-12,111466,1,2,0,2088.0
10109802LEMOSF_2026-01-12_G18,10109802LEMOSF,2026-01-12,111172,1,3,0,80.0
10109802LEMOSF_2026-01-12_G19,10109802LEMOSF,2026-01-12,111435,1,22,0,97.0
10109802LEMOSF_2026-01-12_G20,10109802LEMOSF,2026-01-12,111442,2,6,13,184.0
10109802LEMOSF_2026-01-12_G21,10109802LEMOSF,2026-01-12,111463,1,14,0,108.0
10109802LEMOSF_2026-01-12_G22,10109802LEMOSF,2026-01-12,110745,1,4,0,236.0
10109802LEMOSF_2026-01-12_G23,10109802LEMOSF,2026-01-12,111469,2,24,7,234.0
10109802LEMOSF_2026-01-12_G24,10109802LEMOSF,2026-01-12,117821,1,14,0,338.0
10109802LEMOSF_2026-01-12_G25,10109802LEMOSF,2026-01-12,111182,1,14,0,189.0
10109802LEMOSF_2026-01-12_G26,10109802LEMOSF,2026-01-12,117832,1,13,0,311.0
10109802LEMOSF_2026-01-12_G27,10109802LEMOSF,2026-01-12,142045,1,30,0,208.0
10109802LEMOSF_2026-01-12_G28,10109802LEMOSF,2026-01-12,118306,1,3,0,442.0
10109802LEMOSF_2026-01-12_G29,10109802LEMOSF,2026-01-12,110755,2,18,11,1432.0
10109802LEMOSF_2026-01-12_G30,10109802LEMOSF,2026-01-12,111438,1,15,0,187.0
10109802LEMOSF_2026-01-12_G31,10109802LEMOSF,2026-01-12,111430,1,10,0,643.0
10109802LEMOSF_2026-01-12_G33,10109802LEMOSF,2026-01-12,110743,1,2,0,78.0
10109802LEMOSF_2026-01-12_G34,10109802LEMOSF,2026-01-12,111466,2,64,20,189.0
10109802LEMOSF_2026-01-12_G35,10109802LEMOSF,2026-01-12,141823,1,3,0,394.0
10109802LEMOSF_2026-01-12_G36,10109802LEMOSF,2026-01-12,117785,1,64,0,140.0
10109802LEMOSF_2026-01-12_G37,10109802LEMOSF,2026-01-12,110745,1,6,0,159.0
10109802LEMOSF_2026-01-12_G38,10109802LEMOSF,2026-01-12,141456,1,14,0,326.0
10109802LEMOSF_2026-01-12_G39,10109802LEMOSF,2026-01-12,117862,1,4,0,397.0
10109802LEMOSF_2026-01-12_G40,10109802LEMOSF,2026-01-12,118094,1,10,0,299.0
10109802LEMOSF_2026-01-12_G41,10109802LEMOSF,2026-01-12,117837,1,4,0,32.0
10109802LEMOSF_2026-01-12_G42,10109802LEMOSF,2026-01-12,117786,2,13,6,313.0
10109802LEMOSF_2026-01-12_G43,10109802LEMOSF,2026-01-12,110733,1,6,0,215.0
10109802LEMOSF_2026-01-12_G44,10109802LEMOSF,2026-01-12,117855,2,22,29,133.0
10109802LEMOSF_2026-01-12_G45,10109802LEMOSF,2026-01-12,110372,1,31,0,359.0
10109802LEMOSF_2026-01-12_G46,10109802LEMOSF,2026-01-12,110373,1,42,0,1339.0
10109802LEMOSF_2026-01-12_G47,10109802LEMOSF,2026-01-12,118299,1,300,0,356.0
10109802LEMOSF_2026-01-12_G48,10109802LEMOSF,2026-01-12,117830,1,20,0,615.0
10109802LEMOSF_2026-01-12_G49,10109802LEMOSF,2026-01-12,110371,1,52,0,377.0
10109802LEMOSF_2026-01-12_G50,10109802LEMOSF,2026-01-12,107830,1,1,0,311.0
10109802LEMOSF_2026-01-12_G51,10109802LEMOSF,2026-01-12,142045,1,2,0,201.0
10109802LEMOSF_2026-01-12_G52,10109802LEMOSF,2026-01-12,142045,1,13,0,31.0
10109802LEMOSF_2026-01-12_G53,10109802LEMOSF,2026-01-12,118140,1,4,0,286.0
10109802LEMOSF_2026-01-12_G54,10109802LEMOSF,2026-01-12,111462,1,4,0,220.0
10109802LEMOSF_2026-01-12_G55,10109802LEMOSF,2026-01-12,"111418, 117821",2,19,26,143.0
10109802LEMOSF_2026-01-12_G56,10109802LEMOSF,2026-01-12,111466,1,2,0,208.0
10109802LEMOSF_2026-01-12_G57,10109802LEMOSF,2026-01-12,110740,1,2,0,1309.0
10109802LEMOSF_2026-01-12_G58,10109802LEMOSF,2026-01-12,118223,1,2,0,122.0
10109802LEMOSF_2026-01-12_G59,10109802LEMOSF,2026-01-12,108770,1,4,0,138.0
10109802LEMOSF_2026-01-12_G60,10109802LEMOSF,2026-01-12,111441,1,4,0,60.0
10109802LEMOSF_2026-01-13_G02,10109802LEMOSF,2026-01-13,105705,1,2,0,230.0
10109802LEMOSF_2026-01-13_G03,10109802LEMOSF,2026-01-13,"117831, 111418",2,9,24,479.0
10109802LEMOSF_2026-01-13_G04,10109802LEMOSF,2026-01-13,140922,1,2,0,63.0
10109802LEMOSF_2026-01-13_G05,10109802LEMOSF,2026-01-13,109645,1,2,0,58.0
10109802LEMOSF_2026-01-13_G06,10109802LEMOSF,2026-01-13,110740,1,2,0,127.0
10109802LEMOSF_2026-01-13_G07,10109802LEMOSF,2026-01-13,110733,1,2,0,70.0
10109802LEMOSF_2026-01-13_G08,10109802LEMOSF,2026-01-13,140923,1,4,0,118.0
10109802LEMOSF_2026-01-13_G09,10109802LEMOSF,2026-01-13,110313,1,1,0,78.0
10109802LEMOSF_2026-01-13_G10,10109802LEMOSF,2026-01-13,117856,1,2,0,110.0
10109802LEMOSF_2026-01-13_G11,10109802LEMOSF,2026-01-13,141352,1,4,0,38.0
10109802LEMOSF_2026-01-13_G12,10109802LEMOSF,2026-01-13,117809,1,3,0,230.0
10109802LEMOSF_2026-01-13_G13,10109802LEMOSF,2026-01-13,108701,1,3,0,569.0
10109802LEMOSF_2026-01-13_G14,10109802LEMOSF,2026-01-13,110733,1,4,0,75.0
10109802LEMOSF_2026-01-13_G15,10109802LEMOSF,2026-01-13,117837,1,2,0,73.0
10109802LEMOSF_2026-01-13_G16,10109802LEMOSF,2026-01-13,111467,1,2,0,68.0
10109802LEMOSF_2026-01-13_G17,10109802LEMOSF,2026-01-13,117856,1,4,0,91.0
10109802LEMOSF_2026-01-13_G18,10109802LEMOSF,2026-01-13,110339,1,4,0,70.0
10109802LEMOSF_2026-01-13_G19,10109802LEMOSF,2026-01-13,117809,1,1,0,1847.0
10109802LEMOSF_2026-01-13_G20,10109802LEMOSF,2026-01-13,117820,1,6,0,158.0
10109802LEMOSF_2026-01-13_G21,10109802LEMOSF,2026-01-13,"117855, 140923",2,6,16,98.0
10109802LEMOSF_2026-01-13_G22,10109802LEMOSF,2026-01-13,117862,1,4,0,113.0
10109802LEMOSF_2026-01-13_G23,10109802LEMOSF,2026-01-13,117856,1,4,0,187.0
10109802LEMOSF_2026-01-13_G24,10109802LEMOSF,2026-01-13,118140,1,8,0,278.0
10109802LEMOSF_2026-01-13_G25,10109802LEMOSF,2026-01-13,"111418, 110751",2,6,27,68.0
10109802LEMOSF_2026-01-13_G26,10109802LEMOSF,2026-01-13,109645,1,4,0,299.0
10109802LEMOSF_2026-01-13_G27,10109802LEMOSF,2026-01-13,111463,1,4,0,195.0
10109802LEMOSF_2026-01-13_G28,10109802LEMOSF,2026-01-13,141458,1,6,0,49.0
10109802LEMOSF_2026-01-13_G29,10109802LEMOSF,2026-01-13,"110745, 110740",2,6,13,74.0
10109802LEMOSF_2026-01-13_G30,10109802LEMOSF,2026-01-13,110372,1,6,0,390.0
10109802LEMOSF_2026-01-13_G31,10109802LEMOSF,2026-01-13,"141202, 110371",2,6,10,103.0
10109802LEMOSF_2026-01-13_G32,10109802LEMOSF,2026-01-13,117820,1,8,0,40.0
10109802LEMOSF_2026-01-13_G33,10109802LEMOSF,2026-01-13,"117830, 107830",2,8,14,75.0
10109802LEMOSF_2026-01-13_G34,10109802LEMOSF,2026-01-13,111462,1,9,0,2465.0
10109802LEMOSF_2026-01-13_G35,10109802LEMOSF,2026-01-13,118094,1,4,0,952.0
10109802LEMOSF_2026-01-13_G36,10109802LEMOSF,2026-01-13,140923,1,2,0,80.0
10109802LEMOSF_2026-01-13_G37,10109802LEMOSF,2026-01-13,110372,1,20,0,612.0
10109802LEMOSF_2026-01-13_G38,10109802LEMOSF,2026-01-13,111418,1,10,0,526.0
10109802LEMOSF_2026-01-13_G39,10109802LEMOSF,2026-01-13,110339,3,11,33,34.0
10109802LEMOSF_2026-01-13_G40,10109802LEMOSF,2026-01-13,110372,1,30,0,311.0
10109802LEMOSF_2026-01-13_G41,10109802LEMOSF,2026-01-13,117809,1,10,0,63.0
10109802LEMOSF_2026-01-13_G42,10109802LEMOSF,2026-01-13,110371,1,10,0,40.0
10109802LEMOSF_2026-01-13_G43,10109802LEMOSF,2026-01-13,110375,1,10,0,219.0
10109802LEMOSF_2026-01-13_G44,10109802LEMOSF,2026-01-13,117821,1,5,0,88.0
10109802LEMOSF_2026-01-13_G45,10109802LEMOSF,2026-01-13,111435,1,5,0,576.0
10109802LEMOSF_2026-01-13_G47,10109802LEMOSF,2026-01-13,111468,1,3,0,60.0
10109802LEMOSF_2026-01-13_G48,10109802LEMOSF,2026-01-13,111172,1,2,0,72.0
10109802LEMOSF_2026-01-13_G49,10109802LEMOSF,2026-01-13,109641,1,26,0,362.0
10109802LEMOSF_2026-01-13_G50,10109802LEMOSF,2026-01-13,108711,1,4,0,518.0
10109802LEMOSF_2026-01-13_G51,10109802LEMOSF,2026-01-13,111465,1,2,0,183.0
10109802LEMOSF_2026-01-13_G52,10109802LEMOSF,2026-01-13,117809,1,7,0,1251.0
10109802LEMOSF_2026-01-13_G53,10109802LEMOSF,2026-01-13,110373,1,107,0,72.0
10109802LEMOSF_2026-01-13_G54,10109802LEMOSF,2026-01-13,117830,1,171,0,938.0
10109802LEMOSF_2026-01-13_G55,10109802LEMOSF,2026-01-13,117820,1,500,0,729.0
10109802LEMOSF_2026-01-13_G56,10109802LEMOSF,2026-01-13,117830,1,230,0,2775.0
10109802LEMOSF_2026-01-13_G57,10109802LEMOSF,2026-01-13,111466,1,249,0,1026.0
10109802LEMOSF_2026-01-13_G58,10109802LEMOSF,2026-01-13,111463,1,114,0,319.0
10109802LEMOSF_2026-01-14_G02,10109802LEMOSF,2026-01-14,109648,1,4,0,325.0
10109802LEMOSF_2026-01-14_G03,10109802LEMOSF,2026-01-14,118299,1,11,0,184.0
10109802LEMOSF_2026-01-14_G04,10109802LEMOSF,2026-01-14,118299,1,17,0,1050.0
10109802LEMOSF_2026-01-14_G05,10109802LEMOSF,2026-01-14,118299,1,14,0,62.0
10109802LEMOSF_2026-01-14_G06,10109802LEMOSF,2026-01-14,117820,1,10,0,352.0
10109802LEMOSF_2026-01-14_G07,10109802LEMOSF,2026-01-14,118299,2,23,7,1819.0
10109802LEMOSF_2026-01-14_G08,10109802LEMOSF,2026-01-14,117808,1,3,0,269.0
10109802LEMOSF_2026-01-14_G09,10109802LEMOSF,2026-01-14,117832,1,4,0,99.0
10109802LEMOSF_2026-01-14_G10,10109802LEMOSF,2026-01-14,111466,1,4,0,105.0
10109802LEMOSF_2026-01-14_G11,10109802LEMOSF,2026-01-14,117853,1,4,0,134.0
10109802LEMOSF_2026-01-14_G12,10109802LEMOSF,2026-01-14,117797,1,2,0,97.0
10109802LEMOSF_2026-01-14_G13,10109802LEMOSF,2026-01-14,110733,1,4,0,970.0
10109802LEMOSF_2026-01-14_G14,10109802LEMOSF,2026-01-14,117862,1,2,0,103.0
10109802LEMOSF_2026-01-14_G15,10109802LEMOSF,2026-01-14,117853,1,2,0,134.0
10109802LEMOSF_2026-01-14_G16,10109802LEMOSF,2026-01-14,117797,1,2,0,128.0
10109802LEMOSF_2026-01-14_G17,10109802LEMOSF,2026-01-14,111468,1,2,0,457.0
10109802LEMOSF_2026-01-14_G18,10109802LEMOSF,2026-01-14,118299,2,9,6,114.0
10109802LEMOSF_2026-01-14_G20,10109802LEMOSF,2026-01-14,110313,1,20,0,161.0
10109802LEMOSF_2026-01-14_G21,10109802LEMOSF,2026-01-14,141047,1,4,0,463.0
10109802LEMOSF_2026-01-14_G22,10109802LEMOSF,2026-01-14,110339,1,4,0,176.0
10109802LEMOSF_2026-01-14_G23,10109802LEMOSF,2026-01-14,141352,1,1,0,70.0
10109802LEMOSF_2026-01-14_G24,10109802LEMOSF,2026-01-14,117855,1,70,0,134.0
10109802LEMOSF_2026-01-14_G25,10109802LEMOSF,2026-01-14,117855,1,25,0,49.0
10109802LEMOSF_2026-01-14_G26,10109802LEMOSF,2026-01-14,110752,1,1,0,32.0
10109802LEMOSF_2026-01-14_G27,10109802LEMOSF,2026-01-14,117809,1,30,0,947.0
10109802LEMOSF_2026-01-14_G28,10109802LEMOSF,2026-01-14,117820,1,62,0,341.0
10109802LEMOSF_2026-01-14_G29,10109802LEMOSF,2026-01-14,110371,1,20,0,312.0
10109802LEMOSF_2026-01-14_G30,10109802LEMOSF,2026-01-14,117820,1,150,0,221.0
10109802LEMOSF_2026-01-14_G31,10109802LEMOSF,2026-01-14,118140,1,360,0,2428.0
10109802LEMOSF_2026-01-14_G32,10109802LEMOSF,2026-01-14,141271,1,50,0,306.0
10109802LEMOSF_2026-01-14_G33,10109802LEMOSF,2026-01-14,110371,1,360,0,291.0
10109802LEMOSF_2026-01-14_G34,10109802LEMOSF,2026-01-14,111530,2,119,24,752.0
10109802LEMOSF_2026-01-14_G35,10109802LEMOSF,2026-01-14,117797,1,1,0,76.0
10109802LEMOSF_2026-01-15_G02,10109802LEMOSF,2026-01-15,117833,1,40,0,184.0
10109802LEMOSF_2026-01-15_G03,10109802LEMOSF,2026-01-15,140922,1,20,0,743.0
10109802LEMOSF_2026-01-15_G04,10109802LEMOSF,2026-01-15,117831,1,32,0,322.0
10109802LEMOSF_2026-01-15_G05,10109802LEMOSF,2026-01-15,141823,1,18,0,258.0
10109802LEMOSF_2026-01-15_G06,10109802LEMOSF,2026-01-15,"111569, 111430",2,5,28,3143.0
10109802LEMOSF_2026-01-15_G07,10109802LEMOSF,2026-01-15,111438,2,4,6,59.0
10109802LEMOSF_2026-01-15_G08,10109802LEMOSF,2026-01-15,110747,1,10,0,427.0
10109802LEMOSF_2026-01-15_G09,10109802LEMOSF,2026-01-15,141916,1,6,0,191.0
10109802LEMOSF_2026-01-15_G10,10109802LEMOSF,2026-01-15,100334,1,8,0,160.0
10109802LEMOSF_2026-01-15_G11,10109802LEMOSF,2026-01-15,110372,1,400,0,1114.0
10109802LEMOSF_2026-01-15_G12,10109802LEMOSF,2026-01-15,118299,1,2,0,224.0
10109802LEMOSF_2026-01-15_G13,10109802LEMOSF,2026-01-15,110373,1,400,0,354.0
10109802LEMOSF_2026-01-15_G14,10109802LEMOSF,2026-01-15,141262,1,134,0,2175.0
10109802LEMOSF_2026-01-15_G15,10109802LEMOSF,2026-01-15,117809,1,2,0,460.0
10109802LEMOSF_2026-01-15_G16,10109802LEMOSF,2026-01-15,110371,2,62,13,259.0
10109802LEMOSF_2026-01-15_G18,10109802LEMOSF,2026-01-15,105705,1,4,0,1423.0
10109802LEMOSF_2026-01-15_G19,10109802LEMOSF,2026-01-15,110313,1,4,0,238.0
10109802LEMOSF_2026-01-15_G20,10109802LEMOSF,2026-01-15,110313,1,4,0,92.0
10109802LEMOSF_2026-01-15_G21,10109802LEMOSF,2026-01-15,109645,1,2,0,569.0
10109802LEMOSF_2026-01-15_G22,10109802LEMOSF,2026-01-15,111466,1,4,0,106.0
10109802LEMOSF_2026-01-15_G23,10109802LEMOSF,2026-01-15,117838,1,2,0,289.0
10109802LEMOSF_2026-01-15_G24,10109802LEMOSF,2026-01-15,108798,1,2,0,177.0
10109802LEMOSF_2026-01-15_G25,10109802LEMOSF,2026-01-15,111444,1,2,0,64.0
10109802LEMOSF_2026-01-15_G26,10109802LEMOSF,2026-01-15,110372,1,12,0,127.0
10109802LEMOSF_2026-01-15_G27,10109802LEMOSF,2026-01-15,110371,1,8,0,120.0
10109802LEMOSF_2026-01-15_G28,10109802LEMOSF,2026-01-15,"117830, 117835",2,6,30,157.0
10109802LEMOSF_2026-01-15_G29,10109802LEMOSF,2026-01-15,110747,1,4,0,91.0
10109802LEMOSF_2026-01-15_G30,10109802LEMOSF,2026-01-15,111438,1,8,0,109.0
10109802LEMOSF_2026-01-15_G31,10109802LEMOSF,2026-01-15,141916,1,2,0,107.0
10109802LEMOSF_2026-01-15_G32,10109802LEMOSF,2026-01-15,110752,1,2,0,3234.0
10109802LEMOSF_2026-01-15_G33,10109802LEMOSF,2026-01-15,"111438, 118094",2,5,27,61.0
10109802LEMOSF_2026-01-15_G34,10109802LEMOSF,2026-01-15,110339,1,8,0,110.0
10109802LEMOSF_2026-01-16_G02,10109802LEMOSF,2026-01-16,107254,1,4,0,180.0
10109802LEMOSF_2026-01-16_G03,10109802LEMOSF,2026-01-16,108794,1,3,0,121.0
10109802LEMOSF_2026-01-16_G04,10109802LEMOSF,2026-01-16,111468,1,1,0,107.0
10109802LEMOSF_2026-01-16_G05,10109802LEMOSF,2026-01-16,117833,1,4,0,738.0
10109802LEMOSF_2026-01-16_G06,10109802LEMOSF,2026-01-16,111444,1,2,0,88.0
10109802LEMOSF_2026-01-16_G07,10109802LEMOSF,2026-01-16,111465,1,4,0,162.0
10109802LEMOSF_2026-01-16_G08,10109802LEMOSF,2026-01-16,110313,1,1,0,129.0
10109802LEMOSF_2026-01-16_G09,10109802LEMOSF,2026-01-16,110733,1,4,0,50.0
10109802LEMOSF_2026-01-16_G10,10109802LEMOSF,2026-01-16,110339,1,2,0,85.0
10109802LEMOSF_2026-01-16_G11,10109802LEMOSF,2026-01-16,117809,1,2,0,181.0
10109802LEMOSF_2026-01-16_G12,10109802LEMOSF,2026-01-16,117808,1,10,0,352.0
10109802LEMOSF_2026-01-16_G13,10109802LEMOSF,2026-01-16,118299,1,12,0,127.0
10109802LEMOSF_2026-01-16_G14,10109802LEMOSF,2026-01-16,117862,1,6,0,264.0
10109802LEMOSF_2026-01-16_G15,10109802LEMOSF,2026-01-16,118299,1,50,0,71.0
10109802LEMOSF_2026-01-16_G16,10109802LEMOSF,2026-01-16,117808,1,60,0,365.0
10109802LEMOSF_2026-01-16_G17,10109802LEMOSF,2026-01-16,111743,1,5,0,1049.0
10109802LEMOSF_2026-01-16_G18,10109802LEMOSF,2026-01-16,105705,1,2,0,71.0
10109802LEMOSF_2026-01-16_G19,10109802LEMOSF,2026-01-16,108794,1,2,0,47.0
10109802LEMOSF_2026-01-16_G20,10109802LEMOSF,2026-01-16,140922,1,1,0,51.0
10109802LEMOSF_2026-01-16_G21,10109802LEMOSF,2026-01-16,"117831, 111462",2,4,27,56.0
10109802LEMOSF_2026-01-16_G22,10109802LEMOSF,2026-01-16,110751,1,2,0,35.0
10109802LEMOSF_2026-01-16_G23,10109802LEMOSF,2026-01-16,111418,1,11,0,73.0
10109802LEMOSF_2026-01-16_G24,10109802LEMOSF,2026-01-16,118140,1,2,0,133.0
10109802LEMOSF_2026-01-16_G25,10109802LEMOSF,2026-01-16,117785,1,7,0,86.0
10109802LEMOSF_2026-01-16_G26,10109802LEMOSF,2026-01-16,118094,1,6,0,405.0
10109802LEMOSF_2026-01-16_G27,10109802LEMOSF,2026-01-16,"110313, 140923",2,10,21,109.0
10109802LEMOSF_2026-01-16_G28,10109802LEMOSF,2026-01-16,110733,1,4,0,181.0
10109802LEMOSF_2026-01-16_G29,10109802LEMOSF,2026-01-16,110339,1,4,0,68.0
10109802LEMOSF_2026-01-16_G30,10109802LEMOSF,2026-01-16,117855,1,4,0,145.0
10109802LEMOSF_2026-01-16_G31,10109802LEMOSF,2026-01-16,110752,1,2,0,111.0
10109802LEMOSF_2026-01-16_G32,10109802LEMOSF,2026-01-16,110372,1,15,0,238.0
10109802LEMOSF_2026-01-16_G33,10109802LEMOSF,2026-01-16,117808,1,10,0,154.0
10109802LEMOSF_2026-01-16_G34,10109802LEMOSF,2026-01-16,110373,1,12,0,64.0
10109802LEMOSF_2026-01-16_G35,10109802LEMOSF,2026-01-16,107830,1,4,0,123.0
10109802LEMOSF_2026-01-16_G36,10109802LEMOSF,2026-01-16,109933,1,4,0,119.0
10109802LEMOSF_2026-01-16_G37,10109802LEMOSF,2026-01-16,118306,1,1,0,279.0
10109802LEMOSF_2026-01-16_G38,10109802LEMOSF,2026-01-16,110752,1,2,0,641.0
10109802LEMOSF_2026-01-16_G39,10109802LEMOSF,2026-01-16,105705,1,2,0,47.0
10109802LEMOSF_2026-01-16_G40,10109802LEMOSF,2026-01-16,110313,2,16,15,253.0
10109802LEMOSF_2026-01-16_G41,10109802LEMOSF,2026-01-16,141318,1,1,0,348.0
10109802LEMOSF_2026-01-16_G42,10109802LEMOSF,2026-01-16,117808,1,4,0,161.0
10109802LEMOSF_2026-01-16_G43,10109802LEMOSF,2026-01-16,117808,1,12,0,1249.0
10109802LEMOSF_2026-01-16_G44,10109802LEMOSF,2026-01-16,118299,1,20,0,43.0
10109802LEMOSF_2026-01-16_G46,10109802LEMOSF,2026-01-16,117831,1,2,0,165.0
10109802LEMOSF_2026-01-16_G47,10109802LEMOSF,2026-01-16,109641,1,4,0,146.0
10109802LEMOSF_2026-01-16_G48,10109802LEMOSF,2026-01-16,111418,1,2,0,38.0
10109802LEMOSF_2026-01-16_G49,10109802LEMOSF,2026-01-16,118140,1,4,0,106.0
10109802LEMOSF_2026-01-16_G50,10109802LEMOSF,2026-01-16,117785,1,1,0,108.0
10109802LEMOSF_2026-01-16_G51,10109802LEMOSF,2026-01-16,116241,1,3,0,415.0
10109802LEMOSF_2026-01-16_G52,10109802LEMOSF,2026-01-16,141271,1,4,0,234.0
10109802LEMOSF_2026-01-16_G53,10109802LEMOSF,2026-01-16,141823,1,4,0,60.0
10109802LEMOSF_2026-01-16_G54,10109802LEMOSF,2026-01-16,"118223, 108795",2,6,13,114.0
10109802LEMOSF_2026-01-16_G55,10109802LEMOSF,2026-01-16,110374,1,30,0,1035.0
10109802LEMOSF_2026-01-16_G56,10109802LEMOSF,2026-01-16,110372,1,100,0,1030.0
10109802LEMOSF_2026-01-16_G57,10109802LEMOSF,2026-01-16,117820,1,144,0,215.0
10109802LEMOSF_2026-01-16_G58,10109802LEMOSF,2026-01-16,118299,1,114,0,532.0
10109802LEMOSF_2026-01-16_G59,10109802LEMOSF,2026-01-16,110373,2,89,20,193.0
10109802LEMOSF_2026-01-16_G60,10109802LEMOSF,2026-01-16,117808,1,150,0,1461.0
10109802LEMOSF_2026-01-16_G61,10109802LEMOSF,2026-01-16,117808,3,433,33,88.0
10109802LEMOSF_2026-01-16_G62,10109802LEMOSF,2026-01-16,118299,1,150,0,934.0
10109802LEMOSF_2026-01-16_G63,10109802LEMOSF,2026-01-16,118299,1,150,0,176.0
10109802LEMOSF_2026-01-16_G64,10109802LEMOSF,2026-01-16,117855,1,57,0,799.0
10109802LEMOSF_2026-01-16_G65,10109802LEMOSF,2026-01-16,110895,1,27,0,736.0
10109802LEMOSF_2026-01-17_G02,10109802LEMOSF,2026-01-17,117831,1,26,0,245.0
10109802LEMOSF_2026-01-17_G03,10109802LEMOSF,2026-01-17,110751,1,1,0,376.0
10109802LEMOSF_2026-01-17_G04,10109802LEMOSF,2026-01-17,117821,1,4,0,42.0
10109802LEMOSF_2026-01-17_G06,10109802LEMOSF,2026-01-17,111434,1,1,0,120.0
10109802LEMOSF_2026-01-17_G07,10109802LEMOSF,2026-01-17,141823,1,22,0,235.0
10109802LEMOSF_2026-01-17_G08,10109802LEMOSF,2026-01-17,111418,1,100,0,230.0
10109802LEMOSF_2026-01-17_G09,10109802LEMOSF,2026-01-17,108798,2,17,8,607.0
10109802LEMOSF_2026-01-17_G10,10109802LEMOSF,2026-01-17,110740,1,2,0,238.0
10109802LEMOSF_2026-01-19_G02,10109802LEMOSF,2026-01-19,111602,1,4,0,101.0
10109802LEMOSF_2026-01-19_G03,10109802LEMOSF,2026-01-19,141457,1,8,0,98.0
10109802LEMOSF_2026-01-19_G04,10109802LEMOSF,2026-01-19,"111172, 141457",2,10,4,326.0
10109802LEMOSF_2026-01-19_G05,10109802LEMOSF,2026-01-19,117853,1,2,0,75.0
10109802LEMOSF_2026-01-19_G06,10109802LEMOSF,2026-01-19,111602,1,5,0,53.0
10109802LEMOSF_2026-01-19_G07,10109802LEMOSF,2026-01-19,109640,1,1,0,141.0
10109802LEMOSF_2026-01-19_G09,10109802LEMOSF,2026-01-19,140922,1,12,0,1251.0
10109802LEMOSF_2026-01-19_G10,10109802LEMOSF,2026-01-19,117831,1,18,0,132.0
10109802LEMOSF_2026-01-19_G11,10109802LEMOSF,2026-01-19,109645,1,16,0,297.0
10109802LEMOSF_2026-01-19_G12,10109802LEMOSF,2026-01-19,117838,1,8,0,73.0
10109802LEMOSF_2026-01-19_G13,10109802LEMOSF,2026-01-19,141823,1,12,0,237.0
10109802LEMOSF_2026-01-19_G14,10109802LEMOSF,2026-01-19,117837,1,24,0,1582.0
10109802LEMOSF_2026-01-19_G15,10109802LEMOSF,2026-01-19,111467,1,12,0,260.0
10109802LEMOSF_2026-01-19_G16,10109802LEMOSF,2026-01-19,110313,1,33,0,301.0
10109802LEMOSF_2026-01-19_G17,10109802LEMOSF,2026-01-19,117862,2,19,15,542.0
10109802LEMOSF_2026-01-19_G18,10109802LEMOSF,2026-01-19,117862,1,33,0,38.0
10109802LEMOSF_2026-01-19_G19,10109802LEMOSF,2026-01-19,140923,1,20,0,70.0
10109802LEMOSF_2026-01-19_G20,10109802LEMOSF,2026-01-19,117786,1,12,0,679.0
10109802LEMOSF_2026-01-19_G21,10109802LEMOSF,2026-01-19,111602,1,50,0,210.0
10109802LEMOSF_2026-01-19_G22,10109802LEMOSF,2026-01-19,111602,1,70,0,67.0
10109802LEMOSF_2026-01-19_G23,10109802LEMOSF,2026-01-19,110339,1,8,0,903.0
10109802LEMOSF_2026-01-20_G02,10109802LEMOSF,2026-01-20,110755,1,4,0,390.0
10109802LEMOSF_2026-01-20_G03,10109802LEMOSF,2026-01-20,110754,1,4,0,85.0
10109802LEMOSF_2026-01-20_G04,10109802LEMOSF,2026-01-20,117289,1,2,0,189.0
10109802LEMOSF_2026-01-20_G05,10109802LEMOSF,2026-01-20,111430,1,4,0,121.0
10109802LEMOSF_2026-01-20_G06,10109802LEMOSF,2026-01-20,117835,1,4,0,109.0
10109802LEMOSF_2026-01-20_G07,10109802LEMOSF,2026-01-20,117834,1,8,0,104.0
10109802LEMOSF_2026-01-20_G08,10109802LEMOSF,2026-01-20,118224,1,4,0,255.0
10109802LEMOSF_2026-01-20_G09,10109802LEMOSF,2026-01-20,116527,1,12,0,285.0
10109802LEMOSF_2026-01-20_G11,10109802LEMOSF,2026-01-20,110743,1,1,0,87.0
10109802LEMOSF_2026-01-20_G12,10109802LEMOSF,2026-01-20,118330,1,1,0,55.0
10109802LEMOSF_2026-01-20_G13,10109802LEMOSF,2026-01-20,111532,1,4,0,88.0
10109802LEMOSF_2026-01-20_G14,10109802LEMOSF,2026-01-20,111442,1,1,0,107.0
10109802LEMOSF_2026-01-20_G15,10109802LEMOSF,2026-01-20,111443,1,1,0,55.0
10109802LEMOSF_2026-01-20_G16,10109802LEMOSF,2026-01-20,108798,1,3,0,31.0
10109802LEMOSF_2026-01-20_G17,10109802LEMOSF,2026-01-20,110745,2,2,5,40.0
10109802LEMOSF_2026-01-20_G18,10109802LEMOSF,2026-01-20,111444,2,2,7,33.0
10109802LEMOSF_2026-01-20_G19,10109802LEMOSF,2026-01-20,"111465, 110740",2,13,21,75.0
10109802LEMOSF_2026-01-20_G20,10109802LEMOSF,2026-01-20,118140,1,5,0,276.0
10109802LEMOSF_2026-01-20_G21,10109802LEMOSF,2026-01-20,141458,1,5,0,68.0
10109802LEMOSF_2026-01-20_G22,10109802LEMOSF,2026-01-20,117785,1,17,0,150.0
10109802LEMOSF_2026-01-20_G23,10109802LEMOSF,2026-01-20,118094,2,28,19,323.0
10109802LEMOSF_2026-01-20_G24,10109802LEMOSF,2026-01-20,111467,2,4,8,241.0
10109802LEMOSF_2026-01-20_G25,10109802LEMOSF,2026-01-20,117788,1,1,0,93.0
10109802LEMOSF_2026-01-20_G26,10109802LEMOSF,2026-01-20,110313,1,17,0,52.0
10109802LEMOSF_2026-01-20_G27,10109802LEMOSF,2026-01-20,140923,1,21,0,286.0
10109802LEMOSF_2026-01-20_G28,10109802LEMOSF,2026-01-20,141047,1,1,0,481.0
10109802LEMOSF_2026-01-20_G29,10109802LEMOSF,2026-01-20,107629,1,2,0,70.0
10109802LEMOSF_2026-01-21_G02,10109802LEMOSF,2026-01-21,109645,1,2,0,224.0
10109802LEMOSF_2026-01-21_G03,10109802LEMOSF,2026-01-21,110374,1,10,0,289.0
10109802LEMOSF_2026-01-21_G04,10109802LEMOSF,2026-01-21,160051,1,4,0,189.0
10109802LEMOSF_2026-01-21_G05,10109802LEMOSF,2026-01-21,117808,1,3,0,262.0
10109802LEMOSF_2026-01-21_G06,10109802LEMOSF,2026-01-21,118299,1,30,0,2437.0
10109802LEMOSF_2026-01-21_G07,10109802LEMOSF,2026-01-21,117809,1,5,0,211.0
10109802LEMOSF_2026-01-21_G08,10109802LEMOSF,2026-01-21,110372,1,14,0,65.0
10109802LEMOSF_2026-01-21_G09,10109802LEMOSF,2026-01-21,117820,1,13,0,209.0
10109802LEMOSF_2026-01-21_G10,10109802LEMOSF,2026-01-21,110371,1,4,0,112.0
10109802LEMOSF_2026-01-21_G11,10109802LEMOSF,2026-01-21,117808,1,59,0,146.0
10109802LEMOSF_2026-01-21_G12,10109802LEMOSF,2026-01-21,110373,1,10,0,451.0
10109802LEMOSF_2026-01-21_G13,10109802LEMOSF,2026-01-21,117830,1,9,0,134.0
10109802LEMOSF_2026-01-21_G14,10109802LEMOSF,2026-01-21,111602,1,11,0,190.0
10109802LEMOSF_2026-01-21_G15,10109802LEMOSF,2026-01-21,117856,1,4,0,156.0
10109802LEMOSF_2026-01-21_G16,10109802LEMOSF,2026-01-21,117861,1,2,0,81.0
10109802LEMOSF_2026-01-21_G17,10109802LEMOSF,2026-01-21,117854,1,2,0,116.0
10109802LEMOSF_2026-01-21_G18,10109802LEMOSF,2026-01-21,111467,1,3,0,1916.0
10109802LEMOSF_2026-01-21_G19,10109802LEMOSF,2026-01-21,110313,1,7,0,439.0
10109802LEMOSF_2026-01-21_G20,10109802LEMOSF,2026-01-21,141047,1,2,0,139.0
10109802LEMOSF_2026-01-21_G21,10109802LEMOSF,2026-01-21,110733,1,2,0,118.0
10109802LEMOSF_2026-01-21_G22,10109802LEMOSF,2026-01-21,105242,1,2,0,100.0
10109802LEMOSF_2026-01-21_G23,10109802LEMOSF,2026-01-21,117855,1,3,0,93.0
10109802LEMOSF_2026-01-21_G24,10109802LEMOSF,2026-01-21,117809,1,3,0,136.0
10109802LEMOSF_2026-01-21_G25,10109802LEMOSF,2026-01-21,110372,1,24,0,357.0
10109802LEMOSF_2026-01-21_G26,10109802LEMOSF,2026-01-21,117808,1,24,0,334.0
10109802LEMOSF_2026-01-21_G27,10109802LEMOSF,2026-01-21,110375,1,4,0,86.0
10109802LEMOSF_2026-01-21_G28,10109802LEMOSF,2026-01-21,110373,1,24,0,92.0
10109802LEMOSF_2026-01-21_G29,10109802LEMOSF,2026-01-21,117820,1,40,0,298.0
10109802LEMOSF_2026-01-21_G30,10109802LEMOSF,2026-01-21,117862,1,34,0,287.0
10109802LEMOSF_2026-01-21_G32,10109802LEMOSF,2026-01-21,140922,1,8,0,151.0
10109802LEMOSF_2026-01-21_G33,10109802LEMOSF,2026-01-21,111743,1,6,0,261.0
10109802LEMOSF_2026-01-21_G34,10109802LEMOSF,2026-01-21,117821,1,5,0,1100.0
10109802LEMOSF_2026-01-21_G35,10109802LEMOSF,2026-01-21,111743,1,1,0,199.0
10109802LEMOSF_2026-01-21_G36,10109802LEMOSF,2026-01-21,141271,1,12,0,123.0
10109802LEMOSF_2026-01-21_G37,10109802LEMOSF,2026-01-21,141823,1,12,0,682.0
10109802LEMOSF_2026-01-21_G38,10109802LEMOSF,2026-01-21,111468,1,2,0,87.0
10109802LEMOSF_2026-01-21_G39,10109802LEMOSF,2026-01-21,110740,1,2,0,89.0
10109802LEMOSF_2026-01-21_G40,10109802LEMOSF,2026-01-21,118140,1,6,0,58.0
10109802LEMOSF_2026-01-21_G41,10109802LEMOSF,2026-01-21,117787,1,2,0,88.0
10109802LEMOSF_2026-01-21_G42,10109802LEMOSF,2026-01-21,141458,1,13,0,110.0
10109802LEMOSF_2026-01-21_G43,10109802LEMOSF,2026-01-21,117785,1,6,0,200.0
10109802LEMOSF_2026-01-21_G44,10109802LEMOSF,2026-01-21,118299,1,13,0,249.0
10109802LEMOSF_2026-01-21_G45,10109802LEMOSF,2026-01-21,110372,1,9,0,130.0
10109802LEMOSF_2026-01-21_G46,10109802LEMOSF,2026-01-21,110375,1,1,0,145.0
10109802LEMOSF_2026-01-21_G47,10109802LEMOSF,2026-01-21,111876,1,1,0,86.0
10109802LEMOSF_2026-01-21_G48,10109802LEMOSF,2026-01-21,117861,1,8,0,149.0
10109802LEMOSF_2026-01-21_G49,10109802LEMOSF,2026-01-21,117862,1,12,0,156.0
10109802LEMOSF_2026-01-21_G50,10109802LEMOSF,2026-01-21,111876,1,4,0,1150.0
10109802LEMOSF_2026-01-21_G51,10109802LEMOSF,2026-01-21,111469,1,4,0,156.0
10109802LEMOSF_2026-01-21_G52,10109802LEMOSF,2026-01-21,109640,1,1,0,136.0
10109802LEMOSF_2026-01-21_G53,10109802LEMOSF,2026-01-21,109640,1,3,0,428.0
10109802LEMOSF_2026-01-21_G54,10109802LEMOSF,2026-01-21,118299,1,8,0,247.0
10109802LEMOSF_2026-01-21_G55,10109802LEMOSF,2026-01-21,141457,1,5,0,180.0
10109802LEMOSF_2026-01-21_G56,10109802LEMOSF,2026-01-21,111602,1,2,0,147.0
10109802LEMOSF_2026-01-21_G57,10109802LEMOSF,2026-01-21,110749,1,4,0,1098.0
10109802LEMOSF_2026-01-21_G58,10109802LEMOSF,2026-01-21,110313,2,3,20,177.0
10109802LEMOSF_2026-01-21_G59,10109802LEMOSF,2026-01-21,109640,2,4,8,129.0
10109802LEMOSF_2026-01-21_G60,10109802LEMOSF,2026-01-21,111430,1,8,0,341.0
10109802LEMOSF_2026-01-21_G61,10109802LEMOSF,2026-01-21,117808,1,120,0,1445.0
10109802LEMOSF_2026-01-21_G62,10109802LEMOSF,2026-01-21,109640,1,5,0,149.0
10109802LEMOSF_2026-01-22_G02,10109802LEMOSF,2026-01-22,109640,1,18,0,187.0
10109802LEMOSF_2026-01-22_G03,10109802LEMOSF,2026-01-22,108759,1,8,0,896.0
10109802LEMOSF_2026-01-22_G04,10109802LEMOSF,2026-01-22,141916,2,10,30,408.0
10109802LEMOSF_2026-01-22_G05,10109802LEMOSF,2026-01-22,117861,1,2,0,225.0
10109802LEMOSF_2026-01-22_G06,10109802LEMOSF,2026-01-22,111532,1,4,0,164.0
10109802LEMOSF_2026-01-22_G07,10109802LEMOSF,2026-01-22,110313,1,3,0,173.0
10109802LEMOSF_2026-01-22_G08,10109802LEMOSF,2026-01-22,110313,1,1,0,203.0
10109802LEMOSF_2026-01-22_G09,10109802LEMOSF,2026-01-22,111441,1,4,0,163.0
10109802LEMOSF_2026-01-22_G10,10109802LEMOSF,2026-01-22,141916,1,4,0,312.0
10109802LEMOSF_2026-01-22_G11,10109802LEMOSF,2026-01-22,109641,1,4,0,801.0
10109802LEMOSF_2026-01-22_G12,10109802LEMOSF,2026-01-22,111348,1,4,0,81.0
10109802LEMOSF_2026-01-22_G13,10109802LEMOSF,2026-01-22,108794,1,10,0,69.0
10109802LEMOSF_2026-01-22_G14,10109802LEMOSF,2026-01-22,140922,1,10,0,341.0
10109802LEMOSF_2026-01-22_G15,10109802LEMOSF,2026-01-22,110751,1,4,0,115.0
10109802LEMOSF_2026-01-22_G16,10109802LEMOSF,2026-01-22,117821,1,4,0,69.0
10109802LEMOSF_2026-01-22_G17,10109802LEMOSF,2026-01-22,111466,1,10,0,96.0
10109802LEMOSF_2026-01-22_G18,10109802LEMOSF,2026-01-22,111462,2,20,7,143.0
10109802LEMOSF_2026-01-22_G19,10109802LEMOSF,2026-01-22,141823,1,10,0,187.0
10109802LEMOSF_2026-01-22_G20,10109802LEMOSF,2026-01-22,111444,1,7,0,690.0
10109802LEMOSF_2026-01-22_G21,10109802LEMOSF,2026-01-22,111431,1,4,0,106.0
10109802LEMOSF_2026-01-22_G22,10109802LEMOSF,2026-01-22,117809,1,10,0,125.0
10109802LEMOSF_2026-01-22_G23,10109802LEMOSF,2026-01-22,110372,2,70,10,82.0
10109802LEMOSF_2026-01-22_G24,10109802LEMOSF,2026-01-22,117820,1,20,0,120.0
10109802LEMOSF_2026-01-22_G25,10109802LEMOSF,2026-01-22,117840,1,8,0,199.0
10109802LEMOSF_2026-01-22_G26,10109802LEMOSF,2026-01-22,109643,1,4,0,165.0
10109802LEMOSF_2026-01-22_G27,10109802LEMOSF,2026-01-22,118281,1,2,0,44.0
10109802LEMOSF_2026-01-22_G28,10109802LEMOSF,2026-01-22,110375,2,30,14,242.0
10109802LEMOSF_2026-01-22_G29,10109802LEMOSF,2026-01-22,117808,1,1157,0,1807.0
10109802LEMOSF_2026-01-22_G31,10109802LEMOSF,2026-01-22,111463,1,63,0,578.0
10109802LEMOSF_2026-01-22_G32,10109802LEMOSF,2026-01-22,141457,1,59,0,369.0
10109802LEMOSF_2026-01-22_G33,10109802LEMOSF,2026-01-22,111330,1,13,0,1699.0
10109802LEMOSF_2026-01-22_G34,10109802LEMOSF,2026-01-22,118299,1,276,0,385.0
10109802LEMOSF_2026-01-22_G35,10109802LEMOSF,2026-01-22,117856,1,2,0,1277.0
10109802LEMOSF_2026-01-22_G36,10109802LEMOSF,2026-01-22,118299,1,10,0,125.0
10109802LEMOSF_2026-01-22_G37,10109802LEMOSF,2026-01-22,110372,1,8,0,68.0
10109802LEMOSF_2026-01-22_G38,10109802LEMOSF,2026-01-22,117820,1,6,0,103.0
10109802LEMOSF_2026-01-22_G39,10109802LEMOSF,2026-01-22,111466,1,22,0,95.0
10109802LEMOSF_2026-01-22_G40,10109802LEMOSF,2026-01-22,141271,1,2,0,133.0
10109802LEMOSF_2026-01-22_G41,10109802LEMOSF,2026-01-22,111462,1,5,0,51.0
10109802LEMOSF_2026-01-22_G42,10109802LEMOSF,2026-01-22,111465,1,4,0,61.0
10109802LEMOSF_2026-01-22_G43,10109802LEMOSF,2026-01-22,111418,1,5,0,40.0
10109802LEMOSF_2026-01-22_G44,10109802LEMOSF,2026-01-22,117833,1,6,0,74.0
10109802LEMOSF_2026-01-22_G45,10109802LEMOSF,2026-01-22,111469,1,4,0,69.0
10109802LEMOSF_2026-01-22_G46,10109802LEMOSF,2026-01-22,107830,1,4,0,89.0
10109802LEMOSF_2026-01-23_G02,10109802LEMOSF,2026-01-23,118416,1,12,0,138.0
10109802LEMOSF_2026-01-23_G03,10109802LEMOSF,2026-01-23,117862,1,100,0,239.0
10109802LEMOSF_2026-01-23_G04,10109802LEMOSF,2026-01-23,118094,1,50,0,553.0
10109802LEMOSF_2026-01-23_G05,10109802LEMOSF,2026-01-23,110753,1,16,0,531.0
10109802LEMOSF_2026-01-23_G06,10109802LEMOSF,2026-01-23,107629,1,50,0,176.0
10109802LEMOSF_2026-01-23_G07,10109802LEMOSF,2026-01-23,117786,1,50,0,273.0
10109802LEMOSF_2026-01-23_G08,10109802LEMOSF,2026-01-23,108361,1,1,0,503.0
10109802LEMOSF_2026-01-23_G09,10109802LEMOSF,2026-01-23,109640,1,66,0,186.0
10109802LEMOSF_2026-01-24_G02,10109802LEMOSF,2026-01-24,117854,1,4,0,358.0
10109802LEMOSF_2026-01-24_G03,10109802LEMOSF,2026-01-24,111602,1,15,0,305.0
10109802LEMOSF_2026-01-24_G04,10109802LEMOSF,2026-01-24,110374,1,2,0,170.0
10109802LEMOSF_2026-01-24_G05,10109802LEMOSF,2026-01-24,117831,1,4,0,49.0
10109802LEMOSF_2026-01-24_G06,10109802LEMOSF,2026-01-24,110740,1,3,0,136.0
10109802LEMOSF_2026-01-24_G07,10109802LEMOSF,2026-01-24,117808,1,13,0,601.0
10109802LEMOSF_2026-01-24_G08,10109802LEMOSF,2026-01-24,110373,1,19,0,123.0
10109802LEMOSF_2026-01-24_G09,10109802LEMOSF,2026-01-24,140923,1,3,0,226.0
10109802LEMOSF_2026-01-24_G10,10109802LEMOSF,2026-01-24,142045,1,10,0,281.0
10109802LEMOSF_2026-01-24_G11,10109802LEMOSF,2026-01-24,110747,1,6,0,173.0
10109802LEMOSF_2026-01-24_G12,10109802LEMOSF,2026-01-24,141318,1,4,0,172.0
10109802LEMOSF_2026-01-24_G13,10109802LEMOSF,2026-01-24,100334,1,4,0,95.0
10109802LEMOSF_2026-01-24_G14,10109802LEMOSF,2026-01-24,108794,1,4,0,138.0
10109802LEMOSF_2026-01-24_G15,10109802LEMOSF,2026-01-24,111418,1,22,0,189.0
10109802LEMOSF_2026-01-24_G16,10109802LEMOSF,2026-01-24,110740,1,4,0,297.0
10109802LEMOSF_2026-01-24_G17,10109802LEMOSF,2026-01-24,140923,1,10,0,210.0
10109802LEMOSF_2026-01-24_G18,10109802LEMOSF,2026-01-24,110313,1,3,0,102.0
10109802LEMOSF_2026-01-24_G19,10109802LEMOSF,2026-01-24,110373,1,28,0,448.0
10109802LEMOSF_2026-01-24_G20,10109802LEMOSF,2026-01-24,110374,1,4,0,2286.0
10109802LEMOSF_2026-01-24_G21,10109802LEMOSF,2026-01-24,109643,1,6,0,210.0
10109802LEMOSF_2026-01-24_G22,10109802LEMOSF,2026-01-24,117808,1,167,0,141.0
10109802LEMOSF_2026-01-24_G23,10109802LEMOSF,2026-01-24,117808,1,328,0,227.0
10109802LEMOSF_2026-01-24_G24,10109802LEMOSF,2026-01-24,117808,1,33,0,37.0
10109802LEMOSF_2026-01-24_G25,10109802LEMOSF,2026-01-24,117808,2,1000,17,45.0
10109802LEMOSF_2026-01-26_G02,10109802LEMOSF,2026-01-26,141271,1,10,0,460.0
10109802LEMOSF_2026-01-26_G03,10109802LEMOSF,2026-01-26,141048,1,4,0,81.0
10109802LEMOSF_2026-01-26_G04,10109802LEMOSF,2026-01-26,111431,1,4,0,202.0
10109802LEMOSF_2026-01-26_G05,10109802LEMOSF,2026-01-26,110740,1,80,0,113.0
10109802LEMOSF_2026-01-27_G02,10109802LEMOSF,2026-01-27,111879,1,9,0,797.0
10109802LEMOSF_2026-01-27_G03,10109802LEMOSF,2026-01-27,117856,1,86,0,261.0
10109802LEMOSF_2026-01-27_G04,10109802LEMOSF,2026-01-27,111602,1,80,0,238.0
10109802LEMOSF_2026-01-27_G05,10109802LEMOSF,2026-01-27,111431,1,5,0,467.0
10109802LEMOSF_2026-01-27_G06,10109802LEMOSF,2026-01-27,110787,1,112,0,450.0
10109802LEMOSF_2026-01-27_G07,10109802LEMOSF,2026-01-27,141457,1,100,0,345.0
10109802LEMOSF_2026-01-27_G08,10109802LEMOSF,2026-01-27,117808,1,1382,0,329.0
10109802LEMOSF_2026-01-27_G09,10109802LEMOSF,2026-01-27,117832,1,120,0,1983.0
10109802LEMOSF_2026-01-27_G10,10109802LEMOSF,2026-01-27,118271,1,6,0,161.0
10109802LEMOSF_2026-01-28_G02,10109802LEMOSF,2026-01-28,110371,1,30,0,307.0
10109802LEMOSF_2026-01-28_G03,10109802LEMOSF,2026-01-28,117820,1,30,0,561.0
10109802LEMOSF_2026-01-28_G04,10109802LEMOSF,2026-01-28,118299,2,90,20,90.0
10109802LEMOSF_2026-01-28_G06,10109802LEMOSF,2026-01-28,111172,2,60,14,733.0
10109802LEMOSF_2026-01-28_G07,10109802LEMOSF,2026-01-28,111435,1,57,0,201.0
10109802LEMOSF_2026-01-28_G08,10109802LEMOSF,2026-01-28,109649,1,100,0,458.0
10109802LEMOSF_2026-01-28_G09,10109802LEMOSF,2026-01-28,108798,1,29,0,558.0
10109802LEMOSF_2026-01-28_G10,10109802LEMOSF,2026-01-28,109643,2,30,12,531.0
10109802LEMOSF_2026-01-28_G11,10109802LEMOSF,2026-01-28,110373,1,60,0,1053.0
10109802LEMOSF_2026-01-28_G13,10109802LEMOSF,2026-01-28,141457,1,112,0,520.0
10109802LEMOSF_2026-01-28_G14,10109802LEMOSF,2026-01-28,111463,1,28,0,318.0
10109802LEMOSF_2026-01-28_G15,10109802LEMOSF,2026-01-28,110374,1,15,0,501.0
10109802LEMOSF_2026-01-28_G16,10109802LEMOSF,2026-01-28,109643,1,28,0,490.0
10109802LEMOSF_2026-01-28_G17,10109802LEMOSF,2026-01-28,117808,1,1066,0,2418.0
10109802LEMOSF_2026-01-29_G02,10109802LEMOSF,2026-01-29,111757,1,136,0,777.0
10109802LEMOSF_2026-01-29_G03,10109802LEMOSF,2026-01-29,117862,1,42,0,527.0
10109802LEMOSF_2026-01-29_G04,10109802LEMOSF,2026-01-29,111759,1,83,0,203.0
10109802LEMOSF_2026-01-29_G05,10109802LEMOSF,2026-01-29,111740,1,21,0,743.0
10109802LEMOSF_2026-01-29_G06,10109802LEMOSF,2026-01-29,110371,2,36,9,502.0
10109802LEMOSF_2026-01-29_G07,10109802LEMOSF,2026-01-29,111751,1,67,0,50.0
10109802LEMOSF_2026-01-29_G08,10109802LEMOSF,2026-01-29,141166,1,4,0,1166.0
10109802LEMOSF_2026-01-29_G09,10109802LEMOSF,2026-01-29,110374,1,2,0,317.0
10109802LEMOSF_2026-01-29_G10,10109802LEMOSF,2026-01-29,110787,1,8,0,301.0
10109802LEMOSF_2026-01-29_G11,10109802LEMOSF,2026-01-29,111172,1,2,0,195.0
10109802LEMOSF_2026-01-29_G12,10109802LEMOSF,2026-01-29,117832,1,19,0,349.0
10109802LEMOSF_2026-01-29_G13,10109802LEMOSF,2026-01-29,110787,4,33,29,235.0
10109802LEMOSF_2026-01-29_G14,10109802LEMOSF,2026-01-29,111172,1,3,0,242.0
10109802LEMOSF_2026-01-29_G15,10109802LEMOSF,2026-01-29,141457,1,93,0,189.0
10109802LEMOSF_2026-01-29_G16,10109802LEMOSF,2026-01-29,110374,1,49,0,505.0
10109802LEMOSF_2026-01-29_G18,10109802LEMOSF,2026-01-29,111330,1,12,0,121.0
10109802LEMOSF_2026-01-29_G19,10109802LEMOSF,2026-01-29,140922,1,4,0,212.0
10109802LEMOSF_2026-01-29_G20,10109802LEMOSF,2026-01-29,105705,1,2,0,90.0
10109802LEMOSF_2026-01-29_G21,10109802LEMOSF,2026-01-29,111530,1,10,0,141.0
10109802LEMOSF_2026-01-29_G22,10109802LEMOSF,2026-01-29,111530,1,69,0,1298.0
10109802LEMOSF_2026-01-29_G23,10109802LEMOSF,2026-01-29,110374,2,40,10,386.0
10109802LEMOSF_2026-01-29_G24,10109802LEMOSF,2026-01-29,109641,1,1,0,3559.0
10109802LEMOSF_2026-01-29_G25,10109802LEMOSF,2026-01-29,"117842, 108795",2,3,9,60.0
10109802LEMOSF_2026-01-29_G26,10109802LEMOSF,2026-01-29,117821,1,2,0,85.0
10109802LEMOSF_2026-01-29_G27,10109802LEMOSF,2026-01-29,109645,1,23,0,386.0
10109802LEMOSF_2026-01-29_G28,10109802LEMOSF,2026-01-29,111466,1,29,0,652.0
10109802LEMOSF_2026-01-30_G02,10109802LEMOSF,2026-01-30,141166,1,24,0,171.0
10109802LEMOSF_2026-01-30_G03,10109802LEMOSF,2026-01-30,110787,1,10,0,101.0
10109802LEMOSF_2026-01-30_G04,10109802LEMOSF,2026-01-30,110787,1,2,0,155.0
10109802LEMOSF_2026-01-30_G05,10109802LEMOSF,2026-01-30,140923,1,12,0,362.0
10109802LEMOSF_2026-01-30_G06,10109802LEMOSF,2026-01-30,140911,1,20,0,166.0
10109802LEMOSF_2026-01-30_G07,10109802LEMOSF,2026-01-30,"111530, 110374",3,41,33,668.0
10109802LEMOSF_2026-01-30_G08,10109802LEMOSF,2026-01-30,117842,1,1,0,1460.0
10109802LEMOSF_2026-01-30_G09,10109802LEMOSF,2026-01-30,110751,1,2,0,69.0
10109802LEMOSF_2026-01-30_G10,10109802LEMOSF,2026-01-30,110787,1,20,0,207.0
10109802LEMOSF_2026-01-30_G11,10109802LEMOSF,2026-01-30,110787,1,8,0,31.0
10109802LEMOSF_2026-01-30_G12,10109802LEMOSF,2026-01-30,111462,1,27,0,275.0
10109802LEMOSF_2026-01-30_G13,10109802LEMOSF,2026-01-30,141823,1,6,0,117.0
10109802LEMOSF_2026-01-30_G14,10109802LEMOSF,2026-01-30,111468,1,2,0,209.0
10109802LEMOSF_2026-01-30_G15,10109802LEMOSF,2026-01-30,141457,1,20,0,64.0
10109802LEMOSF_2026-01-30_G16,10109802LEMOSF,2026-01-30,117787,1,2,0,406.0
10109802LEMOSF_2026-01-30_G17,10109802LEMOSF,2026-01-30,108759,1,4,0,299.0
10109802LEMOSF_2026-01-30_G18,10109802LEMOSF,2026-01-30,110542,1,4,0,267.0
10109802LEMOSF_2026-01-30_G19,10109802LEMOSF,2026-01-30,118323,1,6,0,196.0
10109802LEMOSF_2026-01-30_G20,10109802LEMOSF,2026-01-30,110742,2,14,11,109.0
10109802LEMOSF_2026-01-30_G21,10109802LEMOSF,2026-01-30,117789,3,20,19,256.0
10109802LEMOSF_2026-01-30_G22,10109802LEMOSF,2026-01-30,118299,1,285,0,144.0
10109802LEMOSF_2026-01-30_G23,10109802LEMOSF,2026-01-30,111467,1,20,0,530.0
10109802LEMOSF_2026-01-30_G24,10109802LEMOSF,2026-01-30,111530,1,20,0,421.0
10109802LEMOSF_2026-01-30_G25,10109802LEMOSF,2026-01-30,111602,1,56,0,234.0
10109802LEMOSF_2026-01-30_G26,10109802LEMOSF,2026-01-30,141047,1,4,0,105.0
10109802LEMOSF_2026-01-30_G27,10109802LEMOSF,2026-01-30,111876,2,14,8,142.0
10109802LEMOSF_2026-01-30_G28,10109802LEMOSF,2026-01-30,141166,1,8,0,298.0
10109802LEMOSF_2026-01-30_G29,10109802LEMOSF,2026-01-30,109640,1,46,0,299.0
10109802LEMOSF_2026-01-30_G31,10109802LEMOSF,2026-01-30,118094,2,51,6,1127.0
10109802LEMOSF_2026-01-30_G32,10109802LEMOSF,2026-01-30,117861,2,58,14,3505.0
10109802LEMOSF_2026-01-30_G33,10109802LEMOSF,2026-01-30,117837,1,4,0,794.0
10109802LEMOSF_2026-01-30_G34,10109802LEMOSF,2026-01-30,141066,2,46,10,272.0
10109802LEMOSF_2026-01-30_G35,10109802LEMOSF,2026-01-30,118298,1,50,0,367.0
10109802LEMOSF_2026-01-30_G36,10109802LEMOSF,2026-01-30,110753,1,2,0,164.0
10109802LEMOSF_2026-01-30_G37,10109802LEMOSF,2026-01-30,117862,1,50,0,625.0
10109802LEMOSF_2026-01-30_G38,10109802LEMOSF,2026-01-30,111530,1,23,0,570.0
10109802LEMOSF_2026-01-30_G39,10109802LEMOSF,2026-01-30,140923,1,127,0,610.0
10109802LEMOSF_2026-01-30_G40,10109802LEMOSF,2026-01-30,111602,1,26,0,144.0
10109802LEMOSF_2026-02-03_G02,10109802LEMOSF,2026-02-03,117820,1,500,0,2452.0
10109802LEMOSF_2026-02-03_G03,10109802LEMOSF,2026-02-03,115209,1,2,0,2649.0
10109802LEMOSF_2026-02-03_G04,10109802LEMOSF,2026-02-03,109640,1,12,0,110.0
10109802LEMOSF_2026-02-03_G05,10109802LEMOSF,2026-02-03,110376,1,21,0,232.0
10109802LEMOSF_2026-02-03_G06,10109802LEMOSF,2026-02-03,117856,1,2,0,214.0
10109802LEMOSF_2026-02-04_G02,10109802LEMOSF,2026-02-04,109641,2,27,10,841.0
10109802LEMOSF_2026-02-04_G03,10109802LEMOSF,2026-02-04,105705,2,44,9,787.0
10109802LEMOSF_2026-02-04_G04,10109802LEMOSF,2026-02-04,111348,2,27,20,337.0
10109802LEMOSF_2026-02-04_G05,10109802LEMOSF,2026-02-04,108794,1,30,0,140.0
10109802LEMOSF_2026-02-04_G06,10109802LEMOSF,2026-02-04,141456,2,95,12,1570.0
10109802LEMOSF_2026-02-04_G07,10109802LEMOSF,2026-02-04,111330,2,21,6,297.0
10109802LEMOSF_2026-02-04_G08,10109802LEMOSF,2026-02-04,109645,2,60,10,788.0
10109802LEMOSF_2026-02-04_G09,10109802LEMOSF,2026-02-04,111466,1,28,0,266.0
10109802LEMOSF_2026-02-04_G10,10109802LEMOSF,2026-02-04,111462,1,70,0,2898.0
10109802LEMOSF_2026-02-04_G11,10109802LEMOSF,2026-02-04,117831,1,45,0,152.0
10109802LEMOSF_2026-02-04_G12,10109802LEMOSF,2026-02-04,141457,1,47,0,293.0
10109802LEMOSF_2026-02-04_G13,10109802LEMOSF,2026-02-04,117787,1,20,0,721.0
10109802LEMOSF_2026-02-04_G15,10109802LEMOSF,2026-02-04,111443,1,100,0,289.0
10109802LEMOSF_2026-02-04_G16,10109802LEMOSF,2026-02-04,111469,2,9,7,2962.0
10109802LEMOSF_2026-02-04_G17,10109802LEMOSF,2026-02-04,111462,2,10,6,200.0
10109802LEMOSF_2026-02-04_G18,10109802LEMOSF,2026-02-04,111418,2,18,7,172.0
10109802LEMOSF_2026-02-04_G19,10109802LEMOSF,2026-02-04,110372,2,24,11,372.0
10109802LEMOSF_2026-02-04_G20,10109802LEMOSF,2026-02-04,110373,1,20,0,392.0
10109802LEMOSF_2026-02-04_G21,10109802LEMOSF,2026-02-04,109640,1,6,0,363.0
10109802LEMOSF_2026-02-04_G22,10109802LEMOSF,2026-02-04,110374,2,15,10,804.0
10109802LEMOSF_2026-02-04_G23,10109802LEMOSF,2026-02-04,110325,1,4,0,169.0
10109802LEMOSF_2026-02-04_G24,10109802LEMOSF,2026-02-04,117820,1,2,0,56.0
10109802LEMOSF_2026-02-04_G25,10109802LEMOSF,2026-02-04,110372,1,2,0,58.0
10109802LEMOSF_2026-02-04_G26,10109802LEMOSF,2026-02-04,110376,1,2,0,96.0
10109802LEMOSF_2026-02-04_G27,10109802LEMOSF,2026-02-04,118299,1,47,0,56.0
10109802LEMOSF_2026-02-04_G28,10109802LEMOSF,2026-02-04,117808,1,4,0,118.0
10109802LEMOSF_2026-02-04_G29,10109802LEMOSF,2026-02-04,110373,2,29,15,98.0
10109802LEMOSF_2026-02-04_G30,10109802LEMOSF,2026-02-04,107830,2,4,8,56.0
10109802LEMOSF_2026-02-04_G31,10109802LEMOSF,2026-02-04,110372,1,31,0,849.0
10109802LEMOSF_2026-02-05_G02,10109802LEMOSF,2026-02-05,111418,1,35,0,371.0
10109802LEMOSF_2026-02-05_G03,10109802LEMOSF,2026-02-05,111330,1,21,0,308.0
10109802LEMOSF_2026-02-05_G04,10109802LEMOSF,2026-02-05,111743,1,14,0,563.0
10109802LEMOSF_2026-02-05_G05,10109802LEMOSF,2026-02-05,111466,1,70,0,312.0
10109802LEMOSF_2026-02-05_G06,10109802LEMOSF,2026-02-05,111532,1,20,0,295.0
10109802LEMOSF_2026-02-05_G07,10109802LEMOSF,2026-02-05,141457,1,31,0,179.0
10109802LEMOSF_2026-02-05_G08,10109802LEMOSF,2026-02-05,111435,1,3,0,123.0
10109802LEMOSF_2026-02-05_G09,10109802LEMOSF,2026-02-05,117787,1,3,0,90.0
10109802LEMOSF_2026-02-05_G10,10109802LEMOSF,2026-02-05,117834,1,5,0,952.0
10109802LEMOSF_2026-02-05_G11,10109802LEMOSF,2026-02-05,142045,1,3,0,295.0
10109802LEMOSF_2026-02-05_G12,10109802LEMOSF,2026-02-05,110895,1,13,0,122.0
10109802LEMOSF_2026-02-05_G13,10109802LEMOSF,2026-02-05,111437,1,4,0,163.0
10109802LEMOSF_2026-02-05_G14,10109802LEMOSF,2026-02-05,110754,1,5,0,132.0
10109802LEMOSF_2026-02-05_G15,10109802LEMOSF,2026-02-05,116241,1,3,0,3371.0
10109802LEMOSF_2026-02-05_G16,10109802LEMOSF,2026-02-05,111469,1,27,0,107.0
10109802LEMOSF_2026-02-05_G17,10109802LEMOSF,2026-02-05,109645,1,8,0,495.0
10109802LEMOSF_2026-02-05_G18,10109802LEMOSF,2026-02-05,111463,1,100,0,154.0
10109802LEMOSF_2026-02-05_G19,10109802LEMOSF,2026-02-05,111444,1,4,0,275.0
10109802LEMOSF_2026-02-05_G20,10109802LEMOSF,2026-02-05,107830,1,9,0,266.0
10109802LEMOSF_2026-02-05_G21,10109802LEMOSF,2026-02-05,110374,1,30,0,229.0
10109802LEMOSF_2026-02-05_G22,10109802LEMOSF,2026-02-05,109648,1,4,0,440.0
10109802LEMOSF_2026-02-05_G23,10109802LEMOSF,2026-02-05,117820,1,35,0,154.0
10109802LEMOSF_2026-02-05_G24,10109802LEMOSF,2026-02-05,117840,1,21,0,303.0
10109802LEMOSF_2026-02-05_G25,10109802LEMOSF,2026-02-05,110371,1,40,0,300.0
10109802LEMOSF_2026-02-05_G26,10109802LEMOSF,2026-02-05,110373,1,120,0,588.0
10109802LEMOSF_2026-02-05_G28,10109802LEMOSF,2026-02-05,108794,1,3,0,102.0
10109802LEMOSF_2026-02-05_G29,10109802LEMOSF,2026-02-05,111418,1,12,0,73.0
10109802LEMOSF_2026-02-05_G30,10109802LEMOSF,2026-02-05,141456,1,4,0,147.0
10109802LEMOSF_2026-02-05_G31,10109802LEMOSF,2026-02-05,111466,1,2,0,107.0
10109802LEMOSF_2026-02-05_G32,10109802LEMOSF,2026-02-05,107236,1,2,0,233.0
10109802LEMOSF_2026-02-05_G33,10109802LEMOSF,2026-02-05,117831,1,4,0,126.0
10109802LEMOSF_2026-02-05_G34,10109802LEMOSF,2026-02-05,111463,1,3,0,132.0
10109802LEMOSF_2026-02-05_G35,10109802LEMOSF,2026-02-05,141823,1,1,0,66.0
10109802LEMOSF_2026-02-05_G36,10109802LEMOSF,2026-02-05,111532,1,4,0,77.0
10109802LEMOSF_2026-02-05_G37,10109802LEMOSF,2026-02-05,141457,1,4,0,98.0
10109802LEMOSF_2026-02-05_G38,10109802LEMOSF,2026-02-05,117787,1,4,0,295.0
10109802LEMOSF_2026-02-05_G39,10109802LEMOSF,2026-02-05,118140,1,11,0,127.0
10109802LEMOSF_2026-02-05_G40,10109802LEMOSF,2026-02-05,141458,1,2,0,203.0
10109802LEMOSF_2026-02-05_G41,10109802LEMOSF,2026-02-05,"117785, 117833",2,9,17,83.0
10109802LEMOSF_2026-02-05_G42,10109802LEMOSF,2026-02-05,110325,1,2,0,212.0
10109802LEMOSF_2026-02-05_G43,10109802LEMOSF,2026-02-05,117820,1,12,0,399.0
10109802LEMOSF_2026-02-05_G44,10109802LEMOSF,2026-02-05,110372,1,28,0,98.0
10109802LEMOSF_2026-02-05_G45,10109802LEMOSF,2026-02-05,118299,1,12,0,308.0
10109802LEMOSF_2026-02-05_G46,10109802LEMOSF,2026-02-05,110371,1,1,0,96.0
10109802LEMOSF_2026-02-05_G47,10109802LEMOSF,2026-02-05,117808,1,20,0,888.0
10109802LEMOSF_2026-02-05_G48,10109802LEMOSF,2026-02-05,110375,1,4,0,69.0
10109802LEMOSF_2026-02-05_G49,10109802LEMOSF,2026-02-05,110373,1,5,0,172.0
10109802LEMOSF_2026-02-05_G50,10109802LEMOSF,2026-02-05,111467,1,1,0,347.0
10109802LEMOSF_2026-02-05_G51,10109802LEMOSF,2026-02-05,117862,1,3,0,106.0
10109802LEMOSF_2026-02-05_G52,10109802LEMOSF,2026-02-05,111530,1,6,0,60.0
10109802LEMOSF_2026-02-05_G53,10109802LEMOSF,2026-02-05,140923,1,6,0,68.0
10109802LEMOSF_2026-02-05_G54,10109802LEMOSF,2026-02-05,117786,1,2,0,70.0
10109802LEMOSF_2026-02-05_G55,10109802LEMOSF,2026-02-05,107629,1,4,0,81.0
10109802LEMOSF_2026-02-05_G56,10109802LEMOSF,2026-02-05,110747,1,2,0,82.0
10109802LEMOSF_2026-02-05_G57,10109802LEMOSF,2026-02-05,110895,1,1,0,117.0
10109802LEMOSF_2026-02-05_G58,10109802LEMOSF,2026-02-05,111660,1,2,0,45.0
10109802LEMOSF_2026-02-05_G59,10109802LEMOSF,2026-02-05,111462,1,127,0,623.0
10109802LEMOSF_2026-02-05_G60,10109802LEMOSF,2026-02-05,117808,1,1062,0,2061.0
10109802LEMOSF_2026-02-06_G02,10109802LEMOSF,2026-02-06,110682,1,4,0,664.0
10109802LEMOSF_2026-02-06_G03,10109802LEMOSF,2026-02-06,118417,1,1,0,167.0
10109802LEMOSF_2026-02-06_G04,10109802LEMOSF,2026-02-06,111090,1,2,0,405.0
10109802LEMOSF_2026-02-06_G05,10109802LEMOSF,2026-02-06,141318,1,31,0,1549.0
10109802LEMOSF_2026-02-06_G06,10109802LEMOSF,2026-02-06,110582,1,8,0,558.0
10109802LEMOSF_2026-02-06_G07,10109802LEMOSF,2026-02-06,118100,1,2,0,265.0
10109802LEMOSF_2026-02-06_G08,10109802LEMOSF,2026-02-06,110741,1,30,0,275.0
10109802LEMOSF_2026-02-06_G09,10109802LEMOSF,2026-02-06,110753,1,13,0,1201.0
10109802LEMOSF_2026-02-06_G10,10109802LEMOSF,2026-02-06,141035,1,7,0,104.0
10109802LEMOSF_2026-02-06_G11,10109802LEMOSF,2026-02-06,105242,1,2,0,177.0
10109802LEMOSF_2026-02-06_G12,10109802LEMOSF,2026-02-06,117861,1,7,0,186.0
10109802LEMOSF_2026-02-06_G13,10109802LEMOSF,2026-02-06,140957,1,8,0,125.0
10109802LEMOSF_2026-02-06_G14,10109802LEMOSF,2026-02-06,111467,1,90,0,157.0
10109802LEMOSF_2026-02-06_G15,10109802LEMOSF,2026-02-06,117788,1,4,0,732.0
10109802LEMOSF_2026-02-06_G16,10109802LEMOSF,2026-02-06,118298,1,8,0,67.0
10109802LEMOSF_2026-02-06_G17,10109802LEMOSF,2026-02-06,107629,1,17,0,182.0
10109802LEMOSF_2026-02-06_G18,10109802LEMOSF,2026-02-06,110756,1,2,0,659.0
10109802LEMOSF_2026-02-06_G19,10109802LEMOSF,2026-02-06,117837,1,40,0,195.0
10109802LEMOSF_2026-02-06_G20,10109802LEMOSF,2026-02-06,"117797, 105744",2,22,14,628.0
10109802LEMOSF_2026-02-06_G22,10109802LEMOSF,2026-02-06,109647,1,24,0,534.0
10109802LEMOSF_2026-02-06_G23,10109802LEMOSF,2026-02-06,117854,1,33,0,281.0
10109802LEMOSF_2026-02-06_G24,10109802LEMOSF,2026-02-06,110752,1,20,0,482.0
10109802LEMOSF_2026-02-06_G25,10109802LEMOSF,2026-02-06,141047,1,89,0,300.0
10109802LEMOSF_2026-02-06_G26,10109802LEMOSF,2026-02-06,107830,1,13,0,1609.0
10109802LEMOSF_2026-02-06_G27,10109802LEMOSF,2026-02-06,110374,1,100,0,480.0
10109802LEMOSF_2026-02-06_G28,10109802LEMOSF,2026-02-06,141202,1,5,0,437.0
10109802LEMOSF_2026-02-06_G29,10109802LEMOSF,2026-02-06,118299,1,115,0,155.0
10109802LEMOSF_2026-02-06_G30,10109802LEMOSF,2026-02-06,117808,1,325,0,269.0
10109802LEMOSF_2026-02-06_G31,10109802LEMOSF,2026-02-06,117830,1,39,0,1540.0
10109802LEMOSF_2026-02-06_G32,10109802LEMOSF,2026-02-06,117832,1,38,0,512.0
10109802LEMOSF_2026-02-06_G33,10109802LEMOSF,2026-02-06,108794,1,24,0,1246.0
10109802LEMOSF_2026-02-06_G34,10109802LEMOSF,2026-02-06,117821,1,30,0,589.0
10109802LEMOSF_2026-02-06_G35,10109802LEMOSF,2026-02-06,"111463, 117831",2,81,11,174.0
10109802LEMOSF_2026-02-07_G02,10109802LEMOSF,2026-02-07,111441,1,5,0,274.0
10109802LEMOSF_2026-02-07_G03,10109802LEMOSF,2026-02-07,108770,1,23,0,741.0
10109802LEMOSF_2026-02-07_G04,10109802LEMOSF,2026-02-07,110841,1,13,0,763.0
10109802LEMOSF_2026-02-07_G05,10109802LEMOSF,2026-02-07,105242,1,6,0,1126.0
10109802LEMOSF_2026-02-07_G07,10109802LEMOSF,2026-02-07,117842,1,8,0,313.0
10109802LEMOSF_2026-02-07_G08,10109802LEMOSF,2026-02-07,110751,1,50,0,153.0
10109802LEMOSF_2026-02-07_G09,10109802LEMOSF,2026-02-07,116241,1,12,0,344.0
10109802LEMOSF_2026-02-07_G10,10109802LEMOSF,2026-02-07,110743,1,8,0,218.0
10109802LEMOSF_2026-02-07_G11,10109802LEMOSF,2026-02-07,111466,1,27,0,383.0
10109802LEMOSF_2026-02-07_G12,10109802LEMOSF,2026-02-07,111443,1,40,0,312.0
10109802LEMOSF_2026-02-07_G13,10109802LEMOSF,2026-02-07,"111433, 111444",2,35,26,630.0
10109802LEMOSF_2026-02-07_G14,10109802LEMOSF,2026-02-07,111431,1,9,0,411.0
10109802LEMOSF_2026-02-07_G16,10109802LEMOSF,2026-02-07,109641,1,20,0,1773.0
10109802LEMOSF_2026-02-07_G17,10109802LEMOSF,2026-02-07,111465,1,50,0,1705.0
10109802LEMOSF_2026-02-09_G02,10109802LEMOSF,2026-02-09,116241,1,4,0,470.0
10109802LEMOSF_2026-02-09_G03,10109802LEMOSF,2026-02-09,110743,1,3,0,228.0
10109802LEMOSF_2026-02-09_G04,10109802LEMOSF,2026-02-09,109645,1,6,0,77.0
10109802LEMOSF_2026-02-09_G05,10109802LEMOSF,2026-02-09,111465,1,4,0,189.0
10109802LEMOSF_2026-02-09_G06,10109802LEMOSF,2026-02-09,110752,2,4,7,235.0
10109802LEMOSF_2026-02-09_G07,10109802LEMOSF,2026-02-09,140923,1,4,0,97.0
10109802LEMOSF_2026-02-09_G08,10109802LEMOSF,2026-02-09,117862,1,20,0,108.0
10109802LEMOSF_2026-02-09_G09,10109802LEMOSF,2026-02-09,111530,1,4,0,50.0
10109802LEMOSF_2026-02-09_G10,10109802LEMOSF,2026-02-09,141047,1,4,0,142.0
10109802LEMOSF_2026-02-09_G11,10109802LEMOSF,2026-02-09,"117856, 110756",2,22,19,103.0
10109802LEMOSF_2026-02-09_G12,10109802LEMOSF,2026-02-09,110339,1,4,0,98.0
10109802LEMOSF_2026-02-09_G13,10109802LEMOSF,2026-02-09,109647,1,2,0,470.0
10109802LEMOSF_2026-02-09_G14,10109802LEMOSF,2026-02-09,110895,1,4,0,1285.0
10109802LEMOSF_2026-02-09_G15,10109802LEMOSF,2026-02-09,140923,1,4,0,2779.0
10109802LEMOSF_2026-02-09_G16,10109802LEMOSF,2026-02-09,142045,1,1,0,188.0
10109802LEMOSF_2026-02-09_G17,10109802LEMOSF,2026-02-09,111441,1,2,0,132.0
10109802LEMOSF_2026-02-09_G18,10109802LEMOSF,2026-02-09,116241,1,2,0,36.0
10109802LEMOSF_2026-02-09_G19,10109802LEMOSF,2026-02-09,111433,1,4,0,320.0
10109802LEMOSF_2026-02-09_G20,10109802LEMOSF,2026-02-09,142045,1,3,0,1992.0
10109802LEMOSF_2026-02-09_G21,10109802LEMOSF,2026-02-09,110895,1,2,0,204.0
10109802LEMOSF_2026-02-09_G22,10109802LEMOSF,2026-02-09,111438,1,2,0,95.0
10109802LEMOSF_2026-02-09_G23,10109802LEMOSF,2026-02-09,111569,1,4,0,550.0
10109802LEMOSF_2026-02-09_G24,10109802LEMOSF,2026-02-09,"140923, 111330",2,3,22,163.0
10109802LEMOSF_2026-02-09_G25,10109802LEMOSF,2026-02-09,110740,1,2,0,37.0
10109802LEMOSF_2026-02-09_G26,10109802LEMOSF,2026-02-09,141456,1,18,0,114.0
10109802LEMOSF_2026-02-09_G27,10109802LEMOSF,2026-02-09,"110895, 142045",2,8,17,535.0
10109802LEMOSF_2026-02-09_G28,10109802LEMOSF,2026-02-09,111438,1,1,0,183.0
10109802LEMOSF_2026-02-09_G29,10109802LEMOSF,2026-02-09,140923,1,6,0,85.0
10109802LEMOSF_2026-02-09_G30,10109802LEMOSF,2026-02-09,110740,1,3,0,143.0
10109802LEMOSF_2026-02-09_G32,10109802LEMOSF,2026-02-09,117808,1,285,0,1781.0
10109802LEMOSF_2026-02-09_G33,10109802LEMOSF,2026-02-09,118299,1,700,0,2139.0
10109802LEMOSF_2026-02-09_G34,10109802LEMOSF,2026-02-09,110372,1,278,0,1277.0
10109802LEMOSF_2026-02-09_G35,10109802LEMOSF,2026-02-09,118299,1,2,0,1507.0
10109802LEMOSF_2026-02-09_G36,10109802LEMOSF,2026-02-09,"118281, 110371",2,46,17,468.0
10109802LEMOSF_2026-02-09_G37,10109802LEMOSF,2026-02-09,110376,1,7,0,167.0
10109802LEMOSF_2026-02-09_G38,10109802LEMOSF,2026-02-09,110376,1,17,0,78.0
10109802LEMOSF_2026-02-09_G39,10109802LEMOSF,2026-02-09,117820,1,178,0,845.0
10109802LEMOSF_2026-02-10_G02,10109802LEMOSF,2026-02-10,108794,1,9,0,135.0
10109802LEMOSF_2026-02-10_G03,10109802LEMOSF,2026-02-10,117831,1,12,0,153.0
10109802LEMOSF_2026-02-10_G04,10109802LEMOSF,2026-02-10,117833,1,9,0,155.0
10109802LEMOSF_2026-02-10_G05,10109802LEMOSF,2026-02-10,110740,1,11,0,105.0
10109802LEMOSF_2026-02-10_G06,10109802LEMOSF,2026-02-10,"117821, 116241",2,16,13,162.0
10109802LEMOSF_2026-02-10_G07,10109802LEMOSF,2026-02-10,110743,1,6,0,256.0
10109802LEMOSF_2026-02-10_G08,10109802LEMOSF,2026-02-10,111743,1,22,0,365.0
10109802LEMOSF_2026-02-10_G09,10109802LEMOSF,2026-02-10,111172,1,10,0,747.0
10109802LEMOSF_2026-02-10_G10,10109802LEMOSF,2026-02-10,118140,1,48,0,292.0
10109802LEMOSF_2026-02-10_G11,10109802LEMOSF,2026-02-10,111463,1,37,0,619.0
10109802LEMOSF_2026-02-10_G12,10109802LEMOSF,2026-02-10,141823,1,6,0,224.0
10109802LEMOSF_2026-02-10_G13,10109802LEMOSF,2026-02-10,111418,1,79,0,153.0
10109802LEMOSF_2026-02-10_G14,10109802LEMOSF,2026-02-10,109645,1,4,0,249.0
10109802LEMOSF_2026-02-10_G15,10109802LEMOSF,2026-02-10,108798,1,3,0,76.0
10109802LEMOSF_2026-02-10_G16,10109802LEMOSF,2026-02-10,141457,1,31,0,106.0
10109802LEMOSF_2026-02-10_G17,10109802LEMOSF,2026-02-10,111465,1,12,0,88.0
10109802LEMOSF_2026-02-10_G18,10109802LEMOSF,2026-02-10,117785,1,76,0,285.0
10109802LEMOSF_2026-02-10_G19,10109802LEMOSF,2026-02-10,111876,1,4,0,1759.0
10109802LEMOSF_2026-02-10_G20,10109802LEMOSF,2026-02-10,110741,1,14,0,241.0
10109802LEMOSF_2026-02-10_G21,10109802LEMOSF,2026-02-10,118094,1,14,0,365.0
10109802LEMOSF_2026-02-10_G22,10109802LEMOSF,2026-02-10,111467,1,3,0,100.0
10109802LEMOSF_2026-02-10_G23,10109802LEMOSF,2026-02-10,107629,1,6,0,118.0
10109802LEMOSF_2026-02-10_G24,10109802LEMOSF,2026-02-10,140923,1,131,0,387.0
10109802LEMOSF_2026-02-10_G25,10109802LEMOSF,2026-02-10,141047,1,16,0,1081.0
10109802LEMOSF_2026-02-10_G26,10109802LEMOSF,2026-02-10,110339,1,9,0,388.0
10109802LEMOSF_2026-02-10_G27,10109802LEMOSF,2026-02-10,141066,1,5,0,208.0
10109802LEMOSF_2026-02-10_G29,10109802LEMOSF,2026-02-10,108794,1,16,0,271.0
10109802LEMOSF_2026-02-10_G30,10109802LEMOSF,2026-02-10,117831,1,26,0,579.0
10109802LEMOSF_2026-02-10_G31,10109802LEMOSF,2026-02-10,117833,1,16,0,68.0
10109802LEMOSF_2026-02-10_G32,10109802LEMOSF,2026-02-10,111743,1,14,0,556.0
10109802LEMOSF_2026-02-10_G33,10109802LEMOSF,2026-02-10,111418,1,130,0,1370.0
10109802LEMOSF_2026-02-10_G34,10109802LEMOSF,2026-02-10,141456,1,13,0,558.0
10109802LEMOSF_2026-02-10_G35,10109802LEMOSF,2026-02-10,111532,1,10,0,266.0
10109802LEMOSF_2026-02-10_G36,10109802LEMOSF,2026-02-10,117785,1,50,0,177.0
10109802LEMOSF_2026-02-10_G37,10109802LEMOSF,2026-02-10,111602,1,4,0,2302.0
10109802LEMOSF_2026-02-10_G38,10109802LEMOSF,2026-02-10,117837,1,2,0,202.0
10109802LEMOSF_2026-02-10_G39,10109802LEMOSF,2026-02-10,141166,1,1,0,106.0
10109802LEMOSF_2026-02-10_G40,10109802LEMOSF,2026-02-10,140923,1,2,0,254.0
10109802LEMOSF_2026-02-10_G41,10109802LEMOSF,2026-02-10,117842,1,2,0,776.0
10109802LEMOSF_2026-02-10_G42,10109802LEMOSF,2026-02-10,117831,1,80,0,602.0
10109802LEMOSF_2026-02-10_G43,10109802LEMOSF,2026-02-10,110372,1,100,0,252.0
10109802LEMOSF_2026-02-10_G44,10109802LEMOSF,2026-02-10,110325,4,38,43,828.0
10109802LEMOSF_2026-02-11_G02,10109802LEMOSF,2026-02-11,107830,2,12,7,128.0
10109802LEMOSF_2026-02-11_G03,10109802LEMOSF,2026-02-11,110374,2,16,7,236.0
10109802LEMOSF_2026-02-11_G04,10109802LEMOSF,2026-02-11,110371,2,24,10,183.0
10109802LEMOSF_2026-02-11_G05,10109802LEMOSF,2026-02-11,117820,1,50,0,239.0
10109802LEMOSF_2026-02-11_G06,10109802LEMOSF,2026-02-11,110325,2,20,15,313.0
10109802LEMOSF_2026-02-11_G07,10109802LEMOSF,2026-02-11,117822,1,6,0,502.0
10109802LEMOSF_2026-02-11_G08,10109802LEMOSF,2026-02-11,110376,1,6,0,523.0
10109802LEMOSF_2026-02-11_G09,10109802LEMOSF,2026-02-11,118281,1,3,0,737.0
10109802LEMOSF_2026-02-11_G10,10109802LEMOSF,2026-02-11,117854,1,6,0,554.0
10109802LEMOSF_2026-02-11_G11,10109802LEMOSF,2026-02-11,111348,1,8,0,595.0
10109802LEMOSF_2026-02-11_G12,10109802LEMOSF,2026-02-11,108794,1,8,0,167.0
10109802LEMOSF_2026-02-11_G13,10109802LEMOSF,2026-02-11,117821,1,80,0,157.0
10109802LEMOSF_2026-02-11_G14,10109802LEMOSF,2026-02-11,118330,1,2,0,188.0
10109802LEMOSF_2026-02-11_G15,10109802LEMOSF,2026-02-11,141823,1,70,0,95.0
10109802LEMOSF_2026-02-11_G16,10109802LEMOSF,2026-02-11,108798,1,10,0,85.0
10109802LEMOSF_2026-02-11_G17,10109802LEMOSF,2026-02-11,141457,1,310,0,311.0
10109802LEMOSF_2026-02-12_G02,10109802LEMOSF,2026-02-12,110841,1,6,0,253.0
10109802LEMOSF_2026-02-12_G03,10109802LEMOSF,2026-02-12,140923,1,2,0,444.0
10109802LEMOSF_2026-02-12_G04,10109802LEMOSF,2026-02-12,117861,1,3,0,75.0
10109802LEMOSF_2026-02-12_G05,10109802LEMOSF,2026-02-12,118094,1,3,0,72.0
10109802LEMOSF_2026-02-12_G06,10109802LEMOSF,2026-02-12,117862,1,1,0,112.0
10109802LEMOSF_2026-02-12_G07,10109802LEMOSF,2026-02-12,109647,1,4,0,130.0
10109802LEMOSF_2026-02-12_G08,10109802LEMOSF,2026-02-12,111172,1,6,0,377.0
10109802LEMOSF_2026-02-12_G09,10109802LEMOSF,2026-02-12,111463,1,4,0,203.0
10109802LEMOSF_2026-02-12_G10,10109802LEMOSF,2026-02-12,117808,1,10,0,206.0
10109802LEMOSF_2026-02-12_G11,10109802LEMOSF,2026-02-12,110372,1,8,0,327.0
10109802LEMOSF_2026-02-12_G12,10109802LEMOSF,2026-02-12,117831,1,2,0,436.0
10109802LEMOSF_2026-02-12_G13,10109802LEMOSF,2026-02-12,117833,1,8,0,265.0
10109802LEMOSF_2026-02-12_G14,10109802LEMOSF,2026-02-12,117821,1,1,0,166.0
10109802LEMOSF_2026-02-12_G15,10109802LEMOSF,2026-02-12,"108711, 111743",2,2,10,58.0
10109802LEMOSF_2026-02-12_G16,10109802LEMOSF,2026-02-12,111418,1,6,0,88.0
10109802LEMOSF_2026-02-12_G17,10109802LEMOSF,2026-02-12,141456,1,3,0,113.0
10109802LEMOSF_2026-02-12_G18,10109802LEMOSF,2026-02-12,"108798, 117838",2,6,21,64.0
10109802LEMOSF_2026-02-12_G19,10109802LEMOSF,2026-02-12,111463,1,1,0,235.0
10109802LEMOSF_2026-02-12_G20,10109802LEMOSF,2026-02-12,141457,1,5,0,137.0
10109802LEMOSF_2026-02-12_G21,10109802LEMOSF,2026-02-12,117785,1,2,0,123.0
10109802LEMOSF_2026-02-12_G22,10109802LEMOSF,2026-02-12,140923,1,6,0,147.0
10109802LEMOSF_2026-02-12_G23,10109802LEMOSF,2026-02-12,110741,1,1,0,329.0
10109802LEMOSF_2026-02-12_G24,10109802LEMOSF,2026-02-12,110711,1,2,0,271.0
10109802LEMOSF_2026-02-12_G25,10109802LEMOSF,2026-02-12,117837,1,4,0,135.0
10109802LEMOSF_2026-02-12_G26,10109802LEMOSF,2026-02-12,141066,1,2,0,130.0
10109802LEMOSF_2026-02-12_G27,10109802LEMOSF,2026-02-12,110374,1,2,0,154.0
10109802LEMOSF_2026-02-12_G28,10109802LEMOSF,2026-02-12,117808,1,6,0,276.0
10109802LEMOSF_2026-02-12_G29,10109802LEMOSF,2026-02-12,141202,1,2,0,108.0
10109802LEMOSF_2026-02-12_G30,10109802LEMOSF,2026-02-12,117830,1,2,0,115.0
10109802LEMOSF_2026-02-12_G31,10109802LEMOSF,2026-02-12,117809,1,4,0,323.0
10109802LEMOSF_2026-02-12_G32,10109802LEMOSF,2026-02-12,142080,1,10,0,497.0
10109802LEMOSF_2026-02-12_G33,10109802LEMOSF,2026-02-12,107236,1,16,0,435.0
10109802LEMOSF_2026-02-12_G34,10109802LEMOSF,2026-02-12,107236,1,2,0,180.0
10109802LEMOSF_2026-02-12_G35,10109802LEMOSF,2026-02-12,117836,1,4,0,632.0
10109802LEMOSF_2026-02-12_G36,10109802LEMOSF,2026-02-12,140923,1,4,0,143.0
10109802LEMOSF_2026-02-12_G37,10109802LEMOSF,2026-02-12,118299,1,20,0,801.0
10109802LEMOSF_2026-02-12_G38,10109802LEMOSF,2026-02-12,117822,1,4,0,195.0
10109802LEMOSF_2026-02-12_G39,10109802LEMOSF,2026-02-12,111348,1,4,0,128.0
10109802LEMOSF_2026-02-12_G40,10109802LEMOSF,2026-02-12,108794,2,4,7,52.0
10109802LEMOSF_2026-02-12_G41,10109802LEMOSF,2026-02-12,111443,1,1,0,52.0
10109802LEMOSF_2026-02-12_G42,10109802LEMOSF,2026-02-12,111172,1,3,0,82.0
10109802LEMOSF_2026-02-12_G43,10109802LEMOSF,2026-02-12,141823,1,4,0,127.0
10109802LEMOSF_2026-02-12_G44,10109802LEMOSF,2026-02-12,108798,1,1,0,131.0
10109802LEMOSF_2026-02-12_G46,10109802LEMOSF,2026-02-12,111876,2,8,10,62.0
10109802LEMOSF_2026-02-12_G47,10109802LEMOSF,2026-02-12,117862,1,12,0,387.0
10109802LEMOSF_2026-02-12_G48,10109802LEMOSF,2026-02-12,117786,1,8,0,216.0
10109802LEMOSF_2026-02-12_G49,10109802LEMOSF,2026-02-12,141047,1,8,0,150.0
10109802LEMOSF_2026-02-12_G50,10109802LEMOSF,2026-02-12,117856,1,8,0,1469.0
10109802LEMOSF_2026-02-12_G51,10109802LEMOSF,2026-02-12,141166,1,8,0,237.0
10109802LEMOSF_2026-02-12_G52,10109802LEMOSF,2026-02-12,140923,1,1,0,244.0
10109802LEMOSF_2026-02-12_G53,10109802LEMOSF,2026-02-12,118094,1,2,0,383.0
10109802LEMOSF_2026-02-12_G54,10109802LEMOSF,2026-02-12,111650,1,2,0,101.0
10109802LEMOSF_2026-02-12_G55,10109802LEMOSF,2026-02-12,141047,1,8,0,103.0
10109802LEMOSF_2026-02-12_G56,10109802LEMOSF,2026-02-12,117856,1,2,0,108.0
10109802LEMOSF_2026-02-12_G57,10109802LEMOSF,2026-02-12,"117854, 117855",2,10,17,193.0
10109802LEMOSF_2026-02-12_G58,10109802LEMOSF,2026-02-12,118094,1,50,0,819.0
10109802LEMOSF_2026-02-12_G59,10109802LEMOSF,2026-02-12,111443,1,70,0,114.0
10109802LEMOSF_2026-02-12_G60,10109802LEMOSF,2026-02-12,110740,1,40,0,677.0
10109802LEMOSF_2026-02-12_G61,10109802LEMOSF,2026-02-12,118140,1,50,0,116.0
10109802LEMOSF_2026-02-12_G62,10109802LEMOSF,2026-02-12,111443,1,30,0,108.0
10109802LEMOSF_2026-02-12_G63,10109802LEMOSF,2026-02-12,109648,1,10,0,583.0
10109802LEMOSF_2026-02-12_G64,10109802LEMOSF,2026-02-12,110749,1,10,0,423.0
10109802LEMOSF_2026-02-12_G65,10109802LEMOSF,2026-02-12,142045,1,100,0,475.0
10109802LEMOSF_2026-02-12_G66,10109802LEMOSF,2026-02-12,110374,1,206,0,2780.0
10109802LEMOSF_2026-02-12_G67,10109802LEMOSF,2026-02-12,110325,1,100,0,562.0
10109802LEMOSF_2026-02-16_G02,10109802LEMOSF,2026-02-16,118299,1,18,0,233.0
10109802LEMOSF_2026-02-16_G03,10109802LEMOSF,2026-02-16,110371,1,10,0,155.0
10109802LEMOSF_2026-02-16_G04,10109802LEMOSF,2026-02-16,117808,1,9,0,110.0
10109802LEMOSF_2026-02-16_G05,10109802LEMOSF,2026-02-16,107830,1,1,0,537.0
10109802LEMOSF_2026-02-16_G06,10109802LEMOSF,2026-02-16,110372,1,24,0,280.0
10109802LEMOSF_2026-02-16_G07,10109802LEMOSF,2026-02-16,118299,1,10,0,187.0
10109802LEMOSF_2026-02-16_G08,10109802LEMOSF,2026-02-16,"110371, 117820",2,8,30,104.0
10109802LEMOSF_2026-02-16_G09,10109802LEMOSF,2026-02-16,117808,1,12,0,174.0
10109802LEMOSF_2026-02-16_G10,10109802LEMOSF,2026-02-16,117822,1,4,0,381.0
10109802LEMOSF_2026-02-16_G11,10109802LEMOSF,2026-02-16,110376,1,2,0,152.0
10109802LEMOSF_2026-02-16_G12,10109802LEMOSF,2026-02-16,110373,1,9,0,1071.0
10109802LEMOSF_2026-02-16_G13,10109802LEMOSF,2026-02-16,110372,1,18,0,854.0
10109802LEMOSF_2026-02-16_G14,10109802LEMOSF,2026-02-16,117809,1,4,0,198.0
10109802LEMOSF_2026-02-16_G15,10109802LEMOSF,2026-02-16,118299,1,15,0,62.0
10109802LEMOSF_2026-02-16_G16,10109802LEMOSF,2026-02-16,110371,1,4,0,140.0
10109802LEMOSF_2026-02-16_G17,10109802LEMOSF,2026-02-16,117808,1,20,0,107.0
10109802LEMOSF_2026-02-16_G18,10109802LEMOSF,2026-02-16,117830,1,15,0,268.0
10109802LEMOSF_2026-02-16_G19,10109802LEMOSF,2026-02-16,110372,1,24,0,2142.0
10109802LEMOSF_2026-02-16_G20,10109802LEMOSF,2026-02-16,"117809, 118299",2,5,16,394.0
10109802LEMOSF_2026-02-16_G21,10109802LEMOSF,2026-02-16,109648,1,4,0,93.0
10109802LEMOSF_2026-02-16_G22,10109802LEMOSF,2026-02-16,117832,1,4,0,232.0
10109802LEMOSF_2026-02-16_G23,10109802LEMOSF,2026-02-16,109645,1,2,0,290.0
10109802LEMOSF_2026-02-16_G24,10109802LEMOSF,2026-02-16,111444,1,4,0,98.0
10109802LEMOSF_2026-02-16_G25,10109802LEMOSF,2026-02-16,111876,1,2,0,1653.0
10109802LEMOSF_2026-02-16_G26,10109802LEMOSF,2026-02-16,117862,1,6,0,51.0
10109802LEMOSF_2026-02-16_G28,10109802LEMOSF,2026-02-16,109647,1,6,0,395.0
10109802LEMOSF_2026-02-16_G29,10109802LEMOSF,2026-02-16,111879,1,2,0,264.0
10109802LEMOSF_2026-02-16_G30,10109802LEMOSF,2026-02-16,111660,1,3,0,134.0
10109802LEMOSF_2026-02-16_G31,10109802LEMOSF,2026-02-16,111441,1,4,0,240.0
10109802LEMOSF_2026-02-16_G32,10109802LEMOSF,2026-02-16,108770,1,2,0,209.0
10109802LEMOSF_2026-02-16_G33,10109802LEMOSF,2026-02-16,110755,1,4,0,83.0
10109802LEMOSF_2026-02-16_G34,10109802LEMOSF,2026-02-16,110895,1,4,0,82.0
10109802LEMOSF_2026-02-16_G35,10109802LEMOSF,2026-02-16,141916,1,3,0,189.0
10109802LEMOSF_2026-02-16_G36,10109802LEMOSF,2026-02-16,110742,1,2,0,128.0
10109802LEMOSF_2026-02-16_G37,10109802LEMOSF,2026-02-16,110754,1,3,0,162.0
10109802LEMOSF_2026-02-16_G38,10109802LEMOSF,2026-02-16,111468,1,2,0,696.0
10109802LEMOSF_2026-02-16_G39,10109802LEMOSF,2026-02-16,111532,1,4,0,246.0
10109802LEMOSF_2026-02-16_G40,10109802LEMOSF,2026-02-16,117842,1,2,0,283.0
10109802LEMOSF_2026-02-16_G41,10109802LEMOSF,2026-02-16,110787,1,4,0,109.0
10109802LEMOSF_2026-02-16_G42,10109802LEMOSF,2026-02-16,111172,1,4,0,80.0
10109802LEMOSF_2026-02-16_G43,10109802LEMOSF,2026-02-16,111418,1,8,0,137.0
10109802LEMOSF_2026-02-16_G44,10109802LEMOSF,2026-02-16,118223,1,2,0,106.0
10109802LEMOSF_2026-02-16_G45,10109802LEMOSF,2026-02-16,141457,1,2,0,124.0
10109802LEMOSF_2026-02-16_G46,10109802LEMOSF,2026-02-16,141456,1,6,0,179.0
10109802LEMOSF_2026-02-16_G47,10109802LEMOSF,2026-02-16,111467,1,1,0,149.0
10109802LEMOSF_2026-02-16_G48,10109802LEMOSF,2026-02-16,140923,1,2,0,103.0
10109802LEMOSF_2026-02-16_G49,10109802LEMOSF,2026-02-16,117862,1,8,0,117.0
10109802LEMOSF_2026-02-16_G50,10109802LEMOSF,2026-02-16,111602,1,7,0,136.0
10109802LEMOSF_2026-02-16_G51,10109802LEMOSF,2026-02-16,117856,1,2,0,76.0
10109802LEMOSF_2026-02-16_G52,10109802LEMOSF,2026-02-16,110339,1,6,0,221.0
10109802LEMOSF_2026-02-16_G53,10109802LEMOSF,2026-02-16,117854,1,2,0,139.0
10109802LEMOSF_2026-02-16_G54,10109802LEMOSF,2026-02-16,141166,1,4,0,100.0
10109802LEMOSF_2026-02-16_G55,10109802LEMOSF,2026-02-16,107830,1,2,0,618.0
10109802LEMOSF_2026-02-16_G56,10109802LEMOSF,2026-02-16,110372,1,8,0,105.0
10109802LEMOSF_2026-02-16_G57,10109802LEMOSF,2026-02-16,118299,1,4,0,72.0
10109802LEMOSF_2026-02-16_G58,10109802LEMOSF,2026-02-16,117808,1,1,0,43.0
10109802LEMOSF_2026-02-16_G59,10109802LEMOSF,2026-02-16,110325,1,4,0,42.0
10109802LEMOSF_2026-02-16_G60,10109802LEMOSF,2026-02-16,141202,1,2,0,73.0
10109802LEMOSF_2026-02-16_G61,10109802LEMOSF,2026-02-16,117832,1,4,0,61.0
10109802LEMOSF_2026-02-16_G62,10109802LEMOSF,2026-02-16,111438,1,4,0,237.0
10109802LEMOSF_2026-02-16_G63,10109802LEMOSF,2026-02-16,110747,1,2,0,279.0
10109802LEMOSF_2026-02-16_G64,10109802LEMOSF,2026-02-16,141202,1,4,0,1711.0
10109802LEMOSF_2026-02-16_G65,10109802LEMOSF,2026-02-16,110325,1,30,0,138.0
10109802LEMOSF_2026-02-16_G66,10109802LEMOSF,2026-02-16,110375,1,6,0,212.0
10109802LEMOSF_2026-02-16_G67,10109802LEMOSF,2026-02-16,107236,1,30,0,772.0
10109802LEMOSF_2026-02-16_G68,10109802LEMOSF,2026-02-16,118223,1,8,0,90.0
10109802LEMOSF_2026-02-16_G69,10109802LEMOSF,2026-02-16,141457,1,35,0,385.0
10109802LEMOSF_2026-02-16_G70,10109802LEMOSF,2026-02-16,111463,1,50,0,592.0
10109802LEMOSF_2026-02-17_G02,10109802LEMOSF,2026-02-17,110787,1,1,0,271.0
10109802LEMOSF_2026-02-17_G03,10109802LEMOSF,2026-02-17,107629,1,2,0,108.0
10109802LEMOSF_2026-02-17_G05,10109802LEMOSF,2026-02-17,118306,1,2,0,140.0
10109802LEMOSF_2026-02-17_G06,10109802LEMOSF,2026-02-17,117809,1,2,0,667.0
10109802LEMOSF_2026-02-17_G07,10109802LEMOSF,2026-02-17,117820,1,4,0,269.0
10109802LEMOSF_2026-02-17_G08,10109802LEMOSF,2026-02-17,117808,1,4,0,101.0
10109802LEMOSF_2026-02-17_G09,10109802LEMOSF,2026-02-17,110373,1,1,0,276.0
10109802LEMOSF_2026-02-17_G10,10109802LEMOSF,2026-02-17,107629,2,4,12,107.0
10109802LEMOSF_2026-02-17_G11,10109802LEMOSF,2026-02-17,111530,1,2,0,175.0
10109802LEMOSF_2026-02-17_G12,10109802LEMOSF,2026-02-17,117786,1,2,0,356.0
10109802LEMOSF_2026-02-17_G13,10109802LEMOSF,2026-02-17,110339,1,2,0,282.0
10109802LEMOSF_2026-02-17_G14,10109802LEMOSF,2026-02-17,111468,1,4,0,911.0
10109802LEMOSF_2026-02-17_G15,10109802LEMOSF,2026-02-17,117809,1,2,0,948.0
10109802LEMOSF_2026-02-17_G17,10109802LEMOSF,2026-02-17,108795,1,4,0,262.0
10109802LEMOSF_2026-02-17_G18,10109802LEMOSF,2026-02-17,117833,1,5,0,162.0
10109802LEMOSF_2026-02-17_G19,10109802LEMOSF,2026-02-17,117821,1,2,0,207.0
10109802LEMOSF_2026-02-17_G20,10109802LEMOSF,2026-02-17,118140,1,2,0,97.0
10109802LEMOSF_2026-02-17_G21,10109802LEMOSF,2026-02-17,111418,1,2,0,97.0
10109802LEMOSF_2026-02-17_G22,10109802LEMOSF,2026-02-17,108798,1,2,0,181.0
10109802LEMOSF_2026-02-17_G23,10109802LEMOSF,2026-02-17,111465,1,1,0,166.0
10109802LEMOSF_2026-02-17_G24,10109802LEMOSF,2026-02-17,141457,1,8,0,203.0
10109802LEMOSF_2026-02-17_G25,10109802LEMOSF,2026-02-17,117820,1,6,0,1075.0
10109802LEMOSF_2026-02-17_G26,10109802LEMOSF,2026-02-17,117808,1,4,0,39.0
10109802LEMOSF_2026-02-17_G27,10109802LEMOSF,2026-02-17,117832,1,2,0,37.0
10109802LEMOSF_2026-02-17_G28,10109802LEMOSF,2026-02-17,117830,1,4,0,46.0
10109802LEMOSF_2026-02-17_G29,10109802LEMOSF,2026-02-17,111602,1,3,0,466.0
10109802LEMOSF_2026-02-17_G30,10109802LEMOSF,2026-02-17,142080,1,2,0,358.0
10109802LEMOSF_2026-02-17_G31,10109802LEMOSF,2026-02-17,108795,1,2,0,137.0
10109802LEMOSF_2026-02-17_G32,10109802LEMOSF,2026-02-17,110787,1,4,0,237.0
10109802LEMOSF_2026-02-17_G33,10109802LEMOSF,2026-02-17,141456,1,2,0,129.0
10109802LEMOSF_2026-02-17_G34,10109802LEMOSF,2026-02-17,111743,1,4,0,902.0
10109802LEMOSF_2026-02-17_G35,10109802LEMOSF,2026-02-17,117838,1,8,0,312.0
10109802LEMOSF_2026-02-17_G36,10109802LEMOSF,2026-02-17,141457,1,4,0,290.0
10109802LEMOSF_2026-02-17_G37,10109802LEMOSF,2026-02-17,141456,1,2,0,178.0
10109802LEMOSF_2026-02-17_G38,10109802LEMOSF,2026-02-17,111530,1,2,0,174.0
10109802LEMOSF_2026-02-17_G39,10109802LEMOSF,2026-02-17,111602,1,4,0,262.0
10109802LEMOSF_2026-02-17_G40,10109802LEMOSF,2026-02-17,111602,1,3,0,1517.0
10109802LEMOSF_2026-02-17_G41,10109802LEMOSF,2026-02-17,141458,1,14,0,203.0
10109802LEMOSF_2026-02-17_G42,10109802LEMOSF,2026-02-17,110750,1,8,0,164.0
10109802LEMOSF_2026-02-17_G43,10109802LEMOSF,2026-02-17,111879,1,6,0,148.0
10109802LEMOSF_2026-02-18_G02,10109802LEMOSF,2026-02-18,110711,1,40,0,69.0
10109802LEMOSF_2026-02-18_G03,10109802LEMOSF,2026-02-18,117854,1,10,0,366.0
10109802LEMOSF_2026-02-18_G04,10109802LEMOSF,2026-02-18,110374,1,100,0,268.0
10109802LEMOSF_2026-02-18_G05,10109802LEMOSF,2026-02-18,117808,1,800,0,337.0
10109802LEMOSF_2026-02-18_G06,10109802LEMOSF,2026-02-18,110373,1,300,0,1757.0
10109802LEMOSF_2026-02-18_G07,10109802LEMOSF,2026-02-18,117830,1,80,0,35.0
10109802LEMOSF_2026-02-18_G08,10109802LEMOSF,2026-02-18,115234,1,1,0,1828.0
10109802LEMOSF_2026-02-18_G09,10109802LEMOSF,2026-02-18,110755,1,5,0,183.0
10109802LEMOSF_2026-02-18_G10,10109802LEMOSF,2026-02-18,118251,1,3,0,1042.0
10109802LEMOSF_2026-02-18_G11,10109802LEMOSF,2026-02-18,110354,1,1,0,99.0
10109802LEMOSF_2026-02-18_G12,10109802LEMOSF,2026-02-18,141916,1,7,0,349.0
10109802LEMOSF_2026-02-18_G13,10109802LEMOSF,2026-02-18,110742,1,4,0,104.0
10109802LEMOSF_2026-02-19_G02,10109802LEMOSF,2026-02-19,108795,1,4,0,764.0
10109802LEMOSF_2026-02-19_G03,10109802LEMOSF,2026-02-19,117833,1,4,0,105.0
10109802LEMOSF_2026-02-19_G04,10109802LEMOSF,2026-02-19,110751,1,6,0,67.0
10109802LEMOSF_2026-02-19_G05,10109802LEMOSF,2026-02-19,108711,1,4,0,79.0
10109802LEMOSF_2026-02-19_G06,10109802LEMOSF,2026-02-19,111466,1,16,0,255.0
10109802LEMOSF_2026-02-19_G07,10109802LEMOSF,2026-02-19,111172,1,4,0,144.0
10109802LEMOSF_2026-02-19_G08,10109802LEMOSF,2026-02-19,141271,1,4,0,110.0
10109802LEMOSF_2026-02-19_G09,10109802LEMOSF,2026-02-19,117831,1,4,0,99.0
10109802LEMOSF_2026-02-19_G10,10109802LEMOSF,2026-02-19,141823,1,4,0,119.0
10109802LEMOSF_2026-02-19_G11,10109802LEMOSF,2026-02-19,110740,1,12,0,253.0
10109802LEMOSF_2026-02-19_G13,10109802LEMOSF,2026-02-19,110376,1,2,0,211.0
10109802LEMOSF_2026-02-19_G14,10109802LEMOSF,2026-02-19,111430,1,2,0,85.0
10109802LEMOSF_2026-02-19_G15,10109802LEMOSF,2026-02-19,111569,1,4,0,301.0
10109802LEMOSF_2026-02-19_G16,10109802LEMOSF,2026-02-19,117821,1,6,0,51.0
10109802LEMOSF_2026-02-19_G17,10109802LEMOSF,2026-02-19,111743,2,6,9,87.0
10109802LEMOSF_2026-02-19_G18,10109802LEMOSF,2026-02-19,111431,1,2,0,526.0
10109802LEMOSF_2026-02-19_G19,10109802LEMOSF,2026-02-19,117787,1,4,0,75.0
10109802LEMOSF_2026-02-19_G20,10109802LEMOSF,2026-02-19,109640,1,20,0,1183.0
10109802LEMOSF_2026-02-19_G21,10109802LEMOSF,2026-02-19,118094,1,4,0,296.0
10109802LEMOSF_2026-02-19_G22,10109802LEMOSF,2026-02-19,117862,1,2,0,540.0
10109802LEMOSF_2026-02-19_G23,10109802LEMOSF,2026-02-19,"111530, 109640",2,7,25,37.0
10109802LEMOSF_2026-02-19_G24,10109802LEMOSF,2026-02-19,109640,1,24,0,151.0
10109802LEMOSF_2026-02-19_G25,10109802LEMOSF,2026-02-19,118299,1,590,0,1200.0
10109802LEMOSF_2026-02-19_G26,10109802LEMOSF,2026-02-19,118285,1,2,0,510.0
10109802LEMOSF_2026-02-19_G27,10109802LEMOSF,2026-02-19,111418,1,519,0,900.0
10109802LEMOSF_2026-02-19_G28,10109802LEMOSF,2026-02-19,"111793, 109640",2,25,24,936.0
10109802LEMOSF_2026-02-20_G02,10109802LEMOSF,2026-02-20,111442,1,4,0,110.0
10109802LEMOSF_2026-02-20_G03,10109802LEMOSF,2026-02-20,109640,1,6,0,305.0
10109802LEMOSF_2026-02-20_G05,10109802LEMOSF,2026-02-20,117821,1,2,0,178.0
10109802LEMOSF_2026-02-20_G06,10109802LEMOSF,2026-02-20,111466,1,4,0,155.0
10109802LEMOSF_2026-02-20_G07,10109802LEMOSF,2026-02-20,118317,1,1,0,120.0
10109802LEMOSF_2026-02-20_G08,10109802LEMOSF,2026-02-20,111418,1,2,0,45.0
10109802LEMOSF_2026-02-20_G09,10109802LEMOSF,2026-02-20,141271,1,4,0,58.0
10109802LEMOSF_2026-02-20_G10,10109802LEMOSF,2026-02-20,141823,1,2,0,64.0
10109802LEMOSF_2026-02-20_G11,10109802LEMOSF,2026-02-20,117838,1,2,0,119.0
10109802LEMOSF_2026-02-20_G12,10109802LEMOSF,2026-02-20,109645,1,2,0,51.0
10109802LEMOSF_2026-02-20_G13,10109802LEMOSF,2026-02-20,117787,1,1,0,71.0
10109802LEMOSF_2026-02-20_G14,10109802LEMOSF,2026-02-20,141456,1,16,0,129.0
10109802LEMOSF_2026-02-20_G15,10109802LEMOSF,2026-02-20,140923,1,4,0,205.0
10109802LEMOSF_2026-02-20_G16,10109802LEMOSF,2026-02-20,118094,1,1,0,81.0
10109802LEMOSF_2026-02-20_G17,10109802LEMOSF,2026-02-20,118322,1,2,0,106.0
10109802LEMOSF_2026-02-20_G18,10109802LEMOSF,2026-02-20,117862,1,2,0,57.0
10109802LEMOSF_2026-02-20_G19,10109802LEMOSF,2026-02-20,109640,1,1,0,71.0
10109802LEMOSF_2026-02-20_G20,10109802LEMOSF,2026-02-20,117786,1,1,0,86.0
10109802LEMOSF_2026-02-20_G21,10109802LEMOSF,2026-02-20,117837,1,2,0,101.0
10109802LEMOSF_2026-02-20_G22,10109802LEMOSF,2026-02-20,110339,1,1,0,55.0
10109802LEMOSF_2026-02-20_G23,10109802LEMOSF,2026-02-20,110895,1,2,0,114.0
10109802LEMOSF_2026-02-20_G24,10109802LEMOSF,2026-02-20,141318,1,4,0,96.0
10109802LEMOSF_2026-02-20_G25,10109802LEMOSF,2026-02-20,117785,1,2,0,1104.0
10109802LEMOSF_2026-02-20_G26,10109802LEMOSF,2026-02-20,116241,1,2,0,48.0
10109802LEMOSF_2026-02-20_G27,10109802LEMOSF,2026-02-20,111418,1,3,0,61.0
10109802LEMOSF_2026-02-20_G28,10109802LEMOSF,2026-02-20,141271,1,4,0,76.0
10109802LEMOSF_2026-02-20_G29,10109802LEMOSF,2026-02-20,111463,1,1,0,140.0
10109802LEMOSF_2026-02-20_G30,10109802LEMOSF,2026-02-20,140923,1,3,0,463.0
10109802LEMOSF_2026-02-20_G31,10109802LEMOSF,2026-02-20,117862,1,4,0,91.0
10109802LEMOSF_2026-02-20_G32,10109802LEMOSF,2026-02-20,111602,1,8,0,255.0
10109802LEMOSF_2026-02-20_G33,10109802LEMOSF,2026-02-20,111110,1,1,0,49.0
10109802LEMOSF_2026-02-21_G02,10109802LEMOSF,2026-02-21,111530,1,41,0,823.0
10109802LEMOSF_2026-02-21_G03,10109802LEMOSF,2026-02-21,109640,1,5,0,227.0
10109802LEMOSF_2026-02-21_G04,10109802LEMOSF,2026-02-21,141047,1,17,0,111.0
10109802LEMOSF_2026-02-21_G05,10109802LEMOSF,2026-02-21,"110711, 111602",3,70,45,254.0
10109802LEMOSF_2026-02-21_G06,10109802LEMOSF,2026-02-21,117856,1,4,0,32.0
10109802LEMOSF_2026-02-21_G07,10109802LEMOSF,2026-02-21,110756,1,6,0,134.0
10109802LEMOSF_2026-02-21_G08,10109802LEMOSF,2026-02-21,117834,1,6,0,284.0
10109802LEMOSF_2026-02-21_G09,10109802LEMOSF,2026-02-21,108770,1,3,0,153.0
10109802LEMOSF_2026-02-21_G10,10109802LEMOSF,2026-02-21,110742,1,1,0,114.0
10109802LEMOSF_2026-02-21_G11,10109802LEMOSF,2026-02-21,111469,1,13,0,631.0
10109802LEMOSF_2026-02-21_G12,10109802LEMOSF,2026-02-21,140957,1,2,0,150.0
10109802LEMOSF_2026-02-21_G13,10109802LEMOSF,2026-02-21,109640,2,10,8,116.0
10109802LEMOSF_2026-02-21_G14,10109802LEMOSF,2026-02-21,111462,1,6,0,184.0
10109802LEMOSF_2026-02-21_G15,10109802LEMOSF,2026-02-21,"111469, 111330",3,33,18,119.0
10109802LEMOSF_2026-02-21_G16,10109802LEMOSF,2026-02-21,111469,2,17,12,534.0
10109802LEMOSF_2026-02-21_G17,10109802LEMOSF,2026-02-21,140957,1,2,0,37.0
10109802LEMOSF_2026-02-21_G19,10109802LEMOSF,2026-02-21,117820,1,100,0,446.0
10109802LEMOSF_2026-02-21_G20,10109802LEMOSF,2026-02-21,118299,1,350,0,341.0
10109802LEMOSF_2026-02-21_G21,10109802LEMOSF,2026-02-21,110373,1,170,0,873.0
10109802LEMOSF_2026-02-21_G22,10109802LEMOSF,2026-02-21,110372,1,95,0,393.0
10109802LEMOSF_2026-02-21_G23,10109802LEMOSF,2026-02-21,110787,1,7,0,274.0
10109802LEMOSF_2026-02-21_G24,10109802LEMOSF,2026-02-21,111466,1,75,0,90.0
10109802LEMOSF_2026-02-21_G25,10109802LEMOSF,2026-02-21,111418,1,125,0,294.0
10109802LEMOSF_2026-02-21_G26,10109802LEMOSF,2026-02-21,117831,1,60,0,356.0
10109802LEMOSF_2026-02-21_G27,10109802LEMOSF,2026-02-21,141456,1,50,0,470.0
10109802LEMOSF_2026-02-23_G02,10109802LEMOSF,2026-02-23,141262,1,750,0,391.0
10109802LEMOSF_2026-02-25_G02,10109802LEMOSF,2026-02-25,111466,1,50,0,763.0
10109802LEMOSF_2026-02-25_G03,10109802LEMOSF,2026-02-25,141271,1,50,0,313.0
10109802LEMOSF_2026-02-25_G04,10109802LEMOSF,2026-02-25,117787,1,40,0,520.0
10109802LEMOSF_2026-02-25_G05,10109802LEMOSF,2026-02-25,110740,1,40,0,215.0
10109802LEMOSF_2026-02-25_G06,10109802LEMOSF,2026-02-25,142045,1,80,0,802.0
10109802LEMOSF_2026-02-25_G07,10109802LEMOSF,2026-02-25,110374,2,90,27,75.0
10109802LEMOSF_2026-02-25_G08,10109802LEMOSF,2026-02-25,110371,1,40,0,351.0
10109802LEMOSF_2026-02-25_G09,10109802LEMOSF,2026-02-25,110325,1,40,0,491.0
10109802LEMOSF_2026-02-25_G10,10109802LEMOSF,2026-02-25,141202,1,50,0,551.0
10109802LEMOSF_2026-02-25_G11,10109802LEMOSF,2026-02-25,117832,1,40,0,353.0
10109802LEMOSF_2026-02-25_G12,10109802LEMOSF,2026-02-25,117856,1,40,0,425.0
10109802LEMOSF_2026-02-25_G13,10109802LEMOSF,2026-02-25,111602,1,50,0,204.0
10109802LEMOSF_2026-02-25_G14,10109802LEMOSF,2026-02-25,111467,1,80,0,1775.0
10109802LEMOSF_2026-02-25_G15,10109802LEMOSF,2026-02-25,111466,1,80,0,439.0
10109802LEMOSF_2026-02-25_G16,10109802LEMOSF,2026-02-25,117808,1,1169,0,254.0
10109802LEMOSF_2026-02-26_G02,10109802LEMOSF,2026-02-26,111462,1,70,0,605.0
10109802LEMOSF_2026-02-26_G03,10109802LEMOSF,2026-02-26,141456,1,50,0,916.0
10109802LEMOSF_2026-02-26_G04,10109802LEMOSF,2026-02-26,107892,1,4,0,993.0
10109802LEMOSF_2026-02-26_G05,10109802LEMOSF,2026-02-26,110325,1,9,0,403.0
10109802LEMOSF_2026-02-26_G06,10109802LEMOSF,2026-02-26,110313,1,5,0,481.0
10109802LEMOSF_2026-02-26_G07,10109802LEMOSF,2026-02-26,109640,1,8,0,143.0
10109802LEMOSF_2026-02-26_G08,10109802LEMOSF,2026-02-26,111530,1,26,0,444.0
10109802LEMOSF_2026-02-26_G09,10109802LEMOSF,2026-02-26,111602,1,4,0,284.0
10109802LEMOSF_2026-02-26_G10,10109802LEMOSF,2026-02-26,117855,1,3,0,134.0
10109802LEMOSF_2026-02-26_G11,10109802LEMOSF,2026-02-26,"118317, 110745",2,13,19,348.0
10109802LEMOSF_2026-02-26_G12,10109802LEMOSF,2026-02-26,110787,2,13,10,868.0
10109802LEMOSF_2026-02-26_G13,10109802LEMOSF,2026-02-26,111172,1,11,0,207.0
10109802LEMOSF_2026-02-26_G14,10109802LEMOSF,2026-02-26,111462,1,44,0,244.0
10109802LEMOSF_2026-02-26_G15,10109802LEMOSF,2026-02-26,141456,1,10,0,473.0
10109802LEMOSF_2026-02-26_G16,10109802LEMOSF,2026-02-26,110325,1,9,0,274.0
10109802LEMOSF_2026-02-26_G17,10109802LEMOSF,2026-02-26,118290,2,21,9,1707.0
10109802LEMOSF_2026-02-26_G18,10109802LEMOSF,2026-02-26,107892,1,8,0,445.0
10109802LEMOSF_2026-02-26_G19,10109802LEMOSF,2026-02-26,107892,1,12,0,43.0
10109802LEMOSF_2026-02-26_G20,10109802LEMOSF,2026-02-26,110313,1,50,0,254.0
10109802LEMOSF_2026-02-26_G21,10109802LEMOSF,2026-02-26,111467,1,40,0,112.0
10109802LEMOSF_2026-02-26_G22,10109802LEMOSF,2026-02-26,111650,1,8,0,57.0
10109802LEMOSF_2026-02-26_G23,10109802LEMOSF,2026-02-26,111602,1,26,0,822.0
10109802LEMOSF_2026-02-26_G25,10109802LEMOSF,2026-02-26,"110313, 109640",2,8,19,205.0
10109802LEMOSF_2026-02-26_G26,10109802LEMOSF,2026-02-26,141456,1,2,0,160.0
10109802LEMOSF_2026-02-26_G27,10109802LEMOSF,2026-02-26,140911,1,9,0,129.0
10109802LEMOSF_2026-02-26_G28,10109802LEMOSF,2026-02-26,140911,1,9,0,41.0
10109802LEMOSF_2026-02-26_G29,10109802LEMOSF,2026-02-26,141313,1,1,0,505.0
10109802LEMOSF_2026-02-26_G30,10109802LEMOSF,2026-02-26,109640,1,4,0,239.0
10109802LEMOSF_2026-02-26_G31,10109802LEMOSF,2026-02-26,109641,1,2,0,227.0
10109802LEMOSF_2026-02-26_G32,10109802LEMOSF,2026-02-26,110313,1,5,0,237.0
10109802LEMOSF_2026-02-26_G33,10109802LEMOSF,2026-02-26,110313,1,6,0,98.0
10109802LEMOSF_2026-02-26_G34,10109802LEMOSF,2026-02-26,111439,1,2,0,66.0
10109802LEMOSF_2026-02-26_G35,10109802LEMOSF,2026-02-26,141047,1,4,0,184.0
10109802LEMOSF_2026-02-26_G36,10109802LEMOSF,2026-02-26,111467,1,4,0,117.0
10109802LEMOSF_2026-02-26_G37,10109802LEMOSF,2026-02-26,142045,1,3,0,123.0
10109802LEMOSF_2026-02-26_G38,10109802LEMOSF,2026-02-26,140911,1,3,0,488.0
10109802LEMOSF_2026-02-26_G39,10109802LEMOSF,2026-02-26,111469,1,4,0,157.0
10109802LEMOSF_2026-02-26_G40,10109802LEMOSF,2026-02-26,111463,1,2,0,126.0
10109802LEMOSF_2026-02-26_G41,10109802LEMOSF,2026-02-26,111602,1,2,0,161.0
10109802LEMOSF_2026-02-26_G42,10109802LEMOSF,2026-02-26,110374,1,3,0,160.0
10109802LEMOSF_2026-02-26_G43,10109802LEMOSF,2026-02-26,110373,1,4,0,138.0
10109802LEMOSF_2026-02-26_G44,10109802LEMOSF,2026-02-26,111418,1,1,0,201.0
10109802LEMOSF_2026-02-26_G45,10109802LEMOSF,2026-02-26,110313,2,6,19,97.0
10109802LEMOSF_2026-02-26_G46,10109802LEMOSF,2026-02-26,141456,1,2,0,418.0
10109802LEMOSF_2026-02-26_G47,10109802LEMOSF,2026-02-26,141202,1,7,0,174.0
10109802LEMOSF_2026-02-26_G48,10109802LEMOSF,2026-02-26,110313,1,4,0,132.0
10109802LEMOSF_2026-02-26_G49,10109802LEMOSF,2026-02-26,111602,1,3,0,110.0
10109802LEMOSF_2026-02-26_G50,10109802LEMOSF,2026-02-26,117856,1,4,0,43.0
10109802LEMOSF_2026-02-26_G51,10109802LEMOSF,2026-02-26,118290,1,3,0,133.0
10109802LEMOSF_2026-02-26_G52,10109802LEMOSF,2026-02-26,110371,1,2,0,1339.0
10109802LEMOSF_2026-02-26_G53,10109802LEMOSF,2026-02-26,160055,1,2,0,111.0
10109802LEMOSF_2026-02-26_G54,10109802LEMOSF,2026-02-26,140911,1,2,0,935.0
10109802LEMOSF_2026-02-26_G55,10109802LEMOSF,2026-02-26,111330,1,2,0,121.0
10109802LEMOSF_2026-02-26_G56,10109802LEMOSF,2026-02-26,111602,1,6,0,198.0
10109802LEMOSF_2026-02-26_G57,10109802LEMOSF,2026-02-26,110313,1,4,0,198.0
10109802LEMOSF_2026-02-26_G58,10109802LEMOSF,2026-02-26,117853,1,4,0,97.0
10109802LEMOSF_2026-02-26_G59,10109802LEMOSF,2026-02-26,107892,1,4,0,210.0
10109802LEMOSF_2026-02-27_G02,10109802LEMOSF,2026-02-27,140923,1,12,0,211.0
10109802LEMOSF_2026-02-27_G03,10109802LEMOSF,2026-02-27,118094,1,34,0,151.0
10109802LEMOSF_2026-02-27_G04,10109802LEMOSF,2026-02-27,110581,1,2,0,367.0
10109802LEMOSF_2026-02-27_G05,10109802LEMOSF,2026-02-27,117862,1,32,0,96.0
10109802LEMOSF_2026-02-27_G06,10109802LEMOSF,2026-02-27,111876,1,16,0,435.0
10109802LEMOSF_2026-02-27_G07,10109802LEMOSF,2026-02-27,111602,1,18,0,110.0
10109802LEMOSF_2026-02-27_G08,10109802LEMOSF,2026-02-27,141066,1,20,0,314.0
10109802LEMOSF_2026-02-27_G09,10109802LEMOSF,2026-02-27,111467,1,20,0,290.0
10109802LEMOSF_2026-02-27_G10,10109802LEMOSF,2026-02-27,117855,1,48,0,49.0
10109802LEMOSF_2026-02-27_G11,10109802LEMOSF,2026-02-27,101217,1,5,0,542.0
10109802LEMOSF_2026-02-27_G12,10109802LEMOSF,2026-02-27,118290,1,12,0,71.0
10109802LEMOSF_2026-02-27_G13,10109802LEMOSF,2026-02-27,118283,1,34,0,566.0
10109802LEMOSF_2026-02-27_G14,10109802LEMOSF,2026-02-27,111832,1,4,0,227.0
10109802LEMOSF_2026-02-27_G15,10109802LEMOSF,2026-02-27,107254,1,22,0,108.0
10109802LEMOSF_2026-02-27_G16,10109802LEMOSF,2026-02-27,111438,1,8,0,174.0
10109802LEMOSF_2026-02-27_G17,10109802LEMOSF,2026-02-27,110742,1,2,0,250.0
10109802LEMOSF_2026-02-27_G18,10109802LEMOSF,2026-02-27,105359,1,6,0,122.0
10109802LEMOSF_2026-02-27_G19,10109802LEMOSF,2026-02-27,110582,1,16,0,224.0
10109802LEMOSF_2026-02-27_G20,10109802LEMOSF,2026-02-27,118299,1,122,0,662.0
10109802LEMOSF_2026-02-27_G21,10109802LEMOSF,2026-02-27,117830,1,26,0,315.0
10109802LEMOSF_2026-02-27_G22,10109802LEMOSF,2026-02-27,111348,1,1,0,1098.0
10109802LEMOSF_2026-02-27_G23,10109802LEMOSF,2026-02-27,117785,1,3,0,38.0
10109802LEMOSF_2026-02-27_G24,10109802LEMOSF,2026-02-27,117833,1,4,0,56.0
10109802LEMOSF_2026-02-27_G25,10109802LEMOSF,2026-02-27,117821,1,4,0,40.0
10109802LEMOSF_2026-02-27_G26,10109802LEMOSF,2026-02-27,116241,1,2,0,56.0
10109802LEMOSF_2026-02-27_G27,10109802LEMOSF,2026-02-27,108795,1,4,0,68.0
10109802LEMOSF_2026-02-27_G28,10109802LEMOSF,2026-02-27,111466,1,24,0,53.0
10109802LEMOSF_2026-02-27_G29,10109802LEMOSF,2026-02-27,142093,1,20,0,218.0
10109802LEMOSF_2026-02-27_G30,10109802LEMOSF,2026-02-27,111462,1,16,0,152.0
10109802LEMOSF_2026-02-27_G31,10109802LEMOSF,2026-02-27,142080,1,4,0,323.0
10109802LEMOSF_2026-02-27_G32,10109802LEMOSF,2026-02-27,141271,1,6,0,404.0
10109802LEMOSF_2026-02-27_G33,10109802LEMOSF,2026-02-27,109641,1,2,0,73.0
10109802LEMOSF_2026-02-27_G34,10109802LEMOSF,2026-02-27,117831,1,4,0,57.0
10109802LEMOSF_2026-02-27_G35,10109802LEMOSF,2026-02-27,111418,1,24,0,88.0
10109802LEMOSF_2026-02-27_G36,10109802LEMOSF,2026-02-27,109645,1,2,0,250.0
10109802LEMOSF_2026-02-27_G37,10109802LEMOSF,2026-02-27,"111435, 141457",2,6,22,92.0
10109802LEMOSF_2026-02-27_G38,10109802LEMOSF,2026-02-27,110740,1,8,0,75.0
10109802LEMOSF_2026-02-27_G39,10109802LEMOSF,2026-02-27,141458,1,4,0,170.0
10109802LEMOSF_2026-02-27_G40,10109802LEMOSF,2026-02-27,111430,1,4,0,764.0
10109802LEMOSF_2026-02-27_G41,10109802LEMOSF,2026-02-27,108770,1,4,0,158.0
10109802LEMOSF_2026-02-27_G42,10109802LEMOSF,2026-02-27,110755,1,8,0,47.0
10109802LEMOSF_2026-02-27_G43,10109802LEMOSF,2026-02-27,111569,1,6,0,111.0
10109802LEMOSF_2026-02-27_G44,10109802LEMOSF,2026-02-27,111438,1,8,0,96.0
10109802LEMOSF_2026-02-27_G45,10109802LEMOSF,2026-02-27,141916,1,2,0,159.0
10109802LEMOSF_2026-02-27_G46,10109802LEMOSF,2026-02-27,110754,1,2,0,156.0
10109802LEMOSF_2026-02-27_G47,10109802LEMOSF,2026-02-27,111441,1,4,0,756.0
10109802LEMOSF_2026-02-27_G48,10109802LEMOSF,2026-02-27,110371,1,16,0,177.0
10109802LEMOSF_2026-02-27_G50,10109802LEMOSF,2026-02-27,117832,1,1,0,339.0
10109802LEMOSF_2026-02-27_G51,10109802LEMOSF,2026-02-27,117833,1,4,0,141.0
10109802LEMOSF_2026-02-27_G52,10109802LEMOSF,2026-02-27,108795,1,4,0,114.0
10109802LEMOSF_2026-02-27_G53,10109802LEMOSF,2026-02-27,111466,1,12,0,72.0
10109802LEMOSF_2026-02-27_G54,10109802LEMOSF,2026-02-27,118223,1,2,0,145.0
10109802LEMOSF_2026-02-27_G55,10109802LEMOSF,2026-02-27,141458,1,2,0,171.0
10109802LEMOSF_2026-02-27_G56,10109802LEMOSF,2026-02-27,109640,1,12,0,413.0
10109802LEMOSF_2026-02-27_G57,10109802LEMOSF,2026-02-27,140923,1,4,0,218.0
10109802LEMOSF_2026-02-27_G58,10109802LEMOSF,2026-02-27,109647,1,2,0,112.0
10109802LEMOSF_2026-02-27_G59,10109802LEMOSF,2026-02-27,117862,1,8,0,327.0
10109802LEMOSF_2026-02-27_G60,10109802LEMOSF,2026-02-27,141047,1,4,0,118.0
10109802LEMOSF_2026-02-27_G61,10109802LEMOSF,2026-02-27,141166,1,2,0,108.0
10109802LEMOSF_2026-02-27_G62,10109802LEMOSF,2026-02-27,118169,1,4,0,465.0
10109802LEMOSF_2026-02-27_G63,10109802LEMOSF,2026-02-27,118290,1,2,0,150.0
10109802LEMOSF_2026-02-27_G64,10109802LEMOSF,2026-02-27,111438,1,4,0,96.0
10109802LEMOSF_2026-02-27_G65,10109802LEMOSF,2026-02-27,111441,1,7,0,103.0
10109802LEMOSF_2026-02-27_G66,10109802LEMOSF,2026-02-27,110895,1,2,0,107.0
10109802LEMOSF_2026-02-27_G67,10109802LEMOSF,2026-02-27,118251,1,4,0,744.0
10109802LEMOSF_2026-02-27_G68,10109802LEMOSF,2026-02-27,107892,1,3,0,154.0
10109802LEMOSF_2026-02-27_G69,10109802LEMOSF,2026-02-27,118229,1,4,0,135.0
10109802LEMOSF_2026-02-27_G70,10109802LEMOSF,2026-02-27,117840,1,2,0,317.0
10109802LEMOSF_2026-02-27_G71,10109802LEMOSF,2026-02-27,110373,1,10,0,94.0
10109802LEMOSF_2026-02-27_G72,10109802LEMOSF,2026-02-27,110752,1,4,0,95.0
10109802LEMOSF_2026-02-27_G73,10109802LEMOSF,2026-02-27,140923,1,6,0,287.0
10109802LEMOSF_2026-02-27_G74,10109802LEMOSF,2026-02-27,107629,1,4,0,155.0
10109802LEMOSF_2026-02-27_G75,10109802LEMOSF,2026-02-27,141352,1,4,0,96.0
10109802LEMOSF_2026-02-27_G76,10109802LEMOSF,2026-02-27,117861,1,4,0,99.0
10109802LEMOSF_2026-02-27_G78,10109802LEMOSF,2026-02-27,110371,1,100,0,934.0
10109802LEMOSF_2026-02-27_G79,10109802LEMOSF,2026-02-27,110373,1,200,0,51.0
10109802LEMOSF_2026-02-27_G80,10109802LEMOSF,2026-02-27,110372,1,100,0,141.0
10109802LEMOSF_2026-02-27_G81,10109802LEMOSF,2026-02-27,117855,1,40,0,445.0
10109802LEMOSF_2026-03-03_G02,10109802LEMOSF,2026-03-03,110373,1,20,0,916.0
10109802LEMOSF_2026-03-04_G02,10109802LEMOSF,2026-03-04,111418,1,941,0,1179.0
10109802LEMOSF_2026-03-04_G03,10109802LEMOSF,2026-03-04,117820,2,46,21,2884.0
10109802LEMOSF_2026-03-04_G04,10109802LEMOSF,2026-03-04,110376,1,3,0,592.0
10109802LEMOSF_2026-03-04_G05,10109802LEMOSF,2026-03-04,110373,1,37,0,155.0
10109802LEMOSF_2026-03-04_G06,10109802LEMOSF,2026-03-04,110372,2,43,10,960.0
10109802LEMOSF_2026-03-04_G07,10109802LEMOSF,2026-03-04,117830,1,4,0,307.0
10109802LEMOSF_2026-03-04_G08,10109802LEMOSF,2026-03-04,109643,1,10,0,191.0
10109802LEMOSF_2026-03-04_G09,10109802LEMOSF,2026-03-04,117862,1,2,0,414.0
10109802LEMOSF_2026-03-04_G10,10109802LEMOSF,2026-03-04,117856,1,3,0,118.0
10109802LEMOSF_2026-03-04_G11,10109802LEMOSF,2026-03-04,110339,1,6,0,210.0
10109802LEMOSF_2026-03-04_G12,10109802LEMOSF,2026-03-04,111438,1,4,0,407.0
10109802LEMOSF_2026-03-04_G13,10109802LEMOSF,2026-03-04,111441,1,4,0,118.0
10109802LEMOSF_2026-03-04_G14,10109802LEMOSF,2026-03-04,110733,1,2,0,370.0
10109802LEMOSF_2026-03-04_G15,10109802LEMOSF,2026-03-04,105705,3,22,12,463.0
10109802LEMOSF_2026-03-05_G02,10109802LEMOSF,2026-03-05,110325,1,30,0,256.0
10109802LEMOSF_2026-03-05_G03,10109802LEMOSF,2026-03-05,110371,1,60,0,348.0
10109802LEMOSF_2026-03-05_G04,10109802LEMOSF,2026-03-05,109643,1,8,0,771.0
10109802LEMOSF_2026-03-05_G05,10109802LEMOSF,2026-03-05,110373,1,160,0,376.0
10109802LEMOSF_2026-03-05_G06,10109802LEMOSF,2026-03-05,110372,1,80,0,256.0
10109802LEMOSF_2026-03-05_G07,10109802LEMOSF,2026-03-05,117808,1,450,0,712.0
10109802LEMOSF_2026-03-05_G09,10109802LEMOSF,2026-03-05,111569,1,5,0,658.0
10109802LEMOSF_2026-03-05_G10,10109802LEMOSF,2026-03-05,141916,1,40,0,197.0
10109802LEMOSF_2026-03-05_G11,10109802LEMOSF,2026-03-05,141318,1,40,0,383.0
10109802LEMOSF_2026-03-05_G12,10109802LEMOSF,2026-03-05,110742,1,30,0,683.0
10109802LEMOSF_2026-03-05_G13,10109802LEMOSF,2026-03-05,106865,1,2,0,634.0
10109802LEMOSF_2026-03-05_G14,10109802LEMOSF,2026-03-05,117789,1,4,0,177.0
10109802LEMOSF_2026-03-05_G15,10109802LEMOSF,2026-03-05,110733,1,85,0,1438.0
10109802LEMOSF_2026-03-05_G16,10109802LEMOSF,2026-03-05,117856,1,40,0,846.0
10109802LEMOSF_2026-03-05_G17,10109802LEMOSF,2026-03-05,141352,1,16,0,127.0
10109802LEMOSF_2026-03-05_G18,10109802LEMOSF,2026-03-05,117821,1,20,0,897.0
10109802LEMOSF_2026-03-05_G19,10109802LEMOSF,2026-03-05,108795,1,5,0,521.0
10109802LEMOSF_2026-03-05_G20,10109802LEMOSF,2026-03-05,111462,1,30,0,104.0
10109802LEMOSF_2026-03-05_G21,10109802LEMOSF,2026-03-05,111418,1,70,0,773.0
10109802LEMOSF_2026-03-05_G22,10109802LEMOSF,2026-03-05,141456,1,28,0,518.0
10109802LEMOSF_2026-03-05_G23,10109802LEMOSF,2026-03-05,117836,1,8,0,1649.0
10109802LEMOSF_2026-03-05_G24,10109802LEMOSF,2026-03-05,142045,1,38,0,233.0
10109802LEMOSF_2026-03-06_G02,10109802LEMOSF,2026-03-06,124247,1,10,0,42.0
10109802LEMOSF_2026-03-06_G03,10109802LEMOSF,2026-03-06,124486,1,37,0,1573.0
10109802LEMOSF_2026-03-06_G04,10109802LEMOSF,2026-03-06,122984,2,18,7,666.0
10109802LEMOSF_2026-03-06_G05,10109802LEMOSF,2026-03-06,122962,1,8,0,708.0
10109802LEMOSF_2026-03-06_G06,10109802LEMOSF,2026-03-06,122984,1,8,0,3345.0
10109802LEMOSF_2026-03-06_G07,10109802LEMOSF,2026-03-06,120389,1,4,0,1255.0
10109802LEMOSF_2026-03-06_G08,10109802LEMOSF,2026-03-06,124475,1,10,0,249.0
10109802LEMOSF_2026-03-06_G09,10109802LEMOSF,2026-03-06,122982,1,2,0,261.0
10109802LEMOSF_2026-03-06_G10,10109802LEMOSF,2026-03-06,120028,1,4,0,209.0
10109802LEMOSF_2026-03-06_G11,10109802LEMOSF,2026-03-06,122983,1,4,0,171.0
10109802LEMOSF_2026-03-06_G12,10109802LEMOSF,2026-03-06,124486,1,45,0,772.0
10109802LEMOSF_2026-03-06_G13,10109802LEMOSF,2026-03-06,121760,1,20,0,220.0
10109802LEMOSF_2026-03-06_G14,10109802LEMOSF,2026-03-06,123909,1,12,0,784.0
10109802LEMOSF_2026-03-06_G15,10109802LEMOSF,2026-03-06,"123345, 123343",2,80,13,434.0
10109802LEMOSF_2026-03-06_G16,10109802LEMOSF,2026-03-06,124248,1,8,0,80.0
10109802LEMOSF_2026-03-06_G18,10109802LEMOSF,2026-03-06,117862,1,24,0,297.0
10109802LEMOSF_2026-03-06_G19,10109802LEMOSF,2026-03-06,110733,1,20,0,544.0
10109802LEMOSF_2026-03-06_G20,10109802LEMOSF,2026-03-06,110756,1,4,0,240.0
10109802LEMOSF_2026-03-06_G21,10109802LEMOSF,2026-03-06,141352,1,7,0,423.0
10109802LEMOSF_2026-03-06_G22,10109802LEMOSF,2026-03-06,110339,1,24,0,860.0
10109802LEMOSF_2026-03-06_G23,10109802LEMOSF,2026-03-06,111467,1,50,0,711.0
10109802LEMOSF_2026-03-06_G24,10109802LEMOSF,2026-03-06,117820,1,80,0,2723.0
10109802LEMOSF_2026-03-06_G25,10109802LEMOSF,2026-03-06,117840,1,10,0,446.0
10109802LEMOSF_2026-03-06_G26,10109802LEMOSF,2026-03-06,110376,1,4,0,117.0
10109802LEMOSF_2026-03-06_G27,10109802LEMOSF,2026-03-06,118281,1,4,0,123.0
10109802LEMOSF_2026-03-06_G28,10109802LEMOSF,2026-03-06,110372,1,50,0,149.0
10109802LEMOSF_2026-03-06_G29,10109802LEMOSF,2026-03-06,118299,1,150,0,957.0
10109802LEMOSF_2026-03-07_G02,10109802LEMOSF,2026-03-07,124248,1,72,0,1217.0
10109802LEMOSF_2026-03-07_G05,10109802LEMOSF,2026-03-07,111443,1,60,0,333.0
10109802LEMOSF_2026-03-09_G02,10109802LEMOSF,2026-03-09,124248,1,20,0,249.0
10109802LEMOSF_2026-03-09_G03,10109802LEMOSF,2026-03-09,122647,1,30,0,967.0
10109802LEMOSF_2026-03-09_G04,10109802LEMOSF,2026-03-09,120028,1,40,0,1342.0
10109802LEMOSF_2026-03-09_G05,10109802LEMOSF,2026-03-09,122673,1,9,0,206.0
10109802LEMOSF_2026-03-09_G06,10109802LEMOSF,2026-03-09,123345,1,8,0,311.0
10109802LEMOSF_2026-03-09_G07,10109802LEMOSF,2026-03-09,122962,1,20,0,463.0
10109802LEMOSF_2026-03-09_G08,10109802LEMOSF,2026-03-09,121651,1,4,0,194.0
10109802LEMOSF_2026-03-09_G09,10109802LEMOSF,2026-03-09,123822,1,3,0,379.0
10109802LEMOSF_2026-03-09_G10,10109802LEMOSF,2026-03-09,122671,1,2,0,83.0
10109802LEMOSF_2026-03-09_G11,10109802LEMOSF,2026-03-09,124476,1,6,0,197.0
10109802LEMOSF_2026-03-09_G12,10109802LEMOSF,2026-03-09,121760,1,10,0,247.0
10109802LEMOSF_2026-03-09_G13,10109802LEMOSF,2026-03-09,124248,1,3,0,151.0
10109802LEMOSF_2026-03-09_G14,10109802LEMOSF,2026-03-09,124624,1,7,0,954.0
10109802LEMOSF_2026-03-09_G15,10109802LEMOSF,2026-03-09,123344,1,1,0,362.0
10109802LEMOSF_2026-03-09_G16,10109802LEMOSF,2026-03-09,121760,1,3,0,259.0
10109802LEMOSF_2026-03-09_G17,10109802LEMOSF,2026-03-09,122962,1,27,0,692.0
10109802LEMOSF_2026-03-09_G18,10109802LEMOSF,2026-03-09,121651,1,6,0,146.0
10109802LEMOSF_2026-03-09_G19,10109802LEMOSF,2026-03-09,124475,1,8,0,186.0
10109802LEMOSF_2026-03-09_G20,10109802LEMOSF,2026-03-09,122671,1,4,0,97.0
10109802LEMOSF_2026-03-09_G21,10109802LEMOSF,2026-03-09,124476,1,8,0,230.0
10109802LEMOSF_2026-03-09_G22,10109802LEMOSF,2026-03-09,124371,1,4,0,186.0
10109802LEMOSF_2026-03-09_G23,10109802LEMOSF,2026-03-09,123909,1,4,0,171.0
10109802LEMOSF_2026-03-09_G25,10109802LEMOSF,2026-03-09,110895,1,40,0,504.0
10109802LEMOSF_2026-03-09_G26,10109802LEMOSF,2026-03-09,114650,1,12,0,3177.0
10109802LEMOSF_2026-03-09_G27,10109802LEMOSF,2026-03-09,111569,1,40,0,235.0
10109802LEMOSF_2026-03-09_G28,10109802LEMOSF,2026-03-09,111438,1,60,0,700.0
10109802LEMOSF_2026-03-09_G29,10109802LEMOSF,2026-03-09,110755,1,1,0,120.0
10109802LEMOSF_2026-03-09_G30,10109802LEMOSF,2026-03-09,142045,1,40,0,400.0
10109802LEMOSF_2026-03-09_G31,10109802LEMOSF,2026-03-09,111437,1,8,0,475.0
10109802LEMOSF_2026-03-09_G32,10109802LEMOSF,2026-03-09,110582,1,16,0,329.0
10109802LEMOSF_2026-03-09_G33,10109802LEMOSF,2026-03-09,110787,1,1,0,1559.0
10109802LEMOSF_2026-03-09_G34,10109802LEMOSF,2026-03-09,111348,1,5,0,254.0
10109802LEMOSF_2026-03-09_G35,10109802LEMOSF,2026-03-09,109645,1,12,0,541.0
10109802LEMOSF_2026-03-09_G36,10109802LEMOSF,2026-03-09,110740,1,24,0,205.0
10109802LEMOSF_2026-03-09_G37,10109802LEMOSF,2026-03-09,105705,1,20,0,297.0
10109802LEMOSF_2026-03-09_G38,10109802LEMOSF,2026-03-09,111469,1,66,0,255.0
10109802LEMOSF_2026-03-09_G39,10109802LEMOSF,2026-03-09,107629,1,4,0,511.0
10109802LEMOSF_2026-03-09_G40,10109802LEMOSF,2026-03-09,109647,1,8,0,120.0
10109802LEMOSF_2026-03-09_G41,10109802LEMOSF,2026-03-09,110733,1,8,0,416.0
10109802LEMOSF_2026-03-09_G42,10109802LEMOSF,2026-03-09,111467,1,8,0,243.0
10109802LEMOSF_2026-03-10_G02,10109802LEMOSF,2026-03-10,117820,1,12,0,161.0
10109802LEMOSF_2026-03-10_G03,10109802LEMOSF,2026-03-10,110325,1,2,0,150.0
10109802LEMOSF_2026-03-10_G04,10109802LEMOSF,2026-03-10,118299,1,4,0,101.0
10109802LEMOSF_2026-03-10_G05,10109802LEMOSF,2026-03-10,117832,1,2,0,110.0
10109802LEMOSF_2026-03-10_G06,10109802LEMOSF,2026-03-10,110372,1,5,0,131.0
10109802LEMOSF_2026-03-10_G07,10109802LEMOSF,2026-03-10,141047,1,4,0,431.0
10109802LEMOSF_2026-03-10_G08,10109802LEMOSF,2026-03-10,111602,1,20,0,267.0
10109802LEMOSF_2026-03-10_G09,10109802LEMOSF,2026-03-10,142045,1,8,0,425.0
10109802LEMOSF_2026-03-10_G10,10109802LEMOSF,2026-03-10,105705,1,2,0,189.0
10109802LEMOSF_2026-03-10_G11,10109802LEMOSF,2026-03-10,117862,1,3,0,118.0
10109802LEMOSF_2026-03-10_G12,10109802LEMOSF,2026-03-10,111467,1,3,0,165.0
10109802LEMOSF_2026-03-10_G13,10109802LEMOSF,2026-03-10,110374,1,5,0,288.0
10109802LEMOSF_2026-03-10_G14,10109802LEMOSF,2026-03-10,110325,1,2,0,211.0
10109802LEMOSF_2026-03-10_G15,10109802LEMOSF,2026-03-10,110372,1,2,0,85.0
10109802LEMOSF_2026-03-10_G16,10109802LEMOSF,2026-03-10,111530,1,490,0,2853.0
10109802LEMOSF_2026-03-10_G17,10109802LEMOSF,2026-03-10,110756,1,25,0,1213.0
10109802LEMOSF_2026-03-10_G19,10109802LEMOSF,2026-03-10,117830,1,250,0,1480.0
10109802LEMOSF_2026-03-10_G20,10109802LEMOSF,2026-03-10,118229,1,4,0,1935.0
10109802LEMOSF_2026-03-10_G21,10109802LEMOSF,2026-03-10,117789,1,12,0,137.0
10109802LEMOSF_2026-03-10_G22,10109802LEMOSF,2026-03-10,111705,1,4,0,199.0
10109802LEMOSF_2026-03-10_G23,10109802LEMOSF,2026-03-10,118191,1,2000,0,2161.0
10109802LEMOSF_2026-03-10_G24,10109802LEMOSF,2026-03-10,124264,1,192,0,3282.0
10109802LEMOSF_2026-03-11_G02,10109802LEMOSF,2026-03-11,117831,1,40,0,995.0
10109802LEMOSF_2026-03-11_G03,10109802LEMOSF,2026-03-11,117787,1,13,0,794.0
10109802LEMOSF_2026-03-11_G04,10109802LEMOSF,2026-03-11,117786,1,5,0,303.0
10109802LEMOSF_2026-03-11_G05,10109802LEMOSF,2026-03-11,140923,1,11,0,207.0
10109802LEMOSF_2026-03-11_G06,10109802LEMOSF,2026-03-11,110741,1,10,0,367.0
10109802LEMOSF_2026-03-11_G07,10109802LEMOSF,2026-03-11,118094,1,6,0,151.0
10109802LEMOSF_2026-03-11_G08,10109802LEMOSF,2026-03-11,110733,1,8,0,129.0
10109802LEMOSF_2026-03-11_G09,10109802LEMOSF,2026-03-11,108361,1,2,0,106.0
10109802LEMOSF_2026-03-11_G10,10109802LEMOSF,2026-03-11,141047,1,2,0,84.0
10109802LEMOSF_2026-03-11_G11,10109802LEMOSF,2026-03-11,111467,2,6,7,105.0
10109802LEMOSF_2026-03-11_G12,10109802LEMOSF,2026-03-11,140922,1,8,0,1906.0
10109802LEMOSF_2026-03-11_G13,10109802LEMOSF,2026-03-11,117785,1,16,0,263.0
10109802LEMOSF_2026-03-11_G14,10109802LEMOSF,2026-03-11,117821,1,4,0,200.0
10109802LEMOSF_2026-03-11_G15,10109802LEMOSF,2026-03-11,160055,1,2,0,106.0
10109802LEMOSF_2026-03-11_G16,10109802LEMOSF,2026-03-11,111743,1,8,0,119.0
10109802LEMOSF_2026-03-11_G17,10109802LEMOSF,2026-03-11,142093,1,8,0,153.0
10109802LEMOSF_2026-03-11_G18,10109802LEMOSF,2026-03-11,142080,1,2,0,89.0
10109802LEMOSF_2026-03-11_G19,10109802LEMOSF,2026-03-11,109641,1,4,0,159.0
10109802LEMOSF_2026-03-11_G20,10109802LEMOSF,2026-03-11,111466,1,8,0,144.0
10109802LEMOSF_2026-03-11_G21,10109802LEMOSF,2026-03-11,111418,1,10,0,826.0
10109802LEMOSF_2026-03-11_G22,10109802LEMOSF,2026-03-11,141823,1,4,0,136.0
10109802LEMOSF_2026-03-11_G23,10109802LEMOSF,2026-03-11,105705,1,8,0,107.0
10109802LEMOSF_2026-03-11_G24,10109802LEMOSF,2026-03-11,111469,1,12,0,144.0
10109802LEMOSF_2026-03-11_G25,10109802LEMOSF,2026-03-11,111462,1,4,0,426.0
10109802LEMOSF_2026-03-11_G26,10109802LEMOSF,2026-03-11,117786,1,4,0,811.0
10109802LEMOSF_2026-03-11_G27,10109802LEMOSF,2026-03-11,110752,1,4,0,223.0
10109802LEMOSF_2026-03-11_G29,10109802LEMOSF,2026-03-11,109647,1,4,0,121.0
10109802LEMOSF_2026-03-11_G30,10109802LEMOSF,2026-03-11,110733,1,10,0,346.0
10109802LEMOSF_2026-03-11_G31,10109802LEMOSF,2026-03-11,117856,1,4,0,237.0
10109802LEMOSF_2026-03-11_G32,10109802LEMOSF,2026-03-11,141066,1,2,0,150.0
10109802LEMOSF_2026-03-11_G33,10109802LEMOSF,2026-03-11,110747,1,12,0,327.0
10109802LEMOSF_2026-03-11_G34,10109802LEMOSF,2026-03-11,111569,1,4,0,610.0
10109802LEMOSF_2026-03-11_G35,10109802LEMOSF,2026-03-11,142045,1,4,0,348.0
10109802LEMOSF_2026-03-11_G36,10109802LEMOSF,2026-03-11,111430,1,4,0,444.0
10109802LEMOSF_2026-03-11_G37,10109802LEMOSF,2026-03-11,110464,2,5,11,250.0
10109802LEMOSF_2026-03-11_G38,10109802LEMOSF,2026-03-11,109643,1,30,0,219.0
10109802LEMOSF_2026-03-11_G39,10109802LEMOSF,2026-03-11,"110325, 117820",2,28,27,380.0
10109802LEMOSF_2026-03-11_G40,10109802LEMOSF,2026-03-11,117808,2,38,9,2579.0
10109802LEMOSF_2026-03-11_G41,10109802LEMOSF,2026-03-11,110374,2,6,11,280.0
10109802LEMOSF_2026-03-11_G42,10109802LEMOSF,2026-03-11,117809,3,30,24,119.0
10109802LEMOSF_2026-03-11_G43,10109802LEMOSF,2026-03-11,109648,3,6,15,1269.0
10109802LEMOSF_2026-03-11_G44,10109802LEMOSF,2026-03-11,117820,1,9,0,56.0
10109802LEMOSF_2026-03-11_G45,10109802LEMOSF,2026-03-11,109643,2,5,11,246.0
10109802LEMOSF_2026-03-11_G46,10109802LEMOSF,2026-03-11,110371,2,17,11,176.0
10109802LEMOSF_2026-03-11_G47,10109802LEMOSF,2026-03-11,"110373, 110375",3,12,32,62.0
10109802LEMOSF_2026-03-11_G48,10109802LEMOSF,2026-03-11,"110375, 118299",2,28,26,152.0
10109802LEMOSF_2026-03-11_G49,10109802LEMOSF,2026-03-11,117830,3,10,14,455.0
10109802LEMOSF_2026-03-12_G02,10109802LEMOSF,2026-03-12,108794,1,3,0,97.0
10109802LEMOSF_2026-03-12_G03,10109802LEMOSF,2026-03-12,142093,1,7,0,71.0
10109802LEMOSF_2026-03-12_G04,10109802LEMOSF,2026-03-12,117831,1,4,0,115.0
10109802LEMOSF_2026-03-12_G05,10109802LEMOSF,2026-03-12,111418,1,3,0,180.0
10109802LEMOSF_2026-03-12_G06,10109802LEMOSF,2026-03-12,111469,1,4,0,235.0
10109802LEMOSF_2026-03-12_G07,10109802LEMOSF,2026-03-12,141458,1,2,0,159.0
10109802LEMOSF_2026-03-12_G08,10109802LEMOSF,2026-03-12,110374,1,6,0,167.0
10109802LEMOSF_2026-03-12_G09,10109802LEMOSF,2026-03-12,110372,1,2,0,93.0
10109802LEMOSF_2026-03-12_G10,10109802LEMOSF,2026-03-12,110371,1,4,0,117.0
10109802LEMOSF_2026-03-12_G11,10109802LEMOSF,2026-03-12,110373,1,18,0,179.0
10109802LEMOSF_2026-03-12_G12,10109802LEMOSF,2026-03-12,118299,1,8,0,148.0
10109802LEMOSF_2026-03-12_G13,10109802LEMOSF,2026-03-12,117830,1,4,0,92.0
10109802LEMOSF_2026-03-12_G14,10109802LEMOSF,2026-03-12,110313,1,4,0,457.0
10109802LEMOSF_2026-03-12_G15,10109802LEMOSF,2026-03-12,140923,1,2,0,173.0
10109802LEMOSF_2026-03-12_G16,10109802LEMOSF,2026-03-12,117862,1,4,0,1009.0
10109802LEMOSF_2026-03-12_G17,10109802LEMOSF,2026-03-12,117855,1,1,0,68.0
10109802LEMOSF_2026-03-12_G18,10109802LEMOSF,2026-03-12,111467,2,4,10,96.0
10109802LEMOSF_2026-03-12_G19,10109802LEMOSF,2026-03-12,100334,1,3,0,291.0
10109802LEMOSF_2026-03-12_G20,10109802LEMOSF,2026-03-12,142045,1,3,0,198.0
10109802LEMOSF_2026-03-12_G21,10109802LEMOSF,2026-03-12,141318,1,3,0,153.0
10109802LEMOSF_2026-03-12_G22,10109802LEMOSF,2026-03-12,117785,1,3,0,267.0
10109802LEMOSF_2026-03-12_G23,10109802LEMOSF,2026-03-12,117821,1,2,0,86.0
10109802LEMOSF_2026-03-12_G24,10109802LEMOSF,2026-03-12,108795,1,1,0,74.0
10109802LEMOSF_2026-03-12_G25,10109802LEMOSF,2026-03-12,142093,1,4,0,69.0
10109802LEMOSF_2026-03-12_G26,10109802LEMOSF,2026-03-12,117831,1,2,0,123.0
10109802LEMOSF_2026-03-12_G27,10109802LEMOSF,2026-03-12,111418,1,2,0,127.0
10109802LEMOSF_2026-03-12_G28,10109802LEMOSF,2026-03-12,141823,1,10,0,151.0
10109802LEMOSF_2026-03-12_G29,10109802LEMOSF,2026-03-12,117808,1,30,0,581.0
10109802LEMOSF_2026-03-12_G30,10109802LEMOSF,2026-03-12,110372,1,8,0,698.0
10109802LEMOSF_2026-03-12_G31,10109802LEMOSF,2026-03-12,110371,1,3,0,250.0
10109802LEMOSF_2026-03-12_G32,10109802LEMOSF,2026-03-12,110373,1,12,0,257.0
10109802LEMOSF_2026-03-12_G33,10109802LEMOSF,2026-03-12,110755,1,4,0,537.0
10109802LEMOSF_2026-03-12_G34,10109802LEMOSF,2026-03-12,110339,1,2,0,171.0
10109802LEMOSF_2026-03-12_G35,10109802LEMOSF,2026-03-12,118250,1,8,0,346.0
10109802LEMOSF_2026-03-12_G36,10109802LEMOSF,2026-03-12,110374,1,32,0,975.0
10109802LEMOSF_2026-03-12_G37,10109802LEMOSF,2026-03-12,118299,2,163,9,338.0
10109802LEMOSF_2026-03-12_G38,10109802LEMOSF,2026-03-12,141457,1,8,0,413.0
10109802LEMOSF_2026-03-12_G39,10109802LEMOSF,2026-03-12,117855,1,19,0,200.0
10109802LEMOSF_2026-03-12_G40,10109802LEMOSF,2026-03-12,160055,1,4,0,459.0
10109802LEMOSF_2026-03-12_G41,10109802LEMOSF,2026-03-12,142093,1,4,0,112.0
10109802LEMOSF_2026-03-12_G42,10109802LEMOSF,2026-03-12,117820,1,2,0,324.0
10109802LEMOSF_2026-03-12_G43,10109802LEMOSF,2026-03-12,110372,1,4,0,75.0
10109802LEMOSF_2026-03-12_G44,10109802LEMOSF,2026-03-12,110741,1,6,0,118.0
10109802LEMOSF_2026-03-12_G45,10109802LEMOSF,2026-03-12,142045,1,3,0,195.0
10109802LEMOSF_2026-03-13_G02,10109802LEMOSF,2026-03-13,117808,2,17,8,140.0
10109802LEMOSF_2026-03-13_G03,10109802LEMOSF,2026-03-13,110372,2,12,6,226.0
10109802LEMOSF_2026-03-13_G04,10109802LEMOSF,2026-03-13,118299,1,3,0,144.0
10109802LEMOSF_2026-03-13_G05,10109802LEMOSF,2026-03-13,117830,1,2,0,83.0
10109802LEMOSF_2026-03-13_G06,10109802LEMOSF,2026-03-13,117785,1,5,0,338.0
10109802LEMOSF_2026-03-13_G07,10109802LEMOSF,2026-03-13,111462,1,1,0,55.0
10109802LEMOSF_2026-03-13_G08,10109802LEMOSF,2026-03-13,142093,1,4,0,223.0
10109802LEMOSF_2026-03-13_G09,10109802LEMOSF,2026-03-13,141271,1,4,0,84.0
10109802LEMOSF_2026-03-13_G10,10109802LEMOSF,2026-03-13,141456,1,1,0,118.0
10109802LEMOSF_2026-03-13_G11,10109802LEMOSF,2026-03-13,141458,1,3,0,100.0
10109802LEMOSF_2026-03-13_G12,10109802LEMOSF,2026-03-13,140923,1,4,0,193.0
10109802LEMOSF_2026-03-13_G13,10109802LEMOSF,2026-03-13,110747,1,3,0,521.0
10109802LEMOSF_2026-03-13_G14,10109802LEMOSF,2026-03-13,111569,1,2,0,290.0
10109802LEMOSF_2026-03-13_G15,10109802LEMOSF,2026-03-13,118290,1,4,0,1845.0
10109802LEMOSF_2026-03-13_G16,10109802LEMOSF,2026-03-13,111530,1,8,0,559.0
10109802LEMOSF_2026-03-13_G17,10109802LEMOSF,2026-03-13,107236,1,6,0,230.0
10109802LEMOSF_2026-03-13_G18,10109802LEMOSF,2026-03-13,111466,1,10,0,85.0
10109802LEMOSF_2026-03-13_G19,10109802LEMOSF,2026-03-13,111530,1,9,0,134.0
10109802LEMOSF_2026-03-13_G20,10109802LEMOSF,2026-03-13,110623,1,4,0,235.0
10109802LEMOSF_2026-03-13_G21,10109802LEMOSF,2026-03-13,110740,3,6,13,823.0
10109802LEMOSF_2026-03-13_G22,10109802LEMOSF,2026-03-13,140922,2,7,8,144.0
10109802LEMOSF_2026-03-13_G23,10109802LEMOSF,2026-03-13,111532,1,2,0,89.0
10109802LEMOSF_2026-03-13_G24,10109802LEMOSF,2026-03-13,108794,1,8,0,57.0
10109802LEMOSF_2026-03-13_G25,10109802LEMOSF,2026-03-13,111532,2,5,13,72.0
10109802LEMOSF_2026-03-13_G26,10109802LEMOSF,2026-03-13,117833,1,2,0,77.0
10109802LEMOSF_2026-03-13_G27,10109802LEMOSF,2026-03-13,117785,1,4,0,546.0
10109802LEMOSF_2026-03-13_G28,10109802LEMOSF,2026-03-13,117833,1,6,0,144.0
10109802LEMOSF_2026-03-13_G29,10109802LEMOSF,2026-03-13,111743,1,4,0,152.0
10109802LEMOSF_2026-03-13_G30,10109802LEMOSF,2026-03-13,111466,1,36,0,87.0
10109802LEMOSF_2026-03-13_G31,10109802LEMOSF,2026-03-13,117838,1,1,0,331.0
10109802LEMOSF_2026-03-13_G32,10109802LEMOSF,2026-03-13,141457,1,36,0,157.0
10109802LEMOSF_2026-03-13_G33,10109802LEMOSF,2026-03-13,111469,1,12,0,334.0
10109802LEMOSF_2026-03-13_G34,10109802LEMOSF,2026-03-13,117809,1,30,0,207.0
10109802LEMOSF_2026-03-13_G35,10109802LEMOSF,2026-03-13,117808,1,280,0,185.0
10109802LEMOSF_2026-03-13_G36,10109802LEMOSF,2026-03-13,118299,1,370,0,876.0
10109802LEMOSF_2026-03-13_G37,10109802LEMOSF,2026-03-13,117832,1,4,0,274.0
10109802LEMOSF_2026-03-13_G38,10109802LEMOSF,2026-03-13,117830,1,12,0,49.0
10109802LEMOSF_2026-03-13_G39,10109802LEMOSF,2026-03-13,141166,1,2,0,32.0
10109802LEMOSF_2026-03-13_G40,10109802LEMOSF,2026-03-13,140923,1,4,0,204.0
10109802LEMOSF_2026-03-14_G02,10109802LEMOSF,2026-03-14,105705,1,18,0,175.0
10109802LEMOSF_2026-03-14_G03,10109802LEMOSF,2026-03-14,109645,1,1,0,201.0
10109802LEMOSF_2026-03-14_G04,10109802LEMOSF,2026-03-14,140922,1,14,0,309.0
10109802LEMOSF_2026-03-14_G05,10109802LEMOSF,2026-03-14,117785,1,3,0,186.0
10109802LEMOSF_2026-03-14_G06,10109802LEMOSF,2026-03-14,111462,1,13,0,300.0
10109802LEMOSF_2026-03-14_G07,10109802LEMOSF,2026-03-14,110751,1,2,0,87.0
10109802LEMOSF_2026-03-14_G08,10109802LEMOSF,2026-03-14,117821,1,12,0,210.0
10109802LEMOSF_2026-03-14_G09,10109802LEMOSF,2026-03-14,110740,1,4,0,241.0
10109802LEMOSF_2026-03-14_G10,10109802LEMOSF,2026-03-14,111530,1,10,0,665.0
10109802LEMOSF_2026-03-14_G11,10109802LEMOSF,2026-03-14,111602,1,3,0,182.0
10109802LEMOSF_2026-03-14_G12,10109802LEMOSF,2026-03-14,109640,1,2,0,145.0
10109802LEMOSF_2026-03-14_G13,10109802LEMOSF,2026-03-14,108772,1,4,0,114.0
10109802LEMOSF_2026-03-14_G14,10109802LEMOSF,2026-03-14,111532,1,4,0,254.0
10109802LEMOSF_2026-03-14_G15,10109802LEMOSF,2026-03-14,111466,1,4,0,128.0
10109802LEMOSF_2026-03-14_G16,10109802LEMOSF,2026-03-14,109643,1,2,0,131.0
10109802LEMOSF_2026-03-14_G17,10109802LEMOSF,2026-03-14,110371,1,2,0,231.0
10109802LEMOSF_2026-03-14_G18,10109802LEMOSF,2026-03-14,111438,2,21,20,344.0
10109802LEMOSF_2026-03-14_G19,10109802LEMOSF,2026-03-14,100334,1,10,0,2777.0
10109802LEMOSF_2026-03-14_G20,10109802LEMOSF,2026-03-14,111439,1,4,0,309.0
10109802LEMOSF_2026-03-14_G21,10109802LEMOSF,2026-03-14,111530,1,4,0,96.0
10109802LEMOSF_2026-03-14_G22,10109802LEMOSF,2026-03-14,109640,1,4,0,164.0
10109802LEMOSF_2026-03-14_G23,10109802LEMOSF,2026-03-14,108772,2,8,6,134.0
10109802LEMOSF_2026-03-14_G24,10109802LEMOSF,2026-03-14,118317,1,8,0,179.0
10109802LEMOSF_2026-03-14_G25,10109802LEMOSF,2026-03-14,111466,1,10,0,169.0
10109802LEMOSF_2026-03-14_G26,10109802LEMOSF,2026-03-14,110895,1,8,0,155.0
10109802LEMOSF_2026-03-14_G27,10109802LEMOSF,2026-03-14,117834,1,3,0,1109.0
10109802LEMOSF_2026-03-14_G28,10109802LEMOSF,2026-03-14,117835,1,2,0,182.0
10109802LEMOSF_2026-03-14_G29,10109802LEMOSF,2026-03-14,107888,1,4,0,38.0
10109802LEMOSF_2026-03-14_G30,10109802LEMOSF,2026-03-14,111447,1,2,0,73.0
10109802LEMOSF_2026-03-14_G31,10109802LEMOSF,2026-03-14,111356,1,2,0,73.0
10109802LEMOSF_2026-03-14_G32,10109802LEMOSF,2026-03-14,110755,1,4,0,86.0
10109802LEMOSF_2026-03-14_G33,10109802LEMOSF,2026-03-14,111793,1,1,0,87.0
10109802LEMOSF_2026-03-14_G34,10109802LEMOSF,2026-03-14,141916,1,12,0,56.0
10109802LEMOSF_2026-03-14_G35,10109802LEMOSF,2026-03-14,142045,1,25,0,261.0
10109802LEMOSF_2026-03-14_G36,10109802LEMOSF,2026-03-14,110579,1,2,0,292.0
10109802LEMOSF_2026-03-14_G37,10109802LEMOSF,2026-03-14,110582,1,3,0,64.0
10109802LEMOSF_2026-03-14_G38,10109802LEMOSF,2026-03-14,105167,1,4,0,124.0
10109802LEMOSF_2026-03-14_G39,10109802LEMOSF,2026-03-14,110733,2,50,12,196.0
10109802LEMOSF_2026-03-14_G40,10109802LEMOSF,2026-03-14,110339,1,20,0,393.0
10109802LEMOSF_2026-03-14_G41,10109802LEMOSF,2026-03-14,141352,1,10,0,505.0
10109802LEMOSF_2026-03-14_G42,10109802LEMOSF,2026-03-14,141047,1,10,0,202.0
10109802LEMOSF_2026-03-14_G43,10109802LEMOSF,2026-03-14,108772,2,22,14,157.0
10109802LEMOSF_2026-03-14_G44,10109802LEMOSF,2026-03-14,101217,1,3,0,429.0
10109802LEMOSF_2026-03-14_G45,10109802LEMOSF,2026-03-14,141823,1,10,0,384.0
10109802LEMOSF_2026-03-14_G46,10109802LEMOSF,2026-03-14,141458,1,10,0,80.0
10109802LEMOSF_2026-03-14_G47,10109802LEMOSF,2026-03-14,111466,1,50,0,170.0
10109802LEMOSF_2026-03-14_G49,10109802LEMOSF,2026-03-14,111530,1,4,0,107.0
10109802LEMOSF_2026-03-14_G50,10109802LEMOSF,2026-03-14,109641,1,20,0,159.0
10109802LEMOSF_2026-03-14_G51,10109802LEMOSF,2026-03-14,111466,1,19,0,555.0
10109802LEMOSF_2026-03-14_G52,10109802LEMOSF,2026-03-14,111438,1,13,0,226.0
10109802LEMOSF_2026-03-14_G53,10109802LEMOSF,2026-03-14,117809,1,270,0,971.0
10109802LEMOSF_2026-03-14_G54,10109802LEMOSF,2026-03-14,109643,1,143,0,774.0
10109802LEMOSF_2026-03-16_G02,10109802LEMOSF,2026-03-16,141823,1,4,0,179.0
10109802LEMOSF_2026-03-16_G03,10109802LEMOSF,2026-03-16,109640,1,4,0,95.0
10109802LEMOSF_2026-03-16_G04,10109802LEMOSF,2026-03-16,110754,1,4,0,214.0
10109802LEMOSF_2026-03-16_G05,10109802LEMOSF,2026-03-16,160051,1,6,0,294.0
10109802LEMOSF_2026-03-16_G06,10109802LEMOSF,2026-03-16,111530,1,34,0,547.0
10109802LEMOSF_2026-03-16_G07,10109802LEMOSF,2026-03-16,109640,1,20,0,771.0
10109802LEMOSF_2026-03-16_G08,10109802LEMOSF,2026-03-16,108772,2,8,15,126.0
10109802LEMOSF_2026-03-16_G09,10109802LEMOSF,2026-03-16,111438,1,4,0,246.0
10109802LEMOSF_2026-03-16_G10,10109802LEMOSF,2026-03-16,142093,1,900,0,3410.0
10109802LEMOSF_2026-03-16_G11,10109802LEMOSF,2026-03-16,110373,1,1290,0,3367.0
10109802LEMOSF_2026-03-17_G02,10109802LEMOSF,2026-03-17,111435,1,4,0,297.0
10109802LEMOSF_2026-03-17_G03,10109802LEMOSF,2026-03-17,118317,1,8,0,914.0
10109802LEMOSF_2026-03-17_G04,10109802LEMOSF,2026-03-17,140922,2,36,6,126.0
10109802LEMOSF_2026-03-17_G05,10109802LEMOSF,2026-03-17,117785,1,28,0,519.0
10109802LEMOSF_2026-03-17_G06,10109802LEMOSF,2026-03-17,111462,1,8,0,58.0
10109802LEMOSF_2026-03-17_G07,10109802LEMOSF,2026-03-17,117821,1,35,0,229.0
10109802LEMOSF_2026-03-17_G08,10109802LEMOSF,2026-03-17,117831,1,16,0,153.0
10109802LEMOSF_2026-03-17_G09,10109802LEMOSF,2026-03-17,110740,2,9,9,287.0
10109802LEMOSF_2026-03-17_G10,10109802LEMOSF,2026-03-17,111469,1,45,0,1321.0
10109802LEMOSF_2026-03-17_G11,10109802LEMOSF,2026-03-17,117809,1,6,0,1173.0
10109802LEMOSF_2026-03-17_G12,10109802LEMOSF,2026-03-17,109643,1,9,0,93.0
10109802LEMOSF_2026-03-17_G13,10109802LEMOSF,2026-03-17,117820,1,2,0,239.0
10109802LEMOSF_2026-03-17_G14,10109802LEMOSF,2026-03-17,110373,2,90,7,837.0
10109802LEMOSF_2026-03-17_G15,10109802LEMOSF,2026-03-17,110375,1,2,0,217.0
10109802LEMOSF_2026-03-17_G16,10109802LEMOSF,2026-03-17,142045,1,11,0,222.0
10109802LEMOSF_2026-03-17_G17,10109802LEMOSF,2026-03-17,117835,1,4,0,180.0
10109802LEMOSF_2026-03-17_G19,10109802LEMOSF,2026-03-17,"111465, 111444",2,3,7,132.0
10109802LEMOSF_2026-03-17_G20,10109802LEMOSF,2026-03-17,140922,1,4,0,132.0
10109802LEMOSF_2026-03-17_G21,10109802LEMOSF,2026-03-17,117842,1,2,0,76.0
10109802LEMOSF_2026-03-17_G22,10109802LEMOSF,2026-03-17,117785,1,11,0,65.0
10109802LEMOSF_2026-03-17_G23,10109802LEMOSF,2026-03-17,117833,1,3,0,202.0
10109802LEMOSF_2026-03-17_G24,10109802LEMOSF,2026-03-17,111418,1,9,0,134.0
10109802LEMOSF_2026-03-17_G25,10109802LEMOSF,2026-03-17,"116241, 108795",2,9,27,106.0
10109802LEMOSF_2026-03-17_G26,10109802LEMOSF,2026-03-17,111743,1,2,0,75.0
10109802LEMOSF_2026-03-17_G27,10109802LEMOSF,2026-03-17,142080,1,4,0,230.0
10109802LEMOSF_2026-03-17_G28,10109802LEMOSF,2026-03-17,141271,1,7,0,154.0
10109802LEMOSF_2026-03-17_G29,10109802LEMOSF,2026-03-17,117831,1,10,0,78.0
10109802LEMOSF_2026-03-17_G30,10109802LEMOSF,2026-03-17,110740,1,6,0,879.0
10109802LEMOSF_2026-03-17_G31,10109802LEMOSF,2026-03-17,118223,1,2,0,203.0
10109802LEMOSF_2026-03-17_G32,10109802LEMOSF,2026-03-17,109645,1,2,0,71.0
10109802LEMOSF_2026-03-17_G33,10109802LEMOSF,2026-03-17,111469,1,2,0,113.0
10109802LEMOSF_2026-03-17_G34,10109802LEMOSF,2026-03-17,141458,1,8,0,120.0
10109802LEMOSF_2026-03-17_G35,10109802LEMOSF,2026-03-17,108794,1,4,0,427.0
10109802LEMOSF_2026-03-17_G36,10109802LEMOSF,2026-03-17,111532,1,3,0,99.0
10109802LEMOSF_2026-03-17_G37,10109802LEMOSF,2026-03-17,"117785, 117833",2,11,21,252.0
10109802LEMOSF_2026-03-17_G38,10109802LEMOSF,2026-03-17,111418,1,13,0,74.0
10109802LEMOSF_2026-03-17_G39,10109802LEMOSF,2026-03-17,142093,1,4,0,153.0
10109802LEMOSF_2026-03-17_G40,10109802LEMOSF,2026-03-17,141271,1,12,0,95.0
10109802LEMOSF_2026-03-17_G41,10109802LEMOSF,2026-03-17,117831,1,8,0,165.0
10109802LEMOSF_2026-03-17_G42,10109802LEMOSF,2026-03-17,107236,1,2,0,105.0
10109802LEMOSF_2026-03-17_G43,10109802LEMOSF,2026-03-17,111466,1,12,0,59.0
10109802LEMOSF_2026-03-17_G44,10109802LEMOSF,2026-03-17,110740,1,6,0,292.0
10109802LEMOSF_2026-03-17_G45,10109802LEMOSF,2026-03-17,117787,1,2,0,149.0
10109802LEMOSF_2026-03-17_G46,10109802LEMOSF,2026-03-17,"105705, 111469",2,10,10,232.0
10109802LEMOSF_2026-03-17_G47,10109802LEMOSF,2026-03-17,141458,1,8,0,31.0
10109802LEMOSF_2026-03-17_G48,10109802LEMOSF,2026-03-17,"111172, 117838",2,5,8,2550.0
10109802LEMOSF_2026-03-17_G49,10109802LEMOSF,2026-03-17,111348,1,4,0,81.0
10109802LEMOSF_2026-03-17_G50,10109802LEMOSF,2026-03-17,117833,1,1,0,142.0
10109802LEMOSF_2026-03-17_G51,10109802LEMOSF,2026-03-17,111418,1,10,0,114.0
10109802LEMOSF_2026-03-17_G52,10109802LEMOSF,2026-03-17,142080,1,2,0,121.0
10109802LEMOSF_2026-03-17_G53,10109802LEMOSF,2026-03-17,141271,1,4,0,63.0
10109802LEMOSF_2026-03-17_G54,10109802LEMOSF,2026-03-17,111466,1,11,0,80.0
10109802LEMOSF_2026-03-17_G55,10109802LEMOSF,2026-03-17,117787,1,4,0,146.0
10109802LEMOSF_2026-03-17_G56,10109802LEMOSF,2026-03-17,105705,1,2,0,67.0
10109802LEMOSF_2026-03-18_G02,10109802LEMOSF,2026-03-18,117785,1,10,0,499.0
10109802LEMOSF_2026-03-18_G03,10109802LEMOSF,2026-03-18,111462,1,10,0,246.0
10109802LEMOSF_2026-03-18_G04,10109802LEMOSF,2026-03-18,117833,1,4,0,1342.0
10109802LEMOSF_2026-03-18_G05,10109802LEMOSF,2026-03-18,117821,1,10,0,95.0
10109802LEMOSF_2026-03-18_G06,10109802LEMOSF,2026-03-18,111418,1,20,0,135.0
10109802LEMOSF_2026-03-18_G07,10109802LEMOSF,2026-03-18,116241,1,4,0,231.0
10109802LEMOSF_2026-03-18_G08,10109802LEMOSF,2026-03-18,118330,2,8,9,567.0
10109802LEMOSF_2026-03-18_G09,10109802LEMOSF,2026-03-18,111743,1,20,0,119.0
10109802LEMOSF_2026-03-18_G10,10109802LEMOSF,2026-03-18,111446,1,6,0,485.0
10109802LEMOSF_2026-03-18_G11,10109802LEMOSF,2026-03-18,142093,1,10,0,97.0
10109802LEMOSF_2026-03-18_G13,10109802LEMOSF,2026-03-18,107629,1,2,0,92.0
10109802LEMOSF_2026-03-18_G14,10109802LEMOSF,2026-03-18,111530,1,8,0,115.0
10109802LEMOSF_2026-03-18_G15,10109802LEMOSF,2026-03-18,110733,1,4,0,230.0
10109802LEMOSF_2026-03-18_G16,10109802LEMOSF,2026-03-18,111879,1,2,0,64.0
10109802LEMOSF_2026-03-18_G17,10109802LEMOSF,2026-03-18,111602,1,2,0,71.0
10109802LEMOSF_2026-03-18_G18,10109802LEMOSF,2026-03-18,117856,1,4,0,69.0
10109802LEMOSF_2026-03-18_G19,10109802LEMOSF,2026-03-18,141352,1,4,0,256.0
10109802LEMOSF_2026-03-18_G20,10109802LEMOSF,2026-03-18,141066,1,2,0,222.0
10109802LEMOSF_2026-03-18_G21,10109802LEMOSF,2026-03-18,117862,1,2,0,75.0
10109802LEMOSF_2026-03-18_G23,10109802LEMOSF,2026-03-18,111743,1,2,0,124.0
10109802LEMOSF_2026-03-18_G24,10109802LEMOSF,2026-03-18,108798,1,4,0,94.0
10109802LEMOSF_2026-03-18_G25,10109802LEMOSF,2026-03-18,111466,1,2,0,156.0
10109802LEMOSF_2026-03-18_G26,10109802LEMOSF,2026-03-18,117787,1,4,0,62.0
10109802LEMOSF_2026-03-18_G27,10109802LEMOSF,2026-03-18,"141823, 110500",2,5,18,72.0
10109802LEMOSF_2026-03-18_G28,10109802LEMOSF,2026-03-18,110841,1,2,0,98.0
10109802LEMOSF_2026-03-18_G29,10109802LEMOSF,2026-03-18,117830,1,4,0,149.0
10109802LEMOSF_2026-03-18_G30,10109802LEMOSF,2026-03-18,141166,1,1,0,190.0
10109802LEMOSF_2026-03-18_G31,10109802LEMOSF,2026-03-18,140923,1,27,0,80.0
10109802LEMOSF_2026-03-18_G32,10109802LEMOSF,2026-03-18,109647,1,3,0,554.0
10109802LEMOSF_2026-03-18_G33,10109802LEMOSF,2026-03-18,110733,1,16,0,158.0
10109802LEMOSF_2026-03-18_G34,10109802LEMOSF,2026-03-18,111602,1,2,0,159.0
10109802LEMOSF_2026-03-18_G35,10109802LEMOSF,2026-03-18,117856,1,4,0,1103.0
10109802LEMOSF_2026-03-18_G36,10109802LEMOSF,2026-03-18,117853,1,7,0,110.0
10109802LEMOSF_2026-03-18_G37,10109802LEMOSF,2026-03-18,111467,1,3,0,94.0
10109802LEMOSF_2026-03-18_G38,10109802LEMOSF,2026-03-18,108772,1,4,0,66.0
10109802LEMOSF_2026-03-18_G39,10109802LEMOSF,2026-03-18,117808,1,108,0,128.0
10109802LEMOSF_2026-03-18_G40,10109802LEMOSF,2026-03-18,109643,1,2,0,125.0
10109802LEMOSF_2026-03-18_G41,10109802LEMOSF,2026-03-18,117820,1,22,0,211.0
10109802LEMOSF_2026-03-18_G42,10109802LEMOSF,2026-03-18,110373,1,66,0,297.0
10109802LEMOSF_2026-03-18_G43,10109802LEMOSF,2026-03-18,110372,1,160,0,2558.0
10109802LEMOSF_2026-03-18_G44,10109802LEMOSF,2026-03-18,110375,1,20,0,580.0
10109802LEMOSF_2026-03-18_G45,10109802LEMOSF,2026-03-18,118299,1,100,0,617.0
10109802LEMOSF_2026-03-18_G46,10109802LEMOSF,2026-03-18,110371,1,30,0,51.0
10109802LEMOSF_2026-03-19_G02,10109802LEMOSF,2026-03-19,110371,1,220,0,1331.0
10109802LEMOSF_2026-03-19_G03,10109802LEMOSF,2026-03-19,141166,1,39,0,666.0
10109802LEMOSF_2026-03-19_G04,10109802LEMOSF,2026-03-19,111602,1,41,0,209.0
10109802LEMOSF_2026-03-19_G05,10109802LEMOSF,2026-03-19,111465,1,69,0,300.0
10109802LEMOSF_2026-03-19_G06,10109802LEMOSF,2026-03-19,118317,1,20,0,470.0
10109802LEMOSF_2026-03-19_G07,10109802LEMOSF,2026-03-19,111418,1,387,0,354.0
10109802LEMOSF_2026-03-19_G08,10109802LEMOSF,2026-03-19,109649,1,12,0,1044.0
10109802LEMOSF_2026-03-19_G09,10109802LEMOSF,2026-03-19,107236,1,81,0,253.0
10109802LEMOSF_2026-03-19_G10,10109802LEMOSF,2026-03-19,111469,1,150,0,288.0
10109802LEMOSF_2026-03-20_G02,10109802LEMOSF,2026-03-20,109641,1,2,0,392.0
10109802LEMOSF_2026-03-20_G03,10109802LEMOSF,2026-03-20,110740,1,6,0,101.0
10109802LEMOSF_2026-03-20_G04,10109802LEMOSF,2026-03-20,"111463, 110753",2,12,22,194.0
10109802LEMOSF_2026-03-20_G05,10109802LEMOSF,2026-03-20,117855,1,3,0,161.0
10109802LEMOSF_2026-03-20_G06,10109802LEMOSF,2026-03-20,111602,1,4,0,127.0
10109802LEMOSF_2026-03-20_G07,10109802LEMOSF,2026-03-20,117856,1,4,0,56.0
10109802LEMOSF_2026-03-20_G08,10109802LEMOSF,2026-03-20,117820,1,10,0,126.0
10109802LEMOSF_2026-03-20_G09,10109802LEMOSF,2026-03-20,110325,1,11,0,146.0
10109802LEMOSF_2026-03-20_G10,10109802LEMOSF,2026-03-20,117832,1,20,0,128.0
10109802LEMOSF_2026-03-20_G11,10109802LEMOSF,2026-03-20,117830,1,4,0,180.0
10109802LEMOSF_2026-03-20_G12,10109802LEMOSF,2026-03-20,118169,1,4,0,931.0
10109802LEMOSF_2026-03-20_G13,10109802LEMOSF,2026-03-20,118250,1,4,0,156.0
10109802LEMOSF_2026-03-20_G14,10109802LEMOSF,2026-03-20,118253,1,4,0,121.0
10109802LEMOSF_2026-03-20_G15,10109802LEMOSF,2026-03-20,118251,1,4,0,103.0
10109802LEMOSF_2026-03-20_G16,10109802LEMOSF,2026-03-20,109640,2,12,14,243.0
10109802LEMOSF_2026-03-20_G17,10109802LEMOSF,2026-03-20,110373,1,20,0,1118.0
10109802LEMOSF_2026-03-20_G18,10109802LEMOSF,2026-03-20,117820,1,20,0,53.0
10109802LEMOSF_2026-03-20_G19,10109802LEMOSF,2026-03-20,117808,1,80,0,274.0
10109802LEMOSF_2026-03-20_G20,10109802LEMOSF,2026-03-20,141202,1,8,0,382.0
10109802LEMOSF_2026-03-20_G21,10109802LEMOSF,2026-03-20,118299,1,50,0,239.0
10109802LEMOSF_2026-03-20_G22,10109802LEMOSF,2026-03-20,110371,1,30,0,88.0
10109802LEMOSF_2026-03-20_G23,10109802LEMOSF,2026-03-20,117830,1,9,0,224.0
10109802LEMOSF_2026-03-20_G24,10109802LEMOSF,2026-03-20,141916,1,6,0,852.0
10109802LEMOSF_2026-03-20_G25,10109802LEMOSF,2026-03-20,111602,1,5,0,841.0
10109802LEMOSF_2026-03-20_G27,10109802LEMOSF,2026-03-20,111462,1,15,0,331.0
10109802LEMOSF_2026-03-20_G28,10109802LEMOSF,2026-03-20,111465,1,6,0,117.0
10109802LEMOSF_2026-03-20_G29,10109802LEMOSF,2026-03-20,110743,1,4,0,287.0
10109802LEMOSF_2026-03-20_G30,10109802LEMOSF,2026-03-20,111418,1,20,0,185.0
10109802LEMOSF_2026-03-20_G31,10109802LEMOSF,2026-03-20,117831,1,16,0,73.0
10109802LEMOSF_2026-03-20_G32,10109802LEMOSF,2026-03-20,110740,1,6,0,326.0
10109802LEMOSF_2026-03-20_G33,10109802LEMOSF,2026-03-20,111463,1,5,0,255.0
10109802LEMOSF_2026-03-20_G34,10109802LEMOSF,2026-03-20,141823,1,10,0,145.0
10109802LEMOSF_2026-03-20_G35,10109802LEMOSF,2026-03-20,110373,1,20,0,577.0
10109802LEMOSF_2026-03-20_G36,10109802LEMOSF,2026-03-20,110374,1,10,0,332.0
10109802LEMOSF_2026-03-20_G37,10109802LEMOSF,2026-03-20,118299,1,184,0,280.0
10109802LEMOSF_2026-03-20_G38,10109802LEMOSF,2026-03-20,117808,1,20,0,826.0
10109802LEMOSF_2026-03-21_G02,10109802LEMOSF,2026-03-21,117809,1,40,0,575.0
10109802LEMOSF_2026-03-21_G03,10109802LEMOSF,2026-03-21,118299,1,180,0,539.0
10109802LEMOSF_2026-03-21_G04,10109802LEMOSF,2026-03-21,109643,1,8,0,163.0
10109802LEMOSF_2026-03-21_G05,10109802LEMOSF,2026-03-21,117820,1,140,0,498.0
10109802LEMOSF_2026-03-21_G07,10109802LEMOSF,2026-03-21,117840,1,2,0,559.0
10109802LEMOSF_2026-03-21_G08,10109802LEMOSF,2026-03-21,110371,1,60,0,146.0
10109802LEMOSF_2026-03-21_G09,10109802LEMOSF,2026-03-21,117830,1,16,0,519.0
10109802LEMOSF_2026-03-21_G10,10109802LEMOSF,2026-03-21,109641,1,25,0,458.0
10109802LEMOSF_2026-03-21_G11,10109802LEMOSF,2026-03-21,110787,1,39,0,456.0
10109802LEMOSF_2026-03-21_G12,10109802LEMOSF,2026-03-21,110740,1,25,0,444.0
10109802LEMOSF_2026-03-21_G13,10109802LEMOSF,2026-03-21,110748,1,10,0,584.0
10109802LEMOSF_2026-03-21_G14,10109802LEMOSF,2026-03-21,118317,1,77,0,779.0
10109802LEMOSF_2026-03-23_G02,10109802LEMOSF,2026-03-23,111418,1,4,0,155.0
10109802LEMOSF_2026-03-23_G03,10109802LEMOSF,2026-03-23,141271,1,4,0,105.0
10109802LEMOSF_2026-03-23_G04,10109802LEMOSF,2026-03-23,141823,1,1,0,154.0
10109802LEMOSF_2026-03-23_G05,10109802LEMOSF,2026-03-23,117832,1,4,0,168.0
10109802LEMOSF_2026-03-23_G06,10109802LEMOSF,2026-03-23,111442,1,4,0,285.0
10109802LEMOSF_2026-03-23_G07,10109802LEMOSF,2026-03-23,110787,1,4,0,265.0
10109802LEMOSF_2026-03-23_G08,10109802LEMOSF,2026-03-23,110374,1,8,0,539.0
10109802LEMOSF_2026-03-23_G09,10109802LEMOSF,2026-03-23,110895,1,2,0,168.0
10109802LEMOSF_2026-03-23_G10,10109802LEMOSF,2026-03-23,110787,1,3,0,1215.0
10109802LEMOSF_2026-03-23_G11,10109802LEMOSF,2026-03-23,117832,1,10,0,130.0
10109802LEMOSF_2026-03-23_G12,10109802LEMOSF,2026-03-23,110787,1,4,0,73.0
10109802LEMOSF_2026-03-23_G13,10109802LEMOSF,2026-03-23,110374,1,5,0,308.0
10109802LEMOSF_2026-03-23_G14,10109802LEMOSF,2026-03-23,117832,1,4,0,55.0
10109802LEMOSF_2026-03-23_G15,10109802LEMOSF,2026-03-23,117855,1,4,0,1024.0
10109802LEMOSF_2026-03-23_G16,10109802LEMOSF,2026-03-23,118094,1,2,0,105.0
10109802LEMOSF_2026-03-23_G17,10109802LEMOSF,2026-03-23,110339,1,2,0,54.0
10109802LEMOSF_2026-03-23_G18,10109802LEMOSF,2026-03-23,142093,1,8,0,516.0
10109802LEMOSF_2026-03-23_G19,10109802LEMOSF,2026-03-23,111418,1,12,0,124.0
10109802LEMOSF_2026-03-23_G20,10109802LEMOSF,2026-03-23,111469,1,5,0,385.0
10109802LEMOSF_2026-03-23_G21,10109802LEMOSF,2026-03-23,111463,1,16,0,147.0
10109802LEMOSF_2026-03-23_G22,10109802LEMOSF,2026-03-23,110787,1,4,0,179.0
10109802LEMOSF_2026-03-23_G23,10109802LEMOSF,2026-03-23,110740,1,4,0,168.0
10109802LEMOSF_2026-03-23_G24,10109802LEMOSF,2026-03-23,141823,1,10,0,84.0
10109802LEMOSF_2026-03-23_G25,10109802LEMOSF,2026-03-23,117855,1,4,0,289.0
10109802LEMOSF_2026-03-23_G26,10109802LEMOSF,2026-03-23,118094,1,2,0,39.0
10109802LEMOSF_2026-03-23_G27,10109802LEMOSF,2026-03-23,140923,1,12,0,35.0
10109802LEMOSF_2026-03-23_G28,10109802LEMOSF,2026-03-23,110339,1,3,0,35.0
10109802LEMOSF_2026-03-23_G29,10109802LEMOSF,2026-03-23,142045,1,16,0,389.0
10109802LEMOSF_2026-03-23_G30,10109802LEMOSF,2026-03-23,110747,1,6,0,247.0
10109802LEMOSF_2026-03-23_G31,10109802LEMOSF,2026-03-23,110373,1,16,0,540.0
10109802LEMOSF_2026-03-23_G32,10109802LEMOSF,2026-03-23,110372,1,2,0,162.0
10109802LEMOSF_2026-03-23_G33,10109802LEMOSF,2026-03-23,117832,1,3,0,128.0
10109802LEMOSF_2026-03-23_G35,10109802LEMOSF,2026-03-23,111418,1,6,0,132.0
10109802LEMOSF_2026-03-23_G36,10109802LEMOSF,2026-03-23,111469,1,8,0,241.0
10109802LEMOSF_2026-03-23_G37,10109802LEMOSF,2026-03-23,110740,1,2,0,128.0
10109802LEMOSF_2026-03-23_G38,10109802LEMOSF,2026-03-23,110372,1,2,0,95.0
10109802LEMOSF_2026-03-23_G39,10109802LEMOSF,2026-03-23,117832,1,4,0,91.0
10109802LEMOSF_2026-03-23_G40,10109802LEMOSF,2026-03-23,110371,1,2,0,98.0
10109802LEMOSF_2026-03-23_G41,10109802LEMOSF,2026-03-23,142045,1,5,0,95.0
10109802LEMOSF_2026-03-23_G42,10109802LEMOSF,2026-03-23,110747,1,4,0,228.0
10109802LEMOSF_2026-03-23_G43,10109802LEMOSF,2026-03-23,110339,1,2,0,267.0
10109802LEMOSF_2026-03-24_G02,10109802LEMOSF,2026-03-24,141202,1,10,0,147.0
10109802LEMOSF_2026-03-24_G03,10109802LEMOSF,2026-03-24,110375,1,17,0,376.0
10109802LEMOSF_2026-03-24_G04,10109802LEMOSF,2026-03-24,142093,1,1,0,1362.0
10109802LEMOSF_2026-03-24_G05,10109802LEMOSF,2026-03-24,108795,1,6,0,58.0
10109802LEMOSF_2026-03-24_G06,10109802LEMOSF,2026-03-24,111418,1,26,0,193.0
10109802LEMOSF_2026-03-24_G07,10109802LEMOSF,2026-03-24,109641,1,2,0,327.0
10109802LEMOSF_2026-03-24_G08,10109802LEMOSF,2026-03-24,117833,1,2,0,270.0
10109802LEMOSF_2026-03-24_G09,10109802LEMOSF,2026-03-24,111463,1,3,0,54.0
10109802LEMOSF_2026-03-24_G10,10109802LEMOSF,2026-03-24,111469,1,18,0,101.0
10109802LEMOSF_2026-03-24_G11,10109802LEMOSF,2026-03-24,117831,1,8,0,253.0
10109802LEMOSF_2026-03-24_G12,10109802LEMOSF,2026-03-24,141823,1,4,0,78.0
10109802LEMOSF_2026-03-24_G13,10109802LEMOSF,2026-03-24,142045,1,3,0,1837.0
10109802LEMOSF_2026-03-24_G14,10109802LEMOSF,2026-03-24,110742,1,4,0,196.0
10109802LEMOSF_2026-03-24_G15,10109802LEMOSF,2026-03-24,117855,1,20,0,258.0
10109802LEMOSF_2026-03-24_G16,10109802LEMOSF,2026-03-24,107629,1,2,0,218.0
10109802LEMOSF_2026-03-24_G17,10109802LEMOSF,2026-03-24,118094,1,10,0,80.0
10109802LEMOSF_2026-03-24_G18,10109802LEMOSF,2026-03-24,111602,2,18,12,122.0
10109802LEMOSF_2026-03-24_G19,10109802LEMOSF,2026-03-24,110339,1,8,0,393.0
10109802LEMOSF_2026-03-24_G20,10109802LEMOSF,2026-03-24,117809,1,31,0,1025.0
10109802LEMOSF_2026-03-24_G21,10109802LEMOSF,2026-03-24,110372,1,233,0,792.0
10109802LEMOSF_2026-03-24_G22,10109802LEMOSF,2026-03-24,110375,1,101,0,1384.0
10109802LEMOSF_2026-03-24_G23,10109802LEMOSF,2026-03-24,117808,1,643,0,1430.0
10109802LEMOSF_2026-03-24_G24,10109802LEMOSF,2026-03-24,110371,1,80,0,489.0
10109802LEMOSF_2026-03-24_G25,10109802LEMOSF,2026-03-24,111743,1,83,0,548.0
10109802LEMOSF_2026-03-26_G02,10109802LEMOSF,2026-03-26,111437,1,8,0,859.0
10109802LEMOSF_2026-03-26_G03,10109802LEMOSF,2026-03-26,"140956, 110320",2,2,8,122.0
10109802LEMOSF_2026-03-26_G04,10109802LEMOSF,2026-03-26,111879,1,6,0,138.0
10109802LEMOSF_2026-03-26_G05,10109802LEMOSF,2026-03-26,117809,1,60,0,2861.0
10109802LEMOSF_2026-03-27_G02,10109802LEMOSF,2026-03-27,117820,1,16,0,547.0
10109802LEMOSF_2026-03-27_G03,10109802LEMOSF,2026-03-27,110373,1,3,0,196.0
10109802LEMOSF_2026-03-27_G04,10109802LEMOSF,2026-03-27,111462,1,10,0,266.0
10109802LEMOSF_2026-03-27_G05,10109802LEMOSF,2026-03-27,117821,1,10,0,357.0
10109802LEMOSF_2026-03-27_G06,10109802LEMOSF,2026-03-27,141457,1,2,0,171.0
10109802LEMOSF_2026-03-27_G07,10109802LEMOSF,2026-03-27,141202,1,4,0,343.0
10109802LEMOSF_2026-03-27_G08,10109802LEMOSF,2026-03-27,108795,1,4,0,44.0
10109802LEMOSF_2026-03-27_G09,10109802LEMOSF,2026-03-27,140922,1,4,0,235.0
10109802LEMOSF_2026-03-27_G10,10109802LEMOSF,2026-03-27,140923,1,6,0,1269.0
10109802LEMOSF_2026-03-27_G11,10109802LEMOSF,2026-03-27,140911,1,4,0,350.0
10109802LEMOSF_2026-03-27_G12,10109802LEMOSF,2026-03-27,142093,1,16,0,323.0
10109802LEMOSF_2026-03-28_G02,10109802LEMOSF,2026-03-28,111433,1,5,0,367.0
10109802LEMOSF_2026-03-28_G03,10109802LEMOSF,2026-03-28,108798,1,10,0,195.0
10109802LEMOSF_2026-03-28_G04,10109802LEMOSF,2026-03-28,111418,1,60,0,57.0
10109802LEMOSF_2026-03-28_G05,10109802LEMOSF,2026-03-28,117833,1,44,0,349.0
10109802LEMOSF_2026-03-28_G06,10109802LEMOSF,2026-03-28,110740,1,12,0,508.0
10109802LEMOSF_2026-03-28_G07,10109802LEMOSF,2026-03-28,105242,1,2,0,229.0
10109802LEMOSF_2026-03-28_G08,10109802LEMOSF,2026-03-28,118094,1,33,0,139.0
10109802LEMOSF_2026-03-28_G09,10109802LEMOSF,2026-03-28,117855,1,10,0,427.0
10109802LEMOSF_2026-03-28_G10,10109802LEMOSF,2026-03-28,141066,1,46,0,159.0
10109802LEMOSF_2026-03-28_G11,10109802LEMOSF,2026-03-28,117862,3,57,27,300.0
10109802LEMOSF_2026-03-28_G12,10109802LEMOSF,2026-03-28,117809,1,42,0,523.0
10109802LEMOSF_2026-03-28_G13,10109802LEMOSF,2026-03-28,117820,1,104,0,476.0
10109802LEMOSF_2026-03-28_G14,10109802LEMOSF,2026-03-28,110325,1,3,0,234.0
10109802LEMOSF_2026-03-28_G15,10109802LEMOSF,2026-03-28,117808,1,803,0,2856.0
10109802LEMOSF_2026-03-28_G16,10109802LEMOSF,2026-03-28,109643,1,24,0,468.0
10109802LEMOSF_2026-03-28_G17,10109802LEMOSF,2026-03-28,110375,1,44,0,404.0
10109802LEMOSF_2026-03-28_G18,10109802LEMOSF,2026-03-28,111120,2,4,7,247.0
10109802LEMOSF_2026-03-28_G19,10109802LEMOSF,2026-03-28,111532,1,2,0,1529.0
10109802LEMOSF_2026-03-28_G20,10109802LEMOSF,2026-03-28,111532,1,4,0,36.0
10109802LEMOSF_2026-03-28_G21,10109802LEMOSF,2026-03-28,110313,1,2,0,229.0
10109802LEMOSF_2026-03-28_G22,10109802LEMOSF,2026-03-28,141166,1,2,0,245.0
10109802LEMOSF_2026-03-28_G23,10109802LEMOSF,2026-03-28,111530,1,8,0,131.0
10109802LEMOSF_2026-03-28_G24,10109802LEMOSF,2026-03-28,110755,1,2,0,170.0
10109802LEMOSF_2026-03-28_G26,10109802LEMOSF,2026-03-28,141457,1,3,0,134.0
10109802LEMOSF_2026-03-28_G27,10109802LEMOSF,2026-03-28,141457,1,40,0,103.0
10109802LEMOSF_2026-03-28_G28,10109802LEMOSF,2026-03-28,111433,1,8,0,136.0
10109802LEMOSF_2026-03-28_G29,10109802LEMOSF,2026-03-28,109641,1,34,0,233.0
10109802LEMOSF_2026-03-28_G30,10109802LEMOSF,2026-03-28,108794,1,116,0,147.0
10109802LEMOSF_2026-03-28_G31,10109802LEMOSF,2026-03-28,142093,1,36,0,594.0
10109802LEMOSF_2026-03-28_G32,10109802LEMOSF,2026-03-28,105242,1,12,0,455.0
10109802LEMOSF_2026-03-28_G33,10109802LEMOSF,2026-03-28,117855,1,40,0,552.0
10109802LEMOSF_2026-03-28_G34,10109802LEMOSF,2026-03-28,109640,1,23,0,385.0
10109802LEMOSF_2026-03-28_G35,10109802LEMOSF,2026-03-28,111530,1,160,0,220.0
10109802LEMOSF_2026-03-28_G36,10109802LEMOSF,2026-03-28,110313,1,20,0,138.0
10109802LEMOSF_2026-03-28_G37,10109802LEMOSF,2026-03-28,110376,2,21,21,1198.0
10109802LEMOSF_2026-03-28_G38,10109802LEMOSF,2026-03-28,110582,1,20,0,335.0
10109802LEMOSF_2026-03-28_G39,10109802LEMOSF,2026-03-28,110311,1,6,0,311.0
10109802LEMOSF_2026-03-28_G40,10109802LEMOSF,2026-03-28,105359,1,13,0,313.0
10109802LEMOSF_2026-03-28_G41,10109802LEMOSF,2026-03-28,142045,1,160,0,1164.0
10109802LEMOSF_2026-03-29_G02,10109802LEMOSF,2026-03-29,111462,1,3,0,67.0
10109802LEMOSF_2026-03-29_G03,10109802LEMOSF,2026-03-29,117821,1,5,0,52.0
10109802LEMOSF_2026-03-29_G04,10109802LEMOSF,2026-03-29,108795,1,4,0,151.0
10109802LEMOSF_2026-03-29_G05,10109802LEMOSF,2026-03-29,141271,1,8,0,277.0
10109802LEMOSF_2026-03-29_G06,10109802LEMOSF,2026-03-29,110787,1,4,0,208.0
10109802LEMOSF_2026-03-29_G07,10109802LEMOSF,2026-03-29,111418,1,2,0,101.0
10109802LEMOSF_2026-03-29_G08,10109802LEMOSF,2026-03-29,108794,1,2,0,37.0
10109802LEMOSF_2026-03-29_G09,10109802LEMOSF,2026-03-29,142093,1,4,0,177.0
10109802LEMOSF_2026-03-29_G10,10109802LEMOSF,2026-03-29,107236,1,2,0,33.0
10109802LEMOSF_2026-03-29_G11,10109802LEMOSF,2026-03-29,110740,1,4,0,79.0
10109802LEMOSF_2026-03-29_G12,10109802LEMOSF,2026-03-29,141458,1,2,0,95.0
10109802LEMOSF_2026-03-29_G13,10109802LEMOSF,2026-03-29,109648,1,3,0,193.0
10109802LEMOSF_2026-03-29_G14,10109802LEMOSF,2026-03-29,117820,1,6,0,49.0
10109802LEMOSF_2026-03-29_G15,10109802LEMOSF,2026-03-29,110373,1,6,0,97.0
10109802LEMOSF_2026-03-29_G16,10109802LEMOSF,2026-03-29,110372,1,10,0,105.0
10109802LEMOSF_2026-03-29_G17,10109802LEMOSF,2026-03-29,117832,1,6,0,117.0
10109802LEMOSF_2026-03-29_G18,10109802LEMOSF,2026-03-29,117830,1,3,0,51.0
10109802LEMOSF_2026-03-29_G19,10109802LEMOSF,2026-03-29,110751,1,2,0,466.0
10109802LEMOSF_2026-03-29_G20,10109802LEMOSF,2026-03-29,141271,1,4,0,80.0
10109802LEMOSF_2026-03-29_G21,10109802LEMOSF,2026-03-29,141456,1,4,0,139.0
10109802LEMOSF_2026-03-29_G22,10109802LEMOSF,2026-03-29,108794,1,3,0,54.0
10109802LEMOSF_2026-03-29_G23,10109802LEMOSF,2026-03-29,"117833, 111468",2,4,14,102.0
10109802LEMOSF_2026-03-29_G24,10109802LEMOSF,2026-03-29,110740,1,6,0,62.0
10109802LEMOSF_2026-03-29_G25,10109802LEMOSF,2026-03-29,117820,1,4,0,192.0
10109802LEMOSF_2026-03-29_G26,10109802LEMOSF,2026-03-29,110373,1,4,0,237.0
10109802LEMOSF_2026-03-29_G27,10109802LEMOSF,2026-03-29,110372,1,10,0,78.0
10109802LEMOSF_2026-03-29_G28,10109802LEMOSF,2026-03-29,117808,1,2,0,99.0
10109802LEMOSF_2026-03-29_G29,10109802LEMOSF,2026-03-29,141457,1,4,0,2430.0
10109802LEMOSF_2026-03-29_G30,10109802LEMOSF,2026-03-29,110787,2,63,24,426.0
10109802LEMOSF_2026-03-29_G31,10109802LEMOSF,2026-03-29,117786,1,6,0,521.0
10109802LEMOSF_2026-03-29_G32,10109802LEMOSF,2026-03-29,110711,1,4,0,197.0
10109802LEMOSF_2026-03-29_G33,10109802LEMOSF,2026-03-29,110711,1,12,0,174.0
10109802LEMOSF_2026-03-29_G34,10109802LEMOSF,2026-03-29,109640,1,5,0,487.0
10109802LEMOSF_2026-03-29_G36,10109802LEMOSF,2026-03-29,117787,1,4,0,181.0
10109802LEMOSF_2026-03-29_G37,10109802LEMOSF,2026-03-29,117820,1,8,0,215.0
10109802LEMOSF_2026-03-29_G38,10109802LEMOSF,2026-03-29,110373,1,12,0,432.0
10109802LEMOSF_2026-03-29_G39,10109802LEMOSF,2026-03-29,111743,1,4,0,147.0
10109802LEMOSF_2026-03-30_G02,10109802LEMOSF,2026-03-30,110750,1,4,0,80.0
10109802LEMOSF_2026-03-30_G03,10109802LEMOSF,2026-03-30,110711,1,2,0,226.0
10109802LEMOSF_2026-03-30_G04,10109802LEMOSF,2026-03-30,117855,1,12,0,143.0
10109802LEMOSF_2026-03-30_G05,10109802LEMOSF,2026-03-30,140923,1,4,0,160.0
10109802LEMOSF_2026-03-30_G06,10109802LEMOSF,2026-03-30,111879,1,2,0,176.0
10109802LEMOSF_2026-03-30_G07,10109802LEMOSF,2026-03-30,117856,1,8,0,32.0
10109802LEMOSF_2026-03-30_G08,10109802LEMOSF,2026-03-30,111530,1,4,0,173.0
10109802LEMOSF_2026-03-30_G09,10109802LEMOSF,2026-03-30,117862,1,2,0,103.0
10109802LEMOSF_2026-03-30_G10,10109802LEMOSF,2026-03-30,111435,1,2,0,289.0
10109802LEMOSF_2026-03-30_G11,10109802LEMOSF,2026-03-30,140922,1,12,0,235.0
10109802LEMOSF_2026-03-30_G12,10109802LEMOSF,2026-03-30,111348,1,3,0,261.0
10109802LEMOSF_2026-03-30_G13,10109802LEMOSF,2026-03-30,105705,1,3,0,127.0
10109802LEMOSF_2026-03-30_G14,10109802LEMOSF,2026-03-30,110787,1,5,0,75.0
10109802LEMOSF_2026-03-30_G15,10109802LEMOSF,2026-03-30,142093,1,8,0,164.0
10109802LEMOSF_2026-03-30_G16,10109802LEMOSF,2026-03-30,110374,1,8,0,356.0
10109802LEMOSF_2026-03-30_G17,10109802LEMOSF,2026-03-30,117809,1,6,0,143.0
10109802LEMOSF_2026-03-30_G18,10109802LEMOSF,2026-03-30,117820,1,8,0,75.0
10109802LEMOSF_2026-03-30_G19,10109802LEMOSF,2026-03-30,110373,1,30,0,123.0
10109802LEMOSF_2026-03-30_G20,10109802LEMOSF,2026-03-30,110372,1,8,0,261.0
10109802LEMOSF_2026-03-30_G21,10109802LEMOSF,2026-03-30,110325,1,4,0,69.0
10109802LEMOSF_2026-03-30_G22,10109802LEMOSF,2026-03-30,117808,1,16,0,120.0
10109802LEMOSF_2026-03-30_G23,10109802LEMOSF,2026-03-30,110371,1,8,0,216.0
10109802LEMOSF_2026-03-30_G24,10109802LEMOSF,2026-03-30,110895,1,6,0,1929.0
10109802LEMOSF_2026-03-30_G25,10109802LEMOSF,2026-03-30,110711,1,1,0,142.0
10109802LEMOSF_2026-03-30_G26,10109802LEMOSF,2026-03-30,111439,1,3,0,80.0
10109802LEMOSF_2026-03-30_G27,10109802LEMOSF,2026-03-30,117841,1,3,0,331.0
10109802LEMOSF_2026-03-30_G28,10109802LEMOSF,2026-03-30,110374,1,20,0,110.0
10109802LEMOSF_2026-03-30_G30,10109802LEMOSF,2026-03-30,111463,1,10,0,202.0
10109802LEMOSF_2026-03-30_G31,10109802LEMOSF,2026-03-30,111602,1,4,0,95.0
10109802LEMOSF_2026-03-30_G33,10109802LEMOSF,2026-03-30,110374,1,150,0,268.0
10109802LEMOSF_2026-03-30_G34,10109802LEMOSF,2026-03-30,117820,1,150,0,1049.0
10109802LEMOSF_2026-03-30_G35,10109802LEMOSF,2026-03-30,110325,1,40,0,122.0
10109802LEMOSF_2026-03-30_G36,10109802LEMOSF,2026-03-30,109643,1,20,0,351.0
10109802LEMOSF_2026-03-30_G37,10109802LEMOSF,2026-03-30,117832,2,90,12,102.0
10109802LEMOSF_2026-03-30_G38,10109802LEMOSF,2026-03-30,117822,1,20,0,534.0
10109802LEMOSF_2026-03-31_G02,10109802LEMOSF,2026-03-31,117786,2,15,9,409.0
10109802LEMOSF_2026-03-31_G03,10109802LEMOSF,2026-03-31,107629,2,4,7,154.0
10109802LEMOSF_2026-03-31_G04,10109802LEMOSF,2026-03-31,117855,2,42,9,146.0
10109802LEMOSF_2026-03-31_G05,10109802LEMOSF,2026-03-31,140923,1,34,0,638.0
10109802LEMOSF_2026-03-31_G06,10109802LEMOSF,2026-03-31,117856,2,32,8,96.0
10109802LEMOSF_2026-03-31_G07,10109802LEMOSF,2026-03-31,117837,1,8,0,83.0
10109802LEMOSF_2026-03-31_G08,10109802LEMOSF,2026-03-31,117861,4,20,24,186.0
10109802LEMOSF_2026-03-31_G09,10109802LEMOSF,2026-03-31,109640,1,12,0,260.0
10109802LEMOSF_2026-03-31_G10,10109802LEMOSF,2026-03-31,111602,1,1,0,396.0
10109802LEMOSF_2026-03-31_G11,10109802LEMOSF,2026-03-31,117862,2,7,8,64.0
10109802LEMOSF_2026-03-31_G12,10109802LEMOSF,2026-03-31,140923,2,21,14,101.0
10109802LEMOSF_2026-03-31_G13,10109802LEMOSF,2026-03-31,110895,1,4,0,1287.0
10109802LEMOSF_2026-03-31_G14,10109802LEMOSF,2026-03-31,108711,1,5,0,138.0
10109802LEMOSF_2026-03-31_G15,10109802LEMOSF,2026-03-31,117786,1,2,0,99.0
10109802LEMOSF_2026-03-31_G16,10109802LEMOSF,2026-03-31,111602,1,12,0,142.0
10109802LEMOSF_2026-03-31_G17,10109802LEMOSF,2026-03-31,110895,1,2,0,615.0
10109802LEMOSF_2026-03-31_G18,10109802LEMOSF,2026-03-31,111602,1,2,0,120.0
10109802LEMOSF_2026-03-31_G19,10109802LEMOSF,2026-03-31,111463,1,8,0,87.0
10109802LEMOSF_2026-03-31_G20,10109802LEMOSF,2026-03-31,117786,1,2,0,159.0
10109802LEMOSF_2026-03-31_G21,10109802LEMOSF,2026-03-31,111602,1,10,0,205.0
10109802LEMOSF_2026-03-31_G22,10109802LEMOSF,2026-03-31,111463,1,2,0,422.0
10109802LEMOSF_2026-03-31_G23,10109802LEMOSF,2026-03-31,108711,1,4,0,173.0
10109802LEMOSF_2026-03-31_G24,10109802LEMOSF,2026-03-31,110895,1,2,0,134.0
10109802LEMOSF_2026-03-31_G25,10109802LEMOSF,2026-03-31,110895,1,3,0,51.0
10109802LEMOSF_2026-03-31_G26,10109802LEMOSF,2026-03-31,111172,2,12,6,195.0
10109802LEMOSF_2026-03-31_G27,10109802LEMOSF,2026-03-31,108794,1,1,0,127.0
10109802LEMOSF_2026-03-31_G28,10109802LEMOSF,2026-03-31,108711,2,9,8,91.0
10109802LEMOSF_2026-03-31_G29,10109802LEMOSF,2026-03-31,110895,1,4,0,126.0
10109802LEMOSF_2026-03-31_G30,10109802LEMOSF,2026-03-31,109645,1,4,0,1155.0
10109802LEMOSF_2026-03-31_G31,10109802LEMOSF,2026-03-31,111444,2,44,23,75.0
10109802LEMOSF_2026-03-31_G32,10109802LEMOSF,2026-03-31,111172,2,10,15,122.0
10109802LEMOSF_2026-03-31_G33,10109802LEMOSF,2026-03-31,111532,1,12,0,311.0
10109802LEMOSF_2026-03-31_G34,10109802LEMOSF,2026-03-31,110787,1,10,0,121.0
10109802LEMOSF_2026-03-31_G35,10109802LEMOSF,2026-03-31,117786,1,10,0,98.0
10109802LEMOSF_2026-03-31_G36,10109802LEMOSF,2026-03-31,111602,2,9,6,96.0
10109802LEMOSF_2026-03-31_G37,10109802LEMOSF,2026-03-31,111435,1,19,0,1355.0
10109802LEMOSF_2026-03-31_G38,10109802LEMOSF,2026-03-31,111330,1,2,0,735.0
10109802LEMOSF_2026-03-31_G39,10109802LEMOSF,2026-03-31,109645,1,6,0,113.0
10109802LEMOSF_2026-03-31_G41,10109802LEMOSF,2026-03-31,141456,2,7,6,644.0
10109802LEMOSF_2026-03-31_G42,10109802LEMOSF,2026-03-31,111172,1,4,0,398.0
10109802LEMOSF_2026-03-31_G43,10109802LEMOSF,2026-03-31,141271,3,18,17,93.0
10109802LEMOSF_2026-03-31_G44,10109802LEMOSF,2026-03-31,117838,1,1,0,149.0
10109802LEMOSF_2026-03-31_G45,10109802LEMOSF,2026-03-31,109641,1,5,0,53.0
10109802LEMOSF_2026-03-31_G46,10109802LEMOSF,2026-03-31,111532,2,7,9,147.0
10109802LEMOSF_2026-03-31_G47,10109802LEMOSF,2026-03-31,142093,3,15,14,529.0
10109802LEMOSF_2026-03-31_G48,10109802LEMOSF,2026-03-31,110740,1,5,0,275.0
10109802LEMOSF_2026-03-31_G49,10109802LEMOSF,2026-03-31,110129,1,1,0,105.0
10109802LEMOSF_2026-03-31_G50,10109802LEMOSF,2026-03-31,111442,1,3,0,270.0
10109802LEMOSF_2026-03-31_G52,10109802LEMOSF,2026-03-31,117855,1,8,0,199.0
10109802LEMOSF_2026-04-07_G02,10109802LEMOSF,2026-04-07,111466,1,14,0,226.0
10109802LEMOSF_2026-04-07_G03,10109802LEMOSF,2026-04-07,140922,2,7,7,147.0
10109802LEMOSF_2026-04-07_G04,10109802LEMOSF,2026-04-07,108795,1,2,0,305.0
10109802LEMOSF_2026-04-07_G05,10109802LEMOSF,2026-04-07,105705,1,10,0,90.0
10109802LEMOSF_2026-04-07_G06,10109802LEMOSF,2026-04-07,"109641, 111532",2,16,22,118.0
10109802LEMOSF_2026-04-07_G07,10109802LEMOSF,2026-04-07,108711,2,5,9,274.0
10109802LEMOSF_2026-04-07_G08,10109802LEMOSF,2026-04-07,117820,1,34,0,690.0
10109802LEMOSF_2026-04-07_G09,10109802LEMOSF,2026-04-07,118299,1,100,0,281.0
10109802LEMOSF_2026-04-07_G10,10109802LEMOSF,2026-04-07,110376,2,36,10,360.0
10109802LEMOSF_2026-04-07_G11,10109802LEMOSF,2026-04-07,117862,1,6,0,1186.0
10109802LEMOSF_2026-04-07_G12,10109802LEMOSF,2026-04-07,118094,2,6,6,158.0
10109802LEMOSF_2026-04-08_G02,10109802LEMOSF,2026-04-08,111438,1,8,0,422.0
10109802LEMOSF_2026-04-08_G03,10109802LEMOSF,2026-04-08,111418,1,15,0,476.0
10109802LEMOSF_2026-04-08_G04,10109802LEMOSF,2026-04-08,142045,1,2,0,430.0
10109802LEMOSF_2026-04-08_G05,10109802LEMOSF,2026-04-08,117833,1,8,0,230.0
10109802LEMOSF_2026-04-08_G06,10109802LEMOSF,2026-04-08,118364,1,12,0,431.0
10109802LEMOSF_2026-04-08_G07,10109802LEMOSF,2026-04-08,109640,1,15,0,102.0
10109803CARVALHOV_2025-04-11_G02,10109803CARVALHOV,2025-04-11,124370,1,10,0,629.0
10109803CARVALHOV_2025-04-11_G03,10109803CARVALHOV,2025-04-11,124370,1,6,0,204.0
10109803CARVALHOV_2025-04-11_G04,10109803CARVALHOV,2025-04-11,124475,1,14,0,522.0
10109803CARVALHOV_2025-04-11_G05,10109803CARVALHOV,2025-04-11,124371,1,12,0,280.0
10109803CARVALHOV_2025-04-11_G06,10109803CARVALHOV,2025-04-11,124370,1,4,0,315.0
10109803CARVALHOV_2025-04-11_G07,10109803CARVALHOV,2025-04-11,124370,1,10,0,1452.0
10109803CARVALHOV_2025-04-11_G08,10109803CARVALHOV,2025-04-11,124370,1,16,0,1655.0
10109803CARVALHOV_2025-04-11_G09,10109803CARVALHOV,2025-04-11,123344,1,8,0,607.0
10109803CARVALHOV_2025-04-11_G10,10109803CARVALHOV,2025-04-11,121760,1,20,0,396.0
10109803CARVALHOV_2025-04-11_G11,10109803CARVALHOV,2025-04-11,123822,1,20,0,113.0
10109803CARVALHOV_2025-04-29_G02,10109803CARVALHOV,2025-04-29,122962,1,10,0,70.0
10109803CARVALHOV_2025-04-29_G03,10109803CARVALHOV,2025-04-29,122962,1,10,0,75.0
10109803CARVALHOV_2025-04-29_G04,10109803CARVALHOV,2025-04-29,122962,1,6,0,57.0
10109803CARVALHOV_2025-04-29_G05,10109803CARVALHOV,2025-04-29,121760,1,3,0,201.0
10109803CARVALHOV_2025-04-29_G06,10109803CARVALHOV,2025-04-29,121760,1,5,0,234.0
10109803CARVALHOV_2025-04-29_G07,10109803CARVALHOV,2025-04-29,124370,1,4,0,181.0
10109803CARVALHOV_2025-04-29_G08,10109803CARVALHOV,2025-04-29,124486,1,14,0,412.0
10109803CARVALHOV_2025-04-29_G09,10109803CARVALHOV,2025-04-29,121651,1,12,0,477.0
10109803CARVALHOV_2025-04-29_G10,10109803CARVALHOV,2025-04-29,124371,1,12,0,351.0
10109803CARVALHOV_2025-04-29_G11,10109803CARVALHOV,2025-04-29,123560,1,4,0,83.0
10109803CARVALHOV_2025-04-29_G12,10109803CARVALHOV,2025-04-29,181235,1,2,0,336.0
10109803CARVALHOV_2025-04-29_G13,10109803CARVALHOV,2025-04-29,180054,1,2,0,200.0
10109803CARVALHOV_2025-04-29_G14,10109803CARVALHOV,2025-04-29,181887,1,2,0,398.0
10109803CARVALHOV_2025-04-29_G15,10109803CARVALHOV,2025-04-29,123343,1,19,0,788.0
10109803CARVALHOV_2025-04-29_G16,10109803CARVALHOV,2025-04-29,123345,1,11,0,192.0
10109803CARVALHOV_2025-04-29_G17,10109803CARVALHOV,2025-04-29,122983,1,5,0,172.0
10109803CARVALHOV_2025-04-29_G18,10109803CARVALHOV,2025-04-29,120028,1,6,0,299.0
10109803CARVALHOV_2025-04-29_G19,10109803CARVALHOV,2025-04-29,124247,1,20,0,308.0
10109803CARVALHOV_2025-04-29_G20,10109803CARVALHOV,2025-04-29,124247,1,12,0,308.0
10109803CARVALHOV_2025-04-29_G21,10109803CARVALHOV,2025-04-29,180420,1,2,0,229.0
10109803CARVALHOV_2025-04-29_G22,10109803CARVALHOV,2025-04-29,181906,1,4,0,167.0
10109803CARVALHOV_2025-04-29_G23,10109803CARVALHOV,2025-04-29,123947,1,2,0,1563.0
10109803CARVALHOV_2025-04-29_G24,10109803CARVALHOV,2025-04-29,122962,1,5,0,191.0
10109803CARVALHOV_2025-04-29_G25,10109803CARVALHOV,2025-04-29,124247,1,4,0,204.0
10109803CARVALHOV_2025-04-29_G26,10109803CARVALHOV,2025-04-29,180054,1,4,0,3159.0
10109803CARVALHOV_2025-04-29_G27,10109803CARVALHOV,2025-04-29,180554,1,6,0,399.0
10109803CARVALHOV_2025-04-29_G28,10109803CARVALHOV,2025-04-29,180554,1,6,0,69.0
10109803CARVALHOV_2025-04-29_G29,10109803CARVALHOV,2025-04-29,122981,1,10,0,282.0
10109803CARVALHOV_2025-04-29_G30,10109803CARVALHOV,2025-04-29,121923,1,2,0,59.0
10109803CARVALHOV_2025-04-29_G31,10109803CARVALHOV,2025-04-29,122671,1,4,0,283.0
10109803CARVALHOV_2025-04-29_G32,10109803CARVALHOV,2025-04-29,124476,1,4,0,105.0
10109803CARVALHOV_2025-04-29_G33,10109803CARVALHOV,2025-04-29,124370,1,4,0,134.0
10109803CARVALHOV_2025-04-29_G34,10109803CARVALHOV,2025-04-29,124371,1,4,0,121.0
10109803CARVALHOV_2025-04-29_G35,10109803CARVALHOV,2025-04-29,122985,1,4,0,672.0
10109803CARVALHOV_2025-04-29_G36,10109803CARVALHOV,2025-04-29,122962,1,16,0,415.0
10109803CARVALHOV_2025-04-29_G37,10109803CARVALHOV,2025-04-29,122671,1,20,0,568.0
10109803CARVALHOV_2025-04-29_G38,10109803CARVALHOV,2025-04-29,122673,1,12,0,499.0
10109803CARVALHOV_2025-04-29_G39,10109803CARVALHOV,2025-04-29,122647,1,40,0,665.0
10109803CARVALHOV_2025-04-29_G41,10109803CARVALHOV,2025-04-29,120028,1,22,0,419.0
10109803CARVALHOV_2025-04-29_G42,10109803CARVALHOV,2025-04-29,124486,1,4,0,398.0
10109803CARVALHOV_2025-04-29_G43,10109803CARVALHOV,2025-04-29,123909,1,8,0,89.0
10109803CARVALHOV_2025-04-29_G44,10109803CARVALHOV,2025-04-29,122962,1,12,0,588.0
10109803CARVALHOV_2025-04-29_G45,10109803CARVALHOV,2025-04-29,121760,1,48,0,1376.0
10109803CARVALHOV_2025-04-29_G46,10109803CARVALHOV,2025-04-29,124475,1,6,0,84.0
10109803CARVALHOV_2025-04-29_G47,10109803CARVALHOV,2025-04-29,122703,1,12,0,121.0
10109803CARVALHOV_2025-04-29_G48,10109803CARVALHOV,2025-04-29,121651,1,16,0,841.0
10109803CARVALHOV_2025-04-29_G49,10109803CARVALHOV,2025-04-29,120028,1,34,0,824.0
10109803CARVALHOV_2025-04-29_G50,10109803CARVALHOV,2025-04-29,120028,1,6,0,96.0
10109803CARVALHOV_2025-04-29_G51,10109803CARVALHOV,2025-04-29,120028,1,22,0,306.0
10109803CARVALHOV_2025-04-29_G52,10109803CARVALHOV,2025-04-29,120339,1,6,0,172.0
10109803CARVALHOV_2025-04-29_G53,10109803CARVALHOV,2025-04-29,124371,1,42,0,1167.0
10109803CARVALHOV_2025-04-29_G54,10109803CARVALHOV,2025-04-29,123344,1,24,0,1231.0
10109803CARVALHOV_2025-04-29_G55,10109803CARVALHOV,2025-04-29,123344,1,30,0,410.0
10109803CARVALHOV_2025-04-29_G56,10109803CARVALHOV,2025-04-29,123313,1,6,0,242.0
10109803CARVALHOV_2025-04-29_G57,10109803CARVALHOV,2025-04-29,123345,1,12,0,98.0
10109803CARVALHOV_2025-04-30_G02,10109803CARVALHOV,2025-04-30,122985,1,8,0,479.0
10109803CARVALHOV_2025-04-30_G03,10109803CARVALHOV,2025-04-30,123344,1,18,0,740.0
10109803CARVALHOV_2025-04-30_G04,10109803CARVALHOV,2025-04-30,123343,1,1,0,356.0
10109803CARVALHOV_2025-04-30_G05,10109803CARVALHOV,2025-04-30,123345,1,20,0,417.0
10109803CARVALHOV_2025-04-30_G06,10109803CARVALHOV,2025-04-30,120389,1,4,0,1606.0
10109803CARVALHOV_2025-04-30_G07,10109803CARVALHOV,2025-04-30,123343,1,4,0,342.0
10109803CARVALHOV_2025-04-30_G08,10109803CARVALHOV,2025-04-30,123345,1,6,0,96.0
10109803CARVALHOV_2025-04-30_G09,10109803CARVALHOV,2025-04-30,122673,1,20,0,323.0
10109803CARVALHOV_2025-04-30_G10,10109803CARVALHOV,2025-04-30,122985,1,1,0,398.0
10109803CARVALHOV_2025-04-30_G11,10109803CARVALHOV,2025-04-30,122985,1,3,0,120.0
10109803CARVALHOV_2025-04-30_G12,10109803CARVALHOV,2025-04-30,124247,1,6,0,407.0
10109803CARVALHOV_2025-04-30_G13,10109803CARVALHOV,2025-04-30,123153,1,10,0,365.0
10109803CARVALHOV_2025-04-30_G14,10109803CARVALHOV,2025-04-30,123889,1,6,0,728.0
10109803CARVALHOV_2025-04-30_G15,10109803CARVALHOV,2025-04-30,124477,1,8,0,1180.0
10109803CARVALHOV_2025-04-30_G16,10109803CARVALHOV,2025-04-30,124247,1,10,0,110.0
10109803CARVALHOV_2025-04-30_G17,10109803CARVALHOV,2025-04-30,124247,1,5,0,142.0
10109803CARVALHOV_2025-04-30_G18,10109803CARVALHOV,2025-04-30,121651,1,6,0,379.0
10109803CARVALHOV_2025-04-30_G19,10109803CARVALHOV,2025-04-30,122985,1,6,0,2635.0
10109803CARVALHOV_2025-04-30_G20,10109803CARVALHOV,2025-04-30,121760,1,10,0,566.0
10109803CARVALHOV_2025-04-30_G21,10109803CARVALHOV,2025-04-30,123153,1,10,0,467.0
10109803CARVALHOV_2025-04-30_G22,10109803CARVALHOV,2025-04-30,123153,1,12,0,718.0
10109803CARVALHOV_2025-04-30_G23,10109803CARVALHOV,2025-04-30,124248,1,6,0,155.0
10109803CARVALHOV_2025-04-30_G24,10109803CARVALHOV,2025-04-30,124371,1,2,0,81.0
10109803CARVALHOV_2025-04-30_G25,10109803CARVALHOV,2025-04-30,124247,1,60,0,694.0
10109803CARVALHOV_2025-04-30_G26,10109803CARVALHOV,2025-04-30,121760,1,10,0,341.0
10109803CARVALHOV_2025-04-30_G27,10109803CARVALHOV,2025-04-30,121651,1,14,0,697.0
10109803CARVALHOV_2025-04-30_G28,10109803CARVALHOV,2025-04-30,124247,1,2,0,110.0
10109803CARVALHOV_2025-04-30_G30,10109803CARVALHOV,2025-04-30,111465,1,36,0,380.0
10109803CARVALHOV_2025-04-30_G31,10109803CARVALHOV,2025-04-30,118004,1,57,0,888.0
10109803CARVALHOV_2025-04-30_G32,10109803CARVALHOV,2025-04-30,118004,1,7,0,211.0
10109803CARVALHOV_2025-04-30_G33,10109803CARVALHOV,2025-04-30,108794,1,20,0,354.0
10109803CARVALHOV_2025-04-30_G34,10109803CARVALHOV,2025-04-30,117838,1,36,0,871.0
10109803CARVALHOV_2025-04-30_G35,10109803CARVALHOV,2025-04-30,110740,1,12,0,302.0
10109803CARVALHOV_2025-04-30_G36,10109803CARVALHOV,2025-04-30,110745,1,20,0,236.0
10109803CARVALHOV_2025-05-10_G02,10109803CARVALHOV,2025-05-10,122962,1,48,0,484.0
10109803CARVALHOV_2025-05-10_G03,10109803CARVALHOV,2025-05-10,123153,1,120,0,2556.0
10109803CARVALHOV_2025-05-10_G04,10109803CARVALHOV,2025-05-10,124264,1,30,0,491.0
10109803CARVALHOV_2025-05-12_G02,10109803CARVALHOV,2025-05-12,107830,1,12,0,261.0
10109803CARVALHOV_2025-05-12_G03,10109803CARVALHOV,2025-05-12,141202,1,20,0,491.0
10109803CARVALHOV_2025-05-12_G05,10109803CARVALHOV,2025-05-12,111441,1,4,0,1112.0
10109803CARVALHOV_2025-05-12_G06,10109803CARVALHOV,2025-05-12,111438,1,4,0,215.0
10109803CARVALHOV_2025-05-12_G07,10109803CARVALHOV,2025-05-12,110895,1,4,0,69.0
10109803CARVALHOV_2025-05-12_G08,10109803CARVALHOV,2025-05-12,111530,1,4,0,357.0
10109803CARVALHOV_2025-05-12_G09,10109803CARVALHOV,2025-05-12,111444,1,1,0,485.0
10109803CARVALHOV_2025-05-12_G10,10109803CARVALHOV,2025-05-12,111435,1,2,0,130.0
10109803CARVALHOV_2025-05-12_G11,10109803CARVALHOV,2025-05-12,111469,1,6,0,225.0
10109803CARVALHOV_2025-05-12_G12,10109803CARVALHOV,2025-05-12,111462,1,4,0,77.0
10109803CARVALHOV_2025-05-12_G13,10109803CARVALHOV,2025-05-12,140922,1,2,0,109.0
10109803CARVALHOV_2025-05-12_G14,10109803CARVALHOV,2025-05-12,117821,1,4,0,70.0
10109803CARVALHOV_2025-05-12_G15,10109803CARVALHOV,2025-05-12,111466,1,6,0,86.0
10109803CARVALHOV_2025-05-12_G16,10109803CARVALHOV,2025-05-12,111442,1,4,0,110.0
10109803CARVALHOV_2025-05-12_G17,10109803CARVALHOV,2025-05-12,110325,1,4,0,155.0
10109803CARVALHOV_2025-05-12_G18,10109803CARVALHOV,2025-05-12,117820,1,8,0,185.0
10109803CARVALHOV_2025-05-12_G19,10109803CARVALHOV,2025-05-12,118299,1,16,0,633.0
10109803CARVALHOV_2025-05-12_G20,10109803CARVALHOV,2025-05-12,110373,1,19,0,196.0
10109803CARVALHOV_2025-05-12_G21,10109803CARVALHOV,2025-05-12,110374,1,4,0,370.0
10109803CARVALHOV_2025-05-12_G22,10109803CARVALHOV,2025-05-12,110372,1,8,0,1294.0
10109803CARVALHOV_2025-05-12_G23,10109803CARVALHOV,2025-05-12,110371,1,20,0,212.0
10109803CARVALHOV_2025-05-12_G24,10109803CARVALHOV,2025-05-12,117808,1,40,0,544.0
10109803CARVALHOV_2025-05-12_G25,10109803CARVALHOV,2025-05-12,140911,1,2,0,126.0
10109803CARVALHOV_2025-05-29_G02,10109803CARVALHOV,2025-05-29,124370,1,180,0,1468.0
10109803CARVALHOV_2025-05-31_G02,10109803CARVALHOV,2025-05-31,100334,1,4,0,257.0
10109803CARVALHOV_2025-05-31_G03,10109803CARVALHOV,2025-05-31,118299,1,12,0,124.0
10109803CARVALHOV_2025-05-31_G04,10109803CARVALHOV,2025-05-31,110339,1,1,0,298.0
10109803CARVALHOV_2025-05-31_G05,10109803CARVALHOV,2025-05-31,111602,1,20,0,1464.0
10109803CARVALHOV_2025-05-31_G06,10109803CARVALHOV,2025-05-31,110787,1,8,0,260.0
10109803CARVALHOV_2025-05-31_G07,10109803CARVALHOV,2025-05-31,111569,1,4,0,413.0
10109803CARVALHOV_2025-05-31_G08,10109803CARVALHOV,2025-05-31,110787,1,14,0,456.0
10109803CARVALHOV_2025-05-31_G09,10109803CARVALHOV,2025-05-31,110895,1,4,0,391.0
10109803CARVALHOV_2025-05-31_G10,10109803CARVALHOV,2025-05-31,108794,1,1,0,268.0
10109803CARVALHOV_2025-05-31_G12,10109803CARVALHOV,2025-05-31,140911,1,2,0,517.0
10109803CARVALHOV_2025-05-31_G14,10109803CARVALHOV,2025-05-31,111660,1,4,0,386.0
10109803CARVALHOV_2025-05-31_G15,10109803CARVALHOV,2025-05-31,111463,1,6,0,258.0
10109803CARVALHOV_2025-05-31_G16,10109803CARVALHOV,2025-05-31,111418,1,14,0,367.0
10109803CARVALHOV_2025-05-31_G17,10109803CARVALHOV,2025-05-31,110373,1,4,0,537.0
10109803CARVALHOV_2025-05-31_G18,10109803CARVALHOV,2025-05-31,110372,1,4,0,578.0
10109803CARVALHOV_2025-05-31_G19,10109803CARVALHOV,2025-05-31,118299,1,9,0,261.0
10109803CARVALHOV_2025-05-31_G20,10109803CARVALHOV,2025-05-31,117820,1,15,0,913.0
10109803CARVALHOV_2025-05-31_G21,10109803CARVALHOV,2025-05-31,111602,1,7,0,299.0
10109803CARVALHOV_2025-05-31_G22,10109803CARVALHOV,2025-05-31,118140,1,5,0,112.0
10109803CARVALHOV_2025-05-31_G23,10109803CARVALHOV,2025-05-31,116241,1,2,0,138.0
10109803CARVALHOV_2025-06-24_G02,10109803CARVALHOV,2025-06-24,108711,1,10,0,137.0
10109803CARVALHOV_2025-06-24_G03,10109803CARVALHOV,2025-06-24,140922,1,10,0,137.0
10109803CARVALHOV_2025-06-24_G04,10109803CARVALHOV,2025-06-24,111466,1,10,0,121.0
10109803CARVALHOV_2025-06-24_G05,10109803CARVALHOV,2025-06-24,117831,1,11,0,160.0
10109803CARVALHOV_2025-06-24_G06,10109803CARVALHOV,2025-06-24,111172,1,31,0,411.0
10109803CARVALHOV_2025-06-24_G07,10109803CARVALHOV,2025-06-24,111532,1,10,0,107.0
10109803CARVALHOV_2025-06-24_G08,10109803CARVALHOV,2025-06-24,109641,1,10,0,210.0
10109803CARVALHOV_2025-06-24_G09,10109803CARVALHOV,2025-06-24,111330,1,5,0,147.0
10109803CARVALHOV_2025-06-24_G10,10109803CARVALHOV,2025-06-24,109645,1,7,0,174.0
10109803CARVALHOV_2025-06-24_G11,10109803CARVALHOV,2025-06-24,117787,1,6,0,148.0
10109803CARVALHOV_2025-06-24_G12,10109803CARVALHOV,2025-06-24,111418,1,43,0,609.0
10109803CARVALHOV_2025-06-24_G13,10109803CARVALHOV,2025-06-24,118140,1,31,0,413.0
10109803CARVALHOV_2025-06-24_G14,10109803CARVALHOV,2025-06-24,118094,1,6,0,355.0
10109803CARVALHOV_2025-06-24_G15,10109803CARVALHOV,2025-06-24,110339,1,5,0,87.0
10109803CARVALHOV_2025-06-24_G16,10109803CARVALHOV,2025-06-24,110515,1,40,0,814.0
10109803CARVALHOV_2025-06-24_G17,10109803CARVALHOV,2025-06-24,141047,1,12,0,139.0
10109803CARVALHOV_2025-06-24_G18,10109803CARVALHOV,2025-06-24,117855,1,20,0,429.0
10109803CARVALHOV_2025-06-24_G19,10109803CARVALHOV,2025-06-24,110313,1,20,0,194.0
10109803CARVALHOV_2025-06-24_G20,10109803CARVALHOV,2025-06-24,108772,1,4,0,111.0
10109803CARVALHOV_2025-06-24_G21,10109803CARVALHOV,2025-06-24,110733,1,20,0,497.0
10109803CARVALHOV_2025-06-24_G22,10109803CARVALHOV,2025-06-24,111530,1,20,0,508.0
10109803CARVALHOV_2025-06-24_G23,10109803CARVALHOV,2025-06-24,117935,1,10,0,847.0
10109803CARVALHOV_2025-06-24_G24,10109803CARVALHOV,2025-06-24,110747,1,7,0,410.0
10109803CARVALHOV_2025-06-24_G25,10109803CARVALHOV,2025-06-24,100334,1,4,0,163.0
10109803CARVALHOV_2025-06-24_G26,10109803CARVALHOV,2025-06-24,117836,1,4,0,124.0
10109803CARVALHOV_2025-06-24_G27,10109803CARVALHOV,2025-06-24,118222,1,30,0,542.0
10109803CARVALHOV_2025-06-24_G28,10109803CARVALHOV,2025-06-24,109640,1,2,0,1491.0
10109803CARVALHOV_2025-06-24_G29,10109803CARVALHOV,2025-06-24,140922,1,4,0,163.0
10109803CARVALHOV_2025-06-24_G30,10109803CARVALHOV,2025-06-24,141823,1,4,0,155.0
10109803CARVALHOV_2025-06-24_G31,10109803CARVALHOV,2025-06-24,111348,1,4,0,163.0
10109803CARVALHOV_2025-06-24_G33,10109803CARVALHOV,2025-06-24,111752,1,3,0,1036.0
10109803CARVALHOV_2025-06-24_G34,10109803CARVALHOV,2025-06-24,117862,1,15,0,441.0
10109803CARVALHOV_2025-06-24_G35,10109803CARVALHOV,2025-06-24,110515,1,5,0,159.0
10109803CARVALHOV_2025-06-24_G36,10109803CARVALHOV,2025-06-24,111467,1,4,0,150.0
10109803CARVALHOV_2025-06-24_G37,10109803CARVALHOV,2025-06-24,110733,1,4,0,99.0
10109803CARVALHOV_2025-06-24_G38,10109803CARVALHOV,2025-06-24,111530,1,7,0,156.0
10109803CARVALHOV_2025-06-24_G39,10109803CARVALHOV,2025-06-24,117935,1,3,0,152.0
10109803CARVALHOV_2025-06-24_G40,10109803CARVALHOV,2025-06-24,111736,1,10,0,520.0
10109803CARVALHOV_2025-06-24_G41,10109803CARVALHOV,2025-06-24,111729,1,19,0,362.0
10109803CARVALHOV_2025-06-24_G42,10109803CARVALHOV,2025-06-24,110372,1,52,0,576.0
10109803CARVALHOV_2025-06-24_G43,10109803CARVALHOV,2025-06-24,117833,1,15,0,110.0
10109803CARVALHOV_2025-06-24_G44,10109803CARVALHOV,2025-06-24,110787,1,14,0,416.0
10109803CARVALHOV_2025-06-24_G45,10109803CARVALHOV,2025-06-24,118140,1,9,0,95.0
10109803CARVALHOV_2025-06-24_G46,10109803CARVALHOV,2025-06-24,117808,1,160,0,1964.0
10109803CARVALHOV_2025-06-24_G47,10109803CARVALHOV,2025-06-24,118094,1,4,0,826.0
10109803CARVALHOV_2025-06-24_G48,10109803CARVALHOV,2025-06-24,117786,1,4,0,75.0
10109803CARVALHOV_2025-06-24_G49,10109803CARVALHOV,2025-06-24,111530,1,4,0,108.0
10109803CARVALHOV_2025-06-24_G50,10109803CARVALHOV,2025-06-24,109643,1,20,0,589.0
10109803CARVALHOV_2025-06-24_G51,10109803CARVALHOV,2025-06-24,117830,1,30,0,300.0
10109803CARVALHOV_2025-06-30_G02,10109803CARVALHOV,2025-06-30,109643,1,4,0,144.0
10109803CARVALHOV_2025-06-30_G03,10109803CARVALHOV,2025-06-30,108361,1,4,0,255.0
10109803CARVALHOV_2025-06-30_G04,10109803CARVALHOV,2025-06-30,117808,1,17,0,901.0
10109803CARVALHOV_2025-06-30_G05,10109803CARVALHOV,2025-06-30,111602,1,50,0,2528.0
10109803CARVALHOV_2025-06-30_G06,10109803CARVALHOV,2025-06-30,110752,1,10,0,129.0
10109803CARVALHOV_2025-06-30_G07,10109803CARVALHOV,2025-06-30,111469,1,19,0,508.0
10109803CARVALHOV_2025-06-30_G08,10109803CARVALHOV,2025-06-30,117838,1,16,0,163.0
10109803CARVALHOV_2025-06-30_G09,10109803CARVALHOV,2025-06-30,111172,1,16,0,191.0
10109803CARVALHOV_2025-06-30_G10,10109803CARVALHOV,2025-06-30,110787,1,31,0,1014.0
10109803CARVALHOV_2025-06-30_G11,10109803CARVALHOV,2025-06-30,110325,1,2,0,101.0
10109803CARVALHOV_2025-06-30_G12,10109803CARVALHOV,2025-06-30,117808,1,200,0,737.0
10109803CARVALHOV_2025-06-30_G13,10109803CARVALHOV,2025-06-30,107830,1,50,0,699.0
10109803CARVALHOV_2025-06-30_G14,10109803CARVALHOV,2025-06-30,117830,1,28,0,327.0
10109803CARVALHOV_2025-06-30_G15,10109803CARVALHOV,2025-06-30,111330,1,36,0,708.0
10109803CARVALHOV_2025-06-30_G16,10109803CARVALHOV,2025-06-30,110747,1,4,0,982.0
10109803CARVALHOV_2025-06-30_G17,10109803CARVALHOV,2025-06-30,111850,1,10,0,126.0
10109803CARVALHOV_2025-06-30_G18,10109803CARVALHOV,2025-06-30,110749,1,1,0,97.0
10109803CARVALHOV_2025-06-30_G19,10109803CARVALHOV,2025-06-30,110895,1,7,0,169.0
10109803CARVALHOV_2025-06-30_G21,10109803CARVALHOV,2025-06-30,111569,1,4,0,119.0
10109803CARVALHOV_2025-06-30_G22,10109803CARVALHOV,2025-06-30,108770,1,2,0,89.0
10109803CARVALHOV_2025-06-30_G23,10109803CARVALHOV,2025-06-30,107892,1,2,0,256.0
10109803CARVALHOV_2025-06-30_G24,10109803CARVALHOV,2025-06-30,107892,1,2,0,47.0
10109803CARVALHOV_2025-06-30_G25,10109803CARVALHOV,2025-06-30,111850,1,8,0,453.0
10109803CARVALHOV_2025-06-30_G26,10109803CARVALHOV,2025-06-30,111602,1,12,0,226.0
10109803CARVALHOV_2025-06-30_G27,10109803CARVALHOV,2025-06-30,111442,1,4,0,141.0
10109803CARVALHOV_2025-06-30_G28,10109803CARVALHOV,2025-06-30,111466,1,8,0,181.0
10109803CARVALHOV_2025-06-30_G29,10109803CARVALHOV,2025-06-30,111466,1,1023,0,2908.0
10109803CARVALHOV_2025-06-30_G30,10109803CARVALHOV,2025-06-30,111430,1,53,0,350.0
10109803CARVALHOV_2025-07-29_G02,10109803CARVALHOV,2025-07-29,110743,1,2,0,100.0
10109803CARVALHOV_2025-07-29_G03,10109803CARVALHOV,2025-07-29,110751,1,2,0,82.0
10109803CARVALHOV_2025-07-29_G04,10109803CARVALHOV,2025-07-29,111348,1,2,0,56.0
10109803CARVALHOV_2025-07-29_G05,10109803CARVALHOV,2025-07-29,111418,1,14,0,240.0
10109803CARVALHOV_2025-07-29_G06,10109803CARVALHOV,2025-07-29,111443,1,2,0,64.0
10109803CARVALHOV_2025-07-29_G07,10109803CARVALHOV,2025-07-29,108711,1,5,0,96.0
10109803CARVALHOV_2025-07-29_G08,10109803CARVALHOV,2025-07-29,117838,1,2,0,57.0
10109803CARVALHOV_2025-07-29_G09,10109803CARVALHOV,2025-07-29,111466,1,4,0,58.0
10109803CARVALHOV_2025-07-29_G10,10109803CARVALHOV,2025-07-29,117831,1,10,0,109.0
10109803CARVALHOV_2025-07-29_G11,10109803CARVALHOV,2025-07-29,117821,1,6,0,82.0
10109803CARVALHOV_2025-07-29_G12,10109803CARVALHOV,2025-07-29,140922,1,6,0,83.0
10109803CARVALHOV_2025-07-29_G13,10109803CARVALHOV,2025-07-29,111532,1,4,0,293.0
10109803CARVALHOV_2025-07-29_G14,10109803CARVALHOV,2025-07-29,111469,1,2,0,42.0
10109803CARVALHOV_2025-07-29_G15,10109803CARVALHOV,2025-07-29,109641,1,6,0,319.0
10109803CARVALHOV_2025-07-29_G16,10109803CARVALHOV,2025-07-29,111462,1,4,0,45.0
10109803CARVALHOV_2025-07-29_G17,10109803CARVALHOV,2025-07-29,118140,1,10,0,113.0
10109803CARVALHOV_2025-07-29_G18,10109803CARVALHOV,2025-07-29,110745,1,1,0,93.0
10109803CARVALHOV_2025-07-29_G19,10109803CARVALHOV,2025-07-29,107236,1,4,0,98.0
10109803CARVALHOV_2025-07-29_G20,10109803CARVALHOV,2025-07-29,108794,1,4,0,76.0
10109803CARVALHOV_2025-07-29_G21,10109803CARVALHOV,2025-07-29,110740,1,5,0,105.0
10109803CARVALHOV_2025-07-29_G22,10109803CARVALHOV,2025-07-29,110742,1,4,0,352.0
10109803CARVALHOV_2025-07-29_G23,10109803CARVALHOV,2025-07-29,111430,1,4,0,157.0
10109803CARVALHOV_2025-07-29_G24,10109803CARVALHOV,2025-07-29,117836,1,4,0,127.0
10109803CARVALHOV_2025-07-29_G25,10109803CARVALHOV,2025-07-29,117834,1,6,0,145.0
10109803CARVALHOV_2025-07-29_G26,10109803CARVALHOV,2025-07-29,100334,1,2,0,69.0
10109803CARVALHOV_2025-07-29_G27,10109803CARVALHOV,2025-07-29,117835,1,2,0,93.0
10109803CARVALHOV_2025-07-29_G28,10109803CARVALHOV,2025-07-29,111463,1,8,0,334.0
10109803CARVALHOV_2025-07-29_G29,10109803CARVALHOV,2025-07-29,110751,1,4,0,108.0
10109803CARVALHOV_2025-07-29_G30,10109803CARVALHOV,2025-07-29,105705,1,2,0,41.0
10109803CARVALHOV_2025-07-29_G31,10109803CARVALHOV,2025-07-29,111348,1,2,0,52.0
10109803CARVALHOV_2025-07-29_G32,10109803CARVALHOV,2025-07-29,111418,1,10,0,115.0
10109803CARVALHOV_2025-07-29_G33,10109803CARVALHOV,2025-07-29,117821,1,8,0,180.0
10109803CARVALHOV_2025-07-29_G34,10109803CARVALHOV,2025-07-29,117831,1,6,0,63.0
10109803CARVALHOV_2025-07-29_G35,10109803CARVALHOV,2025-07-29,140922,1,6,0,62.0
10109803CARVALHOV_2025-07-29_G36,10109803CARVALHOV,2025-07-29,111532,1,4,0,67.0
10109803CARVALHOV_2025-07-29_G37,10109803CARVALHOV,2025-07-29,109641,1,3,0,127.0
10109803CARVALHOV_2025-07-29_G38,10109803CARVALHOV,2025-07-29,111462,1,6,0,68.0
10109803CARVALHOV_2025-07-29_G39,10109803CARVALHOV,2025-07-29,118140,1,6,0,99.0
10109803CARVALHOV_2025-07-29_G40,10109803CARVALHOV,2025-07-29,111442,1,4,0,113.0
10109803CARVALHOV_2025-07-29_G41,10109803CARVALHOV,2025-07-29,110740,1,3,0,88.0
10109803CARVALHOV_2025-07-29_G42,10109803CARVALHOV,2025-07-29,117856,1,2,0,199.0
10109803CARVALHOV_2025-07-29_G43,10109803CARVALHOV,2025-07-29,110313,1,2,0,56.0
10109803CARVALHOV_2025-07-29_G44,10109803CARVALHOV,2025-07-29,117862,1,2,0,341.0
10109803CARVALHOV_2025-07-29_G45,10109803CARVALHOV,2025-07-29,111467,1,4,0,85.0
10109803CARVALHOV_2025-07-29_G46,10109803CARVALHOV,2025-07-29,108772,1,2,0,89.0
10109803CARVALHOV_2025-07-29_G47,10109803CARVALHOV,2025-07-29,110325,1,10,0,900.0
10109803CARVALHOV_2025-07-29_G48,10109803CARVALHOV,2025-07-29,117830,1,20,0,179.0
10109803CARVALHOV_2025-07-29_G49,10109803CARVALHOV,2025-07-29,118299,1,40,0,277.0
10109803CARVALHOV_2025-07-29_G50,10109803CARVALHOV,2025-07-29,110371,1,40,0,578.0
10109803CARVALHOV_2025-07-29_G51,10109803CARVALHOV,2025-07-29,110373,1,2,0,110.0
10109803CARVALHOV_2025-07-29_G52,10109803CARVALHOV,2025-07-29,110374,1,30,0,378.0
10109803CARVALHOV_2025-07-29_G53,10109803CARVALHOV,2025-07-29,110374,1,10,0,70.0
10109803CARVALHOV_2025-07-29_G54,10109803CARVALHOV,2025-07-29,117820,1,50,0,611.0
10109803CARVALHOV_2025-07-29_G55,10109803CARVALHOV,2025-07-29,160051,1,3,0,66.0
10109803CARVALHOV_2025-07-29_G56,10109803CARVALHOV,2025-07-29,117808,1,80,0,539.0
10109803CARVALHOV_2025-07-29_G57,10109803CARVALHOV,2025-07-29,117808,1,80,0,603.0
10109803CARVALHOV_2025-07-29_G58,10109803CARVALHOV,2025-07-29,117855,1,10,0,374.0
10109803CARVALHOV_2025-07-30_G02,10109803CARVALHOV,2025-07-30,111330,1,4,0,150.0
10109803CARVALHOV_2025-07-30_G03,10109803CARVALHOV,2025-07-30,111469,1,12,0,225.0
10109803CARVALHOV_2025-07-30_G04,10109803CARVALHOV,2025-07-30,117861,1,2,0,145.0
10109803CARVALHOV_2025-07-30_G05,10109803CARVALHOV,2025-07-30,141047,1,4,0,161.0
10109803CARVALHOV_2025-07-30_G06,10109803CARVALHOV,2025-07-30,110325,1,8,0,115.0
10109803CARVALHOV_2025-07-30_G07,10109803CARVALHOV,2025-07-30,117821,2,10,29,126.0
10109803CARVALHOV_2025-07-30_G08,10109803CARVALHOV,2025-07-30,111469,1,4,0,106.0
10109803CARVALHOV_2025-07-30_G09,10109803CARVALHOV,2025-07-30,118140,1,4,0,125.0
10109803CARVALHOV_2025-07-30_G10,10109803CARVALHOV,2025-07-30,110745,1,2,0,103.0
10109803CARVALHOV_2025-07-30_G11,10109803CARVALHOV,2025-07-30,117808,1,25,0,305.0
10109803CARVALHOV_2025-07-30_G12,10109803CARVALHOV,2025-07-30,109640,1,8,0,185.0
10109803CARVALHOV_2025-07-30_G13,10109803CARVALHOV,2025-07-30,109640,1,10,0,183.0
10109803CARVALHOV_2025-07-30_G14,10109803CARVALHOV,2025-07-30,109640,1,5,0,52.0
10109803CARVALHOV_2025-07-30_G15,10109803CARVALHOV,2025-07-30,111466,1,10,0,173.0
10109803CARVALHOV_2025-07-30_G16,10109803CARVALHOV,2025-07-30,110733,1,3,0,196.0
10109803CARVALHOV_2025-07-30_G17,10109803CARVALHOV,2025-07-30,160051,1,2,0,96.0
10109803CARVALHOV_2025-07-30_G18,10109803CARVALHOV,2025-07-30,111569,1,4,0,311.0
10109803CARVALHOV_2025-07-30_G19,10109803CARVALHOV,2025-07-30,111438,1,4,0,110.0
10109803CARVALHOV_2025-07-30_G20,10109803CARVALHOV,2025-07-30,117821,1,8,0,138.0
10109803CARVALHOV_2025-07-30_G21,10109803CARVALHOV,2025-07-30,111418,1,4,0,75.0
10109803CARVALHOV_2025-07-30_G22,10109803CARVALHOV,2025-07-30,117785,1,2,0,137.0
10109803CARVALHOV_2025-07-30_G24,10109803CARVALHOV,2025-07-30,118299,1,12,0,186.0
10109803CARVALHOV_2025-07-30_G25,10109803CARVALHOV,2025-07-30,117808,1,60,0,848.0
10109803CARVALHOV_2025-07-30_G26,10109803CARVALHOV,2025-07-30,141457,1,20,0,580.0
10109803CARVALHOV_2025-07-30_G27,10109803CARVALHOV,2025-07-30,141458,1,16,0,185.0
10109803CARVALHOV_2025-07-30_G28,10109803CARVALHOV,2025-07-30,141457,1,28,0,586.0
10109803CARVALHOV_2025-07-30_G29,10109803CARVALHOV,2025-07-30,118330,1,4,0,71.0
10109803CARVALHOV_2025-07-30_G30,10109803CARVALHOV,2025-07-30,141458,1,20,0,439.0
10109803CARVALHOV_2025-07-30_G31,10109803CARVALHOV,2025-07-30,111463,1,6,0,1681.0
10109803CARVALHOV_2025-07-30_G32,10109803CARVALHOV,2025-07-30,111463,1,16,0,242.0
10109803CARVALHOV_2025-07-30_G33,10109803CARVALHOV,2025-07-30,110743,1,4,0,102.0
10109803CARVALHOV_2025-07-30_G34,10109803CARVALHOV,2025-07-30,108711,1,9,0,133.0
10109803CARVALHOV_2025-07-30_G35,10109803CARVALHOV,2025-07-30,117838,1,8,0,97.0
10109803CARVALHOV_2025-07-30_G36,10109803CARVALHOV,2025-07-30,110787,1,5,0,60.0
10109803CARVALHOV_2025-07-30_G37,10109803CARVALHOV,2025-07-30,117821,1,12,0,110.0
10109803CARVALHOV_2025-07-30_G38,10109803CARVALHOV,2025-07-30,117831,1,36,0,359.0
10109803CARVALHOV_2025-07-30_G39,10109803CARVALHOV,2025-07-30,111418,1,15,0,203.0
10109803CARVALHOV_2025-07-30_G40,10109803CARVALHOV,2025-07-30,111532,1,16,0,177.0
10109803CARVALHOV_2025-07-30_G41,10109803CARVALHOV,2025-07-30,109641,1,6,0,276.0
10109803CARVALHOV_2025-07-30_G42,10109803CARVALHOV,2025-07-30,111462,1,3,0,44.0
10109803CARVALHOV_2025-07-30_G43,10109803CARVALHOV,2025-07-30,111462,1,10,0,71.0
10109803CARVALHOV_2025-07-30_G44,10109803CARVALHOV,2025-07-30,111462,1,3,0,40.0
10109803CARVALHOV_2025-07-30_G45,10109803CARVALHOV,2025-07-30,118140,1,40,0,352.0
10109803CARVALHOV_2025-07-30_G46,10109803CARVALHOV,2025-07-30,116241,1,4,0,162.0
10109803CARVALHOV_2025-07-30_G47,10109803CARVALHOV,2025-07-30,141823,1,11,0,281.0
10109803CARVALHOV_2025-07-30_G48,10109803CARVALHOV,2025-07-30,141066,1,1,0,131.0
10109803CARVALHOV_2025-07-30_G49,10109803CARVALHOV,2025-07-30,107629,1,2,0,55.0
10109803CARVALHOV_2025-07-30_G50,10109803CARVALHOV,2025-07-30,110339,1,15,0,152.0
10109803CARVALHOV_2025-07-30_G51,10109803CARVALHOV,2025-07-30,117837,1,8,0,175.0
10109803CARVALHOV_2025-07-30_G52,10109803CARVALHOV,2025-07-30,117837,1,11,0,466.0
10109803CARVALHOV_2025-07-30_G53,10109803CARVALHOV,2025-07-30,111530,1,11,0,125.0
10109803CARVALHOV_2025-07-30_G54,10109803CARVALHOV,2025-07-30,117853,1,13,0,384.0
10109803CARVALHOV_2025-07-30_G55,10109803CARVALHOV,2025-07-30,111467,1,12,0,247.0
10109803CARVALHOV_2025-07-30_G56,10109803CARVALHOV,2025-07-30,110711,1,5,0,99.0
10109803CARVALHOV_2025-07-30_G57,10109803CARVALHOV,2025-07-30,117935,1,1,0,148.0
10109803CARVALHOV_2025-07-30_G58,10109803CARVALHOV,2025-07-30,110515,1,15,0,186.0
10109803CARVALHOV_2025-07-31_G02,10109803CARVALHOV,2025-07-31,111532,1,12,0,94.0
10109803CARVALHOV_2025-07-31_G03,10109803CARVALHOV,2025-07-31,118140,1,10,0,149.0
10109803CARVALHOV_2025-07-31_G04,10109803CARVALHOV,2025-07-31,118140,1,6,0,57.0
10109803CARVALHOV_2025-07-31_G05,10109803CARVALHOV,2025-07-31,141456,1,12,0,31.0
10109803CARVALHOV_2025-07-31_G06,10109803CARVALHOV,2025-07-31,141458,1,4,0,96.0
10109803CARVALHOV_2025-07-31_G07,10109803CARVALHOV,2025-07-31,141458,1,10,0,76.0
10109803CARVALHOV_2025-07-31_G08,10109803CARVALHOV,2025-07-31,111463,1,4,0,119.0
10109803CARVALHOV_2025-07-31_G09,10109803CARVALHOV,2025-07-31,111463,1,2,0,31.0
10109803CARVALHOV_2025-07-31_G10,10109803CARVALHOV,2025-07-31,118299,1,10,0,146.0
10109803CARVALHOV_2025-07-31_G11,10109803CARVALHOV,2025-07-31,110371,1,1,0,111.0
10109803CARVALHOV_2025-07-31_G12,10109803CARVALHOV,2025-07-31,140922,1,8,0,674.0
10109803CARVALHOV_2025-07-31_G13,10109803CARVALHOV,2025-07-31,109640,2,6,27,211.0
10109803CARVALHOV_2025-07-31_G14,10109803CARVALHOV,2025-07-31,117808,1,20,0,212.0
10109803CARVALHOV_2025-07-31_G15,10109803CARVALHOV,2025-07-31,111463,1,4,0,305.0
10109803CARVALHOV_2025-07-31_G16,10109803CARVALHOV,2025-07-31,108711,1,4,0,72.0
10109803CARVALHOV_2025-07-31_G17,10109803CARVALHOV,2025-07-31,111466,1,4,0,61.0
10109803CARVALHOV_2025-07-31_G18,10109803CARVALHOV,2025-07-31,117831,1,4,0,80.0
10109803CARVALHOV_2025-07-31_G19,10109803CARVALHOV,2025-07-31,118140,1,4,0,163.0
10109803CARVALHOV_2025-07-31_G20,10109803CARVALHOV,2025-07-31,107236,1,3,0,92.0
10109803CARVALHOV_2025-07-31_G21,10109803CARVALHOV,2025-07-31,"141457, 141456",2,32,21,1521.0
10109803CARVALHOV_2025-07-31_G22,10109803CARVALHOV,2025-07-31,141458,1,32,0,623.0
10109803CARVALHOV_2025-07-31_G23,10109803CARVALHOV,2025-07-31,141457,1,12,0,199.0
10109803CARVALHOV_2025-07-31_G24,10109803CARVALHOV,2025-07-31,111418,1,20,0,731.0
10109803CARVALHOV_2025-07-31_G25,10109803CARVALHOV,2025-07-31,117785,1,40,0,250.0
10109803CARVALHOV_2025-07-31_G26,10109803CARVALHOV,2025-07-31,141458,1,40,0,910.0
10109803CARVALHOV_2025-07-31_G27,10109803CARVALHOV,2025-07-31,141457,1,20,0,145.0
10109803CARVALHOV_2025-07-31_G28,10109803CARVALHOV,2025-07-31,111463,1,12,0,598.0
10109803CARVALHOV_2025-07-31_G29,10109803CARVALHOV,2025-07-31,111418,1,17,0,273.0
10109803CARVALHOV_2025-07-31_G30,10109803CARVALHOV,2025-07-31,118299,1,30,0,238.0
10109803CARVALHOV_2025-07-31_G31,10109803CARVALHOV,2025-07-31,117808,1,30,0,396.0
10109803CARVALHOV_2025-07-31_G32,10109803CARVALHOV,2025-07-31,110372,1,16,0,216.0
10109803CARVALHOV_2025-07-31_G33,10109803CARVALHOV,2025-07-31,117965,1,2,0,139.0
10109803CARVALHOV_2025-07-31_G34,10109803CARVALHOV,2025-07-31,111530,1,2,0,129.0
10109803CARVALHOV_2025-07-31_G35,10109803CARVALHOV,2025-07-31,105242,1,4,0,160.0
10109803CARVALHOV_2025-07-31_G36,10109803CARVALHOV,2025-07-31,141458,1,20,0,283.0
10109803CARVALHOV_2025-07-31_G37,10109803CARVALHOV,2025-07-31,109643,1,2,0,1821.0
10109803CARVALHOV_2025-07-31_G38,10109803CARVALHOV,2025-07-31,117832,1,2,0,100.0
10109803CARVALHOV_2025-07-31_G39,10109803CARVALHOV,2025-07-31,117832,1,4,0,38.0
10109803CARVALHOV_2025-07-31_G40,10109803CARVALHOV,2025-07-31,117832,1,4,0,44.0
10109803CARVALHOV_2025-07-31_G41,10109803CARVALHOV,2025-07-31,118299,3,23,48,124.0
10109803CARVALHOV_2025-07-31_G42,10109803CARVALHOV,2025-07-31,107830,1,4,0,104.0
10109803CARVALHOV_2025-07-31_G43,10109803CARVALHOV,2025-07-31,110371,1,4,0,106.0
10109803CARVALHOV_2025-07-31_G44,10109803CARVALHOV,2025-07-31,110373,1,6,0,106.0
10109803CARVALHOV_2025-07-31_G45,10109803CARVALHOV,2025-07-31,110373,1,5,0,59.0
10109803CARVALHOV_2025-07-31_G46,10109803CARVALHOV,2025-07-31,117808,1,30,0,162.0
10109803CARVALHOV_2025-07-31_G47,10109803CARVALHOV,2025-07-31,117808,1,10,0,49.0
10109803CARVALHOV_2025-07-31_G48,10109803CARVALHOV,2025-07-31,117808,2,7,21,38.0
10109803CARVALHOV_2025-07-31_G49,10109803CARVALHOV,2025-07-31,117820,4,16,19,717.0
10109803CARVALHOV_2025-07-31_G50,10109803CARVALHOV,2025-07-31,110372,1,4,0,131.0
10109803CARVALHOV_2025-07-31_G51,10109803CARVALHOV,2025-07-31,110372,1,8,0,77.0
10109803CARVALHOV_2025-07-31_G52,10109803CARVALHOV,2025-07-31,117831,1,6,0,180.0
10109803CARVALHOV_2025-07-31_G53,10109803CARVALHOV,2025-07-31,117831,1,2,0,32.0
10109803CARVALHOV_2025-07-31_G54,10109803CARVALHOV,2025-07-31,111418,1,4,0,70.0
10109803CARVALHOV_2025-07-31_G55,10109803CARVALHOV,2025-07-31,"111469, 117785",2,10,22,104.0
10109803CARVALHOV_2025-07-31_G56,10109803CARVALHOV,2025-07-31,111442,1,4,0,89.0
10109803CARVALHOV_2025-07-31_G57,10109803CARVALHOV,2025-07-31,111444,1,2,0,38.0
10109803CARVALHOV_2025-07-31_G58,10109803CARVALHOV,2025-07-31,111463,1,2,0,98.0
10109803CARVALHOV_2025-07-31_G59,10109803CARVALHOV,2025-07-31,117855,1,1,0,103.0
10109803CARVALHOV_2025-07-31_G60,10109803CARVALHOV,2025-07-31,110711,1,1,0,108.0
10109803CARVALHOV_2025-07-31_G61,10109803CARVALHOV,2025-07-31,109640,1,1,0,65.0
10109803CARVALHOV_2025-07-31_G62,10109803CARVALHOV,2025-07-31,109640,1,2,0,42.0
10109803CARVALHOV_2025-07-31_G63,10109803CARVALHOV,2025-07-31,109640,1,10,0,104.0
10109803CARVALHOV_2025-07-31_G64,10109803CARVALHOV,2025-07-31,109640,1,12,0,216.0
10109803CARVALHOV_2025-07-31_G65,10109803CARVALHOV,2025-07-31,110733,1,6,0,456.0
10109803CARVALHOV_2025-07-31_G67,10109803CARVALHOV,2025-07-31,117832,1,19,0,1090.0
10109803CARVALHOV_2025-07-31_G68,10109803CARVALHOV,2025-07-31,109648,1,4,0,64.0
10109803CARVALHOV_2025-07-31_G69,10109803CARVALHOV,2025-07-31,107830,1,12,0,128.0
10109803CARVALHOV_2025-07-31_G70,10109803CARVALHOV,2025-07-31,110375,1,4,0,96.0
10109803CARVALHOV_2025-07-31_G71,10109803CARVALHOV,2025-07-31,117808,1,30,0,176.0
10109803CARVALHOV_2025-07-31_G72,10109803CARVALHOV,2025-07-31,117820,1,20,0,398.0
10109803CARVALHOV_2025-07-31_G73,10109803CARVALHOV,2025-07-31,108759,1,1,0,94.0
10109803CARVALHOV_2025-07-31_G74,10109803CARVALHOV,2025-07-31,117835,1,2,0,79.0
10109803CARVALHOV_2025-07-31_G75,10109803CARVALHOV,2025-07-31,111441,1,2,0,51.0
10109803CARVALHOV_2025-07-31_G76,10109803CARVALHOV,2025-07-31,108771,1,2,0,102.0
10109803CARVALHOV_2025-07-31_G77,10109803CARVALHOV,2025-07-31,111660,1,2,0,77.0
10109803CARVALHOV_2025-08-05_G02,10109803CARVALHOV,2025-08-05,122188,1,14,0,492.0
10109803CARVALHOV_2025-08-05_G03,10109803CARVALHOV,2025-08-05,122188,1,15,0,379.0
10109803CARVALHOV_2025-08-15_G02,10109803CARVALHOV,2025-08-15,110813,1,1,0,266.0
10109803CARVALHOV_2025-08-15_G03,10109803CARVALHOV,2025-08-15,118280,1,10,0,327.0
10109803CARVALHOV_2025-08-15_G04,10109803CARVALHOV,2025-08-15,111463,1,50,0,625.0
10109803CARVALHOV_2025-08-15_G05,10109803CARVALHOV,2025-08-15,111418,1,50,0,854.0
10109803CARVALHOV_2025-08-15_G06,10109803CARVALHOV,2025-08-15,117833,1,22,0,162.0
10109803CARVALHOV_2025-08-15_G07,10109803CARVALHOV,2025-08-15,141456,1,100,0,388.0
10109803CARVALHOV_2025-08-15_G08,10109803CARVALHOV,2025-08-15,117831,1,30,0,502.0
10109803CARVALHOV_2025-08-15_G09,10109803CARVALHOV,2025-08-15,141458,1,75,0,584.0
10109803CARVALHOV_2025-08-15_G10,10109803CARVALHOV,2025-08-15,141457,1,200,0,658.0
10109803CARVALHOV_2025-08-15_G12,10109803CARVALHOV,2025-08-15,100334,1,2,0,330.0
10109803CARVALHOV_2025-08-15_G13,10109803CARVALHOV,2025-08-15,100334,1,3,0,107.0
10109803CARVALHOV_2025-08-15_G14,10109803CARVALHOV,2025-08-15,117862,1,4,0,172.0
10109803CARVALHOV_2025-08-15_G15,10109803CARVALHOV,2025-08-15,117862,1,2,0,61.0
10109803CARVALHOV_2025-08-15_G16,10109803CARVALHOV,2025-08-15,117786,1,2,0,235.0
10109803CARVALHOV_2025-08-15_G17,10109803CARVALHOV,2025-08-15,111467,1,2,0,110.0
10109803CARVALHOV_2025-08-15_G18,10109803CARVALHOV,2025-08-15,110515,1,5,0,139.0
10109803CARVALHOV_2025-08-15_G19,10109803CARVALHOV,2025-08-15,110752,1,2,0,111.0
10109803CARVALHOV_2025-08-15_G20,10109803CARVALHOV,2025-08-15,117838,1,4,0,171.0
10109803CARVALHOV_2025-08-15_G21,10109803CARVALHOV,2025-08-15,110751,1,2,0,128.0
10109803CARVALHOV_2025-08-15_G22,10109803CARVALHOV,2025-08-15,111418,1,30,0,585.0
10109803CARVALHOV_2025-08-15_G23,10109803CARVALHOV,2025-08-15,111418,1,7,0,55.0
10109803CARVALHOV_2025-08-15_G24,10109803CARVALHOV,2025-08-15,111434,1,2,0,121.0
10109803CARVALHOV_2025-08-15_G25,10109803CARVALHOV,2025-08-15,111743,1,1,0,60.0
10109803CARVALHOV_2025-08-15_G26,10109803CARVALHOV,2025-08-15,117821,1,4,0,62.0
10109803CARVALHOV_2025-08-15_G27,10109803CARVALHOV,2025-08-15,109645,1,4,0,120.0
10109803CARVALHOV_2025-08-15_G28,10109803CARVALHOV,2025-08-15,118317,1,4,0,101.0
10109803CARVALHOV_2025-08-15_G29,10109803CARVALHOV,2025-08-15,111433,1,4,0,79.0
10109803CARVALHOV_2025-08-15_G30,10109803CARVALHOV,2025-08-15,110373,1,36,0,387.0
10109803CARVALHOV_2025-08-15_G31,10109803CARVALHOV,2025-08-15,110373,1,11,0,69.0
10109803CARVALHOV_2025-08-15_G32,10109803CARVALHOV,2025-08-15,117832,2,2,8,78.0
10109803CARVALHOV_2025-08-15_G33,10109803CARVALHOV,2025-08-15,117820,1,4,0,79.0
10109803CARVALHOV_2025-08-15_G34,10109803CARVALHOV,2025-08-15,110371,1,40,0,779.0
10109803CARVALHOV_2025-08-15_G35,10109803CARVALHOV,2025-08-15,110371,1,13,0,194.0
10109803CARVALHOV_2025-08-15_G36,10109803CARVALHOV,2025-08-15,110325,1,4,0,47.0
10109803CARVALHOV_2025-08-15_G37,10109803CARVALHOV,2025-08-15,117809,1,2,0,79.0
10109803CARVALHOV_2025-08-15_G38,10109803CARVALHOV,2025-08-15,141202,2,5,10,98.0
10109803CARVALHOV_2025-08-15_G39,10109803CARVALHOV,2025-08-15,117822,1,1,0,32.0
10109803CARVALHOV_2025-08-15_G40,10109803CARVALHOV,2025-08-15,111468,1,4,0,218.0
10109803CARVALHOV_2025-08-15_G41,10109803CARVALHOV,2025-08-15,110895,1,4,0,199.0
10109803CARVALHOV_2025-08-15_G42,10109803CARVALHOV,2025-08-15,111850,1,2,0,304.0
10109803CARVALHOV_2025-08-15_G43,10109803CARVALHOV,2025-08-15,117785,1,7,0,206.0
10109803CARVALHOV_2025-08-15_G44,10109803CARVALHOV,2025-08-15,111418,1,2,0,64.0
10109803CARVALHOV_2025-08-15_G45,10109803CARVALHOV,2025-08-15,141456,1,4,0,143.0
10109803CARVALHOV_2025-08-15_G46,10109803CARVALHOV,2025-08-15,109645,1,2,0,63.0
10109803CARVALHOV_2025-08-15_G47,10109803CARVALHOV,2025-08-15,118140,1,2,0,65.0
10109803CARVALHOV_2025-08-15_G48,10109803CARVALHOV,2025-08-15,117831,1,2,0,97.0
10109803CARVALHOV_2025-08-15_G49,10109803CARVALHOV,2025-08-15,111172,1,1,0,103.0
10109803CARVALHOV_2025-08-15_G50,10109803CARVALHOV,2025-08-15,141457,1,4,0,78.0
10109803CARVALHOV_2025-08-15_G51,10109803CARVALHOV,2025-08-15,111463,1,8,0,310.0
10109803CARVALHOV_2025-08-15_G52,10109803CARVALHOV,2025-08-15,110373,1,6,0,101.0
10109803CARVALHOV_2025-08-15_G53,10109803CARVALHOV,2025-08-15,117820,1,4,0,74.0
10109803CARVALHOV_2025-08-15_G54,10109803CARVALHOV,2025-08-15,117809,1,1,0,61.0
10109803CARVALHOV_2025-08-15_G55,10109803CARVALHOV,2025-08-15,117808,1,43,0,393.0
10109803CARVALHOV_2025-08-15_G56,10109803CARVALHOV,2025-08-15,118299,1,40,0,316.0
10109803CARVALHOV_2025-08-15_G57,10109803CARVALHOV,2025-08-15,117830,1,9,0,100.0
10109803CARVALHOV_2025-08-30_G02,10109803CARVALHOV,2025-08-30,122983,1,12,0,364.0
10109803CARVALHOV_2025-08-30_G04,10109803CARVALHOV,2025-08-30,120389,1,10,0,209.0
10109803CARVALHOV_2025-08-30_G05,10109803CARVALHOV,2025-08-30,120028,1,12,0,338.0
10109803CARVALHOV_2025-08-30_G06,10109803CARVALHOV,2025-08-30,124247,1,10,0,188.0
10109803CARVALHOV_2025-08-30_G07,10109803CARVALHOV,2025-08-30,123822,1,1,0,523.0
10109803CARVALHOV_2025-08-30_G08,10109803CARVALHOV,2025-08-30,121651,1,16,0,810.0
10109803CARVALHOV_2025-08-30_G09,10109803CARVALHOV,2025-08-30,122673,1,70,0,1455.0
10109803CARVALHOV_2025-08-30_G10,10109803CARVALHOV,2025-08-30,124486,1,24,0,1383.0
10109803CARVALHOV_2025-08-30_G11,10109803CARVALHOV,2025-08-30,123909,1,16,0,219.0
10109803CARVALHOV_2025-08-30_G12,10109803CARVALHOV,2025-08-30,122962,1,16,0,236.0
10109803CARVALHOV_2025-08-30_G13,10109803CARVALHOV,2025-08-30,124548,1,142,0,2727.0
10109803CARVALHOV_2025-08-30_G14,10109803CARVALHOV,2025-08-30,124548,1,10,0,156.0
10109803CARVALHOV_2025-09-11_G02,10109803CARVALHOV,2025-09-11,111532,1,10,0,149.0
10109803CARVALHOV_2025-09-11_G03,10109803CARVALHOV,2025-09-11,111418,1,12,0,307.0
10109803CARVALHOV_2025-09-11_G04,10109803CARVALHOV,2025-09-11,111469,1,4,0,56.0
10109803CARVALHOV_2025-09-11_G05,10109803CARVALHOV,2025-09-11,111466,1,2,0,35.0
10109803CARVALHOV_2025-09-11_G06,10109803CARVALHOV,2025-09-11,117785,1,9,0,221.0
10109803CARVALHOV_2025-09-11_G07,10109803CARVALHOV,2025-09-11,117831,1,4,0,103.0
10109803CARVALHOV_2025-09-11_G08,10109803CARVALHOV,2025-09-11,140922,1,3,0,53.0
10109803CARVALHOV_2025-09-11_G09,10109803CARVALHOV,2025-09-11,111465,1,2,0,92.0
10109803CARVALHOV_2025-09-11_G10,10109803CARVALHOV,2025-09-11,118222,1,4,0,278.0
10109803CARVALHOV_2025-09-11_G11,10109803CARVALHOV,2025-09-11,110787,1,4,0,200.0
10109803CARVALHOV_2025-09-11_G12,10109803CARVALHOV,2025-09-11,117862,1,2,0,97.0
10109803CARVALHOV_2025-09-11_G13,10109803CARVALHOV,2025-09-11,117855,1,4,0,143.0
10109803CARVALHOV_2025-09-11_G14,10109803CARVALHOV,2025-09-11,110313,1,2,0,101.0
10109803CARVALHOV_2025-09-11_G15,10109803CARVALHOV,2025-09-11,117820,1,6,0,142.0
10109803CARVALHOV_2025-09-11_G16,10109803CARVALHOV,2025-09-11,110372,1,10,0,1392.0
10109803CARVALHOV_2025-09-11_G17,10109803CARVALHOV,2025-09-11,117832,1,4,0,62.0
10109803CARVALHOV_2025-09-11_G18,10109803CARVALHOV,2025-09-11,110373,1,8,0,100.0
10109803CARVALHOV_2025-09-11_G19,10109803CARVALHOV,2025-09-11,110376,1,4,0,94.0
10109803CARVALHOV_2025-09-11_G20,10109803CARVALHOV,2025-09-11,117808,1,59,0,419.0
10109803CARVALHOV_2025-09-11_G21,10109803CARVALHOV,2025-09-11,111418,1,10,0,1073.0
10109803CARVALHOV_2025-09-11_G22,10109803CARVALHOV,2025-09-11,111463,1,4,0,46.0
10109803CARVALHOV_2025-09-11_G23,10109803CARVALHOV,2025-09-11,118140,1,2,0,87.0
10109803CARVALHOV_2025-09-11_G24,10109803CARVALHOV,2025-09-11,117821,1,2,0,105.0
10109803CARVALHOV_2025-09-11_G25,10109803CARVALHOV,2025-09-11,110740,1,2,0,82.0
10109803CARVALHOV_2025-09-11_G26,10109803CARVALHOV,2025-09-11,111465,1,3,0,84.0
10109803CARVALHOV_2025-09-11_G27,10109803CARVALHOV,2025-09-11,118353,1,4,0,1237.0
10109803CARVALHOV_2025-09-11_G28,10109803CARVALHOV,2025-09-11,141420,1,2,0,130.0
10109803CARVALHOV_2025-09-11_G29,10109803CARVALHOV,2025-09-11,111441,1,4,0,140.0
10109803CARVALHOV_2025-09-11_G30,10109803CARVALHOV,2025-09-11,111430,1,2,0,70.0
10109803CARVALHOV_2025-09-11_G31,10109803CARVALHOV,2025-09-11,110755,1,2,0,91.0
10109803CARVALHOV_2025-09-11_G32,10109803CARVALHOV,2025-09-11,110311,1,2,0,54.0
10109803CARVALHOV_2025-09-11_G33,10109803CARVALHOV,2025-09-11,111861,1,4,0,134.0
10109803CARVALHOV_2025-09-11_G34,10109803CARVALHOV,2025-09-11,110310,1,4,0,163.0
10109803CARVALHOV_2025-09-11_G35,10109803CARVALHOV,2025-09-11,110754,1,1,0,74.0
10109803CARVALHOV_2025-09-11_G36,10109803CARVALHOV,2025-09-11,111660,1,7,0,99.0
10109803CARVALHOV_2025-09-11_G37,10109803CARVALHOV,2025-09-11,109471,1,2,0,151.0
10109803CARVALHOV_2025-09-11_G38,10109803CARVALHOV,2025-09-11,117935,1,30,0,548.0
10109803CARVALHOV_2025-09-11_G39,10109803CARVALHOV,2025-09-11,110756,1,2,0,64.0
10109803CARVALHOV_2025-09-11_G40,10109803CARVALHOV,2025-09-11,108961,1,1,0,66.0
10109803CARVALHOV_2025-09-11_G41,10109803CARVALHOV,2025-09-11,108361,1,1,0,64.0
10109803CARVALHOV_2025-09-11_G42,10109803CARVALHOV,2025-09-11,101217,1,1,0,75.0
10109803CARVALHOV_2025-09-11_G43,10109803CARVALHOV,2025-09-11,110313,1,10,0,135.0
10109803CARVALHOV_2025-09-11_G44,10109803CARVALHOV,2025-09-11,110063,1,1,0,286.0
10109803CARVALHOV_2025-09-11_G45,10109803CARVALHOV,2025-09-11,110580,1,1,0,97.0
10109803CARVALHOV_2025-09-11_G46,10109803CARVALHOV,2025-09-11,117830,1,150,0,796.0
10109803CARVALHOV_2025-09-11_G47,10109803CARVALHOV,2025-09-11,141202,1,10,0,1012.0
10109803CARVALHOV_2025-09-12_G02,10109803CARVALHOV,2025-09-12,117785,1,50,0,715.0
10109803CARVALHOV_2025-09-12_G03,10109803CARVALHOV,2025-09-12,110129,1,5,0,893.0
10109803CARVALHOV_2025-09-12_G04,10109803CARVALHOV,2025-09-12,108711,1,21,0,252.0
10109803CARVALHOV_2025-09-12_G05,10109803CARVALHOV,2025-09-12,118317,1,30,0,266.0
10109803CARVALHOV_2025-09-12_G06,10109803CARVALHOV,2025-09-12,118140,1,50,0,1133.0
10109803CARVALHOV_2025-09-12_G07,10109803CARVALHOV,2025-09-12,108798,1,10,0,135.0
10109803CARVALHOV_2025-09-12_G08,10109803CARVALHOV,2025-09-12,111532,1,40,0,631.0
10109803CARVALHOV_2025-09-12_G09,10109803CARVALHOV,2025-09-12,141823,1,41,0,374.0
10109803CARVALHOV_2025-09-12_G10,10109803CARVALHOV,2025-09-12,141457,1,60,0,505.0
10109803CARVALHOV_2025-09-12_G11,10109803CARVALHOV,2025-09-12,111462,1,20,0,451.0
10109803CARVALHOV_2025-09-12_G12,10109803CARVALHOV,2025-09-12,117833,1,20,0,351.0
10109803CARVALHOV_2025-09-12_G13,10109803CARVALHOV,2025-09-12,111348,1,9,0,407.0
10109803CARVALHOV_2025-09-12_G14,10109803CARVALHOV,2025-09-12,111468,1,11,0,103.0
10109803CARVALHOV_2025-09-12_G15,10109803CARVALHOV,2025-09-12,110740,1,9,0,105.0
10109803CARVALHOV_2025-09-12_G16,10109803CARVALHOV,2025-09-12,110332,1,22,0,586.0
10109803CARVALHOV_2025-09-12_G17,10109803CARVALHOV,2025-09-12,118298,1,19,0,240.0
10109803CARVALHOV_2025-09-12_G18,10109803CARVALHOV,2025-09-12,117862,1,20,0,228.0
10109803CARVALHOV_2025-09-12_G19,10109803CARVALHOV,2025-09-12,117822,1,10,0,193.0
10109803CARVALHOV_2025-09-12_G20,10109803CARVALHOV,2025-09-12,117830,1,40,0,566.0
10109803CARVALHOV_2025-09-12_G21,10109803CARVALHOV,2025-09-12,118299,1,600,0,1161.0
10109803CARVALHOV_2025-09-12_G22,10109803CARVALHOV,2025-09-12,110374,1,20,0,1326.0
10109803CARVALHOV_2025-09-12_G23,10109803CARVALHOV,2025-09-12,110372,1,20,0,175.0
10109803CARVALHOV_2025-09-12_G24,10109803CARVALHOV,2025-09-12,117832,1,10,0,102.0
10109803CARVALHOV_2025-09-12_G26,10109803CARVALHOV,2025-09-12,110373,1,24,0,500.0
10109803CARVALHOV_2025-09-12_G27,10109803CARVALHOV,2025-09-12,110375,1,4,0,379.0
10109803CARVALHOV_2025-09-12_G28,10109803CARVALHOV,2025-09-12,118418,1,4,0,304.0
10109803CARVALHOV_2025-09-12_G29,10109803CARVALHOV,2025-09-12,110733,1,5,0,1000.0
10109803CARVALHOV_2025-09-12_G30,10109803CARVALHOV,2025-09-12,118140,1,20,0,260.0
10109803CARVALHOV_2025-09-12_G31,10109803CARVALHOV,2025-09-12,140922,1,7,0,138.0
10109803CARVALHOV_2025-09-12_G32,10109803CARVALHOV,2025-09-12,110372,1,5,0,88.0
10109803CARVALHOV_2025-09-12_G33,10109803CARVALHOV,2025-09-12,118140,1,12,0,343.0
10109803CARVALHOV_2025-09-12_G34,10109803CARVALHOV,2025-09-12,108794,1,4,0,171.0
10109803CARVALHOV_2025-09-12_G35,10109803CARVALHOV,2025-09-12,117820,1,3,0,769.0
10109803CARVALHOV_2025-09-12_G36,10109803CARVALHOV,2025-09-12,110372,1,7,0,101.0
10109803CARVALHOV_2025-09-12_G37,10109803CARVALHOV,2025-09-12,110373,1,16,0,441.0
10109803CARVALHOV_2025-09-12_G38,10109803CARVALHOV,2025-09-12,117808,1,26,0,359.0
10109803CARVALHOV_2025-09-12_G39,10109803CARVALHOV,2025-09-12,118299,1,4,0,160.0
10109803CARVALHOV_2025-09-12_G40,10109803CARVALHOV,2025-09-12,108794,1,2,0,123.0
10109803CARVALHOV_2025-09-12_G41,10109803CARVALHOV,2025-09-12,110787,1,4,0,404.0
10109803CARVALHOV_2025-09-12_G42,10109803CARVALHOV,2025-09-12,111463,1,4,0,2060.0
10109803CARVALHOV_2025-09-12_G43,10109803CARVALHOV,2025-09-12,111466,1,4,0,114.0
10109803CARVALHOV_2025-09-12_G44,10109803CARVALHOV,2025-09-12,111462,1,6,0,87.0
10109803CARVALHOV_2025-09-12_G45,10109803CARVALHOV,2025-09-12,117808,1,20,0,111.0
10109803CARVALHOV_2025-09-12_G46,10109803CARVALHOV,2025-09-12,117830,1,4,0,76.0
10109803CARVALHOV_2025-09-12_G47,10109803CARVALHOV,2025-09-12,118299,1,10,0,89.0
10109803CARVALHOV_2025-09-12_G48,10109803CARVALHOV,2025-09-12,118140,1,4,0,606.0
10109803CARVALHOV_2025-09-12_G49,10109803CARVALHOV,2025-09-12,117831,1,4,0,83.0
10109803CARVALHOV_2025-09-12_G50,10109803CARVALHOV,2025-09-12,140922,1,1,0,39.0
10109803CARVALHOV_2025-09-13_G02,10109803CARVALHOV,2025-09-13,108795,1,8,0,460.0
10109803CARVALHOV_2025-09-13_G03,10109803CARVALHOV,2025-09-13,118285,1,18,0,139.0
10109803CARVALHOV_2025-09-13_G04,10109803CARVALHOV,2025-09-13,110743,1,2,0,50.0
10109803CARVALHOV_2025-09-13_G05,10109803CARVALHOV,2025-09-13,110751,1,6,0,290.0
10109803CARVALHOV_2025-09-13_G06,10109803CARVALHOV,2025-09-13,111463,1,55,0,395.0
10109803CARVALHOV_2025-09-13_G07,10109803CARVALHOV,2025-09-13,109641,1,3,0,82.0
10109803CARVALHOV_2025-09-13_G08,10109803CARVALHOV,2025-09-13,117841,1,6,0,73.0
10109803CARVALHOV_2025-09-13_G09,10109803CARVALHOV,2025-09-13,108798,1,20,0,333.0
10109803CARVALHOV_2025-09-13_G10,10109803CARVALHOV,2025-09-13,111431,1,1,0,67.0
10109803CARVALHOV_2025-09-13_G11,10109803CARVALHOV,2025-09-13,111330,1,17,0,314.0
10109803CARVALHOV_2025-09-13_G12,10109803CARVALHOV,2025-09-13,141456,1,12,0,131.0
10109803CARVALHOV_2025-09-13_G13,10109803CARVALHOV,2025-09-13,109645,1,6,0,56.0
10109803CARVALHOV_2025-09-13_G14,10109803CARVALHOV,2025-09-13,108794,1,9,0,51.0
10109803CARVALHOV_2025-09-13_G15,10109803CARVALHOV,2025-09-13,141457,1,20,0,124.0
10109803CARVALHOV_2025-09-13_G16,10109803CARVALHOV,2025-09-13,111469,1,8,0,247.0
10109803CARVALHOV_2025-09-13_G17,10109803CARVALHOV,2025-09-13,111466,1,9,0,60.0
10109803CARVALHOV_2025-09-13_G18,10109803CARVALHOV,2025-09-13,107236,1,11,0,160.0
10109803CARVALHOV_2025-09-13_G19,10109803CARVALHOV,2025-09-13,111462,1,25,0,334.0
10109803CARVALHOV_2025-09-13_G20,10109803CARVALHOV,2025-09-13,118330,1,8,0,90.0
10109803CARVALHOV_2025-09-13_G21,10109803CARVALHOV,2025-09-13,110740,1,5,0,83.0
10109803CARVALHOV_2025-09-13_G22,10109803CARVALHOV,2025-09-13,111465,1,16,0,157.0
10109803CARVALHOV_2025-09-13_G23,10109803CARVALHOV,2025-09-13,141066,1,48,0,381.0
10109803CARVALHOV_2025-09-13_G24,10109803CARVALHOV,2025-09-13,117862,1,65,0,247.0
10109803CARVALHOV_2025-09-13_G25,10109803CARVALHOV,2025-09-13,111467,1,7,0,151.0
10109803CARVALHOV_2025-09-13_G26,10109803CARVALHOV,2025-09-13,117853,1,3,0,76.0
10109803CARVALHOV_2025-09-13_G27,10109803CARVALHOV,2025-09-13,117855,1,23,0,364.0
10109803CARVALHOV_2025-09-13_G28,10109803CARVALHOV,2025-09-13,105242,1,1,0,134.0
10109803CARVALHOV_2025-09-13_G29,10109803CARVALHOV,2025-09-13,110313,1,11,0,147.0
10109803CARVALHOV_2025-09-13_G30,10109803CARVALHOV,2025-09-13,118094,1,14,0,155.0
10109803CARVALHOV_2025-09-13_G31,10109803CARVALHOV,2025-09-13,107830,1,16,0,370.0
10109803CARVALHOV_2025-09-13_G32,10109803CARVALHOV,2025-09-13,109643,1,13,0,90.0
10109803CARVALHOV_2025-09-13_G33,10109803CARVALHOV,2025-09-13,110374,1,12,0,83.0
10109803CARVALHOV_2025-09-13_G34,10109803CARVALHOV,2025-09-13,118299,1,600,0,804.0
10109803CARVALHOV_2025-09-13_G36,10109803CARVALHOV,2025-09-13,117856,1,15,0,1954.0
10109803CARVALHOV_2025-09-13_G37,10109803CARVALHOV,2025-09-13,109640,1,14,0,320.0
10109803CARVALHOV_2025-09-13_G38,10109803CARVALHOV,2025-09-13,117856,1,19,0,374.0
10109803CARVALHOV_2025-09-26_G02,10109803CARVALHOV,2025-09-26,141458,1,4,0,344.0
10109803CARVALHOV_2025-09-26_G03,10109803CARVALHOV,2025-09-26,110373,1,12,0,167.0
10109803CARVALHOV_2025-09-26_G04,10109803CARVALHOV,2025-09-26,117820,1,1,0,39.0
10109803CARVALHOV_2025-09-27_G02,10109803CARVALHOV,2025-09-27,141261,1,80,0,1597.0
10109803CARVALHOV_2025-09-27_G03,10109803CARVALHOV,2025-09-27,111722,1,70,0,479.0
10109803CARVALHOV_2025-09-27_G04,10109803CARVALHOV,2025-09-27,110743,1,6,0,969.0
10109803CARVALHOV_2025-09-27_G05,10109803CARVALHOV,2025-09-27,108795,1,12,0,123.0
10109803CARVALHOV_2025-09-27_G06,10109803CARVALHOV,2025-09-27,118285,1,50,0,2179.0
10109803CARVALHOV_2025-09-27_G07,10109803CARVALHOV,2025-09-27,111433,1,5,0,74.0
10109803CARVALHOV_2025-09-27_G08,10109803CARVALHOV,2025-09-27,110751,1,12,0,120.0
10109803CARVALHOV_2025-09-27_G09,10109803CARVALHOV,2025-09-27,118317,1,22,0,213.0
10109803CARVALHOV_2025-09-27_G10,10109803CARVALHOV,2025-09-27,109645,1,18,0,346.0
10109803CARVALHOV_2025-09-27_G11,10109803CARVALHOV,2025-09-27,108711,1,27,0,315.0
10109803CARVALHOV_2025-09-27_G12,10109803CARVALHOV,2025-09-27,117841,1,6,0,392.0
10109803CARVALHOV_2025-09-27_G13,10109803CARVALHOV,2025-09-27,111532,1,40,0,330.0
10109803CARVALHOV_2025-09-27_G14,10109803CARVALHOV,2025-09-27,111418,1,35,0,324.0
10109803CARVALHOV_2025-09-27_G15,10109803CARVALHOV,2025-09-27,118140,1,22,0,423.0
10109803CARVALHOV_2025-09-27_G16,10109803CARVALHOV,2025-09-27,116241,1,2,0,76.0
10109803CARVALHOV_2025-09-27_G17,10109803CARVALHOV,2025-09-27,111462,1,79,0,390.0
10109803CARVALHOV_2025-09-27_G18,10109803CARVALHOV,2025-09-27,114100,1,10,0,159.0
10109803CARVALHOV_2025-09-27_G19,10109803CARVALHOV,2025-09-27,107236,1,16,0,438.0
10109803CARVALHOV_2025-09-27_G20,10109803CARVALHOV,2025-09-27,111465,1,12,0,200.0
10109803CARVALHOV_2025-09-27_G21,10109803CARVALHOV,2025-09-27,118277,1,27,0,287.0
10109803CARVALHOV_2025-09-27_G22,10109803CARVALHOV,2025-09-27,109974,1,4,0,544.0
10109803CARVALHOV_2025-09-27_G24,10109803CARVALHOV,2025-09-27,107254,1,9,0,222.0
10109803CARVALHOV_2025-09-27_G25,10109803CARVALHOV,2025-09-27,111569,1,8,0,155.0
10109803CARVALHOV_2025-09-27_G26,10109803CARVALHOV,2025-09-27,105359,1,4,0,67.0
10109803CARVALHOV_2025-09-27_G27,10109803CARVALHOV,2025-09-27,114102,1,28,0,821.0
10109803CARVALHOV_2025-09-27_G28,10109803CARVALHOV,2025-09-27,110579,1,2,0,393.0
10109803CARVALHOV_2025-09-27_G29,10109803CARVALHOV,2025-09-27,118280,1,26,0,179.0
10109803CARVALHOV_2025-09-30_G02,10109803CARVALHOV,2025-09-30,110751,1,6,0,780.0
10109803CARVALHOV_2025-09-30_G03,10109803CARVALHOV,2025-09-30,108711,1,24,0,211.0
10109803CARVALHOV_2025-09-30_G04,10109803CARVALHOV,2025-09-30,141457,1,66,0,268.0
10109803CARVALHOV_2025-09-30_G05,10109803CARVALHOV,2025-09-30,117821,1,32,0,326.0
10109803CARVALHOV_2025-09-30_G06,10109803CARVALHOV,2025-09-30,109643,1,14,0,320.0
10109803CARVALHOV_2025-09-30_G07,10109803CARVALHOV,2025-09-30,110374,1,32,0,731.0
10109803CARVALHOV_2025-09-30_G08,10109803CARVALHOV,2025-09-30,117808,1,250,0,456.0
10109803CARVALHOV_2025-09-30_G09,10109803CARVALHOV,2025-09-30,117820,1,40,0,283.0
10109803CARVALHOV_2025-09-30_G10,10109803CARVALHOV,2025-09-30,110376,1,8,0,78.0
10109803CARVALHOV_2025-09-30_G11,10109803CARVALHOV,2025-09-30,110325,1,13,0,136.0
10109803CARVALHOV_2025-09-30_G12,10109803CARVALHOV,2025-09-30,117809,1,38,0,254.0
10109803CARVALHOV_2025-09-30_G13,10109803CARVALHOV,2025-09-30,118299,1,264,0,1445.0
10109803CARVALHOV_2025-09-30_G14,10109803CARVALHOV,2025-09-30,110374,1,71,0,1093.0
10109803CARVALHOV_2025-09-30_G15,10109803CARVALHOV,2025-09-30,118299,1,266,0,1501.0
10109803CARVALHOV_2025-09-30_G16,10109803CARVALHOV,2025-09-30,117832,1,59,0,589.0
10109803CARVALHOV_2025-09-30_G17,10109803CARVALHOV,2025-09-30,117808,1,83,0,371.0
10109803CARVALHOV_2025-09-30_G18,10109803CARVALHOV,2025-09-30,110375,1,20,0,262.0
10109803CARVALHOV_2025-09-30_G19,10109803CARVALHOV,2025-09-30,110376,1,26,0,644.0
10109803CARVALHOV_2025-09-30_G20,10109803CARVALHOV,2025-09-30,117822,1,14,0,144.0
10109803CARVALHOV_2025-09-30_G21,10109803CARVALHOV,2025-09-30,110373,1,19,0,106.0
10109803CARVALHOV_2025-09-30_G22,10109803CARVALHOV,2025-09-30,110325,1,58,0,493.0
10109803CARVALHOV_2025-09-30_G23,10109803CARVALHOV,2025-09-30,117809,1,66,0,543.0
10109803CARVALHOV_2025-09-30_G24,10109803CARVALHOV,2025-09-30,141458,1,28,0,326.0
10109803CARVALHOV_2025-09-30_G26,10109803CARVALHOV,2025-09-30,118140,1,21,0,369.0
10109814NASCIMENTOP_2025-04-14_G02,10109814NASCIMENTOP,2025-04-14,117841,1,2,0,493.0
10109814NASCIMENTOP_2025-04-14_G03,10109814NASCIMENTOP,2025-04-14,111182,1,2,0,331.0
10109814NASCIMENTOP_2025-04-14_G04,10109814NASCIMENTOP,2025-04-14,111182,1,4,0,75.0
10109814NASCIMENTOP_2025-04-14_G05,10109814NASCIMENTOP,2025-04-14,140922,1,10,0,601.0
10109814NASCIMENTOP_2025-04-14_G06,10109814NASCIMENTOP,2025-04-14,111469,1,28,0,564.0
10109814NASCIMENTOP_2025-04-14_G07,10109814NASCIMENTOP,2025-04-14,117821,1,7,0,95.0
10109814NASCIMENTOP_2025-04-14_G08,10109814NASCIMENTOP,2025-04-14,111463,1,20,0,305.0
10109814NASCIMENTOP_2025-04-14_G09,10109814NASCIMENTOP,2025-04-14,109641,1,6,0,766.0
10109814NASCIMENTOP_2025-04-14_G10,10109814NASCIMENTOP,2025-04-14,117785,1,11,0,220.0
10109814NASCIMENTOP_2025-04-14_G11,10109814NASCIMENTOP,2025-04-14,109645,1,11,0,142.0
10109814NASCIMENTOP_2025-04-14_G12,10109814NASCIMENTOP,2025-04-14,111462,1,10,0,156.0
10109814NASCIMENTOP_2025-04-14_G13,10109814NASCIMENTOP,2025-04-14,111435,1,4,0,165.0
10109814NASCIMENTOP_2025-04-14_G14,10109814NASCIMENTOP,2025-04-14,109747,1,10,0,574.0
10109814NASCIMENTOP_2025-04-14_G15,10109814NASCIMENTOP,2025-04-14,117808,1,80,0,1406.0
10109814NASCIMENTOP_2025-04-14_G16,10109814NASCIMENTOP,2025-04-14,109643,1,6,0,333.0
10109814NASCIMENTOP_2025-04-14_G18,10109814NASCIMENTOP,2025-04-14,110372,1,30,0,2406.0
10109814NASCIMENTOP_2025-04-14_G19,10109814NASCIMENTOP,2025-04-14,110375,1,15,0,176.0
10109814NASCIMENTOP_2025-04-14_G20,10109814NASCIMENTOP,2025-04-14,110373,1,30,0,526.0
10109814NASCIMENTOP_2025-04-14_G21,10109814NASCIMENTOP,2025-04-14,110373,1,20,0,55.0
10109814NASCIMENTOP_2025-04-14_G22,10109814NASCIMENTOP,2025-04-14,160051,1,3,0,174.0
10109814NASCIMENTOP_2025-04-14_G23,10109814NASCIMENTOP,2025-04-14,117820,1,150,0,2564.0
10109814NASCIMENTOP_2025-04-14_G24,10109814NASCIMENTOP,2025-04-14,117808,1,700,0,1571.0
10109814NASCIMENTOP_2025-04-14_G25,10109814NASCIMENTOP,2025-04-14,118299,1,250,0,1164.0
10109814NASCIMENTOP_2025-04-14_G26,10109814NASCIMENTOP,2025-04-14,110372,1,300,0,1171.0
10109814NASCIMENTOP_2025-04-14_G27,10109814NASCIMENTOP,2025-04-14,117832,1,60,0,346.0
10109814NASCIMENTOP_2025-04-15_G02,10109814NASCIMENTOP,2025-04-15,117836,1,80,0,1761.0
10109814NASCIMENTOP_2025-04-15_G03,10109814NASCIMENTOP,2025-04-15,111469,1,400,0,1774.0
10109814NASCIMENTOP_2025-04-16_G02,10109814NASCIMENTOP,2025-04-16,108759,1,1,0,1292.0
10109814NASCIMENTOP_2025-04-16_G03,10109814NASCIMENTOP,2025-04-16,110500,1,2,0,294.0
10109814NASCIMENTOP_2025-04-16_G04,10109814NASCIMENTOP,2025-04-16,111436,1,1,0,577.0
10109814NASCIMENTOP_2025-04-16_G05,10109814NASCIMENTOP,2025-04-16,111120,1,8,0,362.0
10109814NASCIMENTOP_2025-04-16_G06,10109814NASCIMENTOP,2025-04-16,111437,1,4,0,97.0
10109814NASCIMENTOP_2025-04-16_G07,10109814NASCIMENTOP,2025-04-16,117830,1,30,0,507.0
10109814NASCIMENTOP_2025-04-16_G08,10109814NASCIMENTOP,2025-04-16,117832,1,40,0,1631.0
10109814NASCIMENTOP_2025-04-16_G09,10109814NASCIMENTOP,2025-04-16,110371,1,20,0,321.0
10109814NASCIMENTOP_2025-04-16_G10,10109814NASCIMENTOP,2025-04-16,118004,1,4,0,3239.0
10109814NASCIMENTOP_2025-04-16_G11,10109814NASCIMENTOP,2025-04-16,111330,1,8,0,393.0
10109814NASCIMENTOP_2025-04-16_G12,10109814NASCIMENTOP,2025-04-16,109640,1,4,0,596.0
10109814NASCIMENTOP_2025-04-16_G13,10109814NASCIMENTOP,2025-04-16,111850,1,2,0,1116.0
10109814NASCIMENTOP_2025-04-16_G14,10109814NASCIMENTOP,2025-04-16,109640,1,9,0,428.0
10109814NASCIMENTOP_2025-04-16_G15,10109814NASCIMENTOP,2025-04-16,140911,1,2,0,199.0
10109814NASCIMENTOP_2025-04-16_G16,10109814NASCIMENTOP,2025-04-16,111569,1,4,0,487.0
10109814NASCIMENTOP_2025-04-16_G17,10109814NASCIMENTOP,2025-04-16,141047,1,2,0,259.0
10109814NASCIMENTOP_2025-04-16_G19,10109814NASCIMENTOP,2025-04-16,117856,1,4,0,142.0
10109814NASCIMENTOP_2025-04-16_G20,10109814NASCIMENTOP,2025-04-16,109640,1,1,0,70.0
10109814NASCIMENTOP_2025-04-16_G21,10109814NASCIMENTOP,2025-04-16,109640,1,7,0,103.0
10109814NASCIMENTOP_2025-04-16_G22,10109814NASCIMENTOP,2025-04-16,117831,1,4,0,240.0
10109814NASCIMENTOP_2025-04-16_G23,10109814NASCIMENTOP,2025-04-16,111463,1,1,0,136.0
10109814NASCIMENTOP_2025-04-16_G24,10109814NASCIMENTOP,2025-04-16,117838,1,2,0,92.0
10109814NASCIMENTOP_2025-04-16_G25,10109814NASCIMENTOP,2025-04-16,109645,1,4,0,165.0
10109814NASCIMENTOP_2025-04-16_G26,10109814NASCIMENTOP,2025-04-16,118140,1,2,0,69.0
10109814NASCIMENTOP_2025-04-16_G27,10109814NASCIMENTOP,2025-04-16,109747,1,3,0,2539.0
10109814NASCIMENTOP_2025-04-16_G28,10109814NASCIMENTOP,2025-04-16,117820,1,3,0,315.0
10109814NASCIMENTOP_2025-04-16_G29,10109814NASCIMENTOP,2025-04-16,117808,1,8,0,404.0
10109814NASCIMENTOP_2025-04-16_G30,10109814NASCIMENTOP,2025-04-16,118299,1,4,0,1365.0
10109814NASCIMENTOP_2025-04-16_G31,10109814NASCIMENTOP,2025-04-16,117809,1,4,0,87.0
10109814NASCIMENTOP_2025-04-16_G32,10109814NASCIMENTOP,2025-04-16,117832,1,2,0,107.0
10109814NASCIMENTOP_2025-04-16_G33,10109814NASCIMENTOP,2025-04-16,110372,1,4,0,65.0
10109814NASCIMENTOP_2025-04-16_G34,10109814NASCIMENTOP,2025-04-16,118004,1,4,0,228.0
10109814NASCIMENTOP_2025-04-16_G35,10109814NASCIMENTOP,2025-04-16,110374,1,2,0,305.0
10109814NASCIMENTOP_2025-04-16_G36,10109814NASCIMENTOP,2025-04-16,110755,1,4,0,168.0
10109814NASCIMENTOP_2025-04-16_G37,10109814NASCIMENTOP,2025-04-16,111469,1,4,0,368.0
10109814NASCIMENTOP_2025-04-16_G38,10109814NASCIMENTOP,2025-04-16,111468,1,2,0,139.0
10109814NASCIMENTOP_2025-04-22_G02,10109814NASCIMENTOP,2025-04-22,108711,1,4,0,505.0
10109814NASCIMENTOP_2025-04-22_G03,10109814NASCIMENTOP,2025-04-22,111602,1,12,0,431.0
10109814NASCIMENTOP_2025-04-22_G04,10109814NASCIMENTOP,2025-04-22,109640,1,2,0,1966.0
10109814NASCIMENTOP_2025-04-22_G06,10109814NASCIMENTOP,2025-04-22,111437,1,34,0,1042.0
10109814NASCIMENTOP_2025-04-22_G07,10109814NASCIMENTOP,2025-04-22,110756,1,21,0,354.0
10109814NASCIMENTOP_2025-04-22_G08,10109814NASCIMENTOP,2025-04-22,111439,1,95,0,53.0
10109814NASCIMENTOP_2025-04-22_G09,10109814NASCIMENTOP,2025-04-22,111439,1,19,0,930.0
10109814NASCIMENTOP_2025-04-22_G10,10109814NASCIMENTOP,2025-04-22,110515,1,28,0,502.0
10109814NASCIMENTOP_2025-04-23_G02,10109814NASCIMENTOP,2025-04-23,110787,1,12,0,464.0
10109814NASCIMENTOP_2025-04-23_G03,10109814NASCIMENTOP,2025-04-23,140922,1,4,0,337.0
10109814NASCIMENTOP_2025-04-23_G04,10109814NASCIMENTOP,2025-04-23,118140,1,16,0,306.0
10109814NASCIMENTOP_2025-04-23_G05,10109814NASCIMENTOP,2025-04-23,117862,1,4,0,1147.0
10109814NASCIMENTOP_2025-04-23_G06,10109814NASCIMENTOP,2025-04-23,107629,1,12,0,174.0
10109814NASCIMENTOP_2025-04-23_G07,10109814NASCIMENTOP,2025-04-23,110339,1,3,0,79.0
10109814NASCIMENTOP_2025-04-23_G08,10109814NASCIMENTOP,2025-04-23,117861,1,12,0,219.0
10109814NASCIMENTOP_2025-04-23_G09,10109814NASCIMENTOP,2025-04-23,111569,1,8,0,204.0
10109814NASCIMENTOP_2025-04-23_G10,10109814NASCIMENTOP,2025-04-23,110742,1,10,0,281.0
10109814NASCIMENTOP_2025-04-23_G11,10109814NASCIMENTOP,2025-04-23,117835,1,3,0,154.0
10109814NASCIMENTOP_2025-04-23_G12,10109814NASCIMENTOP,2025-04-23,111441,1,4,0,146.0
10109814NASCIMENTOP_2025-04-23_G13,10109814NASCIMENTOP,2025-04-23,110325,1,1,0,534.0
10109814NASCIMENTOP_2025-04-23_G14,10109814NASCIMENTOP,2025-04-23,118299,1,11,0,229.0
10109814NASCIMENTOP_2025-04-23_G15,10109814NASCIMENTOP,2025-04-23,110371,1,9,0,163.0
10109814NASCIMENTOP_2025-04-23_G16,10109814NASCIMENTOP,2025-04-23,117820,1,1,0,118.0
10109814NASCIMENTOP_2025-04-23_G17,10109814NASCIMENTOP,2025-04-23,117832,1,6,0,153.0
10109814NASCIMENTOP_2025-04-23_G18,10109814NASCIMENTOP,2025-04-23,110372,1,8,0,240.0
10109814NASCIMENTOP_2025-04-23_G19,10109814NASCIMENTOP,2025-04-23,117808,1,26,0,426.0
10109814NASCIMENTOP_2025-04-23_G20,10109814NASCIMENTOP,2025-04-23,110373,1,7,0,93.0
10109814NASCIMENTOP_2025-04-23_G22,10109814NASCIMENTOP,2025-04-23,111469,1,200,0,1334.0
10109814NASCIMENTOP_2025-04-23_G23,10109814NASCIMENTOP,2025-04-23,111466,1,360,0,1852.0
10109814NASCIMENTOP_2025-04-23_G24,10109814NASCIMENTOP,2025-04-23,110129,1,2,0,380.0
10109814NASCIMENTOP_2025-04-24_G02,10109814NASCIMENTOP,2025-04-24,110374,1,10,0,182.0
10109814NASCIMENTOP_2025-04-24_G03,10109814NASCIMENTOP,2025-04-24,110374,1,4,0,46.0
10109814NASCIMENTOP_2025-04-24_G04,10109814NASCIMENTOP,2025-04-24,118299,1,50,0,454.0
10109814NASCIMENTOP_2025-04-24_G05,10109814NASCIMENTOP,2025-04-24,110371,1,70,0,1493.0
10109814NASCIMENTOP_2025-04-24_G06,10109814NASCIMENTOP,2025-04-24,117820,1,30,0,1901.0
10109814NASCIMENTOP_2025-04-24_G07,10109814NASCIMENTOP,2025-04-24,110372,1,50,0,554.0
10109814NASCIMENTOP_2025-04-24_G08,10109814NASCIMENTOP,2025-04-24,117830,1,10,0,153.0
10109814NASCIMENTOP_2025-04-24_G09,10109814NASCIMENTOP,2025-04-24,110375,1,20,0,706.0
10109814NASCIMENTOP_2025-04-24_G10,10109814NASCIMENTOP,2025-04-24,117808,1,80,0,526.0
10109814NASCIMENTOP_2025-04-24_G11,10109814NASCIMENTOP,2025-04-24,160051,1,3,0,94.0
10109815FEITOSAF_2025-04-16_G02,10109815FEITOSAF,2025-04-16,124486,1,20,0,495.0
10109815FEITOSAF_2025-04-16_G03,10109815FEITOSAF,2025-04-16,123909,1,20,0,1851.0
10109815FEITOSAF_2025-04-16_G04,10109815FEITOSAF,2025-04-16,122962,1,20,0,1552.0
10109815FEITOSAF_2025-04-16_G05,10109815FEITOSAF,2025-04-16,122962,1,8,0,695.0
10109815FEITOSAF_2025-04-16_G07,10109815FEITOSAF,2025-04-16,122962,1,16,0,576.0
10109815FEITOSAF_2025-04-16_G08,10109815FEITOSAF,2025-04-16,123344,1,10,0,1266.0
10109815FEITOSAF_2025-04-16_G09,10109815FEITOSAF,2025-04-16,122962,1,8,0,532.0
10109815FEITOSAF_2025-04-16_G10,10109815FEITOSAF,2025-04-16,124476,1,2,0,218.0
10109815FEITOSAF_2025-04-16_G11,10109815FEITOSAF,2025-04-16,122703,1,2,0,289.0
10109815FEITOSAF_2025-04-16_G12,10109815FEITOSAF,2025-04-16,124486,1,3,0,239.0
10109815FEITOSAF_2025-04-16_G13,10109815FEITOSAF,2025-04-16,121651,1,8,0,431.0
10109815FEITOSAF_2025-04-16_G14,10109815FEITOSAF,2025-04-16,124370,1,4,0,728.0
10109815FEITOSAF_2025-04-16_G15,10109815FEITOSAF,2025-04-16,123344,1,9,0,414.0
10109815FEITOSAF_2025-04-16_G16,10109815FEITOSAF,2025-04-16,180054,1,2,0,350.0
10109815FEITOSAF_2025-04-16_G17,10109815FEITOSAF,2025-04-16,122985,1,6,0,396.0
10109815FEITOSAF_2025-04-16_G18,10109815FEITOSAF,2025-04-16,123153,1,6,0,380.0
10109815FEITOSAF_2025-04-16_G19,10109815FEITOSAF,2025-04-16,122985,1,4,0,295.0
10109815FEITOSAF_2025-04-16_G20,10109815FEITOSAF,2025-04-16,123153,1,8,0,348.0
10109815FEITOSAF_2025-04-16_G21,10109815FEITOSAF,2025-04-16,123344,1,10,0,464.0
10109815FEITOSAF_2025-04-16_G22,10109815FEITOSAF,2025-04-16,122962,1,10,0,332.0
10109815FEITOSAF_2025-04-16_G23,10109815FEITOSAF,2025-04-16,121760,1,10,0,539.0
10109815FEITOSAF_2025-04-16_G24,10109815FEITOSAF,2025-04-16,124370,1,6,0,255.0
10109815FEITOSAF_2025-04-16_G25,10109815FEITOSAF,2025-04-16,122703,1,1,0,122.0
10109815FEITOSAF_2025-04-16_G26,10109815FEITOSAF,2025-04-16,122673,1,4,0,439.0
10109815FEITOSAF_2025-04-16_G27,10109815FEITOSAF,2025-04-16,121651,1,8,0,286.0
10109815FEITOSAF_2025-04-16_G28,10109815FEITOSAF,2025-04-16,124475,1,2,0,387.0
10109815FEITOSAF_2025-04-16_G29,10109815FEITOSAF,2025-04-16,123345,1,4,0,481.0
10109815FEITOSAF_2025-04-17_G02,10109815FEITOSAF,2025-04-17,123822,1,160,0,3454.0
10109815FEITOSAF_2025-04-17_G03,10109815FEITOSAF,2025-04-17,122196,1,22,0,3159.0
10109815FEITOSAF_2025-04-17_G05,10109815FEITOSAF,2025-04-17,122985,1,20,0,1130.0
10109815FEITOSAF_2025-04-17_G06,10109815FEITOSAF,2025-04-17,122196,1,14,0,1178.0
10109815FEITOSAF_2025-04-17_G07,10109815FEITOSAF,2025-04-17,120028,1,12,0,693.0
10109815FEITOSAF_2025-04-17_G08,10109815FEITOSAF,2025-04-17,123911,1,26,0,928.0
10109815FEITOSAF_2025-04-19_G02,10109815FEITOSAF,2025-04-19,122962,1,60,0,1480.0
10109815FEITOSAF_2025-04-19_G04,10109815FEITOSAF,2025-04-19,122985,1,7,0,444.0
10109815FEITOSAF_2025-04-19_G05,10109815FEITOSAF,2025-04-19,122673,1,2,0,262.0
10109815FEITOSAF_2025-04-19_G06,10109815FEITOSAF,2025-04-19,123344,1,6,0,618.0
10109815FEITOSAF_2025-04-19_G07,10109815FEITOSAF,2025-04-19,122647,1,40,0,951.0
10109815FEITOSAF_2025-04-19_G08,10109815FEITOSAF,2025-04-19,120389,1,20,0,580.0
10109815FEITOSAF_2025-04-19_G09,10109815FEITOSAF,2025-04-19,123153,1,25,0,687.0
10109815FEITOSAF_2025-04-19_G11,10109815FEITOSAF,2025-04-19,122962,1,11,0,295.0
10109815FEITOSAF_2025-04-19_G12,10109815FEITOSAF,2025-04-19,122962,1,21,0,1006.0
10109815FEITOSAF_2025-04-19_G13,10109815FEITOSAF,2025-04-19,121760,1,32,0,745.0
10109815FEITOSAF_2025-04-19_G14,10109815FEITOSAF,2025-04-19,121760,1,9,0,418.0
10109815FEITOSAF_2025-04-19_G15,10109815FEITOSAF,2025-04-19,124370,1,13,0,356.0
10109815FEITOSAF_2025-04-19_G16,10109815FEITOSAF,2025-04-19,124370,1,6,0,115.0
10109815FEITOSAF_2025-04-19_G17,10109815FEITOSAF,2025-04-19,124476,1,4,0,123.0
10109815FEITOSAF_2025-04-19_G18,10109815FEITOSAF,2025-04-19,124248,1,2,0,547.0
10109815FEITOSAF_2025-04-19_G19,10109815FEITOSAF,2025-04-19,123343,1,3,0,727.0
10109815FEITOSAF_2025-04-19_G20,10109815FEITOSAF,2025-04-19,122962,1,5,0,476.0
10109815FEITOSAF_2025-04-19_G21,10109815FEITOSAF,2025-04-19,124370,1,7,0,376.0
10109815FEITOSAF_2025-04-19_G22,10109815FEITOSAF,2025-04-19,120028,1,14,0,431.0
10109815FEITOSAF_2025-04-19_G23,10109815FEITOSAF,2025-04-19,120339,1,16,0,482.0
10109815FEITOSAF_2025-04-19_G24,10109815FEITOSAF,2025-04-19,120339,1,10,0,457.0
10109815FEITOSAF_2025-04-22_G02,10109815FEITOSAF,2025-04-22,122962,1,48,0,595.0
10109815FEITOSAF_2025-04-22_G03,10109815FEITOSAF,2025-04-22,122673,1,8,0,112.0
10109815FEITOSAF_2025-04-22_G04,10109815FEITOSAF,2025-04-22,124486,1,8,0,254.0
10109815FEITOSAF_2025-04-22_G05,10109815FEITOSAF,2025-04-22,123153,1,20,0,493.0
10109815FEITOSAF_2025-04-22_G06,10109815FEITOSAF,2025-04-22,123909,1,12,0,433.0
10109815FEITOSAF_2025-04-22_G07,10109815FEITOSAF,2025-04-22,122671,1,8,0,85.0
10109815FEITOSAF_2025-04-22_G08,10109815FEITOSAF,2025-04-22,123909,1,8,0,226.0
10109815FEITOSAF_2025-04-22_G09,10109815FEITOSAF,2025-04-22,123153,1,8,0,80.0
10109815FEITOSAF_2025-04-22_G10,10109815FEITOSAF,2025-04-22,120008,1,30,0,236.0
10109815FEITOSAF_2025-04-23_G02,10109815FEITOSAF,2025-04-23,123153,1,2,0,304.0
10109815FEITOSAF_2025-04-23_G03,10109815FEITOSAF,2025-04-23,123153,1,4,0,475.0
10109815FEITOSAF_2025-04-23_G04,10109815FEITOSAF,2025-04-23,123153,1,4,0,345.0
10109815FEITOSAF_2025-04-23_G05,10109815FEITOSAF,2025-04-23,120272,1,8,0,288.0
10109815FEITOSAF_2025-04-23_G06,10109815FEITOSAF,2025-04-23,122189,1,1,0,199.0
10109815FEITOSAF_2025-04-23_G07,10109815FEITOSAF,2025-04-23,120272,1,2,0,366.0
10109815FEITOSAF_2025-04-23_G08,10109815FEITOSAF,2025-04-23,180420,1,2,0,1947.0
10109815FEITOSAF_2025-04-23_G09,10109815FEITOSAF,2025-04-23,180420,1,4,0,659.0
10109815FEITOSAF_2025-04-24_G02,10109815FEITOSAF,2025-04-24,124477,1,20,0,1251.0
10109815FEITOSAF_2025-04-24_G03,10109815FEITOSAF,2025-04-24,122962,1,4,0,228.0
10109815FEITOSAF_2025-04-24_G04,10109815FEITOSAF,2025-04-24,124476,1,18,0,455.0
10109815FEITOSAF_2025-04-24_G05,10109815FEITOSAF,2025-04-24,122647,1,4,0,243.0
10109815FEITOSAF_2025-04-24_G06,10109815FEITOSAF,2025-04-24,124486,1,6,0,318.0
10109815FEITOSAF_2025-04-24_G07,10109815FEITOSAF,2025-04-24,123561,1,5,0,501.0
10109815FEITOSAF_2025-04-24_G08,10109815FEITOSAF,2025-04-24,123909,1,2,0,56.0
10109815FEITOSAF_2025-04-24_G09,10109815FEITOSAF,2025-04-24,123909,1,4,0,82.0
10109815FEITOSAF_2025-04-24_G10,10109815FEITOSAF,2025-04-24,123345,2,10,29,423.0
10109815FEITOSAF_2025-04-24_G11,10109815FEITOSAF,2025-04-24,123343,1,7,0,336.0
10109815FEITOSAF_2025-04-25_G02,10109815FEITOSAF,2025-04-25,181235,1,8,0,1278.0
10109815FEITOSAF_2025-04-25_G03,10109815FEITOSAF,2025-04-25,122962,1,20,0,708.0
10109815FEITOSAF_2025-04-25_G04,10109815FEITOSAF,2025-04-25,124486,1,1,0,118.0
10109815FEITOSAF_2025-04-25_G05,10109815FEITOSAF,2025-04-25,120028,1,24,0,947.0
10109815FEITOSAF_2025-04-25_G06,10109815FEITOSAF,2025-04-25,124248,1,50,0,1394.0
10109815FEITOSAF_2025-04-25_G07,10109815FEITOSAF,2025-04-25,122647,1,30,0,1114.0
10109815FEITOSAF_2025-04-25_G08,10109815FEITOSAF,2025-04-25,122962,1,20,0,769.0
10109815FEITOSAF_2025-04-25_G09,10109815FEITOSAF,2025-04-25,120389,1,16,0,221.0
10109815FEITOSAF_2025-04-25_G10,10109815FEITOSAF,2025-04-25,120008,1,11,0,801.0
10109815FEITOSAF_2025-04-25_G11,10109815FEITOSAF,2025-04-25,124248,1,12,0,583.0
10109815FEITOSAF_2025-04-25_G12,10109815FEITOSAF,2025-04-25,124248,1,20,0,473.0
10109815FEITOSAF_2025-04-26_G02,10109815FEITOSAF,2025-04-26,124486,1,15,0,95.0
10109815FEITOSAF_2025-04-26_G03,10109815FEITOSAF,2025-04-26,121304,1,12,0,149.0
10109815FEITOSAF_2025-04-26_G04,10109815FEITOSAF,2025-04-26,122962,1,80,0,809.0
10109815FEITOSAF_2025-04-26_G05,10109815FEITOSAF,2025-04-26,124370,1,20,0,314.0
10109815FEITOSAF_2025-04-26_G06,10109815FEITOSAF,2025-04-26,124370,1,40,0,405.0
10109815FEITOSAF_2025-04-26_G07,10109815FEITOSAF,2025-04-26,124476,1,12,0,131.0
10109815FEITOSAF_2025-04-26_G08,10109815FEITOSAF,2025-04-26,124486,1,20,0,141.0
10109815FEITOSAF_2025-04-26_G09,10109815FEITOSAF,2025-04-26,124475,1,24,0,250.0
10109815FEITOSAF_2025-04-26_G10,10109815FEITOSAF,2025-04-26,123822,1,250,0,2935.0
10109815FEITOSAF_2025-04-26_G11,10109815FEITOSAF,2025-04-26,123909,1,10,0,2414.0
10109815FEITOSAF_2025-04-26_G12,10109815FEITOSAF,2025-04-26,122962,1,10,0,104.0
10109815FEITOSAF_2025-04-26_G13,10109815FEITOSAF,2025-04-26,123822,1,10,0,241.0
10109815FEITOSAF_2025-04-26_G14,10109815FEITOSAF,2025-04-26,124486,1,6,0,171.0
10109815FEITOSAF_2025-04-26_G15,10109815FEITOSAF,2025-04-26,122673,1,10,0,130.0
10109815FEITOSAF_2025-04-26_G16,10109815FEITOSAF,2025-04-26,122962,1,24,0,154.0
10109815FEITOSAF_2025-04-26_G17,10109815FEITOSAF,2025-04-26,124486,1,12,0,231.0
10109815FEITOSAF_2025-04-26_G18,10109815FEITOSAF,2025-04-26,123343,1,4,0,150.0
10109815FEITOSAF_2025-04-26_G19,10109815FEITOSAF,2025-04-26,123345,1,2,0,213.0
10109815FEITOSAF_2025-04-26_G20,10109815FEITOSAF,2025-04-26,124248,2,4,29,158.0
10109815FEITOSAF_2025-04-26_G21,10109815FEITOSAF,2025-04-26,122984,1,5,0,232.0
10109815FEITOSAF_2025-04-26_G22,10109815FEITOSAF,2025-04-26,124433,1,4,0,39.0
10109815FEITOSAF_2025-04-26_G23,10109815FEITOSAF,2025-04-26,122982,1,23,0,426.0
10109815FEITOSAF_2025-04-26_G24,10109815FEITOSAF,2025-04-26,122673,1,6,0,132.0
10109815FEITOSAF_2025-04-26_G25,10109815FEITOSAF,2025-04-26,123909,1,16,0,510.0
10109815FEITOSAF_2025-04-26_G26,10109815FEITOSAF,2025-04-26,122962,1,24,0,320.0
10109815FEITOSAF_2025-04-26_G27,10109815FEITOSAF,2025-04-26,124486,1,20,0,174.0
10109815FEITOSAF_2025-04-26_G28,10109815FEITOSAF,2025-04-26,123153,1,4,0,59.0
10109815FEITOSAF_2025-04-26_G29,10109815FEITOSAF,2025-04-26,123345,1,10,0,222.0
10109815FEITOSAF_2025-04-26_G31,10109815FEITOSAF,2025-04-26,124486,1,2,0,138.0
10109815FEITOSAF_2025-04-26_G32,10109815FEITOSAF,2025-04-26,124475,1,10,0,443.0
10109815FEITOSAF_2025-04-26_G33,10109815FEITOSAF,2025-04-26,123343,1,6,0,404.0
10109815FEITOSAF_2025-04-26_G34,10109815FEITOSAF,2025-04-26,123345,1,10,0,487.0
10109815FEITOSAF_2025-04-28_G02,10109815FEITOSAF,2025-04-28,124475,1,20,0,1260.0
10109815FEITOSAF_2025-04-28_G03,10109815FEITOSAF,2025-04-28,123343,1,12,0,1042.0
10109815FEITOSAF_2025-04-28_G04,10109815FEITOSAF,2025-04-28,122673,1,2,0,409.0
10109815FEITOSAF_2025-04-28_G05,10109815FEITOSAF,2025-04-28,122647,1,4,0,335.0
10109815FEITOSAF_2025-04-28_G06,10109815FEITOSAF,2025-04-28,124248,1,6,0,808.0
10109815FEITOSAF_2025-04-28_G07,10109815FEITOSAF,2025-04-28,123081,1,4,0,175.0
10109815FEITOSAF_2025-04-28_G08,10109815FEITOSAF,2025-04-28,123343,1,4,0,267.0
10109815FEITOSAF_2025-04-28_G09,10109815FEITOSAF,2025-04-28,121651,1,12,0,455.0
10109815FEITOSAF_2025-04-28_G10,10109815FEITOSAF,2025-04-28,121651,1,10,0,53.0
10109815FEITOSAF_2025-04-28_G11,10109815FEITOSAF,2025-04-28,123343,1,6,0,352.0
10109815FEITOSAF_2025-04-28_G12,10109815FEITOSAF,2025-04-28,123345,1,7,0,373.0
10109815FEITOSAF_2025-04-28_G13,10109815FEITOSAF,2025-04-28,123313,1,4,0,64.0
10109815FEITOSAF_2025-04-28_G14,10109815FEITOSAF,2025-04-28,121760,1,10,0,488.0
10109815FEITOSAF_2025-04-28_G15,10109815FEITOSAF,2025-04-28,"124476, 123344",2,32,28,1968.0
10109815FEITOSAF_2025-04-28_G17,10109815FEITOSAF,2025-04-28,124548,1,11,0,276.0
10109815FEITOSAF_2025-04-28_G18,10109815FEITOSAF,2025-04-28,120389,1,12,0,367.0
10109815FEITOSAF_2025-04-28_G19,10109815FEITOSAF,2025-04-28,120028,1,24,0,446.0
10109815FEITOSAF_2025-04-28_G20,10109815FEITOSAF,2025-04-28,124371,1,24,0,1209.0
10109815FEITOSAF_2025-04-28_G21,10109815FEITOSAF,2025-04-28,123492,1,3,0,1327.0
10109815FEITOSAF_2025-04-28_G22,10109815FEITOSAF,2025-04-28,123822,1,10,0,991.0
10109815FEITOSAF_2025-04-28_G23,10109815FEITOSAF,2025-04-28,123345,1,55,0,590.0
10109815FEITOSAF_2025-04-29_G02,10109815FEITOSAF,2025-04-29,122988,1,4,0,281.0
10109815FEITOSAF_2025-04-29_G03,10109815FEITOSAF,2025-04-29,124264,1,50,0,1101.0
10109815FEITOSAF_2025-04-29_G04,10109815FEITOSAF,2025-04-29,124264,1,14,0,301.0
10109815FEITOSAF_2025-04-29_G05,10109815FEITOSAF,2025-04-29,124264,1,50,0,1170.0
10109815FEITOSAF_2025-04-29_G06,10109815FEITOSAF,2025-04-29,122962,1,11,0,782.0
10109815FEITOSAF_2025-04-29_G07,10109815FEITOSAF,2025-04-29,124486,1,8,0,256.0
10109815FEITOSAF_2025-04-29_G08,10109815FEITOSAF,2025-04-29,121651,1,15,0,667.0
10109815FEITOSAF_2025-04-29_G09,10109815FEITOSAF,2025-04-29,122673,1,4,0,442.0
10109815FEITOSAF_2025-04-29_G10,10109815FEITOSAF,2025-04-29,124248,1,9,0,297.0
10109815FEITOSAF_2025-04-29_G11,10109815FEITOSAF,2025-04-29,124371,1,16,0,632.0
10109815FEITOSAF_2025-04-29_G12,10109815FEITOSAF,2025-04-29,123560,1,3,0,237.0
10109815FEITOSAF_2025-04-29_G13,10109815FEITOSAF,2025-04-29,180373,1,2,0,1167.0
10109815FEITOSAF_2025-04-29_G14,10109815FEITOSAF,2025-04-29,123909,1,6,0,750.0
10109815FEITOSAF_2025-04-29_G15,10109815FEITOSAF,2025-04-29,122671,1,10,0,925.0
10109815FEITOSAF_2025-04-29_G16,10109815FEITOSAF,2025-04-29,121760,1,5,0,946.0
10109815FEITOSAF_2025-04-29_G17,10109815FEITOSAF,2025-04-29,124476,1,10,0,275.0
10109815FEITOSAF_2025-04-29_G18,10109815FEITOSAF,2025-04-29,124370,1,15,0,766.0
10109815FEITOSAF_2025-04-29_G19,10109815FEITOSAF,2025-04-29,123561,1,4,0,205.0
10109815FEITOSAF_2025-04-29_G20,10109815FEITOSAF,2025-04-29,121651,1,9,0,388.0
10109815FEITOSAF_2025-04-29_G21,10109815FEITOSAF,2025-04-29,123560,1,4,0,168.0
10109815FEITOSAF_2025-04-29_G22,10109815FEITOSAF,2025-04-29,123344,1,10,0,585.0
10109815FEITOSAF_2025-04-29_G23,10109815FEITOSAF,2025-04-29,124548,1,4,0,277.0
10109815FEITOSAF_2025-04-29_G24,10109815FEITOSAF,2025-04-29,123345,1,15,0,417.0
10109815FEITOSAF_2025-04-29_G25,10109815FEITOSAF,2025-04-29,123909,1,6,0,390.0
10109815FEITOSAF_2025-04-29_G26,10109815FEITOSAF,2025-04-29,121760,1,12,0,520.0
10109815FEITOSAF_2025-04-29_G27,10109815FEITOSAF,2025-04-29,124476,1,12,0,337.0
10109815FEITOSAF_2025-04-29_G28,10109815FEITOSAF,2025-04-29,124370,1,10,0,355.0
10109815FEITOSAF_2025-04-29_G29,10109815FEITOSAF,2025-04-29,121651,1,6,0,508.0
10109815FEITOSAF_2025-04-29_G30,10109815FEITOSAF,2025-04-29,121651,1,15,0,516.0
10109815FEITOSAF_2025-04-29_G31,10109815FEITOSAF,2025-04-29,121651,1,1,0,82.0
10109815FEITOSAF_2025-04-29_G32,10109815FEITOSAF,2025-04-29,123560,1,4,0,676.0
10109815FEITOSAF_2025-04-29_G34,10109815FEITOSAF,2025-04-29,124548,1,4,0,123.0
10109815FEITOSAF_2025-04-29_G35,10109815FEITOSAF,2025-04-29,122983,1,1,0,408.0
10109815FEITOSAF_2025-04-29_G36,10109815FEITOSAF,2025-04-29,124475,1,10,0,268.0
10109815FEITOSAF_2025-04-29_G37,10109815FEITOSAF,2025-04-29,123343,1,10,0,730.0
10109815FEITOSAF_2025-04-30_G02,10109815FEITOSAF,2025-04-30,123344,1,3,0,32.0
10109815FEITOSAF_2025-04-30_G03,10109815FEITOSAF,2025-04-30,123344,1,12,0,664.0
10109815FEITOSAF_2025-04-30_G04,10109815FEITOSAF,2025-04-30,123344,1,20,0,520.0
10109815FEITOSAF_2025-04-30_G05,10109815FEITOSAF,2025-04-30,123344,2,23,26,262.0
10109815FEITOSAF_2025-04-30_G06,10109815FEITOSAF,2025-04-30,123344,1,9,0,42.0
10109815FEITOSAF_2025-04-30_G07,10109815FEITOSAF,2025-04-30,123344,1,5,0,265.0
10109815FEITOSAF_2025-04-30_G08,10109815FEITOSAF,2025-04-30,123344,1,15,0,310.0
10109815FEITOSAF_2025-04-30_G09,10109815FEITOSAF,2025-04-30,123344,2,22,18,146.0
10109815FEITOSAF_2025-04-30_G10,10109815FEITOSAF,2025-04-30,121651,1,4,0,1546.0
10109815FEITOSAF_2025-04-30_G11,10109815FEITOSAF,2025-04-30,124477,1,8,0,389.0
10109815FEITOSAF_2025-04-30_G12,10109815FEITOSAF,2025-04-30,181235,1,1,0,662.0
10109815FEITOSAF_2025-04-30_G13,10109815FEITOSAF,2025-04-30,180073,1,1,0,245.0
10109815FEITOSAF_2025-04-30_G14,10109815FEITOSAF,2025-04-30,123521,1,6,0,2041.0
10109815FEITOSAF_2025-04-30_G15,10109815FEITOSAF,2025-04-30,123521,1,24,0,2728.0
10109815FEITOSAF_2025-04-30_G16,10109815FEITOSAF,2025-04-30,123344,1,18,0,792.0
10109815FEITOSAF_2025-04-30_G17,10109815FEITOSAF,2025-04-30,124477,1,4,0,224.0
10109815FEITOSAF_2025-04-30_G18,10109815FEITOSAF,2025-04-30,123344,1,30,0,283.0
10109815FEITOSAF_2025-04-30_G19,10109815FEITOSAF,2025-04-30,123344,1,5,0,950.0
10109815FEITOSAF_2025-04-30_G20,10109815FEITOSAF,2025-04-30,121760,1,12,0,554.0
10109815FEITOSAF_2025-04-30_G21,10109815FEITOSAF,2025-04-30,123153,1,34,0,689.0
10109815FEITOSAF_2025-04-30_G22,10109815FEITOSAF,2025-04-30,123153,1,60,0,1315.0
10109815FEITOSAF_2025-04-30_G24,10109815FEITOSAF,2025-04-30,123345,1,20,0,655.0
10109815FEITOSAF_2025-05-07_G03,10109815FEITOSAF,2025-05-07,124475,1,12,0,559.0
10109815FEITOSAF_2025-05-07_G04,10109815FEITOSAF,2025-05-07,124476,1,8,0,232.0
10109815FEITOSAF_2025-05-07_G05,10109815FEITOSAF,2025-05-07,124247,1,4,0,177.0
10109815FEITOSAF_2025-05-07_G06,10109815FEITOSAF,2025-05-07,123344,1,24,0,1668.0
10109815FEITOSAF_2025-05-07_G07,10109815FEITOSAF,2025-05-07,122962,1,30,0,1269.0
10109815FEITOSAF_2025-05-07_G08,10109815FEITOSAF,2025-05-07,124370,1,50,0,971.0
10109815FEITOSAF_2025-05-08_G02,10109815FEITOSAF,2025-05-08,123561,1,8,0,487.0
10109815FEITOSAF_2025-05-08_G03,10109815FEITOSAF,2025-05-08,123343,1,2,0,410.0
10109815FEITOSAF_2025-05-08_G04,10109815FEITOSAF,2025-05-08,123889,1,2,0,219.0
10109815FEITOSAF_2025-05-08_G05,10109815FEITOSAF,2025-05-08,122185,1,4,0,183.0
10109815FEITOSAF_2025-05-08_G06,10109815FEITOSAF,2025-05-08,124247,1,4,0,514.0
10109815FEITOSAF_2025-05-08_G07,10109815FEITOSAF,2025-05-08,123909,1,6,0,263.0
10109815FEITOSAF_2025-05-08_G08,10109815FEITOSAF,2025-05-08,120339,1,4,0,235.0
10109815FEITOSAF_2025-05-08_G09,10109815FEITOSAF,2025-05-08,121760,1,2,0,99.0
10109815FEITOSAF_2025-05-08_G10,10109815FEITOSAF,2025-05-08,123344,1,3,0,143.0
10109815FEITOSAF_2025-05-08_G11,10109815FEITOSAF,2025-05-08,122983,1,3,0,302.0
10109815FEITOSAF_2025-05-08_G12,10109815FEITOSAF,2025-05-08,122962,1,60,0,1959.0
10109815FEITOSAF_2025-05-08_G13,10109815FEITOSAF,2025-05-08,123822,1,40,0,1285.0
10109815FEITOSAF_2025-05-08_G14,10109815FEITOSAF,2025-05-08,124486,1,32,0,1271.0
10109815FEITOSAF_2025-05-08_G15,10109815FEITOSAF,2025-05-08,122962,1,12,0,221.0
10109815FEITOSAF_2025-05-08_G16,10109815FEITOSAF,2025-05-08,122981,1,4,0,798.0
10109815FEITOSAF_2025-05-08_G17,10109815FEITOSAF,2025-05-08,124475,1,2,0,128.0
10109815FEITOSAF_2025-05-08_G18,10109815FEITOSAF,2025-05-08,122185,1,4,0,176.0
10109815FEITOSAF_2025-05-08_G19,10109815FEITOSAF,2025-05-08,123909,1,6,0,133.0
10109815FEITOSAF_2025-05-08_G20,10109815FEITOSAF,2025-05-08,124248,1,4,0,218.0
10109815FEITOSAF_2025-05-08_G21,10109815FEITOSAF,2025-05-08,124371,1,4,0,117.0
10109815FEITOSAF_2025-05-08_G22,10109815FEITOSAF,2025-05-08,121760,1,2,0,194.0
10109815FEITOSAF_2025-05-08_G23,10109815FEITOSAF,2025-05-08,122673,1,6,0,160.0
10109815FEITOSAF_2025-05-08_G24,10109815FEITOSAF,2025-05-08,122962,1,16,0,421.0
10109815FEITOSAF_2025-05-08_G25,10109815FEITOSAF,2025-05-08,122984,1,40,0,858.0
10109815FEITOSAF_2025-05-08_G26,10109815FEITOSAF,2025-05-08,181815,1,13,0,327.0
10109815FEITOSAF_2025-05-08_G28,10109815FEITOSAF,2025-05-08,123521,1,2,0,151.0
10109815FEITOSAF_2025-05-08_G29,10109815FEITOSAF,2025-05-08,124248,1,4,0,232.0
10109815FEITOSAF_2025-05-08_G30,10109815FEITOSAF,2025-05-08,123153,1,60,0,1566.0
10109815FEITOSAF_2025-05-08_G31,10109815FEITOSAF,2025-05-08,120389,1,10,0,266.0
10109815FEITOSAF_2025-05-08_G32,10109815FEITOSAF,2025-05-08,123909,1,20,0,360.0
10109815FEITOSAF_2025-05-08_G33,10109815FEITOSAF,2025-05-08,123343,1,10,0,267.0
10109815FEITOSAF_2025-05-09_G02,10109815FEITOSAF,2025-05-09,122983,1,20,0,880.0
10109815FEITOSAF_2025-05-09_G03,10109815FEITOSAF,2025-05-09,124486,1,10,0,236.0
10109815FEITOSAF_2025-05-09_G04,10109815FEITOSAF,2025-05-09,122962,1,11,0,235.0
10109815FEITOSAF_2025-05-09_G05,10109815FEITOSAF,2025-05-09,123822,1,15,0,296.0
10109815FEITOSAF_2025-05-09_G06,10109815FEITOSAF,2025-05-09,123822,1,5,0,307.0
10109815FEITOSAF_2025-05-09_G07,10109815FEITOSAF,2025-05-09,123909,1,10,0,211.0
10109815FEITOSAF_2025-05-09_G08,10109815FEITOSAF,2025-05-09,122962,1,16,0,368.0
10109815FEITOSAF_2025-05-09_G09,10109815FEITOSAF,2025-05-09,122962,1,24,0,453.0
10109815FEITOSAF_2025-05-09_G10,10109815FEITOSAF,2025-05-09,122185,1,17,0,507.0
10109815FEITOSAF_2025-05-09_G11,10109815FEITOSAF,2025-05-09,124248,1,5,0,189.0
10109815FEITOSAF_2025-05-09_G12,10109815FEITOSAF,2025-05-09,124475,1,16,0,650.0
10109815FEITOSAF_2025-05-09_G13,10109815FEITOSAF,2025-05-09,124476,1,16,0,345.0
10109815FEITOSAF_2025-05-09_G14,10109815FEITOSAF,2025-05-09,124370,1,40,0,2201.0
10109815FEITOSAF_2025-05-09_G15,10109815FEITOSAF,2025-05-09,124371,1,40,0,1205.0
10109815FEITOSAF_2025-05-09_G16,10109815FEITOSAF,2025-05-09,121760,1,40,0,1311.0
10109815FEITOSAF_2025-05-09_G17,10109815FEITOSAF,2025-05-09,124248,1,5,0,256.0
10109815FEITOSAF_2025-05-09_G18,10109815FEITOSAF,2025-05-09,122982,1,30,0,600.0
10109815FEITOSAF_2025-05-09_G19,10109815FEITOSAF,2025-05-09,122984,1,10,0,243.0
10109815FEITOSAF_2025-05-09_G20,10109815FEITOSAF,2025-05-09,122988,1,60,0,889.0
10109815FEITOSAF_2025-05-09_G22,10109815FEITOSAF,2025-05-09,123345,1,30,0,628.0
10109815FEITOSAF_2025-05-09_G23,10109815FEITOSAF,2025-05-09,123343,1,20,0,340.0
10109815FEITOSAF_2025-05-10_G03,10109815FEITOSAF,2025-05-10,123130,1,24,0,2094.0
10109815FEITOSAF_2025-05-10_G04,10109815FEITOSAF,2025-05-10,123130,1,160,0,1612.0
10109815FEITOSAF_2025-05-10_G05,10109815FEITOSAF,2025-05-10,124486,1,16,0,213.0
10109815FEITOSAF_2025-05-10_G06,10109815FEITOSAF,2025-05-10,124247,1,38,0,402.0
10109815FEITOSAF_2025-05-10_G07,10109815FEITOSAF,2025-05-10,122984,1,16,0,266.0
10109815FEITOSAF_2025-05-10_G08,10109815FEITOSAF,2025-05-10,124248,1,44,0,414.0
10109815FEITOSAF_2025-05-10_G09,10109815FEITOSAF,2025-05-10,124248,1,76,0,712.0
10109815FEITOSAF_2025-05-10_G11,10109815FEITOSAF,2025-05-10,181057,1,50,0,1519.0
10109815FEITOSAF_2025-05-12_G02,10109815FEITOSAF,2025-05-12,123345,1,6,0,177.0
10109815FEITOSAF_2025-05-12_G03,10109815FEITOSAF,2025-05-12,123343,1,4,0,296.0
10109815FEITOSAF_2025-05-12_G04,10109815FEITOSAF,2025-05-12,124548,1,17,0,486.0
10109815FEITOSAF_2025-05-12_G05,10109815FEITOSAF,2025-05-12,122984,1,120,0,3230.0
10109815FEITOSAF_2025-05-13_G02,10109815FEITOSAF,2025-05-13,122982,1,2,0,280.0
10109815FEITOSAF_2025-05-13_G03,10109815FEITOSAF,2025-05-13,122981,1,2,0,75.0
10109815FEITOSAF_2025-05-13_G04,10109815FEITOSAF,2025-05-13,124475,1,6,0,454.0
10109815FEITOSAF_2025-05-13_G05,10109815FEITOSAF,2025-05-13,122185,1,8,0,136.0
10109815FEITOSAF_2025-05-13_G06,10109815FEITOSAF,2025-05-13,124370,1,10,0,336.0
10109815FEITOSAF_2025-05-13_G07,10109815FEITOSAF,2025-05-13,124486,1,6,0,113.0
10109815FEITOSAF_2025-05-13_G08,10109815FEITOSAF,2025-05-13,123909,1,2,0,93.0
10109815FEITOSAF_2025-05-13_G09,10109815FEITOSAF,2025-05-13,122962,1,14,0,581.0
10109815FEITOSAF_2025-05-13_G10,10109815FEITOSAF,2025-05-13,121760,1,5,0,144.0
10109815FEITOSAF_2025-05-13_G11,10109815FEITOSAF,2025-05-13,122185,1,6,0,313.0
10109815FEITOSAF_2025-05-13_G12,10109815FEITOSAF,2025-05-13,124486,1,10,0,91.0
10109815FEITOSAF_2025-05-13_G13,10109815FEITOSAF,2025-05-13,122962,1,8,0,239.0
10109815FEITOSAF_2025-05-13_G14,10109815FEITOSAF,2025-05-13,124371,1,4,0,147.0
10109815FEITOSAF_2025-05-13_G15,10109815FEITOSAF,2025-05-13,121760,1,4,0,116.0
10109815FEITOSAF_2025-05-13_G16,10109815FEITOSAF,2025-05-13,122673,1,5,0,212.0
10109815FEITOSAF_2025-05-13_G17,10109815FEITOSAF,2025-05-13,123313,1,12,0,654.0
10109815FEITOSAF_2025-05-13_G18,10109815FEITOSAF,2025-05-13,122982,1,10,0,320.0
10109815FEITOSAF_2025-05-13_G19,10109815FEITOSAF,2025-05-13,123520,1,9,0,1100.0
10109815FEITOSAF_2025-05-13_G20,10109815FEITOSAF,2025-05-13,124248,1,32,0,1089.0
10109815FEITOSAF_2025-05-13_G21,10109815FEITOSAF,2025-05-13,124248,1,28,0,742.0
10109815FEITOSAF_2025-05-13_G22,10109815FEITOSAF,2025-05-13,124247,1,6,0,2542.0
10109815FEITOSAF_2025-05-13_G23,10109815FEITOSAF,2025-05-13,122673,1,2,0,199.0
10109815FEITOSAF_2025-05-13_G24,10109815FEITOSAF,2025-05-13,123343,1,2,0,514.0
10109815FEITOSAF_2025-05-13_G25,10109815FEITOSAF,2025-05-13,123345,1,2,0,120.0
10109815FEITOSAF_2025-05-13_G26,10109815FEITOSAF,2025-05-13,122673,1,50,0,1142.0
10109815FEITOSAF_2025-05-13_G27,10109815FEITOSAF,2025-05-13,122673,1,8,0,141.0
10109815FEITOSAF_2025-05-13_G28,10109815FEITOSAF,2025-05-13,124248,1,2,0,303.0
10109815FEITOSAF_2025-05-13_G29,10109815FEITOSAF,2025-05-13,123153,1,6,0,196.0
10109815FEITOSAF_2025-05-13_G30,10109815FEITOSAF,2025-05-13,123153,1,10,0,177.0
10109815FEITOSAF_2025-05-13_G32,10109815FEITOSAF,2025-05-13,123520,1,2,0,255.0
10109815FEITOSAF_2025-05-13_G33,10109815FEITOSAF,2025-05-13,124486,1,4,0,393.0
10109815FEITOSAF_2025-05-13_G34,10109815FEITOSAF,2025-05-13,124371,1,8,0,200.0
10109815FEITOSAF_2025-05-13_G35,10109815FEITOSAF,2025-05-13,120028,1,14,0,319.0
10109815FEITOSAF_2025-05-13_G36,10109815FEITOSAF,2025-05-13,120389,1,6,0,307.0
10109815FEITOSAF_2025-05-13_G37,10109815FEITOSAF,2025-05-13,122984,1,8,0,337.0
10109815FEITOSAF_2025-05-13_G38,10109815FEITOSAF,2025-05-13,123313,1,62,0,1755.0
10109815FEITOSAF_2025-05-13_G39,10109815FEITOSAF,2025-05-13,123313,1,14,0,354.0
10109815FEITOSAF_2025-05-13_G40,10109815FEITOSAF,2025-05-13,122671,1,8,0,646.0
10109815FEITOSAF_2025-05-13_G41,10109815FEITOSAF,2025-05-13,122962,1,20,0,351.0
10109815FEITOSAF_2025-05-13_G42,10109815FEITOSAF,2025-05-13,120028,1,72,0,1266.0
10109815FEITOSAF_2025-05-13_G43,10109815FEITOSAF,2025-05-13,124486,1,20,0,402.0
10109815FEITOSAF_2025-05-14_G02,10109815FEITOSAF,2025-05-14,123345,1,2,0,370.0
10109815FEITOSAF_2025-05-14_G03,10109815FEITOSAF,2025-05-14,124370,1,6,0,233.0
10109815FEITOSAF_2025-05-14_G04,10109815FEITOSAF,2025-05-14,124371,1,4,0,254.0
10109815FEITOSAF_2025-05-14_G05,10109815FEITOSAF,2025-05-14,121651,1,4,0,731.0
10109815FEITOSAF_2025-05-14_G06,10109815FEITOSAF,2025-05-14,122984,1,4,0,175.0
10109815FEITOSAF_2025-05-14_G07,10109815FEITOSAF,2025-05-14,123343,1,4,0,312.0
10109815FEITOSAF_2025-05-14_G08,10109815FEITOSAF,2025-05-14,124370,1,2,0,196.0
10109815FEITOSAF_2025-05-14_G09,10109815FEITOSAF,2025-05-14,121651,1,2,0,308.0
10109815FEITOSAF_2025-05-14_G10,10109815FEITOSAF,2025-05-14,122984,1,4,0,318.0
10109815FEITOSAF_2025-05-14_G11,10109815FEITOSAF,2025-05-14,124486,1,20,0,1164.0
10109815FEITOSAF_2025-05-14_G12,10109815FEITOSAF,2025-05-14,122647,1,20,0,666.0
10109815FEITOSAF_2025-05-14_G13,10109815FEITOSAF,2025-05-14,124486,1,30,0,682.0
10109815FEITOSAF_2025-05-14_G14,10109815FEITOSAF,2025-05-14,124486,1,12,0,351.0
10109815FEITOSAF_2025-05-14_G15,10109815FEITOSAF,2025-05-14,122673,1,12,0,315.0
10109815FEITOSAF_2025-05-14_G16,10109815FEITOSAF,2025-05-14,122185,1,20,0,492.0
10109815FEITOSAF_2025-05-14_G17,10109815FEITOSAF,2025-05-14,122185,1,40,0,961.0
10109815FEITOSAF_2025-05-14_G18,10109815FEITOSAF,2025-05-14,122962,1,40,0,783.0
10109815FEITOSAF_2025-05-14_G19,10109815FEITOSAF,2025-05-14,180420,1,2,0,281.0
10109815FEITOSAF_2025-05-14_G20,10109815FEITOSAF,2025-05-14,123080,1,30,0,690.0
10109815FEITOSAF_2025-05-15_G02,10109815FEITOSAF,2025-05-15,124475,1,5,0,289.0
10109815FEITOSAF_2025-05-15_G03,10109815FEITOSAF,2025-05-15,124476,1,8,0,377.0
10109815FEITOSAF_2025-05-15_G04,10109815FEITOSAF,2025-05-15,123909,1,3,0,184.0
10109815FEITOSAF_2025-05-15_G05,10109815FEITOSAF,2025-05-15,123909,1,4,0,55.0
10109815FEITOSAF_2025-05-15_G06,10109815FEITOSAF,2025-05-15,123889,1,4,0,1184.0
10109815FEITOSAF_2025-05-15_G07,10109815FEITOSAF,2025-05-15,123153,1,26,0,609.0
10109815FEITOSAF_2025-05-15_G08,10109815FEITOSAF,2025-05-15,123153,1,14,0,472.0
10109815FEITOSAF_2025-05-15_G09,10109815FEITOSAF,2025-05-15,123889,1,4,0,265.0
10109815FEITOSAF_2025-05-15_G10,10109815FEITOSAF,2025-05-15,123153,1,10,0,185.0
10109815FEITOSAF_2025-05-15_G11,10109815FEITOSAF,2025-05-15,124486,1,50,0,609.0
10109815FEITOSAF_2025-05-15_G12,10109815FEITOSAF,2025-05-15,124486,1,20,0,311.0
10109815FEITOSAF_2025-05-15_G13,10109815FEITOSAF,2025-05-15,122962,1,20,0,273.0
10109815FEITOSAF_2025-05-15_G14,10109815FEITOSAF,2025-05-15,120028,1,120,0,2883.0
10109815FEITOSAF_2025-05-15_G15,10109815FEITOSAF,2025-05-15,124486,1,25,0,220.0
10109815FEITOSAF_2025-05-15_G16,10109815FEITOSAF,2025-05-15,122962,1,4,0,143.0
10109815FEITOSAF_2025-05-15_G17,10109815FEITOSAF,2025-05-15,122986,1,10,0,1033.0
10109815FEITOSAF_2025-05-15_G18,10109815FEITOSAF,2025-05-15,122673,1,40,0,563.0
10109815FEITOSAF_2025-05-15_G19,10109815FEITOSAF,2025-05-15,122982,1,10,0,66.0
10109815FEITOSAF_2025-05-15_G20,10109815FEITOSAF,2025-05-15,124264,1,10,0,127.0
10109815FEITOSAF_2025-05-15_G21,10109815FEITOSAF,2025-05-15,122671,1,4,0,166.0
10109815FEITOSAF_2025-05-15_G22,10109815FEITOSAF,2025-05-15,122673,1,4,0,61.0
10109815FEITOSAF_2025-05-15_G23,10109815FEITOSAF,2025-05-15,122985,1,5,0,344.0
10109815FEITOSAF_2025-05-15_G24,10109815FEITOSAF,2025-05-15,122673,1,20,0,63.0
10109815FEITOSAF_2025-05-15_G25,10109815FEITOSAF,2025-05-15,124264,1,2,0,236.0
10109815FEITOSAF_2025-05-15_G27,10109815FEITOSAF,2025-05-15,124486,1,10,0,205.0
10109815FEITOSAF_2025-05-15_G28,10109815FEITOSAF,2025-05-15,122962,1,8,0,190.0
10109815FEITOSAF_2025-05-15_G29,10109815FEITOSAF,2025-05-15,122673,1,24,0,349.0
10109815FEITOSAF_2025-05-15_G30,10109815FEITOSAF,2025-05-15,122671,1,4,0,206.0
10109815FEITOSAF_2025-05-15_G31,10109815FEITOSAF,2025-05-15,122673,1,8,0,190.0
10109815FEITOSAF_2025-05-15_G32,10109815FEITOSAF,2025-05-15,123909,1,9,0,232.0
10109815FEITOSAF_2025-05-15_G33,10109815FEITOSAF,2025-05-15,122647,1,48,0,1073.0
10109815FEITOSAF_2025-05-15_G34,10109815FEITOSAF,2025-05-15,122962,1,40,0,629.0
10109815FEITOSAF_2025-05-15_G35,10109815FEITOSAF,2025-05-15,122673,1,16,0,257.0
10109815FEITOSAF_2025-05-15_G36,10109815FEITOSAF,2025-05-15,123343,1,22,0,367.0
10109815FEITOSAF_2025-05-15_G37,10109815FEITOSAF,2025-05-15,122647,1,14,0,472.0
10109815FEITOSAF_2025-05-15_G38,10109815FEITOSAF,2025-05-15,122647,1,8,0,86.0
10109815FEITOSAF_2025-05-15_G39,10109815FEITOSAF,2025-05-15,122647,1,36,0,850.0
10109815FEITOSAF_2025-05-15_G40,10109815FEITOSAF,2025-05-15,123909,1,2,0,1329.0
10109815FEITOSAF_2025-05-15_G41,10109815FEITOSAF,2025-05-15,121760,1,8,0,370.0
10109815FEITOSAF_2025-05-16_G02,10109815FEITOSAF,2025-05-16,124371,1,3,0,343.0
10109815FEITOSAF_2025-05-16_G03,10109815FEITOSAF,2025-05-16,120339,1,8,0,164.0
10109815FEITOSAF_2025-05-16_G04,10109815FEITOSAF,2025-05-16,122984,1,10,0,260.0
10109815FEITOSAF_2025-05-16_G05,10109815FEITOSAF,2025-05-16,123345,1,6,0,245.0
10109815FEITOSAF_2025-05-16_G06,10109815FEITOSAF,2025-05-16,123345,1,10,0,227.0
10109815FEITOSAF_2025-05-16_G07,10109815FEITOSAF,2025-05-16,123889,2,10,24,62.0
10109815FEITOSAF_2025-05-16_G08,10109815FEITOSAF,2025-05-16,124247,1,10,0,463.0
10109815FEITOSAF_2025-05-16_G09,10109815FEITOSAF,2025-05-16,122962,1,16,0,314.0
10109815FEITOSAF_2025-05-16_G10,10109815FEITOSAF,2025-05-16,123345,1,18,0,392.0
10109815FEITOSAF_2025-05-16_G11,10109815FEITOSAF,2025-05-16,124247,1,4,0,236.0
10109815FEITOSAF_2025-05-16_G12,10109815FEITOSAF,2025-05-16,123345,1,4,0,127.0
10109815FEITOSAF_2025-05-16_G13,10109815FEITOSAF,2025-05-16,123153,1,50,0,1020.0
10109815FEITOSAF_2025-05-16_G14,10109815FEITOSAF,2025-05-16,124486,1,6,0,194.0
10109815FEITOSAF_2025-05-16_G15,10109815FEITOSAF,2025-05-16,"123345, 123889",2,8,29,106.0
10109815FEITOSAF_2025-05-16_G16,10109815FEITOSAF,2025-05-16,123153,1,20,0,426.0
10109815FEITOSAF_2025-05-16_G17,10109815FEITOSAF,2025-05-16,123345,1,4,0,119.0
10109815FEITOSAF_2025-05-16_G18,10109815FEITOSAF,2025-05-16,124433,1,12,0,478.0
10109815FEITOSAF_2025-05-16_G19,10109815FEITOSAF,2025-05-16,123889,1,4,0,83.0
10109815FEITOSAF_2025-05-16_G20,10109815FEITOSAF,2025-05-16,123153,1,20,0,368.0
10109815FEITOSAF_2025-05-16_G21,10109815FEITOSAF,2025-05-16,122986,1,1,0,143.0
10109815FEITOSAF_2025-05-16_G22,10109815FEITOSAF,2025-05-16,124247,1,6,0,171.0
10109815FEITOSAF_2025-05-16_G23,10109815FEITOSAF,2025-05-16,123153,1,6,0,1408.0
10109815FEITOSAF_2025-05-16_G24,10109815FEITOSAF,2025-05-16,122984,1,4,0,160.0
10109815FEITOSAF_2025-05-16_G25,10109815FEITOSAF,2025-05-16,124247,1,20,0,235.0
10109815FEITOSAF_2025-05-16_G26,10109815FEITOSAF,2025-05-16,122985,1,1,0,423.0
10109815FEITOSAF_2025-05-16_G27,10109815FEITOSAF,2025-05-16,124247,1,10,0,584.0
10109815FEITOSAF_2025-05-16_G28,10109815FEITOSAF,2025-05-16,123153,1,24,0,626.0
10109815FEITOSAF_2025-05-16_G29,10109815FEITOSAF,2025-05-16,122671,1,4,0,603.0
10109815FEITOSAF_2025-05-16_G30,10109815FEITOSAF,2025-05-16,124486,1,20,0,345.0
10109815FEITOSAF_2025-05-16_G31,10109815FEITOSAF,2025-05-16,123153,1,6,0,96.0
10109815FEITOSAF_2025-05-16_G32,10109815FEITOSAF,2025-05-16,123080,1,16,0,318.0
10109815FEITOSAF_2025-05-16_G34,10109815FEITOSAF,2025-05-16,181887,1,24,0,686.0
10109815FEITOSAF_2025-05-16_G35,10109815FEITOSAF,2025-05-16,181235,1,10,0,424.0
10109815FEITOSAF_2025-05-16_G36,10109815FEITOSAF,2025-05-16,181057,1,10,0,453.0
10109815FEITOSAF_2025-05-16_G37,10109815FEITOSAF,2025-05-16,124477,1,20,0,672.0
10109815FEITOSAF_2025-05-16_G38,10109815FEITOSAF,2025-05-16,124475,1,30,0,781.0
10109815FEITOSAF_2025-05-16_G39,10109815FEITOSAF,2025-05-16,120389,1,20,0,353.0
10109815FEITOSAF_2025-05-16_G40,10109815FEITOSAF,2025-05-16,124371,1,14,0,1157.0
10109815FEITOSAF_2025-05-16_G41,10109815FEITOSAF,2025-05-16,122962,1,50,0,964.0
10109815FEITOSAF_2025-05-16_G42,10109815FEITOSAF,2025-05-16,123345,1,20,0,386.0
10109815FEITOSAF_2025-05-16_G43,10109815FEITOSAF,2025-05-16,121760,1,2,0,1538.0
10109815FEITOSAF_2025-05-16_G44,10109815FEITOSAF,2025-05-16,124476,1,4,0,193.0
10109815FEITOSAF_2025-05-16_G45,10109815FEITOSAF,2025-05-16,122671,1,4,0,187.0
10109815FEITOSAF_2025-05-16_G46,10109815FEITOSAF,2025-05-16,124370,1,8,0,871.0
10109815FEITOSAF_2025-05-16_G47,10109815FEITOSAF,2025-05-16,124475,1,12,0,499.0
10109815FEITOSAF_2025-05-16_G48,10109815FEITOSAF,2025-05-16,124476,1,2,0,62.0
10109815FEITOSAF_2025-05-16_G49,10109815FEITOSAF,2025-05-16,122703,1,6,0,217.0
10109815FEITOSAF_2025-05-16_G50,10109815FEITOSAF,2025-05-16,124247,1,2,0,48.0
10109815FEITOSAF_2025-05-16_G51,10109815FEITOSAF,2025-05-16,124371,1,8,0,417.0
10109815FEITOSAF_2025-05-16_G52,10109815FEITOSAF,2025-05-16,120339,1,4,0,237.0
10109815FEITOSAF_2025-05-16_G53,10109815FEITOSAF,2025-05-16,122983,1,3,0,35.0
10109815FEITOSAF_2025-05-16_G54,10109815FEITOSAF,2025-05-16,121760,1,1,0,216.0
10109815FEITOSAF_2025-05-17_G02,10109815FEITOSAF,2025-05-17,124247,1,10,0,59.0
10109815FEITOSAF_2025-05-17_G03,10109815FEITOSAF,2025-05-17,122982,1,14,0,288.0
10109815FEITOSAF_2025-05-17_G04,10109815FEITOSAF,2025-05-17,123822,1,12,0,265.0
10109815FEITOSAF_2025-05-17_G05,10109815FEITOSAF,2025-05-17,120028,1,10,0,167.0
10109815FEITOSAF_2025-05-17_G06,10109815FEITOSAF,2025-05-17,122962,1,20,0,499.0
10109815FEITOSAF_2025-05-17_G07,10109815FEITOSAF,2025-05-17,122981,1,4,0,157.0
10109815FEITOSAF_2025-05-17_G08,10109815FEITOSAF,2025-05-17,124371,1,5,0,678.0
10109815FEITOSAF_2025-05-17_G09,10109815FEITOSAF,2025-05-17,124548,1,2,0,423.0
10109815FEITOSAF_2025-05-17_G11,10109815FEITOSAF,2025-05-17,181235,1,2,0,172.0
10109815FEITOSAF_2025-05-17_G12,10109815FEITOSAF,2025-05-17,181887,1,12,0,371.0
10109815FEITOSAF_2025-05-17_G13,10109815FEITOSAF,2025-05-17,181056,1,4,0,363.0
10109815FEITOSAF_2025-05-17_G14,10109815FEITOSAF,2025-05-17,120008,1,30,0,535.0
10109815FEITOSAF_2025-05-17_G15,10109815FEITOSAF,2025-05-17,123562,1,4,0,662.0
10109815FEITOSAF_2025-05-17_G16,10109815FEITOSAF,2025-05-17,120008,1,48,0,762.0
10109815FEITOSAF_2025-05-17_G17,10109815FEITOSAF,2025-05-17,122647,1,3,0,279.0
10109815FEITOSAF_2025-05-17_G19,10109815FEITOSAF,2025-05-17,124476,1,30,0,1424.0
10109815FEITOSAF_2025-05-17_G20,10109815FEITOSAF,2025-05-17,122703,1,10,0,238.0
10109815FEITOSAF_2025-05-17_G21,10109815FEITOSAF,2025-05-17,123909,1,10,0,266.0
10109815FEITOSAF_2025-05-17_G22,10109815FEITOSAF,2025-05-17,123345,1,20,0,714.0
10109815FEITOSAF_2025-05-19_G02,10109815FEITOSAF,2025-05-19,120008,1,2,0,292.0
10109815FEITOSAF_2025-05-19_G03,10109815FEITOSAF,2025-05-19,124486,1,50,0,822.0
10109815FEITOSAF_2025-05-19_G04,10109815FEITOSAF,2025-05-19,122962,1,60,0,1399.0
10109815FEITOSAF_2025-05-19_G05,10109815FEITOSAF,2025-05-19,123080,1,6,0,346.0
10109815FEITOSAF_2025-05-19_G06,10109815FEITOSAF,2025-05-19,120008,1,10,0,283.0
10109815FEITOSAF_2025-05-19_G07,10109815FEITOSAF,2025-05-19,122962,1,24,0,656.0
10109815FEITOSAF_2025-05-19_G08,10109815FEITOSAF,2025-05-19,122962,1,12,0,352.0
10109815FEITOSAF_2025-05-19_G09,10109815FEITOSAF,2025-05-19,122673,1,10,0,770.0
10109815FEITOSAF_2025-05-19_G10,10109815FEITOSAF,2025-05-19,122981,1,8,0,375.0
10109815FEITOSAF_2025-05-19_G11,10109815FEITOSAF,2025-05-19,122671,1,4,0,145.0
10109815FEITOSAF_2025-05-19_G12,10109815FEITOSAF,2025-05-19,124486,1,4,0,146.0
10109815FEITOSAF_2025-05-19_G13,10109815FEITOSAF,2025-05-19,123080,1,1,0,261.0
10109815FEITOSAF_2025-05-19_G15,10109815FEITOSAF,2025-05-19,123822,1,1,0,1254.0
10109815FEITOSAF_2025-05-19_G16,10109815FEITOSAF,2025-05-19,124486,1,20,0,438.0
10109815FEITOSAF_2025-05-20_G02,10109815FEITOSAF,2025-05-20,120272,1,1,0,189.0
10109815FEITOSAF_2025-05-20_G03,10109815FEITOSAF,2025-05-20,122962,1,16,0,393.0
10109815FEITOSAF_2025-05-20_G04,10109815FEITOSAF,2025-05-20,124486,1,30,0,342.0
10109815FEITOSAF_2025-05-20_G05,10109815FEITOSAF,2025-05-20,123153,1,4,0,178.0
10109815FEITOSAF_2025-05-20_G06,10109815FEITOSAF,2025-05-20,122962,1,8,0,190.0
10109815FEITOSAF_2025-05-20_G07,10109815FEITOSAF,2025-05-20,123909,1,24,0,338.0
10109815FEITOSAF_2025-05-20_G08,10109815FEITOSAF,2025-05-20,122962,1,16,0,442.0
10109815FEITOSAF_2025-05-20_G09,10109815FEITOSAF,2025-05-20,123909,1,32,0,439.0
10109815FEITOSAF_2025-05-20_G10,10109815FEITOSAF,2025-05-20,122962,1,8,0,44.0
10109815FEITOSAF_2025-05-20_G11,10109815FEITOSAF,2025-05-20,124486,1,20,0,220.0
10109815FEITOSAF_2025-05-20_G12,10109815FEITOSAF,2025-05-20,122986,1,6,0,2495.0
10109815FEITOSAF_2025-05-20_G13,10109815FEITOSAF,2025-05-20,122962,1,10,0,121.0
10109815FEITOSAF_2025-05-20_G14,10109815FEITOSAF,2025-05-20,122981,1,6,0,249.0
10109815FEITOSAF_2025-05-20_G15,10109815FEITOSAF,2025-05-20,124476,1,10,0,212.0
10109815FEITOSAF_2025-05-20_G16,10109815FEITOSAF,2025-05-20,124475,1,20,0,966.0
10109815FEITOSAF_2025-05-20_G17,10109815FEITOSAF,2025-05-20,124371,1,10,0,1223.0
10109815FEITOSAF_2025-05-20_G18,10109815FEITOSAF,2025-05-20,123909,1,13,0,367.0
10109815FEITOSAF_2025-05-20_G19,10109815FEITOSAF,2025-05-20,123313,1,12,0,1118.0
10109815FEITOSAF_2025-05-20_G21,10109815FEITOSAF,2025-05-20,123909,1,8,0,205.0
10109815FEITOSAF_2025-05-20_G22,10109815FEITOSAF,2025-05-20,124486,1,5,0,119.0
10109815FEITOSAF_2025-05-20_G23,10109815FEITOSAF,2025-05-20,123345,1,28,0,680.0
10109815FEITOSAF_2025-05-20_G24,10109815FEITOSAF,2025-05-20,122985,1,43,0,2430.0
10109815FEITOSAF_2025-05-20_G25,10109815FEITOSAF,2025-05-20,124370,1,12,0,989.0
10109815FEITOSAF_2025-05-20_G26,10109815FEITOSAF,2025-05-20,121651,1,11,0,382.0
10109815FEITOSAF_2025-05-20_G27,10109815FEITOSAF,2025-05-20,124476,1,10,0,207.0
10109815FEITOSAF_2025-05-20_G29,10109815FEITOSAF,2025-05-20,121760,1,11,0,254.0
10109815FEITOSAF_2025-05-20_G30,10109815FEITOSAF,2025-05-20,123909,1,11,0,257.0
10109815FEITOSAF_2025-05-20_G31,10109815FEITOSAF,2025-05-20,122983,1,8,0,287.0
10109815FEITOSAF_2025-05-21_G02,10109815FEITOSAF,2025-05-21,123080,1,4,0,159.0
10109815FEITOSAF_2025-05-21_G03,10109815FEITOSAF,2025-05-21,123080,1,26,0,808.0
10109815FEITOSAF_2025-05-21_G04,10109815FEITOSAF,2025-05-21,121760,1,1,0,650.0
10109815FEITOSAF_2025-05-21_G05,10109815FEITOSAF,2025-05-21,121760,1,8,0,171.0
10109815FEITOSAF_2025-05-21_G06,10109815FEITOSAF,2025-05-21,120339,1,4,0,115.0
10109815FEITOSAF_2025-05-21_G07,10109815FEITOSAF,2025-05-21,122983,1,8,0,280.0
10109815FEITOSAF_2025-05-21_G08,10109815FEITOSAF,2025-05-21,122962,1,11,0,151.0
10109815FEITOSAF_2025-05-21_G09,10109815FEITOSAF,2025-05-21,122647,1,8,0,1197.0
10109815FEITOSAF_2025-05-21_G10,10109815FEITOSAF,2025-05-21,120008,1,60,0,1350.0
10109815FEITOSAF_2025-05-21_G11,10109815FEITOSAF,2025-05-21,123130,1,37,0,1010.0
10109815FEITOSAF_2025-05-21_G12,10109815FEITOSAF,2025-05-21,120008,1,35,0,735.0
10109815FEITOSAF_2025-05-21_G13,10109815FEITOSAF,2025-05-21,122962,1,11,0,255.0
10109815FEITOSAF_2025-05-21_G14,10109815FEITOSAF,2025-05-21,124371,1,18,0,345.0
10109815FEITOSAF_2025-05-21_G15,10109815FEITOSAF,2025-05-21,124486,1,5,0,90.0
10109815FEITOSAF_2025-05-21_G16,10109815FEITOSAF,2025-05-21,181887,1,4,0,173.0
10109815FEITOSAF_2025-05-21_G17,10109815FEITOSAF,2025-05-21,120389,1,4,0,1177.0
10109815FEITOSAF_2025-05-21_G18,10109815FEITOSAF,2025-05-21,124248,1,61,0,1508.0
10109815FEITOSAF_2025-05-21_G19,10109815FEITOSAF,2025-05-21,122673,1,56,0,1308.0
10109815FEITOSAF_2025-05-21_G20,10109815FEITOSAF,2025-05-21,120389,1,9,0,360.0
10109815FEITOSAF_2025-05-21_G21,10109815FEITOSAF,2025-05-21,120389,1,37,0,1016.0
10109815FEITOSAF_2025-05-21_G23,10109815FEITOSAF,2025-05-21,124548,1,40,0,1420.0
10109815FEITOSAF_2025-05-21_G24,10109815FEITOSAF,2025-05-21,122673,1,100,0,2037.0
10109815FEITOSAF_2025-05-21_G25,10109815FEITOSAF,2025-05-21,123345,1,100,0,466.0
10109815FEITOSAF_2025-05-21_G26,10109815FEITOSAF,2025-05-21,114647,1,2,0,2038.0
10109815FEITOSAF_2025-05-22_G02,10109815FEITOSAF,2025-05-22,122962,1,60,0,858.0
10109815FEITOSAF_2025-05-22_G03,10109815FEITOSAF,2025-05-22,121651,1,60,0,944.0
10109815FEITOSAF_2025-05-22_G04,10109815FEITOSAF,2025-05-22,124475,1,12,0,179.0
10109815FEITOSAF_2025-05-22_G05,10109815FEITOSAF,2025-05-22,123521,1,6,0,269.0
10109815FEITOSAF_2025-05-22_G06,10109815FEITOSAF,2025-05-22,121760,1,40,0,1204.0
10109815FEITOSAF_2025-05-22_G07,10109815FEITOSAF,2025-05-22,120028,1,44,0,913.0
10109815FEITOSAF_2025-05-22_G08,10109815FEITOSAF,2025-05-22,120339,1,33,0,1436.0
10109815FEITOSAF_2025-05-22_G09,10109815FEITOSAF,2025-05-22,124371,1,6,0,165.0
10109815FEITOSAF_2025-05-22_G10,10109815FEITOSAF,2025-05-22,123343,1,12,0,363.0
10109815FEITOSAF_2025-05-22_G11,10109815FEITOSAF,2025-05-22,123345,1,26,0,298.0
10109815FEITOSAF_2025-05-22_G12,10109815FEITOSAF,2025-05-22,124370,1,100,0,1915.0
10109815FEITOSAF_2025-05-22_G13,10109815FEITOSAF,2025-05-22,121651,1,100,0,3500.0
10109815FEITOSAF_2025-05-22_G14,10109815FEITOSAF,2025-05-22,124594,1,30,0,1833.0
10109815FEITOSAF_2025-05-22_G16,10109815FEITOSAF,2025-05-22,121760,1,30,0,594.0
10109815FEITOSAF_2025-05-22_G17,10109815FEITOSAF,2025-05-22,181056,1,2,0,141.0
10109815FEITOSAF_2025-05-22_G18,10109815FEITOSAF,2025-05-22,123345,1,30,0,417.0
10109815FEITOSAF_2025-05-23_G02,10109815FEITOSAF,2025-05-23,123520,1,12,0,520.0
10109815FEITOSAF_2025-05-23_G03,10109815FEITOSAF,2025-05-23,122982,1,10,0,140.0
10109815FEITOSAF_2025-05-23_G04,10109815FEITOSAF,2025-05-23,121923,1,10,0,306.0
10109815FEITOSAF_2025-05-23_G05,10109815FEITOSAF,2025-05-23,122673,1,10,0,244.0
10109815FEITOSAF_2025-05-23_G06,10109815FEITOSAF,2025-05-23,123909,1,25,0,469.0
10109815FEITOSAF_2025-05-23_G07,10109815FEITOSAF,2025-05-23,123345,1,20,0,271.0
10109815FEITOSAF_2025-05-23_G08,10109815FEITOSAF,2025-05-23,124370,1,10,0,240.0
10109815FEITOSAF_2025-05-23_G09,10109815FEITOSAF,2025-05-23,122962,1,10,0,347.0
10109815FEITOSAF_2025-05-23_G10,10109815FEITOSAF,2025-05-23,122703,1,2,0,74.0
10109815FEITOSAF_2025-05-23_G11,10109815FEITOSAF,2025-05-23,122703,1,4,0,114.0
10109815FEITOSAF_2025-05-23_G12,10109815FEITOSAF,2025-05-23,120272,1,4,0,184.0
10109815FEITOSAF_2025-05-23_G13,10109815FEITOSAF,2025-05-23,120272,1,4,0,59.0
10109815FEITOSAF_2025-05-23_G14,10109815FEITOSAF,2025-05-23,124248,1,11,0,349.0
10109815FEITOSAF_2025-05-23_G15,10109815FEITOSAF,2025-05-23,124370,1,10,0,325.0
10109815FEITOSAF_2025-05-23_G16,10109815FEITOSAF,2025-05-23,123345,1,4,0,228.0
10109815FEITOSAF_2025-05-23_G18,10109815FEITOSAF,2025-05-23,124475,1,60,0,737.0
10109815FEITOSAF_2025-05-23_G19,10109815FEITOSAF,2025-05-23,124476,1,20,0,472.0
10109815FEITOSAF_2025-05-23_G21,10109815FEITOSAF,2025-05-23,124264,1,4,0,158.0
10109815FEITOSAF_2025-05-23_G22,10109815FEITOSAF,2025-05-23,124486,1,30,0,826.0
10109815FEITOSAF_2025-05-23_G23,10109815FEITOSAF,2025-05-23,122673,1,12,0,348.0
10109815FEITOSAF_2025-05-23_G24,10109815FEITOSAF,2025-05-23,124264,1,26,0,653.0
10109815FEITOSAF_2025-05-23_G25,10109815FEITOSAF,2025-05-23,122185,1,36,0,1083.0
10109815FEITOSAF_2025-05-23_G26,10109815FEITOSAF,2025-05-23,122984,1,4,0,192.0
10109815FEITOSAF_2025-05-23_G27,10109815FEITOSAF,2025-05-23,122671,1,12,0,225.0
10109815FEITOSAF_2025-05-23_G28,10109815FEITOSAF,2025-05-23,122962,1,8,0,216.0
10109815FEITOSAF_2025-05-23_G29,10109815FEITOSAF,2025-05-23,122185,1,28,0,755.0
10109815FEITOSAF_2025-05-23_G30,10109815FEITOSAF,2025-05-23,122984,1,32,0,1033.0
10109815FEITOSAF_2025-05-23_G31,10109815FEITOSAF,2025-05-23,122647,1,4,0,212.0
10109815FEITOSAF_2025-05-23_G32,10109815FEITOSAF,2025-05-23,122673,1,4,0,188.0
10109815FEITOSAF_2025-05-23_G33,10109815FEITOSAF,2025-05-23,123153,1,10,0,123.0
10109815FEITOSAF_2025-05-23_G34,10109815FEITOSAF,2025-05-23,124247,1,10,0,145.0
10109815FEITOSAF_2025-05-23_G35,10109815FEITOSAF,2025-05-23,124264,1,6,0,75.0
10109815FEITOSAF_2025-05-23_G36,10109815FEITOSAF,2025-05-23,123130,1,8,0,393.0
10109815FEITOSAF_2025-05-23_G37,10109815FEITOSAF,2025-05-23,124247,1,2,0,125.0
10109815FEITOSAF_2025-05-23_G38,10109815FEITOSAF,2025-05-23,122673,1,12,0,268.0
10109815FEITOSAF_2025-05-23_G39,10109815FEITOSAF,2025-05-23,123130,1,10,0,153.0
10109815FEITOSAF_2025-05-23_G40,10109815FEITOSAF,2025-05-23,123889,1,4,0,261.0
10109815FEITOSAF_2025-05-23_G41,10109815FEITOSAF,2025-05-23,123153,1,20,0,321.0
10109815FEITOSAF_2025-05-23_G42,10109815FEITOSAF,2025-05-23,"122673, 123130",2,31,22,266.0
10109815FEITOSAF_2025-05-23_G43,10109815FEITOSAF,2025-05-23,123345,1,4,0,68.0
10109815FEITOSAF_2025-05-23_G44,10109815FEITOSAF,2025-05-23,122673,1,25,0,219.0
10109815FEITOSAF_2025-05-23_G45,10109815FEITOSAF,2025-05-23,123130,1,6,0,63.0
10109815FEITOSAF_2025-05-24_G02,10109815FEITOSAF,2025-05-24,124476,1,15,0,436.0
10109815FEITOSAF_2025-05-24_G03,10109815FEITOSAF,2025-05-24,123344,1,35,0,138.0
10109815FEITOSAF_2025-05-24_G04,10109815FEITOSAF,2025-05-24,124433,1,50,0,1464.0
10109815FEITOSAF_2025-05-24_G05,10109815FEITOSAF,2025-05-24,181235,1,2,0,170.0
10109815FEITOSAF_2025-05-24_G06,10109815FEITOSAF,2025-05-24,181057,1,4,0,76.0
10109815FEITOSAF_2025-05-24_G07,10109815FEITOSAF,2025-05-24,181887,1,8,0,485.0
10109815FEITOSAF_2025-05-24_G08,10109815FEITOSAF,2025-05-24,181056,1,2,0,242.0
10109815FEITOSAF_2025-05-24_G09,10109815FEITOSAF,2025-05-24,124548,1,4,0,2339.0
10109815FEITOSAF_2025-05-24_G10,10109815FEITOSAF,2025-05-24,181887,1,2,0,259.0
10109815FEITOSAF_2025-05-24_G11,10109815FEITOSAF,2025-05-24,181056,1,2,0,84.0
10109815FEITOSAF_2025-05-24_G12,10109815FEITOSAF,2025-05-24,123153,1,10,0,147.0
10109815FEITOSAF_2025-05-24_G14,10109815FEITOSAF,2025-05-24,124486,1,12,0,259.0
10109815FEITOSAF_2025-05-24_G15,10109815FEITOSAF,2025-05-24,122673,1,10,0,184.0
10109815FEITOSAF_2025-05-24_G16,10109815FEITOSAF,2025-05-24,122673,1,16,0,342.0
10109815FEITOSAF_2025-05-24_G17,10109815FEITOSAF,2025-05-24,120339,1,4,0,2154.0
10109815FEITOSAF_2025-05-24_G18,10109815FEITOSAF,2025-05-24,123153,1,30,0,359.0
10109815FEITOSAF_2025-05-24_G19,10109815FEITOSAF,2025-05-24,124248,1,4,0,54.0
10109815FEITOSAF_2025-05-24_G20,10109815FEITOSAF,2025-05-24,123948,1,45,0,799.0
10109815FEITOSAF_2025-05-24_G21,10109815FEITOSAF,2025-05-24,122673,1,8,0,73.0
10109815FEITOSAF_2025-05-24_G22,10109815FEITOSAF,2025-05-24,123130,1,4,0,298.0
10109815FEITOSAF_2025-05-24_G23,10109815FEITOSAF,2025-05-24,123130,1,2,0,175.0
10109815FEITOSAF_2025-05-24_G24,10109815FEITOSAF,2025-05-24,122185,1,1,0,191.0
10109815FEITOSAF_2025-05-24_G25,10109815FEITOSAF,2025-05-24,124248,1,2,0,60.0
10109815FEITOSAF_2025-05-24_G26,10109815FEITOSAF,2025-05-24,123343,1,8,0,196.0
10109815FEITOSAF_2025-05-24_G27,10109815FEITOSAF,2025-05-24,124247,1,4,0,220.0
10109815FEITOSAF_2025-05-26_G02,10109815FEITOSAF,2025-05-26,123345,1,4,0,311.0
10109815FEITOSAF_2025-05-26_G03,10109815FEITOSAF,2025-05-26,124486,1,20,0,445.0
10109815FEITOSAF_2025-05-26_G04,10109815FEITOSAF,2025-05-26,123343,1,10,0,217.0
10109815FEITOSAF_2025-05-26_G05,10109815FEITOSAF,2025-05-26,123344,1,1,0,219.0
10109815FEITOSAF_2025-05-26_G06,10109815FEITOSAF,2025-05-26,121760,1,2,0,237.0
10109815FEITOSAF_2025-05-26_G07,10109815FEITOSAF,2025-05-26,123153,1,76,0,1005.0
10109815FEITOSAF_2025-05-26_G08,10109815FEITOSAF,2025-05-26,123153,1,10,0,250.0
10109815FEITOSAF_2025-05-26_G09,10109815FEITOSAF,2025-05-26,123153,1,10,0,118.0
10109815FEITOSAF_2025-05-26_G10,10109815FEITOSAF,2025-05-26,123153,1,4,0,177.0
10109815FEITOSAF_2025-05-26_G11,10109815FEITOSAF,2025-05-26,122962,1,8,0,123.0
10109815FEITOSAF_2025-05-26_G12,10109815FEITOSAF,2025-05-26,124247,1,4,0,292.0
10109815FEITOSAF_2025-05-26_G13,10109815FEITOSAF,2025-05-26,123343,1,4,0,104.0
10109815FEITOSAF_2025-05-26_G14,10109815FEITOSAF,2025-05-26,123343,1,2,0,262.0
10109815FEITOSAF_2025-05-26_G15,10109815FEITOSAF,2025-05-26,123948,1,8,0,71.0
10109815FEITOSAF_2025-05-26_G16,10109815FEITOSAF,2025-05-26,124486,1,4,0,180.0
10109815FEITOSAF_2025-05-26_G17,10109815FEITOSAF,2025-05-26,123822,1,44,0,716.0
10109815FEITOSAF_2025-05-26_G18,10109815FEITOSAF,2025-05-26,121651,1,2,0,109.0
10109815FEITOSAF_2025-05-26_G19,10109815FEITOSAF,2025-05-26,121760,1,2,0,165.0
10109815FEITOSAF_2025-05-26_G20,10109815FEITOSAF,2025-05-26,124248,1,2,0,139.0
10109815FEITOSAF_2025-05-26_G21,10109815FEITOSAF,2025-05-26,123344,1,2,0,246.0
10109815FEITOSAF_2025-05-26_G22,10109815FEITOSAF,2025-05-26,122984,1,12,0,837.0
10109815FEITOSAF_2025-05-26_G23,10109815FEITOSAF,2025-05-26,181057,1,7,0,195.0
10109815FEITOSAF_2025-05-26_G25,10109815FEITOSAF,2025-05-26,123344,1,6,0,774.0
10109815FEITOSAF_2025-05-26_G27,10109815FEITOSAF,2025-05-26,122982,1,30,0,382.0
10109815FEITOSAF_2025-05-26_G28,10109815FEITOSAF,2025-05-26,122981,1,6,0,261.0
10109815FEITOSAF_2025-05-26_G29,10109815FEITOSAF,2025-05-26,122962,1,40,0,712.0
10109815FEITOSAF_2025-05-26_G30,10109815FEITOSAF,2025-05-26,122185,1,10,0,251.0
10109815FEITOSAF_2025-05-26_G31,10109815FEITOSAF,2025-05-26,124476,1,6,0,144.0
10109815FEITOSAF_2025-05-26_G32,10109815FEITOSAF,2025-05-26,123521,1,8,0,126.0
10109815FEITOSAF_2025-05-26_G33,10109815FEITOSAF,2025-05-26,124264,1,4,0,140.0
10109815FEITOSAF_2025-05-26_G34,10109815FEITOSAF,2025-05-26,121760,1,24,0,531.0
10109815FEITOSAF_2025-05-26_G35,10109815FEITOSAF,2025-05-26,122984,1,74,0,881.0
10109815FEITOSAF_2025-05-26_G36,10109815FEITOSAF,2025-05-26,124371,1,20,0,321.0
10109815FEITOSAF_2025-05-27_G02,10109815FEITOSAF,2025-05-27,123822,1,4,0,45.0
10109815FEITOSAF_2025-05-27_G03,10109815FEITOSAF,2025-05-27,123822,1,4,0,38.0
10109815FEITOSAF_2025-05-27_G04,10109815FEITOSAF,2025-05-27,123822,1,4,0,128.0
10109815FEITOSAF_2025-05-27_G05,10109815FEITOSAF,2025-05-27,123822,2,8,26,37.0
10109815FEITOSAF_2025-05-27_G06,10109815FEITOSAF,2025-05-27,123822,1,4,0,78.0
10109815FEITOSAF_2025-05-27_G07,10109815FEITOSAF,2025-05-27,122962,1,40,0,1263.0
10109815FEITOSAF_2025-05-27_G08,10109815FEITOSAF,2025-05-27,123822,1,2,0,89.0
10109815FEITOSAF_2025-05-27_G09,10109815FEITOSAF,2025-05-27,123909,1,12,0,204.0
10109815FEITOSAF_2025-05-27_G11,10109815FEITOSAF,2025-05-27,122982,1,2,0,91.0
10109815FEITOSAF_2025-05-27_G12,10109815FEITOSAF,2025-05-27,122962,1,2,0,103.0
10109815FEITOSAF_2025-05-27_G13,10109815FEITOSAF,2025-05-27,122962,1,4,0,219.0
10109815FEITOSAF_2025-05-27_G14,10109815FEITOSAF,2025-05-27,121651,1,3,0,146.0
10109815FEITOSAF_2025-05-27_G15,10109815FEITOSAF,2025-05-27,121651,1,2,0,97.0
10109815FEITOSAF_2025-05-27_G16,10109815FEITOSAF,2025-05-27,121760,1,2,0,107.0
10109815FEITOSAF_2025-05-27_G17,10109815FEITOSAF,2025-05-27,122984,1,8,0,164.0
10109815FEITOSAF_2025-05-27_G18,10109815FEITOSAF,2025-05-27,122984,1,2,0,196.0
10109815FEITOSAF_2025-05-27_G19,10109815FEITOSAF,2025-05-27,124248,1,8,0,249.0
10109815FEITOSAF_2025-05-27_G20,10109815FEITOSAF,2025-05-27,124248,1,22,0,381.0
10109815FEITOSAF_2025-05-27_G21,10109815FEITOSAF,2025-05-27,124247,1,4,0,251.0
10109815FEITOSAF_2025-05-27_G22,10109815FEITOSAF,2025-05-27,180024,1,1,0,158.0
10109815FEITOSAF_2025-05-27_G23,10109815FEITOSAF,2025-05-27,123343,1,2,0,117.0
10109815FEITOSAF_2025-05-27_G24,10109815FEITOSAF,2025-05-27,123343,1,2,0,71.0
10109815FEITOSAF_2025-05-27_G25,10109815FEITOSAF,2025-05-27,181280,1,2,0,881.0
10109815FEITOSAF_2025-05-27_G26,10109815FEITOSAF,2025-05-27,181887,1,2,0,184.0
10109815FEITOSAF_2025-05-27_G27,10109815FEITOSAF,2025-05-27,181056,1,2,0,147.0
10109815FEITOSAF_2025-05-27_G28,10109815FEITOSAF,2025-05-27,122981,1,2,0,1022.0
10109815FEITOSAF_2025-05-27_G29,10109815FEITOSAF,2025-05-27,122962,1,2,0,86.0
10109815FEITOSAF_2025-05-27_G30,10109815FEITOSAF,2025-05-27,122962,1,10,0,201.0
10109815FEITOSAF_2025-05-27_G31,10109815FEITOSAF,2025-05-27,122647,1,4,0,83.0
10109815FEITOSAF_2025-05-27_G32,10109815FEITOSAF,2025-05-27,122647,1,6,0,179.0
10109815FEITOSAF_2025-05-27_G33,10109815FEITOSAF,2025-05-27,121760,1,10,0,321.0
10109815FEITOSAF_2025-05-27_G34,10109815FEITOSAF,2025-05-27,121760,1,2,0,192.0
10109815FEITOSAF_2025-05-27_G35,10109815FEITOSAF,2025-05-27,121760,1,2,0,56.0
10109815FEITOSAF_2025-05-27_G36,10109815FEITOSAF,2025-05-27,181057,1,4,0,201.0
10109815FEITOSAF_2025-05-27_G37,10109815FEITOSAF,2025-05-27,181056,1,4,0,109.0
10109815FEITOSAF_2025-05-27_G38,10109815FEITOSAF,2025-05-27,123345,1,7,0,203.0
10109815FEITOSAF_2025-05-27_G39,10109815FEITOSAF,2025-05-27,123345,1,2,0,70.0
10109815FEITOSAF_2025-05-27_G40,10109815FEITOSAF,2025-05-27,123343,1,5,0,165.0
10109815FEITOSAF_2025-05-28_G02,10109815FEITOSAF,2025-05-28,122962,1,40,0,1200.0
10109815FEITOSAF_2025-05-28_G03,10109815FEITOSAF,2025-05-28,122673,1,14,0,461.0
10109815FEITOSAF_2025-05-28_G04,10109815FEITOSAF,2025-05-28,124486,1,3,0,109.0
10109815FEITOSAF_2025-05-28_G05,10109815FEITOSAF,2025-05-28,124370,1,6,0,294.0
10109815FEITOSAF_2025-05-28_G06,10109815FEITOSAF,2025-05-28,121923,1,2,0,67.0
10109815FEITOSAF_2025-05-28_G07,10109815FEITOSAF,2025-05-28,124475,1,4,0,208.0
10109815FEITOSAF_2025-05-28_G08,10109815FEITOSAF,2025-05-28,124476,1,4,0,103.0
10109815FEITOSAF_2025-05-28_G09,10109815FEITOSAF,2025-05-28,123521,1,2,0,125.0
10109815FEITOSAF_2025-05-28_G10,10109815FEITOSAF,2025-05-28,124371,1,4,0,76.0
10109815FEITOSAF_2025-05-28_G11,10109815FEITOSAF,2025-05-28,123344,1,2,0,118.0
10109815FEITOSAF_2025-05-28_G12,10109815FEITOSAF,2025-05-28,122983,1,2,0,83.0
10109815FEITOSAF_2025-05-28_G13,10109815FEITOSAF,2025-05-28,123345,1,5,0,156.0
10109815FEITOSAF_2025-05-28_G14,10109815FEITOSAF,2025-05-28,123909,1,4,0,156.0
10109815FEITOSAF_2025-05-28_G15,10109815FEITOSAF,2025-05-28,121651,1,6,0,295.0
10109815FEITOSAF_2025-05-28_G16,10109815FEITOSAF,2025-05-28,124475,1,8,0,164.0
10109815FEITOSAF_2025-05-28_G17,10109815FEITOSAF,2025-05-28,124476,1,8,0,138.0
10109815FEITOSAF_2025-05-28_G18,10109815FEITOSAF,2025-05-28,123521,1,4,0,178.0
10109815FEITOSAF_2025-05-28_G19,10109815FEITOSAF,2025-05-28,122673,1,6,0,136.0
10109815FEITOSAF_2025-05-28_G20,10109815FEITOSAF,2025-05-28,120339,1,2,0,123.0
10109815FEITOSAF_2025-05-28_G21,10109815FEITOSAF,2025-05-28,124371,1,12,0,264.0
10109815FEITOSAF_2025-05-28_G22,10109815FEITOSAF,2025-05-28,181280,1,4,0,222.0
10109815FEITOSAF_2025-05-28_G23,10109815FEITOSAF,2025-05-28,181057,1,2,0,140.0
10109815FEITOSAF_2025-05-28_G24,10109815FEITOSAF,2025-05-28,181056,1,3,0,97.0
10109815FEITOSAF_2025-05-28_G25,10109815FEITOSAF,2025-05-28,122962,1,60,0,764.0
10109815FEITOSAF_2025-05-28_G26,10109815FEITOSAF,2025-05-28,123909,1,40,0,501.0
10109815FEITOSAF_2025-05-28_G27,10109815FEITOSAF,2025-05-28,124486,1,40,0,699.0
10109815FEITOSAF_2025-05-28_G28,10109815FEITOSAF,2025-05-28,180094,1,2,0,2118.0
10109815FEITOSAF_2025-05-28_G29,10109815FEITOSAF,2025-05-28,122185,1,30,0,843.0
10109815FEITOSAF_2025-05-28_G30,10109815FEITOSAF,2025-05-28,122984,1,20,0,448.0
10109815FEITOSAF_2025-05-28_G31,10109815FEITOSAF,2025-05-28,123908,1,45,0,2797.0
10109815FEITOSAF_2025-05-28_G32,10109815FEITOSAF,2025-05-28,123822,1,44,0,995.0
10109815FEITOSAF_2025-05-28_G33,10109815FEITOSAF,2025-05-28,123081,1,25,0,590.0
10109815FEITOSAF_2025-05-28_G34,10109815FEITOSAF,2025-05-28,122189,1,32,0,613.0
10109815FEITOSAF_2025-05-28_G35,10109815FEITOSAF,2025-05-28,122196,1,32,0,473.0
10109815FEITOSAF_2025-05-28_G37,10109815FEITOSAF,2025-05-28,123345,1,20,0,2105.0
10109815FEITOSAF_2025-05-28_G38,10109815FEITOSAF,2025-05-28,121651,1,2,0,724.0
10109815FEITOSAF_2025-05-28_G39,10109815FEITOSAF,2025-05-28,121760,1,2,0,158.0
10109815FEITOSAF_2025-05-28_G40,10109815FEITOSAF,2025-05-28,124248,1,2,0,62.0
10109815FEITOSAF_2025-05-28_G41,10109815FEITOSAF,2025-05-28,123344,1,4,0,293.0
10109815FEITOSAF_2025-05-28_G42,10109815FEITOSAF,2025-05-28,123344,1,2,0,37.0
10109815FEITOSAF_2025-05-28_G43,10109815FEITOSAF,2025-05-28,123345,1,3,0,104.0
10109815FEITOSAF_2025-05-28_G44,10109815FEITOSAF,2025-05-28,124486,1,4,0,96.0
10109815FEITOSAF_2025-05-28_G45,10109815FEITOSAF,2025-05-28,123948,1,8,0,389.0
10109815FEITOSAF_2025-05-28_G46,10109815FEITOSAF,2025-05-28,123909,1,4,0,132.0
10109815FEITOSAF_2025-05-28_G47,10109815FEITOSAF,2025-05-28,"122671, 123909",2,12,30,121.0
10109815FEITOSAF_2025-05-28_G48,10109815FEITOSAF,2025-05-28,124486,1,4,0,99.0
10109815FEITOSAF_2025-05-28_G49,10109815FEITOSAF,2025-05-28,"124486, 122962",2,42,14,692.0
10109815FEITOSAF_2025-05-28_G50,10109815FEITOSAF,2025-05-28,122962,1,24,0,142.0
10109815FEITOSAF_2025-05-28_G51,10109815FEITOSAF,2025-05-28,124486,1,12,0,195.0
10109815FEITOSAF_2025-05-28_G52,10109815FEITOSAF,2025-05-28,122962,1,8,0,183.0
10109815FEITOSAF_2025-05-28_G53,10109815FEITOSAF,2025-05-28,122673,1,4,0,212.0
10109815FEITOSAF_2025-05-29_G02,10109815FEITOSAF,2025-05-29,122671,1,4,0,51.0
10109815FEITOSAF_2025-05-29_G03,10109815FEITOSAF,2025-05-29,122962,1,2,0,127.0
10109815FEITOSAF_2025-05-29_G04,10109815FEITOSAF,2025-05-29,122962,1,32,0,320.0
10109815FEITOSAF_2025-05-29_G05,10109815FEITOSAF,2025-05-29,122671,1,2,0,180.0
10109815FEITOSAF_2025-05-29_G06,10109815FEITOSAF,2025-05-29,124486,1,1,0,31.0
10109815FEITOSAF_2025-05-29_G07,10109815FEITOSAF,2025-05-29,122673,1,4,0,248.0
10109815FEITOSAF_2025-05-29_G08,10109815FEITOSAF,2025-05-29,122981,1,10,0,380.0
10109815FEITOSAF_2025-05-29_G09,10109815FEITOSAF,2025-05-29,123343,1,10,0,551.0
10109815FEITOSAF_2025-05-29_G10,10109815FEITOSAF,2025-05-29,123153,1,16,0,378.0
10109815FEITOSAF_2025-05-29_G11,10109815FEITOSAF,2025-05-29,122673,1,8,0,127.0
10109815FEITOSAF_2025-05-29_G12,10109815FEITOSAF,2025-05-29,122647,1,4,0,118.0
10109815FEITOSAF_2025-05-29_G13,10109815FEITOSAF,2025-05-29,124264,1,4,0,57.0
10109815FEITOSAF_2025-05-29_G14,10109815FEITOSAF,2025-05-29,122673,1,16,0,257.0
10109815FEITOSAF_2025-05-29_G15,10109815FEITOSAF,2025-05-29,180098,1,4,0,929.0
10109815FEITOSAF_2025-05-29_G16,10109815FEITOSAF,2025-05-29,123345,1,10,0,113.0
10109815FEITOSAF_2025-05-29_G17,10109815FEITOSAF,2025-05-29,114647,1,2,0,856.0
10109815FEITOSAF_2025-05-29_G19,10109815FEITOSAF,2025-05-29,123153,1,6,0,96.0
10109815FEITOSAF_2025-05-29_G20,10109815FEITOSAF,2025-05-29,123345,1,4,0,197.0
10109815FEITOSAF_2025-05-29_G21,10109815FEITOSAF,2025-05-29,124486,1,3,0,158.0
10109815FEITOSAF_2025-05-29_G22,10109815FEITOSAF,2025-05-29,123153,1,2,0,110.0
10109815FEITOSAF_2025-05-29_G23,10109815FEITOSAF,2025-05-29,121651,1,8,0,195.0
10109815FEITOSAF_2025-05-29_G24,10109815FEITOSAF,2025-05-29,124475,1,4,0,190.0
10109815FEITOSAF_2025-05-29_G25,10109815FEITOSAF,2025-05-29,124476,1,2,0,101.0
10109815FEITOSAF_2025-05-29_G26,10109815FEITOSAF,2025-05-29,124476,1,6,0,250.0
10109815FEITOSAF_2025-05-29_G27,10109815FEITOSAF,2025-05-29,124247,1,5,0,281.0
10109815FEITOSAF_2025-05-29_G28,10109815FEITOSAF,2025-05-29,124476,1,24,0,494.0
10109815FEITOSAF_2025-05-29_G29,10109815FEITOSAF,2025-05-29,123345,1,14,0,244.0
10109815FEITOSAF_2025-05-29_G30,10109815FEITOSAF,2025-05-29,124486,1,10,0,389.0
10109815FEITOSAF_2025-05-29_G31,10109815FEITOSAF,2025-05-29,122673,1,4,0,424.0
10109815FEITOSAF_2025-05-29_G32,10109815FEITOSAF,2025-05-29,123344,1,8,0,298.0
10109815FEITOSAF_2025-05-30_G02,10109815FEITOSAF,2025-05-30,124264,1,4,0,842.0
10109815FEITOSAF_2025-05-30_G03,10109815FEITOSAF,2025-05-30,122962,1,12,0,324.0
10109815FEITOSAF_2025-05-30_G04,10109815FEITOSAF,2025-05-30,122962,1,20,0,308.0
10109815FEITOSAF_2025-05-30_G05,10109815FEITOSAF,2025-05-30,124486,1,16,0,252.0
10109815FEITOSAF_2025-05-30_G06,10109815FEITOSAF,2025-05-30,122962,1,40,0,480.0
10109815FEITOSAF_2025-05-30_G07,10109815FEITOSAF,2025-05-30,122962,1,7,0,176.0
10109815FEITOSAF_2025-05-30_G08,10109815FEITOSAF,2025-05-30,122673,1,10,0,128.0
10109815FEITOSAF_2025-05-30_G09,10109815FEITOSAF,2025-05-30,124477,1,10,0,357.0
10109815FEITOSAF_2025-05-30_G10,10109815FEITOSAF,2025-05-30,122968,1,7,0,2124.0
10109815FEITOSAF_2025-05-30_G11,10109815FEITOSAF,2025-05-30,122962,1,12,0,270.0
10109815FEITOSAF_2025-05-30_G12,10109815FEITOSAF,2025-05-30,124486,1,16,0,366.0
10109815FEITOSAF_2025-05-30_G13,10109815FEITOSAF,2025-05-30,122703,1,4,0,59.0
10109815FEITOSAF_2025-05-30_G14,10109815FEITOSAF,2025-05-30,124370,1,8,0,357.0
10109815FEITOSAF_2025-05-30_G15,10109815FEITOSAF,2025-05-30,124475,1,4,0,94.0
10109815FEITOSAF_2025-05-30_G16,10109815FEITOSAF,2025-05-30,122985,1,4,0,246.0
10109815FEITOSAF_2025-05-30_G17,10109815FEITOSAF,2025-05-30,123344,1,8,0,218.0
10109815FEITOSAF_2025-05-30_G18,10109815FEITOSAF,2025-05-30,123345,1,12,0,227.0
10109815FEITOSAF_2025-05-30_G19,10109815FEITOSAF,2025-05-30,123343,1,10,0,452.0
10109815FEITOSAF_2025-05-30_G20,10109815FEITOSAF,2025-05-30,122985,1,3,0,176.0
10109815FEITOSAF_2025-05-30_G21,10109815FEITOSAF,2025-05-30,122962,1,24,0,449.0
10109815FEITOSAF_2025-05-30_G22,10109815FEITOSAF,2025-05-30,124486,1,20,0,268.0
10109815FEITOSAF_2025-05-30_G23,10109815FEITOSAF,2025-05-30,122673,1,8,0,95.0
10109815FEITOSAF_2025-05-30_G24,10109815FEITOSAF,2025-05-30,123345,1,4,0,179.0
10109815FEITOSAF_2025-05-30_G25,10109815FEITOSAF,2025-05-30,122705,1,100,0,2813.0
10109815FEITOSAF_2025-05-30_G27,10109815FEITOSAF,2025-05-30,123560,1,2,0,65.0
10109815FEITOSAF_2025-05-30_G28,10109815FEITOSAF,2025-05-30,123560,1,10,0,293.0
10109815FEITOSAF_2025-05-30_G29,10109815FEITOSAF,2025-05-30,123560,1,3,0,54.0
10109815FEITOSAF_2025-05-30_G30,10109815FEITOSAF,2025-05-30,123560,1,6,0,185.0
10109815FEITOSAF_2025-05-30_G31,10109815FEITOSAF,2025-05-30,121923,1,6,0,151.0
10109815FEITOSAF_2025-05-30_G32,10109815FEITOSAF,2025-05-30,120272,1,2,0,66.0
10109815FEITOSAF_2025-05-30_G33,10109815FEITOSAF,2025-05-30,120339,1,6,0,93.0
10109815FEITOSAF_2025-05-30_G34,10109815FEITOSAF,2025-05-30,120339,1,4,0,167.0
10109815FEITOSAF_2025-05-30_G35,10109815FEITOSAF,2025-05-30,120339,1,6,0,75.0
10109815FEITOSAF_2025-05-30_G36,10109815FEITOSAF,2025-05-30,122985,1,4,0,172.0
10109815FEITOSAF_2025-05-30_G37,10109815FEITOSAF,2025-05-30,122985,1,2,0,58.0
10109815FEITOSAF_2025-05-30_G38,10109815FEITOSAF,2025-05-30,122983,1,6,0,120.0
10109815FEITOSAF_2025-05-30_G39,10109815FEITOSAF,2025-05-30,123822,1,6,0,183.0
10109815FEITOSAF_2025-05-30_G40,10109815FEITOSAF,2025-05-30,123822,1,16,0,291.0
10109815FEITOSAF_2025-05-30_G41,10109815FEITOSAF,2025-05-30,122962,1,12,0,351.0
10109815FEITOSAF_2025-05-30_G42,10109815FEITOSAF,2025-05-30,124486,1,8,0,144.0
10109815FEITOSAF_2025-05-30_G43,10109815FEITOSAF,2025-05-30,122985,1,2,0,175.0
10109815FEITOSAF_2025-05-30_G44,10109815FEITOSAF,2025-05-30,122962,1,20,0,273.0
10109815FEITOSAF_2025-05-30_G45,10109815FEITOSAF,2025-05-30,122982,1,24,0,2605.0
10109815FEITOSAF_2025-05-30_G46,10109815FEITOSAF,2025-05-30,123153,1,60,0,643.0
10109815FEITOSAF_2025-05-30_G47,10109815FEITOSAF,2025-05-30,122703,1,40,0,353.0
10109815FEITOSAF_2025-05-30_G48,10109815FEITOSAF,2025-05-30,124264,1,41,0,928.0
10109815FEITOSAF_2025-05-30_G49,10109815FEITOSAF,2025-05-30,122673,1,36,0,573.0
10109815FEITOSAF_2025-05-30_G50,10109815FEITOSAF,2025-05-30,123344,1,30,0,66.0
10109815FEITOSAF_2025-05-30_G51,10109815FEITOSAF,2025-05-30,122983,1,24,0,474.0
10109815FEITOSAF_2025-05-30_G52,10109815FEITOSAF,2025-05-30,123343,1,20,0,842.0
10109815FEITOSAF_2025-05-31_G02,10109815FEITOSAF,2025-05-31,123153,1,8,0,127.0
10109815FEITOSAF_2025-05-31_G03,10109815FEITOSAF,2025-05-31,122984,1,4,0,104.0
10109815FEITOSAF_2025-05-31_G04,10109815FEITOSAF,2025-05-31,124248,1,2,0,67.0
10109815FEITOSAF_2025-05-31_G05,10109815FEITOSAF,2025-05-31,124248,1,1,0,55.0
10109815FEITOSAF_2025-05-31_G06,10109815FEITOSAF,2025-05-31,120028,1,5,0,170.0
10109815FEITOSAF_2025-05-31_G07,10109815FEITOSAF,2025-05-31,122673,1,8,0,44.0
10109815FEITOSAF_2025-05-31_G08,10109815FEITOSAF,2025-05-31,124247,1,4,0,108.0
10109815FEITOSAF_2025-05-31_G09,10109815FEITOSAF,2025-05-31,122962,1,21,0,251.0
10109815FEITOSAF_2025-05-31_G10,10109815FEITOSAF,2025-05-31,122986,1,12,0,356.0
10109815FEITOSAF_2025-05-31_G11,10109815FEITOSAF,2025-05-31,123130,1,5,0,59.0
10109815FEITOSAF_2025-05-31_G12,10109815FEITOSAF,2025-05-31,123948,1,20,0,263.0
10109815FEITOSAF_2025-05-31_G13,10109815FEITOSAF,2025-05-31,123130,1,2,0,145.0
10109815FEITOSAF_2025-05-31_G14,10109815FEITOSAF,2025-05-31,123130,1,4,0,80.0
10109815FEITOSAF_2025-05-31_G15,10109815FEITOSAF,2025-05-31,123343,1,10,0,500.0
10109815FEITOSAF_2025-05-31_G16,10109815FEITOSAF,2025-05-31,124548,1,4,0,188.0
10109815FEITOSAF_2025-05-31_G17,10109815FEITOSAF,2025-05-31,123822,1,6,0,2591.0
10109815FEITOSAF_2025-05-31_G18,10109815FEITOSAF,2025-05-31,122967,1,29,0,2437.0
10109815FEITOSAF_2025-05-31_G19,10109815FEITOSAF,2025-05-31,124475,1,4,0,730.0
10109815FEITOSAF_2025-05-31_G20,10109815FEITOSAF,2025-05-31,121651,1,6,0,1926.0
10109815FEITOSAF_2025-05-31_G21,10109815FEITOSAF,2025-05-31,121760,1,10,0,262.0
10109815FEITOSAF_2025-05-31_G22,10109815FEITOSAF,2025-05-31,124476,1,2,0,273.0
10109815FEITOSAF_2025-05-31_G23,10109815FEITOSAF,2025-05-31,122984,1,2,0,227.0
10109815FEITOSAF_2025-05-31_G24,10109815FEITOSAF,2025-05-31,124476,1,6,0,228.0
10109815FEITOSAF_2025-05-31_G25,10109815FEITOSAF,2025-05-31,121760,1,2,0,116.0
10109815FEITOSAF_2025-05-31_G26,10109815FEITOSAF,2025-05-31,124476,1,2,0,155.0
10109815FEITOSAF_2025-05-31_G27,10109815FEITOSAF,2025-05-31,122984,1,2,0,150.0
10109815FEITOSAF_2025-05-31_G28,10109815FEITOSAF,2025-05-31,122185,1,39,0,680.0
10109815FEITOSAF_2025-05-31_G29,10109815FEITOSAF,2025-05-31,124477,1,14,0,499.0
10109815FEITOSAF_2025-05-31_G30,10109815FEITOSAF,2025-05-31,124477,1,8,0,248.0
10109815FEITOSAF_2025-05-31_G31,10109815FEITOSAF,2025-05-31,124477,1,1,0,47.0
10109815FEITOSAF_2025-05-31_G32,10109815FEITOSAF,2025-05-31,124371,1,24,0,401.0
10109815FEITOSAF_2025-05-31_G33,10109815FEITOSAF,2025-05-31,124477,2,10,25,179.0
10109815FEITOSAF_2025-05-31_G34,10109815FEITOSAF,2025-05-31,124371,1,16,0,313.0
10109815FEITOSAF_2025-05-31_G35,10109815FEITOSAF,2025-05-31,122984,1,3,0,97.0
10109815FEITOSAF_2025-05-31_G36,10109815FEITOSAF,2025-05-31,123313,1,4,0,269.0
10109815FEITOSAF_2025-06-05_G02,10109815FEITOSAF,2025-06-05,124248,1,6,0,1193.0
10109815FEITOSAF_2025-06-05_G03,10109815FEITOSAF,2025-06-05,124247,1,4,0,71.0
10109815FEITOSAF_2025-06-05_G04,10109815FEITOSAF,2025-06-05,123344,1,10,0,244.0
10109815FEITOSAF_2025-06-05_G05,10109815FEITOSAF,2025-06-05,124264,1,40,0,422.0
10109815FEITOSAF_2025-06-05_G06,10109815FEITOSAF,2025-06-05,122188,1,2,0,1645.0
10109815FEITOSAF_2025-06-07_G02,10109815FEITOSAF,2025-06-07,122962,1,8,0,133.0
10109815FEITOSAF_2025-06-07_G03,10109815FEITOSAF,2025-06-07,121923,2,2,11,163.0
10109815FEITOSAF_2025-06-07_G04,10109815FEITOSAF,2025-06-07,123345,1,10,0,163.0
10109815FEITOSAF_2025-06-07_G06,10109815FEITOSAF,2025-06-07,124247,1,30,0,504.0
10109815FEITOSAF_2025-06-07_G07,10109815FEITOSAF,2025-06-07,"124247, 122962",2,19,24,395.0
10109815FEITOSAF_2025-06-07_G08,10109815FEITOSAF,2025-06-07,122986,1,10,0,183.0
10109815FEITOSAF_2025-06-07_G10,10109815FEITOSAF,2025-06-07,123153,1,24,0,764.0
10109815FEITOSAF_2025-06-07_G11,10109815FEITOSAF,2025-06-07,124370,1,10,0,511.0
10109815FEITOSAF_2025-06-07_G12,10109815FEITOSAF,2025-06-07,124247,1,6,0,187.0
10109815FEITOSAF_2025-06-07_G13,10109815FEITOSAF,2025-06-07,123313,1,3,0,129.0
10109815FEITOSAF_2025-06-07_G14,10109815FEITOSAF,2025-06-07,123345,1,10,0,276.0
10109815FEITOSAF_2025-06-09_G02,10109815FEITOSAF,2025-06-09,122703,1,32,0,3213.0
10109815FEITOSAF_2025-06-09_G03,10109815FEITOSAF,2025-06-09,123344,1,2,0,66.0
10109815FEITOSAF_2025-06-09_G04,10109815FEITOSAF,2025-06-09,122984,1,4,0,216.0
10109815FEITOSAF_2025-06-09_G05,10109815FEITOSAF,2025-06-09,120339,1,2,0,457.0
10109815FEITOSAF_2025-06-09_G08,10109815FEITOSAF,2025-06-09,181057,1,2,0,253.0
10109815FEITOSAF_2025-06-09_G09,10109815FEITOSAF,2025-06-09,181056,1,2,0,141.0
10109815FEITOSAF_2025-06-10_G02,10109815FEITOSAF,2025-06-10,122185,1,32,0,495.0
10109815FEITOSAF_2025-06-10_G03,10109815FEITOSAF,2025-06-10,122185,1,50,0,713.0
10109815FEITOSAF_2025-06-10_G04,10109815FEITOSAF,2025-06-10,123492,1,1,0,173.0
10109815FEITOSAF_2025-06-10_G05,10109815FEITOSAF,2025-06-10,123343,1,2,0,374.0
10109815FEITOSAF_2025-06-10_G06,10109815FEITOSAF,2025-06-10,124248,1,80,0,1357.0
10109815FEITOSAF_2025-06-10_G07,10109815FEITOSAF,2025-06-10,124475,1,4,0,167.0
10109815FEITOSAF_2025-06-10_G08,10109815FEITOSAF,2025-06-10,124371,1,36,0,437.0
10109815FEITOSAF_2025-06-10_G09,10109815FEITOSAF,2025-06-10,124548,1,14,0,284.0
10109815FEITOSAF_2025-06-10_G10,10109815FEITOSAF,2025-06-10,124370,1,6,0,1460.0
10109815FEITOSAF_2025-06-10_G11,10109815FEITOSAF,2025-06-10,124371,1,30,0,693.0
10109815FEITOSAF_2025-06-10_G12,10109815FEITOSAF,2025-06-10,124248,1,15,0,320.0
10109815FEITOSAF_2025-06-10_G13,10109815FEITOSAF,2025-06-10,124476,1,10,0,193.0
10109815FEITOSAF_2025-06-10_G14,10109815FEITOSAF,2025-06-10,124247,1,10,0,247.0
10109815FEITOSAF_2025-06-10_G15,10109815FEITOSAF,2025-06-10,124486,1,30,0,2761.0
10109815FEITOSAF_2025-06-10_G16,10109815FEITOSAF,2025-06-10,124248,1,70,0,1363.0
10109815FEITOSAF_2025-06-10_G17,10109815FEITOSAF,2025-06-10,120028,1,108,0,1780.0
10109815FEITOSAF_2025-06-10_G18,10109815FEITOSAF,2025-06-10,120028,1,40,0,436.0
10109815FEITOSAF_2025-06-10_G19,10109815FEITOSAF,2025-06-10,123909,1,30,0,239.0
10109815FEITOSAF_2025-06-10_G20,10109815FEITOSAF,2025-06-10,124247,1,10,0,139.0
10109815FEITOSAF_2025-06-10_G22,10109815FEITOSAF,2025-06-10,180001,1,8,0,1420.0
10109815FEITOSAF_2025-06-10_G23,10109815FEITOSAF,2025-06-10,180590,1,38,0,915.0
10109815FEITOSAF_2025-06-10_G24,10109815FEITOSAF,2025-06-10,180590,1,28,0,788.0
10109815FEITOSAF_2025-06-10_G25,10109815FEITOSAF,2025-06-10,123390,1,41,0,1633.0
10109815FEITOSAF_2025-06-10_G26,10109815FEITOSAF,2025-06-10,122196,1,45,0,727.0
10109815FEITOSAF_2025-06-10_G27,10109815FEITOSAF,2025-06-10,122985,1,160,0,1600.0
10109815FEITOSAF_2025-06-11_G02,10109815FEITOSAF,2025-06-11,124248,1,46,0,1223.0
10109815FEITOSAF_2025-06-11_G03,10109815FEITOSAF,2025-06-11,124248,1,54,0,973.0
10109815FEITOSAF_2025-06-11_G04,10109815FEITOSAF,2025-06-11,122984,1,37,0,883.0
10109815FEITOSAF_2025-06-11_G05,10109815FEITOSAF,2025-06-11,122984,1,63,0,1141.0
10109815FEITOSAF_2025-06-11_G06,10109815FEITOSAF,2025-06-11,124248,1,20,0,211.0
10109815FEITOSAF_2025-06-11_G07,10109815FEITOSAF,2025-06-11,124548,1,95,0,1658.0
10109815FEITOSAF_2025-06-11_G09,10109815FEITOSAF,2025-06-11,122671,1,4,0,58.0
10109815FEITOSAF_2025-06-11_G10,10109815FEITOSAF,2025-06-11,124486,1,10,0,115.0
10109815FEITOSAF_2025-06-11_G11,10109815FEITOSAF,2025-06-11,120028,1,20,0,174.0
10109815FEITOSAF_2025-06-11_G12,10109815FEITOSAF,2025-06-11,123343,1,60,0,484.0
10109815FEITOSAF_2025-06-11_G13,10109815FEITOSAF,2025-06-11,124486,1,30,0,397.0
10109815FEITOSAF_2025-06-11_G14,10109815FEITOSAF,2025-06-11,122647,1,20,0,180.0
10109815FEITOSAF_2025-06-11_G15,10109815FEITOSAF,2025-06-11,124248,1,6,0,112.0
10109815FEITOSAF_2025-06-11_G16,10109815FEITOSAF,2025-06-11,123947,1,6,0,205.0
10109815FEITOSAF_2025-06-11_G18,10109815FEITOSAF,2025-06-11,122962,1,40,0,212.0
10109815FEITOSAF_2025-06-11_G19,10109815FEITOSAF,2025-06-11,123909,1,6,0,98.0
10109815FEITOSAF_2025-06-11_G20,10109815FEITOSAF,2025-06-11,124248,1,2,0,118.0
10109815FEITOSAF_2025-06-11_G21,10109815FEITOSAF,2025-06-11,122962,1,20,0,194.0
10109815FEITOSAF_2025-06-11_G22,10109815FEITOSAF,2025-06-11,123822,1,1,0,52.0
10109815FEITOSAF_2025-06-11_G23,10109815FEITOSAF,2025-06-11,122962,1,36,0,307.0
10109815FEITOSAF_2025-06-11_G24,10109815FEITOSAF,2025-06-11,120028,1,11,0,160.0
10109815FEITOSAF_2025-06-11_G25,10109815FEITOSAF,2025-06-11,123909,1,4,0,39.0
10109815FEITOSAF_2025-06-11_G26,10109815FEITOSAF,2025-06-11,123343,1,2,0,296.0
10109815FEITOSAF_2025-06-11_G27,10109815FEITOSAF,2025-06-11,122982,1,16,0,197.0
10109815FEITOSAF_2025-06-11_G28,10109815FEITOSAF,2025-06-11,124264,1,30,0,295.0
10109815FEITOSAF_2025-06-12_G02,10109815FEITOSAF,2025-06-12,122671,1,4,0,142.0
10109815FEITOSAF_2025-06-12_G03,10109815FEITOSAF,2025-06-12,122962,1,16,0,359.0
10109815FEITOSAF_2025-06-12_G04,10109815FEITOSAF,2025-06-12,124486,1,12,0,273.0
10109815FEITOSAF_2025-06-12_G05,10109815FEITOSAF,2025-06-12,123909,1,4,0,160.0
10109815FEITOSAF_2025-06-12_G06,10109815FEITOSAF,2025-06-12,124486,1,15,0,3062.0
10109815FEITOSAF_2025-06-12_G07,10109815FEITOSAF,2025-06-12,122647,1,1,0,50.0
10109815FEITOSAF_2025-06-12_G08,10109815FEITOSAF,2025-06-12,122984,1,6,0,99.0
10109815FEITOSAF_2025-06-12_G09,10109815FEITOSAF,2025-06-12,124248,1,4,0,41.0
10109815FEITOSAF_2025-06-12_G10,10109815FEITOSAF,2025-06-12,121651,1,12,0,136.0
10109815FEITOSAF_2025-06-12_G11,10109815FEITOSAF,2025-06-12,120008,1,50,0,563.0
10109815FEITOSAF_2025-06-12_G12,10109815FEITOSAF,2025-06-12,181887,1,6,0,3022.0
10109815FEITOSAF_2025-06-12_G14,10109815FEITOSAF,2025-06-12,124247,1,20,0,122.0
10109815FEITOSAF_2025-06-12_G15,10109815FEITOSAF,2025-06-12,123909,1,4,0,49.0
10109815FEITOSAF_2025-06-13_G02,10109815FEITOSAF,2025-06-13,122983,1,2,0,104.0
10109815FEITOSAF_2025-06-13_G03,10109815FEITOSAF,2025-06-13,123909,1,6,0,411.0
10109815FEITOSAF_2025-06-13_G04,10109815FEITOSAF,2025-06-13,124475,1,6,0,199.0
10109815FEITOSAF_2025-06-13_G05,10109815FEITOSAF,2025-06-13,121651,1,6,0,313.0
10109815FEITOSAF_2025-06-13_G06,10109815FEITOSAF,2025-06-13,181057,1,2,0,154.0
10109815FEITOSAF_2025-06-13_G07,10109815FEITOSAF,2025-06-13,123345,1,12,0,337.0
10109815FEITOSAF_2025-06-13_G08,10109815FEITOSAF,2025-06-13,122671,1,4,0,231.0
10109815FEITOSAF_2025-06-13_G09,10109815FEITOSAF,2025-06-13,122962,1,2,0,63.0
10109815FEITOSAF_2025-06-13_G10,10109815FEITOSAF,2025-06-13,124370,1,6,0,151.0
10109815FEITOSAF_2025-06-13_G11,10109815FEITOSAF,2025-06-13,122703,1,4,0,136.0
10109815FEITOSAF_2025-06-13_G12,10109815FEITOSAF,2025-06-13,124486,1,3,0,122.0
10109815FEITOSAF_2025-06-13_G13,10109815FEITOSAF,2025-06-13,123909,1,1,0,553.0
10109815FEITOSAF_2025-06-13_G14,10109815FEITOSAF,2025-06-13,122185,1,2,0,559.0
10109815FEITOSAF_2025-06-13_G15,10109815FEITOSAF,2025-06-13,123521,1,2,0,76.0
10109815FEITOSAF_2025-06-13_G16,10109815FEITOSAF,2025-06-13,121651,1,6,0,372.0
10109815FEITOSAF_2025-06-13_G17,10109815FEITOSAF,2025-06-13,121760,1,8,0,436.0
10109815FEITOSAF_2025-06-13_G18,10109815FEITOSAF,2025-06-13,123344,1,30,0,703.0
10109815FEITOSAF_2025-06-13_G19,10109815FEITOSAF,2025-06-13,123344,1,24,0,578.0
10109815FEITOSAF_2025-06-13_G20,10109815FEITOSAF,2025-06-13,124370,1,16,0,2569.0
10109815FEITOSAF_2025-06-13_G21,10109815FEITOSAF,2025-06-13,124486,1,6,0,93.0
10109815FEITOSAF_2025-06-13_G22,10109815FEITOSAF,2025-06-13,124371,1,8,0,194.0
10109815FEITOSAF_2025-06-13_G23,10109815FEITOSAF,2025-06-13,124475,1,2,0,123.0
10109815FEITOSAF_2025-06-13_G24,10109815FEITOSAF,2025-06-13,120028,1,6,0,334.0
10109815FEITOSAF_2025-06-13_G25,10109815FEITOSAF,2025-06-13,124248,1,2,0,268.0
10109815FEITOSAF_2025-06-13_G26,10109815FEITOSAF,2025-06-13,122962,1,18,0,459.0
10109815FEITOSAF_2025-06-13_G27,10109815FEITOSAF,2025-06-13,124370,1,12,0,336.0
10109815FEITOSAF_2025-06-13_G28,10109815FEITOSAF,2025-06-13,122703,1,12,0,163.0
10109815FEITOSAF_2025-06-13_G29,10109815FEITOSAF,2025-06-13,124486,1,18,0,299.0
10109815FEITOSAF_2025-06-13_G30,10109815FEITOSAF,2025-06-13,122988,1,20,0,347.0
10109815FEITOSAF_2025-06-13_G31,10109815FEITOSAF,2025-06-13,122185,1,4,0,85.0
10109815FEITOSAF_2025-06-13_G32,10109815FEITOSAF,2025-06-13,124371,1,18,0,344.0
10109815FEITOSAF_2025-06-13_G33,10109815FEITOSAF,2025-06-13,121651,1,30,0,569.0
10109815FEITOSAF_2025-06-13_G34,10109815FEITOSAF,2025-06-13,121760,1,6,0,54.0
10109815FEITOSAF_2025-06-13_G35,10109815FEITOSAF,2025-06-13,122981,1,8,0,152.0
10109815FEITOSAF_2025-06-13_G36,10109815FEITOSAF,2025-06-13,122703,1,8,0,76.0
10109815FEITOSAF_2025-06-13_G37,10109815FEITOSAF,2025-06-13,124486,1,8,0,95.0
10109815FEITOSAF_2025-06-13_G38,10109815FEITOSAF,2025-06-13,124475,1,4,0,80.0
10109815FEITOSAF_2025-06-13_G39,10109815FEITOSAF,2025-06-13,120028,1,16,0,238.0
10109815FEITOSAF_2025-06-13_G40,10109815FEITOSAF,2025-06-13,124248,1,4,0,118.0
10109815FEITOSAF_2025-06-13_G41,10109815FEITOSAF,2025-06-13,121651,1,10,0,57.0
10109815FEITOSAF_2025-06-13_G42,10109815FEITOSAF,2025-06-13,120028,1,40,0,456.0
10109815FEITOSAF_2025-06-13_G44,10109815FEITOSAF,2025-06-13,122988,1,8,0,541.0
10109815FEITOSAF_2025-06-13_G45,10109815FEITOSAF,2025-06-13,120028,1,7,0,180.0
10109815FEITOSAF_2025-06-13_G46,10109815FEITOSAF,2025-06-13,121651,1,32,0,855.0
10109815FEITOSAF_2025-06-13_G47,10109815FEITOSAF,2025-06-13,122988,1,4,0,89.0
10109815FEITOSAF_2025-06-13_G48,10109815FEITOSAF,2025-06-13,122986,1,2,0,172.0
10109815FEITOSAF_2025-06-13_G49,10109815FEITOSAF,2025-06-13,124486,1,12,0,279.0
10109815FEITOSAF_2025-06-13_G50,10109815FEITOSAF,2025-06-13,124371,1,18,0,269.0
10109815FEITOSAF_2025-06-13_G51,10109815FEITOSAF,2025-06-13,122988,1,4,0,59.0
10109815FEITOSAF_2025-06-13_G52,10109815FEITOSAF,2025-06-13,124371,1,8,0,213.0
10109815FEITOSAF_2025-06-13_G53,10109815FEITOSAF,2025-06-13,121651,1,12,0,201.0
10109815FEITOSAF_2025-06-13_G54,10109815FEITOSAF,2025-06-13,122962,1,4,0,299.0
10109815FEITOSAF_2025-06-13_G55,10109815FEITOSAF,2025-06-13,122962,1,3,0,61.0
10109815FEITOSAF_2025-06-13_G56,10109815FEITOSAF,2025-06-13,122988,1,16,0,372.0
10109815FEITOSAF_2025-06-13_G57,10109815FEITOSAF,2025-06-13,124486,1,80,0,1351.0
10109815FEITOSAF_2025-06-13_G58,10109815FEITOSAF,2025-06-13,181057,1,11,0,368.0
10109815FEITOSAF_2025-06-13_G59,10109815FEITOSAF,2025-06-13,122982,1,22,0,401.0
10109815FEITOSAF_2025-06-14_G02,10109815FEITOSAF,2025-06-14,123343,1,2,0,219.0
10109815FEITOSAF_2025-06-14_G03,10109815FEITOSAF,2025-06-14,123345,1,10,0,672.0
10109815FEITOSAF_2025-06-14_G04,10109815FEITOSAF,2025-06-14,122673,1,10,0,328.0
10109815FEITOSAF_2025-06-14_G05,10109815FEITOSAF,2025-06-14,122647,1,7,0,274.0
10109815FEITOSAF_2025-06-14_G06,10109815FEITOSAF,2025-06-14,123153,1,62,0,979.0
10109815FEITOSAF_2025-06-14_G07,10109815FEITOSAF,2025-06-14,124476,1,4,0,371.0
10109815FEITOSAF_2025-06-14_G08,10109815FEITOSAF,2025-06-14,124477,1,12,0,682.0
10109815FEITOSAF_2025-06-14_G10,10109815FEITOSAF,2025-06-14,120272,1,12,0,388.0
10109815FEITOSAF_2025-06-14_G11,10109815FEITOSAF,2025-06-14,124248,1,14,0,218.0
10109815FEITOSAF_2025-06-14_G12,10109815FEITOSAF,2025-06-14,120008,1,4,0,240.0
10109815FEITOSAF_2025-06-14_G13,10109815FEITOSAF,2025-06-14,180094,1,2,0,348.0
10109815FEITOSAF_2025-06-14_G15,10109815FEITOSAF,2025-06-14,122962,1,4,0,138.0
10109815FEITOSAF_2025-06-14_G16,10109815FEITOSAF,2025-06-14,123345,1,1,0,143.0
10109815FEITOSAF_2025-06-14_G17,10109815FEITOSAF,2025-06-14,123344,1,12,0,560.0
10109815FEITOSAF_2025-06-16_G02,10109815FEITOSAF,2025-06-16,121651,1,40,0,881.0
10109815FEITOSAF_2025-06-16_G03,10109815FEITOSAF,2025-06-16,123345,1,5,0,228.0
10109815FEITOSAF_2025-06-16_G04,10109815FEITOSAF,2025-06-16,122962,1,60,0,870.0
10109815FEITOSAF_2025-06-16_G05,10109815FEITOSAF,2025-06-16,121760,1,26,0,456.0
10109815FEITOSAF_2025-06-16_G06,10109815FEITOSAF,2025-06-16,121651,1,25,0,523.0
10109815FEITOSAF_2025-06-16_G07,10109815FEITOSAF,2025-06-16,123344,1,18,0,407.0
10109815FEITOSAF_2025-06-16_G08,10109815FEITOSAF,2025-06-16,124476,1,2,0,396.0
10109815FEITOSAF_2025-06-16_G09,10109815FEITOSAF,2025-06-16,123345,1,24,0,490.0
10109815FEITOSAF_2025-06-16_G10,10109815FEITOSAF,2025-06-16,122703,1,13,0,529.0
10109815FEITOSAF_2025-06-16_G11,10109815FEITOSAF,2025-06-16,121651,1,11,0,271.0
10109815FEITOSAF_2025-06-16_G12,10109815FEITOSAF,2025-06-16,121651,1,9,0,335.0
10109815FEITOSAF_2025-06-16_G13,10109815FEITOSAF,2025-06-16,123345,1,4,0,151.0
10109815FEITOSAF_2025-06-16_G14,10109815FEITOSAF,2025-06-16,122985,1,8,0,955.0
10109815FEITOSAF_2025-06-16_G15,10109815FEITOSAF,2025-06-16,122962,1,50,0,2069.0
10109815FEITOSAF_2025-06-16_G16,10109815FEITOSAF,2025-06-16,124486,1,10,0,129.0
10109815FEITOSAF_2025-06-16_G17,10109815FEITOSAF,2025-06-16,122962,1,16,0,210.0
10109815FEITOSAF_2025-06-16_G18,10109815FEITOSAF,2025-06-16,122962,1,16,0,393.0
10109815FEITOSAF_2025-06-16_G19,10109815FEITOSAF,2025-06-16,122962,1,31,0,594.0
10109815FEITOSAF_2025-06-16_G20,10109815FEITOSAF,2025-06-16,124486,1,30,0,256.0
10109815FEITOSAF_2025-06-16_G23,10109815FEITOSAF,2025-06-16,124486,1,12,0,181.0
10109815FEITOSAF_2025-06-16_G24,10109815FEITOSAF,2025-06-16,123911,1,10,0,1149.0
10109815FEITOSAF_2025-06-16_G25,10109815FEITOSAF,2025-06-16,120028,1,4,0,162.0
10109815FEITOSAF_2025-06-16_G26,10109815FEITOSAF,2025-06-16,122196,1,14,0,87.0
10109815FEITOSAF_2025-06-16_G27,10109815FEITOSAF,2025-06-16,122196,1,17,0,192.0
10109815FEITOSAF_2025-06-16_G28,10109815FEITOSAF,2025-06-16,122196,1,30,0,202.0
10109815FEITOSAF_2025-06-18_G02,10109815FEITOSAF,2025-06-18,122673,1,12,0,150.0
10109815FEITOSAF_2025-06-18_G03,10109815FEITOSAF,2025-06-18,123822,1,26,0,73.0
10109815FEITOSAF_2025-06-18_G04,10109815FEITOSAF,2025-06-18,120389,1,26,0,37.0
10109815FEITOSAF_2025-06-18_G05,10109815FEITOSAF,2025-06-18,122986,1,20,0,465.0
10109815FEITOSAF_2025-06-18_G06,10109815FEITOSAF,2025-06-18,122984,1,4,0,192.0
10109815FEITOSAF_2025-06-18_G07,10109815FEITOSAF,2025-06-18,124486,1,18,0,406.0
10109815FEITOSAF_2025-06-18_G08,10109815FEITOSAF,2025-06-18,123822,1,42,0,1021.0
10109815FEITOSAF_2025-06-18_G09,10109815FEITOSAF,2025-06-18,122673,1,10,0,90.0
10109815FEITOSAF_2025-06-18_G10,10109815FEITOSAF,2025-06-18,124486,1,10,0,260.0
10109815FEITOSAF_2025-06-18_G11,10109815FEITOSAF,2025-06-18,122962,1,24,0,620.0
10109815FEITOSAF_2025-06-18_G12,10109815FEITOSAF,2025-06-18,124475,1,8,0,576.0
10109815FEITOSAF_2025-06-18_G13,10109815FEITOSAF,2025-06-18,122673,1,197,0,3214.0
10109815FEITOSAF_2025-06-18_G14,10109815FEITOSAF,2025-06-18,122962,1,60,0,533.0
10109815FEITOSAF_2025-06-18_G15,10109815FEITOSAF,2025-06-18,124475,1,4,0,2145.0
10109815FEITOSAF_2025-06-18_G16,10109815FEITOSAF,2025-06-18,122673,1,2,0,185.0
10109815FEITOSAF_2025-06-18_G17,10109815FEITOSAF,2025-06-18,123344,1,2,0,172.0
10109815FEITOSAF_2025-06-18_G18,10109815FEITOSAF,2025-06-18,123344,1,6,0,171.0
10109815FEITOSAF_2025-06-18_G19,10109815FEITOSAF,2025-06-18,122647,1,8,0,257.0
10109815FEITOSAF_2025-06-18_G20,10109815FEITOSAF,2025-06-18,124624,1,4,0,346.0
10109815FEITOSAF_2025-06-18_G21,10109815FEITOSAF,2025-06-18,123153,1,26,0,617.0
10109815FEITOSAF_2025-06-18_G22,10109815FEITOSAF,2025-06-18,122982,1,4,0,142.0
10109815FEITOSAF_2025-06-18_G23,10109815FEITOSAF,2025-06-18,122962,1,4,0,203.0
10109815FEITOSAF_2025-06-18_G24,10109815FEITOSAF,2025-06-18,124475,1,6,0,295.0
10109815FEITOSAF_2025-06-18_G25,10109815FEITOSAF,2025-06-18,123345,1,6,0,323.0
10109815FEITOSAF_2025-06-18_G26,10109815FEITOSAF,2025-06-18,120389,1,12,0,321.0
10109815FEITOSAF_2025-06-18_G27,10109815FEITOSAF,2025-06-18,122962,1,16,0,325.0
10109815FEITOSAF_2025-06-18_G28,10109815FEITOSAF,2025-06-18,123153,1,4,0,159.0
10109815FEITOSAF_2025-06-18_G29,10109815FEITOSAF,2025-06-18,122984,1,10,0,223.0
10109815FEITOSAF_2025-06-18_G30,10109815FEITOSAF,2025-06-18,122962,1,10,0,209.0
10109815FEITOSAF_2025-06-18_G31,10109815FEITOSAF,2025-06-18,124486,1,8,0,198.0
10109815FEITOSAF_2025-06-18_G32,10109815FEITOSAF,2025-06-18,122962,1,8,0,279.0
10109815FEITOSAF_2025-06-18_G33,10109815FEITOSAF,2025-06-18,123909,1,4,0,280.0
10109815FEITOSAF_2025-06-18_G34,10109815FEITOSAF,2025-06-18,124371,1,6,0,124.0
10109815FEITOSAF_2025-06-18_G35,10109815FEITOSAF,2025-06-18,124475,1,10,0,306.0
10109815FEITOSAF_2025-06-18_G36,10109815FEITOSAF,2025-06-18,123344,1,8,0,411.0
10109815FEITOSAF_2025-06-18_G37,10109815FEITOSAF,2025-06-18,124476,1,12,0,418.0
10109815FEITOSAF_2025-06-18_G38,10109815FEITOSAF,2025-06-18,123345,1,4,0,110.0
10109815FEITOSAF_2025-06-18_G39,10109815FEITOSAF,2025-06-18,120272,1,5,0,352.0
10109815FEITOSAF_2025-06-18_G41,10109815FEITOSAF,2025-06-18,124476,1,53,0,787.0
10109815FEITOSAF_2025-06-18_G42,10109815FEITOSAF,2025-06-18,180373,1,8,0,1356.0
10109815FEITOSAF_2025-06-19_G02,10109815FEITOSAF,2025-06-19,122673,1,6,0,539.0
10109815FEITOSAF_2025-06-19_G03,10109815FEITOSAF,2025-06-19,122673,1,10,0,111.0
10109815FEITOSAF_2025-06-19_G04,10109815FEITOSAF,2025-06-19,124247,1,12,0,276.0
10109815FEITOSAF_2025-06-19_G05,10109815FEITOSAF,2025-06-19,122673,1,15,0,1132.0
10109815FEITOSAF_2025-06-19_G06,10109815FEITOSAF,2025-06-19,124624,1,14,0,474.0
10109815FEITOSAF_2025-06-19_G07,10109815FEITOSAF,2025-06-19,121760,1,6,0,285.0
10109815FEITOSAF_2025-06-19_G08,10109815FEITOSAF,2025-06-19,122982,1,4,0,169.0
10109815FEITOSAF_2025-06-19_G09,10109815FEITOSAF,2025-06-19,122988,1,2,0,123.0
10109815FEITOSAF_2025-06-19_G10,10109815FEITOSAF,2025-06-19,123344,1,22,0,541.0
10109815FEITOSAF_2025-06-19_G11,10109815FEITOSAF,2025-06-19,123345,1,6,0,122.0
10109815FEITOSAF_2025-06-19_G12,10109815FEITOSAF,2025-06-19,123889,1,2,0,261.0
10109815FEITOSAF_2025-06-19_G13,10109815FEITOSAF,2025-06-19,123889,1,2,0,165.0
10109815FEITOSAF_2025-06-19_G14,10109815FEITOSAF,2025-06-19,122647,1,4,0,206.0
10109815FEITOSAF_2025-06-19_G15,10109815FEITOSAF,2025-06-19,120339,1,11,0,1035.0
10109815FEITOSAF_2025-06-19_G16,10109815FEITOSAF,2025-06-19,124486,1,20,0,658.0
10109815FEITOSAF_2025-06-19_G17,10109815FEITOSAF,2025-06-19,122962,1,32,0,394.0
10109815FEITOSAF_2025-06-19_G18,10109815FEITOSAF,2025-06-19,180024,1,12,0,826.0
10109815FEITOSAF_2025-06-19_G19,10109815FEITOSAF,2025-06-19,122671,1,2,0,159.0
10109815FEITOSAF_2025-06-19_G20,10109815FEITOSAF,2025-06-19,124486,1,36,0,365.0
10109815FEITOSAF_2025-06-19_G21,10109815FEITOSAF,2025-06-19,123909,1,11,0,271.0
10109815FEITOSAF_2025-06-19_G22,10109815FEITOSAF,2025-06-19,122962,1,6,0,199.0
10109815FEITOSAF_2025-06-19_G23,10109815FEITOSAF,2025-06-19,123909,1,50,0,489.0
10109815FEITOSAF_2025-06-19_G24,10109815FEITOSAF,2025-06-19,122962,1,50,0,496.0
10109815FEITOSAF_2025-06-19_G25,10109815FEITOSAF,2025-06-19,122962,1,10,0,202.0
10109815FEITOSAF_2025-06-19_G26,10109815FEITOSAF,2025-06-19,122673,1,10,0,48.0
10109815FEITOSAF_2025-06-19_G27,10109815FEITOSAF,2025-06-19,124486,1,20,0,302.0
10109815FEITOSAF_2025-06-19_G28,10109815FEITOSAF,2025-06-19,122962,1,16,0,349.0
10109815FEITOSAF_2025-06-20_G02,10109815FEITOSAF,2025-06-20,122962,1,36,0,267.0
10109815FEITOSAF_2025-06-20_G03,10109815FEITOSAF,2025-06-20,122983,1,36,0,312.0
10109815FEITOSAF_2025-06-20_G04,10109815FEITOSAF,2025-06-20,122185,1,6,0,130.0
10109815FEITOSAF_2025-06-20_G05,10109815FEITOSAF,2025-06-20,124247,1,16,0,367.0
10109815FEITOSAF_2025-06-20_G06,10109815FEITOSAF,2025-06-20,181057,1,4,0,1353.0
10109815FEITOSAF_2025-06-20_G07,10109815FEITOSAF,2025-06-20,123343,1,2,0,83.0
10109815FEITOSAF_2025-06-20_G08,10109815FEITOSAF,2025-06-20,124247,1,8,0,441.0
10109815FEITOSAF_2025-06-20_G10,10109815FEITOSAF,2025-06-20,122984,1,42,0,981.0
10109815FEITOSAF_2025-06-20_G11,10109815FEITOSAF,2025-06-20,124477,1,8,0,287.0
10109815FEITOSAF_2025-06-20_G13,10109815FEITOSAF,2025-06-20,122962,1,18,0,1059.0
10109815FEITOSAF_2025-06-20_G14,10109815FEITOSAF,2025-06-20,124486,1,100,0,2267.0
10109815FEITOSAF_2025-06-20_G15,10109815FEITOSAF,2025-06-20,124475,1,24,0,494.0
10109815FEITOSAF_2025-06-20_G16,10109815FEITOSAF,2025-06-20,124548,1,40,0,292.0
10109815FEITOSAF_2025-06-20_G17,10109815FEITOSAF,2025-06-20,124433,1,24,0,519.0
10109815FEITOSAF_2025-06-20_G18,10109815FEITOSAF,2025-06-20,124476,1,8,0,57.0
10109815FEITOSAF_2025-06-21_G02,10109815FEITOSAF,2025-06-21,122984,1,8,0,1554.0
10109815FEITOSAF_2025-06-21_G03,10109815FEITOSAF,2025-06-21,123153,1,12,0,216.0
10109815FEITOSAF_2025-06-21_G04,10109815FEITOSAF,2025-06-21,124247,1,6,0,301.0
10109815FEITOSAF_2025-06-21_G05,10109815FEITOSAF,2025-06-21,123822,1,1,0,66.0
10109815FEITOSAF_2025-06-21_G06,10109815FEITOSAF,2025-06-21,123343,1,12,0,503.0
10109815FEITOSAF_2025-06-21_G07,10109815FEITOSAF,2025-06-21,120008,1,30,0,683.0
10109815FEITOSAF_2025-06-21_G08,10109815FEITOSAF,2025-06-21,123343,1,6,0,155.0
10109815FEITOSAF_2025-06-21_G09,10109815FEITOSAF,2025-06-21,120339,1,2,0,164.0
10109815FEITOSAF_2025-06-21_G10,10109815FEITOSAF,2025-06-21,123343,1,2,0,100.0
10109815FEITOSAF_2025-06-21_G11,10109815FEITOSAF,2025-06-21,120028,1,18,0,406.0
10109815FEITOSAF_2025-06-21_G12,10109815FEITOSAF,2025-06-21,124624,1,12,0,1936.0
10109815FEITOSAF_2025-06-21_G13,10109815FEITOSAF,2025-06-21,124624,1,10,0,294.0
10109815FEITOSAF_2025-06-21_G14,10109815FEITOSAF,2025-06-21,122984,1,24,0,621.0
10109815FEITOSAF_2025-06-21_G15,10109815FEITOSAF,2025-06-21,122703,1,2,0,116.0
10109815FEITOSAF_2025-06-21_G16,10109815FEITOSAF,2025-06-21,122984,1,10,0,122.0
10109815FEITOSAF_2025-06-21_G17,10109815FEITOSAF,2025-06-21,121651,1,8,0,411.0
10109815FEITOSAF_2025-06-23_G02,10109815FEITOSAF,2025-06-23,"122673, 123345",2,4,19,33.0
10109815FEITOSAF_2025-06-23_G03,10109815FEITOSAF,2025-06-23,123153,1,70,0,1487.0
10109815FEITOSAF_2025-06-23_G04,10109815FEITOSAF,2025-06-23,124486,1,4,0,243.0
10109815FEITOSAF_2025-06-23_G05,10109815FEITOSAF,2025-06-23,122673,1,22,0,1057.0
10109815FEITOSAF_2025-06-23_G06,10109815FEITOSAF,2025-06-23,123153,1,20,0,357.0
10109815FEITOSAF_2025-06-23_G07,10109815FEITOSAF,2025-06-23,123345,1,4,0,189.0
10109815FEITOSAF_2025-06-23_G08,10109815FEITOSAF,2025-06-23,122673,1,22,0,452.0
10109815FEITOSAF_2025-06-23_G09,10109815FEITOSAF,2025-06-23,123153,1,20,0,283.0
10109815FEITOSAF_2025-06-23_G10,10109815FEITOSAF,2025-06-23,123345,1,4,0,169.0
10109815FEITOSAF_2025-06-23_G11,10109815FEITOSAF,2025-06-23,124476,1,12,0,207.0
10109815FEITOSAF_2025-06-23_G12,10109815FEITOSAF,2025-06-23,122671,1,10,0,291.0
10109815FEITOSAF_2025-06-23_G13,10109815FEITOSAF,2025-06-23,123909,1,2,0,137.0
10109815FEITOSAF_2025-06-23_G14,10109815FEITOSAF,2025-06-23,122962,1,75,0,2080.0
10109815FEITOSAF_2025-06-23_G15,10109815FEITOSAF,2025-06-23,124247,1,16,0,301.0
10109815FEITOSAF_2025-06-23_G16,10109815FEITOSAF,2025-06-23,122962,1,21,0,341.0
10109815FEITOSAF_2025-06-23_G17,10109815FEITOSAF,2025-06-23,122673,1,50,0,588.0
10109815FEITOSAF_2025-06-23_G18,10109815FEITOSAF,2025-06-23,124624,1,4,0,341.0
10109815FEITOSAF_2025-06-23_G19,10109815FEITOSAF,2025-06-23,124548,1,40,0,845.0
10109815FEITOSAF_2025-06-23_G20,10109815FEITOSAF,2025-06-23,124248,1,41,0,2522.0
10109815FEITOSAF_2025-06-23_G21,10109815FEITOSAF,2025-06-23,122984,1,20,0,713.0
10109815FEITOSAF_2025-06-23_G22,10109815FEITOSAF,2025-06-23,124486,1,100,0,854.0
10109815FEITOSAF_2025-06-23_G24,10109815FEITOSAF,2025-06-23,122673,1,20,0,296.0
10109815FEITOSAF_2025-06-23_G25,10109815FEITOSAF,2025-06-23,121760,1,35,0,529.0
10109815FEITOSAF_2025-06-23_G26,10109815FEITOSAF,2025-06-23,123345,1,2,0,115.0
10109815FEITOSAF_2025-06-23_G27,10109815FEITOSAF,2025-06-23,122673,1,4,0,137.0
10109815FEITOSAF_2025-06-23_G28,10109815FEITOSAF,2025-06-23,122673,1,10,0,409.0
10109815FEITOSAF_2025-06-23_G29,10109815FEITOSAF,2025-06-23,124486,1,8,0,157.0
10109815FEITOSAF_2025-06-23_G30,10109815FEITOSAF,2025-06-23,123560,1,28,0,981.0
10109815FEITOSAF_2025-06-23_G31,10109815FEITOSAF,2025-06-23,123153,1,34,0,468.0
10109815FEITOSAF_2025-06-24_G02,10109815FEITOSAF,2025-06-24,124247,1,2,0,135.0
10109815FEITOSAF_2025-06-24_G03,10109815FEITOSAF,2025-06-24,122983,1,4,0,197.0
10109815FEITOSAF_2025-06-24_G04,10109815FEITOSAF,2025-06-24,122984,1,6,0,280.0
10109815FEITOSAF_2025-06-24_G05,10109815FEITOSAF,2025-06-24,124248,1,24,0,316.0
10109815FEITOSAF_2025-06-24_G06,10109815FEITOSAF,2025-06-24,124247,1,2,0,75.0
10109815FEITOSAF_2025-06-24_G07,10109815FEITOSAF,2025-06-24,122984,1,4,0,159.0
10109815FEITOSAF_2025-06-24_G08,10109815FEITOSAF,2025-06-24,124477,1,4,0,231.0
10109815FEITOSAF_2025-06-24_G09,10109815FEITOSAF,2025-06-24,180054,1,2,0,210.0
10109815FEITOSAF_2025-06-24_G10,10109815FEITOSAF,2025-06-24,124476,1,20,0,573.0
10109815FEITOSAF_2025-06-24_G11,10109815FEITOSAF,2025-06-24,123153,1,5,0,100.0
10109815FEITOSAF_2025-06-24_G12,10109815FEITOSAF,2025-06-24,121760,1,20,0,253.0
10109815FEITOSAF_2025-06-24_G13,10109815FEITOSAF,2025-06-24,123822,1,9,0,141.0
10109815FEITOSAF_2025-06-24_G14,10109815FEITOSAF,2025-06-24,124247,1,10,0,167.0
10109815FEITOSAF_2025-06-24_G15,10109815FEITOSAF,2025-06-24,124248,1,10,0,173.0
10109815FEITOSAF_2025-06-24_G16,10109815FEITOSAF,2025-06-24,124247,1,28,0,242.0
10109815FEITOSAF_2025-06-24_G17,10109815FEITOSAF,2025-06-24,122984,1,5,0,169.0
10109815FEITOSAF_2025-06-24_G18,10109815FEITOSAF,2025-06-24,124248,1,3,0,103.0
10109815FEITOSAF_2025-06-24_G19,10109815FEITOSAF,2025-06-24,122983,1,12,0,255.0
10109815FEITOSAF_2025-06-24_G20,10109815FEITOSAF,2025-06-24,122984,1,4,0,152.0
10109815FEITOSAF_2025-06-24_G21,10109815FEITOSAF,2025-06-24,181235,1,2,0,1423.0
10109815FEITOSAF_2025-06-24_G22,10109815FEITOSAF,2025-06-24,181057,1,2,0,214.0
10109815FEITOSAF_2025-06-24_G23,10109815FEITOSAF,2025-06-24,181815,1,16,0,461.0
10109815FEITOSAF_2025-06-24_G24,10109815FEITOSAF,2025-06-24,123822,1,60,0,916.0
10109815FEITOSAF_2025-06-24_G25,10109815FEITOSAF,2025-06-24,122984,1,46,0,407.0
10109815FEITOSAF_2025-06-24_G26,10109815FEITOSAF,2025-06-24,122185,1,100,0,745.0
10109815FEITOSAF_2025-06-24_G27,10109815FEITOSAF,2025-06-24,123153,1,70,0,2736.0
10109815FEITOSAF_2025-06-24_G28,10109815FEITOSAF,2025-06-24,122189,1,2,0,184.0
10109815FEITOSAF_2025-06-24_G29,10109815FEITOSAF,2025-06-24,123889,1,6,0,290.0
10109815FEITOSAF_2025-06-24_G30,10109815FEITOSAF,2025-06-24,123345,1,10,0,182.0
10109815FEITOSAF_2025-06-24_G31,10109815FEITOSAF,2025-06-24,123345,1,2,0,248.0
10109815FEITOSAF_2025-06-24_G32,10109815FEITOSAF,2025-06-24,124264,1,6,0,180.0
10109815FEITOSAF_2025-06-24_G33,10109815FEITOSAF,2025-06-24,124486,1,4,0,95.0
10109815FEITOSAF_2025-06-24_G34,10109815FEITOSAF,2025-06-24,124486,1,11,0,472.0
10109815FEITOSAF_2025-06-24_G35,10109815FEITOSAF,2025-06-24,122673,1,6,0,215.0
10109815FEITOSAF_2025-06-24_G36,10109815FEITOSAF,2025-06-24,124486,1,6,0,206.0
10109815FEITOSAF_2025-06-24_G37,10109815FEITOSAF,2025-06-24,123345,1,6,0,278.0
10109815FEITOSAF_2025-06-24_G38,10109815FEITOSAF,2025-06-24,123153,1,18,0,355.0
10109815FEITOSAF_2025-06-24_G39,10109815FEITOSAF,2025-06-24,124264,1,6,0,213.0
10109815FEITOSAF_2025-06-24_G40,10109815FEITOSAF,2025-06-24,124247,1,6,0,237.0
10109815FEITOSAF_2025-06-24_G41,10109815FEITOSAF,2025-06-24,122673,1,8,0,137.0
10109815FEITOSAF_2025-06-24_G42,10109815FEITOSAF,2025-06-24,122673,1,12,0,387.0
10109815FEITOSAF_2025-06-25_G02,10109815FEITOSAF,2025-06-25,124486,1,2,0,222.0
10109815FEITOSAF_2025-06-25_G03,10109815FEITOSAF,2025-06-25,123080,1,50,0,1364.0
10109815FEITOSAF_2025-06-25_G04,10109815FEITOSAF,2025-06-25,121760,1,1,0,111.0
10109815FEITOSAF_2025-06-25_G05,10109815FEITOSAF,2025-06-25,123313,1,2,0,181.0
10109815FEITOSAF_2025-06-25_G06,10109815FEITOSAF,2025-06-25,122962,1,4,0,246.0
10109815FEITOSAF_2025-06-25_G07,10109815FEITOSAF,2025-06-25,124486,1,5,0,239.0
10109815FEITOSAF_2025-06-25_G08,10109815FEITOSAF,2025-06-25,122185,1,2,0,135.0
10109815FEITOSAF_2025-06-25_G09,10109815FEITOSAF,2025-06-25,124248,1,8,0,198.0
10109815FEITOSAF_2025-06-25_G10,10109815FEITOSAF,2025-06-25,122671,1,2,0,1213.0
10109815FEITOSAF_2025-06-25_G11,10109815FEITOSAF,2025-06-25,124248,1,2,0,71.0
10109815FEITOSAF_2025-06-25_G12,10109815FEITOSAF,2025-06-25,121651,1,3,0,202.0
10109815FEITOSAF_2025-06-25_G13,10109815FEITOSAF,2025-06-25,122984,1,8,0,177.0
10109815FEITOSAF_2025-06-25_G14,10109815FEITOSAF,2025-06-25,121651,1,8,0,258.0
10109815FEITOSAF_2025-06-25_G15,10109815FEITOSAF,2025-06-25,122962,1,8,0,132.0
10109815FEITOSAF_2025-06-25_G16,10109815FEITOSAF,2025-06-25,124486,1,2,0,241.0
10109815FEITOSAF_2025-06-25_G17,10109815FEITOSAF,2025-06-25,123153,1,6,0,705.0
10109815FEITOSAF_2025-06-25_G18,10109815FEITOSAF,2025-06-25,124476,1,4,0,247.0
10109815FEITOSAF_2025-06-25_G19,10109815FEITOSAF,2025-06-25,124247,1,2,0,61.0
10109815FEITOSAF_2025-06-25_G20,10109815FEITOSAF,2025-06-25,124248,1,5,0,352.0
10109815FEITOSAF_2025-06-25_G21,10109815FEITOSAF,2025-06-25,122673,1,30,0,625.0
10109815FEITOSAF_2025-06-25_G23,10109815FEITOSAF,2025-06-25,181057,1,20,0,512.0
10109815FEITOSAF_2025-06-25_G24,10109815FEITOSAF,2025-06-25,122671,1,30,0,621.0
10109815FEITOSAF_2025-06-25_G25,10109815FEITOSAF,2025-06-25,122673,1,30,0,320.0
10109815FEITOSAF_2025-06-25_G26,10109815FEITOSAF,2025-06-25,123909,1,80,0,953.0
10109815FEITOSAF_2025-06-25_G27,10109815FEITOSAF,2025-06-25,122673,1,32,0,365.0
10109815FEITOSAF_2025-06-25_G28,10109815FEITOSAF,2025-06-25,122962,1,4,0,70.0
10109815FEITOSAF_2025-06-25_G29,10109815FEITOSAF,2025-06-25,124486,1,30,0,485.0
10109815FEITOSAF_2025-06-25_G30,10109815FEITOSAF,2025-06-25,124247,1,10,0,194.0
10109815FEITOSAF_2025-06-25_G31,10109815FEITOSAF,2025-06-25,122673,1,10,0,123.0
10109815FEITOSAF_2025-06-25_G32,10109815FEITOSAF,2025-06-25,123822,1,6,0,143.0
10109815FEITOSAF_2025-06-25_G33,10109815FEITOSAF,2025-06-25,122962,1,4,0,140.0
10109815FEITOSAF_2025-06-25_G34,10109815FEITOSAF,2025-06-25,122671,1,2,0,106.0
10109815FEITOSAF_2025-06-25_G35,10109815FEITOSAF,2025-06-25,124247,1,18,0,428.0
10109815FEITOSAF_2025-06-25_G36,10109815FEITOSAF,2025-06-25,122983,1,18,0,316.0
10109815FEITOSAF_2025-06-25_G37,10109815FEITOSAF,2025-06-25,122671,1,12,0,225.0
10109815FEITOSAF_2025-06-25_G38,10109815FEITOSAF,2025-06-25,122673,1,12,0,330.0
10109815FEITOSAF_2025-06-25_G40,10109815FEITOSAF,2025-06-25,123080,1,100,0,846.0
10109815FEITOSAF_2025-06-26_G02,10109815FEITOSAF,2025-06-26,123822,1,51,0,1059.0
10109815FEITOSAF_2025-06-26_G03,10109815FEITOSAF,2025-06-26,123822,1,44,0,1042.0
10109815FEITOSAF_2025-06-26_G04,10109815FEITOSAF,2025-06-26,122647,1,20,0,269.0
10109815FEITOSAF_2025-06-26_G05,10109815FEITOSAF,2025-06-26,123344,1,2,0,90.0
10109815FEITOSAF_2025-06-26_G06,10109815FEITOSAF,2025-06-26,122962,1,20,0,475.0
10109815FEITOSAF_2025-06-26_G07,10109815FEITOSAF,2025-06-26,120028,1,44,0,797.0
10109815FEITOSAF_2025-06-26_G08,10109815FEITOSAF,2025-06-26,120028,1,16,0,126.0
10109815FEITOSAF_2025-06-26_G09,10109815FEITOSAF,2025-06-26,122185,1,22,0,838.0
10109815FEITOSAF_2025-06-26_G11,10109815FEITOSAF,2025-06-26,124486,1,9,0,578.0
10109815FEITOSAF_2025-06-26_G12,10109815FEITOSAF,2025-06-26,124476,1,6,0,107.0
10109815FEITOSAF_2025-06-26_G13,10109815FEITOSAF,2025-06-26,122962,1,32,0,649.0
10109815FEITOSAF_2025-06-26_G14,10109815FEITOSAF,2025-06-26,122983,1,12,0,221.0
10109815FEITOSAF_2025-06-26_G15,10109815FEITOSAF,2025-06-26,122984,1,4,0,358.0
10109815FEITOSAF_2025-06-26_G16,10109815FEITOSAF,2025-06-26,124247,1,28,0,257.0
10109815FEITOSAF_2025-06-26_G17,10109815FEITOSAF,2025-06-26,124248,1,4,0,272.0
10109815FEITOSAF_2025-06-26_G18,10109815FEITOSAF,2025-06-26,122984,1,5,0,134.0
10109815FEITOSAF_2025-06-26_G19,10109815FEITOSAF,2025-06-26,124248,1,3,0,130.0
10109815FEITOSAF_2025-06-26_G20,10109815FEITOSAF,2025-06-26,124548,1,100,0,1385.0
10109815FEITOSAF_2025-06-26_G22,10109815FEITOSAF,2025-06-26,120028,1,93,0,2320.0
10109815FEITOSAF_2025-06-26_G23,10109815FEITOSAF,2025-06-26,124548,1,25,0,370.0
10109815FEITOSAF_2025-06-26_G24,10109815FEITOSAF,2025-06-26,121304,1,22,0,339.0
10109815FEITOSAF_2025-06-26_G25,10109815FEITOSAF,2025-06-26,124477,1,50,0,89.0
10109815FEITOSAF_2025-06-26_G26,10109815FEITOSAF,2025-06-26,123345,1,70,0,504.0
10109815FEITOSAF_2025-06-26_G27,10109815FEITOSAF,2025-06-26,122673,1,14,0,1941.0
10109815FEITOSAF_2025-06-26_G28,10109815FEITOSAF,2025-06-26,122673,1,10,0,49.0
10109815FEITOSAF_2025-06-26_G29,10109815FEITOSAF,2025-06-26,124247,1,14,0,183.0
10109815FEITOSAF_2025-06-26_G30,10109815FEITOSAF,2025-06-26,124247,1,10,0,45.0
10109815FEITOSAF_2025-06-26_G31,10109815FEITOSAF,2025-06-26,123345,1,4,0,55.0
10109815FEITOSAF_2025-06-26_G32,10109815FEITOSAF,2025-06-26,122673,1,14,0,96.0
10109815FEITOSAF_2025-06-26_G33,10109815FEITOSAF,2025-06-26,124247,1,2,0,64.0
10109815FEITOSAF_2025-06-26_G34,10109815FEITOSAF,2025-06-26,123345,1,2,0,70.0
10109815FEITOSAF_2025-06-26_G35,10109815FEITOSAF,2025-06-26,122673,1,16,0,51.0
10109815FEITOSAF_2025-06-26_G36,10109815FEITOSAF,2025-06-26,124247,1,14,0,125.0
10109815FEITOSAF_2025-06-26_G37,10109815FEITOSAF,2025-06-26,123345,1,4,0,191.0
10109815FEITOSAF_2025-06-28_G02,10109815FEITOSAF,2025-06-28,121651,1,16,0,436.0
10109815FEITOSAF_2025-06-28_G03,10109815FEITOSAF,2025-06-28,121760,1,6,0,1587.0
10109815FEITOSAF_2025-06-28_G04,10109815FEITOSAF,2025-06-28,123561,1,4,0,194.0
10109815FEITOSAF_2025-06-28_G05,10109815FEITOSAF,2025-06-28,123561,1,4,0,64.0
10109815FEITOSAF_2025-06-28_G06,10109815FEITOSAF,2025-06-28,121760,1,2,0,98.0
10109815FEITOSAF_2025-06-28_G07,10109815FEITOSAF,2025-06-28,122983,1,12,0,240.0
10109815FEITOSAF_2025-06-28_G08,10109815FEITOSAF,2025-06-28,124370,1,10,0,221.0
10109815FEITOSAF_2025-06-28_G09,10109815FEITOSAF,2025-06-28,120271,1,2,0,173.0
10109815FEITOSAF_2025-06-28_G10,10109815FEITOSAF,2025-06-28,122671,1,4,0,102.0
10109815FEITOSAF_2025-06-28_G11,10109815FEITOSAF,2025-06-28,122982,1,10,0,321.0
10109815FEITOSAF_2025-06-28_G12,10109815FEITOSAF,2025-06-28,122962,1,4,0,110.0
10109815FEITOSAF_2025-06-28_G13,10109815FEITOSAF,2025-06-28,124486,1,4,0,149.0
10109815FEITOSAF_2025-06-28_G14,10109815FEITOSAF,2025-06-28,124486,1,20,0,372.0
10109815FEITOSAF_2025-06-28_G15,10109815FEITOSAF,2025-06-28,124248,1,24,0,410.0
10109815FEITOSAF_2025-06-28_G16,10109815FEITOSAF,2025-06-28,124548,1,10,0,318.0
10109815FEITOSAF_2025-06-28_G17,10109815FEITOSAF,2025-06-28,122988,1,8,0,118.0
10109815FEITOSAF_2025-06-28_G18,10109815FEITOSAF,2025-06-28,122981,1,4,0,89.0
10109815FEITOSAF_2025-06-28_G19,10109815FEITOSAF,2025-06-28,124624,1,4,0,142.0
10109815FEITOSAF_2025-06-28_G20,10109815FEITOSAF,2025-06-28,123344,1,4,0,93.0
10109815FEITOSAF_2025-06-28_G21,10109815FEITOSAF,2025-06-28,120389,1,8,0,224.0
10109815FEITOSAF_2025-06-28_G22,10109815FEITOSAF,2025-06-28,121651,1,8,0,144.0
10109815FEITOSAF_2025-06-28_G23,10109815FEITOSAF,2025-06-28,121760,1,11,0,494.0
10109815FEITOSAF_2025-06-28_G24,10109815FEITOSAF,2025-06-28,124475,1,4,0,145.0
10109815FEITOSAF_2025-06-28_G25,10109815FEITOSAF,2025-06-28,120272,1,3,0,122.0
10109815FEITOSAF_2025-06-28_G26,10109815FEITOSAF,2025-06-28,124476,1,4,0,127.0
10109815FEITOSAF_2025-06-28_G27,10109815FEITOSAF,2025-06-28,123344,1,5,0,78.0
10109815FEITOSAF_2025-06-28_G28,10109815FEITOSAF,2025-06-28,120028,1,28,0,486.0
10109815FEITOSAF_2025-06-28_G29,10109815FEITOSAF,2025-06-28,123130,1,10,0,255.0
10109815FEITOSAF_2025-06-28_G30,10109815FEITOSAF,2025-06-28,122984,1,18,0,974.0
10109815FEITOSAF_2025-06-28_G31,10109815FEITOSAF,2025-06-28,122984,1,4,0,115.0
10109815FEITOSAF_2025-06-28_G32,10109815FEITOSAF,2025-06-28,120389,1,8,0,205.0
10109815FEITOSAF_2025-06-28_G33,10109815FEITOSAF,2025-06-28,124370,1,60,0,1700.0
10109815FEITOSAF_2025-06-28_G34,10109815FEITOSAF,2025-06-28,122962,1,60,0,1197.0
10109815FEITOSAF_2025-06-28_G35,10109815FEITOSAF,2025-06-28,122984,1,40,0,829.0
10109815FEITOSAF_2025-06-28_G36,10109815FEITOSAF,2025-06-28,121651,1,49,0,1739.0
10109815FEITOSAF_2025-06-28_G37,10109815FEITOSAF,2025-06-28,123344,1,9,0,282.0
10109815FEITOSAF_2025-06-28_G38,10109815FEITOSAF,2025-06-28,121651,1,4,0,120.0
10109815FEITOSAF_2025-06-28_G40,10109815FEITOSAF,2025-06-28,120389,1,2,0,139.0
10109815FEITOSAF_2025-06-28_G41,10109815FEITOSAF,2025-06-28,122983,1,12,0,135.0
10109815FEITOSAF_2025-06-28_G42,10109815FEITOSAF,2025-06-28,123909,1,17,0,373.0
10109815FEITOSAF_2025-06-28_G43,10109815FEITOSAF,2025-06-28,122962,1,26,0,431.0
10109815FEITOSAF_2025-06-28_G44,10109815FEITOSAF,2025-06-28,121651,1,20,0,508.0
10109815FEITOSAF_2025-06-28_G45,10109815FEITOSAF,2025-06-28,123344,1,59,0,142.0
10109815FEITOSAF_2025-06-28_G46,10109815FEITOSAF,2025-06-28,123909,1,24,0,784.0
10109815FEITOSAF_2025-06-28_G47,10109815FEITOSAF,2025-06-28,181887,1,6,0,221.0
10109815FEITOSAF_2025-06-28_G48,10109815FEITOSAF,2025-06-28,123343,3,57,36,40.0
10109815FEITOSAF_2025-06-28_G49,10109815FEITOSAF,2025-06-28,123345,2,93,17,40.0
10109815FEITOSAF_2025-06-29_G02,10109815FEITOSAF,2025-06-29,121760,1,48,0,534.0
10109815FEITOSAF_2025-06-29_G03,10109815FEITOSAF,2025-06-29,124370,1,12,0,228.0
10109815FEITOSAF_2025-06-29_G04,10109815FEITOSAF,2025-06-29,124370,1,36,0,1001.0
10109815FEITOSAF_2025-06-29_G05,10109815FEITOSAF,2025-06-29,122673,1,30,0,265.0
10109815FEITOSAF_2025-06-29_G06,10109815FEITOSAF,2025-06-29,122673,1,2,0,79.0
10109815FEITOSAF_2025-06-29_G07,10109815FEITOSAF,2025-06-29,122673,1,24,0,326.0
10109815FEITOSAF_2025-06-29_G08,10109815FEITOSAF,2025-06-29,122673,1,18,0,285.0
10109815FEITOSAF_2025-06-29_G09,10109815FEITOSAF,2025-06-29,124475,1,38,0,517.0
10109815FEITOSAF_2025-06-29_G10,10109815FEITOSAF,2025-06-29,124475,1,40,0,324.0
10109815FEITOSAF_2025-06-29_G11,10109815FEITOSAF,2025-06-29,121651,1,12,0,92.0
10109815FEITOSAF_2025-06-29_G12,10109815FEITOSAF,2025-06-29,124476,1,40,0,1304.0
10109815FEITOSAF_2025-06-29_G13,10109815FEITOSAF,2025-06-29,121760,1,4,0,277.0
10109815FEITOSAF_2025-06-29_G14,10109815FEITOSAF,2025-06-29,120389,1,2,0,43.0
10109815FEITOSAF_2025-06-29_G15,10109815FEITOSAF,2025-06-29,122983,1,4,0,118.0
10109815FEITOSAF_2025-06-29_G16,10109815FEITOSAF,2025-06-29,120272,1,2,0,116.0
10109815FEITOSAF_2025-06-29_G17,10109815FEITOSAF,2025-06-29,121651,1,9,0,85.0
10109815FEITOSAF_2025-06-29_G18,10109815FEITOSAF,2025-06-29,123343,1,40,0,34.0
10109815FEITOSAF_2025-06-29_G19,10109815FEITOSAF,2025-06-29,123343,1,2,0,840.0
10109815FEITOSAF_2025-06-29_G20,10109815FEITOSAF,2025-06-29,124486,1,8,0,234.0
10109815FEITOSAF_2025-06-29_G21,10109815FEITOSAF,2025-06-29,124248,1,16,0,168.0
10109815FEITOSAF_2025-06-29_G22,10109815FEITOSAF,2025-06-29,122673,1,10,0,151.0
10109815FEITOSAF_2025-06-29_G23,10109815FEITOSAF,2025-06-29,124264,1,8,0,94.0
10109815FEITOSAF_2025-06-29_G24,10109815FEITOSAF,2025-06-29,121928,1,4,0,108.0
10109815FEITOSAF_2025-06-29_G25,10109815FEITOSAF,2025-06-29,123909,1,2,0,186.0
10109815FEITOSAF_2025-06-29_G26,10109815FEITOSAF,2025-06-29,124371,1,6,0,254.0
10109815FEITOSAF_2025-06-29_G27,10109815FEITOSAF,2025-06-29,124486,1,6,0,36.0
10109815FEITOSAF_2025-06-29_G28,10109815FEITOSAF,2025-06-29,123345,1,6,0,169.0
10109815FEITOSAF_2025-06-29_G29,10109815FEITOSAF,2025-06-29,124624,1,15,0,171.0
10109815FEITOSAF_2025-06-29_G30,10109815FEITOSAF,2025-06-29,123345,1,10,0,1420.0
10109815FEITOSAF_2025-06-29_G31,10109815FEITOSAF,2025-06-29,123343,1,8,0,980.0
10109815FEITOSAF_2025-06-29_G32,10109815FEITOSAF,2025-06-29,122962,1,15,0,357.0
10109815FEITOSAF_2025-06-29_G33,10109815FEITOSAF,2025-06-29,124486,1,40,0,671.0
10109815FEITOSAF_2025-06-29_G34,10109815FEITOSAF,2025-06-29,124248,1,8,0,130.0
10109815FEITOSAF_2025-06-29_G35,10109815FEITOSAF,2025-06-29,121651,1,4,0,143.0
10109815FEITOSAF_2025-06-29_G36,10109815FEITOSAF,2025-06-29,124476,1,8,0,208.0
10109815FEITOSAF_2025-06-29_G37,10109815FEITOSAF,2025-06-29,123345,1,20,0,407.0
10109815FEITOSAF_2025-06-29_G38,10109815FEITOSAF,2025-06-29,121760,1,7,0,318.0
10109815FEITOSAF_2025-06-29_G39,10109815FEITOSAF,2025-06-29,121760,1,3,0,80.0
10109815FEITOSAF_2025-06-29_G40,10109815FEITOSAF,2025-06-29,123909,1,10,0,176.0
10109815FEITOSAF_2025-06-29_G41,10109815FEITOSAF,2025-06-29,122962,1,10,0,128.0
10109815FEITOSAF_2025-06-29_G42,10109815FEITOSAF,2025-06-29,122984,1,3,0,91.0
10109815FEITOSAF_2025-06-29_G43,10109815FEITOSAF,2025-06-29,123344,1,20,0,477.0
10109815FEITOSAF_2025-06-29_G44,10109815FEITOSAF,2025-06-29,123822,1,6,0,126.0
10109815FEITOSAF_2025-06-29_G45,10109815FEITOSAF,2025-06-29,123345,1,4,0,258.0
10109815FEITOSAF_2025-06-29_G46,10109815FEITOSAF,2025-06-29,122673,1,33,0,406.0
10109815FEITOSAF_2025-06-29_G47,10109815FEITOSAF,2025-06-29,122673,1,27,0,381.0
10109815FEITOSAF_2025-06-29_G48,10109815FEITOSAF,2025-06-29,122647,1,1,0,104.0
10109815FEITOSAF_2025-06-29_G49,10109815FEITOSAF,2025-06-29,123345,1,4,0,66.0
10109815FEITOSAF_2025-06-29_G50,10109815FEITOSAF,2025-06-29,123822,1,20,0,223.0
10109815FEITOSAF_2025-06-29_G51,10109815FEITOSAF,2025-06-29,122962,1,16,0,132.0
10109815FEITOSAF_2025-06-29_G52,10109815FEITOSAF,2025-06-29,122962,1,24,0,315.0
10109815FEITOSAF_2025-06-29_G53,10109815FEITOSAF,2025-06-29,124486,1,12,0,292.0
10109815FEITOSAF_2025-06-29_G54,10109815FEITOSAF,2025-06-29,123344,1,12,0,345.0
10109815FEITOSAF_2025-06-29_G55,10109815FEITOSAF,2025-06-29,124624,1,24,0,252.0
10109815FEITOSAF_2025-06-29_G57,10109815FEITOSAF,2025-06-29,123909,1,40,0,528.0
10109815FEITOSAF_2025-06-29_G58,10109815FEITOSAF,2025-06-29,122962,1,50,0,419.0
10109815FEITOSAF_2025-06-29_G59,10109815FEITOSAF,2025-06-29,122983,1,14,0,149.0
10109815FEITOSAF_2025-06-29_G60,10109815FEITOSAF,2025-06-29,124247,1,4,0,52.0
10109815FEITOSAF_2025-06-29_G61,10109815FEITOSAF,2025-06-29,124248,1,16,0,335.0
10109815FEITOSAF_2025-06-30_G02,10109815FEITOSAF,2025-06-30,120028,1,4,0,468.0
10109815FEITOSAF_2025-06-30_G03,10109815FEITOSAF,2025-06-30,124486,1,11,0,323.0
10109815FEITOSAF_2025-06-30_G04,10109815FEITOSAF,2025-06-30,121760,1,15,0,475.0
10109815FEITOSAF_2025-06-30_G05,10109815FEITOSAF,2025-06-30,122983,1,3,0,80.0
10109815FEITOSAF_2025-06-30_G06,10109815FEITOSAF,2025-06-30,121651,1,7,0,292.0
10109815FEITOSAF_2025-06-30_G07,10109815FEITOSAF,2025-06-30,124476,1,10,0,162.0
10109815FEITOSAF_2025-06-30_G08,10109815FEITOSAF,2025-06-30,123345,1,3,0,233.0
10109815FEITOSAF_2025-06-30_G09,10109815FEITOSAF,2025-06-30,124486,1,2,0,247.0
10109815FEITOSAF_2025-06-30_G10,10109815FEITOSAF,2025-06-30,122982,1,11,0,397.0
10109815FEITOSAF_2025-06-30_G11,10109815FEITOSAF,2025-06-30,123560,1,5,0,2036.0
10109815FEITOSAF_2025-06-30_G12,10109815FEITOSAF,2025-06-30,120389,1,25,0,409.0
10109815FEITOSAF_2025-06-30_G13,10109815FEITOSAF,2025-06-30,180073,1,1,0,307.0
10109815FEITOSAF_2025-06-30_G14,10109815FEITOSAF,2025-06-30,122673,1,11,0,566.0
10109815FEITOSAF_2025-06-30_G15,10109815FEITOSAF,2025-06-30,123343,1,20,0,3364.0
10109815FEITOSAF_2025-06-30_G16,10109815FEITOSAF,2025-06-30,122985,1,16,0,1081.0
10109815FEITOSAF_2025-06-30_G17,10109815FEITOSAF,2025-06-30,124594,1,6,0,1009.0
10109815FEITOSAF_2025-06-30_G18,10109815FEITOSAF,2025-06-30,124477,1,6,0,76.0
10109815FEITOSAF_2025-06-30_G19,10109815FEITOSAF,2025-06-30,122982,1,4,0,132.0
10109815FEITOSAF_2025-06-30_G20,10109815FEITOSAF,2025-06-30,124247,1,30,0,740.0
10109815FEITOSAF_2025-07-07_G03,10109815FEITOSAF,2025-07-07,123343,1,4,0,533.0
10109815FEITOSAF_2025-07-07_G04,10109815FEITOSAF,2025-07-07,124486,1,1,0,173.0
10109815FEITOSAF_2025-07-07_G05,10109815FEITOSAF,2025-07-07,122647,1,2,0,118.0
10109815FEITOSAF_2025-07-07_G06,10109815FEITOSAF,2025-07-07,122985,1,2,0,148.0
10109815FEITOSAF_2025-07-07_G07,10109815FEITOSAF,2025-07-07,121923,1,2,0,295.0
10109815FEITOSAF_2025-07-07_G08,10109815FEITOSAF,2025-07-07,123344,1,1,0,202.0
10109815FEITOSAF_2025-07-07_G09,10109815FEITOSAF,2025-07-07,123153,1,10,0,366.0
10109815FEITOSAF_2025-07-07_G10,10109815FEITOSAF,2025-07-07,123153,1,8,0,279.0
10109815FEITOSAF_2025-07-07_G11,10109815FEITOSAF,2025-07-07,123344,1,4,0,198.0
10109815FEITOSAF_2025-07-07_G12,10109815FEITOSAF,2025-07-07,121760,1,2,0,187.0
10109815FEITOSAF_2025-07-07_G13,10109815FEITOSAF,2025-07-07,124477,1,2,0,144.0
10109815FEITOSAF_2025-07-07_G14,10109815FEITOSAF,2025-07-07,123345,1,2,0,145.0
10109815FEITOSAF_2025-07-07_G15,10109815FEITOSAF,2025-07-07,124486,1,12,0,762.0
10109815FEITOSAF_2025-07-07_G16,10109815FEITOSAF,2025-07-07,123345,1,2,0,131.0
10109815FEITOSAF_2025-07-07_G17,10109815FEITOSAF,2025-07-07,121760,1,2,0,283.0
10109815FEITOSAF_2025-07-08_G02,10109815FEITOSAF,2025-07-08,124486,1,20,0,231.0
10109815FEITOSAF_2025-07-08_G03,10109815FEITOSAF,2025-07-08,122962,1,12,0,220.0
10109815FEITOSAF_2025-07-08_G04,10109815FEITOSAF,2025-07-08,123561,1,8,0,189.0
10109815FEITOSAF_2025-07-08_G05,10109815FEITOSAF,2025-07-08,122982,1,6,0,123.0
10109815FEITOSAF_2025-07-08_G06,10109815FEITOSAF,2025-07-08,124548,1,6,0,289.0
10109815FEITOSAF_2025-07-08_G07,10109815FEITOSAF,2025-07-08,122962,1,9,0,237.0
10109815FEITOSAF_2025-07-08_G08,10109815FEITOSAF,2025-07-08,124370,1,5,0,147.0
10109815FEITOSAF_2025-07-08_G09,10109815FEITOSAF,2025-07-08,123080,1,4,0,161.0
10109815FEITOSAF_2025-07-08_G10,10109815FEITOSAF,2025-07-08,123561,1,2,0,136.0
10109815FEITOSAF_2025-07-08_G11,10109815FEITOSAF,2025-07-08,122982,1,40,0,700.0
10109815FEITOSAF_2025-07-08_G12,10109815FEITOSAF,2025-07-08,120028,1,8,0,249.0
10109815FEITOSAF_2025-07-08_G13,10109815FEITOSAF,2025-07-08,123344,1,6,0,205.0
10109815FEITOSAF_2025-07-08_G14,10109815FEITOSAF,2025-07-08,122982,1,4,0,111.0
10109815FEITOSAF_2025-07-08_G15,10109815FEITOSAF,2025-07-08,124486,1,4,0,76.0
10109815FEITOSAF_2025-07-08_G16,10109815FEITOSAF,2025-07-08,122962,1,9,0,159.0
10109815FEITOSAF_2025-07-08_G17,10109815FEITOSAF,2025-07-08,124370,1,3,0,256.0
10109815FEITOSAF_2025-07-08_G18,10109815FEITOSAF,2025-07-08,121923,1,2,0,96.0
10109815FEITOSAF_2025-07-08_G19,10109815FEITOSAF,2025-07-08,124370,1,16,0,229.0
10109815FEITOSAF_2025-07-08_G20,10109815FEITOSAF,2025-07-08,124486,1,13,0,221.0
10109815FEITOSAF_2025-07-08_G21,10109815FEITOSAF,2025-07-08,122962,1,11,0,193.0
10109815FEITOSAF_2025-07-08_G22,10109815FEITOSAF,2025-07-08,122984,1,10,0,664.0
10109815FEITOSAF_2025-07-08_G23,10109815FEITOSAF,2025-07-08,122982,1,19,0,352.0
10109815FEITOSAF_2025-07-08_G24,10109815FEITOSAF,2025-07-08,124370,1,30,0,1116.0
10109815FEITOSAF_2025-07-08_G25,10109815FEITOSAF,2025-07-08,121651,1,18,0,261.0
10109815FEITOSAF_2025-07-08_G26,10109815FEITOSAF,2025-07-08,122988,1,19,0,465.0
10109815FEITOSAF_2025-07-08_G27,10109815FEITOSAF,2025-07-08,123343,1,3,0,2120.0
10109815FEITOSAF_2025-07-08_G28,10109815FEITOSAF,2025-07-08,121760,1,1,0,83.0
10109815FEITOSAF_2025-07-08_G29,10109815FEITOSAF,2025-07-08,124475,1,4,0,390.0
10109815FEITOSAF_2025-07-08_G30,10109815FEITOSAF,2025-07-08,123909,1,8,0,108.0
10109815FEITOSAF_2025-07-08_G31,10109815FEITOSAF,2025-07-08,121651,1,7,0,277.0
10109815FEITOSAF_2025-07-08_G32,10109815FEITOSAF,2025-07-08,124247,1,4,0,216.0
10109815FEITOSAF_2025-07-08_G33,10109815FEITOSAF,2025-07-08,123909,1,3,0,147.0
10109815FEITOSAF_2025-07-08_G34,10109815FEITOSAF,2025-07-08,123153,1,27,0,481.0
10109815FEITOSAF_2025-07-08_G35,10109815FEITOSAF,2025-07-08,123909,1,6,0,164.0
10109815FEITOSAF_2025-07-08_G36,10109815FEITOSAF,2025-07-08,121651,1,5,0,255.0
10109815FEITOSAF_2025-07-08_G37,10109815FEITOSAF,2025-07-08,121928,1,1,0,140.0
10109815FEITOSAF_2025-07-08_G38,10109815FEITOSAF,2025-07-08,122984,1,20,0,320.0
10109815FEITOSAF_2025-07-08_G39,10109815FEITOSAF,2025-07-08,124475,1,12,0,411.0
10109815FEITOSAF_2025-07-08_G40,10109815FEITOSAF,2025-07-08,123909,2,4,26,115.0
10109815FEITOSAF_2025-07-08_G41,10109815FEITOSAF,2025-07-08,121651,1,3,0,152.0
10109815FEITOSAF_2025-07-08_G42,10109815FEITOSAF,2025-07-08,124476,1,10,0,194.0
10109815FEITOSAF_2025-07-08_G43,10109815FEITOSAF,2025-07-08,123345,1,4,0,101.0
10109815FEITOSAF_2025-07-08_G44,10109815FEITOSAF,2025-07-08,124486,1,4,0,91.0
10109815FEITOSAF_2025-07-08_G45,10109815FEITOSAF,2025-07-08,124370,1,16,0,438.0
10109815FEITOSAF_2025-07-08_G46,10109815FEITOSAF,2025-07-08,122982,1,6,0,133.0
10109815FEITOSAF_2025-07-08_G47,10109815FEITOSAF,2025-07-08,123909,1,4,0,102.0
10109815FEITOSAF_2025-07-08_G48,10109815FEITOSAF,2025-07-08,122981,1,6,0,209.0
10109815FEITOSAF_2025-07-08_G49,10109815FEITOSAF,2025-07-08,123345,1,4,0,126.0
10109815FEITOSAF_2025-07-08_G50,10109815FEITOSAF,2025-07-08,123909,1,6,0,83.0
10109815FEITOSAF_2025-07-08_G51,10109815FEITOSAF,2025-07-08,124370,1,3,0,110.0
10109815FEITOSAF_2025-07-08_G52,10109815FEITOSAF,2025-07-08,124370,1,6,0,149.0
10109815FEITOSAF_2025-07-08_G54,10109815FEITOSAF,2025-07-08,123520,1,4,0,143.0
10109815FEITOSAF_2025-07-08_G55,10109815FEITOSAF,2025-07-08,122982,1,20,0,313.0
10109815FEITOSAF_2025-07-08_G56,10109815FEITOSAF,2025-07-08,124247,1,2,0,131.0
10109815FEITOSAF_2025-07-08_G57,10109815FEITOSAF,2025-07-08,123345,1,6,0,172.0
10109815FEITOSAF_2025-07-08_G58,10109815FEITOSAF,2025-07-08,124486,1,2,0,49.0
10109815FEITOSAF_2025-07-08_G59,10109815FEITOSAF,2025-07-08,122962,1,4,0,71.0
10109815FEITOSAF_2025-07-08_G60,10109815FEITOSAF,2025-07-08,122984,1,16,0,52.0
10109815FEITOSAF_2025-07-08_G61,10109815FEITOSAF,2025-07-08,124248,1,2,0,78.0
10109815FEITOSAF_2025-07-08_G62,10109815FEITOSAF,2025-07-08,124247,1,6,0,294.0
10109815FEITOSAF_2025-07-08_G63,10109815FEITOSAF,2025-07-08,124486,1,20,0,324.0
10109815FEITOSAF_2025-07-08_G64,10109815FEITOSAF,2025-07-08,123909,1,2,0,150.0
10109815FEITOSAF_2025-07-08_G65,10109815FEITOSAF,2025-07-08,124486,1,12,0,837.0
10109815FEITOSAF_2025-07-08_G66,10109815FEITOSAF,2025-07-08,124433,1,8,0,224.0
10109815FEITOSAF_2025-07-08_G67,10109815FEITOSAF,2025-07-08,124594,1,17,0,590.0
10109815FEITOSAF_2025-07-08_G68,10109815FEITOSAF,2025-07-08,124477,1,20,0,559.0
10109815FEITOSAF_2025-07-08_G69,10109815FEITOSAF,2025-07-08,124370,1,150,0,400.0
10109815FEITOSAF_2025-07-10_G02,10109815FEITOSAF,2025-07-10,122647,1,1,0,138.0
10109815FEITOSAF_2025-07-10_G03,10109815FEITOSAF,2025-07-10,121651,1,6,0,124.0
10109815FEITOSAF_2025-07-10_G04,10109815FEITOSAF,2025-07-10,121651,1,6,0,182.0
10109815FEITOSAF_2025-07-10_G05,10109815FEITOSAF,2025-07-10,124486,1,10,0,203.0
10109815FEITOSAF_2025-07-10_G06,10109815FEITOSAF,2025-07-10,124586,1,4,0,97.0
10109815FEITOSAF_2025-07-10_G07,10109815FEITOSAF,2025-07-10,124586,1,8,0,128.0
10109815FEITOSAF_2025-07-10_G08,10109815FEITOSAF,2025-07-10,123345,1,2,0,98.0
10109815FEITOSAF_2025-07-10_G09,10109815FEITOSAF,2025-07-10,120028,1,110,0,796.0
10109815FEITOSAF_2025-07-10_G10,10109815FEITOSAF,2025-07-10,124594,1,2,0,100.0
10109815FEITOSAF_2025-07-10_G12,10109815FEITOSAF,2025-07-10,181887,1,6,0,435.0
10109815FEITOSAF_2025-07-10_G13,10109815FEITOSAF,2025-07-10,123153,1,15,0,1794.0
10109815FEITOSAF_2025-07-10_G14,10109815FEITOSAF,2025-07-10,120389,1,12,0,260.0
10109815FEITOSAF_2025-07-10_G15,10109815FEITOSAF,2025-07-10,123345,1,50,0,886.0
10109815FEITOSAF_2025-07-11_G02,10109815FEITOSAF,2025-07-11,124486,1,5,0,156.0
10109815FEITOSAF_2025-07-11_G03,10109815FEITOSAF,2025-07-11,122984,1,5,0,224.0
10109815FEITOSAF_2025-07-11_G04,10109815FEITOSAF,2025-07-11,122185,1,16,0,462.0
10109815FEITOSAF_2025-07-11_G05,10109815FEITOSAF,2025-07-11,123313,1,1,0,189.0
10109815FEITOSAF_2025-07-11_G06,10109815FEITOSAF,2025-07-11,123345,1,40,0,413.0
10109815FEITOSAF_2025-07-11_G07,10109815FEITOSAF,2025-07-11,123343,1,12,0,651.0
10109815FEITOSAF_2025-07-11_G09,10109815FEITOSAF,2025-07-11,181887,1,4,0,249.0
10109815FEITOSAF_2025-07-11_G10,10109815FEITOSAF,2025-07-11,120272,1,14,0,270.0
10109815FEITOSAF_2025-07-11_G11,10109815FEITOSAF,2025-07-11,124486,1,24,0,408.0
10109815FEITOSAF_2025-07-11_G12,10109815FEITOSAF,2025-07-11,120028,1,6,0,155.0
10109815FEITOSAF_2025-07-11_G13,10109815FEITOSAF,2025-07-11,124247,1,7,0,223.0
10109815FEITOSAF_2025-07-11_G14,10109815FEITOSAF,2025-07-11,120339,1,2,0,67.0
10109815FEITOSAF_2025-07-11_G15,10109815FEITOSAF,2025-07-11,122671,1,4,0,110.0
10109815FEITOSAF_2025-07-11_G16,10109815FEITOSAF,2025-07-11,120272,1,5,0,99.0
10109815FEITOSAF_2025-07-11_G17,10109815FEITOSAF,2025-07-11,181887,1,4,0,119.0
10109815FEITOSAF_2025-07-11_G18,10109815FEITOSAF,2025-07-11,120028,1,3,0,118.0
10109815FEITOSAF_2025-07-11_G19,10109815FEITOSAF,2025-07-11,120339,1,4,0,116.0
10109815FEITOSAF_2025-07-11_G20,10109815FEITOSAF,2025-07-11,124486,1,4,0,114.0
10109815FEITOSAF_2025-07-11_G21,10109815FEITOSAF,2025-07-11,122962,1,2,0,35.0
10109815FEITOSAF_2025-07-11_G22,10109815FEITOSAF,2025-07-11,122647,1,24,0,1078.0
10109815FEITOSAF_2025-07-11_G23,10109815FEITOSAF,2025-07-11,123822,1,4,0,45.0
10109815FEITOSAF_2025-07-11_G24,10109815FEITOSAF,2025-07-11,124486,1,8,0,83.0
10109815FEITOSAF_2025-07-11_G25,10109815FEITOSAF,2025-07-11,122962,1,4,0,66.0
10109815FEITOSAF_2025-07-11_G26,10109815FEITOSAF,2025-07-11,123909,1,4,0,71.0
10109815FEITOSAF_2025-07-11_G27,10109815FEITOSAF,2025-07-11,122983,1,8,0,64.0
10109815FEITOSAF_2025-07-11_G28,10109815FEITOSAF,2025-07-11,122962,1,8,0,75.0
10109815FEITOSAF_2025-07-11_G29,10109815FEITOSAF,2025-07-11,122189,1,40,0,289.0
10109815FEITOSAF_2025-07-11_G30,10109815FEITOSAF,2025-07-11,123080,1,21,0,172.0
10109815FEITOSAF_2025-07-11_G31,10109815FEITOSAF,2025-07-11,123080,1,11,0,150.0
10109815FEITOSAF_2025-07-11_G32,10109815FEITOSAF,2025-07-11,122189,1,48,0,444.0
10109815FEITOSAF_2025-07-11_G33,10109815FEITOSAF,2025-07-11,124586,1,33,0,306.0
10109815FEITOSAF_2025-07-12_G02,10109815FEITOSAF,2025-07-12,122195,1,6,0,277.0
10109815FEITOSAF_2025-07-12_G03,10109815FEITOSAF,2025-07-12,120028,1,9,0,173.0
10109815FEITOSAF_2025-07-12_G04,10109815FEITOSAF,2025-07-12,124247,1,100,0,879.0
10109815FEITOSAF_2025-07-14_G02,10109815FEITOSAF,2025-07-14,122983,1,6,0,243.0
10109815FEITOSAF_2025-07-14_G03,10109815FEITOSAF,2025-07-14,120271,1,8,0,176.0
10109815FEITOSAF_2025-07-14_G04,10109815FEITOSAF,2025-07-14,122984,1,16,0,263.0
10109815FEITOSAF_2025-07-14_G05,10109815FEITOSAF,2025-07-14,122185,1,16,0,326.0
10109815FEITOSAF_2025-07-14_G06,10109815FEITOSAF,2025-07-14,123313,1,2,0,83.0
10109815FEITOSAF_2025-07-15_G02,10109815FEITOSAF,2025-07-15,122983,1,6,0,91.0
10109815FEITOSAF_2025-07-15_G03,10109815FEITOSAF,2025-07-15,120339,1,2,0,373.0
10109815FEITOSAF_2025-07-15_G04,10109815FEITOSAF,2025-07-15,120339,1,6,0,217.0
10109815FEITOSAF_2025-07-15_G05,10109815FEITOSAF,2025-07-15,120339,1,2,0,215.0
10109815FEITOSAF_2025-07-15_G06,10109815FEITOSAF,2025-07-15,120339,1,4,0,341.0
10109815FEITOSAF_2025-07-15_G07,10109815FEITOSAF,2025-07-15,122984,1,4,0,123.0
10109815FEITOSAF_2025-07-15_G08,10109815FEITOSAF,2025-07-15,120339,1,2,0,198.0
10109815FEITOSAF_2025-07-15_G09,10109815FEITOSAF,2025-07-15,120339,1,2,0,408.0
10109815FEITOSAF_2025-07-15_G10,10109815FEITOSAF,2025-07-15,120339,1,2,0,227.0
10109815FEITOSAF_2025-07-15_G11,10109815FEITOSAF,2025-07-15,123343,1,5,0,345.0
10109815FEITOSAF_2025-07-15_G12,10109815FEITOSAF,2025-07-15,123345,1,6,0,146.0
10109815FEITOSAF_2025-07-15_G13,10109815FEITOSAF,2025-07-15,122962,1,40,0,330.0
10109815FEITOSAF_2025-07-15_G14,10109815FEITOSAF,2025-07-15,123822,1,36,0,640.0
10109815FEITOSAF_2025-07-15_G15,10109815FEITOSAF,2025-07-15,120028,1,20,0,2586.0
10109815FEITOSAF_2025-07-15_G16,10109815FEITOSAF,2025-07-15,122647,1,6,0,276.0
10109815FEITOSAF_2025-07-15_G18,10109815FEITOSAF,2025-07-15,122962,1,2,0,43.0
10109815FEITOSAF_2025-07-15_G19,10109815FEITOSAF,2025-07-15,122982,1,13,0,517.0
10109815FEITOSAF_2025-07-15_G20,10109815FEITOSAF,2025-07-15,121651,1,30,0,720.0
10109815FEITOSAF_2025-07-15_G21,10109815FEITOSAF,2025-07-15,121760,1,4,0,1572.0
10109815FEITOSAF_2025-07-15_G22,10109815FEITOSAF,2025-07-15,121760,1,2,0,90.0
10109815FEITOSAF_2025-07-15_G23,10109815FEITOSAF,2025-07-15,121760,1,4,0,156.0
10109815FEITOSAF_2025-07-15_G24,10109815FEITOSAF,2025-07-15,124624,1,2,0,202.0
10109815FEITOSAF_2025-07-15_G25,10109815FEITOSAF,2025-07-15,124370,1,14,0,438.0
10109815FEITOSAF_2025-07-15_G26,10109815FEITOSAF,2025-07-15,124594,1,4,0,158.0
10109815FEITOSAF_2025-07-15_G27,10109815FEITOSAF,2025-07-15,123345,1,2,0,101.0
10109815FEITOSAF_2025-07-15_G28,10109815FEITOSAF,2025-07-15,123343,1,4,0,142.0
10109815FEITOSAF_2025-07-15_G29,10109815FEITOSAF,2025-07-15,123344,1,20,0,839.0
10109815FEITOSAF_2025-07-15_G30,10109815FEITOSAF,2025-07-15,124486,1,40,0,712.0
10109815FEITOSAF_2025-07-15_G31,10109815FEITOSAF,2025-07-15,124548,1,40,0,975.0
10109815FEITOSAF_2025-07-15_G32,10109815FEITOSAF,2025-07-15,123313,1,2,0,228.0
10109815FEITOSAF_2025-07-16_G02,10109815FEITOSAF,2025-07-16,122962,1,32,0,1138.0
10109815FEITOSAF_2025-07-16_G03,10109815FEITOSAF,2025-07-16,122962,1,12,0,243.0
10109815FEITOSAF_2025-07-16_G05,10109815FEITOSAF,2025-07-16,181056,1,6,0,239.0
10109815FEITOSAF_2025-07-16_G06,10109815FEITOSAF,2025-07-16,123343,1,10,0,674.0
10109815FEITOSAF_2025-07-17_G03,10109815FEITOSAF,2025-07-17,123520,1,2,0,324.0
10109815FEITOSAF_2025-07-17_G04,10109815FEITOSAF,2025-07-17,124594,1,1,0,167.0
10109815FEITOSAF_2025-07-17_G05,10109815FEITOSAF,2025-07-17,122983,1,18,0,1128.0
10109815FEITOSAF_2025-07-17_G06,10109815FEITOSAF,2025-07-17,122981,1,11,0,1367.0
10109815FEITOSAF_2025-07-17_G07,10109815FEITOSAF,2025-07-17,120339,1,36,0,1988.0
10109815FEITOSAF_2025-07-18_G02,10109815FEITOSAF,2025-07-18,124486,1,20,0,330.0
10109815FEITOSAF_2025-07-18_G03,10109815FEITOSAF,2025-07-18,121651,1,56,0,1264.0
10109815FEITOSAF_2025-07-18_G04,10109815FEITOSAF,2025-07-18,122983,1,12,0,187.0
10109815FEITOSAF_2025-07-18_G05,10109815FEITOSAF,2025-07-18,124247,1,10,0,103.0
10109815FEITOSAF_2025-07-18_G06,10109815FEITOSAF,2025-07-18,124624,1,8,0,186.0
10109815FEITOSAF_2025-07-18_G07,10109815FEITOSAF,2025-07-18,122984,1,30,0,632.0
10109815FEITOSAF_2025-07-18_G08,10109815FEITOSAF,2025-07-18,123561,1,12,0,188.0
10109815FEITOSAF_2025-07-18_G09,10109815FEITOSAF,2025-07-18,122185,1,50,0,780.0
10109815FEITOSAF_2025-07-18_G10,10109815FEITOSAF,2025-07-18,123562,1,20,0,439.0
10109815FEITOSAF_2025-07-18_G11,10109815FEITOSAF,2025-07-18,123909,1,30,0,471.0
10109815FEITOSAF_2025-07-18_G12,10109815FEITOSAF,2025-07-18,124548,1,16,0,365.0
10109815FEITOSAF_2025-07-18_G13,10109815FEITOSAF,2025-07-18,124594,1,8,0,224.0
10109815FEITOSAF_2025-07-18_G14,10109815FEITOSAF,2025-07-18,123345,1,30,0,42.0
10109815FEITOSAF_2025-07-18_G15,10109815FEITOSAF,2025-07-18,123313,1,8,0,817.0
10109815FEITOSAF_2025-07-18_G16,10109815FEITOSAF,2025-07-18,122984,1,8,0,1976.0
10109815FEITOSAF_2025-07-18_G17,10109815FEITOSAF,2025-07-18,124548,1,9,0,317.0
10109815FEITOSAF_2025-07-18_G18,10109815FEITOSAF,2025-07-18,122647,1,80,0,1455.0
10109815FEITOSAF_2025-07-18_G19,10109815FEITOSAF,2025-07-18,123822,1,46,0,847.0
10109815FEITOSAF_2025-07-19_G02,10109815FEITOSAF,2025-07-19,123344,1,30,0,930.0
10109815FEITOSAF_2025-07-19_G03,10109815FEITOSAF,2025-07-19,124486,1,22,0,177.0
10109815FEITOSAF_2025-07-19_G04,10109815FEITOSAF,2025-07-19,123153,1,24,0,440.0
10109815FEITOSAF_2025-07-19_G05,10109815FEITOSAF,2025-07-19,121760,1,10,0,185.0
10109815FEITOSAF_2025-07-19_G06,10109815FEITOSAF,2025-07-19,121651,1,18,0,241.0
10109815FEITOSAF_2025-07-19_G07,10109815FEITOSAF,2025-07-19,124475,1,4,0,196.0
10109815FEITOSAF_2025-07-19_G08,10109815FEITOSAF,2025-07-19,120389,1,20,0,325.0
10109815FEITOSAF_2025-07-19_G09,10109815FEITOSAF,2025-07-19,123345,1,30,0,462.0
10109815FEITOSAF_2025-07-19_G10,10109815FEITOSAF,2025-07-19,124370,1,20,0,869.0
10109815FEITOSAF_2025-07-19_G11,10109815FEITOSAF,2025-07-19,124486,1,37,0,685.0
10109815FEITOSAF_2025-07-19_G12,10109815FEITOSAF,2025-07-19,121760,1,30,0,467.0
10109815FEITOSAF_2025-07-19_G13,10109815FEITOSAF,2025-07-19,124370,1,40,0,773.0
10109815FEITOSAF_2025-07-19_G14,10109815FEITOSAF,2025-07-19,124475,1,30,0,508.0
10109815FEITOSAF_2025-07-19_G15,10109815FEITOSAF,2025-07-19,122983,1,20,0,170.0
10109815FEITOSAF_2025-07-19_G16,10109815FEITOSAF,2025-07-19,123561,1,40,0,509.0
10109815FEITOSAF_2025-07-19_G17,10109815FEITOSAF,2025-07-19,123909,1,30,0,197.0
10109815FEITOSAF_2025-07-19_G18,10109815FEITOSAF,2025-07-19,123081,1,18,0,77.0
10109815FEITOSAF_2025-07-19_G19,10109815FEITOSAF,2025-07-19,124476,1,20,0,161.0
10109815FEITOSAF_2025-07-19_G20,10109815FEITOSAF,2025-07-19,123345,1,12,0,90.0
10109815FEITOSAF_2025-07-21_G02,10109815FEITOSAF,2025-07-21,123345,1,52,0,309.0
10109815FEITOSAF_2025-07-21_G03,10109815FEITOSAF,2025-07-21,120339,1,4,0,186.0
10109815FEITOSAF_2025-07-21_G04,10109815FEITOSAF,2025-07-21,181057,1,8,0,391.0
10109815FEITOSAF_2025-07-21_G05,10109815FEITOSAF,2025-07-21,181056,1,4,0,142.0
10109815FEITOSAF_2025-07-21_G06,10109815FEITOSAF,2025-07-21,181056,1,1,0,84.0
10109815FEITOSAF_2025-07-21_G07,10109815FEITOSAF,2025-07-21,181235,1,4,0,308.0
10109815FEITOSAF_2025-07-21_G08,10109815FEITOSAF,2025-07-21,122988,1,8,0,2016.0
10109815FEITOSAF_2025-07-21_G09,10109815FEITOSAF,2025-07-21,122986,1,10,0,200.0
10109815FEITOSAF_2025-07-21_G10,10109815FEITOSAF,2025-07-21,124433,1,10,0,85.0
10109815FEITOSAF_2025-07-21_G11,10109815FEITOSAF,2025-07-21,181056,1,2,0,46.0
10109815FEITOSAF_2025-07-21_G12,10109815FEITOSAF,2025-07-21,181235,1,2,0,127.0
10109815FEITOSAF_2025-07-21_G13,10109815FEITOSAF,2025-07-21,123822,1,8,0,56.0
10109815FEITOSAF_2025-07-21_G14,10109815FEITOSAF,2025-07-21,122647,1,10,0,199.0
10109815FEITOSAF_2025-07-21_G15,10109815FEITOSAF,2025-07-21,122962,1,24,0,754.0
10109815FEITOSAF_2025-07-22_G03,10109815FEITOSAF,2025-07-22,121760,1,300,0,2107.0
10109815FEITOSAF_2025-07-22_G05,10109815FEITOSAF,2025-07-22,124264,1,2,0,250.0
10109815FEITOSAF_2025-07-22_G06,10109815FEITOSAF,2025-07-22,"181280, 181057",2,4,30,52.0
10109815FEITOSAF_2025-07-22_G07,10109815FEITOSAF,2025-07-22,181056,1,2,0,139.0
10109815FEITOSAF_2025-07-23_G02,10109815FEITOSAF,2025-07-23,124486,1,40,0,354.0
10109815FEITOSAF_2025-07-23_G03,10109815FEITOSAF,2025-07-23,124486,1,40,0,542.0
10109815FEITOSAF_2025-07-23_G04,10109815FEITOSAF,2025-07-23,122196,1,2,0,307.0
10109815FEITOSAF_2025-07-23_G05,10109815FEITOSAF,2025-07-23,120272,1,10,0,36.0
10109815FEITOSAF_2025-07-23_G06,10109815FEITOSAF,2025-07-23,122981,1,4,0,144.0
10109815FEITOSAF_2025-07-23_G07,10109815FEITOSAF,2025-07-23,122962,1,12,0,449.0
10109815FEITOSAF_2025-07-23_G08,10109815FEITOSAF,2025-07-23,122983,1,16,0,192.0
10109815FEITOSAF_2025-07-23_G09,10109815FEITOSAF,2025-07-23,121760,1,6,0,184.0
10109815FEITOSAF_2025-07-23_G10,10109815FEITOSAF,2025-07-23,121651,1,2,0,98.0
10109815FEITOSAF_2025-07-23_G11,10109815FEITOSAF,2025-07-23,124548,1,20,0,273.0
10109815FEITOSAF_2025-07-23_G13,10109815FEITOSAF,2025-07-23,123344,1,16,0,1087.0
10109815FEITOSAF_2025-07-23_G14,10109815FEITOSAF,2025-07-23,120272,1,6,0,105.0
10109815FEITOSAF_2025-07-23_G15,10109815FEITOSAF,2025-07-23,122983,1,30,0,764.0
10109815FEITOSAF_2025-07-23_G16,10109815FEITOSAF,2025-07-23,121651,1,30,0,727.0
10109815FEITOSAF_2025-07-23_G17,10109815FEITOSAF,2025-07-23,123345,1,23,0,797.0
10109815FEITOSAF_2025-07-23_G18,10109815FEITOSAF,2025-07-23,180169,1,2,0,1404.0
10109815FEITOSAF_2025-07-23_G19,10109815FEITOSAF,2025-07-23,122673,1,5,0,151.0
10109815FEITOSAF_2025-07-23_G20,10109815FEITOSAF,2025-07-23,120389,1,12,0,320.0
10109815FEITOSAF_2025-07-23_G21,10109815FEITOSAF,2025-07-23,122962,1,24,0,764.0
10109815FEITOSAF_2025-07-23_G22,10109815FEITOSAF,2025-07-23,122671,1,24,0,256.0
10109815FEITOSAF_2025-07-23_G23,10109815FEITOSAF,2025-07-23,122984,1,6,0,249.0
10109815FEITOSAF_2025-07-24_G02,10109815FEITOSAF,2025-07-24,122673,1,16,0,275.0
10109815FEITOSAF_2025-07-24_G03,10109815FEITOSAF,2025-07-24,122962,2,4,11,41.0
10109815FEITOSAF_2025-07-24_G04,10109815FEITOSAF,2025-07-24,120028,1,2,0,103.0
10109815FEITOSAF_2025-07-24_G05,10109815FEITOSAF,2025-07-24,120028,1,2,0,90.0
10109815FEITOSAF_2025-07-24_G06,10109815FEITOSAF,2025-07-24,122962,1,4,0,194.0
10109815FEITOSAF_2025-07-24_G07,10109815FEITOSAF,2025-07-24,122647,1,23,0,306.0
10109815FEITOSAF_2025-07-24_G08,10109815FEITOSAF,2025-07-24,120008,1,54,0,878.0
10109815FEITOSAF_2025-07-24_G09,10109815FEITOSAF,2025-07-24,123560,1,14,0,335.0
10109815FEITOSAF_2025-07-24_G10,10109815FEITOSAF,2025-07-24,124370,1,30,0,1882.0
10109815FEITOSAF_2025-07-24_G11,10109815FEITOSAF,2025-07-24,124475,1,40,0,786.0
10109815FEITOSAF_2025-07-24_G12,10109815FEITOSAF,2025-07-24,124486,1,60,0,729.0
10109815FEITOSAF_2025-07-24_G13,10109815FEITOSAF,2025-07-24,124594,1,1,0,86.0
10109815FEITOSAF_2025-07-25_G02,10109815FEITOSAF,2025-07-25,122185,1,15,0,210.0
10109815FEITOSAF_2025-07-25_G04,10109815FEITOSAF,2025-07-25,122962,1,6,0,156.0
10109815FEITOSAF_2025-07-25_G05,10109815FEITOSAF,2025-07-25,123822,1,12,0,312.0
10109815FEITOSAF_2025-07-25_G06,10109815FEITOSAF,2025-07-25,123560,1,16,0,384.0
10109815FEITOSAF_2025-07-25_G07,10109815FEITOSAF,2025-07-25,123344,1,12,0,125.0
10109815FEITOSAF_2025-07-25_G08,10109815FEITOSAF,2025-07-25,122962,1,24,0,266.0
10109815FEITOSAF_2025-07-25_G09,10109815FEITOSAF,2025-07-25,121760,1,24,0,339.0
10109815FEITOSAF_2025-07-25_G10,10109815FEITOSAF,2025-07-25,124475,1,22,0,488.0
10109815FEITOSAF_2025-07-25_G11,10109815FEITOSAF,2025-07-25,120389,1,2,0,137.0
10109815FEITOSAF_2025-07-25_G12,10109815FEITOSAF,2025-07-25,122703,1,8,0,86.0
10109815FEITOSAF_2025-07-25_G13,10109815FEITOSAF,2025-07-25,122984,1,6,0,138.0
10109815FEITOSAF_2025-07-25_G14,10109815FEITOSAF,2025-07-25,124486,1,22,0,328.0
10109815FEITOSAF_2025-07-25_G15,10109815FEITOSAF,2025-07-25,122185,1,12,0,194.0
10109815FEITOSAF_2025-07-25_G16,10109815FEITOSAF,2025-07-25,122185,1,26,0,261.0
10109815FEITOSAF_2025-07-25_G17,10109815FEITOSAF,2025-07-25,122982,1,4,0,242.0
10109815FEITOSAF_2025-07-25_G18,10109815FEITOSAF,2025-07-25,124433,1,8,0,86.0
10109815FEITOSAF_2025-07-25_G19,10109815FEITOSAF,2025-07-25,123081,1,13,0,136.0
10109815FEITOSAF_2025-07-25_G20,10109815FEITOSAF,2025-07-25,123345,1,23,0,195.0
10109815FEITOSAF_2025-07-25_G21,10109815FEITOSAF,2025-07-25,124248,1,9,0,163.0
10109815FEITOSAF_2025-07-25_G22,10109815FEITOSAF,2025-07-25,120389,1,20,0,312.0
10109815FEITOSAF_2025-07-25_G23,10109815FEITOSAF,2025-07-25,124624,1,8,0,147.0
10109815FEITOSAF_2025-07-25_G24,10109815FEITOSAF,2025-07-25,122962,1,4,0,1611.0
10109815FEITOSAF_2025-07-25_G25,10109815FEITOSAF,2025-07-25,124475,1,3,0,205.0
10109815FEITOSAF_2025-07-25_G26,10109815FEITOSAF,2025-07-25,124247,1,6,0,270.0
10109815FEITOSAF_2025-07-25_G27,10109815FEITOSAF,2025-07-25,121651,1,4,0,212.0
10109815FEITOSAF_2025-07-25_G28,10109815FEITOSAF,2025-07-25,124486,1,9,0,303.0
10109815FEITOSAF_2025-07-25_G29,10109815FEITOSAF,2025-07-25,122981,1,4,0,154.0
10109815FEITOSAF_2025-07-25_G30,10109815FEITOSAF,2025-07-25,124477,1,10,0,400.0
10109815FEITOSAF_2025-07-25_G31,10109815FEITOSAF,2025-07-25,124264,1,30,0,1587.0
10109815FEITOSAF_2025-07-25_G32,10109815FEITOSAF,2025-07-25,124477,1,2,0,139.0
10109815FEITOSAF_2025-07-25_G33,10109815FEITOSAF,2025-07-25,124247,1,21,0,333.0
10109815FEITOSAF_2025-07-25_G34,10109815FEITOSAF,2025-07-25,121923,1,4,0,116.0
10109815FEITOSAF_2025-07-25_G35,10109815FEITOSAF,2025-07-25,124476,1,2,0,85.0
10109815FEITOSAF_2025-07-25_G36,10109815FEITOSAF,2025-07-25,124477,1,2,0,126.0
10109815FEITOSAF_2025-07-25_G37,10109815FEITOSAF,2025-07-25,181057,1,6,0,170.0
10109815FEITOSAF_2025-07-25_G38,10109815FEITOSAF,2025-07-25,122988,1,20,0,293.0
10109815FEITOSAF_2025-07-26_G02,10109815FEITOSAF,2025-07-26,122962,1,10,0,81.0
10109815FEITOSAF_2025-07-26_G03,10109815FEITOSAF,2025-07-26,124248,1,10,0,104.0
10109815FEITOSAF_2025-07-26_G04,10109815FEITOSAF,2025-07-26,123343,1,10,0,93.0
10109815FEITOSAF_2025-07-26_G05,10109815FEITOSAF,2025-07-26,123343,1,10,0,80.0
10109815FEITOSAF_2025-07-26_G07,10109815FEITOSAF,2025-07-26,124247,1,5,0,190.0
10109815FEITOSAF_2025-07-26_G08,10109815FEITOSAF,2025-07-26,124624,1,8,0,201.0
10109815FEITOSAF_2025-07-26_G09,10109815FEITOSAF,2025-07-26,122982,1,31,0,703.0
10109815FEITOSAF_2025-07-26_G10,10109815FEITOSAF,2025-07-26,123889,1,5,0,223.0
10109815FEITOSAF_2025-07-26_G11,10109815FEITOSAF,2025-07-26,120028,1,4,0,472.0
10109815FEITOSAF_2025-07-26_G12,10109815FEITOSAF,2025-07-26,120028,1,12,0,375.0
10109815FEITOSAF_2025-07-26_G14,10109815FEITOSAF,2025-07-26,123344,1,5,0,1527.0
10109815FEITOSAF_2025-07-26_G15,10109815FEITOSAF,2025-07-26,120339,1,6,0,144.0
10109815FEITOSAF_2025-07-26_G16,10109815FEITOSAF,2025-07-26,122962,1,48,0,491.0
10109815FEITOSAF_2025-07-26_G17,10109815FEITOSAF,2025-07-26,122962,1,4,0,43.0
10109815FEITOSAF_2025-07-26_G18,10109815FEITOSAF,2025-07-26,121651,1,30,0,517.0
10109815FEITOSAF_2025-07-26_G19,10109815FEITOSAF,2025-07-26,121651,1,60,0,911.0
10109815FEITOSAF_2025-07-26_G20,10109815FEITOSAF,2025-07-26,124486,1,37,0,629.0
10109815FEITOSAF_2025-07-26_G21,10109815FEITOSAF,2025-07-26,123909,2,15,25,155.0
10109815FEITOSAF_2025-07-26_G22,10109815FEITOSAF,2025-07-26,123345,1,7,0,375.0
10109815FEITOSAF_2025-07-26_G23,10109815FEITOSAF,2025-07-26,124371,1,20,0,437.0
10109815FEITOSAF_2025-07-26_G24,10109815FEITOSAF,2025-07-26,124486,1,44,0,334.0
10109815FEITOSAF_2025-07-26_G25,10109815FEITOSAF,2025-07-26,181280,1,2,0,558.0
10109815FEITOSAF_2025-07-26_G26,10109815FEITOSAF,2025-07-26,"181057, 181056",2,8,27,116.0
10109815FEITOSAF_2025-07-26_G27,10109815FEITOSAF,2025-07-26,123345,1,10,0,213.0
10109815FEITOSAF_2025-07-28_G02,10109815FEITOSAF,2025-07-28,122962,1,24,0,954.0
10109815FEITOSAF_2025-07-28_G04,10109815FEITOSAF,2025-07-28,122986,1,1,0,90.0
10109815FEITOSAF_2025-07-28_G05,10109815FEITOSAF,2025-07-28,122647,1,14,0,607.0
10109815FEITOSAF_2025-07-28_G06,10109815FEITOSAF,2025-07-28,123561,1,3,0,303.0
10109815FEITOSAF_2025-07-28_G07,10109815FEITOSAF,2025-07-28,124486,1,8,0,139.0
10109815FEITOSAF_2025-07-28_G08,10109815FEITOSAF,2025-07-28,124475,1,12,0,375.0
10109815FEITOSAF_2025-07-28_G09,10109815FEITOSAF,2025-07-28,123345,1,8,0,58.0
10109815FEITOSAF_2025-07-28_G10,10109815FEITOSAF,2025-07-28,123313,1,4,0,486.0
10109815FEITOSAF_2025-07-28_G11,10109815FEITOSAF,2025-07-28,123343,1,12,0,157.0
10109815FEITOSAF_2025-07-28_G12,10109815FEITOSAF,2025-07-28,121760,1,25,0,737.0
10109815FEITOSAF_2025-07-28_G13,10109815FEITOSAF,2025-07-28,122673,1,4,0,124.0
10109815FEITOSAF_2025-07-28_G14,10109815FEITOSAF,2025-07-28,122703,1,4,0,136.0
10109815FEITOSAF_2025-07-28_G15,10109815FEITOSAF,2025-07-28,123560,1,4,0,338.0
10109815FEITOSAF_2025-07-28_G16,10109815FEITOSAF,2025-07-28,124624,1,8,0,310.0
10109815FEITOSAF_2025-07-28_G17,10109815FEITOSAF,2025-07-28,122962,1,20,0,392.0
10109815FEITOSAF_2025-07-28_G18,10109815FEITOSAF,2025-07-28,121651,1,4,0,197.0
10109815FEITOSAF_2025-07-28_G19,10109815FEITOSAF,2025-07-28,124486,1,16,0,318.0
10109815FEITOSAF_2025-07-28_G20,10109815FEITOSAF,2025-07-28,124476,1,5,0,157.0
10109815FEITOSAF_2025-07-28_G21,10109815FEITOSAF,2025-07-28,123343,1,4,0,345.0
10109815FEITOSAF_2025-07-29_G03,10109815FEITOSAF,2025-07-29,181235,1,4,0,1805.0
10109815FEITOSAF_2025-07-29_G04,10109815FEITOSAF,2025-07-29,123344,1,6,0,204.0
10109815FEITOSAF_2025-07-29_G05,10109815FEITOSAF,2025-07-29,124370,1,9,0,170.0
10109815FEITOSAF_2025-07-29_G06,10109815FEITOSAF,2025-07-29,"122962, 124475",2,18,30,198.0
10109815FEITOSAF_2025-07-29_G07,10109815FEITOSAF,2025-07-29,124476,1,16,0,324.0
10109815FEITOSAF_2025-07-29_G09,10109815FEITOSAF,2025-07-29,124624,1,100,0,715.0
10109815FEITOSAF_2025-07-29_G10,10109815FEITOSAF,2025-07-29,122982,1,100,0,1008.0
10109815FEITOSAF_2025-07-30_G02,10109815FEITOSAF,2025-07-30,122962,1,48,0,1692.0
10109815FEITOSAF_2025-07-30_G03,10109815FEITOSAF,2025-07-30,124486,1,102,0,1127.0
10109815FEITOSAF_2025-07-30_G04,10109815FEITOSAF,2025-07-30,123153,1,37,0,363.0
10109815FEITOSAF_2025-07-30_G05,10109815FEITOSAF,2025-07-30,123153,1,31,0,382.0
10109815FEITOSAF_2025-07-30_G06,10109815FEITOSAF,2025-07-30,122962,1,27,0,3600.0
10109815FEITOSAF_2025-07-30_G07,10109815FEITOSAF,2025-07-30,122673,1,28,0,682.0
10109815FEITOSAF_2025-07-30_G08,10109815FEITOSAF,2025-07-30,124486,1,18,0,378.0
10109815FEITOSAF_2025-07-30_G09,10109815FEITOSAF,2025-07-30,121760,1,4,0,192.0
10109815FEITOSAF_2025-07-30_G10,10109815FEITOSAF,2025-07-30,124248,1,10,0,195.0
10109815FEITOSAF_2025-07-30_G11,10109815FEITOSAF,2025-07-30,124486,1,15,0,214.0
10109815FEITOSAF_2025-07-30_G12,10109815FEITOSAF,2025-07-30,123345,1,9,0,248.0
10109815FEITOSAF_2025-07-30_G13,10109815FEITOSAF,2025-07-30,123153,1,20,0,683.0
10109815FEITOSAF_2025-07-30_G14,10109815FEITOSAF,2025-07-30,123080,1,3,0,714.0
10109815FEITOSAF_2025-07-30_G15,10109815FEITOSAF,2025-07-30,122189,1,14,0,494.0
10109815FEITOSAF_2025-07-30_G16,10109815FEITOSAF,2025-07-30,123822,1,1,0,31.0
10109815FEITOSAF_2025-07-30_G17,10109815FEITOSAF,2025-07-30,122196,1,8,0,202.0
10109815FEITOSAF_2025-07-30_G18,10109815FEITOSAF,2025-07-30,122647,2,4,25,160.0
10109815FEITOSAF_2025-07-30_G19,10109815FEITOSAF,2025-07-30,123153,1,9,0,376.0
10109815FEITOSAF_2025-07-30_G20,10109815FEITOSAF,2025-07-30,123153,1,10,0,185.0
10109815FEITOSAF_2025-07-30_G21,10109815FEITOSAF,2025-07-30,"122647, 123889",2,14,27,132.0
10109815FEITOSAF_2025-07-30_G22,10109815FEITOSAF,2025-07-30,124486,1,6,0,1448.0
10109815FEITOSAF_2025-07-30_G23,10109815FEITOSAF,2025-07-30,124264,1,20,0,227.0
10109815FEITOSAF_2025-07-30_G25,10109815FEITOSAF,2025-07-30,122647,1,4,0,34.0
10109815FEITOSAF_2025-07-30_G26,10109815FEITOSAF,2025-07-30,123889,1,6,0,161.0
10109815FEITOSAF_2025-07-30_G27,10109815FEITOSAF,2025-07-30,124247,1,10,0,166.0
10109815FEITOSAF_2025-07-30_G28,10109815FEITOSAF,2025-07-30,123153,1,59,0,859.0
10109815FEITOSAF_2025-07-30_G29,10109815FEITOSAF,2025-07-30,123153,1,14,0,133.0
10109815FEITOSAF_2025-07-30_G30,10109815FEITOSAF,2025-07-30,123153,1,55,0,600.0
10109815FEITOSAF_2025-07-30_G31,10109815FEITOSAF,2025-07-30,124486,1,6,0,689.0
10109815FEITOSAF_2025-07-30_G32,10109815FEITOSAF,2025-07-30,123345,1,6,0,248.0
10109815FEITOSAF_2025-07-30_G33,10109815FEITOSAF,2025-07-30,122647,1,20,0,368.0
10109815FEITOSAF_2025-07-30_G34,10109815FEITOSAF,2025-07-30,122984,1,8,0,1855.0
10109815FEITOSAF_2025-07-30_G35,10109815FEITOSAF,2025-07-30,122673,1,10,0,324.0
10109815FEITOSAF_2025-07-30_G36,10109815FEITOSAF,2025-07-30,123909,1,3,0,71.0
10109815FEITOSAF_2025-07-30_G37,10109815FEITOSAF,2025-07-30,122962,1,4,0,159.0
10109815FEITOSAF_2025-07-30_G38,10109815FEITOSAF,2025-07-30,123520,1,4,0,42.0
10109815FEITOSAF_2025-07-30_G39,10109815FEITOSAF,2025-07-30,120028,1,8,0,161.0
10109815FEITOSAF_2025-07-30_G40,10109815FEITOSAF,2025-07-30,120271,1,4,0,49.0
10109815FEITOSAF_2025-07-30_G41,10109815FEITOSAF,2025-07-30,120389,1,16,0,158.0
10109815FEITOSAF_2025-07-30_G42,10109815FEITOSAF,2025-07-30,122671,1,6,0,83.0
10109815FEITOSAF_2025-07-30_G43,10109815FEITOSAF,2025-07-30,"123345, 121760",2,8,26,168.0
10109815FEITOSAF_2025-07-30_G44,10109815FEITOSAF,2025-07-30,121651,1,7,0,47.0
10109815FEITOSAF_2025-07-30_G45,10109815FEITOSAF,2025-07-30,123345,1,4,0,155.0
10109815FEITOSAF_2025-07-30_G46,10109815FEITOSAF,2025-07-30,122673,1,4,0,177.0
10109815FEITOSAF_2025-07-30_G47,10109815FEITOSAF,2025-07-30,124370,1,2,0,106.0
10109815FEITOSAF_2025-07-31_G02,10109815FEITOSAF,2025-07-31,122647,1,80,0,2141.0
10109815FEITOSAF_2025-07-31_G03,10109815FEITOSAF,2025-07-31,123345,1,14,0,498.0
10109815FEITOSAF_2025-07-31_G04,10109815FEITOSAF,2025-07-31,180024,1,2,0,389.0
10109815FEITOSAF_2025-07-31_G05,10109815FEITOSAF,2025-07-31,123153,1,8,0,200.0
10109815FEITOSAF_2025-07-31_G06,10109815FEITOSAF,2025-07-31,123345,1,21,0,977.0
10109815FEITOSAF_2025-07-31_G07,10109815FEITOSAF,2025-07-31,124264,1,6,0,97.0
10109815FEITOSAF_2025-07-31_G08,10109815FEITOSAF,2025-07-31,123889,1,4,0,474.0
10109815FEITOSAF_2025-07-31_G09,10109815FEITOSAF,2025-07-31,124264,1,6,0,51.0
10109815FEITOSAF_2025-07-31_G10,10109815FEITOSAF,2025-07-31,124486,1,14,0,376.0
10109815FEITOSAF_2025-07-31_G11,10109815FEITOSAF,2025-07-31,124486,1,6,0,222.0
10109815FEITOSAF_2025-07-31_G12,10109815FEITOSAF,2025-07-31,124264,1,7,0,220.0
10109815FEITOSAF_2025-07-31_G13,10109815FEITOSAF,2025-07-31,123344,1,7,0,252.0
10109815FEITOSAF_2025-07-31_G14,10109815FEITOSAF,2025-07-31,122962,1,8,0,1563.0
10109815FEITOSAF_2025-07-31_G15,10109815FEITOSAF,2025-07-31,122673,1,10,0,140.0
10109815FEITOSAF_2025-07-31_G16,10109815FEITOSAF,2025-07-31,122673,1,10,0,124.0
10109815FEITOSAF_2025-07-31_G17,10109815FEITOSAF,2025-07-31,122673,1,8,0,198.0
10109815FEITOSAF_2025-07-31_G18,10109815FEITOSAF,2025-07-31,122673,1,10,0,165.0
10109815FEITOSAF_2025-07-31_G19,10109815FEITOSAF,2025-07-31,124486,1,12,0,177.0
10109815FEITOSAF_2025-07-31_G20,10109815FEITOSAF,2025-07-31,123345,1,16,0,943.0
10109815FEITOSAF_2025-07-31_G21,10109815FEITOSAF,2025-07-31,181235,1,2,0,308.0
10109815FEITOSAF_2025-07-31_G22,10109815FEITOSAF,2025-07-31,123344,1,3,0,239.0
10109815FEITOSAF_2025-07-31_G23,10109815FEITOSAF,2025-07-31,122189,1,1,0,104.0
10109815FEITOSAF_2025-07-31_G24,10109815FEITOSAF,2025-07-31,122962,1,16,0,298.0
10109815FEITOSAF_2025-07-31_G25,10109815FEITOSAF,2025-07-31,122703,1,4,0,144.0
10109815FEITOSAF_2025-07-31_G26,10109815FEITOSAF,2025-07-31,120272,1,1,0,34.0
10109815FEITOSAF_2025-07-31_G27,10109815FEITOSAF,2025-07-31,124370,1,4,0,210.0
10109815FEITOSAF_2025-07-31_G28,10109815FEITOSAF,2025-07-31,124370,1,2,0,170.0
10109815FEITOSAF_2025-07-31_G29,10109815FEITOSAF,2025-07-31,124370,1,1,0,42.0
10109815FEITOSAF_2025-07-31_G30,10109815FEITOSAF,2025-07-31,124248,1,11,0,186.0
10109815FEITOSAF_2025-07-31_G31,10109815FEITOSAF,2025-07-31,124486,3,6,23,181.0
10109815FEITOSAF_2025-07-31_G32,10109815FEITOSAF,2025-07-31,122185,1,29,0,871.0
10109815FEITOSAF_2025-07-31_G33,10109815FEITOSAF,2025-07-31,122185,1,2,0,144.0
10109815FEITOSAF_2025-07-31_G34,10109815FEITOSAF,2025-07-31,122984,1,8,0,196.0
10109815FEITOSAF_2025-07-31_G35,10109815FEITOSAF,2025-07-31,122984,1,6,0,88.0
10109815FEITOSAF_2025-07-31_G36,10109815FEITOSAF,2025-07-31,122984,1,24,0,433.0
10109815FEITOSAF_2025-07-31_G37,10109815FEITOSAF,2025-07-31,122962,1,4,0,650.0
10109815FEITOSAF_2025-07-31_G38,10109815FEITOSAF,2025-07-31,122962,1,6,0,57.0
10109815FEITOSAF_2025-07-31_G39,10109815FEITOSAF,2025-07-31,122962,1,8,0,74.0
10109815FEITOSAF_2025-07-31_G40,10109815FEITOSAF,2025-07-31,122962,2,10,15,32.0
10109815FEITOSAF_2025-07-31_G41,10109815FEITOSAF,2025-07-31,122962,1,16,0,60.0
10109815FEITOSAF_2025-07-31_G42,10109815FEITOSAF,2025-07-31,124371,1,3,0,38.0
10109815FEITOSAF_2025-08-02_G02,10109815FEITOSAF,2025-08-02,120339,1,4,0,452.0
10109815FEITOSAF_2025-08-02_G03,10109815FEITOSAF,2025-08-02,120339,1,4,0,53.0
10109815FEITOSAF_2025-08-02_G04,10109815FEITOSAF,2025-08-02,120339,1,8,0,107.0
10109815FEITOSAF_2025-08-02_G05,10109815FEITOSAF,2025-08-02,120339,1,4,0,36.0
10109815FEITOSAF_2025-08-02_G06,10109815FEITOSAF,2025-08-02,123561,1,14,0,340.0
10109815FEITOSAF_2025-08-02_G07,10109815FEITOSAF,2025-08-02,123345,3,8,16,106.0
10109815FEITOSAF_2025-08-02_G08,10109815FEITOSAF,2025-08-02,120271,1,2,0,258.0
10109815FEITOSAF_2025-08-02_G09,10109815FEITOSAF,2025-08-02,120339,1,4,0,120.0
10109815FEITOSAF_2025-08-02_G10,10109815FEITOSAF,2025-08-02,120339,1,8,0,91.0
10109815FEITOSAF_2025-08-02_G11,10109815FEITOSAF,2025-08-02,120339,1,2,0,41.0
10109815FEITOSAF_2025-08-02_G12,10109815FEITOSAF,2025-08-02,121651,1,6,0,215.0
10109815FEITOSAF_2025-08-02_G13,10109815FEITOSAF,2025-08-02,121651,1,12,0,217.0
10109815FEITOSAF_2025-08-02_G14,10109815FEITOSAF,2025-08-02,121651,1,2,0,81.0
10109815FEITOSAF_2025-08-02_G15,10109815FEITOSAF,2025-08-02,122983,1,10,0,188.0
10109815FEITOSAF_2025-08-02_G16,10109815FEITOSAF,2025-08-02,124371,1,8,0,157.0
10109815FEITOSAF_2025-08-02_G17,10109815FEITOSAF,2025-08-02,122983,1,20,0,319.0
10109815FEITOSAF_2025-08-02_G18,10109815FEITOSAF,2025-08-02,123313,1,4,0,124.0
10109815FEITOSAF_2025-08-02_G19,10109815FEITOSAF,2025-08-02,123153,1,16,0,218.0
10109815FEITOSAF_2025-08-02_G20,10109815FEITOSAF,2025-08-02,124247,1,2,0,35.0
10109815FEITOSAF_2025-08-02_G21,10109815FEITOSAF,2025-08-02,123822,1,23,0,367.0
10109815FEITOSAF_2025-08-02_G22,10109815FEITOSAF,2025-08-02,122984,1,16,0,276.0
10109815FEITOSAF_2025-08-02_G23,10109815FEITOSAF,2025-08-02,122185,1,40,0,745.0
10109815FEITOSAF_2025-08-02_G24,10109815FEITOSAF,2025-08-02,124247,1,4,0,249.0
10109815FEITOSAF_2025-08-02_G25,10109815FEITOSAF,2025-08-02,122962,1,200,0,515.0
10109815FEITOSAF_2025-08-02_G26,10109815FEITOSAF,2025-08-02,123313,1,100,0,3261.0
10109815FEITOSAF_2025-08-02_G27,10109815FEITOSAF,2025-08-02,123344,1,150,0,931.0
10109815FEITOSAF_2025-08-05_G02,10109815FEITOSAF,2025-08-05,122195,1,96,0,1299.0
10109815FEITOSAF_2025-08-05_G03,10109815FEITOSAF,2025-08-05,123822,1,78,0,3305.0
10109815FEITOSAF_2025-08-05_G04,10109815FEITOSAF,2025-08-05,122189,1,4,0,79.0
10109815FEITOSAF_2025-08-05_G05,10109815FEITOSAF,2025-08-05,122962,1,48,0,467.0
10109815FEITOSAF_2025-08-05_G06,10109815FEITOSAF,2025-08-05,123492,1,10,0,122.0
10109815FEITOSAF_2025-08-05_G07,10109815FEITOSAF,2025-08-05,122962,1,40,0,411.0
10109815FEITOSAF_2025-08-05_G08,10109815FEITOSAF,2025-08-05,122982,1,8,0,149.0
10109815FEITOSAF_2025-08-05_G09,10109815FEITOSAF,2025-08-05,123908,1,2,0,520.0
10109815FEITOSAF_2025-08-05_G10,10109815FEITOSAF,2025-08-05,122647,1,28,0,308.0
10109815FEITOSAF_2025-08-05_G11,10109815FEITOSAF,2025-08-05,122962,1,12,0,279.0
10109815FEITOSAF_2025-08-06_G02,10109815FEITOSAF,2025-08-06,122647,1,72,0,1548.0
10109815FEITOSAF_2025-08-06_G03,10109815FEITOSAF,2025-08-06,122962,1,16,0,183.0
10109815FEITOSAF_2025-08-06_G04,10109815FEITOSAF,2025-08-06,122673,1,20,0,574.0
10109815FEITOSAF_2025-08-06_G05,10109815FEITOSAF,2025-08-06,122671,1,4,0,1715.0
10109815FEITOSAF_2025-08-06_G06,10109815FEITOSAF,2025-08-06,122673,1,12,0,305.0
10109815FEITOSAF_2025-08-06_G07,10109815FEITOSAF,2025-08-06,124486,1,12,0,1711.0
10109815FEITOSAF_2025-08-06_G08,10109815FEITOSAF,2025-08-06,124486,1,4,0,132.0
10109815FEITOSAF_2025-08-06_G09,10109815FEITOSAF,2025-08-06,123343,1,1,0,229.0
10109815FEITOSAF_2025-08-06_G10,10109815FEITOSAF,2025-08-06,123909,1,6,0,444.0
10109815FEITOSAF_2025-08-06_G11,10109815FEITOSAF,2025-08-06,124248,1,2,0,196.0
10109815FEITOSAF_2025-08-06_G12,10109815FEITOSAF,2025-08-06,124486,1,2,0,110.0
10109815FEITOSAF_2025-08-06_G13,10109815FEITOSAF,2025-08-06,122982,1,4,0,339.0
10109815FEITOSAF_2025-08-06_G14,10109815FEITOSAF,2025-08-06,123345,1,4,0,117.0
10109815FEITOSAF_2025-08-06_G15,10109815FEITOSAF,2025-08-06,122984,1,6,0,190.0
10109815FEITOSAF_2025-08-06_G16,10109815FEITOSAF,2025-08-06,"123909, 124486",2,5,16,108.0
10109815FEITOSAF_2025-08-06_G17,10109815FEITOSAF,2025-08-06,"124475, 123343",2,19,27,816.0
10109815FEITOSAF_2025-08-06_G19,10109815FEITOSAF,2025-08-06,120389,1,2,0,93.0
10109815FEITOSAF_2025-08-06_G20,10109815FEITOSAF,2025-08-06,124370,1,11,0,295.0
10109815FEITOSAF_2025-08-06_G21,10109815FEITOSAF,2025-08-06,121760,1,8,0,245.0
10109815FEITOSAF_2025-08-06_G22,10109815FEITOSAF,2025-08-06,121760,1,11,0,305.0
10109815FEITOSAF_2025-08-06_G23,10109815FEITOSAF,2025-08-06,122962,1,81,0,1028.0
10109815FEITOSAF_2025-08-06_G24,10109815FEITOSAF,2025-08-06,124475,1,10,0,281.0
10109815FEITOSAF_2025-08-06_G25,10109815FEITOSAF,2025-08-06,123313,1,2,0,587.0
10109815FEITOSAF_2025-08-06_G26,10109815FEITOSAF,2025-08-06,181280,1,1,0,308.0
10109815FEITOSAF_2025-08-06_G27,10109815FEITOSAF,2025-08-06,181280,1,1,0,1447.0
10109815FEITOSAF_2025-08-07_G02,10109815FEITOSAF,2025-08-07,123153,1,70,0,1419.0
10109815FEITOSAF_2025-08-07_G03,10109815FEITOSAF,2025-08-07,124264,1,80,0,1431.0
10109815FEITOSAF_2025-08-07_G04,10109815FEITOSAF,2025-08-07,122673,1,6,0,161.0
10109815FEITOSAF_2025-08-07_G05,10109815FEITOSAF,2025-08-07,122962,1,4,0,127.0
10109815FEITOSAF_2025-08-07_G06,10109815FEITOSAF,2025-08-07,123822,1,1,0,48.0
10109815FEITOSAF_2025-08-07_G07,10109815FEITOSAF,2025-08-07,122673,1,4,0,284.0
10109815FEITOSAF_2025-08-07_G08,10109815FEITOSAF,2025-08-07,122673,1,10,0,80.0
10109815FEITOSAF_2025-08-07_G09,10109815FEITOSAF,2025-08-07,122647,1,10,0,165.0
10109815FEITOSAF_2025-08-07_G10,10109815FEITOSAF,2025-08-07,123889,1,4,0,157.0
10109815FEITOSAF_2025-08-07_G11,10109815FEITOSAF,2025-08-07,123345,1,4,0,98.0
10109815FEITOSAF_2025-08-07_G12,10109815FEITOSAF,2025-08-07,122673,1,16,0,205.0
10109815FEITOSAF_2025-08-07_G13,10109815FEITOSAF,2025-08-07,123909,1,8,0,100.0
10109815FEITOSAF_2025-08-07_G15,10109815FEITOSAF,2025-08-07,120008,1,14,0,282.0
10109815FEITOSAF_2025-08-07_G16,10109815FEITOSAF,2025-08-07,123520,1,4,0,368.0
10109815FEITOSAF_2025-08-07_G17,10109815FEITOSAF,2025-08-07,122962,1,20,0,226.0
10109815FEITOSAF_2025-08-07_G18,10109815FEITOSAF,2025-08-07,122983,1,20,0,251.0
10109815FEITOSAF_2025-08-07_G19,10109815FEITOSAF,2025-08-07,124247,1,12,0,260.0
10109815FEITOSAF_2025-08-07_G20,10109815FEITOSAF,2025-08-07,124248,1,8,0,191.0
10109815FEITOSAF_2025-08-07_G21,10109815FEITOSAF,2025-08-07,122984,1,10,0,288.0
10109815FEITOSAF_2025-08-07_G22,10109815FEITOSAF,2025-08-07,121760,1,12,0,248.0
10109815FEITOSAF_2025-08-07_G23,10109815FEITOSAF,2025-08-07,122673,1,12,0,198.0
10109815FEITOSAF_2025-08-07_G24,10109815FEITOSAF,2025-08-07,123909,1,2,0,41.0
10109815FEITOSAF_2025-08-07_G25,10109815FEITOSAF,2025-08-07,120028,1,24,0,377.0
10109815FEITOSAF_2025-08-07_G26,10109815FEITOSAF,2025-08-07,122962,1,8,0,52.0
10109815FEITOSAF_2025-08-07_G27,10109815FEITOSAF,2025-08-07,180024,1,1,0,211.0
10109815FEITOSAF_2025-08-07_G28,10109815FEITOSAF,2025-08-07,180024,1,6,0,209.0
10109815FEITOSAF_2025-08-07_G29,10109815FEITOSAF,2025-08-07,123153,1,20,0,261.0
10109815FEITOSAF_2025-08-07_G30,10109815FEITOSAF,2025-08-07,122647,1,10,0,169.0
10109815FEITOSAF_2025-08-07_G31,10109815FEITOSAF,2025-08-07,123492,1,9,0,902.0
10109815FEITOSAF_2025-08-07_G33,10109815FEITOSAF,2025-08-07,124370,1,20,0,302.0
10109815FEITOSAF_2025-08-07_G34,10109815FEITOSAF,2025-08-07,124371,1,10,0,201.0
10109815FEITOSAF_2025-08-07_G35,10109815FEITOSAF,2025-08-07,124548,1,250,0,3448.0
10109815FEITOSAF_2025-08-07_G36,10109815FEITOSAF,2025-08-07,123521,1,3,0,2222.0
10109815FEITOSAF_2025-08-07_G37,10109815FEITOSAF,2025-08-07,114647,1,4,0,135.0
10109815FEITOSAF_2025-08-07_G38,10109815FEITOSAF,2025-08-07,123909,1,4,0,265.0
10109815FEITOSAF_2025-08-07_G39,10109815FEITOSAF,2025-08-07,120389,1,4,0,74.0
10109815FEITOSAF_2025-08-07_G40,10109815FEITOSAF,2025-08-07,120271,1,6,0,189.0
10109815FEITOSAF_2025-08-07_G41,10109815FEITOSAF,2025-08-07,120272,1,3,0,114.0
10109815FEITOSAF_2025-08-07_G42,10109815FEITOSAF,2025-08-07,124624,1,6,0,147.0
10109815FEITOSAF_2025-08-07_G43,10109815FEITOSAF,2025-08-07,122986,1,4,0,123.0
10109815FEITOSAF_2025-08-07_G44,10109815FEITOSAF,2025-08-07,121760,1,10,0,200.0
10109815FEITOSAF_2025-08-07_G45,10109815FEITOSAF,2025-08-07,123889,1,4,0,158.0
10109815FEITOSAF_2025-08-07_G46,10109815FEITOSAF,2025-08-07,123344,1,10,0,394.0
10109815FEITOSAF_2025-08-08_G02,10109815FEITOSAF,2025-08-08,123909,1,6,0,433.0
10109815FEITOSAF_2025-08-08_G03,10109815FEITOSAF,2025-08-08,123909,1,26,0,1836.0
10109815FEITOSAF_2025-08-08_G04,10109815FEITOSAF,2025-08-08,121760,1,4,0,132.0
10109815FEITOSAF_2025-08-08_G05,10109815FEITOSAF,2025-08-08,123343,1,4,0,191.0
10109815FEITOSAF_2025-08-08_G06,10109815FEITOSAF,2025-08-08,124594,1,6,0,1056.0
10109815FEITOSAF_2025-08-08_G07,10109815FEITOSAF,2025-08-08,122988,1,4,0,35.0
10109815FEITOSAF_2025-08-08_G08,10109815FEITOSAF,2025-08-08,124248,1,4,0,168.0
10109815FEITOSAF_2025-08-08_G09,10109815FEITOSAF,2025-08-08,124475,1,3,0,582.0
10109815FEITOSAF_2025-08-08_G10,10109815FEITOSAF,2025-08-08,124476,1,4,0,149.0
10109815FEITOSAF_2025-08-08_G11,10109815FEITOSAF,2025-08-08,123492,1,6,0,252.0
10109815FEITOSAF_2025-08-08_G12,10109815FEITOSAF,2025-08-08,123947,1,16,0,1601.0
10109815FEITOSAF_2025-08-08_G13,10109815FEITOSAF,2025-08-08,123344,1,45,0,129.0
10109815FEITOSAF_2025-08-08_G14,10109815FEITOSAF,2025-08-08,122671,1,61,0,498.0
10109815FEITOSAF_2025-08-08_G15,10109815FEITOSAF,2025-08-08,123561,1,8,0,62.0
10109815FEITOSAF_2025-08-08_G16,10109815FEITOSAF,2025-08-08,124486,1,90,0,1393.0
10109815FEITOSAF_2025-08-08_G17,10109815FEITOSAF,2025-08-08,121923,1,5,0,194.0
10109815FEITOSAF_2025-08-08_G18,10109815FEITOSAF,2025-08-08,122981,1,20,0,364.0
10109815FEITOSAF_2025-08-08_G20,10109815FEITOSAF,2025-08-08,123492,1,8,0,81.0
10109815FEITOSAF_2025-08-08_G21,10109815FEITOSAF,2025-08-08,124486,1,50,0,589.0
10109815FEITOSAF_2025-08-08_G22,10109815FEITOSAF,2025-08-08,122185,1,50,0,990.0
10109815FEITOSAF_2025-08-08_G23,10109815FEITOSAF,2025-08-08,122962,1,75,0,808.0
10109815FEITOSAF_2025-08-08_G24,10109815FEITOSAF,2025-08-08,124371,1,30,0,359.0
10109815FEITOSAF_2025-08-08_G25,10109815FEITOSAF,2025-08-08,124370,1,40,0,1094.0
10109815FEITOSAF_2025-08-08_G26,10109815FEITOSAF,2025-08-08,122986,1,96,0,2782.0
10109815FEITOSAF_2025-08-08_G27,10109815FEITOSAF,2025-08-08,124371,1,50,0,1064.0
10109815FEITOSAF_2025-08-08_G28,10109815FEITOSAF,2025-08-08,122986,1,4,0,2285.0
10109815FEITOSAF_2025-08-09_G02,10109815FEITOSAF,2025-08-09,123153,1,2,0,175.0
10109815FEITOSAF_2025-08-09_G03,10109815FEITOSAF,2025-08-09,123345,1,4,0,179.0
10109815FEITOSAF_2025-08-09_G04,10109815FEITOSAF,2025-08-09,123345,1,6,0,138.0
10109815FEITOSAF_2025-08-09_G05,10109815FEITOSAF,2025-08-09,123153,1,8,0,126.0
10109815FEITOSAF_2025-08-09_G06,10109815FEITOSAF,2025-08-09,124247,1,2,0,140.0
10109815FEITOSAF_2025-08-09_G07,10109815FEITOSAF,2025-08-09,124264,1,14,0,2218.0
10109815FEITOSAF_2025-08-09_G08,10109815FEITOSAF,2025-08-09,122673,1,10,0,175.0
10109815FEITOSAF_2025-08-09_G09,10109815FEITOSAF,2025-08-09,122647,1,10,0,149.0
10109815FEITOSAF_2025-08-09_G10,10109815FEITOSAF,2025-08-09,122962,1,50,0,621.0
10109815FEITOSAF_2025-08-09_G11,10109815FEITOSAF,2025-08-09,123153,1,10,0,216.0
10109815FEITOSAF_2025-08-09_G12,10109815FEITOSAF,2025-08-09,122673,1,10,0,186.0
10109815FEITOSAF_2025-08-09_G13,10109815FEITOSAF,2025-08-09,120339,1,10,0,2332.0
10109815FEITOSAF_2025-08-09_G14,10109815FEITOSAF,2025-08-09,124486,1,12,0,347.0
10109815FEITOSAF_2025-08-09_G15,10109815FEITOSAF,2025-08-09,122962,1,16,0,381.0
10109815FEITOSAF_2025-08-09_G16,10109815FEITOSAF,2025-08-09,123822,1,60,0,857.0
10109815FEITOSAF_2025-08-09_G17,10109815FEITOSAF,2025-08-09,181056,1,4,0,416.0
10109815FEITOSAF_2025-08-09_G18,10109815FEITOSAF,2025-08-09,124264,1,6,0,372.0
10109815FEITOSAF_2025-08-09_G19,10109815FEITOSAF,2025-08-09,124486,1,30,0,561.0
10109815FEITOSAF_2025-08-11_G02,10109815FEITOSAF,2025-08-11,123344,1,44,0,206.0
10109815FEITOSAF_2025-08-11_G03,10109815FEITOSAF,2025-08-11,124476,1,40,0,980.0
10109815FEITOSAF_2025-08-11_G04,10109815FEITOSAF,2025-08-11,121760,1,94,0,1154.0
10109815FEITOSAF_2025-08-11_G06,10109815FEITOSAF,2025-08-11,124594,1,6,0,345.0
10109815FEITOSAF_2025-08-11_G07,10109815FEITOSAF,2025-08-11,122962,1,8,0,169.0
10109815FEITOSAF_2025-08-11_G08,10109815FEITOSAF,2025-08-11,123153,1,30,0,555.0
10109815FEITOSAF_2025-08-11_G09,10109815FEITOSAF,2025-08-11,124486,1,15,0,39.0
10109815FEITOSAF_2025-08-11_G10,10109815FEITOSAF,2025-08-11,122962,1,1,0,133.0
10109815FEITOSAF_2025-08-11_G11,10109815FEITOSAF,2025-08-11,122647,1,4,0,118.0
10109815FEITOSAF_2025-08-11_G12,10109815FEITOSAF,2025-08-11,122673,1,10,0,146.0
10109815FEITOSAF_2025-08-11_G14,10109815FEITOSAF,2025-08-11,123909,1,6,0,103.0
10109815FEITOSAF_2025-08-11_G15,10109815FEITOSAF,2025-08-11,122983,1,5,0,262.0
10109815FEITOSAF_2025-08-11_G16,10109815FEITOSAF,2025-08-11,124475,1,10,0,206.0
10109815FEITOSAF_2025-08-11_G17,10109815FEITOSAF,2025-08-11,120272,1,11,0,84.0
10109815FEITOSAF_2025-08-11_G18,10109815FEITOSAF,2025-08-11,124248,1,40,0,408.0
10109815FEITOSAF_2025-08-11_G19,10109815FEITOSAF,2025-08-11,120008,1,4,0,31.0
10109815FEITOSAF_2025-08-11_G20,10109815FEITOSAF,2025-08-11,124486,1,10,0,70.0
10109815FEITOSAF_2025-08-11_G21,10109815FEITOSAF,2025-08-11,121651,1,10,0,63.0
10109815FEITOSAF_2025-08-11_G22,10109815FEITOSAF,2025-08-11,122982,1,20,0,600.0
10109815FEITOSAF_2025-08-11_G23,10109815FEITOSAF,2025-08-11,124370,1,10,0,127.0
10109815FEITOSAF_2025-08-11_G24,10109815FEITOSAF,2025-08-11,123313,1,2,0,105.0
10109815FEITOSAF_2025-08-11_G25,10109815FEITOSAF,2025-08-11,123343,1,30,0,668.0
10109815FEITOSAF_2025-08-12_G02,10109815FEITOSAF,2025-08-12,123313,1,7,0,164.0
10109815FEITOSAF_2025-08-12_G03,10109815FEITOSAF,2025-08-12,123343,1,6,0,493.0
10109815FEITOSAF_2025-08-12_G04,10109815FEITOSAF,2025-08-12,123909,1,1,0,99.0
10109815FEITOSAF_2025-08-12_G05,10109815FEITOSAF,2025-08-12,122962,1,16,0,316.0
10109815FEITOSAF_2025-08-12_G06,10109815FEITOSAF,2025-08-12,123343,1,4,0,129.0
10109815FEITOSAF_2025-08-12_G07,10109815FEITOSAF,2025-08-12,124264,1,2,0,179.0
10109815FEITOSAF_2025-08-12_G08,10109815FEITOSAF,2025-08-12,124486,1,30,0,507.0
10109815FEITOSAF_2025-08-12_G09,10109815FEITOSAF,2025-08-12,122962,1,22,0,325.0
10109815FEITOSAF_2025-08-12_G10,10109815FEITOSAF,2025-08-12,123909,1,1,0,58.0
10109815FEITOSAF_2025-08-12_G11,10109815FEITOSAF,2025-08-12,123909,1,1,0,68.0
10109815FEITOSAF_2025-08-12_G12,10109815FEITOSAF,2025-08-12,181057,1,2,0,180.0
10109815FEITOSAF_2025-08-12_G13,10109815FEITOSAF,2025-08-12,181235,1,4,0,152.0
10109815FEITOSAF_2025-08-12_G14,10109815FEITOSAF,2025-08-12,181280,1,4,0,389.0
10109815FEITOSAF_2025-08-12_G15,10109815FEITOSAF,2025-08-12,124486,1,31,0,445.0
10109815FEITOSAF_2025-08-12_G16,10109815FEITOSAF,2025-08-12,124594,1,12,0,177.0
10109815FEITOSAF_2025-08-13_G02,10109815FEITOSAF,2025-08-13,123153,1,2,0,164.0
10109815FEITOSAF_2025-08-13_G03,10109815FEITOSAF,2025-08-13,123153,1,16,0,267.0
10109815FEITOSAF_2025-08-13_G04,10109815FEITOSAF,2025-08-13,122185,1,25,0,615.0
10109815FEITOSAF_2025-08-13_G05,10109815FEITOSAF,2025-08-13,124486,1,30,0,646.0
10109815FEITOSAF_2025-08-13_G06,10109815FEITOSAF,2025-08-13,122962,1,40,0,459.0
10109815FEITOSAF_2025-08-13_G07,10109815FEITOSAF,2025-08-13,124247,1,16,0,360.0
10109815FEITOSAF_2025-08-13_G09,10109815FEITOSAF,2025-08-13,120339,1,10,0,322.0
10109815FEITOSAF_2025-08-13_G10,10109815FEITOSAF,2025-08-13,120339,1,18,0,203.0
10109815FEITOSAF_2025-08-13_G11,10109815FEITOSAF,2025-08-13,120339,1,10,0,441.0
10109815FEITOSAF_2025-08-13_G12,10109815FEITOSAF,2025-08-13,122983,1,8,0,157.0
10109815FEITOSAF_2025-08-13_G13,10109815FEITOSAF,2025-08-13,122983,1,10,0,96.0
10109815FEITOSAF_2025-08-13_G14,10109815FEITOSAF,2025-08-13,124475,1,6,0,42.0
10109815FEITOSAF_2025-08-13_G15,10109815FEITOSAF,2025-08-13,124475,1,2,0,71.0
10109815FEITOSAF_2025-08-13_G16,10109815FEITOSAF,2025-08-13,124624,1,6,0,120.0
10109815FEITOSAF_2025-08-13_G17,10109815FEITOSAF,2025-08-13,123313,1,2,0,68.0
10109815FEITOSAF_2025-08-13_G18,10109815FEITOSAF,2025-08-13,122647,1,40,0,511.0
10109815FEITOSAF_2025-08-13_G19,10109815FEITOSAF,2025-08-13,120389,1,10,0,164.0
10109815FEITOSAF_2025-08-13_G20,10109815FEITOSAF,2025-08-13,120028,1,60,0,644.0
10109815FEITOSAF_2025-08-13_G21,10109815FEITOSAF,2025-08-13,122647,1,16,0,210.0
10109815FEITOSAF_2025-08-13_G22,10109815FEITOSAF,2025-08-13,124486,1,24,0,238.0
10109815FEITOSAF_2025-08-13_G24,10109815FEITOSAF,2025-08-13,124371,1,8,0,593.0
10109815FEITOSAF_2025-08-13_G25,10109815FEITOSAF,2025-08-13,123345,1,20,0,379.0
10109815FEITOSAF_2025-08-13_G26,10109815FEITOSAF,2025-08-13,181280,1,1,0,549.0
10109815FEITOSAF_2025-08-13_G27,10109815FEITOSAF,2025-08-13,124476,1,28,0,1892.0
10109815FEITOSAF_2025-08-14_G02,10109815FEITOSAF,2025-08-14,122981,1,4,0,86.0
10109815FEITOSAF_2025-08-14_G03,10109815FEITOSAF,2025-08-14,122983,1,4,0,243.0
10109815FEITOSAF_2025-08-14_G04,10109815FEITOSAF,2025-08-14,122986,1,14,0,307.0
10109815FEITOSAF_2025-08-14_G05,10109815FEITOSAF,2025-08-14,124248,1,8,0,126.0
10109815FEITOSAF_2025-08-14_G06,10109815FEITOSAF,2025-08-14,124486,1,40,0,741.0
10109815FEITOSAF_2025-08-14_G07,10109815FEITOSAF,2025-08-14,122982,1,22,0,406.0
10109815FEITOSAF_2025-08-14_G08,10109815FEITOSAF,2025-08-14,122962,1,16,0,290.0
10109815FEITOSAF_2025-08-14_G09,10109815FEITOSAF,2025-08-14,124371,1,8,0,142.0
10109815FEITOSAF_2025-08-14_G10,10109815FEITOSAF,2025-08-14,124370,1,16,0,403.0
10109815FEITOSAF_2025-08-14_G11,10109815FEITOSAF,2025-08-14,"122988, 122982",2,8,21,94.0
10109815FEITOSAF_2025-08-14_G12,10109815FEITOSAF,2025-08-14,124370,1,8,0,231.0
10109815FEITOSAF_2025-08-14_G13,10109815FEITOSAF,2025-08-14,123344,1,4,0,105.0
10109815FEITOSAF_2025-08-14_G14,10109815FEITOSAF,2025-08-14,123909,1,6,0,289.0
10109815FEITOSAF_2025-08-14_G15,10109815FEITOSAF,2025-08-14,122981,1,2,0,61.0
10109815FEITOSAF_2025-08-14_G16,10109815FEITOSAF,2025-08-14,120028,1,2,0,52.0
10109815FEITOSAF_2025-08-14_G17,10109815FEITOSAF,2025-08-14,124486,1,4,0,128.0
10109815FEITOSAF_2025-08-14_G18,10109815FEITOSAF,2025-08-14,121651,1,26,0,608.0
10109815FEITOSAF_2025-08-14_G19,10109815FEITOSAF,2025-08-14,124247,1,4,0,83.0
10109815FEITOSAF_2025-08-14_G20,10109815FEITOSAF,2025-08-14,124370,1,16,0,241.0
10109815FEITOSAF_2025-08-14_G21,10109815FEITOSAF,2025-08-14,123345,1,6,0,417.0
10109815FEITOSAF_2025-08-14_G23,10109815FEITOSAF,2025-08-14,120389,1,20,0,480.0
10109815FEITOSAF_2025-08-14_G24,10109815FEITOSAF,2025-08-14,120028,1,8,0,63.0
10109815FEITOSAF_2025-08-14_G25,10109815FEITOSAF,2025-08-14,124486,1,8,0,356.0
10109815FEITOSAF_2025-08-14_G26,10109815FEITOSAF,2025-08-14,122982,1,4,0,2708.0
10109815FEITOSAF_2025-08-14_G27,10109815FEITOSAF,2025-08-14,122962,1,24,0,309.0
10109815FEITOSAF_2025-08-14_G28,10109815FEITOSAF,2025-08-14,124247,1,4,0,39.0
10109815FEITOSAF_2025-08-14_G29,10109815FEITOSAF,2025-08-14,124370,1,6,0,208.0
10109815FEITOSAF_2025-08-14_G30,10109815FEITOSAF,2025-08-14,124248,1,5,0,79.0
10109815FEITOSAF_2025-08-14_G31,10109815FEITOSAF,2025-08-14,124486,1,4,0,104.0
10109815FEITOSAF_2025-08-14_G32,10109815FEITOSAF,2025-08-14,122982,1,4,0,99.0
10109815FEITOSAF_2025-08-14_G33,10109815FEITOSAF,2025-08-14,123343,1,2,0,127.0
10109815FEITOSAF_2025-08-14_G34,10109815FEITOSAF,2025-08-14,123344,1,12,0,133.0
10109815FEITOSAF_2025-08-14_G35,10109815FEITOSAF,2025-08-14,124475,1,6,0,58.0
10109815FEITOSAF_2025-08-14_G36,10109815FEITOSAF,2025-08-14,124248,1,1,0,39.0
10109815FEITOSAF_2025-08-14_G37,10109815FEITOSAF,2025-08-14,"124371, 124247",2,4,30,180.0
10109815FEITOSAF_2025-08-14_G38,10109815FEITOSAF,2025-08-14,124370,1,16,0,225.0
10109815FEITOSAF_2025-08-14_G39,10109815FEITOSAF,2025-08-14,124486,1,8,0,329.0
10109815FEITOSAF_2025-08-14_G40,10109815FEITOSAF,2025-08-14,121760,1,6,0,306.0
10109815FEITOSAF_2025-08-14_G41,10109815FEITOSAF,2025-08-14,124370,1,8,0,274.0
10109815FEITOSAF_2025-08-14_G42,10109815FEITOSAF,2025-08-14,123345,1,7,0,131.0
10109815FEITOSAF_2025-08-14_G43,10109815FEITOSAF,2025-08-14,123345,1,4,0,185.0
10109815FEITOSAF_2025-08-14_G44,10109815FEITOSAF,2025-08-14,123343,1,4,0,93.0
10109815FEITOSAF_2025-08-14_G45,10109815FEITOSAF,2025-08-14,124594,1,4,0,92.0
10109815FEITOSAF_2025-08-15_G02,10109815FEITOSAF,2025-08-15,122962,1,42,0,757.0
10109815FEITOSAF_2025-08-15_G03,10109815FEITOSAF,2025-08-15,124486,1,5,0,61.0
10109815FEITOSAF_2025-08-15_G04,10109815FEITOSAF,2025-08-15,122962,1,16,0,236.0
10109815FEITOSAF_2025-08-15_G05,10109815FEITOSAF,2025-08-15,"122962, 121760",2,23,28,207.0
10109815FEITOSAF_2025-08-15_G06,10109815FEITOSAF,2025-08-15,123345,1,4,0,179.0
10109815FEITOSAF_2025-08-15_G07,10109815FEITOSAF,2025-08-15,123822,1,34,0,608.0
10109815FEITOSAF_2025-08-15_G08,10109815FEITOSAF,2025-08-15,123822,1,34,0,715.0
10109815FEITOSAF_2025-08-15_G09,10109815FEITOSAF,2025-08-15,122185,1,6,0,127.0
10109815FEITOSAF_2025-08-15_G10,10109815FEITOSAF,2025-08-15,124486,1,20,0,310.0
10109815FEITOSAF_2025-08-15_G11,10109815FEITOSAF,2025-08-15,122962,1,8,0,121.0
10109815FEITOSAF_2025-08-15_G12,10109815FEITOSAF,2025-08-15,120389,1,6,0,195.0
10109815FEITOSAF_2025-08-15_G13,10109815FEITOSAF,2025-08-15,123909,1,45,0,2520.0
10109815FEITOSAF_2025-08-15_G14,10109815FEITOSAF,2025-08-15,124486,1,4,0,96.0
10109815FEITOSAF_2025-08-15_G15,10109815FEITOSAF,2025-08-15,122962,1,24,0,363.0
10109815FEITOSAF_2025-08-15_G16,10109815FEITOSAF,2025-08-15,181056,1,8,0,1078.0
10109815FEITOSAF_2025-08-15_G17,10109815FEITOSAF,2025-08-15,181235,1,2,0,71.0
10109815FEITOSAF_2025-08-15_G18,10109815FEITOSAF,2025-08-15,181056,1,2,0,70.0
10109815FEITOSAF_2025-08-15_G19,10109815FEITOSAF,2025-08-15,181057,1,1,0,130.0
10109815FEITOSAF_2025-08-15_G20,10109815FEITOSAF,2025-08-15,181056,1,3,0,590.0
10109815FEITOSAF_2025-08-15_G21,10109815FEITOSAF,2025-08-15,123822,1,43,0,548.0
10109815FEITOSAF_2025-08-15_G22,10109815FEITOSAF,2025-08-15,123947,1,4,0,352.0
10109815FEITOSAF_2025-08-15_G23,10109815FEITOSAF,2025-08-15,122647,1,30,0,456.0
10109815FEITOSAF_2025-08-15_G24,10109815FEITOSAF,2025-08-15,122647,1,50,0,757.0
10109815FEITOSAF_2025-08-15_G25,10109815FEITOSAF,2025-08-15,122962,1,50,0,454.0
10109815FEITOSAF_2025-08-15_G26,10109815FEITOSAF,2025-08-15,122673,1,6,0,150.0
10109815FEITOSAF_2025-08-15_G27,10109815FEITOSAF,2025-08-15,180420,2,2,28,1120.0
10109815FEITOSAF_2025-08-15_G29,10109815FEITOSAF,2025-08-15,122185,1,40,0,432.0
10109815FEITOSAF_2025-08-15_G30,10109815FEITOSAF,2025-08-15,124548,1,12,0,317.0
10109815FEITOSAF_2025-08-15_G31,10109815FEITOSAF,2025-08-15,122962,1,100,0,1196.0
10109815FEITOSAF_2025-08-15_G32,10109815FEITOSAF,2025-08-15,123345,1,32,0,402.0
10109815FEITOSAF_2025-08-15_G33,10109815FEITOSAF,2025-08-15,123343,1,28,0,333.0
10109815FEITOSAF_2025-08-16_G02,10109815FEITOSAF,2025-08-16,123344,1,20,0,353.0
10109815FEITOSAF_2025-08-16_G03,10109815FEITOSAF,2025-08-16,123909,1,3,0,34.0
10109815FEITOSAF_2025-08-16_G04,10109815FEITOSAF,2025-08-16,123909,1,24,0,462.0
10109815FEITOSAF_2025-08-16_G05,10109815FEITOSAF,2025-08-16,124624,1,4,0,73.0
10109815FEITOSAF_2025-08-16_G06,10109815FEITOSAF,2025-08-16,120389,1,12,0,232.0
10109815FEITOSAF_2025-08-16_G07,10109815FEITOSAF,2025-08-16,124486,1,50,0,529.0
10109815FEITOSAF_2025-08-16_G08,10109815FEITOSAF,2025-08-16,122962,1,30,0,267.0
10109815FEITOSAF_2025-08-16_G09,10109815FEITOSAF,2025-08-16,124370,1,50,0,640.0
10109815FEITOSAF_2025-08-16_G10,10109815FEITOSAF,2025-08-16,123345,1,20,0,958.0
10109815FEITOSAF_2025-08-16_G11,10109815FEITOSAF,2025-08-16,123343,1,24,0,50.0
10109815FEITOSAF_2025-08-16_G13,10109815FEITOSAF,2025-08-16,123153,1,10,0,109.0
10109815FEITOSAF_2025-08-16_G14,10109815FEITOSAF,2025-08-16,123153,1,10,0,119.0
10109815FEITOSAF_2025-08-16_G15,10109815FEITOSAF,2025-08-16,123153,1,4,0,75.0
10109815FEITOSAF_2025-08-16_G16,10109815FEITOSAF,2025-08-16,122673,1,60,0,569.0
10109815FEITOSAF_2025-08-18_G02,10109815FEITOSAF,2025-08-18,122671,1,3,0,198.0
10109815FEITOSAF_2025-08-18_G03,10109815FEITOSAF,2025-08-18,123492,1,1,0,80.0
10109815FEITOSAF_2025-08-18_G04,10109815FEITOSAF,2025-08-18,124486,1,8,0,162.0
10109815FEITOSAF_2025-08-18_G05,10109815FEITOSAF,2025-08-18,124247,1,8,0,146.0
10109815FEITOSAF_2025-08-18_G06,10109815FEITOSAF,2025-08-18,123521,1,4,0,175.0
10109815FEITOSAF_2025-08-18_G07,10109815FEITOSAF,2025-08-18,122471,1,12,0,359.0
10109815FEITOSAF_2025-08-18_G08,10109815FEITOSAF,2025-08-18,122471,1,5,0,84.0
10109815FEITOSAF_2025-08-18_G09,10109815FEITOSAF,2025-08-18,123345,1,10,0,141.0
10109815FEITOSAF_2025-08-19_G02,10109815FEITOSAF,2025-08-19,123909,1,10,0,64.0
10109815FEITOSAF_2025-08-19_G03,10109815FEITOSAF,2025-08-19,123909,1,10,0,226.0
10109815FEITOSAF_2025-08-19_G04,10109815FEITOSAF,2025-08-19,124475,1,42,0,705.0
10109815FEITOSAF_2025-08-19_G05,10109815FEITOSAF,2025-08-19,122988,1,8,0,160.0
10109815FEITOSAF_2025-08-19_G06,10109815FEITOSAF,2025-08-19,122673,1,2,0,38.0
10109815FEITOSAF_2025-08-19_G07,10109815FEITOSAF,2025-08-19,120389,1,12,0,246.0
10109815FEITOSAF_2025-08-19_G08,10109815FEITOSAF,2025-08-19,121760,1,36,0,530.0
10109815FEITOSAF_2025-08-19_G09,10109815FEITOSAF,2025-08-19,124248,1,2,0,44.0
10109815FEITOSAF_2025-08-19_G10,10109815FEITOSAF,2025-08-19,124370,1,48,0,825.0
10109815FEITOSAF_2025-08-19_G11,10109815FEITOSAF,2025-08-19,124486,1,26,0,301.0
10109815FEITOSAF_2025-08-19_G12,10109815FEITOSAF,2025-08-19,124486,1,20,0,268.0
10109815FEITOSAF_2025-08-19_G13,10109815FEITOSAF,2025-08-19,122982,1,16,0,258.0
10109815FEITOSAF_2025-08-19_G14,10109815FEITOSAF,2025-08-19,122962,1,32,0,312.0
10109815FEITOSAF_2025-08-19_G15,10109815FEITOSAF,2025-08-19,122962,1,20,0,122.0
10109815FEITOSAF_2025-08-19_G16,10109815FEITOSAF,2025-08-19,123345,1,8,0,129.0
10109815FEITOSAF_2025-08-19_G17,10109815FEITOSAF,2025-08-19,124624,1,70,0,2337.0
10109815FEITOSAF_2025-08-19_G18,10109815FEITOSAF,2025-08-19,124624,1,30,0,609.0
10109815FEITOSAF_2025-08-19_G20,10109815FEITOSAF,2025-08-19,124624,1,10,0,72.0
10109815FEITOSAF_2025-08-19_G21,10109815FEITOSAF,2025-08-19,124370,1,81,0,1828.0
10109815FEITOSAF_2025-08-19_G22,10109815FEITOSAF,2025-08-19,121651,1,90,0,1903.0
10109815FEITOSAF_2025-08-19_G24,10109815FEITOSAF,2025-08-19,123343,1,20,0,487.0
10109815FEITOSAF_2025-08-19_G25,10109815FEITOSAF,2025-08-19,122982,1,8,0,178.0
10109815FEITOSAF_2025-08-19_G26,10109815FEITOSAF,2025-08-19,124548,1,50,0,930.0
10109815FEITOSAF_2025-08-19_G27,10109815FEITOSAF,2025-08-19,123344,1,20,0,628.0
10109815FEITOSAF_2025-08-20_G02,10109815FEITOSAF,2025-08-20,120339,1,6,0,132.0
10109815FEITOSAF_2025-08-20_G03,10109815FEITOSAF,2025-08-20,120389,1,4,0,178.0
10109815FEITOSAF_2025-08-20_G04,10109815FEITOSAF,2025-08-20,124248,1,1,0,41.0
10109815FEITOSAF_2025-08-20_G05,10109815FEITOSAF,2025-08-20,124486,1,20,0,374.0
10109815FEITOSAF_2025-08-20_G06,10109815FEITOSAF,2025-08-20,124247,1,2,0,51.0
10109815FEITOSAF_2025-08-20_G07,10109815FEITOSAF,2025-08-20,122962,1,8,0,209.0
10109815FEITOSAF_2025-08-20_G08,10109815FEITOSAF,2025-08-20,123909,1,7,0,194.0
10109815FEITOSAF_2025-08-20_G09,10109815FEITOSAF,2025-08-20,120339,1,4,0,70.0
10109815FEITOSAF_2025-08-20_G10,10109815FEITOSAF,2025-08-20,123822,1,1,0,155.0
10109815FEITOSAF_2025-08-20_G11,10109815FEITOSAF,2025-08-20,124486,1,7,0,192.0
10109815FEITOSAF_2025-08-20_G12,10109815FEITOSAF,2025-08-20,122962,1,4,0,91.0
10109815FEITOSAF_2025-08-20_G13,10109815FEITOSAF,2025-08-20,123345,1,7,0,197.0
10109815FEITOSAF_2025-08-20_G14,10109815FEITOSAF,2025-08-20,124486,1,60,0,746.0
10109815FEITOSAF_2025-08-20_G15,10109815FEITOSAF,2025-08-20,122962,1,40,0,363.0
10109815FEITOSAF_2025-08-20_G16,10109815FEITOSAF,2025-08-20,122983,1,6,0,1994.0
10109815FEITOSAF_2025-08-20_G17,10109815FEITOSAF,2025-08-20,122671,1,1,0,92.0
10109815FEITOSAF_2025-08-20_G18,10109815FEITOSAF,2025-08-20,121760,1,14,0,216.0
10109815FEITOSAF_2025-08-20_G19,10109815FEITOSAF,2025-08-20,124371,1,4,0,71.0
10109815FEITOSAF_2025-08-20_G20,10109815FEITOSAF,2025-08-20,122984,1,14,0,282.0
10109815FEITOSAF_2025-08-20_G21,10109815FEITOSAF,2025-08-20,124247,1,1,0,51.0
10109815FEITOSAF_2025-08-20_G22,10109815FEITOSAF,2025-08-20,122647,1,26,0,473.0
10109815FEITOSAF_2025-08-20_G23,10109815FEITOSAF,2025-08-20,123909,1,12,0,522.0
10109815FEITOSAF_2025-08-20_G24,10109815FEITOSAF,2025-08-20,124486,1,24,0,317.0
10109815FEITOSAF_2025-08-20_G25,10109815FEITOSAF,2025-08-20,122962,1,24,0,408.0
10109815FEITOSAF_2025-08-20_G26,10109815FEITOSAF,2025-08-20,124486,1,20,0,371.0
10109815FEITOSAF_2025-08-20_G27,10109815FEITOSAF,2025-08-20,122962,1,40,0,469.0
10109815FEITOSAF_2025-08-20_G28,10109815FEITOSAF,2025-08-20,122647,1,30,0,485.0
10109815FEITOSAF_2025-08-20_G29,10109815FEITOSAF,2025-08-20,122962,1,20,0,258.0
10109815FEITOSAF_2025-08-20_G30,10109815FEITOSAF,2025-08-20,122962,1,15,0,458.0
10109815FEITOSAF_2025-08-20_G31,10109815FEITOSAF,2025-08-20,"122671, 122962, 122647",3,50,22,1253.0
10109815FEITOSAF_2025-08-20_G33,10109815FEITOSAF,2025-08-20,124248,1,2,0,62.0
10109815FEITOSAF_2025-08-20_G34,10109815FEITOSAF,2025-08-20,122984,1,12,0,220.0
10109815FEITOSAF_2025-08-20_G35,10109815FEITOSAF,2025-08-20,124248,1,35,0,274.0
10109815FEITOSAF_2025-08-20_G36,10109815FEITOSAF,2025-08-20,124248,1,35,0,804.0
10109815FEITOSAF_2025-08-20_G37,10109815FEITOSAF,2025-08-20,124548,1,26,0,576.0
10109815FEITOSAF_2025-08-20_G38,10109815FEITOSAF,2025-08-20,123343,1,7,0,779.0
10109815FEITOSAF_2025-08-20_G39,10109815FEITOSAF,2025-08-20,123345,1,8,0,1489.0
10109815FEITOSAF_2025-08-21_G02,10109815FEITOSAF,2025-08-21,122647,1,5,0,172.0
10109815FEITOSAF_2025-08-21_G03,10109815FEITOSAF,2025-08-21,122647,1,9,0,131.0
10109815FEITOSAF_2025-08-21_G04,10109815FEITOSAF,2025-08-21,124475,1,31,0,295.0
10109815FEITOSAF_2025-08-21_G05,10109815FEITOSAF,2025-08-21,120271,1,5,0,93.0
10109815FEITOSAF_2025-08-21_G06,10109815FEITOSAF,2025-08-21,124371,1,20,0,499.0
10109815FEITOSAF_2025-08-21_G07,10109815FEITOSAF,2025-08-21,124370,1,50,0,1068.0
10109815FEITOSAF_2025-08-21_G08,10109815FEITOSAF,2025-08-21,122986,1,6,0,123.0
10109815FEITOSAF_2025-08-21_G09,10109815FEITOSAF,2025-08-21,122962,1,100,0,1051.0
10109815FEITOSAF_2025-08-21_G10,10109815FEITOSAF,2025-08-21,124475,1,14,0,797.0
10109815FEITOSAF_2025-08-21_G11,10109815FEITOSAF,2025-08-21,124475,1,10,0,200.0
10109815FEITOSAF_2025-08-21_G12,10109815FEITOSAF,2025-08-21,121760,1,20,0,206.0
10109815FEITOSAF_2025-08-21_G13,10109815FEITOSAF,2025-08-21,124370,1,20,0,541.0
10109815FEITOSAF_2025-08-21_G14,10109815FEITOSAF,2025-08-21,121760,1,30,0,294.0
10109815FEITOSAF_2025-08-21_G15,10109815FEITOSAF,2025-08-21,180420,1,11,0,392.0
10109815FEITOSAF_2025-08-22_G02,10109815FEITOSAF,2025-08-22,120028,1,14,0,258.0
10109815FEITOSAF_2025-08-22_G03,10109815FEITOSAF,2025-08-22,120271,1,1,0,50.0
10109815FEITOSAF_2025-08-22_G04,10109815FEITOSAF,2025-08-22,124371,1,20,0,563.0
10109815FEITOSAF_2025-08-22_G05,10109815FEITOSAF,2025-08-22,122185,1,10,0,645.0
10109815FEITOSAF_2025-08-22_G06,10109815FEITOSAF,2025-08-22,124247,1,9,0,216.0
10109815FEITOSAF_2025-08-22_G07,10109815FEITOSAF,2025-08-22,124370,1,20,0,163.0
10109815FEITOSAF_2025-08-22_G08,10109815FEITOSAF,2025-08-22,180373,1,2,0,190.0
10109815FEITOSAF_2025-08-22_G09,10109815FEITOSAF,2025-08-22,123345,1,30,0,402.0
10109815FEITOSAF_2025-08-22_G10,10109815FEITOSAF,2025-08-22,124370,1,15,0,1326.0
10109815FEITOSAF_2025-08-22_G11,10109815FEITOSAF,2025-08-22,120339,1,9,0,195.0
10109815FEITOSAF_2025-08-22_G12,10109815FEITOSAF,2025-08-22,124475,1,9,0,473.0
10109815FEITOSAF_2025-08-22_G13,10109815FEITOSAF,2025-08-22,124475,1,3,0,75.0
10109815FEITOSAF_2025-08-22_G14,10109815FEITOSAF,2025-08-22,120389,1,6,0,137.0
10109815FEITOSAF_2025-08-22_G15,10109815FEITOSAF,2025-08-22,124371,1,12,0,314.0
10109815FEITOSAF_2025-08-22_G16,10109815FEITOSAF,2025-08-22,124486,1,21,0,365.0
10109815FEITOSAF_2025-08-22_G17,10109815FEITOSAF,2025-08-22,121651,1,17,0,357.0
10109815FEITOSAF_2025-08-22_G18,10109815FEITOSAF,2025-08-22,122984,1,6,0,144.0
10109815FEITOSAF_2025-08-22_G19,10109815FEITOSAF,2025-08-22,122984,1,6,0,203.0
10109815FEITOSAF_2025-08-22_G20,10109815FEITOSAF,2025-08-22,122962,1,80,0,735.0
10109815FEITOSAF_2025-08-22_G21,10109815FEITOSAF,2025-08-22,123822,1,19,0,84.0
10109815FEITOSAF_2025-08-22_G22,10109815FEITOSAF,2025-08-22,123343,1,3,0,138.0
10109815FEITOSAF_2025-08-22_G23,10109815FEITOSAF,2025-08-22,121760,1,10,0,184.0
10109815FEITOSAF_2025-08-22_G24,10109815FEITOSAF,2025-08-22,124486,1,5,0,44.0
10109815FEITOSAF_2025-08-22_G25,10109815FEITOSAF,2025-08-22,124486,1,9,0,269.0
10109815FEITOSAF_2025-08-22_G26,10109815FEITOSAF,2025-08-22,122962,1,40,0,451.0
10109815FEITOSAF_2025-08-23_G02,10109815FEITOSAF,2025-08-23,123822,1,50,0,1221.0
10109815FEITOSAF_2025-08-23_G03,10109815FEITOSAF,2025-08-23,122983,1,60,0,837.0
10109815FEITOSAF_2025-08-23_G04,10109815FEITOSAF,2025-08-23,120028,1,50,0,449.0
10109815FEITOSAF_2025-08-23_G05,10109815FEITOSAF,2025-08-23,120271,1,30,0,268.0
10109815FEITOSAF_2025-08-23_G06,10109815FEITOSAF,2025-08-23,123345,1,200,0,82.0
10109815FEITOSAF_2025-08-23_G07,10109815FEITOSAF,2025-08-23,123344,1,19,0,3569.0
10109815FEITOSAF_2025-08-23_G08,10109815FEITOSAF,2025-08-23,124370,1,55,0,557.0
10109815FEITOSAF_2025-08-23_G09,10109815FEITOSAF,2025-08-23,121760,1,9,0,664.0
10109815FEITOSAF_2025-08-23_G10,10109815FEITOSAF,2025-08-23,121760,1,65,0,553.0
10109815FEITOSAF_2025-08-23_G11,10109815FEITOSAF,2025-08-23,121651,1,48,0,836.0
10109815FEITOSAF_2025-08-23_G12,10109815FEITOSAF,2025-08-23,123345,1,3,0,49.0
10109815FEITOSAF_2025-08-23_G14,10109815FEITOSAF,2025-08-23,122673,1,8,0,117.0
10109815FEITOSAF_2025-08-23_G15,10109815FEITOSAF,2025-08-23,124370,1,16,0,213.0
10109815FEITOSAF_2025-08-23_G16,10109815FEITOSAF,2025-08-23,124475,1,16,0,167.0
10109815FEITOSAF_2025-08-23_G17,10109815FEITOSAF,2025-08-23,123343,1,6,0,111.0
10109815FEITOSAF_2025-08-23_G18,10109815FEITOSAF,2025-08-23,123345,1,5,0,156.0
10109815FEITOSAF_2025-08-23_G19,10109815FEITOSAF,2025-08-23,123909,1,30,0,863.0
10109815FEITOSAF_2025-08-23_G20,10109815FEITOSAF,2025-08-23,122647,1,24,0,329.0
10109815FEITOSAF_2025-08-23_G21,10109815FEITOSAF,2025-08-23,122185,1,56,0,2742.0
10109815FEITOSAF_2025-08-23_G22,10109815FEITOSAF,2025-08-23,122962,1,8,0,113.0
10109815FEITOSAF_2025-08-25_G02,10109815FEITOSAF,2025-08-25,124486,1,1,0,408.0
10109815FEITOSAF_2025-08-25_G03,10109815FEITOSAF,2025-08-25,122984,1,21,0,283.0
10109815FEITOSAF_2025-08-25_G04,10109815FEITOSAF,2025-08-25,123521,1,4,0,130.0
10109815FEITOSAF_2025-08-25_G05,10109815FEITOSAF,2025-08-25,123521,1,1,0,69.0
10109815FEITOSAF_2025-08-25_G06,10109815FEITOSAF,2025-08-25,123521,1,4,0,94.0
10109815FEITOSAF_2025-08-25_G07,10109815FEITOSAF,2025-08-25,123822,1,24,0,332.0
10109815FEITOSAF_2025-08-25_G08,10109815FEITOSAF,2025-08-25,122962,1,16,0,246.0
10109815FEITOSAF_2025-08-26_G02,10109815FEITOSAF,2025-08-26,124475,1,4,0,253.0
10109815FEITOSAF_2025-08-26_G03,10109815FEITOSAF,2025-08-26,124475,1,4,0,73.0
10109815FEITOSAF_2025-08-26_G04,10109815FEITOSAF,2025-08-26,122962,1,13,0,359.0
10109815FEITOSAF_2025-08-26_G05,10109815FEITOSAF,2025-08-26,122962,1,9,0,56.0
10109815FEITOSAF_2025-08-26_G06,10109815FEITOSAF,2025-08-26,123909,1,8,0,285.0
10109815FEITOSAF_2025-08-26_G07,10109815FEITOSAF,2025-08-26,122981,1,4,0,97.0
10109815FEITOSAF_2025-08-26_G08,10109815FEITOSAF,2025-08-26,122988,1,8,0,139.0
10109815FEITOSAF_2025-08-26_G09,10109815FEITOSAF,2025-08-26,120272,1,8,0,216.0
10109815FEITOSAF_2025-08-26_G10,10109815FEITOSAF,2025-08-26,124371,1,8,0,103.0
10109815FEITOSAF_2025-08-26_G11,10109815FEITOSAF,2025-08-26,124248,1,50,0,506.0
10109815FEITOSAF_2025-08-26_G12,10109815FEITOSAF,2025-08-26,121651,1,6,0,123.0
10109815FEITOSAF_2025-08-26_G13,10109815FEITOSAF,2025-08-26,121651,1,16,0,492.0
10109815FEITOSAF_2025-08-26_G14,10109815FEITOSAF,2025-08-26,121651,1,53,0,880.0
10109815FEITOSAF_2025-08-26_G15,10109815FEITOSAF,2025-08-26,123344,1,7,0,118.0
10109815FEITOSAF_2025-08-26_G16,10109815FEITOSAF,2025-08-26,121651,1,30,0,627.0
10109815FEITOSAF_2025-08-26_G19,10109815FEITOSAF,2025-08-26,123560,1,6,0,212.0
10109815FEITOSAF_2025-08-26_G20,10109815FEITOSAF,2025-08-26,124624,1,16,0,307.0
10109815FEITOSAF_2025-08-26_G21,10109815FEITOSAF,2025-08-26,122986,1,4,0,196.0
10109815FEITOSAF_2025-08-26_G22,10109815FEITOSAF,2025-08-26,124548,1,8,0,241.0
10109815FEITOSAF_2025-08-26_G23,10109815FEITOSAF,2025-08-26,124247,1,12,0,403.0
10109815FEITOSAF_2025-08-26_G24,10109815FEITOSAF,2025-08-26,180023,1,12,0,2574.0
10109815FEITOSAF_2025-08-26_G25,10109815FEITOSAF,2025-08-26,180023,1,1,0,1578.0
10109815FEITOSAF_2025-08-28_G02,10109815FEITOSAF,2025-08-28,122962,1,24,0,753.0
10109815FEITOSAF_2025-08-28_G03,10109815FEITOSAF,2025-08-28,124486,1,20,0,161.0
10109815FEITOSAF_2025-08-28_G04,10109815FEITOSAF,2025-08-28,120028,1,20,0,528.0
10109815FEITOSAF_2025-08-28_G05,10109815FEITOSAF,2025-08-28,121651,1,39,0,928.0
10109815FEITOSAF_2025-08-28_G06,10109815FEITOSAF,2025-08-28,122962,1,32,0,425.0
10109815FEITOSAF_2025-08-28_G07,10109815FEITOSAF,2025-08-28,122962,1,4,0,98.0
10109815FEITOSAF_2025-08-28_G08,10109815FEITOSAF,2025-08-28,122962,1,10,0,149.0
10109815FEITOSAF_2025-08-28_G09,10109815FEITOSAF,2025-08-28,122671,1,6,0,129.0
10109815FEITOSAF_2025-08-28_G10,10109815FEITOSAF,2025-08-28,122962,1,16,0,102.0
10109815FEITOSAF_2025-08-28_G11,10109815FEITOSAF,2025-08-28,122647,1,1,0,81.0
10109815FEITOSAF_2025-08-28_G12,10109815FEITOSAF,2025-08-28,124486,1,7,0,236.0
10109815FEITOSAF_2025-08-28_G13,10109815FEITOSAF,2025-08-28,122962,1,30,0,210.0
10109815FEITOSAF_2025-08-28_G14,10109815FEITOSAF,2025-08-28,122647,1,20,0,381.0
10109815FEITOSAF_2025-08-28_G15,10109815FEITOSAF,2025-08-28,122962,1,2,0,2024.0
10109815FEITOSAF_2025-08-28_G16,10109815FEITOSAF,2025-08-28,123909,1,2,0,87.0
10109815FEITOSAF_2025-08-28_G17,10109815FEITOSAF,2025-08-28,124371,1,2,0,123.0
10109815FEITOSAF_2025-08-28_G18,10109815FEITOSAF,2025-08-28,121760,1,5,0,179.0
10109815FEITOSAF_2025-08-28_G19,10109815FEITOSAF,2025-08-28,124486,2,8,10,175.0
10109815FEITOSAF_2025-08-28_G20,10109815FEITOSAF,2025-08-28,122984,1,2,0,171.0
10109815FEITOSAF_2025-08-28_G21,10109815FEITOSAF,2025-08-28,122984,1,6,0,81.0
10109815FEITOSAF_2025-08-28_G22,10109815FEITOSAF,2025-08-28,123343,1,3,0,119.0
10109815FEITOSAF_2025-08-28_G23,10109815FEITOSAF,2025-08-28,123345,1,4,0,323.0
10109815FEITOSAF_2025-08-28_G24,10109815FEITOSAF,2025-08-28,123345,1,10,0,88.0
10109815FEITOSAF_2025-08-28_G25,10109815FEITOSAF,2025-08-28,123909,2,6,8,208.0
10109815FEITOSAF_2025-08-28_G26,10109815FEITOSAF,2025-08-28,121651,1,20,0,481.0
10109815FEITOSAF_2025-08-28_G27,10109815FEITOSAF,2025-08-28,121651,1,8,0,219.0
10109815FEITOSAF_2025-08-28_G28,10109815FEITOSAF,2025-08-28,121651,1,7,0,220.0
10109815FEITOSAF_2025-08-28_G29,10109815FEITOSAF,2025-08-28,122984,1,1,0,110.0
10109815FEITOSAF_2025-08-28_G30,10109815FEITOSAF,2025-08-28,123344,1,10,0,412.0
10109815FEITOSAF_2025-08-28_G31,10109815FEITOSAF,2025-08-28,123562,2,4,8,580.0
10109815FEITOSAF_2025-08-28_G32,10109815FEITOSAF,2025-08-28,"123344, 123343",2,11,27,204.0
10109815FEITOSAF_2025-08-28_G33,10109815FEITOSAF,2025-08-28,123345,1,9,0,257.0
10109815FEITOSAF_2025-08-28_G34,10109815FEITOSAF,2025-08-28,123909,1,6,0,101.0
10109815FEITOSAF_2025-08-28_G35,10109815FEITOSAF,2025-08-28,121651,1,10,0,248.0
10109815FEITOSAF_2025-08-28_G36,10109815FEITOSAF,2025-08-28,122703,1,8,0,123.0
10109815FEITOSAF_2025-08-28_G37,10109815FEITOSAF,2025-08-28,123562,1,8,0,153.0
10109815FEITOSAF_2025-08-28_G38,10109815FEITOSAF,2025-08-28,"123343, 123345",2,7,23,59.0
10109815FEITOSAF_2025-08-28_G39,10109815FEITOSAF,2025-08-28,123345,1,6,0,101.0
10109815FEITOSAF_2025-08-28_G40,10109815FEITOSAF,2025-08-28,124370,1,2,0,93.0
10109815FEITOSAF_2025-08-28_G41,10109815FEITOSAF,2025-08-28,121651,1,25,0,632.0
10109815FEITOSAF_2025-08-28_G42,10109815FEITOSAF,2025-08-28,121651,1,5,0,202.0
10109815FEITOSAF_2025-08-28_G43,10109815FEITOSAF,2025-08-28,122703,1,4,0,56.0
10109815FEITOSAF_2025-08-28_G44,10109815FEITOSAF,2025-08-28,122962,1,40,0,432.0
10109815FEITOSAF_2025-08-28_G45,10109815FEITOSAF,2025-08-28,120028,1,40,0,537.0
10109815FEITOSAF_2025-08-28_G46,10109815FEITOSAF,2025-08-28,123909,1,4,0,107.0
10109815FEITOSAF_2025-08-28_G47,10109815FEITOSAF,2025-08-28,121760,1,21,0,284.0
10109815FEITOSAF_2025-08-28_G48,10109815FEITOSAF,2025-08-28,121651,1,10,0,77.0
10109815FEITOSAF_2025-08-28_G49,10109815FEITOSAF,2025-08-28,123343,1,8,0,80.0
10109815FEITOSAF_2025-08-28_G50,10109815FEITOSAF,2025-08-28,123345,1,10,0,177.0
10109815FEITOSAF_2025-08-28_G53,10109815FEITOSAF,2025-08-28,124248,1,20,0,235.0
10109815FEITOSAF_2025-08-28_G54,10109815FEITOSAF,2025-08-28,124486,1,20,0,104.0
10109815FEITOSAF_2025-08-28_G55,10109815FEITOSAF,2025-08-28,122647,1,100,0,207.0
10109815FEITOSAF_2025-08-28_G56,10109815FEITOSAF,2025-08-28,124486,1,8,0,72.0
10109815FEITOSAF_2025-08-28_G57,10109815FEITOSAF,2025-08-28,122647,1,20,0,117.0
10109815FEITOSAF_2025-08-28_G58,10109815FEITOSAF,2025-08-28,122703,1,15,0,134.0
10109815FEITOSAF_2025-08-28_G59,10109815FEITOSAF,2025-08-28,124486,1,8,0,163.0
10109815FEITOSAF_2025-08-28_G60,10109815FEITOSAF,2025-08-28,122984,1,8,0,59.0
10109815FEITOSAF_2025-08-29_G02,10109815FEITOSAF,2025-08-29,122671,1,3,0,128.0
10109815FEITOSAF_2025-08-29_G03,10109815FEITOSAF,2025-08-29,122983,1,4,0,188.0
10109815FEITOSAF_2025-08-29_G04,10109815FEITOSAF,2025-08-29,123521,1,3,0,145.0
10109815FEITOSAF_2025-08-29_G05,10109815FEITOSAF,2025-08-29,124370,1,8,0,196.0
10109815FEITOSAF_2025-08-29_G06,10109815FEITOSAF,2025-08-29,121923,1,4,0,472.0
10109815FEITOSAF_2025-08-29_G07,10109815FEITOSAF,2025-08-29,122984,1,5,0,140.0
10109815FEITOSAF_2025-08-29_G08,10109815FEITOSAF,2025-08-29,124247,1,8,0,230.0
10109815FEITOSAF_2025-08-29_G10,10109815FEITOSAF,2025-08-29,123822,1,25,0,1707.0
10109815FEITOSAF_2025-08-29_G11,10109815FEITOSAF,2025-08-29,122962,1,20,0,162.0
10109815FEITOSAF_2025-08-29_G12,10109815FEITOSAF,2025-08-29,122673,1,20,0,124.0
10109815FEITOSAF_2025-08-29_G13,10109815FEITOSAF,2025-08-29,122671,1,10,0,201.0
10109815FEITOSAF_2025-08-29_G14,10109815FEITOSAF,2025-08-29,123909,1,10,0,183.0
10109815FEITOSAF_2025-08-29_G15,10109815FEITOSAF,2025-08-29,122967,1,1,0,81.0
10109815FEITOSAF_2025-08-29_G16,10109815FEITOSAF,2025-08-29,122967,1,28,0,249.0
10109815FEITOSAF_2025-08-29_G17,10109815FEITOSAF,2025-08-29,122647,1,20,0,263.0
10109815FEITOSAF_2025-08-29_G18,10109815FEITOSAF,2025-08-29,122962,1,30,0,241.0
10109815FEITOSAF_2025-08-29_G19,10109815FEITOSAF,2025-08-29,124486,1,20,0,207.0
10109815FEITOSAF_2025-08-29_G20,10109815FEITOSAF,2025-08-29,120389,1,5,0,951.0
10109815FEITOSAF_2025-08-29_G22,10109815FEITOSAF,2025-08-29,124548,1,8,0,145.0
10109815FEITOSAF_2025-08-30_G02,10109815FEITOSAF,2025-08-30,122647,1,14,0,308.0
10109815FEITOSAF_2025-08-30_G03,10109815FEITOSAF,2025-08-30,122673,1,25,0,305.0
10109815FEITOSAF_2025-08-30_G04,10109815FEITOSAF,2025-08-30,123492,1,10,0,210.0
10109815FEITOSAF_2025-08-30_G05,10109815FEITOSAF,2025-08-30,123492,1,12,0,480.0
10109815FEITOSAF_2025-08-30_G06,10109815FEITOSAF,2025-08-30,122703,1,4,0,108.0
10109815FEITOSAF_2025-08-30_G07,10109815FEITOSAF,2025-08-30,"123822, 122671",2,14,19,441.0
10109815FEITOSAF_2025-08-30_G08,10109815FEITOSAF,2025-08-30,122962,1,16,0,363.0
10109815FEITOSAF_2025-08-30_G09,10109815FEITOSAF,2025-08-30,122673,1,4,0,125.0
10109815FEITOSAF_2025-08-30_G10,10109815FEITOSAF,2025-08-30,122673,1,6,0,147.0
10109815FEITOSAF_2025-08-30_G11,10109815FEITOSAF,2025-08-30,123081,1,17,0,220.0
10109815FEITOSAF_2025-08-30_G12,10109815FEITOSAF,2025-08-30,122185,1,6,0,174.0
10109815FEITOSAF_2025-08-30_G13,10109815FEITOSAF,2025-08-30,124247,1,4,0,113.0
10109815FEITOSAF_2025-08-30_G14,10109815FEITOSAF,2025-08-30,122673,1,6,0,139.0
10109815FEITOSAF_2025-08-30_G15,10109815FEITOSAF,2025-08-30,122962,1,20,0,176.0
10109815FEITOSAF_2025-08-30_G16,10109815FEITOSAF,2025-08-30,124433,1,6,0,31.0
10109815FEITOSAF_2025-08-30_G17,10109815FEITOSAF,2025-08-30,122195,1,2,0,474.0
10109815FEITOSAF_2025-08-30_G18,10109815FEITOSAF,2025-08-30,122673,1,10,0,213.0
10109815FEITOSAF_2025-08-30_G19,10109815FEITOSAF,2025-08-30,124624,1,12,0,205.0
10109815FEITOSAF_2025-08-30_G20,10109815FEITOSAF,2025-08-30,123345,1,4,0,106.0
10109815FEITOSAF_2025-08-30_G21,10109815FEITOSAF,2025-08-30,122673,1,16,0,327.0
10109815FEITOSAF_2025-08-30_G22,10109815FEITOSAF,2025-08-30,124486,1,4,0,2184.0
10109815FEITOSAF_2025-08-30_G23,10109815FEITOSAF,2025-08-30,123909,1,3,0,54.0
10109815FEITOSAF_2025-08-30_G24,10109815FEITOSAF,2025-08-30,122962,1,12,0,163.0
10109815FEITOSAF_2025-08-30_G25,10109815FEITOSAF,2025-08-30,124476,1,8,0,318.0
10109815FEITOSAF_2025-08-30_G26,10109815FEITOSAF,2025-08-30,123153,1,12,0,1044.0
10109815FEITOSAF_2025-08-30_G27,10109815FEITOSAF,2025-08-30,123889,1,10,0,541.0
10109815FEITOSAF_2025-08-30_G28,10109815FEITOSAF,2025-08-30,123344,1,3,0,93.0
10109815FEITOSAF_2025-08-30_G29,10109815FEITOSAF,2025-08-30,123343,1,1,0,199.0
10109815FEITOSAF_2025-08-30_G30,10109815FEITOSAF,2025-08-30,124247,1,1,0,116.0
10109815FEITOSAF_2025-08-30_G31,10109815FEITOSAF,2025-08-30,123153,1,10,0,357.0
10109815FEITOSAF_2025-08-30_G32,10109815FEITOSAF,2025-08-30,"124264, 123889",3,10,45,174.0
10109815FEITOSAF_2025-08-30_G33,10109815FEITOSAF,2025-08-30,123153,1,22,0,695.0
10109815FEITOSAF_2025-08-30_G34,10109815FEITOSAF,2025-08-30,124264,1,8,0,170.0
10109815FEITOSAF_2025-08-30_G35,10109815FEITOSAF,2025-08-30,123889,1,18,0,1240.0
10109815FEITOSAF_2025-08-30_G37,10109815FEITOSAF,2025-08-30,124264,1,1,0,91.0
10109815FEITOSAF_2025-08-30_G38,10109815FEITOSAF,2025-08-30,123909,2,5,15,158.0
10109815FEITOSAF_2025-08-30_G39,10109815FEITOSAF,2025-08-30,122981,1,4,0,352.0
10109815FEITOSAF_2025-08-30_G40,10109815FEITOSAF,2025-08-30,123562,1,2,0,101.0
10109815FEITOSAF_2025-08-30_G41,10109815FEITOSAF,2025-08-30,124371,1,4,0,102.0
10109815FEITOSAF_2025-08-30_G42,10109815FEITOSAF,2025-08-30,124370,1,22,0,771.0
10109815FEITOSAF_2025-08-30_G43,10109815FEITOSAF,2025-08-30,121760,1,2,0,105.0
10109815FEITOSAF_2025-08-30_G44,10109815FEITOSAF,2025-08-30,123344,1,6,0,125.0
10109815FEITOSAF_2025-08-30_G45,10109815FEITOSAF,2025-08-30,"124475, 123345",2,14,24,195.0
10109815FEITOSAF_2025-08-30_G46,10109815FEITOSAF,2025-08-30,123889,1,10,0,491.0
10109815FEITOSAF_2025-08-30_G47,10109815FEITOSAF,2025-08-30,123889,1,4,0,34.0
10109815FEITOSAF_2025-08-30_G48,10109815FEITOSAF,2025-08-30,123153,1,22,0,331.0
10109815FEITOSAF_2025-08-30_G49,10109815FEITOSAF,2025-08-30,124264,1,10,0,235.0
10109815FEITOSAF_2025-08-30_G50,10109815FEITOSAF,2025-08-30,123889,1,10,0,539.0
10109815FEITOSAF_2025-08-30_G51,10109815FEITOSAF,2025-08-30,123153,1,12,0,230.0
10109815FEITOSAF_2025-08-30_G52,10109815FEITOSAF,2025-08-30,124264,1,10,0,43.0
10109815FEITOSAF_2025-08-30_G53,10109815FEITOSAF,2025-08-30,124433,1,8,0,123.0
10109815FEITOSAF_2025-08-30_G54,10109815FEITOSAF,2025-08-30,122185,1,16,0,317.0
10109815FEITOSAF_2025-08-30_G55,10109815FEITOSAF,2025-08-30,122196,1,2,0,98.0
10109815FEITOSAF_2025-08-30_G56,10109815FEITOSAF,2025-08-30,124371,1,4,0,130.0
10109815FEITOSAF_2025-08-30_G57,10109815FEITOSAF,2025-08-30,124370,1,2,0,108.0
10109815FEITOSAF_2025-08-30_G58,10109815FEITOSAF,2025-08-30,124476,1,4,0,44.0
10109815FEITOSAF_2025-08-30_G59,10109815FEITOSAF,2025-08-30,123344,1,1,0,109.0
10109815FEITOSAF_2025-09-02_G02,10109815FEITOSAF,2025-09-02,123313,1,12,0,227.0
10109815FEITOSAF_2025-09-02_G03,10109815FEITOSAF,2025-09-02,123313,1,10,0,127.0
10109815FEITOSAF_2025-09-02_G04,10109815FEITOSAF,2025-09-02,123313,1,10,0,150.0
10109815FEITOSAF_2025-09-02_G05,10109815FEITOSAF,2025-09-02,123343,1,7,0,147.0
10109815FEITOSAF_2025-09-02_G07,10109815FEITOSAF,2025-09-02,123909,1,10,0,140.0
10109815FEITOSAF_2025-09-02_G08,10109815FEITOSAF,2025-09-02,120389,1,20,0,376.0
10109815FEITOSAF_2025-09-02_G09,10109815FEITOSAF,2025-09-02,122962,1,80,0,801.0
10109815FEITOSAF_2025-09-02_G10,10109815FEITOSAF,2025-09-02,122984,1,40,0,592.0
10109815FEITOSAF_2025-09-02_G11,10109815FEITOSAF,2025-09-02,120028,1,80,0,978.0
10109815FEITOSAF_2025-09-02_G12,10109815FEITOSAF,2025-09-02,124248,1,30,0,591.0
10109815FEITOSAF_2025-09-04_G02,10109815FEITOSAF,2025-09-04,124486,1,24,0,338.0
10109815FEITOSAF_2025-09-04_G03,10109815FEITOSAF,2025-09-04,122983,1,2,0,573.0
10109815FEITOSAF_2025-09-04_G04,10109815FEITOSAF,2025-09-04,120271,1,8,0,454.0
10109815FEITOSAF_2025-09-04_G05,10109815FEITOSAF,2025-09-04,120272,1,2,0,224.0
10109815FEITOSAF_2025-09-04_G06,10109815FEITOSAF,2025-09-04,124624,1,4,0,96.0
10109815FEITOSAF_2025-09-04_G07,10109815FEITOSAF,2025-09-04,120389,1,6,0,209.0
10109815FEITOSAF_2025-09-04_G08,10109815FEITOSAF,2025-09-04,122703,1,20,0,323.0
10109815FEITOSAF_2025-09-04_G09,10109815FEITOSAF,2025-09-04,"123344, 123889",2,15,26,259.0
10109815FEITOSAF_2025-09-04_G10,10109815FEITOSAF,2025-09-04,123313,1,4,0,46.0
10109815FEITOSAF_2025-09-04_G11,10109815FEITOSAF,2025-09-04,124548,1,96,0,3272.0
10109815FEITOSAF_2025-09-05_G03,10109815FEITOSAF,2025-09-05,124477,1,18,0,288.0
10109815FEITOSAF_2025-09-05_G04,10109815FEITOSAF,2025-09-05,123153,1,14,0,116.0
10109815FEITOSAF_2025-09-05_G05,10109815FEITOSAF,2025-09-05,122189,1,4,0,111.0
10109815FEITOSAF_2025-09-05_G06,10109815FEITOSAF,2025-09-05,123909,1,10,0,173.0
10109815FEITOSAF_2025-09-05_G07,10109815FEITOSAF,2025-09-05,123560,1,20,0,285.0
10109815FEITOSAF_2025-09-05_G08,10109815FEITOSAF,2025-09-05,124624,1,6,0,176.0
10109815FEITOSAF_2025-09-05_G09,10109815FEITOSAF,2025-09-05,122962,1,60,0,994.0
10109815FEITOSAF_2025-09-05_G10,10109815FEITOSAF,2025-09-05,121651,1,60,0,640.0
10109815FEITOSAF_2025-09-05_G11,10109815FEITOSAF,2025-09-05,123344,1,7,0,161.0
10109815FEITOSAF_2025-09-05_G12,10109815FEITOSAF,2025-09-05,124594,1,9,0,118.0
10109815FEITOSAF_2025-09-05_G13,10109815FEITOSAF,2025-09-05,121651,1,8,0,270.0
10109815FEITOSAF_2025-09-05_G14,10109815FEITOSAF,2025-09-05,123313,1,4,0,161.0
10109815FEITOSAF_2025-09-08_G02,10109815FEITOSAF,2025-09-08,120028,1,16,0,478.0
10109815FEITOSAF_2025-09-08_G03,10109815FEITOSAF,2025-09-08,120028,1,40,0,1077.0
10109815FEITOSAF_2025-09-08_G04,10109815FEITOSAF,2025-09-08,124371,1,30,0,789.0
10109815FEITOSAF_2025-09-08_G05,10109815FEITOSAF,2025-09-08,121651,1,50,0,918.0
10109815FEITOSAF_2025-09-08_G06,10109815FEITOSAF,2025-09-08,123343,1,50,0,2543.0
10109815FEITOSAF_2025-09-08_G07,10109815FEITOSAF,2025-09-08,123822,1,65,0,1823.0
10109815FEITOSAF_2025-09-08_G08,10109815FEITOSAF,2025-09-08,123344,1,4,0,99.0
10109815FEITOSAF_2025-09-08_G09,10109815FEITOSAF,2025-09-08,121760,1,2,0,142.0
10109815FEITOSAF_2025-09-08_G10,10109815FEITOSAF,2025-09-08,121760,1,8,0,211.0
10109815FEITOSAF_2025-09-08_G12,10109815FEITOSAF,2025-09-08,122673,1,8,0,68.0
10109815FEITOSAF_2025-09-08_G13,10109815FEITOSAF,2025-09-08,124264,2,4,21,70.0
10109815FEITOSAF_2025-09-08_G14,10109815FEITOSAF,2025-09-08,122984,1,12,0,104.0
10109815FEITOSAF_2025-09-08_G15,10109815FEITOSAF,2025-09-08,124371,1,14,0,218.0
10109815FEITOSAF_2025-09-08_G16,10109815FEITOSAF,2025-09-08,121923,1,2,0,121.0
10109815FEITOSAF_2025-09-08_G17,10109815FEITOSAF,2025-09-08,123344,1,10,0,94.0
10109815FEITOSAF_2025-09-08_G18,10109815FEITOSAF,2025-09-08,123345,1,10,0,227.0
10109815FEITOSAF_2025-09-09_G02,10109815FEITOSAF,2025-09-09,124486,1,2,0,137.0
10109815FEITOSAF_2025-09-09_G03,10109815FEITOSAF,2025-09-09,"122984, 122962",2,12,10,1242.0
10109815FEITOSAF_2025-09-09_G04,10109815FEITOSAF,2025-09-09,124433,1,4,0,266.0
10109815FEITOSAF_2025-09-09_G05,10109815FEITOSAF,2025-09-09,181056,2,6,12,459.0
10109815FEITOSAF_2025-09-09_G06,10109815FEITOSAF,2025-09-09,181057,1,1,0,322.0
10109815FEITOSAF_2025-09-09_G07,10109815FEITOSAF,2025-09-09,124486,1,20,0,360.0
10109815FEITOSAF_2025-09-09_G08,10109815FEITOSAF,2025-09-09,181887,1,3,0,235.0
10109815FEITOSAF_2025-09-09_G09,10109815FEITOSAF,2025-09-09,122671,1,8,0,236.0
10109815FEITOSAF_2025-09-09_G10,10109815FEITOSAF,2025-09-09,124486,1,6,0,60.0
10109815FEITOSAF_2025-09-09_G11,10109815FEITOSAF,2025-09-09,122962,1,4,0,282.0
10109815FEITOSAF_2025-09-09_G13,10109815FEITOSAF,2025-09-09,123345,1,1,0,111.0
10109815FEITOSAF_2025-09-09_G14,10109815FEITOSAF,2025-09-09,124486,1,5,0,53.0
10109815FEITOSAF_2025-09-09_G15,10109815FEITOSAF,2025-09-09,122962,1,5,0,191.0
10109815FEITOSAF_2025-09-09_G16,10109815FEITOSAF,2025-09-09,124486,1,20,0,695.0
10109815FEITOSAF_2025-09-10_G02,10109815FEITOSAF,2025-09-10,123909,1,16,0,847.0
10109815FEITOSAF_2025-09-10_G03,10109815FEITOSAF,2025-09-10,122981,1,8,0,874.0
10109815FEITOSAF_2025-09-10_G04,10109815FEITOSAF,2025-09-10,124371,1,12,0,502.0
10109815FEITOSAF_2025-09-10_G06,10109815FEITOSAF,2025-09-10,122962,1,64,0,1792.0
10109815FEITOSAF_2025-09-10_G07,10109815FEITOSAF,2025-09-10,121760,1,8,0,260.0
10109815FEITOSAF_2025-09-10_G08,10109815FEITOSAF,2025-09-10,124486,1,40,0,722.0
10109815FEITOSAF_2025-09-10_G09,10109815FEITOSAF,2025-09-10,124370,1,30,0,387.0
10109815FEITOSAF_2025-09-10_G10,10109815FEITOSAF,2025-09-10,122986,1,6,0,518.0
10109815FEITOSAF_2025-09-10_G11,10109815FEITOSAF,2025-09-10,122983,1,4,0,162.0
10109815FEITOSAF_2025-09-10_G12,10109815FEITOSAF,2025-09-10,121651,1,16,0,151.0
10109815FEITOSAF_2025-09-10_G13,10109815FEITOSAF,2025-09-10,123343,1,4,0,334.0
10109815FEITOSAF_2025-09-10_G14,10109815FEITOSAF,2025-09-10,123909,1,4,0,1349.0
10109815FEITOSAF_2025-09-10_G15,10109815FEITOSAF,2025-09-10,121651,1,12,0,195.0
10109815FEITOSAF_2025-09-10_G16,10109815FEITOSAF,2025-09-10,120389,1,8,0,133.0
10109815FEITOSAF_2025-09-10_G17,10109815FEITOSAF,2025-09-10,121760,1,12,0,205.0
10109815FEITOSAF_2025-09-10_G18,10109815FEITOSAF,2025-09-10,124486,1,12,0,221.0
10109815FEITOSAF_2025-09-10_G19,10109815FEITOSAF,2025-09-10,123344,1,8,0,130.0
10109815FEITOSAF_2025-09-10_G20,10109815FEITOSAF,2025-09-10,123345,1,18,0,287.0
10109815FEITOSAF_2025-09-10_G21,10109815FEITOSAF,2025-09-10,124486,1,6,0,58.0
10109815FEITOSAF_2025-09-10_G22,10109815FEITOSAF,2025-09-10,123313,1,2,0,118.0
10109815FEITOSAF_2025-09-10_G23,10109815FEITOSAF,2025-09-10,121651,1,8,0,132.0
10109815FEITOSAF_2025-09-10_G24,10109815FEITOSAF,2025-09-10,122962,1,8,0,152.0
10109815FEITOSAF_2025-09-10_G25,10109815FEITOSAF,2025-09-10,121760,1,5,0,106.0
10109815FEITOSAF_2025-09-10_G26,10109815FEITOSAF,2025-09-10,124486,1,3,0,101.0
10109815FEITOSAF_2025-09-10_G27,10109815FEITOSAF,2025-09-10,124370,1,5,0,93.0
10109815FEITOSAF_2025-09-10_G28,10109815FEITOSAF,2025-09-10,122185,1,16,0,206.0
10109815FEITOSAF_2025-09-10_G29,10109815FEITOSAF,2025-09-10,120028,1,4,0,131.0
10109815FEITOSAF_2025-09-10_G30,10109815FEITOSAF,2025-09-10,124248,1,8,0,141.0
10109815FEITOSAF_2025-09-10_G31,10109815FEITOSAF,2025-09-10,122984,1,8,0,102.0
10109815FEITOSAF_2025-09-10_G32,10109815FEITOSAF,2025-09-10,122962,1,12,0,153.0
10109815FEITOSAF_2025-09-10_G33,10109815FEITOSAF,2025-09-10,124486,1,12,0,186.0
10109815FEITOSAF_2025-09-10_G34,10109815FEITOSAF,2025-09-10,124370,1,20,0,473.0
10109815FEITOSAF_2025-09-10_G35,10109815FEITOSAF,2025-09-10,122185,1,16,0,232.0
10109815FEITOSAF_2025-09-10_G36,10109815FEITOSAF,2025-09-10,123345,1,8,0,231.0
10109815FEITOSAF_2025-09-10_G37,10109815FEITOSAF,2025-09-10,123343,1,6,0,118.0
10109815FEITOSAF_2025-09-10_G38,10109815FEITOSAF,2025-09-10,121651,1,8,0,182.0
10109815FEITOSAF_2025-09-10_G39,10109815FEITOSAF,2025-09-10,121651,1,4,0,83.0
10109815FEITOSAF_2025-09-10_G40,10109815FEITOSAF,2025-09-10,122185,1,8,0,269.0
10109815FEITOSAF_2025-09-10_G42,10109815FEITOSAF,2025-09-10,121651,1,6,0,206.0
10109815FEITOSAF_2025-09-10_G43,10109815FEITOSAF,2025-09-10,124370,1,14,0,736.0
10109815FEITOSAF_2025-09-10_G44,10109815FEITOSAF,2025-09-10,124371,1,8,0,150.0
10109815FEITOSAF_2025-09-10_G45,10109815FEITOSAF,2025-09-10,"124248, 121760",2,8,15,141.0
10109815FEITOSAF_2025-09-10_G46,10109815FEITOSAF,2025-09-10,122185,1,8,0,104.0
10109815FEITOSAF_2025-09-10_G47,10109815FEITOSAF,2025-09-10,122962,1,32,0,2686.0
10109815FEITOSAF_2025-09-10_G48,10109815FEITOSAF,2025-09-10,122962,1,64,0,616.0
10109815FEITOSAF_2025-09-10_G49,10109815FEITOSAF,2025-09-10,121651,1,8,0,114.0
10109815FEITOSAF_2025-09-10_G50,10109815FEITOSAF,2025-09-10,124486,1,6,0,78.0
10109815FEITOSAF_2025-09-10_G51,10109815FEITOSAF,2025-09-10,122962,1,30,0,277.0
10109815FEITOSAF_2025-09-10_G52,10109815FEITOSAF,2025-09-10,123343,1,4,0,99.0
10109815FEITOSAF_2025-09-10_G53,10109815FEITOSAF,2025-09-10,122962,1,16,0,221.0
10109815FEITOSAF_2025-09-10_G54,10109815FEITOSAF,2025-09-10,124486,1,12,0,111.0
10109815FEITOSAF_2025-09-10_G55,10109815FEITOSAF,2025-09-10,122962,1,24,0,220.0
10109815FEITOSAF_2025-09-10_G56,10109815FEITOSAF,2025-09-10,122185,1,8,0,31.0
10109815FEITOSAF_2025-09-10_G57,10109815FEITOSAF,2025-09-10,122983,1,4,0,127.0
10109815FEITOSAF_2025-09-11_G02,10109815FEITOSAF,2025-09-11,123909,1,4,0,204.0
10109815FEITOSAF_2025-09-11_G03,10109815FEITOSAF,2025-09-11,124371,1,16,0,114.0
10109815FEITOSAF_2025-09-11_G04,10109815FEITOSAF,2025-09-11,124486,1,6,0,88.0
10109815FEITOSAF_2025-09-11_G05,10109815FEITOSAF,2025-09-11,122962,1,16,0,135.0
10109815FEITOSAF_2025-09-11_G06,10109815FEITOSAF,2025-09-11,123343,1,2,0,136.0
10109815FEITOSAF_2025-09-11_G07,10109815FEITOSAF,2025-09-11,122962,1,24,0,155.0
10109815FEITOSAF_2025-09-11_G08,10109815FEITOSAF,2025-09-11,122671,1,4,0,87.0
10109815FEITOSAF_2025-09-11_G09,10109815FEITOSAF,2025-09-11,124486,1,4,0,31.0
10109815FEITOSAF_2025-09-11_G10,10109815FEITOSAF,2025-09-11,"122962, 124370",2,16,14,164.0
10109815FEITOSAF_2025-09-11_G11,10109815FEITOSAF,2025-09-11,123343,1,2,0,174.0
10109815FEITOSAF_2025-09-11_G12,10109815FEITOSAF,2025-09-11,122984,1,8,0,126.0
10109815FEITOSAF_2025-09-11_G13,10109815FEITOSAF,2025-09-11,124476,1,8,0,169.0
10109815FEITOSAF_2025-09-11_G14,10109815FEITOSAF,2025-09-11,124371,1,12,0,71.0
10109815FEITOSAF_2025-09-11_G15,10109815FEITOSAF,2025-09-11,123521,1,8,0,143.0
10109815FEITOSAF_2025-09-11_G16,10109815FEITOSAF,2025-09-11,120272,1,16,0,294.0
10109815FEITOSAF_2025-09-11_G17,10109815FEITOSAF,2025-09-11,121651,1,11,0,237.0
10109815FEITOSAF_2025-09-11_G18,10109815FEITOSAF,2025-09-11,122984,1,16,0,290.0
10109815FEITOSAF_2025-09-11_G19,10109815FEITOSAF,2025-09-11,124486,1,12,0,63.0
10109815FEITOSAF_2025-09-11_G20,10109815FEITOSAF,2025-09-11,122962,1,12,0,171.0
10109815FEITOSAF_2025-09-11_G21,10109815FEITOSAF,2025-09-11,123344,1,8,0,49.0
10109815FEITOSAF_2025-09-11_G22,10109815FEITOSAF,2025-09-11,122983,1,4,0,121.0
10109815FEITOSAF_2025-09-11_G23,10109815FEITOSAF,2025-09-11,123345,1,4,0,33.0
10109815FEITOSAF_2025-09-11_G24,10109815FEITOSAF,2025-09-11,123343,1,4,0,171.0
10109815FEITOSAF_2025-09-11_G25,10109815FEITOSAF,2025-09-11,122984,1,4,0,60.0
10109815FEITOSAF_2025-09-11_G26,10109815FEITOSAF,2025-09-11,122962,1,8,0,69.0
10109815FEITOSAF_2025-09-11_G27,10109815FEITOSAF,2025-09-11,123344,1,4,0,43.0
10109815FEITOSAF_2025-09-11_G28,10109815FEITOSAF,2025-09-11,123345,1,6,0,132.0
10109815FEITOSAF_2025-09-11_G29,10109815FEITOSAF,2025-09-11,123153,1,54,0,2183.0
10109815FEITOSAF_2025-09-11_G30,10109815FEITOSAF,2025-09-11,123153,1,40,0,404.0
10109815FEITOSAF_2025-09-11_G31,10109815FEITOSAF,2025-09-11,121651,1,20,0,200.0
10109815FEITOSAF_2025-09-11_G32,10109815FEITOSAF,2025-09-11,122984,1,56,0,357.0
10109815FEITOSAF_2025-09-11_G33,10109815FEITOSAF,2025-09-11,124433,1,20,0,85.0
10109815FEITOSAF_2025-09-11_G34,10109815FEITOSAF,2025-09-11,123344,1,129,0,545.0
10109815FEITOSAF_2025-09-12_G02,10109815FEITOSAF,2025-09-12,124486,1,6,0,67.0
10109815FEITOSAF_2025-09-12_G03,10109815FEITOSAF,2025-09-12,"121760, 123822",2,4,25,113.0
10109815FEITOSAF_2025-09-12_G04,10109815FEITOSAF,2025-09-12,122962,1,24,0,405.0
10109815FEITOSAF_2025-09-12_G05,10109815FEITOSAF,2025-09-12,123345,1,6,0,223.0
10109815FEITOSAF_2025-09-12_G06,10109815FEITOSAF,2025-09-12,123343,1,4,0,157.0
10109815FEITOSAF_2025-09-12_G07,10109815FEITOSAF,2025-09-12,123909,1,10,0,85.0
10109815FEITOSAF_2025-09-12_G08,10109815FEITOSAF,2025-09-12,124486,1,14,0,119.0
10109815FEITOSAF_2025-09-12_G09,10109815FEITOSAF,2025-09-12,122962,1,8,0,171.0
10109815FEITOSAF_2025-09-12_G10,10109815FEITOSAF,2025-09-12,122962,1,4,0,45.0
10109815FEITOSAF_2025-09-12_G11,10109815FEITOSAF,2025-09-12,122673,1,16,0,249.0
10109815FEITOSAF_2025-09-12_G12,10109815FEITOSAF,2025-09-12,123909,1,3,0,45.0
10109815FEITOSAF_2025-09-12_G13,10109815FEITOSAF,2025-09-12,120339,1,4,0,57.0
10109815FEITOSAF_2025-09-12_G14,10109815FEITOSAF,2025-09-12,124486,1,5,0,159.0
10109815FEITOSAF_2025-09-12_G15,10109815FEITOSAF,2025-09-12,122962,1,16,0,199.0
10109815FEITOSAF_2025-09-12_G16,10109815FEITOSAF,2025-09-12,124247,1,8,0,105.0
10109815FEITOSAF_2025-09-12_G17,10109815FEITOSAF,2025-09-12,124247,1,10,0,145.0
10109815FEITOSAF_2025-09-12_G18,10109815FEITOSAF,2025-09-12,120271,1,14,0,227.0
10109815FEITOSAF_2025-09-12_G19,10109815FEITOSAF,2025-09-12,124247,1,14,0,172.0
10109815FEITOSAF_2025-09-15_G02,10109815FEITOSAF,2025-09-15,121760,1,5,0,227.0
10109815FEITOSAF_2025-09-15_G03,10109815FEITOSAF,2025-09-15,122983,1,26,0,529.0
10109815FEITOSAF_2025-09-15_G04,10109815FEITOSAF,2025-09-15,123080,1,64,0,1265.0
10109815FEITOSAF_2025-09-15_G06,10109815FEITOSAF,2025-09-15,121307,1,57,0,487.0
10109815FEITOSAF_2025-09-15_G07,10109815FEITOSAF,2025-09-15,121307,1,6,0,228.0
10109815FEITOSAF_2025-09-15_G09,10109815FEITOSAF,2025-09-15,122968,1,42,0,394.0
10109815FEITOSAF_2025-09-15_G10,10109815FEITOSAF,2025-09-15,122703,1,131,0,1168.0
10109815FEITOSAF_2025-09-15_G11,10109815FEITOSAF,2025-09-15,122984,1,30,0,504.0
10109815FEITOSAF_2025-09-16_G02,10109815FEITOSAF,2025-09-16,123153,1,45,0,408.0
10109815FEITOSAF_2025-09-16_G03,10109815FEITOSAF,2025-09-16,123153,1,15,0,184.0
10109815FEITOSAF_2025-09-16_G04,10109815FEITOSAF,2025-09-16,122981,1,2,0,115.0
10109815FEITOSAF_2025-09-16_G05,10109815FEITOSAF,2025-09-16,123521,1,7,0,265.0
10109815FEITOSAF_2025-09-16_G06,10109815FEITOSAF,2025-09-16,123521,1,10,0,227.0
10109815FEITOSAF_2025-09-16_G07,10109815FEITOSAF,2025-09-16,124248,1,18,0,78.0
10109815FEITOSAF_2025-09-16_G08,10109815FEITOSAF,2025-09-16,120272,1,4,0,248.0
10109815FEITOSAF_2025-09-16_G10,10109815FEITOSAF,2025-09-16,124486,1,12,0,234.0
10109815FEITOSAF_2025-09-16_G11,10109815FEITOSAF,2025-09-16,122984,1,18,0,353.0
10109815FEITOSAF_2025-09-16_G12,10109815FEITOSAF,2025-09-16,123345,1,6,0,357.0
10109815FEITOSAF_2025-09-16_G13,10109815FEITOSAF,2025-09-16,122671,1,4,0,311.0
10109815FEITOSAF_2025-09-16_G14,10109815FEITOSAF,2025-09-16,124370,1,8,0,413.0
10109815FEITOSAF_2025-09-16_G15,10109815FEITOSAF,2025-09-16,120339,1,12,0,247.0
10109815FEITOSAF_2025-09-16_G16,10109815FEITOSAF,2025-09-16,124624,1,6,0,199.0
10109815FEITOSAF_2025-09-16_G17,10109815FEITOSAF,2025-09-16,124486,1,32,0,520.0
10109815FEITOSAF_2025-09-16_G18,10109815FEITOSAF,2025-09-16,122962,1,26,0,286.0
10109815FEITOSAF_2025-09-16_G19,10109815FEITOSAF,2025-09-16,122984,1,26,0,471.0
10109815FEITOSAF_2025-09-16_G20,10109815FEITOSAF,2025-09-16,122967,1,8,0,151.0
10109815FEITOSAF_2025-09-16_G21,10109815FEITOSAF,2025-09-16,123561,1,11,0,414.0
10109815FEITOSAF_2025-09-16_G22,10109815FEITOSAF,2025-09-16,123345,1,10,0,245.0
10109815FEITOSAF_2025-09-16_G24,10109815FEITOSAF,2025-09-16,122962,1,60,0,548.0
10109815FEITOSAF_2025-09-16_G25,10109815FEITOSAF,2025-09-16,124486,1,20,0,220.0
10109815FEITOSAF_2025-09-16_G26,10109815FEITOSAF,2025-09-16,124486,1,10,0,135.0
10109815FEITOSAF_2025-09-16_G27,10109815FEITOSAF,2025-09-16,123909,1,48,0,336.0
10109815FEITOSAF_2025-09-16_G28,10109815FEITOSAF,2025-09-16,122647,1,4,0,143.0
10109815FEITOSAF_2025-09-16_G29,10109815FEITOSAF,2025-09-16,"122673, 124486",2,28,13,254.0
10109815FEITOSAF_2025-09-16_G30,10109815FEITOSAF,2025-09-16,122962,1,32,0,418.0
10109815FEITOSAF_2025-09-16_G31,10109815FEITOSAF,2025-09-16,120339,1,7,0,203.0
10109815FEITOSAF_2025-09-16_G32,10109815FEITOSAF,2025-09-16,124624,1,6,0,133.0
10109815FEITOSAF_2025-09-16_G33,10109815FEITOSAF,2025-09-16,123344,1,4,0,123.0
10109815FEITOSAF_2025-09-16_G34,10109815FEITOSAF,2025-09-16,122673,1,250,0,3473.0
10109815FEITOSAF_2025-09-17_G02,10109815FEITOSAF,2025-09-17,124370,1,26,0,606.0
10109815FEITOSAF_2025-09-17_G03,10109815FEITOSAF,2025-09-17,124371,1,10,0,54.0
10109815FEITOSAF_2025-09-17_G04,10109815FEITOSAF,2025-09-17,121760,1,15,0,341.0
10109815FEITOSAF_2025-09-17_G05,10109815FEITOSAF,2025-09-17,121651,1,8,0,109.0
10109815FEITOSAF_2025-09-17_G06,10109815FEITOSAF,2025-09-17,124486,1,4,0,44.0
10109815FEITOSAF_2025-09-17_G07,10109815FEITOSAF,2025-09-17,122984,1,12,0,382.0
10109815FEITOSAF_2025-09-17_G08,10109815FEITOSAF,2025-09-17,123889,1,4,0,140.0
10109815FEITOSAF_2025-09-17_G09,10109815FEITOSAF,2025-09-17,123345,1,8,0,198.0
10109815FEITOSAF_2025-09-17_G10,10109815FEITOSAF,2025-09-17,123313,1,8,0,108.0
10109815FEITOSAF_2025-09-17_G11,10109815FEITOSAF,2025-09-17,123343,1,2,0,89.0
10109815FEITOSAF_2025-09-17_G12,10109815FEITOSAF,2025-09-17,120028,1,28,0,1763.0
10109815FEITOSAF_2025-09-17_G13,10109815FEITOSAF,2025-09-17,122962,1,8,0,88.0
10109815FEITOSAF_2025-09-17_G14,10109815FEITOSAF,2025-09-17,123822,1,75,0,1441.0
10109815FEITOSAF_2025-09-17_G15,10109815FEITOSAF,2025-09-17,122647,1,12,0,282.0
10109815FEITOSAF_2025-09-17_G16,10109815FEITOSAF,2025-09-17,120339,1,18,0,391.0
10109815FEITOSAF_2025-09-17_G17,10109815FEITOSAF,2025-09-17,122983,1,16,0,277.0
10109815FEITOSAF_2025-09-17_G18,10109815FEITOSAF,2025-09-17,"122983, 124371",2,3,30,181.0
10109815FEITOSAF_2025-09-17_G19,10109815FEITOSAF,2025-09-17,124247,1,6,0,93.0
10109815FEITOSAF_2025-09-17_G20,10109815FEITOSAF,2025-09-17,120271,1,4,0,152.0
10109815FEITOSAF_2025-09-17_G21,10109815FEITOSAF,2025-09-17,124247,1,2,0,56.0
10109815FEITOSAF_2025-09-17_G22,10109815FEITOSAF,2025-09-17,124248,1,30,0,360.0
10109815FEITOSAF_2025-09-17_G23,10109815FEITOSAF,2025-09-17,122962,1,10,0,66.0
10109815FEITOSAF_2025-09-17_G24,10109815FEITOSAF,2025-09-17,123822,1,34,0,671.0
10109815FEITOSAF_2025-09-18_G02,10109815FEITOSAF,2025-09-18,123345,1,1,0,38.0
10109815FEITOSAF_2025-09-19_G02,10109815FEITOSAF,2025-09-19,122984,1,8,0,99.0
10109815FEITOSAF_2025-09-19_G03,10109815FEITOSAF,2025-09-19,120008,1,2,0,120.0
10109815FEITOSAF_2025-09-19_G04,10109815FEITOSAF,2025-09-19,122189,1,2,0,426.0
10109815FEITOSAF_2025-09-19_G05,10109815FEITOSAF,2025-09-19,122983,1,4,0,307.0
10109815FEITOSAF_2025-09-19_G06,10109815FEITOSAF,2025-09-19,122984,1,16,0,445.0
10109815FEITOSAF_2025-09-19_G07,10109815FEITOSAF,2025-09-19,122962,1,48,0,801.0
10109815FEITOSAF_2025-09-19_G08,10109815FEITOSAF,2025-09-19,124624,1,18,0,249.0
10109815FEITOSAF_2025-09-19_G09,10109815FEITOSAF,2025-09-19,123313,1,10,0,122.0
10109815FEITOSAF_2025-09-19_G11,10109815FEITOSAF,2025-09-19,122185,1,72,0,971.0
10109815FEITOSAF_2025-09-19_G12,10109815FEITOSAF,2025-09-19,120339,1,6,0,444.0
10109815FEITOSAF_2025-09-19_G13,10109815FEITOSAF,2025-09-19,122962,1,30,0,564.0
10109815FEITOSAF_2025-09-19_G14,10109815FEITOSAF,2025-09-19,122983,1,6,0,260.0
10109815FEITOSAF_2025-09-19_G15,10109815FEITOSAF,2025-09-19,122984,1,6,0,277.0
10109815FEITOSAF_2025-09-19_G16,10109815FEITOSAF,2025-09-19,123909,1,16,0,1218.0
10109815FEITOSAF_2025-09-19_G17,10109815FEITOSAF,2025-09-19,124248,1,6,0,312.0
10109815FEITOSAF_2025-09-19_G18,10109815FEITOSAF,2025-09-19,124475,1,24,0,445.0
10109815FEITOSAF_2025-09-19_G19,10109815FEITOSAF,2025-09-19,121651,1,60,0,1030.0
10109815FEITOSAF_2025-09-19_G20,10109815FEITOSAF,2025-09-19,124371,1,24,0,606.0
10109815FEITOSAF_2025-09-19_G21,10109815FEITOSAF,2025-09-19,122962,1,30,0,235.0
10109815FEITOSAF_2025-09-19_G22,10109815FEITOSAF,2025-09-19,122984,1,6,0,97.0
10109815FEITOSAF_2025-09-19_G23,10109815FEITOSAF,2025-09-19,123344,1,36,0,236.0
10109815FEITOSAF_2025-09-19_G24,10109815FEITOSAF,2025-09-19,124477,1,12,0,442.0
10109815FEITOSAF_2025-09-19_G25,10109815FEITOSAF,2025-09-19,123313,1,4,0,80.0
10109815FEITOSAF_2025-09-19_G26,10109815FEITOSAF,2025-09-19,123343,1,12,0,313.0
10109815FEITOSAF_2025-09-20_G02,10109815FEITOSAF,2025-09-20,123909,1,30,0,681.0
10109815FEITOSAF_2025-09-20_G03,10109815FEITOSAF,2025-09-20,120339,1,4,0,47.0
10109815FEITOSAF_2025-09-20_G04,10109815FEITOSAF,2025-09-20,121651,1,20,0,463.0
10109815FEITOSAF_2025-09-20_G05,10109815FEITOSAF,2025-09-20,124371,1,15,0,376.0
10109815FEITOSAF_2025-09-20_G06,10109815FEITOSAF,2025-09-20,122984,1,20,0,205.0
10109815FEITOSAF_2025-09-20_G07,10109815FEITOSAF,2025-09-20,122983,1,10,0,422.0
10109815FEITOSAF_2025-09-20_G08,10109815FEITOSAF,2025-09-20,124594,1,20,0,488.0
10109815FEITOSAF_2025-09-20_G09,10109815FEITOSAF,2025-09-20,181057,1,1,0,174.0
10109815FEITOSAF_2025-09-20_G10,10109815FEITOSAF,2025-09-20,181056,1,2,0,995.0
10109815FEITOSAF_2025-09-20_G11,10109815FEITOSAF,2025-09-20,181235,1,2,0,134.0
10109815FEITOSAF_2025-09-20_G12,10109815FEITOSAF,2025-09-20,123345,1,31,0,439.0
10109815FEITOSAF_2025-09-20_G13,10109815FEITOSAF,2025-09-20,181280,1,4,0,671.0
10109815FEITOSAF_2025-09-20_G15,10109815FEITOSAF,2025-09-20,124476,1,1,0,53.0
10109815FEITOSAF_2025-09-20_G16,10109815FEITOSAF,2025-09-20,121760,1,24,0,284.0
10109815FEITOSAF_2025-09-20_G17,10109815FEITOSAF,2025-09-20,120271,1,16,0,236.0
10109815FEITOSAF_2025-09-20_G18,10109815FEITOSAF,2025-09-20,121651,1,36,0,723.0
10109815FEITOSAF_2025-09-20_G19,10109815FEITOSAF,2025-09-20,120389,1,12,0,153.0
10109815FEITOSAF_2025-09-20_G20,10109815FEITOSAF,2025-09-20,124371,1,12,0,249.0
10109815FEITOSAF_2025-09-20_G21,10109815FEITOSAF,2025-09-20,122962,1,24,0,320.0
10109815FEITOSAF_2025-09-20_G22,10109815FEITOSAF,2025-09-20,121923,1,10,0,277.0
10109815FEITOSAF_2025-09-20_G23,10109815FEITOSAF,2025-09-20,123344,1,24,0,305.0
10109815FEITOSAF_2025-09-22_G02,10109815FEITOSAF,2025-09-22,124486,1,40,0,866.0
10109815FEITOSAF_2025-09-22_G03,10109815FEITOSAF,2025-09-22,122981,1,1,0,92.0
10109815FEITOSAF_2025-09-22_G04,10109815FEITOSAF,2025-09-22,123343,1,1,0,419.0
10109815FEITOSAF_2025-09-22_G05,10109815FEITOSAF,2025-09-22,124548,1,50,0,1351.0
10109815FEITOSAF_2025-09-22_G06,10109815FEITOSAF,2025-09-22,124594,1,4,0,214.0
10109815FEITOSAF_2025-09-22_G07,10109815FEITOSAF,2025-09-22,123822,1,8,0,90.0
10109815FEITOSAF_2025-09-22_G08,10109815FEITOSAF,2025-09-22,123822,1,50,0,1093.0
10109815FEITOSAF_2025-09-22_G09,10109815FEITOSAF,2025-09-22,123344,1,4,0,156.0
10109815FEITOSAF_2025-09-23_G02,10109815FEITOSAF,2025-09-23,123492,1,16,0,1083.0
10109815FEITOSAF_2025-09-23_G03,10109815FEITOSAF,2025-09-23,120008,1,27,0,358.0
10109815FEITOSAF_2025-09-23_G04,10109815FEITOSAF,2025-09-23,120008,1,2,0,60.0
10109815FEITOSAF_2025-09-23_G05,10109815FEITOSAF,2025-09-23,124624,1,124,0,690.0
10109815FEITOSAF_2025-09-23_G06,10109815FEITOSAF,2025-09-23,122981,1,20,0,783.0
10109815FEITOSAF_2025-09-23_G07,10109815FEITOSAF,2025-09-23,120271,1,12,0,211.0
10109815FEITOSAF_2025-09-24_G02,10109815FEITOSAF,2025-09-24,124486,1,30,0,522.0
10109815FEITOSAF_2025-09-24_G03,10109815FEITOSAF,2025-09-24,122673,1,20,0,139.0
10109815FEITOSAF_2025-09-24_G04,10109815FEITOSAF,2025-09-24,122673,1,10,0,167.0
10109815FEITOSAF_2025-09-24_G05,10109815FEITOSAF,2025-09-24,122673,1,16,0,374.0
10109815FEITOSAF_2025-09-24_G07,10109815FEITOSAF,2025-09-24,181887,1,4,0,312.0
10109815FEITOSAF_2025-09-24_G08,10109815FEITOSAF,2025-09-24,181887,1,1,0,32.0
10109815FEITOSAF_2025-09-24_G09,10109815FEITOSAF,2025-09-24,124475,1,15,0,580.0
10109815FEITOSAF_2025-09-24_G10,10109815FEITOSAF,2025-09-24,124475,1,14,0,295.0
10109815FEITOSAF_2025-09-24_G11,10109815FEITOSAF,2025-09-24,"124476, 124475",2,21,19,455.0
10109815FEITOSAF_2025-09-24_G12,10109815FEITOSAF,2025-09-24,123909,1,30,0,523.0
10109815FEITOSAF_2025-09-24_G14,10109815FEITOSAF,2025-09-24,124476,1,6,0,86.0
10109815FEITOSAF_2025-09-24_G15,10109815FEITOSAF,2025-09-24,121760,1,30,0,248.0
10109815FEITOSAF_2025-09-24_G16,10109815FEITOSAF,2025-09-24,120272,1,4,0,280.0
10109815FEITOSAF_2025-09-24_G17,10109815FEITOSAF,2025-09-24,124247,1,2,0,200.0
10109815FEITOSAF_2025-09-24_G18,10109815FEITOSAF,2025-09-24,122984,1,50,0,410.0
10109815FEITOSAF_2025-09-24_G19,10109815FEITOSAF,2025-09-24,124370,1,10,0,516.0
10109815FEITOSAF_2025-09-24_G20,10109815FEITOSAF,2025-09-24,123889,1,3,0,87.0
10109815FEITOSAF_2025-09-24_G21,10109815FEITOSAF,2025-09-24,122982,1,10,0,703.0
10109815FEITOSAF_2025-09-26_G02,10109815FEITOSAF,2025-09-26,123153,1,20,0,215.0
10109815FEITOSAF_2025-09-26_G03,10109815FEITOSAF,2025-09-26,122982,1,4,0,115.0
10109815FEITOSAF_2025-09-26_G04,10109815FEITOSAF,2025-09-26,122962,1,100,0,1276.0
10109815FEITOSAF_2025-09-26_G05,10109815FEITOSAF,2025-09-26,"123822, 124486",2,118,23,606.0
10109815FEITOSAF_2025-09-26_G06,10109815FEITOSAF,2025-09-26,124370,1,12,0,346.0
10109815FEITOSAF_2025-09-26_G07,10109815FEITOSAF,2025-09-26,124371,1,8,0,311.0
10109815FEITOSAF_2025-09-26_G08,10109815FEITOSAF,2025-09-26,123343,1,5,0,191.0
10109815FEITOSAF_2025-09-26_G09,10109815FEITOSAF,2025-09-26,122673,1,10,0,1509.0
10109815FEITOSAF_2025-09-26_G10,10109815FEITOSAF,2025-09-26,122647,1,16,0,337.0
10109815FEITOSAF_2025-09-26_G11,10109815FEITOSAF,2025-09-26,122647,1,32,0,520.0
10109815FEITOSAF_2025-09-26_G12,10109815FEITOSAF,2025-09-26,122962,1,76,0,1125.0
10109815FEITOSAF_2025-09-26_G13,10109815FEITOSAF,2025-09-26,123343,1,10,0,102.0
10109815FEITOSAF_2025-09-26_G14,10109815FEITOSAF,2025-09-26,123153,1,10,0,140.0
10109815FEITOSAF_2025-09-26_G15,10109815FEITOSAF,2025-09-26,122984,1,8,0,72.0
10109815FEITOSAF_2025-09-26_G16,10109815FEITOSAF,2025-09-26,124486,1,40,0,480.0
10109815FEITOSAF_2025-09-26_G17,10109815FEITOSAF,2025-09-26,122962,1,12,0,428.0
10109815FEITOSAF_2025-09-26_G18,10109815FEITOSAF,2025-09-26,122984,1,30,0,518.0
10109815FEITOSAF_2025-09-26_G19,10109815FEITOSAF,2025-09-26,122671,1,8,0,120.0
10109815FEITOSAF_2025-09-26_G20,10109815FEITOSAF,2025-09-26,123909,1,20,0,137.0
10109815FEITOSAF_2025-09-26_G21,10109815FEITOSAF,2025-09-26,122962,1,8,0,138.0
10109815FEITOSAF_2025-09-26_G23,10109815FEITOSAF,2025-09-26,120321,2,8,23,1738.0
10109815FEITOSAF_2025-09-26_G24,10109815FEITOSAF,2025-09-26,120321,1,12,0,123.0
10109815FEITOSAF_2025-09-26_G25,10109815FEITOSAF,2025-09-26,121760,1,20,0,321.0
10109815FEITOSAF_2025-09-26_G26,10109815FEITOSAF,2025-09-26,123313,2,8,7,122.0
10109815FEITOSAF_2025-09-26_G27,10109815FEITOSAF,2025-09-26,123343,1,8,0,357.0
10109815FEITOSAF_2025-09-26_G28,10109815FEITOSAF,2025-09-26,124264,1,88,0,1159.0
10109815FEITOSAF_2025-09-27_G02,10109815FEITOSAF,2025-09-27,120028,1,60,0,742.0
10109815FEITOSAF_2025-09-27_G03,10109815FEITOSAF,2025-09-27,124486,1,11,0,2010.0
10109815FEITOSAF_2025-09-27_G04,10109815FEITOSAF,2025-09-27,120389,1,10,0,338.0
10109815FEITOSAF_2025-09-27_G06,10109815FEITOSAF,2025-09-27,120389,1,6,0,119.0
10109815FEITOSAF_2025-09-27_G07,10109815FEITOSAF,2025-09-27,120028,1,4,0,158.0
10109815FEITOSAF_2025-09-27_G08,10109815FEITOSAF,2025-09-27,120008,1,2,0,287.0
10109815FEITOSAF_2025-09-27_G09,10109815FEITOSAF,2025-09-27,123909,1,38,0,456.0
10109815FEITOSAF_2025-09-27_G10,10109815FEITOSAF,2025-09-27,124476,1,17,0,380.0
10109815FEITOSAF_2025-09-27_G11,10109815FEITOSAF,2025-09-27,123521,1,4,0,78.0
10109815FEITOSAF_2025-09-27_G12,10109815FEITOSAF,2025-09-27,123153,1,11,0,107.0
10109815FEITOSAF_2025-09-27_G13,10109815FEITOSAF,2025-09-27,121928,1,12,0,101.0
10109815FEITOSAF_2025-09-27_G14,10109815FEITOSAF,2025-09-27,124475,1,8,0,88.0
10109815FEITOSAF_2025-09-27_G15,10109815FEITOSAF,2025-09-27,122703,1,11,0,280.0
10109815FEITOSAF_2025-09-27_G16,10109815FEITOSAF,2025-09-27,123345,1,50,0,102.0
10109815FEITOSAF_2025-09-27_G17,10109815FEITOSAF,2025-09-27,123343,1,20,0,421.0
10109815FEITOSAF_2025-09-27_G18,10109815FEITOSAF,2025-09-27,121760,1,10,0,650.0
10109815FEITOSAF_2025-09-27_G19,10109815FEITOSAF,2025-09-27,122982,1,4,0,157.0
10109815FEITOSAF_2025-09-27_G20,10109815FEITOSAF,2025-09-27,122982,1,17,0,179.0
10109815FEITOSAF_2025-09-27_G21,10109815FEITOSAF,2025-09-27,124476,1,8,0,89.0
10109815FEITOSAF_2025-09-27_G22,10109815FEITOSAF,2025-09-27,123153,1,7,0,116.0
10109815FEITOSAF_2025-09-27_G23,10109815FEITOSAF,2025-09-27,122982,1,17,0,265.0
10109815FEITOSAF_2025-09-27_G24,10109815FEITOSAF,2025-09-27,122962,1,12,0,176.0
10109815FEITOSAF_2025-09-27_G25,10109815FEITOSAF,2025-09-27,120028,1,12,0,915.0
10109815FEITOSAF_2025-09-27_G26,10109815FEITOSAF,2025-09-27,122673,1,8,0,126.0
10109815FEITOSAF_2025-09-27_G27,10109815FEITOSAF,2025-09-27,122673,1,12,0,279.0
10109815FEITOSAF_2025-09-27_G28,10109815FEITOSAF,2025-09-27,124476,1,4,0,79.0
10109815FEITOSAF_2025-09-27_G29,10109815FEITOSAF,2025-09-27,121760,1,2,0,86.0
10109815FEITOSAF_2025-09-27_G30,10109815FEITOSAF,2025-09-27,121760,1,2,0,82.0
10109815FEITOSAF_2025-09-27_G31,10109815FEITOSAF,2025-09-27,121760,1,2,0,133.0
10109815FEITOSAF_2025-09-27_G32,10109815FEITOSAF,2025-09-27,121651,1,4,0,116.0
10109815FEITOSAF_2025-09-27_G33,10109815FEITOSAF,2025-09-27,123344,1,2,0,96.0
10109815FEITOSAF_2025-09-27_G34,10109815FEITOSAF,2025-09-27,123313,1,2,0,43.0
10109815FEITOSAF_2025-09-27_G35,10109815FEITOSAF,2025-09-27,123345,1,6,0,152.0
10109815FEITOSAF_2025-09-27_G36,10109815FEITOSAF,2025-09-27,124371,1,8,0,141.0
10109815FEITOSAF_2025-09-27_G37,10109815FEITOSAF,2025-09-27,114647,1,6,0,293.0
10109815FEITOSAF_2025-09-27_G38,10109815FEITOSAF,2025-09-27,124476,1,10,0,230.0
10109815FEITOSAF_2025-09-27_G39,10109815FEITOSAF,2025-09-27,122962,1,10,0,383.0
10109815FEITOSAF_2025-09-27_G40,10109815FEITOSAF,2025-09-27,124594,1,4,0,128.0
10109815FEITOSAF_2025-09-29_G02,10109815FEITOSAF,2025-09-29,122984,1,21,0,465.0
10109815FEITOSAF_2025-09-29_G03,10109815FEITOSAF,2025-09-29,124371,1,15,0,1287.0
10109815FEITOSAF_2025-09-29_G05,10109815FEITOSAF,2025-09-29,124624,1,2,0,229.0
10109815FEITOSAF_2025-09-29_G06,10109815FEITOSAF,2025-09-29,122673,1,2,0,146.0
10109815FEITOSAF_2025-09-29_G07,10109815FEITOSAF,2025-09-29,123909,1,30,0,268.0
10109815FEITOSAF_2025-09-29_G08,10109815FEITOSAF,2025-09-29,120339,1,8,0,75.0
10109815FEITOSAF_2025-09-29_G09,10109815FEITOSAF,2025-09-29,124476,1,4,0,231.0
10109815FEITOSAF_2025-09-29_G10,10109815FEITOSAF,2025-09-29,121760,1,20,0,363.0
10109815FEITOSAF_2025-09-29_G11,10109815FEITOSAF,2025-09-29,122962,1,80,0,553.0
10109815FEITOSAF_2025-09-29_G12,10109815FEITOSAF,2025-09-29,122984,1,70,0,897.0
10109815FEITOSAF_2025-09-29_G13,10109815FEITOSAF,2025-09-29,124486,1,20,0,229.0
10109815FEITOSAF_2025-09-29_G14,10109815FEITOSAF,2025-09-29,122986,1,5,0,153.0
10109815FEITOSAF_2025-09-29_G15,10109815FEITOSAF,2025-09-29,123344,1,20,0,588.0
10109815FEITOSAF_2025-09-29_G16,10109815FEITOSAF,2025-09-29,123313,1,4,0,593.0
10109815FEITOSAF_2025-09-29_G17,10109815FEITOSAF,2025-09-29,123345,1,20,0,179.0
10109815FEITOSAF_2025-09-29_G18,10109815FEITOSAF,2025-09-29,122982,1,6,0,278.0
10109815FEITOSAF_2025-09-29_G19,10109815FEITOSAF,2025-09-29,124370,1,10,0,536.0
10109815FEITOSAF_2025-09-29_G21,10109815FEITOSAF,2025-09-29,123344,1,10,0,307.0
10109815FEITOSAF_2025-09-29_G22,10109815FEITOSAF,2025-09-29,"123345, 124247",2,14,16,886.0
10109815FEITOSAF_2025-10-01_G02,10109815FEITOSAF,2025-10-01,180024,1,3,0,925.0
10109815FEITOSAF_2025-10-01_G03,10109815FEITOSAF,2025-10-01,181906,1,1,0,257.0
10109815FEITOSAF_2025-10-02_G02,10109815FEITOSAF,2025-10-02,122673,1,14,0,228.0
10109815FEITOSAF_2025-10-02_G03,10109815FEITOSAF,2025-10-02,122673,1,30,0,335.0
10109815FEITOSAF_2025-10-02_G04,10109815FEITOSAF,2025-10-02,120028,1,12,0,184.0
10109815FEITOSAF_2025-10-02_G05,10109815FEITOSAF,2025-10-02,122962,1,20,0,474.0
10109815FEITOSAF_2025-10-02_G06,10109815FEITOSAF,2025-10-02,122647,1,20,0,235.0
10109815FEITOSAF_2025-10-02_G07,10109815FEITOSAF,2025-10-02,122673,1,12,0,125.0
10109815FEITOSAF_2025-10-02_G08,10109815FEITOSAF,2025-10-02,122962,1,20,0,167.0
10109815FEITOSAF_2025-10-02_G09,10109815FEITOSAF,2025-10-02,122673,1,100,0,909.0
10109815FEITOSAF_2025-10-02_G10,10109815FEITOSAF,2025-10-02,122673,1,80,0,667.0
10109815FEITOSAF_2025-10-03_G02,10109815FEITOSAF,2025-10-03,120339,1,6,0,537.0
10109815FEITOSAF_2025-10-03_G03,10109815FEITOSAF,2025-10-03,123153,1,20,0,288.0
10109815FEITOSAF_2025-10-03_G04,10109815FEITOSAF,2025-10-03,123313,1,12,0,357.0
10109815FEITOSAF_2025-10-03_G05,10109815FEITOSAF,2025-10-03,123344,1,11,0,523.0
10109815FEITOSAF_2025-10-03_G06,10109815FEITOSAF,2025-10-03,124548,1,2,0,119.0
10109815FEITOSAF_2025-10-03_G07,10109815FEITOSAF,2025-10-03,124486,1,21,0,434.0
10109815FEITOSAF_2025-10-03_G08,10109815FEITOSAF,2025-10-03,123343,1,1,0,50.0
10109815FEITOSAF_2025-10-03_G09,10109815FEITOSAF,2025-10-03,122988,1,2,0,355.0
10109815FEITOSAF_2025-10-03_G10,10109815FEITOSAF,2025-10-03,124475,1,3,0,200.0
10109815FEITOSAF_2025-10-03_G11,10109815FEITOSAF,2025-10-03,123343,1,13,0,499.0
10109815FEITOSAF_2025-10-03_G12,10109815FEITOSAF,2025-10-03,124371,1,6,0,109.0
10109815FEITOSAF_2025-10-03_G13,10109815FEITOSAF,2025-10-03,122962,1,12,0,781.0
10109815FEITOSAF_2025-10-03_G14,10109815FEITOSAF,2025-10-03,122647,1,26,0,336.0
10109815FEITOSAF_2025-10-03_G15,10109815FEITOSAF,2025-10-03,124371,1,12,0,79.0
10109815FEITOSAF_2025-10-03_G16,10109815FEITOSAF,2025-10-03,123343,1,7,0,565.0
10109815FEITOSAF_2025-10-03_G17,10109815FEITOSAF,2025-10-03,120339,1,9,0,261.0
10109815FEITOSAF_2025-10-03_G18,10109815FEITOSAF,2025-10-03,124624,1,8,0,401.0
10109815FEITOSAF_2025-10-03_G19,10109815FEITOSAF,2025-10-03,123344,1,2,0,1129.0
10109815FEITOSAF_2025-10-03_G20,10109815FEITOSAF,2025-10-03,124477,1,4,0,170.0
10109815FEITOSAF_2025-10-03_G21,10109815FEITOSAF,2025-10-03,123313,1,4,0,417.0
10109815FEITOSAF_2025-10-03_G22,10109815FEITOSAF,2025-10-03,124624,1,19,0,550.0
10109815FEITOSAF_2025-10-04_G02,10109815FEITOSAF,2025-10-04,122671,1,12,0,161.0
10109815FEITOSAF_2025-10-04_G03,10109815FEITOSAF,2025-10-04,120339,1,10,0,350.0
10109815FEITOSAF_2025-10-04_G04,10109815FEITOSAF,2025-10-04,121760,1,20,0,292.0
10109815FEITOSAF_2025-10-04_G05,10109815FEITOSAF,2025-10-04,124248,1,8,0,138.0
10109815FEITOSAF_2025-10-04_G06,10109815FEITOSAF,2025-10-04,123562,1,12,0,138.0
10109815FEITOSAF_2025-10-04_G07,10109815FEITOSAF,2025-10-04,123562,1,12,0,116.0
10109815FEITOSAF_2025-10-04_G08,10109815FEITOSAF,2025-10-04,124247,1,6,0,80.0
10109815FEITOSAF_2025-10-04_G09,10109815FEITOSAF,2025-10-04,124475,1,10,0,98.0
10109815FEITOSAF_2025-10-04_G10,10109815FEITOSAF,2025-10-04,124475,1,12,0,221.0
10109815FEITOSAF_2025-10-04_G11,10109815FEITOSAF,2025-10-04,120389,1,20,0,1106.0
10109815FEITOSAF_2025-10-04_G12,10109815FEITOSAF,2025-10-04,122984,1,8,0,179.0
10109815FEITOSAF_2025-10-04_G13,10109815FEITOSAF,2025-10-04,124486,1,40,0,437.0
10109815FEITOSAF_2025-10-04_G14,10109815FEITOSAF,2025-10-04,122983,1,6,0,317.0
10109815FEITOSAF_2025-10-04_G15,10109815FEITOSAF,2025-10-04,123343,1,10,0,365.0
10109815FEITOSAF_2025-10-04_G16,10109815FEITOSAF,2025-10-04,123345,1,10,0,66.0
10109815FEITOSAF_2025-10-04_G18,10109815FEITOSAF,2025-10-04,124624,1,6,0,541.0
10109815FEITOSAF_2025-10-04_G19,10109815FEITOSAF,2025-10-04,120028,1,24,0,359.0
10109815FEITOSAF_2025-10-04_G20,10109815FEITOSAF,2025-10-04,120339,1,20,0,295.0
10109815FEITOSAF_2025-10-04_G21,10109815FEITOSAF,2025-10-04,121760,1,30,0,462.0
10109815FEITOSAF_2025-10-04_G22,10109815FEITOSAF,2025-10-04,124248,1,8,0,87.0
10109815FEITOSAF_2025-10-04_G23,10109815FEITOSAF,2025-10-04,124247,1,6,0,116.0
10109815FEITOSAF_2025-10-04_G24,10109815FEITOSAF,2025-10-04,124475,1,30,0,402.0
10109815FEITOSAF_2025-10-04_G25,10109815FEITOSAF,2025-10-04,124370,1,30,0,508.0
10109815FEITOSAF_2025-10-04_G26,10109815FEITOSAF,2025-10-04,120389,1,30,0,432.0
10109815FEITOSAF_2025-10-04_G27,10109815FEITOSAF,2025-10-04,122984,1,8,0,150.0
10109815FEITOSAF_2025-10-04_G28,10109815FEITOSAF,2025-10-04,124486,1,30,0,312.0
10109815FEITOSAF_2025-10-04_G29,10109815FEITOSAF,2025-10-04,122962,1,30,0,397.0
10109815FEITOSAF_2025-10-04_G30,10109815FEITOSAF,2025-10-04,124548,1,12,0,124.0
10109815FEITOSAF_2025-10-04_G31,10109815FEITOSAF,2025-10-04,122983,1,6,0,37.0
10109815FEITOSAF_2025-10-04_G32,10109815FEITOSAF,2025-10-04,123343,1,20,0,703.0
10109815FEITOSAF_2025-10-04_G33,10109815FEITOSAF,2025-10-04,123345,1,20,0,128.0
10109815FEITOSAF_2025-10-04_G34,10109815FEITOSAF,2025-10-04,121651,1,30,0,55.0
10109815FEITOSAF_2025-10-04_G35,10109815FEITOSAF,2025-10-04,123344,1,20,0,80.0
10109815FEITOSAF_2025-10-04_G36,10109815FEITOSAF,2025-10-04,"121760, 123344",3,14,23,267.0
10109815FEITOSAF_2025-10-04_G37,10109815FEITOSAF,2025-10-04,124486,1,12,0,486.0
10109815FEITOSAF_2025-10-04_G38,10109815FEITOSAF,2025-10-04,122962,1,16,0,283.0
10109815FEITOSAF_2025-10-04_G39,10109815FEITOSAF,2025-10-04,122673,1,2,0,187.0
10109815FEITOSAF_2025-10-04_G40,10109815FEITOSAF,2025-10-04,124475,1,2,0,138.0
10109815FEITOSAF_2025-10-04_G41,10109815FEITOSAF,2025-10-04,124370,1,4,0,148.0
10109815FEITOSAF_2025-10-04_G42,10109815FEITOSAF,2025-10-04,124486,1,2,0,98.0
10109815FEITOSAF_2025-10-04_G43,10109815FEITOSAF,2025-10-04,122962,1,2,0,96.0
10109815FEITOSAF_2025-10-04_G44,10109815FEITOSAF,2025-10-04,122647,1,2,0,195.0
10109815FEITOSAF_2025-10-04_G45,10109815FEITOSAF,2025-10-04,123345,1,4,0,96.0
10109815FEITOSAF_2025-10-04_G46,10109815FEITOSAF,2025-10-04,123909,1,46,0,575.0
10109815FEITOSAF_2025-10-04_G47,10109815FEITOSAF,2025-10-04,123343,1,16,0,314.0
10109815FEITOSAF_2025-10-04_G48,10109815FEITOSAF,2025-10-04,122673,1,30,0,766.0
10109815FEITOSAF_2025-10-04_G49,10109815FEITOSAF,2025-10-04,123345,1,60,0,497.0
10109815FEITOSAF_2025-10-06_G02,10109815FEITOSAF,2025-10-06,123345,1,6,0,299.0
10109815FEITOSAF_2025-10-06_G03,10109815FEITOSAF,2025-10-06,124476,1,6,0,87.0
10109815FEITOSAF_2025-10-06_G04,10109815FEITOSAF,2025-10-06,124370,1,3,0,225.0
10109815FEITOSAF_2025-10-06_G05,10109815FEITOSAF,2025-10-06,124486,1,2,0,131.0
10109815FEITOSAF_2025-10-06_G06,10109815FEITOSAF,2025-10-06,123153,1,1,0,96.0
10109815FEITOSAF_2025-10-06_G07,10109815FEITOSAF,2025-10-06,122673,1,20,0,289.0
10109815FEITOSAF_2025-10-06_G08,10109815FEITOSAF,2025-10-06,124486,1,40,0,699.0
10109815FEITOSAF_2025-10-06_G09,10109815FEITOSAF,2025-10-06,122962,1,40,0,486.0
10109815FEITOSAF_2025-10-06_G10,10109815FEITOSAF,2025-10-06,122967,1,44,0,661.0
10109815FEITOSAF_2025-10-06_G11,10109815FEITOSAF,2025-10-06,122983,1,20,0,509.0
10109815FEITOSAF_2025-10-06_G12,10109815FEITOSAF,2025-10-06,122673,1,8,0,110.0
10109815FEITOSAF_2025-10-06_G13,10109815FEITOSAF,2025-10-06,122984,1,8,0,194.0
10109815FEITOSAF_2025-10-06_G14,10109815FEITOSAF,2025-10-06,122962,1,6,0,213.0
10109815FEITOSAF_2025-10-06_G15,10109815FEITOSAF,2025-10-06,122673,1,30,0,465.0
10109815FEITOSAF_2025-10-06_G16,10109815FEITOSAF,2025-10-06,123153,1,3,0,193.0
10109815FEITOSAF_2025-10-06_G17,10109815FEITOSAF,2025-10-06,122984,1,6,0,105.0
10109815FEITOSAF_2025-10-06_G18,10109815FEITOSAF,2025-10-06,122962,1,1,0,113.0
10109815FEITOSAF_2025-10-06_G19,10109815FEITOSAF,2025-10-06,120008,1,12,0,217.0
10109815FEITOSAF_2025-10-06_G20,10109815FEITOSAF,2025-10-06,124247,1,3,0,108.0
10109815FEITOSAF_2025-10-07_G02,10109815FEITOSAF,2025-10-07,123909,2,8,16,135.0
10109815FEITOSAF_2025-10-07_G03,10109815FEITOSAF,2025-10-07,123521,1,4,0,285.0
10109815FEITOSAF_2025-10-07_G04,10109815FEITOSAF,2025-10-07,"124248, 123562",2,24,22,300.0
10109815FEITOSAF_2025-10-07_G05,10109815FEITOSAF,2025-10-07,124247,1,2,0,78.0
10109815FEITOSAF_2025-10-07_G06,10109815FEITOSAF,2025-10-07,124475,1,7,0,307.0
10109815FEITOSAF_2025-10-07_G07,10109815FEITOSAF,2025-10-07,124370,1,21,0,348.0
10109815FEITOSAF_2025-10-07_G08,10109815FEITOSAF,2025-10-07,124370,1,2,0,80.0
10109815FEITOSAF_2025-10-07_G09,10109815FEITOSAF,2025-10-07,122703,1,13,0,295.0
10109815FEITOSAF_2025-10-07_G10,10109815FEITOSAF,2025-10-07,122962,1,12,0,285.0
10109815FEITOSAF_2025-10-07_G11,10109815FEITOSAF,2025-10-07,124371,1,10,0,207.0
10109815FEITOSAF_2025-10-07_G12,10109815FEITOSAF,2025-10-07,124371,1,4,0,149.0
10109815FEITOSAF_2025-10-07_G13,10109815FEITOSAF,2025-10-07,123889,1,8,0,174.0
10109815FEITOSAF_2025-10-07_G14,10109815FEITOSAF,2025-10-07,123343,1,2,0,155.0
10109815FEITOSAF_2025-10-07_G15,10109815FEITOSAF,2025-10-07,123343,1,2,0,90.0
10109815FEITOSAF_2025-10-07_G16,10109815FEITOSAF,2025-10-07,123345,1,4,0,213.0
10109815FEITOSAF_2025-10-07_G17,10109815FEITOSAF,2025-10-07,122196,1,20,0,882.0
10109815FEITOSAF_2025-10-07_G18,10109815FEITOSAF,2025-10-07,124486,1,40,0,411.0
10109815FEITOSAF_2025-10-07_G19,10109815FEITOSAF,2025-10-07,122962,1,20,0,285.0
10109815FEITOSAF_2025-10-07_G20,10109815FEITOSAF,2025-10-07,122189,1,20,0,187.0
10109815FEITOSAF_2025-10-07_G21,10109815FEITOSAF,2025-10-07,123390,1,18,0,630.0
10109815FEITOSAF_2025-10-07_G22,10109815FEITOSAF,2025-10-07,122194,1,20,0,526.0
10109815FEITOSAF_2025-10-07_G23,10109815FEITOSAF,2025-10-07,123390,1,2,0,340.0
10109815FEITOSAF_2025-10-07_G24,10109815FEITOSAF,2025-10-07,123345,1,10,0,127.0
10109815FEITOSAF_2025-10-07_G25,10109815FEITOSAF,2025-10-07,123313,1,10,0,175.0
10109815FEITOSAF_2025-10-08_G03,10109815FEITOSAF,2025-10-08,122982,1,10,0,227.0
10109815FEITOSAF_2025-10-08_G04,10109815FEITOSAF,2025-10-08,122982,1,30,0,390.0
10109815FEITOSAF_2025-10-08_G05,10109815FEITOSAF,2025-10-08,123313,1,2,0,278.0
10109815FEITOSAF_2025-10-08_G06,10109815FEITOSAF,2025-10-08,123345,1,2,0,196.0
10109815FEITOSAF_2025-10-08_G07,10109815FEITOSAF,2025-10-08,122982,1,16,0,120.0
10109815FEITOSAF_2025-10-08_G08,10109815FEITOSAF,2025-10-08,122984,1,5,0,104.0
10109815FEITOSAF_2025-10-08_G09,10109815FEITOSAF,2025-10-08,124486,1,50,0,480.0
10109815FEITOSAF_2025-10-08_G10,10109815FEITOSAF,2025-10-08,120028,1,20,0,207.0
10109815FEITOSAF_2025-10-08_G11,10109815FEITOSAF,2025-10-08,122962,1,10,0,86.0
10109815FEITOSAF_2025-10-08_G12,10109815FEITOSAF,2025-10-08,"124624, 120339",2,4,18,70.0
10109815FEITOSAF_2025-10-08_G13,10109815FEITOSAF,2025-10-08,120339,1,4,0,155.0
10109815FEITOSAF_2025-10-09_G02,10109815FEITOSAF,2025-10-09,120028,1,50,0,931.0
10109815FEITOSAF_2025-10-09_G03,10109815FEITOSAF,2025-10-09,122962,1,80,0,2407.0
10109815FEITOSAF_2025-10-09_G04,10109815FEITOSAF,2025-10-09,120028,1,10,0,48.0
10109815FEITOSAF_2025-10-09_G05,10109815FEITOSAF,2025-10-09,122962,1,16,0,773.0
10109815FEITOSAF_2025-10-10_G02,10109815FEITOSAF,2025-10-10,123561,1,8,0,367.0
10109815FEITOSAF_2025-10-10_G03,10109815FEITOSAF,2025-10-10,124247,1,4,0,208.0
10109815FEITOSAF_2025-10-10_G04,10109815FEITOSAF,2025-10-10,120339,1,2,0,106.0
10109815FEITOSAF_2025-10-10_G05,10109815FEITOSAF,2025-10-10,122982,1,4,0,136.0
10109815FEITOSAF_2025-10-10_G06,10109815FEITOSAF,2025-10-10,120028,1,1,0,550.0
10109815FEITOSAF_2025-10-10_G07,10109815FEITOSAF,2025-10-10,120339,1,11,0,383.0
10109815FEITOSAF_2025-10-10_G08,10109815FEITOSAF,2025-10-10,122984,1,3,0,163.0
10109815FEITOSAF_2025-10-10_G09,10109815FEITOSAF,2025-10-10,122962,1,3,0,204.0
10109815FEITOSAF_2025-10-10_G10,10109815FEITOSAF,2025-10-10,122185,1,19,0,287.0
10109815FEITOSAF_2025-10-10_G11,10109815FEITOSAF,2025-10-10,122647,1,20,0,468.0
10109815FEITOSAF_2025-10-10_G12,10109815FEITOSAF,2025-10-10,120028,1,50,0,611.0
10109815FEITOSAF_2025-10-10_G13,10109815FEITOSAF,2025-10-10,122962,1,20,0,146.0
10109815FEITOSAF_2025-10-10_G14,10109815FEITOSAF,2025-10-10,124247,1,17,0,210.0
10109815FEITOSAF_2025-10-10_G15,10109815FEITOSAF,2025-10-10,124247,1,2,0,135.0
10109815FEITOSAF_2025-10-10_G16,10109815FEITOSAF,2025-10-10,122986,1,2,0,117.0
10109815FEITOSAF_2025-10-10_G17,10109815FEITOSAF,2025-10-10,122967,1,7,0,419.0
10109815FEITOSAF_2025-10-10_G18,10109815FEITOSAF,2025-10-10,123561,1,24,0,617.0
10109815FEITOSAF_2025-10-10_G20,10109815FEITOSAF,2025-10-10,122647,1,30,0,594.0
10109815FEITOSAF_2025-10-10_G21,10109815FEITOSAF,2025-10-10,124486,1,30,0,273.0
10109815FEITOSAF_2025-10-10_G22,10109815FEITOSAF,2025-10-10,122962,1,80,0,637.0
10109815FEITOSAF_2025-10-10_G23,10109815FEITOSAF,2025-10-10,123345,1,6,0,70.0
10109815FEITOSAF_2025-10-10_G24,10109815FEITOSAF,2025-10-10,123909,1,3,0,133.0
10109815FEITOSAF_2025-10-10_G25,10109815FEITOSAF,2025-10-10,124248,1,4,0,56.0
10109815FEITOSAF_2025-10-10_G26,10109815FEITOSAF,2025-10-10,120339,1,2,0,174.0
10109815FEITOSAF_2025-10-10_G27,10109815FEITOSAF,2025-10-10,122983,1,8,0,73.0
10109815FEITOSAF_2025-10-10_G28,10109815FEITOSAF,2025-10-10,123344,1,10,0,280.0
10109815FEITOSAF_2025-10-10_G29,10109815FEITOSAF,2025-10-10,123343,1,4,0,123.0
10109815FEITOSAF_2025-10-10_G30,10109815FEITOSAF,2025-10-10,120028,1,60,0,905.0
10109815FEITOSAF_2025-10-10_G31,10109815FEITOSAF,2025-10-10,120339,1,24,0,1183.0
10109815FEITOSAF_2025-10-10_G32,10109815FEITOSAF,2025-10-10,124476,1,6,0,471.0
10109815FEITOSAF_2025-10-10_G33,10109815FEITOSAF,2025-10-10,122703,1,8,0,153.0
10109815FEITOSAF_2025-10-10_G34,10109815FEITOSAF,2025-10-10,123343,1,20,0,342.0
10109815FEITOSAF_2025-10-10_G35,10109815FEITOSAF,2025-10-10,124264,1,160,0,3349.0
10109815FEITOSAF_2025-10-11_G02,10109815FEITOSAF,2025-10-11,122982,1,4,0,79.0
10109815FEITOSAF_2025-10-11_G04,10109815FEITOSAF,2025-10-11,"121760, 124248",2,20,26,120.0
10109815FEITOSAF_2025-10-11_G05,10109815FEITOSAF,2025-10-11,124475,1,2,0,67.0
10109815FEITOSAF_2025-10-11_G06,10109815FEITOSAF,2025-10-11,122983,1,8,0,266.0
10109815FEITOSAF_2025-10-11_G07,10109815FEITOSAF,2025-10-11,124370,1,20,0,449.0
10109815FEITOSAF_2025-10-11_G08,10109815FEITOSAF,2025-10-11,120339,1,2,0,39.0
10109815FEITOSAF_2025-10-11_G09,10109815FEITOSAF,2025-10-11,122984,1,16,0,321.0
10109815FEITOSAF_2025-10-11_G10,10109815FEITOSAF,2025-10-11,122984,1,16,0,318.0
10109815FEITOSAF_2025-10-11_G11,10109815FEITOSAF,2025-10-11,123344,1,7,0,198.0
10109815FEITOSAF_2025-10-11_G12,10109815FEITOSAF,2025-10-11,121760,1,14,0,130.0
10109815FEITOSAF_2025-10-11_G13,10109815FEITOSAF,2025-10-11,122984,1,8,0,101.0
10109815FEITOSAF_2025-10-11_G14,10109815FEITOSAF,2025-10-11,122984,1,48,0,415.0
10109815FEITOSAF_2025-10-11_G15,10109815FEITOSAF,2025-10-11,122962,1,10,0,115.0
10109815FEITOSAF_2025-10-13_G02,10109815FEITOSAF,2025-10-13,124477,1,2,0,589.0
10109815FEITOSAF_2025-10-13_G03,10109815FEITOSAF,2025-10-13,123909,2,10,13,112.0
10109815FEITOSAF_2025-10-13_G04,10109815FEITOSAF,2025-10-13,121760,1,15,0,505.0
10109815FEITOSAF_2025-10-13_G05,10109815FEITOSAF,2025-10-13,121760,1,6,0,181.0
10109815FEITOSAF_2025-10-13_G06,10109815FEITOSAF,2025-10-13,124476,1,4,0,125.0
10109815FEITOSAF_2025-10-13_G07,10109815FEITOSAF,2025-10-13,123561,1,6,0,246.0
10109815FEITOSAF_2025-10-13_G08,10109815FEITOSAF,2025-10-13,123561,1,2,0,62.0
10109815FEITOSAF_2025-10-13_G09,10109815FEITOSAF,2025-10-13,122962,1,3,0,86.0
10109815FEITOSAF_2025-10-13_G10,10109815FEITOSAF,2025-10-13,124371,1,4,0,286.0
10109815FEITOSAF_2025-10-13_G11,10109815FEITOSAF,2025-10-13,123345,1,12,0,113.0
10109815FEITOSAF_2025-10-13_G12,10109815FEITOSAF,2025-10-13,"123345, 123343",2,55,30,451.0
10109815FEITOSAF_2025-10-13_G13,10109815FEITOSAF,2025-10-13,122647,1,133,0,3564.0
10109815FEITOSAF_2025-10-13_G14,10109815FEITOSAF,2025-10-13,122962,1,133,0,1675.0
10109815FEITOSAF_2025-10-13_G15,10109815FEITOSAF,2025-10-13,122673,1,4,0,660.0
10109815FEITOSAF_2025-10-13_G16,10109815FEITOSAF,2025-10-13,123909,1,4,0,60.0
10109815FEITOSAF_2025-10-13_G17,10109815FEITOSAF,2025-10-13,124475,1,12,0,513.0
10109815FEITOSAF_2025-10-13_G18,10109815FEITOSAF,2025-10-13,123345,1,8,0,206.0
10109815FEITOSAF_2025-10-13_G19,10109815FEITOSAF,2025-10-13,123313,1,4,0,193.0
10109815FEITOSAF_2025-10-13_G20,10109815FEITOSAF,2025-10-13,124594,1,2,0,164.0
10109815FEITOSAF_2025-10-13_G21,10109815FEITOSAF,2025-10-13,124624,1,6,0,1510.0
10109815FEITOSAF_2025-10-13_G22,10109815FEITOSAF,2025-10-13,123909,1,10,0,246.0
10109815FEITOSAF_2025-10-13_G23,10109815FEITOSAF,2025-10-13,124476,1,4,0,530.0
10109815FEITOSAF_2025-10-13_G24,10109815FEITOSAF,2025-10-13,124475,1,8,0,242.0
10109815FEITOSAF_2025-10-13_G25,10109815FEITOSAF,2025-10-13,121651,1,8,0,232.0
10109815FEITOSAF_2025-10-13_G26,10109815FEITOSAF,2025-10-13,124248,1,8,0,149.0
10109815FEITOSAF_2025-10-13_G27,10109815FEITOSAF,2025-10-13,122703,1,8,0,166.0
10109815FEITOSAF_2025-10-13_G28,10109815FEITOSAF,2025-10-13,122962,1,30,0,449.0
10109815FEITOSAF_2025-10-13_G29,10109815FEITOSAF,2025-10-13,122986,1,1,0,173.0
10109815FEITOSAF_2025-10-13_G30,10109815FEITOSAF,2025-10-13,123345,1,20,0,232.0
10109815FEITOSAF_2025-10-13_G31,10109815FEITOSAF,2025-10-13,123313,1,6,0,124.0
10109815FEITOSAF_2025-10-13_G32,10109815FEITOSAF,2025-10-13,123343,1,4,0,145.0
10109815FEITOSAF_2025-10-13_G33,10109815FEITOSAF,2025-10-13,122671,1,4,0,71.0
10109815FEITOSAF_2025-10-13_G34,10109815FEITOSAF,2025-10-13,121760,1,46,0,743.0
10109815FEITOSAF_2025-10-13_G35,10109815FEITOSAF,2025-10-13,120339,1,2,0,96.0
10109815FEITOSAF_2025-10-13_G36,10109815FEITOSAF,2025-10-13,124486,1,10,0,146.0
10109815FEITOSAF_2025-10-13_G37,10109815FEITOSAF,2025-10-13,122962,1,8,0,139.0
10109815FEITOSAF_2025-10-13_G38,10109815FEITOSAF,2025-10-13,123345,1,12,0,327.0
10109815FEITOSAF_2025-10-13_G39,10109815FEITOSAF,2025-10-13,123343,1,12,0,256.0
10109815FEITOSAF_2025-10-13_G40,10109815FEITOSAF,2025-10-13,124594,1,4,0,192.0
10109815FEITOSAF_2025-10-13_G42,10109815FEITOSAF,2025-10-13,124486,1,19,0,220.0
10109815FEITOSAF_2025-10-14_G02,10109815FEITOSAF,2025-10-14,124248,1,8,0,101.0
10109815FEITOSAF_2025-10-14_G03,10109815FEITOSAF,2025-10-14,"122983, 121651",2,12,20,146.0
10109815FEITOSAF_2025-10-14_G04,10109815FEITOSAF,2025-10-14,122984,1,4,0,221.0
10109815FEITOSAF_2025-10-14_G05,10109815FEITOSAF,2025-10-14,124486,1,4,0,111.0
10109815FEITOSAF_2025-10-14_G06,10109815FEITOSAF,2025-10-14,122647,1,3,0,139.0
10109815FEITOSAF_2025-10-14_G07,10109815FEITOSAF,2025-10-14,123345,1,2,0,156.0
10109815FEITOSAF_2025-10-14_G08,10109815FEITOSAF,2025-10-14,"122671, 123909",2,6,20,532.0
10109815FEITOSAF_2025-10-14_G09,10109815FEITOSAF,2025-10-14,121760,1,4,0,231.0
10109815FEITOSAF_2025-10-14_G10,10109815FEITOSAF,2025-10-14,121651,1,8,0,123.0
10109815FEITOSAF_2025-10-14_G11,10109815FEITOSAF,2025-10-14,122984,1,4,0,131.0
10109815FEITOSAF_2025-10-14_G12,10109815FEITOSAF,2025-10-14,123561,1,2,0,65.0
10109815FEITOSAF_2025-10-14_G13,10109815FEITOSAF,2025-10-14,124486,1,4,0,253.0
10109815FEITOSAF_2025-10-14_G14,10109815FEITOSAF,2025-10-14,122185,1,8,0,178.0
10109815FEITOSAF_2025-10-14_G15,10109815FEITOSAF,2025-10-14,123909,1,4,0,170.0
10109815FEITOSAF_2025-10-14_G16,10109815FEITOSAF,2025-10-14,121760,1,4,0,126.0
10109815FEITOSAF_2025-10-14_G17,10109815FEITOSAF,2025-10-14,124248,1,4,0,199.0
10109815FEITOSAF_2025-10-14_G18,10109815FEITOSAF,2025-10-14,"122983, 122984",2,8,17,133.0
10109815FEITOSAF_2025-10-14_G19,10109815FEITOSAF,2025-10-14,120028,1,12,0,383.0
10109815FEITOSAF_2025-10-14_G20,10109815FEITOSAF,2025-10-14,124486,1,4,0,79.0
10109815FEITOSAF_2025-10-14_G21,10109815FEITOSAF,2025-10-14,123822,1,1,0,391.0
10109815FEITOSAF_2025-10-14_G23,10109815FEITOSAF,2025-10-14,121760,1,8,0,103.0
10109815FEITOSAF_2025-10-14_G24,10109815FEITOSAF,2025-10-14,124486,1,8,0,889.0
10109815FEITOSAF_2025-10-14_G25,10109815FEITOSAF,2025-10-14,123345,1,2,0,374.0
10109815FEITOSAF_2025-10-15_G02,10109815FEITOSAF,2025-10-15,121760,1,4,0,493.0
10109815FEITOSAF_2025-10-15_G03,10109815FEITOSAF,2025-10-15,124486,1,4,0,87.0
10109815FEITOSAF_2025-10-15_G04,10109815FEITOSAF,2025-10-15,122984,1,4,0,208.0
10109815FEITOSAF_2025-10-15_G05,10109815FEITOSAF,2025-10-15,124371,1,4,0,90.0
10109815FEITOSAF_2025-10-15_G06,10109815FEITOSAF,2025-10-15,124370,1,4,0,431.0
10109815FEITOSAF_2025-10-15_G07,10109815FEITOSAF,2025-10-15,122962,1,20,0,313.0
10109815FEITOSAF_2025-10-15_G08,10109815FEITOSAF,2025-10-15,121760,1,4,0,122.0
10109815FEITOSAF_2025-10-15_G09,10109815FEITOSAF,2025-10-15,124248,1,2,0,105.0
10109815FEITOSAF_2025-10-15_G10,10109815FEITOSAF,2025-10-15,122983,1,8,0,124.0
10109815FEITOSAF_2025-10-15_G11,10109815FEITOSAF,2025-10-15,124486,1,4,0,133.0
10109815FEITOSAF_2025-10-15_G12,10109815FEITOSAF,2025-10-15,124370,1,4,0,59.0
10109815FEITOSAF_2025-10-15_G13,10109815FEITOSAF,2025-10-15,123343,1,4,0,195.0
10109815FEITOSAF_2025-10-15_G14,10109815FEITOSAF,2025-10-15,122671,1,4,0,696.0
10109815FEITOSAF_2025-10-15_G15,10109815FEITOSAF,2025-10-15,180095,1,4,0,387.0
10109815FEITOSAF_2025-10-15_G16,10109815FEITOSAF,2025-10-15,124248,1,20,0,1036.0
10109815FEITOSAF_2025-10-15_G17,10109815FEITOSAF,2025-10-15,122984,1,53,0,1883.0
10109815FEITOSAF_2025-10-15_G18,10109815FEITOSAF,2025-10-15,122984,1,40,0,453.0
10109815FEITOSAF_2025-10-15_G19,10109815FEITOSAF,2025-10-15,122984,1,21,0,316.0
10109815FEITOSAF_2025-10-15_G20,10109815FEITOSAF,2025-10-15,122984,1,69,0,782.0
10109815FEITOSAF_2025-10-15_G21,10109815FEITOSAF,2025-10-15,122984,1,61,0,700.0
10109815FEITOSAF_2025-10-16_G02,10109815FEITOSAF,2025-10-16,123153,1,6,0,336.0
10109815FEITOSAF_2025-10-16_G03,10109815FEITOSAF,2025-10-16,122984,1,16,0,418.0
10109815FEITOSAF_2025-10-16_G04,10109815FEITOSAF,2025-10-16,122673,1,8,0,50.0
10109815FEITOSAF_2025-10-16_G05,10109815FEITOSAF,2025-10-16,122962,1,12,0,226.0
10109815FEITOSAF_2025-10-16_G06,10109815FEITOSAF,2025-10-16,122671,1,8,0,146.0
10109815FEITOSAF_2025-10-16_G07,10109815FEITOSAF,2025-10-16,"122647, 122984",2,20,26,399.0
10109815FEITOSAF_2025-10-16_G08,10109815FEITOSAF,2025-10-16,124247,1,4,0,163.0
10109815FEITOSAF_2025-10-16_G09,10109815FEITOSAF,2025-10-16,123345,1,6,0,1188.0
10109815FEITOSAF_2025-10-16_G10,10109815FEITOSAF,2025-10-16,124486,1,6,0,149.0
10109815FEITOSAF_2025-10-16_G11,10109815FEITOSAF,2025-10-16,120008,1,45,0,1076.0
10109815FEITOSAF_2025-10-16_G12,10109815FEITOSAF,2025-10-16,122962,1,6,0,166.0
10109815FEITOSAF_2025-10-16_G13,10109815FEITOSAF,2025-10-16,121760,1,8,0,126.0
10109815FEITOSAF_2025-10-16_G14,10109815FEITOSAF,2025-10-16,124486,1,8,0,69.0
10109815FEITOSAF_2025-10-16_G15,10109815FEITOSAF,2025-10-16,123345,1,2,0,148.0
10109815FEITOSAF_2025-10-16_G16,10109815FEITOSAF,2025-10-16,120028,1,60,0,1252.0
10109815FEITOSAF_2025-10-16_G17,10109815FEITOSAF,2025-10-16,120339,1,24,0,430.0
10109815FEITOSAF_2025-10-16_G18,10109815FEITOSAF,2025-10-16,124486,1,32,0,1589.0
10109815FEITOSAF_2025-10-16_G19,10109815FEITOSAF,2025-10-16,122984,1,4,0,173.0
10109815FEITOSAF_2025-10-16_G20,10109815FEITOSAF,2025-10-16,124248,1,5,0,90.0
10109815FEITOSAF_2025-10-16_G21,10109815FEITOSAF,2025-10-16,122962,1,28,0,332.0
10109815FEITOSAF_2025-10-16_G22,10109815FEITOSAF,2025-10-16,123909,1,60,0,812.0
10109815FEITOSAF_2025-10-16_G23,10109815FEITOSAF,2025-10-16,122962,1,40,0,352.0
10109815FEITOSAF_2025-10-16_G24,10109815FEITOSAF,2025-10-16,122647,1,60,0,1001.0
10109815FEITOSAF_2025-10-16_G25,10109815FEITOSAF,2025-10-16,124486,1,6,0,99.0
10109815FEITOSAF_2025-10-16_G26,10109815FEITOSAF,2025-10-16,124370,1,12,0,129.0
10109815FEITOSAF_2025-10-16_G27,10109815FEITOSAF,2025-10-16,124370,1,8,0,113.0
10109815FEITOSAF_2025-10-16_G28,10109815FEITOSAF,2025-10-16,122671,1,4,0,115.0
10109815FEITOSAF_2025-10-16_G29,10109815FEITOSAF,2025-10-16,121760,1,4,0,31.0
10109815FEITOSAF_2025-10-16_G30,10109815FEITOSAF,2025-10-16,123343,1,4,0,62.0
10109815FEITOSAF_2025-10-16_G31,10109815FEITOSAF,2025-10-16,120389,1,30,0,180.0
10109815FEITOSAF_2025-10-16_G32,10109815FEITOSAF,2025-10-16,123345,1,6,0,96.0
10109815FEITOSAF_2025-10-16_G33,10109815FEITOSAF,2025-10-16,124247,1,10,0,63.0
10109815FEITOSAF_2025-10-16_G35,10109815FEITOSAF,2025-10-16,123909,1,2,0,81.0
10109815FEITOSAF_2025-10-16_G36,10109815FEITOSAF,2025-10-16,121760,1,6,0,104.0
10109815FEITOSAF_2025-10-16_G37,10109815FEITOSAF,2025-10-16,124370,1,2,0,74.0
10109815FEITOSAF_2025-10-16_G38,10109815FEITOSAF,2025-10-16,121651,1,4,0,73.0
10109815FEITOSAF_2025-10-16_G39,10109815FEITOSAF,2025-10-16,122647,1,2,0,69.0
10109815FEITOSAF_2025-10-16_G40,10109815FEITOSAF,2025-10-16,123343,1,7,0,233.0
10109815FEITOSAF_2025-10-16_G41,10109815FEITOSAF,2025-10-16,123345,1,6,0,95.0
10109815FEITOSAF_2025-10-16_G42,10109815FEITOSAF,2025-10-16,122962,1,50,0,431.0
10109815FEITOSAF_2025-10-16_G43,10109815FEITOSAF,2025-10-16,124486,1,10,0,174.0
10109815FEITOSAF_2025-10-16_G44,10109815FEITOSAF,2025-10-16,122673,1,6,0,155.0
10109815FEITOSAF_2025-10-16_G45,10109815FEITOSAF,2025-10-16,122962,1,18,0,219.0
10109815FEITOSAF_2025-10-16_G46,10109815FEITOSAF,2025-10-16,124486,1,3,0,58.0
10109815FEITOSAF_2025-10-16_G47,10109815FEITOSAF,2025-10-16,122673,1,20,0,284.0
10109815FEITOSAF_2025-10-16_G48,10109815FEITOSAF,2025-10-16,122647,1,10,0,31.0
10109815FEITOSAF_2025-10-16_G49,10109815FEITOSAF,2025-10-16,122673,1,30,0,447.0
10109815FEITOSAF_2025-10-16_G50,10109815FEITOSAF,2025-10-16,120008,1,20,0,287.0
10109815FEITOSAF_2025-10-16_G51,10109815FEITOSAF,2025-10-16,122673,1,12,0,146.0
10109815FEITOSAF_2025-10-16_G52,10109815FEITOSAF,2025-10-16,122962,1,28,0,403.0
10109815FEITOSAF_2025-10-16_G53,10109815FEITOSAF,2025-10-16,122671,1,4,0,176.0
10109815FEITOSAF_2025-10-16_G54,10109815FEITOSAF,2025-10-16,123909,1,30,0,129.0
10109815FEITOSAF_2025-10-16_G55,10109815FEITOSAF,2025-10-16,124486,1,18,0,313.0
10109815FEITOSAF_2025-10-16_G56,10109815FEITOSAF,2025-10-16,122647,1,2,0,112.0
10109815FEITOSAF_2025-10-16_G57,10109815FEITOSAF,2025-10-16,122984,1,8,0,1313.0
10109815FEITOSAF_2025-10-16_G58,10109815FEITOSAF,2025-10-16,123345,1,20,0,420.0
10109815FEITOSAF_2025-10-17_G02,10109815FEITOSAF,2025-10-17,122647,1,50,0,1019.0
10109815FEITOSAF_2025-10-17_G03,10109815FEITOSAF,2025-10-17,122962,1,24,0,427.0
10109815FEITOSAF_2025-10-17_G04,10109815FEITOSAF,2025-10-17,122647,1,60,0,1352.0
10109815FEITOSAF_2025-10-17_G05,10109815FEITOSAF,2025-10-17,122962,1,80,0,1478.0
10109815FEITOSAF_2025-10-17_G07,10109815FEITOSAF,2025-10-17,122984,1,10,0,826.0
10109815FEITOSAF_2025-10-17_G08,10109815FEITOSAF,2025-10-17,120339,1,10,0,143.0
10109815FEITOSAF_2025-10-17_G09,10109815FEITOSAF,2025-10-17,123561,1,3,0,71.0
10109815FEITOSAF_2025-10-17_G10,10109815FEITOSAF,2025-10-17,124370,1,4,0,64.0
10109815FEITOSAF_2025-10-17_G11,10109815FEITOSAF,2025-10-17,123313,1,2,0,206.0
10109815FEITOSAF_2025-10-18_G02,10109815FEITOSAF,2025-10-18,120028,1,40,0,715.0
10109815FEITOSAF_2025-10-18_G03,10109815FEITOSAF,2025-10-18,122962,1,32,0,226.0
10109815FEITOSAF_2025-10-18_G04,10109815FEITOSAF,2025-10-18,124370,1,20,0,434.0
10109815FEITOSAF_2025-10-18_G05,10109815FEITOSAF,2025-10-18,122647,1,2,0,90.0
10109815FEITOSAF_2025-10-18_G06,10109815FEITOSAF,2025-10-18,124475,1,4,0,186.0
10109815FEITOSAF_2025-10-18_G07,10109815FEITOSAF,2025-10-18,123907,1,2,0,1118.0
10109815FEITOSAF_2025-10-18_G08,10109815FEITOSAF,2025-10-18,123909,1,2,0,515.0
10109815FEITOSAF_2025-10-18_G09,10109815FEITOSAF,2025-10-18,123080,1,8,0,123.0
10109815FEITOSAF_2025-10-18_G10,10109815FEITOSAF,2025-10-18,123080,1,2,0,500.0
10109815FEITOSAF_2025-10-18_G11,10109815FEITOSAF,2025-10-18,122984,1,50,0,1349.0
10109815FEITOSAF_2025-10-18_G14,10109815FEITOSAF,2025-10-18,123344,1,6,0,120.0
10109815FEITOSAF_2025-10-18_G15,10109815FEITOSAF,2025-10-18,121651,1,6,0,566.0
10109815FEITOSAF_2025-10-18_G16,10109815FEITOSAF,2025-10-18,123080,1,4,0,71.0
10109815FEITOSAF_2025-10-20_G02,10109815FEITOSAF,2025-10-20,122671,1,4,0,91.0
10109815FEITOSAF_2025-10-20_G03,10109815FEITOSAF,2025-10-20,123909,1,12,0,276.0
10109815FEITOSAF_2025-10-20_G04,10109815FEITOSAF,2025-10-20,122962,1,4,0,181.0
10109815FEITOSAF_2025-10-20_G05,10109815FEITOSAF,2025-10-20,124486,1,60,0,639.0
10109815FEITOSAF_2025-10-20_G06,10109815FEITOSAF,2025-10-20,120389,1,4,0,466.0
10109815FEITOSAF_2025-10-20_G07,10109815FEITOSAF,2025-10-20,122984,1,1,0,112.0
10109815FEITOSAF_2025-10-20_G08,10109815FEITOSAF,2025-10-20,123909,1,2,0,91.0
10109815FEITOSAF_2025-10-20_G09,10109815FEITOSAF,2025-10-20,"121760, 124476",2,11,30,517.0
10109815FEITOSAF_2025-10-20_G10,10109815FEITOSAF,2025-10-20,124475,1,3,0,102.0
10109815FEITOSAF_2025-10-20_G11,10109815FEITOSAF,2025-10-20,124486,1,4,0,101.0
10109815FEITOSAF_2025-10-20_G12,10109815FEITOSAF,2025-10-20,120339,1,2,0,133.0
10109815FEITOSAF_2025-10-20_G13,10109815FEITOSAF,2025-10-20,122703,1,4,0,95.0
10109815FEITOSAF_2025-10-20_G14,10109815FEITOSAF,2025-10-20,124370,1,11,0,214.0
10109815FEITOSAF_2025-10-20_G15,10109815FEITOSAF,2025-10-20,123343,1,1,0,178.0
10109815FEITOSAF_2025-10-20_G16,10109815FEITOSAF,2025-10-20,123345,1,4,0,203.0
10109815FEITOSAF_2025-10-20_G17,10109815FEITOSAF,2025-10-20,124486,1,5,0,48.0
10109815FEITOSAF_2025-10-20_G18,10109815FEITOSAF,2025-10-20,123153,1,50,0,3360.0
10109815FEITOSAF_2025-10-20_G19,10109815FEITOSAF,2025-10-20,123153,1,4,0,91.0
10109815FEITOSAF_2025-10-20_G20,10109815FEITOSAF,2025-10-20,122984,1,25,0,696.0
10109815FEITOSAF_2025-10-20_G21,10109815FEITOSAF,2025-10-20,123080,1,25,0,371.0
10109815FEITOSAF_2025-10-20_G22,10109815FEITOSAF,2025-10-20,123080,1,38,0,731.0
10109815FEITOSAF_2025-10-22_G02,10109815FEITOSAF,2025-10-22,122189,1,6,0,119.0
10109815FEITOSAF_2025-10-22_G03,10109815FEITOSAF,2025-10-22,124248,1,20,0,240.0
10109815FEITOSAF_2025-10-22_G04,10109815FEITOSAF,2025-10-22,122196,1,24,0,148.0
10109815FEITOSAF_2025-10-22_G05,10109815FEITOSAF,2025-10-22,123345,1,48,0,166.0
10109815FEITOSAF_2025-10-22_G06,10109815FEITOSAF,2025-10-22,120008,1,2,0,63.0
10109815FEITOSAF_2025-10-22_G07,10109815FEITOSAF,2025-10-22,124486,1,20,0,345.0
10109815FEITOSAF_2025-10-22_G08,10109815FEITOSAF,2025-10-22,123909,1,20,0,229.0
10109815FEITOSAF_2025-10-22_G09,10109815FEITOSAF,2025-10-22,"124486, 123909",2,26,22,339.0
10109815FEITOSAF_2025-10-22_G10,10109815FEITOSAF,2025-10-22,122671,1,16,0,2385.0
10109815FEITOSAF_2025-10-22_G11,10109815FEITOSAF,2025-10-22,"122984, 122983",2,20,27,949.0
10109815FEITOSAF_2025-10-22_G12,10109815FEITOSAF,2025-10-22,124247,1,4,0,151.0
10109815FEITOSAF_2025-10-22_G13,10109815FEITOSAF,2025-10-22,123822,1,1,0,51.0
10109815FEITOSAF_2025-10-22_G14,10109815FEITOSAF,2025-10-22,123822,1,2,0,37.0
10109815FEITOSAF_2025-10-22_G15,10109815FEITOSAF,2025-10-22,124248,1,12,0,160.0
10109815FEITOSAF_2025-10-22_G16,10109815FEITOSAF,2025-10-22,122962,1,60,0,275.0
10109815FEITOSAF_2025-10-22_G17,10109815FEITOSAF,2025-10-22,124486,1,10,0,314.0
10109815FEITOSAF_2025-10-22_G18,10109815FEITOSAF,2025-10-22,122986,1,2,0,47.0
10109815FEITOSAF_2025-10-22_G19,10109815FEITOSAF,2025-10-22,122986,1,8,0,80.0
10109815FEITOSAF_2025-10-22_G20,10109815FEITOSAF,2025-10-22,124486,1,2,0,179.0
10109815FEITOSAF_2025-10-22_G21,10109815FEITOSAF,2025-10-22,124247,1,6,0,76.0
10109815FEITOSAF_2025-10-22_G22,10109815FEITOSAF,2025-10-22,122962,1,4,0,186.0
10109815FEITOSAF_2025-10-22_G23,10109815FEITOSAF,2025-10-22,122962,1,40,0,492.0
10109815FEITOSAF_2025-10-22_G24,10109815FEITOSAF,2025-10-22,124264,1,8,0,230.0
10109815FEITOSAF_2025-10-22_G25,10109815FEITOSAF,2025-10-22,122671,1,6,0,111.0
10109815FEITOSAF_2025-10-22_G26,10109815FEITOSAF,2025-10-22,123909,1,24,0,256.0
10109815FEITOSAF_2025-10-22_G27,10109815FEITOSAF,2025-10-22,123521,1,4,0,114.0
10109815FEITOSAF_2025-10-22_G28,10109815FEITOSAF,2025-10-22,124476,1,8,0,87.0
10109815FEITOSAF_2025-10-22_G29,10109815FEITOSAF,2025-10-22,124475,1,30,0,444.0
10109815FEITOSAF_2025-10-22_G30,10109815FEITOSAF,2025-10-22,124486,1,30,0,397.0
10109815FEITOSAF_2025-10-22_G31,10109815FEITOSAF,2025-10-22,123822,1,9,0,96.0
10109815FEITOSAF_2025-10-22_G32,10109815FEITOSAF,2025-10-22,124248,1,6,0,105.0
10109815FEITOSAF_2025-10-22_G33,10109815FEITOSAF,2025-10-22,120389,1,12,0,255.0
10109815FEITOSAF_2025-10-22_G34,10109815FEITOSAF,2025-10-22,121651,1,40,0,527.0
10109815FEITOSAF_2025-10-22_G35,10109815FEITOSAF,2025-10-22,122647,1,12,0,200.0
10109815FEITOSAF_2025-10-22_G36,10109815FEITOSAF,2025-10-22,123343,1,12,0,164.0
10109815FEITOSAF_2025-10-22_G37,10109815FEITOSAF,2025-10-22,123345,1,22,0,103.0
10109815FEITOSAF_2025-10-22_G39,10109815FEITOSAF,2025-10-22,124475,1,18,0,242.0
10109815FEITOSAF_2025-10-22_G40,10109815FEITOSAF,2025-10-22,124486,1,12,0,78.0
10109815FEITOSAF_2025-10-22_G41,10109815FEITOSAF,2025-10-22,124248,1,24,0,276.0
10109815FEITOSAF_2025-10-22_G42,10109815FEITOSAF,2025-10-22,122647,1,50,0,608.0
10109815FEITOSAF_2025-10-22_G43,10109815FEITOSAF,2025-10-22,124371,1,60,0,776.0
10109815FEITOSAF_2025-10-22_G44,10109815FEITOSAF,2025-10-22,123313,1,30,0,1523.0
10109815FEITOSAF_2025-10-22_G45,10109815FEITOSAF,2025-10-22,123345,1,20,0,571.0
10109815FEITOSAF_2025-10-22_G46,10109815FEITOSAF,2025-10-22,181887,2,4,8,1498.0
10109815FEITOSAF_2025-10-22_G47,10109815FEITOSAF,2025-10-22,181887,1,4,0,247.0
10109815FEITOSAF_2025-10-23_G02,10109815FEITOSAF,2025-10-23,123081,1,14,0,198.0
10109815FEITOSAF_2025-10-23_G03,10109815FEITOSAF,2025-10-23,124476,1,11,0,135.0
10109815FEITOSAF_2025-10-23_G04,10109815FEITOSAF,2025-10-23,123080,1,1,0,48.0
10109815FEITOSAF_2025-10-23_G05,10109815FEITOSAF,2025-10-23,124370,1,40,0,582.0
10109815FEITOSAF_2025-10-23_G06,10109815FEITOSAF,2025-10-23,121651,1,20,0,156.0
10109815FEITOSAF_2025-10-23_G07,10109815FEITOSAF,2025-10-23,123345,1,30,0,331.0
10109815FEITOSAF_2025-10-23_G08,10109815FEITOSAF,2025-10-23,122962,1,24,0,491.0
10109815FEITOSAF_2025-10-23_G09,10109815FEITOSAF,2025-10-23,123492,1,3,0,488.0
10109815FEITOSAF_2025-10-23_G10,10109815FEITOSAF,2025-10-23,124486,1,7,0,331.0
10109815FEITOSAF_2025-10-23_G11,10109815FEITOSAF,2025-10-23,123153,1,50,0,585.0
10109815FEITOSAF_2025-10-23_G12,10109815FEITOSAF,2025-10-23,"123345, 123343",2,90,18,724.0
10109815FEITOSAF_2025-10-23_G13,10109815FEITOSAF,2025-10-23,122962,1,150,0,2811.0
10109815FEITOSAF_2025-10-23_G14,10109815FEITOSAF,2025-10-23,123153,1,10,0,744.0
10109815FEITOSAF_2025-10-23_G15,10109815FEITOSAF,2025-10-23,123909,1,8,0,178.0
10109815FEITOSAF_2025-10-23_G16,10109815FEITOSAF,2025-10-23,122962,1,20,0,241.0
10109815FEITOSAF_2025-10-23_G17,10109815FEITOSAF,2025-10-23,122983,1,20,0,411.0
10109815FEITOSAF_2025-10-23_G18,10109815FEITOSAF,2025-10-23,124486,1,20,0,285.0
10109815FEITOSAF_2025-10-23_G19,10109815FEITOSAF,2025-10-23,122982,1,10,0,94.0
10109815FEITOSAF_2025-10-23_G20,10109815FEITOSAF,2025-10-23,122984,1,96,0,1437.0
10109815FEITOSAF_2025-10-23_G21,10109815FEITOSAF,2025-10-23,124248,1,40,0,606.0
10109815FEITOSAF_2025-10-23_G22,10109815FEITOSAF,2025-10-23,123345,1,6,0,235.0
10109815FEITOSAF_2025-10-23_G23,10109815FEITOSAF,2025-10-23,123344,1,8,0,1031.0
10109815FEITOSAF_2025-10-23_G24,10109815FEITOSAF,2025-10-23,124624,1,4,0,38.0
10109815FEITOSAF_2025-10-23_G25,10109815FEITOSAF,2025-10-23,123081,1,4,0,94.0
10109815FEITOSAF_2025-10-23_G26,10109815FEITOSAF,2025-10-23,"123909, 122984",2,20,21,37.0
10109815FEITOSAF_2025-10-23_G27,10109815FEITOSAF,2025-10-23,124248,1,14,0,270.0
10109815FEITOSAF_2025-10-23_G28,10109815FEITOSAF,2025-10-23,122703,1,5,0,116.0
10109815FEITOSAF_2025-10-23_G29,10109815FEITOSAF,2025-10-23,121651,1,10,0,166.0
10109815FEITOSAF_2025-10-23_G30,10109815FEITOSAF,2025-10-23,123343,1,5,0,82.0
10109815FEITOSAF_2025-10-23_G31,10109815FEITOSAF,2025-10-23,123345,1,12,0,112.0
10109815FEITOSAF_2025-10-23_G32,10109815FEITOSAF,2025-10-23,"123521, 122703, 121651",3,56,42,59.0
10109815FEITOSAF_2025-10-23_G33,10109815FEITOSAF,2025-10-23,123345,1,6,0,41.0
10109815FEITOSAF_2025-10-23_G34,10109815FEITOSAF,2025-10-23,123345,1,25,0,318.0
10109815FEITOSAF_2025-10-23_G35,10109815FEITOSAF,2025-10-23,123344,1,8,0,133.0
10109815FEITOSAF_2025-10-23_G36,10109815FEITOSAF,2025-10-23,121760,1,10,0,165.0
10109815FEITOSAF_2025-10-23_G37,10109815FEITOSAF,2025-10-23,121760,1,15,0,197.0
10109815FEITOSAF_2025-10-23_G38,10109815FEITOSAF,2025-10-23,123345,1,3,0,62.0
10109815FEITOSAF_2025-10-23_G39,10109815FEITOSAF,2025-10-23,181057,1,8,0,317.0
10109815FEITOSAF_2025-10-23_G40,10109815FEITOSAF,2025-10-23,122671,2,4,7,72.0
10109815FEITOSAF_2025-10-23_G41,10109815FEITOSAF,2025-10-23,124486,1,4,0,130.0
10109815FEITOSAF_2025-10-23_G42,10109815FEITOSAF,2025-10-23,123343,1,7,0,105.0
10109815FEITOSAF_2025-10-23_G43,10109815FEITOSAF,2025-10-23,124476,1,2,0,136.0
10109815FEITOSAF_2025-10-23_G44,10109815FEITOSAF,2025-10-23,"123153, 123909, 121760",3,37,27,46.0
10109815FEITOSAF_2025-10-23_G45,10109815FEITOSAF,2025-10-23,124486,1,12,0,231.0
10109815FEITOSAF_2025-10-23_G46,10109815FEITOSAF,2025-10-23,121651,1,12,0,256.0
10109815FEITOSAF_2025-10-23_G47,10109815FEITOSAF,2025-10-23,123345,1,7,0,185.0
10109815FEITOSAF_2025-10-23_G48,10109815FEITOSAF,2025-10-23,123343,1,10,0,154.0
10109815FEITOSAF_2025-10-23_G50,10109815FEITOSAF,2025-10-23,122671,1,4,0,122.0
10109815FEITOSAF_2025-10-23_G51,10109815FEITOSAF,2025-10-23,122984,1,4,0,87.0
10109815FEITOSAF_2025-10-23_G52,10109815FEITOSAF,2025-10-23,121760,1,10,0,360.0
10109815FEITOSAF_2025-10-23_G53,10109815FEITOSAF,2025-10-23,124486,1,8,0,130.0
10109815FEITOSAF_2025-10-23_G54,10109815FEITOSAF,2025-10-23,124486,1,2,0,42.0
10109815FEITOSAF_2025-10-23_G55,10109815FEITOSAF,2025-10-23,124248,1,16,0,267.0
10109815FEITOSAF_2025-10-23_G56,10109815FEITOSAF,2025-10-23,122703,1,6,0,54.0
10109815FEITOSAF_2025-10-23_G57,10109815FEITOSAF,2025-10-23,122982,1,4,0,185.0
10109815FEITOSAF_2025-10-23_G58,10109815FEITOSAF,2025-10-23,122986,1,4,0,97.0
10109815FEITOSAF_2025-10-23_G59,10109815FEITOSAF,2025-10-23,123345,1,10,0,134.0
10109815FEITOSAF_2025-10-23_G60,10109815FEITOSAF,2025-10-23,123344,1,3,0,42.0
10109815FEITOSAF_2025-10-23_G61,10109815FEITOSAF,2025-10-23,123909,1,6,0,121.0
10109815FEITOSAF_2025-10-23_G62,10109815FEITOSAF,2025-10-23,124476,1,7,0,52.0
10109815FEITOSAF_2025-10-23_G63,10109815FEITOSAF,2025-10-23,124475,1,6,0,120.0
10109815FEITOSAF_2025-10-23_G64,10109815FEITOSAF,2025-10-23,120339,1,2,0,86.0
10109815FEITOSAF_2025-10-23_G65,10109815FEITOSAF,2025-10-23,124370,1,13,0,229.0
10109815FEITOSAF_2025-10-23_G66,10109815FEITOSAF,2025-10-23,"121651, 123343",2,8,22,146.0
10109815FEITOSAF_2025-10-23_G67,10109815FEITOSAF,2025-10-23,123345,1,5,0,164.0
10109815FEITOSAF_2025-10-23_G68,10109815FEITOSAF,2025-10-23,123344,1,31,0,392.0
10109815FEITOSAF_2025-10-23_G69,10109815FEITOSAF,2025-10-23,122982,1,3,0,83.0
10109815FEITOSAF_2025-10-23_G70,10109815FEITOSAF,2025-10-23,123313,1,6,0,69.0
10109815FEITOSAF_2025-10-23_G71,10109815FEITOSAF,2025-10-23,"123345, 123343",2,22,14,346.0
10109815FEITOSAF_2025-10-23_G72,10109815FEITOSAF,2025-10-23,123345,1,17,0,309.0
10109815FEITOSAF_2025-10-23_G73,10109815FEITOSAF,2025-10-23,"122984, 124476",2,12,23,180.0
10109815FEITOSAF_2025-10-23_G74,10109815FEITOSAF,2025-10-23,124475,1,8,0,184.0
10109815FEITOSAF_2025-10-23_G75,10109815FEITOSAF,2025-10-23,124486,1,4,0,43.0
10109815FEITOSAF_2025-10-23_G76,10109815FEITOSAF,2025-10-23,120339,1,11,0,174.0
10109815FEITOSAF_2025-10-23_G77,10109815FEITOSAF,2025-10-23,124248,1,6,0,157.0
10109815FEITOSAF_2025-10-23_G78,10109815FEITOSAF,2025-10-23,121651,1,30,0,221.0
10109815FEITOSAF_2025-10-23_G79,10109815FEITOSAF,2025-10-23,122962,1,2,0,50.0
10109815FEITOSAF_2025-10-23_G80,10109815FEITOSAF,2025-10-23,123345,1,3,0,132.0
10109815FEITOSAF_2025-10-24_G02,10109815FEITOSAF,2025-10-24,122962,1,60,0,1644.0
10109815FEITOSAF_2025-10-24_G03,10109815FEITOSAF,2025-10-24,124486,1,10,0,189.0
10109815FEITOSAF_2025-10-24_G04,10109815FEITOSAF,2025-10-24,120028,1,10,0,243.0
10109815FEITOSAF_2025-10-24_G05,10109815FEITOSAF,2025-10-24,122962,1,4,0,62.0
10109815FEITOSAF_2025-10-24_G06,10109815FEITOSAF,2025-10-24,120028,1,12,0,410.0
10109815FEITOSAF_2025-10-24_G07,10109815FEITOSAF,2025-10-24,124248,1,2,0,317.0
10109815FEITOSAF_2025-10-24_G08,10109815FEITOSAF,2025-10-24,122984,1,8,0,47.0
10109815FEITOSAF_2025-10-24_G09,10109815FEITOSAF,2025-10-24,124247,1,14,0,341.0
10109815FEITOSAF_2025-10-24_G10,10109815FEITOSAF,2025-10-24,124486,1,40,0,524.0
10109815FEITOSAF_2025-10-24_G11,10109815FEITOSAF,2025-10-24,124486,1,6,0,86.0
10109815FEITOSAF_2025-10-24_G12,10109815FEITOSAF,2025-10-24,122185,1,6,0,272.0
10109815FEITOSAF_2025-10-24_G13,10109815FEITOSAF,2025-10-24,123909,1,2,0,54.0
10109815FEITOSAF_2025-10-24_G14,10109815FEITOSAF,2025-10-24,122185,1,6,0,79.0
10109815FEITOSAF_2025-10-24_G15,10109815FEITOSAF,2025-10-24,122986,1,8,0,226.0
10109815FEITOSAF_2025-10-24_G16,10109815FEITOSAF,2025-10-24,123344,1,20,0,120.0
10109815FEITOSAF_2025-10-24_G17,10109815FEITOSAF,2025-10-24,123492,1,39,0,2016.0
10109815FEITOSAF_2025-10-24_G18,10109815FEITOSAF,2025-10-24,123343,1,1,0,1427.0
10109815FEITOSAF_2025-10-24_G19,10109815FEITOSAF,2025-10-24,123909,1,6,0,155.0
10109815FEITOSAF_2025-10-24_G20,10109815FEITOSAF,2025-10-24,124486,1,4,0,128.0
10109815FEITOSAF_2025-10-24_G21,10109815FEITOSAF,2025-10-24,122962,1,10,0,258.0
10109815FEITOSAF_2025-10-24_G22,10109815FEITOSAF,2025-10-24,124486,1,20,0,482.0
10109815FEITOSAF_2025-10-24_G23,10109815FEITOSAF,2025-10-24,122962,1,50,0,1416.0
10109815FEITOSAF_2025-10-24_G24,10109815FEITOSAF,2025-10-24,122984,1,8,0,119.0
10109815FEITOSAF_2025-10-24_G25,10109815FEITOSAF,2025-10-24,181887,1,4,0,228.0
10109815FEITOSAF_2025-10-24_G26,10109815FEITOSAF,2025-10-24,"123909, 120008",2,5,29,107.0
10109815FEITOSAF_2025-10-24_G27,10109815FEITOSAF,2025-10-24,123909,1,20,0,417.0
10109815FEITOSAF_2025-10-24_G28,10109815FEITOSAF,2025-10-24,124486,1,20,0,338.0
10109815FEITOSAF_2025-10-24_G29,10109815FEITOSAF,2025-10-24,123345,1,5,0,151.0
10109815FEITOSAF_2025-10-24_G30,10109815FEITOSAF,2025-10-24,123345,1,8,0,69.0
10109815FEITOSAF_2025-10-24_G31,10109815FEITOSAF,2025-10-24,122962,1,30,0,929.0
10109815FEITOSAF_2025-10-24_G32,10109815FEITOSAF,2025-10-24,122671,1,6,0,143.0
10109815FEITOSAF_2025-10-24_G33,10109815FEITOSAF,2025-10-24,122673,1,16,0,185.0
10109815FEITOSAF_2025-10-24_G34,10109815FEITOSAF,2025-10-24,124486,1,9,0,69.0
10109815FEITOSAF_2025-10-24_G35,10109815FEITOSAF,2025-10-24,121923,1,2,0,1537.0
10109815FEITOSAF_2025-10-24_G36,10109815FEITOSAF,2025-10-24,122984,1,10,0,380.0
10109815FEITOSAF_2025-10-24_G37,10109815FEITOSAF,2025-10-24,122673,1,4,0,95.0
10109815FEITOSAF_2025-10-24_G38,10109815FEITOSAF,2025-10-24,124247,1,2,0,47.0
10109815FEITOSAF_2025-10-24_G39,10109815FEITOSAF,2025-10-24,123345,1,4,0,236.0
10109815FEITOSAF_2025-10-27_G02,10109815FEITOSAF,2025-10-27,122673,1,6,0,117.0
10109815FEITOSAF_2025-10-27_G03,10109815FEITOSAF,2025-10-27,122647,1,2,0,239.0
10109815FEITOSAF_2025-10-27_G04,10109815FEITOSAF,2025-10-27,122962,1,8,0,78.0
10109815FEITOSAF_2025-10-27_G05,10109815FEITOSAF,2025-10-27,122673,1,4,0,281.0
10109815FEITOSAF_2025-10-27_G06,10109815FEITOSAF,2025-10-27,122962,1,16,0,376.0
10109815FEITOSAF_2025-10-27_G08,10109815FEITOSAF,2025-10-27,120271,1,11,0,164.0
10109815FEITOSAF_2025-10-27_G09,10109815FEITOSAF,2025-10-27,122983,1,16,0,191.0
10109815FEITOSAF_2025-10-27_G10,10109815FEITOSAF,2025-10-27,122703,1,4,0,69.0
10109815FEITOSAF_2025-10-27_G11,10109815FEITOSAF,2025-10-27,122986,1,11,0,483.0
10109815FEITOSAF_2025-10-27_G12,10109815FEITOSAF,2025-10-27,181887,1,16,0,1088.0
10109815FEITOSAF_2025-10-27_G13,10109815FEITOSAF,2025-10-27,123343,1,50,0,114.0
10109815FEITOSAF_2025-10-27_G14,10109815FEITOSAF,2025-10-27,122962,1,50,0,1140.0
10109815FEITOSAF_2025-10-27_G15,10109815FEITOSAF,2025-10-27,123909,1,12,0,134.0
10109815FEITOSAF_2025-10-27_G16,10109815FEITOSAF,2025-10-27,123562,1,8,0,118.0
10109815FEITOSAF_2025-10-27_G17,10109815FEITOSAF,2025-10-27,122983,1,5,0,85.0
10109815FEITOSAF_2025-10-27_G18,10109815FEITOSAF,2025-10-27,122703,1,8,0,67.0
10109815FEITOSAF_2025-10-27_G19,10109815FEITOSAF,2025-10-27,124247,1,3,0,88.0
10109815FEITOSAF_2025-10-27_G20,10109815FEITOSAF,2025-10-27,124486,1,24,0,225.0
10109815FEITOSAF_2025-10-27_G21,10109815FEITOSAF,2025-10-27,121651,1,36,0,381.0
10109815FEITOSAF_2025-10-27_G22,10109815FEITOSAF,2025-10-27,181887,1,4,0,87.0
10109815FEITOSAF_2025-10-27_G23,10109815FEITOSAF,2025-10-27,123343,1,6,0,114.0
10109815FEITOSAF_2025-10-27_G24,10109815FEITOSAF,2025-10-27,120028,1,12,0,764.0
10109815FEITOSAF_2025-10-27_G25,10109815FEITOSAF,2025-10-27,122984,1,16,0,335.0
10109815FEITOSAF_2025-10-27_G26,10109815FEITOSAF,2025-10-27,122647,1,13,0,200.0
10109815FEITOSAF_2025-10-27_G27,10109815FEITOSAF,2025-10-27,122967,1,40,0,399.0
10109815FEITOSAF_2025-10-27_G28,10109815FEITOSAF,2025-10-27,120028,1,16,0,80.0
10109815FEITOSAF_2025-10-27_G29,10109815FEITOSAF,2025-10-27,123822,1,13,0,257.0
10109815FEITOSAF_2025-10-27_G30,10109815FEITOSAF,2025-10-27,122962,1,20,0,360.0
10109815FEITOSAF_2025-10-27_G31,10109815FEITOSAF,2025-10-27,122185,1,8,0,150.0
10109815FEITOSAF_2025-10-27_G32,10109815FEITOSAF,2025-10-27,120389,1,12,0,181.0
10109815FEITOSAF_2025-10-28_G02,10109815FEITOSAF,2025-10-28,121651,1,2,0,82.0
10109815FEITOSAF_2025-10-28_G03,10109815FEITOSAF,2025-10-28,181887,1,2,0,68.0
10109815FEITOSAF_2025-10-28_G04,10109815FEITOSAF,2025-10-28,123345,1,2,0,159.0
10109815FEITOSAF_2025-10-28_G05,10109815FEITOSAF,2025-10-28,123345,1,2,0,57.0
10109815FEITOSAF_2025-10-28_G07,10109815FEITOSAF,2025-10-28,180001,1,48,0,882.0
10109815FEITOSAF_2025-10-29_G02,10109815FEITOSAF,2025-10-29,122962,1,26,0,354.0
10109815FEITOSAF_2025-10-29_G03,10109815FEITOSAF,2025-10-29,122962,1,21,0,181.0
10109815FEITOSAF_2025-10-29_G04,10109815FEITOSAF,2025-10-29,123909,1,9,0,110.0
10109815FEITOSAF_2025-10-29_G05,10109815FEITOSAF,2025-10-29,122671,1,4,0,83.0
10109815FEITOSAF_2025-10-29_G06,10109815FEITOSAF,2025-10-29,124486,1,27,0,368.0
10109815FEITOSAF_2025-10-29_G07,10109815FEITOSAF,2025-10-29,122962,1,21,0,294.0
10109815FEITOSAF_2025-10-29_G08,10109815FEITOSAF,2025-10-29,123909,1,9,0,148.0
10109815FEITOSAF_2025-10-29_G09,10109815FEITOSAF,2025-10-29,122962,1,30,0,1355.0
10109815FEITOSAF_2025-10-29_G10,10109815FEITOSAF,2025-10-29,123909,1,15,0,91.0
10109815FEITOSAF_2025-10-29_G11,10109815FEITOSAF,2025-10-29,122647,1,6,0,129.0
10109815FEITOSAF_2025-10-29_G12,10109815FEITOSAF,2025-10-29,120339,1,4,0,68.0
10109815FEITOSAF_2025-10-29_G13,10109815FEITOSAF,2025-10-29,122982,1,4,0,235.0
10109815FEITOSAF_2025-10-29_G14,10109815FEITOSAF,2025-10-29,121651,1,10,0,252.0
10109815FEITOSAF_2025-10-29_G15,10109815FEITOSAF,2025-10-29,124511,1,30,0,393.0
10109815FEITOSAF_2025-10-29_G16,10109815FEITOSAF,2025-10-29,123344,1,17,0,302.0
10109815FEITOSAF_2025-10-29_G17,10109815FEITOSAF,2025-10-29,181887,1,4,0,171.0
10109815FEITOSAF_2025-10-29_G18,10109815FEITOSAF,2025-10-29,180054,1,2,0,314.0
10109815FEITOSAF_2025-10-29_G19,10109815FEITOSAF,2025-10-29,122185,1,2,0,89.0
10109815FEITOSAF_2025-10-29_G20,10109815FEITOSAF,2025-10-29,123909,1,12,0,106.0
10109815FEITOSAF_2025-10-29_G21,10109815FEITOSAF,2025-10-29,122647,1,8,0,133.0
10109815FEITOSAF_2025-10-29_G22,10109815FEITOSAF,2025-10-29,124486,1,14,0,195.0
10109815FEITOSAF_2025-10-29_G23,10109815FEITOSAF,2025-10-29,124475,1,10,0,211.0
10109815FEITOSAF_2025-10-29_G24,10109815FEITOSAF,2025-10-29,124371,1,6,0,525.0
10109815FEITOSAF_2025-10-29_G25,10109815FEITOSAF,2025-10-29,124371,1,2,0,134.0
10109815FEITOSAF_2025-10-29_G26,10109815FEITOSAF,2025-10-29,181887,1,4,0,160.0
10109815FEITOSAF_2025-10-29_G27,10109815FEITOSAF,2025-10-29,123344,1,20,0,491.0
10109815FEITOSAF_2025-10-29_G28,10109815FEITOSAF,2025-10-29,124511,1,25,0,198.0
10109815FEITOSAF_2025-10-29_G30,10109815FEITOSAF,2025-10-29,122962,1,4,0,905.0
10109815FEITOSAF_2025-10-29_G31,10109815FEITOSAF,2025-10-29,124486,1,12,0,252.0
10109815FEITOSAF_2025-10-29_G32,10109815FEITOSAF,2025-10-29,181057,1,1,0,70.0
10109815FEITOSAF_2025-10-29_G33,10109815FEITOSAF,2025-10-29,123345,1,18,0,407.0
10109815FEITOSAF_2025-10-29_G34,10109815FEITOSAF,2025-10-29,123909,1,8,0,447.0
10109815FEITOSAF_2025-10-29_G35,10109815FEITOSAF,2025-10-29,120028,1,4,0,279.0
10109815FEITOSAF_2025-10-29_G36,10109815FEITOSAF,2025-10-29,122967,1,8,0,370.0
10109815FEITOSAF_2025-10-29_G37,10109815FEITOSAF,2025-10-29,124247,1,8,0,116.0
10109815FEITOSAF_2025-10-29_G38,10109815FEITOSAF,2025-10-29,120028,1,4,0,98.0
10109815FEITOSAF_2025-10-29_G39,10109815FEITOSAF,2025-10-29,120389,1,18,0,356.0
10109815FEITOSAF_2025-10-29_G40,10109815FEITOSAF,2025-10-29,123889,1,12,0,93.0
10109815FEITOSAF_2025-10-29_G41,10109815FEITOSAF,2025-10-29,124248,1,4,0,135.0
10109815FEITOSAF_2025-10-29_G42,10109815FEITOSAF,2025-10-29,124486,1,4,0,328.0
10109815FEITOSAF_2025-10-29_G43,10109815FEITOSAF,2025-10-29,122988,1,8,0,2337.0
10109815FEITOSAF_2025-10-29_G44,10109815FEITOSAF,2025-10-29,"123345, 123909",2,8,25,67.0
10109815FEITOSAF_2025-10-29_G45,10109815FEITOSAF,2025-10-29,123345,1,15,0,160.0
10109815FEITOSAF_2025-10-29_G46,10109815FEITOSAF,2025-10-29,122673,1,5,0,110.0
10109815FEITOSAF_2025-10-29_G47,10109815FEITOSAF,2025-10-29,123345,1,2,0,63.0
10109815FEITOSAF_2025-10-29_G48,10109815FEITOSAF,2025-10-29,124248,1,20,0,284.0
10109815FEITOSAF_2025-10-29_G49,10109815FEITOSAF,2025-10-29,122984,1,40,0,613.0
10109815FEITOSAF_2025-10-29_G50,10109815FEITOSAF,2025-10-29,"123344, 124248",2,8,14,39.0
10109815FEITOSAF_2025-10-29_G51,10109815FEITOSAF,2025-10-29,121760,1,2,0,254.0
10109815FEITOSAF_2025-10-29_G52,10109815FEITOSAF,2025-10-29,123492,1,6,0,172.0
10109815FEITOSAF_2025-10-29_G53,10109815FEITOSAF,2025-10-29,122962,1,6,0,159.0
10109815FEITOSAF_2025-10-29_G54,10109815FEITOSAF,2025-10-29,123909,1,12,0,141.0
10109815FEITOSAF_2025-10-29_G55,10109815FEITOSAF,2025-10-29,122671,1,10,0,102.0
10109815FEITOSAF_2025-10-29_G56,10109815FEITOSAF,2025-10-29,124486,1,12,0,265.0
10109815FEITOSAF_2025-10-30_G02,10109815FEITOSAF,2025-10-30,122962,1,80,0,570.0
10109815FEITOSAF_2025-10-30_G03,10109815FEITOSAF,2025-10-30,122673,1,64,0,865.0
10109815FEITOSAF_2025-10-30_G04,10109815FEITOSAF,2025-10-30,122673,1,36,0,1430.0
10109815FEITOSAF_2025-10-30_G05,10109815FEITOSAF,2025-10-30,123345,1,30,0,190.0
10109815FEITOSAF_2025-10-30_G06,10109815FEITOSAF,2025-10-30,124511,1,26,0,117.0
10109815FEITOSAF_2025-10-30_G07,10109815FEITOSAF,2025-10-30,181887,1,4,0,356.0
10109815FEITOSAF_2025-10-30_G08,10109815FEITOSAF,2025-10-30,122962,1,12,0,83.0
10109815FEITOSAF_2025-10-30_G09,10109815FEITOSAF,2025-10-30,122673,1,12,0,120.0
10109815FEITOSAF_2025-10-30_G10,10109815FEITOSAF,2025-10-30,122962,1,24,0,329.0
10109815FEITOSAF_2025-10-30_G11,10109815FEITOSAF,2025-10-30,124511,1,18,0,192.0
10109815FEITOSAF_2025-10-30_G12,10109815FEITOSAF,2025-10-30,123345,1,12,0,111.0
10109815FEITOSAF_2025-10-30_G13,10109815FEITOSAF,2025-10-30,122962,1,20,0,58.0
10109815FEITOSAF_2025-10-30_G14,10109815FEITOSAF,2025-10-30,124247,1,8,0,145.0
10109815FEITOSAF_2025-10-30_G15,10109815FEITOSAF,2025-10-30,124486,1,12,0,171.0
10109815FEITOSAF_2025-10-30_G16,10109815FEITOSAF,2025-10-30,123153,1,20,0,79.0
10109815FEITOSAF_2025-10-30_G17,10109815FEITOSAF,2025-10-30,124511,1,10,0,256.0
10109815FEITOSAF_2025-10-30_G18,10109815FEITOSAF,2025-10-30,124371,1,4,0,159.0
10109815FEITOSAF_2025-10-30_G19,10109815FEITOSAF,2025-10-30,181057,1,4,0,3282.0
10109815FEITOSAF_2025-10-30_G20,10109815FEITOSAF,2025-10-30,124486,1,2,0,65.0
10109815FEITOSAF_2025-10-30_G21,10109815FEITOSAF,2025-10-30,122962,1,30,0,280.0
10109815FEITOSAF_2025-10-30_G22,10109815FEITOSAF,2025-10-30,122647,1,20,0,243.0
10109815FEITOSAF_2025-10-30_G23,10109815FEITOSAF,2025-10-30,122962,1,40,0,411.0
10109815FEITOSAF_2025-10-30_G24,10109815FEITOSAF,2025-10-30,122647,1,9,0,262.0
10109815FEITOSAF_2025-10-30_G25,10109815FEITOSAF,2025-10-30,120028,1,40,0,45.0
10109815FEITOSAF_2025-10-30_G26,10109815FEITOSAF,2025-10-30,124486,1,10,0,98.0
10109815FEITOSAF_2025-10-30_G27,10109815FEITOSAF,2025-10-30,123153,1,4,0,89.0
10109815FEITOSAF_2025-10-30_G28,10109815FEITOSAF,2025-10-30,122982,1,4,0,186.0
10109815FEITOSAF_2025-10-30_G29,10109815FEITOSAF,2025-10-30,181057,1,2,0,96.0
10109815FEITOSAF_2025-10-30_G30,10109815FEITOSAF,2025-10-30,120028,1,20,0,685.0
10109815FEITOSAF_2025-10-30_G31,10109815FEITOSAF,2025-10-30,122962,1,20,0,134.0
10109815FEITOSAF_2025-10-30_G32,10109815FEITOSAF,2025-10-30,122647,1,23,0,239.0
10109815FEITOSAF_2025-10-30_G33,10109815FEITOSAF,2025-10-30,122982,1,6,0,264.0
10109815FEITOSAF_2025-10-31_G02,10109815FEITOSAF,2025-10-31,122673,1,30,0,400.0
10109815FEITOSAF_2025-10-31_G03,10109815FEITOSAF,2025-10-31,122673,1,2,0,108.0
10109815FEITOSAF_2025-10-31_G04,10109815FEITOSAF,2025-10-31,122673,1,12,0,185.0
10109815FEITOSAF_2025-10-31_G05,10109815FEITOSAF,2025-10-31,122673,1,12,0,87.0
10109815FEITOSAF_2025-10-31_G06,10109815FEITOSAF,2025-10-31,122962,1,60,0,405.0
10109815FEITOSAF_2025-10-31_G07,10109815FEITOSAF,2025-10-31,122962,1,12,0,70.0
10109815FEITOSAF_2025-10-31_G08,10109815FEITOSAF,2025-10-31,122962,1,40,0,242.0
10109815FEITOSAF_2025-10-31_G09,10109815FEITOSAF,2025-10-31,123521,1,2,0,43.0
10109815FEITOSAF_2025-10-31_G10,10109815FEITOSAF,2025-10-31,122671,1,20,0,117.0
10109815FEITOSAF_2025-10-31_G11,10109815FEITOSAF,2025-10-31,121760,1,2,0,56.0
10109815FEITOSAF_2025-10-31_G12,10109815FEITOSAF,2025-10-31,124486,1,12,0,59.0
10109815FEITOSAF_2025-10-31_G13,10109815FEITOSAF,2025-10-31,124370,1,40,0,454.0
10109815FEITOSAF_2025-10-31_G14,10109815FEITOSAF,2025-10-31,124371,1,24,0,216.0
10109815FEITOSAF_2025-10-31_G16,10109815FEITOSAF,2025-10-31,181887,1,6,0,118.0
10109815FEITOSAF_2025-10-31_G17,10109815FEITOSAF,2025-10-31,124511,1,130,0,2304.0
10109815FEITOSAF_2025-10-31_G18,10109815FEITOSAF,2025-10-31,122962,1,120,0,137.0
10109815FEITOSAF_2025-10-31_G19,10109815FEITOSAF,2025-10-31,120008,1,30,0,392.0
10109816SILVAV_2025-06-29_G02,10109816SILVAV,2025-06-29,122981,1,2,0,134.0
10109816SILVAV_2025-06-29_G03,10109816SILVAV,2025-06-29,123345,1,30,0,929.0
10109816SILVAV_2025-06-29_G04,10109816SILVAV,2025-06-29,122671,1,28,0,353.0
10109816SILVAV_2025-06-29_G05,10109816SILVAV,2025-06-29,123909,1,4,0,361.0
10109816SILVAV_2025-06-29_G06,10109816SILVAV,2025-06-29,122962,1,16,0,265.0
10109816SILVAV_2025-06-29_G07,10109816SILVAV,2025-06-29,124370,1,10,0,69.0
10109816SILVAV_2025-06-29_G08,10109816SILVAV,2025-06-29,124475,1,4,0,357.0
10109816SILVAV_2025-06-29_G09,10109816SILVAV,2025-06-29,123343,1,4,0,981.0
10109816SILVAV_2025-06-29_G10,10109816SILVAV,2025-06-29,123345,1,8,0,209.0
10109816SILVAV_2025-06-29_G11,10109816SILVAV,2025-06-29,122673,1,12,0,624.0
10109816SILVAV_2025-06-29_G12,10109816SILVAV,2025-06-29,124486,1,6,0,167.0
10109816SILVAV_2025-06-29_G13,10109816SILVAV,2025-06-29,123345,1,8,0,274.0
10109816SILVAV_2025-08-04_G02,10109816SILVAV,2025-08-04,122962,1,60,0,501.0
10109816SILVAV_2025-08-04_G03,10109816SILVAV,2025-08-04,124486,1,4,0,226.0
10109816SILVAV_2025-08-04_G04,10109816SILVAV,2025-08-04,124486,1,30,0,368.0
10109816SILVAV_2025-08-04_G05,10109816SILVAV,2025-08-04,122962,1,48,0,805.0
10109816SILVAV_2025-08-04_G06,10109816SILVAV,2025-08-04,124370,1,8,0,180.0
10109816SILVAV_2025-08-04_G07,10109816SILVAV,2025-08-04,121651,1,14,0,539.0
10109816SILVAV_2025-08-04_G08,10109816SILVAV,2025-08-04,122647,1,20,0,306.0
10109816SILVAV_2025-08-28_G02,10109816SILVAV,2025-08-28,123822,1,3,0,57.0
10109816SILVAV_2025-08-28_G03,10109816SILVAV,2025-08-28,123521,1,2,0,209.0
10109816SILVAV_2025-08-28_G04,10109816SILVAV,2025-08-28,122988,1,5,0,105.0
10109816SILVAV_2025-08-28_G05,10109816SILVAV,2025-08-28,122968,1,1,0,40.0
10109816SILVAV_2025-08-28_G06,10109816SILVAV,2025-08-28,120389,1,6,0,127.0
10109816SILVAV_2025-08-28_G07,10109816SILVAV,2025-08-28,124371,1,8,0,156.0
10109816SILVAV_2025-08-28_G08,10109816SILVAV,2025-08-28,124486,1,16,0,216.0
10109816SILVAV_2025-08-28_G09,10109816SILVAV,2025-08-28,122984,1,16,0,410.0
10109816SILVAV_2025-08-28_G10,10109816SILVAV,2025-08-28,124548,1,8,0,78.0
10109816SILVAV_2025-08-28_G11,10109816SILVAV,2025-08-28,122185,1,110,0,1557.0
10109816SILVAV_2025-09-03_G02,10109816SILVAV,2025-09-03,123345,1,25,0,464.0
10109816SILVAV_2025-09-03_G03,10109816SILVAV,2025-09-03,122967,1,80,0,858.0
10109816SILVAV_2025-09-03_G04,10109816SILVAV,2025-09-03,122967,1,70,0,775.0
10109816SILVAV_2025-09-03_G06,10109816SILVAV,2025-09-03,122984,1,8,0,89.0
10109816SILVAV_2025-09-03_G07,10109816SILVAV,2025-09-03,124594,1,21,0,369.0
10109816SILVAV_2025-09-12_G02,10109816SILVAV,2025-09-12,110374,1,42,0,944.0
10109816SILVAV_2025-09-12_G03,10109816SILVAV,2025-09-12,111467,1,3,0,235.0
10109816SILVAV_2025-09-12_G04,10109816SILVAV,2025-09-12,111655,1,4,0,408.0
10109816SILVAV_2025-09-12_G06,10109816SILVAV,2025-09-12,111532,1,95,0,974.0
10109816SILVAV_2025-09-12_G07,10109816SILVAV,2025-09-12,111330,1,11,0,211.0
10109816SILVAV_2025-09-12_G08,10109816SILVAV,2025-09-12,117785,1,214,0,672.0
10109816SILVAV_2025-09-12_G09,10109816SILVAV,2025-09-12,118222,1,130,0,838.0
10109816SILVAV_2025-09-12_G10,10109816SILVAV,2025-09-12,110787,1,7,0,1741.0
10109816SILVAV_2025-09-12_G11,10109816SILVAV,2025-09-12,117855,1,35,0,712.0
10109816SILVAV_2025-09-12_G12,10109816SILVAV,2025-09-12,118299,1,100,0,458.0
10109816SILVAV_2025-09-12_G13,10109816SILVAV,2025-09-12,118140,1,12,0,477.0
10109816SILVAV_2025-09-12_G14,10109816SILVAV,2025-09-12,141823,1,15,0,194.0
10109816SILVAV_2025-09-12_G15,10109816SILVAV,2025-09-12,111466,1,50,0,489.0
10109816SILVAV_2025-09-17_G02,10109816SILVAV,2025-09-17,120339,1,15,0,281.0
10109816SILVAV_2025-09-17_G03,10109816SILVAV,2025-09-17,124371,1,40,0,365.0
10109816SILVAV_2025-09-17_G04,10109816SILVAV,2025-09-17,124476,1,12,0,123.0
10109816SILVAV_2025-09-17_G05,10109816SILVAV,2025-09-17,124476,1,14,0,188.0
10109816SILVAV_2025-09-17_G06,10109816SILVAV,2025-09-17,124248,1,8,0,133.0
10109816SILVAV_2025-09-17_G07,10109816SILVAV,2025-09-17,121760,1,9,0,200.0
10109816SILVAV_2025-09-17_G08,10109816SILVAV,2025-09-17,122962,1,8,0,265.0
10109816SILVAV_2025-09-17_G09,10109816SILVAV,2025-09-17,124486,1,50,0,327.0
10109816SILVAV_2025-09-17_G10,10109816SILVAV,2025-09-17,122984,1,26,0,454.0
10109816SILVAV_2025-09-17_G11,10109816SILVAV,2025-09-17,122967,1,12,0,164.0
10109816SILVAV_2025-09-17_G12,10109816SILVAV,2025-09-17,124247,1,8,0,99.0
10109816SILVAV_2025-09-17_G13,10109816SILVAV,2025-09-17,122185,1,40,0,448.0
10109816SILVAV_2025-09-17_G14,10109816SILVAV,2025-09-17,122986,1,2,0,58.0
10109816SILVAV_2025-09-24_G02,10109816SILVAV,2025-09-24,123153,1,18,0,324.0
10109816SILVAV_2025-09-24_G03,10109816SILVAV,2025-09-24,121760,1,4,0,1235.0
10109816SILVAV_2025-09-24_G04,10109816SILVAV,2025-09-24,124248,1,6,0,210.0
10109816SILVAV_2025-09-24_G05,10109816SILVAV,2025-09-24,122185,1,8,0,171.0
10109816SILVAV_2025-09-24_G06,10109816SILVAV,2025-09-24,122189,1,44,0,1790.0
10109817PEREIRAB_2025-04-14_G02,10109817PEREIRAB,2025-04-14,105705,1,7,0,755.0
10109817PEREIRAB_2025-04-14_G03,10109817PEREIRAB,2025-04-14,111182,1,30,0,2732.0
10109817PEREIRAB_2025-04-14_G04,10109817PEREIRAB,2025-04-14,109641,1,37,0,1224.0
10109817PEREIRAB_2025-04-16_G02,10109817PEREIRAB,2025-04-16,118299,1,300,0,1338.0
10109817PEREIRAB_2025-04-16_G04,10109817PEREIRAB,2025-04-16,110373,1,560,0,3521.0
10109817PEREIRAB_2025-04-17_G02,10109817PEREIRAB,2025-04-17,108772,1,18,0,1259.0
10109817PEREIRAB_2025-04-17_G03,10109817PEREIRAB,2025-04-17,110339,1,10,0,1950.0
10109817PEREIRAB_2025-04-17_G04,10109817PEREIRAB,2025-04-17,110313,1,10,0,278.0
10109817PEREIRAB_2025-04-17_G05,10109817PEREIRAB,2025-04-17,110313,1,39,0,1614.0
10109817PEREIRAB_2025-04-17_G06,10109817PEREIRAB,2025-04-17,110313,1,21,0,915.0
10109817PEREIRAB_2025-04-17_G07,10109817PEREIRAB,2025-04-17,110752,1,10,0,351.0
10109817PEREIRAB_2025-04-17_G08,10109817PEREIRAB,2025-04-17,110515,1,10,0,206.0
10109817PEREIRAB_2025-04-17_G09,10109817PEREIRAB,2025-04-17,111602,1,16,0,309.0
10109817PEREIRAB_2025-04-17_G10,10109817PEREIRAB,2025-04-17,111530,1,86,0,977.0
10109817PEREIRAB_2025-04-17_G11,10109817PEREIRAB,2025-04-17,111468,1,25,0,1625.0
10109817PEREIRAB_2025-04-17_G12,10109817PEREIRAB,2025-04-17,111468,1,5,0,132.0
10109817PEREIRAB_2025-04-17_G13,10109817PEREIRAB,2025-04-17,111468,1,10,0,128.0
10109817PEREIRAB_2025-04-17_G14,10109817PEREIRAB,2025-04-17,"110376, 111418",2,71,25,318.0
10109817PEREIRAB_2025-04-17_G15,10109817PEREIRAB,2025-04-17,105894,1,10,0,452.0
10109817PEREIRAB_2025-04-17_G16,10109817PEREIRAB,2025-04-17,111532,1,24,0,790.0
10109817PEREIRAB_2025-04-19_G02,10109817PEREIRAB,2025-04-19,111418,1,4,0,198.0
10109817PEREIRAB_2025-04-19_G03,10109817PEREIRAB,2025-04-19,111418,1,5,0,91.0
10109817PEREIRAB_2025-04-19_G04,10109817PEREIRAB,2025-04-19,111463,1,3,0,143.0
10109817PEREIRAB_2025-04-19_G05,10109817PEREIRAB,2025-04-19,111743,1,2,0,118.0
10109817PEREIRAB_2025-04-19_G06,10109817PEREIRAB,2025-04-19,111743,1,2,0,42.0
10109817PEREIRAB_2025-04-19_G07,10109817PEREIRAB,2025-04-19,109641,1,2,0,251.0
10109817PEREIRAB_2025-04-19_G08,10109817PEREIRAB,2025-04-19,117785,1,4,0,143.0
10109817PEREIRAB_2025-04-19_G09,10109817PEREIRAB,2025-04-19,117785,1,4,0,100.0
10109817PEREIRAB_2025-04-19_G10,10109817PEREIRAB,2025-04-19,111466,1,3,0,145.0
10109817PEREIRAB_2025-04-19_G11,10109817PEREIRAB,2025-04-19,111466,1,4,0,104.0
10109817PEREIRAB_2025-04-19_G12,10109817PEREIRAB,2025-04-19,111462,1,2,0,139.0
10109817PEREIRAB_2025-04-19_G13,10109817PEREIRAB,2025-04-19,110787,1,3,0,272.0
10109817PEREIRAB_2025-04-19_G14,10109817PEREIRAB,2025-04-19,111465,1,2,0,119.0
10109817PEREIRAB_2025-04-19_G15,10109817PEREIRAB,2025-04-19,111465,1,2,0,35.0
10109817PEREIRAB_2025-04-19_G16,10109817PEREIRAB,2025-04-19,110747,1,4,0,1062.0
10109817PEREIRAB_2025-04-19_G17,10109817PEREIRAB,2025-04-19,111438,1,8,0,278.0
10109817PEREIRAB_2025-04-19_G18,10109817PEREIRAB,2025-04-19,111438,1,4,0,151.0
10109817PEREIRAB_2025-04-19_G19,10109817PEREIRAB,2025-04-19,110895,1,2,0,210.0
10109817PEREIRAB_2025-04-19_G20,10109817PEREIRAB,2025-04-19,108759,1,2,0,229.0
10109817PEREIRAB_2025-04-19_G21,10109817PEREIRAB,2025-04-19,117855,1,6,0,476.0
10109817PEREIRAB_2025-04-19_G22,10109817PEREIRAB,2025-04-19,111466,1,6,0,336.0
10109817PEREIRAB_2025-04-19_G23,10109817PEREIRAB,2025-04-19,118317,1,2,0,136.0
10109817PEREIRAB_2025-04-19_G24,10109817PEREIRAB,2025-04-19,117840,1,4,0,170.0
10109817PEREIRAB_2025-04-19_G25,10109817PEREIRAB,2025-04-19,110372,1,12,0,314.0
10109817PEREIRAB_2025-04-19_G26,10109817PEREIRAB,2025-04-19,110747,1,2,0,2971.0
10109817PEREIRAB_2025-04-19_G27,10109817PEREIRAB,2025-04-19,118222,1,30,0,1127.0
10109817PEREIRAB_2025-04-19_G28,10109817PEREIRAB,2025-04-19,111438,1,8,0,881.0
10109817PEREIRAB_2025-04-19_G29,10109817PEREIRAB,2025-04-19,118306,1,20,0,1220.0
10109817PEREIRAB_2025-04-19_G30,10109817PEREIRAB,2025-04-19,160057,1,2,0,1211.0
10109817PEREIRAB_2025-04-19_G31,10109817PEREIRAB,2025-04-19,110895,1,10,0,268.0
10109817PEREIRAB_2025-04-19_G32,10109817PEREIRAB,2025-04-19,111569,1,40,0,891.0
10109817PEREIRAB_2025-04-19_G33,10109817PEREIRAB,2025-04-19,110339,1,2,0,1055.0
10109817PEREIRAB_2025-04-19_G34,10109817PEREIRAB,2025-04-19,117861,1,10,0,178.0
10109817PEREIRAB_2025-04-19_G35,10109817PEREIRAB,2025-04-19,117855,1,40,0,467.0
10109817PEREIRAB_2025-04-19_G37,10109817PEREIRAB,2025-04-19,118299,1,50,0,1668.0
10109817PEREIRAB_2025-04-19_G38,10109817PEREIRAB,2025-04-19,111469,1,30,0,2163.0
10109817PEREIRAB_2025-04-19_G39,10109817PEREIRAB,2025-04-19,117821,1,20,0,293.0
10109817PEREIRAB_2025-04-19_G40,10109817PEREIRAB,2025-04-19,111433,1,13,0,575.0
10109817PEREIRAB_2025-04-19_G41,10109817PEREIRAB,2025-04-19,111418,1,50,0,1355.0
10109817PEREIRAB_2025-04-19_G42,10109817PEREIRAB,2025-04-19,111463,1,10,0,182.0
10109817PEREIRAB_2025-04-19_G43,10109817PEREIRAB,2025-04-19,109641,1,10,0,206.0
10109817PEREIRAB_2025-04-19_G44,10109817PEREIRAB,2025-04-19,109645,1,12,0,140.0
10109817PEREIRAB_2025-04-19_G45,10109817PEREIRAB,2025-04-19,118140,1,30,0,373.0
10109817PEREIRAB_2025-04-19_G46,10109817PEREIRAB,2025-04-19,111462,1,20,0,68.0
10109817PEREIRAB_2025-04-19_G47,10109817PEREIRAB,2025-04-19,111532,1,30,0,503.0
10109817PEREIRAB_2025-04-22_G02,10109817PEREIRAB,2025-04-22,118222,1,3,0,191.0
10109817PEREIRAB_2025-04-22_G03,10109817PEREIRAB,2025-04-22,108772,1,2,0,341.0
10109817PEREIRAB_2025-04-22_G04,10109817PEREIRAB,2025-04-22,110752,1,2,0,407.0
10109817PEREIRAB_2025-04-22_G05,10109817PEREIRAB,2025-04-22,141047,1,2,0,389.0
10109817PEREIRAB_2025-04-22_G06,10109817PEREIRAB,2025-04-22,110339,1,8,0,364.0
10109817PEREIRAB_2025-04-22_G07,10109817PEREIRAB,2025-04-22,111602,1,8,0,247.0
10109817PEREIRAB_2025-04-22_G08,10109817PEREIRAB,2025-04-22,117855,1,1,0,129.0
10109817PEREIRAB_2025-04-22_G09,10109817PEREIRAB,2025-04-22,117856,1,4,0,205.0
10109817PEREIRAB_2025-04-22_G10,10109817PEREIRAB,2025-04-22,111435,1,4,0,250.0
10109817PEREIRAB_2025-04-22_G11,10109817PEREIRAB,2025-04-22,117821,1,2,0,149.0
10109817PEREIRAB_2025-04-22_G12,10109817PEREIRAB,2025-04-22,117787,1,4,0,192.0
10109817PEREIRAB_2025-04-22_G13,10109817PEREIRAB,2025-04-22,117785,1,54,0,1054.0
10109817PEREIRAB_2025-04-22_G14,10109817PEREIRAB,2025-04-22,"111468, 111433, 111418, 140922, 111172",5,17,100,139.0
10109817PEREIRAB_2025-04-22_G15,10109817PEREIRAB,2025-04-22,117862,1,2,0,82.0
10109817PEREIRAB_2025-04-22_G16,10109817PEREIRAB,2025-04-22,"117808, 118299, 110371, 117820, 110372",5,10,96,53.0
10109817PEREIRAB_2025-04-22_G17,10109817PEREIRAB,2025-04-22,"117830, 110373",2,8,26,35.0
10109817PEREIRAB_2025-04-22_G18,10109817PEREIRAB,2025-04-22,111532,1,12,0,441.0
10109817PEREIRAB_2025-04-22_G19,10109817PEREIRAB,2025-04-22,109747,1,4,0,542.0
10109817PEREIRAB_2025-04-22_G20,10109817PEREIRAB,2025-04-22,117808,1,550,0,1495.0
10109817PEREIRAB_2025-04-22_G21,10109817PEREIRAB,2025-04-22,111418,1,4,0,317.0
10109817PEREIRAB_2025-04-22_G22,10109817PEREIRAB,2025-04-22,118140,1,1,0,61.0
10109817PEREIRAB_2025-04-22_G23,10109817PEREIRAB,2025-04-22,110745,1,4,0,36.0
10109817PEREIRAB_2025-04-22_G24,10109817PEREIRAB,2025-04-22,117808,1,2,0,64.0
10109817PEREIRAB_2025-04-22_G25,10109817PEREIRAB,2025-04-22,118299,1,2,0,40.0
10109817PEREIRAB_2025-04-22_G26,10109817PEREIRAB,2025-04-22,117856,1,1,0,159.0
10109817PEREIRAB_2025-04-22_G27,10109817PEREIRAB,2025-04-22,117821,1,5,0,60.0
10109817PEREIRAB_2025-04-22_G28,10109817PEREIRAB,2025-04-22,118004,1,4,0,47.0
10109817PEREIRAB_2025-04-22_G29,10109817PEREIRAB,2025-04-22,117785,1,11,0,32.0
10109817PEREIRAB_2025-04-22_G30,10109817PEREIRAB,2025-04-22,118140,1,1,0,37.0
10109817PEREIRAB_2025-04-22_G31,10109817PEREIRAB,2025-04-22,117808,1,52,0,109.0
10109817PEREIRAB_2025-04-22_G32,10109817PEREIRAB,2025-04-22,"118299, 117820",2,15,29,37.0
10109817PEREIRAB_2025-04-22_G33,10109817PEREIRAB,2025-04-22,110372,1,5,0,103.0
10109817PEREIRAB_2025-04-22_G34,10109817PEREIRAB,2025-04-22,118299,1,75,0,976.0
10109817PEREIRAB_2025-04-22_G35,10109817PEREIRAB,2025-04-22,117820,1,2,0,121.0
10109817PEREIRAB_2025-04-22_G36,10109817PEREIRAB,2025-04-22,110373,1,3,0,141.0
10109817PEREIRAB_2025-04-22_G38,10109817PEREIRAB,2025-04-22,109643,1,222,0,605.0
10109817PEREIRAB_2025-04-22_G39,10109817PEREIRAB,2025-04-22,110756,1,36,0,2974.0
10109817PEREIRAB_2025-04-23_G02,10109817PEREIRAB,2025-04-23,111530,1,4,0,176.0
10109817PEREIRAB_2025-04-23_G03,10109817PEREIRAB,2025-04-23,111569,1,5,0,534.0
10109817PEREIRAB_2025-04-23_G04,10109817PEREIRAB,2025-04-23,111438,1,1,0,183.0
10109817PEREIRAB_2025-04-23_G05,10109817PEREIRAB,2025-04-23,111530,1,5,0,214.0
10109817PEREIRAB_2025-04-23_G06,10109817PEREIRAB,2025-04-23,110515,1,1,0,159.0
10109817PEREIRAB_2025-04-23_G07,10109817PEREIRAB,2025-04-23,109640,1,1,0,133.0
10109817PEREIRAB_2025-04-23_G08,10109817PEREIRAB,2025-04-23,118140,1,12,0,2089.0
10109817PEREIRAB_2025-04-23_G09,10109817PEREIRAB,2025-04-23,110787,1,8,0,446.0
10109817PEREIRAB_2025-04-23_G10,10109817PEREIRAB,2025-04-23,117861,1,4,0,784.0
10109817PEREIRAB_2025-04-23_G11,10109817PEREIRAB,2025-04-23,117855,1,4,0,201.0
10109817PEREIRAB_2025-04-23_G12,10109817PEREIRAB,2025-04-23,117856,1,1,0,116.0
10109817PEREIRAB_2025-04-23_G13,10109817PEREIRAB,2025-04-23,108772,1,6,0,186.0
10109817PEREIRAB_2025-04-23_G15,10109817PEREIRAB,2025-04-23,110747,1,4,0,245.0
10109817PEREIRAB_2025-04-23_G16,10109817PEREIRAB,2025-04-23,111850,1,2,0,112.0
10109817PEREIRAB_2025-04-23_G17,10109817PEREIRAB,2025-04-23,118222,1,4,0,233.0
10109817PEREIRAB_2025-04-23_G18,10109817PEREIRAB,2025-04-23,118416,1,4,0,522.0
10109817PEREIRAB_2025-04-23_G19,10109817PEREIRAB,2025-04-23,111876,1,4,0,274.0
10109817PEREIRAB_2025-04-23_G20,10109817PEREIRAB,2025-04-23,110733,1,2,0,158.0
10109817PEREIRAB_2025-04-23_G21,10109817PEREIRAB,2025-04-23,117855,1,4,0,352.0
10109817PEREIRAB_2025-04-23_G22,10109817PEREIRAB,2025-04-23,117856,1,4,0,216.0
10109817PEREIRAB_2025-04-23_G23,10109817PEREIRAB,2025-04-23,111602,1,8,0,201.0
10109817PEREIRAB_2025-04-23_G24,10109817PEREIRAB,2025-04-23,111469,1,3,0,352.0
10109817PEREIRAB_2025-04-23_G25,10109817PEREIRAB,2025-04-23,108795,1,4,0,135.0
10109817PEREIRAB_2025-04-23_G26,10109817PEREIRAB,2025-04-23,105705,1,2,0,135.0
10109817PEREIRAB_2025-04-23_G27,10109817PEREIRAB,2025-04-23,111463,1,5,0,123.0
10109817PEREIRAB_2025-04-23_G28,10109817PEREIRAB,2025-04-23,111466,1,4,0,61.0
10109817PEREIRAB_2025-04-23_G29,10109817PEREIRAB,2025-04-23,140922,1,2,0,90.0
10109817PEREIRAB_2025-04-23_G30,10109817PEREIRAB,2025-04-23,108794,1,8,0,308.0
10109817PEREIRAB_2025-04-23_G31,10109817PEREIRAB,2025-04-23,111462,1,8,0,231.0
10109817PEREIRAB_2025-04-23_G32,10109817PEREIRAB,2025-04-23,109645,1,2,0,273.0
10109817PEREIRAB_2025-04-23_G33,10109817PEREIRAB,2025-04-23,111348,1,4,0,73.0
10109817PEREIRAB_2025-04-23_G34,10109817PEREIRAB,2025-04-23,110787,1,2,0,104.0
10109817PEREIRAB_2025-04-23_G35,10109817PEREIRAB,2025-04-23,118416,1,14,0,610.0
10109817PEREIRAB_2025-04-23_G36,10109817PEREIRAB,2025-04-23,110752,1,5,0,112.0
10109817PEREIRAB_2025-04-23_G37,10109817PEREIRAB,2025-04-23,117862,1,40,0,1230.0
10109817PEREIRAB_2025-04-23_G38,10109817PEREIRAB,2025-04-23,111876,1,18,0,517.0
10109817PEREIRAB_2025-04-23_G39,10109817PEREIRAB,2025-04-23,110339,1,28,0,61.0
10109817PEREIRAB_2025-04-23_G40,10109817PEREIRAB,2025-04-23,110756,1,35,0,48.0
10109817PEREIRAB_2025-04-23_G41,10109817PEREIRAB,2025-04-23,110733,1,3,0,41.0
10109817PEREIRAB_2025-04-23_G42,10109817PEREIRAB,2025-04-23,110581,1,2,0,31.0
10109817PEREIRAB_2025-04-23_G43,10109817PEREIRAB,2025-04-23,118403,1,25,0,75.0
10109817PEREIRAB_2025-04-23_G44,10109817PEREIRAB,2025-04-23,111879,1,39,0,706.0
10109817PEREIRAB_2025-04-23_G45,10109817PEREIRAB,2025-04-23,108361,1,8,0,203.0
10109817PEREIRAB_2025-04-23_G46,10109817PEREIRAB,2025-04-23,117837,1,39,0,652.0
10109817PEREIRAB_2025-04-24_G02,10109817PEREIRAB,2025-04-24,118253,1,4,0,1215.0
10109817PEREIRAB_2025-04-24_G03,10109817PEREIRAB,2025-04-24,110841,1,1,0,262.0
10109817PEREIRAB_2025-04-24_G04,10109817PEREIRAB,2025-04-24,110841,1,3,0,48.0
10109817PEREIRAB_2025-04-24_G05,10109817PEREIRAB,2025-04-24,111438,1,3,0,174.0
10109817PEREIRAB_2025-04-24_G06,10109817PEREIRAB,2025-04-24,114097,1,4,0,283.0
10109817PEREIRAB_2025-04-24_G07,10109817PEREIRAB,2025-04-24,118250,1,4,0,300.0
10109817PEREIRAB_2025-04-24_G08,10109817PEREIRAB,2025-04-24,115234,1,4,0,259.0
10109817PEREIRAB_2025-04-24_G09,10109817PEREIRAB,2025-04-24,141047,1,4,0,539.0
10109817PEREIRAB_2025-04-24_G10,10109817PEREIRAB,2025-04-24,110339,1,10,0,444.0
10109817PEREIRAB_2025-04-24_G11,10109817PEREIRAB,2025-04-24,117861,1,10,0,485.0
10109817PEREIRAB_2025-04-24_G12,10109817PEREIRAB,2025-04-24,117855,1,20,0,522.0
10109817PEREIRAB_2025-04-24_G13,10109817PEREIRAB,2025-04-24,111467,1,4,0,174.0
10109817PEREIRAB_2025-04-24_G14,10109817PEREIRAB,2025-04-24,117854,1,11,0,520.0
10109817PEREIRAB_2025-04-25_G02,10109817PEREIRAB,2025-04-25,117821,1,2,0,104.0
10109817PEREIRAB_2025-04-25_G03,10109817PEREIRAB,2025-04-25,111444,1,4,0,168.0
10109817PEREIRAB_2025-04-25_G04,10109817PEREIRAB,2025-04-25,111462,1,2,0,192.0
10109817PEREIRAB_2025-04-25_G05,10109817PEREIRAB,2025-04-25,110740,1,2,0,224.0
10109817PEREIRAB_2025-04-25_G06,10109817PEREIRAB,2025-04-25,111438,1,4,0,228.0
10109817PEREIRAB_2025-04-25_G07,10109817PEREIRAB,2025-04-25,117862,1,2,0,156.0
10109817PEREIRAB_2025-04-25_G08,10109817PEREIRAB,2025-04-25,107629,1,3,0,151.0
10109817PEREIRAB_2025-04-25_G09,10109817PEREIRAB,2025-04-25,110752,1,1,0,182.0
10109817PEREIRAB_2025-04-25_G10,10109817PEREIRAB,2025-04-25,117856,1,2,0,62.0
10109817PEREIRAB_2025-04-25_G11,10109817PEREIRAB,2025-04-25,109640,1,4,0,214.0
10109817PEREIRAB_2025-04-25_G12,10109817PEREIRAB,2025-04-25,117788,1,4,0,190.0
10109817PEREIRAB_2025-04-25_G13,10109817PEREIRAB,2025-04-25,110711,1,1,0,59.0
10109817PEREIRAB_2025-04-25_G14,10109817PEREIRAB,2025-04-25,117831,1,1,0,181.0
10109817PEREIRAB_2025-04-25_G15,10109817PEREIRAB,2025-04-25,111463,1,3,0,188.0
10109817PEREIRAB_2025-04-25_G16,10109817PEREIRAB,2025-04-25,117785,1,6,0,471.0
10109817PEREIRAB_2025-04-25_G17,10109817PEREIRAB,2025-04-25,109641,1,2,0,239.0
10109817PEREIRAB_2025-04-25_G18,10109817PEREIRAB,2025-04-25,111418,1,2,0,57.0
10109817PEREIRAB_2025-04-25_G19,10109817PEREIRAB,2025-04-25,111444,1,2,0,73.0
10109817PEREIRAB_2025-04-25_G20,10109817PEREIRAB,2025-04-25,110740,1,6,0,134.0
10109817PEREIRAB_2025-04-25_G21,10109817PEREIRAB,2025-04-25,111465,1,4,0,122.0
10109817PEREIRAB_2025-04-25_G22,10109817PEREIRAB,2025-04-25,117820,1,5,0,148.0
10109817PEREIRAB_2025-04-25_G23,10109817PEREIRAB,2025-04-25,118299,1,3,0,149.0
10109817PEREIRAB_2025-04-25_G24,10109817PEREIRAB,2025-04-25,110372,1,7,0,226.0
10109817PEREIRAB_2025-04-25_G25,10109817PEREIRAB,2025-04-25,110375,1,4,0,145.0
10109817PEREIRAB_2025-04-25_G26,10109817PEREIRAB,2025-04-25,117808,1,13,0,229.0
10109817PEREIRAB_2025-04-25_G27,10109817PEREIRAB,2025-04-25,109640,1,4,0,612.0
10109817PEREIRAB_2025-04-25_G28,10109817PEREIRAB,2025-04-25,110373,1,24,0,359.0
10109817PEREIRAB_2025-04-25_G29,10109817PEREIRAB,2025-04-25,111444,1,4,0,357.0
10109817PEREIRAB_2025-04-25_G30,10109817PEREIRAB,2025-04-25,111444,1,4,0,138.0
10109817PEREIRAB_2025-04-25_G31,10109817PEREIRAB,2025-04-25,111530,1,7,0,664.0
10109817PEREIRAB_2025-04-25_G32,10109817PEREIRAB,2025-04-25,109640,1,4,0,248.0
10109817PEREIRAB_2025-04-25_G33,10109817PEREIRAB,2025-04-25,140911,1,2,0,1007.0
10109817PEREIRAB_2025-04-25_G34,10109817PEREIRAB,2025-04-25,140911,1,8,0,216.0
10109817PEREIRAB_2025-04-26_G02,10109817PEREIRAB,2025-04-26,111182,1,20,0,587.0
10109817PEREIRAB_2025-04-26_G03,10109817PEREIRAB,2025-04-26,160055,1,8,0,314.0
10109817PEREIRAB_2025-04-26_G04,10109817PEREIRAB,2025-04-26,110129,1,40,0,692.0
10109817PEREIRAB_2025-04-26_G05,10109817PEREIRAB,2025-04-26,111602,1,27,0,1233.0
10109817PEREIRAB_2025-04-26_G06,10109817PEREIRAB,2025-04-26,111462,1,140,0,1225.0
10109817PEREIRAB_2025-04-26_G07,10109817PEREIRAB,2025-04-26,117785,1,425,0,1901.0
10109817PEREIRAB_2025-05-06_G02,10109817PEREIRAB,2025-05-06,110325,1,2,0,35.0
10109817PEREIRAB_2025-05-06_G03,10109817PEREIRAB,2025-05-06,117820,1,11,0,654.0
10109817PEREIRAB_2025-05-06_G04,10109817PEREIRAB,2025-05-06,118299,1,50,0,511.0
10109817PEREIRAB_2025-05-06_G05,10109817PEREIRAB,2025-05-06,110373,1,16,0,273.0
10109817PEREIRAB_2025-05-06_G06,10109817PEREIRAB,2025-05-06,110373,1,14,0,169.0
10109817PEREIRAB_2025-05-06_G07,10109817PEREIRAB,2025-05-06,110373,1,8,0,739.0
10109817PEREIRAB_2025-05-06_G08,10109817PEREIRAB,2025-05-06,110374,1,15,0,212.0
10109817PEREIRAB_2025-05-06_G09,10109817PEREIRAB,2025-05-06,110372,1,40,0,465.0
10109817PEREIRAB_2025-05-06_G10,10109817PEREIRAB,2025-05-06,110372,1,40,0,877.0
10109817PEREIRAB_2025-05-06_G11,10109817PEREIRAB,2025-05-06,110376,1,3,0,79.0
10109817PEREIRAB_2025-05-06_G12,10109817PEREIRAB,2025-05-06,110376,1,1,0,38.0
10109817PEREIRAB_2025-05-06_G13,10109817PEREIRAB,2025-05-06,117832,1,10,0,230.0
10109817PEREIRAB_2025-05-06_G14,10109817PEREIRAB,2025-05-06,117832,1,12,0,113.0
10109817PEREIRAB_2025-05-06_G15,10109817PEREIRAB,2025-05-06,110375,1,2,0,99.0
10109817PEREIRAB_2025-05-06_G16,10109817PEREIRAB,2025-05-06,110371,1,8,0,368.0
10109817PEREIRAB_2025-05-06_G17,10109817PEREIRAB,2025-05-06,117808,1,10,0,105.0
10109817PEREIRAB_2025-05-06_G18,10109817PEREIRAB,2025-05-06,117808,1,50,0,873.0
10109817PEREIRAB_2025-05-06_G19,10109817PEREIRAB,2025-05-06,117809,1,10,0,101.0
10109817PEREIRAB_2025-05-06_G20,10109817PEREIRAB,2025-05-06,117809,1,14,0,111.0
10109817PEREIRAB_2025-05-07_G02,10109817PEREIRAB,2025-05-07,117821,1,8,0,943.0
10109817PEREIRAB_2025-05-07_G03,10109817PEREIRAB,2025-05-07,110711,1,7,0,2996.0
10109817PEREIRAB_2025-05-07_G04,10109817PEREIRAB,2025-05-07,111569,1,2,0,355.0
10109817PEREIRAB_2025-05-07_G05,10109817PEREIRAB,2025-05-07,118222,1,6,0,722.0
10109817PEREIRAB_2025-05-07_G06,10109817PEREIRAB,2025-05-07,111441,1,8,0,756.0
10109817PEREIRAB_2025-05-07_G07,10109817PEREIRAB,2025-05-07,108770,1,3,0,635.0
10109817PEREIRAB_2025-05-07_G08,10109817PEREIRAB,2025-05-07,111569,1,24,0,975.0
10109817PEREIRAB_2025-05-07_G09,10109817PEREIRAB,2025-05-07,111438,1,15,0,557.0
10109817PEREIRAB_2025-05-07_G10,10109817PEREIRAB,2025-05-07,118222,1,20,0,643.0
10109817PEREIRAB_2025-05-07_G11,10109817PEREIRAB,2025-05-07,110895,1,2,0,129.0
10109817PEREIRAB_2025-05-07_G12,10109817PEREIRAB,2025-05-07,111530,1,5,0,244.0
10109817PEREIRAB_2025-05-07_G13,10109817PEREIRAB,2025-05-07,117855,1,3,0,117.0
10109817PEREIRAB_2025-05-07_G14,10109817PEREIRAB,2025-05-07,117856,1,2,0,65.0
10109817PEREIRAB_2025-05-07_G15,10109817PEREIRAB,2025-05-07,111602,1,6,0,116.0
10109817PEREIRAB_2025-05-07_G16,10109817PEREIRAB,2025-05-07,118299,1,9,0,247.0
10109817PEREIRAB_2025-05-07_G17,10109817PEREIRAB,2025-05-07,110373,1,5,0,71.0
10109817PEREIRAB_2025-05-07_G18,10109817PEREIRAB,2025-05-07,110374,1,4,0,85.0
10109817PEREIRAB_2025-05-07_G19,10109817PEREIRAB,2025-05-07,110371,1,5,0,125.0
10109817PEREIRAB_2025-05-07_G20,10109817PEREIRAB,2025-05-07,117808,1,19,0,132.0
10109817PEREIRAB_2025-05-07_G21,10109817PEREIRAB,2025-05-07,110740,1,8,0,457.0
10109817PEREIRAB_2025-05-07_G22,10109817PEREIRAB,2025-05-07,111463,1,3,0,119.0
10109817PEREIRAB_2025-05-07_G23,10109817PEREIRAB,2025-05-07,111466,1,14,0,144.0
10109817PEREIRAB_2025-05-07_G24,10109817PEREIRAB,2025-05-07,111532,1,8,0,110.0
10109817PEREIRAB_2025-05-07_G25,10109817PEREIRAB,2025-05-07,140922,1,8,0,84.0
10109817PEREIRAB_2025-05-07_G26,10109817PEREIRAB,2025-05-07,111418,1,15,0,194.0
10109817PEREIRAB_2025-05-07_G27,10109817PEREIRAB,2025-05-07,118140,1,5,0,104.0
10109817PEREIRAB_2025-05-07_G29,10109817PEREIRAB,2025-05-07,117935,1,33,0,614.0
10109817PEREIRAB_2025-05-07_G30,10109817PEREIRAB,2025-05-07,110752,1,33,0,592.0
10109817PEREIRAB_2025-05-08_G02,10109817PEREIRAB,2025-05-08,117820,1,10,0,198.0
10109817PEREIRAB_2025-05-08_G03,10109817PEREIRAB,2025-05-08,118299,1,33,0,817.0
10109817PEREIRAB_2025-05-08_G04,10109817PEREIRAB,2025-05-08,110373,1,25,0,757.0
10109817PEREIRAB_2025-05-08_G05,10109817PEREIRAB,2025-05-08,110373,1,7,0,59.0
10109817PEREIRAB_2025-05-08_G06,10109817PEREIRAB,2025-05-08,110374,1,22,0,552.0
10109817PEREIRAB_2025-05-08_G07,10109817PEREIRAB,2025-05-08,110372,1,52,0,492.0
10109817PEREIRAB_2025-05-08_G08,10109817PEREIRAB,2025-05-08,110372,1,22,0,276.0
10109817PEREIRAB_2025-05-08_G09,10109817PEREIRAB,2025-05-08,117822,1,6,0,318.0
10109817PEREIRAB_2025-05-08_G10,10109817PEREIRAB,2025-05-08,117832,1,2,0,132.0
10109817PEREIRAB_2025-05-08_G11,10109817PEREIRAB,2025-05-08,117832,1,3,0,92.0
10109817PEREIRAB_2025-05-08_G12,10109817PEREIRAB,2025-05-08,110372,1,17,0,913.0
10109817PEREIRAB_2025-05-08_G13,10109817PEREIRAB,2025-05-08,110371,1,5,0,204.0
10109817PEREIRAB_2025-05-08_G14,10109817PEREIRAB,2025-05-08,110371,1,4,0,64.0
10109817PEREIRAB_2025-05-08_G15,10109817PEREIRAB,2025-05-08,117808,1,40,0,426.0
10109817PEREIRAB_2025-05-08_G16,10109817PEREIRAB,2025-05-08,117808,1,17,0,740.0
10109817PEREIRAB_2025-05-08_G17,10109817PEREIRAB,2025-05-08,109643,1,3,0,129.0
10109817PEREIRAB_2025-05-08_G18,10109817PEREIRAB,2025-05-08,111469,1,23,0,843.0
10109817PEREIRAB_2025-05-08_G19,10109817PEREIRAB,2025-05-08,117821,1,4,0,35.0
10109817PEREIRAB_2025-05-08_G20,10109817PEREIRAB,2025-05-08,111462,1,5,0,220.0
10109817PEREIRAB_2025-05-08_G21,10109817PEREIRAB,2025-05-08,111462,1,11,0,168.0
10109817PEREIRAB_2025-05-08_G22,10109817PEREIRAB,2025-05-08,111462,1,3,0,37.0
10109817PEREIRAB_2025-05-08_G23,10109817PEREIRAB,2025-05-08,117785,1,5,0,154.0
10109817PEREIRAB_2025-05-08_G24,10109817PEREIRAB,2025-05-08,118004,1,2,0,168.0
10109817PEREIRAB_2025-05-08_G25,10109817PEREIRAB,2025-05-08,118004,1,2,0,41.0
10109817PEREIRAB_2025-05-08_G26,10109817PEREIRAB,2025-05-08,111433,1,6,0,194.0
10109817PEREIRAB_2025-05-08_G27,10109817PEREIRAB,2025-05-08,117787,1,6,0,104.0
10109817PEREIRAB_2025-05-08_G28,10109817PEREIRAB,2025-05-08,111182,1,3,0,61.0
10109817PEREIRAB_2025-05-08_G29,10109817PEREIRAB,2025-05-08,111182,1,2,0,48.0
10109817PEREIRAB_2025-05-08_G30,10109817PEREIRAB,2025-05-08,108711,1,2,0,54.0
10109817PEREIRAB_2025-05-08_G31,10109817PEREIRAB,2025-05-08,105705,1,2,0,390.0
10109817PEREIRAB_2025-05-08_G32,10109817PEREIRAB,2025-05-08,111466,1,27,0,549.0
10109817PEREIRAB_2025-05-08_G33,10109817PEREIRAB,2025-05-08,140922,1,4,0,235.0
10109817PEREIRAB_2025-05-08_G34,10109817PEREIRAB,2025-05-08,111418,1,39,0,776.0
10109817PEREIRAB_2025-05-08_G35,10109817PEREIRAB,2025-05-08,117831,1,5,0,246.0
10109817PEREIRAB_2025-05-08_G37,10109817PEREIRAB,2025-05-08,109647,1,2,0,663.0
10109817PEREIRAB_2025-05-08_G38,10109817PEREIRAB,2025-05-08,109640,1,2,0,491.0
10109817PEREIRAB_2025-05-08_G39,10109817PEREIRAB,2025-05-08,117808,1,100,0,961.0
10109817PEREIRAB_2025-05-08_G40,10109817PEREIRAB,2025-05-08,117834,1,2,0,3308.0
10109817PEREIRAB_2025-05-08_G41,10109817PEREIRAB,2025-05-08,110754,1,1,0,818.0
10109817PEREIRAB_2025-05-08_G42,10109817PEREIRAB,2025-05-08,111569,1,2,0,112.0
10109817PEREIRAB_2025-05-08_G43,10109817PEREIRAB,2025-05-08,111120,1,2,0,99.0
10109817PEREIRAB_2025-05-08_G44,10109817PEREIRAB,2025-05-08,141047,1,2,0,152.0
10109817PEREIRAB_2025-05-08_G45,10109817PEREIRAB,2025-05-08,117862,1,1,0,142.0
10109817PEREIRAB_2025-05-08_G46,10109817PEREIRAB,2025-05-08,111467,1,3,0,463.0
10109817PEREIRAB_2025-05-08_G47,10109817PEREIRAB,2025-05-08,110515,1,2,0,188.0
10109817PEREIRAB_2025-05-08_G48,10109817PEREIRAB,2025-05-08,110373,1,13,0,266.0
10109817PEREIRAB_2025-05-08_G49,10109817PEREIRAB,2025-05-08,110374,1,4,0,81.0
10109817PEREIRAB_2025-05-08_G50,10109817PEREIRAB,2025-05-08,110372,1,20,0,319.0
10109817PEREIRAB_2025-05-08_G51,10109817PEREIRAB,2025-05-08,110371,1,4,0,152.0
10109817PEREIRAB_2025-05-08_G52,10109817PEREIRAB,2025-05-08,117808,1,5,0,88.0
10109817PEREIRAB_2025-05-08_G53,10109817PEREIRAB,2025-05-08,117809,1,2,0,31.0
10109817PEREIRAB_2025-05-09_G02,10109817PEREIRAB,2025-05-09,111418,1,150,0,657.0
10109817PEREIRAB_2025-05-09_G03,10109817PEREIRAB,2025-05-09,110372,1,150,0,1613.0
10109817PEREIRAB_2025-05-09_G04,10109817PEREIRAB,2025-05-09,117808,1,600,0,1298.0
10109817PEREIRAB_2025-05-10_G03,10109817PEREIRAB,2025-05-10,118299,1,450,0,1633.0
10109817PEREIRAB_2025-05-10_G04,10109817PEREIRAB,2025-05-10,110373,1,40,0,655.0
10109817PEREIRAB_2025-05-10_G05,10109817PEREIRAB,2025-05-10,110374,1,30,0,548.0
10109817PEREIRAB_2025-05-10_G06,10109817PEREIRAB,2025-05-10,117822,1,50,0,1125.0
10109817PEREIRAB_2025-05-10_G08,10109817PEREIRAB,2025-05-10,117832,1,12,0,145.0
10109817PEREIRAB_2025-05-10_G09,10109817PEREIRAB,2025-05-10,141202,1,34,0,336.0
10109817PEREIRAB_2025-05-10_G10,10109817PEREIRAB,2025-05-10,141202,1,24,0,928.0
10109817PEREIRAB_2025-05-10_G11,10109817PEREIRAB,2025-05-10,117809,1,73,0,1036.0
10109817PEREIRAB_2025-05-12_G02,10109817PEREIRAB,2025-05-12,117835,1,6,0,348.0
10109817PEREIRAB_2025-05-12_G03,10109817PEREIRAB,2025-05-12,110895,1,20,0,670.0
10109817PEREIRAB_2025-05-12_G04,10109817PEREIRAB,2025-05-12,110711,1,20,0,321.0
10109817PEREIRAB_2025-05-12_G05,10109817PEREIRAB,2025-05-12,111469,1,60,0,750.0
10109817PEREIRAB_2025-05-12_G06,10109817PEREIRAB,2025-05-12,118140,1,60,0,1027.0
10109817PEREIRAB_2025-05-12_G07,10109817PEREIRAB,2025-05-12,117821,1,30,0,331.0
10109817PEREIRAB_2025-05-12_G08,10109817PEREIRAB,2025-05-12,111463,1,20,0,225.0
10109817PEREIRAB_2025-05-12_G09,10109817PEREIRAB,2025-05-12,117785,1,30,0,437.0
10109817PEREIRAB_2025-05-12_G10,10109817PEREIRAB,2025-05-12,111418,1,60,0,709.0
10109817PEREIRAB_2025-05-12_G11,10109817PEREIRAB,2025-05-12,117831,1,40,0,691.0
10109817PEREIRAB_2025-05-12_G12,10109817PEREIRAB,2025-05-12,109645,1,12,0,296.0
10109817PEREIRAB_2025-05-12_G13,10109817PEREIRAB,2025-05-12,118317,1,12,0,112.0
10109817PEREIRAB_2025-05-12_G14,10109817PEREIRAB,2025-05-12,111442,1,10,0,143.0
10109817PEREIRAB_2025-05-12_G15,10109817PEREIRAB,2025-05-12,111465,1,20,0,508.0
10109817PEREIRAB_2025-05-12_G16,10109817PEREIRAB,2025-05-12,117820,1,40,0,350.0
10109817PEREIRAB_2025-05-12_G17,10109817PEREIRAB,2025-05-12,118299,1,100,0,340.0
10109817PEREIRAB_2025-05-12_G18,10109817PEREIRAB,2025-05-12,110373,1,100,0,1829.0
10109817PEREIRAB_2025-05-12_G19,10109817PEREIRAB,2025-05-12,117840,1,8,0,515.0
10109817PEREIRAB_2025-05-12_G20,10109817PEREIRAB,2025-05-12,110371,1,80,0,613.0
10109817PEREIRAB_2025-05-12_G21,10109817PEREIRAB,2025-05-12,117808,1,600,0,1528.0
10109817PEREIRAB_2025-05-12_G23,10109817PEREIRAB,2025-05-12,111530,1,20,0,1401.0
10109817PEREIRAB_2025-05-12_G24,10109817PEREIRAB,2025-05-12,111430,1,2,0,600.0
10109817PEREIRAB_2025-05-12_G25,10109817PEREIRAB,2025-05-12,111430,1,2,0,3411.0
10109817PEREIRAB_2025-05-12_G26,10109817PEREIRAB,2025-05-12,100334,1,2,0,71.0
10109817PEREIRAB_2025-05-12_G27,10109817PEREIRAB,2025-05-12,110755,1,20,0,197.0
10109817PEREIRAB_2025-05-12_G28,10109817PEREIRAB,2025-05-12,118306,1,3,0,232.0
10109817PEREIRAB_2025-05-12_G29,10109817PEREIRAB,2025-05-12,117820,1,18,0,858.0
10109817PEREIRAB_2025-05-12_G30,10109817PEREIRAB,2025-05-12,110373,1,18,0,239.0
10109817PEREIRAB_2025-05-12_G31,10109817PEREIRAB,2025-05-12,110372,2,41,10,463.0
10109817PEREIRAB_2025-05-12_G32,10109817PEREIRAB,2025-05-12,110371,1,2,0,124.0
10109817PEREIRAB_2025-05-12_G33,10109817PEREIRAB,2025-05-12,109643,1,10,0,197.0
10109817PEREIRAB_2025-05-13_G02,10109817PEREIRAB,2025-05-13,110895,1,25,0,854.0
10109817PEREIRAB_2025-05-13_G03,10109817PEREIRAB,2025-05-13,141047,1,12,0,676.0
10109817PEREIRAB_2025-05-13_G04,10109817PEREIRAB,2025-05-13,117837,1,5,0,232.0
10109817PEREIRAB_2025-05-13_G05,10109817PEREIRAB,2025-05-13,110581,1,2,0,135.0
10109817PEREIRAB_2025-05-13_G06,10109817PEREIRAB,2025-05-13,110753,1,8,0,231.0
10109817PEREIRAB_2025-05-13_G07,10109817PEREIRAB,2025-05-13,111437,1,20,0,372.0
10109817PEREIRAB_2025-05-13_G08,10109817PEREIRAB,2025-05-13,110752,2,7,8,890.0
10109817PEREIRAB_2025-05-13_G09,10109817PEREIRAB,2025-05-13,117853,1,5,0,168.0
10109817PEREIRAB_2025-05-13_G10,10109817PEREIRAB,2025-05-13,105242,1,7,0,173.0
10109817PEREIRAB_2025-05-13_G11,10109817PEREIRAB,2025-05-13,117855,1,13,0,279.0
10109817PEREIRAB_2025-05-13_G12,10109817PEREIRAB,2025-05-13,111466,1,8,0,210.0
10109817PEREIRAB_2025-05-13_G13,10109817PEREIRAB,2025-05-13,111433,1,25,0,698.0
10109817PEREIRAB_2025-05-13_G14,10109817PEREIRAB,2025-05-13,105705,1,10,0,267.0
10109817PEREIRAB_2025-05-13_G15,10109817PEREIRAB,2025-05-13,111330,1,16,0,646.0
10109817PEREIRAB_2025-05-13_G16,10109817PEREIRAB,2025-05-13,111444,1,6,0,705.0
10109817PEREIRAB_2025-05-13_G17,10109817PEREIRAB,2025-05-13,111443,1,12,0,576.0
10109817PEREIRAB_2025-05-13_G18,10109817PEREIRAB,2025-05-13,118222,1,4,0,2887.0
10109817PEREIRAB_2025-05-13_G19,10109817PEREIRAB,2025-05-13,110515,1,15,0,160.0
10109817PEREIRAB_2025-05-13_G20,10109817PEREIRAB,2025-05-13,117855,1,4,0,78.0
10109817PEREIRAB_2025-05-13_G21,10109817PEREIRAB,2025-05-13,117853,1,4,0,82.0
10109817PEREIRAB_2025-05-13_G22,10109817PEREIRAB,2025-05-13,118140,1,3,0,140.0
10109817PEREIRAB_2025-05-13_G23,10109817PEREIRAB,2025-05-13,111532,1,8,0,167.0
10109817PEREIRAB_2025-05-13_G24,10109817PEREIRAB,2025-05-13,118299,1,6,0,201.0
10109817PEREIRAB_2025-05-13_G25,10109817PEREIRAB,2025-05-13,117820,1,4,0,115.0
10109817PEREIRAB_2025-05-13_G26,10109817PEREIRAB,2025-05-13,110373,1,6,0,152.0
10109817PEREIRAB_2025-05-13_G27,10109817PEREIRAB,2025-05-13,110372,1,15,0,271.0
10109817PEREIRAB_2025-05-13_G29,10109817PEREIRAB,2025-05-13,110515,1,15,0,519.0
10109817PEREIRAB_2025-05-13_G30,10109817PEREIRAB,2025-05-13,111467,1,4,0,120.0
10109817PEREIRAB_2025-05-13_G31,10109817PEREIRAB,2025-05-13,111443,1,6,0,287.0
10109817PEREIRAB_2025-05-13_G32,10109817PEREIRAB,2025-05-13,111468,1,10,0,217.0
10109817PEREIRAB_2025-05-13_G33,10109817PEREIRAB,2025-05-13,111435,1,10,0,319.0
10109817PEREIRAB_2025-05-13_G34,10109817PEREIRAB,2025-05-13,110743,1,4,0,91.0
10109817PEREIRAB_2025-05-13_G35,10109817PEREIRAB,2025-05-13,111469,1,2,0,734.0
10109817PEREIRAB_2025-05-13_G36,10109817PEREIRAB,2025-05-13,111469,1,13,0,90.0
10109817PEREIRAB_2025-05-13_G37,10109817PEREIRAB,2025-05-13,140922,1,5,0,64.0
10109817PEREIRAB_2025-05-13_G38,10109817PEREIRAB,2025-05-13,111463,1,13,0,169.0
10109817PEREIRAB_2025-05-13_G39,10109817PEREIRAB,2025-05-13,111466,1,2,0,53.0
10109817PEREIRAB_2025-05-13_G40,10109817PEREIRAB,2025-05-13,118140,1,7,0,79.0
10109817PEREIRAB_2025-05-13_G41,10109817PEREIRAB,2025-05-13,108798,1,8,0,109.0
10109817PEREIRAB_2025-05-13_G42,10109817PEREIRAB,2025-05-13,111330,1,6,0,323.0
10109817PEREIRAB_2025-05-13_G43,10109817PEREIRAB,2025-05-13,110787,1,1,0,93.0
10109817PEREIRAB_2025-05-13_G44,10109817PEREIRAB,2025-05-13,110325,1,10,0,370.0
10109817PEREIRAB_2025-05-13_G45,10109817PEREIRAB,2025-05-13,110325,1,4,0,40.0
10109817PEREIRAB_2025-05-13_G46,10109817PEREIRAB,2025-05-13,117820,1,15,0,341.0
10109817PEREIRAB_2025-05-13_G47,10109817PEREIRAB,2025-05-13,117820,1,3,0,42.0
10109817PEREIRAB_2025-05-13_G48,10109817PEREIRAB,2025-05-13,110373,1,6,0,107.0
10109817PEREIRAB_2025-05-13_G49,10109817PEREIRAB,2025-05-13,118299,1,9,0,327.0
10109817PEREIRAB_2025-05-13_G50,10109817PEREIRAB,2025-05-13,117832,1,10,0,186.0
10109817PEREIRAB_2025-05-13_G51,10109817PEREIRAB,2025-05-13,117830,1,10,0,185.0
10109817PEREIRAB_2025-05-13_G52,10109817PEREIRAB,2025-05-13,110371,1,9,0,131.0
10109817PEREIRAB_2025-05-13_G53,10109817PEREIRAB,2025-05-13,110374,2,35,7,648.0
10109817PEREIRAB_2025-05-13_G54,10109817PEREIRAB,2025-05-13,110755,1,3,0,560.0
10109817PEREIRAB_2025-05-13_G55,10109817PEREIRAB,2025-05-13,110755,1,11,0,166.0
10109817PEREIRAB_2025-05-13_G56,10109817PEREIRAB,2025-05-13,111569,1,4,0,147.0
10109817PEREIRAB_2025-05-13_G57,10109817PEREIRAB,2025-05-13,110743,1,2,0,455.0
10109817PEREIRAB_2025-05-13_G58,10109817PEREIRAB,2025-05-13,118140,1,34,0,415.0
10109817PEREIRAB_2025-05-13_G59,10109817PEREIRAB,2025-05-13,105705,1,2,0,117.0
10109817PEREIRAB_2025-05-13_G60,10109817PEREIRAB,2025-05-13,111469,2,16,7,130.0
10109817PEREIRAB_2025-05-13_G61,10109817PEREIRAB,2025-05-13,110745,1,4,0,102.0
10109817PEREIRAB_2025-05-13_G62,10109817PEREIRAB,2025-05-13,117821,1,8,0,92.0
10109817PEREIRAB_2025-05-13_G63,10109817PEREIRAB,2025-05-13,111463,1,25,0,571.0
10109817PEREIRAB_2025-05-13_G64,10109817PEREIRAB,2025-05-13,111532,1,14,0,131.0
10109817PEREIRAB_2025-05-13_G65,10109817PEREIRAB,2025-05-13,111172,1,7,0,106.0
10109817PEREIRAB_2025-05-13_G66,10109817PEREIRAB,2025-05-13,117785,1,9,0,319.0
10109817PEREIRAB_2025-05-13_G67,10109817PEREIRAB,2025-05-13,111418,1,10,0,158.0
10109817PEREIRAB_2025-05-13_G68,10109817PEREIRAB,2025-05-13,117831,1,14,0,173.0
10109817PEREIRAB_2025-05-14_G02,10109817PEREIRAB,2025-05-14,110092,1,1,0,86.0
10109817PEREIRAB_2025-05-14_G03,10109817PEREIRAB,2025-05-14,117855,1,20,0,380.0
10109817PEREIRAB_2025-05-14_G04,10109817PEREIRAB,2025-05-14,117853,1,16,0,501.0
10109817PEREIRAB_2025-05-14_G05,10109817PEREIRAB,2025-05-14,108711,1,12,0,725.0
10109817PEREIRAB_2025-05-14_G06,10109817PEREIRAB,2025-05-14,111469,1,60,0,888.0
10109817PEREIRAB_2025-05-14_G07,10109817PEREIRAB,2025-05-14,110325,1,20,0,419.0
10109817PEREIRAB_2025-05-14_G08,10109817PEREIRAB,2025-05-14,117842,1,28,0,1274.0
10109817PEREIRAB_2025-05-14_G09,10109817PEREIRAB,2025-05-14,117831,1,40,0,187.0
10109817PEREIRAB_2025-05-14_G10,10109817PEREIRAB,2025-05-14,111353,1,4,0,711.0
10109817PEREIRAB_2025-05-14_G11,10109817PEREIRAB,2025-05-14,110895,1,8,0,2040.0
10109817PEREIRAB_2025-05-14_G12,10109817PEREIRAB,2025-05-14,117862,1,4,0,134.0
10109817PEREIRAB_2025-05-14_G13,10109817PEREIRAB,2025-05-14,111743,1,8,0,245.0
10109817PEREIRAB_2025-05-14_G14,10109817PEREIRAB,2025-05-14,111330,1,1,0,453.0
10109817PEREIRAB_2025-05-14_G15,10109817PEREIRAB,2025-05-14,117785,1,4,0,453.0
10109817PEREIRAB_2025-05-14_G16,10109817PEREIRAB,2025-05-14,118299,1,12,0,490.0
10109817PEREIRAB_2025-05-14_G17,10109817PEREIRAB,2025-05-14,117832,1,2,0,84.0
10109817PEREIRAB_2025-05-14_G18,10109817PEREIRAB,2025-05-14,140922,1,16,0,342.0
10109817PEREIRAB_2025-05-14_G19,10109817PEREIRAB,2025-05-14,111743,1,4,0,404.0
10109817PEREIRAB_2025-05-14_G20,10109817PEREIRAB,2025-05-14,109641,1,2,0,57.0
10109817PEREIRAB_2025-05-14_G21,10109817PEREIRAB,2025-05-14,110375,1,12,0,259.0
10109817PEREIRAB_2025-05-14_G22,10109817PEREIRAB,2025-05-14,110371,1,3,0,171.0
10109817PEREIRAB_2025-05-14_G23,10109817PEREIRAB,2025-05-14,111530,1,10,0,171.0
10109817PEREIRAB_2025-05-14_G24,10109817PEREIRAB,2025-05-14,111532,1,18,0,389.0
10109817PEREIRAB_2025-05-14_G25,10109817PEREIRAB,2025-05-14,108794,1,4,0,103.0
10109817PEREIRAB_2025-05-14_G26,10109817PEREIRAB,2025-05-14,117785,1,4,0,482.0
10109817PEREIRAB_2025-05-14_G27,10109817PEREIRAB,2025-05-14,114092,1,4,0,750.0
10109817PEREIRAB_2025-05-14_G28,10109817PEREIRAB,2025-05-14,118140,1,11,0,349.0
10109817PEREIRAB_2025-05-14_G29,10109817PEREIRAB,2025-05-14,111742,1,8,0,160.0
10109817PEREIRAB_2025-05-14_G31,10109817PEREIRAB,2025-05-14,118222,1,4,0,108.0
10109817PEREIRAB_2025-05-14_G32,10109817PEREIRAB,2025-05-14,117862,1,2,0,644.0
10109817PEREIRAB_2025-05-14_G33,10109817PEREIRAB,2025-05-14,110515,1,6,0,401.0
10109817PEREIRAB_2025-05-14_G34,10109817PEREIRAB,2025-05-14,117855,1,5,0,139.0
10109817PEREIRAB_2025-05-14_G35,10109817PEREIRAB,2025-05-14,111467,1,2,0,117.0
10109817PEREIRAB_2025-05-14_G36,10109817PEREIRAB,2025-05-14,111463,1,5,0,458.0
10109817PEREIRAB_2025-05-14_G37,10109817PEREIRAB,2025-05-14,118140,1,2,0,85.0
10109817PEREIRAB_2025-05-14_G38,10109817PEREIRAB,2025-05-14,111469,1,2,0,79.0
10109817PEREIRAB_2025-05-14_G39,10109817PEREIRAB,2025-05-14,111466,1,6,0,119.0
10109817PEREIRAB_2025-05-14_G40,10109817PEREIRAB,2025-05-14,117785,1,1,0,88.0
10109817PEREIRAB_2025-05-14_G41,10109817PEREIRAB,2025-05-14,111418,1,6,0,124.0
10109817PEREIRAB_2025-05-14_G42,10109817PEREIRAB,2025-05-14,110325,1,1,0,129.0
10109817PEREIRAB_2025-05-14_G43,10109817PEREIRAB,2025-05-14,117808,1,4,0,116.0
10109817PEREIRAB_2025-05-14_G44,10109817PEREIRAB,2025-05-14,110374,1,2,0,100.0
10109817PEREIRAB_2025-05-14_G45,10109817PEREIRAB,2025-05-14,110372,1,4,0,55.0
10109817PEREIRAB_2025-05-14_G46,10109817PEREIRAB,2025-05-14,118299,1,5,0,132.0
10109817PEREIRAB_2025-05-14_G47,10109817PEREIRAB,2025-05-14,117832,1,2,0,79.0
10109817PEREIRAB_2025-05-14_G48,10109817PEREIRAB,2025-05-14,117830,1,2,0,413.0
10109817PEREIRAB_2025-05-14_G49,10109817PEREIRAB,2025-05-14,118290,1,2,0,437.0
10109817PEREIRAB_2025-05-14_G50,10109817PEREIRAB,2025-05-14,111743,1,4,0,119.0
10109817PEREIRAB_2025-05-14_G51,10109817PEREIRAB,2025-05-14,111463,1,20,0,194.0
10109817PEREIRAB_2025-05-14_G52,10109817PEREIRAB,2025-05-14,111463,1,5,0,72.0
10109817PEREIRAB_2025-05-14_G53,10109817PEREIRAB,2025-05-14,111462,1,20,0,265.0
10109817PEREIRAB_2025-05-14_G54,10109817PEREIRAB,2025-05-14,118140,1,6,0,99.0
10109817PEREIRAB_2025-05-14_G55,10109817PEREIRAB,2025-05-14,118140,1,3,0,48.0
10109817PEREIRAB_2025-05-14_G56,10109817PEREIRAB,2025-05-14,111469,1,9,0,101.0
10109817PEREIRAB_2025-05-14_G57,10109817PEREIRAB,2025-05-14,111469,1,3,0,35.0
10109817PEREIRAB_2025-05-14_G58,10109817PEREIRAB,2025-05-14,140922,1,6,0,389.0
10109817PEREIRAB_2025-05-14_G59,10109817PEREIRAB,2025-05-14,117821,1,4,0,97.0
10109817PEREIRAB_2025-05-14_G60,10109817PEREIRAB,2025-05-14,111466,1,36,0,612.0
10109817PEREIRAB_2025-05-14_G61,10109817PEREIRAB,2025-05-14,111466,1,5,0,80.0
10109817PEREIRAB_2025-05-14_G62,10109817PEREIRAB,2025-05-14,111532,1,24,0,194.0
10109817PEREIRAB_2025-05-14_G63,10109817PEREIRAB,2025-05-14,108798,1,4,0,91.0
10109817PEREIRAB_2025-05-14_G64,10109817PEREIRAB,2025-05-14,117785,1,100,0,1226.0
10109817PEREIRAB_2025-05-15_G02,10109817PEREIRAB,2025-05-15,111438,1,3,0,167.0
10109817PEREIRAB_2025-05-15_G03,10109817PEREIRAB,2025-05-15,110740,1,2,0,151.0
10109817PEREIRAB_2025-05-15_G04,10109817PEREIRAB,2025-05-15,117808,1,7,0,124.0
10109817PEREIRAB_2025-05-15_G05,10109817PEREIRAB,2025-05-15,110372,1,5,0,146.0
10109817PEREIRAB_2025-05-15_G06,10109817PEREIRAB,2025-05-15,110515,1,2,0,110.0
10109817PEREIRAB_2025-05-15_G07,10109817PEREIRAB,2025-05-15,117855,1,1,0,85.0
10109817PEREIRAB_2025-05-15_G08,10109817PEREIRAB,2025-05-15,117853,1,1,0,149.0
10109817PEREIRAB_2025-05-15_G09,10109817PEREIRAB,2025-05-15,111569,1,4,0,351.0
10109817PEREIRAB_2025-05-15_G10,10109817PEREIRAB,2025-05-15,111435,1,2,0,891.0
10109817PEREIRAB_2025-05-15_G11,10109817PEREIRAB,2025-05-15,108795,1,2,0,78.0
10109817PEREIRAB_2025-05-15_G12,10109817PEREIRAB,2025-05-15,111433,1,3,0,129.0
10109817PEREIRAB_2025-05-15_G13,10109817PEREIRAB,2025-05-15,108711,1,2,0,70.0
10109817PEREIRAB_2025-05-15_G14,10109817PEREIRAB,2025-05-15,111466,1,2,0,92.0
10109817PEREIRAB_2025-05-15_G15,10109817PEREIRAB,2025-05-15,118140,1,8,0,98.0
10109817PEREIRAB_2025-05-15_G16,10109817PEREIRAB,2025-05-15,111418,1,8,0,127.0
10109817PEREIRAB_2025-05-15_G17,10109817PEREIRAB,2025-05-15,111465,1,2,0,145.0
10109817PEREIRAB_2025-05-15_G18,10109817PEREIRAB,2025-05-15,117820,1,14,0,172.0
10109817PEREIRAB_2025-05-15_G19,10109817PEREIRAB,2025-05-15,117808,1,5,0,129.0
10109817PEREIRAB_2025-05-15_G20,10109817PEREIRAB,2025-05-15,110373,1,20,0,314.0
10109817PEREIRAB_2025-05-15_G21,10109817PEREIRAB,2025-05-15,110374,1,2,0,75.0
10109817PEREIRAB_2025-05-15_G22,10109817PEREIRAB,2025-05-15,118004,1,4,0,288.0
10109817PEREIRAB_2025-05-15_G23,10109817PEREIRAB,2025-05-15,111532,1,8,0,972.0
10109817PEREIRAB_2025-05-15_G24,10109817PEREIRAB,2025-05-15,108794,1,4,0,73.0
10109817PEREIRAB_2025-05-15_G25,10109817PEREIRAB,2025-05-15,111530,1,8,0,128.0
10109817PEREIRAB_2025-05-15_G26,10109817PEREIRAB,2025-05-15,110787,1,2,0,768.0
10109817PEREIRAB_2025-05-15_G27,10109817PEREIRAB,2025-05-15,111532,1,4,0,163.0
10109817PEREIRAB_2025-05-15_G28,10109817PEREIRAB,2025-05-15,108770,1,4,0,187.0
10109817PEREIRAB_2025-05-15_G29,10109817PEREIRAB,2025-05-15,111182,1,11,0,296.0
10109817PEREIRAB_2025-05-15_G30,10109817PEREIRAB,2025-05-15,111655,1,2,0,192.0
10109817PEREIRAB_2025-05-15_G31,10109817PEREIRAB,2025-05-15,111172,1,1,0,1999.0
10109817PEREIRAB_2025-05-15_G32,10109817PEREIRAB,2025-05-15,111755,1,12,0,360.0
10109817PEREIRAB_2025-05-15_G33,10109817PEREIRAB,2025-05-15,111738,1,3,0,333.0
10109817PEREIRAB_2025-05-15_G34,10109817PEREIRAB,2025-05-15,108711,1,2,0,50.0
10109817PEREIRAB_2025-05-15_G35,10109817PEREIRAB,2025-05-15,111463,1,8,0,92.0
10109817PEREIRAB_2025-05-15_G36,10109817PEREIRAB,2025-05-15,111172,1,2,0,129.0
10109817PEREIRAB_2025-05-15_G37,10109817PEREIRAB,2025-05-15,111430,2,4,27,982.0
10109817PEREIRAB_2025-05-15_G38,10109817PEREIRAB,2025-05-15,141047,1,6,0,188.0
10109817PEREIRAB_2025-05-15_G39,10109817PEREIRAB,2025-05-15,141047,1,2,0,35.0
10109817PEREIRAB_2025-05-15_G40,10109817PEREIRAB,2025-05-15,117855,1,3,0,298.0
10109817PEREIRAB_2025-05-15_G41,10109817PEREIRAB,2025-05-15,111530,1,9,0,127.0
10109817PEREIRAB_2025-05-15_G42,10109817PEREIRAB,2025-05-15,110374,1,4,0,106.0
10109817PEREIRAB_2025-05-15_G43,10109817PEREIRAB,2025-05-15,110372,1,6,0,170.0
10109817PEREIRAB_2025-05-15_G44,10109817PEREIRAB,2025-05-15,117808,1,22,0,277.0
10109817PEREIRAB_2025-05-15_G45,10109817PEREIRAB,2025-05-15,117820,1,20,0,1316.0
10109817PEREIRAB_2025-05-15_G46,10109817PEREIRAB,2025-05-15,117809,1,2,0,110.0
10109817PEREIRAB_2025-05-15_G48,10109817PEREIRAB,2025-05-15,141047,1,5,0,176.0
10109817PEREIRAB_2025-05-15_G49,10109817PEREIRAB,2025-05-15,110515,1,13,0,255.0
10109817PEREIRAB_2025-05-15_G50,10109817PEREIRAB,2025-05-15,117855,1,8,0,154.0
10109817PEREIRAB_2025-05-15_G51,10109817PEREIRAB,2025-05-15,117786,1,2,0,193.0
10109817PEREIRAB_2025-05-15_G52,10109817PEREIRAB,2025-05-15,111530,1,3,0,85.0
10109817PEREIRAB_2025-05-15_G53,10109817PEREIRAB,2025-05-15,111443,1,2,0,670.0
10109817PEREIRAB_2025-05-15_G54,10109817PEREIRAB,2025-05-15,111462,1,11,0,147.0
10109817PEREIRAB_2025-05-15_G55,10109817PEREIRAB,2025-05-15,117821,1,8,0,209.0
10109817PEREIRAB_2025-05-15_G56,10109817PEREIRAB,2025-05-15,117821,1,6,0,97.0
10109817PEREIRAB_2025-05-16_G02,10109817PEREIRAB,2025-05-16,117835,1,12,0,322.0
10109817PEREIRAB_2025-05-16_G03,10109817PEREIRAB,2025-05-16,117935,1,2,0,105.0
10109817PEREIRAB_2025-05-16_G04,10109817PEREIRAB,2025-05-16,117809,1,4,0,181.0
10109817PEREIRAB_2025-05-16_G05,10109817PEREIRAB,2025-05-16,111433,1,6,0,203.0
10109817PEREIRAB_2025-05-16_G06,10109817PEREIRAB,2025-05-16,105705,1,8,0,369.0
10109817PEREIRAB_2025-05-16_G07,10109817PEREIRAB,2025-05-16,140922,1,12,0,145.0
10109817PEREIRAB_2025-05-16_G08,10109817PEREIRAB,2025-05-16,111463,1,10,0,164.0
10109817PEREIRAB_2025-05-16_G09,10109817PEREIRAB,2025-05-16,111532,1,30,0,381.0
10109817PEREIRAB_2025-05-16_G10,10109817PEREIRAB,2025-05-16,110373,1,80,0,1446.0
10109817PEREIRAB_2025-05-16_G11,10109817PEREIRAB,2025-05-16,110372,1,100,0,641.0
10109817PEREIRAB_2025-05-16_G12,10109817PEREIRAB,2025-05-16,117820,1,100,0,377.0
10109817PEREIRAB_2025-05-16_G13,10109817PEREIRAB,2025-05-16,118299,1,255,0,1400.0
10109817PEREIRAB_2025-05-16_G14,10109817PEREIRAB,2025-05-16,117830,1,30,0,905.0
10109817PEREIRAB_2025-05-16_G15,10109817PEREIRAB,2025-05-16,118317,1,11,0,207.0
10109817PEREIRAB_2025-05-16_G16,10109817PEREIRAB,2025-05-16,111530,1,80,0,2007.0
10109817PEREIRAB_2025-05-16_G17,10109817PEREIRAB,2025-05-16,110515,1,40,0,250.0
10109817PEREIRAB_2025-05-16_G18,10109817PEREIRAB,2025-05-16,118317,1,19,0,461.0
10109817PEREIRAB_2025-05-16_G19,10109817PEREIRAB,2025-05-16,111469,1,100,0,812.0
10109817PEREIRAB_2025-05-16_G20,10109817PEREIRAB,2025-05-16,118140,1,64,0,407.0
10109817PEREIRAB_2025-05-16_G21,10109817PEREIRAB,2025-05-16,111418,1,135,0,994.0
10109817PEREIRAB_2025-05-16_G23,10109817PEREIRAB,2025-05-16,111532,1,15,0,472.0
10109817PEREIRAB_2025-05-16_G24,10109817PEREIRAB,2025-05-16,108794,1,15,0,195.0
10109817PEREIRAB_2025-05-16_G25,10109817PEREIRAB,2025-05-16,111418,1,210,0,779.0
10109817PEREIRAB_2025-05-16_G26,10109817PEREIRAB,2025-05-16,109645,1,6,0,494.0
10109817PEREIRAB_2025-05-16_G27,10109817PEREIRAB,2025-05-16,111348,1,6,0,121.0
10109817PEREIRAB_2025-05-16_G28,10109817PEREIRAB,2025-05-16,111466,1,120,0,1244.0
10109817PEREIRAB_2025-05-16_G29,10109817PEREIRAB,2025-05-16,111463,1,50,0,813.0
10109817PEREIRAB_2025-05-17_G02,10109817PEREIRAB,2025-05-17,100334,1,10,0,403.0
10109817PEREIRAB_2025-05-17_G03,10109817PEREIRAB,2025-05-17,118306,1,4,0,300.0
10109817PEREIRAB_2025-05-17_G04,10109817PEREIRAB,2025-05-17,109647,1,4,0,231.0
10109817PEREIRAB_2025-05-17_G05,10109817PEREIRAB,2025-05-17,110515,1,12,0,377.0
10109817PEREIRAB_2025-05-17_G06,10109817PEREIRAB,2025-05-17,111530,1,12,0,190.0
10109817PEREIRAB_2025-05-17_G07,10109817PEREIRAB,2025-05-17,118222,1,30,0,950.0
10109817PEREIRAB_2025-05-17_G08,10109817PEREIRAB,2025-05-17,117786,1,21,0,407.0
10109817PEREIRAB_2025-05-17_G09,10109817PEREIRAB,2025-05-17,110711,1,21,0,265.0
10109817PEREIRAB_2025-05-17_G10,10109817PEREIRAB,2025-05-17,108711,1,13,0,491.0
10109817PEREIRAB_2025-05-17_G11,10109817PEREIRAB,2025-05-17,140922,1,10,0,105.0
10109817PEREIRAB_2025-05-17_G12,10109817PEREIRAB,2025-05-17,111463,1,10,0,143.0
10109817PEREIRAB_2025-05-17_G13,10109817PEREIRAB,2025-05-17,111466,1,13,0,112.0
10109817PEREIRAB_2025-05-17_G14,10109817PEREIRAB,2025-05-17,111330,1,20,0,3021.0
10109817PEREIRAB_2025-05-17_G15,10109817PEREIRAB,2025-05-17,118140,1,20,0,382.0
10109817PEREIRAB_2025-05-17_G16,10109817PEREIRAB,2025-05-17,111418,1,13,0,185.0
10109817PEREIRAB_2025-05-17_G17,10109817PEREIRAB,2025-05-17,111418,1,16,0,267.0
10109817PEREIRAB_2025-05-17_G18,10109817PEREIRAB,2025-05-17,109643,1,10,0,254.0
10109817PEREIRAB_2025-05-17_G19,10109817PEREIRAB,2025-05-17,110325,1,7,0,229.0
10109817PEREIRAB_2025-05-17_G20,10109817PEREIRAB,2025-05-17,118299,1,100,0,446.0
10109817PEREIRAB_2025-05-17_G21,10109817PEREIRAB,2025-05-17,110371,1,37,0,326.0
10109817PEREIRAB_2025-05-17_G22,10109817PEREIRAB,2025-05-17,117809,1,19,0,391.0
10109817PEREIRAB_2025-05-17_G23,10109817PEREIRAB,2025-05-17,117808,1,500,0,1866.0
10109817PEREIRAB_2025-05-17_G25,10109817PEREIRAB,2025-05-17,110747,1,4,0,273.0
10109817PEREIRAB_2025-05-17_G26,10109817PEREIRAB,2025-05-17,118290,1,3,0,128.0
10109817PEREIRAB_2025-05-17_G27,10109817PEREIRAB,2025-05-17,107892,1,4,0,170.0
10109817PEREIRAB_2025-05-17_G28,10109817PEREIRAB,2025-05-17,111438,1,8,0,243.0
10109817PEREIRAB_2025-05-17_G29,10109817PEREIRAB,2025-05-17,110895,1,4,0,147.0
10109817PEREIRAB_2025-05-17_G30,10109817PEREIRAB,2025-05-17,111462,1,12,0,861.0
10109817PEREIRAB_2025-05-17_G31,10109817PEREIRAB,2025-05-17,105705,1,4,0,238.0
10109817PEREIRAB_2025-05-17_G32,10109817PEREIRAB,2025-05-17,108711,1,4,0,94.0
10109817PEREIRAB_2025-05-17_G33,10109817PEREIRAB,2025-05-17,117821,1,4,0,93.0
10109817PEREIRAB_2025-05-17_G34,10109817PEREIRAB,2025-05-17,111466,1,8,0,91.0
10109817PEREIRAB_2025-05-17_G35,10109817PEREIRAB,2025-05-17,118140,1,20,0,620.0
10109817PEREIRAB_2025-05-17_G36,10109817PEREIRAB,2025-05-17,111418,1,8,0,183.0
10109817PEREIRAB_2025-05-17_G37,10109817PEREIRAB,2025-05-17,109645,1,7,0,304.0
10109817PEREIRAB_2025-05-17_G38,10109817PEREIRAB,2025-05-17,111348,1,4,0,1238.0
10109817PEREIRAB_2025-05-17_G39,10109817PEREIRAB,2025-05-17,111442,1,4,0,86.0
10109817PEREIRAB_2025-05-17_G40,10109817PEREIRAB,2025-05-17,117785,1,4,0,101.0
10109817PEREIRAB_2025-05-17_G41,10109817PEREIRAB,2025-05-17,109647,1,7,0,132.0
10109817PEREIRAB_2025-05-17_G42,10109817PEREIRAB,2025-05-17,111467,1,4,0,239.0
10109817PEREIRAB_2025-05-17_G43,10109817PEREIRAB,2025-05-17,111439,1,16,0,213.0
10109817PEREIRAB_2025-05-17_G44,10109817PEREIRAB,2025-05-17,108361,1,4,0,112.0
10109817PEREIRAB_2025-05-17_G45,10109817PEREIRAB,2025-05-17,110515,1,8,0,108.0
10109817PEREIRAB_2025-05-17_G46,10109817PEREIRAB,2025-05-17,110711,1,3,0,87.0
10109817PEREIRAB_2025-05-17_G47,10109817PEREIRAB,2025-05-17,117862,1,12,0,1154.0
10109817PEREIRAB_2025-05-19_G02,10109817PEREIRAB,2025-05-19,117853,1,30,0,979.0
10109817PEREIRAB_2025-05-19_G03,10109817PEREIRAB,2025-05-19,110515,1,30,0,1150.0
10109817PEREIRAB_2025-05-19_G04,10109817PEREIRAB,2025-05-19,110711,1,30,0,538.0
10109817PEREIRAB_2025-05-19_G05,10109817PEREIRAB,2025-05-19,111530,1,30,0,1455.0
10109817PEREIRAB_2025-05-19_G06,10109817PEREIRAB,2025-05-19,111532,1,30,0,409.0
10109817PEREIRAB_2025-05-19_G07,10109817PEREIRAB,2025-05-19,111418,1,40,0,509.0
10109817PEREIRAB_2025-05-19_G08,10109817PEREIRAB,2025-05-19,118004,1,16,0,225.0
10109817PEREIRAB_2025-05-19_G09,10109817PEREIRAB,2025-05-19,110787,1,6,0,260.0
10109817PEREIRAB_2025-05-19_G10,10109817PEREIRAB,2025-05-19,117785,1,30,0,536.0
10109817PEREIRAB_2025-05-19_G11,10109817PEREIRAB,2025-05-19,117820,1,100,0,237.0
10109817PEREIRAB_2025-05-19_G12,10109817PEREIRAB,2025-05-19,110372,1,250,0,633.0
10109817PEREIRAB_2025-05-19_G13,10109817PEREIRAB,2025-05-19,117830,1,100,0,455.0
10109817PEREIRAB_2025-05-19_G14,10109817PEREIRAB,2025-05-19,118299,1,300,0,650.0
10109817PEREIRAB_2025-05-19_G15,10109817PEREIRAB,2025-05-19,117808,1,334,0,1020.0
10109817PEREIRAB_2025-05-19_G17,10109817PEREIRAB,2025-05-19,111418,1,320,0,1530.0
10109817PEREIRAB_2025-05-19_G18,10109817PEREIRAB,2025-05-19,117820,1,680,0,2075.0
10109817PEREIRAB_2025-05-19_G19,10109817PEREIRAB,2025-05-19,118299,1,20,0,2753.0
10109817PEREIRAB_2025-05-19_G20,10109817PEREIRAB,2025-05-19,118299,1,14,0,80.0
10109817PEREIRAB_2025-05-19_G21,10109817PEREIRAB,2025-05-19,117832,1,4,0,295.0
10109817PEREIRAB_2025-05-19_G22,10109817PEREIRAB,2025-05-19,117832,1,3,0,53.0
10109817PEREIRAB_2025-05-19_G23,10109817PEREIRAB,2025-05-19,110371,1,20,0,164.0
10109817PEREIRAB_2025-05-19_G24,10109817PEREIRAB,2025-05-19,"117820, 117822",2,24,9,231.0
10109817PEREIRAB_2025-05-20_G02,10109817PEREIRAB,2025-05-20,117820,1,240,0,1040.0
10109817PEREIRAB_2025-05-20_G03,10109817PEREIRAB,2025-05-20,110372,1,300,0,882.0
10109817PEREIRAB_2025-05-20_G04,10109817PEREIRAB,2025-05-20,110371,1,100,0,1527.0
10109817PEREIRAB_2025-05-20_G05,10109817PEREIRAB,2025-05-20,110375,1,11,0,307.0
10109817PEREIRAB_2025-05-20_G06,10109817PEREIRAB,2025-05-20,109647,1,10,0,478.0
10109817PEREIRAB_2025-05-20_G07,10109817PEREIRAB,2025-05-20,118094,1,20,0,501.0
10109817PEREIRAB_2025-05-20_G08,10109817PEREIRAB,2025-05-20,117862,1,20,0,844.0
10109817PEREIRAB_2025-05-20_G09,10109817PEREIRAB,2025-05-20,117861,1,10,0,414.0
10109817PEREIRAB_2025-05-20_G10,10109817PEREIRAB,2025-05-20,118403,1,4,0,160.0
10109817PEREIRAB_2025-05-20_G11,10109817PEREIRAB,2025-05-20,108361,1,8,0,190.0
10109817PEREIRAB_2025-05-20_G12,10109817PEREIRAB,2025-05-20,110711,1,12,0,207.0
10109817PEREIRAB_2025-05-22_G02,10109817PEREIRAB,2025-05-22,110751,1,2,0,1007.0
10109817PEREIRAB_2025-05-22_G03,10109817PEREIRAB,2025-05-22,110751,1,2,0,70.0
10109817PEREIRAB_2025-05-22_G04,10109817PEREIRAB,2025-05-22,118004,1,4,0,180.0
10109817PEREIRAB_2025-05-22_G05,10109817PEREIRAB,2025-05-22,110374,1,2,0,121.0
10109817PEREIRAB_2025-05-22_G06,10109817PEREIRAB,2025-05-22,110375,1,4,0,155.0
10109817PEREIRAB_2025-05-22_G07,10109817PEREIRAB,2025-05-22,111441,1,3,0,214.0
10109817PEREIRAB_2025-05-22_G08,10109817PEREIRAB,2025-05-22,117855,1,2,0,111.0
10109817PEREIRAB_2025-05-22_G09,10109817PEREIRAB,2025-05-22,109645,1,2,0,152.0
10109817PEREIRAB_2025-05-22_G10,10109817PEREIRAB,2025-05-22,110751,1,4,0,116.0
10109817PEREIRAB_2025-05-22_G11,10109817PEREIRAB,2025-05-22,107830,1,2,0,117.0
10109817PEREIRAB_2025-05-22_G12,10109817PEREIRAB,2025-05-22,111330,1,12,0,325.0
10109817PEREIRAB_2025-05-22_G13,10109817PEREIRAB,2025-05-22,118004,1,4,0,173.0
10109817PEREIRAB_2025-05-22_G14,10109817PEREIRAB,2025-05-22,118222,1,4,0,1082.0
10109817PEREIRAB_2025-05-22_G15,10109817PEREIRAB,2025-05-22,120002,1,2,0,2331.0
10109817PEREIRAB_2025-05-22_G16,10109817PEREIRAB,2025-05-22,117820,1,4,0,149.0
10109817PEREIRAB_2025-05-22_G17,10109817PEREIRAB,2025-05-22,111602,1,2,0,137.0
10109817PEREIRAB_2025-05-22_G18,10109817PEREIRAB,2025-05-22,111876,1,4,0,202.0
10109817PEREIRAB_2025-05-22_G19,10109817PEREIRAB,2025-05-22,109643,1,16,0,320.0
10109817PEREIRAB_2025-05-22_G20,10109817PEREIRAB,2025-05-22,110371,1,15,0,1101.0
10109817PEREIRAB_2025-05-22_G21,10109817PEREIRAB,2025-05-22,110373,1,15,0,329.0
10109817PEREIRAB_2025-05-22_G22,10109817PEREIRAB,2025-05-22,117820,1,15,0,161.0
10109817PEREIRAB_2025-05-22_G23,10109817PEREIRAB,2025-05-22,117822,1,6,0,65.0
10109817PEREIRAB_2025-05-22_G24,10109817PEREIRAB,2025-05-22,110372,1,15,0,366.0
10109817PEREIRAB_2025-05-22_G25,10109817PEREIRAB,2025-05-22,118299,1,15,0,196.0
10109817PEREIRAB_2025-05-22_G26,10109817PEREIRAB,2025-05-22,111602,1,4,0,438.0
10109817PEREIRAB_2025-05-22_G27,10109817PEREIRAB,2025-05-22,110740,1,22,0,228.0
10109817PEREIRAB_2025-05-22_G28,10109817PEREIRAB,2025-05-22,110747,1,4,0,163.0
10109817PEREIRAB_2025-05-22_G29,10109817PEREIRAB,2025-05-22,100334,1,4,0,199.0
10109817PEREIRAB_2025-05-22_G30,10109817PEREIRAB,2025-05-22,117820,1,4,0,607.0
10109817PEREIRAB_2025-05-22_G31,10109817PEREIRAB,2025-05-22,118140,1,2,0,48.0
10109817PEREIRAB_2025-05-22_G32,10109817PEREIRAB,2025-05-22,118299,1,12,0,238.0
10109817PEREIRAB_2025-05-22_G34,10109817PEREIRAB,2025-05-22,118094,1,20,0,537.0
10109817PEREIRAB_2025-05-22_G35,10109817PEREIRAB,2025-05-22,117786,1,30,0,469.0
10109817PEREIRAB_2025-05-22_G36,10109817PEREIRAB,2025-05-22,111602,1,100,0,535.0
10109817PEREIRAB_2025-05-22_G37,10109817PEREIRAB,2025-05-22,117855,1,20,0,198.0
10109817PEREIRAB_2025-05-22_G38,10109817PEREIRAB,2025-05-22,110711,1,40,0,575.0
10109817PEREIRAB_2025-05-22_G39,10109817PEREIRAB,2025-05-22,109645,1,11,0,1714.0
10109817PEREIRAB_2025-05-22_G40,10109817PEREIRAB,2025-05-22,110740,2,14,6,285.0
10109817PEREIRAB_2025-05-22_G41,10109817PEREIRAB,2025-05-22,109641,3,15,15,153.0
10109817PEREIRAB_2025-05-22_G42,10109817PEREIRAB,2025-05-22,117787,1,7,0,227.0
10109817PEREIRAB_2025-05-22_G43,10109817PEREIRAB,2025-05-22,110745,1,1,0,118.0
10109817PEREIRAB_2025-05-22_G44,10109817PEREIRAB,2025-05-22,117833,2,7,6,95.0
10109817PEREIRAB_2025-05-22_G45,10109817PEREIRAB,2025-05-22,108798,1,4,0,97.0
10109817PEREIRAB_2025-05-22_G46,10109817PEREIRAB,2025-05-22,108794,1,2,0,101.0
10109817PEREIRAB_2025-05-22_G47,10109817PEREIRAB,2025-05-22,110748,1,4,0,132.0
10109817PEREIRAB_2025-05-22_G48,10109817PEREIRAB,2025-05-22,117831,1,5,0,262.0
10109817PEREIRAB_2025-05-22_G49,10109817PEREIRAB,2025-05-22,111348,5,19,32,46.0
10109817PEREIRAB_2025-05-22_G50,10109817PEREIRAB,2025-05-22,111330,1,4,0,272.0
10109817PEREIRAB_2025-05-22_G51,10109817PEREIRAB,2025-05-22,111418,1,5,0,141.0
10109817PEREIRAB_2025-05-23_G02,10109817PEREIRAB,2025-05-23,109645,1,21,0,372.0
10109817PEREIRAB_2025-05-23_G03,10109817PEREIRAB,2025-05-23,110325,1,12,0,233.0
10109817PEREIRAB_2025-05-23_G04,10109817PEREIRAB,2025-05-23,117822,1,20,0,367.0
10109817PEREIRAB_2025-05-23_G05,10109817PEREIRAB,2025-05-23,118140,1,50,0,756.0
10109817PEREIRAB_2025-05-23_G06,10109817PEREIRAB,2025-05-23,111532,1,50,0,429.0
10109817PEREIRAB_2025-05-23_G07,10109817PEREIRAB,2025-05-23,109645,1,29,0,1212.0
10109817PEREIRAB_2025-05-23_G08,10109817PEREIRAB,2025-05-23,110787,1,30,0,423.0
10109817PEREIRAB_2025-05-23_G09,10109817PEREIRAB,2025-05-23,117820,1,50,0,1268.0
10109817PEREIRAB_2025-05-23_G10,10109817PEREIRAB,2025-05-23,117809,1,72,0,1024.0
10109817PEREIRAB_2025-05-23_G11,10109817PEREIRAB,2025-05-23,108794,1,50,0,984.0
10109817PEREIRAB_2025-05-23_G13,10109817PEREIRAB,2025-05-23,111182,1,4,0,276.0
10109817PEREIRAB_2025-05-23_G14,10109817PEREIRAB,2025-05-23,111602,1,8,0,179.0
10109817PEREIRAB_2025-05-23_G15,10109817PEREIRAB,2025-05-23,110787,1,1,0,77.0
10109817PEREIRAB_2025-05-23_G16,10109817PEREIRAB,2025-05-23,111602,1,4,0,221.0
10109817PEREIRAB_2025-05-23_G17,10109817PEREIRAB,2025-05-23,111602,1,8,0,146.0
10109817PEREIRAB_2025-05-23_G18,10109817PEREIRAB,2025-05-23,117838,1,2,0,105.0
10109817PEREIRAB_2025-05-23_G19,10109817PEREIRAB,2025-05-23,111759,1,7,0,2112.0
10109817PEREIRAB_2025-05-23_G20,10109817PEREIRAB,2025-05-23,111742,1,8,0,339.0
10109817PEREIRAB_2025-05-23_G21,10109817PEREIRAB,2025-05-23,111463,1,2,0,438.0
10109817PEREIRAB_2025-05-23_G22,10109817PEREIRAB,2025-05-23,108711,1,3,0,83.0
10109817PEREIRAB_2025-05-23_G23,10109817PEREIRAB,2025-05-23,117853,1,1,0,93.0
10109817PEREIRAB_2025-05-23_G24,10109817PEREIRAB,2025-05-23,111172,1,2,0,62.0
10109817PEREIRAB_2025-05-23_G25,10109817PEREIRAB,2025-05-23,111532,1,4,0,50.0
10109817PEREIRAB_2025-05-23_G26,10109817PEREIRAB,2025-05-23,117786,1,2,0,97.0
10109817PEREIRAB_2025-05-23_G27,10109817PEREIRAB,2025-05-23,111465,1,3,0,136.0
10109817PEREIRAB_2025-05-23_G28,10109817PEREIRAB,2025-05-23,109643,1,4,0,131.0
10109817PEREIRAB_2025-05-23_G29,10109817PEREIRAB,2025-05-23,110374,1,8,0,151.0
10109817PEREIRAB_2025-05-23_G30,10109817PEREIRAB,2025-05-23,110371,1,4,0,84.0
10109817PEREIRAB_2025-05-23_G31,10109817PEREIRAB,2025-05-23,117808,1,8,0,137.0
10109817PEREIRAB_2025-05-23_G32,10109817PEREIRAB,2025-05-23,110373,1,6,0,169.0
10109817PEREIRAB_2025-05-23_G33,10109817PEREIRAB,2025-05-23,118094,1,2,0,763.0
10109817PEREIRAB_2025-05-23_G34,10109817PEREIRAB,2025-05-23,110711,1,2,0,134.0
10109817PEREIRAB_2025-05-23_G35,10109817PEREIRAB,2025-05-23,117831,1,2,0,111.0
10109817PEREIRAB_2025-05-23_G36,10109817PEREIRAB,2025-05-23,111532,1,1,0,306.0
10109817PEREIRAB_2025-05-23_G37,10109817PEREIRAB,2025-05-23,117821,1,2,0,82.0
10109817PEREIRAB_2025-05-23_G38,10109817PEREIRAB,2025-05-23,109643,1,20,0,221.0
10109817PEREIRAB_2025-05-23_G39,10109817PEREIRAB,2025-05-23,110371,1,6,0,127.0
10109817PEREIRAB_2025-05-23_G40,10109817PEREIRAB,2025-05-23,117808,1,10,0,94.0
10109817PEREIRAB_2025-05-23_G41,10109817PEREIRAB,2025-05-23,117820,1,2,0,252.0
10109817PEREIRAB_2025-05-23_G42,10109817PEREIRAB,2025-05-23,111743,1,7,0,430.0
10109817PEREIRAB_2025-05-23_G43,10109817PEREIRAB,2025-05-23,108711,1,20,0,202.0
10109817PEREIRAB_2025-05-23_G44,10109817PEREIRAB,2025-05-23,110373,1,5,0,563.0
10109817PEREIRAB_2025-05-23_G45,10109817PEREIRAB,2025-05-23,117820,1,15,0,111.0
10109817PEREIRAB_2025-05-23_G46,10109817PEREIRAB,2025-05-23,110375,1,4,0,80.0
10109817PEREIRAB_2025-05-24_G02,10109817PEREIRAB,2025-05-24,141047,1,4,0,110.0
10109817PEREIRAB_2025-05-24_G03,10109817PEREIRAB,2025-05-24,117786,1,8,0,180.0
10109817PEREIRAB_2025-05-24_G04,10109817PEREIRAB,2025-05-24,111602,1,12,0,439.0
10109817PEREIRAB_2025-05-24_G05,10109817PEREIRAB,2025-05-24,110515,1,12,0,515.0
10109817PEREIRAB_2025-05-24_G06,10109817PEREIRAB,2025-05-24,111438,1,30,0,761.0
10109817PEREIRAB_2025-05-24_G07,10109817PEREIRAB,2025-05-24,160051,1,6,0,936.0
10109817PEREIRAB_2025-05-24_G09,10109817PEREIRAB,2025-05-24,108711,1,20,0,190.0
10109817PEREIRAB_2025-05-24_G10,10109817PEREIRAB,2025-05-24,118004,1,11,0,188.0
10109817PEREIRAB_2025-05-24_G11,10109817PEREIRAB,2025-05-24,109645,1,12,0,224.0
10109817PEREIRAB_2025-05-24_G12,10109817PEREIRAB,2025-05-24,110582,1,12,0,1075.0
10109817PEREIRAB_2025-05-24_G13,10109817PEREIRAB,2025-05-24,118222,1,31,0,437.0
10109817PEREIRAB_2025-05-24_G14,10109817PEREIRAB,2025-05-24,110711,1,27,0,423.0
10109817PEREIRAB_2025-05-24_G15,10109817PEREIRAB,2025-05-24,118094,1,14,0,224.0
10109817PEREIRAB_2025-05-24_G16,10109817PEREIRAB,2025-05-24,117853,1,12,0,269.0
10109817PEREIRAB_2025-05-26_G02,10109817PEREIRAB,2025-05-26,117787,1,7,0,425.0
10109817PEREIRAB_2025-05-26_G03,10109817PEREIRAB,2025-05-26,117820,1,2,0,312.0
10109817PEREIRAB_2025-05-26_G04,10109817PEREIRAB,2025-05-26,118299,1,2,0,149.0
10109817PEREIRAB_2025-05-26_G05,10109817PEREIRAB,2025-05-26,111602,1,12,0,362.0
10109817PEREIRAB_2025-05-26_G06,10109817PEREIRAB,2025-05-26,108711,1,8,0,241.0
10109817PEREIRAB_2025-05-26_G07,10109817PEREIRAB,2025-05-26,118140,1,4,0,159.0
10109817PEREIRAB_2025-05-26_G08,10109817PEREIRAB,2025-05-26,111441,1,12,0,630.0
10109817PEREIRAB_2025-05-26_G09,10109817PEREIRAB,2025-05-26,111438,1,12,0,418.0
10109817PEREIRAB_2025-05-26_G10,10109817PEREIRAB,2025-05-26,111602,1,12,0,687.0
10109817PEREIRAB_2025-05-26_G11,10109817PEREIRAB,2025-05-26,111530,1,5,0,950.0
10109817PEREIRAB_2025-05-26_G12,10109817PEREIRAB,2025-05-26,111435,1,8,0,240.0
10109817PEREIRAB_2025-05-26_G13,10109817PEREIRAB,2025-05-26,117785,1,12,0,190.0
10109817PEREIRAB_2025-05-26_G14,10109817PEREIRAB,2025-05-26,117808,1,24,0,240.0
10109817PEREIRAB_2025-05-26_G15,10109817PEREIRAB,2025-05-26,118299,1,24,0,531.0
10109817PEREIRAB_2025-05-26_G16,10109817PEREIRAB,2025-05-26,117830,1,12,0,168.0
10109817PEREIRAB_2025-05-26_G17,10109817PEREIRAB,2025-05-26,117832,1,8,0,925.0
10109817PEREIRAB_2025-05-26_G18,10109817PEREIRAB,2025-05-26,108711,1,8,0,141.0
10109817PEREIRAB_2025-05-26_G19,10109817PEREIRAB,2025-05-26,111466,1,8,0,156.0
10109817PEREIRAB_2025-05-26_G20,10109817PEREIRAB,2025-05-26,110711,1,4,0,150.0
10109817PEREIRAB_2025-05-26_G21,10109817PEREIRAB,2025-05-26,111602,1,10,0,207.0
10109817PEREIRAB_2025-05-26_G22,10109817PEREIRAB,2025-05-26,118004,1,16,0,639.0
10109817PEREIRAB_2025-05-26_G23,10109817PEREIRAB,2025-05-26,111465,1,2,0,76.0
10109817PEREIRAB_2025-05-26_G24,10109817PEREIRAB,2025-05-26,110787,1,16,0,181.0
10109817PEREIRAB_2025-05-26_G25,10109817PEREIRAB,2025-05-26,111602,1,32,0,471.0
10109817PEREIRAB_2025-05-26_G26,10109817PEREIRAB,2025-05-26,111330,1,4,0,1058.0
10109817PEREIRAB_2025-05-26_G27,10109817PEREIRAB,2025-05-26,111602,1,8,0,224.0
10109817PEREIRAB_2025-05-26_G28,10109817PEREIRAB,2025-05-26,111466,1,1,0,160.0
10109817PEREIRAB_2025-05-26_G29,10109817PEREIRAB,2025-05-26,110895,1,4,0,310.0
10109817PEREIRAB_2025-05-26_G30,10109817PEREIRAB,2025-05-26,111330,1,2,0,370.0
10109817PEREIRAB_2025-05-26_G32,10109817PEREIRAB,2025-05-26,109641,1,8,0,140.0
10109817PEREIRAB_2025-05-26_G33,10109817PEREIRAB,2025-05-26,105705,1,7,0,145.0
10109817PEREIRAB_2025-05-26_G34,10109817PEREIRAB,2025-05-26,108711,1,5,0,119.0
10109817PEREIRAB_2025-05-26_G35,10109817PEREIRAB,2025-05-26,111469,1,2,0,62.0
10109817PEREIRAB_2025-05-26_G36,10109817PEREIRAB,2025-05-26,108798,1,13,0,145.0
10109817PEREIRAB_2025-05-26_G37,10109817PEREIRAB,2025-05-26,109645,1,14,0,370.0
10109817PEREIRAB_2025-05-26_G38,10109817PEREIRAB,2025-05-26,105705,1,26,0,417.0
10109817PEREIRAB_2025-05-26_G39,10109817PEREIRAB,2025-05-26,109645,1,8,0,214.0
10109817PEREIRAB_2025-05-26_G40,10109817PEREIRAB,2025-05-26,109645,1,14,0,69.0
10109817PEREIRAB_2025-05-26_G41,10109817PEREIRAB,2025-05-26,110372,1,72,0,1211.0
10109817PEREIRAB_2025-05-26_G42,10109817PEREIRAB,2025-05-26,110373,1,94,0,353.0
10109817PEREIRAB_2025-05-26_G43,10109817PEREIRAB,2025-05-26,117834,2,52,17,2183.0
10109817PEREIRAB_2025-05-26_G44,10109817PEREIRAB,2025-05-26,111430,1,5,0,1907.0
10109817PEREIRAB_2025-05-26_G45,10109817PEREIRAB,2025-05-26,110747,1,26,0,143.0
10109817PEREIRAB_2025-05-26_G46,10109817PEREIRAB,2025-05-26,110747,1,14,0,116.0
10109817PEREIRAB_2025-05-26_G47,10109817PEREIRAB,2025-05-26,118222,1,100,0,943.0
10109817PEREIRAB_2025-05-26_G48,10109817PEREIRAB,2025-05-26,111655,1,12,0,409.0
10109817PEREIRAB_2025-05-26_G49,10109817PEREIRAB,2025-05-26,111438,1,4,0,89.0
10109817PEREIRAB_2025-05-26_G50,10109817PEREIRAB,2025-05-26,117835,1,12,0,176.0
10109817PEREIRAB_2025-05-26_G51,10109817PEREIRAB,2025-05-26,"111441, 111438",2,8,14,108.0
10109817PEREIRAB_2025-05-26_G52,10109817PEREIRAB,2025-05-26,110895,1,36,0,353.0
10109817PEREIRAB_2025-05-27_G02,10109817PEREIRAB,2025-05-27,110580,1,4,0,176.0
10109817PEREIRAB_2025-05-27_G03,10109817PEREIRAB,2025-05-27,107629,1,6,0,177.0
10109817PEREIRAB_2025-05-27_G04,10109817PEREIRAB,2025-05-27,111876,1,4,0,68.0
10109817PEREIRAB_2025-05-27_G05,10109817PEREIRAB,2025-05-27,110339,1,8,0,165.0
10109817PEREIRAB_2025-05-27_G06,10109817PEREIRAB,2025-05-27,110581,1,2,0,112.0
10109817PEREIRAB_2025-05-27_G07,10109817PEREIRAB,2025-05-27,111650,1,2,0,124.0
10109817PEREIRAB_2025-05-27_G08,10109817PEREIRAB,2025-05-27,111850,1,4,0,505.0
10109817PEREIRAB_2025-05-27_G09,10109817PEREIRAB,2025-05-27,117785,1,419,0,2141.0
10109817PEREIRAB_2025-05-27_G10,10109817PEREIRAB,2025-05-27,110895,1,4,0,1477.0
10109817PEREIRAB_2025-05-27_G11,10109817PEREIRAB,2025-05-27,110787,1,6,0,165.0
10109817PEREIRAB_2025-05-27_G12,10109817PEREIRAB,2025-05-27,111602,1,60,0,549.0
10109817PEREIRAB_2025-05-27_G13,10109817PEREIRAB,2025-05-27,118004,1,4,0,334.0
10109817PEREIRAB_2025-05-27_G14,10109817PEREIRAB,2025-05-27,117935,1,5,0,184.0
10109817PEREIRAB_2025-05-27_G15,10109817PEREIRAB,2025-05-27,109640,1,11,0,178.0
10109817PEREIRAB_2025-05-27_G16,10109817PEREIRAB,2025-05-27,111431,1,4,0,221.0
10109817PEREIRAB_2025-05-27_G18,10109817PEREIRAB,2025-05-27,"116527, 111436",2,3,15,126.0
10109817PEREIRAB_2025-05-27_G19,10109817PEREIRAB,2025-05-27,117808,1,140,0,2894.0
10109817PEREIRAB_2025-05-27_G20,10109817PEREIRAB,2025-05-27,118299,1,90,0,624.0
10109817PEREIRAB_2025-05-27_G21,10109817PEREIRAB,2025-05-27,117785,1,130,0,873.0
10109817PEREIRAB_2025-05-27_G22,10109817PEREIRAB,2025-05-27,118299,1,150,0,857.0
10109817PEREIRAB_2025-05-27_G23,10109817PEREIRAB,2025-05-27,117808,1,220,0,667.0
10109817PEREIRAB_2025-05-28_G02,10109817PEREIRAB,2025-05-28,110313,1,4,0,684.0
10109817PEREIRAB_2025-05-28_G03,10109817PEREIRAB,2025-05-28,117788,1,4,0,142.0
10109817PEREIRAB_2025-05-28_G04,10109817PEREIRAB,2025-05-28,117935,1,4,0,179.0
10109817PEREIRAB_2025-05-28_G05,10109817PEREIRAB,2025-05-28,110742,1,4,0,354.0
10109817PEREIRAB_2025-05-28_G07,10109817PEREIRAB,2025-05-28,118222,1,55,0,1031.0
10109817PEREIRAB_2025-05-28_G08,10109817PEREIRAB,2025-05-28,117855,1,19,0,264.0
10109817PEREIRAB_2025-05-28_G09,10109817PEREIRAB,2025-05-28,117785,1,100,0,619.0
10109817PEREIRAB_2025-05-28_G10,10109817PEREIRAB,2025-05-28,111418,1,124,0,961.0
10109817PEREIRAB_2025-05-28_G12,10109817PEREIRAB,2025-05-28,118140,1,200,0,1068.0
10109817PEREIRAB_2025-05-28_G13,10109817PEREIRAB,2025-05-28,111469,1,80,0,597.0
10109817PEREIRAB_2025-05-29_G02,10109817PEREIRAB,2025-05-29,111569,1,4,0,172.0
10109817PEREIRAB_2025-05-29_G03,10109817PEREIRAB,2025-05-29,118306,1,3,0,90.0
10109817PEREIRAB_2025-05-29_G04,10109817PEREIRAB,2025-05-29,111655,1,3,0,143.0
10109817PEREIRAB_2025-05-29_G05,10109817PEREIRAB,2025-05-29,111438,1,3,0,314.0
10109817PEREIRAB_2025-05-29_G06,10109817PEREIRAB,2025-05-29,111435,1,8,0,256.0
10109817PEREIRAB_2025-05-29_G07,10109817PEREIRAB,2025-05-29,110743,1,12,0,133.0
10109817PEREIRAB_2025-05-29_G08,10109817PEREIRAB,2025-05-29,110740,1,21,0,1195.0
10109817PEREIRAB_2025-05-29_G09,10109817PEREIRAB,2025-05-29,117838,1,6,0,205.0
10109817PEREIRAB_2025-05-29_G10,10109817PEREIRAB,2025-05-29,111468,1,11,0,120.0
10109817PEREIRAB_2025-05-29_G11,10109817PEREIRAB,2025-05-29,110745,1,10,0,144.0
10109817PEREIRAB_2025-05-29_G12,10109817PEREIRAB,2025-05-29,111466,1,20,0,216.0
10109817PEREIRAB_2025-05-29_G13,10109817PEREIRAB,2025-05-29,110371,1,60,0,958.0
10109817PEREIRAB_2025-05-29_G14,10109817PEREIRAB,2025-05-29,110373,1,60,0,735.0
10109817PEREIRAB_2025-05-29_G15,10109817PEREIRAB,2025-05-29,111172,1,24,0,1309.0
10109817PEREIRAB_2025-05-29_G16,10109817PEREIRAB,2025-05-29,111532,1,29,0,238.0
10109817PEREIRAB_2025-05-29_G17,10109817PEREIRAB,2025-05-29,111348,1,5,0,162.0
10109817PEREIRAB_2025-05-29_G18,10109817PEREIRAB,2025-05-29,111330,1,3,0,70.0
10109817PEREIRAB_2025-05-29_G19,10109817PEREIRAB,2025-05-29,111442,1,2,0,70.0
10109817PEREIRAB_2025-05-29_G20,10109817PEREIRAB,2025-05-29,110787,1,30,0,737.0
10109817PEREIRAB_2025-05-29_G21,10109817PEREIRAB,2025-05-29,107236,1,20,0,265.0
10109817PEREIRAB_2025-05-29_G22,10109817PEREIRAB,2025-05-29,117841,1,8,0,1473.0
10109817PEREIRAB_2025-05-29_G23,10109817PEREIRAB,2025-05-29,117785,1,20,0,537.0
10109817PEREIRAB_2025-05-29_G24,10109817PEREIRAB,2025-05-29,117808,1,400,0,509.0
10109817PEREIRAB_2025-05-29_G25,10109817PEREIRAB,2025-05-29,118299,1,120,0,301.0
10109817PEREIRAB_2025-05-29_G26,10109817PEREIRAB,2025-05-29,110372,1,40,0,621.0
10109817PEREIRAB_2025-05-29_G27,10109817PEREIRAB,2025-05-29,117840,1,12,0,509.0
10109817PEREIRAB_2025-05-29_G28,10109817PEREIRAB,2025-05-29,117820,1,40,0,394.0
10109817PEREIRAB_2025-05-29_G30,10109817PEREIRAB,2025-05-29,110787,1,2,0,174.0
10109817PEREIRAB_2025-05-29_G31,10109817PEREIRAB,2025-05-29,108794,1,10,0,1052.0
10109817PEREIRAB_2025-05-29_G32,10109817PEREIRAB,2025-05-29,111602,1,10,0,373.0
10109817PEREIRAB_2025-05-29_G33,10109817PEREIRAB,2025-05-29,117935,1,1,0,159.0
10109817PEREIRAB_2025-05-29_G34,10109817PEREIRAB,2025-05-29,110313,1,1,0,334.0
10109817PEREIRAB_2025-05-29_G35,10109817PEREIRAB,2025-05-29,117832,1,4,0,305.0
10109817PEREIRAB_2025-05-29_G36,10109817PEREIRAB,2025-05-29,110325,1,8,0,475.0
10109817PEREIRAB_2025-05-29_G37,10109817PEREIRAB,2025-05-29,111431,1,4,0,214.0
10109817PEREIRAB_2025-05-29_G38,10109817PEREIRAB,2025-05-29,111431,1,2,0,43.0
10109817PEREIRAB_2025-05-29_G39,10109817PEREIRAB,2025-05-29,117853,1,2,0,122.0
10109817PEREIRAB_2025-05-29_G40,10109817PEREIRAB,2025-05-29,118222,1,6,0,2787.0
10109817PEREIRAB_2025-05-29_G41,10109817PEREIRAB,2025-05-29,111437,1,5,0,75.0
10109817PEREIRAB_2025-05-29_G42,10109817PEREIRAB,2025-05-29,110325,1,3,0,127.0
10109817PEREIRAB_2025-05-29_G43,10109817PEREIRAB,2025-05-29,117832,1,18,0,186.0
10109817PEREIRAB_2025-05-29_G44,10109817PEREIRAB,2025-05-29,110371,1,19,0,278.0
10109817PEREIRAB_2025-05-29_G45,10109817PEREIRAB,2025-05-29,117830,1,3,0,545.0
10109817PEREIRAB_2025-05-29_G46,10109817PEREIRAB,2025-05-29,111435,1,7,0,145.0
10109817PEREIRAB_2025-05-29_G47,10109817PEREIRAB,2025-05-29,111172,1,11,0,275.0
10109817PEREIRAB_2025-05-29_G48,10109817PEREIRAB,2025-05-29,118223,1,6,0,103.0
10109817PEREIRAB_2025-05-29_G49,10109817PEREIRAB,2025-05-29,117841,1,7,0,359.0
10109817PEREIRAB_2025-05-30_G02,10109817PEREIRAB,2025-05-30,111468,1,10,0,130.0
10109817PEREIRAB_2025-05-30_G03,10109817PEREIRAB,2025-05-30,110745,2,9,8,81.0
10109817PEREIRAB_2025-05-30_G04,10109817PEREIRAB,2025-05-30,110745,1,2,0,95.0
10109817PEREIRAB_2025-05-30_G05,10109817PEREIRAB,2025-05-30,111172,1,10,0,225.0
10109817PEREIRAB_2025-05-30_G06,10109817PEREIRAB,2025-05-30,111172,1,8,0,105.0
10109817PEREIRAB_2025-05-30_G07,10109817PEREIRAB,2025-05-30,108798,1,8,0,99.0
10109817PEREIRAB_2025-05-30_G08,10109817PEREIRAB,2025-05-30,108798,1,10,0,101.0
10109817PEREIRAB_2025-05-30_G09,10109817PEREIRAB,2025-05-30,111348,1,3,0,2023.0
10109817PEREIRAB_2025-05-30_G10,10109817PEREIRAB,2025-05-30,111348,1,6,0,210.0
10109817PEREIRAB_2025-05-30_G11,10109817PEREIRAB,2025-05-30,111348,1,7,0,184.0
10109817PEREIRAB_2025-05-30_G12,10109817PEREIRAB,2025-05-30,111330,1,10,0,236.0
10109817PEREIRAB_2025-05-30_G13,10109817PEREIRAB,2025-05-30,110740,1,7,0,325.0
10109817PEREIRAB_2025-05-30_G14,10109817PEREIRAB,2025-05-30,110740,1,10,0,168.0
10109817PEREIRAB_2025-05-30_G15,10109817PEREIRAB,2025-05-30,110740,1,18,0,285.0
10109817PEREIRAB_2025-05-30_G16,10109817PEREIRAB,2025-05-30,110787,1,38,0,380.0
10109817PEREIRAB_2025-05-30_G17,10109817PEREIRAB,2025-05-30,110787,1,6,0,385.0
10109817PEREIRAB_2025-05-30_G18,10109817PEREIRAB,2025-05-30,111465,1,12,0,131.0
10109817PEREIRAB_2025-05-30_G19,10109817PEREIRAB,2025-05-30,111465,1,10,0,96.0
10109817PEREIRAB_2025-05-30_G20,10109817PEREIRAB,2025-05-30,117821,4,58,18,724.0
10109817PEREIRAB_2025-05-30_G21,10109817PEREIRAB,2025-05-30,117787,1,24,0,560.0
10109817PEREIRAB_2025-05-30_G22,10109817PEREIRAB,2025-05-30,111743,1,20,0,827.0
10109817PEREIRAB_2025-05-30_G23,10109817PEREIRAB,2025-05-30,108794,1,20,0,805.0
10109817PEREIRAB_2025-05-30_G24,10109817PEREIRAB,2025-05-30,105705,1,7,0,116.0
10109817PEREIRAB_2025-05-30_G25,10109817PEREIRAB,2025-05-30,108711,1,8,0,233.0
10109817PEREIRAB_2025-05-30_G26,10109817PEREIRAB,2025-05-30,118004,1,24,0,1660.0
10109817PEREIRAB_2025-05-30_G27,10109817PEREIRAB,2025-05-30,117838,1,26,0,250.0
10109817PEREIRAB_2025-05-30_G28,10109817PEREIRAB,2025-05-30,118201,1,4,0,366.0
10109817PEREIRAB_2025-05-30_G30,10109817PEREIRAB,2025-05-30,110841,1,4,0,183.0
10109817PEREIRAB_2025-05-30_G31,10109817PEREIRAB,2025-05-30,109471,1,2,0,385.0
10109817PEREIRAB_2025-05-30_G32,10109817PEREIRAB,2025-05-30,111120,1,4,0,106.0
10109817PEREIRAB_2025-05-30_G33,10109817PEREIRAB,2025-05-30,110311,1,1,0,64.0
10109817PEREIRAB_2025-05-30_G34,10109817PEREIRAB,2025-05-30,110311,1,4,0,131.0
10109817PEREIRAB_2025-05-30_G35,10109817PEREIRAB,2025-05-30,110423,1,1,0,56.0
10109817PEREIRAB_2025-05-30_G36,10109817PEREIRAB,2025-05-30,111779,1,1,0,97.0
10109817PEREIRAB_2025-05-30_G37,10109817PEREIRAB,2025-05-30,105272,2,4,10,227.0
10109817PEREIRAB_2025-05-30_G38,10109817PEREIRAB,2025-05-30,110516,1,1,0,1563.0
10109817PEREIRAB_2025-05-30_G39,10109817PEREIRAB,2025-05-30,109974,1,3,0,229.0
10109817PEREIRAB_2025-05-30_G40,10109817PEREIRAB,2025-05-30,103149,1,4,0,289.0
10109817PEREIRAB_2025-05-30_G41,10109817PEREIRAB,2025-05-30,108361,1,2,0,211.0
10109817PEREIRAB_2025-05-30_G42,10109817PEREIRAB,2025-05-30,110063,1,3,0,523.0
10109817PEREIRAB_2025-05-30_G43,10109817PEREIRAB,2025-05-30,118196,1,3,0,418.0
10109817PEREIRAB_2025-05-30_G44,10109817PEREIRAB,2025-05-30,118222,1,24,0,1729.0
10109817PEREIRAB_2025-05-30_G45,10109817PEREIRAB,2025-05-30,117935,1,8,0,199.0
10109817PEREIRAB_2025-05-30_G46,10109817PEREIRAB,2025-05-30,111467,1,26,0,859.0
10109817PEREIRAB_2025-05-30_G47,10109817PEREIRAB,2025-05-30,101217,1,8,0,336.0
10109817PEREIRAB_2025-05-30_G48,10109817PEREIRAB,2025-05-30,110515,1,20,0,269.0
10109817PEREIRAB_2025-05-31_G02,10109817PEREIRAB,2025-05-31,111530,1,10,0,470.0
10109817PEREIRAB_2025-05-31_G03,10109817PEREIRAB,2025-05-31,110325,1,4,0,199.0
10109817PEREIRAB_2025-05-31_G04,10109817PEREIRAB,2025-05-31,111441,1,4,0,438.0
10109817PEREIRAB_2025-05-31_G05,10109817PEREIRAB,2025-05-31,118299,1,8,0,123.0
10109817PEREIRAB_2025-05-31_G06,10109817PEREIRAB,2025-05-31,111172,1,1,0,93.0
10109817PEREIRAB_2025-05-31_G07,10109817PEREIRAB,2025-05-31,111442,1,12,0,310.0
10109817PEREIRAB_2025-05-31_G08,10109817PEREIRAB,2025-05-31,117935,1,1,0,405.0
10109817PEREIRAB_2025-05-31_G09,10109817PEREIRAB,2025-05-31,111530,1,8,0,195.0
10109817PEREIRAB_2025-05-31_G10,10109817PEREIRAB,2025-05-31,111602,1,6,0,500.0
10109817PEREIRAB_2025-05-31_G11,10109817PEREIRAB,2025-05-31,108711,1,8,0,162.0
10109817PEREIRAB_2025-05-31_G12,10109817PEREIRAB,2025-05-31,118140,1,6,0,170.0
10109817PEREIRAB_2025-05-31_G13,10109817PEREIRAB,2025-05-31,110787,1,4,0,101.0
10109817PEREIRAB_2025-05-31_G14,10109817PEREIRAB,2025-05-31,110742,1,2,0,257.0
10109817PEREIRAB_2025-05-31_G15,10109817PEREIRAB,2025-05-31,110742,1,2,0,58.0
10109817PEREIRAB_2025-05-31_G16,10109817PEREIRAB,2025-05-31,108795,1,4,0,92.0
10109817PEREIRAB_2025-05-31_G17,10109817PEREIRAB,2025-05-31,111602,1,1,0,528.0
10109817PEREIRAB_2025-05-31_G18,10109817PEREIRAB,2025-05-31,108711,1,2,0,102.0
10109817PEREIRAB_2025-05-31_G19,10109817PEREIRAB,2025-05-31,118140,2,4,10,110.0
10109817PEREIRAB_2025-05-31_G20,10109817PEREIRAB,2025-05-31,110787,1,4,0,49.0
10109817PEREIRAB_2025-05-31_G21,10109817PEREIRAB,2025-05-31,111602,1,3,0,471.0
10109817PEREIRAB_2025-05-31_G22,10109817PEREIRAB,2025-05-31,118140,1,8,0,774.0
10109817PEREIRAB_2025-05-31_G23,10109817PEREIRAB,2025-05-31,108711,1,8,0,150.0
10109817PEREIRAB_2025-05-31_G24,10109817PEREIRAB,2025-05-31,111602,1,5,0,3179.0
10109817PEREIRAB_2025-05-31_G25,10109817PEREIRAB,2025-05-31,111602,1,8,0,115.0
10109817PEREIRAB_2025-05-31_G26,10109817PEREIRAB,2025-05-31,111466,1,6,0,237.0
10109817PEREIRAB_2025-05-31_G27,10109817PEREIRAB,2025-05-31,110373,1,4,0,118.0
10109817PEREIRAB_2025-05-31_G28,10109817PEREIRAB,2025-05-31,110372,1,2,0,155.0
10109817PEREIRAB_2025-05-31_G29,10109817PEREIRAB,2025-05-31,111602,1,8,0,437.0
10109817PEREIRAB_2025-05-31_G30,10109817PEREIRAB,2025-05-31,118094,1,12,0,369.0
10109817PEREIRAB_2025-05-31_G31,10109817PEREIRAB,2025-05-31,117831,1,24,0,535.0
10109817PEREIRAB_2025-05-31_G32,10109817PEREIRAB,2025-05-31,118140,1,8,0,264.0
10109817PEREIRAB_2025-05-31_G33,10109817PEREIRAB,2025-05-31,118140,1,8,0,147.0
10109817PEREIRAB_2025-05-31_G34,10109817PEREIRAB,2025-05-31,111465,1,2,0,127.0
10109817PEREIRAB_2025-05-31_G36,10109817PEREIRAB,2025-05-31,111431,1,2,0,168.0
10109817PEREIRAB_2025-05-31_G37,10109817PEREIRAB,2025-05-31,109643,1,4,0,432.0
10109817PEREIRAB_2025-05-31_G38,10109817PEREIRAB,2025-05-31,118299,1,4,0,214.0
10109817PEREIRAB_2025-05-31_G39,10109817PEREIRAB,2025-05-31,117820,1,10,0,192.0
10109817PEREIRAB_2025-05-31_G40,10109817PEREIRAB,2025-05-31,110711,1,4,0,632.0
10109817PEREIRAB_2025-05-31_G41,10109817PEREIRAB,2025-05-31,118416,1,4,0,601.0
10109817PEREIRAB_2025-06-06_G02,10109817PEREIRAB,2025-06-06,140922,1,4,0,129.0
10109817PEREIRAB_2025-06-06_G03,10109817PEREIRAB,2025-06-06,111172,1,1,0,97.0
10109817PEREIRAB_2025-06-06_G04,10109817PEREIRAB,2025-06-06,108711,1,4,0,92.0
10109817PEREIRAB_2025-06-06_G05,10109817PEREIRAB,2025-06-06,118223,1,4,0,234.0
10109817PEREIRAB_2025-06-06_G06,10109817PEREIRAB,2025-06-06,117821,1,4,0,149.0
10109817PEREIRAB_2025-06-06_G07,10109817PEREIRAB,2025-06-06,111465,1,6,0,238.0
10109817PEREIRAB_2025-06-07_G02,10109817PEREIRAB,2025-06-07,110747,1,4,0,329.0
10109817PEREIRAB_2025-06-07_G03,10109817PEREIRAB,2025-06-07,111435,1,2,0,235.0
10109817PEREIRAB_2025-06-07_G04,10109817PEREIRAB,2025-06-07,111330,1,2,0,151.0
10109817PEREIRAB_2025-06-07_G05,10109817PEREIRAB,2025-06-07,111466,1,20,0,440.0
10109817PEREIRAB_2025-06-07_G06,10109817PEREIRAB,2025-06-07,117820,1,4,0,155.0
10109817PEREIRAB_2025-06-07_G07,10109817PEREIRAB,2025-06-07,140922,1,8,0,387.0
10109817PEREIRAB_2025-06-07_G08,10109817PEREIRAB,2025-06-07,111182,1,8,0,239.0
10109817PEREIRAB_2025-06-07_G09,10109817PEREIRAB,2025-06-07,118222,1,1,0,508.0
10109817PEREIRAB_2025-06-07_G10,10109817PEREIRAB,2025-06-07,110515,1,3,0,246.0
10109817PEREIRAB_2025-06-07_G11,10109817PEREIRAB,2025-06-07,"117831, 117785",2,10,5,970.0
10109817PEREIRAB_2025-06-07_G12,10109817PEREIRAB,2025-06-07,117808,1,12,0,337.0
10109817PEREIRAB_2025-06-07_G13,10109817PEREIRAB,2025-06-07,118299,1,8,0,527.0
10109817PEREIRAB_2025-06-07_G14,10109817PEREIRAB,2025-06-07,117809,1,2,0,63.0
10109817PEREIRAB_2025-06-07_G15,10109817PEREIRAB,2025-06-07,117820,1,8,0,114.0
10109817PEREIRAB_2025-06-07_G16,10109817PEREIRAB,2025-06-07,117831,1,24,0,436.0
10109817PEREIRAB_2025-06-07_G17,10109817PEREIRAB,2025-06-07,111469,1,10,0,511.0
10109817PEREIRAB_2025-06-07_G18,10109817PEREIRAB,2025-06-07,110325,2,9,27,163.0
10109817PEREIRAB_2025-06-07_G19,10109817PEREIRAB,2025-06-07,110374,1,2,0,189.0
10109817PEREIRAB_2025-06-07_G20,10109817PEREIRAB,2025-06-07,110374,1,5,0,268.0
10109817PEREIRAB_2025-06-07_G21,10109817PEREIRAB,2025-06-07,117808,1,32,0,100.0
10109817PEREIRAB_2025-06-07_G22,10109817PEREIRAB,2025-06-07,110373,1,10,0,844.0
10109817PEREIRAB_2025-06-07_G23,10109817PEREIRAB,2025-06-07,110372,1,4,0,380.0
10109817PEREIRAB_2025-06-07_G24,10109817PEREIRAB,2025-06-07,118299,1,8,0,313.0
10109817PEREIRAB_2025-06-07_G25,10109817PEREIRAB,2025-06-07,117832,1,8,0,192.0
10109817PEREIRAB_2025-06-07_G26,10109817PEREIRAB,2025-06-07,117820,1,20,0,200.0
10109817PEREIRAB_2025-06-07_G27,10109817PEREIRAB,2025-06-07,110339,1,2,0,1677.0
10109817PEREIRAB_2025-06-07_G28,10109817PEREIRAB,2025-06-07,111462,1,20,0,253.0
10109817PEREIRAB_2025-06-07_G29,10109817PEREIRAB,2025-06-07,140922,1,18,0,410.0
10109817PEREIRAB_2025-06-07_G30,10109817PEREIRAB,2025-06-07,111466,1,4,0,146.0
10109817PEREIRAB_2025-06-07_G31,10109817PEREIRAB,2025-06-07,118140,1,12,0,752.0
10109817PEREIRAB_2025-06-07_G32,10109817PEREIRAB,2025-06-07,111465,1,8,0,575.0
10109817PEREIRAB_2025-06-07_G33,10109817PEREIRAB,2025-06-07,107629,1,8,0,693.0
10109817PEREIRAB_2025-06-07_G34,10109817PEREIRAB,2025-06-07,111443,1,4,0,216.0
10109817PEREIRAB_2025-06-07_G35,10109817PEREIRAB,2025-06-07,110373,1,10,0,279.0
10109817PEREIRAB_2025-06-07_G36,10109817PEREIRAB,2025-06-07,111602,1,10,0,297.0
10109817PEREIRAB_2025-06-07_G37,10109817PEREIRAB,2025-06-07,110754,1,4,0,647.0
10109817PEREIRAB_2025-06-07_G38,10109817PEREIRAB,2025-06-07,140922,1,4,0,161.0
10109817PEREIRAB_2025-06-07_G39,10109817PEREIRAB,2025-06-07,110313,1,5,0,156.0
10109817PEREIRAB_2025-06-09_G02,10109817PEREIRAB,2025-06-09,111463,1,2,0,181.0
10109817PEREIRAB_2025-06-09_G03,10109817PEREIRAB,2025-06-09,118140,1,7,0,543.0
10109817PEREIRAB_2025-06-09_G04,10109817PEREIRAB,2025-06-09,110747,1,3,0,598.0
10109817PEREIRAB_2025-06-09_G05,10109817PEREIRAB,2025-06-09,111569,1,11,0,208.0
10109817PEREIRAB_2025-06-09_G06,10109817PEREIRAB,2025-06-09,118222,1,6,0,240.0
10109817PEREIRAB_2025-06-09_G07,10109817PEREIRAB,2025-06-09,117855,1,2,0,568.0
10109817PEREIRAB_2025-06-09_G08,10109817PEREIRAB,2025-06-09,111469,1,5,0,173.0
10109817PEREIRAB_2025-06-09_G09,10109817PEREIRAB,2025-06-09,105705,1,2,0,51.0
10109817PEREIRAB_2025-06-09_G10,10109817PEREIRAB,2025-06-09,111532,1,4,0,108.0
10109817PEREIRAB_2025-06-09_G11,10109817PEREIRAB,2025-06-09,111418,1,24,0,253.0
10109817PEREIRAB_2025-06-09_G12,10109817PEREIRAB,2025-06-09,118317,1,1,0,113.0
10109817PEREIRAB_2025-06-09_G13,10109817PEREIRAB,2025-06-09,117821,1,2,0,102.0
10109817PEREIRAB_2025-06-09_G14,10109817PEREIRAB,2025-06-09,110374,1,2,0,334.0
10109817PEREIRAB_2025-06-09_G15,10109817PEREIRAB,2025-06-09,117808,1,9,0,86.0
10109817PEREIRAB_2025-06-09_G16,10109817PEREIRAB,2025-06-09,118299,1,5,0,180.0
10109817PEREIRAB_2025-06-09_G17,10109817PEREIRAB,2025-06-09,110372,1,5,0,62.0
10109817PEREIRAB_2025-06-09_G18,10109817PEREIRAB,2025-06-09,110371,1,18,0,179.0
10109817PEREIRAB_2025-06-09_G19,10109817PEREIRAB,2025-06-09,117830,1,5,0,97.0
10109817PEREIRAB_2025-06-09_G20,10109817PEREIRAB,2025-06-09,141047,1,3,0,494.0
10109817PEREIRAB_2025-06-09_G21,10109817PEREIRAB,2025-06-09,100334,1,4,0,611.0
10109817PEREIRAB_2025-06-09_G22,10109817PEREIRAB,2025-06-09,111467,1,1,0,174.0
10109817PEREIRAB_2025-06-09_G23,10109817PEREIRAB,2025-06-09,117853,1,2,0,147.0
10109817PEREIRAB_2025-06-09_G24,10109817PEREIRAB,2025-06-09,110515,1,2,0,139.0
10109817PEREIRAB_2025-06-09_G25,10109817PEREIRAB,2025-06-09,117856,1,4,0,222.0
10109817PEREIRAB_2025-06-09_G26,10109817PEREIRAB,2025-06-09,110373,1,4,0,304.0
10109817PEREIRAB_2025-06-09_G27,10109817PEREIRAB,2025-06-09,110372,1,8,0,181.0
10109817PEREIRAB_2025-06-09_G28,10109817PEREIRAB,2025-06-09,117809,1,4,0,242.0
10109817PEREIRAB_2025-06-09_G29,10109817PEREIRAB,2025-06-09,111435,1,2,0,2924.0
10109817PEREIRAB_2025-06-09_G30,10109817PEREIRAB,2025-06-09,117935,1,4,0,228.0
10109817PEREIRAB_2025-06-09_G31,10109817PEREIRAB,2025-06-09,108795,1,2,0,200.0
10109817PEREIRAB_2025-06-09_G32,10109817PEREIRAB,2025-06-09,111463,1,4,0,98.0
10109817PEREIRAB_2025-06-09_G33,10109817PEREIRAB,2025-06-09,111469,1,2,0,108.0
10109817PEREIRAB_2025-06-09_G34,10109817PEREIRAB,2025-06-09,111418,1,10,0,191.0
10109817PEREIRAB_2025-06-09_G35,10109817PEREIRAB,2025-06-09,111348,1,4,0,118.0
10109817PEREIRAB_2025-06-09_G36,10109817PEREIRAB,2025-06-09,118317,1,1,0,43.0
10109817PEREIRAB_2025-06-09_G37,10109817PEREIRAB,2025-06-09,117785,1,2,0,50.0
10109817PEREIRAB_2025-06-09_G38,10109817PEREIRAB,2025-06-09,117835,1,2,0,890.0
10109817PEREIRAB_2025-06-09_G39,10109817PEREIRAB,2025-06-09,110339,1,2,0,202.0
10109817PEREIRAB_2025-06-09_G40,10109817PEREIRAB,2025-06-09,111602,1,5,0,147.0
10109817PEREIRAB_2025-06-09_G41,10109817PEREIRAB,2025-06-09,117856,1,8,0,185.0
10109817PEREIRAB_2025-06-09_G42,10109817PEREIRAB,2025-06-09,111435,1,2,0,134.0
10109817PEREIRAB_2025-06-09_G43,10109817PEREIRAB,2025-06-09,108795,1,3,0,72.0
10109817PEREIRAB_2025-06-09_G44,10109817PEREIRAB,2025-06-09,111463,1,2,0,57.0
10109817PEREIRAB_2025-06-09_G45,10109817PEREIRAB,2025-06-09,111469,1,6,0,67.0
10109817PEREIRAB_2025-06-09_G46,10109817PEREIRAB,2025-06-09,111182,1,4,0,69.0
10109817PEREIRAB_2025-06-09_G47,10109817PEREIRAB,2025-06-09,111172,1,2,0,98.0
10109817PEREIRAB_2025-06-09_G48,10109817PEREIRAB,2025-06-09,111418,1,20,0,235.0
10109817PEREIRAB_2025-06-09_G49,10109817PEREIRAB,2025-06-09,118140,1,5,0,125.0
10109817PEREIRAB_2025-06-09_G50,10109817PEREIRAB,2025-06-09,111348,1,1,0,64.0
10109817PEREIRAB_2025-06-09_G51,10109817PEREIRAB,2025-06-09,118317,1,4,0,78.0
10109817PEREIRAB_2025-06-09_G52,10109817PEREIRAB,2025-06-09,111433,1,2,0,65.0
10109817PEREIRAB_2025-06-09_G54,10109817PEREIRAB,2025-06-09,117831,1,6,0,341.0
10109817PEREIRAB_2025-06-09_G55,10109817PEREIRAB,2025-06-09,109641,1,2,0,236.0
10109817PEREIRAB_2025-06-09_G56,10109817PEREIRAB,2025-06-09,111469,1,6,0,81.0
10109817PEREIRAB_2025-06-09_G57,10109817PEREIRAB,2025-06-09,111532,1,3,0,86.0
10109817PEREIRAB_2025-06-09_G58,10109817PEREIRAB,2025-06-09,109645,1,2,0,113.0
10109817PEREIRAB_2025-06-09_G59,10109817PEREIRAB,2025-06-09,118140,1,4,0,71.0
10109817PEREIRAB_2025-06-09_G60,10109817PEREIRAB,2025-06-09,111443,1,2,0,390.0
10109817PEREIRAB_2025-06-09_G61,10109817PEREIRAB,2025-06-09,111435,1,7,0,277.0
10109817PEREIRAB_2025-06-09_G62,10109817PEREIRAB,2025-06-09,110743,1,4,0,123.0
10109817PEREIRAB_2025-06-09_G63,10109817PEREIRAB,2025-06-09,111182,1,4,0,206.0
10109817PEREIRAB_2025-06-09_G64,10109817PEREIRAB,2025-06-09,110745,1,4,0,53.0
10109817PEREIRAB_2025-06-09_G65,10109817PEREIRAB,2025-06-09,111466,2,29,9,215.0
10109817PEREIRAB_2025-06-09_G66,10109817PEREIRAB,2025-06-09,111172,1,4,0,224.0
10109817PEREIRAB_2025-06-09_G67,10109817PEREIRAB,2025-06-09,108711,1,8,0,84.0
10109817PEREIRAB_2025-06-09_G68,10109817PEREIRAB,2025-06-09,118140,1,16,0,526.0
10109817PEREIRAB_2025-06-09_G69,10109817PEREIRAB,2025-06-09,117785,1,13,0,178.0
10109817PEREIRAB_2025-06-09_G70,10109817PEREIRAB,2025-06-09,111442,1,7,0,87.0
10109817PEREIRAB_2025-06-09_G71,10109817PEREIRAB,2025-06-09,117821,1,12,0,176.0
10109817PEREIRAB_2025-06-09_G72,10109817PEREIRAB,2025-06-09,110787,1,13,0,159.0
10109817PEREIRAB_2025-06-09_G73,10109817PEREIRAB,2025-06-09,111330,1,8,0,154.0
10109817PEREIRAB_2025-06-09_G74,10109817PEREIRAB,2025-06-09,111465,2,34,21,258.0
10109817PEREIRAB_2025-06-09_G75,10109817PEREIRAB,2025-06-09,141047,1,8,0,695.0
10109817PEREIRAB_2025-06-10_G02,10109817PEREIRAB,2025-06-10,117862,1,8,0,183.0
10109817PEREIRAB_2025-06-10_G03,10109817PEREIRAB,2025-06-10,110313,1,1,0,197.0
10109817PEREIRAB_2025-06-10_G04,10109817PEREIRAB,2025-06-10,117856,1,1,0,118.0
10109817PEREIRAB_2025-06-10_G05,10109817PEREIRAB,2025-06-10,109641,1,4,0,618.0
10109817PEREIRAB_2025-06-10_G06,10109817PEREIRAB,2025-06-10,111172,1,3,0,126.0
10109817PEREIRAB_2025-06-10_G07,10109817PEREIRAB,2025-06-10,117821,1,4,0,142.0
10109817PEREIRAB_2025-06-10_G08,10109817PEREIRAB,2025-06-10,110325,1,2,0,152.0
10109817PEREIRAB_2025-06-10_G09,10109817PEREIRAB,2025-06-10,117808,1,20,0,202.0
10109817PEREIRAB_2025-06-10_G10,10109817PEREIRAB,2025-06-10,100334,1,4,0,698.0
10109817PEREIRAB_2025-06-10_G11,10109817PEREIRAB,2025-06-10,108795,1,2,0,109.0
10109817PEREIRAB_2025-06-10_G12,10109817PEREIRAB,2025-06-10,110745,1,4,0,165.0
10109817PEREIRAB_2025-06-10_G13,10109817PEREIRAB,2025-06-10,111466,1,6,0,99.0
10109817PEREIRAB_2025-06-10_G14,10109817PEREIRAB,2025-06-10,117862,1,3,0,69.0
10109817PEREIRAB_2025-06-10_G15,10109817PEREIRAB,2025-06-10,117786,1,4,0,71.0
10109817PEREIRAB_2025-06-10_G16,10109817PEREIRAB,2025-06-10,110372,1,8,0,111.0
10109817PEREIRAB_2025-06-10_G17,10109817PEREIRAB,2025-06-10,109645,1,2,0,186.0
10109817PEREIRAB_2025-06-10_G18,10109817PEREIRAB,2025-06-10,118317,1,1,0,141.0
10109817PEREIRAB_2025-06-10_G20,10109817PEREIRAB,2025-06-10,111443,1,3,0,243.0
10109817PEREIRAB_2025-06-10_G21,10109817PEREIRAB,2025-06-10,111435,1,4,0,105.0
10109817PEREIRAB_2025-06-10_G22,10109817PEREIRAB,2025-06-10,140922,1,2,0,106.0
10109817PEREIRAB_2025-06-10_G23,10109817PEREIRAB,2025-06-10,111532,1,4,0,289.0
10109817PEREIRAB_2025-06-10_G24,10109817PEREIRAB,2025-06-10,109645,1,1,0,114.0
10109817PEREIRAB_2025-06-10_G25,10109817PEREIRAB,2025-06-10,110325,1,8,0,366.0
10109817PEREIRAB_2025-06-10_G26,10109817PEREIRAB,2025-06-10,117808,1,24,0,269.0
10109817PEREIRAB_2025-06-10_G27,10109817PEREIRAB,2025-06-10,110373,1,12,0,235.0
10109817PEREIRAB_2025-06-10_G28,10109817PEREIRAB,2025-06-10,118299,1,20,0,543.0
10109817PEREIRAB_2025-06-10_G29,10109817PEREIRAB,2025-06-10,110371,1,20,0,358.0
10109817PEREIRAB_2025-06-10_G30,10109817PEREIRAB,2025-06-10,117820,1,8,0,163.0
10109817PEREIRAB_2025-06-10_G31,10109817PEREIRAB,2025-06-10,117808,1,90,0,608.0
10109817PEREIRAB_2025-06-10_G32,10109817PEREIRAB,2025-06-10,110373,1,20,0,927.0
10109817PEREIRAB_2025-06-10_G33,10109817PEREIRAB,2025-06-10,109648,1,4,0,90.0
10109817PEREIRAB_2025-06-10_G34,10109817PEREIRAB,2025-06-10,118299,1,62,0,635.0
10109817PEREIRAB_2025-06-10_G35,10109817PEREIRAB,2025-06-10,110372,1,68,0,1186.0
10109817PEREIRAB_2025-06-10_G36,10109817PEREIRAB,2025-06-10,117820,1,28,0,531.0
10109817PEREIRAB_2025-06-10_G38,10109817PEREIRAB,2025-06-10,110747,1,2,0,130.0
10109817PEREIRAB_2025-06-10_G39,10109817PEREIRAB,2025-06-10,110754,1,4,0,76.0
10109817PEREIRAB_2025-06-10_G40,10109817PEREIRAB,2025-06-10,111430,1,6,0,213.0
10109817PEREIRAB_2025-06-10_G41,10109817PEREIRAB,2025-06-10,111569,1,2,0,425.0
10109817PEREIRAB_2025-06-10_G42,10109817PEREIRAB,2025-06-10,109937,1,6,0,165.0
10109817PEREIRAB_2025-06-10_G43,10109817PEREIRAB,2025-06-10,118306,1,15,0,506.0
10109817PEREIRAB_2025-06-11_G02,10109817PEREIRAB,2025-06-11,111743,1,2,0,806.0
10109817PEREIRAB_2025-06-11_G03,10109817PEREIRAB,2025-06-11,117831,1,21,0,702.0
10109817PEREIRAB_2025-06-11_G04,10109817PEREIRAB,2025-06-11,110751,1,7,0,266.0
10109817PEREIRAB_2025-06-11_G05,10109817PEREIRAB,2025-06-11,118140,1,15,0,223.0
10109817PEREIRAB_2025-06-11_G06,10109817PEREIRAB,2025-06-11,117842,1,6,0,343.0
10109817PEREIRAB_2025-06-11_G07,10109817PEREIRAB,2025-06-11,117787,1,9,0,270.0
10109817PEREIRAB_2025-06-11_G08,10109817PEREIRAB,2025-06-11,111444,1,4,0,635.0
10109817PEREIRAB_2025-06-11_G09,10109817PEREIRAB,2025-06-11,118317,1,8,0,417.0
10109817PEREIRAB_2025-06-11_G10,10109817PEREIRAB,2025-06-11,111442,1,12,0,213.0
10109817PEREIRAB_2025-06-11_G11,10109817PEREIRAB,2025-06-11,117821,1,3,0,69.0
10109817PEREIRAB_2025-06-11_G12,10109817PEREIRAB,2025-06-11,118330,1,6,0,73.0
10109817PEREIRAB_2025-06-11_G13,10109817PEREIRAB,2025-06-11,111465,1,11,0,153.0
10109817PEREIRAB_2025-06-11_G14,10109817PEREIRAB,2025-06-11,111418,1,29,0,563.0
10109817PEREIRAB_2025-06-11_G15,10109817PEREIRAB,2025-06-11,117785,1,60,0,634.0
10109817PEREIRAB_2025-06-11_G16,10109817PEREIRAB,2025-06-11,111466,1,58,0,544.0
10109817PEREIRAB_2025-06-11_G17,10109817PEREIRAB,2025-06-11,"116241, 110743",2,4,9,1275.0
10109817PEREIRAB_2025-06-11_G18,10109817PEREIRAB,2025-06-11,118330,1,2,0,2401.0
10109817PEREIRAB_2025-06-11_G19,10109817PEREIRAB,2025-06-11,117935,1,2,0,356.0
10109817PEREIRAB_2025-06-11_G20,10109817PEREIRAB,2025-06-11,110339,1,2,0,272.0
10109817PEREIRAB_2025-06-11_G21,10109817PEREIRAB,2025-06-11,110515,1,6,0,121.0
10109817PEREIRAB_2025-06-11_G22,10109817PEREIRAB,2025-06-11,117861,1,9,0,432.0
10109817PEREIRAB_2025-06-11_G23,10109817PEREIRAB,2025-06-11,110313,1,4,0,433.0
10109817PEREIRAB_2025-06-11_G24,10109817PEREIRAB,2025-06-11,117856,1,12,0,288.0
10109817PEREIRAB_2025-06-11_G25,10109817PEREIRAB,2025-06-11,117831,1,1,0,521.0
10109817PEREIRAB_2025-06-11_G26,10109817PEREIRAB,2025-06-11,117833,1,8,0,89.0
10109817PEREIRAB_2025-06-11_G27,10109817PEREIRAB,2025-06-11,108711,1,2,0,62.0
10109817PEREIRAB_2025-06-11_G28,10109817PEREIRAB,2025-06-11,"111465, 111743",2,3,16,103.0
10109817PEREIRAB_2025-06-11_G29,10109817PEREIRAB,2025-06-11,140911,1,1,0,547.0
10109817PEREIRAB_2025-06-11_G30,10109817PEREIRAB,2025-06-11,111466,1,4,0,159.0
10109817PEREIRAB_2025-06-11_G31,10109817PEREIRAB,2025-06-11,108794,1,8,0,290.0
10109817PEREIRAB_2025-06-11_G32,10109817PEREIRAB,2025-06-11,111466,1,4,0,95.0
10109817PEREIRAB_2025-06-11_G33,10109817PEREIRAB,2025-06-11,118140,1,4,0,198.0
10109817PEREIRAB_2025-06-11_G34,10109817PEREIRAB,2025-06-11,117834,1,8,0,1335.0
10109817PEREIRAB_2025-06-11_G35,10109817PEREIRAB,2025-06-11,111430,1,2,0,120.0
10109817PEREIRAB_2025-06-11_G36,10109817PEREIRAB,2025-06-11,111569,1,4,0,127.0
10109817PEREIRAB_2025-06-11_G37,10109817PEREIRAB,2025-06-11,110515,1,1,0,124.0
10109817PEREIRAB_2025-06-11_G38,10109817PEREIRAB,2025-06-11,110750,1,5,0,121.0
10109817PEREIRAB_2025-06-11_G40,10109817PEREIRAB,2025-06-11,110752,1,2,0,81.0
10109817PEREIRAB_2025-06-11_G41,10109817PEREIRAB,2025-06-11,110733,1,45,0,425.0
10109817PEREIRAB_2025-06-11_G42,10109817PEREIRAB,2025-06-11,111602,1,3,0,128.0
10109817PEREIRAB_2025-06-11_G43,10109817PEREIRAB,2025-06-11,111463,2,61,8,506.0
10109817PEREIRAB_2025-06-11_G44,10109817PEREIRAB,2025-06-11,111469,1,20,0,230.0
10109817PEREIRAB_2025-06-11_G45,10109817PEREIRAB,2025-06-11,105705,1,50,0,770.0
10109817PEREIRAB_2025-06-11_G46,10109817PEREIRAB,2025-06-11,111466,1,20,0,381.0
10109817PEREIRAB_2025-06-11_G47,10109817PEREIRAB,2025-06-11,111418,1,4,0,172.0
10109817PEREIRAB_2025-06-11_G48,10109817PEREIRAB,2025-06-11,118140,1,10,0,317.0
10109817PEREIRAB_2025-06-11_G49,10109817PEREIRAB,2025-06-11,109645,1,15,0,106.0
10109817PEREIRAB_2025-06-12_G02,10109817PEREIRAB,2025-06-12,108794,1,4,0,234.0
10109817PEREIRAB_2025-06-12_G03,10109817PEREIRAB,2025-06-12,105705,1,8,0,1737.0
10109817PEREIRAB_2025-06-12_G04,10109817PEREIRAB,2025-06-12,140922,1,10,0,151.0
10109817PEREIRAB_2025-06-12_G05,10109817PEREIRAB,2025-06-12,108798,1,4,0,129.0
10109817PEREIRAB_2025-06-12_G06,10109817PEREIRAB,2025-06-12,108711,1,1,0,46.0
10109817PEREIRAB_2025-06-12_G07,10109817PEREIRAB,2025-06-12,118140,1,24,0,525.0
10109817PEREIRAB_2025-06-12_G08,10109817PEREIRAB,2025-06-12,111462,1,5,0,151.0
10109817PEREIRAB_2025-06-12_G09,10109817PEREIRAB,2025-06-12,111418,1,14,0,201.0
10109817PEREIRAB_2025-06-12_G10,10109817PEREIRAB,2025-06-12,118140,1,2,0,131.0
10109817PEREIRAB_2025-06-12_G11,10109817PEREIRAB,2025-06-12,109645,1,5,0,547.0
10109817PEREIRAB_2025-06-12_G12,10109817PEREIRAB,2025-06-12,111348,1,12,0,214.0
10109817PEREIRAB_2025-06-12_G13,10109817PEREIRAB,2025-06-12,111348,1,2,0,63.0
10109817PEREIRAB_2025-06-12_G14,10109817PEREIRAB,2025-06-12,111442,1,4,0,93.0
10109817PEREIRAB_2025-06-12_G15,10109817PEREIRAB,2025-06-12,117821,1,7,0,208.0
10109817PEREIRAB_2025-06-12_G16,10109817PEREIRAB,2025-06-12,111465,1,7,0,107.0
10109817PEREIRAB_2025-06-12_G17,10109817PEREIRAB,2025-06-12,118094,1,8,0,262.0
10109817PEREIRAB_2025-06-12_G18,10109817PEREIRAB,2025-06-12,110515,1,4,0,148.0
10109817PEREIRAB_2025-06-12_G19,10109817PEREIRAB,2025-06-12,109640,2,15,11,1046.0
10109817PEREIRAB_2025-06-12_G20,10109817PEREIRAB,2025-06-12,110752,1,6,0,336.0
10109817PEREIRAB_2025-06-12_G21,10109817PEREIRAB,2025-06-12,110733,1,1,0,108.0
10109817PEREIRAB_2025-06-12_G22,10109817PEREIRAB,2025-06-12,"117935, 117855",2,23,9,271.0
10109817PEREIRAB_2025-06-12_G23,10109817PEREIRAB,2025-06-12,109640,2,30,7,648.0
10109817PEREIRAB_2025-06-12_G24,10109817PEREIRAB,2025-06-12,110895,1,12,0,3340.0
10109817PEREIRAB_2025-06-12_G25,10109817PEREIRAB,2025-06-12,110313,1,12,0,252.0
10109817PEREIRAB_2025-06-12_G26,10109817PEREIRAB,2025-06-12,117831,1,6,0,145.0
10109817PEREIRAB_2025-06-12_G27,10109817PEREIRAB,2025-06-12,108795,1,6,0,241.0
10109817PEREIRAB_2025-06-12_G28,10109817PEREIRAB,2025-06-12,111743,1,6,0,66.0
10109817PEREIRAB_2025-06-12_G29,10109817PEREIRAB,2025-06-12,140922,1,8,0,142.0
10109817PEREIRAB_2025-06-12_G30,10109817PEREIRAB,2025-06-12,108711,1,12,0,550.0
10109817PEREIRAB_2025-06-12_G31,10109817PEREIRAB,2025-06-12,118140,1,8,0,274.0
10109817PEREIRAB_2025-06-12_G32,10109817PEREIRAB,2025-06-12,111602,1,40,0,410.0
10109817PEREIRAB_2025-06-12_G33,10109817PEREIRAB,2025-06-12,110895,1,8,0,516.0
10109817PEREIRAB_2025-06-12_G34,10109817PEREIRAB,2025-06-12,110313,1,8,0,198.0
10109817PEREIRAB_2025-06-12_G35,10109817PEREIRAB,2025-06-12,111602,1,30,0,582.0
10109817PEREIRAB_2025-06-12_G37,10109817PEREIRAB,2025-06-12,111743,1,2,0,178.0
10109817PEREIRAB_2025-06-12_G38,10109817PEREIRAB,2025-06-12,140922,1,4,0,252.0
10109817PEREIRAB_2025-06-12_G39,10109817PEREIRAB,2025-06-12,108711,1,8,0,153.0
10109817PEREIRAB_2025-06-12_G40,10109817PEREIRAB,2025-06-12,118140,1,6,0,103.0
10109817PEREIRAB_2025-06-12_G41,10109817PEREIRAB,2025-06-12,111602,1,30,0,504.0
10109817PEREIRAB_2025-06-12_G42,10109817PEREIRAB,2025-06-12,110313,1,16,0,473.0
10109817PEREIRAB_2025-06-12_G43,10109817PEREIRAB,2025-06-12,110733,1,2,0,100.0
10109817PEREIRAB_2025-06-12_G44,10109817PEREIRAB,2025-06-12,108795,1,6,0,164.0
10109817PEREIRAB_2025-06-12_G45,10109817PEREIRAB,2025-06-12,140922,1,4,0,92.0
10109817PEREIRAB_2025-06-12_G46,10109817PEREIRAB,2025-06-12,108711,1,8,0,118.0
10109817PEREIRAB_2025-06-12_G47,10109817PEREIRAB,2025-06-12,118140,1,12,0,424.0
10109817PEREIRAB_2025-06-12_G48,10109817PEREIRAB,2025-06-12,110895,1,4,0,302.0
10109817PEREIRAB_2025-06-24_G02,10109817PEREIRAB,2025-06-24,117862,1,4,0,188.0
10109817PEREIRAB_2025-06-24_G03,10109817PEREIRAB,2025-06-24,118094,1,12,0,364.0
10109817PEREIRAB_2025-06-24_G04,10109817PEREIRAB,2025-06-24,107629,1,4,0,103.0
10109817PEREIRAB_2025-06-24_G05,10109817PEREIRAB,2025-06-24,109640,1,1,0,54.0
10109817PEREIRAB_2025-06-24_G06,10109817PEREIRAB,2025-06-24,110753,1,4,0,255.0
10109817PEREIRAB_2025-06-24_G07,10109817PEREIRAB,2025-06-24,117861,1,2,0,67.0
10109817PEREIRAB_2025-06-24_G08,10109817PEREIRAB,2025-06-24,111467,1,2,0,136.0
10109817PEREIRAB_2025-06-24_G09,10109817PEREIRAB,2025-06-24,110895,1,2,0,74.0
10109817PEREIRAB_2025-06-24_G10,10109817PEREIRAB,2025-06-24,110313,1,13,0,866.0
10109817PEREIRAB_2025-06-24_G11,10109817PEREIRAB,2025-06-24,111530,1,8,0,165.0
10109817PEREIRAB_2025-06-24_G12,10109817PEREIRAB,2025-06-24,117935,1,5,0,223.0
10109817PEREIRAB_2025-06-24_G13,10109817PEREIRAB,2025-06-24,110325,1,2,0,163.0
10109817PEREIRAB_2025-06-24_G14,10109817PEREIRAB,2025-06-24,117808,1,8,0,103.0
10109817PEREIRAB_2025-06-24_G15,10109817PEREIRAB,2025-06-24,110373,1,3,0,111.0
10109817PEREIRAB_2025-06-24_G16,10109817PEREIRAB,2025-06-24,110376,1,2,0,57.0
10109817PEREIRAB_2025-06-24_G17,10109817PEREIRAB,2025-06-24,118299,1,16,0,334.0
10109817PEREIRAB_2025-06-24_G18,10109817PEREIRAB,2025-06-24,117830,1,2,0,143.0
10109817PEREIRAB_2025-06-24_G19,10109817PEREIRAB,2025-06-24,110374,1,4,0,112.0
10109817PEREIRAB_2025-06-24_G20,10109817PEREIRAB,2025-06-24,141202,1,6,0,109.0
10109817PEREIRAB_2025-06-24_G21,10109817PEREIRAB,2025-06-24,110372,1,14,0,194.0
10109817PEREIRAB_2025-06-24_G22,10109817PEREIRAB,2025-06-24,117809,1,20,0,547.0
10109817PEREIRAB_2025-06-24_G23,10109817PEREIRAB,2025-06-24,109647,1,2,0,71.0
10109817PEREIRAB_2025-06-24_G24,10109817PEREIRAB,2025-06-24,110129,1,8,0,564.0
10109817PEREIRAB_2025-06-24_G25,10109817PEREIRAB,2025-06-24,111463,1,14,0,123.0
10109817PEREIRAB_2025-06-24_G26,10109817PEREIRAB,2025-06-24,108711,1,8,0,119.0
10109817PEREIRAB_2025-06-24_G27,10109817PEREIRAB,2025-06-24,"140922, 110745",2,5,29,39.0
10109817PEREIRAB_2025-06-24_G28,10109817PEREIRAB,2025-06-24,117831,1,8,0,69.0
10109817PEREIRAB_2025-06-24_G29,10109817PEREIRAB,2025-06-24,117833,1,8,0,73.0
10109817PEREIRAB_2025-06-24_G30,10109817PEREIRAB,2025-06-24,117821,1,4,0,122.0
10109817PEREIRAB_2025-06-24_G31,10109817PEREIRAB,2025-06-24,118140,1,6,0,113.0
10109817PEREIRAB_2025-06-24_G32,10109817PEREIRAB,2025-06-24,109647,1,2,0,214.0
10109817PEREIRAB_2025-06-30_G02,10109817PEREIRAB,2025-06-30,117854,1,8,0,241.0
10109817PEREIRAB_2025-06-30_G03,10109817PEREIRAB,2025-06-30,111876,1,4,0,174.0
10109817PEREIRAB_2025-06-30_G04,10109817PEREIRAB,2025-06-30,111348,1,10,0,225.0
10109817PEREIRAB_2025-06-30_G05,10109817PEREIRAB,2025-06-30,111650,1,4,0,167.0
10109817PEREIRAB_2025-06-30_G06,10109817PEREIRAB,2025-06-30,117841,1,12,0,173.0
10109817PEREIRAB_2025-06-30_G07,10109817PEREIRAB,2025-06-30,111439,1,6,0,148.0
10109817PEREIRAB_2025-06-30_G08,10109817PEREIRAB,2025-06-30,111462,1,20,0,647.0
10109817PEREIRAB_2025-06-30_G09,10109817PEREIRAB,2025-06-30,117935,1,6,0,300.0
10109817PEREIRAB_2025-06-30_G10,10109817PEREIRAB,2025-06-30,117836,1,5,0,1618.0
10109817PEREIRAB_2025-06-30_G11,10109817PEREIRAB,2025-06-30,111446,1,14,0,621.0
10109817PEREIRAB_2025-06-30_G12,10109817PEREIRAB,2025-06-30,111463,1,6,0,251.0
10109817PEREIRAB_2025-06-30_G13,10109817PEREIRAB,2025-06-30,117832,1,20,0,238.0
10109817PEREIRAB_2025-06-30_G14,10109817PEREIRAB,2025-06-30,111465,1,4,0,272.0
10109817PEREIRAB_2025-06-30_G15,10109817PEREIRAB,2025-06-30,110332,1,2,0,139.0
10109817PEREIRAB_2025-06-30_G16,10109817PEREIRAB,2025-06-30,111446,1,12,0,189.0
10109817PEREIRAB_2025-06-30_G17,10109817PEREIRAB,2025-06-30,111446,1,4,0,40.0
10109817PEREIRAB_2025-06-30_G18,10109817PEREIRAB,2025-06-30,111463,3,20,37,322.0
10109817PEREIRAB_2025-06-30_G19,10109817PEREIRAB,2025-06-30,105705,1,12,0,317.0
10109817PEREIRAB_2025-06-30_G20,10109817PEREIRAB,2025-06-30,111469,1,4,0,380.0
10109817PEREIRAB_2025-06-30_G21,10109817PEREIRAB,2025-06-30,111330,1,12,0,217.0
10109817PEREIRAB_2025-06-30_G22,10109817PEREIRAB,2025-06-30,109641,1,4,0,122.0
10109817PEREIRAB_2025-06-30_G23,10109817PEREIRAB,2025-06-30,117837,1,4,0,135.0
10109817PEREIRAB_2025-06-30_G24,10109817PEREIRAB,2025-06-30,117809,1,4,0,158.0
10109817PEREIRAB_2025-06-30_G25,10109817PEREIRAB,2025-06-30,117820,1,16,0,38.0
10109817PEREIRAB_2025-06-30_G26,10109817PEREIRAB,2025-06-30,117820,1,4,0,203.0
10109817PEREIRAB_2025-06-30_G27,10109817PEREIRAB,2025-06-30,111443,1,20,0,532.0
10109817PEREIRAB_2025-06-30_G28,10109817PEREIRAB,2025-06-30,117830,1,150,0,2536.0
10109817PEREIRAB_2025-06-30_G29,10109817PEREIRAB,2025-06-30,110373,1,50,0,1073.0
10109817PEREIRAB_2025-06-30_G30,10109817PEREIRAB,2025-06-30,118299,1,1,0,437.0
10109817PEREIRAB_2025-06-30_G31,10109817PEREIRAB,2025-06-30,117831,1,4,0,291.0
10109817PEREIRAB_2025-06-30_G32,10109817PEREIRAB,2025-06-30,110373,1,8,0,202.0
10109817PEREIRAB_2025-06-30_G33,10109817PEREIRAB,2025-06-30,111602,1,4,0,180.0
10109817PEREIRAB_2025-06-30_G34,10109817PEREIRAB,2025-06-30,111463,1,20,0,389.0
10109817PEREIRAB_2025-06-30_G35,10109817PEREIRAB,2025-06-30,111443,1,4,0,856.0
10109817PEREIRAB_2025-06-30_G36,10109817PEREIRAB,2025-06-30,118094,1,7,0,190.0
10109817PEREIRAB_2025-06-30_G38,10109817PEREIRAB,2025-06-30,118299,1,40,0,478.0
10109817PEREIRAB_2025-06-30_G39,10109817PEREIRAB,2025-06-30,117935,1,16,0,401.0
10109817PEREIRAB_2025-07-09_G02,10109817PEREIRAB,2025-07-09,117820,1,80,0,995.0
10109817PEREIRAB_2025-07-09_G03,10109817PEREIRAB,2025-07-09,110374,1,40,0,698.0
10109817PEREIRAB_2025-07-09_G04,10109817PEREIRAB,2025-07-09,110371,1,50,0,538.0
10109817PEREIRAB_2025-07-09_G05,10109817PEREIRAB,2025-07-09,110373,1,50,0,404.0
10109817PEREIRAB_2025-07-09_G06,10109817PEREIRAB,2025-07-09,117809,1,50,0,556.0
10109817PEREIRAB_2025-07-09_G07,10109817PEREIRAB,2025-07-09,118222,1,30,0,580.0
10109817PEREIRAB_2025-07-09_G08,10109817PEREIRAB,2025-07-09,111850,1,5,0,415.0
10109817PEREIRAB_2025-07-09_G09,10109817PEREIRAB,2025-07-09,117834,1,6,0,214.0
10109817PEREIRAB_2025-07-09_G10,10109817PEREIRAB,2025-07-09,110895,1,4,0,257.0
10109817PEREIRAB_2025-07-09_G11,10109817PEREIRAB,2025-07-09,111569,1,8,0,203.0
10109817PEREIRAB_2025-07-09_G12,10109817PEREIRAB,2025-07-09,111435,1,4,0,305.0
10109817PEREIRAB_2025-07-09_G13,10109817PEREIRAB,2025-07-09,110751,1,1,0,155.0
10109817PEREIRAB_2025-07-09_G14,10109817PEREIRAB,2025-07-09,111469,1,10,0,198.0
10109817PEREIRAB_2025-07-09_G15,10109817PEREIRAB,2025-07-09,110745,1,3,0,63.0
10109817PEREIRAB_2025-07-09_G16,10109817PEREIRAB,2025-07-09,117833,1,4,0,96.0
10109817PEREIRAB_2025-07-09_G17,10109817PEREIRAB,2025-07-09,111172,1,14,0,155.0
10109817PEREIRAB_2025-07-09_G18,10109817PEREIRAB,2025-07-09,110740,1,10,0,184.0
10109817PEREIRAB_2025-07-09_G19,10109817PEREIRAB,2025-07-09,110748,1,4,0,81.0
10109817PEREIRAB_2025-07-09_G20,10109817PEREIRAB,2025-07-09,109645,1,5,0,88.0
10109817PEREIRAB_2025-07-09_G21,10109817PEREIRAB,2025-07-09,117787,1,1,0,52.0
10109817PEREIRAB_2025-07-09_G22,10109817PEREIRAB,2025-07-09,118317,1,10,0,184.0
10109817PEREIRAB_2025-07-09_G23,10109817PEREIRAB,2025-07-09,111444,1,1,0,83.0
10109817PEREIRAB_2025-07-09_G24,10109817PEREIRAB,2025-07-09,110332,1,2,0,207.0
10109817PEREIRAB_2025-07-09_G25,10109817PEREIRAB,2025-07-09,111463,1,40,0,2069.0
10109817PEREIRAB_2025-07-09_G26,10109817PEREIRAB,2025-07-09,111466,1,40,0,401.0
10109817PEREIRAB_2025-07-09_G27,10109817PEREIRAB,2025-07-09,117831,1,30,0,402.0
10109817PEREIRAB_2025-07-09_G28,10109817PEREIRAB,2025-07-09,111418,1,50,0,743.0
10109817PEREIRAB_2025-07-09_G29,10109817PEREIRAB,2025-07-09,111462,1,20,0,483.0
10109817PEREIRAB_2025-07-09_G30,10109817PEREIRAB,2025-07-09,111465,1,30,0,232.0
10109817PEREIRAB_2025-07-09_G31,10109817PEREIRAB,2025-07-09,110741,1,2,0,298.0
10109817PEREIRAB_2025-07-09_G32,10109817PEREIRAB,2025-07-09,118094,1,5,0,99.0
10109817PEREIRAB_2025-07-09_G33,10109817PEREIRAB,2025-07-09,107629,1,2,0,94.0
10109817PEREIRAB_2025-07-09_G34,10109817PEREIRAB,2025-07-09,111876,1,4,0,64.0
10109817PEREIRAB_2025-07-09_G35,10109817PEREIRAB,2025-07-09,117786,1,30,0,315.0
10109817PEREIRAB_2025-07-09_G36,10109817PEREIRAB,2025-07-09,117862,1,12,0,167.0
10109817PEREIRAB_2025-07-09_G37,10109817PEREIRAB,2025-07-09,109647,1,1,0,101.0
10109817PEREIRAB_2025-07-09_G38,10109817PEREIRAB,2025-07-09,110711,1,5,0,115.0
10109817PEREIRAB_2025-07-09_G39,10109817PEREIRAB,2025-07-09,118403,1,1,0,51.0
10109817PEREIRAB_2025-07-09_G40,10109817PEREIRAB,2025-07-09,111602,1,8,0,148.0
10109817PEREIRAB_2025-07-09_G41,10109817PEREIRAB,2025-07-09,110754,1,2,0,516.0
10109817PEREIRAB_2025-07-09_G42,10109817PEREIRAB,2025-07-09,117855,1,20,0,230.0
10109817PEREIRAB_2025-07-09_G43,10109817PEREIRAB,2025-07-09,110313,1,4,0,198.0
10109817PEREIRAB_2025-07-09_G44,10109817PEREIRAB,2025-07-09,117935,1,2,0,54.0
10109817PEREIRAB_2025-07-09_G46,10109817PEREIRAB,2025-07-09,118299,1,1000,0,1530.0
10109817PEREIRAB_2025-07-09_G47,10109817PEREIRAB,2025-07-09,110371,1,4,0,397.0
10109817PEREIRAB_2025-07-09_G48,10109817PEREIRAB,2025-07-09,110375,1,5,0,102.0
10109817PEREIRAB_2025-07-09_G49,10109817PEREIRAB,2025-07-09,117809,1,11,0,378.0
10109817PEREIRAB_2025-07-21_G02,10109817PEREIRAB,2025-07-21,110743,1,4,0,905.0
10109817PEREIRAB_2025-07-21_G03,10109817PEREIRAB,2025-07-21,105705,1,2,0,89.0
10109817PEREIRAB_2025-07-21_G04,10109817PEREIRAB,2025-07-21,140922,1,6,0,143.0
10109817PEREIRAB_2025-07-21_G05,10109817PEREIRAB,2025-07-21,111348,1,4,0,88.0
10109817PEREIRAB_2025-07-21_G06,10109817PEREIRAB,2025-07-21,111443,1,4,0,129.0
10109817PEREIRAB_2025-07-21_G07,10109817PEREIRAB,2025-07-21,111182,1,2,0,61.0
10109817PEREIRAB_2025-07-21_G08,10109817PEREIRAB,2025-07-21,111462,1,3,0,89.0
10109817PEREIRAB_2025-07-21_G09,10109817PEREIRAB,2025-07-21,111743,1,1,0,95.0
10109817PEREIRAB_2025-07-21_G10,10109817PEREIRAB,2025-07-21,117833,1,4,0,89.0
10109817PEREIRAB_2025-07-21_G11,10109817PEREIRAB,2025-07-21,108798,1,2,0,81.0
10109817PEREIRAB_2025-07-21_G12,10109817PEREIRAB,2025-07-21,109645,1,2,0,106.0
10109817PEREIRAB_2025-07-21_G13,10109817PEREIRAB,2025-07-21,111418,1,18,0,262.0
10109817PEREIRAB_2025-07-21_G14,10109817PEREIRAB,2025-07-21,118140,1,6,0,105.0
10109817PEREIRAB_2025-07-21_G15,10109817PEREIRAB,2025-07-21,108711,1,3,0,127.0
10109817PEREIRAB_2025-07-21_G16,10109817PEREIRAB,2025-07-21,116241,1,2,0,108.0
10109817PEREIRAB_2025-07-21_G17,10109817PEREIRAB,2025-07-21,117787,1,2,0,100.0
10109817PEREIRAB_2025-07-21_G18,10109817PEREIRAB,2025-07-21,117785,1,8,0,939.0
10109817PEREIRAB_2025-07-21_G19,10109817PEREIRAB,2025-07-21,108794,1,2,0,104.0
10109817PEREIRAB_2025-07-21_G20,10109817PEREIRAB,2025-07-21,117831,1,4,0,533.0
10109817PEREIRAB_2025-07-21_G21,10109817PEREIRAB,2025-07-21,111469,1,12,0,284.0
10109817PEREIRAB_2025-07-21_G22,10109817PEREIRAB,2025-07-21,111466,1,10,0,155.0
10109817PEREIRAB_2025-07-21_G23,10109817PEREIRAB,2025-07-21,111465,1,8,0,94.0
10109817PEREIRAB_2025-07-21_G24,10109817PEREIRAB,2025-07-21,111655,1,4,0,1920.0
10109817PEREIRAB_2025-07-21_G25,10109817PEREIRAB,2025-07-21,108759,1,4,0,147.0
10109817PEREIRAB_2025-07-21_G26,10109817PEREIRAB,2025-07-21,107892,1,2,0,148.0
10109817PEREIRAB_2025-07-21_G27,10109817PEREIRAB,2025-07-21,110580,1,2,0,239.0
10109817PEREIRAB_2025-07-21_G28,10109817PEREIRAB,2025-07-21,111876,1,2,0,111.0
10109817PEREIRAB_2025-07-21_G29,10109817PEREIRAB,2025-07-21,110339,1,8,0,580.0
10109817PEREIRAB_2025-07-21_G30,10109817PEREIRAB,2025-07-21,117837,1,6,0,240.0
10109817PEREIRAB_2025-07-21_G31,10109817PEREIRAB,2025-07-21,111467,1,2,0,120.0
10109817PEREIRAB_2025-07-21_G32,10109817PEREIRAB,2025-07-21,117855,1,10,0,198.0
10109817PEREIRAB_2025-07-21_G33,10109817PEREIRAB,2025-07-21,111602,1,10,0,193.0
10109817PEREIRAB_2025-07-21_G34,10109817PEREIRAB,2025-07-21,110515,1,8,0,121.0
10109817PEREIRAB_2025-07-21_G35,10109817PEREIRAB,2025-07-21,105242,1,2,0,123.0
10109817PEREIRAB_2025-07-21_G36,10109817PEREIRAB,2025-07-21,111530,1,11,0,382.0
10109817PEREIRAB_2025-07-21_G37,10109817PEREIRAB,2025-07-21,117856,1,2,0,125.0
10109817PEREIRAB_2025-07-21_G38,10109817PEREIRAB,2025-07-21,110752,1,4,0,205.0
10109817PEREIRAB_2025-07-21_G39,10109817PEREIRAB,2025-07-21,110325,1,4,0,521.0
10109817PEREIRAB_2025-07-21_G40,10109817PEREIRAB,2025-07-21,117808,1,22,0,132.0
10109817PEREIRAB_2025-07-21_G41,10109817PEREIRAB,2025-07-21,117830,1,6,0,69.0
10109817PEREIRAB_2025-07-21_G42,10109817PEREIRAB,2025-07-21,117809,1,6,0,78.0
10109817PEREIRAB_2025-07-21_G43,10109817PEREIRAB,2025-07-21,110373,1,15,0,303.0
10109817PEREIRAB_2025-07-21_G44,10109817PEREIRAB,2025-07-21,109648,1,2,0,121.0
10109817PEREIRAB_2025-07-21_G45,10109817PEREIRAB,2025-07-21,118299,1,28,0,473.0
10109817PEREIRAB_2025-07-21_G46,10109817PEREIRAB,2025-07-21,117820,1,2,0,166.0
10109817PEREIRAB_2025-07-21_G47,10109817PEREIRAB,2025-07-21,141202,1,6,0,151.0
10109817PEREIRAB_2025-07-21_G48,10109817PEREIRAB,2025-07-21,110372,1,46,0,1197.0
10109817PEREIRAB_2025-07-21_G50,10109817PEREIRAB,2025-07-21,109643,1,10,0,2013.0
10109817PEREIRAB_2025-07-21_G51,10109817PEREIRAB,2025-07-21,109643,1,25,0,247.0
10109817PEREIRAB_2025-07-21_G52,10109817PEREIRAB,2025-07-21,117832,1,12,0,165.0
10109817PEREIRAB_2025-07-21_G53,10109817PEREIRAB,2025-07-21,107830,1,16,0,278.0
10109817PEREIRAB_2025-07-21_G54,10109817PEREIRAB,2025-07-21,117808,1,200,0,629.0
10109817PEREIRAB_2025-07-21_G55,10109817PEREIRAB,2025-07-21,117820,2,140,13,273.0
10109817PEREIRAB_2025-07-24_G02,10109817PEREIRAB,2025-07-24,110373,1,108,0,190.0
10109817PEREIRAB_2025-07-24_G03,10109817PEREIRAB,2025-07-24,111602,1,23,0,747.0
10109817PEREIRAB_2025-07-24_G04,10109817PEREIRAB,2025-07-24,110515,1,10,0,129.0
10109817PEREIRAB_2025-07-24_G05,10109817PEREIRAB,2025-07-24,110752,1,4,0,105.0
10109817PEREIRAB_2025-07-24_G06,10109817PEREIRAB,2025-07-24,109647,1,24,0,382.0
10109817PEREIRAB_2025-07-24_G07,10109817PEREIRAB,2025-07-24,117853,1,16,0,422.0
10109817PEREIRAB_2025-07-30_G02,10109817PEREIRAB,2025-07-30,110339,1,4,0,256.0
10109817PEREIRAB_2025-07-30_G03,10109817PEREIRAB,2025-07-30,118094,1,6,0,110.0
10109817PEREIRAB_2025-07-30_G04,10109817PEREIRAB,2025-07-30,111602,2,8,19,437.0
10109817PEREIRAB_2025-07-30_G05,10109817PEREIRAB,2025-07-30,117935,1,1,0,113.0
10109817PEREIRAB_2025-07-30_G06,10109817PEREIRAB,2025-07-30,110733,1,8,0,174.0
10109817PEREIRAB_2025-07-30_G07,10109817PEREIRAB,2025-07-30,110733,1,6,0,244.0
10109817PEREIRAB_2025-07-30_G08,10109817PEREIRAB,2025-07-30,111530,2,22,11,232.0
10109817PEREIRAB_2025-07-30_G09,10109817PEREIRAB,2025-07-30,117855,2,22,6,451.0
10109817PEREIRAB_2025-07-30_G10,10109817PEREIRAB,2025-07-30,110325,1,2,0,279.0
10109817PEREIRAB_2025-07-30_G11,10109817PEREIRAB,2025-07-30,117830,1,4,0,169.0
10109817PEREIRAB_2025-07-30_G12,10109817PEREIRAB,2025-07-30,110371,1,10,0,208.0
10109817PEREIRAB_2025-07-30_G13,10109817PEREIRAB,2025-07-30,110373,1,16,0,214.0
10109817PEREIRAB_2025-07-30_G14,10109817PEREIRAB,2025-07-30,110374,1,5,0,175.0
10109817PEREIRAB_2025-07-30_G15,10109817PEREIRAB,2025-07-30,117820,1,14,0,136.0
10109817PEREIRAB_2025-07-30_G16,10109817PEREIRAB,2025-07-30,110372,1,31,0,272.0
10109817PEREIRAB_2025-07-30_G17,10109817PEREIRAB,2025-07-30,118299,1,58,0,569.0
10109817PEREIRAB_2025-07-30_G18,10109817PEREIRAB,2025-07-30,117820,1,150,0,1824.0
10109817PEREIRAB_2025-07-30_G19,10109817PEREIRAB,2025-07-30,109649,3,8,25,698.0
10109817PEREIRAB_2025-07-31_G02,10109817PEREIRAB,2025-07-31,118417,1,4,0,445.0
10109817PEREIRAB_2025-07-31_G03,10109817PEREIRAB,2025-07-31,111779,1,2,0,244.0
10109817PEREIRAB_2025-07-31_G04,10109817PEREIRAB,2025-07-31,111793,1,8,0,270.0
10109817PEREIRAB_2025-07-31_G05,10109817PEREIRAB,2025-07-31,110442,1,3,0,571.0
10109817PEREIRAB_2025-07-31_G06,10109817PEREIRAB,2025-07-31,118290,1,13,0,849.0
10109817PEREIRAB_2025-07-31_G07,10109817PEREIRAB,2025-07-31,115775,1,8,0,1492.0
10109817PEREIRAB_2025-07-31_G08,10109817PEREIRAB,2025-07-31,111569,1,6,0,1263.0
10109817PEREIRAB_2025-07-31_G09,10109817PEREIRAB,2025-07-31,118253,1,12,0,560.0
10109817PEREIRAB_2025-07-31_G10,10109817PEREIRAB,2025-07-31,118283,1,20,0,473.0
10109817PEREIRAB_2025-07-31_G11,10109817PEREIRAB,2025-07-31,118418,1,5,0,123.0
10109817PEREIRAB_2025-07-31_G12,10109817PEREIRAB,2025-07-31,103149,1,1,0,71.0
10109817PEREIRAB_2025-07-31_G13,10109817PEREIRAB,2025-07-31,107254,1,8,0,120.0
10109817PEREIRAB_2025-07-31_G14,10109817PEREIRAB,2025-07-31,108770,1,14,0,903.0
10109817PEREIRAB_2025-07-31_G15,10109817PEREIRAB,2025-07-31,117855,1,20,0,948.0
10109817PEREIRAB_2025-07-31_G16,10109817PEREIRAB,2025-07-31,141066,1,21,0,298.0
10109817PEREIRAB_2025-07-31_G17,10109817PEREIRAB,2025-07-31,107629,1,6,0,255.0
10109817PEREIRAB_2025-07-31_G18,10109817PEREIRAB,2025-07-31,118094,1,8,0,347.0
10109817PEREIRAB_2025-07-31_G19,10109817PEREIRAB,2025-07-31,118298,1,5,0,67.0
10109817PEREIRAB_2025-07-31_G20,10109817PEREIRAB,2025-07-31,111463,1,80,0,3041.0
10109817PEREIRAB_2025-07-31_G21,10109817PEREIRAB,2025-07-31,117831,1,70,0,327.0
10109817PEREIRAB_2025-07-31_G22,10109817PEREIRAB,2025-07-31,111418,1,60,0,390.0
10109817PEREIRAB_2025-07-31_G23,10109817PEREIRAB,2025-07-31,111532,1,50,0,715.0
10109817PEREIRAB_2025-07-31_G24,10109817PEREIRAB,2025-07-31,111469,1,30,0,589.0
10109817PEREIRAB_2025-07-31_G25,10109817PEREIRAB,2025-07-31,111462,1,70,0,663.0
10109817PEREIRAB_2025-07-31_G26,10109817PEREIRAB,2025-07-31,118222,1,100,0,3435.0
10109817PEREIRAB_2025-07-31_G28,10109817PEREIRAB,2025-07-31,111467,1,4,0,148.0
10109817PEREIRAB_2025-07-31_G29,10109817PEREIRAB,2025-07-31,141456,1,4,0,164.0
10109817PEREIRAB_2025-07-31_G30,10109817PEREIRAB,2025-07-31,141458,1,4,0,155.0
10109817PEREIRAB_2025-07-31_G31,10109817PEREIRAB,2025-07-31,141457,1,4,0,62.0
10109817PEREIRAB_2025-07-31_G32,10109817PEREIRAB,2025-07-31,118140,1,30,0,891.0
10109817PEREIRAB_2025-08-11_G02,10109817PEREIRAB,2025-08-11,108795,1,4,0,123.0
10109817PEREIRAB_2025-08-11_G03,10109817PEREIRAB,2025-08-11,111442,1,2,0,161.0
10109817PEREIRAB_2025-08-11_G04,10109817PEREIRAB,2025-08-11,110372,1,10,0,454.0
10109817PEREIRAB_2025-08-12_G02,10109817PEREIRAB,2025-08-12,111348,1,4,0,275.0
10109817PEREIRAB_2025-08-12_G03,10109817PEREIRAB,2025-08-12,111465,1,10,0,206.0
10109817PEREIRAB_2025-08-12_G04,10109817PEREIRAB,2025-08-12,111743,1,2,0,74.0
10109817PEREIRAB_2025-08-12_G05,10109817PEREIRAB,2025-08-12,111431,1,2,0,160.0
10109817PEREIRAB_2025-08-12_G06,10109817PEREIRAB,2025-08-12,141456,1,6,0,134.0
10109817PEREIRAB_2025-08-12_G07,10109817PEREIRAB,2025-08-12,111468,1,1,0,53.0
10109817PEREIRAB_2025-08-12_G08,10109817PEREIRAB,2025-08-12,141823,1,8,0,546.0
10109817PEREIRAB_2025-08-12_G09,10109817PEREIRAB,2025-08-12,141458,1,20,0,398.0
10109817PEREIRAB_2025-08-12_G10,10109817PEREIRAB,2025-08-12,110745,1,3,0,165.0
10109817PEREIRAB_2025-08-12_G11,10109817PEREIRAB,2025-08-12,117855,1,4,0,315.0
10109817PEREIRAB_2025-08-12_G12,10109817PEREIRAB,2025-08-12,110755,1,4,0,190.0
10109817PEREIRAB_2025-08-12_G13,10109817PEREIRAB,2025-08-12,110747,1,2,0,359.0
10109817PEREIRAB_2025-08-12_G14,10109817PEREIRAB,2025-08-12,117832,1,10,0,535.0
10109817PEREIRAB_2025-08-12_G15,10109817PEREIRAB,2025-08-12,117809,1,6,0,229.0
10109817PEREIRAB_2025-08-12_G16,10109817PEREIRAB,2025-08-12,107830,1,7,0,218.0
10109817PEREIRAB_2025-08-12_G17,10109817PEREIRAB,2025-08-12,110515,1,5,0,496.0
10109817PEREIRAB_2025-08-12_G18,10109817PEREIRAB,2025-08-12,110754,1,4,0,340.0
10109817PEREIRAB_2025-08-12_G19,10109817PEREIRAB,2025-08-12,110375,1,3,0,476.0
10109817PEREIRAB_2025-08-12_G20,10109817PEREIRAB,2025-08-12,110743,1,3,0,641.0
10109817PEREIRAB_2025-08-12_G21,10109817PEREIRAB,2025-08-12,111435,1,12,0,263.0
10109817PEREIRAB_2025-08-12_G22,10109817PEREIRAB,2025-08-12,111532,1,23,0,353.0
10109817PEREIRAB_2025-08-12_G23,10109817PEREIRAB,2025-08-12,117821,1,4,0,230.0
10109817PEREIRAB_2025-08-12_G24,10109817PEREIRAB,2025-08-12,110751,1,4,0,120.0
10109817PEREIRAB_2025-08-12_G25,10109817PEREIRAB,2025-08-12,105705,1,3,0,92.0
10109817PEREIRAB_2025-08-12_G26,10109817PEREIRAB,2025-08-12,140922,1,12,0,219.0
10109817PEREIRAB_2025-08-12_G27,10109817PEREIRAB,2025-08-12,111348,1,11,0,2000.0
10109817PEREIRAB_2025-08-12_G28,10109817PEREIRAB,2025-08-12,111443,1,10,0,257.0
10109817PEREIRAB_2025-08-12_G29,10109817PEREIRAB,2025-08-12,117841,1,4,0,98.0
10109817PEREIRAB_2025-08-12_G30,10109817PEREIRAB,2025-08-12,111465,1,20,0,535.0
10109817PEREIRAB_2025-08-12_G31,10109817PEREIRAB,2025-08-12,111743,1,4,0,92.0
10109817PEREIRAB_2025-08-12_G32,10109817PEREIRAB,2025-08-12,111468,1,8,0,188.0
10109817PEREIRAB_2025-08-12_G33,10109817PEREIRAB,2025-08-12,118317,1,5,0,160.0
10109817PEREIRAB_2025-08-12_G34,10109817PEREIRAB,2025-08-12,111433,1,2,0,105.0
10109817PEREIRAB_2025-08-12_G35,10109817PEREIRAB,2025-08-12,111418,1,67,0,534.0
10109817PEREIRAB_2025-08-12_G36,10109817PEREIRAB,2025-08-12,110740,1,35,0,643.0
10109817PEREIRAB_2025-08-12_G37,10109817PEREIRAB,2025-08-12,110372,1,2,0,445.0
10109817PEREIRAB_2025-08-12_G38,10109817PEREIRAB,2025-08-12,110372,1,172,0,840.0
10109817PEREIRAB_2025-08-12_G39,10109817PEREIRAB,2025-08-12,110742,1,20,0,2430.0
10109817PEREIRAB_2025-08-12_G40,10109817PEREIRAB,2025-08-12,111438,1,46,0,3031.0
10109817PEREIRAB_2025-08-16_G02,10109817PEREIRAB,2025-08-16,111736,1,15,0,708.0
10109817PEREIRAB_2025-08-16_G03,10109817PEREIRAB,2025-08-16,111462,1,7,0,258.0
10109817PEREIRAB_2025-08-16_G04,10109817PEREIRAB,2025-08-16,111740,1,8,0,605.0
10109817PEREIRAB_2025-08-16_G05,10109817PEREIRAB,2025-08-16,110374,1,14,0,419.0
10109817PEREIRAB_2025-08-16_G06,10109817PEREIRAB,2025-08-16,111418,1,193,0,1841.0
10109817PEREIRAB_2025-08-16_G07,10109817PEREIRAB,2025-08-16,110372,1,301,0,813.0
10109817PEREIRAB_2025-08-16_G08,10109817PEREIRAB,2025-08-16,141262,1,223,0,586.0
10109817PEREIRAB_2025-08-16_G09,10109817PEREIRAB,2025-08-16,111467,1,2,0,130.0
10109817PEREIRAB_2025-08-16_G10,10109817PEREIRAB,2025-08-16,111757,1,46,0,210.0
10109817PEREIRAB_2025-08-16_G11,10109817PEREIRAB,2025-08-16,111466,1,56,0,1166.0
10109817PEREIRAB_2025-08-16_G12,10109817PEREIRAB,2025-08-16,109641,1,5,0,2366.0
10109817PEREIRAB_2025-08-16_G13,10109817PEREIRAB,2025-08-16,117785,1,38,0,437.0
10109817PEREIRAB_2025-08-16_G14,10109817PEREIRAB,2025-08-16,108711,1,3,0,181.0
10109817PEREIRAB_2025-08-16_G15,10109817PEREIRAB,2025-08-16,140922,1,11,0,159.0
10109817PEREIRAB_2025-08-16_G16,10109817PEREIRAB,2025-08-16,111463,1,23,0,501.0
10109817PEREIRAB_2025-08-16_G17,10109817PEREIRAB,2025-08-16,111418,1,85,0,378.0
10109817PEREIRAB_2025-08-16_G18,10109817PEREIRAB,2025-08-16,111743,1,10,0,590.0
10109817PEREIRAB_2025-08-16_G19,10109817PEREIRAB,2025-08-16,117821,1,16,0,208.0
10109817PEREIRAB_2025-08-16_G20,10109817PEREIRAB,2025-08-16,111532,1,30,0,434.0
10109817PEREIRAB_2025-08-16_G21,10109817PEREIRAB,2025-08-16,117842,1,4,0,262.0
10109817PEREIRAB_2025-08-16_G22,10109817PEREIRAB,2025-08-16,141456,1,8,0,122.0
10109817PEREIRAB_2025-08-16_G23,10109817PEREIRAB,2025-08-16,111433,1,6,0,465.0
10109817PEREIRAB_2025-08-16_G24,10109817PEREIRAB,2025-08-16,110740,1,6,0,163.0
10109817PEREIRAB_2025-08-16_G25,10109817PEREIRAB,2025-08-16,141458,1,12,0,142.0
10109817PEREIRAB_2025-08-16_G26,10109817PEREIRAB,2025-08-16,141457,1,12,0,205.0
10109817PEREIRAB_2025-08-16_G27,10109817PEREIRAB,2025-08-16,111465,1,12,0,149.0
10109817PEREIRAB_2025-08-16_G28,10109817PEREIRAB,2025-08-16,117831,1,40,0,341.0
10109817PEREIRAB_2025-08-16_G30,10109817PEREIRAB,2025-08-16,117832,1,34,0,465.0
10109817PEREIRAB_2025-08-16_G31,10109817PEREIRAB,2025-08-16,110325,1,4,0,81.0
10109817PEREIRAB_2025-08-16_G32,10109817PEREIRAB,2025-08-16,110374,1,8,0,110.0
10109817PEREIRAB_2025-08-16_G33,10109817PEREIRAB,2025-08-16,110371,1,60,0,556.0
10109817PEREIRAB_2025-08-16_G34,10109817PEREIRAB,2025-08-16,141202,1,14,0,216.0
10109817PEREIRAB_2025-09-12_G02,10109817PEREIRAB,2025-09-12,117808,1,100,0,321.0
10109817PEREIRAB_2025-09-12_G03,10109817PEREIRAB,2025-09-12,118299,1,100,0,337.0
10109817PEREIRAB_2025-09-12_G04,10109817PEREIRAB,2025-09-12,111466,1,100,0,533.0
10109817PEREIRAB_2025-09-12_G05,10109817PEREIRAB,2025-09-12,117830,1,50,0,944.0
10109817PEREIRAB_2025-09-12_G06,10109817PEREIRAB,2025-09-12,100334,1,8,0,729.0
10109817PEREIRAB_2025-09-12_G07,10109817PEREIRAB,2025-09-12,111660,1,12,0,542.0
10109817PEREIRAB_2025-09-12_G08,10109817PEREIRAB,2025-09-12,111530,1,12,0,333.0
10109817PEREIRAB_2025-09-12_G09,10109817PEREIRAB,2025-09-12,117855,1,20,0,1164.0
10109817PEREIRAB_2025-09-12_G10,10109817PEREIRAB,2025-09-12,110515,1,25,0,410.0
10109817PEREIRAB_2025-09-12_G11,10109817PEREIRAB,2025-09-12,111532,1,20,0,508.0
10109817PEREIRAB_2025-09-12_G12,10109817PEREIRAB,2025-09-12,140922,1,20,0,540.0
10109817PEREIRAB_2025-09-26_G02,10109817PEREIRAB,2025-09-26,111530,1,2,0,127.0
10109817PEREIRAB_2025-09-26_G03,10109817PEREIRAB,2025-09-26,117855,1,2,0,107.0
10109817PEREIRAB_2025-09-26_G04,10109817PEREIRAB,2025-09-26,111602,1,8,0,782.0
10109817PEREIRAB_2025-09-26_G05,10109817PEREIRAB,2025-09-26,111469,1,4,0,209.0
10109817PEREIRAB_2025-09-26_G06,10109817PEREIRAB,2025-09-26,108795,1,2,0,36.0
10109817PEREIRAB_2025-09-26_G07,10109817PEREIRAB,2025-09-26,118317,1,2,0,99.0
10109817PEREIRAB_2025-09-26_G08,10109817PEREIRAB,2025-09-26,140922,1,2,0,67.0
10109817PEREIRAB_2025-09-26_G09,10109817PEREIRAB,2025-09-26,108794,1,2,0,112.0
10109817PEREIRAB_2025-09-26_G10,10109817PEREIRAB,2025-09-26,141457,1,2,0,68.0
10109817PEREIRAB_2025-09-30_G02,10109817PEREIRAB,2025-09-30,109643,1,8,0,135.0
10109817PEREIRAB_2025-09-30_G03,10109817PEREIRAB,2025-09-30,117832,1,40,0,423.0
10109817PEREIRAB_2025-09-30_G04,10109817PEREIRAB,2025-09-30,160051,1,12,0,143.0
10109817PEREIRAB_2025-09-30_G05,10109817PEREIRAB,2025-09-30,117822,1,1,0,122.0
10109817PEREIRAB_2025-09-30_G06,10109817PEREIRAB,2025-09-30,110325,1,32,0,2004.0
10109817PEREIRAB_2025-09-30_G07,10109817PEREIRAB,2025-09-30,110325,1,28,0,156.0
10109817PEREIRAB_2025-09-30_G08,10109817PEREIRAB,2025-09-30,117809,1,20,0,249.0
10109817PEREIRAB_2025-09-30_G09,10109817PEREIRAB,2025-09-30,111446,1,2,0,1628.0
10109817PEREIRAB_2025-09-30_G10,10109817PEREIRAB,2025-09-30,141456,1,60,0,903.0
10109817PEREIRAB_2025-09-30_G11,10109817PEREIRAB,2025-09-30,110751,1,20,0,455.0
10109817PEREIRAB_2025-09-30_G12,10109817PEREIRAB,2025-09-30,117838,1,45,0,1362.0
10109817PEREIRAB_2025-09-30_G13,10109817PEREIRAB,2025-09-30,108798,1,10,0,219.0
10109817PEREIRAB_2025-09-30_G14,10109817PEREIRAB,2025-09-30,141457,1,60,0,2140.0
10109817PEREIRAB_2025-09-30_G15,10109817PEREIRAB,2025-09-30,141457,1,60,0,418.0
10109817PEREIRAB_2025-09-30_G16,10109817PEREIRAB,2025-09-30,117833,1,50,0,597.0
10109817PEREIRAB_2025-09-30_G17,10109817PEREIRAB,2025-09-30,"117787, 118330",2,100,7,425.0
10109817PEREIRAB_2025-09-30_G18,10109817PEREIRAB,2025-09-30,141456,1,60,0,280.0
10109817PEREIRAB_2025-09-30_G19,10109817PEREIRAB,2025-09-30,118330,1,60,0,58.0
10109817PEREIRAB_2025-09-30_G20,10109817PEREIRAB,2025-09-30,111446,1,2,0,1609.0
10109817PEREIRAB_2025-09-30_G21,10109817PEREIRAB,2025-09-30,108795,1,30,0,255.0
10109817PEREIRAB_2025-09-30_G23,10109817PEREIRAB,2025-09-30,117838,1,45,0,606.0
10109817PEREIRAB_2025-09-30_G24,10109817PEREIRAB,2025-09-30,108798,1,10,0,487.0
10109817PEREIRAB_2025-09-30_G25,10109817PEREIRAB,2025-09-30,111330,1,4,0,162.0
10109817PEREIRAB_2025-09-30_G26,10109817PEREIRAB,2025-09-30,117842,1,4,0,141.0
10109817PEREIRAB_2025-09-30_G27,10109817PEREIRAB,2025-09-30,111434,1,24,0,825.0
10109817PEREIRAB_2025-09-30_G28,10109817PEREIRAB,2025-09-30,117841,1,2,0,270.0
10109817PEREIRAB_2025-09-30_G29,10109817PEREIRAB,2025-09-30,116241,1,24,0,754.0
10109817PEREIRAB_2025-09-30_G30,10109817PEREIRAB,2025-09-30,117787,1,40,0,286.0
10109817PEREIRAB_2025-09-30_G31,10109817PEREIRAB,2025-09-30,111468,1,30,0,326.0
10109817PEREIRAB_2025-09-30_G32,10109817PEREIRAB,2025-09-30,117831,1,30,0,395.0
10109817PEREIRAB_2025-10-13_G02,10109817PEREIRAB,2025-10-13,111466,1,538,0,149.0
10109817PEREIRAB_2025-10-13_G03,10109817PEREIRAB,2025-10-13,"141456, 117786",2,100,30,999.0
10109817PEREIRAB_2025-10-13_G04,10109817PEREIRAB,2025-10-13,111463,1,20,0,213.0
10109817PEREIRAB_2025-10-13_G05,10109817PEREIRAB,2025-10-13,117821,1,50,0,133.0
10109817PEREIRAB_2025-10-13_G06,10109817PEREIRAB,2025-10-13,118299,1,70,0,48.0
10109817PEREIRAB_2025-10-13_G07,10109817PEREIRAB,2025-10-13,117831,1,20,0,350.0
10109817PEREIRAB_2025-10-13_G08,10109817PEREIRAB,2025-10-13,117833,1,20,0,886.0
10109817PEREIRAB_2025-10-13_G09,10109817PEREIRAB,2025-10-13,117808,1,120,0,715.0
10109817PEREIRAB_2025-10-13_G10,10109817PEREIRAB,2025-10-13,110325,1,36,0,676.0
10109817PEREIRAB_2025-10-13_G11,10109817PEREIRAB,2025-10-13,110325,1,14,0,185.0
10109817PEREIRAB_2025-10-13_G12,10109817PEREIRAB,2025-10-13,111438,1,40,0,2063.0
10109817PEREIRAB_2025-10-13_G13,10109817PEREIRAB,2025-10-13,117855,1,2,0,1916.0
10109817PEREIRAB_2025-10-13_G14,10109817PEREIRAB,2025-10-13,141456,1,10,0,113.0
10109817PEREIRAB_2025-10-13_G15,10109817PEREIRAB,2025-10-13,111463,1,7,0,155.0
10109817PEREIRAB_2025-10-13_G16,10109817PEREIRAB,2025-10-13,111443,1,10,0,179.0
10109817PEREIRAB_2025-10-13_G17,10109817PEREIRAB,2025-10-13,110740,1,2,0,107.0
10109817PEREIRAB_2025-10-13_G18,10109817PEREIRAB,2025-10-13,111743,1,4,0,81.0
10109817PEREIRAB_2025-10-13_G19,10109817PEREIRAB,2025-10-13,111431,1,4,0,137.0
10109817PEREIRAB_2025-10-13_G20,10109817PEREIRAB,2025-10-13,108794,1,2,0,154.0
10109817PEREIRAB_2025-10-13_G21,10109817PEREIRAB,2025-10-13,111418,1,30,0,362.0
10109817PEREIRAB_2025-10-13_G22,10109817PEREIRAB,2025-10-13,111466,1,12,0,422.0
10109817PEREIRAB_2025-10-13_G23,10109817PEREIRAB,2025-10-13,109641,1,4,0,982.0
10109817PEREIRAB_2025-10-13_G24,10109817PEREIRAB,2025-10-13,117821,1,14,0,212.0
10109817PEREIRAB_2025-10-13_G25,10109817PEREIRAB,2025-10-13,111172,1,2,0,50.0
10109817PEREIRAB_2025-10-13_G26,10109817PEREIRAB,2025-10-13,140922,1,3,0,174.0
10109817PEREIRAB_2025-10-13_G27,10109817PEREIRAB,2025-10-13,117831,1,8,0,154.0
10109817PEREIRAB_2025-10-13_G28,10109817PEREIRAB,2025-10-13,110374,1,19,0,448.0
10109817PEREIRAB_2025-10-13_G29,10109817PEREIRAB,2025-10-13,107830,1,12,0,103.0
10109817PEREIRAB_2025-10-13_G30,10109817PEREIRAB,2025-10-13,109643,1,4,0,117.0
10109817PEREIRAB_2025-10-13_G31,10109817PEREIRAB,2025-10-13,117808,1,17,0,531.0
10109817PEREIRAB_2025-10-13_G32,10109817PEREIRAB,2025-10-13,117832,1,3,0,75.0
10109817PEREIRAB_2025-10-13_G33,10109817PEREIRAB,2025-10-13,117830,1,3,0,69.0
10109817PEREIRAB_2025-10-13_G34,10109817PEREIRAB,2025-10-13,110372,1,16,0,190.0
10109817PEREIRAB_2025-10-13_G35,10109817PEREIRAB,2025-10-13,110371,1,2,0,132.0
10109817PEREIRAB_2025-10-13_G36,10109817PEREIRAB,2025-10-13,118299,1,26,0,214.0
10109817PEREIRAB_2025-10-13_G37,10109817PEREIRAB,2025-10-13,117822,1,4,0,125.0
10109817PEREIRAB_2025-10-13_G38,10109817PEREIRAB,2025-10-13,110325,1,5,0,291.0
10109817PEREIRAB_2025-10-13_G39,10109817PEREIRAB,2025-10-13,111876,1,2,0,752.0
10109817PEREIRAB_2025-10-13_G40,10109817PEREIRAB,2025-10-13,111530,1,5,0,189.0
10109817PEREIRAB_2025-10-13_G41,10109817PEREIRAB,2025-10-13,117862,1,5,0,90.0
10109817PEREIRAB_2025-10-13_G42,10109817PEREIRAB,2025-10-13,117853,1,2,0,50.0
10109817PEREIRAB_2025-10-13_G43,10109817PEREIRAB,2025-10-13,111418,1,4,0,158.0
10109817PEREIRAB_2025-10-13_G44,10109817PEREIRAB,2025-10-13,110752,1,2,0,380.0
10109817PEREIRAB_2025-10-13_G45,10109817PEREIRAB,2025-10-13,110339,1,6,0,173.0
10109817PEREIRAB_2025-10-13_G46,10109817PEREIRAB,2025-10-13,111467,1,2,0,77.0
10109817PEREIRAB_2025-10-13_G47,10109817PEREIRAB,2025-10-13,111466,1,4,0,88.0
10109817PEREIRAB_2025-10-13_G48,10109817PEREIRAB,2025-10-13,118140,1,6,0,395.0
10109817PEREIRAB_2025-10-13_G49,10109817PEREIRAB,2025-10-13,107236,1,4,0,130.0
10109817PEREIRAB_2025-10-13_G50,10109817PEREIRAB,2025-10-13,111602,1,7,0,139.0
10109817PEREIRAB_2025-10-13_G51,10109817PEREIRAB,2025-10-13,110755,1,8,0,306.0
10109817PEREIRAB_2025-10-13_G53,10109817PEREIRAB,2025-10-13,110371,1,120,0,472.0
10109817PEREIRAB_2025-10-13_G54,10109817PEREIRAB,2025-10-13,141262,1,4,0,153.0
10109817PEREIRAB_2025-10-13_G55,10109817PEREIRAB,2025-10-13,117862,1,31,0,510.0
10109817PEREIRAB_2025-10-16_G02,10109817PEREIRAB,2025-10-16,124486,1,1,0,222.0
10109817PEREIRAB_2025-10-16_G03,10109817PEREIRAB,2025-10-16,120028,1,20,0,203.0
10109817PEREIRAB_2025-10-16_G05,10109817PEREIRAB,2025-10-16,124486,1,12,0,233.0
10109817PEREIRAB_2025-10-16_G06,10109817PEREIRAB,2025-10-16,124548,1,13,0,348.0
10109817PEREIRAB_2025-10-16_G07,10109817PEREIRAB,2025-10-16,123080,1,17,0,295.0
10109817PEREIRAB_2025-10-16_G08,10109817PEREIRAB,2025-10-16,120339,1,2,0,145.0
10109817PEREIRAB_2025-10-16_G09,10109817PEREIRAB,2025-10-16,122185,1,14,0,420.0
10109817PEREIRAB_2025-10-16_G10,10109817PEREIRAB,2025-10-16,124248,1,17,0,1010.0
10109817PEREIRAB_2025-10-16_G11,10109817PEREIRAB,2025-10-16,124247,1,12,0,321.0
10109817PEREIRAB_2025-10-16_G12,10109817PEREIRAB,2025-10-16,122185,1,50,0,1207.0
10109817PEREIRAB_2025-10-17_G02,10109817PEREIRAB,2025-10-17,123344,1,10,0,1202.0
10109817PEREIRAB_2025-10-17_G03,10109817PEREIRAB,2025-10-17,122673,1,2,0,180.0
10109817PEREIRAB_2025-10-17_G04,10109817PEREIRAB,2025-10-17,124476,1,2,0,87.0
10109817PEREIRAB_2025-10-17_G05,10109817PEREIRAB,2025-10-17,124486,1,2,0,116.0
10109817PEREIRAB_2025-10-17_G06,10109817PEREIRAB,2025-10-17,122671,1,8,0,1310.0
10109817PEREIRAB_2025-10-17_G07,10109817PEREIRAB,2025-10-17,124475,1,2,0,268.0
10109817PEREIRAB_2025-10-17_G08,10109817PEREIRAB,2025-10-17,123909,1,8,0,294.0
10109817PEREIRAB_2025-10-17_G09,10109817PEREIRAB,2025-10-17,122673,1,4,0,132.0
10109817PEREIRAB_2025-10-17_G10,10109817PEREIRAB,2025-10-17,124486,1,23,0,471.0
10109817PEREIRAB_2025-10-17_G11,10109817PEREIRAB,2025-10-17,114647,1,4,0,604.0
10109817PEREIRAB_2025-10-17_G13,10109817PEREIRAB,2025-10-17,122647,1,10,0,746.0
10109817PEREIRAB_2025-10-17_G14,10109817PEREIRAB,2025-10-17,120028,1,16,0,371.0
10109817PEREIRAB_2025-10-17_G15,10109817PEREIRAB,2025-10-17,124486,1,11,0,341.0
10109817PEREIRAB_2025-10-17_G16,10109817PEREIRAB,2025-10-17,122967,1,20,0,490.0
10109817PEREIRAB_2025-10-17_G17,10109817PEREIRAB,2025-10-17,124594,1,4,0,326.0
10109817PEREIRAB_2025-10-18_G02,10109817PEREIRAB,2025-10-18,122703,1,4,0,321.0
10109817PEREIRAB_2025-10-18_G03,10109817PEREIRAB,2025-10-18,124370,1,8,0,229.0
10109817PEREIRAB_2025-10-18_G04,10109817PEREIRAB,2025-10-18,121651,1,18,0,326.0
10109817PEREIRAB_2025-10-18_G05,10109817PEREIRAB,2025-10-18,121651,1,6,0,130.0
10109817PEREIRAB_2025-10-18_G06,10109817PEREIRAB,2025-10-18,122647,2,6,10,106.0
10109817PEREIRAB_2025-10-18_G07,10109817PEREIRAB,2025-10-18,124371,1,4,0,150.0
10109817PEREIRAB_2025-10-18_G08,10109817PEREIRAB,2025-10-18,123345,1,6,0,1186.0
10109817PEREIRAB_2025-10-22_G02,10109817PEREIRAB,2025-10-22,121760,1,25,0,845.0
10109817PEREIRAB_2025-10-22_G03,10109817PEREIRAB,2025-10-22,124370,1,100,0,2684.0
10109817PEREIRAB_2025-10-22_G04,10109817PEREIRAB,2025-10-22,122982,1,10,0,143.0
10109817PEREIRAB_2025-11-13_G02,10109817PEREIRAB,2025-11-13,123822,1,30,0,855.0
10109817PEREIRAB_2025-11-13_G03,10109817PEREIRAB,2025-11-13,122962,1,12,0,1569.0
10109817PEREIRAB_2025-11-13_G04,10109817PEREIRAB,2025-11-13,120389,1,4,0,390.0
10109817PEREIRAB_2025-11-13_G05,10109817PEREIRAB,2025-11-13,123345,1,4,0,214.0
10109817PEREIRAB_2025-11-13_G06,10109817PEREIRAB,2025-11-13,181887,2,7,23,362.0
10109817PEREIRAB_2025-11-13_G07,10109817PEREIRAB,2025-11-13,124548,1,12,0,1063.0
10109817PEREIRAB_2025-11-13_G08,10109817PEREIRAB,2025-11-13,124247,1,24,0,1782.0
10109817PEREIRAB_2025-12-12_G02,10109817PEREIRAB,2025-12-12,117935,1,4,0,243.0
10109817PEREIRAB_2025-12-12_G03,10109817PEREIRAB,2025-12-12,111468,1,2,0,87.0
10109817PEREIRAB_2025-12-12_G04,10109817PEREIRAB,2025-12-12,111530,1,4,0,131.0
10109817PEREIRAB_2025-12-12_G05,10109817PEREIRAB,2025-12-12,141352,1,4,0,175.0
10109817PEREIRAB_2025-12-12_G06,10109817PEREIRAB,2025-12-12,110711,1,6,0,203.0
10109817PEREIRAB_2025-12-12_G07,10109817PEREIRAB,2025-12-12,111602,1,4,0,149.0
10109817PEREIRAB_2025-12-12_G08,10109817PEREIRAB,2025-12-12,111467,1,1,0,126.0
10109817PEREIRAB_2025-12-12_G09,10109817PEREIRAB,2025-12-12,118140,1,8,0,265.0
10109817PEREIRAB_2025-12-12_G10,10109817PEREIRAB,2025-12-12,111655,1,1,0,433.0
10109817PEREIRAB_2025-12-12_G11,10109817PEREIRAB,2025-12-12,111468,1,2,0,104.0
10109817PEREIRAB_2025-12-12_G12,10109817PEREIRAB,2025-12-12,117935,1,4,0,244.0
10109817PEREIRAB_2025-12-12_G13,10109817PEREIRAB,2025-12-12,111602,1,4,0,123.0
10109817PEREIRAB_2025-12-12_G14,10109817PEREIRAB,2025-12-12,108772,1,4,0,180.0
10109817PEREIRAB_2025-12-12_G15,10109817PEREIRAB,2025-12-12,110740,1,4,0,134.0
10109817PEREIRAB_2025-12-12_G16,10109817PEREIRAB,2025-12-12,111602,1,4,0,311.0
10109817PEREIRAB_2025-12-12_G17,10109817PEREIRAB,2025-12-12,111530,2,8,13,95.0
10109817PEREIRAB_2025-12-12_G18,10109817PEREIRAB,2025-12-12,117935,1,2,0,1761.0
10109817PEREIRAB_2025-12-12_G19,10109817PEREIRAB,2025-12-12,111172,1,4,0,202.0
10109817PEREIRAB_2025-12-12_G20,10109817PEREIRAB,2025-12-12,141823,1,1,0,59.0
10109817PEREIRAB_2025-12-12_G21,10109817PEREIRAB,2025-12-12,118140,1,11,0,123.0
10109817PEREIRAB_2025-12-12_G22,10109817PEREIRAB,2025-12-12,111530,1,16,0,292.0
10109817PEREIRAB_2025-12-12_G23,10109817PEREIRAB,2025-12-12,117786,1,4,0,127.0
10109817PEREIRAB_2025-12-12_G24,10109817PEREIRAB,2025-12-12,111418,1,16,0,178.0
10109817PEREIRAB_2025-12-12_G25,10109817PEREIRAB,2025-12-12,111463,1,7,0,181.0
10109817PEREIRAB_2025-12-12_G26,10109817PEREIRAB,2025-12-12,118418,1,8,0,476.0
10109817PEREIRAB_2025-12-12_G27,10109817PEREIRAB,2025-12-12,118317,1,3,0,187.0
10109817PEREIRAB_2025-12-12_G28,10109817PEREIRAB,2025-12-12,117935,1,12,0,593.0
10109817PEREIRAB_2025-12-12_G29,10109817PEREIRAB,2025-12-12,117786,1,3,0,266.0
10109817PEREIRAB_2025-12-12_G30,10109817PEREIRAB,2025-12-12,108759,1,6,0,303.0
10109817PEREIRAB_2025-12-12_G31,10109817PEREIRAB,2025-12-12,118290,1,8,0,769.0
10109817PEREIRAB_2025-12-12_G32,10109817PEREIRAB,2025-12-12,108798,1,4,0,439.0
10109817PEREIRAB_2025-12-12_G33,10109817PEREIRAB,2025-12-12,111433,1,4,0,89.0
10109817PEREIRAB_2025-12-12_G35,10109817PEREIRAB,2025-12-12,140923,1,6,0,115.0
10109817PEREIRAB_2025-12-12_G36,10109817PEREIRAB,2025-12-12,111465,1,2,0,186.0
10109817PEREIRAB_2025-12-12_G37,10109817PEREIRAB,2025-12-12,141456,1,2,0,74.0
10109817PEREIRAB_2025-12-12_G38,10109817PEREIRAB,2025-12-12,110372,1,8,0,295.0
10109817PEREIRAB_2025-12-12_G39,10109817PEREIRAB,2025-12-12,111466,1,6,0,204.0
10109817PEREIRAB_2025-12-12_G40,10109817PEREIRAB,2025-12-12,108361,1,8,0,340.0
10109817PEREIRAB_2025-12-12_G41,10109817PEREIRAB,2025-12-12,111463,1,2,0,205.0
10109817PEREIRAB_2025-12-12_G42,10109817PEREIRAB,2025-12-12,117935,1,1,0,252.0
10109817PEREIRAB_2025-12-13_G02,10109817PEREIRAB,2025-12-13,111172,1,10,0,279.0
10109817PEREIRAB_2025-12-13_G03,10109817PEREIRAB,2025-12-13,141456,1,20,0,395.0
10109817PEREIRAB_2025-12-13_G04,10109817PEREIRAB,2025-12-13,111463,1,20,0,654.0
10109817PEREIRAB_2025-12-13_G05,10109817PEREIRAB,2025-12-13,140922,1,8,0,178.0
10109817PEREIRAB_2025-12-13_G06,10109817PEREIRAB,2025-12-13,116241,1,6,0,568.0
10109817PEREIRAB_2025-12-13_G07,10109817PEREIRAB,2025-12-13,111743,1,12,0,624.0
10109817PEREIRAB_2025-12-13_G08,10109817PEREIRAB,2025-12-13,108711,1,12,0,290.0
10109817PEREIRAB_2025-12-13_G09,10109817PEREIRAB,2025-12-13,111532,1,12,0,157.0
10109817PEREIRAB_2025-12-13_G10,10109817PEREIRAB,2025-12-13,111435,1,5,0,111.0
10109817PEREIRAB_2025-12-13_G11,10109817PEREIRAB,2025-12-13,109641,1,4,0,117.0
10109817PEREIRAB_2025-12-13_G12,10109817PEREIRAB,2025-12-13,105705,1,6,0,291.0
10109817PEREIRAB_2025-12-13_G13,10109817PEREIRAB,2025-12-13,111462,1,20,0,761.0
10109817PEREIRAB_2025-12-13_G14,10109817PEREIRAB,2025-12-13,111444,1,8,0,303.0
10109817PEREIRAB_2025-12-13_G15,10109817PEREIRAB,2025-12-13,117831,1,20,0,201.0
10109817PEREIRAB_2025-12-13_G16,10109817PEREIRAB,2025-12-13,107236,1,20,0,363.0
10109817PEREIRAB_2025-12-13_G17,10109817PEREIRAB,2025-12-13,110740,1,5,0,175.0
10109817PEREIRAB_2025-12-13_G18,10109817PEREIRAB,2025-12-13,117821,1,20,0,658.0
10109817PEREIRAB_2025-12-13_G19,10109817PEREIRAB,2025-12-13,141458,1,20,0,346.0
10109817PEREIRAB_2025-12-13_G20,10109817PEREIRAB,2025-12-13,111418,1,50,0,570.0
10109817PEREIRAB_2025-12-13_G21,10109817PEREIRAB,2025-12-13,141457,1,20,0,149.0
10109817PEREIRAB_2025-12-13_G23,10109817PEREIRAB,2025-12-13,111602,1,21,0,236.0
10109817PEREIRAB_2025-12-13_G24,10109817PEREIRAB,2025-12-13,110515,1,32,0,453.0
10109817PEREIRAB_2025-12-13_G25,10109817PEREIRAB,2025-12-13,111650,1,3,0,197.0
10109817PEREIRAB_2025-12-13_G26,10109817PEREIRAB,2025-12-13,118298,1,3,0,73.0
10109817PEREIRAB_2025-12-13_G27,10109817PEREIRAB,2025-12-13,117853,1,36,0,150.0
10109817PEREIRAB_2025-12-13_G28,10109817PEREIRAB,2025-12-13,111530,1,107,0,628.0
10109817PEREIRAB_2026-01-30_G02,10109817PEREIRAB,2026-01-30,181815,1,27,0,368.0
10109817PEREIRAB_2026-01-30_G03,10109817PEREIRAB,2026-01-30,181887,1,9,0,380.0
10109817PEREIRAB_2026-01-30_G04,10109817PEREIRAB,2026-01-30,181057,1,15,0,397.0
10109817PEREIRAB_2026-01-30_G05,10109817PEREIRAB,2026-01-30,181057,1,13,0,428.0
10109817PEREIRAB_2026-01-30_G06,10109817PEREIRAB,2026-01-30,124247,1,2,0,2103.0
10109817PEREIRAB_2026-01-30_G07,10109817PEREIRAB,2026-01-30,124624,2,14,11,365.0
10109817PEREIRAB_2026-01-30_G08,10109817PEREIRAB,2026-01-30,124594,1,2,0,882.0
10109817PEREIRAB_2026-01-30_G09,10109817PEREIRAB,2026-01-30,120339,1,6,0,537.0
10109817PEREIRAB_2026-01-30_G10,10109817PEREIRAB,2026-01-30,121760,1,2,0,124.0
10109817PEREIRAB_2026-01-30_G11,10109817PEREIRAB,2026-01-30,120271,1,12,0,205.0
10109817PEREIRAB_2026-01-30_G12,10109817PEREIRAB,2026-01-30,120271,1,10,0,137.0
10109817PEREIRAB_2026-01-30_G13,10109817PEREIRAB,2026-01-30,124371,1,4,0,101.0
10109817PEREIRAB_2026-01-30_G14,10109817PEREIRAB,2026-01-30,124370,1,4,0,259.0
10109817PEREIRAB_2026-01-30_G15,10109817PEREIRAB,2026-01-30,122983,1,8,0,321.0
10109817PEREIRAB_2026-01-30_G16,10109817PEREIRAB,2026-01-30,122983,1,7,0,74.0
10109817PEREIRAB_2026-01-30_G17,10109817PEREIRAB,2026-01-30,122983,1,20,0,234.0
10109817PEREIRAB_2026-01-30_G18,10109817PEREIRAB,2026-01-30,122983,1,4,0,293.0
10109817PEREIRAB_2026-01-30_G19,10109817PEREIRAB,2026-01-30,124248,1,2,0,221.0
10109817PEREIRAB_2026-01-30_G20,10109817PEREIRAB,2026-01-30,123343,1,4,0,579.0
10109817PEREIRAB_2026-01-30_G21,10109817PEREIRAB,2026-01-30,181887,1,8,0,484.0
10109817PEREIRAB_2026-01-30_G22,10109817PEREIRAB,2026-01-30,124247,1,8,0,455.0
10109817PEREIRAB_2026-01-30_G23,10109817PEREIRAB,2026-01-30,120028,1,2,0,147.0
10109817PEREIRAB_2026-01-30_G24,10109817PEREIRAB,2026-01-30,122962,1,40,0,264.0
10109817PEREIRAB_2026-01-30_G25,10109817PEREIRAB,2026-01-30,124247,2,16,10,307.0
10109817PEREIRAB_2026-01-30_G26,10109817PEREIRAB,2026-01-30,124624,1,2,0,502.0
10109817PEREIRAB_2026-01-30_G27,10109817PEREIRAB,2026-01-30,124594,1,2,0,123.0
10109817PEREIRAB_2026-01-30_G28,10109817PEREIRAB,2026-01-30,124477,1,4,0,825.0
10109817PEREIRAB_2026-01-30_G29,10109817PEREIRAB,2026-01-30,122962,1,4,0,399.0
10109817PEREIRAB_2026-01-30_G30,10109817PEREIRAB,2026-01-30,"124486, 124247",2,6,16,108.0
10109817PEREIRAB_2026-01-30_G31,10109817PEREIRAB,2026-01-30,122984,1,1,0,292.0
10109817PEREIRAB_2026-01-30_G32,10109817PEREIRAB,2026-01-30,124371,1,4,0,124.0
10109817PEREIRAB_2026-01-30_G33,10109817PEREIRAB,2026-01-30,124370,1,4,0,289.0
10109817PEREIRAB_2026-01-30_G34,10109817PEREIRAB,2026-01-30,122983,1,7,0,196.0
10109817PEREIRAB_2026-01-30_G35,10109817PEREIRAB,2026-01-30,124475,1,5,0,139.0
10109817PEREIRAB_2026-01-30_G36,10109817PEREIRAB,2026-01-30,124248,1,4,0,189.0
10109817PEREIRAB_2026-01-30_G37,10109817PEREIRAB,2026-01-30,124247,1,2,0,57.0
10109817PEREIRAB_2026-01-31_G02,10109817PEREIRAB,2026-01-31,123909,1,10,0,174.0
10109817PEREIRAB_2026-01-31_G03,10109817PEREIRAB,2026-01-31,121760,1,2,0,348.0
10109817PEREIRAB_2026-01-31_G04,10109817PEREIRAB,2026-01-31,123345,1,2,0,177.0
10109817PEREIRAB_2026-01-31_G05,10109817PEREIRAB,2026-01-31,124486,1,4,0,358.0
10109817PEREIRAB_2026-01-31_G06,10109817PEREIRAB,2026-01-31,122962,1,30,0,746.0
10109817PEREIRAB_2026-01-31_G07,10109817PEREIRAB,2026-01-31,121760,1,4,0,217.0
10109817PEREIRAB_2026-01-31_G08,10109817PEREIRAB,2026-01-31,180094,1,2,0,869.0
10109817PEREIRAB_2026-01-31_G09,10109817PEREIRAB,2026-01-31,120008,1,24,0,143.0
10109817PEREIRAB_2026-01-31_G10,10109817PEREIRAB,2026-01-31,121651,1,2,0,404.0
10109817PEREIRAB_2026-01-31_G11,10109817PEREIRAB,2026-01-31,124370,1,6,0,157.0
10109817PEREIRAB_2026-01-31_G12,10109817PEREIRAB,2026-01-31,124476,1,4,0,231.0
10109817PEREIRAB_2026-01-31_G13,10109817PEREIRAB,2026-01-31,124475,1,8,0,214.0
10109817PEREIRAB_2026-01-31_G14,10109817PEREIRAB,2026-01-31,123345,1,2,0,266.0
10109817PEREIRAB_2026-01-31_G15,10109817PEREIRAB,2026-01-31,"123344, 122962",2,5,13,212.0
10109817PEREIRAB_2026-01-31_G16,10109817PEREIRAB,2026-01-31,123345,1,2,0,144.0
10109817PEREIRAB_2026-01-31_G17,10109817PEREIRAB,2026-01-31,121760,1,6,0,377.0
10109817PEREIRAB_2026-01-31_G18,10109817PEREIRAB,2026-01-31,122982,1,6,0,91.0
10109817PEREIRAB_2026-01-31_G19,10109817PEREIRAB,2026-01-31,124476,1,4,0,125.0
10109817PEREIRAB_2026-01-31_G20,10109817PEREIRAB,2026-01-31,122984,1,8,0,102.0
10109817PEREIRAB_2026-01-31_G21,10109817PEREIRAB,2026-01-31,121651,1,8,0,650.0
10109817PEREIRAB_2026-01-31_G22,10109817PEREIRAB,2026-01-31,124476,1,2,0,79.0
10109817PEREIRAB_2026-01-31_G23,10109817PEREIRAB,2026-01-31,124486,1,6,0,140.0
10109817PEREIRAB_2026-01-31_G24,10109817PEREIRAB,2026-01-31,123345,1,30,0,418.0
10109817PEREIRAB_2026-01-31_G25,10109817PEREIRAB,2026-01-31,121760,1,24,0,216.0
10109817PEREIRAB_2026-01-31_G26,10109817PEREIRAB,2026-01-31,123345,1,4,0,415.0
10109817PEREIRAB_2026-01-31_G27,10109817PEREIRAB,2026-01-31,124475,1,4,0,118.0
10109817PEREIRAB_2026-01-31_G28,10109817PEREIRAB,2026-01-31,123153,1,10,0,359.0
10109817PEREIRAB_2026-01-31_G29,10109817PEREIRAB,2026-01-31,121760,1,6,0,967.0
10109817PEREIRAB_2026-01-31_G30,10109817PEREIRAB,2026-01-31,122984,1,40,0,686.0
10109817PEREIRAB_2026-01-31_G31,10109817PEREIRAB,2026-01-31,122984,1,4,0,85.0
10109817PEREIRAB_2026-01-31_G32,10109817PEREIRAB,2026-01-31,123909,1,3,0,120.0
10109817PEREIRAB_2026-01-31_G33,10109817PEREIRAB,2026-01-31,123345,1,4,0,268.0
10109817PEREIRAB_2026-01-31_G34,10109817PEREIRAB,2026-01-31,121651,1,6,0,301.0
10109817PEREIRAB_2026-01-31_G35,10109817PEREIRAB,2026-01-31,124486,1,20,0,235.0
10109817PEREIRAB_2026-01-31_G36,10109817PEREIRAB,2026-01-31,122703,1,4,0,701.0
10109817PEREIRAB_2026-01-31_G37,10109817PEREIRAB,2026-01-31,124475,1,3,0,253.0
10109817PEREIRAB_2026-01-31_G38,10109817PEREIRAB,2026-01-31,122703,1,4,0,202.0
10109817PEREIRAB_2026-01-31_G39,10109817PEREIRAB,2026-01-31,122647,1,70,0,1480.0
10109817PEREIRAB_2026-01-31_G40,10109817PEREIRAB,2026-01-31,122673,1,10,0,378.0
10109817PEREIRAB_2026-01-31_G42,10109817PEREIRAB,2026-01-31,123909,1,7,0,482.0
10109817PEREIRAB_2026-01-31_G43,10109817PEREIRAB,2026-01-31,"123909, 124371, 122962",3,15,40,329.0
10109817PEREIRAB_2026-01-31_G44,10109817PEREIRAB,2026-01-31,123909,1,14,0,427.0
10109817PEREIRAB_2026-01-31_G45,10109817PEREIRAB,2026-01-31,"121651, 122962, 124486, 123909",4,31,33,857.0
10109817PEREIRAB_2026-01-31_G46,10109817PEREIRAB,2026-01-31,121760,1,1,0,94.0
10109817PEREIRAB_2026-01-31_G47,10109817PEREIRAB,2026-01-31,124371,1,7,0,117.0
10109817PEREIRAB_2026-01-31_G48,10109817PEREIRAB,2026-01-31,124486,1,8,0,216.0
10109817PEREIRAB_2026-01-31_G49,10109817PEREIRAB,2026-01-31,"121651, 121760, 123909",3,22,17,249.0
10109817PEREIRAB_2026-01-31_G50,10109817PEREIRAB,2026-01-31,122647,1,2,0,206.0
10109817PEREIRAB_2026-01-31_G51,10109817PEREIRAB,2026-01-31,"122962, 123153",2,8,28,171.0
10109817PEREIRAB_2026-02-12_G02,10109817PEREIRAB,2026-02-12,181887,1,6,0,605.0
10109817PEREIRAB_2026-02-12_G03,10109817PEREIRAB,2026-02-12,123343,1,4,0,397.0
10109817PEREIRAB_2026-02-12_G04,10109817PEREIRAB,2026-02-12,122185,1,2,0,362.0
10109817PEREIRAB_2026-02-12_G05,10109817PEREIRAB,2026-02-12,123492,1,25,0,921.0
10109817PEREIRAB_2026-02-12_G06,10109817PEREIRAB,2026-02-12,122962,1,12,0,151.0
10109817PEREIRAB_2026-02-12_G07,10109817PEREIRAB,2026-02-12,122983,1,10,0,336.0
10109817PEREIRAB_2026-02-12_G08,10109817PEREIRAB,2026-02-12,181887,1,2,0,1696.0
10109817PEREIRAB_2026-02-12_G09,10109817PEREIRAB,2026-02-12,122962,1,6,0,119.0
10109817PEREIRAB_2026-02-12_G10,10109817PEREIRAB,2026-02-12,124486,1,2,0,156.0
10109817PEREIRAB_2026-02-12_G11,10109817PEREIRAB,2026-02-12,124484,1,2,0,86.0
10109817PEREIRAB_2026-02-12_G12,10109817PEREIRAB,2026-02-12,124247,1,8,0,212.0
10109817PEREIRAB_2026-02-12_G13,10109817PEREIRAB,2026-02-12,120028,1,50,0,861.0
10109817PEREIRAB_2026-02-12_G14,10109817PEREIRAB,2026-02-12,122185,1,40,0,920.0
10109817PEREIRAB_2026-02-12_G16,10109817PEREIRAB,2026-02-12,121651,1,1,0,437.0
10109817PEREIRAB_2026-02-12_G17,10109817PEREIRAB,2026-02-12,124475,1,2,0,154.0
10109817PEREIRAB_2026-02-12_G18,10109817PEREIRAB,2026-02-12,123909,1,1,0,106.0
10109817PEREIRAB_2026-02-12_G19,10109817PEREIRAB,2026-02-12,"124248, 123344",2,4,21,179.0
10109817PEREIRAB_2026-02-12_G20,10109817PEREIRAB,2026-02-12,123344,1,12,0,588.0
10109817PEREIRAB_2026-02-12_G21,10109817PEREIRAB,2026-02-12,124594,1,2,0,498.0
10109817PEREIRAB_2026-02-12_G22,10109817PEREIRAB,2026-02-12,124477,1,2,0,290.0
10109817PEREIRAB_2026-02-12_G23,10109817PEREIRAB,2026-02-12,122962,1,4,0,72.0
10109817PEREIRAB_2026-02-12_G24,10109817PEREIRAB,2026-02-12,124370,1,4,0,141.0
10109817PEREIRAB_2026-02-12_G25,10109817PEREIRAB,2026-02-12,122984,1,30,0,508.0
10109817PEREIRAB_2026-02-12_G26,10109817PEREIRAB,2026-02-12,121651,1,10,0,462.0
10109817PEREIRAB_2026-02-12_G27,10109817PEREIRAB,2026-02-12,122988,1,1,0,173.0
10109817PEREIRAB_2026-02-12_G28,10109817PEREIRAB,2026-02-12,124371,1,3,0,55.0
10109817PEREIRAB_2026-02-12_G29,10109817PEREIRAB,2026-02-12,121760,1,14,0,257.0
10109817PEREIRAB_2026-02-12_G30,10109817PEREIRAB,2026-02-12,122983,1,7,0,401.0
10109817PEREIRAB_2026-02-12_G31,10109817PEREIRAB,2026-02-12,124475,1,2,0,98.0
10109817PEREIRAB_2026-02-25_G02,10109817PEREIRAB,2026-02-25,122988,1,4,0,139.0
10109817PEREIRAB_2026-02-25_G03,10109817PEREIRAB,2026-02-25,120028,1,12,0,289.0
10109817PEREIRAB_2026-02-25_G04,10109817PEREIRAB,2026-02-25,124486,1,12,0,188.0
10109817PEREIRAB_2026-02-25_G05,10109817PEREIRAB,2026-02-25,124433,1,16,0,373.0
10109817PEREIRAB_2026-02-25_G06,10109817PEREIRAB,2026-02-25,122986,1,20,0,483.0
10109817PEREIRAB_2026-02-25_G07,10109817PEREIRAB,2026-02-25,124248,1,40,0,700.0
10109817PEREIRAB_2026-02-25_G08,10109817PEREIRAB,2026-02-25,122647,1,50,0,1371.0
10109817PEREIRAB_2026-02-25_G09,10109817PEREIRAB,2026-02-25,124247,1,20,0,504.0
10109817PEREIRAB_2026-02-25_G10,10109817PEREIRAB,2026-02-25,122984,1,6,0,714.0
10109817PEREIRAB_2026-02-25_G11,10109817PEREIRAB,2026-02-25,122703,1,4,0,152.0
10109817PEREIRAB_2026-02-25_G12,10109817PEREIRAB,2026-02-25,123345,1,4,0,190.0
10109817PEREIRAB_2026-02-25_G13,10109817PEREIRAB,2026-02-25,122982,1,56,0,1341.0
10109817PEREIRAB_2026-02-25_G14,10109817PEREIRAB,2026-02-25,122647,1,30,0,849.0
10109817PEREIRAB_2026-02-27_G02,10109817PEREIRAB,2026-02-27,122984,1,64,0,1114.0
10109817PEREIRAB_2026-02-27_G03,10109817PEREIRAB,2026-02-27,122967,1,50,0,989.0
10109817PEREIRAB_2026-02-27_G04,10109817PEREIRAB,2026-02-27,124247,1,2,0,191.0
10109817PEREIRAB_2026-02-27_G05,10109817PEREIRAB,2026-02-27,123345,1,6,0,641.0
10109817PEREIRAB_2026-02-27_G06,10109817PEREIRAB,2026-02-27,122962,1,16,0,2089.0
10109817PEREIRAB_2026-02-27_G07,10109817PEREIRAB,2026-02-27,122962,1,40,0,184.0
10109817PEREIRAB_2026-02-27_G08,10109817PEREIRAB,2026-02-27,122962,1,13,0,1018.0
10109817PEREIRAB_2026-02-27_G09,10109817PEREIRAB,2026-02-27,122671,1,4,0,363.0
10109817PEREIRAB_2026-02-27_G10,10109817PEREIRAB,2026-02-27,124247,1,11,0,208.0
10109817PEREIRAB_2026-02-27_G11,10109817PEREIRAB,2026-02-27,124247,1,10,0,131.0
10109817PEREIRAB_2026-02-27_G12,10109817PEREIRAB,2026-02-27,124476,1,4,0,57.0
10109817PEREIRAB_2026-02-27_G13,10109817PEREIRAB,2026-02-27,121760,1,14,0,313.0
10109817PEREIRAB_2026-02-27_G14,10109817PEREIRAB,2026-02-27,122962,1,13,0,1990.0
10109817PEREIRAB_2026-02-27_G15,10109817PEREIRAB,2026-02-27,121760,1,4,0,242.0
10109817PEREIRAB_2026-02-27_G16,10109817PEREIRAB,2026-02-27,124370,1,8,0,576.0
10109817PEREIRAB_2026-02-27_G17,10109817PEREIRAB,2026-02-27,123344,1,3,0,234.0
10109817PEREIRAB_2026-02-27_G18,10109817PEREIRAB,2026-02-27,123909,1,4,0,419.0
10109817PEREIRAB_2026-02-27_G19,10109817PEREIRAB,2026-02-27,122984,1,10,0,625.0
10109817PEREIRAB_2026-02-27_G20,10109817PEREIRAB,2026-02-27,122962,1,11,0,272.0
10109817PEREIRAB_2026-02-27_G21,10109817PEREIRAB,2026-02-27,121651,1,3,0,252.0
10109817PEREIRAB_2026-02-27_G22,10109817PEREIRAB,2026-02-27,122981,1,2,0,94.0
10109817PEREIRAB_2026-02-27_G23,10109817PEREIRAB,2026-02-27,124247,1,10,0,156.0
10109817PEREIRAB_2026-02-27_G24,10109817PEREIRAB,2026-02-27,124476,1,4,0,97.0
10109817PEREIRAB_2026-02-27_G25,10109817PEREIRAB,2026-02-27,124248,1,8,0,140.0
10109817PEREIRAB_2026-02-27_G26,10109817PEREIRAB,2026-02-27,124247,1,2,0,120.0
10109817PEREIRAB_2026-02-27_G27,10109817PEREIRAB,2026-02-27,123344,1,2,0,1130.0
10109817PEREIRAB_2026-02-27_G28,10109817PEREIRAB,2026-02-27,122962,1,14,0,488.0
10109817PEREIRAB_2026-02-27_G29,10109817PEREIRAB,2026-02-27,121651,1,20,0,480.0
10109817PEREIRAB_2026-02-27_G30,10109817PEREIRAB,2026-02-27,123909,1,2,0,164.0
10109817PEREIRAB_2026-02-27_G31,10109817PEREIRAB,2026-02-27,123345,2,6,29,148.0
10109817PEREIRAB_2026-02-27_G32,10109817PEREIRAB,2026-02-27,121760,1,10,0,1222.0
10109817PEREIRAB_2026-02-27_G33,10109817PEREIRAB,2026-02-27,124371,1,16,0,411.0
10109817PEREIRAB_2026-02-27_G34,10109817PEREIRAB,2026-02-27,122962,1,32,0,281.0
10109817PEREIRAB_2026-02-27_G35,10109817PEREIRAB,2026-02-27,122647,1,24,0,608.0
10109817PEREIRAB_2026-02-27_G37,10109817PEREIRAB,2026-02-27,123313,1,4,0,388.0
10109817PEREIRAB_2026-02-27_G38,10109817PEREIRAB,2026-02-27,123345,1,16,0,598.0
10109817PEREIRAB_2026-02-27_G39,10109817PEREIRAB,2026-02-27,123343,1,8,0,685.0
10109817PEREIRAB_2026-02-27_G40,10109817PEREIRAB,2026-02-27,123562,1,4,0,636.0
10109817PEREIRAB_2026-02-27_G41,10109817PEREIRAB,2026-02-27,122984,1,2,0,204.0
10109817PEREIRAB_2026-02-27_G42,10109817PEREIRAB,2026-02-27,122671,1,4,0,736.0
10109817PEREIRAB_2026-02-27_G43,10109817PEREIRAB,2026-02-27,122983,1,2,0,144.0
10109817PEREIRAB_2026-02-27_G44,10109817PEREIRAB,2026-02-27,123909,1,10,0,346.0
10109817PEREIRAB_2026-02-28_G02,10109817PEREIRAB,2026-02-28,122962,1,30,0,372.0
10109817PEREIRAB_2026-02-28_G03,10109817PEREIRAB,2026-02-28,120389,1,25,0,796.0
10109817PEREIRAB_2026-02-28_G04,10109817PEREIRAB,2026-02-28,122988,1,6,0,115.0
10109817PEREIRAB_2026-02-28_G05,10109817PEREIRAB,2026-02-28,123822,1,60,0,1201.0
10109817PEREIRAB_2026-02-28_G06,10109817PEREIRAB,2026-02-28,124486,1,30,0,1779.0
10109817PEREIRAB_2026-02-28_G07,10109817PEREIRAB,2026-02-28,122967,1,44,0,933.0
10109817PEREIRAB_2026-02-28_G08,10109817PEREIRAB,2026-02-28,123909,1,30,0,606.0
10109817PEREIRAB_2026-02-28_G09,10109817PEREIRAB,2026-02-28,122967,1,20,0,1405.0
10109817PEREIRAB_2026-02-28_G10,10109817PEREIRAB,2026-02-28,123343,1,21,0,719.0
10109817PEREIRAB_2026-02-28_G11,10109817PEREIRAB,2026-02-28,122671,1,4,0,127.0
10109817PEREIRAB_2026-02-28_G12,10109817PEREIRAB,2026-02-28,124476,1,4,0,137.0
10109817PEREIRAB_2026-02-28_G13,10109817PEREIRAB,2026-02-28,123909,1,1,0,84.0
10109817PEREIRAB_2026-02-28_G14,10109817PEREIRAB,2026-02-28,123153,1,4,0,886.0
10109817PEREIRAB_2026-02-28_G15,10109817PEREIRAB,2026-02-28,124486,1,8,0,2093.0
10109817PEREIRAB_2026-02-28_G16,10109817PEREIRAB,2026-02-28,124248,1,8,0,756.0
10109817PEREIRAB_2026-02-28_G17,10109817PEREIRAB,2026-02-28,124582,1,8,0,257.0
10109817PEREIRAB_2026-02-28_G18,10109817PEREIRAB,2026-02-28,122647,1,12,0,460.0
10109817PEREIRAB_2026-02-28_G19,10109817PEREIRAB,2026-02-28,122673,1,4,0,498.0
10109817PEREIRAB_2026-02-28_G20,10109817PEREIRAB,2026-02-28,122962,1,12,0,178.0
10109817PEREIRAB_2026-02-28_G21,10109817PEREIRAB,2026-02-28,124486,1,7,0,557.0
10109817PEREIRAB_2026-02-28_G22,10109817PEREIRAB,2026-02-28,123889,1,60,0,975.0
10109817PEREIRAB_2026-02-28_G23,10109817PEREIRAB,2026-02-28,123822,1,8,0,2295.0
10109817PEREIRAB_2026-02-28_G24,10109817PEREIRAB,2026-02-28,122962,1,24,0,2328.0
10109817PEREIRAB_2026-02-28_G25,10109817PEREIRAB,2026-02-28,121651,1,9,0,454.0
10109817PEREIRAB_2026-02-28_G26,10109817PEREIRAB,2026-02-28,121760,1,4,0,149.0
10109817PEREIRAB_2026-02-28_G27,10109817PEREIRAB,2026-02-28,122962,1,36,0,399.0
10109817PEREIRAB_2026-02-28_G28,10109817PEREIRAB,2026-02-28,122673,1,15,0,664.0
10109817PEREIRAB_2026-02-28_G29,10109817PEREIRAB,2026-02-28,123153,1,20,0,69.0
10109817PEREIRAB_2026-02-28_G30,10109817PEREIRAB,2026-02-28,122962,1,14,0,70.0
10109817PEREIRAB_2026-03-11_G02,10109817PEREIRAB,2026-03-11,120389,1,3,0,180.0
10109817PEREIRAB_2026-03-11_G03,10109817PEREIRAB,2026-03-11,124476,1,8,0,174.0
10109817PEREIRAB_2026-03-11_G04,10109817PEREIRAB,2026-03-11,123345,1,4,0,190.0
10109817PEREIRAB_2026-03-11_G05,10109817PEREIRAB,2026-03-11,120008,1,3,0,177.0
10109817PEREIRAB_2026-03-11_G06,10109817PEREIRAB,2026-03-11,122671,1,4,0,96.0
10109817PEREIRAB_2026-03-11_G07,10109817PEREIRAB,2026-03-11,122962,1,8,0,52.0
10109817PEREIRAB_2026-03-11_G08,10109817PEREIRAB,2026-03-11,123822,1,12,0,228.0
10109817PEREIRAB_2026-03-11_G09,10109817PEREIRAB,2026-03-11,124475,1,4,0,315.0
10109817PEREIRAB_2026-03-11_G10,10109817PEREIRAB,2026-03-11,124475,1,2,0,41.0
10109817PEREIRAB_2026-03-11_G11,10109817PEREIRAB,2026-03-11,122962,1,32,0,716.0
10109817PEREIRAB_2026-03-11_G12,10109817PEREIRAB,2026-03-11,124486,1,20,0,370.0
10109817PEREIRAB_2026-03-11_G13,10109817PEREIRAB,2026-03-11,124476,1,4,0,205.0
10109817PEREIRAB_2026-03-11_G14,10109817PEREIRAB,2026-03-11,124248,1,6,0,130.0
10109817PEREIRAB_2026-03-11_G15,10109817PEREIRAB,2026-03-11,123909,1,3,0,218.0
10109817PEREIRAB_2026-03-11_G16,10109817PEREIRAB,2026-03-11,121760,1,8,0,246.0
10109817PEREIRAB_2026-03-11_G17,10109817PEREIRAB,2026-03-11,124247,1,4,0,103.0
10109817PEREIRAB_2026-03-11_G18,10109817PEREIRAB,2026-03-11,124476,1,2,0,76.0
10109817PEREIRAB_2026-03-11_G19,10109817PEREIRAB,2026-03-11,121651,1,4,0,126.0
10109817PEREIRAB_2026-03-11_G20,10109817PEREIRAB,2026-03-11,123909,1,10,0,758.0
10109817PEREIRAB_2026-03-11_G21,10109817PEREIRAB,2026-03-11,124475,1,5,0,741.0
10109817PEREIRAB_2026-03-11_G22,10109817PEREIRAB,2026-03-11,124483,1,4,0,262.0
10109817PEREIRAB_2026-03-11_G23,10109817PEREIRAB,2026-03-11,124475,1,8,0,89.0
10109817PEREIRAB_2026-03-11_G25,10109817PEREIRAB,2026-03-11,117820,1,4,0,132.0
10109817PEREIRAB_2026-03-11_G26,10109817PEREIRAB,2026-03-11,142093,1,4,0,163.0
10109817PEREIRAB_2026-03-11_G27,10109817PEREIRAB,2026-03-11,117836,1,2,0,61.0
10109817PEREIRAB_2026-03-11_G28,10109817PEREIRAB,2026-03-11,109641,1,5,0,206.0
10109817PEREIRAB_2026-03-11_G29,10109817PEREIRAB,2026-03-11,117831,1,2,0,63.0
10109817PEREIRAB_2026-03-11_G30,10109817PEREIRAB,2026-03-11,105705,1,8,0,168.0
10109817PEREIRAB_2026-03-11_G31,10109817PEREIRAB,2026-03-11,140922,1,16,0,454.0
10109817PEREIRAB_2026-03-11_G32,10109817PEREIRAB,2026-03-11,111348,1,10,0,113.0
10109817PEREIRAB_2026-03-11_G33,10109817PEREIRAB,2026-03-11,117833,1,13,0,184.0
10109817PEREIRAB_2026-03-11_G34,10109817PEREIRAB,2026-03-11,117820,1,46,0,313.0
10109817PEREIRAB_2026-03-11_G35,10109817PEREIRAB,2026-03-11,111743,1,18,0,546.0
10109817PEREIRAB_2026-03-11_G36,10109817PEREIRAB,2026-03-11,108795,1,1,0,257.0
10109817PEREIRAB_2026-03-11_G37,10109817PEREIRAB,2026-03-11,111462,1,3,0,77.0
10109817PEREIRAB_2026-03-11_G38,10109817PEREIRAB,2026-03-11,108798,1,19,0,371.0
10109817PEREIRAB_2026-03-11_G39,10109817PEREIRAB,2026-03-11,110373,1,13,0,195.0
10109817PEREIRAB_2026-03-11_G40,10109817PEREIRAB,2026-03-11,111418,1,2,0,78.0
10109817PEREIRAB_2026-03-11_G41,10109817PEREIRAB,2026-03-11,117838,1,4,0,90.0
10109817PEREIRAB_2026-03-11_G42,10109817PEREIRAB,2026-03-11,141457,1,67,0,730.0
10109817PEREIRAB_2026-03-11_G43,10109817PEREIRAB,2026-03-11,110740,1,11,0,249.0
10109817PEREIRAB_2026-03-11_G44,10109817PEREIRAB,2026-03-11,111469,1,11,0,121.0
10109817PEREIRAB_2026-03-11_G45,10109817PEREIRAB,2026-03-11,141458,1,18,0,343.0
10109817PEREIRAB_2026-03-11_G46,10109817PEREIRAB,2026-03-11,111120,1,1,0,445.0
10109817PEREIRAB_2026-03-11_G47,10109817PEREIRAB,2026-03-11,107888,1,2,0,112.0
10109817PEREIRAB_2026-03-11_G48,10109817PEREIRAB,2026-03-11,141318,1,14,0,414.0
10109817PEREIRAB_2026-03-11_G49,10109817PEREIRAB,2026-03-11,"117837, 115821",2,81,20,1014.0
10109817PEREIRAB_2026-03-12_G02,10109817PEREIRAB,2026-03-12,110376,1,56,0,1748.0
10109817PEREIRAB_2026-03-12_G03,10109817PEREIRAB,2026-03-12,111438,1,1,0,429.0
10109817PEREIRAB_2026-03-12_G04,10109817PEREIRAB,2026-03-12,111569,1,150,0,314.0
10109817PEREIRAB_2026-03-12_G05,10109817PEREIRAB,2026-03-12,111569,1,2,0,2288.0
10109817PEREIRAB_2026-03-12_G06,10109817PEREIRAB,2026-03-12,100334,1,2,0,230.0
10109817PEREIRAB_2026-03-12_G07,10109817PEREIRAB,2026-03-12,140923,2,6,8,310.0
10109817PEREIRAB_2026-03-12_G08,10109817PEREIRAB,2026-03-12,118094,1,6,0,572.0
10109817PEREIRAB_2026-03-12_G09,10109817PEREIRAB,2026-03-12,110733,1,4,0,130.0
10109817PEREIRAB_2026-03-12_G10,10109817PEREIRAB,2026-03-12,117862,2,8,9,71.0
10109817PEREIRAB_2026-03-12_G11,10109817PEREIRAB,2026-03-12,117856,1,4,0,224.0
10109817PEREIRAB_2026-03-12_G12,10109817PEREIRAB,2026-03-12,117808,2,45,12,1450.0
10109817PEREIRAB_2026-03-12_G13,10109817PEREIRAB,2026-03-12,117809,2,41,12,549.0
10109817PEREIRAB_2026-03-12_G14,10109817PEREIRAB,2026-03-12,109643,2,4,7,240.0
10109817PEREIRAB_2026-03-12_G15,10109817PEREIRAB,2026-03-12,110371,1,11,0,223.0
10109817PEREIRAB_2026-03-12_G16,10109817PEREIRAB,2026-03-12,118299,2,52,10,423.0
10109817PEREIRAB_2026-03-12_G17,10109817PEREIRAB,2026-03-12,117820,2,54,9,569.0
10109817PEREIRAB_2026-03-12_G18,10109817PEREIRAB,2026-03-12,117820,1,24,0,207.0
10109817PEREIRAB_2026-03-12_G19,10109817PEREIRAB,2026-03-12,110374,1,6,0,1466.0
10109817PEREIRAB_2026-03-12_G20,10109817PEREIRAB,2026-03-12,110372,1,139,0,1495.0
10109817PEREIRAB_2026-03-12_G21,10109817PEREIRAB,2026-03-12,110371,1,24,0,364.0
10109817PEREIRAB_2026-03-12_G22,10109817PEREIRAB,2026-03-12,110371,1,35,0,143.0
10109817PEREIRAB_2026-03-12_G23,10109817PEREIRAB,2026-03-12,141166,1,9,0,2665.0
10109817PEREIRAB_2026-03-12_G24,10109817PEREIRAB,2026-03-12,117854,1,1,0,593.0
10109817PEREIRAB_2026-03-12_G25,10109817PEREIRAB,2026-03-12,140957,2,12,8,268.0
10109817PEREIRAB_2026-03-12_G26,10109817PEREIRAB,2026-03-12,110733,1,14,0,165.0
10109817PEREIRAB_2026-03-12_G27,10109817PEREIRAB,2026-03-12,111650,1,4,0,176.0
10109817PEREIRAB_2026-03-12_G28,10109817PEREIRAB,2026-03-12,110756,2,4,7,95.0
10109817PEREIRAB_2026-03-12_G29,10109817PEREIRAB,2026-03-12,141166,2,22,7,151.0
10109817PEREIRAB_2026-03-12_G30,10109817PEREIRAB,2026-03-12,102851,2,4,7,433.0
10109817PEREIRAB_2026-03-12_G31,10109817PEREIRAB,2026-03-12,118418,1,1,0,62.0
10109817PEREIRAB_2026-03-12_G32,10109817PEREIRAB,2026-03-12,110747,3,14,19,106.0
10109817PEREIRAB_2026-03-12_G33,10109817PEREIRAB,2026-03-12,103149,2,4,8,468.0
10109817PEREIRAB_2026-03-12_G34,10109817PEREIRAB,2026-03-12,111832,2,4,9,95.0
10109817PEREIRAB_2026-03-12_G35,10109817PEREIRAB,2026-03-12,118052,1,1,0,106.0
10109817PEREIRAB_2026-03-12_G36,10109817PEREIRAB,2026-03-12,105359,1,7,0,155.0
10109817PEREIRAB_2026-03-12_G37,10109817PEREIRAB,2026-03-12,105359,1,11,0,116.0
10109817PEREIRAB_2026-03-12_G38,10109817PEREIRAB,2026-03-12,111851,2,4,9,163.0
10109817PEREIRAB_2026-03-12_G39,10109817PEREIRAB,2026-03-12,110582,2,6,7,272.0
10109817PEREIRAB_2026-03-13_G02,10109817PEREIRAB,2026-03-13,110339,1,4,0,149.0
10109817PEREIRAB_2026-03-13_G03,10109817PEREIRAB,2026-03-13,111530,1,8,0,481.0
10109817PEREIRAB_2026-03-13_G04,10109817PEREIRAB,2026-03-13,141166,1,3,0,360.0
10109817PEREIRAB_2026-03-13_G05,10109817PEREIRAB,2026-03-13,117855,1,4,0,234.0
10109817PEREIRAB_2026-03-13_G06,10109817PEREIRAB,2026-03-13,111602,1,6,0,151.0
10109817PEREIRAB_2026-03-13_G07,10109817PEREIRAB,2026-03-13,108772,1,4,0,207.0
10109817PEREIRAB_2026-03-13_G08,10109817PEREIRAB,2026-03-13,111602,1,3,0,138.0
10109817PEREIRAB_2026-03-13_G09,10109817PEREIRAB,2026-03-13,109641,1,67,0,643.0
10109817PEREIRAB_2026-03-13_G10,10109817PEREIRAB,2026-03-13,111466,1,2,0,395.0
10109817PEREIRAB_2026-03-13_G11,10109817PEREIRAB,2026-03-13,111466,1,14,0,132.0
10109817PEREIRAB_2026-03-13_G12,10109817PEREIRAB,2026-03-13,109641,1,23,0,71.0
10109817PEREIRAB_2026-03-13_G13,10109817PEREIRAB,2026-03-13,118299,1,24,0,834.0
10109817PEREIRAB_2026-03-13_G14,10109817PEREIRAB,2026-03-13,111602,1,3,0,79.0
10109817PEREIRAB_2026-03-13_G15,10109817PEREIRAB,2026-03-13,107236,1,4,0,121.0
10109817PEREIRAB_2026-03-13_G16,10109817PEREIRAB,2026-03-13,111445,1,2,0,152.0
10109817PEREIRAB_2026-03-13_G17,10109817PEREIRAB,2026-03-13,111469,1,5,0,109.0
10109817PEREIRAB_2026-03-13_G18,10109817PEREIRAB,2026-03-13,141166,1,1,0,834.0
10109817PEREIRAB_2026-03-13_G19,10109817PEREIRAB,2026-03-13,111602,1,4,0,599.0
10109817PEREIRAB_2026-03-13_G20,10109817PEREIRAB,2026-03-13,141166,1,3,0,64.0
10109817PEREIRAB_2026-03-13_G21,10109817PEREIRAB,2026-03-13,111602,1,14,0,428.0
10109817PEREIRAB_2026-03-13_G22,10109817PEREIRAB,2026-03-13,117853,1,2,0,247.0
10109817PEREIRAB_2026-03-13_G23,10109817PEREIRAB,2026-03-13,111469,1,8,0,154.0
10109817PEREIRAB_2026-03-13_G24,10109817PEREIRAB,2026-03-13,111530,1,5,0,351.0
10109817PEREIRAB_2026-03-13_G25,10109817PEREIRAB,2026-03-13,111441,1,1,0,256.0
10109817PEREIRAB_2026-03-13_G26,10109817PEREIRAB,2026-03-13,111602,1,6,0,164.0
10109817PEREIRAB_2026-03-13_G27,10109817PEREIRAB,2026-03-13,118299,1,13,0,199.0
10109817PEREIRAB_2026-03-13_G28,10109817PEREIRAB,2026-03-13,"110747, 111469",3,10,40,181.0
10109817PEREIRAB_2026-03-13_G29,10109817PEREIRAB,2026-03-13,111530,1,10,0,218.0
10109817PEREIRAB_2026-03-13_G30,10109817PEREIRAB,2026-03-13,108772,1,2,0,230.0
10109817PEREIRAB_2026-03-13_G31,10109817PEREIRAB,2026-03-13,141166,1,2,0,146.0
10109817PEREIRAB_2026-03-13_G32,10109817PEREIRAB,2026-03-13,160052,1,6,0,1146.0
10109817PEREIRAB_2026-03-13_G33,10109817PEREIRAB,2026-03-13,160053,1,6,0,521.0
10109817PEREIRAB_2026-03-13_G35,10109817PEREIRAB,2026-03-13,111466,1,7,0,309.0
10109817PEREIRAB_2026-03-13_G36,10109817PEREIRAB,2026-03-13,117808,1,200,0,413.0
10109817PEREIRAB_2026-03-13_G37,10109817PEREIRAB,2026-03-13,110741,1,4,0,692.0
10109817PEREIRAB_2026-03-14_G02,10109817PEREIRAB,2026-03-14,110373,1,12,0,61.0
10109817PEREIRAB_2026-03-14_G03,10109817PEREIRAB,2026-03-14,117808,1,39,0,231.0
10109817PEREIRAB_2026-03-14_G04,10109817PEREIRAB,2026-03-14,110372,1,29,0,270.0
10109817PEREIRAB_2026-03-14_G05,10109817PEREIRAB,2026-03-14,118299,1,24,0,284.0
10109817PEREIRAB_2026-03-25_G02,10109817PEREIRAB,2026-03-25,108361,1,1,0,156.0
10109817PEREIRAB_2026-03-25_G03,10109817PEREIRAB,2026-03-25,107629,1,40,0,529.0
10109817PEREIRAB_2026-03-25_G04,10109817PEREIRAB,2026-03-25,111446,1,8,0,1258.0
10109817PEREIRAB_2026-03-25_G05,10109817PEREIRAB,2026-03-25,109649,1,13,0,265.0
10109817PEREIRAB_2026-03-25_G06,10109817PEREIRAB,2026-03-25,111431,1,28,0,530.0
10109817PEREIRAB_2026-03-25_G07,10109817PEREIRAB,2026-03-25,118326,1,2,0,112.0
10109817PEREIRAB_2026-03-25_G08,10109817PEREIRAB,2026-03-25,117838,1,43,0,682.0
10109817PEREIRAB_2026-03-25_G09,10109817PEREIRAB,2026-03-25,141456,1,180,0,843.0
10109817PEREIRAB_2026-03-25_G11,10109817PEREIRAB,2026-03-25,117820,1,2,0,206.0
10109817PEREIRAB_2026-03-25_G12,10109817PEREIRAB,2026-03-25,109641,1,2,0,164.0
10109817PEREIRAB_2026-03-25_G13,10109817PEREIRAB,2026-03-25,141823,1,3,0,168.0
10109817PEREIRAB_2026-03-25_G14,10109817PEREIRAB,2026-03-25,111569,1,2,0,176.0
10109817PEREIRAB_2026-03-25_G15,10109817PEREIRAB,2026-03-25,117836,1,1,0,57.0
10109817PEREIRAB_2026-03-25_G16,10109817PEREIRAB,2026-03-25,110747,1,10,0,286.0
10109817PEREIRAB_2026-03-25_G17,10109817PEREIRAB,2026-03-25,110374,1,1,0,451.0
10109817PEREIRAB_2026-03-25_G18,10109817PEREIRAB,2026-03-25,141456,1,34,0,588.0
10109817PEREIRAB_2026-03-25_G19,10109817PEREIRAB,2026-03-25,111468,1,24,0,1178.0
10109817PEREIRAB_2026-03-25_G20,10109817PEREIRAB,2026-03-25,141457,1,20,0,2131.0
10109817PEREIRAB_2026-03-25_G21,10109817PEREIRAB,2026-03-25,141166,1,4,0,132.0
10109817PEREIRAB_2026-03-25_G22,10109817PEREIRAB,2026-03-25,111532,1,8,0,214.0
10109817PEREIRAB_2026-03-25_G23,10109817PEREIRAB,2026-03-25,111439,1,4,0,232.0
10109817PEREIRAB_2026-03-25_G25,10109817PEREIRAB,2026-03-25,110787,1,6,0,127.0
10109817PEREIRAB_2026-03-25_G26,10109817PEREIRAB,2026-03-25,110376,1,4,0,194.0
10109817PEREIRAB_2026-03-25_G27,10109817PEREIRAB,2026-03-25,117832,1,12,0,406.0
10109817PEREIRAB_2026-03-25_G28,10109817PEREIRAB,2026-03-25,111532,1,2,0,160.0
10109817PEREIRAB_2026-03-25_G29,10109817PEREIRAB,2026-03-25,111330,1,4,0,102.0
10109817PEREIRAB_2026-03-25_G30,10109817PEREIRAB,2026-03-25,111532,1,2,0,549.0
10109817PEREIRAB_2026-03-25_G31,10109817PEREIRAB,2026-03-25,105705,1,12,0,393.0
10109817PEREIRAB_2026-03-29_G02,10109817PEREIRAB,2026-03-29,122962,1,4,0,1310.0
10109817PEREIRAB_2026-03-29_G03,10109817PEREIRAB,2026-03-29,124486,1,10,0,312.0
10109817PEREIRAB_2026-03-29_G04,10109817PEREIRAB,2026-03-29,123909,1,7,0,161.0
10109817PEREIRAB_2026-03-29_G05,10109817PEREIRAB,2026-03-29,115234,1,6,0,1707.0
10109817PEREIRAB_2026-03-29_G06,10109817PEREIRAB,2026-03-29,111569,1,3,0,121.0
10109817PEREIRAB_2026-03-29_G07,10109817PEREIRAB,2026-03-29,100334,1,4,0,319.0
10109817PEREIRAB_2026-03-29_G08,10109817PEREIRAB,2026-03-29,118354,1,2,0,1321.0
10109817PEREIRAB_2026-03-29_G09,10109817PEREIRAB,2026-03-29,110129,1,5,0,635.0
10109817PEREIRAB_2026-03-29_G10,10109817PEREIRAB,2026-03-29,111443,1,8,0,1166.0
10109817PEREIRAB_2026-03-29_G11,10109817PEREIRAB,2026-03-29,107629,1,6,0,175.0
10109817PEREIRAB_2026-03-29_G12,10109817PEREIRAB,2026-03-29,118094,1,5,0,289.0
10109817PEREIRAB_2026-03-29_G13,10109817PEREIRAB,2026-03-29,110711,1,14,0,367.0
10109817PEREIRAB_2026-03-29_G14,10109817PEREIRAB,2026-03-29,110711,1,10,0,289.0
10109817PEREIRAB_2026-03-29_G15,10109817PEREIRAB,2026-03-29,117855,3,25,16,285.0
10109817PEREIRAB_2026-03-29_G16,10109817PEREIRAB,2026-03-29,140923,1,5,0,1143.0
10109817PEREIRAB_2026-03-29_G17,10109817PEREIRAB,2026-03-29,110339,1,10,0,76.0
10109817PEREIRAB_2026-03-29_G18,10109817PEREIRAB,2026-03-29,141352,1,11,0,301.0
10109817PEREIRAB_2026-03-29_G19,10109817PEREIRAB,2026-03-29,109640,2,11,15,205.0
10109817PEREIRAB_2026-03-29_G20,10109817PEREIRAB,2026-03-29,111530,1,10,0,255.0
10109817PEREIRAB_2026-03-29_G21,10109817PEREIRAB,2026-03-29,111602,1,10,0,113.0
10109817PEREIRAB_2026-03-29_G22,10109817PEREIRAB,2026-03-29,110313,1,6,0,138.0
10109817PEREIRAB_2026-03-29_G23,10109817PEREIRAB,2026-03-29,110313,1,4,0,128.0
10109817PEREIRAB_2026-03-29_G25,10109817PEREIRAB,2026-03-29,117820,1,20,0,876.0
10109817PEREIRAB_2026-03-29_G26,10109817PEREIRAB,2026-03-29,110325,3,25,33,303.0
10109817PEREIRAB_2026-03-29_G27,10109817PEREIRAB,2026-03-29,160051,1,1,0,263.0
10109817PEREIRAB_2026-03-29_G28,10109817PEREIRAB,2026-03-29,110372,1,60,0,507.0
10109817PEREIRAB_2026-03-29_G29,10109817PEREIRAB,2026-03-29,110375,1,10,0,309.0
10109817PEREIRAB_2026-03-29_G30,10109817PEREIRAB,2026-03-29,117832,4,32,26,57.0
10109817PEREIRAB_2026-03-29_G31,10109817PEREIRAB,2026-03-29,111441,1,4,0,175.0
10109817PEREIRAB_2026-03-29_G32,10109817PEREIRAB,2026-03-29,110371,2,40,22,455.0
10109817PEREIRAB_2026-03-29_G33,10109817PEREIRAB,2026-03-29,"117830, 117808",2,30,18,275.0
10109817PEREIRAB_2026-03-29_G34,10109817PEREIRAB,2026-03-29,110747,1,2,0,2171.0
10109817PEREIRAB_2026-03-29_G35,10109817PEREIRAB,2026-03-29,111438,1,4,0,140.0
10109817PEREIRAB_2026-03-29_G36,10109817PEREIRAB,2026-03-29,"118306, 111441",2,6,24,174.0
10109817PEREIRAB_2026-03-30_G02,10109817PEREIRAB,2026-03-30,124728,1,10,0,583.0
10109817PEREIRAB_2026-03-30_G03,10109817PEREIRAB,2026-03-30,124725,1,33,0,1612.0
10109817PEREIRAB_2026-03-31_G02,10109817PEREIRAB,2026-03-31,109645,2,6,12,1126.0
10109817PEREIRAB_2026-03-31_G03,10109817PEREIRAB,2026-03-31,108711,1,3,0,296.0
10109817PEREIRAB_2026-03-31_G04,10109817PEREIRAB,2026-03-31,110895,1,3,0,476.0
10109817PEREIRAB_2026-03-31_G05,10109817PEREIRAB,2026-03-31,111462,1,6,0,339.0
10109817PEREIRAB_2026-03-31_G06,10109817PEREIRAB,2026-03-31,110374,1,10,0,161.0
10109817PEREIRAB_2026-03-31_G07,10109817PEREIRAB,2026-03-31,117809,1,4,0,97.0
10109817PEREIRAB_2026-03-31_G08,10109817PEREIRAB,2026-03-31,117785,1,4,0,161.0
10109817PEREIRAB_2026-03-31_G09,10109817PEREIRAB,2026-03-31,110372,1,14,0,189.0
10109817PEREIRAB_2026-03-31_G10,10109817PEREIRAB,2026-03-31,110325,1,4,0,200.0
10109817PEREIRAB_2026-03-31_G11,10109817PEREIRAB,2026-03-31,111172,1,4,0,117.0
10109817PEREIRAB_2026-03-31_G12,10109817PEREIRAB,2026-03-31,109641,1,6,0,319.0
10109817PEREIRAB_2026-03-31_G13,10109817PEREIRAB,2026-03-31,111463,1,12,0,254.0
10109817PEREIRAB_2026-03-31_G14,10109817PEREIRAB,2026-03-31,109643,1,2,0,370.0
10109817PEREIRAB_2026-03-31_G15,10109817PEREIRAB,2026-03-31,142093,1,6,0,295.0
10109817PEREIRAB_2026-03-31_G16,10109817PEREIRAB,2026-03-31,111530,1,2,0,405.0
10109817PEREIRAB_2026-03-31_G17,10109817PEREIRAB,2026-03-31,141823,1,1,0,104.0
10109817PEREIRAB_2026-03-31_G18,10109817PEREIRAB,2026-03-31,111602,1,5,0,149.0
10109817PEREIRAB_2026-03-31_G19,10109817PEREIRAB,2026-03-31,118299,1,14,0,849.0
10109817PEREIRAB_2026-03-31_G20,10109817PEREIRAB,2026-03-31,109645,2,6,19,2277.0
10109817PEREIRAB_2026-03-31_G21,10109817PEREIRAB,2026-03-31,111172,1,4,0,94.0
10109817PEREIRAB_2026-03-31_G22,10109817PEREIRAB,2026-03-31,111532,1,6,0,432.0
10109817PEREIRAB_2026-03-31_G23,10109817PEREIRAB,2026-03-31,110373,1,2,0,122.0
10109817PEREIRAB_2026-03-31_G24,10109817PEREIRAB,2026-03-31,108711,1,5,0,228.0
10109817PEREIRAB_2026-03-31_G25,10109817PEREIRAB,2026-03-31,117787,1,4,0,283.0
10109817PEREIRAB_2026-03-31_G26,10109817PEREIRAB,2026-03-31,111743,1,4,0,886.0
10109817PEREIRAB_2026-03-31_G27,10109817PEREIRAB,2026-03-31,141457,1,12,0,163.0
10109817PEREIRAB_2026-03-31_G28,10109817PEREIRAB,2026-03-31,111463,1,14,0,166.0
10109817PEREIRAB_2026-03-31_G29,10109817PEREIRAB,2026-03-31,110740,1,7,0,143.0
10109817PEREIRAB_2026-03-31_G30,10109817PEREIRAB,2026-03-31,108770,1,12,0,2637.0
10109817PEREIRAB_2026-03-31_G31,10109817PEREIRAB,2026-03-31,110755,1,10,0,433.0
10109817PEREIRAB_2026-03-31_G32,10109817PEREIRAB,2026-03-31,117855,1,20,0,163.0
10109817PEREIRAB_2026-03-31_G33,10109817PEREIRAB,2026-03-31,109640,1,6,0,336.0
10109817PEREIRAB_2026-03-31_G34,10109817PEREIRAB,2026-03-31,142093,1,20,0,668.0
10109817PEREIRAB_2026-03-31_G35,10109817PEREIRAB,2026-03-31,100334,1,20,0,516.0
10109817PEREIRAB_2026-03-31_G36,10109817PEREIRAB,2026-03-31,110711,2,8,10,342.0
10109817PEREIRAB_2026-03-31_G37,10109817PEREIRAB,2026-03-31,109645,1,2,0,208.0
10109817PEREIRAB_2026-03-31_G38,10109817PEREIRAB,2026-03-31,108711,1,2,0,153.0
10109817PEREIRAB_2026-03-31_G39,10109817PEREIRAB,2026-03-31,110711,2,4,8,123.0
10109817PEREIRAB_2026-03-31_G40,10109817PEREIRAB,2026-03-31,109645,1,4,0,49.0
10109817PEREIRAB_2026-03-31_G41,10109817PEREIRAB,2026-03-31,111444,1,2,0,47.0
10109817PEREIRAB_2026-03-31_G42,10109817PEREIRAB,2026-03-31,108711,1,3,0,275.0
10109817PEREIRAB_2026-03-31_G43,10109817PEREIRAB,2026-03-31,111172,1,3,0,630.0
10109817PEREIRAB_2026-03-31_G44,10109817PEREIRAB,2026-03-31,111172,1,3,0,50.0
10109817PEREIRAB_2026-03-31_G45,10109817PEREIRAB,2026-03-31,111330,1,4,0,174.0
10109817PEREIRAB_2026-03-31_G47,10109817PEREIRAB,2026-03-31,117820,1,100,0,810.0
10109817PEREIRAB_2026-03-31_G48,10109817PEREIRAB,2026-03-31,117820,1,50,0,553.0
10109817PEREIRAB_2026-03-31_G49,10109817PEREIRAB,2026-03-31,117832,1,40,0,499.0
10109817PEREIRAB_2026-03-31_G50,10109817PEREIRAB,2026-03-31,117830,1,80,0,931.0
10109817PEREIRAB_2026-03-31_G51,10109817PEREIRAB,2026-03-31,117830,1,20,0,1453.0
10109817PEREIRAB_2026-03-31_G52,10109817PEREIRAB,2026-03-31,117808,1,600,0,42.0
10109836PEREIRAA_2025-05-24_G02,10109836PEREIRAA,2025-05-24,121651,1,4,0,189.0
10109836PEREIRAA_2025-05-24_G03,10109836PEREIRAA,2025-05-24,122988,1,4,0,119.0
10109836PEREIRAA_2025-05-24_G04,10109836PEREIRAA,2025-05-24,124433,1,6,0,775.0
10109836PEREIRAA_2025-05-24_G05,10109836PEREIRAA,2025-05-24,181235,1,4,0,338.0
10109836PEREIRAA_2025-05-24_G06,10109836PEREIRAA,2025-05-24,181057,1,2,0,121.0
10109836PEREIRAA_2025-05-24_G07,10109836PEREIRAA,2025-05-24,"181057, 181235",2,5,18,479.0
10109836PEREIRAA_2025-05-24_G08,10109836PEREIRAA,2025-05-24,122671,1,5,0,362.0
10109836PEREIRAA_2025-05-24_G09,10109836PEREIRAA,2025-05-24,124476,1,10,0,459.0
10109836PEREIRAA_2025-05-24_G10,10109836PEREIRAA,2025-05-24,122984,1,4,0,213.0
10109836PEREIRAA_2025-05-24_G11,10109836PEREIRAA,2025-05-24,124248,2,4,20,166.0
10109836PEREIRAA_2025-05-24_G12,10109836PEREIRAA,2025-05-24,124371,1,6,0,225.0
10109836PEREIRAA_2025-05-24_G13,10109836PEREIRAA,2025-05-24,122983,1,4,0,126.0
10109836PEREIRAA_2025-05-30_G02,10109836PEREIRAA,2025-05-30,124476,1,4,0,110.0
10109836PEREIRAA_2025-05-30_G03,10109836PEREIRAA,2025-05-30,124371,1,2,0,322.0
10109836PEREIRAA_2025-05-30_G04,10109836PEREIRAA,2025-05-30,124594,1,4,0,1106.0
10109836PEREIRAA_2025-05-30_G05,10109836PEREIRAA,2025-05-30,124477,1,8,0,548.0
10109836PEREIRAA_2025-05-30_G06,10109836PEREIRAA,2025-05-30,124486,1,16,0,502.0
10109836PEREIRAA_2025-05-30_G07,10109836PEREIRAA,2025-05-30,120389,1,20,0,500.0
10109836PEREIRAA_2025-05-30_G08,10109836PEREIRAA,2025-05-30,122185,1,10,0,268.0
10109836PEREIRAA_2025-05-30_G09,10109836PEREIRAA,2025-05-30,124264,1,20,0,479.0
10109836PEREIRAA_2025-05-30_G10,10109836PEREIRAA,2025-05-30,124594,1,8,0,310.0
10109836PEREIRAA_2025-05-30_G11,10109836PEREIRAA,2025-05-30,123344,1,20,0,570.0
10109836PEREIRAA_2025-05-30_G12,10109836PEREIRAA,2025-05-30,123344,1,5,0,101.0
10109836PEREIRAA_2025-05-30_G13,10109836PEREIRAA,2025-05-30,123345,1,15,0,290.0
10109836PEREIRAA_2025-05-30_G14,10109836PEREIRAA,2025-05-30,123909,1,8,0,1653.0
10109836PEREIRAA_2025-05-30_G15,10109836PEREIRAA,2025-05-30,122185,1,4,0,248.0
10109836PEREIRAA_2025-05-30_G16,10109836PEREIRAA,2025-05-30,122984,1,8,0,210.0
10109836PEREIRAA_2025-05-30_G17,10109836PEREIRAA,2025-05-30,122188,1,2,0,940.0
10109836PEREIRAA_2025-05-30_G20,10109836PEREIRAA,2025-05-30,124248,1,24,0,684.0
10109836PEREIRAA_2025-05-30_G21,10109836PEREIRAA,2025-05-30,124248,1,37,0,1235.0
10109836PEREIRAA_2025-05-30_G22,10109836PEREIRAA,2025-05-30,124248,1,25,0,412.0
10109836PEREIRAA_2025-05-30_G23,10109836PEREIRAA,2025-05-30,121651,1,10,0,511.0
10109836PEREIRAA_2025-05-30_G24,10109836PEREIRAA,2025-05-30,124370,1,10,0,892.0
10109836PEREIRAA_2025-06-07_G02,10109836PEREIRAA,2025-06-07,124486,1,12,0,291.0
10109836PEREIRAA_2025-06-07_G03,10109836PEREIRAA,2025-06-07,122988,1,20,0,193.0
10109836PEREIRAA_2025-06-07_G04,10109836PEREIRAA,2025-06-07,124371,1,9,0,128.0
10109836PEREIRAA_2025-06-07_G05,10109836PEREIRAA,2025-06-07,123080,1,12,0,378.0
10109836PEREIRAA_2025-06-07_G06,10109836PEREIRAA,2025-06-07,123521,1,1,0,104.0
10109836PEREIRAA_2025-06-07_G07,10109836PEREIRAA,2025-06-07,120272,1,12,0,310.0
10109836PEREIRAA_2025-06-07_G08,10109836PEREIRAA,2025-06-07,122984,1,30,0,714.0
10109836PEREIRAA_2025-06-07_G09,10109836PEREIRAA,2025-06-07,124248,1,10,0,191.0
10109836PEREIRAA_2025-06-07_G10,10109836PEREIRAA,2025-06-07,123081,1,20,0,296.0
10109836PEREIRAA_2025-06-07_G11,10109836PEREIRAA,2025-06-07,123343,1,3,0,242.0
10109836PEREIRAA_2025-06-07_G12,10109836PEREIRAA,2025-06-07,122982,1,6,0,277.0
10109836PEREIRAA_2025-06-07_G13,10109836PEREIRAA,2025-06-07,124486,1,4,0,200.0
10109836PEREIRAA_2025-06-07_G14,10109836PEREIRAA,2025-06-07,122981,1,2,0,119.0
10109836PEREIRAA_2025-06-07_G15,10109836PEREIRAA,2025-06-07,122984,1,2,0,297.0
10109836PEREIRAA_2025-06-07_G16,10109836PEREIRAA,2025-06-07,121651,1,4,0,172.0
10109836PEREIRAA_2025-06-07_G17,10109836PEREIRAA,2025-06-07,123947,1,6,0,672.0
10109836PEREIRAA_2025-06-07_G18,10109836PEREIRAA,2025-06-07,122962,1,24,0,486.0
10109836PEREIRAA_2025-06-07_G19,10109836PEREIRAA,2025-06-07,122962,1,11,0,162.0
10109836PEREIRAA_2025-06-07_G20,10109836PEREIRAA,2025-06-07,122962,1,64,0,1185.0
10109836PEREIRAA_2025-06-07_G22,10109836PEREIRAA,2025-06-07,123313,1,4,0,400.0
10109836PEREIRAA_2025-06-07_G23,10109836PEREIRAA,2025-06-07,124486,1,10,0,37.0
10109836PEREIRAA_2025-06-07_G24,10109836PEREIRAA,2025-06-07,120389,1,12,0,608.0
10109836PEREIRAA_2025-06-07_G25,10109836PEREIRAA,2025-06-07,120028,1,18,0,3585.0
10109836PEREIRAA_2025-06-07_G26,10109836PEREIRAA,2025-06-07,124486,1,16,0,452.0
10109836PEREIRAA_2025-06-07_G27,10109836PEREIRAA,2025-06-07,180183,1,2,0,272.0
10109836PEREIRAA_2025-06-12_G02,10109836PEREIRAA,2025-06-12,124548,1,4,0,143.0
10109836PEREIRAA_2025-06-12_G03,10109836PEREIRAA,2025-06-12,120028,1,59,0,1998.0
10109836PEREIRAA_2025-06-12_G04,10109836PEREIRAA,2025-06-12,120028,1,70,0,1997.0
10109836PEREIRAA_2025-06-12_G05,10109836PEREIRAA,2025-06-12,123822,1,47,0,1484.0
10109836PEREIRAA_2025-06-12_G06,10109836PEREIRAA,2025-06-12,123153,1,10,0,223.0
10109836PEREIRAA_2025-06-12_G07,10109836PEREIRAA,2025-06-12,122671,1,8,0,532.0
10109836PEREIRAA_2025-06-12_G08,10109836PEREIRAA,2025-06-12,122962,1,6,0,251.0
10109836PEREIRAA_2025-06-12_G09,10109836PEREIRAA,2025-06-12,122647,1,6,0,572.0
10109836PEREIRAA_2025-06-12_G10,10109836PEREIRAA,2025-06-12,122673,1,6,0,192.0
10109836PEREIRAA_2025-06-12_G11,10109836PEREIRAA,2025-06-12,123345,1,16,0,488.0
10109836PEREIRAA_2025-06-12_G12,10109836PEREIRAA,2025-06-12,122671,1,4,0,129.0
10109836PEREIRAA_2025-06-12_G13,10109836PEREIRAA,2025-06-12,123909,1,2,0,275.0
10109836PEREIRAA_2025-06-12_G14,10109836PEREIRAA,2025-06-12,122647,1,20,0,342.0
10109836PEREIRAA_2025-06-12_G15,10109836PEREIRAA,2025-06-12,120028,1,20,0,506.0
10109836PEREIRAA_2025-06-12_G16,10109836PEREIRAA,2025-06-12,122967,1,11,0,627.0
10109836PEREIRAA_2025-06-12_G17,10109836PEREIRAA,2025-06-12,120028,1,11,0,756.0
10109836PEREIRAA_2025-06-12_G18,10109836PEREIRAA,2025-06-12,122962,1,24,0,519.0
10109836PEREIRAA_2025-06-12_G19,10109836PEREIRAA,2025-06-12,122962,1,8,0,189.0
10109836PEREIRAA_2025-06-12_G20,10109836PEREIRAA,2025-06-12,122984,1,8,0,208.0
10109836PEREIRAA_2025-06-12_G21,10109836PEREIRAA,2025-06-12,122984,1,10,0,257.0
10109836PEREIRAA_2025-06-12_G22,10109836PEREIRAA,2025-06-12,122962,1,12,0,298.0
10109836PEREIRAA_2025-06-12_G23,10109836PEREIRAA,2025-06-12,124247,1,6,0,153.0
10109836PEREIRAA_2025-06-12_G24,10109836PEREIRAA,2025-06-12,124548,1,30,0,1075.0
10109836PEREIRAA_2025-06-12_G26,10109836PEREIRAA,2025-06-12,122647,1,98,0,1978.0
10109836PEREIRAA_2025-06-12_G27,10109836PEREIRAA,2025-06-12,122647,1,15,0,170.0
10109836PEREIRAA_2025-06-19_G02,10109836PEREIRAA,2025-06-19,123560,1,60,0,2398.0
10109836PEREIRAA_2025-06-19_G04,10109836PEREIRAA,2025-06-19,122647,1,100,0,1941.0
10109836PEREIRAA_2025-06-19_G06,10109836PEREIRAA,2025-06-19,123521,1,10,0,387.0
10109836PEREIRAA_2025-06-19_G07,10109836PEREIRAA,2025-06-19,124486,1,60,0,976.0
10109836PEREIRAA_2025-06-19_G08,10109836PEREIRAA,2025-06-19,120389,1,3,0,201.0
10109836PEREIRAA_2025-06-19_G09,10109836PEREIRAA,2025-06-19,120389,1,20,0,493.0
10109836PEREIRAA_2025-06-19_G10,10109836PEREIRAA,2025-06-19,122703,1,36,0,889.0
10109836PEREIRAA_2025-06-19_G11,10109836PEREIRAA,2025-06-19,123909,1,36,0,1396.0
10109836PEREIRAA_2025-06-19_G12,10109836PEREIRAA,2025-06-19,123313,2,6,5,439.0
10109836PEREIRAA_2025-06-30_G02,10109836PEREIRAA,2025-06-30,122185,1,20,0,470.0
10109836PEREIRAA_2025-06-30_G03,10109836PEREIRAA,2025-06-30,122981,1,12,0,723.0
10109836PEREIRAA_2025-06-30_G04,10109836PEREIRAA,2025-06-30,123344,1,6,0,1010.0
10109836PEREIRAA_2025-06-30_G05,10109836PEREIRAA,2025-06-30,124477,1,17,0,1064.0
10109836PEREIRAA_2025-06-30_G06,10109836PEREIRAA,2025-06-30,121760,1,15,0,503.0
10109836PEREIRAA_2025-06-30_G07,10109836PEREIRAA,2025-06-30,122983,1,3,0,175.0
10109836PEREIRAA_2025-06-30_G08,10109836PEREIRAA,2025-06-30,120028,1,4,0,202.0
10109836PEREIRAA_2025-06-30_G09,10109836PEREIRAA,2025-06-30,124247,1,4,0,148.0
10109836PEREIRAA_2025-06-30_G10,10109836PEREIRAA,2025-06-30,122671,1,10,0,383.0
10109836PEREIRAA_2025-06-30_G11,10109836PEREIRAA,2025-06-30,123521,1,1,0,342.0
10109836PEREIRAA_2025-06-30_G12,10109836PEREIRAA,2025-06-30,124486,1,11,0,502.0
10109836PEREIRAA_2025-06-30_G13,10109836PEREIRAA,2025-06-30,121651,1,7,0,366.0
10109836PEREIRAA_2025-06-30_G14,10109836PEREIRAA,2025-06-30,123344,1,10,0,328.0
10109836PEREIRAA_2025-06-30_G15,10109836PEREIRAA,2025-06-30,124476,1,10,0,617.0
10109836PEREIRAA_2025-07-30_G02,10109836PEREIRAA,2025-07-30,181057,1,1,0,237.0
10109836PEREIRAA_2025-07-30_G03,10109836PEREIRAA,2025-07-30,181056,1,2,0,93.0
10109836PEREIRAA_2025-07-30_G04,10109836PEREIRAA,2025-07-30,122673,1,4,0,218.0
10109836PEREIRAA_2025-07-30_G05,10109836PEREIRAA,2025-07-30,124247,1,6,0,157.0
10109836PEREIRAA_2025-07-30_G06,10109836PEREIRAA,2025-07-30,121760,1,10,0,230.0
10109836PEREIRAA_2025-07-30_G07,10109836PEREIRAA,2025-07-30,122981,1,4,0,637.0
10109836PEREIRAA_2025-07-30_G08,10109836PEREIRAA,2025-07-30,123909,1,6,0,282.0
10109836PEREIRAA_2025-07-30_G09,10109836PEREIRAA,2025-07-30,122962,1,14,0,275.0
10109836PEREIRAA_2025-07-30_G10,10109836PEREIRAA,2025-07-30,123560,1,4,0,86.0
10109836PEREIRAA_2025-07-30_G11,10109836PEREIRAA,2025-07-30,124486,1,10,0,193.0
10109836PEREIRAA_2025-07-30_G12,10109836PEREIRAA,2025-07-30,123344,1,6,0,333.0
10109836PEREIRAA_2025-07-30_G13,10109836PEREIRAA,2025-07-30,121651,1,10,0,269.0
10109836PEREIRAA_2025-07-30_G14,10109836PEREIRAA,2025-07-30,124475,1,2,0,140.0
10109836PEREIRAA_2025-08-11_G02,10109836PEREIRAA,2025-08-11,122988,1,4,0,184.0
10109836PEREIRAA_2025-08-11_G03,10109836PEREIRAA,2025-08-11,122986,1,4,0,143.0
10109836PEREIRAA_2025-08-11_G04,10109836PEREIRAA,2025-08-11,124548,1,6,0,369.0
10109836PEREIRAA_2025-08-11_G05,10109836PEREIRAA,2025-08-11,124486,2,4,27,198.0
10109836PEREIRAA_2025-10-04_G02,10109836PEREIRAA,2025-10-04,"122671, 123909",2,14,29,310.0
10109836PEREIRAA_2025-10-04_G03,10109836PEREIRAA,2025-10-04,122982,1,4,0,473.0
10109836PEREIRAA_2025-10-04_G04,10109836PEREIRAA,2025-10-04,124433,1,4,0,129.0
10109836PEREIRAA_2025-10-04_G05,10109836PEREIRAA,2025-10-04,124247,1,2,0,407.0
10109836PEREIRAA_2025-10-04_G06,10109836PEREIRAA,2025-10-04,124486,1,2,0,132.0
10109836PEREIRAA_2025-10-04_G07,10109836PEREIRAA,2025-10-04,124486,1,12,0,483.0
10109836PEREIRAA_2025-10-04_G08,10109836PEREIRAA,2025-10-04,124486,1,20,0,616.0
10109836PEREIRAA_2025-10-04_G09,10109836PEREIRAA,2025-10-04,122962,1,20,0,261.0
10109836PEREIRAA_2025-10-04_G10,10109836PEREIRAA,2025-10-04,124248,1,18,0,996.0
10109836PEREIRAA_2025-10-04_G11,10109836PEREIRAA,2025-10-04,122671,1,2,0,215.0
10109836PEREIRAA_2025-10-04_G12,10109836PEREIRAA,2025-10-04,122962,1,6,0,116.0
10109836PEREIRAA_2025-10-04_G13,10109836PEREIRAA,2025-10-04,124247,1,26,0,674.0
10109836PEREIRAA_2025-10-04_G14,10109836PEREIRAA,2025-10-04,122983,1,24,0,758.0
10109836PEREIRAA_2025-10-04_G15,10109836PEREIRAA,2025-10-04,120028,1,12,0,660.0
10109836PEREIRAA_2025-10-04_G16,10109836PEREIRAA,2025-10-04,120389,1,12,0,472.0
10109836PEREIRAA_2025-10-04_G17,10109836PEREIRAA,2025-10-04,121651,1,6,0,405.0
10109836PEREIRAA_2025-10-04_G18,10109836PEREIRAA,2025-10-04,122673,1,12,0,331.0
10109836PEREIRAA_2025-10-04_G19,10109836PEREIRAA,2025-10-04,122984,2,44,21,792.0
10109836PEREIRAA_2025-10-04_G20,10109836PEREIRAA,2025-10-04,122647,1,4,0,97.0
10109836PEREIRAA_2025-10-04_G21,10109836PEREIRAA,2025-10-04,123345,1,6,0,63.0
10109836PEREIRAA_2025-10-08_G02,10109836PEREIRAA,2025-10-08,122982,1,20,0,246.0
10109836PEREIRAA_2025-10-08_G03,10109836PEREIRAA,2025-10-08,122962,1,6,0,102.0
10109836PEREIRAA_2025-10-08_G04,10109836PEREIRAA,2025-10-08,124433,1,32,0,687.0
10109836PEREIRAA_2025-10-08_G05,10109836PEREIRAA,2025-10-08,122986,1,2,0,173.0
10109836PEREIRAA_2025-10-08_G06,10109836PEREIRAA,2025-10-08,124624,1,2,0,299.0
10109836PEREIRAA_2025-10-08_G07,10109836PEREIRAA,2025-10-08,124247,1,10,0,154.0
10109836PEREIRAA_2025-10-08_G08,10109836PEREIRAA,2025-10-08,124486,1,16,0,545.0
10109836PEREIRAA_2025-10-08_G09,10109836PEREIRAA,2025-10-08,122986,1,6,0,175.0
10109836PEREIRAA_2025-10-08_G10,10109836PEREIRAA,2025-10-08,123822,1,65,0,686.0
10109836PEREIRAA_2025-10-09_G02,10109836PEREIRAA,2025-10-09,123561,1,30,0,809.0
10109836PEREIRAA_2025-10-09_G03,10109836PEREIRAA,2025-10-09,122962,1,140,0,1997.0
10109836PEREIRAA_2025-10-09_G05,10109836PEREIRAA,2025-10-09,124248,1,8,0,1097.0
10109836PEREIRAA_2025-10-09_G06,10109836PEREIRAA,2025-10-09,123561,1,8,0,88.0
10109836PEREIRAA_2025-10-09_G07,10109836PEREIRAA,2025-10-09,123561,1,8,0,410.0
10109836PEREIRAA_2025-10-15_G02,10109836PEREIRAA,2025-10-15,122962,1,150,0,2273.0
10109836PEREIRAA_2025-10-15_G03,10109836PEREIRAA,2025-10-15,124486,1,100,0,2284.0
10109836PEREIRAA_2025-10-16_G02,10109836PEREIRAA,2025-10-16,123564,1,96,0,2046.0
10109836PEREIRAA_2025-10-16_G04,10109836PEREIRAA,2025-10-16,124247,1,4,0,133.0
10109836PEREIRAA_2025-10-16_G05,10109836PEREIRAA,2025-10-16,124586,1,5,0,192.0
10109836PEREIRAA_2025-10-16_G06,10109836PEREIRAA,2025-10-16,124486,1,12,0,439.0
10109836PEREIRAA_2025-10-16_G07,10109836PEREIRAA,2025-10-16,124486,1,18,0,215.0
10109836PEREIRAA_2025-10-16_G09,10109836PEREIRAA,2025-10-16,124476,1,8,0,127.0
10109836PEREIRAA_2025-10-16_G10,10109836PEREIRAA,2025-10-16,123560,1,2,0,94.0
10109836PEREIRAA_2025-10-16_G11,10109836PEREIRAA,2025-10-16,123562,1,2,0,99.0
10109836PEREIRAA_2025-10-16_G12,10109836PEREIRAA,2025-10-16,123561,1,8,0,69.0
10109836PEREIRAA_2025-10-16_G13,10109836PEREIRAA,2025-10-16,123561,1,8,0,80.0
10109836PEREIRAA_2025-10-16_G14,10109836PEREIRAA,2025-10-16,114647,1,4,0,328.0
10109836PEREIRAA_2025-10-16_G15,10109836PEREIRAA,2025-10-16,124548,1,64,0,1668.0
10109836PEREIRAA_2025-10-16_G16,10109836PEREIRAA,2025-10-16,"120028, 122962",2,52,18,1016.0
10109836PEREIRAA_2025-10-16_G17,10109836PEREIRAA,2025-10-16,124486,1,6,0,1059.0
10109836PEREIRAA_2025-10-16_G18,10109836PEREIRAA,2025-10-16,122962,1,4,0,32.0
10109836PEREIRAA_2025-10-16_G19,10109836PEREIRAA,2025-10-16,123909,1,2,0,277.0
10109836PEREIRAA_2025-10-22_G02,10109836PEREIRAA,2025-10-22,123081,1,12,0,568.0
10109836PEREIRAA_2025-10-22_G03,10109836PEREIRAA,2025-10-22,124247,1,10,0,438.0
10109836PEREIRAA_2025-10-22_G04,10109836PEREIRAA,2025-10-22,"123909, 124486",2,3,11,67.0
10109836PEREIRAA_2025-10-22_G05,10109836PEREIRAA,2025-10-22,122962,1,4,0,154.0
10109836PEREIRAA_2025-10-22_G06,10109836PEREIRAA,2025-10-22,120028,1,10,0,318.0
10109836PEREIRAA_2025-10-22_G08,10109836PEREIRAA,2025-10-22,180169,1,2,0,933.0
10109836PEREIRAA_2025-10-30_G02,10109836PEREIRAA,2025-10-30,122185,1,7,0,132.0
10109836PEREIRAA_2025-10-30_G03,10109836PEREIRAA,2025-10-30,121651,1,3,0,107.0
10109836PEREIRAA_2025-10-30_G04,10109836PEREIRAA,2025-10-30,122673,1,20,0,403.0
10109836PEREIRAA_2025-10-30_G05,10109836PEREIRAA,2025-10-30,122962,1,16,0,290.0
10109836PEREIRAA_2025-10-30_G06,10109836PEREIRAA,2025-10-30,122647,1,9,0,238.0
10109836PEREIRAA_2025-10-30_G07,10109836PEREIRAA,2025-10-30,122647,1,31,0,514.0
10109836PEREIRAA_2025-10-30_G08,10109836PEREIRAA,2025-10-30,122673,1,20,0,310.0
10109836PEREIRAA_2025-10-30_G09,10109836PEREIRAA,2025-10-30,121760,1,2,0,133.0
10109836PEREIRAA_2025-10-30_G10,10109836PEREIRAA,2025-10-30,122984,1,2,0,81.0
10109836PEREIRAA_2025-10-30_G11,10109836PEREIRAA,2025-10-30,122962,1,4,0,185.0
10109836PEREIRAA_2025-10-30_G12,10109836PEREIRAA,2025-10-30,122962,1,12,0,216.0
10109836PEREIRAA_2025-10-30_G13,10109836PEREIRAA,2025-10-30,122647,1,19,0,687.0
10109836PEREIRAA_2025-10-30_G14,10109836PEREIRAA,2025-10-30,122984,1,16,0,440.0
10109836PEREIRAA_2025-10-30_G15,10109836PEREIRAA,2025-10-30,122185,1,38,0,727.0
10109836PEREIRAA_2025-10-30_G16,10109836PEREIRAA,2025-10-30,124486,1,10,0,1165.0
10109836PEREIRAA_2025-10-30_G17,10109836PEREIRAA,2025-10-30,122185,1,6,0,443.0
10109836PEREIRAA_2025-10-30_G18,10109836PEREIRAA,2025-10-30,123153,1,9,0,170.0
10109836PEREIRAA_2025-10-30_G19,10109836PEREIRAA,2025-10-30,120028,1,6,0,114.0
10109836PEREIRAA_2025-10-30_G20,10109836PEREIRAA,2025-10-30,123562,1,6,0,260.0
10109836PEREIRAA_2025-10-30_G21,10109836PEREIRAA,2025-10-30,120339,1,2,0,131.0
10109836PEREIRAA_2025-10-30_G22,10109836PEREIRAA,2025-10-30,124486,1,15,0,758.0
10109836PEREIRAA_2025-10-30_G23,10109836PEREIRAA,2025-10-30,123345,1,6,0,87.0
10109836PEREIRAA_2025-10-30_G24,10109836PEREIRAA,2025-10-30,123343,1,2,0,171.0
10109836PEREIRAA_2025-10-30_G25,10109836PEREIRAA,2025-10-30,124264,1,8,0,293.0
10109836PEREIRAA_2025-10-30_G26,10109836PEREIRAA,2025-10-30,122185,1,80,0,897.0
10109836PEREIRAA_2025-10-30_G27,10109836PEREIRAA,2025-10-30,122984,1,26,0,256.0
10109836PEREIRAA_2025-10-30_G28,10109836PEREIRAA,2025-10-30,122984,1,26,0,556.0
10109836PEREIRAA_2025-10-30_G29,10109836PEREIRAA,2025-10-30,124371,1,4,0,143.0
10109836PEREIRAA_2025-10-30_G30,10109836PEREIRAA,2025-10-30,181057,1,2,0,320.0
10109836PEREIRAA_2025-10-31_G02,10109836PEREIRAA,2025-10-31,117786,1,4,0,367.0
10109836PEREIRAA_2025-10-31_G03,10109836PEREIRAA,2025-10-31,109645,1,2,0,675.0
10109836PEREIRAA_2025-10-31_G04,10109836PEREIRAA,2025-10-31,108794,1,4,0,442.0
10109836PEREIRAA_2025-10-31_G05,10109836PEREIRAA,2025-10-31,111462,1,5,0,169.0
10109836PEREIRAA_2025-10-31_G06,10109836PEREIRAA,2025-10-31,111532,1,4,0,171.0
10109836PEREIRAA_2025-10-31_G07,10109836PEREIRAA,2025-10-31,111469,1,4,0,274.0
10109836PEREIRAA_2025-10-31_G08,10109836PEREIRAA,2025-10-31,118140,1,4,0,129.0
10109836PEREIRAA_2025-10-31_G09,10109836PEREIRAA,2025-10-31,117831,1,2,0,402.0
10109836PEREIRAA_2025-10-31_G10,10109836PEREIRAA,2025-10-31,141202,1,2,0,50.0
10109836PEREIRAA_2025-10-31_G11,10109836PEREIRAA,2025-10-31,110373,1,6,0,161.0
10109836PEREIRAA_2025-10-31_G12,10109836PEREIRAA,2025-10-31,110313,1,3,0,1071.0
10109836PEREIRAA_2025-10-31_G13,10109836PEREIRAA,2025-10-31,110313,1,24,0,976.0
10109836PEREIRAA_2025-10-31_G14,10109836PEREIRAA,2025-10-31,110895,1,9,0,628.0
10109836PEREIRAA_2025-10-31_G15,10109836PEREIRAA,2025-10-31,110787,1,7,0,432.0
10109836PEREIRAA_2025-10-31_G16,10109836PEREIRAA,2025-10-31,110895,1,2,0,449.0
10109836PEREIRAA_2025-10-31_G17,10109836PEREIRAA,2025-10-31,141047,1,2,0,184.0
10109836PEREIRAA_2025-10-31_G19,10109836PEREIRAA,2025-10-31,111602,1,8,0,571.0
10109836PEREIRAA_2025-10-31_G20,10109836PEREIRAA,2025-10-31,110895,2,6,15,229.0
10109836PEREIRAA_2025-10-31_G21,10109836PEREIRAA,2025-10-31,109645,1,4,0,310.0
10109836PEREIRAA_2025-10-31_G22,10109836PEREIRAA,2025-10-31,109645,1,6,0,321.0
10109836PEREIRAA_2025-10-31_G23,10109836PEREIRAA,2025-10-31,117820,1,4,0,1641.0
10109836PEREIRAA_2025-10-31_G24,10109836PEREIRAA,2025-10-31,107236,1,4,0,1076.0
10109836PEREIRAA_2025-11-13_G02,10109836PEREIRAA,2025-11-13,123909,1,14,0,357.0
10109836PEREIRAA_2025-11-13_G03,10109836PEREIRAA,2025-11-13,122962,1,16,0,155.0
10109836PEREIRAA_2025-11-13_G04,10109836PEREIRAA,2025-11-13,124486,1,6,0,548.0
10109836PEREIRAA_2025-11-13_G05,10109836PEREIRAA,2025-11-13,120028,1,14,0,336.0
10109836PEREIRAA_2025-11-13_G06,10109836PEREIRAA,2025-11-13,124486,1,12,0,310.0
10109836PEREIRAA_2025-11-13_G07,10109836PEREIRAA,2025-11-13,122962,1,12,0,140.0
10109836PEREIRAA_2025-11-13_G08,10109836PEREIRAA,2025-11-13,120028,1,16,0,326.0
10109836PEREIRAA_2025-11-13_G09,10109836PEREIRAA,2025-11-13,124486,1,2,0,88.0
10109836PEREIRAA_2025-11-13_G10,10109836PEREIRAA,2025-11-13,122962,1,4,0,746.0
10109836PEREIRAA_2025-11-13_G11,10109836PEREIRAA,2025-11-13,124486,1,2,0,129.0
10109836PEREIRAA_2025-11-13_G12,10109836PEREIRAA,2025-11-13,122673,1,20,0,192.0
10109836PEREIRAA_2025-11-13_G13,10109836PEREIRAA,2025-11-13,123345,1,30,0,753.0
10109836PEREIRAA_2025-11-13_G14,10109836PEREIRAA,2025-11-13,124624,1,20,0,1476.0
10109836PEREIRAA_2025-11-13_G15,10109836PEREIRAA,2025-11-13,"123909, 122673",2,40,7,122.0
10109836PEREIRAA_2025-11-13_G16,10109836PEREIRAA,2025-11-13,123909,1,12,0,291.0
10109836PEREIRAA_2025-11-13_G17,10109836PEREIRAA,2025-11-13,123822,1,10,0,91.0
10109836PEREIRAA_2025-11-13_G19,10109836PEREIRAA,2025-11-13,122984,1,8,0,85.0
10109836PEREIRAA_2025-11-13_G20,10109836PEREIRAA,2025-11-13,122962,1,1,0,161.0
10109836PEREIRAA_2025-11-13_G21,10109836PEREIRAA,2025-11-13,122988,1,2,0,75.0
10109836PEREIRAA_2025-11-13_G22,10109836PEREIRAA,2025-11-13,122982,1,12,0,214.0
10109836PEREIRAA_2025-11-13_G23,10109836PEREIRAA,2025-11-13,123492,1,134,0,2403.0
10109836PEREIRAA_2025-11-14_G02,10109836PEREIRAA,2025-11-14,122984,1,54,0,1660.0
10109836PEREIRAA_2025-11-14_G03,10109836PEREIRAA,2025-11-14,122984,1,16,0,174.0
10109836PEREIRAA_2025-11-14_G04,10109836PEREIRAA,2025-11-14,122189,1,2,0,87.0
10109836PEREIRAA_2025-11-14_G05,10109836PEREIRAA,2025-11-14,123822,1,2,0,93.0
10109836PEREIRAA_2025-11-14_G06,10109836PEREIRAA,2025-11-14,123822,1,5,0,116.0
10109836PEREIRAA_2025-11-14_G07,10109836PEREIRAA,2025-11-14,124370,3,49,22,2592.0
10109836PEREIRAA_2025-11-14_G08,10109836PEREIRAA,2025-11-14,123909,1,11,0,166.0
10109836PEREIRAA_2025-11-14_G09,10109836PEREIRAA,2025-11-14,122967,1,8,0,114.0
10109836PEREIRAA_2025-11-14_G10,10109836PEREIRAA,2025-11-14,122703,1,12,0,301.0
10109836PEREIRAA_2025-11-14_G11,10109836PEREIRAA,2025-11-14,124371,1,13,0,162.0
10109836PEREIRAA_2025-11-14_G12,10109836PEREIRAA,2025-11-14,124247,1,10,0,102.0
10109836PEREIRAA_2025-11-14_G13,10109836PEREIRAA,2025-11-14,124475,1,20,0,556.0
10109836PEREIRAA_2025-11-14_G14,10109836PEREIRAA,2025-11-14,124475,1,9,0,47.0
10109836PEREIRAA_2025-11-14_G15,10109836PEREIRAA,2025-11-14,121651,1,3,0,46.0
10109836PEREIRAA_2025-11-14_G16,10109836PEREIRAA,2025-11-14,123521,1,6,0,152.0
10109836PEREIRAA_2025-11-14_G17,10109836PEREIRAA,2025-11-14,124594,1,2,0,915.0
10109836PEREIRAA_2025-11-14_G18,10109836PEREIRAA,2025-11-14,122984,1,10,0,244.0
10109836PEREIRAA_2025-11-14_G19,10109836PEREIRAA,2025-11-14,122984,1,8,0,297.0
10109836PEREIRAA_2025-11-14_G20,10109836PEREIRAA,2025-11-14,122982,1,8,0,208.0
10109836PEREIRAA_2025-11-14_G21,10109836PEREIRAA,2025-11-14,124486,1,10,0,269.0
10109836PEREIRAA_2025-11-14_G22,10109836PEREIRAA,2025-11-14,122962,1,8,0,188.0
10109836PEREIRAA_2025-11-14_G23,10109836PEREIRAA,2025-11-14,124548,1,8,0,690.0
10109836PEREIRAA_2025-11-14_G24,10109836PEREIRAA,2025-11-14,124548,1,2,0,42.0
10109836PEREIRAA_2025-11-14_G25,10109836PEREIRAA,2025-11-14,"124248, 122984",2,24,14,692.0
10109836PEREIRAA_2025-11-14_G26,10109836PEREIRAA,2025-11-14,123492,1,3,0,327.0
10109836PEREIRAA_2025-11-14_G27,10109836PEREIRAA,2025-11-14,122962,1,80,0,3528.0
10109836PEREIRAA_2025-11-14_G28,10109836PEREIRAA,2025-11-14,122647,1,14,0,383.0
10109836PEREIRAA_2025-11-14_G29,10109836PEREIRAA,2025-11-14,122647,1,11,0,56.0
10109836PEREIRAA_2025-11-14_G30,10109836PEREIRAA,2025-11-14,122647,1,30,0,140.0
10109836PEREIRAA_2025-11-14_G31,10109836PEREIRAA,2025-11-14,122984,1,16,0,426.0
10109836PEREIRAA_2025-11-14_G32,10109836PEREIRAA,2025-11-14,124248,1,40,0,560.0
10109836PEREIRAA_2025-11-14_G33,10109836PEREIRAA,2025-11-14,124548,1,17,0,444.0
10109836PEREIRAA_2025-11-14_G34,10109836PEREIRAA,2025-11-14,124548,2,23,6,378.0
10109836PEREIRAA_2025-11-14_G35,10109836PEREIRAA,2025-11-14,122983,1,8,0,350.0
10109836PEREIRAA_2025-11-14_G36,10109836PEREIRAA,2025-11-14,122984,1,8,0,133.0
10109836PEREIRAA_2025-11-14_G37,10109836PEREIRAA,2025-11-14,122984,1,8,0,119.0
10109836PEREIRAA_2025-11-14_G38,10109836PEREIRAA,2025-11-14,123492,1,2,0,384.0
10109836PEREIRAA_2025-11-29_G02,10109836PEREIRAA,2025-11-29,122671,1,10,0,91.0
10109836PEREIRAA_2025-11-29_G03,10109836PEREIRAA,2025-11-29,123822,1,30,0,517.0
10109836PEREIRAA_2025-11-29_G04,10109836PEREIRAA,2025-11-29,122673,1,10,0,83.0
10109836PEREIRAA_2025-11-29_G05,10109836PEREIRAA,2025-11-29,124247,1,4,0,156.0
10109836PEREIRAA_2025-11-29_G06,10109836PEREIRAA,2025-11-29,123345,1,6,0,78.0
10109836PEREIRAA_2025-11-29_G07,10109836PEREIRAA,2025-11-29,123344,1,2,0,324.0
10109836PEREIRAA_2025-11-29_G08,10109836PEREIRAA,2025-11-29,124476,1,4,0,69.0
10109836PEREIRAA_2025-11-29_G09,10109836PEREIRAA,2025-11-29,123562,1,2,0,140.0
10109836PEREIRAA_2025-11-29_G10,10109836PEREIRAA,2025-11-29,121760,1,4,0,86.0
10109836PEREIRAA_2025-11-29_G11,10109836PEREIRAA,2025-11-29,122962,1,24,0,417.0
10109836PEREIRAA_2025-11-29_G12,10109836PEREIRAA,2025-11-29,124264,1,12,0,386.0
10109836PEREIRAA_2025-11-29_G13,10109836PEREIRAA,2025-11-29,124264,1,12,0,74.0
10109836PEREIRAA_2025-11-29_G14,10109836PEREIRAA,2025-11-29,123153,1,12,0,88.0
10109836PEREIRAA_2025-11-29_G15,10109836PEREIRAA,2025-11-29,123153,1,12,0,224.0
10109836PEREIRAA_2025-11-29_G16,10109836PEREIRAA,2025-11-29,122984,1,4,0,675.0
10109836PEREIRAA_2025-11-29_G17,10109836PEREIRAA,2025-11-29,122185,1,4,0,121.0
10109836PEREIRAA_2025-11-29_G18,10109836PEREIRAA,2025-11-29,122185,1,10,0,55.0
10109836PEREIRAA_2025-11-29_G19,10109836PEREIRAA,2025-11-29,121651,1,25,0,2406.0
10109836PEREIRAA_2025-11-29_G20,10109836PEREIRAA,2025-11-29,121651,1,200,0,1741.0
10109836PEREIRAA_2025-11-29_G21,10109836PEREIRAA,2025-11-29,124370,1,40,0,1767.0
10109836PEREIRAA_2025-11-30_G02,10109836PEREIRAA,2025-11-30,122673,1,20,0,404.0
10109836PEREIRAA_2025-11-30_G03,10109836PEREIRAA,2025-11-30,123909,1,4,0,218.0
10109836PEREIRAA_2025-11-30_G04,10109836PEREIRAA,2025-11-30,124486,1,60,0,906.0
10109836PEREIRAA_2025-11-30_G05,10109836PEREIRAA,2025-11-30,122962,1,50,0,416.0
10109836PEREIRAA_2025-11-30_G06,10109836PEREIRAA,2025-11-30,124247,1,24,0,1303.0
10109836PEREIRAA_2025-11-30_G07,10109836PEREIRAA,2025-11-30,122962,1,100,0,2792.0
10109836PEREIRAA_2025-11-30_G08,10109836PEREIRAA,2025-11-30,120028,1,200,0,1506.0
10109836PEREIRAA_2025-11-30_G09,10109836PEREIRAA,2025-11-30,122982,1,9,0,1527.0
10109836PEREIRAA_2025-11-30_G10,10109836PEREIRAA,2025-11-30,"122982, 121651",2,12,17,397.0
10109836PEREIRAA_2025-11-30_G11,10109836PEREIRAA,2025-11-30,121651,1,4,0,93.0
10109836PEREIRAA_2025-11-30_G12,10109836PEREIRAA,2025-11-30,121651,1,6,0,319.0
10109836PEREIRAA_2025-11-30_G13,10109836PEREIRAA,2025-11-30,124370,1,6,0,234.0
10109836PEREIRAA_2025-11-30_G14,10109836PEREIRAA,2025-11-30,124486,1,16,0,287.0
10109836PEREIRAA_2025-11-30_G15,10109836PEREIRAA,2025-11-30,122962,1,25,0,235.0
10109836PEREIRAA_2025-11-30_G16,10109836PEREIRAA,2025-11-30,124370,1,4,0,417.0
10109836PEREIRAA_2025-11-30_G17,10109836PEREIRAA,2025-11-30,124486,1,8,0,256.0
10109836PEREIRAA_2025-11-30_G18,10109836PEREIRAA,2025-11-30,124486,1,4,0,176.0
10109836PEREIRAA_2025-11-30_G19,10109836PEREIRAA,2025-11-30,122962,1,4,0,151.0
10109836PEREIRAA_2026-01-13_G02,10109836PEREIRAA,2026-01-13,120389,1,6,0,328.0
10109836PEREIRAA_2026-01-13_G03,10109836PEREIRAA,2026-01-13,122962,1,4,0,172.0
10109836PEREIRAA_2026-01-13_G04,10109836PEREIRAA,2026-01-13,124248,1,8,0,127.0
10109836PEREIRAA_2026-01-13_G05,10109836PEREIRAA,2026-01-13,122185,1,26,0,502.0
10109836PEREIRAA_2026-01-13_G06,10109836PEREIRAA,2026-01-13,122185,1,26,0,508.0
10109836PEREIRAA_2026-01-13_G07,10109836PEREIRAA,2026-01-13,123909,1,4,0,102.0
10109836PEREIRAA_2026-01-13_G08,10109836PEREIRAA,2026-01-13,120339,1,4,0,77.0
10109836PEREIRAA_2026-01-13_G09,10109836PEREIRAA,2026-01-13,124486,1,4,0,166.0
10109836PEREIRAA_2026-01-30_G02,10109836PEREIRAA,2026-01-30,120389,1,8,0,1483.0
10109836PEREIRAA_2026-01-30_G03,10109836PEREIRAA,2026-01-30,120339,1,8,0,181.0
10109836PEREIRAA_2026-01-30_G04,10109836PEREIRAA,2026-01-30,122984,1,6,0,280.0
10109836PEREIRAA_2026-01-30_G05,10109836PEREIRAA,2026-01-30,123909,1,12,0,200.0
10109836PEREIRAA_2026-01-30_G06,10109836PEREIRAA,2026-01-30,124475,1,8,0,225.0
10109836PEREIRAA_2026-01-30_G07,10109836PEREIRAA,2026-01-30,123343,1,8,0,719.0
10109836PEREIRAA_2026-01-31_G02,10109836PEREIRAA,2026-01-31,180183,1,1,0,392.0
10109836PEREIRAA_2026-01-31_G03,10109836PEREIRAA,2026-01-31,181057,1,10,0,484.0
10109836PEREIRAA_2026-01-31_G04,10109836PEREIRAA,2026-01-31,120389,1,30,0,727.0
10109836PEREIRAA_2026-01-31_G05,10109836PEREIRAA,2026-01-31,121651,1,30,0,619.0
10109836PEREIRAA_2026-01-31_G06,10109836PEREIRAA,2026-01-31,121760,1,4,0,51.0
10109836PEREIRAA_2026-01-31_G07,10109836PEREIRAA,2026-01-31,122984,1,51,0,1495.0
10109836PEREIRAA_2026-01-31_G08,10109836PEREIRAA,2026-01-31,123909,1,50,0,724.0
10109836PEREIRAA_2026-01-31_G09,10109836PEREIRAA,2026-01-31,124248,1,10,0,168.0
10109836PEREIRAA_2026-01-31_G10,10109836PEREIRAA,2026-01-31,124483,1,12,0,290.0
10109836PEREIRAA_2026-01-31_G11,10109836PEREIRAA,2026-01-31,123561,1,14,0,847.0
10109836PEREIRAA_2026-01-31_G12,10109836PEREIRAA,2026-01-31,123313,1,4,0,628.0
10109836PEREIRAA_2026-01-31_G13,10109836PEREIRAA,2026-01-31,124624,1,12,0,674.0
10109836PEREIRAA_2026-01-31_G14,10109836PEREIRAA,2026-01-31,124594,1,6,0,296.0
10109836PEREIRAA_2026-01-31_G15,10109836PEREIRAA,2026-01-31,120339,1,10,0,271.0
10109836PEREIRAA_2026-01-31_G16,10109836PEREIRAA,2026-01-31,120339,2,18,24,174.0
10109836PEREIRAA_2026-01-31_G17,10109836PEREIRAA,2026-01-31,120339,2,40,10,363.0
10109836PEREIRAA_2026-01-31_G18,10109836PEREIRAA,2026-01-31,120339,2,6,8,117.0
10109836PEREIRAA_2026-01-31_G19,10109836PEREIRAA,2026-01-31,123561,1,24,0,378.0
10109836PEREIRAA_2026-01-31_G20,10109836PEREIRAA,2026-01-31,123561,1,4,0,179.0
10109836PEREIRAA_2026-01-31_G21,10109836PEREIRAA,2026-01-31,122981,1,8,0,305.0
10109836PEREIRAA_2026-01-31_G22,10109836PEREIRAA,2026-01-31,120271,1,8,0,364.0
10109836PEREIRAA_2026-01-31_G23,10109836PEREIRAA,2026-01-31,122984,1,8,0,97.0
10109836PEREIRAA_2026-01-31_G24,10109836PEREIRAA,2026-01-31,122984,1,24,0,285.0
10109836PEREIRAA_2026-01-31_G25,10109836PEREIRAA,2026-01-31,122983,1,16,0,901.0
10109836PEREIRAA_2026-01-31_G26,10109836PEREIRAA,2026-01-31,122983,1,48,0,878.0
10109836PEREIRAA_2026-01-31_G27,10109836PEREIRAA,2026-01-31,122983,1,32,0,269.0
10109836PEREIRAA_2026-01-31_G28,10109836PEREIRAA,2026-01-31,122983,2,20,15,207.0
10109836PEREIRAA_2026-01-31_G29,10109836PEREIRAA,2026-01-31,122983,2,20,10,475.0
10109836PEREIRAA_2026-01-31_G30,10109836PEREIRAA,2026-01-31,124624,1,4,0,112.0
10109836PEREIRAA_2026-01-31_G31,10109836PEREIRAA,2026-01-31,122185,1,2,0,2005.0
10109836PEREIRAA_2026-02-11_G02,10109836PEREIRAA,2026-02-11,120389,1,6,0,225.0
10109836PEREIRAA_2026-02-11_G03,10109836PEREIRAA,2026-02-11,120339,1,4,0,163.0
10109836PEREIRAA_2026-02-11_G04,10109836PEREIRAA,2026-02-11,120028,1,20,0,291.0
10109836PEREIRAA_2026-02-13_G02,10109836PEREIRAA,2026-02-13,124486,1,88,0,317.0
10109836PEREIRAA_2026-02-13_G03,10109836PEREIRAA,2026-02-13,123345,1,62,0,407.0
10109836PEREIRAA_2026-02-13_G04,10109836PEREIRAA,2026-02-13,122984,1,60,0,522.0
10109836PEREIRAA_2026-02-13_G05,10109836PEREIRAA,2026-02-13,121760,1,75,0,539.0
10109836PEREIRAA_2026-02-13_G06,10109836PEREIRAA,2026-02-13,124370,1,10,0,758.0
10109836PEREIRAA_2026-02-19_G02,10109836PEREIRAA,2026-02-19,124475,1,2,0,199.0
10109836PEREIRAA_2026-02-19_G03,10109836PEREIRAA,2026-02-19,124476,1,2,0,93.0
10109836PEREIRAA_2026-02-19_G04,10109836PEREIRAA,2026-02-19,124486,1,2,0,64.0
10109836PEREIRAA_2026-02-19_G05,10109836PEREIRAA,2026-02-19,122983,1,6,0,176.0
10109836PEREIRAA_2026-02-19_G06,10109836PEREIRAA,2026-02-19,123521,1,2,0,199.0
10109836PEREIRAA_2026-02-19_G07,10109836PEREIRAA,2026-02-19,123344,1,1,0,296.0
10109836PEREIRAA_2026-02-19_G08,10109836PEREIRAA,2026-02-19,124624,1,6,0,425.0
10109836PEREIRAA_2026-02-19_G09,10109836PEREIRAA,2026-02-19,123343,3,21,27,127.0
10109836PEREIRAA_2026-02-19_G10,10109836PEREIRAA,2026-02-19,123313,1,1,0,74.0
10109836PEREIRAA_2026-02-25_G02,10109836PEREIRAA,2026-02-25,122647,1,16,0,526.0
10109836PEREIRAA_2026-02-25_G03,10109836PEREIRAA,2026-02-25,122962,1,24,0,502.0
10109836PEREIRAA_2026-02-27_G02,10109836PEREIRAA,2026-02-27,120271,1,4,0,113.0
10109836PEREIRAA_2026-02-27_G03,10109836PEREIRAA,2026-02-27,122185,1,71,0,1220.0
10109836PEREIRAA_2026-02-27_G04,10109836PEREIRAA,2026-02-27,122986,1,8,0,149.0
10109836PEREIRAA_2026-02-27_G05,10109836PEREIRAA,2026-02-27,124624,1,8,0,380.0
10109836PEREIRAA_2026-02-27_G06,10109836PEREIRAA,2026-02-27,120339,1,6,0,179.0
10109836PEREIRAA_2026-02-27_G07,10109836PEREIRAA,2026-02-27,124248,1,8,0,628.0
10109836PEREIRAA_2026-02-27_G08,10109836PEREIRAA,2026-02-27,123343,1,8,0,1483.0
10109836PEREIRAA_2026-02-27_G09,10109836PEREIRAA,2026-02-27,122984,1,28,0,1168.0
10109836PEREIRAA_2026-02-27_G10,10109836PEREIRAA,2026-02-27,120389,1,20,0,914.0
10109836PEREIRAA_2026-02-27_G11,10109836PEREIRAA,2026-02-27,120008,1,30,0,419.0
10109836PEREIRAA_2026-02-27_G12,10109836PEREIRAA,2026-02-27,122185,1,14,0,303.0
10109836PEREIRAA_2026-02-27_G13,10109836PEREIRAA,2026-02-27,123909,1,4,0,79.0
10109836PEREIRAA_2026-02-27_G14,10109836PEREIRAA,2026-02-27,124248,1,4,0,108.0
10109836PEREIRAA_2026-02-27_G15,10109836PEREIRAA,2026-02-27,120008,1,20,0,993.0
10109836PEREIRAA_2026-02-27_G16,10109836PEREIRAA,2026-02-27,122984,1,16,0,1197.0
10109836PEREIRAA_2026-02-27_G18,10109836PEREIRAA,2026-02-27,122962,1,16,0,549.0
10109836PEREIRAA_2026-02-27_G19,10109836PEREIRAA,2026-02-27,122984,1,160,0,2204.0
10109836PEREIRAA_2026-02-28_G02,10109836PEREIRAA,2026-02-28,121651,1,2,0,90.0
10109836PEREIRAA_2026-02-28_G03,10109836PEREIRAA,2026-02-28,122981,1,2,0,41.0
10109836PEREIRAA_2026-02-28_G04,10109836PEREIRAA,2026-02-28,122981,1,8,0,437.0
10109836PEREIRAA_2026-02-28_G05,10109836PEREIRAA,2026-02-28,120271,1,2,0,103.0
10109836PEREIRAA_2026-02-28_G06,10109836PEREIRAA,2026-02-28,121760,1,2,0,112.0
10109836PEREIRAA_2026-02-28_G07,10109836PEREIRAA,2026-02-28,122983,1,24,0,432.0
10109836PEREIRAA_2026-02-28_G08,10109836PEREIRAA,2026-02-28,122983,1,20,0,282.0
10109836PEREIRAA_2026-02-28_G09,10109836PEREIRAA,2026-02-28,122983,1,8,0,206.0
10109836PEREIRAA_2026-02-28_G10,10109836PEREIRAA,2026-02-28,122983,2,14,12,155.0
10109836PEREIRAA_2026-02-28_G11,10109836PEREIRAA,2026-02-28,122983,1,10,0,116.0
10109836PEREIRAA_2026-02-28_G12,10109836PEREIRAA,2026-02-28,123313,2,52,17,1467.0
10109836PEREIRAA_2026-02-28_G13,10109836PEREIRAA,2026-02-28,123345,1,6,0,635.0
10109836PEREIRAA_2026-02-28_G14,10109836PEREIRAA,2026-02-28,"123345, 123343",3,12,20,474.0
10109836PEREIRAA_2026-02-28_G15,10109836PEREIRAA,2026-02-28,123344,1,24,0,487.0
10109836PEREIRAA_2026-02-28_G16,10109836PEREIRAA,2026-02-28,122962,2,19,10,593.0
10109836PEREIRAA_2026-02-28_G17,10109836PEREIRAA,2026-02-28,122647,1,6,0,459.0
10109836PEREIRAA_2026-02-28_G18,10109836PEREIRAA,2026-02-28,122647,1,12,0,346.0
10109836PEREIRAA_2026-02-28_G19,10109836PEREIRAA,2026-02-28,122983,1,6,0,45.0
10109836PEREIRAA_2026-02-28_G20,10109836PEREIRAA,2026-02-28,123345,1,10,0,893.0
10109836PEREIRAA_2026-02-28_G21,10109836PEREIRAA,2026-02-28,122673,2,12,13,312.0
10109836PEREIRAA_2026-02-28_G22,10109836PEREIRAA,2026-02-28,122673,1,10,0,44.0
10109836PEREIRAA_2026-02-28_G24,10109836PEREIRAA,2026-02-28,120028,1,2,0,141.0
10109836PEREIRAA_2026-02-28_G25,10109836PEREIRAA,2026-02-28,122671,1,22,0,431.0
10109836PEREIRAA_2026-02-28_G26,10109836PEREIRAA,2026-02-28,123909,1,8,0,279.0
10109836PEREIRAA_2026-02-28_G27,10109836PEREIRAA,2026-02-28,124486,1,8,0,411.0
10109836PEREIRAA_2026-02-28_G28,10109836PEREIRAA,2026-02-28,120028,1,4,0,1101.0
10109836PEREIRAA_2026-02-28_G29,10109836PEREIRAA,2026-02-28,123822,1,3,0,108.0
10109836PEREIRAA_2026-02-28_G30,10109836PEREIRAA,2026-02-28,122962,1,26,0,141.0
10109836PEREIRAA_2026-02-28_G31,10109836PEREIRAA,2026-02-28,124486,1,3,0,141.0
10109836PEREIRAA_2026-02-28_G32,10109836PEREIRAA,2026-02-28,124248,1,5,0,490.0
10109836PEREIRAA_2026-02-28_G33,10109836PEREIRAA,2026-02-28,122962,1,16,0,396.0
10109836PEREIRAA_2026-03-11_G02,10109836PEREIRAA,2026-03-11,122962,1,13,0,236.0
10109836PEREIRAA_2026-03-11_G03,10109836PEREIRAA,2026-03-11,"121651, 124370",2,16,25,419.0
10109836PEREIRAA_2026-03-11_G04,10109836PEREIRAA,2026-03-11,121760,1,10,0,1039.0
10109836PEREIRAA_2026-03-11_G05,10109836PEREIRAA,2026-03-11,"124371, 122703",2,16,16,381.0
10109836PEREIRAA_2026-03-11_G06,10109836PEREIRAA,2026-03-11,"122703, 123909",2,12,7,355.0
10109836PEREIRAA_2026-03-11_G07,10109836PEREIRAA,2026-03-11,122703,1,2,0,190.0
10109836PEREIRAA_2026-03-11_G08,10109836PEREIRAA,2026-03-11,"124370, 122962",2,70,30,332.0
10109836PEREIRAA_2026-03-11_G09,10109836PEREIRAA,2026-03-11,122962,3,40,25,35.0
10109836PEREIRAA_2026-03-11_G10,10109836PEREIRAA,2026-03-11,123345,1,4,0,154.0
10109836PEREIRAA_2026-03-11_G11,10109836PEREIRAA,2026-03-11,180024,1,1,0,261.0
10109836PEREIRAA_2026-03-16_G02,10109836PEREIRAA,2026-03-16,123344,1,2,0,147.0
10109836PEREIRAA_2026-03-16_G03,10109836PEREIRAA,2026-03-16,124729,1,2,0,266.0
10109836PEREIRAA_2026-03-16_G04,10109836PEREIRAA,2026-03-16,122703,1,4,0,67.0
10109836PEREIRAA_2026-03-16_G05,10109836PEREIRAA,2026-03-16,124475,1,2,0,166.0
10109836PEREIRAA_2026-03-16_G06,10109836PEREIRAA,2026-03-16,121760,1,3,0,273.0
10109836PEREIRAA_2026-03-16_G07,10109836PEREIRAA,2026-03-16,123345,1,4,0,134.0
10109836PEREIRAA_2026-03-16_G08,10109836PEREIRAA,2026-03-16,124729,1,2,0,610.0
10109836PEREIRAA_2026-03-16_G09,10109836PEREIRAA,2026-03-16,122703,1,4,0,32.0
10109836PEREIRAA_2026-03-16_G10,10109836PEREIRAA,2026-03-16,122671,1,4,0,91.0
10109836PEREIRAA_2026-03-16_G11,10109836PEREIRAA,2026-03-16,121760,1,9,0,205.0
10109836PEREIRAA_2026-03-16_G12,10109836PEREIRAA,2026-03-16,124725,1,60,0,1224.0
10109836PEREIRAA_2026-03-16_G13,10109836PEREIRAA,2026-03-16,123343,1,7,0,267.0
10109836PEREIRAA_2026-03-16_G14,10109836PEREIRAA,2026-03-16,123909,1,4,0,41.0
10109836PEREIRAA_2026-03-16_G15,10109836PEREIRAA,2026-03-16,124582,1,17,0,690.0
10109836PEREIRAA_2026-03-16_G16,10109836PEREIRAA,2026-03-16,120339,1,10,0,163.0
10109836PEREIRAA_2026-03-20_G02,10109836PEREIRAA,2026-03-20,122671,1,8,0,602.0
10109836PEREIRAA_2026-03-20_G04,10109836PEREIRAA,2026-03-20,122671,1,4,0,482.0
10109836PEREIRAA_2026-03-20_G05,10109836PEREIRAA,2026-03-20,120028,1,24,0,617.0
10109836PEREIRAA_2026-03-20_G06,10109836PEREIRAA,2026-03-20,124484,1,20,0,535.0
10109836PEREIRAA_2026-03-20_G07,10109836PEREIRAA,2026-03-20,124486,1,2,0,678.0
10109836PEREIRAA_2026-03-20_G08,10109836PEREIRAA,2026-03-20,122962,1,12,0,419.0
10109836PEREIRAA_2026-03-20_G10,10109836PEREIRAA,2026-03-20,124486,1,14,0,322.0
10109836PEREIRAA_2026-03-20_G11,10109836PEREIRAA,2026-03-20,124247,1,2,0,74.0
10109836PEREIRAA_2026-03-20_G12,10109836PEREIRAA,2026-03-20,122983,1,3,0,147.0
10109836PEREIRAA_2026-03-20_G13,10109836PEREIRAA,2026-03-20,124248,1,6,0,355.0
10109836PEREIRAA_2026-03-20_G14,10109836PEREIRAA,2026-03-20,124476,1,1,0,147.0
10109836PEREIRAA_2026-03-20_G15,10109836PEREIRAA,2026-03-20,122962,1,30,0,416.0
10109836PEREIRAA_2026-03-20_G16,10109836PEREIRAA,2026-03-20,121651,1,4,0,128.0
10109836PEREIRAA_2026-03-20_G17,10109836PEREIRAA,2026-03-20,122962,1,2,0,305.0
10109836PEREIRAA_2026-03-20_G18,10109836PEREIRAA,2026-03-20,122962,1,16,0,531.0
10109836PEREIRAA_2026-03-20_G19,10109836PEREIRAA,2026-03-20,124486,1,5,0,531.0
10109836PEREIRAA_2026-03-20_G20,10109836PEREIRAA,2026-03-20,123343,2,18,20,434.0
10109836PEREIRAA_2026-03-25_G02,10109836PEREIRAA,2026-03-25,124487,1,3,0,77.0
10109836PEREIRAA_2026-03-25_G03,10109836PEREIRAA,2026-03-25,122185,1,12,0,240.0
10109836PEREIRAA_2026-03-25_G04,10109836PEREIRAA,2026-03-25,124729,1,8,0,138.0
10109836PEREIRAA_2026-03-25_G05,10109836PEREIRAA,2026-03-25,121651,1,24,0,290.0
10109836PEREIRAA_2026-03-25_G06,10109836PEREIRAA,2026-03-25,124370,1,5,0,164.0
10109836PEREIRAA_2026-03-25_G07,10109836PEREIRAA,2026-03-25,"120272, 122962",2,9,9,217.0
10109836PEREIRAA_2026-03-25_G08,10109836PEREIRAA,2026-03-25,122981,1,4,0,291.0
10109836PEREIRAA_2026-03-25_G09,10109836PEREIRAA,2026-03-25,122967,1,16,0,114.0
10109836PEREIRAA_2026-03-25_G10,10109836PEREIRAA,2026-03-25,122962,1,16,0,369.0
10109836PEREIRAA_2026-03-25_G11,10109836PEREIRAA,2026-03-25,120028,1,50,0,831.0
10109836PEREIRAA_2026-03-25_G12,10109836PEREIRAA,2026-03-25,122647,1,40,0,558.0
10109836PEREIRAA_2026-03-25_G13,10109836PEREIRAA,2026-03-25,122962,1,50,0,1127.0
10109836PEREIRAA_2026-03-28_G02,10109836PEREIRAA,2026-03-28,124475,1,8,0,205.0
10109836PEREIRAA_2026-03-28_G03,10109836PEREIRAA,2026-03-28,122671,1,2,0,90.0
10109836PEREIRAA_2026-03-28_G04,10109836PEREIRAA,2026-03-28,123822,1,2,0,132.0
10109836PEREIRAA_2026-03-28_G05,10109836PEREIRAA,2026-03-28,124371,1,4,0,118.0
10109836PEREIRAA_2026-03-28_G06,10109836PEREIRAA,2026-03-28,124476,1,8,0,111.0
10109836PEREIRAA_2026-03-28_G07,10109836PEREIRAA,2026-03-28,124489,1,2,0,178.0
10109836PEREIRAA_2026-03-28_G08,10109836PEREIRAA,2026-03-28,121651,1,2,0,93.0
10109836PEREIRAA_2026-03-28_G09,10109836PEREIRAA,2026-03-28,"122962, 123909",2,3,15,33.0
10109836PEREIRAA_2026-03-28_G10,10109836PEREIRAA,2026-03-28,123345,1,3,0,352.0
10109836PEREIRAA_2026-03-28_G11,10109836PEREIRAA,2026-03-28,123343,1,1,0,136.0
10109836PEREIRAA_2026-03-28_G12,10109836PEREIRAA,2026-03-28,122647,1,2,0,201.0
10109836PEREIRAA_2026-03-28_G13,10109836PEREIRAA,2026-03-28,123822,1,24,0,568.0
10109836PEREIRAA_2026-03-28_G14,10109836PEREIRAA,2026-03-28,123345,1,40,0,382.0
10109836PEREIRAA_2026-03-28_G15,10109836PEREIRAA,2026-03-28,122962,1,4,0,60.0
10109836PEREIRAA_2026-03-28_G16,10109836PEREIRAA,2026-03-28,122962,1,4,0,122.0
10109836PEREIRAA_2026-03-28_G17,10109836PEREIRAA,2026-03-28,124486,1,32,0,545.0
10109836PEREIRAA_2026-03-28_G18,10109836PEREIRAA,2026-03-28,122962,1,12,0,173.0
10109836PEREIRAA_2026-03-28_G19,10109836PEREIRAA,2026-03-28,123909,1,10,0,174.0
10109836PEREIRAA_2026-03-28_G20,10109836PEREIRAA,2026-03-28,124486,1,40,0,341.0
10109836PEREIRAA_2026-03-28_G21,10109836PEREIRAA,2026-03-28,124582,1,24,0,292.0
10109836PEREIRAA_2026-03-28_G22,10109836PEREIRAA,2026-03-28,122962,1,3,0,118.0
10109836PEREIRAA_2026-03-28_G23,10109836PEREIRAA,2026-03-28,124370,1,1,0,104.0
10109836PEREIRAA_2026-03-28_G24,10109836PEREIRAA,2026-03-28,123345,1,10,0,102.0
10109836PEREIRAA_2026-03-28_G25,10109836PEREIRAA,2026-03-28,"122673, 122185",2,12,18,132.0
10109836PEREIRAA_2026-03-28_G26,10109836PEREIRAA,2026-03-28,124248,1,6,0,309.0
10109836PEREIRAA_2026-03-28_G27,10109836PEREIRAA,2026-03-28,123344,1,1,0,715.0
10109836PEREIRAA_2026-03-29_G02,10109836PEREIRAA,2026-03-29,124475,1,6,0,144.0
10109836PEREIRAA_2026-03-29_G03,10109836PEREIRAA,2026-03-29,124247,1,4,0,46.0
10109836PEREIRAA_2026-03-29_G04,10109836PEREIRAA,2026-03-29,121760,1,2,0,104.0
10109836PEREIRAA_2026-03-29_G05,10109836PEREIRAA,2026-03-29,124486,1,12,0,721.0
10109836PEREIRAA_2026-03-29_G06,10109836PEREIRAA,2026-03-29,124486,1,20,0,1186.0
10109836PEREIRAA_2026-03-29_G07,10109836PEREIRAA,2026-03-29,124371,1,7,0,729.0
10109836PEREIRAA_2026-03-29_G08,10109836PEREIRAA,2026-03-29,123345,1,5,0,537.0
10109836PEREIRAA_2026-03-29_G09,10109836PEREIRAA,2026-03-29,"123343, 123345",4,70,32,3322.0
10109836PEREIRAA_2026-03-29_G10,10109836PEREIRAA,2026-03-29,123344,2,29,6,361.0
10109836PEREIRAA_2026-03-29_G11,10109836PEREIRAA,2026-03-29,123822,1,12,0,425.0
10109836PEREIRAA_2026-03-29_G12,10109836PEREIRAA,2026-03-29,123343,1,12,0,955.0
10109836PEREIRAA_2026-03-29_G13,10109836PEREIRAA,2026-03-29,122647,1,52,0,565.0
10109836PEREIRAA_2026-03-29_G14,10109836PEREIRAA,2026-03-29,122962,1,24,0,386.0
10109836PEREIRAA_2026-03-29_G15,10109836PEREIRAA,2026-03-29,124582,1,8,0,382.0
10109836PEREIRAA_2026-03-29_G16,10109836PEREIRAA,2026-03-29,123822,1,12,0,141.0
10109836PEREIRAA_2026-03-29_G17,10109836PEREIRAA,2026-03-29,124247,1,18,0,211.0
10109836PEREIRAA_2026-03-29_G18,10109836PEREIRAA,2026-03-29,124486,1,8,0,189.0
10109836PEREIRAA_2026-03-29_G19,10109836PEREIRAA,2026-03-29,124489,1,8,0,89.0
10109836PEREIRAA_2026-03-29_G20,10109836PEREIRAA,2026-03-29,122185,1,20,0,243.0
10109836PEREIRAA_2026-03-29_G21,10109836PEREIRAA,2026-03-29,122647,1,20,0,239.0
10109836PEREIRAA_2026-03-29_G22,10109836PEREIRAA,2026-03-29,122647,1,30,0,353.0
10109836PEREIRAA_2026-03-29_G23,10109836PEREIRAA,2026-03-29,124248,1,14,0,197.0
10109836PEREIRAA_2026-03-29_G24,10109836PEREIRAA,2026-03-29,124248,1,6,0,69.0
10109836PEREIRAA_2026-03-29_G25,10109836PEREIRAA,2026-03-29,122671,1,30,0,233.0
10109836PEREIRAA_2026-03-29_G26,10109836PEREIRAA,2026-03-29,121760,1,6,0,66.0
10109836PEREIRAA_2026-03-29_G28,10109836PEREIRAA,2026-03-29,124475,1,12,0,156.0
10109836PEREIRAA_2026-03-29_G29,10109836PEREIRAA,2026-03-29,124582,1,20,0,305.0
10109836PEREIRAA_2026-03-29_G30,10109836PEREIRAA,2026-03-29,124370,1,40,0,1142.0
10109836PEREIRAA_2026-03-29_G31,10109836PEREIRAA,2026-03-29,122671,1,4,0,66.0
10109836PEREIRAA_2026-03-29_G32,10109836PEREIRAA,2026-03-29,121760,1,12,0,143.0
10109836PEREIRAA_2026-03-29_G33,10109836PEREIRAA,2026-03-29,124486,1,12,0,203.0
10109836PEREIRAA_2026-03-29_G34,10109836PEREIRAA,2026-03-29,124371,1,24,0,411.0
10109836PEREIRAA_2026-03-29_G35,10109836PEREIRAA,2026-03-29,122986,1,6,0,102.0
10109836PEREIRAA_2026-03-29_G36,10109836PEREIRAA,2026-03-29,121651,1,30,0,436.0
10109836PEREIRAA_2026-03-29_G37,10109836PEREIRAA,2026-03-29,123521,1,4,0,68.0
10109836PEREIRAA_2026-03-29_G38,10109836PEREIRAA,2026-03-29,123344,1,6,0,152.0
10109836PEREIRAA_2026-03-29_G39,10109836PEREIRAA,2026-03-29,123909,1,40,0,2169.0
10109836PEREIRAA_2026-03-31_G02,10109836PEREIRAA,2026-03-31,120028,1,12,0,431.0
10109836PEREIRAA_2026-03-31_G03,10109836PEREIRAA,2026-03-31,122647,1,5,0,377.0
10109836PEREIRAA_2026-03-31_G04,10109836PEREIRAA,2026-03-31,124486,1,60,0,715.0
10109836PEREIRAA_2026-03-31_G06,10109836PEREIRAA,2026-03-31,122185,1,4,0,94.0
10109836PEREIRAA_2026-03-31_G07,10109836PEREIRAA,2026-03-31,122185,1,68,0,1506.0
10109836PEREIRAA_2026-03-31_G08,10109836PEREIRAA,2026-03-31,124247,1,30,0,353.0
10109836PEREIRAA_2026-03-31_G09,10109836PEREIRAA,2026-03-31,124582,1,20,0,262.0
10109837MORETTIJ_2025-05-07_G03,10109837MORETTIJ,2025-05-07,110755,1,20,0,1124.0
10109837MORETTIJ_2025-05-07_G04,10109837MORETTIJ,2025-05-07,111438,1,10,0,2386.0
10109837MORETTIJ_2025-05-07_G06,10109837MORETTIJ,2025-05-07,111602,1,16,0,1075.0
10109837MORETTIJ_2025-05-07_G07,10109837MORETTIJ,2025-05-07,118290,1,8,0,234.0
10109837MORETTIJ_2025-05-07_G09,10109837MORETTIJ,2025-05-07,110325,1,10,0,941.0
10109837MORETTIJ_2025-05-08_G02,10109837MORETTIJ,2025-05-08,111441,1,4,0,1134.0
10109837MORETTIJ_2025-05-08_G03,10109837MORETTIJ,2025-05-08,111569,1,8,0,552.0
10109837MORETTIJ_2025-05-08_G04,10109837MORETTIJ,2025-05-08,111569,1,3,0,205.0
10109837MORETTIJ_2025-05-08_G05,10109837MORETTIJ,2025-05-08,110747,1,7,0,511.0
10109837MORETTIJ_2025-05-08_G06,10109837MORETTIJ,2025-05-08,111430,1,2,0,236.0
10109837MORETTIJ_2025-05-08_G07,10109837MORETTIJ,2025-05-08,100334,1,3,0,659.0
10109837MORETTIJ_2025-05-08_G08,10109837MORETTIJ,2025-05-08,100334,1,1,0,169.0
10109837MORETTIJ_2025-05-08_G09,10109837MORETTIJ,2025-05-08,110742,1,2,0,998.0
10109837MORETTIJ_2025-05-08_G10,10109837MORETTIJ,2025-05-08,110742,1,12,0,1240.0
10109837MORETTIJ_2025-05-08_G11,10109837MORETTIJ,2025-05-08,111850,1,3,0,666.0
10109837MORETTIJ_2025-05-08_G12,10109837MORETTIJ,2025-05-08,111850,1,2,0,120.0
10109837MORETTIJ_2025-05-08_G13,10109837MORETTIJ,2025-05-08,111660,1,9,0,656.0
10109837MORETTIJ_2025-05-08_G14,10109837MORETTIJ,2025-05-08,117789,1,2,0,851.0
10109837MORETTIJ_2025-05-08_G15,10109837MORETTIJ,2025-05-08,117835,1,3,0,316.0
10109837MORETTIJ_2025-05-08_G16,10109837MORETTIJ,2025-05-08,116527,1,3,0,246.0
10109837MORETTIJ_2025-05-08_G17,10109837MORETTIJ,2025-05-08,108794,1,3,0,1530.0
10109837MORETTIJ_2025-05-08_G18,10109837MORETTIJ,2025-05-08,111418,1,21,0,741.0
10109837MORETTIJ_2025-05-08_G19,10109837MORETTIJ,2025-05-08,109645,1,7,0,474.0
10109837MORETTIJ_2025-05-08_G21,10109837MORETTIJ,2025-05-08,111569,1,3,0,169.0
10109837MORETTIJ_2025-05-08_G22,10109837MORETTIJ,2025-05-08,110747,1,6,0,406.0
10109837MORETTIJ_2025-05-08_G23,10109837MORETTIJ,2025-05-08,111430,1,3,0,239.0
10109837MORETTIJ_2025-05-09_G02,10109837MORETTIJ,2025-05-09,110755,1,8,0,965.0
10109837MORETTIJ_2025-05-09_G03,10109837MORETTIJ,2025-05-09,117855,1,12,0,929.0
10109837MORETTIJ_2025-05-09_G04,10109837MORETTIJ,2025-05-09,117832,1,8,0,383.0
10109837MORETTIJ_2025-05-09_G05,10109837MORETTIJ,2025-05-09,140922,1,4,0,251.0
10109837MORETTIJ_2025-05-09_G06,10109837MORETTIJ,2025-05-09,111442,1,11,0,981.0
10109837MORETTIJ_2025-05-10_G02,10109837MORETTIJ,2025-05-10,117822,1,2,0,262.0
10109837MORETTIJ_2025-05-10_G03,10109837MORETTIJ,2025-05-10,110376,1,7,0,1112.0
10109837MORETTIJ_2025-05-10_G04,10109837MORETTIJ,2025-05-10,111530,1,6,0,654.0
10109837MORETTIJ_2025-05-10_G05,10109837MORETTIJ,2025-05-10,110515,1,61,0,1764.0
10109837MORETTIJ_2025-05-10_G07,10109837MORETTIJ,2025-05-10,111660,1,20,0,981.0
10109837MORETTIJ_2025-05-10_G09,10109837MORETTIJ,2025-05-10,118290,1,4,0,1375.0
10109837MORETTIJ_2025-05-10_G10,10109837MORETTIJ,2025-05-10,115773,1,4,0,382.0
10109837MORETTIJ_2025-05-10_G11,10109837MORETTIJ,2025-05-10,118299,1,23,0,1290.0
10109837MORETTIJ_2025-05-10_G12,10109837MORETTIJ,2025-05-10,110374,1,32,0,767.0
10109837MORETTIJ_2025-05-10_G13,10109837MORETTIJ,2025-05-10,110372,1,25,0,319.0
10109837MORETTIJ_2025-05-10_G14,10109837MORETTIJ,2025-05-10,110371,1,20,0,413.0
10109837MORETTIJ_2025-05-10_G15,10109837MORETTIJ,2025-05-10,117808,1,59,0,949.0
10109837MORETTIJ_2025-05-10_G16,10109837MORETTIJ,2025-05-10,117809,1,1,0,45.0
10109837MORETTIJ_2025-05-12_G02,10109837MORETTIJ,2025-05-12,117820,1,12,0,2458.0
10109837MORETTIJ_2025-05-12_G03,10109837MORETTIJ,2025-05-12,111530,1,2,0,2033.0
10109837MORETTIJ_2025-05-12_G04,10109837MORETTIJ,2025-05-12,117856,1,6,0,229.0
10109837MORETTIJ_2025-05-12_G05,10109837MORETTIJ,2025-05-12,110515,1,1,0,149.0
10109837MORETTIJ_2025-05-12_G06,10109837MORETTIJ,2025-05-12,110325,1,4,0,331.0
10109837MORETTIJ_2025-05-12_G07,10109837MORETTIJ,2025-05-12,117820,1,6,0,181.0
10109837MORETTIJ_2025-05-12_G08,10109837MORETTIJ,2025-05-12,118299,1,11,0,1014.0
10109837MORETTIJ_2025-05-12_G09,10109837MORETTIJ,2025-05-12,110373,1,6,0,214.0
10109837MORETTIJ_2025-05-12_G10,10109837MORETTIJ,2025-05-12,110374,1,4,0,127.0
10109837MORETTIJ_2025-05-12_G11,10109837MORETTIJ,2025-05-12,107830,1,4,0,88.0
10109837MORETTIJ_2025-05-12_G12,10109837MORETTIJ,2025-05-12,110372,1,6,0,145.0
10109837MORETTIJ_2025-05-12_G13,10109837MORETTIJ,2025-05-12,110376,1,1,0,115.0
10109837MORETTIJ_2025-05-12_G15,10109837MORETTIJ,2025-05-12,111722,1,40,0,778.0
10109837MORETTIJ_2025-05-12_G16,10109837MORETTIJ,2025-05-12,111530,1,5,0,2953.0
10109837MORETTIJ_2025-05-12_G17,10109837MORETTIJ,2025-05-12,111530,1,4,0,850.0
10109837MORETTIJ_2025-05-12_G18,10109837MORETTIJ,2025-05-12,109643,1,2,0,327.0
10109837MORETTIJ_2025-05-13_G02,10109837MORETTIJ,2025-05-13,111655,1,7,0,1388.0
10109837MORETTIJ_2025-05-13_G03,10109837MORETTIJ,2025-05-13,100334,1,1,0,560.0
10109837MORETTIJ_2025-05-13_G04,10109837MORETTIJ,2025-05-13,111438,1,6,0,339.0
10109837MORETTIJ_2025-05-13_G05,10109837MORETTIJ,2025-05-13,110515,1,1,0,146.0
10109837MORETTIJ_2025-05-13_G06,10109837MORETTIJ,2025-05-13,117855,1,3,0,210.0
10109837MORETTIJ_2025-05-13_G07,10109837MORETTIJ,2025-05-13,111602,1,2,0,152.0
10109837MORETTIJ_2025-05-13_G08,10109837MORETTIJ,2025-05-13,111462,1,3,0,165.0
10109837MORETTIJ_2025-05-13_G09,10109837MORETTIJ,2025-05-13,108711,1,6,0,880.0
10109837MORETTIJ_2025-05-13_G10,10109837MORETTIJ,2025-05-13,111469,1,4,0,113.0
10109837MORETTIJ_2025-05-13_G11,10109837MORETTIJ,2025-05-13,118140,1,3,0,910.0
10109837MORETTIJ_2025-05-13_G12,10109837MORETTIJ,2025-05-13,111532,1,2,0,122.0
10109837MORETTIJ_2025-05-13_G13,10109837MORETTIJ,2025-05-13,111418,1,2,0,143.0
10109837MORETTIJ_2025-05-13_G15,10109837MORETTIJ,2025-05-13,111660,1,12,0,607.0
10109837MORETTIJ_2025-05-13_G16,10109837MORETTIJ,2025-05-13,111569,1,8,0,347.0
10109837MORETTIJ_2025-05-13_G17,10109837MORETTIJ,2025-05-13,111441,1,2,0,756.0
10109837MORETTIJ_2025-05-13_G18,10109837MORETTIJ,2025-05-13,118222,1,2,0,170.0
10109837MORETTIJ_2025-05-13_G19,10109837MORETTIJ,2025-05-13,110515,1,6,0,193.0
10109837MORETTIJ_2025-05-13_G20,10109837MORETTIJ,2025-05-13,111466,1,4,0,136.0
10109837MORETTIJ_2025-05-13_G21,10109837MORETTIJ,2025-05-13,118140,1,14,0,204.0
10109837MORETTIJ_2025-05-13_G22,10109837MORETTIJ,2025-05-13,117785,1,6,0,492.0
10109837MORETTIJ_2025-05-13_G23,10109837MORETTIJ,2025-05-13,111418,1,4,0,117.0
10109837MORETTIJ_2025-05-13_G24,10109837MORETTIJ,2025-05-13,110787,1,2,0,159.0
10109837MORETTIJ_2025-05-13_G25,10109837MORETTIJ,2025-05-13,118140,1,2,0,199.0
10109837MORETTIJ_2025-05-13_G26,10109837MORETTIJ,2025-05-13,110373,1,20,0,861.0
10109837MORETTIJ_2025-05-13_G27,10109837MORETTIJ,2025-05-13,110372,1,6,0,176.0
10109837MORETTIJ_2025-05-13_G28,10109837MORETTIJ,2025-05-13,118299,1,5,0,143.0
10109837MORETTIJ_2025-05-13_G29,10109837MORETTIJ,2025-05-13,118094,1,12,0,1072.0
10109837MORETTIJ_2025-05-13_G30,10109837MORETTIJ,2025-05-13,110339,1,12,0,856.0
10109837MORETTIJ_2025-05-13_G31,10109837MORETTIJ,2025-05-13,110515,1,17,0,402.0
10109837MORETTIJ_2025-05-13_G32,10109837MORETTIJ,2025-05-13,111467,1,8,0,252.0
10109837MORETTIJ_2025-05-13_G33,10109837MORETTIJ,2025-05-13,117856,1,8,0,223.0
10109837MORETTIJ_2025-05-13_G34,10109837MORETTIJ,2025-05-13,117786,1,6,0,872.0
10109837MORETTIJ_2025-05-13_G35,10109837MORETTIJ,2025-05-13,110711,1,6,0,158.0
10109837MORETTIJ_2025-05-13_G36,10109837MORETTIJ,2025-05-13,110339,1,2,0,264.0
10109837MORETTIJ_2025-05-13_G37,10109837MORETTIJ,2025-05-13,117820,1,14,0,327.0
10109837MORETTIJ_2025-05-13_G38,10109837MORETTIJ,2025-05-13,117820,1,11,0,131.0
10109837MORETTIJ_2025-05-13_G39,10109837MORETTIJ,2025-05-13,110373,1,20,0,320.0
10109837MORETTIJ_2025-05-13_G40,10109837MORETTIJ,2025-05-13,107830,1,3,0,120.0
10109837MORETTIJ_2025-05-13_G41,10109837MORETTIJ,2025-05-13,110372,1,12,0,186.0
10109837MORETTIJ_2025-05-14_G02,10109837MORETTIJ,2025-05-14,109647,1,4,0,329.0
10109837MORETTIJ_2025-05-14_G03,10109837MORETTIJ,2025-05-14,110515,1,3,0,219.0
10109837MORETTIJ_2025-05-14_G04,10109837MORETTIJ,2025-05-14,111530,1,9,0,334.0
10109837MORETTIJ_2025-05-14_G05,10109837MORETTIJ,2025-05-14,110373,1,30,0,704.0
10109837MORETTIJ_2025-05-14_G06,10109837MORETTIJ,2025-05-14,110374,1,35,0,862.0
10109837MORETTIJ_2025-05-14_G07,10109837MORETTIJ,2025-05-14,110372,1,30,0,289.0
10109837MORETTIJ_2025-05-14_G08,10109837MORETTIJ,2025-05-14,117840,1,6,0,116.0
10109837MORETTIJ_2025-05-14_G09,10109837MORETTIJ,2025-05-14,"118299, 117820",2,100,22,917.0
10109837MORETTIJ_2025-05-14_G10,10109837MORETTIJ,2025-05-14,117834,1,4,0,1260.0
10109837MORETTIJ_2025-05-14_G11,10109837MORETTIJ,2025-05-14,111430,1,14,0,586.0
10109837MORETTIJ_2025-05-14_G12,10109837MORETTIJ,2025-05-14,100334,1,6,0,496.0
10109837MORETTIJ_2025-05-14_G13,10109837MORETTIJ,2025-05-14,111569,1,15,0,830.0
10109837MORETTIJ_2025-05-14_G14,10109837MORETTIJ,2025-05-14,117835,1,4,0,265.0
10109837MORETTIJ_2025-05-14_G15,10109837MORETTIJ,2025-05-14,108770,1,4,0,263.0
10109837MORETTIJ_2025-05-14_G16,10109837MORETTIJ,2025-05-14,118222,1,15,0,954.0
10109837MORETTIJ_2025-05-14_G17,10109837MORETTIJ,2025-05-14,117820,1,269,0,2319.0
10109837MORETTIJ_2025-05-14_G18,10109837MORETTIJ,2025-05-14,110373,1,82,0,689.0
10109837MORETTIJ_2025-05-14_G20,10109837MORETTIJ,2025-05-14,107830,1,4,0,121.0
10109837MORETTIJ_2025-05-14_G21,10109837MORETTIJ,2025-05-14,117830,1,34,0,409.0
10109837MORETTIJ_2025-05-14_G22,10109837MORETTIJ,2025-05-14,110375,1,4,0,119.0
10109837MORETTIJ_2025-05-14_G23,10109837MORETTIJ,2025-05-14,110371,1,43,0,1296.0
10109837MORETTIJ_2025-05-14_G24,10109837MORETTIJ,2025-05-14,117809,1,4,0,389.0
10109837MORETTIJ_2025-05-14_G25,10109837MORETTIJ,2025-05-14,111433,1,24,0,1149.0
10109837MORETTIJ_2025-05-14_G26,10109837MORETTIJ,2025-05-14,118140,1,12,0,918.0
10109837MORETTIJ_2025-05-14_G27,10109837MORETTIJ,2025-05-14,110711,1,4,0,197.0
10109837MORETTIJ_2025-05-14_G28,10109837MORETTIJ,2025-05-14,117855,1,4,0,1110.0
10109837MORETTIJ_2025-05-14_G29,10109837MORETTIJ,2025-05-14,117856,1,2,0,164.0
10109837MORETTIJ_2025-05-14_G30,10109837MORETTIJ,2025-05-14,117820,1,12,0,242.0
10109837MORETTIJ_2025-05-14_G31,10109837MORETTIJ,2025-05-14,117808,1,23,0,443.0
10109837MORETTIJ_2025-05-14_G32,10109837MORETTIJ,2025-05-14,110373,1,2,0,142.0
10109837MORETTIJ_2025-05-14_G33,10109837MORETTIJ,2025-05-14,109643,1,3,0,166.0
10109837MORETTIJ_2025-05-14_G34,10109837MORETTIJ,2025-05-14,110325,1,3,0,1429.0
10109837MORETTIJ_2025-05-14_G35,10109837MORETTIJ,2025-05-14,110373,1,34,0,398.0
10109837MORETTIJ_2025-05-14_G36,10109837MORETTIJ,2025-05-14,110374,1,9,0,256.0
10109837MORETTIJ_2025-05-14_G37,10109837MORETTIJ,2025-05-14,110374,1,3,0,43.0
10109837MORETTIJ_2025-05-14_G38,10109837MORETTIJ,2025-05-14,110372,1,4,0,75.0
10109837MORETTIJ_2025-05-14_G39,10109837MORETTIJ,2025-05-14,117820,1,30,0,316.0
10109837MORETTIJ_2025-05-14_G40,10109837MORETTIJ,2025-05-14,117830,1,4,0,113.0
10109837MORETTIJ_2025-05-14_G41,10109837MORETTIJ,2025-05-14,110371,1,5,0,401.0
10109837MORETTIJ_2025-05-14_G42,10109837MORETTIJ,2025-05-14,109643,1,6,0,124.0
10109837MORETTIJ_2025-05-14_G43,10109837MORETTIJ,2025-05-14,111876,1,2,0,221.0
10109837MORETTIJ_2025-05-14_G44,10109837MORETTIJ,2025-05-14,117862,1,2,0,134.0
10109837MORETTIJ_2025-05-14_G45,10109837MORETTIJ,2025-05-14,117855,1,2,0,90.0
10109837MORETTIJ_2025-05-14_G46,10109837MORETTIJ,2025-05-14,111467,1,1,0,47.0
10109837MORETTIJ_2025-05-15_G02,10109837MORETTIJ,2025-05-15,111430,1,2,0,69.0
10109837MORETTIJ_2025-05-15_G03,10109837MORETTIJ,2025-05-15,100334,1,4,0,222.0
10109837MORETTIJ_2025-05-15_G04,10109837MORETTIJ,2025-05-15,118306,1,2,0,162.0
10109837MORETTIJ_2025-05-15_G05,10109837MORETTIJ,2025-05-15,111438,1,24,0,1100.0
10109837MORETTIJ_2025-05-15_G06,10109837MORETTIJ,2025-05-15,116527,1,2,0,295.0
10109837MORETTIJ_2025-05-15_G07,10109837MORETTIJ,2025-05-15,107629,1,2,0,163.0
10109837MORETTIJ_2025-05-15_G08,10109837MORETTIJ,2025-05-15,109647,1,4,0,259.0
10109837MORETTIJ_2025-05-15_G09,10109837MORETTIJ,2025-05-15,117855,1,11,0,735.0
10109837MORETTIJ_2025-05-15_G10,10109837MORETTIJ,2025-05-15,111439,1,6,0,160.0
10109837MORETTIJ_2025-05-15_G11,10109837MORETTIJ,2025-05-15,110339,1,5,0,290.0
10109837MORETTIJ_2025-05-15_G12,10109837MORETTIJ,2025-05-15,111469,1,8,0,741.0
10109837MORETTIJ_2025-05-15_G13,10109837MORETTIJ,2025-05-15,111469,1,2,0,141.0
10109837MORETTIJ_2025-05-15_G14,10109837MORETTIJ,2025-05-15,117821,1,3,0,93.0
10109837MORETTIJ_2025-05-15_G15,10109837MORETTIJ,2025-05-15,111466,1,6,0,99.0
10109837MORETTIJ_2025-05-15_G16,10109837MORETTIJ,2025-05-15,117833,1,4,0,83.0
10109837MORETTIJ_2025-05-15_G17,10109837MORETTIJ,2025-05-15,111418,1,15,0,324.0
10109837MORETTIJ_2025-05-15_G18,10109837MORETTIJ,2025-05-15,111418,1,2,0,40.0
10109837MORETTIJ_2025-05-15_G19,10109837MORETTIJ,2025-05-15,110372,1,7,0,245.0
10109837MORETTIJ_2025-05-15_G20,10109837MORETTIJ,2025-05-15,117820,1,2,0,116.0
10109837MORETTIJ_2025-05-15_G21,10109837MORETTIJ,2025-05-15,118299,1,2,0,84.0
10109837MORETTIJ_2025-05-15_G22,10109837MORETTIJ,2025-05-15,109643,1,8,0,203.0
10109837MORETTIJ_2025-05-15_G23,10109837MORETTIJ,2025-05-15,117808,1,195,0,1594.0
10109837MORETTIJ_2025-05-15_G24,10109837MORETTIJ,2025-05-15,110373,1,36,0,1830.0
10109837MORETTIJ_2025-05-15_G25,10109837MORETTIJ,2025-05-15,110374,1,35,0,399.0
10109837MORETTIJ_2025-05-15_G26,10109837MORETTIJ,2025-05-15,118299,1,66,0,908.0
10109837MORETTIJ_2025-05-15_G28,10109837MORETTIJ,2025-05-15,117834,1,2,0,1053.0
10109837MORETTIJ_2025-05-15_G29,10109837MORETTIJ,2025-05-15,118222,1,15,0,276.0
10109837MORETTIJ_2025-05-15_G30,10109837MORETTIJ,2025-05-15,111569,1,5,0,173.0
10109837MORETTIJ_2025-05-15_G31,10109837MORETTIJ,2025-05-15,111438,1,30,0,920.0
10109837MORETTIJ_2025-05-15_G32,10109837MORETTIJ,2025-05-15,118222,1,15,0,1556.0
10109837MORETTIJ_2025-05-15_G33,10109837MORETTIJ,2025-05-15,110374,1,2,0,522.0
10109837MORETTIJ_2025-05-15_G34,10109837MORETTIJ,2025-05-15,110372,1,30,0,455.0
10109837MORETTIJ_2025-05-15_G35,10109837MORETTIJ,2025-05-15,117820,1,19,0,603.0
10109837MORETTIJ_2025-05-15_G36,10109837MORETTIJ,2025-05-15,118299,1,17,0,165.0
10109837MORETTIJ_2025-05-15_G37,10109837MORETTIJ,2025-05-15,117808,1,36,0,547.0
10109837MORETTIJ_2025-05-15_G38,10109837MORETTIJ,2025-05-15,111530,1,4,0,473.0
10109837MORETTIJ_2025-05-15_G39,10109837MORETTIJ,2025-05-15,117808,1,2,0,138.0
10109837MORETTIJ_2025-05-15_G40,10109837MORETTIJ,2025-05-15,111532,1,5,0,176.0
10109837MORETTIJ_2025-05-15_G41,10109837MORETTIJ,2025-05-15,111418,1,10,0,202.0
10109837MORETTIJ_2025-05-15_G42,10109837MORETTIJ,2025-05-15,110740,1,4,0,159.0
10109837MORETTIJ_2025-05-15_G43,10109837MORETTIJ,2025-05-15,117821,1,5,0,127.0
10109837MORETTIJ_2025-05-15_G44,10109837MORETTIJ,2025-05-15,111466,1,4,0,91.0
10109837MORETTIJ_2025-05-15_G45,10109837MORETTIJ,2025-05-15,111441,1,6,0,697.0
10109837MORETTIJ_2025-05-15_G46,10109837MORETTIJ,2025-05-15,111430,1,2,0,101.0
10109837MORETTIJ_2025-05-15_G47,10109837MORETTIJ,2025-05-15,100334,1,9,0,417.0
10109837MORETTIJ_2025-05-15_G48,10109837MORETTIJ,2025-05-15,110755,1,6,0,238.0
10109837MORETTIJ_2025-05-15_G49,10109837MORETTIJ,2025-05-15,111438,1,20,0,1005.0
10109837MORETTIJ_2025-05-15_G50,10109837MORETTIJ,2025-05-15,109937,1,2,0,127.0
10109837MORETTIJ_2025-05-16_G02,10109837MORETTIJ,2025-05-16,118222,1,4,0,113.0
10109837MORETTIJ_2025-05-16_G03,10109837MORETTIJ,2025-05-16,111569,1,2,0,107.0
10109837MORETTIJ_2025-05-16_G04,10109837MORETTIJ,2025-05-16,111418,1,2,0,488.0
10109837MORETTIJ_2025-05-16_G05,10109837MORETTIJ,2025-05-16,118094,1,12,0,573.0
10109837MORETTIJ_2025-05-16_G06,10109837MORETTIJ,2025-05-16,110515,1,8,0,401.0
10109837MORETTIJ_2025-05-16_G07,10109837MORETTIJ,2025-05-16,117786,1,4,0,141.0
10109837MORETTIJ_2025-05-16_G08,10109837MORETTIJ,2025-05-16,110711,1,6,0,123.0
10109837MORETTIJ_2025-05-16_G09,10109837MORETTIJ,2025-05-16,111530,1,4,0,114.0
10109837MORETTIJ_2025-05-16_G10,10109837MORETTIJ,2025-05-16,110374,1,12,0,176.0
10109837MORETTIJ_2025-05-16_G11,10109837MORETTIJ,2025-05-16,118140,1,6,0,645.0
10109837MORETTIJ_2025-05-16_G12,10109837MORETTIJ,2025-05-16,111172,1,4,0,126.0
10109837MORETTIJ_2025-05-16_G13,10109837MORETTIJ,2025-05-16,111430,1,4,0,169.0
10109837MORETTIJ_2025-05-16_G14,10109837MORETTIJ,2025-05-16,118222,1,4,0,121.0
10109837MORETTIJ_2025-05-16_G15,10109837MORETTIJ,2025-05-16,110895,1,16,0,620.0
10109837MORETTIJ_2025-05-16_G16,10109837MORETTIJ,2025-05-16,110325,1,3,0,179.0
10109837MORETTIJ_2025-05-16_G17,10109837MORETTIJ,2025-05-16,111462,1,2,0,1173.0
10109837MORETTIJ_2025-05-16_G18,10109837MORETTIJ,2025-05-16,111469,1,4,0,139.0
10109837MORETTIJ_2025-05-16_G19,10109837MORETTIJ,2025-05-16,111466,1,2,0,72.0
10109837MORETTIJ_2025-05-16_G20,10109837MORETTIJ,2025-05-16,118140,1,2,0,36.0
10109837MORETTIJ_2025-05-16_G21,10109837MORETTIJ,2025-05-16,111465,1,4,0,310.0
10109837MORETTIJ_2025-05-16_G22,10109837MORETTIJ,2025-05-16,111441,1,4,0,253.0
10109837MORETTIJ_2025-05-16_G23,10109837MORETTIJ,2025-05-16,111430,1,2,0,100.0
10109837MORETTIJ_2025-05-16_G24,10109837MORETTIJ,2025-05-16,110372,1,1,0,116.0
10109837MORETTIJ_2025-05-16_G25,10109837MORETTIJ,2025-05-16,117820,1,2,0,128.0
10109837MORETTIJ_2025-05-16_G26,10109837MORETTIJ,2025-05-16,117832,1,2,0,224.0
10109837MORETTIJ_2025-05-16_G27,10109837MORETTIJ,2025-05-16,111418,1,2,0,243.0
10109837MORETTIJ_2025-05-16_G28,10109837MORETTIJ,2025-05-16,111443,1,4,0,459.0
10109837MORETTIJ_2025-05-16_G29,10109837MORETTIJ,2025-05-16,111435,1,2,0,94.0
10109837MORETTIJ_2025-05-16_G30,10109837MORETTIJ,2025-05-16,108711,1,10,0,476.0
10109837MORETTIJ_2025-05-16_G31,10109837MORETTIJ,2025-05-16,117842,1,1,0,75.0
10109837MORETTIJ_2025-05-16_G32,10109837MORETTIJ,2025-05-16,111433,1,4,0,294.0
10109837MORETTIJ_2025-05-16_G33,10109837MORETTIJ,2025-05-16,117785,1,20,0,317.0
10109837MORETTIJ_2025-05-16_G34,10109837MORETTIJ,2025-05-16,111467,1,8,0,197.0
10109837MORETTIJ_2025-05-16_G35,10109837MORETTIJ,2025-05-16,110375,1,10,0,143.0
10109837MORETTIJ_2025-05-16_G36,10109837MORETTIJ,2025-05-16,111430,1,10,0,605.0
10109837MORETTIJ_2025-05-16_G37,10109837MORETTIJ,2025-05-16,100334,1,4,0,82.0
10109837MORETTIJ_2025-05-16_G38,10109837MORETTIJ,2025-05-16,118283,1,4,0,134.0
10109837MORETTIJ_2025-05-16_G39,10109837MORETTIJ,2025-05-16,111569,1,4,0,137.0
10109837MORETTIJ_2025-05-16_G40,10109837MORETTIJ,2025-05-16,107892,1,4,0,817.0
10109837MORETTIJ_2025-05-16_G42,10109837MORETTIJ,2025-05-16,110740,1,24,0,451.0
10109837MORETTIJ_2025-05-16_G43,10109837MORETTIJ,2025-05-16,110745,1,12,0,323.0
10109837MORETTIJ_2025-05-16_G44,10109837MORETTIJ,2025-05-16,118223,1,6,0,398.0
10109837MORETTIJ_2025-05-16_G45,10109837MORETTIJ,2025-05-16,100334,1,8,0,729.0
10109837MORETTIJ_2025-05-16_G46,10109837MORETTIJ,2025-05-16,111569,1,10,0,276.0
10109837MORETTIJ_2025-05-16_G47,10109837MORETTIJ,2025-05-16,110339,1,8,0,1035.0
10109837MORETTIJ_2025-05-16_G48,10109837MORETTIJ,2025-05-16,117862,1,4,0,144.0
10109837MORETTIJ_2025-05-16_G49,10109837MORETTIJ,2025-05-16,111467,1,5,0,141.0
10109837MORETTIJ_2025-05-16_G50,10109837MORETTIJ,2025-05-16,117856,1,12,0,293.0
10109837MORETTIJ_2025-05-16_G51,10109837MORETTIJ,2025-05-16,110325,1,50,0,1383.0
10109837MORETTIJ_2025-05-16_G52,10109837MORETTIJ,2025-05-16,118299,1,400,0,1705.0
10109837MORETTIJ_2025-05-16_G53,10109837MORETTIJ,2025-05-16,110371,1,100,0,727.0
10109837MORETTIJ_2025-05-16_G54,10109837MORETTIJ,2025-05-16,117808,1,500,0,3127.0
10109837MORETTIJ_2025-05-17_G02,10109837MORETTIJ,2025-05-17,111569,1,4,0,186.0
10109837MORETTIJ_2025-05-17_G03,10109837MORETTIJ,2025-05-17,118094,1,6,0,229.0
10109837MORETTIJ_2025-05-17_G04,10109837MORETTIJ,2025-05-17,141047,1,6,0,259.0
10109837MORETTIJ_2025-05-17_G05,10109837MORETTIJ,2025-05-17,107629,1,8,0,111.0
10109837MORETTIJ_2025-05-17_G06,10109837MORETTIJ,2025-05-17,117855,1,4,0,145.0
10109837MORETTIJ_2025-05-17_G07,10109837MORETTIJ,2025-05-17,111467,1,6,0,189.0
10109837MORETTIJ_2025-05-17_G08,10109837MORETTIJ,2025-05-17,117786,1,8,0,230.0
10109837MORETTIJ_2025-05-17_G09,10109837MORETTIJ,2025-05-17,111463,1,10,0,531.0
10109837MORETTIJ_2025-05-17_G10,10109837MORETTIJ,2025-05-17,117821,1,6,0,118.0
10109837MORETTIJ_2025-05-17_G11,10109837MORETTIJ,2025-05-17,117831,1,11,0,603.0
10109837MORETTIJ_2025-05-17_G12,10109837MORETTIJ,2025-05-17,111418,1,20,0,276.0
10109837MORETTIJ_2025-05-17_G13,10109837MORETTIJ,2025-05-17,118317,1,6,0,242.0
10109837MORETTIJ_2025-05-17_G14,10109837MORETTIJ,2025-05-17,117785,1,10,0,180.0
10109837MORETTIJ_2025-05-17_G16,10109837MORETTIJ,2025-05-17,110325,1,10,0,329.0
10109837MORETTIJ_2025-05-17_G17,10109837MORETTIJ,2025-05-17,110373,1,50,0,496.0
10109837MORETTIJ_2025-05-17_G18,10109837MORETTIJ,2025-05-17,141202,1,10,0,274.0
10109837MORETTIJ_2025-05-17_G19,10109837MORETTIJ,2025-05-17,110372,1,100,0,857.0
10109837MORETTIJ_2025-05-17_G20,10109837MORETTIJ,2025-05-17,117820,1,43,0,979.0
10109837MORETTIJ_2025-05-17_G21,10109837MORETTIJ,2025-05-17,110371,1,55,0,1099.0
10109837MORETTIJ_2025-05-17_G22,10109837MORETTIJ,2025-05-17,118299,1,80,0,703.0
10109837MORETTIJ_2025-05-17_G24,10109837MORETTIJ,2025-05-17,141262,2,12,29,73.0
10109837MORETTIJ_2025-05-17_G25,10109837MORETTIJ,2025-05-17,111634,1,6,0,179.0
10109837MORETTIJ_2025-05-17_G26,10109837MORETTIJ,2025-05-17,111634,1,5,0,50.0
10109837MORETTIJ_2025-05-17_G27,10109837MORETTIJ,2025-05-17,111740,1,4,0,707.0
10109837MORETTIJ_2025-05-17_G28,10109837MORETTIJ,2025-05-17,118191,1,8,0,117.0
10109837MORETTIJ_2025-05-17_G29,10109837MORETTIJ,2025-05-17,118191,1,2,0,33.0
10109837MORETTIJ_2025-05-17_G30,10109837MORETTIJ,2025-05-17,111722,1,100,0,1157.0
10109837MORETTIJ_2025-05-17_G31,10109837MORETTIJ,2025-05-17,111759,1,7,0,2268.0
10109837MORETTIJ_2025-05-17_G32,10109837MORETTIJ,2025-05-17,117935,1,6,0,1948.0
10109837MORETTIJ_2025-05-17_G33,10109837MORETTIJ,2025-05-17,118094,1,8,0,610.0
10109837MORETTIJ_2025-05-17_G34,10109837MORETTIJ,2025-05-17,110751,1,4,0,835.0
10109837MORETTIJ_2025-05-17_G35,10109837MORETTIJ,2025-05-17,110787,1,22,0,258.0
10109837MORETTIJ_2025-05-17_G36,10109837MORETTIJ,2025-05-17,111602,1,2,0,503.0
10109837MORETTIJ_2025-05-17_G37,10109837MORETTIJ,2025-05-17,110787,1,1,0,114.0
10109837MORETTIJ_2025-05-17_G38,10109837MORETTIJ,2025-05-17,111762,1,4,0,466.0
10109837MORETTIJ_2025-05-19_G02,10109837MORETTIJ,2025-05-19,141047,1,50,0,502.0
10109837MORETTIJ_2025-05-19_G03,10109837MORETTIJ,2025-05-19,141047,1,200,0,772.0
10109837MORETTIJ_2025-05-19_G04,10109837MORETTIJ,2025-05-19,110515,1,50,0,999.0
10109837MORETTIJ_2025-05-19_G05,10109837MORETTIJ,2025-05-19,117830,1,120,0,2315.0
10109837MORETTIJ_2025-05-20_G02,10109837MORETTIJ,2025-05-20,108794,1,230,0,1477.0
10109837MORETTIJ_2025-05-20_G03,10109837MORETTIJ,2025-05-20,117821,1,160,0,401.0
10109837MORETTIJ_2025-05-20_G04,10109837MORETTIJ,2025-05-20,110787,1,75,0,500.0
10109837MORETTIJ_2025-05-20_G05,10109837MORETTIJ,2025-05-20,118094,1,4,0,1176.0
10109837MORETTIJ_2025-05-20_G06,10109837MORETTIJ,2025-05-20,118094,1,4,0,67.0
10109837MORETTIJ_2025-05-20_G07,10109837MORETTIJ,2025-05-20,110580,1,2,0,56.0
10109837MORETTIJ_2025-05-20_G08,10109837MORETTIJ,2025-05-20,107629,3,8,54,63.0
10109837MORETTIJ_2025-05-20_G09,10109837MORETTIJ,2025-05-20,117855,1,6,0,114.0
10109837MORETTIJ_2025-05-20_G10,10109837MORETTIJ,2025-05-20,117855,2,9,24,58.0
10109837MORETTIJ_2025-05-20_G11,10109837MORETTIJ,2025-05-20,111467,1,6,0,127.0
10109837MORETTIJ_2025-05-20_G12,10109837MORETTIJ,2025-05-20,110752,1,4,0,97.0
10109837MORETTIJ_2025-05-20_G13,10109837MORETTIJ,2025-05-20,117786,2,4,9,115.0
10109837MORETTIJ_2025-05-20_G14,10109837MORETTIJ,2025-05-20,111530,2,16,20,1115.0
10109837MORETTIJ_2025-05-20_G15,10109837MORETTIJ,2025-05-20,110515,1,8,0,109.0
10109837MORETTIJ_2025-05-20_G16,10109837MORETTIJ,2025-05-20,110515,1,4,0,63.0
10109837MORETTIJ_2025-05-20_G17,10109837MORETTIJ,2025-05-20,110515,1,4,0,62.0
10109837MORETTIJ_2025-05-20_G18,10109837MORETTIJ,2025-05-20,110756,1,4,0,175.0
10109837MORETTIJ_2025-05-20_G19,10109837MORETTIJ,2025-05-20,109647,2,8,28,104.0
10109837MORETTIJ_2025-05-20_G20,10109837MORETTIJ,2025-05-20,111602,2,2,17,223.0
10109837MORETTIJ_2025-05-20_G21,10109837MORETTIJ,2025-05-20,111443,1,2,0,357.0
10109837MORETTIJ_2025-05-20_G22,10109837MORETTIJ,2025-05-20,111443,1,6,0,90.0
10109837MORETTIJ_2025-05-20_G23,10109837MORETTIJ,2025-05-20,110743,1,4,0,95.0
10109837MORETTIJ_2025-05-20_G24,10109837MORETTIJ,2025-05-20,110743,1,3,0,37.0
10109837MORETTIJ_2025-05-20_G25,10109837MORETTIJ,2025-05-20,110751,1,4,0,140.0
10109837MORETTIJ_2025-05-20_G26,10109837MORETTIJ,2025-05-20,111462,1,16,0,149.0
10109837MORETTIJ_2025-05-20_G27,10109837MORETTIJ,2025-05-20,111462,1,5,0,93.0
10109837MORETTIJ_2025-05-20_G28,10109837MORETTIJ,2025-05-20,111446,1,4,0,96.0
10109837MORETTIJ_2025-05-20_G29,10109837MORETTIJ,2025-05-20,108711,1,4,0,89.0
10109837MORETTIJ_2025-05-20_G30,10109837MORETTIJ,2025-05-20,110745,1,7,0,104.0
10109837MORETTIJ_2025-05-20_G31,10109837MORETTIJ,2025-05-20,111466,1,4,0,78.0
10109837MORETTIJ_2025-05-20_G32,10109837MORETTIJ,2025-05-20,111466,1,20,0,439.0
10109837MORETTIJ_2025-05-20_G33,10109837MORETTIJ,2025-05-20,111466,1,4,0,34.0
10109837MORETTIJ_2025-05-20_G34,10109837MORETTIJ,2025-05-20,118140,1,15,0,193.0
10109837MORETTIJ_2025-05-20_G35,10109837MORETTIJ,2025-05-20,118140,1,8,0,69.0
10109837MORETTIJ_2025-05-20_G36,10109837MORETTIJ,2025-05-20,109645,1,8,0,168.0
10109837MORETTIJ_2025-05-20_G37,10109837MORETTIJ,2025-05-20,111418,1,12,0,246.0
10109837MORETTIJ_2025-05-20_G38,10109837MORETTIJ,2025-05-20,107236,1,3,0,389.0
10109837MORETTIJ_2025-05-20_G39,10109837MORETTIJ,2025-05-20,111463,1,11,0,103.0
10109837MORETTIJ_2025-05-20_G40,10109837MORETTIJ,2025-05-20,117785,1,3,0,75.0
10109837MORETTIJ_2025-05-20_G41,10109837MORETTIJ,2025-05-20,111465,1,2,0,158.0
10109837MORETTIJ_2025-05-20_G42,10109837MORETTIJ,2025-05-20,109645,1,4,0,92.0
10109837MORETTIJ_2025-05-21_G02,10109837MORETTIJ,2025-05-21,118004,1,4,0,170.0
10109837MORETTIJ_2025-05-21_G03,10109837MORETTIJ,2025-05-21,109643,1,2,0,290.0
10109837MORETTIJ_2025-05-21_G04,10109837MORETTIJ,2025-05-21,111602,1,1,0,505.0
10109837MORETTIJ_2025-05-21_G05,10109837MORETTIJ,2025-05-21,118004,1,1,0,137.0
10109837MORETTIJ_2025-05-21_G06,10109837MORETTIJ,2025-05-21,111602,1,1,0,407.0
10109837MORETTIJ_2025-05-21_G07,10109837MORETTIJ,2025-05-21,118004,1,4,0,86.0
10109837MORETTIJ_2025-05-21_G08,10109837MORETTIJ,2025-05-21,110787,1,3,0,136.0
10109837MORETTIJ_2025-05-21_G09,10109837MORETTIJ,2025-05-21,117832,1,1,0,208.0
10109837MORETTIJ_2025-05-21_G10,10109837MORETTIJ,2025-05-21,109643,1,12,0,234.0
10109837MORETTIJ_2025-05-21_G11,10109837MORETTIJ,2025-05-21,117855,1,50,0,2832.0
10109837MORETTIJ_2025-05-21_G12,10109837MORETTIJ,2025-05-21,111430,1,100,0,1698.0
10109837MORETTIJ_2025-05-21_G13,10109837MORETTIJ,2025-05-21,109641,1,50,0,341.0
10109837MORETTIJ_2025-05-21_G14,10109837MORETTIJ,2025-05-21,110787,1,25,0,546.0
10109837MORETTIJ_2025-05-21_G15,10109837MORETTIJ,2025-05-21,118004,1,45,0,1187.0
10109837MORETTIJ_2025-05-21_G17,10109837MORETTIJ,2025-05-21,111876,1,12,0,847.0
10109837MORETTIJ_2025-05-21_G18,10109837MORETTIJ,2025-05-21,110325,1,10,0,359.0
10109837MORETTIJ_2025-05-21_G19,10109837MORETTIJ,2025-05-21,110374,1,10,0,177.0
10109837MORETTIJ_2025-05-21_G20,10109837MORETTIJ,2025-05-21,110373,1,40,0,299.0
10109837MORETTIJ_2025-05-21_G21,10109837MORETTIJ,2025-05-21,107830,1,10,0,89.0
10109837MORETTIJ_2025-05-21_G22,10109837MORETTIJ,2025-05-21,110372,1,20,0,288.0
10109837MORETTIJ_2025-05-21_G23,10109837MORETTIJ,2025-05-21,141202,1,12,0,403.0
10109837MORETTIJ_2025-05-21_G24,10109837MORETTIJ,2025-05-21,117808,1,20,0,314.0
10109837MORETTIJ_2025-05-21_G25,10109837MORETTIJ,2025-05-21,160051,1,2,0,268.0
10109837MORETTIJ_2025-05-21_G26,10109837MORETTIJ,2025-05-21,160054,1,4,0,111.0
10109837MORETTIJ_2025-05-21_G27,10109837MORETTIJ,2025-05-21,110374,1,5,0,787.0
10109837MORETTIJ_2025-05-21_G28,10109837MORETTIJ,2025-05-21,110515,1,28,0,257.0
10109837MORETTIJ_2025-05-21_G29,10109837MORETTIJ,2025-05-21,118191,1,301,0,1038.0
10109837MORETTIJ_2025-05-21_G30,10109837MORETTIJ,2025-05-21,111722,1,584,0,1195.0
10109837MORETTIJ_2025-05-21_G31,10109837MORETTIJ,2025-05-21,117831,1,38,0,1023.0
10109837MORETTIJ_2025-05-21_G32,10109837MORETTIJ,2025-05-21,117785,1,547,0,1361.0
10109837MORETTIJ_2025-05-21_G33,10109837MORETTIJ,2025-05-21,111465,1,6,0,267.0
10109837MORETTIJ_2025-05-22_G02,10109837MORETTIJ,2025-05-22,100334,1,4,0,264.0
10109837MORETTIJ_2025-05-22_G03,10109837MORETTIJ,2025-05-22,111438,1,2,0,185.0
10109837MORETTIJ_2025-05-22_G04,10109837MORETTIJ,2025-05-22,111569,1,2,0,93.0
10109837MORETTIJ_2025-05-22_G05,10109837MORETTIJ,2025-05-22,117787,1,2,0,147.0
10109837MORETTIJ_2025-05-22_G06,10109837MORETTIJ,2025-05-22,110751,1,4,0,858.0
10109837MORETTIJ_2025-05-22_G07,10109837MORETTIJ,2025-05-22,111462,1,2,0,99.0
10109837MORETTIJ_2025-05-22_G08,10109837MORETTIJ,2025-05-22,118004,1,1,0,49.0
10109837MORETTIJ_2025-05-22_G09,10109837MORETTIJ,2025-05-22,117862,1,4,0,186.0
10109837MORETTIJ_2025-05-22_G10,10109837MORETTIJ,2025-05-22,100334,1,1,0,136.0
10109837MORETTIJ_2025-05-22_G11,10109837MORETTIJ,2025-05-22,111441,1,1,0,120.0
10109837MORETTIJ_2025-05-22_G12,10109837MORETTIJ,2025-05-22,110373,1,100,0,581.0
10109837MORETTIJ_2025-05-22_G13,10109837MORETTIJ,2025-05-22,111430,1,4,0,394.0
10109837MORETTIJ_2025-05-22_G14,10109837MORETTIJ,2025-05-22,111530,1,2,0,256.0
10109837MORETTIJ_2025-05-22_G15,10109837MORETTIJ,2025-05-22,111530,1,4,0,1676.0
10109837MORETTIJ_2025-05-22_G16,10109837MORETTIJ,2025-05-22,111532,1,4,0,269.0
10109837MORETTIJ_2025-05-22_G17,10109837MORETTIJ,2025-05-22,108711,1,2,0,262.0
10109837MORETTIJ_2025-05-22_G18,10109837MORETTIJ,2025-05-22,118140,1,2,0,163.0
10109837MORETTIJ_2025-05-22_G19,10109837MORETTIJ,2025-05-22,109643,1,4,0,175.0
10109837MORETTIJ_2025-05-22_G20,10109837MORETTIJ,2025-05-22,111602,1,4,0,233.0
10109837MORETTIJ_2025-05-22_G21,10109837MORETTIJ,2025-05-22,109643,1,4,0,174.0
10109837MORETTIJ_2025-05-22_G22,10109837MORETTIJ,2025-05-22,110374,1,4,0,510.0
10109837MORETTIJ_2025-05-22_G23,10109837MORETTIJ,2025-05-22,110373,1,3,0,136.0
10109837MORETTIJ_2025-05-22_G24,10109837MORETTIJ,2025-05-22,107830,1,2,0,62.0
10109837MORETTIJ_2025-05-22_G25,10109837MORETTIJ,2025-05-22,110372,1,8,0,154.0
10109837MORETTIJ_2025-05-22_G26,10109837MORETTIJ,2025-05-22,117832,1,3,0,56.0
10109837MORETTIJ_2025-05-22_G27,10109837MORETTIJ,2025-05-22,118299,1,17,0,233.0
10109837MORETTIJ_2025-05-22_G28,10109837MORETTIJ,2025-05-22,108770,1,3,0,206.0
10109837MORETTIJ_2025-05-22_G29,10109837MORETTIJ,2025-05-22,118004,1,1,0,652.0
10109837MORETTIJ_2025-05-22_G30,10109837MORETTIJ,2025-05-22,140911,1,5,0,1345.0
10109837MORETTIJ_2025-05-22_G31,10109837MORETTIJ,2025-05-22,140911,1,4,0,290.0
10109837MORETTIJ_2025-05-22_G33,10109837MORETTIJ,2025-05-22,110372,1,30,0,670.0
10109837MORETTIJ_2025-05-22_G34,10109837MORETTIJ,2025-05-22,117820,1,70,0,694.0
10109837MORETTIJ_2025-05-22_G35,10109837MORETTIJ,2025-05-22,118299,1,200,0,652.0
10109837MORETTIJ_2025-05-22_G36,10109837MORETTIJ,2025-05-22,110454,1,1,0,1116.0
10109837MORETTIJ_2025-05-22_G37,10109837MORETTIJ,2025-05-22,118418,1,3,0,65.0
10109837MORETTIJ_2025-05-22_G38,10109837MORETTIJ,2025-05-22,107892,1,2,0,148.0
10109837MORETTIJ_2025-05-22_G39,10109837MORETTIJ,2025-05-22,110755,1,12,0,193.0
10109837MORETTIJ_2025-05-22_G40,10109837MORETTIJ,2025-05-22,110755,1,4,0,77.0
10109837MORETTIJ_2025-05-22_G41,10109837MORETTIJ,2025-05-22,111569,1,2,0,80.0
10109837MORETTIJ_2025-05-22_G42,10109837MORETTIJ,2025-05-22,111569,1,4,0,237.0
10109837MORETTIJ_2025-05-22_G43,10109837MORETTIJ,2025-05-22,110895,1,12,0,252.0
10109837MORETTIJ_2025-05-22_G44,10109837MORETTIJ,2025-05-22,110747,1,25,0,1688.0
10109837MORETTIJ_2025-05-22_G45,10109837MORETTIJ,2025-05-22,110754,1,4,0,113.0
10109837MORETTIJ_2025-05-22_G46,10109837MORETTIJ,2025-05-22,110754,1,7,0,144.0
10109837MORETTIJ_2025-05-22_G47,10109837MORETTIJ,2025-05-22,118222,1,12,0,458.0
10109837MORETTIJ_2025-05-22_G48,10109837MORETTIJ,2025-05-22,118306,1,20,0,479.0
10109837MORETTIJ_2025-05-22_G49,10109837MORETTIJ,2025-05-22,107892,1,14,0,786.0
10109837MORETTIJ_2025-05-22_G50,10109837MORETTIJ,2025-05-22,107892,1,8,0,133.0
10109837MORETTIJ_2025-05-22_G51,10109837MORETTIJ,2025-05-22,111660,1,5,0,220.0
10109837MORETTIJ_2025-05-22_G52,10109837MORETTIJ,2025-05-22,111660,1,1,0,37.0
10109837MORETTIJ_2025-05-22_G53,10109837MORETTIJ,2025-05-22,117789,1,4,0,193.0
10109837MORETTIJ_2025-05-22_G54,10109837MORETTIJ,2025-05-22,110895,1,17,0,396.0
10109837MORETTIJ_2025-05-22_G55,10109837MORETTIJ,2025-05-22,110895,1,5,0,293.0
10109837MORETTIJ_2025-05-22_G56,10109837MORETTIJ,2025-05-22,111445,1,9,0,537.0
10109837MORETTIJ_2025-05-22_G57,10109837MORETTIJ,2025-05-22,110755,1,8,0,475.0
10109837MORETTIJ_2025-05-22_G58,10109837MORETTIJ,2025-05-22,110755,1,5,0,96.0
10109837MORETTIJ_2025-05-22_G59,10109837MORETTIJ,2025-05-22,117835,1,17,0,668.0
10109837MORETTIJ_2025-05-22_G60,10109837MORETTIJ,2025-05-22,110755,1,4,0,176.0
10109837MORETTIJ_2025-05-23_G02,10109837MORETTIJ,2025-05-23,117833,1,2,0,107.0
10109837MORETTIJ_2025-05-23_G03,10109837MORETTIJ,2025-05-23,118299,1,4,0,136.0
10109837MORETTIJ_2025-05-23_G04,10109837MORETTIJ,2025-05-23,117830,1,4,0,141.0
10109837MORETTIJ_2025-05-23_G05,10109837MORETTIJ,2025-05-23,111443,1,4,0,248.0
10109837MORETTIJ_2025-05-23_G06,10109837MORETTIJ,2025-05-23,111466,1,5,0,391.0
10109837MORETTIJ_2025-05-23_G07,10109837MORETTIJ,2025-05-23,109645,1,4,0,102.0
10109837MORETTIJ_2025-05-23_G08,10109837MORETTIJ,2025-05-23,118094,1,2,0,108.0
10109837MORETTIJ_2025-05-23_G09,10109837MORETTIJ,2025-05-23,108711,1,4,0,468.0
10109837MORETTIJ_2025-05-23_G10,10109837MORETTIJ,2025-05-23,118004,1,4,0,120.0
10109837MORETTIJ_2025-05-23_G11,10109837MORETTIJ,2025-05-23,118317,1,4,0,120.0
10109837MORETTIJ_2025-05-23_G12,10109837MORETTIJ,2025-05-23,118317,1,8,0,81.0
10109837MORETTIJ_2025-05-23_G13,10109837MORETTIJ,2025-05-23,109937,1,4,0,443.0
10109837MORETTIJ_2025-05-23_G14,10109837MORETTIJ,2025-05-23,118253,1,4,0,452.0
10109837MORETTIJ_2025-05-23_G15,10109837MORETTIJ,2025-05-23,117808,1,7,0,214.0
10109837MORETTIJ_2025-05-23_G16,10109837MORETTIJ,2025-05-23,160054,1,4,0,591.0
10109837MORETTIJ_2025-05-23_G17,10109837MORETTIJ,2025-05-23,117832,1,10,0,173.0
10109837MORETTIJ_2025-05-23_G18,10109837MORETTIJ,2025-05-23,160053,1,4,0,245.0
10109837MORETTIJ_2025-05-23_G19,10109837MORETTIJ,2025-05-23,108711,1,2,0,285.0
10109837MORETTIJ_2025-05-23_G20,10109837MORETTIJ,2025-05-23,160055,1,4,0,123.0
10109837MORETTIJ_2025-05-23_G21,10109837MORETTIJ,2025-05-23,111602,1,15,0,252.0
10109837MORETTIJ_2025-05-23_G22,10109837MORETTIJ,2025-05-23,118290,1,12,0,2001.0
10109837MORETTIJ_2025-05-23_G23,10109837MORETTIJ,2025-05-23,118222,1,5,0,392.0
10109837MORETTIJ_2025-05-23_G24,10109837MORETTIJ,2025-05-23,118290,1,3,0,186.0
10109837MORETTIJ_2025-05-23_G25,10109837MORETTIJ,2025-05-23,117808,1,2,0,91.0
10109837MORETTIJ_2025-05-23_G27,10109837MORETTIJ,2025-05-23,160057,1,1,0,128.0
10109837MORETTIJ_2025-05-23_G28,10109837MORETTIJ,2025-05-23,111438,1,4,0,96.0
10109837MORETTIJ_2025-05-23_G29,10109837MORETTIJ,2025-05-23,111569,1,2,0,194.0
10109837MORETTIJ_2025-05-23_G30,10109837MORETTIJ,2025-05-23,118298,1,8,0,175.0
10109837MORETTIJ_2025-05-23_G31,10109837MORETTIJ,2025-05-23,117855,1,4,0,123.0
10109837MORETTIJ_2025-05-23_G32,10109837MORETTIJ,2025-05-23,117853,1,8,0,160.0
10109837MORETTIJ_2025-05-23_G33,10109837MORETTIJ,2025-05-23,160054,1,2,0,145.0
10109837MORETTIJ_2025-05-23_G34,10109837MORETTIJ,2025-05-23,117820,1,1,0,99.0
10109837MORETTIJ_2025-05-23_G35,10109837MORETTIJ,2025-05-23,117820,1,2,0,58.0
10109837MORETTIJ_2025-05-23_G36,10109837MORETTIJ,2025-05-23,111462,1,4,0,154.0
10109837MORETTIJ_2025-05-23_G37,10109837MORETTIJ,2025-05-23,108711,1,3,0,94.0
10109837MORETTIJ_2025-05-23_G38,10109837MORETTIJ,2025-05-23,140922,1,4,0,90.0
10109837MORETTIJ_2025-05-23_G39,10109837MORETTIJ,2025-05-23,111463,1,2,0,582.0
10109837MORETTIJ_2025-05-23_G40,10109837MORETTIJ,2025-05-23,140922,1,2,0,115.0
10109837MORETTIJ_2025-05-23_G41,10109837MORETTIJ,2025-05-23,111466,1,2,0,92.0
10109837MORETTIJ_2025-05-23_G42,10109837MORETTIJ,2025-05-23,111444,1,5,0,196.0
10109837MORETTIJ_2025-05-23_G43,10109837MORETTIJ,2025-05-23,111444,1,30,0,707.0
10109837MORETTIJ_2025-05-23_G44,10109837MORETTIJ,2025-05-23,160055,1,12,0,856.0
10109837MORETTIJ_2025-05-23_G45,10109837MORETTIJ,2025-05-23,110740,1,4,0,161.0
10109837MORETTIJ_2025-05-23_G46,10109837MORETTIJ,2025-05-23,111430,1,4,0,554.0
10109837MORETTIJ_2025-05-23_G47,10109837MORETTIJ,2025-05-23,100334,1,4,0,184.0
10109837MORETTIJ_2025-05-23_G48,10109837MORETTIJ,2025-05-23,111440,1,24,0,660.0
10109837MORETTIJ_2025-05-23_G49,10109837MORETTIJ,2025-05-23,115775,1,5,0,217.0
10109837MORETTIJ_2025-05-23_G50,10109837MORETTIJ,2025-05-23,111438,1,4,0,154.0
10109837MORETTIJ_2025-05-23_G51,10109837MORETTIJ,2025-05-23,117809,1,1,0,1803.0
10109837MORETTIJ_2025-05-23_G52,10109837MORETTIJ,2025-05-23,118298,1,5,0,124.0
10109837MORETTIJ_2025-05-23_G53,10109837MORETTIJ,2025-05-23,110751,1,4,0,153.0
10109837MORETTIJ_2025-05-23_G54,10109837MORETTIJ,2025-05-23,118004,1,12,0,170.0
10109837MORETTIJ_2025-05-23_G55,10109837MORETTIJ,2025-05-23,110129,1,4,0,389.0
10109837MORETTIJ_2025-05-24_G02,10109837MORETTIJ,2025-05-24,118306,1,4,0,158.0
10109837MORETTIJ_2025-05-24_G03,10109837MORETTIJ,2025-05-24,111435,1,11,0,570.0
10109837MORETTIJ_2025-05-24_G04,10109837MORETTIJ,2025-05-24,105705,1,5,0,227.0
10109837MORETTIJ_2025-05-24_G05,10109837MORETTIJ,2025-05-24,118140,1,2,0,99.0
10109837MORETTIJ_2025-05-24_G06,10109837MORETTIJ,2025-05-24,111418,1,6,0,240.0
10109837MORETTIJ_2025-05-24_G07,10109837MORETTIJ,2025-05-24,118317,1,8,0,88.0
10109837MORETTIJ_2025-05-24_G08,10109837MORETTIJ,2025-05-24,111418,1,20,0,210.0
10109837MORETTIJ_2025-05-24_G09,10109837MORETTIJ,2025-05-24,111442,1,13,0,174.0
10109837MORETTIJ_2025-05-24_G10,10109837MORETTIJ,2025-05-24,160054,1,2,0,1586.0
10109837MORETTIJ_2025-05-24_G11,10109837MORETTIJ,2025-05-24,117822,1,4,0,113.0
10109837MORETTIJ_2025-05-24_G12,10109837MORETTIJ,2025-05-24,117832,1,9,0,142.0
10109837MORETTIJ_2025-05-24_G13,10109837MORETTIJ,2025-05-24,110373,1,40,0,331.0
10109837MORETTIJ_2025-05-24_G15,10109837MORETTIJ,2025-05-24,110371,1,40,0,262.0
10109837MORETTIJ_2025-05-24_G16,10109837MORETTIJ,2025-05-24,114091,1,20,0,398.0
10109837MORETTIJ_2025-05-24_G17,10109837MORETTIJ,2025-05-24,117830,1,32,0,447.0
10109837MORETTIJ_2025-05-24_G18,10109837MORETTIJ,2025-05-24,117809,1,100,0,761.0
10109837MORETTIJ_2025-05-24_G19,10109837MORETTIJ,2025-05-24,117808,1,400,0,1461.0
10109837MORETTIJ_2025-05-24_G20,10109837MORETTIJ,2025-05-24,110372,1,250,0,1619.0
10109837MORETTIJ_2025-05-24_G21,10109837MORETTIJ,2025-05-24,110375,1,20,0,413.0
10109837MORETTIJ_2025-05-24_G22,10109837MORETTIJ,2025-05-24,118299,1,350,0,679.0
10109837MORETTIJ_2025-05-26_G02,10109837MORETTIJ,2025-05-26,117831,1,16,0,254.0
10109837MORETTIJ_2025-05-26_G03,10109837MORETTIJ,2025-05-26,117821,1,12,0,163.0
10109837MORETTIJ_2025-05-26_G04,10109837MORETTIJ,2025-05-26,118140,1,20,0,228.0
10109837MORETTIJ_2025-05-26_G05,10109837MORETTIJ,2025-05-26,111330,1,8,0,574.0
10109837MORETTIJ_2025-05-26_G06,10109837MORETTIJ,2025-05-26,111465,1,12,0,139.0
10109837MORETTIJ_2025-05-26_G07,10109837MORETTIJ,2025-05-26,111466,1,30,0,932.0
10109837MORETTIJ_2025-05-26_G08,10109837MORETTIJ,2025-05-26,111467,1,8,0,131.0
10109837MORETTIJ_2025-05-26_G09,10109837MORETTIJ,2025-05-26,117853,1,9,0,204.0
10109837MORETTIJ_2025-05-26_G10,10109837MORETTIJ,2025-05-26,117862,1,20,0,1370.0
10109837MORETTIJ_2025-05-26_G11,10109837MORETTIJ,2025-05-26,110754,1,12,0,277.0
10109837MORETTIJ_2025-05-26_G12,10109837MORETTIJ,2025-05-26,110552,1,4,0,200.0
10109837MORETTIJ_2025-05-26_G13,10109837MORETTIJ,2025-05-26,118321,1,2,0,412.0
10109837MORETTIJ_2025-05-26_G14,10109837MORETTIJ,2025-05-26,108711,1,6,0,546.0
10109837MORETTIJ_2025-05-26_G15,10109837MORETTIJ,2025-05-26,118004,1,2,0,107.0
10109837MORETTIJ_2025-05-26_G16,10109837MORETTIJ,2025-05-26,118140,1,8,0,145.0
10109837MORETTIJ_2025-05-26_G17,10109837MORETTIJ,2025-05-26,111602,1,4,0,126.0
10109837MORETTIJ_2025-05-26_G18,10109837MORETTIJ,2025-05-26,110711,1,7,0,233.0
10109837MORETTIJ_2025-05-26_G19,10109837MORETTIJ,2025-05-26,108711,1,12,0,1219.0
10109837MORETTIJ_2025-05-26_G20,10109837MORETTIJ,2025-05-26,118004,1,8,0,190.0
10109837MORETTIJ_2025-05-26_G21,10109837MORETTIJ,2025-05-26,118140,1,12,0,171.0
10109837MORETTIJ_2025-05-26_G22,10109837MORETTIJ,2025-05-26,110787,1,10,0,202.0
10109837MORETTIJ_2025-05-26_G23,10109837MORETTIJ,2025-05-26,111602,1,8,0,189.0
10109837MORETTIJ_2025-05-26_G24,10109837MORETTIJ,2025-05-26,110895,1,4,0,559.0
10109837MORETTIJ_2025-05-26_G25,10109837MORETTIJ,2025-05-26,111436,2,5,5,977.0
10109837MORETTIJ_2025-05-26_G26,10109837MORETTIJ,2025-05-26,110373,1,2,0,433.0
10109837MORETTIJ_2025-05-26_G27,10109837MORETTIJ,2025-05-26,110373,1,4,0,57.0
10109837MORETTIJ_2025-05-26_G28,10109837MORETTIJ,2025-05-26,117786,1,4,0,100.0
10109837MORETTIJ_2025-05-26_G29,10109837MORETTIJ,2025-05-26,109640,1,6,0,285.0
10109837MORETTIJ_2025-05-26_G31,10109837MORETTIJ,2025-05-26,100334,1,2,0,83.0
10109837MORETTIJ_2025-05-26_G32,10109837MORETTIJ,2025-05-26,100334,1,2,0,47.0
10109837MORETTIJ_2025-05-26_G33,10109837MORETTIJ,2025-05-26,103149,1,2,0,120.0
10109837MORETTIJ_2025-05-26_G34,10109837MORETTIJ,2025-05-26,109471,1,4,0,122.0
10109837MORETTIJ_2025-05-26_G35,10109837MORETTIJ,2025-05-26,109937,1,4,0,120.0
10109837MORETTIJ_2025-05-26_G36,10109837MORETTIJ,2025-05-26,107629,1,2,0,123.0
10109837MORETTIJ_2025-05-26_G37,10109837MORETTIJ,2025-05-26,110339,1,10,0,163.0
10109837MORETTIJ_2025-05-26_G38,10109837MORETTIJ,2025-05-26,110339,1,6,0,93.0
10109837MORETTIJ_2025-05-26_G39,10109837MORETTIJ,2025-05-26,110372,1,37,0,664.0
10109837MORETTIJ_2025-05-26_G41,10109837MORETTIJ,2025-05-26,110373,1,4,0,538.0
10109837MORETTIJ_2025-05-26_G42,10109837MORETTIJ,2025-05-26,117820,1,10,0,170.0
10109837MORETTIJ_2025-05-26_G43,10109837MORETTIJ,2025-05-26,110376,1,2,0,73.0
10109837MORETTIJ_2025-05-26_G44,10109837MORETTIJ,2025-05-26,110372,1,4,0,102.0
10109837MORETTIJ_2025-05-26_G45,10109837MORETTIJ,2025-05-26,117832,1,16,0,212.0
10109837MORETTIJ_2025-05-26_G46,10109837MORETTIJ,2025-05-26,117808,1,150,0,936.0
10109837MORETTIJ_2025-05-26_G47,10109837MORETTIJ,2025-05-26,117820,1,50,0,369.0
10109837MORETTIJ_2025-05-27_G02,10109837MORETTIJ,2025-05-27,111602,1,6,0,156.0
10109837MORETTIJ_2025-05-27_G03,10109837MORETTIJ,2025-05-27,110787,1,12,0,182.0
10109837MORETTIJ_2025-05-27_G04,10109837MORETTIJ,2025-05-27,117935,1,4,0,602.0
10109837MORETTIJ_2025-05-27_G05,10109837MORETTIJ,2025-05-27,111431,1,8,0,221.0
10109837MORETTIJ_2025-05-27_G06,10109837MORETTIJ,2025-05-27,111660,1,4,0,216.0
10109837MORETTIJ_2025-05-27_G07,10109837MORETTIJ,2025-05-27,111469,1,6,0,199.0
10109837MORETTIJ_2025-05-27_G08,10109837MORETTIJ,2025-05-27,117935,2,3,25,361.0
10109837MORETTIJ_2025-05-27_G09,10109837MORETTIJ,2025-05-27,111655,1,4,0,213.0
10109837MORETTIJ_2025-05-27_G10,10109837MORETTIJ,2025-05-27,111660,1,4,0,189.0
10109837MORETTIJ_2025-05-27_G11,10109837MORETTIJ,2025-05-27,117935,1,4,0,139.0
10109837MORETTIJ_2025-05-27_G12,10109837MORETTIJ,2025-05-27,111431,1,1,0,174.0
10109837MORETTIJ_2025-05-27_G13,10109837MORETTIJ,2025-05-27,107892,1,200,0,2508.0
10109837MORETTIJ_2025-05-27_G14,10109837MORETTIJ,2025-05-27,111469,1,2,0,1020.0
10109837MORETTIJ_2025-05-27_G15,10109837MORETTIJ,2025-05-27,111469,1,34,0,249.0
10109837MORETTIJ_2025-05-27_G16,10109837MORETTIJ,2025-05-27,111431,1,4,0,174.0
10109837MORETTIJ_2025-05-27_G17,10109837MORETTIJ,2025-05-27,111431,1,2,0,45.0
10109837MORETTIJ_2025-05-27_G18,10109837MORETTIJ,2025-05-27,111431,1,4,0,97.0
10109837MORETTIJ_2025-05-27_G19,10109837MORETTIJ,2025-05-27,111431,1,4,0,80.0
10109837MORETTIJ_2025-05-27_G20,10109837MORETTIJ,2025-05-27,111431,1,4,0,117.0
10109837MORETTIJ_2025-05-27_G21,10109837MORETTIJ,2025-05-27,111431,1,4,0,92.0
10109837MORETTIJ_2025-05-27_G22,10109837MORETTIJ,2025-05-27,111431,1,2,0,37.0
10109837MORETTIJ_2025-05-27_G23,10109837MORETTIJ,2025-05-27,117821,1,12,0,222.0
10109837MORETTIJ_2025-05-27_G24,10109837MORETTIJ,2025-05-27,117820,1,4,0,267.0
10109837MORETTIJ_2025-05-27_G25,10109837MORETTIJ,2025-05-27,117820,1,12,0,103.0
10109837MORETTIJ_2025-05-27_G26,10109837MORETTIJ,2025-05-27,117820,1,5,0,43.0
10109837MORETTIJ_2025-05-27_G27,10109837MORETTIJ,2025-05-27,117820,2,22,28,121.0
10109837MORETTIJ_2025-05-27_G28,10109837MORETTIJ,2025-05-27,117820,1,4,0,33.0
10109837MORETTIJ_2025-05-27_G29,10109837MORETTIJ,2025-05-27,110371,1,40,0,1612.0
10109837MORETTIJ_2025-05-27_G30,10109837MORETTIJ,2025-05-27,110373,1,10,0,197.0
10109837MORETTIJ_2025-05-27_G31,10109837MORETTIJ,2025-05-27,117820,1,40,0,415.0
10109837MORETTIJ_2025-05-27_G32,10109837MORETTIJ,2025-05-27,110376,1,2,0,84.0
10109837MORETTIJ_2025-05-27_G34,10109837MORETTIJ,2025-05-27,110372,1,200,0,805.0
10109837MORETTIJ_2025-05-27_G35,10109837MORETTIJ,2025-05-27,111469,1,7,0,858.0
10109837MORETTIJ_2025-05-27_G36,10109837MORETTIJ,2025-05-27,117808,1,750,0,2987.0
10109837MORETTIJ_2025-05-27_G37,10109837MORETTIJ,2025-05-27,118299,1,600,0,2461.0
10109837MORETTIJ_2025-05-27_G38,10109837MORETTIJ,2025-05-27,117808,1,570,0,1488.0
10109837MORETTIJ_2025-05-28_G02,10109837MORETTIJ,2025-05-28,116241,1,10,0,395.0
10109837MORETTIJ_2025-05-28_G03,10109837MORETTIJ,2025-05-28,110787,1,50,0,1516.0
10109837MORETTIJ_2025-05-28_G04,10109837MORETTIJ,2025-05-28,116241,1,14,0,528.0
10109837MORETTIJ_2025-05-28_G05,10109837MORETTIJ,2025-05-28,109640,1,6,0,638.0
10109837MORETTIJ_2025-05-28_G06,10109837MORETTIJ,2025-05-28,116241,1,12,0,166.0
10109837MORETTIJ_2025-05-28_G07,10109837MORETTIJ,2025-05-28,110742,1,4,0,341.0
10109837MORETTIJ_2025-05-28_G08,10109837MORETTIJ,2025-05-28,117808,1,117,0,1254.0
10109837MORETTIJ_2025-05-28_G09,10109837MORETTIJ,2025-05-28,110373,1,24,0,240.0
10109837MORETTIJ_2025-05-28_G10,10109837MORETTIJ,2025-05-28,117832,1,40,0,353.0
10109837MORETTIJ_2025-05-28_G11,10109837MORETTIJ,2025-05-28,117830,1,15,0,237.0
10109837MORETTIJ_2025-05-28_G12,10109837MORETTIJ,2025-05-28,118299,1,300,0,951.0
10109837MORETTIJ_2025-05-28_G13,10109837MORETTIJ,2025-05-28,141202,1,12,0,266.0
10109837MORETTIJ_2025-05-28_G14,10109837MORETTIJ,2025-05-28,117820,1,284,0,1368.0
10109837MORETTIJ_2025-05-28_G15,10109837MORETTIJ,2025-05-28,118298,1,20,0,842.0
10109837MORETTIJ_2025-05-28_G16,10109837MORETTIJ,2025-05-28,111602,1,31,0,894.0
10109837MORETTIJ_2025-05-28_G17,10109837MORETTIJ,2025-05-28,105359,1,4,0,121.0
10109837MORETTIJ_2025-05-28_G18,10109837MORETTIJ,2025-05-28,117830,1,100,0,444.0
10109837MORETTIJ_2025-05-28_G19,10109837MORETTIJ,2025-05-28,117862,1,120,0,495.0
10109837MORETTIJ_2025-05-28_G21,10109837MORETTIJ,2025-05-28,117856,1,80,0,957.0
10109837MORETTIJ_2025-05-28_G22,10109837MORETTIJ,2025-05-28,111530,1,170,0,601.0
10109837MORETTIJ_2025-05-28_G24,10109837MORETTIJ,2025-05-28,117808,1,700,0,2556.0
10109837MORETTIJ_2025-05-28_G25,10109837MORETTIJ,2025-05-28,117935,1,2,0,1447.0
10109837MORETTIJ_2025-05-28_G26,10109837MORETTIJ,2025-05-28,110787,1,7,0,170.0
10109837MORETTIJ_2025-05-28_G27,10109837MORETTIJ,2025-05-28,110787,1,1,0,347.0
10109837MORETTIJ_2025-05-28_G28,10109837MORETTIJ,2025-05-28,111532,1,2,0,639.0
10109837MORETTIJ_2025-05-29_G02,10109837MORETTIJ,2025-05-29,117855,1,4,0,140.0
10109837MORETTIJ_2025-05-29_G03,10109837MORETTIJ,2025-05-29,116241,1,8,0,580.0
10109837MORETTIJ_2025-05-29_G04,10109837MORETTIJ,2025-05-29,111431,1,4,0,1234.0
10109837MORETTIJ_2025-05-29_G05,10109837MORETTIJ,2025-05-29,111348,1,4,0,900.0
10109837MORETTIJ_2025-05-29_G06,10109837MORETTIJ,2025-05-29,110787,1,27,0,326.0
10109837MORETTIJ_2025-05-29_G07,10109837MORETTIJ,2025-05-29,109640,1,2,0,148.0
10109837MORETTIJ_2025-05-29_G08,10109837MORETTIJ,2025-05-29,117935,1,4,0,361.0
10109837MORETTIJ_2025-05-29_G09,10109837MORETTIJ,2025-05-29,117855,1,8,0,108.0
10109837MORETTIJ_2025-05-29_G10,10109837MORETTIJ,2025-05-29,111655,1,4,0,165.0
10109837MORETTIJ_2025-05-29_G11,10109837MORETTIJ,2025-05-29,111172,1,4,0,584.0
10109837MORETTIJ_2025-05-29_G12,10109837MORETTIJ,2025-05-29,118317,1,8,0,130.0
10109837MORETTIJ_2025-05-29_G13,10109837MORETTIJ,2025-05-29,110787,1,8,0,152.0
10109837MORETTIJ_2025-05-29_G14,10109837MORETTIJ,2025-05-29,108794,1,4,0,866.0
10109837MORETTIJ_2025-05-29_G15,10109837MORETTIJ,2025-05-29,110372,1,8,0,332.0
10109837MORETTIJ_2025-05-29_G16,10109837MORETTIJ,2025-05-29,111418,1,40,0,1321.0
10109837MORETTIJ_2025-05-29_G17,10109837MORETTIJ,2025-05-29,110787,1,4,0,612.0
10109837MORETTIJ_2025-05-29_G18,10109837MORETTIJ,2025-05-29,108794,1,12,0,175.0
10109837MORETTIJ_2025-05-29_G19,10109837MORETTIJ,2025-05-29,117785,1,24,0,669.0
10109837MORETTIJ_2025-05-29_G20,10109837MORETTIJ,2025-05-29,118283,1,35,0,1043.0
10109837MORETTIJ_2025-05-29_G21,10109837MORETTIJ,2025-05-29,114102,1,4,0,242.0
10109837MORETTIJ_2025-05-29_G22,10109837MORETTIJ,2025-05-29,114097,1,87,0,2490.0
10109837MORETTIJ_2025-05-29_G24,10109837MORETTIJ,2025-05-29,118298,1,4,0,121.0
10109837MORETTIJ_2025-05-29_G25,10109837MORETTIJ,2025-05-29,117935,1,4,0,111.0
10109837MORETTIJ_2025-05-29_G26,10109837MORETTIJ,2025-05-29,117935,1,1,0,35.0
10109837MORETTIJ_2025-05-29_G27,10109837MORETTIJ,2025-05-29,110515,1,4,0,390.0
10109837MORETTIJ_2025-05-29_G28,10109837MORETTIJ,2025-05-29,109643,1,3,0,192.0
10109837MORETTIJ_2025-05-29_G29,10109837MORETTIJ,2025-05-29,110373,1,4,0,202.0
10109837MORETTIJ_2025-05-29_G30,10109837MORETTIJ,2025-05-29,118299,1,9,0,480.0
10109837MORETTIJ_2025-05-29_G31,10109837MORETTIJ,2025-05-29,117832,1,6,0,133.0
10109837MORETTIJ_2025-05-29_G32,10109837MORETTIJ,2025-05-29,117808,1,20,0,508.0
10109837MORETTIJ_2025-05-29_G33,10109837MORETTIJ,2025-05-29,117830,1,6,0,83.0
10109837MORETTIJ_2025-05-29_G34,10109837MORETTIJ,2025-05-29,117820,1,9,0,1237.0
10109837MORETTIJ_2025-05-29_G35,10109837MORETTIJ,2025-05-29,110372,1,3,0,60.0
10109837MORETTIJ_2025-05-29_G36,10109837MORETTIJ,2025-05-29,108794,1,4,0,59.0
10109837MORETTIJ_2025-05-29_G37,10109837MORETTIJ,2025-05-29,117862,1,2,0,183.0
10109837MORETTIJ_2025-05-29_G38,10109837MORETTIJ,2025-05-29,110741,1,40,0,1091.0
10109837MORETTIJ_2025-05-29_G39,10109837MORETTIJ,2025-05-29,117935,1,4,0,189.0
10109837MORETTIJ_2025-05-29_G40,10109837MORETTIJ,2025-05-29,110339,1,120,0,1250.0
10109837MORETTIJ_2025-05-29_G41,10109837MORETTIJ,2025-05-29,109640,1,48,0,1277.0
10109837MORETTIJ_2025-05-30_G02,10109837MORETTIJ,2025-05-30,111418,1,12,0,813.0
10109837MORETTIJ_2025-05-30_G03,10109837MORETTIJ,2025-05-30,111418,1,7,0,40.0
10109837MORETTIJ_2025-05-30_G04,10109837MORETTIJ,2025-05-30,118140,1,2,0,183.0
10109837MORETTIJ_2025-05-30_G05,10109837MORETTIJ,2025-05-30,117786,1,9,0,260.0
10109837MORETTIJ_2025-05-30_G06,10109837MORETTIJ,2025-05-30,117785,1,35,0,550.0
10109837MORETTIJ_2025-05-30_G07,10109837MORETTIJ,2025-05-30,117785,1,67,0,702.0
10109837MORETTIJ_2025-05-30_G08,10109837MORETTIJ,2025-05-30,117785,1,64,0,288.0
10109837MORETTIJ_2025-05-30_G09,10109837MORETTIJ,2025-05-30,110371,1,14,0,971.0
10109837MORETTIJ_2025-05-30_G10,10109837MORETTIJ,2025-05-30,110371,1,20,0,173.0
10109837MORETTIJ_2025-05-30_G11,10109837MORETTIJ,2025-05-30,117830,1,32,0,214.0
10109837MORETTIJ_2025-05-30_G12,10109837MORETTIJ,2025-05-30,111469,1,10,0,759.0
10109837MORETTIJ_2025-05-30_G13,10109837MORETTIJ,2025-05-30,108794,1,2,0,360.0
10109837MORETTIJ_2025-05-30_G14,10109837MORETTIJ,2025-05-30,109640,1,4,0,303.0
10109837MORETTIJ_2025-05-30_G15,10109837MORETTIJ,2025-05-30,110742,1,9,0,514.0
10109837MORETTIJ_2025-05-30_G16,10109837MORETTIJ,2025-05-30,117835,1,5,0,165.0
10109837MORETTIJ_2025-05-30_G17,10109837MORETTIJ,2025-05-30,141047,1,8,0,433.0
10109837MORETTIJ_2025-05-30_G18,10109837MORETTIJ,2025-05-30,108794,1,1,0,378.0
10109837MORETTIJ_2025-05-30_G19,10109837MORETTIJ,2025-05-30,109641,1,2,0,106.0
10109837MORETTIJ_2025-05-30_G20,10109837MORETTIJ,2025-05-30,110745,1,6,0,459.0
10109837MORETTIJ_2025-05-30_G21,10109837MORETTIJ,2025-05-30,117831,1,5,0,182.0
10109837MORETTIJ_2025-05-30_G22,10109837MORETTIJ,2025-05-30,109645,1,2,0,51.0
10109837MORETTIJ_2025-05-30_G23,10109837MORETTIJ,2025-05-30,117785,1,4,0,260.0
10109837MORETTIJ_2025-05-30_G24,10109837MORETTIJ,2025-05-30,117821,1,3,0,76.0
10109837MORETTIJ_2025-05-30_G25,10109837MORETTIJ,2025-05-30,107236,1,1,0,54.0
10109837MORETTIJ_2025-05-30_G26,10109837MORETTIJ,2025-05-30,117935,1,1,0,90.0
10109837MORETTIJ_2025-05-30_G27,10109837MORETTIJ,2025-05-30,117786,1,4,0,69.0
10109837MORETTIJ_2025-05-30_G28,10109837MORETTIJ,2025-05-30,110742,1,2,0,124.0
10109837MORETTIJ_2025-05-30_G29,10109837MORETTIJ,2025-05-30,111438,1,1,0,119.0
10109837MORETTIJ_2025-05-30_G30,10109837MORETTIJ,2025-05-30,117835,1,2,0,97.0
10109837MORETTIJ_2025-05-30_G31,10109837MORETTIJ,2025-05-30,110374,1,4,0,114.0
10109837MORETTIJ_2025-05-30_G32,10109837MORETTIJ,2025-05-30,109643,1,2,0,66.0
10109837MORETTIJ_2025-05-30_G33,10109837MORETTIJ,2025-05-30,118299,1,10,0,159.0
10109837MORETTIJ_2025-05-30_G34,10109837MORETTIJ,2025-05-30,117820,1,3,0,71.0
10109837MORETTIJ_2025-05-30_G35,10109837MORETTIJ,2025-05-30,117830,1,4,0,106.0
10109837MORETTIJ_2025-05-30_G36,10109837MORETTIJ,2025-05-30,118140,1,11,0,351.0
10109837MORETTIJ_2025-05-30_G37,10109837MORETTIJ,2025-05-30,109643,1,100,0,1817.0
10109837MORETTIJ_2025-05-30_G39,10109837MORETTIJ,2025-05-30,111469,1,16,0,199.0
10109837MORETTIJ_2025-05-30_G40,10109837MORETTIJ,2025-05-30,118140,1,4,0,89.0
10109837MORETTIJ_2025-05-30_G41,10109837MORETTIJ,2025-05-30,118253,1,3,0,311.0
10109837MORETTIJ_2025-05-30_G42,10109837MORETTIJ,2025-05-30,111469,1,4,0,129.0
10109837MORETTIJ_2025-05-30_G43,10109837MORETTIJ,2025-05-30,110747,1,4,0,189.0
10109837MORETTIJ_2025-05-30_G44,10109837MORETTIJ,2025-05-30,117808,1,20,0,763.0
10109837MORETTIJ_2025-05-30_G45,10109837MORETTIJ,2025-05-30,118299,1,12,0,139.0
10109837MORETTIJ_2025-05-30_G46,10109837MORETTIJ,2025-05-30,117809,1,2,0,110.0
10109837MORETTIJ_2025-05-30_G47,10109837MORETTIJ,2025-05-30,117830,1,5,0,134.0
10109837MORETTIJ_2025-05-30_G48,10109837MORETTIJ,2025-05-30,118140,1,3,0,111.0
10109837MORETTIJ_2025-05-30_G49,10109837MORETTIJ,2025-05-30,108794,1,20,0,497.0
10109837MORETTIJ_2025-05-30_G50,10109837MORETTIJ,2025-05-30,110742,1,8,0,328.0
10109837MORETTIJ_2025-05-30_G51,10109837MORETTIJ,2025-05-30,111569,1,40,0,1183.0
10109837MORETTIJ_2025-05-30_G52,10109837MORETTIJ,2025-05-30,110895,1,60,0,884.0
10109837MORETTIJ_2025-05-30_G53,10109837MORETTIJ,2025-05-30,110749,1,2,0,525.0
10109837MORETTIJ_2025-05-30_G54,10109837MORETTIJ,2025-05-30,117836,1,22,0,557.0
10109837MORETTIJ_2025-05-30_G55,10109837MORETTIJ,2025-05-30,117808,1,500,0,1546.0
10109837MORETTIJ_2025-05-30_G56,10109837MORETTIJ,2025-05-30,111465,1,60,0,1391.0
10109837MORETTIJ_2025-05-31_G02,10109837MORETTIJ,2025-05-31,117808,1,25,0,137.0
10109837MORETTIJ_2025-05-31_G03,10109837MORETTIJ,2025-05-31,110375,1,5,0,65.0
10109837MORETTIJ_2025-05-31_G04,10109837MORETTIJ,2025-05-31,110373,1,25,0,218.0
10109837MORETTIJ_2025-05-31_G05,10109837MORETTIJ,2025-05-31,110372,1,25,0,198.0
10109837MORETTIJ_2025-05-31_G06,10109837MORETTIJ,2025-05-31,118299,1,15,0,191.0
10109837MORETTIJ_2025-05-31_G07,10109837MORETTIJ,2025-05-31,117832,1,5,0,257.0
10109837MORETTIJ_2025-05-31_G08,10109837MORETTIJ,2025-05-31,108794,1,6,0,92.0
10109837MORETTIJ_2025-05-31_G09,10109837MORETTIJ,2025-05-31,111466,1,8,0,301.0
10109837MORETTIJ_2025-05-31_G10,10109837MORETTIJ,2025-05-31,117833,1,4,0,66.0
10109837MORETTIJ_2025-05-31_G11,10109837MORETTIJ,2025-05-31,118140,1,10,0,136.0
10109837MORETTIJ_2025-05-31_G12,10109837MORETTIJ,2025-05-31,111418,1,15,0,166.0
10109837MORETTIJ_2025-05-31_G13,10109837MORETTIJ,2025-05-31,111348,1,1,0,252.0
10109837MORETTIJ_2025-05-31_G14,10109837MORETTIJ,2025-05-31,111433,1,4,0,74.0
10109837MORETTIJ_2025-05-31_G15,10109837MORETTIJ,2025-05-31,117785,1,15,0,137.0
10109837MORETTIJ_2025-05-31_G16,10109837MORETTIJ,2025-05-31,111442,1,2,0,57.0
10109837MORETTIJ_2025-05-31_G17,10109837MORETTIJ,2025-05-31,117821,1,8,0,129.0
10109837MORETTIJ_2025-05-31_G18,10109837MORETTIJ,2025-05-31,110787,1,4,0,86.0
10109837MORETTIJ_2025-05-31_G19,10109837MORETTIJ,2025-05-31,107236,1,6,0,121.0
10109837MORETTIJ_2025-05-31_G20,10109837MORETTIJ,2025-05-31,111465,1,6,0,91.0
10109837MORETTIJ_2025-05-31_G21,10109837MORETTIJ,2025-05-31,110756,1,3,0,690.0
10109837MORETTIJ_2025-05-31_G22,10109837MORETTIJ,2025-05-31,108772,1,2,0,109.0
10109837MORETTIJ_2025-05-31_G23,10109837MORETTIJ,2025-05-31,110741,1,8,0,143.0
10109837MORETTIJ_2025-05-31_G24,10109837MORETTIJ,2025-05-31,110339,1,6,0,163.0
10109837MORETTIJ_2025-05-31_G25,10109837MORETTIJ,2025-05-31,117935,1,10,0,202.0
10109837MORETTIJ_2025-05-31_G26,10109837MORETTIJ,2025-05-31,117935,1,2,0,46.0
10109837MORETTIJ_2025-05-31_G27,10109837MORETTIJ,2025-05-31,117855,1,12,0,406.0
10109837MORETTIJ_2025-05-31_G28,10109837MORETTIJ,2025-05-31,111467,1,5,0,88.0
10109837MORETTIJ_2025-05-31_G29,10109837MORETTIJ,2025-05-31,111602,1,8,0,114.0
10109837MORETTIJ_2025-05-31_G30,10109837MORETTIJ,2025-05-31,111602,1,8,0,67.0
10109837MORETTIJ_2025-05-31_G31,10109837MORETTIJ,2025-05-31,111530,1,4,0,125.0
10109837MORETTIJ_2025-05-31_G32,10109837MORETTIJ,2025-05-31,117856,1,6,0,73.0
10109837MORETTIJ_2025-05-31_G33,10109837MORETTIJ,2025-05-31,141047,1,4,0,2796.0
10109837MORETTIJ_2025-05-31_G34,10109837MORETTIJ,2025-05-31,111602,1,14,0,933.0
10109837MORETTIJ_2025-05-31_G35,10109837MORETTIJ,2025-05-31,118140,1,4,0,113.0
10109837MORETTIJ_2025-05-31_G36,10109837MORETTIJ,2025-05-31,140911,1,10,0,933.0
10109837MORETTIJ_2025-05-31_G37,10109837MORETTIJ,2025-05-31,120002,1,4,0,423.0
10109837MORETTIJ_2025-05-31_G38,10109837MORETTIJ,2025-05-31,109643,1,2,0,374.0
10109837MORETTIJ_2025-05-31_G39,10109837MORETTIJ,2025-05-31,110373,1,6,0,133.0
10109837MORETTIJ_2025-05-31_G40,10109837MORETTIJ,2025-05-31,117809,1,2,0,135.0
10109837MORETTIJ_2025-05-31_G41,10109837MORETTIJ,2025-05-31,110373,1,4,0,90.0
10109837MORETTIJ_2025-05-31_G42,10109837MORETTIJ,2025-05-31,110373,1,3,0,48.0
10109837MORETTIJ_2025-05-31_G43,10109837MORETTIJ,2025-05-31,117830,1,4,0,151.0
10109837MORETTIJ_2025-05-31_G44,10109837MORETTIJ,2025-05-31,117821,1,2,0,330.0
10109837MORETTIJ_2025-05-31_G45,10109837MORETTIJ,2025-05-31,111602,1,5,0,150.0
10109837MORETTIJ_2025-05-31_G46,10109837MORETTIJ,2025-05-31,111530,1,4,0,226.0
10109837MORETTIJ_2025-05-31_G47,10109837MORETTIJ,2025-05-31,111602,1,4,0,192.0
10109837MORETTIJ_2025-05-31_G48,10109837MORETTIJ,2025-05-31,108711,1,4,0,135.0
10109837MORETTIJ_2025-05-31_G49,10109837MORETTIJ,2025-05-31,111348,1,12,0,618.0
10109837MORETTIJ_2025-05-31_G51,10109837MORETTIJ,2025-05-31,111602,1,12,0,569.0
10109837MORETTIJ_2025-05-31_G52,10109837MORETTIJ,2025-05-31,117833,1,24,0,2025.0
10109837MORETTIJ_2025-05-31_G53,10109837MORETTIJ,2025-05-31,110751,1,8,0,298.0
10109837MORETTIJ_2025-05-31_G54,10109837MORETTIJ,2025-05-31,117831,1,32,0,377.0
10109837MORETTIJ_2025-05-31_G55,10109837MORETTIJ,2025-05-31,109647,1,4,0,258.0
10109837MORETTIJ_2025-05-31_G56,10109837MORETTIJ,2025-05-31,111440,1,120,0,876.0
10109837MORETTIJ_2025-05-31_G57,10109837MORETTIJ,2025-05-31,111660,1,24,0,1177.0
10109837MORETTIJ_2025-05-31_G58,10109837MORETTIJ,2025-05-31,111660,2,48,16,1148.0
10109837MORETTIJ_2025-06-02_G02,10109837MORETTIJ,2025-06-02,141066,1,250,0,3500.0
10109837MORETTIJ_2025-06-02_G03,10109837MORETTIJ,2025-06-02,141066,1,200,0,1943.0
10109837MORETTIJ_2025-06-02_G05,10109837MORETTIJ,2025-06-02,111569,1,123,0,1011.0
10109837MORETTIJ_2025-06-02_G06,10109837MORETTIJ,2025-06-02,110749,1,106,0,1680.0
10109837MORETTIJ_2025-06-05_G02,10109837MORETTIJ,2025-06-05,108772,1,60,0,617.0
10109837MORETTIJ_2025-06-05_G03,10109837MORETTIJ,2025-06-05,111876,1,4,0,160.0
10109837MORETTIJ_2025-06-05_G04,10109837MORETTIJ,2025-06-05,110752,1,5,0,210.0
10109837MORETTIJ_2025-06-05_G05,10109837MORETTIJ,2025-06-05,110313,1,59,0,928.0
10109837MORETTIJ_2025-06-05_G06,10109837MORETTIJ,2025-06-05,160054,1,10,0,379.0
10109837MORETTIJ_2025-06-05_G07,10109837MORETTIJ,2025-06-05,117832,1,30,0,585.0
10109837MORETTIJ_2025-06-05_G08,10109837MORETTIJ,2025-06-05,110375,1,20,0,871.0
10109837MORETTIJ_2025-06-05_G09,10109837MORETTIJ,2025-06-05,110371,1,80,0,1006.0
10109837MORETTIJ_2025-06-05_G10,10109837MORETTIJ,2025-06-05,160051,1,2,0,183.0
10109837MORETTIJ_2025-06-05_G11,10109837MORETTIJ,2025-06-05,111441,1,30,0,265.0
10109837MORETTIJ_2025-06-05_G12,10109837MORETTIJ,2025-06-05,110755,1,20,0,906.0
10109837MORETTIJ_2025-06-05_G13,10109837MORETTIJ,2025-06-05,111438,1,20,0,565.0
10109837MORETTIJ_2025-06-05_G14,10109837MORETTIJ,2025-06-05,111440,1,4,0,862.0
10109837MORETTIJ_2025-06-05_G15,10109837MORETTIJ,2025-06-05,110895,1,20,0,853.0
10109837MORETTIJ_2025-06-05_G16,10109837MORETTIJ,2025-06-05,116241,1,10,0,924.0
10109837MORETTIJ_2025-06-06_G02,10109837MORETTIJ,2025-06-06,108794,2,2,11,577.0
10109837MORETTIJ_2025-06-06_G03,10109837MORETTIJ,2025-06-06,111469,1,4,0,272.0
10109837MORETTIJ_2025-06-06_G04,10109837MORETTIJ,2025-06-06,111435,1,16,0,854.0
10109837MORETTIJ_2025-06-06_G05,10109837MORETTIJ,2025-06-06,109640,1,40,0,567.0
10109837MORETTIJ_2025-06-06_G06,10109837MORETTIJ,2025-06-06,110313,1,43,0,323.0
10109837MORETTIJ_2025-06-06_G07,10109837MORETTIJ,2025-06-06,118229,1,4,0,1203.0
10109837MORETTIJ_2025-06-06_G08,10109837MORETTIJ,2025-06-06,109640,1,12,0,300.0
10109837MORETTIJ_2025-06-06_G09,10109837MORETTIJ,2025-06-06,117836,1,3,0,179.0
10109837MORETTIJ_2025-06-06_G10,10109837MORETTIJ,2025-06-06,110733,1,20,0,203.0
10109837MORETTIJ_2025-06-07_G02,10109837MORETTIJ,2025-06-07,111437,1,2,0,126.0
10109837MORETTIJ_2025-06-07_G03,10109837MORETTIJ,2025-06-07,110755,1,4,0,139.0
10109837MORETTIJ_2025-06-07_G04,10109837MORETTIJ,2025-06-07,111569,1,4,0,165.0
10109837MORETTIJ_2025-06-07_G05,10109837MORETTIJ,2025-06-07,109647,1,4,0,218.0
10109837MORETTIJ_2025-06-07_G06,10109837MORETTIJ,2025-06-07,118094,1,12,0,205.0
10109837MORETTIJ_2025-06-07_G07,10109837MORETTIJ,2025-06-07,111439,1,4,0,190.0
10109837MORETTIJ_2025-06-07_G08,10109837MORETTIJ,2025-06-07,111530,1,4,0,156.0
10109837MORETTIJ_2025-06-07_G09,10109837MORETTIJ,2025-06-07,110515,1,10,0,232.0
10109837MORETTIJ_2025-06-07_G10,10109837MORETTIJ,2025-06-07,117855,1,10,0,863.0
10109837MORETTIJ_2025-06-07_G11,10109837MORETTIJ,2025-06-07,110743,1,2,0,160.0
10109837MORETTIJ_2025-06-07_G12,10109837MORETTIJ,2025-06-07,111463,1,8,0,137.0
10109837MORETTIJ_2025-06-07_G13,10109837MORETTIJ,2025-06-07,110745,1,4,0,178.0
10109837MORETTIJ_2025-06-07_G14,10109837MORETTIJ,2025-06-07,111466,1,4,0,53.0
10109837MORETTIJ_2025-06-07_G15,10109837MORETTIJ,2025-06-07,111418,1,10,0,281.0
10109837MORETTIJ_2025-06-07_G16,10109837MORETTIJ,2025-06-07,111348,1,2,0,157.0
10109837MORETTIJ_2025-06-07_G17,10109837MORETTIJ,2025-06-07,117787,1,1,0,90.0
10109837MORETTIJ_2025-06-07_G18,10109837MORETTIJ,2025-06-07,109645,1,10,0,76.0
10109837MORETTIJ_2025-06-07_G19,10109837MORETTIJ,2025-06-07,110372,1,80,0,340.0
10109837MORETTIJ_2025-06-07_G20,10109837MORETTIJ,2025-06-07,118222,1,8,0,361.0
10109837MORETTIJ_2025-06-07_G21,10109837MORETTIJ,2025-06-07,111743,1,4,0,583.0
10109837MORETTIJ_2025-06-07_G22,10109837MORETTIJ,2025-06-07,110743,1,4,0,91.0
10109837MORETTIJ_2025-06-07_G23,10109837MORETTIJ,2025-06-07,110745,1,8,0,268.0
10109837MORETTIJ_2025-06-07_G24,10109837MORETTIJ,2025-06-07,111466,1,7,0,78.0
10109837MORETTIJ_2025-06-07_G25,10109837MORETTIJ,2025-06-07,111172,1,5,0,118.0
10109837MORETTIJ_2025-06-07_G26,10109837MORETTIJ,2025-06-07,108711,1,9,0,104.0
10109837MORETTIJ_2025-06-07_G28,10109837MORETTIJ,2025-06-07,117821,1,18,0,218.0
10109837MORETTIJ_2025-06-07_G29,10109837MORETTIJ,2025-06-07,118140,1,5,0,270.0
10109837MORETTIJ_2025-06-07_G30,10109837MORETTIJ,2025-06-07,111462,1,6,0,492.0
10109837MORETTIJ_2025-06-07_G31,10109837MORETTIJ,2025-06-07,109641,1,2,0,139.0
10109837MORETTIJ_2025-06-07_G32,10109837MORETTIJ,2025-06-07,111469,1,2,0,148.0
10109837MORETTIJ_2025-06-07_G33,10109837MORETTIJ,2025-06-07,110325,1,20,0,1884.0
10109837MORETTIJ_2025-06-07_G34,10109837MORETTIJ,2025-06-07,117830,1,80,0,332.0
10109837MORETTIJ_2025-06-07_G35,10109837MORETTIJ,2025-06-07,110376,1,50,0,329.0
10109837MORETTIJ_2025-06-07_G36,10109837MORETTIJ,2025-06-07,117832,1,150,0,934.0
10109837MORETTIJ_2025-06-09_G02,10109837MORETTIJ,2025-06-09,110374,1,2,0,168.0
10109837MORETTIJ_2025-06-09_G03,10109837MORETTIJ,2025-06-09,110373,1,2,0,132.0
10109837MORETTIJ_2025-06-09_G04,10109837MORETTIJ,2025-06-09,117832,1,20,0,234.0
10109837MORETTIJ_2025-06-09_G05,10109837MORETTIJ,2025-06-09,110372,1,2,0,48.0
10109837MORETTIJ_2025-06-09_G06,10109837MORETTIJ,2025-06-09,117809,1,4,0,98.0
10109837MORETTIJ_2025-06-09_G07,10109837MORETTIJ,2025-06-09,117820,1,2,0,155.0
10109837MORETTIJ_2025-06-09_G08,10109837MORETTIJ,2025-06-09,117820,1,160,0,2817.0
10109837MORETTIJ_2025-06-09_G09,10109837MORETTIJ,2025-06-09,117808,1,400,0,1389.0
10109837MORETTIJ_2025-06-09_G10,10109837MORETTIJ,2025-06-09,110373,1,82,0,604.0
10109837MORETTIJ_2025-06-09_G11,10109837MORETTIJ,2025-06-09,118299,1,186,0,653.0
10109837MORETTIJ_2025-06-09_G12,10109837MORETTIJ,2025-06-09,110372,1,100,0,230.0
10109837MORETTIJ_2025-06-09_G13,10109837MORETTIJ,2025-06-09,110371,1,50,0,516.0
10109837MORETTIJ_2025-06-09_G14,10109837MORETTIJ,2025-06-09,117830,1,40,0,316.0
10109837MORETTIJ_2025-06-09_G15,10109837MORETTIJ,2025-06-09,111443,1,6,0,589.0
10109837MORETTIJ_2025-06-09_G16,10109837MORETTIJ,2025-06-09,140922,1,10,0,125.0
10109837MORETTIJ_2025-06-09_G17,10109837MORETTIJ,2025-06-09,117855,1,12,0,247.0
10109837MORETTIJ_2025-06-09_G18,10109837MORETTIJ,2025-06-09,111602,1,4,0,72.0
10109837MORETTIJ_2025-06-09_G19,10109837MORETTIJ,2025-06-09,110515,1,10,0,165.0
10109837MORETTIJ_2025-06-09_G20,10109837MORETTIJ,2025-06-09,141047,1,6,0,227.0
10109837MORETTIJ_2025-06-09_G21,10109837MORETTIJ,2025-06-09,117835,1,10,0,303.0
10109837MORETTIJ_2025-06-09_G22,10109837MORETTIJ,2025-06-09,111438,1,8,0,146.0
10109837MORETTIJ_2025-06-09_G23,10109837MORETTIJ,2025-06-09,118140,1,4,0,279.0
10109837MORETTIJ_2025-06-09_G24,10109837MORETTIJ,2025-06-09,111465,1,6,0,454.0
10109837MORETTIJ_2025-06-09_G25,10109837MORETTIJ,2025-06-09,109645,1,1,0,89.0
10109837MORETTIJ_2025-06-09_G26,10109837MORETTIJ,2025-06-09,111443,1,1,0,111.0
10109837MORETTIJ_2025-06-09_G27,10109837MORETTIJ,2025-06-09,111462,1,12,0,122.0
10109837MORETTIJ_2025-06-09_G28,10109837MORETTIJ,2025-06-09,109641,1,4,0,102.0
10109837MORETTIJ_2025-06-09_G29,10109837MORETTIJ,2025-06-09,111469,1,8,0,83.0
10109837MORETTIJ_2025-06-09_G30,10109837MORETTIJ,2025-06-09,111418,1,10,0,169.0
10109837MORETTIJ_2025-06-09_G32,10109837MORETTIJ,2025-06-09,110372,1,2,0,138.0
10109837MORETTIJ_2025-06-09_G33,10109837MORETTIJ,2025-06-09,111463,1,34,0,482.0
10109837MORETTIJ_2025-06-09_G34,10109837MORETTIJ,2025-06-09,111440,1,13,0,2564.0
10109837MORETTIJ_2025-06-09_G35,10109837MORETTIJ,2025-06-09,117836,1,88,0,422.0
10109837MORETTIJ_2025-06-09_G37,10109837MORETTIJ,2025-06-09,117855,1,230,0,1792.0
10109837MORETTIJ_2025-06-10_G02,10109837MORETTIJ,2025-06-10,111466,1,10,0,172.0
10109837MORETTIJ_2025-06-10_G03,10109837MORETTIJ,2025-06-10,110373,1,6,0,138.0
10109837MORETTIJ_2025-06-10_G04,10109837MORETTIJ,2025-06-10,141047,1,5,0,410.0
10109837MORETTIJ_2025-06-10_G05,10109837MORETTIJ,2025-06-10,109647,1,3,0,136.0
10109837MORETTIJ_2025-06-10_G06,10109837MORETTIJ,2025-06-10,117935,1,2,0,173.0
10109837MORETTIJ_2025-06-10_G07,10109837MORETTIJ,2025-06-10,111876,1,4,0,852.0
10109837MORETTIJ_2025-06-10_G08,10109837MORETTIJ,2025-06-10,117862,1,8,0,145.0
10109837MORETTIJ_2025-06-10_G09,10109837MORETTIJ,2025-06-10,117855,1,10,0,142.0
10109837MORETTIJ_2025-06-10_G10,10109837MORETTIJ,2025-06-10,117861,1,6,0,64.0
10109837MORETTIJ_2025-06-10_G11,10109837MORETTIJ,2025-06-10,110733,1,3,0,85.0
10109837MORETTIJ_2025-06-10_G12,10109837MORETTIJ,2025-06-10,110313,1,3,0,196.0
10109837MORETTIJ_2025-06-10_G13,10109837MORETTIJ,2025-06-10,110515,1,11,0,506.0
10109837MORETTIJ_2025-06-10_G14,10109837MORETTIJ,2025-06-10,117856,1,6,0,134.0
10109837MORETTIJ_2025-06-10_G15,10109837MORETTIJ,2025-06-10,111602,1,10,0,371.0
10109837MORETTIJ_2025-06-10_G16,10109837MORETTIJ,2025-06-10,111468,1,7,0,189.0
10109837MORETTIJ_2025-06-10_G17,10109837MORETTIJ,2025-06-10,110745,1,4,0,95.0
10109837MORETTIJ_2025-06-10_G18,10109837MORETTIJ,2025-06-10,111466,1,10,0,73.0
10109837MORETTIJ_2025-06-10_G19,10109837MORETTIJ,2025-06-10,117841,1,2,0,100.0
10109837MORETTIJ_2025-06-10_G20,10109837MORETTIJ,2025-06-10,117833,1,9,0,148.0
10109837MORETTIJ_2025-06-10_G21,10109837MORETTIJ,2025-06-10,111172,1,4,0,72.0
10109837MORETTIJ_2025-06-10_G22,10109837MORETTIJ,2025-06-10,111532,1,7,0,131.0
10109837MORETTIJ_2025-06-10_G23,10109837MORETTIJ,2025-06-10,109645,1,10,0,340.0
10109837MORETTIJ_2025-06-10_G24,10109837MORETTIJ,2025-06-10,107892,1,2,0,282.0
10109837MORETTIJ_2025-06-10_G25,10109837MORETTIJ,2025-06-10,109648,1,16,0,505.0
10109837MORETTIJ_2025-06-10_G26,10109837MORETTIJ,2025-06-10,117809,1,1,0,61.0
10109837MORETTIJ_2025-06-10_G27,10109837MORETTIJ,2025-06-10,107629,1,2,0,1726.0
10109837MORETTIJ_2025-06-10_G28,10109837MORETTIJ,2025-06-10,118298,1,2,0,100.0
10109837MORETTIJ_2025-06-10_G29,10109837MORETTIJ,2025-06-10,109640,1,3,0,67.0
10109837MORETTIJ_2025-06-10_G30,10109837MORETTIJ,2025-06-10,117862,1,2,0,66.0
10109837MORETTIJ_2025-06-10_G31,10109837MORETTIJ,2025-06-10,117855,1,6,0,171.0
10109837MORETTIJ_2025-06-10_G32,10109837MORETTIJ,2025-06-10,110752,1,4,0,280.0
10109837MORETTIJ_2025-06-10_G33,10109837MORETTIJ,2025-06-10,111530,1,1,0,93.0
10109837MORETTIJ_2025-06-10_G34,10109837MORETTIJ,2025-06-10,117861,1,4,0,305.0
10109837MORETTIJ_2025-06-10_G35,10109837MORETTIJ,2025-06-10,108772,1,2,0,104.0
10109837MORETTIJ_2025-06-10_G36,10109837MORETTIJ,2025-06-10,108795,1,6,0,188.0
10109837MORETTIJ_2025-06-10_G37,10109837MORETTIJ,2025-06-10,111463,1,2,0,79.0
10109837MORETTIJ_2025-06-10_G38,10109837MORETTIJ,2025-06-10,105705,1,2,0,108.0
10109837MORETTIJ_2025-06-10_G39,10109837MORETTIJ,2025-06-10,117838,1,6,0,409.0
10109837MORETTIJ_2025-06-10_G40,10109837MORETTIJ,2025-06-10,117808,2,5,28,168.0
10109837MORETTIJ_2025-06-10_G41,10109837MORETTIJ,2025-06-10,109643,1,2,0,661.0
10109837MORETTIJ_2025-06-10_G42,10109837MORETTIJ,2025-06-10,"117822, 140922, 111466, 118140, 111442",5,16,31,84.0
10109837MORETTIJ_2025-06-10_G43,10109837MORETTIJ,2025-06-10,110372,1,7,0,144.0
10109837MORETTIJ_2025-06-10_G45,10109837MORETTIJ,2025-06-10,117809,1,10,0,117.0
10109837MORETTIJ_2025-06-10_G46,10109837MORETTIJ,2025-06-10,118094,1,10,0,309.0
10109837MORETTIJ_2025-06-10_G47,10109837MORETTIJ,2025-06-10,117855,1,2,0,87.0
10109837MORETTIJ_2025-06-10_G48,10109837MORETTIJ,2025-06-10,117861,1,3,0,42.0
10109837MORETTIJ_2025-06-10_G49,10109837MORETTIJ,2025-06-10,110733,1,10,0,174.0
10109837MORETTIJ_2025-06-10_G50,10109837MORETTIJ,2025-06-10,110733,1,4,0,72.0
10109837MORETTIJ_2025-06-10_G51,10109837MORETTIJ,2025-06-10,117856,1,10,0,417.0
10109837MORETTIJ_2025-06-10_G52,10109837MORETTIJ,2025-06-10,111602,1,10,0,432.0
10109837MORETTIJ_2025-06-10_G53,10109837MORETTIJ,2025-06-10,110515,1,22,0,850.0
10109837MORETTIJ_2025-06-10_G54,10109837MORETTIJ,2025-06-10,111751,1,6,0,2097.0
10109837MORETTIJ_2025-06-10_G55,10109837MORETTIJ,2025-06-10,111634,1,8,0,222.0
10109837MORETTIJ_2025-06-10_G56,10109837MORETTIJ,2025-06-10,141261,1,8,0,139.0
10109837MORETTIJ_2025-06-10_G57,10109837MORETTIJ,2025-06-10,111722,1,8,0,187.0
10109837MORETTIJ_2025-06-10_G58,10109837MORETTIJ,2025-06-10,111740,1,6,0,624.0
10109837MORETTIJ_2025-06-10_G59,10109837MORETTIJ,2025-06-10,118191,1,8,0,239.0
10109837MORETTIJ_2025-06-10_G60,10109837MORETTIJ,2025-06-10,111759,1,4,0,1086.0
10109837MORETTIJ_2025-06-10_G61,10109837MORETTIJ,2025-06-10,111738,1,4,0,87.0
10109837MORETTIJ_2025-06-10_G62,10109837MORETTIJ,2025-06-10,111761,1,4,0,697.0
10109837MORETTIJ_2025-06-10_G63,10109837MORETTIJ,2025-06-10,111742,1,8,0,335.0
10109837MORETTIJ_2025-06-11_G02,10109837MORETTIJ,2025-06-11,"110751, 108794",2,5,30,60.0
10109837MORETTIJ_2025-06-11_G03,10109837MORETTIJ,2025-06-11,109641,1,5,0,298.0
10109837MORETTIJ_2025-06-11_G04,10109837MORETTIJ,2025-06-11,111446,1,8,0,147.0
10109837MORETTIJ_2025-06-11_G05,10109837MORETTIJ,2025-06-11,140922,1,3,0,83.0
10109837MORETTIJ_2025-06-11_G06,10109837MORETTIJ,2025-06-11,111466,1,4,0,173.0
10109837MORETTIJ_2025-06-11_G07,10109837MORETTIJ,2025-06-11,111466,1,30,0,333.0
10109837MORETTIJ_2025-06-11_G08,10109837MORETTIJ,2025-06-11,108711,1,2,0,213.0
10109837MORETTIJ_2025-06-11_G09,10109837MORETTIJ,2025-06-11,108711,1,8,0,51.0
10109837MORETTIJ_2025-06-11_G10,10109837MORETTIJ,2025-06-11,118140,1,10,0,81.0
10109837MORETTIJ_2025-06-11_G11,10109837MORETTIJ,2025-06-11,111418,1,33,0,337.0
10109837MORETTIJ_2025-06-11_G12,10109837MORETTIJ,2025-06-11,111462,1,10,0,264.0
10109837MORETTIJ_2025-06-11_G13,10109837MORETTIJ,2025-06-11,111468,1,12,0,180.0
10109837MORETTIJ_2025-06-11_G14,10109837MORETTIJ,2025-06-11,111463,1,40,0,552.0
10109837MORETTIJ_2025-06-11_G15,10109837MORETTIJ,2025-06-11,111182,1,5,0,790.0
10109837MORETTIJ_2025-06-11_G16,10109837MORETTIJ,2025-06-11,110325,1,20,0,298.0
10109837MORETTIJ_2025-06-11_G17,10109837MORETTIJ,2025-06-11,110374,1,12,0,94.0
10109837MORETTIJ_2025-06-11_G18,10109837MORETTIJ,2025-06-11,118299,1,2,0,96.0
10109837MORETTIJ_2025-06-11_G19,10109837MORETTIJ,2025-06-11,110372,1,2,0,90.0
10109837MORETTIJ_2025-06-11_G20,10109837MORETTIJ,2025-06-11,117820,1,3,0,211.0
10109837MORETTIJ_2025-06-11_G21,10109837MORETTIJ,2025-06-11,117808,1,21,0,233.0
10109837MORETTIJ_2025-06-11_G22,10109837MORETTIJ,2025-06-11,118299,1,16,0,336.0
10109837MORETTIJ_2025-06-11_G23,10109837MORETTIJ,2025-06-11,110372,1,52,0,389.0
10109837MORETTIJ_2025-06-11_G24,10109837MORETTIJ,2025-06-11,117830,1,4,0,42.0
10109837MORETTIJ_2025-06-11_G25,10109837MORETTIJ,2025-06-11,108711,1,5,0,632.0
10109837MORETTIJ_2025-06-11_G26,10109837MORETTIJ,2025-06-11,118140,1,22,0,132.0
10109837MORETTIJ_2025-06-11_G27,10109837MORETTIJ,2025-06-11,111431,1,4,0,89.0
10109837MORETTIJ_2025-06-11_G28,10109837MORETTIJ,2025-06-11,111418,1,26,0,179.0
10109837MORETTIJ_2025-06-11_G29,10109837MORETTIJ,2025-06-11,109645,1,4,0,75.0
10109837MORETTIJ_2025-06-11_G30,10109837MORETTIJ,2025-06-11,108794,1,23,0,2193.0
10109837MORETTIJ_2025-06-11_G31,10109837MORETTIJ,2025-06-11,111469,1,47,0,526.0
10109837MORETTIJ_2025-06-11_G32,10109837MORETTIJ,2025-06-11,111182,1,2,0,101.0
10109837MORETTIJ_2025-06-11_G33,10109837MORETTIJ,2025-06-11,108711,1,4,0,144.0
10109837MORETTIJ_2025-06-11_G34,10109837MORETTIJ,2025-06-11,111463,1,56,0,1033.0
10109837MORETTIJ_2025-06-11_G35,10109837MORETTIJ,2025-06-11,105705,1,28,0,485.0
10109837MORETTIJ_2025-06-11_G37,10109837MORETTIJ,2025-06-11,110745,1,16,0,159.0
10109837MORETTIJ_2025-06-11_G38,10109837MORETTIJ,2025-06-11,111431,1,4,0,124.0
10109837MORETTIJ_2025-06-11_G39,10109837MORETTIJ,2025-06-11,110748,1,4,0,120.0
10109837MORETTIJ_2025-06-11_G40,10109837MORETTIJ,2025-06-11,117787,1,16,0,390.0
10109837MORETTIJ_2025-06-11_G41,10109837MORETTIJ,2025-06-11,114100,1,2,0,57.0
10109837MORETTIJ_2025-06-11_G42,10109837MORETTIJ,2025-06-11,117821,1,18,0,121.0
10109837MORETTIJ_2025-06-11_G43,10109837MORETTIJ,2025-06-11,107236,1,8,0,78.0
10109837MORETTIJ_2025-06-11_G44,10109837MORETTIJ,2025-06-11,118140,1,37,0,333.0
10109837MORETTIJ_2025-06-11_G45,10109837MORETTIJ,2025-06-11,117842,1,8,0,302.0
10109837MORETTIJ_2025-06-11_G46,10109837MORETTIJ,2025-06-11,109645,1,4,0,85.0
10109837MORETTIJ_2025-06-11_G47,10109837MORETTIJ,2025-06-11,111466,1,49,0,500.0
10109837MORETTIJ_2025-06-11_G48,10109837MORETTIJ,2025-06-11,111172,1,17,0,375.0
10109837MORETTIJ_2025-06-11_G49,10109837MORETTIJ,2025-06-11,108798,1,10,0,85.0
10109837MORETTIJ_2025-06-11_G50,10109837MORETTIJ,2025-06-11,111469,1,40,0,502.0
10109837MORETTIJ_2025-06-11_G51,10109837MORETTIJ,2025-06-11,111469,1,63,0,243.0
10109837MORETTIJ_2025-06-11_G52,10109837MORETTIJ,2025-06-11,118140,1,300,0,1343.0
10109837MORETTIJ_2025-06-11_G53,10109837MORETTIJ,2025-06-11,114099,1,6,0,210.0
10109837MORETTIJ_2025-06-11_G54,10109837MORETTIJ,2025-06-11,108303,1,2,0,1399.0
10109837MORETTIJ_2025-06-11_G55,10109837MORETTIJ,2025-06-11,105705,1,2,0,182.0
10109837MORETTIJ_2025-06-11_G56,10109837MORETTIJ,2025-06-11,111462,1,8,0,805.0
10109837MORETTIJ_2025-06-11_G57,10109837MORETTIJ,2025-06-11,117785,1,5,0,86.0
10109837MORETTIJ_2025-06-11_G58,10109837MORETTIJ,2025-06-11,111442,1,4,0,63.0
10109837MORETTIJ_2025-06-11_G59,10109837MORETTIJ,2025-06-11,109645,1,1,0,53.0
10109837MORETTIJ_2025-06-11_G60,10109837MORETTIJ,2025-06-11,110375,1,2,0,80.0
10109837MORETTIJ_2025-06-11_G61,10109837MORETTIJ,2025-06-11,141202,1,4,0,66.0
10109837MORETTIJ_2025-06-11_G62,10109837MORETTIJ,2025-06-11,117809,1,4,0,354.0
10109837MORETTIJ_2025-06-11_G63,10109837MORETTIJ,2025-06-11,118299,1,3,0,792.0
10109837MORETTIJ_2025-06-11_G64,10109837MORETTIJ,2025-06-11,110374,1,8,0,278.0
10109837MORETTIJ_2025-06-11_G65,10109837MORETTIJ,2025-06-11,117808,1,8,0,68.0
10109837MORETTIJ_2025-06-11_G66,10109837MORETTIJ,2025-06-11,117809,1,12,0,117.0
10109837MORETTIJ_2025-06-11_G67,10109837MORETTIJ,2025-06-11,111418,1,12,0,183.0
10109837MORETTIJ_2025-06-11_G68,10109837MORETTIJ,2025-06-11,117935,1,8,0,250.0
10109837MORETTIJ_2025-06-11_G69,10109837MORETTIJ,2025-06-11,117856,1,1,0,100.0
10109837MORETTIJ_2025-06-12_G02,10109837MORETTIJ,2025-06-12,111602,1,6,0,113.0
10109837MORETTIJ_2025-06-12_G03,10109837MORETTIJ,2025-06-12,118094,1,8,0,163.0
10109837MORETTIJ_2025-06-12_G04,10109837MORETTIJ,2025-06-12,111469,1,8,0,169.0
10109837MORETTIJ_2025-06-12_G05,10109837MORETTIJ,2025-06-12,117787,1,8,0,150.0
10109837MORETTIJ_2025-06-12_G06,10109837MORETTIJ,2025-06-12,111465,1,4,0,78.0
10109837MORETTIJ_2025-06-12_G07,10109837MORETTIJ,2025-06-12,110372,1,8,0,227.0
10109837MORETTIJ_2025-06-12_G08,10109837MORETTIJ,2025-06-12,111469,1,1,0,1229.0
10109837MORETTIJ_2025-06-12_G09,10109837MORETTIJ,2025-06-12,110895,1,4,0,119.0
10109837MORETTIJ_2025-06-12_G10,10109837MORETTIJ,2025-06-12,110313,1,4,0,89.0
10109837MORETTIJ_2025-06-12_G11,10109837MORETTIJ,2025-06-12,111602,1,20,0,196.0
10109837MORETTIJ_2025-06-12_G12,10109837MORETTIJ,2025-06-12,108711,1,8,0,134.0
10109837MORETTIJ_2025-06-12_G13,10109837MORETTIJ,2025-06-12,118140,1,8,0,127.0
10109837MORETTIJ_2025-06-12_G14,10109837MORETTIJ,2025-06-12,111434,1,2,0,314.0
10109837MORETTIJ_2025-06-12_G15,10109837MORETTIJ,2025-06-12,111434,1,4,0,44.0
10109837MORETTIJ_2025-06-12_G16,10109837MORETTIJ,2025-06-12,111434,2,26,5,1930.0
10109837MORETTIJ_2025-06-12_G17,10109837MORETTIJ,2025-06-12,110733,1,4,0,1749.0
10109837MORETTIJ_2025-06-12_G18,10109837MORETTIJ,2025-06-12,118140,1,4,0,145.0
10109837MORETTIJ_2025-06-12_G19,10109837MORETTIJ,2025-06-12,140911,1,2,0,136.0
10109837MORETTIJ_2025-06-12_G20,10109837MORETTIJ,2025-06-12,111466,1,6,0,139.0
10109837MORETTIJ_2025-06-12_G21,10109837MORETTIJ,2025-06-12,108711,1,6,0,235.0
10109837MORETTIJ_2025-06-12_G22,10109837MORETTIJ,2025-06-12,118140,1,6,0,381.0
10109837MORETTIJ_2025-06-12_G23,10109837MORETTIJ,2025-06-12,111469,1,10,0,426.0
10109837MORETTIJ_2025-06-12_G24,10109837MORETTIJ,2025-06-12,110374,1,5,0,136.0
10109837MORETTIJ_2025-06-12_G25,10109837MORETTIJ,2025-06-12,117808,1,1,0,58.0
10109837MORETTIJ_2025-06-12_G26,10109837MORETTIJ,2025-06-12,110372,1,2,0,157.0
10109837MORETTIJ_2025-06-12_G27,10109837MORETTIJ,2025-06-12,111469,1,1,0,93.0
10109837MORETTIJ_2025-06-12_G28,10109837MORETTIJ,2025-06-12,111469,1,12,0,154.0
10109837MORETTIJ_2025-06-12_G29,10109837MORETTIJ,2025-06-12,141202,1,1,0,310.0
10109837MORETTIJ_2025-06-12_G30,10109837MORETTIJ,2025-06-12,111602,1,8,0,1231.0
10109837MORETTIJ_2025-06-12_G31,10109837MORETTIJ,2025-06-12,118140,1,4,0,124.0
10109837MORETTIJ_2025-06-12_G32,10109837MORETTIJ,2025-06-12,110373,1,9,0,188.0
10109837MORETTIJ_2025-06-12_G34,10109837MORETTIJ,2025-06-12,117785,1,2,0,137.0
10109837MORETTIJ_2025-06-12_G35,10109837MORETTIJ,2025-06-12,117832,1,2,0,183.0
10109837MORETTIJ_2025-06-12_G36,10109837MORETTIJ,2025-06-12,108795,1,4,0,440.0
10109837MORETTIJ_2025-06-12_G37,10109837MORETTIJ,2025-06-12,111743,1,3,0,70.0
10109837MORETTIJ_2025-06-12_G38,10109837MORETTIJ,2025-06-12,111469,1,21,0,260.0
10109837MORETTIJ_2025-06-12_G39,10109837MORETTIJ,2025-06-12,105705,1,9,0,257.0
10109837MORETTIJ_2025-06-12_G40,10109837MORETTIJ,2025-06-12,140922,1,10,0,113.0
10109837MORETTIJ_2025-06-12_G41,10109837MORETTIJ,2025-06-12,111468,1,2,0,89.0
10109837MORETTIJ_2025-06-12_G42,10109837MORETTIJ,2025-06-12,110745,1,8,0,100.0
10109837MORETTIJ_2025-06-12_G43,10109837MORETTIJ,2025-06-12,117833,1,4,0,86.0
10109837MORETTIJ_2025-06-12_G44,10109837MORETTIJ,2025-06-12,111172,1,4,0,108.0
10109837MORETTIJ_2025-06-12_G45,10109837MORETTIJ,2025-06-12,107892,1,9,0,577.0
10109837MORETTIJ_2025-06-12_G46,10109837MORETTIJ,2025-06-12,141035,1,8,0,282.0
10109837MORETTIJ_2025-06-12_G47,10109837MORETTIJ,2025-06-12,117856,1,2,0,109.0
10109837MORETTIJ_2025-06-12_G48,10109837MORETTIJ,2025-06-12,111462,1,8,0,193.0
10109837MORETTIJ_2025-06-12_G49,10109837MORETTIJ,2025-06-12,117787,1,12,0,216.0
10109837MORETTIJ_2025-06-12_G50,10109837MORETTIJ,2025-06-12,111441,1,87,0,1319.0
10109837MORETTIJ_2025-06-12_G51,10109837MORETTIJ,2025-06-12,117787,1,11,0,1724.0
10109837MORETTIJ_2025-06-12_G52,10109837MORETTIJ,2025-06-12,111444,1,11,0,92.0
10109837MORETTIJ_2025-06-12_G53,10109837MORETTIJ,2025-06-12,107236,1,6,0,82.0
10109837MORETTIJ_2025-06-12_G54,10109837MORETTIJ,2025-06-12,111435,1,2,0,140.0
10109837MORETTIJ_2025-06-12_G55,10109837MORETTIJ,2025-06-12,110371,1,17,0,183.0
10109837MORETTIJ_2025-06-12_G56,10109837MORETTIJ,2025-06-12,117820,1,30,0,245.0
10109837MORETTIJ_2025-06-12_G57,10109837MORETTIJ,2025-06-12,118140,1,250,0,2715.0
10109837MORETTIJ_2025-06-12_G58,10109837MORETTIJ,2025-06-12,117821,1,80,0,304.0
10109837MORETTIJ_2025-06-12_G59,10109837MORETTIJ,2025-06-12,111465,1,120,0,447.0
10109837MORETTIJ_2025-06-12_G60,10109837MORETTIJ,2025-06-12,118283,1,6,0,362.0
10109837MORETTIJ_2025-06-13_G02,10109837MORETTIJ,2025-06-13,118306,1,6,0,95.0
10109837MORETTIJ_2025-06-13_G03,10109837MORETTIJ,2025-06-13,105705,1,25,0,646.0
10109837MORETTIJ_2025-06-13_G04,10109837MORETTIJ,2025-06-13,105705,1,6,0,112.0
10109837MORETTIJ_2025-06-13_G05,10109837MORETTIJ,2025-06-13,110325,1,4,0,109.0
10109837MORETTIJ_2025-06-13_G06,10109837MORETTIJ,2025-06-13,108711,1,4,0,348.0
10109837MORETTIJ_2025-06-13_G07,10109837MORETTIJ,2025-06-13,111532,1,8,0,83.0
10109837MORETTIJ_2025-06-13_G08,10109837MORETTIJ,2025-06-13,110787,1,3,0,101.0
10109837MORETTIJ_2025-06-13_G09,10109837MORETTIJ,2025-06-13,108759,1,2,0,278.0
10109837MORETTIJ_2025-06-13_G10,10109837MORETTIJ,2025-06-13,118094,1,2,0,109.0
10109837MORETTIJ_2025-06-13_G11,10109837MORETTIJ,2025-06-13,107629,1,4,0,62.0
10109837MORETTIJ_2025-06-13_G12,10109837MORETTIJ,2025-06-13,110515,1,4,0,116.0
10109837MORETTIJ_2025-06-13_G13,10109837MORETTIJ,2025-06-13,117862,1,4,0,77.0
10109837MORETTIJ_2025-06-13_G14,10109837MORETTIJ,2025-06-13,117861,1,2,0,55.0
10109837MORETTIJ_2025-06-13_G15,10109837MORETTIJ,2025-06-13,111467,1,4,0,72.0
10109837MORETTIJ_2025-06-13_G16,10109837MORETTIJ,2025-06-13,117786,1,4,0,197.0
10109837MORETTIJ_2025-06-13_G17,10109837MORETTIJ,2025-06-13,117856,1,8,0,97.0
10109837MORETTIJ_2025-06-13_G18,10109837MORETTIJ,2025-06-13,111602,1,16,0,135.0
10109837MORETTIJ_2025-06-13_G19,10109837MORETTIJ,2025-06-13,111530,1,6,0,89.0
10109837MORETTIJ_2025-06-13_G20,10109837MORETTIJ,2025-06-13,111443,1,4,0,267.0
10109837MORETTIJ_2025-06-13_G21,10109837MORETTIJ,2025-06-13,111418,1,5,0,98.0
10109837MORETTIJ_2025-06-13_G22,10109837MORETTIJ,2025-06-13,118299,1,20,0,443.0
10109837MORETTIJ_2025-06-13_G23,10109837MORETTIJ,2025-06-13,110742,1,4,0,1536.0
10109837MORETTIJ_2025-06-13_G24,10109837MORETTIJ,2025-06-13,107629,1,1,0,357.0
10109837MORETTIJ_2025-06-13_G25,10109837MORETTIJ,2025-06-13,117837,1,6,0,94.0
10109837MORETTIJ_2025-06-13_G26,10109837MORETTIJ,2025-06-13,110733,1,4,0,95.0
10109837MORETTIJ_2025-06-13_G27,10109837MORETTIJ,2025-06-13,111602,1,7,0,83.0
10109837MORETTIJ_2025-06-13_G28,10109837MORETTIJ,2025-06-13,111530,1,2,0,46.0
10109837MORETTIJ_2025-06-13_G29,10109837MORETTIJ,2025-06-13,108795,1,2,0,85.0
10109837MORETTIJ_2025-06-13_G30,10109837MORETTIJ,2025-06-13,108794,1,4,0,94.0
10109837MORETTIJ_2025-06-13_G31,10109837MORETTIJ,2025-06-13,111463,1,14,0,94.0
10109837MORETTIJ_2025-06-13_G32,10109837MORETTIJ,2025-06-13,111468,1,7,0,99.0
10109837MORETTIJ_2025-06-13_G33,10109837MORETTIJ,2025-06-13,117831,1,4,0,68.0
10109837MORETTIJ_2025-06-13_G34,10109837MORETTIJ,2025-06-13,108711,1,5,0,107.0
10109837MORETTIJ_2025-06-13_G35,10109837MORETTIJ,2025-06-13,111532,1,4,0,55.0
10109837MORETTIJ_2025-06-13_G36,10109837MORETTIJ,2025-06-13,117785,1,6,0,113.0
10109837MORETTIJ_2025-06-13_G37,10109837MORETTIJ,2025-06-13,118140,1,3,0,81.0
10109837MORETTIJ_2025-06-13_G38,10109837MORETTIJ,2025-06-13,110325,1,2,0,298.0
10109837MORETTIJ_2025-06-13_G39,10109837MORETTIJ,2025-06-13,118299,1,28,0,393.0
10109837MORETTIJ_2025-06-13_G40,10109837MORETTIJ,2025-06-13,110741,1,4,0,292.0
10109837MORETTIJ_2025-06-13_G41,10109837MORETTIJ,2025-06-13,111876,1,4,0,66.0
10109837MORETTIJ_2025-06-13_G42,10109837MORETTIJ,2025-06-13,117808,1,30,0,172.0
10109837MORETTIJ_2025-06-13_G43,10109837MORETTIJ,2025-06-13,108794,1,4,0,680.0
10109837MORETTIJ_2025-06-13_G44,10109837MORETTIJ,2025-06-13,111469,1,5,0,151.0
10109837MORETTIJ_2025-06-13_G45,10109837MORETTIJ,2025-06-13,111468,1,4,0,77.0
10109837MORETTIJ_2025-06-13_G46,10109837MORETTIJ,2025-06-13,110745,1,4,0,64.0
10109837MORETTIJ_2025-06-13_G47,10109837MORETTIJ,2025-06-13,111466,1,4,0,52.0
10109837MORETTIJ_2025-06-13_G48,10109837MORETTIJ,2025-06-13,111172,1,3,0,81.0
10109837MORETTIJ_2025-06-13_G49,10109837MORETTIJ,2025-06-13,108711,1,6,0,69.0
10109837MORETTIJ_2025-06-13_G50,10109837MORETTIJ,2025-06-13,111431,1,2,0,70.0
10109837MORETTIJ_2025-06-13_G51,10109837MORETTIJ,2025-06-13,117842,1,4,0,177.0
10109837MORETTIJ_2025-06-13_G52,10109837MORETTIJ,2025-06-13,111462,1,6,0,81.0
10109837MORETTIJ_2025-06-13_G53,10109837MORETTIJ,2025-06-13,111418,1,4,0,80.0
10109837MORETTIJ_2025-06-13_G54,10109837MORETTIJ,2025-06-13,117785,1,4,0,123.0
10109837MORETTIJ_2025-06-13_G55,10109837MORETTIJ,2025-06-13,117787,1,4,0,90.0
10109837MORETTIJ_2025-06-13_G56,10109837MORETTIJ,2025-06-13,118317,1,4,0,80.0
10109837MORETTIJ_2025-06-13_G57,10109837MORETTIJ,2025-06-13,118140,1,4,0,137.0
10109837MORETTIJ_2025-06-13_G58,10109837MORETTIJ,2025-06-13,111463,1,6,0,218.0
10109837MORETTIJ_2025-06-13_G59,10109837MORETTIJ,2025-06-13,110325,1,4,0,508.0
10109837MORETTIJ_2025-06-13_G60,10109837MORETTIJ,2025-06-13,110374,1,4,0,66.0
10109837MORETTIJ_2025-06-13_G61,10109837MORETTIJ,2025-06-13,117808,1,8,0,73.0
10109837MORETTIJ_2025-06-13_G62,10109837MORETTIJ,2025-06-13,109643,1,2,0,62.0
10109837MORETTIJ_2025-06-13_G63,10109837MORETTIJ,2025-06-13,110373,1,4,0,86.0
10109837MORETTIJ_2025-06-13_G64,10109837MORETTIJ,2025-06-13,117832,1,4,0,121.0
10109837MORETTIJ_2025-06-13_G65,10109837MORETTIJ,2025-06-13,110372,1,12,0,101.0
10109837MORETTIJ_2025-06-13_G66,10109837MORETTIJ,2025-06-13,117830,1,8,0,72.0
10109837MORETTIJ_2025-06-13_G67,10109837MORETTIJ,2025-06-13,110371,1,4,0,93.0
10109837MORETTIJ_2025-06-13_G68,10109837MORETTIJ,2025-06-13,141202,1,3,0,55.0
10109837MORETTIJ_2025-06-13_G69,10109837MORETTIJ,2025-06-13,117809,1,8,0,90.0
10109837MORETTIJ_2025-06-13_G72,10109837MORETTIJ,2025-06-13,111469,1,10,0,247.0
10109837MORETTIJ_2025-06-13_G73,10109837MORETTIJ,2025-06-13,110733,1,4,0,129.0
10109837MORETTIJ_2025-06-13_G74,10109837MORETTIJ,2025-06-13,117831,1,4,0,96.0
10109837MORETTIJ_2025-06-13_G75,10109837MORETTIJ,2025-06-13,108711,1,1,0,88.0
10109837MORETTIJ_2025-06-13_G76,10109837MORETTIJ,2025-06-13,111418,1,2,0,111.0
10109837MORETTIJ_2025-06-13_G77,10109837MORETTIJ,2025-06-13,111602,1,50,0,519.0
10109837MORETTIJ_2025-06-13_G78,10109837MORETTIJ,2025-06-13,110374,1,5,0,326.0
10109837MORETTIJ_2025-06-13_G79,10109837MORETTIJ,2025-06-13,117808,1,1,0,41.0
10109837MORETTIJ_2025-06-13_G80,10109837MORETTIJ,2025-06-13,110372,1,2,0,96.0
10109837MORETTIJ_2025-06-13_G81,10109837MORETTIJ,2025-06-13,111532,1,9,0,633.0
10109837MORETTIJ_2025-06-13_G82,10109837MORETTIJ,2025-06-13,111418,1,139,0,815.0
10109837MORETTIJ_2025-06-13_G83,10109837MORETTIJ,2025-06-13,118140,1,2,0,1499.0
10109837MORETTIJ_2025-06-13_G84,10109837MORETTIJ,2025-06-13,110372,1,4,0,120.0
10109837MORETTIJ_2025-06-13_G85,10109837MORETTIJ,2025-06-13,110374,1,4,0,77.0
10109837MORETTIJ_2025-06-13_G86,10109837MORETTIJ,2025-06-13,"110787, 160051",2,6,28,134.0
10109837MORETTIJ_2025-06-13_G87,10109837MORETTIJ,2025-06-13,110313,1,16,0,426.0
10109837MORETTIJ_2025-06-14_G02,10109837MORETTIJ,2025-06-14,117855,1,3,0,107.0
10109837MORETTIJ_2025-06-14_G03,10109837MORETTIJ,2025-06-14,117856,1,1,0,90.0
10109837MORETTIJ_2025-06-14_G04,10109837MORETTIJ,2025-06-14,111530,1,10,0,99.0
10109837MORETTIJ_2025-06-14_G05,10109837MORETTIJ,2025-06-14,116241,1,7,0,183.0
10109837MORETTIJ_2025-06-14_G06,10109837MORETTIJ,2025-06-14,111463,1,18,0,152.0
10109837MORETTIJ_2025-06-14_G07,10109837MORETTIJ,2025-06-14,111466,1,29,0,304.0
10109837MORETTIJ_2025-06-14_G08,10109837MORETTIJ,2025-06-14,111532,1,4,0,376.0
10109837MORETTIJ_2025-06-14_G09,10109837MORETTIJ,2025-06-14,117785,1,24,0,261.0
10109837MORETTIJ_2025-06-14_G10,10109837MORETTIJ,2025-06-14,111418,1,6,0,91.0
10109837MORETTIJ_2025-06-14_G11,10109837MORETTIJ,2025-06-14,111442,1,4,0,88.0
10109837MORETTIJ_2025-06-14_G12,10109837MORETTIJ,2025-06-14,110787,1,11,0,142.0
10109837MORETTIJ_2025-06-14_G13,10109837MORETTIJ,2025-06-14,118140,1,1,0,31.0
10109837MORETTIJ_2025-06-14_G14,10109837MORETTIJ,2025-06-14,111465,1,4,0,99.0
10109837MORETTIJ_2025-06-14_G15,10109837MORETTIJ,2025-06-14,111435,1,2,0,134.0
10109837MORETTIJ_2025-06-14_G16,10109837MORETTIJ,2025-06-14,111469,1,25,0,511.0
10109837MORETTIJ_2025-06-14_G17,10109837MORETTIJ,2025-06-14,118290,1,1,0,256.0
10109837MORETTIJ_2025-06-14_G18,10109837MORETTIJ,2025-06-14,100334,1,1,0,105.0
10109837MORETTIJ_2025-06-14_G19,10109837MORETTIJ,2025-06-14,109640,1,2,0,89.0
10109837MORETTIJ_2025-06-14_G20,10109837MORETTIJ,2025-06-14,117786,1,1,0,84.0
10109837MORETTIJ_2025-06-14_G21,10109837MORETTIJ,2025-06-14,111466,1,1,0,74.0
10109837MORETTIJ_2025-06-14_G22,10109837MORETTIJ,2025-06-14,117808,1,6,0,125.0
10109837MORETTIJ_2025-06-14_G23,10109837MORETTIJ,2025-06-14,118299,1,1,0,31.0
10109837MORETTIJ_2025-06-14_G24,10109837MORETTIJ,2025-06-14,117830,1,2,0,104.0
10109837MORETTIJ_2025-06-14_G25,10109837MORETTIJ,2025-06-14,117820,1,1,0,81.0
10109837MORETTIJ_2025-06-14_G26,10109837MORETTIJ,2025-06-14,118290,1,6,0,386.0
10109837MORETTIJ_2025-06-14_G27,10109837MORETTIJ,2025-06-14,111438,1,10,0,229.0
10109837MORETTIJ_2025-06-14_G28,10109837MORETTIJ,2025-06-14,111602,1,30,0,2069.0
10109837MORETTIJ_2025-06-14_G29,10109837MORETTIJ,2025-06-14,117808,1,437,0,1268.0
10109837MORETTIJ_2025-06-14_G30,10109837MORETTIJ,2025-06-14,141047,1,4,0,536.0
10109837MORETTIJ_2025-06-14_G31,10109837MORETTIJ,2025-06-14,118094,1,12,0,138.0
10109837MORETTIJ_2025-06-14_G32,10109837MORETTIJ,2025-06-14,107629,1,2,0,60.0
10109837MORETTIJ_2025-06-14_G33,10109837MORETTIJ,2025-06-14,111876,1,4,0,100.0
10109837MORETTIJ_2025-06-14_G34,10109837MORETTIJ,2025-06-14,118298,1,3,0,103.0
10109837MORETTIJ_2025-06-14_G35,10109837MORETTIJ,2025-06-14,117862,1,10,0,104.0
10109837MORETTIJ_2025-06-14_G36,10109837MORETTIJ,2025-06-14,111467,1,18,0,339.0
10109837MORETTIJ_2025-06-14_G37,10109837MORETTIJ,2025-06-14,110752,1,10,0,396.0
10109837MORETTIJ_2025-06-14_G38,10109837MORETTIJ,2025-06-14,110313,1,10,0,219.0
10109837MORETTIJ_2025-06-14_G39,10109837MORETTIJ,2025-06-14,118403,1,8,0,111.0
10109837MORETTIJ_2025-06-14_G40,10109837MORETTIJ,2025-06-14,117786,1,7,0,183.0
10109837MORETTIJ_2025-06-14_G41,10109837MORETTIJ,2025-06-14,117856,1,3,0,118.0
10109837MORETTIJ_2025-06-14_G42,10109837MORETTIJ,2025-06-14,111602,1,20,0,333.0
10109837MORETTIJ_2025-06-14_G43,10109837MORETTIJ,2025-06-14,111530,1,24,0,604.0
10109837MORETTIJ_2025-06-14_G44,10109837MORETTIJ,2025-06-14,110515,1,32,0,258.0
10109837MORETTIJ_2025-06-14_G45,10109837MORETTIJ,2025-06-14,117861,1,30,0,372.0
10109837MORETTIJ_2025-06-14_G47,10109837MORETTIJ,2025-06-14,111468,1,4,0,115.0
10109837MORETTIJ_2025-06-14_G48,10109837MORETTIJ,2025-06-14,117841,1,4,0,483.0
10109837MORETTIJ_2025-06-14_G49,10109837MORETTIJ,2025-06-14,111466,1,20,0,54.0
10109837MORETTIJ_2025-06-14_G50,10109837MORETTIJ,2025-06-14,117833,1,10,0,153.0
10109837MORETTIJ_2025-06-14_G51,10109837MORETTIJ,2025-06-14,111172,1,10,0,169.0
10109837MORETTIJ_2025-06-14_G52,10109837MORETTIJ,2025-06-14,111532,1,10,0,159.0
10109837MORETTIJ_2025-06-14_G53,10109837MORETTIJ,2025-06-14,117842,1,1,0,606.0
10109837MORETTIJ_2025-06-14_G54,10109837MORETTIJ,2025-06-14,111462,1,10,0,285.0
10109837MORETTIJ_2025-06-14_G55,10109837MORETTIJ,2025-06-14,118223,1,4,0,81.0
10109837MORETTIJ_2025-06-14_G56,10109837MORETTIJ,2025-06-14,109645,1,12,0,554.0
10109837MORETTIJ_2025-06-14_G57,10109837MORETTIJ,2025-06-14,117787,1,3,0,80.0
10109837MORETTIJ_2025-06-14_G58,10109837MORETTIJ,2025-06-14,118317,1,6,0,141.0
10109837MORETTIJ_2025-06-14_G59,10109837MORETTIJ,2025-06-14,111465,1,10,0,522.0
10109837MORETTIJ_2025-06-14_G60,10109837MORETTIJ,2025-06-14,105705,1,20,0,216.0
10109837MORETTIJ_2025-06-14_G61,10109837MORETTIJ,2025-06-14,140922,1,20,0,1045.0
10109837MORETTIJ_2025-06-14_G62,10109837MORETTIJ,2025-06-14,117831,1,30,0,369.0
10109837MORETTIJ_2025-06-14_G63,10109837MORETTIJ,2025-06-14,108711,1,20,0,644.0
10109837MORETTIJ_2025-06-14_G64,10109837MORETTIJ,2025-06-14,107236,1,20,0,235.0
10109837MORETTIJ_2025-06-14_G65,10109837MORETTIJ,2025-06-14,111463,1,40,0,1095.0
10109837MORETTIJ_2025-06-14_G66,10109837MORETTIJ,2025-06-14,117785,1,70,0,739.0
10109837MORETTIJ_2025-06-14_G67,10109837MORETTIJ,2025-06-14,111418,1,80,0,167.0
10109837MORETTIJ_2025-06-14_G68,10109837MORETTIJ,2025-06-14,117821,1,40,0,611.0
10109837MORETTIJ_2025-06-14_G69,10109837MORETTIJ,2025-06-14,118140,1,50,0,562.0
10109837MORETTIJ_2025-06-14_G70,10109837MORETTIJ,2025-06-14,111469,1,40,0,75.0
10109837MORETTIJ_2025-06-16_G02,10109837MORETTIJ,2025-06-16,111468,1,9,0,112.0
10109837MORETTIJ_2025-06-16_G03,10109837MORETTIJ,2025-06-16,117831,1,32,0,464.0
10109837MORETTIJ_2025-06-16_G04,10109837MORETTIJ,2025-06-16,108711,1,16,0,213.0
10109837MORETTIJ_2025-06-16_G05,10109837MORETTIJ,2025-06-16,111434,1,8,0,166.0
10109837MORETTIJ_2025-06-16_G06,10109837MORETTIJ,2025-06-16,111462,1,21,0,372.0
10109837MORETTIJ_2025-06-16_G07,10109837MORETTIJ,2025-06-16,117787,1,11,0,144.0
10109837MORETTIJ_2025-06-16_G08,10109837MORETTIJ,2025-06-16,111466,1,30,0,536.0
10109837MORETTIJ_2025-06-16_G09,10109837MORETTIJ,2025-06-16,118140,1,55,0,160.0
10109837MORETTIJ_2025-06-16_G10,10109837MORETTIJ,2025-06-16,110325,1,35,0,724.0
10109837MORETTIJ_2025-06-16_G11,10109837MORETTIJ,2025-06-16,117830,1,20,0,499.0
10109837MORETTIJ_2025-06-16_G12,10109837MORETTIJ,2025-06-16,110373,1,150,0,1164.0
10109837MORETTIJ_2025-06-16_G13,10109837MORETTIJ,2025-06-16,110375,1,35,0,654.0
10109837MORETTIJ_2025-06-16_G14,10109837MORETTIJ,2025-06-16,110371,1,174,0,928.0
10109837MORETTIJ_2025-06-16_G17,10109837MORETTIJ,2025-06-16,110745,1,32,0,351.0
10109837MORETTIJ_2025-06-16_G18,10109837MORETTIJ,2025-06-16,117833,1,9,0,183.0
10109837MORETTIJ_2025-06-16_G19,10109837MORETTIJ,2025-06-16,111443,1,50,0,266.0
10109837MORETTIJ_2025-06-16_G20,10109837MORETTIJ,2025-06-16,117787,1,12,0,237.0
10109837MORETTIJ_2025-06-16_G21,10109837MORETTIJ,2025-06-16,117787,1,3,0,36.0
10109837MORETTIJ_2025-06-16_G22,10109837MORETTIJ,2025-06-16,117833,1,31,0,538.0
10109837MORETTIJ_2025-06-16_G23,10109837MORETTIJ,2025-06-16,118330,1,25,0,1095.0
10109837MORETTIJ_2025-06-16_G24,10109837MORETTIJ,2025-06-16,107236,1,41,0,500.0
10109837MORETTIJ_2025-06-16_G25,10109837MORETTIJ,2025-06-16,110748,1,25,0,255.0
10109837MORETTIJ_2025-06-16_G26,10109837MORETTIJ,2025-06-16,111172,1,4,0,660.0
10109837MORETTIJ_2025-06-16_G27,10109837MORETTIJ,2025-06-16,110376,1,310,0,1276.0
10109837MORETTIJ_2025-06-16_G28,10109837MORETTIJ,2025-06-16,110375,1,83,0,543.0
10109837MORETTIJ_2025-06-16_G29,10109837MORETTIJ,2025-06-16,110375,1,1,0,35.0
10109837MORETTIJ_2025-06-17_G02,10109837MORETTIJ,2025-06-17,117856,1,2,0,141.0
10109837MORETTIJ_2025-06-17_G03,10109837MORETTIJ,2025-06-17,117831,1,4,0,127.0
10109837MORETTIJ_2025-06-17_G04,10109837MORETTIJ,2025-06-17,108711,1,2,0,85.0
10109837MORETTIJ_2025-06-17_G05,10109837MORETTIJ,2025-06-17,117821,1,4,0,175.0
10109837MORETTIJ_2025-06-17_G06,10109837MORETTIJ,2025-06-17,111444,1,4,0,130.0
10109837MORETTIJ_2025-06-17_G07,10109837MORETTIJ,2025-06-17,109643,1,2,0,560.0
10109837MORETTIJ_2025-06-17_G08,10109837MORETTIJ,2025-06-17,117809,1,4,0,70.0
10109837MORETTIJ_2025-06-17_G09,10109837MORETTIJ,2025-06-17,110374,1,2,0,304.0
10109837MORETTIJ_2025-06-17_G10,10109837MORETTIJ,2025-06-17,117808,1,2,0,41.0
10109837MORETTIJ_2025-06-17_G11,10109837MORETTIJ,2025-06-17,109643,1,3,0,89.0
10109837MORETTIJ_2025-06-17_G12,10109837MORETTIJ,2025-06-17,118299,1,9,0,169.0
10109837MORETTIJ_2025-06-17_G13,10109837MORETTIJ,2025-06-17,117809,1,4,0,83.0
10109837MORETTIJ_2025-06-17_G14,10109837MORETTIJ,2025-06-17,117820,1,1,0,40.0
10109837MORETTIJ_2025-06-17_G15,10109837MORETTIJ,2025-06-17,160051,1,1,0,35.0
10109837MORETTIJ_2025-06-17_G16,10109837MORETTIJ,2025-06-17,160053,1,2,0,80.0
10109837MORETTIJ_2025-06-17_G17,10109837MORETTIJ,2025-06-17,110745,1,2,0,102.0
10109837MORETTIJ_2025-06-17_G18,10109837MORETTIJ,2025-06-17,111466,1,2,0,43.0
10109837MORETTIJ_2025-06-17_G19,10109837MORETTIJ,2025-06-17,111469,1,2,0,94.0
10109837MORETTIJ_2025-06-17_G20,10109837MORETTIJ,2025-06-17,111462,1,8,0,103.0
10109837MORETTIJ_2025-06-17_G21,10109837MORETTIJ,2025-06-17,111465,1,1,0,61.0
10109837MORETTIJ_2025-06-17_G22,10109837MORETTIJ,2025-06-17,111330,1,2,0,62.0
10109837MORETTIJ_2025-06-17_G23,10109837MORETTIJ,2025-06-17,110339,1,2,0,82.0
10109837MORETTIJ_2025-06-17_G24,10109837MORETTIJ,2025-06-17,109640,1,4,0,96.0
10109837MORETTIJ_2025-06-17_G25,10109837MORETTIJ,2025-06-17,110895,1,3,0,93.0
10109837MORETTIJ_2025-06-17_G26,10109837MORETTIJ,2025-06-17,117808,1,9,0,321.0
10109837MORETTIJ_2025-06-17_G27,10109837MORETTIJ,2025-06-17,110376,1,6,0,100.0
10109837MORETTIJ_2025-06-17_G28,10109837MORETTIJ,2025-06-17,117830,1,2,0,78.0
10109837MORETTIJ_2025-06-17_G29,10109837MORETTIJ,2025-06-17,110373,1,4,0,52.0
10109837MORETTIJ_2025-06-17_G30,10109837MORETTIJ,2025-06-17,118299,1,4,0,54.0
10109837MORETTIJ_2025-06-17_G31,10109837MORETTIJ,2025-06-17,118299,1,4,0,44.0
10109837MORETTIJ_2025-06-17_G32,10109837MORETTIJ,2025-06-17,110372,1,34,0,340.0
10109837MORETTIJ_2025-06-17_G33,10109837MORETTIJ,2025-06-17,110372,1,4,0,37.0
10109837MORETTIJ_2025-06-17_G34,10109837MORETTIJ,2025-06-17,110371,1,9,0,138.0
10109837MORETTIJ_2025-06-17_G35,10109837MORETTIJ,2025-06-17,117820,1,4,0,66.0
10109837MORETTIJ_2025-06-17_G36,10109837MORETTIJ,2025-06-17,117820,1,1,0,32.0
10109837MORETTIJ_2025-06-17_G37,10109837MORETTIJ,2025-06-17,111602,1,5,0,254.0
10109837MORETTIJ_2025-06-17_G38,10109837MORETTIJ,2025-06-17,108794,1,4,0,187.0
10109837MORETTIJ_2025-06-17_G39,10109837MORETTIJ,2025-06-17,111463,1,1,0,35.0
10109837MORETTIJ_2025-06-17_G40,10109837MORETTIJ,2025-06-17,111468,1,4,0,87.0
10109837MORETTIJ_2025-06-17_G41,10109837MORETTIJ,2025-06-17,111466,1,2,0,41.0
10109837MORETTIJ_2025-06-17_G42,10109837MORETTIJ,2025-06-17,111462,1,2,0,77.0
10109837MORETTIJ_2025-06-17_G43,10109837MORETTIJ,2025-06-17,111418,1,2,0,106.0
10109837MORETTIJ_2025-06-17_G44,10109837MORETTIJ,2025-06-17,107236,1,2,0,83.0
10109837MORETTIJ_2025-06-17_G45,10109837MORETTIJ,2025-06-17,111465,1,6,0,64.0
10109837MORETTIJ_2025-06-17_G46,10109837MORETTIJ,2025-06-17,110895,1,1,0,81.0
10109837MORETTIJ_2025-06-17_G47,10109837MORETTIJ,2025-06-17,117808,1,8,0,367.0
10109837MORETTIJ_2025-06-17_G48,10109837MORETTIJ,2025-06-17,117832,1,2,0,87.0
10109837MORETTIJ_2025-06-17_G49,10109837MORETTIJ,2025-06-17,110373,1,6,0,56.0
10109837MORETTIJ_2025-06-17_G50,10109837MORETTIJ,2025-06-17,118299,1,10,0,162.0
10109837MORETTIJ_2025-06-17_G51,10109837MORETTIJ,2025-06-17,110372,1,5,0,49.0
10109837MORETTIJ_2025-06-17_G52,10109837MORETTIJ,2025-06-17,110372,1,2,0,67.0
10109837MORETTIJ_2025-06-17_G53,10109837MORETTIJ,2025-06-17,117855,1,4,0,1715.0
10109837MORETTIJ_2025-06-17_G54,10109837MORETTIJ,2025-06-17,110733,1,5,0,106.0
10109837MORETTIJ_2025-06-17_G55,10109837MORETTIJ,2025-06-17,117856,1,2,0,82.0
10109837MORETTIJ_2025-06-17_G56,10109837MORETTIJ,2025-06-17,111602,1,1,0,55.0
10109837MORETTIJ_2025-06-17_G57,10109837MORETTIJ,2025-06-17,117785,1,2,0,86.0
10109837MORETTIJ_2025-06-17_G58,10109837MORETTIJ,2025-06-17,110751,1,6,0,80.0
10109837MORETTIJ_2025-06-17_G59,10109837MORETTIJ,2025-06-17,109645,1,1,0,86.0
10109837MORETTIJ_2025-06-17_G60,10109837MORETTIJ,2025-06-17,111444,1,2,0,69.0
10109837MORETTIJ_2025-06-17_G61,10109837MORETTIJ,2025-06-17,110747,1,6,0,199.0
10109837MORETTIJ_2025-06-17_G62,10109837MORETTIJ,2025-06-17,110895,1,2,0,77.0
10109837MORETTIJ_2025-06-17_G63,10109837MORETTIJ,2025-06-17,110325,1,1,0,88.0
10109837MORETTIJ_2025-06-17_G64,10109837MORETTIJ,2025-06-17,117820,1,14,0,196.0
10109837MORETTIJ_2025-06-17_G65,10109837MORETTIJ,2025-06-17,110373,1,8,0,235.0
10109837MORETTIJ_2025-06-17_G66,10109837MORETTIJ,2025-06-17,110787,1,2,0,1256.0
10109837MORETTIJ_2025-06-17_G67,10109837MORETTIJ,2025-06-17,111330,1,8,0,134.0
10109837MORETTIJ_2025-06-17_G68,10109837MORETTIJ,2025-06-17,110895,1,1,0,130.0
10109837MORETTIJ_2025-06-17_G69,10109837MORETTIJ,2025-06-17,110787,1,16,0,285.0
10109837MORETTIJ_2025-06-17_G70,10109837MORETTIJ,2025-06-17,141823,1,1,0,646.0
10109837MORETTIJ_2025-06-17_G71,10109837MORETTIJ,2025-06-17,118222,1,8,0,303.0
10109837MORETTIJ_2025-06-17_G72,10109837MORETTIJ,2025-06-17,108794,1,30,0,701.0
10109837MORETTIJ_2025-06-17_G73,10109837MORETTIJ,2025-06-17,111463,1,23,0,132.0
10109837MORETTIJ_2025-06-17_G74,10109837MORETTIJ,2025-06-17,"117842, 111330",2,6,10,85.0
10109837MORETTIJ_2025-06-17_G76,10109837MORETTIJ,2025-06-17,118299,1,3,0,36.0
10109837MORETTIJ_2025-06-17_G77,10109837MORETTIJ,2025-06-17,110372,1,7,0,91.0
10109837MORETTIJ_2025-06-17_G78,10109837MORETTIJ,2025-06-17,117809,1,12,0,137.0
10109837MORETTIJ_2025-06-17_G79,10109837MORETTIJ,2025-06-17,117820,1,2,0,51.0
10109837MORETTIJ_2025-06-17_G80,10109837MORETTIJ,2025-06-17,141202,1,12,0,99.0
10109837MORETTIJ_2025-06-17_G81,10109837MORETTIJ,2025-06-17,111530,1,11,0,494.0
10109837MORETTIJ_2025-06-17_G82,10109837MORETTIJ,2025-06-17,111532,1,16,0,186.0
10109837MORETTIJ_2025-06-17_G83,10109837MORETTIJ,2025-06-17,118229,1,4,0,1633.0
10109837MORETTIJ_2025-06-17_G84,10109837MORETTIJ,2025-06-17,160050,1,2,0,246.0
10109837MORETTIJ_2025-06-17_G85,10109837MORETTIJ,2025-06-17,111436,1,6,0,832.0
10109837MORETTIJ_2025-06-17_G86,10109837MORETTIJ,2025-06-17,110747,1,6,0,259.0
10109837MORETTIJ_2025-06-17_G87,10109837MORETTIJ,2025-06-17,110742,1,8,0,123.0
10109837MORETTIJ_2025-06-17_G88,10109837MORETTIJ,2025-06-17,118306,1,5,0,178.0
10109837MORETTIJ_2025-06-17_G89,10109837MORETTIJ,2025-06-17,111437,1,4,0,186.0
10109837MORETTIJ_2025-06-17_G90,10109837MORETTIJ,2025-06-17,111441,1,32,0,528.0
10109837MORETTIJ_2025-06-17_G91,10109837MORETTIJ,2025-06-17,110895,1,12,0,398.0
10109837MORETTIJ_2025-06-17_G92,10109837MORETTIJ,2025-06-17,111655,1,8,0,174.0
10109837MORETTIJ_2025-06-17_G93,10109837MORETTIJ,2025-06-17,108759,1,4,0,274.0
10109837MORETTIJ_2025-06-17_G94,10109837MORETTIJ,2025-06-17,118253,1,8,0,220.0
10109837MORETTIJ_2025-06-17_G95,10109837MORETTIJ,2025-06-17,160057,1,2,0,123.0
10109837MORETTIJ_2025-06-17_G96,10109837MORETTIJ,2025-06-17,116527,1,8,0,339.0
10109837MORETTIJ_2025-06-17_G97,10109837MORETTIJ,2025-06-17,108770,1,12,0,171.0
10109837MORETTIJ_2025-06-17_G98,10109837MORETTIJ,2025-06-17,118222,1,32,0,671.0
10109837MORETTIJ_2025-06-17_G99,10109837MORETTIJ,2025-06-17,111850,1,12,0,209.0
10109837MORETTIJ_2025-06-17_G100,10109837MORETTIJ,2025-06-17,117834,1,20,0,606.0
10109837MORETTIJ_2025-06-18_G02,10109837MORETTIJ,2025-06-18,140922,1,2,0,87.0
10109837MORETTIJ_2025-06-18_G03,10109837MORETTIJ,2025-06-18,117833,1,4,0,97.0
10109837MORETTIJ_2025-06-18_G04,10109837MORETTIJ,2025-06-18,111469,1,4,0,67.0
10109837MORETTIJ_2025-06-18_G05,10109837MORETTIJ,2025-06-18,111462,1,4,0,118.0
10109837MORETTIJ_2025-06-18_G06,10109837MORETTIJ,2025-06-18,109645,1,5,0,106.0
10109837MORETTIJ_2025-06-18_G07,10109837MORETTIJ,2025-06-18,111433,1,4,0,77.0
10109837MORETTIJ_2025-06-18_G08,10109837MORETTIJ,2025-06-18,111418,1,4,0,47.0
10109837MORETTIJ_2025-06-18_G09,10109837MORETTIJ,2025-06-18,118140,1,5,0,98.0
10109837MORETTIJ_2025-06-18_G10,10109837MORETTIJ,2025-06-18,107236,1,4,0,71.0
10109837MORETTIJ_2025-06-18_G11,10109837MORETTIJ,2025-06-18,111435,1,4,0,914.0
10109837MORETTIJ_2025-06-18_G12,10109837MORETTIJ,2025-06-18,110325,1,1,0,65.0
10109837MORETTIJ_2025-06-18_G13,10109837MORETTIJ,2025-06-18,110325,1,8,0,49.0
10109837MORETTIJ_2025-06-18_G14,10109837MORETTIJ,2025-06-18,117832,1,4,0,134.0
10109837MORETTIJ_2025-06-18_G15,10109837MORETTIJ,2025-06-18,117830,1,4,0,52.0
10109837MORETTIJ_2025-06-18_G16,10109837MORETTIJ,2025-06-18,110373,1,6,0,70.0
10109837MORETTIJ_2025-06-18_G17,10109837MORETTIJ,2025-06-18,110372,1,4,0,67.0
10109837MORETTIJ_2025-06-18_G18,10109837MORETTIJ,2025-06-18,117820,1,20,0,420.0
10109837MORETTIJ_2025-06-18_G19,10109837MORETTIJ,2025-06-18,141202,1,2,0,50.0
10109837MORETTIJ_2025-06-18_G20,10109837MORETTIJ,2025-06-18,117808,1,30,0,233.0
10109837MORETTIJ_2025-06-18_G21,10109837MORETTIJ,2025-06-18,110747,1,8,0,119.0
10109837MORETTIJ_2025-06-18_G22,10109837MORETTIJ,2025-06-18,110742,1,8,0,131.0
10109837MORETTIJ_2025-06-18_G23,10109837MORETTIJ,2025-06-18,100334,1,2,0,96.0
10109837MORETTIJ_2025-06-18_G24,10109837MORETTIJ,2025-06-18,111850,1,5,0,391.0
10109837MORETTIJ_2025-06-18_G25,10109837MORETTIJ,2025-06-18,110895,1,1,0,87.0
10109837MORETTIJ_2025-06-18_G26,10109837MORETTIJ,2025-06-18,117965,1,3,0,122.0
10109837MORETTIJ_2025-06-18_G27,10109837MORETTIJ,2025-06-18,107629,1,1,0,111.0
10109837MORETTIJ_2025-06-18_G28,10109837MORETTIJ,2025-06-18,111602,1,4,0,119.0
10109837MORETTIJ_2025-06-18_G29,10109837MORETTIJ,2025-06-18,117862,1,4,0,282.0
10109837MORETTIJ_2025-06-18_G30,10109837MORETTIJ,2025-06-18,117808,1,8,0,237.0
10109837MORETTIJ_2025-06-18_G31,10109837MORETTIJ,2025-06-18,108795,1,4,0,2266.0
10109837MORETTIJ_2025-06-18_G32,10109837MORETTIJ,2025-06-18,117785,1,4,0,55.0
10109837MORETTIJ_2025-06-18_G33,10109837MORETTIJ,2025-06-18,117785,1,12,0,79.0
10109837MORETTIJ_2025-06-18_G34,10109837MORETTIJ,2025-06-18,111463,1,8,0,102.0
10109837MORETTIJ_2025-06-18_G35,10109837MORETTIJ,2025-06-18,140922,1,14,0,389.0
10109837MORETTIJ_2025-06-18_G36,10109837MORETTIJ,2025-06-18,111466,1,20,0,357.0
10109837MORETTIJ_2025-06-18_G37,10109837MORETTIJ,2025-06-18,117831,1,10,0,426.0
10109837MORETTIJ_2025-06-18_G38,10109837MORETTIJ,2025-06-18,111469,1,12,0,143.0
10109837MORETTIJ_2025-06-18_G39,10109837MORETTIJ,2025-06-18,111469,1,10,0,101.0
10109837MORETTIJ_2025-06-18_G40,10109837MORETTIJ,2025-06-18,117842,1,2,0,96.0
10109837MORETTIJ_2025-06-18_G41,10109837MORETTIJ,2025-06-18,109645,1,8,0,128.0
10109837MORETTIJ_2025-06-18_G42,10109837MORETTIJ,2025-06-18,117821,1,4,0,128.0
10109837MORETTIJ_2025-06-18_G43,10109837MORETTIJ,2025-06-18,111442,1,6,0,148.0
10109837MORETTIJ_2025-06-18_G44,10109837MORETTIJ,2025-06-18,141823,1,6,0,55.0
10109837MORETTIJ_2025-06-18_G45,10109837MORETTIJ,2025-06-18,110787,1,5,0,153.0
10109837MORETTIJ_2025-06-18_G46,10109837MORETTIJ,2025-06-18,118140,1,15,0,396.0
10109837MORETTIJ_2025-06-18_G47,10109837MORETTIJ,2025-06-18,111433,1,2,0,101.0
10109837MORETTIJ_2025-06-18_G48,10109837MORETTIJ,2025-06-18,111418,1,8,0,65.0
10109837MORETTIJ_2025-06-18_G49,10109837MORETTIJ,2025-06-18,111850,1,4,0,127.0
10109837MORETTIJ_2025-06-18_G50,10109837MORETTIJ,2025-06-18,110623,1,4,0,221.0
10109837MORETTIJ_2025-06-18_G51,10109837MORETTIJ,2025-06-18,117822,1,6,0,297.0
10109837MORETTIJ_2025-06-18_G52,10109837MORETTIJ,2025-06-18,117832,1,4,0,141.0
10109837MORETTIJ_2025-06-18_G53,10109837MORETTIJ,2025-06-18,117830,1,10,0,108.0
10109837MORETTIJ_2025-06-18_G54,10109837MORETTIJ,2025-06-18,110373,1,10,0,137.0
10109837MORETTIJ_2025-06-18_G55,10109837MORETTIJ,2025-06-18,110372,1,40,0,668.0
10109837MORETTIJ_2025-06-18_G56,10109837MORETTIJ,2025-06-18,117809,1,8,0,124.0
10109837MORETTIJ_2025-06-18_G58,10109837MORETTIJ,2025-06-18,109643,1,8,0,758.0
10109837MORETTIJ_2025-06-18_G59,10109837MORETTIJ,2025-06-18,110371,1,40,0,684.0
10109837MORETTIJ_2025-06-18_G60,10109837MORETTIJ,2025-06-18,141262,1,12,0,468.0
10109837MORETTIJ_2025-06-18_G61,10109837MORETTIJ,2025-06-18,111634,1,4,0,213.0
10109837MORETTIJ_2025-06-18_G62,10109837MORETTIJ,2025-06-18,111740,1,12,0,283.0
10109837MORETTIJ_2025-06-18_G63,10109837MORETTIJ,2025-06-18,111751,1,10,0,222.0
10109837MORETTIJ_2025-06-18_G64,10109837MORETTIJ,2025-06-18,141261,1,12,0,209.0
10109837MORETTIJ_2025-06-18_G65,10109837MORETTIJ,2025-06-18,111722,1,24,0,287.0
10109837MORETTIJ_2025-06-18_G66,10109837MORETTIJ,2025-06-18,111738,1,8,0,743.0
10109837MORETTIJ_2025-06-18_G67,10109837MORETTIJ,2025-06-18,111759,1,8,0,153.0
10109837MORETTIJ_2025-06-18_G68,10109837MORETTIJ,2025-06-18,111754,1,4,0,223.0
10109837MORETTIJ_2025-06-18_G69,10109837MORETTIJ,2025-06-18,160054,1,2,0,1427.0
10109837MORETTIJ_2025-06-18_G70,10109837MORETTIJ,2025-06-18,160051,1,3,0,202.0
10109837MORETTIJ_2025-06-18_G71,10109837MORETTIJ,2025-06-18,117935,1,6,0,207.0
10109837MORETTIJ_2025-06-18_G72,10109837MORETTIJ,2025-06-18,141262,1,60,0,956.0
10109837MORETTIJ_2025-06-18_G73,10109837MORETTIJ,2025-06-18,111751,1,5,0,926.0
10109837MORETTIJ_2025-06-18_G74,10109837MORETTIJ,2025-06-18,111634,1,55,0,1498.0
10109837MORETTIJ_2025-06-18_G75,10109837MORETTIJ,2025-06-18,111737,1,2,0,470.0
10109837MORETTIJ_2025-06-18_G76,10109837MORETTIJ,2025-06-18,111754,1,1,0,186.0
10109837MORETTIJ_2025-06-18_G77,10109837MORETTIJ,2025-06-18,111757,1,4,0,235.0
10109837MORETTIJ_2025-06-18_G78,10109837MORETTIJ,2025-06-18,111738,1,30,0,716.0
10109837MORETTIJ_2025-06-18_G79,10109837MORETTIJ,2025-06-18,111755,1,20,0,250.0
10109837MORETTIJ_2025-06-20_G02,10109837MORETTIJ,2025-06-20,111743,1,6,0,79.0
10109837MORETTIJ_2025-06-20_G03,10109837MORETTIJ,2025-06-20,116241,1,2,0,59.0
10109837MORETTIJ_2025-06-20_G04,10109837MORETTIJ,2025-06-20,105705,1,6,0,124.0
10109837MORETTIJ_2025-06-20_G05,10109837MORETTIJ,2025-06-20,111463,1,8,0,94.0
10109837MORETTIJ_2025-06-20_G06,10109837MORETTIJ,2025-06-20,117838,1,8,0,145.0
10109837MORETTIJ_2025-06-20_G07,10109837MORETTIJ,2025-06-20,140922,1,6,0,87.0
10109837MORETTIJ_2025-06-20_G08,10109837MORETTIJ,2025-06-20,111532,1,5,0,129.0
10109837MORETTIJ_2025-06-20_G09,10109837MORETTIJ,2025-06-20,111442,1,2,0,89.0
10109837MORETTIJ_2025-06-20_G10,10109837MORETTIJ,2025-06-20,118330,1,8,0,224.0
10109837MORETTIJ_2025-06-20_G11,10109837MORETTIJ,2025-06-20,118140,1,15,0,459.0
10109837MORETTIJ_2025-06-20_G12,10109837MORETTIJ,2025-06-20,118299,1,100,0,980.0
10109837MORETTIJ_2025-06-20_G13,10109837MORETTIJ,2025-06-20,118299,1,134,0,415.0
10109837MORETTIJ_2025-06-20_G14,10109837MORETTIJ,2025-06-20,117808,1,16,0,151.0
10109837MORETTIJ_2025-06-20_G15,10109837MORETTIJ,2025-06-20,117808,1,84,0,572.0
10109837MORETTIJ_2025-06-20_G16,10109837MORETTIJ,2025-06-20,117808,1,216,0,811.0
10109837MORETTIJ_2025-06-20_G17,10109837MORETTIJ,2025-06-20,110373,1,50,0,733.0
10109837MORETTIJ_2025-06-20_G18,10109837MORETTIJ,2025-06-20,117820,1,108,0,716.0
10109837MORETTIJ_2025-06-20_G19,10109837MORETTIJ,2025-06-20,117853,1,6,0,737.0
10109837MORETTIJ_2025-06-20_G20,10109837MORETTIJ,2025-06-20,110750,1,4,0,403.0
10109837MORETTIJ_2025-06-20_G21,10109837MORETTIJ,2025-06-20,111330,1,8,0,1902.0
10109837MORETTIJ_2025-06-20_G22,10109837MORETTIJ,2025-06-20,110787,1,4,0,432.0
10109837MORETTIJ_2025-06-20_G23,10109837MORETTIJ,2025-06-20,110787,1,4,0,107.0
10109837MORETTIJ_2025-06-20_G24,10109837MORETTIJ,2025-06-20,110787,1,2,0,62.0
10109837MORETTIJ_2025-06-20_G25,10109837MORETTIJ,2025-06-20,110787,1,4,0,130.0
10109837MORETTIJ_2025-06-20_G26,10109837MORETTIJ,2025-06-20,107830,1,8,0,641.0
10109837MORETTIJ_2025-06-20_G27,10109837MORETTIJ,2025-06-20,111530,1,7,0,607.0
10109837MORETTIJ_2025-06-20_G28,10109837MORETTIJ,2025-06-20,111530,1,5,0,112.0
10109837MORETTIJ_2025-06-20_G29,10109837MORETTIJ,2025-06-20,110313,1,3,0,118.0
10109837MORETTIJ_2025-06-20_G30,10109837MORETTIJ,2025-06-20,117808,1,4,0,264.0
10109837MORETTIJ_2025-06-20_G31,10109837MORETTIJ,2025-06-20,110376,1,4,0,90.0
10109837MORETTIJ_2025-06-20_G32,10109837MORETTIJ,2025-06-20,117820,2,6,28,59.0
10109837MORETTIJ_2025-06-20_G33,10109837MORETTIJ,2025-06-20,118299,1,10,0,171.0
10109837MORETTIJ_2025-06-20_G34,10109837MORETTIJ,2025-06-20,111182,1,12,0,120.0
10109837MORETTIJ_2025-06-20_G35,10109837MORETTIJ,2025-06-20,111182,1,6,0,54.0
10109837MORETTIJ_2025-06-20_G36,10109837MORETTIJ,2025-06-20,111182,1,6,0,52.0
10109837MORETTIJ_2025-06-20_G37,10109837MORETTIJ,2025-06-20,140922,1,6,0,69.0
10109837MORETTIJ_2025-06-20_G38,10109837MORETTIJ,2025-06-20,111469,1,4,0,76.0
10109837MORETTIJ_2025-06-20_G39,10109837MORETTIJ,2025-06-20,118299,1,60,0,541.0
10109837MORETTIJ_2025-06-20_G41,10109837MORETTIJ,2025-06-20,107830,1,20,0,950.0
10109837MORETTIJ_2025-06-20_G42,10109837MORETTIJ,2025-06-20,109648,1,6,0,161.0
10109837MORETTIJ_2025-06-20_G43,10109837MORETTIJ,2025-06-20,109648,1,5,0,109.0
10109837MORETTIJ_2025-06-20_G44,10109837MORETTIJ,2025-06-20,118299,1,170,0,421.0
10109837MORETTIJ_2025-06-20_G45,10109837MORETTIJ,2025-06-20,110373,1,50,0,240.0
10109837MORETTIJ_2025-06-20_G46,10109837MORETTIJ,2025-06-20,110372,1,70,0,541.0
10109837MORETTIJ_2025-06-20_G47,10109837MORETTIJ,2025-06-20,108711,1,40,0,996.0
10109837MORETTIJ_2025-06-20_G48,10109837MORETTIJ,2025-06-20,109641,1,12,0,430.0
10109837MORETTIJ_2025-06-20_G49,10109837MORETTIJ,2025-06-20,111433,1,10,0,144.0
10109837MORETTIJ_2025-06-20_G50,10109837MORETTIJ,2025-06-20,107236,1,9,0,178.0
10109837MORETTIJ_2025-06-20_G51,10109837MORETTIJ,2025-06-20,110313,1,16,0,726.0
10109837MORETTIJ_2025-06-20_G52,10109837MORETTIJ,2025-06-20,111876,1,16,0,242.0
10109837MORETTIJ_2025-06-20_G53,10109837MORETTIJ,2025-06-20,108772,1,30,0,541.0
10109837MORETTIJ_2025-06-21_G02,10109837MORETTIJ,2025-06-21,140922,1,7,0,110.0
10109837MORETTIJ_2025-06-21_G03,10109837MORETTIJ,2025-06-21,111742,1,19,0,363.0
10109837MORETTIJ_2025-06-21_G04,10109837MORETTIJ,2025-06-21,111729,1,38,0,1125.0
10109837MORETTIJ_2025-06-21_G05,10109837MORETTIJ,2025-06-21,111737,1,10,0,1249.0
10109837MORETTIJ_2025-06-21_G06,10109837MORETTIJ,2025-06-21,111754,1,5,0,505.0
10109837MORETTIJ_2025-06-21_G07,10109837MORETTIJ,2025-06-21,110743,1,5,0,2353.0
10109837MORETTIJ_2025-06-21_G08,10109837MORETTIJ,2025-06-21,111743,1,6,0,75.0
10109837MORETTIJ_2025-06-21_G09,10109837MORETTIJ,2025-06-21,105705,1,2,0,52.0
10109837MORETTIJ_2025-06-21_G10,10109837MORETTIJ,2025-06-21,108794,1,7,0,133.0
10109837MORETTIJ_2025-06-21_G11,10109837MORETTIJ,2025-06-21,111463,1,9,0,174.0
10109837MORETTIJ_2025-06-21_G12,10109837MORETTIJ,2025-06-21,140922,1,5,0,92.0
10109837MORETTIJ_2025-06-21_G13,10109837MORETTIJ,2025-06-21,111466,1,24,0,431.0
10109837MORETTIJ_2025-06-21_G14,10109837MORETTIJ,2025-06-21,117833,1,13,0,98.0
10109837MORETTIJ_2025-06-21_G15,10109837MORETTIJ,2025-06-21,111172,1,5,0,69.0
10109837MORETTIJ_2025-06-21_G16,10109837MORETTIJ,2025-06-21,111532,1,3,0,97.0
10109837MORETTIJ_2025-06-21_G17,10109837MORETTIJ,2025-06-21,109641,1,2,0,102.0
10109837MORETTIJ_2025-06-21_G18,10109837MORETTIJ,2025-06-21,109645,1,2,0,121.0
10109837MORETTIJ_2025-06-21_G19,10109837MORETTIJ,2025-06-21,"111418, 110787",2,4,25,125.0
10109837MORETTIJ_2025-06-21_G20,10109837MORETTIJ,2025-06-21,118140,1,7,0,105.0
10109837MORETTIJ_2025-06-21_G21,10109837MORETTIJ,2025-06-21,111742,1,19,0,315.0
10109837MORETTIJ_2025-06-21_G22,10109837MORETTIJ,2025-06-21,111759,1,31,0,358.0
10109837MORETTIJ_2025-06-21_G23,10109837MORETTIJ,2025-06-21,111761,1,6,0,293.0
10109837MORETTIJ_2025-06-21_G24,10109837MORETTIJ,2025-06-21,111761,1,8,0,587.0
10109837MORETTIJ_2025-06-21_G25,10109837MORETTIJ,2025-06-21,111723,1,14,0,1810.0
10109837MORETTIJ_2025-06-21_G26,10109837MORETTIJ,2025-06-21,118191,1,487,0,1132.0
10109837MORETTIJ_2025-06-21_G27,10109837MORETTIJ,2025-06-21,117822,1,17,0,279.0
10109837MORETTIJ_2025-06-21_G28,10109837MORETTIJ,2025-06-21,110374,1,6,0,89.0
10109837MORETTIJ_2025-06-21_G29,10109837MORETTIJ,2025-06-21,110372,1,25,0,174.0
10109837MORETTIJ_2025-06-21_G30,10109837MORETTIJ,2025-06-21,110371,1,32,0,229.0
10109837MORETTIJ_2025-06-21_G31,10109837MORETTIJ,2025-06-21,141202,1,24,0,295.0
10109837MORETTIJ_2025-06-21_G32,10109837MORETTIJ,2025-06-21,117809,1,35,0,242.0
10109837MORETTIJ_2025-06-21_G33,10109837MORETTIJ,2025-06-21,111530,1,17,0,392.0
10109837MORETTIJ_2025-06-21_G34,10109837MORETTIJ,2025-06-21,110711,1,6,0,82.0
10109837MORETTIJ_2025-06-21_G35,10109837MORETTIJ,2025-06-21,110733,1,9,0,171.0
10109837MORETTIJ_2025-06-21_G36,10109837MORETTIJ,2025-06-21,117935,1,6,0,252.0
10109837MORETTIJ_2025-06-21_G37,10109837MORETTIJ,2025-06-21,111467,1,9,0,103.0
10109837MORETTIJ_2025-06-21_G38,10109837MORETTIJ,2025-06-21,117862,1,35,0,215.0
10109837MORETTIJ_2025-06-21_G39,10109837MORETTIJ,2025-06-21,110515,1,36,0,300.0
10109837MORETTIJ_2025-06-21_G40,10109837MORETTIJ,2025-06-21,110740,1,4,0,1144.0
10109837MORETTIJ_2025-06-21_G41,10109837MORETTIJ,2025-06-21,110711,1,8,0,190.0
10109837MORETTIJ_2025-06-21_G42,10109837MORETTIJ,2025-06-21,107830,1,4,0,106.0
10109837MORETTIJ_2025-06-21_G43,10109837MORETTIJ,2025-06-21,110740,1,6,0,144.0
10109837MORETTIJ_2025-06-21_G44,10109837MORETTIJ,2025-06-21,117935,1,15,0,327.0
10109837MORETTIJ_2025-06-21_G45,10109837MORETTIJ,2025-06-21,100334,1,3,0,200.0
10109837MORETTIJ_2025-06-21_G46,10109837MORETTIJ,2025-06-21,118222,1,6,0,313.0
10109837MORETTIJ_2025-06-21_G47,10109837MORETTIJ,2025-06-21,107629,1,4,0,382.0
10109837MORETTIJ_2025-06-21_G48,10109837MORETTIJ,2025-06-21,141047,1,6,0,150.0
10109837MORETTIJ_2025-06-21_G49,10109837MORETTIJ,2025-06-21,111467,1,4,0,96.0
10109837MORETTIJ_2025-06-21_G50,10109837MORETTIJ,2025-06-21,110711,1,50,0,330.0
10109837MORETTIJ_2025-06-21_G51,10109837MORETTIJ,2025-06-21,110371,1,2,0,125.0
10109837MORETTIJ_2025-06-21_G52,10109837MORETTIJ,2025-06-21,110373,1,7,0,130.0
10109837MORETTIJ_2025-06-21_G53,10109837MORETTIJ,2025-06-21,111172,1,4,0,87.0
10109837MORETTIJ_2025-06-21_G54,10109837MORETTIJ,2025-06-21,111761,1,4,0,283.0
10109837MORETTIJ_2025-06-21_G55,10109837MORETTIJ,2025-06-21,110373,1,1,0,133.0
10109837MORETTIJ_2025-06-21_G56,10109837MORETTIJ,2025-06-21,110740,1,8,0,134.0
10109837MORETTIJ_2025-06-21_G57,10109837MORETTIJ,2025-06-21,110372,1,15,0,860.0
10109837MORETTIJ_2025-06-21_G58,10109837MORETTIJ,2025-06-21,110313,1,2,0,146.0
10109837MORETTIJ_2025-06-21_G59,10109837MORETTIJ,2025-06-21,110711,1,6,0,111.0
10109837MORETTIJ_2025-06-21_G60,10109837MORETTIJ,2025-06-21,107830,1,2,0,87.0
10109837MORETTIJ_2025-06-21_G61,10109837MORETTIJ,2025-06-21,107830,1,4,0,123.0
10109837MORETTIJ_2025-06-21_G62,10109837MORETTIJ,2025-06-21,110740,1,2,0,132.0
10109837MORETTIJ_2025-06-21_G63,10109837MORETTIJ,2025-06-21,110711,1,3,0,136.0
10109837MORETTIJ_2025-06-23_G02,10109837MORETTIJ,2025-06-23,118299,1,12,0,179.0
10109837MORETTIJ_2025-06-23_G03,10109837MORETTIJ,2025-06-23,110371,1,5,0,102.0
10109837MORETTIJ_2025-06-23_G04,10109837MORETTIJ,2025-06-23,110372,1,17,0,199.0
10109837MORETTIJ_2025-06-23_G05,10109837MORETTIJ,2025-06-23,117809,1,4,0,59.0
10109837MORETTIJ_2025-06-23_G06,10109837MORETTIJ,2025-06-23,117841,1,4,0,470.0
10109837MORETTIJ_2025-06-23_G07,10109837MORETTIJ,2025-06-23,111431,1,2,0,82.0
10109837MORETTIJ_2025-06-23_G08,10109837MORETTIJ,2025-06-23,110740,1,2,0,90.0
10109837MORETTIJ_2025-06-23_G09,10109837MORETTIJ,2025-06-23,118317,1,5,0,148.0
10109837MORETTIJ_2025-06-23_G10,10109837MORETTIJ,2025-06-23,140922,1,8,0,576.0
10109837MORETTIJ_2025-06-23_G12,10109837MORETTIJ,2025-06-23,110751,1,1,0,148.0
10109837MORETTIJ_2025-06-23_G13,10109837MORETTIJ,2025-06-23,110745,1,4,0,142.0
10109837MORETTIJ_2025-06-23_G14,10109837MORETTIJ,2025-06-23,109641,1,5,0,218.0
10109837MORETTIJ_2025-06-23_G15,10109837MORETTIJ,2025-06-23,111462,1,1,0,55.0
10109837MORETTIJ_2025-06-23_G16,10109837MORETTIJ,2025-06-23,111462,1,130,0,1415.0
10109837MORETTIJ_2025-06-23_G17,10109837MORETTIJ,2025-06-23,118094,1,19,0,602.0
10109837MORETTIJ_2025-06-23_G18,10109837MORETTIJ,2025-06-23,108772,1,4,0,246.0
10109837MORETTIJ_2025-06-23_G19,10109837MORETTIJ,2025-06-23,117856,1,8,0,290.0
10109837MORETTIJ_2025-06-23_G20,10109837MORETTIJ,2025-06-23,110515,1,33,0,968.0
10109837MORETTIJ_2025-06-24_G02,10109837MORETTIJ,2025-06-24,117808,1,10,0,576.0
10109837MORETTIJ_2025-06-24_G03,10109837MORETTIJ,2025-06-24,110372,1,20,0,185.0
10109837MORETTIJ_2025-06-24_G04,10109837MORETTIJ,2025-06-24,111468,1,10,0,107.0
10109837MORETTIJ_2025-06-24_G05,10109837MORETTIJ,2025-06-24,117808,1,4,0,187.0
10109837MORETTIJ_2025-06-24_G06,10109837MORETTIJ,2025-06-24,118299,1,8,0,118.0
10109837MORETTIJ_2025-06-24_G07,10109837MORETTIJ,2025-06-24,110373,1,2,0,104.0
10109837MORETTIJ_2025-06-24_G08,10109837MORETTIJ,2025-06-24,110372,1,2,0,152.0
10109837MORETTIJ_2025-06-24_G09,10109837MORETTIJ,2025-06-24,110747,1,2,0,140.0
10109837MORETTIJ_2025-06-24_G10,10109837MORETTIJ,2025-06-24,110895,1,1,0,102.0
10109837MORETTIJ_2025-06-24_G11,10109837MORETTIJ,2025-06-24,110129,1,4,0,218.0
10109837MORETTIJ_2025-06-24_G12,10109837MORETTIJ,2025-06-24,111463,1,4,0,86.0
10109837MORETTIJ_2025-06-24_G13,10109837MORETTIJ,2025-06-24,140922,1,2,0,82.0
10109837MORETTIJ_2025-06-24_G14,10109837MORETTIJ,2025-06-24,117831,1,2,0,61.0
10109837MORETTIJ_2025-06-24_G15,10109837MORETTIJ,2025-06-24,110740,1,4,0,94.0
10109837MORETTIJ_2025-06-24_G16,10109837MORETTIJ,2025-06-24,117862,1,4,0,367.0
10109837MORETTIJ_2025-06-24_G17,10109837MORETTIJ,2025-06-24,107629,1,4,0,88.0
10109837MORETTIJ_2025-06-24_G18,10109837MORETTIJ,2025-06-24,110515,1,8,0,252.0
10109837MORETTIJ_2025-06-24_G19,10109837MORETTIJ,2025-06-24,117837,1,2,0,46.0
10109837MORETTIJ_2025-06-24_G20,10109837MORETTIJ,2025-06-24,117861,1,4,0,65.0
10109837MORETTIJ_2025-06-24_G21,10109837MORETTIJ,2025-06-24,141047,1,4,0,57.0
10109837MORETTIJ_2025-06-24_G22,10109837MORETTIJ,2025-06-24,117855,1,4,0,53.0
10109837MORETTIJ_2025-06-24_G23,10109837MORETTIJ,2025-06-24,110313,1,2,0,682.0
10109837MORETTIJ_2025-06-24_G24,10109837MORETTIJ,2025-06-24,110733,1,1,0,47.0
10109837MORETTIJ_2025-06-24_G25,10109837MORETTIJ,2025-06-24,111530,1,5,0,129.0
10109837MORETTIJ_2025-06-24_G26,10109837MORETTIJ,2025-06-24,117808,1,12,0,372.0
10109837MORETTIJ_2025-06-24_G27,10109837MORETTIJ,2025-06-24,118299,1,1,0,74.0
10109837MORETTIJ_2025-06-24_G28,10109837MORETTIJ,2025-06-24,117830,1,2,0,43.0
10109837MORETTIJ_2025-06-24_G29,10109837MORETTIJ,2025-06-24,110375,1,2,0,46.0
10109837MORETTIJ_2025-06-24_G30,10109837MORETTIJ,2025-06-24,110374,1,2,0,93.0
10109837MORETTIJ_2025-06-24_G31,10109837MORETTIJ,2025-06-24,117820,1,2,0,64.0
10109837MORETTIJ_2025-06-24_G32,10109837MORETTIJ,2025-06-24,117809,1,2,0,53.0
10109837MORETTIJ_2025-06-24_G33,10109837MORETTIJ,2025-06-24,110787,1,4,0,2120.0
10109837MORETTIJ_2025-06-24_G34,10109837MORETTIJ,2025-06-24,117831,1,1,0,115.0
10109837MORETTIJ_2025-06-24_G35,10109837MORETTIJ,2025-06-24,111462,1,4,0,103.0
10109837MORETTIJ_2025-06-24_G36,10109837MORETTIJ,2025-06-24,110740,1,4,0,229.0
10109837MORETTIJ_2025-06-24_G37,10109837MORETTIJ,2025-06-24,117787,1,4,0,82.0
10109837MORETTIJ_2025-06-24_G38,10109837MORETTIJ,2025-06-24,111465,1,1,0,50.0
10109837MORETTIJ_2025-06-24_G39,10109837MORETTIJ,2025-06-24,110376,1,2,0,145.0
10109837MORETTIJ_2025-06-24_G40,10109837MORETTIJ,2025-06-24,110374,1,1,0,140.0
10109837MORETTIJ_2025-06-24_G41,10109837MORETTIJ,2025-06-24,110371,1,3,0,76.0
10109837MORETTIJ_2025-06-24_G42,10109837MORETTIJ,2025-06-24,118094,1,1,0,111.0
10109837MORETTIJ_2025-06-24_G43,10109837MORETTIJ,2025-06-24,110339,1,4,0,315.0
10109837MORETTIJ_2025-06-24_G44,10109837MORETTIJ,2025-06-24,110515,1,3,0,219.0
10109837MORETTIJ_2025-06-24_G45,10109837MORETTIJ,2025-06-24,111850,1,4,0,103.0
10109837MORETTIJ_2025-06-24_G46,10109837MORETTIJ,2025-06-24,111851,1,2,0,664.0
10109837MORETTIJ_2025-06-24_G47,10109837MORETTIJ,2025-06-24,111705,1,2,0,155.0
10109837MORETTIJ_2025-06-24_G48,10109837MORETTIJ,2025-06-24,109643,1,4,0,133.0
10109837MORETTIJ_2025-06-24_G49,10109837MORETTIJ,2025-06-24,117855,1,8,0,197.0
10109837MORETTIJ_2025-06-24_G50,10109837MORETTIJ,2025-06-24,105705,1,6,0,183.0
10109837MORETTIJ_2025-06-24_G52,10109837MORETTIJ,2025-06-24,140922,1,3,0,169.0
10109837MORETTIJ_2025-06-24_G53,10109837MORETTIJ,2025-06-24,117831,1,4,0,144.0
10109837MORETTIJ_2025-06-24_G54,10109837MORETTIJ,2025-06-24,111462,1,8,0,201.0
10109837MORETTIJ_2025-06-24_G55,10109837MORETTIJ,2025-06-24,109645,1,2,0,74.0
10109837MORETTIJ_2025-06-24_G56,10109837MORETTIJ,2025-06-24,117787,1,4,0,54.0
10109837MORETTIJ_2025-06-24_G57,10109837MORETTIJ,2025-06-24,118140,1,4,0,111.0
10109837MORETTIJ_2025-06-24_G58,10109837MORETTIJ,2025-06-24,108711,1,1,0,180.0
10109837MORETTIJ_2025-06-24_G59,10109837MORETTIJ,2025-06-24,105705,1,1,0,463.0
10109837MORETTIJ_2025-06-24_G60,10109837MORETTIJ,2025-06-24,108711,1,4,0,81.0
10109837MORETTIJ_2025-06-24_G61,10109837MORETTIJ,2025-06-24,117833,1,1,0,47.0
10109837MORETTIJ_2025-06-24_G62,10109837MORETTIJ,2025-06-24,111466,1,4,0,49.0
10109837MORETTIJ_2025-06-24_G63,10109837MORETTIJ,2025-06-24,111462,1,8,0,147.0
10109837MORETTIJ_2025-06-24_G64,10109837MORETTIJ,2025-06-24,118140,1,12,0,149.0
10109837MORETTIJ_2025-06-24_G65,10109837MORETTIJ,2025-06-24,117809,1,29,0,2685.0
10109837MORETTIJ_2025-06-24_G66,10109837MORETTIJ,2025-06-24,140922,1,4,0,763.0
10109837MORETTIJ_2025-06-24_G67,10109837MORETTIJ,2025-06-24,111466,1,19,0,159.0
10109837MORETTIJ_2025-06-24_G68,10109837MORETTIJ,2025-06-24,111172,1,4,0,71.0
10109837MORETTIJ_2025-06-24_G69,10109837MORETTIJ,2025-06-24,111532,1,9,0,93.0
10109837MORETTIJ_2025-06-24_G70,10109837MORETTIJ,2025-06-24,111728,1,9,0,154.0
10109837MORETTIJ_2025-06-24_G71,10109837MORETTIJ,2025-06-24,109645,1,3,0,142.0
10109837MORETTIJ_2025-06-24_G72,10109837MORETTIJ,2025-06-24,111418,1,10,0,301.0
10109837MORETTIJ_2025-06-24_G73,10109837MORETTIJ,2025-06-24,111759,1,51,0,541.0
10109837MORETTIJ_2025-06-25_G02,10109837MORETTIJ,2025-06-25,118306,1,2,0,99.0
10109837MORETTIJ_2025-06-25_G03,10109837MORETTIJ,2025-06-25,111438,1,2,0,128.0
10109837MORETTIJ_2025-06-25_G04,10109837MORETTIJ,2025-06-25,117862,1,2,0,128.0
10109837MORETTIJ_2025-06-25_G05,10109837MORETTIJ,2025-06-25,109640,1,2,0,86.0
10109837MORETTIJ_2025-06-25_G06,10109837MORETTIJ,2025-06-25,110372,1,4,0,142.0
10109837MORETTIJ_2025-06-25_G07,10109837MORETTIJ,2025-06-25,117809,1,1,0,31.0
10109837MORETTIJ_2025-06-25_G08,10109837MORETTIJ,2025-06-25,110515,1,6,0,1446.0
10109837MORETTIJ_2025-06-25_G09,10109837MORETTIJ,2025-06-25,117861,1,2,0,60.0
10109837MORETTIJ_2025-06-25_G10,10109837MORETTIJ,2025-06-25,111438,1,2,0,104.0
10109837MORETTIJ_2025-06-25_G11,10109837MORETTIJ,2025-06-25,111569,1,4,0,249.0
10109837MORETTIJ_2025-06-25_G12,10109837MORETTIJ,2025-06-25,111463,1,400,0,2219.0
10109837MORETTIJ_2025-06-25_G13,10109837MORETTIJ,2025-06-25,111466,1,500,0,931.0
10109837MORETTIJ_2025-06-25_G14,10109837MORETTIJ,2025-06-25,117831,1,500,0,1471.0
10109837MORETTIJ_2025-06-25_G15,10109837MORETTIJ,2025-06-25,111440,1,20,0,804.0
10109837MORETTIJ_2025-06-25_G17,10109837MORETTIJ,2025-06-25,110515,1,6,0,190.0
10109837MORETTIJ_2025-06-25_G18,10109837MORETTIJ,2025-06-25,110372,1,2,0,106.0
10109837MORETTIJ_2025-06-25_G19,10109837MORETTIJ,2025-06-25,118140,1,4,0,1132.0
10109837MORETTIJ_2025-06-25_G20,10109837MORETTIJ,2025-06-25,117808,1,30,0,777.0
10109837MORETTIJ_2025-06-25_G21,10109837MORETTIJ,2025-06-25,110733,1,1,0,118.0
10109837MORETTIJ_2025-06-25_G22,10109837MORETTIJ,2025-06-25,111466,1,2,0,120.0
10109837MORETTIJ_2025-06-25_G23,10109837MORETTIJ,2025-06-25,117820,1,1,0,145.0
10109837MORETTIJ_2025-06-25_G24,10109837MORETTIJ,2025-06-25,111463,1,2,0,297.0
10109837MORETTIJ_2025-06-25_G25,10109837MORETTIJ,2025-06-25,108711,1,6,0,177.0
10109837MORETTIJ_2025-06-25_G26,10109837MORETTIJ,2025-06-25,111466,1,4,0,91.0
10109837MORETTIJ_2025-06-25_G27,10109837MORETTIJ,2025-06-25,117831,1,4,0,60.0
10109837MORETTIJ_2025-06-25_G28,10109837MORETTIJ,2025-06-25,118140,1,4,0,73.0
10109837MORETTIJ_2025-06-25_G29,10109837MORETTIJ,2025-06-25,110129,1,2,0,110.0
10109837MORETTIJ_2025-06-25_G30,10109837MORETTIJ,2025-06-25,117820,1,4,0,137.0
10109837MORETTIJ_2025-06-26_G02,10109837MORETTIJ,2025-06-26,110372,1,80,0,411.0
10109837MORETTIJ_2025-06-26_G03,10109837MORETTIJ,2025-06-26,117808,1,30,0,333.0
10109837MORETTIJ_2025-06-26_G04,10109837MORETTIJ,2025-06-26,118299,1,80,0,232.0
10109837MORETTIJ_2025-06-26_G05,10109837MORETTIJ,2025-06-26,108711,1,4,0,224.0
10109837MORETTIJ_2025-06-26_G06,10109837MORETTIJ,2025-06-26,111466,1,15,0,122.0
10109837MORETTIJ_2025-06-26_G07,10109837MORETTIJ,2025-06-26,111469,1,4,0,162.0
10109837MORETTIJ_2025-06-26_G08,10109837MORETTIJ,2025-06-26,110740,1,4,0,593.0
10109837MORETTIJ_2025-06-26_G09,10109837MORETTIJ,2025-06-26,110787,1,4,0,76.0
10109837MORETTIJ_2025-06-26_G10,10109837MORETTIJ,2025-06-26,141823,1,3,0,92.0
10109837MORETTIJ_2025-06-26_G11,10109837MORETTIJ,2025-06-26,111465,1,5,0,126.0
10109837MORETTIJ_2025-06-26_G12,10109837MORETTIJ,2025-06-26,111468,1,20,0,143.0
10109837MORETTIJ_2025-06-26_G13,10109837MORETTIJ,2025-06-26,110743,1,1,0,159.0
10109837MORETTIJ_2025-06-26_G14,10109837MORETTIJ,2025-06-26,111463,1,30,0,469.0
10109837MORETTIJ_2025-06-26_G15,10109837MORETTIJ,2025-06-26,117833,1,25,0,457.0
10109837MORETTIJ_2025-06-26_G16,10109837MORETTIJ,2025-06-26,111172,2,13,10,115.0
10109837MORETTIJ_2025-06-26_G17,10109837MORETTIJ,2025-06-26,110313,1,200,0,1942.0
10109837MORETTIJ_2025-06-26_G18,10109837MORETTIJ,2025-06-26,110313,1,200,0,964.0
10109837MORETTIJ_2025-06-26_G19,10109837MORETTIJ,2025-06-26,109640,1,213,0,1582.0
10109837MORETTIJ_2025-06-26_G20,10109837MORETTIJ,2025-06-26,108794,1,4,0,1670.0
10109837MORETTIJ_2025-06-26_G21,10109837MORETTIJ,2025-06-26,108711,1,4,0,128.0
10109837MORETTIJ_2025-06-26_G22,10109837MORETTIJ,2025-06-26,140922,1,2,0,49.0
10109837MORETTIJ_2025-06-26_G23,10109837MORETTIJ,2025-06-26,117833,1,1,0,53.0
10109837MORETTIJ_2025-06-26_G24,10109837MORETTIJ,2025-06-26,111172,1,2,0,156.0
10109837MORETTIJ_2025-06-26_G25,10109837MORETTIJ,2025-06-26,111532,1,4,0,55.0
10109837MORETTIJ_2025-06-26_G26,10109837MORETTIJ,2025-06-26,110787,1,3,0,125.0
10109837MORETTIJ_2025-06-26_G27,10109837MORETTIJ,2025-06-26,111418,1,6,0,114.0
10109837MORETTIJ_2025-06-26_G28,10109837MORETTIJ,2025-06-26,118140,1,4,0,199.0
10109837MORETTIJ_2025-06-26_G30,10109837MORETTIJ,2025-06-26,111759,1,37,0,322.0
10109837MORETTIJ_2025-06-26_G31,10109837MORETTIJ,2025-06-26,111757,1,3,0,850.0
10109837MORETTIJ_2025-06-26_G32,10109837MORETTIJ,2025-06-26,110743,1,3,0,292.0
10109837MORETTIJ_2025-06-26_G33,10109837MORETTIJ,2025-06-26,111743,1,1,0,140.0
10109837MORETTIJ_2025-06-26_G34,10109837MORETTIJ,2025-06-26,117862,1,1,0,136.0
10109837MORETTIJ_2025-06-26_G35,10109837MORETTIJ,2025-06-26,110515,1,3,0,176.0
10109837MORETTIJ_2025-06-26_G36,10109837MORETTIJ,2025-06-26,110733,1,2,0,111.0
10109837MORETTIJ_2025-06-26_G37,10109837MORETTIJ,2025-06-26,111530,1,3,0,109.0
10109837MORETTIJ_2025-06-26_G39,10109837MORETTIJ,2025-06-26,107830,1,6,0,95.0
10109837MORETTIJ_2025-06-26_G40,10109837MORETTIJ,2025-06-26,116241,1,7,0,219.0
10109837MORETTIJ_2025-06-26_G41,10109837MORETTIJ,2025-06-26,111469,1,11,0,276.0
10109837MORETTIJ_2025-06-26_G42,10109837MORETTIJ,2025-06-26,110742,1,3,0,358.0
10109837MORETTIJ_2025-06-26_G43,10109837MORETTIJ,2025-06-26,111532,1,3,0,188.0
10109837MORETTIJ_2025-06-26_G44,10109837MORETTIJ,2025-06-26,111463,1,6,0,227.0
10109837MORETTIJ_2025-06-26_G45,10109837MORETTIJ,2025-06-26,111182,1,6,0,109.0
10109837MORETTIJ_2025-06-26_G46,10109837MORETTIJ,2025-06-26,140922,1,14,0,1037.0
10109837MORETTIJ_2025-06-26_G47,10109837MORETTIJ,2025-06-26,111463,1,2,0,1592.0
10109837MORETTIJ_2025-06-26_G48,10109837MORETTIJ,2025-06-26,108711,1,3,0,93.0
10109837MORETTIJ_2025-06-26_G49,10109837MORETTIJ,2025-06-26,117841,1,8,0,233.0
10109837MORETTIJ_2025-06-26_G50,10109837MORETTIJ,2025-06-26,111466,1,2,0,54.0
10109837MORETTIJ_2025-06-26_G51,10109837MORETTIJ,2025-06-26,117831,1,1,0,60.0
10109837MORETTIJ_2025-06-26_G52,10109837MORETTIJ,2025-06-26,109648,1,1,0,87.0
10109837MORETTIJ_2025-06-26_G53,10109837MORETTIJ,2025-06-26,118299,2,8,8,124.0
10109837MORETTIJ_2025-06-26_G54,10109837MORETTIJ,2025-06-26,110372,1,2,0,127.0
10109837MORETTIJ_2025-06-26_G55,10109837MORETTIJ,2025-06-26,110733,1,4,0,96.0
10109837MORETTIJ_2025-06-26_G56,10109837MORETTIJ,2025-06-26,118094,1,16,0,303.0
10109837MORETTIJ_2025-06-28_G02,10109837MORETTIJ,2025-06-28,117785,1,4,0,63.0
10109837MORETTIJ_2025-06-28_G03,10109837MORETTIJ,2025-06-28,111743,1,4,0,84.0
10109837MORETTIJ_2025-06-28_G04,10109837MORETTIJ,2025-06-28,108711,1,4,0,100.0
10109837MORETTIJ_2025-06-28_G05,10109837MORETTIJ,2025-06-28,111466,1,4,0,77.0
10109837MORETTIJ_2025-06-28_G06,10109837MORETTIJ,2025-06-28,111468,1,4,0,90.0
10109837MORETTIJ_2025-06-28_G07,10109837MORETTIJ,2025-06-28,110325,1,4,0,122.0
10109837MORETTIJ_2025-06-28_G08,10109837MORETTIJ,2025-06-28,117830,1,4,0,144.0
10109837MORETTIJ_2025-06-28_G09,10109837MORETTIJ,2025-06-28,110742,1,8,0,241.0
10109837MORETTIJ_2025-06-28_G10,10109837MORETTIJ,2025-06-28,111532,1,1,0,1815.0
10109837MORETTIJ_2025-06-28_G11,10109837MORETTIJ,2025-06-28,111348,1,4,0,182.0
10109837MORETTIJ_2025-06-28_G12,10109837MORETTIJ,2025-06-28,111532,1,13,0,199.0
10109837MORETTIJ_2025-06-28_G13,10109837MORETTIJ,2025-06-28,117832,1,3,0,301.0
10109837MORETTIJ_2025-06-28_G14,10109837MORETTIJ,2025-06-28,110374,1,3,0,83.0
10109837MORETTIJ_2025-06-28_G15,10109837MORETTIJ,2025-06-28,110371,1,4,0,64.0
10109837MORETTIJ_2025-06-28_G16,10109837MORETTIJ,2025-06-28,117820,1,3,0,50.0
10109837MORETTIJ_2025-06-28_G17,10109837MORETTIJ,2025-06-28,111441,1,2,0,130.0
10109837MORETTIJ_2025-06-28_G18,10109837MORETTIJ,2025-06-28,111569,1,4,0,76.0
10109837MORETTIJ_2025-06-28_G19,10109837MORETTIJ,2025-06-28,111463,1,2,0,124.0
10109837MORETTIJ_2025-06-28_G20,10109837MORETTIJ,2025-06-28,110711,1,40,0,3532.0
10109837MORETTIJ_2025-06-28_G21,10109837MORETTIJ,2025-06-28,118285,1,1,0,104.0
10109837MORETTIJ_2025-06-28_G22,10109837MORETTIJ,2025-06-28,118281,1,11,0,219.0
10109837MORETTIJ_2025-06-28_G23,10109837MORETTIJ,2025-06-28,115234,1,4,0,1155.0
10109837MORETTIJ_2025-06-28_G24,10109837MORETTIJ,2025-06-28,117785,1,375,0,1016.0
10109837MORETTIJ_2025-06-28_G26,10109837MORETTIJ,2025-06-28,111469,1,80,0,652.0
10109837MORETTIJ_2025-06-28_G27,10109837MORETTIJ,2025-06-28,117785,1,8,0,1640.0
10109837MORETTIJ_2025-06-28_G28,10109837MORETTIJ,2025-06-28,110743,1,3,0,114.0
10109837MORETTIJ_2025-06-28_G29,10109837MORETTIJ,2025-06-28,105705,1,2,0,74.0
10109837MORETTIJ_2025-06-28_G30,10109837MORETTIJ,2025-06-28,105705,1,3,0,43.0
10109837MORETTIJ_2025-06-28_G31,10109837MORETTIJ,2025-06-28,108794,1,15,0,591.0
10109837MORETTIJ_2025-06-28_G32,10109837MORETTIJ,2025-06-28,111348,1,6,0,78.0
10109837MORETTIJ_2025-06-28_G33,10109837MORETTIJ,2025-06-28,111182,1,3,0,117.0
10109837MORETTIJ_2025-06-28_G34,10109837MORETTIJ,2025-06-28,111182,1,2,0,85.0
10109837MORETTIJ_2025-06-28_G35,10109837MORETTIJ,2025-06-28,140922,1,17,0,307.0
10109837MORETTIJ_2025-06-28_G36,10109837MORETTIJ,2025-06-28,110745,1,8,0,228.0
10109837MORETTIJ_2025-06-28_G37,10109837MORETTIJ,2025-06-28,117831,1,39,0,699.0
10109837MORETTIJ_2025-06-28_G38,10109837MORETTIJ,2025-06-28,111172,1,2,0,59.0
10109837MORETTIJ_2025-06-28_G39,10109837MORETTIJ,2025-06-28,111532,1,2,0,50.0
10109837MORETTIJ_2025-06-28_G40,10109837MORETTIJ,2025-06-28,111469,1,28,0,186.0
10109837MORETTIJ_2025-06-28_G41,10109837MORETTIJ,2025-06-28,111469,1,12,0,105.0
10109837MORETTIJ_2025-06-28_G42,10109837MORETTIJ,2025-06-28,109641,1,6,0,489.0
10109837MORETTIJ_2025-06-28_G43,10109837MORETTIJ,2025-06-28,111462,1,28,0,171.0
10109837MORETTIJ_2025-06-28_G44,10109837MORETTIJ,2025-06-28,111330,1,3,0,183.0
10109837MORETTIJ_2025-06-28_G45,10109837MORETTIJ,2025-06-28,110787,1,3,0,72.0
10109837MORETTIJ_2025-06-28_G46,10109837MORETTIJ,2025-06-28,109645,1,13,0,180.0
10109837MORETTIJ_2025-06-28_G47,10109837MORETTIJ,2025-06-28,117821,1,3,0,56.0
10109837MORETTIJ_2025-06-28_G48,10109837MORETTIJ,2025-06-28,118317,1,11,0,135.0
10109837MORETTIJ_2025-06-28_G49,10109837MORETTIJ,2025-06-28,111442,1,4,0,99.0
10109837MORETTIJ_2025-06-28_G50,10109837MORETTIJ,2025-06-28,111465,1,4,0,434.0
10109837MORETTIJ_2025-06-28_G51,10109837MORETTIJ,2025-06-28,111468,1,1,0,36.0
10109837MORETTIJ_2025-06-28_G52,10109837MORETTIJ,2025-06-28,110325,1,5,0,123.0
10109837MORETTIJ_2025-06-28_G53,10109837MORETTIJ,2025-06-28,110325,1,2,0,31.0
10109837MORETTIJ_2025-06-28_G54,10109837MORETTIJ,2025-06-28,160054,1,3,0,41.0
10109837MORETTIJ_2025-06-28_G55,10109837MORETTIJ,2025-06-28,118299,1,4,0,66.0
10109837MORETTIJ_2025-06-28_G56,10109837MORETTIJ,2025-06-28,118299,1,15,0,144.0
10109837MORETTIJ_2025-06-28_G57,10109837MORETTIJ,2025-06-28,109643,1,2,0,135.0
10109837MORETTIJ_2025-06-28_G58,10109837MORETTIJ,2025-06-28,110373,1,20,0,180.0
10109837MORETTIJ_2025-06-28_G59,10109837MORETTIJ,2025-06-28,110373,1,26,0,506.0
10109837MORETTIJ_2025-06-28_G60,10109837MORETTIJ,2025-06-28,107830,1,3,0,91.0
10109837MORETTIJ_2025-06-28_G61,10109837MORETTIJ,2025-06-28,110376,1,7,0,237.0
10109837MORETTIJ_2025-06-30_G02,10109837MORETTIJ,2025-06-30,107830,1,8,0,152.0
10109837MORETTIJ_2025-06-30_G03,10109837MORETTIJ,2025-06-30,110313,1,10,0,2590.0
10109837MORETTIJ_2025-06-30_G04,10109837MORETTIJ,2025-06-30,141261,1,8,0,2477.0
10109837MORETTIJ_2025-06-30_G05,10109837MORETTIJ,2025-06-30,111722,1,12,0,141.0
10109837MORETTIJ_2025-06-30_G06,10109837MORETTIJ,2025-06-30,141262,1,8,0,497.0
10109837MORETTIJ_2025-06-30_G07,10109837MORETTIJ,2025-06-30,141262,1,4,0,1618.0
10109837MORETTIJ_2025-06-30_G08,10109837MORETTIJ,2025-06-30,141261,1,8,0,324.0
10109837MORETTIJ_2025-06-30_G09,10109837MORETTIJ,2025-06-30,111722,1,8,0,102.0
10109837MORETTIJ_2025-06-30_G10,10109837MORETTIJ,2025-06-30,110711,1,13,0,316.0
10109837MORETTIJ_2025-06-30_G12,10109837MORETTIJ,2025-06-30,118299,1,100,0,519.0
10109837MORETTIJ_2025-06-30_G13,10109837MORETTIJ,2025-06-30,109648,1,2,0,139.0
10109837MORETTIJ_2025-06-30_G14,10109837MORETTIJ,2025-06-30,117832,1,15,0,469.0
10109837MORETTIJ_2025-06-30_G15,10109837MORETTIJ,2025-06-30,117830,1,10,0,73.0
10109837MORETTIJ_2025-06-30_G16,10109837MORETTIJ,2025-06-30,110371,1,24,0,1303.0
10109837MORETTIJ_2025-06-30_G17,10109837MORETTIJ,2025-06-30,141202,1,10,0,104.0
10109837MORETTIJ_2025-06-30_G18,10109837MORETTIJ,2025-06-30,110373,1,1,0,82.0
10109837MORETTIJ_2025-07-02_G02,10109837MORETTIJ,2025-07-02,117786,1,253,0,1863.0
10109837MORETTIJ_2025-07-02_G03,10109837MORETTIJ,2025-07-02,117935,1,400,0,1293.0
10109837MORETTIJ_2025-07-02_G04,10109837MORETTIJ,2025-07-02,109643,1,238,0,952.0
10109837MORETTIJ_2025-07-04_G02,10109837MORETTIJ,2025-07-04,107830,1,2,0,135.0
10109837MORETTIJ_2025-07-04_G03,10109837MORETTIJ,2025-07-04,110373,1,16,0,150.0
10109837MORETTIJ_2025-07-04_G04,10109837MORETTIJ,2025-07-04,110373,1,2,0,32.0
10109837MORETTIJ_2025-07-04_G05,10109837MORETTIJ,2025-07-04,110372,1,16,0,124.0
10109837MORETTIJ_2025-07-04_G06,10109837MORETTIJ,2025-07-04,110374,1,7,0,81.0
10109837MORETTIJ_2025-07-04_G07,10109837MORETTIJ,2025-07-04,110325,1,6,0,506.0
10109837MORETTIJ_2025-07-04_G08,10109837MORETTIJ,2025-07-04,109643,1,10,0,339.0
10109837MORETTIJ_2025-07-04_G09,10109837MORETTIJ,2025-07-04,110376,1,2,0,53.0
10109837MORETTIJ_2025-07-04_G10,10109837MORETTIJ,2025-07-04,110372,1,2,0,54.0
10109837MORETTIJ_2025-07-04_G11,10109837MORETTIJ,2025-07-04,110374,1,8,0,96.0
10109837MORETTIJ_2025-07-04_G12,10109837MORETTIJ,2025-07-04,118094,1,6,0,217.0
10109837MORETTIJ_2025-07-04_G13,10109837MORETTIJ,2025-07-04,110339,1,20,0,286.0
10109837MORETTIJ_2025-07-04_G14,10109837MORETTIJ,2025-07-04,109640,1,13,0,357.0
10109837MORETTIJ_2025-07-04_G15,10109837MORETTIJ,2025-07-04,141047,1,12,0,340.0
10109837MORETTIJ_2025-07-04_G16,10109837MORETTIJ,2025-07-04,111602,1,2,0,95.0
10109837MORETTIJ_2025-07-04_G17,10109837MORETTIJ,2025-07-04,117935,1,2,0,80.0
10109837MORETTIJ_2025-07-04_G18,10109837MORETTIJ,2025-07-04,108711,1,8,0,141.0
10109837MORETTIJ_2025-07-04_G19,10109837MORETTIJ,2025-07-04,140922,1,29,0,251.0
10109837MORETTIJ_2025-07-04_G20,10109837MORETTIJ,2025-07-04,111466,1,2,0,80.0
10109837MORETTIJ_2025-07-04_G21,10109837MORETTIJ,2025-07-04,117831,1,3,0,75.0
10109837MORETTIJ_2025-07-04_G22,10109837MORETTIJ,2025-07-04,110740,1,9,0,238.0
10109837MORETTIJ_2025-07-05_G02,10109837MORETTIJ,2025-07-05,117821,1,8,0,206.0
10109837MORETTIJ_2025-07-05_G03,10109837MORETTIJ,2025-07-05,117831,1,8,0,126.0
10109837MORETTIJ_2025-07-05_G04,10109837MORETTIJ,2025-07-05,111532,1,16,0,788.0
10109837MORETTIJ_2025-07-05_G05,10109837MORETTIJ,2025-07-05,118140,1,6,0,162.0
10109837MORETTIJ_2025-07-05_G06,10109837MORETTIJ,2025-07-05,107830,1,4,0,156.0
10109837MORETTIJ_2025-07-05_G07,10109837MORETTIJ,2025-07-05,117830,1,2,0,151.0
10109837MORETTIJ_2025-07-05_G08,10109837MORETTIJ,2025-07-05,110515,1,1,0,102.0
10109837MORETTIJ_2025-07-05_G09,10109837MORETTIJ,2025-07-05,111467,1,2,0,127.0
10109837MORETTIJ_2025-07-05_G10,10109837MORETTIJ,2025-07-05,111530,1,3,0,135.0
10109837MORETTIJ_2025-07-05_G11,10109837MORETTIJ,2025-07-05,111463,1,4,0,285.0
10109837MORETTIJ_2025-07-05_G12,10109837MORETTIJ,2025-07-05,111467,1,2,0,3248.0
10109837MORETTIJ_2025-07-05_G13,10109837MORETTIJ,2025-07-05,111467,1,8,0,67.0
10109837MORETTIJ_2025-07-05_G14,10109837MORETTIJ,2025-07-05,111469,1,6,0,126.0
10109837MORETTIJ_2025-07-05_G15,10109837MORETTIJ,2025-07-05,118299,1,6,0,528.0
10109837MORETTIJ_2025-07-05_G16,10109837MORETTIJ,2025-07-05,110372,1,6,0,145.0
10109837MORETTIJ_2025-07-05_G17,10109837MORETTIJ,2025-07-05,118322,1,2,0,175.0
10109837MORETTIJ_2025-07-05_G18,10109837MORETTIJ,2025-07-05,111467,1,4,0,519.0
10109837MORETTIJ_2025-07-05_G19,10109837MORETTIJ,2025-07-05,108711,1,4,0,103.0
10109837MORETTIJ_2025-07-05_G20,10109837MORETTIJ,2025-07-05,117831,1,4,0,94.0
10109837MORETTIJ_2025-07-05_G21,10109837MORETTIJ,2025-07-05,111462,1,4,0,85.0
10109837MORETTIJ_2025-07-05_G22,10109837MORETTIJ,2025-07-05,118299,1,18,0,152.0
10109837MORETTIJ_2025-07-05_G23,10109837MORETTIJ,2025-07-05,110372,1,6,0,139.0
10109837MORETTIJ_2025-07-05_G24,10109837MORETTIJ,2025-07-05,117821,1,2,0,818.0
10109837MORETTIJ_2025-07-05_G25,10109837MORETTIJ,2025-07-05,111532,1,4,0,108.0
10109837MORETTIJ_2025-07-05_G26,10109837MORETTIJ,2025-07-05,109641,1,9,0,125.0
10109837MORETTIJ_2025-07-05_G27,10109837MORETTIJ,2025-07-05,118140,1,20,0,242.0
10109837MORETTIJ_2025-07-05_G28,10109837MORETTIJ,2025-07-05,111569,1,30,0,535.0
10109837MORETTIJ_2025-07-05_G29,10109837MORETTIJ,2025-07-05,118222,1,16,0,1001.0
10109837MORETTIJ_2025-07-05_G30,10109837MORETTIJ,2025-07-05,110747,1,4,0,278.0
10109837MORETTIJ_2025-07-05_G31,10109837MORETTIJ,2025-07-05,111655,1,4,0,167.0
10109837MORETTIJ_2025-07-05_G32,10109837MORETTIJ,2025-07-05,108759,1,4,0,124.0
10109837MORETTIJ_2025-07-05_G33,10109837MORETTIJ,2025-07-05,111660,1,2,0,110.0
10109837MORETTIJ_2025-07-05_G34,10109837MORETTIJ,2025-07-05,109933,1,2,0,433.0
10109837MORETTIJ_2025-07-05_G35,10109837MORETTIJ,2025-07-05,118094,1,2,0,284.0
10109837MORETTIJ_2025-07-05_G36,10109837MORETTIJ,2025-07-05,109640,1,2,0,95.0
10109837MORETTIJ_2025-07-05_G37,10109837MORETTIJ,2025-07-05,109647,1,4,0,83.0
10109837MORETTIJ_2025-07-05_G38,10109837MORETTIJ,2025-07-05,117855,1,10,0,131.0
10109837MORETTIJ_2025-07-05_G39,10109837MORETTIJ,2025-07-05,111439,1,16,0,173.0
10109837MORETTIJ_2025-07-05_G40,10109837MORETTIJ,2025-07-05,108361,1,2,0,87.0
10109837MORETTIJ_2025-07-05_G41,10109837MORETTIJ,2025-07-05,117935,1,1,0,67.0
10109837MORETTIJ_2025-07-05_G42,10109837MORETTIJ,2025-07-05,110375,1,5,0,245.0
10109837MORETTIJ_2025-07-05_G43,10109837MORETTIJ,2025-07-05,110325,1,8,0,113.0
10109837MORETTIJ_2025-07-05_G44,10109837MORETTIJ,2025-07-05,118299,1,20,0,160.0
10109837MORETTIJ_2025-07-05_G46,10109837MORETTIJ,2025-07-05,107830,1,4,0,138.0
10109837MORETTIJ_2025-07-05_G47,10109837MORETTIJ,2025-07-05,110372,1,20,0,549.0
10109837MORETTIJ_2025-07-05_G48,10109837MORETTIJ,2025-07-05,110371,1,20,0,220.0
10109837MORETTIJ_2025-07-05_G49,10109837MORETTIJ,2025-07-05,111348,1,4,0,1245.0
10109837MORETTIJ_2025-07-05_G50,10109837MORETTIJ,2025-07-05,111443,1,3,0,65.0
10109837MORETTIJ_2025-07-05_G51,10109837MORETTIJ,2025-07-05,109645,1,2,0,527.0
10109837MORETTIJ_2025-07-05_G52,10109837MORETTIJ,2025-07-05,118317,1,12,0,90.0
10109837MORETTIJ_2025-07-05_G53,10109837MORETTIJ,2025-07-05,110787,1,30,0,260.0
10109837MORETTIJ_2025-07-07_G02,10109837MORETTIJ,2025-07-07,110747,1,13,0,237.0
10109837MORETTIJ_2025-07-07_G03,10109837MORETTIJ,2025-07-07,111850,1,15,0,327.0
10109837MORETTIJ_2025-07-07_G04,10109837MORETTIJ,2025-07-07,103149,1,3,0,227.0
10109837MORETTIJ_2025-07-07_G05,10109837MORETTIJ,2025-07-07,111437,1,1,0,74.0
10109837MORETTIJ_2025-07-07_G06,10109837MORETTIJ,2025-07-07,141313,1,16,0,331.0
10109837MORETTIJ_2025-07-07_G07,10109837MORETTIJ,2025-07-07,108759,1,16,0,230.0
10109837MORETTIJ_2025-07-07_G08,10109837MORETTIJ,2025-07-07,111793,1,1,0,159.0
10109837MORETTIJ_2025-07-07_G09,10109837MORETTIJ,2025-07-07,110579,1,1,0,586.0
10109837MORETTIJ_2025-07-07_G10,10109837MORETTIJ,2025-07-07,110623,1,4,0,87.0
10109837MORETTIJ_2025-07-07_G11,10109837MORETTIJ,2025-07-07,108770,1,24,0,277.0
10109837MORETTIJ_2025-07-07_G12,10109837MORETTIJ,2025-07-07,114650,1,4,0,311.0
10109837MORETTIJ_2025-07-07_G13,10109837MORETTIJ,2025-07-07,111110,1,7,0,525.0
10109837MORETTIJ_2025-07-07_G14,10109837MORETTIJ,2025-07-07,118364,1,4,0,41.0
10109837MORETTIJ_2025-07-07_G15,10109837MORETTIJ,2025-07-07,118250,1,4,0,32.0
10109837MORETTIJ_2025-07-07_G16,10109837MORETTIJ,2025-07-07,108759,1,75,0,2815.0
10109837MORETTIJ_2025-07-07_G18,10109837MORETTIJ,2025-07-07,140922,1,2,0,94.0
10109837MORETTIJ_2025-07-07_G19,10109837MORETTIJ,2025-07-07,111466,1,3,0,48.0
10109837MORETTIJ_2025-07-07_G20,10109837MORETTIJ,2025-07-07,111172,1,2,0,70.0
10109837MORETTIJ_2025-07-07_G21,10109837MORETTIJ,2025-07-07,111418,1,8,0,150.0
10109837MORETTIJ_2025-07-07_G22,10109837MORETTIJ,2025-07-07,108711,1,1,0,705.0
10109837MORETTIJ_2025-07-07_G23,10109837MORETTIJ,2025-07-07,140922,1,4,0,46.0
10109837MORETTIJ_2025-07-07_G24,10109837MORETTIJ,2025-07-07,110745,1,2,0,31.0
10109837MORETTIJ_2025-07-07_G25,10109837MORETTIJ,2025-07-07,111418,1,2,0,262.0
10109837MORETTIJ_2025-07-07_G26,10109837MORETTIJ,2025-07-07,118140,1,2,0,74.0
10109837MORETTIJ_2025-07-07_G27,10109837MORETTIJ,2025-07-07,117834,1,2,0,566.0
10109837MORETTIJ_2025-07-07_G28,10109837MORETTIJ,2025-07-07,111569,1,4,0,125.0
10109837MORETTIJ_2025-07-07_G29,10109837MORETTIJ,2025-07-07,117808,1,4,0,109.0
10109837MORETTIJ_2025-07-07_G30,10109837MORETTIJ,2025-07-07,110372,1,15,0,131.0
10109837MORETTIJ_2025-07-07_G31,10109837MORETTIJ,2025-07-07,118299,1,15,0,120.0
10109837MORETTIJ_2025-07-07_G32,10109837MORETTIJ,2025-07-07,110515,1,3,0,354.0
10109837MORETTIJ_2025-07-07_G33,10109837MORETTIJ,2025-07-07,111602,1,6,0,79.0
10109837MORETTIJ_2025-07-07_G34,10109837MORETTIJ,2025-07-07,117820,1,4,0,223.0
10109837MORETTIJ_2025-07-07_G35,10109837MORETTIJ,2025-07-07,111463,1,2,0,218.0
10109837MORETTIJ_2025-07-07_G36,10109837MORETTIJ,2025-07-07,117808,1,7,0,201.0
10109837MORETTIJ_2025-07-07_G37,10109837MORETTIJ,2025-07-07,118299,1,12,0,89.0
10109837MORETTIJ_2025-07-07_G38,10109837MORETTIJ,2025-07-07,117830,1,2,0,71.0
10109837MORETTIJ_2025-07-07_G39,10109837MORETTIJ,2025-07-07,110374,1,2,0,66.0
10109837MORETTIJ_2025-07-07_G40,10109837MORETTIJ,2025-07-07,110751,1,2,0,212.0
10109837MORETTIJ_2025-07-07_G41,10109837MORETTIJ,2025-07-07,108794,1,4,0,49.0
10109837MORETTIJ_2025-07-07_G42,10109837MORETTIJ,2025-07-07,108711,1,4,0,88.0
10109837MORETTIJ_2025-07-07_G43,10109837MORETTIJ,2025-07-07,111466,1,2,0,50.0
10109837MORETTIJ_2025-07-07_G44,10109837MORETTIJ,2025-07-07,111418,1,1,0,82.0
10109837MORETTIJ_2025-07-07_G45,10109837MORETTIJ,2025-07-07,110740,1,2,0,48.0
10109837MORETTIJ_2025-07-07_G46,10109837MORETTIJ,2025-07-07,111438,1,2,0,102.0
10109837MORETTIJ_2025-07-07_G47,10109837MORETTIJ,2025-07-07,110755,1,2,0,50.0
10109837MORETTIJ_2025-07-07_G48,10109837MORETTIJ,2025-07-07,117832,1,1,0,78.0
10109837MORETTIJ_2025-07-07_G49,10109837MORETTIJ,2025-07-07,117808,1,8,0,68.0
10109837MORETTIJ_2025-07-07_G50,10109837MORETTIJ,2025-07-07,117820,1,4,0,110.0
10109837MORETTIJ_2025-07-07_G51,10109837MORETTIJ,2025-07-07,110372,1,9,0,146.0
10109837MORETTIJ_2025-07-07_G52,10109837MORETTIJ,2025-07-07,107830,1,2,0,121.0
10109837MORETTIJ_2025-07-07_G53,10109837MORETTIJ,2025-07-07,111463,1,10,0,934.0
10109837MORETTIJ_2025-07-07_G54,10109837MORETTIJ,2025-07-07,111462,1,10,0,107.0
10109837MORETTIJ_2025-07-07_G55,10109837MORETTIJ,2025-07-07,117809,1,21,0,210.0
10109837MORETTIJ_2025-07-08_G02,10109837MORETTIJ,2025-07-08,111418,1,16,0,185.0
10109837MORETTIJ_2025-07-08_G03,10109837MORETTIJ,2025-07-08,111462,1,4,0,47.0
10109837MORETTIJ_2025-07-08_G04,10109837MORETTIJ,2025-07-08,111433,2,8,28,122.0
10109837MORETTIJ_2025-07-08_G05,10109837MORETTIJ,2025-07-08,111465,1,8,0,98.0
10109837MORETTIJ_2025-07-08_G06,10109837MORETTIJ,2025-07-08,110374,1,6,0,213.0
10109837MORETTIJ_2025-07-08_G07,10109837MORETTIJ,2025-07-08,110372,1,34,0,399.0
10109837MORETTIJ_2025-07-08_G08,10109837MORETTIJ,2025-07-08,110373,1,4,0,347.0
10109837MORETTIJ_2025-07-08_G09,10109837MORETTIJ,2025-07-08,109640,1,18,0,737.0
10109837MORETTIJ_2025-07-08_G10,10109837MORETTIJ,2025-07-08,110515,1,2,0,211.0
10109837MORETTIJ_2025-07-08_G11,10109837MORETTIJ,2025-07-08,111438,1,3,0,122.0
10109837MORETTIJ_2025-07-08_G12,10109837MORETTIJ,2025-07-08,111569,1,8,0,579.0
10109837MORETTIJ_2025-07-08_G13,10109837MORETTIJ,2025-07-08,111435,1,4,0,267.0
10109837MORETTIJ_2025-07-08_G14,10109837MORETTIJ,2025-07-08,108795,1,6,0,127.0
10109837MORETTIJ_2025-07-08_G15,10109837MORETTIJ,2025-07-08,110743,1,3,0,67.0
10109837MORETTIJ_2025-07-08_G16,10109837MORETTIJ,2025-07-08,117785,1,4,0,217.0
10109837MORETTIJ_2025-07-08_G17,10109837MORETTIJ,2025-07-08,140922,1,3,0,66.0
10109837MORETTIJ_2025-07-08_G18,10109837MORETTIJ,2025-07-08,111466,2,22,27,149.0
10109837MORETTIJ_2025-07-08_G19,10109837MORETTIJ,2025-07-08,111532,1,3,0,134.0
10109837MORETTIJ_2025-07-08_G20,10109837MORETTIJ,2025-07-08,111462,1,7,0,113.0
10109837MORETTIJ_2025-07-08_G21,10109837MORETTIJ,2025-07-08,110740,1,12,0,134.0
10109837MORETTIJ_2025-07-08_G22,10109837MORETTIJ,2025-07-08,118140,1,22,0,490.0
10109837MORETTIJ_2025-07-08_G23,10109837MORETTIJ,2025-07-08,118317,1,5,0,113.0
10109837MORETTIJ_2025-07-08_G24,10109837MORETTIJ,2025-07-08,111463,1,11,0,325.0
10109837MORETTIJ_2025-07-08_G25,10109837MORETTIJ,2025-07-08,111418,1,50,0,671.0
10109837MORETTIJ_2025-07-08_G26,10109837MORETTIJ,2025-07-08,110373,1,105,0,1901.0
10109837MORETTIJ_2025-07-08_G27,10109837MORETTIJ,2025-07-08,111743,1,20,0,447.0
10109837MORETTIJ_2025-07-08_G28,10109837MORETTIJ,2025-07-08,108798,1,20,0,258.0
10109837MORETTIJ_2025-07-08_G29,10109837MORETTIJ,2025-07-08,111532,1,122,0,616.0
10109837MORETTIJ_2025-07-08_G30,10109837MORETTIJ,2025-07-08,111348,1,57,0,305.0
10109837MORETTIJ_2025-07-08_G32,10109837MORETTIJ,2025-07-08,117832,1,10,0,178.0
10109837MORETTIJ_2025-07-08_G33,10109837MORETTIJ,2025-07-08,117809,1,18,0,120.0
10109837MORETTIJ_2025-07-08_G34,10109837MORETTIJ,2025-07-08,109643,1,20,0,194.0
10109837MORETTIJ_2025-07-08_G35,10109837MORETTIJ,2025-07-08,117822,1,4,0,115.0
10109837MORETTIJ_2025-07-08_G36,10109837MORETTIJ,2025-07-08,110374,1,50,0,625.0
10109837MORETTIJ_2025-07-08_G37,10109837MORETTIJ,2025-07-08,118299,1,100,0,294.0
10109837MORETTIJ_2025-07-08_G38,10109837MORETTIJ,2025-07-08,117820,1,100,0,482.0
10109837MORETTIJ_2025-07-08_G39,10109837MORETTIJ,2025-07-08,117808,1,100,0,210.0
10109837MORETTIJ_2025-07-08_G40,10109837MORETTIJ,2025-07-08,110372,1,100,0,295.0
10109837MORETTIJ_2025-07-08_G41,10109837MORETTIJ,2025-07-08,117830,1,50,0,476.0
10109837MORETTIJ_2025-07-08_G42,10109837MORETTIJ,2025-07-08,117832,1,40,0,751.0
10109837MORETTIJ_2025-07-08_G43,10109837MORETTIJ,2025-07-08,118299,1,260,0,983.0
10109837MORETTIJ_2025-07-08_G44,10109837MORETTIJ,2025-07-08,117808,1,120,0,651.0
10109837MORETTIJ_2025-07-08_G45,10109837MORETTIJ,2025-07-08,110372,1,50,0,339.0
10109837MORETTIJ_2025-07-08_G46,10109837MORETTIJ,2025-07-08,110371,1,12,0,340.0
10109837MORETTIJ_2025-07-09_G02,10109837MORETTIJ,2025-07-09,111463,1,4,0,115.0
10109837MORETTIJ_2025-07-09_G03,10109837MORETTIJ,2025-07-09,105705,1,2,0,83.0
10109837MORETTIJ_2025-07-09_G04,10109837MORETTIJ,2025-07-09,108794,1,3,0,67.0
10109837MORETTIJ_2025-07-09_G05,10109837MORETTIJ,2025-07-09,111469,1,8,0,151.0
10109837MORETTIJ_2025-07-09_G06,10109837MORETTIJ,2025-07-09,111462,1,1,0,49.0
10109837MORETTIJ_2025-07-09_G07,10109837MORETTIJ,2025-07-09,111532,1,4,0,94.0
10109837MORETTIJ_2025-07-09_G08,10109837MORETTIJ,2025-07-09,111431,1,1,0,49.0
10109837MORETTIJ_2025-07-09_G09,10109837MORETTIJ,2025-07-09,110740,1,2,0,67.0
10109837MORETTIJ_2025-07-09_G10,10109837MORETTIJ,2025-07-09,110787,1,2,0,72.0
10109837MORETTIJ_2025-07-09_G11,10109837MORETTIJ,2025-07-09,141823,1,4,0,115.0
10109837MORETTIJ_2025-07-09_G12,10109837MORETTIJ,2025-07-09,118330,1,4,0,61.0
10109837MORETTIJ_2025-07-09_G13,10109837MORETTIJ,2025-07-09,107236,1,1,0,47.0
10109837MORETTIJ_2025-07-09_G14,10109837MORETTIJ,2025-07-09,111465,1,4,0,62.0
10109837MORETTIJ_2025-07-09_G15,10109837MORETTIJ,2025-07-09,111468,1,2,0,35.0
10109837MORETTIJ_2025-07-09_G16,10109837MORETTIJ,2025-07-09,110375,1,2,0,120.0
10109837MORETTIJ_2025-07-09_G17,10109837MORETTIJ,2025-07-09,117809,1,4,0,105.0
10109837MORETTIJ_2025-07-09_G18,10109837MORETTIJ,2025-07-09,117808,1,12,0,127.0
10109837MORETTIJ_2025-07-09_G19,10109837MORETTIJ,2025-07-09,118299,1,6,0,92.0
10109837MORETTIJ_2025-07-09_G20,10109837MORETTIJ,2025-07-09,117820,1,12,0,782.0
10109837MORETTIJ_2025-07-09_G21,10109837MORETTIJ,2025-07-09,110374,1,1,0,135.0
10109837MORETTIJ_2025-07-09_G22,10109837MORETTIJ,2025-07-09,110372,1,25,0,157.0
10109837MORETTIJ_2025-07-09_G23,10109837MORETTIJ,2025-07-09,110371,1,4,0,91.0
10109837MORETTIJ_2025-07-09_G24,10109837MORETTIJ,2025-07-09,117830,1,6,0,118.0
10109837MORETTIJ_2025-07-09_G25,10109837MORETTIJ,2025-07-09,110373,1,4,0,176.0
10109837MORETTIJ_2025-07-09_G26,10109837MORETTIJ,2025-07-09,117822,1,4,0,82.0
10109837MORETTIJ_2025-07-09_G27,10109837MORETTIJ,2025-07-09,107629,1,2,0,156.0
10109837MORETTIJ_2025-07-09_G28,10109837MORETTIJ,2025-07-09,111876,1,2,0,59.0
10109837MORETTIJ_2025-07-09_G29,10109837MORETTIJ,2025-07-09,110339,1,2,0,64.0
10109837MORETTIJ_2025-07-09_G30,10109837MORETTIJ,2025-07-09,117786,1,2,0,44.0
10109837MORETTIJ_2025-07-09_G31,10109837MORETTIJ,2025-07-09,110515,1,5,0,2238.0
10109837MORETTIJ_2025-07-09_G32,10109837MORETTIJ,2025-07-09,118298,1,2,0,159.0
10109837MORETTIJ_2025-07-09_G33,10109837MORETTIJ,2025-07-09,117837,1,2,0,56.0
10109837MORETTIJ_2025-07-09_G34,10109837MORETTIJ,2025-07-09,117862,1,2,0,47.0
10109837MORETTIJ_2025-07-09_G35,10109837MORETTIJ,2025-07-09,117853,1,2,0,255.0
10109837MORETTIJ_2025-07-09_G36,10109837MORETTIJ,2025-07-09,110711,1,1,0,80.0
10109837MORETTIJ_2025-07-09_G37,10109837MORETTIJ,2025-07-09,110754,1,2,0,205.0
10109837MORETTIJ_2025-07-09_G38,10109837MORETTIJ,2025-07-09,110742,1,4,0,216.0
10109837MORETTIJ_2025-07-09_G39,10109837MORETTIJ,2025-07-09,107892,1,2,0,102.0
10109837MORETTIJ_2025-07-09_G40,10109837MORETTIJ,2025-07-09,110375,1,2,0,205.0
10109837MORETTIJ_2025-07-09_G41,10109837MORETTIJ,2025-07-09,117809,1,2,0,54.0
10109837MORETTIJ_2025-07-09_G42,10109837MORETTIJ,2025-07-09,117808,1,14,0,91.0
10109837MORETTIJ_2025-07-09_G43,10109837MORETTIJ,2025-07-09,118299,1,27,0,144.0
10109837MORETTIJ_2025-07-09_G44,10109837MORETTIJ,2025-07-09,117820,1,5,0,90.0
10109837MORETTIJ_2025-07-09_G45,10109837MORETTIJ,2025-07-09,110372,1,10,0,151.0
10109837MORETTIJ_2025-07-09_G46,10109837MORETTIJ,2025-07-09,107830,1,4,0,97.0
10109837MORETTIJ_2025-07-09_G47,10109837MORETTIJ,2025-07-09,110373,1,6,0,108.0
10109837MORETTIJ_2025-07-09_G48,10109837MORETTIJ,2025-07-09,117833,1,2,0,309.0
10109837MORETTIJ_2025-07-09_G49,10109837MORETTIJ,2025-07-09,108798,1,2,0,55.0
10109837MORETTIJ_2025-07-09_G50,10109837MORETTIJ,2025-07-09,110787,1,1,0,79.0
10109837MORETTIJ_2025-07-09_G51,10109837MORETTIJ,2025-07-09,111468,1,8,0,100.0
10109837MORETTIJ_2025-07-09_G52,10109837MORETTIJ,2025-07-09,110751,1,100,0,1635.0
10109837MORETTIJ_2025-07-09_G53,10109837MORETTIJ,2025-07-09,111182,1,40,0,488.0
10109837MORETTIJ_2025-07-09_G55,10109837MORETTIJ,2025-07-09,107236,1,160,0,577.0
10109837MORETTIJ_2025-07-09_G56,10109837MORETTIJ,2025-07-09,108772,1,50,0,300.0
10109837MORETTIJ_2025-07-09_G57,10109837MORETTIJ,2025-07-09,110325,1,60,0,1233.0
10109837MORETTIJ_2025-07-09_G58,10109837MORETTIJ,2025-07-09,117832,1,30,0,356.0
10109837MORETTIJ_2025-07-09_G59,10109837MORETTIJ,2025-07-09,117820,1,260,0,1076.0
10109837MORETTIJ_2025-07-09_G60,10109837MORETTIJ,2025-07-09,110374,1,80,0,500.0
10109837MORETTIJ_2025-07-09_G61,10109837MORETTIJ,2025-07-09,110371,1,140,0,660.0
10109837MORETTIJ_2025-07-09_G62,10109837MORETTIJ,2025-07-09,110373,1,40,0,422.0
10109837MORETTIJ_2025-07-09_G63,10109837MORETTIJ,2025-07-09,110373,1,270,0,523.0
10109837MORETTIJ_2025-07-09_G64,10109837MORETTIJ,2025-07-09,110741,1,9,0,1193.0
10109837MORETTIJ_2025-07-09_G65,10109837MORETTIJ,2025-07-09,117788,1,10,0,189.0
10109837MORETTIJ_2025-07-09_G66,10109837MORETTIJ,2025-07-09,111650,1,6,0,132.0
10109837MORETTIJ_2025-07-09_G67,10109837MORETTIJ,2025-07-09,118403,1,20,0,228.0
10109837MORETTIJ_2025-07-09_G68,10109837MORETTIJ,2025-07-09,111602,1,350,0,1107.0
10109837MORETTIJ_2025-07-09_G69,10109837MORETTIJ,2025-07-09,108772,1,22,0,198.0
10109837MORETTIJ_2025-07-10_G02,10109837MORETTIJ,2025-07-10,117786,1,50,0,491.0
10109837MORETTIJ_2025-07-10_G03,10109837MORETTIJ,2025-07-10,111743,1,84,0,1143.0
10109837MORETTIJ_2025-07-10_G04,10109837MORETTIJ,2025-07-10,111743,1,216,0,963.0
10109837MORETTIJ_2025-07-10_G06,10109837MORETTIJ,2025-07-10,141047,1,8,0,147.0
10109837MORETTIJ_2025-07-10_G07,10109837MORETTIJ,2025-07-10,118289,1,4,0,117.0
10109837MORETTIJ_2025-07-10_G08,10109837MORETTIJ,2025-07-10,118094,1,60,0,265.0
10109837MORETTIJ_2025-07-10_G09,10109837MORETTIJ,2025-07-10,110515,1,210,0,1562.0
10109837MORETTIJ_2025-07-10_G10,10109837MORETTIJ,2025-07-10,117862,1,60,0,334.0
10109837MORETTIJ_2025-07-10_G11,10109837MORETTIJ,2025-07-10,108772,1,28,0,878.0
10109837MORETTIJ_2025-07-10_G12,10109837MORETTIJ,2025-07-10,110752,1,30,0,363.0
10109837MORETTIJ_2025-07-10_G13,10109837MORETTIJ,2025-07-10,110745,1,1,0,2318.0
10109837MORETTIJ_2025-07-10_G14,10109837MORETTIJ,2025-07-10,111172,1,2,0,79.0
10109837MORETTIJ_2025-07-10_G15,10109837MORETTIJ,2025-07-10,109648,1,2,0,81.0
10109837MORETTIJ_2025-07-10_G16,10109837MORETTIJ,2025-07-10,117820,1,4,0,347.0
10109837MORETTIJ_2025-07-10_G17,10109837MORETTIJ,2025-07-10,110515,1,2,0,84.0
10109837MORETTIJ_2025-07-10_G18,10109837MORETTIJ,2025-07-10,111463,1,4,0,251.0
10109837MORETTIJ_2025-07-11_G02,10109837MORETTIJ,2025-07-11,108794,1,4,0,231.0
10109837MORETTIJ_2025-07-11_G03,10109837MORETTIJ,2025-07-11,140922,1,4,0,130.0
10109837MORETTIJ_2025-07-11_G04,10109837MORETTIJ,2025-07-11,117831,1,2,0,95.0
10109837MORETTIJ_2025-07-11_G05,10109837MORETTIJ,2025-07-11,111172,1,2,0,63.0
10109837MORETTIJ_2025-07-11_G06,10109837MORETTIJ,2025-07-11,108711,1,1,0,85.0
10109837MORETTIJ_2025-07-11_G07,10109837MORETTIJ,2025-07-11,111418,1,12,0,114.0
10109837MORETTIJ_2025-07-11_G08,10109837MORETTIJ,2025-07-11,118140,2,15,10,129.0
10109837MORETTIJ_2025-07-11_G09,10109837MORETTIJ,2025-07-11,118317,1,1,0,159.0
10109837MORETTIJ_2025-07-11_G10,10109837MORETTIJ,2025-07-11,141823,1,2,0,72.0
10109837MORETTIJ_2025-07-11_G11,10109837MORETTIJ,2025-07-11,111466,2,10,22,106.0
10109837MORETTIJ_2025-07-11_G12,10109837MORETTIJ,2025-07-11,110740,1,3,0,70.0
10109837MORETTIJ_2025-07-11_G13,10109837MORETTIJ,2025-07-11,111465,1,3,0,72.0
10109837MORETTIJ_2025-07-11_G14,10109837MORETTIJ,2025-07-11,111465,1,2,0,32.0
10109837MORETTIJ_2025-07-11_G15,10109837MORETTIJ,2025-07-11,111468,1,2,0,40.0
10109837MORETTIJ_2025-07-11_G16,10109837MORETTIJ,2025-07-11,110787,1,2,0,72.0
10109837MORETTIJ_2025-07-11_G17,10109837MORETTIJ,2025-07-11,110376,1,2,0,127.0
10109837MORETTIJ_2025-07-11_G18,10109837MORETTIJ,2025-07-11,118094,1,3,0,320.0
10109837MORETTIJ_2025-07-11_G19,10109837MORETTIJ,2025-07-11,111876,1,2,0,55.0
10109837MORETTIJ_2025-07-11_G20,10109837MORETTIJ,2025-07-11,110515,1,7,0,216.0
10109837MORETTIJ_2025-07-11_G21,10109837MORETTIJ,2025-07-11,141047,1,2,0,86.0
10109837MORETTIJ_2025-07-11_G22,10109837MORETTIJ,2025-07-11,117855,1,8,0,119.0
10109837MORETTIJ_2025-07-11_G23,10109837MORETTIJ,2025-07-11,110711,1,2,0,56.0
10109837MORETTIJ_2025-07-11_G24,10109837MORETTIJ,2025-07-11,117856,1,2,0,102.0
10109837MORETTIJ_2025-07-11_G25,10109837MORETTIJ,2025-07-11,110752,1,2,0,113.0
10109837MORETTIJ_2025-07-11_G26,10109837MORETTIJ,2025-07-11,117786,1,2,0,279.0
10109837MORETTIJ_2025-07-11_G27,10109837MORETTIJ,2025-07-11,118222,1,2,0,148.0
10109837MORETTIJ_2025-07-11_G28,10109837MORETTIJ,2025-07-11,111430,1,2,0,186.0
10109837MORETTIJ_2025-07-11_G29,10109837MORETTIJ,2025-07-11,111569,1,8,0,207.0
10109837MORETTIJ_2025-07-11_G30,10109837MORETTIJ,2025-07-11,107892,1,2,0,225.0
10109837MORETTIJ_2025-07-11_G31,10109837MORETTIJ,2025-07-11,108770,1,2,0,55.0
10109837MORETTIJ_2025-07-11_G32,10109837MORETTIJ,2025-07-11,100334,1,10,0,449.0
10109837MORETTIJ_2025-07-11_G33,10109837MORETTIJ,2025-07-11,111602,1,8,0,412.0
10109837MORETTIJ_2025-07-11_G34,10109837MORETTIJ,2025-07-11,111602,1,4,0,59.0
10109837MORETTIJ_2025-07-11_G35,10109837MORETTIJ,2025-07-11,118140,1,4,0,304.0
10109837MORETTIJ_2025-07-11_G36,10109837MORETTIJ,2025-07-11,118140,1,6,0,672.0
10109837MORETTIJ_2025-07-11_G37,10109837MORETTIJ,2025-07-11,111602,1,8,0,161.0
10109837MORETTIJ_2025-07-11_G38,10109837MORETTIJ,2025-07-11,111602,1,6,0,138.0
10109837MORETTIJ_2025-07-11_G39,10109837MORETTIJ,2025-07-11,118140,1,10,0,306.0
10109837MORETTIJ_2025-07-11_G40,10109837MORETTIJ,2025-07-11,105705,1,18,0,3414.0
10109837MORETTIJ_2025-07-11_G41,10109837MORETTIJ,2025-07-11,111348,1,6,0,113.0
10109837MORETTIJ_2025-07-11_G42,10109837MORETTIJ,2025-07-11,140922,1,21,0,222.0
10109837MORETTIJ_2025-07-11_G43,10109837MORETTIJ,2025-07-11,117831,1,16,0,223.0
10109837MORETTIJ_2025-07-11_G44,10109837MORETTIJ,2025-07-11,117833,1,5,0,88.0
10109837MORETTIJ_2025-07-11_G45,10109837MORETTIJ,2025-07-11,108711,1,16,0,620.0
10109837MORETTIJ_2025-07-11_G46,10109837MORETTIJ,2025-07-11,110787,1,20,0,203.0
10109837MORETTIJ_2025-07-11_G47,10109837MORETTIJ,2025-07-11,109645,1,8,0,131.0
10109837MORETTIJ_2025-07-11_G48,10109837MORETTIJ,2025-07-11,118317,1,7,0,144.0
10109837MORETTIJ_2025-07-11_G49,10109837MORETTIJ,2025-07-11,111444,1,10,0,240.0
10109837MORETTIJ_2025-07-11_G51,10109837MORETTIJ,2025-07-11,110740,1,11,0,182.0
10109837MORETTIJ_2025-07-11_G52,10109837MORETTIJ,2025-07-11,117841,1,7,0,449.0
10109837MORETTIJ_2025-07-11_G53,10109837MORETTIJ,2025-07-11,117821,1,21,0,347.0
10109837MORETTIJ_2025-07-11_G54,10109837MORETTIJ,2025-07-11,111172,1,12,0,270.0
10109837MORETTIJ_2025-07-11_G55,10109837MORETTIJ,2025-07-11,111532,1,40,0,798.0
10109837MORETTIJ_2025-07-11_G56,10109837MORETTIJ,2025-07-11,111433,1,10,0,390.0
10109837MORETTIJ_2025-07-11_G57,10109837MORETTIJ,2025-07-11,111466,1,40,0,557.0
10109837MORETTIJ_2025-07-11_G58,10109837MORETTIJ,2025-07-11,111418,1,54,0,733.0
10109837MORETTIJ_2025-07-11_G59,10109837MORETTIJ,2025-07-11,110748,1,20,0,373.0
10109837MORETTIJ_2025-07-11_G60,10109837MORETTIJ,2025-07-11,117785,1,38,0,372.0
10109837MORETTIJ_2025-07-11_G61,10109837MORETTIJ,2025-07-11,107830,1,10,0,619.0
10109837MORETTIJ_2025-07-11_G62,10109837MORETTIJ,2025-07-11,117832,1,6,0,2402.0
10109837MORETTIJ_2025-07-11_G63,10109837MORETTIJ,2025-07-11,109643,1,10,0,128.0
10109837MORETTIJ_2025-07-11_G64,10109837MORETTIJ,2025-07-11,110373,1,30,0,346.0
10109837MORETTIJ_2025-07-11_G65,10109837MORETTIJ,2025-07-11,117830,1,15,0,502.0
10109837MORETTIJ_2025-07-11_G66,10109837MORETTIJ,2025-07-11,118299,1,52,0,417.0
10109837MORETTIJ_2025-07-11_G67,10109837MORETTIJ,2025-07-11,117808,1,700,0,2499.0
10109837MORETTIJ_2025-07-12_G02,10109837MORETTIJ,2025-07-12,108794,1,15,0,165.0
10109837MORETTIJ_2025-07-12_G03,10109837MORETTIJ,2025-07-12,117838,1,12,0,194.0
10109837MORETTIJ_2025-07-12_G04,10109837MORETTIJ,2025-07-12,140922,1,31,0,393.0
10109837MORETTIJ_2025-07-12_G05,10109837MORETTIJ,2025-07-12,111462,1,25,0,522.0
10109837MORETTIJ_2025-07-12_G06,10109837MORETTIJ,2025-07-12,111743,1,30,0,533.0
10109837MORETTIJ_2025-07-12_G07,10109837MORETTIJ,2025-07-12,117831,1,9,0,104.0
10109837MORETTIJ_2025-07-12_G08,10109837MORETTIJ,2025-07-12,111172,1,12,0,112.0
10109837MORETTIJ_2025-07-12_G09,10109837MORETTIJ,2025-07-12,111532,1,25,0,476.0
10109837MORETTIJ_2025-07-12_G10,10109837MORETTIJ,2025-07-12,117842,1,4,0,145.0
10109837MORETTIJ_2025-07-12_G11,10109837MORETTIJ,2025-07-12,110748,1,2,0,77.0
10109837MORETTIJ_2025-07-12_G12,10109837MORETTIJ,2025-07-12,116241,1,4,0,117.0
10109837MORETTIJ_2025-07-12_G13,10109837MORETTIJ,2025-07-12,118317,1,10,0,122.0
10109837MORETTIJ_2025-07-12_G14,10109837MORETTIJ,2025-07-12,111433,1,10,0,194.0
10109837MORETTIJ_2025-07-12_G15,10109837MORETTIJ,2025-07-12,114100,1,4,0,256.0
10109837MORETTIJ_2025-07-12_G16,10109837MORETTIJ,2025-07-12,111466,1,24,0,206.0
10109837MORETTIJ_2025-07-12_G17,10109837MORETTIJ,2025-07-12,111468,1,30,0,268.0
10109837MORETTIJ_2025-07-12_G18,10109837MORETTIJ,2025-07-12,108711,1,30,0,2447.0
10109837MORETTIJ_2025-07-12_G19,10109837MORETTIJ,2025-07-12,117787,1,24,0,295.0
10109837MORETTIJ_2025-07-12_G20,10109837MORETTIJ,2025-07-12,111444,1,6,0,372.0
10109837MORETTIJ_2025-07-12_G23,10109837MORETTIJ,2025-07-12,117837,1,20,0,431.0
10109837MORETTIJ_2025-07-12_G24,10109837MORETTIJ,2025-07-12,117862,1,1,0,33.0
10109837MORETTIJ_2025-07-12_G25,10109837MORETTIJ,2025-07-12,118403,1,1,0,174.0
10109837MORETTIJ_2025-07-12_G26,10109837MORETTIJ,2025-07-12,117935,1,20,0,242.0
10109837MORETTIJ_2025-07-12_G27,10109837MORETTIJ,2025-07-12,109647,1,28,0,587.0
10109837MORETTIJ_2025-07-12_G28,10109837MORETTIJ,2025-07-12,117855,1,80,0,672.0
10109837MORETTIJ_2025-07-12_G29,10109837MORETTIJ,2025-07-12,110313,1,120,0,702.0
10109837MORETTIJ_2025-07-12_G30,10109837MORETTIJ,2025-07-12,117853,1,25,0,340.0
10109837MORETTIJ_2025-07-12_G31,10109837MORETTIJ,2025-07-12,117787,1,32,0,1148.0
10109837MORETTIJ_2025-07-12_G32,10109837MORETTIJ,2025-07-12,109649,1,3,0,715.0
10109837MORETTIJ_2025-07-14_G02,10109837MORETTIJ,2025-07-14,108794,1,6,0,98.0
10109837MORETTIJ_2025-07-14_G03,10109837MORETTIJ,2025-07-14,117841,1,2,0,788.0
10109837MORETTIJ_2025-07-14_G04,10109837MORETTIJ,2025-07-14,111418,1,2,0,99.0
10109837MORETTIJ_2025-07-14_G05,10109837MORETTIJ,2025-07-14,111466,1,15,0,113.0
10109837MORETTIJ_2025-07-14_G06,10109837MORETTIJ,2025-07-14,111465,1,2,0,65.0
10109837MORETTIJ_2025-07-14_G07,10109837MORETTIJ,2025-07-14,111441,1,12,0,963.0
10109837MORETTIJ_2025-07-14_G08,10109837MORETTIJ,2025-07-14,111569,1,14,0,637.0
10109837MORETTIJ_2025-07-14_G09,10109837MORETTIJ,2025-07-14,109933,1,2,0,924.0
10109837MORETTIJ_2025-07-14_G10,10109837MORETTIJ,2025-07-14,111182,1,6,0,1746.0
10109837MORETTIJ_2025-07-14_G11,10109837MORETTIJ,2025-07-14,140922,1,4,0,64.0
10109837MORETTIJ_2025-07-14_G12,10109837MORETTIJ,2025-07-14,117820,1,4,0,107.0
10109837MORETTIJ_2025-07-14_G13,10109837MORETTIJ,2025-07-14,140922,1,4,0,701.0
10109837MORETTIJ_2025-07-14_G14,10109837MORETTIJ,2025-07-14,110787,1,1,0,69.0
10109837MORETTIJ_2025-07-14_G15,10109837MORETTIJ,2025-07-14,110787,1,19,0,73.0
10109837MORETTIJ_2025-07-14_G16,10109837MORETTIJ,2025-07-14,110711,1,8,0,535.0
10109837MORETTIJ_2025-07-14_G17,10109837MORETTIJ,2025-07-14,111602,1,20,0,144.0
10109837MORETTIJ_2025-07-14_G18,10109837MORETTIJ,2025-07-14,108795,1,40,0,787.0
10109837MORETTIJ_2025-07-14_G19,10109837MORETTIJ,2025-07-14,110787,1,36,0,156.0
10109837MORETTIJ_2025-07-14_G20,10109837MORETTIJ,2025-07-14,117808,1,6,0,179.0
10109837MORETTIJ_2025-07-14_G22,10109837MORETTIJ,2025-07-14,110711,1,4,0,342.0
10109837MORETTIJ_2025-07-14_G23,10109837MORETTIJ,2025-07-14,111602,1,8,0,98.0
10109837MORETTIJ_2025-07-14_G24,10109837MORETTIJ,2025-07-14,110313,1,4,0,62.0
10109837MORETTIJ_2025-07-14_G25,10109837MORETTIJ,2025-07-14,118140,1,8,0,103.0
10109837MORETTIJ_2025-07-14_G26,10109837MORETTIJ,2025-07-14,108711,1,8,0,82.0
10109837MORETTIJ_2025-07-14_G27,10109837MORETTIJ,2025-07-14,110787,1,8,0,131.0
10109837MORETTIJ_2025-07-14_G28,10109837MORETTIJ,2025-07-14,117808,2,9,29,259.0
10109837MORETTIJ_2025-07-14_G29,10109837MORETTIJ,2025-07-14,117820,1,4,0,98.0
10109837MORETTIJ_2025-07-14_G30,10109837MORETTIJ,2025-07-14,117820,1,16,0,183.0
10109837MORETTIJ_2025-07-14_G31,10109837MORETTIJ,2025-07-14,117834,1,4,0,123.0
10109837MORETTIJ_2025-07-14_G32,10109837MORETTIJ,2025-07-14,111446,1,8,0,853.0
10109837MORETTIJ_2025-07-14_G33,10109837MORETTIJ,2025-07-14,111602,1,2,0,240.0
10109837MORETTIJ_2025-07-14_G34,10109837MORETTIJ,2025-07-14,110313,1,8,0,177.0
10109837MORETTIJ_2025-07-14_G35,10109837MORETTIJ,2025-07-14,111532,2,5,30,112.0
10109837MORETTIJ_2025-07-14_G36,10109837MORETTIJ,2025-07-14,114091,1,17,0,674.0
10109837MORETTIJ_2025-07-14_G37,10109837MORETTIJ,2025-07-14,110325,1,19,0,173.0
10109837MORETTIJ_2025-07-14_G38,10109837MORETTIJ,2025-07-14,110374,1,13,0,167.0
10109837MORETTIJ_2025-07-14_G39,10109837MORETTIJ,2025-07-14,107830,1,9,0,122.0
10109837MORETTIJ_2025-07-14_G40,10109837MORETTIJ,2025-07-14,114092,1,2,0,85.0
10109837MORETTIJ_2025-07-14_G41,10109837MORETTIJ,2025-07-14,110373,1,46,0,1001.0
10109837MORETTIJ_2025-07-14_G42,10109837MORETTIJ,2025-07-14,117809,1,54,0,491.0
10109837MORETTIJ_2025-07-14_G43,10109837MORETTIJ,2025-07-14,118299,1,250,0,704.0
10109837MORETTIJ_2025-07-14_G44,10109837MORETTIJ,2025-07-14,117808,1,250,0,462.0
10109837MORETTIJ_2025-07-14_G45,10109837MORETTIJ,2025-07-14,160053,1,4,0,1455.0
10109837MORETTIJ_2025-07-14_G46,10109837MORETTIJ,2025-07-14,117833,1,140,0,1321.0
10109837MORETTIJ_2025-07-14_G47,10109837MORETTIJ,2025-07-14,107263,1,4,0,231.0
10109837MORETTIJ_2025-07-14_G48,10109837MORETTIJ,2025-07-14,108711,1,81,0,214.0
10109837MORETTIJ_2025-07-15_G02,10109837MORETTIJ,2025-07-15,111172,1,15,0,166.0
10109837MORETTIJ_2025-07-15_G03,10109837MORETTIJ,2025-07-15,110751,1,4,0,108.0
10109837MORETTIJ_2025-07-15_G04,10109837MORETTIJ,2025-07-15,110745,1,20,0,205.0
10109837MORETTIJ_2025-07-15_G05,10109837MORETTIJ,2025-07-15,117841,1,5,0,100.0
10109837MORETTIJ_2025-07-15_G06,10109837MORETTIJ,2025-07-15,118317,1,7,0,173.0
10109837MORETTIJ_2025-07-15_G07,10109837MORETTIJ,2025-07-15,111444,1,4,0,95.0
10109837MORETTIJ_2025-07-15_G08,10109837MORETTIJ,2025-07-15,110740,1,24,0,484.0
10109837MORETTIJ_2025-07-15_G09,10109837MORETTIJ,2025-07-15,111465,1,14,0,122.0
10109837MORETTIJ_2025-07-15_G10,10109837MORETTIJ,2025-07-15,111532,1,114,0,1062.0
10109837MORETTIJ_2025-07-15_G11,10109837MORETTIJ,2025-07-15,111418,1,90,0,379.0
10109837MORETTIJ_2025-07-15_G12,10109837MORETTIJ,2025-07-15,116241,1,16,0,581.0
10109837MORETTIJ_2025-07-15_G13,10109837MORETTIJ,2025-07-15,160054,1,60,0,2509.0
10109837MORETTIJ_2025-07-15_G14,10109837MORETTIJ,2025-07-15,109643,1,14,0,370.0
10109837MORETTIJ_2025-07-15_G15,10109837MORETTIJ,2025-07-15,110374,1,30,0,270.0
10109837MORETTIJ_2025-07-15_G16,10109837MORETTIJ,2025-07-15,160051,1,60,0,664.0
10109837MORETTIJ_2025-07-15_G18,10109837MORETTIJ,2025-07-15,140922,1,1,0,34.0
10109837MORETTIJ_2025-07-15_G19,10109837MORETTIJ,2025-07-15,111532,1,2,0,95.0
10109837MORETTIJ_2025-07-15_G20,10109837MORETTIJ,2025-07-15,111433,1,2,0,103.0
10109837MORETTIJ_2025-07-15_G21,10109837MORETTIJ,2025-07-15,110740,1,2,0,86.0
10109837MORETTIJ_2025-07-15_G22,10109837MORETTIJ,2025-07-15,111430,1,4,0,161.0
10109837MORETTIJ_2025-07-15_G23,10109837MORETTIJ,2025-07-15,111441,1,1,0,66.0
10109837MORETTIJ_2025-07-15_G24,10109837MORETTIJ,2025-07-15,111438,1,2,0,44.0
10109837MORETTIJ_2025-07-15_G25,10109837MORETTIJ,2025-07-15,111569,1,4,0,84.0
10109837MORETTIJ_2025-07-15_G26,10109837MORETTIJ,2025-07-15,110752,1,1,0,73.0
10109837MORETTIJ_2025-07-15_G27,10109837MORETTIJ,2025-07-15,109643,1,2,0,82.0
10109837MORETTIJ_2025-07-15_G28,10109837MORETTIJ,2025-07-15,117855,1,1,0,57.0
10109837MORETTIJ_2025-07-15_G29,10109837MORETTIJ,2025-07-15,140911,1,9,0,149.0
10109837MORETTIJ_2025-07-15_G30,10109837MORETTIJ,2025-07-15,160050,1,2,0,712.0
10109837MORETTIJ_2025-07-15_G31,10109837MORETTIJ,2025-07-15,107888,1,1,0,1037.0
10109837MORETTIJ_2025-07-15_G32,10109837MORETTIJ,2025-07-15,108759,1,10,0,214.0
10109837MORETTIJ_2025-07-15_G33,10109837MORETTIJ,2025-07-15,117835,1,2,0,77.0
10109837MORETTIJ_2025-07-15_G34,10109837MORETTIJ,2025-07-15,160057,1,4,0,221.0
10109837MORETTIJ_2025-07-15_G35,10109837MORETTIJ,2025-07-15,107892,1,10,0,297.0
10109837MORETTIJ_2025-07-15_G36,10109837MORETTIJ,2025-07-15,107892,2,9,5,1048.0
10109837MORETTIJ_2025-07-15_G37,10109837MORETTIJ,2025-07-15,118198,1,4,0,511.0
10109837MORETTIJ_2025-07-15_G38,10109837MORETTIJ,2025-07-15,111465,1,2,0,612.0
10109837MORETTIJ_2025-07-15_G39,10109837MORETTIJ,2025-07-15,111465,1,20,0,280.0
10109837MORETTIJ_2025-07-15_G40,10109837MORETTIJ,2025-07-15,111468,1,6,0,141.0
10109837MORETTIJ_2025-07-15_G41,10109837MORETTIJ,2025-07-15,117785,1,650,0,1801.0
10109837MORETTIJ_2025-07-16_G02,10109837MORETTIJ,2025-07-16,111172,1,4,0,135.0
10109837MORETTIJ_2025-07-16_G03,10109837MORETTIJ,2025-07-16,140922,1,4,0,169.0
10109837MORETTIJ_2025-07-16_G04,10109837MORETTIJ,2025-07-16,117821,1,3,0,54.0
10109837MORETTIJ_2025-07-16_G05,10109837MORETTIJ,2025-07-16,108711,1,8,0,382.0
10109837MORETTIJ_2025-07-16_G06,10109837MORETTIJ,2025-07-16,118317,1,4,0,252.0
10109837MORETTIJ_2025-07-16_G07,10109837MORETTIJ,2025-07-16,111433,1,1,0,43.0
10109837MORETTIJ_2025-07-16_G08,10109837MORETTIJ,2025-07-16,117831,1,2,0,71.0
10109837MORETTIJ_2025-07-16_G09,10109837MORETTIJ,2025-07-16,141823,1,1,0,83.0
10109837MORETTIJ_2025-07-16_G10,10109837MORETTIJ,2025-07-16,111466,1,15,0,256.0
10109837MORETTIJ_2025-07-16_G11,10109837MORETTIJ,2025-07-16,111469,1,5,0,178.0
10109837MORETTIJ_2025-07-16_G12,10109837MORETTIJ,2025-07-16,110740,1,5,0,348.0
10109837MORETTIJ_2025-07-16_G13,10109837MORETTIJ,2025-07-16,111465,1,4,0,64.0
10109837MORETTIJ_2025-07-16_G14,10109837MORETTIJ,2025-07-16,111418,1,32,0,461.0
10109837MORETTIJ_2025-07-16_G15,10109837MORETTIJ,2025-07-16,111468,1,4,0,158.0
10109837MORETTIJ_2025-07-16_G16,10109837MORETTIJ,2025-07-16,118094,1,2,0,112.0
10109837MORETTIJ_2025-07-16_G17,10109837MORETTIJ,2025-07-16,111876,1,2,0,61.0
10109837MORETTIJ_2025-07-16_G18,10109837MORETTIJ,2025-07-16,110339,1,8,0,195.0
10109837MORETTIJ_2025-07-16_G19,10109837MORETTIJ,2025-07-16,117862,1,3,0,85.0
10109837MORETTIJ_2025-07-16_G20,10109837MORETTIJ,2025-07-16,141047,1,1,0,58.0
10109837MORETTIJ_2025-07-16_G21,10109837MORETTIJ,2025-07-16,111467,1,7,0,104.0
10109837MORETTIJ_2025-07-16_G22,10109837MORETTIJ,2025-07-16,110515,1,4,0,113.0
10109837MORETTIJ_2025-07-16_G23,10109837MORETTIJ,2025-07-16,111463,1,40,0,1464.0
10109837MORETTIJ_2025-07-16_G24,10109837MORETTIJ,2025-07-16,111172,1,15,0,435.0
10109837MORETTIJ_2025-07-16_G25,10109837MORETTIJ,2025-07-16,110751,1,4,0,112.0
10109837MORETTIJ_2025-07-16_G26,10109837MORETTIJ,2025-07-16,108794,1,10,0,107.0
10109837MORETTIJ_2025-07-16_G27,10109837MORETTIJ,2025-07-16,140922,1,5,0,196.0
10109837MORETTIJ_2025-07-16_G28,10109837MORETTIJ,2025-07-16,111743,1,20,0,447.0
10109837MORETTIJ_2025-07-16_G29,10109837MORETTIJ,2025-07-16,117821,1,4,0,49.0
10109837MORETTIJ_2025-07-16_G30,10109837MORETTIJ,2025-07-16,111431,1,4,0,155.0
10109837MORETTIJ_2025-07-16_G31,10109837MORETTIJ,2025-07-16,111330,1,12,0,239.0
10109837MORETTIJ_2025-07-16_G32,10109837MORETTIJ,2025-07-16,117785,1,12,0,165.0
10109837MORETTIJ_2025-07-16_G33,10109837MORETTIJ,2025-07-16,117808,1,474,0,1077.0
10109837MORETTIJ_2025-07-16_G34,10109837MORETTIJ,2025-07-16,110374,1,3,0,175.0
10109837MORETTIJ_2025-07-16_G36,10109837MORETTIJ,2025-07-16,111466,1,40,0,325.0
10109837MORETTIJ_2025-07-16_G37,10109837MORETTIJ,2025-07-16,111418,1,50,0,742.0
10109837MORETTIJ_2025-07-16_G38,10109837MORETTIJ,2025-07-16,111330,1,48,0,2107.0
10109837MORETTIJ_2025-07-16_G39,10109837MORETTIJ,2025-07-16,107888,1,2,0,375.0
10109837MORETTIJ_2025-07-16_G40,10109837MORETTIJ,2025-07-16,107888,1,10,0,284.0
10109837MORETTIJ_2025-07-16_G41,10109837MORETTIJ,2025-07-16,110371,1,100,0,1456.0
10109837MORETTIJ_2025-07-16_G42,10109837MORETTIJ,2025-07-16,110745,1,20,0,881.0
10109837MORETTIJ_2025-07-16_G43,10109837MORETTIJ,2025-07-16,117834,1,8,0,1332.0
10109837MORETTIJ_2025-07-16_G44,10109837MORETTIJ,2025-07-16,111569,1,6,0,375.0
10109837MORETTIJ_2025-07-16_G45,10109837MORETTIJ,2025-07-16,118222,1,40,0,913.0
10109837MORETTIJ_2025-07-16_G46,10109837MORETTIJ,2025-07-16,111463,1,18,0,447.0
10109837MORETTIJ_2025-07-16_G47,10109837MORETTIJ,2025-07-16,105705,1,4,0,182.0
10109837MORETTIJ_2025-07-16_G48,10109837MORETTIJ,2025-07-16,117821,1,8,0,89.0
10109837MORETTIJ_2025-07-16_G49,10109837MORETTIJ,2025-07-16,111532,1,20,0,291.0
10109837MORETTIJ_2025-07-16_G50,10109837MORETTIJ,2025-07-16,109645,1,3,0,114.0
10109837MORETTIJ_2025-07-16_G51,10109837MORETTIJ,2025-07-16,110748,1,4,0,80.0
10109837MORETTIJ_2025-07-16_G52,10109837MORETTIJ,2025-07-16,111330,1,2,0,58.0
10109837MORETTIJ_2025-07-16_G53,10109837MORETTIJ,2025-07-16,108711,1,7,0,241.0
10109837MORETTIJ_2025-07-16_G54,10109837MORETTIJ,2025-07-16,111433,1,4,0,242.0
10109837MORETTIJ_2025-07-16_G55,10109837MORETTIJ,2025-07-16,117831,1,18,0,148.0
10109837MORETTIJ_2025-07-16_G56,10109837MORETTIJ,2025-07-16,111444,1,2,0,57.0
10109837MORETTIJ_2025-07-16_G57,10109837MORETTIJ,2025-07-16,111466,1,12,0,188.0
10109837MORETTIJ_2025-07-16_G58,10109837MORETTIJ,2025-07-16,111469,1,30,0,308.0
10109837MORETTIJ_2025-07-16_G59,10109837MORETTIJ,2025-07-16,111330,1,10,0,288.0
10109837MORETTIJ_2025-07-17_G02,10109837MORETTIJ,2025-07-17,117808,1,9,0,92.0
10109837MORETTIJ_2025-07-17_G03,10109837MORETTIJ,2025-07-17,117808,1,4,0,135.0
10109837MORETTIJ_2025-07-17_G04,10109837MORETTIJ,2025-07-17,117832,1,1,0,285.0
10109837MORETTIJ_2025-07-17_G05,10109837MORETTIJ,2025-07-17,110374,1,1,0,75.0
10109837MORETTIJ_2025-07-17_G06,10109837MORETTIJ,2025-07-17,110376,1,2,0,61.0
10109837MORETTIJ_2025-07-17_G07,10109837MORETTIJ,2025-07-17,110733,1,2,0,533.0
10109837MORETTIJ_2025-07-17_G09,10109837MORETTIJ,2025-07-17,141035,1,3,0,38.0
10109837MORETTIJ_2025-07-17_G10,10109837MORETTIJ,2025-07-17,108701,1,1,0,69.0
10109837MORETTIJ_2025-07-17_G11,10109837MORETTIJ,2025-07-17,110339,1,3,0,107.0
10109837MORETTIJ_2025-07-17_G12,10109837MORETTIJ,2025-07-17,110373,1,600,0,2855.0
10109837MORETTIJ_2025-07-17_G13,10109837MORETTIJ,2025-07-17,117832,1,194,0,615.0
10109837MORETTIJ_2025-07-17_G14,10109837MORETTIJ,2025-07-17,107888,1,20,0,1120.0
10109837MORETTIJ_2025-07-17_G15,10109837MORETTIJ,2025-07-17,110749,1,2,0,187.0
10109837MORETTIJ_2025-07-17_G16,10109837MORETTIJ,2025-07-17,108031,1,2,0,138.0
10109837MORETTIJ_2025-07-17_G17,10109837MORETTIJ,2025-07-17,118250,1,12,0,370.0
10109837MORETTIJ_2025-07-17_G18,10109837MORETTIJ,2025-07-17,110579,1,1,0,127.0
10109837MORETTIJ_2025-07-17_G19,10109837MORETTIJ,2025-07-17,111437,1,4,0,1035.0
10109837MORETTIJ_2025-07-17_G20,10109837MORETTIJ,2025-07-17,111569,1,2,0,70.0
10109837MORETTIJ_2025-07-17_G21,10109837MORETTIJ,2025-07-17,111462,1,12,0,122.0
10109837MORETTIJ_2025-07-17_G22,10109837MORETTIJ,2025-07-17,117833,1,1,0,64.0
10109837MORETTIJ_2025-07-17_G23,10109837MORETTIJ,2025-07-17,111466,1,14,0,384.0
10109837MORETTIJ_2025-07-17_G24,10109837MORETTIJ,2025-07-17,117809,1,6,0,110.0
10109837MORETTIJ_2025-07-17_G25,10109837MORETTIJ,2025-07-17,110372,1,20,0,372.0
10109837MORETTIJ_2025-07-17_G26,10109837MORETTIJ,2025-07-17,141047,1,8,0,123.0
10109837MORETTIJ_2025-07-17_G27,10109837MORETTIJ,2025-07-17,118299,1,50,0,577.0
10109837MORETTIJ_2025-07-17_G28,10109837MORETTIJ,2025-07-17,111463,1,24,0,217.0
10109837MORETTIJ_2025-07-17_G29,10109837MORETTIJ,2025-07-17,117820,1,6,0,719.0
10109837MORETTIJ_2025-07-18_G02,10109837MORETTIJ,2025-07-18,117830,1,14,0,258.0
10109837MORETTIJ_2025-07-18_G03,10109837MORETTIJ,2025-07-18,110371,1,4,0,69.0
10109837MORETTIJ_2025-07-18_G04,10109837MORETTIJ,2025-07-18,117808,1,20,0,123.0
10109837MORETTIJ_2025-07-18_G05,10109837MORETTIJ,2025-07-18,110374,1,11,0,326.0
10109837MORETTIJ_2025-07-18_G06,10109837MORETTIJ,2025-07-18,110372,1,24,0,273.0
10109837MORETTIJ_2025-07-18_G07,10109837MORETTIJ,2025-07-18,107830,1,8,0,177.0
10109837MORETTIJ_2025-07-18_G08,10109837MORETTIJ,2025-07-18,110373,1,20,0,873.0
10109837MORETTIJ_2025-07-18_G09,10109837MORETTIJ,2025-07-18,118299,1,22,0,473.0
10109837MORETTIJ_2025-07-18_G10,10109837MORETTIJ,2025-07-18,108794,1,5,0,68.0
10109837MORETTIJ_2025-07-18_G11,10109837MORETTIJ,2025-07-18,117838,1,2,0,155.0
10109837MORETTIJ_2025-07-18_G12,10109837MORETTIJ,2025-07-18,111462,1,8,0,109.0
10109837MORETTIJ_2025-07-18_G13,10109837MORETTIJ,2025-07-18,118223,1,2,0,109.0
10109837MORETTIJ_2025-07-18_G14,10109837MORETTIJ,2025-07-18,117785,1,16,0,284.0
10109837MORETTIJ_2025-07-18_G15,10109837MORETTIJ,2025-07-18,111433,1,4,0,194.0
10109837MORETTIJ_2025-07-18_G16,10109837MORETTIJ,2025-07-18,111469,1,20,0,724.0
10109837MORETTIJ_2025-07-18_G17,10109837MORETTIJ,2025-07-18,141823,1,1,0,228.0
10109837MORETTIJ_2025-07-18_G18,10109837MORETTIJ,2025-07-18,110753,1,4,0,581.0
10109837MORETTIJ_2025-07-18_G19,10109837MORETTIJ,2025-07-18,111850,1,4,0,142.0
10109837MORETTIJ_2025-07-18_G20,10109837MORETTIJ,2025-07-18,109641,1,4,0,114.0
10109837MORETTIJ_2025-07-18_G21,10109837MORETTIJ,2025-07-18,110339,1,50,0,1410.0
10109837MORETTIJ_2025-07-18_G22,10109837MORETTIJ,2025-07-18,117853,1,20,0,345.0
10109837MORETTIJ_2025-07-18_G23,10109837MORETTIJ,2025-07-18,109647,1,20,0,510.0
10109837MORETTIJ_2025-07-18_G24,10109837MORETTIJ,2025-07-18,111439,1,2,0,95.0
10109837MORETTIJ_2025-07-18_G25,10109837MORETTIJ,2025-07-18,110711,1,7,0,109.0
10109837MORETTIJ_2025-07-18_G26,10109837MORETTIJ,2025-07-18,108772,1,27,0,586.0
10109837MORETTIJ_2025-07-18_G27,10109837MORETTIJ,2025-07-18,117856,1,28,0,248.0
10109837MORETTIJ_2025-07-18_G28,10109837MORETTIJ,2025-07-18,110752,1,24,0,419.0
10109837MORETTIJ_2025-07-18_G29,10109837MORETTIJ,2025-07-18,111418,1,140,0,269.0
10109837MORETTIJ_2025-07-18_G30,10109837MORETTIJ,2025-07-18,116241,1,8,0,288.0
10109837MORETTIJ_2025-07-18_G31,10109837MORETTIJ,2025-07-18,110745,1,42,0,679.0
10109837MORETTIJ_2025-07-18_G33,10109837MORETTIJ,2025-07-18,117935,1,4,0,89.0
10109837MORETTIJ_2025-07-18_G34,10109837MORETTIJ,2025-07-18,118094,1,2,0,70.0
10109837MORETTIJ_2025-07-18_G35,10109837MORETTIJ,2025-07-18,107629,1,4,0,86.0
10109837MORETTIJ_2025-07-18_G36,10109837MORETTIJ,2025-07-18,110339,1,2,0,58.0
10109837MORETTIJ_2025-07-18_G37,10109837MORETTIJ,2025-07-18,117786,1,2,0,50.0
10109837MORETTIJ_2025-07-18_G38,10109837MORETTIJ,2025-07-18,117855,1,8,0,127.0
10109837MORETTIJ_2025-07-18_G39,10109837MORETTIJ,2025-07-18,110711,1,2,0,62.0
10109837MORETTIJ_2025-07-18_G40,10109837MORETTIJ,2025-07-18,111602,1,8,0,124.0
10109837MORETTIJ_2025-07-18_G41,10109837MORETTIJ,2025-07-18,110515,1,10,0,137.0
10109837MORETTIJ_2025-07-18_G42,10109837MORETTIJ,2025-07-18,108772,1,10,0,239.0
10109837MORETTIJ_2025-07-18_G43,10109837MORETTIJ,2025-07-18,111530,1,3,0,152.0
10109837MORETTIJ_2025-07-18_G44,10109837MORETTIJ,2025-07-18,110374,1,3,0,108.0
10109837MORETTIJ_2025-07-18_G45,10109837MORETTIJ,2025-07-18,107830,1,4,0,502.0
10109837MORETTIJ_2025-07-18_G46,10109837MORETTIJ,2025-07-18,110373,1,4,0,105.0
10109837MORETTIJ_2025-07-18_G47,10109837MORETTIJ,2025-07-18,117820,1,4,0,189.0
10109837MORETTIJ_2025-07-18_G48,10109837MORETTIJ,2025-07-18,118299,1,6,0,58.0
10109837MORETTIJ_2025-07-18_G49,10109837MORETTIJ,2025-07-18,110372,1,5,0,222.0
10109837MORETTIJ_2025-07-18_G50,10109837MORETTIJ,2025-07-18,117830,1,26,0,466.0
10109837MORETTIJ_2025-07-18_G51,10109837MORETTIJ,2025-07-18,117808,1,54,0,342.0
10109837MORETTIJ_2025-07-18_G52,10109837MORETTIJ,2025-07-18,110371,1,13,0,84.0
10109837MORETTIJ_2025-07-18_G53,10109837MORETTIJ,2025-07-18,110374,1,29,0,285.0
10109837MORETTIJ_2025-07-18_G54,10109837MORETTIJ,2025-07-18,110372,1,21,0,163.0
10109837MORETTIJ_2025-07-18_G55,10109837MORETTIJ,2025-07-18,107830,1,20,0,179.0
10109837MORETTIJ_2025-07-18_G56,10109837MORETTIJ,2025-07-18,110373,1,78,0,579.0
10109837MORETTIJ_2025-07-18_G57,10109837MORETTIJ,2025-07-18,117820,1,66,0,423.0
10109837MORETTIJ_2025-07-18_G58,10109837MORETTIJ,2025-07-18,107629,1,2,0,385.0
10109837MORETTIJ_2025-07-18_G59,10109837MORETTIJ,2025-07-18,117786,1,1,0,90.0
10109837MORETTIJ_2025-07-18_G60,10109837MORETTIJ,2025-07-18,141047,1,2,0,218.0
10109837MORETTIJ_2025-07-18_G61,10109837MORETTIJ,2025-07-18,111602,1,7,0,143.0
10109837MORETTIJ_2025-07-18_G62,10109837MORETTIJ,2025-07-18,111530,1,4,0,94.0
10109837MORETTIJ_2025-07-18_G63,10109837MORETTIJ,2025-07-18,105705,1,6,0,143.0
10109837MORETTIJ_2025-07-18_G64,10109837MORETTIJ,2025-07-18,140922,1,12,0,90.0
10109837MORETTIJ_2025-07-18_G65,10109837MORETTIJ,2025-07-18,118140,1,4,0,58.0
10109837MORETTIJ_2025-07-18_G66,10109837MORETTIJ,2025-07-18,108798,1,2,0,74.0
10109837MORETTIJ_2025-07-18_G67,10109837MORETTIJ,2025-07-18,109645,1,4,0,98.0
10109837MORETTIJ_2025-07-18_G68,10109837MORETTIJ,2025-07-18,110375,1,7,0,181.0
10109837MORETTIJ_2025-07-18_G69,10109837MORETTIJ,2025-07-18,117809,1,1,0,78.0
10109837MORETTIJ_2025-07-19_G02,10109837MORETTIJ,2025-07-19,140922,1,12,0,290.0
10109837MORETTIJ_2025-07-19_G03,10109837MORETTIJ,2025-07-19,111462,1,14,0,143.0
10109837MORETTIJ_2025-07-19_G04,10109837MORETTIJ,2025-07-19,111433,1,4,0,161.0
10109837MORETTIJ_2025-07-19_G05,10109837MORETTIJ,2025-07-19,111469,1,6,0,112.0
10109837MORETTIJ_2025-07-19_G06,10109837MORETTIJ,2025-07-19,111466,1,13,0,200.0
10109837MORETTIJ_2025-07-19_G07,10109837MORETTIJ,2025-07-19,111530,1,9,0,555.0
10109837MORETTIJ_2025-07-19_G08,10109837MORETTIJ,2025-07-19,111430,1,2,0,155.0
10109837MORETTIJ_2025-07-19_G09,10109837MORETTIJ,2025-07-19,117836,1,2,0,71.0
10109837MORETTIJ_2025-07-19_G10,10109837MORETTIJ,2025-07-19,110755,1,2,0,107.0
10109837MORETTIJ_2025-07-19_G11,10109837MORETTIJ,2025-07-19,110339,1,2,0,95.0
10109837MORETTIJ_2025-07-19_G12,10109837MORETTIJ,2025-07-19,117862,1,2,0,79.0
10109837MORETTIJ_2025-07-19_G13,10109837MORETTIJ,2025-07-19,111650,1,1,0,46.0
10109837MORETTIJ_2025-07-19_G14,10109837MORETTIJ,2025-07-19,111467,1,2,0,49.0
10109837MORETTIJ_2025-07-19_G15,10109837MORETTIJ,2025-07-19,111602,1,5,0,95.0
10109837MORETTIJ_2025-07-19_G16,10109837MORETTIJ,2025-07-19,110129,1,2,0,105.0
10109837MORETTIJ_2025-07-19_G17,10109837MORETTIJ,2025-07-19,118140,1,2,0,121.0
10109837MORETTIJ_2025-07-19_G18,10109837MORETTIJ,2025-07-19,117785,1,6,0,191.0
10109837MORETTIJ_2025-07-19_G19,10109837MORETTIJ,2025-07-19,117820,1,9,0,418.0
10109837MORETTIJ_2025-07-19_G20,10109837MORETTIJ,2025-07-19,117788,1,2,0,416.0
10109837MORETTIJ_2025-07-19_G21,10109837MORETTIJ,2025-07-19,117786,1,2,0,54.0
10109837MORETTIJ_2025-07-19_G22,10109837MORETTIJ,2025-07-19,117861,1,2,0,91.0
10109837MORETTIJ_2025-07-19_G23,10109837MORETTIJ,2025-07-19,111446,1,2,0,190.0
10109837MORETTIJ_2025-07-19_G24,10109837MORETTIJ,2025-07-19,110751,1,1,0,61.0
10109837MORETTIJ_2025-07-19_G25,10109837MORETTIJ,2025-07-19,111442,1,2,0,95.0
10109837MORETTIJ_2025-07-19_G26,10109837MORETTIJ,2025-07-19,107236,1,2,0,2215.0
10109837MORETTIJ_2025-07-19_G27,10109837MORETTIJ,2025-07-19,117808,1,13,0,158.0
10109837MORETTIJ_2025-07-19_G28,10109837MORETTIJ,2025-07-19,110371,1,4,0,42.0
10109837MORETTIJ_2025-07-19_G29,10109837MORETTIJ,2025-07-19,118299,1,9,0,118.0
10109837MORETTIJ_2025-07-19_G30,10109837MORETTIJ,2025-07-19,110372,1,10,0,124.0
10109837MORETTIJ_2025-07-19_G31,10109837MORETTIJ,2025-07-19,110534,1,4,0,784.0
10109837MORETTIJ_2025-07-19_G32,10109837MORETTIJ,2025-07-19,110325,1,3,0,377.0
10109837MORETTIJ_2025-07-19_G33,10109837MORETTIJ,2025-07-19,109643,1,8,0,95.0
10109837MORETTIJ_2025-07-19_G34,10109837MORETTIJ,2025-07-19,110372,1,23,0,190.0
10109837MORETTIJ_2025-07-19_G35,10109837MORETTIJ,2025-07-19,117820,1,2,0,48.0
10109837MORETTIJ_2025-07-19_G36,10109837MORETTIJ,2025-07-19,118222,1,6,0,289.0
10109837MORETTIJ_2025-07-19_G37,10109837MORETTIJ,2025-07-19,117855,1,4,0,431.0
10109837MORETTIJ_2025-07-19_G38,10109837MORETTIJ,2025-07-19,117855,1,4,0,103.0
10109837MORETTIJ_2025-07-19_G39,10109837MORETTIJ,2025-07-19,118140,1,4,0,109.0
10109837MORETTIJ_2025-07-19_G40,10109837MORETTIJ,2025-07-19,111876,1,3,0,119.0
10109837MORETTIJ_2025-07-19_G41,10109837MORETTIJ,2025-07-19,111467,1,4,0,72.0
10109837MORETTIJ_2025-07-19_G42,10109837MORETTIJ,2025-07-19,110515,1,1,0,103.0
10109837MORETTIJ_2025-07-19_G43,10109837MORETTIJ,2025-07-19,109643,1,1,0,97.0
10109837MORETTIJ_2025-07-19_G44,10109837MORETTIJ,2025-07-19,110371,1,8,0,83.0
10109837MORETTIJ_2025-07-19_G45,10109837MORETTIJ,2025-07-19,110373,1,18,0,166.0
10109837MORETTIJ_2025-07-19_G46,10109837MORETTIJ,2025-07-19,118299,1,3,0,112.0
10109837MORETTIJ_2025-07-19_G47,10109837MORETTIJ,2025-07-19,110372,1,17,0,576.0
10109837MORETTIJ_2025-07-19_G48,10109837MORETTIJ,2025-07-19,110747,1,3,0,306.0
10109837MORETTIJ_2025-07-19_G49,10109837MORETTIJ,2025-07-19,111441,1,9,0,536.0
10109837MORETTIJ_2025-07-19_G50,10109837MORETTIJ,2025-07-19,111569,1,2,0,62.0
10109837MORETTIJ_2025-07-19_G52,10109837MORETTIJ,2025-07-19,141823,1,2,0,269.0
10109837MORETTIJ_2025-07-19_G53,10109837MORETTIJ,2025-07-19,110371,1,2,0,89.0
10109837MORETTIJ_2025-07-19_G54,10109837MORETTIJ,2025-07-19,118299,1,10,0,274.0
10109837MORETTIJ_2025-07-19_G55,10109837MORETTIJ,2025-07-19,110372,1,9,0,147.0
10109837MORETTIJ_2025-07-19_G56,10109837MORETTIJ,2025-07-19,117820,1,2,0,32.0
10109837MORETTIJ_2025-07-19_G57,10109837MORETTIJ,2025-07-19,111418,1,27,0,361.0
10109837MORETTIJ_2025-07-19_G58,10109837MORETTIJ,2025-07-19,110371,1,8,0,687.0
10109837MORETTIJ_2025-07-19_G59,10109837MORETTIJ,2025-07-19,110373,1,70,0,763.0
10109837MORETTIJ_2025-07-19_G60,10109837MORETTIJ,2025-07-19,110339,1,6,0,1480.0
10109837MORETTIJ_2025-07-19_G61,10109837MORETTIJ,2025-07-19,111467,1,4,0,80.0
10109837MORETTIJ_2025-07-19_G62,10109837MORETTIJ,2025-07-19,111602,1,3,0,80.0
10109837MORETTIJ_2025-07-19_G63,10109837MORETTIJ,2025-07-19,117856,1,4,0,55.0
10109837MORETTIJ_2025-07-19_G64,10109837MORETTIJ,2025-07-19,140922,1,10,0,125.0
10109837MORETTIJ_2025-07-19_G65,10109837MORETTIJ,2025-07-19,111462,1,3,0,84.0
10109837MORETTIJ_2025-07-19_G66,10109837MORETTIJ,2025-07-19,111418,1,16,0,136.0
10109837MORETTIJ_2025-07-19_G67,10109837MORETTIJ,2025-07-19,117785,1,20,0,250.0
10109837MORETTIJ_2025-07-19_G68,10109837MORETTIJ,2025-07-19,117831,1,10,0,82.0
10109837MORETTIJ_2025-07-19_G69,10109837MORETTIJ,2025-07-19,111442,1,5,0,76.0
10109837MORETTIJ_2025-07-19_G70,10109837MORETTIJ,2025-07-19,110740,1,7,0,69.0
10109837MORETTIJ_2025-07-21_G02,10109837MORETTIJ,2025-07-21,111530,1,120,0,1486.0
10109837MORETTIJ_2025-07-21_G03,10109837MORETTIJ,2025-07-21,111463,1,4,0,585.0
10109837MORETTIJ_2025-07-21_G04,10109837MORETTIJ,2025-07-21,140922,1,6,0,89.0
10109837MORETTIJ_2025-07-21_G05,10109837MORETTIJ,2025-07-21,140922,1,80,0,243.0
10109837MORETTIJ_2025-07-21_G06,10109837MORETTIJ,2025-07-21,111182,1,16,0,426.0
10109837MORETTIJ_2025-07-21_G07,10109837MORETTIJ,2025-07-21,109645,1,2,0,122.0
10109837MORETTIJ_2025-07-21_G08,10109837MORETTIJ,2025-07-21,110740,1,8,0,137.0
10109837MORETTIJ_2025-07-21_G09,10109837MORETTIJ,2025-07-21,111466,1,12,0,103.0
10109837MORETTIJ_2025-07-21_G10,10109837MORETTIJ,2025-07-21,111469,1,10,0,106.0
10109837MORETTIJ_2025-07-21_G11,10109837MORETTIJ,2025-07-21,111466,1,400,0,949.0
10109837MORETTIJ_2025-07-21_G12,10109837MORETTIJ,2025-07-21,118222,1,28,0,445.0
10109837MORETTIJ_2025-07-21_G13,10109837MORETTIJ,2025-07-21,111430,1,4,0,217.0
10109837MORETTIJ_2025-07-21_G14,10109837MORETTIJ,2025-07-21,110755,1,4,0,107.0
10109837MORETTIJ_2025-07-21_G15,10109837MORETTIJ,2025-07-21,110747,1,4,0,85.0
10109837MORETTIJ_2025-07-21_G16,10109837MORETTIJ,2025-07-21,100334,1,10,0,262.0
10109837MORETTIJ_2025-07-21_G17,10109837MORETTIJ,2025-07-21,111441,1,4,0,626.0
10109837MORETTIJ_2025-07-21_G18,10109837MORETTIJ,2025-07-21,108759,1,4,0,353.0
10109837MORETTIJ_2025-07-21_G19,10109837MORETTIJ,2025-07-21,117835,1,4,0,159.0
10109837MORETTIJ_2025-07-21_G20,10109837MORETTIJ,2025-07-21,110623,1,6,0,135.0
10109837MORETTIJ_2025-07-21_G21,10109837MORETTIJ,2025-07-21,110895,1,8,0,803.0
10109837MORETTIJ_2025-07-21_G22,10109837MORETTIJ,2025-07-21,109933,1,4,0,133.0
10109837MORETTIJ_2025-07-22_G02,10109837MORETTIJ,2025-07-22,117820,1,6,0,152.0
10109837MORETTIJ_2025-07-22_G03,10109837MORETTIJ,2025-07-22,117808,2,1200,9,216.0
10109837MORETTIJ_2025-07-22_G04,10109837MORETTIJ,2025-07-22,117820,2,110,6,457.0
10109837MORETTIJ_2025-07-22_G05,10109837MORETTIJ,2025-07-22,117855,1,2,0,705.0
10109837MORETTIJ_2025-07-22_G06,10109837MORETTIJ,2025-07-22,117830,1,8,0,150.0
10109837MORETTIJ_2025-07-22_G07,10109837MORETTIJ,2025-07-22,110373,1,28,0,213.0
10109837MORETTIJ_2025-07-22_G08,10109837MORETTIJ,2025-07-22,110374,1,4,0,63.0
10109837MORETTIJ_2025-07-22_G09,10109837MORETTIJ,2025-07-22,110371,1,4,0,232.0
10109837MORETTIJ_2025-07-22_G10,10109837MORETTIJ,2025-07-22,"118299, 117820",2,12,24,69.0
10109837MORETTIJ_2025-07-22_G11,10109837MORETTIJ,2025-07-22,117808,1,38,0,447.0
10109837MORETTIJ_2025-07-22_G12,10109837MORETTIJ,2025-07-22,111466,1,13,0,177.0
10109837MORETTIJ_2025-07-22_G13,10109837MORETTIJ,2025-07-22,110372,1,48,0,333.0
10109837MORETTIJ_2025-07-22_G14,10109837MORETTIJ,2025-07-22,110373,1,72,0,401.0
10109837MORETTIJ_2025-07-22_G15,10109837MORETTIJ,2025-07-22,110374,1,34,0,394.0
10109837MORETTIJ_2025-07-22_G16,10109837MORETTIJ,2025-07-22,110371,1,52,0,596.0
10109837MORETTIJ_2025-07-22_G17,10109837MORETTIJ,2025-07-22,118299,1,38,0,164.0
10109837MORETTIJ_2025-07-22_G18,10109837MORETTIJ,2025-07-22,117808,1,133,0,1045.0
10109837MORETTIJ_2025-07-22_G19,10109837MORETTIJ,2025-07-22,110372,1,90,0,308.0
10109837MORETTIJ_2025-07-22_G20,10109837MORETTIJ,2025-07-22,111418,1,12,0,584.0
10109837MORETTIJ_2025-07-22_G21,10109837MORETTIJ,2025-07-22,117785,1,14,0,173.0
10109837MORETTIJ_2025-07-22_G22,10109837MORETTIJ,2025-07-22,111469,1,8,0,273.0
10109837MORETTIJ_2025-07-22_G23,10109837MORETTIJ,2025-07-22,111466,1,44,0,436.0
10109837MORETTIJ_2025-07-22_G24,10109837MORETTIJ,2025-07-22,109643,1,5,0,1097.0
10109837MORETTIJ_2025-07-22_G25,10109837MORETTIJ,2025-07-22,110373,1,4,0,49.0
10109837MORETTIJ_2025-07-22_G26,10109837MORETTIJ,2025-07-22,110374,1,4,0,44.0
10109837MORETTIJ_2025-07-22_G27,10109837MORETTIJ,2025-07-22,117808,1,5,0,59.0
10109837MORETTIJ_2025-07-22_G28,10109837MORETTIJ,2025-07-22,117808,1,9,0,55.0
10109837MORETTIJ_2025-07-22_G29,10109837MORETTIJ,2025-07-22,"111418, 118140",2,7,30,105.0
10109837MORETTIJ_2025-07-22_G30,10109837MORETTIJ,2025-07-22,141823,1,1,0,76.0
10109837MORETTIJ_2025-07-22_G32,10109837MORETTIJ,2025-07-22,110325,1,4,0,107.0
10109837MORETTIJ_2025-07-22_G33,10109837MORETTIJ,2025-07-22,117830,1,2,0,54.0
10109837MORETTIJ_2025-07-22_G34,10109837MORETTIJ,2025-07-22,110376,1,2,0,74.0
10109837MORETTIJ_2025-07-22_G35,10109837MORETTIJ,2025-07-22,110371,1,12,0,108.0
10109837MORETTIJ_2025-07-22_G36,10109837MORETTIJ,2025-07-22,117820,1,4,0,44.0
10109837MORETTIJ_2025-07-22_G37,10109837MORETTIJ,2025-07-22,110372,1,10,0,120.0
10109837MORETTIJ_2025-07-22_G38,10109837MORETTIJ,2025-07-22,160054,1,3,0,2344.0
10109837MORETTIJ_2025-07-22_G39,10109837MORETTIJ,2025-07-22,109643,1,111,0,455.0
10109837MORETTIJ_2025-07-22_G40,10109837MORETTIJ,2025-07-22,110373,1,180,0,348.0
10109837MORETTIJ_2025-07-22_G41,10109837MORETTIJ,2025-07-22,110371,1,90,0,262.0
10109837MORETTIJ_2025-07-22_G42,10109837MORETTIJ,2025-07-22,114092,1,4,0,124.0
10109837MORETTIJ_2025-07-22_G43,10109837MORETTIJ,2025-07-22,117820,1,170,0,947.0
10109837MORETTIJ_2025-07-22_G44,10109837MORETTIJ,2025-07-22,108701,1,2,0,363.0
10109837MORETTIJ_2025-07-22_G45,10109837MORETTIJ,2025-07-22,111530,1,60,0,434.0
10109837MORETTIJ_2025-07-22_G46,10109837MORETTIJ,2025-07-22,106860,1,5,0,354.0
10109837MORETTIJ_2025-07-22_G47,10109837MORETTIJ,2025-07-22,117830,1,100,0,2032.0
10109837MORETTIJ_2025-07-22_G48,10109837MORETTIJ,2025-07-22,110373,1,150,0,563.0
10109837MORETTIJ_2025-07-23_G02,10109837MORETTIJ,2025-07-23,110711,1,20,0,285.0
10109837MORETTIJ_2025-07-23_G03,10109837MORETTIJ,2025-07-23,111530,1,40,0,470.0
10109837MORETTIJ_2025-07-23_G04,10109837MORETTIJ,2025-07-23,109649,1,9,0,584.0
10109837MORETTIJ_2025-07-23_G05,10109837MORETTIJ,2025-07-23,111463,1,150,0,1757.0
10109837MORETTIJ_2025-07-23_G06,10109837MORETTIJ,2025-07-23,117838,1,11,0,122.0
10109837MORETTIJ_2025-07-23_G07,10109837MORETTIJ,2025-07-23,108794,1,40,0,389.0
10109837MORETTIJ_2025-07-23_G08,10109837MORETTIJ,2025-07-23,111469,1,50,0,675.0
10109837MORETTIJ_2025-07-23_G09,10109837MORETTIJ,2025-07-23,111466,1,150,0,543.0
10109837MORETTIJ_2025-07-23_G10,10109837MORETTIJ,2025-07-23,111463,1,10,0,2104.0
10109837MORETTIJ_2025-07-23_G11,10109837MORETTIJ,2025-07-23,111462,1,6,0,106.0
10109837MORETTIJ_2025-07-23_G12,10109837MORETTIJ,2025-07-23,117831,1,10,0,80.0
10109837MORETTIJ_2025-07-23_G13,10109837MORETTIJ,2025-07-23,110787,1,10,0,107.0
10109837MORETTIJ_2025-07-23_G14,10109837MORETTIJ,2025-07-23,117785,1,12,0,95.0
10109837MORETTIJ_2025-07-23_G15,10109837MORETTIJ,2025-07-23,108794,1,8,0,101.0
10109837MORETTIJ_2025-07-23_G16,10109837MORETTIJ,2025-07-23,111469,1,10,0,130.0
10109837MORETTIJ_2025-07-23_G17,10109837MORETTIJ,2025-07-23,117820,1,11,0,407.0
10109837MORETTIJ_2025-07-23_G18,10109837MORETTIJ,2025-07-23,111569,1,10,0,268.0
10109837MORETTIJ_2025-07-23_G19,10109837MORETTIJ,2025-07-23,110895,1,6,0,150.0
10109837MORETTIJ_2025-07-23_G20,10109837MORETTIJ,2025-07-23,117855,1,10,0,476.0
10109837MORETTIJ_2025-07-23_G21,10109837MORETTIJ,2025-07-23,117855,1,10,0,104.0
10109837MORETTIJ_2025-07-23_G22,10109837MORETTIJ,2025-07-23,117935,1,2,0,70.0
10109837MORETTIJ_2025-07-23_G23,10109837MORETTIJ,2025-07-23,111418,1,30,0,588.0
10109837MORETTIJ_2025-07-23_G24,10109837MORETTIJ,2025-07-23,111466,1,20,0,250.0
10109837MORETTIJ_2025-07-23_G25,10109837MORETTIJ,2025-07-23,111438,1,8,0,624.0
10109837MORETTIJ_2025-07-23_G26,10109837MORETTIJ,2025-07-23,111441,1,8,0,284.0
10109837MORETTIJ_2025-07-23_G27,10109837MORETTIJ,2025-07-23,117786,1,6,0,657.0
10109837MORETTIJ_2025-07-23_G28,10109837MORETTIJ,2025-07-23,118094,1,3,0,59.0
10109837MORETTIJ_2025-07-23_G29,10109837MORETTIJ,2025-07-23,111530,1,2,0,108.0
10109837MORETTIJ_2025-07-23_G30,10109837MORETTIJ,2025-07-23,110895,1,2,0,82.0
10109837MORETTIJ_2025-07-23_G31,10109837MORETTIJ,2025-07-23,111418,1,11,0,98.0
10109837MORETTIJ_2025-07-23_G32,10109837MORETTIJ,2025-07-23,117831,1,1,0,66.0
10109837MORETTIJ_2025-07-23_G34,10109837MORETTIJ,2025-07-23,117831,1,4,0,56.0
10109837MORETTIJ_2025-07-23_G35,10109837MORETTIJ,2025-07-23,111466,1,8,0,106.0
10109837MORETTIJ_2025-07-23_G36,10109837MORETTIJ,2025-07-23,117808,1,30,0,257.0
10109837MORETTIJ_2025-07-23_G37,10109837MORETTIJ,2025-07-23,118299,1,20,0,147.0
10109837MORETTIJ_2025-07-23_G38,10109837MORETTIJ,2025-07-23,140922,1,4,0,281.0
10109837MORETTIJ_2025-07-23_G39,10109837MORETTIJ,2025-07-23,111418,1,6,0,49.0
10109837MORETTIJ_2025-07-23_G40,10109837MORETTIJ,2025-07-23,117821,1,6,0,111.0
10109837MORETTIJ_2025-07-23_G41,10109837MORETTIJ,2025-07-23,117830,1,4,0,1078.0
10109837MORETTIJ_2025-07-23_G42,10109837MORETTIJ,2025-07-23,110374,1,4,0,78.0
10109837MORETTIJ_2025-07-23_G43,10109837MORETTIJ,2025-07-23,107830,1,8,0,55.0
10109837MORETTIJ_2025-07-23_G44,10109837MORETTIJ,2025-07-23,110371,1,4,0,76.0
10109837MORETTIJ_2025-07-23_G45,10109837MORETTIJ,2025-07-23,118299,1,10,0,105.0
10109837MORETTIJ_2025-07-23_G46,10109837MORETTIJ,2025-07-23,110373,1,8,0,142.0
10109837MORETTIJ_2025-07-23_G47,10109837MORETTIJ,2025-07-23,141202,1,12,0,320.0
10109837MORETTIJ_2025-07-23_G48,10109837MORETTIJ,2025-07-23,117808,1,13,0,201.0
10109837MORETTIJ_2025-07-23_G49,10109837MORETTIJ,2025-07-23,111462,1,8,0,137.0
10109837MORETTIJ_2025-07-23_G50,10109837MORETTIJ,2025-07-23,117831,1,20,0,323.0
10109837MORETTIJ_2025-07-23_G51,10109837MORETTIJ,2025-07-23,141823,1,4,0,93.0
10109837MORETTIJ_2025-07-23_G52,10109837MORETTIJ,2025-07-23,111466,1,9,0,84.0
10109837MORETTIJ_2025-07-23_G53,10109837MORETTIJ,2025-07-23,109643,1,8,0,431.0
10109837MORETTIJ_2025-07-23_G54,10109837MORETTIJ,2025-07-23,117830,1,6,0,77.0
10109837MORETTIJ_2025-07-23_G55,10109837MORETTIJ,2025-07-23,117832,1,4,0,105.0
10109837MORETTIJ_2025-07-23_G56,10109837MORETTIJ,2025-07-23,117809,1,12,0,64.0
10109837MORETTIJ_2025-07-23_G57,10109837MORETTIJ,2025-07-23,110374,1,4,0,82.0
10109837MORETTIJ_2025-07-23_G58,10109837MORETTIJ,2025-07-23,110376,1,4,0,74.0
10109837MORETTIJ_2025-07-23_G59,10109837MORETTIJ,2025-07-23,110371,1,6,0,131.0
10109837MORETTIJ_2025-07-23_G60,10109837MORETTIJ,2025-07-23,118299,1,33,0,152.0
10109837MORETTIJ_2025-07-23_G61,10109837MORETTIJ,2025-07-23,110373,1,14,0,248.0
10109837MORETTIJ_2025-07-23_G62,10109837MORETTIJ,2025-07-23,110372,1,14,0,364.0
10109837MORETTIJ_2025-07-23_G63,10109837MORETTIJ,2025-07-23,117820,1,15,0,100.0
10109837MORETTIJ_2025-07-23_G64,10109837MORETTIJ,2025-07-23,117808,1,12,0,101.0
10109837MORETTIJ_2025-07-23_G65,10109837MORETTIJ,2025-07-23,110375,1,1,0,91.0
10109837MORETTIJ_2025-07-23_G66,10109837MORETTIJ,2025-07-23,117831,1,10,0,116.0
10109837MORETTIJ_2025-07-23_G67,10109837MORETTIJ,2025-07-23,117833,1,10,0,96.0
10109837MORETTIJ_2025-07-23_G68,10109837MORETTIJ,2025-07-23,108798,1,4,0,102.0
10109837MORETTIJ_2025-07-23_G69,10109837MORETTIJ,2025-07-23,108794,1,10,0,148.0
10109837MORETTIJ_2025-07-23_G70,10109837MORETTIJ,2025-07-23,111469,1,8,0,261.0
10109837MORETTIJ_2025-07-23_G71,10109837MORETTIJ,2025-07-23,111655,1,4,0,580.0
10109837MORETTIJ_2025-07-23_G72,10109837MORETTIJ,2025-07-23,109649,1,2,0,492.0
10109837MORETTIJ_2025-07-24_G02,10109837MORETTIJ,2025-07-24,117808,1,20,0,169.0
10109837MORETTIJ_2025-07-24_G03,10109837MORETTIJ,2025-07-24,110745,1,8,0,161.0
10109837MORETTIJ_2025-07-24_G04,10109837MORETTIJ,2025-07-24,111444,1,4,0,222.0
10109837MORETTIJ_2025-07-24_G05,10109837MORETTIJ,2025-07-24,109641,1,20,0,1088.0
10109837MORETTIJ_2025-07-24_G06,10109837MORETTIJ,2025-07-24,118317,1,4,0,600.0
10109837MORETTIJ_2025-07-24_G07,10109837MORETTIJ,2025-07-24,118094,1,5,0,874.0
10109837MORETTIJ_2025-07-24_G08,10109837MORETTIJ,2025-07-24,110515,1,6,0,133.0
10109837MORETTIJ_2025-07-24_G09,10109837MORETTIJ,2025-07-24,"110325, 117830, 117832, 118299",4,14,67,109.0
10109837MORETTIJ_2025-07-24_G10,10109837MORETTIJ,2025-07-24,110374,1,4,0,115.0
10109837MORETTIJ_2025-07-24_G11,10109837MORETTIJ,2025-07-24,110376,1,3,0,60.0
10109837MORETTIJ_2025-07-24_G12,10109837MORETTIJ,2025-07-24,110371,1,11,0,84.0
10109837MORETTIJ_2025-07-24_G13,10109837MORETTIJ,2025-07-24,110373,1,6,0,102.0
10109837MORETTIJ_2025-07-24_G14,10109837MORETTIJ,2025-07-24,117820,1,5,0,69.0
10109837MORETTIJ_2025-07-25_G02,10109837MORETTIJ,2025-07-25,117856,1,57,0,340.0
10109837MORETTIJ_2025-07-25_G03,10109837MORETTIJ,2025-07-25,110752,1,60,0,301.0
10109837MORETTIJ_2025-07-25_G04,10109837MORETTIJ,2025-07-25,110741,1,27,0,213.0
10109837MORETTIJ_2025-07-25_G05,10109837MORETTIJ,2025-07-25,111466,1,4,0,601.0
10109837MORETTIJ_2025-07-25_G06,10109837MORETTIJ,2025-07-25,117785,1,20,0,192.0
10109837MORETTIJ_2025-07-25_G07,10109837MORETTIJ,2025-07-25,111469,1,12,0,190.0
10109837MORETTIJ_2025-07-25_G08,10109837MORETTIJ,2025-07-25,111465,1,8,0,236.0
10109837MORETTIJ_2025-07-25_G09,10109837MORETTIJ,2025-07-25,110740,1,4,0,194.0
10109837MORETTIJ_2025-07-25_G10,10109837MORETTIJ,2025-07-25,111418,1,100,0,388.0
10109837MORETTIJ_2025-07-25_G11,10109837MORETTIJ,2025-07-25,109974,1,2,0,937.0
10109837MORETTIJ_2025-07-25_G12,10109837MORETTIJ,2025-07-25,110755,1,1,0,101.0
10109837MORETTIJ_2025-07-25_G13,10109837MORETTIJ,2025-07-25,110749,1,4,0,139.0
10109837MORETTIJ_2025-07-25_G14,10109837MORETTIJ,2025-07-25,117834,1,5,0,152.0
10109837MORETTIJ_2025-07-25_G15,10109837MORETTIJ,2025-07-25,111437,1,4,0,123.0
10109837MORETTIJ_2025-07-25_G16,10109837MORETTIJ,2025-07-25,110579,1,2,0,124.0
10109837MORETTIJ_2025-07-25_G17,10109837MORETTIJ,2025-07-25,110623,1,2,0,55.0
10109837MORETTIJ_2025-07-25_G18,10109837MORETTIJ,2025-07-25,108771,1,1,0,44.0
10109837MORETTIJ_2025-07-25_G19,10109837MORETTIJ,2025-07-25,117789,1,1,0,83.0
10109837MORETTIJ_2025-07-25_G20,10109837MORETTIJ,2025-07-25,109933,1,1,0,439.0
10109837MORETTIJ_2025-07-25_G21,10109837MORETTIJ,2025-07-25,118253,1,12,0,431.0
10109837MORETTIJ_2025-07-25_G22,10109837MORETTIJ,2025-07-25,111441,1,16,0,346.0
10109837MORETTIJ_2025-07-25_G23,10109837MORETTIJ,2025-07-25,108770,1,15,0,313.0
10109837MORETTIJ_2025-07-25_G24,10109837MORETTIJ,2025-07-25,111850,1,32,0,579.0
10109837MORETTIJ_2025-07-25_G25,10109837MORETTIJ,2025-07-25,111850,1,6,0,879.0
10109837MORETTIJ_2025-07-25_G26,10109837MORETTIJ,2025-07-25,111438,1,4,0,86.0
10109837MORETTIJ_2025-07-25_G27,10109837MORETTIJ,2025-07-25,110841,1,1,0,46.0
10109837MORETTIJ_2025-07-25_G28,10109837MORETTIJ,2025-07-25,107254,1,2,0,71.0
10109837MORETTIJ_2025-07-25_G29,10109837MORETTIJ,2025-07-25,108759,1,5,0,1330.0
10109837MORETTIJ_2025-07-25_G30,10109837MORETTIJ,2025-07-25,118306,1,6,0,112.0
10109837MORETTIJ_2025-07-25_G31,10109837MORETTIJ,2025-07-25,118306,1,10,0,184.0
10109837MORETTIJ_2025-07-25_G32,10109837MORETTIJ,2025-07-25,105359,1,3,0,63.0
10109837MORETTIJ_2025-07-26_G02,10109837MORETTIJ,2025-07-26,111418,1,4,0,82.0
10109837MORETTIJ_2025-07-26_G03,10109837MORETTIJ,2025-07-26,110787,1,4,0,90.0
10109837MORETTIJ_2025-07-26_G04,10109837MORETTIJ,2025-07-26,111532,1,4,0,75.0
10109837MORETTIJ_2025-07-26_G05,10109837MORETTIJ,2025-07-26,118140,1,3,0,84.0
10109837MORETTIJ_2025-07-26_G06,10109837MORETTIJ,2025-07-26,117785,1,4,0,81.0
10109837MORETTIJ_2025-07-26_G07,10109837MORETTIJ,2025-07-26,110325,1,1,0,97.0
10109837MORETTIJ_2025-07-26_G08,10109837MORETTIJ,2025-07-26,110371,1,4,0,85.0
10109837MORETTIJ_2025-07-26_G09,10109837MORETTIJ,2025-07-26,110373,1,6,0,99.0
10109837MORETTIJ_2025-07-26_G10,10109837MORETTIJ,2025-07-26,118299,1,4,0,67.0
10109837MORETTIJ_2025-07-26_G11,10109837MORETTIJ,2025-07-26,110372,1,4,0,50.0
10109837MORETTIJ_2025-07-26_G12,10109837MORETTIJ,2025-07-26,117808,1,4,0,87.0
10109837MORETTIJ_2025-07-26_G13,10109837MORETTIJ,2025-07-26,118222,1,4,0,175.0
10109837MORETTIJ_2025-07-26_G14,10109837MORETTIJ,2025-07-26,110582,1,4,0,202.0
10109837MORETTIJ_2025-07-26_G15,10109837MORETTIJ,2025-07-26,110755,1,2,0,63.0
10109837MORETTIJ_2025-07-26_G16,10109837MORETTIJ,2025-07-26,110895,1,4,0,160.0
10109837MORETTIJ_2025-07-26_G17,10109837MORETTIJ,2025-07-26,110515,1,3,0,245.0
10109837MORETTIJ_2025-07-26_G18,10109837MORETTIJ,2025-07-26,111530,1,1,0,71.0
10109837MORETTIJ_2025-07-26_G19,10109837MORETTIJ,2025-07-26,107830,1,2,0,331.0
10109837MORETTIJ_2025-07-26_G20,10109837MORETTIJ,2025-07-26,110371,1,4,0,77.0
10109837MORETTIJ_2025-07-26_G21,10109837MORETTIJ,2025-07-26,110373,1,8,0,109.0
10109837MORETTIJ_2025-07-26_G22,10109837MORETTIJ,2025-07-26,"110372, 117808",2,5,17,76.0
10109837MORETTIJ_2025-07-26_G23,10109837MORETTIJ,2025-07-26,118222,1,5,0,250.0
10109837MORETTIJ_2025-07-26_G24,10109837MORETTIJ,2025-07-26,110755,1,1,0,126.0
10109837MORETTIJ_2025-07-26_G25,10109837MORETTIJ,2025-07-26,110895,1,2,0,47.0
10109837MORETTIJ_2025-07-26_G27,10109837MORETTIJ,2025-07-26,118298,1,2,0,68.0
10109837MORETTIJ_2025-07-26_G28,10109837MORETTIJ,2025-07-26,110313,1,5,0,77.0
10109837MORETTIJ_2025-07-26_G29,10109837MORETTIJ,2025-07-26,117861,1,7,0,80.0
10109837MORETTIJ_2025-07-26_G30,10109837MORETTIJ,2025-07-26,117853,1,3,0,49.0
10109837MORETTIJ_2025-07-26_G31,10109837MORETTIJ,2025-07-26,111467,1,17,0,274.0
10109837MORETTIJ_2025-07-26_G32,10109837MORETTIJ,2025-07-26,110711,1,7,0,123.0
10109837MORETTIJ_2025-07-26_G33,10109837MORETTIJ,2025-07-26,110515,1,3,0,84.0
10109837MORETTIJ_2025-07-26_G34,10109837MORETTIJ,2025-07-26,117935,2,10,10,103.0
10109837MORETTIJ_2025-07-26_G35,10109837MORETTIJ,2025-07-26,105242,1,2,0,281.0
10109837MORETTIJ_2025-07-26_G36,10109837MORETTIJ,2025-07-26,117856,1,2,0,102.0
10109837MORETTIJ_2025-07-26_G37,10109837MORETTIJ,2025-07-26,117862,1,22,0,316.0
10109837MORETTIJ_2025-07-26_G38,10109837MORETTIJ,2025-07-26,111602,1,19,0,313.0
10109837MORETTIJ_2025-07-26_G39,10109837MORETTIJ,2025-07-26,111530,1,70,0,331.0
10109837MORETTIJ_2025-07-26_G40,10109837MORETTIJ,2025-07-26,118317,1,20,0,390.0
10109837MORETTIJ_2025-07-26_G41,10109837MORETTIJ,2025-07-26,108794,1,8,0,165.0
10109837MORETTIJ_2025-07-26_G42,10109837MORETTIJ,2025-07-26,111468,1,2,0,71.0
10109837MORETTIJ_2025-07-26_G43,10109837MORETTIJ,2025-07-26,110733,1,67,0,822.0
10109837MORETTIJ_2025-07-26_G44,10109837MORETTIJ,2025-07-26,110733,1,3,0,31.0
10109837MORETTIJ_2025-07-26_G46,10109837MORETTIJ,2025-07-26,111466,1,4,0,101.0
10109837MORETTIJ_2025-07-26_G47,10109837MORETTIJ,2025-07-26,117821,1,2,0,46.0
10109837MORETTIJ_2025-07-26_G48,10109837MORETTIJ,2025-07-26,111469,1,4,0,89.0
10109837MORETTIJ_2025-07-26_G49,10109837MORETTIJ,2025-07-26,117842,1,6,0,85.0
10109837MORETTIJ_2025-07-26_G50,10109837MORETTIJ,2025-07-26,111462,1,4,0,43.0
10109837MORETTIJ_2025-07-26_G51,10109837MORETTIJ,2025-07-26,118140,1,3,0,74.0
10109837MORETTIJ_2025-07-26_G52,10109837MORETTIJ,2025-07-26,111463,1,4,0,220.0
10109837MORETTIJ_2025-07-26_G53,10109837MORETTIJ,2025-07-26,111850,1,3,0,211.0
10109837MORETTIJ_2025-07-26_G54,10109837MORETTIJ,2025-07-26,118306,1,6,0,249.0
10109837MORETTIJ_2025-07-26_G55,10109837MORETTIJ,2025-07-26,118094,1,4,0,390.0
10109837MORETTIJ_2025-07-26_G56,10109837MORETTIJ,2025-07-26,111467,1,2,0,80.0
10109837MORETTIJ_2025-07-26_G57,10109837MORETTIJ,2025-07-26,117855,1,2,0,44.0
10109837MORETTIJ_2025-07-26_G58,10109837MORETTIJ,2025-07-26,"110325, 117830",2,6,28,73.0
10109837MORETTIJ_2025-07-26_G59,10109837MORETTIJ,2025-07-26,"117809, 118299",2,11,23,33.0
10109837MORETTIJ_2025-07-26_G60,10109837MORETTIJ,2025-07-26,107830,1,4,0,108.0
10109837MORETTIJ_2025-07-26_G61,10109837MORETTIJ,2025-07-26,110374,1,4,0,86.0
10109837MORETTIJ_2025-07-26_G62,10109837MORETTIJ,2025-07-26,110372,1,4,0,73.0
10109837MORETTIJ_2025-07-26_G63,10109837MORETTIJ,2025-07-26,141066,1,3,0,183.0
10109837MORETTIJ_2025-07-26_G64,10109837MORETTIJ,2025-07-26,110373,1,6,0,915.0
10109837MORETTIJ_2025-07-26_G65,10109837MORETTIJ,2025-07-26,111330,1,8,0,159.0
10109837MORETTIJ_2025-07-26_G66,10109837MORETTIJ,2025-07-26,111418,1,42,0,1159.0
10109837MORETTIJ_2025-07-26_G67,10109837MORETTIJ,2025-07-26,108711,1,10,0,169.0
10109837MORETTIJ_2025-07-26_G68,10109837MORETTIJ,2025-07-26,117833,1,6,0,130.0
10109837MORETTIJ_2025-07-26_G69,10109837MORETTIJ,2025-07-26,140922,1,15,0,140.0
10109837MORETTIJ_2025-07-26_G70,10109837MORETTIJ,2025-07-26,111532,1,32,0,227.0
10109837MORETTIJ_2025-07-26_G71,10109837MORETTIJ,2025-07-26,108794,1,20,0,506.0
10109837MORETTIJ_2025-07-26_G72,10109837MORETTIJ,2025-07-26,117862,1,4,0,433.0
10109837MORETTIJ_2025-07-26_G73,10109837MORETTIJ,2025-07-26,111530,1,1,0,78.0
10109837MORETTIJ_2025-07-28_G02,10109837MORETTIJ,2025-07-28,118253,1,12,0,1867.0
10109837MORETTIJ_2025-07-28_G03,10109837MORETTIJ,2025-07-28,111441,1,50,0,572.0
10109837MORETTIJ_2025-07-28_G04,10109837MORETTIJ,2025-07-28,141369,1,8,0,1119.0
10109837MORETTIJ_2025-07-28_G06,10109837MORETTIJ,2025-07-28,117830,1,8,0,104.0
10109837MORETTIJ_2025-07-28_G07,10109837MORETTIJ,2025-07-28,117832,1,4,0,71.0
10109837MORETTIJ_2025-07-28_G08,10109837MORETTIJ,2025-07-28,110374,1,4,0,167.0
10109837MORETTIJ_2025-07-28_G09,10109837MORETTIJ,2025-07-28,117808,1,16,0,142.0
10109837MORETTIJ_2025-07-28_G10,10109837MORETTIJ,2025-07-28,110373,1,40,0,577.0
10109837MORETTIJ_2025-07-28_G11,10109837MORETTIJ,2025-07-28,110743,1,2,0,1048.0
10109837MORETTIJ_2025-07-28_G12,10109837MORETTIJ,2025-07-28,105705,1,3,0,76.0
10109837MORETTIJ_2025-07-28_G13,10109837MORETTIJ,2025-07-28,111348,1,3,0,61.0
10109837MORETTIJ_2025-07-28_G14,10109837MORETTIJ,2025-07-28,110787,1,4,0,116.0
10109837MORETTIJ_2025-07-28_G15,10109837MORETTIJ,2025-07-28,111182,1,3,0,85.0
10109837MORETTIJ_2025-07-28_G16,10109837MORETTIJ,2025-07-28,111469,1,8,0,94.0
10109837MORETTIJ_2025-07-28_G17,10109837MORETTIJ,2025-07-28,111431,1,2,0,34.0
10109837MORETTIJ_2025-07-28_G18,10109837MORETTIJ,2025-07-28,118223,1,4,0,101.0
10109837MORETTIJ_2025-07-28_G19,10109837MORETTIJ,2025-07-28,111433,1,2,0,120.0
10109837MORETTIJ_2025-07-28_G20,10109837MORETTIJ,2025-07-28,110375,1,2,0,113.0
10109837MORETTIJ_2025-07-28_G21,10109837MORETTIJ,2025-07-28,110373,1,24,0,370.0
10109837MORETTIJ_2025-07-28_G22,10109837MORETTIJ,2025-07-28,117820,1,4,0,64.0
10109837MORETTIJ_2025-07-28_G23,10109837MORETTIJ,2025-07-28,117808,1,16,0,496.0
10109837MORETTIJ_2025-07-28_G24,10109837MORETTIJ,2025-07-28,118290,1,3,0,919.0
10109837MORETTIJ_2025-07-28_G25,10109837MORETTIJ,2025-07-28,141823,2,8,7,124.0
10109837MORETTIJ_2025-07-28_G26,10109837MORETTIJ,2025-07-28,109640,1,20,0,1839.0
10109837MORETTIJ_2025-07-28_G27,10109837MORETTIJ,2025-07-28,109640,1,50,0,397.0
10109837MORETTIJ_2025-07-28_G28,10109837MORETTIJ,2025-07-28,109640,1,7,0,49.0
10109837MORETTIJ_2025-07-29_G02,10109837MORETTIJ,2025-07-29,111172,2,11,9,134.0
10109837MORETTIJ_2025-07-29_G03,10109837MORETTIJ,2025-07-29,105705,1,4,0,150.0
10109837MORETTIJ_2025-07-29_G04,10109837MORETTIJ,2025-07-29,105705,1,4,0,71.0
10109837MORETTIJ_2025-07-29_G05,10109837MORETTIJ,2025-07-29,140922,1,5,0,45.0
10109837MORETTIJ_2025-07-29_G06,10109837MORETTIJ,2025-07-29,111418,1,67,0,333.0
10109837MORETTIJ_2025-07-29_G07,10109837MORETTIJ,2025-07-29,111418,1,95,0,746.0
10109837MORETTIJ_2025-07-29_G08,10109837MORETTIJ,2025-07-29,117809,2,19,5,203.0
10109837MORETTIJ_2025-07-29_G09,10109837MORETTIJ,2025-07-29,110371,1,2,0,114.0
10109837MORETTIJ_2025-07-29_G10,10109837MORETTIJ,2025-07-29,110374,3,6,29,72.0
10109837MORETTIJ_2025-07-29_G11,10109837MORETTIJ,2025-07-29,110372,1,130,0,126.0
10109837MORETTIJ_2025-07-29_G12,10109837MORETTIJ,2025-07-29,117935,1,1,0,75.0
10109837MORETTIJ_2025-07-29_G13,10109837MORETTIJ,2025-07-29,111752,1,11,0,361.0
10109837MORETTIJ_2025-07-29_G14,10109837MORETTIJ,2025-07-29,111467,1,34,0,1006.0
10109837MORETTIJ_2025-07-29_G15,10109837MORETTIJ,2025-07-29,110374,1,24,0,332.0
10109837MORETTIJ_2025-07-29_G16,10109837MORETTIJ,2025-07-29,110515,1,48,0,776.0
10109837MORETTIJ_2025-07-29_G17,10109837MORETTIJ,2025-07-29,110372,1,24,0,412.0
10109837MORETTIJ_2025-07-29_G18,10109837MORETTIJ,2025-07-29,111463,1,7,0,301.0
10109837MORETTIJ_2025-07-29_G19,10109837MORETTIJ,2025-07-29,110745,1,24,0,200.0
10109837MORETTIJ_2025-07-29_G20,10109837MORETTIJ,2025-07-29,111418,1,30,0,1175.0
10109837MORETTIJ_2025-07-29_G21,10109837MORETTIJ,2025-07-29,141456,1,30,0,185.0
10109837MORETTIJ_2025-07-29_G22,10109837MORETTIJ,2025-07-29,141458,1,30,0,505.0
10109837MORETTIJ_2025-07-29_G23,10109837MORETTIJ,2025-07-29,110787,1,20,0,141.0
10109837MORETTIJ_2025-07-29_G24,10109837MORETTIJ,2025-07-29,117831,1,20,0,76.0
10109837MORETTIJ_2025-07-29_G25,10109837MORETTIJ,2025-07-29,111469,1,30,0,501.0
10109837MORETTIJ_2025-07-29_G26,10109837MORETTIJ,2025-07-29,111462,1,30,0,306.0
10109837MORETTIJ_2025-07-29_G27,10109837MORETTIJ,2025-07-29,117785,1,10,0,116.0
10109837MORETTIJ_2025-07-29_G28,10109837MORETTIJ,2025-07-29,108794,1,10,0,91.0
10109837MORETTIJ_2025-07-29_G29,10109837MORETTIJ,2025-07-29,141457,1,20,0,301.0
10109837MORETTIJ_2025-07-29_G30,10109837MORETTIJ,2025-07-29,117830,1,20,0,186.0
10109837MORETTIJ_2025-07-29_G31,10109837MORETTIJ,2025-07-29,110373,1,30,0,302.0
10109837MORETTIJ_2025-07-29_G32,10109837MORETTIJ,2025-07-29,110374,1,20,0,113.0
10109837MORETTIJ_2025-07-29_G33,10109837MORETTIJ,2025-07-29,118299,1,40,0,325.0
10109837MORETTIJ_2025-07-29_G34,10109837MORETTIJ,2025-07-29,117820,1,30,0,178.0
10109837MORETTIJ_2025-07-29_G35,10109837MORETTIJ,2025-07-29,141457,1,12,0,1378.0
10109837MORETTIJ_2025-07-29_G36,10109837MORETTIJ,2025-07-29,141456,1,12,0,293.0
10109837MORETTIJ_2025-07-29_G37,10109837MORETTIJ,2025-07-29,141458,1,8,0,77.0
10109837MORETTIJ_2025-07-29_G38,10109837MORETTIJ,2025-07-29,110787,1,4,0,46.0
10109837MORETTIJ_2025-07-29_G39,10109837MORETTIJ,2025-07-29,111444,1,4,0,712.0
10109837MORETTIJ_2025-07-29_G40,10109837MORETTIJ,2025-07-29,141456,1,60,0,307.0
10109837MORETTIJ_2025-07-29_G42,10109837MORETTIJ,2025-07-29,111532,1,4,0,147.0
10109837MORETTIJ_2025-07-29_G43,10109837MORETTIJ,2025-07-29,115817,1,4,0,116.0
10109837MORETTIJ_2025-07-29_G44,10109837MORETTIJ,2025-07-29,117785,1,4,0,52.0
10109837MORETTIJ_2025-07-29_G45,10109837MORETTIJ,2025-07-29,141457,1,20,0,131.0
10109837MORETTIJ_2025-07-29_G46,10109837MORETTIJ,2025-07-29,141456,1,20,0,147.0
10109837MORETTIJ_2025-07-29_G47,10109837MORETTIJ,2025-07-29,117820,1,4,0,83.0
10109837MORETTIJ_2025-07-29_G48,10109837MORETTIJ,2025-07-29,111463,1,7,0,556.0
10109837MORETTIJ_2025-07-29_G49,10109837MORETTIJ,2025-07-29,111418,1,7,0,126.0
10109837MORETTIJ_2025-07-29_G50,10109837MORETTIJ,2025-07-29,141456,1,20,0,106.0
10109837MORETTIJ_2025-07-29_G51,10109837MORETTIJ,2025-07-29,141458,1,12,0,116.0
10109837MORETTIJ_2025-07-29_G52,10109837MORETTIJ,2025-07-29,118140,1,12,0,327.0
10109837MORETTIJ_2025-07-29_G53,10109837MORETTIJ,2025-07-29,141457,1,20,0,175.0
10109837MORETTIJ_2025-07-29_G54,10109837MORETTIJ,2025-07-29,110755,1,4,0,280.0
10109837MORETTIJ_2025-07-29_G55,10109837MORETTIJ,2025-07-29,110895,1,6,0,99.0
10109837MORETTIJ_2025-07-29_G56,10109837MORETTIJ,2025-07-29,110711,1,6,0,67.0
10109837MORETTIJ_2025-07-29_G57,10109837MORETTIJ,2025-07-29,111602,1,8,0,117.0
10109837MORETTIJ_2025-07-29_G58,10109837MORETTIJ,2025-07-29,110325,1,4,0,101.0
10109837MORETTIJ_2025-07-29_G59,10109837MORETTIJ,2025-07-29,110371,1,10,0,309.0
10109837MORETTIJ_2025-07-29_G60,10109837MORETTIJ,2025-07-29,118299,1,8,0,121.0
10109837MORETTIJ_2025-07-29_G61,10109837MORETTIJ,2025-07-29,117786,1,2,0,404.0
10109837MORETTIJ_2025-07-29_G62,10109837MORETTIJ,2025-07-29,117837,1,2,0,59.0
10109837MORETTIJ_2025-07-29_G63,10109837MORETTIJ,2025-07-29,117862,1,5,0,75.0
10109837MORETTIJ_2025-07-29_G64,10109837MORETTIJ,2025-07-29,111439,1,3,0,106.0
10109837MORETTIJ_2025-07-29_G65,10109837MORETTIJ,2025-07-29,111602,1,2,0,43.0
10109837MORETTIJ_2025-07-29_G66,10109837MORETTIJ,2025-07-29,117935,1,3,0,71.0
10109837MORETTIJ_2025-07-29_G67,10109837MORETTIJ,2025-07-29,111530,1,9,0,107.0
10109837MORETTIJ_2025-07-29_G68,10109837MORETTIJ,2025-07-29,117830,1,2,0,99.0
10109837MORETTIJ_2025-07-29_G69,10109837MORETTIJ,2025-07-29,"117809, 118299",2,8,21,35.0
10109837MORETTIJ_2025-07-29_G70,10109837MORETTIJ,2025-07-29,110376,1,2,0,84.0
10109837MORETTIJ_2025-07-29_G71,10109837MORETTIJ,2025-07-29,110374,1,5,0,109.0
10109837MORETTIJ_2025-07-29_G72,10109837MORETTIJ,2025-07-29,110372,1,4,0,91.0
10109837MORETTIJ_2025-07-29_G73,10109837MORETTIJ,2025-07-29,117808,1,10,0,70.0
10109837MORETTIJ_2025-07-29_G74,10109837MORETTIJ,2025-07-29,"110373, 117820",2,20,11,191.0
10109837MORETTIJ_2025-07-30_G02,10109837MORETTIJ,2025-07-30,117785,1,1,0,61.0
10109837MORETTIJ_2025-07-30_G03,10109837MORETTIJ,2025-07-30,141457,1,4,0,64.0
10109837MORETTIJ_2025-07-30_G04,10109837MORETTIJ,2025-07-30,110740,1,4,0,145.0
10109837MORETTIJ_2025-07-30_G05,10109837MORETTIJ,2025-07-30,110787,1,3,0,120.0
10109837MORETTIJ_2025-07-30_G06,10109837MORETTIJ,2025-07-30,110787,2,13,5,67.0
10109837MORETTIJ_2025-07-30_G07,10109837MORETTIJ,2025-07-30,117833,1,2,0,90.0
10109837MORETTIJ_2025-07-30_G08,10109837MORETTIJ,2025-07-30,111569,1,4,0,147.0
10109837MORETTIJ_2025-07-30_G09,10109837MORETTIJ,2025-07-30,111850,1,2,0,263.0
10109837MORETTIJ_2025-07-30_G10,10109837MORETTIJ,2025-07-30,111443,1,6,0,562.0
10109837MORETTIJ_2025-07-30_G11,10109837MORETTIJ,2025-07-30,141457,1,6,0,218.0
10109837MORETTIJ_2025-07-30_G12,10109837MORETTIJ,2025-07-30,141458,2,6,5,82.0
10109837MORETTIJ_2025-07-30_G13,10109837MORETTIJ,2025-07-30,110711,1,2,0,447.0
10109837MORETTIJ_2025-07-30_G14,10109837MORETTIJ,2025-07-30,108711,1,5,0,177.0
10109837MORETTIJ_2025-07-30_G15,10109837MORETTIJ,2025-07-30,111463,1,12,0,382.0
10109837MORETTIJ_2025-07-30_G16,10109837MORETTIJ,2025-07-30,110372,1,16,0,480.0
10109837MORETTIJ_2025-07-30_G17,10109837MORETTIJ,2025-07-30,141823,1,8,0,286.0
10109837MORETTIJ_2025-07-30_G18,10109837MORETTIJ,2025-07-30,110500,1,2,0,2583.0
10109837MORETTIJ_2025-07-30_G19,10109837MORETTIJ,2025-07-30,111851,1,3,0,491.0
10109837MORETTIJ_2025-07-30_G20,10109837MORETTIJ,2025-07-30,110582,1,1,0,83.0
10109837MORETTIJ_2025-07-30_G21,10109837MORETTIJ,2025-07-30,118283,1,8,0,337.0
10109837MORETTIJ_2025-07-30_G22,10109837MORETTIJ,2025-07-30,118280,1,1,0,128.0
10109837MORETTIJ_2025-07-30_G23,10109837MORETTIJ,2025-07-30,118140,1,14,0,160.0
10109837MORETTIJ_2025-07-30_G24,10109837MORETTIJ,2025-07-30,116241,1,1,0,116.0
10109837MORETTIJ_2025-07-30_G25,10109837MORETTIJ,2025-07-30,117785,1,21,0,205.0
10109837MORETTIJ_2025-07-30_G26,10109837MORETTIJ,2025-07-30,110740,1,6,0,178.0
10109837MORETTIJ_2025-07-30_G27,10109837MORETTIJ,2025-07-30,117809,1,10,0,799.0
10109837MORETTIJ_2025-07-30_G28,10109837MORETTIJ,2025-07-30,110374,1,24,0,330.0
10109837MORETTIJ_2025-07-30_G29,10109837MORETTIJ,2025-07-30,141202,1,4,0,58.0
10109837MORETTIJ_2025-07-30_G30,10109837MORETTIJ,2025-07-30,110372,1,31,0,175.0
10109837MORETTIJ_2025-07-30_G31,10109837MORETTIJ,2025-07-30,110372,1,69,0,536.0
10109837MORETTIJ_2025-07-30_G32,10109837MORETTIJ,2025-07-30,110373,1,100,0,286.0
10109837MORETTIJ_2025-07-30_G33,10109837MORETTIJ,2025-07-30,117855,1,40,0,449.0
10109837MORETTIJ_2025-07-30_G34,10109837MORETTIJ,2025-07-30,110515,1,14,0,386.0
10109837MORETTIJ_2025-07-30_G36,10109837MORETTIJ,2025-07-30,110500,1,1,0,657.0
10109837MORETTIJ_2025-07-30_G37,10109837MORETTIJ,2025-07-30,109974,1,2,0,265.0
10109837MORETTIJ_2025-07-30_G38,10109837MORETTIJ,2025-07-30,118283,1,4,0,86.0
10109837MORETTIJ_2025-07-30_G39,10109837MORETTIJ,2025-07-30,118280,1,7,0,161.0
10109837MORETTIJ_2025-07-30_G40,10109837MORETTIJ,2025-07-30,116613,1,4,0,114.0
10109837MORETTIJ_2025-07-30_G41,10109837MORETTIJ,2025-07-30,110064,1,6,0,100.0
10109837MORETTIJ_2025-07-30_G42,10109837MORETTIJ,2025-07-30,110310,1,2,0,78.0
10109837MORETTIJ_2025-07-30_G43,10109837MORETTIJ,2025-07-30,109640,1,17,0,593.0
10109837MORETTIJ_2025-07-30_G44,10109837MORETTIJ,2025-07-30,107830,1,5,0,1747.0
10109837MORETTIJ_2025-07-30_G45,10109837MORETTIJ,2025-07-30,117820,1,80,0,595.0
10109837MORETTIJ_2025-07-30_G46,10109837MORETTIJ,2025-07-30,141202,1,12,0,164.0
10109837MORETTIJ_2025-07-30_G47,10109837MORETTIJ,2025-07-30,160057,1,2,0,122.0
10109837MORETTIJ_2025-07-30_G48,10109837MORETTIJ,2025-07-30,117862,1,24,0,468.0
10109837MORETTIJ_2025-07-30_G49,10109837MORETTIJ,2025-07-30,117855,1,20,0,163.0
10109837MORETTIJ_2025-07-30_G50,10109837MORETTIJ,2025-07-30,109640,1,10,0,264.0
10109837MORETTIJ_2025-07-30_G51,10109837MORETTIJ,2025-07-30,160055,1,4,0,1077.0
10109837MORETTIJ_2025-07-30_G52,10109837MORETTIJ,2025-07-30,117820,1,70,0,414.0
10109837MORETTIJ_2025-07-30_G53,10109837MORETTIJ,2025-07-30,111172,1,2,0,238.0
10109837MORETTIJ_2025-07-30_G54,10109837MORETTIJ,2025-07-30,108711,1,4,0,82.0
10109837MORETTIJ_2025-07-30_G55,10109837MORETTIJ,2025-07-30,110787,1,8,0,79.0
10109837MORETTIJ_2025-07-30_G56,10109837MORETTIJ,2025-07-30,117821,1,4,0,60.0
10109837MORETTIJ_2025-07-30_G57,10109837MORETTIJ,2025-07-30,111532,1,4,0,91.0
10109837MORETTIJ_2025-07-30_G58,10109837MORETTIJ,2025-07-30,118140,1,4,0,75.0
10109837MORETTIJ_2025-07-30_G59,10109837MORETTIJ,2025-07-30,141457,1,12,0,362.0
10109837MORETTIJ_2025-07-30_G60,10109837MORETTIJ,2025-07-30,110740,1,4,0,79.0
10109837MORETTIJ_2025-07-30_G61,10109837MORETTIJ,2025-07-30,"111465, 111468",2,2,27,48.0
10109837MORETTIJ_2025-07-30_G62,10109837MORETTIJ,2025-07-30,110711,1,2,0,196.0
10109837MORETTIJ_2025-07-31_G02,10109837MORETTIJ,2025-07-31,109643,1,12,0,86.0
10109837MORETTIJ_2025-07-31_G03,10109837MORETTIJ,2025-07-31,117832,1,3,0,80.0
10109837MORETTIJ_2025-07-31_G04,10109837MORETTIJ,2025-07-31,118299,1,8,0,102.0
10109837MORETTIJ_2025-07-31_G05,10109837MORETTIJ,2025-07-31,110371,1,5,0,98.0
10109837MORETTIJ_2025-07-31_G06,10109837MORETTIJ,2025-07-31,117808,2,19,7,112.0
10109837MORETTIJ_2025-07-31_G07,10109837MORETTIJ,2025-07-31,117820,1,5,0,65.0
10109837MORETTIJ_2025-07-31_G08,10109837MORETTIJ,2025-07-31,117830,1,4,0,319.0
10109837MORETTIJ_2025-07-31_G09,10109837MORETTIJ,2025-07-31,110895,2,9,18,105.0
10109837MORETTIJ_2025-07-31_G10,10109837MORETTIJ,2025-07-31,118364,1,12,0,420.0
10109837MORETTIJ_2025-07-31_G11,10109837MORETTIJ,2025-07-31,109643,1,1,0,1531.0
10109837MORETTIJ_2025-07-31_G12,10109837MORETTIJ,2025-07-31,117830,1,2,0,127.0
10109837MORETTIJ_2025-07-31_G13,10109837MORETTIJ,2025-07-31,117832,1,4,0,120.0
10109837MORETTIJ_2025-07-31_G14,10109837MORETTIJ,2025-07-31,117840,2,6,6,100.0
10109837MORETTIJ_2025-07-31_G15,10109837MORETTIJ,2025-07-31,107830,1,33,0,354.0
10109837MORETTIJ_2025-07-31_G16,10109837MORETTIJ,2025-07-31,110373,1,12,0,118.0
10109837MORETTIJ_2025-07-31_G17,10109837MORETTIJ,2025-07-31,110373,2,16,9,49.0
10109837MORETTIJ_2025-07-31_G18,10109837MORETTIJ,2025-07-31,110374,1,1,0,87.0
10109837MORETTIJ_2025-07-31_G19,10109837MORETTIJ,2025-07-31,117808,1,7,0,48.0
10109837MORETTIJ_2025-07-31_G20,10109837MORETTIJ,2025-07-31,117808,2,13,15,81.0
10109837MORETTIJ_2025-07-31_G21,10109837MORETTIJ,2025-07-31,110372,5,38,39,474.0
10109837MORETTIJ_2025-07-31_G22,10109837MORETTIJ,2025-07-31,118280,1,1,0,1066.0
10109837MORETTIJ_2025-07-31_G23,10109837MORETTIJ,2025-07-31,110747,1,8,0,463.0
10109837MORETTIJ_2025-07-31_G24,10109837MORETTIJ,2025-07-31,110755,1,2,0,52.0
10109837MORETTIJ_2025-07-31_G25,10109837MORETTIJ,2025-07-31,141066,2,3,7,1294.0
10109837MORETTIJ_2025-07-31_G26,10109837MORETTIJ,2025-07-31,111602,2,28,9,230.0
10109837MORETTIJ_2025-07-31_G27,10109837MORETTIJ,2025-07-31,118298,1,6,0,142.0
10109837MORETTIJ_2025-07-31_G28,10109837MORETTIJ,2025-07-31,117837,1,4,0,148.0
10109837MORETTIJ_2025-07-31_G29,10109837MORETTIJ,2025-07-31,111530,1,10,0,1970.0
10109837MORETTIJ_2025-07-31_G30,10109837MORETTIJ,2025-07-31,141047,1,4,0,95.0
10109837MORETTIJ_2025-07-31_G31,10109837MORETTIJ,2025-07-31,110733,1,10,0,566.0
10109837MORETTIJ_2025-07-31_G32,10109837MORETTIJ,2025-07-31,110375,1,3,0,735.0
10109837MORETTIJ_2025-07-31_G33,10109837MORETTIJ,2025-07-31,110373,1,10,0,99.0
10109837MORETTIJ_2025-07-31_G34,10109837MORETTIJ,2025-07-31,117820,1,8,0,85.0
10109837MORETTIJ_2025-07-31_G36,10109837MORETTIJ,2025-07-31,105705,1,6,0,216.0
10109837MORETTIJ_2025-07-31_G37,10109837MORETTIJ,2025-07-31,111348,1,21,0,207.0
10109837MORETTIJ_2025-07-31_G38,10109837MORETTIJ,2025-07-31,111443,1,2,0,64.0
10109837MORETTIJ_2025-07-31_G39,10109837MORETTIJ,2025-07-31,117821,1,6,0,91.0
10109837MORETTIJ_2025-07-31_G40,10109837MORETTIJ,2025-07-31,108798,1,8,0,351.0
10109837MORETTIJ_2025-07-31_G41,10109837MORETTIJ,2025-07-31,111469,1,10,0,111.0
10109837MORETTIJ_2025-07-31_G42,10109837MORETTIJ,2025-07-31,111431,2,22,8,803.0
10109837MORETTIJ_2025-07-31_G43,10109837MORETTIJ,2025-07-31,117842,1,6,0,201.0
10109837MORETTIJ_2025-07-31_G44,10109837MORETTIJ,2025-07-31,109641,1,8,0,128.0
10109837MORETTIJ_2025-07-31_G45,10109837MORETTIJ,2025-07-31,109645,1,4,0,55.0
10109837MORETTIJ_2025-07-31_G46,10109837MORETTIJ,2025-07-31,111462,1,23,0,525.0
10109837MORETTIJ_2025-07-31_G47,10109837MORETTIJ,2025-07-31,118140,1,257,0,743.0
10109837MORETTIJ_2025-07-31_G48,10109837MORETTIJ,2025-07-31,117787,1,2,0,77.0
10109837MORETTIJ_2025-07-31_G49,10109837MORETTIJ,2025-07-31,118317,1,9,0,126.0
10109837MORETTIJ_2025-07-31_G50,10109837MORETTIJ,2025-07-31,108794,1,8,0,96.0
10109837MORETTIJ_2025-07-31_G51,10109837MORETTIJ,2025-07-31,110740,1,4,0,186.0
10109837MORETTIJ_2025-07-31_G52,10109837MORETTIJ,2025-07-31,110740,1,30,0,360.0
10109837MORETTIJ_2025-07-31_G53,10109837MORETTIJ,2025-07-31,111465,1,4,0,217.0
10109837MORETTIJ_2025-07-31_G54,10109837MORETTIJ,2025-07-31,118317,1,9,0,153.0
10109837MORETTIJ_2025-07-31_G55,10109837MORETTIJ,2025-07-31,118317,1,24,0,69.0
10109837MORETTIJ_2025-07-31_G56,10109837MORETTIJ,2025-07-31,118317,1,24,0,531.0
10109837MORETTIJ_2025-07-31_G57,10109837MORETTIJ,2025-07-31,111742,1,120,0,2042.0
10109837MORETTIJ_2025-07-31_G58,10109837MORETTIJ,2025-07-31,111738,1,40,0,548.0
10109837MORETTIJ_2025-08-02_G02,10109837MORETTIJ,2025-08-02,111757,2,46,27,42.0
10109837MORETTIJ_2025-08-02_G03,10109837MORETTIJ,2025-08-02,111466,1,4,0,392.0
10109837MORETTIJ_2025-08-02_G04,10109837MORETTIJ,2025-08-02,117833,2,8,9,92.0
10109837MORETTIJ_2025-08-02_G05,10109837MORETTIJ,2025-08-02,140922,1,4,0,98.0
10109837MORETTIJ_2025-08-02_G06,10109837MORETTIJ,2025-08-02,111742,1,41,0,272.0
10109837MORETTIJ_2025-08-02_G07,10109837MORETTIJ,2025-08-02,111738,1,36,0,219.0
10109837MORETTIJ_2025-08-02_G08,10109837MORETTIJ,2025-08-02,118140,2,12,5,234.0
10109837MORETTIJ_2025-08-02_G09,10109837MORETTIJ,2025-08-02,111755,1,26,0,206.0
10109837MORETTIJ_2025-08-02_G10,10109837MORETTIJ,2025-08-02,111755,1,48,0,147.0
10109837MORETTIJ_2025-08-02_G11,10109837MORETTIJ,2025-08-02,108794,2,12,7,330.0
10109837MORETTIJ_2025-08-02_G12,10109837MORETTIJ,2025-08-02,111172,1,1,0,148.0
10109837MORETTIJ_2025-08-02_G13,10109837MORETTIJ,2025-08-02,111759,1,16,0,455.0
10109837MORETTIJ_2025-08-02_G14,10109837MORETTIJ,2025-08-02,111737,1,6,0,529.0
10109837MORETTIJ_2025-08-02_G15,10109837MORETTIJ,2025-08-02,111172,1,4,0,89.0
10109837MORETTIJ_2025-08-02_G16,10109837MORETTIJ,2025-08-02,140922,1,1,0,152.0
10109837MORETTIJ_2025-08-02_G17,10109837MORETTIJ,2025-08-02,111532,1,2,0,889.0
10109837MORETTIJ_2025-08-02_G18,10109837MORETTIJ,2025-08-02,111418,1,51,0,219.0
10109837MORETTIJ_2025-08-02_G19,10109837MORETTIJ,2025-08-02,111753,1,29,0,409.0
10109837MORETTIJ_2025-08-02_G21,10109837MORETTIJ,2025-08-02,111634,1,80,0,608.0
10109837MORETTIJ_2025-08-02_G22,10109837MORETTIJ,2025-08-02,111740,3,28,17,477.0
10109837MORETTIJ_2025-08-02_G23,10109837MORETTIJ,2025-08-02,141262,1,48,0,435.0
10109837MORETTIJ_2025-08-02_G24,10109837MORETTIJ,2025-08-02,111722,1,191,0,481.0
10109837MORETTIJ_2025-08-02_G25,10109837MORETTIJ,2025-08-02,111722,1,100,0,170.0
10109837MORETTIJ_2025-08-02_G26,10109837MORETTIJ,2025-08-02,117808,1,54,0,159.0
10109837MORETTIJ_2025-08-02_G27,10109837MORETTIJ,2025-08-02,117808,1,47,0,89.0
10109837MORETTIJ_2025-08-02_G28,10109837MORETTIJ,2025-08-02,110372,1,50,0,160.0
10109837MORETTIJ_2025-08-02_G29,10109837MORETTIJ,2025-08-02,110372,1,55,0,158.0
10109837MORETTIJ_2025-08-02_G30,10109837MORETTIJ,2025-08-02,110372,1,111,0,157.0
10109837MORETTIJ_2025-08-02_G31,10109837MORETTIJ,2025-08-02,118191,1,100,0,136.0
10109837MORETTIJ_2025-08-02_G32,10109837MORETTIJ,2025-08-02,117808,1,28,0,248.0
10109837MORETTIJ_2025-08-02_G33,10109837MORETTIJ,2025-08-02,118299,2,3,7,314.0
10109837MORETTIJ_2025-08-02_G34,10109837MORETTIJ,2025-08-02,110733,1,1,0,148.0
10109837MORETTIJ_2025-08-02_G35,10109837MORETTIJ,2025-08-02,111752,2,8,6,211.0
10109837MORETTIJ_2025-08-02_G36,10109837MORETTIJ,2025-08-02,111736,1,5,0,334.0
10109837MORETTIJ_2025-08-02_G37,10109837MORETTIJ,2025-08-02,117862,1,2,0,147.0
10109837MORETTIJ_2025-08-02_G38,10109837MORETTIJ,2025-08-02,111753,1,36,0,482.0
10109837MORETTIJ_2025-08-05_G02,10109837MORETTIJ,2025-08-05,111430,1,12,0,632.0
10109837MORETTIJ_2025-08-05_G03,10109837MORETTIJ,2025-08-05,110755,1,15,0,226.0
10109837MORETTIJ_2025-08-05_G04,10109837MORETTIJ,2025-08-05,118283,1,44,0,429.0
10109837MORETTIJ_2025-08-05_G05,10109837MORETTIJ,2025-08-05,118418,1,1,0,112.0
10109837MORETTIJ_2025-08-05_G06,10109837MORETTIJ,2025-08-05,111440,1,4,0,97.0
10109837MORETTIJ_2025-08-05_G07,10109837MORETTIJ,2025-08-05,107254,1,8,0,161.0
10109837MORETTIJ_2025-08-05_G08,10109837MORETTIJ,2025-08-05,118417,1,4,0,712.0
10109837MORETTIJ_2025-08-05_G09,10109837MORETTIJ,2025-08-05,118280,1,3,0,234.0
10109837MORETTIJ_2025-08-05_G10,10109837MORETTIJ,2025-08-05,110579,1,1,0,67.0
10109837MORETTIJ_2025-08-05_G11,10109837MORETTIJ,2025-08-05,109872,1,2,0,147.0
10109837MORETTIJ_2025-08-05_G12,10109837MORETTIJ,2025-08-05,118250,1,20,0,834.0
10109837MORETTIJ_2025-08-05_G13,10109837MORETTIJ,2025-08-05,100334,1,23,0,160.0
10109837MORETTIJ_2025-08-05_G14,10109837MORETTIJ,2025-08-05,110742,1,40,0,471.0
10109837MORETTIJ_2025-08-05_G15,10109837MORETTIJ,2025-08-05,118094,1,31,0,1079.0
10109837MORETTIJ_2025-08-05_G16,10109837MORETTIJ,2025-08-05,117861,1,100,0,1082.0
10109837MORETTIJ_2025-08-05_G17,10109837MORETTIJ,2025-08-05,108772,1,64,0,755.0
10109837MORETTIJ_2025-08-05_G18,10109837MORETTIJ,2025-08-05,117855,1,23,0,775.0
10109837MORETTIJ_2025-08-05_G19,10109837MORETTIJ,2025-08-05,117809,1,16,0,1107.0
10109837MORETTIJ_2025-08-05_G20,10109837MORETTIJ,2025-08-05,117808,1,100,0,320.0
10109837MORETTIJ_2025-08-05_G21,10109837MORETTIJ,2025-08-05,118299,1,100,0,236.0
10109837MORETTIJ_2025-08-05_G22,10109837MORETTIJ,2025-08-05,117820,1,40,0,529.0
10109837MORETTIJ_2025-08-05_G23,10109837MORETTIJ,2025-08-05,117832,1,8,0,380.0
10109837MORETTIJ_2025-08-06_G02,10109837MORETTIJ,2025-08-06,108711,1,166,0,469.0
10109837MORETTIJ_2025-08-06_G03,10109837MORETTIJ,2025-08-06,111418,1,500,0,987.0
10109837MORETTIJ_2025-08-06_G04,10109837MORETTIJ,2025-08-06,111462,1,295,0,3409.0
10109837MORETTIJ_2025-08-06_G06,10109837MORETTIJ,2025-08-06,107888,1,2,0,363.0
10109837MORETTIJ_2025-08-06_G07,10109837MORETTIJ,2025-08-06,110755,1,8,0,133.0
10109837MORETTIJ_2025-08-06_G08,10109837MORETTIJ,2025-08-06,111440,1,8,0,287.0
10109837MORETTIJ_2025-08-06_G09,10109837MORETTIJ,2025-08-06,117789,1,10,0,155.0
10109837MORETTIJ_2025-08-06_G10,10109837MORETTIJ,2025-08-06,111660,1,5,0,156.0
10109837MORETTIJ_2025-08-06_G11,10109837MORETTIJ,2025-08-06,118110,1,2,0,123.0
10109837MORETTIJ_2025-08-06_G12,10109837MORETTIJ,2025-08-06,108701,1,4,0,278.0
10109837MORETTIJ_2025-08-06_G13,10109837MORETTIJ,2025-08-06,110741,1,20,0,428.0
10109837MORETTIJ_2025-08-06_G14,10109837MORETTIJ,2025-08-06,117854,1,8,0,140.0
10109837MORETTIJ_2025-08-06_G15,10109837MORETTIJ,2025-08-06,117853,1,10,0,336.0
10109837MORETTIJ_2025-08-06_G16,10109837MORETTIJ,2025-08-06,141066,1,30,0,1043.0
10109837MORETTIJ_2025-08-06_G17,10109837MORETTIJ,2025-08-06,107629,1,40,0,155.0
10109837MORETTIJ_2025-08-06_G18,10109837MORETTIJ,2025-08-06,111876,1,50,0,194.0
10109837MORETTIJ_2025-08-06_G19,10109837MORETTIJ,2025-08-06,118298,1,50,0,518.0
10109837MORETTIJ_2025-08-06_G20,10109837MORETTIJ,2025-08-06,109647,1,10,0,461.0
10109837MORETTIJ_2025-08-06_G21,10109837MORETTIJ,2025-08-06,109640,1,25,0,560.0
10109837MORETTIJ_2025-08-06_G22,10109837MORETTIJ,2025-08-06,141047,1,33,0,474.0
10109837MORETTIJ_2025-08-06_G23,10109837MORETTIJ,2025-08-06,117822,1,20,0,338.0
10109837MORETTIJ_2025-08-06_G24,10109837MORETTIJ,2025-08-06,110376,1,30,0,224.0
10109837MORETTIJ_2025-08-07_G02,10109837MORETTIJ,2025-08-07,111348,1,2,0,272.0
10109837MORETTIJ_2025-08-07_G03,10109837MORETTIJ,2025-08-07,109640,1,20,0,719.0
10109837MORETTIJ_2025-08-07_G04,10109837MORETTIJ,2025-08-07,107236,1,1,0,141.0
10109837MORETTIJ_2025-08-07_G05,10109837MORETTIJ,2025-08-07,110325,1,10,0,826.0
10109837MORETTIJ_2025-08-07_G06,10109837MORETTIJ,2025-08-07,109643,1,4,0,61.0
10109837MORETTIJ_2025-08-07_G07,10109837MORETTIJ,2025-08-07,117832,1,10,0,127.0
10109837MORETTIJ_2025-08-07_G08,10109837MORETTIJ,2025-08-07,110375,1,10,0,504.0
10109837MORETTIJ_2025-08-07_G09,10109837MORETTIJ,2025-08-07,110374,1,10,0,106.0
10109837MORETTIJ_2025-08-07_G10,10109837MORETTIJ,2025-08-07,141202,1,4,0,65.0
10109837MORETTIJ_2025-08-07_G11,10109837MORETTIJ,2025-08-07,111532,1,8,0,157.0
10109837MORETTIJ_2025-08-07_G12,10109837MORETTIJ,2025-08-07,108711,1,4,0,77.0
10109837MORETTIJ_2025-08-07_G13,10109837MORETTIJ,2025-08-07,140922,1,8,0,64.0
10109837MORETTIJ_2025-08-07_G14,10109837MORETTIJ,2025-08-07,111348,1,4,0,232.0
10109837MORETTIJ_2025-08-07_G15,10109837MORETTIJ,2025-08-07,117831,1,4,0,119.0
10109837MORETTIJ_2025-08-07_G16,10109837MORETTIJ,2025-08-07,118317,1,4,0,60.0
10109837MORETTIJ_2025-08-07_G17,10109837MORETTIJ,2025-08-07,141823,1,4,0,78.0
10109837MORETTIJ_2025-08-07_G18,10109837MORETTIJ,2025-08-07,117785,1,20,0,156.0
10109837MORETTIJ_2025-08-07_G19,10109837MORETTIJ,2025-08-07,117855,1,4,0,337.0
10109837MORETTIJ_2025-08-07_G20,10109837MORETTIJ,2025-08-07,110339,1,4,0,116.0
10109837MORETTIJ_2025-08-07_G21,10109837MORETTIJ,2025-08-07,111602,1,20,0,260.0
10109837MORETTIJ_2025-08-07_G22,10109837MORETTIJ,2025-08-07,117862,1,8,0,160.0
10109837MORETTIJ_2025-08-07_G23,10109837MORETTIJ,2025-08-07,140911,1,7,0,1205.0
10109837MORETTIJ_2025-08-07_G24,10109837MORETTIJ,2025-08-07,120002,1,2,0,80.0
10109837MORETTIJ_2025-08-07_G25,10109837MORETTIJ,2025-08-07,109640,2,30,6,849.0
10109837MORETTIJ_2025-08-07_G26,10109837MORETTIJ,2025-08-07,110325,1,5,0,628.0
10109837MORETTIJ_2025-08-07_G27,10109837MORETTIJ,2025-08-07,109643,1,6,0,58.0
10109837MORETTIJ_2025-08-07_G28,10109837MORETTIJ,2025-08-07,117832,1,17,0,170.0
10109837MORETTIJ_2025-08-07_G29,10109837MORETTIJ,2025-08-07,117809,1,6,0,56.0
10109837MORETTIJ_2025-08-07_G30,10109837MORETTIJ,2025-08-07,117822,1,7,0,169.0
10109837MORETTIJ_2025-08-07_G31,10109837MORETTIJ,2025-08-07,110371,1,29,0,391.0
10109837MORETTIJ_2025-08-07_G32,10109837MORETTIJ,2025-08-07,117830,1,28,0,217.0
10109837MORETTIJ_2025-08-07_G33,10109837MORETTIJ,2025-08-07,118299,1,127,0,491.0
10109837MORETTIJ_2025-08-07_G34,10109837MORETTIJ,2025-08-07,110374,1,102,0,272.0
10109837MORETTIJ_2025-08-07_G35,10109837MORETTIJ,2025-08-07,111440,1,4,0,816.0
10109837MORETTIJ_2025-08-07_G36,10109837MORETTIJ,2025-08-07,111438,1,22,0,137.0
10109837MORETTIJ_2025-08-07_G38,10109837MORETTIJ,2025-08-07,118283,1,10,0,148.0
10109837MORETTIJ_2025-08-07_G39,10109837MORETTIJ,2025-08-07,116527,1,4,0,125.0
10109837MORETTIJ_2025-08-07_G40,10109837MORETTIJ,2025-08-07,105359,1,4,0,105.0
10109837MORETTIJ_2025-08-07_G41,10109837MORETTIJ,2025-08-07,118280,1,4,0,54.0
10109837MORETTIJ_2025-08-07_G42,10109837MORETTIJ,2025-08-07,111660,1,7,0,139.0
10109837MORETTIJ_2025-08-07_G43,10109837MORETTIJ,2025-08-07,100334,1,30,0,356.0
10109837MORETTIJ_2025-08-07_G44,10109837MORETTIJ,2025-08-07,111792,1,1,0,285.0
10109837MORETTIJ_2025-08-07_G45,10109837MORETTIJ,2025-08-07,110746,1,4,0,332.0
10109837MORETTIJ_2025-08-07_G46,10109837MORETTIJ,2025-08-07,110742,1,10,0,759.0
10109837MORETTIJ_2025-08-07_G47,10109837MORETTIJ,2025-08-07,117833,1,80,0,609.0
10109837MORETTIJ_2025-08-07_G48,10109837MORETTIJ,2025-08-07,117842,1,10,0,213.0
10109837MORETTIJ_2025-08-07_G49,10109837MORETTIJ,2025-08-07,108794,1,70,0,621.0
10109837MORETTIJ_2025-08-07_G50,10109837MORETTIJ,2025-08-07,141823,1,60,0,433.0
10109837MORETTIJ_2025-08-07_G51,10109837MORETTIJ,2025-08-07,117809,1,15,0,1158.0
10109837MORETTIJ_2025-08-07_G52,10109837MORETTIJ,2025-08-07,117832,1,20,0,121.0
10109837MORETTIJ_2025-08-07_G53,10109837MORETTIJ,2025-08-07,117808,1,50,0,330.0
10109837MORETTIJ_2025-08-07_G54,10109837MORETTIJ,2025-08-07,118299,1,100,0,414.0
10109837MORETTIJ_2025-08-07_G55,10109837MORETTIJ,2025-08-07,110373,1,20,0,348.0
10109837MORETTIJ_2025-08-07_G56,10109837MORETTIJ,2025-08-07,117830,1,15,0,251.0
10109837MORETTIJ_2025-08-08_G02,10109837MORETTIJ,2025-08-08,109647,1,5,0,111.0
10109837MORETTIJ_2025-08-08_G03,10109837MORETTIJ,2025-08-08,110515,1,2,0,241.0
10109837MORETTIJ_2025-08-08_G04,10109837MORETTIJ,2025-08-08,111469,1,15,0,244.0
10109837MORETTIJ_2025-08-08_G05,10109837MORETTIJ,2025-08-08,109641,2,4,5,2392.0
10109837MORETTIJ_2025-08-08_G06,10109837MORETTIJ,2025-08-08,111466,1,2,0,223.0
10109837MORETTIJ_2025-08-08_G07,10109837MORETTIJ,2025-08-08,111465,1,7,0,258.0
10109837MORETTIJ_2025-08-08_G08,10109837MORETTIJ,2025-08-08,111465,1,2,0,317.0
10109837MORETTIJ_2025-08-08_G09,10109837MORETTIJ,2025-08-08,117785,1,19,0,563.0
10109837MORETTIJ_2025-08-08_G10,10109837MORETTIJ,2025-08-08,111469,1,2,0,80.0
10109837MORETTIJ_2025-08-08_G11,10109837MORETTIJ,2025-08-08,117841,1,10,0,480.0
10109837MORETTIJ_2025-08-08_G12,10109837MORETTIJ,2025-08-08,111418,1,84,0,329.0
10109837MORETTIJ_2025-08-08_G13,10109837MORETTIJ,2025-08-08,117820,1,2,0,501.0
10109837MORETTIJ_2025-08-08_G14,10109837MORETTIJ,2025-08-08,110373,1,2,0,130.0
10109837MORETTIJ_2025-08-08_G15,10109837MORETTIJ,2025-08-08,110374,1,2,0,42.0
10109837MORETTIJ_2025-08-08_G16,10109837MORETTIJ,2025-08-08,117808,1,331,0,1076.0
10109837MORETTIJ_2025-08-08_G17,10109837MORETTIJ,2025-08-08,111466,1,7,0,1073.0
10109837MORETTIJ_2025-08-08_G18,10109837MORETTIJ,2025-08-08,117833,1,2,0,86.0
10109837MORETTIJ_2025-08-08_G19,10109837MORETTIJ,2025-08-08,118317,1,1,0,91.0
10109837MORETTIJ_2025-08-08_G20,10109837MORETTIJ,2025-08-08,109643,1,6,0,1752.0
10109837MORETTIJ_2025-08-08_G21,10109837MORETTIJ,2025-08-08,117809,1,4,0,46.0
10109837MORETTIJ_2025-08-08_G22,10109837MORETTIJ,2025-08-08,118299,1,39,0,466.0
10109837MORETTIJ_2025-08-08_G23,10109837MORETTIJ,2025-08-08,110373,1,2,0,79.0
10109837MORETTIJ_2025-08-08_G25,10109837MORETTIJ,2025-08-08,110374,1,24,0,927.0
10109837MORETTIJ_2025-08-08_G26,10109837MORETTIJ,2025-08-08,110373,1,28,0,173.0
10109837MORETTIJ_2025-08-08_G27,10109837MORETTIJ,2025-08-08,107830,2,8,6,326.0
10109837MORETTIJ_2025-08-08_G28,10109837MORETTIJ,2025-08-08,105705,1,2,0,145.0
10109837MORETTIJ_2025-08-08_G29,10109837MORETTIJ,2025-08-08,105705,1,12,0,40.0
10109837MORETTIJ_2025-08-08_G30,10109837MORETTIJ,2025-08-08,140922,1,4,0,380.0
10109837MORETTIJ_2025-08-08_G31,10109837MORETTIJ,2025-08-08,111466,1,2,0,42.0
10109837MORETTIJ_2025-08-08_G32,10109837MORETTIJ,2025-08-08,111465,1,2,0,124.0
10109837MORETTIJ_2025-08-08_G33,10109837MORETTIJ,2025-08-08,117831,1,4,0,77.0
10109837MORETTIJ_2025-08-08_G34,10109837MORETTIJ,2025-08-08,111418,1,25,0,279.0
10109837MORETTIJ_2025-08-08_G35,10109837MORETTIJ,2025-08-08,111469,1,2,0,83.0
10109837MORETTIJ_2025-08-08_G36,10109837MORETTIJ,2025-08-08,111469,1,20,0,449.0
10109837MORETTIJ_2025-08-08_G37,10109837MORETTIJ,2025-08-08,111467,3,14,14,2105.0
10109837MORETTIJ_2025-08-08_G38,10109837MORETTIJ,2025-08-08,110515,2,19,26,214.0
10109837MORETTIJ_2025-08-08_G39,10109837MORETTIJ,2025-08-08,110743,1,3,0,225.0
10109837MORETTIJ_2025-08-08_G40,10109837MORETTIJ,2025-08-08,105705,2,6,6,80.0
10109837MORETTIJ_2025-08-08_G41,10109837MORETTIJ,2025-08-08,140922,1,8,0,273.0
10109837MORETTIJ_2025-08-08_G42,10109837MORETTIJ,2025-08-08,"111463, 118140",2,9,8,69.0
10109837MORETTIJ_2025-08-08_G43,10109837MORETTIJ,2025-08-08,118140,1,10,0,470.0
10109837MORETTIJ_2025-08-08_G44,10109837MORETTIJ,2025-08-08,111466,1,37,0,113.0
10109837MORETTIJ_2025-08-08_G45,10109837MORETTIJ,2025-08-08,117833,1,14,0,444.0
10109837MORETTIJ_2025-08-08_G46,10109837MORETTIJ,2025-08-08,117833,1,16,0,302.0
10109837MORETTIJ_2025-08-08_G47,10109837MORETTIJ,2025-08-08,109645,2,5,12,175.0
10109837MORETTIJ_2025-08-08_G48,10109837MORETTIJ,2025-08-08,108794,2,35,7,621.0
10109837MORETTIJ_2025-08-08_G49,10109837MORETTIJ,2025-08-08,111462,1,10,0,758.0
10109837MORETTIJ_2025-08-08_G50,10109837MORETTIJ,2025-08-08,111172,1,8,0,115.0
10109837MORETTIJ_2025-08-08_G51,10109837MORETTIJ,2025-08-08,111463,1,8,0,140.0
10109837MORETTIJ_2025-08-08_G52,10109837MORETTIJ,2025-08-08,111466,1,2,0,76.0
10109837MORETTIJ_2025-08-08_G53,10109837MORETTIJ,2025-08-08,111466,1,34,0,443.0
10109837MORETTIJ_2025-08-09_G02,10109837MORETTIJ,2025-08-09,110339,1,20,0,382.0
10109837MORETTIJ_2025-08-09_G03,10109837MORETTIJ,2025-08-09,111602,1,9,0,274.0
10109837MORETTIJ_2025-08-09_G04,10109837MORETTIJ,2025-08-09,110515,1,30,0,628.0
10109837MORETTIJ_2025-08-09_G05,10109837MORETTIJ,2025-08-09,110325,1,3,0,591.0
10109837MORETTIJ_2025-08-09_G06,10109837MORETTIJ,2025-08-09,109643,1,4,0,57.0
10109837MORETTIJ_2025-08-09_G07,10109837MORETTIJ,2025-08-09,117832,1,3,0,88.0
10109837MORETTIJ_2025-08-09_G08,10109837MORETTIJ,2025-08-09,118299,1,14,0,94.0
10109837MORETTIJ_2025-08-09_G09,10109837MORETTIJ,2025-08-09,110376,1,4,0,89.0
10109837MORETTIJ_2025-08-09_G10,10109837MORETTIJ,2025-08-09,110374,1,2,0,48.0
10109837MORETTIJ_2025-08-09_G11,10109837MORETTIJ,2025-08-09,117808,1,5,0,150.0
10109837MORETTIJ_2025-08-09_G12,10109837MORETTIJ,2025-08-09,117830,1,4,0,48.0
10109837MORETTIJ_2025-08-09_G13,10109837MORETTIJ,2025-08-09,117855,1,3,0,163.0
10109837MORETTIJ_2025-08-09_G14,10109837MORETTIJ,2025-08-09,"111876, 111602",2,6,27,53.0
10109837MORETTIJ_2025-08-09_G15,10109837MORETTIJ,2025-08-09,117853,1,3,0,310.0
10109837MORETTIJ_2025-08-09_G16,10109837MORETTIJ,2025-08-09,110515,1,5,0,196.0
10109837MORETTIJ_2025-08-09_G17,10109837MORETTIJ,2025-08-09,111602,1,24,0,2924.0
10109837MORETTIJ_2025-08-09_G18,10109837MORETTIJ,2025-08-09,109643,1,4,0,351.0
10109837MORETTIJ_2025-08-09_G19,10109837MORETTIJ,2025-08-09,117832,1,11,0,149.0
10109837MORETTIJ_2025-08-09_G20,10109837MORETTIJ,2025-08-09,118299,1,9,0,85.0
10109837MORETTIJ_2025-08-09_G21,10109837MORETTIJ,2025-08-09,110371,1,3,0,43.0
10109837MORETTIJ_2025-08-09_G22,10109837MORETTIJ,2025-08-09,"110374, 117808",2,16,30,140.0
10109837MORETTIJ_2025-08-09_G23,10109837MORETTIJ,2025-08-09,"117820, 117830",2,17,28,559.0
10109837MORETTIJ_2025-08-09_G24,10109837MORETTIJ,2025-08-09,"117855, 111602",2,10,17,185.0
10109837MORETTIJ_2025-08-09_G25,10109837MORETTIJ,2025-08-09,117853,1,7,0,335.0
10109837MORETTIJ_2025-08-09_G26,10109837MORETTIJ,2025-08-09,110515,1,1,0,81.0
10109837MORETTIJ_2025-08-09_G27,10109837MORETTIJ,2025-08-09,110752,1,4,0,83.0
10109837MORETTIJ_2025-08-09_G28,10109837MORETTIJ,2025-08-09,111438,1,14,0,675.0
10109837MORETTIJ_2025-08-09_G29,10109837MORETTIJ,2025-08-09,110325,1,4,0,812.0
10109837MORETTIJ_2025-08-09_G30,10109837MORETTIJ,2025-08-09,109643,1,2,0,57.0
10109837MORETTIJ_2025-08-09_G32,10109837MORETTIJ,2025-08-09,118299,1,23,0,146.0
10109837MORETTIJ_2025-08-09_G33,10109837MORETTIJ,2025-08-09,110373,1,15,0,135.0
10109837MORETTIJ_2025-08-09_G34,10109837MORETTIJ,2025-08-09,110374,1,8,0,73.0
10109837MORETTIJ_2025-08-09_G35,10109837MORETTIJ,2025-08-09,117808,1,22,0,231.0
10109837MORETTIJ_2025-08-09_G36,10109837MORETTIJ,2025-08-09,117820,1,12,0,124.0
10109837MORETTIJ_2025-08-09_G37,10109837MORETTIJ,2025-08-09,117830,1,4,0,275.0
10109837MORETTIJ_2025-08-09_G38,10109837MORETTIJ,2025-08-09,140922,1,2,0,152.0
10109837MORETTIJ_2025-08-09_G39,10109837MORETTIJ,2025-08-09,117855,1,4,0,102.0
10109837MORETTIJ_2025-08-09_G40,10109837MORETTIJ,2025-08-09,110339,1,2,0,98.0
10109837MORETTIJ_2025-08-09_G41,10109837MORETTIJ,2025-08-09,141047,1,2,0,84.0
10109837MORETTIJ_2025-08-09_G42,10109837MORETTIJ,2025-08-09,110515,1,2,0,115.0
10109837MORETTIJ_2025-08-09_G43,10109837MORETTIJ,2025-08-09,110752,1,2,0,104.0
10109837MORETTIJ_2025-08-09_G44,10109837MORETTIJ,2025-08-09,118222,1,7,0,206.0
10109837MORETTIJ_2025-08-09_G45,10109837MORETTIJ,2025-08-09,111438,1,8,0,214.0
10109837MORETTIJ_2025-08-09_G46,10109837MORETTIJ,2025-08-09,111569,1,14,0,442.0
10109837MORETTIJ_2025-08-09_G47,10109837MORETTIJ,2025-08-09,109640,1,80,0,954.0
10109837MORETTIJ_2025-08-09_G48,10109837MORETTIJ,2025-08-09,111660,1,10,0,526.0
10109837MORETTIJ_2025-08-09_G49,10109837MORETTIJ,2025-08-09,111438,1,20,0,397.0
10109837MORETTIJ_2025-08-09_G50,10109837MORETTIJ,2025-08-09,118306,1,12,0,397.0
10109837MORETTIJ_2025-08-09_G51,10109837MORETTIJ,2025-08-09,111466,1,2,0,532.0
10109837MORETTIJ_2025-08-09_G52,10109837MORETTIJ,2025-08-09,110740,1,3,0,141.0
10109837MORETTIJ_2025-08-09_G53,10109837MORETTIJ,2025-08-09,110755,1,4,0,123.0
10109837MORETTIJ_2025-08-09_G54,10109837MORETTIJ,2025-08-09,111569,1,8,0,322.0
10109837MORETTIJ_2025-08-09_G55,10109837MORETTIJ,2025-08-09,110325,1,8,0,1149.0
10109837MORETTIJ_2025-08-09_G56,10109837MORETTIJ,2025-08-09,110742,1,4,0,158.0
10109837MORETTIJ_2025-08-09_G57,10109837MORETTIJ,2025-08-09,110733,1,60,0,557.0
10109837MORETTIJ_2025-08-09_G58,10109837MORETTIJ,2025-08-09,111467,1,100,0,416.0
10109837MORETTIJ_2025-08-09_G59,10109837MORETTIJ,2025-08-09,111602,1,153,0,764.0
10109837MORETTIJ_2025-08-09_G60,10109837MORETTIJ,2025-08-09,118094,1,130,0,165.0
10109837MORETTIJ_2025-08-11_G02,10109837MORETTIJ,2025-08-11,118253,1,1,0,64.0
10109837MORETTIJ_2025-08-11_G03,10109837MORETTIJ,2025-08-11,110534,1,4,0,174.0
10109837MORETTIJ_2025-08-11_G04,10109837MORETTIJ,2025-08-11,111793,1,1,0,67.0
10109837MORETTIJ_2025-08-11_G05,10109837MORETTIJ,2025-08-11,105359,1,2,0,50.0
10109837MORETTIJ_2025-08-11_G06,10109837MORETTIJ,2025-08-11,110579,1,8,0,151.0
10109837MORETTIJ_2025-08-11_G07,10109837MORETTIJ,2025-08-11,141420,1,4,0,75.0
10109837MORETTIJ_2025-08-11_G08,10109837MORETTIJ,2025-08-11,108410,1,2,0,216.0
10109837MORETTIJ_2025-08-11_G09,10109837MORETTIJ,2025-08-11,111792,1,13,0,308.0
10109837MORETTIJ_2025-08-11_G10,10109837MORETTIJ,2025-08-11,110833,1,6,0,330.0
10109837MORETTIJ_2025-08-11_G11,10109837MORETTIJ,2025-08-11,110582,1,8,0,268.0
10109837MORETTIJ_2025-08-11_G12,10109837MORETTIJ,2025-08-11,111120,1,3,0,418.0
10109837MORETTIJ_2025-08-11_G13,10109837MORETTIJ,2025-08-11,117855,1,3,0,536.0
10109837MORETTIJ_2025-08-11_G14,10109837MORETTIJ,2025-08-11,110733,1,8,0,138.0
10109837MORETTIJ_2025-08-11_G15,10109837MORETTIJ,2025-08-11,141047,1,8,0,177.0
10109837MORETTIJ_2025-08-11_G16,10109837MORETTIJ,2025-08-11,140911,1,12,0,1080.0
10109837MORETTIJ_2025-08-11_G17,10109837MORETTIJ,2025-08-11,108794,1,8,0,234.0
10109837MORETTIJ_2025-08-11_G18,10109837MORETTIJ,2025-08-11,141202,1,4,0,106.0
10109837MORETTIJ_2025-08-11_G19,10109837MORETTIJ,2025-08-11,108711,1,2,0,446.0
10109837MORETTIJ_2025-08-11_G20,10109837MORETTIJ,2025-08-11,108798,1,9,0,133.0
10109837MORETTIJ_2025-08-11_G21,10109837MORETTIJ,2025-08-11,117831,1,1,0,62.0
10109837MORETTIJ_2025-08-11_G22,10109837MORETTIJ,2025-08-11,117785,1,4,0,85.0
10109837MORETTIJ_2025-08-11_G23,10109837MORETTIJ,2025-08-11,141823,1,6,0,83.0
10109837MORETTIJ_2025-08-11_G24,10109837MORETTIJ,2025-08-11,110741,1,2,0,154.0
10109837MORETTIJ_2025-08-11_G25,10109837MORETTIJ,2025-08-11,110752,1,4,0,118.0
10109837MORETTIJ_2025-08-11_G26,10109837MORETTIJ,2025-08-11,141202,1,2,0,48.0
10109837MORETTIJ_2025-08-11_G27,10109837MORETTIJ,2025-08-11,110895,1,4,0,286.0
10109837MORETTIJ_2025-08-11_G28,10109837MORETTIJ,2025-08-11,109495,1,4,0,90.0
10109837MORETTIJ_2025-08-11_G29,10109837MORETTIJ,2025-08-11,111792,1,1,0,942.0
10109837MORETTIJ_2025-08-11_G30,10109837MORETTIJ,2025-08-11,111793,1,1,0,108.0
10109837MORETTIJ_2025-08-11_G31,10109837MORETTIJ,2025-08-11,111532,1,12,0,265.0
10109837MORETTIJ_2025-08-11_G32,10109837MORETTIJ,2025-08-11,111793,1,2,0,97.0
10109837MORETTIJ_2025-08-11_G33,10109837MORETTIJ,2025-08-11,110080,1,2,0,398.0
10109837MORETTIJ_2025-08-11_G34,10109837MORETTIJ,2025-08-11,109640,1,4,0,351.0
10109837MORETTIJ_2025-08-11_G35,10109837MORETTIJ,2025-08-11,110371,1,2,0,49.0
10109837MORETTIJ_2025-08-11_G36,10109837MORETTIJ,2025-08-11,111430,1,100,0,1053.0
10109837MORETTIJ_2025-08-11_G37,10109837MORETTIJ,2025-08-11,111569,1,100,0,1099.0
10109837MORETTIJ_2025-08-11_G38,10109837MORETTIJ,2025-08-11,111463,1,75,0,447.0
10109837MORETTIJ_2025-08-11_G39,10109837MORETTIJ,2025-08-11,111433,1,60,0,321.0
10109837MORETTIJ_2025-08-11_G40,10109837MORETTIJ,2025-08-11,111172,1,60,0,371.0
10109837MORETTIJ_2025-08-11_G42,10109837MORETTIJ,2025-08-11,111439,1,250,0,940.0
10109837MORETTIJ_2025-08-11_G43,10109837MORETTIJ,2025-08-11,111438,1,55,0,1190.0
10109837MORETTIJ_2025-08-11_G44,10109837MORETTIJ,2025-08-11,160057,1,10,0,1774.0
10109837MORETTIJ_2025-08-11_G45,10109837MORETTIJ,2025-08-11,160051,1,12,0,376.0
10109837MORETTIJ_2025-08-11_G46,10109837MORETTIJ,2025-08-11,109643,1,1,0,1676.0
10109837MORETTIJ_2025-08-11_G47,10109837MORETTIJ,2025-08-11,117832,1,4,0,43.0
10109837MORETTIJ_2025-08-11_G48,10109837MORETTIJ,2025-08-11,110325,1,4,0,49.0
10109837MORETTIJ_2025-08-11_G49,10109837MORETTIJ,2025-08-11,118299,1,2,0,70.0
10109837MORETTIJ_2025-08-11_G50,10109837MORETTIJ,2025-08-11,110373,1,3,0,84.0
10109837MORETTIJ_2025-08-11_G51,10109837MORETTIJ,2025-08-11,117808,1,37,0,200.0
10109837MORETTIJ_2025-08-11_G52,10109837MORETTIJ,2025-08-11,117820,1,10,0,266.0
10109837MORETTIJ_2025-08-11_G53,10109837MORETTIJ,2025-08-11,"117855, 117862",2,5,30,144.0
10109837MORETTIJ_2025-08-11_G54,10109837MORETTIJ,2025-08-11,111876,1,2,0,50.0
10109837MORETTIJ_2025-08-11_G55,10109837MORETTIJ,2025-08-11,111602,1,8,0,251.0
10109837MORETTIJ_2025-08-11_G56,10109837MORETTIJ,2025-08-11,"110733, 117853",2,3,26,159.0
10109837MORETTIJ_2025-08-11_G57,10109837MORETTIJ,2025-08-11,111532,1,6,0,110.0
10109837MORETTIJ_2025-08-11_G58,10109837MORETTIJ,2025-08-11,117785,1,2,0,86.0
10109837MORETTIJ_2025-08-11_G59,10109837MORETTIJ,2025-08-11,111433,1,1,0,35.0
10109837MORETTIJ_2025-08-11_G60,10109837MORETTIJ,2025-08-11,141823,1,3,0,58.0
10109837MORETTIJ_2025-08-11_G61,10109837MORETTIJ,2025-08-11,111418,1,34,0,300.0
10109837MORETTIJ_2025-08-12_G02,10109837MORETTIJ,2025-08-12,111602,1,12,0,122.0
10109837MORETTIJ_2025-08-12_G03,10109837MORETTIJ,2025-08-12,118094,1,22,0,451.0
10109837MORETTIJ_2025-08-12_G04,10109837MORETTIJ,2025-08-12,118298,1,4,0,55.0
10109837MORETTIJ_2025-08-12_G05,10109837MORETTIJ,2025-08-12,110733,1,12,0,144.0
10109837MORETTIJ_2025-08-12_G06,10109837MORETTIJ,2025-08-12,141047,1,20,0,405.0
10109837MORETTIJ_2025-08-12_G07,10109837MORETTIJ,2025-08-12,111467,1,24,0,367.0
10109837MORETTIJ_2025-08-12_G08,10109837MORETTIJ,2025-08-12,110752,1,8,0,165.0
10109837MORETTIJ_2025-08-12_G09,10109837MORETTIJ,2025-08-12,117837,1,7,0,166.0
10109837MORETTIJ_2025-08-12_G10,10109837MORETTIJ,2025-08-12,110753,1,4,0,92.0
10109837MORETTIJ_2025-08-12_G11,10109837MORETTIJ,2025-08-12,110515,1,62,0,281.0
10109837MORETTIJ_2025-08-12_G12,10109837MORETTIJ,2025-08-12,118253,1,4,0,361.0
10109837MORETTIJ_2025-08-12_G13,10109837MORETTIJ,2025-08-12,111438,1,10,0,163.0
10109837MORETTIJ_2025-08-12_G14,10109837MORETTIJ,2025-08-12,110747,1,4,0,1649.0
10109837MORETTIJ_2025-08-12_G15,10109837MORETTIJ,2025-08-12,111757,1,106,0,930.0
10109837MORETTIJ_2025-08-12_G16,10109837MORETTIJ,2025-08-12,111463,1,11,0,115.0
10109837MORETTIJ_2025-08-12_G17,10109837MORETTIJ,2025-08-12,118224,1,7,0,2749.0
10109837MORETTIJ_2025-08-12_G18,10109837MORETTIJ,2025-08-12,117861,1,4,0,239.0
10109837MORETTIJ_2025-08-12_G19,10109837MORETTIJ,2025-08-12,117853,1,4,0,63.0
10109837MORETTIJ_2025-08-12_G20,10109837MORETTIJ,2025-08-12,141047,1,8,0,118.0
10109837MORETTIJ_2025-08-12_G21,10109837MORETTIJ,2025-08-12,111467,1,5,0,151.0
10109837MORETTIJ_2025-08-12_G22,10109837MORETTIJ,2025-08-12,110515,1,8,0,167.0
10109837MORETTIJ_2025-08-12_G23,10109837MORETTIJ,2025-08-12,111532,1,6,0,307.0
10109837MORETTIJ_2025-08-12_G24,10109837MORETTIJ,2025-08-12,117841,1,4,0,171.0
10109837MORETTIJ_2025-08-12_G25,10109837MORETTIJ,2025-08-12,110375,1,6,0,104.0
10109837MORETTIJ_2025-08-12_G26,10109837MORETTIJ,2025-08-12,117862,1,4,0,340.0
10109837MORETTIJ_2025-08-12_G27,10109837MORETTIJ,2025-08-12,117786,1,4,0,105.0
10109837MORETTIJ_2025-08-12_G28,10109837MORETTIJ,2025-08-12,110895,1,4,0,271.0
10109837MORETTIJ_2025-08-12_G29,10109837MORETTIJ,2025-08-12,117831,1,4,0,308.0
10109837MORETTIJ_2025-08-12_G30,10109837MORETTIJ,2025-08-12,110372,1,10,0,307.0
10109837MORETTIJ_2025-08-12_G32,10109837MORETTIJ,2025-08-12,100334,1,2,0,103.0
10109837MORETTIJ_2025-08-12_G33,10109837MORETTIJ,2025-08-12,117862,1,8,0,490.0
10109837MORETTIJ_2025-08-12_G34,10109837MORETTIJ,2025-08-12,117786,1,1,0,178.0
10109837MORETTIJ_2025-08-12_G35,10109837MORETTIJ,2025-08-12,111467,1,4,0,131.0
10109837MORETTIJ_2025-08-12_G36,10109837MORETTIJ,2025-08-12,110372,1,26,0,321.0
10109837MORETTIJ_2025-08-12_G37,10109837MORETTIJ,2025-08-12,111602,1,902,0,3031.0
10109837MORETTIJ_2025-08-12_G38,10109837MORETTIJ,2025-08-12,117855,1,20,0,897.0
10109837MORETTIJ_2025-08-12_G39,10109837MORETTIJ,2025-08-12,117862,1,15,0,143.0
10109837MORETTIJ_2025-08-12_G40,10109837MORETTIJ,2025-08-12,118094,1,20,0,219.0
10109837MORETTIJ_2025-08-12_G41,10109837MORETTIJ,2025-08-12,110733,1,20,0,1529.0
10109837MORETTIJ_2025-08-12_G42,10109837MORETTIJ,2025-08-12,111467,1,20,0,215.0
10109837MORETTIJ_2025-08-12_G43,10109837MORETTIJ,2025-08-12,117837,1,6,0,163.0
10109837MORETTIJ_2025-08-12_G44,10109837MORETTIJ,2025-08-12,111602,1,34,0,259.0
10109837MORETTIJ_2025-08-12_G45,10109837MORETTIJ,2025-08-12,110515,1,35,0,296.0
10109837MORETTIJ_2025-08-13_G02,10109837MORETTIJ,2025-08-13,"110371, 110325",2,4,29,56.0
10109837MORETTIJ_2025-08-13_G03,10109837MORETTIJ,2025-08-13,117820,1,8,0,89.0
10109837MORETTIJ_2025-08-13_G04,10109837MORETTIJ,2025-08-13,110372,1,16,0,89.0
10109837MORETTIJ_2025-08-13_G05,10109837MORETTIJ,2025-08-13,110374,1,2,0,78.0
10109837MORETTIJ_2025-08-13_G06,10109837MORETTIJ,2025-08-13,110373,1,2,0,89.0
10109837MORETTIJ_2025-08-13_G07,10109837MORETTIJ,2025-08-13,117808,1,12,0,111.0
10109837MORETTIJ_2025-08-13_G08,10109837MORETTIJ,2025-08-13,109643,1,4,0,124.0
10109837MORETTIJ_2025-08-13_G09,10109837MORETTIJ,2025-08-13,108711,1,3,0,87.0
10109837MORETTIJ_2025-08-13_G10,10109837MORETTIJ,2025-08-13,105705,1,2,0,68.0
10109837MORETTIJ_2025-08-13_G11,10109837MORETTIJ,2025-08-13,111418,1,14,0,217.0
10109837MORETTIJ_2025-08-13_G12,10109837MORETTIJ,2025-08-13,117821,1,3,0,113.0
10109837MORETTIJ_2025-08-13_G13,10109837MORETTIJ,2025-08-13,111468,1,2,0,545.0
10109837MORETTIJ_2025-08-13_G14,10109837MORETTIJ,2025-08-13,108794,1,4,0,48.0
10109837MORETTIJ_2025-08-13_G15,10109837MORETTIJ,2025-08-13,117785,1,3,0,82.0
10109837MORETTIJ_2025-08-13_G16,10109837MORETTIJ,2025-08-13,117862,1,4,0,118.0
10109837MORETTIJ_2025-08-13_G17,10109837MORETTIJ,2025-08-13,110733,1,4,0,68.0
10109837MORETTIJ_2025-08-13_G18,10109837MORETTIJ,2025-08-13,111602,1,8,0,111.0
10109837MORETTIJ_2025-08-13_G19,10109837MORETTIJ,2025-08-13,109640,1,2,0,55.0
10109837MORETTIJ_2025-08-13_G20,10109837MORETTIJ,2025-08-13,111467,1,2,0,66.0
10109837MORETTIJ_2025-08-13_G21,10109837MORETTIJ,2025-08-13,111532,1,2,0,218.0
10109837MORETTIJ_2025-08-13_G22,10109837MORETTIJ,2025-08-13,111465,1,470,0,2006.0
10109837MORETTIJ_2025-08-13_G23,10109837MORETTIJ,2025-08-13,110740,1,8,0,817.0
10109837MORETTIJ_2025-08-13_G24,10109837MORETTIJ,2025-08-13,140922,2,12,8,194.0
10109837MORETTIJ_2025-08-13_G25,10109837MORETTIJ,2025-08-13,111330,1,8,0,167.0
10109837MORETTIJ_2025-08-13_G26,10109837MORETTIJ,2025-08-13,110745,1,8,0,141.0
10109837MORETTIJ_2025-08-13_G27,10109837MORETTIJ,2025-08-13,140922,1,40,0,283.0
10109837MORETTIJ_2025-08-13_G28,10109837MORETTIJ,2025-08-13,140922,1,3,0,1683.0
10109837MORETTIJ_2025-08-13_G29,10109837MORETTIJ,2025-08-13,117833,1,5,0,94.0
10109837MORETTIJ_2025-08-13_G30,10109837MORETTIJ,2025-08-13,141458,2,40,19,253.0
10109837MORETTIJ_2025-08-13_G31,10109837MORETTIJ,2025-08-13,111463,1,137,0,1028.0
10109837MORETTIJ_2025-08-13_G32,10109837MORETTIJ,2025-08-13,111418,1,130,0,597.0
10109837MORETTIJ_2025-08-13_G33,10109837MORETTIJ,2025-08-13,141456,1,50,0,239.0
10109837MORETTIJ_2025-08-13_G34,10109837MORETTIJ,2025-08-13,117831,1,120,0,717.0
10109837MORETTIJ_2025-08-13_G35,10109837MORETTIJ,2025-08-13,117785,1,120,0,524.0
10109837MORETTIJ_2025-08-13_G37,10109837MORETTIJ,2025-08-13,110581,1,2,0,55.0
10109837MORETTIJ_2025-08-13_G38,10109837MORETTIJ,2025-08-13,117837,1,7,0,256.0
10109837MORETTIJ_2025-08-13_G39,10109837MORETTIJ,2025-08-13,110841,1,1,0,1246.0
10109837MORETTIJ_2025-08-13_G40,10109837MORETTIJ,2025-08-13,118418,1,4,0,62.0
10109837MORETTIJ_2025-08-13_G41,10109837MORETTIJ,2025-08-13,100334,1,13,0,938.0
10109837MORETTIJ_2025-08-13_G42,10109837MORETTIJ,2025-08-13,110579,1,1,0,118.0
10109837MORETTIJ_2025-08-13_G43,10109837MORETTIJ,2025-08-13,110310,1,2,0,130.0
10109837MORETTIJ_2025-08-13_G44,10109837MORETTIJ,2025-08-13,111660,1,1,0,68.0
10109837MORETTIJ_2025-08-13_G45,10109837MORETTIJ,2025-08-13,109643,1,28,0,374.0
10109837MORETTIJ_2025-08-13_G46,10109837MORETTIJ,2025-08-13,117832,1,38,0,274.0
10109837MORETTIJ_2025-08-13_G47,10109837MORETTIJ,2025-08-13,117809,1,21,0,526.0
10109837MORETTIJ_2025-08-13_G48,10109837MORETTIJ,2025-08-13,107830,1,12,0,112.0
10109837MORETTIJ_2025-08-13_G49,10109837MORETTIJ,2025-08-13,118281,1,4,0,111.0
10109837MORETTIJ_2025-08-13_G50,10109837MORETTIJ,2025-08-13,117822,1,8,0,118.0
10109837MORETTIJ_2025-08-13_G51,10109837MORETTIJ,2025-08-13,118299,1,707,0,1200.0
10109837MORETTIJ_2025-08-14_G02,10109837MORETTIJ,2025-08-14,110311,1,2,0,84.0
10109837MORETTIJ_2025-08-14_G03,10109837MORETTIJ,2025-08-14,110754,1,2,0,129.0
10109837MORETTIJ_2025-08-14_G04,10109837MORETTIJ,2025-08-14,141035,1,4,0,138.0
10109837MORETTIJ_2025-08-14_G05,10109837MORETTIJ,2025-08-14,111879,1,4,0,135.0
10109837MORETTIJ_2025-08-14_G06,10109837MORETTIJ,2025-08-14,141458,1,100,0,584.0
10109837MORETTIJ_2025-08-14_G07,10109837MORETTIJ,2025-08-14,141456,1,80,0,431.0
10109837MORETTIJ_2025-08-14_G08,10109837MORETTIJ,2025-08-14,117785,1,150,0,658.0
10109837MORETTIJ_2025-08-14_G09,10109837MORETTIJ,2025-08-14,111438,1,4,0,548.0
10109837MORETTIJ_2025-08-14_G10,10109837MORETTIJ,2025-08-14,110895,2,8,6,213.0
10109837MORETTIJ_2025-08-14_G11,10109837MORETTIJ,2025-08-14,117834,1,4,0,134.0
10109837MORETTIJ_2025-08-14_G12,10109837MORETTIJ,2025-08-14,118222,1,7,0,202.0
10109837MORETTIJ_2025-08-14_G13,10109837MORETTIJ,2025-08-14,117840,1,4,0,346.0
10109837MORETTIJ_2025-08-14_G14,10109837MORETTIJ,2025-08-14,118299,1,300,0,973.0
10109837MORETTIJ_2025-08-14_G15,10109837MORETTIJ,2025-08-14,110373,1,200,0,330.0
10109837MORETTIJ_2025-08-14_G16,10109837MORETTIJ,2025-08-14,117830,1,30,0,286.0
10109837MORETTIJ_2025-08-14_G18,10109837MORETTIJ,2025-08-14,110755,1,4,0,218.0
10109837MORETTIJ_2025-08-14_G19,10109837MORETTIJ,2025-08-14,110841,1,1,0,65.0
10109837MORETTIJ_2025-08-14_G20,10109837MORETTIJ,2025-08-14,117834,1,4,0,133.0
10109837MORETTIJ_2025-08-14_G21,10109837MORETTIJ,2025-08-14,111655,1,4,0,98.0
10109837MORETTIJ_2025-08-14_G22,10109837MORETTIJ,2025-08-14,110714,1,4,0,162.0
10109837MORETTIJ_2025-08-14_G23,10109837MORETTIJ,2025-08-14,111438,1,5,0,199.0
10109837MORETTIJ_2025-08-14_G24,10109837MORETTIJ,2025-08-14,110747,1,4,0,103.0
10109837MORETTIJ_2025-08-14_G25,10109837MORETTIJ,2025-08-14,107892,1,2,0,60.0
10109837MORETTIJ_2025-08-14_G26,10109837MORETTIJ,2025-08-14,"110754, 111660",2,3,12,48.0
10109837MORETTIJ_2025-08-14_G27,10109837MORETTIJ,2025-08-14,110375,1,8,0,754.0
10109837MORETTIJ_2025-08-14_G28,10109837MORETTIJ,2025-08-14,110371,1,30,0,441.0
10109837MORETTIJ_2025-08-14_G29,10109837MORETTIJ,2025-08-14,110743,1,11,0,757.0
10109837MORETTIJ_2025-08-14_G30,10109837MORETTIJ,2025-08-14,111435,1,6,0,291.0
10109837MORETTIJ_2025-08-14_G31,10109837MORETTIJ,2025-08-14,111434,1,6,0,127.0
10109837MORETTIJ_2025-08-14_G32,10109837MORETTIJ,2025-08-14,111743,1,30,0,607.0
10109837MORETTIJ_2025-08-14_G33,10109837MORETTIJ,2025-08-14,141458,1,50,0,501.0
10109837MORETTIJ_2025-08-14_G34,10109837MORETTIJ,2025-08-14,111418,1,120,0,764.0
10109837MORETTIJ_2025-08-15_G02,10109837MORETTIJ,2025-08-15,111876,1,3,0,87.0
10109837MORETTIJ_2025-08-15_G03,10109837MORETTIJ,2025-08-15,117861,1,12,0,204.0
10109837MORETTIJ_2025-08-15_G04,10109837MORETTIJ,2025-08-15,109647,1,6,0,130.0
10109837MORETTIJ_2025-08-15_G05,10109837MORETTIJ,2025-08-15,141047,1,2,0,76.0
10109837MORETTIJ_2025-08-15_G06,10109837MORETTIJ,2025-08-15,111602,1,13,0,266.0
10109837MORETTIJ_2025-08-15_G07,10109837MORETTIJ,2025-08-15,111467,1,4,0,121.0
10109837MORETTIJ_2025-08-15_G08,10109837MORETTIJ,2025-08-15,110515,1,12,0,166.0
10109837MORETTIJ_2025-08-15_G09,10109837MORETTIJ,2025-08-15,110313,1,4,0,400.0
10109837MORETTIJ_2025-08-15_G10,10109837MORETTIJ,2025-08-15,117856,1,22,0,680.0
10109837MORETTIJ_2025-08-15_G11,10109837MORETTIJ,2025-08-15,117855,1,10,0,440.0
10109837MORETTIJ_2025-08-15_G12,10109837MORETTIJ,2025-08-15,108795,1,12,0,418.0
10109837MORETTIJ_2025-08-15_G13,10109837MORETTIJ,2025-08-15,117787,1,6,0,87.0
10109837MORETTIJ_2025-08-15_G14,10109837MORETTIJ,2025-08-15,118140,1,16,0,275.0
10109837MORETTIJ_2025-08-15_G15,10109837MORETTIJ,2025-08-15,117831,1,12,0,138.0
10109837MORETTIJ_2025-08-15_G16,10109837MORETTIJ,2025-08-15,111172,1,10,0,139.0
10109837MORETTIJ_2025-08-15_G17,10109837MORETTIJ,2025-08-15,111433,1,4,0,314.0
10109837MORETTIJ_2025-08-15_G18,10109837MORETTIJ,2025-08-15,111465,1,12,0,116.0
10109837MORETTIJ_2025-08-15_G19,10109837MORETTIJ,2025-08-15,111438,1,4,0,418.0
10109837MORETTIJ_2025-08-15_G20,10109837MORETTIJ,2025-08-15,117854,1,4,0,2223.0
10109837MORETTIJ_2025-08-15_G21,10109837MORETTIJ,2025-08-15,141066,1,4,0,66.0
10109837MORETTIJ_2025-08-15_G22,10109837MORETTIJ,2025-08-15,117862,1,1,0,31.0
10109837MORETTIJ_2025-08-15_G23,10109837MORETTIJ,2025-08-15,117855,1,2,0,60.0
10109837MORETTIJ_2025-08-15_G24,10109837MORETTIJ,2025-08-15,110339,1,4,0,108.0
10109837MORETTIJ_2025-08-15_G25,10109837MORETTIJ,2025-08-15,111467,2,5,6,40.0
10109837MORETTIJ_2025-08-15_G26,10109837MORETTIJ,2025-08-15,110752,1,4,0,116.0
10109837MORETTIJ_2025-08-15_G27,10109837MORETTIJ,2025-08-15,118094,1,8,0,286.0
10109837MORETTIJ_2025-08-15_G28,10109837MORETTIJ,2025-08-15,110515,1,36,0,207.0
10109837MORETTIJ_2025-08-15_G29,10109837MORETTIJ,2025-08-15,117785,1,6,0,338.0
10109837MORETTIJ_2025-08-15_G30,10109837MORETTIJ,2025-08-15,108711,1,2,0,85.0
10109837MORETTIJ_2025-08-15_G31,10109837MORETTIJ,2025-08-15,105705,1,4,0,97.0
10109837MORETTIJ_2025-08-15_G32,10109837MORETTIJ,2025-08-15,111418,1,3,0,91.0
10109837MORETTIJ_2025-08-15_G33,10109837MORETTIJ,2025-08-15,111418,1,19,0,118.0
10109837MORETTIJ_2025-08-15_G34,10109837MORETTIJ,2025-08-15,111443,1,2,0,177.0
10109837MORETTIJ_2025-08-15_G35,10109837MORETTIJ,2025-08-15,117833,1,5,0,192.0
10109837MORETTIJ_2025-08-15_G36,10109837MORETTIJ,2025-08-15,117821,2,7,8,64.0
10109837MORETTIJ_2025-08-15_G37,10109837MORETTIJ,2025-08-15,117787,1,2,0,94.0
10109837MORETTIJ_2025-08-15_G38,10109837MORETTIJ,2025-08-15,141823,1,4,0,80.0
10109837MORETTIJ_2025-08-15_G39,10109837MORETTIJ,2025-08-15,109645,1,4,0,92.0
10109837MORETTIJ_2025-08-15_G40,10109837MORETTIJ,2025-08-15,108794,1,20,0,176.0
10109837MORETTIJ_2025-08-15_G41,10109837MORETTIJ,2025-08-15,118223,1,1,0,51.0
10109837MORETTIJ_2025-08-15_G42,10109837MORETTIJ,2025-08-15,111465,1,10,0,101.0
10109837MORETTIJ_2025-08-15_G43,10109837MORETTIJ,2025-08-15,117785,1,98,0,701.0
10109837MORETTIJ_2025-08-15_G45,10109837MORETTIJ,2025-08-15,141456,1,32,0,215.0
10109837MORETTIJ_2025-08-15_G46,10109837MORETTIJ,2025-08-15,117862,1,10,0,864.0
10109837MORETTIJ_2025-08-15_G47,10109837MORETTIJ,2025-08-15,118094,1,4,0,125.0
10109837MORETTIJ_2025-08-15_G48,10109837MORETTIJ,2025-08-15,118298,1,4,0,60.0
10109837MORETTIJ_2025-08-15_G49,10109837MORETTIJ,2025-08-15,111439,1,4,0,87.0
10109837MORETTIJ_2025-08-15_G50,10109837MORETTIJ,2025-08-15,110515,1,7,0,172.0
10109837MORETTIJ_2025-08-15_G51,10109837MORETTIJ,2025-08-15,117855,1,8,0,343.0
10109837MORETTIJ_2025-08-15_G52,10109837MORETTIJ,2025-08-15,117820,1,50,0,448.0
10109837MORETTIJ_2025-08-15_G53,10109837MORETTIJ,2025-08-15,110372,1,1,0,146.0
10109837MORETTIJ_2025-08-15_G54,10109837MORETTIJ,2025-08-15,110372,1,36,0,610.0
10109837MORETTIJ_2025-08-15_G55,10109837MORETTIJ,2025-08-15,117840,1,5,0,88.0
10109837MORETTIJ_2025-08-15_G56,10109837MORETTIJ,2025-08-15,110374,1,30,0,435.0
10109837MORETTIJ_2025-08-15_G57,10109837MORETTIJ,2025-08-15,110373,1,50,0,426.0
10109837MORETTIJ_2025-08-15_G58,10109837MORETTIJ,2025-08-15,118299,1,140,0,822.0
10109837MORETTIJ_2025-08-15_G59,10109837MORETTIJ,2025-08-15,117808,1,261,0,1045.0
10109837MORETTIJ_2025-08-15_G60,10109837MORETTIJ,2025-08-15,110325,1,30,0,321.0
10109837MORETTIJ_2025-08-15_G61,10109837MORETTIJ,2025-08-15,110371,1,100,0,826.0
10109837MORETTIJ_2025-08-15_G62,10109837MORETTIJ,2025-08-15,110733,1,2,0,1197.0
10109837MORETTIJ_2025-08-15_G63,10109837MORETTIJ,2025-08-15,111602,1,20,0,262.0
10109837MORETTIJ_2025-08-15_G64,10109837MORETTIJ,2025-08-15,110373,1,2,0,128.0
10109837MORETTIJ_2025-08-15_G65,10109837MORETTIJ,2025-08-15,111602,1,4,0,307.0
10109837MORETTIJ_2025-08-15_G66,10109837MORETTIJ,2025-08-15,118140,1,12,0,236.0
10109837MORETTIJ_2025-08-15_G67,10109837MORETTIJ,2025-08-15,111442,1,8,0,157.0
10109837MORETTIJ_2025-08-16_G02,10109837MORETTIJ,2025-08-16,118140,1,12,0,179.0
10109837MORETTIJ_2025-08-16_G03,10109837MORETTIJ,2025-08-16,110787,2,11,6,113.0
10109837MORETTIJ_2025-08-16_G04,10109837MORETTIJ,2025-08-16,141457,1,4,0,165.0
10109837MORETTIJ_2025-08-16_G05,10109837MORETTIJ,2025-08-16,111602,1,2,0,216.0
10109837MORETTIJ_2025-08-16_G06,10109837MORETTIJ,2025-08-16,"111532, 141823",2,4,28,449.0
10109837MORETTIJ_2025-08-16_G07,10109837MORETTIJ,2025-08-16,141456,1,4,0,79.0
10109837MORETTIJ_2025-08-16_G08,10109837MORETTIJ,2025-08-16,118140,1,6,0,485.0
10109837MORETTIJ_2025-08-16_G09,10109837MORETTIJ,2025-08-16,141458,1,4,0,109.0
10109837MORETTIJ_2025-08-16_G10,10109837MORETTIJ,2025-08-16,141457,1,4,0,53.0
10109837MORETTIJ_2025-08-16_G11,10109837MORETTIJ,2025-08-16,109643,1,4,0,125.0
10109837MORETTIJ_2025-08-16_G12,10109837MORETTIJ,2025-08-16,110372,1,8,0,132.0
10109837MORETTIJ_2025-08-16_G13,10109837MORETTIJ,2025-08-16,110752,1,1,0,93.0
10109837MORETTIJ_2025-08-16_G14,10109837MORETTIJ,2025-08-16,110313,1,1,0,95.0
10109837MORETTIJ_2025-08-16_G15,10109837MORETTIJ,2025-08-16,118222,1,1,0,78.0
10109837MORETTIJ_2025-08-16_G16,10109837MORETTIJ,2025-08-16,110787,1,6,0,350.0
10109837MORETTIJ_2025-08-16_G17,10109837MORETTIJ,2025-08-16,110787,1,5,0,205.0
10109837MORETTIJ_2025-08-16_G18,10109837MORETTIJ,2025-08-16,110313,1,16,0,280.0
10109837MORETTIJ_2025-08-16_G19,10109837MORETTIJ,2025-08-16,141457,1,60,0,606.0
10109837MORETTIJ_2025-08-16_G20,10109837MORETTIJ,2025-08-16,117787,1,2,0,2512.0
10109837MORETTIJ_2025-08-16_G21,10109837MORETTIJ,2025-08-16,141456,1,4,0,132.0
10109837MORETTIJ_2025-08-16_G22,10109837MORETTIJ,2025-08-16,107236,1,4,0,90.0
10109837MORETTIJ_2025-08-16_G23,10109837MORETTIJ,2025-08-16,110740,1,2,0,76.0
10109837MORETTIJ_2025-08-16_G24,10109837MORETTIJ,2025-08-16,141458,1,4,0,51.0
10109837MORETTIJ_2025-08-16_G25,10109837MORETTIJ,2025-08-16,141457,1,4,0,53.0
10109837MORETTIJ_2025-08-16_G26,10109837MORETTIJ,2025-08-16,117832,1,4,0,244.0
10109837MORETTIJ_2025-08-16_G27,10109837MORETTIJ,2025-08-16,117820,1,6,0,52.0
10109837MORETTIJ_2025-08-16_G28,10109837MORETTIJ,2025-08-16,109640,1,4,0,133.0
10109837MORETTIJ_2025-08-16_G29,10109837MORETTIJ,2025-08-16,110752,1,2,0,55.0
10109837MORETTIJ_2025-08-16_G30,10109837MORETTIJ,2025-08-16,111438,1,4,0,157.0
10109837MORETTIJ_2025-08-16_G31,10109837MORETTIJ,2025-08-16,110754,1,10,0,1070.0
10109837MORETTIJ_2025-08-16_G32,10109837MORETTIJ,2025-08-16,117809,1,50,0,681.0
10109837MORETTIJ_2025-08-16_G33,10109837MORETTIJ,2025-08-16,110372,1,120,0,673.0
10109837MORETTIJ_2025-08-16_G35,10109837MORETTIJ,2025-08-16,111876,1,4,0,73.0
10109837MORETTIJ_2025-08-16_G36,10109837MORETTIJ,2025-08-16,118094,1,15,0,187.0
10109837MORETTIJ_2025-08-16_G37,10109837MORETTIJ,2025-08-16,117837,1,20,0,374.0
10109837MORETTIJ_2025-08-16_G38,10109837MORETTIJ,2025-08-16,117786,1,30,0,1201.0
10109837MORETTIJ_2025-08-16_G39,10109837MORETTIJ,2025-08-16,110313,1,30,0,421.0
10109837MORETTIJ_2025-08-16_G40,10109837MORETTIJ,2025-08-16,110741,1,25,0,475.0
10109837MORETTIJ_2025-08-16_G41,10109837MORETTIJ,2025-08-16,110741,1,25,0,1629.0
10109837MORETTIJ_2025-08-16_G42,10109837MORETTIJ,2025-08-16,118094,1,15,0,133.0
10109837MORETTIJ_2025-08-16_G43,10109837MORETTIJ,2025-08-16,117786,1,30,0,459.0
10109837MORETTIJ_2025-08-16_G44,10109837MORETTIJ,2025-08-16,117837,1,20,0,411.0
10109837MORETTIJ_2025-08-16_G45,10109837MORETTIJ,2025-08-16,110313,1,30,0,574.0
10109837MORETTIJ_2025-08-16_G46,10109837MORETTIJ,2025-08-16,111532,1,50,0,676.0
10109837MORETTIJ_2025-08-16_G47,10109837MORETTIJ,2025-08-16,141456,1,54,0,341.0
10109837MORETTIJ_2025-08-16_G48,10109837MORETTIJ,2025-08-16,141458,1,54,0,507.0
10109837MORETTIJ_2025-08-18_G02,10109837MORETTIJ,2025-08-18,141457,1,80,0,743.0
10109837MORETTIJ_2025-08-18_G03,10109837MORETTIJ,2025-08-18,111466,1,1,0,657.0
10109837MORETTIJ_2025-08-18_G04,10109837MORETTIJ,2025-08-18,117856,2,4,15,66.0
10109837MORETTIJ_2025-08-18_G05,10109837MORETTIJ,2025-08-18,110313,1,4,0,116.0
10109837MORETTIJ_2025-08-18_G06,10109837MORETTIJ,2025-08-18,111463,1,4,0,166.0
10109837MORETTIJ_2025-08-18_G07,10109837MORETTIJ,2025-08-18,110372,1,7,0,135.0
10109837MORETTIJ_2025-08-18_G08,10109837MORETTIJ,2025-08-18,109641,1,6,0,412.0
10109837MORETTIJ_2025-08-18_G09,10109837MORETTIJ,2025-08-18,105705,1,2,0,84.0
10109837MORETTIJ_2025-08-18_G10,10109837MORETTIJ,2025-08-18,140922,1,4,0,42.0
10109837MORETTIJ_2025-08-18_G11,10109837MORETTIJ,2025-08-18,111348,1,4,0,81.0
10109837MORETTIJ_2025-08-18_G12,10109837MORETTIJ,2025-08-18,111468,1,3,0,87.0
10109837MORETTIJ_2025-08-18_G13,10109837MORETTIJ,2025-08-18,109645,1,2,0,75.0
10109837MORETTIJ_2025-08-18_G14,10109837MORETTIJ,2025-08-18,117832,1,2,0,111.0
10109837MORETTIJ_2025-08-18_G15,10109837MORETTIJ,2025-08-18,110325,1,4,0,68.0
10109837MORETTIJ_2025-08-18_G16,10109837MORETTIJ,2025-08-18,117809,1,4,0,48.0
10109837MORETTIJ_2025-08-18_G17,10109837MORETTIJ,2025-08-18,111602,1,2,0,222.0
10109837MORETTIJ_2025-08-18_G18,10109837MORETTIJ,2025-08-18,117786,1,2,0,152.0
10109837MORETTIJ_2025-08-18_G19,10109837MORETTIJ,2025-08-18,100334,1,2,0,132.0
10109837MORETTIJ_2025-08-18_G20,10109837MORETTIJ,2025-08-18,111466,1,1,0,259.0
10109837MORETTIJ_2025-08-18_G21,10109837MORETTIJ,2025-08-18,117785,1,20,0,190.0
10109837MORETTIJ_2025-08-18_G22,10109837MORETTIJ,2025-08-18,117833,1,12,0,136.0
10109837MORETTIJ_2025-08-18_G23,10109837MORETTIJ,2025-08-18,117831,1,12,0,399.0
10109837MORETTIJ_2025-08-18_G24,10109837MORETTIJ,2025-08-18,141458,1,12,0,150.0
10109837MORETTIJ_2025-08-18_G25,10109837MORETTIJ,2025-08-18,141457,1,12,0,208.0
10109837MORETTIJ_2025-08-18_G26,10109837MORETTIJ,2025-08-18,117821,1,30,0,366.0
10109837MORETTIJ_2025-08-18_G27,10109837MORETTIJ,2025-08-18,141456,1,12,0,133.0
10109837MORETTIJ_2025-08-18_G28,10109837MORETTIJ,2025-08-18,117856,1,4,0,247.0
10109837MORETTIJ_2025-08-19_G02,10109837MORETTIJ,2025-08-19,108701,1,4,0,133.0
10109837MORETTIJ_2025-08-19_G03,10109837MORETTIJ,2025-08-19,117854,1,2,0,78.0
10109837MORETTIJ_2025-08-19_G04,10109837MORETTIJ,2025-08-19,110741,1,8,0,123.0
10109837MORETTIJ_2025-08-19_G05,10109837MORETTIJ,2025-08-19,111438,1,55,0,2945.0
10109837MORETTIJ_2025-08-19_G06,10109837MORETTIJ,2025-08-19,110747,1,100,0,870.0
10109837MORETTIJ_2025-08-19_G07,10109837MORETTIJ,2025-08-19,111569,1,100,0,445.0
10109837MORETTIJ_2025-08-19_G08,10109837MORETTIJ,2025-08-19,111182,1,150,0,912.0
10109837MORETTIJ_2025-08-20_G02,10109837MORETTIJ,2025-08-20,111737,1,20,0,132.0
10109837MORETTIJ_2025-08-20_G03,10109837MORETTIJ,2025-08-20,111723,1,25,0,668.0
10109837MORETTIJ_2025-08-20_G04,10109837MORETTIJ,2025-08-20,110373,1,4,0,280.0
10109837MORETTIJ_2025-08-20_G05,10109837MORETTIJ,2025-08-20,117809,1,6,0,80.0
10109837MORETTIJ_2025-08-20_G06,10109837MORETTIJ,2025-08-20,111751,1,10,0,84.0
10109837MORETTIJ_2025-08-20_G07,10109837MORETTIJ,2025-08-20,141262,1,20,0,154.0
10109837MORETTIJ_2025-08-20_G08,10109837MORETTIJ,2025-08-20,118191,1,45,0,957.0
10109837MORETTIJ_2025-08-20_G09,10109837MORETTIJ,2025-08-20,117855,1,2,0,398.0
10109837MORETTIJ_2025-08-20_G10,10109837MORETTIJ,2025-08-20,109640,1,2,0,105.0
10109837MORETTIJ_2025-08-20_G11,10109837MORETTIJ,2025-08-20,117837,1,2,0,90.0
10109837MORETTIJ_2025-08-20_G12,10109837MORETTIJ,2025-08-20,141261,1,12,0,651.0
10109837MORETTIJ_2025-08-20_G13,10109837MORETTIJ,2025-08-20,111740,1,2,0,75.0
10109837MORETTIJ_2025-08-20_G14,10109837MORETTIJ,2025-08-20,111751,1,8,0,150.0
10109837MORETTIJ_2025-08-20_G15,10109837MORETTIJ,2025-08-20,141262,1,14,0,117.0
10109837MORETTIJ_2025-08-20_G16,10109837MORETTIJ,2025-08-20,111722,1,8,0,98.0
10109837MORETTIJ_2025-08-20_G17,10109837MORETTIJ,2025-08-20,111753,1,4,0,94.0
10109837MORETTIJ_2025-08-20_G18,10109837MORETTIJ,2025-08-20,118191,1,16,0,1684.0
10109837MORETTIJ_2025-08-20_G19,10109837MORETTIJ,2025-08-20,141261,1,6,0,2335.0
10109837MORETTIJ_2025-08-20_G20,10109837MORETTIJ,2025-08-20,111740,1,4,0,68.0
10109837MORETTIJ_2025-08-20_G21,10109837MORETTIJ,2025-08-20,111634,1,4,0,44.0
10109837MORETTIJ_2025-08-20_G22,10109837MORETTIJ,2025-08-20,141262,1,10,0,151.0
10109837MORETTIJ_2025-08-20_G23,10109837MORETTIJ,2025-08-20,111723,1,4,0,161.0
10109837MORETTIJ_2025-08-20_G24,10109837MORETTIJ,2025-08-20,111753,1,4,0,251.0
10109837MORETTIJ_2025-08-20_G25,10109837MORETTIJ,2025-08-20,110895,1,2,0,290.0
10109837MORETTIJ_2025-08-20_G26,10109837MORETTIJ,2025-08-20,110733,1,1,0,73.0
10109837MORETTIJ_2025-08-20_G27,10109837MORETTIJ,2025-08-20,111466,1,2,0,89.0
10109837MORETTIJ_2025-08-20_G28,10109837MORETTIJ,2025-08-20,111723,1,6,0,221.0
10109837MORETTIJ_2025-08-20_G29,10109837MORETTIJ,2025-08-20,118191,1,30,0,216.0
10109837MORETTIJ_2025-08-20_G30,10109837MORETTIJ,2025-08-20,111751,1,4,0,110.0
10109837MORETTIJ_2025-08-20_G31,10109837MORETTIJ,2025-08-20,141262,1,8,0,210.0
10109837MORETTIJ_2025-08-20_G32,10109837MORETTIJ,2025-08-20,111722,1,8,0,140.0
10109837MORETTIJ_2025-08-20_G33,10109837MORETTIJ,2025-08-20,110373,1,18,0,456.0
10109837MORETTIJ_2025-08-20_G34,10109837MORETTIJ,2025-08-20,110372,1,28,0,222.0
10109837MORETTIJ_2025-08-20_G35,10109837MORETTIJ,2025-08-20,117809,1,15,0,155.0
10109837MORETTIJ_2025-08-20_G36,10109837MORETTIJ,2025-08-20,110371,1,13,0,111.0
10109837MORETTIJ_2025-08-20_G38,10109837MORETTIJ,2025-08-20,117838,1,2,0,404.0
10109837MORETTIJ_2025-08-20_G39,10109837MORETTIJ,2025-08-20,111743,1,5,0,67.0
10109837MORETTIJ_2025-08-20_G40,10109837MORETTIJ,2025-08-20,118140,1,7,0,119.0
10109837MORETTIJ_2025-08-20_G41,10109837MORETTIJ,2025-08-20,110740,1,2,0,76.0
10109837MORETTIJ_2025-08-20_G42,10109837MORETTIJ,2025-08-20,117786,1,2,0,103.0
10109837MORETTIJ_2025-08-20_G43,10109837MORETTIJ,2025-08-20,109640,1,4,0,159.0
10109837MORETTIJ_2025-08-20_G44,10109837MORETTIJ,2025-08-20,110755,1,6,0,317.0
10109837MORETTIJ_2025-08-20_G45,10109837MORETTIJ,2025-08-20,118191,1,16,0,314.0
10109837MORETTIJ_2025-08-20_G46,10109837MORETTIJ,2025-08-20,111740,1,6,0,219.0
10109837MORETTIJ_2025-08-20_G47,10109837MORETTIJ,2025-08-20,111634,1,4,0,41.0
10109837MORETTIJ_2025-08-20_G48,10109837MORETTIJ,2025-08-20,141262,1,6,0,198.0
10109837MORETTIJ_2025-08-20_G49,10109837MORETTIJ,2025-08-20,111723,1,4,0,213.0
10109837MORETTIJ_2025-08-20_G50,10109837MORETTIJ,2025-08-20,110373,1,10,0,3522.0
10109837MORETTIJ_2025-08-20_G51,10109837MORETTIJ,2025-08-20,"118299, 110372",2,25,27,130.0
10109837MORETTIJ_2025-08-20_G52,10109837MORETTIJ,2025-08-20,117809,1,20,0,130.0
10109837MORETTIJ_2025-08-20_G53,10109837MORETTIJ,2025-08-20,110375,1,5,0,100.0
10109837MORETTIJ_2025-08-20_G54,10109837MORETTIJ,2025-08-20,117830,1,2,0,69.0
10109837MORETTIJ_2025-08-20_G55,10109837MORETTIJ,2025-08-20,117856,1,2,0,101.0
10109837MORETTIJ_2025-08-20_G56,10109837MORETTIJ,2025-08-20,110373,1,10,0,350.0
10109837MORETTIJ_2025-08-20_G57,10109837MORETTIJ,2025-08-20,118299,1,20,0,297.0
10109837MORETTIJ_2025-08-20_G58,10109837MORETTIJ,2025-08-20,117808,1,30,0,878.0
10109837MORETTIJ_2025-08-20_G59,10109837MORETTIJ,2025-08-20,110372,1,20,0,217.0
10109837MORETTIJ_2025-08-20_G60,10109837MORETTIJ,2025-08-20,117855,1,4,0,354.0
10109837MORETTIJ_2025-08-20_G61,10109837MORETTIJ,2025-08-20,117856,1,8,0,75.0
10109837MORETTIJ_2025-08-20_G62,10109837MORETTIJ,2025-08-20,117853,1,4,0,109.0
10109837MORETTIJ_2025-08-20_G63,10109837MORETTIJ,2025-08-20,111467,1,20,0,145.0
10109837MORETTIJ_2025-08-20_G64,10109837MORETTIJ,2025-08-20,117821,1,10,0,127.0
10109837MORETTIJ_2025-08-20_G65,10109837MORETTIJ,2025-08-20,105705,1,5,0,419.0
10109837MORETTIJ_2025-08-20_G66,10109837MORETTIJ,2025-08-20,118140,1,20,0,131.0
10109837MORETTIJ_2025-08-20_G67,10109837MORETTIJ,2025-08-20,118330,1,5,0,74.0
10109837MORETTIJ_2025-08-21_G02,10109837MORETTIJ,2025-08-21,111430,1,1,0,95.0
10109837MORETTIJ_2025-08-21_G03,10109837MORETTIJ,2025-08-21,110372,1,1,0,1382.0
10109837MORETTIJ_2025-08-21_G04,10109837MORETTIJ,2025-08-21,110372,1,15,0,72.0
10109837MORETTIJ_2025-08-21_G05,10109837MORETTIJ,2025-08-21,117830,1,5,0,130.0
10109837MORETTIJ_2025-08-21_G06,10109837MORETTIJ,2025-08-21,111602,1,1,0,98.0
10109837MORETTIJ_2025-08-21_G07,10109837MORETTIJ,2025-08-21,110373,1,250,0,1780.0
10109837MORETTIJ_2025-08-21_G09,10109837MORETTIJ,2025-08-21,110325,1,24,0,286.0
10109837MORETTIJ_2025-08-21_G11,10109837MORETTIJ,2025-08-21,111463,1,610,0,1023.0
10109837MORETTIJ_2025-08-21_G12,10109837MORETTIJ,2025-08-21,110372,1,85,0,2691.0
10109837MORETTIJ_2025-08-21_G13,10109837MORETTIJ,2025-08-21,103149,1,1,0,303.0
10109837MORETTIJ_2025-08-21_G14,10109837MORETTIJ,2025-08-21,117785,2,160,21,325.0
10109837MORETTIJ_2025-08-21_G15,10109837MORETTIJ,2025-08-21,118140,1,250,0,470.0
10109837MORETTIJ_2025-08-22_G02,10109837MORETTIJ,2025-08-22,118285,1,15,0,113.0
10109837MORETTIJ_2025-08-22_G03,10109837MORETTIJ,2025-08-22,111532,1,10,0,121.0
10109837MORETTIJ_2025-08-22_G04,10109837MORETTIJ,2025-08-22,111431,1,1,0,45.0
10109837MORETTIJ_2025-08-22_G05,10109837MORETTIJ,2025-08-22,109645,1,8,0,126.0
10109837MORETTIJ_2025-08-22_G06,10109837MORETTIJ,2025-08-22,118317,1,16,0,103.0
10109837MORETTIJ_2025-08-22_G07,10109837MORETTIJ,2025-08-22,118140,1,24,0,284.0
10109837MORETTIJ_2025-08-22_G08,10109837MORETTIJ,2025-08-22,111182,1,2,0,78.0
10109837MORETTIJ_2025-08-22_G09,10109837MORETTIJ,2025-08-22,107236,1,8,0,102.0
10109837MORETTIJ_2025-08-22_G10,10109837MORETTIJ,2025-08-22,109641,1,10,0,78.0
10109837MORETTIJ_2025-08-22_G11,10109837MORETTIJ,2025-08-22,111433,1,11,0,115.0
10109837MORETTIJ_2025-08-22_G12,10109837MORETTIJ,2025-08-22,114100,1,14,0,261.0
10109837MORETTIJ_2025-08-22_G13,10109837MORETTIJ,2025-08-22,118330,1,10,0,103.0
10109837MORETTIJ_2025-08-22_G14,10109837MORETTIJ,2025-08-22,110787,1,35,0,212.0
10109837MORETTIJ_2025-08-22_G15,10109837MORETTIJ,2025-08-22,108794,1,47,0,369.0
10109837MORETTIJ_2025-08-22_G16,10109837MORETTIJ,2025-08-22,111463,1,80,0,177.0
10109837MORETTIJ_2025-08-22_G17,10109837MORETTIJ,2025-08-22,111468,1,47,0,489.0
10109837MORETTIJ_2025-08-22_G18,10109837MORETTIJ,2025-08-22,111465,1,16,0,237.0
10109837MORETTIJ_2025-08-22_G19,10109837MORETTIJ,2025-08-22,107830,1,23,0,164.0
10109837MORETTIJ_2025-08-22_G20,10109837MORETTIJ,2025-08-22,109643,1,9,0,153.0
10109837MORETTIJ_2025-08-22_G21,10109837MORETTIJ,2025-08-22,110374,1,22,0,113.0
10109837MORETTIJ_2025-08-22_G22,10109837MORETTIJ,2025-08-22,110325,1,19,0,159.0
10109837MORETTIJ_2025-08-22_G23,10109837MORETTIJ,2025-08-22,110375,1,18,0,951.0
10109837MORETTIJ_2025-08-22_G24,10109837MORETTIJ,2025-08-22,110371,1,34,0,203.0
10109837MORETTIJ_2025-08-22_G25,10109837MORETTIJ,2025-08-22,117820,1,55,0,263.0
10109837MORETTIJ_2025-08-22_G26,10109837MORETTIJ,2025-08-22,110373,1,58,0,349.0
10109837MORETTIJ_2025-08-22_G27,10109837MORETTIJ,2025-08-22,110374,1,50,0,1605.0
10109837MORETTIJ_2025-08-22_G28,10109837MORETTIJ,2025-08-22,117808,1,216,0,120.0
10109837MORETTIJ_2025-08-22_G29,10109837MORETTIJ,2025-08-22,110373,1,80,0,432.0
10109837MORETTIJ_2025-08-22_G30,10109837MORETTIJ,2025-08-22,110372,1,120,0,688.0
10109837MORETTIJ_2025-08-22_G31,10109837MORETTIJ,2025-08-22,111469,1,6,0,277.0
10109837MORETTIJ_2025-08-22_G32,10109837MORETTIJ,2025-08-22,118140,1,33,0,303.0
10109837MORETTIJ_2025-08-22_G33,10109837MORETTIJ,2025-08-22,111418,1,17,0,123.0
10109837MORETTIJ_2025-08-22_G34,10109837MORETTIJ,2025-08-22,111466,1,32,0,332.0
10109837MORETTIJ_2025-08-22_G35,10109837MORETTIJ,2025-08-22,111462,1,38,0,193.0
10109837MORETTIJ_2025-08-23_G02,10109837MORETTIJ,2025-08-23,111466,1,7,0,258.0
10109837MORETTIJ_2025-08-23_G03,10109837MORETTIJ,2025-08-23,111466,1,33,0,551.0
10109837MORETTIJ_2025-08-23_G04,10109837MORETTIJ,2025-08-23,110787,1,3,0,52.0
10109837MORETTIJ_2025-08-23_G05,10109837MORETTIJ,2025-08-23,117831,1,30,0,103.0
10109837MORETTIJ_2025-08-23_G06,10109837MORETTIJ,2025-08-23,109641,1,4,0,89.0
10109837MORETTIJ_2025-08-23_G07,10109837MORETTIJ,2025-08-23,111462,2,30,5,288.0
10109837MORETTIJ_2025-08-23_G08,10109837MORETTIJ,2025-08-23,111330,1,6,0,103.0
10109837MORETTIJ_2025-08-23_G09,10109837MORETTIJ,2025-08-23,111463,1,40,0,515.0
10109837MORETTIJ_2025-08-23_G10,10109837MORETTIJ,2025-08-23,118140,1,60,0,238.0
10109837MORETTIJ_2025-08-23_G11,10109837MORETTIJ,2025-08-23,110372,1,40,0,350.0
10109837MORETTIJ_2025-08-23_G12,10109837MORETTIJ,2025-08-23,110372,1,30,0,264.0
10109837MORETTIJ_2025-08-23_G13,10109837MORETTIJ,2025-08-23,110375,1,10,0,117.0
10109837MORETTIJ_2025-08-23_G14,10109837MORETTIJ,2025-08-23,118299,1,200,0,515.0
10109837MORETTIJ_2025-08-23_G16,10109837MORETTIJ,2025-08-23,110372,1,975,0,1618.0
10109837MORETTIJ_2025-08-23_G17,10109837MORETTIJ,2025-08-23,111469,1,193,0,627.0
10109837MORETTIJ_2025-08-25_G02,10109837MORETTIJ,2025-08-25,118140,1,4,0,98.0
10109837MORETTIJ_2025-08-25_G03,10109837MORETTIJ,2025-08-25,111466,1,4,0,52.0
10109837MORETTIJ_2025-08-25_G04,10109837MORETTIJ,2025-08-25,109641,1,7,0,128.0
10109837MORETTIJ_2025-08-25_G05,10109837MORETTIJ,2025-08-25,111330,1,8,0,98.0
10109837MORETTIJ_2025-08-25_G06,10109837MORETTIJ,2025-08-25,111441,2,12,9,192.0
10109837MORETTIJ_2025-08-25_G07,10109837MORETTIJ,2025-08-25,109933,1,4,0,567.0
10109837MORETTIJ_2025-08-25_G08,10109837MORETTIJ,2025-08-25,160057,1,1,0,55.0
10109837MORETTIJ_2025-08-25_G09,10109837MORETTIJ,2025-08-25,110372,1,2,0,536.0
10109837MORETTIJ_2025-08-25_G10,10109837MORETTIJ,2025-08-25,109640,1,2,0,434.0
10109837MORETTIJ_2025-08-25_G11,10109837MORETTIJ,2025-08-25,160057,1,2,0,158.0
10109837MORETTIJ_2025-08-25_G12,10109837MORETTIJ,2025-08-25,111530,2,28,5,259.0
10109837MORETTIJ_2025-08-25_G13,10109837MORETTIJ,2025-08-25,110711,1,3,0,276.0
10109837MORETTIJ_2025-08-25_G14,10109837MORETTIJ,2025-08-25,111602,1,1,0,74.0
10109837MORETTIJ_2025-08-25_G15,10109837MORETTIJ,2025-08-25,111467,1,1,0,44.0
10109837MORETTIJ_2025-08-25_G16,10109837MORETTIJ,2025-08-25,109640,1,8,0,214.0
10109837MORETTIJ_2025-08-25_G17,10109837MORETTIJ,2025-08-25,110325,1,4,0,101.0
10109837MORETTIJ_2025-08-25_G18,10109837MORETTIJ,2025-08-25,117820,1,6,0,68.0
10109837MORETTIJ_2025-08-25_G19,10109837MORETTIJ,2025-08-25,160051,1,2,0,68.0
10109837MORETTIJ_2025-08-25_G20,10109837MORETTIJ,2025-08-25,110787,1,2,0,168.0
10109837MORETTIJ_2025-08-25_G21,10109837MORETTIJ,2025-08-25,108795,1,2,0,148.0
10109837MORETTIJ_2025-08-25_G22,10109837MORETTIJ,2025-08-25,111463,1,3,0,60.0
10109837MORETTIJ_2025-08-25_G23,10109837MORETTIJ,2025-08-25,111182,1,1,0,100.0
10109837MORETTIJ_2025-08-25_G24,10109837MORETTIJ,2025-08-25,111462,1,5,0,61.0
10109837MORETTIJ_2025-08-25_G25,10109837MORETTIJ,2025-08-25,160054,1,6,0,96.0
10109837MORETTIJ_2025-08-25_G26,10109837MORETTIJ,2025-08-25,109643,1,4,0,116.0
10109837MORETTIJ_2025-08-25_G27,10109837MORETTIJ,2025-08-25,160051,1,5,0,115.0
10109837MORETTIJ_2025-08-25_G28,10109837MORETTIJ,2025-08-25,110895,1,2,0,108.0
10109837MORETTIJ_2025-08-25_G29,10109837MORETTIJ,2025-08-25,100334,1,2,0,94.0
10109837MORETTIJ_2025-08-25_G30,10109837MORETTIJ,2025-08-25,110313,1,6,0,230.0
10109837MORETTIJ_2025-08-25_G31,10109837MORETTIJ,2025-08-25,117854,1,4,0,132.0
10109837MORETTIJ_2025-08-25_G32,10109837MORETTIJ,2025-08-25,117856,1,4,0,75.0
10109837MORETTIJ_2025-08-25_G33,10109837MORETTIJ,2025-08-25,110339,1,1,0,89.0
10109837MORETTIJ_2025-08-25_G34,10109837MORETTIJ,2025-08-25,117820,1,4,0,126.0
10109837MORETTIJ_2025-08-25_G35,10109837MORETTIJ,2025-08-25,117840,1,2,0,73.0
10109837MORETTIJ_2025-08-25_G36,10109837MORETTIJ,2025-08-25,110376,1,1,0,140.0
10109837MORETTIJ_2025-08-25_G37,10109837MORETTIJ,2025-08-25,110129,1,2,0,530.0
10109837MORETTIJ_2025-08-25_G38,10109837MORETTIJ,2025-08-25,108795,1,2,0,61.0
10109837MORETTIJ_2025-08-25_G39,10109837MORETTIJ,2025-08-25,118317,1,2,0,128.0
10109837MORETTIJ_2025-08-25_G40,10109837MORETTIJ,2025-08-25,111466,1,5,0,77.0
10109837MORETTIJ_2025-08-25_G41,10109837MORETTIJ,2025-08-25,111462,2,14,7,106.0
10109837MORETTIJ_2025-08-25_G42,10109837MORETTIJ,2025-08-25,110740,1,6,0,138.0
10109837MORETTIJ_2025-08-25_G43,10109837MORETTIJ,2025-08-25,111418,1,12,0,364.0
10109837MORETTIJ_2025-08-25_G44,10109837MORETTIJ,2025-08-25,110374,1,2,0,83.0
10109837MORETTIJ_2025-08-25_G45,10109837MORETTIJ,2025-08-25,110373,1,10,0,121.0
10109837MORETTIJ_2025-08-25_G46,10109837MORETTIJ,2025-08-25,117822,1,2,0,190.0
10109837MORETTIJ_2025-08-25_G47,10109837MORETTIJ,2025-08-25,110325,1,4,0,234.0
10109837MORETTIJ_2025-08-25_G48,10109837MORETTIJ,2025-08-25,117832,1,3,0,517.0
10109837MORETTIJ_2025-08-25_G49,10109837MORETTIJ,2025-08-25,111469,1,32,0,555.0
10109837MORETTIJ_2025-08-25_G50,10109837MORETTIJ,2025-08-25,111435,1,3,0,363.0
10109837MORETTIJ_2025-08-25_G51,10109837MORETTIJ,2025-08-25,116241,1,24,0,473.0
10109837MORETTIJ_2025-08-25_G52,10109837MORETTIJ,2025-08-25,108794,1,12,0,115.0
10109837MORETTIJ_2025-08-25_G53,10109837MORETTIJ,2025-08-25,118140,1,36,0,791.0
10109837MORETTIJ_2025-08-25_G54,10109837MORETTIJ,2025-08-25,110787,1,12,0,104.0
10109837MORETTIJ_2025-08-25_G55,10109837MORETTIJ,2025-08-25,111462,1,20,0,217.0
10109837MORETTIJ_2025-08-25_G56,10109837MORETTIJ,2025-08-25,111172,1,18,0,219.0
10109837MORETTIJ_2025-08-25_G57,10109837MORETTIJ,2025-08-25,111465,1,24,0,314.0
10109837MORETTIJ_2025-08-25_G58,10109837MORETTIJ,2025-08-25,111463,1,120,0,731.0
10109837MORETTIJ_2025-08-25_G59,10109837MORETTIJ,2025-08-25,110325,1,20,0,146.0
10109837MORETTIJ_2025-08-25_G60,10109837MORETTIJ,2025-08-25,117832,1,20,0,113.0
10109837MORETTIJ_2025-08-25_G61,10109837MORETTIJ,2025-08-25,110371,1,20,0,166.0
10109837MORETTIJ_2025-08-25_G62,10109837MORETTIJ,2025-08-25,110371,1,30,0,297.0
10109837MORETTIJ_2025-08-25_G64,10109837MORETTIJ,2025-08-25,111530,1,5,0,410.0
10109837MORETTIJ_2025-08-25_G65,10109837MORETTIJ,2025-08-25,108772,1,3,0,173.0
10109837MORETTIJ_2025-08-25_G66,10109837MORETTIJ,2025-08-25,109643,1,6,0,409.0
10109837MORETTIJ_2025-08-25_G67,10109837MORETTIJ,2025-08-25,110374,1,4,0,66.0
10109837MORETTIJ_2025-08-25_G68,10109837MORETTIJ,2025-08-25,117808,1,8,0,61.0
10109837MORETTIJ_2025-08-25_G69,10109837MORETTIJ,2025-08-25,110325,1,4,0,43.0
10109837MORETTIJ_2025-08-25_G70,10109837MORETTIJ,2025-08-25,117820,1,8,0,82.0
10109837MORETTIJ_2025-08-25_G71,10109837MORETTIJ,2025-08-25,110373,1,5,0,80.0
10109837MORETTIJ_2025-08-25_G72,10109837MORETTIJ,2025-08-25,117832,1,4,0,74.0
10109837MORETTIJ_2025-08-25_G73,10109837MORETTIJ,2025-08-25,110371,1,2,0,101.0
10109837MORETTIJ_2025-08-25_G74,10109837MORETTIJ,2025-08-25,111530,1,4,0,145.0
10109837MORETTIJ_2025-08-25_G75,10109837MORETTIJ,2025-08-25,110313,1,2,0,42.0
10109837MORETTIJ_2025-08-25_G76,10109837MORETTIJ,2025-08-25,117855,1,4,0,129.0
10109837MORETTIJ_2025-08-25_G77,10109837MORETTIJ,2025-08-25,111602,1,2,0,193.0
10109837MORETTIJ_2025-08-25_G78,10109837MORETTIJ,2025-08-25,111467,1,2,0,62.0
10109837MORETTIJ_2025-08-25_G79,10109837MORETTIJ,2025-08-25,111469,1,4,0,547.0
10109837MORETTIJ_2025-08-25_G80,10109837MORETTIJ,2025-08-25,141456,1,4,0,98.0
10109837MORETTIJ_2025-08-25_G81,10109837MORETTIJ,2025-08-25,111418,1,10,0,161.0
10109837MORETTIJ_2025-08-25_G82,10109837MORETTIJ,2025-08-25,118140,1,9,0,85.0
10109837MORETTIJ_2025-08-25_G83,10109837MORETTIJ,2025-08-25,111462,1,2,0,71.0
10109837MORETTIJ_2025-08-25_G84,10109837MORETTIJ,2025-08-25,111444,1,2,0,48.0
10109837MORETTIJ_2025-08-25_G85,10109837MORETTIJ,2025-08-25,111172,1,2,0,72.0
10109837MORETTIJ_2025-08-25_G86,10109837MORETTIJ,2025-08-25,110740,1,6,0,74.0
10109837MORETTIJ_2025-08-25_G87,10109837MORETTIJ,2025-08-25,118290,1,1,0,1192.0
10109837MORETTIJ_2025-08-25_G88,10109837MORETTIJ,2025-08-25,111569,1,17,0,226.0
10109837MORETTIJ_2025-08-25_G89,10109837MORETTIJ,2025-08-25,117862,1,2,0,273.0
10109837MORETTIJ_2025-08-25_G90,10109837MORETTIJ,2025-08-25,141047,1,4,0,86.0
10109837MORETTIJ_2025-08-25_G91,10109837MORETTIJ,2025-08-25,118317,1,1,0,81.0
10109837MORETTIJ_2025-08-25_G92,10109837MORETTIJ,2025-08-25,110787,1,1,0,61.0
10109837MORETTIJ_2025-08-25_G93,10109837MORETTIJ,2025-08-25,111462,1,7,0,83.0
10109837MORETTIJ_2025-08-25_G94,10109837MORETTIJ,2025-08-25,110374,1,1,0,112.0
10109837MORETTIJ_2025-08-25_G95,10109837MORETTIJ,2025-08-25,110372,1,7,0,98.0
10109837MORETTIJ_2025-08-25_G96,10109837MORETTIJ,2025-08-25,118222,1,10,0,2428.0
10109837MORETTIJ_2025-08-26_G02,10109837MORETTIJ,2025-08-26,117808,2,8,6,68.0
10109837MORETTIJ_2025-08-26_G03,10109837MORETTIJ,2025-08-26,117820,1,4,0,114.0
10109837MORETTIJ_2025-08-26_G04,10109837MORETTIJ,2025-08-26,118299,1,8,0,197.0
10109837MORETTIJ_2025-08-26_G05,10109837MORETTIJ,2025-08-26,117830,1,16,0,303.0
10109837MORETTIJ_2025-08-26_G06,10109837MORETTIJ,2025-08-26,"117838, 108795",2,4,27,251.0
10109837MORETTIJ_2025-08-26_G07,10109837MORETTIJ,2025-08-26,108711,1,9,0,68.0
10109837MORETTIJ_2025-08-26_G08,10109837MORETTIJ,2025-08-26,111532,1,4,0,158.0
10109837MORETTIJ_2025-08-26_G09,10109837MORETTIJ,2025-08-26,109645,1,4,0,93.0
10109837MORETTIJ_2025-08-26_G10,10109837MORETTIJ,2025-08-26,105705,1,10,0,93.0
10109837MORETTIJ_2025-08-26_G11,10109837MORETTIJ,2025-08-26,110745,1,8,0,118.0
10109837MORETTIJ_2025-08-26_G12,10109837MORETTIJ,2025-08-26,111172,1,4,0,233.0
10109837MORETTIJ_2025-08-26_G13,10109837MORETTIJ,2025-08-26,118330,1,4,0,71.0
10109837MORETTIJ_2025-08-26_G14,10109837MORETTIJ,2025-08-26,111465,1,4,0,78.0
10109837MORETTIJ_2025-08-26_G15,10109837MORETTIJ,2025-08-26,118140,1,11,0,131.0
10109837MORETTIJ_2025-08-26_G16,10109837MORETTIJ,2025-08-26,111569,1,2,0,165.0
10109837MORETTIJ_2025-08-26_G17,10109837MORETTIJ,2025-08-26,111530,2,11,9,545.0
10109837MORETTIJ_2025-08-26_G18,10109837MORETTIJ,2025-08-26,117855,1,4,0,255.0
10109837MORETTIJ_2025-08-26_G19,10109837MORETTIJ,2025-08-26,107629,1,4,0,43.0
10109837MORETTIJ_2025-08-26_G20,10109837MORETTIJ,2025-08-26,117856,1,2,0,42.0
10109837MORETTIJ_2025-08-26_G21,10109837MORETTIJ,2025-08-26,118094,1,2,0,47.0
10109837MORETTIJ_2025-08-26_G22,10109837MORETTIJ,2025-08-26,110515,1,11,0,140.0
10109837MORETTIJ_2025-08-26_G23,10109837MORETTIJ,2025-08-26,108361,1,10,0,661.0
10109837MORETTIJ_2025-08-26_G24,10109837MORETTIJ,2025-08-26,105705,1,20,0,235.0
10109837MORETTIJ_2025-08-26_G25,10109837MORETTIJ,2025-08-26,111469,2,8,28,608.0
10109837MORETTIJ_2025-08-26_G26,10109837MORETTIJ,2025-08-26,117785,1,2,0,48.0
10109837MORETTIJ_2025-08-26_G27,10109837MORETTIJ,2025-08-26,108711,1,7,0,58.0
10109837MORETTIJ_2025-08-26_G28,10109837MORETTIJ,2025-08-26,111532,1,2,0,71.0
10109837MORETTIJ_2025-08-26_G29,10109837MORETTIJ,2025-08-26,111466,1,9,0,132.0
10109837MORETTIJ_2025-08-26_G30,10109837MORETTIJ,2025-08-26,111462,2,13,7,128.0
10109837MORETTIJ_2025-08-26_G31,10109837MORETTIJ,2025-08-26,111530,1,1,0,126.0
10109837MORETTIJ_2025-08-26_G32,10109837MORETTIJ,2025-08-26,110515,1,6,0,323.0
10109837MORETTIJ_2025-08-26_G33,10109837MORETTIJ,2025-08-26,110374,1,3,0,251.0
10109837MORETTIJ_2025-08-26_G34,10109837MORETTIJ,2025-08-26,117808,1,9,0,81.0
10109837MORETTIJ_2025-08-26_G35,10109837MORETTIJ,2025-08-26,117820,1,4,0,112.0
10109837MORETTIJ_2025-08-26_G36,10109837MORETTIJ,2025-08-26,110373,1,5,0,136.0
10109837MORETTIJ_2025-08-26_G37,10109837MORETTIJ,2025-08-26,110372,1,11,0,159.0
10109837MORETTIJ_2025-08-26_G38,10109837MORETTIJ,2025-08-26,111462,1,8,0,985.0
10109837MORETTIJ_2025-08-26_G39,10109837MORETTIJ,2025-08-26,111441,1,1,0,99.0
10109837MORETTIJ_2025-08-26_G40,10109837MORETTIJ,2025-08-26,109640,1,4,0,305.0
10109837MORETTIJ_2025-08-26_G41,10109837MORETTIJ,2025-08-26,118290,1,2,0,104.0
10109837MORETTIJ_2025-08-26_G42,10109837MORETTIJ,2025-08-26,111530,1,2,0,99.0
10109837MORETTIJ_2025-08-26_G43,10109837MORETTIJ,2025-08-26,117808,1,18,0,341.0
10109837MORETTIJ_2025-08-26_G44,10109837MORETTIJ,2025-08-26,110373,1,6,0,110.0
10109837MORETTIJ_2025-08-26_G45,10109837MORETTIJ,2025-08-26,118299,1,6,0,323.0
10109837MORETTIJ_2025-08-26_G46,10109837MORETTIJ,2025-08-26,117830,1,7,0,434.0
10109837MORETTIJ_2025-08-26_G47,10109837MORETTIJ,2025-08-26,111462,1,4,0,398.0
10109837MORETTIJ_2025-08-26_G48,10109837MORETTIJ,2025-08-26,110895,1,3,0,168.0
10109837MORETTIJ_2025-08-26_G49,10109837MORETTIJ,2025-08-26,111469,1,6,0,120.0
10109837MORETTIJ_2025-08-26_G50,10109837MORETTIJ,2025-08-26,111463,1,6,0,291.0
10109837MORETTIJ_2025-08-26_G51,10109837MORETTIJ,2025-08-26,141457,1,4,0,104.0
10109837MORETTIJ_2025-08-26_G52,10109837MORETTIJ,2025-08-26,118140,1,4,0,69.0
10109837MORETTIJ_2025-08-26_G53,10109837MORETTIJ,2025-08-26,111462,1,15,0,59.0
10109837MORETTIJ_2025-08-26_G54,10109837MORETTIJ,2025-08-26,111441,1,3,0,844.0
10109837MORETTIJ_2025-08-26_G56,10109837MORETTIJ,2025-08-26,110747,1,6,0,158.0
10109837MORETTIJ_2025-08-26_G57,10109837MORETTIJ,2025-08-26,111430,2,11,7,607.0
10109837MORETTIJ_2025-08-26_G58,10109837MORETTIJ,2025-08-26,108759,1,10,0,315.0
10109837MORETTIJ_2025-08-26_G59,10109837MORETTIJ,2025-08-26,118299,2,32,6,507.0
10109837MORETTIJ_2025-08-26_G60,10109837MORETTIJ,2025-08-26,118306,1,6,0,327.0
10109837MORETTIJ_2025-08-26_G61,10109837MORETTIJ,2025-08-26,107830,1,3,0,2342.0
10109837MORETTIJ_2025-08-26_G62,10109837MORETTIJ,2025-08-26,109648,1,2,0,70.0
10109837MORETTIJ_2025-08-26_G63,10109837MORETTIJ,2025-08-26,117808,1,30,0,158.0
10109837MORETTIJ_2025-08-26_G64,10109837MORETTIJ,2025-08-26,110372,1,12,0,135.0
10109837MORETTIJ_2025-08-26_G65,10109837MORETTIJ,2025-08-26,118299,1,70,0,598.0
10109837MORETTIJ_2025-08-26_G66,10109837MORETTIJ,2025-08-26,110313,1,7,0,164.0
10109837MORETTIJ_2025-08-26_G67,10109837MORETTIJ,2025-08-26,109640,1,2,0,135.0
10109837MORETTIJ_2025-08-26_G68,10109837MORETTIJ,2025-08-26,118222,1,12,0,488.0
10109837MORETTIJ_2025-08-26_G69,10109837MORETTIJ,2025-08-26,110895,1,8,0,306.0
10109837MORETTIJ_2025-08-26_G70,10109837MORETTIJ,2025-08-26,111530,1,2,0,557.0
10109837MORETTIJ_2025-08-26_G71,10109837MORETTIJ,2025-08-26,110711,1,3,0,77.0
10109837MORETTIJ_2025-08-26_G72,10109837MORETTIJ,2025-08-26,111446,1,4,0,77.0
10109837MORETTIJ_2025-08-26_G73,10109837MORETTIJ,2025-08-26,118140,2,12,15,140.0
10109837MORETTIJ_2025-08-26_G74,10109837MORETTIJ,2025-08-26,110749,1,27,0,2114.0
10109837MORETTIJ_2025-08-26_G75,10109837MORETTIJ,2025-08-26,111348,1,16,0,338.0
10109837MORETTIJ_2025-08-26_G76,10109837MORETTIJ,2025-08-26,110745,1,13,0,244.0
10109837MORETTIJ_2025-08-26_G77,10109837MORETTIJ,2025-08-26,109641,1,10,0,157.0
10109837MORETTIJ_2025-08-26_G78,10109837MORETTIJ,2025-08-26,118140,1,23,0,417.0
10109837MORETTIJ_2025-08-26_G79,10109837MORETTIJ,2025-08-26,107236,2,31,29,184.0
10109837MORETTIJ_2025-08-26_G80,10109837MORETTIJ,2025-08-26,110745,1,30,0,488.0
10109837MORETTIJ_2025-08-27_G02,10109837MORETTIJ,2025-08-27,111348,1,14,0,254.0
10109837MORETTIJ_2025-08-27_G03,10109837MORETTIJ,2025-08-27,111442,1,2,0,214.0
10109837MORETTIJ_2025-08-27_G04,10109837MORETTIJ,2025-08-27,117787,1,3,0,713.0
10109837MORETTIJ_2025-08-27_G05,10109837MORETTIJ,2025-08-27,111532,1,14,0,210.0
10109837MORETTIJ_2025-08-27_G06,10109837MORETTIJ,2025-08-27,117842,1,6,0,128.0
10109837MORETTIJ_2025-08-27_G07,10109837MORETTIJ,2025-08-27,109645,1,1,0,36.0
10109837MORETTIJ_2025-08-27_G08,10109837MORETTIJ,2025-08-27,118317,1,4,0,59.0
10109837MORETTIJ_2025-08-27_G09,10109837MORETTIJ,2025-08-27,108794,1,2,0,31.0
10109837MORETTIJ_2025-08-27_G10,10109837MORETTIJ,2025-08-27,105705,1,4,0,48.0
10109837MORETTIJ_2025-08-27_G11,10109837MORETTIJ,2025-08-27,111418,1,19,0,191.0
10109837MORETTIJ_2025-08-27_G12,10109837MORETTIJ,2025-08-27,111418,1,18,0,227.0
10109837MORETTIJ_2025-08-27_G13,10109837MORETTIJ,2025-08-27,118140,1,3,0,123.0
10109837MORETTIJ_2025-08-27_G14,10109837MORETTIJ,2025-08-27,111466,1,18,0,339.0
10109837MORETTIJ_2025-08-27_G15,10109837MORETTIJ,2025-08-27,110787,1,9,0,346.0
10109837MORETTIJ_2025-08-27_G16,10109837MORETTIJ,2025-08-27,111444,1,1,0,98.0
10109837MORETTIJ_2025-08-27_G17,10109837MORETTIJ,2025-08-27,111468,2,3,6,39.0
10109837MORETTIJ_2025-08-27_G18,10109837MORETTIJ,2025-08-27,111465,2,7,6,69.0
10109837MORETTIJ_2025-08-27_G19,10109837MORETTIJ,2025-08-27,117785,1,7,0,165.0
10109837MORETTIJ_2025-08-27_G20,10109837MORETTIJ,2025-08-27,108711,1,1,0,42.0
10109837MORETTIJ_2025-08-27_G21,10109837MORETTIJ,2025-08-27,160054,1,10,0,509.0
10109837MORETTIJ_2025-08-27_G22,10109837MORETTIJ,2025-08-27,107830,1,4,0,92.0
10109837MORETTIJ_2025-08-27_G23,10109837MORETTIJ,2025-08-27,110374,1,24,0,237.0
10109837MORETTIJ_2025-08-27_G24,10109837MORETTIJ,2025-08-27,117808,1,18,0,132.0
10109837MORETTIJ_2025-08-27_G25,10109837MORETTIJ,2025-08-27,110325,1,3,0,73.0
10109837MORETTIJ_2025-08-27_G26,10109837MORETTIJ,2025-08-27,117820,1,5,0,122.0
10109837MORETTIJ_2025-08-27_G27,10109837MORETTIJ,2025-08-27,110374,1,11,0,166.0
10109837MORETTIJ_2025-08-27_G28,10109837MORETTIJ,2025-08-27,110373,1,18,0,150.0
10109837MORETTIJ_2025-08-27_G29,10109837MORETTIJ,2025-08-27,110373,1,9,0,185.0
10109837MORETTIJ_2025-08-27_G30,10109837MORETTIJ,2025-08-27,160051,2,5,8,59.0
10109837MORETTIJ_2025-08-27_G31,10109837MORETTIJ,2025-08-27,117832,2,4,14,60.0
10109837MORETTIJ_2025-08-27_G32,10109837MORETTIJ,2025-08-27,110372,3,76,44,61.0
10109837MORETTIJ_2025-08-27_G33,10109837MORETTIJ,2025-08-27,117830,2,14,10,698.0
10109837MORETTIJ_2025-08-27_G34,10109837MORETTIJ,2025-08-27,118299,1,20,0,422.0
10109837MORETTIJ_2025-08-27_G35,10109837MORETTIJ,2025-08-27,110895,1,2,0,242.0
10109837MORETTIJ_2025-08-27_G36,10109837MORETTIJ,2025-08-27,108759,1,2,0,67.0
10109837MORETTIJ_2025-08-27_G37,10109837MORETTIJ,2025-08-27,117789,1,1,0,113.0
10109837MORETTIJ_2025-08-27_G38,10109837MORETTIJ,2025-08-27,109640,1,2,0,1593.0
10109837MORETTIJ_2025-08-27_G39,10109837MORETTIJ,2025-08-27,111530,1,4,0,326.0
10109837MORETTIJ_2025-08-27_G40,10109837MORETTIJ,2025-08-27,105705,1,3,0,295.0
10109837MORETTIJ_2025-08-27_G41,10109837MORETTIJ,2025-08-27,108772,1,4,0,98.0
10109837MORETTIJ_2025-08-27_G42,10109837MORETTIJ,2025-08-27,111530,1,10,0,472.0
10109837MORETTIJ_2025-08-27_G43,10109837MORETTIJ,2025-08-27,110754,1,2,0,130.0
10109837MORETTIJ_2025-08-27_G44,10109837MORETTIJ,2025-08-27,117935,1,8,0,209.0
10109837MORETTIJ_2025-08-27_G45,10109837MORETTIJ,2025-08-27,110373,1,12,0,589.0
10109837MORETTIJ_2025-08-27_G46,10109837MORETTIJ,2025-08-27,110373,1,3,0,53.0
10109837MORETTIJ_2025-08-27_G47,10109837MORETTIJ,2025-08-27,110372,1,4,0,84.0
10109837MORETTIJ_2025-08-27_G48,10109837MORETTIJ,2025-08-27,118299,1,10,0,265.0
10109837MORETTIJ_2025-08-27_G49,10109837MORETTIJ,2025-08-27,111602,1,4,0,74.0
10109837MORETTIJ_2025-08-27_G50,10109837MORETTIJ,2025-08-27,"110895, 110325",2,12,17,495.0
10109837MORETTIJ_2025-08-27_G51,10109837MORETTIJ,2025-08-27,110372,1,10,0,81.0
10109837MORETTIJ_2025-08-27_G53,10109837MORETTIJ,2025-08-27,109640,1,8,0,1152.0
10109837MORETTIJ_2025-08-27_G54,10109837MORETTIJ,2025-08-27,111569,1,8,0,131.0
10109837MORETTIJ_2025-08-27_G55,10109837MORETTIJ,2025-08-27,111463,1,12,0,1148.0
10109837MORETTIJ_2025-08-27_G56,10109837MORETTIJ,2025-08-27,110373,1,20,0,597.0
10109837MORETTIJ_2025-08-27_G57,10109837MORETTIJ,2025-08-27,117935,1,12,0,137.0
10109837MORETTIJ_2025-08-27_G58,10109837MORETTIJ,2025-08-27,111705,1,2,0,1435.0
10109837MORETTIJ_2025-08-27_G59,10109837MORETTIJ,2025-08-27,"111851, 110833",2,6,26,115.0
10109837MORETTIJ_2025-08-27_G60,10109837MORETTIJ,2025-08-27,110579,1,2,0,243.0
10109837MORETTIJ_2025-08-27_G61,10109837MORETTIJ,2025-08-27,110711,1,8,0,1056.0
10109837MORETTIJ_2025-08-27_G62,10109837MORETTIJ,2025-08-27,117855,1,6,0,66.0
10109837MORETTIJ_2025-08-27_G63,10109837MORETTIJ,2025-08-27,111466,1,3,0,146.0
10109837MORETTIJ_2025-08-27_G64,10109837MORETTIJ,2025-08-27,111742,1,20,0,963.0
10109837MORETTIJ_2025-08-27_G65,10109837MORETTIJ,2025-08-27,111602,1,10,0,318.0
10109837MORETTIJ_2025-08-27_G66,10109837MORETTIJ,2025-08-27,111759,1,20,0,689.0
10109837MORETTIJ_2025-08-29_G02,10109837MORETTIJ,2025-08-29,110313,1,2,0,229.0
10109837MORETTIJ_2025-08-29_G03,10109837MORETTIJ,2025-08-29,111530,1,2,0,68.0
10109837MORETTIJ_2025-08-29_G04,10109837MORETTIJ,2025-08-29,110741,1,4,0,123.0
10109837MORETTIJ_2025-08-29_G05,10109837MORETTIJ,2025-08-29,110515,1,4,0,312.0
10109837MORETTIJ_2025-08-29_G06,10109837MORETTIJ,2025-08-29,110787,1,4,0,682.0
10109837MORETTIJ_2025-08-29_G07,10109837MORETTIJ,2025-08-29,111418,1,4,0,83.0
10109837MORETTIJ_2025-08-29_G08,10109837MORETTIJ,2025-08-29,111469,1,8,0,82.0
10109837MORETTIJ_2025-08-29_G09,10109837MORETTIJ,2025-08-29,109641,1,4,0,74.0
10109837MORETTIJ_2025-08-29_G10,10109837MORETTIJ,2025-08-29,111442,1,2,0,54.0
10109837MORETTIJ_2025-08-29_G11,10109837MORETTIJ,2025-08-29,110740,1,4,0,105.0
10109837MORETTIJ_2025-08-29_G12,10109837MORETTIJ,2025-08-29,105705,1,2,0,176.0
10109837MORETTIJ_2025-08-29_G13,10109837MORETTIJ,2025-08-29,109643,1,4,0,126.0
10109837MORETTIJ_2025-08-29_G14,10109837MORETTIJ,2025-08-29,110374,1,4,0,66.0
10109837MORETTIJ_2025-08-29_G15,10109837MORETTIJ,2025-08-29,117808,1,6,0,65.0
10109837MORETTIJ_2025-08-29_G16,10109837MORETTIJ,2025-08-29,117820,1,4,0,83.0
10109837MORETTIJ_2025-08-29_G17,10109837MORETTIJ,2025-08-29,110787,1,30,0,663.0
10109837MORETTIJ_2025-08-29_G18,10109837MORETTIJ,2025-08-29,118229,1,4,0,119.0
10109837MORETTIJ_2025-08-29_G19,10109837MORETTIJ,2025-08-29,117935,2,8,25,101.0
10109837MORETTIJ_2025-08-29_G20,10109837MORETTIJ,2025-08-29,"110740, 110515",2,4,26,399.0
10109837MORETTIJ_2025-08-29_G21,10109837MORETTIJ,2025-08-29,104534,1,8,0,764.0
10109837MORETTIJ_2025-08-29_G22,10109837MORETTIJ,2025-08-29,117965,1,4,0,286.0
10109837MORETTIJ_2025-08-29_G23,10109837MORETTIJ,2025-08-29,117788,1,4,0,78.0
10109837MORETTIJ_2025-08-29_G24,10109837MORETTIJ,2025-08-29,117862,1,8,0,68.0
10109837MORETTIJ_2025-08-29_G25,10109837MORETTIJ,2025-08-29,107629,1,4,0,45.0
10109837MORETTIJ_2025-08-29_G26,10109837MORETTIJ,2025-08-29,111876,1,4,0,42.0
10109837MORETTIJ_2025-08-29_G27,10109837MORETTIJ,2025-08-29,110711,1,4,0,45.0
10109837MORETTIJ_2025-08-29_G28,10109837MORETTIJ,2025-08-29,117856,1,8,0,70.0
10109837MORETTIJ_2025-08-29_G29,10109837MORETTIJ,2025-08-29,110741,1,4,0,95.0
10109837MORETTIJ_2025-08-29_G30,10109837MORETTIJ,2025-08-29,118094,1,8,0,87.0
10109837MORETTIJ_2025-08-29_G31,10109837MORETTIJ,2025-08-29,111530,1,24,0,1020.0
10109837MORETTIJ_2025-08-29_G32,10109837MORETTIJ,2025-08-29,117861,1,4,0,1682.0
10109837MORETTIJ_2025-08-29_G33,10109837MORETTIJ,2025-08-29,110733,1,4,0,46.0
10109837MORETTIJ_2025-08-29_G34,10109837MORETTIJ,2025-08-29,117786,1,8,0,84.0
10109837MORETTIJ_2025-08-29_G35,10109837MORETTIJ,2025-08-29,109647,1,4,0,60.0
10109837MORETTIJ_2025-08-29_G36,10109837MORETTIJ,2025-08-29,111879,1,8,0,112.0
10109837MORETTIJ_2025-08-29_G37,10109837MORETTIJ,2025-08-29,117855,1,4,0,52.0
10109837MORETTIJ_2025-08-29_G38,10109837MORETTIJ,2025-08-29,141047,1,4,0,68.0
10109837MORETTIJ_2025-08-29_G39,10109837MORETTIJ,2025-08-29,111602,1,4,0,148.0
10109837MORETTIJ_2025-08-29_G40,10109837MORETTIJ,2025-08-29,109640,1,8,0,108.0
10109837MORETTIJ_2025-08-29_G41,10109837MORETTIJ,2025-08-29,108772,1,4,0,291.0
10109837MORETTIJ_2025-08-29_G42,10109837MORETTIJ,2025-08-29,110339,1,8,0,253.0
10109837MORETTIJ_2025-08-29_G43,10109837MORETTIJ,2025-08-29,110515,1,12,0,195.0
10109837MORETTIJ_2025-08-29_G44,10109837MORETTIJ,2025-08-29,111439,1,4,0,85.0
10109837MORETTIJ_2025-08-29_G45,10109837MORETTIJ,2025-08-29,110313,1,8,0,133.0
10109837MORETTIJ_2025-08-29_G46,10109837MORETTIJ,2025-08-29,117841,1,4,0,207.0
10109837MORETTIJ_2025-08-29_G47,10109837MORETTIJ,2025-08-29,111743,1,4,0,46.0
10109837MORETTIJ_2025-08-29_G48,10109837MORETTIJ,2025-08-29,108798,1,4,0,72.0
10109837MORETTIJ_2025-08-29_G49,10109837MORETTIJ,2025-08-29,117787,1,4,0,53.0
10109837MORETTIJ_2025-08-29_G50,10109837MORETTIJ,2025-08-29,141048,1,4,0,63.0
10109837MORETTIJ_2025-08-29_G51,10109837MORETTIJ,2025-08-29,110787,1,8,0,65.0
10109837MORETTIJ_2025-08-29_G52,10109837MORETTIJ,2025-08-29,117821,1,8,0,56.0
10109837MORETTIJ_2025-08-29_G53,10109837MORETTIJ,2025-08-29,117842,1,4,0,59.0
10109837MORETTIJ_2025-08-29_G54,10109837MORETTIJ,2025-08-29,141456,1,12,0,80.0
10109837MORETTIJ_2025-08-29_G55,10109837MORETTIJ,2025-08-29,108794,1,4,0,50.0
10109837MORETTIJ_2025-08-29_G56,10109837MORETTIJ,2025-08-29,105705,1,4,0,175.0
10109837MORETTIJ_2025-08-29_G57,10109837MORETTIJ,2025-08-29,141457,1,12,0,306.0
10109837MORETTIJ_2025-08-29_G58,10109837MORETTIJ,2025-08-29,111532,1,12,0,136.0
10109837MORETTIJ_2025-08-29_G59,10109837MORETTIJ,2025-08-29,111469,1,8,0,92.0
10109837MORETTIJ_2025-08-29_G60,10109837MORETTIJ,2025-08-29,107236,1,4,0,150.0
10109837MORETTIJ_2025-08-29_G61,10109837MORETTIJ,2025-08-29,109641,1,4,0,51.0
10109837MORETTIJ_2025-08-29_G62,10109837MORETTIJ,2025-08-29,111462,1,8,0,96.0
10109837MORETTIJ_2025-08-29_G64,10109837MORETTIJ,2025-08-29,111468,1,4,0,57.0
10109837MORETTIJ_2025-08-29_G65,10109837MORETTIJ,2025-08-29,110740,1,4,0,86.0
10109837MORETTIJ_2025-08-29_G66,10109837MORETTIJ,2025-08-29,141458,1,12,0,102.0
10109837MORETTIJ_2025-08-29_G67,10109837MORETTIJ,2025-08-29,111465,1,8,0,398.0
10109837MORETTIJ_2025-08-29_G68,10109837MORETTIJ,2025-08-29,110332,1,4,0,109.0
10109837MORETTIJ_2025-08-29_G69,10109837MORETTIJ,2025-08-29,110745,1,4,0,90.0
10109837MORETTIJ_2025-08-29_G70,10109837MORETTIJ,2025-08-29,111330,1,4,0,89.0
10109837MORETTIJ_2025-08-29_G71,10109837MORETTIJ,2025-08-29,117862,1,60,0,2177.0
10109837MORETTIJ_2025-08-29_G72,10109837MORETTIJ,2025-08-29,117856,1,16,0,659.0
10109837MORETTIJ_2025-08-29_G73,10109837MORETTIJ,2025-08-29,117853,1,20,0,224.0
10109837MORETTIJ_2025-08-29_G74,10109837MORETTIJ,2025-08-29,111467,1,4,0,91.0
10109837MORETTIJ_2025-08-29_G75,10109837MORETTIJ,2025-08-29,110752,1,8,0,151.0
10109837MORETTIJ_2025-08-29_G76,10109837MORETTIJ,2025-08-29,111439,1,8,0,169.0
10109837MORETTIJ_2025-08-29_G77,10109837MORETTIJ,2025-08-29,117837,1,20,0,179.0
10109837MORETTIJ_2025-08-29_G78,10109837MORETTIJ,2025-08-29,117786,1,20,0,342.0
10109837MORETTIJ_2025-08-29_G79,10109837MORETTIJ,2025-08-29,111330,1,6,0,1025.0
10109837MORETTIJ_2025-08-29_G80,10109837MORETTIJ,2025-08-29,109641,1,20,0,431.0
10109837MORETTIJ_2025-08-29_G81,10109837MORETTIJ,2025-08-29,110895,1,28,0,1876.0
10109837MORETTIJ_2025-08-29_G82,10109837MORETTIJ,2025-08-29,110582,1,8,0,123.0
10109837MORETTIJ_2025-08-29_G83,10109837MORETTIJ,2025-08-29,111430,1,2,0,68.0
10109837MORETTIJ_2025-08-29_G84,10109837MORETTIJ,2025-08-29,118290,1,4,0,222.0
10109837MORETTIJ_2025-08-29_G85,10109837MORETTIJ,2025-08-29,111660,1,4,0,303.0
10109837MORETTIJ_2025-08-29_G86,10109837MORETTIJ,2025-08-29,118052,1,4,0,260.0
10109837MORETTIJ_2025-08-29_G87,10109837MORETTIJ,2025-08-29,118197,1,4,0,714.0
10109837MORETTIJ_2025-08-29_G88,10109837MORETTIJ,2025-08-29,107830,1,12,0,208.0
10109837MORETTIJ_2025-08-29_G89,10109837MORETTIJ,2025-08-29,118299,1,250,0,683.0
10109837MORETTIJ_2025-08-29_G90,10109837MORETTIJ,2025-08-29,110325,1,10,0,278.0
10109837MORETTIJ_2025-08-29_G91,10109837MORETTIJ,2025-08-29,117832,1,20,0,148.0
10109837MORETTIJ_2025-08-29_G92,10109837MORETTIJ,2025-08-29,117808,1,102,0,230.0
10109837MORETTIJ_2025-08-30_G02,10109837MORETTIJ,2025-08-30,140922,1,2,0,53.0
10109837MORETTIJ_2025-08-30_G03,10109837MORETTIJ,2025-08-30,111463,1,10,0,75.0
10109837MORETTIJ_2025-08-30_G04,10109837MORETTIJ,2025-08-30,109645,1,2,0,73.0
10109837MORETTIJ_2025-08-30_G05,10109837MORETTIJ,2025-08-30,111348,1,1,0,60.0
10109837MORETTIJ_2025-08-30_G06,10109837MORETTIJ,2025-08-30,110740,1,4,0,299.0
10109837MORETTIJ_2025-08-30_G07,10109837MORETTIJ,2025-08-30,110325,1,4,0,141.0
10109837MORETTIJ_2025-08-30_G08,10109837MORETTIJ,2025-08-30,110374,1,12,0,220.0
10109837MORETTIJ_2025-08-30_G09,10109837MORETTIJ,2025-08-30,117855,1,2,0,384.0
10109837MORETTIJ_2025-08-30_G10,10109837MORETTIJ,2025-08-30,110313,1,2,0,341.0
10109837MORETTIJ_2025-08-30_G11,10109837MORETTIJ,2025-08-30,117861,1,4,0,321.0
10109837MORETTIJ_2025-08-30_G12,10109837MORETTIJ,2025-08-30,141047,1,4,0,96.0
10109837MORETTIJ_2025-08-30_G13,10109837MORETTIJ,2025-08-30,109640,1,1,0,77.0
10109837MORETTIJ_2025-08-30_G14,10109837MORETTIJ,2025-08-30,140922,1,11,0,241.0
10109837MORETTIJ_2025-08-30_G15,10109837MORETTIJ,2025-08-30,111443,1,4,0,209.0
10109837MORETTIJ_2025-08-30_G16,10109837MORETTIJ,2025-08-30,111469,1,3,0,90.0
10109837MORETTIJ_2025-08-30_G17,10109837MORETTIJ,2025-08-30,110740,1,4,0,104.0
10109837MORETTIJ_2025-08-30_G18,10109837MORETTIJ,2025-08-30,118222,1,8,0,431.0
10109837MORETTIJ_2025-08-30_G19,10109837MORETTIJ,2025-08-30,111441,1,8,0,439.0
10109837MORETTIJ_2025-08-30_G20,10109837MORETTIJ,2025-08-30,117853,1,12,0,721.0
10109837MORETTIJ_2025-08-30_G21,10109837MORETTIJ,2025-08-30,118222,1,30,0,2646.0
10109837MORETTIJ_2025-08-30_G22,10109837MORETTIJ,2025-08-30,140922,1,20,0,492.0
10109837MORETTIJ_2025-08-30_G23,10109837MORETTIJ,2025-08-30,111469,2,12,11,139.0
10109837MORETTIJ_2025-08-30_G24,10109837MORETTIJ,2025-08-30,111465,1,8,0,170.0
10109837MORETTIJ_2025-08-30_G25,10109837MORETTIJ,2025-08-30,110325,1,8,0,84.0
10109837MORETTIJ_2025-08-30_G26,10109837MORETTIJ,2025-08-30,140922,1,2,0,716.0
10109837MORETTIJ_2025-08-30_G27,10109837MORETTIJ,2025-08-30,111532,1,3,0,109.0
10109837MORETTIJ_2025-08-30_G28,10109837MORETTIJ,2025-08-30,111468,1,3,0,186.0
10109837MORETTIJ_2025-08-30_G29,10109837MORETTIJ,2025-08-30,117862,1,2,0,123.0
10109837MORETTIJ_2025-08-30_G30,10109837MORETTIJ,2025-08-30,118094,1,2,0,68.0
10109837MORETTIJ_2025-08-30_G31,10109837MORETTIJ,2025-08-30,117861,1,4,0,55.0
10109837MORETTIJ_2025-08-30_G32,10109837MORETTIJ,2025-08-30,111602,1,4,0,85.0
10109837MORETTIJ_2025-08-30_G33,10109837MORETTIJ,2025-08-30,118222,1,8,0,711.0
10109837MORETTIJ_2025-08-30_G34,10109837MORETTIJ,2025-08-30,117856,1,4,0,246.0
10109837MORETTIJ_2025-08-30_G35,10109837MORETTIJ,2025-08-30,141047,1,9,0,286.0
10109837MORETTIJ_2025-08-30_G36,10109837MORETTIJ,2025-08-30,110372,1,26,0,223.0
10109837MORETTIJ_2025-08-30_G37,10109837MORETTIJ,2025-08-30,117935,1,4,0,850.0
10109837MORETTIJ_2025-08-30_G38,10109837MORETTIJ,2025-08-30,110339,1,8,0,347.0
10109837MORETTIJ_2025-08-30_G40,10109837MORETTIJ,2025-08-30,110375,1,40,0,163.0
10109837MORETTIJ_2025-08-30_G41,10109837MORETTIJ,2025-08-30,110371,1,63,0,778.0
10109837MORETTIJ_2025-08-30_G42,10109837MORETTIJ,2025-08-30,108795,1,2,0,2130.0
10109837MORETTIJ_2025-08-30_G43,10109837MORETTIJ,2025-08-30,108711,1,8,0,134.0
10109837MORETTIJ_2025-08-30_G44,10109837MORETTIJ,2025-08-30,111743,1,2,0,107.0
10109837MORETTIJ_2025-08-30_G45,10109837MORETTIJ,2025-08-30,109645,1,2,0,97.0
10109837MORETTIJ_2025-08-30_G46,10109837MORETTIJ,2025-08-30,111418,1,4,0,65.0
10109837MORETTIJ_2025-08-30_G47,10109837MORETTIJ,2025-08-30,118140,1,16,0,209.0
10109837MORETTIJ_2025-08-30_G48,10109837MORETTIJ,2025-08-30,117785,1,4,0,105.0
10109837MORETTIJ_2025-08-30_G49,10109837MORETTIJ,2025-08-30,109641,1,2,0,57.0
10109837MORETTIJ_2025-08-30_G50,10109837MORETTIJ,2025-08-30,111462,1,8,0,81.0
10109837MORETTIJ_2025-08-30_G51,10109837MORETTIJ,2025-08-30,111442,1,2,0,606.0
10109837MORETTIJ_2025-08-30_G52,10109837MORETTIJ,2025-08-30,111569,1,6,0,412.0
10109837MORETTIJ_2025-08-30_G53,10109837MORETTIJ,2025-08-30,110742,1,2,0,681.0
10109837MORETTIJ_2025-08-30_G54,10109837MORETTIJ,2025-08-30,111430,1,2,0,310.0
10109837MORETTIJ_2025-08-30_G55,10109837MORETTIJ,2025-08-30,110374,1,8,0,477.0
10109837MORETTIJ_2025-08-30_G56,10109837MORETTIJ,2025-08-30,118299,1,10,0,286.0
10109837MORETTIJ_2025-08-30_G57,10109837MORETTIJ,2025-08-30,117820,1,15,0,205.0
10109837MORETTIJ_2025-08-30_G58,10109837MORETTIJ,2025-08-30,110376,1,4,0,99.0
10109837MORETTIJ_2025-08-30_G59,10109837MORETTIJ,2025-08-30,110371,1,15,0,105.0
10109837MORETTIJ_2025-08-30_G60,10109837MORETTIJ,2025-08-30,117830,1,4,0,123.0
10109837MORETTIJ_2025-08-30_G61,10109837MORETTIJ,2025-08-30,117809,1,5,0,57.0
10109837MORETTIJ_2025-08-30_G62,10109837MORETTIJ,2025-08-30,110373,1,40,0,322.0
10109837MORETTIJ_2025-08-30_G63,10109837MORETTIJ,2025-08-30,109643,1,8,0,332.0
10109837MORETTIJ_2025-08-30_G64,10109837MORETTIJ,2025-08-30,110372,1,30,0,203.0
10109837MORETTIJ_2025-08-30_G65,10109837MORETTIJ,2025-08-30,117808,2,90,5,1131.0
10109837MORETTIJ_2025-08-30_G66,10109837MORETTIJ,2025-08-30,141140,1,4,0,1775.0
10109837MORETTIJ_2025-08-30_G67,10109837MORETTIJ,2025-08-30,111742,1,8,0,167.0
10109837MORETTIJ_2025-08-30_G68,10109837MORETTIJ,2025-08-30,141261,1,10,0,251.0
10109837MORETTIJ_2025-09-02_G02,10109837MORETTIJ,2025-09-02,110749,1,1,0,89.0
10109837MORETTIJ_2025-09-02_G03,10109837MORETTIJ,2025-09-02,111445,2,32,24,157.0
10109837MORETTIJ_2025-09-02_G04,10109837MORETTIJ,2025-09-02,111660,1,59,0,616.0
10109837MORETTIJ_2025-09-02_G05,10109837MORETTIJ,2025-09-02,110753,1,10,0,369.0
10109837MORETTIJ_2025-09-02_G06,10109837MORETTIJ,2025-09-02,110753,1,1,0,249.0
10109837MORETTIJ_2025-09-02_G07,10109837MORETTIJ,2025-09-02,110339,1,18,0,324.0
10109837MORETTIJ_2025-09-02_G09,10109837MORETTIJ,2025-09-02,117820,1,738,0,1370.0
10109837MORETTIJ_2025-09-04_G02,10109837MORETTIJ,2025-09-04,118094,1,4,0,72.0
10109837MORETTIJ_2025-09-04_G03,10109837MORETTIJ,2025-09-04,111463,1,8,0,95.0
10109837MORETTIJ_2025-09-04_G04,10109837MORETTIJ,2025-09-04,111463,2,16,6,69.0
10109837MORETTIJ_2025-09-04_G05,10109837MORETTIJ,2025-09-04,111418,1,8,0,334.0
10109837MORETTIJ_2025-09-04_G06,10109837MORETTIJ,2025-09-04,111469,1,7,0,60.0
10109837MORETTIJ_2025-09-04_G07,10109837MORETTIJ,2025-09-04,117785,1,30,0,172.0
10109837MORETTIJ_2025-09-04_G08,10109837MORETTIJ,2025-09-04,117785,1,8,0,33.0
10109837MORETTIJ_2025-09-04_G09,10109837MORETTIJ,2025-09-04,117831,1,12,0,242.0
10109837MORETTIJ_2025-09-04_G10,10109837MORETTIJ,2025-09-04,118330,1,2,0,57.0
10109837MORETTIJ_2025-09-04_G11,10109837MORETTIJ,2025-09-04,160054,1,4,0,185.0
10109837MORETTIJ_2025-09-04_G12,10109837MORETTIJ,2025-09-04,118299,1,20,0,255.0
10109837MORETTIJ_2025-09-04_G13,10109837MORETTIJ,2025-09-04,117830,1,30,0,322.0
10109837MORETTIJ_2025-09-04_G14,10109837MORETTIJ,2025-09-04,117820,1,60,0,357.0
10109837MORETTIJ_2025-09-04_G15,10109837MORETTIJ,2025-09-04,117809,1,28,0,199.0
10109837MORETTIJ_2025-09-04_G16,10109837MORETTIJ,2025-09-04,118140,1,20,0,1157.0
10109837MORETTIJ_2025-09-04_G17,10109837MORETTIJ,2025-09-04,140922,1,4,0,68.0
10109837MORETTIJ_2025-09-04_G18,10109837MORETTIJ,2025-09-04,110787,1,14,0,257.0
10109837MORETTIJ_2025-09-04_G19,10109837MORETTIJ,2025-09-04,117842,1,4,0,164.0
10109837MORETTIJ_2025-09-04_G20,10109837MORETTIJ,2025-09-04,105705,1,7,0,99.0
10109837MORETTIJ_2025-09-04_G21,10109837MORETTIJ,2025-09-04,117821,1,40,0,899.0
10109837MORETTIJ_2025-09-04_G22,10109837MORETTIJ,2025-09-04,141456,1,80,0,283.0
10109837MORETTIJ_2025-09-04_G23,10109837MORETTIJ,2025-09-04,108794,1,30,0,270.0
10109837MORETTIJ_2025-09-04_G24,10109837MORETTIJ,2025-09-04,110745,1,20,0,235.0
10109837MORETTIJ_2025-09-04_G25,10109837MORETTIJ,2025-09-04,111462,1,20,0,107.0
10109837MORETTIJ_2025-09-04_G26,10109837MORETTIJ,2025-09-04,141823,1,20,0,207.0
10109837MORETTIJ_2025-09-04_G27,10109837MORETTIJ,2025-09-04,117785,1,80,0,146.0
10109837MORETTIJ_2025-09-04_G28,10109837MORETTIJ,2025-09-04,141202,1,9,0,376.0
10109837MORETTIJ_2025-09-04_G29,10109837MORETTIJ,2025-09-04,117809,1,11,0,63.0
10109837MORETTIJ_2025-09-05_G02,10109837MORETTIJ,2025-09-05,111443,1,16,0,172.0
10109837MORETTIJ_2025-09-05_G03,10109837MORETTIJ,2025-09-05,109645,1,4,0,2304.0
10109837MORETTIJ_2025-09-05_G04,10109837MORETTIJ,2025-09-05,111660,1,3,0,152.0
10109837MORETTIJ_2025-09-05_G05,10109837MORETTIJ,2025-09-05,117862,1,2,0,128.0
10109837MORETTIJ_2025-09-05_G06,10109837MORETTIJ,2025-09-05,117856,1,7,0,144.0
10109837MORETTIJ_2025-09-05_G07,10109837MORETTIJ,2025-09-05,141456,1,8,0,178.0
10109837MORETTIJ_2025-09-05_G08,10109837MORETTIJ,2025-09-05,111348,1,3,0,127.0
10109837MORETTIJ_2025-09-05_G09,10109837MORETTIJ,2025-09-05,110740,1,12,0,568.0
10109837MORETTIJ_2025-09-05_G10,10109837MORETTIJ,2025-09-05,141458,1,20,0,327.0
10109837MORETTIJ_2025-09-05_G11,10109837MORETTIJ,2025-09-05,111465,1,8,0,147.0
10109837MORETTIJ_2025-09-05_G12,10109837MORETTIJ,2025-09-05,118140,1,21,0,601.0
10109837MORETTIJ_2025-09-05_G13,10109837MORETTIJ,2025-09-05,111442,1,8,0,155.0
10109837MORETTIJ_2025-09-05_G14,10109837MORETTIJ,2025-09-05,111462,1,8,0,1296.0
10109837MORETTIJ_2025-09-05_G15,10109837MORETTIJ,2025-09-05,109645,1,4,0,630.0
10109837MORETTIJ_2025-09-05_G16,10109837MORETTIJ,2025-09-05,160054,1,4,0,145.0
10109837MORETTIJ_2025-09-05_G17,10109837MORETTIJ,2025-09-05,160051,1,4,0,133.0
10109837MORETTIJ_2025-09-08_G02,10109837MORETTIJ,2025-09-08,107830,1,3,0,129.0
10109837MORETTIJ_2025-09-08_G03,10109837MORETTIJ,2025-09-08,110372,1,4,0,104.0
10109837MORETTIJ_2025-09-08_G04,10109837MORETTIJ,2025-09-08,117830,1,5,0,98.0
10109837MORETTIJ_2025-09-08_G05,10109837MORETTIJ,2025-09-08,116241,1,2,0,171.0
10109837MORETTIJ_2025-09-08_G06,10109837MORETTIJ,2025-09-08,107830,1,8,0,175.0
10109837MORETTIJ_2025-09-08_G07,10109837MORETTIJ,2025-09-08,110374,1,2,0,64.0
10109837MORETTIJ_2025-09-08_G08,10109837MORETTIJ,2025-09-08,110372,1,10,0,108.0
10109837MORETTIJ_2025-09-08_G09,10109837MORETTIJ,2025-09-08,110374,1,4,0,300.0
10109837MORETTIJ_2025-09-08_G10,10109837MORETTIJ,2025-09-08,110372,1,4,0,71.0
10109837MORETTIJ_2025-09-08_G11,10109837MORETTIJ,2025-09-08,110373,1,4,0,60.0
10109837MORETTIJ_2025-09-08_G12,10109837MORETTIJ,2025-09-08,118299,1,4,0,83.0
10109837MORETTIJ_2025-09-08_G13,10109837MORETTIJ,2025-09-08,118140,1,1,0,1134.0
10109837MORETTIJ_2025-09-08_G14,10109837MORETTIJ,2025-09-08,111463,1,1,0,53.0
10109837MORETTIJ_2025-09-08_G15,10109837MORETTIJ,2025-09-08,111443,1,2,0,52.0
10109837MORETTIJ_2025-09-08_G16,10109837MORETTIJ,2025-09-08,140922,1,4,0,53.0
10109837MORETTIJ_2025-09-08_G17,10109837MORETTIJ,2025-09-08,141457,1,8,0,102.0
10109837MORETTIJ_2025-09-08_G18,10109837MORETTIJ,2025-09-08,111418,1,19,0,215.0
10109837MORETTIJ_2025-09-08_G19,10109837MORETTIJ,2025-09-08,111469,1,10,0,88.0
10109837MORETTIJ_2025-09-08_G20,10109837MORETTIJ,2025-09-08,117785,1,8,0,101.0
10109837MORETTIJ_2025-09-08_G21,10109837MORETTIJ,2025-09-08,111468,1,4,0,130.0
10109837MORETTIJ_2025-09-08_G22,10109837MORETTIJ,2025-09-08,118317,1,2,0,212.0
10109837MORETTIJ_2025-09-08_G23,10109837MORETTIJ,2025-09-08,110740,1,4,0,303.0
10109837MORETTIJ_2025-09-08_G24,10109837MORETTIJ,2025-09-08,141458,1,8,0,76.0
10109837MORETTIJ_2025-09-08_G25,10109837MORETTIJ,2025-09-08,111465,1,4,0,59.0
10109837MORETTIJ_2025-09-08_G26,10109837MORETTIJ,2025-09-08,117808,1,5,0,118.0
10109837MORETTIJ_2025-09-08_G27,10109837MORETTIJ,2025-09-08,110372,1,8,0,105.0
10109837MORETTIJ_2025-09-08_G28,10109837MORETTIJ,2025-09-08,110373,1,17,0,177.0
10109837MORETTIJ_2025-09-08_G29,10109837MORETTIJ,2025-09-08,118299,1,21,0,385.0
10109837MORETTIJ_2025-09-08_G30,10109837MORETTIJ,2025-09-08,110376,1,1,0,77.0
10109837MORETTIJ_2025-09-08_G31,10109837MORETTIJ,2025-09-08,117809,1,1,0,79.0
10109837MORETTIJ_2025-09-08_G32,10109837MORETTIJ,2025-09-08,109643,1,13,0,379.0
10109837MORETTIJ_2025-09-08_G33,10109837MORETTIJ,2025-09-08,110372,2,128,27,1085.0
10109837MORETTIJ_2025-09-08_G34,10109837MORETTIJ,2025-09-08,117832,1,20,0,163.0
10109837MORETTIJ_2025-09-08_G35,10109837MORETTIJ,2025-09-08,110373,1,182,0,728.0
10109837MORETTIJ_2025-09-08_G36,10109837MORETTIJ,2025-09-08,117809,1,4,0,203.0
10109837MORETTIJ_2025-09-08_G37,10109837MORETTIJ,2025-09-08,110373,1,2,0,53.0
10109837MORETTIJ_2025-09-08_G38,10109837MORETTIJ,2025-09-08,110374,2,42,6,511.0
10109837MORETTIJ_2025-09-08_G39,10109837MORETTIJ,2025-09-08,107830,1,6,0,278.0
10109837MORETTIJ_2025-09-08_G40,10109837MORETTIJ,2025-09-08,109643,1,20,0,196.0
10109837MORETTIJ_2025-09-08_G41,10109837MORETTIJ,2025-09-08,110374,2,82,8,334.0
10109837MORETTIJ_2025-09-08_G42,10109837MORETTIJ,2025-09-08,117820,1,2,0,175.0
10109837MORETTIJ_2025-09-08_G43,10109837MORETTIJ,2025-09-08,110372,1,42,0,50.0
10109837MORETTIJ_2025-09-08_G45,10109837MORETTIJ,2025-09-08,111435,1,4,0,130.0
10109837MORETTIJ_2025-09-08_G46,10109837MORETTIJ,2025-09-08,117838,1,16,0,499.0
10109837MORETTIJ_2025-09-08_G47,10109837MORETTIJ,2025-09-08,108795,1,5,0,74.0
10109837MORETTIJ_2025-09-08_G48,10109837MORETTIJ,2025-09-08,110751,1,4,0,130.0
10109837MORETTIJ_2025-09-08_G49,10109837MORETTIJ,2025-09-08,116241,1,6,0,135.0
10109837MORETTIJ_2025-09-08_G50,10109837MORETTIJ,2025-09-08,108798,1,4,0,282.0
10109837MORETTIJ_2025-09-08_G51,10109837MORETTIJ,2025-09-08,117787,1,6,0,54.0
10109837MORETTIJ_2025-09-08_G52,10109837MORETTIJ,2025-09-08,117821,1,2,0,55.0
10109837MORETTIJ_2025-09-08_G53,10109837MORETTIJ,2025-09-08,117842,1,1,0,50.0
10109837MORETTIJ_2025-09-08_G54,10109837MORETTIJ,2025-09-08,141456,1,28,0,399.0
10109837MORETTIJ_2025-09-08_G55,10109837MORETTIJ,2025-09-08,141457,1,7,0,180.0
10109837MORETTIJ_2025-09-08_G56,10109837MORETTIJ,2025-09-08,111532,1,2,0,331.0
10109837MORETTIJ_2025-09-08_G57,10109837MORETTIJ,2025-09-08,118223,1,10,0,484.0
10109837MORETTIJ_2025-09-08_G58,10109837MORETTIJ,2025-09-08,117833,1,8,0,129.0
10109837MORETTIJ_2025-09-08_G59,10109837MORETTIJ,2025-09-08,117831,1,18,0,316.0
10109837MORETTIJ_2025-09-08_G60,10109837MORETTIJ,2025-09-08,111348,1,21,0,229.0
10109837MORETTIJ_2025-09-08_G61,10109837MORETTIJ,2025-09-08,111444,1,4,0,111.0
10109837MORETTIJ_2025-09-08_G62,10109837MORETTIJ,2025-09-08,111468,1,12,0,155.0
10109837MORETTIJ_2025-09-08_G63,10109837MORETTIJ,2025-09-08,118330,1,6,0,120.0
10109837MORETTIJ_2025-09-08_G64,10109837MORETTIJ,2025-09-08,110740,1,16,0,144.0
10109837MORETTIJ_2025-09-08_G65,10109837MORETTIJ,2025-09-08,111465,1,9,0,235.0
10109837MORETTIJ_2025-09-08_G66,10109837MORETTIJ,2025-09-08,118317,1,2,0,76.0
10109837MORETTIJ_2025-09-08_G67,10109837MORETTIJ,2025-09-08,118140,1,86,0,150.0
10109837MORETTIJ_2025-09-08_G68,10109837MORETTIJ,2025-09-08,105705,1,10,0,807.0
10109837MORETTIJ_2025-09-08_G69,10109837MORETTIJ,2025-09-08,118140,1,80,0,640.0
10109837MORETTIJ_2025-09-08_G70,10109837MORETTIJ,2025-09-08,110092,1,2,0,1934.0
10109837MORETTIJ_2025-09-08_G71,10109837MORETTIJ,2025-09-08,110756,1,2,0,141.0
10109837MORETTIJ_2025-09-08_G72,10109837MORETTIJ,2025-09-08,105242,1,4,0,170.0
10109837MORETTIJ_2025-09-08_G73,10109837MORETTIJ,2025-09-08,110752,1,20,0,89.0
10109837MORETTIJ_2025-09-08_G74,10109837MORETTIJ,2025-09-08,118289,1,5,0,681.0
10109837MORETTIJ_2025-09-08_G75,10109837MORETTIJ,2025-09-08,141047,1,32,0,525.0
10109837MORETTIJ_2025-09-09_G02,10109837MORETTIJ,2025-09-09,110841,1,2,0,114.0
10109837MORETTIJ_2025-09-09_G03,10109837MORETTIJ,2025-09-09,110752,1,4,0,102.0
10109837MORETTIJ_2025-09-09_G04,10109837MORETTIJ,2025-09-09,108711,1,7,0,158.0
10109837MORETTIJ_2025-09-09_G05,10109837MORETTIJ,2025-09-09,111418,1,8,0,157.0
10109837MORETTIJ_2025-09-09_G06,10109837MORETTIJ,2025-09-09,111602,1,4,0,75.0
10109837MORETTIJ_2025-09-09_G07,10109837MORETTIJ,2025-09-09,108711,1,2,0,366.0
10109837MORETTIJ_2025-09-09_G08,10109837MORETTIJ,2025-09-09,109641,1,4,0,181.0
10109837MORETTIJ_2025-09-09_G09,10109837MORETTIJ,2025-09-09,117787,1,2,0,85.0
10109837MORETTIJ_2025-09-09_G10,10109837MORETTIJ,2025-09-09,141457,1,2,0,79.0
10109837MORETTIJ_2025-09-09_G11,10109837MORETTIJ,2025-09-09,140922,1,6,0,112.0
10109837MORETTIJ_2025-09-09_G12,10109837MORETTIJ,2025-09-09,110740,1,8,0,191.0
10109837MORETTIJ_2025-09-09_G13,10109837MORETTIJ,2025-09-09,117820,1,4,0,245.0
10109837MORETTIJ_2025-09-09_G14,10109837MORETTIJ,2025-09-09,118299,1,4,0,73.0
10109837MORETTIJ_2025-09-09_G15,10109837MORETTIJ,2025-09-09,110375,1,1,0,94.0
10109837MORETTIJ_2025-09-09_G16,10109837MORETTIJ,2025-09-09,141202,1,2,0,94.0
10109837MORETTIJ_2025-09-09_G17,10109837MORETTIJ,2025-09-09,117821,1,2,0,103.0
10109837MORETTIJ_2025-09-09_G18,10109837MORETTIJ,2025-09-09,141456,1,4,0,85.0
10109837MORETTIJ_2025-09-09_G19,10109837MORETTIJ,2025-09-09,141457,1,2,0,50.0
10109837MORETTIJ_2025-09-09_G20,10109837MORETTIJ,2025-09-09,107236,1,2,0,156.0
10109837MORETTIJ_2025-09-09_G21,10109837MORETTIJ,2025-09-09,117808,1,12,0,1278.0
10109837MORETTIJ_2025-09-09_G22,10109837MORETTIJ,2025-09-09,110374,1,4,0,40.0
10109837MORETTIJ_2025-09-09_G23,10109837MORETTIJ,2025-09-09,117820,1,4,0,43.0
10109837MORETTIJ_2025-09-09_G24,10109837MORETTIJ,2025-09-09,118299,1,36,0,256.0
10109837MORETTIJ_2025-09-09_G25,10109837MORETTIJ,2025-09-09,110372,1,8,0,81.0
10109837MORETTIJ_2025-09-09_G26,10109837MORETTIJ,2025-09-09,110373,1,8,0,121.0
10109837MORETTIJ_2025-09-09_G27,10109837MORETTIJ,2025-09-09,117830,1,8,0,127.0
10109837MORETTIJ_2025-09-09_G28,10109837MORETTIJ,2025-09-09,117809,1,8,0,54.0
10109837MORETTIJ_2025-09-09_G29,10109837MORETTIJ,2025-09-09,108795,1,4,0,2185.0
10109837MORETTIJ_2025-09-09_G30,10109837MORETTIJ,2025-09-09,110743,1,4,0,58.0
10109837MORETTIJ_2025-09-09_G31,10109837MORETTIJ,2025-09-09,111463,1,14,0,118.0
10109837MORETTIJ_2025-09-09_G32,10109837MORETTIJ,2025-09-09,111443,2,8,7,168.0
10109837MORETTIJ_2025-09-09_G33,10109837MORETTIJ,2025-09-09,141823,1,6,0,188.0
10109837MORETTIJ_2025-09-09_G34,10109837MORETTIJ,2025-09-09,111469,1,11,0,280.0
10109837MORETTIJ_2025-09-09_G35,10109837MORETTIJ,2025-09-09,111466,1,8,0,76.0
10109837MORETTIJ_2025-09-09_G36,10109837MORETTIJ,2025-09-09,117785,1,9,0,87.0
10109837MORETTIJ_2025-09-09_G37,10109837MORETTIJ,2025-09-09,117831,1,6,0,72.0
10109837MORETTIJ_2025-09-09_G38,10109837MORETTIJ,2025-09-09,111465,1,2,0,148.0
10109837MORETTIJ_2025-09-09_G39,10109837MORETTIJ,2025-09-09,111435,1,2,0,486.0
10109837MORETTIJ_2025-09-09_G40,10109837MORETTIJ,2025-09-09,111435,1,15,0,120.0
10109837MORETTIJ_2025-09-09_G41,10109837MORETTIJ,2025-09-09,108711,1,5,0,83.0
10109837MORETTIJ_2025-09-09_G42,10109837MORETTIJ,2025-09-09,109641,1,20,0,502.0
10109837MORETTIJ_2025-09-09_G43,10109837MORETTIJ,2025-09-09,117787,1,4,0,78.0
10109837MORETTIJ_2025-09-09_G44,10109837MORETTIJ,2025-09-09,110740,1,1,0,108.0
10109837MORETTIJ_2025-09-09_G46,10109837MORETTIJ,2025-09-09,117808,1,145,0,784.0
10109837MORETTIJ_2025-09-09_G47,10109837MORETTIJ,2025-09-09,116241,1,6,0,633.0
10109837MORETTIJ_2025-09-09_G48,10109837MORETTIJ,2025-09-09,118140,1,9,0,109.0
10109837MORETTIJ_2025-09-09_G49,10109837MORETTIJ,2025-09-09,111469,1,14,0,159.0
10109837MORETTIJ_2025-09-09_G50,10109837MORETTIJ,2025-09-09,110740,2,16,23,126.0
10109837MORETTIJ_2025-09-09_G51,10109837MORETTIJ,2025-09-09,111172,1,6,0,270.0
10109837MORETTIJ_2025-09-09_G52,10109837MORETTIJ,2025-09-09,117786,1,2,0,2222.0
10109837MORETTIJ_2025-09-09_G53,10109837MORETTIJ,2025-09-09,110733,1,4,0,117.0
10109837MORETTIJ_2025-09-09_G54,10109837MORETTIJ,2025-09-09,117855,1,4,0,81.0
10109837MORETTIJ_2025-09-09_G55,10109837MORETTIJ,2025-09-09,109640,1,2,0,113.0
10109837MORETTIJ_2025-09-09_G56,10109837MORETTIJ,2025-09-09,110515,1,3,0,81.0
10109837MORETTIJ_2025-09-09_G57,10109837MORETTIJ,2025-09-09,110755,1,3,0,927.0
10109837MORETTIJ_2025-09-09_G58,10109837MORETTIJ,2025-09-09,110374,1,16,0,586.0
10109837MORETTIJ_2025-09-09_G59,10109837MORETTIJ,2025-09-09,110372,1,13,0,165.0
10109837MORETTIJ_2025-09-09_G60,10109837MORETTIJ,2025-09-09,110371,1,17,0,193.0
10109837MORETTIJ_2025-09-09_G61,10109837MORETTIJ,2025-09-09,117832,1,2,0,435.0
10109837MORETTIJ_2025-09-09_G62,10109837MORETTIJ,2025-09-09,108711,1,2,0,70.0
10109837MORETTIJ_2025-09-09_G63,10109837MORETTIJ,2025-09-09,111418,1,17,0,163.0
10109837MORETTIJ_2025-09-09_G64,10109837MORETTIJ,2025-09-09,117785,1,4,0,192.0
10109837MORETTIJ_2025-09-09_G65,10109837MORETTIJ,2025-09-09,110740,1,4,0,98.0
10109837MORETTIJ_2025-09-09_G66,10109837MORETTIJ,2025-09-09,117856,1,4,0,205.0
10109837MORETTIJ_2025-09-09_G67,10109837MORETTIJ,2025-09-09,111530,1,1,0,61.0
10109837MORETTIJ_2025-09-09_G68,10109837MORETTIJ,2025-09-09,118222,1,5,0,202.0
10109837MORETTIJ_2025-09-09_G69,10109837MORETTIJ,2025-09-09,111469,1,5,0,436.0
10109837MORETTIJ_2025-09-09_G70,10109837MORETTIJ,2025-09-09,107830,1,6,0,772.0
10109837MORETTIJ_2025-09-09_G71,10109837MORETTIJ,2025-09-09,117808,1,9,0,68.0
10109837MORETTIJ_2025-09-09_G72,10109837MORETTIJ,2025-09-09,110374,1,7,0,85.0
10109837MORETTIJ_2025-09-09_G73,10109837MORETTIJ,2025-09-09,117820,1,4,0,35.0
10109837MORETTIJ_2025-09-09_G74,10109837MORETTIJ,2025-09-09,110372,2,20,8,98.0
10109837MORETTIJ_2025-09-09_G75,10109837MORETTIJ,2025-09-09,118299,1,28,0,352.0
10109837MORETTIJ_2025-09-10_G02,10109837MORETTIJ,2025-09-10,110741,1,2,0,74.0
10109837MORETTIJ_2025-09-10_G03,10109837MORETTIJ,2025-09-10,107629,1,2,0,62.0
10109837MORETTIJ_2025-09-10_G04,10109837MORETTIJ,2025-09-10,110733,1,1,0,77.0
10109837MORETTIJ_2025-09-10_G05,10109837MORETTIJ,2025-09-10,117855,1,2,0,87.0
10109837MORETTIJ_2025-09-10_G06,10109837MORETTIJ,2025-09-10,110515,1,8,0,152.0
10109837MORETTIJ_2025-09-10_G07,10109837MORETTIJ,2025-09-10,110374,1,2,0,92.0
10109837MORETTIJ_2025-09-10_G08,10109837MORETTIJ,2025-09-10,117830,1,2,0,168.0
10109837MORETTIJ_2025-09-10_G09,10109837MORETTIJ,2025-09-10,108794,1,4,0,363.0
10109837MORETTIJ_2025-09-10_G10,10109837MORETTIJ,2025-09-10,141457,1,2,0,56.0
10109837MORETTIJ_2025-09-10_G11,10109837MORETTIJ,2025-09-10,111469,1,1,0,80.0
10109837MORETTIJ_2025-09-10_G12,10109837MORETTIJ,2025-09-10,111466,1,4,0,48.0
10109837MORETTIJ_2025-09-10_G13,10109837MORETTIJ,2025-09-10,140922,1,7,0,117.0
10109837MORETTIJ_2025-09-10_G14,10109837MORETTIJ,2025-09-10,141458,1,2,0,78.0
10109837MORETTIJ_2025-09-10_G15,10109837MORETTIJ,2025-09-10,141271,1,2,0,51.0
10109837MORETTIJ_2025-09-10_G16,10109837MORETTIJ,2025-09-10,110515,1,3,0,533.0
10109837MORETTIJ_2025-09-10_G17,10109837MORETTIJ,2025-09-10,111172,1,4,0,93.0
10109837MORETTIJ_2025-09-10_G18,10109837MORETTIJ,2025-09-10,117808,1,4,0,65.0
10109837MORETTIJ_2025-09-10_G19,10109837MORETTIJ,2025-09-10,118253,1,7,0,231.0
10109837MORETTIJ_2025-09-10_G20,10109837MORETTIJ,2025-09-10,111569,1,16,0,2728.0
10109837MORETTIJ_2025-09-10_G21,10109837MORETTIJ,2025-09-10,118299,1,2,0,120.0
10109837MORETTIJ_2025-09-10_G22,10109837MORETTIJ,2025-09-10,110515,1,30,0,588.0
10109837MORETTIJ_2025-09-10_G23,10109837MORETTIJ,2025-09-10,111466,1,36,0,462.0
10109837MORETTIJ_2025-09-10_G24,10109837MORETTIJ,2025-09-10,117808,1,2,0,263.0
10109837MORETTIJ_2025-09-10_G25,10109837MORETTIJ,2025-09-10,111441,1,2,0,186.0
10109837MORETTIJ_2025-09-10_G26,10109837MORETTIJ,2025-09-10,110755,1,4,0,123.0
10109837MORETTIJ_2025-09-10_G27,10109837MORETTIJ,2025-09-10,110754,1,4,0,116.0
10109837MORETTIJ_2025-09-10_G28,10109837MORETTIJ,2025-09-10,111439,1,1,0,65.0
10109837MORETTIJ_2025-09-10_G29,10109837MORETTIJ,2025-09-10,111435,1,4,0,135.0
10109837MORETTIJ_2025-09-10_G30,10109837MORETTIJ,2025-09-10,111463,1,14,0,130.0
10109837MORETTIJ_2025-09-10_G31,10109837MORETTIJ,2025-09-10,111743,1,5,0,408.0
10109837MORETTIJ_2025-09-10_G32,10109837MORETTIJ,2025-09-10,111532,1,4,0,155.0
10109837MORETTIJ_2025-09-10_G33,10109837MORETTIJ,2025-09-10,111466,2,22,6,184.0
10109837MORETTIJ_2025-09-10_G34,10109837MORETTIJ,2025-09-10,117831,1,10,0,150.0
10109837MORETTIJ_2025-09-10_G35,10109837MORETTIJ,2025-09-10,118299,1,10,0,1191.0
10109837MORETTIJ_2025-09-10_G37,10109837MORETTIJ,2025-09-10,110373,1,4,0,92.0
10109837MORETTIJ_2025-09-10_G38,10109837MORETTIJ,2025-09-10,118299,1,2,0,43.0
10109837MORETTIJ_2025-09-10_G39,10109837MORETTIJ,2025-09-10,111430,1,2,0,134.0
10109837MORETTIJ_2025-09-10_G40,10109837MORETTIJ,2025-09-10,118222,1,2,0,196.0
10109837MORETTIJ_2025-09-10_G41,10109837MORETTIJ,2025-09-10,117855,1,2,0,230.0
10109837MORETTIJ_2025-09-10_G42,10109837MORETTIJ,2025-09-10,141823,1,2,0,325.0
10109837MORETTIJ_2025-09-10_G43,10109837MORETTIJ,2025-09-10,111469,1,2,0,157.0
10109837MORETTIJ_2025-09-10_G44,10109837MORETTIJ,2025-09-10,141823,1,2,0,1011.0
10109837MORETTIJ_2025-09-10_G45,10109837MORETTIJ,2025-09-10,111418,1,1,0,148.0
10109837MORETTIJ_2025-09-10_G46,10109837MORETTIJ,2025-09-10,111469,1,6,0,209.0
10109837MORETTIJ_2025-09-10_G47,10109837MORETTIJ,2025-09-10,111466,2,15,7,157.0
10109837MORETTIJ_2025-09-10_G48,10109837MORETTIJ,2025-09-10,117785,1,2,0,132.0
10109837MORETTIJ_2025-09-10_G49,10109837MORETTIJ,2025-09-10,110740,1,2,0,247.0
10109837MORETTIJ_2025-09-10_G50,10109837MORETTIJ,2025-09-10,111441,1,6,0,344.0
10109837MORETTIJ_2025-09-10_G51,10109837MORETTIJ,2025-09-10,111430,1,2,0,63.0
10109837MORETTIJ_2025-09-10_G52,10109837MORETTIJ,2025-09-10,111438,1,6,0,168.0
10109837MORETTIJ_2025-09-10_G53,10109837MORETTIJ,2025-09-10,118222,1,2,0,38.0
10109837MORETTIJ_2025-09-10_G54,10109837MORETTIJ,2025-09-10,141047,1,1,0,114.0
10109837MORETTIJ_2025-09-10_G55,10109837MORETTIJ,2025-09-10,110515,1,1,0,131.0
10109837MORETTIJ_2025-09-10_G56,10109837MORETTIJ,2025-09-10,110372,1,4,0,130.0
10109837MORETTIJ_2025-09-10_G57,10109837MORETTIJ,2025-09-10,110373,1,5,0,107.0
10109837MORETTIJ_2025-09-10_G58,10109837MORETTIJ,2025-09-10,111443,1,2,0,683.0
10109837MORETTIJ_2025-09-10_G59,10109837MORETTIJ,2025-09-10,111463,1,3,0,752.0
10109837MORETTIJ_2025-09-10_G60,10109837MORETTIJ,2025-09-10,118317,1,1,0,47.0
10109837MORETTIJ_2025-09-10_G61,10109837MORETTIJ,2025-09-10,118140,1,1,0,51.0
10109837MORETTIJ_2025-09-10_G62,10109837MORETTIJ,2025-09-10,111532,1,2,0,110.0
10109837MORETTIJ_2025-09-10_G63,10109837MORETTIJ,2025-09-10,141823,1,10,0,146.0
10109837MORETTIJ_2025-09-10_G64,10109837MORETTIJ,2025-09-10,111466,1,2,0,94.0
10109837MORETTIJ_2025-09-10_G65,10109837MORETTIJ,2025-09-10,117862,1,4,0,106.0
10109837MORETTIJ_2025-09-10_G66,10109837MORETTIJ,2025-09-10,111530,1,2,0,75.0
10109837MORETTIJ_2025-09-10_G67,10109837MORETTIJ,2025-09-10,110733,1,4,0,65.0
10109837MORETTIJ_2025-09-10_G68,10109837MORETTIJ,2025-09-10,110313,1,4,0,114.0
10109837MORETTIJ_2025-09-10_G69,10109837MORETTIJ,2025-09-10,110515,1,4,0,308.0
10109837MORETTIJ_2025-09-10_G70,10109837MORETTIJ,2025-09-10,110374,1,1,0,137.0
10109837MORETTIJ_2025-09-10_G71,10109837MORETTIJ,2025-09-10,110372,1,2,0,66.0
10109837MORETTIJ_2025-09-10_G72,10109837MORETTIJ,2025-09-10,118299,1,2,0,64.0
10109837MORETTIJ_2025-09-10_G73,10109837MORETTIJ,2025-09-10,111441,1,1,0,118.0
10109837MORETTIJ_2025-09-10_G74,10109837MORETTIJ,2025-09-10,118222,1,4,0,122.0
10109837MORETTIJ_2025-09-10_G75,10109837MORETTIJ,2025-09-10,141823,1,1,0,852.0
10109837MORETTIJ_2025-09-10_G76,10109837MORETTIJ,2025-09-10,111466,1,4,0,93.0
10109837MORETTIJ_2025-09-10_G77,10109837MORETTIJ,2025-09-10,117785,1,1,0,61.0
10109837MORETTIJ_2025-09-10_G78,10109837MORETTIJ,2025-09-10,117832,1,8,0,158.0
10109837MORETTIJ_2025-09-10_G79,10109837MORETTIJ,2025-09-10,110371,1,7,0,65.0
10109837MORETTIJ_2025-09-10_G80,10109837MORETTIJ,2025-09-10,110373,1,3,0,83.0
10109837MORETTIJ_2025-09-10_G81,10109837MORETTIJ,2025-09-10,117808,1,3,0,73.0
10109837MORETTIJ_2025-09-10_G82,10109837MORETTIJ,2025-09-10,118140,1,3,0,125.0
10109837MORETTIJ_2025-09-10_G83,10109837MORETTIJ,2025-09-10,111569,1,2,0,156.0
10109837MORETTIJ_2025-09-10_G84,10109837MORETTIJ,2025-09-10,118222,1,3,0,212.0
10109837MORETTIJ_2025-09-10_G85,10109837MORETTIJ,2025-09-10,111463,1,2,0,145.0
10109837MORETTIJ_2025-09-10_G86,10109837MORETTIJ,2025-09-10,141823,1,1,0,79.0
10109837MORETTIJ_2025-09-10_G87,10109837MORETTIJ,2025-09-10,111418,1,1,0,79.0
10109837MORETTIJ_2025-09-10_G88,10109837MORETTIJ,2025-09-10,111466,1,2,0,159.0
10109837MORETTIJ_2025-09-10_G89,10109837MORETTIJ,2025-09-10,110740,1,2,0,142.0
10109837MORETTIJ_2025-09-10_G90,10109837MORETTIJ,2025-09-10,111467,1,1,0,136.0
10109837MORETTIJ_2025-09-10_G91,10109837MORETTIJ,2025-09-10,110373,1,4,0,108.0
10109837MORETTIJ_2025-09-10_G92,10109837MORETTIJ,2025-09-10,118299,1,9,0,119.0
10109837MORETTIJ_2025-09-11_G02,10109837MORETTIJ,2025-09-11,111463,1,31,0,238.0
10109837MORETTIJ_2025-09-11_G03,10109837MORETTIJ,2025-09-11,109641,1,5,0,104.0
10109837MORETTIJ_2025-09-11_G04,10109837MORETTIJ,2025-09-11,110373,1,17,0,563.0
10109837MORETTIJ_2025-09-11_G05,10109837MORETTIJ,2025-09-11,117830,1,4,0,75.0
10109837MORETTIJ_2025-09-11_G06,10109837MORETTIJ,2025-09-11,118299,1,8,0,81.0
10109837MORETTIJ_2025-09-11_G07,10109837MORETTIJ,2025-09-11,109643,1,19,0,192.0
10109837MORETTIJ_2025-09-11_G08,10109837MORETTIJ,2025-09-11,111462,1,19,0,266.0
10109837MORETTIJ_2025-09-11_G09,10109837MORETTIJ,2025-09-11,118140,1,26,0,453.0
10109837MORETTIJ_2025-09-11_G10,10109837MORETTIJ,2025-09-11,118140,1,4,0,196.0
10109837MORETTIJ_2025-09-11_G11,10109837MORETTIJ,2025-09-11,111469,1,22,0,150.0
10109837MORETTIJ_2025-09-11_G12,10109837MORETTIJ,2025-09-11,111466,2,14,6,105.0
10109837MORETTIJ_2025-09-11_G13,10109837MORETTIJ,2025-09-11,111462,1,2,0,377.0
10109837MORETTIJ_2025-09-11_G14,10109837MORETTIJ,2025-09-11,111442,1,8,0,128.0
10109837MORETTIJ_2025-09-11_G15,10109837MORETTIJ,2025-09-11,110755,1,15,0,296.0
10109837MORETTIJ_2025-09-11_G16,10109837MORETTIJ,2025-09-11,111438,1,6,0,345.0
10109837MORETTIJ_2025-09-11_G17,10109837MORETTIJ,2025-09-11,111569,1,32,0,240.0
10109837MORETTIJ_2025-09-11_G18,10109837MORETTIJ,2025-09-11,110741,1,11,0,1126.0
10109837MORETTIJ_2025-09-11_G19,10109837MORETTIJ,2025-09-11,111433,1,1,0,1448.0
10109837MORETTIJ_2025-09-11_G20,10109837MORETTIJ,2025-09-11,118140,1,30,0,388.0
10109837MORETTIJ_2025-09-11_G21,10109837MORETTIJ,2025-09-11,"111442, 114100",2,15,17,167.0
10109837MORETTIJ_2025-09-11_G23,10109837MORETTIJ,2025-09-11,109645,1,20,0,2313.0
10109837MORETTIJ_2025-09-11_G24,10109837MORETTIJ,2025-09-11,111436,1,50,0,585.0
10109837MORETTIJ_2025-09-11_G25,10109837MORETTIJ,2025-09-11,110129,1,12,0,940.0
10109837MORETTIJ_2025-09-11_G26,10109837MORETTIJ,2025-09-11,111418,1,16,0,458.0
10109837MORETTIJ_2025-09-11_G27,10109837MORETTIJ,2025-09-11,111463,1,4,0,168.0
10109837MORETTIJ_2025-09-11_G28,10109837MORETTIJ,2025-09-11,111532,1,4,0,107.0
10109837MORETTIJ_2025-09-11_G29,10109837MORETTIJ,2025-09-11,141457,1,16,0,384.0
10109837MORETTIJ_2025-09-11_G30,10109837MORETTIJ,2025-09-11,111466,1,10,0,130.0
10109837MORETTIJ_2025-09-11_G31,10109837MORETTIJ,2025-09-11,111444,1,4,0,124.0
10109837MORETTIJ_2025-09-11_G32,10109837MORETTIJ,2025-09-11,109647,1,4,0,570.0
10109837MORETTIJ_2025-09-11_G33,10109837MORETTIJ,2025-09-11,117861,1,4,0,153.0
10109837MORETTIJ_2025-09-11_G34,10109837MORETTIJ,2025-09-11,111467,1,8,0,1246.0
10109837MORETTIJ_2025-09-11_G35,10109837MORETTIJ,2025-09-11,117853,1,4,0,75.0
10109837MORETTIJ_2025-09-11_G36,10109837MORETTIJ,2025-09-11,117855,1,30,0,190.0
10109837MORETTIJ_2025-09-11_G37,10109837MORETTIJ,2025-09-11,111439,1,8,0,212.0
10109837MORETTIJ_2025-09-11_G38,10109837MORETTIJ,2025-09-11,110753,1,2,0,179.0
10109837MORETTIJ_2025-09-11_G39,10109837MORETTIJ,2025-09-11,118094,1,8,0,513.0
10109837MORETTIJ_2025-09-11_G40,10109837MORETTIJ,2025-09-11,109640,1,6,0,144.0
10109837MORETTIJ_2025-09-11_G41,10109837MORETTIJ,2025-09-11,118222,1,8,0,389.0
10109837MORETTIJ_2025-09-11_G42,10109837MORETTIJ,2025-09-11,111437,1,2,0,289.0
10109837MORETTIJ_2025-09-11_G43,10109837MORETTIJ,2025-09-11,111437,1,6,0,75.0
10109837MORETTIJ_2025-09-11_G44,10109837MORETTIJ,2025-09-11,111441,1,4,0,160.0
10109837MORETTIJ_2025-09-11_G45,10109837MORETTIJ,2025-09-11,108759,1,4,0,292.0
10109837MORETTIJ_2025-09-11_G46,10109837MORETTIJ,2025-09-11,117834,1,4,0,161.0
10109837MORETTIJ_2025-09-11_G47,10109837MORETTIJ,2025-09-11,111655,1,4,0,249.0
10109837MORETTIJ_2025-09-12_G02,10109837MORETTIJ,2025-09-12,111433,1,4,0,89.0
10109837MORETTIJ_2025-09-12_G03,10109837MORETTIJ,2025-09-12,111532,1,10,0,211.0
10109837MORETTIJ_2025-09-12_G04,10109837MORETTIJ,2025-09-12,141823,1,2,0,41.0
10109837MORETTIJ_2025-09-12_G05,10109837MORETTIJ,2025-09-12,117821,1,8,0,58.0
10109837MORETTIJ_2025-09-12_G06,10109837MORETTIJ,2025-09-12,111431,1,4,0,49.0
10109837MORETTIJ_2025-09-12_G07,10109837MORETTIJ,2025-09-12,117842,2,4,7,49.0
10109837MORETTIJ_2025-09-12_G08,10109837MORETTIJ,2025-09-12,105705,2,10,7,124.0
10109837MORETTIJ_2025-09-12_G09,10109837MORETTIJ,2025-09-12,111469,1,30,0,401.0
10109837MORETTIJ_2025-09-12_G10,10109837MORETTIJ,2025-09-12,110374,1,10,0,179.0
10109837MORETTIJ_2025-09-12_G11,10109837MORETTIJ,2025-09-12,110371,1,4,0,77.0
10109837MORETTIJ_2025-09-12_G12,10109837MORETTIJ,2025-09-12,117830,1,4,0,42.0
10109837MORETTIJ_2025-09-12_G13,10109837MORETTIJ,2025-09-12,117830,1,16,0,148.0
10109837MORETTIJ_2025-09-12_G14,10109837MORETTIJ,2025-09-12,118299,1,40,0,1304.0
10109837MORETTIJ_2025-09-12_G15,10109837MORETTIJ,2025-09-12,115821,1,4,0,245.0
10109837MORETTIJ_2025-09-12_G16,10109837MORETTIJ,2025-09-12,117808,1,350,0,554.0
10109837MORETTIJ_2025-09-12_G17,10109837MORETTIJ,2025-09-12,160052,1,5,0,95.0
10109837MORETTIJ_2025-09-12_G18,10109837MORETTIJ,2025-09-12,160054,1,20,0,410.0
10109837MORETTIJ_2025-09-12_G19,10109837MORETTIJ,2025-09-12,160051,1,20,0,584.0
10109837MORETTIJ_2025-09-12_G20,10109837MORETTIJ,2025-09-12,110743,1,3,0,1388.0
10109837MORETTIJ_2025-09-12_G21,10109837MORETTIJ,2025-09-12,111435,1,20,0,221.0
10109837MORETTIJ_2025-09-12_G22,10109837MORETTIJ,2025-09-12,118317,1,6,0,122.0
10109837MORETTIJ_2025-09-12_G23,10109837MORETTIJ,2025-09-12,111443,1,12,0,267.0
10109837MORETTIJ_2025-09-12_G24,10109837MORETTIJ,2025-09-12,109641,1,8,0,142.0
10109837MORETTIJ_2025-09-12_G25,10109837MORETTIJ,2025-09-12,111743,1,20,0,358.0
10109837MORETTIJ_2025-09-12_G26,10109837MORETTIJ,2025-09-12,108798,1,5,0,89.0
10109837MORETTIJ_2025-09-12_G27,10109837MORETTIJ,2025-09-12,111431,1,12,0,259.0
10109837MORETTIJ_2025-09-12_G28,10109837MORETTIJ,2025-09-12,117842,1,4,0,105.0
10109837MORETTIJ_2025-09-12_G29,10109837MORETTIJ,2025-09-12,108794,1,12,0,153.0
10109837MORETTIJ_2025-09-12_G30,10109837MORETTIJ,2025-09-12,118223,1,4,0,92.0
10109837MORETTIJ_2025-09-12_G31,10109837MORETTIJ,2025-09-12,117831,1,20,0,353.0
10109837MORETTIJ_2025-09-12_G32,10109837MORETTIJ,2025-09-12,111444,1,16,0,136.0
10109837MORETTIJ_2025-09-12_G33,10109837MORETTIJ,2025-09-12,110745,1,20,0,229.0
10109837MORETTIJ_2025-09-12_G34,10109837MORETTIJ,2025-09-12,111446,2,16,11,1147.0
10109837MORETTIJ_2025-09-12_G35,10109837MORETTIJ,2025-09-12,111463,1,1,0,214.0
10109837MORETTIJ_2025-09-12_G36,10109837MORETTIJ,2025-09-12,111463,1,4,0,37.0
10109837MORETTIJ_2025-09-12_G37,10109837MORETTIJ,2025-09-12,109641,1,6,0,147.0
10109837MORETTIJ_2025-09-12_G39,10109837MORETTIJ,2025-09-12,111469,1,38,0,1128.0
10109837MORETTIJ_2025-09-12_G40,10109837MORETTIJ,2025-09-12,111469,2,12,10,212.0
10109837MORETTIJ_2025-09-12_G41,10109837MORETTIJ,2025-09-12,140922,1,2,0,267.0
10109837MORETTIJ_2025-09-12_G42,10109837MORETTIJ,2025-09-12,110740,1,4,0,84.0
10109837MORETTIJ_2025-09-12_G43,10109837MORETTIJ,2025-09-12,117854,1,2,0,179.0
10109837MORETTIJ_2025-09-12_G44,10109837MORETTIJ,2025-09-12,117862,1,4,0,84.0
10109837MORETTIJ_2025-09-12_G45,10109837MORETTIJ,2025-09-12,111182,1,2,0,144.0
10109837MORETTIJ_2025-09-12_G46,10109837MORETTIJ,2025-09-12,117854,2,6,7,617.0
10109837MORETTIJ_2025-09-12_G47,10109837MORETTIJ,2025-09-12,111418,1,20,0,1403.0
10109837MORETTIJ_2025-09-12_G48,10109837MORETTIJ,2025-09-12,111463,1,10,0,88.0
10109837MORETTIJ_2025-09-12_G49,10109837MORETTIJ,2025-09-12,117821,1,4,0,178.0
10109837MORETTIJ_2025-09-12_G50,10109837MORETTIJ,2025-09-12,141457,1,10,0,102.0
10109837MORETTIJ_2025-09-12_G51,10109837MORETTIJ,2025-09-12,111462,1,8,0,101.0
10109837MORETTIJ_2025-09-12_G52,10109837MORETTIJ,2025-09-12,141458,1,20,0,177.0
10109837MORETTIJ_2025-09-12_G53,10109837MORETTIJ,2025-09-12,117861,1,8,0,360.0
10109837MORETTIJ_2025-09-12_G54,10109837MORETTIJ,2025-09-12,141047,1,4,0,84.0
10109837MORETTIJ_2025-09-12_G55,10109837MORETTIJ,2025-09-12,117785,1,4,0,291.0
10109837MORETTIJ_2025-09-12_G56,10109837MORETTIJ,2025-09-12,111418,1,4,0,104.0
10109837MORETTIJ_2025-09-12_G57,10109837MORETTIJ,2025-09-12,108794,1,3,0,121.0
10109837MORETTIJ_2025-09-12_G58,10109837MORETTIJ,2025-09-12,"111469, 111466",2,12,15,94.0
10109837MORETTIJ_2025-09-12_G59,10109837MORETTIJ,2025-09-12,117831,1,4,0,120.0
10109837MORETTIJ_2025-09-12_G60,10109837MORETTIJ,2025-09-12,111348,1,2,0,40.0
10109837MORETTIJ_2025-09-12_G61,10109837MORETTIJ,2025-09-12,140922,1,4,0,65.0
10109837MORETTIJ_2025-09-12_G62,10109837MORETTIJ,2025-09-12,110740,1,4,0,88.0
10109837MORETTIJ_2025-09-12_G63,10109837MORETTIJ,2025-09-12,111441,1,8,0,216.0
10109837MORETTIJ_2025-09-12_G64,10109837MORETTIJ,2025-09-12,111438,1,15,0,331.0
10109837MORETTIJ_2025-09-12_G65,10109837MORETTIJ,2025-09-12,111447,1,2,0,404.0
10109837MORETTIJ_2025-09-12_G66,10109837MORETTIJ,2025-09-12,110534,1,2,0,133.0
10109837MORETTIJ_2025-09-12_G67,10109837MORETTIJ,2025-09-12,141318,1,4,0,736.0
10109837MORETTIJ_2025-09-12_G68,10109837MORETTIJ,2025-09-12,117832,1,10,0,1210.0
10109837MORETTIJ_2025-09-12_G69,10109837MORETTIJ,2025-09-12,110375,1,10,0,164.0
10109837MORETTIJ_2025-09-12_G70,10109837MORETTIJ,2025-09-12,110376,1,10,0,130.0
10109837MORETTIJ_2025-09-12_G71,10109837MORETTIJ,2025-09-12,108798,1,10,0,174.0
10109837MORETTIJ_2025-09-12_G72,10109837MORETTIJ,2025-09-12,117787,1,10,0,103.0
10109837MORETTIJ_2025-09-12_G73,10109837MORETTIJ,2025-09-12,110748,1,2,0,126.0
10109837MORETTIJ_2025-09-12_G74,10109837MORETTIJ,2025-09-12,111348,1,10,0,179.0
10109837MORETTIJ_2025-09-13_G02,10109837MORETTIJ,2025-09-13,118317,1,5,0,186.0
10109837MORETTIJ_2025-09-13_G03,10109837MORETTIJ,2025-09-13,109641,1,4,0,86.0
10109837MORETTIJ_2025-09-13_G04,10109837MORETTIJ,2025-09-13,117842,1,4,0,102.0
10109837MORETTIJ_2025-09-13_G05,10109837MORETTIJ,2025-09-13,109645,1,2,0,41.0
10109837MORETTIJ_2025-09-13_G06,10109837MORETTIJ,2025-09-13,108794,1,4,0,158.0
10109837MORETTIJ_2025-09-13_G07,10109837MORETTIJ,2025-09-13,118223,1,6,0,102.0
10109837MORETTIJ_2025-09-13_G08,10109837MORETTIJ,2025-09-13,117833,1,3,0,94.0
10109837MORETTIJ_2025-09-13_G09,10109837MORETTIJ,2025-09-13,111442,1,4,0,35.0
10109837MORETTIJ_2025-09-13_G10,10109837MORETTIJ,2025-09-13,140922,1,12,0,347.0
10109837MORETTIJ_2025-09-13_G11,10109837MORETTIJ,2025-09-13,111444,1,10,0,91.0
10109837MORETTIJ_2025-09-13_G12,10109837MORETTIJ,2025-09-13,111468,1,10,0,92.0
10109837MORETTIJ_2025-09-13_G13,10109837MORETTIJ,2025-09-13,110745,1,1,0,80.0
10109837MORETTIJ_2025-09-13_G14,10109837MORETTIJ,2025-09-13,111465,1,5,0,54.0
10109837MORETTIJ_2025-09-13_G15,10109837MORETTIJ,2025-09-13,111172,1,6,0,240.0
10109837MORETTIJ_2025-09-13_G16,10109837MORETTIJ,2025-09-13,111463,1,50,0,298.0
10109837MORETTIJ_2025-09-13_G17,10109837MORETTIJ,2025-09-13,118140,1,30,0,640.0
10109837MORETTIJ_2025-09-13_G18,10109837MORETTIJ,2025-09-13,111466,1,50,0,455.0
10109837MORETTIJ_2025-09-13_G19,10109837MORETTIJ,2025-09-13,141456,1,50,0,592.0
10109837MORETTIJ_2025-09-13_G20,10109837MORETTIJ,2025-09-13,109643,1,2,0,2390.0
10109837MORETTIJ_2025-09-13_G21,10109837MORETTIJ,2025-09-13,117935,1,1,0,424.0
10109837MORETTIJ_2025-09-13_G22,10109837MORETTIJ,2025-09-13,111433,1,8,0,792.0
10109837MORETTIJ_2025-09-13_G23,10109837MORETTIJ,2025-09-13,111443,1,8,0,131.0
10109837MORETTIJ_2025-09-13_G24,10109837MORETTIJ,2025-09-13,108798,1,4,0,79.0
10109837MORETTIJ_2025-09-13_G25,10109837MORETTIJ,2025-09-13,141823,1,8,0,111.0
10109837MORETTIJ_2025-09-13_G26,10109837MORETTIJ,2025-09-13,117821,1,8,0,74.0
10109837MORETTIJ_2025-09-13_G27,10109837MORETTIJ,2025-09-13,109645,1,12,0,155.0
10109837MORETTIJ_2025-09-13_G28,10109837MORETTIJ,2025-09-13,105705,1,8,0,94.0
10109837MORETTIJ_2025-09-13_G29,10109837MORETTIJ,2025-09-13,117833,1,4,0,136.0
10109837MORETTIJ_2025-09-13_G30,10109837MORETTIJ,2025-09-13,140922,1,12,0,190.0
10109837MORETTIJ_2025-09-13_G31,10109837MORETTIJ,2025-09-13,110740,1,12,0,986.0
10109837MORETTIJ_2025-09-13_G32,10109837MORETTIJ,2025-09-13,141066,1,8,0,313.0
10109837MORETTIJ_2025-09-13_G33,10109837MORETTIJ,2025-09-13,117786,1,12,0,137.0
10109837MORETTIJ_2025-09-13_G34,10109837MORETTIJ,2025-09-13,117862,1,12,0,216.0
10109837MORETTIJ_2025-09-13_G35,10109837MORETTIJ,2025-09-13,107629,1,8,0,165.0
10109837MORETTIJ_2025-09-13_G36,10109837MORETTIJ,2025-09-13,111467,1,20,0,288.0
10109837MORETTIJ_2025-09-13_G37,10109837MORETTIJ,2025-09-13,117965,1,8,0,163.0
10109837MORETTIJ_2025-09-13_G38,10109837MORETTIJ,2025-09-13,110733,1,15,0,129.0
10109837MORETTIJ_2025-09-13_G39,10109837MORETTIJ,2025-09-13,117853,1,10,0,317.0
10109837MORETTIJ_2025-09-13_G40,10109837MORETTIJ,2025-09-13,118094,1,20,0,554.0
10109837MORETTIJ_2025-09-13_G41,10109837MORETTIJ,2025-09-13,117837,1,8,0,122.0
10109837MORETTIJ_2025-09-13_G42,10109837MORETTIJ,2025-09-13,117935,1,8,0,388.0
10109837MORETTIJ_2025-09-13_G43,10109837MORETTIJ,2025-09-13,108759,1,8,0,184.0
10109837MORETTIJ_2025-09-13_G44,10109837MORETTIJ,2025-09-13,111430,1,4,0,314.0
10109837MORETTIJ_2025-09-13_G45,10109837MORETTIJ,2025-09-13,100334,1,8,0,440.0
10109837MORETTIJ_2025-09-13_G47,10109837MORETTIJ,2025-09-13,118280,1,6,0,92.0
10109837MORETTIJ_2025-09-13_G48,10109837MORETTIJ,2025-09-13,111110,1,3,0,57.0
10109837MORETTIJ_2025-09-13_G49,10109837MORETTIJ,2025-09-13,107892,1,4,0,178.0
10109837MORETTIJ_2025-09-13_G50,10109837MORETTIJ,2025-09-13,111441,1,8,0,2439.0
10109837MORETTIJ_2025-09-13_G51,10109837MORETTIJ,2025-09-13,111462,2,10,6,232.0
10109837MORETTIJ_2025-09-13_G52,10109837MORETTIJ,2025-09-13,117856,1,11,0,96.0
10109837MORETTIJ_2025-09-13_G53,10109837MORETTIJ,2025-09-13,117856,1,12,0,944.0
10109837MORETTIJ_2025-09-13_G54,10109837MORETTIJ,2025-09-13,111172,1,3,0,104.0
10109837MORETTIJ_2025-09-15_G02,10109837MORETTIJ,2025-09-15,110372,1,3,0,111.0
10109837MORETTIJ_2025-09-15_G03,10109837MORETTIJ,2025-09-15,117832,1,10,0,59.0
10109837MORETTIJ_2025-09-15_G04,10109837MORETTIJ,2025-09-15,111467,1,3,0,268.0
10109837MORETTIJ_2025-09-15_G05,10109837MORETTIJ,2025-09-15,105242,1,3,0,111.0
10109837MORETTIJ_2025-09-15_G06,10109837MORETTIJ,2025-09-15,118299,1,100,0,1117.0
10109837MORETTIJ_2025-09-15_G07,10109837MORETTIJ,2025-09-15,118299,1,100,0,280.0
10109837MORETTIJ_2025-09-15_G08,10109837MORETTIJ,2025-09-15,110372,1,2,0,96.0
10109837MORETTIJ_2025-09-15_G09,10109837MORETTIJ,2025-09-15,117820,1,10,0,518.0
10109837MORETTIJ_2025-09-15_G10,10109837MORETTIJ,2025-09-15,110376,1,2,0,54.0
10109837MORETTIJ_2025-09-15_G11,10109837MORETTIJ,2025-09-15,111530,1,42,0,901.0
10109837MORETTIJ_2025-09-15_G12,10109837MORETTIJ,2025-09-15,111602,1,46,0,871.0
10109837MORETTIJ_2025-09-15_G13,10109837MORETTIJ,2025-09-15,109640,1,13,0,282.0
10109837MORETTIJ_2025-09-15_G14,10109837MORETTIJ,2025-09-15,111463,1,11,0,2195.0
10109837MORETTIJ_2025-09-15_G15,10109837MORETTIJ,2025-09-15,109641,1,4,0,153.0
10109837MORETTIJ_2025-09-15_G16,10109837MORETTIJ,2025-09-15,111743,1,8,0,114.0
10109837MORETTIJ_2025-09-15_G17,10109837MORETTIJ,2025-09-15,118140,1,2,0,81.0
10109837MORETTIJ_2025-09-15_G18,10109837MORETTIJ,2025-09-15,111466,1,14,0,133.0
10109837MORETTIJ_2025-09-15_G19,10109837MORETTIJ,2025-09-15,117833,1,2,0,78.0
10109837MORETTIJ_2025-09-15_G20,10109837MORETTIJ,2025-09-15,117831,1,8,0,97.0
10109837MORETTIJ_2025-09-15_G21,10109837MORETTIJ,2025-09-15,111465,1,1,0,44.0
10109837MORETTIJ_2025-09-15_G22,10109837MORETTIJ,2025-09-15,111172,1,4,0,74.0
10109837MORETTIJ_2025-09-15_G23,10109837MORETTIJ,2025-09-15,117786,1,2,0,73.0
10109837MORETTIJ_2025-09-15_G24,10109837MORETTIJ,2025-09-15,107629,1,2,0,192.0
10109837MORETTIJ_2025-09-15_G25,10109837MORETTIJ,2025-09-15,118094,1,4,0,106.0
10109837MORETTIJ_2025-09-15_G26,10109837MORETTIJ,2025-09-15,109643,1,6,0,339.0
10109837MORETTIJ_2025-09-15_G27,10109837MORETTIJ,2025-09-15,110374,1,7,0,71.0
10109837MORETTIJ_2025-09-15_G28,10109837MORETTIJ,2025-09-15,110373,1,19,0,180.0
10109837MORETTIJ_2025-09-15_G29,10109837MORETTIJ,2025-09-15,117832,1,5,0,85.0
10109837MORETTIJ_2025-09-15_G30,10109837MORETTIJ,2025-09-15,110372,1,43,0,837.0
10109837MORETTIJ_2025-09-15_G31,10109837MORETTIJ,2025-09-15,105242,1,2,0,445.0
10109837MORETTIJ_2025-09-15_G33,10109837MORETTIJ,2025-09-15,109641,1,10,0,168.0
10109837MORETTIJ_2025-09-15_G34,10109837MORETTIJ,2025-09-15,116527,1,48,0,821.0
10109837MORETTIJ_2025-09-15_G35,10109837MORETTIJ,2025-09-15,109640,1,20,0,1310.0
10109837MORETTIJ_2025-09-15_G36,10109837MORETTIJ,2025-09-15,111172,1,13,0,370.0
10109837MORETTIJ_2025-09-15_G37,10109837MORETTIJ,2025-09-15,111466,1,50,0,723.0
10109837MORETTIJ_2025-09-15_G38,10109837MORETTIJ,2025-09-15,110582,1,4,0,421.0
10109837MORETTIJ_2025-09-15_G39,10109837MORETTIJ,2025-09-15,110787,1,7,0,87.0
10109837MORETTIJ_2025-09-15_G40,10109837MORETTIJ,2025-09-15,110733,1,4,0,301.0
10109837MORETTIJ_2025-09-15_G41,10109837MORETTIJ,2025-09-15,108795,1,1,0,53.0
10109837MORETTIJ_2025-09-15_G42,10109837MORETTIJ,2025-09-15,107236,1,2,0,79.0
10109837MORETTIJ_2025-09-15_G43,10109837MORETTIJ,2025-09-15,111462,1,6,0,46.0
10109837MORETTIJ_2025-09-15_G44,10109837MORETTIJ,2025-09-15,110371,1,2,0,67.0
10109837MORETTIJ_2025-09-15_G45,10109837MORETTIJ,2025-09-15,110515,1,8,0,167.0
10109837MORETTIJ_2025-09-15_G46,10109837MORETTIJ,2025-09-15,117862,1,15,0,610.0
10109837MORETTIJ_2025-09-15_G47,10109837MORETTIJ,2025-09-15,109645,1,70,0,1032.0
10109837MORETTIJ_2025-09-15_G48,10109837MORETTIJ,2025-09-15,111743,1,29,0,355.0
10109837MORETTIJ_2025-09-15_G49,10109837MORETTIJ,2025-09-15,110515,1,200,0,2846.0
10109837MORETTIJ_2025-09-15_G50,10109837MORETTIJ,2025-09-15,110745,1,300,0,963.0
10109837MORETTIJ_2025-09-16_G02,10109837MORETTIJ,2025-09-16,110787,1,3,0,59.0
10109837MORETTIJ_2025-09-16_G03,10109837MORETTIJ,2025-09-16,111602,1,3,0,256.0
10109837MORETTIJ_2025-09-16_G04,10109837MORETTIJ,2025-09-16,109643,1,20,0,624.0
10109837MORETTIJ_2025-09-16_G05,10109837MORETTIJ,2025-09-16,110372,1,20,0,148.0
10109837MORETTIJ_2025-09-16_G06,10109837MORETTIJ,2025-09-16,110374,1,20,0,175.0
10109837MORETTIJ_2025-09-16_G07,10109837MORETTIJ,2025-09-16,110371,1,10,0,259.0
10109837MORETTIJ_2025-09-16_G08,10109837MORETTIJ,2025-09-16,117820,1,20,0,233.0
10109837MORETTIJ_2025-09-16_G09,10109837MORETTIJ,2025-09-16,117822,1,4,0,143.0
10109837MORETTIJ_2025-09-16_G10,10109837MORETTIJ,2025-09-16,111441,1,1,0,1629.0
10109837MORETTIJ_2025-09-16_G11,10109837MORETTIJ,2025-09-16,107629,1,4,0,137.0
10109837MORETTIJ_2025-09-16_G12,10109837MORETTIJ,2025-09-16,117855,1,2,0,105.0
10109837MORETTIJ_2025-09-16_G13,10109837MORETTIJ,2025-09-16,117830,1,2,0,131.0
10109837MORETTIJ_2025-09-16_G14,10109837MORETTIJ,2025-09-16,141202,1,2,0,37.0
10109837MORETTIJ_2025-09-16_G15,10109837MORETTIJ,2025-09-16,116241,1,2,0,442.0
10109837MORETTIJ_2025-09-16_G16,10109837MORETTIJ,2025-09-16,111418,1,8,0,150.0
10109837MORETTIJ_2025-09-16_G17,10109837MORETTIJ,2025-09-16,141456,1,4,0,100.0
10109837MORETTIJ_2025-09-16_G18,10109837MORETTIJ,2025-09-16,110740,1,4,0,157.0
10109837MORETTIJ_2025-09-16_G19,10109837MORETTIJ,2025-09-16,109649,1,2,0,377.0
10109837MORETTIJ_2025-09-16_G20,10109837MORETTIJ,2025-09-16,117809,1,2,0,252.0
10109837MORETTIJ_2025-09-16_G21,10109837MORETTIJ,2025-09-16,110372,1,4,0,133.0
10109837MORETTIJ_2025-09-16_G22,10109837MORETTIJ,2025-09-16,110373,1,14,0,180.0
10109837MORETTIJ_2025-09-16_G23,10109837MORETTIJ,2025-09-16,110371,1,4,0,211.0
10109837MORETTIJ_2025-09-16_G24,10109837MORETTIJ,2025-09-16,117808,1,16,0,123.0
10109837MORETTIJ_2025-09-16_G25,10109837MORETTIJ,2025-09-16,118299,1,2,0,185.0
10109837MORETTIJ_2025-09-16_G26,10109837MORETTIJ,2025-09-16,117830,1,2,0,166.0
10109837MORETTIJ_2025-09-16_G27,10109837MORETTIJ,2025-09-16,141457,1,6,0,982.0
10109837MORETTIJ_2025-09-16_G28,10109837MORETTIJ,2025-09-16,117785,1,2,0,90.0
10109837MORETTIJ_2025-09-16_G29,10109837MORETTIJ,2025-09-16,110751,1,2,0,43.0
10109837MORETTIJ_2025-09-16_G30,10109837MORETTIJ,2025-09-16,117821,1,2,0,78.0
10109837MORETTIJ_2025-09-16_G31,10109837MORETTIJ,2025-09-16,111469,1,2,0,64.0
10109837MORETTIJ_2025-09-16_G32,10109837MORETTIJ,2025-09-16,140922,1,2,0,113.0
10109837MORETTIJ_2025-09-16_G33,10109837MORETTIJ,2025-09-16,117786,1,1,0,107.0
10109837MORETTIJ_2025-09-16_G34,10109837MORETTIJ,2025-09-16,109640,1,2,0,159.0
10109837MORETTIJ_2025-09-16_G35,10109837MORETTIJ,2025-09-16,118094,1,2,0,110.0
10109837MORETTIJ_2025-09-16_G36,10109837MORETTIJ,2025-09-16,118140,1,8,0,336.0
10109837MORETTIJ_2025-09-16_G37,10109837MORETTIJ,2025-09-16,110373,1,30,0,388.0
10109837MORETTIJ_2025-09-16_G38,10109837MORETTIJ,2025-09-16,110375,1,1,0,88.0
10109837MORETTIJ_2025-09-16_G39,10109837MORETTIJ,2025-09-16,110376,1,4,0,143.0
10109837MORETTIJ_2025-09-16_G40,10109837MORETTIJ,2025-09-16,141202,1,6,0,87.0
10109837MORETTIJ_2025-09-16_G41,10109837MORETTIJ,2025-09-16,117822,1,2,0,62.0
10109837MORETTIJ_2025-09-16_G42,10109837MORETTIJ,2025-09-16,110372,1,9,0,761.0
10109837MORETTIJ_2025-09-16_G44,10109837MORETTIJ,2025-09-16,117808,1,6,0,189.0
10109837MORETTIJ_2025-09-16_G45,10109837MORETTIJ,2025-09-16,117830,1,6,0,102.0
10109837MORETTIJ_2025-09-16_G46,10109837MORETTIJ,2025-09-16,118299,1,11,0,87.0
10109837MORETTIJ_2025-09-16_G47,10109837MORETTIJ,2025-09-16,111430,1,2,0,321.0
10109837MORETTIJ_2025-09-17_G02,10109837MORETTIJ,2025-09-17,110733,1,4,0,78.0
10109837MORETTIJ_2025-09-17_G03,10109837MORETTIJ,2025-09-17,117853,1,2,0,42.0
10109837MORETTIJ_2025-09-17_G04,10109837MORETTIJ,2025-09-17,141047,1,2,0,71.0
10109837MORETTIJ_2025-09-17_G05,10109837MORETTIJ,2025-09-17,117855,1,5,0,55.0
10109837MORETTIJ_2025-09-17_G06,10109837MORETTIJ,2025-09-17,111467,1,14,0,210.0
10109837MORETTIJ_2025-09-17_G07,10109837MORETTIJ,2025-09-17,117786,1,8,0,111.0
10109837MORETTIJ_2025-09-17_G08,10109837MORETTIJ,2025-09-17,109640,1,5,0,107.0
10109837MORETTIJ_2025-09-17_G09,10109837MORETTIJ,2025-09-17,110313,1,6,0,77.0
10109837MORETTIJ_2025-09-17_G10,10109837MORETTIJ,2025-09-17,110750,1,2,0,317.0
10109837MORETTIJ_2025-09-17_G11,10109837MORETTIJ,2025-09-17,111438,1,6,0,189.0
10109837MORETTIJ_2025-09-17_G12,10109837MORETTIJ,2025-09-17,110742,1,6,0,140.0
10109837MORETTIJ_2025-09-17_G13,10109837MORETTIJ,2025-09-17,111569,1,10,0,360.0
10109837MORETTIJ_2025-09-17_G14,10109837MORETTIJ,2025-09-17,110373,1,40,0,677.0
10109837MORETTIJ_2025-09-17_G15,10109837MORETTIJ,2025-09-17,117832,1,4,0,140.0
10109837MORETTIJ_2025-09-17_G16,10109837MORETTIJ,2025-09-17,"117830, 141202",2,3,29,86.0
10109837MORETTIJ_2025-09-17_G17,10109837MORETTIJ,2025-09-17,118299,1,36,0,190.0
10109837MORETTIJ_2025-09-17_G18,10109837MORETTIJ,2025-09-17,141457,1,10,0,1441.0
10109837MORETTIJ_2025-09-17_G19,10109837MORETTIJ,2025-09-17,118140,1,10,0,113.0
10109837MORETTIJ_2025-09-17_G20,10109837MORETTIJ,2025-09-17,117785,1,30,0,196.0
10109837MORETTIJ_2025-09-17_G21,10109837MORETTIJ,2025-09-17,117785,1,11,0,750.0
10109837MORETTIJ_2025-09-17_G22,10109837MORETTIJ,2025-09-17,111463,1,20,0,349.0
10109837MORETTIJ_2025-09-17_G23,10109837MORETTIJ,2025-09-17,118317,1,2,0,89.0
10109837MORETTIJ_2025-09-17_G24,10109837MORETTIJ,2025-09-17,111418,1,20,0,257.0
10109837MORETTIJ_2025-09-17_G25,10109837MORETTIJ,2025-09-17,111743,1,5,0,90.0
10109837MORETTIJ_2025-09-17_G26,10109837MORETTIJ,2025-09-17,117821,1,20,0,167.0
10109837MORETTIJ_2025-09-17_G27,10109837MORETTIJ,2025-09-17,117787,1,5,0,204.0
10109837MORETTIJ_2025-09-17_G28,10109837MORETTIJ,2025-09-17,111532,1,10,0,499.0
10109837MORETTIJ_2025-09-17_G29,10109837MORETTIJ,2025-09-17,111330,1,13,0,580.0
10109837MORETTIJ_2025-09-17_G30,10109837MORETTIJ,2025-09-17,141456,1,10,0,313.0
10109837MORETTIJ_2025-09-17_G31,10109837MORETTIJ,2025-09-17,108794,1,8,0,81.0
10109837MORETTIJ_2025-09-17_G32,10109837MORETTIJ,2025-09-17,105705,1,4,0,59.0
10109837MORETTIJ_2025-09-17_G33,10109837MORETTIJ,2025-09-17,111466,1,10,0,268.0
10109837MORETTIJ_2025-09-17_G34,10109837MORETTIJ,2025-09-17,141458,1,20,0,565.0
10109837MORETTIJ_2025-09-17_G35,10109837MORETTIJ,2025-09-17,117831,1,20,0,139.0
10109837MORETTIJ_2025-09-17_G36,10109837MORETTIJ,2025-09-17,110745,1,6,0,107.0
10109837MORETTIJ_2025-09-17_G37,10109837MORETTIJ,2025-09-17,111330,1,6,0,657.0
10109837MORETTIJ_2025-09-17_G38,10109837MORETTIJ,2025-09-17,118306,1,8,0,352.0
10109837MORETTIJ_2025-09-17_G39,10109837MORETTIJ,2025-09-17,111462,1,10,0,724.0
10109837MORETTIJ_2025-09-17_G40,10109837MORETTIJ,2025-09-17,117935,1,12,0,163.0
10109837MORETTIJ_2025-09-17_G41,10109837MORETTIJ,2025-09-17,109640,1,10,0,237.0
10109837MORETTIJ_2025-09-17_G42,10109837MORETTIJ,2025-09-17,110313,1,12,0,143.0
10109837MORETTIJ_2025-09-17_G44,10109837MORETTIJ,2025-09-17,117862,1,140,0,575.0
10109837MORETTIJ_2025-09-17_G45,10109837MORETTIJ,2025-09-17,117853,1,68,0,215.0
10109837MORETTIJ_2025-09-17_G46,10109837MORETTIJ,2025-09-17,117786,1,77,0,239.0
10109837MORETTIJ_2025-09-17_G47,10109837MORETTIJ,2025-09-17,110313,1,100,0,367.0
10109837MORETTIJ_2025-09-17_G48,10109837MORETTIJ,2025-09-17,117856,1,60,0,766.0
10109837MORETTIJ_2025-09-17_G49,10109837MORETTIJ,2025-09-17,118317,1,6,0,1288.0
10109837MORETTIJ_2025-09-17_G50,10109837MORETTIJ,2025-09-17,108711,1,12,0,84.0
10109837MORETTIJ_2025-09-17_G51,10109837MORETTIJ,2025-09-17,160055,1,4,0,63.0
10109837MORETTIJ_2025-09-17_G52,10109837MORETTIJ,2025-09-17,111743,1,8,0,123.0
10109837MORETTIJ_2025-09-17_G53,10109837MORETTIJ,2025-09-17,117821,1,24,0,109.0
10109837MORETTIJ_2025-09-17_G54,10109837MORETTIJ,2025-09-17,141456,1,14,0,172.0
10109837MORETTIJ_2025-09-17_G55,10109837MORETTIJ,2025-09-17,108794,1,10,0,68.0
10109837MORETTIJ_2025-09-17_G56,10109837MORETTIJ,2025-09-17,118140,1,30,0,715.0
10109837MORETTIJ_2025-09-17_G57,10109837MORETTIJ,2025-09-17,110740,1,12,0,360.0
10109837MORETTIJ_2025-09-17_G58,10109837MORETTIJ,2025-09-17,110745,1,12,0,155.0
10109837MORETTIJ_2025-09-17_G59,10109837MORETTIJ,2025-09-17,111466,1,50,0,314.0
10109837MORETTIJ_2025-09-17_G60,10109837MORETTIJ,2025-09-17,111418,1,100,0,496.0
10109837MORETTIJ_2025-09-17_G61,10109837MORETTIJ,2025-09-17,111469,1,40,0,369.0
10109837MORETTIJ_2025-09-17_G62,10109837MORETTIJ,2025-09-17,110313,1,4,0,318.0
10109837MORETTIJ_2025-09-17_G63,10109837MORETTIJ,2025-09-17,111876,1,8,0,156.0
10109837MORETTIJ_2025-09-17_G64,10109837MORETTIJ,2025-09-17,110741,1,4,0,59.0
10109837MORETTIJ_2025-09-17_G65,10109837MORETTIJ,2025-09-17,117853,1,12,0,1744.0
10109837MORETTIJ_2025-09-17_G66,10109837MORETTIJ,2025-09-17,141047,1,6,0,87.0
10109837MORETTIJ_2025-09-17_G67,10109837MORETTIJ,2025-09-17,117855,1,14,0,292.0
10109837MORETTIJ_2025-09-17_G68,10109837MORETTIJ,2025-09-17,111467,1,4,0,118.0
10109837MORETTIJ_2025-09-17_G69,10109837MORETTIJ,2025-09-17,117786,1,10,0,336.0
10109837MORETTIJ_2025-09-17_G70,10109837MORETTIJ,2025-09-17,109640,1,10,0,323.0
10109837MORETTIJ_2025-09-17_G71,10109837MORETTIJ,2025-09-17,118299,1,200,0,616.0
10109837MORETTIJ_2025-09-19_G02,10109837MORETTIJ,2025-09-19,141066,2,30,29,238.0
10109837MORETTIJ_2025-09-19_G03,10109837MORETTIJ,2025-09-19,111876,1,20,0,260.0
10109837MORETTIJ_2025-09-19_G04,10109837MORETTIJ,2025-09-19,107629,1,5,0,125.0
10109837MORETTIJ_2025-09-19_G05,10109837MORETTIJ,2025-09-19,117935,1,8,0,336.0
10109837MORETTIJ_2025-09-19_G06,10109837MORETTIJ,2025-09-19,117861,1,2,0,35.0
10109837MORETTIJ_2025-09-19_G07,10109837MORETTIJ,2025-09-19,110733,1,4,0,54.0
10109837MORETTIJ_2025-09-19_G08,10109837MORETTIJ,2025-09-19,141047,1,1,0,64.0
10109837MORETTIJ_2025-09-19_G09,10109837MORETTIJ,2025-09-19,141047,1,6,0,59.0
10109837MORETTIJ_2025-09-19_G10,10109837MORETTIJ,2025-09-19,117786,2,7,19,78.0
10109837MORETTIJ_2025-09-19_G11,10109837MORETTIJ,2025-09-19,118094,1,2,0,186.0
10109837MORETTIJ_2025-09-19_G12,10109837MORETTIJ,2025-09-19,110755,1,8,0,721.0
10109837MORETTIJ_2025-09-19_G13,10109837MORETTIJ,2025-09-19,108770,1,4,0,111.0
10109837MORETTIJ_2025-09-19_G14,10109837MORETTIJ,2025-09-19,117835,1,4,0,129.0
10109837MORETTIJ_2025-09-19_G15,10109837MORETTIJ,2025-09-19,110747,1,14,0,290.0
10109837MORETTIJ_2025-09-19_G16,10109837MORETTIJ,2025-09-19,110745,2,3,11,718.0
10109837MORETTIJ_2025-09-19_G17,10109837MORETTIJ,2025-09-19,111330,1,10,0,336.0
10109837MORETTIJ_2025-09-19_G19,10109837MORETTIJ,2025-09-19,110682,1,4,0,149.0
10109837MORETTIJ_2025-09-19_G20,10109837MORETTIJ,2025-09-19,118198,1,2,0,198.0
10109837MORETTIJ_2025-09-19_G21,10109837MORETTIJ,2025-09-19,118281,1,100,0,695.0
10109837MORETTIJ_2025-09-19_G22,10109837MORETTIJ,2025-09-19,118283,1,30,0,831.0
10109837MORETTIJ_2025-09-19_G23,10109837MORETTIJ,2025-09-19,118280,1,60,0,364.0
10109837MORETTIJ_2025-09-19_G24,10109837MORETTIJ,2025-09-19,118285,1,60,0,208.0
10109837MORETTIJ_2025-09-19_G25,10109837MORETTIJ,2025-09-19,107629,1,8,0,1019.0
10109837MORETTIJ_2025-09-19_G26,10109837MORETTIJ,2025-09-19,117935,1,6,0,189.0
10109837MORETTIJ_2025-09-19_G27,10109837MORETTIJ,2025-09-19,117861,1,4,0,90.0
10109837MORETTIJ_2025-09-19_G28,10109837MORETTIJ,2025-09-19,109640,1,39,0,304.0
10109837MORETTIJ_2025-09-19_G29,10109837MORETTIJ,2025-09-19,109640,1,11,0,391.0
10109837MORETTIJ_2025-09-19_G30,10109837MORETTIJ,2025-09-19,117831,1,60,0,373.0
10109837MORETTIJ_2025-09-19_G31,10109837MORETTIJ,2025-09-19,118140,1,60,0,428.0
10109837MORETTIJ_2025-09-19_G32,10109837MORETTIJ,2025-09-19,118140,1,30,0,158.0
10109837MORETTIJ_2025-09-19_G33,10109837MORETTIJ,2025-09-19,108795,1,9,0,834.0
10109837MORETTIJ_2025-09-19_G34,10109837MORETTIJ,2025-09-19,111443,1,2,0,46.0
10109837MORETTIJ_2025-09-19_G35,10109837MORETTIJ,2025-09-19,117838,1,5,0,117.0
10109837MORETTIJ_2025-09-19_G36,10109837MORETTIJ,2025-09-19,108798,1,3,0,108.0
10109837MORETTIJ_2025-09-19_G37,10109837MORETTIJ,2025-09-19,117787,1,24,0,166.0
10109837MORETTIJ_2025-09-19_G38,10109837MORETTIJ,2025-09-19,117842,1,1,0,110.0
10109837MORETTIJ_2025-09-19_G39,10109837MORETTIJ,2025-09-19,111466,1,5,0,82.0
10109837MORETTIJ_2025-09-19_G40,10109837MORETTIJ,2025-09-19,111462,1,14,0,120.0
10109837MORETTIJ_2025-09-19_G41,10109837MORETTIJ,2025-09-19,117833,1,16,0,489.0
10109837MORETTIJ_2025-09-19_G42,10109837MORETTIJ,2025-09-19,111348,1,4,0,114.0
10109837MORETTIJ_2025-09-19_G43,10109837MORETTIJ,2025-09-19,111444,1,5,0,65.0
10109837MORETTIJ_2025-09-19_G44,10109837MORETTIJ,2025-09-19,111468,1,14,0,144.0
10109837MORETTIJ_2025-09-19_G45,10109837MORETTIJ,2025-09-19,117831,1,99,0,1066.0
10109837MORETTIJ_2025-09-19_G46,10109837MORETTIJ,2025-09-19,117935,1,3,0,199.0
10109837MORETTIJ_2025-09-19_G47,10109837MORETTIJ,2025-09-19,110733,2,16,8,101.0
10109837MORETTIJ_2025-09-19_G48,10109837MORETTIJ,2025-09-19,117853,1,2,0,73.0
10109837MORETTIJ_2025-09-19_G49,10109837MORETTIJ,2025-09-19,101217,1,4,0,291.0
10109837MORETTIJ_2025-09-19_G50,10109837MORETTIJ,2025-09-19,117786,2,9,6,82.0
10109837MORETTIJ_2025-09-19_G51,10109837MORETTIJ,2025-09-19,110752,1,6,0,154.0
10109837MORETTIJ_2025-09-19_G52,10109837MORETTIJ,2025-09-19,117837,1,10,0,468.0
10109837MORETTIJ_2025-09-19_G53,10109837MORETTIJ,2025-09-19,118222,1,20,0,649.0
10109837MORETTIJ_2025-09-19_G54,10109837MORETTIJ,2025-09-19,108794,1,7,0,121.0
10109837MORETTIJ_2025-09-19_G55,10109837MORETTIJ,2025-09-19,118140,1,2,0,44.0
10109837MORETTIJ_2025-09-20_G02,10109837MORETTIJ,2025-09-20,109649,2,2,5,109.0
10109837MORETTIJ_2025-09-20_G03,10109837MORETTIJ,2025-09-20,117808,1,20,0,283.0
10109837MORETTIJ_2025-09-22_G02,10109837MORETTIJ,2025-09-22,111433,1,2,0,403.0
10109837MORETTIJ_2025-09-22_G03,10109837MORETTIJ,2025-09-22,111463,1,4,0,94.0
10109837MORETTIJ_2025-09-22_G04,10109837MORETTIJ,2025-09-22,111532,1,2,0,65.0
10109837MORETTIJ_2025-09-22_G05,10109837MORETTIJ,2025-09-22,118140,1,2,0,93.0
10109837MORETTIJ_2025-09-22_G06,10109837MORETTIJ,2025-09-22,111466,1,2,0,61.0
10109837MORETTIJ_2025-09-22_G07,10109837MORETTIJ,2025-09-22,141458,1,2,0,118.0
10109837MORETTIJ_2025-09-22_G08,10109837MORETTIJ,2025-09-22,111462,1,4,0,143.0
10109837MORETTIJ_2025-09-22_G09,10109837MORETTIJ,2025-09-22,117855,1,2,0,95.0
10109837MORETTIJ_2025-09-22_G10,10109837MORETTIJ,2025-09-22,111467,1,2,0,86.0
10109837MORETTIJ_2025-09-22_G11,10109837MORETTIJ,2025-09-22,111569,1,2,0,77.0
10109837MORETTIJ_2025-09-22_G12,10109837MORETTIJ,2025-09-22,110372,1,8,0,95.0
10109837MORETTIJ_2025-09-22_G13,10109837MORETTIJ,2025-09-22,110373,1,9,0,114.0
10109837MORETTIJ_2025-09-22_G15,10109837MORETTIJ,2025-09-22,110372,1,8,0,174.0
10109837MORETTIJ_2025-09-22_G16,10109837MORETTIJ,2025-09-22,117820,1,3,0,97.0
10109837MORETTIJ_2025-09-22_G17,10109837MORETTIJ,2025-09-22,117830,1,3,0,74.0
10109837MORETTIJ_2025-09-22_G18,10109837MORETTIJ,2025-09-22,111438,1,4,0,981.0
10109837MORETTIJ_2025-09-22_G19,10109837MORETTIJ,2025-09-22,111569,1,4,0,101.0
10109837MORETTIJ_2025-09-22_G20,10109837MORETTIJ,2025-09-22,109640,1,2,0,158.0
10109837MORETTIJ_2025-09-22_G22,10109837MORETTIJ,2025-09-22,111569,1,4,0,285.0
10109837MORETTIJ_2025-09-22_G23,10109837MORETTIJ,2025-09-22,107892,1,4,0,152.0
10109837MORETTIJ_2025-09-22_G24,10109837MORETTIJ,2025-09-22,117862,1,2,0,165.0
10109837MORETTIJ_2025-09-22_G25,10109837MORETTIJ,2025-09-22,110733,1,1,0,108.0
10109837MORETTIJ_2025-09-22_G26,10109837MORETTIJ,2025-09-22,117855,1,1,0,87.0
10109837MORETTIJ_2025-09-22_G27,10109837MORETTIJ,2025-09-22,111469,1,11,0,323.0
10109837MORETTIJ_2025-09-22_G28,10109837MORETTIJ,2025-09-22,117808,1,10,0,213.0
10109837MORETTIJ_2025-09-22_G29,10109837MORETTIJ,2025-09-22,110373,1,5,0,89.0
10109837MORETTIJ_2025-09-22_G30,10109837MORETTIJ,2025-09-22,110372,1,9,0,237.0
10109837MORETTIJ_2025-09-22_G31,10109837MORETTIJ,2025-09-22,117820,1,3,0,124.0
10109837MORETTIJ_2025-09-22_G32,10109837MORETTIJ,2025-09-22,111438,1,9,0,633.0
10109837MORETTIJ_2025-09-22_G33,10109837MORETTIJ,2025-09-22,105705,1,8,0,763.0
10109837MORETTIJ_2025-09-22_G34,10109837MORETTIJ,2025-09-22,105705,1,12,0,243.0
10109837MORETTIJ_2025-09-22_G35,10109837MORETTIJ,2025-09-22,141035,1,6,0,1631.0
10109837MORETTIJ_2025-09-22_G36,10109837MORETTIJ,2025-09-22,141047,1,10,0,179.0
10109837MORETTIJ_2025-09-22_G37,10109837MORETTIJ,2025-09-22,141066,1,10,0,192.0
10109837MORETTIJ_2025-09-22_G38,10109837MORETTIJ,2025-09-22,118289,1,3,0,890.0
10109837MORETTIJ_2025-09-22_G39,10109837MORETTIJ,2025-09-22,117854,1,8,0,263.0
10109837MORETTIJ_2025-09-22_G40,10109837MORETTIJ,2025-09-22,111530,1,70,0,555.0
10109837MORETTIJ_2025-09-22_G41,10109837MORETTIJ,2025-09-22,140923,1,160,0,1195.0
10109837MORETTIJ_2025-09-22_G42,10109837MORETTIJ,2025-09-22,111530,1,160,0,809.0
10109837MORETTIJ_2025-09-22_G43,10109837MORETTIJ,2025-09-22,109641,1,40,0,2027.0
10109837MORETTIJ_2025-09-24_G02,10109837MORETTIJ,2025-09-24,111530,1,30,0,372.0
10109837MORETTIJ_2025-09-24_G03,10109837MORETTIJ,2025-09-24,111602,1,14,0,157.0
10109837MORETTIJ_2025-09-24_G04,10109837MORETTIJ,2025-09-24,111602,1,29,0,477.0
10109837MORETTIJ_2025-09-24_G05,10109837MORETTIJ,2025-09-24,140923,1,4,0,1192.0
10109837MORETTIJ_2025-09-24_G06,10109837MORETTIJ,2025-09-24,111530,2,10,5,52.0
10109837MORETTIJ_2025-09-24_G07,10109837MORETTIJ,2025-09-24,111602,1,4,0,134.0
10109837MORETTIJ_2025-09-24_G08,10109837MORETTIJ,2025-09-24,111602,1,4,0,112.0
10109837MORETTIJ_2025-09-24_G09,10109837MORETTIJ,2025-09-24,117856,1,4,0,364.0
10109837MORETTIJ_2025-09-24_G10,10109837MORETTIJ,2025-09-24,140923,1,4,0,268.0
10109837MORETTIJ_2025-09-24_G11,10109837MORETTIJ,2025-09-24,110325,1,2,0,119.0
10109837MORETTIJ_2025-09-24_G12,10109837MORETTIJ,2025-09-24,111530,1,12,0,911.0
10109837MORETTIJ_2025-09-24_G13,10109837MORETTIJ,2025-09-24,117853,1,4,0,1606.0
10109837MORETTIJ_2025-09-24_G14,10109837MORETTIJ,2025-09-24,108772,1,4,0,86.0
10109837MORETTIJ_2025-09-24_G15,10109837MORETTIJ,2025-09-24,111467,1,10,0,127.0
10109837MORETTIJ_2025-09-24_G16,10109837MORETTIJ,2025-09-24,117786,1,10,0,140.0
10109837MORETTIJ_2025-09-24_G17,10109837MORETTIJ,2025-09-24,117856,1,6,0,823.0
10109837MORETTIJ_2025-09-24_G18,10109837MORETTIJ,2025-09-24,110325,1,4,0,157.0
10109837MORETTIJ_2025-09-24_G19,10109837MORETTIJ,2025-09-24,110129,1,20,0,1672.0
10109837MORETTIJ_2025-09-24_G20,10109837MORETTIJ,2025-09-24,111463,1,10,0,340.0
10109837MORETTIJ_2025-09-24_G21,10109837MORETTIJ,2025-09-24,141271,1,12,0,141.0
10109837MORETTIJ_2025-09-24_G22,10109837MORETTIJ,2025-09-24,160054,1,4,0,158.0
10109837MORETTIJ_2025-09-24_G23,10109837MORETTIJ,2025-09-24,110372,1,40,0,871.0
10109837MORETTIJ_2025-09-24_G24,10109837MORETTIJ,2025-09-24,117808,1,40,0,329.0
10109837MORETTIJ_2025-09-24_G25,10109837MORETTIJ,2025-09-24,160051,1,4,0,367.0
10109837MORETTIJ_2025-09-24_G27,10109837MORETTIJ,2025-09-24,117808,1,80,0,388.0
10109837MORETTIJ_2025-09-24_G29,10109837MORETTIJ,2025-09-24,118299,1,201,0,801.0
10109837MORETTIJ_2025-09-24_G30,10109837MORETTIJ,2025-09-24,141262,1,448,0,1397.0
10109837MORETTIJ_2025-09-24_G32,10109837MORETTIJ,2025-09-24,109649,1,419,0,1411.0
10109837MORETTIJ_2025-09-26_G02,10109837MORETTIJ,2025-09-26,111466,1,4,0,360.0
10109837MORETTIJ_2025-09-26_G03,10109837MORETTIJ,2025-09-26,111462,1,4,0,97.0
10109837MORETTIJ_2025-09-26_G04,10109837MORETTIJ,2025-09-26,117821,1,2,0,277.0
10109837MORETTIJ_2025-09-26_G05,10109837MORETTIJ,2025-09-26,117831,1,2,0,348.0
10109837MORETTIJ_2025-09-26_G06,10109837MORETTIJ,2025-09-26,110373,1,4,0,110.0
10109837MORETTIJ_2025-09-26_G07,10109837MORETTIJ,2025-09-26,141202,1,2,0,59.0
10109837MORETTIJ_2025-09-26_G08,10109837MORETTIJ,2025-09-26,110325,1,2,0,37.0
10109837MORETTIJ_2025-09-26_G09,10109837MORETTIJ,2025-09-26,117809,1,4,0,57.0
10109837MORETTIJ_2025-09-26_G10,10109837MORETTIJ,2025-09-26,140923,1,2,0,296.0
10109837MORETTIJ_2025-09-26_G11,10109837MORETTIJ,2025-09-26,117787,1,2,0,591.0
10109837MORETTIJ_2025-09-26_G12,10109837MORETTIJ,2025-09-26,141823,1,12,0,1363.0
10109837MORETTIJ_2025-09-26_G13,10109837MORETTIJ,2025-09-26,111569,1,1,0,357.0
10109837MORETTIJ_2025-09-26_G14,10109837MORETTIJ,2025-09-26,111655,1,2,0,92.0
10109837MORETTIJ_2025-09-26_G15,10109837MORETTIJ,2025-09-26,117854,1,1,0,187.0
10109837MORETTIJ_2025-09-26_G16,10109837MORETTIJ,2025-09-26,111446,1,2,0,819.0
10109837MORETTIJ_2025-09-26_G17,10109837MORETTIJ,2025-09-26,141456,1,8,0,613.0
10109837MORETTIJ_2025-09-26_G18,10109837MORETTIJ,2025-09-26,111469,1,4,0,49.0
10109837MORETTIJ_2025-09-26_G19,10109837MORETTIJ,2025-09-26,105705,1,8,0,132.0
10109837MORETTIJ_2025-09-26_G20,10109837MORETTIJ,2025-09-26,109645,1,6,0,111.0
10109837MORETTIJ_2025-09-26_G21,10109837MORETTIJ,2025-09-26,109641,1,4,0,71.0
10109837MORETTIJ_2025-09-26_G22,10109837MORETTIJ,2025-09-26,111435,1,4,0,109.0
10109837MORETTIJ_2025-09-26_G23,10109837MORETTIJ,2025-09-26,141823,1,8,0,137.0
10109837MORETTIJ_2025-09-26_G24,10109837MORETTIJ,2025-09-26,110787,1,4,0,117.0
10109837MORETTIJ_2025-09-26_G25,10109837MORETTIJ,2025-09-26,117785,1,12,0,235.0
10109837MORETTIJ_2025-09-26_G26,10109837MORETTIJ,2025-09-26,117821,1,6,0,76.0
10109837MORETTIJ_2025-09-26_G27,10109837MORETTIJ,2025-09-26,117831,1,4,0,301.0
10109837MORETTIJ_2025-09-26_G28,10109837MORETTIJ,2025-09-26,111348,1,4,0,99.0
10109837MORETTIJ_2025-09-26_G29,10109837MORETTIJ,2025-09-26,110745,1,4,0,204.0
10109837MORETTIJ_2025-09-26_G30,10109837MORETTIJ,2025-09-26,111182,1,12,0,666.0
10109837MORETTIJ_2025-09-26_G31,10109837MORETTIJ,2025-09-26,141458,1,24,0,604.0
10109837MORETTIJ_2025-09-26_G32,10109837MORETTIJ,2025-09-26,117820,1,8,0,478.0
10109837MORETTIJ_2025-09-26_G33,10109837MORETTIJ,2025-09-26,110325,1,10,0,108.0
10109837MORETTIJ_2025-09-26_G35,10109837MORETTIJ,2025-09-26,110372,1,8,0,122.0
10109837MORETTIJ_2025-09-26_G36,10109837MORETTIJ,2025-09-26,110375,1,4,0,84.0
10109837MORETTIJ_2025-09-26_G37,10109837MORETTIJ,2025-09-26,118299,1,8,0,81.0
10109837MORETTIJ_2025-09-26_G38,10109837MORETTIJ,2025-09-26,117830,1,3,0,83.0
10109837MORETTIJ_2025-09-26_G39,10109837MORETTIJ,2025-09-26,109647,1,4,0,144.0
10109837MORETTIJ_2025-09-26_G40,10109837MORETTIJ,2025-09-26,108711,1,10,0,246.0
10109837MORETTIJ_2025-09-26_G41,10109837MORETTIJ,2025-09-26,111743,1,10,0,124.0
10109837MORETTIJ_2025-09-26_G42,10109837MORETTIJ,2025-09-26,111532,1,80,0,687.0
10109837MORETTIJ_2025-09-26_G43,10109837MORETTIJ,2025-09-26,117785,1,100,0,749.0
10109837MORETTIJ_2025-09-26_G44,10109837MORETTIJ,2025-09-26,111462,1,34,0,474.0
10109837MORETTIJ_2025-09-26_G45,10109837MORETTIJ,2025-09-26,111532,1,21,0,2025.0
10109837MORETTIJ_2025-09-26_G46,10109837MORETTIJ,2025-09-26,111418,1,50,0,628.0
10109837MORETTIJ_2025-09-26_G47,10109837MORETTIJ,2025-09-26,111602,1,5,0,2042.0
10109837MORETTIJ_2025-09-26_G48,10109837MORETTIJ,2025-09-26,111602,1,6,0,660.0
10109837MORETTIJ_2025-09-26_G49,10109837MORETTIJ,2025-09-26,105242,1,1,0,155.0
10109837MORETTIJ_2025-09-26_G50,10109837MORETTIJ,2025-09-26,109641,1,4,0,1408.0
10109837MORETTIJ_2025-09-26_G51,10109837MORETTIJ,2025-09-26,111182,1,2,0,184.0
10109837MORETTIJ_2025-09-26_G52,10109837MORETTIJ,2025-09-26,111182,1,4,0,66.0
10109837MORETTIJ_2025-09-26_G53,10109837MORETTIJ,2025-09-26,109640,1,4,0,109.0
10109837MORETTIJ_2025-09-27_G02,10109837MORETTIJ,2025-09-27,111532,2,27,8,141.0
10109837MORETTIJ_2025-09-27_G03,10109837MORETTIJ,2025-09-27,111348,1,12,0,299.0
10109837MORETTIJ_2025-09-27_G04,10109837MORETTIJ,2025-09-27,111530,1,28,0,921.0
10109837MORETTIJ_2025-09-27_G05,10109837MORETTIJ,2025-09-27,110313,1,8,0,129.0
10109837MORETTIJ_2025-09-27_G06,10109837MORETTIJ,2025-09-27,110313,1,20,0,145.0
10109837MORETTIJ_2025-09-27_G07,10109837MORETTIJ,2025-09-27,109640,1,40,0,599.0
10109837MORETTIJ_2025-09-27_G08,10109837MORETTIJ,2025-09-27,140923,1,40,0,248.0
10109837MORETTIJ_2025-09-27_G10,10109837MORETTIJ,2025-09-27,118277,1,40,0,804.0
10109837MORETTIJ_2025-09-27_G11,10109837MORETTIJ,2025-09-27,118253,1,20,0,495.0
10109837MORETTIJ_2025-09-27_G12,10109837MORETTIJ,2025-09-27,118280,1,40,0,997.0
10109837MORETTIJ_2025-09-27_G13,10109837MORETTIJ,2025-09-27,118363,1,4,0,482.0
10109837MORETTIJ_2025-09-27_G15,10109837MORETTIJ,2025-09-27,111532,1,50,0,829.0
10109837MORETTIJ_2025-09-30_G02,10109837MORETTIJ,2025-09-30,117785,2,90,6,457.0
10109837MORETTIJ_2025-09-30_G03,10109837MORETTIJ,2025-09-30,141456,1,100,0,267.0
10109837MORETTIJ_2025-09-30_G04,10109837MORETTIJ,2025-09-30,108711,1,5,0,128.0
10109837MORETTIJ_2025-09-30_G05,10109837MORETTIJ,2025-09-30,108711,1,15,0,560.0
10109837MORETTIJ_2025-09-30_G06,10109837MORETTIJ,2025-09-30,117855,1,10,0,72.0
10109837MORETTIJ_2025-09-30_G07,10109837MORETTIJ,2025-09-30,117856,1,20,0,442.0
10109837MORETTIJ_2025-10-03_G02,10109837MORETTIJ,2025-10-03,111743,1,4,0,57.0
10109837MORETTIJ_2025-10-03_G03,10109837MORETTIJ,2025-10-03,111532,1,1,0,67.0
10109837MORETTIJ_2025-10-03_G04,10109837MORETTIJ,2025-10-03,108711,1,4,0,254.0
10109837MORETTIJ_2025-10-03_G05,10109837MORETTIJ,2025-10-03,108772,1,2,0,220.0
10109837MORETTIJ_2025-10-03_G06,10109837MORETTIJ,2025-10-03,111602,1,31,0,248.0
10109837MORETTIJ_2025-10-03_G07,10109837MORETTIJ,2025-10-03,110711,1,12,0,272.0
10109837MORETTIJ_2025-10-03_G08,10109837MORETTIJ,2025-10-03,110711,1,1,0,71.0
10109837MORETTIJ_2025-10-03_G09,10109837MORETTIJ,2025-10-03,117856,1,1,0,222.0
10109837MORETTIJ_2025-10-03_G10,10109837MORETTIJ,2025-10-03,110711,2,3,9,71.0
10109837MORETTIJ_2025-10-03_G11,10109837MORETTIJ,2025-10-03,110339,1,4,0,146.0
10109837MORETTIJ_2025-10-03_G12,10109837MORETTIJ,2025-10-03,111467,1,1,0,349.0
10109837MORETTIJ_2025-10-03_G13,10109837MORETTIJ,2025-10-03,110787,1,2,0,103.0
10109837MORETTIJ_2025-10-03_G14,10109837MORETTIJ,2025-10-03,108711,1,1,0,51.0
10109837MORETTIJ_2025-10-03_G15,10109837MORETTIJ,2025-10-03,111743,1,1,0,52.0
10109837MORETTIJ_2025-10-03_G16,10109837MORETTIJ,2025-10-03,141823,1,1,0,74.0
10109837MORETTIJ_2025-10-03_G17,10109837MORETTIJ,2025-10-03,117821,1,4,0,147.0
10109837MORETTIJ_2025-10-03_G18,10109837MORETTIJ,2025-10-03,110325,1,6,0,83.0
10109837MORETTIJ_2025-10-03_G19,10109837MORETTIJ,2025-10-03,100334,1,1,0,351.0
10109837MORETTIJ_2025-10-03_G20,10109837MORETTIJ,2025-10-03,110895,1,1,0,399.0
10109837MORETTIJ_2025-10-03_G21,10109837MORETTIJ,2025-10-03,118299,1,1,0,457.0
10109837MORETTIJ_2025-10-03_G22,10109837MORETTIJ,2025-10-03,110895,1,3,0,754.0
10109837MORETTIJ_2025-10-03_G23,10109837MORETTIJ,2025-10-03,109641,1,1,0,94.0
10109837MORETTIJ_2025-10-03_G24,10109837MORETTIJ,2025-10-03,117787,1,6,0,101.0
10109837MORETTIJ_2025-10-03_G25,10109837MORETTIJ,2025-10-03,118277,1,4,0,213.0
10109837MORETTIJ_2025-10-03_G26,10109837MORETTIJ,2025-10-03,110711,1,12,0,141.0
10109837MORETTIJ_2025-10-03_G27,10109837MORETTIJ,2025-10-03,108772,1,2,0,262.0
10109837MORETTIJ_2025-10-03_G28,10109837MORETTIJ,2025-10-03,105705,1,6,0,1028.0
10109837MORETTIJ_2025-10-03_G29,10109837MORETTIJ,2025-10-03,111330,1,4,0,173.0
10109837MORETTIJ_2025-10-03_G30,10109837MORETTIJ,2025-10-03,111182,1,4,0,271.0
10109837MORETTIJ_2025-10-03_G31,10109837MORETTIJ,2025-10-03,109640,1,58,0,394.0
10109837MORETTIJ_2025-10-03_G32,10109837MORETTIJ,2025-10-03,109641,1,10,0,433.0
10109837MORETTIJ_2025-10-03_G33,10109837MORETTIJ,2025-10-03,107830,1,4,0,1696.0
10109837MORETTIJ_2025-10-03_G34,10109837MORETTIJ,2025-10-03,141202,1,4,0,234.0
10109837MORETTIJ_2025-10-07_G02,10109837MORETTIJ,2025-10-07,117834,1,4,0,126.0
10109837MORETTIJ_2025-10-07_G03,10109837MORETTIJ,2025-10-07,117785,1,6,0,116.0
10109837MORETTIJ_2025-10-07_G04,10109837MORETTIJ,2025-10-07,117855,1,13,0,352.0
10109837MORETTIJ_2025-10-07_G05,10109837MORETTIJ,2025-10-07,117856,1,12,0,112.0
10109837MORETTIJ_2025-10-07_G06,10109837MORETTIJ,2025-10-07,117862,1,4,0,104.0
10109837MORETTIJ_2025-10-07_G07,10109837MORETTIJ,2025-10-07,117853,1,8,0,154.0
10109837MORETTIJ_2025-10-07_G08,10109837MORETTIJ,2025-10-07,110733,1,6,0,120.0
10109837MORETTIJ_2025-10-07_G09,10109837MORETTIJ,2025-10-07,109647,1,2,0,48.0
10109837MORETTIJ_2025-10-07_G10,10109837MORETTIJ,2025-10-07,117837,1,3,0,138.0
10109837MORETTIJ_2025-10-07_G11,10109837MORETTIJ,2025-10-07,110374,1,9,0,175.0
10109837MORETTIJ_2025-10-07_G12,10109837MORETTIJ,2025-10-07,117840,1,12,0,164.0
10109837MORETTIJ_2025-10-07_G13,10109837MORETTIJ,2025-10-07,110376,1,4,0,151.0
10109837MORETTIJ_2025-10-07_G14,10109837MORETTIJ,2025-10-07,110373,1,200,0,581.0
10109837MORETTIJ_2025-10-07_G15,10109837MORETTIJ,2025-10-07,117832,1,36,0,413.0
10109837MORETTIJ_2025-10-07_G16,10109837MORETTIJ,2025-10-07,117808,1,500,0,1586.0
10109837MORETTIJ_2025-10-07_G17,10109837MORETTIJ,2025-10-07,141066,2,18,8,736.0
10109837MORETTIJ_2025-10-07_G18,10109837MORETTIJ,2025-10-07,117788,1,3,0,137.0
10109837MORETTIJ_2025-10-07_G19,10109837MORETTIJ,2025-10-07,110711,1,101,0,596.0
10109837MORETTIJ_2025-10-07_G20,10109837MORETTIJ,2025-10-07,110733,1,60,0,254.0
10109837MORETTIJ_2025-10-07_G21,10109837MORETTIJ,2025-10-07,118298,1,40,0,256.0
10109837MORETTIJ_2025-10-07_G22,10109837MORETTIJ,2025-10-07,118330,1,14,0,1536.0
10109837MORETTIJ_2025-10-07_G24,10109837MORETTIJ,2025-10-07,117862,1,80,0,723.0
10109837MORETTIJ_2025-10-07_G25,10109837MORETTIJ,2025-10-07,117861,1,121,0,711.0
10109837MORETTIJ_2025-10-07_G26,10109837MORETTIJ,2025-10-07,117786,1,120,0,659.0
10109837MORETTIJ_2025-10-07_G27,10109837MORETTIJ,2025-10-07,111435,1,4,0,251.0
10109837MORETTIJ_2025-10-07_G28,10109837MORETTIJ,2025-10-07,111444,1,11,0,389.0
10109837MORETTIJ_2025-10-07_G29,10109837MORETTIJ,2025-10-07,111442,1,16,0,185.0
10109837MORETTIJ_2025-10-07_G30,10109837MORETTIJ,2025-10-07,117935,1,20,0,672.0
10109837MORETTIJ_2025-10-07_G31,10109837MORETTIJ,2025-10-07,107629,1,40,0,495.0
10109837MORETTIJ_2026-02-14_G02,10109837MORETTIJ,2026-02-14,118299,1,440,0,501.0
10109837MORETTIJ_2026-02-14_G03,10109837MORETTIJ,2026-02-14,"117809, 117808",2,660,15,726.0
10109838SANTOSC_2025-05-07_G02,10109838SANTOSC,2025-05-07,110373,1,50,0,1723.0
10109838SANTOSC_2025-05-07_G03,10109838SANTOSC,2025-05-07,110372,1,40,0,1131.0
10109838SANTOSC_2025-05-07_G04,10109838SANTOSC,2025-05-07,107830,1,6,0,119.0
10109838SANTOSC_2025-05-07_G05,10109838SANTOSC,2025-05-07,117840,1,5,0,158.0
10109838SANTOSC_2025-05-07_G06,10109838SANTOSC,2025-05-07,110375,1,10,0,224.0
10109838SANTOSC_2025-05-07_G07,10109838SANTOSC,2025-05-07,110371,1,30,0,655.0
10109838SANTOSC_2025-05-07_G08,10109838SANTOSC,2025-05-07,117808,1,60,0,2633.0
10109838SANTOSC_2025-05-07_G09,10109838SANTOSC,2025-05-07,117809,1,30,0,142.0
10109838SANTOSC_2025-05-07_G10,10109838SANTOSC,2025-05-07,109643,1,4,0,83.0
10109838SANTOSC_2025-05-07_G11,10109838SANTOSC,2025-05-07,160051,1,3,0,264.0
10109838SANTOSC_2025-05-08_G02,10109838SANTOSC,2025-05-08,111444,1,10,0,204.0
10109838SANTOSC_2025-05-08_G03,10109838SANTOSC,2025-05-08,111463,1,40,0,821.0
10109838SANTOSC_2025-05-08_G04,10109838SANTOSC,2025-05-08,111463,1,10,0,189.0
10109838SANTOSC_2025-05-08_G05,10109838SANTOSC,2025-05-08,118004,1,8,0,665.0
10109838SANTOSC_2025-05-08_G06,10109838SANTOSC,2025-05-08,118004,1,8,0,459.0
10109838SANTOSC_2025-05-08_G07,10109838SANTOSC,2025-05-08,118004,1,4,0,54.0
10109838SANTOSC_2025-05-08_G08,10109838SANTOSC,2025-05-08,111182,1,4,0,117.0
10109838SANTOSC_2025-05-08_G09,10109838SANTOSC,2025-05-08,108711,1,7,0,104.0
10109838SANTOSC_2025-05-08_G10,10109838SANTOSC,2025-05-08,105705,1,6,0,164.0
10109838SANTOSC_2025-05-08_G11,10109838SANTOSC,2025-05-08,105705,1,4,0,66.0
10109838SANTOSC_2025-05-08_G12,10109838SANTOSC,2025-05-08,109641,1,11,0,332.0
10109838SANTOSC_2025-05-08_G13,10109838SANTOSC,2025-05-08,117831,1,6,0,247.0
10109838SANTOSC_2025-05-08_G14,10109838SANTOSC,2025-05-08,117831,1,8,0,99.0
10109838SANTOSC_2025-05-08_G15,10109838SANTOSC,2025-05-08,118140,1,20,0,804.0
10109838SANTOSC_2025-05-08_G16,10109838SANTOSC,2025-05-08,110787,1,8,0,187.0
10109838SANTOSC_2025-05-08_G17,10109838SANTOSC,2025-05-08,118140,1,12,0,250.0
10109838SANTOSC_2025-05-08_G18,10109838SANTOSC,2025-05-08,110755,1,4,0,932.0
10109838SANTOSC_2025-05-08_G19,10109838SANTOSC,2025-05-08,110755,1,4,0,44.0
10109838SANTOSC_2025-05-08_G20,10109838SANTOSC,2025-05-08,116527,1,2,0,134.0
10109838SANTOSC_2025-05-08_G21,10109838SANTOSC,2025-05-08,118403,1,4,0,975.0
10109838SANTOSC_2025-05-08_G22,10109838SANTOSC,2025-05-08,110313,1,2,0,79.0
10109838SANTOSC_2025-05-08_G23,10109838SANTOSC,2025-05-08,111467,1,6,0,178.0
10109838SANTOSC_2025-05-08_G24,10109838SANTOSC,2025-05-08,117853,1,2,0,83.0
10109838SANTOSC_2025-05-08_G25,10109838SANTOSC,2025-05-08,111530,1,6,0,176.0
10109838SANTOSC_2025-05-08_G27,10109838SANTOSC,2025-05-08,118403,1,5,0,467.0
10109838SANTOSC_2025-05-08_G28,10109838SANTOSC,2025-05-08,141047,1,33,0,978.0
10109838SANTOSC_2025-05-08_G29,10109838SANTOSC,2025-05-08,110313,1,8,0,340.0
10109838SANTOSC_2025-05-08_G30,10109838SANTOSC,2025-05-08,117861,1,4,0,165.0
10109838SANTOSC_2025-05-08_G31,10109838SANTOSC,2025-05-08,117935,1,39,0,997.0
10109838SANTOSC_2025-05-08_G32,10109838SANTOSC,2025-05-08,111467,1,45,0,539.0
10109838SANTOSC_2025-05-08_G33,10109838SANTOSC,2025-05-08,110752,1,16,0,408.0
10109838SANTOSC_2025-05-08_G34,10109838SANTOSC,2025-05-08,117855,1,139,0,1750.0
10109838SANTOSC_2025-05-08_G35,10109838SANTOSC,2025-05-08,117856,1,8,0,774.0
10109838SANTOSC_2025-05-08_G36,10109838SANTOSC,2025-05-08,111602,1,28,0,885.0
10109838SANTOSC_2025-05-08_G37,10109838SANTOSC,2025-05-08,110711,1,14,0,283.0
10109838SANTOSC_2025-05-09_G02,10109838SANTOSC,2025-05-09,116241,1,8,0,519.0
10109838SANTOSC_2025-05-09_G04,10109838SANTOSC,2025-05-09,118004,1,45,0,1320.0
10109838SANTOSC_2025-05-09_G05,10109838SANTOSC,2025-05-09,117787,1,21,0,539.0
10109838SANTOSC_2025-05-09_G06,10109838SANTOSC,2025-05-09,110748,1,9,0,430.0
10109838SANTOSC_2025-05-09_G07,10109838SANTOSC,2025-05-09,117838,1,2,0,123.0
10109838SANTOSC_2025-05-09_G08,10109838SANTOSC,2025-05-09,118317,1,37,0,609.0
10109838SANTOSC_2025-05-09_G09,10109838SANTOSC,2025-05-09,118222,1,4,0,1385.0
10109838SANTOSC_2025-05-09_G10,10109838SANTOSC,2025-05-09,110895,1,4,0,172.0
10109838SANTOSC_2025-05-09_G11,10109838SANTOSC,2025-05-09,117862,1,2,0,165.0
10109838SANTOSC_2025-05-09_G12,10109838SANTOSC,2025-05-09,117855,1,4,0,167.0
10109838SANTOSC_2025-05-09_G13,10109838SANTOSC,2025-05-09,111443,1,3,0,190.0
10109838SANTOSC_2025-05-09_G14,10109838SANTOSC,2025-05-09,111469,1,6,0,309.0
10109838SANTOSC_2025-05-09_G15,10109838SANTOSC,2025-05-09,111418,1,3,0,222.0
10109838SANTOSC_2025-05-09_G16,10109838SANTOSC,2025-05-09,118299,1,9,0,203.0
10109838SANTOSC_2025-05-09_G17,10109838SANTOSC,2025-05-09,110372,1,8,0,204.0
10109838SANTOSC_2025-05-09_G18,10109838SANTOSC,2025-05-09,117832,1,6,0,252.0
10109838SANTOSC_2025-05-09_G20,10109838SANTOSC,2025-05-09,111462,1,4,0,150.0
10109838SANTOSC_2025-05-09_G21,10109838SANTOSC,2025-05-09,111433,1,2,0,112.0
10109838SANTOSC_2025-05-09_G22,10109838SANTOSC,2025-05-09,108711,1,4,0,109.0
10109838SANTOSC_2025-05-09_G23,10109838SANTOSC,2025-05-09,108794,1,5,0,267.0
10109838SANTOSC_2025-05-09_G24,10109838SANTOSC,2025-05-09,111418,1,10,0,192.0
10109838SANTOSC_2025-05-09_G25,10109838SANTOSC,2025-05-09,118140,1,2,0,150.0
10109838SANTOSC_2025-05-09_G26,10109838SANTOSC,2025-05-09,110325,1,2,0,507.0
10109838SANTOSC_2025-05-09_G27,10109838SANTOSC,2025-05-09,117820,1,3,0,72.0
10109838SANTOSC_2025-05-09_G28,10109838SANTOSC,2025-05-09,118299,1,4,0,141.0
10109838SANTOSC_2025-05-09_G29,10109838SANTOSC,2025-05-09,110373,1,11,0,194.0
10109838SANTOSC_2025-05-09_G30,10109838SANTOSC,2025-05-09,110374,1,2,0,611.0
10109838SANTOSC_2025-05-09_G31,10109838SANTOSC,2025-05-09,110372,1,13,0,142.0
10109838SANTOSC_2025-05-09_G32,10109838SANTOSC,2025-05-09,117832,1,5,0,130.0
10109838SANTOSC_2025-05-09_G33,10109838SANTOSC,2025-05-09,117830,1,1,0,87.0
10109838SANTOSC_2025-05-09_G34,10109838SANTOSC,2025-05-09,110787,1,2,0,1625.0
10109838SANTOSC_2025-05-09_G35,10109838SANTOSC,2025-05-09,110325,1,3,0,209.0
10109838SANTOSC_2025-05-09_G36,10109838SANTOSC,2025-05-09,117820,1,3,0,133.0
10109838SANTOSC_2025-05-09_G37,10109838SANTOSC,2025-05-09,118299,1,5,0,148.0
10109838SANTOSC_2025-05-09_G38,10109838SANTOSC,2025-05-09,110375,1,7,0,132.0
10109838SANTOSC_2025-05-09_G39,10109838SANTOSC,2025-05-09,117808,1,19,0,212.0
10109838SANTOSC_2025-05-09_G40,10109838SANTOSC,2025-05-09,110756,1,4,0,1015.0
10109838SANTOSC_2025-05-09_G41,10109838SANTOSC,2025-05-09,111602,1,2,0,185.0
10109838SANTOSC_2025-05-09_G42,10109838SANTOSC,2025-05-09,110740,1,4,0,190.0
10109838SANTOSC_2025-05-09_G43,10109838SANTOSC,2025-05-09,117833,1,6,0,89.0
10109838SANTOSC_2025-05-09_G44,10109838SANTOSC,2025-05-09,111418,1,6,0,385.0
10109838SANTOSC_2025-05-09_G45,10109838SANTOSC,2025-05-09,118317,1,3,0,133.0
10109838SANTOSC_2025-05-09_G46,10109838SANTOSC,2025-05-09,111442,1,2,0,83.0
10109838SANTOSC_2025-05-10_G02,10109838SANTOSC,2025-05-10,111330,1,12,0,626.0
10109838SANTOSC_2025-05-10_G03,10109838SANTOSC,2025-05-10,109641,1,180,0,3165.0
10109838SANTOSC_2025-05-10_G04,10109838SANTOSC,2025-05-10,111348,1,88,0,1390.0
10109838SANTOSC_2025-05-10_G05,10109838SANTOSC,2025-05-10,109933,1,4,0,1937.0
10109838SANTOSC_2025-05-10_G06,10109838SANTOSC,2025-05-10,116527,1,2,0,161.0
10109838SANTOSC_2025-05-10_G07,10109838SANTOSC,2025-05-10,111530,1,2,0,186.0
10109838SANTOSC_2025-05-10_G08,10109838SANTOSC,2025-05-10,111418,1,3,0,109.0
10109838SANTOSC_2025-05-10_G09,10109838SANTOSC,2025-05-10,117820,1,4,0,201.0
10109838SANTOSC_2025-05-10_G10,10109838SANTOSC,2025-05-10,117820,1,7,0,92.0
10109838SANTOSC_2025-05-10_G11,10109838SANTOSC,2025-05-10,110373,1,6,0,158.0
10109838SANTOSC_2025-05-10_G12,10109838SANTOSC,2025-05-10,110373,1,3,0,69.0
10109838SANTOSC_2025-05-10_G13,10109838SANTOSC,2025-05-10,110373,1,4,0,1637.0
10109838SANTOSC_2025-05-13_G02,10109838SANTOSC,2025-05-13,111655,1,1,0,177.0
10109838SANTOSC_2025-05-13_G03,10109838SANTOSC,2025-05-13,117861,1,4,0,180.0
10109838SANTOSC_2025-05-13_G04,10109838SANTOSC,2025-05-13,105242,1,2,0,157.0
10109838SANTOSC_2025-05-13_G05,10109838SANTOSC,2025-05-13,110743,1,1,0,164.0
10109838SANTOSC_2025-05-13_G06,10109838SANTOSC,2025-05-13,111462,1,12,0,279.0
10109838SANTOSC_2025-05-13_G07,10109838SANTOSC,2025-05-13,108711,1,4,0,128.0
10109838SANTOSC_2025-05-13_G08,10109838SANTOSC,2025-05-13,111466,1,16,0,275.0
10109838SANTOSC_2025-05-13_G09,10109838SANTOSC,2025-05-13,109645,1,2,0,158.0
10109838SANTOSC_2025-05-13_G10,10109838SANTOSC,2025-05-13,107236,1,2,0,67.0
10109838SANTOSC_2025-05-13_G11,10109838SANTOSC,2025-05-13,110376,1,4,0,162.0
10109838SANTOSC_2025-05-13_G12,10109838SANTOSC,2025-05-13,117830,1,1,0,143.0
10109838SANTOSC_2025-05-13_G13,10109838SANTOSC,2025-05-13,117808,1,13,0,257.0
10109838SANTOSC_2025-05-13_G14,10109838SANTOSC,2025-05-13,160054,1,4,0,1390.0
10109838SANTOSC_2025-05-13_G15,10109838SANTOSC,2025-05-13,111850,1,2,0,225.0
10109838SANTOSC_2025-05-13_G16,10109838SANTOSC,2025-05-13,110895,1,7,0,613.0
10109838SANTOSC_2025-05-13_G17,10109838SANTOSC,2025-05-13,108770,1,2,0,112.0
10109838SANTOSC_2025-05-13_G18,10109838SANTOSC,2025-05-13,111466,1,28,0,933.0
10109838SANTOSC_2025-05-13_G19,10109838SANTOSC,2025-05-13,117820,1,20,0,300.0
10109838SANTOSC_2025-05-13_G20,10109838SANTOSC,2025-05-13,117808,1,21,0,1434.0
10109838SANTOSC_2025-05-13_G21,10109838SANTOSC,2025-05-13,110325,1,11,0,795.0
10109838SANTOSC_2025-05-13_G22,10109838SANTOSC,2025-05-13,110374,1,46,0,839.0
10109838SANTOSC_2025-05-13_G23,10109838SANTOSC,2025-05-13,107830,1,19,0,246.0
10109838SANTOSC_2025-05-13_G24,10109838SANTOSC,2025-05-13,110376,1,11,0,167.0
10109838SANTOSC_2025-05-13_G25,10109838SANTOSC,2025-05-13,110375,1,4,0,153.0
10109838SANTOSC_2025-05-13_G26,10109838SANTOSC,2025-05-13,111348,1,20,0,925.0
10109838SANTOSC_2025-05-13_G27,10109838SANTOSC,2025-05-13,111469,1,12,0,251.0
10109838SANTOSC_2025-05-13_G28,10109838SANTOSC,2025-05-13,117821,1,28,0,496.0
10109838SANTOSC_2025-05-13_G29,10109838SANTOSC,2025-05-13,118094,1,4,0,1222.0
10109838SANTOSC_2025-05-13_G30,10109838SANTOSC,2025-05-13,110733,1,1,0,204.0
10109838SANTOSC_2025-05-13_G31,10109838SANTOSC,2025-05-13,141047,1,12,0,761.0
10109838SANTOSC_2025-05-13_G32,10109838SANTOSC,2025-05-13,117837,1,12,0,316.0
10109838SANTOSC_2025-05-13_G33,10109838SANTOSC,2025-05-13,117837,1,4,0,77.0
10109838SANTOSC_2025-05-13_G34,10109838SANTOSC,2025-05-13,117935,1,10,0,383.0
10109838SANTOSC_2025-05-13_G35,10109838SANTOSC,2025-05-13,110752,1,8,0,133.0
10109838SANTOSC_2025-05-13_G37,10109838SANTOSC,2025-05-13,111530,1,25,0,354.0
10109838SANTOSC_2025-05-13_G38,10109838SANTOSC,2025-05-13,110895,1,4,0,2156.0
10109838SANTOSC_2025-05-13_G39,10109838SANTOSC,2025-05-13,107629,1,6,0,145.0
10109838SANTOSC_2025-05-13_G40,10109838SANTOSC,2025-05-13,111530,1,10,0,999.0
10109838SANTOSC_2025-05-13_G41,10109838SANTOSC,2025-05-13,117834,1,4,0,721.0
10109838SANTOSC_2025-05-13_G42,10109838SANTOSC,2025-05-13,111441,1,4,0,1472.0
10109838SANTOSC_2025-05-13_G43,10109838SANTOSC,2025-05-13,110754,1,5,0,365.0
10109838SANTOSC_2025-05-13_G44,10109838SANTOSC,2025-05-13,100334,1,8,0,92.0
10109838SANTOSC_2025-05-13_G45,10109838SANTOSC,2025-05-13,111850,1,3,0,197.0
10109838SANTOSC_2025-05-13_G46,10109838SANTOSC,2025-05-13,110755,1,2,0,53.0
10109838SANTOSC_2025-05-13_G47,10109838SANTOSC,2025-05-13,118222,1,4,0,469.0
10109838SANTOSC_2025-05-14_G02,10109838SANTOSC,2025-05-14,111655,1,24,0,538.0
10109838SANTOSC_2025-05-14_G03,10109838SANTOSC,2025-05-14,110310,1,6,0,467.0
10109838SANTOSC_2025-05-14_G04,10109838SANTOSC,2025-05-14,110475,1,1,0,2204.0
10109838SANTOSC_2025-05-14_G05,10109838SANTOSC,2025-05-14,140956,1,4,0,240.0
10109838SANTOSC_2025-05-14_G06,10109838SANTOSC,2025-05-14,108759,1,2,0,365.0
10109838SANTOSC_2025-05-14_G07,10109838SANTOSC,2025-05-14,110746,1,2,0,73.0
10109838SANTOSC_2025-05-14_G08,10109838SANTOSC,2025-05-14,110582,1,8,0,268.0
10109838SANTOSC_2025-05-14_G09,10109838SANTOSC,2025-05-14,111441,1,3,0,113.0
10109838SANTOSC_2025-05-14_G10,10109838SANTOSC,2025-05-14,110754,1,4,0,96.0
10109838SANTOSC_2025-05-14_G11,10109838SANTOSC,2025-05-14,110895,1,30,0,717.0
10109838SANTOSC_2025-05-14_G12,10109838SANTOSC,2025-05-14,110895,1,1,0,59.0
10109838SANTOSC_2025-05-14_G13,10109838SANTOSC,2025-05-14,111569,1,8,0,175.0
10109838SANTOSC_2025-05-14_G14,10109838SANTOSC,2025-05-14,111440,1,6,0,159.0
10109838SANTOSC_2025-05-14_G15,10109838SANTOSC,2025-05-14,111440,1,2,0,34.0
10109838SANTOSC_2025-05-14_G16,10109838SANTOSC,2025-05-14,118306,1,8,0,474.0
10109838SANTOSC_2025-05-14_G17,10109838SANTOSC,2025-05-14,111655,1,2,0,175.0
10109838SANTOSC_2025-05-14_G18,10109838SANTOSC,2025-05-14,108770,1,10,0,423.0
10109838SANTOSC_2025-05-14_G19,10109838SANTOSC,2025-05-14,109974,1,2,0,613.0
10109838SANTOSC_2025-05-14_G20,10109838SANTOSC,2025-05-14,117862,1,10,0,2001.0
10109838SANTOSC_2025-05-14_G21,10109838SANTOSC,2025-05-14,111650,1,4,0,293.0
10109838SANTOSC_2025-05-14_G22,10109838SANTOSC,2025-05-14,117853,1,8,0,216.0
10109838SANTOSC_2025-05-14_G23,10109838SANTOSC,2025-05-14,105242,1,4,0,259.0
10109838SANTOSC_2025-05-14_G24,10109838SANTOSC,2025-05-14,107830,1,26,0,1602.0
10109838SANTOSC_2025-05-14_G25,10109838SANTOSC,2025-05-14,111660,1,50,0,1566.0
10109838SANTOSC_2025-05-14_G26,10109838SANTOSC,2025-05-14,111445,1,12,0,523.0
10109838SANTOSC_2025-05-14_G28,10109838SANTOSC,2025-05-14,111112,1,3,0,415.0
10109838SANTOSC_2025-05-14_G29,10109838SANTOSC,2025-05-14,111620,1,1,0,441.0
10109838SANTOSC_2025-05-14_G30,10109838SANTOSC,2025-05-14,110582,1,2,0,158.0
10109838SANTOSC_2025-05-14_G31,10109838SANTOSC,2025-05-14,110754,1,2,0,90.0
10109838SANTOSC_2025-05-14_G32,10109838SANTOSC,2025-05-14,118222,1,50,0,1401.0
10109838SANTOSC_2025-05-14_G33,10109838SANTOSC,2025-05-14,118418,1,1,0,367.0
10109838SANTOSC_2025-05-14_G34,10109838SANTOSC,2025-05-14,111660,1,3,0,234.0
10109838SANTOSC_2025-05-14_G35,10109838SANTOSC,2025-05-14,140915,1,4,0,362.0
10109838SANTOSC_2025-05-14_G36,10109838SANTOSC,2025-05-14,140915,1,4,0,49.0
10109838SANTOSC_2025-05-14_G37,10109838SANTOSC,2025-05-14,118280,1,14,0,719.0
10109838SANTOSC_2025-05-14_G38,10109838SANTOSC,2025-05-14,118280,1,10,0,140.0
10109838SANTOSC_2025-05-14_G39,10109838SANTOSC,2025-05-14,108770,1,16,0,731.0
10109838SANTOSC_2025-05-14_G40,10109838SANTOSC,2025-05-14,103148,1,4,0,258.0
10109838SANTOSC_2025-05-14_G41,10109838SANTOSC,2025-05-14,110834,1,2,0,111.0
10109838SANTOSC_2025-05-14_G42,10109838SANTOSC,2025-05-14,110317,1,2,0,156.0
10109838SANTOSC_2025-05-15_G02,10109838SANTOSC,2025-05-15,107236,1,8,0,114.0
10109838SANTOSC_2025-05-15_G03,10109838SANTOSC,2025-05-15,111444,1,4,0,1424.0
10109838SANTOSC_2025-05-15_G04,10109838SANTOSC,2025-05-15,111418,1,8,0,767.0
10109838SANTOSC_2025-05-15_G05,10109838SANTOSC,2025-05-15,111441,1,4,0,1519.0
10109838SANTOSC_2025-05-15_G06,10109838SANTOSC,2025-05-15,111850,1,2,0,108.0
10109838SANTOSC_2025-05-15_G07,10109838SANTOSC,2025-05-15,111440,1,4,0,88.0
10109838SANTOSC_2025-05-15_G08,10109838SANTOSC,2025-05-15,118250,1,4,0,1965.0
10109838SANTOSC_2025-05-15_G09,10109838SANTOSC,2025-05-15,140957,1,4,0,561.0
10109838SANTOSC_2025-05-15_G10,10109838SANTOSC,2025-05-15,118094,1,4,0,88.0
10109838SANTOSC_2025-05-15_G11,10109838SANTOSC,2025-05-15,118298,1,1,0,376.0
10109838SANTOSC_2025-05-15_G12,10109838SANTOSC,2025-05-15,110711,1,1,0,655.0
10109838SANTOSC_2025-05-15_G13,10109838SANTOSC,2025-05-15,111530,1,4,0,174.0
10109838SANTOSC_2025-05-15_G14,10109838SANTOSC,2025-05-15,110339,1,4,0,295.0
10109838SANTOSC_2025-05-15_G15,10109838SANTOSC,2025-05-15,110711,1,50,0,1561.0
10109838SANTOSC_2025-05-15_G16,10109838SANTOSC,2025-05-15,111441,1,2,0,2324.0
10109838SANTOSC_2025-05-15_G17,10109838SANTOSC,2025-05-15,110339,1,4,0,210.0
10109838SANTOSC_2025-05-15_G18,10109838SANTOSC,2025-05-15,108795,1,2,0,86.0
10109838SANTOSC_2025-05-15_G19,10109838SANTOSC,2025-05-15,111418,1,4,0,107.0
10109838SANTOSC_2025-05-15_G20,10109838SANTOSC,2025-05-15,118317,1,2,0,91.0
10109838SANTOSC_2025-05-15_G21,10109838SANTOSC,2025-05-15,110373,1,14,0,375.0
10109838SANTOSC_2025-05-15_G22,10109838SANTOSC,2025-05-15,110371,1,3,0,232.0
10109838SANTOSC_2025-05-15_G23,10109838SANTOSC,2025-05-15,111441,1,4,0,474.0
10109838SANTOSC_2025-05-15_G24,10109838SANTOSC,2025-05-15,111850,1,4,0,156.0
10109838SANTOSC_2025-05-15_G25,10109838SANTOSC,2025-05-15,118222,1,2,0,66.0
10109838SANTOSC_2025-05-15_G26,10109838SANTOSC,2025-05-15,118222,1,31,0,480.0
10109838SANTOSC_2025-05-15_G27,10109838SANTOSC,2025-05-15,110895,1,6,0,191.0
10109838SANTOSC_2025-05-15_G28,10109838SANTOSC,2025-05-15,111569,1,29,0,892.0
10109838SANTOSC_2025-05-15_G29,10109838SANTOSC,2025-05-15,111655,1,4,0,364.0
10109838SANTOSC_2025-05-15_G30,10109838SANTOSC,2025-05-15,118290,1,8,0,701.0
10109838SANTOSC_2025-05-15_G31,10109838SANTOSC,2025-05-15,110755,1,6,0,1804.0
10109838SANTOSC_2025-05-15_G32,10109838SANTOSC,2025-05-15,109937,1,2,0,169.0
10109838SANTOSC_2025-05-15_G34,10109838SANTOSC,2025-05-15,110755,1,4,0,383.0
10109838SANTOSC_2025-05-15_G35,10109838SANTOSC,2025-05-15,111660,1,2,0,96.0
10109838SANTOSC_2025-05-15_G36,10109838SANTOSC,2025-05-15,109937,1,2,0,92.0
10109838SANTOSC_2025-05-15_G37,10109838SANTOSC,2025-05-15,109647,1,4,0,341.0
10109838SANTOSC_2025-05-15_G38,10109838SANTOSC,2025-05-15,111467,1,6,0,188.0
10109838SANTOSC_2025-05-15_G39,10109838SANTOSC,2025-05-15,111463,1,2,0,683.0
10109838SANTOSC_2025-05-15_G40,10109838SANTOSC,2025-05-15,111462,1,4,0,96.0
10109838SANTOSC_2025-05-15_G41,10109838SANTOSC,2025-05-15,140922,1,3,0,66.0
10109838SANTOSC_2025-05-15_G42,10109838SANTOSC,2025-05-15,118140,1,6,0,79.0
10109838SANTOSC_2025-05-15_G43,10109838SANTOSC,2025-05-15,111532,1,4,0,66.0
10109838SANTOSC_2025-05-16_G02,10109838SANTOSC,2025-05-16,117821,1,6,0,219.0
10109838SANTOSC_2025-05-16_G03,10109838SANTOSC,2025-05-16,111172,1,2,0,110.0
10109838SANTOSC_2025-05-16_G04,10109838SANTOSC,2025-05-16,108798,1,1,0,48.0
10109838SANTOSC_2025-05-16_G05,10109838SANTOSC,2025-05-16,117842,1,2,0,112.0
10109838SANTOSC_2025-05-16_G06,10109838SANTOSC,2025-05-16,108794,1,8,0,124.0
10109838SANTOSC_2025-05-16_G07,10109838SANTOSC,2025-05-16,111442,1,2,0,104.0
10109838SANTOSC_2025-05-16_G08,10109838SANTOSC,2025-05-16,111465,1,4,0,112.0
10109838SANTOSC_2025-05-16_G09,10109838SANTOSC,2025-05-16,111444,1,12,0,2424.0
10109838SANTOSC_2025-05-16_G10,10109838SANTOSC,2025-05-16,111435,1,3,0,297.0
10109838SANTOSC_2025-05-16_G11,10109838SANTOSC,2025-05-16,108711,1,1,0,105.0
10109838SANTOSC_2025-05-16_G12,10109838SANTOSC,2025-05-16,111469,1,20,0,157.0
10109838SANTOSC_2025-05-16_G13,10109838SANTOSC,2025-05-16,140922,1,5,0,85.0
10109838SANTOSC_2025-05-16_G14,10109838SANTOSC,2025-05-16,110745,1,12,0,185.0
10109838SANTOSC_2025-05-16_G15,10109838SANTOSC,2025-05-16,111463,1,9,0,106.0
10109838SANTOSC_2025-05-16_G16,10109838SANTOSC,2025-05-16,111466,1,4,0,100.0
10109838SANTOSC_2025-05-16_G17,10109838SANTOSC,2025-05-16,118140,1,9,0,96.0
10109838SANTOSC_2025-05-16_G18,10109838SANTOSC,2025-05-16,108794,1,2,0,121.0
10109838SANTOSC_2025-05-16_G19,10109838SANTOSC,2025-05-16,111418,1,1,0,49.0
10109838SANTOSC_2025-05-16_G20,10109838SANTOSC,2025-05-16,117785,1,20,0,648.0
10109838SANTOSC_2025-05-16_G21,10109838SANTOSC,2025-05-16,111442,1,4,0,312.0
10109838SANTOSC_2025-05-16_G22,10109838SANTOSC,2025-05-16,107236,1,3,0,146.0
10109838SANTOSC_2025-05-16_G23,10109838SANTOSC,2025-05-16,111465,1,8,0,92.0
10109838SANTOSC_2025-05-16_G24,10109838SANTOSC,2025-05-16,141047,1,8,0,647.0
10109838SANTOSC_2025-05-16_G25,10109838SANTOSC,2025-05-16,107629,1,8,0,90.0
10109838SANTOSC_2025-05-16_G26,10109838SANTOSC,2025-05-16,117855,1,9,0,153.0
10109838SANTOSC_2025-05-16_G27,10109838SANTOSC,2025-05-16,110711,1,3,0,173.0
10109838SANTOSC_2025-05-16_G28,10109838SANTOSC,2025-05-16,110372,1,20,0,739.0
10109838SANTOSC_2025-05-16_G29,10109838SANTOSC,2025-05-16,117820,1,30,0,232.0
10109838SANTOSC_2025-05-16_G30,10109838SANTOSC,2025-05-16,111438,1,2,0,716.0
10109838SANTOSC_2025-05-16_G31,10109838SANTOSC,2025-05-16,108770,1,2,0,110.0
10109838SANTOSC_2025-05-16_G32,10109838SANTOSC,2025-05-16,110339,1,2,0,281.0
10109838SANTOSC_2025-05-16_G33,10109838SANTOSC,2025-05-16,110515,1,2,0,275.0
10109838SANTOSC_2025-05-16_G34,10109838SANTOSC,2025-05-16,111467,1,2,0,117.0
10109838SANTOSC_2025-05-16_G35,10109838SANTOSC,2025-05-16,110740,1,1,0,69.0
10109838SANTOSC_2025-05-16_G36,10109838SANTOSC,2025-05-16,111469,1,4,0,77.0
10109838SANTOSC_2025-05-16_G37,10109838SANTOSC,2025-05-16,111463,1,2,0,148.0
10109838SANTOSC_2025-05-16_G38,10109838SANTOSC,2025-05-16,117830,1,2,0,89.0
10109838SANTOSC_2025-05-16_G39,10109838SANTOSC,2025-05-16,118004,1,4,0,3184.0
10109838SANTOSC_2025-05-16_G41,10109838SANTOSC,2025-05-16,109641,1,30,0,537.0
10109838SANTOSC_2025-05-16_G42,10109838SANTOSC,2025-05-16,111469,1,100,0,1008.0
10109838SANTOSC_2025-05-16_G43,10109838SANTOSC,2025-05-16,118140,1,40,0,516.0
10109838SANTOSC_2025-05-16_G44,10109838SANTOSC,2025-05-16,111418,1,250,0,1703.0
10109838SANTOSC_2025-05-16_G45,10109838SANTOSC,2025-05-16,141047,1,80,0,1499.0
10109838SANTOSC_2025-05-17_G02,10109838SANTOSC,2025-05-17,109640,1,4,0,406.0
10109838SANTOSC_2025-05-17_G03,10109838SANTOSC,2025-05-17,110751,1,2,0,170.0
10109838SANTOSC_2025-05-17_G04,10109838SANTOSC,2025-05-17,111462,1,2,0,82.0
10109838SANTOSC_2025-05-17_G05,10109838SANTOSC,2025-05-17,111469,1,2,0,152.0
10109838SANTOSC_2025-05-17_G06,10109838SANTOSC,2025-05-17,111468,1,8,0,201.0
10109838SANTOSC_2025-05-17_G07,10109838SANTOSC,2025-05-17,117821,1,8,0,137.0
10109838SANTOSC_2025-05-17_G08,10109838SANTOSC,2025-05-17,111466,1,4,0,89.0
10109838SANTOSC_2025-05-17_G09,10109838SANTOSC,2025-05-17,111466,1,4,0,57.0
10109838SANTOSC_2025-05-17_G10,10109838SANTOSC,2025-05-17,111330,1,4,0,137.0
10109838SANTOSC_2025-05-17_G11,10109838SANTOSC,2025-05-17,117842,1,16,0,439.0
10109838SANTOSC_2025-05-17_G12,10109838SANTOSC,2025-05-17,117820,3,12,22,110.0
10109838SANTOSC_2025-05-17_G13,10109838SANTOSC,2025-05-17,117820,1,12,0,210.0
10109838SANTOSC_2025-05-17_G14,10109838SANTOSC,2025-05-17,117820,1,4,0,38.0
10109838SANTOSC_2025-05-17_G15,10109838SANTOSC,2025-05-17,117820,1,4,0,35.0
10109838SANTOSC_2025-05-17_G16,10109838SANTOSC,2025-05-17,117820,1,12,0,183.0
10109838SANTOSC_2025-05-17_G17,10109838SANTOSC,2025-05-17,117820,1,4,0,49.0
10109838SANTOSC_2025-05-17_G18,10109838SANTOSC,2025-05-17,117832,1,2,0,223.0
10109838SANTOSC_2025-05-17_G19,10109838SANTOSC,2025-05-17,111569,1,8,0,635.0
10109838SANTOSC_2025-05-17_G20,10109838SANTOSC,2025-05-17,108711,1,6,0,413.0
10109838SANTOSC_2025-05-17_G21,10109838SANTOSC,2025-05-17,111463,1,4,0,112.0
10109838SANTOSC_2025-05-17_G22,10109838SANTOSC,2025-05-17,117821,1,6,0,77.0
10109838SANTOSC_2025-05-17_G23,10109838SANTOSC,2025-05-17,111418,1,18,0,284.0
10109838SANTOSC_2025-05-17_G24,10109838SANTOSC,2025-05-17,111442,1,6,0,158.0
10109838SANTOSC_2025-05-17_G25,10109838SANTOSC,2025-05-17,117785,1,18,0,1209.0
10109838SANTOSC_2025-05-17_G26,10109838SANTOSC,2025-05-17,111465,1,6,0,132.0
10109838SANTOSC_2025-05-17_G27,10109838SANTOSC,2025-05-17,111441,1,4,0,1730.0
10109838SANTOSC_2025-05-17_G28,10109838SANTOSC,2025-05-17,109933,1,4,0,153.0
10109838SANTOSC_2025-05-17_G29,10109838SANTOSC,2025-05-17,109933,1,4,0,38.0
10109838SANTOSC_2025-05-17_G30,10109838SANTOSC,2025-05-17,111430,1,4,0,162.0
10109838SANTOSC_2025-05-17_G31,10109838SANTOSC,2025-05-17,100334,1,12,0,227.0
10109838SANTOSC_2025-05-17_G32,10109838SANTOSC,2025-05-17,118222,1,8,0,758.0
10109838SANTOSC_2025-05-17_G33,10109838SANTOSC,2025-05-17,117835,1,4,0,181.0
10109838SANTOSC_2025-05-17_G34,10109838SANTOSC,2025-05-17,110895,1,4,0,165.0
10109838SANTOSC_2025-05-17_G35,10109838SANTOSC,2025-05-17,110895,1,6,0,105.0
10109838SANTOSC_2025-05-17_G36,10109838SANTOSC,2025-05-17,110895,1,6,0,85.0
10109838SANTOSC_2025-05-17_G37,10109838SANTOSC,2025-05-17,111569,1,4,0,256.0
10109838SANTOSC_2025-05-17_G38,10109838SANTOSC,2025-05-17,109937,1,8,0,245.0
10109838SANTOSC_2025-05-17_G39,10109838SANTOSC,2025-05-17,111438,1,20,0,1497.0
10109838SANTOSC_2025-05-17_G40,10109838SANTOSC,2025-05-17,118094,1,6,0,3219.0
10109838SANTOSC_2025-05-17_G41,10109838SANTOSC,2025-05-17,107629,1,4,0,114.0
10109838SANTOSC_2025-05-17_G42,10109838SANTOSC,2025-05-17,117855,1,17,0,389.0
10109838SANTOSC_2025-05-17_G43,10109838SANTOSC,2025-05-17,117935,1,5,0,159.0
10109838SANTOSC_2025-05-17_G44,10109838SANTOSC,2025-05-17,111467,1,4,0,103.0
10109838SANTOSC_2025-05-17_G45,10109838SANTOSC,2025-05-17,110515,1,8,0,66.0
10109838SANTOSC_2025-05-17_G46,10109838SANTOSC,2025-05-17,110515,1,8,0,341.0
10109838SANTOSC_2025-05-17_G47,10109838SANTOSC,2025-05-17,111530,1,11,0,176.0
10109838SANTOSC_2025-05-17_G48,10109838SANTOSC,2025-05-17,118094,1,18,0,569.0
10109838SANTOSC_2025-05-17_G49,10109838SANTOSC,2025-05-17,118298,1,2,0,221.0
10109838SANTOSC_2025-05-17_G51,10109838SANTOSC,2025-05-17,110751,1,2,0,1091.0
10109838SANTOSC_2025-05-17_G52,10109838SANTOSC,2025-05-17,160055,1,12,0,262.0
10109838SANTOSC_2025-05-17_G53,10109838SANTOSC,2025-05-17,110063,1,4,0,960.0
10109838SANTOSC_2025-05-19_G02,10109838SANTOSC,2025-05-19,107629,1,4,0,196.0
10109838SANTOSC_2025-05-19_G03,10109838SANTOSC,2025-05-19,111876,1,2,0,125.0
10109838SANTOSC_2025-05-19_G04,10109838SANTOSC,2025-05-19,110752,1,2,0,111.0
10109838SANTOSC_2025-05-19_G05,10109838SANTOSC,2025-05-19,117856,1,2,0,92.0
10109838SANTOSC_2025-05-19_G06,10109838SANTOSC,2025-05-19,110515,1,3,0,100.0
10109838SANTOSC_2025-05-19_G07,10109838SANTOSC,2025-05-19,108711,1,2,0,136.0
10109838SANTOSC_2025-05-19_G08,10109838SANTOSC,2025-05-19,111468,1,1,0,38.0
10109838SANTOSC_2025-05-19_G09,10109838SANTOSC,2025-05-19,117821,1,4,0,64.0
10109838SANTOSC_2025-05-19_G10,10109838SANTOSC,2025-05-19,111466,1,8,0,96.0
10109838SANTOSC_2025-05-19_G11,10109838SANTOSC,2025-05-19,111418,1,2,0,131.0
10109838SANTOSC_2025-05-19_G12,10109838SANTOSC,2025-05-19,109645,1,4,0,143.0
10109838SANTOSC_2025-05-19_G13,10109838SANTOSC,2025-05-19,117831,1,4,0,74.0
10109838SANTOSC_2025-05-19_G14,10109838SANTOSC,2025-05-19,111348,1,3,0,74.0
10109838SANTOSC_2025-05-19_G15,10109838SANTOSC,2025-05-19,111444,1,2,0,42.0
10109838SANTOSC_2025-05-19_G16,10109838SANTOSC,2025-05-19,117785,1,4,0,125.0
10109838SANTOSC_2025-05-19_G17,10109838SANTOSC,2025-05-19,118306,1,2,0,471.0
10109838SANTOSC_2025-05-19_G18,10109838SANTOSC,2025-05-19,110755,1,4,0,93.0
10109838SANTOSC_2025-05-19_G19,10109838SANTOSC,2025-05-19,117837,1,2,0,204.0
10109838SANTOSC_2025-05-19_G20,10109838SANTOSC,2025-05-19,111467,1,4,0,153.0
10109838SANTOSC_2025-05-19_G21,10109838SANTOSC,2025-05-19,110515,1,2,0,117.0
10109838SANTOSC_2025-05-19_G22,10109838SANTOSC,2025-05-19,111462,1,8,0,178.0
10109838SANTOSC_2025-05-19_G23,10109838SANTOSC,2025-05-19,111466,1,12,0,342.0
10109838SANTOSC_2025-05-19_G24,10109838SANTOSC,2025-05-19,111532,1,2,0,105.0
10109838SANTOSC_2025-05-19_G25,10109838SANTOSC,2025-05-19,108794,1,2,0,84.0
10109838SANTOSC_2025-05-19_G26,10109838SANTOSC,2025-05-19,111418,1,4,0,86.0
10109838SANTOSC_2025-05-19_G27,10109838SANTOSC,2025-05-19,118223,1,2,0,73.0
10109838SANTOSC_2025-05-19_G28,10109838SANTOSC,2025-05-19,109645,1,1,0,75.0
10109838SANTOSC_2025-05-19_G29,10109838SANTOSC,2025-05-19,111468,1,4,0,1627.0
10109838SANTOSC_2025-05-19_G30,10109838SANTOSC,2025-05-19,110325,1,8,0,119.0
10109838SANTOSC_2025-05-19_G31,10109838SANTOSC,2025-05-19,107830,1,2,0,78.0
10109838SANTOSC_2025-05-19_G32,10109838SANTOSC,2025-05-19,110375,1,4,0,152.0
10109838SANTOSC_2025-05-19_G33,10109838SANTOSC,2025-05-19,117808,1,6,0,140.0
10109838SANTOSC_2025-05-19_G34,10109838SANTOSC,2025-05-19,110373,1,10,0,481.0
10109838SANTOSC_2025-05-19_G35,10109838SANTOSC,2025-05-19,117820,1,11,0,188.0
10109838SANTOSC_2025-05-19_G36,10109838SANTOSC,2025-05-19,117832,1,3,0,120.0
10109838SANTOSC_2025-05-19_G37,10109838SANTOSC,2025-05-19,117830,1,2,0,43.0
10109838SANTOSC_2025-05-19_G38,10109838SANTOSC,2025-05-19,110375,1,2,0,59.0
10109838SANTOSC_2025-05-19_G39,10109838SANTOSC,2025-05-19,118299,1,25,0,185.0
10109838SANTOSC_2025-05-19_G40,10109838SANTOSC,2025-05-19,100334,1,4,0,1748.0
10109838SANTOSC_2025-05-19_G41,10109838SANTOSC,2025-05-19,111850,1,2,0,177.0
10109838SANTOSC_2025-05-19_G42,10109838SANTOSC,2025-05-19,118222,1,23,0,285.0
10109838SANTOSC_2025-05-19_G43,10109838SANTOSC,2025-05-19,118290,1,5,0,381.0
10109838SANTOSC_2025-05-19_G44,10109838SANTOSC,2025-05-19,118306,1,3,0,54.0
10109838SANTOSC_2025-05-19_G45,10109838SANTOSC,2025-05-19,118306,1,4,0,40.0
10109838SANTOSC_2025-05-19_G46,10109838SANTOSC,2025-05-19,111861,1,2,0,315.0
10109838SANTOSC_2025-05-19_G47,10109838SANTOSC,2025-05-19,111660,1,1,0,60.0
10109838SANTOSC_2025-05-19_G48,10109838SANTOSC,2025-05-19,111660,1,6,0,161.0
10109838SANTOSC_2025-05-19_G49,10109838SANTOSC,2025-05-19,117835,1,2,0,110.0
10109838SANTOSC_2025-05-19_G50,10109838SANTOSC,2025-05-19,111438,1,3,0,313.0
10109838SANTOSC_2025-05-19_G51,10109838SANTOSC,2025-05-19,110895,1,1,0,43.0
10109838SANTOSC_2025-05-19_G52,10109838SANTOSC,2025-05-19,111569,1,2,0,113.0
10109838SANTOSC_2025-05-19_G53,10109838SANTOSC,2025-05-19,111569,1,6,0,78.0
10109838SANTOSC_2025-05-19_G54,10109838SANTOSC,2025-05-19,117834,1,2,0,1458.0
10109838SANTOSC_2025-05-19_G55,10109838SANTOSC,2025-05-19,118140,1,2,0,1235.0
10109838SANTOSC_2025-05-19_G56,10109838SANTOSC,2025-05-19,118140,1,6,0,40.0
10109838SANTOSC_2025-05-19_G57,10109838SANTOSC,2025-05-19,118004,1,2,0,66.0
10109838SANTOSC_2025-05-19_G58,10109838SANTOSC,2025-05-19,109645,1,3,0,62.0
10109838SANTOSC_2025-05-19_G59,10109838SANTOSC,2025-05-19,117831,2,16,18,1227.0
10109838SANTOSC_2025-05-19_G60,10109838SANTOSC,2025-05-19,118317,1,1,0,146.0
10109838SANTOSC_2025-05-19_G61,10109838SANTOSC,2025-05-19,111433,1,1,0,36.0
10109838SANTOSC_2025-05-19_G62,10109838SANTOSC,2025-05-19,107236,1,1,0,61.0
10109838SANTOSC_2025-05-19_G63,10109838SANTOSC,2025-05-19,111463,1,2,0,71.0
10109838SANTOSC_2025-05-19_G64,10109838SANTOSC,2025-05-19,111463,1,24,0,723.0
10109838SANTOSC_2025-05-19_G65,10109838SANTOSC,2025-05-19,117785,1,4,0,52.0
10109838SANTOSC_2025-05-19_G66,10109838SANTOSC,2025-05-19,117785,1,8,0,61.0
10109838SANTOSC_2025-05-19_G67,10109838SANTOSC,2025-05-19,117785,1,3,0,1414.0
10109838SANTOSC_2025-05-19_G68,10109838SANTOSC,2025-05-19,110740,1,3,0,220.0
10109838SANTOSC_2025-05-19_G69,10109838SANTOSC,2025-05-19,110740,1,2,0,45.0
10109838SANTOSC_2025-05-19_G70,10109838SANTOSC,2025-05-19,110751,1,5,0,83.0
10109838SANTOSC_2025-05-19_G71,10109838SANTOSC,2025-05-19,109641,1,3,0,70.0
10109838SANTOSC_2025-05-19_G72,10109838SANTOSC,2025-05-19,111468,1,6,0,160.0
10109838SANTOSC_2025-05-19_G73,10109838SANTOSC,2025-05-19,118140,1,16,0,147.0
10109838SANTOSC_2025-05-19_G74,10109838SANTOSC,2025-05-19,111532,1,2,0,82.0
10109838SANTOSC_2025-05-19_G75,10109838SANTOSC,2025-05-19,111532,1,4,0,39.0
10109838SANTOSC_2025-05-19_G76,10109838SANTOSC,2025-05-19,111330,1,3,0,54.0
10109838SANTOSC_2025-05-19_G77,10109838SANTOSC,2025-05-19,111330,2,6,28,41.0
10109838SANTOSC_2025-05-19_G78,10109838SANTOSC,2025-05-19,117842,1,6,0,96.0
10109838SANTOSC_2025-05-19_G79,10109838SANTOSC,2025-05-19,108794,1,3,0,50.0
10109838SANTOSC_2025-05-19_G80,10109838SANTOSC,2025-05-19,110748,1,2,0,74.0
10109838SANTOSC_2025-05-19_G81,10109838SANTOSC,2025-05-19,111418,2,44,12,489.0
10109838SANTOSC_2025-05-19_G83,10109838SANTOSC,2025-05-19,111120,1,6,0,408.0
10109838SANTOSC_2025-05-19_G84,10109838SANTOSC,2025-05-19,118298,1,6,0,1329.0
10109838SANTOSC_2025-05-19_G85,10109838SANTOSC,2025-05-19,107629,1,6,0,189.0
10109838SANTOSC_2025-05-20_G02,10109838SANTOSC,2025-05-20,118290,1,1,0,161.0
10109838SANTOSC_2025-05-20_G03,10109838SANTOSC,2025-05-20,118306,1,13,0,311.0
10109838SANTOSC_2025-05-20_G04,10109838SANTOSC,2025-05-20,117835,1,2,0,131.0
10109838SANTOSC_2025-05-20_G05,10109838SANTOSC,2025-05-20,111438,1,6,0,138.0
10109838SANTOSC_2025-05-20_G06,10109838SANTOSC,2025-05-20,110895,1,10,0,283.0
10109838SANTOSC_2025-05-20_G07,10109838SANTOSC,2025-05-20,108772,1,3,0,257.0
10109838SANTOSC_2025-05-20_G08,10109838SANTOSC,2025-05-20,108772,1,2,0,36.0
10109838SANTOSC_2025-05-20_G09,10109838SANTOSC,2025-05-20,118298,1,6,0,418.0
10109838SANTOSC_2025-05-20_G10,10109838SANTOSC,2025-05-20,117862,1,16,0,191.0
10109838SANTOSC_2025-05-20_G11,10109838SANTOSC,2025-05-20,117853,1,12,0,594.0
10109838SANTOSC_2025-05-20_G12,10109838SANTOSC,2025-05-20,117856,1,14,0,274.0
10109838SANTOSC_2025-05-20_G13,10109838SANTOSC,2025-05-20,118403,1,10,0,603.0
10109838SANTOSC_2025-05-20_G14,10109838SANTOSC,2025-05-20,117855,1,20,0,2420.0
10109838SANTOSC_2025-05-20_G15,10109838SANTOSC,2025-05-20,141047,1,10,0,152.0
10109838SANTOSC_2025-05-20_G16,10109838SANTOSC,2025-05-20,110711,1,10,0,536.0
10109838SANTOSC_2025-05-20_G17,10109838SANTOSC,2025-05-20,110515,1,12,0,161.0
10109838SANTOSC_2025-05-20_G18,10109838SANTOSC,2025-05-20,117786,1,15,0,1593.0
10109838SANTOSC_2025-05-20_G19,10109838SANTOSC,2025-05-20,110325,1,13,0,152.0
10109838SANTOSC_2025-05-20_G20,10109838SANTOSC,2025-05-20,110374,1,20,0,168.0
10109838SANTOSC_2025-05-20_G21,10109838SANTOSC,2025-05-20,117840,1,2,0,416.0
10109838SANTOSC_2025-05-20_G22,10109838SANTOSC,2025-05-20,117820,1,241,0,1262.0
10109838SANTOSC_2025-05-20_G23,10109838SANTOSC,2025-05-20,110376,1,30,0,166.0
10109838SANTOSC_2025-05-20_G24,10109838SANTOSC,2025-05-20,117830,1,30,0,479.0
10109838SANTOSC_2025-05-20_G25,10109838SANTOSC,2025-05-20,110371,1,30,0,316.0
10109838SANTOSC_2025-05-20_G26,10109838SANTOSC,2025-05-20,118299,1,300,0,1045.0
10109838SANTOSC_2025-05-20_G27,10109838SANTOSC,2025-05-20,117809,1,77,0,687.0
10109838SANTOSC_2025-05-20_G28,10109838SANTOSC,2025-05-20,110373,1,30,0,353.0
10109838SANTOSC_2025-05-20_G29,10109838SANTOSC,2025-05-20,111530,1,4,0,1117.0
10109838SANTOSC_2025-05-20_G30,10109838SANTOSC,2025-05-20,140911,1,3,0,346.0
10109838SANTOSC_2025-05-20_G31,10109838SANTOSC,2025-05-20,110751,1,4,0,150.0
10109838SANTOSC_2025-05-20_G32,10109838SANTOSC,2025-05-20,117842,1,4,0,129.0
10109838SANTOSC_2025-05-20_G33,10109838SANTOSC,2025-05-20,117842,1,4,0,52.0
10109838SANTOSC_2025-05-20_G34,10109838SANTOSC,2025-05-20,110711,1,4,0,395.0
10109838SANTOSC_2025-05-20_G35,10109838SANTOSC,2025-05-20,140922,1,2,0,176.0
10109838SANTOSC_2025-05-20_G36,10109838SANTOSC,2025-05-20,110787,1,4,0,294.0
10109838SANTOSC_2025-05-20_G38,10109838SANTOSC,2025-05-20,117808,1,100,0,256.0
10109838SANTOSC_2025-05-20_G39,10109838SANTOSC,2025-05-20,117809,1,70,0,1666.0
10109838SANTOSC_2025-05-20_G40,10109838SANTOSC,2025-05-20,109643,2,8,14,534.0
10109838SANTOSC_2025-05-20_G41,10109838SANTOSC,2025-05-20,110325,1,4,0,130.0
10109838SANTOSC_2025-05-20_G42,10109838SANTOSC,2025-05-20,110373,1,30,0,444.0
10109838SANTOSC_2025-05-20_G43,10109838SANTOSC,2025-05-20,107830,1,8,0,63.0
10109838SANTOSC_2025-05-20_G44,10109838SANTOSC,2025-05-20,110372,1,20,0,139.0
10109838SANTOSC_2025-05-20_G45,10109838SANTOSC,2025-05-20,118299,1,50,0,520.0
10109838SANTOSC_2025-05-20_G46,10109838SANTOSC,2025-05-20,117808,1,100,0,31.0
10109838SANTOSC_2025-05-21_G02,10109838SANTOSC,2025-05-21,117830,1,30,0,224.0
10109838SANTOSC_2025-05-21_G03,10109838SANTOSC,2025-05-21,117808,1,294,0,1036.0
10109838SANTOSC_2025-05-21_G04,10109838SANTOSC,2025-05-21,110752,1,3,0,1008.0
10109838SANTOSC_2025-05-21_G05,10109838SANTOSC,2025-05-21,117834,1,4,0,3510.0
10109838SANTOSC_2025-05-21_G06,10109838SANTOSC,2025-05-21,110895,1,3,0,447.0
10109838SANTOSC_2025-05-21_G07,10109838SANTOSC,2025-05-21,117861,1,7,0,256.0
10109838SANTOSC_2025-05-21_G08,10109838SANTOSC,2025-05-21,117856,1,2,0,840.0
10109838SANTOSC_2025-05-21_G09,10109838SANTOSC,2025-05-21,141047,1,2,0,92.0
10109838SANTOSC_2025-05-21_G10,10109838SANTOSC,2025-05-21,111530,1,3,0,74.0
10109838SANTOSC_2025-05-21_G11,10109838SANTOSC,2025-05-21,110515,1,5,0,59.0
10109838SANTOSC_2025-05-21_G12,10109838SANTOSC,2025-05-21,108711,1,2,0,130.0
10109838SANTOSC_2025-05-21_G13,10109838SANTOSC,2025-05-21,140922,1,8,0,85.0
10109838SANTOSC_2025-05-21_G14,10109838SANTOSC,2025-05-21,111466,1,2,0,183.0
10109838SANTOSC_2025-05-21_G15,10109838SANTOSC,2025-05-21,109645,1,2,0,92.0
10109838SANTOSC_2025-05-21_G16,10109838SANTOSC,2025-05-21,117785,1,3,0,74.0
10109838SANTOSC_2025-05-21_G17,10109838SANTOSC,2025-05-21,107830,1,6,0,130.0
10109838SANTOSC_2025-05-21_G18,10109838SANTOSC,2025-05-21,117830,1,8,0,278.0
10109838SANTOSC_2025-05-21_G19,10109838SANTOSC,2025-05-21,118299,1,5,0,440.0
10109838SANTOSC_2025-05-21_G20,10109838SANTOSC,2025-05-21,109974,1,1,0,598.0
10109838SANTOSC_2025-05-21_G21,10109838SANTOSC,2025-05-21,118094,1,4,0,302.0
10109838SANTOSC_2025-05-21_G22,10109838SANTOSC,2025-05-21,110339,1,3,0,96.0
10109838SANTOSC_2025-05-21_G23,10109838SANTOSC,2025-05-21,117855,1,4,0,255.0
10109838SANTOSC_2025-05-21_G24,10109838SANTOSC,2025-05-21,117856,1,5,0,93.0
10109838SANTOSC_2025-05-21_G25,10109838SANTOSC,2025-05-21,110711,1,2,0,115.0
10109838SANTOSC_2025-05-21_G26,10109838SANTOSC,2025-05-21,110515,1,3,0,214.0
10109838SANTOSC_2025-05-21_G27,10109838SANTOSC,2025-05-21,109645,1,4,0,313.0
10109838SANTOSC_2025-05-21_G28,10109838SANTOSC,2025-05-21,105705,1,3,0,140.0
10109838SANTOSC_2025-05-21_G29,10109838SANTOSC,2025-05-21,140922,1,4,0,67.0
10109838SANTOSC_2025-05-21_G30,10109838SANTOSC,2025-05-21,111466,1,3,0,57.0
10109838SANTOSC_2025-05-21_G31,10109838SANTOSC,2025-05-21,118140,1,1,0,32.0
10109838SANTOSC_2025-05-21_G32,10109838SANTOSC,2025-05-21,117833,1,4,0,67.0
10109838SANTOSC_2025-05-21_G33,10109838SANTOSC,2025-05-21,118004,1,2,0,62.0
10109838SANTOSC_2025-05-21_G34,10109838SANTOSC,2025-05-21,110373,1,4,0,173.0
10109838SANTOSC_2025-05-21_G35,10109838SANTOSC,2025-05-21,117820,1,4,0,84.0
10109838SANTOSC_2025-05-21_G36,10109838SANTOSC,2025-05-21,110372,1,6,0,148.0
10109838SANTOSC_2025-05-21_G37,10109838SANTOSC,2025-05-21,110375,1,4,0,131.0
10109838SANTOSC_2025-05-21_G38,10109838SANTOSC,2025-05-21,141202,1,11,0,219.0
10109838SANTOSC_2025-05-21_G39,10109838SANTOSC,2025-05-21,118299,1,11,0,234.0
10109838SANTOSC_2025-05-21_G40,10109838SANTOSC,2025-05-21,117809,1,6,0,85.0
10109838SANTOSC_2025-05-21_G41,10109838SANTOSC,2025-05-21,109645,1,4,0,654.0
10109838SANTOSC_2025-05-21_G42,10109838SANTOSC,2025-05-21,110745,1,1,0,95.0
10109838SANTOSC_2025-05-21_G43,10109838SANTOSC,2025-05-21,111348,1,3,0,115.0
10109838SANTOSC_2025-05-21_G45,10109838SANTOSC,2025-05-21,110373,1,6,0,244.0
10109838SANTOSC_2025-05-21_G46,10109838SANTOSC,2025-05-21,118299,1,12,0,147.0
10109838SANTOSC_2025-05-21_G47,10109838SANTOSC,2025-05-21,117809,1,1,0,42.0
10109838SANTOSC_2025-05-21_G48,10109838SANTOSC,2025-05-21,111430,1,4,0,602.0
10109838SANTOSC_2025-05-21_G49,10109838SANTOSC,2025-05-21,118222,1,1,0,89.0
10109838SANTOSC_2025-05-21_G50,10109838SANTOSC,2025-05-21,111440,1,4,0,85.0
10109838SANTOSC_2025-05-21_G51,10109838SANTOSC,2025-05-21,117835,1,1,0,85.0
10109838SANTOSC_2025-05-21_G52,10109838SANTOSC,2025-05-21,109647,1,4,0,192.0
10109838SANTOSC_2025-05-21_G53,10109838SANTOSC,2025-05-21,118298,1,4,0,166.0
10109838SANTOSC_2025-05-21_G54,10109838SANTOSC,2025-05-21,117861,1,6,0,229.0
10109838SANTOSC_2025-05-21_G55,10109838SANTOSC,2025-05-21,110515,1,4,0,107.0
10109838SANTOSC_2025-05-23_G02,10109838SANTOSC,2025-05-23,117834,1,2,0,248.0
10109838SANTOSC_2025-05-23_G03,10109838SANTOSC,2025-05-23,117786,1,1,0,117.0
10109838SANTOSC_2025-05-23_G04,10109838SANTOSC,2025-05-23,111602,1,2,0,90.0
10109838SANTOSC_2025-05-23_G05,10109838SANTOSC,2025-05-23,110515,1,2,0,95.0
10109838SANTOSC_2025-05-23_G06,10109838SANTOSC,2025-05-23,111466,1,3,0,144.0
10109838SANTOSC_2025-05-23_G07,10109838SANTOSC,2025-05-23,117831,1,4,0,96.0
10109838SANTOSC_2025-05-23_G08,10109838SANTOSC,2025-05-23,117785,1,4,0,140.0
10109838SANTOSC_2025-05-23_G09,10109838SANTOSC,2025-05-23,110373,1,3,0,322.0
10109838SANTOSC_2025-05-23_G10,10109838SANTOSC,2025-05-23,117820,1,11,0,234.0
10109838SANTOSC_2025-05-23_G11,10109838SANTOSC,2025-05-23,110372,1,9,0,218.0
10109838SANTOSC_2025-05-23_G12,10109838SANTOSC,2025-05-23,117808,1,34,0,909.0
10109838SANTOSC_2025-05-23_G13,10109838SANTOSC,2025-05-23,117832,1,10,0,129.0
10109838SANTOSC_2025-05-23_G14,10109838SANTOSC,2025-05-23,117830,1,4,0,53.0
10109838SANTOSC_2025-05-23_G15,10109838SANTOSC,2025-05-23,118299,1,18,0,135.0
10109838SANTOSC_2025-05-23_G16,10109838SANTOSC,2025-05-23,111650,1,4,0,1564.0
10109838SANTOSC_2025-05-23_G17,10109838SANTOSC,2025-05-23,117831,1,8,0,135.0
10109838SANTOSC_2025-05-23_G18,10109838SANTOSC,2025-05-23,117808,1,10,0,221.0
10109838SANTOSC_2025-05-23_G19,10109838SANTOSC,2025-05-23,110372,1,7,0,138.0
10109838SANTOSC_2025-05-23_G20,10109838SANTOSC,2025-05-23,109647,1,4,0,188.0
10109838SANTOSC_2025-05-23_G22,10109838SANTOSC,2025-05-23,117809,1,12,0,142.0
10109838SANTOSC_2025-05-23_G23,10109838SANTOSC,2025-05-23,117821,1,6,0,131.0
10109838SANTOSC_2025-05-23_G24,10109838SANTOSC,2025-05-23,111433,1,4,0,195.0
10109838SANTOSC_2025-05-23_G25,10109838SANTOSC,2025-05-23,118317,1,16,0,33.0
10109838SANTOSC_2025-05-23_G26,10109838SANTOSC,2025-05-23,111876,1,4,0,467.0
10109838SANTOSC_2025-05-23_G27,10109838SANTOSC,2025-05-23,111467,1,4,0,123.0
10109838SANTOSC_2025-05-23_G28,10109838SANTOSC,2025-05-23,110711,1,4,0,88.0
10109838SANTOSC_2025-05-23_G29,10109838SANTOSC,2025-05-23,117834,1,4,0,122.0
10109838SANTOSC_2025-05-23_G30,10109838SANTOSC,2025-05-23,111655,1,4,0,72.0
10109838SANTOSC_2025-05-23_G31,10109838SANTOSC,2025-05-23,117835,1,6,0,131.0
10109838SANTOSC_2025-05-23_G32,10109838SANTOSC,2025-05-23,111438,1,8,0,99.0
10109838SANTOSC_2025-05-23_G34,10109838SANTOSC,2025-05-23,118299,1,50,0,1185.0
10109838SANTOSC_2025-05-23_G35,10109838SANTOSC,2025-05-23,110372,1,30,0,329.0
10109838SANTOSC_2025-05-23_G36,10109838SANTOSC,2025-05-23,117832,1,40,0,772.0
10109838SANTOSC_2025-05-23_G37,10109838SANTOSC,2025-05-23,117830,1,40,0,208.0
10109838SANTOSC_2025-05-23_G38,10109838SANTOSC,2025-05-23,117820,1,50,0,799.0
10109838SANTOSC_2025-05-23_G39,10109838SANTOSC,2025-05-23,117855,1,4,0,477.0
10109838SANTOSC_2025-05-23_G40,10109838SANTOSC,2025-05-23,117855,1,14,0,71.0
10109838SANTOSC_2025-05-23_G41,10109838SANTOSC,2025-05-23,117853,1,8,0,315.0
10109838SANTOSC_2025-05-23_G42,10109838SANTOSC,2025-05-23,117786,1,35,0,775.0
10109838SANTOSC_2025-05-23_G43,10109838SANTOSC,2025-05-23,108711,1,1,0,100.0
10109838SANTOSC_2025-05-23_G44,10109838SANTOSC,2025-05-23,110373,1,20,0,141.0
10109838SANTOSC_2025-05-24_G02,10109838SANTOSC,2025-05-24,108772,1,2,0,206.0
10109838SANTOSC_2025-05-24_G03,10109838SANTOSC,2025-05-24,118298,1,10,0,213.0
10109838SANTOSC_2025-05-24_G04,10109838SANTOSC,2025-05-24,111467,1,10,0,193.0
10109838SANTOSC_2025-05-24_G05,10109838SANTOSC,2025-05-24,117856,1,4,0,107.0
10109838SANTOSC_2025-05-24_G06,10109838SANTOSC,2025-05-24,108361,1,1,0,116.0
10109838SANTOSC_2025-05-24_G07,10109838SANTOSC,2025-05-24,110515,1,10,0,485.0
10109838SANTOSC_2025-05-24_G08,10109838SANTOSC,2025-05-24,117842,1,4,0,166.0
10109838SANTOSC_2025-05-24_G09,10109838SANTOSC,2025-05-24,117821,1,10,0,119.0
10109838SANTOSC_2025-05-24_G10,10109838SANTOSC,2025-05-24,111418,1,60,0,512.0
10109838SANTOSC_2025-05-24_G11,10109838SANTOSC,2025-05-24,111418,1,20,0,146.0
10109838SANTOSC_2025-05-24_G12,10109838SANTOSC,2025-05-24,117834,1,4,0,641.0
10109838SANTOSC_2025-05-24_G13,10109838SANTOSC,2025-05-24,111441,1,2,0,154.0
10109838SANTOSC_2025-05-24_G14,10109838SANTOSC,2025-05-24,111438,1,4,0,115.0
10109838SANTOSC_2025-05-24_G15,10109838SANTOSC,2025-05-24,110755,2,2,13,236.0
10109838SANTOSC_2025-05-24_G16,10109838SANTOSC,2025-05-24,111569,1,2,0,131.0
10109838SANTOSC_2025-05-24_G17,10109838SANTOSC,2025-05-24,117837,1,2,0,216.0
10109838SANTOSC_2025-05-24_G18,10109838SANTOSC,2025-05-24,117862,1,4,0,72.0
10109838SANTOSC_2025-05-24_G19,10109838SANTOSC,2025-05-24,117855,1,4,0,110.0
10109838SANTOSC_2025-05-24_G20,10109838SANTOSC,2025-05-24,111467,1,2,0,107.0
10109838SANTOSC_2025-05-24_G21,10109838SANTOSC,2025-05-24,117856,1,4,0,154.0
10109838SANTOSC_2025-05-24_G22,10109838SANTOSC,2025-05-24,117786,1,4,0,76.0
10109838SANTOSC_2025-05-24_G23,10109838SANTOSC,2025-05-24,111602,1,4,0,118.0
10109838SANTOSC_2025-05-24_G24,10109838SANTOSC,2025-05-24,110515,1,4,0,96.0
10109838SANTOSC_2025-05-24_G25,10109838SANTOSC,2025-05-24,111530,1,2,0,639.0
10109838SANTOSC_2025-05-24_G26,10109838SANTOSC,2025-05-24,111443,1,4,0,931.0
10109838SANTOSC_2025-05-24_G27,10109838SANTOSC,2025-05-24,110740,1,4,0,143.0
10109838SANTOSC_2025-05-24_G28,10109838SANTOSC,2025-05-24,111462,1,4,0,117.0
10109838SANTOSC_2025-05-24_G29,10109838SANTOSC,2025-05-24,117785,1,6,0,89.0
10109838SANTOSC_2025-05-24_G30,10109838SANTOSC,2025-05-24,"111463, 109641",2,6,30,103.0
10109838SANTOSC_2025-05-24_G31,10109838SANTOSC,2025-05-24,117787,1,2,0,59.0
10109838SANTOSC_2025-05-24_G32,10109838SANTOSC,2025-05-24,108711,1,2,0,81.0
10109838SANTOSC_2025-05-24_G33,10109838SANTOSC,2025-05-24,111466,1,6,0,142.0
10109838SANTOSC_2025-05-24_G34,10109838SANTOSC,2025-05-24,117831,1,8,0,357.0
10109838SANTOSC_2025-05-24_G35,10109838SANTOSC,2025-05-24,118140,1,4,0,283.0
10109838SANTOSC_2025-05-24_G36,10109838SANTOSC,2025-05-24,118004,1,2,0,93.0
10109838SANTOSC_2025-05-24_G37,10109838SANTOSC,2025-05-24,109645,1,4,0,67.0
10109838SANTOSC_2025-05-24_G38,10109838SANTOSC,2025-05-24,117821,1,4,0,57.0
10109838SANTOSC_2025-05-24_G39,10109838SANTOSC,2025-05-24,111348,1,2,0,218.0
10109838SANTOSC_2025-05-24_G40,10109838SANTOSC,2025-05-24,111418,1,4,0,55.0
10109838SANTOSC_2025-05-24_G41,10109838SANTOSC,2025-05-24,117838,1,2,0,53.0
10109838SANTOSC_2025-05-24_G42,10109838SANTOSC,2025-05-24,109643,1,18,0,498.0
10109838SANTOSC_2025-05-24_G43,10109838SANTOSC,2025-05-24,118094,1,3,0,2067.0
10109838SANTOSC_2025-05-24_G44,10109838SANTOSC,2025-05-24,117786,1,5,0,221.0
10109838SANTOSC_2025-05-24_G45,10109838SANTOSC,2025-05-24,111530,1,8,0,416.0
10109838SANTOSC_2025-05-24_G46,10109838SANTOSC,2025-05-24,111462,1,5,0,232.0
10109838SANTOSC_2025-05-24_G47,10109838SANTOSC,2025-05-24,105705,1,1,0,102.0
10109838SANTOSC_2025-05-24_G48,10109838SANTOSC,2025-05-24,111468,1,5,0,68.0
10109838SANTOSC_2025-05-24_G49,10109838SANTOSC,2025-05-24,110371,1,5,0,143.0
10109838SANTOSC_2025-05-24_G50,10109838SANTOSC,2025-05-24,117808,1,5,0,86.0
10109838SANTOSC_2025-05-24_G51,10109838SANTOSC,2025-05-24,110373,1,8,0,198.0
10109838SANTOSC_2025-05-24_G52,10109838SANTOSC,2025-05-24,110325,1,5,0,686.0
10109838SANTOSC_2025-05-24_G53,10109838SANTOSC,2025-05-24,110374,1,8,0,137.0
10109838SANTOSC_2025-05-24_G54,10109838SANTOSC,2025-05-24,117808,1,8,0,100.0
10109838SANTOSC_2025-05-24_G55,10109838SANTOSC,2025-05-24,110373,1,1,0,84.0
10109838SANTOSC_2025-05-24_G56,10109838SANTOSC,2025-05-24,117820,1,3,0,145.0
10109838SANTOSC_2025-05-24_G57,10109838SANTOSC,2025-05-24,117832,1,2,0,100.0
10109838SANTOSC_2025-05-24_G58,10109838SANTOSC,2025-05-24,111569,1,9,0,131.0
10109838SANTOSC_2025-05-24_G60,10109838SANTOSC,2025-05-24,111761,1,19,0,407.0
10109838SANTOSC_2025-05-24_G61,10109838SANTOSC,2025-05-24,110751,2,31,26,2616.0
10109838SANTOSC_2025-05-24_G62,10109838SANTOSC,2025-05-24,111602,1,24,0,588.0
10109838SANTOSC_2025-05-24_G63,10109838SANTOSC,2025-05-24,111602,1,12,0,482.0
10109838SANTOSC_2025-05-26_G02,10109838SANTOSC,2025-05-26,110372,1,16,0,232.0
10109838SANTOSC_2025-05-26_G03,10109838SANTOSC,2025-05-26,111172,1,8,0,162.0
10109838SANTOSC_2025-05-26_G04,10109838SANTOSC,2025-05-26,118317,1,16,0,242.0
10109838SANTOSC_2025-05-26_G05,10109838SANTOSC,2025-05-26,110787,1,16,0,425.0
10109838SANTOSC_2025-05-26_G06,10109838SANTOSC,2025-05-26,117935,1,8,0,3238.0
10109838SANTOSC_2025-05-26_G07,10109838SANTOSC,2025-05-26,117855,1,16,0,582.0
10109838SANTOSC_2025-05-26_G08,10109838SANTOSC,2025-05-26,111569,1,4,0,140.0
10109838SANTOSC_2025-05-26_G09,10109838SANTOSC,2025-05-26,118222,1,4,0,1848.0
10109838SANTOSC_2025-05-26_G10,10109838SANTOSC,2025-05-26,118140,1,6,0,246.0
10109838SANTOSC_2025-05-26_G11,10109838SANTOSC,2025-05-26,109640,1,6,0,854.0
10109838SANTOSC_2025-05-26_G12,10109838SANTOSC,2025-05-26,111418,1,3,0,388.0
10109838SANTOSC_2025-05-26_G13,10109838SANTOSC,2025-05-26,111462,1,5,0,232.0
10109838SANTOSC_2025-05-26_G14,10109838SANTOSC,2025-05-26,111463,1,10,0,670.0
10109838SANTOSC_2025-05-26_G15,10109838SANTOSC,2025-05-26,105705,1,2,0,62.0
10109838SANTOSC_2025-05-26_G16,10109838SANTOSC,2025-05-26,111468,1,2,0,55.0
10109838SANTOSC_2025-05-26_G17,10109838SANTOSC,2025-05-26,111466,1,6,0,79.0
10109838SANTOSC_2025-05-26_G18,10109838SANTOSC,2025-05-26,118140,1,7,0,97.0
10109838SANTOSC_2025-05-26_G19,10109838SANTOSC,2025-05-26,110787,1,6,0,108.0
10109838SANTOSC_2025-05-26_G20,10109838SANTOSC,2025-05-26,110325,1,3,0,231.0
10109838SANTOSC_2025-05-26_G21,10109838SANTOSC,2025-05-26,110374,1,3,0,53.0
10109838SANTOSC_2025-05-26_G22,10109838SANTOSC,2025-05-26,110372,1,14,0,207.0
10109838SANTOSC_2025-05-26_G23,10109838SANTOSC,2025-05-26,110895,1,2,0,1614.0
10109838SANTOSC_2025-05-26_G24,10109838SANTOSC,2025-05-26,100334,1,2,0,257.0
10109838SANTOSC_2025-05-26_G25,10109838SANTOSC,2025-05-26,118222,1,2,0,89.0
10109838SANTOSC_2025-05-26_G26,10109838SANTOSC,2025-05-26,110741,1,4,0,139.0
10109838SANTOSC_2025-05-26_G27,10109838SANTOSC,2025-05-26,117935,1,1,0,148.0
10109838SANTOSC_2025-05-26_G28,10109838SANTOSC,2025-05-26,109640,1,2,0,187.0
10109838SANTOSC_2025-05-26_G29,10109838SANTOSC,2025-05-26,117853,1,4,0,930.0
10109838SANTOSC_2025-05-27_G02,10109838SANTOSC,2025-05-27,107830,1,10,0,312.0
10109838SANTOSC_2025-05-27_G03,10109838SANTOSC,2025-05-27,117808,1,74,0,1393.0
10109838SANTOSC_2025-05-27_G04,10109838SANTOSC,2025-05-27,117808,1,86,0,339.0
10109838SANTOSC_2025-05-27_G05,10109838SANTOSC,2025-05-27,110373,1,60,0,1525.0
10109838SANTOSC_2025-05-27_G06,10109838SANTOSC,2025-05-27,117820,1,40,0,883.0
10109838SANTOSC_2025-05-27_G07,10109838SANTOSC,2025-05-27,118299,1,250,0,1378.0
10109838SANTOSC_2025-05-27_G08,10109838SANTOSC,2025-05-27,110372,1,140,0,1137.0
10109838SANTOSC_2025-05-27_G09,10109838SANTOSC,2025-05-27,117830,1,16,0,377.0
10109838SANTOSC_2025-05-27_G10,10109838SANTOSC,2025-05-27,117809,1,40,0,212.0
10109838SANTOSC_2025-05-27_G11,10109838SANTOSC,2025-05-27,111348,1,10,0,425.0
10109838SANTOSC_2025-05-27_G12,10109838SANTOSC,2025-05-27,111466,1,30,0,656.0
10109838SANTOSC_2025-05-27_G13,10109838SANTOSC,2025-05-27,117831,1,16,0,341.0
10109838SANTOSC_2025-05-27_G15,10109838SANTOSC,2025-05-27,111438,1,30,0,746.0
10109838SANTOSC_2025-05-27_G16,10109838SANTOSC,2025-05-27,111530,1,10,0,525.0
10109838SANTOSC_2025-05-27_G17,10109838SANTOSC,2025-05-27,110373,1,10,0,153.0
10109838SANTOSC_2025-05-27_G19,10109838SANTOSC,2025-05-27,111438,1,20,0,307.0
10109838SANTOSC_2025-05-27_G20,10109838SANTOSC,2025-05-27,118299,1,2,0,298.0
10109838SANTOSC_2025-05-27_G21,10109838SANTOSC,2025-05-27,117808,1,2,0,171.0
10109838SANTOSC_2025-05-27_G22,10109838SANTOSC,2025-05-27,117855,1,18,0,1459.0
10109838SANTOSC_2025-05-27_G23,10109838SANTOSC,2025-05-27,117855,1,109,0,1051.0
10109838SANTOSC_2025-05-27_G24,10109838SANTOSC,2025-05-27,111467,1,90,0,470.0
10109838SANTOSC_2025-05-27_G25,10109838SANTOSC,2025-05-27,111602,1,33,0,458.0
10109838SANTOSC_2025-05-27_G26,10109838SANTOSC,2025-05-27,111466,1,446,0,1679.0
10109838SANTOSC_2025-05-27_G27,10109838SANTOSC,2025-05-27,111463,1,290,0,395.0
10109838SANTOSC_2025-05-27_G28,10109838SANTOSC,2025-05-27,118004,1,155,0,247.0
10109838SANTOSC_2025-05-28_G02,10109838SANTOSC,2025-05-28,117809,1,19,0,503.0
10109838SANTOSC_2025-05-28_G03,10109838SANTOSC,2025-05-28,109643,1,6,0,3059.0
10109838SANTOSC_2025-05-28_G04,10109838SANTOSC,2025-05-28,117808,1,2,0,168.0
10109838SANTOSC_2025-05-28_G05,10109838SANTOSC,2025-05-28,118222,1,4,0,852.0
10109838SANTOSC_2025-05-28_G06,10109838SANTOSC,2025-05-28,110741,1,2,0,73.0
10109838SANTOSC_2025-05-28_G07,10109838SANTOSC,2025-05-28,111602,1,5,0,292.0
10109838SANTOSC_2025-05-28_G08,10109838SANTOSC,2025-05-28,110515,1,2,0,373.0
10109838SANTOSC_2025-05-28_G09,10109838SANTOSC,2025-05-28,111443,1,4,0,850.0
10109838SANTOSC_2025-05-28_G10,10109838SANTOSC,2025-05-28,109641,1,8,0,445.0
10109838SANTOSC_2025-05-28_G11,10109838SANTOSC,2025-05-28,111469,1,6,0,270.0
10109838SANTOSC_2025-05-28_G12,10109838SANTOSC,2025-05-28,117831,1,10,0,108.0
10109838SANTOSC_2025-05-28_G13,10109838SANTOSC,2025-05-28,111172,1,6,0,168.0
10109838SANTOSC_2025-05-28_G14,10109838SANTOSC,2025-05-28,118140,1,2,0,98.0
10109838SANTOSC_2025-05-28_G15,10109838SANTOSC,2025-05-28,111418,1,10,0,158.0
10109838SANTOSC_2025-05-28_G16,10109838SANTOSC,2025-05-28,111465,1,6,0,128.0
10109838SANTOSC_2025-05-28_G17,10109838SANTOSC,2025-05-28,110742,1,2,0,302.0
10109838SANTOSC_2025-05-28_G18,10109838SANTOSC,2025-05-28,111463,1,4,0,678.0
10109838SANTOSC_2025-05-28_G19,10109838SANTOSC,2025-05-28,111172,1,7,0,194.0
10109838SANTOSC_2025-05-28_G20,10109838SANTOSC,2025-05-28,117785,1,20,0,355.0
10109838SANTOSC_2025-05-28_G21,10109838SANTOSC,2025-05-28,118299,1,22,0,543.0
10109838SANTOSC_2025-05-28_G22,10109838SANTOSC,2025-05-28,117808,1,18,0,145.0
10109838SANTOSC_2025-05-28_G23,10109838SANTOSC,2025-05-28,140911,1,4,0,1007.0
10109838SANTOSC_2025-05-28_G24,10109838SANTOSC,2025-05-28,117935,1,2,0,795.0
10109838SANTOSC_2025-05-28_G25,10109838SANTOSC,2025-05-28,110515,1,2,0,97.0
10109838SANTOSC_2025-05-28_G26,10109838SANTOSC,2025-05-28,111463,1,7,0,193.0
10109838SANTOSC_2025-05-28_G27,10109838SANTOSC,2025-05-28,111532,1,4,0,94.0
10109838SANTOSC_2025-05-28_G28,10109838SANTOSC,2025-05-28,118140,1,16,0,251.0
10109838SANTOSC_2025-05-28_G30,10109838SANTOSC,2025-05-28,111602,1,11,0,2347.0
10109838SANTOSC_2025-05-28_G31,10109838SANTOSC,2025-05-28,118140,1,10,0,191.0
10109838SANTOSC_2025-05-28_G32,10109838SANTOSC,2025-05-28,110787,1,2,0,89.0
10109838SANTOSC_2025-05-28_G33,10109838SANTOSC,2025-05-28,109640,1,10,0,899.0
10109838SANTOSC_2025-05-28_G34,10109838SANTOSC,2025-05-28,111431,1,2,0,98.0
10109838SANTOSC_2025-05-28_G35,10109838SANTOSC,2025-05-28,111431,1,6,0,71.0
10109838SANTOSC_2025-05-28_G36,10109838SANTOSC,2025-05-28,111431,1,2,0,63.0
10109838SANTOSC_2025-05-29_G02,10109838SANTOSC,2025-05-29,110092,1,1,0,191.0
10109838SANTOSC_2025-05-29_G04,10109838SANTOSC,2025-05-29,111431,1,1,0,114.0
10109838SANTOSC_2025-05-29_G05,10109838SANTOSC,2025-05-29,110711,1,16,0,309.0
10109838SANTOSC_2025-05-29_G06,10109838SANTOSC,2025-05-29,117855,1,6,0,167.0
10109838SANTOSC_2025-05-29_G07,10109838SANTOSC,2025-05-29,117785,1,20,0,452.0
10109838SANTOSC_2025-05-29_G08,10109838SANTOSC,2025-05-29,111418,1,33,0,445.0
10109838SANTOSC_2025-05-29_G09,10109838SANTOSC,2025-05-29,110373,1,13,0,268.0
10109838SANTOSC_2025-05-29_G10,10109838SANTOSC,2025-05-29,118299,1,100,0,1327.0
10109838SANTOSC_2025-05-29_G11,10109838SANTOSC,2025-05-29,117820,1,54,0,1435.0
10109838SANTOSC_2025-05-29_G12,10109838SANTOSC,2025-05-29,118298,1,1,0,1568.0
10109838SANTOSC_2025-05-29_G13,10109838SANTOSC,2025-05-29,111468,1,1,0,46.0
10109838SANTOSC_2025-05-29_G14,10109838SANTOSC,2025-05-29,117833,1,4,0,83.0
10109838SANTOSC_2025-05-29_G15,10109838SANTOSC,2025-05-29,110787,1,8,0,128.0
10109838SANTOSC_2025-05-29_G16,10109838SANTOSC,2025-05-29,110374,1,6,0,646.0
10109838SANTOSC_2025-05-29_G17,10109838SANTOSC,2025-05-29,118299,1,12,0,160.0
10109838SANTOSC_2025-05-29_G18,10109838SANTOSC,2025-05-29,109643,1,4,0,355.0
10109838SANTOSC_2025-05-29_G19,10109838SANTOSC,2025-05-29,140911,1,4,0,1125.0
10109838SANTOSC_2025-05-29_G20,10109838SANTOSC,2025-05-29,110515,1,12,0,508.0
10109838SANTOSC_2025-05-29_G21,10109838SANTOSC,2025-05-29,117935,1,8,0,727.0
10109838SANTOSC_2025-05-29_G22,10109838SANTOSC,2025-05-29,111530,1,8,0,1316.0
10109838SANTOSC_2025-05-29_G23,10109838SANTOSC,2025-05-29,117935,1,12,0,693.0
10109838SANTOSC_2025-05-29_G24,10109838SANTOSC,2025-05-29,118094,1,12,0,398.0
10109838SANTOSC_2025-05-29_G25,10109838SANTOSC,2025-05-29,111530,1,8,0,211.0
10109838SANTOSC_2025-05-29_G26,10109838SANTOSC,2025-05-29,140922,1,2,0,198.0
10109838SANTOSC_2025-05-29_G27,10109838SANTOSC,2025-05-29,111602,1,8,0,184.0
10109838SANTOSC_2025-05-29_G28,10109838SANTOSC,2025-05-29,110741,1,1,0,105.0
10109838SANTOSC_2025-05-29_G29,10109838SANTOSC,2025-05-29,118094,1,6,0,140.0
10109838SANTOSC_2025-05-29_G30,10109838SANTOSC,2025-05-29,118094,1,4,0,57.0
10109838SANTOSC_2025-05-29_G31,10109838SANTOSC,2025-05-29,107830,1,2,0,1148.0
10109838SANTOSC_2025-05-29_G32,10109838SANTOSC,2025-05-29,109641,1,2,0,301.0
10109838SANTOSC_2025-05-29_G33,10109838SANTOSC,2025-05-29,117831,1,1,0,88.0
10109838SANTOSC_2025-05-29_G34,10109838SANTOSC,2025-05-29,117833,1,4,0,61.0
10109838SANTOSC_2025-05-29_G35,10109838SANTOSC,2025-05-29,111465,1,2,0,62.0
10109838SANTOSC_2025-05-29_G36,10109838SANTOSC,2025-05-29,110741,1,2,0,95.0
10109838SANTOSC_2025-05-29_G37,10109838SANTOSC,2025-05-29,117786,1,4,0,104.0
10109838SANTOSC_2025-05-29_G38,10109838SANTOSC,2025-05-29,111530,1,1,0,46.0
10109838SANTOSC_2025-05-29_G39,10109838SANTOSC,2025-05-29,110373,1,4,0,115.0
10109838SANTOSC_2025-05-29_G41,10109838SANTOSC,2025-05-29,110740,1,6,0,83.0
10109838SANTOSC_2025-05-29_G42,10109838SANTOSC,2025-05-29,110740,1,4,0,31.0
10109838SANTOSC_2025-05-29_G43,10109838SANTOSC,2025-05-29,105705,1,8,0,172.0
10109838SANTOSC_2025-05-29_G44,10109838SANTOSC,2025-05-29,105705,1,4,0,60.0
10109838SANTOSC_2025-05-29_G45,10109838SANTOSC,2025-05-29,110371,1,20,0,527.0
10109838SANTOSC_2025-05-29_G46,10109838SANTOSC,2025-05-29,117808,1,100,0,501.0
10109838SANTOSC_2025-05-30_G02,10109838SANTOSC,2025-05-30,110711,1,9,0,794.0
10109838SANTOSC_2025-05-30_G03,10109838SANTOSC,2025-05-30,116241,1,4,0,710.0
10109838SANTOSC_2025-05-30_G04,10109838SANTOSC,2025-05-30,111469,1,6,0,197.0
10109838SANTOSC_2025-05-30_G05,10109838SANTOSC,2025-05-30,111442,1,6,0,1454.0
10109838SANTOSC_2025-05-30_G06,10109838SANTOSC,2025-05-30,110745,1,6,0,1216.0
10109838SANTOSC_2025-05-30_G07,10109838SANTOSC,2025-05-30,109933,1,2,0,117.0
10109838SANTOSC_2025-05-30_G08,10109838SANTOSC,2025-05-30,110787,1,12,0,250.0
10109838SANTOSC_2025-05-30_G09,10109838SANTOSC,2025-05-30,117862,1,4,0,703.0
10109838SANTOSC_2025-05-30_G10,10109838SANTOSC,2025-05-30,110711,1,2,0,112.0
10109838SANTOSC_2025-05-30_G11,10109838SANTOSC,2025-05-30,110313,1,4,0,276.0
10109838SANTOSC_2025-05-30_G12,10109838SANTOSC,2025-05-30,117856,1,4,0,89.0
10109838SANTOSC_2025-05-30_G13,10109838SANTOSC,2025-05-30,110515,1,4,0,50.0
10109838SANTOSC_2025-05-30_G14,10109838SANTOSC,2025-05-30,110374,1,4,0,135.0
10109838SANTOSC_2025-05-30_G15,10109838SANTOSC,2025-05-30,110373,1,4,0,131.0
10109838SANTOSC_2025-05-30_G16,10109838SANTOSC,2025-05-30,110372,1,4,0,615.0
10109838SANTOSC_2025-05-30_G17,10109838SANTOSC,2025-05-30,110376,1,2,0,157.0
10109838SANTOSC_2025-05-30_G18,10109838SANTOSC,2025-05-30,118299,1,6,0,115.0
10109838SANTOSC_2025-05-30_G19,10109838SANTOSC,2025-05-30,117820,1,2,0,56.0
10109838SANTOSC_2025-05-30_G20,10109838SANTOSC,2025-05-30,117820,1,5,0,43.0
10109838SANTOSC_2025-05-30_G21,10109838SANTOSC,2025-05-30,117830,1,4,0,103.0
10109838SANTOSC_2025-05-30_G22,10109838SANTOSC,2025-05-30,111743,1,4,0,311.0
10109838SANTOSC_2025-05-30_G23,10109838SANTOSC,2025-05-30,111463,1,4,0,307.0
10109838SANTOSC_2025-05-30_G24,10109838SANTOSC,2025-05-30,110745,1,4,0,90.0
10109838SANTOSC_2025-05-30_G25,10109838SANTOSC,2025-05-30,111466,1,6,0,115.0
10109838SANTOSC_2025-05-30_G26,10109838SANTOSC,2025-05-30,111469,1,20,0,374.0
10109838SANTOSC_2025-05-30_G27,10109838SANTOSC,2025-05-30,117831,1,2,0,60.0
10109838SANTOSC_2025-05-30_G28,10109838SANTOSC,2025-05-30,110787,1,1,0,94.0
10109838SANTOSC_2025-05-30_G29,10109838SANTOSC,2025-05-30,111465,1,1,0,46.0
10109838SANTOSC_2025-05-30_G30,10109838SANTOSC,2025-05-30,117861,1,4,0,150.0
10109838SANTOSC_2025-05-30_G31,10109838SANTOSC,2025-05-30,111602,1,5,0,150.0
10109838SANTOSC_2025-05-30_G32,10109838SANTOSC,2025-05-30,111743,1,6,0,275.0
10109838SANTOSC_2025-05-30_G33,10109838SANTOSC,2025-05-30,111463,1,12,0,345.0
10109838SANTOSC_2025-05-30_G34,10109838SANTOSC,2025-05-30,111466,1,6,0,107.0
10109838SANTOSC_2025-05-30_G35,10109838SANTOSC,2025-05-30,117785,1,2,0,300.0
10109838SANTOSC_2025-05-30_G36,10109838SANTOSC,2025-05-30,117821,1,2,0,73.0
10109838SANTOSC_2025-05-30_G37,10109838SANTOSC,2025-05-30,117820,1,2,0,93.0
10109838SANTOSC_2025-05-30_G38,10109838SANTOSC,2025-05-30,110372,1,4,0,729.0
10109838SANTOSC_2025-05-30_G40,10109838SANTOSC,2025-05-30,111602,1,4,0,238.0
10109838SANTOSC_2025-05-30_G41,10109838SANTOSC,2025-05-30,140911,2,4,8,333.0
10109838SANTOSC_2025-05-30_G42,10109838SANTOSC,2025-05-30,109640,1,1,0,322.0
10109838SANTOSC_2025-05-30_G43,10109838SANTOSC,2025-05-30,140988,1,4,0,247.0
10109838SANTOSC_2025-05-30_G44,10109838SANTOSC,2025-05-30,109640,1,6,0,249.0
10109838SANTOSC_2025-05-30_G45,10109838SANTOSC,2025-05-30,109640,1,34,0,1008.0
10109838SANTOSC_2025-05-30_G46,10109838SANTOSC,2025-05-30,109640,1,14,0,51.0
10109838SANTOSC_2025-05-30_G47,10109838SANTOSC,2025-05-30,108794,1,4,0,1041.0
10109838SANTOSC_2025-05-30_G48,10109838SANTOSC,2025-05-30,109640,1,14,0,751.0
10109838SANTOSC_2025-05-30_G50,10109838SANTOSC,2025-05-30,140922,2,39,11,250.0
10109838SANTOSC_2025-05-30_G51,10109838SANTOSC,2025-05-30,111466,2,20,7,534.0
10109838SANTOSC_2025-05-30_G52,10109838SANTOSC,2025-05-30,117833,3,38,17,514.0
10109838SANTOSC_2025-05-30_G53,10109838SANTOSC,2025-05-30,111532,1,15,0,325.0
10109838SANTOSC_2025-05-31_G02,10109838SANTOSC,2025-05-31,140922,1,4,0,148.0
10109838SANTOSC_2025-05-31_G03,10109838SANTOSC,2025-05-31,109641,1,8,0,171.0
10109838SANTOSC_2025-05-31_G04,10109838SANTOSC,2025-05-31,110374,1,41,0,1452.0
10109838SANTOSC_2025-05-31_G05,10109838SANTOSC,2025-05-31,110373,1,38,0,150.0
10109838SANTOSC_2025-05-31_G06,10109838SANTOSC,2025-05-31,110372,1,41,0,1247.0
10109838SANTOSC_2025-05-31_G07,10109838SANTOSC,2025-05-31,118299,1,40,0,614.0
10109838SANTOSC_2025-05-31_G08,10109838SANTOSC,2025-05-31,117832,1,7,0,2404.0
10109838SANTOSC_2025-05-31_G09,10109838SANTOSC,2025-05-31,110375,1,2,0,128.0
10109838SANTOSC_2025-05-31_G10,10109838SANTOSC,2025-05-31,110371,1,2,0,116.0
10109838SANTOSC_2025-05-31_G11,10109838SANTOSC,2025-05-31,117809,1,3,0,54.0
10109838SANTOSC_2025-05-31_G12,10109838SANTOSC,2025-05-31,117830,1,3,0,115.0
10109838SANTOSC_2025-05-31_G13,10109838SANTOSC,2025-05-31,117808,1,48,0,527.0
10109838SANTOSC_2025-05-31_G14,10109838SANTOSC,2025-05-31,117820,1,22,0,233.0
10109838SANTOSC_2025-05-31_G15,10109838SANTOSC,2025-05-31,111530,1,150,0,2940.0
10109838SANTOSC_2025-05-31_G16,10109838SANTOSC,2025-05-31,110515,1,20,0,131.0
10109838SANTOSC_2025-05-31_G17,10109838SANTOSC,2025-05-31,111463,1,25,0,456.0
10109838SANTOSC_2025-05-31_G18,10109838SANTOSC,2025-05-31,108711,1,50,0,537.0
10109838SANTOSC_2025-05-31_G19,10109838SANTOSC,2025-05-31,118140,1,120,0,1185.0
10109838SANTOSC_2025-05-31_G20,10109838SANTOSC,2025-05-31,111418,1,20,0,84.0
10109838SANTOSC_2025-05-31_G21,10109838SANTOSC,2025-05-31,110787,1,4,0,204.0
10109838SANTOSC_2025-05-31_G22,10109838SANTOSC,2025-05-31,110373,1,200,0,770.0
10109838SANTOSC_2025-05-31_G23,10109838SANTOSC,2025-05-31,117855,1,4,0,2301.0
10109838SANTOSC_2025-05-31_G24,10109838SANTOSC,2025-05-31,110372,2,10,8,131.0
10109838SANTOSC_2025-05-31_G25,10109838SANTOSC,2025-05-31,118299,1,8,0,164.0
10109838SANTOSC_2025-05-31_G26,10109838SANTOSC,2025-05-31,110375,1,4,0,157.0
10109838SANTOSC_2025-05-31_G27,10109838SANTOSC,2025-05-31,117809,1,3,0,62.0
10109838SANTOSC_2025-05-31_G28,10109838SANTOSC,2025-05-31,117820,1,4,0,77.0
10109838SANTOSC_2025-05-31_G29,10109838SANTOSC,2025-05-31,116241,1,3,0,206.0
10109838SANTOSC_2025-05-31_G30,10109838SANTOSC,2025-05-31,111466,1,6,0,280.0
10109838SANTOSC_2025-05-31_G31,10109838SANTOSC,2025-05-31,111418,1,4,0,136.0
10109838SANTOSC_2025-05-31_G32,10109838SANTOSC,2025-05-31,117821,1,2,0,162.0
10109838SANTOSC_2025-05-31_G34,10109838SANTOSC,2025-05-31,110751,2,10,7,219.0
10109838SANTOSC_2025-05-31_G35,10109838SANTOSC,2025-05-31,111463,1,4,0,177.0
10109838SANTOSC_2025-05-31_G36,10109838SANTOSC,2025-05-31,105705,1,8,0,71.0
10109838SANTOSC_2025-05-31_G37,10109838SANTOSC,2025-05-31,117838,1,4,0,104.0
10109838SANTOSC_2025-05-31_G38,10109838SANTOSC,2025-05-31,140922,1,10,0,112.0
10109838SANTOSC_2025-05-31_G39,10109838SANTOSC,2025-05-31,"111468, 110745",2,5,26,134.0
10109838SANTOSC_2025-05-31_G40,10109838SANTOSC,2025-05-31,108711,1,8,0,260.0
10109838SANTOSC_2025-05-31_G41,10109838SANTOSC,2025-05-31,111431,2,3,7,40.0
10109838SANTOSC_2025-05-31_G42,10109838SANTOSC,2025-05-31,117842,1,2,0,139.0
10109838SANTOSC_2025-05-31_G43,10109838SANTOSC,2025-05-31,109645,1,2,0,162.0
10109838SANTOSC_2025-05-31_G44,10109838SANTOSC,2025-05-31,111850,1,15,0,640.0
10109838SANTOSC_2025-05-31_G45,10109838SANTOSC,2025-05-31,107892,1,5,0,103.0
10109838SANTOSC_2025-05-31_G46,10109838SANTOSC,2025-05-31,110583,1,4,0,68.0
10109838SANTOSC_2025-05-31_G47,10109838SANTOSC,2025-05-31,110755,1,2,0,72.0
10109838SANTOSC_2025-06-07_G02,10109838SANTOSC,2025-06-07,107830,1,31,0,2958.0
10109838SANTOSC_2025-06-07_G03,10109838SANTOSC,2025-06-07,110374,1,4,0,1115.0
10109838SANTOSC_2025-06-07_G04,10109838SANTOSC,2025-06-07,117808,1,40,0,115.0
10109838SANTOSC_2025-06-07_G05,10109838SANTOSC,2025-06-07,109643,1,4,0,314.0
10109838SANTOSC_2025-06-07_G06,10109838SANTOSC,2025-06-07,110376,1,2,0,135.0
10109838SANTOSC_2025-06-07_G07,10109838SANTOSC,2025-06-07,117830,1,2,0,94.0
10109838SANTOSC_2025-06-07_G08,10109838SANTOSC,2025-06-07,108795,1,3,0,590.0
10109838SANTOSC_2025-06-07_G09,10109838SANTOSC,2025-06-07,111462,1,4,0,154.0
10109838SANTOSC_2025-06-07_G10,10109838SANTOSC,2025-06-07,117842,1,2,0,408.0
10109838SANTOSC_2025-06-07_G11,10109838SANTOSC,2025-06-07,111418,1,3,0,45.0
10109838SANTOSC_2025-06-07_G12,10109838SANTOSC,2025-06-07,111348,1,2,0,127.0
10109838SANTOSC_2025-06-07_G13,10109838SANTOSC,2025-06-07,117821,1,2,0,180.0
10109838SANTOSC_2025-06-07_G14,10109838SANTOSC,2025-06-07,110787,1,6,0,52.0
10109838SANTOSC_2025-06-07_G15,10109838SANTOSC,2025-06-07,117831,1,4,0,749.0
10109838SANTOSC_2025-06-07_G16,10109838SANTOSC,2025-06-07,111602,1,10,0,1347.0
10109838SANTOSC_2025-06-07_G17,10109838SANTOSC,2025-06-07,110313,1,5,0,411.0
10109838SANTOSC_2025-06-07_G18,10109838SANTOSC,2025-06-07,111530,1,6,0,63.0
10109838SANTOSC_2025-06-07_G19,10109838SANTOSC,2025-06-07,110515,1,4,0,107.0
10109838SANTOSC_2025-06-07_G20,10109838SANTOSC,2025-06-07,117856,1,4,0,67.0
10109838SANTOSC_2025-06-07_G21,10109838SANTOSC,2025-06-07,109937,1,4,0,200.0
10109838SANTOSC_2025-06-07_G22,10109838SANTOSC,2025-06-07,110374,1,20,0,213.0
10109838SANTOSC_2025-06-07_G23,10109838SANTOSC,2025-06-07,117808,1,8,0,2096.0
10109838SANTOSC_2025-06-07_G24,10109838SANTOSC,2025-06-07,110373,1,24,0,143.0
10109838SANTOSC_2025-06-07_G25,10109838SANTOSC,2025-06-07,110371,1,3,0,365.0
10109838SANTOSC_2025-06-07_G26,10109838SANTOSC,2025-06-07,111462,1,6,0,171.0
10109838SANTOSC_2025-06-07_G27,10109838SANTOSC,2025-06-07,109641,1,2,0,49.0
10109838SANTOSC_2025-06-07_G28,10109838SANTOSC,2025-06-07,105705,1,4,0,89.0
10109838SANTOSC_2025-06-07_G29,10109838SANTOSC,2025-06-07,140922,1,3,0,89.0
10109838SANTOSC_2025-06-07_G30,10109838SANTOSC,2025-06-07,111466,1,6,0,107.0
10109838SANTOSC_2025-06-07_G31,10109838SANTOSC,2025-06-07,109645,1,4,0,221.0
10109838SANTOSC_2025-06-07_G32,10109838SANTOSC,2025-06-07,111465,1,1,0,38.0
10109838SANTOSC_2025-06-07_G33,10109838SANTOSC,2025-06-07,110339,1,2,0,355.0
10109838SANTOSC_2025-06-07_G34,10109838SANTOSC,2025-06-07,111530,1,6,0,191.0
10109838SANTOSC_2025-06-07_G35,10109838SANTOSC,2025-06-07,110515,1,2,0,70.0
10109838SANTOSC_2025-06-09_G02,10109838SANTOSC,2025-06-09,117837,1,4,0,74.0
10109838SANTOSC_2025-06-09_G03,10109838SANTOSC,2025-06-09,111602,1,2,0,196.0
10109838SANTOSC_2025-06-09_G04,10109838SANTOSC,2025-06-09,118222,1,4,0,228.0
10109838SANTOSC_2025-06-09_G05,10109838SANTOSC,2025-06-09,110745,1,4,0,360.0
10109838SANTOSC_2025-06-09_G06,10109838SANTOSC,2025-06-09,111466,1,7,0,64.0
10109838SANTOSC_2025-06-09_G07,10109838SANTOSC,2025-06-09,111418,1,15,0,307.0
10109838SANTOSC_2025-06-09_G08,10109838SANTOSC,2025-06-09,110325,1,2,0,313.0
10109838SANTOSC_2025-06-09_G09,10109838SANTOSC,2025-06-09,110374,1,2,0,51.0
10109838SANTOSC_2025-06-09_G10,10109838SANTOSC,2025-06-09,110373,1,14,0,441.0
10109838SANTOSC_2025-06-09_G11,10109838SANTOSC,2025-06-09,118299,1,2,0,50.0
10109838SANTOSC_2025-06-09_G12,10109838SANTOSC,2025-06-09,110372,1,6,0,124.0
10109838SANTOSC_2025-06-09_G13,10109838SANTOSC,2025-06-09,110371,1,2,0,80.0
10109838SANTOSC_2025-06-09_G14,10109838SANTOSC,2025-06-09,117820,1,1,0,49.0
10109838SANTOSC_2025-06-09_G15,10109838SANTOSC,2025-06-09,110742,1,2,0,408.0
10109838SANTOSC_2025-06-09_G16,10109838SANTOSC,2025-06-09,110895,1,2,0,100.0
10109838SANTOSC_2025-06-09_G17,10109838SANTOSC,2025-06-09,117935,1,4,0,2146.0
10109838SANTOSC_2025-06-09_G18,10109838SANTOSC,2025-06-09,110339,1,4,0,333.0
10109838SANTOSC_2025-06-09_G19,10109838SANTOSC,2025-06-09,110515,1,5,0,175.0
10109838SANTOSC_2025-06-09_G20,10109838SANTOSC,2025-06-09,117856,1,3,0,62.0
10109838SANTOSC_2025-06-09_G21,10109838SANTOSC,2025-06-09,108795,1,1,0,117.0
10109838SANTOSC_2025-06-09_G22,10109838SANTOSC,2025-06-09,111463,1,2,0,79.0
10109838SANTOSC_2025-06-09_G23,10109838SANTOSC,2025-06-09,111469,1,2,0,79.0
10109838SANTOSC_2025-06-09_G24,10109838SANTOSC,2025-06-09,110745,1,2,0,47.0
10109838SANTOSC_2025-06-09_G25,10109838SANTOSC,2025-06-09,111172,1,4,0,138.0
10109838SANTOSC_2025-06-09_G26,10109838SANTOSC,2025-06-09,111418,1,10,0,218.0
10109838SANTOSC_2025-06-09_G27,10109838SANTOSC,2025-06-09,118140,1,6,0,248.0
10109838SANTOSC_2025-06-09_G28,10109838SANTOSC,2025-06-09,111444,1,6,0,646.0
10109838SANTOSC_2025-06-09_G29,10109838SANTOSC,2025-06-09,118317,1,3,0,57.0
10109838SANTOSC_2025-06-09_G30,10109838SANTOSC,2025-06-09,110374,1,4,0,123.0
10109838SANTOSC_2025-06-09_G31,10109838SANTOSC,2025-06-09,110373,1,4,0,127.0
10109838SANTOSC_2025-06-09_G32,10109838SANTOSC,2025-06-09,118299,1,6,0,101.0
10109838SANTOSC_2025-06-09_G33,10109838SANTOSC,2025-06-09,110372,1,7,0,92.0
10109838SANTOSC_2025-06-09_G34,10109838SANTOSC,2025-06-09,141202,1,4,0,142.0
10109838SANTOSC_2025-06-09_G35,10109838SANTOSC,2025-06-09,109640,1,4,0,3600.0
10109838SANTOSC_2025-06-09_G36,10109838SANTOSC,2025-06-09,109641,1,4,0,238.0
10109838SANTOSC_2025-06-09_G37,10109838SANTOSC,2025-06-09,108711,1,4,0,446.0
10109838SANTOSC_2025-06-09_G38,10109838SANTOSC,2025-06-09,110325,1,2,0,162.0
10109838SANTOSC_2025-06-09_G39,10109838SANTOSC,2025-06-09,117832,1,4,0,148.0
10109838SANTOSC_2025-06-09_G40,10109838SANTOSC,2025-06-09,110371,1,2,0,107.0
10109838SANTOSC_2025-06-09_G41,10109838SANTOSC,2025-06-09,110374,1,4,0,724.0
10109838SANTOSC_2025-06-09_G42,10109838SANTOSC,2025-06-09,117808,1,10,0,70.0
10109838SANTOSC_2025-06-09_G43,10109838SANTOSC,2025-06-09,110373,1,9,0,107.0
10109838SANTOSC_2025-06-09_G44,10109838SANTOSC,2025-06-09,118299,1,13,0,120.0
10109838SANTOSC_2025-06-09_G45,10109838SANTOSC,2025-06-09,110372,1,12,0,102.0
10109838SANTOSC_2025-06-09_G46,10109838SANTOSC,2025-06-09,110375,1,4,0,83.0
10109838SANTOSC_2025-06-09_G47,10109838SANTOSC,2025-06-09,110371,1,10,0,137.0
10109838SANTOSC_2025-06-09_G48,10109838SANTOSC,2025-06-09,110755,1,14,0,1603.0
10109838SANTOSC_2025-06-09_G49,10109838SANTOSC,2025-06-09,111438,1,3,0,280.0
10109838SANTOSC_2025-06-09_G50,10109838SANTOSC,2025-06-09,110895,1,6,0,78.0
10109838SANTOSC_2025-06-09_G51,10109838SANTOSC,2025-06-09,111439,1,8,0,162.0
10109838SANTOSC_2025-06-09_G52,10109838SANTOSC,2025-06-09,111602,1,4,0,69.0
10109838SANTOSC_2025-06-09_G54,10109838SANTOSC,2025-06-09,110742,1,4,0,388.0
10109838SANTOSC_2025-06-09_G55,10109838SANTOSC,2025-06-09,110747,1,16,0,375.0
10109838SANTOSC_2025-06-09_G56,10109838SANTOSC,2025-06-09,100334,1,23,0,364.0
10109838SANTOSC_2025-06-09_G57,10109838SANTOSC,2025-06-09,111569,2,32,17,346.0
10109838SANTOSC_2025-06-09_G58,10109838SANTOSC,2025-06-09,110741,1,5,0,533.0
10109838SANTOSC_2025-06-09_G59,10109838SANTOSC,2025-06-09,118094,1,2,0,40.0
10109838SANTOSC_2025-06-09_G60,10109838SANTOSC,2025-06-09,110339,1,2,0,42.0
10109838SANTOSC_2025-06-09_G61,10109838SANTOSC,2025-06-09,109640,1,14,0,89.0
10109838SANTOSC_2025-06-09_G62,10109838SANTOSC,2025-06-09,110313,1,10,0,293.0
10109838SANTOSC_2025-06-09_G63,10109838SANTOSC,2025-06-09,117832,1,4,0,107.0
10109838SANTOSC_2025-06-09_G64,10109838SANTOSC,2025-06-09,110372,1,34,0,472.0
10109838SANTOSC_2025-06-09_G65,10109838SANTOSC,2025-06-09,109640,2,40,10,1184.0
10109838SANTOSC_2025-06-09_G66,10109838SANTOSC,2025-06-09,110742,1,4,0,1940.0
10109838SANTOSC_2025-06-09_G67,10109838SANTOSC,2025-06-09,110747,1,14,0,309.0
10109838SANTOSC_2025-06-09_G68,10109838SANTOSC,2025-06-09,110747,1,4,0,118.0
10109838SANTOSC_2025-06-10_G02,10109838SANTOSC,2025-06-10,111463,1,6,0,316.0
10109838SANTOSC_2025-06-10_G03,10109838SANTOSC,2025-06-10,110741,1,2,0,1218.0
10109838SANTOSC_2025-06-10_G04,10109838SANTOSC,2025-06-10,111876,1,2,0,472.0
10109838SANTOSC_2025-06-10_G05,10109838SANTOSC,2025-06-10,117861,1,4,0,276.0
10109838SANTOSC_2025-06-10_G06,10109838SANTOSC,2025-06-10,117853,1,7,0,347.0
10109838SANTOSC_2025-06-10_G07,10109838SANTOSC,2025-06-10,110313,1,4,0,131.0
10109838SANTOSC_2025-06-10_G08,10109838SANTOSC,2025-06-10,111530,1,10,0,667.0
10109838SANTOSC_2025-06-10_G09,10109838SANTOSC,2025-06-10,117856,1,4,0,192.0
10109838SANTOSC_2025-06-10_G10,10109838SANTOSC,2025-06-10,110749,1,8,0,1600.0
10109838SANTOSC_2025-06-10_G11,10109838SANTOSC,2025-06-10,111569,1,4,0,210.0
10109838SANTOSC_2025-06-10_G12,10109838SANTOSC,2025-06-10,111438,1,2,0,126.0
10109838SANTOSC_2025-06-10_G13,10109838SANTOSC,2025-06-10,117785,1,3,0,435.0
10109838SANTOSC_2025-06-10_G14,10109838SANTOSC,2025-06-10,111418,1,10,0,794.0
10109838SANTOSC_2025-06-10_G15,10109838SANTOSC,2025-06-10,"110373, 110374",2,13,23,391.0
10109838SANTOSC_2025-06-10_G16,10109838SANTOSC,2025-06-10,117855,1,2,0,1438.0
10109838SANTOSC_2025-06-10_G17,10109838SANTOSC,2025-06-10,110515,1,8,0,205.0
10109838SANTOSC_2025-06-10_G18,10109838SANTOSC,2025-06-10,109647,1,6,0,733.0
10109838SANTOSC_2025-06-10_G19,10109838SANTOSC,2025-06-10,110733,1,6,0,113.0
10109838SANTOSC_2025-06-10_G20,10109838SANTOSC,2025-06-10,111463,1,12,0,763.0
10109838SANTOSC_2025-06-10_G21,10109838SANTOSC,2025-06-10,109641,1,8,0,204.0
10109838SANTOSC_2025-06-10_G22,10109838SANTOSC,2025-06-10,117785,1,26,0,506.0
10109838SANTOSC_2025-06-10_G23,10109838SANTOSC,2025-06-10,111469,1,12,0,142.0
10109838SANTOSC_2025-06-10_G24,10109838SANTOSC,2025-06-10,111182,1,4,0,65.0
10109838SANTOSC_2025-06-10_G25,10109838SANTOSC,2025-06-10,111466,1,10,0,413.0
10109838SANTOSC_2025-06-10_G26,10109838SANTOSC,2025-06-10,108711,1,5,0,195.0
10109838SANTOSC_2025-06-10_G27,10109838SANTOSC,2025-06-10,118140,1,10,0,134.0
10109838SANTOSC_2025-06-10_G28,10109838SANTOSC,2025-06-10,111418,1,60,0,132.0
10109838SANTOSC_2025-06-10_G29,10109838SANTOSC,2025-06-10,109645,1,4,0,305.0
10109838SANTOSC_2025-06-10_G30,10109838SANTOSC,2025-06-10,117787,1,4,0,49.0
10109838SANTOSC_2025-06-10_G31,10109838SANTOSC,2025-06-10,117821,1,8,0,172.0
10109838SANTOSC_2025-06-10_G32,10109838SANTOSC,2025-06-10,111465,1,10,0,90.0
10109838SANTOSC_2025-06-10_G33,10109838SANTOSC,2025-06-10,117831,1,16,0,500.0
10109838SANTOSC_2025-06-10_G34,10109838SANTOSC,2025-06-10,116241,2,22,7,788.0
10109838SANTOSC_2025-06-10_G36,10109838SANTOSC,2025-06-10,110733,1,8,0,759.0
10109838SANTOSC_2025-06-10_G37,10109838SANTOSC,2025-06-10,140957,1,4,0,173.0
10109838SANTOSC_2025-06-10_G38,10109838SANTOSC,2025-06-10,118417,1,4,0,173.0
10109838SANTOSC_2025-06-10_G39,10109838SANTOSC,2025-06-10,108798,1,6,0,435.0
10109838SANTOSC_2025-06-10_G40,10109838SANTOSC,2025-06-10,111434,1,4,0,166.0
10109838SANTOSC_2025-06-10_G41,10109838SANTOSC,2025-06-10,110372,1,12,0,214.0
10109838SANTOSC_2025-06-10_G42,10109838SANTOSC,2025-06-10,111532,1,4,0,164.0
10109838SANTOSC_2025-06-10_G43,10109838SANTOSC,2025-06-10,111530,1,8,0,223.0
10109838SANTOSC_2025-06-10_G44,10109838SANTOSC,2025-06-10,109640,1,1,0,124.0
10109838SANTOSC_2025-06-10_G45,10109838SANTOSC,2025-06-10,110750,1,1,0,83.0
10109838SANTOSC_2025-06-10_G46,10109838SANTOSC,2025-06-10,110733,1,2,0,179.0
10109838SANTOSC_2025-06-10_G47,10109838SANTOSC,2025-06-10,111441,1,4,0,1869.0
10109838SANTOSC_2025-06-10_G48,10109838SANTOSC,2025-06-10,110755,1,8,0,185.0
10109838SANTOSC_2025-06-10_G49,10109838SANTOSC,2025-06-10,111438,1,5,0,208.0
10109838SANTOSC_2025-06-10_G50,10109838SANTOSC,2025-06-10,118222,1,8,0,472.0
10109838SANTOSC_2025-06-10_G51,10109838SANTOSC,2025-06-10,110755,1,2,0,274.0
10109838SANTOSC_2025-06-10_G52,10109838SANTOSC,2025-06-10,111530,2,13,23,382.0
10109838SANTOSC_2025-06-10_G53,10109838SANTOSC,2025-06-10,110515,1,10,0,108.0
10109838SANTOSC_2025-06-10_G54,10109838SANTOSC,2025-06-10,111602,1,6,0,123.0
10109838SANTOSC_2025-06-10_G55,10109838SANTOSC,2025-06-10,117830,1,5,0,87.0
10109838SANTOSC_2025-06-10_G56,10109838SANTOSC,2025-06-10,110374,1,7,0,182.0
10109838SANTOSC_2025-06-10_G57,10109838SANTOSC,2025-06-10,117808,1,5,0,58.0
10109838SANTOSC_2025-06-12_G02,10109838SANTOSC,2025-06-12,110787,1,11,0,58.0
10109838SANTOSC_2025-06-12_G03,10109838SANTOSC,2025-06-12,108759,1,4,0,474.0
10109838SANTOSC_2025-06-12_G04,10109838SANTOSC,2025-06-12,111438,1,6,0,176.0
10109838SANTOSC_2025-06-12_G05,10109838SANTOSC,2025-06-12,111463,1,10,0,175.0
10109838SANTOSC_2025-06-12_G06,10109838SANTOSC,2025-06-12,111469,1,4,0,89.0
10109838SANTOSC_2025-06-12_G07,10109838SANTOSC,2025-06-12,140922,1,8,0,159.0
10109838SANTOSC_2025-06-12_G08,10109838SANTOSC,2025-06-12,111466,1,8,0,520.0
10109838SANTOSC_2025-06-12_G09,10109838SANTOSC,2025-06-12,108711,1,4,0,89.0
10109838SANTOSC_2025-06-12_G10,10109838SANTOSC,2025-06-12,118140,1,4,0,66.0
10109838SANTOSC_2025-06-12_G11,10109838SANTOSC,2025-06-12,111462,1,3,0,95.0
10109838SANTOSC_2025-06-12_G12,10109838SANTOSC,2025-06-12,117785,1,6,0,92.0
10109838SANTOSC_2025-06-12_G13,10109838SANTOSC,2025-06-12,117787,1,3,0,72.0
10109838SANTOSC_2025-06-12_G14,10109838SANTOSC,2025-06-12,117821,1,4,0,60.0
10109838SANTOSC_2025-06-12_G15,10109838SANTOSC,2025-06-12,111465,1,6,0,112.0
10109838SANTOSC_2025-06-12_G16,10109838SANTOSC,2025-06-12,111467,1,5,0,93.0
10109838SANTOSC_2025-06-12_G17,10109838SANTOSC,2025-06-12,111530,1,6,0,1513.0
10109838SANTOSC_2025-06-12_G18,10109838SANTOSC,2025-06-12,110373,1,8,0,133.0
10109838SANTOSC_2025-06-12_G19,10109838SANTOSC,2025-06-12,118299,1,30,0,171.0
10109838SANTOSC_2025-06-12_G20,10109838SANTOSC,2025-06-12,117832,1,4,0,129.0
10109838SANTOSC_2025-06-12_G21,10109838SANTOSC,2025-06-12,110371,1,20,0,458.0
10109838SANTOSC_2025-06-12_G22,10109838SANTOSC,2025-06-12,117809,1,4,0,111.0
10109838SANTOSC_2025-06-12_G23,10109838SANTOSC,2025-06-12,117820,1,8,0,163.0
10109838SANTOSC_2025-06-12_G24,10109838SANTOSC,2025-06-12,141202,1,3,0,690.0
10109838SANTOSC_2025-06-12_G25,10109838SANTOSC,2025-06-12,108759,1,8,0,384.0
10109838SANTOSC_2025-06-12_G26,10109838SANTOSC,2025-06-12,140911,1,14,0,384.0
10109838SANTOSC_2025-06-12_G27,10109838SANTOSC,2025-06-12,111850,1,4,0,190.0
10109838SANTOSC_2025-06-12_G28,10109838SANTOSC,2025-06-12,118094,1,8,0,167.0
10109838SANTOSC_2025-06-12_G30,10109838SANTOSC,2025-06-12,110325,1,4,0,138.0
10109838SANTOSC_2025-06-12_G31,10109838SANTOSC,2025-06-12,116241,1,4,0,98.0
10109838SANTOSC_2025-06-12_G32,10109838SANTOSC,2025-06-12,111469,1,8,0,88.0
10109838SANTOSC_2025-06-12_G33,10109838SANTOSC,2025-06-12,111418,1,15,0,160.0
10109838SANTOSC_2025-06-12_G34,10109838SANTOSC,2025-06-12,111435,1,8,0,191.0
10109838SANTOSC_2025-06-12_G35,10109838SANTOSC,2025-06-12,117855,1,2,0,126.0
10109838SANTOSC_2025-06-12_G36,10109838SANTOSC,2025-06-12,111530,1,12,0,200.0
10109838SANTOSC_2025-06-12_G37,10109838SANTOSC,2025-06-12,110755,1,11,0,396.0
10109838SANTOSC_2025-06-12_G38,10109838SANTOSC,2025-06-12,110747,1,8,0,167.0
10109838SANTOSC_2025-06-12_G39,10109838SANTOSC,2025-06-12,111569,1,5,0,309.0
10109838SANTOSC_2025-06-12_G40,10109838SANTOSC,2025-06-12,111438,1,21,0,493.0
10109838SANTOSC_2025-06-12_G41,10109838SANTOSC,2025-06-12,100334,1,11,0,179.0
10109838SANTOSC_2025-06-12_G42,10109838SANTOSC,2025-06-12,111602,1,20,0,2061.0
10109838SANTOSC_2025-06-12_G43,10109838SANTOSC,2025-06-12,140922,1,8,0,135.0
10109838SANTOSC_2025-06-12_G44,10109838SANTOSC,2025-06-12,108711,1,4,0,161.0
10109838SANTOSC_2025-06-12_G45,10109838SANTOSC,2025-06-12,110313,1,4,0,108.0
10109838SANTOSC_2025-06-12_G46,10109838SANTOSC,2025-06-12,111602,1,16,0,238.0
10109838SANTOSC_2025-06-12_G47,10109838SANTOSC,2025-06-12,117808,1,30,0,311.0
10109838SANTOSC_2025-06-12_G48,10109838SANTOSC,2025-06-12,110373,1,48,0,288.0
10109838SANTOSC_2025-06-12_G49,10109838SANTOSC,2025-06-12,118299,1,32,0,473.0
10109838SANTOSC_2025-06-12_G50,10109838SANTOSC,2025-06-12,110372,1,40,0,452.0
10109838SANTOSC_2025-06-12_G51,10109838SANTOSC,2025-06-12,117820,1,32,0,507.0
10109838SANTOSC_2025-06-12_G52,10109838SANTOSC,2025-06-12,108711,1,32,0,308.0
10109838SANTOSC_2025-06-12_G53,10109838SANTOSC,2025-06-12,118140,1,12,0,375.0
10109838SANTOSC_2025-06-12_G55,10109838SANTOSC,2025-06-12,110313,1,2,0,1091.0
10109838SANTOSC_2025-06-12_G56,10109838SANTOSC,2025-06-12,110733,1,4,0,113.0
10109838SANTOSC_2025-06-12_G57,10109838SANTOSC,2025-06-12,111602,1,4,0,79.0
10109838SANTOSC_2025-06-12_G58,10109838SANTOSC,2025-06-12,110895,1,4,0,294.0
10109838SANTOSC_2025-06-12_G59,10109838SANTOSC,2025-06-12,110747,1,4,0,183.0
10109838SANTOSC_2025-06-12_G60,10109838SANTOSC,2025-06-12,111468,1,6,0,177.0
10109838SANTOSC_2025-06-12_G61,10109838SANTOSC,2025-06-12,118140,1,12,0,179.0
10109838SANTOSC_2025-06-12_G62,10109838SANTOSC,2025-06-12,111532,1,20,0,167.0
10109838SANTOSC_2025-06-12_G63,10109838SANTOSC,2025-06-12,111418,1,8,0,373.0
10109838SANTOSC_2025-06-12_G64,10109838SANTOSC,2025-06-12,111435,1,5,0,180.0
10109838SANTOSC_2025-06-12_G65,10109838SANTOSC,2025-06-12,117835,1,3,0,122.0
10109838SANTOSC_2025-06-12_G66,10109838SANTOSC,2025-06-12,111438,1,14,0,338.0
10109838SANTOSC_2025-06-12_G67,10109838SANTOSC,2025-06-12,110895,1,4,0,95.0
10109838SANTOSC_2025-06-12_G68,10109838SANTOSC,2025-06-12,116527,1,4,0,157.0
10109838SANTOSC_2025-06-13_G02,10109838SANTOSC,2025-06-13,110372,1,26,0,224.0
10109838SANTOSC_2025-06-13_G03,10109838SANTOSC,2025-06-13,117830,1,1,0,342.0
10109838SANTOSC_2025-06-13_G04,10109838SANTOSC,2025-06-13,141202,1,4,0,166.0
10109838SANTOSC_2025-06-13_G05,10109838SANTOSC,2025-06-13,117809,1,4,0,159.0
10109838SANTOSC_2025-06-13_G06,10109838SANTOSC,2025-06-13,117820,1,8,0,183.0
10109838SANTOSC_2025-06-13_G07,10109838SANTOSC,2025-06-13,160051,1,2,0,75.0
10109838SANTOSC_2025-06-13_G08,10109838SANTOSC,2025-06-13,110372,1,26,0,93.0
10109838SANTOSC_2025-06-13_G09,10109838SANTOSC,2025-06-13,111465,1,1,0,203.0
10109838SANTOSC_2025-06-13_G10,10109838SANTOSC,2025-06-13,111463,1,30,0,736.0
10109838SANTOSC_2025-06-13_G11,10109838SANTOSC,2025-06-13,111469,1,36,0,1698.0
10109838SANTOSC_2025-06-13_G12,10109838SANTOSC,2025-06-13,111418,1,20,0,890.0
10109838SANTOSC_2025-06-13_G13,10109838SANTOSC,2025-06-13,111462,1,17,0,40.0
10109838SANTOSC_2025-06-13_G14,10109838SANTOSC,2025-06-13,111418,1,20,0,923.0
10109838SANTOSC_2025-06-13_G15,10109838SANTOSC,2025-06-13,118140,1,13,0,224.0
10109838SANTOSC_2025-06-13_G16,10109838SANTOSC,2025-06-13,110325,1,10,0,1803.0
10109838SANTOSC_2025-06-13_G17,10109838SANTOSC,2025-06-13,110374,1,10,0,241.0
10109838SANTOSC_2025-06-13_G18,10109838SANTOSC,2025-06-13,117808,1,20,0,225.0
10109838SANTOSC_2025-06-13_G19,10109838SANTOSC,2025-06-13,118299,1,12,0,137.0
10109838SANTOSC_2025-06-13_G20,10109838SANTOSC,2025-06-13,111469,1,10,0,191.0
10109838SANTOSC_2025-06-13_G21,10109838SANTOSC,2025-06-13,111466,1,12,0,260.0
10109838SANTOSC_2025-06-13_G22,10109838SANTOSC,2025-06-13,111418,1,10,0,165.0
10109838SANTOSC_2025-06-13_G23,10109838SANTOSC,2025-06-13,111530,1,10,0,222.0
10109838SANTOSC_2025-06-13_G24,10109838SANTOSC,2025-06-13,107629,1,4,0,1709.0
10109838SANTOSC_2025-06-13_G25,10109838SANTOSC,2025-06-13,109640,1,4,0,140.0
10109838SANTOSC_2025-06-13_G26,10109838SANTOSC,2025-06-13,111569,1,8,0,1514.0
10109838SANTOSC_2025-06-13_G27,10109838SANTOSC,2025-06-13,111441,1,8,0,149.0
10109838SANTOSC_2025-06-13_G28,10109838SANTOSC,2025-06-13,117855,1,13,0,220.0
10109838SANTOSC_2025-06-13_G29,10109838SANTOSC,2025-06-13,111530,1,7,0,607.0
10109838SANTOSC_2025-06-13_G30,10109838SANTOSC,2025-06-13,110325,1,15,0,270.0
10109838SANTOSC_2025-06-13_G31,10109838SANTOSC,2025-06-13,110374,1,1,0,36.0
10109838SANTOSC_2025-06-13_G32,10109838SANTOSC,2025-06-13,117808,1,20,0,213.0
10109838SANTOSC_2025-06-13_G33,10109838SANTOSC,2025-06-13,109643,1,12,0,97.0
10109838SANTOSC_2025-06-13_G35,10109838SANTOSC,2025-06-13,118299,1,11,0,127.0
10109838SANTOSC_2025-06-13_G36,10109838SANTOSC,2025-06-13,110372,1,5,0,54.0
10109838SANTOSC_2025-06-13_G37,10109838SANTOSC,2025-06-13,110372,1,31,0,196.0
10109838SANTOSC_2025-06-13_G38,10109838SANTOSC,2025-06-13,110371,1,14,0,272.0
10109838SANTOSC_2025-06-13_G39,10109838SANTOSC,2025-06-13,110372,1,100,0,693.0
10109838SANTOSC_2025-06-13_G40,10109838SANTOSC,2025-06-13,118299,1,360,0,707.0
10109838SANTOSC_2025-06-13_G41,10109838SANTOSC,2025-06-13,111430,1,10,0,2177.0
10109838SANTOSC_2025-06-13_G42,10109838SANTOSC,2025-06-13,111418,1,1,0,262.0
10109838SANTOSC_2025-06-13_G43,10109838SANTOSC,2025-06-13,111530,1,5,0,38.0
10109838SANTOSC_2025-06-13_G44,10109838SANTOSC,2025-06-13,118416,1,4,0,659.0
10109838SANTOSC_2025-06-13_G45,10109838SANTOSC,2025-06-13,105705,1,10,0,315.0
10109838SANTOSC_2025-06-14_G02,10109838SANTOSC,2025-06-14,111467,1,4,0,303.0
10109838SANTOSC_2025-06-14_G03,10109838SANTOSC,2025-06-14,110733,1,4,0,86.0
10109838SANTOSC_2025-06-14_G04,10109838SANTOSC,2025-06-14,110743,1,3,0,137.0
10109838SANTOSC_2025-06-14_G05,10109838SANTOSC,2025-06-14,111743,1,4,0,61.0
10109838SANTOSC_2025-06-14_G06,10109838SANTOSC,2025-06-14,108794,1,11,0,140.0
10109838SANTOSC_2025-06-14_G07,10109838SANTOSC,2025-06-14,105705,1,1,0,92.0
10109838SANTOSC_2025-06-14_G08,10109838SANTOSC,2025-06-14,140922,1,8,0,144.0
10109838SANTOSC_2025-06-14_G09,10109838SANTOSC,2025-06-14,117833,1,7,0,149.0
10109838SANTOSC_2025-06-14_G10,10109838SANTOSC,2025-06-14,111172,1,8,0,185.0
10109838SANTOSC_2025-06-14_G11,10109838SANTOSC,2025-06-14,109641,1,1,0,66.0
10109838SANTOSC_2025-06-14_G12,10109838SANTOSC,2025-06-14,111462,1,27,0,625.0
10109838SANTOSC_2025-06-14_G13,10109838SANTOSC,2025-06-14,109645,1,1,0,246.0
10109838SANTOSC_2025-06-14_G14,10109838SANTOSC,2025-06-14,110787,1,3,0,62.0
10109838SANTOSC_2025-06-14_G15,10109838SANTOSC,2025-06-14,118140,1,11,0,88.0
10109838SANTOSC_2025-06-14_G16,10109838SANTOSC,2025-06-14,110374,1,2,0,142.0
10109838SANTOSC_2025-06-14_G17,10109838SANTOSC,2025-06-14,117808,1,75,0,180.0
10109838SANTOSC_2025-06-14_G18,10109838SANTOSC,2025-06-14,117822,1,4,0,103.0
10109838SANTOSC_2025-06-14_G19,10109838SANTOSC,2025-06-14,141202,1,12,0,149.0
10109838SANTOSC_2025-06-14_G20,10109838SANTOSC,2025-06-14,117809,1,7,0,80.0
10109838SANTOSC_2025-06-14_G21,10109838SANTOSC,2025-06-14,117808,1,45,0,450.0
10109838SANTOSC_2025-06-14_G22,10109838SANTOSC,2025-06-14,110372,1,101,0,434.0
10109838SANTOSC_2025-06-14_G23,10109838SANTOSC,2025-06-14,118191,1,620,0,1824.0
10109838SANTOSC_2025-06-14_G24,10109838SANTOSC,2025-06-14,110515,2,50,13,1546.0
10109838SANTOSC_2025-06-14_G25,10109838SANTOSC,2025-06-14,117862,1,19,0,456.0
10109838SANTOSC_2025-06-14_G26,10109838SANTOSC,2025-06-14,117862,1,25,0,503.0
10109838SANTOSC_2025-06-14_G27,10109838SANTOSC,2025-06-14,111467,1,3,0,131.0
10109838SANTOSC_2025-06-14_G28,10109838SANTOSC,2025-06-14,111467,1,8,0,53.0
10109838SANTOSC_2025-06-14_G29,10109838SANTOSC,2025-06-14,110733,1,3,0,68.0
10109838SANTOSC_2025-06-14_G30,10109838SANTOSC,2025-06-14,110743,2,20,18,246.0
10109838SANTOSC_2025-06-14_G31,10109838SANTOSC,2025-06-14,111743,1,10,0,159.0
10109838SANTOSC_2025-06-14_G32,10109838SANTOSC,2025-06-14,111743,1,13,0,248.0
10109838SANTOSC_2025-06-14_G33,10109838SANTOSC,2025-06-14,108794,1,8,0,609.0
10109838SANTOSC_2025-06-14_G34,10109838SANTOSC,2025-06-14,105705,2,8,6,124.0
10109838SANTOSC_2025-06-14_G35,10109838SANTOSC,2025-06-14,140922,1,3,0,83.0
10109838SANTOSC_2025-06-14_G36,10109838SANTOSC,2025-06-14,117833,1,19,0,143.0
10109838SANTOSC_2025-06-14_G37,10109838SANTOSC,2025-06-14,117833,1,25,0,70.0
10109838SANTOSC_2025-06-14_G38,10109838SANTOSC,2025-06-14,111172,1,3,0,609.0
10109838SANTOSC_2025-06-14_G39,10109838SANTOSC,2025-06-14,109641,2,8,8,108.0
10109838SANTOSC_2025-06-14_G40,10109838SANTOSC,2025-06-14,111462,1,73,0,743.0
10109838SANTOSC_2025-06-14_G41,10109838SANTOSC,2025-06-14,109645,2,8,7,1015.0
10109838SANTOSC_2025-06-14_G42,10109838SANTOSC,2025-06-14,111418,1,63,0,151.0
10109838SANTOSC_2025-06-14_G43,10109838SANTOSC,2025-06-14,110787,1,8,0,783.0
10109838SANTOSC_2025-06-14_G44,10109838SANTOSC,2025-06-14,118140,1,8,0,145.0
10109838SANTOSC_2025-06-14_G45,10109838SANTOSC,2025-06-14,110372,1,187,0,977.0
10109838SANTOSC_2025-06-14_G47,10109838SANTOSC,2025-06-14,111430,1,1,0,261.0
10109838SANTOSC_2025-06-14_G48,10109838SANTOSC,2025-06-14,100334,1,10,0,121.0
10109838SANTOSC_2025-06-14_G49,10109838SANTOSC,2025-06-14,111850,1,3,0,213.0
10109838SANTOSC_2025-06-14_G50,10109838SANTOSC,2025-06-14,118418,1,4,0,92.0
10109838SANTOSC_2025-06-14_G51,10109838SANTOSC,2025-06-14,110371,1,72,0,438.0
10109838SANTOSC_2025-06-14_G52,10109838SANTOSC,2025-06-14,141202,1,13,0,256.0
10109838SANTOSC_2025-06-14_G53,10109838SANTOSC,2025-06-14,117785,1,76,0,816.0
10109838SANTOSC_2025-06-14_G54,10109838SANTOSC,2025-06-14,111418,1,100,0,481.0
10109838SANTOSC_2025-06-14_G55,10109838SANTOSC,2025-06-14,118140,1,100,0,1078.0
10109838SANTOSC_2025-06-16_G02,10109838SANTOSC,2025-06-16,117832,1,20,0,534.0
10109838SANTOSC_2025-06-16_G03,10109838SANTOSC,2025-06-16,110373,1,90,0,1194.0
10109838SANTOSC_2025-06-16_G05,10109838SANTOSC,2025-06-16,108701,1,12,0,195.0
10109838SANTOSC_2025-06-16_G06,10109838SANTOSC,2025-06-16,109640,1,54,0,1049.0
10109838SANTOSC_2025-06-16_G07,10109838SANTOSC,2025-06-16,111467,1,100,0,499.0
10109838SANTOSC_2025-06-16_G08,10109838SANTOSC,2025-06-16,111465,1,4,0,87.0
10109838SANTOSC_2025-06-16_G09,10109838SANTOSC,2025-06-16,110787,1,11,0,133.0
10109838SANTOSC_2025-06-16_G10,10109838SANTOSC,2025-06-16,110374,1,16,0,350.0
10109838SANTOSC_2025-06-16_G11,10109838SANTOSC,2025-06-16,109643,1,4,0,516.0
10109838SANTOSC_2025-06-16_G12,10109838SANTOSC,2025-06-16,118140,1,200,0,778.0
10109838SANTOSC_2025-06-16_G13,10109838SANTOSC,2025-06-16,117820,1,10,0,754.0
10109838SANTOSC_2025-06-16_G14,10109838SANTOSC,2025-06-16,117862,1,9,0,1238.0
10109838SANTOSC_2025-06-16_G15,10109838SANTOSC,2025-06-16,111467,1,5,0,162.0
10109838SANTOSC_2025-06-16_G16,10109838SANTOSC,2025-06-16,110733,1,5,0,175.0
10109838SANTOSC_2025-06-16_G17,10109838SANTOSC,2025-06-16,111530,1,20,0,154.0
10109838SANTOSC_2025-06-16_G18,10109838SANTOSC,2025-06-16,110515,1,16,0,222.0
10109838SANTOSC_2025-06-16_G19,10109838SANTOSC,2025-06-16,110742,1,3,0,818.0
10109838SANTOSC_2025-06-16_G20,10109838SANTOSC,2025-06-16,117856,1,3,0,512.0
10109838SANTOSC_2025-06-16_G21,10109838SANTOSC,2025-06-16,109645,1,6,0,140.0
10109838SANTOSC_2025-06-16_G22,10109838SANTOSC,2025-06-16,110374,1,3,0,95.0
10109838SANTOSC_2025-06-16_G23,10109838SANTOSC,2025-06-16,110372,1,2,0,117.0
10109838SANTOSC_2025-06-16_G24,10109838SANTOSC,2025-06-16,110373,1,3,0,38.0
10109838SANTOSC_2025-06-16_G25,10109838SANTOSC,2025-06-16,118290,1,6,0,222.0
10109838SANTOSC_2025-06-16_G27,10109838SANTOSC,2025-06-16,111602,1,60,0,555.0
10109838SANTOSC_2025-06-16_G28,10109838SANTOSC,2025-06-16,118416,1,4,0,234.0
10109838SANTOSC_2025-06-16_G29,10109838SANTOSC,2025-06-16,117842,1,4,0,531.0
10109838SANTOSC_2025-06-16_G30,10109838SANTOSC,2025-06-16,117786,1,2,0,100.0
10109838SANTOSC_2025-06-16_G31,10109838SANTOSC,2025-06-16,110515,1,4,0,56.0
10109838SANTOSC_2025-06-16_G32,10109838SANTOSC,2025-06-16,117861,1,6,0,107.0
10109838SANTOSC_2025-06-16_G33,10109838SANTOSC,2025-06-16,108772,1,2,0,128.0
10109838SANTOSC_2025-06-16_G34,10109838SANTOSC,2025-06-16,111463,1,3,0,114.0
10109838SANTOSC_2025-06-16_G35,10109838SANTOSC,2025-06-16,111466,1,8,0,150.0
10109838SANTOSC_2025-06-16_G36,10109838SANTOSC,2025-06-16,108711,1,10,0,125.0
10109838SANTOSC_2025-06-16_G37,10109838SANTOSC,2025-06-16,117787,1,6,0,116.0
10109838SANTOSC_2025-06-16_G38,10109838SANTOSC,2025-06-16,111444,1,6,0,122.0
10109838SANTOSC_2025-06-16_G39,10109838SANTOSC,2025-06-16,110787,1,5,0,211.0
10109838SANTOSC_2025-06-16_G40,10109838SANTOSC,2025-06-16,118140,1,10,0,166.0
10109839GOMESA_2025-05-13_G02,10109839GOMESA,2025-05-13,"111620, 110747, 111850, 111569, 118290",5,20,51,894.0
10109839GOMESA_2025-05-14_G02,10109839GOMESA,2025-05-14,122194,1,5,0,140.0
10109839GOMESA_2025-05-14_G03,10109839GOMESA,2025-05-14,122194,1,5,0,33.0
10109839GOMESA_2025-05-14_G04,10109839GOMESA,2025-05-14,110742,1,8,0,88.0
10109839GOMESA_2025-05-14_G05,10109839GOMESA,2025-05-14,111602,1,12,0,275.0
10109839GOMESA_2025-05-14_G06,10109839GOMESA,2025-05-14,109640,1,1,0,422.0
10109839GOMESA_2025-05-14_G07,10109839GOMESA,2025-05-14,109640,1,5,0,104.0
10109839GOMESA_2025-05-14_G08,10109839GOMESA,2025-05-14,118191,1,3,0,60.0
10109839GOMESA_2025-05-20_G02,10109839GOMESA,2025-05-20,123344,1,9,0,1591.0
10109839GOMESA_2025-05-20_G03,10109839GOMESA,2025-05-20,111466,1,6,0,294.0
10109839GOMESA_2025-05-23_G02,10109839GOMESA,2025-05-23,111469,1,6,0,133.0
10109839GOMESA_2025-05-23_G03,10109839GOMESA,2025-05-23,141262,1,2,0,123.0
10109839GOMESA_2025-05-23_G04,10109839GOMESA,2025-05-23,"110742, 117808",2,104,21,38.0
10109839GOMESA_2025-05-23_G05,10109839GOMESA,2025-05-23,109645,1,7,0,91.0
10109839GOMESA_2025-05-24_G02,10109839GOMESA,2025-05-24,111532,1,6,0,356.0
10109839GOMESA_2025-05-26_G02,10109839GOMESA,2025-05-26,111530,1,22,0,345.0
10109839GOMESA_2025-05-26_G03,10109839GOMESA,2025-05-26,111530,1,24,0,787.0
10109839GOMESA_2025-05-26_G04,10109839GOMESA,2025-05-26,111530,1,12,0,139.0
10109839GOMESA_2025-05-28_G02,10109839GOMESA,2025-05-28,"104308, 111466, 107830",3,56,38,2123.0
10109839GOMESA_2025-05-28_G03,10109839GOMESA,2025-05-28,110741,1,32,0,103.0
10109839GOMESA_2025-05-28_G04,10109839GOMESA,2025-05-28,106326,1,2,0,54.0
10109839GOMESA_2025-05-28_G05,10109839GOMESA,2025-05-28,110711,1,39,0,44.0
10109839GOMESA_2025-05-28_G06,10109839GOMESA,2025-05-28,120028,1,4,0,3119.0
10109839GOMESA_2025-05-29_G02,10109839GOMESA,2025-05-29,118299,1,4,0,753.0
10109839GOMESA_2025-06-02_G02,10109839GOMESA,2025-06-02,180024,1,3,0,466.0
10109839GOMESA_2025-06-02_G03,10109839GOMESA,2025-06-02,180024,1,4,0,72.0
10109839GOMESA_2025-06-02_G04,10109839GOMESA,2025-06-02,117854,1,2,0,135.0
10109839GOMESA_2025-06-02_G05,10109839GOMESA,2025-06-02,110313,1,10,0,266.0
10109839GOMESA_2025-06-02_G06,10109839GOMESA,2025-06-02,110129,1,4,0,91.0
10109839GOMESA_2025-06-02_G07,10109839GOMESA,2025-06-02,110711,1,1,0,73.0
10109839GOMESA_2025-06-02_G08,10109839GOMESA,2025-06-02,118004,1,8,0,300.0
10109839GOMESA_2025-06-02_G09,10109839GOMESA,2025-06-02,117808,1,20,0,143.0
10109839GOMESA_2025-06-02_G10,10109839GOMESA,2025-06-02,117808,1,40,0,106.0
10109839GOMESA_2025-06-02_G11,10109839GOMESA,2025-06-02,110313,1,4,0,758.0
10109839GOMESA_2025-06-02_G12,10109839GOMESA,2025-06-02,"117808, 118290",2,14,16,115.0
10109839GOMESA_2025-06-02_G13,10109839GOMESA,2025-06-02,"124248, 180094",2,10,19,112.0
10109839GOMESA_2025-06-02_G14,10109839GOMESA,2025-06-02,117808,1,5,0,33.0
10109839GOMESA_2025-06-02_G15,10109839GOMESA,2025-06-02,111330,1,8,0,566.0
10109839GOMESA_2025-06-02_G17,10109839GOMESA,2025-06-02,109640,1,19,0,144.0
10109839GOMESA_2025-06-02_G18,10109839GOMESA,2025-06-02,111469,1,19,0,118.0
10109839GOMESA_2025-06-09_G02,10109839GOMESA,2025-06-09,116241,1,2,0,31.0
10109857VGSILVA_2025-06-27_G02,10109857VGSILVA,2025-06-27,108794,1,20,0,472.0
10109857VGSILVA_2025-06-27_G03,10109857VGSILVA,2025-06-27,111348,1,14,0,210.0
10109857VGSILVA_2025-06-27_G04,10109857VGSILVA,2025-06-27,140922,1,60,0,726.0
10109857VGSILVA_2025-06-27_G05,10109857VGSILVA,2025-06-27,111466,1,30,0,519.0
10109857VGSILVA_2025-06-27_G06,10109857VGSILVA,2025-06-27,118223,1,2,0,80.0
10109857VGSILVA_2025-06-27_G08,10109857VGSILVA,2025-06-27,116241,1,4,0,82.0
10109857VGSILVA_2025-06-27_G09,10109857VGSILVA,2025-06-27,111463,1,8,0,62.0
10109857VGSILVA_2025-06-27_G10,10109857VGSILVA,2025-06-27,110742,1,2,0,65.0
10109857VGSILVA_2025-06-27_G11,10109857VGSILVA,2025-06-27,117855,1,8,0,108.0
10109857VGSILVA_2025-06-27_G12,10109857VGSILVA,2025-06-27,117808,1,20,0,137.0
10109857VGSILVA_2025-06-27_G13,10109857VGSILVA,2025-06-27,109640,1,12,0,167.0
10109857VGSILVA_2025-06-27_G14,10109857VGSILVA,2025-06-27,111438,1,4,0,398.0
10109857VGSILVA_2025-06-27_G15,10109857VGSILVA,2025-06-27,110373,1,30,0,273.0
10109857VGSILVA_2025-06-27_G16,10109857VGSILVA,2025-06-27,109641,1,4,0,94.0
10109857VGSILVA_2025-06-27_G17,10109857VGSILVA,2025-06-27,111462,1,16,0,130.0
10109857VGSILVA_2025-06-27_G18,10109857VGSILVA,2025-06-27,110740,1,4,0,41.0
10109857VGSILVA_2025-06-27_G19,10109857VGSILVA,2025-06-27,118223,1,4,0,68.0
10109857VGSILVA_2025-06-27_G20,10109857VGSILVA,2025-06-27,110787,1,4,0,66.0
10109857VGSILVA_2025-06-27_G21,10109857VGSILVA,2025-06-27,109645,1,8,0,237.0
10109857VGSILVA_2025-06-27_G22,10109857VGSILVA,2025-06-27,"117821, 117787",2,4,29,43.0
10109857VGSILVA_2025-06-27_G23,10109857VGSILVA,2025-06-27,111433,1,1,0,43.0
10109857VGSILVA_2025-06-27_G24,10109857VGSILVA,2025-06-27,117835,1,2,0,181.0
10109857VGSILVA_2025-06-27_G25,10109857VGSILVA,2025-06-27,117862,1,6,0,165.0
10109857VGSILVA_2025-06-27_G26,10109857VGSILVA,2025-06-27,117831,1,4,0,135.0
10109857VGSILVA_2025-06-27_G27,10109857VGSILVA,2025-06-27,111469,1,10,0,108.0
10109857VGSILVA_2025-06-27_G28,10109857VGSILVA,2025-06-27,117856,1,4,0,103.0
10109857VGSILVA_2025-06-27_G29,10109857VGSILVA,2025-06-27,111602,1,4,0,94.0
10109857VGSILVA_2025-06-27_G30,10109857VGSILVA,2025-06-27,118140,1,7,0,79.0
10109857VGSILVA_2025-06-27_G31,10109857VGSILVA,2025-06-27,110372,1,6,0,80.0
10109857VGSILVA_2025-06-28_G02,10109857VGSILVA,2025-06-28,111463,1,8,0,249.0
10109857VGSILVA_2025-06-28_G03,10109857VGSILVA,2025-06-28,110749,1,2,0,127.0
10109857VGSILVA_2025-06-28_G04,10109857VGSILVA,2025-06-28,109640,1,4,0,83.0
10109857VGSILVA_2025-06-28_G05,10109857VGSILVA,2025-06-28,111469,1,8,0,132.0
10109857VGSILVA_2025-06-28_G06,10109857VGSILVA,2025-06-28,111569,1,4,0,185.0
10109857VGSILVA_2025-06-28_G07,10109857VGSILVA,2025-06-28,111660,1,2,0,304.0
10109857VGSILVA_2025-06-28_G08,10109857VGSILVA,2025-06-28,110371,1,10,0,178.0
10109857VGSILVA_2025-06-28_G09,10109857VGSILVA,2025-06-28,118299,1,6,0,84.0
10109857VGSILVA_2025-06-28_G10,10109857VGSILVA,2025-06-28,117822,1,2,0,59.0
10109857VGSILVA_2025-06-28_G11,10109857VGSILVA,2025-06-28,110372,1,8,0,128.0
10109857VGSILVA_2025-06-28_G12,10109857VGSILVA,2025-06-28,111530,1,4,0,189.0
10109857VGSILVA_2025-06-28_G13,10109857VGSILVA,2025-06-28,117856,1,3,0,84.0
10109857VGSILVA_2025-06-28_G14,10109857VGSILVA,2025-06-28,110787,1,2,0,169.0
10109857VGSILVA_2025-06-28_G16,10109857VGSILVA,2025-06-28,117809,1,4,0,88.0
10109857VGSILVA_2025-06-28_G17,10109857VGSILVA,2025-06-28,117822,1,12,0,94.0
10109857VGSILVA_2025-06-28_G18,10109857VGSILVA,2025-06-28,108795,1,1,0,291.0
10109857VGSILVA_2025-06-28_G19,10109857VGSILVA,2025-06-28,140922,1,2,0,119.0
10109857VGSILVA_2025-06-28_G20,10109857VGSILVA,2025-06-28,111469,1,4,0,82.0
10109857VGSILVA_2025-06-28_G21,10109857VGSILVA,2025-06-28,111330,1,4,0,105.0
10109857VGSILVA_2025-06-28_G22,10109857VGSILVA,2025-06-28,111442,1,4,0,131.0
10109857VGSILVA_2025-06-29_G02,10109857VGSILVA,2025-06-29,107236,1,20,0,1907.0
10109857VGSILVA_2025-06-29_G03,10109857VGSILVA,2025-06-29,110741,1,55,0,659.0
10109857VGSILVA_2025-06-29_G05,10109857VGSILVA,2025-06-29,117820,1,621,0,2522.0
10109857VGSILVA_2025-06-30_G02,10109857VGSILVA,2025-06-30,111466,1,200,0,605.0
10109857VGSILVA_2025-06-30_G03,10109857VGSILVA,2025-06-30,110373,1,499,0,1948.0
10109857VGSILVA_2025-06-30_G06,10109857VGSILVA,2025-06-30,108795,1,30,0,1399.0
10109857VGSILVA_2025-06-30_G07,10109857VGSILVA,2025-06-30,111463,1,30,0,324.0
10109857VGSILVA_2025-06-30_G08,10109857VGSILVA,2025-06-30,111348,1,12,0,252.0
10109857VGSILVA_2025-06-30_G09,10109857VGSILVA,2025-06-30,111469,1,40,0,1435.0
10109857VGSILVA_2025-06-30_G10,10109857VGSILVA,2025-06-30,111443,1,30,0,504.0
10109857VGSILVA_2025-06-30_G11,10109857VGSILVA,2025-06-30,111182,1,12,0,202.0
10109857VGSILVA_2025-06-30_G12,10109857VGSILVA,2025-06-30,118140,1,12,0,117.0
10109857VGSILVA_2025-06-30_G13,10109857VGSILVA,2025-06-30,110745,1,12,0,422.0
10109857VGSILVA_2025-07-01_G02,10109857VGSILVA,2025-07-01,111172,1,30,0,540.0
10109857VGSILVA_2025-07-01_G03,10109857VGSILVA,2025-07-01,111462,1,30,0,331.0
10109857VGSILVA_2025-07-01_G04,10109857VGSILVA,2025-07-01,111330,1,8,0,142.0
10109857VGSILVA_2025-07-01_G05,10109857VGSILVA,2025-07-01,109645,1,16,0,234.0
10109857VGSILVA_2025-07-01_G06,10109857VGSILVA,2025-07-01,111433,1,10,0,136.0
10109857VGSILVA_2025-07-01_G07,10109857VGSILVA,2025-07-01,107236,1,30,0,695.0
10109857VGSILVA_2025-07-01_G08,10109857VGSILVA,2025-07-01,111465,1,60,0,367.0
10109857VGSILVA_2025-07-01_G09,10109857VGSILVA,2025-07-01,111433,1,2,0,115.0
10109857VGSILVA_2025-07-01_G11,10109857VGSILVA,2025-07-01,111602,1,149,0,686.0
10109857VGSILVA_2025-07-01_G12,10109857VGSILVA,2025-07-01,111602,1,11,0,228.0
10109857VGSILVA_2025-07-01_G13,10109857VGSILVA,2025-07-01,111602,1,85,0,463.0
10109857VGSILVA_2025-07-01_G14,10109857VGSILVA,2025-07-01,111602,1,110,0,843.0
10109857VGSILVA_2025-07-01_G16,10109857VGSILVA,2025-07-01,109649,2,14,12,361.0
10109857VGSILVA_2025-07-02_G02,10109857VGSILVA,2025-07-02,111348,1,378,0,3233.0
10109857VGSILVA_2025-07-02_G03,10109857VGSILVA,2025-07-02,111465,1,300,0,1429.0
10109857VGSILVA_2025-07-02_G04,10109857VGSILVA,2025-07-02,110376,1,165,0,747.0
10109857VGSILVA_2025-07-02_G05,10109857VGSILVA,2025-07-02,110750,1,27,0,903.0
10109857VGSILVA_2025-07-02_G07,10109857VGSILVA,2025-07-02,111660,1,204,0,2579.0
10109857VGSILVA_2025-07-02_G08,10109857VGSILVA,2025-07-02,118403,1,100,0,588.0
10109857VGSILVA_2025-07-02_G09,10109857VGSILVA,2025-07-02,111602,1,149,0,1299.0
10109857VGSILVA_2025-07-02_G10,10109857VGSILVA,2025-07-02,110743,1,5,0,218.0
10109857VGSILVA_2025-07-02_G11,10109857VGSILVA,2025-07-02,111743,1,540,0,2867.0
10109857VGSILVA_2025-07-03_G02,10109857VGSILVA,2025-07-03,118283,1,6,0,245.0
10109857VGSILVA_2025-07-03_G03,10109857VGSILVA,2025-07-03,110841,1,4,0,71.0
10109857VGSILVA_2025-07-03_G04,10109857VGSILVA,2025-07-03,111120,1,4,0,74.0
10109857VGSILVA_2025-07-03_G05,10109857VGSILVA,2025-07-03,118306,1,2,0,82.0
10109857VGSILVA_2025-07-03_G06,10109857VGSILVA,2025-07-03,111438,1,8,0,112.0
10109857VGSILVA_2025-07-03_G07,10109857VGSILVA,2025-07-03,114102,1,4,0,69.0
10109857VGSILVA_2025-07-03_G08,10109857VGSILVA,2025-07-03,110755,1,30,0,322.0
10109857VGSILVA_2025-07-03_G09,10109857VGSILVA,2025-07-03,111660,1,8,0,374.0
10109857VGSILVA_2025-07-03_G10,10109857VGSILVA,2025-07-03,107892,1,4,0,86.0
10109857VGSILVA_2025-07-03_G11,10109857VGSILVA,2025-07-03,111435,1,4,0,174.0
10109857VGSILVA_2025-07-03_G12,10109857VGSILVA,2025-07-03,118285,1,2,0,241.0
10109857VGSILVA_2025-07-03_G13,10109857VGSILVA,2025-07-03,110751,1,2,0,86.0
10109857VGSILVA_2025-07-03_G14,10109857VGSILVA,2025-07-03,108711,1,2,0,82.0
10109857VGSILVA_2025-07-03_G15,10109857VGSILVA,2025-07-03,110745,1,4,0,72.0
10109857VGSILVA_2025-07-03_G16,10109857VGSILVA,2025-07-03,108798,1,12,0,128.0
10109857VGSILVA_2025-07-03_G17,10109857VGSILVA,2025-07-03,118326,1,4,0,121.0
10109857VGSILVA_2025-07-03_G18,10109857VGSILVA,2025-07-03,110787,1,15,0,228.0
10109857VGSILVA_2025-07-03_G19,10109857VGSILVA,2025-07-03,117785,1,34,0,285.0
10109857VGSILVA_2025-07-03_G20,10109857VGSILVA,2025-07-03,140922,1,20,0,328.0
10109857VGSILVA_2025-07-03_G21,10109857VGSILVA,2025-07-03,111466,1,34,0,375.0
10109857VGSILVA_2025-07-03_G22,10109857VGSILVA,2025-07-03,111418,1,36,0,154.0
10109857VGSILVA_2025-07-03_G23,10109857VGSILVA,2025-07-03,111418,1,21,0,416.0
10109857VGSILVA_2025-07-03_G24,10109857VGSILVA,2025-07-03,109933,1,2,0,1119.0
10109857VGSILVA_2025-07-03_G25,10109857VGSILVA,2025-07-03,111463,1,20,0,720.0
10109857VGSILVA_2025-07-03_G26,10109857VGSILVA,2025-07-03,105167,1,4,0,1089.0
10109857VGSILVA_2025-07-03_G27,10109857VGSILVA,2025-07-03,110515,1,6,0,130.0
10109857VGSILVA_2025-07-03_G28,10109857VGSILVA,2025-07-03,117785,1,30,0,357.0
10109857VGSILVA_2025-07-03_G29,10109857VGSILVA,2025-07-03,107830,1,4,0,92.0
10109857VGSILVA_2025-07-03_G30,10109857VGSILVA,2025-07-03,117862,1,8,0,271.0
10109857VGSILVA_2025-07-03_G31,10109857VGSILVA,2025-07-03,110741,1,10,0,329.0
10109857VGSILVA_2025-07-03_G32,10109857VGSILVA,2025-07-03,118094,1,12,0,138.0
10109857VGSILVA_2025-07-03_G33,10109857VGSILVA,2025-07-03,111876,1,2,0,36.0
10109857VGSILVA_2025-07-03_G34,10109857VGSILVA,2025-07-03,110339,1,4,0,43.0
10109857VGSILVA_2025-07-03_G35,10109857VGSILVA,2025-07-03,117786,1,4,0,59.0
10109857VGSILVA_2025-07-03_G36,10109857VGSILVA,2025-07-03,141047,1,12,0,159.0
10109857VGSILVA_2025-07-03_G37,10109857VGSILVA,2025-07-03,111467,1,8,0,85.0
10109857VGSILVA_2025-07-03_G38,10109857VGSILVA,2025-07-03,117855,1,12,0,274.0
10109857VGSILVA_2025-07-03_G39,10109857VGSILVA,2025-07-03,111439,1,4,0,43.0
10109857VGSILVA_2025-07-03_G40,10109857VGSILVA,2025-07-03,118403,1,4,0,63.0
10109857VGSILVA_2025-07-03_G41,10109857VGSILVA,2025-07-03,111602,1,18,0,109.0
10109857VGSILVA_2025-07-03_G42,10109857VGSILVA,2025-07-03,108772,1,4,0,46.0
10109857VGSILVA_2025-07-03_G43,10109857VGSILVA,2025-07-03,111530,1,8,0,119.0
10109857VGSILVA_2025-07-03_G44,10109857VGSILVA,2025-07-03,117856,1,12,0,208.0
10109857VGSILVA_2025-07-03_G45,10109857VGSILVA,2025-07-03,117935,1,4,0,54.0
10109857VGSILVA_2025-07-03_G46,10109857VGSILVA,2025-07-03,110752,1,2,0,43.0
10109857VGSILVA_2025-07-04_G02,10109857VGSILVA,2025-07-04,117820,1,1200,0,2437.0
10109857VGSILVA_2025-07-04_G05,10109857VGSILVA,2025-07-04,117785,1,22,0,215.0
10109857VGSILVA_2025-07-04_G06,10109857VGSILVA,2025-07-04,116241,1,6,0,185.0
10109857VGSILVA_2025-07-04_G07,10109857VGSILVA,2025-07-04,105705,2,10,30,73.0
10109857VGSILVA_2025-07-04_G08,10109857VGSILVA,2025-07-04,110325,1,4,0,69.0
10109857VGSILVA_2025-07-04_G09,10109857VGSILVA,2025-07-04,110515,1,26,0,402.0
10109857VGSILVA_2025-07-04_G10,10109857VGSILVA,2025-07-04,141047,1,6,0,90.0
10109857VGSILVA_2025-07-04_G11,10109857VGSILVA,2025-07-04,111469,1,2,0,72.0
10109857VGSILVA_2025-07-04_G12,10109857VGSILVA,2025-07-04,111469,1,48,0,256.0
10109857VGSILVA_2025-07-04_G13,10109857VGSILVA,2025-07-04,140922,1,4,0,51.0
10109857VGSILVA_2025-07-04_G14,10109857VGSILVA,2025-07-04,117821,1,12,0,231.0
10109857VGSILVA_2025-07-04_G15,10109857VGSILVA,2025-07-04,117855,1,4,0,227.0
10109857VGSILVA_2025-07-04_G16,10109857VGSILVA,2025-07-04,117831,1,2,0,48.0
10109857VGSILVA_2025-07-04_G17,10109857VGSILVA,2025-07-04,111532,1,3,0,71.0
10109857VGSILVA_2025-07-04_G18,10109857VGSILVA,2025-07-04,118306,1,7,0,361.0
10109857VGSILVA_2025-07-04_G19,10109857VGSILVA,2025-07-04,117835,1,4,0,67.0
10109857VGSILVA_2025-07-04_G20,10109857VGSILVA,2025-07-04,111463,1,10,0,303.0
10109857VGSILVA_2025-07-04_G21,10109857VGSILVA,2025-07-04,110740,1,17,0,294.0
10109857VGSILVA_2025-07-05_G03,10109857VGSILVA,2025-07-05,118290,1,4,0,1103.0
10109857VGSILVA_2025-07-05_G04,10109857VGSILVA,2025-07-05,110747,1,24,0,691.0
10109857VGSILVA_2025-07-05_G05,10109857VGSILVA,2025-07-05,111462,1,25,0,324.0
10109857VGSILVA_2025-07-05_G06,10109857VGSILVA,2025-07-05,110374,1,27,0,441.0
10109857VGSILVA_2025-07-05_G07,10109857VGSILVA,2025-07-05,110373,1,2,0,160.0
10109857VGSILVA_2025-07-05_G08,10109857VGSILVA,2025-07-05,110373,1,32,0,157.0
10109857VGSILVA_2025-07-05_G09,10109857VGSILVA,2025-07-05,110372,1,17,0,356.0
10109857VGSILVA_2025-07-05_G10,10109857VGSILVA,2025-07-05,118222,1,9,0,307.0
10109857VGSILVA_2025-07-05_G11,10109857VGSILVA,2025-07-05,100334,1,16,0,577.0
10109857VGSILVA_2025-07-05_G12,10109857VGSILVA,2025-07-05,117830,1,27,0,493.0
10109857VGSILVA_2025-07-05_G13,10109857VGSILVA,2025-07-05,111418,1,80,0,320.0
10109857VGSILVA_2025-07-05_G14,10109857VGSILVA,2025-07-05,117785,1,65,0,616.0
10109857VGSILVA_2025-07-05_G15,10109857VGSILVA,2025-07-05,116241,1,12,0,396.0
10109857VGSILVA_2025-07-05_G16,10109857VGSILVA,2025-07-05,105705,1,6,0,124.0
10109857VGSILVA_2025-07-05_G17,10109857VGSILVA,2025-07-05,140922,1,2,0,85.0
10109857VGSILVA_2025-07-05_G18,10109857VGSILVA,2025-07-05,111466,1,34,0,377.0
10109857VGSILVA_2025-07-05_G19,10109857VGSILVA,2025-07-05,111466,1,2,0,56.0
10109857VGSILVA_2025-07-05_G20,10109857VGSILVA,2025-07-05,117821,1,18,0,99.0
10109857VGSILVA_2025-07-05_G21,10109857VGSILVA,2025-07-05,111532,1,40,0,822.0
10109857VGSILVA_2025-07-05_G22,10109857VGSILVA,2025-07-05,111418,1,40,0,428.0
10109857VGSILVA_2025-07-05_G23,10109857VGSILVA,2025-07-05,111462,1,16,0,128.0
10109857VGSILVA_2025-07-05_G24,10109857VGSILVA,2025-07-05,118317,1,8,0,162.0
10109857VGSILVA_2025-07-05_G25,10109857VGSILVA,2025-07-05,111433,1,2,0,58.0
10109857VGSILVA_2025-07-06_G02,10109857VGSILVA,2025-07-06,110895,1,2,0,166.0
10109857VGSILVA_2025-07-06_G03,10109857VGSILVA,2025-07-06,111655,1,2,0,64.0
10109857VGSILVA_2025-07-06_G04,10109857VGSILVA,2025-07-06,118306,1,2,0,75.0
10109857VGSILVA_2025-07-06_G05,10109857VGSILVA,2025-07-06,111438,1,2,0,61.0
10109857VGSILVA_2025-07-06_G06,10109857VGSILVA,2025-07-06,116527,1,2,0,79.0
10109857VGSILVA_2025-07-06_G07,10109857VGSILVA,2025-07-06,110741,1,2,0,234.0
10109857VGSILVA_2025-07-06_G08,10109857VGSILVA,2025-07-06,107629,1,2,0,46.0
10109857VGSILVA_2025-07-06_G09,10109857VGSILVA,2025-07-06,117786,1,4,0,96.0
10109857VGSILVA_2025-07-06_G10,10109857VGSILVA,2025-07-06,110515,1,2,0,42.0
10109857VGSILVA_2025-07-06_G11,10109857VGSILVA,2025-07-06,117837,1,2,0,72.0
10109857VGSILVA_2025-07-06_G12,10109857VGSILVA,2025-07-06,109640,1,4,0,59.0
10109857VGSILVA_2025-07-06_G13,10109857VGSILVA,2025-07-06,111467,1,3,0,82.0
10109857VGSILVA_2025-07-06_G14,10109857VGSILVA,2025-07-06,117855,1,4,0,73.0
10109857VGSILVA_2025-07-06_G15,10109857VGSILVA,2025-07-06,111530,1,4,0,151.0
10109857VGSILVA_2025-07-06_G16,10109857VGSILVA,2025-07-06,117856,1,4,0,59.0
10109857VGSILVA_2025-07-06_G17,10109857VGSILVA,2025-07-06,110752,1,2,0,119.0
10109857VGSILVA_2025-07-06_G18,10109857VGSILVA,2025-07-06,118306,1,4,0,606.0
10109857VGSILVA_2025-07-06_G19,10109857VGSILVA,2025-07-06,118094,1,2,0,107.0
10109857VGSILVA_2025-07-06_G20,10109857VGSILVA,2025-07-06,110339,1,2,0,54.0
10109857VGSILVA_2025-07-06_G21,10109857VGSILVA,2025-07-06,117862,1,4,0,112.0
10109857VGSILVA_2025-07-06_G22,10109857VGSILVA,2025-07-06,117853,1,4,0,71.0
10109857VGSILVA_2025-07-06_G23,10109857VGSILVA,2025-07-06,109647,1,2,0,37.0
10109857VGSILVA_2025-07-06_G24,10109857VGSILVA,2025-07-06,117855,1,2,0,48.0
10109857VGSILVA_2025-07-06_G25,10109857VGSILVA,2025-07-06,111530,1,4,0,110.0
10109857VGSILVA_2025-07-06_G26,10109857VGSILVA,2025-07-06,117856,1,6,0,61.0
10109857VGSILVA_2025-07-06_G27,10109857VGSILVA,2025-07-06,117785,1,6,0,264.0
10109857VGSILVA_2025-07-06_G28,10109857VGSILVA,2025-07-06,117785,1,12,0,80.0
10109857VGSILVA_2025-07-06_G29,10109857VGSILVA,2025-07-06,110751,1,3,0,66.0
10109857VGSILVA_2025-07-06_G30,10109857VGSILVA,2025-07-06,111469,2,8,30,83.0
10109857VGSILVA_2025-07-06_G31,10109857VGSILVA,2025-07-06,117831,1,3,0,104.0
10109857VGSILVA_2025-07-06_G32,10109857VGSILVA,2025-07-06,111532,1,2,0,71.0
10109857VGSILVA_2025-07-06_G33,10109857VGSILVA,2025-07-06,111418,1,10,0,123.0
10109857VGSILVA_2025-07-06_G34,10109857VGSILVA,2025-07-06,110740,1,6,0,111.0
10109857VGSILVA_2025-07-06_G35,10109857VGSILVA,2025-07-06,118140,1,5,0,70.0
10109857VGSILVA_2025-07-06_G36,10109857VGSILVA,2025-07-06,118140,1,4,0,35.0
10109857VGSILVA_2025-07-06_G37,10109857VGSILVA,2025-07-06,111330,1,2,0,52.0
10109857VGSILVA_2025-07-06_G38,10109857VGSILVA,2025-07-06,107236,1,6,0,92.0
10109857VGSILVA_2025-07-06_G39,10109857VGSILVA,2025-07-06,117831,1,20,0,368.0
10109857VGSILVA_2025-07-06_G40,10109857VGSILVA,2025-07-06,110740,1,4,0,77.0
10109857VGSILVA_2025-07-06_G41,10109857VGSILVA,2025-07-06,110313,1,2,0,687.0
10109857VGSILVA_2025-07-06_G42,10109857VGSILVA,2025-07-06,117785,1,4,0,331.0
10109857VGSILVA_2025-07-06_G43,10109857VGSILVA,2025-07-06,111743,1,2,0,138.0
10109857VGSILVA_2025-07-06_G44,10109857VGSILVA,2025-07-06,111348,1,19,0,162.0
10109857VGSILVA_2025-07-06_G45,10109857VGSILVA,2025-07-06,108711,1,2,0,87.0
10109857VGSILVA_2025-07-06_G46,10109857VGSILVA,2025-07-06,140922,1,30,0,289.0
10109857VGSILVA_2025-07-06_G47,10109857VGSILVA,2025-07-06,110745,1,4,0,120.0
10109857VGSILVA_2025-07-06_G48,10109857VGSILVA,2025-07-06,111466,1,22,0,135.0
10109857VGSILVA_2025-07-06_G49,10109857VGSILVA,2025-07-06,111466,1,2,0,44.0
10109857VGSILVA_2025-07-06_G50,10109857VGSILVA,2025-07-06,117821,1,2,0,152.0
10109857VGSILVA_2025-07-06_G51,10109857VGSILVA,2025-07-06,117833,1,4,0,47.0
10109857VGSILVA_2025-07-06_G52,10109857VGSILVA,2025-07-06,117831,1,15,0,281.0
10109857VGSILVA_2025-07-06_G53,10109857VGSILVA,2025-07-06,111172,1,4,0,60.0
10109857VGSILVA_2025-07-06_G54,10109857VGSILVA,2025-07-06,111418,1,80,0,247.0
10109857VGSILVA_2025-07-06_G55,10109857VGSILVA,2025-07-06,111462,1,23,0,169.0
10109857VGSILVA_2025-07-06_G56,10109857VGSILVA,2025-07-06,110740,1,14,0,376.0
10109857VGSILVA_2025-07-06_G57,10109857VGSILVA,2025-07-06,118140,1,21,0,133.0
10109857VGSILVA_2025-07-06_G58,10109857VGSILVA,2025-07-06,110787,1,14,0,148.0
10109857VGSILVA_2025-07-06_G59,10109857VGSILVA,2025-07-06,109645,1,5,0,165.0
10109857VGSILVA_2025-07-06_G60,10109857VGSILVA,2025-07-06,111465,2,12,30,86.0
10109857VGSILVA_2025-07-06_G61,10109857VGSILVA,2025-07-06,111468,1,8,0,74.0
10109857VGSILVA_2025-07-07_G02,10109857VGSILVA,2025-07-07,111418,1,2,0,105.0
10109857VGSILVA_2025-07-07_G03,10109857VGSILVA,2025-07-07,111435,1,16,0,871.0
10109857VGSILVA_2025-07-07_G04,10109857VGSILVA,2025-07-07,111444,1,1,0,115.0
10109857VGSILVA_2025-07-07_G05,10109857VGSILVA,2025-07-07,111446,1,2,0,144.0
10109857VGSILVA_2025-07-07_G06,10109857VGSILVA,2025-07-07,117785,1,6,0,89.0
10109857VGSILVA_2025-07-07_G07,10109857VGSILVA,2025-07-07,111463,1,32,0,632.0
10109857VGSILVA_2025-07-07_G08,10109857VGSILVA,2025-07-07,105705,1,1,0,87.0
10109857VGSILVA_2025-07-07_G09,10109857VGSILVA,2025-07-07,111348,1,1,0,44.0
10109857VGSILVA_2025-07-07_G10,10109857VGSILVA,2025-07-07,111469,1,23,0,156.0
10109857VGSILVA_2025-07-07_G11,10109857VGSILVA,2025-07-07,111443,1,1,0,47.0
10109857VGSILVA_2025-07-07_G12,10109857VGSILVA,2025-07-07,108711,1,7,0,80.0
10109857VGSILVA_2025-07-07_G13,10109857VGSILVA,2025-07-07,117838,1,1,0,32.0
10109857VGSILVA_2025-07-07_G14,10109857VGSILVA,2025-07-07,140922,1,14,0,303.0
10109857VGSILVA_2025-07-07_G15,10109857VGSILVA,2025-07-07,110745,1,5,0,62.0
10109857VGSILVA_2025-07-07_G16,10109857VGSILVA,2025-07-07,118317,1,4,0,202.0
10109857VGSILVA_2025-07-07_G17,10109857VGSILVA,2025-07-07,111465,1,8,0,140.0
10109857VGSILVA_2025-07-07_G18,10109857VGSILVA,2025-07-07,111468,1,1,0,370.0
10109857VGSILVA_2025-07-07_G19,10109857VGSILVA,2025-07-07,111466,1,45,0,524.0
10109857VGSILVA_2025-07-07_G20,10109857VGSILVA,2025-07-07,117831,1,32,0,214.0
10109857VGSILVA_2025-07-07_G21,10109857VGSILVA,2025-07-07,117842,1,8,0,289.0
10109857VGSILVA_2025-07-07_G22,10109857VGSILVA,2025-07-07,110740,1,2,0,830.0
10109857VGSILVA_2025-07-07_G23,10109857VGSILVA,2025-07-07,111462,1,58,0,1146.0
10109857VGSILVA_2025-07-07_G25,10109857VGSILVA,2025-07-07,118222,1,1,0,99.0
10109857VGSILVA_2025-07-07_G26,10109857VGSILVA,2025-07-07,117785,1,2,0,115.0
10109857VGSILVA_2025-07-07_G27,10109857VGSILVA,2025-07-07,111418,1,4,0,144.0
10109857VGSILVA_2025-07-07_G28,10109857VGSILVA,2025-07-07,109641,1,4,0,221.0
10109857VGSILVA_2025-07-07_G29,10109857VGSILVA,2025-07-07,111418,1,7,0,70.0
10109857VGSILVA_2025-07-07_G30,10109857VGSILVA,2025-07-07,118140,1,1,0,37.0
10109857VGSILVA_2025-07-07_G31,10109857VGSILVA,2025-07-07,100334,1,1,0,126.0
10109857VGSILVA_2025-07-07_G32,10109857VGSILVA,2025-07-07,118222,1,4,0,416.0
10109857VGSILVA_2025-07-07_G33,10109857VGSILVA,2025-07-07,118299,1,6,0,156.0
10109857VGSILVA_2025-07-07_G34,10109857VGSILVA,2025-07-07,110376,1,4,0,121.0
10109857VGSILVA_2025-07-07_G35,10109857VGSILVA,2025-07-07,111469,1,26,0,216.0
10109857VGSILVA_2025-07-07_G36,10109857VGSILVA,2025-07-07,111466,1,10,0,488.0
10109857VGSILVA_2025-07-07_G37,10109857VGSILVA,2025-07-07,109641,1,4,0,120.0
10109857VGSILVA_2025-07-07_G38,10109857VGSILVA,2025-07-07,110740,1,4,0,72.0
10109857VGSILVA_2025-07-07_G39,10109857VGSILVA,2025-07-07,118140,1,24,0,134.0
10109857VGSILVA_2025-07-07_G40,10109857VGSILVA,2025-07-07,109645,1,2,0,82.0
10109857VGSILVA_2025-07-07_G41,10109857VGSILVA,2025-07-07,117808,1,8,0,259.0
10109857VGSILVA_2025-07-07_G42,10109857VGSILVA,2025-07-07,110747,1,1,0,70.0
10109857VGSILVA_2025-07-07_G43,10109857VGSILVA,2025-07-07,110339,1,1,0,49.0
10109857VGSILVA_2025-07-07_G44,10109857VGSILVA,2025-07-07,110515,1,2,0,55.0
10109857VGSILVA_2025-07-07_G45,10109857VGSILVA,2025-07-07,117855,1,4,0,318.0
10109857VGSILVA_2025-07-07_G46,10109857VGSILVA,2025-07-07,110711,1,1,0,44.0
10109857VGSILVA_2025-07-07_G47,10109857VGSILVA,2025-07-07,117935,1,2,0,267.0
10109857VGSILVA_2025-07-07_G48,10109857VGSILVA,2025-07-07,110752,1,4,0,50.0
10109857VGSILVA_2025-07-07_G49,10109857VGSILVA,2025-07-07,111441,1,12,0,148.0
10109857VGSILVA_2025-07-07_G50,10109857VGSILVA,2025-07-07,111438,1,2,0,90.0
10109857VGSILVA_2025-07-07_G51,10109857VGSILVA,2025-07-07,117855,1,2,0,465.0
10109857VGSILVA_2025-07-07_G52,10109857VGSILVA,2025-07-07,105705,1,1,0,113.0
10109857VGSILVA_2025-07-07_G53,10109857VGSILVA,2025-07-07,110741,1,1,0,112.0
10109857VGSILVA_2025-07-07_G54,10109857VGSILVA,2025-07-07,110515,1,2,0,70.0
10109857VGSILVA_2025-07-07_G55,10109857VGSILVA,2025-07-07,108711,1,4,0,103.0
10109857VGSILVA_2025-07-07_G56,10109857VGSILVA,2025-07-07,111602,1,1,0,119.0
10109857VGSILVA_2025-07-07_G57,10109857VGSILVA,2025-07-07,110374,1,4,0,65.0
10109857VGSILVA_2025-07-07_G58,10109857VGSILVA,2025-07-07,109645,1,2,0,82.0
10109857VGSILVA_2025-07-07_G59,10109857VGSILVA,2025-07-07,111442,1,48,0,704.0
10109857VGSILVA_2025-07-07_G60,10109857VGSILVA,2025-07-07,110375,1,4,0,576.0
10109857VGSILVA_2025-07-07_G61,10109857VGSILVA,2025-07-07,110325,1,12,0,107.0
10109857VGSILVA_2025-07-07_G62,10109857VGSILVA,2025-07-07,117832,1,2,0,53.0
10109857VGSILVA_2025-07-07_G63,10109857VGSILVA,2025-07-07,118299,1,4,0,152.0
10109857VGSILVA_2025-07-07_G64,10109857VGSILVA,2025-07-07,109643,1,4,0,55.0
10109857VGSILVA_2025-07-07_G65,10109857VGSILVA,2025-07-07,110373,1,8,0,196.0
10109857VGSILVA_2025-07-07_G66,10109857VGSILVA,2025-07-07,110372,1,27,0,249.0
10109857VGSILVA_2025-07-07_G67,10109857VGSILVA,2025-07-07,110374,1,4,0,132.0
10109857VGSILVA_2025-07-07_G68,10109857VGSILVA,2025-07-07,117820,1,6,0,578.0
10109857VGSILVA_2025-07-07_G69,10109857VGSILVA,2025-07-07,109649,1,2,0,492.0
10109857VGSILVA_2025-07-07_G70,10109857VGSILVA,2025-07-07,110313,1,1,0,34.0
10109857VGSILVA_2025-07-09_G02,10109857VGSILVA,2025-07-09,111466,1,4,0,53.0
10109857VGSILVA_2025-07-09_G03,10109857VGSILVA,2025-07-09,111466,1,96,0,380.0
10109857VGSILVA_2025-07-09_G04,10109857VGSILVA,2025-07-09,110787,1,16,0,165.0
10109857VGSILVA_2025-07-09_G05,10109857VGSILVA,2025-07-09,109645,1,4,0,76.0
10109857VGSILVA_2025-07-09_G06,10109857VGSILVA,2025-07-09,111433,1,9,0,87.0
10109857VGSILVA_2025-07-09_G07,10109857VGSILVA,2025-07-09,111469,1,23,0,226.0
10109857VGSILVA_2025-07-09_G08,10109857VGSILVA,2025-07-09,111465,1,8,0,94.0
10109857VGSILVA_2025-07-09_G09,10109857VGSILVA,2025-07-09,111463,1,12,0,485.0
10109857VGSILVA_2025-07-09_G10,10109857VGSILVA,2025-07-09,111466,1,2,0,1113.0
10109857VGSILVA_2025-07-09_G11,10109857VGSILVA,2025-07-09,117820,1,2,0,335.0
10109857VGSILVA_2025-07-09_G12,10109857VGSILVA,2025-07-09,110747,1,1,0,509.0
10109857VGSILVA_2025-07-09_G13,10109857VGSILVA,2025-07-09,118222,1,10,0,369.0
10109857VGSILVA_2025-07-09_G14,10109857VGSILVA,2025-07-09,110755,1,28,0,809.0
10109857VGSILVA_2025-07-09_G15,10109857VGSILVA,2025-07-09,111660,1,23,0,504.0
10109857VGSILVA_2025-07-09_G16,10109857VGSILVA,2025-07-09,107629,1,4,0,270.0
10109857VGSILVA_2025-07-09_G17,10109857VGSILVA,2025-07-09,110515,1,30,0,281.0
10109857VGSILVA_2025-07-09_G18,10109857VGSILVA,2025-07-09,118298,1,4,0,71.0
10109857VGSILVA_2025-07-09_G19,10109857VGSILVA,2025-07-09,111467,1,4,0,698.0
10109857VGSILVA_2025-07-09_G20,10109857VGSILVA,2025-07-09,117855,1,3,0,35.0
10109857VGSILVA_2025-07-09_G21,10109857VGSILVA,2025-07-09,111602,1,5,0,159.0
10109857VGSILVA_2025-07-09_G22,10109857VGSILVA,2025-07-09,111465,1,16,0,192.0
10109857VGSILVA_2025-07-09_G23,10109857VGSILVA,2025-07-09,111532,1,60,0,458.0
10109857VGSILVA_2025-07-09_G24,10109857VGSILVA,2025-07-09,111418,1,60,0,438.0
10109857VGSILVA_2025-07-09_G25,10109857VGSILVA,2025-07-09,117808,1,3,0,169.0
10109857VGSILVA_2025-07-09_G26,10109857VGSILVA,2025-07-09,118299,1,15,0,203.0
10109857VGSILVA_2025-07-09_G27,10109857VGSILVA,2025-07-09,110371,1,12,0,81.0
10109857VGSILVA_2025-07-10_G02,10109857VGSILVA,2025-07-10,118299,1,17,0,176.0
10109857VGSILVA_2025-07-10_G03,10109857VGSILVA,2025-07-10,117820,1,2,0,134.0
10109857VGSILVA_2025-07-10_G04,10109857VGSILVA,2025-07-10,118094,1,4,0,230.0
10109857VGSILVA_2025-07-10_G05,10109857VGSILVA,2025-07-10,111876,1,5,0,72.0
10109857VGSILVA_2025-07-10_G06,10109857VGSILVA,2025-07-10,117855,1,10,0,110.0
10109857VGSILVA_2025-07-10_G07,10109857VGSILVA,2025-07-10,117856,1,4,0,139.0
10109857VGSILVA_2025-07-10_G08,10109857VGSILVA,2025-07-10,111435,1,2,0,237.0
10109857VGSILVA_2025-07-10_G09,10109857VGSILVA,2025-07-10,111743,1,30,0,340.0
10109857VGSILVA_2025-07-10_G10,10109857VGSILVA,2025-07-10,111532,1,6,0,90.0
10109857VGSILVA_2025-07-10_G11,10109857VGSILVA,2025-07-10,111465,1,4,0,124.0
10109857VGSILVA_2025-07-10_G12,10109857VGSILVA,2025-07-10,111468,1,14,0,83.0
10109857VGSILVA_2025-07-10_G13,10109857VGSILVA,2025-07-10,111418,1,70,0,415.0
10109857VGSILVA_2025-07-10_G14,10109857VGSILVA,2025-07-10,111466,1,30,0,330.0
10109857VGSILVA_2025-07-10_G15,10109857VGSILVA,2025-07-10,111660,1,4,0,2283.0
10109857VGSILVA_2025-07-10_G16,10109857VGSILVA,2025-07-10,110313,1,5,0,346.0
10109857VGSILVA_2025-07-10_G17,10109857VGSILVA,2025-07-10,160054,1,30,0,376.0
10109857VGSILVA_2025-07-10_G18,10109857VGSILVA,2025-07-10,117832,1,2,0,62.0
10109857VGSILVA_2025-07-10_G19,10109857VGSILVA,2025-07-10,117820,1,12,0,174.0
10109857VGSILVA_2025-07-10_G20,10109857VGSILVA,2025-07-10,110374,1,2,0,103.0
10109857VGSILVA_2025-07-10_G21,10109857VGSILVA,2025-07-10,117822,1,4,0,437.0
10109857VGSILVA_2025-07-10_G22,10109857VGSILVA,2025-07-10,160055,1,10,0,424.0
10109857VGSILVA_2025-07-10_G23,10109857VGSILVA,2025-07-10,117821,1,5,0,67.0
10109857VGSILVA_2025-07-10_G24,10109857VGSILVA,2025-07-10,111532,1,22,0,185.0
10109857VGSILVA_2025-07-10_G25,10109857VGSILVA,2025-07-10,118299,1,13,0,289.0
10109857VGSILVA_2025-07-10_G26,10109857VGSILVA,2025-07-10,110515,1,14,0,151.0
10109857VGSILVA_2025-07-10_G27,10109857VGSILVA,2025-07-10,111443,1,4,0,90.0
10109857VGSILVA_2025-07-10_G28,10109857VGSILVA,2025-07-10,111418,1,8,0,90.0
10109857VGSILVA_2025-07-10_G29,10109857VGSILVA,2025-07-10,117785,1,5,0,116.0
10109857VGSILVA_2025-07-10_G30,10109857VGSILVA,2025-07-10,118317,1,10,0,96.0
10109857VGSILVA_2025-07-10_G31,10109857VGSILVA,2025-07-10,110742,1,6,0,170.0
10109857VGSILVA_2025-07-10_G32,10109857VGSILVA,2025-07-10,110747,1,14,0,305.0
10109857VGSILVA_2025-07-10_G33,10109857VGSILVA,2025-07-10,108759,1,4,0,114.0
10109857VGSILVA_2025-07-10_G34,10109857VGSILVA,2025-07-10,111438,1,20,0,504.0
10109857VGSILVA_2025-07-10_G35,10109857VGSILVA,2025-07-10,111569,1,11,0,181.0
10109857VGSILVA_2025-07-10_G36,10109857VGSILVA,2025-07-10,111660,1,2,0,120.0
10109857VGSILVA_2025-07-10_G37,10109857VGSILVA,2025-07-10,107892,1,4,0,294.0
10109857VGSILVA_2025-07-10_G38,10109857VGSILVA,2025-07-10,110747,1,4,0,410.0
10109857VGSILVA_2025-07-10_G39,10109857VGSILVA,2025-07-10,108772,1,2,0,134.0
10109857VGSILVA_2025-07-10_G40,10109857VGSILVA,2025-07-10,118317,1,6,0,107.0
10109857VGSILVA_2025-07-10_G42,10109857VGSILVA,2025-07-10,117785,1,760,0,50.0
10109857VGSILVA_2025-07-10_G43,10109857VGSILVA,2025-07-10,111446,1,4,0,3097.0
10109857VGSILVA_2025-07-10_G44,10109857VGSILVA,2025-07-10,111446,2,8,30,69.0
10109857VGSILVA_2025-07-10_G45,10109857VGSILVA,2025-07-10,111446,1,4,0,40.0
10109857VGSILVA_2025-07-10_G46,10109857VGSILVA,2025-07-10,111446,1,8,0,93.0
10109857VGSILVA_2025-07-10_G47,10109857VGSILVA,2025-07-10,111446,1,4,0,51.0
10109857VGSILVA_2025-07-10_G48,10109857VGSILVA,2025-07-10,111446,1,8,0,66.0
10109857VGSILVA_2025-07-10_G49,10109857VGSILVA,2025-07-10,111446,1,4,0,63.0
10109857VGSILVA_2025-07-10_G50,10109857VGSILVA,2025-07-10,111446,1,4,0,38.0
10109857VGSILVA_2025-07-10_G51,10109857VGSILVA,2025-07-10,109643,1,10,0,419.0
10109857VGSILVA_2025-07-10_G52,10109857VGSILVA,2025-07-10,111467,1,2,0,107.0
10109857VGSILVA_2025-07-10_G53,10109857VGSILVA,2025-07-10,111469,2,8,22,116.0
10109857VGSILVA_2025-07-10_G54,10109857VGSILVA,2025-07-10,110332,1,2,0,105.0
10109857VGSILVA_2025-07-10_G55,10109857VGSILVA,2025-07-10,117808,1,4,0,669.0
10109857VGSILVA_2025-07-10_G56,10109857VGSILVA,2025-07-10,118299,1,12,0,183.0
10109857VGSILVA_2025-07-10_G57,10109857VGSILVA,2025-07-10,111465,1,8,0,243.0
10109857VGSILVA_2025-07-11_G02,10109857VGSILVA,2025-07-11,107629,1,4,0,229.0
10109857VGSILVA_2025-07-11_G03,10109857VGSILVA,2025-07-11,110339,1,12,0,175.0
10109857VGSILVA_2025-07-11_G04,10109857VGSILVA,2025-07-11,110515,1,6,0,271.0
10109857VGSILVA_2025-07-11_G05,10109857VGSILVA,2025-07-11,117837,1,3,0,136.0
10109857VGSILVA_2025-07-11_G06,10109857VGSILVA,2025-07-11,109647,1,2,0,91.0
10109857VGSILVA_2025-07-11_G07,10109857VGSILVA,2025-07-11,110711,1,3,0,96.0
10109857VGSILVA_2025-07-11_G08,10109857VGSILVA,2025-07-11,110747,1,4,0,124.0
10109857VGSILVA_2025-07-11_G09,10109857VGSILVA,2025-07-11,110325,1,8,0,116.0
10109857VGSILVA_2025-07-11_G10,10109857VGSILVA,2025-07-11,117808,1,30,0,188.0
10109857VGSILVA_2025-07-11_G11,10109857VGSILVA,2025-07-11,109643,1,3,0,59.0
10109857VGSILVA_2025-07-11_G12,10109857VGSILVA,2025-07-11,110374,1,15,0,159.0
10109857VGSILVA_2025-07-11_G13,10109857VGSILVA,2025-07-11,110372,1,30,0,394.0
10109857VGSILVA_2025-07-11_G14,10109857VGSILVA,2025-07-11,111462,1,5,0,126.0
10109857VGSILVA_2025-07-11_G15,10109857VGSILVA,2025-07-11,110745,1,1,0,41.0
10109857VGSILVA_2025-07-11_G16,10109857VGSILVA,2025-07-11,111466,1,9,0,90.0
10109857VGSILVA_2025-07-11_G17,10109857VGSILVA,2025-07-11,107830,1,4,0,120.0
10109857VGSILVA_2025-07-11_G18,10109857VGSILVA,2025-07-11,118281,1,4,0,59.0
10109857VGSILVA_2025-07-11_G19,10109857VGSILVA,2025-07-11,110371,1,20,0,145.0
10109857VGSILVA_2025-07-11_G20,10109857VGSILVA,2025-07-11,117830,1,8,0,130.0
10109857VGSILVA_2025-07-11_G21,10109857VGSILVA,2025-07-11,118140,1,30,0,454.0
10109857VGSILVA_2025-07-11_G22,10109857VGSILVA,2025-07-11,117787,1,3,0,91.0
10109857VGSILVA_2025-07-11_G23,10109857VGSILVA,2025-07-11,111569,1,4,0,93.0
10109857VGSILVA_2025-07-11_G24,10109857VGSILVA,2025-07-11,110373,1,8,0,124.0
10109857VGSILVA_2025-07-11_G25,10109857VGSILVA,2025-07-11,111469,1,15,0,138.0
10109857VGSILVA_2025-07-11_G26,10109857VGSILVA,2025-07-11,111463,1,20,0,977.0
10109857VGSILVA_2025-07-11_G27,10109857VGSILVA,2025-07-11,118140,1,8,0,336.0
10109857VGSILVA_2025-07-11_G28,10109857VGSILVA,2025-07-11,108795,1,6,0,289.0
10109857VGSILVA_2025-07-11_G29,10109857VGSILVA,2025-07-11,140922,1,8,0,97.0
10109857VGSILVA_2025-07-11_G30,10109857VGSILVA,2025-07-11,111743,1,8,0,83.0
10109857VGSILVA_2025-07-11_G31,10109857VGSILVA,2025-07-11,117831,1,6,0,72.0
10109857VGSILVA_2025-07-11_G32,10109857VGSILVA,2025-07-11,110711,1,16,0,132.0
10109857VGSILVA_2025-07-11_G33,10109857VGSILVA,2025-07-11,111602,1,15,0,116.0
10109857VGSILVA_2025-07-11_G34,10109857VGSILVA,2025-07-11,108711,1,12,0,112.0
10109857VGSILVA_2025-07-11_G35,10109857VGSILVA,2025-07-11,118140,1,8,0,720.0
10109857VGSILVA_2025-07-11_G36,10109857VGSILVA,2025-07-11,110313,1,11,0,222.0
10109857VGSILVA_2025-07-11_G37,10109857VGSILVA,2025-07-11,111743,1,4,0,238.0
10109857VGSILVA_2025-07-11_G38,10109857VGSILVA,2025-07-11,117831,1,4,0,90.0
10109857VGSILVA_2025-07-11_G39,10109857VGSILVA,2025-07-11,110711,1,12,0,113.0
10109857VGSILVA_2025-07-11_G40,10109857VGSILVA,2025-07-11,111602,1,30,0,265.0
10109857VGSILVA_2025-07-11_G41,10109857VGSILVA,2025-07-11,110313,1,10,0,204.0
10109857VGSILVA_2025-07-11_G42,10109857VGSILVA,2025-07-11,118140,1,6,0,157.0
10109857VGSILVA_2025-07-11_G43,10109857VGSILVA,2025-07-11,108711,1,8,0,735.0
10109857VGSILVA_2025-07-11_G44,10109857VGSILVA,2025-07-11,140922,1,6,0,207.0
10109857VGSILVA_2025-07-11_G45,10109857VGSILVA,2025-07-11,111467,1,4,0,236.0
10109857VGSILVA_2025-07-11_G46,10109857VGSILVA,2025-07-11,111463,1,12,0,263.0
10109857VGSILVA_2025-07-11_G47,10109857VGSILVA,2025-07-11,110740,1,4,0,81.0
10109857VGSILVA_2025-07-11_G48,10109857VGSILVA,2025-07-11,110787,1,12,0,339.0
10109857VGSILVA_2025-07-11_G49,10109857VGSILVA,2025-07-11,111602,1,8,0,138.0
10109857VGSILVA_2025-07-11_G50,10109857VGSILVA,2025-07-11,108711,1,4,0,58.0
10109857VGSILVA_2025-07-11_G51,10109857VGSILVA,2025-07-11,118140,1,8,0,93.0
10109857VGSILVA_2025-07-11_G52,10109857VGSILVA,2025-07-11,110313,1,4,0,89.0
10109857VGSILVA_2025-07-11_G54,10109857VGSILVA,2025-07-11,111433,1,2,0,121.0
10109857VGSILVA_2025-07-11_G55,10109857VGSILVA,2025-07-11,110742,1,3,0,660.0
10109857VGSILVA_2025-07-11_G56,10109857VGSILVA,2025-07-11,117861,1,2,0,100.0
10109857VGSILVA_2025-07-11_G57,10109857VGSILVA,2025-07-11,141047,1,3,0,47.0
10109857VGSILVA_2025-07-11_G58,10109857VGSILVA,2025-07-11,111602,1,6,0,112.0
10109857VGSILVA_2025-07-11_G59,10109857VGSILVA,2025-07-11,117809,1,2,0,1007.0
10109857VGSILVA_2025-07-11_G60,10109857VGSILVA,2025-07-11,117808,1,17,0,156.0
10109857VGSILVA_2025-07-11_G61,10109857VGSILVA,2025-07-11,109643,1,4,0,285.0
10109857VGSILVA_2025-07-11_G62,10109857VGSILVA,2025-07-11,110374,1,3,0,198.0
10109857VGSILVA_2025-07-11_G63,10109857VGSILVA,2025-07-11,110372,1,19,0,127.0
10109857VGSILVA_2025-07-11_G64,10109857VGSILVA,2025-07-11,140922,1,2,0,65.0
10109857VGSILVA_2025-07-11_G65,10109857VGSILVA,2025-07-11,111462,1,3,0,31.0
10109857VGSILVA_2025-07-11_G66,10109857VGSILVA,2025-07-11,117831,1,2,0,137.0
10109857VGSILVA_2025-07-11_G67,10109857VGSILVA,2025-07-11,118299,1,8,0,114.0
10109857VGSILVA_2025-07-11_G68,10109857VGSILVA,2025-07-11,111418,1,4,0,162.0
10109857VGSILVA_2025-07-11_G69,10109857VGSILVA,2025-07-11,117787,1,2,0,74.0
10109857VGSILVA_2025-07-11_G70,10109857VGSILVA,2025-07-11,111466,1,6,0,86.0
10109857VGSILVA_2025-07-11_G71,10109857VGSILVA,2025-07-11,111469,1,5,0,59.0
10109857VGSILVA_2025-07-11_G72,10109857VGSILVA,2025-07-11,110740,1,4,0,68.0
10109857VGSILVA_2025-07-11_G73,10109857VGSILVA,2025-07-11,110373,1,14,0,224.0
10109857VGSILVA_2025-07-11_G74,10109857VGSILVA,2025-07-11,111743,1,8,0,738.0
10109857VGSILVA_2025-07-11_G75,10109857VGSILVA,2025-07-11,117837,1,12,0,119.0
10109857VGSILVA_2025-07-11_G76,10109857VGSILVA,2025-07-11,110742,1,20,0,287.0
10109857VGSILVA_2025-07-11_G77,10109857VGSILVA,2025-07-11,110747,1,20,0,477.0
10109857VGSILVA_2025-07-11_G78,10109857VGSILVA,2025-07-11,111439,1,4,0,391.0
10109857VGSILVA_2025-07-11_G79,10109857VGSILVA,2025-07-11,111442,1,8,0,152.0
10109857VGSILVA_2025-07-11_G80,10109857VGSILVA,2025-07-11,118306,1,30,0,475.0
10109857VGSILVA_2025-07-11_G81,10109857VGSILVA,2025-07-11,118299,1,50,0,666.0
10109857VGSILVA_2025-07-12_G02,10109857VGSILVA,2025-07-12,118306,1,2,0,319.0
10109857VGSILVA_2025-07-12_G03,10109857VGSILVA,2025-07-12,111438,1,16,0,218.0
10109857VGSILVA_2025-07-12_G04,10109857VGSILVA,2025-07-12,111569,1,48,0,609.0
10109857VGSILVA_2025-07-12_G05,10109857VGSILVA,2025-07-12,110064,1,2,0,118.0
10109857VGSILVA_2025-07-12_G06,10109857VGSILVA,2025-07-12,109974,1,2,0,57.0
10109857VGSILVA_2025-07-12_G07,10109857VGSILVA,2025-07-12,107892,1,5,0,338.0
10109857VGSILVA_2025-07-12_G08,10109857VGSILVA,2025-07-12,107892,1,7,0,180.0
10109857VGSILVA_2025-07-12_G09,10109857VGSILVA,2025-07-12,111569,1,34,0,282.0
10109857VGSILVA_2025-07-12_G10,10109857VGSILVA,2025-07-12,118094,1,3,0,197.0
10109857VGSILVA_2025-07-12_G11,10109857VGSILVA,2025-07-12,110339,1,5,0,64.0
10109857VGSILVA_2025-07-12_G12,10109857VGSILVA,2025-07-12,117786,1,4,0,64.0
10109857VGSILVA_2025-07-12_G13,10109857VGSILVA,2025-07-12,117856,1,13,0,669.0
10109857VGSILVA_2025-07-12_G14,10109857VGSILVA,2025-07-12,117853,1,18,0,265.0
10109857VGSILVA_2025-07-12_G15,10109857VGSILVA,2025-07-12,109647,1,13,0,169.0
10109857VGSILVA_2025-07-12_G16,10109857VGSILVA,2025-07-12,117832,1,16,0,237.0
10109857VGSILVA_2025-07-13_G02,10109857VGSILVA,2025-07-13,117833,1,50,0,505.0
10109857VGSILVA_2025-07-13_G03,10109857VGSILVA,2025-07-13,118299,1,350,0,2029.0
10109857VGSILVA_2025-07-13_G04,10109857VGSILVA,2025-07-13,118222,1,50,0,1240.0
10109857VGSILVA_2025-07-13_G05,10109857VGSILVA,2025-07-13,110751,1,100,0,1698.0
10109857VGSILVA_2025-07-13_G06,10109857VGSILVA,2025-07-13,118299,1,270,0,2812.0
10109857VGSILVA_2025-07-13_G07,10109857VGSILVA,2025-07-13,110374,1,6,0,99.0
10109857VGSILVA_2025-07-13_G08,10109857VGSILVA,2025-07-13,110374,1,102,0,146.0
10109857VGSILVA_2025-07-13_G09,10109857VGSILVA,2025-07-13,110372,1,102,0,181.0
10109857VGSILVA_2025-07-14_G02,10109857VGSILVA,2025-07-14,"110371, 117820",2,196,9,1392.0
10109857VGSILVA_2025-07-14_G03,10109857VGSILVA,2025-07-14,111469,1,44,0,1138.0
10109857VGSILVA_2025-07-14_G04,10109857VGSILVA,2025-07-14,140922,1,12,0,407.0
10109857VGSILVA_2025-07-14_G05,10109857VGSILVA,2025-07-14,111462,1,54,0,345.0
10109857VGSILVA_2025-07-14_G06,10109857VGSILVA,2025-07-14,111418,1,42,0,1191.0
10109857VGSILVA_2025-07-14_G07,10109857VGSILVA,2025-07-14,111463,1,140,0,1277.0
10109857VGSILVA_2025-07-14_G09,10109857VGSILVA,2025-07-14,118094,1,12,0,168.0
10109857VGSILVA_2025-07-14_G10,10109857VGSILVA,2025-07-14,107629,1,2,0,36.0
10109857VGSILVA_2025-07-14_G11,10109857VGSILVA,2025-07-14,117809,1,12,0,170.0
10109857VGSILVA_2025-07-14_G12,10109857VGSILVA,2025-07-14,111467,1,6,0,169.0
10109857VGSILVA_2025-07-14_G13,10109857VGSILVA,2025-07-14,110711,1,10,0,132.0
10109857VGSILVA_2025-07-14_G14,10109857VGSILVA,2025-07-14,108759,1,2,0,63.0
10109857VGSILVA_2025-07-14_G15,10109857VGSILVA,2025-07-14,110376,1,6,0,132.0
10109857VGSILVA_2025-07-14_G16,10109857VGSILVA,2025-07-14,117935,1,8,0,164.0
10109857VGSILVA_2025-07-14_G17,10109857VGSILVA,2025-07-14,110752,1,6,0,78.0
10109857VGSILVA_2025-07-14_G18,10109857VGSILVA,2025-07-14,117830,1,48,0,655.0
10109857VGSILVA_2025-07-14_G19,10109857VGSILVA,2025-07-14,110372,1,354,0,527.0
10109857VGSILVA_2025-07-14_G20,10109857VGSILVA,2025-07-14,107830,1,4,0,126.0
10109857VGSILVA_2025-07-14_G21,10109857VGSILVA,2025-07-14,110371,1,81,0,206.0
10109857VGSILVA_2025-07-14_G22,10109857VGSILVA,2025-07-14,110373,1,140,0,543.0
10109857VGSILVA_2025-07-14_G23,10109857VGSILVA,2025-07-14,117862,1,57,0,349.0
10109857VGSILVA_2025-07-14_G24,10109857VGSILVA,2025-07-14,110741,1,7,0,1191.0
10109857VGSILVA_2025-07-14_G25,10109857VGSILVA,2025-07-14,110580,1,4,0,67.0
10109857VGSILVA_2025-07-14_G26,10109857VGSILVA,2025-07-14,117788,1,17,0,108.0
10109857VGSILVA_2025-07-14_G27,10109857VGSILVA,2025-07-14,118094,1,20,0,213.0
10109857VGSILVA_2025-07-14_G28,10109857VGSILVA,2025-07-14,117786,1,26,0,138.0
10109857VGSILVA_2025-07-14_G29,10109857VGSILVA,2025-07-14,110745,1,7,0,302.0
10109857VGSILVA_2025-07-14_G30,10109857VGSILVA,2025-07-14,117833,1,26,0,497.0
10109857VGSILVA_2025-07-14_G31,10109857VGSILVA,2025-07-14,108798,1,30,0,162.0
10109857VGSILVA_2025-07-14_G32,10109857VGSILVA,2025-07-14,110787,1,9,0,95.0
10109857VGSILVA_2025-07-14_G33,10109857VGSILVA,2025-07-14,118317,1,6,0,94.0
10109857VGSILVA_2025-07-14_G34,10109857VGSILVA,2025-07-14,110740,1,8,0,127.0
10109857VGSILVA_2025-07-14_G35,10109857VGSILVA,2025-07-14,117861,1,24,0,310.0
10109857VGSILVA_2025-07-14_G36,10109857VGSILVA,2025-07-14,110753,1,8,0,114.0
10109857VGSILVA_2025-07-14_G37,10109857VGSILVA,2025-07-14,141047,1,6,0,143.0
10109857VGSILVA_2025-07-14_G38,10109857VGSILVA,2025-07-14,111467,1,75,0,284.0
10109857VGSILVA_2025-07-14_G39,10109857VGSILVA,2025-07-14,111602,1,21,0,234.0
10109857VGSILVA_2025-07-14_G40,10109857VGSILVA,2025-07-14,108361,1,8,0,54.0
10109857VGSILVA_2025-07-14_G41,10109857VGSILVA,2025-07-14,110313,1,30,0,239.0
10109857VGSILVA_2025-07-14_G42,10109857VGSILVA,2025-07-14,117856,1,16,0,253.0
10109857VGSILVA_2025-07-14_G43,10109857VGSILVA,2025-07-14,110752,1,4,0,90.0
10109857VGSILVA_2025-07-14_G44,10109857VGSILVA,2025-07-14,117789,1,8,0,158.0
10109857VGSILVA_2025-07-15_G02,10109857VGSILVA,2025-07-15,111172,1,15,0,166.0
10109857VGSILVA_2025-07-15_G03,10109857VGSILVA,2025-07-15,108794,1,26,0,440.0
10109857VGSILVA_2025-07-15_G04,10109857VGSILVA,2025-07-15,117838,1,72,0,816.0
10109857VGSILVA_2025-07-15_G05,10109857VGSILVA,2025-07-15,140922,1,80,0,93.0
10109857VGSILVA_2025-07-15_G06,10109857VGSILVA,2025-07-15,118140,1,80,0,701.0
10109857VGSILVA_2025-07-15_G07,10109857VGSILVA,2025-07-15,117787,1,26,0,187.0
10109857VGSILVA_2025-07-15_G08,10109857VGSILVA,2025-07-15,117831,1,120,0,703.0
10109857VGSILVA_2025-07-15_G09,10109857VGSILVA,2025-07-15,111469,1,15,0,235.0
10109857VGSILVA_2025-07-15_G10,10109857VGSILVA,2025-07-15,111465,1,11,0,141.0
10109857VGSILVA_2025-07-15_G11,10109857VGSILVA,2025-07-15,111468,1,36,0,176.0
10109857VGSILVA_2025-07-15_G12,10109857VGSILVA,2025-07-15,110332,1,12,0,212.0
10109857VGSILVA_2025-07-15_G13,10109857VGSILVA,2025-07-15,111463,1,100,0,1061.0
10109857VGSILVA_2025-07-15_G15,10109857VGSILVA,2025-07-15,110372,1,30,0,441.0
10109857VGSILVA_2025-07-15_G16,10109857VGSILVA,2025-07-15,110373,1,50,0,284.0
10109857VGSILVA_2025-07-15_G18,10109857VGSILVA,2025-07-15,118299,1,399,0,1814.0
10109857VGSILVA_2025-07-15_G19,10109857VGSILVA,2025-07-15,110325,1,4,0,197.0
10109857VGSILVA_2025-07-15_G20,10109857VGSILVA,2025-07-15,118299,1,2,0,74.0
10109857VGSILVA_2025-07-15_G21,10109857VGSILVA,2025-07-15,110373,1,4,0,357.0
10109857VGSILVA_2025-07-15_G22,10109857VGSILVA,2025-07-15,110325,1,2,0,130.0
10109857VGSILVA_2025-07-15_G23,10109857VGSILVA,2025-07-15,117830,1,4,0,36.0
10109857VGSILVA_2025-07-15_G24,10109857VGSILVA,2025-07-15,110371,1,12,0,133.0
10109857VGSILVA_2025-07-15_G25,10109857VGSILVA,2025-07-15,110373,1,4,0,131.0
10109857VGSILVA_2025-07-15_G26,10109857VGSILVA,2025-07-15,111467,1,3,0,203.0
10109857VGSILVA_2025-07-15_G27,10109857VGSILVA,2025-07-15,111602,1,4,0,169.0
10109857VGSILVA_2025-07-15_G28,10109857VGSILVA,2025-07-15,110515,1,2,0,152.0
10109857VGSILVA_2025-07-15_G29,10109857VGSILVA,2025-07-15,117856,1,2,0,63.0
10109857VGSILVA_2025-07-15_G30,10109857VGSILVA,2025-07-15,118222,1,4,0,119.0
10109857VGSILVA_2025-07-15_G31,10109857VGSILVA,2025-07-15,111462,1,1,0,151.0
10109857VGSILVA_2025-07-15_G32,10109857VGSILVA,2025-07-15,117821,1,4,0,89.0
10109857VGSILVA_2025-07-15_G33,10109857VGSILVA,2025-07-15,111532,1,3,0,79.0
10109857VGSILVA_2025-07-15_G34,10109857VGSILVA,2025-07-15,111418,1,12,0,93.0
10109857VGSILVA_2025-07-15_G35,10109857VGSILVA,2025-07-15,117831,1,3,0,77.0
10109857VGSILVA_2025-07-15_G36,10109857VGSILVA,2025-07-15,111466,1,4,0,69.0
10109857VGSILVA_2025-07-15_G37,10109857VGSILVA,2025-07-15,111469,1,4,0,45.0
10109857VGSILVA_2025-07-15_G38,10109857VGSILVA,2025-07-15,110740,1,1,0,42.0
10109857VGSILVA_2025-07-15_G39,10109857VGSILVA,2025-07-15,110325,1,2,0,168.0
10109857VGSILVA_2025-07-15_G40,10109857VGSILVA,2025-07-15,117830,1,11,0,160.0
10109857VGSILVA_2025-07-15_G41,10109857VGSILVA,2025-07-15,110374,1,4,0,79.0
10109857VGSILVA_2025-07-15_G42,10109857VGSILVA,2025-07-15,110374,1,3,0,31.0
10109857VGSILVA_2025-07-15_G43,10109857VGSILVA,2025-07-15,110372,1,20,0,129.0
10109857VGSILVA_2025-07-15_G44,10109857VGSILVA,2025-07-15,110372,1,8,0,218.0
10109857VGSILVA_2025-07-15_G45,10109857VGSILVA,2025-07-15,110371,1,10,0,99.0
10109857VGSILVA_2025-07-15_G46,10109857VGSILVA,2025-07-15,110371,1,7,0,52.0
10109857VGSILVA_2025-07-15_G47,10109857VGSILVA,2025-07-15,118299,1,40,0,355.0
10109857VGSILVA_2025-07-15_G48,10109857VGSILVA,2025-07-15,110373,1,10,0,240.0
10109857VGSILVA_2025-07-15_G49,10109857VGSILVA,2025-07-15,110373,1,5,0,34.0
10109857VGSILVA_2025-07-15_G50,10109857VGSILVA,2025-07-15,118299,1,3,0,424.0
10109857VGSILVA_2025-07-15_G51,10109857VGSILVA,2025-07-15,110372,1,6,0,226.0
10109857VGSILVA_2025-07-15_G52,10109857VGSILVA,2025-07-15,117935,1,70,0,1131.0
10109857VGSILVA_2025-07-15_G53,10109857VGSILVA,2025-07-15,110376,1,241,0,856.0
10109857VGSILVA_2025-07-15_G54,10109857VGSILVA,2025-07-15,110376,1,559,0,1145.0
10109857VGSILVA_2025-07-16_G03,10109857VGSILVA,2025-07-16,117935,1,96,0,995.0
10109857VGSILVA_2025-07-16_G04,10109857VGSILVA,2025-07-16,110747,1,1,0,589.0
10109857VGSILVA_2025-07-16_G05,10109857VGSILVA,2025-07-16,117965,1,3,0,147.0
10109857VGSILVA_2025-07-16_G06,10109857VGSILVA,2025-07-16,105705,1,2,0,184.0
10109857VGSILVA_2025-07-16_G07,10109857VGSILVA,2025-07-16,110372,1,12,0,143.0
10109857VGSILVA_2025-07-16_G08,10109857VGSILVA,2025-07-16,110841,1,2,0,51.0
10109857VGSILVA_2025-07-16_G09,10109857VGSILVA,2025-07-16,117862,1,6,0,82.0
10109857VGSILVA_2025-07-16_G10,10109857VGSILVA,2025-07-16,"111182, 111462",2,4,29,95.0
10109857VGSILVA_2025-07-16_G11,10109857VGSILVA,2025-07-16,141048,1,2,0,98.0
10109857VGSILVA_2025-07-16_G12,10109857VGSILVA,2025-07-16,107830,1,4,0,95.0
10109857VGSILVA_2025-07-16_G13,10109857VGSILVA,2025-07-16,108711,1,2,0,77.0
10109857VGSILVA_2025-07-16_G14,10109857VGSILVA,2025-07-16,111468,1,2,0,92.0
10109857VGSILVA_2025-07-16_G15,10109857VGSILVA,2025-07-16,117856,1,2,0,82.0
10109857VGSILVA_2025-07-16_G16,10109857VGSILVA,2025-07-16,110373,1,8,0,113.0
10109857VGSILVA_2025-07-16_G17,10109857VGSILVA,2025-07-16,117830,1,200,0,2853.0
10109857VGSILVA_2025-07-16_G18,10109857VGSILVA,2025-07-16,117853,1,60,0,351.0
10109857VGSILVA_2025-07-16_G19,10109857VGSILVA,2025-07-16,111439,1,228,0,1037.0
10109857VGSILVA_2025-07-16_G20,10109857VGSILVA,2025-07-16,107236,1,100,0,504.0
10109857VGSILVA_2025-07-16_G21,10109857VGSILVA,2025-07-16,110755,1,10,0,283.0
10109857VGSILVA_2025-07-17_G02,10109857VGSILVA,2025-07-17,111530,1,1,0,1318.0
10109857VGSILVA_2025-07-17_G03,10109857VGSILVA,2025-07-17,117831,1,4,0,79.0
10109857VGSILVA_2025-07-17_G04,10109857VGSILVA,2025-07-17,141823,1,2,0,108.0
10109857VGSILVA_2025-07-17_G05,10109857VGSILVA,2025-07-17,111463,1,2,0,306.0
10109857VGSILVA_2025-07-17_G06,10109857VGSILVA,2025-07-17,117830,1,2,0,85.0
10109857VGSILVA_2025-07-17_G07,10109857VGSILVA,2025-07-17,117808,1,6,0,139.0
10109857VGSILVA_2025-07-17_G08,10109857VGSILVA,2025-07-17,110372,1,5,0,121.0
10109857VGSILVA_2025-07-17_G09,10109857VGSILVA,2025-07-17,110373,1,4,0,127.0
10109857VGSILVA_2025-07-17_G10,10109857VGSILVA,2025-07-17,118299,1,5,0,111.0
10109857VGSILVA_2025-07-17_G11,10109857VGSILVA,2025-07-17,117820,1,4,0,49.0
10109857VGSILVA_2025-07-17_G12,10109857VGSILVA,2025-07-17,110741,1,2,0,532.0
10109857VGSILVA_2025-07-17_G13,10109857VGSILVA,2025-07-17,111876,1,4,0,80.0
10109857VGSILVA_2025-07-17_G14,10109857VGSILVA,2025-07-17,111463,1,4,0,161.0
10109857VGSILVA_2025-07-17_G15,10109857VGSILVA,2025-07-17,111172,1,7,0,103.0
10109857VGSILVA_2025-07-17_G16,10109857VGSILVA,2025-07-17,108794,1,12,0,129.0
10109857VGSILVA_2025-07-17_G17,10109857VGSILVA,2025-07-17,117832,1,4,0,91.0
10109857VGSILVA_2025-07-17_G18,10109857VGSILVA,2025-07-17,110374,1,20,0,322.0
10109857VGSILVA_2025-07-17_G19,10109857VGSILVA,2025-07-17,111743,1,6,0,127.0
10109857VGSILVA_2025-07-17_G20,10109857VGSILVA,2025-07-17,117833,1,4,0,356.0
10109857VGSILVA_2025-07-17_G21,10109857VGSILVA,2025-07-17,110515,1,4,0,111.0
10109857VGSILVA_2025-07-17_G22,10109857VGSILVA,2025-07-17,118317,1,2,0,197.0
10109857VGSILVA_2025-07-17_G23,10109857VGSILVA,2025-07-17,160057,1,10,0,274.0
10109857VGSILVA_2025-07-17_G24,10109857VGSILVA,2025-07-17,118222,1,10,0,1140.0
10109857VGSILVA_2025-07-17_G25,10109857VGSILVA,2025-07-17,102851,1,2,0,1579.0
10109857VGSILVA_2025-07-17_G26,10109857VGSILVA,2025-07-17,110375,1,13,0,732.0
10109857VGSILVA_2025-07-17_G27,10109857VGSILVA,2025-07-17,110325,1,2,0,67.0
10109857VGSILVA_2025-07-17_G28,10109857VGSILVA,2025-07-17,117830,1,50,0,429.0
10109857VGSILVA_2025-07-17_G29,10109857VGSILVA,2025-07-17,107888,1,2,0,162.0
10109857VGSILVA_2025-07-17_G30,10109857VGSILVA,2025-07-17,108795,1,1,0,110.0
10109857VGSILVA_2025-07-17_G31,10109857VGSILVA,2025-07-17,105705,1,4,0,70.0
10109857VGSILVA_2025-07-17_G32,10109857VGSILVA,2025-07-17,118140,1,1,0,64.0
10109857VGSILVA_2025-07-17_G33,10109857VGSILVA,2025-07-17,117862,1,12,0,187.0
10109857VGSILVA_2025-07-17_G34,10109857VGSILVA,2025-07-17,110376,1,2,0,187.0
10109857VGSILVA_2025-07-18_G02,10109857VGSILVA,2025-07-18,110755,1,8,0,1180.0
10109857VGSILVA_2025-07-18_G03,10109857VGSILVA,2025-07-18,111467,1,12,0,258.0
10109857VGSILVA_2025-07-18_G04,10109857VGSILVA,2025-07-18,101217,1,1,0,97.0
10109857VGSILVA_2025-07-18_G05,10109857VGSILVA,2025-07-18,117856,1,1,0,64.0
10109857VGSILVA_2025-07-18_G06,10109857VGSILVA,2025-07-18,110374,1,50,0,428.0
10109857VGSILVA_2025-07-18_G07,10109857VGSILVA,2025-07-18,110372,1,200,0,714.0
10109857VGSILVA_2025-07-18_G08,10109857VGSILVA,2025-07-18,118299,1,600,0,1422.0
10109857VGSILVA_2025-07-18_G09,10109857VGSILVA,2025-07-18,108794,1,20,0,2044.0
10109857VGSILVA_2025-07-18_G10,10109857VGSILVA,2025-07-18,118140,1,85,0,481.0
10109857VGSILVA_2025-07-18_G11,10109857VGSILVA,2025-07-18,111462,1,56,0,510.0
10109857VGSILVA_2025-07-18_G12,10109857VGSILVA,2025-07-18,111743,1,50,0,534.0
10109857VGSILVA_2025-07-18_G13,10109857VGSILVA,2025-07-18,117833,1,8,0,141.0
10109857VGSILVA_2025-07-18_G14,10109857VGSILVA,2025-07-18,111532,1,24,0,572.0
10109857VGSILVA_2025-07-18_G15,10109857VGSILVA,2025-07-18,111532,2,6,28,72.0
10109857VGSILVA_2025-07-18_G16,10109857VGSILVA,2025-07-18,111463,1,50,0,266.0
10109857VGSILVA_2025-07-18_G17,10109857VGSILVA,2025-07-18,111418,1,40,0,225.0
10109857VGSILVA_2025-07-18_G18,10109857VGSILVA,2025-07-18,108711,1,45,0,396.0
10109857VGSILVA_2025-07-18_G19,10109857VGSILVA,2025-07-18,117785,1,37,0,601.0
10109857VGSILVA_2025-07-18_G20,10109857VGSILVA,2025-07-18,117831,1,37,0,296.0
10109857VGSILVA_2025-07-18_G21,10109857VGSILVA,2025-07-18,111468,1,35,0,297.0
10109857VGSILVA_2025-07-18_G23,10109857VGSILVA,2025-07-18,140922,1,1,0,73.0
10109857VGSILVA_2025-07-18_G24,10109857VGSILVA,2025-07-18,108794,1,2,0,34.0
10109857VGSILVA_2025-07-18_G25,10109857VGSILVA,2025-07-18,118140,1,7,0,207.0
10109857VGSILVA_2025-07-18_G26,10109857VGSILVA,2025-07-18,111462,1,16,0,101.0
10109857VGSILVA_2025-07-18_G27,10109857VGSILVA,2025-07-18,110325,1,2,0,75.0
10109857VGSILVA_2025-07-18_G28,10109857VGSILVA,2025-07-18,117832,1,2,0,32.0
10109857VGSILVA_2025-07-18_G29,10109857VGSILVA,2025-07-18,117809,1,4,0,32.0
10109857VGSILVA_2025-07-18_G30,10109857VGSILVA,2025-07-18,110371,1,2,0,34.0
10109857VGSILVA_2025-07-18_G31,10109857VGSILVA,2025-07-18,117808,1,6,0,57.0
10109857VGSILVA_2025-07-18_G32,10109857VGSILVA,2025-07-18,110374,1,8,0,100.0
10109857VGSILVA_2025-07-18_G33,10109857VGSILVA,2025-07-18,110373,1,2,0,58.0
10109857VGSILVA_2025-07-18_G34,10109857VGSILVA,2025-07-18,107830,1,12,0,95.0
10109857VGSILVA_2025-07-18_G35,10109857VGSILVA,2025-07-18,117833,1,2,0,79.0
10109857VGSILVA_2025-07-18_G36,10109857VGSILVA,2025-07-18,109645,1,2,0,67.0
10109857VGSILVA_2025-07-18_G37,10109857VGSILVA,2025-07-18,111469,1,12,0,305.0
10109857VGSILVA_2025-07-18_G38,10109857VGSILVA,2025-07-18,111466,1,4,0,57.0
10109857VGSILVA_2025-07-18_G39,10109857VGSILVA,2025-07-18,111468,1,10,0,62.0
10109857VGSILVA_2025-07-18_G40,10109857VGSILVA,2025-07-18,111468,1,4,0,36.0
10109857VGSILVA_2025-07-18_G41,10109857VGSILVA,2025-07-18,117820,1,10,0,111.0
10109857VGSILVA_2025-07-18_G42,10109857VGSILVA,2025-07-18,118299,1,16,0,78.0
10109857VGSILVA_2025-07-18_G43,10109857VGSILVA,2025-07-18,108770,1,8,0,578.0
10109857VGSILVA_2025-07-18_G44,10109857VGSILVA,2025-07-18,110371,1,12,0,145.0
10109857VGSILVA_2025-07-18_G45,10109857VGSILVA,2025-07-18,111466,1,3,0,191.0
10109857VGSILVA_2025-07-18_G46,10109857VGSILVA,2025-07-18,111466,1,21,0,69.0
10109857VGSILVA_2025-07-18_G47,10109857VGSILVA,2025-07-18,111530,1,3,0,323.0
10109857VGSILVA_2025-07-18_G48,10109857VGSILVA,2025-07-18,118094,1,4,0,124.0
10109857VGSILVA_2025-07-19_G02,10109857VGSILVA,2025-07-19,117855,1,26,0,307.0
10109857VGSILVA_2025-07-19_G03,10109857VGSILVA,2025-07-19,117855,1,12,0,163.0
10109857VGSILVA_2025-07-19_G04,10109857VGSILVA,2025-07-19,110711,1,5,0,89.0
10109857VGSILVA_2025-07-19_G05,10109857VGSILVA,2025-07-19,111532,1,2,0,53.0
10109857VGSILVA_2025-07-19_G06,10109857VGSILVA,2025-07-19,111530,1,13,0,142.0
10109857VGSILVA_2025-07-19_G07,10109857VGSILVA,2025-07-19,111466,1,2,0,49.0
10109857VGSILVA_2025-07-19_G09,10109857VGSILVA,2025-07-19,117855,1,6,0,1285.0
10109857VGSILVA_2025-07-19_G10,10109857VGSILVA,2025-07-19,108794,1,4,0,218.0
10109857VGSILVA_2025-07-19_G11,10109857VGSILVA,2025-07-19,117830,1,37,0,307.0
10109857VGSILVA_2025-07-19_G12,10109857VGSILVA,2025-07-19,110371,1,2,0,54.0
10109857VGSILVA_2025-07-19_G13,10109857VGSILVA,2025-07-19,110374,1,10,0,139.0
10109857VGSILVA_2025-07-19_G14,10109857VGSILVA,2025-07-19,111418,1,20,0,232.0
10109857VGSILVA_2025-07-19_G15,10109857VGSILVA,2025-07-19,111462,1,8,0,190.0
10109857VGSILVA_2025-07-19_G16,10109857VGSILVA,2025-07-19,110373,1,2,0,54.0
10109857VGSILVA_2025-07-19_G17,10109857VGSILVA,2025-07-19,107830,1,5,0,55.0
10109857VGSILVA_2025-07-19_G18,10109857VGSILVA,2025-07-19,118299,1,65,0,300.0
10109857VGSILVA_2025-07-19_G19,10109857VGSILVA,2025-07-19,117785,1,13,0,463.0
10109857VGSILVA_2025-07-19_G20,10109857VGSILVA,2025-07-19,117831,1,28,0,174.0
10109857VGSILVA_2025-07-19_G21,10109857VGSILVA,2025-07-19,117820,1,38,0,301.0
10109857VGSILVA_2025-07-19_G22,10109857VGSILVA,2025-07-19,111469,1,29,0,156.0
10109857VGSILVA_2025-07-19_G23,10109857VGSILVA,2025-07-19,110372,1,14,0,119.0
10109857VGSILVA_2025-07-19_G24,10109857VGSILVA,2025-07-19,108794,1,1,0,591.0
10109857VGSILVA_2025-07-19_G25,10109857VGSILVA,2025-07-19,118140,1,4,0,76.0
10109857VGSILVA_2025-07-19_G26,10109857VGSILVA,2025-07-19,111182,1,3,0,159.0
10109857VGSILVA_2025-07-19_G27,10109857VGSILVA,2025-07-19,111418,1,2,0,104.0
10109857VGSILVA_2025-07-19_G28,10109857VGSILVA,2025-07-19,111438,1,18,0,363.0
10109857VGSILVA_2025-07-19_G29,10109857VGSILVA,2025-07-19,111602,1,4,0,114.0
10109857VGSILVA_2025-07-19_G30,10109857VGSILVA,2025-07-19,110325,1,14,0,320.0
10109857VGSILVA_2025-07-19_G31,10109857VGSILVA,2025-07-19,110371,1,10,0,84.0
10109857VGSILVA_2025-07-19_G32,10109857VGSILVA,2025-07-19,118299,1,8,0,140.0
10109857VGSILVA_2025-07-19_G33,10109857VGSILVA,2025-07-19,110372,1,8,0,95.0
10109857VGSILVA_2025-07-19_G34,10109857VGSILVA,2025-07-19,110373,1,14,0,267.0
10109857VGSILVA_2025-07-19_G35,10109857VGSILVA,2025-07-19,117820,1,132,0,195.0
10109857VGSILVA_2025-07-19_G36,10109857VGSILVA,2025-07-19,110339,1,400,0,2801.0
10109857VGSILVA_2025-07-19_G37,10109857VGSILVA,2025-07-19,110373,1,1000,0,454.0
10109857VGSILVA_2025-07-20_G02,10109857VGSILVA,2025-07-20,117808,1,32,0,295.0
10109857VGSILVA_2025-07-20_G03,10109857VGSILVA,2025-07-20,111172,1,8,0,2279.0
10109857VGSILVA_2025-07-20_G04,10109857VGSILVA,2025-07-20,111172,1,5,0,146.0
10109857VGSILVA_2025-07-20_G05,10109857VGSILVA,2025-07-20,105705,1,4,0,559.0
10109857VGSILVA_2025-07-20_G06,10109857VGSILVA,2025-07-20,105705,1,7,0,66.0
10109857VGSILVA_2025-07-20_G07,10109857VGSILVA,2025-07-20,140922,1,8,0,125.0
10109857VGSILVA_2025-07-20_G08,10109857VGSILVA,2025-07-20,111743,1,4,0,303.0
10109857VGSILVA_2025-07-20_G09,10109857VGSILVA,2025-07-20,117833,1,21,0,259.0
10109857VGSILVA_2025-07-20_G10,10109857VGSILVA,2025-07-20,117833,1,27,0,156.0
10109857VGSILVA_2025-07-20_G11,10109857VGSILVA,2025-07-20,111532,1,10,0,130.0
10109857VGSILVA_2025-07-20_G12,10109857VGSILVA,2025-07-20,111532,1,8,0,97.0
10109857VGSILVA_2025-07-20_G13,10109857VGSILVA,2025-07-20,111738,1,179,0,674.0
10109857VGSILVA_2025-07-20_G14,10109857VGSILVA,2025-07-20,109641,1,4,0,93.0
10109857VGSILVA_2025-07-20_G15,10109857VGSILVA,2025-07-20,109641,1,7,0,121.0
10109857VGSILVA_2025-07-20_G16,10109857VGSILVA,2025-07-20,109645,1,2,0,255.0
10109857VGSILVA_2025-07-20_G17,10109857VGSILVA,2025-07-20,109645,1,4,0,55.0
10109857VGSILVA_2025-07-20_G18,10109857VGSILVA,2025-07-20,111418,1,171,0,369.0
10109857VGSILVA_2025-07-20_G19,10109857VGSILVA,2025-07-20,118140,1,21,0,167.0
10109857VGSILVA_2025-07-20_G20,10109857VGSILVA,2025-07-20,118140,1,14,0,292.0
10109857VGSILVA_2025-07-20_G21,10109857VGSILVA,2025-07-20,111728,1,9,0,106.0
10109857VGSILVA_2025-07-20_G22,10109857VGSILVA,2025-07-20,110787,1,6,0,100.0
10109857VGSILVA_2025-07-20_G23,10109857VGSILVA,2025-07-20,111466,2,76,10,550.0
10109857VGSILVA_2025-07-21_G02,10109857VGSILVA,2025-07-21,108794,1,21,0,72.0
10109857VGSILVA_2025-07-21_G04,10109857VGSILVA,2025-07-21,160054,1,5,0,137.0
10109857VGSILVA_2025-07-21_G05,10109857VGSILVA,2025-07-21,160054,1,3,0,184.0
10109857VGSILVA_2025-07-21_G06,10109857VGSILVA,2025-07-21,109643,1,6,0,206.0
10109857VGSILVA_2025-07-21_G07,10109857VGSILVA,2025-07-21,117830,1,17,0,130.0
10109857VGSILVA_2025-07-21_G08,10109857VGSILVA,2025-07-21,117830,1,5,0,36.0
10109857VGSILVA_2025-07-21_G09,10109857VGSILVA,2025-07-21,117832,1,23,0,275.0
10109857VGSILVA_2025-07-21_G10,10109857VGSILVA,2025-07-21,117832,1,2,0,38.0
10109857VGSILVA_2025-07-21_G11,10109857VGSILVA,2025-07-21,117809,1,6,0,47.0
10109857VGSILVA_2025-07-21_G12,10109857VGSILVA,2025-07-21,117809,1,4,0,35.0
10109857VGSILVA_2025-07-21_G13,10109857VGSILVA,2025-07-21,117808,1,19,0,121.0
10109857VGSILVA_2025-07-21_G14,10109857VGSILVA,2025-07-21,110371,1,3,0,53.0
10109857VGSILVA_2025-07-21_G15,10109857VGSILVA,2025-07-21,110373,1,27,0,760.0
10109857VGSILVA_2025-07-21_G16,10109857VGSILVA,2025-07-21,110373,1,23,0,157.0
10109857VGSILVA_2025-07-21_G17,10109857VGSILVA,2025-07-21,110374,1,25,0,247.0
10109857VGSILVA_2025-07-21_G18,10109857VGSILVA,2025-07-21,110374,1,7,0,74.0
10109857VGSILVA_2025-07-21_G19,10109857VGSILVA,2025-07-21,118299,1,23,0,307.0
10109857VGSILVA_2025-07-21_G20,10109857VGSILVA,2025-07-21,110372,1,23,0,233.0
10109857VGSILVA_2025-07-21_G21,10109857VGSILVA,2025-07-21,110372,1,6,0,58.0
10109857VGSILVA_2025-07-21_G22,10109857VGSILVA,2025-07-21,117820,1,14,0,147.0
10109857VGSILVA_2025-07-21_G23,10109857VGSILVA,2025-07-21,117820,1,20,0,204.0
10109857VGSILVA_2025-07-21_G24,10109857VGSILVA,2025-07-21,160051,1,4,0,74.0
10109857VGSILVA_2025-07-21_G25,10109857VGSILVA,2025-07-21,110371,1,5,0,153.0
10109857VGSILVA_2025-07-21_G26,10109857VGSILVA,2025-07-21,111569,1,4,0,1831.0
10109857VGSILVA_2025-07-21_G27,10109857VGSILVA,2025-07-21,118094,1,2,0,658.0
10109857VGSILVA_2025-07-21_G28,10109857VGSILVA,2025-07-21,111463,1,1,0,254.0
10109857VGSILVA_2025-07-21_G29,10109857VGSILVA,2025-07-21,111462,1,1,0,324.0
10109857VGSILVA_2025-07-21_G30,10109857VGSILVA,2025-07-21,117830,1,4,0,94.0
10109857VGSILVA_2025-07-21_G31,10109857VGSILVA,2025-07-21,117808,1,8,0,66.0
10109857VGSILVA_2025-07-21_G32,10109857VGSILVA,2025-07-21,117808,1,24,0,140.0
10109857VGSILVA_2025-07-21_G33,10109857VGSILVA,2025-07-21,110373,1,4,0,97.0
10109857VGSILVA_2025-07-21_G34,10109857VGSILVA,2025-07-21,110374,1,4,0,166.0
10109857VGSILVA_2025-07-21_G35,10109857VGSILVA,2025-07-21,118140,1,2,0,108.0
10109857VGSILVA_2025-07-21_G36,10109857VGSILVA,2025-07-21,111465,1,1,0,77.0
10109857VGSILVA_2025-07-21_G37,10109857VGSILVA,2025-07-21,117786,1,4,0,347.0
10109857VGSILVA_2025-07-21_G38,10109857VGSILVA,2025-07-21,105705,1,4,0,271.0
10109857VGSILVA_2025-07-21_G39,10109857VGSILVA,2025-07-21,117830,1,8,0,113.0
10109857VGSILVA_2025-07-21_G40,10109857VGSILVA,2025-07-21,117832,1,8,0,83.0
10109857VGSILVA_2025-07-21_G41,10109857VGSILVA,2025-07-21,117862,1,2,0,509.0
10109857VGSILVA_2025-07-21_G42,10109857VGSILVA,2025-07-21,110745,1,2,0,91.0
10109857VGSILVA_2025-07-21_G43,10109857VGSILVA,2025-07-21,111743,1,2,0,52.0
10109857VGSILVA_2025-07-21_G44,10109857VGSILVA,2025-07-21,117833,1,4,0,63.0
10109857VGSILVA_2025-07-21_G45,10109857VGSILVA,2025-07-21,118299,1,26,0,273.0
10109857VGSILVA_2025-07-21_G46,10109857VGSILVA,2025-07-21,109645,1,6,0,159.0
10109857VGSILVA_2025-07-21_G47,10109857VGSILVA,2025-07-21,111418,1,12,0,176.0
10109857VGSILVA_2025-07-21_G48,10109857VGSILVA,2025-07-21,117787,1,2,0,415.0
10109857VGSILVA_2025-07-21_G50,10109857VGSILVA,2025-07-21,117808,1,40,0,453.0
10109857VGSILVA_2025-07-21_G51,10109857VGSILVA,2025-07-21,117830,1,10,0,280.0
10109857VGSILVA_2025-07-21_G52,10109857VGSILVA,2025-07-21,111462,1,6,0,152.0
10109857VGSILVA_2025-07-21_G53,10109857VGSILVA,2025-07-21,110374,1,4,0,101.0
10109857VGSILVA_2025-07-21_G54,10109857VGSILVA,2025-07-21,107830,1,3,0,56.0
10109857VGSILVA_2025-07-21_G55,10109857VGSILVA,2025-07-21,111418,1,20,0,347.0
10109857VGSILVA_2025-07-21_G56,10109857VGSILVA,2025-07-21,118299,1,50,0,318.0
10109857VGSILVA_2025-07-21_G57,10109857VGSILVA,2025-07-21,117785,1,2,0,103.0
10109857VGSILVA_2025-07-21_G58,10109857VGSILVA,2025-07-21,117820,1,10,0,180.0
10109857VGSILVA_2025-07-21_G59,10109857VGSILVA,2025-07-21,111876,1,4,0,453.0
10109857VGSILVA_2025-07-21_G60,10109857VGSILVA,2025-07-21,111172,1,4,0,288.0
10109857VGSILVA_2025-07-21_G61,10109857VGSILVA,2025-07-21,108795,1,12,0,110.0
10109857VGSILVA_2025-07-21_G62,10109857VGSILVA,2025-07-21,140922,1,10,0,107.0
10109857VGSILVA_2025-07-21_G63,10109857VGSILVA,2025-07-21,111348,1,4,0,71.0
10109857VGSILVA_2025-07-21_G64,10109857VGSILVA,2025-07-21,109643,1,4,0,105.0
10109857VGSILVA_2025-07-21_G65,10109857VGSILVA,2025-07-21,117808,1,50,0,303.0
10109857VGSILVA_2025-07-21_G66,10109857VGSILVA,2025-07-21,117808,1,50,0,121.0
10109857VGSILVA_2025-07-21_G67,10109857VGSILVA,2025-07-21,117830,1,9,0,195.0
10109857VGSILVA_2025-07-21_G68,10109857VGSILVA,2025-07-21,117832,1,20,0,348.0
10109857VGSILVA_2025-07-21_G69,10109857VGSILVA,2025-07-21,117809,1,20,0,291.0
10109857VGSILVA_2025-07-21_G70,10109857VGSILVA,2025-07-21,117862,1,8,0,156.0
10109857VGSILVA_2025-07-21_G71,10109857VGSILVA,2025-07-21,117861,1,6,0,156.0
10109857VGSILVA_2025-07-21_G72,10109857VGSILVA,2025-07-21,141047,1,2,0,43.0
10109857VGSILVA_2025-07-21_G73,10109857VGSILVA,2025-07-21,108711,1,7,0,259.0
10109857VGSILVA_2025-07-21_G74,10109857VGSILVA,2025-07-21,117838,1,4,0,44.0
10109857VGSILVA_2025-07-21_G75,10109857VGSILVA,2025-07-21,111462,1,30,0,313.0
10109857VGSILVA_2025-07-21_G76,10109857VGSILVA,2025-07-21,117821,1,1,0,45.0
10109857VGSILVA_2025-07-21_G77,10109857VGSILVA,2025-07-21,110373,2,2,21,64.0
10109857VGSILVA_2025-07-21_G78,10109857VGSILVA,2025-07-21,111467,1,10,0,259.0
10109857VGSILVA_2025-07-21_G79,10109857VGSILVA,2025-07-21,117855,1,20,0,218.0
10109857VGSILVA_2025-07-21_G80,10109857VGSILVA,2025-07-21,110374,1,1,0,336.0
10109857VGSILVA_2025-07-21_G81,10109857VGSILVA,2025-07-21,110376,1,4,0,443.0
10109857VGSILVA_2025-07-21_G82,10109857VGSILVA,2025-07-21,109648,1,4,0,89.0
10109857VGSILVA_2025-07-21_G83,10109857VGSILVA,2025-07-21,118299,1,50,0,119.0
10109857VGSILVA_2025-07-21_G84,10109857VGSILVA,2025-07-21,118299,1,50,0,328.0
10109857VGSILVA_2025-07-22_G02,10109857VGSILVA,2025-07-22,117820,1,50,0,161.0
10109857VGSILVA_2025-07-22_G03,10109857VGSILVA,2025-07-22,141202,1,24,0,1009.0
10109857VGSILVA_2025-07-22_G04,10109857VGSILVA,2025-07-22,111463,1,8,0,247.0
10109857VGSILVA_2025-07-22_G05,10109857VGSILVA,2025-07-22,111463,1,25,0,598.0
10109857VGSILVA_2025-07-22_G06,10109857VGSILVA,2025-07-22,111172,1,13,0,722.0
10109857VGSILVA_2025-07-22_G07,10109857VGSILVA,2025-07-22,111172,1,11,0,137.0
10109857VGSILVA_2025-07-22_G08,10109857VGSILVA,2025-07-22,105705,1,6,0,289.0
10109857VGSILVA_2025-07-22_G09,10109857VGSILVA,2025-07-22,105705,1,7,0,133.0
10109857VGSILVA_2025-07-22_G10,10109857VGSILVA,2025-07-22,140922,1,19,0,172.0
10109857VGSILVA_2025-07-22_G11,10109857VGSILVA,2025-07-22,111462,1,59,0,429.0
10109857VGSILVA_2025-07-22_G12,10109857VGSILVA,2025-07-22,111462,1,19,0,130.0
10109857VGSILVA_2025-07-22_G13,10109857VGSILVA,2025-07-22,117833,1,85,0,849.0
10109857VGSILVA_2025-07-22_G14,10109857VGSILVA,2025-07-22,117833,1,53,0,583.0
10109857VGSILVA_2025-07-22_G15,10109857VGSILVA,2025-07-22,109641,1,7,0,310.0
10109857VGSILVA_2025-07-22_G16,10109857VGSILVA,2025-07-22,109641,1,6,0,74.0
10109857VGSILVA_2025-07-22_G17,10109857VGSILVA,2025-07-22,109645,1,4,0,67.0
10109857VGSILVA_2025-07-22_G18,10109857VGSILVA,2025-07-22,109645,1,2,0,31.0
10109857VGSILVA_2025-07-22_G19,10109857VGSILVA,2025-07-22,118140,1,23,0,465.0
10109857VGSILVA_2025-07-22_G20,10109857VGSILVA,2025-07-22,118140,1,39,0,457.0
10109857VGSILVA_2025-07-22_G21,10109857VGSILVA,2025-07-22,111728,1,14,0,195.0
10109857VGSILVA_2025-07-22_G22,10109857VGSILVA,2025-07-22,111728,1,13,0,203.0
10109857VGSILVA_2025-07-22_G23,10109857VGSILVA,2025-07-22,110787,1,34,0,398.0
10109857VGSILVA_2025-07-22_G24,10109857VGSILVA,2025-07-22,108794,1,39,0,663.0
10109857VGSILVA_2025-07-22_G25,10109857VGSILVA,2025-07-22,108794,1,23,0,133.0
10109857VGSILVA_2025-07-22_G26,10109857VGSILVA,2025-07-22,111466,1,48,0,105.0
10109857VGSILVA_2025-07-22_G27,10109857VGSILVA,2025-07-22,111466,1,60,0,276.0
10109857VGSILVA_2025-07-22_G28,10109857VGSILVA,2025-07-22,140922,1,11,0,609.0
10109857VGSILVA_2025-07-22_G29,10109857VGSILVA,2025-07-22,111418,1,59,0,70.0
10109857VGSILVA_2025-07-22_G31,10109857VGSILVA,2025-07-22,118299,1,300,0,1434.0
10109857VGSILVA_2025-07-22_G32,10109857VGSILVA,2025-07-22,110372,1,100,0,303.0
10109857VGSILVA_2025-07-22_G33,10109857VGSILVA,2025-07-22,108794,1,30,0,438.0
10109857VGSILVA_2025-07-22_G34,10109857VGSILVA,2025-07-22,117785,1,50,0,377.0
10109857VGSILVA_2025-07-22_G35,10109857VGSILVA,2025-07-22,111466,1,80,0,1003.0
10109857VGSILVA_2025-07-22_G36,10109857VGSILVA,2025-07-22,107236,1,40,0,277.0
10109857VGSILVA_2025-07-22_G37,10109857VGSILVA,2025-07-22,117808,1,304,0,1039.0
10109857VGSILVA_2025-07-22_G38,10109857VGSILVA,2025-07-22,117820,1,324,0,925.0
10109857VGSILVA_2025-07-22_G39,10109857VGSILVA,2025-07-22,117831,1,60,0,427.0
10109857VGSILVA_2025-07-22_G40,10109857VGSILVA,2025-07-22,110371,1,100,0,337.0
10109857VGSILVA_2025-07-22_G41,10109857VGSILVA,2025-07-22,110339,1,8,0,2680.0
10109857VGSILVA_2025-07-22_G42,10109857VGSILVA,2025-07-22,117786,1,8,0,54.0
10109857VGSILVA_2025-07-22_G43,10109857VGSILVA,2025-07-22,140922,1,16,0,331.0
10109857VGSILVA_2025-07-23_G02,10109857VGSILVA,2025-07-23,110325,1,20,0,105.0
10109857VGSILVA_2025-07-23_G03,10109857VGSILVA,2025-07-23,160054,1,4,0,68.0
10109857VGSILVA_2025-07-23_G04,10109857VGSILVA,2025-07-23,117830,1,12,0,331.0
10109857VGSILVA_2025-07-23_G05,10109857VGSILVA,2025-07-23,117832,1,20,0,3523.0
10109857VGSILVA_2025-07-23_G06,10109857VGSILVA,2025-07-23,110754,1,6,0,172.0
10109857VGSILVA_2025-07-23_G07,10109857VGSILVA,2025-07-23,110742,1,8,0,233.0
10109857VGSILVA_2025-07-23_G08,10109857VGSILVA,2025-07-23,111569,1,16,0,259.0
10109857VGSILVA_2025-07-23_G09,10109857VGSILVA,2025-07-23,111430,1,24,0,461.0
10109857VGSILVA_2025-07-23_G10,10109857VGSILVA,2025-07-23,110755,1,8,0,99.0
10109857VGSILVA_2025-07-23_G11,10109857VGSILVA,2025-07-23,110747,1,8,0,88.0
10109857VGSILVA_2025-07-23_G12,10109857VGSILVA,2025-07-23,111438,1,20,0,280.0
10109857VGSILVA_2025-07-23_G13,10109857VGSILVA,2025-07-23,111441,1,4,0,363.0
10109857VGSILVA_2025-07-23_G14,10109857VGSILVA,2025-07-23,108711,1,8,0,144.0
10109857VGSILVA_2025-07-23_G15,10109857VGSILVA,2025-07-23,110313,1,8,0,278.0
10109857VGSILVA_2025-07-23_G16,10109857VGSILVA,2025-07-23,117862,1,8,0,96.0
10109857VGSILVA_2025-07-23_G17,10109857VGSILVA,2025-07-23,141047,1,12,0,189.0
10109857VGSILVA_2025-07-23_G18,10109857VGSILVA,2025-07-23,111467,1,24,0,581.0
10109857VGSILVA_2025-07-23_G19,10109857VGSILVA,2025-07-23,117855,1,16,0,224.0
10109857VGSILVA_2025-07-23_G20,10109857VGSILVA,2025-07-23,110711,1,4,0,65.0
10109857VGSILVA_2025-07-23_G21,10109857VGSILVA,2025-07-23,110374,1,40,0,226.0
10109857VGSILVA_2025-07-23_G22,10109857VGSILVA,2025-07-23,111431,1,16,0,302.0
10109857VGSILVA_2025-07-23_G23,10109857VGSILVA,2025-07-23,118140,1,40,0,247.0
10109857VGSILVA_2025-07-23_G24,10109857VGSILVA,2025-07-23,116241,1,8,0,93.0
10109857VGSILVA_2025-07-23_G25,10109857VGSILVA,2025-07-23,111442,1,40,0,472.0
10109857VGSILVA_2025-07-23_G26,10109857VGSILVA,2025-07-23,141823,1,20,0,303.0
10109857VGSILVA_2025-07-23_G27,10109857VGSILVA,2025-07-23,111602,1,20,0,104.0
10109857VGSILVA_2025-07-23_G28,10109857VGSILVA,2025-07-23,110515,1,12,0,85.0
10109857VGSILVA_2025-07-23_G29,10109857VGSILVA,2025-07-23,117935,1,8,0,127.0
10109857VGSILVA_2025-07-23_G30,10109857VGSILVA,2025-07-23,110895,1,16,0,379.0
10109857VGSILVA_2025-07-23_G31,10109857VGSILVA,2025-07-23,118222,1,4,0,246.0
10109857VGSILVA_2025-07-23_G32,10109857VGSILVA,2025-07-23,111462,1,60,0,343.0
10109857VGSILVA_2025-07-23_G33,10109857VGSILVA,2025-07-23,111463,1,32,0,148.0
10109857VGSILVA_2025-07-23_G35,10109857VGSILVA,2025-07-23,117830,1,14,0,155.0
10109857VGSILVA_2025-07-23_G36,10109857VGSILVA,2025-07-23,111466,1,30,0,233.0
10109857VGSILVA_2025-07-23_G37,10109857VGSILVA,2025-07-23,118299,1,40,0,305.0
10109857VGSILVA_2025-07-23_G38,10109857VGSILVA,2025-07-23,117785,1,12,0,134.0
10109857VGSILVA_2025-07-23_G39,10109857VGSILVA,2025-07-23,108794,1,30,0,189.0
10109857VGSILVA_2025-07-23_G40,10109857VGSILVA,2025-07-23,111469,1,8,0,227.0
10109857VGSILVA_2025-07-23_G41,10109857VGSILVA,2025-07-23,117808,1,20,0,180.0
10109857VGSILVA_2025-07-23_G42,10109857VGSILVA,2025-07-23,110756,1,2,0,461.0
10109857VGSILVA_2025-07-23_G43,10109857VGSILVA,2025-07-23,141035,1,2,0,108.0
10109857VGSILVA_2025-07-23_G44,10109857VGSILVA,2025-07-23,107629,1,12,0,99.0
10109857VGSILVA_2025-07-23_G45,10109857VGSILVA,2025-07-23,111876,1,2,0,167.0
10109857VGSILVA_2025-07-23_G46,10109857VGSILVA,2025-07-23,110339,1,2,0,83.0
10109857VGSILVA_2025-07-23_G47,10109857VGSILVA,2025-07-23,110313,1,4,0,117.0
10109857VGSILVA_2025-07-23_G48,10109857VGSILVA,2025-07-23,117862,1,6,0,71.0
10109857VGSILVA_2025-07-23_G49,10109857VGSILVA,2025-07-23,117853,1,5,0,102.0
10109857VGSILVA_2025-07-23_G50,10109857VGSILVA,2025-07-23,111467,1,4,0,86.0
10109857VGSILVA_2025-07-23_G51,10109857VGSILVA,2025-07-23,117855,1,15,0,117.0
10109857VGSILVA_2025-07-23_G52,10109857VGSILVA,2025-07-23,110711,1,12,0,169.0
10109857VGSILVA_2025-07-23_G53,10109857VGSILVA,2025-07-23,111602,1,16,0,118.0
10109857VGSILVA_2025-07-23_G54,10109857VGSILVA,2025-07-23,108361,1,4,0,46.0
10109857VGSILVA_2025-07-23_G55,10109857VGSILVA,2025-07-23,110515,1,8,0,79.0
10109857VGSILVA_2025-07-23_G56,10109857VGSILVA,2025-07-23,117935,1,7,0,88.0
10109857VGSILVA_2025-07-23_G57,10109857VGSILVA,2025-07-23,105242,1,4,0,251.0
10109857VGSILVA_2025-07-23_G58,10109857VGSILVA,2025-07-23,117856,1,8,0,116.0
10109857VGSILVA_2025-07-23_G59,10109857VGSILVA,2025-07-23,110752,1,2,0,142.0
10109857VGSILVA_2025-07-23_G60,10109857VGSILVA,2025-07-23,111418,1,8,0,1839.0
10109857VGSILVA_2025-07-23_G61,10109857VGSILVA,2025-07-23,111462,1,4,0,85.0
10109857VGSILVA_2025-07-23_G62,10109857VGSILVA,2025-07-23,111466,1,8,0,105.0
10109857VGSILVA_2025-07-23_G63,10109857VGSILVA,2025-07-23,117831,1,18,0,514.0
10109857VGSILVA_2025-07-23_G64,10109857VGSILVA,2025-07-23,117785,1,8,0,208.0
10109857VGSILVA_2025-07-23_G65,10109857VGSILVA,2025-07-23,108794,1,4,0,54.0
10109857VGSILVA_2025-07-23_G66,10109857VGSILVA,2025-07-23,111444,1,4,0,69.0
10109857VGSILVA_2025-07-23_G67,10109857VGSILVA,2025-07-23,111469,1,6,0,199.0
10109857VGSILVA_2025-07-23_G68,10109857VGSILVA,2025-07-23,111463,1,20,0,715.0
10109857VGSILVA_2025-07-23_G69,10109857VGSILVA,2025-07-23,"111463, 111743",2,21,28,102.0
10109857VGSILVA_2025-07-23_G70,10109857VGSILVA,2025-07-23,110741,1,4,0,1186.0
10109857VGSILVA_2025-07-23_G71,10109857VGSILVA,2025-07-23,117786,1,10,0,339.0
10109857VGSILVA_2025-07-23_G72,10109857VGSILVA,2025-07-23,111435,1,2,0,339.0
10109857VGSILVA_2025-07-23_G73,10109857VGSILVA,2025-07-23,110751,1,4,0,94.0
10109857VGSILVA_2025-07-23_G74,10109857VGSILVA,2025-07-23,111418,1,20,0,221.0
10109857VGSILVA_2025-07-24_G03,10109857VGSILVA,2025-07-24,118299,1,22,0,321.0
10109857VGSILVA_2025-07-24_G04,10109857VGSILVA,2025-07-24,118299,1,50,0,342.0
10109857VGSILVA_2025-07-24_G05,10109857VGSILVA,2025-07-24,141047,1,5,0,222.0
10109857VGSILVA_2025-07-24_G06,10109857VGSILVA,2025-07-24,111462,1,20,0,180.0
10109857VGSILVA_2025-07-24_G07,10109857VGSILVA,2025-07-24,117821,1,2,0,55.0
10109857VGSILVA_2025-07-24_G08,10109857VGSILVA,2025-07-24,117821,1,2,0,39.0
10109857VGSILVA_2025-07-24_G09,10109857VGSILVA,2025-07-24,117855,1,4,0,120.0
10109857VGSILVA_2025-07-24_G10,10109857VGSILVA,2025-07-24,111530,1,8,0,237.0
10109857VGSILVA_2025-07-24_G11,10109857VGSILVA,2025-07-24,111530,1,4,0,37.0
10109857VGSILVA_2025-07-24_G12,10109857VGSILVA,2025-07-24,117787,1,4,0,56.0
10109857VGSILVA_2025-07-24_G13,10109857VGSILVA,2025-07-24,117785,1,6,0,128.0
10109857VGSILVA_2025-07-24_G14,10109857VGSILVA,2025-07-24,111569,1,6,0,207.0
10109857VGSILVA_2025-07-24_G15,10109857VGSILVA,2025-07-24,110747,1,4,0,111.0
10109857VGSILVA_2025-07-24_G16,10109857VGSILVA,2025-07-24,111469,1,20,0,224.0
10109857VGSILVA_2025-07-24_G17,10109857VGSILVA,2025-07-24,111465,1,4,0,128.0
10109857VGSILVA_2025-07-24_G18,10109857VGSILVA,2025-07-24,118222,1,2,0,129.0
10109857VGSILVA_2025-07-24_G19,10109857VGSILVA,2025-07-24,116527,1,15,0,674.0
10109857VGSILVA_2025-07-24_G20,10109857VGSILVA,2025-07-24,111466,1,30,0,324.0
10109857VGSILVA_2025-07-24_G21,10109857VGSILVA,2025-07-24,117808,1,56,0,353.0
10109857VGSILVA_2025-07-24_G22,10109857VGSILVA,2025-07-24,110372,1,50,0,826.0
10109857VGSILVA_2025-07-24_G23,10109857VGSILVA,2025-07-24,111438,1,175,0,2659.0
10109857VGSILVA_2025-07-24_G24,10109857VGSILVA,2025-07-24,118200,1,100,0,1649.0
10109857VGSILVA_2025-07-24_G26,10109857VGSILVA,2025-07-24,111182,1,8,0,295.0
10109857VGSILVA_2025-07-24_G27,10109857VGSILVA,2025-07-24,110373,1,16,0,233.0
10109857VGSILVA_2025-07-24_G28,10109857VGSILVA,2025-07-24,117808,1,26,0,446.0
10109857VGSILVA_2025-07-24_G29,10109857VGSILVA,2025-07-24,108711,1,6,0,817.0
10109857VGSILVA_2025-07-24_G30,10109857VGSILVA,2025-07-24,118140,1,6,0,114.0
10109857VGSILVA_2025-07-24_G31,10109857VGSILVA,2025-07-24,110895,1,8,0,148.0
10109857VGSILVA_2025-07-24_G32,10109857VGSILVA,2025-07-24,111172,1,4,0,627.0
10109857VGSILVA_2025-07-24_G33,10109857VGSILVA,2025-07-24,141823,1,4,0,238.0
10109857VGSILVA_2025-07-24_G34,10109857VGSILVA,2025-07-24,110755,1,4,0,142.0
10109857VGSILVA_2025-07-24_G35,10109857VGSILVA,2025-07-24,111348,1,7,0,1392.0
10109857VGSILVA_2025-07-24_G36,10109857VGSILVA,2025-07-24,111466,1,4,0,173.0
10109857VGSILVA_2025-07-24_G37,10109857VGSILVA,2025-07-24,117855,1,36,0,425.0
10109857VGSILVA_2025-07-24_G38,10109857VGSILVA,2025-07-24,111330,1,16,0,192.0
10109857VGSILVA_2025-07-24_G39,10109857VGSILVA,2025-07-24,117820,1,2,0,458.0
10109857VGSILVA_2025-07-24_G40,10109857VGSILVA,2025-07-24,111530,1,12,0,258.0
10109857VGSILVA_2025-07-24_G41,10109857VGSILVA,2025-07-24,111532,1,2,0,101.0
10109857VGSILVA_2025-07-24_G42,10109857VGSILVA,2025-07-24,108794,1,6,0,123.0
10109857VGSILVA_2025-07-24_G43,10109857VGSILVA,2025-07-24,117965,1,2,0,323.0
10109857VGSILVA_2025-07-24_G44,10109857VGSILVA,2025-07-24,117786,1,4,0,84.0
10109857VGSILVA_2025-07-24_G45,10109857VGSILVA,2025-07-24,118094,1,7,0,106.0
10109857VGSILVA_2025-07-24_G46,10109857VGSILVA,2025-07-24,110375,1,4,0,118.0
10109857VGSILVA_2025-07-24_G47,10109857VGSILVA,2025-07-24,117830,1,8,0,82.0
10109857VGSILVA_2025-07-24_G48,10109857VGSILVA,2025-07-24,117832,1,4,0,55.0
10109857VGSILVA_2025-07-24_G49,10109857VGSILVA,2025-07-24,118299,1,12,0,224.0
10109857VGSILVA_2025-07-25_G03,10109857VGSILVA,2025-07-25,110515,1,3,0,119.0
10109857VGSILVA_2025-07-25_G04,10109857VGSILVA,2025-07-25,110371,1,12,0,371.0
10109857VGSILVA_2025-07-25_G05,10109857VGSILVA,2025-07-25,110372,1,12,0,98.0
10109857VGSILVA_2025-07-25_G06,10109857VGSILVA,2025-07-25,109645,1,5,0,111.0
10109857VGSILVA_2025-07-25_G07,10109857VGSILVA,2025-07-25,108794,1,4,0,94.0
10109857VGSILVA_2025-07-25_G08,10109857VGSILVA,2025-07-25,117820,1,30,0,320.0
10109857VGSILVA_2025-07-25_G09,10109857VGSILVA,2025-07-25,117820,1,4,0,60.0
10109857VGSILVA_2025-07-25_G10,10109857VGSILVA,2025-07-25,117808,1,12,0,108.0
10109857VGSILVA_2025-07-25_G11,10109857VGSILVA,2025-07-25,117822,1,4,0,177.0
10109857VGSILVA_2025-07-25_G12,10109857VGSILVA,2025-07-25,140988,1,4,0,521.0
10109857VGSILVA_2025-07-25_G13,10109857VGSILVA,2025-07-25,117832,1,1,0,763.0
10109857VGSILVA_2025-07-25_G14,10109857VGSILVA,2025-07-25,111441,1,4,0,115.0
10109857VGSILVA_2025-07-25_G15,10109857VGSILVA,2025-07-25,117861,1,2,0,71.0
10109857VGSILVA_2025-07-25_G16,10109857VGSILVA,2025-07-25,111462,1,1,0,51.0
10109857VGSILVA_2025-07-25_G17,10109857VGSILVA,2025-07-25,117821,1,4,0,110.0
10109857VGSILVA_2025-07-25_G18,10109857VGSILVA,2025-07-25,111467,2,2,23,66.0
10109857VGSILVA_2025-07-25_G19,10109857VGSILVA,2025-07-25,110711,1,2,0,56.0
10109857VGSILVA_2025-07-25_G20,10109857VGSILVA,2025-07-25,110515,1,4,0,97.0
10109857VGSILVA_2025-07-25_G21,10109857VGSILVA,2025-07-25,110372,1,4,0,90.0
10109857VGSILVA_2025-07-25_G22,10109857VGSILVA,2025-07-25,118140,1,2,0,96.0
10109857VGSILVA_2025-07-25_G23,10109857VGSILVA,2025-07-25,111469,1,4,0,146.0
10109857VGSILVA_2025-07-25_G24,10109857VGSILVA,2025-07-25,111569,1,6,0,339.0
10109857VGSILVA_2025-07-25_G25,10109857VGSILVA,2025-07-25,111430,1,4,0,138.0
10109857VGSILVA_2025-07-25_G26,10109857VGSILVA,2025-07-25,118094,1,4,0,84.0
10109857VGSILVA_2025-07-25_G27,10109857VGSILVA,2025-07-25,111418,1,8,0,267.0
10109857VGSILVA_2025-07-25_G28,10109857VGSILVA,2025-07-25,110375,1,4,0,195.0
10109857VGSILVA_2025-07-25_G29,10109857VGSILVA,2025-07-25,110325,1,4,0,240.0
10109857VGSILVA_2025-07-25_G30,10109857VGSILVA,2025-07-25,117830,1,2,0,188.0
10109857VGSILVA_2025-07-25_G31,10109857VGSILVA,2025-07-25,117832,1,2,0,67.0
10109857VGSILVA_2025-07-25_G32,10109857VGSILVA,2025-07-25,118299,1,12,0,106.0
10109857VGSILVA_2025-07-25_G33,10109857VGSILVA,2025-07-25,117862,1,4,0,94.0
10109857VGSILVA_2025-07-25_G34,10109857VGSILVA,2025-07-25,111462,1,2,0,51.0
10109857VGSILVA_2025-07-25_G35,10109857VGSILVA,2025-07-25,117831,1,4,0,128.0
10109857VGSILVA_2025-07-25_G36,10109857VGSILVA,2025-07-25,110745,1,6,0,132.0
10109857VGSILVA_2025-07-25_G37,10109857VGSILVA,2025-07-25,111467,1,2,0,97.0
10109857VGSILVA_2025-07-25_G38,10109857VGSILVA,2025-07-25,110374,2,8,29,87.0
10109857VGSILVA_2025-07-25_G39,10109857VGSILVA,2025-07-25,109645,1,1,0,101.0
10109857VGSILVA_2025-07-25_G40,10109857VGSILVA,2025-07-25,118140,1,2,0,58.0
10109857VGSILVA_2025-07-25_G41,10109857VGSILVA,2025-07-25,111602,1,4,0,89.0
10109857VGSILVA_2025-07-25_G42,10109857VGSILVA,2025-07-25,110373,1,12,0,124.0
10109857VGSILVA_2025-07-25_G43,10109857VGSILVA,2025-07-25,110515,1,4,0,164.0
10109857VGSILVA_2025-07-25_G44,10109857VGSILVA,2025-07-25,117820,1,8,0,124.0
10109857VGSILVA_2025-07-25_G45,10109857VGSILVA,2025-07-25,117808,1,11,0,210.0
10109857VGSILVA_2025-07-25_G46,10109857VGSILVA,2025-07-25,160054,1,8,0,370.0
10109857VGSILVA_2025-07-25_G47,10109857VGSILVA,2025-07-25,109643,1,4,0,62.0
10109857VGSILVA_2025-07-25_G48,10109857VGSILVA,2025-07-25,100334,1,4,0,349.0
10109857VGSILVA_2025-07-25_G49,10109857VGSILVA,2025-07-25,118140,1,6,0,1645.0
10109857VGSILVA_2025-07-25_G50,10109857VGSILVA,2025-07-25,116241,1,2,0,56.0
10109857VGSILVA_2025-07-25_G51,10109857VGSILVA,2025-07-25,117855,2,6,24,177.0
10109857VGSILVA_2025-07-25_G52,10109857VGSILVA,2025-07-25,111463,2,8,27,808.0
10109857VGSILVA_2025-07-25_G53,10109857VGSILVA,2025-07-25,111463,1,8,0,38.0
10109857VGSILVA_2025-07-25_G55,10109857VGSILVA,2025-07-25,111172,1,1,0,51.0
10109857VGSILVA_2025-07-25_G56,10109857VGSILVA,2025-07-25,111172,1,2,0,32.0
10109857VGSILVA_2025-07-25_G57,10109857VGSILVA,2025-07-25,117831,1,1,0,221.0
10109857VGSILVA_2025-07-25_G58,10109857VGSILVA,2025-07-25,117833,1,20,0,139.0
10109857VGSILVA_2025-07-25_G59,10109857VGSILVA,2025-07-25,117833,1,20,0,318.0
10109857VGSILVA_2025-07-25_G60,10109857VGSILVA,2025-07-25,111182,1,9,0,102.0
10109857VGSILVA_2025-07-25_G61,10109857VGSILVA,2025-07-25,111182,1,4,0,94.0
10109857VGSILVA_2025-07-25_G62,10109857VGSILVA,2025-07-25,108798,1,13,0,196.0
10109857VGSILVA_2025-07-25_G63,10109857VGSILVA,2025-07-25,111532,1,8,0,81.0
10109857VGSILVA_2025-07-25_G64,10109857VGSILVA,2025-07-25,118140,1,3,0,316.0
10109857VGSILVA_2025-07-25_G65,10109857VGSILVA,2025-07-25,111433,1,1,0,201.0
10109857VGSILVA_2025-07-25_G66,10109857VGSILVA,2025-07-25,111444,1,1,0,42.0
10109857VGSILVA_2025-07-25_G67,10109857VGSILVA,2025-07-25,110740,1,2,0,111.0
10109857VGSILVA_2025-07-25_G68,10109857VGSILVA,2025-07-25,111468,1,40,0,708.0
10109857VGSILVA_2025-07-25_G69,10109857VGSILVA,2025-07-25,140922,1,41,0,872.0
10109857VGSILVA_2025-07-25_G70,10109857VGSILVA,2025-07-25,140922,1,4,0,46.0
10109857VGSILVA_2025-07-25_G71,10109857VGSILVA,2025-07-25,117785,1,57,0,1153.0
10109857VGSILVA_2025-07-25_G72,10109857VGSILVA,2025-07-25,117785,1,22,0,164.0
10109857VGSILVA_2025-07-25_G73,10109857VGSILVA,2025-07-25,110751,1,2,0,215.0
10109857VGSILVA_2025-07-25_G74,10109857VGSILVA,2025-07-25,109649,1,4,0,509.0
10109857VGSILVA_2025-07-25_G75,10109857VGSILVA,2025-07-25,110375,1,69,0,1773.0
10109857VGSILVA_2025-07-25_G76,10109857VGSILVA,2025-07-25,110325,1,60,0,406.0
10109857VGSILVA_2025-07-25_G77,10109857VGSILVA,2025-07-25,117809,1,80,0,478.0
10109857VGSILVA_2025-07-25_G78,10109857VGSILVA,2025-07-25,111466,1,30,0,534.0
10109857VGSILVA_2025-07-25_G79,10109857VGSILVA,2025-07-25,117862,1,14,0,95.0
10109857VGSILVA_2025-07-26_G02,10109857VGSILVA,2025-07-26,110515,1,40,0,555.0
10109857VGSILVA_2025-07-26_G03,10109857VGSILVA,2025-07-26,117785,1,20,0,389.0
10109857VGSILVA_2025-07-26_G04,10109857VGSILVA,2025-07-26,141823,1,15,0,153.0
10109857VGSILVA_2025-07-26_G05,10109857VGSILVA,2025-07-26,111530,1,40,0,314.0
10109857VGSILVA_2025-07-26_G06,10109857VGSILVA,2025-07-26,111530,1,30,0,491.0
10109857VGSILVA_2025-07-26_G07,10109857VGSILVA,2025-07-26,117856,1,20,0,367.0
10109857VGSILVA_2025-07-26_G08,10109857VGSILVA,2025-07-26,111469,1,45,0,284.0
10109857VGSILVA_2025-07-26_G09,10109857VGSILVA,2025-07-26,110371,1,80,0,517.0
10109857VGSILVA_2025-07-26_G10,10109857VGSILVA,2025-07-26,110372,1,80,0,354.0
10109857VGSILVA_2025-07-26_G11,10109857VGSILVA,2025-07-26,111463,1,51,0,621.0
10109857VGSILVA_2025-07-27_G02,10109857VGSILVA,2025-07-27,111463,1,4,0,615.0
10109857VGSILVA_2025-07-27_G03,10109857VGSILVA,2025-07-27,110129,1,20,0,1450.0
10109857VGSILVA_2025-07-27_G04,10109857VGSILVA,2025-07-27,107263,1,8,0,241.0
10109857VGSILVA_2025-07-27_G05,10109857VGSILVA,2025-07-27,111446,1,8,0,166.0
10109857VGSILVA_2025-07-27_G06,10109857VGSILVA,2025-07-27,111172,1,24,0,474.0
10109857VGSILVA_2025-07-27_G07,10109857VGSILVA,2025-07-27,110743,1,25,0,291.0
10109857VGSILVA_2025-07-27_G08,10109857VGSILVA,2025-07-27,110743,1,5,0,57.0
10109857VGSILVA_2025-07-27_G09,10109857VGSILVA,2025-07-27,110743,1,14,0,118.0
10109857VGSILVA_2025-07-27_G10,10109857VGSILVA,2025-07-27,105705,1,2,0,55.0
10109857VGSILVA_2025-07-27_G11,10109857VGSILVA,2025-07-27,110751,1,25,0,279.0
10109857VGSILVA_2025-07-27_G12,10109857VGSILVA,2025-07-27,110751,1,2,0,46.0
10109857VGSILVA_2025-07-27_G13,10109857VGSILVA,2025-07-27,111348,1,25,0,130.0
10109857VGSILVA_2025-07-27_G14,10109857VGSILVA,2025-07-27,111348,1,20,0,220.0
10109857VGSILVA_2025-07-27_G15,10109857VGSILVA,2025-07-27,117838,1,20,0,466.0
10109857VGSILVA_2025-07-27_G16,10109857VGSILVA,2025-07-27,117838,1,10,0,93.0
10109857VGSILVA_2025-07-27_G17,10109857VGSILVA,2025-07-27,117838,1,6,0,62.0
10109857VGSILVA_2025-07-27_G18,10109857VGSILVA,2025-07-27,117833,1,20,0,192.0
10109857VGSILVA_2025-07-27_G19,10109857VGSILVA,2025-07-27,117833,1,3,0,42.0
10109857VGSILVA_2025-07-27_G20,10109857VGSILVA,2025-07-27,117833,1,1,0,37.0
10109857VGSILVA_2025-07-27_G21,10109857VGSILVA,2025-07-27,110745,1,8,0,112.0
10109857VGSILVA_2025-07-27_G22,10109857VGSILVA,2025-07-27,111469,1,4,0,281.0
10109857VGSILVA_2025-07-28_G03,10109857VGSILVA,2025-07-28,111431,1,6,0,53.0
10109857VGSILVA_2025-07-28_G04,10109857VGSILVA,2025-07-28,111431,1,19,0,385.0
10109857VGSILVA_2025-07-28_G05,10109857VGSILVA,2025-07-28,111431,1,3,0,88.0
10109857VGSILVA_2025-07-28_G06,10109857VGSILVA,2025-07-28,111462,1,24,0,962.0
10109857VGSILVA_2025-07-28_G07,10109857VGSILVA,2025-07-28,118140,1,24,0,276.0
10109857VGSILVA_2025-07-28_G08,10109857VGSILVA,2025-07-28,110748,1,4,0,117.0
10109857VGSILVA_2025-07-28_G09,10109857VGSILVA,2025-07-28,116241,1,6,0,147.0
10109857VGSILVA_2025-07-28_G10,10109857VGSILVA,2025-07-28,116241,1,12,0,417.0
10109857VGSILVA_2025-07-28_G11,10109857VGSILVA,2025-07-28,117787,1,3,0,210.0
10109857VGSILVA_2025-07-28_G12,10109857VGSILVA,2025-07-28,118317,1,4,0,104.0
10109857VGSILVA_2025-07-28_G13,10109857VGSILVA,2025-07-28,108794,1,2,0,37.0
10109857VGSILVA_2025-07-28_G14,10109857VGSILVA,2025-07-28,108794,1,2,0,31.0
10109857VGSILVA_2025-07-28_G15,10109857VGSILVA,2025-07-28,108794,1,8,0,54.0
10109857VGSILVA_2025-07-28_G16,10109857VGSILVA,2025-07-28,108794,1,54,0,221.0
10109857VGSILVA_2025-07-28_G17,10109857VGSILVA,2025-07-28,111444,1,16,0,153.0
10109857VGSILVA_2025-07-28_G18,10109857VGSILVA,2025-07-28,110740,1,30,0,839.0
10109857VGSILVA_2025-07-28_G19,10109857VGSILVA,2025-07-28,118140,1,11,0,163.0
10109857VGSILVA_2025-07-28_G20,10109857VGSILVA,2025-07-28,110745,1,20,0,463.0
10109857VGSILVA_2025-07-28_G21,10109857VGSILVA,2025-07-28,111463,1,20,0,522.0
10109857VGSILVA_2025-07-28_G22,10109857VGSILVA,2025-07-28,117809,1,31,0,629.0
10109857VGSILVA_2025-07-28_G23,10109857VGSILVA,2025-07-28,117809,1,5,0,46.0
10109857VGSILVA_2025-07-28_G24,10109857VGSILVA,2025-07-28,110371,1,31,0,464.0
10109857VGSILVA_2025-07-28_G25,10109857VGSILVA,2025-07-28,110371,1,43,0,295.0
10109857VGSILVA_2025-07-28_G26,10109857VGSILVA,2025-07-28,110374,1,10,0,124.0
10109857VGSILVA_2025-07-28_G27,10109857VGSILVA,2025-07-28,117808,1,179,0,1249.0
10109857VGSILVA_2025-07-28_G29,10109857VGSILVA,2025-07-28,110711,1,80,0,579.0
10109857VGSILVA_2025-07-28_G30,10109857VGSILVA,2025-07-28,141456,1,60,0,913.0
10109857VGSILVA_2025-07-28_G31,10109857VGSILVA,2025-07-28,141458,1,40,0,3435.0
10109857VGSILVA_2025-07-28_G32,10109857VGSILVA,2025-07-28,110787,1,45,0,718.0
10109857VGSILVA_2025-07-28_G33,10109857VGSILVA,2025-07-28,141457,1,80,0,1119.0
10109857VGSILVA_2025-07-28_G34,10109857VGSILVA,2025-07-28,118290,1,12,0,635.0
10109857VGSILVA_2025-07-28_G35,10109857VGSILVA,2025-07-28,110747,1,2,0,1098.0
10109857VGSILVA_2025-07-28_G36,10109857VGSILVA,2025-07-28,117856,1,4,0,296.0
10109857VGSILVA_2025-07-28_G37,10109857VGSILVA,2025-07-28,111418,1,6,0,90.0
10109857VGSILVA_2025-07-28_G38,10109857VGSILVA,2025-07-28,117809,1,4,0,83.0
10109857VGSILVA_2025-07-28_G39,10109857VGSILVA,2025-07-28,110787,1,4,0,200.0
10109857VGSILVA_2025-07-28_G40,10109857VGSILVA,2025-07-28,117821,1,2,0,67.0
10109857VGSILVA_2025-07-28_G41,10109857VGSILVA,2025-07-28,111467,1,4,0,166.0
10109857VGSILVA_2025-07-28_G42,10109857VGSILVA,2025-07-28,117855,1,4,0,86.0
10109857VGSILVA_2025-07-28_G43,10109857VGSILVA,2025-07-28,110371,1,12,0,159.0
10109857VGSILVA_2025-07-29_G02,10109857VGSILVA,2025-07-29,117785,1,10,0,484.0
10109857VGSILVA_2025-07-29_G03,10109857VGSILVA,2025-07-29,111433,1,1,0,69.0
10109857VGSILVA_2025-07-29_G04,10109857VGSILVA,2025-07-29,111442,1,5,0,98.0
10109857VGSILVA_2025-07-29_G05,10109857VGSILVA,2025-07-29,141823,1,4,0,151.0
10109857VGSILVA_2025-07-29_G06,10109857VGSILVA,2025-07-29,118299,1,200,0,818.0
10109857VGSILVA_2025-07-29_G07,10109857VGSILVA,2025-07-29,117808,1,50,0,757.0
10109857VGSILVA_2025-07-29_G08,10109857VGSILVA,2025-07-29,117808,1,100,0,411.0
10109857VGSILVA_2025-07-29_G09,10109857VGSILVA,2025-07-29,109641,1,95,0,3506.0
10109857VGSILVA_2025-07-29_G10,10109857VGSILVA,2025-07-29,109641,1,549,0,45.0
10109857VGSILVA_2025-07-29_G11,10109857VGSILVA,2025-07-29,109641,1,125,0,556.0
10109857VGSILVA_2025-07-30_G02,10109857VGSILVA,2025-07-30,109643,1,21,0,133.0
10109857VGSILVA_2025-07-30_G03,10109857VGSILVA,2025-07-30,117830,1,9,0,64.0
10109857VGSILVA_2025-07-30_G04,10109857VGSILVA,2025-07-30,117830,1,60,0,964.0
10109857VGSILVA_2025-07-30_G05,10109857VGSILVA,2025-07-30,117832,1,10,0,211.0
10109857VGSILVA_2025-07-30_G06,10109857VGSILVA,2025-07-30,117809,1,90,0,235.0
10109857VGSILVA_2025-07-30_G07,10109857VGSILVA,2025-07-30,109648,1,4,0,191.0
10109857VGSILVA_2025-07-30_G08,10109857VGSILVA,2025-07-30,110375,1,12,0,366.0
10109857VGSILVA_2025-07-30_G09,10109857VGSILVA,2025-07-30,110373,1,68,0,513.0
10109857VGSILVA_2025-07-30_G10,10109857VGSILVA,2025-07-30,141202,1,14,0,154.0
10109857VGSILVA_2025-07-30_G11,10109857VGSILVA,2025-07-30,117822,1,4,0,51.0
10109857VGSILVA_2025-07-30_G12,10109857VGSILVA,2025-07-30,110372,1,123,0,802.0
10109857VGSILVA_2025-07-30_G13,10109857VGSILVA,2025-07-30,110372,1,57,0,512.0
10109857VGSILVA_2025-07-30_G14,10109857VGSILVA,2025-07-30,110372,3,168,41,282.0
10109857VGSILVA_2025-07-30_G15,10109857VGSILVA,2025-07-30,110733,1,10,0,1760.0
10109857VGSILVA_2025-07-30_G16,10109857VGSILVA,2025-07-30,111445,1,4,0,247.0
10109857VGSILVA_2025-07-30_G17,10109857VGSILVA,2025-07-30,111445,1,4,0,65.0
10109857VGSILVA_2025-07-30_G18,10109857VGSILVA,2025-07-30,118224,1,4,0,213.0
10109857VGSILVA_2025-07-30_G19,10109857VGSILVA,2025-07-30,118224,1,12,0,1031.0
10109857VGSILVA_2025-07-30_G20,10109857VGSILVA,2025-07-30,111445,1,2,0,179.0
10109857VGSILVA_2025-07-30_G21,10109857VGSILVA,2025-07-30,117862,1,30,0,630.0
10109857VGSILVA_2025-07-30_G22,10109857VGSILVA,2025-07-30,110372,1,8,0,544.0
10109857VGSILVA_2025-07-30_G23,10109857VGSILVA,2025-07-30,118224,1,4,0,333.0
10109857VGSILVA_2025-07-30_G24,10109857VGSILVA,2025-07-30,118290,1,4,0,207.0
10109857VGSILVA_2025-07-30_G25,10109857VGSILVA,2025-07-30,117797,1,1,0,621.0
10109857VGSILVA_2025-07-30_G26,10109857VGSILVA,2025-07-30,110733,1,8,0,330.0
10109857VGSILVA_2025-07-31_G03,10109857VGSILVA,2025-07-31,111463,2,14,28,320.0
10109857VGSILVA_2025-07-31_G04,10109857VGSILVA,2025-07-31,111348,1,4,0,688.0
10109857VGSILVA_2025-07-31_G05,10109857VGSILVA,2025-07-31,109643,1,3,0,160.0
10109857VGSILVA_2025-07-31_G06,10109857VGSILVA,2025-07-31,117808,1,16,0,547.0
10109857VGSILVA_2025-07-31_G07,10109857VGSILVA,2025-07-31,118290,1,8,0,1163.0
10109857VGSILVA_2025-07-31_G08,10109857VGSILVA,2025-07-31,110582,1,6,0,166.0
10109857VGSILVA_2025-07-31_G09,10109857VGSILVA,2025-07-31,141047,1,6,0,84.0
10109857VGSILVA_2025-07-31_G10,10109857VGSILVA,2025-07-31,109647,1,8,0,458.0
10109857VGSILVA_2025-07-31_G11,10109857VGSILVA,2025-07-31,108759,1,10,0,609.0
10109857VGSILVA_2025-07-31_G12,10109857VGSILVA,2025-07-31,118306,1,20,0,453.0
10109857VGSILVA_2025-07-31_G13,10109857VGSILVA,2025-07-31,111602,1,7,0,89.0
10109857VGSILVA_2025-07-31_G14,10109857VGSILVA,2025-07-31,110515,1,40,0,445.0
10109857VGSILVA_2025-07-31_G15,10109857VGSILVA,2025-07-31,107892,1,12,0,227.0
10109857VGSILVA_2025-08-03_G02,10109857VGSILVA,2025-08-03,117820,1,13,0,605.0
10109857VGSILVA_2025-08-03_G03,10109857VGSILVA,2025-08-03,117808,1,65,0,1690.0
10109857VGSILVA_2025-08-03_G04,10109857VGSILVA,2025-08-03,110372,1,2,0,106.0
10109857VGSILVA_2025-08-03_G05,10109857VGSILVA,2025-08-03,110895,1,6,0,2348.0
10109857VGSILVA_2025-08-03_G06,10109857VGSILVA,2025-08-03,117808,1,10,0,605.0
10109857VGSILVA_2025-08-03_G07,10109857VGSILVA,2025-08-03,117808,1,20,0,473.0
10109857VGSILVA_2025-08-03_G08,10109857VGSILVA,2025-08-03,110372,1,10,0,123.0
10109857VGSILVA_2025-08-03_G09,10109857VGSILVA,2025-08-03,117808,1,72,0,459.0
10109857VGSILVA_2025-08-03_G10,10109857VGSILVA,2025-08-03,110372,1,4,0,407.0
10109857VGSILVA_2025-08-03_G11,10109857VGSILVA,2025-08-03,117830,1,4,0,540.0
10109857VGSILVA_2025-08-03_G12,10109857VGSILVA,2025-08-03,117830,1,6,0,50.0
10109857VGSILVA_2025-08-04_G02,10109857VGSILVA,2025-08-04,109641,1,305,0,2342.0
10109857VGSILVA_2025-08-04_G03,10109857VGSILVA,2025-08-04,109641,1,70,0,473.0
10109857VGSILVA_2025-08-04_G04,10109857VGSILVA,2025-08-04,111530,1,47,0,1087.0
10109857VGSILVA_2025-08-04_G06,10109857VGSILVA,2025-08-04,108795,1,2,0,397.0
10109857VGSILVA_2025-08-04_G07,10109857VGSILVA,2025-08-04,108711,1,1,0,54.0
10109857VGSILVA_2025-08-04_G08,10109857VGSILVA,2025-08-04,105705,1,4,0,99.0
10109857VGSILVA_2025-08-04_G09,10109857VGSILVA,2025-08-04,111466,1,3,0,58.0
10109857VGSILVA_2025-08-04_G10,10109857VGSILVA,2025-08-04,111438,1,2,0,343.0
10109857VGSILVA_2025-08-04_G11,10109857VGSILVA,2025-08-04,111441,1,4,0,409.0
10109857VGSILVA_2025-08-04_G12,10109857VGSILVA,2025-08-04,110755,1,4,0,94.0
10109857VGSILVA_2025-08-04_G13,10109857VGSILVA,2025-08-04,110747,1,4,0,138.0
10109857VGSILVA_2025-08-04_G14,10109857VGSILVA,2025-08-04,111602,1,2,0,265.0
10109857VGSILVA_2025-08-04_G15,10109857VGSILVA,2025-08-04,118094,1,2,0,89.0
10109857VGSILVA_2025-08-04_G16,10109857VGSILVA,2025-08-04,110325,1,8,0,395.0
10109857VGSILVA_2025-08-04_G17,10109857VGSILVA,2025-08-04,117808,1,4,0,85.0
10109857VGSILVA_2025-08-04_G18,10109857VGSILVA,2025-08-04,118299,1,8,0,83.0
10109857VGSILVA_2025-08-04_G19,10109857VGSILVA,2025-08-04,111530,1,3,0,69.0
10109857VGSILVA_2025-08-04_G20,10109857VGSILVA,2025-08-04,110895,1,4,0,231.0
10109857VGSILVA_2025-08-04_G21,10109857VGSILVA,2025-08-04,117831,1,4,0,92.0
10109857VGSILVA_2025-08-04_G22,10109857VGSILVA,2025-08-04,111418,1,12,0,94.0
10109857VGSILVA_2025-08-04_G23,10109857VGSILVA,2025-08-04,110373,1,20,0,200.0
10109857VGSILVA_2025-08-04_G24,10109857VGSILVA,2025-08-04,110371,1,14,0,256.0
10109857VGSILVA_2025-08-04_G25,10109857VGSILVA,2025-08-04,110375,1,2,0,236.0
10109857VGSILVA_2025-08-04_G26,10109857VGSILVA,2025-08-04,109640,1,4,0,102.0
10109857VGSILVA_2025-08-04_G27,10109857VGSILVA,2025-08-04,111462,1,4,0,209.0
10109857VGSILVA_2025-08-04_G28,10109857VGSILVA,2025-08-04,110374,1,8,0,88.0
10109857VGSILVA_2025-08-04_G29,10109857VGSILVA,2025-08-04,110515,1,4,0,104.0
10109857VGSILVA_2025-08-04_G30,10109857VGSILVA,2025-08-04,108794,1,1,0,79.0
10109857VGSILVA_2025-08-04_G31,10109857VGSILVA,2025-08-04,141823,1,5,0,78.0
10109857VGSILVA_2025-08-04_G32,10109857VGSILVA,2025-08-04,111465,1,4,0,144.0
10109857VGSILVA_2025-08-04_G33,10109857VGSILVA,2025-08-04,111469,1,7,0,428.0
10109857VGSILVA_2025-08-04_G34,10109857VGSILVA,2025-08-04,117820,1,6,0,113.0
10109857VGSILVA_2025-08-04_G35,10109857VGSILVA,2025-08-04,118222,1,2,0,271.0
10109857VGSILVA_2025-08-04_G36,10109857VGSILVA,2025-08-04,109640,1,2,0,1217.0
10109857VGSILVA_2025-08-04_G37,10109857VGSILVA,2025-08-04,141458,1,4,0,214.0
10109857VGSILVA_2025-08-04_G38,10109857VGSILVA,2025-08-04,110733,1,2,0,173.0
10109857VGSILVA_2025-08-04_G39,10109857VGSILVA,2025-08-04,110733,1,1,0,103.0
10109857VGSILVA_2025-08-04_G40,10109857VGSILVA,2025-08-04,117808,1,16,0,231.0
10109857VGSILVA_2025-08-04_G41,10109857VGSILVA,2025-08-04,117820,1,5,0,236.0
10109857VGSILVA_2025-08-04_G42,10109857VGSILVA,2025-08-04,110733,1,2,0,317.0
10109857VGSILVA_2025-08-04_G43,10109857VGSILVA,2025-08-04,109640,1,2,0,111.0
10109857VGSILVA_2025-08-04_G44,10109857VGSILVA,2025-08-04,105705,1,6,0,352.0
10109857VGSILVA_2025-08-04_G45,10109857VGSILVA,2025-08-04,107236,1,4,0,183.0
10109857VGSILVA_2025-08-04_G46,10109857VGSILVA,2025-08-04,110733,1,2,0,577.0
10109857VGSILVA_2025-08-05_G02,10109857VGSILVA,2025-08-05,118364,1,12,0,1294.0
10109857VGSILVA_2025-08-05_G03,10109857VGSILVA,2025-08-05,109640,1,4,0,668.0
10109857VGSILVA_2025-08-05_G04,10109857VGSILVA,2025-08-05,110313,1,3,0,541.0
10109857VGSILVA_2025-08-05_G05,10109857VGSILVA,2025-08-05,160054,1,2,0,106.0
10109857VGSILVA_2025-08-05_G06,10109857VGSILVA,2025-08-05,111569,1,8,0,202.0
10109857VGSILVA_2025-08-05_G07,10109857VGSILVA,2025-08-05,109643,1,12,0,251.0
10109857VGSILVA_2025-08-05_G08,10109857VGSILVA,2025-08-05,109640,1,4,0,163.0
10109857VGSILVA_2025-08-05_G09,10109857VGSILVA,2025-08-05,111530,1,8,0,230.0
10109857VGSILVA_2025-08-05_G10,10109857VGSILVA,2025-08-05,110339,1,6,0,1406.0
10109857VGSILVA_2025-08-05_G11,10109857VGSILVA,2025-08-05,110895,1,12,0,227.0
10109857VGSILVA_2025-08-05_G12,10109857VGSILVA,2025-08-05,110500,1,4,0,1567.0
10109857VGSILVA_2025-08-05_G13,10109857VGSILVA,2025-08-05,111441,1,2,0,262.0
10109857VGSILVA_2025-08-05_G14,10109857VGSILVA,2025-08-05,108770,1,1,0,102.0
10109857VGSILVA_2025-08-05_G15,10109857VGSILVA,2025-08-05,107888,1,2,0,233.0
10109857VGSILVA_2025-08-05_G16,10109857VGSILVA,2025-08-05,110841,1,2,0,109.0
10109857VGSILVA_2025-08-05_G17,10109857VGSILVA,2025-08-05,110741,1,1,0,1537.0
10109857VGSILVA_2025-08-05_G18,10109857VGSILVA,2025-08-05,107629,1,4,0,91.0
10109857VGSILVA_2025-08-05_G19,10109857VGSILVA,2025-08-05,105242,1,3,0,290.0
10109857VGSILVA_2025-08-05_G22,10109857VGSILVA,2025-08-05,118317,1,50,0,393.0
10109857VGSILVA_2025-08-06_G02,10109857VGSILVA,2025-08-06,117832,1,8,0,233.0
10109857VGSILVA_2025-08-06_G03,10109857VGSILVA,2025-08-06,110371,1,1,0,56.0
10109857VGSILVA_2025-08-06_G04,10109857VGSILVA,2025-08-06,117808,1,12,0,240.0
10109857VGSILVA_2025-08-06_G05,10109857VGSILVA,2025-08-06,117808,1,9,0,76.0
10109857VGSILVA_2025-08-06_G06,10109857VGSILVA,2025-08-06,118299,2,7,9,108.0
10109857VGSILVA_2025-08-06_G07,10109857VGSILVA,2025-08-06,107830,1,1,0,144.0
10109857VGSILVA_2025-08-06_G08,10109857VGSILVA,2025-08-06,117820,2,3,21,74.0
10109857VGSILVA_2025-08-06_G09,10109857VGSILVA,2025-08-06,117822,1,2,0,52.0
10109857VGSILVA_2025-08-06_G10,10109857VGSILVA,2025-08-06,117830,1,1,0,52.0
10109857VGSILVA_2025-08-06_G11,10109857VGSILVA,2025-08-06,110372,1,1,0,64.0
10109857VGSILVA_2025-08-06_G12,10109857VGSILVA,2025-08-06,110372,1,2,0,126.0
10109857VGSILVA_2025-08-06_G13,10109857VGSILVA,2025-08-06,110372,1,11,0,57.0
10109857VGSILVA_2025-08-06_G14,10109857VGSILVA,2025-08-06,111532,1,3,0,155.0
10109857VGSILVA_2025-08-06_G15,10109857VGSILVA,2025-08-06,111466,1,1,0,140.0
10109857VGSILVA_2025-08-06_G16,10109857VGSILVA,2025-08-06,111753,1,2,0,146.0
10109857VGSILVA_2025-08-06_G17,10109857VGSILVA,2025-08-06,141457,1,1,0,142.0
10109857VGSILVA_2025-08-06_G18,10109857VGSILVA,2025-08-06,141457,1,2,0,31.0
10109857VGSILVA_2025-08-06_G19,10109857VGSILVA,2025-08-06,110373,1,200,0,1481.0
10109857VGSILVA_2025-08-06_G20,10109857VGSILVA,2025-08-06,110374,1,200,0,1898.0
10109857VGSILVA_2025-08-06_G21,10109857VGSILVA,2025-08-06,117820,1,150,0,1529.0
10109857VGSILVA_2025-08-06_G22,10109857VGSILVA,2025-08-06,111418,1,300,0,1282.0
10109857VGSILVA_2025-08-06_G24,10109857VGSILVA,2025-08-06,111792,1,1,0,362.0
10109857VGSILVA_2025-08-06_G25,10109857VGSILVA,2025-08-06,110500,1,4,0,152.0
10109857VGSILVA_2025-08-06_G26,10109857VGSILVA,2025-08-06,110742,1,26,0,1204.0
10109857VGSILVA_2025-08-06_G27,10109857VGSILVA,2025-08-06,111569,1,18,0,576.0
10109857VGSILVA_2025-08-06_G28,10109857VGSILVA,2025-08-06,110841,1,11,0,373.0
10109857VGSILVA_2025-08-06_G29,10109857VGSILVA,2025-08-06,118418,1,1,0,78.0
10109857VGSILVA_2025-08-06_G30,10109857VGSILVA,2025-08-06,117834,1,13,0,335.0
10109857VGSILVA_2025-08-06_G31,10109857VGSILVA,2025-08-06,100334,1,7,0,817.0
10109857VGSILVA_2025-08-06_G32,10109857VGSILVA,2025-08-06,108759,1,4,0,89.0
10109857VGSILVA_2025-08-06_G33,10109857VGSILVA,2025-08-06,118280,1,4,0,103.0
10109857VGSILVA_2025-08-06_G34,10109857VGSILVA,2025-08-06,105272,1,4,0,125.0
10109857VGSILVA_2025-08-07_G02,10109857VGSILVA,2025-08-07,107892,1,50,0,567.0
10109857VGSILVA_2025-08-07_G04,10109857VGSILVA,2025-08-07,118416,1,19,0,275.0
10109857VGSILVA_2025-08-07_G05,10109857VGSILVA,2025-08-07,108701,1,4,0,75.0
10109857VGSILVA_2025-08-07_G06,10109857VGSILVA,2025-08-07,117788,1,4,0,75.0
10109857VGSILVA_2025-08-07_G07,10109857VGSILVA,2025-08-07,141047,1,3,0,100.0
10109857VGSILVA_2025-08-07_G08,10109857VGSILVA,2025-08-07,110752,1,17,0,234.0
10109857VGSILVA_2025-08-07_G09,10109857VGSILVA,2025-08-07,110743,1,16,0,323.0
10109857VGSILVA_2025-08-07_G10,10109857VGSILVA,2025-08-07,108798,1,13,0,219.0
10109857VGSILVA_2025-08-07_G11,10109857VGSILVA,2025-08-07,118317,1,6,0,707.0
10109857VGSILVA_2025-08-07_G12,10109857VGSILVA,2025-08-07,111433,1,2,0,41.0
10109857VGSILVA_2025-08-07_G13,10109857VGSILVA,2025-08-07,"101228, 141823",2,28,9,226.0
10109857VGSILVA_2025-08-07_G14,10109857VGSILVA,2025-08-07,109640,1,28,0,507.0
10109857VGSILVA_2025-08-07_G17,10109857VGSILVA,2025-08-07,110339,1,2,0,199.0
10109857VGSILVA_2025-08-07_G18,10109857VGSILVA,2025-08-07,108711,1,14,0,223.0
10109857VGSILVA_2025-08-07_G19,10109857VGSILVA,2025-08-07,105705,2,9,25,78.0
10109857VGSILVA_2025-08-07_G20,10109857VGSILVA,2025-08-07,140922,1,12,0,91.0
10109857VGSILVA_2025-08-07_G21,10109857VGSILVA,2025-08-07,111466,1,2,0,78.0
10109857VGSILVA_2025-08-07_G22,10109857VGSILVA,2025-08-07,111466,1,55,0,338.0
10109857VGSILVA_2025-08-07_G23,10109857VGSILVA,2025-08-07,117809,1,2,0,99.0
10109857VGSILVA_2025-08-07_G24,10109857VGSILVA,2025-08-07,110747,1,8,0,137.0
10109857VGSILVA_2025-08-07_G25,10109857VGSILVA,2025-08-07,110733,1,2,0,129.0
10109857VGSILVA_2025-08-07_G26,10109857VGSILVA,2025-08-07,110733,1,3,0,39.0
10109857VGSILVA_2025-08-07_G27,10109857VGSILVA,2025-08-07,111465,1,6,0,58.0
10109857VGSILVA_2025-08-07_G28,10109857VGSILVA,2025-08-07,111465,1,2,0,35.0
10109857VGSILVA_2025-08-07_G29,10109857VGSILVA,2025-08-07,117808,1,6,0,273.0
10109857VGSILVA_2025-08-07_G30,10109857VGSILVA,2025-08-07,118299,1,7,0,69.0
10109857VGSILVA_2025-08-07_G31,10109857VGSILVA,2025-08-07,108798,1,8,0,143.0
10109857VGSILVA_2025-08-07_G32,10109857VGSILVA,2025-08-07,110373,1,2,0,94.0
10109857VGSILVA_2025-08-07_G33,10109857VGSILVA,2025-08-07,110373,1,100,0,210.0
10109857VGSILVA_2025-08-07_G34,10109857VGSILVA,2025-08-07,111418,1,18,0,769.0
10109857VGSILVA_2025-08-07_G35,10109857VGSILVA,2025-08-07,111442,1,2,0,126.0
10109857VGSILVA_2025-08-07_G36,10109857VGSILVA,2025-08-07,110374,1,30,0,210.0
10109857VGSILVA_2025-08-07_G37,10109857VGSILVA,2025-08-07,111438,1,2,0,106.0
10109857VGSILVA_2025-08-07_G38,10109857VGSILVA,2025-08-07,118222,1,5,0,235.0
10109857VGSILVA_2025-08-07_G39,10109857VGSILVA,2025-08-07,117820,1,9,0,175.0
10109857VGSILVA_2025-08-07_G40,10109857VGSILVA,2025-08-07,111172,1,20,0,979.0
10109857VGSILVA_2025-08-07_G41,10109857VGSILVA,2025-08-07,111532,1,8,0,150.0
10109857VGSILVA_2025-08-07_G42,10109857VGSILVA,2025-08-07,117821,1,20,0,288.0
10109857VGSILVA_2025-08-07_G43,10109857VGSILVA,2025-08-07,108711,1,17,0,134.0
10109857VGSILVA_2025-08-07_G44,10109857VGSILVA,2025-08-07,140922,1,16,0,347.0
10109857VGSILVA_2025-08-07_G45,10109857VGSILVA,2025-08-07,111348,1,6,0,66.0
10109857VGSILVA_2025-08-07_G46,10109857VGSILVA,2025-08-07,116241,1,10,0,155.0
10109857VGSILVA_2025-08-07_G47,10109857VGSILVA,2025-08-07,109643,1,10,0,145.0
10109857VGSILVA_2025-08-07_G48,10109857VGSILVA,2025-08-07,109648,1,4,0,84.0
10109857VGSILVA_2025-08-07_G49,10109857VGSILVA,2025-08-07,111182,1,6,0,152.0
10109857VGSILVA_2025-08-07_G50,10109857VGSILVA,2025-08-07,117831,1,8,0,141.0
10109857VGSILVA_2025-08-07_G51,10109857VGSILVA,2025-08-07,109645,1,5,0,189.0
10109857VGSILVA_2025-08-07_G52,10109857VGSILVA,2025-08-07,111418,1,64,0,503.0
10109857VGSILVA_2025-08-07_G53,10109857VGSILVA,2025-08-07,117785,1,16,0,246.0
10109857VGSILVA_2025-08-07_G54,10109857VGSILVA,2025-08-07,118317,1,16,0,208.0
10109857VGSILVA_2025-08-07_G55,10109857VGSILVA,2025-08-07,108794,1,16,0,114.0
10109857VGSILVA_2025-08-07_G56,10109857VGSILVA,2025-08-07,111442,1,12,0,283.0
10109857VGSILVA_2025-08-08_G02,10109857VGSILVA,2025-08-08,111466,1,2,0,254.0
10109857VGSILVA_2025-08-08_G03,10109857VGSILVA,2025-08-08,111465,1,2,0,111.0
10109857VGSILVA_2025-08-08_G04,10109857VGSILVA,2025-08-08,110371,1,7,0,159.0
10109857VGSILVA_2025-08-08_G05,10109857VGSILVA,2025-08-08,141456,1,40,0,3449.0
10109857VGSILVA_2025-08-08_G06,10109857VGSILVA,2025-08-08,117785,1,50,0,783.0
10109857VGSILVA_2025-08-08_G07,10109857VGSILVA,2025-08-08,141458,1,24,0,1010.0
10109857VGSILVA_2025-08-08_G09,10109857VGSILVA,2025-08-08,110375,1,10,0,356.0
10109857VGSILVA_2025-08-08_G10,10109857VGSILVA,2025-08-08,140922,1,2,0,333.0
10109857VGSILVA_2025-08-08_G11,10109857VGSILVA,2025-08-08,117809,1,20,0,369.0
10109857VGSILVA_2025-08-08_G12,10109857VGSILVA,2025-08-08,111467,1,12,0,420.0
10109857VGSILVA_2025-08-08_G13,10109857VGSILVA,2025-08-08,105705,1,4,0,223.0
10109857VGSILVA_2025-08-08_G14,10109857VGSILVA,2025-08-08,111348,1,4,0,54.0
10109857VGSILVA_2025-08-08_G15,10109857VGSILVA,2025-08-08,110371,1,20,0,138.0
10109857VGSILVA_2025-08-08_G16,10109857VGSILVA,2025-08-08,118222,1,4,0,239.0
10109857VGSILVA_2025-08-08_G17,10109857VGSILVA,2025-08-08,111418,1,60,0,414.0
10109857VGSILVA_2025-08-08_G18,10109857VGSILVA,2025-08-08,141458,1,4,0,270.0
10109857VGSILVA_2025-08-08_G19,10109857VGSILVA,2025-08-08,117855,1,4,0,355.0
10109857VGSILVA_2025-08-08_G20,10109857VGSILVA,2025-08-08,110339,1,4,0,62.0
10109857VGSILVA_2025-08-08_G21,10109857VGSILVA,2025-08-08,111532,1,8,0,117.0
10109857VGSILVA_2025-08-08_G22,10109857VGSILVA,2025-08-08,108711,1,4,0,76.0
10109857VGSILVA_2025-08-08_G23,10109857VGSILVA,2025-08-08,140922,1,8,0,88.0
10109857VGSILVA_2025-08-08_G24,10109857VGSILVA,2025-08-08,111348,1,4,0,47.0
10109857VGSILVA_2025-08-08_G25,10109857VGSILVA,2025-08-08,109643,1,4,0,253.0
10109857VGSILVA_2025-08-08_G26,10109857VGSILVA,2025-08-08,117832,1,10,0,95.0
10109857VGSILVA_2025-08-08_G27,10109857VGSILVA,2025-08-08,110371,1,20,0,323.0
10109857VGSILVA_2025-08-08_G28,10109857VGSILVA,2025-08-08,110747,1,23,0,733.0
10109857VGSILVA_2025-08-08_G29,10109857VGSILVA,2025-08-08,117862,1,8,0,377.0
10109857VGSILVA_2025-08-08_G30,10109857VGSILVA,2025-08-08,117831,1,4,0,153.0
10109857VGSILVA_2025-08-08_G31,10109857VGSILVA,2025-08-08,141456,1,30,0,383.0
10109857VGSILVA_2025-08-08_G32,10109857VGSILVA,2025-08-08,111468,1,4,0,68.0
10109857VGSILVA_2025-08-08_G33,10109857VGSILVA,2025-08-08,111418,1,60,0,632.0
10109857VGSILVA_2025-08-08_G34,10109857VGSILVA,2025-08-08,118317,1,4,0,42.0
10109857VGSILVA_2025-08-08_G35,10109857VGSILVA,2025-08-08,118222,1,4,0,148.0
10109857VGSILVA_2025-08-08_G36,10109857VGSILVA,2025-08-08,111467,1,12,0,519.0
10109857VGSILVA_2025-08-08_G37,10109857VGSILVA,2025-08-08,110515,1,20,0,340.0
10109857VGSILVA_2025-08-08_G38,10109857VGSILVA,2025-08-08,141823,1,4,0,168.0
10109857VGSILVA_2025-08-08_G39,10109857VGSILVA,2025-08-08,110374,1,10,0,93.0
10109857VGSILVA_2025-08-08_G40,10109857VGSILVA,2025-08-08,117820,1,40,0,496.0
10109857VGSILVA_2025-08-08_G41,10109857VGSILVA,2025-08-08,141202,1,4,0,197.0
10109857VGSILVA_2025-08-08_G42,10109857VGSILVA,2025-08-08,141458,1,4,0,95.0
10109857VGSILVA_2025-08-08_G43,10109857VGSILVA,2025-08-08,109643,1,4,0,215.0
10109857VGSILVA_2025-08-08_G44,10109857VGSILVA,2025-08-08,117832,1,10,0,80.0
10109857VGSILVA_2025-08-08_G45,10109857VGSILVA,2025-08-08,117809,1,20,0,114.0
10109857VGSILVA_2025-08-09_G02,10109857VGSILVA,2025-08-09,141202,1,4,0,116.0
10109857VGSILVA_2025-08-09_G03,10109857VGSILVA,2025-08-09,118222,1,4,0,187.0
10109857VGSILVA_2025-08-09_G04,10109857VGSILVA,2025-08-09,111569,1,4,0,360.0
10109857VGSILVA_2025-08-09_G05,10109857VGSILVA,2025-08-09,108771,1,3,0,82.0
10109857VGSILVA_2025-08-09_G06,10109857VGSILVA,2025-08-09,117809,1,7,0,921.0
10109857VGSILVA_2025-08-09_G07,10109857VGSILVA,2025-08-09,111330,1,4,0,145.0
10109857VGSILVA_2025-08-09_G08,10109857VGSILVA,2025-08-09,117808,1,16,0,123.0
10109857VGSILVA_2025-08-09_G09,10109857VGSILVA,2025-08-09,117809,1,20,0,358.0
10109857VGSILVA_2025-08-09_G10,10109857VGSILVA,2025-08-09,111330,1,4,0,543.0
10109857VGSILVA_2025-08-09_G11,10109857VGSILVA,2025-08-09,117809,1,20,0,1924.0
10109857VGSILVA_2025-08-09_G12,10109857VGSILVA,2025-08-09,118299,2,10,30,80.0
10109857VGSILVA_2025-08-09_G13,10109857VGSILVA,2025-08-09,118299,1,4,0,37.0
10109857VGSILVA_2025-08-09_G14,10109857VGSILVA,2025-08-09,118299,1,4,0,42.0
10109857VGSILVA_2025-08-09_G15,10109857VGSILVA,2025-08-09,118299,2,6,27,65.0
10109857VGSILVA_2025-08-09_G16,10109857VGSILVA,2025-08-09,117834,1,8,0,291.0
10109857VGSILVA_2025-08-09_G17,10109857VGSILVA,2025-08-09,100334,1,2,0,60.0
10109857VGSILVA_2025-08-09_G18,10109857VGSILVA,2025-08-09,141047,1,5,0,90.0
10109857VGSILVA_2025-08-09_G19,10109857VGSILVA,2025-08-09,117835,1,4,0,111.0
10109857VGSILVA_2025-08-09_G20,10109857VGSILVA,2025-08-09,118222,1,4,0,551.0
10109857VGSILVA_2025-08-09_G21,10109857VGSILVA,2025-08-09,111655,1,34,0,629.0
10109857VGSILVA_2025-08-09_G22,10109857VGSILVA,2025-08-09,118222,1,4,0,319.0
10109857VGSILVA_2025-08-09_G23,10109857VGSILVA,2025-08-09,105705,1,4,0,274.0
10109857VGSILVA_2025-08-09_G24,10109857VGSILVA,2025-08-09,111348,1,4,0,70.0
10109857VGSILVA_2025-08-09_G25,10109857VGSILVA,2025-08-09,141456,1,30,0,315.0
10109857VGSILVA_2025-08-09_G26,10109857VGSILVA,2025-08-09,111418,1,60,0,540.0
10109857VGSILVA_2025-08-09_G27,10109857VGSILVA,2025-08-09,141458,1,4,0,157.0
10109857VGSILVA_2025-08-11_G02,10109857VGSILVA,2025-08-11,107892,1,2,0,95.0
10109857VGSILVA_2025-08-11_G03,10109857VGSILVA,2025-08-11,118222,1,10,0,281.0
10109857VGSILVA_2025-08-11_G04,10109857VGSILVA,2025-08-11,110755,1,2,0,521.0
10109857VGSILVA_2025-08-11_G05,10109857VGSILVA,2025-08-11,111602,1,5,0,66.0
10109857VGSILVA_2025-08-11_G06,10109857VGSILVA,2025-08-11,110129,1,2,0,146.0
10109857VGSILVA_2025-08-11_G07,10109857VGSILVA,2025-08-11,108795,1,2,0,66.0
10109857VGSILVA_2025-08-11_G08,10109857VGSILVA,2025-08-11,117821,1,2,0,63.0
10109857VGSILVA_2025-08-11_G09,10109857VGSILVA,2025-08-11,108711,1,2,0,46.0
10109857VGSILVA_2025-08-11_G10,10109857VGSILVA,2025-08-11,110325,1,2,0,125.0
10109857VGSILVA_2025-08-11_G11,10109857VGSILVA,2025-08-11,109647,1,2,0,123.0
10109857VGSILVA_2025-08-11_G12,10109857VGSILVA,2025-08-11,141047,1,2,0,103.0
10109857VGSILVA_2025-08-11_G13,10109857VGSILVA,2025-08-11,111468,1,2,0,101.0
10109857VGSILVA_2025-08-11_G14,10109857VGSILVA,2025-08-11,110740,1,2,0,174.0
10109857VGSILVA_2025-08-11_G15,10109857VGSILVA,2025-08-11,117822,1,4,0,260.0
10109857VGSILVA_2025-08-11_G16,10109857VGSILVA,2025-08-11,117809,1,2,0,235.0
10109857VGSILVA_2025-08-11_G17,10109857VGSILVA,2025-08-11,111532,1,20,0,1374.0
10109857VGSILVA_2025-08-11_G18,10109857VGSILVA,2025-08-11,111348,1,2,0,114.0
10109857VGSILVA_2025-08-11_G19,10109857VGSILVA,2025-08-11,110339,1,2,0,88.0
10109857VGSILVA_2025-08-11_G20,10109857VGSILVA,2025-08-11,111602,1,10,0,429.0
10109857VGSILVA_2025-08-11_G21,10109857VGSILVA,2025-08-11,118094,1,8,0,82.0
10109857VGSILVA_2025-08-11_G22,10109857VGSILVA,2025-08-11,109643,1,6,0,81.0
10109857VGSILVA_2025-08-11_G23,10109857VGSILVA,2025-08-11,109643,1,12,0,148.0
10109857VGSILVA_2025-08-11_G24,10109857VGSILVA,2025-08-11,110371,1,2,0,125.0
10109857VGSILVA_2025-08-11_G25,10109857VGSILVA,2025-08-11,117841,1,3,0,106.0
10109857VGSILVA_2025-08-11_G26,10109857VGSILVA,2025-08-11,110733,1,8,0,106.0
10109857VGSILVA_2025-08-11_G27,10109857VGSILVA,2025-08-11,117853,1,4,0,258.0
10109857VGSILVA_2025-08-11_G28,10109857VGSILVA,2025-08-11,117835,1,4,0,128.0
10109857VGSILVA_2025-08-11_G29,10109857VGSILVA,2025-08-11,108794,1,17,0,295.0
10109857VGSILVA_2025-08-11_G30,10109857VGSILVA,2025-08-11,111172,1,5,0,244.0
10109857VGSILVA_2025-08-12_G02,10109857VGSILVA,2025-08-12,111532,1,2,0,75.0
10109857VGSILVA_2025-08-12_G03,10109857VGSILVA,2025-08-12,108711,1,2,0,67.0
10109857VGSILVA_2025-08-12_G04,10109857VGSILVA,2025-08-12,105705,1,2,0,48.0
10109857VGSILVA_2025-08-12_G05,10109857VGSILVA,2025-08-12,109643,1,1,0,50.0
10109857VGSILVA_2025-08-12_G06,10109857VGSILVA,2025-08-12,117832,1,1,0,31.0
10109857VGSILVA_2025-08-12_G07,10109857VGSILVA,2025-08-12,117855,1,2,0,162.0
10109857VGSILVA_2025-08-12_G08,10109857VGSILVA,2025-08-12,110339,1,2,0,64.0
10109857VGSILVA_2025-08-12_G09,10109857VGSILVA,2025-08-12,109647,1,4,0,152.0
10109857VGSILVA_2025-08-12_G10,10109857VGSILVA,2025-08-12,117787,1,3,0,86.0
10109857VGSILVA_2025-08-12_G11,10109857VGSILVA,2025-08-12,117842,1,4,0,188.0
10109857VGSILVA_2025-08-12_G12,10109857VGSILVA,2025-08-12,111468,1,2,0,47.0
10109857VGSILVA_2025-08-12_G13,10109857VGSILVA,2025-08-12,110375,1,3,0,121.0
10109857VGSILVA_2025-08-12_G14,10109857VGSILVA,2025-08-12,110515,1,4,0,266.0
10109857VGSILVA_2025-08-12_G15,10109857VGSILVA,2025-08-12,107236,1,1,0,55.0
10109857VGSILVA_2025-08-12_G16,10109857VGSILVA,2025-08-12,141823,1,3,0,67.0
10109857VGSILVA_2025-08-12_G17,10109857VGSILVA,2025-08-12,111569,1,4,0,94.0
10109857VGSILVA_2025-08-12_G18,10109857VGSILVA,2025-08-12,140911,1,12,0,254.0
10109857VGSILVA_2025-08-12_G19,10109857VGSILVA,2025-08-12,141202,1,4,0,324.0
10109857VGSILVA_2025-08-12_G20,10109857VGSILVA,2025-08-12,118330,1,2,0,195.0
10109857VGSILVA_2025-08-12_G21,10109857VGSILVA,2025-08-12,110740,1,2,0,53.0
10109857VGSILVA_2025-08-12_G22,10109857VGSILVA,2025-08-12,117809,1,4,0,90.0
10109857VGSILVA_2025-08-12_G23,10109857VGSILVA,2025-08-12,110092,1,4,0,437.0
10109857VGSILVA_2025-08-12_G24,10109857VGSILVA,2025-08-12,117797,1,4,0,245.0
10109857VGSILVA_2025-08-12_G25,10109857VGSILVA,2025-08-12,110582,1,4,0,259.0
10109857VGSILVA_2025-08-12_G26,10109857VGSILVA,2025-08-12,110747,1,4,0,115.0
10109857VGSILVA_2025-08-12_G27,10109857VGSILVA,2025-08-12,111532,1,8,0,119.0
10109857VGSILVA_2025-08-12_G28,10109857VGSILVA,2025-08-12,140922,1,2,0,364.0
10109857VGSILVA_2025-08-12_G29,10109857VGSILVA,2025-08-12,117862,1,8,0,100.0
10109857VGSILVA_2025-08-12_G30,10109857VGSILVA,2025-08-12,110339,1,6,0,88.0
10109857VGSILVA_2025-08-12_G31,10109857VGSILVA,2025-08-12,111602,1,4,0,57.0
10109857VGSILVA_2025-08-12_G32,10109857VGSILVA,2025-08-12,117832,1,2,0,245.0
10109857VGSILVA_2025-08-12_G33,10109857VGSILVA,2025-08-12,117861,1,6,0,230.0
10109857VGSILVA_2025-08-12_G34,10109857VGSILVA,2025-08-12,117853,1,2,0,57.0
10109857VGSILVA_2025-08-12_G35,10109857VGSILVA,2025-08-12,117787,1,4,0,111.0
10109857VGSILVA_2025-08-12_G36,10109857VGSILVA,2025-08-12,110375,1,1,0,78.0
10109857VGSILVA_2025-08-12_G37,10109857VGSILVA,2025-08-12,118250,1,4,0,175.0
10109857VGSILVA_2025-08-12_G38,10109857VGSILVA,2025-08-12,111110,1,2,0,98.0
10109857VGSILVA_2025-08-12_G39,10109857VGSILVA,2025-08-12,111467,1,2,0,83.0
10109857VGSILVA_2025-08-12_G40,10109857VGSILVA,2025-08-12,111468,1,8,0,115.0
10109857VGSILVA_2025-08-12_G41,10109857VGSILVA,2025-08-12,140911,1,10,0,323.0
10109857VGSILVA_2025-08-12_G42,10109857VGSILVA,2025-08-12,110515,1,4,0,101.0
10109857VGSILVA_2025-08-12_G43,10109857VGSILVA,2025-08-12,108794,1,1,0,82.0
10109857VGSILVA_2025-08-12_G44,10109857VGSILVA,2025-08-12,141823,1,6,0,370.0
10109857VGSILVA_2025-08-12_G45,10109857VGSILVA,2025-08-12,111660,1,4,0,145.0
10109857VGSILVA_2025-08-12_G46,10109857VGSILVA,2025-08-12,117837,1,4,0,134.0
10109857VGSILVA_2025-08-12_G47,10109857VGSILVA,2025-08-12,117822,1,4,0,87.0
10109857VGSILVA_2025-08-12_G48,10109857VGSILVA,2025-08-12,117809,1,2,0,45.0
10109857VGSILVA_2025-08-12_G49,10109857VGSILVA,2025-08-12,117855,1,4,0,294.0
10109857VGSILVA_2025-08-12_G50,10109857VGSILVA,2025-08-12,117862,1,3,0,51.0
10109857VGSILVA_2025-08-12_G51,10109857VGSILVA,2025-08-12,111602,1,3,0,53.0
10109857VGSILVA_2025-08-12_G52,10109857VGSILVA,2025-08-12,118094,1,1,0,49.0
10109857VGSILVA_2025-08-12_G53,10109857VGSILVA,2025-08-12,117821,1,3,0,85.0
10109857VGSILVA_2025-08-12_G54,10109857VGSILVA,2025-08-12,108711,1,3,0,51.0
10109857VGSILVA_2025-08-12_G55,10109857VGSILVA,2025-08-12,105705,1,4,0,93.0
10109857VGSILVA_2025-08-12_G56,10109857VGSILVA,2025-08-12,140922,1,6,0,108.0
10109857VGSILVA_2025-08-12_G57,10109857VGSILVA,2025-08-12,111443,1,2,0,117.0
10109857VGSILVA_2025-08-12_G58,10109857VGSILVA,2025-08-12,109640,1,4,0,369.0
10109857VGSILVA_2025-08-12_G59,10109857VGSILVA,2025-08-12,111467,1,2,0,87.0
10109857VGSILVA_2025-08-12_G60,10109857VGSILVA,2025-08-12,117831,1,9,0,179.0
10109857VGSILVA_2025-08-12_G61,10109857VGSILVA,2025-08-12,110515,1,2,0,82.0
10109857VGSILVA_2025-08-12_G62,10109857VGSILVA,2025-08-12,117785,1,12,0,405.0
10109857VGSILVA_2025-08-12_G63,10109857VGSILVA,2025-08-12,111418,1,14,0,114.0
10109857VGSILVA_2025-08-12_G64,10109857VGSILVA,2025-08-12,117808,1,34,0,200.0
10109857VGSILVA_2025-08-12_G65,10109857VGSILVA,2025-08-12,110373,1,2,0,362.0
10109857VGSILVA_2025-08-12_G66,10109857VGSILVA,2025-08-12,110371,1,2,0,88.0
10109857VGSILVA_2025-08-12_G67,10109857VGSILVA,2025-08-12,109647,1,8,0,167.0
10109857VGSILVA_2025-08-12_G68,10109857VGSILVA,2025-08-12,109640,1,8,0,206.0
10109857VGSILVA_2025-08-12_G70,10109857VGSILVA,2025-08-12,111438,1,104,0,771.0
10109857VGSILVA_2025-08-12_G71,10109857VGSILVA,2025-08-12,111462,1,100,0,336.0
10109857VGSILVA_2025-08-12_G72,10109857VGSILVA,2025-08-12,117289,1,36,0,1534.0
10109857VGSILVA_2025-08-12_G73,10109857VGSILVA,2025-08-12,111569,1,7,0,131.0
10109857VGSILVA_2025-08-12_G74,10109857VGSILVA,2025-08-12,111569,1,100,0,619.0
10109857VGSILVA_2025-08-12_G75,10109857VGSILVA,2025-08-12,111569,1,60,0,369.0
10109857VGSILVA_2025-08-12_G76,10109857VGSILVA,2025-08-12,110515,1,16,0,242.0
10109857VGSILVA_2025-08-12_G77,10109857VGSILVA,2025-08-12,110515,1,32,0,250.0
10109857VGSILVA_2025-08-12_G78,10109857VGSILVA,2025-08-12,107892,1,19,0,617.0
10109857VGSILVA_2025-08-12_G79,10109857VGSILVA,2025-08-12,111438,1,190,0,1070.0
10109857VGSILVA_2025-08-12_G80,10109857VGSILVA,2025-08-12,111469,1,22,0,408.0
10109857VGSILVA_2025-08-12_G81,10109857VGSILVA,2025-08-12,110745,1,16,0,742.0
10109857VGSILVA_2025-08-12_G82,10109857VGSILVA,2025-08-12,117862,1,180,0,1721.0
10109857VGSILVA_2025-08-13_G02,10109857VGSILVA,2025-08-13,111330,1,5,0,159.0
10109857VGSILVA_2025-08-13_G03,10109857VGSILVA,2025-08-13,111418,1,3,0,94.0
10109857VGSILVA_2025-08-13_G04,10109857VGSILVA,2025-08-13,111532,1,2,0,132.0
10109857VGSILVA_2025-08-13_G05,10109857VGSILVA,2025-08-13,111418,1,510,0,1613.0
10109857VGSILVA_2025-08-13_G06,10109857VGSILVA,2025-08-13,117785,1,540,0,2085.0
10109857VGSILVA_2025-08-13_G07,10109857VGSILVA,2025-08-13,141048,1,4,0,1103.0
10109857VGSILVA_2025-08-13_G08,10109857VGSILVA,2025-08-13,110030,1,8,0,1050.0
10109857VGSILVA_2025-08-13_G09,10109857VGSILVA,2025-08-13,118632,1,4,0,103.0
10109857VGSILVA_2025-08-13_G10,10109857VGSILVA,2025-08-13,118169,1,12,0,399.0
10109857VGSILVA_2025-08-13_G11,10109857VGSILVA,2025-08-13,110755,1,10,0,663.0
10109857VGSILVA_2025-08-13_G12,10109857VGSILVA,2025-08-13,108759,1,8,0,156.0
10109857VGSILVA_2025-08-13_G13,10109857VGSILVA,2025-08-13,110841,1,8,0,123.0
10109857VGSILVA_2025-08-13_G14,10109857VGSILVA,2025-08-13,118251,1,3,0,102.0
10109857VGSILVA_2025-08-13_G15,10109857VGSILVA,2025-08-13,109497,1,12,0,318.0
10109857VGSILVA_2025-08-13_G16,10109857VGSILVA,2025-08-13,110531,1,12,0,125.0
10109857VGSILVA_2025-08-13_G17,10109857VGSILVA,2025-08-13,111110,1,4,0,105.0
10109857VGSILVA_2025-08-13_G18,10109857VGSILVA,2025-08-13,141420,1,4,0,120.0
10109857VGSILVA_2025-08-13_G19,10109857VGSILVA,2025-08-13,110064,1,4,0,77.0
10109857VGSILVA_2025-08-13_G20,10109857VGSILVA,2025-08-13,108771,1,3,0,65.0
10109857VGSILVA_2025-08-13_G21,10109857VGSILVA,2025-08-13,109384,1,8,0,324.0
10109857VGSILVA_2025-08-13_G22,10109857VGSILVA,2025-08-13,118110,1,8,0,580.0
10109857VGSILVA_2025-08-13_G24,10109857VGSILVA,2025-08-13,108794,1,4,0,252.0
10109857VGSILVA_2025-08-13_G25,10109857VGSILVA,2025-08-13,117808,1,12,0,379.0
10109857VGSILVA_2025-08-13_G26,10109857VGSILVA,2025-08-13,118299,1,3,0,73.0
10109857VGSILVA_2025-08-13_G27,10109857VGSILVA,2025-08-13,110895,1,1,0,214.0
10109857VGSILVA_2025-08-13_G28,10109857VGSILVA,2025-08-13,140911,1,2,0,692.0
10109857VGSILVA_2025-08-13_G29,10109857VGSILVA,2025-08-13,117820,1,2,0,849.0
10109857VGSILVA_2025-08-13_G30,10109857VGSILVA,2025-08-13,110374,1,7,0,158.0
10109857VGSILVA_2025-08-13_G31,10109857VGSILVA,2025-08-13,111443,1,1,0,92.0
10109857VGSILVA_2025-08-13_G32,10109857VGSILVA,2025-08-13,111418,1,2,0,205.0
10109857VGSILVA_2025-08-13_G33,10109857VGSILVA,2025-08-13,110374,1,1,0,119.0
10109857VGSILVA_2025-08-13_G34,10109857VGSILVA,2025-08-13,110373,1,2,0,118.0
10109857VGSILVA_2025-08-13_G35,10109857VGSILVA,2025-08-13,117785,1,2,0,72.0
10109857VGSILVA_2025-08-13_G36,10109857VGSILVA,2025-08-13,111418,1,4,0,459.0
10109857VGSILVA_2025-08-13_G37,10109857VGSILVA,2025-08-13,111743,1,3,0,99.0
10109857VGSILVA_2025-08-13_G38,10109857VGSILVA,2025-08-13,110371,1,6,0,115.0
10109857VGSILVA_2025-08-13_G39,10109857VGSILVA,2025-08-13,110374,1,3,0,132.0
10109857VGSILVA_2025-08-13_G40,10109857VGSILVA,2025-08-13,117808,1,20,0,148.0
10109857VGSILVA_2025-08-13_G41,10109857VGSILVA,2025-08-13,118299,1,12,0,117.0
10109857VGSILVA_2025-08-13_G42,10109857VGSILVA,2025-08-13,105242,1,2,0,2186.0
10109857VGSILVA_2025-08-13_G43,10109857VGSILVA,2025-08-13,110752,1,9,0,155.0
10109857VGSILVA_2025-08-13_G44,10109857VGSILVA,2025-08-13,111431,1,14,0,462.0
10109857VGSILVA_2025-08-14_G02,10109857VGSILVA,2025-08-14,111443,1,72,0,1421.0
10109857VGSILVA_2025-08-14_G03,10109857VGSILVA,2025-08-14,111182,1,26,0,594.0
10109857VGSILVA_2025-08-14_G04,10109857VGSILVA,2025-08-14,110339,1,135,0,324.0
10109857VGSILVA_2025-08-14_G05,10109857VGSILVA,2025-08-14,107263,1,2,0,1011.0
10109857VGSILVA_2025-08-14_G06,10109857VGSILVA,2025-08-14,111444,1,2,0,229.0
10109857VGSILVA_2025-08-14_G07,10109857VGSILVA,2025-08-14,"117838, 108795",2,2,23,86.0
10109857VGSILVA_2025-08-14_G08,10109857VGSILVA,2025-08-14,110751,1,2,0,164.0
10109857VGSILVA_2025-08-14_G09,10109857VGSILVA,2025-08-14,108711,1,16,0,166.0
10109857VGSILVA_2025-08-14_G10,10109857VGSILVA,2025-08-14,105705,1,2,0,246.0
10109857VGSILVA_2025-08-14_G11,10109857VGSILVA,2025-08-14,140922,1,4,0,46.0
10109857VGSILVA_2025-08-14_G12,10109857VGSILVA,2025-08-14,111418,1,40,0,364.0
10109857VGSILVA_2025-08-14_G13,10109857VGSILVA,2025-08-14,117833,1,4,0,117.0
10109857VGSILVA_2025-08-14_G14,10109857VGSILVA,2025-08-14,111743,1,4,0,61.0
10109857VGSILVA_2025-08-14_G15,10109857VGSILVA,2025-08-14,117821,1,2,0,36.0
10109857VGSILVA_2025-08-14_G16,10109857VGSILVA,2025-08-14,108798,1,4,0,75.0
10109857VGSILVA_2025-08-14_G17,10109857VGSILVA,2025-08-14,111532,1,6,0,89.0
10109857VGSILVA_2025-08-14_G18,10109857VGSILVA,2025-08-14,111468,1,4,0,100.0
10109857VGSILVA_2025-08-14_G19,10109857VGSILVA,2025-08-14,109645,1,4,0,62.0
10109857VGSILVA_2025-08-14_G20,10109857VGSILVA,2025-08-14,108794,1,10,0,187.0
10109857VGSILVA_2025-08-14_G21,10109857VGSILVA,2025-08-14,118223,1,1,0,101.0
10109857VGSILVA_2025-08-14_G22,10109857VGSILVA,2025-08-14,110745,1,4,0,84.0
10109857VGSILVA_2025-08-14_G23,10109857VGSILVA,2025-08-14,107236,1,4,0,32.0
10109857VGSILVA_2025-08-14_G24,10109857VGSILVA,2025-08-14,111433,1,3,0,56.0
10109857VGSILVA_2025-08-14_G25,10109857VGSILVA,2025-08-14,111172,1,4,0,90.0
10109857VGSILVA_2025-08-14_G26,10109857VGSILVA,2025-08-14,110740,1,2,0,520.0
10109857VGSILVA_2025-08-14_G27,10109857VGSILVA,2025-08-14,111463,1,7,0,1111.0
10109857VGSILVA_2025-08-14_G28,10109857VGSILVA,2025-08-14,110372,1,13,0,138.0
10109857VGSILVA_2025-08-14_G30,10109857VGSILVA,2025-08-14,117808,1,100,0,798.0
10109857VGSILVA_2025-08-14_G31,10109857VGSILVA,2025-08-14,117785,1,30,0,441.0
10109857VGSILVA_2025-08-14_G32,10109857VGSILVA,2025-08-14,110756,1,2,0,397.0
10109857VGSILVA_2025-08-14_G33,10109857VGSILVA,2025-08-14,117809,1,8,0,116.0
10109857VGSILVA_2025-08-14_G34,10109857VGSILVA,2025-08-14,110733,1,8,0,159.0
10109857VGSILVA_2025-08-14_G35,10109857VGSILVA,2025-08-14,111743,1,5,0,63.0
10109857VGSILVA_2025-08-14_G36,10109857VGSILVA,2025-08-14,118299,1,30,0,232.0
10109857VGSILVA_2025-08-14_G38,10109857VGSILVA,2025-08-14,117834,1,4,0,837.0
10109857VGSILVA_2025-08-14_G39,10109857VGSILVA,2025-08-14,117808,1,4,0,266.0
10109857VGSILVA_2025-08-14_G40,10109857VGSILVA,2025-08-14,117820,1,4,0,105.0
10109857VGSILVA_2025-08-15_G02,10109857VGSILVA,2025-08-15,111435,1,5,0,2494.0
10109857VGSILVA_2025-08-15_G03,10109857VGSILVA,2025-08-15,118094,1,2,0,162.0
10109857VGSILVA_2025-08-15_G04,10109857VGSILVA,2025-08-15,117809,1,6,0,108.0
10109857VGSILVA_2025-08-15_G05,10109857VGSILVA,2025-08-15,117820,1,6,0,129.0
10109857VGSILVA_2025-08-15_G06,10109857VGSILVA,2025-08-15,140922,1,4,0,212.0
10109857VGSILVA_2025-08-15_G07,10109857VGSILVA,2025-08-15,111418,1,20,0,222.0
10109857VGSILVA_2025-08-15_G08,10109857VGSILVA,2025-08-15,117821,1,2,0,85.0
10109857VGSILVA_2025-08-15_G09,10109857VGSILVA,2025-08-15,107830,1,4,0,257.0
10109857VGSILVA_2025-08-15_G10,10109857VGSILVA,2025-08-15,108798,1,2,0,116.0
10109857VGSILVA_2025-08-15_G11,10109857VGSILVA,2025-08-15,141456,1,4,0,208.0
10109857VGSILVA_2025-08-15_G12,10109857VGSILVA,2025-08-15,111467,1,6,0,280.0
10109857VGSILVA_2025-08-15_G13,10109857VGSILVA,2025-08-15,111438,1,4,0,240.0
10109857VGSILVA_2025-08-15_G14,10109857VGSILVA,2025-08-15,110375,1,2,0,98.0
10109857VGSILVA_2025-08-15_G15,10109857VGSILVA,2025-08-15,110373,1,12,0,162.0
10109857VGSILVA_2025-08-15_G16,10109857VGSILVA,2025-08-15,141202,1,8,0,132.0
10109857VGSILVA_2025-08-15_G17,10109857VGSILVA,2025-08-15,111465,1,2,0,80.0
10109857VGSILVA_2025-08-15_G18,10109857VGSILVA,2025-08-15,111876,1,2,0,1914.0
10109857VGSILVA_2025-08-15_G19,10109857VGSILVA,2025-08-15,117861,1,2,0,327.0
10109857VGSILVA_2025-08-15_G20,10109857VGSILVA,2025-08-15,110733,1,1,0,57.0
10109857VGSILVA_2025-08-15_G21,10109857VGSILVA,2025-08-15,111602,1,2,0,78.0
10109857VGSILVA_2025-08-15_G22,10109857VGSILVA,2025-08-15,111467,1,4,0,96.0
10109857VGSILVA_2025-08-15_G23,10109857VGSILVA,2025-08-15,110515,1,5,0,117.0
10109857VGSILVA_2025-08-15_G24,10109857VGSILVA,2025-08-15,110313,1,2,0,70.0
10109857VGSILVA_2025-08-15_G25,10109857VGSILVA,2025-08-15,110895,1,8,0,511.0
10109857VGSILVA_2025-08-15_G26,10109857VGSILVA,2025-08-15,110313,1,9,0,282.0
10109857VGSILVA_2025-08-15_G27,10109857VGSILVA,2025-08-15,110895,1,10,0,396.0
10109857VGSILVA_2025-08-15_G28,10109857VGSILVA,2025-08-15,108759,1,1,0,52.0
10109857VGSILVA_2025-08-15_G29,10109857VGSILVA,2025-08-15,117786,1,6,0,167.0
10109857VGSILVA_2025-08-15_G30,10109857VGSILVA,2025-08-15,118140,1,12,0,513.0
10109857VGSILVA_2025-08-15_G32,10109857VGSILVA,2025-08-15,117820,1,4,0,296.0
10109857VGSILVA_2025-08-15_G33,10109857VGSILVA,2025-08-15,140922,1,13,0,356.0
10109857VGSILVA_2025-08-15_G34,10109857VGSILVA,2025-08-15,117809,1,4,0,134.0
10109857VGSILVA_2025-08-15_G35,10109857VGSILVA,2025-08-15,117821,1,8,0,149.0
10109857VGSILVA_2025-08-15_G36,10109857VGSILVA,2025-08-15,117834,1,4,0,94.0
10109857VGSILVA_2025-08-15_G37,10109857VGSILVA,2025-08-15,111438,1,4,0,150.0
10109857VGSILVA_2025-08-15_G38,10109857VGSILVA,2025-08-15,110754,1,4,0,360.0
10109857VGSILVA_2025-08-15_G39,10109857VGSILVA,2025-08-15,110325,1,8,0,779.0
10109857VGSILVA_2025-08-15_G40,10109857VGSILVA,2025-08-15,110372,1,9,0,115.0
10109857VGSILVA_2025-08-15_G41,10109857VGSILVA,2025-08-15,110325,1,4,0,333.0
10109857VGSILVA_2025-08-15_G42,10109857VGSILVA,2025-08-15,110515,1,6,0,399.0
10109857VGSILVA_2025-08-15_G43,10109857VGSILVA,2025-08-15,110816,1,2,0,2905.0
10109857VGSILVA_2025-08-15_G44,10109857VGSILVA,2025-08-15,111446,1,1,0,97.0
10109857VGSILVA_2025-08-15_G45,10109857VGSILVA,2025-08-15,110895,1,58,0,376.0
10109857VGSILVA_2025-08-15_G46,10109857VGSILVA,2025-08-15,118299,1,65,0,721.0
10109857VGSILVA_2025-08-16_G02,10109857VGSILVA,2025-08-16,110313,1,120,0,2482.0
10109857VGSILVA_2025-08-16_G03,10109857VGSILVA,2025-08-16,117808,1,761,0,2882.0
10109857VGSILVA_2025-08-16_G04,10109857VGSILVA,2025-08-16,111463,1,1,0,155.0
10109857VGSILVA_2025-08-16_G05,10109857VGSILVA,2025-08-16,110787,1,55,0,356.0
10109857VGSILVA_2025-08-16_G06,10109857VGSILVA,2025-08-16,111465,1,100,0,370.0
10109857VGSILVA_2025-08-16_G07,10109857VGSILVA,2025-08-16,111440,1,4,0,1458.0
10109857VGSILVA_2025-08-16_G08,10109857VGSILVA,2025-08-16,105705,1,4,0,128.0
10109857VGSILVA_2025-08-16_G09,10109857VGSILVA,2025-08-16,140922,1,4,0,34.0
10109857VGSILVA_2025-08-16_G10,10109857VGSILVA,2025-08-16,111463,1,4,0,36.0
10109857VGSILVA_2025-08-16_G11,10109857VGSILVA,2025-08-16,111418,1,4,0,40.0
10109857VGSILVA_2025-08-16_G12,10109857VGSILVA,2025-08-16,111532,1,2,0,54.0
10109857VGSILVA_2025-08-16_G13,10109857VGSILVA,2025-08-16,110745,1,2,0,190.0
10109857VGSILVA_2025-08-16_G14,10109857VGSILVA,2025-08-16,111602,1,4,0,208.0
10109857VGSILVA_2025-08-16_G15,10109857VGSILVA,2025-08-16,110313,1,1,0,112.0
10109857VGSILVA_2025-08-16_G16,10109857VGSILVA,2025-08-16,108711,1,4,0,131.0
10109857VGSILVA_2025-08-16_G17,10109857VGSILVA,2025-08-16,140922,1,4,0,36.0
10109857VGSILVA_2025-08-16_G18,10109857VGSILVA,2025-08-16,111463,1,4,0,39.0
10109857VGSILVA_2025-08-16_G19,10109857VGSILVA,2025-08-16,111418,1,6,0,57.0
10109857VGSILVA_2025-08-16_G20,10109857VGSILVA,2025-08-16,118140,1,4,0,88.0
10109857VGSILVA_2025-08-16_G21,10109857VGSILVA,2025-08-16,111569,1,3,0,313.0
10109857VGSILVA_2025-08-16_G22,10109857VGSILVA,2025-08-16,111660,1,4,0,76.0
10109857VGSILVA_2025-08-16_G23,10109857VGSILVA,2025-08-16,107830,1,4,0,142.0
10109857VGSILVA_2025-08-16_G24,10109857VGSILVA,2025-08-16,117820,1,4,0,63.0
10109857VGSILVA_2025-08-16_G25,10109857VGSILVA,2025-08-16,110372,1,6,0,165.0
10109857VGSILVA_2025-08-16_G26,10109857VGSILVA,2025-08-16,118299,1,4,0,87.0
10109857VGSILVA_2025-08-17_G02,10109857VGSILVA,2025-08-17,110372,1,14,0,263.0
10109857VGSILVA_2025-08-17_G03,10109857VGSILVA,2025-08-17,110582,1,4,0,266.0
10109857VGSILVA_2025-08-17_G04,10109857VGSILVA,2025-08-17,110755,1,30,0,556.0
10109857VGSILVA_2025-08-17_G05,10109857VGSILVA,2025-08-17,110741,1,4,0,391.0
10109857VGSILVA_2025-08-17_G06,10109857VGSILVA,2025-08-17,110733,1,2,0,180.0
10109857VGSILVA_2025-08-17_G07,10109857VGSILVA,2025-08-17,117786,1,2,0,129.0
10109857VGSILVA_2025-08-17_G08,10109857VGSILVA,2025-08-17,111438,1,35,0,2523.0
10109857VGSILVA_2025-08-17_G09,10109857VGSILVA,2025-08-17,118250,1,4,0,114.0
10109857VGSILVA_2025-08-17_G10,10109857VGSILVA,2025-08-17,111602,1,2,0,48.0
10109857VGSILVA_2025-08-17_G11,10109857VGSILVA,2025-08-17,110339,1,8,0,108.0
10109857VGSILVA_2025-08-17_G12,10109857VGSILVA,2025-08-17,110515,1,16,0,316.0
10109857VGSILVA_2025-08-17_G13,10109857VGSILVA,2025-08-17,111569,1,16,0,132.0
10109857VGSILVA_2025-08-17_G14,10109857VGSILVA,2025-08-17,110711,1,1,0,376.0
10109857VGSILVA_2025-08-17_G15,10109857VGSILVA,2025-08-17,111466,1,6,0,97.0
10109857VGSILVA_2025-08-17_G16,10109857VGSILVA,2025-08-17,111466,1,6,0,64.0
10109857VGSILVA_2025-08-17_G17,10109857VGSILVA,2025-08-17,111469,1,4,0,94.0
10109857VGSILVA_2025-08-17_G18,10109857VGSILVA,2025-08-17,111469,1,8,0,77.0
10109857VGSILVA_2025-08-17_G19,10109857VGSILVA,2025-08-17,111463,1,4,0,85.0
10109857VGSILVA_2025-08-17_G20,10109857VGSILVA,2025-08-17,111463,1,10,0,76.0
10109857VGSILVA_2025-08-17_G21,10109857VGSILVA,2025-08-17,110372,1,3,0,60.0
10109857VGSILVA_2025-08-17_G22,10109857VGSILVA,2025-08-17,118140,1,3,0,108.0
10109857VGSILVA_2025-08-17_G23,10109857VGSILVA,2025-08-17,111466,1,1,0,342.0
10109857VGSILVA_2025-08-17_G24,10109857VGSILVA,2025-08-17,110372,1,8,0,116.0
10109857VGSILVA_2025-08-17_G25,10109857VGSILVA,2025-08-17,111469,1,1,0,88.0
10109857VGSILVA_2025-08-17_G26,10109857VGSILVA,2025-08-17,111463,1,2,0,72.0
10109857VGSILVA_2025-08-17_G27,10109857VGSILVA,2025-08-17,118140,1,2,0,126.0
10109857VGSILVA_2025-08-17_G28,10109857VGSILVA,2025-08-17,110313,1,2,0,396.0
10109857VGSILVA_2025-08-17_G29,10109857VGSILVA,2025-08-17,110711,1,40,0,514.0
10109857VGSILVA_2025-08-17_G30,10109857VGSILVA,2025-08-17,110711,1,4,0,48.0
10109857VGSILVA_2025-08-17_G31,10109857VGSILVA,2025-08-17,111466,2,3,20,90.0
10109857VGSILVA_2025-08-17_G32,10109857VGSILVA,2025-08-17,109641,1,4,0,99.0
10109857VGSILVA_2025-08-17_G33,10109857VGSILVA,2025-08-17,111469,1,4,0,60.0
10109857VGSILVA_2025-08-17_G34,10109857VGSILVA,2025-08-17,111469,1,44,0,276.0
10109857VGSILVA_2025-08-17_G35,10109857VGSILVA,2025-08-17,111463,1,6,0,826.0
10109857VGSILVA_2025-08-18_G02,10109857VGSILVA,2025-08-18,111602,1,2,0,81.0
10109857VGSILVA_2025-08-18_G03,10109857VGSILVA,2025-08-18,109640,1,6,0,128.0
10109857VGSILVA_2025-08-18_G04,10109857VGSILVA,2025-08-18,111463,1,40,0,559.0
10109857VGSILVA_2025-08-18_G05,10109857VGSILVA,2025-08-18,118140,1,32,0,256.0
10109857VGSILVA_2025-08-18_G06,10109857VGSILVA,2025-08-18,117856,1,4,0,1399.0
10109857VGSILVA_2025-08-18_G07,10109857VGSILVA,2025-08-18,117856,1,15,0,400.0
10109857VGSILVA_2025-08-18_G08,10109857VGSILVA,2025-08-18,117856,1,8,0,418.0
10109857VGSILVA_2025-08-18_G09,10109857VGSILVA,2025-08-18,111469,1,50,0,390.0
10109857VGSILVA_2025-08-18_G10,10109857VGSILVA,2025-08-18,117838,1,10,0,82.0
10109857VGSILVA_2025-08-18_G11,10109857VGSILVA,2025-08-18,117785,1,80,0,417.0
10109857VGSILVA_2025-08-18_G12,10109857VGSILVA,2025-08-18,140922,1,20,0,169.0
10109857VGSILVA_2025-08-18_G13,10109857VGSILVA,2025-08-18,111463,1,30,0,127.0
10109857VGSILVA_2025-08-18_G14,10109857VGSILVA,2025-08-18,141066,1,1,0,71.0
10109857VGSILVA_2025-08-18_G15,10109857VGSILVA,2025-08-18,117862,1,10,0,76.0
10109857VGSILVA_2025-08-18_G16,10109857VGSILVA,2025-08-18,117855,1,10,0,221.0
10109857VGSILVA_2025-08-18_G17,10109857VGSILVA,2025-08-18,110711,1,10,0,156.0
10109857VGSILVA_2025-08-18_G18,10109857VGSILVA,2025-08-18,117786,1,20,0,377.0
10109857VGSILVA_2025-08-18_G19,10109857VGSILVA,2025-08-18,111602,1,9,0,130.0
10109857VGSILVA_2025-08-18_G20,10109857VGSILVA,2025-08-18,110339,1,10,0,96.0
10109857VGSILVA_2025-08-18_G21,10109857VGSILVA,2025-08-18,110313,1,10,0,127.0
10109857VGSILVA_2025-08-18_G22,10109857VGSILVA,2025-08-18,110313,1,6,0,218.0
10109857VGSILVA_2025-08-18_G23,10109857VGSILVA,2025-08-18,110515,1,10,0,128.0
10109857VGSILVA_2025-08-18_G24,10109857VGSILVA,2025-08-18,117837,1,20,0,332.0
10109857VGSILVA_2025-08-18_G25,10109857VGSILVA,2025-08-18,100334,1,2,0,446.0
10109857VGSILVA_2025-08-18_G26,10109857VGSILVA,2025-08-18,110339,1,4,0,238.0
10109857VGSILVA_2025-08-18_G27,10109857VGSILVA,2025-08-18,110753,1,2,0,80.0
10109857VGSILVA_2025-08-18_G28,10109857VGSILVA,2025-08-18,107830,1,2,0,70.0
10109857VGSILVA_2025-08-18_G29,10109857VGSILVA,2025-08-18,117820,1,4,0,181.0
10109857VGSILVA_2025-08-18_G30,10109857VGSILVA,2025-08-18,118299,1,2,0,58.0
10109857VGSILVA_2025-08-18_G31,10109857VGSILVA,2025-08-18,110372,1,4,0,38.0
10109857VGSILVA_2025-08-18_G32,10109857VGSILVA,2025-08-18,107236,1,1,0,266.0
10109857VGSILVA_2025-08-18_G33,10109857VGSILVA,2025-08-18,110787,1,2,0,97.0
10109857VGSILVA_2025-08-18_G34,10109857VGSILVA,2025-08-18,111418,1,4,0,52.0
10109857VGSILVA_2025-08-18_G35,10109857VGSILVA,2025-08-18,111569,1,4,0,61.0
10109857VGSILVA_2025-08-18_G36,10109857VGSILVA,2025-08-18,117808,1,4,0,57.0
10109857VGSILVA_2025-08-18_G37,10109857VGSILVA,2025-08-18,118222,1,2,0,110.0
10109857VGSILVA_2025-08-18_G38,10109857VGSILVA,2025-08-18,117862,1,2,0,260.0
10109857VGSILVA_2025-08-18_G39,10109857VGSILVA,2025-08-18,117855,1,4,0,55.0
10109857VGSILVA_2025-08-18_G40,10109857VGSILVA,2025-08-18,111469,1,3,0,58.0
10109857VGSILVA_2025-08-18_G41,10109857VGSILVA,2025-08-18,108795,1,3,0,40.0
10109857VGSILVA_2025-08-18_G42,10109857VGSILVA,2025-08-18,108711,1,4,0,52.0
10109857VGSILVA_2025-08-18_G43,10109857VGSILVA,2025-08-18,111463,1,5,0,53.0
10109857VGSILVA_2025-08-18_G44,10109857VGSILVA,2025-08-18,117786,1,2,0,156.0
10109857VGSILVA_2025-08-18_G45,10109857VGSILVA,2025-08-18,110372,1,20,0,171.0
10109857VGSILVA_2025-08-18_G46,10109857VGSILVA,2025-08-18,117809,1,3,0,64.0
10109857VGSILVA_2025-08-18_G47,10109857VGSILVA,2025-08-18,118299,1,4,0,79.0
10109857VGSILVA_2025-08-18_G48,10109857VGSILVA,2025-08-18,117787,1,1,0,48.0
10109857VGSILVA_2025-08-18_G49,10109857VGSILVA,2025-08-18,141456,1,2,0,73.0
10109857VGSILVA_2025-08-18_G50,10109857VGSILVA,2025-08-18,118140,1,4,0,46.0
10109857VGSILVA_2025-08-18_G51,10109857VGSILVA,2025-08-18,110371,1,1,0,86.0
10109857VGSILVA_2025-08-18_G52,10109857VGSILVA,2025-08-18,110375,1,3,0,120.0
10109857VGSILVA_2025-08-18_G53,10109857VGSILVA,2025-08-18,117831,1,4,0,94.0
10109857VGSILVA_2025-08-18_G54,10109857VGSILVA,2025-08-18,107236,1,4,0,57.0
10109857VGSILVA_2025-08-18_G55,10109857VGSILVA,2025-08-18,111602,1,1,0,81.0
10109857VGSILVA_2025-08-18_G56,10109857VGSILVA,2025-08-18,109640,1,3,0,76.0
10109857VGSILVA_2025-08-18_G57,10109857VGSILVA,2025-08-18,110515,1,2,0,60.0
10109857VGSILVA_2025-08-18_G58,10109857VGSILVA,2025-08-18,111418,1,2,0,54.0
10109857VGSILVA_2025-08-18_G59,10109857VGSILVA,2025-08-18,111465,1,2,0,55.0
10109857VGSILVA_2025-08-18_G60,10109857VGSILVA,2025-08-18,141202,1,4,0,239.0
10109857VGSILVA_2025-08-18_G61,10109857VGSILVA,2025-08-18,117822,1,2,0,44.0
10109857VGSILVA_2025-08-18_G62,10109857VGSILVA,2025-08-18,107629,1,2,0,266.0
10109857VGSILVA_2025-08-18_G63,10109857VGSILVA,2025-08-18,111444,1,2,0,273.0
10109857VGSILVA_2025-08-18_G64,10109857VGSILVA,2025-08-18,117785,1,8,0,144.0
10109857VGSILVA_2025-08-18_G65,10109857VGSILVA,2025-08-18,117820,1,2,0,49.0
10109857VGSILVA_2025-08-18_G66,10109857VGSILVA,2025-08-18,110372,1,7,0,69.0
10109857VGSILVA_2025-08-18_G67,10109857VGSILVA,2025-08-18,118299,1,7,0,73.0
10109857VGSILVA_2025-08-18_G68,10109857VGSILVA,2025-08-18,141456,1,2,0,73.0
10109857VGSILVA_2025-08-18_G69,10109857VGSILVA,2025-08-18,111468,1,2,0,71.0
10109857VGSILVA_2025-08-18_G70,10109857VGSILVA,2025-08-18,108794,1,2,0,68.0
10109857VGSILVA_2025-08-18_G71,10109857VGSILVA,2025-08-18,111172,1,4,0,84.0
10109857VGSILVA_2025-08-18_G72,10109857VGSILVA,2025-08-18,111418,1,6,0,77.0
10109857VGSILVA_2025-08-18_G73,10109857VGSILVA,2025-08-18,111465,1,4,0,69.0
10109857VGSILVA_2025-08-18_G74,10109857VGSILVA,2025-08-18,117830,1,2,0,74.0
10109857VGSILVA_2025-08-18_G76,10109857VGSILVA,2025-08-18,109647,1,4,0,219.0
10109857VGSILVA_2025-08-18_G77,10109857VGSILVA,2025-08-18,141066,1,8,0,741.0
10109857VGSILVA_2025-08-18_G78,10109857VGSILVA,2025-08-18,117856,1,20,0,155.0
10109857VGSILVA_2025-08-18_G79,10109857VGSILVA,2025-08-18,117856,1,6,0,47.0
10109857VGSILVA_2025-08-18_G80,10109857VGSILVA,2025-08-18,117861,1,4,0,208.0
10109857VGSILVA_2025-08-18_G81,10109857VGSILVA,2025-08-18,110733,1,10,0,62.0
10109857VGSILVA_2025-08-18_G82,10109857VGSILVA,2025-08-18,117786,1,4,0,42.0
10109857VGSILVA_2025-08-18_G83,10109857VGSILVA,2025-08-18,111467,1,10,0,173.0
10109857VGSILVA_2025-08-18_G84,10109857VGSILVA,2025-08-18,118140,1,20,0,147.0
10109857VGSILVA_2025-08-18_G85,10109857VGSILVA,2025-08-18,118140,1,10,0,87.0
10109857VGSILVA_2025-08-18_G86,10109857VGSILVA,2025-08-18,109641,2,12,24,114.0
10109857VGSILVA_2025-08-18_G87,10109857VGSILVA,2025-08-18,111465,1,20,0,152.0
10109857VGSILVA_2025-08-18_G88,10109857VGSILVA,2025-08-18,110063,1,1,0,131.0
10109857VGSILVA_2025-08-18_G89,10109857VGSILVA,2025-08-18,111463,1,68,0,188.0
10109857VGSILVA_2025-08-18_G90,10109857VGSILVA,2025-08-18,111463,1,300,0,418.0
10109857VGSILVA_2025-08-18_G91,10109857VGSILVA,2025-08-18,110081,1,1,0,1496.0
10109857VGSILVA_2025-08-18_G92,10109857VGSILVA,2025-08-18,111348,1,4,0,302.0
10109857VGSILVA_2025-08-18_G93,10109857VGSILVA,2025-08-18,107254,1,1,0,98.0
10109857VGSILVA_2025-08-18_G94,10109857VGSILVA,2025-08-18,110750,1,2,0,43.0
10109857VGSILVA_2025-08-18_G95,10109857VGSILVA,2025-08-18,140922,1,7,0,62.0
10109857VGSILVA_2025-08-18_G96,10109857VGSILVA,2025-08-18,111418,1,6,0,37.0
10109857VGSILVA_2025-08-18_G97,10109857VGSILVA,2025-08-18,109645,1,2,0,85.0
10109857VGSILVA_2025-08-18_G98,10109857VGSILVA,2025-08-18,110339,1,2,0,37.0
10109857VGSILVA_2025-08-18_G99,10109857VGSILVA,2025-08-18,110745,1,2,0,73.0
10109857VGSILVA_2025-08-18_G100,10109857VGSILVA,2025-08-18,110313,1,12,0,96.0
10109857VGSILVA_2025-08-18_G101,10109857VGSILVA,2025-08-18,110515,1,6,0,79.0
10109857VGSILVA_2025-08-18_G102,10109857VGSILVA,2025-08-18,107892,1,4,0,90.0
10109857VGSILVA_2025-08-18_G103,10109857VGSILVA,2025-08-18,141457,1,8,0,91.0
10109857VGSILVA_2025-08-18_G104,10109857VGSILVA,2025-08-18,110895,1,1,0,306.0
10109857VGSILVA_2025-08-18_G105,10109857VGSILVA,2025-08-18,110756,1,2,0,52.0
10109857VGSILVA_2025-08-18_G106,10109857VGSILVA,2025-08-18,141066,1,2,0,81.0
10109857VGSILVA_2025-08-18_G107,10109857VGSILVA,2025-08-18,117855,1,2,0,44.0
10109857VGSILVA_2025-08-18_G108,10109857VGSILVA,2025-08-18,117856,1,2,0,55.0
10109857VGSILVA_2025-08-18_G109,10109857VGSILVA,2025-08-18,110733,1,1,0,78.0
10109857VGSILVA_2025-08-18_G110,10109857VGSILVA,2025-08-18,140922,1,2,0,61.0
10109857VGSILVA_2025-08-18_G111,10109857VGSILVA,2025-08-18,111468,1,4,0,94.0
10109857VGSILVA_2025-08-18_G112,10109857VGSILVA,2025-08-18,109641,1,1,0,75.0
10109857VGSILVA_2025-08-18_G113,10109857VGSILVA,2025-08-18,141202,1,2,0,79.0
10109857VGSILVA_2025-08-18_G114,10109857VGSILVA,2025-08-18,141066,1,2,0,261.0
10109857VGSILVA_2025-08-18_G115,10109857VGSILVA,2025-08-18,117856,1,4,0,63.0
10109857VGSILVA_2025-08-18_G116,10109857VGSILVA,2025-08-18,110751,1,2,0,49.0
10109857VGSILVA_2025-08-18_G117,10109857VGSILVA,2025-08-18,110325,1,4,0,59.0
10109857VGSILVA_2025-08-18_G118,10109857VGSILVA,2025-08-18,117833,1,4,0,94.0
10109857VGSILVA_2025-08-18_G119,10109857VGSILVA,2025-08-18,140922,1,2,0,62.0
10109857VGSILVA_2025-08-18_G120,10109857VGSILVA,2025-08-18,118140,1,3,0,71.0
10109857VGSILVA_2025-08-18_G121,10109857VGSILVA,2025-08-18,111602,1,6,0,68.0
10109857VGSILVA_2025-08-18_G122,10109857VGSILVA,2025-08-18,110339,1,2,0,49.0
10109857VGSILVA_2025-08-18_G123,10109857VGSILVA,2025-08-18,110375,1,1,0,48.0
10109857VGSILVA_2025-08-18_G124,10109857VGSILVA,2025-08-18,141202,1,2,0,74.0
10109857VGSILVA_2025-08-18_G125,10109857VGSILVA,2025-08-18,110895,1,1,0,282.0
10109857VGSILVA_2025-08-18_G126,10109857VGSILVA,2025-08-18,117855,1,2,0,48.0
10109857VGSILVA_2025-08-18_G127,10109857VGSILVA,2025-08-18,117856,1,2,0,70.0
10109857VGSILVA_2025-08-18_G128,10109857VGSILVA,2025-08-18,117833,1,3,0,307.0
10109857VGSILVA_2025-08-18_G129,10109857VGSILVA,2025-08-18,140922,1,4,0,71.0
10109857VGSILVA_2025-08-18_G130,10109857VGSILVA,2025-08-18,141823,1,2,0,44.0
10109857VGSILVA_2025-08-18_G131,10109857VGSILVA,2025-08-18,141202,1,4,0,106.0
10109857VGSILVA_2025-08-18_G132,10109857VGSILVA,2025-08-18,111602,1,2,0,65.0
10109857VGSILVA_2025-08-18_G133,10109857VGSILVA,2025-08-18,117855,1,2,0,153.0
10109857VGSILVA_2025-08-18_G134,10109857VGSILVA,2025-08-18,117833,1,1,0,65.0
10109857VGSILVA_2025-08-18_G135,10109857VGSILVA,2025-08-18,111602,1,1,0,74.0
10109857VGSILVA_2025-08-19_G02,10109857VGSILVA,2025-08-19,109640,1,4,0,189.0
10109857VGSILVA_2025-08-19_G03,10109857VGSILVA,2025-08-19,141823,1,4,0,134.0
10109857VGSILVA_2025-08-19_G04,10109857VGSILVA,2025-08-19,109471,1,1,0,113.0
10109857VGSILVA_2025-08-19_G05,10109857VGSILVA,2025-08-19,107830,1,4,0,101.0
10109857VGSILVA_2025-08-19_G06,10109857VGSILVA,2025-08-19,117820,1,2,0,53.0
10109857VGSILVA_2025-08-19_G07,10109857VGSILVA,2025-08-19,110372,1,5,0,52.0
10109857VGSILVA_2025-08-19_G08,10109857VGSILVA,2025-08-19,117855,1,7,0,84.0
10109857VGSILVA_2025-08-19_G09,10109857VGSILVA,2025-08-19,107629,1,5,0,77.0
10109857VGSILVA_2025-08-19_G10,10109857VGSILVA,2025-08-19,108795,1,4,0,324.0
10109857VGSILVA_2025-08-19_G11,10109857VGSILVA,2025-08-19,110581,1,2,0,96.0
10109857VGSILVA_2025-08-19_G12,10109857VGSILVA,2025-08-19,110750,1,4,0,78.0
10109857VGSILVA_2025-08-19_G13,10109857VGSILVA,2025-08-19,117833,1,4,0,55.0
10109857VGSILVA_2025-08-19_G14,10109857VGSILVA,2025-08-19,111743,1,4,0,39.0
10109857VGSILVA_2025-08-19_G15,10109857VGSILVA,2025-08-19,117821,1,4,0,41.0
10109857VGSILVA_2025-08-19_G16,10109857VGSILVA,2025-08-19,111418,1,12,0,73.0
10109857VGSILVA_2025-08-19_G17,10109857VGSILVA,2025-08-19,110339,1,6,0,148.0
10109857VGSILVA_2025-08-19_G18,10109857VGSILVA,2025-08-19,111467,1,2,0,36.0
10109857VGSILVA_2025-08-19_G19,10109857VGSILVA,2025-08-19,105242,1,4,0,58.0
10109857VGSILVA_2025-08-19_G20,10109857VGSILVA,2025-08-19,117855,1,2,0,99.0
10109857VGSILVA_2025-08-19_G21,10109857VGSILVA,2025-08-19,110515,1,3,0,116.0
10109857VGSILVA_2025-08-19_G22,10109857VGSILVA,2025-08-19,111465,1,4,0,101.0
10109857VGSILVA_2025-08-19_G23,10109857VGSILVA,2025-08-19,111602,1,4,0,470.0
10109857VGSILVA_2025-08-19_G24,10109857VGSILVA,2025-08-19,111602,1,12,0,434.0
10109857VGSILVA_2025-08-19_G25,10109857VGSILVA,2025-08-19,140911,1,1,0,354.0
10109857VGSILVA_2025-08-19_G26,10109857VGSILVA,2025-08-19,110895,1,4,0,133.0
10109857VGSILVA_2025-08-19_G27,10109857VGSILVA,2025-08-19,111469,1,50,0,931.0
10109857VGSILVA_2025-08-19_G28,10109857VGSILVA,2025-08-19,111469,1,70,0,695.0
10109857VGSILVA_2025-08-19_G29,10109857VGSILVA,2025-08-19,111530,1,1,0,101.0
10109857VGSILVA_2025-08-19_G30,10109857VGSILVA,2025-08-19,110711,1,20,0,318.0
10109857VGSILVA_2025-08-19_G31,10109857VGSILVA,2025-08-19,117856,1,26,0,137.0
10109857VGSILVA_2025-08-19_G32,10109857VGSILVA,2025-08-19,117786,1,45,0,291.0
10109857VGSILVA_2025-08-19_G33,10109857VGSILVA,2025-08-19,117833,1,30,0,135.0
10109857VGSILVA_2025-08-19_G34,10109857VGSILVA,2025-08-19,141456,1,26,0,303.0
10109857VGSILVA_2025-08-19_G36,10109857VGSILVA,2025-08-19,117820,1,12,0,127.0
10109857VGSILVA_2025-08-19_G37,10109857VGSILVA,2025-08-19,118299,1,8,0,52.0
10109857VGSILVA_2025-08-19_G38,10109857VGSILVA,2025-08-19,110325,1,4,0,31.0
10109857VGSILVA_2025-08-19_G39,10109857VGSILVA,2025-08-19,110372,1,15,0,125.0
10109857VGSILVA_2025-08-19_G40,10109857VGSILVA,2025-08-19,141456,1,4,0,75.0
10109857VGSILVA_2025-08-19_G41,10109857VGSILVA,2025-08-19,118140,1,10,0,102.0
10109857VGSILVA_2025-08-19_G42,10109857VGSILVA,2025-08-19,141458,1,4,0,95.0
10109857VGSILVA_2025-08-19_G43,10109857VGSILVA,2025-08-19,141457,1,4,0,52.0
10109857VGSILVA_2025-08-19_G45,10109857VGSILVA,2025-08-19,118253,1,40,0,466.0
10109857VGSILVA_2025-08-19_G46,10109857VGSILVA,2025-08-19,110749,1,27,0,301.0
10109857VGSILVA_2025-08-19_G47,10109857VGSILVA,2025-08-19,111655,1,104,0,1166.0
10109857VGSILVA_2025-08-20_G02,10109857VGSILVA,2025-08-20,105167,1,8,0,255.0
10109857VGSILVA_2025-08-20_G03,10109857VGSILVA,2025-08-20,110755,1,54,0,695.0
10109857VGSILVA_2025-08-20_G05,10109857VGSILVA,2025-08-20,111602,1,19,0,1239.0
10109857VGSILVA_2025-08-20_G07,10109857VGSILVA,2025-08-20,118191,1,12,0,495.0
10109857VGSILVA_2025-08-20_G08,10109857VGSILVA,2025-08-20,111634,1,4,0,102.0
10109857VGSILVA_2025-08-20_G09,10109857VGSILVA,2025-08-20,111751,1,4,0,86.0
10109857VGSILVA_2025-08-20_G10,10109857VGSILVA,2025-08-20,141262,1,8,0,107.0
10109857VGSILVA_2025-08-20_G11,10109857VGSILVA,2025-08-20,111722,1,8,0,80.0
10109857VGSILVA_2025-08-20_G12,10109857VGSILVA,2025-08-20,110895,1,4,0,311.0
10109857VGSILVA_2025-08-20_G13,10109857VGSILVA,2025-08-20,141823,1,7,0,141.0
10109857VGSILVA_2025-08-20_G14,10109857VGSILVA,2025-08-20,118191,1,24,0,193.0
10109857VGSILVA_2025-08-20_G15,10109857VGSILVA,2025-08-20,141261,1,8,0,101.0
10109857VGSILVA_2025-08-20_G16,10109857VGSILVA,2025-08-20,111634,1,8,0,91.0
10109857VGSILVA_2025-08-20_G17,10109857VGSILVA,2025-08-20,111751,1,8,0,108.0
10109857VGSILVA_2025-08-20_G18,10109857VGSILVA,2025-08-20,141262,1,16,0,607.0
10109857VGSILVA_2025-08-20_G19,10109857VGSILVA,2025-08-20,111722,1,12,0,174.0
10109857VGSILVA_2025-08-20_G20,10109857VGSILVA,2025-08-20,111739,1,4,0,810.0
10109857VGSILVA_2025-08-20_G21,10109857VGSILVA,2025-08-20,118191,1,24,0,235.0
10109857VGSILVA_2025-08-20_G22,10109857VGSILVA,2025-08-20,141261,1,2,0,95.0
10109857VGSILVA_2025-08-20_G23,10109857VGSILVA,2025-08-20,141262,1,6,0,92.0
10109857VGSILVA_2025-08-20_G24,10109857VGSILVA,2025-08-20,141066,1,8,0,363.0
10109857VGSILVA_2025-08-20_G25,10109857VGSILVA,2025-08-20,110711,1,5,0,81.0
10109857VGSILVA_2025-08-20_G26,10109857VGSILVA,2025-08-20,110711,1,73,0,222.0
10109857VGSILVA_2025-08-20_G27,10109857VGSILVA,2025-08-20,110313,1,22,0,391.0
10109857VGSILVA_2025-08-20_G28,10109857VGSILVA,2025-08-20,110787,1,14,0,133.0
10109857VGSILVA_2025-08-20_G29,10109857VGSILVA,2025-08-20,110787,1,2,0,105.0
10109857VGSILVA_2025-08-20_G30,10109857VGSILVA,2025-08-20,111469,1,4,0,925.0
10109857VGSILVA_2025-08-20_G31,10109857VGSILVA,2025-08-20,110313,1,2,0,476.0
10109857VGSILVA_2025-08-20_G32,10109857VGSILVA,2025-08-20,111469,1,5,0,155.0
10109857VGSILVA_2025-08-20_G33,10109857VGSILVA,2025-08-20,110787,1,7,0,236.0
10109857VGSILVA_2025-08-21_G02,10109857VGSILVA,2025-08-21,111759,1,2,0,1373.0
10109857VGSILVA_2025-08-21_G03,10109857VGSILVA,2025-08-21,111761,1,2,0,1504.0
10109857VGSILVA_2025-08-21_G04,10109857VGSILVA,2025-08-21,111759,1,6,0,825.0
10109857VGSILVA_2025-08-21_G05,10109857VGSILVA,2025-08-21,111761,1,6,0,279.0
10109857VGSILVA_2025-08-21_G06,10109857VGSILVA,2025-08-21,111759,1,4,0,293.0
10109857VGSILVA_2025-08-21_G07,10109857VGSILVA,2025-08-21,111761,1,4,0,849.0
10109857VGSILVA_2025-08-21_G08,10109857VGSILVA,2025-08-21,110313,1,1,0,1011.0
10109857VGSILVA_2025-08-21_G09,10109857VGSILVA,2025-08-21,111469,1,24,0,397.0
10109857VGSILVA_2025-08-21_G10,10109857VGSILVA,2025-08-21,111463,1,80,0,2111.0
10109857VGSILVA_2025-08-21_G11,10109857VGSILVA,2025-08-21,117833,1,40,0,181.0
10109857VGSILVA_2025-08-21_G12,10109857VGSILVA,2025-08-21,117787,1,20,0,259.0
10109857VGSILVA_2025-08-21_G13,10109857VGSILVA,2025-08-21,110332,1,30,0,401.0
10109857VGSILVA_2025-08-21_G14,10109857VGSILVA,2025-08-21,"117837, 110753",2,11,19,446.0
10109857VGSILVA_2025-08-21_G15,10109857VGSILVA,2025-08-21,111530,1,10,0,58.0
10109857VGSILVA_2025-08-21_G16,10109857VGSILVA,2025-08-21,117965,1,10,0,1225.0
10109857VGSILVA_2025-08-21_G17,10109857VGSILVA,2025-08-21,110711,1,5,0,72.0
10109857VGSILVA_2025-08-21_G18,10109857VGSILVA,2025-08-21,117856,1,12,0,70.0
10109857VGSILVA_2025-08-21_G20,10109857VGSILVA,2025-08-21,109647,1,2,0,92.0
10109857VGSILVA_2025-08-21_G21,10109857VGSILVA,2025-08-21,109640,1,12,0,200.0
10109857VGSILVA_2025-08-21_G22,10109857VGSILVA,2025-08-21,117832,1,10,0,90.0
10109857VGSILVA_2025-08-21_G23,10109857VGSILVA,2025-08-21,141202,1,4,0,94.0
10109857VGSILVA_2025-08-21_G24,10109857VGSILVA,2025-08-21,111462,1,20,0,549.0
10109857VGSILVA_2025-08-21_G25,10109857VGSILVA,2025-08-21,111469,1,38,0,777.0
10109857VGSILVA_2025-08-21_G26,10109857VGSILVA,2025-08-21,111466,1,2,0,58.0
10109857VGSILVA_2025-08-21_G27,10109857VGSILVA,2025-08-21,111466,1,30,0,225.0
10109857VGSILVA_2025-08-21_G28,10109857VGSILVA,2025-08-21,"110787, 111462",2,12,26,121.0
10109857VGSILVA_2025-08-21_G29,10109857VGSILVA,2025-08-21,110742,1,4,0,3194.0
10109857VGSILVA_2025-08-21_G30,10109857VGSILVA,2025-08-21,110755,1,4,0,341.0
10109857VGSILVA_2025-08-21_G31,10109857VGSILVA,2025-08-21,109643,1,8,0,204.0
10109857VGSILVA_2025-08-21_G32,10109857VGSILVA,2025-08-21,117821,1,2,0,439.0
10109857VGSILVA_2025-08-21_G33,10109857VGSILVA,2025-08-21,110373,1,12,0,135.0
10109857VGSILVA_2025-08-21_G34,10109857VGSILVA,2025-08-21,111569,1,1,0,188.0
10109857VGSILVA_2025-08-21_G35,10109857VGSILVA,2025-08-21,110339,1,3,0,51.0
10109857VGSILVA_2025-08-21_G36,10109857VGSILVA,2025-08-21,105705,1,2,0,55.0
10109857VGSILVA_2025-08-21_G37,10109857VGSILVA,2025-08-21,111418,1,5,0,51.0
10109857VGSILVA_2025-08-21_G38,10109857VGSILVA,2025-08-21,117831,1,2,0,361.0
10109857VGSILVA_2025-08-21_G39,10109857VGSILVA,2025-08-21,109641,1,2,0,1370.0
10109857VGSILVA_2025-08-21_G40,10109857VGSILVA,2025-08-21,110371,1,8,0,127.0
10109857VGSILVA_2025-08-21_G41,10109857VGSILVA,2025-08-21,110747,1,2,0,96.0
10109857VGSILVA_2025-08-21_G42,10109857VGSILVA,2025-08-21,107892,1,2,0,162.0
10109857VGSILVA_2025-08-21_G43,10109857VGSILVA,2025-08-21,117785,1,4,0,296.0
10109857VGSILVA_2025-08-22_G02,10109857VGSILVA,2025-08-22,141823,1,3,0,104.0
10109857VGSILVA_2025-08-22_G03,10109857VGSILVA,2025-08-22,117856,1,2,0,1118.0
10109857VGSILVA_2025-08-22_G04,10109857VGSILVA,2025-08-22,111469,1,8,0,414.0
10109857VGSILVA_2025-08-22_G05,10109857VGSILVA,2025-08-22,111466,1,4,0,244.0
10109857VGSILVA_2025-08-22_G06,10109857VGSILVA,2025-08-22,110895,1,10,0,202.0
10109857VGSILVA_2025-08-22_G07,10109857VGSILVA,2025-08-22,117856,1,8,0,73.0
10109857VGSILVA_2025-08-22_G08,10109857VGSILVA,2025-08-22,111467,1,4,0,103.0
10109857VGSILVA_2025-08-22_G09,10109857VGSILVA,2025-08-22,111469,1,40,0,1154.0
10109857VGSILVA_2025-08-22_G10,10109857VGSILVA,2025-08-22,117785,1,60,0,826.0
10109857VGSILVA_2025-08-22_G11,10109857VGSILVA,2025-08-22,111463,1,60,0,404.0
10109857VGSILVA_2025-08-22_G12,10109857VGSILVA,2025-08-22,111466,1,50,0,991.0
10109857VGSILVA_2025-08-22_G13,10109857VGSILVA,2025-08-22,111418,1,50,0,718.0
10109857VGSILVA_2025-08-22_G14,10109857VGSILVA,2025-08-22,117831,1,40,0,429.0
10109857VGSILVA_2025-08-22_G15,10109857VGSILVA,2025-08-22,108794,1,30,0,552.0
10109857VGSILVA_2025-08-22_G16,10109857VGSILVA,2025-08-22,111444,1,3,0,436.0
10109857VGSILVA_2025-08-22_G17,10109857VGSILVA,2025-08-22,111348,1,3,0,195.0
10109857VGSILVA_2025-08-22_G18,10109857VGSILVA,2025-08-22,109643,1,4,0,72.0
10109857VGSILVA_2025-08-22_G19,10109857VGSILVA,2025-08-22,117808,1,50,0,149.0
10109857VGSILVA_2025-08-22_G20,10109857VGSILVA,2025-08-22,117820,1,20,0,196.0
10109857VGSILVA_2025-08-22_G22,10109857VGSILVA,2025-08-22,117808,1,8,0,215.0
10109857VGSILVA_2025-08-22_G23,10109857VGSILVA,2025-08-22,117809,1,4,0,237.0
10109857VGSILVA_2025-08-22_G24,10109857VGSILVA,2025-08-22,118299,1,8,0,83.0
10109857VGSILVA_2025-08-22_G25,10109857VGSILVA,2025-08-22,117830,1,8,0,57.0
10109857VGSILVA_2025-08-22_G26,10109857VGSILVA,2025-08-22,111330,1,4,0,117.0
10109857VGSILVA_2025-08-22_G27,10109857VGSILVA,2025-08-22,111462,1,4,0,91.0
10109857VGSILVA_2025-08-22_G28,10109857VGSILVA,2025-08-22,111602,1,1,0,72.0
10109857VGSILVA_2025-08-22_G29,10109857VGSILVA,2025-08-22,117808,1,46,0,1300.0
10109857VGSILVA_2025-08-22_G30,10109857VGSILVA,2025-08-22,108794,1,8,0,578.0
10109857VGSILVA_2025-08-22_G31,10109857VGSILVA,2025-08-22,109640,1,24,0,338.0
10109857VGSILVA_2025-08-22_G32,10109857VGSILVA,2025-08-22,117785,1,16,0,980.0
10109857VGSILVA_2025-08-22_G33,10109857VGSILVA,2025-08-22,116241,1,8,0,81.0
10109857VGSILVA_2025-08-22_G34,10109857VGSILVA,2025-08-22,140922,1,4,0,96.0
10109857VGSILVA_2025-08-22_G35,10109857VGSILVA,2025-08-22,111431,1,10,0,107.0
10109857VGSILVA_2025-08-22_G36,10109857VGSILVA,2025-08-22,111418,1,9,0,128.0
10109857VGSILVA_2025-08-22_G37,10109857VGSILVA,2025-08-22,111466,1,8,0,106.0
10109857VGSILVA_2025-08-22_G38,10109857VGSILVA,2025-08-22,110787,1,1,0,48.0
10109857VGSILVA_2025-08-22_G39,10109857VGSILVA,2025-08-22,"110745, 111462",2,5,29,59.0
10109857VGSILVA_2025-08-22_G40,10109857VGSILVA,2025-08-22,108794,1,7,0,55.0
10109857VGSILVA_2025-08-22_G41,10109857VGSILVA,2025-08-22,110895,1,4,0,690.0
10109857VGSILVA_2025-08-22_G42,10109857VGSILVA,2025-08-22,111530,1,4,0,70.0
10109857VGSILVA_2025-08-22_G43,10109857VGSILVA,2025-08-22,117862,1,4,0,61.0
10109857VGSILVA_2025-08-22_G44,10109857VGSILVA,2025-08-22,117855,1,4,0,38.0
10109857VGSILVA_2025-08-22_G45,10109857VGSILVA,2025-08-22,111876,1,4,0,196.0
10109857VGSILVA_2025-08-22_G46,10109857VGSILVA,2025-08-22,117856,1,4,0,47.0
10109857VGSILVA_2025-08-22_G47,10109857VGSILVA,2025-08-22,117838,1,4,0,94.0
10109857VGSILVA_2025-08-22_G48,10109857VGSILVA,2025-08-22,117785,1,8,0,69.0
10109857VGSILVA_2025-08-22_G49,10109857VGSILVA,2025-08-22,111463,1,8,0,69.0
10109857VGSILVA_2025-08-22_G50,10109857VGSILVA,2025-08-22,107830,1,4,0,104.0
10109857VGSILVA_2025-08-22_G51,10109857VGSILVA,2025-08-22,109643,1,4,0,59.0
10109857VGSILVA_2025-08-22_G52,10109857VGSILVA,2025-08-22,117808,1,12,0,351.0
10109857VGSILVA_2025-08-22_G53,10109857VGSILVA,2025-08-22,117820,1,8,0,740.0
10109857VGSILVA_2025-08-22_G54,10109857VGSILVA,2025-08-22,117861,1,4,0,104.0
10109857VGSILVA_2025-08-22_G55,10109857VGSILVA,2025-08-22,117853,1,4,0,62.0
10109857VGSILVA_2025-08-22_G56,10109857VGSILVA,2025-08-22,117786,1,4,0,79.0
10109857VGSILVA_2025-08-23_G02,10109857VGSILVA,2025-08-23,117809,1,4,0,65.0
10109857VGSILVA_2025-08-23_G03,10109857VGSILVA,2025-08-23,110373,1,4,0,100.0
10109857VGSILVA_2025-08-23_G04,10109857VGSILVA,2025-08-23,111569,1,4,0,120.0
10109857VGSILVA_2025-08-23_G05,10109857VGSILVA,2025-08-23,111602,1,4,0,50.0
10109857VGSILVA_2025-08-23_G06,10109857VGSILVA,2025-08-23,109640,1,4,0,70.0
10109857VGSILVA_2025-08-23_G07,10109857VGSILVA,2025-08-23,111467,1,4,0,59.0
10109857VGSILVA_2025-08-23_G08,10109857VGSILVA,2025-08-23,110372,1,8,0,162.0
10109857VGSILVA_2025-08-23_G09,10109857VGSILVA,2025-08-23,117832,1,4,0,41.0
10109857VGSILVA_2025-08-23_G10,10109857VGSILVA,2025-08-23,118299,1,12,0,556.0
10109857VGSILVA_2025-08-23_G11,10109857VGSILVA,2025-08-23,117830,1,4,0,43.0
10109857VGSILVA_2025-08-23_G12,10109857VGSILVA,2025-08-23,111660,1,4,0,145.0
10109857VGSILVA_2025-08-23_G13,10109857VGSILVA,2025-08-23,110515,1,4,0,105.0
10109857VGSILVA_2025-08-23_G14,10109857VGSILVA,2025-08-23,117837,1,4,0,86.0
10109857VGSILVA_2025-08-23_G15,10109857VGSILVA,2025-08-23,111430,1,3,0,2167.0
10109857VGSILVA_2025-08-23_G16,10109857VGSILVA,2025-08-23,111430,1,13,0,78.0
10109857VGSILVA_2025-08-23_G17,10109857VGSILVA,2025-08-23,111530,1,36,0,412.0
10109857VGSILVA_2025-08-23_G18,10109857VGSILVA,2025-08-23,117855,1,4,0,437.0
10109857VGSILVA_2025-08-23_G19,10109857VGSILVA,2025-08-23,110711,1,4,0,47.0
10109857VGSILVA_2025-08-23_G20,10109857VGSILVA,2025-08-23,117856,1,10,0,89.0
10109857VGSILVA_2025-08-23_G21,10109857VGSILVA,2025-08-23,111463,1,25,0,185.0
10109857VGSILVA_2025-08-23_G22,10109857VGSILVA,2025-08-23,109643,1,6,0,76.0
10109857VGSILVA_2025-08-23_G23,10109857VGSILVA,2025-08-23,110374,1,22,0,499.0
10109857VGSILVA_2025-08-23_G24,10109857VGSILVA,2025-08-23,111532,1,8,0,142.0
10109857VGSILVA_2025-08-23_G25,10109857VGSILVA,2025-08-23,141456,1,4,0,119.0
10109857VGSILVA_2025-08-23_G26,10109857VGSILVA,2025-08-23,118140,1,30,0,223.0
10109857VGSILVA_2025-08-23_G27,10109857VGSILVA,2025-08-23,111466,1,40,0,656.0
10109857VGSILVA_2025-08-23_G28,10109857VGSILVA,2025-08-23,110787,1,42,0,300.0
10109857VGSILVA_2025-08-23_G29,10109857VGSILVA,2025-08-23,111462,1,17,0,388.0
10109857VGSILVA_2025-08-23_G30,10109857VGSILVA,2025-08-23,110515,1,6,0,124.0
10109857VGSILVA_2025-08-23_G31,10109857VGSILVA,2025-08-23,111469,1,56,0,380.0
10109857VGSILVA_2025-08-23_G32,10109857VGSILVA,2025-08-23,110373,1,80,0,542.0
10109857VGSILVA_2025-08-23_G33,10109857VGSILVA,2025-08-23,110743,1,50,0,750.0
10109857VGSILVA_2025-08-23_G34,10109857VGSILVA,2025-08-23,108711,1,520,0,1153.0
10109857VGSILVA_2025-08-23_G35,10109857VGSILVA,2025-08-23,105705,1,80,0,1005.0
10109857VGSILVA_2025-08-24_G02,10109857VGSILVA,2025-08-24,111530,1,62,0,1225.0
10109857VGSILVA_2025-08-24_G03,10109857VGSILVA,2025-08-24,110129,1,14,0,268.0
10109857VGSILVA_2025-08-24_G04,10109857VGSILVA,2025-08-24,110374,1,10,0,1230.0
10109857VGSILVA_2025-08-24_G05,10109857VGSILVA,2025-08-24,117808,1,150,0,993.0
10109857VGSILVA_2025-08-24_G06,10109857VGSILVA,2025-08-24,110325,1,20,0,286.0
10109857VGSILVA_2025-08-24_G07,10109857VGSILVA,2025-08-24,117809,1,20,0,223.0
10109857VGSILVA_2025-08-24_G08,10109857VGSILVA,2025-08-24,110373,1,30,0,295.0
10109857VGSILVA_2025-08-24_G09,10109857VGSILVA,2025-08-24,110372,1,100,0,2143.0
10109857VGSILVA_2025-08-25_G02,10109857VGSILVA,2025-08-25,117831,1,4,0,204.0
10109857VGSILVA_2025-08-25_G03,10109857VGSILVA,2025-08-25,117808,1,40,0,409.0
10109857VGSILVA_2025-08-25_G04,10109857VGSILVA,2025-08-25,110373,1,10,0,448.0
10109857VGSILVA_2025-08-25_G05,10109857VGSILVA,2025-08-25,110372,1,10,0,174.0
10109857VGSILVA_2025-08-25_G06,10109857VGSILVA,2025-08-25,118299,1,60,0,446.0
10109857VGSILVA_2025-08-25_G07,10109857VGSILVA,2025-08-25,117830,1,4,0,74.0
10109857VGSILVA_2025-08-25_G08,10109857VGSILVA,2025-08-25,110371,1,6,0,88.0
10109857VGSILVA_2025-08-25_G09,10109857VGSILVA,2025-08-25,111469,1,2,0,651.0
10109857VGSILVA_2025-08-25_G10,10109857VGSILVA,2025-08-25,110751,1,2,0,84.0
10109857VGSILVA_2025-08-25_G11,10109857VGSILVA,2025-08-25,117821,1,2,0,81.0
10109857VGSILVA_2025-08-25_G12,10109857VGSILVA,2025-08-25,140922,1,2,0,53.0
10109857VGSILVA_2025-08-25_G13,10109857VGSILVA,2025-08-25,141456,1,1,0,89.0
10109857VGSILVA_2025-08-25_G14,10109857VGSILVA,2025-08-25,141457,1,8,0,80.0
10109857VGSILVA_2025-08-25_G15,10109857VGSILVA,2025-08-25,111462,1,7,0,139.0
10109857VGSILVA_2025-08-25_G16,10109857VGSILVA,2025-08-25,117808,1,9,0,227.0
10109857VGSILVA_2025-08-25_G17,10109857VGSILVA,2025-08-25,110376,1,4,0,95.0
10109857VGSILVA_2025-08-25_G18,10109857VGSILVA,2025-08-25,110372,1,12,0,141.0
10109857VGSILVA_2025-08-25_G19,10109857VGSILVA,2025-08-25,110371,1,4,0,109.0
10109857VGSILVA_2025-08-25_G20,10109857VGSILVA,2025-08-25,110895,1,1,0,102.0
10109857VGSILVA_2025-08-25_G21,10109857VGSILVA,2025-08-25,111753,1,10,0,803.0
10109857VGSILVA_2025-08-25_G22,10109857VGSILVA,2025-08-25,108772,1,4,0,393.0
10109857VGSILVA_2025-08-25_G23,10109857VGSILVA,2025-08-25,111602,1,15,0,146.0
10109857VGSILVA_2025-08-25_G24,10109857VGSILVA,2025-08-25,111466,1,12,0,657.0
10109857VGSILVA_2025-08-25_G25,10109857VGSILVA,2025-08-25,111462,1,4,0,175.0
10109857VGSILVA_2025-08-25_G27,10109857VGSILVA,2025-08-25,110582,1,4,0,37.0
10109857VGSILVA_2025-08-25_G28,10109857VGSILVA,2025-08-25,111436,1,2,0,86.0
10109857VGSILVA_2025-08-25_G29,10109857VGSILVA,2025-08-25,109471,1,2,0,65.0
10109857VGSILVA_2025-08-25_G30,10109857VGSILVA,2025-08-25,110112,1,2,0,40.0
10109857VGSILVA_2025-08-25_G31,10109857VGSILVA,2025-08-25,118290,1,7,0,70.0
10109857VGSILVA_2025-08-25_G32,10109857VGSILVA,2025-08-25,117835,1,2,0,80.0
10109857VGSILVA_2025-08-25_G33,10109857VGSILVA,2025-08-25,107629,1,10,0,1756.0
10109857VGSILVA_2025-08-25_G34,10109857VGSILVA,2025-08-25,117856,1,30,0,371.0
10109857VGSILVA_2025-08-25_G35,10109857VGSILVA,2025-08-25,110733,1,10,0,117.0
10109857VGSILVA_2025-08-25_G36,10109857VGSILVA,2025-08-25,105242,1,2,0,140.0
10109857VGSILVA_2025-08-25_G37,10109857VGSILVA,2025-08-25,109640,1,30,0,873.0
10109857VGSILVA_2025-08-25_G38,10109857VGSILVA,2025-08-25,117862,1,4,0,722.0
10109857VGSILVA_2025-08-25_G39,10109857VGSILVA,2025-08-25,110711,1,4,0,58.0
10109857VGSILVA_2025-08-25_G40,10109857VGSILVA,2025-08-25,111469,1,8,0,75.0
10109857VGSILVA_2025-08-25_G41,10109857VGSILVA,2025-08-25,111348,1,5,0,89.0
10109857VGSILVA_2025-08-25_G42,10109857VGSILVA,2025-08-25,117820,1,6,0,84.0
10109857VGSILVA_2025-08-25_G43,10109857VGSILVA,2025-08-25,117833,1,5,0,164.0
10109857VGSILVA_2025-08-25_G44,10109857VGSILVA,2025-08-25,108772,1,4,0,64.0
10109857VGSILVA_2025-08-25_G45,10109857VGSILVA,2025-08-25,111466,1,10,0,131.0
10109857VGSILVA_2025-08-25_G46,10109857VGSILVA,2025-08-25,"110787, 117831",2,4,30,55.0
10109857VGSILVA_2025-08-25_G47,10109857VGSILVA,2025-08-25,110745,1,2,0,42.0
10109857VGSILVA_2025-08-25_G48,10109857VGSILVA,2025-08-25,110371,1,4,0,71.0
10109857VGSILVA_2025-08-25_G49,10109857VGSILVA,2025-08-25,110754,1,1,0,638.0
10109857VGSILVA_2025-08-25_G50,10109857VGSILVA,2025-08-25,117785,1,5,0,91.0
10109857VGSILVA_2025-08-25_G51,10109857VGSILVA,2025-08-25,111463,1,11,0,94.0
10109857VGSILVA_2025-08-25_G52,10109857VGSILVA,2025-08-25,111463,1,12,0,88.0
10109857VGSILVA_2025-08-25_G53,10109857VGSILVA,2025-08-25,117808,1,42,0,164.0
10109857VGSILVA_2025-08-25_G54,10109857VGSILVA,2025-08-25,117808,1,50,0,280.0
10109857VGSILVA_2025-08-25_G55,10109857VGSILVA,2025-08-25,117808,1,50,0,41.0
10109857VGSILVA_2025-08-25_G56,10109857VGSILVA,2025-08-25,117808,1,20,0,421.0
10109857VGSILVA_2025-08-25_G57,10109857VGSILVA,2025-08-25,117809,2,14,19,63.0
10109857VGSILVA_2025-08-25_G58,10109857VGSILVA,2025-08-25,109647,1,4,0,133.0
10109857VGSILVA_2025-08-25_G59,10109857VGSILVA,2025-08-25,110373,1,8,0,77.0
10109857VGSILVA_2025-08-25_G60,10109857VGSILVA,2025-08-25,117832,1,4,0,76.0
10109857VGSILVA_2025-08-25_G61,10109857VGSILVA,2025-08-25,111602,6,16,91,52.0
10109857VGSILVA_2025-08-25_G62,10109857VGSILVA,2025-08-25,141456,1,7,0,80.0
10109857VGSILVA_2025-08-26_G02,10109857VGSILVA,2025-08-26,111418,1,3,0,56.0
10109857VGSILVA_2025-08-26_G03,10109857VGSILVA,2025-08-26,111418,1,7,0,158.0
10109857VGSILVA_2025-08-26_G04,10109857VGSILVA,2025-08-26,111418,1,3,0,32.0
10109857VGSILVA_2025-08-26_G05,10109857VGSILVA,2025-08-26,118140,1,4,0,62.0
10109857VGSILVA_2025-08-26_G06,10109857VGSILVA,2025-08-26,117831,3,8,45,71.0
10109857VGSILVA_2025-08-26_G07,10109857VGSILVA,2025-08-26,109641,1,2,0,46.0
10109857VGSILVA_2025-08-26_G08,10109857VGSILVA,2025-08-26,111462,4,26,44,46.0
10109857VGSILVA_2025-08-26_G09,10109857VGSILVA,2025-08-26,141458,2,3,7,273.0
10109857VGSILVA_2025-08-26_G10,10109857VGSILVA,2025-08-26,108759,2,8,26,698.0
10109857VGSILVA_2025-08-26_G11,10109857VGSILVA,2025-08-26,110755,2,4,26,232.0
10109857VGSILVA_2025-08-26_G12,10109857VGSILVA,2025-08-26,117855,1,16,0,203.0
10109857VGSILVA_2025-08-26_G13,10109857VGSILVA,2025-08-26,111469,1,12,0,87.0
10109857VGSILVA_2025-08-26_G14,10109857VGSILVA,2025-08-26,108795,1,6,0,61.0
10109857VGSILVA_2025-08-26_G15,10109857VGSILVA,2025-08-26,110743,1,2,0,49.0
10109857VGSILVA_2025-08-26_G16,10109857VGSILVA,2025-08-26,110751,1,2,0,47.0
10109857VGSILVA_2025-08-26_G17,10109857VGSILVA,2025-08-26,110325,1,3,0,237.0
10109857VGSILVA_2025-08-26_G18,10109857VGSILVA,2025-08-26,117809,1,4,0,107.0
10109857VGSILVA_2025-08-26_G19,10109857VGSILVA,2025-08-26,117820,1,8,0,58.0
10109857VGSILVA_2025-08-26_G20,10109857VGSILVA,2025-08-26,110373,1,2,0,91.0
10109857VGSILVA_2025-08-26_G21,10109857VGSILVA,2025-08-26,"110376, 117832",3,6,30,70.0
10109857VGSILVA_2025-08-26_G22,10109857VGSILVA,2025-08-26,118290,1,3,0,91.0
10109857VGSILVA_2025-08-26_G23,10109857VGSILVA,2025-08-26,110339,1,4,0,201.0
10109857VGSILVA_2025-08-26_G24,10109857VGSILVA,2025-08-26,108794,1,1,0,60.0
10109857VGSILVA_2025-08-26_G25,10109857VGSILVA,2025-08-26,111418,1,17,0,121.0
10109857VGSILVA_2025-08-26_G26,10109857VGSILVA,2025-08-26,118140,1,6,0,103.0
10109857VGSILVA_2025-08-26_G27,10109857VGSILVA,2025-08-26,111466,1,24,0,338.0
10109857VGSILVA_2025-08-26_G28,10109857VGSILVA,2025-08-26,110787,1,6,0,99.0
10109857VGSILVA_2025-08-26_G29,10109857VGSILVA,2025-08-26,110787,1,6,0,114.0
10109857VGSILVA_2025-08-26_G30,10109857VGSILVA,2025-08-26,111462,1,11,0,101.0
10109857VGSILVA_2025-08-26_G31,10109857VGSILVA,2025-08-26,111462,1,9,0,57.0
10109857VGSILVA_2025-08-26_G32,10109857VGSILVA,2025-08-26,109640,1,2,0,60.0
10109857VGSILVA_2025-08-26_G33,10109857VGSILVA,2025-08-26,117837,1,2,0,53.0
10109857VGSILVA_2025-08-26_G34,10109857VGSILVA,2025-08-26,110740,1,8,0,76.0
10109857VGSILVA_2025-08-26_G35,10109857VGSILVA,2025-08-26,111463,1,2,0,1310.0
10109857VGSILVA_2025-08-26_G36,10109857VGSILVA,2025-08-26,117808,1,8,0,56.0
10109857VGSILVA_2025-08-26_G37,10109857VGSILVA,2025-08-26,110373,1,2,0,237.0
10109857VGSILVA_2025-08-26_G38,10109857VGSILVA,2025-08-26,118299,1,10,0,118.0
10109857VGSILVA_2025-08-26_G39,10109857VGSILVA,2025-08-26,111530,1,2,0,137.0
10109857VGSILVA_2025-08-26_G40,10109857VGSILVA,2025-08-26,111469,1,2,0,187.0
10109857VGSILVA_2025-08-26_G41,10109857VGSILVA,2025-08-26,117785,1,2,0,49.0
10109857VGSILVA_2025-08-26_G42,10109857VGSILVA,2025-08-26,111463,1,4,0,50.0
10109857VGSILVA_2025-08-26_G43,10109857VGSILVA,2025-08-26,117808,1,8,0,96.0
10109857VGSILVA_2025-08-26_G44,10109857VGSILVA,2025-08-26,117820,1,1,0,114.0
10109857VGSILVA_2025-08-26_G45,10109857VGSILVA,2025-08-26,111418,1,8,0,125.0
10109857VGSILVA_2025-08-26_G46,10109857VGSILVA,2025-08-26,111466,1,4,0,52.0
10109857VGSILVA_2025-08-26_G47,10109857VGSILVA,2025-08-26,110372,1,40,0,385.0
10109857VGSILVA_2025-08-26_G48,10109857VGSILVA,2025-08-26,118299,1,10,0,104.0
10109857VGSILVA_2025-08-26_G49,10109857VGSILVA,2025-08-26,117830,1,2,0,43.0
10109857VGSILVA_2025-08-26_G50,10109857VGSILVA,2025-08-26,111330,1,24,0,1088.0
10109857VGSILVA_2025-08-26_G51,10109857VGSILVA,2025-08-26,111330,1,10,0,82.0
10109857VGSILVA_2025-08-26_G52,10109857VGSILVA,2025-08-26,117788,1,4,0,656.0
10109857VGSILVA_2025-08-26_G53,10109857VGSILVA,2025-08-26,"107629, 110711",2,5,27,45.0
10109857VGSILVA_2025-08-26_G54,10109857VGSILVA,2025-08-26,118094,1,4,0,58.0
10109857VGSILVA_2025-08-26_G55,10109857VGSILVA,2025-08-26,108795,1,4,0,125.0
10109857VGSILVA_2025-08-26_G56,10109857VGSILVA,2025-08-26,110325,1,2,0,83.0
10109857VGSILVA_2025-08-26_G57,10109857VGSILVA,2025-08-26,117809,1,6,0,44.0
10109857VGSILVA_2025-08-26_G58,10109857VGSILVA,2025-08-26,117786,1,4,0,112.0
10109857VGSILVA_2025-08-26_G59,10109857VGSILVA,2025-08-26,117833,1,4,0,213.0
10109857VGSILVA_2025-08-26_G60,10109857VGSILVA,2025-08-26,140922,1,4,0,83.0
10109857VGSILVA_2025-08-26_G61,10109857VGSILVA,2025-08-26,117832,1,4,0,130.0
10109857VGSILVA_2025-08-26_G62,10109857VGSILVA,2025-08-26,"111602, 108361",2,2,26,39.0
10109857VGSILVA_2025-08-26_G63,10109857VGSILVA,2025-08-26,109645,1,3,0,102.0
10109857VGSILVA_2025-08-26_G64,10109857VGSILVA,2025-08-26,110375,1,2,0,70.0
10109857VGSILVA_2025-08-26_G65,10109857VGSILVA,2025-08-26,117831,1,2,0,66.0
10109857VGSILVA_2025-08-26_G66,10109857VGSILVA,2025-08-26,110515,1,2,0,71.0
10109857VGSILVA_2025-08-26_G67,10109857VGSILVA,2025-08-26,110740,1,4,0,85.0
10109857VGSILVA_2025-08-26_G68,10109857VGSILVA,2025-08-26,111465,1,2,0,57.0
10109857VGSILVA_2025-08-26_G69,10109857VGSILVA,2025-08-26,141202,1,2,0,64.0
10109857VGSILVA_2025-08-26_G70,10109857VGSILVA,2025-08-26,110371,1,6,0,62.0
10109857VGSILVA_2025-08-27_G02,10109857VGSILVA,2025-08-27,117808,1,97,0,947.0
10109857VGSILVA_2025-08-27_G03,10109857VGSILVA,2025-08-27,117808,1,6,0,57.0
10109857VGSILVA_2025-08-27_G04,10109857VGSILVA,2025-08-27,117832,1,1,0,253.0
10109857VGSILVA_2025-08-27_G05,10109857VGSILVA,2025-08-27,110733,1,8,0,257.0
10109857VGSILVA_2025-08-27_G06,10109857VGSILVA,2025-08-27,109647,1,1,0,47.0
10109857VGSILVA_2025-08-27_G07,10109857VGSILVA,2025-08-27,110895,1,3,0,66.0
10109857VGSILVA_2025-08-27_G08,10109857VGSILVA,2025-08-27,109641,1,1,0,176.0
10109857VGSILVA_2025-08-27_G09,10109857VGSILVA,2025-08-27,111445,1,24,0,232.0
10109857VGSILVA_2025-08-27_G10,10109857VGSILVA,2025-08-27,141456,1,96,0,270.0
10109857VGSILVA_2025-08-27_G11,10109857VGSILVA,2025-08-27,111469,1,10,0,494.0
10109857VGSILVA_2025-08-27_G12,10109857VGSILVA,2025-08-27,111469,1,34,0,195.0
10109857VGSILVA_2025-08-27_G13,10109857VGSILVA,2025-08-27,117822,1,10,0,1438.0
10109857VGSILVA_2025-08-27_G14,10109857VGSILVA,2025-08-27,110325,1,20,0,164.0
10109857VGSILVA_2025-08-27_G15,10109857VGSILVA,2025-08-27,111441,1,2,0,902.0
10109857VGSILVA_2025-08-27_G16,10109857VGSILVA,2025-08-27,111441,1,10,0,105.0
10109857VGSILVA_2025-08-27_G17,10109857VGSILVA,2025-08-27,111530,1,20,0,662.0
10109857VGSILVA_2025-08-27_G18,10109857VGSILVA,2025-08-27,110711,1,3,0,101.0
10109857VGSILVA_2025-08-27_G19,10109857VGSILVA,2025-08-27,111441,1,2,0,415.0
10109857VGSILVA_2025-08-27_G20,10109857VGSILVA,2025-08-27,110313,1,4,0,82.0
10109857VGSILVA_2025-08-27_G21,10109857VGSILVA,2025-08-27,110711,1,22,0,174.0
10109857VGSILVA_2025-08-28_G02,10109857VGSILVA,2025-08-28,111466,1,15,0,159.0
10109857VGSILVA_2025-08-28_G03,10109857VGSILVA,2025-08-28,110711,1,100,0,573.0
10109857VGSILVA_2025-08-28_G04,10109857VGSILVA,2025-08-28,111530,1,40,0,260.0
10109857VGSILVA_2025-08-28_G05,10109857VGSILVA,2025-08-28,111469,1,54,0,225.0
10109857VGSILVA_2025-08-28_G06,10109857VGSILVA,2025-08-28,111466,1,100,0,360.0
10109857VGSILVA_2025-08-28_G07,10109857VGSILVA,2025-08-28,111447,1,40,0,1192.0
10109857VGSILVA_2025-08-28_G08,10109857VGSILVA,2025-08-28,107830,1,29,0,380.0
10109857VGSILVA_2025-08-28_G09,10109857VGSILVA,2025-08-28,107830,1,221,0,590.0
10109857VGSILVA_2025-08-28_G10,10109857VGSILVA,2025-08-28,117820,1,450,0,1046.0
10109857VGSILVA_2025-08-28_G11,10109857VGSILVA,2025-08-28,110373,1,350,0,1291.0
10109857VGSILVA_2025-08-28_G12,10109857VGSILVA,2025-08-28,117832,1,80,0,100.0
10109857VGSILVA_2025-08-28_G13,10109857VGSILVA,2025-08-28,110375,1,100,0,417.0
10109857VGSILVA_2025-08-28_G14,10109857VGSILVA,2025-08-28,111436,1,28,0,571.0
10109857VGSILVA_2025-08-28_G15,10109857VGSILVA,2025-08-28,111655,1,50,0,474.0
10109857VGSILVA_2025-08-28_G16,10109857VGSILVA,2025-08-28,105894,1,76,0,1278.0
10109857VGSILVA_2025-08-28_G17,10109857VGSILVA,2025-08-28,118317,1,20,0,390.0
10109857VGSILVA_2025-08-28_G18,10109857VGSILVA,2025-08-28,111469,1,150,0,387.0
10109857VGSILVA_2025-08-28_G19,10109857VGSILVA,2025-08-28,111433,1,20,0,660.0
10109857VGSILVA_2025-08-28_G20,10109857VGSILVA,2025-08-28,111462,1,60,0,463.0
10109857VGSILVA_2025-08-28_G21,10109857VGSILVA,2025-08-28,110373,1,100,0,362.0
10109857VGSILVA_2025-08-28_G22,10109857VGSILVA,2025-08-28,110372,1,14,0,377.0
10109857VGSILVA_2025-08-29_G02,10109857VGSILVA,2025-08-29,110372,1,40,0,418.0
10109857VGSILVA_2025-08-29_G03,10109857VGSILVA,2025-08-29,110371,1,40,0,466.0
10109857VGSILVA_2025-08-29_G04,10109857VGSILVA,2025-08-29,117830,1,10,0,77.0
10109857VGSILVA_2025-08-29_G05,10109857VGSILVA,2025-08-29,160054,1,8,0,527.0
10109857VGSILVA_2025-08-29_G06,10109857VGSILVA,2025-08-29,110373,1,7,0,131.0
10109857VGSILVA_2025-08-29_G07,10109857VGSILVA,2025-08-29,109648,1,4,0,209.0
10109857VGSILVA_2025-08-29_G08,10109857VGSILVA,2025-08-29,118299,1,10,0,48.0
10109857VGSILVA_2025-08-29_G09,10109857VGSILVA,2025-08-29,117820,1,7,0,74.0
10109857VGSILVA_2025-08-29_G10,10109857VGSILVA,2025-08-29,160055,1,10,0,99.0
10109857VGSILVA_2025-08-29_G11,10109857VGSILVA,2025-08-29,110742,1,2,0,82.0
10109857VGSILVA_2025-08-29_G12,10109857VGSILVA,2025-08-29,109645,1,12,0,129.0
10109857VGSILVA_2025-08-29_G13,10109857VGSILVA,2025-08-29,109641,1,12,0,135.0
10109857VGSILVA_2025-08-29_G14,10109857VGSILVA,2025-08-29,160053,1,1,0,100.0
10109857VGSILVA_2025-08-29_G15,10109857VGSILVA,2025-08-29,109640,1,34,0,800.0
10109857VGSILVA_2025-08-29_G16,10109857VGSILVA,2025-08-29,114650,1,8,0,555.0
10109857VGSILVA_2025-08-29_G17,10109857VGSILVA,2025-08-29,118253,1,4,0,44.0
10109857VGSILVA_2025-08-29_G18,10109857VGSILVA,2025-08-29,118285,1,15,0,519.0
10109857VGSILVA_2025-08-29_G19,10109857VGSILVA,2025-08-29,118363,1,4,0,89.0
10109857VGSILVA_2025-08-29_G20,10109857VGSILVA,2025-08-29,118364,1,4,0,113.0
10109857VGSILVA_2025-08-29_G21,10109857VGSILVA,2025-08-29,118280,1,16,0,119.0
10109857VGSILVA_2025-08-29_G22,10109857VGSILVA,2025-08-29,118281,1,80,0,587.0
10109857VGSILVA_2025-08-29_G23,10109857VGSILVA,2025-08-29,118281,1,12,0,462.0
10109857VGSILVA_2025-08-29_G24,10109857VGSILVA,2025-08-29,141066,1,5,0,359.0
10109857VGSILVA_2025-08-29_G25,10109857VGSILVA,2025-08-29,141066,1,10,0,35.0
10109857VGSILVA_2025-08-29_G26,10109857VGSILVA,2025-08-29,117788,1,4,0,31.0
10109857VGSILVA_2025-08-29_G27,10109857VGSILVA,2025-08-29,"117862, 107629",2,7,30,42.0
10109857VGSILVA_2025-08-29_G28,10109857VGSILVA,2025-08-29,117856,1,24,0,65.0
10109857VGSILVA_2025-08-29_G29,10109857VGSILVA,2025-08-29,108795,1,2,0,243.0
10109857VGSILVA_2025-08-29_G30,10109857VGSILVA,2025-08-29,140922,1,14,0,87.0
10109857VGSILVA_2025-08-29_G31,10109857VGSILVA,2025-08-29,117785,1,6,0,48.0
10109857VGSILVA_2025-08-29_G32,10109857VGSILVA,2025-08-29,109643,1,1,0,63.0
10109857VGSILVA_2025-08-29_G33,10109857VGSILVA,2025-08-29,111530,1,6,0,95.0
10109857VGSILVA_2025-08-29_G34,10109857VGSILVA,2025-08-29,111530,1,2,0,38.0
10109857VGSILVA_2025-08-29_G35,10109857VGSILVA,2025-08-29,"111530, 117935",3,27,38,57.0
10109857VGSILVA_2025-08-29_G36,10109857VGSILVA,2025-08-29,117861,1,5,0,215.0
10109857VGSILVA_2025-08-29_G37,10109857VGSILVA,2025-08-29,117786,1,13,0,60.0
10109857VGSILVA_2025-08-29_G38,10109857VGSILVA,2025-08-29,111743,1,1,0,85.0
10109857VGSILVA_2025-08-29_G39,10109857VGSILVA,2025-08-29,110376,1,10,0,143.0
10109857VGSILVA_2025-08-29_G40,10109857VGSILVA,2025-08-29,117787,1,4,0,58.0
10109857VGSILVA_2025-08-29_G41,10109857VGSILVA,2025-08-29,111879,1,8,0,94.0
10109857VGSILVA_2025-08-29_G42,10109857VGSILVA,2025-08-29,108798,1,3,0,168.0
10109857VGSILVA_2025-08-29_G43,10109857VGSILVA,2025-08-29,111602,1,20,0,115.0
10109857VGSILVA_2025-08-29_G44,10109857VGSILVA,2025-08-29,108772,1,2,0,41.0
10109857VGSILVA_2025-08-29_G45,10109857VGSILVA,2025-08-29,111467,1,8,0,57.0
10109857VGSILVA_2025-08-29_G46,10109857VGSILVA,2025-08-29,111418,1,2,0,37.0
10109857VGSILVA_2025-08-29_G47,10109857VGSILVA,2025-08-29,118140,1,6,0,63.0
10109857VGSILVA_2025-08-29_G48,10109857VGSILVA,2025-08-29,111172,1,20,0,208.0
10109857VGSILVA_2025-08-29_G49,10109857VGSILVA,2025-08-29,110752,1,6,0,137.0
10109857VGSILVA_2025-08-29_G50,10109857VGSILVA,2025-08-29,117809,1,39,0,339.0
10109857VGSILVA_2025-08-29_G51,10109857VGSILVA,2025-08-29,111468,1,4,0,59.0
10109857VGSILVA_2025-08-29_G52,10109857VGSILVA,2025-08-29,111465,1,6,0,79.0
10109857VGSILVA_2025-08-30_G02,10109857VGSILVA,2025-08-30,108770,1,4,0,98.0
10109857VGSILVA_2025-08-30_G03,10109857VGSILVA,2025-08-30,118222,1,20,0,312.0
10109857VGSILVA_2025-08-30_G04,10109857VGSILVA,2025-08-30,110515,1,10,0,260.0
10109857VGSILVA_2025-08-30_G05,10109857VGSILVA,2025-08-30,117808,1,150,0,841.0
10109857VGSILVA_2025-08-30_G06,10109857VGSILVA,2025-08-30,117785,1,200,0,1088.0
10109857VGSILVA_2025-08-30_G07,10109857VGSILVA,2025-08-30,111353,1,4,0,614.0
10109857VGSILVA_2025-08-30_G08,10109857VGSILVA,2025-08-30,111353,1,4,0,41.0
10109857VGSILVA_2025-08-30_G09,10109857VGSILVA,2025-08-30,110711,1,23,0,172.0
10109857VGSILVA_2025-08-30_G10,10109857VGSILVA,2025-08-30,140957,1,8,0,88.0
10109857VGSILVA_2025-08-30_G11,10109857VGSILVA,2025-08-30,110581,1,4,0,66.0
10109857VGSILVA_2025-08-30_G12,10109857VGSILVA,2025-08-30,111650,1,2,0,60.0
10109857VGSILVA_2025-08-30_G13,10109857VGSILVA,2025-08-30,111650,1,2,0,302.0
10109857VGSILVA_2025-08-30_G14,10109857VGSILVA,2025-08-30,117855,1,30,0,150.0
10109857VGSILVA_2025-08-30_G15,10109857VGSILVA,2025-08-30,108361,2,4,16,81.0
10109857VGSILVA_2025-08-30_G16,10109857VGSILVA,2025-08-30,105242,1,6,0,62.0
10109857VGSILVA_2025-08-30_G17,10109857VGSILVA,2025-08-30,101217,2,16,11,48.0
10109857VGSILVA_2025-08-30_G18,10109857VGSILVA,2025-08-30,110063,2,4,27,272.0
10109857VGSILVA_2025-08-30_G19,10109857VGSILVA,2025-08-30,105242,1,2,0,79.0
10109857VGSILVA_2025-08-30_G20,10109857VGSILVA,2025-08-30,105242,1,8,0,79.0
10109857VGSILVA_2025-08-30_G21,10109857VGSILVA,2025-08-30,105744,2,4,10,1541.0
10109857VGSILVA_2025-08-30_G22,10109857VGSILVA,2025-08-30,118277,1,8,0,723.0
10109857VGSILVA_2025-08-30_G23,10109857VGSILVA,2025-08-30,117833,1,40,0,2352.0
10109857VGSILVA_2025-08-30_G24,10109857VGSILVA,2025-08-30,117821,1,4,0,89.0
10109857VGSILVA_2025-08-30_G25,10109857VGSILVA,2025-08-30,111466,1,40,0,191.0
10109857VGSILVA_2025-08-30_G26,10109857VGSILVA,2025-08-30,110313,1,6,0,238.0
10109857VGSILVA_2025-08-30_G27,10109857VGSILVA,2025-08-30,118094,1,8,0,85.0
10109857VGSILVA_2025-08-30_G28,10109857VGSILVA,2025-08-30,111530,1,4,0,52.0
10109857VGSILVA_2025-08-30_G29,10109857VGSILVA,2025-08-30,110733,1,4,0,52.0
10109857VGSILVA_2025-08-30_G30,10109857VGSILVA,2025-08-30,117786,1,8,0,43.0
10109857VGSILVA_2025-08-30_G31,10109857VGSILVA,2025-08-30,110339,1,8,0,113.0
10109857VGSILVA_2025-08-30_G33,10109857VGSILVA,2025-08-30,116241,1,3,0,150.0
10109857VGSILVA_2025-08-30_G34,10109857VGSILVA,2025-08-30,109643,1,12,0,107.0
10109857VGSILVA_2025-08-30_G35,10109857VGSILVA,2025-08-30,117820,1,12,0,86.0
10109857VGSILVA_2025-08-30_G36,10109857VGSILVA,2025-08-30,111569,1,2,0,133.0
10109857VGSILVA_2025-08-30_G37,10109857VGSILVA,2025-08-30,117808,1,14,0,277.0
10109857VGSILVA_2025-08-30_G38,10109857VGSILVA,2025-08-30,116241,1,4,0,269.0
10109857VGSILVA_2025-08-30_G39,10109857VGSILVA,2025-08-30,109643,1,2,0,98.0
10109857VGSILVA_2025-08-30_G40,10109857VGSILVA,2025-08-30,117820,1,6,0,53.0
10109857VGSILVA_2025-08-30_G41,10109857VGSILVA,2025-08-30,117835,1,2,0,81.0
10109857VGSILVA_2025-08-30_G42,10109857VGSILVA,2025-08-30,111467,1,6,0,62.0
10109857VGSILVA_2025-08-30_G43,10109857VGSILVA,2025-08-30,117808,1,39,0,169.0
10109857VGSILVA_2025-08-30_G44,10109857VGSILVA,2025-08-30,111418,1,2,0,51.0
10109857VGSILVA_2025-08-30_G45,10109857VGSILVA,2025-08-30,110313,1,3,0,193.0
10109857VGSILVA_2025-08-30_G46,10109857VGSILVA,2025-08-30,160051,1,6,0,110.0
10109857VGSILVA_2025-08-30_G47,10109857VGSILVA,2025-08-30,160057,1,4,0,101.0
10109857VGSILVA_2025-08-30_G48,10109857VGSILVA,2025-08-30,110373,1,6,0,174.0
10109857VGSILVA_2025-08-30_G49,10109857VGSILVA,2025-08-30,110374,1,1,0,52.0
10109857VGSILVA_2025-08-30_G50,10109857VGSILVA,2025-08-30,"118299, 110325",2,11,25,52.0
10109857VGSILVA_2025-08-30_G51,10109857VGSILVA,2025-08-30,117820,1,8,0,80.0
10109857VGSILVA_2025-08-30_G52,10109857VGSILVA,2025-08-30,117786,1,4,0,60.0
10109857VGSILVA_2025-08-30_G53,10109857VGSILVA,2025-08-30,117832,1,3,0,103.0
10109857VGSILVA_2025-08-30_G54,10109857VGSILVA,2025-08-30,111467,1,2,0,73.0
10109857VGSILVA_2025-08-30_G55,10109857VGSILVA,2025-08-30,109645,1,2,0,43.0
10109857VGSILVA_2025-08-30_G56,10109857VGSILVA,2025-08-30,111462,1,2,0,78.0
10109857VGSILVA_2025-08-30_G57,10109857VGSILVA,2025-08-30,117831,1,8,0,78.0
10109857VGSILVA_2025-08-30_G58,10109857VGSILVA,2025-08-30,117808,1,44,0,359.0
10109857VGSILVA_2025-08-30_G59,10109857VGSILVA,2025-08-30,117830,1,4,0,49.0
10109857VGSILVA_2025-08-30_G60,10109857VGSILVA,2025-08-30,111463,1,2,0,145.0
10109857VGSILVA_2025-08-30_G61,10109857VGSILVA,2025-08-30,116241,1,2,0,33.0
10109857VGSILVA_2025-08-30_G62,10109857VGSILVA,2025-08-30,109643,1,1,0,48.0
10109857VGSILVA_2025-08-30_G63,10109857VGSILVA,2025-08-30,117862,1,8,0,73.0
10109857VGSILVA_2025-08-30_G64,10109857VGSILVA,2025-08-30,117820,1,12,0,113.0
10109857VGSILVA_2025-08-30_G65,10109857VGSILVA,2025-08-30,110372,1,2,0,79.0
10109857VGSILVA_2025-08-30_G66,10109857VGSILVA,2025-08-30,111431,1,2,0,91.0
10109857VGSILVA_2025-08-30_G67,10109857VGSILVA,2025-08-30,111418,1,4,0,75.0
10109857VGSILVA_2025-08-30_G68,10109857VGSILVA,2025-08-30,118140,1,4,0,44.0
10109857VGSILVA_2025-08-30_G69,10109857VGSILVA,2025-08-30,111569,1,8,0,252.0
10109857VGSILVA_2025-08-30_G70,10109857VGSILVA,2025-08-30,117835,1,1,0,39.0
10109857VGSILVA_2025-08-30_G71,10109857VGSILVA,2025-08-30,117785,1,10,0,105.0
10109857VGSILVA_2025-08-30_G72,10109857VGSILVA,2025-08-30,111433,1,4,0,51.0
10109857VGSILVA_2025-08-30_G73,10109857VGSILVA,2025-08-30,111438,1,2,0,48.0
10109857VGSILVA_2025-08-30_G74,10109857VGSILVA,2025-08-30,111660,1,2,0,86.0
10109857VGSILVA_2025-08-30_G75,10109857VGSILVA,2025-08-30,117808,1,50,0,235.0
10109857VGSILVA_2025-08-30_G76,10109857VGSILVA,2025-08-30,117820,1,6,0,182.0
10109857VGSILVA_2025-08-30_G77,10109857VGSILVA,2025-08-30,111569,1,2,0,71.0
10109857VGSILVA_2025-08-30_G78,10109857VGSILVA,2025-08-30,117808,1,20,0,174.0
10109857VGSILVA_2025-08-30_G79,10109857VGSILVA,2025-08-30,111418,1,2,0,57.0
10109857VGSILVA_2025-08-30_G80,10109857VGSILVA,2025-08-30,111441,1,1,0,246.0
10109857VGSILVA_2025-08-30_G81,10109857VGSILVA,2025-08-30,109643,1,12,0,138.0
10109857VGSILVA_2025-08-30_G82,10109857VGSILVA,2025-08-30,110313,1,2,0,280.0
10109857VGSILVA_2025-08-30_G83,10109857VGSILVA,2025-08-30,118290,1,1,0,106.0
10109857VGSILVA_2025-08-30_G84,10109857VGSILVA,2025-08-30,141047,1,2,0,32.0
10109857VGSILVA_2025-08-30_G85,10109857VGSILVA,2025-08-30,110752,1,2,0,116.0
10109857VGSILVA_2025-08-30_G86,10109857VGSILVA,2025-08-30,111463,1,3,0,158.0
10109857VGSILVA_2025-08-30_G87,10109857VGSILVA,2025-08-30,118299,1,5,0,53.0
10109857VGSILVA_2025-08-30_G88,10109857VGSILVA,2025-08-30,117820,1,12,0,110.0
10109857VGSILVA_2025-08-30_G89,10109857VGSILVA,2025-08-30,110733,1,4,0,75.0
10109857VGSILVA_2025-08-30_G90,10109857VGSILVA,2025-08-30,117821,1,4,0,75.0
10109857VGSILVA_2025-08-30_G91,10109857VGSILVA,2025-08-30,105705,1,1,0,44.0
10109857VGSILVA_2025-08-30_G92,10109857VGSILVA,2025-08-30,118140,1,1,0,39.0
10109857VGSILVA_2025-08-30_G93,10109857VGSILVA,2025-08-30,111569,1,2,0,46.0
10109857VGSILVA_2025-08-30_G94,10109857VGSILVA,2025-08-30,111438,1,2,0,79.0
10109857VGSILVA_2025-08-30_G95,10109857VGSILVA,2025-08-30,111530,1,4,0,373.0
10109857VGSILVA_2025-08-30_G96,10109857VGSILVA,2025-08-30,108794,1,4,0,59.0
10109857VGSILVA_2025-08-30_G97,10109857VGSILVA,2025-08-30,111532,1,4,0,44.0
10109857VGSILVA_2025-08-30_G98,10109857VGSILVA,2025-08-30,110313,1,2,0,122.0
10109857VGSILVA_2025-08-30_G99,10109857VGSILVA,2025-08-30,110313,1,6,0,41.0
10109857VGSILVA_2025-08-30_G100,10109857VGSILVA,2025-08-30,118298,1,6,0,64.0
10109857VGSILVA_2025-08-30_G101,10109857VGSILVA,2025-08-30,117935,1,3,0,70.0
10109857VGSILVA_2025-08-30_G102,10109857VGSILVA,2025-08-30,111861,1,2,0,50.0
10109857VGSILVA_2025-08-30_G103,10109857VGSILVA,2025-08-30,105359,1,3,0,76.0
10109857VGSILVA_2025-08-30_G104,10109857VGSILVA,2025-08-30,108771,1,1,0,74.0
10109857VGSILVA_2025-08-30_G105,10109857VGSILVA,2025-08-30,117789,1,9,0,125.0
10109857VGSILVA_2025-08-31_G02,10109857VGSILVA,2025-08-31,107629,1,2,0,43.0
10109857VGSILVA_2025-08-31_G03,10109857VGSILVA,2025-08-31,110373,1,2,0,80.0
10109857VGSILVA_2025-08-31_G04,10109857VGSILVA,2025-08-31,117820,1,2,0,39.0
10109857VGSILVA_2025-08-31_G05,10109857VGSILVA,2025-08-31,117836,1,2,0,34.0
10109857VGSILVA_2025-08-31_G06,10109857VGSILVA,2025-08-31,117855,1,2,0,77.0
10109857VGSILVA_2025-08-31_G07,10109857VGSILVA,2025-08-31,117787,1,1,0,53.0
10109857VGSILVA_2025-08-31_G08,10109857VGSILVA,2025-08-31,117821,1,4,0,46.0
10109857VGSILVA_2025-08-31_G09,10109857VGSILVA,2025-08-31,111602,1,1,0,39.0
10109857VGSILVA_2025-08-31_G10,10109857VGSILVA,2025-08-31,117831,1,2,0,73.0
10109857VGSILVA_2025-08-31_G11,10109857VGSILVA,2025-08-31,111444,1,2,0,53.0
10109857VGSILVA_2025-08-31_G12,10109857VGSILVA,2025-08-31,117830,1,2,0,64.0
10109857VGSILVA_2025-08-31_G13,10109857VGSILVA,2025-08-31,141458,1,4,0,54.0
10109857VGSILVA_2025-08-31_G14,10109857VGSILVA,2025-08-31,110515,1,2,0,61.0
10109857VGSILVA_2025-08-31_G15,10109857VGSILVA,2025-08-31,117837,1,2,0,33.0
10109857VGSILVA_2025-08-31_G16,10109857VGSILVA,2025-08-31,117862,1,6,0,456.0
10109857VGSILVA_2025-08-31_G17,10109857VGSILVA,2025-08-31,110325,1,1,0,71.0
10109857VGSILVA_2025-08-31_G18,10109857VGSILVA,2025-08-31,111530,1,1,0,46.0
10109857VGSILVA_2025-08-31_G19,10109857VGSILVA,2025-08-31,117935,1,4,0,74.0
10109857VGSILVA_2025-08-31_G20,10109857VGSILVA,2025-08-31,141318,1,4,0,124.0
10109857VGSILVA_2025-08-31_G21,10109857VGSILVA,2025-08-31,118223,1,2,0,73.0
10109857VGSILVA_2025-08-31_G22,10109857VGSILVA,2025-08-31,141458,1,2,0,82.0
10109857VGSILVA_2025-08-31_G23,10109857VGSILVA,2025-08-31,111438,1,2,0,60.0
10109857VGSILVA_2025-08-31_G24,10109857VGSILVA,2025-08-31,141202,1,2,0,56.0
10109857VGSILVA_2025-08-31_G25,10109857VGSILVA,2025-08-31,117820,1,2,0,170.0
10109857VGSILVA_2025-08-31_G26,10109857VGSILVA,2025-08-31,111530,1,2,0,100.0
10109857VGSILVA_2025-08-31_G27,10109857VGSILVA,2025-08-31,117821,1,2,0,64.0
10109857VGSILVA_2025-08-31_G28,10109857VGSILVA,2025-08-31,141456,1,2,0,63.0
10109857VGSILVA_2025-08-31_G29,10109857VGSILVA,2025-08-31,141457,1,2,0,43.0
10109857VGSILVA_2025-08-31_G30,10109857VGSILVA,2025-08-31,117808,1,2,0,1162.0
10109857VGSILVA_2025-08-31_G31,10109857VGSILVA,2025-08-31,111465,1,3,0,175.0
10109857VGSILVA_2025-08-31_G32,10109857VGSILVA,2025-08-31,141202,1,4,0,105.0
10109857VGSILVA_2025-08-31_G33,10109857VGSILVA,2025-08-31,118299,1,7,0,1024.0
10109857VGSILVA_2025-08-31_G34,10109857VGSILVA,2025-08-31,111530,1,4,0,95.0
10109857VGSILVA_2025-08-31_G35,10109857VGSILVA,2025-08-31,117821,1,3,0,52.0
10109857VGSILVA_2025-08-31_G36,10109857VGSILVA,2025-08-31,110372,1,6,0,67.0
10109857VGSILVA_2025-08-31_G37,10109857VGSILVA,2025-08-31,105705,1,6,0,111.0
10109857VGSILVA_2025-08-31_G38,10109857VGSILVA,2025-08-31,117808,1,2,0,75.0
10109857VGSILVA_2025-08-31_G39,10109857VGSILVA,2025-08-31,118298,1,6,0,373.0
10109857VGSILVA_2025-08-31_G40,10109857VGSILVA,2025-08-31,111530,1,4,0,42.0
10109857VGSILVA_2025-08-31_G41,10109857VGSILVA,2025-08-31,111530,1,15,0,74.0
10109857VGSILVA_2025-08-31_G42,10109857VGSILVA,2025-08-31,117861,1,20,0,45.0
10109857VGSILVA_2025-08-31_G43,10109857VGSILVA,2025-08-31,117786,1,20,0,256.0
10109857VGSILVA_2025-08-31_G44,10109857VGSILVA,2025-08-31,117855,1,30,0,589.0
10109857VGSILVA_2025-08-31_G45,10109857VGSILVA,2025-08-31,111532,1,28,0,285.0
10109857VGSILVA_2025-08-31_G46,10109857VGSILVA,2025-08-31,"141458, 117787",2,60,26,405.0
10109857VGSILVA_2025-09-03_G02,10109857VGSILVA,2025-09-03,109643,1,2,0,161.0
10109857VGSILVA_2025-09-03_G03,10109857VGSILVA,2025-09-03,110374,1,4,0,75.0
10109857VGSILVA_2025-09-03_G04,10109857VGSILVA,2025-09-03,140922,1,4,0,142.0
10109857VGSILVA_2025-09-03_G05,10109857VGSILVA,2025-09-03,117786,1,1,0,77.0
10109857VGSILVA_2025-09-03_G06,10109857VGSILVA,2025-09-03,117862,1,2,0,46.0
10109857VGSILVA_2025-09-03_G07,10109857VGSILVA,2025-09-03,111530,1,4,0,85.0
10109857VGSILVA_2025-09-03_G08,10109857VGSILVA,2025-09-03,117935,1,2,0,60.0
10109857VGSILVA_2025-09-03_G09,10109857VGSILVA,2025-09-03,110733,1,1,0,31.0
10109857VGSILVA_2025-09-03_G10,10109857VGSILVA,2025-09-03,117833,1,1,0,82.0
10109857VGSILVA_2025-09-03_G11,10109857VGSILVA,2025-09-03,117834,1,2,0,73.0
10109857VGSILVA_2025-09-03_G12,10109857VGSILVA,2025-09-03,108798,1,2,0,82.0
10109857VGSILVA_2025-09-03_G13,10109857VGSILVA,2025-09-03,117787,1,4,0,35.0
10109857VGSILVA_2025-09-03_G14,10109857VGSILVA,2025-09-03,141047,1,2,0,144.0
10109857VGSILVA_2025-09-03_G15,10109857VGSILVA,2025-09-03,110375,1,2,0,153.0
10109857VGSILVA_2025-09-03_G16,10109857VGSILVA,2025-09-03,111602,1,2,0,50.0
10109857VGSILVA_2025-09-03_G17,10109857VGSILVA,2025-09-03,141456,1,8,0,71.0
10109857VGSILVA_2025-09-03_G18,10109857VGSILVA,2025-09-03,105705,1,2,0,47.0
10109857VGSILVA_2025-09-03_G19,10109857VGSILVA,2025-09-03,141457,1,8,0,135.0
10109857VGSILVA_2025-09-03_G20,10109857VGSILVA,2025-09-03,111532,1,2,0,37.0
10109857VGSILVA_2025-09-03_G21,10109857VGSILVA,2025-09-03,117785,1,1,0,51.0
10109857VGSILVA_2025-09-03_G22,10109857VGSILVA,2025-09-03,107236,1,4,0,44.0
10109857VGSILVA_2025-09-03_G23,10109857VGSILVA,2025-09-03,111348,1,2,0,289.0
10109857VGSILVA_2025-09-03_G24,10109857VGSILVA,2025-09-03,117830,1,4,0,72.0
10109857VGSILVA_2025-09-03_G25,10109857VGSILVA,2025-09-03,141202,1,7,0,56.0
10109857VGSILVA_2025-09-03_G26,10109857VGSILVA,2025-09-03,117837,1,2,0,49.0
10109857VGSILVA_2025-09-03_G27,10109857VGSILVA,2025-09-03,110740,1,2,0,64.0
10109857VGSILVA_2025-09-03_G28,10109857VGSILVA,2025-09-03,141458,1,8,0,62.0
10109857VGSILVA_2025-09-03_G29,10109857VGSILVA,2025-09-03,111465,1,2,0,41.0
10109857VGSILVA_2025-09-03_G30,10109857VGSILVA,2025-09-03,117808,1,5,0,333.0
10109857VGSILVA_2025-09-03_G31,10109857VGSILVA,2025-09-03,117808,1,15,0,730.0
10109857VGSILVA_2025-09-03_G32,10109857VGSILVA,2025-09-03,117841,1,2,0,185.0
10109857VGSILVA_2025-09-03_G33,10109857VGSILVA,2025-09-03,117855,1,2,0,99.0
10109857VGSILVA_2025-09-03_G34,10109857VGSILVA,2025-09-03,117830,1,2,0,62.0
10109857VGSILVA_2025-09-03_G35,10109857VGSILVA,2025-09-03,111465,1,1,0,91.0
10109857VGSILVA_2025-09-03_G36,10109857VGSILVA,2025-09-03,109645,1,4,0,101.0
10109857VGSILVA_2025-09-03_G37,10109857VGSILVA,2025-09-03,110372,1,7,0,72.0
10109857VGSILVA_2025-09-03_G38,10109857VGSILVA,2025-09-03,110375,1,2,0,69.0
10109857VGSILVA_2025-09-03_G39,10109857VGSILVA,2025-09-03,118299,1,4,0,46.0
10109857VGSILVA_2025-09-03_G40,10109857VGSILVA,2025-09-03,117785,1,13,0,99.0
10109857VGSILVA_2025-09-03_G41,10109857VGSILVA,2025-09-03,117831,1,8,0,72.0
10109857VGSILVA_2025-09-03_G42,10109857VGSILVA,2025-09-03,111468,1,1,0,49.0
10109857VGSILVA_2025-09-03_G43,10109857VGSILVA,2025-09-03,111569,1,2,0,58.0
10109857VGSILVA_2025-09-04_G02,10109857VGSILVA,2025-09-04,117855,1,219,0,1281.0
10109857VGSILVA_2025-09-04_G03,10109857VGSILVA,2025-09-04,118229,1,4,0,141.0
10109857VGSILVA_2025-09-04_G04,10109857VGSILVA,2025-09-04,111462,1,199,0,1043.0
10109857VGSILVA_2025-09-04_G05,10109857VGSILVA,2025-09-04,109643,1,140,0,1538.0
10109857VGSILVA_2025-09-04_G06,10109857VGSILVA,2025-09-04,110756,1,1,0,444.0
10109857VGSILVA_2025-09-04_G07,10109857VGSILVA,2025-09-04,111532,1,127,0,808.0
10109857VGSILVA_2025-09-04_G08,10109857VGSILVA,2025-09-04,107236,1,173,0,813.0
10109857VGSILVA_2025-09-04_G09,10109857VGSILVA,2025-09-04,110515,1,184,0,617.0
10109857VGSILVA_2025-09-04_G10,10109857VGSILVA,2025-09-04,110756,1,150,0,2005.0
10109857VGSILVA_2025-09-04_G11,10109857VGSILVA,2025-09-04,109640,1,85,0,988.0
10109857VGSILVA_2025-09-04_G13,10109857VGSILVA,2025-09-04,117786,1,10,0,67.0
10109857VGSILVA_2025-09-04_G14,10109857VGSILVA,2025-09-04,117862,1,36,0,194.0
10109857VGSILVA_2025-09-04_G15,10109857VGSILVA,2025-09-04,117856,1,50,0,666.0
10109857VGSILVA_2025-09-04_G16,10109857VGSILVA,2025-09-04,110741,1,18,0,606.0
10109857VGSILVA_2025-09-04_G17,10109857VGSILVA,2025-09-04,110374,1,40,0,547.0
10109857VGSILVA_2025-09-04_G18,10109857VGSILVA,2025-09-04,117935,1,10,0,223.0
10109857VGSILVA_2025-09-04_G19,10109857VGSILVA,2025-09-04,111879,1,10,0,121.0
10109857VGSILVA_2025-09-04_G20,10109857VGSILVA,2025-09-04,117855,1,24,0,118.0
10109857VGSILVA_2025-09-04_G21,10109857VGSILVA,2025-09-04,141047,1,11,0,79.0
10109857VGSILVA_2025-09-04_G22,10109857VGSILVA,2025-09-04,110339,1,13,0,225.0
10109857VGSILVA_2025-09-04_G23,10109857VGSILVA,2025-09-04,110515,1,28,0,194.0
10109857VGSILVA_2025-09-04_G24,10109857VGSILVA,2025-09-04,117809,1,30,0,177.0
10109857VGSILVA_2025-09-04_G25,10109857VGSILVA,2025-09-04,117808,1,466,0,525.0
10109857VGSILVA_2025-09-04_G26,10109857VGSILVA,2025-09-04,117830,1,4,0,70.0
10109857VGSILVA_2025-09-04_G27,10109857VGSILVA,2025-09-04,117830,1,24,0,100.0
10109857VGSILVA_2025-09-04_G28,10109857VGSILVA,2025-09-04,111467,1,3,0,1874.0
10109857VGSILVA_2025-09-04_G29,10109857VGSILVA,2025-09-04,"110752, 110750",2,21,28,81.0
10109857VGSILVA_2025-09-04_G30,10109857VGSILVA,2025-09-04,"109647, 110753",2,14,10,60.0
10109857VGSILVA_2025-09-04_G31,10109857VGSILVA,2025-09-04,118271,1,18,0,36.0
10109857VGSILVA_2025-09-04_G32,10109857VGSILVA,2025-09-04,117822,1,16,0,31.0
10109857VGSILVA_2025-09-05_G02,10109857VGSILVA,2025-09-05,117786,1,8,0,57.0
10109857VGSILVA_2025-09-05_G03,10109857VGSILVA,2025-09-05,117862,1,10,0,81.0
10109857VGSILVA_2025-09-05_G04,10109857VGSILVA,2025-09-05,110373,1,6,0,99.0
10109857VGSILVA_2025-09-05_G05,10109857VGSILVA,2025-09-05,117855,1,4,0,132.0
10109857VGSILVA_2025-09-05_G06,10109857VGSILVA,2025-09-05,108798,1,1,0,51.0
10109857VGSILVA_2025-09-05_G07,10109857VGSILVA,2025-09-05,110339,1,2,0,117.0
10109857VGSILVA_2025-09-05_G08,10109857VGSILVA,2025-09-05,108794,1,4,0,66.0
10109857VGSILVA_2025-09-05_G09,10109857VGSILVA,2025-09-05,141457,1,8,0,50.0
10109857VGSILVA_2025-09-05_G10,10109857VGSILVA,2025-09-05,111418,1,5,0,45.0
10109857VGSILVA_2025-09-05_G11,10109857VGSILVA,2025-09-05,117840,1,2,0,64.0
10109857VGSILVA_2025-09-05_G12,10109857VGSILVA,2025-09-05,110372,1,9,0,281.0
10109857VGSILVA_2025-09-05_G13,10109857VGSILVA,2025-09-05,110375,1,3,0,114.0
10109857VGSILVA_2025-09-05_G14,10109857VGSILVA,2025-09-05,118299,1,20,0,285.0
10109857VGSILVA_2025-09-05_G15,10109857VGSILVA,2025-09-05,107236,1,2,0,64.0
10109857VGSILVA_2025-09-05_G16,10109857VGSILVA,2025-09-05,117833,1,2,0,38.0
10109857VGSILVA_2025-09-05_G17,10109857VGSILVA,2025-09-05,141823,1,3,0,41.0
10109857VGSILVA_2025-09-05_G18,10109857VGSILVA,2025-09-05,111468,1,8,0,54.0
10109857VGSILVA_2025-09-05_G19,10109857VGSILVA,2025-09-05,118094,1,8,0,88.0
10109857VGSILVA_2025-09-05_G20,10109857VGSILVA,2025-09-05,110515,1,8,0,54.0
10109857VGSILVA_2025-09-05_G21,10109857VGSILVA,2025-09-05,117830,1,4,0,120.0
10109857VGSILVA_2025-09-05_G22,10109857VGSILVA,2025-09-05,141202,1,4,0,35.0
10109857VGSILVA_2025-09-05_G23,10109857VGSILVA,2025-09-05,111441,1,4,0,180.0
10109857VGSILVA_2025-09-05_G24,10109857VGSILVA,2025-09-05,107888,1,2,0,45.0
10109857VGSILVA_2025-09-05_G25,10109857VGSILVA,2025-09-05,118251,1,4,0,100.0
10109857VGSILVA_2025-09-05_G26,10109857VGSILVA,2025-09-05,111655,1,4,0,319.0
10109857VGSILVA_2025-09-05_G27,10109857VGSILVA,2025-09-05,108770,1,4,0,90.0
10109857VGSILVA_2025-09-05_G28,10109857VGSILVA,2025-09-05,110747,1,4,0,59.0
10109857VGSILVA_2025-09-05_G29,10109857VGSILVA,2025-09-05,111438,1,4,0,53.0
10109857VGSILVA_2025-09-05_G30,10109857VGSILVA,2025-09-05,118222,1,4,0,138.0
10109857VGSILVA_2025-09-05_G31,10109857VGSILVA,2025-09-05,106326,1,2,0,426.0
10109857VGSILVA_2025-09-05_G32,10109857VGSILVA,2025-09-05,117861,1,2,0,323.0
10109857VGSILVA_2025-09-05_G33,10109857VGSILVA,2025-09-05,110787,1,6,0,327.0
10109857VGSILVA_2025-09-05_G34,10109857VGSILVA,2025-09-05,107888,1,1,0,329.0
10109857VGSILVA_2025-09-05_G35,10109857VGSILVA,2025-09-05,118306,1,4,0,47.0
10109857VGSILVA_2025-09-05_G36,10109857VGSILVA,2025-09-05,110313,1,1,0,75.0
10109857VGSILVA_2025-09-05_G37,10109857VGSILVA,2025-09-05,117786,1,6,0,56.0
10109857VGSILVA_2025-09-05_G38,10109857VGSILVA,2025-09-05,117788,1,2,0,35.0
10109857VGSILVA_2025-09-05_G39,10109857VGSILVA,2025-09-05,117856,1,6,0,99.0
10109857VGSILVA_2025-09-05_G40,10109857VGSILVA,2025-09-05,110129,1,4,0,83.0
10109857VGSILVA_2025-09-05_G41,10109857VGSILVA,2025-09-05,118140,1,2,0,58.0
10109857VGSILVA_2025-09-05_G42,10109857VGSILVA,2025-09-05,111463,1,1,0,56.0
10109857VGSILVA_2025-09-05_G43,10109857VGSILVA,2025-09-05,108711,1,3,0,207.0
10109857VGSILVA_2025-09-05_G44,10109857VGSILVA,2025-09-05,117820,1,8,0,64.0
10109857VGSILVA_2025-09-05_G45,10109857VGSILVA,2025-09-05,110373,1,16,0,121.0
10109857VGSILVA_2025-09-05_G46,10109857VGSILVA,2025-09-05,111743,1,6,0,205.0
10109857VGSILVA_2025-09-05_G47,10109857VGSILVA,2025-09-05,117787,1,1,0,76.0
10109857VGSILVA_2025-09-05_G48,10109857VGSILVA,2025-09-05,111431,1,1,0,42.0
10109857VGSILVA_2025-09-05_G49,10109857VGSILVA,2025-09-05,110375,1,2,0,76.0
10109857VGSILVA_2025-09-05_G50,10109857VGSILVA,2025-09-05,109645,1,4,0,65.0
10109857VGSILVA_2025-09-05_G51,10109857VGSILVA,2025-09-05,108794,1,6,0,55.0
10109857VGSILVA_2025-09-05_G52,10109857VGSILVA,2025-09-05,111418,1,8,0,70.0
10109857VGSILVA_2025-09-05_G53,10109857VGSILVA,2025-09-05,111532,1,2,0,35.0
10109857VGSILVA_2025-09-05_G54,10109857VGSILVA,2025-09-05,110339,1,4,0,87.0
10109857VGSILVA_2025-09-05_G55,10109857VGSILVA,2025-09-05,108770,1,1,0,42.0
10109857VGSILVA_2025-09-05_G56,10109857VGSILVA,2025-09-05,109640,1,8,0,107.0
10109857VGSILVA_2025-09-05_G57,10109857VGSILVA,2025-09-05,111462,1,5,0,117.0
10109857VGSILVA_2025-09-05_G58,10109857VGSILVA,2025-09-05,117833,1,2,0,32.0
10109857VGSILVA_2025-09-05_G59,10109857VGSILVA,2025-09-05,141823,1,6,0,69.0
10109857VGSILVA_2025-09-05_G60,10109857VGSILVA,2025-09-05,111468,1,3,0,98.0
10109857VGSILVA_2025-09-05_G61,10109857VGSILVA,2025-09-05,118330,1,4,0,36.0
10109857VGSILVA_2025-09-05_G62,10109857VGSILVA,2025-09-05,110740,1,4,0,45.0
10109857VGSILVA_2025-09-05_G63,10109857VGSILVA,2025-09-05,117822,1,2,0,98.0
10109857VGSILVA_2025-09-05_G64,10109857VGSILVA,2025-09-05,117809,1,8,0,246.0
10109857VGSILVA_2025-09-05_G65,10109857VGSILVA,2025-09-05,110747,1,1,0,78.0
10109857VGSILVA_2025-09-05_G66,10109857VGSILVA,2025-09-05,118094,1,8,0,130.0
10109857VGSILVA_2025-09-05_G67,10109857VGSILVA,2025-09-05,110515,1,6,0,64.0
10109857VGSILVA_2025-09-05_G68,10109857VGSILVA,2025-09-05,117808,1,21,0,129.0
10109857VGSILVA_2025-09-05_G69,10109857VGSILVA,2025-09-05,118299,1,49,0,466.0
10109857VGSILVA_2025-09-05_G70,10109857VGSILVA,2025-09-05,"111463, 110313",2,6,23,236.0
10109857VGSILVA_2025-09-05_G71,10109857VGSILVA,2025-09-05,110741,1,6,0,100.0
10109857VGSILVA_2025-09-05_G72,10109857VGSILVA,2025-09-05,111650,1,2,0,72.0
10109857VGSILVA_2025-09-05_G73,10109857VGSILVA,2025-09-05,108770,1,2,0,90.0
10109857VGSILVA_2025-09-05_G74,10109857VGSILVA,2025-09-05,101217,1,1,0,103.0
10109857VGSILVA_2025-09-05_G75,10109857VGSILVA,2025-09-05,109495,1,4,0,92.0
10109857VGSILVA_2025-09-05_G76,10109857VGSILVA,2025-09-05,117838,1,2,0,356.0
10109857VGSILVA_2025-09-05_G77,10109857VGSILVA,2025-09-05,111743,1,2,0,49.0
10109857VGSILVA_2025-09-05_G78,10109857VGSILVA,2025-09-05,110787,1,3,0,114.0
10109857VGSILVA_2025-09-05_G79,10109857VGSILVA,2025-09-05,141456,1,4,0,44.0
10109857VGSILVA_2025-09-05_G80,10109857VGSILVA,2025-09-05,109645,1,2,0,33.0
10109857VGSILVA_2025-09-05_G81,10109857VGSILVA,2025-09-05,108794,1,4,0,37.0
10109857VGSILVA_2025-09-05_G82,10109857VGSILVA,2025-09-05,117831,1,2,0,60.0
10109857VGSILVA_2025-09-05_G83,10109857VGSILVA,2025-09-05,141458,1,6,0,71.0
10109857VGSILVA_2025-09-05_G84,10109857VGSILVA,2025-09-05,117797,1,4,0,279.0
10109857VGSILVA_2025-09-05_G85,10109857VGSILVA,2025-09-05,108795,1,4,0,759.0
10109857VGSILVA_2025-09-05_G86,10109857VGSILVA,2025-09-05,108795,1,1,0,185.0
10109857VGSILVA_2025-09-05_G87,10109857VGSILVA,2025-09-05,111440,1,4,0,160.0
10109857VGSILVA_2025-09-06_G02,10109857VGSILVA,2025-09-06,111634,1,100,0,788.0
10109857VGSILVA_2025-09-06_G04,10109857VGSILVA,2025-09-06,108410,1,2,0,1388.0
10109857VGSILVA_2025-09-06_G05,10109857VGSILVA,2025-09-06,118283,1,49,0,619.0
10109857VGSILVA_2025-09-06_G06,10109857VGSILVA,2025-09-06,107888,1,2,0,128.0
10109857VGSILVA_2025-09-06_G07,10109857VGSILVA,2025-09-06,118306,1,1,0,103.0
10109857VGSILVA_2025-09-06_G08,10109857VGSILVA,2025-09-06,118253,1,10,0,514.0
10109857VGSILVA_2025-09-06_G09,10109857VGSILVA,2025-09-06,118418,1,6,0,281.0
10109857VGSILVA_2025-09-06_G10,10109857VGSILVA,2025-09-06,118363,1,8,0,174.0
10109857VGSILVA_2025-09-06_G11,10109857VGSILVA,2025-09-06,108031,1,2,0,158.0
10109857VGSILVA_2025-09-06_G12,10109857VGSILVA,2025-09-06,110682,1,1,0,39.0
10109857VGSILVA_2025-09-06_G13,10109857VGSILVA,2025-09-06,109873,1,1,0,50.0
10109857VGSILVA_2025-09-06_G14,10109857VGSILVA,2025-09-06,118417,1,9,0,70.0
10109857VGSILVA_2025-09-06_G15,10109857VGSILVA,2025-09-06,111793,1,2,0,70.0
10109857VGSILVA_2025-09-06_G16,10109857VGSILVA,2025-09-06,108770,1,33,0,271.0
10109857VGSILVA_2025-09-06_G17,10109857VGSILVA,2025-09-06,140915,1,9,0,406.0
10109857VGSILVA_2025-09-07_G02,10109857VGSILVA,2025-09-07,141313,1,2,0,550.0
10109857VGSILVA_2025-09-07_G03,10109857VGSILVA,2025-09-07,141313,1,2,0,51.0
10109857VGSILVA_2025-09-07_G04,10109857VGSILVA,2025-09-07,109640,1,4,0,217.0
10109857VGSILVA_2025-09-07_G05,10109857VGSILVA,2025-09-07,141035,1,1,0,734.0
10109857VGSILVA_2025-09-07_G06,10109857VGSILVA,2025-09-07,108711,1,1,0,83.0
10109857VGSILVA_2025-09-07_G07,10109857VGSILVA,2025-09-07,117856,1,6,0,75.0
10109857VGSILVA_2025-09-07_G08,10109857VGSILVA,2025-09-07,118299,1,4,0,106.0
10109857VGSILVA_2025-09-07_G09,10109857VGSILVA,2025-09-07,110515,1,4,0,61.0
10109857VGSILVA_2025-09-07_G10,10109857VGSILVA,2025-09-07,117838,1,2,0,380.0
10109857VGSILVA_2025-09-07_G11,10109857VGSILVA,2025-09-07,109643,1,4,0,100.0
10109857VGSILVA_2025-09-07_G12,10109857VGSILVA,2025-09-07,110733,1,4,0,123.0
10109857VGSILVA_2025-09-07_G13,10109857VGSILVA,2025-09-07,111850,1,4,0,214.0
10109857VGSILVA_2025-09-07_G14,10109857VGSILVA,2025-09-07,141313,1,2,0,95.0
10109857VGSILVA_2025-09-07_G15,10109857VGSILVA,2025-09-07,118094,1,4,0,134.0
10109857VGSILVA_2025-09-07_G16,10109857VGSILVA,2025-09-07,111438,1,3,0,891.0
10109857VGSILVA_2025-09-07_G17,10109857VGSILVA,2025-09-07,108759,1,4,0,87.0
10109857VGSILVA_2025-09-07_G18,10109857VGSILVA,2025-09-07,117856,1,12,0,468.0
10109857VGSILVA_2025-09-07_G19,10109857VGSILVA,2025-09-07,108795,1,8,0,211.0
10109857VGSILVA_2025-09-07_G20,10109857VGSILVA,2025-09-07,110743,1,2,0,45.0
10109857VGSILVA_2025-09-07_G21,10109857VGSILVA,2025-09-07,111463,1,7,0,97.0
10109857VGSILVA_2025-09-07_G22,10109857VGSILVA,2025-09-07,108711,1,6,0,285.0
10109857VGSILVA_2025-09-07_G23,10109857VGSILVA,2025-09-07,107830,1,4,0,83.0
10109857VGSILVA_2025-09-07_G24,10109857VGSILVA,2025-09-07,117808,1,6,0,70.0
10109857VGSILVA_2025-09-07_G25,10109857VGSILVA,2025-09-07,118418,1,2,0,101.0
10109857VGSILVA_2025-09-07_G26,10109857VGSILVA,2025-09-07,107629,1,4,0,136.0
10109857VGSILVA_2025-09-07_G27,10109857VGSILVA,2025-09-07,140922,1,14,0,134.0
10109857VGSILVA_2025-09-07_G28,10109857VGSILVA,2025-09-07,111743,1,12,0,154.0
10109857VGSILVA_2025-09-07_G29,10109857VGSILVA,2025-09-07,"117935, 117861",2,2,29,309.0
10109857VGSILVA_2025-09-08_G02,10109857VGSILVA,2025-09-08,110787,1,2,0,46.0
10109857VGSILVA_2025-09-08_G03,10109857VGSILVA,2025-09-08,108794,1,3,0,78.0
10109857VGSILVA_2025-09-08_G04,10109857VGSILVA,2025-09-08,111532,1,12,0,123.0
10109857VGSILVA_2025-09-08_G05,10109857VGSILVA,2025-09-08,101217,1,2,0,70.0
10109857VGSILVA_2025-09-08_G06,10109857VGSILVA,2025-09-08,110372,1,22,0,201.0
10109857VGSILVA_2025-09-08_G07,10109857VGSILVA,2025-09-08,110371,1,8,0,108.0
10109857VGSILVA_2025-09-08_G08,10109857VGSILVA,2025-09-08,110373,1,9,0,157.0
10109857VGSILVA_2025-09-08_G09,10109857VGSILVA,2025-09-08,109640,1,3,0,235.0
10109857VGSILVA_2025-09-08_G10,10109857VGSILVA,2025-09-08,111462,1,2,0,73.0
10109857VGSILVA_2025-09-08_G11,10109857VGSILVA,2025-09-08,117833,1,3,0,60.0
10109857VGSILVA_2025-09-08_G12,10109857VGSILVA,2025-09-08,111348,1,4,0,74.0
10109857VGSILVA_2025-09-08_G13,10109857VGSILVA,2025-09-08,118299,1,4,0,154.0
10109857VGSILVA_2025-09-08_G14,10109857VGSILVA,2025-09-08,110376,1,3,0,91.0
10109857VGSILVA_2025-09-08_G15,10109857VGSILVA,2025-09-08,118094,1,3,0,680.0
10109857VGSILVA_2025-09-08_G16,10109857VGSILVA,2025-09-08,110515,1,11,0,572.0
10109857VGSILVA_2025-09-08_G17,10109857VGSILVA,2025-09-08,110740,1,8,0,113.0
10109857VGSILVA_2025-09-08_G18,10109857VGSILVA,2025-09-08,111465,1,2,0,79.0
10109857VGSILVA_2025-09-08_G19,10109857VGSILVA,2025-09-08,117830,1,7,0,97.0
10109857VGSILVA_2025-09-08_G20,10109857VGSILVA,2025-09-08,141202,1,2,0,34.0
10109857VGSILVA_2025-09-08_G21,10109857VGSILVA,2025-09-08,111850,1,2,0,305.0
10109857VGSILVA_2025-09-08_G22,10109857VGSILVA,2025-09-08,110313,1,2,0,250.0
10109857VGSILVA_2025-09-08_G23,10109857VGSILVA,2025-09-08,111650,1,4,0,223.0
10109857VGSILVA_2025-09-08_G24,10109857VGSILVA,2025-09-08,110515,1,8,0,171.0
10109857VGSILVA_2025-09-08_G25,10109857VGSILVA,2025-09-08,118222,1,2,0,668.0
10109857VGSILVA_2025-09-08_G26,10109857VGSILVA,2025-09-08,111441,1,3,0,1536.0
10109857VGSILVA_2025-09-08_G27,10109857VGSILVA,2025-09-08,117856,1,8,0,149.0
10109857VGSILVA_2025-09-08_G28,10109857VGSILVA,2025-09-08,118140,1,11,0,161.0
10109857VGSILVA_2025-09-08_G29,10109857VGSILVA,2025-09-08,117935,1,6,0,261.0
10109857VGSILVA_2025-09-08_G30,10109857VGSILVA,2025-09-08,117832,1,1,0,388.0
10109857VGSILVA_2025-09-08_G31,10109857VGSILVA,2025-09-08,117855,1,6,0,148.0
10109857VGSILVA_2025-09-08_G32,10109857VGSILVA,2025-09-08,141047,1,3,0,63.0
10109857VGSILVA_2025-09-08_G33,10109857VGSILVA,2025-09-08,111569,1,3,0,158.0
10109857VGSILVA_2025-09-08_G34,10109857VGSILVA,2025-09-08,110339,1,4,0,87.0
10109857VGSILVA_2025-09-08_G35,10109857VGSILVA,2025-09-08,141456,1,20,0,354.0
10109857VGSILVA_2025-09-08_G36,10109857VGSILVA,2025-09-08,141457,1,8,0,168.0
10109857VGSILVA_2025-09-08_G37,10109857VGSILVA,2025-09-08,111532,1,4,0,87.0
10109857VGSILVA_2025-09-08_G38,10109857VGSILVA,2025-09-08,110745,1,6,0,128.0
10109857VGSILVA_2025-09-08_G39,10109857VGSILVA,2025-09-08,118094,1,2,0,80.0
10109857VGSILVA_2025-09-08_G40,10109857VGSILVA,2025-09-08,110515,1,4,0,102.0
10109857VGSILVA_2025-09-08_G41,10109857VGSILVA,2025-09-08,117837,1,2,0,64.0
10109857VGSILVA_2025-09-08_G42,10109857VGSILVA,2025-09-08,141352,1,8,0,397.0
10109857VGSILVA_2025-09-08_G43,10109857VGSILVA,2025-09-08,111463,1,8,0,622.0
10109857VGSILVA_2025-09-08_G44,10109857VGSILVA,2025-09-08,111469,1,4,0,125.0
10109857VGSILVA_2025-09-08_G45,10109857VGSILVA,2025-09-08,110313,1,8,0,206.0
10109857VGSILVA_2025-09-08_G46,10109857VGSILVA,2025-09-08,117856,1,7,0,116.0
10109857VGSILVA_2025-09-08_G47,10109857VGSILVA,2025-09-08,111441,1,4,0,142.0
10109857VGSILVA_2025-09-08_G48,10109857VGSILVA,2025-09-08,110582,1,4,0,86.0
10109857VGSILVA_2025-09-08_G49,10109857VGSILVA,2025-09-08,107830,1,3,0,432.0
10109857VGSILVA_2025-09-08_G50,10109857VGSILVA,2025-09-08,117808,1,40,0,284.0
10109857VGSILVA_2025-09-08_G51,10109857VGSILVA,2025-09-08,110374,1,10,0,133.0
10109857VGSILVA_2025-09-08_G53,10109857VGSILVA,2025-09-08,109643,1,1,0,76.0
10109857VGSILVA_2025-09-08_G54,10109857VGSILVA,2025-09-08,110374,1,22,0,150.0
10109857VGSILVA_2025-09-08_G55,10109857VGSILVA,2025-09-08,118140,1,21,0,165.0
10109857VGSILVA_2025-09-08_G56,10109857VGSILVA,2025-09-08,110733,1,20,0,180.0
10109857VGSILVA_2025-09-08_G57,10109857VGSILVA,2025-09-08,110372,1,21,0,405.0
10109857VGSILVA_2025-09-08_G58,10109857VGSILVA,2025-09-08,110373,1,2,0,46.0
10109857VGSILVA_2025-09-08_G59,10109857VGSILVA,2025-09-08,117821,1,6,0,93.0
10109857VGSILVA_2025-09-08_G60,10109857VGSILVA,2025-09-08,108794,1,10,0,135.0
10109857VGSILVA_2025-09-08_G61,10109857VGSILVA,2025-09-08,141457,1,2,0,35.0
10109857VGSILVA_2025-09-08_G62,10109857VGSILVA,2025-09-08,111418,1,15,0,75.0
10109857VGSILVA_2025-09-08_G63,10109857VGSILVA,2025-09-08,117785,1,2,0,73.0
10109857VGSILVA_2025-09-08_G64,10109857VGSILVA,2025-09-08,111462,1,2,0,37.0
10109857VGSILVA_2025-09-08_G65,10109857VGSILVA,2025-09-08,118317,1,1,0,70.0
10109857VGSILVA_2025-09-08_G66,10109857VGSILVA,2025-09-08,111660,1,8,0,129.0
10109857VGSILVA_2025-09-08_G67,10109857VGSILVA,2025-09-08,110515,1,2,0,223.0
10109857VGSILVA_2025-09-08_G68,10109857VGSILVA,2025-09-08,118222,1,15,0,293.0
10109857VGSILVA_2025-09-08_G69,10109857VGSILVA,2025-09-08,110313,1,7,0,174.0
10109857VGSILVA_2025-09-08_G70,10109857VGSILVA,2025-09-08,111435,1,14,0,527.0
10109857VGSILVA_2025-09-08_G71,10109857VGSILVA,2025-09-08,110743,1,3,0,49.0
10109857VGSILVA_2025-09-08_G72,10109857VGSILVA,2025-09-08,111441,1,17,0,259.0
10109857VGSILVA_2025-09-08_G73,10109857VGSILVA,2025-09-08,111443,1,8,0,412.0
10109857VGSILVA_2025-09-08_G74,10109857VGSILVA,2025-09-08,117855,1,9,0,412.0
10109857VGSILVA_2025-09-08_G75,10109857VGSILVA,2025-09-08,105705,1,15,0,315.0
10109857VGSILVA_2025-09-08_G76,10109857VGSILVA,2025-09-08,111569,1,42,0,401.0
10109857VGSILVA_2025-09-08_G77,10109857VGSILVA,2025-09-08,111418,1,34,0,237.0
10109857VGSILVA_2025-09-08_G78,10109857VGSILVA,2025-09-08,117785,1,11,0,148.0
10109857VGSILVA_2025-09-08_G79,10109857VGSILVA,2025-09-08,140922,1,14,0,459.0
10109857VGSILVA_2025-09-08_G80,10109857VGSILVA,2025-09-08,118222,1,11,0,771.0
10109857VGSILVA_2025-09-08_G81,10109857VGSILVA,2025-09-08,110740,1,6,0,162.0
10109857VGSILVA_2025-09-08_G82,10109857VGSILVA,2025-09-08,111438,1,10,0,108.0
10109857VGSILVA_2025-09-08_G83,10109857VGSILVA,2025-09-08,118317,1,42,0,1094.0
10109857VGSILVA_2025-09-09_G02,10109857VGSILVA,2025-09-09,111463,1,8,0,76.0
10109857VGSILVA_2025-09-09_G03,10109857VGSILVA,2025-09-09,118140,1,6,0,91.0
10109857VGSILVA_2025-09-09_G04,10109857VGSILVA,2025-09-09,117935,1,4,0,59.0
10109857VGSILVA_2025-09-09_G05,10109857VGSILVA,2025-09-09,117855,1,14,0,141.0
10109857VGSILVA_2025-09-09_G06,10109857VGSILVA,2025-09-09,117832,1,5,0,121.0
10109857VGSILVA_2025-09-09_G07,10109857VGSILVA,2025-09-09,117785,1,8,0,119.0
10109857VGSILVA_2025-09-09_G08,10109857VGSILVA,2025-09-09,111442,1,4,0,241.0
10109857VGSILVA_2025-09-09_G09,10109857VGSILVA,2025-09-09,140922,1,4,0,36.0
10109857VGSILVA_2025-09-09_G10,10109857VGSILVA,2025-09-09,110740,1,4,0,77.0
10109857VGSILVA_2025-09-09_G11,10109857VGSILVA,2025-09-09,117830,1,6,0,51.0
10109857VGSILVA_2025-09-09_G12,10109857VGSILVA,2025-09-09,118222,1,15,0,222.0
10109857VGSILVA_2025-09-09_G13,10109857VGSILVA,2025-09-09,117786,1,150,0,1294.0
10109857VGSILVA_2025-09-09_G14,10109857VGSILVA,2025-09-09,111530,1,200,0,561.0
10109857VGSILVA_2025-09-09_G15,10109857VGSILVA,2025-09-09,111602,1,150,0,660.0
10109857VGSILVA_2025-09-09_G16,10109857VGSILVA,2025-09-09,110313,1,100,0,1402.0
10109857VGSILVA_2025-09-09_G17,10109857VGSILVA,2025-09-09,110787,1,50,0,505.0
10109857VGSILVA_2025-09-09_G18,10109857VGSILVA,2025-09-09,111532,1,50,0,580.0
10109857VGSILVA_2025-09-09_G20,10109857VGSILVA,2025-09-09,109641,1,14,0,127.0
10109857VGSILVA_2025-09-09_G21,10109857VGSILVA,2025-09-09,110755,1,10,0,152.0
10109857VGSILVA_2025-09-09_G22,10109857VGSILVA,2025-09-09,117841,1,4,0,167.0
10109857VGSILVA_2025-09-09_G23,10109857VGSILVA,2025-09-09,117787,1,20,0,156.0
10109857VGSILVA_2025-09-09_G24,10109857VGSILVA,2025-09-09,109645,1,4,0,197.0
10109857VGSILVA_2025-09-09_G25,10109857VGSILVA,2025-09-09,105705,1,8,0,64.0
10109857VGSILVA_2025-09-09_G26,10109857VGSILVA,2025-09-09,110748,1,5,0,125.0
10109857VGSILVA_2025-09-09_G27,10109857VGSILVA,2025-09-09,118223,1,8,0,77.0
10109857VGSILVA_2025-09-09_G28,10109857VGSILVA,2025-09-09,111330,1,20,0,306.0
10109857VGSILVA_2025-09-09_G29,10109857VGSILVA,2025-09-09,111348,1,20,0,102.0
10109857VGSILVA_2025-09-09_G30,10109857VGSILVA,2025-09-09,118317,1,20,0,515.0
10109857VGSILVA_2025-09-09_G31,10109857VGSILVA,2025-09-09,111532,1,29,0,211.0
10109857VGSILVA_2025-09-09_G32,10109857VGSILVA,2025-09-09,118140,1,250,0,822.0
10109857VGSILVA_2025-09-10_G02,10109857VGSILVA,2025-09-10,111446,1,16,0,745.0
10109857VGSILVA_2025-09-10_G03,10109857VGSILVA,2025-09-10,111530,1,13,0,196.0
10109857VGSILVA_2025-09-10_G04,10109857VGSILVA,2025-09-10,110373,1,5,0,99.0
10109857VGSILVA_2025-09-10_G05,10109857VGSILVA,2025-09-10,111530,1,70,0,297.0
10109857VGSILVA_2025-09-10_G06,10109857VGSILVA,2025-09-10,111530,1,86,0,340.0
10109857VGSILVA_2025-09-10_G07,10109857VGSILVA,2025-09-10,108711,1,44,0,881.0
10109857VGSILVA_2025-09-10_G08,10109857VGSILVA,2025-09-10,118140,1,125,0,514.0
10109857VGSILVA_2025-09-10_G09,10109857VGSILVA,2025-09-10,111330,1,66,0,608.0
10109857VGSILVA_2025-09-10_G10,10109857VGSILVA,2025-09-10,111348,1,61,0,211.0
10109857VGSILVA_2025-09-10_G11,10109857VGSILVA,2025-09-10,110373,1,196,0,894.0
10109857VGSILVA_2025-09-10_G12,10109857VGSILVA,2025-09-10,110582,1,6,0,1869.0
10109857VGSILVA_2025-09-10_G13,10109857VGSILVA,2025-09-10,107888,1,12,0,96.0
10109857VGSILVA_2025-09-10_G14,10109857VGSILVA,2025-09-10,108759,1,7,0,107.0
10109857VGSILVA_2025-09-10_G15,10109857VGSILVA,2025-09-10,109647,1,1,0,45.0
10109857VGSILVA_2025-09-10_G16,10109857VGSILVA,2025-09-10,108795,1,24,0,226.0
10109857VGSILVA_2025-09-10_G17,10109857VGSILVA,2025-09-10,118317,1,26,0,680.0
10109857VGSILVA_2025-09-10_G18,10109857VGSILVA,2025-09-10,118418,1,4,0,101.0
10109857VGSILVA_2025-09-10_G19,10109857VGSILVA,2025-09-10,111440,1,4,0,43.0
10109857VGSILVA_2025-09-10_G20,10109857VGSILVA,2025-09-10,118191,1,53,0,656.0
10109857VGSILVA_2025-09-10_G21,10109857VGSILVA,2025-09-10,110374,1,30,0,196.0
10109857VGSILVA_2025-09-10_G22,10109857VGSILVA,2025-09-10,118140,1,50,0,256.0
10109857VGSILVA_2025-09-10_G23,10109857VGSILVA,2025-09-10,117833,1,1,0,133.0
10109857VGSILVA_2025-09-10_G24,10109857VGSILVA,2025-09-10,111330,1,21,0,137.0
10109857VGSILVA_2025-09-10_G25,10109857VGSILVA,2025-09-10,100334,1,8,0,229.0
10109857VGSILVA_2025-09-10_G26,10109857VGSILVA,2025-09-10,111569,1,6,0,111.0
10109857VGSILVA_2025-09-10_G27,10109857VGSILVA,2025-09-10,117808,1,510,0,1107.0
10109857VGSILVA_2025-09-10_G29,10109857VGSILVA,2025-09-10,111433,1,2,0,70.0
10109857VGSILVA_2025-09-10_G30,10109857VGSILVA,2025-09-10,111463,1,10,0,109.0
10109857VGSILVA_2025-09-10_G31,10109857VGSILVA,2025-09-10,111463,1,19,0,269.0
10109857VGSILVA_2025-09-10_G32,10109857VGSILVA,2025-09-10,108711,1,16,0,189.0
10109857VGSILVA_2025-09-10_G33,10109857VGSILVA,2025-09-10,110374,1,10,0,527.0
10109857VGSILVA_2025-09-10_G34,10109857VGSILVA,2025-09-10,110374,1,1,0,58.0
10109857VGSILVA_2025-09-10_G35,10109857VGSILVA,2025-09-10,117820,2,12,23,67.0
10109857VGSILVA_2025-09-10_G36,10109857VGSILVA,2025-09-10,111441,1,8,0,431.0
10109857VGSILVA_2025-09-10_G37,10109857VGSILVA,2025-09-10,115821,1,2,0,153.0
10109857VGSILVA_2025-09-10_G38,10109857VGSILVA,2025-09-10,118298,1,4,0,54.0
10109857VGSILVA_2025-09-10_G39,10109857VGSILVA,2025-09-10,140923,1,10,0,83.0
10109857VGSILVA_2025-09-10_G40,10109857VGSILVA,2025-09-10,110733,1,4,0,48.0
10109857VGSILVA_2025-09-10_G41,10109857VGSILVA,2025-09-10,118140,1,4,0,85.0
10109857VGSILVA_2025-09-10_G42,10109857VGSILVA,2025-09-10,118140,1,20,0,164.0
10109857VGSILVA_2025-09-10_G43,10109857VGSILVA,2025-09-10,110372,1,20,0,168.0
10109857VGSILVA_2025-09-10_G44,10109857VGSILVA,2025-09-10,110372,1,14,0,68.0
10109857VGSILVA_2025-09-10_G45,10109857VGSILVA,2025-09-10,117832,1,4,0,44.0
10109857VGSILVA_2025-09-10_G46,10109857VGSILVA,2025-09-10,110371,1,20,0,112.0
10109857VGSILVA_2025-09-10_G47,10109857VGSILVA,2025-09-10,117855,1,20,0,345.0
10109857VGSILVA_2025-09-10_G48,10109857VGSILVA,2025-09-10,117855,1,6,0,50.0
10109857VGSILVA_2025-09-10_G49,10109857VGSILVA,2025-09-10,109641,1,6,0,161.0
10109857VGSILVA_2025-09-10_G50,10109857VGSILVA,2025-09-10,110371,1,21,0,256.0
10109857VGSILVA_2025-09-10_G51,10109857VGSILVA,2025-09-10,111532,1,2,0,60.0
10109857VGSILVA_2025-09-10_G52,10109857VGSILVA,2025-09-10,141823,1,10,0,82.0
10109857VGSILVA_2025-09-10_G53,10109857VGSILVA,2025-09-10,117821,1,15,0,217.0
10109857VGSILVA_2025-09-10_G54,10109857VGSILVA,2025-09-10,141456,1,4,0,47.0
10109857VGSILVA_2025-09-10_G55,10109857VGSILVA,2025-09-10,111418,1,7,0,54.0
10109857VGSILVA_2025-09-10_G56,10109857VGSILVA,2025-09-10,111418,1,15,0,97.0
10109857VGSILVA_2025-09-10_G57,10109857VGSILVA,2025-09-10,111469,1,7,0,61.0
10109857VGSILVA_2025-09-10_G58,10109857VGSILVA,2025-09-10,111466,1,3,0,43.0
10109857VGSILVA_2025-09-10_G59,10109857VGSILVA,2025-09-10,111569,1,10,0,193.0
10109857VGSILVA_2025-09-10_G60,10109857VGSILVA,2025-09-10,110373,1,20,0,114.0
10109857VGSILVA_2025-09-10_G61,10109857VGSILVA,2025-09-10,110373,1,26,0,122.0
10109857VGSILVA_2025-09-10_G62,10109857VGSILVA,2025-09-10,117837,1,1,0,111.0
10109857VGSILVA_2025-09-10_G63,10109857VGSILVA,2025-09-10,117785,1,5,0,63.0
10109857VGSILVA_2025-09-10_G64,10109857VGSILVA,2025-09-10,117785,1,8,0,47.0
10109857VGSILVA_2025-09-10_G65,10109857VGSILVA,2025-09-10,107236,1,10,0,267.0
10109857VGSILVA_2025-09-10_G66,10109857VGSILVA,2025-09-10,117833,1,2,0,38.0
10109857VGSILVA_2025-09-10_G67,10109857VGSILVA,2025-09-10,117831,2,19,25,348.0
10109857VGSILVA_2025-09-10_G68,10109857VGSILVA,2025-09-10,111444,1,4,0,49.0
10109857VGSILVA_2025-09-10_G69,10109857VGSILVA,2025-09-10,110740,1,10,0,125.0
10109857VGSILVA_2025-09-10_G70,10109857VGSILVA,2025-09-10,141458,1,10,0,63.0
10109857VGSILVA_2025-09-10_G71,10109857VGSILVA,2025-09-10,111465,1,6,0,83.0
10109857VGSILVA_2025-09-10_G72,10109857VGSILVA,2025-09-10,111462,1,4,0,83.0
10109857VGSILVA_2025-09-10_G73,10109857VGSILVA,2025-09-10,117808,1,47,0,133.0
10109857VGSILVA_2025-09-10_G74,10109857VGSILVA,2025-09-10,118299,1,19,0,307.0
10109857VGSILVA_2025-09-10_G75,10109857VGSILVA,2025-09-10,117830,1,10,0,112.0
10109857VGSILVA_2025-09-10_G76,10109857VGSILVA,2025-09-10,117809,1,4,0,39.0
10109857VGSILVA_2025-09-11_G02,10109857VGSILVA,2025-09-11,107888,1,12,0,269.0
10109857VGSILVA_2025-09-11_G03,10109857VGSILVA,2025-09-11,108759,1,3,0,130.0
10109857VGSILVA_2025-09-11_G04,10109857VGSILVA,2025-09-11,118253,1,12,0,294.0
10109857VGSILVA_2025-09-11_G05,10109857VGSILVA,2025-09-11,"141035, 118416",2,5,30,78.0
10109857VGSILVA_2025-09-11_G06,10109857VGSILVA,2025-09-11,117854,1,8,0,131.0
10109857VGSILVA_2025-09-11_G07,10109857VGSILVA,2025-09-11,117786,1,50,0,488.0
10109857VGSILVA_2025-09-11_G08,10109857VGSILVA,2025-09-11,117788,1,22,0,647.0
10109857VGSILVA_2025-09-11_G09,10109857VGSILVA,2025-09-11,111876,1,15,0,180.0
10109857VGSILVA_2025-09-11_G10,10109857VGSILVA,2025-09-11,118418,1,1,0,82.0
10109857VGSILVA_2025-09-11_G11,10109857VGSILVA,2025-09-11,103149,1,1,0,31.0
10109857VGSILVA_2025-09-11_G12,10109857VGSILVA,2025-09-11,117836,1,6,0,111.0
10109857VGSILVA_2025-09-11_G13,10109857VGSILVA,2025-09-11,117834,1,3,0,93.0
10109857VGSILVA_2025-09-11_G14,10109857VGSILVA,2025-09-11,118298,1,40,0,368.0
10109857VGSILVA_2025-09-11_G15,10109857VGSILVA,2025-09-11,117935,1,20,0,439.0
10109857VGSILVA_2025-09-11_G16,10109857VGSILVA,2025-09-11,117861,1,50,0,332.0
10109857VGSILVA_2025-09-11_G17,10109857VGSILVA,2025-09-11,110733,1,20,0,366.0
10109857VGSILVA_2025-09-11_G18,10109857VGSILVA,2025-09-11,117853,1,30,0,169.0
10109857VGSILVA_2025-09-11_G19,10109857VGSILVA,2025-09-11,141047,1,8,0,187.0
10109857VGSILVA_2025-09-11_G20,10109857VGSILVA,2025-09-11,111569,1,8,0,123.0
10109857VGSILVA_2025-09-11_G21,10109857VGSILVA,2025-09-11,141318,1,10,0,131.0
10109857VGSILVA_2025-09-11_G22,10109857VGSILVA,2025-09-11,111655,1,20,0,377.0
10109857VGSILVA_2025-09-11_G23,10109857VGSILVA,2025-09-11,140911,1,1,0,87.0
10109857VGSILVA_2025-09-11_G24,10109857VGSILVA,2025-09-11,110747,1,20,0,561.0
10109857VGSILVA_2025-09-11_G25,10109857VGSILVA,2025-09-11,117789,1,2,0,59.0
10109857VGSILVA_2025-09-11_G26,10109857VGSILVA,2025-09-11,118094,1,20,0,111.0
10109857VGSILVA_2025-09-11_G27,10109857VGSILVA,2025-09-11,110753,1,5,0,99.0
10109857VGSILVA_2025-09-11_G28,10109857VGSILVA,2025-09-11,118271,1,5,0,709.0
10109857VGSILVA_2025-09-11_G29,10109857VGSILVA,2025-09-11,109643,1,50,0,481.0
10109857VGSILVA_2025-09-11_G30,10109857VGSILVA,2025-09-11,117840,1,16,0,353.0
10109857VGSILVA_2025-09-11_G31,10109857VGSILVA,2025-09-11,110375,1,80,0,218.0
10109857VGSILVA_2025-09-11_G32,10109857VGSILVA,2025-09-11,141202,1,50,0,482.0
10109857VGSILVA_2025-09-11_G34,10109857VGSILVA,2025-09-11,111430,1,10,0,177.0
10109857VGSILVA_2025-09-11_G35,10109857VGSILVA,2025-09-11,111430,1,2,0,42.0
10109857VGSILVA_2025-09-11_G36,10109857VGSILVA,2025-09-11,117834,1,3,0,164.0
10109857VGSILVA_2025-09-11_G37,10109857VGSILVA,2025-09-11,110755,1,2,0,51.0
10109857VGSILVA_2025-09-11_G38,10109857VGSILVA,2025-09-11,117855,1,20,0,282.0
10109857VGSILVA_2025-09-11_G39,10109857VGSILVA,2025-09-11,111850,1,4,0,137.0
10109857VGSILVA_2025-09-11_G40,10109857VGSILVA,2025-09-11,110747,1,2,0,90.0
10109857VGSILVA_2025-09-11_G41,10109857VGSILVA,2025-09-11,118094,1,2,0,92.0
10109857VGSILVA_2025-09-11_G42,10109857VGSILVA,2025-09-11,117820,1,10,0,100.0
10109857VGSILVA_2025-09-11_G43,10109857VGSILVA,2025-09-11,110372,1,7,0,109.0
10109857VGSILVA_2025-09-11_G44,10109857VGSILVA,2025-09-11,110373,1,20,0,456.0
10109857VGSILVA_2025-09-11_G45,10109857VGSILVA,2025-09-11,118299,1,10,0,157.0
10109857VGSILVA_2025-09-11_G46,10109857VGSILVA,2025-09-11,118222,1,17,0,2325.0
10109857VGSILVA_2025-09-11_G47,10109857VGSILVA,2025-09-11,110747,1,3,0,264.0
10109857VGSILVA_2025-09-11_G48,10109857VGSILVA,2025-09-11,107830,1,5,0,139.0
10109857VGSILVA_2025-09-11_G49,10109857VGSILVA,2025-09-11,110372,1,24,0,295.0
10109857VGSILVA_2025-09-11_G50,10109857VGSILVA,2025-09-11,"110373, 117808",3,36,52,237.0
10109857VGSILVA_2025-09-12_G02,10109857VGSILVA,2025-09-12,111463,1,47,0,294.0
10109857VGSILVA_2025-09-12_G03,10109857VGSILVA,2025-09-12,141066,1,2,0,78.0
10109857VGSILVA_2025-09-12_G04,10109857VGSILVA,2025-09-12,117862,1,8,0,70.0
10109857VGSILVA_2025-09-12_G05,10109857VGSILVA,2025-09-12,111876,1,2,0,53.0
10109857VGSILVA_2025-09-12_G06,10109857VGSILVA,2025-09-12,117861,1,1,0,132.0
10109857VGSILVA_2025-09-12_G07,10109857VGSILVA,2025-09-12,118140,1,35,0,517.0
10109857VGSILVA_2025-09-12_G08,10109857VGSILVA,2025-09-12,110787,1,3,0,133.0
10109857VGSILVA_2025-09-12_G09,10109857VGSILVA,2025-09-12,110787,1,4,0,33.0
10109857VGSILVA_2025-09-12_G10,10109857VGSILVA,2025-09-12,111330,1,2,0,137.0
10109857VGSILVA_2025-09-12_G11,10109857VGSILVA,2025-09-12,108794,1,3,0,47.0
10109857VGSILVA_2025-09-12_G12,10109857VGSILVA,2025-09-12,141457,1,4,0,43.0
10109857VGSILVA_2025-09-12_G13,10109857VGSILVA,2025-09-12,111469,1,39,0,233.0
10109857VGSILVA_2025-09-12_G14,10109857VGSILVA,2025-09-12,111466,1,51,0,361.0
10109857VGSILVA_2025-09-12_G15,10109857VGSILVA,2025-09-12,111879,1,1,0,291.0
10109857VGSILVA_2025-09-12_G16,10109857VGSILVA,2025-09-12,117855,1,28,0,285.0
10109857VGSILVA_2025-09-12_G17,10109857VGSILVA,2025-09-12,110313,1,37,0,269.0
10109857VGSILVA_2025-09-12_G18,10109857VGSILVA,2025-09-12,117785,1,105,0,608.0
10109857VGSILVA_2025-09-12_G19,10109857VGSILVA,2025-09-12,107236,1,2,0,38.0
10109857VGSILVA_2025-09-12_G20,10109857VGSILVA,2025-09-12,117833,1,5,0,45.0
10109857VGSILVA_2025-09-12_G21,10109857VGSILVA,2025-09-12,117831,1,13,0,389.0
10109857VGSILVA_2025-09-12_G22,10109857VGSILVA,2025-09-12,110740,1,2,0,55.0
10109857VGSILVA_2025-09-12_G23,10109857VGSILVA,2025-09-12,111532,1,72,0,500.0
10109857VGSILVA_2025-09-12_G24,10109857VGSILVA,2025-09-12,111467,1,15,0,157.0
10109857VGSILVA_2025-09-12_G25,10109857VGSILVA,2025-09-12,141202,1,4,0,662.0
10109857VGSILVA_2025-09-12_G26,10109857VGSILVA,2025-09-12,117822,1,4,0,50.0
10109857VGSILVA_2025-09-12_G27,10109857VGSILVA,2025-09-12,117809,1,11,0,47.0
10109857VGSILVA_2025-09-12_G28,10109857VGSILVA,2025-09-12,117830,1,99,0,459.0
10109857VGSILVA_2025-09-12_G29,10109857VGSILVA,2025-09-12,118299,1,180,0,610.0
10109857VGSILVA_2025-09-12_G30,10109857VGSILVA,2025-09-12,118306,1,4,0,1693.0
10109857VGSILVA_2025-09-12_G31,10109857VGSILVA,2025-09-12,117854,1,4,0,76.0
10109857VGSILVA_2025-09-12_G32,10109857VGSILVA,2025-09-12,117786,1,10,0,93.0
10109857VGSILVA_2025-09-12_G33,10109857VGSILVA,2025-09-12,117862,1,22,0,145.0
10109857VGSILVA_2025-09-12_G34,10109857VGSILVA,2025-09-12,109647,1,2,0,89.0
10109857VGSILVA_2025-09-12_G35,10109857VGSILVA,2025-09-12,111876,1,2,0,38.0
10109857VGSILVA_2025-09-12_G36,10109857VGSILVA,2025-09-12,109643,1,13,0,178.0
10109857VGSILVA_2025-09-12_G37,10109857VGSILVA,2025-09-12,117840,1,3,0,333.0
10109857VGSILVA_2025-09-12_G38,10109857VGSILVA,2025-09-12,117834,1,3,0,59.0
10109857VGSILVA_2025-09-12_G39,10109857VGSILVA,2025-09-12,117855,1,35,0,337.0
10109857VGSILVA_2025-09-12_G40,10109857VGSILVA,2025-09-12,110376,1,3,0,126.0
10109857VGSILVA_2025-09-12_G41,10109857VGSILVA,2025-09-12,110752,1,5,0,101.0
10109857VGSILVA_2025-09-12_G42,10109857VGSILVA,2025-09-12,118094,1,9,0,113.0
10109857VGSILVA_2025-09-12_G43,10109857VGSILVA,2025-09-12,117837,1,8,0,203.0
10109857VGSILVA_2025-09-12_G44,10109857VGSILVA,2025-09-12,117822,1,10,0,103.0
10109857VGSILVA_2025-09-12_G45,10109857VGSILVA,2025-09-12,117808,1,397,0,860.0
10109857VGSILVA_2025-09-12_G47,10109857VGSILVA,2025-09-12,110373,1,280,0,1265.0
10109857VGSILVA_2025-09-12_G48,10109857VGSILVA,2025-09-12,117808,1,200,0,246.0
10109857VGSILVA_2025-09-12_G49,10109857VGSILVA,2025-09-12,118299,1,68,0,522.0
10109857VGSILVA_2025-09-12_G50,10109857VGSILVA,2025-09-12,141457,1,200,0,733.0
10109857VGSILVA_2025-09-12_G51,10109857VGSILVA,2025-09-12,141035,1,4,0,340.0
10109857VGSILVA_2025-09-12_G52,10109857VGSILVA,2025-09-12,117820,1,200,0,723.0
10109857VGSILVA_2025-09-12_G53,10109857VGSILVA,2025-09-12,118299,1,800,0,1525.0
10109857VGSILVA_2025-09-12_G54,10109857VGSILVA,2025-09-12,111463,1,140,0,760.0
10109857VGSILVA_2025-09-12_G55,10109857VGSILVA,2025-09-12,109641,1,6,0,208.0
10109857VGSILVA_2025-09-12_G56,10109857VGSILVA,2025-09-12,111469,1,8,0,124.0
10109857VGSILVA_2025-09-12_G57,10109857VGSILVA,2025-09-12,117831,1,43,0,629.0
10109857VGSILVA_2025-09-12_G58,10109857VGSILVA,2025-09-12,140922,1,28,0,436.0
10109857VGSILVA_2025-09-12_G59,10109857VGSILVA,2025-09-12,110740,1,4,0,90.0
10109857VGSILVA_2025-09-13_G02,10109857VGSILVA,2025-09-13,117809,1,100,0,358.0
10109857VGSILVA_2025-09-13_G03,10109857VGSILVA,2025-09-13,111418,1,300,0,1907.0
10109857VGSILVA_2025-09-13_G04,10109857VGSILVA,2025-09-13,111463,1,150,0,466.0
10109857VGSILVA_2025-09-13_G05,10109857VGSILVA,2025-09-13,118299,1,18,0,240.0
10109857VGSILVA_2025-09-13_G06,10109857VGSILVA,2025-09-13,117833,1,20,0,210.0
10109857VGSILVA_2025-09-13_G07,10109857VGSILVA,2025-09-13,111467,1,37,0,315.0
10109857VGSILVA_2025-09-13_G08,10109857VGSILVA,2025-09-13,117830,1,150,0,563.0
10109857VGSILVA_2025-09-13_G09,10109857VGSILVA,2025-09-13,117808,1,400,0,1597.0
10109857VGSILVA_2025-09-14_G02,10109857VGSILVA,2025-09-14,111435,1,2,0,60.0
10109857VGSILVA_2025-09-14_G03,10109857VGSILVA,2025-09-14,111435,1,68,0,436.0
10109857VGSILVA_2025-09-14_G04,10109857VGSILVA,2025-09-14,111463,1,221,0,1021.0
10109857VGSILVA_2025-09-14_G05,10109857VGSILVA,2025-09-14,118317,1,22,0,307.0
10109857VGSILVA_2025-09-14_G06,10109857VGSILVA,2025-09-14,111443,1,4,0,54.0
10109857VGSILVA_2025-09-14_G07,10109857VGSILVA,2025-09-14,117841,1,4,0,148.0
10109857VGSILVA_2025-09-14_G08,10109857VGSILVA,2025-09-14,108798,1,9,0,345.0
10109857VGSILVA_2025-09-14_G09,10109857VGSILVA,2025-09-14,117787,1,3,0,68.0
10109857VGSILVA_2025-09-14_G10,10109857VGSILVA,2025-09-14,117821,1,9,0,123.0
10109857VGSILVA_2025-09-14_G11,10109857VGSILVA,2025-09-14,108794,1,24,0,319.0
10109857VGSILVA_2025-09-14_G12,10109857VGSILVA,2025-09-14,117833,1,11,0,140.0
10109857VGSILVA_2025-09-14_G13,10109857VGSILVA,2025-09-14,111348,1,6,0,508.0
10109857VGSILVA_2025-09-14_G14,10109857VGSILVA,2025-09-14,111444,1,6,0,59.0
10109857VGSILVA_2025-09-14_G15,10109857VGSILVA,2025-09-14,111468,1,1,0,41.0
10109857VGSILVA_2025-09-14_G16,10109857VGSILVA,2025-09-14,110740,1,53,0,428.0
10109857VGSILVA_2025-09-14_G17,10109857VGSILVA,2025-09-14,117831,1,53,0,303.0
10109857VGSILVA_2025-09-14_G18,10109857VGSILVA,2025-09-14,111465,1,15,0,183.0
10109857VGSILVA_2025-09-14_G19,10109857VGSILVA,2025-09-14,110582,1,1,0,216.0
10109857VGSILVA_2025-09-14_G20,10109857VGSILVA,2025-09-14,110742,1,2,0,163.0
10109857VGSILVA_2025-09-14_G21,10109857VGSILVA,2025-09-14,117834,1,4,0,145.0
10109857VGSILVA_2025-09-14_G22,10109857VGSILVA,2025-09-14,110755,1,44,0,865.0
10109857VGSILVA_2025-09-14_G23,10109857VGSILVA,2025-09-14,108770,1,8,0,162.0
10109857VGSILVA_2025-09-14_G24,10109857VGSILVA,2025-09-14,117835,1,7,0,157.0
10109857VGSILVA_2025-09-15_G02,10109857VGSILVA,2025-09-15,117786,1,10,0,1071.0
10109857VGSILVA_2025-09-15_G03,10109857VGSILVA,2025-09-15,111876,1,8,0,134.0
10109857VGSILVA_2025-09-15_G04,10109857VGSILVA,2025-09-15,117856,1,11,0,149.0
10109857VGSILVA_2025-09-15_G05,10109857VGSILVA,2025-09-15,118298,1,3,0,76.0
10109857VGSILVA_2025-09-15_G06,10109857VGSILVA,2025-09-15,111467,1,10,0,123.0
10109857VGSILVA_2025-09-15_G07,10109857VGSILVA,2025-09-15,117853,1,11,0,411.0
10109857VGSILVA_2025-09-15_G08,10109857VGSILVA,2025-09-15,141047,1,11,0,299.0
10109857VGSILVA_2025-09-15_G09,10109857VGSILVA,2025-09-15,117855,1,8,0,111.0
10109857VGSILVA_2025-09-15_G10,10109857VGSILVA,2025-09-15,109640,1,5,0,1135.0
10109857VGSILVA_2025-09-15_G11,10109857VGSILVA,2025-09-15,110313,1,11,0,120.0
10109857VGSILVA_2025-09-15_G12,10109857VGSILVA,2025-09-15,118306,1,8,0,227.0
10109857VGSILVA_2025-09-15_G13,10109857VGSILVA,2025-09-15,117834,1,8,0,231.0
10109857VGSILVA_2025-09-15_G14,10109857VGSILVA,2025-09-15,111569,1,7,0,169.0
10109857VGSILVA_2025-09-15_G15,10109857VGSILVA,2025-09-15,117835,1,4,0,112.0
10109857VGSILVA_2025-09-15_G16,10109857VGSILVA,2025-09-15,118222,1,20,0,1290.0
10109857VGSILVA_2025-09-15_G17,10109857VGSILVA,2025-09-15,141066,1,2,0,1908.0
10109857VGSILVA_2025-09-15_G18,10109857VGSILVA,2025-09-15,110743,1,2,0,51.0
10109857VGSILVA_2025-09-15_G19,10109857VGSILVA,2025-09-15,110373,1,1,0,83.0
10109857VGSILVA_2025-09-15_G20,10109857VGSILVA,2025-09-15,111440,1,2,0,70.0
10109857VGSILVA_2025-09-15_G21,10109857VGSILVA,2025-09-15,111443,1,2,0,83.0
10109857VGSILVA_2025-09-15_G22,10109857VGSILVA,2025-09-15,141047,1,2,0,78.0
10109857VGSILVA_2025-09-15_G23,10109857VGSILVA,2025-09-15,108798,1,2,0,56.0
10109857VGSILVA_2025-09-15_G24,10109857VGSILVA,2025-09-15,141823,1,2,0,38.0
10109857VGSILVA_2025-09-15_G25,10109857VGSILVA,2025-09-15,110372,1,2,0,43.0
10109857VGSILVA_2025-09-15_G26,10109857VGSILVA,2025-09-15,108770,1,4,0,84.0
10109857VGSILVA_2025-09-15_G27,10109857VGSILVA,2025-09-15,111466,1,2,0,84.0
10109857VGSILVA_2025-09-15_G28,10109857VGSILVA,2025-09-15,110313,1,4,0,101.0
10109857VGSILVA_2025-09-15_G29,10109857VGSILVA,2025-09-15,111462,1,4,0,80.0
10109857VGSILVA_2025-09-15_G30,10109857VGSILVA,2025-09-15,140922,1,4,0,69.0
10109857VGSILVA_2025-09-15_G31,10109857VGSILVA,2025-09-15,117820,2,9,21,112.0
10109857VGSILVA_2025-09-15_G32,10109857VGSILVA,2025-09-15,110376,1,4,0,50.0
10109857VGSILVA_2025-09-15_G33,10109857VGSILVA,2025-09-15,111438,1,2,0,110.0
10109857VGSILVA_2025-09-15_G34,10109857VGSILVA,2025-09-15,110740,1,4,0,100.0
10109857VGSILVA_2025-09-15_G35,10109857VGSILVA,2025-09-15,117808,1,8,0,249.0
10109857VGSILVA_2025-09-15_G36,10109857VGSILVA,2025-09-15,117808,1,2,0,43.0
10109857VGSILVA_2025-09-15_G37,10109857VGSILVA,2025-09-15,141202,1,2,0,67.0
10109857VGSILVA_2025-09-15_G38,10109857VGSILVA,2025-09-15,117822,1,4,0,54.0
10109857VGSILVA_2025-09-15_G39,10109857VGSILVA,2025-09-15,117809,1,5,0,66.0
10109857VGSILVA_2025-09-15_G40,10109857VGSILVA,2025-09-15,118094,1,4,0,204.0
10109857VGSILVA_2025-09-15_G42,10109857VGSILVA,2025-09-15,117862,1,7,0,115.0
10109857VGSILVA_2025-09-15_G43,10109857VGSILVA,2025-09-15,110374,1,12,0,136.0
10109857VGSILVA_2025-09-15_G44,10109857VGSILVA,2025-09-15,110373,1,10,0,104.0
10109857VGSILVA_2025-09-15_G45,10109857VGSILVA,2025-09-15,110371,1,10,0,68.0
10109857VGSILVA_2025-09-15_G46,10109857VGSILVA,2025-09-15,117808,1,10,0,67.0
10109857VGSILVA_2025-09-15_G47,10109857VGSILVA,2025-09-15,117820,1,10,0,113.0
10109857VGSILVA_2025-09-15_G48,10109857VGSILVA,2025-09-15,118299,1,20,0,346.0
10109857VGSILVA_2025-09-15_G49,10109857VGSILVA,2025-09-15,141458,1,8,0,146.0
10109857VGSILVA_2025-09-15_G50,10109857VGSILVA,2025-09-15,110740,1,15,0,85.0
10109857VGSILVA_2025-09-15_G51,10109857VGSILVA,2025-09-15,110745,1,4,0,57.0
10109857VGSILVA_2025-09-15_G52,10109857VGSILVA,2025-09-15,111438,1,11,0,280.0
10109857VGSILVA_2025-09-15_G53,10109857VGSILVA,2025-09-15,111437,1,4,0,1441.0
10109857VGSILVA_2025-09-15_G54,10109857VGSILVA,2025-09-15,118283,1,10,0,93.0
10109857VGSILVA_2025-09-15_G55,10109857VGSILVA,2025-09-15,107888,1,4,0,83.0
10109857VGSILVA_2025-09-15_G56,10109857VGSILVA,2025-09-15,110741,1,7,0,97.0
10109857VGSILVA_2025-09-15_G57,10109857VGSILVA,2025-09-15,110841,1,2,0,64.0
10109857VGSILVA_2025-09-15_G58,10109857VGSILVA,2025-09-15,108411,1,2,0,102.0
10109857VGSILVA_2025-09-15_G59,10109857VGSILVA,2025-09-15,111861,1,1,0,61.0
10109857VGSILVA_2025-09-15_G60,10109857VGSILVA,2025-09-15,105242,1,2,0,107.0
10109857VGSILVA_2025-09-15_G61,10109857VGSILVA,2025-09-15,117789,1,8,0,129.0
10109857VGSILVA_2025-09-15_G62,10109857VGSILVA,2025-09-15,118222,1,50,0,667.0
10109857VGSILVA_2025-09-15_G63,10109857VGSILVA,2025-09-15,109640,1,152,0,1834.0
10109857VGSILVA_2025-09-15_G64,10109857VGSILVA,2025-09-15,117785,1,200,0,2683.0
10109857VGSILVA_2025-09-16_G02,10109857VGSILVA,2025-09-16,111532,1,40,0,847.0
10109857VGSILVA_2025-09-16_G03,10109857VGSILVA,2025-09-16,111330,1,5,0,246.0
10109857VGSILVA_2025-09-16_G04,10109857VGSILVA,2025-09-16,105705,1,36,0,255.0
10109857VGSILVA_2025-09-16_G05,10109857VGSILVA,2025-09-16,111469,1,29,0,205.0
10109857VGSILVA_2025-09-16_G06,10109857VGSILVA,2025-09-16,140922,1,40,0,736.0
10109857VGSILVA_2025-09-16_G08,10109857VGSILVA,2025-09-16,111463,1,30,0,57.0
10109857VGSILVA_2025-09-16_G09,10109857VGSILVA,2025-09-16,"109645, 111418",4,50,43,244.0
10109857VGSILVA_2025-09-16_G10,10109857VGSILVA,2025-09-16,109641,1,20,0,744.0
10109857VGSILVA_2025-09-16_G11,10109857VGSILVA,2025-09-16,111743,1,4,0,93.0
10109857VGSILVA_2025-09-16_G12,10109857VGSILVA,2025-09-16,117821,3,12,22,37.0
10109857VGSILVA_2025-09-16_G13,10109857VGSILVA,2025-09-16,108798,1,1,0,207.0
10109857VGSILVA_2025-09-16_G14,10109857VGSILVA,2025-09-16,111462,1,10,0,140.0
10109857VGSILVA_2025-09-16_G15,10109857VGSILVA,2025-09-16,111348,1,4,0,108.0
10109857VGSILVA_2025-09-16_G16,10109857VGSILVA,2025-09-16,111444,1,2,0,40.0
10109857VGSILVA_2025-09-16_G17,10109857VGSILVA,2025-09-16,"111468, 111466",2,4,27,54.0
10109857VGSILVA_2025-09-16_G18,10109857VGSILVA,2025-09-16,110740,1,10,0,64.0
10109857VGSILVA_2025-09-16_G19,10109857VGSILVA,2025-09-16,110745,1,2,0,36.0
10109857VGSILVA_2025-09-16_G20,10109857VGSILVA,2025-09-16,111465,1,3,0,43.0
10109857VGSILVA_2025-09-16_G21,10109857VGSILVA,2025-09-16,117786,1,4,0,91.0
10109857VGSILVA_2025-09-16_G22,10109857VGSILVA,2025-09-16,117855,1,8,0,84.0
10109857VGSILVA_2025-09-16_G23,10109857VGSILVA,2025-09-16,111530,1,8,0,1374.0
10109857VGSILVA_2025-09-16_G24,10109857VGSILVA,2025-09-16,141047,1,4,0,125.0
10109857VGSILVA_2025-09-16_G25,10109857VGSILVA,2025-09-16,105705,1,8,0,107.0
10109857VGSILVA_2025-09-16_G26,10109857VGSILVA,2025-09-16,117837,1,8,0,132.0
10109857VGSILVA_2025-09-16_G27,10109857VGSILVA,2025-09-16,118222,1,144,0,455.0
10109857VGSILVA_2025-09-16_G28,10109857VGSILVA,2025-09-16,111569,1,12,0,2081.0
10109857VGSILVA_2025-09-16_G29,10109857VGSILVA,2025-09-16,111530,1,6,0,137.0
10109857VGSILVA_2025-09-16_G30,10109857VGSILVA,2025-09-16,111442,1,20,0,120.0
10109857VGSILVA_2025-09-16_G31,10109857VGSILVA,2025-09-16,118306,1,4,0,330.0
10109857VGSILVA_2025-09-16_G32,10109857VGSILVA,2025-09-16,118317,1,2,0,57.0
10109857VGSILVA_2025-09-16_G33,10109857VGSILVA,2025-09-16,107830,1,6,0,87.0
10109857VGSILVA_2025-09-16_G34,10109857VGSILVA,2025-09-16,111530,1,3,0,78.0
10109857VGSILVA_2025-09-16_G35,10109857VGSILVA,2025-09-16,110742,1,1,0,67.0
10109857VGSILVA_2025-09-16_G36,10109857VGSILVA,2025-09-16,117832,1,6,0,95.0
10109857VGSILVA_2025-09-16_G37,10109857VGSILVA,2025-09-16,100334,1,4,0,104.0
10109857VGSILVA_2025-09-16_G38,10109857VGSILVA,2025-09-16,117830,1,2,0,115.0
10109857VGSILVA_2025-09-16_G39,10109857VGSILVA,2025-09-16,117831,1,2,0,36.0
10109857VGSILVA_2025-09-16_G40,10109857VGSILVA,2025-09-16,110787,1,14,0,263.0
10109857VGSILVA_2025-09-16_G41,10109857VGSILVA,2025-09-16,111743,1,3,0,82.0
10109857VGSILVA_2025-09-16_G42,10109857VGSILVA,2025-09-16,111465,1,3,0,98.0
10109857VGSILVA_2025-09-17_G02,10109857VGSILVA,2025-09-17,118140,1,30,0,2107.0
10109857VGSILVA_2025-09-17_G03,10109857VGSILVA,2025-09-17,111433,1,10,0,115.0
10109857VGSILVA_2025-09-17_G04,10109857VGSILVA,2025-09-17,110751,1,4,0,101.0
10109857VGSILVA_2025-09-17_G05,10109857VGSILVA,2025-09-17,117854,1,3,0,1042.0
10109857VGSILVA_2025-09-17_G06,10109857VGSILVA,2025-09-17,117862,1,30,0,276.0
10109857VGSILVA_2025-09-17_G07,10109857VGSILVA,2025-09-17,110741,1,6,0,286.0
10109857VGSILVA_2025-09-17_G08,10109857VGSILVA,2025-09-17,117861,1,10,0,174.0
10109857VGSILVA_2025-09-17_G09,10109857VGSILVA,2025-09-17,110733,1,20,0,577.0
10109857VGSILVA_2025-09-17_G10,10109857VGSILVA,2025-09-17,117853,1,16,0,173.0
10109857VGSILVA_2025-09-17_G11,10109857VGSILVA,2025-09-17,111418,1,100,0,804.0
10109857VGSILVA_2025-09-17_G12,10109857VGSILVA,2025-09-17,109641,1,10,0,351.0
10109857VGSILVA_2025-09-17_G13,10109857VGSILVA,2025-09-17,117821,1,40,0,77.0
10109857VGSILVA_2025-09-17_G14,10109857VGSILVA,2025-09-17,111532,1,20,0,535.0
10109857VGSILVA_2025-09-17_G15,10109857VGSILVA,2025-09-17,111431,1,10,0,745.0
10109857VGSILVA_2025-09-17_G16,10109857VGSILVA,2025-09-17,105705,1,2,0,282.0
10109857VGSILVA_2025-09-17_G17,10109857VGSILVA,2025-09-17,111442,1,18,0,132.0
10109857VGSILVA_2025-09-17_G18,10109857VGSILVA,2025-09-17,111444,1,8,0,88.0
10109857VGSILVA_2025-09-17_G19,10109857VGSILVA,2025-09-17,111466,2,28,27,130.0
10109857VGSILVA_2025-09-17_G20,10109857VGSILVA,2025-09-17,117831,1,10,0,93.0
10109857VGSILVA_2025-09-17_G21,10109857VGSILVA,2025-09-17,110745,1,3,0,151.0
10109857VGSILVA_2025-09-17_G22,10109857VGSILVA,2025-09-17,111465,1,100,0,86.0
10109857VGSILVA_2025-09-17_G23,10109857VGSILVA,2025-09-17,111442,1,10,0,461.0
10109857VGSILVA_2025-09-17_G24,10109857VGSILVA,2025-09-17,140922,1,26,0,238.0
10109857VGSILVA_2025-09-17_G26,10109857VGSILVA,2025-09-17,110374,1,50,0,589.0
10109857VGSILVA_2025-09-17_G27,10109857VGSILVA,2025-09-17,110371,1,83,0,499.0
10109857VGSILVA_2025-09-17_G28,10109857VGSILVA,2025-09-17,160050,1,4,0,607.0
10109857VGSILVA_2025-09-17_G29,10109857VGSILVA,2025-09-17,111569,1,4,0,116.0
10109857VGSILVA_2025-09-17_G30,10109857VGSILVA,2025-09-17,160057,1,4,0,134.0
10109857VGSILVA_2025-09-17_G31,10109857VGSILVA,2025-09-17,111462,1,60,0,196.0
10109857VGSILVA_2025-09-17_G32,10109857VGSILVA,2025-09-17,118222,1,16,0,752.0
10109857VGSILVA_2025-09-17_G33,10109857VGSILVA,2025-09-17,140956,1,4,0,2549.0
10109857VGSILVA_2025-09-17_G34,10109857VGSILVA,2025-09-17,140956,1,4,0,64.0
10109857VGSILVA_2025-09-17_G35,10109857VGSILVA,2025-09-17,117809,1,30,0,303.0
10109857VGSILVA_2025-09-17_G36,10109857VGSILVA,2025-09-17,111441,1,10,0,247.0
10109857VGSILVA_2025-09-17_G37,10109857VGSILVA,2025-09-17,108759,1,8,0,202.0
10109857VGSILVA_2025-09-17_G38,10109857VGSILVA,2025-09-17,117785,1,85,0,405.0
10109857VGSILVA_2025-09-17_G39,10109857VGSILVA,2025-09-17,117854,1,20,0,439.0
10109857VGSILVA_2025-09-17_G40,10109857VGSILVA,2025-09-17,110742,1,8,0,118.0
10109857VGSILVA_2025-09-17_G41,10109857VGSILVA,2025-09-17,111418,1,117,0,598.0
10109857VGSILVA_2025-09-17_G42,10109857VGSILVA,2025-09-17,111743,1,31,0,479.0
10109857VGSILVA_2025-09-18_G02,10109857VGSILVA,2025-09-18,111722,1,12,0,174.0
10109857VGSILVA_2025-09-18_G03,10109857VGSILVA,2025-09-18,111532,1,23,0,586.0
10109857VGSILVA_2025-09-18_G04,10109857VGSILVA,2025-09-18,111469,1,51,0,540.0
10109857VGSILVA_2025-09-18_G05,10109857VGSILVA,2025-09-18,110372,1,223,0,3268.0
10109857VGSILVA_2025-09-18_G06,10109857VGSILVA,2025-09-18,117808,1,700,0,1817.0
10109857VGSILVA_2025-09-18_G07,10109857VGSILVA,2025-09-18,118299,1,316,0,1657.0
10109857VGSILVA_2025-09-18_G10,10109857VGSILVA,2025-09-18,117832,1,40,0,237.0
10109857VGSILVA_2025-09-18_G11,10109857VGSILVA,2025-09-18,110373,1,200,0,991.0
10109857VGSILVA_2025-09-19_G02,10109857VGSILVA,2025-09-19,117809,1,250,0,249.0
10109857VGSILVA_2025-09-19_G03,10109857VGSILVA,2025-09-19,117808,1,108,0,874.0
10109857VGSILVA_2025-09-19_G04,10109857VGSILVA,2025-09-19,110787,1,8,0,2021.0
10109857VGSILVA_2025-09-19_G05,10109857VGSILVA,2025-09-19,111530,1,5,0,227.0
10109857VGSILVA_2025-09-19_G06,10109857VGSILVA,2025-09-19,141047,1,4,0,178.0
10109857VGSILVA_2025-09-19_G07,10109857VGSILVA,2025-09-19,111602,1,9,0,145.0
10109857VGSILVA_2025-09-19_G08,10109857VGSILVA,2025-09-19,118306,1,8,0,520.0
10109857VGSILVA_2025-09-19_G09,10109857VGSILVA,2025-09-19,117855,1,8,0,186.0
10109857VGSILVA_2025-09-19_G10,10109857VGSILVA,2025-09-19,111348,1,6,0,249.0
10109857VGSILVA_2025-09-19_G11,10109857VGSILVA,2025-09-19,117830,1,12,0,143.0
10109857VGSILVA_2025-09-19_G12,10109857VGSILVA,2025-09-19,111172,1,8,0,168.0
10109857VGSILVA_2025-09-19_G13,10109857VGSILVA,2025-09-19,111441,1,12,0,798.0
10109857VGSILVA_2025-09-19_G14,10109857VGSILVA,2025-09-19,111438,1,12,0,191.0
10109857VGSILVA_2025-09-19_G15,10109857VGSILVA,2025-09-19,117832,1,8,0,152.0
10109857VGSILVA_2025-09-19_G16,10109857VGSILVA,2025-09-19,111530,1,8,0,419.0
10109857VGSILVA_2025-09-19_G17,10109857VGSILVA,2025-09-19,111530,1,36,0,423.0
10109857VGSILVA_2025-09-19_G18,10109857VGSILVA,2025-09-19,111530,1,24,0,1519.0
10109857VGSILVA_2025-09-19_G20,10109857VGSILVA,2025-09-19,117808,1,36,0,359.0
10109857VGSILVA_2025-09-19_G21,10109857VGSILVA,2025-09-19,117820,1,13,0,253.0
10109857VGSILVA_2025-09-19_G22,10109857VGSILVA,2025-09-19,110376,2,18,13,33.0
10109857VGSILVA_2025-09-19_G23,10109857VGSILVA,2025-09-19,118299,1,77,0,491.0
10109857VGSILVA_2025-09-19_G24,10109857VGSILVA,2025-09-19,117809,1,48,0,759.0
10109857VGSILVA_2025-09-21_G02,10109857VGSILVA,2025-09-21,111466,1,400,0,2085.0
10109857VGSILVA_2025-09-21_G03,10109857VGSILVA,2025-09-21,111463,1,410,0,776.0
10109857VGSILVA_2025-09-21_G04,10109857VGSILVA,2025-09-21,110372,1,710,0,375.0
10109857VGSILVA_2025-09-21_G06,10109857VGSILVA,2025-09-21,117853,1,4,0,100.0
10109857VGSILVA_2025-09-21_G07,10109857VGSILVA,2025-09-21,117855,1,12,0,142.0
10109857VGSILVA_2025-09-21_G08,10109857VGSILVA,2025-09-21,118094,1,10,0,302.0
10109857VGSILVA_2025-09-21_G09,10109857VGSILVA,2025-09-21,118222,1,40,0,301.0
10109857VGSILVA_2025-09-22_G02,10109857VGSILVA,2025-09-22,111446,1,4,0,174.0
10109857VGSILVA_2025-09-22_G03,10109857VGSILVA,2025-09-22,110743,1,3,0,201.0
10109857VGSILVA_2025-09-22_G04,10109857VGSILVA,2025-09-22,111172,1,8,0,248.0
10109857VGSILVA_2025-09-22_G05,10109857VGSILVA,2025-09-22,111172,1,8,0,187.0
10109857VGSILVA_2025-09-22_G06,10109857VGSILVA,2025-09-22,110741,1,12,0,300.0
10109857VGSILVA_2025-09-22_G07,10109857VGSILVA,2025-09-22,110747,1,30,0,495.0
10109857VGSILVA_2025-09-22_G08,10109857VGSILVA,2025-09-22,111650,1,3,0,511.0
10109857VGSILVA_2025-09-22_G09,10109857VGSILVA,2025-09-22,117853,1,12,0,207.0
10109857VGSILVA_2025-09-22_G10,10109857VGSILVA,2025-09-22,110750,1,3,0,134.0
10109857VGSILVA_2025-09-22_G11,10109857VGSILVA,2025-09-22,111438,1,50,0,563.0
10109857VGSILVA_2025-09-22_G12,10109857VGSILVA,2025-09-22,117834,1,16,0,815.0
10109857VGSILVA_2025-09-22_G13,10109857VGSILVA,2025-09-22,116527,1,3,0,155.0
10109857VGSILVA_2025-09-22_G14,10109857VGSILVA,2025-09-22,108770,1,4,0,312.0
10109857VGSILVA_2025-09-22_G15,10109857VGSILVA,2025-09-22,111655,1,20,0,398.0
10109857VGSILVA_2025-09-22_G16,10109857VGSILVA,2025-09-22,111660,1,40,0,583.0
10109857VGSILVA_2025-09-22_G17,10109857VGSILVA,2025-09-22,111532,1,40,0,1600.0
10109857VGSILVA_2025-09-22_G18,10109857VGSILVA,2025-09-22,141457,1,30,0,348.0
10109857VGSILVA_2025-09-22_G19,10109857VGSILVA,2025-09-22,117833,1,8,0,150.0
10109857VGSILVA_2025-09-22_G20,10109857VGSILVA,2025-09-22,111442,1,4,0,72.0
10109857VGSILVA_2025-09-22_G21,10109857VGSILVA,2025-09-22,140922,1,40,0,472.0
10109857VGSILVA_2025-09-22_G22,10109857VGSILVA,2025-09-22,141458,1,100,0,347.0
10109857VGSILVA_2025-09-22_G23,10109857VGSILVA,2025-09-22,117841,1,7,0,229.0
10109857VGSILVA_2025-09-22_G25,10109857VGSILVA,2025-09-22,111532,1,150,0,519.0
10109857VGSILVA_2025-09-22_G26,10109857VGSILVA,2025-09-22,141823,1,21,0,822.0
10109857VGSILVA_2025-09-22_G27,10109857VGSILVA,2025-09-22,141823,1,9,0,281.0
10109857VGSILVA_2025-09-22_G28,10109857VGSILVA,2025-09-22,117833,1,50,0,337.0
10109857VGSILVA_2025-09-23_G02,10109857VGSILVA,2025-09-23,110325,1,2,0,42.0
10109857VGSILVA_2025-09-23_G03,10109857VGSILVA,2025-09-23,111530,1,8,0,488.0
10109857VGSILVA_2025-09-23_G04,10109857VGSILVA,2025-09-23,140923,1,5,0,94.0
10109857VGSILVA_2025-09-23_G05,10109857VGSILVA,2025-09-23,110787,1,4,0,142.0
10109857VGSILVA_2025-09-23_G06,10109857VGSILVA,2025-09-23,111602,1,6,0,112.0
10109857VGSILVA_2025-09-23_G07,10109857VGSILVA,2025-09-23,110325,1,5,0,141.0
10109857VGSILVA_2025-09-23_G08,10109857VGSILVA,2025-09-23,140923,1,2,0,1546.0
10109857VGSILVA_2025-09-23_G09,10109857VGSILVA,2025-09-23,110787,1,1,0,81.0
10109857VGSILVA_2025-09-23_G10,10109857VGSILVA,2025-09-23,110787,1,20,0,1685.0
10109857VGSILVA_2025-09-23_G11,10109857VGSILVA,2025-09-23,111602,1,8,0,399.0
10109857VGSILVA_2025-09-23_G12,10109857VGSILVA,2025-09-23,111530,1,30,0,375.0
10109857VGSILVA_2025-09-23_G13,10109857VGSILVA,2025-09-23,110747,1,36,0,1018.0
10109857VGSILVA_2025-09-23_G14,10109857VGSILVA,2025-09-23,110623,1,15,0,763.0
10109857VGSILVA_2025-09-23_G15,10109857VGSILVA,2025-09-23,110747,1,6,0,292.0
10109857VGSILVA_2025-09-23_G16,10109857VGSILVA,2025-09-23,111438,2,45,12,334.0
10109857VGSILVA_2025-09-23_G17,10109857VGSILVA,2025-09-23,108759,1,4,0,376.0
10109857VGSILVA_2025-09-23_G18,10109857VGSILVA,2025-09-23,110582,1,24,0,301.0
10109857VGSILVA_2025-09-23_G19,10109857VGSILVA,2025-09-23,"117835, 110623, 140911, 111660",5,40,38,106.0
10109857VGSILVA_2025-09-23_G20,10109857VGSILVA,2025-09-23,118418,1,2,0,71.0
10109857VGSILVA_2025-09-23_G21,10109857VGSILVA,2025-09-23,118251,1,8,0,149.0
10109857VGSILVA_2025-09-23_G22,10109857VGSILVA,2025-09-23,108031,1,4,0,218.0
10109857VGSILVA_2025-09-23_G23,10109857VGSILVA,2025-09-23,110534,1,1,0,71.0
10109857VGSILVA_2025-09-23_G24,10109857VGSILVA,2025-09-23,111569,1,6,0,104.0
10109857VGSILVA_2025-09-23_G25,10109857VGSILVA,2025-09-23,108770,1,9,0,328.0
10109857VGSILVA_2025-09-23_G27,10109857VGSILVA,2025-09-23,110751,1,8,0,598.0
10109857VGSILVA_2025-09-23_G28,10109857VGSILVA,2025-09-23,118317,1,8,0,252.0
10109857VGSILVA_2025-09-23_G29,10109857VGSILVA,2025-09-23,111431,1,8,0,73.0
10109857VGSILVA_2025-09-23_G30,10109857VGSILVA,2025-09-23,118140,1,24,0,206.0
10109857VGSILVA_2025-09-23_G31,10109857VGSILVA,2025-09-23,110745,1,4,0,190.0
10109857VGSILVA_2025-09-23_G32,10109857VGSILVA,2025-09-23,109647,1,4,0,300.0
10109857VGSILVA_2025-09-23_G33,10109857VGSILVA,2025-09-23,140923,1,46,0,348.0
10109857VGSILVA_2025-09-23_G34,10109857VGSILVA,2025-09-23,118094,1,8,0,246.0
10109857VGSILVA_2025-09-23_G35,10109857VGSILVA,2025-09-23,110751,1,12,0,1926.0
10109857VGSILVA_2025-09-23_G36,10109857VGSILVA,2025-09-23,111172,1,36,0,208.0
10109857VGSILVA_2025-09-23_G37,10109857VGSILVA,2025-09-23,118094,1,10,0,112.0
10109857VGSILVA_2025-09-23_G38,10109857VGSILVA,2025-09-23,118222,1,40,0,365.0
10109857VGSILVA_2025-09-24_G02,10109857VGSILVA,2025-09-24,111466,1,500,0,2437.0
10109857VGSILVA_2025-09-24_G03,10109857VGSILVA,2025-09-24,110743,1,2,0,3556.0
10109857VGSILVA_2025-09-24_G04,10109857VGSILVA,2025-09-24,111469,1,20,0,149.0
10109857VGSILVA_2025-09-24_G05,10109857VGSILVA,2025-09-24,111463,1,20,0,134.0
10109857VGSILVA_2025-09-24_G06,10109857VGSILVA,2025-09-24,111743,1,1,0,51.0
10109857VGSILVA_2025-09-24_G07,10109857VGSILVA,2025-09-24,141457,1,30,0,222.0
10109857VGSILVA_2025-09-24_G08,10109857VGSILVA,2025-09-24,118140,1,20,0,272.0
10109857VGSILVA_2025-09-24_G09,10109857VGSILVA,2025-09-24,111418,1,2,0,41.0
10109857VGSILVA_2025-09-24_G10,10109857VGSILVA,2025-09-24,111462,1,20,0,137.0
10109857VGSILVA_2025-09-24_G11,10109857VGSILVA,2025-09-24,117821,1,8,0,85.0
10109857VGSILVA_2025-09-24_G12,10109857VGSILVA,2025-09-24,117821,1,7,0,49.0
10109857VGSILVA_2025-09-24_G13,10109857VGSILVA,2025-09-24,111468,1,6,0,55.0
10109857VGSILVA_2025-09-24_G14,10109857VGSILVA,2025-09-24,110745,1,4,0,76.0
10109857VGSILVA_2025-09-24_G15,10109857VGSILVA,2025-09-24,111465,3,13,28,60.0
10109857VGSILVA_2025-09-24_G17,10109857VGSILVA,2025-09-24,117808,1,1800,0,1152.0
10109857VGSILVA_2025-09-25_G02,10109857VGSILVA,2025-09-25,109649,1,4,0,49.0
10109857VGSILVA_2025-09-25_G03,10109857VGSILVA,2025-09-25,117809,1,40,0,178.0
10109857VGSILVA_2025-09-25_G04,10109857VGSILVA,2025-09-25,110372,1,100,0,1638.0
10109857VGSILVA_2025-09-25_G05,10109857VGSILVA,2025-09-25,111437,1,9,0,819.0
10109857VGSILVA_2025-09-25_G06,10109857VGSILVA,2025-09-25,118169,1,4,0,68.0
10109857VGSILVA_2025-09-25_G07,10109857VGSILVA,2025-09-25,118281,1,18,0,179.0
10109857VGSILVA_2025-09-25_G08,10109857VGSILVA,2025-09-25,110374,1,4,0,41.0
10109857VGSILVA_2025-09-25_G09,10109857VGSILVA,2025-09-25,109643,1,4,0,108.0
10109857VGSILVA_2025-09-25_G10,10109857VGSILVA,2025-09-25,111430,1,19,0,176.0
10109857VGSILVA_2025-09-25_G11,10109857VGSILVA,2025-09-25,117854,1,28,0,555.0
10109857VGSILVA_2025-09-25_G12,10109857VGSILVA,2025-09-25,117788,1,1,0,37.0
10109857VGSILVA_2025-09-25_G13,10109857VGSILVA,2025-09-25,109647,1,20,0,161.0
10109857VGSILVA_2025-09-25_G14,10109857VGSILVA,2025-09-25,110841,1,1,0,369.0
10109857VGSILVA_2025-09-25_G15,10109857VGSILVA,2025-09-25,110582,1,3,0,71.0
10109857VGSILVA_2025-09-25_G16,10109857VGSILVA,2025-09-25,107629,1,28,0,95.0
10109857VGSILVA_2025-09-25_G17,10109857VGSILVA,2025-09-25,111530,1,68,0,235.0
10109857VGSILVA_2025-09-25_G18,10109857VGSILVA,2025-09-25,110733,1,28,0,740.0
10109857VGSILVA_2025-09-25_G19,10109857VGSILVA,2025-09-25,114102,1,6,0,121.0
10109857VGSILVA_2025-09-25_G20,10109857VGSILVA,2025-09-25,111467,1,80,0,444.0
10109857VGSILVA_2025-09-25_G21,10109857VGSILVA,2025-09-25,118271,1,2,0,168.0
10109857VGSILVA_2025-09-25_G22,10109857VGSILVA,2025-09-25,110064,1,1,0,276.0
10109857VGSILVA_2025-09-25_G23,10109857VGSILVA,2025-09-25,117786,1,30,0,155.0
10109857VGSILVA_2025-09-25_G24,10109857VGSILVA,2025-09-25,110325,1,40,0,559.0
10109857VGSILVA_2025-09-25_G25,10109857VGSILVA,2025-09-25,117830,1,40,0,708.0
10109857VGSILVA_2025-09-25_G26,10109857VGSILVA,2025-09-25,117808,1,8,0,99.0
10109857VGSILVA_2025-09-25_G27,10109857VGSILVA,2025-09-25,141456,1,300,0,767.0
10109857VGSILVA_2025-09-25_G28,10109857VGSILVA,2025-09-25,111469,1,2,0,174.0
10109857VGSILVA_2025-09-25_G29,10109857VGSILVA,2025-09-25,111469,7,36,47,79.0
10109857VGSILVA_2025-09-25_G30,10109857VGSILVA,2025-09-25,105705,1,20,0,327.0
10109857VGSILVA_2025-09-25_G31,10109857VGSILVA,2025-09-25,111433,1,10,0,337.0
10109857VGSILVA_2025-09-25_G32,10109857VGSILVA,2025-09-25,111431,1,13,0,190.0
10109857VGSILVA_2025-09-25_G33,10109857VGSILVA,2025-09-25,117842,1,6,0,60.0
10109857VGSILVA_2025-09-25_G34,10109857VGSILVA,2025-09-25,141457,1,200,0,106.0
10109857VGSILVA_2025-09-25_G35,10109857VGSILVA,2025-09-25,"111466, 116241",2,101,30,463.0
10109857VGSILVA_2025-09-25_G36,10109857VGSILVA,2025-09-25,111466,8,113,72,530.0
10109857VGSILVA_2025-09-25_G38,10109857VGSILVA,2025-09-25,109643,1,8,0,491.0
10109857VGSILVA_2025-09-25_G39,10109857VGSILVA,2025-09-25,110371,1,20,0,102.0
10109857VGSILVA_2025-09-25_G40,10109857VGSILVA,2025-09-25,107629,1,20,0,110.0
10109857VGSILVA_2025-09-25_G41,10109857VGSILVA,2025-09-25,110733,1,120,0,571.0
10109857VGSILVA_2025-09-25_G42,10109857VGSILVA,2025-09-25,109647,1,8,0,390.0
10109857VGSILVA_2025-09-25_G43,10109857VGSILVA,2025-09-25,111467,1,12,0,85.0
10109857VGSILVA_2025-09-25_G44,10109857VGSILVA,2025-09-25,110373,1,40,0,224.0
10109857VGSILVA_2025-09-25_G45,10109857VGSILVA,2025-09-25,"111462, 111442, 111444",3,152,44,738.0
10109857VGSILVA_2025-09-25_G46,10109857VGSILVA,2025-09-25,111468,1,40,0,88.0
10109857VGSILVA_2025-09-25_G47,10109857VGSILVA,2025-09-25,111353,1,3,0,1993.0
10109857VGSILVA_2025-09-25_G48,10109857VGSILVA,2025-09-25,141047,1,30,0,546.0
10109857VGSILVA_2025-09-25_G49,10109857VGSILVA,2025-09-25,111876,1,8,0,117.0
10109857VGSILVA_2025-09-25_G50,10109857VGSILVA,2025-09-25,107629,1,20,0,141.0
10109857VGSILVA_2025-09-25_G51,10109857VGSILVA,2025-09-25,117861,1,10,0,188.0
10109857VGSILVA_2025-09-25_G52,10109857VGSILVA,2025-09-25,110733,1,30,0,137.0
10109857VGSILVA_2025-09-25_G53,10109857VGSILVA,2025-09-25,110756,1,8,0,48.0
10109857VGSILVA_2025-09-25_G54,10109857VGSILVA,2025-09-25,111467,1,20,0,144.0
10109857VGSILVA_2025-09-25_G55,10109857VGSILVA,2025-09-25,117837,1,30,0,237.0
10109857VGSILVA_2025-09-25_G56,10109857VGSILVA,2025-09-25,117786,1,30,0,430.0
10109857VGSILVA_2025-09-25_G57,10109857VGSILVA,2025-09-25,110372,1,80,0,298.0
10109857VGSILVA_2025-09-25_G58,10109857VGSILVA,2025-09-25,110373,2,100,22,370.0
10109857VGSILVA_2025-09-25_G59,10109857VGSILVA,2025-09-25,117820,1,100,0,545.0
10109857VGSILVA_2025-09-26_G02,10109857VGSILVA,2025-09-26,111418,1,230,0,2244.0
10109857VGSILVA_2025-09-26_G03,10109857VGSILVA,2025-09-26,117808,1,284,0,877.0
10109857VGSILVA_2025-09-26_G04,10109857VGSILVA,2025-09-26,118299,1,500,0,1169.0
10109857VGSILVA_2025-09-26_G05,10109857VGSILVA,2025-09-26,117856,1,94,0,3092.0
10109857VGSILVA_2025-09-26_G07,10109857VGSILVA,2025-09-26,109648,1,8,0,77.0
10109857VGSILVA_2025-09-26_G08,10109857VGSILVA,2025-09-26,140923,1,40,0,136.0
10109857VGSILVA_2025-09-26_G09,10109857VGSILVA,2025-09-26,111530,1,15,0,188.0
10109857VGSILVA_2025-09-26_G10,10109857VGSILVA,2025-09-26,117935,2,10,20,80.0
10109857VGSILVA_2025-09-26_G11,10109857VGSILVA,2025-09-26,117855,1,6,0,967.0
10109857VGSILVA_2025-09-26_G12,10109857VGSILVA,2025-09-26,117832,1,38,0,303.0
10109857VGSILVA_2025-09-26_G13,10109857VGSILVA,2025-09-26,108361,1,4,0,76.0
10109857VGSILVA_2025-09-26_G14,10109857VGSILVA,2025-09-26,110313,1,15,0,206.0
10109857VGSILVA_2025-09-26_G15,10109857VGSILVA,2025-09-26,111602,1,15,0,79.0
10109857VGSILVA_2025-09-26_G16,10109857VGSILVA,2025-09-26,117837,1,6,0,67.0
10109857VGSILVA_2025-09-26_G17,10109857VGSILVA,2025-09-26,117820,1,80,0,212.0
10109857VGSILVA_2025-09-26_G18,10109857VGSILVA,2025-09-26,117830,1,30,0,369.0
10109857VGSILVA_2025-09-26_G19,10109857VGSILVA,2025-09-26,108772,1,2,0,2330.0
10109857VGSILVA_2025-09-26_G20,10109857VGSILVA,2025-09-26,109640,1,2,0,315.0
10109857VGSILVA_2025-09-26_G21,10109857VGSILVA,2025-09-26,140923,1,4,0,585.0
10109857VGSILVA_2025-09-26_G22,10109857VGSILVA,2025-09-26,108772,1,4,0,211.0
10109857VGSILVA_2025-09-26_G23,10109857VGSILVA,2025-09-26,110895,1,4,0,165.0
10109857VGSILVA_2025-09-26_G24,10109857VGSILVA,2025-09-26,110787,1,1,0,102.0
10109857VGSILVA_2025-09-26_G25,10109857VGSILVA,2025-09-26,140922,1,4,0,233.0
10109857VGSILVA_2025-09-26_G26,10109857VGSILVA,2025-09-26,110787,1,3,0,131.0
10109857VGSILVA_2025-09-26_G27,10109857VGSILVA,2025-09-26,111182,1,2,0,99.0
10109857VGSILVA_2025-09-26_G28,10109857VGSILVA,2025-09-26,111172,1,2,0,147.0
10109857VGSILVA_2025-09-26_G29,10109857VGSILVA,2025-09-26,108772,1,2,0,253.0
10109857VGSILVA_2025-09-26_G30,10109857VGSILVA,2025-09-26,140923,1,50,0,409.0
10109857VGSILVA_2025-09-26_G31,10109857VGSILVA,2025-09-26,111879,1,10,0,161.0
10109857VGSILVA_2025-09-26_G32,10109857VGSILVA,2025-09-26,141352,1,10,0,182.0
10109857VGSILVA_2025-09-26_G33,10109857VGSILVA,2025-09-26,118140,1,40,0,245.0
10109857VGSILVA_2025-09-26_G34,10109857VGSILVA,2025-09-26,111743,1,11,0,257.0
10109857VGSILVA_2025-09-26_G35,10109857VGSILVA,2025-09-26,141271,1,10,0,153.0
10109857VGSILVA_2025-09-27_G02,10109857VGSILVA,2025-09-27,111438,1,2,0,87.0
10109857VGSILVA_2025-09-27_G03,10109857VGSILVA,2025-09-27,140923,1,2,0,41.0
10109857VGSILVA_2025-09-27_G04,10109857VGSILVA,2025-09-27,110372,1,9,0,187.0
10109857VGSILVA_2025-09-27_G05,10109857VGSILVA,2025-09-27,117808,1,4,0,74.0
10109857VGSILVA_2025-09-27_G06,10109857VGSILVA,2025-09-27,111569,1,4,0,65.0
10109857VGSILVA_2025-09-27_G07,10109857VGSILVA,2025-09-27,141318,1,2,0,78.0
10109857VGSILVA_2025-09-27_G08,10109857VGSILVA,2025-09-27,111418,1,5,0,109.0
10109857VGSILVA_2025-09-27_G09,10109857VGSILVA,2025-09-27,111466,1,1,0,41.0
10109857VGSILVA_2025-09-27_G10,10109857VGSILVA,2025-09-27,141458,1,2,0,50.0
10109857VGSILVA_2025-09-27_G11,10109857VGSILVA,2025-09-27,118299,1,28,0,272.0
10109857VGSILVA_2025-09-27_G12,10109857VGSILVA,2025-09-27,117820,1,4,0,117.0
10109857VGSILVA_2025-09-27_G13,10109857VGSILVA,2025-09-27,117809,1,2,0,54.0
10109857VGSILVA_2025-09-27_G14,10109857VGSILVA,2025-09-27,111182,1,1,0,222.0
10109857VGSILVA_2025-09-27_G15,10109857VGSILVA,2025-09-27,117853,1,2,0,400.0
10109857VGSILVA_2025-09-27_G16,10109857VGSILVA,2025-09-27,117832,1,12,0,164.0
10109857VGSILVA_2025-09-27_G17,10109857VGSILVA,2025-09-27,117842,1,2,0,63.0
10109857VGSILVA_2025-09-27_G18,10109857VGSILVA,2025-09-27,109640,1,3,0,109.0
10109857VGSILVA_2025-09-27_G19,10109857VGSILVA,2025-09-27,118094,1,8,0,530.0
10109857VGSILVA_2025-09-27_G20,10109857VGSILVA,2025-09-27,117837,1,2,0,53.0
10109857VGSILVA_2025-09-27_G21,10109857VGSILVA,2025-09-27,117831,1,8,0,174.0
10109857VGSILVA_2025-09-27_G22,10109857VGSILVA,2025-09-27,117809,1,30,0,433.0
10109857VGSILVA_2025-09-27_G23,10109857VGSILVA,2025-09-27,111446,1,4,0,297.0
10109857VGSILVA_2025-09-27_G24,10109857VGSILVA,2025-09-27,118140,1,6,0,115.0
10109857VGSILVA_2025-09-27_G25,10109857VGSILVA,2025-09-27,105705,1,4,0,285.0
10109857VGSILVA_2025-09-27_G26,10109857VGSILVA,2025-09-27,110895,1,4,0,327.0
10109857VGSILVA_2025-09-27_G27,10109857VGSILVA,2025-09-27,117821,1,2,0,204.0
10109857VGSILVA_2025-09-27_G28,10109857VGSILVA,2025-09-27,105705,1,6,0,207.0
10109857VGSILVA_2025-09-27_G29,10109857VGSILVA,2025-09-27,110579,1,2,0,357.0
10109857VGSILVA_2025-09-27_G30,10109857VGSILVA,2025-09-27,108711,1,8,0,391.0
10109857VGSILVA_2025-09-27_G31,10109857VGSILVA,2025-09-27,105705,1,3,0,680.0
10109857VGSILVA_2025-09-27_G32,10109857VGSILVA,2025-09-27,108795,1,2,0,36.0
10109857VGSILVA_2025-09-27_G33,10109857VGSILVA,2025-09-27,110092,1,2,0,172.0
10109857VGSILVA_2025-09-27_G34,10109857VGSILVA,2025-09-27,141066,1,2,0,199.0
10109857VGSILVA_2025-09-27_G35,10109857VGSILVA,2025-09-27,140923,1,8,0,80.0
10109857VGSILVA_2025-09-27_G36,10109857VGSILVA,2025-09-27,111530,1,15,0,126.0
10109857VGSILVA_2025-09-27_G37,10109857VGSILVA,2025-09-27,117855,1,8,0,97.0
10109857VGSILVA_2025-09-27_G38,10109857VGSILVA,2025-09-27,108772,1,1,0,131.0
10109857VGSILVA_2025-09-27_G39,10109857VGSILVA,2025-09-27,108772,1,5,0,48.0
10109857VGSILVA_2025-09-27_G40,10109857VGSILVA,2025-09-27,118094,1,2,0,71.0
10109857VGSILVA_2025-09-27_G41,10109857VGSILVA,2025-09-27,117837,1,6,0,129.0
10109857VGSILVA_2025-09-27_G42,10109857VGSILVA,2025-09-27,110753,1,4,0,137.0
10109857VGSILVA_2025-09-27_G43,10109857VGSILVA,2025-09-27,117797,1,4,0,1935.0
10109857VGSILVA_2025-09-27_G44,10109857VGSILVA,2025-09-27,117785,1,2,0,464.0
10109857VGSILVA_2025-09-27_G45,10109857VGSILVA,2025-09-27,110371,1,6,0,502.0
10109857VGSILVA_2025-09-29_G02,10109857VGSILVA,2025-09-29,110339,1,2,0,290.0
10109857VGSILVA_2025-09-29_G03,10109857VGSILVA,2025-09-29,141456,1,8,0,109.0
10109857VGSILVA_2025-09-29_G04,10109857VGSILVA,2025-09-29,141457,1,8,0,171.0
10109857VGSILVA_2025-09-29_G05,10109857VGSILVA,2025-09-29,110339,1,1,0,289.0
10109857VGSILVA_2025-09-29_G06,10109857VGSILVA,2025-09-29,110339,1,1,0,422.0
10109857VGSILVA_2025-09-29_G07,10109857VGSILVA,2025-09-29,117855,1,2,0,1248.0
10109857VGSILVA_2025-09-29_G08,10109857VGSILVA,2025-09-29,109649,1,4,0,165.0
10109857VGSILVA_2025-09-29_G09,10109857VGSILVA,2025-09-29,111463,1,10,0,156.0
10109857VGSILVA_2025-09-29_G10,10109857VGSILVA,2025-09-29,111330,1,3,0,132.0
10109857VGSILVA_2025-09-29_G11,10109857VGSILVA,2025-09-29,107236,1,8,0,165.0
10109857VGSILVA_2025-09-29_G12,10109857VGSILVA,2025-09-29,117832,1,8,0,429.0
10109857VGSILVA_2025-09-29_G13,10109857VGSILVA,2025-09-29,109648,1,2,0,128.0
10109857VGSILVA_2025-09-29_G14,10109857VGSILVA,2025-09-29,109647,1,2,0,355.0
10109857VGSILVA_2025-09-29_G15,10109857VGSILVA,2025-09-29,118299,1,64,0,465.0
10109857VGSILVA_2025-09-29_G16,10109857VGSILVA,2025-09-29,110339,1,4,0,327.0
10109857VGSILVA_2025-09-29_G18,10109857VGSILVA,2025-09-29,110373,1,53,0,394.0
10109857VGSILVA_2025-09-29_G19,10109857VGSILVA,2025-09-29,118299,1,100,0,88.0
10109857VGSILVA_2025-09-29_G20,10109857VGSILVA,2025-09-29,117809,1,40,0,451.0
10109857VGSILVA_2025-09-29_G21,10109857VGSILVA,2025-09-29,110448,1,2,0,87.0
10109857VGSILVA_2025-09-29_G22,10109857VGSILVA,2025-09-29,105167,1,4,0,156.0
10109857VGSILVA_2025-09-29_G23,10109857VGSILVA,2025-09-29,110339,1,50,0,300.0
10109857VGSILVA_2025-09-29_G24,10109857VGSILVA,2025-09-29,117855,1,20,0,130.0
10109857VGSILVA_2025-09-29_G25,10109857VGSILVA,2025-09-29,111435,1,2,0,872.0
10109857VGSILVA_2025-09-29_G26,10109857VGSILVA,2025-09-29,160054,1,4,0,145.0
10109857VGSILVA_2025-09-29_G27,10109857VGSILVA,2025-09-29,160051,1,4,0,165.0
10109857VGSILVA_2025-09-29_G28,10109857VGSILVA,2025-09-29,108772,1,4,0,93.0
10109857VGSILVA_2025-09-29_G29,10109857VGSILVA,2025-09-29,160055,1,2,0,104.0
10109857VGSILVA_2025-09-29_G30,10109857VGSILVA,2025-09-29,110787,1,5,0,121.0
10109857VGSILVA_2025-09-29_G31,10109857VGSILVA,2025-09-29,160057,1,4,0,95.0
10109857VGSILVA_2025-09-29_G32,10109857VGSILVA,2025-09-29,107830,1,50,0,743.0
10109857VGSILVA_2025-09-29_G33,10109857VGSILVA,2025-09-29,160057,1,20,0,284.0
10109857VGSILVA_2025-09-29_G34,10109857VGSILVA,2025-09-29,111530,1,6,0,71.0
10109857VGSILVA_2025-09-29_G35,10109857VGSILVA,2025-09-29,117856,1,7,0,2715.0
10109857VGSILVA_2025-09-29_G36,10109857VGSILVA,2025-09-29,110787,1,2,0,281.0
10109857VGSILVA_2025-09-29_G37,10109857VGSILVA,2025-09-29,110339,1,8,0,116.0
10109857VGSILVA_2025-09-29_G38,10109857VGSILVA,2025-09-29,111532,1,20,0,564.0
10109857VGSILVA_2025-09-29_G39,10109857VGSILVA,2025-09-29,110787,1,4,0,59.0
10109857VGSILVA_2025-09-29_G40,10109857VGSILVA,2025-09-29,110325,1,19,0,185.0
10109857VGSILVA_2025-09-29_G41,10109857VGSILVA,2025-09-29,111418,1,200,0,1175.0
10109857VGSILVA_2025-09-29_G42,10109857VGSILVA,2025-09-29,118140,1,14,0,101.0
10109857VGSILVA_2025-09-29_G43,10109857VGSILVA,2025-09-29,140922,1,50,0,320.0
10109857VGSILVA_2025-09-30_G02,10109857VGSILVA,2025-09-30,111441,1,26,0,637.0
10109857VGSILVA_2025-09-30_G04,10109857VGSILVA,2025-09-30,141456,1,10,0,96.0
10109857VGSILVA_2025-09-30_G05,10109857VGSILVA,2025-09-30,111530,1,28,0,218.0
10109857VGSILVA_2025-09-30_G06,10109857VGSILVA,2025-09-30,111532,1,7,0,388.0
10109857VGSILVA_2025-09-30_G07,10109857VGSILVA,2025-09-30,117855,1,18,0,378.0
10109857VGSILVA_2025-09-30_G08,10109857VGSILVA,2025-09-30,110787,1,13,0,114.0
10109857VGSILVA_2025-09-30_G09,10109857VGSILVA,2025-09-30,109645,1,2,0,42.0
10109857VGSILVA_2025-09-30_G10,10109857VGSILVA,2025-09-30,110339,1,18,0,394.0
10109857VGSILVA_2025-09-30_G11,10109857VGSILVA,2025-09-30,117837,1,16,0,226.0
10109857VGSILVA_2025-09-30_G12,10109857VGSILVA,2025-09-30,111172,1,10,0,184.0
10109857VGSILVA_2025-09-30_G13,10109857VGSILVA,2025-09-30,109649,1,2,0,665.0
10109857VGSILVA_2025-09-30_G14,10109857VGSILVA,2025-09-30,"141456, 111469",2,3,29,129.0
10109857VGSILVA_2025-09-30_G15,10109857VGSILVA,2025-09-30,117785,1,2,0,262.0
10109857VGSILVA_2025-09-30_G16,10109857VGSILVA,2025-09-30,110374,1,4,0,80.0
10109857VGSILVA_2025-09-30_G17,10109857VGSILVA,2025-09-30,117861,1,1,0,99.0
10109857VGSILVA_2025-09-30_G18,10109857VGSILVA,2025-09-30,140922,1,2,0,158.0
10109857VGSILVA_2025-09-30_G19,10109857VGSILVA,2025-09-30,110372,1,4,0,92.0
10109857VGSILVA_2025-09-30_G20,10109857VGSILVA,2025-09-30,111441,1,2,0,77.0
10109857VGSILVA_2025-09-30_G21,10109857VGSILVA,2025-09-30,117855,1,2,0,44.0
10109857VGSILVA_2025-09-30_G22,10109857VGSILVA,2025-09-30,117808,1,17,0,268.0
10109857VGSILVA_2025-09-30_G23,10109857VGSILVA,2025-09-30,141202,1,6,0,120.0
10109857VGSILVA_2025-09-30_G24,10109857VGSILVA,2025-09-30,110373,1,6,0,54.0
10109857VGSILVA_2025-09-30_G25,10109857VGSILVA,2025-09-30,118299,1,14,0,50.0
10109857VGSILVA_2025-09-30_G26,10109857VGSILVA,2025-09-30,111418,1,7,0,189.0
10109857VGSILVA_2025-09-30_G27,10109857VGSILVA,2025-09-30,116241,1,2,0,57.0
10109857VGSILVA_2025-09-30_G28,10109857VGSILVA,2025-09-30,117831,1,2,0,91.0
10109857VGSILVA_2025-09-30_G29,10109857VGSILVA,2025-09-30,117787,1,2,0,95.0
10109857VGSILVA_2025-09-30_G30,10109857VGSILVA,2025-09-30,109643,1,4,0,399.0
10109857VGSILVA_2025-09-30_G31,10109857VGSILVA,2025-09-30,111469,1,2,0,267.0
10109857VGSILVA_2025-09-30_G32,10109857VGSILVA,2025-09-30,117785,1,2,0,82.0
10109857VGSILVA_2025-09-30_G33,10109857VGSILVA,2025-09-30,110372,1,1,0,51.0
10109857VGSILVA_2025-09-30_G34,10109857VGSILVA,2025-09-30,117832,1,4,0,64.0
10109857VGSILVA_2025-09-30_G35,10109857VGSILVA,2025-09-30,117808,1,8,0,32.0
10109857VGSILVA_2025-09-30_G36,10109857VGSILVA,2025-09-30,111466,1,1,0,90.0
10109857VGSILVA_2025-09-30_G37,10109857VGSILVA,2025-09-30,117821,1,2,0,129.0
10109857VGSILVA_2025-09-30_G38,10109857VGSILVA,2025-09-30,117831,1,2,0,48.0
10109857VGSILVA_2025-09-30_G39,10109857VGSILVA,2025-09-30,118140,1,4,0,62.0
10109857VGSILVA_2025-10-01_G02,10109857VGSILVA,2025-10-01,109649,1,22,0,971.0
10109857VGSILVA_2025-10-03_G02,10109857VGSILVA,2025-10-03,117832,1,5,0,212.0
10109857VGSILVA_2025-10-03_G03,10109857VGSILVA,2025-10-03,110339,1,2,0,61.0
10109857VGSILVA_2025-10-03_G04,10109857VGSILVA,2025-10-03,111443,1,4,0,506.0
10109857VGSILVA_2025-10-03_G05,10109857VGSILVA,2025-10-03,111469,1,22,0,287.0
10109857VGSILVA_2025-10-03_G06,10109857VGSILVA,2025-10-03,111354,1,3,0,315.0
10109857VGSILVA_2025-10-03_G07,10109857VGSILVA,2025-10-03,110746,1,2,0,171.0
10109857VGSILVA_2025-10-03_G08,10109857VGSILVA,2025-10-03,110895,2,8,16,196.0
10109857VGSILVA_2025-10-03_G09,10109857VGSILVA,2025-10-03,141313,1,4,0,202.0
10109857VGSILVA_2025-10-03_G10,10109857VGSILVA,2025-10-03,111876,1,8,0,387.0
10109857VGSILVA_2025-10-03_G11,10109857VGSILVA,2025-10-03,110711,1,8,0,174.0
10109857VGSILVA_2025-10-03_G12,10109857VGSILVA,2025-10-03,109647,1,4,0,68.0
10109857VGSILVA_2025-10-03_G13,10109857VGSILVA,2025-10-03,118094,1,8,0,51.0
10109857VGSILVA_2025-10-03_G14,10109857VGSILVA,2025-10-03,110515,1,1,0,2891.0
10109857VGSILVA_2025-10-03_G15,10109857VGSILVA,2025-10-03,118299,1,1,0,345.0
10109857VGSILVA_2025-10-03_G16,10109857VGSILVA,2025-10-03,110373,1,10,0,164.0
10109857VGSILVA_2025-10-03_G17,10109857VGSILVA,2025-10-03,109974,1,1,0,1600.0
10109857VGSILVA_2025-10-03_G18,10109857VGSILVA,2025-10-03,110500,1,2,0,64.0
10109857VGSILVA_2025-10-03_G19,10109857VGSILVA,2025-10-03,117855,1,1,0,176.0
10109857VGSILVA_2025-10-03_G20,10109857VGSILVA,2025-10-03,117856,1,8,0,133.0
10109857VGSILVA_2025-10-03_G21,10109857VGSILVA,2025-10-03,"110741, 111438",2,5,29,71.0
10109857VGSILVA_2025-10-03_G22,10109857VGSILVA,2025-10-03,141456,1,8,0,181.0
10109857VGSILVA_2025-10-03_G23,10109857VGSILVA,2025-10-03,105705,1,2,0,91.0
10109857VGSILVA_2025-10-03_G24,10109857VGSILVA,2025-10-03,108795,1,4,0,99.0
10109857VGSILVA_2025-10-03_G25,10109857VGSILVA,2025-10-03,109648,1,1,0,50.0
10109857VGSILVA_2025-10-04_G02,10109857VGSILVA,2025-10-04,110711,1,5,0,80.0
10109857VGSILVA_2025-10-04_G03,10109857VGSILVA,2025-10-04,110787,1,6,0,139.0
10109857VGSILVA_2025-10-04_G04,10109857VGSILVA,2025-10-04,108798,1,2,0,71.0
10109857VGSILVA_2025-10-04_G05,10109857VGSILVA,2025-10-04,141823,1,4,0,58.0
10109857VGSILVA_2025-10-04_G06,10109857VGSILVA,2025-10-04,108794,1,6,0,100.0
10109857VGSILVA_2025-10-04_G07,10109857VGSILVA,2025-10-04,141457,1,6,0,102.0
10109857VGSILVA_2025-10-04_G08,10109857VGSILVA,2025-10-04,111469,1,2,0,44.0
10109857VGSILVA_2025-10-04_G09,10109857VGSILVA,2025-10-04,111466,1,15,0,314.0
10109857VGSILVA_2025-10-04_G10,10109857VGSILVA,2025-10-04,108772,1,4,0,177.0
10109857VGSILVA_2025-10-04_G11,10109857VGSILVA,2025-10-04,111467,1,1,0,32.0
10109857VGSILVA_2025-10-04_G12,10109857VGSILVA,2025-10-04,117820,1,7,0,126.0
10109857VGSILVA_2025-10-04_G13,10109857VGSILVA,2025-10-04,117833,1,5,0,92.0
10109857VGSILVA_2025-10-04_G14,10109857VGSILVA,2025-10-04,110747,1,4,0,77.0
10109857VGSILVA_2025-10-04_G15,10109857VGSILVA,2025-10-04,111602,1,5,0,65.0
10109857VGSILVA_2025-10-04_G16,10109857VGSILVA,2025-10-04,111468,1,2,0,45.0
10109857VGSILVA_2025-10-04_G17,10109857VGSILVA,2025-10-04,117831,1,8,0,77.0
10109857VGSILVA_2025-10-04_G18,10109857VGSILVA,2025-10-04,118140,1,17,0,154.0
10109857VGSILVA_2025-10-04_G19,10109857VGSILVA,2025-10-04,118418,1,4,0,166.0
10109857VGSILVA_2025-10-04_G20,10109857VGSILVA,2025-10-04,110332,1,1,0,102.0
10109857VGSILVA_2025-10-04_G21,10109857VGSILVA,2025-10-04,110373,1,13,0,936.0
10109857VGSILVA_2025-10-04_G22,10109857VGSILVA,2025-10-04,110711,1,7,0,294.0
10109857VGSILVA_2025-10-04_G23,10109857VGSILVA,2025-10-04,110711,1,2,0,69.0
10109857VGSILVA_2025-10-04_G24,10109857VGSILVA,2025-10-04,117855,1,2,0,143.0
10109857VGSILVA_2025-10-04_G25,10109857VGSILVA,2025-10-04,117856,1,2,0,49.0
10109857VGSILVA_2025-10-04_G26,10109857VGSILVA,2025-10-04,110895,1,16,0,294.0
10109857VGSILVA_2025-10-04_G27,10109857VGSILVA,2025-10-04,110339,1,4,0,197.0
10109857VGSILVA_2025-10-04_G28,10109857VGSILVA,2025-10-04,110339,1,4,0,268.0
10109857VGSILVA_2025-10-04_G29,10109857VGSILVA,2025-10-04,110895,1,12,0,160.0
10109857VGSILVA_2025-10-04_G30,10109857VGSILVA,2025-10-04,110339,1,4,0,80.0
10109857VGSILVA_2025-10-04_G31,10109857VGSILVA,2025-10-04,110339,1,4,0,245.0
10109857VGSILVA_2025-10-04_G32,10109857VGSILVA,2025-10-04,110895,1,4,0,176.0
10109857VGSILVA_2025-10-04_G33,10109857VGSILVA,2025-10-04,110895,1,8,0,1062.0
10109857VGSILVA_2025-10-04_G34,10109857VGSILVA,2025-10-04,111602,1,2,0,135.0
10109857VGSILVA_2025-10-04_G35,10109857VGSILVA,2025-10-04,141035,1,8,0,264.0
10109857VGSILVA_2025-10-04_G36,10109857VGSILVA,2025-10-04,111602,1,12,0,84.0
10109857VGSILVA_2025-10-04_G37,10109857VGSILVA,2025-10-04,111602,1,16,0,578.0
10109857VGSILVA_2025-10-04_G38,10109857VGSILVA,2025-10-04,111602,1,2,0,89.0
10109857VGSILVA_2025-10-04_G39,10109857VGSILVA,2025-10-04,109641,1,10,0,190.0
10109857VGSILVA_2025-10-04_G40,10109857VGSILVA,2025-10-04,111602,1,4,0,199.0
10109858RODRIGUESY_2025-05-30_G02,10109858RODRIGUESY,2025-05-30,123344,1,2,0,566.0
10109858RODRIGUESY_2025-05-30_G03,10109858RODRIGUESY,2025-05-30,121760,1,7,0,366.0
10109858RODRIGUESY_2025-05-30_G04,10109858RODRIGUESY,2025-05-30,124371,1,1,0,143.0
10109858RODRIGUESY_2025-05-30_G05,10109858RODRIGUESY,2025-05-30,123344,1,4,0,320.0
10109858RODRIGUESY_2025-05-30_G07,10109858RODRIGUESY,2025-05-30,120339,1,4,0,318.0
10109858RODRIGUESY_2025-05-30_G08,10109858RODRIGUESY,2025-05-30,120339,1,8,0,401.0
10109858RODRIGUESY_2025-05-30_G09,10109858RODRIGUESY,2025-05-30,122962,1,80,0,3036.0
10109858RODRIGUESY_2025-05-30_G10,10109858RODRIGUESY,2025-05-30,120028,2,22,7,689.0
10109858RODRIGUESY_2025-05-30_G11,10109858RODRIGUESY,2025-05-30,123130,1,60,0,878.0
10109858RODRIGUESY_2025-05-30_G12,10109858RODRIGUESY,2025-05-30,122671,1,30,0,805.0
10109858RODRIGUESY_2025-05-30_G14,10109858RODRIGUESY,2025-05-30,123130,1,80,0,2063.0
10109858RODRIGUESY_2025-05-30_G15,10109858RODRIGUESY,2025-05-30,124486,1,12,0,1391.0
10109858RODRIGUESY_2025-05-30_G16,10109858RODRIGUESY,2025-05-30,122988,1,3,0,1170.0
10109858RODRIGUESY_2025-05-30_G17,10109858RODRIGUESY,2025-05-30,123909,1,2,0,260.0
10109858RODRIGUESY_2025-05-30_G18,10109858RODRIGUESY,2025-05-30,124486,1,5,0,93.0
10109858RODRIGUESY_2025-05-30_G19,10109858RODRIGUESY,2025-05-30,122988,1,4,0,506.0
10109858RODRIGUESY_2025-05-30_G20,10109858RODRIGUESY,2025-05-30,124486,1,4,0,66.0
10109858RODRIGUESY_2025-05-30_G21,10109858RODRIGUESY,2025-05-30,122962,1,6,0,171.0
10109858RODRIGUESY_2025-05-30_G22,10109858RODRIGUESY,2025-05-30,122185,1,4,0,89.0
10109858RODRIGUESY_2025-05-30_G23,10109858RODRIGUESY,2025-05-30,124370,1,4,0,306.0
10109858RODRIGUESY_2025-05-31_G02,10109858RODRIGUESY,2025-05-31,122673,1,32,0,968.0
10109858RODRIGUESY_2025-05-31_G03,10109858RODRIGUESY,2025-05-31,123344,1,16,0,898.0
10109858RODRIGUESY_2025-05-31_G04,10109858RODRIGUESY,2025-05-31,120389,1,4,0,1912.0
10109858RODRIGUESY_2025-05-31_G05,10109858RODRIGUESY,2025-05-31,122985,1,2,0,1334.0
10109858RODRIGUESY_2025-05-31_G06,10109858RODRIGUESY,2025-05-31,120389,1,2,0,416.0
10109858RODRIGUESY_2025-05-31_G07,10109858RODRIGUESY,2025-05-31,180332,1,1,0,296.0
10109858RODRIGUESY_2025-05-31_G08,10109858RODRIGUESY,2025-05-31,180332,1,3,0,571.0
10109858RODRIGUESY_2025-06-06_G02,10109858RODRIGUESY,2025-06-06,122981,1,4,0,267.0
10109858RODRIGUESY_2025-06-06_G03,10109858RODRIGUESY,2025-06-06,124371,1,10,0,172.0
10109858RODRIGUESY_2025-06-06_G04,10109858RODRIGUESY,2025-06-06,122673,1,6,0,536.0
10109858RODRIGUESY_2025-06-06_G05,10109858RODRIGUESY,2025-06-06,122982,1,4,0,151.0
10109858RODRIGUESY_2025-06-06_G06,10109858RODRIGUESY,2025-06-06,122982,1,4,0,60.0
10109858RODRIGUESY_2025-06-06_G07,10109858RODRIGUESY,2025-06-06,124248,1,19,0,359.0
10109858RODRIGUESY_2025-06-06_G08,10109858RODRIGUESY,2025-06-06,123345,1,4,0,372.0
10109858RODRIGUESY_2025-06-06_G10,10109858RODRIGUESY,2025-06-06,121760,1,98,0,2495.0
10109858RODRIGUESY_2025-06-07_G02,10109858RODRIGUESY,2025-06-07,123080,1,32,0,1151.0
10109858RODRIGUESY_2025-06-07_G03,10109858RODRIGUESY,2025-06-07,124248,1,40,0,779.0
10109858RODRIGUESY_2025-06-07_G04,10109858RODRIGUESY,2025-06-07,123947,1,4,0,757.0
10109858RODRIGUESY_2025-06-07_G05,10109858RODRIGUESY,2025-06-07,122962,1,32,0,783.0
10109858RODRIGUESY_2025-06-07_G06,10109858RODRIGUESY,2025-06-07,123947,1,4,0,160.0
10109858RODRIGUESY_2025-06-07_G07,10109858RODRIGUESY,2025-06-07,123947,1,26,0,1781.0
10109858RODRIGUESY_2025-06-07_G08,10109858RODRIGUESY,2025-06-07,120389,1,2,0,141.0
10109858RODRIGUESY_2025-06-07_G09,10109858RODRIGUESY,2025-06-07,124370,1,5,0,278.0
10109858RODRIGUESY_2025-06-07_G10,10109858RODRIGUESY,2025-06-07,123345,1,7,0,202.0
10109858RODRIGUESY_2025-06-07_G11,10109858RODRIGUESY,2025-06-07,121651,1,3,0,110.0
10109858RODRIGUESY_2025-06-07_G12,10109858RODRIGUESY,2025-06-07,121760,1,4,0,313.0
10109858RODRIGUESY_2025-06-07_G13,10109858RODRIGUESY,2025-06-07,120339,1,19,0,569.0
10109858RODRIGUESY_2025-06-07_G14,10109858RODRIGUESY,2025-06-07,122962,1,40,0,843.0
10109858RODRIGUESY_2025-06-07_G15,10109858RODRIGUESY,2025-06-07,124486,1,40,0,1497.0
10109858RODRIGUESY_2025-06-07_G16,10109858RODRIGUESY,2025-06-07,120028,1,10,0,615.0
10109858RODRIGUESY_2025-06-07_G17,10109858RODRIGUESY,2025-06-07,122673,1,8,0,439.0
10109858RODRIGUESY_2025-06-07_G18,10109858RODRIGUESY,2025-06-07,122962,1,1,0,116.0
10109858RODRIGUESY_2025-06-07_G19,10109858RODRIGUESY,2025-06-07,122647,1,2,0,194.0
10109858RODRIGUESY_2025-06-07_G20,10109858RODRIGUESY,2025-06-07,122647,1,2,0,98.0
10109858RODRIGUESY_2025-06-07_G21,10109858RODRIGUESY,2025-06-07,124486,1,6,0,348.0
10109858RODRIGUESY_2025-06-07_G22,10109858RODRIGUESY,2025-06-07,122673,1,6,0,532.0
10109858RODRIGUESY_2025-06-07_G23,10109858RODRIGUESY,2025-06-07,122647,1,3,0,154.0
10109858RODRIGUESY_2025-06-07_G24,10109858RODRIGUESY,2025-06-07,122673,1,2,0,130.0
10109858RODRIGUESY_2025-06-07_G25,10109858RODRIGUESY,2025-06-07,124248,1,2,0,193.0
10109858RODRIGUESY_2025-06-07_G26,10109858RODRIGUESY,2025-06-07,123345,1,4,0,88.0
10109858RODRIGUESY_2025-06-07_G28,10109858RODRIGUESY,2025-06-07,124371,1,4,0,166.0
10109858RODRIGUESY_2025-06-07_G29,10109858RODRIGUESY,2025-06-07,122985,1,2,0,418.0
10109858RODRIGUESY_2025-06-07_G30,10109858RODRIGUESY,2025-06-07,122985,1,2,0,647.0
10109858RODRIGUESY_2025-06-07_G31,10109858RODRIGUESY,2025-06-07,122962,1,8,0,610.0
10109858RODRIGUESY_2025-06-07_G32,10109858RODRIGUESY,2025-06-07,123909,1,6,0,171.0
10109858RODRIGUESY_2025-06-07_G33,10109858RODRIGUESY,2025-06-07,124486,1,6,0,216.0
10109858RODRIGUESY_2025-06-07_G34,10109858RODRIGUESY,2025-06-07,120389,1,10,0,209.0
10109858RODRIGUESY_2025-06-07_G35,10109858RODRIGUESY,2025-06-07,122647,1,2,0,176.0
10109858RODRIGUESY_2025-06-07_G36,10109858RODRIGUESY,2025-06-07,122673,1,6,0,117.0
10109858RODRIGUESY_2025-06-07_G37,10109858RODRIGUESY,2025-06-07,122673,1,12,0,76.0
10109858RODRIGUESY_2025-06-07_G38,10109858RODRIGUESY,2025-06-07,123343,1,4,0,3261.0
10109858RODRIGUESY_2025-06-07_G39,10109858RODRIGUESY,2025-06-07,123345,1,4,0,87.0
10109858RODRIGUESY_2025-06-07_G40,10109858RODRIGUESY,2025-06-07,123909,1,2,0,366.0
10109858RODRIGUESY_2025-06-10_G02,10109858RODRIGUESY,2025-06-10,122962,1,8,0,299.0
10109858RODRIGUESY_2025-06-10_G03,10109858RODRIGUESY,2025-06-10,122962,1,12,0,108.0
10109858RODRIGUESY_2025-06-10_G04,10109858RODRIGUESY,2025-06-10,123343,1,30,0,1013.0
10109858RODRIGUESY_2025-06-10_G05,10109858RODRIGUESY,2025-06-10,124486,1,20,0,1115.0
10109858RODRIGUESY_2025-06-10_G06,10109858RODRIGUESY,2025-06-10,123909,1,20,0,1283.0
10109858RODRIGUESY_2025-06-10_G07,10109858RODRIGUESY,2025-06-10,124548,1,4,0,134.0
10109858RODRIGUESY_2025-06-10_G08,10109858RODRIGUESY,2025-06-10,124486,1,8,0,127.0
10109858RODRIGUESY_2025-06-10_G09,10109858RODRIGUESY,2025-06-10,124248,1,10,0,420.0
10109858RODRIGUESY_2025-06-10_G10,10109858RODRIGUESY,2025-06-10,122962,1,5,0,87.0
10109858RODRIGUESY_2025-06-10_G11,10109858RODRIGUESY,2025-06-10,122673,1,12,0,316.0
10109858RODRIGUESY_2025-06-10_G12,10109858RODRIGUESY,2025-06-10,124548,1,3,0,793.0
10109858RODRIGUESY_2025-06-10_G13,10109858RODRIGUESY,2025-06-10,122671,1,22,0,383.0
10109858RODRIGUESY_2025-06-10_G14,10109858RODRIGUESY,2025-06-10,122671,1,40,0,1001.0
10109858RODRIGUESY_2025-06-11_G02,10109858RODRIGUESY,2025-06-11,122982,1,8,0,607.0
10109858RODRIGUESY_2025-06-11_G03,10109858RODRIGUESY,2025-06-11,122988,1,6,0,241.0
10109858RODRIGUESY_2025-06-11_G04,10109858RODRIGUESY,2025-06-11,122986,1,4,0,145.0
10109858RODRIGUESY_2025-06-11_G05,10109858RODRIGUESY,2025-06-11,122984,1,4,0,59.0
10109858RODRIGUESY_2025-06-11_G06,10109858RODRIGUESY,2025-06-11,"122981, 123081",2,8,23,97.0
10109858RODRIGUESY_2025-06-11_G07,10109858RODRIGUESY,2025-06-11,123343,1,12,0,678.0
10109858RODRIGUESY_2025-06-11_G08,10109858RODRIGUESY,2025-06-11,122671,1,3,0,216.0
10109858RODRIGUESY_2025-06-11_G09,10109858RODRIGUESY,2025-06-11,124475,1,4,0,144.0
10109858RODRIGUESY_2025-06-11_G10,10109858RODRIGUESY,2025-06-11,123344,1,50,0,366.0
10109858RODRIGUESY_2025-06-11_G11,10109858RODRIGUESY,2025-06-11,121651,1,14,0,96.0
10109858RODRIGUESY_2025-06-11_G12,10109858RODRIGUESY,2025-06-11,121760,1,30,0,728.0
10109858RODRIGUESY_2025-06-11_G13,10109858RODRIGUESY,2025-06-11,122962,1,20,0,1693.0
10109858RODRIGUESY_2025-06-11_G14,10109858RODRIGUESY,2025-06-11,122984,1,20,0,1300.0
10109858RODRIGUESY_2025-06-11_G15,10109858RODRIGUESY,2025-06-11,124248,1,30,0,451.0
10109858RODRIGUESY_2025-06-11_G16,10109858RODRIGUESY,2025-06-11,122962,1,20,0,364.0
10109858RODRIGUESY_2025-06-11_G17,10109858RODRIGUESY,2025-06-11,120028,1,19,0,318.0
10109858RODRIGUESY_2025-06-11_G18,10109858RODRIGUESY,2025-06-11,120028,1,1,0,303.0
10109858RODRIGUESY_2025-06-11_G19,10109858RODRIGUESY,2025-06-11,123345,1,8,0,659.0
10109858RODRIGUESY_2025-06-11_G20,10109858RODRIGUESY,2025-06-11,122984,1,44,0,912.0
10109858RODRIGUESY_2025-06-11_G21,10109858RODRIGUESY,2025-06-11,122984,1,15,0,357.0
10109858RODRIGUESY_2025-06-11_G22,10109858RODRIGUESY,2025-06-11,122984,1,21,0,274.0
10109858RODRIGUESY_2025-06-11_G23,10109858RODRIGUESY,2025-06-11,121651,1,4,0,548.0
10109858RODRIGUESY_2025-06-11_G24,10109858RODRIGUESY,2025-06-11,121760,1,20,0,373.0
10109858RODRIGUESY_2025-06-11_G25,10109858RODRIGUESY,2025-06-11,122985,1,3,0,550.0
10109858RODRIGUESY_2025-06-11_G26,10109858RODRIGUESY,2025-06-11,122985,1,5,0,107.0
10109858RODRIGUESY_2025-06-11_G27,10109858RODRIGUESY,2025-06-11,122962,1,70,0,3136.0
10109858RODRIGUESY_2025-06-11_G28,10109858RODRIGUESY,2025-06-11,122185,1,200,0,3384.0
10109858RODRIGUESY_2025-06-11_G30,10109858RODRIGUESY,2025-06-11,122185,1,14,0,145.0
10109858RODRIGUESY_2025-06-11_G31,10109858RODRIGUESY,2025-06-11,122673,1,20,0,527.0
10109858RODRIGUESY_2025-06-11_G32,10109858RODRIGUESY,2025-06-11,122985,1,26,0,572.0
10109858RODRIGUESY_2025-06-11_G33,10109858RODRIGUESY,2025-06-11,122983,1,8,0,327.0
10109858RODRIGUESY_2025-06-11_G34,10109858RODRIGUESY,2025-06-11,122984,1,4,0,220.0
10109858RODRIGUESY_2025-06-11_G35,10109858RODRIGUESY,2025-06-11,124247,1,4,0,206.0
10109858RODRIGUESY_2025-06-12_G02,10109858RODRIGUESY,2025-06-12,181235,1,4,0,323.0
10109858RODRIGUESY_2025-06-12_G03,10109858RODRIGUESY,2025-06-12,124476,1,2,0,221.0
10109858RODRIGUESY_2025-06-12_G04,10109858RODRIGUESY,2025-06-12,180420,2,3,6,1444.0
10109858RODRIGUESY_2025-06-12_G05,10109858RODRIGUESY,2025-06-12,122962,1,16,0,1796.0
10109858RODRIGUESY_2025-06-12_G06,10109858RODRIGUESY,2025-06-12,123909,1,12,0,2185.0
10109858RODRIGUESY_2025-06-12_G07,10109858RODRIGUESY,2025-06-12,124247,1,10,0,491.0
10109858RODRIGUESY_2025-06-12_G08,10109858RODRIGUESY,2025-06-12,181057,1,5,0,199.0
10109858RODRIGUESY_2025-06-12_G09,10109858RODRIGUESY,2025-06-12,121760,1,1,0,216.0
10109858RODRIGUESY_2025-06-12_G10,10109858RODRIGUESY,2025-06-12,122985,2,8,13,182.0
10109858RODRIGUESY_2025-06-12_G11,10109858RODRIGUESY,2025-06-12,121760,1,4,0,417.0
10109858RODRIGUESY_2025-06-12_G12,10109858RODRIGUESY,2025-06-12,124476,1,4,0,173.0
10109858RODRIGUESY_2025-06-12_G13,10109858RODRIGUESY,2025-06-12,123153,1,30,0,688.0
10109858RODRIGUESY_2025-06-12_G14,10109858RODRIGUESY,2025-06-12,123153,1,23,0,676.0
10109858RODRIGUESY_2025-06-12_G16,10109858RODRIGUESY,2025-06-12,122671,1,12,0,325.0
10109858RODRIGUESY_2025-06-12_G17,10109858RODRIGUESY,2025-06-12,123909,1,12,0,271.0
10109858RODRIGUESY_2025-06-12_G18,10109858RODRIGUESY,2025-06-12,122673,1,6,0,344.0
10109858RODRIGUESY_2025-06-12_G19,10109858RODRIGUESY,2025-06-12,122984,1,22,0,1570.0
10109858RODRIGUESY_2025-06-12_G20,10109858RODRIGUESY,2025-06-12,124548,1,100,0,1674.0
10109858RODRIGUESY_2025-06-13_G02,10109858RODRIGUESY,2025-06-13,124370,1,20,0,657.0
10109858RODRIGUESY_2025-06-13_G03,10109858RODRIGUESY,2025-06-13,122984,1,12,0,282.0
10109858RODRIGUESY_2025-06-13_G04,10109858RODRIGUESY,2025-06-13,124248,1,10,0,1312.0
10109858RODRIGUESY_2025-06-13_G05,10109858RODRIGUESY,2025-06-13,123344,1,3,0,155.0
10109858RODRIGUESY_2025-06-13_G06,10109858RODRIGUESY,2025-06-13,122701,1,6,0,1189.0
10109858RODRIGUESY_2025-06-13_G07,10109858RODRIGUESY,2025-06-13,123345,1,11,0,3526.0
10109858RODRIGUESY_2025-06-13_G08,10109858RODRIGUESY,2025-06-13,123343,2,3,10,331.0
10109858RODRIGUESY_2025-06-13_G09,10109858RODRIGUESY,2025-06-13,122962,1,5,0,390.0
10109858RODRIGUESY_2025-06-13_G10,10109858RODRIGUESY,2025-06-13,122703,1,4,0,312.0
10109858RODRIGUESY_2025-06-13_G11,10109858RODRIGUESY,2025-06-13,121651,1,10,0,438.0
10109858RODRIGUESY_2025-06-13_G12,10109858RODRIGUESY,2025-06-13,123344,1,10,0,136.0
10109858RODRIGUESY_2025-06-13_G13,10109858RODRIGUESY,2025-06-13,121651,1,2,0,228.0
10109858RODRIGUESY_2025-06-14_G02,10109858RODRIGUESY,2025-06-14,122985,1,5,0,376.0
10109858RODRIGUESY_2025-06-14_G03,10109858RODRIGUESY,2025-06-14,123313,1,40,0,1986.0
10109858RODRIGUESY_2025-06-14_G04,10109858RODRIGUESY,2025-06-14,124248,1,35,0,1119.0
10109858RODRIGUESY_2025-06-14_G05,10109858RODRIGUESY,2025-06-14,123081,1,8,0,416.0
10109858RODRIGUESY_2025-06-14_G06,10109858RODRIGUESY,2025-06-14,123080,1,64,0,1897.0
10109858RODRIGUESY_2025-06-14_G07,10109858RODRIGUESY,2025-06-14,122962,1,48,0,624.0
10109858RODRIGUESY_2025-06-14_G08,10109858RODRIGUESY,2025-06-14,120028,1,36,0,1084.0
10109858RODRIGUESY_2025-06-14_G10,10109858RODRIGUESY,2025-06-14,124371,1,100,0,1959.0
10109858RODRIGUESY_2025-06-14_G11,10109858RODRIGUESY,2025-06-14,122185,1,100,0,553.0
10109858RODRIGUESY_2025-06-14_G12,10109858RODRIGUESY,2025-06-14,124475,1,6,0,1892.0
10109858RODRIGUESY_2025-06-14_G13,10109858RODRIGUESY,2025-06-14,123344,1,4,0,97.0
10109858RODRIGUESY_2025-06-14_G14,10109858RODRIGUESY,2025-06-14,121760,1,4,0,642.0
10109858RODRIGUESY_2025-06-14_G15,10109858RODRIGUESY,2025-06-14,122673,1,4,0,395.0
10109858RODRIGUESY_2025-06-14_G16,10109858RODRIGUESY,2025-06-14,122673,1,6,0,147.0
10109858RODRIGUESY_2025-06-16_G02,10109858RODRIGUESY,2025-06-16,123344,1,18,0,1022.0
10109858RODRIGUESY_2025-06-16_G03,10109858RODRIGUESY,2025-06-16,123345,1,1,0,126.0
10109858RODRIGUESY_2025-06-16_G04,10109858RODRIGUESY,2025-06-16,123345,1,5,0,34.0
10109858RODRIGUESY_2025-06-16_G05,10109858RODRIGUESY,2025-06-16,122962,1,36,0,304.0
10109858RODRIGUESY_2025-06-16_G06,10109858RODRIGUESY,2025-06-16,123344,1,12,0,1374.0
10109858RODRIGUESY_2025-06-16_G07,10109858RODRIGUESY,2025-06-16,122703,1,2,0,672.0
10109858RODRIGUESY_2025-06-16_G08,10109858RODRIGUESY,2025-06-16,121651,1,2,0,199.0
10109858RODRIGUESY_2025-06-16_G09,10109858RODRIGUESY,2025-06-16,123344,1,4,0,851.0
10109858RODRIGUESY_2025-06-16_G10,10109858RODRIGUESY,2025-06-16,123345,1,6,0,590.0
10109858RODRIGUESY_2025-06-16_G11,10109858RODRIGUESY,2025-06-16,122984,1,6,0,255.0
10109858RODRIGUESY_2025-06-16_G12,10109858RODRIGUESY,2025-06-16,123345,1,8,0,253.0
10109858RODRIGUESY_2025-06-16_G13,10109858RODRIGUESY,2025-06-16,124370,1,8,0,297.0
10109858RODRIGUESY_2025-06-16_G14,10109858RODRIGUESY,2025-06-16,122986,1,4,0,178.0
10109858RODRIGUESY_2025-06-16_G15,10109858RODRIGUESY,2025-06-16,121651,1,8,0,153.0
10109858RODRIGUESY_2025-06-16_G16,10109858RODRIGUESY,2025-06-16,123345,1,6,0,1384.0
10109858RODRIGUESY_2025-06-16_G17,10109858RODRIGUESY,2025-06-16,123822,1,20,0,885.0
10109858RODRIGUESY_2025-06-16_G18,10109858RODRIGUESY,2025-06-16,122185,1,24,0,909.0
10109858RODRIGUESY_2025-06-16_G19,10109858RODRIGUESY,2025-06-16,124248,1,4,0,1901.0
10109858RODRIGUESY_2025-06-16_G20,10109858RODRIGUESY,2025-06-16,122984,1,19,0,841.0
10109858RODRIGUESY_2025-06-16_G21,10109858RODRIGUESY,2025-06-16,122985,1,4,0,265.0
10109858RODRIGUESY_2025-06-16_G22,10109858RODRIGUESY,2025-06-16,120389,1,6,0,573.0
10109858RODRIGUESY_2025-06-16_G23,10109858RODRIGUESY,2025-06-16,124594,1,14,0,296.0
10109858RODRIGUESY_2025-06-16_G24,10109858RODRIGUESY,2025-06-16,122984,1,7,0,307.0
10109858RODRIGUESY_2025-06-16_G25,10109858RODRIGUESY,2025-06-16,122962,1,16,0,339.0
10109858RODRIGUESY_2025-06-16_G27,10109858RODRIGUESY,2025-06-16,121760,1,8,0,986.0
10109858RODRIGUESY_2025-06-16_G28,10109858RODRIGUESY,2025-06-16,121760,1,50,0,2095.0
10109858RODRIGUESY_2025-06-16_G29,10109858RODRIGUESY,2025-06-16,123153,1,20,0,404.0
10109858RODRIGUESY_2025-06-16_G30,10109858RODRIGUESY,2025-06-16,122703,1,20,0,520.0
10109858RODRIGUESY_2025-06-16_G31,10109858RODRIGUESY,2025-06-16,123909,1,14,0,549.0
10109858RODRIGUESY_2025-06-16_G32,10109858RODRIGUESY,2025-06-16,123344,1,10,0,568.0
10109858RODRIGUESY_2025-06-17_G02,10109858RODRIGUESY,2025-06-17,124370,1,4,0,351.0
10109858RODRIGUESY_2025-06-17_G03,10109858RODRIGUESY,2025-06-17,123909,1,4,0,154.0
10109858RODRIGUESY_2025-06-17_G04,10109858RODRIGUESY,2025-06-17,124475,1,10,0,939.0
10109858RODRIGUESY_2025-06-17_G05,10109858RODRIGUESY,2025-06-17,122962,1,8,0,140.0
10109858RODRIGUESY_2025-06-17_G06,10109858RODRIGUESY,2025-06-17,123345,1,12,0,113.0
10109858RODRIGUESY_2025-06-17_G07,10109858RODRIGUESY,2025-06-17,121760,1,4,0,343.0
10109858RODRIGUESY_2025-06-17_G08,10109858RODRIGUESY,2025-06-17,122703,1,4,0,148.0
10109858RODRIGUESY_2025-06-17_G09,10109858RODRIGUESY,2025-06-17,123909,1,8,0,355.0
10109858RODRIGUESY_2025-06-17_G10,10109858RODRIGUESY,2025-06-17,124475,1,4,0,252.0
10109858RODRIGUESY_2025-06-17_G11,10109858RODRIGUESY,2025-06-17,123344,1,10,0,314.0
10109858RODRIGUESY_2025-06-17_G12,10109858RODRIGUESY,2025-06-17,124247,1,4,0,146.0
10109858RODRIGUESY_2025-06-17_G13,10109858RODRIGUESY,2025-06-17,124594,1,8,0,453.0
10109858RODRIGUESY_2025-06-17_G14,10109858RODRIGUESY,2025-06-17,122962,1,40,0,1481.0
10109858RODRIGUESY_2025-06-17_G15,10109858RODRIGUESY,2025-06-17,123345,1,10,0,403.0
10109858RODRIGUESY_2025-06-17_G16,10109858RODRIGUESY,2025-06-17,124486,1,10,0,1771.0
10109858RODRIGUESY_2025-06-17_G17,10109858RODRIGUESY,2025-06-17,122962,1,4,0,55.0
10109858RODRIGUESY_2025-06-17_G18,10109858RODRIGUESY,2025-06-17,123909,1,4,0,277.0
10109858RODRIGUESY_2025-06-17_G19,10109858RODRIGUESY,2025-06-17,122673,1,4,0,191.0
10109858RODRIGUESY_2025-06-17_G20,10109858RODRIGUESY,2025-06-17,123345,1,14,0,1482.0
10109858RODRIGUESY_2025-06-17_G21,10109858RODRIGUESY,2025-06-17,122962,1,48,0,1473.0
10109858RODRIGUESY_2025-06-17_G22,10109858RODRIGUESY,2025-06-17,120272,1,2,0,135.0
10109858RODRIGUESY_2025-06-17_G23,10109858RODRIGUESY,2025-06-17,122984,1,4,0,55.0
10109858RODRIGUESY_2025-06-17_G24,10109858RODRIGUESY,2025-06-17,122984,1,8,0,78.0
10109858RODRIGUESY_2025-06-17_G25,10109858RODRIGUESY,2025-06-17,120389,1,10,0,338.0
10109858RODRIGUESY_2025-06-17_G26,10109858RODRIGUESY,2025-06-17,122983,1,4,0,101.0
10109858RODRIGUESY_2025-06-17_G27,10109858RODRIGUESY,2025-06-17,181887,1,2,0,499.0
10109858RODRIGUESY_2025-06-17_G28,10109858RODRIGUESY,2025-06-17,121760,1,12,0,174.0
10109858RODRIGUESY_2025-06-17_G29,10109858RODRIGUESY,2025-06-17,122962,1,4,0,71.0
10109858RODRIGUESY_2025-06-17_G30,10109858RODRIGUESY,2025-06-17,124371,1,4,0,103.0
10109858RODRIGUESY_2025-06-17_G31,10109858RODRIGUESY,2025-06-17,124475,1,8,0,453.0
10109858RODRIGUESY_2025-06-17_G33,10109858RODRIGUESY,2025-06-17,122962,1,16,0,400.0
10109858RODRIGUESY_2025-06-17_G34,10109858RODRIGUESY,2025-06-17,122984,1,10,0,323.0
10109858RODRIGUESY_2025-06-17_G35,10109858RODRIGUESY,2025-06-17,120389,1,36,0,932.0
10109858RODRIGUESY_2025-06-17_G36,10109858RODRIGUESY,2025-06-17,122984,1,10,0,1172.0
10109858RODRIGUESY_2025-06-17_G37,10109858RODRIGUESY,2025-06-17,122984,1,33,0,1926.0
10109858RODRIGUESY_2025-06-17_G38,10109858RODRIGUESY,2025-06-17,123889,1,2,0,377.0
10109858RODRIGUESY_2025-06-17_G39,10109858RODRIGUESY,2025-06-17,120028,1,10,0,414.0
10109858RODRIGUESY_2025-06-17_G40,10109858RODRIGUESY,2025-06-17,122185,1,20,0,334.0
10109858RODRIGUESY_2025-06-18_G02,10109858RODRIGUESY,2025-06-18,120389,1,50,0,2609.0
10109858RODRIGUESY_2025-06-18_G03,10109858RODRIGUESY,2025-06-18,120028,1,140,0,1876.0
10109858RODRIGUESY_2025-06-18_G04,10109858RODRIGUESY,2025-06-18,123909,1,2,0,102.0
10109858RODRIGUESY_2025-06-18_G05,10109858RODRIGUESY,2025-06-18,121760,1,6,0,1326.0
10109858RODRIGUESY_2025-06-18_G06,10109858RODRIGUESY,2025-06-18,122983,1,8,0,299.0
10109858RODRIGUESY_2025-06-18_G07,10109858RODRIGUESY,2025-06-18,122983,1,16,0,414.0
10109858RODRIGUESY_2025-06-18_G08,10109858RODRIGUESY,2025-06-18,122983,1,4,0,123.0
10109858RODRIGUESY_2025-06-18_G09,10109858RODRIGUESY,2025-06-18,122983,1,10,0,382.0
10109858RODRIGUESY_2025-06-18_G10,10109858RODRIGUESY,2025-06-18,120271,1,2,0,151.0
10109858RODRIGUESY_2025-06-18_G11,10109858RODRIGUESY,2025-06-18,120271,1,10,0,272.0
10109858RODRIGUESY_2025-06-18_G12,10109858RODRIGUESY,2025-06-18,122984,1,4,0,189.0
10109858RODRIGUESY_2025-06-18_G13,10109858RODRIGUESY,2025-06-18,123344,2,10,12,292.0
10109858RODRIGUESY_2025-06-18_G14,10109858RODRIGUESY,2025-06-18,124370,1,2,0,453.0
10109858RODRIGUESY_2025-06-18_G15,10109858RODRIGUESY,2025-06-18,122185,1,2,0,107.0
10109858RODRIGUESY_2025-06-18_G16,10109858RODRIGUESY,2025-06-18,122981,1,10,0,325.0
10109858RODRIGUESY_2025-06-18_G17,10109858RODRIGUESY,2025-06-18,124594,1,6,0,643.0
10109858RODRIGUESY_2025-06-18_G18,10109858RODRIGUESY,2025-06-18,123345,1,8,0,1312.0
10109858RODRIGUESY_2025-06-18_G19,10109858RODRIGUESY,2025-06-18,122983,1,4,0,296.0
10109858RODRIGUESY_2025-06-18_G20,10109858RODRIGUESY,2025-06-18,123560,1,4,0,202.0
10109858RODRIGUESY_2025-06-18_G21,10109858RODRIGUESY,2025-06-18,123560,1,2,0,107.0
10109858RODRIGUESY_2025-06-18_G22,10109858RODRIGUESY,2025-06-18,123560,6,19,58,239.0
10109858RODRIGUESY_2025-06-18_G23,10109858RODRIGUESY,2025-06-18,123345,2,26,16,49.0
10109858RODRIGUESY_2025-06-18_G24,10109858RODRIGUESY,2025-06-18,123345,2,10,12,37.0
10109858RODRIGUESY_2025-06-18_G26,10109858RODRIGUESY,2025-06-18,124248,1,41,0,800.0
10109858RODRIGUESY_2025-06-18_G27,10109858RODRIGUESY,2025-06-18,123153,1,20,0,437.0
10109858RODRIGUESY_2025-06-18_G28,10109858RODRIGUESY,2025-06-18,120028,1,20,0,1084.0
10109858RODRIGUESY_2025-06-18_G29,10109858RODRIGUESY,2025-06-18,120339,1,2,0,480.0
10109858RODRIGUESY_2025-06-18_G30,10109858RODRIGUESY,2025-06-18,"122962, 124248, 124548",3,32,51,165.0
10109858RODRIGUESY_2025-06-19_G02,10109858RODRIGUESY,2025-06-19,122962,1,20,0,248.0
10109858RODRIGUESY_2025-06-19_G03,10109858RODRIGUESY,2025-06-19,124371,1,20,0,1167.0
10109858RODRIGUESY_2025-06-19_G04,10109858RODRIGUESY,2025-06-19,124475,1,20,0,752.0
10109858RODRIGUESY_2025-06-19_G05,10109858RODRIGUESY,2025-06-19,"123521, 124477",2,15,30,110.0
10109858RODRIGUESY_2025-06-19_G06,10109858RODRIGUESY,2025-06-19,124370,1,20,0,878.0
10109858RODRIGUESY_2025-06-19_G07,10109858RODRIGUESY,2025-06-19,124486,1,10,0,712.0
10109858RODRIGUESY_2025-06-19_G08,10109858RODRIGUESY,2025-06-19,123153,1,5,0,302.0
10109858RODRIGUESY_2025-06-19_G10,10109858RODRIGUESY,2025-06-19,122988,1,100,0,1443.0
10109858RODRIGUESY_2025-06-19_G11,10109858RODRIGUESY,2025-06-19,124248,1,12,0,1177.0
10109858RODRIGUESY_2025-06-19_G12,10109858RODRIGUESY,2025-06-19,123345,4,14,28,188.0
10109858RODRIGUESY_2025-06-19_G13,10109858RODRIGUESY,2025-06-19,123313,1,6,0,475.0
10109858RODRIGUESY_2025-06-19_G14,10109858RODRIGUESY,2025-06-19,122982,1,4,0,183.0
10109858RODRIGUESY_2025-06-19_G15,10109858RODRIGUESY,2025-06-19,120271,1,6,0,314.0
10109858RODRIGUESY_2025-06-19_G16,10109858RODRIGUESY,2025-06-19,122986,1,6,0,258.0
10109858RODRIGUESY_2025-06-19_G17,10109858RODRIGUESY,2025-06-19,122986,2,10,22,201.0
10109858RODRIGUESY_2025-06-19_G18,10109858RODRIGUESY,2025-06-19,124371,1,8,0,308.0
10109858RODRIGUESY_2025-06-19_G19,10109858RODRIGUESY,2025-06-19,122981,1,8,0,198.0
10109858RODRIGUESY_2025-06-19_G20,10109858RODRIGUESY,2025-06-19,122981,1,6,0,33.0
10109858RODRIGUESY_2025-06-19_G21,10109858RODRIGUESY,2025-06-19,122981,1,6,0,91.0
10109858RODRIGUESY_2025-06-19_G22,10109858RODRIGUESY,2025-06-19,122962,1,60,0,908.0
10109858RODRIGUESY_2025-06-19_G23,10109858RODRIGUESY,2025-06-19,124486,1,70,0,940.0
10109858RODRIGUESY_2025-06-20_G03,10109858RODRIGUESY,2025-06-20,122983,1,64,0,1338.0
10109858RODRIGUESY_2025-06-20_G04,10109858RODRIGUESY,2025-06-20,"124486, 122986",2,11,26,376.0
10109858RODRIGUESY_2025-06-20_G05,10109858RODRIGUESY,2025-06-20,123909,1,4,0,144.0
10109858RODRIGUESY_2025-06-20_G06,10109858RODRIGUESY,2025-06-20,122185,1,8,0,2336.0
10109858RODRIGUESY_2025-06-20_G07,10109858RODRIGUESY,2025-06-20,124475,1,23,0,770.0
10109858RODRIGUESY_2025-06-20_G08,10109858RODRIGUESY,2025-06-20,124248,1,1,0,119.0
10109858RODRIGUESY_2025-06-20_G09,10109858RODRIGUESY,2025-06-20,122981,1,36,0,752.0
10109858RODRIGUESY_2025-06-20_G10,10109858RODRIGUESY,2025-06-20,123344,1,12,0,197.0
10109858RODRIGUESY_2025-06-20_G11,10109858RODRIGUESY,2025-06-20,123345,1,13,0,63.0
10109858RODRIGUESY_2025-06-20_G12,10109858RODRIGUESY,2025-06-20,123313,1,20,0,1685.0
10109858RODRIGUESY_2025-06-20_G13,10109858RODRIGUESY,2025-06-20,122647,1,2,0,372.0
10109858RODRIGUESY_2025-06-20_G14,10109858RODRIGUESY,2025-06-20,124371,1,4,0,62.0
10109858RODRIGUESY_2025-06-20_G15,10109858RODRIGUESY,2025-06-20,121651,1,2,0,482.0
10109858RODRIGUESY_2025-06-20_G16,10109858RODRIGUESY,2025-06-20,"124247, 124477",2,5,15,71.0
10109858RODRIGUESY_2025-06-20_G17,10109858RODRIGUESY,2025-06-20,"122962, 122673",2,14,5,258.0
10109858RODRIGUESY_2025-06-20_G19,10109858RODRIGUESY,2025-06-20,124370,1,24,0,998.0
10109858RODRIGUESY_2025-06-20_G20,10109858RODRIGUESY,2025-06-20,122703,1,6,0,580.0
10109858RODRIGUESY_2025-06-20_G21,10109858RODRIGUESY,2025-06-20,124486,1,12,0,119.0
10109858RODRIGUESY_2025-06-20_G22,10109858RODRIGUESY,2025-06-20,124486,1,12,0,35.0
10109858RODRIGUESY_2025-06-20_G23,10109858RODRIGUESY,2025-06-20,124371,2,30,10,1013.0
10109858RODRIGUESY_2025-06-20_G24,10109858RODRIGUESY,2025-06-20,124371,1,33,0,578.0
10109858RODRIGUESY_2025-06-20_G25,10109858RODRIGUESY,2025-06-20,123344,1,24,0,389.0
10109858RODRIGUESY_2025-06-20_G26,10109858RODRIGUESY,2025-06-20,123344,1,24,0,315.0
10109858RODRIGUESY_2025-06-20_G27,10109858RODRIGUESY,2025-06-20,124370,1,24,0,423.0
10109858RODRIGUESY_2025-06-20_G28,10109858RODRIGUESY,2025-06-20,123345,3,48,14,347.0
10109858RODRIGUESY_2025-06-23_G02,10109858RODRIGUESY,2025-06-23,123909,1,4,0,103.0
10109858RODRIGUESY_2025-06-23_G03,10109858RODRIGUESY,2025-06-23,122962,1,4,0,257.0
10109858RODRIGUESY_2025-06-23_G04,10109858RODRIGUESY,2025-06-23,123343,1,3,0,240.0
10109858RODRIGUESY_2025-06-23_G05,10109858RODRIGUESY,2025-06-23,124247,1,6,0,321.0
10109858RODRIGUESY_2025-06-23_G06,10109858RODRIGUESY,2025-06-23,123343,1,10,0,291.0
10109858RODRIGUESY_2025-06-23_G07,10109858RODRIGUESY,2025-06-23,123153,1,20,0,1655.0
10109858RODRIGUESY_2025-06-23_G08,10109858RODRIGUESY,2025-06-23,123343,1,3,0,1044.0
10109858RODRIGUESY_2025-06-23_G10,10109858RODRIGUESY,2025-06-23,123822,1,30,0,728.0
10109858RODRIGUESY_2025-06-23_G11,10109858RODRIGUESY,2025-06-23,123889,1,2,0,175.0
10109858RODRIGUESY_2025-06-23_G12,10109858RODRIGUESY,2025-06-23,123153,1,8,0,126.0
10109858RODRIGUESY_2025-06-23_G13,10109858RODRIGUESY,2025-06-23,123889,1,2,0,66.0
10109858RODRIGUESY_2025-06-23_G14,10109858RODRIGUESY,2025-06-23,123153,1,16,0,153.0
10109858RODRIGUESY_2025-06-23_G15,10109858RODRIGUESY,2025-06-23,124594,1,10,0,478.0
10109858RODRIGUESY_2025-06-23_G16,10109858RODRIGUESY,2025-06-23,123492,1,8,0,749.0
10109858RODRIGUESY_2025-06-23_G17,10109858RODRIGUESY,2025-06-23,124624,1,4,0,146.0
10109858RODRIGUESY_2025-06-23_G18,10109858RODRIGUESY,2025-06-23,123889,2,20,9,93.0
10109858RODRIGUESY_2025-06-23_G19,10109858RODRIGUESY,2025-06-23,121760,1,5,0,1085.0
10109858RODRIGUESY_2025-06-23_G20,10109858RODRIGUESY,2025-06-23,124370,1,8,0,236.0
10109858RODRIGUESY_2025-06-23_G21,10109858RODRIGUESY,2025-06-23,124371,1,8,0,204.0
10109858RODRIGUESY_2025-06-23_G22,10109858RODRIGUESY,2025-06-23,122984,1,6,0,334.0
10109858RODRIGUESY_2025-06-23_G23,10109858RODRIGUESY,2025-06-23,123343,1,2,0,175.0
10109858RODRIGUESY_2025-06-23_G24,10109858RODRIGUESY,2025-06-23,122984,1,8,0,374.0
10109858RODRIGUESY_2025-06-23_G25,10109858RODRIGUESY,2025-06-23,123343,1,6,0,372.0
10109858RODRIGUESY_2025-06-23_G27,10109858RODRIGUESY,2025-06-23,123343,1,2,0,804.0
10109858RODRIGUESY_2025-06-23_G28,10109858RODRIGUESY,2025-06-23,122984,1,16,0,475.0
10109858RODRIGUESY_2025-06-23_G29,10109858RODRIGUESY,2025-06-23,123343,1,6,0,519.0
10109858RODRIGUESY_2025-06-23_G30,10109858RODRIGUESY,2025-06-23,121760,1,20,0,667.0
10109858RODRIGUESY_2025-06-23_G31,10109858RODRIGUESY,2025-06-23,121651,1,7,0,400.0
10109858RODRIGUESY_2025-06-23_G32,10109858RODRIGUESY,2025-06-23,121651,1,17,0,242.0
10109858RODRIGUESY_2025-06-23_G33,10109858RODRIGUESY,2025-06-23,120339,2,24,7,471.0
10109858RODRIGUESY_2025-06-24_G02,10109858RODRIGUESY,2025-06-24,124247,1,15,0,965.0
10109858RODRIGUESY_2025-06-24_G03,10109858RODRIGUESY,2025-06-24,123153,1,24,0,988.0
10109858RODRIGUESY_2025-06-24_G04,10109858RODRIGUESY,2025-06-24,123520,1,4,0,68.0
10109858RODRIGUESY_2025-06-24_G05,10109858RODRIGUESY,2025-06-24,120008,1,14,0,668.0
10109858RODRIGUESY_2025-06-24_G06,10109858RODRIGUESY,2025-06-24,180420,2,2,13,1161.0
10109858RODRIGUESY_2025-06-24_G07,10109858RODRIGUESY,2025-06-24,180035,1,2,0,437.0
10109858RODRIGUESY_2025-06-24_G08,10109858RODRIGUESY,2025-06-24,181237,1,2,0,581.0
10109858RODRIGUESY_2025-06-24_G09,10109858RODRIGUESY,2025-06-24,180054,1,2,0,512.0
10109858RODRIGUESY_2025-06-24_G10,10109858RODRIGUESY,2025-06-24,124370,1,16,0,481.0
10109858RODRIGUESY_2025-06-24_G11,10109858RODRIGUESY,2025-06-24,120028,1,3,0,42.0
10109858RODRIGUESY_2025-06-24_G12,10109858RODRIGUESY,2025-06-24,122982,1,6,0,132.0
10109858RODRIGUESY_2025-06-24_G13,10109858RODRIGUESY,2025-06-24,123080,1,12,0,158.0
10109858RODRIGUESY_2025-06-24_G14,10109858RODRIGUESY,2025-06-24,123521,1,2,0,177.0
10109858RODRIGUESY_2025-06-24_G15,10109858RODRIGUESY,2025-06-24,122185,1,10,0,253.0
10109858RODRIGUESY_2025-06-24_G16,10109858RODRIGUESY,2025-06-24,124477,1,16,0,254.0
10109858RODRIGUESY_2025-06-24_G17,10109858RODRIGUESY,2025-06-24,123561,1,4,0,264.0
10109858RODRIGUESY_2025-06-24_G18,10109858RODRIGUESY,2025-06-24,123345,1,15,0,858.0
10109858RODRIGUESY_2025-06-24_G19,10109858RODRIGUESY,2025-06-24,124486,1,50,0,1032.0
10109858RODRIGUESY_2025-06-24_G20,10109858RODRIGUESY,2025-06-24,123492,1,15,0,584.0
10109858RODRIGUESY_2025-06-24_G21,10109858RODRIGUESY,2025-06-24,123909,1,15,0,127.0
10109858RODRIGUESY_2025-06-24_G22,10109858RODRIGUESY,2025-06-24,123153,1,34,0,745.0
10109858RODRIGUESY_2025-06-24_G23,10109858RODRIGUESY,2025-06-24,181057,1,2,0,1520.0
10109858RODRIGUESY_2025-06-24_G24,10109858RODRIGUESY,2025-06-24,122983,1,8,0,313.0
10109858RODRIGUESY_2025-06-24_G25,10109858RODRIGUESY,2025-06-24,124247,1,20,0,325.0
10109858RODRIGUESY_2025-06-24_G26,10109858RODRIGUESY,2025-06-24,120028,1,48,0,606.0
10109858RODRIGUESY_2025-06-24_G27,10109858RODRIGUESY,2025-06-24,120389,1,10,0,290.0
10109858RODRIGUESY_2025-06-24_G28,10109858RODRIGUESY,2025-06-24,120028,1,16,0,276.0
10109858RODRIGUESY_2025-06-24_G29,10109858RODRIGUESY,2025-06-24,122986,1,6,0,152.0
10109858RODRIGUESY_2025-06-24_G30,10109858RODRIGUESY,2025-06-24,122982,1,8,0,224.0
10109858RODRIGUESY_2025-06-24_G31,10109858RODRIGUESY,2025-06-24,122984,1,4,0,84.0
10109858RODRIGUESY_2025-06-24_G33,10109858RODRIGUESY,2025-06-24,123822,1,28,0,529.0
10109858RODRIGUESY_2025-06-24_G34,10109858RODRIGUESY,2025-06-24,122962,1,28,0,532.0
10109858RODRIGUESY_2025-06-24_G35,10109858RODRIGUESY,2025-06-24,121651,1,6,0,420.0
10109858RODRIGUESY_2025-06-24_G36,10109858RODRIGUESY,2025-06-24,120339,1,2,0,165.0
10109858RODRIGUESY_2025-06-24_G37,10109858RODRIGUESY,2025-06-24,123561,1,6,0,284.0
10109858RODRIGUESY_2025-06-24_G38,10109858RODRIGUESY,2025-06-24,123561,1,2,0,319.0
10109858RODRIGUESY_2025-06-24_G39,10109858RODRIGUESY,2025-06-24,122984,1,2,0,581.0
10109858RODRIGUESY_2025-06-24_G40,10109858RODRIGUESY,2025-06-24,122984,1,4,0,251.0
10109858RODRIGUESY_2025-06-24_G41,10109858RODRIGUESY,2025-06-24,122673,1,2,0,117.0
10109858RODRIGUESY_2025-06-24_G42,10109858RODRIGUESY,2025-06-24,121760,1,8,0,165.0
10109858RODRIGUESY_2025-06-24_G43,10109858RODRIGUESY,2025-06-24,123344,1,10,0,108.0
10109858RODRIGUESY_2025-06-24_G44,10109858RODRIGUESY,2025-06-24,123343,1,10,0,915.0
10109858RODRIGUESY_2025-06-24_G45,10109858RODRIGUESY,2025-06-24,123345,1,6,0,193.0
10109858RODRIGUESY_2025-06-24_G46,10109858RODRIGUESY,2025-06-24,120339,1,4,0,264.0
10109858RODRIGUESY_2025-06-24_G47,10109858RODRIGUESY,2025-06-24,123561,1,8,0,165.0
10109858RODRIGUESY_2025-06-24_G48,10109858RODRIGUESY,2025-06-24,122984,1,8,0,157.0
10109858RODRIGUESY_2025-06-24_G49,10109858RODRIGUESY,2025-06-24,121760,1,8,0,709.0
10109858RODRIGUESY_2025-06-24_G50,10109858RODRIGUESY,2025-06-24,121651,1,8,0,287.0
10109858RODRIGUESY_2025-06-24_G51,10109858RODRIGUESY,2025-06-24,121651,1,8,0,577.0
10109858RODRIGUESY_2025-06-24_G52,10109858RODRIGUESY,2025-06-24,181235,1,2,0,294.0
10109858RODRIGUESY_2025-06-25_G02,10109858RODRIGUESY,2025-06-25,124247,1,6,0,68.0
10109858RODRIGUESY_2025-06-25_G03,10109858RODRIGUESY,2025-06-25,120389,1,11,0,534.0
10109858RODRIGUESY_2025-06-25_G04,10109858RODRIGUESY,2025-06-25,124370,1,20,0,537.0
10109858RODRIGUESY_2025-06-25_G05,10109858RODRIGUESY,2025-06-25,122673,1,4,0,445.0
10109858RODRIGUESY_2025-06-25_G06,10109858RODRIGUESY,2025-06-25,123909,1,14,0,331.0
10109858RODRIGUESY_2025-06-25_G07,10109858RODRIGUESY,2025-06-25,122962,1,26,0,1097.0
10109858RODRIGUESY_2025-06-25_G08,10109858RODRIGUESY,2025-06-25,124475,1,12,0,300.0
10109858RODRIGUESY_2025-06-25_G09,10109858RODRIGUESY,2025-06-25,124371,1,8,0,414.0
10109858RODRIGUESY_2025-06-25_G10,10109858RODRIGUESY,2025-06-25,124486,1,12,0,395.0
10109858RODRIGUESY_2025-06-25_G11,10109858RODRIGUESY,2025-06-25,121651,1,13,0,526.0
10109858RODRIGUESY_2025-06-25_G12,10109858RODRIGUESY,2025-06-25,"123344, 124477",2,44,11,95.0
10109858RODRIGUESY_2025-06-25_G13,10109858RODRIGUESY,2025-06-25,123889,1,36,0,96.0
10109858RODRIGUESY_2025-06-25_G14,10109858RODRIGUESY,2025-06-25,"123345, 123343",2,66,27,1406.0
10109858RODRIGUESY_2025-06-25_G15,10109858RODRIGUESY,2025-06-25,122647,1,4,0,652.0
10109858RODRIGUESY_2025-06-25_G17,10109858RODRIGUESY,2025-06-25,122185,1,2,0,819.0
10109858RODRIGUESY_2025-06-25_G18,10109858RODRIGUESY,2025-06-25,123345,1,33,0,1282.0
10109858RODRIGUESY_2025-06-25_G19,10109858RODRIGUESY,2025-06-25,124486,1,5,0,139.0
10109858RODRIGUESY_2025-06-25_G20,10109858RODRIGUESY,2025-06-25,122962,1,51,0,1051.0
10109858RODRIGUESY_2025-06-25_G21,10109858RODRIGUESY,2025-06-25,122189,1,36,0,780.0
10109858RODRIGUESY_2025-06-26_G02,10109858RODRIGUESY,2025-06-26,123344,1,4,0,51.0
10109858RODRIGUESY_2025-06-26_G03,10109858RODRIGUESY,2025-06-26,122671,1,4,0,312.0
10109858RODRIGUESY_2025-06-26_G04,10109858RODRIGUESY,2025-06-26,123492,1,6,0,306.0
10109858RODRIGUESY_2025-06-26_G05,10109858RODRIGUESY,2025-06-26,120028,1,20,0,983.0
10109858RODRIGUESY_2025-06-26_G06,10109858RODRIGUESY,2025-06-26,122962,1,8,0,275.0
10109858RODRIGUESY_2025-06-26_G07,10109858RODRIGUESY,2025-06-26,124486,1,10,0,212.0
10109858RODRIGUESY_2025-06-26_G08,10109858RODRIGUESY,2025-06-26,123153,1,10,0,263.0
10109858RODRIGUESY_2025-06-26_G09,10109858RODRIGUESY,2025-06-26,121760,1,16,0,157.0
10109858RODRIGUESY_2025-06-26_G10,10109858RODRIGUESY,2025-06-26,123492,1,31,0,2008.0
10109858RODRIGUESY_2025-06-26_G11,10109858RODRIGUESY,2025-06-26,181235,1,4,0,878.0
10109858RODRIGUESY_2025-06-26_G12,10109858RODRIGUESY,2025-06-26,181057,2,2,9,186.0
10109858RODRIGUESY_2025-06-26_G13,10109858RODRIGUESY,2025-06-26,180420,1,31,0,3407.0
10109858RODRIGUESY_2025-06-26_G14,10109858RODRIGUESY,2025-06-26,120028,1,12,0,1052.0
10109858RODRIGUESY_2025-06-26_G15,10109858RODRIGUESY,2025-06-26,123822,1,3,0,113.0
10109858RODRIGUESY_2025-06-26_G16,10109858RODRIGUESY,2025-06-26,122962,1,24,0,149.0
10109858RODRIGUESY_2025-06-26_G17,10109858RODRIGUESY,2025-06-26,124486,1,13,0,449.0
10109858RODRIGUESY_2025-06-26_G18,10109858RODRIGUESY,2025-06-26,123822,1,20,0,703.0
10109858RODRIGUESY_2025-06-26_G19,10109858RODRIGUESY,2025-06-26,122962,1,8,0,32.0
10109858RODRIGUESY_2025-06-26_G20,10109858RODRIGUESY,2025-06-26,122962,1,8,0,463.0
10109858RODRIGUESY_2025-06-26_G21,10109858RODRIGUESY,2025-06-26,124486,1,12,0,2426.0
10109858RODRIGUESY_2025-06-26_G23,10109858RODRIGUESY,2025-06-26,122673,1,24,0,652.0
10109858RODRIGUESY_2025-06-26_G24,10109858RODRIGUESY,2025-06-26,124486,1,30,0,675.0
10109858RODRIGUESY_2025-06-26_G25,10109858RODRIGUESY,2025-06-26,123130,1,36,0,610.0
10109858RODRIGUESY_2025-06-26_G26,10109858RODRIGUESY,2025-06-26,123130,1,60,0,1428.0
10109858RODRIGUESY_2025-06-27_G02,10109858RODRIGUESY,2025-06-27,124248,1,20,0,925.0
10109858RODRIGUESY_2025-06-27_G03,10109858RODRIGUESY,2025-06-27,120339,1,3,0,736.0
10109858RODRIGUESY_2025-06-27_G04,10109858RODRIGUESY,2025-06-27,122984,1,70,0,1353.0
10109858RODRIGUESY_2025-06-27_G05,10109858RODRIGUESY,2025-06-27,121651,1,8,0,280.0
10109858RODRIGUESY_2025-06-27_G06,10109858RODRIGUESY,2025-06-27,122671,1,32,0,476.0
10109858RODRIGUESY_2025-06-27_G07,10109858RODRIGUESY,2025-06-27,122673,1,16,0,1531.0
10109858RODRIGUESY_2025-06-27_G08,10109858RODRIGUESY,2025-06-27,122673,1,25,0,244.0
10109858RODRIGUESY_2025-06-27_G09,10109858RODRIGUESY,2025-06-27,121651,1,16,0,191.0
10109858RODRIGUESY_2025-06-27_G10,10109858RODRIGUESY,2025-06-27,122962,1,50,0,1478.0
10109858RODRIGUESY_2025-06-27_G11,10109858RODRIGUESY,2025-06-27,123130,1,10,0,1008.0
10109858RODRIGUESY_2025-06-27_G12,10109858RODRIGUESY,2025-06-27,122673,1,4,0,258.0
10109858RODRIGUESY_2025-06-27_G13,10109858RODRIGUESY,2025-06-27,124486,1,2,0,140.0
10109858RODRIGUESY_2025-06-27_G14,10109858RODRIGUESY,2025-06-27,123822,1,8,0,313.0
10109858RODRIGUESY_2025-06-27_G15,10109858RODRIGUESY,2025-06-27,123822,2,20,6,1117.0
10109858RODRIGUESY_2025-06-27_G16,10109858RODRIGUESY,2025-06-27,122962,1,30,0,521.0
10109858RODRIGUESY_2025-06-27_G17,10109858RODRIGUESY,2025-06-27,122982,1,14,0,352.0
10109858RODRIGUESY_2025-06-27_G18,10109858RODRIGUESY,2025-06-27,122984,1,46,0,1462.0
10109858RODRIGUESY_2025-06-27_G19,10109858RODRIGUESY,2025-06-27,124433,1,10,0,1590.0
10109858RODRIGUESY_2025-06-27_G20,10109858RODRIGUESY,2025-06-27,122962,1,90,0,398.0
10109858RODRIGUESY_2025-06-27_G21,10109858RODRIGUESY,2025-06-27,121760,1,4,0,440.0
10109858RODRIGUESY_2025-06-27_G22,10109858RODRIGUESY,2025-06-27,123561,1,5,0,427.0
10109858RODRIGUESY_2025-06-27_G23,10109858RODRIGUESY,2025-06-27,122981,1,6,0,180.0
10109858RODRIGUESY_2025-06-27_G24,10109858RODRIGUESY,2025-06-27,123909,1,4,0,922.0
10109858RODRIGUESY_2025-06-28_G03,10109858RODRIGUESY,2025-06-28,122983,2,4,5,510.0
10109858RODRIGUESY_2025-06-28_G04,10109858RODRIGUESY,2025-06-28,124548,1,12,0,260.0
10109858RODRIGUESY_2025-06-28_G05,10109858RODRIGUESY,2025-06-28,121760,1,2,0,214.0
10109858RODRIGUESY_2025-06-28_G06,10109858RODRIGUESY,2025-06-28,122984,1,6,0,118.0
10109858RODRIGUESY_2025-06-28_G07,10109858RODRIGUESY,2025-06-28,124248,1,12,0,293.0
10109858RODRIGUESY_2025-06-28_G08,10109858RODRIGUESY,2025-06-28,123345,1,4,0,110.0
10109858RODRIGUESY_2025-06-28_G09,10109858RODRIGUESY,2025-06-28,124475,1,2,0,1123.0
10109858RODRIGUESY_2025-06-28_G10,10109858RODRIGUESY,2025-06-28,123909,1,7,0,146.0
10109858RODRIGUESY_2025-06-28_G11,10109858RODRIGUESY,2025-06-28,120028,1,8,0,383.0
10109858RODRIGUESY_2025-06-28_G12,10109858RODRIGUESY,2025-06-28,123492,1,23,0,342.0
10109858RODRIGUESY_2025-06-28_G13,10109858RODRIGUESY,2025-06-28,122962,1,60,0,530.0
10109858RODRIGUESY_2025-06-30_G02,10109858RODRIGUESY,2025-06-30,122703,1,12,0,1490.0
10109858RODRIGUESY_2025-06-30_G03,10109858RODRIGUESY,2025-06-30,122703,1,12,0,103.0
10109858RODRIGUESY_2025-06-30_G04,10109858RODRIGUESY,2025-06-30,124475,1,12,0,356.0
10109858RODRIGUESY_2025-06-30_G05,10109858RODRIGUESY,2025-06-30,124371,1,12,0,925.0
10109858RODRIGUESY_2025-06-30_G06,10109858RODRIGUESY,2025-06-30,124486,1,24,0,381.0
10109858RODRIGUESY_2025-06-30_G07,10109858RODRIGUESY,2025-06-30,124477,1,6,0,642.0
10109858RODRIGUESY_2025-07-03_G02,10109858RODRIGUESY,2025-07-03,124264,1,27,0,3044.0
10109858RODRIGUESY_2025-07-03_G03,10109858RODRIGUESY,2025-07-03,124264,1,34,0,823.0
10109858RODRIGUESY_2025-07-03_G04,10109858RODRIGUESY,2025-07-03,123889,1,86,0,1966.0
10109858RODRIGUESY_2025-07-03_G05,10109858RODRIGUESY,2025-07-03,123153,2,155,9,2802.0
10109858RODRIGUESY_2025-07-03_G06,10109858RODRIGUESY,2025-07-03,123343,1,120,0,1415.0
10109858RODRIGUESY_2025-07-05_G02,10109858RODRIGUESY,2025-07-05,122985,1,2,0,709.0
10109858RODRIGUESY_2025-07-05_G03,10109858RODRIGUESY,2025-07-05,122962,1,80,0,1684.0
10109858RODRIGUESY_2025-07-05_G04,10109858RODRIGUESY,2025-07-05,124624,1,6,0,407.0
10109858RODRIGUESY_2025-07-05_G05,10109858RODRIGUESY,2025-07-05,123343,1,4,0,294.0
10109858RODRIGUESY_2025-07-05_G06,10109858RODRIGUESY,2025-07-05,124486,1,3,0,610.0
10109858RODRIGUESY_2025-07-05_G07,10109858RODRIGUESY,2025-07-05,123345,1,2,0,127.0
10109858RODRIGUESY_2025-07-05_G09,10109858RODRIGUESY,2025-07-05,122962,1,76,0,802.0
10109858RODRIGUESY_2025-07-07_G02,10109858RODRIGUESY,2025-07-07,124548,1,120,0,3298.0
10109858RODRIGUESY_2025-07-07_G03,10109858RODRIGUESY,2025-07-07,124594,1,6,0,3219.0
10109858RODRIGUESY_2025-07-07_G04,10109858RODRIGUESY,2025-07-07,122984,1,16,0,487.0
10109858RODRIGUESY_2025-07-07_G05,10109858RODRIGUESY,2025-07-07,120995,1,2,0,406.0
10109858RODRIGUESY_2025-07-07_G06,10109858RODRIGUESY,2025-07-07,124486,1,180,0,2515.0
10109858RODRIGUESY_2025-07-07_G07,10109858RODRIGUESY,2025-07-07,124264,1,21,0,587.0
10109858RODRIGUESY_2025-07-07_G08,10109858RODRIGUESY,2025-07-07,114647,1,8,0,1132.0
10109858RODRIGUESY_2025-07-08_G02,10109858RODRIGUESY,2025-07-08,124248,1,205,0,3510.0
10109858RODRIGUESY_2025-07-08_G03,10109858RODRIGUESY,2025-07-08,122962,1,66,0,1868.0
10109858RODRIGUESY_2025-07-08_G04,10109858RODRIGUESY,2025-07-08,120028,1,30,0,409.0
10109858RODRIGUESY_2025-07-08_G05,10109858RODRIGUESY,2025-07-08,122647,1,24,0,613.0
10109858RODRIGUESY_2025-07-08_G06,10109858RODRIGUESY,2025-07-08,123344,1,15,0,1937.0
10109858RODRIGUESY_2025-07-08_G07,10109858RODRIGUESY,2025-07-08,122703,1,4,0,148.0
10109858RODRIGUESY_2025-07-08_G08,10109858RODRIGUESY,2025-07-08,121651,1,4,0,111.0
10109858RODRIGUESY_2025-07-08_G09,10109858RODRIGUESY,2025-07-08,123345,1,10,0,253.0
10109858RODRIGUESY_2025-07-08_G10,10109858RODRIGUESY,2025-07-08,123343,1,4,0,577.0
10109858RODRIGUESY_2025-07-08_G11,10109858RODRIGUESY,2025-07-08,123343,1,6,0,72.0
10109858RODRIGUESY_2025-07-08_G12,10109858RODRIGUESY,2025-07-08,"123345, 123343",2,4,27,250.0
10109858RODRIGUESY_2025-07-08_G13,10109858RODRIGUESY,2025-07-08,121760,1,6,0,103.0
10109858RODRIGUESY_2025-07-08_G14,10109858RODRIGUESY,2025-07-08,124624,1,20,0,381.0
10109858RODRIGUESY_2025-07-08_G15,10109858RODRIGUESY,2025-07-08,122984,1,20,0,106.0
10109858RODRIGUESY_2025-07-08_G16,10109858RODRIGUESY,2025-07-08,121651,1,2,0,90.0
10109858RODRIGUESY_2025-07-08_G17,10109858RODRIGUESY,2025-07-08,124476,2,8,27,459.0
10109858RODRIGUESY_2025-07-08_G18,10109858RODRIGUESY,2025-07-08,124476,1,24,0,320.0
10109858RODRIGUESY_2025-07-08_G19,10109858RODRIGUESY,2025-07-08,124594,1,4,0,177.0
10109858RODRIGUESY_2025-07-08_G20,10109858RODRIGUESY,2025-07-08,123345,1,11,0,560.0
10109858RODRIGUESY_2025-07-08_G21,10109858RODRIGUESY,2025-07-08,124486,1,2,0,297.0
10109858RODRIGUESY_2025-07-08_G22,10109858RODRIGUESY,2025-07-08,122962,1,4,0,80.0
10109858RODRIGUESY_2025-07-08_G23,10109858RODRIGUESY,2025-07-08,124370,1,6,0,412.0
10109858RODRIGUESY_2025-07-08_G24,10109858RODRIGUESY,2025-07-08,121651,1,9,0,139.0
10109858RODRIGUESY_2025-07-08_G25,10109858RODRIGUESY,2025-07-08,124477,1,4,0,272.0
10109858RODRIGUESY_2025-07-08_G26,10109858RODRIGUESY,2025-07-08,123345,1,12,0,247.0
10109858RODRIGUESY_2025-07-08_G27,10109858RODRIGUESY,2025-07-08,123345,1,8,0,87.0
10109858RODRIGUESY_2025-07-08_G28,10109858RODRIGUESY,2025-07-08,123343,1,4,0,353.0
10109858RODRIGUESY_2025-07-08_G29,10109858RODRIGUESY,2025-07-08,123313,1,4,0,169.0
10109858RODRIGUESY_2025-07-08_G30,10109858RODRIGUESY,2025-07-08,122962,1,16,0,725.0
10109858RODRIGUESY_2025-07-08_G32,10109858RODRIGUESY,2025-07-08,122647,1,20,0,319.0
10109858RODRIGUESY_2025-07-08_G33,10109858RODRIGUESY,2025-07-08,124477,1,8,0,600.0
10109858RODRIGUESY_2025-07-08_G34,10109858RODRIGUESY,2025-07-08,121760,1,2,0,122.0
10109858RODRIGUESY_2025-07-08_G35,10109858RODRIGUESY,2025-07-08,122185,1,20,0,336.0
10109858RODRIGUESY_2025-07-08_G36,10109858RODRIGUESY,2025-07-08,124477,1,4,0,107.0
10109858RODRIGUESY_2025-07-08_G37,10109858RODRIGUESY,2025-07-08,123343,1,4,0,133.0
10109858RODRIGUESY_2025-07-08_G38,10109858RODRIGUESY,2025-07-08,120028,1,1,0,602.0
10109858RODRIGUESY_2025-07-08_G39,10109858RODRIGUESY,2025-07-08,124370,1,16,0,3030.0
10109858RODRIGUESY_2025-07-08_G40,10109858RODRIGUESY,2025-07-08,122984,1,32,0,48.0
10109858RODRIGUESY_2025-07-08_G41,10109858RODRIGUESY,2025-07-08,121760,1,1,0,238.0
10109858RODRIGUESY_2025-07-08_G42,10109858RODRIGUESY,2025-07-08,122988,1,4,0,153.0
10109858RODRIGUESY_2025-07-08_G43,10109858RODRIGUESY,2025-07-08,123344,1,1,0,328.0
10109858RODRIGUESY_2025-07-10_G02,10109858RODRIGUESY,2025-07-10,122647,1,16,0,265.0
10109858RODRIGUESY_2025-07-10_G03,10109858RODRIGUESY,2025-07-10,123562,1,4,0,158.0
10109858RODRIGUESY_2025-07-10_G04,10109858RODRIGUESY,2025-07-10,124486,1,20,0,299.0
10109858RODRIGUESY_2025-07-10_G05,10109858RODRIGUESY,2025-07-10,122962,1,16,0,405.0
10109858RODRIGUESY_2025-07-10_G06,10109858RODRIGUESY,2025-07-10,124486,1,12,0,298.0
10109858RODRIGUESY_2025-07-10_G07,10109858RODRIGUESY,2025-07-10,123822,1,10,0,212.0
10109858RODRIGUESY_2025-07-10_G08,10109858RODRIGUESY,2025-07-10,122647,1,8,0,167.0
10109858RODRIGUESY_2025-07-10_G09,10109858RODRIGUESY,2025-07-10,122984,1,8,0,147.0
10109858RODRIGUESY_2025-07-10_G10,10109858RODRIGUESY,2025-07-10,122962,1,12,0,167.0
10109858RODRIGUESY_2025-07-10_G11,10109858RODRIGUESY,2025-07-10,122962,1,20,0,418.0
10109858RODRIGUESY_2025-07-10_G12,10109858RODRIGUESY,2025-07-10,122647,1,25,0,333.0
10109858RODRIGUESY_2025-07-10_G13,10109858RODRIGUESY,2025-07-10,122962,1,30,0,486.0
10109858RODRIGUESY_2025-07-10_G14,10109858RODRIGUESY,2025-07-10,120028,1,13,0,424.0
10109858RODRIGUESY_2025-07-10_G15,10109858RODRIGUESY,2025-07-10,120028,1,14,0,158.0
10109858RODRIGUESY_2025-07-10_G16,10109858RODRIGUESY,2025-07-10,120028,1,20,0,628.0
10109858RODRIGUESY_2025-07-10_G17,10109858RODRIGUESY,2025-07-10,124486,1,40,0,112.0
10109858RODRIGUESY_2025-07-10_G18,10109858RODRIGUESY,2025-07-10,121760,1,2,0,1947.0
10109858RODRIGUESY_2025-07-10_G19,10109858RODRIGUESY,2025-07-10,124370,1,8,0,223.0
10109858RODRIGUESY_2025-07-10_G20,10109858RODRIGUESY,2025-07-10,124476,1,2,0,221.0
10109858RODRIGUESY_2025-07-10_G21,10109858RODRIGUESY,2025-07-10,123345,1,3,0,91.0
10109858RODRIGUESY_2025-07-10_G22,10109858RODRIGUESY,2025-07-10,124486,1,20,0,166.0
10109858RODRIGUESY_2025-07-10_G23,10109858RODRIGUESY,2025-07-10,122962,1,20,0,302.0
10109858RODRIGUESY_2025-07-10_G24,10109858RODRIGUESY,2025-07-10,122962,1,40,0,544.0
10109858RODRIGUESY_2025-07-11_G02,10109858RODRIGUESY,2025-07-11,"123153, 123889",2,37,28,629.0
10109858RODRIGUESY_2025-07-11_G03,10109858RODRIGUESY,2025-07-11,124486,1,20,0,1017.0
10109858RODRIGUESY_2025-07-12_G02,10109858RODRIGUESY,2025-07-12,122189,1,56,0,865.0
10109858RODRIGUESY_2025-07-12_G03,10109858RODRIGUESY,2025-07-12,123313,1,20,0,1162.0
10109858RODRIGUESY_2025-07-12_G04,10109858RODRIGUESY,2025-07-12,122983,1,56,0,806.0
10109858RODRIGUESY_2025-07-12_G05,10109858RODRIGUESY,2025-07-12,122983,1,20,0,1315.0
10109858RODRIGUESY_2025-07-12_G06,10109858RODRIGUESY,2025-07-12,124475,1,12,0,564.0
10109858RODRIGUESY_2025-07-12_G07,10109858RODRIGUESY,2025-07-12,122981,1,12,0,361.0
10109858RODRIGUESY_2025-07-12_G08,10109858RODRIGUESY,2025-07-12,122981,1,8,0,89.0
10109858RODRIGUESY_2025-07-14_G02,10109858RODRIGUESY,2025-07-14,124548,1,47,0,760.0
10109858RODRIGUESY_2025-07-14_G03,10109858RODRIGUESY,2025-07-14,124548,1,13,0,498.0
10109858RODRIGUESY_2025-07-14_G04,10109858RODRIGUESY,2025-07-14,120389,1,8,0,161.0
10109858RODRIGUESY_2025-07-14_G05,10109858RODRIGUESY,2025-07-14,122983,1,12,0,223.0
10109858RODRIGUESY_2025-07-14_G06,10109858RODRIGUESY,2025-07-14,122984,1,48,0,786.0
10109858RODRIGUESY_2025-07-14_G07,10109858RODRIGUESY,2025-07-14,124248,1,24,0,391.0
10109858RODRIGUESY_2025-07-14_G08,10109858RODRIGUESY,2025-07-14,122983,1,10,0,231.0
10109858RODRIGUESY_2025-07-14_G09,10109858RODRIGUESY,2025-07-14,124624,1,2,0,95.0
10109858RODRIGUESY_2025-07-14_G10,10109858RODRIGUESY,2025-07-14,122984,1,17,0,300.0
10109858RODRIGUESY_2025-07-14_G11,10109858RODRIGUESY,2025-07-14,120272,1,8,0,260.0
10109858RODRIGUESY_2025-07-14_G12,10109858RODRIGUESY,2025-07-14,122982,1,16,0,432.0
10109858RODRIGUESY_2025-07-14_G13,10109858RODRIGUESY,2025-07-14,124548,1,48,0,532.0
10109858RODRIGUESY_2025-07-14_G15,10109858RODRIGUESY,2025-07-14,122671,1,8,0,1071.0
10109858RODRIGUESY_2025-07-14_G16,10109858RODRIGUESY,2025-07-14,122984,1,8,0,238.0
10109858RODRIGUESY_2025-07-14_G17,10109858RODRIGUESY,2025-07-14,120028,1,16,0,169.0
10109858RODRIGUESY_2025-07-14_G18,10109858RODRIGUESY,2025-07-14,124486,1,80,0,230.0
10109858RODRIGUESY_2025-07-14_G19,10109858RODRIGUESY,2025-07-14,122962,1,80,0,2104.0
10109858RODRIGUESY_2025-07-15_G02,10109858RODRIGUESY,2025-07-15,181057,1,40,0,1792.0
10109858RODRIGUESY_2025-07-15_G03,10109858RODRIGUESY,2025-07-15,124486,1,3,0,167.0
10109858RODRIGUESY_2025-07-15_G04,10109858RODRIGUESY,2025-07-15,122647,1,6,0,280.0
10109858RODRIGUESY_2025-07-15_G05,10109858RODRIGUESY,2025-07-15,122671,1,12,0,300.0
10109858RODRIGUESY_2025-07-15_G06,10109858RODRIGUESY,2025-07-15,122647,1,2,0,171.0
10109858RODRIGUESY_2025-07-15_G07,10109858RODRIGUESY,2025-07-15,120389,1,10,0,194.0
10109858RODRIGUESY_2025-07-15_G08,10109858RODRIGUESY,2025-07-15,124486,1,4,0,68.0
10109858RODRIGUESY_2025-07-15_G09,10109858RODRIGUESY,2025-07-15,123909,1,2,0,135.0
10109858RODRIGUESY_2025-07-15_G10,10109858RODRIGUESY,2025-07-15,124624,1,4,0,361.0
10109858RODRIGUESY_2025-07-15_G11,10109858RODRIGUESY,2025-07-15,122984,1,6,0,108.0
10109858RODRIGUESY_2025-07-15_G12,10109858RODRIGUESY,2025-07-15,123345,1,2,0,199.0
10109858RODRIGUESY_2025-07-15_G13,10109858RODRIGUESY,2025-07-15,123345,1,2,0,61.0
10109858RODRIGUESY_2025-07-15_G14,10109858RODRIGUESY,2025-07-15,181057,1,6,0,490.0
10109858RODRIGUESY_2025-07-15_G15,10109858RODRIGUESY,2025-07-15,124624,1,2,0,126.0
10109858RODRIGUESY_2025-07-15_G16,10109858RODRIGUESY,2025-07-15,180001,1,2,0,660.0
10109858RODRIGUESY_2025-07-15_G17,10109858RODRIGUESY,2025-07-15,123345,1,6,0,306.0
10109858RODRIGUESY_2025-07-15_G18,10109858RODRIGUESY,2025-07-15,122647,1,2,0,203.0
10109858RODRIGUESY_2025-07-15_G19,10109858RODRIGUESY,2025-07-15,123345,1,6,0,168.0
10109858RODRIGUESY_2025-07-15_G20,10109858RODRIGUESY,2025-07-15,123343,2,9,24,789.0
10109858RODRIGUESY_2025-07-15_G21,10109858RODRIGUESY,2025-07-15,124264,1,6,0,490.0
10109858RODRIGUESY_2025-07-15_G22,10109858RODRIGUESY,2025-07-15,123345,1,2,0,148.0
10109858RODRIGUESY_2025-07-15_G23,10109858RODRIGUESY,2025-07-15,123153,1,50,0,1023.0
10109858RODRIGUESY_2025-07-15_G24,10109858RODRIGUESY,2025-07-15,124624,1,2,0,340.0
10109858RODRIGUESY_2025-07-16_G02,10109858RODRIGUESY,2025-07-16,181887,1,2,0,65.0
10109858RODRIGUESY_2025-07-16_G03,10109858RODRIGUESY,2025-07-16,124486,1,48,0,1575.0
10109858RODRIGUESY_2025-07-16_G04,10109858RODRIGUESY,2025-07-16,122962,1,16,0,399.0
10109858RODRIGUESY_2025-07-16_G05,10109858RODRIGUESY,2025-07-16,124486,1,5,0,725.0
10109858RODRIGUESY_2025-07-16_G06,10109858RODRIGUESY,2025-07-16,124264,1,25,0,510.0
10109858RODRIGUESY_2025-07-16_G07,10109858RODRIGUESY,2025-07-16,124624,1,95,0,1570.0
10109858RODRIGUESY_2025-07-16_G08,10109858RODRIGUESY,2025-07-16,122962,1,12,0,1406.0
10109858RODRIGUESY_2025-07-16_G09,10109858RODRIGUESY,2025-07-16,124548,1,30,0,572.0
10109858RODRIGUESY_2025-07-16_G10,10109858RODRIGUESY,2025-07-16,122962,1,16,0,499.0
10109858RODRIGUESY_2025-07-16_G11,10109858RODRIGUESY,2025-07-16,124248,2,6,10,189.0
10109858RODRIGUESY_2025-07-16_G12,10109858RODRIGUESY,2025-07-16,122185,1,12,0,278.0
10109858RODRIGUESY_2025-07-16_G13,10109858RODRIGUESY,2025-07-16,122962,1,14,0,217.0
10109858RODRIGUESY_2025-07-16_G14,10109858RODRIGUESY,2025-07-16,120389,1,30,0,545.0
10109858RODRIGUESY_2025-07-16_G15,10109858RODRIGUESY,2025-07-16,120028,1,11,0,315.0
10109858RODRIGUESY_2025-07-16_G16,10109858RODRIGUESY,2025-07-16,120028,2,12,10,90.0
10109858RODRIGUESY_2025-07-16_G17,10109858RODRIGUESY,2025-07-16,122647,1,15,0,578.0
10109858RODRIGUESY_2025-07-16_G18,10109858RODRIGUESY,2025-07-16,120028,1,3,0,171.0
10109858RODRIGUESY_2025-07-16_G19,10109858RODRIGUESY,2025-07-16,120028,1,50,0,551.0
10109858RODRIGUESY_2025-07-16_G21,10109858RODRIGUESY,2025-07-16,124624,1,10,0,173.0
10109858RODRIGUESY_2025-07-16_G22,10109858RODRIGUESY,2025-07-16,120339,1,4,0,79.0
10109858RODRIGUESY_2025-07-16_G23,10109858RODRIGUESY,2025-07-16,124476,1,6,0,240.0
10109858RODRIGUESY_2025-07-16_G24,10109858RODRIGUESY,2025-07-16,181057,1,30,0,2726.0
10109858RODRIGUESY_2025-07-16_G25,10109858RODRIGUESY,2025-07-16,181235,1,6,0,214.0
10109858RODRIGUESY_2025-07-16_G26,10109858RODRIGUESY,2025-07-16,180094,1,4,0,236.0
10109858RODRIGUESY_2025-07-16_G27,10109858RODRIGUESY,2025-07-16,181057,1,8,0,110.0
10109858RODRIGUESY_2025-07-16_G28,10109858RODRIGUESY,2025-07-16,181235,1,8,0,356.0
10109858RODRIGUESY_2025-07-17_G02,10109858RODRIGUESY,2025-07-17,123889,1,80,0,3050.0
10109858RODRIGUESY_2025-07-17_G03,10109858RODRIGUESY,2025-07-17,123345,1,10,0,715.0
10109858RODRIGUESY_2025-07-17_G04,10109858RODRIGUESY,2025-07-17,123909,1,6,0,166.0
10109858RODRIGUESY_2025-07-17_G05,10109858RODRIGUESY,2025-07-17,123153,1,6,0,160.0
10109858RODRIGUESY_2025-07-17_G06,10109858RODRIGUESY,2025-07-17,123822,1,12,0,571.0
10109858RODRIGUESY_2025-07-17_G07,10109858RODRIGUESY,2025-07-17,122962,1,12,0,474.0
10109858RODRIGUESY_2025-07-17_G08,10109858RODRIGUESY,2025-07-17,180024,1,2,0,609.0
10109858RODRIGUESY_2025-07-17_G09,10109858RODRIGUESY,2025-07-17,180073,1,6,0,424.0
10109858RODRIGUESY_2025-07-17_G10,10109858RODRIGUESY,2025-07-17,122962,1,16,0,844.0
10109858RODRIGUESY_2025-07-17_G11,10109858RODRIGUESY,2025-07-17,124486,1,20,0,650.0
10109858RODRIGUESY_2025-07-17_G12,10109858RODRIGUESY,2025-07-17,122988,1,12,0,153.0
10109858RODRIGUESY_2025-07-17_G13,10109858RODRIGUESY,2025-07-17,122981,1,24,0,526.0
10109858RODRIGUESY_2025-07-17_G14,10109858RODRIGUESY,2025-07-17,124247,1,40,0,694.0
10109858RODRIGUESY_2025-07-18_G02,10109858RODRIGUESY,2025-07-18,124486,1,20,0,358.0
10109858RODRIGUESY_2025-07-18_G03,10109858RODRIGUESY,2025-07-18,122962,1,20,0,3301.0
10109858RODRIGUESY_2025-07-18_G04,10109858RODRIGUESY,2025-07-18,122962,1,6,0,364.0
10109858RODRIGUESY_2025-07-18_G05,10109858RODRIGUESY,2025-07-18,181906,1,2,0,1115.0
10109858RODRIGUESY_2025-07-18_G06,10109858RODRIGUESY,2025-07-18,124248,1,10,0,336.0
10109858RODRIGUESY_2025-07-18_G07,10109858RODRIGUESY,2025-07-18,122986,1,40,0,887.0
10109858RODRIGUESY_2025-07-18_G08,10109858RODRIGUESY,2025-07-18,122647,1,10,0,3466.0
10109858RODRIGUESY_2025-07-18_G09,10109858RODRIGUESY,2025-07-18,123345,1,24,0,835.0
10109858RODRIGUESY_2025-07-18_G10,10109858RODRIGUESY,2025-07-18,124248,1,4,0,152.0
10109858RODRIGUESY_2025-07-18_G11,10109858RODRIGUESY,2025-07-18,122984,1,8,0,1732.0
10109858RODRIGUESY_2025-07-18_G12,10109858RODRIGUESY,2025-07-18,124548,1,12,0,174.0
10109858RODRIGUESY_2025-07-18_G14,10109858RODRIGUESY,2025-07-18,124477,1,2,0,253.0
10109858RODRIGUESY_2025-07-18_G15,10109858RODRIGUESY,2025-07-18,124548,1,12,0,810.0
10109858RODRIGUESY_2025-07-18_G16,10109858RODRIGUESY,2025-07-18,124594,1,6,0,274.0
10109858RODRIGUESY_2025-07-19_G02,10109858RODRIGUESY,2025-07-19,120389,1,50,0,422.0
10109858RODRIGUESY_2025-07-19_G03,10109858RODRIGUESY,2025-07-19,122647,1,75,0,1239.0
10109858RODRIGUESY_2025-07-19_G04,10109858RODRIGUESY,2025-07-19,122982,1,50,0,562.0
10109858RODRIGUESY_2025-07-19_G05,10109858RODRIGUESY,2025-07-19,123081,1,32,0,816.0
10109858RODRIGUESY_2025-07-19_G06,10109858RODRIGUESY,2025-07-19,122647,1,12,0,1482.0
10109858RODRIGUESY_2025-07-19_G07,10109858RODRIGUESY,2025-07-19,121760,1,4,0,400.0
10109858RODRIGUESY_2025-07-19_G08,10109858RODRIGUESY,2025-07-19,123345,1,2,0,149.0
10109858RODRIGUESY_2025-07-19_G09,10109858RODRIGUESY,2025-07-19,122962,1,24,0,700.0
10109858RODRIGUESY_2025-07-19_G10,10109858RODRIGUESY,2025-07-19,124476,1,8,0,578.0
10109858RODRIGUESY_2025-07-19_G11,10109858RODRIGUESY,2025-07-19,123153,1,30,0,1126.0
10109858RODRIGUESY_2025-07-19_G12,10109858RODRIGUESY,2025-07-19,122647,1,14,0,269.0
10109858RODRIGUESY_2025-07-19_G13,10109858RODRIGUESY,2025-07-19,122962,1,12,0,314.0
10109858RODRIGUESY_2025-07-19_G14,10109858RODRIGUESY,2025-07-19,121651,1,8,0,205.0
10109858RODRIGUESY_2025-07-19_G15,10109858RODRIGUESY,2025-07-19,122703,1,8,0,977.0
10109858RODRIGUESY_2025-07-19_G16,10109858RODRIGUESY,2025-07-19,124624,1,6,0,265.0
10109858RODRIGUESY_2025-07-19_G17,10109858RODRIGUESY,2025-07-19,122986,1,1,0,50.0
10109858RODRIGUESY_2025-07-19_G18,10109858RODRIGUESY,2025-07-19,122962,1,30,0,617.0
10109858RODRIGUESY_2025-07-19_G19,10109858RODRIGUESY,2025-07-19,124475,1,8,0,625.0
10109858RODRIGUESY_2025-07-19_G20,10109858RODRIGUESY,2025-07-19,123909,1,10,0,440.0
10109858RODRIGUESY_2025-07-19_G21,10109858RODRIGUESY,2025-07-19,123345,1,20,0,240.0
10109858RODRIGUESY_2025-07-19_G22,10109858RODRIGUESY,2025-07-19,124476,1,4,0,458.0
10109858RODRIGUESY_2025-07-19_G23,10109858RODRIGUESY,2025-07-19,123313,1,6,0,154.0
10109858RODRIGUESY_2025-07-21_G02,10109858RODRIGUESY,2025-07-21,122962,1,16,0,497.0
10109858RODRIGUESY_2025-07-21_G03,10109858RODRIGUESY,2025-07-21,123153,1,25,0,697.0
10109858RODRIGUESY_2025-07-21_G04,10109858RODRIGUESY,2025-07-21,123909,1,6,0,290.0
10109858RODRIGUESY_2025-07-21_G05,10109858RODRIGUESY,2025-07-21,124247,1,20,0,572.0
10109858RODRIGUESY_2025-07-21_G06,10109858RODRIGUESY,2025-07-21,123909,1,52,0,2233.0
10109858RODRIGUESY_2025-07-21_G07,10109858RODRIGUESY,2025-07-21,180168,1,8,0,687.0
10109858RODRIGUESY_2025-07-21_G08,10109858RODRIGUESY,2025-07-21,123889,1,4,0,1683.0
10109858RODRIGUESY_2025-07-21_G09,10109858RODRIGUESY,2025-07-21,"122983, 123345",2,29,24,2076.0
10109858RODRIGUESY_2025-07-21_G10,10109858RODRIGUESY,2025-07-21,123908,1,2,0,415.0
10109858RODRIGUESY_2025-07-21_G11,10109858RODRIGUESY,2025-07-21,121760,1,6,0,252.0
10109858RODRIGUESY_2025-07-21_G12,10109858RODRIGUESY,2025-07-21,121651,1,2,0,144.0
10109858RODRIGUESY_2025-07-21_G13,10109858RODRIGUESY,2025-07-21,124548,1,20,0,772.0
10109858RODRIGUESY_2025-07-21_G14,10109858RODRIGUESY,2025-07-21,123345,1,15,0,1804.0
10109858RODRIGUESY_2025-07-21_G15,10109858RODRIGUESY,2025-07-21,124486,1,6,0,302.0
10109858RODRIGUESY_2025-07-21_G16,10109858RODRIGUESY,2025-07-21,122962,1,24,0,339.0
10109858RODRIGUESY_2025-07-21_G17,10109858RODRIGUESY,2025-07-21,122983,1,11,0,1039.0
10109858RODRIGUESY_2025-07-21_G18,10109858RODRIGUESY,2025-07-21,122968,1,2,0,118.0
10109858RODRIGUESY_2025-07-22_G02,10109858RODRIGUESY,2025-07-22,123343,1,4,0,40.0
10109858RODRIGUESY_2025-07-22_G04,10109858RODRIGUESY,2025-07-22,124248,1,40,0,699.0
10109858RODRIGUESY_2025-07-22_G06,10109858RODRIGUESY,2025-07-22,124247,1,2,0,292.0
10109858RODRIGUESY_2025-07-22_G07,10109858RODRIGUESY,2025-07-22,122673,1,2,0,1008.0
10109858RODRIGUESY_2025-07-22_G08,10109858RODRIGUESY,2025-07-22,123081,1,12,0,352.0
10109858RODRIGUESY_2025-07-22_G09,10109858RODRIGUESY,2025-07-22,121760,1,4,0,316.0
10109858RODRIGUESY_2025-07-22_G10,10109858RODRIGUESY,2025-07-22,123345,1,4,0,151.0
10109858RODRIGUESY_2025-07-22_G11,10109858RODRIGUESY,2025-07-22,123345,1,6,0,184.0
10109858RODRIGUESY_2025-07-23_G02,10109858RODRIGUESY,2025-07-23,124486,1,2,0,111.0
10109858RODRIGUESY_2025-07-23_G03,10109858RODRIGUESY,2025-07-23,121651,1,18,0,223.0
10109858RODRIGUESY_2025-07-23_G05,10109858RODRIGUESY,2025-07-23,121760,1,14,0,335.0
10109858RODRIGUESY_2025-07-23_G06,10109858RODRIGUESY,2025-07-23,123343,1,12,0,1019.0
10109858RODRIGUESY_2025-07-23_G07,10109858RODRIGUESY,2025-07-23,122984,1,4,0,693.0
10109858RODRIGUESY_2025-07-23_G08,10109858RODRIGUESY,2025-07-23,"123345, 123343",2,20,23,180.0
10109858RODRIGUESY_2025-07-23_G09,10109858RODRIGUESY,2025-07-23,123345,1,7,0,132.0
10109858RODRIGUESY_2025-07-23_G11,10109858RODRIGUESY,2025-07-23,123344,1,27,0,575.0
10109858RODRIGUESY_2025-07-23_G12,10109858RODRIGUESY,2025-07-23,122962,1,4,0,113.0
10109858RODRIGUESY_2025-07-23_G13,10109858RODRIGUESY,2025-07-23,121760,1,39,0,544.0
10109858RODRIGUESY_2025-07-23_G14,10109858RODRIGUESY,2025-07-23,122982,1,8,0,141.0
10109858RODRIGUESY_2025-07-23_G15,10109858RODRIGUESY,2025-07-23,120339,1,5,0,277.0
10109858RODRIGUESY_2025-07-23_G16,10109858RODRIGUESY,2025-07-23,124486,1,5,0,142.0
10109858RODRIGUESY_2025-07-23_G17,10109858RODRIGUESY,2025-07-23,122984,2,4,11,103.0
10109858RODRIGUESY_2025-07-23_G18,10109858RODRIGUESY,2025-07-23,123345,2,10,11,53.0
10109858RODRIGUESY_2025-07-23_G19,10109858RODRIGUESY,2025-07-23,122988,1,12,0,971.0
10109858RODRIGUESY_2025-07-23_G20,10109858RODRIGUESY,2025-07-23,122984,1,16,0,523.0
10109858RODRIGUESY_2025-07-23_G21,10109858RODRIGUESY,2025-07-23,122982,1,20,0,653.0
10109858RODRIGUESY_2025-07-23_G22,10109858RODRIGUESY,2025-07-23,123909,1,10,0,503.0
10109858RODRIGUESY_2025-07-23_G23,10109858RODRIGUESY,2025-07-23,122673,1,20,0,516.0
10109858RODRIGUESY_2025-07-24_G02,10109858RODRIGUESY,2025-07-24,123153,1,40,0,261.0
10109858RODRIGUESY_2025-07-24_G03,10109858RODRIGUESY,2025-07-24,124475,1,10,0,287.0
10109858RODRIGUESY_2025-07-24_G04,10109858RODRIGUESY,2025-07-24,120389,1,10,0,211.0
10109858RODRIGUESY_2025-07-24_G05,10109858RODRIGUESY,2025-07-24,122671,1,6,0,134.0
10109858RODRIGUESY_2025-07-24_G06,10109858RODRIGUESY,2025-07-24,124486,1,28,0,515.0
10109858RODRIGUESY_2025-07-24_G07,10109858RODRIGUESY,2025-07-24,124476,1,8,0,260.0
10109858RODRIGUESY_2025-07-24_G08,10109858RODRIGUESY,2025-07-24,123822,1,20,0,3275.0
10109858RODRIGUESY_2025-07-24_G09,10109858RODRIGUESY,2025-07-24,122673,1,10,0,1331.0
10109858RODRIGUESY_2025-07-24_G10,10109858RODRIGUESY,2025-07-24,122982,1,6,0,203.0
10109858RODRIGUESY_2025-07-24_G11,10109858RODRIGUESY,2025-07-24,122962,1,30,0,341.0
10109858RODRIGUESY_2025-07-24_G12,10109858RODRIGUESY,2025-07-24,123344,1,7,0,288.0
10109858RODRIGUESY_2025-07-24_G13,10109858RODRIGUESY,2025-07-24,123153,1,10,0,216.0
10109858RODRIGUESY_2025-07-24_G14,10109858RODRIGUESY,2025-07-24,124370,1,14,0,443.0
10109858RODRIGUESY_2025-07-24_G15,10109858RODRIGUESY,2025-07-24,120389,1,4,0,96.0
10109858RODRIGUESY_2025-07-24_G16,10109858RODRIGUESY,2025-07-24,121651,1,8,0,174.0
10109858RODRIGUESY_2025-07-24_G17,10109858RODRIGUESY,2025-07-24,123345,1,7,0,182.0
10109858RODRIGUESY_2025-07-24_G18,10109858RODRIGUESY,2025-07-24,122982,1,23,0,582.0
10109858RODRIGUESY_2025-07-24_G19,10109858RODRIGUESY,2025-07-24,181906,1,2,0,419.0
10109858RODRIGUESY_2025-07-24_G20,10109858RODRIGUESY,2025-07-24,120389,1,2,0,263.0
10109858RODRIGUESY_2025-07-24_G21,10109858RODRIGUESY,2025-07-24,122673,1,30,0,597.0
10109858RODRIGUESY_2025-07-24_G22,10109858RODRIGUESY,2025-07-24,123344,1,10,0,178.0
10109858RODRIGUESY_2025-07-24_G23,10109858RODRIGUESY,2025-07-24,121760,1,2,0,234.0
10109858RODRIGUESY_2025-07-24_G24,10109858RODRIGUESY,2025-07-24,123562,1,8,0,1325.0
10109858RODRIGUESY_2025-07-24_G25,10109858RODRIGUESY,2025-07-24,123153,1,40,0,548.0
10109858RODRIGUESY_2025-07-24_G26,10109858RODRIGUESY,2025-07-24,122962,1,21,0,1606.0
10109858RODRIGUESY_2025-07-24_G27,10109858RODRIGUESY,2025-07-24,122984,1,3,0,540.0
10109858RODRIGUESY_2025-07-24_G28,10109858RODRIGUESY,2025-07-24,181057,1,8,0,392.0
10109858RODRIGUESY_2025-07-24_G29,10109858RODRIGUESY,2025-07-24,181056,1,4,0,835.0
10109858RODRIGUESY_2025-07-24_G30,10109858RODRIGUESY,2025-07-24,181235,1,4,0,393.0
10109858RODRIGUESY_2025-07-25_G02,10109858RODRIGUESY,2025-07-25,123153,1,10,0,514.0
10109858RODRIGUESY_2025-07-25_G03,10109858RODRIGUESY,2025-07-25,121928,1,2,0,202.0
10109858RODRIGUESY_2025-07-25_G04,10109858RODRIGUESY,2025-07-25,122647,1,2,0,60.0
10109858RODRIGUESY_2025-07-25_G06,10109858RODRIGUESY,2025-07-25,122983,1,20,0,725.0
10109858RODRIGUESY_2025-07-25_G07,10109858RODRIGUESY,2025-07-25,123822,1,36,0,1522.0
10109858RODRIGUESY_2025-07-25_G08,10109858RODRIGUESY,2025-07-25,122962,1,180,0,3448.0
10109858RODRIGUESY_2025-07-25_G09,10109858RODRIGUESY,2025-07-25,123909,1,24,0,540.0
10109858RODRIGUESY_2025-07-25_G11,10109858RODRIGUESY,2025-07-25,123345,1,6,0,140.0
10109858RODRIGUESY_2025-07-25_G12,10109858RODRIGUESY,2025-07-25,124247,1,3,0,86.0
10109858RODRIGUESY_2025-07-25_G13,10109858RODRIGUESY,2025-07-25,122983,1,3,0,196.0
10109858RODRIGUESY_2025-07-25_G14,10109858RODRIGUESY,2025-07-25,123081,1,2,0,3124.0
10109858RODRIGUESY_2025-07-25_G15,10109858RODRIGUESY,2025-07-25,122647,1,20,0,667.0
10109858RODRIGUESY_2025-07-25_G16,10109858RODRIGUESY,2025-07-25,122962,1,20,0,332.0
10109858RODRIGUESY_2025-07-25_G17,10109858RODRIGUESY,2025-07-25,124248,1,26,0,498.0
10109858RODRIGUESY_2025-07-25_G18,10109858RODRIGUESY,2025-07-25,120389,1,8,0,397.0
10109858RODRIGUESY_2025-07-25_G19,10109858RODRIGUESY,2025-07-25,124486,1,15,0,530.0
10109858RODRIGUESY_2025-07-25_G20,10109858RODRIGUESY,2025-07-25,122962,1,8,0,141.0
10109858RODRIGUESY_2025-07-25_G21,10109858RODRIGUESY,2025-07-25,122984,1,4,0,431.0
10109858RODRIGUESY_2025-07-26_G02,10109858RODRIGUESY,2025-07-26,181056,1,4,0,514.0
10109858RODRIGUESY_2025-07-26_G03,10109858RODRIGUESY,2025-07-26,122673,1,15,0,1147.0
10109858RODRIGUESY_2025-07-26_G04,10109858RODRIGUESY,2025-07-26,122673,1,3,0,141.0
10109858RODRIGUESY_2025-07-26_G05,10109858RODRIGUESY,2025-07-26,123560,1,10,0,513.0
10109858RODRIGUESY_2025-07-26_G06,10109858RODRIGUESY,2025-07-26,122984,1,13,0,330.0
10109858RODRIGUESY_2025-07-26_G07,10109858RODRIGUESY,2025-07-26,123153,2,61,13,3513.0
10109858RODRIGUESY_2025-07-26_G08,10109858RODRIGUESY,2025-07-26,123153,1,57,0,185.0
10109858RODRIGUESY_2025-07-26_G09,10109858RODRIGUESY,2025-07-26,122984,1,78,0,1672.0
10109858RODRIGUESY_2025-07-26_G10,10109858RODRIGUESY,2025-07-26,124486,1,20,0,1314.0
10109858RODRIGUESY_2025-07-26_G11,10109858RODRIGUESY,2025-07-26,122962,1,70,0,1054.0
10109858RODRIGUESY_2025-07-26_G12,10109858RODRIGUESY,2025-07-26,122673,1,70,0,1506.0
10109858RODRIGUESY_2025-07-26_G13,10109858RODRIGUESY,2025-07-26,122673,1,4,0,365.0
10109858RODRIGUESY_2025-07-26_G15,10109858RODRIGUESY,2025-07-26,122962,1,130,0,2653.0
10109858RODRIGUESY_2025-07-29_G02,10109858RODRIGUESY,2025-07-29,124486,1,70,0,1533.0
10109858RODRIGUESY_2025-07-29_G03,10109858RODRIGUESY,2025-07-29,123822,1,9,0,417.0
10109858RODRIGUESY_2025-07-29_G04,10109858RODRIGUESY,2025-07-29,120028,1,16,0,360.0
10109858RODRIGUESY_2025-07-29_G05,10109858RODRIGUESY,2025-07-29,123344,1,2,0,116.0
10109858RODRIGUESY_2025-07-29_G06,10109858RODRIGUESY,2025-07-29,123343,1,5,0,157.0
10109858RODRIGUESY_2025-07-29_G07,10109858RODRIGUESY,2025-07-29,123345,1,4,0,216.0
10109858RODRIGUESY_2025-07-29_G08,10109858RODRIGUESY,2025-07-29,123909,1,25,0,689.0
10109858RODRIGUESY_2025-07-29_G09,10109858RODRIGUESY,2025-07-29,122673,1,16,0,276.0
10109858RODRIGUESY_2025-07-29_G10,10109858RODRIGUESY,2025-07-29,122671,1,18,0,979.0
10109858RODRIGUESY_2025-07-29_G11,10109858RODRIGUESY,2025-07-29,180023,1,14,0,1627.0
10109858RODRIGUESY_2025-07-29_G12,10109858RODRIGUESY,2025-07-29,180023,1,12,0,715.0
10109858RODRIGUESY_2025-07-29_G13,10109858RODRIGUESY,2025-07-29,181887,1,11,0,2659.0
10109858RODRIGUESY_2025-07-29_G14,10109858RODRIGUESY,2025-07-29,122673,1,8,0,413.0
10109858RODRIGUESY_2025-07-29_G15,10109858RODRIGUESY,2025-07-29,121760,1,2,0,182.0
10109858RODRIGUESY_2025-07-29_G16,10109858RODRIGUESY,2025-07-29,124370,1,2,0,73.0
10109858RODRIGUESY_2025-07-29_G17,10109858RODRIGUESY,2025-07-29,121651,1,2,0,319.0
10109858RODRIGUESY_2025-07-29_G18,10109858RODRIGUESY,2025-07-29,122984,1,2,0,237.0
10109858RODRIGUESY_2025-07-29_G19,10109858RODRIGUESY,2025-07-29,124433,1,4,0,504.0
10109858RODRIGUESY_2025-07-29_G20,10109858RODRIGUESY,2025-07-29,124371,1,14,0,1130.0
10109858RODRIGUESY_2025-07-29_G21,10109858RODRIGUESY,2025-07-29,123345,1,4,0,429.0
10109858RODRIGUESY_2025-07-30_G02,10109858RODRIGUESY,2025-07-30,123344,1,4,0,136.0
10109858RODRIGUESY_2025-07-30_G03,10109858RODRIGUESY,2025-07-30,121760,1,2,0,228.0
10109858RODRIGUESY_2025-07-30_G04,10109858RODRIGUESY,2025-07-30,124476,1,4,0,64.0
10109858RODRIGUESY_2025-07-30_G05,10109858RODRIGUESY,2025-07-30,122962,1,8,0,679.0
10109858RODRIGUESY_2025-07-30_G06,10109858RODRIGUESY,2025-07-30,120028,1,14,0,371.0
10109858RODRIGUESY_2025-07-30_G07,10109858RODRIGUESY,2025-07-30,124486,1,8,0,172.0
10109858RODRIGUESY_2025-07-30_G08,10109858RODRIGUESY,2025-07-30,124486,1,20,0,339.0
10109858RODRIGUESY_2025-07-30_G09,10109858RODRIGUESY,2025-07-30,122673,1,2,0,159.0
10109858RODRIGUESY_2025-07-30_G10,10109858RODRIGUESY,2025-07-30,124433,1,30,0,515.0
10109858RODRIGUESY_2025-07-30_G11,10109858RODRIGUESY,2025-07-30,120339,1,4,0,868.0
10109858RODRIGUESY_2025-07-30_G12,10109858RODRIGUESY,2025-07-30,123344,1,10,0,2169.0
10109858RODRIGUESY_2025-07-30_G13,10109858RODRIGUESY,2025-07-30,123344,1,21,0,227.0
10109858RODRIGUESY_2025-07-30_G14,10109858RODRIGUESY,2025-07-30,122962,1,11,0,908.0
10109858RODRIGUESY_2025-07-30_G15,10109858RODRIGUESY,2025-07-30,120028,1,5,0,263.0
10109858RODRIGUESY_2025-07-30_G16,10109858RODRIGUESY,2025-07-30,124624,1,9,0,363.0
10109858RODRIGUESY_2025-07-30_G17,10109858RODRIGUESY,2025-07-30,121923,1,4,0,187.0
10109858RODRIGUESY_2025-07-30_G18,10109858RODRIGUESY,2025-07-30,123561,1,4,0,130.0
10109858RODRIGUESY_2025-07-30_G19,10109858RODRIGUESY,2025-07-30,124248,1,6,0,185.0
10109858RODRIGUESY_2025-07-30_G20,10109858RODRIGUESY,2025-07-30,124248,1,15,0,380.0
10109858RODRIGUESY_2025-07-30_G21,10109858RODRIGUESY,2025-07-30,121651,1,6,0,217.0
10109858RODRIGUESY_2025-07-30_G22,10109858RODRIGUESY,2025-07-30,124486,1,25,0,923.0
10109858RODRIGUESY_2025-07-30_G23,10109858RODRIGUESY,2025-07-30,124486,1,10,0,102.0
10109858RODRIGUESY_2025-07-30_G24,10109858RODRIGUESY,2025-07-30,122984,1,10,0,438.0
10109858RODRIGUESY_2025-07-30_G25,10109858RODRIGUESY,2025-07-30,122984,1,19,0,965.0
10109858RODRIGUESY_2025-07-30_G26,10109858RODRIGUESY,2025-07-30,124371,1,12,0,292.0
10109858RODRIGUESY_2025-07-30_G27,10109858RODRIGUESY,2025-07-30,123345,1,15,0,89.0
10109858RODRIGUESY_2025-07-30_G28,10109858RODRIGUESY,2025-07-30,123343,1,11,0,659.0
10109858RODRIGUESY_2025-07-30_G29,10109858RODRIGUESY,2025-07-30,181887,1,7,0,559.0
10109858RODRIGUESY_2025-07-30_G31,10109858RODRIGUESY,2025-07-30,123344,1,10,0,871.0
10109858RODRIGUESY_2025-07-30_G32,10109858RODRIGUESY,2025-07-30,122647,1,4,0,409.0
10109858RODRIGUESY_2025-07-30_G33,10109858RODRIGUESY,2025-07-30,123561,1,4,0,76.0
10109858RODRIGUESY_2025-07-30_G34,10109858RODRIGUESY,2025-07-30,124477,1,6,0,680.0
10109858RODRIGUESY_2025-07-30_G35,10109858RODRIGUESY,2025-07-30,123345,1,6,0,130.0
10109858RODRIGUESY_2025-07-30_G36,10109858RODRIGUESY,2025-07-30,123343,1,4,0,414.0
10109858RODRIGUESY_2025-07-31_G02,10109858RODRIGUESY,2025-07-31,122962,1,8,0,141.0
10109858RODRIGUESY_2025-07-31_G03,10109858RODRIGUESY,2025-07-31,122962,1,16,0,210.0
10109858RODRIGUESY_2025-07-31_G04,10109858RODRIGUESY,2025-07-31,121760,1,15,0,640.0
10109858RODRIGUESY_2025-07-31_G05,10109858RODRIGUESY,2025-07-31,122983,1,2,0,84.0
10109858RODRIGUESY_2025-07-31_G07,10109858RODRIGUESY,2025-07-31,123345,2,42,15,1461.0
10109858RODRIGUESY_2025-07-31_G08,10109858RODRIGUESY,2025-07-31,122962,1,24,0,451.0
10109858RODRIGUESY_2025-07-31_G09,10109858RODRIGUESY,2025-07-31,124247,1,12,0,349.0
10109858RODRIGUESY_2025-07-31_G10,10109858RODRIGUESY,2025-07-31,123560,1,6,0,273.0
10109858RODRIGUESY_2025-07-31_G11,10109858RODRIGUESY,2025-07-31,120389,1,12,0,262.0
10109858RODRIGUESY_2025-07-31_G12,10109858RODRIGUESY,2025-07-31,121760,1,60,0,855.0
10109858RODRIGUESY_2025-07-31_G13,10109858RODRIGUESY,2025-07-31,122671,1,6,0,303.0
10109858RODRIGUESY_2025-07-31_G14,10109858RODRIGUESY,2025-07-31,123153,1,7,0,184.0
10109858RODRIGUESY_2025-07-31_G15,10109858RODRIGUESY,2025-07-31,120339,1,2,0,1311.0
10109858RODRIGUESY_2025-07-31_G16,10109858RODRIGUESY,2025-07-31,124486,1,30,0,510.0
10109858RODRIGUESY_2025-07-31_G17,10109858RODRIGUESY,2025-07-31,123345,1,2,0,148.0
10109858RODRIGUESY_2025-07-31_G18,10109858RODRIGUESY,2025-07-31,123822,1,30,0,961.0
10109858RODRIGUESY_2025-07-31_G20,10109858RODRIGUESY,2025-07-31,122647,1,20,0,765.0
10109858RODRIGUESY_2025-07-31_G21,10109858RODRIGUESY,2025-07-31,124370,1,26,0,2022.0
10109858RODRIGUESY_2025-07-31_G22,10109858RODRIGUESY,2025-07-31,123560,1,16,0,292.0
10109858RODRIGUESY_2025-08-07_G02,10109858RODRIGUESY,2025-08-07,124476,1,6,0,223.0
10109858RODRIGUESY_2025-08-07_G03,10109858RODRIGUESY,2025-08-07,123492,1,4,0,198.0
10109858RODRIGUESY_2025-08-07_G04,10109858RODRIGUESY,2025-08-07,124370,1,20,0,721.0
10109858RODRIGUESY_2025-08-07_G05,10109858RODRIGUESY,2025-08-07,121760,1,34,0,590.0
10109858RODRIGUESY_2025-08-07_G06,10109858RODRIGUESY,2025-08-07,124248,1,9,0,140.0
10109858RODRIGUESY_2025-08-07_G07,10109858RODRIGUESY,2025-08-07,122962,1,39,0,696.0
10109858RODRIGUESY_2025-08-07_G08,10109858RODRIGUESY,2025-08-07,121651,1,3,0,107.0
10109858RODRIGUESY_2025-08-07_G09,10109858RODRIGUESY,2025-08-07,124371,1,7,0,57.0
10109858RODRIGUESY_2025-08-07_G10,10109858RODRIGUESY,2025-08-07,124475,1,5,0,1906.0
10109858RODRIGUESY_2025-08-07_G11,10109858RODRIGUESY,2025-08-07,123345,1,25,0,114.0
10109858RODRIGUESY_2025-08-07_G12,10109858RODRIGUESY,2025-08-07,123343,1,3,0,286.0
10109858RODRIGUESY_2025-08-07_G14,10109858RODRIGUESY,2025-08-07,123561,1,8,0,144.0
10109858RODRIGUESY_2025-08-07_G15,10109858RODRIGUESY,2025-08-07,122984,1,24,0,418.0
10109858RODRIGUESY_2025-08-07_G16,10109858RODRIGUESY,2025-08-07,120339,1,2,0,238.0
10109858RODRIGUESY_2025-08-07_G17,10109858RODRIGUESY,2025-08-07,123345,1,4,0,168.0
10109858RODRIGUESY_2025-08-07_G18,10109858RODRIGUESY,2025-08-07,123344,1,2,0,138.0
10109858RODRIGUESY_2025-08-07_G19,10109858RODRIGUESY,2025-08-07,120389,1,4,0,99.0
10109858RODRIGUESY_2025-08-07_G20,10109858RODRIGUESY,2025-08-07,122983,3,10,31,136.0
10109858RODRIGUESY_2025-08-07_G21,10109858RODRIGUESY,2025-08-07,124624,1,10,0,314.0
10109858RODRIGUESY_2025-08-07_G22,10109858RODRIGUESY,2025-08-07,120339,1,6,0,90.0
10109858RODRIGUESY_2025-08-07_G23,10109858RODRIGUESY,2025-08-07,120339,1,2,0,35.0
10109858RODRIGUESY_2025-08-07_G24,10109858RODRIGUESY,2025-08-07,120339,1,2,0,138.0
10109858RODRIGUESY_2025-08-07_G26,10109858RODRIGUESY,2025-08-07,121760,1,18,0,178.0
10109858RODRIGUESY_2025-08-07_G27,10109858RODRIGUESY,2025-08-07,121760,1,20,0,304.0
10109858RODRIGUESY_2025-08-07_G28,10109858RODRIGUESY,2025-08-07,124248,1,2,0,595.0
10109858RODRIGUESY_2025-08-07_G29,10109858RODRIGUESY,2025-08-07,121651,1,10,0,316.0
10109858RODRIGUESY_2025-08-07_G30,10109858RODRIGUESY,2025-08-07,123822,1,16,0,496.0
10109858RODRIGUESY_2025-08-07_G31,10109858RODRIGUESY,2025-08-07,123822,1,13,0,253.0
10109858RODRIGUESY_2025-08-07_G32,10109858RODRIGUESY,2025-08-07,123822,1,46,0,394.0
10109858RODRIGUESY_2025-08-07_G33,10109858RODRIGUESY,2025-08-07,122983,1,8,0,880.0
10109858RODRIGUESY_2025-08-07_G34,10109858RODRIGUESY,2025-08-07,122983,1,52,0,1030.0
10109858RODRIGUESY_2025-08-07_G35,10109858RODRIGUESY,2025-08-07,122983,1,4,0,109.0
10109858RODRIGUESY_2025-08-07_G36,10109858RODRIGUESY,2025-08-07,123521,1,4,0,314.0
10109858RODRIGUESY_2025-08-07_G37,10109858RODRIGUESY,2025-08-07,122981,1,8,0,260.0
10109858RODRIGUESY_2025-08-07_G38,10109858RODRIGUESY,2025-08-07,122981,1,6,0,185.0
10109858RODRIGUESY_2025-08-07_G39,10109858RODRIGUESY,2025-08-07,123313,1,4,0,133.0
10109858RODRIGUESY_2025-08-08_G02,10109858RODRIGUESY,2025-08-08,122984,1,12,0,271.0
10109858RODRIGUESY_2025-08-08_G03,10109858RODRIGUESY,2025-08-08,120028,1,8,0,248.0
10109858RODRIGUESY_2025-08-08_G04,10109858RODRIGUESY,2025-08-08,124486,1,12,0,285.0
10109858RODRIGUESY_2025-08-08_G05,10109858RODRIGUESY,2025-08-08,122962,1,12,0,263.0
10109858RODRIGUESY_2025-08-08_G06,10109858RODRIGUESY,2025-08-08,124248,1,6,0,145.0
10109858RODRIGUESY_2025-08-08_G07,10109858RODRIGUESY,2025-08-08,124248,1,24,0,513.0
10109858RODRIGUESY_2025-08-08_G08,10109858RODRIGUESY,2025-08-08,123521,1,2,0,423.0
10109858RODRIGUESY_2025-08-08_G09,10109858RODRIGUESY,2025-08-08,122185,1,2,0,173.0
10109858RODRIGUESY_2025-08-08_G10,10109858RODRIGUESY,2025-08-08,122982,1,4,0,271.0
10109858RODRIGUESY_2025-08-08_G11,10109858RODRIGUESY,2025-08-08,122982,1,30,0,1010.0
10109858RODRIGUESY_2025-08-08_G12,10109858RODRIGUESY,2025-08-08,123521,1,1,0,116.0
10109858RODRIGUESY_2025-08-08_G13,10109858RODRIGUESY,2025-08-08,124548,1,20,0,1002.0
10109858RODRIGUESY_2025-08-09_G02,10109858RODRIGUESY,2025-08-09,122647,1,4,0,113.0
10109858RODRIGUESY_2025-08-09_G03,10109858RODRIGUESY,2025-08-09,124475,1,2,0,294.0
10109858RODRIGUESY_2025-08-09_G04,10109858RODRIGUESY,2025-08-09,122185,1,8,0,203.0
10109858RODRIGUESY_2025-08-09_G05,10109858RODRIGUESY,2025-08-09,124371,1,4,0,210.0
10109858RODRIGUESY_2025-08-09_G06,10109858RODRIGUESY,2025-08-09,124548,1,22,0,400.0
10109858RODRIGUESY_2025-08-09_G07,10109858RODRIGUESY,2025-08-09,124477,1,3,0,599.0
10109858RODRIGUESY_2025-08-09_G08,10109858RODRIGUESY,2025-08-09,123344,1,10,0,1085.0
10109858RODRIGUESY_2025-08-09_G09,10109858RODRIGUESY,2025-08-09,124624,1,2,0,332.0
10109858RODRIGUESY_2025-08-09_G10,10109858RODRIGUESY,2025-08-09,"122185, 122984",2,40,28,350.0
10109858RODRIGUESY_2025-08-09_G11,10109858RODRIGUESY,2025-08-09,122982,1,8,0,209.0
10109858RODRIGUESY_2025-08-09_G12,10109858RODRIGUESY,2025-08-09,123909,1,9,0,748.0
10109858RODRIGUESY_2025-08-09_G13,10109858RODRIGUESY,2025-08-09,123909,1,51,0,1156.0
10109858RODRIGUESY_2025-08-09_G14,10109858RODRIGUESY,2025-08-09,"122673, 123345",2,30,30,362.0
10109858RODRIGUESY_2025-08-09_G15,10109858RODRIGUESY,2025-08-09,120272,1,16,0,39.0
10109858RODRIGUESY_2025-08-09_G16,10109858RODRIGUESY,2025-08-09,123153,1,26,0,685.0
10109858RODRIGUESY_2025-08-09_G17,10109858RODRIGUESY,2025-08-09,122962,1,8,0,42.0
10109858RODRIGUESY_2025-08-09_G18,10109858RODRIGUESY,2025-08-09,124371,1,1,0,121.0
10109858RODRIGUESY_2025-08-09_G19,10109858RODRIGUESY,2025-08-09,123492,1,1,0,124.0
10109858RODRIGUESY_2025-08-09_G20,10109858RODRIGUESY,2025-08-09,124486,1,30,0,298.0
10109858RODRIGUESY_2025-08-09_G21,10109858RODRIGUESY,2025-08-09,122962,1,12,0,104.0
10109858RODRIGUESY_2025-08-09_G22,10109858RODRIGUESY,2025-08-09,124486,1,20,0,727.0
10109858RODRIGUESY_2025-08-09_G23,10109858RODRIGUESY,2025-08-09,120389,1,8,0,1132.0
10109858RODRIGUESY_2025-08-09_G24,10109858RODRIGUESY,2025-08-09,122983,1,5,0,153.0
10109858RODRIGUESY_2025-08-09_G25,10109858RODRIGUESY,2025-08-09,124247,1,1,0,88.0
10109858RODRIGUESY_2025-08-09_G26,10109858RODRIGUESY,2025-08-09,120272,1,8,0,194.0
10109858RODRIGUESY_2025-08-09_G27,10109858RODRIGUESY,2025-08-09,122981,1,2,0,124.0
10109858RODRIGUESY_2025-08-09_G28,10109858RODRIGUESY,2025-08-09,122962,1,20,0,152.0
10109858RODRIGUESY_2025-08-09_G29,10109858RODRIGUESY,2025-08-09,120028,1,2,0,414.0
10109858RODRIGUESY_2025-08-09_G30,10109858RODRIGUESY,2025-08-09,124486,1,1,0,42.0
10109858RODRIGUESY_2025-08-09_G31,10109858RODRIGUESY,2025-08-09,122962,1,8,0,198.0
10109858RODRIGUESY_2025-08-09_G32,10109858RODRIGUESY,2025-08-09,122962,1,26,0,306.0
10109858RODRIGUESY_2025-08-09_G33,10109858RODRIGUESY,2025-08-09,120272,1,8,0,108.0
10109858RODRIGUESY_2025-08-09_G34,10109858RODRIGUESY,2025-08-09,123909,1,6,0,178.0
10109858RODRIGUESY_2025-08-09_G35,10109858RODRIGUESY,2025-08-09,124486,1,4,0,121.0
10109858RODRIGUESY_2025-08-09_G36,10109858RODRIGUESY,2025-08-09,122982,1,4,0,240.0
10109858RODRIGUESY_2025-08-09_G37,10109858RODRIGUESY,2025-08-09,123909,1,2,0,31.0
10109858RODRIGUESY_2025-08-09_G38,10109858RODRIGUESY,2025-08-09,122673,1,10,0,263.0
10109858RODRIGUESY_2025-08-09_G39,10109858RODRIGUESY,2025-08-09,123345,1,8,0,70.0
10109858RODRIGUESY_2025-08-09_G40,10109858RODRIGUESY,2025-08-09,123345,1,4,0,149.0
10109858RODRIGUESY_2025-08-09_G41,10109858RODRIGUESY,2025-08-09,122673,1,20,0,48.0
10109858RODRIGUESY_2025-08-09_G42,10109858RODRIGUESY,2025-08-09,122647,1,10,0,252.0
10109858RODRIGUESY_2025-08-09_G43,10109858RODRIGUESY,2025-08-09,122984,1,8,0,278.0
10109858RODRIGUESY_2025-08-09_G44,10109858RODRIGUESY,2025-08-09,124486,1,18,0,558.0
10109858RODRIGUESY_2025-08-09_G45,10109858RODRIGUESY,2025-08-09,122962,1,32,0,323.0
10109858RODRIGUESY_2025-08-09_G47,10109858RODRIGUESY,2025-08-09,122647,1,22,0,329.0
10109858RODRIGUESY_2025-08-09_G48,10109858RODRIGUESY,2025-08-09,122962,1,24,0,966.0
10109858RODRIGUESY_2025-08-09_G49,10109858RODRIGUESY,2025-08-09,122647,1,20,0,633.0
10109858RODRIGUESY_2025-08-09_G50,10109858RODRIGUESY,2025-08-09,124486,1,20,0,405.0
10109858RODRIGUESY_2025-08-09_G51,10109858RODRIGUESY,2025-08-09,122962,2,106,29,526.0
10109858RODRIGUESY_2025-08-11_G02,10109858RODRIGUESY,2025-08-11,124475,1,5,0,111.0
10109858RODRIGUESY_2025-08-11_G03,10109858RODRIGUESY,2025-08-11,"124371, 124548",2,42,10,1780.0
10109858RODRIGUESY_2025-08-11_G04,10109858RODRIGUESY,2025-08-11,120028,1,14,0,333.0
10109858RODRIGUESY_2025-08-11_G05,10109858RODRIGUESY,2025-08-11,122647,1,6,0,66.0
10109858RODRIGUESY_2025-08-11_G06,10109858RODRIGUESY,2025-08-11,123153,1,6,0,182.0
10109858RODRIGUESY_2025-08-11_G07,10109858RODRIGUESY,2025-08-11,124486,1,10,0,295.0
10109858RODRIGUESY_2025-08-11_G08,10109858RODRIGUESY,2025-08-11,122962,1,58,0,858.0
10109858RODRIGUESY_2025-08-11_G09,10109858RODRIGUESY,2025-08-11,122984,1,23,0,953.0
10109858RODRIGUESY_2025-08-11_G10,10109858RODRIGUESY,2025-08-11,122673,1,6,0,1804.0
10109858RODRIGUESY_2025-08-11_G11,10109858RODRIGUESY,2025-08-11,123343,1,4,0,206.0
10109858RODRIGUESY_2025-08-11_G12,10109858RODRIGUESY,2025-08-11,120028,1,30,0,589.0
10109858RODRIGUESY_2025-08-11_G13,10109858RODRIGUESY,2025-08-11,123345,1,1,0,1126.0
10109858RODRIGUESY_2025-08-11_G14,10109858RODRIGUESY,2025-08-11,123343,1,2,0,144.0
10109858RODRIGUESY_2025-08-11_G15,10109858RODRIGUESY,2025-08-11,123343,1,10,0,243.0
10109858RODRIGUESY_2025-08-11_G16,10109858RODRIGUESY,2025-08-11,123343,1,12,0,907.0
10109858RODRIGUESY_2025-08-11_G17,10109858RODRIGUESY,2025-08-11,123909,1,8,0,554.0
10109858RODRIGUESY_2025-08-11_G18,10109858RODRIGUESY,2025-08-11,123822,3,9,17,154.0
10109858RODRIGUESY_2025-08-11_G19,10109858RODRIGUESY,2025-08-11,124475,1,16,0,331.0
10109858RODRIGUESY_2025-08-11_G20,10109858RODRIGUESY,2025-08-11,121760,1,16,0,381.0
10109858RODRIGUESY_2025-08-11_G22,10109858RODRIGUESY,2025-08-11,123521,1,7,0,858.0
10109858RODRIGUESY_2025-08-11_G23,10109858RODRIGUESY,2025-08-11,124371,1,3,0,80.0
10109858RODRIGUESY_2025-08-11_G24,10109858RODRIGUESY,2025-08-11,124371,1,12,0,33.0
10109858RODRIGUESY_2025-08-11_G25,10109858RODRIGUESY,2025-08-11,124371,2,24,8,59.0
10109858RODRIGUESY_2025-08-11_G26,10109858RODRIGUESY,2025-08-11,122984,1,20,0,1566.0
10109858RODRIGUESY_2025-08-11_G27,10109858RODRIGUESY,2025-08-11,122185,1,10,0,1192.0
10109858RODRIGUESY_2025-08-11_G28,10109858RODRIGUESY,2025-08-11,123345,1,30,0,148.0
10109858RODRIGUESY_2025-08-11_G29,10109858RODRIGUESY,2025-08-11,123343,1,20,0,736.0
10109858RODRIGUESY_2025-08-11_G30,10109858RODRIGUESY,2025-08-11,124486,1,32,0,379.0
10109858RODRIGUESY_2025-08-12_G02,10109858RODRIGUESY,2025-08-12,123345,1,9,0,303.0
10109858RODRIGUESY_2025-08-12_G03,10109858RODRIGUESY,2025-08-12,122189,1,66,0,1718.0
10109858RODRIGUESY_2025-08-12_G04,10109858RODRIGUESY,2025-08-12,122196,1,40,0,469.0
10109858RODRIGUESY_2025-08-13_G02,10109858RODRIGUESY,2025-08-13,123345,1,4,0,153.0
10109858RODRIGUESY_2025-08-13_G03,10109858RODRIGUESY,2025-08-13,124247,1,10,0,234.0
10109858RODRIGUESY_2025-08-13_G04,10109858RODRIGUESY,2025-08-13,123909,1,1,0,125.0
10109858RODRIGUESY_2025-08-13_G05,10109858RODRIGUESY,2025-08-13,122673,1,4,0,186.0
10109858RODRIGUESY_2025-08-13_G06,10109858RODRIGUESY,2025-08-13,124486,1,2,0,102.0
10109858RODRIGUESY_2025-08-13_G07,10109858RODRIGUESY,2025-08-13,121923,1,1,0,69.0
10109858RODRIGUESY_2025-08-13_G08,10109858RODRIGUESY,2025-08-13,"121651, 123345",2,4,23,388.0
10109858RODRIGUESY_2025-08-13_G09,10109858RODRIGUESY,2025-08-13,123343,1,2,0,106.0
10109858RODRIGUESY_2025-08-13_G10,10109858RODRIGUESY,2025-08-13,124486,1,4,0,653.0
10109858RODRIGUESY_2025-08-13_G11,10109858RODRIGUESY,2025-08-13,122647,1,20,0,1176.0
10109858RODRIGUESY_2025-08-13_G12,10109858RODRIGUESY,2025-08-13,122673,1,10,0,156.0
10109858RODRIGUESY_2025-08-13_G13,10109858RODRIGUESY,2025-08-13,123153,1,6,0,109.0
10109858RODRIGUESY_2025-08-13_G14,10109858RODRIGUESY,2025-08-13,124486,1,26,0,514.0
10109858RODRIGUESY_2025-08-13_G15,10109858RODRIGUESY,2025-08-13,122962,1,4,0,85.0
10109858RODRIGUESY_2025-08-13_G16,10109858RODRIGUESY,2025-08-13,123153,1,6,0,474.0
10109858RODRIGUESY_2025-08-13_G17,10109858RODRIGUESY,2025-08-13,122673,1,4,0,124.0
10109858RODRIGUESY_2025-08-13_G18,10109858RODRIGUESY,2025-08-13,123153,1,10,0,436.0
10109858RODRIGUESY_2025-08-13_G21,10109858RODRIGUESY,2025-08-13,124248,1,40,0,865.0
10109858RODRIGUESY_2025-08-13_G22,10109858RODRIGUESY,2025-08-13,123153,1,16,0,505.0
10109858RODRIGUESY_2025-08-13_G23,10109858RODRIGUESY,2025-08-13,123889,1,10,0,662.0
10109858RODRIGUESY_2025-08-13_G24,10109858RODRIGUESY,2025-08-13,122673,1,45,0,1801.0
10109858RODRIGUESY_2025-08-13_G25,10109858RODRIGUESY,2025-08-13,120028,1,158,0,2028.0
10109858RODRIGUESY_2025-08-14_G02,10109858RODRIGUESY,2025-08-14,122962,1,3,0,151.0
10109858RODRIGUESY_2025-08-14_G03,10109858RODRIGUESY,2025-08-14,122703,1,2,0,263.0
10109858RODRIGUESY_2025-08-14_G04,10109858RODRIGUESY,2025-08-14,123345,1,7,0,225.0
10109858RODRIGUESY_2025-08-14_G05,10109858RODRIGUESY,2025-08-14,123343,1,4,0,287.0
10109858RODRIGUESY_2025-08-14_G06,10109858RODRIGUESY,2025-08-14,124248,2,8,10,738.0
10109858RODRIGUESY_2025-08-14_G07,10109858RODRIGUESY,2025-08-14,124371,1,4,0,329.0
10109858RODRIGUESY_2025-08-14_G08,10109858RODRIGUESY,2025-08-14,124370,1,4,0,211.0
10109858RODRIGUESY_2025-08-15_G02,10109858RODRIGUESY,2025-08-15,124264,2,35,15,460.0
10109858RODRIGUESY_2025-08-15_G03,10109858RODRIGUESY,2025-08-15,120389,1,12,0,177.0
10109858RODRIGUESY_2025-08-15_G04,10109858RODRIGUESY,2025-08-15,122962,1,16,0,3273.0
10109858RODRIGUESY_2025-08-15_G05,10109858RODRIGUESY,2025-08-15,124486,1,12,0,229.0
10109858RODRIGUESY_2025-08-15_G06,10109858RODRIGUESY,2025-08-15,122962,1,8,0,147.0
10109858RODRIGUESY_2025-08-15_G07,10109858RODRIGUESY,2025-08-15,121760,1,8,0,1084.0
10109858RODRIGUESY_2025-08-15_G08,10109858RODRIGUESY,2025-08-15,124486,1,6,0,60.0
10109858RODRIGUESY_2025-08-15_G09,10109858RODRIGUESY,2025-08-15,122962,1,4,0,216.0
10109858RODRIGUESY_2025-08-15_G10,10109858RODRIGUESY,2025-08-15,123822,1,8,0,248.0
10109858RODRIGUESY_2025-08-15_G11,10109858RODRIGUESY,2025-08-15,123153,1,2,0,1254.0
10109858RODRIGUESY_2025-08-15_G12,10109858RODRIGUESY,2025-08-15,124624,1,4,0,50.0
10109858RODRIGUESY_2025-08-15_G13,10109858RODRIGUESY,2025-08-15,124486,1,2,0,81.0
10109858RODRIGUESY_2025-08-15_G14,10109858RODRIGUESY,2025-08-15,124475,1,4,0,404.0
10109858RODRIGUESY_2025-08-15_G15,10109858RODRIGUESY,2025-08-15,123560,1,8,0,279.0
10109858RODRIGUESY_2025-08-15_G16,10109858RODRIGUESY,2025-08-15,122671,1,4,0,436.0
10109858RODRIGUESY_2025-08-15_G17,10109858RODRIGUESY,2025-08-15,123561,1,4,0,217.0
10109858RODRIGUESY_2025-08-15_G18,10109858RODRIGUESY,2025-08-15,122962,1,8,0,106.0
10109858RODRIGUESY_2025-08-15_G19,10109858RODRIGUESY,2025-08-15,124371,1,8,0,113.0
10109858RODRIGUESY_2025-08-15_G20,10109858RODRIGUESY,2025-08-15,124548,1,4,0,254.0
10109858RODRIGUESY_2025-08-15_G21,10109858RODRIGUESY,2025-08-15,124247,1,7,0,385.0
10109858RODRIGUESY_2025-08-15_G22,10109858RODRIGUESY,2025-08-15,122962,1,16,0,1343.0
10109858RODRIGUESY_2025-08-15_G23,10109858RODRIGUESY,2025-08-15,122647,1,14,0,176.0
10109858RODRIGUESY_2025-08-15_G24,10109858RODRIGUESY,2025-08-15,123345,1,20,0,1899.0
10109858RODRIGUESY_2025-08-15_G26,10109858RODRIGUESY,2025-08-15,181056,1,2,0,637.0
10109858RODRIGUESY_2025-08-15_G27,10109858RODRIGUESY,2025-08-15,181057,1,8,0,243.0
10109858RODRIGUESY_2025-08-15_G28,10109858RODRIGUESY,2025-08-15,181235,1,2,0,84.0
10109858RODRIGUESY_2025-08-15_G29,10109858RODRIGUESY,2025-08-15,122988,1,8,0,871.0
10109858RODRIGUESY_2025-08-15_G30,10109858RODRIGUESY,2025-08-15,181057,1,4,0,949.0
10109858RODRIGUESY_2025-08-15_G31,10109858RODRIGUESY,2025-08-15,181056,1,5,0,168.0
10109858RODRIGUESY_2025-08-15_G32,10109858RODRIGUESY,2025-08-15,181235,1,6,0,49.0
10109858RODRIGUESY_2025-08-15_G33,10109858RODRIGUESY,2025-08-15,180094,1,4,0,263.0
10109858RODRIGUESY_2025-08-15_G34,10109858RODRIGUESY,2025-08-15,122962,1,48,0,850.0
10109858RODRIGUESY_2025-08-15_G35,10109858RODRIGUESY,2025-08-15,180054,1,4,0,414.0
10109858RODRIGUESY_2025-08-15_G36,10109858RODRIGUESY,2025-08-15,"181057, 181056",2,4,24,112.0
10109858RODRIGUESY_2025-08-15_G37,10109858RODRIGUESY,2025-08-15,120028,1,10,0,77.0
10109858RODRIGUESY_2025-08-15_G38,10109858RODRIGUESY,2025-08-15,"122962, 180094",2,20,20,353.0
10109858RODRIGUESY_2025-08-19_G02,10109858RODRIGUESY,2025-08-19,123153,1,2,0,298.0
10109858RODRIGUESY_2025-08-19_G03,10109858RODRIGUESY,2025-08-19,124624,1,1,0,137.0
10109858RODRIGUESY_2025-08-19_G04,10109858RODRIGUESY,2025-08-19,124486,1,8,0,217.0
10109858RODRIGUESY_2025-08-19_G05,10109858RODRIGUESY,2025-08-19,124548,1,1,0,295.0
10109858RODRIGUESY_2025-08-19_G06,10109858RODRIGUESY,2025-08-19,122962,1,2,0,144.0
10109858RODRIGUESY_2025-08-19_G07,10109858RODRIGUESY,2025-08-19,123909,1,12,0,1752.0
10109858RODRIGUESY_2025-08-19_G08,10109858RODRIGUESY,2025-08-19,121760,1,15,0,217.0
10109858RODRIGUESY_2025-08-19_G09,10109858RODRIGUESY,2025-08-19,124370,1,42,0,1361.0
10109858RODRIGUESY_2025-08-19_G10,10109858RODRIGUESY,2025-08-19,124475,1,50,0,1432.0
10109858RODRIGUESY_2025-08-19_G11,10109858RODRIGUESY,2025-08-19,181057,1,27,0,2182.0
10109858RODRIGUESY_2025-08-19_G12,10109858RODRIGUESY,2025-08-19,120028,1,8,0,2322.0
10109858RODRIGUESY_2025-08-19_G13,10109858RODRIGUESY,2025-08-19,122962,2,48,13,459.0
10109858RODRIGUESY_2025-08-19_G14,10109858RODRIGUESY,2025-08-19,124371,1,24,0,735.0
10109858RODRIGUESY_2025-08-19_G15,10109858RODRIGUESY,2025-08-19,124370,1,30,0,283.0
10109858RODRIGUESY_2025-08-19_G16,10109858RODRIGUESY,2025-08-19,124370,1,60,0,805.0
10109858RODRIGUESY_2025-08-19_G18,10109858RODRIGUESY,2025-08-19,123492,1,4,0,178.0
10109858RODRIGUESY_2025-08-19_G19,10109858RODRIGUESY,2025-08-19,120028,1,30,0,624.0
10109858RODRIGUESY_2025-08-19_G20,10109858RODRIGUESY,2025-08-19,122185,1,20,0,879.0
10109858RODRIGUESY_2025-08-19_G21,10109858RODRIGUESY,2025-08-19,123153,1,20,0,234.0
10109858RODRIGUESY_2025-08-19_G22,10109858RODRIGUESY,2025-08-19,123080,1,28,0,947.0
10109858RODRIGUESY_2025-08-19_G23,10109858RODRIGUESY,2025-08-19,120339,1,13,0,1337.0
10109858RODRIGUESY_2025-08-19_G24,10109858RODRIGUESY,2025-08-19,122962,1,68,0,741.0
10109858RODRIGUESY_2025-08-19_G25,10109858RODRIGUESY,2025-08-19,122647,1,48,0,1285.0
10109858RODRIGUESY_2025-08-19_G26,10109858RODRIGUESY,2025-08-19,122673,1,6,0,233.0
10109858RODRIGUESY_2025-08-20_G02,10109858RODRIGUESY,2025-08-20,120321,1,50,0,933.0
10109858RODRIGUESY_2025-08-20_G03,10109858RODRIGUESY,2025-08-20,120339,1,3,0,1781.0
10109858RODRIGUESY_2025-08-20_G04,10109858RODRIGUESY,2025-08-20,123561,1,16,0,278.0
10109858RODRIGUESY_2025-08-20_G05,10109858RODRIGUESY,2025-08-20,122984,1,1,0,44.0
10109858RODRIGUESY_2025-08-20_G06,10109858RODRIGUESY,2025-08-20,123345,1,4,0,94.0
10109858RODRIGUESY_2025-08-20_G07,10109858RODRIGUESY,2025-08-20,123344,1,6,0,176.0
10109858RODRIGUESY_2025-08-20_G08,10109858RODRIGUESY,2025-08-20,120339,1,2,0,118.0
10109858RODRIGUESY_2025-08-20_G09,10109858RODRIGUESY,2025-08-20,124624,2,18,9,71.0
10109858RODRIGUESY_2025-08-20_G10,10109858RODRIGUESY,2025-08-20,123313,1,6,0,334.0
10109858RODRIGUESY_2025-08-20_G11,10109858RODRIGUESY,2025-08-20,122185,1,21,0,198.0
10109858RODRIGUESY_2025-08-20_G12,10109858RODRIGUESY,2025-08-20,124486,1,30,0,846.0
10109858RODRIGUESY_2025-08-20_G13,10109858RODRIGUESY,2025-08-20,122962,1,40,0,259.0
10109858RODRIGUESY_2025-08-20_G14,10109858RODRIGUESY,2025-08-20,122962,1,40,0,2858.0
10109858RODRIGUESY_2025-08-20_G15,10109858RODRIGUESY,2025-08-20,120028,1,30,0,372.0
10109858RODRIGUESY_2025-08-20_G16,10109858RODRIGUESY,2025-08-20,180024,1,6,0,326.0
10109858RODRIGUESY_2025-08-20_G17,10109858RODRIGUESY,2025-08-20,122673,1,205,0,3493.0
10109858RODRIGUESY_2025-08-20_G18,10109858RODRIGUESY,2025-08-20,122967,1,2,0,1863.0
10109858RODRIGUESY_2025-08-20_G20,10109858RODRIGUESY,2025-08-20,122984,2,14,8,270.0
10109858RODRIGUESY_2025-08-20_G21,10109858RODRIGUESY,2025-08-20,120008,1,7,0,197.0
10109858RODRIGUESY_2025-08-20_G22,10109858RODRIGUESY,2025-08-20,123909,1,9,0,691.0
10109858RODRIGUESY_2025-08-20_G23,10109858RODRIGUESY,2025-08-20,123909,1,23,0,154.0
10109858RODRIGUESY_2025-08-20_G24,10109858RODRIGUESY,2025-08-20,124477,1,1,0,479.0
10109858RODRIGUESY_2025-08-20_G25,10109858RODRIGUESY,2025-08-20,123909,1,2,0,47.0
10109858RODRIGUESY_2025-08-20_G26,10109858RODRIGUESY,2025-08-20,124475,1,2,0,57.0
10109858RODRIGUESY_2025-08-20_G27,10109858RODRIGUESY,2025-08-20,121760,1,10,0,382.0
10109858RODRIGUESY_2025-08-20_G28,10109858RODRIGUESY,2025-08-20,"123153, 123344",2,12,23,495.0
10109858RODRIGUESY_2025-08-20_G29,10109858RODRIGUESY,2025-08-20,120008,1,3,0,496.0
10109858RODRIGUESY_2025-08-21_G02,10109858RODRIGUESY,2025-08-21,123153,1,12,0,1173.0
10109858RODRIGUESY_2025-08-21_G03,10109858RODRIGUESY,2025-08-21,123909,1,2,0,181.0
10109858RODRIGUESY_2025-08-21_G04,10109858RODRIGUESY,2025-08-21,122983,1,2,0,73.0
10109858RODRIGUESY_2025-08-21_G05,10109858RODRIGUESY,2025-08-21,123560,1,6,0,252.0
10109858RODRIGUESY_2025-08-21_G06,10109858RODRIGUESY,2025-08-21,124624,1,4,0,503.0
10109858RODRIGUESY_2025-08-21_G07,10109858RODRIGUESY,2025-08-21,122984,1,12,0,129.0
10109858RODRIGUESY_2025-08-21_G08,10109858RODRIGUESY,2025-08-21,121651,1,55,0,948.0
10109858RODRIGUESY_2025-08-21_G09,10109858RODRIGUESY,2025-08-21,124247,1,40,0,1477.0
10109858RODRIGUESY_2025-08-21_G10,10109858RODRIGUESY,2025-08-21,124594,1,6,0,849.0
10109858RODRIGUESY_2025-08-21_G11,10109858RODRIGUESY,2025-08-21,122673,1,150,0,2212.0
10109858RODRIGUESY_2025-08-21_G12,10109858RODRIGUESY,2025-08-21,122962,1,8,0,254.0
10109858RODRIGUESY_2025-08-21_G13,10109858RODRIGUESY,2025-08-21,"123313, 123909",2,3,28,80.0
10109858RODRIGUESY_2025-08-21_G14,10109858RODRIGUESY,2025-08-21,123345,1,18,0,392.0
10109858RODRIGUESY_2025-08-21_G15,10109858RODRIGUESY,2025-08-21,124486,1,25,0,1791.0
10109858RODRIGUESY_2025-08-21_G16,10109858RODRIGUESY,2025-08-21,122962,1,32,0,345.0
10109858RODRIGUESY_2025-08-21_G17,10109858RODRIGUESY,2025-08-21,122185,1,60,0,1673.0
10109858RODRIGUESY_2025-08-21_G18,10109858RODRIGUESY,2025-08-21,122984,1,28,0,594.0
10109858RODRIGUESY_2025-08-21_G20,10109858RODRIGUESY,2025-08-21,180098,1,6,0,1377.0
10109858RODRIGUESY_2025-08-22_G02,10109858RODRIGUESY,2025-08-22,124548,1,10,0,245.0
10109858RODRIGUESY_2025-08-22_G03,10109858RODRIGUESY,2025-08-22,122962,1,24,0,2366.0
10109858RODRIGUESY_2025-08-22_G04,10109858RODRIGUESY,2025-08-22,122647,1,16,0,337.0
10109858RODRIGUESY_2025-08-22_G05,10109858RODRIGUESY,2025-08-22,122671,1,6,0,185.0
10109858RODRIGUESY_2025-08-22_G06,10109858RODRIGUESY,2025-08-22,124486,1,4,0,286.0
10109858RODRIGUESY_2025-08-22_G07,10109858RODRIGUESY,2025-08-22,123909,1,1,0,3182.0
10109858RODRIGUESY_2025-08-22_G08,10109858RODRIGUESY,2025-08-22,121928,1,2,0,94.0
10109858RODRIGUESY_2025-08-22_G09,10109858RODRIGUESY,2025-08-22,121923,1,2,0,182.0
10109858RODRIGUESY_2025-08-22_G10,10109858RODRIGUESY,2025-08-22,124624,1,2,0,117.0
10109858RODRIGUESY_2025-08-22_G11,10109858RODRIGUESY,2025-08-22,123343,1,4,0,102.0
10109858RODRIGUESY_2025-08-22_G12,10109858RODRIGUESY,2025-08-22,123345,1,4,0,36.0
10109858RODRIGUESY_2025-08-22_G13,10109858RODRIGUESY,2025-08-22,124624,1,1,0,165.0
10109858RODRIGUESY_2025-08-22_G14,10109858RODRIGUESY,2025-08-22,122673,1,8,0,413.0
10109858RODRIGUESY_2025-08-22_G15,10109858RODRIGUESY,2025-08-22,122673,1,2,0,218.0
10109858RODRIGUESY_2025-08-22_G16,10109858RODRIGUESY,2025-08-22,121760,1,2,0,125.0
10109858RODRIGUESY_2025-08-22_G17,10109858RODRIGUESY,2025-08-22,123345,1,2,0,181.0
10109858RODRIGUESY_2025-08-22_G18,10109858RODRIGUESY,2025-08-22,122673,1,4,0,344.0
10109858RODRIGUESY_2025-08-22_G19,10109858RODRIGUESY,2025-08-22,123153,1,6,0,1230.0
10109858RODRIGUESY_2025-08-22_G20,10109858RODRIGUESY,2025-08-22,124248,1,4,0,160.0
10109858RODRIGUESY_2025-08-22_G21,10109858RODRIGUESY,2025-08-22,123343,1,2,0,38.0
10109858RODRIGUESY_2025-08-22_G22,10109858RODRIGUESY,2025-08-22,124247,1,10,0,330.0
10109858RODRIGUESY_2025-08-22_G23,10109858RODRIGUESY,2025-08-22,122673,1,14,0,161.0
10109858RODRIGUESY_2025-08-22_G24,10109858RODRIGUESY,2025-08-22,122673,1,8,0,240.0
10109858RODRIGUESY_2025-08-22_G25,10109858RODRIGUESY,2025-08-22,122673,1,30,0,2051.0
10109858RODRIGUESY_2025-08-26_G02,10109858RODRIGUESY,2025-08-26,122647,2,6,9,656.0
10109858RODRIGUESY_2025-08-26_G03,10109858RODRIGUESY,2025-08-26,124475,1,1,0,94.0
10109858RODRIGUESY_2025-08-26_G04,10109858RODRIGUESY,2025-08-26,121760,1,4,0,118.0
10109858RODRIGUESY_2025-08-26_G05,10109858RODRIGUESY,2025-08-26,121651,2,4,10,507.0
10109858RODRIGUESY_2025-08-26_G06,10109858RODRIGUESY,2025-08-26,123343,1,1,0,62.0
10109858RODRIGUESY_2025-08-26_G07,10109858RODRIGUESY,2025-08-26,122647,1,80,0,1079.0
10109858RODRIGUESY_2025-08-26_G08,10109858RODRIGUESY,2025-08-26,180169,1,1,0,2903.0
10109858RODRIGUESY_2025-08-26_G09,10109858RODRIGUESY,2025-08-26,180554,3,8,18,1350.0
10109858RODRIGUESY_2025-08-26_G10,10109858RODRIGUESY,2025-08-26,122962,1,48,0,1492.0
10109858RODRIGUESY_2025-08-26_G11,10109858RODRIGUESY,2025-08-26,122962,1,63,0,712.0
10109858RODRIGUESY_2025-08-26_G12,10109858RODRIGUESY,2025-08-26,123822,1,40,0,413.0
10109858RODRIGUESY_2025-08-26_G13,10109858RODRIGUESY,2025-08-26,124486,1,40,0,653.0
10109858RODRIGUESY_2025-08-26_G14,10109858RODRIGUESY,2025-08-26,122983,1,16,0,914.0
10109858RODRIGUESY_2025-08-26_G15,10109858RODRIGUESY,2025-08-26,120389,1,14,0,311.0
10109858RODRIGUESY_2025-08-26_G16,10109858RODRIGUESY,2025-08-26,124486,1,10,0,82.0
10109858RODRIGUESY_2025-08-26_G17,10109858RODRIGUESY,2025-08-26,120028,1,40,0,621.0
10109858RODRIGUESY_2025-08-26_G18,10109858RODRIGUESY,2025-08-26,122962,1,40,0,499.0
10109858RODRIGUESY_2025-08-26_G19,10109858RODRIGUESY,2025-08-26,122703,1,7,0,1603.0
10109858RODRIGUESY_2025-08-26_G21,10109858RODRIGUESY,2025-08-26,123344,1,12,0,294.0
10109858RODRIGUESY_2025-08-26_G22,10109858RODRIGUESY,2025-08-26,121760,1,11,0,210.0
10109858RODRIGUESY_2025-08-26_G23,10109858RODRIGUESY,2025-08-26,123345,1,2,0,121.0
10109858RODRIGUESY_2025-08-26_G24,10109858RODRIGUESY,2025-08-26,121651,1,8,0,241.0
10109858RODRIGUESY_2025-08-26_G25,10109858RODRIGUESY,2025-08-26,124433,1,10,0,229.0
10109858RODRIGUESY_2025-08-26_G26,10109858RODRIGUESY,2025-08-26,121651,1,30,0,436.0
10109858RODRIGUESY_2025-08-26_G27,10109858RODRIGUESY,2025-08-26,122185,1,23,0,909.0
10109858RODRIGUESY_2025-08-26_G28,10109858RODRIGUESY,2025-08-26,124248,1,6,0,464.0
10109858RODRIGUESY_2025-08-26_G29,10109858RODRIGUESY,2025-08-26,124248,1,19,0,586.0
10109858RODRIGUESY_2025-08-26_G30,10109858RODRIGUESY,2025-08-26,123345,1,10,0,88.0
10109858RODRIGUESY_2025-08-26_G31,10109858RODRIGUESY,2025-08-26,124248,1,4,0,930.0
10109858RODRIGUESY_2025-08-26_G32,10109858RODRIGUESY,2025-08-26,123909,2,3,13,156.0
10109858RODRIGUESY_2025-08-26_G33,10109858RODRIGUESY,2025-08-26,181057,1,1,0,1025.0
10109858RODRIGUESY_2025-08-29_G02,10109858RODRIGUESY,2025-08-29,120339,6,26,51,166.0
10109858RODRIGUESY_2025-08-29_G03,10109858RODRIGUESY,2025-08-29,122983,2,6,6,484.0
10109858RODRIGUESY_2025-08-29_G04,10109858RODRIGUESY,2025-08-29,122968,1,2,0,323.0
10109858RODRIGUESY_2025-08-29_G05,10109858RODRIGUESY,2025-08-29,122984,4,31,32,198.0
10109858RODRIGUESY_2025-08-29_G06,10109858RODRIGUESY,2025-08-29,"123343, 123345",4,18,29,606.0
10109858RODRIGUESY_2025-08-29_G07,10109858RODRIGUESY,2025-08-29,120339,1,4,0,273.0
10109858RODRIGUESY_2025-08-29_G08,10109858RODRIGUESY,2025-08-29,122983,1,8,0,87.0
10109858RODRIGUESY_2025-08-29_G09,10109858RODRIGUESY,2025-08-29,122983,1,16,0,387.0
10109858RODRIGUESY_2025-08-29_G10,10109858RODRIGUESY,2025-08-29,120271,1,2,0,48.0
10109858RODRIGUESY_2025-08-29_G11,10109858RODRIGUESY,2025-08-29,124624,2,8,6,130.0
10109858RODRIGUESY_2025-08-29_G12,10109858RODRIGUESY,2025-08-29,124248,2,10,8,341.0
10109858RODRIGUESY_2025-08-29_G13,10109858RODRIGUESY,2025-08-29,"122185, 123343",2,8,19,303.0
10109858RODRIGUESY_2025-08-29_G14,10109858RODRIGUESY,2025-08-29,122962,1,48,0,836.0
10109858RODRIGUESY_2025-08-29_G15,10109858RODRIGUESY,2025-08-29,123345,1,12,0,190.0
10109858RODRIGUESY_2025-08-29_G16,10109858RODRIGUESY,2025-08-29,123343,1,10,0,102.0
10109858RODRIGUESY_2025-08-29_G17,10109858RODRIGUESY,2025-08-29,123343,1,3,0,288.0
10109858RODRIGUESY_2025-08-29_G18,10109858RODRIGUESY,2025-08-29,122673,1,20,0,539.0
10109858RODRIGUESY_2025-08-29_G19,10109858RODRIGUESY,2025-08-29,122986,1,4,0,90.0
10109858RODRIGUESY_2025-08-29_G20,10109858RODRIGUESY,2025-08-29,124548,1,30,0,701.0
10109858RODRIGUESY_2025-08-29_G21,10109858RODRIGUESY,2025-08-29,122647,1,12,0,1561.0
10109858RODRIGUESY_2025-08-29_G22,10109858RODRIGUESY,2025-08-29,124264,1,30,0,228.0
10109858RODRIGUESY_2025-08-29_G23,10109858RODRIGUESY,2025-08-29,122983,1,4,0,884.0
10109858RODRIGUESY_2025-08-29_G24,10109858RODRIGUESY,2025-08-29,123562,1,12,0,394.0
10109858RODRIGUESY_2025-08-29_G25,10109858RODRIGUESY,2025-08-29,122984,1,2,0,470.0
10109858RODRIGUESY_2025-08-29_G26,10109858RODRIGUESY,2025-08-29,122962,1,6,0,200.0
10109858RODRIGUESY_2025-08-29_G27,10109858RODRIGUESY,2025-08-29,123343,1,12,0,979.0
10109858RODRIGUESY_2025-08-29_G28,10109858RODRIGUESY,2025-08-29,124624,1,2,0,289.0
10109858RODRIGUESY_2025-08-29_G29,10109858RODRIGUESY,2025-08-29,122984,1,8,0,103.0
10109858RODRIGUESY_2025-08-29_G30,10109858RODRIGUESY,2025-08-29,123343,1,1,0,37.0
10109858RODRIGUESY_2025-08-29_G31,10109858RODRIGUESY,2025-08-29,122962,1,3,0,271.0
10109858RODRIGUESY_2025-08-29_G32,10109858RODRIGUESY,2025-08-29,124248,1,2,0,80.0
10109858RODRIGUESY_2025-08-29_G33,10109858RODRIGUESY,2025-08-29,124486,1,2,0,100.0
10109858RODRIGUESY_2025-08-29_G34,10109858RODRIGUESY,2025-08-29,123345,1,10,0,287.0
10109858RODRIGUESY_2025-08-29_G35,10109858RODRIGUESY,2025-08-29,124624,1,4,0,902.0
10109858RODRIGUESY_2025-08-29_G37,10109858RODRIGUESY,2025-08-29,124371,1,4,0,271.0
10109858RODRIGUESY_2025-08-29_G38,10109858RODRIGUESY,2025-08-29,121760,1,6,0,169.0
10109858RODRIGUESY_2025-08-29_G39,10109858RODRIGUESY,2025-08-29,121651,1,10,0,177.0
10109858RODRIGUESY_2025-08-29_G40,10109858RODRIGUESY,2025-08-29,122984,3,42,19,117.0
10109858RODRIGUESY_2025-08-29_G41,10109858RODRIGUESY,2025-08-29,124475,1,6,0,905.0
10109858RODRIGUESY_2025-08-29_G42,10109858RODRIGUESY,2025-08-29,123344,1,4,0,171.0
10109858RODRIGUESY_2025-08-29_G43,10109858RODRIGUESY,2025-08-29,122962,1,16,0,312.0
10109858RODRIGUESY_2025-08-29_G44,10109858RODRIGUESY,2025-08-29,123909,1,7,0,92.0
10109858RODRIGUESY_2025-08-29_G45,10109858RODRIGUESY,2025-08-29,122983,1,4,0,404.0
10109858RODRIGUESY_2025-08-29_G46,10109858RODRIGUESY,2025-08-29,122647,1,8,0,118.0
10109858RODRIGUESY_2025-08-29_G47,10109858RODRIGUESY,2025-08-29,124248,1,15,0,187.0
10109858RODRIGUESY_2025-08-29_G48,10109858RODRIGUESY,2025-08-29,124486,1,11,0,142.0
10109858RODRIGUESY_2025-08-29_G49,10109858RODRIGUESY,2025-08-29,122962,1,42,0,1359.0
10109858RODRIGUESY_2025-08-29_G50,10109858RODRIGUESY,2025-08-29,122647,1,12,0,316.0
10109858RODRIGUESY_2025-08-29_G51,10109858RODRIGUESY,2025-08-29,122962,1,8,0,269.0
10109858RODRIGUESY_2025-08-30_G02,10109858RODRIGUESY,2025-08-30,123345,1,30,0,302.0
10109858RODRIGUESY_2025-08-30_G03,10109858RODRIGUESY,2025-08-30,123343,1,28,0,683.0
10109858RODRIGUESY_2025-08-30_G04,10109858RODRIGUESY,2025-08-30,"123345, 123343",2,20,8,1378.0
10109858RODRIGUESY_2025-08-30_G05,10109858RODRIGUESY,2025-08-30,123153,1,50,0,2352.0
10109858RODRIGUESY_2025-08-30_G06,10109858RODRIGUESY,2025-08-30,122671,1,4,0,191.0
10109858RODRIGUESY_2025-08-30_G07,10109858RODRIGUESY,2025-08-30,123909,1,14,0,240.0
10109858RODRIGUESY_2025-08-30_G08,10109858RODRIGUESY,2025-08-30,120389,1,6,0,290.0
10109858RODRIGUESY_2025-08-30_G09,10109858RODRIGUESY,2025-08-30,124370,1,20,0,224.0
10109858RODRIGUESY_2025-08-30_G10,10109858RODRIGUESY,2025-08-30,124476,1,4,0,762.0
10109858RODRIGUESY_2025-08-30_G11,10109858RODRIGUESY,2025-08-30,123344,1,8,0,77.0
10109858RODRIGUESY_2025-08-30_G12,10109858RODRIGUESY,2025-08-30,124247,1,12,0,121.0
10109858RODRIGUESY_2025-08-30_G13,10109858RODRIGUESY,2025-08-30,"121760, 121651",2,60,12,1078.0
10109858RODRIGUESY_2025-08-30_G14,10109858RODRIGUESY,2025-08-30,123889,1,14,0,356.0
10109858RODRIGUESY_2025-08-30_G15,10109858RODRIGUESY,2025-08-30,122962,1,100,0,1560.0
10109858RODRIGUESY_2025-08-30_G16,10109858RODRIGUESY,2025-08-30,122647,1,17,0,314.0
10109858RODRIGUESY_2025-08-30_G17,10109858RODRIGUESY,2025-08-30,124476,1,57,0,1411.0
10109858RODRIGUESY_2025-08-30_G18,10109858RODRIGUESY,2025-08-30,122185,1,2,0,171.0
10109858RODRIGUESY_2025-08-30_G19,10109858RODRIGUESY,2025-08-30,124486,1,4,0,163.0
10109858RODRIGUESY_2025-08-30_G20,10109858RODRIGUESY,2025-08-30,120389,1,4,0,61.0
10109858RODRIGUESY_2025-08-30_G21,10109858RODRIGUESY,2025-08-30,123909,1,8,0,213.0
10109858RODRIGUESY_2025-08-30_G22,10109858RODRIGUESY,2025-08-30,124486,1,30,0,159.0
10109858RODRIGUESY_2025-08-30_G23,10109858RODRIGUESY,2025-08-30,122962,1,32,0,284.0
10109858RODRIGUESY_2025-08-30_G25,10109858RODRIGUESY,2025-08-30,122671,1,4,0,42.0
10109858RODRIGUESY_2025-08-30_G26,10109858RODRIGUESY,2025-08-30,123909,1,4,0,53.0
10109858RODRIGUESY_2025-08-30_G27,10109858RODRIGUESY,2025-08-30,122962,1,66,0,520.0
10109858RODRIGUESY_2025-08-30_G28,10109858RODRIGUESY,2025-08-30,124371,1,2,0,400.0
10109858RODRIGUESY_2025-08-30_G29,10109858RODRIGUESY,2025-08-30,124370,1,6,0,123.0
10109858RODRIGUESY_2025-08-30_G30,10109858RODRIGUESY,2025-08-30,124370,1,2,0,63.0
10109858RODRIGUESY_2025-08-30_G31,10109858RODRIGUESY,2025-08-30,121760,2,42,16,320.0
10109858RODRIGUESY_2025-08-30_G32,10109858RODRIGUESY,2025-08-30,123344,1,9,0,657.0
10109858RODRIGUESY_2025-08-30_G33,10109858RODRIGUESY,2025-08-30,123343,1,4,0,106.0
10109858RODRIGUESY_2025-08-30_G34,10109858RODRIGUESY,2025-08-30,121760,1,20,0,720.0
10109858RODRIGUESY_2025-08-30_G35,10109858RODRIGUESY,2025-08-30,121651,1,6,0,308.0
10109858RODRIGUESY_2025-08-30_G36,10109858RODRIGUESY,2025-08-30,122673,1,10,0,280.0
10109858RODRIGUESY_2025-08-30_G37,10109858RODRIGUESY,2025-08-30,124548,1,60,0,968.0
10109858RODRIGUESY_2025-08-30_G38,10109858RODRIGUESY,2025-08-30,123153,1,24,0,299.0
10109858RODRIGUESY_2025-08-30_G39,10109858RODRIGUESY,2025-08-30,122962,1,16,0,122.0
10109858RODRIGUESY_2025-08-31_G02,10109858RODRIGUESY,2025-08-31,122703,1,21,0,210.0
10109858RODRIGUESY_2025-08-31_G03,10109858RODRIGUESY,2025-08-31,122703,1,4,0,33.0
10109858RODRIGUESY_2025-08-31_G04,10109858RODRIGUESY,2025-08-31,122703,1,2,0,168.0
10109858RODRIGUESY_2025-08-31_G05,10109858RODRIGUESY,2025-08-31,122703,1,5,0,100.0
10109858RODRIGUESY_2025-08-31_G06,10109858RODRIGUESY,2025-08-31,122703,1,8,0,153.0
10109858RODRIGUESY_2025-08-31_G07,10109858RODRIGUESY,2025-08-31,123343,1,8,0,379.0
10109858RODRIGUESY_2025-08-31_G08,10109858RODRIGUESY,2025-08-31,124248,1,5,0,73.0
10109858RODRIGUESY_2025-08-31_G09,10109858RODRIGUESY,2025-08-31,124486,1,20,0,1566.0
10109858RODRIGUESY_2025-08-31_G10,10109858RODRIGUESY,2025-08-31,122671,1,8,0,290.0
10109858RODRIGUESY_2025-08-31_G11,10109858RODRIGUESY,2025-08-31,120389,1,8,0,337.0
10109858RODRIGUESY_2025-08-31_G12,10109858RODRIGUESY,2025-08-31,122962,1,24,0,780.0
10109858RODRIGUESY_2025-08-31_G13,10109858RODRIGUESY,2025-08-31,123343,1,22,0,191.0
10109858RODRIGUESY_2025-08-31_G14,10109858RODRIGUESY,2025-08-31,124594,1,6,0,1345.0
10109858RODRIGUESY_2025-08-31_G15,10109858RODRIGUESY,2025-08-31,123822,1,22,0,651.0
10109858RODRIGUESY_2025-08-31_G16,10109858RODRIGUESY,2025-08-31,123345,1,2,0,1928.0
10109858RODRIGUESY_2025-08-31_G17,10109858RODRIGUESY,2025-08-31,124486,1,14,0,310.0
10109858RODRIGUESY_2025-08-31_G18,10109858RODRIGUESY,2025-08-31,123345,1,6,0,89.0
10109858RODRIGUESY_2025-08-31_G19,10109858RODRIGUESY,2025-08-31,122673,1,20,0,664.0
10109858RODRIGUESY_2025-09-04_G02,10109858RODRIGUESY,2025-09-04,123345,1,6,0,345.0
10109858RODRIGUESY_2025-09-04_G03,10109858RODRIGUESY,2025-09-04,123343,1,4,0,507.0
10109858RODRIGUESY_2025-09-04_G04,10109858RODRIGUESY,2025-09-04,123909,1,4,0,74.0
10109858RODRIGUESY_2025-09-04_G05,10109858RODRIGUESY,2025-09-04,122983,1,4,0,117.0
10109858RODRIGUESY_2025-09-04_G06,10109858RODRIGUESY,2025-09-04,124370,1,4,0,126.0
10109858RODRIGUESY_2025-09-04_G07,10109858RODRIGUESY,2025-09-04,124370,1,7,0,122.0
10109858RODRIGUESY_2025-09-04_G08,10109858RODRIGUESY,2025-09-04,121760,1,4,0,212.0
10109858RODRIGUESY_2025-09-04_G09,10109858RODRIGUESY,2025-09-04,121651,1,4,0,210.0
10109858RODRIGUESY_2025-09-04_G10,10109858RODRIGUESY,2025-09-04,123344,1,4,0,185.0
10109858RODRIGUESY_2025-09-04_G11,10109858RODRIGUESY,2025-09-04,124476,2,10,23,138.0
10109858RODRIGUESY_2025-09-04_G12,10109858RODRIGUESY,2025-09-04,123562,1,1,0,857.0
10109858RODRIGUESY_2025-09-04_G13,10109858RODRIGUESY,2025-09-04,124486,1,6,0,1453.0
10109858RODRIGUESY_2025-09-04_G14,10109858RODRIGUESY,2025-09-04,123153,1,60,0,350.0
10109858RODRIGUESY_2025-09-04_G15,10109858RODRIGUESY,2025-09-04,"123345, 121760",2,100,19,3050.0
10109858RODRIGUESY_2025-09-04_G16,10109858RODRIGUESY,2025-09-04,124624,1,100,0,215.0
10109858RODRIGUESY_2025-09-08_G02,10109858RODRIGUESY,2025-09-08,124371,1,4,0,206.0
10109858RODRIGUESY_2025-09-08_G03,10109858RODRIGUESY,2025-09-08,123344,1,6,0,122.0
10109858RODRIGUESY_2025-09-08_G04,10109858RODRIGUESY,2025-09-08,123343,1,3,0,65.0
10109858RODRIGUESY_2025-09-08_G05,10109858RODRIGUESY,2025-09-08,122647,1,60,0,1301.0
10109858RODRIGUESY_2025-09-08_G06,10109858RODRIGUESY,2025-09-08,122962,1,40,0,659.0
10109858RODRIGUESY_2025-09-08_G07,10109858RODRIGUESY,2025-09-08,122647,1,8,0,134.0
10109858RODRIGUESY_2025-09-08_G08,10109858RODRIGUESY,2025-09-08,122673,1,4,0,81.0
10109858RODRIGUESY_2025-09-08_G09,10109858RODRIGUESY,2025-09-08,122647,1,10,0,62.0
10109858RODRIGUESY_2025-09-08_G10,10109858RODRIGUESY,2025-09-08,123343,1,5,0,699.0
10109858RODRIGUESY_2025-09-08_G11,10109858RODRIGUESY,2025-09-08,124486,1,1,0,81.0
10109858RODRIGUESY_2025-09-08_G12,10109858RODRIGUESY,2025-09-08,123909,1,4,0,77.0
10109858RODRIGUESY_2025-09-08_G13,10109858RODRIGUESY,2025-09-08,120028,1,4,0,101.0
10109858RODRIGUESY_2025-09-08_G14,10109858RODRIGUESY,2025-09-08,120339,1,1,0,79.0
10109858RODRIGUESY_2025-09-08_G15,10109858RODRIGUESY,2025-09-08,124624,1,2,0,160.0
10109858RODRIGUESY_2025-09-08_G16,10109858RODRIGUESY,2025-09-08,120389,1,4,0,89.0
10109858RODRIGUESY_2025-09-08_G17,10109858RODRIGUESY,2025-09-08,124370,1,12,0,529.0
10109858RODRIGUESY_2025-09-08_G18,10109858RODRIGUESY,2025-09-08,124370,1,12,0,109.0
10109858RODRIGUESY_2025-09-08_G19,10109858RODRIGUESY,2025-09-08,122962,1,1,0,254.0
10109858RODRIGUESY_2025-09-08_G20,10109858RODRIGUESY,2025-09-08,124247,1,6,0,81.0
10109858RODRIGUESY_2025-09-08_G21,10109858RODRIGUESY,2025-09-08,122185,1,8,0,156.0
10109858RODRIGUESY_2025-09-08_G22,10109858RODRIGUESY,2025-09-08,123344,1,4,0,86.0
10109858RODRIGUESY_2025-09-08_G23,10109858RODRIGUESY,2025-09-08,122647,1,26,0,739.0
10109858RODRIGUESY_2025-09-08_G24,10109858RODRIGUESY,2025-09-08,124594,1,2,0,314.0
10109858RODRIGUESY_2025-09-08_G25,10109858RODRIGUESY,2025-09-08,124486,1,9,0,408.0
10109858RODRIGUESY_2025-09-08_G26,10109858RODRIGUESY,2025-09-08,121760,1,20,0,407.0
10109858RODRIGUESY_2025-09-08_G27,10109858RODRIGUESY,2025-09-08,124370,1,4,0,127.0
10109858RODRIGUESY_2025-09-08_G28,10109858RODRIGUESY,2025-09-08,124371,1,3,0,237.0
10109858RODRIGUESY_2025-09-08_G29,10109858RODRIGUESY,2025-09-08,124371,1,17,0,326.0
10109858RODRIGUESY_2025-09-08_G30,10109858RODRIGUESY,2025-09-08,124486,1,4,0,461.0
10109858RODRIGUESY_2025-09-08_G31,10109858RODRIGUESY,2025-09-08,122984,1,4,0,141.0
10109858RODRIGUESY_2025-09-08_G32,10109858RODRIGUESY,2025-09-08,122983,1,6,0,136.0
10109858RODRIGUESY_2025-09-08_G33,10109858RODRIGUESY,2025-09-08,122984,2,15,24,237.0
10109858RODRIGUESY_2025-09-08_G34,10109858RODRIGUESY,2025-09-08,121651,1,20,0,941.0
10109858RODRIGUESY_2025-09-08_G35,10109858RODRIGUESY,2025-09-08,123344,1,5,0,208.0
10109858RODRIGUESY_2025-09-08_G36,10109858RODRIGUESY,2025-09-08,124486,1,50,0,636.0
10109858RODRIGUESY_2025-09-08_G37,10109858RODRIGUESY,2025-09-08,122962,1,40,0,257.0
10109858RODRIGUESY_2025-09-08_G38,10109858RODRIGUESY,2025-09-08,123561,1,2,0,587.0
10109858RODRIGUESY_2025-09-08_G40,10109858RODRIGUESY,2025-09-08,124486,1,40,0,1208.0
10109858RODRIGUESY_2025-09-08_G41,10109858RODRIGUESY,2025-09-08,122962,1,20,0,684.0
10109858RODRIGUESY_2025-09-08_G42,10109858RODRIGUESY,2025-09-08,122647,1,12,0,321.0
10109858RODRIGUESY_2025-09-08_G43,10109858RODRIGUESY,2025-09-08,120028,1,30,0,1546.0
10109858RODRIGUESY_2025-09-08_G44,10109858RODRIGUESY,2025-09-08,122703,2,97,12,330.0
10109858RODRIGUESY_2025-09-08_G45,10109858RODRIGUESY,2025-09-08,124486,1,24,0,1478.0
10109858RODRIGUESY_2025-09-08_G46,10109858RODRIGUESY,2025-09-08,122962,1,24,0,211.0
10109858RODRIGUESY_2025-09-10_G02,10109858RODRIGUESY,2025-09-10,124248,1,163,0,2501.0
10109858RODRIGUESY_2025-09-10_G03,10109858RODRIGUESY,2025-09-10,124371,1,52,0,1585.0
10109858RODRIGUESY_2025-09-10_G05,10109858RODRIGUESY,2025-09-10,124247,1,4,0,155.0
10109858RODRIGUESY_2025-09-10_G06,10109858RODRIGUESY,2025-09-10,121923,1,2,0,175.0
10109858RODRIGUESY_2025-09-10_G07,10109858RODRIGUESY,2025-09-10,181056,1,2,0,518.0
10109858RODRIGUESY_2025-09-10_G08,10109858RODRIGUESY,2025-09-10,181280,1,2,0,608.0
10109858RODRIGUESY_2025-09-10_G09,10109858RODRIGUESY,2025-09-10,122986,1,12,0,1226.0
10109858RODRIGUESY_2025-09-10_G10,10109858RODRIGUESY,2025-09-10,122962,1,10,0,257.0
10109858RODRIGUESY_2025-09-10_G11,10109858RODRIGUESY,2025-09-10,124486,1,25,0,513.0
10109858RODRIGUESY_2025-09-10_G12,10109858RODRIGUESY,2025-09-10,120339,1,8,0,198.0
10109858RODRIGUESY_2025-09-10_G13,10109858RODRIGUESY,2025-09-10,120271,1,7,0,443.0
10109858RODRIGUESY_2025-09-10_G14,10109858RODRIGUESY,2025-09-10,120272,1,16,0,921.0
10109858RODRIGUESY_2025-09-10_G15,10109858RODRIGUESY,2025-09-10,124548,1,12,0,451.0
10109858RODRIGUESY_2025-09-10_G16,10109858RODRIGUESY,2025-09-10,181056,1,4,0,229.0
10109858RODRIGUESY_2025-09-10_G17,10109858RODRIGUESY,2025-09-10,123521,1,5,0,1630.0
10109858RODRIGUESY_2025-09-10_G18,10109858RODRIGUESY,2025-09-10,124476,1,8,0,127.0
10109858RODRIGUESY_2025-09-10_G20,10109858RODRIGUESY,2025-09-10,122185,1,4,0,168.0
10109858RODRIGUESY_2025-09-10_G21,10109858RODRIGUESY,2025-09-10,120028,1,1,0,130.0
10109858RODRIGUESY_2025-09-10_G22,10109858RODRIGUESY,2025-09-10,124371,1,6,0,134.0
10109858RODRIGUESY_2025-09-10_G23,10109858RODRIGUESY,2025-09-10,122984,1,12,0,480.0
10109858RODRIGUESY_2025-09-10_G24,10109858RODRIGUESY,2025-09-10,122962,1,4,0,81.0
10109858RODRIGUESY_2025-09-10_G25,10109858RODRIGUESY,2025-09-10,121760,1,16,0,401.0
10109858RODRIGUESY_2025-09-10_G26,10109858RODRIGUESY,2025-09-10,124370,1,8,0,143.0
10109858RODRIGUESY_2025-09-10_G27,10109858RODRIGUESY,2025-09-10,121651,1,6,0,160.0
10109858RODRIGUESY_2025-09-10_G28,10109858RODRIGUESY,2025-09-10,123344,1,6,0,92.0
10109858RODRIGUESY_2025-09-11_G02,10109858RODRIGUESY,2025-09-11,120028,1,12,0,144.0
10109858RODRIGUESY_2025-09-11_G03,10109858RODRIGUESY,2025-09-11,120389,1,30,0,624.0
10109858RODRIGUESY_2025-09-11_G04,10109858RODRIGUESY,2025-09-11,122967,1,24,0,219.0
10109858RODRIGUESY_2025-09-11_G05,10109858RODRIGUESY,2025-09-11,122189,1,6,0,177.0
10109858RODRIGUESY_2025-09-11_G06,10109858RODRIGUESY,2025-09-11,121651,1,3,0,268.0
10109858RODRIGUESY_2025-09-11_G07,10109858RODRIGUESY,2025-09-11,122671,1,20,0,1093.0
10109858RODRIGUESY_2025-09-11_G08,10109858RODRIGUESY,2025-09-11,122185,1,2,0,234.0
10109858RODRIGUESY_2025-09-11_G09,10109858RODRIGUESY,2025-09-11,122962,1,100,0,805.0
10109858RODRIGUESY_2025-09-11_G10,10109858RODRIGUESY,2025-09-11,124486,1,6,0,162.0
10109858RODRIGUESY_2025-09-11_G11,10109858RODRIGUESY,2025-09-11,122962,1,4,0,32.0
10109858RODRIGUESY_2025-09-11_G12,10109858RODRIGUESY,2025-09-11,120008,1,2,0,110.0
10109858RODRIGUESY_2025-09-11_G13,10109858RODRIGUESY,2025-09-11,122962,1,24,0,238.0
10109858RODRIGUESY_2025-09-11_G14,10109858RODRIGUESY,2025-09-11,122962,1,60,0,1340.0
10109858RODRIGUESY_2025-09-11_G15,10109858RODRIGUESY,2025-09-11,123343,1,4,0,269.0
10109858RODRIGUESY_2025-09-11_G16,10109858RODRIGUESY,2025-09-11,123345,1,30,0,3359.0
10109858RODRIGUESY_2025-09-11_G17,10109858RODRIGUESY,2025-09-11,122968,1,30,0,1630.0
10109858RODRIGUESY_2025-09-11_G18,10109858RODRIGUESY,2025-09-11,124486,1,90,0,253.0
10109858RODRIGUESY_2025-09-11_G19,10109858RODRIGUESY,2025-09-11,122983,1,50,0,1087.0
10109858RODRIGUESY_2025-09-11_G20,10109858RODRIGUESY,2025-09-11,124548,1,40,0,650.0
10109858RODRIGUESY_2025-09-11_G22,10109858RODRIGUESY,2025-09-11,122984,1,4,0,546.0
10109858RODRIGUESY_2025-09-11_G23,10109858RODRIGUESY,2025-09-11,124486,1,2,0,109.0
10109858RODRIGUESY_2025-09-11_G24,10109858RODRIGUESY,2025-09-11,124370,1,4,0,38.0
10109858RODRIGUESY_2025-09-11_G25,10109858RODRIGUESY,2025-09-11,120272,1,2,0,65.0
10109858RODRIGUESY_2025-09-11_G26,10109858RODRIGUESY,2025-09-11,122671,1,20,0,155.0
10109858RODRIGUESY_2025-09-12_G02,10109858RODRIGUESY,2025-09-12,121760,1,20,0,1142.0
10109858RODRIGUESY_2025-09-12_G03,10109858RODRIGUESY,2025-09-12,124486,1,12,0,175.0
10109858RODRIGUESY_2025-09-12_G04,10109858RODRIGUESY,2025-09-12,122962,1,24,0,471.0
10109858RODRIGUESY_2025-09-12_G05,10109858RODRIGUESY,2025-09-12,124370,1,60,0,1476.0
10109858RODRIGUESY_2025-09-12_G06,10109858RODRIGUESY,2025-09-12,123344,1,8,0,345.0
10109858RODRIGUESY_2025-09-12_G07,10109858RODRIGUESY,2025-09-12,124476,1,2,0,413.0
10109858RODRIGUESY_2025-09-12_G08,10109858RODRIGUESY,2025-09-12,122185,1,40,0,1683.0
10109858RODRIGUESY_2025-09-12_G09,10109858RODRIGUESY,2025-09-12,122981,1,16,0,1093.0
10109858RODRIGUESY_2025-09-12_G10,10109858RODRIGUESY,2025-09-12,120339,1,10,0,166.0
10109858RODRIGUESY_2025-09-12_G11,10109858RODRIGUESY,2025-09-12,120339,1,6,0,280.0
10109858RODRIGUESY_2025-09-12_G12,10109858RODRIGUESY,2025-09-12,124624,1,32,0,359.0
10109858RODRIGUESY_2025-09-12_G13,10109858RODRIGUESY,2025-09-12,124624,1,10,0,242.0
10109858RODRIGUESY_2025-09-12_G14,10109858RODRIGUESY,2025-09-12,124624,1,2,0,57.0
10109858RODRIGUESY_2025-09-12_G15,10109858RODRIGUESY,2025-09-12,121760,1,4,0,33.0
10109858RODRIGUESY_2025-09-12_G16,10109858RODRIGUESY,2025-09-12,122185,1,12,0,241.0
10109858RODRIGUESY_2025-09-12_G17,10109858RODRIGUESY,2025-09-12,123344,1,8,0,308.0
10109858RODRIGUESY_2025-09-12_G18,10109858RODRIGUESY,2025-09-12,122983,1,20,0,308.0
10109858RODRIGUESY_2025-09-12_G19,10109858RODRIGUESY,2025-09-12,122983,2,10,14,35.0
10109858RODRIGUESY_2025-09-12_G20,10109858RODRIGUESY,2025-09-12,122981,1,6,0,693.0
10109858RODRIGUESY_2025-09-12_G21,10109858RODRIGUESY,2025-09-12,123313,2,16,21,338.0
10109858RODRIGUESY_2025-09-12_G22,10109858RODRIGUESY,2025-09-12,120339,3,14,17,48.0
10109858RODRIGUESY_2025-09-12_G23,10109858RODRIGUESY,2025-09-12,123561,2,8,26,355.0
10109858RODRIGUESY_2025-09-12_G24,10109858RODRIGUESY,2025-09-12,123345,1,2,0,188.0
10109858RODRIGUESY_2025-09-12_G25,10109858RODRIGUESY,2025-09-12,120389,1,20,0,227.0
10109858RODRIGUESY_2025-09-12_G26,10109858RODRIGUESY,2025-09-12,122962,1,30,0,276.0
10109858RODRIGUESY_2025-09-12_G27,10109858RODRIGUESY,2025-09-12,123822,1,24,0,250.0
10109858RODRIGUESY_2025-09-12_G28,10109858RODRIGUESY,2025-09-12,123909,1,5,0,751.0
10109858RODRIGUESY_2025-09-12_G29,10109858RODRIGUESY,2025-09-12,124371,1,21,0,208.0
10109858RODRIGUESY_2025-09-12_G30,10109858RODRIGUESY,2025-09-12,124371,1,3,0,35.0
10109858RODRIGUESY_2025-09-12_G31,10109858RODRIGUESY,2025-09-12,124476,1,4,0,178.0
10109858RODRIGUESY_2025-09-12_G32,10109858RODRIGUESY,2025-09-12,"124486, 122962",2,35,20,529.0
10109858RODRIGUESY_2025-09-12_G33,10109858RODRIGUESY,2025-09-12,123344,1,18,0,391.0
10109858RODRIGUESY_2025-09-12_G34,10109858RODRIGUESY,2025-09-12,124486,1,5,0,238.0
10109858RODRIGUESY_2025-09-12_G35,10109858RODRIGUESY,2025-09-12,123343,1,3,0,151.0
10109858RODRIGUESY_2025-09-12_G36,10109858RODRIGUESY,2025-09-12,124371,1,2,0,60.0
10109858RODRIGUESY_2025-09-12_G37,10109858RODRIGUESY,2025-09-12,122703,1,2,0,32.0
10109858RODRIGUESY_2025-09-12_G38,10109858RODRIGUESY,2025-09-12,122984,1,5,0,80.0
10109858RODRIGUESY_2025-09-12_G39,10109858RODRIGUESY,2025-09-12,123345,1,19,0,202.0
10109858RODRIGUESY_2025-09-12_G40,10109858RODRIGUESY,2025-09-12,124248,1,8,0,212.0
10109858RODRIGUESY_2025-09-12_G41,10109858RODRIGUESY,2025-09-12,121651,1,8,0,71.0
10109858RODRIGUESY_2025-09-12_G42,10109858RODRIGUESY,2025-09-12,122984,2,8,7,59.0
10109858RODRIGUESY_2025-09-12_G43,10109858RODRIGUESY,2025-09-12,"121760, 122703",2,12,25,65.0
10109858RODRIGUESY_2025-09-12_G44,10109858RODRIGUESY,2025-09-12,"124370, 123344",2,11,24,155.0
10109858RODRIGUESY_2025-09-12_G46,10109858RODRIGUESY,2025-09-12,123909,1,20,0,197.0
10109858RODRIGUESY_2025-09-12_G47,10109858RODRIGUESY,2025-09-12,121651,1,23,0,460.0
10109858RODRIGUESY_2025-09-13_G02,10109858RODRIGUESY,2025-09-13,123345,1,20,0,448.0
10109858RODRIGUESY_2025-09-13_G03,10109858RODRIGUESY,2025-09-13,123343,1,7,0,75.0
10109858RODRIGUESY_2025-09-13_G04,10109858RODRIGUESY,2025-09-13,120339,1,4,0,85.0
10109858RODRIGUESY_2025-09-13_G05,10109858RODRIGUESY,2025-09-13,124371,1,10,0,164.0
10109858RODRIGUESY_2025-09-13_G06,10109858RODRIGUESY,2025-09-13,121651,1,105,0,805.0
10109858RODRIGUESY_2025-09-13_G07,10109858RODRIGUESY,2025-09-13,121760,1,10,0,652.0
10109858RODRIGUESY_2025-09-13_G08,10109858RODRIGUESY,2025-09-13,124486,1,20,0,153.0
10109858RODRIGUESY_2025-09-13_G09,10109858RODRIGUESY,2025-09-13,122962,1,70,0,644.0
10109858RODRIGUESY_2025-09-13_G10,10109858RODRIGUESY,2025-09-13,123909,1,6,0,291.0
10109858RODRIGUESY_2025-09-13_G11,10109858RODRIGUESY,2025-09-13,123344,1,12,0,61.0
10109858RODRIGUESY_2025-09-13_G12,10109858RODRIGUESY,2025-09-13,124370,1,12,0,636.0
10109858RODRIGUESY_2025-09-13_G13,10109858RODRIGUESY,2025-09-13,124248,2,50,21,61.0
10109858RODRIGUESY_2025-09-13_G14,10109858RODRIGUESY,2025-09-13,123153,1,36,0,783.0
10109858RODRIGUESY_2025-09-13_G15,10109858RODRIGUESY,2025-09-13,121651,1,110,0,734.0
10109858RODRIGUESY_2025-09-13_G16,10109858RODRIGUESY,2025-09-13,121760,1,41,0,610.0
10109858RODRIGUESY_2025-09-13_G17,10109858RODRIGUESY,2025-09-13,121760,1,43,0,706.0
10109858RODRIGUESY_2025-09-13_G18,10109858RODRIGUESY,2025-09-13,123345,1,12,0,402.0
10109858RODRIGUESY_2025-09-13_G19,10109858RODRIGUESY,2025-09-13,123345,1,10,0,2021.0
10109858RODRIGUESY_2025-09-13_G20,10109858RODRIGUESY,2025-09-13,121651,1,4,0,154.0
10109858RODRIGUESY_2025-09-13_G21,10109858RODRIGUESY,2025-09-13,124486,1,4,0,77.0
10109858RODRIGUESY_2025-09-13_G22,10109858RODRIGUESY,2025-09-13,122962,1,7,0,63.0
10109858RODRIGUESY_2025-09-13_G23,10109858RODRIGUESY,2025-09-13,124548,1,10,0,497.0
10109858RODRIGUESY_2025-09-13_G24,10109858RODRIGUESY,2025-09-13,121760,1,2,0,98.0
10109858RODRIGUESY_2025-09-13_G25,10109858RODRIGUESY,2025-09-13,124486,1,10,0,245.0
10109858RODRIGUESY_2025-09-13_G26,10109858RODRIGUESY,2025-09-13,124486,1,10,0,158.0
10109858RODRIGUESY_2025-09-13_G27,10109858RODRIGUESY,2025-09-13,122962,1,16,0,132.0
10109858RODRIGUESY_2025-09-13_G28,10109858RODRIGUESY,2025-09-13,124433,1,8,0,541.0
10109858RODRIGUESY_2025-09-13_G29,10109858RODRIGUESY,2025-09-13,124486,1,7,0,209.0
10109858RODRIGUESY_2025-09-13_G30,10109858RODRIGUESY,2025-09-13,122984,1,4,0,129.0
10109858RODRIGUESY_2025-09-13_G31,10109858RODRIGUESY,2025-09-13,122647,1,20,0,723.0
10109858RODRIGUESY_2025-09-13_G32,10109858RODRIGUESY,2025-09-13,121760,1,5,0,309.0
10109858RODRIGUESY_2025-09-15_G02,10109858RODRIGUESY,2025-09-15,122962,1,100,0,1133.0
10109858RODRIGUESY_2025-09-15_G03,10109858RODRIGUESY,2025-09-15,124247,1,50,0,1095.0
10109858RODRIGUESY_2025-09-15_G04,10109858RODRIGUESY,2025-09-15,123344,1,50,0,376.0
10109858RODRIGUESY_2025-09-15_G05,10109858RODRIGUESY,2025-09-15,122195,1,50,0,836.0
10109858RODRIGUESY_2025-09-15_G06,10109858RODRIGUESY,2025-09-15,124370,1,2,0,2281.0
10109858RODRIGUESY_2025-09-15_G07,10109858RODRIGUESY,2025-09-15,121760,1,5,0,45.0
10109858RODRIGUESY_2025-09-15_G08,10109858RODRIGUESY,2025-09-15,121651,1,10,0,449.0
10109858RODRIGUESY_2025-09-15_G09,10109858RODRIGUESY,2025-09-15,124371,1,10,0,555.0
10109858RODRIGUESY_2025-09-15_G10,10109858RODRIGUESY,2025-09-15,123153,1,10,0,108.0
10109858RODRIGUESY_2025-09-15_G11,10109858RODRIGUESY,2025-09-15,123345,1,13,0,303.0
10109858RODRIGUESY_2025-09-15_G12,10109858RODRIGUESY,2025-09-15,121651,1,4,0,1121.0
10109858RODRIGUESY_2025-09-15_G13,10109858RODRIGUESY,2025-09-15,123909,2,7,13,889.0
10109858RODRIGUESY_2025-09-15_G14,10109858RODRIGUESY,2025-09-15,123909,3,22,42,42.0
10109858RODRIGUESY_2025-09-15_G15,10109858RODRIGUESY,2025-09-15,123909,1,16,0,76.0
10109858RODRIGUESY_2025-09-15_G16,10109858RODRIGUESY,2025-09-15,124486,1,45,0,1836.0
10109858RODRIGUESY_2025-09-15_G17,10109858RODRIGUESY,2025-09-15,123345,1,20,0,697.0
10109858RODRIGUESY_2025-09-15_G18,10109858RODRIGUESY,2025-09-15,123889,1,4,0,237.0
10109858RODRIGUESY_2025-09-15_G19,10109858RODRIGUESY,2025-09-15,123909,1,20,0,1143.0
10109858RODRIGUESY_2025-09-15_G21,10109858RODRIGUESY,2025-09-15,123345,2,14,17,283.0
10109858RODRIGUESY_2025-09-15_G22,10109858RODRIGUESY,2025-09-15,120008,1,4,0,800.0
10109858RODRIGUESY_2025-09-15_G23,10109858RODRIGUESY,2025-09-15,123521,1,2,0,1345.0
10109858RODRIGUESY_2025-09-15_G24,10109858RODRIGUESY,2025-09-15,124248,1,12,0,73.0
10109858RODRIGUESY_2025-09-15_G25,10109858RODRIGUESY,2025-09-15,121760,1,4,0,91.0
10109858RODRIGUESY_2025-09-15_G26,10109858RODRIGUESY,2025-09-15,122703,1,2,0,306.0
10109858RODRIGUESY_2025-09-15_G27,10109858RODRIGUESY,2025-09-15,122984,1,2,0,91.0
10109858RODRIGUESY_2025-09-15_G28,10109858RODRIGUESY,2025-09-15,124476,1,4,0,92.0
10109858RODRIGUESY_2025-09-15_G29,10109858RODRIGUESY,2025-09-15,124486,1,21,0,226.0
10109858RODRIGUESY_2025-09-15_G30,10109858RODRIGUESY,2025-09-15,122983,1,52,0,648.0
10109858RODRIGUESY_2025-09-17_G02,10109858RODRIGUESY,2025-09-17,124486,1,2,0,71.0
10109858RODRIGUESY_2025-09-17_G03,10109858RODRIGUESY,2025-09-17,124511,1,40,0,793.0
10109858RODRIGUESY_2025-09-17_G04,10109858RODRIGUESY,2025-09-17,123909,1,15,0,222.0
10109858RODRIGUESY_2025-09-17_G05,10109858RODRIGUESY,2025-09-17,124371,1,6,0,171.0
10109858RODRIGUESY_2025-09-17_G06,10109858RODRIGUESY,2025-09-17,124476,1,4,0,68.0
10109858RODRIGUESY_2025-09-17_G07,10109858RODRIGUESY,2025-09-17,122673,1,3,0,66.0
10109858RODRIGUESY_2025-09-17_G08,10109858RODRIGUESY,2025-09-17,121651,1,9,0,151.0
10109858RODRIGUESY_2025-09-17_G09,10109858RODRIGUESY,2025-09-17,122984,1,21,0,410.0
10109858RODRIGUESY_2025-09-17_G10,10109858RODRIGUESY,2025-09-17,122962,1,34,0,439.0
10109858RODRIGUESY_2025-09-17_G11,10109858RODRIGUESY,2025-09-17,123345,1,11,0,534.0
10109858RODRIGUESY_2025-09-17_G12,10109858RODRIGUESY,2025-09-17,124594,1,10,0,545.0
10109858RODRIGUESY_2025-09-18_G02,10109858RODRIGUESY,2025-09-18,120339,1,6,0,57.0
10109858RODRIGUESY_2025-09-18_G03,10109858RODRIGUESY,2025-09-18,124624,1,8,0,235.0
10109858RODRIGUESY_2025-09-18_G04,10109858RODRIGUESY,2025-09-18,122962,1,6,0,160.0
10109858RODRIGUESY_2025-09-18_G05,10109858RODRIGUESY,2025-09-18,122984,1,12,0,197.0
10109858RODRIGUESY_2025-09-18_G06,10109858RODRIGUESY,2025-09-18,123344,2,14,14,239.0
10109858RODRIGUESY_2025-09-18_G07,10109858RODRIGUESY,2025-09-18,124475,1,14,0,1336.0
10109858RODRIGUESY_2025-09-18_G08,10109858RODRIGUESY,2025-09-18,120028,1,4,0,1206.0
10109858RODRIGUESY_2025-09-18_G09,10109858RODRIGUESY,2025-09-18,122967,1,16,0,484.0
10109858RODRIGUESY_2025-09-18_G11,10109858RODRIGUESY,2025-09-18,122983,1,4,0,80.0
10109858RODRIGUESY_2025-09-18_G12,10109858RODRIGUESY,2025-09-18,122983,2,38,17,829.0
10109858RODRIGUESY_2025-09-18_G13,10109858RODRIGUESY,2025-09-18,123521,1,6,0,495.0
10109858RODRIGUESY_2025-09-18_G15,10109858RODRIGUESY,2025-09-18,120339,1,6,0,203.0
10109858RODRIGUESY_2025-09-18_G16,10109858RODRIGUESY,2025-09-18,122983,3,26,21,346.0
10109858RODRIGUESY_2025-09-18_G17,10109858RODRIGUESY,2025-09-18,123560,1,6,0,480.0
10109858RODRIGUESY_2025-09-18_G18,10109858RODRIGUESY,2025-09-18,122983,1,20,0,296.0
10109858RODRIGUESY_2025-09-18_G19,10109858RODRIGUESY,2025-09-18,122983,1,12,0,121.0
10109858RODRIGUESY_2025-09-18_G20,10109858RODRIGUESY,2025-09-18,124594,2,8,12,250.0
10109858RODRIGUESY_2025-09-18_G21,10109858RODRIGUESY,2025-09-18,120339,1,4,0,501.0
10109858RODRIGUESY_2025-09-18_G22,10109858RODRIGUESY,2025-09-18,122984,1,8,0,297.0
10109858RODRIGUESY_2025-09-18_G23,10109858RODRIGUESY,2025-09-18,120339,4,16,36,37.0
10109858RODRIGUESY_2025-09-18_G24,10109858RODRIGUESY,2025-09-18,123344,1,10,0,775.0
10109858RODRIGUESY_2025-09-18_G25,10109858RODRIGUESY,2025-09-18,123909,1,24,0,2031.0
10109858RODRIGUESY_2025-09-18_G26,10109858RODRIGUESY,2025-09-18,122962,1,16,0,429.0
10109858RODRIGUESY_2025-09-18_G27,10109858RODRIGUESY,2025-09-18,124486,1,20,0,249.0
10109858RODRIGUESY_2025-09-18_G28,10109858RODRIGUESY,2025-09-18,120008,1,10,0,117.0
10109858RODRIGUESY_2025-09-19_G02,10109858RODRIGUESY,2025-09-19,124624,1,12,0,296.0
10109858RODRIGUESY_2025-09-19_G03,10109858RODRIGUESY,2025-09-19,122647,1,12,0,384.0
10109858RODRIGUESY_2025-09-19_G04,10109858RODRIGUESY,2025-09-19,120028,1,12,0,137.0
10109858RODRIGUESY_2025-09-19_G05,10109858RODRIGUESY,2025-09-19,122673,1,12,0,350.0
10109858RODRIGUESY_2025-09-19_G06,10109858RODRIGUESY,2025-09-19,120389,1,6,0,391.0
10109858RODRIGUESY_2025-09-19_G07,10109858RODRIGUESY,2025-09-19,123343,1,12,0,437.0
10109858RODRIGUESY_2025-09-19_G08,10109858RODRIGUESY,2025-09-19,122967,1,20,0,429.0
10109858RODRIGUESY_2025-09-19_G09,10109858RODRIGUESY,2025-09-19,122962,1,9,0,447.0
10109858RODRIGUESY_2025-09-19_G10,10109858RODRIGUESY,2025-09-19,120028,1,12,0,313.0
10109858RODRIGUESY_2025-09-19_G11,10109858RODRIGUESY,2025-09-19,124486,1,20,0,385.0
10109858RODRIGUESY_2025-09-19_G12,10109858RODRIGUESY,2025-09-19,123153,1,20,0,137.0
10109858RODRIGUESY_2025-09-19_G13,10109858RODRIGUESY,2025-09-19,124475,1,12,0,453.0
10109858RODRIGUESY_2025-09-19_G14,10109858RODRIGUESY,2025-09-19,181056,1,2,0,213.0
10109858RODRIGUESY_2025-09-19_G15,10109858RODRIGUESY,2025-09-19,181056,1,2,0,48.0
10109858RODRIGUESY_2025-09-19_G17,10109858RODRIGUESY,2025-09-19,120028,1,24,0,960.0
10109858RODRIGUESY_2025-09-19_G18,10109858RODRIGUESY,2025-09-19,124486,1,30,0,279.0
10109858RODRIGUESY_2025-09-19_G19,10109858RODRIGUESY,2025-09-19,120028,1,10,0,93.0
10109858RODRIGUESY_2025-09-19_G20,10109858RODRIGUESY,2025-09-19,120008,1,50,0,487.0
10109858RODRIGUESY_2025-09-19_G21,10109858RODRIGUESY,2025-09-19,124370,1,71,0,905.0
10109858RODRIGUESY_2025-09-19_G22,10109858RODRIGUESY,2025-09-19,124371,1,32,0,1571.0
10109858RODRIGUESY_2025-09-19_G23,10109858RODRIGUESY,2025-09-19,122962,1,16,0,625.0
10109858RODRIGUESY_2025-09-19_G24,10109858RODRIGUESY,2025-09-19,122185,1,4,0,504.0
10109858RODRIGUESY_2025-09-19_G25,10109858RODRIGUESY,2025-09-19,123343,1,4,0,47.0
10109858RODRIGUESY_2025-09-23_G02,10109858RODRIGUESY,2025-09-23,120389,1,20,0,697.0
10109858RODRIGUESY_2025-09-23_G03,10109858RODRIGUESY,2025-09-23,120028,1,8,0,254.0
10109858RODRIGUESY_2025-09-23_G04,10109858RODRIGUESY,2025-09-23,123345,1,12,0,544.0
10109858RODRIGUESY_2025-09-23_G05,10109858RODRIGUESY,2025-09-23,120339,1,12,0,714.0
10109858RODRIGUESY_2025-09-23_G06,10109858RODRIGUESY,2025-09-23,122703,1,4,0,74.0
10109858RODRIGUESY_2025-09-23_G07,10109858RODRIGUESY,2025-09-23,124371,1,8,0,447.0
10109858RODRIGUESY_2025-09-23_G09,10109858RODRIGUESY,2025-09-23,120271,1,1,0,95.0
10109858RODRIGUESY_2025-09-24_G02,10109858RODRIGUESY,2025-09-24,123343,1,18,0,73.0
10109858RODRIGUESY_2025-09-24_G03,10109858RODRIGUESY,2025-09-24,123345,1,1,0,147.0
10109858RODRIGUESY_2025-09-24_G04,10109858RODRIGUESY,2025-09-24,122673,1,4,0,85.0
10109858RODRIGUESY_2025-09-24_G05,10109858RODRIGUESY,2025-09-24,122647,1,2,0,126.0
10109858RODRIGUESY_2025-09-24_G06,10109858RODRIGUESY,2025-09-24,124624,1,50,0,926.0
10109858RODRIGUESY_2025-09-24_G07,10109858RODRIGUESY,2025-09-24,122962,1,40,0,349.0
10109858RODRIGUESY_2025-09-24_G08,10109858RODRIGUESY,2025-09-24,124486,1,30,0,469.0
10109858RODRIGUESY_2025-09-24_G09,10109858RODRIGUESY,2025-09-24,124247,1,60,0,1458.0
10109858RODRIGUESY_2025-09-24_G10,10109858RODRIGUESY,2025-09-24,123345,1,50,0,952.0
10109858RODRIGUESY_2025-09-24_G11,10109858RODRIGUESY,2025-09-24,122185,1,10,0,2732.0
10109858RODRIGUESY_2025-09-24_G12,10109858RODRIGUESY,2025-09-24,122962,1,80,0,83.0
10109858RODRIGUESY_2025-09-24_G13,10109858RODRIGUESY,2025-09-24,122647,1,60,0,3094.0
10109858RODRIGUESY_2025-09-24_G14,10109858RODRIGUESY,2025-09-24,122185,1,6,0,158.0
10109858RODRIGUESY_2025-09-24_G15,10109858RODRIGUESY,2025-09-24,124475,1,10,0,136.0
10109858RODRIGUESY_2025-09-24_G16,10109858RODRIGUESY,2025-09-24,122984,1,2,0,60.0
10109858RODRIGUESY_2025-09-24_G17,10109858RODRIGUESY,2025-09-24,122185,1,8,0,125.0
10109858RODRIGUESY_2025-09-24_G18,10109858RODRIGUESY,2025-09-24,122673,1,4,0,160.0
10109858RODRIGUESY_2025-09-24_G19,10109858RODRIGUESY,2025-09-24,122962,1,8,0,128.0
10109858RODRIGUESY_2025-09-24_G20,10109858RODRIGUESY,2025-09-24,124486,1,12,0,132.0
10109858RODRIGUESY_2025-09-24_G21,10109858RODRIGUESY,2025-09-24,123909,1,10,0,185.0
10109858RODRIGUESY_2025-09-24_G22,10109858RODRIGUESY,2025-09-24,124248,1,2,0,73.0
10109858RODRIGUESY_2025-09-24_G23,10109858RODRIGUESY,2025-09-24,122984,3,24,17,95.0
10109858RODRIGUESY_2025-09-24_G24,10109858RODRIGUESY,2025-09-24,120028,1,60,0,779.0
10109858RODRIGUESY_2025-09-24_G25,10109858RODRIGUESY,2025-09-24,122671,1,8,0,1620.0
10109858RODRIGUESY_2025-09-24_G27,10109858RODRIGUESY,2025-09-24,120028,1,20,0,206.0
10109858RODRIGUESY_2025-09-24_G28,10109858RODRIGUESY,2025-09-24,122962,1,32,0,618.0
10109858RODRIGUESY_2025-09-24_G29,10109858RODRIGUESY,2025-09-24,122962,1,8,0,175.0
10109858RODRIGUESY_2025-09-24_G30,10109858RODRIGUESY,2025-09-24,122962,1,4,0,100.0
10109858RODRIGUESY_2025-09-24_G31,10109858RODRIGUESY,2025-09-24,181235,1,2,0,566.0
10109858RODRIGUESY_2025-09-24_G32,10109858RODRIGUESY,2025-09-24,124248,1,6,0,1761.0
10109858RODRIGUESY_2025-09-24_G33,10109858RODRIGUESY,2025-09-24,122185,1,2,0,147.0
10109858RODRIGUESY_2025-09-24_G34,10109858RODRIGUESY,2025-09-24,124370,1,12,0,92.0
10109858RODRIGUESY_2025-09-24_G35,10109858RODRIGUESY,2025-09-24,122671,1,64,0,690.0
10109858RODRIGUESY_2025-09-25_G02,10109858RODRIGUESY,2025-09-25,123080,1,1,0,3306.0
10109858RODRIGUESY_2025-09-25_G03,10109858RODRIGUESY,2025-09-25,123080,1,49,0,288.0
10109858RODRIGUESY_2025-09-25_G04,10109858RODRIGUESY,2025-09-25,122962,1,100,0,366.0
10109858RODRIGUESY_2025-09-25_G05,10109858RODRIGUESY,2025-09-25,122962,1,20,0,71.0
10109858RODRIGUESY_2025-09-25_G06,10109858RODRIGUESY,2025-09-25,122962,1,100,0,364.0
10109858RODRIGUESY_2025-09-25_G07,10109858RODRIGUESY,2025-09-25,180054,1,4,0,2043.0
10109858RODRIGUESY_2025-09-25_G08,10109858RODRIGUESY,2025-09-25,124476,1,2,0,140.0
10109858RODRIGUESY_2025-09-25_G09,10109858RODRIGUESY,2025-09-25,122703,1,12,0,310.0
10109858RODRIGUESY_2025-09-25_G10,10109858RODRIGUESY,2025-09-25,122983,1,14,0,602.0
10109858RODRIGUESY_2025-09-25_G11,10109858RODRIGUESY,2025-09-25,120028,1,50,0,480.0
10109858RODRIGUESY_2025-09-25_G12,10109858RODRIGUESY,2025-09-25,121760,3,18,15,476.0
10109858RODRIGUESY_2025-09-25_G13,10109858RODRIGUESY,2025-09-25,123344,1,2,0,425.0
10109858RODRIGUESY_2025-09-25_G14,10109858RODRIGUESY,2025-09-25,122962,1,30,0,1347.0
10109858RODRIGUESY_2025-09-25_G16,10109858RODRIGUESY,2025-09-25,124486,1,66,0,56.0
10109858RODRIGUESY_2025-09-25_G17,10109858RODRIGUESY,2025-09-25,124548,1,12,0,1055.0
10109858RODRIGUESY_2025-09-25_G18,10109858RODRIGUESY,2025-09-25,124475,1,30,0,665.0
10109858RODRIGUESY_2025-09-25_G19,10109858RODRIGUESY,2025-09-25,123889,1,6,0,1233.0
10109858RODRIGUESY_2025-09-25_G20,10109858RODRIGUESY,2025-09-25,124594,1,14,0,449.0
10109858RODRIGUESY_2025-09-25_G21,10109858RODRIGUESY,2025-09-25,124371,1,40,0,1421.0
10109858RODRIGUESY_2025-09-26_G02,10109858RODRIGUESY,2025-09-26,122982,2,81,12,183.0
10109858RODRIGUESY_2025-09-26_G03,10109858RODRIGUESY,2025-09-26,122982,1,40,0,716.0
10109858RODRIGUESY_2025-09-26_G04,10109858RODRIGUESY,2025-09-26,122962,1,60,0,820.0
10109858RODRIGUESY_2025-09-26_G05,10109858RODRIGUESY,2025-09-26,121760,1,20,0,1631.0
10109858RODRIGUESY_2025-09-26_G06,10109858RODRIGUESY,2025-09-26,121651,1,20,0,1058.0
10109858RODRIGUESY_2025-09-26_G07,10109858RODRIGUESY,2025-09-26,124370,1,12,0,350.0
10109858RODRIGUESY_2025-09-26_G08,10109858RODRIGUESY,2025-09-26,123344,1,20,0,407.0
10109858RODRIGUESY_2025-09-26_G09,10109858RODRIGUESY,2025-09-26,181887,2,16,8,2029.0
10109858RODRIGUESY_2025-09-26_G10,10109858RODRIGUESY,2025-09-26,114647,1,4,0,377.0
10109858RODRIGUESY_2025-09-26_G11,10109858RODRIGUESY,2025-09-26,123909,1,5,0,891.0
10109858RODRIGUESY_2025-09-26_G12,10109858RODRIGUESY,2025-09-26,124475,1,2,0,51.0
10109858RODRIGUESY_2025-09-26_G13,10109858RODRIGUESY,2025-09-26,124371,1,2,0,51.0
10109858RODRIGUESY_2025-09-26_G14,10109858RODRIGUESY,2025-09-26,122185,1,2,0,100.0
10109858RODRIGUESY_2025-09-26_G15,10109858RODRIGUESY,2025-09-26,123313,1,44,0,716.0
10109858RODRIGUESY_2025-09-26_G16,10109858RODRIGUESY,2025-09-26,124624,1,4,0,360.0
10109858RODRIGUESY_2025-09-26_G17,10109858RODRIGUESY,2025-09-26,123344,1,20,0,835.0
10109858RODRIGUESY_2025-09-26_G18,10109858RODRIGUESY,2025-09-26,123313,1,8,0,647.0
10109858RODRIGUESY_2025-09-26_G19,10109858RODRIGUESY,2025-09-26,124264,1,2,0,231.0
10109858RODRIGUESY_2025-09-26_G20,10109858RODRIGUESY,2025-09-26,123153,1,20,0,54.0
10109858RODRIGUESY_2025-09-26_G21,10109858RODRIGUESY,2025-09-26,124248,1,2,0,116.0
10109858RODRIGUESY_2025-09-26_G22,10109858RODRIGUESY,2025-09-26,122962,1,4,0,159.0
10109858RODRIGUESY_2025-09-26_G23,10109858RODRIGUESY,2025-09-26,122982,1,20,0,468.0
10109858RODRIGUESY_2025-09-26_G24,10109858RODRIGUESY,2025-09-26,123153,1,6,0,252.0
10109858RODRIGUESY_2025-09-26_G25,10109858RODRIGUESY,2025-09-26,122982,1,4,0,86.0
10109858RODRIGUESY_2025-09-26_G26,10109858RODRIGUESY,2025-09-26,124624,1,4,0,130.0
10109858RODRIGUESY_2025-09-26_G27,10109858RODRIGUESY,2025-09-26,124486,1,6,0,732.0
10109858RODRIGUESY_2025-09-26_G28,10109858RODRIGUESY,2025-09-26,124548,1,6,0,1315.0
10109858RODRIGUESY_2025-09-26_G29,10109858RODRIGUESY,2025-09-26,124475,1,4,0,125.0
10109858RODRIGUESY_2025-09-26_G31,10109858RODRIGUESY,2025-09-26,122185,1,1,0,80.0
10109858RODRIGUESY_2025-09-26_G32,10109858RODRIGUESY,2025-09-26,124370,1,44,0,698.0
10109858RODRIGUESY_2025-09-26_G33,10109858RODRIGUESY,2025-09-26,122984,2,64,15,1082.0
10109858RODRIGUESY_2025-09-26_G34,10109858RODRIGUESY,2025-09-26,123343,1,4,0,832.0
10109858RODRIGUESY_2025-09-26_G35,10109858RODRIGUESY,2025-09-26,124371,1,26,0,430.0
10109858RODRIGUESY_2025-09-29_G02,10109858RODRIGUESY,2025-09-29,122984,1,23,0,190.0
10109858RODRIGUESY_2025-09-29_G03,10109858RODRIGUESY,2025-09-29,122984,1,9,0,74.0
10109858RODRIGUESY_2025-09-29_G04,10109858RODRIGUESY,2025-09-29,122968,1,1,0,871.0
10109858RODRIGUESY_2025-09-29_G05,10109858RODRIGUESY,2025-09-29,124264,1,1,0,82.0
10109858RODRIGUESY_2025-09-29_G06,10109858RODRIGUESY,2025-09-29,124548,1,1,0,242.0
10109858RODRIGUESY_2025-09-29_G07,10109858RODRIGUESY,2025-09-29,"123909, 121760",2,11,21,196.0
10109858RODRIGUESY_2025-09-29_G08,10109858RODRIGUESY,2025-09-29,122962,1,4,0,262.0
10109858RODRIGUESY_2025-09-29_G09,10109858RODRIGUESY,2025-09-29,124433,1,2,0,495.0
10109858RODRIGUESY_2025-09-29_G10,10109858RODRIGUESY,2025-09-29,124248,1,20,0,1287.0
10109858RODRIGUESY_2025-09-29_G11,10109858RODRIGUESY,2025-09-29,123344,1,6,0,189.0
10109858RODRIGUESY_2025-09-29_G12,10109858RODRIGUESY,2025-09-29,122962,1,32,0,817.0
10109858RODRIGUESY_2025-09-29_G13,10109858RODRIGUESY,2025-09-29,124486,1,40,0,1825.0
10109858RODRIGUESY_2025-09-29_G14,10109858RODRIGUESY,2025-09-29,124248,1,30,0,89.0
10109858RODRIGUESY_2025-09-29_G15,10109858RODRIGUESY,2025-09-29,122962,1,40,0,1533.0
10109858RODRIGUESY_2025-09-29_G16,10109858RODRIGUESY,2025-09-29,123080,1,4,0,118.0
10109858RODRIGUESY_2025-09-29_G17,10109858RODRIGUESY,2025-09-29,122647,1,16,0,793.0
10109858RODRIGUESY_2025-09-29_G18,10109858RODRIGUESY,2025-09-29,122962,1,16,0,438.0
10109858RODRIGUESY_2025-09-29_G19,10109858RODRIGUESY,2025-09-29,120028,1,50,0,1195.0
10109858RODRIGUESY_2025-09-29_G21,10109858RODRIGUESY,2025-09-29,122962,1,12,0,221.0
10109858RODRIGUESY_2025-09-29_G22,10109858RODRIGUESY,2025-09-29,120028,1,10,0,549.0
10109858RODRIGUESY_2025-09-29_G23,10109858RODRIGUESY,2025-09-29,124486,1,3,0,748.0
10109858RODRIGUESY_2025-09-29_G24,10109858RODRIGUESY,2025-09-29,122984,1,2,0,75.0
10109858RODRIGUESY_2025-09-29_G25,10109858RODRIGUESY,2025-09-29,123345,1,8,0,331.0
10109858RODRIGUESY_2025-09-29_G26,10109858RODRIGUESY,2025-09-29,"123822, 122962",2,55,28,826.0
10109858RODRIGUESY_2025-09-30_G02,10109858RODRIGUESY,2025-09-30,120008,1,110,0,1774.0
10109858RODRIGUESY_2025-09-30_G04,10109858RODRIGUESY,2025-09-30,123561,1,4,0,1408.0
10109858RODRIGUESY_2025-09-30_G05,10109858RODRIGUESY,2025-09-30,123344,1,4,0,208.0
10109858RODRIGUESY_2025-09-30_G06,10109858RODRIGUESY,2025-09-30,124248,1,3,0,121.0
10109858RODRIGUESY_2025-09-30_G07,10109858RODRIGUESY,2025-09-30,123889,1,14,0,217.0
10109858RODRIGUESY_2025-09-30_G08,10109858RODRIGUESY,2025-09-30,121651,1,8,0,554.0
10109858RODRIGUESY_2025-09-30_G09,10109858RODRIGUESY,2025-09-30,181887,1,5,0,270.0
10109858RODRIGUESY_2025-09-30_G10,10109858RODRIGUESY,2025-09-30,124477,1,8,0,356.0
10109858RODRIGUESY_2025-09-30_G11,10109858RODRIGUESY,2025-09-30,124370,2,7,7,941.0
10109858RODRIGUESY_2025-09-30_G12,10109858RODRIGUESY,2025-09-30,122671,1,6,0,346.0
10109858RODRIGUESY_2025-09-30_G13,10109858RODRIGUESY,2025-09-30,123909,1,14,0,66.0
10109858RODRIGUESY_2025-09-30_G14,10109858RODRIGUESY,2025-09-30,122962,1,6,0,235.0
10109858RODRIGUESY_2025-09-30_G15,10109858RODRIGUESY,2025-09-30,124486,1,10,0,125.0
10109858RODRIGUESY_2025-09-30_G16,10109858RODRIGUESY,2025-09-30,121760,1,3,0,194.0
10109858RODRIGUESY_2025-09-30_G17,10109858RODRIGUESY,2025-09-30,181887,1,8,0,168.0
10109858RODRIGUESY_2025-09-30_G18,10109858RODRIGUESY,2025-09-30,181887,1,6,0,118.0
10109858RODRIGUESY_2025-09-30_G19,10109858RODRIGUESY,2025-09-30,124624,1,12,0,198.0
10109858RODRIGUESY_2025-09-30_G20,10109858RODRIGUESY,2025-09-30,123947,1,10,0,918.0
10109858RODRIGUESY_2025-10-01_G02,10109858RODRIGUESY,2025-10-01,122962,1,50,0,1152.0
10109858RODRIGUESY_2025-10-01_G03,10109858RODRIGUESY,2025-10-01,123080,1,1,0,453.0
10109858RODRIGUESY_2025-10-02_G03,10109858RODRIGUESY,2025-10-02,122673,1,4,0,197.0
10109858RODRIGUESY_2025-10-02_G04,10109858RODRIGUESY,2025-10-02,122962,1,18,0,492.0
10109858RODRIGUESY_2025-10-02_G05,10109858RODRIGUESY,2025-10-02,120028,1,4,0,1183.0
10109858RODRIGUESY_2025-10-02_G06,10109858RODRIGUESY,2025-10-02,122647,1,8,0,113.0
10109858RODRIGUESY_2025-10-04_G02,10109858RODRIGUESY,2025-10-04,124486,1,36,0,449.0
10109858RODRIGUESY_2025-10-04_G03,10109858RODRIGUESY,2025-10-04,122962,1,24,0,818.0
10109858RODRIGUESY_2025-10-04_G04,10109858RODRIGUESY,2025-10-04,124486,1,8,0,423.0
10109858RODRIGUESY_2025-10-04_G05,10109858RODRIGUESY,2025-10-04,122962,1,16,0,234.0
10109858RODRIGUESY_2025-10-04_G06,10109858RODRIGUESY,2025-10-04,122962,1,70,0,385.0
10109858RODRIGUESY_2025-10-04_G07,10109858RODRIGUESY,2025-10-04,122647,1,22,0,840.0
10109858RODRIGUESY_2025-10-04_G08,10109858RODRIGUESY,2025-10-04,124248,1,10,0,1526.0
10109858RODRIGUESY_2025-10-04_G09,10109858RODRIGUESY,2025-10-04,124486,1,4,0,247.0
10109858RODRIGUESY_2025-10-04_G10,10109858RODRIGUESY,2025-10-04,122962,1,8,0,123.0
10109862MOREIRAR_2025-05-25_G02,10109862MOREIRAR,2025-05-25,117834,1,4,0,131.0
10109862MOREIRAR_2025-05-25_G03,10109862MOREIRAR,2025-05-25,117838,1,32,0,1272.0
10109862MOREIRAR_2025-05-25_G04,10109862MOREIRAR,2025-05-25,141202,1,25,0,919.0
10109862MOREIRAR_2025-05-25_G05,10109862MOREIRAR,2025-05-25,111851,1,4,0,353.0
10109862MOREIRAR_2025-05-25_G06,10109862MOREIRAR,2025-05-25,118286,1,2,0,53.0
10109862MOREIRAR_2025-05-25_G07,10109862MOREIRAR,2025-05-25,110747,1,23,0,467.0
10109862MOREIRAR_2025-05-25_G08,10109862MOREIRAR,2025-05-25,111850,1,21,0,1278.0
10109862MOREIRAR_2025-05-25_G09,10109862MOREIRAR,2025-05-25,111440,1,12,0,241.0
10109862MOREIRAR_2025-05-25_G10,10109862MOREIRAR,2025-05-25,107892,1,12,0,594.0
10109862MOREIRAR_2025-05-25_G11,10109862MOREIRAR,2025-05-25,114097,1,10,0,227.0
10109862MOREIRAR_2025-05-25_G12,10109862MOREIRAR,2025-05-25,109937,1,2,0,169.0
10109862MOREIRAR_2025-05-25_G13,10109862MOREIRAR,2025-05-25,108770,1,16,0,344.0
10109862MOREIRAR_2025-05-25_G14,10109862MOREIRAR,2025-05-25,111705,1,7,0,571.0
10109862MOREIRAR_2025-05-25_G15,10109862MOREIRAR,2025-05-25,109647,1,20,0,1359.0
10109862MOREIRAR_2025-05-25_G16,10109862MOREIRAR,2025-05-25,108772,1,14,0,210.0
10109862MOREIRAR_2025-05-25_G17,10109862MOREIRAR,2025-05-25,110580,1,1,0,119.0
10109862MOREIRAR_2025-05-25_G18,10109862MOREIRAR,2025-05-25,107629,1,30,0,776.0
10109862MOREIRAR_2025-05-25_G19,10109862MOREIRAR,2025-05-25,111876,1,16,0,312.0
10109862MOREIRAR_2025-05-26_G02,10109862MOREIRAR,2025-05-26,117837,1,14,0,199.0
10109862MOREIRAR_2025-05-26_G03,10109862MOREIRAR,2025-05-26,117855,1,17,0,362.0
10109862MOREIRAR_2025-05-26_G04,10109862MOREIRAR,2025-05-26,111439,1,8,0,161.0
10109862MOREIRAR_2025-05-26_G05,10109862MOREIRAR,2025-05-26,118403,1,30,0,672.0
10109862MOREIRAR_2025-05-26_G06,10109862MOREIRAR,2025-05-26,117786,1,40,0,376.0
10109862MOREIRAR_2025-05-26_G07,10109862MOREIRAR,2025-05-26,110515,1,100,0,813.0
10109862MOREIRAR_2025-05-26_G09,10109862MOREIRAR,2025-05-26,140922,1,4,0,58.0
10109862MOREIRAR_2025-05-26_G10,10109862MOREIRAR,2025-05-26,111466,1,4,0,87.0
10109862MOREIRAR_2025-05-26_G11,10109862MOREIRAR,2025-05-26,118140,1,4,0,95.0
10109862MOREIRAR_2025-05-26_G12,10109862MOREIRAR,2025-05-26,117820,1,4,0,143.0
10109862MOREIRAR_2025-05-26_G13,10109862MOREIRAR,2025-05-26,111743,1,4,0,319.0
10109862MOREIRAR_2025-05-26_G15,10109862MOREIRAR,2025-05-26,109974,1,4,0,1171.0
10109862MOREIRAR_2025-05-26_G16,10109862MOREIRAR,2025-05-26,118222,1,20,0,1095.0
10109862MOREIRAR_2025-05-26_G17,10109862MOREIRAR,2025-05-26,109471,1,2,0,128.0
10109862MOREIRAR_2025-05-26_G18,10109862MOREIRAR,2025-05-26,109471,1,2,0,276.0
10109862MOREIRAR_2025-05-26_G19,10109862MOREIRAR,2025-05-26,110746,2,4,8,189.0
10109862MOREIRAR_2025-05-26_G20,10109862MOREIRAR,2025-05-26,110354,1,2,0,91.0
10109862MOREIRAR_2025-05-26_G21,10109862MOREIRAR,2025-05-26,110895,1,10,0,550.0
10109862MOREIRAR_2025-05-26_G22,10109862MOREIRAR,2025-05-26,110552,2,4,6,53.0
10109862MOREIRAR_2025-05-26_G23,10109862MOREIRAR,2025-05-26,111602,1,8,0,1118.0
10109862MOREIRAR_2025-05-26_G24,10109862MOREIRAR,2025-05-26,117836,1,5,0,337.0
10109862MOREIRAR_2025-05-26_G25,10109862MOREIRAR,2025-05-26,111743,1,7,0,1307.0
10109862MOREIRAR_2025-05-26_G26,10109862MOREIRAR,2025-05-26,118004,1,12,0,929.0
10109862MOREIRAR_2025-05-26_G27,10109862MOREIRAR,2025-05-26,110374,1,30,0,1404.0
10109862MOREIRAR_2025-05-26_G28,10109862MOREIRAR,2025-05-26,110371,1,30,0,975.0
10109862MOREIRAR_2025-05-27_G02,10109862MOREIRAR,2025-05-27,117820,1,101,0,627.0
10109862MOREIRAR_2025-05-27_G03,10109862MOREIRAR,2025-05-27,110372,1,70,0,648.0
10109862MOREIRAR_2025-05-27_G04,10109862MOREIRAR,2025-05-27,117832,1,40,0,841.0
10109862MOREIRAR_2025-05-27_G05,10109862MOREIRAR,2025-05-27,141202,1,16,0,178.0
10109862MOREIRAR_2025-05-27_G06,10109862MOREIRAR,2025-05-27,110372,1,28,0,399.0
10109862MOREIRAR_2025-05-27_G07,10109862MOREIRAR,2025-05-27,110374,1,20,0,64.0
10109862MOREIRAR_2025-05-27_G08,10109862MOREIRAR,2025-05-27,111851,1,2,0,1074.0
10109862MOREIRAR_2025-05-27_G09,10109862MOREIRAR,2025-05-27,110311,1,1,0,105.0
10109862MOREIRAR_2025-05-27_G10,10109862MOREIRAR,2025-05-27,118094,1,20,0,404.0
10109862MOREIRAR_2025-05-27_G11,10109862MOREIRAR,2025-05-27,111530,1,14,0,222.0
10109862MOREIRAR_2025-05-27_G12,10109862MOREIRAR,2025-05-27,108711,1,20,0,417.0
10109862MOREIRAR_2025-05-27_G13,10109862MOREIRAR,2025-05-27,109643,1,2,0,651.0
10109862MOREIRAR_2025-05-27_G14,10109862MOREIRAR,2025-05-27,111418,1,70,0,1167.0
10109862MOREIRAR_2025-05-27_G15,10109862MOREIRAR,2025-05-27,111431,1,2,0,135.0
10109862MOREIRAR_2025-05-27_G16,10109862MOREIRAR,2025-05-27,"117831, 111462, 117785",3,120,32,919.0
10109862MOREIRAR_2025-05-27_G17,10109862MOREIRAR,2025-05-27,110787,2,94,9,424.0
10109862MOREIRAR_2025-05-27_G19,10109862MOREIRAR,2025-05-27,118298,1,2,0,390.0
10109862MOREIRAR_2025-05-27_G20,10109862MOREIRAR,2025-05-27,117855,1,17,0,396.0
10109862MOREIRAR_2025-05-27_G21,10109862MOREIRAR,2025-05-27,111602,1,4,0,67.0
10109862MOREIRAR_2025-05-27_G22,10109862MOREIRAR,2025-05-27,109643,1,18,0,379.0
10109862MOREIRAR_2025-05-27_G23,10109862MOREIRAR,2025-05-27,109643,1,3,0,40.0
10109862MOREIRAR_2025-05-27_G24,10109862MOREIRAR,2025-05-27,109643,1,8,0,88.0
10109862MOREIRAR_2025-05-27_G25,10109862MOREIRAR,2025-05-27,109647,1,4,0,610.0
10109862MOREIRAR_2025-05-27_G26,10109862MOREIRAR,2025-05-27,107629,1,1,0,100.0
10109862MOREIRAR_2025-05-27_G27,10109862MOREIRAR,2025-05-27,107629,1,2,0,44.0
10109862MOREIRAR_2025-05-27_G28,10109862MOREIRAR,2025-05-27,117855,1,4,0,88.0
10109862MOREIRAR_2025-05-27_G29,10109862MOREIRAR,2025-05-27,109933,1,2,0,500.0
10109862MOREIRAR_2025-05-27_G30,10109862MOREIRAR,2025-05-27,110747,1,4,0,83.0
10109862MOREIRAR_2025-05-27_G31,10109862MOREIRAR,2025-05-27,111430,1,8,0,118.0
10109862MOREIRAR_2025-05-27_G32,10109862MOREIRAR,2025-05-27,100334,1,8,0,155.0
10109862MOREIRAR_2025-05-27_G33,10109862MOREIRAR,2025-05-27,111569,2,16,16,368.0
10109862MOREIRAR_2025-05-27_G34,10109862MOREIRAR,2025-05-27,111441,1,4,0,237.0
10109862MOREIRAR_2025-05-27_G35,10109862MOREIRAR,2025-05-27,111438,1,3,0,54.0
10109862MOREIRAR_2025-05-27_G36,10109862MOREIRAR,2025-05-27,111438,1,4,0,59.0
10109862MOREIRAR_2025-05-27_G37,10109862MOREIRAR,2025-05-27,109937,1,2,0,81.0
10109862MOREIRAR_2025-05-27_G38,10109862MOREIRAR,2025-05-27,109937,1,4,0,76.0
10109862MOREIRAR_2025-05-27_G39,10109862MOREIRAR,2025-05-27,109647,1,3,0,1773.0
10109862MOREIRAR_2025-05-27_G40,10109862MOREIRAR,2025-05-27,109640,1,32,0,538.0
10109862MOREIRAR_2025-05-27_G41,10109862MOREIRAR,2025-05-27,109641,1,20,0,495.0
10109862MOREIRAR_2025-05-27_G42,10109862MOREIRAR,2025-05-27,109645,1,7,0,197.0
10109862MOREIRAR_2025-05-27_G43,10109862MOREIRAR,2025-05-27,109643,1,4,0,1101.0
10109862MOREIRAR_2025-05-27_G44,10109862MOREIRAR,2025-05-27,109643,1,15,0,123.0
10109862MOREIRAR_2025-05-27_G45,10109862MOREIRAR,2025-05-27,110371,1,28,0,259.0
10109862MOREIRAR_2025-05-27_G46,10109862MOREIRAR,2025-05-27,110371,1,20,0,326.0
10109862MOREIRAR_2025-05-27_G47,10109862MOREIRAR,2025-05-27,110373,1,52,0,876.0
10109862MOREIRAR_2025-05-27_G48,10109862MOREIRAR,2025-05-27,117820,1,24,0,209.0
10109862MOREIRAR_2025-05-27_G49,10109862MOREIRAR,2025-05-27,117820,1,16,0,112.0
10109862MOREIRAR_2025-05-28_G02,10109862MOREIRAR,2025-05-28,117809,1,3,0,336.0
10109862MOREIRAR_2025-05-28_G03,10109862MOREIRAR,2025-05-28,117809,1,7,0,81.0
10109862MOREIRAR_2025-05-28_G04,10109862MOREIRAR,2025-05-28,110372,2,80,29,1734.0
10109862MOREIRAR_2025-05-28_G05,10109862MOREIRAR,2025-05-28,120002,1,2,0,2412.0
10109862MOREIRAR_2025-05-28_G06,10109862MOREIRAR,2025-05-28,"117834, 118222",2,16,8,477.0
10109862MOREIRAR_2025-05-28_G07,10109862MOREIRAR,2025-05-28,118094,1,4,0,328.0
10109862MOREIRAR_2025-05-28_G08,10109862MOREIRAR,2025-05-28,117855,1,16,0,333.0
10109862MOREIRAR_2025-05-28_G09,10109862MOREIRAR,2025-05-28,117861,1,10,0,102.0
10109862MOREIRAR_2025-05-28_G10,10109862MOREIRAR,2025-05-28,"118298, 117935",2,8,9,233.0
10109862MOREIRAR_2025-05-28_G11,10109862MOREIRAR,2025-05-28,111467,1,12,0,185.0
10109862MOREIRAR_2025-05-28_G12,10109862MOREIRAR,2025-05-28,111443,1,16,0,795.0
10109862MOREIRAR_2025-05-28_G13,10109862MOREIRAR,2025-05-28,110751,1,4,0,135.0
10109862MOREIRAR_2025-05-28_G14,10109862MOREIRAR,2025-05-28,118004,1,12,0,164.0
10109862MOREIRAR_2025-05-28_G15,10109862MOREIRAR,2025-05-28,111418,1,106,0,369.0
10109862MOREIRAR_2025-05-28_G16,10109862MOREIRAR,2025-05-28,111465,1,17,0,589.0
10109862MOREIRAR_2025-05-28_G18,10109862MOREIRAR,2025-05-28,100334,1,4,0,192.0
10109862MOREIRAR_2025-05-28_G19,10109862MOREIRAR,2025-05-28,111569,1,13,0,252.0
10109862MOREIRAR_2025-05-28_G20,10109862MOREIRAR,2025-05-28,111569,1,7,0,326.0
10109862MOREIRAR_2025-05-28_G21,10109862MOREIRAR,2025-05-28,115775,1,12,0,359.0
10109862MOREIRAR_2025-05-28_G22,10109862MOREIRAR,2025-05-28,110755,2,4,9,265.0
10109862MOREIRAR_2025-05-28_G23,10109862MOREIRAR,2025-05-28,115234,1,6,0,236.0
10109862MOREIRAR_2025-05-28_G24,10109862MOREIRAR,2025-05-28,110895,1,10,0,142.0
10109862MOREIRAR_2025-05-28_G25,10109862MOREIRAR,2025-05-28,110741,1,5,0,1211.0
10109862MOREIRAR_2025-05-28_G26,10109862MOREIRAR,2025-05-28,110339,1,5,0,125.0
10109862MOREIRAR_2025-05-28_G27,10109862MOREIRAR,2025-05-28,111467,1,10,0,135.0
10109862MOREIRAR_2025-05-28_G28,10109862MOREIRAR,2025-05-28,110752,1,9,0,186.0
10109862MOREIRAR_2025-05-28_G29,10109862MOREIRAR,2025-05-28,111602,1,1,0,88.0
10109862MOREIRAR_2025-05-28_G30,10109862MOREIRAR,2025-05-28,111530,1,10,0,535.0
10109862MOREIRAR_2025-05-28_G31,10109862MOREIRAR,2025-05-28,110741,1,4,0,67.0
10109862MOREIRAR_2025-05-28_G32,10109862MOREIRAR,2025-05-28,118306,1,17,0,1522.0
10109862MOREIRAR_2025-05-28_G33,10109862MOREIRAR,2025-05-28,117785,1,250,0,2256.0
10109862MOREIRAR_2025-05-28_G34,10109862MOREIRAR,2025-05-28,109641,1,50,0,550.0
10109862MOREIRAR_2025-05-28_G35,10109862MOREIRAR,2025-05-28,118004,1,67,0,827.0
10109862MOREIRAR_2025-05-29_G02,10109862MOREIRAR,2025-05-29,111431,1,6,0,236.0
10109862MOREIRAR_2025-05-29_G03,10109862MOREIRAR,2025-05-29,117836,1,10,0,803.0
10109862MOREIRAR_2025-05-29_G04,10109862MOREIRAR,2025-05-29,117935,1,20,0,232.0
10109862MOREIRAR_2025-05-29_G05,10109862MOREIRAR,2025-05-29,111602,1,100,0,835.0
10109862MOREIRAR_2025-05-29_G06,10109862MOREIRAR,2025-05-29,111532,1,11,0,489.0
10109862MOREIRAR_2025-05-29_G07,10109862MOREIRAR,2025-05-29,109645,1,10,0,294.0
10109862MOREIRAR_2025-05-29_G08,10109862MOREIRAR,2025-05-29,110711,1,40,0,2999.0
10109862MOREIRAR_2025-05-29_G09,10109862MOREIRAR,2025-05-29,110339,1,24,0,469.0
10109862MOREIRAR_2025-05-29_G10,10109862MOREIRAR,2025-05-29,110752,1,11,0,214.0
10109862MOREIRAR_2025-05-29_G11,10109862MOREIRAR,2025-05-29,108361,1,8,0,155.0
10109862MOREIRAR_2025-05-29_G12,10109862MOREIRAR,2025-05-29,111602,1,100,0,684.0
10109862MOREIRAR_2025-05-29_G13,10109862MOREIRAR,2025-05-29,110515,1,50,0,493.0
10109862MOREIRAR_2025-05-29_G14,10109862MOREIRAR,2025-05-29,108795,1,30,0,607.0
10109862MOREIRAR_2025-05-29_G15,10109862MOREIRAR,2025-05-29,111431,1,1,0,74.0
10109862MOREIRAR_2025-05-29_G16,10109862MOREIRAR,2025-05-29,118223,1,2,0,198.0
10109862MOREIRAR_2025-05-29_G17,10109862MOREIRAR,2025-05-29,109645,1,20,0,295.0
10109862MOREIRAR_2025-05-29_G19,10109862MOREIRAR,2025-05-29,111569,1,8,0,179.0
10109862MOREIRAR_2025-05-29_G20,10109862MOREIRAR,2025-05-29,111876,1,2,0,146.0
10109862MOREIRAR_2025-05-29_G21,10109862MOREIRAR,2025-05-29,117935,1,8,0,169.0
10109862MOREIRAR_2025-05-29_G22,10109862MOREIRAR,2025-05-29,111469,1,40,0,738.0
10109862MOREIRAR_2025-05-29_G23,10109862MOREIRAR,2025-05-29,117808,1,20,0,232.0
10109862MOREIRAR_2025-05-29_G24,10109862MOREIRAR,2025-05-29,109645,1,6,0,645.0
10109862MOREIRAR_2025-05-29_G25,10109862MOREIRAR,2025-05-29,109643,1,6,0,458.0
10109862MOREIRAR_2025-05-29_G26,10109862MOREIRAR,2025-05-29,100334,1,12,0,578.0
10109862MOREIRAR_2025-05-29_G27,10109862MOREIRAR,2025-05-29,111569,1,12,0,188.0
10109862MOREIRAR_2025-05-29_G28,10109862MOREIRAR,2025-05-29,107892,1,5,0,156.0
10109862MOREIRAR_2025-05-29_G29,10109862MOREIRAR,2025-05-29,110534,1,4,0,107.0
10109862MOREIRAR_2025-05-29_G30,10109862MOREIRAR,2025-05-29,111441,1,20,0,732.0
10109862MOREIRAR_2025-05-29_G31,10109862MOREIRAR,2025-05-29,110755,1,4,0,214.0
10109862MOREIRAR_2025-05-29_G32,10109862MOREIRAR,2025-05-29,118253,1,8,0,150.0
10109862MOREIRAR_2025-05-29_G33,10109862MOREIRAR,2025-05-29,108770,1,4,0,127.0
10109862MOREIRAR_2025-05-29_G34,10109862MOREIRAR,2025-05-29,141047,1,16,0,927.0
10109862MOREIRAR_2025-05-29_G35,10109862MOREIRAR,2025-05-29,110741,1,4,0,124.0
10109862MOREIRAR_2025-05-29_G36,10109862MOREIRAR,2025-05-29,111876,1,4,0,66.0
10109862MOREIRAR_2025-05-29_G37,10109862MOREIRAR,2025-05-29,117862,1,24,0,288.0
10109862MOREIRAR_2025-05-29_G38,10109862MOREIRAR,2025-05-29,111467,1,20,0,312.0
10109862MOREIRAR_2025-05-29_G39,10109862MOREIRAR,2025-05-29,110752,1,4,0,95.0
10109862MOREIRAR_2025-05-29_G40,10109862MOREIRAR,2025-05-29,117786,1,12,0,155.0
10109862MOREIRAR_2025-05-29_G41,10109862MOREIRAR,2025-05-29,111602,1,24,0,499.0
10109862MOREIRAR_2025-05-29_G42,10109862MOREIRAR,2025-05-29,101217,1,4,0,411.0
10109862MOREIRAR_2025-05-29_G43,10109862MOREIRAR,2025-05-29,117856,1,10,0,241.0
10109862MOREIRAR_2025-05-30_G02,10109862MOREIRAR,2025-05-30,111438,1,12,0,768.0
10109862MOREIRAR_2025-05-30_G03,10109862MOREIRAR,2025-05-30,111463,1,50,0,752.0
10109862MOREIRAR_2025-05-30_G04,10109862MOREIRAR,2025-05-30,109641,1,24,0,542.0
10109862MOREIRAR_2025-05-30_G05,10109862MOREIRAR,2025-05-30,110313,1,4,0,889.0
10109862MOREIRAR_2025-05-30_G06,10109862MOREIRAR,2025-05-30,111602,1,22,0,381.0
10109862MOREIRAR_2025-05-30_G07,10109862MOREIRAR,2025-05-30,111602,1,20,0,230.0
10109862MOREIRAR_2025-05-30_G08,10109862MOREIRAR,2025-05-30,140922,1,8,0,812.0
10109862MOREIRAR_2025-05-30_G09,10109862MOREIRAR,2025-05-30,140922,1,4,0,62.0
10109862MOREIRAR_2025-05-30_G10,10109862MOREIRAR,2025-05-30,111438,1,24,0,762.0
10109862MOREIRAR_2025-05-30_G11,10109862MOREIRAR,2025-05-30,117835,1,12,0,363.0
10109862MOREIRAR_2025-05-30_G12,10109862MOREIRAR,2025-05-30,116527,1,5,0,427.0
10109862MOREIRAR_2025-05-30_G14,10109862MOREIRAR,2025-05-30,111435,1,2,0,63.0
10109862MOREIRAR_2025-05-30_G15,10109862MOREIRAR,2025-05-30,111462,2,4,29,196.0
10109862MOREIRAR_2025-05-30_G16,10109862MOREIRAR,2025-05-30,109641,1,3,0,89.0
10109862MOREIRAR_2025-05-30_G17,10109862MOREIRAR,2025-05-30,109641,1,2,0,324.0
10109862MOREIRAR_2025-05-30_G18,10109862MOREIRAR,2025-05-30,105705,1,4,0,176.0
10109862MOREIRAR_2025-05-30_G19,10109862MOREIRAR,2025-05-30,111466,1,2,0,121.0
10109862MOREIRAR_2025-05-30_G20,10109862MOREIRAR,2025-05-30,117833,1,2,0,70.0
10109862MOREIRAR_2025-05-30_G21,10109862MOREIRAR,2025-05-30,111431,1,2,0,96.0
10109862MOREIRAR_2025-05-30_G22,10109862MOREIRAR,2025-05-30,109645,1,2,0,100.0
10109862MOREIRAR_2025-05-30_G23,10109862MOREIRAR,2025-05-30,118140,1,7,0,51.0
10109862MOREIRAR_2025-05-30_G24,10109862MOREIRAR,2025-05-30,118140,1,5,0,34.0
10109862MOREIRAR_2025-05-30_G25,10109862MOREIRAR,2025-05-30,111418,1,1,0,39.0
10109862MOREIRAR_2025-05-30_G26,10109862MOREIRAR,2025-05-30,111418,1,8,0,100.0
10109862MOREIRAR_2025-05-30_G27,10109862MOREIRAR,2025-05-30,111418,1,2,0,46.0
10109862MOREIRAR_2025-05-30_G28,10109862MOREIRAR,2025-05-30,118317,1,2,0,58.0
10109862MOREIRAR_2025-05-30_G29,10109862MOREIRAR,2025-05-30,117785,1,2,0,56.0
10109862MOREIRAR_2025-05-30_G30,10109862MOREIRAR,2025-05-30,117785,1,6,0,39.0
10109862MOREIRAR_2025-05-30_G31,10109862MOREIRAR,2025-05-30,117821,1,2,0,76.0
10109862MOREIRAR_2025-05-30_G32,10109862MOREIRAR,2025-05-30,110339,1,2,0,837.0
10109862MOREIRAR_2025-05-30_G33,10109862MOREIRAR,2025-05-30,117935,1,1,0,103.0
10109862MOREIRAR_2025-05-30_G34,10109862MOREIRAR,2025-05-30,117855,1,4,0,91.0
10109862MOREIRAR_2025-05-30_G35,10109862MOREIRAR,2025-05-30,117855,1,4,0,34.0
10109862MOREIRAR_2025-05-30_G36,10109862MOREIRAR,2025-05-30,111467,1,2,0,63.0
10109862MOREIRAR_2025-05-30_G37,10109862MOREIRAR,2025-05-30,111602,1,4,0,74.0
10109862MOREIRAR_2025-05-30_G38,10109862MOREIRAR,2025-05-30,107236,1,57,0,2889.0
10109862MOREIRAR_2025-05-30_G39,10109862MOREIRAR,2025-05-30,109641,1,10,0,491.0
10109862MOREIRAR_2025-05-30_G40,10109862MOREIRAR,2025-05-30,117808,1,9,0,193.0
10109862MOREIRAR_2025-05-30_G41,10109862MOREIRAR,2025-05-30,110371,1,2,0,109.0
10109862MOREIRAR_2025-05-30_G42,10109862MOREIRAR,2025-05-30,118306,1,4,0,479.0
10109862MOREIRAR_2025-05-30_G43,10109862MOREIRAR,2025-05-30,109495,1,4,0,106.0
10109862MOREIRAR_2025-05-30_G44,10109862MOREIRAR,2025-05-30,118094,1,2,0,90.0
10109862MOREIRAR_2025-05-30_G45,10109862MOREIRAR,2025-05-30,117788,1,3,0,60.0
10109862MOREIRAR_2025-05-30_G46,10109862MOREIRAR,2025-05-30,110515,1,3,0,325.0
10109862MOREIRAR_2025-05-30_G47,10109862MOREIRAR,2025-05-30,111443,1,2,0,187.0
10109862MOREIRAR_2025-05-30_G48,10109862MOREIRAR,2025-05-30,111172,1,2,0,230.0
10109862MOREIRAR_2025-05-30_G49,10109862MOREIRAR,2025-05-30,118140,1,2,0,117.0
10109862MOREIRAR_2025-05-31_G02,10109862MOREIRAR,2025-05-31,118140,1,1,0,128.0
10109862MOREIRAR_2025-05-31_G03,10109862MOREIRAR,2025-05-31,111330,1,8,0,257.0
10109862MOREIRAR_2025-05-31_G04,10109862MOREIRAR,2025-05-31,110711,1,8,0,161.0
10109862MOREIRAR_2025-05-31_G05,10109862MOREIRAR,2025-05-31,111430,1,4,0,717.0
10109862MOREIRAR_2025-05-31_G06,10109862MOREIRAR,2025-05-31,110313,1,4,0,383.0
10109862MOREIRAR_2025-05-31_G07,10109862MOREIRAR,2025-05-31,108794,1,2,0,437.0
10109862MOREIRAR_2025-05-31_G08,10109862MOREIRAR,2025-05-31,118140,1,8,0,172.0
10109862MOREIRAR_2025-05-31_G09,10109862MOREIRAR,2025-05-31,111442,1,6,0,130.0
10109862MOREIRAR_2025-05-31_G10,10109862MOREIRAR,2025-05-31,141202,1,8,0,267.0
10109862MOREIRAR_2025-05-31_G11,10109862MOREIRAR,2025-05-31,117820,1,20,0,562.0
10109862MOREIRAR_2025-05-31_G12,10109862MOREIRAR,2025-05-31,140922,1,28,0,432.0
10109862MOREIRAR_2025-05-31_G13,10109862MOREIRAR,2025-05-31,111466,1,32,0,598.0
10109862MOREIRAR_2025-05-31_G14,10109862MOREIRAR,2025-05-31,109937,1,5,0,1103.0
10109862MOREIRAR_2025-05-31_G15,10109862MOREIRAR,2025-05-31,117935,1,6,0,132.0
10109862MOREIRAR_2025-05-31_G16,10109862MOREIRAR,2025-05-31,117935,1,2,0,34.0
10109862MOREIRAR_2025-05-31_G17,10109862MOREIRAR,2025-05-31,105705,1,3,0,512.0
10109862MOREIRAR_2025-05-31_G18,10109862MOREIRAR,2025-05-31,140922,1,8,0,145.0
10109862MOREIRAR_2025-05-31_G19,10109862MOREIRAR,2025-05-31,140922,1,8,0,369.0
10109862MOREIRAR_2025-05-31_G20,10109862MOREIRAR,2025-05-31,110325,1,36,0,694.0
10109862MOREIRAR_2025-05-31_G21,10109862MOREIRAR,2025-05-31,109643,1,20,0,283.0
10109862MOREIRAR_2025-05-31_G22,10109862MOREIRAR,2025-05-31,117830,1,4,0,233.0
10109862MOREIRAR_2025-05-31_G23,10109862MOREIRAR,2025-05-31,101217,1,2,0,548.0
10109862MOREIRAR_2025-05-31_G24,10109862MOREIRAR,2025-05-31,140922,1,2,0,144.0
10109862MOREIRAR_2025-06-02_G02,10109862MOREIRAR,2025-06-02,110755,1,2,0,113.0
10109862MOREIRAR_2025-06-02_G03,10109862MOREIRAR,2025-06-02,111532,1,15,0,298.0
10109862MOREIRAR_2025-06-02_G04,10109862MOREIRAR,2025-06-02,111348,1,8,0,208.0
10109862MOREIRAR_2025-06-02_G05,10109862MOREIRAR,2025-06-02,110313,1,3,0,329.0
10109862MOREIRAR_2025-06-02_G07,10109862MOREIRAR,2025-06-02,118094,1,108,0,1718.0
10109862MOREIRAR_2025-06-05_G02,10109862MOREIRAR,2025-06-05,110743,1,2,0,44.0
10109862MOREIRAR_2025-06-05_G03,10109862MOREIRAR,2025-06-05,109641,1,7,0,97.0
10109862MOREIRAR_2025-06-05_G04,10109862MOREIRAR,2025-06-05,111469,1,10,0,116.0
10109862MOREIRAR_2025-06-05_G05,10109862MOREIRAR,2025-06-05,117838,1,4,0,65.0
10109862MOREIRAR_2025-06-05_G06,10109862MOREIRAR,2025-06-05,117842,1,6,0,147.0
10109862MOREIRAR_2025-06-05_G07,10109862MOREIRAR,2025-06-05,110787,1,10,0,129.0
10109862MOREIRAR_2025-06-05_G08,10109862MOREIRAR,2025-06-05,107236,1,3,0,88.0
10109862MOREIRAR_2025-06-05_G09,10109862MOREIRAR,2025-06-05,140922,1,9,0,258.0
10109862MOREIRAR_2025-06-05_G10,10109862MOREIRAR,2025-06-05,110755,1,2,0,420.0
10109862MOREIRAR_2025-06-05_G11,10109862MOREIRAR,2025-06-05,110515,1,4,0,294.0
10109862MOREIRAR_2025-06-05_G12,10109862MOREIRAR,2025-06-05,110313,1,2,0,65.0
10109862MOREIRAR_2025-06-05_G13,10109862MOREIRAR,2025-06-05,110313,2,8,24,52.0
10109862MOREIRAR_2025-06-05_G14,10109862MOREIRAR,2025-06-05,110313,1,6,0,57.0
10109862MOREIRAR_2025-06-05_G15,10109862MOREIRAR,2025-06-05,110313,1,6,0,73.0
10109862MOREIRAR_2025-06-05_G16,10109862MOREIRAR,2025-06-05,108794,1,9,0,384.0
10109862MOREIRAR_2025-06-05_G17,10109862MOREIRAR,2025-06-05,118253,1,4,0,718.0
10109862MOREIRAR_2025-06-05_G18,10109862MOREIRAR,2025-06-05,111438,1,10,0,168.0
10109862MOREIRAR_2025-06-05_G19,10109862MOREIRAR,2025-06-05,111569,1,20,0,226.0
10109862MOREIRAR_2025-06-05_G20,10109862MOREIRAR,2025-06-05,141047,1,4,0,368.0
10109862MOREIRAR_2025-06-05_G21,10109862MOREIRAR,2025-06-05,110339,1,1,0,92.0
10109862MOREIRAR_2025-06-05_G22,10109862MOREIRAR,2025-06-05,111467,1,4,0,107.0
10109862MOREIRAR_2025-06-05_G23,10109862MOREIRAR,2025-06-05,111602,1,2,0,64.0
10109862MOREIRAR_2025-06-05_G24,10109862MOREIRAR,2025-06-05,110374,1,20,0,256.0
10109862MOREIRAR_2025-06-05_G25,10109862MOREIRAR,2025-06-05,110373,1,20,0,300.0
10109862MOREIRAR_2025-06-05_G26,10109862MOREIRAR,2025-06-05,110372,1,20,0,709.0
10109862MOREIRAR_2025-06-05_G27,10109862MOREIRAR,2025-06-05,117830,1,13,0,205.0
10109862MOREIRAR_2025-06-05_G28,10109862MOREIRAR,2025-06-05,108794,1,6,0,403.0
10109862MOREIRAR_2025-06-05_G29,10109862MOREIRAR,2025-06-05,111463,1,12,0,338.0
10109862MOREIRAR_2025-06-05_G30,10109862MOREIRAR,2025-06-05,110787,1,15,0,566.0
10109862MOREIRAR_2025-06-05_G31,10109862MOREIRAR,2025-06-05,111465,1,1,0,47.0
10109862MOREIRAR_2025-06-05_G32,10109862MOREIRAR,2025-06-05,111330,1,5,0,133.0
10109862MOREIRAR_2025-06-05_G33,10109862MOREIRAR,2025-06-05,118140,1,1,0,135.0
10109862MOREIRAR_2025-06-05_G34,10109862MOREIRAR,2025-06-05,117831,1,4,0,102.0
10109862MOREIRAR_2025-06-05_G35,10109862MOREIRAR,2025-06-05,110374,1,12,0,332.0
10109862MOREIRAR_2025-06-05_G36,10109862MOREIRAR,2025-06-05,117808,1,30,0,176.0
10109862MOREIRAR_2025-06-05_G37,10109862MOREIRAR,2025-06-05,110373,1,14,0,144.0
10109862MOREIRAR_2025-06-05_G38,10109862MOREIRAR,2025-06-05,110372,1,20,0,236.0
10109862MOREIRAR_2025-06-05_G39,10109862MOREIRAR,2025-06-05,118299,1,30,0,466.0
10109862MOREIRAR_2025-06-05_G40,10109862MOREIRAR,2025-06-05,117820,1,20,0,309.0
10109862MOREIRAR_2025-06-06_G02,10109862MOREIRAR,2025-06-06,111469,1,4,0,166.0
10109862MOREIRAR_2025-06-06_G03,10109862MOREIRAR,2025-06-06,105705,1,6,0,179.0
10109862MOREIRAR_2025-06-06_G04,10109862MOREIRAR,2025-06-06,140922,1,2,0,74.0
10109862MOREIRAR_2025-06-06_G05,10109862MOREIRAR,2025-06-06,110745,1,3,0,61.0
10109862MOREIRAR_2025-06-06_G06,10109862MOREIRAR,2025-06-06,111466,1,8,0,74.0
10109862MOREIRAR_2025-06-06_G07,10109862MOREIRAR,2025-06-06,111466,1,4,0,83.0
10109862MOREIRAR_2025-06-06_G08,10109862MOREIRAR,2025-06-06,117833,1,16,0,159.0
10109862MOREIRAR_2025-06-06_G09,10109862MOREIRAR,2025-06-06,111532,1,11,0,179.0
10109862MOREIRAR_2025-06-06_G10,10109862MOREIRAR,2025-06-06,111418,1,8,0,161.0
10109862MOREIRAR_2025-06-06_G11,10109862MOREIRAR,2025-06-06,111348,1,4,0,128.0
10109862MOREIRAR_2025-06-06_G12,10109862MOREIRAR,2025-06-06,117821,1,2,0,111.0
10109862MOREIRAR_2025-06-06_G13,10109862MOREIRAR,2025-06-06,109643,1,2,0,485.0
10109862MOREIRAR_2025-06-06_G14,10109862MOREIRAR,2025-06-06,110373,1,4,0,150.0
10109862MOREIRAR_2025-06-06_G15,10109862MOREIRAR,2025-06-06,110373,1,4,0,119.0
10109862MOREIRAR_2025-06-06_G16,10109862MOREIRAR,2025-06-06,110372,1,9,0,169.0
10109862MOREIRAR_2025-06-06_G17,10109862MOREIRAR,2025-06-06,118299,1,17,0,219.0
10109862MOREIRAR_2025-06-06_G18,10109862MOREIRAR,2025-06-06,117832,1,7,0,110.0
10109862MOREIRAR_2025-06-06_G19,10109862MOREIRAR,2025-06-06,110375,1,6,0,223.0
10109862MOREIRAR_2025-06-06_G20,10109862MOREIRAR,2025-06-06,117820,1,2,0,125.0
10109862MOREIRAR_2025-06-06_G21,10109862MOREIRAR,2025-06-06,118094,1,2,0,975.0
10109862MOREIRAR_2025-06-06_G22,10109862MOREIRAR,2025-06-06,110339,1,6,0,83.0
10109862MOREIRAR_2025-06-06_G23,10109862MOREIRAR,2025-06-06,117855,1,4,0,215.0
10109862MOREIRAR_2025-06-06_G24,10109862MOREIRAR,2025-06-06,110752,1,4,0,82.0
10109862MOREIRAR_2025-06-06_G25,10109862MOREIRAR,2025-06-06,117853,1,8,0,105.0
10109862MOREIRAR_2025-06-06_G26,10109862MOREIRAR,2025-06-06,108361,1,4,0,101.0
10109862MOREIRAR_2025-06-06_G27,10109862MOREIRAR,2025-06-06,105242,1,2,0,68.0
10109862MOREIRAR_2025-06-06_G28,10109862MOREIRAR,2025-06-06,111602,1,8,0,441.0
10109862MOREIRAR_2025-06-06_G29,10109862MOREIRAR,2025-06-06,110313,1,6,0,173.0
10109862MOREIRAR_2025-06-06_G30,10109862MOREIRAR,2025-06-06,111530,1,4,0,84.0
10109862MOREIRAR_2025-06-06_G31,10109862MOREIRAR,2025-06-06,110515,1,3,0,43.0
10109862MOREIRAR_2025-06-06_G32,10109862MOREIRAR,2025-06-06,117856,1,4,0,57.0
10109862MOREIRAR_2025-06-06_G33,10109862MOREIRAR,2025-06-06,110371,1,4,0,609.0
10109862MOREIRAR_2025-06-06_G34,10109862MOREIRAR,2025-06-06,111850,1,5,0,171.0
10109862MOREIRAR_2025-06-06_G35,10109862MOREIRAR,2025-06-06,103149,1,2,0,109.0
10109862MOREIRAR_2025-06-06_G36,10109862MOREIRAR,2025-06-06,110895,1,5,0,178.0
10109862MOREIRAR_2025-06-06_G37,10109862MOREIRAR,2025-06-06,108770,1,2,0,80.0
10109862MOREIRAR_2025-06-06_G39,10109862MOREIRAR,2025-06-06,111438,1,40,0,451.0
10109862MOREIRAR_2025-06-06_G40,10109862MOREIRAR,2025-06-06,118222,1,50,0,438.0
10109862MOREIRAR_2025-06-06_G41,10109862MOREIRAR,2025-06-06,117808,1,200,0,677.0
10109862MOREIRAR_2025-06-06_G42,10109862MOREIRAR,2025-06-06,110372,1,200,0,1243.0
10109862MOREIRAR_2025-06-06_G43,10109862MOREIRAR,2025-06-06,117820,1,300,0,1066.0
10109862MOREIRAR_2025-06-06_G44,10109862MOREIRAR,2025-06-06,118299,1,100,0,255.0
10109862MOREIRAR_2025-06-06_G45,10109862MOREIRAR,2025-06-06,111172,1,4,0,1786.0
10109862MOREIRAR_2025-06-06_G46,10109862MOREIRAR,2025-06-06,109645,1,2,0,65.0
10109862MOREIRAR_2025-06-06_G47,10109862MOREIRAR,2025-06-06,118140,1,2,0,53.0
10109862MOREIRAR_2025-06-06_G48,10109862MOREIRAR,2025-06-06,117821,1,2,0,65.0
10109862MOREIRAR_2025-06-06_G49,10109862MOREIRAR,2025-06-06,111465,1,2,0,77.0
10109862MOREIRAR_2025-06-06_G50,10109862MOREIRAR,2025-06-06,117808,1,10,0,294.0
10109862MOREIRAR_2025-06-06_G51,10109862MOREIRAR,2025-06-06,110372,1,20,0,210.0
10109862MOREIRAR_2025-06-06_G52,10109862MOREIRAR,2025-06-06,118299,1,12,0,281.0
10109862MOREIRAR_2025-06-06_G53,10109862MOREIRAR,2025-06-06,111469,1,2,0,560.0
10109862MOREIRAR_2025-06-06_G54,10109862MOREIRAR,2025-06-06,140922,1,2,0,42.0
10109862MOREIRAR_2025-06-06_G55,10109862MOREIRAR,2025-06-06,111172,1,4,0,147.0
10109862MOREIRAR_2025-06-06_G56,10109862MOREIRAR,2025-06-06,111418,1,2,0,98.0
10109862MOREIRAR_2025-06-06_G57,10109862MOREIRAR,2025-06-06,109645,1,2,0,80.0
10109862MOREIRAR_2025-06-06_G58,10109862MOREIRAR,2025-06-06,118140,1,4,0,60.0
10109862MOREIRAR_2025-06-06_G59,10109862MOREIRAR,2025-06-06,117808,1,10,0,144.0
10109862MOREIRAR_2025-06-06_G60,10109862MOREIRAR,2025-06-06,110373,1,4,0,103.0
10109862MOREIRAR_2025-06-06_G61,10109862MOREIRAR,2025-06-06,110372,1,8,0,139.0
10109862MOREIRAR_2025-06-06_G62,10109862MOREIRAR,2025-06-06,118299,1,12,0,118.0
10109862MOREIRAR_2025-06-06_G63,10109862MOREIRAR,2025-06-06,117820,1,1,0,52.0
10109862MOREIRAR_2025-06-06_G64,10109862MOREIRAR,2025-06-06,118298,1,1,0,130.0
10109862MOREIRAR_2025-06-06_G65,10109862MOREIRAR,2025-06-06,117855,1,2,0,76.0
10109862MOREIRAR_2025-06-06_G66,10109862MOREIRAR,2025-06-06,111602,1,1,0,72.0
10109862MOREIRAR_2025-06-06_G67,10109862MOREIRAR,2025-06-06,107629,1,2,0,87.0
10109862MOREIRAR_2025-06-07_G02,10109862MOREIRAR,2025-06-07,141047,1,2,0,213.0
10109862MOREIRAR_2025-06-07_G03,10109862MOREIRAR,2025-06-07,117808,1,2,0,377.0
10109862MOREIRAR_2025-06-07_G04,10109862MOREIRAR,2025-06-07,110373,1,2,0,86.0
10109862MOREIRAR_2025-06-07_G05,10109862MOREIRAR,2025-06-07,110372,1,8,0,74.0
10109862MOREIRAR_2025-06-07_G06,10109862MOREIRAR,2025-06-07,118299,1,12,0,138.0
10109862MOREIRAR_2025-06-07_G07,10109862MOREIRAR,2025-06-07,117832,1,2,0,71.0
10109862MOREIRAR_2025-06-07_G08,10109862MOREIRAR,2025-06-07,110375,1,2,0,59.0
10109862MOREIRAR_2025-06-07_G09,10109862MOREIRAR,2025-06-07,117820,1,1,0,317.0
10109862MOREIRAR_2025-06-07_G10,10109862MOREIRAR,2025-06-07,111468,1,2,0,416.0
10109862MOREIRAR_2025-06-07_G11,10109862MOREIRAR,2025-06-07,111172,1,4,0,102.0
10109862MOREIRAR_2025-06-07_G12,10109862MOREIRAR,2025-06-07,118140,1,3,0,95.0
10109862MOREIRAR_2025-06-07_G13,10109862MOREIRAR,2025-06-07,117785,1,2,0,72.0
10109862MOREIRAR_2025-06-07_G14,10109862MOREIRAR,2025-06-07,111465,1,2,0,86.0
10109862MOREIRAR_2025-06-07_G15,10109862MOREIRAR,2025-06-07,109640,1,48,0,1073.0
10109862MOREIRAR_2025-06-07_G16,10109862MOREIRAR,2025-06-07,117786,1,2,0,1929.0
10109862MOREIRAR_2025-06-07_G17,10109862MOREIRAR,2025-06-07,111418,1,3,0,90.0
10109862MOREIRAR_2025-06-07_G18,10109862MOREIRAR,2025-06-07,117808,1,1,0,112.0
10109862MOREIRAR_2025-06-07_G19,10109862MOREIRAR,2025-06-07,109643,1,2,0,160.0
10109862MOREIRAR_2025-06-07_G20,10109862MOREIRAR,2025-06-07,118299,1,7,0,120.0
10109862MOREIRAR_2025-06-07_G21,10109862MOREIRAR,2025-06-07,117830,1,1,0,97.0
10109862MOREIRAR_2025-06-07_G22,10109862MOREIRAR,2025-06-07,118140,1,2,0,189.0
10109862MOREIRAR_2025-06-07_G23,10109862MOREIRAR,2025-06-07,110752,1,3,0,84.0
10109862MOREIRAR_2025-06-07_G24,10109862MOREIRAR,2025-06-07,160051,1,4,0,319.0
10109862MOREIRAR_2025-06-07_G25,10109862MOREIRAR,2025-06-07,108770,1,4,0,133.0
10109862MOREIRAR_2025-06-07_G26,10109862MOREIRAR,2025-06-07,110895,1,3,0,125.0
10109862MOREIRAR_2025-06-07_G27,10109862MOREIRAR,2025-06-07,111569,1,5,0,95.0
10109862MOREIRAR_2025-06-07_G28,10109862MOREIRAR,2025-06-07,118094,1,5,0,290.0
10109862MOREIRAR_2025-06-07_G29,10109862MOREIRAR,2025-06-07,110339,1,5,0,59.0
10109862MOREIRAR_2025-06-07_G30,10109862MOREIRAR,2025-06-07,109640,1,1,0,114.0
10109862MOREIRAR_2025-06-07_G31,10109862MOREIRAR,2025-06-07,111602,1,10,0,68.0
10109862MOREIRAR_2025-06-07_G32,10109862MOREIRAR,2025-06-07,110515,1,8,0,155.0
10109862MOREIRAR_2025-06-07_G33,10109862MOREIRAR,2025-06-07,117856,1,9,0,173.0
10109862MOREIRAR_2025-06-07_G34,10109862MOREIRAR,2025-06-07,111463,1,14,0,393.0
10109862MOREIRAR_2025-06-07_G35,10109862MOREIRAR,2025-06-07,108711,1,7,0,146.0
10109862MOREIRAR_2025-06-07_G36,10109862MOREIRAR,2025-06-07,118140,1,12,0,188.0
10109862MOREIRAR_2025-06-07_G37,10109862MOREIRAR,2025-06-07,111433,1,1,0,74.0
10109862MOREIRAR_2025-06-07_G38,10109862MOREIRAR,2025-06-07,"111465, 117831",2,10,16,101.0
10109862MOREIRAR_2025-06-07_G39,10109862MOREIRAR,2025-06-07,110374,1,6,0,192.0
10109862MOREIRAR_2025-06-07_G40,10109862MOREIRAR,2025-06-07,117808,1,9,0,69.0
10109862MOREIRAR_2025-06-08_G02,10109862MOREIRAR,2025-06-08,108795,1,6,0,128.0
10109862MOREIRAR_2025-06-08_G03,10109862MOREIRAR,2025-06-08,111462,1,5,0,66.0
10109862MOREIRAR_2025-06-08_G04,10109862MOREIRAR,2025-06-08,111469,1,2,0,51.0
10109862MOREIRAR_2025-06-08_G05,10109862MOREIRAR,2025-06-08,111469,1,12,0,164.0
10109862MOREIRAR_2025-06-08_G06,10109862MOREIRAR,2025-06-08,105705,2,18,27,384.0
10109862MOREIRAR_2025-06-08_G07,10109862MOREIRAR,2025-06-08,140922,1,13,0,181.0
10109862MOREIRAR_2025-06-08_G08,10109862MOREIRAR,2025-06-08,111468,1,14,0,445.0
10109862MOREIRAR_2025-06-08_G09,10109862MOREIRAR,2025-06-08,110745,1,9,0,249.0
10109862MOREIRAR_2025-06-08_G10,10109862MOREIRAR,2025-06-08,111466,1,4,0,50.0
10109862MOREIRAR_2025-06-08_G11,10109862MOREIRAR,2025-06-08,111466,1,15,0,184.0
10109862MOREIRAR_2025-06-08_G12,10109862MOREIRAR,2025-06-08,117833,1,7,0,119.0
10109862MOREIRAR_2025-06-08_G13,10109862MOREIRAR,2025-06-08,111172,1,2,0,68.0
10109862MOREIRAR_2025-06-08_G14,10109862MOREIRAR,2025-06-08,108798,1,2,0,31.0
10109862MOREIRAR_2025-06-08_G15,10109862MOREIRAR,2025-06-08,111532,1,35,0,279.0
10109862MOREIRAR_2025-06-08_G16,10109862MOREIRAR,2025-06-08,111532,1,19,0,299.0
10109862MOREIRAR_2025-06-08_G17,10109862MOREIRAR,2025-06-08,111418,1,65,0,554.0
10109862MOREIRAR_2025-06-08_G18,10109862MOREIRAR,2025-06-08,109645,1,10,0,957.0
10109862MOREIRAR_2025-06-08_G19,10109862MOREIRAR,2025-06-08,117787,1,4,0,62.0
10109862MOREIRAR_2025-06-08_G20,10109862MOREIRAR,2025-06-08,111348,1,2,0,48.0
10109862MOREIRAR_2025-06-08_G21,10109862MOREIRAR,2025-06-08,118317,1,5,0,226.0
10109862MOREIRAR_2025-06-08_G22,10109862MOREIRAR,2025-06-08,110787,1,10,0,171.0
10109862MOREIRAR_2025-06-08_G23,10109862MOREIRAR,2025-06-08,111330,1,12,0,166.0
10109862MOREIRAR_2025-06-08_G24,10109862MOREIRAR,2025-06-08,110325,1,7,0,176.0
10109862MOREIRAR_2025-06-08_G25,10109862MOREIRAR,2025-06-08,110374,1,2,0,491.0
10109862MOREIRAR_2025-06-08_G26,10109862MOREIRAR,2025-06-08,110374,1,38,0,621.0
10109862MOREIRAR_2025-06-08_G27,10109862MOREIRAR,2025-06-08,117808,1,130,0,231.0
10109862MOREIRAR_2025-06-08_G28,10109862MOREIRAR,2025-06-08,110373,1,2,0,89.0
10109862MOREIRAR_2025-06-08_G29,10109862MOREIRAR,2025-06-08,110373,1,40,0,622.0
10109862MOREIRAR_2025-06-08_G30,10109862MOREIRAR,2025-06-08,117822,1,7,0,168.0
10109862MOREIRAR_2025-06-08_G31,10109862MOREIRAR,2025-06-08,118299,1,2,0,60.0
10109862MOREIRAR_2025-06-08_G32,10109862MOREIRAR,2025-06-08,118299,1,232,0,524.0
10109862MOREIRAR_2025-06-08_G33,10109862MOREIRAR,2025-06-08,110372,1,2,0,106.0
10109862MOREIRAR_2025-06-08_G34,10109862MOREIRAR,2025-06-08,110372,1,80,0,668.0
10109862MOREIRAR_2025-06-08_G35,10109862MOREIRAR,2025-06-08,110371,1,12,0,227.0
10109862MOREIRAR_2025-06-08_G36,10109862MOREIRAR,2025-06-08,117820,1,2,0,87.0
10109862MOREIRAR_2025-06-08_G37,10109862MOREIRAR,2025-06-08,117820,1,180,0,872.0
10109862MOREIRAR_2025-06-09_G02,10109862MOREIRAR,2025-06-09,118094,1,4,0,150.0
10109862MOREIRAR_2025-06-09_G03,10109862MOREIRAR,2025-06-09,111439,1,4,0,132.0
10109862MOREIRAR_2025-06-09_G04,10109862MOREIRAR,2025-06-09,111530,1,8,0,165.0
10109862MOREIRAR_2025-06-09_G05,10109862MOREIRAR,2025-06-09,111463,1,6,0,134.0
10109862MOREIRAR_2025-06-09_G06,10109862MOREIRAR,2025-06-09,111469,1,20,0,178.0
10109862MOREIRAR_2025-06-09_G07,10109862MOREIRAR,2025-06-09,111469,1,2,0,51.0
10109862MOREIRAR_2025-06-09_G08,10109862MOREIRAR,2025-06-09,111466,1,6,0,81.0
10109862MOREIRAR_2025-06-09_G09,10109862MOREIRAR,2025-06-09,111466,1,4,0,35.0
10109862MOREIRAR_2025-06-09_G10,10109862MOREIRAR,2025-06-09,111418,1,10,0,358.0
10109862MOREIRAR_2025-06-09_G11,10109862MOREIRAR,2025-06-09,111442,1,6,0,96.0
10109862MOREIRAR_2025-06-09_G12,10109862MOREIRAR,2025-06-09,110787,2,4,26,147.0
10109862MOREIRAR_2025-06-09_G13,10109862MOREIRAR,2025-06-09,110325,1,3,0,134.0
10109862MOREIRAR_2025-06-09_G14,10109862MOREIRAR,2025-06-09,110373,1,18,0,313.0
10109862MOREIRAR_2025-06-09_G15,10109862MOREIRAR,2025-06-09,118299,1,40,0,733.0
10109862MOREIRAR_2025-06-09_G16,10109862MOREIRAR,2025-06-09,117820,2,92,7,402.0
10109862MOREIRAR_2025-06-09_G17,10109862MOREIRAR,2025-06-09,117808,1,492,0,2821.0
10109862MOREIRAR_2025-06-09_G18,10109862MOREIRAR,2025-06-09,111876,1,2,0,145.0
10109862MOREIRAR_2025-06-09_G19,10109862MOREIRAR,2025-06-09,108794,1,4,0,876.0
10109862MOREIRAR_2025-06-09_G20,10109862MOREIRAR,2025-06-09,111463,1,3,0,205.0
10109862MOREIRAR_2025-06-09_G21,10109862MOREIRAR,2025-06-09,111182,1,9,0,145.0
10109862MOREIRAR_2025-06-09_G22,10109862MOREIRAR,2025-06-09,108711,1,5,0,166.0
10109862MOREIRAR_2025-06-09_G23,10109862MOREIRAR,2025-06-09,111418,1,3,0,98.0
10109862MOREIRAR_2025-06-09_G24,10109862MOREIRAR,2025-06-09,118223,1,3,0,95.0
10109862MOREIRAR_2025-06-09_G25,10109862MOREIRAR,2025-06-09,118140,1,9,0,137.0
10109862MOREIRAR_2025-06-09_G26,10109862MOREIRAR,2025-06-09,111433,1,1,0,77.0
10109862MOREIRAR_2025-06-09_G27,10109862MOREIRAR,2025-06-09,110787,1,3,0,104.0
10109862MOREIRAR_2025-06-09_G28,10109862MOREIRAR,2025-06-09,111465,1,2,0,59.0
10109862MOREIRAR_2025-06-09_G29,10109862MOREIRAR,2025-06-09,"111330, 117831",2,5,20,65.0
10109862MOREIRAR_2025-06-09_G31,10109862MOREIRAR,2025-06-09,111435,1,20,0,375.0
10109862MOREIRAR_2025-06-09_G32,10109862MOREIRAR,2025-06-09,111182,1,11,0,186.0
10109862MOREIRAR_2025-06-09_G33,10109862MOREIRAR,2025-06-09,111182,1,6,0,61.0
10109862MOREIRAR_2025-06-09_G34,10109862MOREIRAR,2025-06-09,140922,1,4,0,55.0
10109862MOREIRAR_2025-06-09_G35,10109862MOREIRAR,2025-06-09,111469,1,42,0,511.0
10109862MOREIRAR_2025-06-09_G36,10109862MOREIRAR,2025-06-09,111468,1,28,0,175.0
10109862MOREIRAR_2025-06-09_G37,10109862MOREIRAR,2025-06-09,111466,1,6,0,57.0
10109862MOREIRAR_2025-06-09_G38,10109862MOREIRAR,2025-06-09,117833,1,23,0,399.0
10109862MOREIRAR_2025-06-09_G39,10109862MOREIRAR,2025-06-09,111172,1,20,0,312.0
10109862MOREIRAR_2025-06-09_G40,10109862MOREIRAR,2025-06-09,141048,1,8,0,165.0
10109862MOREIRAR_2025-06-09_G41,10109862MOREIRAR,2025-06-09,117842,1,1,0,131.0
10109862MOREIRAR_2025-06-09_G42,10109862MOREIRAR,2025-06-09,118223,1,16,0,259.0
10109862MOREIRAR_2025-06-09_G43,10109862MOREIRAR,2025-06-09,117787,1,13,0,242.0
10109862MOREIRAR_2025-06-09_G44,10109862MOREIRAR,2025-06-09,118317,1,11,0,101.0
10109862MOREIRAR_2025-06-09_G45,10109862MOREIRAR,2025-06-09,110332,1,1,0,223.0
10109862MOREIRAR_2025-06-09_G46,10109862MOREIRAR,2025-06-09,108711,1,40,0,291.0
10109862MOREIRAR_2025-06-09_G47,10109862MOREIRAR,2025-06-09,111442,1,100,0,956.0
10109862MOREIRAR_2025-06-09_G48,10109862MOREIRAR,2025-06-09,111431,1,1,0,234.0
10109862MOREIRAR_2025-06-09_G49,10109862MOREIRAR,2025-06-09,110325,1,8,0,245.0
10109862MOREIRAR_2025-06-09_G50,10109862MOREIRAR,2025-06-09,110374,1,10,0,71.0
10109862MOREIRAR_2025-06-09_G51,10109862MOREIRAR,2025-06-09,117808,1,4,0,55.0
10109862MOREIRAR_2025-06-09_G52,10109862MOREIRAR,2025-06-09,114091,1,2,0,292.0
10109862MOREIRAR_2025-06-09_G53,10109862MOREIRAR,2025-06-09,109648,1,4,0,628.0
10109862MOREIRAR_2025-06-09_G54,10109862MOREIRAR,2025-06-09,109648,1,4,0,36.0
10109862MOREIRAR_2025-06-09_G55,10109862MOREIRAR,2025-06-09,110375,1,90,0,907.0
10109862MOREIRAR_2025-06-09_G56,10109862MOREIRAR,2025-06-09,141202,1,80,0,373.0
10109862MOREIRAR_2025-06-09_G57,10109862MOREIRAR,2025-06-09,117820,1,10,0,187.0
10109862MOREIRAR_2025-06-09_G58,10109862MOREIRAR,2025-06-09,110376,1,11,0,128.0
10109862MOREIRAR_2025-06-10_G02,10109862MOREIRAR,2025-06-10,108794,1,12,0,119.0
10109862MOREIRAR_2025-06-10_G03,10109862MOREIRAR,2025-06-10,111463,1,40,0,481.0
10109862MOREIRAR_2025-06-10_G04,10109862MOREIRAR,2025-06-10,111469,1,20,0,284.0
10109862MOREIRAR_2025-06-10_G05,10109862MOREIRAR,2025-06-10,117838,1,15,0,859.0
10109862MOREIRAR_2025-06-10_G06,10109862MOREIRAR,2025-06-10,140922,1,28,0,230.0
10109862MOREIRAR_2025-06-10_G07,10109862MOREIRAR,2025-06-10,111468,1,10,0,98.0
10109862MOREIRAR_2025-06-10_G08,10109862MOREIRAR,2025-06-10,110745,1,8,0,222.0
10109862MOREIRAR_2025-06-10_G09,10109862MOREIRAR,2025-06-10,111466,1,33,0,241.0
10109862MOREIRAR_2025-06-10_G10,10109862MOREIRAR,2025-06-10,108711,1,14,0,272.0
10109862MOREIRAR_2025-06-10_G11,10109862MOREIRAR,2025-06-10,111418,1,30,0,597.0
10109862MOREIRAR_2025-06-10_G12,10109862MOREIRAR,2025-06-10,111442,1,2,0,71.0
10109862MOREIRAR_2025-06-10_G13,10109862MOREIRAR,2025-06-10,117821,1,55,0,850.0
10109862MOREIRAR_2025-06-10_G14,10109862MOREIRAR,2025-06-10,107236,1,14,0,508.0
10109862MOREIRAR_2025-06-10_G15,10109862MOREIRAR,2025-06-10,110372,1,31,0,1297.0
10109862MOREIRAR_2025-06-10_G16,10109862MOREIRAR,2025-06-10,110374,1,26,0,2219.0
10109862MOREIRAR_2025-06-10_G17,10109862MOREIRAR,2025-06-10,117808,1,14,0,153.0
10109862MOREIRAR_2025-06-10_G18,10109862MOREIRAR,2025-06-10,109643,1,6,0,80.0
10109862MOREIRAR_2025-06-10_G19,10109862MOREIRAR,2025-06-10,118299,1,12,0,107.0
10109862MOREIRAR_2025-06-10_G20,10109862MOREIRAR,2025-06-10,117832,1,14,0,191.0
10109862MOREIRAR_2025-06-10_G22,10109862MOREIRAR,2025-06-10,110313,1,20,0,254.0
10109862MOREIRAR_2025-06-10_G23,10109862MOREIRAR,2025-06-10,110515,1,20,0,149.0
10109862MOREIRAR_2025-06-10_G24,10109862MOREIRAR,2025-06-10,111435,1,1,0,178.0
10109862MOREIRAR_2025-06-10_G25,10109862MOREIRAR,2025-06-10,108794,1,11,0,230.0
10109862MOREIRAR_2025-06-10_G26,10109862MOREIRAR,2025-06-10,111182,1,2,0,85.0
10109862MOREIRAR_2025-06-10_G27,10109862MOREIRAR,2025-06-10,108711,1,3,0,79.0
10109862MOREIRAR_2025-06-10_G28,10109862MOREIRAR,2025-06-10,109645,1,1,0,67.0
10109862MOREIRAR_2025-06-10_G29,10109862MOREIRAR,2025-06-10,111348,1,3,0,52.0
10109862MOREIRAR_2025-06-10_G30,10109862MOREIRAR,2025-06-10,117821,1,4,0,79.0
10109862MOREIRAR_2025-06-10_G31,10109862MOREIRAR,2025-06-10,110325,1,4,0,169.0
10109862MOREIRAR_2025-06-10_G32,10109862MOREIRAR,2025-06-10,110373,1,10,0,134.0
10109862MOREIRAR_2025-06-10_G33,10109862MOREIRAR,2025-06-10,110375,1,3,0,86.0
10109862MOREIRAR_2025-06-10_G34,10109862MOREIRAR,2025-06-10,117809,1,3,0,122.0
10109862MOREIRAR_2025-06-10_G35,10109862MOREIRAR,2025-06-10,117808,1,50,0,335.0
10109862MOREIRAR_2025-06-10_G36,10109862MOREIRAR,2025-06-10,110372,1,100,0,305.0
10109862MOREIRAR_2025-06-10_G37,10109862MOREIRAR,2025-06-10,107629,1,10,0,762.0
10109862MOREIRAR_2025-06-10_G38,10109862MOREIRAR,2025-06-10,110515,1,20,0,633.0
10109862MOREIRAR_2025-06-10_G39,10109862MOREIRAR,2025-06-10,110753,1,6,0,258.0
10109862MOREIRAR_2025-06-10_G40,10109862MOREIRAR,2025-06-10,117855,1,10,0,93.0
10109862MOREIRAR_2025-06-10_G41,10109862MOREIRAR,2025-06-10,117853,1,4,0,88.0
10109862MOREIRAR_2025-06-10_G42,10109862MOREIRAR,2025-06-10,117786,1,10,0,395.0
10109862MOREIRAR_2025-06-10_G43,10109862MOREIRAR,2025-06-10,111530,1,10,0,136.0
10109862MOREIRAR_2025-06-10_G44,10109862MOREIRAR,2025-06-10,110313,1,16,0,185.0
10109862MOREIRAR_2025-06-10_G45,10109862MOREIRAR,2025-06-10,109643,1,16,0,194.0
10109862MOREIRAR_2025-06-10_G46,10109862MOREIRAR,2025-06-10,110373,1,171,0,547.0
10109862MOREIRAR_2025-06-10_G47,10109862MOREIRAR,2025-06-10,"110742, 111660, 110747, 108759, 111441",6,15,58,155.0
10109862MOREIRAR_2025-06-10_G48,10109862MOREIRAR,2025-06-10,117832,1,10,0,132.0
10109862MOREIRAR_2025-06-10_G49,10109862MOREIRAR,2025-06-10,110371,1,20,0,151.0
10109862MOREIRAR_2025-06-10_G50,10109862MOREIRAR,2025-06-10,117809,1,10,0,87.0
10109862MOREIRAR_2025-06-10_G51,10109862MOREIRAR,2025-06-10,110325,1,30,0,403.0
10109862MOREIRAR_2025-06-10_G52,10109862MOREIRAR,2025-06-10,"110742, 110747, 108759, 111569",4,36,26,1401.0
10109862MOREIRAR_2025-06-10_G53,10109862MOREIRAR,2025-06-10,111172,1,10,0,582.0
10109862MOREIRAR_2025-06-10_G54,10109862MOREIRAR,2025-06-10,108711,1,10,0,78.0
10109862MOREIRAR_2025-06-10_G55,10109862MOREIRAR,2025-06-10,118140,1,50,0,710.0
10109862MOREIRAR_2025-06-10_G56,10109862MOREIRAR,2025-06-10,109645,1,2,0,283.0
10109862MOREIRAR_2025-06-11_G02,10109862MOREIRAR,2025-06-11,118317,1,30,0,453.0
10109862MOREIRAR_2025-06-11_G03,10109862MOREIRAR,2025-06-11,117821,1,30,0,371.0
10109862MOREIRAR_2025-06-11_G04,10109862MOREIRAR,2025-06-11,111465,1,20,0,139.0
10109862MOREIRAR_2025-06-11_G05,10109862MOREIRAR,2025-06-11,"111462, 109641, 111443",3,35,25,205.0
10109862MOREIRAR_2025-06-11_G06,10109862MOREIRAR,2025-06-11,117820,1,171,0,556.0
10109862MOREIRAR_2025-06-11_G07,10109862MOREIRAR,2025-06-11,108794,1,20,0,2524.0
10109862MOREIRAR_2025-06-11_G08,10109862MOREIRAR,2025-06-11,111469,1,20,0,53.0
10109862MOREIRAR_2025-06-11_G09,10109862MOREIRAR,2025-06-11,"105705, 140922",2,30,11,41.0
10109862MOREIRAR_2025-06-11_G10,10109862MOREIRAR,2025-06-11,117785,1,50,0,241.0
10109862MOREIRAR_2025-06-11_G12,10109862MOREIRAR,2025-06-11,110752,1,3,0,57.0
10109862MOREIRAR_2025-06-11_G13,10109862MOREIRAR,2025-06-11,111466,1,4,0,337.0
10109862MOREIRAR_2025-06-11_G14,10109862MOREIRAR,2025-06-11,118140,1,2,0,70.0
10109862MOREIRAR_2025-06-11_G15,10109862MOREIRAR,2025-06-11,111418,1,2,0,83.0
10109862MOREIRAR_2025-06-11_G16,10109862MOREIRAR,2025-06-11,117808,1,2,0,103.0
10109862MOREIRAR_2025-06-11_G17,10109862MOREIRAR,2025-06-11,110373,1,6,0,639.0
10109862MOREIRAR_2025-06-11_G18,10109862MOREIRAR,2025-06-11,110755,1,4,0,312.0
10109862MOREIRAR_2025-06-11_G19,10109862MOREIRAR,2025-06-11,108759,1,7,0,277.0
10109862MOREIRAR_2025-06-11_G20,10109862MOREIRAR,2025-06-11,110733,1,10,0,388.0
10109862MOREIRAR_2025-06-11_G21,10109862MOREIRAR,2025-06-11,116241,1,4,0,792.0
10109862MOREIRAR_2025-06-11_G22,10109862MOREIRAR,2025-06-11,117834,1,1,0,3445.0
10109862MOREIRAR_2025-06-11_G23,10109862MOREIRAR,2025-06-11,108759,1,2,0,66.0
10109862MOREIRAR_2025-06-11_G24,10109862MOREIRAR,2025-06-11,140911,1,2,0,76.0
10109862MOREIRAR_2025-06-11_G25,10109862MOREIRAR,2025-06-11,111430,1,2,0,68.0
10109862MOREIRAR_2025-06-11_G26,10109862MOREIRAR,2025-06-11,100334,1,8,0,250.0
10109862MOREIRAR_2025-06-11_G27,10109862MOREIRAR,2025-06-11,111441,1,4,0,154.0
10109862MOREIRAR_2025-06-11_G28,10109862MOREIRAR,2025-06-11,117835,1,8,0,148.0
10109862MOREIRAR_2025-06-11_G29,10109862MOREIRAR,2025-06-11,111569,1,16,0,472.0
10109862MOREIRAR_2025-06-11_G30,10109862MOREIRAR,2025-06-11,110895,1,12,0,409.0
10109862MOREIRAR_2025-06-11_G31,10109862MOREIRAR,2025-06-11,116241,1,2,0,133.0
10109862MOREIRAR_2025-06-11_G32,10109862MOREIRAR,2025-06-11,117838,1,3,0,75.0
10109862MOREIRAR_2025-06-11_G33,10109862MOREIRAR,2025-06-11,140922,1,29,0,360.0
10109862MOREIRAR_2025-06-11_G34,10109862MOREIRAR,2025-06-11,110745,1,2,0,62.0
10109862MOREIRAR_2025-06-11_G35,10109862MOREIRAR,2025-06-11,117841,1,1,0,132.0
10109862MOREIRAR_2025-06-11_G36,10109862MOREIRAR,2025-06-11,111443,1,1,0,85.0
10109862MOREIRAR_2025-06-11_G37,10109862MOREIRAR,2025-06-11,117842,1,4,0,108.0
10109862MOREIRAR_2025-06-11_G38,10109862MOREIRAR,2025-06-11,111465,1,18,0,263.0
10109862MOREIRAR_2025-06-12_G02,10109862MOREIRAR,2025-06-12,111469,1,6,0,130.0
10109862MOREIRAR_2025-06-12_G03,10109862MOREIRAR,2025-06-12,105705,1,4,0,61.0
10109862MOREIRAR_2025-06-12_G04,10109862MOREIRAR,2025-06-12,140922,1,19,0,195.0
10109862MOREIRAR_2025-06-12_G05,10109862MOREIRAR,2025-06-12,110745,1,3,0,77.0
10109862MOREIRAR_2025-06-12_G06,10109862MOREIRAR,2025-06-12,111443,1,3,0,100.0
10109862MOREIRAR_2025-06-12_G07,10109862MOREIRAR,2025-06-12,108711,1,2,0,93.0
10109862MOREIRAR_2025-06-12_G08,10109862MOREIRAR,2025-06-12,118140,1,2,0,100.0
10109862MOREIRAR_2025-06-12_G09,10109862MOREIRAR,2025-06-12,111431,1,2,0,64.0
10109862MOREIRAR_2025-06-12_G10,10109862MOREIRAR,2025-06-12,117787,1,4,0,160.0
10109862MOREIRAR_2025-06-12_G11,10109862MOREIRAR,2025-06-12,111433,1,6,0,94.0
10109862MOREIRAR_2025-06-12_G12,10109862MOREIRAR,2025-06-12,111465,1,6,0,479.0
10109862MOREIRAR_2025-06-12_G13,10109862MOREIRAR,2025-06-12,111435,1,7,0,345.0
10109862MOREIRAR_2025-06-12_G14,10109862MOREIRAR,2025-06-12,111463,1,67,0,1309.0
10109862MOREIRAR_2025-06-12_G15,10109862MOREIRAR,2025-06-12,111469,1,46,0,565.0
10109862MOREIRAR_2025-06-12_G16,10109862MOREIRAR,2025-06-12,111462,1,2,0,80.0
10109862MOREIRAR_2025-06-12_G17,10109862MOREIRAR,2025-06-12,111418,1,126,0,769.0
10109862MOREIRAR_2025-06-12_G18,10109862MOREIRAR,2025-06-12,117785,1,56,0,303.0
10109862MOREIRAR_2025-06-12_G19,10109862MOREIRAR,2025-06-12,118317,1,80,0,561.0
10109862MOREIRAR_2025-06-12_G20,10109862MOREIRAR,2025-06-12,118140,1,18,0,205.0
10109862MOREIRAR_2025-06-12_G22,10109862MOREIRAR,2025-06-12,111469,1,6,0,108.0
10109862MOREIRAR_2025-06-12_G23,10109862MOREIRAR,2025-06-12,111466,1,4,0,82.0
10109862MOREIRAR_2025-06-12_G24,10109862MOREIRAR,2025-06-12,110373,1,7,0,108.0
10109862MOREIRAR_2025-06-12_G25,10109862MOREIRAR,2025-06-12,110376,1,1,0,118.0
10109862MOREIRAR_2025-06-12_G26,10109862MOREIRAR,2025-06-12,118299,1,2,0,56.0
10109862MOREIRAR_2025-06-13_G02,10109862MOREIRAR,2025-06-13,108794,1,12,0,124.0
10109862MOREIRAR_2025-06-13_G03,10109862MOREIRAR,2025-06-13,111463,1,31,0,158.0
10109862MOREIRAR_2025-06-13_G04,10109862MOREIRAR,2025-06-13,111469,1,8,0,113.0
10109862MOREIRAR_2025-06-13_G05,10109862MOREIRAR,2025-06-13,111182,1,3,0,80.0
10109862MOREIRAR_2025-06-13_G06,10109862MOREIRAR,2025-06-13,140922,1,6,0,63.0
10109862MOREIRAR_2025-06-13_G07,10109862MOREIRAR,2025-06-13,110745,1,2,0,94.0
10109862MOREIRAR_2025-06-13_G08,10109862MOREIRAR,2025-06-13,111172,1,11,0,181.0
10109862MOREIRAR_2025-06-13_G09,10109862MOREIRAR,2025-06-13,108711,1,5,0,390.0
10109862MOREIRAR_2025-06-13_G10,10109862MOREIRAR,2025-06-13,111532,1,22,0,158.0
10109862MOREIRAR_2025-06-13_G11,10109862MOREIRAR,2025-06-13,110748,1,1,0,156.0
10109862MOREIRAR_2025-06-13_G12,10109862MOREIRAR,2025-06-13,117787,1,12,0,141.0
10109862MOREIRAR_2025-06-13_G13,10109862MOREIRAR,2025-06-13,118317,1,20,0,209.0
10109862MOREIRAR_2025-06-13_G14,10109862MOREIRAR,2025-06-13,118140,1,2,0,80.0
10109862MOREIRAR_2025-06-13_G15,10109862MOREIRAR,2025-06-13,107236,1,6,0,92.0
10109862MOREIRAR_2025-06-13_G16,10109862MOREIRAR,2025-06-13,111465,1,17,0,390.0
10109862MOREIRAR_2025-06-13_G17,10109862MOREIRAR,2025-06-13,111469,1,26,0,427.0
10109862MOREIRAR_2025-06-13_G18,10109862MOREIRAR,2025-06-13,117831,1,26,0,460.0
10109862MOREIRAR_2025-06-13_G19,10109862MOREIRAR,2025-06-13,111418,1,93,0,886.0
10109862MOREIRAR_2025-06-13_G20,10109862MOREIRAR,2025-06-13,117785,1,97,0,970.0
10109862MOREIRAR_2025-06-13_G21,10109862MOREIRAR,2025-06-13,141047,1,6,0,2618.0
10109862MOREIRAR_2025-06-13_G22,10109862MOREIRAR,2025-06-13,110580,1,2,0,100.0
10109862MOREIRAR_2025-06-13_G23,10109862MOREIRAR,2025-06-13,111876,1,9,0,97.0
10109862MOREIRAR_2025-06-13_G24,10109862MOREIRAR,2025-06-13,110515,1,7,0,166.0
10109862MOREIRAR_2025-06-13_G25,10109862MOREIRAR,2025-06-13,118298,1,3,0,47.0
10109862MOREIRAR_2025-06-13_G26,10109862MOREIRAR,2025-06-13,117862,1,15,0,101.0
10109862MOREIRAR_2025-06-13_G27,10109862MOREIRAR,2025-06-13,117855,1,26,0,615.0
10109862MOREIRAR_2025-06-13_G28,10109862MOREIRAR,2025-06-13,117855,1,2,0,65.0
10109862MOREIRAR_2025-06-13_G29,10109862MOREIRAR,2025-06-13,117861,1,6,0,74.0
10109862MOREIRAR_2025-06-13_G30,10109862MOREIRAR,2025-06-13,111467,1,11,0,208.0
10109862MOREIRAR_2025-06-13_G31,10109862MOREIRAR,2025-06-13,110752,1,2,0,63.0
10109862MOREIRAR_2025-06-13_G32,10109862MOREIRAR,2025-06-13,110752,1,10,0,73.0
10109862MOREIRAR_2025-06-13_G34,10109862MOREIRAR,2025-06-13,140922,1,8,0,123.0
10109862MOREIRAR_2025-06-13_G35,10109862MOREIRAR,2025-06-13,110754,1,8,0,680.0
10109862MOREIRAR_2025-06-13_G36,10109862MOREIRAR,2025-06-13,109640,1,8,0,185.0
10109862MOREIRAR_2025-06-13_G37,10109862MOREIRAR,2025-06-13,111441,1,1,0,582.0
10109862MOREIRAR_2025-06-13_G38,10109862MOREIRAR,2025-06-13,117835,1,2,0,155.0
10109862MOREIRAR_2025-06-13_G39,10109862MOREIRAR,2025-06-13,111438,1,1,0,68.0
10109862MOREIRAR_2025-06-13_G40,10109862MOREIRAR,2025-06-13,118094,1,3,0,131.0
10109862MOREIRAR_2025-06-13_G41,10109862MOREIRAR,2025-06-13,110515,1,10,0,130.0
10109862MOREIRAR_2025-06-13_G42,10109862MOREIRAR,2025-06-13,110752,1,4,0,146.0
10109862MOREIRAR_2025-06-13_G43,10109862MOREIRAR,2025-06-13,110313,1,3,0,75.0
10109862MOREIRAR_2025-06-13_G44,10109862MOREIRAR,2025-06-13,117856,1,10,0,150.0
10109862MOREIRAR_2025-06-13_G45,10109862MOREIRAR,2025-06-13,108772,1,4,0,342.0
10109862MOREIRAR_2025-06-13_G46,10109862MOREIRAR,2025-06-13,111569,1,4,0,1560.0
10109862MOREIRAR_2025-06-13_G47,10109862MOREIRAR,2025-06-13,118094,1,4,0,126.0
10109862MOREIRAR_2025-06-13_G48,10109862MOREIRAR,2025-06-13,110339,1,4,0,116.0
10109862MOREIRAR_2025-06-13_G49,10109862MOREIRAR,2025-06-13,117862,1,4,0,87.0
10109862MOREIRAR_2025-06-13_G50,10109862MOREIRAR,2025-06-13,117856,1,1,0,113.0
10109862MOREIRAR_2025-06-13_G51,10109862MOREIRAR,2025-06-13,111602,1,2,0,57.0
10109862MOREIRAR_2025-06-13_G52,10109862MOREIRAR,2025-06-13,117862,1,4,0,377.0
10109862MOREIRAR_2025-06-13_G53,10109862MOREIRAR,2025-06-13,110733,1,2,0,90.0
10109862MOREIRAR_2025-06-13_G54,10109862MOREIRAR,2025-06-13,111602,1,4,0,104.0
10109862MOREIRAR_2025-06-13_G55,10109862MOREIRAR,2025-06-13,111463,1,2,0,156.0
10109862MOREIRAR_2025-06-13_G56,10109862MOREIRAR,2025-06-13,111469,1,8,0,75.0
10109862MOREIRAR_2025-06-13_G57,10109862MOREIRAR,2025-06-13,111466,1,6,0,90.0
10109862MOREIRAR_2025-06-13_G58,10109862MOREIRAR,2025-06-13,117831,1,4,0,39.0
10109862MOREIRAR_2025-06-13_G59,10109862MOREIRAR,2025-06-13,111462,1,16,0,296.0
10109862MOREIRAR_2025-06-13_G60,10109862MOREIRAR,2025-06-13,111418,1,2,0,82.0
10109862MOREIRAR_2025-06-13_G61,10109862MOREIRAR,2025-06-13,111418,1,12,0,78.0
10109862MOREIRAR_2025-06-13_G62,10109862MOREIRAR,2025-06-13,117785,1,2,0,91.0
10109862MOREIRAR_2025-06-13_G63,10109862MOREIRAR,2025-06-13,117787,1,2,0,62.0
10109862MOREIRAR_2025-06-13_G64,10109862MOREIRAR,2025-06-13,110787,1,2,0,88.0
10109862MOREIRAR_2025-06-13_G65,10109862MOREIRAR,2025-06-13,116241,1,4,0,507.0
10109862MOREIRAR_2025-06-13_G66,10109862MOREIRAR,2025-06-13,111463,1,2,0,102.0
10109862MOREIRAR_2025-06-13_G67,10109862MOREIRAR,2025-06-13,111469,1,4,0,49.0
10109862MOREIRAR_2025-06-13_G68,10109862MOREIRAR,2025-06-13,111466,1,4,0,85.0
10109862MOREIRAR_2025-06-13_G69,10109862MOREIRAR,2025-06-13,111462,1,3,0,237.0
10109862MOREIRAR_2025-06-13_G70,10109862MOREIRAR,2025-06-13,111444,1,4,0,139.0
10109862MOREIRAR_2025-06-13_G71,10109862MOREIRAR,2025-06-13,117821,1,4,0,114.0
10109862MOREIRAR_2025-06-13_G72,10109862MOREIRAR,2025-06-13,118140,1,4,0,99.0
10109862MOREIRAR_2025-06-13_G73,10109862MOREIRAR,2025-06-13,117837,1,8,0,457.0
10109862MOREIRAR_2025-06-13_G74,10109862MOREIRAR,2025-06-13,110374,1,4,0,300.0
10109862MOREIRAR_2025-06-13_G75,10109862MOREIRAR,2025-06-13,117808,1,26,0,223.0
10109862MOREIRAR_2025-06-13_G76,10109862MOREIRAR,2025-06-13,118299,1,16,0,147.0
10109862MOREIRAR_2025-06-13_G77,10109862MOREIRAR,2025-06-13,110372,1,4,0,55.0
10109862MOREIRAR_2025-06-13_G78,10109862MOREIRAR,2025-06-13,117820,1,2,0,82.0
10109862MOREIRAR_2025-06-13_G79,10109862MOREIRAR,2025-06-13,110325,1,2,0,390.0
10109862MOREIRAR_2025-06-13_G80,10109862MOREIRAR,2025-06-13,110374,1,5,0,51.0
10109862MOREIRAR_2025-06-13_G81,10109862MOREIRAR,2025-06-13,117808,1,7,0,217.0
10109862MOREIRAR_2025-06-13_G82,10109862MOREIRAR,2025-06-13,109643,1,4,0,73.0
10109862MOREIRAR_2025-06-13_G83,10109862MOREIRAR,2025-06-13,110373,1,8,0,185.0
10109862MOREIRAR_2025-06-13_G84,10109862MOREIRAR,2025-06-13,118299,1,2,0,101.0
10109862MOREIRAR_2025-06-13_G85,10109862MOREIRAR,2025-06-13,110372,1,7,0,77.0
10109862MOREIRAR_2025-06-14_G02,10109862MOREIRAR,2025-06-14,111418,1,11,0,253.0
10109862MOREIRAR_2025-06-14_G04,10109862MOREIRAR,2025-06-14,110372,1,150,0,766.0
10109862MOREIRAR_2025-06-14_G05,10109862MOREIRAR,2025-06-14,117822,1,24,0,278.0
10109862MOREIRAR_2025-06-14_G06,10109862MOREIRAR,2025-06-14,117830,1,100,0,423.0
10109862MOREIRAR_2025-06-14_G07,10109862MOREIRAR,2025-06-14,110371,1,150,0,647.0
10109862MOREIRAR_2025-06-14_G08,10109862MOREIRAR,2025-06-14,117820,1,150,0,1074.0
10109862MOREIRAR_2025-06-15_G02,10109862MOREIRAR,2025-06-15,117808,1,470,0,1432.0
10109862MOREIRAR_2025-06-15_G03,10109862MOREIRAR,2025-06-15,118299,1,300,0,1527.0
10109862MOREIRAR_2025-06-15_G04,10109862MOREIRAR,2025-06-15,109647,1,2,0,3075.0
10109862MOREIRAR_2025-06-15_G05,10109862MOREIRAR,2025-06-15,110339,1,2,0,86.0
10109862MOREIRAR_2025-06-15_G06,10109862MOREIRAR,2025-06-15,111602,1,2,0,88.0
10109862MOREIRAR_2025-06-15_G07,10109862MOREIRAR,2025-06-15,111466,1,4,0,110.0
10109862MOREIRAR_2025-06-15_G08,10109862MOREIRAR,2025-06-15,117833,1,4,0,75.0
10109862MOREIRAR_2025-06-15_G09,10109862MOREIRAR,2025-06-15,111532,1,2,0,77.0
10109862MOREIRAR_2025-06-15_G10,10109862MOREIRAR,2025-06-15,109641,1,2,0,66.0
10109862MOREIRAR_2025-06-15_G11,10109862MOREIRAR,2025-06-15,111462,1,2,0,34.0
10109862MOREIRAR_2025-06-15_G12,10109862MOREIRAR,2025-06-15,117787,1,2,0,69.0
10109862MOREIRAR_2025-06-15_G13,10109862MOREIRAR,2025-06-15,111418,1,2,0,43.0
10109862MOREIRAR_2025-06-15_G14,10109862MOREIRAR,2025-06-15,110374,1,2,0,101.0
10109862MOREIRAR_2025-06-15_G15,10109862MOREIRAR,2025-06-15,117808,1,12,0,159.0
10109862MOREIRAR_2025-06-15_G16,10109862MOREIRAR,2025-06-15,109643,1,4,0,55.0
10109862MOREIRAR_2025-06-15_G17,10109862MOREIRAR,2025-06-15,110372,1,2,0,82.0
10109862MOREIRAR_2025-06-15_G18,10109862MOREIRAR,2025-06-15,110371,1,4,0,112.0
10109862MOREIRAR_2025-06-15_G19,10109862MOREIRAR,2025-06-15,117820,1,2,0,39.0
10109862MOREIRAR_2025-06-15_G20,10109862MOREIRAR,2025-06-15,111602,1,4,0,616.0
10109862MOREIRAR_2025-06-15_G21,10109862MOREIRAR,2025-06-15,110733,1,6,0,151.0
10109862MOREIRAR_2025-06-15_G22,10109862MOREIRAR,2025-06-15,111418,1,8,0,131.0
10109862MOREIRAR_2025-06-15_G23,10109862MOREIRAR,2025-06-15,110787,1,1,0,156.0
10109862MOREIRAR_2025-06-15_G24,10109862MOREIRAR,2025-06-15,111462,1,8,0,205.0
10109862MOREIRAR_2025-06-15_G25,10109862MOREIRAR,2025-06-15,110325,1,13,0,206.0
10109862MOREIRAR_2025-06-15_G26,10109862MOREIRAR,2025-06-15,108711,1,4,0,219.0
10109862MOREIRAR_2025-06-15_G27,10109862MOREIRAR,2025-06-15,117808,1,2,0,110.0
10109862MOREIRAR_2025-06-16_G02,10109862MOREIRAR,2025-06-16,110375,1,2,0,155.0
10109862MOREIRAR_2025-06-16_G03,10109862MOREIRAR,2025-06-16,160051,1,7,0,257.0
10109862MOREIRAR_2025-06-16_G04,10109862MOREIRAR,2025-06-16,110515,1,4,0,795.0
10109862MOREIRAR_2025-06-16_G05,10109862MOREIRAR,2025-06-16,117862,1,4,0,95.0
10109862MOREIRAR_2025-06-16_G06,10109862MOREIRAR,2025-06-16,111602,1,4,0,525.0
10109862MOREIRAR_2025-06-16_G07,10109862MOREIRAR,2025-06-16,111530,1,4,0,54.0
10109862MOREIRAR_2025-06-16_G08,10109862MOREIRAR,2025-06-16,117785,1,4,0,99.0
10109862MOREIRAR_2025-06-16_G09,10109862MOREIRAR,2025-06-16,111463,1,7,0,178.0
10109862MOREIRAR_2025-06-16_G10,10109862MOREIRAR,2025-06-16,111444,1,4,0,112.0
10109862MOREIRAR_2025-06-16_G11,10109862MOREIRAR,2025-06-16,111418,1,2,0,39.0
10109862MOREIRAR_2025-06-16_G12,10109862MOREIRAR,2025-06-16,110787,1,4,0,128.0
10109862MOREIRAR_2025-06-16_G13,10109862MOREIRAR,2025-06-16,109643,1,2,0,471.0
10109862MOREIRAR_2025-06-16_G14,10109862MOREIRAR,2025-06-16,118299,1,16,0,177.0
10109862MOREIRAR_2025-06-16_G15,10109862MOREIRAR,2025-06-16,117820,1,16,0,193.0
10109862MOREIRAR_2025-06-16_G16,10109862MOREIRAR,2025-06-16,117808,1,11,0,39.0
10109862MOREIRAR_2025-06-16_G17,10109862MOREIRAR,2025-06-16,108361,1,2,0,2257.0
10109862MOREIRAR_2025-06-16_G18,10109862MOREIRAR,2025-06-16,111462,1,4,0,88.0
10109862MOREIRAR_2025-06-16_G19,10109862MOREIRAR,2025-06-16,111569,1,4,0,110.0
10109862MOREIRAR_2025-06-16_G20,10109862MOREIRAR,2025-06-16,109643,1,1,0,54.0
10109862MOREIRAR_2025-06-16_G21,10109862MOREIRAR,2025-06-16,118140,1,1,0,69.0
10109862MOREIRAR_2025-06-16_G22,10109862MOREIRAR,2025-06-16,117820,1,1,0,75.0
10109862MOREIRAR_2025-06-16_G23,10109862MOREIRAR,2025-06-16,110371,1,3,0,106.0
10109862MOREIRAR_2025-06-16_G24,10109862MOREIRAR,2025-06-16,140911,1,2,0,261.0
10109862MOREIRAR_2025-06-16_G25,10109862MOREIRAR,2025-06-16,118222,1,4,0,160.0
10109862MOREIRAR_2025-06-16_G26,10109862MOREIRAR,2025-06-16,110747,1,4,0,300.0
10109862MOREIRAR_2025-06-16_G27,10109862MOREIRAR,2025-06-16,110371,1,2,0,156.0
10109862MOREIRAR_2025-06-16_G28,10109862MOREIRAR,2025-06-16,111442,1,6,0,131.0
10109862MOREIRAR_2025-06-16_G29,10109862MOREIRAR,2025-06-16,111602,1,4,0,108.0
10109862MOREIRAR_2025-06-16_G30,10109862MOREIRAR,2025-06-16,108711,1,2,0,134.0
10109862MOREIRAR_2025-06-16_G31,10109862MOREIRAR,2025-06-16,111602,1,2,0,207.0
10109862MOREIRAR_2025-06-16_G32,10109862MOREIRAR,2025-06-16,110515,1,4,0,179.0
10109862MOREIRAR_2025-06-16_G33,10109862MOREIRAR,2025-06-16,111463,1,2,0,41.0
10109862MOREIRAR_2025-06-16_G34,10109862MOREIRAR,2025-06-16,111469,1,6,0,81.0
10109862MOREIRAR_2025-06-16_G35,10109862MOREIRAR,2025-06-16,140922,1,4,0,58.0
10109862MOREIRAR_2025-06-16_G36,10109862MOREIRAR,2025-06-16,111466,1,10,0,63.0
10109862MOREIRAR_2025-06-16_G37,10109862MOREIRAR,2025-06-16,111462,1,8,0,99.0
10109862MOREIRAR_2025-06-16_G38,10109862MOREIRAR,2025-06-16,117787,1,2,0,84.0
10109862MOREIRAR_2025-06-16_G39,10109862MOREIRAR,2025-06-16,118140,1,4,0,86.0
10109862MOREIRAR_2025-06-16_G40,10109862MOREIRAR,2025-06-16,111418,1,8,0,182.0
10109862MOREIRAR_2025-06-16_G42,10109862MOREIRAR,2025-06-16,117854,1,12,0,941.0
10109862MOREIRAR_2025-06-16_G43,10109862MOREIRAR,2025-06-16,117786,1,12,0,135.0
10109862MOREIRAR_2025-06-16_G44,10109862MOREIRAR,2025-06-16,110515,1,10,0,147.0
10109862MOREIRAR_2025-06-16_G45,10109862MOREIRAR,2025-06-16,118298,1,1,0,44.0
10109862MOREIRAR_2025-06-16_G46,10109862MOREIRAR,2025-06-16,117862,1,10,0,105.0
10109862MOREIRAR_2025-06-16_G47,10109862MOREIRAR,2025-06-16,117861,1,6,0,361.0
10109862MOREIRAR_2025-06-16_G48,10109862MOREIRAR,2025-06-16,111467,1,18,0,789.0
10109862MOREIRAR_2025-06-16_G49,10109862MOREIRAR,2025-06-16,117853,1,16,0,158.0
10109862MOREIRAR_2025-06-16_G50,10109862MOREIRAR,2025-06-16,108772,1,2,0,112.0
10109862MOREIRAR_2025-06-16_G51,10109862MOREIRAR,2025-06-16,110733,1,16,0,275.0
10109862MOREIRAR_2025-06-16_G52,10109862MOREIRAR,2025-06-16,111530,1,30,0,335.0
10109862MOREIRAR_2025-06-16_G53,10109862MOREIRAR,2025-06-16,109640,1,50,0,317.0
10109862MOREIRAR_2025-06-16_G54,10109862MOREIRAR,2025-06-16,109640,1,18,0,371.0
10109862MOREIRAR_2025-06-16_G55,10109862MOREIRAR,2025-06-16,117855,1,30,0,469.0
10109862MOREIRAR_2025-06-16_G56,10109862MOREIRAR,2025-06-16,110339,1,12,0,1606.0
10109862MOREIRAR_2025-06-16_G57,10109862MOREIRAR,2025-06-16,110515,1,20,0,285.0
10109862MOREIRAR_2025-06-16_G58,10109862MOREIRAR,2025-06-16,110515,1,60,0,1015.0
10109862MOREIRAR_2025-06-16_G59,10109862MOREIRAR,2025-06-16,110733,1,4,0,279.0
10109862MOREIRAR_2025-06-16_G60,10109862MOREIRAR,2025-06-16,110733,1,8,0,66.0
10109862MOREIRAR_2025-06-17_G02,10109862MOREIRAR,2025-06-17,110375,1,90,0,570.0
10109862MOREIRAR_2025-06-17_G03,10109862MOREIRAR,2025-06-17,110372,1,1044,0,1913.0
10109862MOREIRAR_2025-06-17_G04,10109862MOREIRAR,2025-06-17,110371,1,160,0,261.0
10109862MOREIRAR_2025-06-17_G05,10109862MOREIRAR,2025-06-17,109640,1,28,0,513.0
10109862MOREIRAR_2025-06-17_G06,10109862MOREIRAR,2025-06-17,110515,1,140,0,532.0
10109862MOREIRAR_2025-06-17_G07,10109862MOREIRAR,2025-06-17,111530,1,140,0,368.0
10109862MOREIRAR_2025-06-17_G08,10109862MOREIRAR,2025-06-17,105705,1,6,0,873.0
10109862MOREIRAR_2025-06-17_G09,10109862MOREIRAR,2025-06-17,111463,1,42,0,328.0
10109862MOREIRAR_2025-06-17_G10,10109862MOREIRAR,2025-06-17,117831,1,41,0,429.0
10109862MOREIRAR_2025-06-17_G11,10109862MOREIRAR,2025-06-17,111462,1,40,0,284.0
10109862MOREIRAR_2025-06-17_G12,10109862MOREIRAR,2025-06-17,117821,1,17,0,222.0
10109862MOREIRAR_2025-06-17_G13,10109862MOREIRAR,2025-06-17,117787,1,11,0,225.0
10109862MOREIRAR_2025-06-17_G14,10109862MOREIRAR,2025-06-17,118317,1,4,0,75.0
10109862MOREIRAR_2025-06-17_G15,10109862MOREIRAR,2025-06-17,111418,1,21,0,130.0
10109862MOREIRAR_2025-06-17_G16,10109862MOREIRAR,2025-06-17,141823,1,1,0,46.0
10109862MOREIRAR_2025-06-17_G17,10109862MOREIRAR,2025-06-17,111444,1,6,0,150.0
10109862MOREIRAR_2025-06-17_G18,10109862MOREIRAR,2025-06-17,110787,1,5,0,148.0
10109862MOREIRAR_2025-06-17_G19,10109862MOREIRAR,2025-06-17,118140,1,45,0,174.0
10109862MOREIRAR_2025-06-17_G20,10109862MOREIRAR,2025-06-17,111465,1,13,0,297.0
10109862MOREIRAR_2025-06-17_G21,10109862MOREIRAR,2025-06-17,118222,1,5,0,245.0
10109862MOREIRAR_2025-06-17_G22,10109862MOREIRAR,2025-06-17,117935,1,40,0,467.0
10109862MOREIRAR_2025-06-18_G02,10109862MOREIRAR,2025-06-18,110373,1,4,0,249.0
10109862MOREIRAR_2025-06-18_G03,10109862MOREIRAR,2025-06-18,109640,1,2,0,151.0
10109862MOREIRAR_2025-06-18_G04,10109862MOREIRAR,2025-06-18,111330,1,2,0,314.0
10109862MOREIRAR_2025-06-18_G05,10109862MOREIRAR,2025-06-18,110787,1,4,0,475.0
10109862MOREIRAR_2025-06-18_G06,10109862MOREIRAR,2025-06-18,118222,1,4,0,205.0
10109862MOREIRAR_2025-06-18_G07,10109862MOREIRAR,2025-06-18,110313,1,2,0,210.0
10109862MOREIRAR_2025-06-18_G08,10109862MOREIRAR,2025-06-18,117935,1,4,0,149.0
10109862MOREIRAR_2025-06-18_G09,10109862MOREIRAR,2025-06-18,110372,1,4,0,1249.0
10109862MOREIRAR_2025-06-18_G10,10109862MOREIRAR,2025-06-18,110787,2,8,30,163.0
10109862MOREIRAR_2025-06-18_G11,10109862MOREIRAR,2025-06-18,140922,1,6,0,401.0
10109862MOREIRAR_2025-06-18_G12,10109862MOREIRAR,2025-06-18,108770,1,4,0,1606.0
10109862MOREIRAR_2025-06-18_G13,10109862MOREIRAR,2025-06-18,118299,3,16,39,42.0
10109862MOREIRAR_2025-06-18_G14,10109862MOREIRAR,2025-06-18,118299,3,83,17,466.0
10109862MOREIRAR_2025-06-18_G15,10109862MOREIRAR,2025-06-18,110376,1,7,0,1169.0
10109862MOREIRAR_2025-06-18_G16,10109862MOREIRAR,2025-06-18,117809,1,4,0,104.0
10109862MOREIRAR_2025-06-19_G03,10109862MOREIRAR,2025-06-19,107830,1,27,0,386.0
10109862MOREIRAR_2025-06-19_G04,10109862MOREIRAR,2025-06-19,118290,1,4,0,1935.0
10109862MOREIRAR_2025-06-19_G05,10109862MOREIRAR,2025-06-19,110742,1,2,0,93.0
10109862MOREIRAR_2025-06-19_G06,10109862MOREIRAR,2025-06-19,100334,1,4,0,89.0
10109862MOREIRAR_2025-06-19_G07,10109862MOREIRAR,2025-06-19,111850,1,2,0,43.0
10109862MOREIRAR_2025-06-19_G08,10109862MOREIRAR,2025-06-19,110895,1,7,0,198.0
10109862MOREIRAR_2025-06-19_G09,10109862MOREIRAR,2025-06-19,111655,1,11,0,416.0
10109862MOREIRAR_2025-06-19_G10,10109862MOREIRAR,2025-06-19,108759,1,3,0,81.0
10109862MOREIRAR_2025-06-19_G11,10109862MOREIRAR,2025-06-19,118222,1,18,0,363.0
10109862MOREIRAR_2025-06-19_G12,10109862MOREIRAR,2025-06-19,110755,1,24,0,181.0
10109862MOREIRAR_2025-06-19_G13,10109862MOREIRAR,2025-06-19,110741,1,6,0,305.0
10109862MOREIRAR_2025-06-19_G14,10109862MOREIRAR,2025-06-19,118094,1,10,0,85.0
10109862MOREIRAR_2025-06-19_G15,10109862MOREIRAR,2025-06-19,111876,1,4,0,71.0
10109862MOREIRAR_2025-06-19_G16,10109862MOREIRAR,2025-06-19,110339,1,8,0,55.0
10109862MOREIRAR_2025-06-19_G17,10109862MOREIRAR,2025-06-19,109640,1,7,0,84.0
10109862MOREIRAR_2025-06-19_G18,10109862MOREIRAR,2025-06-19,110515,1,16,0,123.0
10109862MOREIRAR_2025-06-19_G19,10109862MOREIRAR,2025-06-19,117837,1,2,0,75.0
10109862MOREIRAR_2025-06-19_G20,10109862MOREIRAR,2025-06-19,141047,1,8,0,136.0
10109862MOREIRAR_2025-06-19_G21,10109862MOREIRAR,2025-06-19,111467,1,8,0,93.0
10109862MOREIRAR_2025-06-19_G22,10109862MOREIRAR,2025-06-19,110752,1,2,0,68.0
10109862MOREIRAR_2025-06-19_G23,10109862MOREIRAR,2025-06-19,117935,1,2,0,41.0
10109862MOREIRAR_2025-06-19_G24,10109862MOREIRAR,2025-06-19,108772,1,8,0,235.0
10109862MOREIRAR_2025-06-19_G25,10109862MOREIRAR,2025-06-19,117856,1,5,0,119.0
10109862MOREIRAR_2025-06-19_G26,10109862MOREIRAR,2025-06-19,111602,1,9,0,135.0
10109862MOREIRAR_2025-06-19_G27,10109862MOREIRAR,2025-06-19,111530,1,24,0,1052.0
10109862MOREIRAR_2025-06-19_G28,10109862MOREIRAR,2025-06-19,117855,1,22,0,555.0
10109862MOREIRAR_2025-06-19_G29,10109862MOREIRAR,2025-06-19,108795,1,10,0,945.0
10109862MOREIRAR_2025-06-19_G30,10109862MOREIRAR,2025-06-19,117785,1,40,0,117.0
10109862MOREIRAR_2025-06-19_G31,10109862MOREIRAR,2025-06-19,111743,1,8,0,315.0
10109862MOREIRAR_2025-06-19_G32,10109862MOREIRAR,2025-06-19,108794,1,4,0,109.0
10109862MOREIRAR_2025-06-19_G33,10109862MOREIRAR,2025-06-19,140922,1,8,0,161.0
10109862MOREIRAR_2025-06-19_G34,10109862MOREIRAR,2025-06-19,110745,1,4,0,73.0
10109862MOREIRAR_2025-06-19_G35,10109862MOREIRAR,2025-06-19,111532,1,5,0,146.0
10109862MOREIRAR_2025-06-20_G02,10109862MOREIRAR,2025-06-20,107830,1,2,0,98.0
10109862MOREIRAR_2025-06-20_G03,10109862MOREIRAR,2025-06-20,118299,2,8,7,100.0
10109862MOREIRAR_2025-06-20_G04,10109862MOREIRAR,2025-06-20,117834,1,2,0,384.0
10109862MOREIRAR_2025-06-20_G05,10109862MOREIRAR,2025-06-20,117834,1,2,0,40.0
10109862MOREIRAR_2025-06-20_G06,10109862MOREIRAR,2025-06-20,107830,1,4,0,143.0
10109862MOREIRAR_2025-06-20_G07,10109862MOREIRAR,2025-06-20,118299,1,10,0,128.0
10109862MOREIRAR_2025-06-20_G08,10109862MOREIRAR,2025-06-20,107830,1,4,0,238.0
10109862MOREIRAR_2025-06-20_G09,10109862MOREIRAR,2025-06-20,118299,1,6,0,136.0
10109862MOREIRAR_2025-06-20_G10,10109862MOREIRAR,2025-06-20,110740,1,2,0,292.0
10109862MOREIRAR_2025-06-20_G11,10109862MOREIRAR,2025-06-20,111530,1,2,0,193.0
10109862MOREIRAR_2025-06-20_G12,10109862MOREIRAR,2025-06-20,110740,1,2,0,272.0
10109862MOREIRAR_2025-06-20_G13,10109862MOREIRAR,2025-06-20,110787,1,2,0,92.0
10109862MOREIRAR_2025-06-20_G14,10109862MOREIRAR,2025-06-20,118299,1,11,0,178.0
10109862MOREIRAR_2025-06-20_G15,10109862MOREIRAR,2025-06-20,110373,1,8,0,292.0
10109862MOREIRAR_2025-06-20_G16,10109862MOREIRAR,2025-06-20,110787,1,4,0,500.0
10109862MOREIRAR_2025-06-20_G17,10109862MOREIRAR,2025-06-20,117786,1,3,0,240.0
10109862MOREIRAR_2025-06-20_G18,10109862MOREIRAR,2025-06-20,108794,1,4,0,337.0
10109862MOREIRAR_2025-06-20_G19,10109862MOREIRAR,2025-06-20,117808,1,8,0,108.0
10109862MOREIRAR_2025-06-20_G20,10109862MOREIRAR,2025-06-20,117831,1,4,0,158.0
10109862MOREIRAR_2025-06-20_G21,10109862MOREIRAR,2025-06-20,117833,1,2,0,51.0
10109862MOREIRAR_2025-06-20_G22,10109862MOREIRAR,2025-06-20,111532,1,1,0,68.0
10109862MOREIRAR_2025-06-20_G23,10109862MOREIRAR,2025-06-20,110376,1,2,0,44.0
10109862MOREIRAR_2025-06-20_G24,10109862MOREIRAR,2025-06-20,118299,1,12,0,250.0
10109862MOREIRAR_2025-06-20_G25,10109862MOREIRAR,2025-06-20,110373,1,10,0,141.0
10109862MOREIRAR_2025-06-20_G26,10109862MOREIRAR,2025-06-20,110740,2,2,9,215.0
10109862MOREIRAR_2025-06-20_G27,10109862MOREIRAR,2025-06-20,110372,1,6,0,99.0
10109862MOREIRAR_2025-06-20_G28,10109862MOREIRAR,2025-06-20,110371,1,2,0,108.0
10109862MOREIRAR_2025-06-20_G29,10109862MOREIRAR,2025-06-20,117820,1,4,0,54.0
10109862MOREIRAR_2025-06-20_G30,10109862MOREIRAR,2025-06-20,111418,1,6,0,123.0
10109862MOREIRAR_2025-06-20_G31,10109862MOREIRAR,2025-06-20,110787,1,2,0,49.0
10109862MOREIRAR_2025-06-20_G32,10109862MOREIRAR,2025-06-20,110787,1,6,0,344.0
10109862MOREIRAR_2025-06-20_G33,10109862MOREIRAR,2025-06-20,110313,1,4,0,1086.0
10109862MOREIRAR_2025-06-20_G34,10109862MOREIRAR,2025-06-20,117808,1,8,0,569.0
10109862MOREIRAR_2025-06-20_G35,10109862MOREIRAR,2025-06-20,110376,1,4,0,166.0
10109862MOREIRAR_2025-06-20_G36,10109862MOREIRAR,2025-06-20,110372,1,4,0,105.0
10109862MOREIRAR_2025-06-20_G37,10109862MOREIRAR,2025-06-20,110895,1,3,0,146.0
10109862MOREIRAR_2025-06-20_G38,10109862MOREIRAR,2025-06-20,108770,1,2,0,115.0
10109862MOREIRAR_2025-06-20_G39,10109862MOREIRAR,2025-06-20,111602,1,15,0,347.0
10109862MOREIRAR_2025-06-20_G40,10109862MOREIRAR,2025-06-20,110711,1,13,0,256.0
10109862MOREIRAR_2025-06-20_G41,10109862MOREIRAR,2025-06-20,110711,1,1,0,45.0
10109862MOREIRAR_2025-06-20_G42,10109862MOREIRAR,2025-06-20,117935,1,15,0,156.0
10109862MOREIRAR_2025-06-21_G02,10109862MOREIRAR,2025-06-21,111876,1,6,0,143.0
10109862MOREIRAR_2025-06-21_G03,10109862MOREIRAR,2025-06-21,110375,1,19,0,153.0
10109862MOREIRAR_2025-06-21_G04,10109862MOREIRAR,2025-06-21,110376,1,100,0,885.0
10109862MOREIRAR_2025-06-21_G05,10109862MOREIRAR,2025-06-21,110376,1,60,0,523.0
10109862MOREIRAR_2025-06-21_G06,10109862MOREIRAR,2025-06-21,110750,1,100,0,2441.0
10109862MOREIRAR_2025-06-21_G07,10109862MOREIRAR,2025-06-21,110752,1,76,0,432.0
10109862MOREIRAR_2025-06-21_G08,10109862MOREIRAR,2025-06-21,111602,4,490,30,1195.0
10109862MOREIRAR_2025-06-22_G02,10109862MOREIRAR,2025-06-22,110374,1,20,0,204.0
10109862MOREIRAR_2025-06-22_G03,10109862MOREIRAR,2025-06-22,110371,1,30,0,376.0
10109862MOREIRAR_2025-06-22_G04,10109862MOREIRAR,2025-06-22,117820,1,20,0,125.0
10109862MOREIRAR_2025-06-22_G05,10109862MOREIRAR,2025-06-22,117809,1,20,0,270.0
10109862MOREIRAR_2025-06-22_G06,10109862MOREIRAR,2025-06-22,117808,1,100,0,247.0
10109862MOREIRAR_2025-06-22_G07,10109862MOREIRAR,2025-06-22,117808,1,150,0,323.0
10109862MOREIRAR_2025-06-22_G08,10109862MOREIRAR,2025-06-22,110373,1,140,0,881.0
10109862MOREIRAR_2025-06-22_G09,10109862MOREIRAR,2025-06-22,110372,1,120,0,778.0
10109862MOREIRAR_2025-06-22_G10,10109862MOREIRAR,2025-06-22,118299,1,40,0,299.0
10109862MOREIRAR_2025-06-22_G11,10109862MOREIRAR,2025-06-22,118094,1,4,0,336.0
10109862MOREIRAR_2025-06-22_G12,10109862MOREIRAR,2025-06-22,107629,1,5,0,68.0
10109862MOREIRAR_2025-06-22_G13,10109862MOREIRAR,2025-06-22,110339,1,10,0,132.0
10109862MOREIRAR_2025-06-22_G14,10109862MOREIRAR,2025-06-22,109640,1,10,0,95.0
10109862MOREIRAR_2025-06-22_G15,10109862MOREIRAR,2025-06-22,109640,1,2,0,38.0
10109862MOREIRAR_2025-06-22_G16,10109862MOREIRAR,2025-06-22,117855,1,10,0,172.0
10109862MOREIRAR_2025-06-22_G17,10109862MOREIRAR,2025-06-22,111467,1,10,0,83.0
10109862MOREIRAR_2025-06-22_G18,10109862MOREIRAR,2025-06-22,111530,1,10,0,370.0
10109862MOREIRAR_2025-06-22_G19,10109862MOREIRAR,2025-06-22,117808,1,2,0,2106.0
10109862MOREIRAR_2025-06-22_G20,10109862MOREIRAR,2025-06-22,109643,1,2,0,52.0
10109862MOREIRAR_2025-06-22_G21,10109862MOREIRAR,2025-06-22,110339,1,4,0,101.0
10109862MOREIRAR_2025-06-22_G22,10109862MOREIRAR,2025-06-22,110515,1,2,0,88.0
10109862MOREIRAR_2025-06-22_G23,10109862MOREIRAR,2025-06-22,117785,1,4,0,216.0
10109862MOREIRAR_2025-06-22_G24,10109862MOREIRAR,2025-06-22,"110745, 111466, 117831",3,6,18,431.0
10109862MOREIRAR_2025-06-22_G25,10109862MOREIRAR,2025-06-22,117855,1,2,0,225.0
10109862MOREIRAR_2025-06-22_G26,10109862MOREIRAR,2025-06-22,111172,1,3,0,112.0
10109862MOREIRAR_2025-06-22_G27,10109862MOREIRAR,2025-06-22,110373,1,3,0,76.0
10109862MOREIRAR_2025-06-22_G28,10109862MOREIRAR,2025-06-22,108772,1,2,0,105.0
10109862MOREIRAR_2025-06-22_G29,10109862MOREIRAR,2025-06-22,117832,1,6,0,84.0
10109862MOREIRAR_2025-06-22_G30,10109862MOREIRAR,2025-06-22,117830,1,6,0,61.0
10109862MOREIRAR_2025-06-22_G31,10109862MOREIRAR,2025-06-22,118306,1,2,0,79.0
10109862MOREIRAR_2025-06-22_G32,10109862MOREIRAR,2025-06-22,111438,1,4,0,100.0
10109862MOREIRAR_2025-06-22_G33,10109862MOREIRAR,2025-06-22,118299,1,16,0,533.0
10109862MOREIRAR_2025-06-22_G34,10109862MOREIRAR,2025-06-22,117821,1,4,0,73.0
10109862MOREIRAR_2025-06-22_G35,10109862MOREIRAR,2025-06-22,110372,1,4,0,104.0
10109862MOREIRAR_2025-06-22_G36,10109862MOREIRAR,2025-06-22,111418,1,12,0,84.0
10109862MOREIRAR_2025-06-22_G37,10109862MOREIRAR,2025-06-22,118140,1,8,0,73.0
10109862MOREIRAR_2025-06-22_G38,10109862MOREIRAR,2025-06-22,111465,1,4,0,56.0
10109862MOREIRAR_2025-06-22_G39,10109862MOREIRAR,2025-06-22,108711,1,4,0,95.0
10109862MOREIRAR_2025-06-23_G02,10109862MOREIRAR,2025-06-23,111530,1,1,0,103.0
10109862MOREIRAR_2025-06-23_G03,10109862MOREIRAR,2025-06-23,108795,1,2,0,106.0
10109862MOREIRAR_2025-06-23_G04,10109862MOREIRAR,2025-06-23,117785,1,4,0,41.0
10109862MOREIRAR_2025-06-23_G05,10109862MOREIRAR,2025-06-23,111466,1,2,0,59.0
10109862MOREIRAR_2025-06-23_G06,10109862MOREIRAR,2025-06-23,117833,1,2,0,53.0
10109862MOREIRAR_2025-06-23_G07,10109862MOREIRAR,2025-06-23,110740,1,4,0,95.0
10109862MOREIRAR_2025-06-23_G08,10109862MOREIRAR,2025-06-23,111418,1,1,0,70.0
10109862MOREIRAR_2025-06-23_G09,10109862MOREIRAR,2025-06-23,110325,1,2,0,101.0
10109862MOREIRAR_2025-06-23_G10,10109862MOREIRAR,2025-06-23,117808,1,4,0,62.0
10109862MOREIRAR_2025-06-23_G11,10109862MOREIRAR,2025-06-23,110375,1,2,0,82.0
10109862MOREIRAR_2025-06-23_G12,10109862MOREIRAR,2025-06-23,118299,1,5,0,70.0
10109862MOREIRAR_2025-06-23_G13,10109862MOREIRAR,2025-06-23,110372,1,1,0,89.0
10109862MOREIRAR_2025-06-23_G14,10109862MOREIRAR,2025-06-23,117809,1,2,0,41.0
10109862MOREIRAR_2025-06-23_G15,10109862MOREIRAR,2025-06-23,117808,1,6,0,367.0
10109862MOREIRAR_2025-06-23_G16,10109862MOREIRAR,2025-06-23,117785,1,1,0,93.0
10109862MOREIRAR_2025-06-23_G17,10109862MOREIRAR,2025-06-23,118094,1,2,0,49.0
10109862MOREIRAR_2025-06-23_G18,10109862MOREIRAR,2025-06-23,110373,1,2,0,92.0
10109862MOREIRAR_2025-06-23_G19,10109862MOREIRAR,2025-06-23,117855,1,3,0,119.0
10109862MOREIRAR_2025-06-23_G20,10109862MOREIRAR,2025-06-23,"110745, 111466",2,4,14,196.0
10109862MOREIRAR_2025-06-23_G21,10109862MOREIRAR,2025-06-23,117831,1,2,0,83.0
10109862MOREIRAR_2025-06-23_G22,10109862MOREIRAR,2025-06-23,110376,1,4,0,106.0
10109862MOREIRAR_2025-06-23_G23,10109862MOREIRAR,2025-06-23,111431,1,2,0,53.0
10109862MOREIRAR_2025-06-23_G24,10109862MOREIRAR,2025-06-23,117830,1,1,0,124.0
10109862MOREIRAR_2025-06-23_G25,10109862MOREIRAR,2025-06-23,111462,1,3,0,56.0
10109862MOREIRAR_2025-06-23_G26,10109862MOREIRAR,2025-06-23,110740,1,4,0,57.0
10109862MOREIRAR_2025-06-23_G27,10109862MOREIRAR,2025-06-23,118299,1,11,0,185.0
10109862MOREIRAR_2025-06-23_G28,10109862MOREIRAR,2025-06-23,110895,1,4,0,124.0
10109862MOREIRAR_2025-06-23_G29,10109862MOREIRAR,2025-06-23,111530,1,4,0,91.0
10109862MOREIRAR_2025-06-23_G30,10109862MOREIRAR,2025-06-23,111418,1,6,0,83.0
10109862MOREIRAR_2025-06-23_G31,10109862MOREIRAR,2025-06-23,110787,1,3,0,51.0
10109862MOREIRAR_2025-06-23_G32,10109862MOREIRAR,2025-06-23,118140,1,4,0,115.0
10109862MOREIRAR_2025-06-23_G33,10109862MOREIRAR,2025-06-23,117809,1,4,0,157.0
10109862MOREIRAR_2025-06-23_G34,10109862MOREIRAR,2025-06-23,111465,1,2,0,99.0
10109862MOREIRAR_2025-06-23_G35,10109862MOREIRAR,2025-06-23,111330,1,2,0,120.0
10109862MOREIRAR_2025-06-23_G36,10109862MOREIRAR,2025-06-23,110372,1,11,0,367.0
10109862MOREIRAR_2025-06-23_G37,10109862MOREIRAR,2025-06-23,108711,1,4,0,94.0
10109862MOREIRAR_2025-06-23_G38,10109862MOREIRAR,2025-06-23,110755,1,4,0,349.0
10109862MOREIRAR_2025-06-23_G39,10109862MOREIRAR,2025-06-23,110747,1,4,0,232.0
10109862MOREIRAR_2025-06-23_G40,10109862MOREIRAR,2025-06-23,110742,1,2,0,61.0
10109862MOREIRAR_2025-06-23_G41,10109862MOREIRAR,2025-06-23,108794,1,2,0,120.0
10109862MOREIRAR_2025-06-23_G42,10109862MOREIRAR,2025-06-23,117808,1,11,0,115.0
10109862MOREIRAR_2025-06-23_G43,10109862MOREIRAR,2025-06-23,111466,1,3,0,130.0
10109862MOREIRAR_2025-06-23_G44,10109862MOREIRAR,2025-06-23,111467,1,1,0,78.0
10109862MOREIRAR_2025-06-23_G45,10109862MOREIRAR,2025-06-23,110895,1,4,0,128.0
10109862MOREIRAR_2025-06-23_G46,10109862MOREIRAR,2025-06-23,107830,1,2,0,42.0
10109862MOREIRAR_2025-06-23_G47,10109862MOREIRAR,2025-06-23,110740,1,2,0,683.0
10109862MOREIRAR_2025-06-23_G48,10109862MOREIRAR,2025-06-23,117832,1,4,0,91.0
10109862MOREIRAR_2025-06-23_G49,10109862MOREIRAR,2025-06-23,117830,1,4,0,54.0
10109862MOREIRAR_2025-06-23_G50,10109862MOREIRAR,2025-06-23,118299,1,12,0,125.0
10109862MOREIRAR_2025-06-23_G51,10109862MOREIRAR,2025-06-23,110374,1,6,0,76.0
10109862MOREIRAR_2025-06-23_G52,10109862MOREIRAR,2025-06-23,117820,1,2,0,60.0
10109862MOREIRAR_2025-06-23_G53,10109862MOREIRAR,2025-06-23,110372,1,6,0,98.0
10109862MOREIRAR_2025-06-23_G54,10109862MOREIRAR,2025-06-23,117809,1,4,0,58.0
10109862MOREIRAR_2025-06-23_G55,10109862MOREIRAR,2025-06-23,110787,1,5,0,108.0
10109862MOREIRAR_2025-06-23_G56,10109862MOREIRAR,2025-06-23,111468,1,2,0,77.0
10109862MOREIRAR_2025-06-23_G58,10109862MOREIRAR,2025-06-23,111431,1,18,0,397.0
10109862MOREIRAR_2025-06-23_G59,10109862MOREIRAR,2025-06-23,109641,1,13,0,182.0
10109862MOREIRAR_2025-06-23_G60,10109862MOREIRAR,2025-06-23,111462,1,50,0,410.0
10109862MOREIRAR_2025-06-23_G61,10109862MOREIRAR,2025-06-23,111433,1,4,0,142.0
10109862MOREIRAR_2025-06-23_G62,10109862MOREIRAR,2025-06-23,111418,1,50,0,487.0
10109862MOREIRAR_2025-06-23_G63,10109862MOREIRAR,2025-06-23,110332,1,19,0,395.0
10109862MOREIRAR_2025-06-23_G64,10109862MOREIRAR,2025-06-23,111172,1,36,0,361.0
10109862MOREIRAR_2025-06-23_G65,10109862MOREIRAR,2025-06-23,110325,1,20,0,974.0
10109862MOREIRAR_2025-06-23_G66,10109862MOREIRAR,2025-06-23,141202,1,10,0,278.0
10109862MOREIRAR_2025-06-23_G67,10109862MOREIRAR,2025-06-23,110373,1,100,0,500.0
10109862MOREIRAR_2025-06-23_G68,10109862MOREIRAR,2025-06-23,109648,1,40,0,297.0
10109862MOREIRAR_2025-06-23_G69,10109862MOREIRAR,2025-06-23,117832,1,90,0,372.0
10109862MOREIRAR_2025-06-23_G70,10109862MOREIRAR,2025-06-23,117809,1,100,0,308.0
10109862MOREIRAR_2025-06-23_G71,10109862MOREIRAR,2025-06-23,118299,1,600,0,1940.0
10109862MOREIRAR_2025-06-23_G72,10109862MOREIRAR,2025-06-23,110423,1,8,0,486.0
10109862MOREIRAR_2025-06-23_G73,10109862MOREIRAR,2025-06-23,110746,1,4,0,51.0
10109862MOREIRAR_2025-06-23_G74,10109862MOREIRAR,2025-06-23,117289,1,8,0,137.0
10109862MOREIRAR_2025-06-23_G75,10109862MOREIRAR,2025-06-23,110579,1,8,0,115.0
10109862MOREIRAR_2025-06-23_G76,10109862MOREIRAR,2025-06-23,117836,1,12,0,259.0
10109862MOREIRAR_2025-06-23_G77,10109862MOREIRAR,2025-06-23,111113,1,1,0,778.0
10109862MOREIRAR_2025-06-24_G02,10109862MOREIRAR,2025-06-24,111602,1,4,0,151.0
10109862MOREIRAR_2025-06-24_G03,10109862MOREIRAR,2025-06-24,108795,1,2,0,106.0
10109862MOREIRAR_2025-06-24_G04,10109862MOREIRAR,2025-06-24,117785,1,2,0,47.0
10109862MOREIRAR_2025-06-24_G05,10109862MOREIRAR,2025-06-24,117785,1,10,0,120.0
10109862MOREIRAR_2025-06-24_G06,10109862MOREIRAR,2025-06-24,108794,1,9,0,103.0
10109862MOREIRAR_2025-06-24_G07,10109862MOREIRAR,2025-06-24,140922,1,4,0,110.0
10109862MOREIRAR_2025-06-24_G08,10109862MOREIRAR,2025-06-24,111442,1,5,0,102.0
10109862MOREIRAR_2025-06-24_G09,10109862MOREIRAR,2025-06-24,110755,1,8,0,220.0
10109862MOREIRAR_2025-06-24_G10,10109862MOREIRAR,2025-06-24,110325,1,2,0,186.0
10109862MOREIRAR_2025-06-24_G11,10109862MOREIRAR,2025-06-24,118299,1,40,0,619.0
10109862MOREIRAR_2025-06-24_G12,10109862MOREIRAR,2025-06-24,117808,1,16,0,181.0
10109862MOREIRAR_2025-06-24_G13,10109862MOREIRAR,2025-06-24,117808,1,86,0,480.0
10109862MOREIRAR_2025-06-24_G14,10109862MOREIRAR,2025-06-24,117808,1,100,0,393.0
10109862MOREIRAR_2025-06-24_G15,10109862MOREIRAR,2025-06-24,117808,1,50,0,1355.0
10109862MOREIRAR_2025-06-24_G16,10109862MOREIRAR,2025-06-24,117832,1,4,0,630.0
10109862MOREIRAR_2025-06-24_G17,10109862MOREIRAR,2025-06-24,117822,2,20,6,142.0
10109862MOREIRAR_2025-06-24_G18,10109862MOREIRAR,2025-06-24,110582,1,4,0,1880.0
10109862MOREIRAR_2025-06-24_G19,10109862MOREIRAR,2025-06-24,111430,1,4,0,54.0
10109862MOREIRAR_2025-06-24_G20,10109862MOREIRAR,2025-06-24,110534,1,6,0,201.0
10109862MOREIRAR_2025-06-24_G21,10109862MOREIRAR,2025-06-24,118306,1,10,0,94.0
10109862MOREIRAR_2025-06-24_G22,10109862MOREIRAR,2025-06-24,111569,1,4,0,72.0
10109862MOREIRAR_2025-06-24_G23,10109862MOREIRAR,2025-06-24,109384,1,4,0,163.0
10109862MOREIRAR_2025-06-24_G24,10109862MOREIRAR,2025-06-24,118222,1,30,0,444.0
10109862MOREIRAR_2025-06-24_G26,10109862MOREIRAR,2025-06-24,111436,1,2,0,41.0
10109862MOREIRAR_2025-06-24_G27,10109862MOREIRAR,2025-06-24,110841,1,8,0,434.0
10109862MOREIRAR_2025-06-24_G28,10109862MOREIRAR,2025-06-24,110841,1,4,0,48.0
10109862MOREIRAR_2025-06-24_G29,10109862MOREIRAR,2025-06-24,118418,1,4,0,93.0
10109862MOREIRAR_2025-06-24_G30,10109862MOREIRAR,2025-06-24,110895,1,10,0,214.0
10109862MOREIRAR_2025-06-24_G31,10109862MOREIRAR,2025-06-24,109495,1,4,0,120.0
10109862MOREIRAR_2025-06-24_G32,10109862MOREIRAR,2025-06-24,118222,1,20,0,399.0
10109862MOREIRAR_2025-06-24_G33,10109862MOREIRAR,2025-06-24,111112,1,4,0,644.0
10109862MOREIRAR_2025-06-24_G34,10109862MOREIRAR,2025-06-24,117855,1,10,0,681.0
10109862MOREIRAR_2025-06-24_G35,10109862MOREIRAR,2025-06-24,117862,1,10,0,146.0
10109862MOREIRAR_2025-06-24_G36,10109862MOREIRAR,2025-06-24,117786,1,30,0,322.0
10109862MOREIRAR_2025-06-24_G37,10109862MOREIRAR,2025-06-24,109640,1,20,0,356.0
10109862MOREIRAR_2025-06-24_G38,10109862MOREIRAR,2025-06-24,110515,1,30,0,378.0
10109862MOREIRAR_2025-06-24_G39,10109862MOREIRAR,2025-06-24,117837,1,10,0,447.0
10109862MOREIRAR_2025-06-24_G40,10109862MOREIRAR,2025-06-24,110733,1,10,0,154.0
10109862MOREIRAR_2025-06-24_G41,10109862MOREIRAR,2025-06-24,111602,1,30,0,265.0
10109862MOREIRAR_2025-06-24_G42,10109862MOREIRAR,2025-06-24,111353,1,2,0,826.0
10109862MOREIRAR_2025-06-24_G43,10109862MOREIRAR,2025-06-24,111530,1,50,0,362.0
10109862MOREIRAR_2025-06-24_G44,10109862MOREIRAR,2025-06-24,117808,1,482,0,1307.0
10109862MOREIRAR_2025-06-24_G45,10109862MOREIRAR,2025-06-24,117808,1,18,0,79.0
10109862MOREIRAR_2025-06-24_G46,10109862MOREIRAR,2025-06-24,110374,1,20,0,609.0
10109862MOREIRAR_2025-06-24_G47,10109862MOREIRAR,2025-06-24,110371,1,30,0,278.0
10109862MOREIRAR_2025-06-24_G48,10109862MOREIRAR,2025-06-24,107830,1,26,0,689.0
10109862MOREIRAR_2025-06-24_G49,10109862MOREIRAR,2025-06-24,114092,1,4,0,117.0
10109862MOREIRAR_2025-06-24_G50,10109862MOREIRAR,2025-06-24,110372,1,20,0,177.0
10109862MOREIRAR_2025-06-24_G51,10109862MOREIRAR,2025-06-24,117809,1,200,0,723.0
10109862MOREIRAR_2025-06-25_G02,10109862MOREIRAR,2025-06-25,111850,1,15,0,177.0
10109862MOREIRAR_2025-06-25_G03,10109862MOREIRAR,2025-06-25,118306,1,8,0,255.0
10109862MOREIRAR_2025-06-25_G04,10109862MOREIRAR,2025-06-25,111438,1,9,0,187.0
10109862MOREIRAR_2025-06-25_G05,10109862MOREIRAR,2025-06-25,118222,1,30,0,598.0
10109862MOREIRAR_2025-06-25_G06,10109862MOREIRAR,2025-06-25,117834,1,1,0,981.0
10109862MOREIRAR_2025-06-25_G07,10109862MOREIRAR,2025-06-25,117834,1,3,0,36.0
10109862MOREIRAR_2025-06-25_G08,10109862MOREIRAR,2025-06-25,140911,1,4,0,373.0
10109862MOREIRAR_2025-06-25_G09,10109862MOREIRAR,2025-06-25,117855,1,40,0,718.0
10109862MOREIRAR_2025-06-25_G10,10109862MOREIRAR,2025-06-25,110580,1,2,0,164.0
10109862MOREIRAR_2025-06-25_G11,10109862MOREIRAR,2025-06-25,109640,1,18,0,968.0
10109862MOREIRAR_2025-06-25_G12,10109862MOREIRAR,2025-06-25,109640,1,4,0,57.0
10109862MOREIRAR_2025-06-25_G13,10109862MOREIRAR,2025-06-25,110515,1,14,0,210.0
10109862MOREIRAR_2025-06-25_G14,10109862MOREIRAR,2025-06-25,111530,1,45,0,1281.0
10109862MOREIRAR_2025-06-25_G15,10109862MOREIRAR,2025-06-25,117856,1,8,0,107.0
10109862MOREIRAR_2025-06-25_G16,10109862MOREIRAR,2025-06-25,111602,1,10,0,196.0
10109862MOREIRAR_2025-06-25_G18,10109862MOREIRAR,2025-06-25,110742,1,4,0,134.0
10109862MOREIRAR_2025-06-25_G19,10109862MOREIRAR,2025-06-25,111850,1,2,0,230.0
10109862MOREIRAR_2025-06-25_G20,10109862MOREIRAR,2025-06-25,118283,1,4,0,124.0
10109862MOREIRAR_2025-06-25_G21,10109862MOREIRAR,2025-06-25,111120,1,2,0,87.0
10109862MOREIRAR_2025-06-25_G22,10109862MOREIRAR,2025-06-25,110583,1,2,0,70.0
10109862MOREIRAR_2025-06-25_G23,10109862MOREIRAR,2025-06-25,118280,1,4,0,175.0
10109862MOREIRAR_2025-06-25_G24,10109862MOREIRAR,2025-06-25,114102,1,2,0,49.0
10109862MOREIRAR_2025-06-25_G25,10109862MOREIRAR,2025-06-25,110579,1,2,0,86.0
10109862MOREIRAR_2025-06-25_G26,10109862MOREIRAR,2025-06-25,110129,1,1,0,551.0
10109862MOREIRAR_2025-06-25_G27,10109862MOREIRAR,2025-06-25,118285,1,4,0,384.0
10109862MOREIRAR_2025-06-25_G28,10109862MOREIRAR,2025-06-25,110751,1,2,0,103.0
10109862MOREIRAR_2025-06-25_G29,10109862MOREIRAR,2025-06-25,105705,1,4,0,60.0
10109862MOREIRAR_2025-06-25_G30,10109862MOREIRAR,2025-06-25,108794,1,15,0,118.0
10109862MOREIRAR_2025-06-25_G31,10109862MOREIRAR,2025-06-25,111182,1,1,0,82.0
10109862MOREIRAR_2025-06-25_G32,10109862MOREIRAR,2025-06-25,117833,1,20,0,146.0
10109862MOREIRAR_2025-06-25_G33,10109862MOREIRAR,2025-06-25,111469,1,11,0,150.0
10109862MOREIRAR_2025-06-25_G34,10109862MOREIRAR,2025-06-25,111431,1,2,0,59.0
10109862MOREIRAR_2025-06-25_G35,10109862MOREIRAR,2025-06-25,111462,1,14,0,347.0
10109862MOREIRAR_2025-06-25_G36,10109862MOREIRAR,2025-06-25,111330,1,4,0,110.0
10109862MOREIRAR_2025-06-25_G37,10109862MOREIRAR,2025-06-25,110787,1,15,0,877.0
10109862MOREIRAR_2025-06-25_G38,10109862MOREIRAR,2025-06-25,114100,1,8,0,203.0
10109862MOREIRAR_2025-06-25_G39,10109862MOREIRAR,2025-06-25,107236,1,2,0,69.0
10109862MOREIRAR_2025-06-25_G40,10109862MOREIRAR,2025-06-25,118140,1,9,0,111.0
10109862MOREIRAR_2025-06-25_G41,10109862MOREIRAR,2025-06-25,111465,1,12,0,129.0
10109862MOREIRAR_2025-06-25_G42,10109862MOREIRAR,2025-06-25,111468,1,18,0,121.0
10109862MOREIRAR_2025-06-25_G43,10109862MOREIRAR,2025-06-25,118326,1,4,0,51.0
10109862MOREIRAR_2025-06-25_G44,10109862MOREIRAR,2025-06-25,117785,1,41,0,576.0
10109862MOREIRAR_2025-06-25_G45,10109862MOREIRAR,2025-06-25,110372,1,300,0,1374.0
10109862MOREIRAR_2025-06-25_G46,10109862MOREIRAR,2025-06-25,117808,1,80,0,1570.0
10109862MOREIRAR_2025-06-26_G03,10109862MOREIRAR,2025-06-26,107830,1,6,0,123.0
10109862MOREIRAR_2025-06-26_G04,10109862MOREIRAR,2025-06-26,110374,1,8,0,98.0
10109862MOREIRAR_2025-06-26_G05,10109862MOREIRAR,2025-06-26,117809,1,8,0,96.0
10109862MOREIRAR_2025-06-26_G06,10109862MOREIRAR,2025-06-26,110372,1,36,0,283.0
10109862MOREIRAR_2025-06-26_G08,10109862MOREIRAR,2025-06-26,107892,1,2,0,192.0
10109862MOREIRAR_2025-06-26_G09,10109862MOREIRAR,2025-06-26,107892,1,2,0,45.0
10109862MOREIRAR_2025-06-26_G10,10109862MOREIRAR,2025-06-26,118322,1,4,0,1612.0
10109862MOREIRAR_2025-06-26_G11,10109862MOREIRAR,2025-06-26,"118253, 117808",2,304,19,95.0
10109862MOREIRAR_2025-06-27_G02,10109862MOREIRAR,2025-06-27,105705,1,10,0,237.0
10109862MOREIRAR_2025-06-27_G03,10109862MOREIRAR,2025-06-27,111850,1,20,0,1364.0
10109862MOREIRAR_2025-06-27_G04,10109862MOREIRAR,2025-06-27,110756,1,2,0,170.0
10109862MOREIRAR_2025-06-27_G05,10109862MOREIRAR,2025-06-27,108701,1,2,0,58.0
10109862MOREIRAR_2025-06-27_G06,10109862MOREIRAR,2025-06-27,118418,1,1,0,62.0
10109862MOREIRAR_2025-06-27_G07,10109862MOREIRAR,2025-06-27,111440,1,6,0,139.0
10109862MOREIRAR_2025-06-27_G08,10109862MOREIRAR,2025-06-27,111530,1,20,0,207.0
10109862MOREIRAR_2025-06-27_G09,10109862MOREIRAR,2025-06-27,107892,1,10,0,256.0
10109862MOREIRAR_2025-06-27_G10,10109862MOREIRAR,2025-06-27,111530,1,70,0,1074.0
10109862MOREIRAR_2025-06-27_G11,10109862MOREIRAR,2025-06-27,110325,1,40,0,913.0
10109862MOREIRAR_2025-06-27_G12,10109862MOREIRAR,2025-06-27,110372,1,40,0,365.0
10109862MOREIRAR_2025-06-27_G13,10109862MOREIRAR,2025-06-27,118299,1,100,0,1064.0
10109862MOREIRAR_2025-06-27_G14,10109862MOREIRAR,2025-06-27,118299,1,1000,0,267.0
10109862MOREIRAR_2025-06-27_G15,10109862MOREIRAR,2025-06-27,111602,1,70,0,1425.0
10109862MOREIRAR_2025-06-27_G16,10109862MOREIRAR,2025-06-27,140922,1,100,0,232.0
10109862MOREIRAR_2025-06-27_G17,10109862MOREIRAR,2025-06-27,111532,1,80,0,203.0
10109862MOREIRAR_2025-06-28_G02,10109862MOREIRAR,2025-06-28,118140,1,200,0,652.0
10109862MOREIRAR_2025-06-28_G03,10109862MOREIRAR,2025-06-28,111465,1,160,0,696.0
10109862MOREIRAR_2025-06-28_G04,10109862MOREIRAR,2025-06-28,110374,1,200,0,565.0
10109862MOREIRAR_2025-06-28_G05,10109862MOREIRAR,2025-06-28,117820,1,200,0,519.0
10109862MOREIRAR_2025-06-28_G06,10109862MOREIRAR,2025-06-28,110743,1,2,0,895.0
10109862MOREIRAR_2025-06-28_G07,10109862MOREIRAR,2025-06-28,110743,1,5,0,62.0
10109862MOREIRAR_2025-06-28_G08,10109862MOREIRAR,2025-06-28,117785,1,45,0,219.0
10109862MOREIRAR_2025-06-28_G09,10109862MOREIRAR,2025-06-28,111348,1,17,0,743.0
10109862MOREIRAR_2025-06-28_G10,10109862MOREIRAR,2025-06-28,111348,1,10,0,72.0
10109862MOREIRAR_2025-06-28_G11,10109862MOREIRAR,2025-06-28,109645,1,4,0,186.0
10109862MOREIRAR_2025-06-28_G12,10109862MOREIRAR,2025-06-28,117821,1,10,0,99.0
10109862MOREIRAR_2025-06-28_G13,10109862MOREIRAR,2025-06-28,118140,1,30,0,70.0
10109862MOREIRAR_2025-06-28_G14,10109862MOREIRAR,2025-06-28,111468,2,10,26,216.0
10109862MOREIRAR_2025-06-28_G15,10109862MOREIRAR,2025-06-28,"111444, 117785",4,78,20,136.0
10109862MOREIRAR_2025-06-28_G16,10109862MOREIRAR,2025-06-28,117831,1,30,0,318.0
10109862MOREIRAR_2025-06-28_G17,10109862MOREIRAR,2025-06-28,109641,1,10,0,159.0
10109862MOREIRAR_2025-06-28_G18,10109862MOREIRAR,2025-06-28,107892,1,2,0,2863.0
10109862MOREIRAR_2025-06-28_G19,10109862MOREIRAR,2025-06-28,110373,1,4,0,323.0
10109862MOREIRAR_2025-06-28_G20,10109862MOREIRAR,2025-06-28,117820,1,14,0,213.0
10109862MOREIRAR_2025-06-28_G21,10109862MOREIRAR,2025-06-28,110372,1,1,0,44.0
10109862MOREIRAR_2025-06-29_G02,10109862MOREIRAR,2025-06-29,108794,1,2,0,120.0
10109862MOREIRAR_2025-06-29_G03,10109862MOREIRAR,2025-06-29,118299,1,6,0,53.0
10109862MOREIRAR_2025-06-29_G04,10109862MOREIRAR,2025-06-29,111876,1,6,0,216.0
10109862MOREIRAR_2025-06-29_G05,10109862MOREIRAR,2025-06-29,110339,1,8,0,59.0
10109862MOREIRAR_2025-06-29_G06,10109862MOREIRAR,2025-06-29,118298,1,1,0,112.0
10109862MOREIRAR_2025-06-29_G07,10109862MOREIRAR,2025-06-29,110373,1,3,0,93.0
10109862MOREIRAR_2025-06-29_G08,10109862MOREIRAR,2025-06-29,108711,1,6,0,80.0
10109862MOREIRAR_2025-06-29_G09,10109862MOREIRAR,2025-06-29,140922,1,2,0,52.0
10109862MOREIRAR_2025-06-29_G10,10109862MOREIRAR,2025-06-29,111466,1,6,0,53.0
10109862MOREIRAR_2025-06-29_G11,10109862MOREIRAR,2025-06-29,117831,1,4,0,86.0
10109862MOREIRAR_2025-06-29_G12,10109862MOREIRAR,2025-06-29,110711,1,2,0,110.0
10109862MOREIRAR_2025-06-29_G13,10109862MOREIRAR,2025-06-29,117855,1,4,0,83.0
10109862MOREIRAR_2025-06-29_G14,10109862MOREIRAR,2025-06-29,111467,1,2,0,67.0
10109862MOREIRAR_2025-06-29_G15,10109862MOREIRAR,2025-06-29,"111530, 117856",2,3,30,258.0
10109862MOREIRAR_2025-06-29_G16,10109862MOREIRAR,2025-06-29,111462,1,6,0,120.0
10109862MOREIRAR_2025-06-29_G17,10109862MOREIRAR,2025-06-29,110787,1,1,0,40.0
10109862MOREIRAR_2025-06-29_G18,10109862MOREIRAR,2025-06-29,110374,1,6,0,282.0
10109862MOREIRAR_2025-06-29_G19,10109862MOREIRAR,2025-06-29,110372,1,16,0,90.0
10109862MOREIRAR_2025-06-29_G20,10109862MOREIRAR,2025-06-29,111442,1,2,0,56.0
10109862MOREIRAR_2025-06-29_G21,10109862MOREIRAR,2025-06-29,110755,1,1,0,660.0
10109862MOREIRAR_2025-06-29_G22,10109862MOREIRAR,2025-06-29,117862,1,2,0,104.0
10109862MOREIRAR_2025-06-29_G23,10109862MOREIRAR,2025-06-29,117786,1,4,0,99.0
10109862MOREIRAR_2025-06-29_G24,10109862MOREIRAR,2025-06-29,118299,1,2,0,45.0
10109862MOREIRAR_2025-06-29_G25,10109862MOREIRAR,2025-06-29,117785,1,2,0,174.0
10109862MOREIRAR_2025-06-29_G26,10109862MOREIRAR,2025-06-29,108794,1,6,0,65.0
10109862MOREIRAR_2025-06-29_G27,10109862MOREIRAR,2025-06-29,100334,1,2,0,99.0
10109862MOREIRAR_2025-06-29_G28,10109862MOREIRAR,2025-06-29,117837,1,1,0,97.0
10109862MOREIRAR_2025-06-29_G29,10109862MOREIRAR,2025-06-29,109640,1,4,0,51.0
10109862MOREIRAR_2025-06-29_G30,10109862MOREIRAR,2025-06-29,111530,1,1,0,67.0
10109862MOREIRAR_2025-06-29_G31,10109862MOREIRAR,2025-06-29,110895,1,3,0,129.0
10109862MOREIRAR_2025-06-29_G32,10109862MOREIRAR,2025-06-29,107830,1,2,0,40.0
10109862MOREIRAR_2025-06-29_G33,10109862MOREIRAR,2025-06-29,110740,1,1,0,137.0
10109862MOREIRAR_2025-06-29_G34,10109862MOREIRAR,2025-06-29,110372,1,2,0,98.0
10109862MOREIRAR_2025-06-29_G35,10109862MOREIRAR,2025-06-29,111468,1,4,0,90.0
10109862MOREIRAR_2025-06-29_G37,10109862MOREIRAR,2025-06-29,109641,1,100,0,888.0
10109862MOREIRAR_2025-06-29_G38,10109862MOREIRAR,2025-06-29,109645,1,156,0,655.0
10109862MOREIRAR_2025-06-30_G03,10109862MOREIRAR,2025-06-30,118140,1,51,0,746.0
10109862MOREIRAR_2025-06-30_G04,10109862MOREIRAR,2025-06-30,109647,1,10,0,705.0
10109862MOREIRAR_2025-06-30_G05,10109862MOREIRAR,2025-06-30,111467,1,2,0,58.0
10109862MOREIRAR_2025-06-30_G06,10109862MOREIRAR,2025-06-30,110733,1,20,0,1275.0
10109862MOREIRAR_2025-06-30_G07,10109862MOREIRAR,2025-06-30,110733,1,29,0,212.0
10109862MOREIRAR_2025-06-30_G08,10109862MOREIRAR,2025-06-30,118299,1,80,0,601.0
10109862MOREIRAR_2025-06-30_G09,10109862MOREIRAR,2025-06-30,117935,1,64,0,545.0
10109862MOREIRAR_2025-06-30_G10,10109862MOREIRAR,2025-06-30,110711,1,58,0,167.0
10109862MOREIRAR_2025-06-30_G12,10109862MOREIRAR,2025-06-30,110747,1,20,0,1032.0
10109862MOREIRAR_2025-06-30_G13,10109862MOREIRAR,2025-06-30,111876,1,16,0,416.0
10109862MOREIRAR_2025-06-30_G14,10109862MOREIRAR,2025-06-30,110339,1,16,0,439.0
10109862MOREIRAR_2025-06-30_G15,10109862MOREIRAR,2025-06-30,108759,1,12,0,352.0
10109862MOREIRAR_2025-06-30_G16,10109862MOREIRAR,2025-06-30,110755,1,16,0,348.0
10109862MOREIRAR_2025-06-30_G17,10109862MOREIRAR,2025-06-30,111569,1,12,0,339.0
10109862MOREIRAR_2025-06-30_G18,10109862MOREIRAR,2025-06-30,108770,1,16,0,253.0
10109862MOREIRAR_2025-06-30_G19,10109862MOREIRAR,2025-06-30,111447,1,20,0,260.0
10109862MOREIRAR_2025-06-30_G20,10109862MOREIRAR,2025-06-30,110325,1,24,0,422.0
10109862MOREIRAR_2025-06-30_G21,10109862MOREIRAR,2025-06-30,107830,1,8,0,119.0
10109862MOREIRAR_2025-06-30_G22,10109862MOREIRAR,2025-06-30,110373,1,24,0,352.0
10109862MOREIRAR_2025-06-30_G23,10109862MOREIRAR,2025-06-30,110374,1,8,0,53.0
10109862MOREIRAR_2025-06-30_G24,10109862MOREIRAR,2025-06-30,110371,1,12,0,327.0
10109862MOREIRAR_2025-07-03_G02,10109862MOREIRAR,2025-07-03,117855,1,4,0,129.0
10109862MOREIRAR_2025-07-03_G03,10109862MOREIRAR,2025-07-03,110787,1,8,0,137.0
10109862MOREIRAR_2025-07-03_G04,10109862MOREIRAR,2025-07-03,"109974, 110787",2,13,15,2032.0
10109862MOREIRAR_2025-07-04_G02,10109862MOREIRAR,2025-07-04,120339,1,7,0,271.0
10109862MOREIRAR_2025-07-04_G03,10109862MOREIRAR,2025-07-04,120339,1,8,0,133.0
10109862MOREIRAR_2025-07-05_G02,10109862MOREIRAR,2025-07-05,108759,1,5,0,113.0
10109862MOREIRAR_2025-07-05_G03,10109862MOREIRAR,2025-07-05,111438,1,4,0,99.0
10109862MOREIRAR_2025-07-05_G04,10109862MOREIRAR,2025-07-05,111569,1,30,0,246.0
10109862MOREIRAR_2025-07-05_G05,10109862MOREIRAR,2025-07-05,109643,1,2,0,194.0
10109862MOREIRAR_2025-07-05_G06,10109862MOREIRAR,2025-07-05,110373,2,10,20,112.0
10109862MOREIRAR_2025-07-05_G07,10109862MOREIRAR,2025-07-05,110372,1,25,0,134.0
10109862MOREIRAR_2025-07-05_G08,10109862MOREIRAR,2025-07-05,109645,1,9,0,572.0
10109862MOREIRAR_2025-07-05_G09,10109862MOREIRAR,2025-07-05,111465,1,2,0,44.0
10109862MOREIRAR_2025-07-05_G10,10109862MOREIRAR,2025-07-05,111463,1,40,0,344.0
10109862MOREIRAR_2025-07-05_G11,10109862MOREIRAR,2025-07-05,110895,1,2,0,631.0
10109862MOREIRAR_2025-07-05_G12,10109862MOREIRAR,2025-07-05,117835,1,4,0,270.0
10109862MOREIRAR_2025-07-05_G13,10109862MOREIRAR,2025-07-05,111569,1,9,0,209.0
10109862MOREIRAR_2025-07-05_G14,10109862MOREIRAR,2025-07-05,110741,1,3,0,116.0
10109862MOREIRAR_2025-07-05_G15,10109862MOREIRAR,2025-07-05,"118094, 110339",2,6,30,64.0
10109862MOREIRAR_2025-07-05_G16,10109862MOREIRAR,2025-07-05,110515,1,5,0,147.0
10109862MOREIRAR_2025-07-05_G17,10109862MOREIRAR,2025-07-05,109640,1,2,0,49.0
10109862MOREIRAR_2025-07-05_G18,10109862MOREIRAR,2025-07-05,111879,1,4,0,82.0
10109862MOREIRAR_2025-07-05_G19,10109862MOREIRAR,2025-07-05,110372,1,12,0,242.0
10109862MOREIRAR_2025-07-05_G20,10109862MOREIRAR,2025-07-05,110374,1,12,0,216.0
10109862MOREIRAR_2025-07-07_G02,10109862MOREIRAR,2025-07-07,124548,1,8,0,171.0
10109862MOREIRAR_2025-07-07_G03,10109862MOREIRAR,2025-07-07,"124477, 122185",2,42,27,197.0
10109862MOREIRAR_2025-07-07_G04,10109862MOREIRAR,2025-07-07,122984,1,20,0,1325.0
10109862MOREIRAR_2025-07-07_G05,10109862MOREIRAR,2025-07-07,124548,1,20,0,671.0
10109862MOREIRAR_2025-07-07_G06,10109862MOREIRAR,2025-07-07,123344,1,4,0,437.0
10109862MOREIRAR_2025-07-07_G07,10109862MOREIRAR,2025-07-07,123343,1,4,0,136.0
10109862MOREIRAR_2025-07-07_G08,10109862MOREIRAR,2025-07-07,124248,1,8,0,315.0
10109862MOREIRAR_2025-07-07_G09,10109862MOREIRAR,2025-07-07,124247,1,4,0,759.0
10109862MOREIRAR_2025-07-07_G10,10109862MOREIRAR,2025-07-07,122962,1,4,0,315.0
10109862MOREIRAR_2025-07-07_G11,10109862MOREIRAR,2025-07-07,122984,1,8,0,693.0
10109862MOREIRAR_2025-07-07_G12,10109862MOREIRAR,2025-07-07,122185,1,10,0,161.0
10109862MOREIRAR_2025-07-07_G13,10109862MOREIRAR,2025-07-07,124370,1,19,0,425.0
10109862MOREIRAR_2025-07-07_G14,10109862MOREIRAR,2025-07-07,123909,1,4,0,76.0
10109862MOREIRAR_2025-07-07_G15,10109862MOREIRAR,2025-07-07,122185,1,8,0,256.0
10109862MOREIRAR_2025-07-07_G16,10109862MOREIRAR,2025-07-07,122185,1,6,0,155.0
10109862MOREIRAR_2025-07-07_G17,10109862MOREIRAR,2025-07-07,122984,1,40,0,777.0
10109862MOREIRAR_2025-07-07_G18,10109862MOREIRAR,2025-07-07,122984,1,24,0,304.0
10109862MOREIRAR_2025-07-07_G19,10109862MOREIRAR,2025-07-07,122962,1,20,0,150.0
10109862MOREIRAR_2025-07-07_G21,10109862MOREIRAR,2025-07-07,121760,1,20,0,780.0
10109862MOREIRAR_2025-07-07_G22,10109862MOREIRAR,2025-07-07,124475,1,12,0,396.0
10109862MOREIRAR_2025-07-07_G23,10109862MOREIRAR,2025-07-07,122185,1,4,0,118.0
10109862MOREIRAR_2025-07-07_G24,10109862MOREIRAR,2025-07-07,122962,1,16,0,388.0
10109862MOREIRAR_2025-07-07_G25,10109862MOREIRAR,2025-07-07,123889,1,20,0,826.0
10109862MOREIRAR_2025-07-07_G26,10109862MOREIRAR,2025-07-07,122703,1,80,0,3056.0
10109862MOREIRAR_2025-07-07_G27,10109862MOREIRAR,2025-07-07,120028,1,4,0,253.0
10109862MOREIRAR_2025-07-07_G28,10109862MOREIRAR,2025-07-07,120028,1,16,0,308.0
10109862MOREIRAR_2025-07-07_G29,10109862MOREIRAR,2025-07-07,120008,1,120,0,1712.0
10109862MOREIRAR_2025-07-08_G02,10109862MOREIRAR,2025-07-08,124486,1,34,0,1433.0
10109862MOREIRAR_2025-07-08_G03,10109862MOREIRAR,2025-07-08,123153,1,12,0,1066.0
10109862MOREIRAR_2025-07-08_G04,10109862MOREIRAR,2025-07-08,123345,1,4,0,311.0
10109862MOREIRAR_2025-07-08_G05,10109862MOREIRAR,2025-07-08,124486,1,10,0,183.0
10109862MOREIRAR_2025-07-08_G06,10109862MOREIRAR,2025-07-08,123822,1,6,0,168.0
10109862MOREIRAR_2025-07-08_G07,10109862MOREIRAR,2025-07-08,122705,1,4,0,111.0
10109862MOREIRAR_2025-07-08_G08,10109862MOREIRAR,2025-07-08,123313,1,4,0,312.0
10109862MOREIRAR_2025-07-08_G09,10109862MOREIRAR,2025-07-08,122962,1,8,0,119.0
10109862MOREIRAR_2025-07-08_G10,10109862MOREIRAR,2025-07-08,120028,1,21,0,447.0
10109862MOREIRAR_2025-07-09_G02,10109862MOREIRAR,2025-07-09,123344,1,100,0,1441.0
10109862MOREIRAR_2025-07-09_G03,10109862MOREIRAR,2025-07-09,123345,1,50,0,521.0
10109862MOREIRAR_2025-07-09_G04,10109862MOREIRAR,2025-07-09,121760,1,10,0,414.0
10109862MOREIRAR_2025-07-09_G05,10109862MOREIRAR,2025-07-09,122647,1,2,0,279.0
10109862MOREIRAR_2025-07-09_G06,10109862MOREIRAR,2025-07-09,124248,1,6,0,221.0
10109862MOREIRAR_2025-07-09_G07,10109862MOREIRAR,2025-07-09,121651,1,27,0,864.0
10109862MOREIRAR_2025-07-09_G08,10109862MOREIRAR,2025-07-09,120008,1,2,0,355.0
10109862MOREIRAR_2025-07-09_G09,10109862MOREIRAR,2025-07-09,181280,1,4,0,353.0
10109862MOREIRAR_2025-07-09_G10,10109862MOREIRAR,2025-07-09,181056,1,2,0,153.0
10109862MOREIRAR_2025-07-09_G11,10109862MOREIRAR,2025-07-09,123343,1,10,0,1088.0
10109862MOREIRAR_2025-07-09_G12,10109862MOREIRAR,2025-07-09,123345,1,10,0,907.0
10109862MOREIRAR_2025-07-09_G13,10109862MOREIRAR,2025-07-09,122988,1,24,0,675.0
10109862MOREIRAR_2025-07-09_G14,10109862MOREIRAR,2025-07-09,120028,1,50,0,1429.0
10109862MOREIRAR_2025-07-09_G15,10109862MOREIRAR,2025-07-09,123822,1,2,0,292.0
10109862MOREIRAR_2025-07-09_G16,10109862MOREIRAR,2025-07-09,123822,1,4,0,79.0
10109862MOREIRAR_2025-07-09_G17,10109862MOREIRAR,2025-07-09,122988,1,14,0,175.0
10109862MOREIRAR_2025-07-10_G02,10109862MOREIRAR,2025-07-10,122988,1,6,0,197.0
10109862MOREIRAR_2025-07-10_G03,10109862MOREIRAR,2025-07-10,124370,1,50,0,1926.0
10109862MOREIRAR_2025-07-10_G04,10109862MOREIRAR,2025-07-10,124476,1,27,0,945.0
10109862MOREIRAR_2025-07-10_G05,10109862MOREIRAR,2025-07-10,124477,1,10,0,3280.0
10109862MOREIRAR_2025-07-10_G07,10109862MOREIRAR,2025-07-10,122185,1,80,0,1974.0
10109862MOREIRAR_2025-07-10_G08,10109862MOREIRAR,2025-07-10,122962,1,50,0,1025.0
10109862MOREIRAR_2025-07-10_G09,10109862MOREIRAR,2025-07-10,122982,1,4,0,210.0
10109862MOREIRAR_2025-07-10_G10,10109862MOREIRAR,2025-07-10,121651,1,30,0,1124.0
10109862MOREIRAR_2025-07-10_G11,10109862MOREIRAR,2025-07-10,124548,1,8,0,172.0
10109862MOREIRAR_2025-07-10_G12,10109862MOREIRAR,2025-07-10,122981,1,4,0,150.0
10109862MOREIRAR_2025-07-10_G13,10109862MOREIRAR,2025-07-10,123889,1,9,0,357.0
10109862MOREIRAR_2025-07-10_G14,10109862MOREIRAR,2025-07-10,123345,1,10,0,218.0
10109862MOREIRAR_2025-07-10_G15,10109862MOREIRAR,2025-07-10,123343,1,40,0,1095.0
10109862MOREIRAR_2025-07-10_G16,10109862MOREIRAR,2025-07-10,123345,1,150,0,1174.0
10109862MOREIRAR_2025-07-10_G17,10109862MOREIRAR,2025-07-10,122673,1,18,0,676.0
10109862MOREIRAR_2025-07-10_G18,10109862MOREIRAR,2025-07-10,120028,1,8,0,139.0
10109862MOREIRAR_2025-07-10_G19,10109862MOREIRAR,2025-07-10,122962,1,8,0,190.0
10109862MOREIRAR_2025-07-10_G20,10109862MOREIRAR,2025-07-10,180073,1,10,0,648.0
10109862MOREIRAR_2025-07-11_G02,10109862MOREIRAR,2025-07-11,123345,1,4,0,1366.0
10109862MOREIRAR_2025-07-11_G03,10109862MOREIRAR,2025-07-11,123345,2,10,9,166.0
10109862MOREIRAR_2025-07-11_G04,10109862MOREIRAR,2025-07-11,123343,2,4,12,238.0
10109862MOREIRAR_2025-07-11_G05,10109862MOREIRAR,2025-07-11,122983,1,10,0,421.0
10109862MOREIRAR_2025-07-11_G06,10109862MOREIRAR,2025-07-11,120339,2,39,30,979.0
10109862MOREIRAR_2025-07-11_G07,10109862MOREIRAR,2025-07-11,120339,1,6,0,105.0
10109862MOREIRAR_2025-07-11_G08,10109862MOREIRAR,2025-07-11,120272,1,6,0,434.0
10109862MOREIRAR_2025-07-11_G09,10109862MOREIRAR,2025-07-11,122982,1,8,0,307.0
10109862MOREIRAR_2025-07-11_G10,10109862MOREIRAR,2025-07-11,124486,1,3,0,228.0
10109862MOREIRAR_2025-07-11_G11,10109862MOREIRAR,2025-07-11,124247,1,6,0,736.0
10109862MOREIRAR_2025-07-11_G12,10109862MOREIRAR,2025-07-11,123153,1,2,0,227.0
10109862MOREIRAR_2025-07-11_G13,10109862MOREIRAR,2025-07-11,123345,1,4,0,141.0
10109862MOREIRAR_2025-07-11_G14,10109862MOREIRAR,2025-07-11,123822,1,36,0,1633.0
10109862MOREIRAR_2025-07-11_G16,10109862MOREIRAR,2025-07-11,140922,1,10,0,124.0
10109862MOREIRAR_2025-07-11_G17,10109862MOREIRAR,2025-07-11,117833,1,10,0,85.0
10109862MOREIRAR_2025-07-11_G18,10109862MOREIRAR,2025-07-11,111418,1,50,0,300.0
10109862MOREIRAR_2025-07-11_G19,10109862MOREIRAR,2025-07-11,117785,1,30,0,383.0
10109862MOREIRAR_2025-07-11_G20,10109862MOREIRAR,2025-07-11,118317,1,9,0,104.0
10109862MOREIRAR_2025-07-11_G21,10109862MOREIRAR,2025-07-11,111463,1,11,0,207.0
10109862MOREIRAR_2025-07-11_G22,10109862MOREIRAR,2025-07-11,110740,1,10,0,89.0
10109862MOREIRAR_2025-07-11_G23,10109862MOREIRAR,2025-07-11,111466,1,40,0,205.0
10109862MOREIRAR_2025-07-11_G24,10109862MOREIRAR,2025-07-11,111602,1,8,0,2192.0
10109862MOREIRAR_2025-07-11_G25,10109862MOREIRAR,2025-07-11,117935,1,8,0,179.0
10109862MOREIRAR_2025-07-13_G02,10109862MOREIRAR,2025-07-13,122968,1,2,0,345.0
10109862MOREIRAR_2025-07-13_G03,10109862MOREIRAR,2025-07-13,120995,1,42,0,477.0
10109862MOREIRAR_2025-07-13_G04,10109862MOREIRAR,2025-07-13,124248,1,43,0,289.0
10109862MOREIRAR_2025-07-13_G05,10109862MOREIRAR,2025-07-13,124371,1,10,0,551.0
10109862MOREIRAR_2025-07-13_G06,10109862MOREIRAR,2025-07-13,123345,1,100,0,730.0
10109862MOREIRAR_2025-07-13_G07,10109862MOREIRAR,2025-07-13,122968,1,101,0,1489.0
10109862MOREIRAR_2025-07-13_G08,10109862MOREIRAR,2025-07-13,123520,1,8,0,678.0
10109862MOREIRAR_2025-07-13_G09,10109862MOREIRAR,2025-07-13,123313,1,6,0,611.0
10109862MOREIRAR_2025-07-13_G10,10109862MOREIRAR,2025-07-13,122962,1,48,0,604.0
10109862MOREIRAR_2025-07-13_G11,10109862MOREIRAR,2025-07-13,124486,1,20,0,330.0
10109862MOREIRAR_2025-07-13_G12,10109862MOREIRAR,2025-07-13,123344,1,6,0,228.0
10109862MOREIRAR_2025-07-13_G13,10109862MOREIRAR,2025-07-13,123313,1,3,0,119.0
10109862MOREIRAR_2025-07-13_G14,10109862MOREIRAR,2025-07-13,181056,1,36,0,1570.0
10109862MOREIRAR_2025-07-13_G15,10109862MOREIRAR,2025-07-13,122962,1,20,0,599.0
10109862MOREIRAR_2025-07-13_G16,10109862MOREIRAR,2025-07-13,122984,1,20,0,290.0
10109862MOREIRAR_2025-07-13_G17,10109862MOREIRAR,2025-07-13,124248,1,20,0,343.0
10109862MOREIRAR_2025-07-13_G18,10109862MOREIRAR,2025-07-13,124248,1,4,0,717.0
10109862MOREIRAR_2025-07-14_G02,10109862MOREIRAR,2025-07-14,123080,1,25,0,1406.0
10109862MOREIRAR_2025-07-14_G03,10109862MOREIRAR,2025-07-14,120339,1,10,0,348.0
10109862MOREIRAR_2025-07-14_G04,10109862MOREIRAR,2025-07-14,120339,1,6,0,233.0
10109862MOREIRAR_2025-07-14_G05,10109862MOREIRAR,2025-07-14,120339,2,10,30,161.0
10109862MOREIRAR_2025-07-14_G06,10109862MOREIRAR,2025-07-14,123909,1,4,0,1133.0
10109862MOREIRAR_2025-07-14_G07,10109862MOREIRAR,2025-07-14,122984,1,4,0,106.0
10109862MOREIRAR_2025-07-14_G08,10109862MOREIRAR,2025-07-14,123909,1,4,0,284.0
10109862MOREIRAR_2025-07-14_G09,10109862MOREIRAR,2025-07-14,123345,1,12,0,375.0
10109862MOREIRAR_2025-07-14_G10,10109862MOREIRAR,2025-07-14,121760,1,4,0,127.0
10109862MOREIRAR_2025-07-14_G11,10109862MOREIRAR,2025-07-14,123345,1,4,0,91.0
10109862MOREIRAR_2025-07-14_G12,10109862MOREIRAR,2025-07-14,123343,1,4,0,498.0
10109862MOREIRAR_2025-07-14_G13,10109862MOREIRAR,2025-07-14,123345,1,2,0,177.0
10109862MOREIRAR_2025-07-14_G14,10109862MOREIRAR,2025-07-14,122673,1,50,0,1277.0
10109862MOREIRAR_2025-07-14_G15,10109862MOREIRAR,2025-07-14,122673,1,2,0,180.0
10109862MOREIRAR_2025-07-14_G16,10109862MOREIRAR,2025-07-14,122673,1,2,0,46.0
10109862MOREIRAR_2025-07-14_G17,10109862MOREIRAR,2025-07-14,123313,1,4,0,707.0
10109862MOREIRAR_2025-07-14_G18,10109862MOREIRAR,2025-07-14,123345,1,6,0,197.0
10109862MOREIRAR_2025-07-14_G19,10109862MOREIRAR,2025-07-14,123345,1,24,0,404.0
10109862MOREIRAR_2025-07-14_G20,10109862MOREIRAR,2025-07-14,124264,1,4,0,577.0
10109862MOREIRAR_2025-07-14_G21,10109862MOREIRAR,2025-07-14,124486,1,6,0,238.0
10109862MOREIRAR_2025-07-14_G22,10109862MOREIRAR,2025-07-14,123822,1,5,0,289.0
10109862MOREIRAR_2025-07-14_G23,10109862MOREIRAR,2025-07-14,122703,1,8,0,148.0
10109862MOREIRAR_2025-07-14_G24,10109862MOREIRAR,2025-07-14,122671,1,4,0,123.0
10109862MOREIRAR_2025-07-14_G26,10109862MOREIRAR,2025-07-14,120028,1,24,0,909.0
10109862MOREIRAR_2025-07-14_G27,10109862MOREIRAR,2025-07-14,120028,1,20,0,221.0
10109862MOREIRAR_2025-07-14_G28,10109862MOREIRAR,2025-07-14,120028,1,56,0,710.0
10109862MOREIRAR_2025-07-14_G29,10109862MOREIRAR,2025-07-14,124248,1,10,0,848.0
10109862MOREIRAR_2025-07-14_G30,10109862MOREIRAR,2025-07-14,123343,2,24,13,131.0
10109862MOREIRAR_2025-07-14_G31,10109862MOREIRAR,2025-07-14,122962,1,8,0,889.0
10109862MOREIRAR_2025-07-14_G32,10109862MOREIRAR,2025-07-14,122984,1,60,0,895.0
10109862MOREIRAR_2025-07-14_G33,10109862MOREIRAR,2025-07-14,124475,1,22,0,538.0
10109862MOREIRAR_2025-07-14_G34,10109862MOREIRAR,2025-07-14,124248,1,4,0,55.0
10109862MOREIRAR_2025-07-14_G35,10109862MOREIRAR,2025-07-14,124248,1,6,0,112.0
10109862MOREIRAR_2025-07-14_G36,10109862MOREIRAR,2025-07-14,124477,1,12,0,1135.0
10109862MOREIRAR_2025-07-14_G37,10109862MOREIRAR,2025-07-14,"118094, 107629, 111876",3,5,55,2133.0
10109862MOREIRAR_2025-07-14_G38,10109862MOREIRAR,2025-07-14,110339,1,6,0,48.0
10109862MOREIRAR_2025-07-14_G39,10109862MOREIRAR,2025-07-14,110515,2,27,23,170.0
10109862MOREIRAR_2025-07-14_G40,10109862MOREIRAR,2025-07-14,117837,1,2,0,70.0
10109862MOREIRAR_2025-07-14_G41,10109862MOREIRAR,2025-07-14,141047,1,4,0,86.0
10109862MOREIRAR_2025-07-14_G42,10109862MOREIRAR,2025-07-14,111467,1,8,0,73.0
10109862MOREIRAR_2025-07-14_G43,10109862MOREIRAR,2025-07-14,111439,1,2,0,56.0
10109862MOREIRAR_2025-07-14_G44,10109862MOREIRAR,2025-07-14,110711,1,4,0,334.0
10109862MOREIRAR_2025-07-14_G45,10109862MOREIRAR,2025-07-14,118403,1,4,0,43.0
10109862MOREIRAR_2025-07-14_G46,10109862MOREIRAR,2025-07-14,111602,1,4,0,53.0
10109862MOREIRAR_2025-07-14_G47,10109862MOREIRAR,2025-07-14,108772,1,2,0,37.0
10109862MOREIRAR_2025-07-14_G48,10109862MOREIRAR,2025-07-14,110313,1,11,0,90.0
10109862MOREIRAR_2025-07-14_G49,10109862MOREIRAR,2025-07-14,110313,1,6,0,52.0
10109862MOREIRAR_2025-07-14_G50,10109862MOREIRAR,2025-07-14,117856,1,20,0,188.0
10109862MOREIRAR_2025-07-15_G02,10109862MOREIRAR,2025-07-15,110752,1,6,0,71.0
10109862MOREIRAR_2025-07-15_G03,10109862MOREIRAR,2025-07-15,110752,1,4,0,37.0
10109862MOREIRAR_2025-07-15_G04,10109862MOREIRAR,2025-07-15,117862,1,26,0,232.0
10109862MOREIRAR_2025-07-15_G05,10109862MOREIRAR,2025-07-15,110375,1,4,0,258.0
10109862MOREIRAR_2025-07-15_G06,10109862MOREIRAR,2025-07-15,110325,1,29,0,146.0
10109862MOREIRAR_2025-07-15_G07,10109862MOREIRAR,2025-07-15,110374,1,22,0,159.0
10109862MOREIRAR_2025-07-15_G08,10109862MOREIRAR,2025-07-15,110372,1,1,0,45.0
10109862MOREIRAR_2025-07-15_G09,10109862MOREIRAR,2025-07-15,110371,1,21,0,161.0
10109862MOREIRAR_2025-07-15_G10,10109862MOREIRAR,2025-07-15,117820,1,3,0,69.0
10109862MOREIRAR_2025-07-15_G11,10109862MOREIRAR,2025-07-15,117830,1,129,0,337.0
10109862MOREIRAR_2025-07-15_G12,10109862MOREIRAR,2025-07-15,110515,1,5,0,2489.0
10109862MOREIRAR_2025-07-15_G13,10109862MOREIRAR,2025-07-15,108794,1,4,0,88.0
10109862MOREIRAR_2025-07-15_G14,10109862MOREIRAR,2025-07-15,111462,1,4,0,96.0
10109862MOREIRAR_2025-07-15_G15,10109862MOREIRAR,2025-07-15,111418,1,12,0,165.0
10109862MOREIRAR_2025-07-15_G16,10109862MOREIRAR,2025-07-15,117831,1,4,0,89.0
10109862MOREIRAR_2025-07-15_G17,10109862MOREIRAR,2025-07-15,110740,1,3,0,105.0
10109862MOREIRAR_2025-07-15_G18,10109862MOREIRAR,2025-07-15,111465,1,5,0,103.0
10109862MOREIRAR_2025-07-15_G19,10109862MOREIRAR,2025-07-15,111463,1,8,0,105.0
10109862MOREIRAR_2025-07-15_G20,10109862MOREIRAR,2025-07-15,118299,1,12,0,123.0
10109862MOREIRAR_2025-07-15_G21,10109862MOREIRAR,2025-07-15,110374,1,12,0,120.0
10109862MOREIRAR_2025-07-15_G22,10109862MOREIRAR,2025-07-15,117820,1,8,0,225.0
10109862MOREIRAR_2025-07-15_G23,10109862MOREIRAR,2025-07-15,110373,1,42,0,293.0
10109862MOREIRAR_2025-07-15_G24,10109862MOREIRAR,2025-07-15,110372,1,62,0,444.0
10109862MOREIRAR_2025-07-15_G25,10109862MOREIRAR,2025-07-15,111348,1,4,0,267.0
10109862MOREIRAR_2025-07-15_G26,10109862MOREIRAR,2025-07-15,110325,1,5,0,72.0
10109862MOREIRAR_2025-07-15_G27,10109862MOREIRAR,2025-07-15,111462,1,12,0,169.0
10109862MOREIRAR_2025-07-15_G28,10109862MOREIRAR,2025-07-15,109641,1,6,0,116.0
10109862MOREIRAR_2025-07-15_G29,10109862MOREIRAR,2025-07-15,118140,1,30,0,209.0
10109862MOREIRAR_2025-07-15_G30,10109862MOREIRAR,2025-07-15,118317,1,8,0,116.0
10109862MOREIRAR_2025-07-15_G31,10109862MOREIRAR,2025-07-15,117831,1,6,0,81.0
10109862MOREIRAR_2025-07-15_G32,10109862MOREIRAR,2025-07-15,111469,1,22,0,530.0
10109862MOREIRAR_2025-07-15_G33,10109862MOREIRAR,2025-07-15,111418,1,46,0,408.0
10109862MOREIRAR_2025-07-15_G34,10109862MOREIRAR,2025-07-15,116241,1,20,0,424.0
10109862MOREIRAR_2025-07-15_G35,10109862MOREIRAR,2025-07-15,117785,1,32,0,259.0
10109862MOREIRAR_2025-07-15_G36,10109862MOREIRAR,2025-07-15,118299,1,50,0,558.0
10109862MOREIRAR_2025-07-15_G37,10109862MOREIRAR,2025-07-15,110372,1,40,0,326.0
10109862MOREIRAR_2025-07-15_G38,10109862MOREIRAR,2025-07-15,117808,1,100,0,340.0
10109862MOREIRAR_2025-07-15_G40,10109862MOREIRAR,2025-07-15,124247,1,2,0,169.0
10109862MOREIRAR_2025-07-15_G41,10109862MOREIRAR,2025-07-15,124248,1,36,0,622.0
10109862MOREIRAR_2025-07-15_G42,10109862MOREIRAR,2025-07-15,122984,1,32,0,2703.0
10109862MOREIRAR_2025-07-15_G43,10109862MOREIRAR,2025-07-15,122984,1,44,0,1181.0
10109862MOREIRAR_2025-07-15_G44,10109862MOREIRAR,2025-07-15,120272,1,5,0,103.0
10109862MOREIRAR_2025-07-15_G45,10109862MOREIRAR,2025-07-15,124548,1,20,0,359.0
10109862MOREIRAR_2025-07-15_G46,10109862MOREIRAR,2025-07-15,120339,1,8,0,202.0
10109862MOREIRAR_2025-07-15_G47,10109862MOREIRAR,2025-07-15,124247,1,20,0,289.0
10109862MOREIRAR_2025-07-15_G48,10109862MOREIRAR,2025-07-15,123889,1,20,0,925.0
10109862MOREIRAR_2025-07-15_G49,10109862MOREIRAR,2025-07-15,120028,1,30,0,1257.0
10109862MOREIRAR_2025-07-15_G50,10109862MOREIRAR,2025-07-15,123081,1,30,0,697.0
10109862MOREIRAR_2025-07-15_G51,10109862MOREIRAR,2025-07-15,123561,1,1,0,414.0
10109862MOREIRAR_2025-07-15_G52,10109862MOREIRAR,2025-07-15,121651,1,12,0,153.0
10109862MOREIRAR_2025-07-15_G53,10109862MOREIRAR,2025-07-15,123822,1,1,0,368.0
10109862MOREIRAR_2025-07-15_G54,10109862MOREIRAR,2025-07-15,122962,1,30,0,778.0
10109862MOREIRAR_2025-07-15_G55,10109862MOREIRAR,2025-07-15,124248,1,6,0,292.0
10109862MOREIRAR_2025-07-16_G02,10109862MOREIRAR,2025-07-16,124248,1,6,0,372.0
10109862MOREIRAR_2025-07-16_G03,10109862MOREIRAR,2025-07-16,181280,1,10,0,352.0
10109862MOREIRAR_2025-07-16_G04,10109862MOREIRAR,2025-07-16,123909,1,7,0,216.0
10109862MOREIRAR_2025-07-16_G05,10109862MOREIRAR,2025-07-16,122962,1,40,0,941.0
10109862MOREIRAR_2025-07-16_G06,10109862MOREIRAR,2025-07-16,122647,1,20,0,707.0
10109862MOREIRAR_2025-07-16_G07,10109862MOREIRAR,2025-07-16,123909,1,3,0,368.0
10109862MOREIRAR_2025-07-16_G08,10109862MOREIRAR,2025-07-16,123345,1,30,0,1844.0
10109862MOREIRAR_2025-07-16_G10,10109862MOREIRAR,2025-07-16,108701,1,1,0,74.0
10109862MOREIRAR_2025-07-16_G11,10109862MOREIRAR,2025-07-16,117854,1,4,0,55.0
10109862MOREIRAR_2025-07-16_G12,10109862MOREIRAR,2025-07-16,110325,1,6,0,106.0
10109862MOREIRAR_2025-07-16_G13,10109862MOREIRAR,2025-07-16,109643,1,4,0,68.0
10109862MOREIRAR_2025-07-16_G14,10109862MOREIRAR,2025-07-16,117830,1,5,0,89.0
10109862MOREIRAR_2025-07-16_G15,10109862MOREIRAR,2025-07-16,110374,1,12,0,147.0
10109862MOREIRAR_2025-07-16_G16,10109862MOREIRAR,2025-07-16,110372,1,14,0,79.0
10109862MOREIRAR_2025-07-16_G17,10109862MOREIRAR,2025-07-16,117853,1,4,0,71.0
10109862MOREIRAR_2025-07-16_G18,10109862MOREIRAR,2025-07-16,141047,1,4,0,34.0
10109862MOREIRAR_2025-07-16_G19,10109862MOREIRAR,2025-07-16,111467,1,4,0,49.0
10109862MOREIRAR_2025-07-16_G20,10109862MOREIRAR,2025-07-16,110755,1,10,0,130.0
10109862MOREIRAR_2025-07-16_G21,10109862MOREIRAR,2025-07-16,118299,1,10,0,419.0
10109862MOREIRAR_2025-07-16_G22,10109862MOREIRAR,2025-07-16,118306,1,2,0,48.0
10109862MOREIRAR_2025-07-16_G23,10109862MOREIRAR,2025-07-16,111660,1,2,0,48.0
10109862MOREIRAR_2025-07-16_G24,10109862MOREIRAR,2025-07-16,111602,1,3,0,85.0
10109862MOREIRAR_2025-07-16_G25,10109862MOREIRAR,2025-07-16,110515,1,4,0,46.0
10109862MOREIRAR_2025-07-16_G26,10109862MOREIRAR,2025-07-16,117856,1,4,0,135.0
10109862MOREIRAR_2025-07-16_G27,10109862MOREIRAR,2025-07-16,116527,1,4,0,87.0
10109862MOREIRAR_2025-07-16_G28,10109862MOREIRAR,2025-07-16,107892,1,4,0,48.0
10109862MOREIRAR_2025-07-16_G29,10109862MOREIRAR,2025-07-16,110373,1,12,0,168.0
10109862MOREIRAR_2025-07-16_G30,10109862MOREIRAR,2025-07-16,109649,1,4,0,870.0
10109862MOREIRAR_2025-07-16_G31,10109862MOREIRAR,2025-07-16,117837,1,4,0,660.0
10109862MOREIRAR_2025-07-16_G32,10109862MOREIRAR,2025-07-16,111876,1,4,0,94.0
10109862MOREIRAR_2025-07-16_G33,10109862MOREIRAR,2025-07-16,110339,1,4,0,62.0
10109862MOREIRAR_2025-07-16_G34,10109862MOREIRAR,2025-07-16,117786,1,2,0,36.0
10109862MOREIRAR_2025-07-16_G35,10109862MOREIRAR,2025-07-16,118298,1,4,0,87.0
10109862MOREIRAR_2025-07-16_G36,10109862MOREIRAR,2025-07-16,"111650, 117853",2,6,30,70.0
10109862MOREIRAR_2025-07-16_G37,10109862MOREIRAR,2025-07-16,111467,1,2,0,46.0
10109862MOREIRAR_2025-07-16_G38,10109862MOREIRAR,2025-07-16,110515,1,26,0,229.0
10109862MOREIRAR_2025-07-16_G39,10109862MOREIRAR,2025-07-16,117856,1,5,0,132.0
10109862MOREIRAR_2025-07-16_G40,10109862MOREIRAR,2025-07-16,117935,1,6,0,79.0
10109862MOREIRAR_2025-07-16_G41,10109862MOREIRAR,2025-07-16,110375,1,4,0,327.0
10109862MOREIRAR_2025-07-16_G42,10109862MOREIRAR,2025-07-16,110325,1,6,0,94.0
10109862MOREIRAR_2025-07-16_G43,10109862MOREIRAR,2025-07-16,117830,1,7,0,86.0
10109862MOREIRAR_2025-07-16_G44,10109862MOREIRAR,2025-07-16,117830,1,22,0,162.0
10109862MOREIRAR_2025-07-16_G45,10109862MOREIRAR,2025-07-16,117832,1,3,0,47.0
10109862MOREIRAR_2025-07-16_G46,10109862MOREIRAR,2025-07-16,117832,1,18,0,195.0
10109862MOREIRAR_2025-07-16_G47,10109862MOREIRAR,2025-07-16,117809,1,14,0,101.0
10109862MOREIRAR_2025-07-16_G48,10109862MOREIRAR,2025-07-16,110374,1,28,0,499.0
10109862MOREIRAR_2025-07-16_G49,10109862MOREIRAR,2025-07-16,110372,1,4,0,417.0
10109862MOREIRAR_2025-07-16_G50,10109862MOREIRAR,2025-07-16,110372,1,50,0,411.0
10109862MOREIRAR_2025-07-16_G51,10109862MOREIRAR,2025-07-16,110371,1,3,0,112.0
10109862MOREIRAR_2025-07-16_G52,10109862MOREIRAR,2025-07-16,110376,1,4,0,44.0
10109862MOREIRAR_2025-07-16_G53,10109862MOREIRAR,2025-07-16,118299,1,85,0,407.0
10109862MOREIRAR_2025-07-16_G54,10109862MOREIRAR,2025-07-16,110373,1,2,0,159.0
10109862MOREIRAR_2025-07-16_G55,10109862MOREIRAR,2025-07-16,110373,1,14,0,73.0
10109862MOREIRAR_2025-07-16_G56,10109862MOREIRAR,2025-07-16,117820,1,6,0,330.0
10109862MOREIRAR_2025-07-16_G57,10109862MOREIRAR,2025-07-16,111441,1,6,0,320.0
10109862MOREIRAR_2025-07-16_G58,10109862MOREIRAR,2025-07-16,111569,1,4,0,55.0
10109862MOREIRAR_2025-07-16_G59,10109862MOREIRAR,2025-07-16,108770,1,2,0,80.0
10109862MOREIRAR_2025-07-16_G60,10109862MOREIRAR,2025-07-16,"107892, 118222",2,6,15,39.0
10109862MOREIRAR_2025-07-16_G61,10109862MOREIRAR,2025-07-16,110372,1,5,0,619.0
10109862MOREIRAR_2025-07-16_G62,10109862MOREIRAR,2025-07-16,"110371, 110376",2,18,26,194.0
10109862MOREIRAR_2025-07-16_G63,10109862MOREIRAR,2025-07-16,110373,1,21,0,192.0
10109862MOREIRAR_2025-07-17_G02,10109862MOREIRAR,2025-07-17,110755,1,8,0,136.0
10109862MOREIRAR_2025-07-17_G03,10109862MOREIRAR,2025-07-17,109641,1,13,0,459.0
10109862MOREIRAR_2025-07-17_G04,10109862MOREIRAR,2025-07-17,111330,1,10,0,200.0
10109862MOREIRAR_2025-07-17_G05,10109862MOREIRAR,2025-07-17,110787,1,26,0,165.0
10109862MOREIRAR_2025-07-17_G06,10109862MOREIRAR,2025-07-17,117785,1,100,0,885.0
10109862MOREIRAR_2025-07-17_G07,10109862MOREIRAR,2025-07-17,"117831, 111418",2,113,23,370.0
10109862MOREIRAR_2025-07-17_G08,10109862MOREIRAR,2025-07-17,118222,1,50,0,2659.0
10109862MOREIRAR_2025-07-17_G09,10109862MOREIRAR,2025-07-17,111463,1,93,0,1156.0
10109862MOREIRAR_2025-07-17_G10,10109862MOREIRAR,2025-07-17,121760,1,15,0,670.0
10109862MOREIRAR_2025-07-17_G11,10109862MOREIRAR,2025-07-17,122671,1,6,0,171.0
10109862MOREIRAR_2025-07-17_G12,10109862MOREIRAR,2025-07-17,124475,1,6,0,240.0
10109862MOREIRAR_2025-07-17_G13,10109862MOREIRAR,2025-07-17,181056,1,4,0,133.0
10109862MOREIRAR_2025-07-17_G15,10109862MOREIRAR,2025-07-17,124248,1,82,0,1253.0
10109862MOREIRAR_2025-07-17_G16,10109862MOREIRAR,2025-07-17,124476,1,42,0,802.0
10109862MOREIRAR_2025-07-17_G18,10109862MOREIRAR,2025-07-17,123344,1,50,0,842.0
10109862MOREIRAR_2025-07-17_G19,10109862MOREIRAR,2025-07-17,124486,1,16,0,1109.0
10109862MOREIRAR_2025-07-17_G20,10109862MOREIRAR,2025-07-17,122671,1,8,0,183.0
10109862MOREIRAR_2025-07-17_G21,10109862MOREIRAR,2025-07-17,181057,1,2,0,111.0
10109862MOREIRAR_2025-07-17_G22,10109862MOREIRAR,2025-07-17,181235,1,2,0,114.0
10109862MOREIRAR_2025-07-18_G02,10109862MOREIRAR,2025-07-18,120028,1,2,0,198.0
10109862MOREIRAR_2025-07-18_G03,10109862MOREIRAR,2025-07-18,114647,1,4,0,125.0
10109862MOREIRAR_2025-07-18_G04,10109862MOREIRAR,2025-07-18,124486,1,3,0,160.0
10109862MOREIRAR_2025-07-18_G05,10109862MOREIRAR,2025-07-18,124370,1,10,0,150.0
10109862MOREIRAR_2025-07-18_G06,10109862MOREIRAR,2025-07-18,123909,1,3,0,149.0
10109862MOREIRAR_2025-07-18_G07,10109862MOREIRAR,2025-07-18,124586,1,1,0,176.0
10109862MOREIRAR_2025-07-18_G08,10109862MOREIRAR,2025-07-18,181906,1,1,0,880.0
10109862MOREIRAR_2025-07-18_G09,10109862MOREIRAR,2025-07-18,123492,1,1,0,158.0
10109862MOREIRAR_2025-07-18_G10,10109862MOREIRAR,2025-07-18,123822,1,33,0,1100.0
10109862MOREIRAR_2025-07-18_G11,10109862MOREIRAR,2025-07-18,124247,1,12,0,623.0
10109862MOREIRAR_2025-07-18_G12,10109862MOREIRAR,2025-07-18,123822,1,59,0,1680.0
10109862MOREIRAR_2025-07-18_G13,10109862MOREIRAR,2025-07-18,122962,1,80,0,1963.0
10109862MOREIRAR_2025-07-18_G15,10109862MOREIRAR,2025-07-18,124264,1,4,0,276.0
10109862MOREIRAR_2025-07-18_G16,10109862MOREIRAR,2025-07-18,123889,1,10,0,425.0
10109862MOREIRAR_2025-07-18_G17,10109862MOREIRAR,2025-07-18,120389,1,12,0,498.0
10109862MOREIRAR_2025-07-18_G18,10109862MOREIRAR,2025-07-18,120028,1,48,0,1443.0
10109862MOREIRAR_2025-07-18_G19,10109862MOREIRAR,2025-07-18,122673,1,20,0,1709.0
10109862MOREIRAR_2025-07-18_G20,10109862MOREIRAR,2025-07-18,123909,1,4,0,344.0
10109862MOREIRAR_2025-07-19_G02,10109862MOREIRAR,2025-07-19,124486,1,4,0,327.0
10109862MOREIRAR_2025-07-19_G03,10109862MOREIRAR,2025-07-19,122962,1,32,0,1078.0
10109862MOREIRAR_2025-07-19_G04,10109862MOREIRAR,2025-07-19,122962,1,80,0,2606.0
10109862MOREIRAR_2025-07-19_G05,10109862MOREIRAR,2025-07-19,122982,1,30,0,662.0
10109862MOREIRAR_2025-07-19_G06,10109862MOREIRAR,2025-07-19,124475,1,16,0,702.0
10109862MOREIRAR_2025-07-19_G07,10109862MOREIRAR,2025-07-19,123345,1,12,0,476.0
10109862MOREIRAR_2025-07-19_G08,10109862MOREIRAR,2025-07-19,124264,1,30,0,2500.0
10109862MOREIRAR_2025-07-19_G09,10109862MOREIRAR,2025-07-19,123822,1,21,0,847.0
10109862MOREIRAR_2025-07-19_G10,10109862MOREIRAR,2025-07-19,123822,1,7,0,374.0
10109862MOREIRAR_2025-07-19_G11,10109862MOREIRAR,2025-07-19,122647,1,12,0,479.0
10109862MOREIRAR_2025-07-19_G12,10109862MOREIRAR,2025-07-19,"122962, 123343",2,36,17,676.0
10109862MOREIRAR_2025-07-21_G02,10109862MOREIRAR,2025-07-21,111532,1,2,0,74.0
10109862MOREIRAR_2025-07-21_G03,10109862MOREIRAR,2025-07-21,109641,1,1,0,62.0
10109862MOREIRAR_2025-07-21_G04,10109862MOREIRAR,2025-07-21,109645,1,2,0,32.0
10109862MOREIRAR_2025-07-21_G05,10109862MOREIRAR,2025-07-21,118140,1,2,0,45.0
10109862MOREIRAR_2025-07-21_G06,10109862MOREIRAR,2025-07-21,116241,1,2,0,50.0
10109862MOREIRAR_2025-07-21_G07,10109862MOREIRAR,2025-07-21,117831,1,2,0,78.0
10109862MOREIRAR_2025-07-21_G08,10109862MOREIRAR,2025-07-21,111444,1,4,0,333.0
10109862MOREIRAR_2025-07-21_G09,10109862MOREIRAR,2025-07-21,111466,1,12,0,93.0
10109862MOREIRAR_2025-07-21_G10,10109862MOREIRAR,2025-07-21,111463,1,2,0,207.0
10109862MOREIRAR_2025-07-21_G11,10109862MOREIRAR,2025-07-21,117833,1,2,0,89.0
10109862MOREIRAR_2025-07-21_G12,10109862MOREIRAR,2025-07-21,117837,1,4,0,83.0
10109862MOREIRAR_2025-07-21_G13,10109862MOREIRAR,2025-07-21,141047,1,2,0,58.0
10109862MOREIRAR_2025-07-21_G14,10109862MOREIRAR,2025-07-21,"110515, 108772",2,4,25,158.0
10109862MOREIRAR_2025-07-21_G15,10109862MOREIRAR,2025-07-21,111530,1,6,0,121.0
10109862MOREIRAR_2025-07-21_G16,10109862MOREIRAR,2025-07-21,117856,1,2,0,318.0
10109862MOREIRAR_2025-07-21_G17,10109862MOREIRAR,2025-07-21,110755,1,2,0,568.0
10109862MOREIRAR_2025-07-21_G18,10109862MOREIRAR,2025-07-21,111441,1,2,0,73.0
10109862MOREIRAR_2025-07-21_G19,10109862MOREIRAR,2025-07-21,111655,1,4,0,97.0
10109862MOREIRAR_2025-07-21_G20,10109862MOREIRAR,2025-07-21,108759,1,2,0,57.0
10109862MOREIRAR_2025-07-21_G21,10109862MOREIRAR,2025-07-21,111569,1,4,0,82.0
10109862MOREIRAR_2025-07-21_G22,10109862MOREIRAR,2025-07-21,111876,1,4,0,132.0
10109862MOREIRAR_2025-07-21_G23,10109862MOREIRAR,2025-07-21,110339,1,4,0,56.0
10109862MOREIRAR_2025-07-21_G24,10109862MOREIRAR,2025-07-21,117855,1,2,0,80.0
10109862MOREIRAR_2025-07-21_G25,10109862MOREIRAR,2025-07-21,117856,1,2,0,87.0
10109862MOREIRAR_2025-07-21_G26,10109862MOREIRAR,2025-07-21,110752,1,2,0,137.0
10109862MOREIRAR_2025-07-21_G27,10109862MOREIRAR,2025-07-21,117808,1,16,0,307.0
10109862MOREIRAR_2025-07-21_G28,10109862MOREIRAR,2025-07-21,117830,1,2,0,50.0
10109862MOREIRAR_2025-07-21_G29,10109862MOREIRAR,2025-07-21,117809,1,2,0,35.0
10109862MOREIRAR_2025-07-21_G30,10109862MOREIRAR,2025-07-21,110374,1,4,0,89.0
10109862MOREIRAR_2025-07-21_G31,10109862MOREIRAR,2025-07-21,118299,1,18,0,505.0
10109862MOREIRAR_2025-07-21_G32,10109862MOREIRAR,2025-07-21,110372,1,12,0,98.0
10109862MOREIRAR_2025-07-21_G33,10109862MOREIRAR,2025-07-21,141202,1,5,0,90.0
10109862MOREIRAR_2025-07-21_G34,10109862MOREIRAR,2025-07-21,111876,1,2,0,690.0
10109862MOREIRAR_2025-07-21_G35,10109862MOREIRAR,2025-07-21,118298,1,2,0,216.0
10109862MOREIRAR_2025-07-21_G36,10109862MOREIRAR,2025-07-21,111467,1,2,0,75.0
10109862MOREIRAR_2025-07-21_G37,10109862MOREIRAR,2025-07-21,111602,1,2,0,74.0
10109862MOREIRAR_2025-07-21_G38,10109862MOREIRAR,2025-07-21,108772,1,2,0,38.0
10109862MOREIRAR_2025-07-21_G39,10109862MOREIRAR,2025-07-21,118222,1,4,0,1029.0
10109862MOREIRAR_2025-07-21_G40,10109862MOREIRAR,2025-07-21,110747,1,4,0,84.0
10109862MOREIRAR_2025-07-21_G41,10109862MOREIRAR,2025-07-21,100334,1,2,0,76.0
10109862MOREIRAR_2025-07-21_G42,10109862MOREIRAR,2025-07-21,111438,1,4,0,75.0
10109862MOREIRAR_2025-07-21_G43,10109862MOREIRAR,2025-07-21,110895,1,5,0,244.0
10109862MOREIRAR_2025-07-21_G44,10109862MOREIRAR,2025-07-21,118306,1,4,0,86.0
10109862MOREIRAR_2025-07-21_G45,10109862MOREIRAR,2025-07-21,117808,1,9,0,264.0
10109862MOREIRAR_2025-07-21_G46,10109862MOREIRAR,2025-07-21,110373,1,2,0,50.0
10109862MOREIRAR_2025-07-21_G47,10109862MOREIRAR,2025-07-21,110376,1,1,0,54.0
10109862MOREIRAR_2025-07-21_G48,10109862MOREIRAR,2025-07-21,109648,1,2,0,40.0
10109862MOREIRAR_2025-07-21_G49,10109862MOREIRAR,2025-07-21,110371,1,2,0,92.0
10109862MOREIRAR_2025-07-21_G50,10109862MOREIRAR,2025-07-21,110372,1,6,0,77.0
10109862MOREIRAR_2025-07-21_G51,10109862MOREIRAR,2025-07-21,141202,1,6,0,331.0
10109862MOREIRAR_2025-07-21_G52,10109862MOREIRAR,2025-07-21,117822,1,2,0,58.0
10109862MOREIRAR_2025-07-21_G53,10109862MOREIRAR,2025-07-21,111569,1,4,0,418.0
10109862MOREIRAR_2025-07-21_G54,10109862MOREIRAR,2025-07-21,110747,1,4,0,234.0
10109862MOREIRAR_2025-07-21_G55,10109862MOREIRAR,2025-07-21,111441,1,2,0,87.0
10109862MOREIRAR_2025-07-21_G56,10109862MOREIRAR,2025-07-21,118222,1,8,0,31.0
10109862MOREIRAR_2025-07-21_G57,10109862MOREIRAR,2025-07-21,108759,1,4,0,90.0
10109862MOREIRAR_2025-07-21_G58,10109862MOREIRAR,2025-07-21,108770,1,4,0,118.0
10109862MOREIRAR_2025-07-21_G59,10109862MOREIRAR,2025-07-21,111532,1,2,0,611.0
10109862MOREIRAR_2025-07-21_G60,10109862MOREIRAR,2025-07-21,109645,1,2,0,101.0
10109862MOREIRAR_2025-07-21_G61,10109862MOREIRAR,2025-07-21,111418,1,30,0,224.0
10109862MOREIRAR_2025-07-21_G62,10109862MOREIRAR,2025-07-21,118140,1,20,0,292.0
10109862MOREIRAR_2025-07-22_G02,10109862MOREIRAR,2025-07-22,117787,1,10,0,102.0
10109862MOREIRAR_2025-07-22_G03,10109862MOREIRAR,2025-07-22,117785,1,1,0,47.0
10109862MOREIRAR_2025-07-22_G04,10109862MOREIRAR,2025-07-22,111442,1,2,0,52.0
10109862MOREIRAR_2025-07-22_G05,10109862MOREIRAR,2025-07-22,110740,1,6,0,142.0
10109862MOREIRAR_2025-07-22_G06,10109862MOREIRAR,2025-07-22,111465,1,10,0,307.0
10109862MOREIRAR_2025-07-22_G07,10109862MOREIRAR,2025-07-22,111468,1,6,0,61.0
10109862MOREIRAR_2025-07-22_G08,10109862MOREIRAR,2025-07-22,"111463, 111743",2,26,17,312.0
10109862MOREIRAR_2025-07-22_G09,10109862MOREIRAR,2025-07-22,110534,1,4,0,1055.0
10109862MOREIRAR_2025-07-22_G10,10109862MOREIRAR,2025-07-22,"110747, 117808",2,4,23,517.0
10109862MOREIRAR_2025-07-22_G11,10109862MOREIRAR,2025-07-22,110711,1,2,0,389.0
10109862MOREIRAR_2025-07-22_G12,10109862MOREIRAR,2025-07-22,111602,1,1,0,67.0
10109862MOREIRAR_2025-07-22_G13,10109862MOREIRAR,2025-07-22,110515,1,2,0,49.0
10109862MOREIRAR_2025-07-22_G14,10109862MOREIRAR,2025-07-22,111530,1,2,0,102.0
10109862MOREIRAR_2025-07-22_G15,10109862MOREIRAR,2025-07-22,111467,1,4,0,284.0
10109862MOREIRAR_2025-07-22_G16,10109862MOREIRAR,2025-07-22,117855,1,1,0,47.0
10109862MOREIRAR_2025-07-22_G17,10109862MOREIRAR,2025-07-22,110711,1,2,0,66.0
10109862MOREIRAR_2025-07-22_G18,10109862MOREIRAR,2025-07-22,110711,1,3,0,31.0
10109862MOREIRAR_2025-07-22_G19,10109862MOREIRAR,2025-07-22,110515,1,6,0,108.0
10109862MOREIRAR_2025-07-22_G20,10109862MOREIRAR,2025-07-22,111530,1,4,0,239.0
10109862MOREIRAR_2025-07-22_G21,10109862MOREIRAR,2025-07-22,117808,1,2,0,138.0
10109862MOREIRAR_2025-07-22_G22,10109862MOREIRAR,2025-07-22,111467,1,1,0,146.0
10109862MOREIRAR_2025-07-22_G23,10109862MOREIRAR,2025-07-22,117855,1,1,0,42.0
10109862MOREIRAR_2025-07-22_G24,10109862MOREIRAR,2025-07-22,110711,1,3,0,252.0
10109862MOREIRAR_2025-07-22_G25,10109862MOREIRAR,2025-07-22,"110372, 118317",2,10,30,341.0
10109862MOREIRAR_2025-07-22_G26,10109862MOREIRAR,2025-07-22,111418,1,2,0,302.0
10109862MOREIRAR_2025-07-22_G27,10109862MOREIRAR,2025-07-22,110339,1,1,0,100.0
10109862MOREIRAR_2025-07-22_G28,10109862MOREIRAR,2025-07-22,111467,1,5,0,102.0
10109862MOREIRAR_2025-07-22_G29,10109862MOREIRAR,2025-07-22,110711,1,1,0,394.0
10109862MOREIRAR_2025-07-22_G30,10109862MOREIRAR,2025-07-22,111602,1,3,0,62.0
10109862MOREIRAR_2025-07-22_G31,10109862MOREIRAR,2025-07-22,110747,1,1,0,147.0
10109862MOREIRAR_2025-07-22_G32,10109862MOREIRAR,2025-07-22,110339,1,1,0,591.0
10109862MOREIRAR_2025-07-22_G33,10109862MOREIRAR,2025-07-22,117855,2,4,27,173.0
10109862MOREIRAR_2025-07-22_G34,10109862MOREIRAR,2025-07-22,110711,1,2,0,70.0
10109862MOREIRAR_2025-07-22_G35,10109862MOREIRAR,2025-07-22,111530,1,3,0,105.0
10109862MOREIRAR_2025-07-22_G36,10109862MOREIRAR,2025-07-22,118317,1,2,0,91.0
10109862MOREIRAR_2025-07-22_G37,10109862MOREIRAR,2025-07-22,110372,1,9,0,88.0
10109862MOREIRAR_2025-07-22_G38,10109862MOREIRAR,2025-07-22,117808,1,2,0,93.0
10109862MOREIRAR_2025-07-22_G39,10109862MOREIRAR,2025-07-22,118094,1,12,0,411.0
10109862MOREIRAR_2025-07-22_G40,10109862MOREIRAR,2025-07-22,117855,1,8,0,322.0
10109862MOREIRAR_2025-07-22_G41,10109862MOREIRAR,2025-07-22,110711,2,7,26,69.0
10109862MOREIRAR_2025-07-22_G42,10109862MOREIRAR,2025-07-22,117808,2,182,22,682.0
10109862MOREIRAR_2025-07-22_G43,10109862MOREIRAR,2025-07-22,111530,1,20,0,350.0
10109862MOREIRAR_2025-07-22_G44,10109862MOREIRAR,2025-07-22,111530,1,5,0,48.0
10109862MOREIRAR_2025-07-22_G45,10109862MOREIRAR,2025-07-22,111530,1,47,0,123.0
10109862MOREIRAR_2025-07-22_G47,10109862MOREIRAR,2025-07-22,121923,1,2,0,493.0
10109862MOREIRAR_2025-07-22_G48,10109862MOREIRAR,2025-07-22,122962,1,30,0,1508.0
10109862MOREIRAR_2025-07-22_G49,10109862MOREIRAR,2025-07-22,122647,1,60,0,1108.0
10109862MOREIRAR_2025-07-22_G50,10109862MOREIRAR,2025-07-22,124486,1,10,0,202.0
10109862MOREIRAR_2025-07-22_G51,10109862MOREIRAR,2025-07-22,111569,1,4,0,1147.0
10109862MOREIRAR_2025-07-22_G52,10109862MOREIRAR,2025-07-22,111348,1,4,0,90.0
10109862MOREIRAR_2025-07-22_G53,10109862MOREIRAR,2025-07-22,111418,1,4,0,248.0
10109862MOREIRAR_2025-07-22_G54,10109862MOREIRAR,2025-07-22,108711,1,1,0,67.0
10109862MOREIRAR_2025-07-22_G55,10109862MOREIRAR,2025-07-22,117833,1,8,0,485.0
10109862MOREIRAR_2025-07-22_G56,10109862MOREIRAR,2025-07-22,111532,1,8,0,80.0
10109862MOREIRAR_2025-07-22_G57,10109862MOREIRAR,2025-07-22,117786,2,2,13,65.0
10109862MOREIRAR_2025-07-22_G58,10109862MOREIRAR,2025-07-22,110515,1,2,0,273.0
10109862MOREIRAR_2025-07-22_G59,10109862MOREIRAR,2025-07-22,108772,1,4,0,61.0
10109862MOREIRAR_2025-07-22_G60,10109862MOREIRAR,2025-07-22,111530,1,6,0,731.0
10109862MOREIRAR_2025-07-22_G61,10109862MOREIRAR,2025-07-22,117785,1,4,0,92.0
10109862MOREIRAR_2025-07-22_G62,10109862MOREIRAR,2025-07-22,117785,1,4,0,34.0
10109862MOREIRAR_2025-07-22_G63,10109862MOREIRAR,2025-07-22,108794,2,6,24,206.0
10109862MOREIRAR_2025-07-22_G64,10109862MOREIRAR,2025-07-22,111468,2,6,24,80.0
10109862MOREIRAR_2025-07-22_G65,10109862MOREIRAR,2025-07-22,117809,1,8,0,354.0
10109862MOREIRAR_2025-07-22_G66,10109862MOREIRAR,2025-07-22,110374,1,4,0,228.0
10109862MOREIRAR_2025-07-22_G67,10109862MOREIRAR,2025-07-22,107830,1,3,0,306.0
10109862MOREIRAR_2025-07-22_G68,10109862MOREIRAR,2025-07-22,110371,1,4,0,240.0
10109862MOREIRAR_2025-07-22_G69,10109862MOREIRAR,2025-07-22,110373,1,9,0,99.0
10109862MOREIRAR_2025-07-22_G70,10109862MOREIRAR,2025-07-22,117808,1,12,0,106.0
10109862MOREIRAR_2025-07-22_G71,10109862MOREIRAR,2025-07-22,117935,1,3,0,325.0
10109862MOREIRAR_2025-07-23_G02,10109862MOREIRAR,2025-07-23,110895,1,1,0,148.0
10109862MOREIRAR_2025-07-23_G03,10109862MOREIRAR,2025-07-23,108795,1,5,0,122.0
10109862MOREIRAR_2025-07-23_G04,10109862MOREIRAR,2025-07-23,110339,1,7,0,94.0
10109862MOREIRAR_2025-07-23_G05,10109862MOREIRAR,2025-07-23,117855,1,8,0,191.0
10109862MOREIRAR_2025-07-23_G07,10109862MOREIRAR,2025-07-23,160054,1,14,0,312.0
10109862MOREIRAR_2025-07-23_G08,10109862MOREIRAR,2025-07-23,160051,1,20,0,327.0
10109862MOREIRAR_2025-07-23_G09,10109862MOREIRAR,2025-07-23,110372,1,1200,0,3326.0
10109862MOREIRAR_2025-07-23_G10,10109862MOREIRAR,2025-07-23,117808,1,1200,0,2517.0
10109862MOREIRAR_2025-07-23_G11,10109862MOREIRAR,2025-07-23,111569,1,26,0,930.0
10109862MOREIRAR_2025-07-23_G12,10109862MOREIRAR,2025-07-23,117834,1,100,0,395.0
10109862MOREIRAR_2025-07-23_G13,10109862MOREIRAR,2025-07-23,111466,1,240,0,909.0
10109862MOREIRAR_2025-07-24_G02,10109862MOREIRAR,2025-07-24,107236,1,100,0,490.0
10109862MOREIRAR_2025-07-24_G03,10109862MOREIRAR,2025-07-24,110339,1,8,0,1491.0
10109862MOREIRAR_2025-07-24_G04,10109862MOREIRAR,2025-07-24,117862,1,73,0,278.0
10109862MOREIRAR_2025-07-24_G05,10109862MOREIRAR,2025-07-24,111467,1,12,0,435.0
10109862MOREIRAR_2025-07-24_G06,10109862MOREIRAR,2025-07-24,110515,1,95,0,420.0
10109862MOREIRAR_2025-07-24_G07,10109862MOREIRAR,2025-07-24,111530,1,5,0,107.0
10109862MOREIRAR_2025-07-24_G08,10109862MOREIRAR,2025-07-24,111463,1,13,0,443.0
10109862MOREIRAR_2025-07-24_G09,10109862MOREIRAR,2025-07-24,111172,1,22,0,141.0
10109862MOREIRAR_2025-07-24_G10,10109862MOREIRAR,2025-07-24,105705,1,10,0,131.0
10109862MOREIRAR_2025-07-24_G11,10109862MOREIRAR,2025-07-24,140922,1,19,0,451.0
10109862MOREIRAR_2025-07-24_G12,10109862MOREIRAR,2025-07-24,110743,1,18,0,171.0
10109862MOREIRAR_2025-07-24_G13,10109862MOREIRAR,2025-07-24,117833,1,94,0,305.0
10109862MOREIRAR_2025-07-24_G14,10109862MOREIRAR,2025-07-24,111532,1,20,0,303.0
10109862MOREIRAR_2025-07-24_G15,10109862MOREIRAR,2025-07-24,109641,1,12,0,90.0
10109862MOREIRAR_2025-07-24_G16,10109862MOREIRAR,2025-07-24,109645,1,14,0,86.0
10109862MOREIRAR_2025-07-24_G17,10109862MOREIRAR,2025-07-24,118140,1,72,0,429.0
10109862MOREIRAR_2025-07-24_G18,10109862MOREIRAR,2025-07-24,108794,1,65,0,345.0
10109862MOREIRAR_2025-07-24_G19,10109862MOREIRAR,2025-07-24,111743,1,17,0,291.0
10109862MOREIRAR_2025-07-24_G20,10109862MOREIRAR,2025-07-24,117831,1,200,0,832.0
10109862MOREIRAR_2025-07-24_G21,10109862MOREIRAR,2025-07-24,109645,1,50,0,337.0
10109862MOREIRAR_2025-07-24_G22,10109862MOREIRAR,2025-07-24,116241,1,100,0,165.0
10109862MOREIRAR_2025-07-24_G24,10109862MOREIRAR,2025-07-24,123822,1,65,0,1323.0
10109862MOREIRAR_2025-07-24_G25,10109862MOREIRAR,2025-07-24,122962,1,40,0,666.0
10109862MOREIRAR_2025-07-24_G26,10109862MOREIRAR,2025-07-24,122962,1,40,0,367.0
10109862MOREIRAR_2025-07-24_G27,10109862MOREIRAR,2025-07-24,122647,1,80,0,2212.0
10109862MOREIRAR_2025-07-24_G28,10109862MOREIRAR,2025-07-24,122968,1,2,0,737.0
10109862MOREIRAR_2025-07-24_G29,10109862MOREIRAR,2025-07-24,122673,1,16,0,981.0
10109862MOREIRAR_2025-07-24_G30,10109862MOREIRAR,2025-07-24,122962,1,12,0,287.0
10109862MOREIRAR_2025-07-24_G31,10109862MOREIRAR,2025-07-24,124486,1,18,0,269.0
10109862MOREIRAR_2025-07-24_G32,10109862MOREIRAR,2025-07-24,124476,1,5,0,122.0
10109862MOREIRAR_2025-07-24_G33,10109862MOREIRAR,2025-07-24,121760,1,10,0,160.0
10109862MOREIRAR_2025-07-24_G34,10109862MOREIRAR,2025-07-24,122185,1,1,0,258.0
10109862MOREIRAR_2025-07-24_G35,10109862MOREIRAR,2025-07-24,181756,1,10,0,224.0
10109862MOREIRAR_2025-07-24_G36,10109862MOREIRAR,2025-07-24,122185,1,20,0,476.0
10109862MOREIRAR_2025-07-24_G37,10109862MOREIRAR,2025-07-24,122962,1,12,0,99.0
10109862MOREIRAR_2025-07-24_G38,10109862MOREIRAR,2025-07-24,123822,1,40,0,653.0
10109862MOREIRAR_2025-07-24_G39,10109862MOREIRAR,2025-07-24,124486,1,10,0,492.0
10109862MOREIRAR_2025-07-25_G02,10109862MOREIRAR,2025-07-25,122962,1,3,0,180.0
10109862MOREIRAR_2025-07-25_G03,10109862MOREIRAR,2025-07-25,122673,1,2,0,71.0
10109862MOREIRAR_2025-07-25_G04,10109862MOREIRAR,2025-07-25,121651,1,6,0,450.0
10109862MOREIRAR_2025-07-25_G05,10109862MOREIRAR,2025-07-25,124371,1,4,0,412.0
10109862MOREIRAR_2025-07-25_G06,10109862MOREIRAR,2025-07-25,121651,1,4,0,115.0
10109862MOREIRAR_2025-07-25_G07,10109862MOREIRAR,2025-07-25,123345,1,2,0,73.0
10109862MOREIRAR_2025-07-25_G08,10109862MOREIRAR,2025-07-25,122962,1,8,0,1322.0
10109862MOREIRAR_2025-07-25_G09,10109862MOREIRAR,2025-07-25,123153,1,4,0,192.0
10109862MOREIRAR_2025-07-25_G10,10109862MOREIRAR,2025-07-25,124486,1,8,0,191.0
10109862MOREIRAR_2025-07-25_G11,10109862MOREIRAR,2025-07-25,123153,1,5,0,629.0
10109862MOREIRAR_2025-07-25_G12,10109862MOREIRAR,2025-07-25,122962,1,20,0,906.0
10109862MOREIRAR_2025-07-25_G13,10109862MOREIRAR,2025-07-25,123153,1,8,0,167.0
10109862MOREIRAR_2025-07-25_G14,10109862MOREIRAR,2025-07-25,122962,1,4,0,223.0
10109862MOREIRAR_2025-07-25_G15,10109862MOREIRAR,2025-07-25,124486,1,34,0,663.0
10109862MOREIRAR_2025-07-25_G16,10109862MOREIRAR,2025-07-25,122673,1,8,0,516.0
10109862MOREIRAR_2025-07-25_G17,10109862MOREIRAR,2025-07-25,123153,1,12,0,724.0
10109862MOREIRAR_2025-07-25_G20,10109862MOREIRAR,2025-07-25,108770,1,12,0,329.0
10109862MOREIRAR_2025-07-25_G21,10109862MOREIRAR,2025-07-25,141035,2,5,13,1197.0
10109862MOREIRAR_2025-07-25_G22,10109862MOREIRAR,2025-07-25,107629,1,12,0,500.0
10109862MOREIRAR_2025-07-25_G23,10109862MOREIRAR,2025-07-25,110313,2,5,7,118.0
10109862MOREIRAR_2025-07-25_G24,10109862MOREIRAR,2025-07-25,"117853, 141047",2,3,18,313.0
10109862MOREIRAR_2025-07-25_G25,10109862MOREIRAR,2025-07-25,111530,1,2,0,102.0
10109862MOREIRAR_2025-07-25_G26,10109862MOREIRAR,2025-07-25,117856,1,10,0,207.0
10109862MOREIRAR_2025-07-25_G27,10109862MOREIRAR,2025-07-25,111850,1,10,0,376.0
10109862MOREIRAR_2025-07-25_G28,10109862MOREIRAR,2025-07-25,109643,1,10,0,167.0
10109862MOREIRAR_2025-07-25_G29,10109862MOREIRAR,2025-07-25,110376,1,6,0,108.0
10109862MOREIRAR_2025-07-25_G30,10109862MOREIRAR,2025-07-25,110373,2,63,22,1710.0
10109862MOREIRAR_2025-07-25_G31,10109862MOREIRAR,2025-07-25,123343,1,5,0,1694.0
10109862MOREIRAR_2025-07-25_G32,10109862MOREIRAR,2025-07-25,123947,1,1,0,107.0
10109862MOREIRAR_2025-07-25_G33,10109862MOREIRAR,2025-07-25,123909,1,11,0,270.0
10109862MOREIRAR_2025-07-25_G34,10109862MOREIRAR,2025-07-25,124594,1,4,0,355.0
10109862MOREIRAR_2025-07-25_G35,10109862MOREIRAR,2025-07-25,123343,2,16,16,310.0
10109862MOREIRAR_2025-07-26_G02,10109862MOREIRAR,2025-07-26,123909,1,4,0,95.0
10109862MOREIRAR_2025-07-26_G03,10109862MOREIRAR,2025-07-26,124248,1,24,0,332.0
10109862MOREIRAR_2025-07-26_G04,10109862MOREIRAR,2025-07-26,122962,1,12,0,292.0
10109862MOREIRAR_2025-07-26_G05,10109862MOREIRAR,2025-07-26,124486,1,12,0,240.0
10109862MOREIRAR_2025-07-26_G06,10109862MOREIRAR,2025-07-26,122673,2,13,9,306.0
10109862MOREIRAR_2025-07-26_G07,10109862MOREIRAR,2025-07-26,122984,1,40,0,542.0
10109862MOREIRAR_2025-07-26_G08,10109862MOREIRAR,2025-07-26,122185,1,60,0,966.0
10109862MOREIRAR_2025-07-26_G09,10109862MOREIRAR,2025-07-26,122962,1,12,0,406.0
10109862MOREIRAR_2025-07-26_G10,10109862MOREIRAR,2025-07-26,122647,1,12,0,211.0
10109862MOREIRAR_2025-07-26_G11,10109862MOREIRAR,2025-07-26,122962,1,56,0,656.0
10109862MOREIRAR_2025-07-26_G12,10109862MOREIRAR,2025-07-26,123822,1,11,0,263.0
10109862MOREIRAR_2025-07-26_G13,10109862MOREIRAR,2025-07-26,120028,1,40,0,478.0
10109862MOREIRAR_2025-07-26_G14,10109862MOREIRAR,2025-07-26,121760,1,4,0,431.0
10109862MOREIRAR_2025-07-26_G15,10109862MOREIRAR,2025-07-26,121760,1,16,0,293.0
10109862MOREIRAR_2025-07-26_G16,10109862MOREIRAR,2025-07-26,124370,1,16,0,302.0
10109862MOREIRAR_2025-07-26_G17,10109862MOREIRAR,2025-07-26,123822,1,4,0,196.0
10109862MOREIRAR_2025-07-26_G18,10109862MOREIRAR,2025-07-26,122673,1,1,0,57.0
10109862MOREIRAR_2025-07-26_G19,10109862MOREIRAR,2025-07-26,121651,1,12,0,226.0
10109862MOREIRAR_2025-07-26_G20,10109862MOREIRAR,2025-07-26,124486,1,3,0,166.0
10109862MOREIRAR_2025-07-26_G21,10109862MOREIRAR,2025-07-26,123909,1,4,0,87.0
10109862MOREIRAR_2025-07-26_G22,10109862MOREIRAR,2025-07-26,124371,1,20,0,112.0
10109862MOREIRAR_2025-07-26_G23,10109862MOREIRAR,2025-07-26,124477,1,10,0,443.0
10109862MOREIRAR_2025-07-26_G24,10109862MOREIRAR,2025-07-26,180078,1,1,0,66.0
10109862MOREIRAR_2025-07-26_G25,10109862MOREIRAR,2025-07-26,123345,1,4,0,74.0
10109862MOREIRAR_2025-07-26_G26,10109862MOREIRAR,2025-07-26,123343,1,6,0,333.0
10109862MOREIRAR_2025-07-27_G02,10109862MOREIRAR,2025-07-27,111430,1,10,0,111.0
10109862MOREIRAR_2025-07-27_G03,10109862MOREIRAR,2025-07-27,117834,1,2,0,117.0
10109862MOREIRAR_2025-07-27_G04,10109862MOREIRAR,2025-07-27,100334,1,2,0,63.0
10109862MOREIRAR_2025-07-27_G05,10109862MOREIRAR,2025-07-27,108759,1,4,0,94.0
10109862MOREIRAR_2025-07-27_G06,10109862MOREIRAR,2025-07-27,108759,1,4,0,50.0
10109862MOREIRAR_2025-07-27_G07,10109862MOREIRAR,2025-07-27,108759,1,8,0,92.0
10109862MOREIRAR_2025-07-27_G08,10109862MOREIRAR,2025-07-27,111660,2,2,7,110.0
10109862MOREIRAR_2025-07-27_G09,10109862MOREIRAR,2025-07-27,110756,1,2,0,423.0
10109862MOREIRAR_2025-07-27_G10,10109862MOREIRAR,2025-07-27,117965,1,38,0,534.0
10109862MOREIRAR_2025-07-27_G11,10109862MOREIRAR,2025-07-27,117965,1,11,0,958.0
10109862MOREIRAR_2025-07-27_G12,10109862MOREIRAR,2025-07-27,110741,1,32,0,532.0
10109862MOREIRAR_2025-07-27_G13,10109862MOREIRAR,2025-07-27,110741,1,15,0,154.0
10109862MOREIRAR_2025-07-27_G14,10109862MOREIRAR,2025-07-27,117854,1,1,0,43.0
10109862MOREIRAR_2025-07-27_G15,10109862MOREIRAR,2025-07-27,107629,1,16,0,682.0
10109862MOREIRAR_2025-07-27_G16,10109862MOREIRAR,2025-07-27,111876,2,21,6,193.0
10109862MOREIRAR_2025-07-27_G17,10109862MOREIRAR,2025-07-27,110339,1,6,0,143.0
10109862MOREIRAR_2025-07-27_G18,10109862MOREIRAR,2025-07-27,118094,1,20,0,1270.0
10109862MOREIRAR_2025-07-27_G19,10109862MOREIRAR,2025-07-27,110313,2,32,8,942.0
10109862MOREIRAR_2025-07-27_G20,10109862MOREIRAR,2025-07-27,"110313, 110753",2,52,29,107.0
10109862MOREIRAR_2025-07-27_G21,10109862MOREIRAR,2025-07-27,141047,1,23,0,420.0
10109862MOREIRAR_2025-07-27_G22,10109862MOREIRAR,2025-07-27,141047,1,23,0,242.0
10109862MOREIRAR_2025-07-27_G23,10109862MOREIRAR,2025-07-27,109647,2,16,9,126.0
10109862MOREIRAR_2025-07-28_G02,10109862MOREIRAR,2025-07-28,110711,2,33,6,243.0
10109862MOREIRAR_2025-07-28_G03,10109862MOREIRAR,2025-07-28,111602,1,10,0,185.0
10109862MOREIRAR_2025-07-28_G04,10109862MOREIRAR,2025-07-28,117935,2,23,6,371.0
10109862MOREIRAR_2025-07-28_G05,10109862MOREIRAR,2025-07-28,111530,1,12,0,149.0
10109862MOREIRAR_2025-07-28_G06,10109862MOREIRAR,2025-07-28,109643,1,2,0,77.0
10109862MOREIRAR_2025-07-28_G07,10109862MOREIRAR,2025-07-28,109643,2,38,25,64.0
10109862MOREIRAR_2025-07-28_G08,10109862MOREIRAR,2025-07-28,117830,1,66,0,792.0
10109862MOREIRAR_2025-07-28_G09,10109862MOREIRAR,2025-07-28,117830,1,31,0,319.0
10109862MOREIRAR_2025-07-28_G10,10109862MOREIRAR,2025-07-28,117830,1,29,0,84.0
10109862MOREIRAR_2025-07-28_G11,10109862MOREIRAR,2025-07-28,117832,1,20,0,328.0
10109862MOREIRAR_2025-07-28_G12,10109862MOREIRAR,2025-07-28,107830,1,12,0,199.0
10109862MOREIRAR_2025-07-28_G13,10109862MOREIRAR,2025-07-28,117820,1,20,0,61.0
10109862MOREIRAR_2025-07-28_G14,10109862MOREIRAR,2025-07-28,117808,1,30,0,366.0
10109862MOREIRAR_2025-07-28_G15,10109862MOREIRAR,2025-07-28,111172,2,34,9,753.0
10109862MOREIRAR_2025-07-28_G16,10109862MOREIRAR,2025-07-28,105705,1,10,0,172.0
10109862MOREIRAR_2025-07-28_G17,10109862MOREIRAR,2025-07-28,105705,1,9,0,90.0
10109862MOREIRAR_2025-07-28_G18,10109862MOREIRAR,2025-07-28,108711,2,4,7,75.0
10109862MOREIRAR_2025-07-28_G19,10109862MOREIRAR,2025-07-28,110787,1,16,0,418.0
10109862MOREIRAR_2025-07-28_G20,10109862MOREIRAR,2025-07-28,111466,1,45,0,218.0
10109862MOREIRAR_2025-07-28_G21,10109862MOREIRAR,2025-07-28,111466,1,18,0,132.0
10109862MOREIRAR_2025-07-28_G22,10109862MOREIRAR,2025-07-28,117833,1,7,0,743.0
10109862MOREIRAR_2025-07-28_G23,10109862MOREIRAR,2025-07-28,140922,1,23,0,122.0
10109862MOREIRAR_2025-07-28_G24,10109862MOREIRAR,2025-07-28,109645,1,1,0,78.0
10109862MOREIRAR_2025-07-28_G25,10109862MOREIRAR,2025-07-28,111462,1,37,0,50.0
10109862MOREIRAR_2025-07-28_G26,10109862MOREIRAR,2025-07-28,140922,1,12,0,576.0
10109862MOREIRAR_2025-07-28_G27,10109862MOREIRAR,2025-07-28,118140,1,30,0,445.0
10109862MOREIRAR_2025-07-28_G28,10109862MOREIRAR,2025-07-28,111728,1,21,0,167.0
10109862MOREIRAR_2025-07-28_G29,10109862MOREIRAR,2025-07-28,111728,1,27,0,471.0
10109862MOREIRAR_2025-07-28_G30,10109862MOREIRAR,2025-07-28,108794,1,32,0,197.0
10109862MOREIRAR_2025-07-28_G31,10109862MOREIRAR,2025-07-28,"108794, 118140",2,62,16,450.0
10109862MOREIRAR_2025-07-28_G33,10109862MOREIRAR,2025-07-28,122984,1,100,0,2399.0
10109862MOREIRAR_2025-07-28_G34,10109862MOREIRAR,2025-07-28,123343,1,1,0,724.0
10109862MOREIRAR_2025-07-28_G35,10109862MOREIRAR,2025-07-28,124371,1,12,0,209.0
10109862MOREIRAR_2025-07-28_G36,10109862MOREIRAR,2025-07-28,123153,1,30,0,303.0
10109862MOREIRAR_2025-07-28_G37,10109862MOREIRAR,2025-07-28,120339,1,6,0,295.0
10109862MOREIRAR_2025-07-28_G38,10109862MOREIRAR,2025-07-28,180094,1,2,0,110.0
10109862MOREIRAR_2025-07-28_G39,10109862MOREIRAR,2025-07-28,122196,1,8,0,107.0
10109862MOREIRAR_2025-07-28_G40,10109862MOREIRAR,2025-07-28,122982,1,8,0,95.0
10109862MOREIRAR_2025-07-28_G41,10109862MOREIRAR,2025-07-28,123822,1,26,0,509.0
10109862MOREIRAR_2025-07-28_G42,10109862MOREIRAR,2025-07-28,122962,1,6,0,234.0
10109862MOREIRAR_2025-07-28_G43,10109862MOREIRAR,2025-07-28,122984,1,50,0,801.0
10109862MOREIRAR_2025-07-28_G44,10109862MOREIRAR,2025-07-28,123908,1,2,0,687.0
10109862MOREIRAR_2025-07-28_G45,10109862MOREIRAR,2025-07-28,124248,1,18,0,230.0
10109862MOREIRAR_2025-07-28_G46,10109862MOREIRAR,2025-07-28,124264,1,50,0,1477.0
10109862MOREIRAR_2025-07-28_G47,10109862MOREIRAR,2025-07-28,124264,1,109,0,1341.0
10109862MOREIRAR_2025-07-29_G02,10109862MOREIRAR,2025-07-29,123822,1,30,0,643.0
10109862MOREIRAR_2025-07-29_G03,10109862MOREIRAR,2025-07-29,122982,1,60,0,1968.0
10109862MOREIRAR_2025-07-29_G04,10109862MOREIRAR,2025-07-29,122984,1,20,0,319.0
10109862MOREIRAR_2025-07-29_G05,10109862MOREIRAR,2025-07-29,120028,1,100,0,2390.0
10109862MOREIRAR_2025-07-29_G06,10109862MOREIRAR,2025-07-29,122962,1,50,0,502.0
10109862MOREIRAR_2025-07-29_G07,10109862MOREIRAR,2025-07-29,124371,1,14,0,359.0
10109862MOREIRAR_2025-07-29_G08,10109862MOREIRAR,2025-07-29,124371,1,10,0,237.0
10109862MOREIRAR_2025-07-29_G09,10109862MOREIRAR,2025-07-29,123822,1,10,0,301.0
10109862MOREIRAR_2025-07-29_G10,10109862MOREIRAR,2025-07-29,124371,1,12,0,503.0
10109862MOREIRAR_2025-07-29_G11,10109862MOREIRAR,2025-07-29,124371,1,5,0,97.0
10109862MOREIRAR_2025-07-29_G13,10109862MOREIRAR,2025-07-29,117832,1,100,0,281.0
10109862MOREIRAR_2025-07-29_G14,10109862MOREIRAR,2025-07-29,118191,1,118,0,1002.0
10109862MOREIRAR_2025-07-29_G15,10109862MOREIRAR,2025-07-29,117808,1,57,0,599.0
10109862MOREIRAR_2025-07-29_G17,10109862MOREIRAR,2025-07-29,109641,1,2,0,89.0
10109862MOREIRAR_2025-07-29_G18,10109862MOREIRAR,2025-07-29,141458,1,32,0,359.0
10109862MOREIRAR_2025-07-29_G19,10109862MOREIRAR,2025-07-29,111602,1,4,0,180.0
10109862MOREIRAR_2025-07-29_G20,10109862MOREIRAR,2025-07-29,140922,1,12,0,454.0
10109862MOREIRAR_2025-07-30_G02,10109862MOREIRAR,2025-07-30,109647,1,6,0,98.0
10109862MOREIRAR_2025-07-30_G03,10109862MOREIRAR,2025-07-30,111467,1,4,0,185.0
10109862MOREIRAR_2025-07-30_G04,10109862MOREIRAR,2025-07-30,160055,1,7,0,134.0
10109862MOREIRAR_2025-07-30_G05,10109862MOREIRAR,2025-07-30,111466,1,20,0,180.0
10109862MOREIRAR_2025-07-30_G06,10109862MOREIRAR,2025-07-30,160054,1,7,0,124.0
10109862MOREIRAR_2025-07-30_G07,10109862MOREIRAR,2025-07-30,109641,1,8,0,280.0
10109862MOREIRAR_2025-07-30_G08,10109862MOREIRAR,2025-07-30,118223,1,4,0,2080.0
10109862MOREIRAR_2025-07-30_G09,10109862MOREIRAR,2025-07-30,141458,1,60,0,466.0
10109862MOREIRAR_2025-07-30_G10,10109862MOREIRAR,2025-07-30,110373,1,7,0,578.0
10109862MOREIRAR_2025-07-30_G11,10109862MOREIRAR,2025-07-30,109974,1,2,0,1327.0
10109862MOREIRAR_2025-07-30_G12,10109862MOREIRAR,2025-07-30,105359,1,2,0,98.0
10109862MOREIRAR_2025-07-30_G13,10109862MOREIRAR,2025-07-30,118330,1,2,0,133.0
10109862MOREIRAR_2025-07-30_G14,10109862MOREIRAR,2025-07-30,111530,1,4,0,193.0
10109862MOREIRAR_2025-07-30_G15,10109862MOREIRAR,2025-07-30,"111463, 111743",2,10,30,251.0
10109862MOREIRAR_2025-07-30_G16,10109862MOREIRAR,2025-07-30,111462,1,4,0,135.0
10109862MOREIRAR_2025-07-30_G17,10109862MOREIRAR,2025-07-30,117785,1,16,0,238.0
10109862MOREIRAR_2025-07-30_G18,10109862MOREIRAR,2025-07-30,141458,1,40,0,322.0
10109862MOREIRAR_2025-07-30_G19,10109862MOREIRAR,2025-07-30,111602,1,4,0,108.0
10109862MOREIRAR_2025-07-30_G20,10109862MOREIRAR,2025-07-30,111463,1,2,0,1223.0
10109862MOREIRAR_2025-07-30_G21,10109862MOREIRAR,2025-07-30,141458,1,50,0,904.0
10109862MOREIRAR_2025-07-30_G22,10109862MOREIRAR,2025-07-30,117830,1,20,0,2582.0
10109862MOREIRAR_2025-07-30_G23,10109862MOREIRAR,2025-07-30,117832,1,12,0,133.0
10109862MOREIRAR_2025-07-30_G24,10109862MOREIRAR,2025-07-30,118299,1,30,0,327.0
10109862MOREIRAR_2025-07-30_G25,10109862MOREIRAR,2025-07-30,140922,1,8,0,575.0
10109862MOREIRAR_2025-08-03_G02,10109862MOREIRAR,2025-08-03,120272,1,40,0,469.0
10109862MOREIRAR_2025-08-03_G03,10109862MOREIRAR,2025-08-03,122962,1,40,0,579.0
10109862MOREIRAR_2025-08-03_G04,10109862MOREIRAR,2025-08-03,123153,1,67,0,894.0
10109862MOREIRAR_2025-08-03_G05,10109862MOREIRAR,2025-08-03,123889,1,8,0,528.0
10109862MOREIRAR_2025-08-03_G06,10109862MOREIRAR,2025-08-03,124264,1,2,0,113.0
10109862MOREIRAR_2025-08-03_G07,10109862MOREIRAR,2025-08-03,122986,1,8,0,165.0
10109862MOREIRAR_2025-08-03_G08,10109862MOREIRAR,2025-08-03,122984,1,4,0,93.0
10109862MOREIRAR_2025-08-03_G09,10109862MOREIRAR,2025-08-03,120389,1,20,0,385.0
10109862MOREIRAR_2025-08-03_G10,10109862MOREIRAR,2025-08-03,122647,1,10,0,206.0
10109862MOREIRAR_2025-08-03_G11,10109862MOREIRAR,2025-08-03,122962,1,8,0,106.0
10109862MOREIRAR_2025-08-03_G12,10109862MOREIRAR,2025-08-03,123909,1,12,0,122.0
10109862MOREIRAR_2025-08-03_G13,10109862MOREIRAR,2025-08-03,120389,1,20,0,1938.0
10109862MOREIRAR_2025-08-03_G14,10109862MOREIRAR,2025-08-03,122962,1,60,0,730.0
10109862MOREIRAR_2025-08-03_G15,10109862MOREIRAR,2025-08-03,120028,1,60,0,1080.0
10109862MOREIRAR_2025-08-03_G16,10109862MOREIRAR,2025-08-03,124486,1,30,0,573.0
10109862MOREIRAR_2025-08-03_G17,10109862MOREIRAR,2025-08-03,122984,1,20,0,323.0
10109862MOREIRAR_2025-08-03_G18,10109862MOREIRAR,2025-08-03,123343,1,10,0,222.0
10109862MOREIRAR_2025-08-04_G02,10109862MOREIRAR,2025-08-04,122962,1,8,0,150.0
10109862MOREIRAR_2025-08-04_G03,10109862MOREIRAR,2025-08-04,124486,1,16,0,317.0
10109862MOREIRAR_2025-08-04_G04,10109862MOREIRAR,2025-08-04,122983,1,16,0,210.0
10109862MOREIRAR_2025-08-04_G05,10109862MOREIRAR,2025-08-04,120389,1,8,0,95.0
10109862MOREIRAR_2025-08-04_G06,10109862MOREIRAR,2025-08-04,122962,1,28,0,229.0
10109862MOREIRAR_2025-08-04_G07,10109862MOREIRAR,2025-08-04,124486,1,30,0,447.0
10109862MOREIRAR_2025-08-04_G08,10109862MOREIRAR,2025-08-04,123343,1,12,0,213.0
10109862MOREIRAR_2025-08-04_G09,10109862MOREIRAR,2025-08-04,122984,1,143,0,2909.0
10109862MOREIRAR_2025-08-04_G10,10109862MOREIRAR,2025-08-04,124548,1,100,0,2289.0
10109862MOREIRAR_2025-08-04_G12,10109862MOREIRAR,2025-08-04,123345,1,6,0,190.0
10109862MOREIRAR_2025-08-04_G13,10109862MOREIRAR,2025-08-04,123343,1,5,0,159.0
10109862MOREIRAR_2025-08-04_G14,10109862MOREIRAR,2025-08-04,124370,1,16,0,252.0
10109862MOREIRAR_2025-08-04_G16,10109862MOREIRAR,2025-08-04,123822,1,35,0,762.0
10109862MOREIRAR_2025-08-04_G17,10109862MOREIRAR,2025-08-04,123822,1,1,0,87.0
10109862MOREIRAR_2025-08-04_G18,10109862MOREIRAR,2025-08-04,121760,1,29,0,318.0
10109862MOREIRAR_2025-08-04_G19,10109862MOREIRAR,2025-08-04,124248,1,1,0,305.0
10109862MOREIRAR_2025-08-04_G20,10109862MOREIRAR,2025-08-04,120339,1,1,0,58.0
10109862MOREIRAR_2025-08-04_G21,10109862MOREIRAR,2025-08-04,123492,1,10,0,172.0
10109862MOREIRAR_2025-08-04_G22,10109862MOREIRAR,2025-08-04,120339,1,1,0,97.0
10109862MOREIRAR_2025-08-04_G23,10109862MOREIRAR,2025-08-04,124247,1,20,0,251.0
10109862MOREIRAR_2025-08-04_G24,10109862MOREIRAR,2025-08-04,122986,1,10,0,180.0
10109862MOREIRAR_2025-08-04_G25,10109862MOREIRAR,2025-08-04,122986,1,10,0,190.0
10109862MOREIRAR_2025-08-04_G26,10109862MOREIRAR,2025-08-04,123080,1,2,0,378.0
10109862MOREIRAR_2025-08-04_G27,10109862MOREIRAR,2025-08-04,124247,1,8,0,170.0
10109862MOREIRAR_2025-08-04_G28,10109862MOREIRAR,2025-08-04,122185,1,47,0,891.0
10109862MOREIRAR_2025-08-04_G29,10109862MOREIRAR,2025-08-04,"123822, 124248",2,4,16,46.0
10109862MOREIRAR_2025-08-04_G30,10109862MOREIRAR,2025-08-04,123080,1,1,0,117.0
10109862MOREIRAR_2025-08-04_G31,10109862MOREIRAR,2025-08-04,124248,1,1,0,130.0
10109862MOREIRAR_2025-08-04_G32,10109862MOREIRAR,2025-08-04,120389,1,2,0,62.0
10109862MOREIRAR_2025-08-04_G33,10109862MOREIRAR,2025-08-04,124486,1,2,0,136.0
10109862MOREIRAR_2025-08-04_G34,10109862MOREIRAR,2025-08-04,122983,1,8,0,189.0
10109862MOREIRAR_2025-08-04_G35,10109862MOREIRAR,2025-08-04,120339,1,10,0,133.0
10109862MOREIRAR_2025-08-04_G36,10109862MOREIRAR,2025-08-04,124594,1,16,0,241.0
10109862MOREIRAR_2025-08-04_G37,10109862MOREIRAR,2025-08-04,124594,1,10,0,64.0
10109862MOREIRAR_2025-08-04_G38,10109862MOREIRAR,2025-08-04,122988,1,1,0,69.0
10109862MOREIRAR_2025-08-04_G39,10109862MOREIRAR,2025-08-04,123822,1,1,0,43.0
10109862MOREIRAR_2025-08-04_G40,10109862MOREIRAR,2025-08-04,181057,1,5,0,127.0
10109862MOREIRAR_2025-08-05_G02,10109862MOREIRAR,2025-08-05,124486,1,50,0,1171.0
10109862MOREIRAR_2025-08-05_G03,10109862MOREIRAR,2025-08-05,"122986, 123492",2,12,23,179.0
10109862MOREIRAR_2025-08-05_G04,10109862MOREIRAR,2025-08-05,123822,1,75,0,1146.0
10109862MOREIRAR_2025-08-05_G05,10109862MOREIRAR,2025-08-05,122647,1,39,0,686.0
10109862MOREIRAR_2025-08-05_G06,10109862MOREIRAR,2025-08-05,124264,1,33,0,344.0
10109862MOREIRAR_2025-08-05_G07,10109862MOREIRAR,2025-08-05,121760,1,8,0,201.0
10109862MOREIRAR_2025-08-05_G08,10109862MOREIRAR,2025-08-05,122673,1,18,0,228.0
10109862MOREIRAR_2025-08-05_G09,10109862MOREIRAR,2025-08-05,123492,1,6,0,244.0
10109862MOREIRAR_2025-08-05_G10,10109862MOREIRAR,2025-08-05,124264,1,50,0,1334.0
10109862MOREIRAR_2025-08-05_G11,10109862MOREIRAR,2025-08-05,124264,1,100,0,1438.0
10109862MOREIRAR_2025-08-05_G12,10109862MOREIRAR,2025-08-05,124548,1,20,0,574.0
10109862MOREIRAR_2025-08-05_G13,10109862MOREIRAR,2025-08-05,123390,1,28,0,762.0
10109862MOREIRAR_2025-08-05_G15,10109862MOREIRAR,2025-08-05,122988,1,7,0,77.0
10109862MOREIRAR_2025-08-05_G16,10109862MOREIRAR,2025-08-05,122988,1,1,0,57.0
10109862MOREIRAR_2025-08-05_G17,10109862MOREIRAR,2025-08-05,124624,1,23,0,1385.0
10109862MOREIRAR_2025-08-05_G18,10109862MOREIRAR,2025-08-05,124371,1,50,0,1004.0
10109862MOREIRAR_2025-08-05_G19,10109862MOREIRAR,2025-08-05,120028,1,20,0,3173.0
10109862MOREIRAR_2025-08-05_G20,10109862MOREIRAR,2025-08-05,121651,1,100,0,673.0
10109862MOREIRAR_2025-08-06_G02,10109862MOREIRAR,2025-08-06,123313,1,50,0,787.0
10109862MOREIRAR_2025-08-06_G03,10109862MOREIRAR,2025-08-06,124624,1,1,0,383.0
10109862MOREIRAR_2025-08-06_G04,10109862MOREIRAR,2025-08-06,122962,1,1,0,64.0
10109862MOREIRAR_2025-08-06_G05,10109862MOREIRAR,2025-08-06,124486,1,2,0,73.0
10109862MOREIRAR_2025-08-06_G06,10109862MOREIRAR,2025-08-06,122185,1,1,0,50.0
10109862MOREIRAR_2025-08-06_G07,10109862MOREIRAR,2025-08-06,124475,1,1,0,75.0
10109862MOREIRAR_2025-08-06_G08,10109862MOREIRAR,2025-08-06,124371,1,2,0,520.0
10109862MOREIRAR_2025-08-06_G11,10109862MOREIRAR,2025-08-06,122703,1,36,0,517.0
10109862MOREIRAR_2025-08-06_G12,10109862MOREIRAR,2025-08-06,123561,1,100,0,1149.0
10109862MOREIRAR_2025-08-06_G13,10109862MOREIRAR,2025-08-06,120028,1,45,0,519.0
10109862MOREIRAR_2025-08-06_G14,10109862MOREIRAR,2025-08-06,123153,1,55,0,949.0
10109862MOREIRAR_2025-08-06_G15,10109862MOREIRAR,2025-08-06,122673,1,6,0,248.0
10109862MOREIRAR_2025-08-06_G16,10109862MOREIRAR,2025-08-06,124476,1,20,0,84.0
10109862MOREIRAR_2025-08-06_G17,10109862MOREIRAR,2025-08-06,122703,1,4,0,1121.0
10109862MOREIRAR_2025-08-06_G18,10109862MOREIRAR,2025-08-06,122962,1,1,0,90.0
10109862MOREIRAR_2025-08-06_G19,10109862MOREIRAR,2025-08-06,121651,1,1,0,154.0
10109862MOREIRAR_2025-08-06_G20,10109862MOREIRAR,2025-08-06,122984,1,1,0,87.0
10109862MOREIRAR_2025-08-06_G21,10109862MOREIRAR,2025-08-06,124371,1,1,0,45.0
10109862MOREIRAR_2025-08-06_G22,10109862MOREIRAR,2025-08-06,122647,1,40,0,728.0
10109862MOREIRAR_2025-08-06_G23,10109862MOREIRAR,2025-08-06,122962,1,24,0,376.0
10109862MOREIRAR_2025-08-06_G24,10109862MOREIRAR,2025-08-06,124475,1,4,0,281.0
10109862MOREIRAR_2025-08-06_G25,10109862MOREIRAR,2025-08-06,124476,1,4,0,198.0
10109862MOREIRAR_2025-08-06_G26,10109862MOREIRAR,2025-08-06,124370,1,20,0,628.0
10109862MOREIRAR_2025-08-07_G02,10109862MOREIRAR,2025-08-07,124371,1,16,0,137.0
10109862MOREIRAR_2025-08-07_G03,10109862MOREIRAR,2025-08-07,124548,1,12,0,197.0
10109862MOREIRAR_2025-08-07_G04,10109862MOREIRAR,2025-08-07,123521,1,4,0,146.0
10109862MOREIRAR_2025-08-07_G05,10109862MOREIRAR,2025-08-07,181056,1,2,0,997.0
10109862MOREIRAR_2025-08-07_G06,10109862MOREIRAR,2025-08-07,123313,1,8,0,649.0
10109862MOREIRAR_2025-08-07_G07,10109862MOREIRAR,2025-08-07,"121760, 122962",2,2,19,153.0
10109862MOREIRAR_2025-08-07_G08,10109862MOREIRAR,2025-08-07,124486,1,1,0,83.0
10109862MOREIRAR_2025-08-07_G09,10109862MOREIRAR,2025-08-07,121651,1,2,0,64.0
10109862MOREIRAR_2025-08-07_G10,10109862MOREIRAR,2025-08-07,124475,1,1,0,670.0
10109862MOREIRAR_2025-08-07_G11,10109862MOREIRAR,2025-08-07,122703,1,2,0,71.0
10109862MOREIRAR_2025-08-07_G12,10109862MOREIRAR,2025-08-07,122988,1,1,0,47.0
10109862MOREIRAR_2025-08-07_G13,10109862MOREIRAR,2025-08-07,124370,1,1,0,104.0
10109862MOREIRAR_2025-08-07_G14,10109862MOREIRAR,2025-08-07,124248,1,1,0,44.0
10109862MOREIRAR_2025-08-07_G15,10109862MOREIRAR,2025-08-07,122962,1,2,0,94.0
10109862MOREIRAR_2025-08-07_G16,10109862MOREIRAR,2025-08-07,124486,1,2,0,53.0
10109862MOREIRAR_2025-08-07_G17,10109862MOREIRAR,2025-08-07,"122982, 122984",2,2,25,1764.0
10109862MOREIRAR_2025-08-07_G18,10109862MOREIRAR,2025-08-07,122962,1,12,0,277.0
10109862MOREIRAR_2025-08-07_G19,10109862MOREIRAR,2025-08-07,122647,1,12,0,110.0
10109862MOREIRAR_2025-08-07_G20,10109862MOREIRAR,2025-08-07,122962,1,4,0,433.0
10109862MOREIRAR_2025-08-07_G21,10109862MOREIRAR,2025-08-07,124475,1,1,0,95.0
10109862MOREIRAR_2025-08-07_G22,10109862MOREIRAR,2025-08-07,123909,1,1,0,68.0
10109862MOREIRAR_2025-08-07_G23,10109862MOREIRAR,2025-08-07,122986,1,1,0,70.0
10109862MOREIRAR_2025-08-07_G24,10109862MOREIRAR,2025-08-07,124370,1,1,0,41.0
10109862MOREIRAR_2025-08-07_G25,10109862MOREIRAR,2025-08-07,121760,1,1,0,66.0
10109862MOREIRAR_2025-08-07_G26,10109862MOREIRAR,2025-08-07,124486,1,1,0,50.0
10109862MOREIRAR_2025-08-07_G27,10109862MOREIRAR,2025-08-07,121651,1,1,0,121.0
10109862MOREIRAR_2025-08-07_G28,10109862MOREIRAR,2025-08-07,122982,1,1,0,74.0
10109862MOREIRAR_2025-08-07_G29,10109862MOREIRAR,2025-08-07,123345,1,1,0,93.0
10109862MOREIRAR_2025-08-07_G30,10109862MOREIRAR,2025-08-07,123344,1,1,0,134.0
10109862MOREIRAR_2025-08-07_G31,10109862MOREIRAR,2025-08-07,122962,1,1,0,48.0
10109862MOREIRAR_2025-08-07_G32,10109862MOREIRAR,2025-08-07,124486,1,2,0,86.0
10109862MOREIRAR_2025-08-07_G33,10109862MOREIRAR,2025-08-07,121651,1,1,0,48.0
10109862MOREIRAR_2025-08-07_G34,10109862MOREIRAR,2025-08-07,123343,1,1,0,202.0
10109862MOREIRAR_2025-08-07_G35,10109862MOREIRAR,2025-08-07,120028,1,40,0,404.0
10109862MOREIRAR_2025-08-07_G36,10109862MOREIRAR,2025-08-07,123822,1,10,0,539.0
10109862MOREIRAR_2025-08-07_G38,10109862MOREIRAR,2025-08-07,122962,1,150,0,1356.0
10109862MOREIRAR_2025-08-07_G39,10109862MOREIRAR,2025-08-07,124371,1,40,0,797.0
10109862MOREIRAR_2025-08-07_G40,10109862MOREIRAR,2025-08-07,123345,1,40,0,581.0
10109862MOREIRAR_2025-08-07_G41,10109862MOREIRAR,2025-08-07,123343,1,40,0,325.0
10109862MOREIRAR_2025-08-07_G42,10109862MOREIRAR,2025-08-07,122967,1,33,0,1101.0
10109862MOREIRAR_2025-08-07_G43,10109862MOREIRAR,2025-08-07,122703,1,1,0,1214.0
10109862MOREIRAR_2025-08-07_G44,10109862MOREIRAR,2025-08-07,124548,1,2,0,62.0
10109862MOREIRAR_2025-08-07_G45,10109862MOREIRAR,2025-08-07,120339,1,10,0,332.0
10109862MOREIRAR_2025-08-07_G46,10109862MOREIRAR,2025-08-07,123345,1,2,0,65.0
10109862MOREIRAR_2025-08-07_G47,10109862MOREIRAR,2025-08-07,121651,1,4,0,153.0
10109862MOREIRAR_2025-08-07_G48,10109862MOREIRAR,2025-08-07,123080,1,1,0,703.0
10109862MOREIRAR_2025-08-07_G49,10109862MOREIRAR,2025-08-07,124248,1,8,0,221.0
10109862MOREIRAR_2025-08-07_G50,10109862MOREIRAR,2025-08-07,123492,2,11,14,608.0
10109862MOREIRAR_2025-08-07_G51,10109862MOREIRAR,2025-08-07,123492,1,19,0,353.0
10109862MOREIRAR_2025-08-07_G52,10109862MOREIRAR,2025-08-07,122983,1,4,0,436.0
10109862MOREIRAR_2025-08-07_G53,10109862MOREIRAR,2025-08-07,122962,2,32,13,46.0
10109862MOREIRAR_2025-08-08_G02,10109862MOREIRAR,2025-08-08,122647,1,50,0,2746.0
10109862MOREIRAR_2025-08-08_G03,10109862MOREIRAR,2025-08-08,122962,1,42,0,211.0
10109862MOREIRAR_2025-08-08_G04,10109862MOREIRAR,2025-08-08,120028,2,126,13,1133.0
10109862MOREIRAR_2025-08-08_G05,10109862MOREIRAR,2025-08-08,120008,1,50,0,527.0
10109862MOREIRAR_2025-08-08_G06,10109862MOREIRAR,2025-08-08,124248,1,2,0,1763.0
10109862MOREIRAR_2025-08-08_G07,10109862MOREIRAR,2025-08-08,124486,1,6,0,51.0
10109862MOREIRAR_2025-08-08_G08,10109862MOREIRAR,2025-08-08,122962,1,4,0,110.0
10109862MOREIRAR_2025-08-08_G09,10109862MOREIRAR,2025-08-08,122983,1,4,0,211.0
10109862MOREIRAR_2025-08-08_G10,10109862MOREIRAR,2025-08-08,122983,1,6,0,43.0
10109862MOREIRAR_2025-08-08_G12,10109862MOREIRAR,2025-08-08,123822,1,30,0,678.0
10109862MOREIRAR_2025-08-08_G13,10109862MOREIRAR,2025-08-08,122962,1,24,0,730.0
10109862MOREIRAR_2025-08-08_G14,10109862MOREIRAR,2025-08-08,120028,1,9,0,171.0
10109862MOREIRAR_2025-08-08_G15,10109862MOREIRAR,2025-08-08,120028,1,11,0,458.0
10109862MOREIRAR_2025-08-10_G02,10109862MOREIRAR,2025-08-10,118290,1,4,0,173.0
10109862MOREIRAR_2025-08-10_G03,10109862MOREIRAR,2025-08-10,110755,1,12,0,382.0
10109862MOREIRAR_2025-08-10_G04,10109862MOREIRAR,2025-08-10,110747,1,4,0,111.0
10109862MOREIRAR_2025-08-10_G05,10109862MOREIRAR,2025-08-10,100334,1,4,0,106.0
10109862MOREIRAR_2025-08-10_G06,10109862MOREIRAR,2025-08-10,111438,1,12,0,168.0
10109862MOREIRAR_2025-08-10_G07,10109862MOREIRAR,2025-08-10,111569,1,7,0,248.0
10109862MOREIRAR_2025-08-10_G08,10109862MOREIRAR,2025-08-10,111660,1,5,0,95.0
10109862MOREIRAR_2025-08-10_G09,10109862MOREIRAR,2025-08-10,110741,1,4,0,105.0
10109862MOREIRAR_2025-08-10_G10,10109862MOREIRAR,2025-08-10,117855,1,10,0,79.0
10109862MOREIRAR_2025-08-10_G11,10109862MOREIRAR,2025-08-10,111602,1,24,0,204.0
10109862MOREIRAR_2025-08-10_G12,10109862MOREIRAR,2025-08-10,110515,1,14,0,322.0
10109862MOREIRAR_2025-08-10_G13,10109862MOREIRAR,2025-08-10,118299,1,280,0,1305.0
10109862MOREIRAR_2025-08-10_G14,10109862MOREIRAR,2025-08-10,117808,1,483,0,1622.0
10109862MOREIRAR_2025-08-10_G15,10109862MOREIRAR,2025-08-10,110373,1,2,0,553.0
10109862MOREIRAR_2025-08-10_G16,10109862MOREIRAR,2025-08-10,117820,1,2,0,226.0
10109862MOREIRAR_2025-08-10_G17,10109862MOREIRAR,2025-08-10,"117830, 110371",2,24,13,48.0
10109862MOREIRAR_2025-08-10_G18,10109862MOREIRAR,2025-08-10,107830,1,4,0,79.0
10109862MOREIRAR_2025-08-10_G19,10109862MOREIRAR,2025-08-10,"109643, 117832, 117809, 118299",4,29,24,31.0
10109862MOREIRAR_2025-08-10_G20,10109862MOREIRAR,2025-08-10,110373,1,34,0,383.0
10109862MOREIRAR_2025-08-10_G21,10109862MOREIRAR,2025-08-10,110374,1,20,0,196.0
10109862MOREIRAR_2025-08-10_G22,10109862MOREIRAR,2025-08-10,117820,1,83,0,860.0
10109862MOREIRAR_2025-08-11_G02,10109862MOREIRAR,2025-08-11,117786,1,2,0,217.0
10109862MOREIRAR_2025-08-11_G03,10109862MOREIRAR,2025-08-11,110515,1,4,0,176.0
10109862MOREIRAR_2025-08-11_G04,10109862MOREIRAR,2025-08-11,117833,1,3,0,109.0
10109862MOREIRAR_2025-08-11_G05,10109862MOREIRAR,2025-08-11,111462,1,2,0,112.0
10109862MOREIRAR_2025-08-11_G06,10109862MOREIRAR,2025-08-11,110372,1,9,0,417.0
10109862MOREIRAR_2025-08-11_G07,10109862MOREIRAR,2025-08-11,141202,1,2,0,200.0
10109862MOREIRAR_2025-08-11_G08,10109862MOREIRAR,2025-08-11,110373,1,10,0,170.0
10109862MOREIRAR_2025-08-11_G09,10109862MOREIRAR,2025-08-11,111467,1,1,0,760.0
10109862MOREIRAR_2025-08-11_G10,10109862MOREIRAR,2025-08-11,110515,1,2,0,131.0
10109862MOREIRAR_2025-08-11_G11,10109862MOREIRAR,2025-08-11,111463,1,2,0,131.0
10109862MOREIRAR_2025-08-11_G12,10109862MOREIRAR,2025-08-11,111462,1,1,0,69.0
10109862MOREIRAR_2025-08-11_G13,10109862MOREIRAR,2025-08-11,118223,1,1,0,50.0
10109862MOREIRAR_2025-08-11_G14,10109862MOREIRAR,2025-08-11,"110745, 107236",2,5,22,184.0
10109862MOREIRAR_2025-08-11_G15,10109862MOREIRAR,2025-08-11,111469,1,4,0,94.0
10109862MOREIRAR_2025-08-11_G16,10109862MOREIRAR,2025-08-11,111438,1,2,0,389.0
10109862MOREIRAR_2025-08-11_G17,10109862MOREIRAR,2025-08-11,110339,1,12,0,979.0
10109862MOREIRAR_2025-08-11_G18,10109862MOREIRAR,2025-08-11,141047,1,4,0,429.0
10109862MOREIRAR_2025-08-11_G19,10109862MOREIRAR,2025-08-11,111467,1,4,0,114.0
10109862MOREIRAR_2025-08-11_G20,10109862MOREIRAR,2025-08-11,111463,1,2,0,755.0
10109862MOREIRAR_2025-08-11_G21,10109862MOREIRAR,2025-08-11,111348,1,2,0,59.0
10109862MOREIRAR_2025-08-11_G22,10109862MOREIRAR,2025-08-11,111462,1,10,0,225.0
10109862MOREIRAR_2025-08-11_G23,10109862MOREIRAR,2025-08-11,110745,1,4,0,116.0
10109862MOREIRAR_2025-08-11_G24,10109862MOREIRAR,2025-08-11,111469,1,4,0,81.0
10109862MOREIRAR_2025-08-11_G25,10109862MOREIRAR,2025-08-11,110371,1,20,0,962.0
10109862MOREIRAR_2025-08-11_G26,10109862MOREIRAR,2025-08-11,110743,2,8,6,445.0
10109862MOREIRAR_2025-08-11_G27,10109862MOREIRAR,2025-08-11,110129,1,2,0,85.0
10109862MOREIRAR_2025-08-11_G28,10109862MOREIRAR,2025-08-11,111532,1,20,0,192.0
10109862MOREIRAR_2025-08-11_G29,10109862MOREIRAR,2025-08-11,117833,1,15,0,140.0
10109862MOREIRAR_2025-08-11_G30,10109862MOREIRAR,2025-08-11,117838,1,4,0,284.0
10109862MOREIRAR_2025-08-11_G31,10109862MOREIRAR,2025-08-11,141456,1,10,0,309.0
10109862MOREIRAR_2025-08-11_G32,10109862MOREIRAR,2025-08-11,111468,1,4,0,83.0
10109862MOREIRAR_2025-08-11_G33,10109862MOREIRAR,2025-08-11,109645,1,4,0,97.0
10109862MOREIRAR_2025-08-11_G35,10109862MOREIRAR,2025-08-11,110373,1,50,0,846.0
10109862MOREIRAR_2025-08-11_G36,10109862MOREIRAR,2025-08-11,141456,1,30,0,1305.0
10109862MOREIRAR_2025-08-11_G37,10109862MOREIRAR,2025-08-11,109643,1,49,0,626.0
10109862MOREIRAR_2025-08-11_G38,10109862MOREIRAR,2025-08-11,110373,1,50,0,625.0
10109862MOREIRAR_2025-08-11_G39,10109862MOREIRAR,2025-08-11,117820,1,40,0,457.0
10109862MOREIRAR_2025-08-11_G40,10109862MOREIRAR,2025-08-11,141456,1,30,0,267.0
10109862MOREIRAR_2025-08-11_G41,10109862MOREIRAR,2025-08-11,110373,1,50,0,251.0
10109862MOREIRAR_2025-08-11_G42,10109862MOREIRAR,2025-08-11,117820,1,40,0,491.0
10109862MOREIRAR_2025-08-11_G43,10109862MOREIRAR,2025-08-11,110373,1,50,0,487.0
10109862MOREIRAR_2025-08-11_G44,10109862MOREIRAR,2025-08-11,141456,1,30,0,868.0
10109862MOREIRAR_2025-08-11_G45,10109862MOREIRAR,2025-08-11,110373,1,50,0,498.0
10109862MOREIRAR_2025-08-11_G46,10109862MOREIRAR,2025-08-11,117820,1,40,0,281.0
10109862MOREIRAR_2025-08-12_G02,10109862MOREIRAR,2025-08-12,141456,1,30,0,189.0
10109862MOREIRAR_2025-08-12_G03,10109862MOREIRAR,2025-08-12,110373,1,40,0,451.0
10109862MOREIRAR_2025-08-12_G04,10109862MOREIRAR,2025-08-12,117820,1,40,0,266.0
10109862MOREIRAR_2025-08-12_G05,10109862MOREIRAR,2025-08-12,111446,1,16,0,367.0
10109862MOREIRAR_2025-08-12_G06,10109862MOREIRAR,2025-08-12,110748,1,4,0,102.0
10109862MOREIRAR_2025-08-12_G07,10109862MOREIRAR,2025-08-12,117820,1,40,0,711.0
10109862MOREIRAR_2025-08-12_G08,10109862MOREIRAR,2025-08-12,117820,1,28,0,350.0
10109862MOREIRAR_2025-08-12_G09,10109862MOREIRAR,2025-08-12,110373,1,40,0,1135.0
10109862MOREIRAR_2025-08-12_G10,10109862MOREIRAR,2025-08-12,141456,1,30,0,271.0
10109862MOREIRAR_2025-08-12_G11,10109862MOREIRAR,2025-08-12,109649,1,31,0,1317.0
10109862MOREIRAR_2025-08-12_G12,10109862MOREIRAR,2025-08-12,110373,1,40,0,2013.0
10109862MOREIRAR_2025-08-12_G13,10109862MOREIRAR,2025-08-12,110373,1,50,0,307.0
10109862MOREIRAR_2025-08-12_G15,10109862MOREIRAR,2025-08-12,110895,1,4,0,356.0
10109862MOREIRAR_2025-08-12_G16,10109862MOREIRAR,2025-08-12,110895,1,10,0,194.0
10109862MOREIRAR_2025-08-12_G17,10109862MOREIRAR,2025-08-12,117797,1,12,0,612.0
10109862MOREIRAR_2025-08-12_G18,10109862MOREIRAR,2025-08-12,117786,1,4,0,181.0
10109862MOREIRAR_2025-08-12_G19,10109862MOREIRAR,2025-08-12,110733,1,9,0,110.0
10109862MOREIRAR_2025-08-12_G20,10109862MOREIRAR,2025-08-12,110515,1,22,0,475.0
10109862MOREIRAR_2025-08-12_G21,10109862MOREIRAR,2025-08-12,111443,1,2,0,186.0
10109862MOREIRAR_2025-08-12_G22,10109862MOREIRAR,2025-08-12,160055,1,8,0,87.0
10109862MOREIRAR_2025-08-12_G23,10109862MOREIRAR,2025-08-12,141456,1,400,0,158.0
10109862MOREIRAR_2025-08-12_G24,10109862MOREIRAR,2025-08-12,141458,1,400,0,491.0
10109862MOREIRAR_2025-08-12_G26,10109862MOREIRAR,2025-08-12,111435,1,3,0,78.0
10109862MOREIRAR_2025-08-12_G27,10109862MOREIRAR,2025-08-12,110129,1,7,0,148.0
10109862MOREIRAR_2025-08-12_G28,10109862MOREIRAR,2025-08-12,107263,1,6,0,234.0
10109862MOREIRAR_2025-08-12_G29,10109862MOREIRAR,2025-08-12,110751,1,4,0,471.0
10109862MOREIRAR_2025-08-12_G30,10109862MOREIRAR,2025-08-12,105705,1,12,0,81.0
10109862MOREIRAR_2025-08-12_G31,10109862MOREIRAR,2025-08-12,140922,1,20,0,103.0
10109862MOREIRAR_2025-08-12_G32,10109862MOREIRAR,2025-08-12,111348,1,4,0,58.0
10109862MOREIRAR_2025-08-12_G33,10109862MOREIRAR,2025-08-12,111443,1,7,0,134.0
10109862MOREIRAR_2025-08-12_G34,10109862MOREIRAR,2025-08-12,111434,1,2,0,51.0
10109862MOREIRAR_2025-08-12_G35,10109862MOREIRAR,2025-08-12,111465,1,2,0,43.0
10109862MOREIRAR_2025-08-12_G36,10109862MOREIRAR,2025-08-12,111182,1,5,0,62.0
10109862MOREIRAR_2025-08-12_G37,10109862MOREIRAR,2025-08-12,111532,1,24,0,550.0
10109862MOREIRAR_2025-08-12_G38,10109862MOREIRAR,2025-08-12,111431,1,24,0,342.0
10109862MOREIRAR_2025-08-12_G39,10109862MOREIRAR,2025-08-12,117842,1,5,0,67.0
10109862MOREIRAR_2025-08-12_G40,10109862MOREIRAR,2025-08-12,117838,1,8,0,125.0
10109862MOREIRAR_2025-08-12_G41,10109862MOREIRAR,2025-08-12,110748,1,4,0,132.0
10109862MOREIRAR_2025-08-12_G42,10109862MOREIRAR,2025-08-12,110745,1,10,0,201.0
10109862MOREIRAR_2025-08-13_G02,10109862MOREIRAR,2025-08-13,118317,1,5,0,333.0
10109862MOREIRAR_2025-08-13_G03,10109862MOREIRAR,2025-08-13,111433,1,12,0,127.0
10109862MOREIRAR_2025-08-13_G04,10109862MOREIRAR,2025-08-13,111442,1,20,0,151.0
10109862MOREIRAR_2025-08-13_G05,10109862MOREIRAR,2025-08-13,111172,1,12,0,101.0
10109862MOREIRAR_2025-08-13_G06,10109862MOREIRAR,2025-08-13,110740,1,30,0,43.0
10109862MOREIRAR_2025-08-13_G07,10109862MOREIRAR,2025-08-13,116241,1,16,0,242.0
10109862MOREIRAR_2025-08-13_G08,10109862MOREIRAR,2025-08-13,118299,1,2,0,84.0
10109862MOREIRAR_2025-08-13_G09,10109862MOREIRAR,2025-08-13,110376,1,2,0,48.0
10109862MOREIRAR_2025-08-13_G10,10109862MOREIRAR,2025-08-13,111418,1,2,0,333.0
10109862MOREIRAR_2025-08-13_G11,10109862MOREIRAR,2025-08-13,111418,1,300,0,683.0
10109862MOREIRAR_2025-08-13_G12,10109862MOREIRAR,2025-08-13,117808,1,618,0,1431.0
10109862MOREIRAR_2025-08-13_G13,10109862MOREIRAR,2025-08-13,110373,1,500,0,1539.0
10109862MOREIRAR_2025-08-13_G14,10109862MOREIRAR,2025-08-13,117820,1,300,0,1480.0
10109862MOREIRAR_2025-08-13_G15,10109862MOREIRAR,2025-08-13,111602,1,902,0,1051.0
10109862MOREIRAR_2025-08-13_G17,10109862MOREIRAR,2025-08-13,140911,1,34,0,763.0
10109862MOREIRAR_2025-08-13_G18,10109862MOREIRAR,2025-08-13,107892,1,6,0,376.0
10109862MOREIRAR_2025-08-13_G19,10109862MOREIRAR,2025-08-13,111660,1,35,0,841.0
10109862MOREIRAR_2025-08-13_G20,10109862MOREIRAR,2025-08-13,110747,1,113,0,1738.0
10109862MOREIRAR_2025-08-13_G21,10109862MOREIRAR,2025-08-13,111569,1,165,0,3502.0
10109862MOREIRAR_2025-08-13_G22,10109862MOREIRAR,2025-08-13,110339,1,56,0,734.0
10109862MOREIRAR_2025-08-13_G23,10109862MOREIRAR,2025-08-13,109643,1,211,0,432.0
10109862MOREIRAR_2025-08-14_G02,10109862MOREIRAR,2025-08-14,123909,1,16,0,1971.0
10109862MOREIRAR_2025-08-14_G03,10109862MOREIRAR,2025-08-14,122671,1,30,0,135.0
10109862MOREIRAR_2025-08-14_G04,10109862MOREIRAR,2025-08-14,122962,1,50,0,1095.0
10109862MOREIRAR_2025-08-14_G05,10109862MOREIRAR,2025-08-14,124486,1,100,0,2464.0
10109862MOREIRAR_2025-08-14_G06,10109862MOREIRAR,2025-08-14,121651,1,32,0,1900.0
10109862MOREIRAR_2025-08-14_G07,10109862MOREIRAR,2025-08-14,121760,1,7,0,1710.0
10109862MOREIRAR_2025-08-14_G08,10109862MOREIRAR,2025-08-14,122962,1,40,0,355.0
10109862MOREIRAR_2025-08-14_G10,10109862MOREIRAR,2025-08-14,117855,1,160,0,3146.0
10109862MOREIRAR_2025-08-14_G11,10109862MOREIRAR,2025-08-14,110581,1,2,0,259.0
10109862MOREIRAR_2025-08-14_G12,10109862MOREIRAR,2025-08-14,111602,1,16,0,124.0
10109862MOREIRAR_2025-08-14_G13,10109862MOREIRAR,2025-08-14,110313,1,98,0,314.0
10109862MOREIRAR_2025-08-14_G14,10109862MOREIRAR,2025-08-14,110755,1,11,0,740.0
10109862MOREIRAR_2025-08-14_G15,10109862MOREIRAR,2025-08-14,100334,1,9,0,227.0
10109862MOREIRAR_2025-08-14_G16,10109862MOREIRAR,2025-08-14,111438,1,9,0,224.0
10109862MOREIRAR_2025-08-14_G17,10109862MOREIRAR,2025-08-14,111569,1,10,0,127.0
10109862MOREIRAR_2025-08-14_G18,10109862MOREIRAR,2025-08-14,110754,1,12,0,115.0
10109862MOREIRAR_2025-08-14_G19,10109862MOREIRAR,2025-08-14,117862,1,27,0,414.0
10109862MOREIRAR_2025-08-14_G20,10109862MOREIRAR,2025-08-14,117855,1,30,0,224.0
10109862MOREIRAR_2025-08-14_G21,10109862MOREIRAR,2025-08-14,107629,1,30,0,465.0
10109862MOREIRAR_2025-08-14_G22,10109862MOREIRAR,2025-08-14,110741,1,10,0,182.0
10109862MOREIRAR_2025-08-14_G23,10109862MOREIRAR,2025-08-14,118094,1,26,0,218.0
10109862MOREIRAR_2025-08-14_G24,10109862MOREIRAR,2025-08-14,117786,1,30,0,357.0
10109862MOREIRAR_2025-08-14_G25,10109862MOREIRAR,2025-08-14,117861,1,16,0,91.0
10109862MOREIRAR_2025-08-14_G26,10109862MOREIRAR,2025-08-14,110733,1,27,0,210.0
10109862MOREIRAR_2025-08-14_G27,10109862MOREIRAR,2025-08-14,141047,1,12,0,340.0
10109862MOREIRAR_2025-08-14_G28,10109862MOREIRAR,2025-08-14,111467,1,20,0,186.0
10109862MOREIRAR_2025-08-15_G02,10109862MOREIRAR,2025-08-15,"111435, 108711, 140922, 117821, 105705",5,118,65,1059.0
10109862MOREIRAR_2025-08-15_G03,10109862MOREIRAR,2025-08-15,123344,1,4,0,3441.0
10109862MOREIRAR_2025-08-15_G04,10109862MOREIRAR,2025-08-15,122983,1,4,0,171.0
10109862MOREIRAR_2025-08-15_G05,10109862MOREIRAR,2025-08-15,124264,1,2,0,204.0
10109862MOREIRAR_2025-08-15_G06,10109862MOREIRAR,2025-08-15,123822,1,4,0,103.0
10109862MOREIRAR_2025-08-15_G07,10109862MOREIRAR,2025-08-15,121760,1,2,0,124.0
10109862MOREIRAR_2025-08-15_G08,10109862MOREIRAR,2025-08-15,122673,1,45,0,481.0
10109862MOREIRAR_2025-08-15_G09,10109862MOREIRAR,2025-08-15,"122647, 122962",2,200,23,41.0
10109862MOREIRAR_2025-08-15_G10,10109862MOREIRAR,2025-08-15,122673,1,50,0,2274.0
10109862MOREIRAR_2025-08-15_G11,10109862MOREIRAR,2025-08-15,122673,1,5,0,479.0
10109862MOREIRAR_2025-08-15_G12,10109862MOREIRAR,2025-08-15,120272,1,1,0,1377.0
10109862MOREIRAR_2025-08-15_G13,10109862MOREIRAR,2025-08-15,123345,1,20,0,183.0
10109862MOREIRAR_2025-08-15_G14,10109862MOREIRAR,2025-08-15,123343,1,8,0,378.0
10109862MOREIRAR_2025-08-19_G03,10109862MOREIRAR,2025-08-19,180024,1,5,0,379.0
10109862MOREIRAR_2025-08-19_G04,10109862MOREIRAR,2025-08-19,123909,1,8,0,1333.0
10109862MOREIRAR_2025-08-19_G05,10109862MOREIRAR,2025-08-19,124475,1,4,0,120.0
10109862MOREIRAR_2025-08-19_G06,10109862MOREIRAR,2025-08-19,121760,1,10,0,245.0
10109862MOREIRAR_2025-08-19_G07,10109862MOREIRAR,2025-08-19,124486,1,10,0,293.0
10109862MOREIRAR_2025-08-19_G08,10109862MOREIRAR,2025-08-19,121651,1,1,0,34.0
10109862MOREIRAR_2025-08-19_G09,10109862MOREIRAR,2025-08-19,122982,1,1,0,226.0
10109862MOREIRAR_2025-08-19_G10,10109862MOREIRAR,2025-08-19,122703,1,2,0,188.0
10109862MOREIRAR_2025-08-19_G11,10109862MOREIRAR,2025-08-19,123344,1,2,0,76.0
10109862MOREIRAR_2025-08-19_G12,10109862MOREIRAR,2025-08-19,123343,1,2,0,241.0
10109862MOREIRAR_2025-08-19_G13,10109862MOREIRAR,2025-08-19,123345,1,1,0,54.0
10109862MOREIRAR_2025-08-20_G02,10109862MOREIRAR,2025-08-20,123153,1,36,0,973.0
10109862MOREIRAR_2025-08-20_G03,10109862MOREIRAR,2025-08-20,123153,1,4,0,450.0
10109862MOREIRAR_2025-08-20_G04,10109862MOREIRAR,2025-08-20,122647,1,16,0,223.0
10109862MOREIRAR_2025-08-20_G05,10109862MOREIRAR,2025-08-20,122647,1,20,0,277.0
10109862MOREIRAR_2025-08-20_G06,10109862MOREIRAR,2025-08-20,122962,1,8,0,490.0
10109862MOREIRAR_2025-08-20_G09,10109862MOREIRAR,2025-08-20,121760,1,35,0,1097.0
10109862MOREIRAR_2025-08-20_G10,10109862MOREIRAR,2025-08-20,123909,1,4,0,1263.0
10109862MOREIRAR_2025-08-20_G11,10109862MOREIRAR,2025-08-20,122984,1,9,0,299.0
10109862MOREIRAR_2025-08-20_G12,10109862MOREIRAR,2025-08-20,124371,1,11,0,269.0
10109862MOREIRAR_2025-08-20_G13,10109862MOREIRAR,2025-08-20,124370,1,16,0,402.0
10109862MOREIRAR_2025-08-20_G14,10109862MOREIRAR,2025-08-20,124370,1,100,0,1872.0
10109862MOREIRAR_2025-08-20_G15,10109862MOREIRAR,2025-08-20,122962,1,29,0,334.0
10109862MOREIRAR_2025-08-20_G16,10109862MOREIRAR,2025-08-20,120339,1,25,0,479.0
10109862MOREIRAR_2025-08-20_G17,10109862MOREIRAR,2025-08-20,123492,1,11,0,310.0
10109862MOREIRAR_2025-08-20_G18,10109862MOREIRAR,2025-08-20,124371,1,17,0,323.0
10109862MOREIRAR_2025-08-20_G19,10109862MOREIRAR,2025-08-20,124486,1,6,0,158.0
10109862MOREIRAR_2025-08-20_G20,10109862MOREIRAR,2025-08-20,122185,1,10,0,127.0
10109862MOREIRAR_2025-08-20_G21,10109862MOREIRAR,2025-08-20,122982,1,16,0,168.0
10109862MOREIRAR_2025-08-20_G22,10109862MOREIRAR,2025-08-20,180035,1,2,0,653.0
10109862MOREIRAR_2025-08-21_G02,10109862MOREIRAR,2025-08-21,120339,1,3,0,248.0
10109862MOREIRAR_2025-08-21_G03,10109862MOREIRAR,2025-08-21,124624,1,4,0,95.0
10109862MOREIRAR_2025-08-21_G04,10109862MOREIRAR,2025-08-21,121651,1,2,0,183.0
10109862MOREIRAR_2025-08-21_G05,10109862MOREIRAR,2025-08-21,123343,1,2,0,144.0
10109862MOREIRAR_2025-08-21_G06,10109862MOREIRAR,2025-08-21,122962,1,16,0,689.0
10109862MOREIRAR_2025-08-21_G07,10109862MOREIRAR,2025-08-21,124486,1,4,0,107.0
10109862MOREIRAR_2025-08-21_G08,10109862MOREIRAR,2025-08-21,121760,1,20,0,453.0
10109862MOREIRAR_2025-08-21_G09,10109862MOREIRAR,2025-08-21,120272,1,4,0,259.0
10109862MOREIRAR_2025-08-21_G10,10109862MOREIRAR,2025-08-21,122982,1,8,0,143.0
10109862MOREIRAR_2025-08-21_G11,10109862MOREIRAR,2025-08-21,124486,1,9,0,322.0
10109862MOREIRAR_2025-08-21_G12,10109862MOREIRAR,2025-08-21,124486,1,3,0,199.0
10109862MOREIRAR_2025-08-21_G13,10109862MOREIRAR,2025-08-21,122988,1,14,0,319.0
10109862MOREIRAR_2025-08-21_G14,10109862MOREIRAR,2025-08-21,123520,1,6,0,304.0
10109862MOREIRAR_2025-08-21_G15,10109862MOREIRAR,2025-08-21,122962,1,30,0,390.0
10109862MOREIRAR_2025-08-21_G16,10109862MOREIRAR,2025-08-21,120028,1,40,0,1323.0
10109862MOREIRAR_2025-08-21_G17,10109862MOREIRAR,2025-08-21,121651,1,16,0,287.0
10109862MOREIRAR_2025-08-21_G18,10109862MOREIRAR,2025-08-21,123521,1,4,0,1153.0
10109862MOREIRAR_2025-08-21_G20,10109862MOREIRAR,2025-08-21,122673,1,9,0,646.0
10109862MOREIRAR_2025-08-21_G21,10109862MOREIRAR,2025-08-21,122673,1,5,0,190.0
10109862MOREIRAR_2025-08-21_G22,10109862MOREIRAR,2025-08-21,123909,1,60,0,2386.0
10109862MOREIRAR_2025-08-21_G23,10109862MOREIRAR,2025-08-21,122962,1,20,0,438.0
10109862MOREIRAR_2025-08-21_G24,10109862MOREIRAR,2025-08-21,124486,1,20,0,253.0
10109862MOREIRAR_2025-08-21_G25,10109862MOREIRAR,2025-08-21,124371,1,6,0,485.0
10109862MOREIRAR_2025-08-21_G26,10109862MOREIRAR,2025-08-21,124371,1,24,0,978.0
10109862MOREIRAR_2025-08-21_G27,10109862MOREIRAR,2025-08-21,122988,1,2,0,258.0
10109862MOREIRAR_2025-08-22_G02,10109862MOREIRAR,2025-08-22,124264,1,30,0,469.0
10109862MOREIRAR_2025-08-22_G03,10109862MOREIRAR,2025-08-22,120339,1,4,0,2445.0
10109862MOREIRAR_2025-08-22_G04,10109862MOREIRAR,2025-08-22,120339,1,2,0,43.0
10109862MOREIRAR_2025-08-22_G05,10109862MOREIRAR,2025-08-22,120339,1,6,0,150.0
10109862MOREIRAR_2025-08-22_G06,10109862MOREIRAR,2025-08-22,120339,5,31,51,131.0
10109862MOREIRAR_2025-08-22_G07,10109862MOREIRAR,2025-08-22,123561,1,12,0,599.0
10109862MOREIRAR_2025-08-22_G08,10109862MOREIRAR,2025-08-22,122984,1,10,0,239.0
10109862MOREIRAR_2025-08-22_G09,10109862MOREIRAR,2025-08-22,122984,1,8,0,257.0
10109862MOREIRAR_2025-08-22_G10,10109862MOREIRAR,2025-08-22,122984,1,10,0,211.0
10109862MOREIRAR_2025-08-22_G11,10109862MOREIRAR,2025-08-22,122984,1,7,0,133.0
10109862MOREIRAR_2025-08-22_G12,10109862MOREIRAR,2025-08-22,122983,1,8,0,258.0
10109862MOREIRAR_2025-08-22_G13,10109862MOREIRAR,2025-08-22,124624,1,4,0,151.0
10109862MOREIRAR_2025-08-22_G14,10109862MOREIRAR,2025-08-22,124486,1,11,0,392.0
10109862MOREIRAR_2025-08-22_G15,10109862MOREIRAR,2025-08-22,120028,1,30,0,482.0
10109862MOREIRAR_2025-08-22_G16,10109862MOREIRAR,2025-08-22,122647,1,6,0,159.0
10109862MOREIRAR_2025-08-22_G17,10109862MOREIRAR,2025-08-22,120028,1,20,0,320.0
10109862MOREIRAR_2025-08-22_G18,10109862MOREIRAR,2025-08-22,122962,1,4,0,82.0
10109862MOREIRAR_2025-08-22_G19,10109862MOREIRAR,2025-08-22,120028,1,26,0,571.0
10109862MOREIRAR_2025-08-22_G20,10109862MOREIRAR,2025-08-22,123822,1,18,0,1949.0
10109862MOREIRAR_2025-08-22_G21,10109862MOREIRAR,2025-08-22,122647,1,12,0,176.0
10109862MOREIRAR_2025-08-22_G22,10109862MOREIRAR,2025-08-22,123492,1,2,0,146.0
10109862MOREIRAR_2025-08-22_G24,10109862MOREIRAR,2025-08-22,124486,1,2,0,435.0
10109862MOREIRAR_2025-08-22_G25,10109862MOREIRAR,2025-08-22,120272,1,14,0,209.0
10109862MOREIRAR_2025-08-22_G26,10109862MOREIRAR,2025-08-22,123345,1,2,0,132.0
10109862MOREIRAR_2025-08-22_G27,10109862MOREIRAR,2025-08-22,124486,1,4,0,147.0
10109862MOREIRAR_2025-08-22_G29,10109862MOREIRAR,2025-08-22,124486,1,24,0,79.0
10109862MOREIRAR_2025-08-22_G30,10109862MOREIRAR,2025-08-22,123345,1,6,0,132.0
10109862MOREIRAR_2025-08-22_G31,10109862MOREIRAR,2025-08-22,122196,1,8,0,202.0
10109862MOREIRAR_2025-08-22_G32,10109862MOREIRAR,2025-08-22,123344,1,11,0,892.0
10109862MOREIRAR_2025-08-22_G33,10109862MOREIRAR,2025-08-22,120339,1,1,0,197.0
10109862MOREIRAR_2025-08-22_G34,10109862MOREIRAR,2025-08-22,124475,1,20,0,363.0
10109862MOREIRAR_2025-08-22_G35,10109862MOREIRAR,2025-08-22,121651,1,20,0,320.0
10109862MOREIRAR_2025-08-22_G36,10109862MOREIRAR,2025-08-22,122962,1,10,0,117.0
10109862MOREIRAR_2025-08-22_G37,10109862MOREIRAR,2025-08-22,123345,1,6,0,192.0
10109862MOREIRAR_2025-08-23_G02,10109862MOREIRAR,2025-08-23,123343,1,6,0,158.0
10109862MOREIRAR_2025-08-23_G03,10109862MOREIRAR,2025-08-23,123345,1,8,0,260.0
10109862MOREIRAR_2025-08-24_G02,10109862MOREIRAR,2025-08-24,121760,1,7,0,281.0
10109862MOREIRAR_2025-08-24_G03,10109862MOREIRAR,2025-08-24,124248,1,4,0,153.0
10109862MOREIRAR_2025-08-24_G04,10109862MOREIRAR,2025-08-24,123313,1,4,0,139.0
10109862MOREIRAR_2025-08-24_G05,10109862MOREIRAR,2025-08-24,123345,1,6,0,144.0
10109862MOREIRAR_2025-08-24_G06,10109862MOREIRAR,2025-08-24,122673,1,10,0,440.0
10109862MOREIRAR_2025-08-24_G07,10109862MOREIRAR,2025-08-24,123345,1,8,0,106.0
10109862MOREIRAR_2025-08-24_G08,10109862MOREIRAR,2025-08-24,122673,1,2,0,152.0
10109862MOREIRAR_2025-08-24_G09,10109862MOREIRAR,2025-08-24,122671,1,8,0,144.0
10109862MOREIRAR_2025-08-24_G10,10109862MOREIRAR,2025-08-24,"123822, 122962",2,10,13,174.0
10109862MOREIRAR_2025-08-24_G11,10109862MOREIRAR,2025-08-24,124486,1,6,0,204.0
10109862MOREIRAR_2025-08-24_G12,10109862MOREIRAR,2025-08-24,123947,1,35,0,515.0
10109862MOREIRAR_2025-08-24_G13,10109862MOREIRAR,2025-08-24,123153,1,30,0,762.0
10109862MOREIRAR_2025-08-24_G14,10109862MOREIRAR,2025-08-24,121760,1,2,0,85.0
10109862MOREIRAR_2025-08-24_G15,10109862MOREIRAR,2025-08-24,122982,1,70,0,1726.0
10109862MOREIRAR_2025-08-24_G16,10109862MOREIRAR,2025-08-24,122984,1,10,0,122.0
10109862MOREIRAR_2025-08-24_G17,10109862MOREIRAR,2025-08-24,123344,1,30,0,607.0
10109862MOREIRAR_2025-08-24_G18,10109862MOREIRAR,2025-08-24,123343,1,14,0,82.0
10109862MOREIRAR_2025-08-24_G19,10109862MOREIRAR,2025-08-24,123889,1,12,0,1173.0
10109862MOREIRAR_2025-08-24_G20,10109862MOREIRAR,2025-08-24,123889,1,18,0,57.0
10109862MOREIRAR_2025-08-24_G21,10109862MOREIRAR,2025-08-24,123345,1,13,0,523.0
10109862MOREIRAR_2025-08-24_G22,10109862MOREIRAR,2025-08-24,123947,1,6,0,44.0
10109862MOREIRAR_2025-08-24_G23,10109862MOREIRAR,2025-08-24,123153,1,24,0,283.0
10109862MOREIRAR_2025-08-24_G24,10109862MOREIRAR,2025-08-24,123889,1,6,0,102.0
10109862MOREIRAR_2025-08-24_G25,10109862MOREIRAR,2025-08-24,121928,1,4,0,137.0
10109862MOREIRAR_2025-08-24_G26,10109862MOREIRAR,2025-08-24,123343,1,3,0,53.0
10109862MOREIRAR_2025-08-24_G27,10109862MOREIRAR,2025-08-24,123345,1,10,0,42.0
10109862MOREIRAR_2025-08-25_G02,10109862MOREIRAR,2025-08-25,122673,1,2,0,163.0
10109862MOREIRAR_2025-08-25_G03,10109862MOREIRAR,2025-08-25,122647,1,30,0,384.0
10109862MOREIRAR_2025-08-25_G04,10109862MOREIRAR,2025-08-25,122988,1,10,0,67.0
10109862MOREIRAR_2025-08-25_G05,10109862MOREIRAR,2025-08-25,122185,1,18,0,332.0
10109862MOREIRAR_2025-08-25_G06,10109862MOREIRAR,2025-08-25,122982,1,18,0,244.0
10109862MOREIRAR_2025-08-25_G07,10109862MOREIRAR,2025-08-25,122984,1,12,0,253.0
10109862MOREIRAR_2025-08-25_G08,10109862MOREIRAR,2025-08-25,122962,1,4,0,145.0
10109862MOREIRAR_2025-08-25_G09,10109862MOREIRAR,2025-08-25,124477,1,6,0,238.0
10109862MOREIRAR_2025-08-25_G10,10109862MOREIRAR,2025-08-25,122671,1,10,0,124.0
10109862MOREIRAR_2025-08-25_G11,10109862MOREIRAR,2025-08-25,123909,1,8,0,146.0
10109862MOREIRAR_2025-08-25_G12,10109862MOREIRAR,2025-08-25,121760,1,8,0,204.0
10109862MOREIRAR_2025-08-25_G13,10109862MOREIRAR,2025-08-25,123313,1,2,0,119.0
10109862MOREIRAR_2025-08-25_G14,10109862MOREIRAR,2025-08-25,123345,1,6,0,147.0
10109862MOREIRAR_2025-08-25_G15,10109862MOREIRAR,2025-08-25,122962,1,8,0,112.0
10109862MOREIRAR_2025-08-25_G16,10109862MOREIRAR,2025-08-25,123909,1,24,0,541.0
10109862MOREIRAR_2025-08-25_G17,10109862MOREIRAR,2025-08-25,124370,1,60,0,1200.0
10109862MOREIRAR_2025-08-25_G18,10109862MOREIRAR,2025-08-25,121651,1,65,0,1682.0
10109862MOREIRAR_2025-08-25_G19,10109862MOREIRAR,2025-08-25,124247,1,24,0,322.0
10109862MOREIRAR_2025-08-25_G20,10109862MOREIRAR,2025-08-25,123521,1,6,0,53.0
10109862MOREIRAR_2025-08-25_G21,10109862MOREIRAR,2025-08-25,123343,1,12,0,216.0
10109862MOREIRAR_2025-08-25_G22,10109862MOREIRAR,2025-08-25,123345,1,20,0,294.0
10109862MOREIRAR_2025-08-25_G23,10109862MOREIRAR,2025-08-25,122984,1,8,0,553.0
10109862MOREIRAR_2025-08-25_G24,10109862MOREIRAR,2025-08-25,124370,1,4,0,807.0
10109862MOREIRAR_2025-08-25_G25,10109862MOREIRAR,2025-08-25,124371,1,6,0,390.0
10109862MOREIRAR_2025-08-25_G26,10109862MOREIRAR,2025-08-25,122962,1,4,0,61.0
10109862MOREIRAR_2025-08-25_G27,10109862MOREIRAR,2025-08-25,124486,1,4,0,236.0
10109862MOREIRAR_2025-08-25_G28,10109862MOREIRAR,2025-08-25,122962,1,16,0,155.0
10109862MOREIRAR_2025-08-25_G29,10109862MOREIRAR,2025-08-25,122986,1,20,0,387.0
10109862MOREIRAR_2025-08-25_G30,10109862MOREIRAR,2025-08-25,124247,1,20,0,205.0
10109862MOREIRAR_2025-08-26_G02,10109862MOREIRAR,2025-08-26,122984,1,21,0,239.0
10109862MOREIRAR_2025-08-26_G03,10109862MOREIRAR,2025-08-26,122984,1,51,0,424.0
10109862MOREIRAR_2025-08-26_G04,10109862MOREIRAR,2025-08-26,123153,1,50,0,1154.0
10109862MOREIRAR_2025-08-26_G05,10109862MOREIRAR,2025-08-26,123822,1,10,0,777.0
10109862MOREIRAR_2025-08-26_G06,10109862MOREIRAR,2025-08-26,124370,1,10,0,541.0
10109862MOREIRAR_2025-08-26_G07,10109862MOREIRAR,2025-08-26,124624,1,10,0,95.0
10109862MOREIRAR_2025-08-26_G08,10109862MOREIRAR,2025-08-26,120389,1,4,0,74.0
10109862MOREIRAR_2025-08-26_G09,10109862MOREIRAR,2025-08-26,121760,1,50,0,944.0
10109862MOREIRAR_2025-08-26_G10,10109862MOREIRAR,2025-08-26,124248,1,6,0,297.0
10109862MOREIRAR_2025-08-26_G11,10109862MOREIRAR,2025-08-26,121923,1,4,0,125.0
10109862MOREIRAR_2025-08-26_G12,10109862MOREIRAR,2025-08-26,124548,1,80,0,763.0
10109862MOREIRAR_2025-08-26_G13,10109862MOREIRAR,2025-08-26,123521,1,2,0,34.0
10109862MOREIRAR_2025-08-26_G14,10109862MOREIRAR,2025-08-26,123889,1,4,0,92.0
10109862MOREIRAR_2025-08-26_G15,10109862MOREIRAR,2025-08-26,123343,1,10,0,183.0
10109862MOREIRAR_2025-08-26_G16,10109862MOREIRAR,2025-08-26,123313,1,4,0,70.0
10109862MOREIRAR_2025-08-26_G17,10109862MOREIRAR,2025-08-26,123345,1,8,0,192.0
10109862MOREIRAR_2025-08-26_G18,10109862MOREIRAR,2025-08-26,123344,1,20,0,139.0
10109862MOREIRAR_2025-08-26_G19,10109862MOREIRAR,2025-08-26,124475,1,30,0,1448.0
10109862MOREIRAR_2025-08-26_G20,10109862MOREIRAR,2025-08-26,123345,1,3,0,80.0
10109862MOREIRAR_2025-08-26_G21,10109862MOREIRAR,2025-08-26,122984,1,8,0,198.0
10109862MOREIRAR_2025-08-26_G22,10109862MOREIRAR,2025-08-26,124370,1,10,0,126.0
10109862MOREIRAR_2025-08-26_G23,10109862MOREIRAR,2025-08-26,124371,1,4,0,159.0
10109862MOREIRAR_2025-08-27_G02,10109862MOREIRAR,2025-08-27,123822,1,20,0,557.0
10109862MOREIRAR_2025-08-27_G03,10109862MOREIRAR,2025-08-27,122984,1,16,0,363.0
10109862MOREIRAR_2025-08-27_G04,10109862MOREIRAR,2025-08-27,122984,1,14,0,262.0
10109862MOREIRAR_2025-08-27_G05,10109862MOREIRAR,2025-08-27,122984,1,6,0,75.0
10109862MOREIRAR_2025-08-27_G06,10109862MOREIRAR,2025-08-27,122981,1,6,0,187.0
10109862MOREIRAR_2025-08-27_G07,10109862MOREIRAR,2025-08-27,124548,1,18,0,299.0
10109862MOREIRAR_2025-08-27_G08,10109862MOREIRAR,2025-08-27,123343,1,4,0,78.0
10109862MOREIRAR_2025-08-27_G09,10109862MOREIRAR,2025-08-27,122962,1,4,0,101.0
10109862MOREIRAR_2025-08-27_G10,10109862MOREIRAR,2025-08-27,120389,1,8,0,302.0
10109862MOREIRAR_2025-08-27_G11,10109862MOREIRAR,2025-08-27,122984,1,16,0,226.0
10109862MOREIRAR_2025-08-27_G12,10109862MOREIRAR,2025-08-27,122984,1,6,0,113.0
10109862MOREIRAR_2025-08-27_G13,10109862MOREIRAR,2025-08-27,124264,1,99,0,1387.0
10109862MOREIRAR_2025-08-27_G14,10109862MOREIRAR,2025-08-27,124264,1,100,0,2058.0
10109862MOREIRAR_2025-08-27_G16,10109862MOREIRAR,2025-08-27,124370,1,8,0,377.0
10109862MOREIRAR_2025-08-27_G17,10109862MOREIRAR,2025-08-27,121760,1,10,0,205.0
10109862MOREIRAR_2025-08-27_G18,10109862MOREIRAR,2025-08-27,"121651, 124475",2,10,24,97.0
10109862MOREIRAR_2025-08-27_G19,10109862MOREIRAR,2025-08-27,122962,1,12,0,184.0
10109862MOREIRAR_2025-08-27_G20,10109862MOREIRAR,2025-08-27,124370,1,100,0,243.0
10109862MOREIRAR_2025-08-27_G21,10109862MOREIRAR,2025-08-27,122983,1,8,0,1056.0
10109862MOREIRAR_2025-08-27_G22,10109862MOREIRAR,2025-08-27,122196,1,20,0,309.0
10109862MOREIRAR_2025-08-27_G23,10109862MOREIRAR,2025-08-27,121760,1,30,0,379.0
10109862MOREIRAR_2025-08-27_G24,10109862MOREIRAR,2025-08-27,122185,1,10,0,218.0
10109862MOREIRAR_2025-08-27_G25,10109862MOREIRAR,2025-08-27,124475,1,16,0,333.0
10109862MOREIRAR_2025-08-27_G26,10109862MOREIRAR,2025-08-27,123344,1,50,0,408.0
10109862MOREIRAR_2025-08-27_G27,10109862MOREIRAR,2025-08-27,123343,1,10,0,201.0
10109862MOREIRAR_2025-08-27_G28,10109862MOREIRAR,2025-08-27,124477,1,100,0,1327.0
10109862MOREIRAR_2025-08-27_G29,10109862MOREIRAR,2025-08-27,118222,1,2,0,1275.0
10109862MOREIRAR_2025-08-27_G30,10109862MOREIRAR,2025-08-27,111430,1,12,0,209.0
10109862MOREIRAR_2025-08-27_G31,10109862MOREIRAR,2025-08-27,111430,1,10,0,81.0
10109862MOREIRAR_2025-08-27_G32,10109862MOREIRAR,2025-08-27,115775,1,4,0,195.0
10109862MOREIRAR_2025-08-27_G33,10109862MOREIRAR,2025-08-27,115775,1,8,0,262.0
10109862MOREIRAR_2025-08-28_G02,10109862MOREIRAR,2025-08-28,111441,1,21,0,986.0
10109862MOREIRAR_2025-08-28_G03,10109862MOREIRAR,2025-08-28,111445,3,14,15,330.0
10109862MOREIRAR_2025-08-28_G04,10109862MOREIRAR,2025-08-28,108770,1,1,0,100.0
10109862MOREIRAR_2025-08-28_G05,10109862MOREIRAR,2025-08-28,111569,2,6,7,65.0
10109862MOREIRAR_2025-08-28_G06,10109862MOREIRAR,2025-08-28,111438,1,2,0,102.0
10109862MOREIRAR_2025-08-28_G07,10109862MOREIRAR,2025-08-28,111441,1,4,0,2649.0
10109862MOREIRAR_2025-08-28_G08,10109862MOREIRAR,2025-08-28,110747,1,4,0,213.0
10109862MOREIRAR_2025-08-28_G09,10109862MOREIRAR,2025-08-28,117855,1,9,0,259.0
10109862MOREIRAR_2025-08-28_G10,10109862MOREIRAR,2025-08-28,111467,1,4,0,184.0
10109862MOREIRAR_2025-08-28_G11,10109862MOREIRAR,2025-08-28,117821,1,8,0,222.0
10109862MOREIRAR_2025-08-28_G12,10109862MOREIRAR,2025-08-28,105705,1,8,0,785.0
10109862MOREIRAR_2025-08-28_G13,10109862MOREIRAR,2025-08-28,111469,1,24,0,198.0
10109862MOREIRAR_2025-08-28_G14,10109862MOREIRAR,2025-08-28,117831,1,5,0,79.0
10109862MOREIRAR_2025-08-28_G15,10109862MOREIRAR,2025-08-28,160055,1,16,0,356.0
10109862MOREIRAR_2025-08-28_G16,10109862MOREIRAR,2025-08-28,117808,1,20,0,109.0
10109862MOREIRAR_2025-08-28_G17,10109862MOREIRAR,2025-08-28,"110325, 117832",2,10,27,577.0
10109862MOREIRAR_2025-08-28_G18,10109862MOREIRAR,2025-08-28,"111569, 110747",2,16,12,1550.0
10109862MOREIRAR_2025-08-28_G19,10109862MOREIRAR,2025-08-28,110895,1,12,0,887.0
10109862MOREIRAR_2025-08-28_G20,10109862MOREIRAR,2025-08-28,118306,1,12,0,162.0
10109862MOREIRAR_2025-08-28_G22,10109862MOREIRAR,2025-08-28,107629,1,17,0,242.0
10109862MOREIRAR_2025-08-28_G23,10109862MOREIRAR,2025-08-28,"141066, 110711",3,50,12,461.0
10109862MOREIRAR_2025-08-28_G24,10109862MOREIRAR,2025-08-28,117935,1,38,0,434.0
10109862MOREIRAR_2025-08-28_G25,10109862MOREIRAR,2025-08-28,117786,1,15,0,98.0
10109862MOREIRAR_2025-08-28_G26,10109862MOREIRAR,2025-08-28,110515,1,19,0,173.0
10109862MOREIRAR_2025-08-28_G27,10109862MOREIRAR,2025-08-28,111530,1,81,0,124.0
10109862MOREIRAR_2025-08-28_G28,10109862MOREIRAR,2025-08-28,110373,1,108,0,821.0
10109862MOREIRAR_2025-08-28_G29,10109862MOREIRAR,2025-08-28,"110373, 110372, 110371",3,196,52,223.0
10109862MOREIRAR_2025-08-28_G30,10109862MOREIRAR,2025-08-28,117820,1,90,0,106.0
10109862MOREIRAR_2025-08-28_G31,10109862MOREIRAR,2025-08-28,111466,1,53,0,1665.0
10109862MOREIRAR_2025-08-28_G32,10109862MOREIRAR,2025-08-28,118191,1,72,0,928.0
10109862MOREIRAR_2025-08-28_G33,10109862MOREIRAR,2025-08-28,117854,1,10,0,1052.0
10109862MOREIRAR_2025-08-28_G34,10109862MOREIRAR,2025-08-28,117862,1,30,0,204.0
10109862MOREIRAR_2025-08-28_G35,10109862MOREIRAR,2025-08-28,117862,1,15,0,126.0
10109862MOREIRAR_2025-08-28_G36,10109862MOREIRAR,2025-08-28,117855,1,12,0,218.0
10109862MOREIRAR_2025-08-28_G37,10109862MOREIRAR,2025-08-28,117856,1,12,0,182.0
10109862MOREIRAR_2025-08-28_G38,10109862MOREIRAR,2025-08-28,"110741, 111530",2,16,26,69.0
10109862MOREIRAR_2025-08-28_G39,10109862MOREIRAR,2025-08-28,110750,1,5,0,160.0
10109862MOREIRAR_2025-08-28_G40,10109862MOREIRAR,2025-08-28,117786,1,6,0,71.0
10109862MOREIRAR_2025-08-28_G41,10109862MOREIRAR,2025-08-28,111602,1,15,0,211.0
10109862MOREIRAR_2025-08-28_G42,10109862MOREIRAR,2025-08-28,111602,1,10,0,51.0
10109862MOREIRAR_2025-08-28_G43,10109862MOREIRAR,2025-08-28,110339,1,12,0,137.0
10109862MOREIRAR_2025-08-28_G44,10109862MOREIRAR,2025-08-28,111467,1,16,0,101.0
10109862MOREIRAR_2025-08-28_G45,10109862MOREIRAR,2025-08-28,109640,1,15,0,556.0
10109862MOREIRAR_2025-08-28_G46,10109862MOREIRAR,2025-08-28,110752,1,10,0,227.0
10109862MOREIRAR_2025-08-28_G47,10109862MOREIRAR,2025-08-28,110515,1,15,0,242.0
10109862MOREIRAR_2025-08-28_G48,10109862MOREIRAR,2025-08-28,117837,1,5,0,95.0
10109862MOREIRAR_2025-08-28_G49,10109862MOREIRAR,2025-08-28,110063,1,2,0,134.0
10109862MOREIRAR_2025-08-28_G50,10109862MOREIRAR,2025-08-28,110753,1,8,0,100.0
10109862MOREIRAR_2025-08-29_G02,10109862MOREIRAR,2025-08-29,117809,1,26,0,222.0
10109862MOREIRAR_2025-08-29_G03,10109862MOREIRAR,2025-08-29,117820,1,26,0,150.0
10109862MOREIRAR_2025-08-29_G04,10109862MOREIRAR,2025-08-29,110372,1,50,0,302.0
10109862MOREIRAR_2025-08-29_G05,10109862MOREIRAR,2025-08-29,110371,1,30,0,113.0
10109862MOREIRAR_2025-08-29_G06,10109862MOREIRAR,2025-08-29,118299,1,11,0,105.0
10109862MOREIRAR_2025-08-29_G07,10109862MOREIRAR,2025-08-29,118299,1,50,0,619.0
10109862MOREIRAR_2025-08-29_G08,10109862MOREIRAR,2025-08-29,117830,1,15,0,131.0
10109862MOREIRAR_2025-08-29_G09,10109862MOREIRAR,2025-08-29,111705,1,4,0,546.0
10109862MOREIRAR_2025-08-29_G10,10109862MOREIRAR,2025-08-29,118306,1,2,0,70.0
10109862MOREIRAR_2025-08-29_G11,10109862MOREIRAR,2025-08-29,108770,1,5,0,113.0
10109862MOREIRAR_2025-08-29_G12,10109862MOREIRAR,2025-08-29,110064,1,2,0,155.0
10109862MOREIRAR_2025-08-29_G13,10109862MOREIRAR,2025-08-29,111465,1,30,0,447.0
10109862MOREIRAR_2025-08-29_G14,10109862MOREIRAR,2025-08-29,117854,2,6,7,1478.0
10109862MOREIRAR_2025-08-29_G15,10109862MOREIRAR,2025-08-29,117854,1,4,0,55.0
10109862MOREIRAR_2025-08-29_G16,10109862MOREIRAR,2025-08-29,117808,1,4,0,179.0
10109862MOREIRAR_2025-08-29_G17,10109862MOREIRAR,2025-08-29,117808,1,12,0,40.0
10109862MOREIRAR_2025-08-29_G18,10109862MOREIRAR,2025-08-29,117820,4,16,25,101.0
10109862MOREIRAR_2025-08-29_G19,10109862MOREIRAR,2025-08-29,110376,1,8,0,340.0
10109862MOREIRAR_2025-08-29_G20,10109862MOREIRAR,2025-08-29,117832,1,4,0,45.0
10109862MOREIRAR_2025-08-29_G21,10109862MOREIRAR,2025-08-29,111446,1,4,0,171.0
10109862MOREIRAR_2025-08-29_G22,10109862MOREIRAR,2025-08-29,111463,1,4,0,118.0
10109862MOREIRAR_2025-08-29_G23,10109862MOREIRAR,2025-08-29,117785,1,4,0,58.0
10109862MOREIRAR_2025-08-29_G24,10109862MOREIRAR,2025-08-29,117833,1,4,0,91.0
10109862MOREIRAR_2025-08-29_G25,10109862MOREIRAR,2025-08-29,111532,1,2,0,112.0
10109862MOREIRAR_2025-08-29_G26,10109862MOREIRAR,2025-08-29,111743,1,8,0,436.0
10109862MOREIRAR_2025-08-29_G27,10109862MOREIRAR,2025-08-29,117834,1,8,0,178.0
10109862MOREIRAR_2025-08-29_G28,10109862MOREIRAR,2025-08-29,140922,1,4,0,159.0
10109862MOREIRAR_2025-08-29_G29,10109862MOREIRAR,2025-08-29,140922,1,12,0,1315.0
10109862MOREIRAR_2025-08-29_G30,10109862MOREIRAR,2025-08-29,111463,1,4,0,259.0
10109862MOREIRAR_2025-08-29_G31,10109862MOREIRAR,2025-08-29,111466,1,4,0,75.0
10109862MOREIRAR_2025-08-29_G32,10109862MOREIRAR,2025-08-29,116241,1,8,0,312.0
10109862MOREIRAR_2025-08-29_G34,10109862MOREIRAR,2025-08-29,123521,1,4,0,115.0
10109862MOREIRAR_2025-08-29_G35,10109862MOREIRAR,2025-08-29,124370,1,16,0,399.0
10109862MOREIRAR_2025-08-29_G36,10109862MOREIRAR,2025-08-29,122984,1,159,0,2310.0
10109862MOREIRAR_2025-08-29_G37,10109862MOREIRAR,2025-08-29,122185,1,40,0,594.0
10109862MOREIRAR_2025-08-29_G38,10109862MOREIRAR,2025-08-29,122984,1,22,0,879.0
10109862MOREIRAR_2025-08-29_G39,10109862MOREIRAR,2025-08-29,122984,1,15,0,345.0
10109862MOREIRAR_2025-08-29_G40,10109862MOREIRAR,2025-08-29,124264,1,8,0,1341.0
10109862MOREIRAR_2025-08-29_G41,10109862MOREIRAR,2025-08-29,124264,1,2,0,81.0
10109862MOREIRAR_2025-08-29_G42,10109862MOREIRAR,2025-08-29,"121651, 124486",2,62,25,1053.0
10109862MOREIRAR_2025-08-29_G43,10109862MOREIRAR,2025-08-29,123345,1,22,0,264.0
10109862MOREIRAR_2025-08-29_G44,10109862MOREIRAR,2025-08-29,122962,1,44,0,432.0
10109862MOREIRAR_2025-08-29_G45,10109862MOREIRAR,2025-08-29,120028,1,32,0,315.0
10109862MOREIRAR_2025-08-29_G46,10109862MOREIRAR,2025-08-29,123081,1,40,0,273.0
10109862MOREIRAR_2025-08-29_G47,10109862MOREIRAR,2025-08-29,122962,1,50,0,323.0
10109862MOREIRAR_2025-08-29_G48,10109862MOREIRAR,2025-08-29,122647,1,9,0,321.0
10109862MOREIRAR_2025-08-29_G49,10109862MOREIRAR,2025-08-29,122647,1,3,0,80.0
10109862MOREIRAR_2025-08-30_G02,10109862MOREIRAR,2025-08-30,124486,1,20,0,585.0
10109862MOREIRAR_2025-08-30_G03,10109862MOREIRAR,2025-08-30,123153,1,10,0,146.0
10109862MOREIRAR_2025-08-30_G04,10109862MOREIRAR,2025-08-30,123909,1,20,0,328.0
10109862MOREIRAR_2025-08-30_G05,10109862MOREIRAR,2025-08-30,120339,1,10,0,1327.0
10109862MOREIRAR_2025-08-30_G06,10109862MOREIRAR,2025-08-30,122962,1,42,0,690.0
10109862MOREIRAR_2025-08-30_G07,10109862MOREIRAR,2025-08-30,120389,1,10,0,854.0
10109862MOREIRAR_2025-08-30_G08,10109862MOREIRAR,2025-08-30,124370,1,22,0,529.0
10109862MOREIRAR_2025-08-30_G09,10109862MOREIRAR,2025-08-30,124248,1,8,0,108.0
10109862MOREIRAR_2025-08-30_G10,10109862MOREIRAR,2025-08-30,121651,1,20,0,1020.0
10109862MOREIRAR_2025-08-30_G11,10109862MOREIRAR,2025-08-30,122984,1,8,0,411.0
10109862MOREIRAR_2025-08-30_G12,10109862MOREIRAR,2025-08-30,122185,1,10,0,171.0
10109862MOREIRAR_2025-08-30_G13,10109862MOREIRAR,2025-08-30,124247,1,10,0,227.0
10109862MOREIRAR_2025-08-30_G14,10109862MOREIRAR,2025-08-30,123343,1,10,0,224.0
10109862MOREIRAR_2025-08-30_G15,10109862MOREIRAR,2025-08-30,124248,1,20,0,721.0
10109862MOREIRAR_2025-08-30_G16,10109862MOREIRAR,2025-08-30,122984,1,20,0,438.0
10109862MOREIRAR_2025-08-30_G17,10109862MOREIRAR,2025-08-30,122962,1,20,0,1377.0
10109862MOREIRAR_2025-08-30_G19,10109862MOREIRAR,2025-08-30,111759,1,6,0,430.0
10109862MOREIRAR_2025-08-30_G20,10109862MOREIRAR,2025-08-30,141261,1,6,0,453.0
10109862MOREIRAR_2025-08-30_G21,10109862MOREIRAR,2025-08-30,111722,1,6,0,107.0
10109862MOREIRAR_2025-08-30_G22,10109862MOREIRAR,2025-08-30,141262,1,24,0,211.0
10109862MOREIRAR_2025-08-30_G23,10109862MOREIRAR,2025-08-30,111759,1,4,0,820.0
10109862MOREIRAR_2025-08-30_G24,10109862MOREIRAR,2025-08-30,118191,1,24,0,830.0
10109862MOREIRAR_2025-08-30_G25,10109862MOREIRAR,2025-08-30,118191,1,24,0,47.0
10109862MOREIRAR_2025-08-30_G26,10109862MOREIRAR,2025-08-30,117862,1,2,0,1481.0
10109862MOREIRAR_2025-08-30_G27,10109862MOREIRAR,2025-08-30,118299,1,12,0,112.0
10109862MOREIRAR_2025-08-30_G28,10109862MOREIRAR,2025-08-30,110325,1,1,0,34.0
10109862MOREIRAR_2025-08-30_G29,10109862MOREIRAR,2025-08-30,110733,1,3,0,102.0
10109862MOREIRAR_2025-08-30_G30,10109862MOREIRAR,2025-08-30,117820,1,12,0,205.0
10109862MOREIRAR_2025-08-30_G31,10109862MOREIRAR,2025-08-30,110371,1,12,0,141.0
10109862MOREIRAR_2025-08-30_G32,10109862MOREIRAR,2025-08-30,111418,1,5,0,118.0
10109862MOREIRAR_2025-08-30_G33,10109862MOREIRAR,2025-08-30,118140,1,4,0,47.0
10109862MOREIRAR_2025-08-30_G34,10109862MOREIRAR,2025-08-30,117808,1,8,0,125.0
10109862MOREIRAR_2025-08-30_G35,10109862MOREIRAR,2025-08-30,111462,1,6,0,72.0
10109862MOREIRAR_2025-08-30_G36,10109862MOREIRAR,2025-08-30,117809,1,1,0,88.0
10109862MOREIRAR_2025-08-30_G37,10109862MOREIRAR,2025-08-30,110313,1,2,0,168.0
10109862MOREIRAR_2025-08-30_G38,10109862MOREIRAR,2025-08-30,111446,6,46,62,614.0
10109862MOREIRAR_2025-08-31_G02,10109862MOREIRAR,2025-08-31,117788,1,4,0,130.0
10109862MOREIRAR_2025-08-31_G03,10109862MOREIRAR,2025-08-31,140922,1,20,0,113.0
10109862MOREIRAR_2025-08-31_G04,10109862MOREIRAR,2025-08-31,107830,1,20,0,146.0
10109862MOREIRAR_2025-08-31_G05,10109862MOREIRAR,2025-08-31,110373,1,26,0,236.0
10109862MOREIRAR_2025-08-31_G06,10109862MOREIRAR,2025-08-31,109643,1,20,0,1426.0
10109862MOREIRAR_2025-08-31_G07,10109862MOREIRAR,2025-08-31,110374,1,30,0,232.0
10109862MOREIRAR_2025-08-31_G08,10109862MOREIRAR,2025-08-31,117835,1,6,0,203.0
10109862MOREIRAR_2025-08-31_G09,10109862MOREIRAR,2025-08-31,117935,1,4,0,251.0
10109862MOREIRAR_2025-08-31_G10,10109862MOREIRAR,2025-08-31,124486,1,100,0,2052.0
10109862MOREIRAR_2025-08-31_G11,10109862MOREIRAR,2025-08-31,122962,1,4,0,426.0
10109862MOREIRAR_2025-08-31_G12,10109862MOREIRAR,2025-08-31,181057,1,2,0,931.0
10109862MOREIRAR_2025-08-31_G13,10109862MOREIRAR,2025-08-31,181235,1,6,0,1329.0
10109862MOREIRAR_2025-08-31_G14,10109862MOREIRAR,2025-08-31,123345,1,14,0,159.0
10109862MOREIRAR_2025-08-31_G15,10109862MOREIRAR,2025-08-31,120028,1,10,0,453.0
10109862MOREIRAR_2025-08-31_G16,10109862MOREIRAR,2025-08-31,123909,1,2,0,169.0
10109862MOREIRAR_2025-08-31_G17,10109862MOREIRAR,2025-08-31,122981,1,4,0,40.0
10109862MOREIRAR_2025-08-31_G18,10109862MOREIRAR,2025-08-31,124624,1,8,0,141.0
10109862MOREIRAR_2025-08-31_G19,10109862MOREIRAR,2025-08-31,122986,1,2,0,69.0
10109862MOREIRAR_2025-08-31_G20,10109862MOREIRAR,2025-08-31,124247,1,2,0,64.0
10109862MOREIRAR_2025-08-31_G21,10109862MOREIRAR,2025-08-31,122962,1,24,0,259.0
10109862MOREIRAR_2025-08-31_G22,10109862MOREIRAR,2025-08-31,124264,1,20,0,417.0
10109862MOREIRAR_2025-08-31_G23,10109862MOREIRAR,2025-08-31,123561,1,8,0,433.0
10109862MOREIRAR_2025-08-31_G24,10109862MOREIRAR,2025-08-31,123561,1,6,0,76.0
10109862MOREIRAR_2025-08-31_G25,10109862MOREIRAR,2025-08-31,123561,1,2,0,61.0
10109862MOREIRAR_2025-09-02_G02,10109862MOREIRAR,2025-09-02,123343,1,50,0,766.0
10109862MOREIRAR_2025-09-02_G03,10109862MOREIRAR,2025-09-02,122673,1,10,0,312.0
10109862MOREIRAR_2025-09-02_G04,10109862MOREIRAR,2025-09-02,122671,1,16,0,144.0
10109862MOREIRAR_2025-09-02_G05,10109862MOREIRAR,2025-09-02,122962,1,16,0,423.0
10109862MOREIRAR_2025-09-02_G06,10109862MOREIRAR,2025-09-02,120272,1,13,0,218.0
10109862MOREIRAR_2025-09-02_G07,10109862MOREIRAR,2025-09-02,122647,1,30,0,424.0
10109862MOREIRAR_2025-09-02_G08,10109862MOREIRAR,2025-09-02,122962,1,24,0,288.0
10109862MOREIRAR_2025-09-02_G09,10109862MOREIRAR,2025-09-02,122962,1,16,0,359.0
10109862MOREIRAR_2025-09-02_G10,10109862MOREIRAR,2025-09-02,122981,1,8,0,172.0
10109862MOREIRAR_2025-09-02_G11,10109862MOREIRAR,2025-09-02,123947,1,150,0,2752.0
10109862MOREIRAR_2025-09-02_G12,10109862MOREIRAR,2025-09-02,124264,1,246,0,1424.0
10109862MOREIRAR_2025-09-03_G03,10109862MOREIRAR,2025-09-03,124486,1,6,0,132.0
10109862MOREIRAR_2025-09-03_G04,10109862MOREIRAR,2025-09-03,122671,1,12,0,103.0
10109862MOREIRAR_2025-09-03_G05,10109862MOREIRAR,2025-09-03,123909,1,12,0,139.0
10109862MOREIRAR_2025-09-03_G06,10109862MOREIRAR,2025-09-03,122962,1,12,0,151.0
10109862MOREIRAR_2025-09-03_G07,10109862MOREIRAR,2025-09-03,120028,1,10,0,417.0
10109862MOREIRAR_2025-09-03_G08,10109862MOREIRAR,2025-09-03,122962,1,50,0,348.0
10109862MOREIRAR_2025-09-03_G09,10109862MOREIRAR,2025-09-03,122185,1,6,0,1649.0
10109862MOREIRAR_2025-09-03_G10,10109862MOREIRAR,2025-09-03,123560,1,60,0,2556.0
10109862MOREIRAR_2025-09-03_G11,10109862MOREIRAR,2025-09-03,124371,1,23,0,366.0
10109862MOREIRAR_2025-09-03_G12,10109862MOREIRAR,2025-09-03,121760,1,68,0,621.0
10109862MOREIRAR_2025-09-03_G13,10109862MOREIRAR,2025-09-03,123344,1,37,0,386.0
10109862MOREIRAR_2025-09-03_G14,10109862MOREIRAR,2025-09-03,124476,1,7,0,220.0
10109862MOREIRAR_2025-09-03_G15,10109862MOREIRAR,2025-09-03,122984,1,60,0,779.0
10109862MOREIRAR_2025-09-03_G16,10109862MOREIRAR,2025-09-03,120028,1,30,0,267.0
10109862MOREIRAR_2025-09-03_G17,10109862MOREIRAR,2025-09-03,124548,1,30,0,152.0
10109862MOREIRAR_2025-09-04_G02,10109862MOREIRAR,2025-09-04,122984,1,22,0,400.0
10109862MOREIRAR_2025-09-04_G03,10109862MOREIRAR,2025-09-04,122984,1,8,0,159.0
10109862MOREIRAR_2025-09-04_G04,10109862MOREIRAR,2025-09-04,123343,1,12,0,290.0
10109862MOREIRAR_2025-09-04_G05,10109862MOREIRAR,2025-09-04,122967,1,32,0,647.0
10109862MOREIRAR_2025-09-04_G06,10109862MOREIRAR,2025-09-04,120272,1,13,0,144.0
10109862MOREIRAR_2025-09-04_G07,10109862MOREIRAR,2025-09-04,122673,1,6,0,216.0
10109862MOREIRAR_2025-09-04_G08,10109862MOREIRAR,2025-09-04,122984,1,8,0,88.0
10109862MOREIRAR_2025-09-04_G09,10109862MOREIRAR,2025-09-04,124548,1,12,0,219.0
10109862MOREIRAR_2025-09-04_G10,10109862MOREIRAR,2025-09-04,122185,1,26,0,424.0
10109862MOREIRAR_2025-09-04_G11,10109862MOREIRAR,2025-09-04,122986,2,14,10,429.0
10109862MOREIRAR_2025-09-04_G12,10109862MOREIRAR,2025-09-04,124247,1,8,0,207.0
10109862MOREIRAR_2025-09-04_G13,10109862MOREIRAR,2025-09-04,122962,1,12,0,141.0
10109862MOREIRAR_2025-09-04_G14,10109862MOREIRAR,2025-09-04,122673,1,100,0,2833.0
10109862MOREIRAR_2025-09-04_G15,10109862MOREIRAR,2025-09-04,122962,1,94,0,1936.0
10109862MOREIRAR_2025-09-04_G16,10109862MOREIRAR,2025-09-04,124486,1,50,0,1406.0
10109862MOREIRAR_2025-09-04_G17,10109862MOREIRAR,2025-09-04,122962,1,21,0,513.0
10109862MOREIRAR_2025-09-04_G18,10109862MOREIRAR,2025-09-04,122673,1,12,0,188.0
10109862MOREIRAR_2025-09-04_G19,10109862MOREIRAR,2025-09-04,123345,1,3,0,97.0
10109862MOREIRAR_2025-09-05_G02,10109862MOREIRAR,2025-09-05,180024,1,6,0,266.0
10109862MOREIRAR_2025-09-05_G03,10109862MOREIRAR,2025-09-05,122647,1,30,0,801.0
10109862MOREIRAR_2025-09-05_G04,10109862MOREIRAR,2025-09-05,124247,1,2,0,266.0
10109862MOREIRAR_2025-09-05_G05,10109862MOREIRAR,2025-09-05,123344,1,6,0,174.0
10109862MOREIRAR_2025-09-05_G06,10109862MOREIRAR,2025-09-05,124248,1,20,0,348.0
10109862MOREIRAR_2025-09-05_G07,10109862MOREIRAR,2025-09-05,121760,1,2,0,110.0
10109862MOREIRAR_2025-09-05_G08,10109862MOREIRAR,2025-09-05,124248,1,40,0,326.0
10109862MOREIRAR_2025-09-05_G09,10109862MOREIRAR,2025-09-05,122984,1,40,0,939.0
10109862MOREIRAR_2025-09-05_G10,10109862MOREIRAR,2025-09-05,122673,1,8,0,169.0
10109862MOREIRAR_2025-09-05_G11,10109862MOREIRAR,2025-09-05,123822,1,1,0,241.0
10109862MOREIRAR_2025-09-05_G12,10109862MOREIRAR,2025-09-05,122647,1,4,0,94.0
10109862MOREIRAR_2025-09-05_G13,10109862MOREIRAR,2025-09-05,122962,1,1,0,47.0
10109862MOREIRAR_2025-09-05_G14,10109862MOREIRAR,2025-09-05,123909,1,2,0,104.0
10109862MOREIRAR_2025-09-05_G15,10109862MOREIRAR,2025-09-05,124248,1,2,0,45.0
10109862MOREIRAR_2025-09-05_G16,10109862MOREIRAR,2025-09-05,124248,1,8,0,101.0
10109862MOREIRAR_2025-09-05_G17,10109862MOREIRAR,2025-09-05,122984,1,4,0,41.0
10109862MOREIRAR_2025-09-05_G18,10109862MOREIRAR,2025-09-05,124486,1,16,0,1231.0
10109862MOREIRAR_2025-09-05_G19,10109862MOREIRAR,2025-09-05,122983,1,16,0,1019.0
10109862MOREIRAR_2025-09-05_G20,10109862MOREIRAR,2025-09-05,122962,1,16,0,170.0
10109862MOREIRAR_2025-09-05_G21,10109862MOREIRAR,2025-09-05,124247,1,16,0,135.0
10109862MOREIRAR_2025-09-05_G22,10109862MOREIRAR,2025-09-05,124247,1,2,0,221.0
10109862MOREIRAR_2025-09-05_G23,10109862MOREIRAR,2025-09-05,123909,1,50,0,431.0
10109862MOREIRAR_2025-09-05_G24,10109862MOREIRAR,2025-09-05,123345,1,30,0,143.0
10109862MOREIRAR_2025-09-05_G25,10109862MOREIRAR,2025-09-05,123343,1,20,0,299.0
10109862MOREIRAR_2025-09-05_G26,10109862MOREIRAR,2025-09-05,122962,1,8,0,190.0
10109862MOREIRAR_2025-09-05_G27,10109862MOREIRAR,2025-09-05,122984,1,3,0,62.0
10109862MOREIRAR_2025-09-05_G28,10109862MOREIRAR,2025-09-05,122984,1,12,0,163.0
10109862MOREIRAR_2025-09-05_G29,10109862MOREIRAR,2025-09-05,124486,1,20,0,215.0
10109862MOREIRAR_2025-09-05_G30,10109862MOREIRAR,2025-09-05,122984,1,12,0,78.0
10109862MOREIRAR_2025-09-05_G31,10109862MOREIRAR,2025-09-05,124486,1,12,0,292.0
10109862MOREIRAR_2025-09-05_G32,10109862MOREIRAR,2025-09-05,120028,1,10,0,64.0
10109862MOREIRAR_2025-09-05_G34,10109862MOREIRAR,2025-09-05,123909,1,10,0,39.0
10109862MOREIRAR_2025-09-05_G35,10109862MOREIRAR,2025-09-05,122967,1,20,0,273.0
10109862MOREIRAR_2025-09-05_G36,10109862MOREIRAR,2025-09-05,120271,1,6,0,121.0
10109862MOREIRAR_2025-09-05_G37,10109862MOREIRAR,2025-09-05,120389,1,10,0,183.0
10109862MOREIRAR_2025-09-05_G38,10109862MOREIRAR,2025-09-05,124370,1,10,0,109.0
10109862MOREIRAR_2025-09-05_G39,10109862MOREIRAR,2025-09-05,122962,1,60,0,440.0
10109862MOREIRAR_2025-09-05_G40,10109862MOREIRAR,2025-09-05,122703,1,12,0,101.0
10109862MOREIRAR_2025-09-05_G41,10109862MOREIRAR,2025-09-05,121923,1,4,0,206.0
10109862MOREIRAR_2025-09-05_G42,10109862MOREIRAR,2025-09-05,122984,1,20,0,971.0
10109862MOREIRAR_2025-09-05_G43,10109862MOREIRAR,2025-09-05,122986,1,4,0,65.0
10109862MOREIRAR_2025-09-05_G44,10109862MOREIRAR,2025-09-05,122185,1,21,0,482.0
10109862MOREIRAR_2025-09-05_G45,10109862MOREIRAR,2025-09-05,122185,1,70,0,670.0
10109862MOREIRAR_2025-09-05_G46,10109862MOREIRAR,2025-09-05,124548,1,8,0,170.0
10109862MOREIRAR_2025-09-05_G47,10109862MOREIRAR,2025-09-05,124247,1,6,0,64.0
10109862MOREIRAR_2025-09-05_G48,10109862MOREIRAR,2025-09-05,180001,1,2,0,690.0
10109862MOREIRAR_2025-09-05_G49,10109862MOREIRAR,2025-09-05,122967,1,40,0,924.0
10109862MOREIRAR_2025-09-05_G50,10109862MOREIRAR,2025-09-05,122962,1,50,0,298.0
10109862MOREIRAR_2025-09-05_G51,10109862MOREIRAR,2025-09-05,122984,1,50,0,502.0
10109862MOREIRAR_2025-09-05_G52,10109862MOREIRAR,2025-09-05,120008,1,3,0,125.0
10109862MOREIRAR_2025-09-05_G53,10109862MOREIRAR,2025-09-05,123153,1,6,0,142.0
10109862MOREIRAR_2025-09-05_G54,10109862MOREIRAR,2025-09-05,120028,1,16,0,219.0
10109862MOREIRAR_2025-09-05_G55,10109862MOREIRAR,2025-09-05,122705,1,73,0,983.0
10109862MOREIRAR_2025-09-05_G56,10109862MOREIRAR,2025-09-05,122984,1,13,0,156.0
10109862MOREIRAR_2025-09-06_G02,10109862MOREIRAR,2025-09-06,123343,1,14,0,2964.0
10109862MOREIRAR_2025-09-06_G03,10109862MOREIRAR,2025-09-06,124371,1,170,0,2541.0
10109862MOREIRAR_2025-09-06_G04,10109862MOREIRAR,2025-09-06,122981,1,8,0,3291.0
10109862MOREIRAR_2025-09-06_G05,10109862MOREIRAR,2025-09-06,122983,1,8,0,130.0
10109862MOREIRAR_2025-09-06_G06,10109862MOREIRAR,2025-09-06,121760,1,6,0,208.0
10109862MOREIRAR_2025-09-06_G07,10109862MOREIRAR,2025-09-06,121760,1,4,0,66.0
10109862MOREIRAR_2025-09-08_G02,10109862MOREIRAR,2025-09-08,122984,1,26,0,470.0
10109862MOREIRAR_2025-09-08_G03,10109862MOREIRAR,2025-09-08,122185,1,22,0,538.0
10109862MOREIRAR_2025-09-08_G04,10109862MOREIRAR,2025-09-08,122962,1,8,0,220.0
10109862MOREIRAR_2025-09-08_G05,10109862MOREIRAR,2025-09-08,123313,1,16,0,388.0
10109862MOREIRAR_2025-09-08_G06,10109862MOREIRAR,2025-09-08,120028,1,40,0,1629.0
10109862MOREIRAR_2025-09-08_G07,10109862MOREIRAR,2025-09-08,120389,1,20,0,515.0
10109862MOREIRAR_2025-09-09_G02,10109862MOREIRAR,2025-09-09,117820,2,112,23,531.0
10109862MOREIRAR_2025-09-09_G03,10109862MOREIRAR,2025-09-09,118299,1,88,0,656.0
10109862MOREIRAR_2025-09-09_G04,10109862MOREIRAR,2025-09-09,117832,1,30,0,1512.0
10109862MOREIRAR_2025-09-09_G05,10109862MOREIRAR,2025-09-09,110371,1,6,0,65.0
10109862MOREIRAR_2025-09-09_G06,10109862MOREIRAR,2025-09-09,110373,1,2,0,89.0
10109862MOREIRAR_2025-09-09_G07,10109862MOREIRAR,2025-09-09,117830,1,60,0,259.0
10109862MOREIRAR_2025-09-09_G08,10109862MOREIRAR,2025-09-09,117935,1,4,0,405.0
10109862MOREIRAR_2025-09-09_G09,10109862MOREIRAR,2025-09-09,110733,1,8,0,185.0
10109862MOREIRAR_2025-09-09_G10,10109862MOREIRAR,2025-09-09,117855,1,10,0,113.0
10109862MOREIRAR_2025-09-09_G11,10109862MOREIRAR,2025-09-09,110313,1,2,0,182.0
10109862MOREIRAR_2025-09-09_G12,10109862MOREIRAR,2025-09-09,118094,1,6,0,239.0
10109862MOREIRAR_2025-09-09_G13,10109862MOREIRAR,2025-09-09,117785,1,70,0,2167.0
10109862MOREIRAR_2025-09-09_G14,10109862MOREIRAR,2025-09-09,"111462, 117831",2,21,25,174.0
10109862MOREIRAR_2025-09-09_G15,10109862MOREIRAR,2025-09-09,141458,1,60,0,267.0
10109862MOREIRAR_2025-09-09_G16,10109862MOREIRAR,2025-09-09,118317,1,18,0,259.0
10109862MOREIRAR_2025-09-09_G17,10109862MOREIRAR,2025-09-09,111469,1,2,0,252.0
10109862MOREIRAR_2025-09-09_G18,10109862MOREIRAR,2025-09-09,"111469, 111466",2,56,14,97.0
10109862MOREIRAR_2025-09-09_G19,10109862MOREIRAR,2025-09-09,110740,1,25,0,418.0
10109862MOREIRAR_2025-09-10_G04,10109862MOREIRAR,2025-09-10,181057,1,10,0,266.0
10109862MOREIRAR_2025-09-10_G05,10109862MOREIRAR,2025-09-10,122671,1,4,0,869.0
10109862MOREIRAR_2025-09-10_G06,10109862MOREIRAR,2025-09-10,123909,1,4,0,162.0
10109862MOREIRAR_2025-09-10_G07,10109862MOREIRAR,2025-09-10,123521,1,2,0,96.0
10109862MOREIRAR_2025-09-10_G08,10109862MOREIRAR,2025-09-10,122673,1,2,0,77.0
10109862MOREIRAR_2025-09-10_G09,10109862MOREIRAR,2025-09-10,121651,1,6,0,302.0
10109862MOREIRAR_2025-09-10_G10,10109862MOREIRAR,2025-09-10,122984,1,12,0,671.0
10109862MOREIRAR_2025-09-10_G11,10109862MOREIRAR,2025-09-10,122703,1,8,0,188.0
10109862MOREIRAR_2025-09-10_G12,10109862MOREIRAR,2025-09-10,124247,1,2,0,186.0
10109862MOREIRAR_2025-09-10_G13,10109862MOREIRAR,2025-09-10,124594,1,2,0,1028.0
10109862MOREIRAR_2025-09-10_G14,10109862MOREIRAR,2025-09-10,124476,1,6,0,423.0
10109862MOREIRAR_2025-09-10_G15,10109862MOREIRAR,2025-09-10,121760,1,4,0,280.0
10109862MOREIRAR_2025-09-10_G16,10109862MOREIRAR,2025-09-10,122983,1,10,0,403.0
10109862MOREIRAR_2025-09-10_G17,10109862MOREIRAR,2025-09-10,123560,1,5,0,960.0
10109862MOREIRAR_2025-09-10_G18,10109862MOREIRAR,2025-09-10,120272,1,4,0,117.0
10109862MOREIRAR_2025-09-10_G19,10109862MOREIRAR,2025-09-10,124624,1,6,0,144.0
10109862MOREIRAR_2025-09-10_G20,10109862MOREIRAR,2025-09-10,124594,1,6,0,106.0
10109862MOREIRAR_2025-09-10_G21,10109862MOREIRAR,2025-09-10,123345,1,10,0,112.0
10109862MOREIRAR_2025-09-10_G22,10109862MOREIRAR,2025-09-10,122986,1,1,0,334.0
10109862MOREIRAR_2025-09-10_G23,10109862MOREIRAR,2025-09-10,122671,1,5,0,54.0
10109862MOREIRAR_2025-09-10_G24,10109862MOREIRAR,2025-09-10,124370,1,8,0,296.0
10109862MOREIRAR_2025-09-11_G02,10109862MOREIRAR,2025-09-11,122671,1,4,0,139.0
10109862MOREIRAR_2025-09-11_G03,10109862MOREIRAR,2025-09-11,122673,1,8,0,152.0
10109862MOREIRAR_2025-09-11_G04,10109862MOREIRAR,2025-09-11,122962,1,4,0,150.0
10109862MOREIRAR_2025-09-11_G05,10109862MOREIRAR,2025-09-11,123081,1,8,0,916.0
10109862MOREIRAR_2025-09-11_G06,10109862MOREIRAR,2025-09-11,181887,1,8,0,1246.0
10109862MOREIRAR_2025-09-11_G07,10109862MOREIRAR,2025-09-11,123313,1,2,0,65.0
10109862MOREIRAR_2025-09-11_G08,10109862MOREIRAR,2025-09-11,123345,1,24,0,203.0
10109862MOREIRAR_2025-09-11_G09,10109862MOREIRAR,2025-09-11,124477,1,12,0,1121.0
10109862MOREIRAR_2025-09-11_G10,10109862MOREIRAR,2025-09-11,124371,1,36,0,1139.0
10109862MOREIRAR_2025-09-11_G11,10109862MOREIRAR,2025-09-11,123521,1,6,0,97.0
10109862MOREIRAR_2025-09-11_G12,10109862MOREIRAR,2025-09-11,124248,1,12,0,137.0
10109862MOREIRAR_2025-09-11_G13,10109862MOREIRAR,2025-09-11,121651,1,24,0,251.0
10109862MOREIRAR_2025-09-11_G14,10109862MOREIRAR,2025-09-11,121760,1,24,0,488.0
10109862MOREIRAR_2025-09-11_G15,10109862MOREIRAR,2025-09-11,122703,1,48,0,608.0
10109862MOREIRAR_2025-09-11_G16,10109862MOREIRAR,2025-09-11,123081,1,3,0,795.0
10109862MOREIRAR_2025-09-11_G17,10109862MOREIRAR,2025-09-11,124476,1,24,0,93.0
10109862MOREIRAR_2025-09-11_G18,10109862MOREIRAR,2025-09-11,122962,1,48,0,798.0
10109862MOREIRAR_2025-09-11_G19,10109862MOREIRAR,2025-09-11,123080,1,4,0,173.0
10109862MOREIRAR_2025-09-11_G20,10109862MOREIRAR,2025-09-11,122986,1,4,0,78.0
10109862MOREIRAR_2025-09-11_G21,10109862MOREIRAR,2025-09-11,123344,1,12,0,149.0
10109862MOREIRAR_2025-09-11_G22,10109862MOREIRAR,2025-09-11,122983,1,4,0,72.0
10109862MOREIRAR_2025-09-11_G24,10109862MOREIRAR,2025-09-11,111418,1,2,0,86.0
10109862MOREIRAR_2025-09-11_G25,10109862MOREIRAR,2025-09-11,111463,1,13,0,122.0
10109862MOREIRAR_2025-09-11_G26,10109862MOREIRAR,2025-09-11,108711,2,10,5,68.0
10109862MOREIRAR_2025-09-11_G27,10109862MOREIRAR,2025-09-11,118317,1,2,0,45.0
10109862MOREIRAR_2025-09-11_G28,10109862MOREIRAR,2025-09-11,109641,1,8,0,104.0
10109862MOREIRAR_2025-09-11_G29,10109862MOREIRAR,2025-09-11,118140,1,17,0,188.0
10109862MOREIRAR_2025-09-11_G30,10109862MOREIRAR,2025-09-11,111743,1,2,0,61.0
10109862MOREIRAR_2025-09-11_G31,10109862MOREIRAR,2025-09-11,111431,1,4,0,107.0
10109862MOREIRAR_2025-09-11_G32,10109862MOREIRAR,2025-09-11,105705,1,4,0,74.0
10109862MOREIRAR_2025-09-11_G33,10109862MOREIRAR,2025-09-11,111469,2,39,7,396.0
10109862MOREIRAR_2025-09-11_G34,10109862MOREIRAR,2025-09-11,111466,2,8,6,85.0
10109862MOREIRAR_2025-09-11_G35,10109862MOREIRAR,2025-09-11,110745,1,4,0,90.0
10109862MOREIRAR_2025-09-11_G36,10109862MOREIRAR,2025-09-11,111468,1,3,0,76.0
10109862MOREIRAR_2025-09-11_G37,10109862MOREIRAR,2025-09-11,110740,1,13,0,141.0
10109862MOREIRAR_2025-09-11_G38,10109862MOREIRAR,2025-09-11,111418,1,47,0,656.0
10109862MOREIRAR_2025-09-11_G39,10109862MOREIRAR,2025-09-11,111463,1,10,0,61.0
10109862MOREIRAR_2025-09-11_G40,10109862MOREIRAR,2025-09-11,108711,1,6,0,74.0
10109862MOREIRAR_2025-09-11_G41,10109862MOREIRAR,2025-09-11,118317,1,4,0,47.0
10109862MOREIRAR_2025-09-11_G42,10109862MOREIRAR,2025-09-11,111443,1,6,0,364.0
10109862MOREIRAR_2025-09-11_G43,10109862MOREIRAR,2025-09-11,118140,1,8,0,72.0
10109862MOREIRAR_2025-09-11_G44,10109862MOREIRAR,2025-09-11,110787,1,2,0,75.0
10109862MOREIRAR_2025-09-11_G45,10109862MOREIRAR,2025-09-11,141823,1,4,0,60.0
10109862MOREIRAR_2025-09-11_G46,10109862MOREIRAR,2025-09-11,109645,1,2,0,75.0
10109862MOREIRAR_2025-09-11_G47,10109862MOREIRAR,2025-09-11,111469,1,16,0,87.0
10109862MOREIRAR_2025-09-11_G48,10109862MOREIRAR,2025-09-11,111466,2,18,5,96.0
10109862MOREIRAR_2025-09-11_G49,10109862MOREIRAR,2025-09-11,117785,1,2,0,67.0
10109862MOREIRAR_2025-09-11_G50,10109862MOREIRAR,2025-09-11,111462,1,4,0,40.0
10109862MOREIRAR_2025-09-11_G51,10109862MOREIRAR,2025-09-11,111433,1,4,0,997.0
10109862MOREIRAR_2025-09-11_G52,10109862MOREIRAR,2025-09-11,111418,1,8,0,83.0
10109862MOREIRAR_2025-09-11_G53,10109862MOREIRAR,2025-09-11,111463,1,2,0,39.0
10109862MOREIRAR_2025-09-11_G54,10109862MOREIRAR,2025-09-11,109641,1,4,0,45.0
10109862MOREIRAR_2025-09-11_G55,10109862MOREIRAR,2025-09-11,"118140, 111743",2,13,25,53.0
10109862MOREIRAR_2025-09-11_G56,10109862MOREIRAR,2025-09-11,111532,1,7,0,160.0
10109862MOREIRAR_2025-09-11_G57,10109862MOREIRAR,2025-09-11,105705,1,10,0,113.0
10109862MOREIRAR_2025-09-11_G58,10109862MOREIRAR,2025-09-11,111469,1,32,0,1362.0
10109862MOREIRAR_2025-09-11_G59,10109862MOREIRAR,2025-09-11,111466,2,8,18,53.0
10109862MOREIRAR_2025-09-11_G60,10109862MOREIRAR,2025-09-11,117785,1,14,0,212.0
10109862MOREIRAR_2025-09-11_G61,10109862MOREIRAR,2025-09-11,"111348, 140922",2,11,10,557.0
10109862MOREIRAR_2025-09-11_G62,10109862MOREIRAR,2025-09-11,111469,1,2,0,65.0
10109862MOREIRAR_2025-09-12_G02,10109862MOREIRAR,2025-09-12,141047,1,4,0,163.0
10109862MOREIRAR_2025-09-12_G03,10109862MOREIRAR,2025-09-12,111444,1,15,0,210.0
10109862MOREIRAR_2025-09-12_G04,10109862MOREIRAR,2025-09-12,118140,1,30,0,372.0
10109862MOREIRAR_2025-09-12_G05,10109862MOREIRAR,2025-09-12,110371,1,30,0,575.0
10109862MOREIRAR_2025-09-12_G06,10109862MOREIRAR,2025-09-12,117830,1,11,0,236.0
10109862MOREIRAR_2025-09-12_G07,10109862MOREIRAR,2025-09-12,"109641, 118140",2,18,18,2918.0
10109862MOREIRAR_2025-09-12_G08,10109862MOREIRAR,2025-09-12,111532,1,3,0,159.0
10109862MOREIRAR_2025-09-12_G09,10109862MOREIRAR,2025-09-12,111466,2,9,6,83.0
10109862MOREIRAR_2025-09-12_G10,10109862MOREIRAR,2025-09-12,117785,1,16,0,149.0
10109862MOREIRAR_2025-09-12_G11,10109862MOREIRAR,2025-09-12,111462,1,10,0,68.0
10109862MOREIRAR_2025-09-12_G12,10109862MOREIRAR,2025-09-12,110740,1,14,0,278.0
10109862MOREIRAR_2025-09-12_G13,10109862MOREIRAR,2025-09-12,110374,1,7,0,366.0
10109862MOREIRAR_2025-09-12_G14,10109862MOREIRAR,2025-09-12,117820,1,11,0,101.0
10109862MOREIRAR_2025-09-12_G15,10109862MOREIRAR,2025-09-12,"110372, 117832",2,13,16,112.0
10109862MOREIRAR_2025-09-12_G16,10109862MOREIRAR,2025-09-12,110373,1,16,0,117.0
10109862MOREIRAR_2025-09-12_G17,10109862MOREIRAR,2025-09-12,117830,1,7,0,116.0
10109862MOREIRAR_2025-09-12_G18,10109862MOREIRAR,2025-09-12,118299,1,2,0,38.0
10109862MOREIRAR_2025-09-12_G19,10109862MOREIRAR,2025-09-12,"109641, 118140",2,6,6,86.0
10109862MOREIRAR_2025-09-12_G20,10109862MOREIRAR,2025-09-12,110787,1,3,0,116.0
10109862MOREIRAR_2025-09-12_G21,10109862MOREIRAR,2025-09-12,117821,1,5,0,204.0
10109862MOREIRAR_2025-09-12_G22,10109862MOREIRAR,2025-09-12,"141456, 109645",2,12,17,71.0
10109862MOREIRAR_2025-09-12_G23,10109862MOREIRAR,2025-09-12,111466,1,7,0,185.0
10109862MOREIRAR_2025-09-12_G24,10109862MOREIRAR,2025-09-12,111462,1,1,0,32.0
10109862MOREIRAR_2025-09-12_G25,10109862MOREIRAR,2025-09-12,117831,1,4,0,93.0
10109862MOREIRAR_2025-09-12_G26,10109862MOREIRAR,2025-09-12,111441,1,2,0,741.0
10109862MOREIRAR_2025-09-12_G27,10109862MOREIRAR,2025-09-12,117835,1,2,0,84.0
10109862MOREIRAR_2025-09-12_G28,10109862MOREIRAR,2025-09-12,110747,1,4,0,242.0
10109862MOREIRAR_2025-09-12_G29,10109862MOREIRAR,2025-09-12,111660,1,2,0,70.0
10109862MOREIRAR_2025-09-12_G30,10109862MOREIRAR,2025-09-12,110741,1,2,0,118.0
10109862MOREIRAR_2025-09-12_G32,10109862MOREIRAR,2025-09-12,111792,1,1,0,1113.0
10109862MOREIRAR_2025-09-12_G33,10109862MOREIRAR,2025-09-12,110030,1,2,0,206.0
10109862MOREIRAR_2025-09-12_G34,10109862MOREIRAR,2025-09-12,118283,1,32,0,77.0
10109862MOREIRAR_2025-09-12_G35,10109862MOREIRAR,2025-09-12,118283,1,20,0,84.0
10109862MOREIRAR_2025-09-12_G36,10109862MOREIRAR,2025-09-12,111112,1,1,0,416.0
10109862MOREIRAR_2025-09-12_G37,10109862MOREIRAR,2025-09-12,108031,1,2,0,77.0
10109862MOREIRAR_2025-09-12_G38,10109862MOREIRAR,2025-09-12,118280,1,20,0,173.0
10109862MOREIRAR_2025-09-12_G39,10109862MOREIRAR,2025-09-12,114102,1,2,0,49.0
10109862MOREIRAR_2025-09-12_G40,10109862MOREIRAR,2025-09-12,110579,1,1,0,75.0
10109862MOREIRAR_2025-09-12_G41,10109862MOREIRAR,2025-09-12,123343,1,2,0,1019.0
10109862MOREIRAR_2025-09-14_G02,10109862MOREIRAR,2025-09-14,124371,1,10,0,610.0
10109862MOREIRAR_2025-09-14_G03,10109862MOREIRAR,2025-09-14,124548,1,20,0,420.0
10109862MOREIRAR_2025-09-14_G04,10109862MOREIRAR,2025-09-14,121928,1,2,0,57.0
10109862MOREIRAR_2025-09-14_G05,10109862MOREIRAR,2025-09-14,120272,1,10,0,217.0
10109862MOREIRAR_2025-09-14_G06,10109862MOREIRAR,2025-09-14,122984,1,37,0,492.0
10109862MOREIRAR_2025-09-14_G07,10109862MOREIRAR,2025-09-14,122986,1,2,0,92.0
10109862MOREIRAR_2025-09-14_G08,10109862MOREIRAR,2025-09-14,123344,1,20,0,333.0
10109862MOREIRAR_2025-09-14_G09,10109862MOREIRAR,2025-09-14,123345,1,10,0,272.0
10109862MOREIRAR_2025-09-14_G10,10109862MOREIRAR,2025-09-14,124624,1,8,0,872.0
10109862MOREIRAR_2025-09-14_G11,10109862MOREIRAR,2025-09-14,124371,1,8,0,120.0
10109862MOREIRAR_2025-09-14_G12,10109862MOREIRAR,2025-09-14,121651,1,40,0,851.0
10109862MOREIRAR_2025-09-14_G13,10109862MOREIRAR,2025-09-14,122962,1,30,0,357.0
10109862MOREIRAR_2025-09-14_G14,10109862MOREIRAR,2025-09-14,122984,1,12,0,211.0
10109862MOREIRAR_2025-09-14_G15,10109862MOREIRAR,2025-09-14,122986,1,4,0,54.0
10109862MOREIRAR_2025-09-14_G16,10109862MOREIRAR,2025-09-14,123909,1,8,0,154.0
10109862MOREIRAR_2025-09-14_G17,10109862MOREIRAR,2025-09-14,123344,1,6,0,173.0
10109862MOREIRAR_2025-09-14_G18,10109862MOREIRAR,2025-09-14,122983,1,14,0,294.0
10109862MOREIRAR_2025-09-14_G19,10109862MOREIRAR,2025-09-14,122962,1,52,0,577.0
10109862MOREIRAR_2025-09-14_G20,10109862MOREIRAR,2025-09-14,122962,1,70,0,762.0
10109862MOREIRAR_2025-09-15_G02,10109862MOREIRAR,2025-09-15,122185,1,35,0,653.0
10109862MOREIRAR_2025-09-15_G03,10109862MOREIRAR,2025-09-15,123822,1,7,0,85.0
10109862MOREIRAR_2025-09-15_G04,10109862MOREIRAR,2025-09-15,123822,1,12,0,409.0
10109862MOREIRAR_2025-09-15_G05,10109862MOREIRAR,2025-09-15,123909,1,20,0,1309.0
10109862MOREIRAR_2025-09-15_G06,10109862MOREIRAR,2025-09-15,180024,1,2,0,292.0
10109862MOREIRAR_2025-09-15_G07,10109862MOREIRAR,2025-09-15,120028,1,12,0,419.0
10109862MOREIRAR_2025-09-15_G09,10109862MOREIRAR,2025-09-15,122968,1,30,0,238.0
10109862MOREIRAR_2025-09-15_G10,10109862MOREIRAR,2025-09-15,122984,1,110,0,1174.0
10109862MOREIRAR_2025-09-15_G12,10109862MOREIRAR,2025-09-15,181057,1,2,0,287.0
10109862MOREIRAR_2025-09-15_G13,10109862MOREIRAR,2025-09-15,181056,1,6,0,185.0
10109862MOREIRAR_2025-09-15_G14,10109862MOREIRAR,2025-09-15,181235,1,2,0,436.0
10109862MOREIRAR_2025-09-15_G15,10109862MOREIRAR,2025-09-15,124248,1,200,0,2566.0
10109862MOREIRAR_2025-09-15_G16,10109862MOREIRAR,2025-09-15,122984,1,35,0,658.0
10109862MOREIRAR_2025-09-15_G17,10109862MOREIRAR,2025-09-15,118191,1,1850,0,1888.0
10109862MOREIRAR_2025-09-16_G03,10109862MOREIRAR,2025-09-16,123313,1,20,0,1521.0
10109862MOREIRAR_2025-09-16_G04,10109862MOREIRAR,2025-09-16,"120028, 122968",2,31,28,60.0
10109862MOREIRAR_2025-09-16_G05,10109862MOREIRAR,2025-09-16,122967,1,12,0,85.0
10109862MOREIRAR_2025-09-16_G06,10109862MOREIRAR,2025-09-16,122967,1,113,0,2627.0
10109862MOREIRAR_2025-09-16_G07,10109862MOREIRAR,2025-09-16,"121651, 122962",3,3,49,531.0
10109862MOREIRAR_2025-09-16_G08,10109862MOREIRAR,2025-09-16,123344,1,1,0,164.0
10109862MOREIRAR_2025-09-16_G09,10109862MOREIRAR,2025-09-16,123345,1,1,0,41.0
10109862MOREIRAR_2025-09-16_G10,10109862MOREIRAR,2025-09-16,123343,1,2,0,38.0
10109862MOREIRAR_2025-09-16_G12,10109862MOREIRAR,2025-09-16,122962,1,8,0,156.0
10109862MOREIRAR_2025-09-16_G13,10109862MOREIRAR,2025-09-16,180024,1,4,0,1036.0
10109862MOREIRAR_2025-09-16_G14,10109862MOREIRAR,2025-09-16,124594,1,8,0,201.0
10109862MOREIRAR_2025-09-16_G15,10109862MOREIRAR,2025-09-16,120028,1,18,0,1479.0
10109862MOREIRAR_2025-09-16_G16,10109862MOREIRAR,2025-09-16,122962,1,24,0,277.0
10109862MOREIRAR_2025-09-16_G17,10109862MOREIRAR,2025-09-16,120272,1,6,0,248.0
10109862MOREIRAR_2025-09-16_G18,10109862MOREIRAR,2025-09-16,123562,1,2,0,139.0
10109862MOREIRAR_2025-09-16_G19,10109862MOREIRAR,2025-09-16,124370,1,10,0,281.0
10109862MOREIRAR_2025-09-16_G20,10109862MOREIRAR,2025-09-16,124548,1,5,0,98.0
10109862MOREIRAR_2025-09-16_G21,10109862MOREIRAR,2025-09-16,124548,1,5,0,224.0
10109862MOREIRAR_2025-09-16_G22,10109862MOREIRAR,2025-09-16,122962,1,4,0,91.0
10109862MOREIRAR_2025-09-16_G23,10109862MOREIRAR,2025-09-16,124370,1,4,0,109.0
10109862MOREIRAR_2025-09-16_G24,10109862MOREIRAR,2025-09-16,124548,1,7,0,194.0
10109862MOREIRAR_2025-09-16_G25,10109862MOREIRAR,2025-09-16,121651,1,36,0,249.0
10109862MOREIRAR_2025-09-16_G26,10109862MOREIRAR,2025-09-16,121651,1,20,0,93.0
10109862MOREIRAR_2025-09-16_G27,10109862MOREIRAR,2025-09-16,122703,2,45,15,519.0
10109862MOREIRAR_2025-09-16_G28,10109862MOREIRAR,2025-09-16,124486,1,4,0,251.0
10109862MOREIRAR_2025-09-16_G29,10109862MOREIRAR,2025-09-16,122962,1,14,0,61.0
10109862MOREIRAR_2025-09-16_G30,10109862MOREIRAR,2025-09-16,181057,1,1,0,698.0
10109862MOREIRAR_2025-09-16_G31,10109862MOREIRAR,2025-09-16,123909,1,30,0,819.0
10109862MOREIRAR_2025-09-16_G32,10109862MOREIRAR,2025-09-16,124370,1,70,0,462.0
10109862MOREIRAR_2025-09-16_G33,10109862MOREIRAR,2025-09-16,120339,1,30,0,533.0
10109862MOREIRAR_2025-09-17_G02,10109862MOREIRAR,2025-09-17,122962,1,60,0,351.0
10109862MOREIRAR_2025-09-17_G03,10109862MOREIRAR,2025-09-17,124476,5,48,47,1316.0
10109862MOREIRAR_2025-09-17_G04,10109862MOREIRAR,2025-09-17,124548,1,50,0,783.0
10109862MOREIRAR_2025-09-18_G02,10109862MOREIRAR,2025-09-18,122962,1,30,0,628.0
10109862MOREIRAR_2025-09-18_G03,10109862MOREIRAR,2025-09-18,122962,1,10,0,51.0
10109862MOREIRAR_2025-09-18_G04,10109862MOREIRAR,2025-09-18,124371,1,20,0,324.0
10109862MOREIRAR_2025-09-18_G05,10109862MOREIRAR,2025-09-18,124486,1,100,0,956.0
10109862MOREIRAR_2025-09-18_G06,10109862MOREIRAR,2025-09-18,123343,1,20,0,104.0
10109862MOREIRAR_2025-09-18_G07,10109862MOREIRAR,2025-09-18,124477,1,1,0,1795.0
10109862MOREIRAR_2025-09-18_G08,10109862MOREIRAR,2025-09-18,124264,1,30,0,174.0
10109862MOREIRAR_2025-09-18_G09,10109862MOREIRAR,2025-09-18,124476,1,1,0,32.0
10109862MOREIRAR_2025-09-18_G10,10109862MOREIRAR,2025-09-18,124476,1,1,0,2203.0
10109862MOREIRAR_2025-09-18_G11,10109862MOREIRAR,2025-09-18,121651,1,12,0,802.0
10109862MOREIRAR_2025-09-18_G12,10109862MOREIRAR,2025-09-18,124371,1,4,0,122.0
10109862MOREIRAR_2025-09-18_G13,10109862MOREIRAR,2025-09-18,124371,1,8,0,663.0
10109862MOREIRAR_2025-09-19_G02,10109862MOREIRAR,2025-09-19,123345,1,18,0,380.0
10109862MOREIRAR_2025-09-19_G03,10109862MOREIRAR,2025-09-19,180169,1,1,0,143.0
10109862MOREIRAR_2025-09-19_G04,10109862MOREIRAR,2025-09-19,181237,1,11,0,753.0
10109862MOREIRAR_2025-09-19_G05,10109862MOREIRAR,2025-09-19,181235,1,2,0,388.0
10109862MOREIRAR_2025-09-19_G06,10109862MOREIRAR,2025-09-19,122988,2,4,16,65.0
10109862MOREIRAR_2025-09-19_G07,10109862MOREIRAR,2025-09-19,123521,1,4,0,676.0
10109862MOREIRAR_2025-09-19_G08,10109862MOREIRAR,2025-09-19,123313,1,24,0,3512.0
10109862MOREIRAR_2025-09-19_G09,10109862MOREIRAR,2025-09-19,124475,1,2,0,1113.0
10109862MOREIRAR_2025-09-19_G10,10109862MOREIRAR,2025-09-19,181056,1,6,0,85.0
10109862MOREIRAR_2025-09-19_G11,10109862MOREIRAR,2025-09-19,123343,1,6,0,467.0
10109862MOREIRAR_2025-09-19_G12,10109862MOREIRAR,2025-09-19,124475,2,6,27,150.0
10109862MOREIRAR_2025-09-19_G13,10109862MOREIRAR,2025-09-19,"181056, 181235",2,7,30,61.0
10109862MOREIRAR_2025-09-19_G14,10109862MOREIRAR,2025-09-19,181056,1,2,0,70.0
10109862MOREIRAR_2025-09-19_G15,10109862MOREIRAR,2025-09-19,181057,1,3,0,874.0
10109862MOREIRAR_2025-09-19_G16,10109862MOREIRAR,2025-09-19,123153,1,50,0,1690.0
10109862MOREIRAR_2025-09-19_G17,10109862MOREIRAR,2025-09-19,123153,1,4,0,219.0
10109862MOREIRAR_2025-09-19_G18,10109862MOREIRAR,2025-09-19,122962,1,28,0,796.0
10109862MOREIRAR_2025-09-19_G20,10109862MOREIRAR,2025-09-19,121651,1,12,0,248.0
10109862MOREIRAR_2025-09-19_G21,10109862MOREIRAR,2025-09-19,120389,1,12,0,377.0
10109862MOREIRAR_2025-09-19_G22,10109862MOREIRAR,2025-09-19,122962,1,41,0,449.0
10109862MOREIRAR_2025-09-19_G23,10109862MOREIRAR,2025-09-19,122962,1,19,0,69.0
10109862MOREIRAR_2025-09-19_G24,10109862MOREIRAR,2025-09-19,120028,1,10,0,163.0
10109862MOREIRAR_2025-09-19_G25,10109862MOREIRAR,2025-09-19,123313,1,4,0,148.0
10109862MOREIRAR_2025-09-19_G26,10109862MOREIRAR,2025-09-19,124511,1,20,0,400.0
10109862MOREIRAR_2025-09-19_G27,10109862MOREIRAR,2025-09-19,120339,1,4,0,124.0
10109862MOREIRAR_2025-09-19_G28,10109862MOREIRAR,2025-09-19,121760,1,14,0,133.0
10109862MOREIRAR_2025-09-19_G29,10109862MOREIRAR,2025-09-19,121651,1,10,0,264.0
10109862MOREIRAR_2025-09-19_G30,10109862MOREIRAR,2025-09-19,122962,1,17,0,197.0
10109862MOREIRAR_2025-09-19_G31,10109862MOREIRAR,2025-09-19,123345,1,15,0,389.0
10109862MOREIRAR_2025-09-19_G32,10109862MOREIRAR,2025-09-19,124371,1,6,0,121.0
10109862MOREIRAR_2025-09-19_G33,10109862MOREIRAR,2025-09-19,122962,1,4,0,61.0
10109862MOREIRAR_2025-09-19_G34,10109862MOREIRAR,2025-09-19,121923,1,1,0,110.0
10109862MOREIRAR_2025-09-19_G35,10109862MOREIRAR,2025-09-19,124433,1,10,0,86.0
10109862MOREIRAR_2025-09-19_G36,10109862MOREIRAR,2025-09-19,122982,1,3,0,268.0
10109862MOREIRAR_2025-09-19_G37,10109862MOREIRAR,2025-09-19,124475,1,1,0,71.0
10109862MOREIRAR_2025-09-19_G38,10109862MOREIRAR,2025-09-19,122982,1,2,0,46.0
10109862MOREIRAR_2025-09-19_G39,10109862MOREIRAR,2025-09-19,122962,1,20,0,260.0
10109862MOREIRAR_2025-09-19_G40,10109862MOREIRAR,2025-09-19,124594,1,10,0,413.0
10109862MOREIRAR_2025-09-19_G41,10109862MOREIRAR,2025-09-19,124486,1,17,0,75.0
10109862MOREIRAR_2025-09-19_G42,10109862MOREIRAR,2025-09-19,121760,1,7,0,1665.0
10109862MOREIRAR_2025-09-19_G43,10109862MOREIRAR,2025-09-19,124475,1,5,0,201.0
10109862MOREIRAR_2025-09-19_G44,10109862MOREIRAR,2025-09-19,180373,1,2,0,698.0
10109862MOREIRAR_2025-09-20_G02,10109862MOREIRAR,2025-09-20,122982,1,4,0,86.0
10109862MOREIRAR_2025-09-20_G03,10109862MOREIRAR,2025-09-20,122988,1,10,0,327.0
10109862MOREIRAR_2025-09-20_G04,10109862MOREIRAR,2025-09-20,120339,3,7,16,147.0
10109862MOREIRAR_2025-09-20_G05,10109862MOREIRAR,2025-09-20,124548,1,1,0,98.0
10109862MOREIRAR_2025-09-20_G06,10109862MOREIRAR,2025-09-20,120271,1,2,0,211.0
10109862MOREIRAR_2025-09-20_G07,10109862MOREIRAR,2025-09-20,122984,1,2,0,150.0
10109862MOREIRAR_2025-09-20_G08,10109862MOREIRAR,2025-09-20,123343,1,1,0,32.0
10109862MOREIRAR_2025-09-20_G09,10109862MOREIRAR,2025-09-20,120339,1,12,0,394.0
10109862MOREIRAR_2025-09-20_G10,10109862MOREIRAR,2025-09-20,122982,1,2,0,76.0
10109862MOREIRAR_2025-09-20_G11,10109862MOREIRAR,2025-09-20,124248,2,8,9,218.0
10109862MOREIRAR_2025-09-20_G12,10109862MOREIRAR,2025-09-20,120271,1,2,0,168.0
10109862MOREIRAR_2025-09-20_G13,10109862MOREIRAR,2025-09-20,122983,1,8,0,190.0
10109862MOREIRAR_2025-09-20_G14,10109862MOREIRAR,2025-09-20,124247,1,2,0,232.0
10109862MOREIRAR_2025-09-20_G15,10109862MOREIRAR,2025-09-20,123345,1,2,0,1589.0
10109862MOREIRAR_2025-09-20_G16,10109862MOREIRAR,2025-09-20,123313,1,4,0,127.0
10109862MOREIRAR_2025-09-20_G17,10109862MOREIRAR,2025-09-20,123153,1,2,0,418.0
10109862MOREIRAR_2025-09-20_G18,10109862MOREIRAR,2025-09-20,124247,1,4,0,91.0
10109862MOREIRAR_2025-09-20_G19,10109862MOREIRAR,2025-09-20,123822,1,13,0,609.0
10109862MOREIRAR_2025-09-20_G20,10109862MOREIRAR,2025-09-20,122196,1,8,0,225.0
10109862MOREIRAR_2025-09-21_G02,10109862MOREIRAR,2025-09-21,160055,1,7,0,64.0
10109862MOREIRAR_2025-09-21_G03,10109862MOREIRAR,2025-09-21,118299,1,100,0,251.0
10109862MOREIRAR_2025-09-21_G04,10109862MOREIRAR,2025-09-21,110372,1,100,0,239.0
10109862MOREIRAR_2025-09-21_G05,10109862MOREIRAR,2025-09-21,117808,1,300,0,220.0
10109862MOREIRAR_2025-09-21_G06,10109862MOREIRAR,2025-09-21,110371,1,50,0,320.0
10109862MOREIRAR_2025-09-21_G07,10109862MOREIRAR,2025-09-21,110373,1,100,0,166.0
10109862MOREIRAR_2025-09-21_G08,10109862MOREIRAR,2025-09-21,117820,1,100,0,108.0
10109862MOREIRAR_2025-09-21_G09,10109862MOREIRAR,2025-09-21,117809,1,80,0,459.0
10109862MOREIRAR_2025-09-22_G03,10109862MOREIRAR,2025-09-22,124475,1,99,0,911.0
10109862MOREIRAR_2025-09-22_G04,10109862MOREIRAR,2025-09-22,123345,1,60,0,1309.0
10109862MOREIRAR_2025-09-22_G05,10109862MOREIRAR,2025-09-22,122984,1,67,0,1167.0
10109862MOREIRAR_2025-09-22_G06,10109862MOREIRAR,2025-09-22,124486,1,10,0,122.0
10109862MOREIRAR_2025-09-22_G07,10109862MOREIRAR,2025-09-22,122967,1,40,0,252.0
10109862MOREIRAR_2025-09-22_G08,10109862MOREIRAR,2025-09-22,122185,1,20,0,190.0
10109862MOREIRAR_2025-09-22_G09,10109862MOREIRAR,2025-09-22,122983,1,8,0,128.0
10109862MOREIRAR_2025-09-22_G10,10109862MOREIRAR,2025-09-22,122988,1,16,0,191.0
10109862MOREIRAR_2025-09-22_G11,10109862MOREIRAR,2025-09-22,122962,1,10,0,175.0
10109862MOREIRAR_2025-09-22_G12,10109862MOREIRAR,2025-09-22,122988,1,1,0,806.0
10109862MOREIRAR_2025-09-22_G13,10109862MOREIRAR,2025-09-22,124475,1,30,0,544.0
10109862MOREIRAR_2025-09-22_G14,10109862MOREIRAR,2025-09-22,123909,1,40,0,612.0
10109862MOREIRAR_2025-09-22_G15,10109862MOREIRAR,2025-09-22,124370,1,3,0,143.0
10109862MOREIRAR_2025-09-22_G16,10109862MOREIRAR,2025-09-22,124486,1,34,0,717.0
10109862MOREIRAR_2025-09-22_G17,10109862MOREIRAR,2025-09-22,124371,1,40,0,311.0
10109862MOREIRAR_2025-09-22_G18,10109862MOREIRAR,2025-09-22,122967,1,46,0,274.0
10109862MOREIRAR_2025-09-22_G19,10109862MOREIRAR,2025-09-22,122962,1,80,0,1169.0
10109862MOREIRAR_2025-09-23_G02,10109862MOREIRAR,2025-09-23,122673,1,2,0,85.0
10109862MOREIRAR_2025-09-23_G03,10109862MOREIRAR,2025-09-23,122671,1,4,0,79.0
10109862MOREIRAR_2025-09-23_G04,10109862MOREIRAR,2025-09-23,123909,1,2,0,82.0
10109862MOREIRAR_2025-09-23_G05,10109862MOREIRAR,2025-09-23,120339,1,4,0,122.0
10109862MOREIRAR_2025-09-23_G06,10109862MOREIRAR,2025-09-23,123562,1,2,0,149.0
10109862MOREIRAR_2025-09-23_G07,10109862MOREIRAR,2025-09-23,124475,1,6,0,73.0
10109862MOREIRAR_2025-09-23_G08,10109862MOREIRAR,2025-09-23,121651,1,4,0,132.0
10109862MOREIRAR_2025-09-23_G09,10109862MOREIRAR,2025-09-23,122703,1,4,0,98.0
10109862MOREIRAR_2025-09-23_G10,10109862MOREIRAR,2025-09-23,122986,1,4,0,113.0
10109862MOREIRAR_2025-09-23_G11,10109862MOREIRAR,2025-09-23,123344,1,6,0,129.0
10109862MOREIRAR_2025-09-23_G12,10109862MOREIRAR,2025-09-23,123345,1,10,0,205.0
10109862MOREIRAR_2025-09-23_G13,10109862MOREIRAR,2025-09-23,123313,1,2,0,89.0
10109862MOREIRAR_2025-09-23_G14,10109862MOREIRAR,2025-09-23,123343,1,4,0,282.0
10109862MOREIRAR_2025-09-23_G15,10109862MOREIRAR,2025-09-23,123909,1,2,0,132.0
10109862MOREIRAR_2025-09-23_G16,10109862MOREIRAR,2025-09-23,124370,1,4,0,51.0
10109862MOREIRAR_2025-09-23_G17,10109862MOREIRAR,2025-09-23,124476,1,2,0,72.0
10109862MOREIRAR_2025-09-23_G18,10109862MOREIRAR,2025-09-23,121651,1,2,0,158.0
10109862MOREIRAR_2025-09-23_G19,10109862MOREIRAR,2025-09-23,124371,1,2,0,146.0
10109862MOREIRAR_2025-09-23_G20,10109862MOREIRAR,2025-09-23,123345,1,1,0,33.0
10109862MOREIRAR_2025-09-23_G21,10109862MOREIRAR,2025-09-23,181237,1,6,0,158.0
10109862MOREIRAR_2025-09-23_G22,10109862MOREIRAR,2025-09-23,123560,1,25,0,1418.0
10109862MOREIRAR_2025-09-23_G23,10109862MOREIRAR,2025-09-23,124475,1,60,0,1364.0
10109862MOREIRAR_2025-09-23_G24,10109862MOREIRAR,2025-09-23,123345,1,4,0,1322.0
10109862MOREIRAR_2025-09-23_G25,10109862MOREIRAR,2025-09-23,124475,1,12,0,315.0
10109862MOREIRAR_2025-09-23_G26,10109862MOREIRAR,2025-09-23,124248,1,30,0,598.0
10109862MOREIRAR_2025-09-23_G27,10109862MOREIRAR,2025-09-23,123345,1,15,0,529.0
10109862MOREIRAR_2025-09-23_G28,10109862MOREIRAR,2025-09-23,124247,1,20,0,536.0
10109862MOREIRAR_2025-09-23_G29,10109862MOREIRAR,2025-09-23,122673,1,10,0,2800.0
10109862MOREIRAR_2025-09-23_G31,10109862MOREIRAR,2025-09-23,180420,1,16,0,2992.0
10109862MOREIRAR_2025-09-23_G32,10109862MOREIRAR,2025-09-23,123909,1,2,0,472.0
10109862MOREIRAR_2025-09-23_G33,10109862MOREIRAR,2025-09-23,122962,1,4,0,64.0
10109862MOREIRAR_2025-09-23_G34,10109862MOREIRAR,2025-09-23,124248,1,8,0,126.0
10109862MOREIRAR_2025-09-23_G35,10109862MOREIRAR,2025-09-23,124486,1,5,0,137.0
10109862MOREIRAR_2025-09-23_G36,10109862MOREIRAR,2025-09-23,124247,2,10,18,600.0
10109862MOREIRAR_2025-09-24_G02,10109862MOREIRAR,2025-09-24,124247,1,10,0,945.0
10109862MOREIRAR_2025-09-24_G03,10109862MOREIRAR,2025-09-24,122983,1,26,0,763.0
10109862MOREIRAR_2025-09-24_G05,10109862MOREIRAR,2025-09-24,124370,1,12,0,305.0
10109862MOREIRAR_2025-09-24_G06,10109862MOREIRAR,2025-09-24,124370,1,12,0,542.0
10109862MOREIRAR_2025-09-24_G07,10109862MOREIRAR,2025-09-24,122962,1,12,0,159.0
10109862MOREIRAR_2025-09-24_G08,10109862MOREIRAR,2025-09-24,121760,1,8,0,84.0
10109862MOREIRAR_2025-09-24_G09,10109862MOREIRAR,2025-09-24,124475,2,9,18,141.0
10109862MOREIRAR_2025-09-24_G10,10109862MOREIRAR,2025-09-24,124475,1,8,0,148.0
10109862MOREIRAR_2025-09-24_G11,10109862MOREIRAR,2025-09-24,121651,1,8,0,234.0
10109862MOREIRAR_2025-09-24_G12,10109862MOREIRAR,2025-09-24,120389,1,9,0,162.0
10109862MOREIRAR_2025-09-24_G13,10109862MOREIRAR,2025-09-24,122986,1,1,0,165.0
10109862MOREIRAR_2025-09-24_G15,10109862MOREIRAR,2025-09-24,121760,1,36,0,3301.0
10109862MOREIRAR_2025-09-24_G16,10109862MOREIRAR,2025-09-24,122983,1,4,0,210.0
10109862MOREIRAR_2025-09-24_G17,10109862MOREIRAR,2025-09-24,114647,1,8,0,1047.0
10109862MOREIRAR_2025-09-25_G02,10109862MOREIRAR,2025-09-25,123344,1,5,0,174.0
10109862MOREIRAR_2025-09-25_G04,10109862MOREIRAR,2025-09-25,118290,1,12,0,120.0
10109862MOREIRAR_2025-09-25_G05,10109862MOREIRAR,2025-09-25,141456,1,50,0,210.0
10109862MOREIRAR_2025-09-25_G06,10109862MOREIRAR,2025-09-25,111469,1,50,0,311.0
10109862MOREIRAR_2025-09-25_G07,10109862MOREIRAR,2025-09-25,111433,1,4,0,210.0
10109862MOREIRAR_2025-09-25_G08,10109862MOREIRAR,2025-09-25,118317,1,30,0,166.0
10109862MOREIRAR_2025-09-25_G09,10109862MOREIRAR,2025-09-25,111443,1,12,0,154.0
10109862MOREIRAR_2025-09-25_G10,10109862MOREIRAR,2025-09-25,109645,1,8,0,62.0
10109862MOREIRAR_2025-09-25_G11,10109862MOREIRAR,2025-09-25,109641,1,20,0,298.0
10109862MOREIRAR_2025-09-25_G12,10109862MOREIRAR,2025-09-25,111435,1,20,0,345.0
10109862MOREIRAR_2025-09-25_G13,10109862MOREIRAR,2025-09-25,117842,1,8,0,406.0
10109862MOREIRAR_2025-09-25_G14,10109862MOREIRAR,2025-09-25,111462,1,40,0,310.0
10109862MOREIRAR_2025-09-25_G15,10109862MOREIRAR,2025-09-25,111442,1,20,0,218.0
10109862MOREIRAR_2025-09-25_G16,10109862MOREIRAR,2025-09-25,117821,1,30,0,219.0
10109862MOREIRAR_2025-09-25_G17,10109862MOREIRAR,2025-09-25,107236,1,20,0,122.0
10109862MOREIRAR_2025-09-25_G18,10109862MOREIRAR,2025-09-25,110745,1,12,0,176.0
10109862MOREIRAR_2025-09-25_G19,10109862MOREIRAR,2025-09-25,111465,1,30,0,235.0
10109862MOREIRAR_2025-09-25_G20,10109862MOREIRAR,2025-09-25,111463,1,70,0,353.0
10109862MOREIRAR_2025-09-25_G21,10109862MOREIRAR,2025-09-25,111743,1,40,0,276.0
10109862MOREIRAR_2025-09-25_G22,10109862MOREIRAR,2025-09-25,111418,1,50,0,308.0
10109862MOREIRAR_2025-09-25_G23,10109862MOREIRAR,2025-09-25,141457,1,100,0,207.0
10109862MOREIRAR_2025-09-25_G24,10109862MOREIRAR,2025-09-25,118140,1,50,0,223.0
10109862MOREIRAR_2025-09-25_G25,10109862MOREIRAR,2025-09-25,141458,1,80,0,281.0
10109862MOREIRAR_2025-09-25_G26,10109862MOREIRAR,2025-09-25,117831,1,50,0,261.0
10109862MOREIRAR_2025-09-25_G27,10109862MOREIRAR,2025-09-25,117787,1,30,0,305.0
10109862MOREIRAR_2025-09-25_G28,10109862MOREIRAR,2025-09-25,"110374, 109643, 117832",3,90,41,70.0
10109862MOREIRAR_2025-09-26_G02,10109862MOREIRAR,2025-09-26,107830,1,12,0,121.0
10109862MOREIRAR_2025-09-26_G03,10109862MOREIRAR,2025-09-26,117832,1,30,0,681.0
10109862MOREIRAR_2025-09-26_G04,10109862MOREIRAR,2025-09-26,110372,1,40,0,211.0
10109862MOREIRAR_2025-09-26_G05,10109862MOREIRAR,2025-09-26,110372,1,40,0,304.0
10109862MOREIRAR_2025-09-26_G06,10109862MOREIRAR,2025-09-26,117808,1,12,0,113.0
10109862MOREIRAR_2025-09-26_G07,10109862MOREIRAR,2025-09-26,118299,1,4,0,52.0
10109862MOREIRAR_2025-09-26_G08,10109862MOREIRAR,2025-09-26,118299,1,30,0,118.0
10109862MOREIRAR_2025-09-26_G09,10109862MOREIRAR,2025-09-26,110373,1,17,0,299.0
10109862MOREIRAR_2025-09-26_G10,10109862MOREIRAR,2025-09-26,117820,1,30,0,312.0
10109862MOREIRAR_2025-09-26_G11,10109862MOREIRAR,2025-09-26,110325,1,12,0,101.0
10109862MOREIRAR_2025-09-26_G12,10109862MOREIRAR,2025-09-26,117809,1,30,0,160.0
10109862MOREIRAR_2025-09-26_G13,10109862MOREIRAR,2025-09-26,117830,1,22,0,286.0
10109862MOREIRAR_2025-09-26_G14,10109862MOREIRAR,2025-09-26,117856,1,1,0,82.0
10109862MOREIRAR_2025-09-26_G15,10109862MOREIRAR,2025-09-26,111530,1,9,0,128.0
10109862MOREIRAR_2025-09-26_G16,10109862MOREIRAR,2025-09-26,117965,1,20,0,172.0
10109862MOREIRAR_2025-09-26_G17,10109862MOREIRAR,2025-09-26,110753,1,1,0,83.0
10109862MOREIRAR_2025-09-26_G18,10109862MOREIRAR,2025-09-26,111602,1,36,0,683.0
10109862MOREIRAR_2025-09-26_G19,10109862MOREIRAR,2025-09-26,160054,1,10,0,735.0
10109862MOREIRAR_2025-09-26_G20,10109862MOREIRAR,2025-09-26,110339,1,1,0,225.0
10109862MOREIRAR_2025-09-26_G21,10109862MOREIRAR,2025-09-26,160055,1,6,0,186.0
10109862MOREIRAR_2025-09-26_G22,10109862MOREIRAR,2025-09-26,111532,1,4,0,85.0
10109862MOREIRAR_2025-09-26_G23,10109862MOREIRAR,2025-09-26,111532,1,50,0,646.0
10109862MOREIRAR_2025-09-26_G24,10109862MOREIRAR,2025-09-26,110787,1,180,0,492.0
10109862MOREIRAR_2025-09-26_G25,10109862MOREIRAR,2025-09-26,110064,1,2,0,467.0
10109862MOREIRAR_2025-09-26_G26,10109862MOREIRAR,2025-09-26,110623,1,5,0,42.0
10109862MOREIRAR_2025-09-26_G27,10109862MOREIRAR,2025-09-26,118320,1,2,0,624.0
10109862MOREIRAR_2025-09-26_G28,10109862MOREIRAR,2025-09-26,118418,1,4,0,181.0
10109862MOREIRAR_2025-09-26_G29,10109862MOREIRAR,2025-09-26,115775,1,4,0,227.0
10109862MOREIRAR_2025-09-26_G31,10109862MOREIRAR,2025-09-26,118290,1,4,0,91.0
10109862MOREIRAR_2025-09-26_G32,10109862MOREIRAR,2025-09-26,111469,1,2,0,585.0
10109862MOREIRAR_2025-09-26_G33,10109862MOREIRAR,2025-09-26,108795,1,4,0,41.0
10109862MOREIRAR_2025-09-26_G34,10109862MOREIRAR,2025-09-26,"140922, 118140",2,2,30,77.0
10109862MOREIRAR_2025-09-26_G35,10109862MOREIRAR,2025-09-26,110372,1,2,0,61.0
10109862MOREIRAR_2025-09-26_G36,10109862MOREIRAR,2025-09-26,111743,1,5,0,165.0
10109862MOREIRAR_2025-09-26_G37,10109862MOREIRAR,2025-09-26,117809,1,4,0,77.0
10109862MOREIRAR_2025-09-26_G38,10109862MOREIRAR,2025-09-26,110580,1,4,0,44.0
10109862MOREIRAR_2025-09-26_G40,10109862MOREIRAR,2025-09-26,109640,1,4,0,266.0
10109862MOREIRAR_2025-09-26_G41,10109862MOREIRAR,2025-09-26,111532,1,4,0,838.0
10109862MOREIRAR_2025-09-26_G42,10109862MOREIRAR,2025-09-26,118222,1,4,0,319.0
10109862MOREIRAR_2025-09-26_G43,10109862MOREIRAR,2025-09-26,111569,1,2,0,125.0
10109862MOREIRAR_2025-09-26_G44,10109862MOREIRAR,2025-09-26,117856,1,2,0,209.0
10109862MOREIRAR_2025-09-26_G45,10109862MOREIRAR,2025-09-26,140923,1,3,0,49.0
10109862MOREIRAR_2025-09-26_G46,10109862MOREIRAR,2025-09-26,108795,1,2,0,91.0
10109862MOREIRAR_2025-09-26_G47,10109862MOREIRAR,2025-09-26,140922,1,2,0,120.0
10109862MOREIRAR_2025-09-26_G48,10109862MOREIRAR,2025-09-26,110787,1,4,0,133.0
10109862MOREIRAR_2025-09-26_G49,10109862MOREIRAR,2025-09-26,111418,1,4,0,79.0
10109862MOREIRAR_2025-09-26_G50,10109862MOREIRAR,2025-09-26,141457,1,4,0,47.0
10109862MOREIRAR_2025-09-26_G51,10109862MOREIRAR,2025-09-26,111466,1,2,0,63.0
10109862MOREIRAR_2025-09-27_G02,10109862MOREIRAR,2025-09-27,140923,1,40,0,367.0
10109862MOREIRAR_2025-09-27_G03,10109862MOREIRAR,2025-09-27,111530,1,15,0,234.0
10109862MOREIRAR_2025-09-27_G04,10109862MOREIRAR,2025-09-27,117935,1,10,0,182.0
10109862MOREIRAR_2025-09-27_G05,10109862MOREIRAR,2025-09-27,117855,1,6,0,127.0
10109862MOREIRAR_2025-09-27_G06,10109862MOREIRAR,2025-09-27,110313,1,10,0,223.0
10109862MOREIRAR_2025-09-27_G07,10109862MOREIRAR,2025-09-27,111602,1,15,0,192.0
10109862MOREIRAR_2025-09-27_G08,10109862MOREIRAR,2025-09-27,117837,1,14,0,117.0
10109862MOREIRAR_2025-09-27_G09,10109862MOREIRAR,2025-09-27,109643,1,15,0,215.0
10109862MOREIRAR_2025-09-27_G10,10109862MOREIRAR,2025-09-27,117832,1,30,0,298.0
10109862MOREIRAR_2025-09-27_G11,10109862MOREIRAR,2025-09-27,117820,1,80,0,421.0
10109862MOREIRAR_2025-09-27_G12,10109862MOREIRAR,2025-09-27,117830,1,30,0,266.0
10109862MOREIRAR_2025-09-27_G13,10109862MOREIRAR,2025-09-27,118222,1,4,0,1867.0
10109862MOREIRAR_2025-09-27_G14,10109862MOREIRAR,2025-09-27,111569,1,4,0,174.0
10109862MOREIRAR_2025-09-27_G15,10109862MOREIRAR,2025-09-27,140923,1,2,0,104.0
10109862MOREIRAR_2025-09-27_G16,10109862MOREIRAR,2025-09-27,110733,1,4,0,43.0
10109862MOREIRAR_2025-09-27_G17,10109862MOREIRAR,2025-09-27,111467,1,2,0,82.0
10109862MOREIRAR_2025-09-27_G18,10109862MOREIRAR,2025-09-27,110313,1,1,0,53.0
10109862MOREIRAR_2025-09-27_G19,10109862MOREIRAR,2025-09-27,111418,1,4,0,70.0
10109862MOREIRAR_2025-09-27_G20,10109862MOREIRAR,2025-09-27,118223,1,1,0,77.0
10109862MOREIRAR_2025-09-27_G21,10109862MOREIRAR,2025-09-27,117831,1,1,0,77.0
10109862MOREIRAR_2025-09-27_G22,10109862MOREIRAR,2025-09-27,117808,1,14,0,170.0
10109862MOREIRAR_2025-09-27_G23,10109862MOREIRAR,2025-09-27,110372,1,14,0,132.0
10109862MOREIRAR_2025-09-27_G24,10109862MOREIRAR,2025-09-27,118299,1,7,0,189.0
10109862MOREIRAR_2025-09-27_G25,10109862MOREIRAR,2025-09-27,141202,1,1,0,102.0
10109862MOREIRAR_2025-09-27_G26,10109862MOREIRAR,2025-09-27,117830,1,2,0,134.0
10109862MOREIRAR_2025-09-27_G27,10109862MOREIRAR,2025-09-27,111442,1,11,0,3356.0
10109862MOREIRAR_2025-09-27_G28,10109862MOREIRAR,2025-09-27,110895,1,8,0,515.0
10109862MOREIRAR_2025-09-27_G29,10109862MOREIRAR,2025-09-27,141047,1,12,0,225.0
10109862MOREIRAR_2025-09-27_G30,10109862MOREIRAR,2025-09-27,117861,1,12,0,162.0
10109862MOREIRAR_2025-09-27_G31,10109862MOREIRAR,2025-09-27,111569,1,40,0,211.0
10109862MOREIRAR_2025-09-28_G02,10109862MOREIRAR,2025-09-28,123345,1,34,0,302.0
10109862MOREIRAR_2025-09-28_G03,10109862MOREIRAR,2025-09-28,123521,1,8,0,112.0
10109862MOREIRAR_2025-09-28_G04,10109862MOREIRAR,2025-09-28,123521,4,12,27,41.0
10109862MOREIRAR_2025-09-28_G05,10109862MOREIRAR,2025-09-28,120028,1,4,0,220.0
10109862MOREIRAR_2025-09-28_G06,10109862MOREIRAR,2025-09-28,120028,2,12,9,101.0
10109862MOREIRAR_2025-09-28_G07,10109862MOREIRAR,2025-09-28,120028,1,20,0,371.0
10109862MOREIRAR_2025-09-28_G08,10109862MOREIRAR,2025-09-28,122981,1,8,0,125.0
10109862MOREIRAR_2025-09-28_G09,10109862MOREIRAR,2025-09-28,122986,4,12,29,152.0
10109862MOREIRAR_2025-09-28_G10,10109862MOREIRAR,2025-09-28,122981,2,16,12,210.0
10109862MOREIRAR_2025-09-28_G11,10109862MOREIRAR,2025-09-28,122981,1,8,0,197.0
10109862MOREIRAR_2025-09-28_G12,10109862MOREIRAR,2025-09-28,124486,1,2,0,169.0
10109862MOREIRAR_2025-09-28_G13,10109862MOREIRAR,2025-09-28,122962,1,40,0,548.0
10109862MOREIRAR_2025-09-28_G14,10109862MOREIRAR,2025-09-28,122984,2,28,16,801.0
10109862MOREIRAR_2025-09-28_G15,10109862MOREIRAR,2025-09-28,122984,1,8,0,46.0
10109862MOREIRAR_2025-09-28_G16,10109862MOREIRAR,2025-09-28,123345,4,22,24,104.0
10109862MOREIRAR_2025-09-28_G17,10109862MOREIRAR,2025-09-28,124486,1,30,0,737.0
10109862MOREIRAR_2025-09-28_G18,10109862MOREIRAR,2025-09-28,122962,1,40,0,674.0
10109862MOREIRAR_2025-09-28_G19,10109862MOREIRAR,2025-09-28,120389,1,10,0,240.0
10109862MOREIRAR_2025-09-28_G20,10109862MOREIRAR,2025-09-28,122962,1,8,0,89.0
10109862MOREIRAR_2025-09-28_G21,10109862MOREIRAR,2025-09-28,122983,1,24,0,253.0
10109862MOREIRAR_2025-09-28_G22,10109862MOREIRAR,2025-09-28,122962,1,50,0,444.0
10109862MOREIRAR_2025-09-28_G23,10109862MOREIRAR,2025-09-28,"122647, 122962",2,14,10,452.0
10109862MOREIRAR_2025-09-28_G24,10109862MOREIRAR,2025-09-28,120028,1,6,0,421.0
10109862MOREIRAR_2025-09-28_G25,10109862MOREIRAR,2025-09-28,122671,1,40,0,510.0
10109862MOREIRAR_2025-09-28_G26,10109862MOREIRAR,2025-09-28,122673,1,16,0,392.0
10109862MOREIRAR_2025-09-28_G27,10109862MOREIRAR,2025-09-28,122982,1,8,0,63.0
10109862MOREIRAR_2025-09-28_G28,10109862MOREIRAR,2025-09-28,122962,1,40,0,379.0
10109862MOREIRAR_2025-09-28_G29,10109862MOREIRAR,2025-09-28,124486,1,20,0,336.0
10109862MOREIRAR_2025-09-29_G02,10109862MOREIRAR,2025-09-29,122984,1,48,0,514.0
10109862MOREIRAR_2025-09-29_G03,10109862MOREIRAR,2025-09-29,122647,1,42,0,1307.0
10109862MOREIRAR_2025-09-29_G04,10109862MOREIRAR,2025-09-29,123909,1,30,0,628.0
10109862MOREIRAR_2025-09-29_G05,10109862MOREIRAR,2025-09-29,123153,1,30,0,642.0
10109862MOREIRAR_2025-09-29_G06,10109862MOREIRAR,2025-09-29,124247,1,4,0,269.0
10109862MOREIRAR_2025-09-29_G07,10109862MOREIRAR,2025-09-29,124475,1,10,0,272.0
10109862MOREIRAR_2025-09-29_G08,10109862MOREIRAR,2025-09-29,122962,1,10,0,176.0
10109862MOREIRAR_2025-09-29_G09,10109862MOREIRAR,2025-09-29,124486,1,10,0,90.0
10109862MOREIRAR_2025-09-29_G10,10109862MOREIRAR,2025-09-29,124370,1,6,0,109.0
10109862MOREIRAR_2025-09-29_G11,10109862MOREIRAR,2025-09-29,124370,1,20,0,610.0
10109862MOREIRAR_2025-09-29_G12,10109862MOREIRAR,2025-09-29,124370,1,20,0,842.0
10109862MOREIRAR_2025-09-29_G13,10109862MOREIRAR,2025-09-29,121651,1,8,0,210.0
10109862MOREIRAR_2025-09-29_G14,10109862MOREIRAR,2025-09-29,123344,1,10,0,233.0
10109862MOREIRAR_2025-09-29_G15,10109862MOREIRAR,2025-09-29,123345,1,20,0,158.0
10109862MOREIRAR_2025-09-29_G16,10109862MOREIRAR,2025-09-29,120028,1,17,0,1760.0
10109862MOREIRAR_2025-09-29_G17,10109862MOREIRAR,2025-09-29,122981,1,10,0,312.0
10109862MOREIRAR_2025-09-29_G18,10109862MOREIRAR,2025-09-29,122647,1,10,0,352.0
10109862MOREIRAR_2025-09-29_G19,10109862MOREIRAR,2025-09-29,124476,1,10,0,272.0
10109862MOREIRAR_2025-09-29_G20,10109862MOREIRAR,2025-09-29,121760,1,22,0,730.0
10109862MOREIRAR_2025-09-29_G21,10109862MOREIRAR,2025-09-29,124248,1,7,0,413.0
10109862MOREIRAR_2025-09-29_G23,10109862MOREIRAR,2025-09-29,122189,1,2,0,510.0
10109862MOREIRAR_2025-09-29_G24,10109862MOREIRAR,2025-09-29,121923,1,2,0,235.0
10109862MOREIRAR_2025-09-29_G25,10109862MOREIRAR,2025-09-29,123909,1,4,0,79.0
10109862MOREIRAR_2025-09-29_G26,10109862MOREIRAR,2025-09-29,122185,1,6,0,287.0
10109862MOREIRAR_2025-09-29_G27,10109862MOREIRAR,2025-09-29,122962,1,8,0,177.0
10109862MOREIRAR_2025-09-29_G28,10109862MOREIRAR,2025-09-29,124624,1,4,0,155.0
10109862MOREIRAR_2025-09-29_G29,10109862MOREIRAR,2025-09-29,124486,1,50,0,934.0
10109862MOREIRAR_2025-09-29_G30,10109862MOREIRAR,2025-09-29,124486,1,10,0,37.0
10109862MOREIRAR_2025-09-29_G31,10109862MOREIRAR,2025-09-29,122673,1,30,0,1225.0
10109862MOREIRAR_2025-09-29_G32,10109862MOREIRAR,2025-09-29,"122185, 122984",2,12,20,240.0
10109862MOREIRAR_2025-09-29_G33,10109862MOREIRAR,2025-09-29,120389,1,20,0,475.0
10109862MOREIRAR_2025-09-29_G34,10109862MOREIRAR,2025-09-29,124548,1,17,0,319.0
10109862MOREIRAR_2025-09-29_G35,10109862MOREIRAR,2025-09-29,120028,1,80,0,759.0
10109862MOREIRAR_2025-09-29_G36,10109862MOREIRAR,2025-09-29,123345,2,16,24,292.0
10109862MOREIRAR_2025-09-29_G37,10109862MOREIRAR,2025-09-29,121760,1,20,0,1689.0
10109862MOREIRAR_2025-09-29_G38,10109862MOREIRAR,2025-09-29,122982,1,35,0,303.0
10109862MOREIRAR_2025-09-29_G39,10109862MOREIRAR,2025-09-29,122982,1,6,0,33.0
10109862MOREIRAR_2025-09-29_G40,10109862MOREIRAR,2025-09-29,122982,1,13,0,81.0
10109862MOREIRAR_2025-09-29_G41,10109862MOREIRAR,2025-09-29,122984,1,20,0,118.0
10109862MOREIRAR_2025-09-29_G42,10109862MOREIRAR,2025-09-29,121651,1,30,0,511.0
10109862MOREIRAR_2025-09-30_G04,10109862MOREIRAR,2025-09-30,124371,1,2,0,714.0
10109862MOREIRAR_2025-09-30_G05,10109862MOREIRAR,2025-09-30,"124264, 124476",2,62,18,271.0
10109862MOREIRAR_2025-10-02_G02,10109862MOREIRAR,2025-10-02,120028,1,4,0,238.0
10109862MOREIRAR_2025-10-02_G03,10109862MOREIRAR,2025-10-02,120339,1,50,0,1632.0
10109862MOREIRAR_2025-10-02_G04,10109862MOREIRAR,2025-10-02,120339,1,10,0,177.0
10109862MOREIRAR_2025-10-02_G05,10109862MOREIRAR,2025-10-02,120389,1,30,0,885.0
10109862MOREIRAR_2025-10-02_G06,10109862MOREIRAR,2025-10-02,122982,1,2,0,805.0
10109862MOREIRAR_2025-10-02_G07,10109862MOREIRAR,2025-10-02,123153,1,30,0,356.0
10109862MOREIRAR_2025-10-02_G08,10109862MOREIRAR,2025-10-02,122983,1,4,0,122.0
10109862MOREIRAR_2025-10-02_G09,10109862MOREIRAR,2025-10-02,124247,1,12,0,570.0
10109862MOREIRAR_2025-10-02_G10,10109862MOREIRAR,2025-10-02,122962,1,20,0,271.0
10109862MOREIRAR_2025-10-02_G11,10109862MOREIRAR,2025-10-02,120028,1,32,0,350.0
10109862MOREIRAR_2025-10-02_G12,10109862MOREIRAR,2025-10-02,124486,1,12,0,233.0
10109862MOREIRAR_2025-10-02_G13,10109862MOREIRAR,2025-10-02,"120008, 124486",2,22,15,439.0
10109862MOREIRAR_2025-10-02_G14,10109862MOREIRAR,2025-10-02,122962,1,16,0,292.0
10109862MOREIRAR_2025-10-02_G15,10109862MOREIRAR,2025-10-02,122981,1,8,0,111.0
10109862MOREIRAR_2025-10-02_G16,10109862MOREIRAR,2025-10-02,124624,1,10,0,58.0
10109862MOREIRAR_2025-10-02_G17,10109862MOREIRAR,2025-10-02,120339,1,30,0,461.0
10109862MOREIRAR_2025-10-02_G18,10109862MOREIRAR,2025-10-02,120389,1,8,0,178.0
10109862MOREIRAR_2025-10-02_G19,10109862MOREIRAR,2025-10-02,122647,1,2,0,473.0
10109862MOREIRAR_2025-10-03_G02,10109862MOREIRAR,2025-10-03,122984,1,32,0,1980.0
10109862MOREIRAR_2025-10-03_G03,10109862MOREIRAR,2025-10-03,124248,1,46,0,555.0
10109862MOREIRAR_2025-10-03_G04,10109862MOREIRAR,2025-10-03,124624,1,4,0,31.0
10109862MOREIRAR_2025-10-03_G05,10109862MOREIRAR,2025-10-03,120339,1,6,0,123.0
10109862MOREIRAR_2025-10-03_G06,10109862MOREIRAR,2025-10-03,120389,1,12,0,157.0
10109862MOREIRAR_2025-10-03_G07,10109862MOREIRAR,2025-10-03,124624,1,14,0,236.0
10109862MOREIRAR_2025-10-03_G08,10109862MOREIRAR,2025-10-03,"124594, 122984",3,34,36,486.0
10109862MOREIRAR_2025-10-05_G02,10109862MOREIRAR,2025-10-05,110371,1,6,0,128.0
10109862MOREIRAR_2025-10-05_G03,10109862MOREIRAR,2025-10-05,117809,1,3,0,108.0
10109862MOREIRAR_2025-10-05_G04,10109862MOREIRAR,2025-10-05,111722,1,330,0,1101.0
10109862MOREIRAR_2025-10-06_G02,10109862MOREIRAR,2025-10-06,111530,1,8,0,154.0
10109862MOREIRAR_2025-10-06_G03,10109862MOREIRAR,2025-10-06,111532,1,8,0,113.0
10109862MOREIRAR_2025-10-06_G04,10109862MOREIRAR,2025-10-06,141202,1,4,0,157.0
10109862MOREIRAR_2025-10-06_G05,10109862MOREIRAR,2025-10-06,118094,1,12,0,411.0
10109862MOREIRAR_2025-10-06_G06,10109862MOREIRAR,2025-10-06,110895,1,4,0,91.0
10109862MOREIRAR_2025-10-06_G07,10109862MOREIRAR,2025-10-06,111465,1,6,0,2019.0
10109862MOREIRAR_2025-10-06_G08,10109862MOREIRAR,2025-10-06,108361,1,4,0,715.0
10109862MOREIRAR_2025-10-06_G09,10109862MOREIRAR,2025-10-06,111442,1,2,0,498.0
10109862MOREIRAR_2025-10-06_G10,10109862MOREIRAR,2025-10-06,107629,1,4,0,284.0
10109862MOREIRAR_2025-10-06_G11,10109862MOREIRAR,2025-10-06,118140,2,14,16,453.0
10109862MOREIRAR_2025-10-06_G12,10109862MOREIRAR,2025-10-06,118140,2,11,17,71.0
10109862MOREIRAR_2025-10-06_G13,10109862MOREIRAR,2025-10-06,141140,1,12,0,2937.0
10109862MOREIRAR_2025-10-06_G14,10109862MOREIRAR,2025-10-06,111759,1,12,0,882.0
10109862MOREIRAR_2025-10-07_G02,10109862MOREIRAR,2025-10-07,111723,1,150,0,555.0
10109862MOREIRAR_2025-10-07_G04,10109862MOREIRAR,2025-10-07,118290,1,4,0,139.0
10109862MOREIRAR_2025-10-07_G05,10109862MOREIRAR,2025-10-07,140911,1,2,0,114.0
10109862MOREIRAR_2025-10-07_G06,10109862MOREIRAR,2025-10-07,111172,1,4,0,96.0
10109862MOREIRAR_2025-10-07_G07,10109862MOREIRAR,2025-10-07,110339,1,5,0,520.0
10109862MOREIRAR_2025-10-07_G08,10109862MOREIRAR,2025-10-07,110711,1,7,0,172.0
10109862MOREIRAR_2025-10-07_G09,10109862MOREIRAR,2025-10-07,118094,1,4,0,1103.0
10109862MOREIRAR_2025-10-07_G10,10109862MOREIRAR,2025-10-07,118094,1,6,0,97.0
10109862MOREIRAR_2025-10-07_G11,10109862MOREIRAR,2025-10-07,110895,1,2,0,513.0
10109862MOREIRAR_2025-10-07_G12,10109862MOREIRAR,2025-10-07,118094,1,6,0,113.0
10109862MOREIRAR_2025-10-07_G13,10109862MOREIRAR,2025-10-07,110711,1,1,0,34.0
10109862MOREIRAR_2025-10-07_G14,10109862MOREIRAR,2025-10-07,111850,1,4,0,1615.0
10109862MOREIRAR_2025-10-07_G16,10109862MOREIRAR,2025-10-07,117862,1,4,0,102.0
10109862MOREIRAR_2025-10-07_G17,10109862MOREIRAR,2025-10-07,140923,1,4,0,102.0
10109862MOREIRAR_2025-10-07_G18,10109862MOREIRAR,2025-10-07,111467,1,1,0,109.0
10109862MOREIRAR_2025-10-07_G19,10109862MOREIRAR,2025-10-07,118094,1,1,0,81.0
10109862MOREIRAR_2025-10-07_G20,10109862MOREIRAR,2025-10-07,110371,1,2,0,81.0
10109862MOREIRAR_2025-10-07_G21,10109862MOREIRAR,2025-10-07,110373,1,4,0,91.0
10109862MOREIRAR_2025-10-07_G22,10109862MOREIRAR,2025-10-07,110372,1,9,0,158.0
10109862MOREIRAR_2025-10-07_G23,10109862MOREIRAR,2025-10-07,111446,1,7,0,453.0
10109862MOREIRAR_2025-10-07_G24,10109862MOREIRAR,2025-10-07,110129,1,4,0,60.0
10109862MOREIRAR_2025-10-07_G25,10109862MOREIRAR,2025-10-07,140922,1,5,0,228.0
10109862MOREIRAR_2025-10-07_G26,10109862MOREIRAR,2025-10-07,111348,1,5,0,56.0
10109862MOREIRAR_2025-10-07_G27,10109862MOREIRAR,2025-10-07,111743,1,2,0,31.0
10109862MOREIRAR_2025-10-07_G28,10109862MOREIRAR,2025-10-07,109645,1,1,0,73.0
10109862MOREIRAR_2025-10-07_G29,10109862MOREIRAR,2025-10-07,141457,1,2,0,64.0
10109862MOREIRAR_2025-10-07_G30,10109862MOREIRAR,2025-10-07,117833,1,3,0,94.0
10109862MOREIRAR_2025-10-07_G31,10109862MOREIRAR,2025-10-07,"117831, 141271",2,5,28,85.0
10109862MOREIRAR_2025-10-07_G32,10109862MOREIRAR,2025-10-07,111468,1,1,0,44.0
10109862MOREIRAR_2025-10-07_G33,10109862MOREIRAR,2025-10-07,110754,1,14,0,167.0
10109862MOREIRAR_2025-10-07_G34,10109862MOREIRAR,2025-10-07,111446,1,4,0,193.0
10109862MOREIRAR_2025-10-07_G35,10109862MOREIRAR,2025-10-07,110756,1,12,0,1046.0
10109862MOREIRAR_2025-10-07_G36,10109862MOREIRAR,2025-10-07,110749,1,8,0,112.0
10109862MOREIRAR_2025-10-07_G37,10109862MOREIRAR,2025-10-07,110765,1,2,0,194.0
10109862MOREIRAR_2025-10-07_G38,10109862MOREIRAR,2025-10-07,110747,1,54,0,471.0
10109862MOREIRAR_2025-10-07_G39,10109862MOREIRAR,2025-10-07,111444,1,8,0,178.0
10109862MOREIRAR_2025-10-07_G40,10109862MOREIRAR,2025-10-07,111462,1,93,0,131.0
10109862MOREIRAR_2025-10-08_G02,10109862MOREIRAR,2025-10-08,123822,1,50,0,1215.0
10109862MOREIRAR_2025-10-08_G03,10109862MOREIRAR,2025-10-08,122982,1,28,0,265.0
10109862MOREIRAR_2025-10-08_G04,10109862MOREIRAR,2025-10-08,122703,1,21,0,153.0
10109862MOREIRAR_2025-10-08_G06,10109862MOREIRAR,2025-10-08,117822,1,4,0,120.0
10109862MOREIRAR_2025-10-08_G07,10109862MOREIRAR,2025-10-08,111876,1,6,0,327.0
10109862MOREIRAR_2025-10-08_G08,10109862MOREIRAR,2025-10-08,110741,1,1,0,45.0
10109862MOREIRAR_2025-10-08_G09,10109862MOREIRAR,2025-10-08,110711,2,84,22,109.0
10109862MOREIRAR_2025-10-08_G10,10109862MOREIRAR,2025-10-08,105705,1,10,0,396.0
10109862MOREIRAR_2025-10-08_G11,10109862MOREIRAR,2025-10-08,111443,1,2,0,121.0
10109862MOREIRAR_2025-10-08_G12,10109862MOREIRAR,2025-10-08,110740,1,4,0,39.0
10109862MOREIRAR_2025-10-08_G13,10109862MOREIRAR,2025-10-08,111743,1,5,0,57.0
10109862MOREIRAR_2025-10-08_G14,10109862MOREIRAR,2025-10-08,111467,1,3,0,90.0
10109862MOREIRAR_2025-10-08_G15,10109862MOREIRAR,2025-10-08,117833,1,4,0,86.0
10109862MOREIRAR_2025-10-08_G16,10109862MOREIRAR,2025-10-08,141271,1,4,0,110.0
10109862MOREIRAR_2025-10-08_G17,10109862MOREIRAR,2025-10-08,111468,1,2,0,64.0
10109862MOREIRAR_2025-10-08_G18,10109862MOREIRAR,2025-10-08,110582,1,4,0,289.0
10109862MOREIRAR_2025-10-08_G19,10109862MOREIRAR,2025-10-08,140923,1,2,0,111.0
10109862MOREIRAR_2025-10-08_G20,10109862MOREIRAR,2025-10-08,110374,1,3,0,107.0
10109862MOREIRAR_2025-10-08_G21,10109862MOREIRAR,2025-10-08,141456,1,6,0,81.0
10109862MOREIRAR_2025-10-08_G22,10109862MOREIRAR,2025-10-08,111418,1,18,0,194.0
10109862MOREIRAR_2025-10-08_G23,10109862MOREIRAR,2025-10-08,117965,1,2,0,65.0
10109862MOREIRAR_2025-10-08_G24,10109862MOREIRAR,2025-10-08,110339,1,1,0,118.0
10109862MOREIRAR_2025-10-08_G25,10109862MOREIRAR,2025-10-08,110372,1,6,0,41.0
10109862MOREIRAR_2025-10-08_G26,10109862MOREIRAR,2025-10-08,111467,1,1,0,72.0
10109862MOREIRAR_2025-10-08_G27,10109862MOREIRAR,2025-10-08,141457,1,5,0,134.0
10109862MOREIRAR_2025-10-08_G28,10109862MOREIRAR,2025-10-08,141458,1,7,0,91.0
10109862MOREIRAR_2025-10-08_G29,10109862MOREIRAR,2025-10-08,110372,1,2,0,339.0
10109862MOREIRAR_2025-10-08_G30,10109862MOREIRAR,2025-10-08,118140,1,8,0,153.0
10109862MOREIRAR_2025-10-08_G31,10109862MOREIRAR,2025-10-08,110711,1,16,0,196.0
10109862MOREIRAR_2025-10-08_G32,10109862MOREIRAR,2025-10-08,141823,1,6,0,182.0
10109862MOREIRAR_2025-10-08_G33,10109862MOREIRAR,2025-10-08,110711,1,8,0,159.0
10109862MOREIRAR_2025-10-08_G34,10109862MOREIRAR,2025-10-08,117820,1,3,0,155.0
10109862MOREIRAR_2025-10-08_G35,10109862MOREIRAR,2025-10-08,117935,1,2,0,1306.0
10109862MOREIRAR_2025-10-08_G36,10109862MOREIRAR,2025-10-08,141456,1,6,0,209.0
10109862MOREIRAR_2025-10-08_G37,10109862MOREIRAR,2025-10-08,111418,1,8,0,112.0
10109862MOREIRAR_2025-10-08_G38,10109862MOREIRAR,2025-10-08,111532,1,2,0,97.0
10109862MOREIRAR_2025-10-08_G39,10109862MOREIRAR,2025-10-08,111462,1,6,0,112.0
10109862MOREIRAR_2025-10-08_G40,10109862MOREIRAR,2025-10-08,116241,1,2,0,49.0
10109862MOREIRAR_2025-10-08_G41,10109862MOREIRAR,2025-10-08,140922,1,8,0,228.0
10109862MOREIRAR_2025-10-08_G42,10109862MOREIRAR,2025-10-08,117831,1,6,0,96.0
10109862MOREIRAR_2025-10-08_G43,10109862MOREIRAR,2025-10-08,118094,1,1,0,363.0
10109862MOREIRAR_2025-10-08_G44,10109862MOREIRAR,2025-10-08,117837,1,2,0,73.0
10109862MOREIRAR_2025-10-08_G45,10109862MOREIRAR,2025-10-08,111418,1,2,0,35.0
10109862MOREIRAR_2025-10-08_G46,10109862MOREIRAR,2025-10-08,109643,1,4,0,166.0
10109862MOREIRAR_2025-10-08_G47,10109862MOREIRAR,2025-10-08,117832,1,4,0,87.0
10109862MOREIRAR_2025-10-08_G48,10109862MOREIRAR,2025-10-08,117808,1,6,0,102.0
10109862MOREIRAR_2025-10-08_G49,10109862MOREIRAR,2025-10-08,110372,1,7,0,57.0
10109862MOREIRAR_2025-10-08_G50,10109862MOREIRAR,2025-10-08,111462,1,2,0,44.0
10109862MOREIRAR_2025-10-08_G51,10109862MOREIRAR,2025-10-08,141202,1,3,0,96.0
10109862MOREIRAR_2025-10-08_G52,10109862MOREIRAR,2025-10-08,118299,1,5,0,240.0
10109862MOREIRAR_2025-10-08_G53,10109862MOREIRAR,2025-10-08,109643,1,4,0,801.0
10109862MOREIRAR_2025-10-09_G02,10109862MOREIRAR,2025-10-09,110372,1,12,0,116.0
10109862MOREIRAR_2025-10-09_G03,10109862MOREIRAR,2025-10-09,117820,1,1,0,85.0
10109862MOREIRAR_2025-10-09_G04,10109862MOREIRAR,2025-10-09,117808,1,9,0,563.0
10109862MOREIRAR_2025-10-09_G05,10109862MOREIRAR,2025-10-09,110372,1,7,0,459.0
10109862MOREIRAR_2025-10-09_G06,10109862MOREIRAR,2025-10-09,110325,1,2,0,287.0
10109862MOREIRAR_2025-10-09_G07,10109862MOREIRAR,2025-10-09,117809,1,4,0,237.0
10109862MOREIRAR_2025-10-09_G08,10109862MOREIRAR,2025-10-09,109643,1,1,0,184.0
10109862MOREIRAR_2025-10-09_G09,10109862MOREIRAR,2025-10-09,111463,1,600,0,2497.0
10109862MOREIRAR_2025-10-09_G10,10109862MOREIRAR,2025-10-09,124592,1,20,0,551.0
10109862MOREIRAR_2025-10-09_G11,10109862MOREIRAR,2025-10-09,108711,1,250,0,497.0
10109862MOREIRAR_2025-10-09_G12,10109862MOREIRAR,2025-10-09,111743,1,30,0,499.0
10109862MOREIRAR_2025-10-09_G14,10109862MOREIRAR,2025-10-09,110742,1,2,0,102.0
10109862MOREIRAR_2025-10-09_G15,10109862MOREIRAR,2025-10-09,111445,1,8,0,264.0
10109862MOREIRAR_2025-10-09_G16,10109862MOREIRAR,2025-10-09,110755,1,4,0,70.0
10109862MOREIRAR_2025-10-09_G17,10109862MOREIRAR,2025-10-09,110895,1,4,0,213.0
10109862MOREIRAR_2025-10-09_G18,10109862MOREIRAR,2025-10-09,111655,1,6,0,92.0
10109862MOREIRAR_2025-10-09_G19,10109862MOREIRAR,2025-10-09,110747,1,8,0,156.0
10109862MOREIRAR_2025-10-09_G20,10109862MOREIRAR,2025-10-09,111660,1,18,0,252.0
10109862MOREIRAR_2025-10-09_G21,10109862MOREIRAR,2025-10-09,108772,1,4,0,310.0
10109862MOREIRAR_2025-10-09_G22,10109862MOREIRAR,2025-10-09,117855,1,2,0,194.0
10109862MOREIRAR_2025-10-09_G23,10109862MOREIRAR,2025-10-09,140923,2,11,7,86.0
10109862MOREIRAR_2025-10-09_G24,10109862MOREIRAR,2025-10-09,111530,1,22,0,198.0
10109862MOREIRAR_2025-10-09_G25,10109862MOREIRAR,2025-10-09,110711,1,10,0,303.0
10109862MOREIRAR_2025-10-09_G26,10109862MOREIRAR,2025-10-09,110339,1,20,0,214.0
10109862MOREIRAR_2025-10-09_G27,10109862MOREIRAR,2025-10-09,111602,1,13,0,184.0
10109862MOREIRAR_2025-10-09_G28,10109862MOREIRAR,2025-10-09,118094,1,3,0,71.0
10109862MOREIRAR_2025-10-09_G29,10109862MOREIRAR,2025-10-09,110373,1,2,0,88.0
10109862MOREIRAR_2025-10-09_G30,10109862MOREIRAR,2025-10-09,110372,1,2,0,47.0
10109862MOREIRAR_2025-10-09_G31,10109862MOREIRAR,2025-10-09,118299,1,2,0,91.0
10109862MOREIRAR_2025-10-09_G32,10109862MOREIRAR,2025-10-09,111463,1,2,0,218.0
10109862MOREIRAR_2025-10-09_G33,10109862MOREIRAR,2025-10-09,111466,1,2,0,44.0
10109862MOREIRAR_2025-10-09_G34,10109862MOREIRAR,2025-10-09,111418,1,38,0,146.0
10109862MOREIRAR_2025-10-09_G35,10109862MOREIRAR,2025-10-09,111743,1,3,0,1871.0
10109862MOREIRAR_2025-10-09_G36,10109862MOREIRAR,2025-10-09,111435,1,3,0,85.0
10109862MOREIRAR_2025-10-09_G37,10109862MOREIRAR,2025-10-09,111532,1,16,0,171.0
10109862MOREIRAR_2025-10-09_G38,10109862MOREIRAR,2025-10-09,109641,1,20,0,495.0
10109862MOREIRAR_2025-10-09_G39,10109862MOREIRAR,2025-10-09,109643,1,8,0,511.0
10109862MOREIRAR_2025-10-09_G40,10109862MOREIRAR,2025-10-09,"105705, 111433, 111418, 110740, 108711, 111348",6,88,98,191.0
10109862MOREIRAR_2025-10-09_G41,10109862MOREIRAR,2025-10-09,"111435, 111532",2,11,20,43.0
10109862MOREIRAR_2025-10-09_G42,10109862MOREIRAR,2025-10-09,141823,1,6,0,40.0
10109862MOREIRAR_2025-10-10_G02,10109862MOREIRAR,2025-10-10,141035,1,2,0,95.0
10109862MOREIRAR_2025-10-10_G03,10109862MOREIRAR,2025-10-10,106179,1,1,0,163.0
10109862MOREIRAR_2025-10-10_G04,10109862MOREIRAR,2025-10-10,141066,1,6,0,182.0
10109862MOREIRAR_2025-10-10_G05,10109862MOREIRAR,2025-10-10,111463,1,6,0,105.0
10109862MOREIRAR_2025-10-10_G06,10109862MOREIRAR,2025-10-10,111530,1,3,0,97.0
10109862MOREIRAR_2025-10-10_G07,10109862MOREIRAR,2025-10-10,110740,1,1,0,49.0
10109862MOREIRAR_2025-10-10_G08,10109862MOREIRAR,2025-10-10,110733,1,4,0,65.0
10109862MOREIRAR_2025-10-10_G09,10109862MOREIRAR,2025-10-10,111743,1,4,0,49.0
10109862MOREIRAR_2025-10-10_G10,10109862MOREIRAR,2025-10-10,103360,1,2,0,91.0
10109862MOREIRAR_2025-10-10_G11,10109862MOREIRAR,2025-10-10,110373,1,3,0,70.0
10109862MOREIRAR_2025-10-10_G12,10109862MOREIRAR,2025-10-10,111466,1,6,0,99.0
10109862MOREIRAR_2025-10-10_G13,10109862MOREIRAR,2025-10-10,118299,1,4,0,64.0
10109862MOREIRAR_2025-10-10_G14,10109862MOREIRAR,2025-10-10,110376,1,4,0,95.0
10109862MOREIRAR_2025-10-10_G15,10109862MOREIRAR,2025-10-10,110623,1,3,0,87.0
10109862MOREIRAR_2025-10-10_G16,10109862MOREIRAR,2025-10-10,118094,1,4,0,94.0
10109862MOREIRAR_2025-10-10_G17,10109862MOREIRAR,2025-10-10,117833,1,8,0,171.0
10109862MOREIRAR_2025-10-10_G18,10109862MOREIRAR,2025-10-10,118140,1,3,0,75.0
10109862MOREIRAR_2025-10-10_G19,10109862MOREIRAR,2025-10-10,"110745, 111468",2,5,22,46.0
10109862MOREIRAR_2025-10-10_G20,10109862MOREIRAR,2025-10-10,110332,1,4,0,152.0
10109862MOREIRAR_2025-10-10_G21,10109862MOREIRAR,2025-10-10,118140,1,2,0,129.0
10109862MOREIRAR_2025-10-10_G22,10109862MOREIRAR,2025-10-10,111569,1,7,0,298.0
10109862MOREIRAR_2025-10-10_G23,10109862MOREIRAR,2025-10-10,117855,1,4,0,309.0
10109862MOREIRAR_2025-10-10_G24,10109862MOREIRAR,2025-10-10,107629,1,2,0,89.0
10109862MOREIRAR_2025-10-10_G25,10109862MOREIRAR,2025-10-10,111530,1,10,0,64.0
10109862MOREIRAR_2025-10-10_G26,10109862MOREIRAR,2025-10-10,117862,1,4,0,42.0
10109862MOREIRAR_2025-10-10_G27,10109862MOREIRAR,2025-10-10,110733,1,4,0,56.0
10109862MOREIRAR_2025-10-10_G28,10109862MOREIRAR,2025-10-10,117856,1,2,0,941.0
10109862MOREIRAR_2025-10-10_G29,10109862MOREIRAR,2025-10-10,111418,1,8,0,106.0
10109862MOREIRAR_2025-10-10_G30,10109862MOREIRAR,2025-10-10,117808,1,9,0,94.0
10109862MOREIRAR_2025-10-10_G31,10109862MOREIRAR,2025-10-10,110372,1,5,0,114.0
10109862MOREIRAR_2025-10-10_G32,10109862MOREIRAR,2025-10-10,118299,1,16,0,340.0
10109862MOREIRAR_2025-10-10_G33,10109862MOREIRAR,2025-10-10,118306,1,2,0,599.0
10109862MOREIRAR_2025-10-10_G34,10109862MOREIRAR,2025-10-10,141318,1,2,0,100.0
10109862MOREIRAR_2025-10-10_G35,10109862MOREIRAR,2025-10-10,111530,1,4,0,115.0
10109862MOREIRAR_2025-10-10_G36,10109862MOREIRAR,2025-10-10,117935,1,1,0,47.0
10109862MOREIRAR_2025-10-10_G37,10109862MOREIRAR,2025-10-10,109640,1,1,0,110.0
10109862MOREIRAR_2025-10-10_G38,10109862MOREIRAR,2025-10-10,141456,1,8,0,140.0
10109862MOREIRAR_2025-10-10_G39,10109862MOREIRAR,2025-10-10,117808,1,18,0,233.0
10109862MOREIRAR_2025-10-10_G40,10109862MOREIRAR,2025-10-10,111418,1,9,0,179.0
10109862MOREIRAR_2025-10-10_G41,10109862MOREIRAR,2025-10-10,117832,1,4,0,100.0
10109862MOREIRAR_2025-10-10_G42,10109862MOREIRAR,2025-10-10,108798,1,4,0,59.0
10109862MOREIRAR_2025-10-10_G43,10109862MOREIRAR,2025-10-10,141823,1,4,0,52.0
10109862MOREIRAR_2025-10-10_G44,10109862MOREIRAR,2025-10-10,111469,1,3,0,73.0
10109862MOREIRAR_2025-10-10_G45,10109862MOREIRAR,2025-10-10,141457,1,8,0,126.0
10109862MOREIRAR_2025-10-10_G46,10109862MOREIRAR,2025-10-10,110376,1,4,0,52.0
10109862MOREIRAR_2025-10-10_G47,10109862MOREIRAR,2025-10-10,117820,1,2,0,49.0
10109862MOREIRAR_2025-10-10_G48,10109862MOREIRAR,2025-10-10,117809,1,2,0,88.0
10109862MOREIRAR_2025-10-10_G49,10109862MOREIRAR,2025-10-10,117831,1,4,0,66.0
10109862MOREIRAR_2025-10-10_G50,10109862MOREIRAR,2025-10-10,117965,1,2,0,420.0
10109862MOREIRAR_2025-10-10_G51,10109862MOREIRAR,2025-10-10,109643,1,2,0,144.0
10109862MOREIRAR_2025-10-10_G52,10109862MOREIRAR,2025-10-10,"110373, 117832",2,6,20,71.0
10109862MOREIRAR_2025-10-10_G54,10109862MOREIRAR,2025-10-10,122962,1,10,0,113.0
10109862MOREIRAR_2025-10-10_G55,10109862MOREIRAR,2025-10-10,122984,1,10,0,154.0
10109862MOREIRAR_2025-10-10_G56,10109862MOREIRAR,2025-10-10,181237,1,4,0,482.0
10109862MOREIRAR_2025-10-10_G57,10109862MOREIRAR,2025-10-10,122984,1,10,0,186.0
10109862MOREIRAR_2025-10-10_G58,10109862MOREIRAR,2025-10-10,122962,1,30,0,303.0
10109862MOREIRAR_2025-10-10_G59,10109862MOREIRAR,2025-10-10,181237,1,6,0,359.0
10109862MOREIRAR_2025-10-10_G60,10109862MOREIRAR,2025-10-10,123344,1,7,0,815.0
10109862MOREIRAR_2025-10-10_G61,10109862MOREIRAR,2025-10-10,124477,1,4,0,67.0
10109862MOREIRAR_2025-10-10_G62,10109862MOREIRAR,2025-10-10,123909,1,8,0,129.0
10109862MOREIRAR_2025-10-10_G63,10109862MOREIRAR,2025-10-10,124476,1,12,0,222.0
10109862MOREIRAR_2025-10-10_G64,10109862MOREIRAR,2025-10-10,121651,1,12,0,267.0
10109862MOREIRAR_2025-10-10_G65,10109862MOREIRAR,2025-10-10,124371,1,8,0,122.0
10109862MOREIRAR_2025-10-10_G66,10109862MOREIRAR,2025-10-10,123345,1,20,0,186.0
10109862MOREIRAR_2025-10-10_G67,10109862MOREIRAR,2025-10-10,123313,1,4,0,66.0
10109862MOREIRAR_2025-10-10_G68,10109862MOREIRAR,2025-10-10,123344,1,8,0,122.0
10109862MOREIRAR_2025-10-10_G69,10109862MOREIRAR,2025-10-10,124477,1,8,0,139.0
10109862MOREIRAR_2025-10-10_G70,10109862MOREIRAR,2025-10-10,123909,1,4,0,151.0
10109862MOREIRAR_2025-10-10_G71,10109862MOREIRAR,2025-10-10,121760,1,5,0,86.0
10109862MOREIRAR_2025-10-10_G72,10109862MOREIRAR,2025-10-10,122984,1,10,0,157.0
10109862MOREIRAR_2025-10-10_G73,10109862MOREIRAR,2025-10-10,122185,1,14,0,306.0
10109862MOREIRAR_2025-10-10_G74,10109862MOREIRAR,2025-10-10,122982,1,8,0,127.0
10109862MOREIRAR_2025-10-10_G75,10109862MOREIRAR,2025-10-10,123345,1,6,0,65.0
10109862MOREIRAR_2025-10-10_G76,10109862MOREIRAR,2025-10-10,123343,1,6,0,173.0
10109862MOREIRAR_2025-10-10_G77,10109862MOREIRAR,2025-10-10,111430,1,4,0,1321.0
10109862MOREIRAR_2025-10-10_G78,10109862MOREIRAR,2025-10-10,140923,1,2,0,47.0
10109862MOREIRAR_2025-10-10_G79,10109862MOREIRAR,2025-10-10,109643,1,2,0,91.0
10109862MOREIRAR_2025-10-10_G80,10109862MOREIRAR,2025-10-10,141823,1,5,0,72.0
10109862MOREIRAR_2025-10-10_G81,10109862MOREIRAR,2025-10-10,110373,1,8,0,62.0
10109862MOREIRAR_2025-10-10_G82,10109862MOREIRAR,2025-10-10,117808,1,4,0,44.0
10109862MOREIRAR_2025-10-10_G83,10109862MOREIRAR,2025-10-10,108794,1,1,0,56.0
10109862MOREIRAR_2025-10-10_G84,10109862MOREIRAR,2025-10-10,111466,1,6,0,64.0
10109862MOREIRAR_2025-10-10_G85,10109862MOREIRAR,2025-10-10,111465,1,4,0,57.0
10109862MOREIRAR_2025-10-10_G86,10109862MOREIRAR,2025-10-10,111430,2,6,19,226.0
10109862MOREIRAR_2025-10-10_G87,10109862MOREIRAR,2025-10-10,100334,1,4,0,60.0
10109862MOREIRAR_2025-10-10_G88,10109862MOREIRAR,2025-10-10,108772,1,4,0,266.0
10109862MOREIRAR_2025-10-10_G89,10109862MOREIRAR,2025-10-10,140923,1,4,0,139.0
10109862MOREIRAR_2025-10-10_G90,10109862MOREIRAR,2025-10-10,111530,1,2,0,72.0
10109862MOREIRAR_2025-10-10_G91,10109862MOREIRAR,2025-10-10,110711,1,2,0,55.0
10109862MOREIRAR_2025-10-10_G92,10109862MOREIRAR,2025-10-10,110711,1,6,0,81.0
10109862MOREIRAR_2025-10-10_G93,10109862MOREIRAR,2025-10-10,109643,1,6,0,57.0
10109862MOREIRAR_2025-10-10_G94,10109862MOREIRAR,2025-10-10,117862,1,1,0,32.0
10109862MOREIRAR_2025-10-10_G95,10109862MOREIRAR,2025-10-10,111532,1,2,0,84.0
10109862MOREIRAR_2025-10-10_G96,10109862MOREIRAR,2025-10-10,110373,1,2,0,33.0
10109862MOREIRAR_2025-10-10_G97,10109862MOREIRAR,2025-10-10,117808,1,11,0,65.0
10109862MOREIRAR_2025-10-10_G98,10109862MOREIRAR,2025-10-10,"117832, 111466",2,6,21,50.0
10109862MOREIRAR_2025-10-10_G99,10109862MOREIRAR,2025-10-10,111465,1,2,0,46.0
10109862MOREIRAR_2025-10-10_G100,10109862MOREIRAR,2025-10-10,140922,1,4,0,84.0
10109862MOREIRAR_2025-10-10_G101,10109862MOREIRAR,2025-10-10,117820,1,2,0,38.0
10109862MOREIRAR_2025-10-10_G102,10109862MOREIRAR,2025-10-10,110325,1,8,0,65.0
10109862MOREIRAR_2025-10-10_G103,10109862MOREIRAR,2025-10-10,141823,1,2,0,320.0
10109862MOREIRAR_2025-10-10_G104,10109862MOREIRAR,2025-10-10,109643,1,4,0,65.0
10109862MOREIRAR_2025-10-10_G105,10109862MOREIRAR,2025-10-10,110371,1,6,0,61.0
10109862MOREIRAR_2025-10-10_G106,10109862MOREIRAR,2025-10-10,110373,1,2,0,70.0
10109862MOREIRAR_2025-10-10_G107,10109862MOREIRAR,2025-10-10,117832,1,9,0,278.0
10109862MOREIRAR_2025-10-10_G108,10109862MOREIRAR,2025-10-10,110752,1,4,0,157.0
10109862MOREIRAR_2025-10-10_G109,10109862MOREIRAR,2025-10-10,117820,1,2,0,64.0
10109862MOREIRAR_2025-10-11_G02,10109862MOREIRAR,2025-10-11,117832,1,31,0,282.0
10109862MOREIRAR_2025-10-11_G03,10109862MOREIRAR,2025-10-11,118299,1,70,0,448.0
10109862MOREIRAR_2025-10-11_G04,10109862MOREIRAR,2025-10-11,118299,1,950,0,1449.0
10109862MOREIRAR_2025-10-11_G05,10109862MOREIRAR,2025-10-11,141202,1,2,0,136.0
10109862MOREIRAR_2025-10-11_G06,10109862MOREIRAR,2025-10-11,117808,1,60,0,422.0
10109862MOREIRAR_2025-10-11_G07,10109862MOREIRAR,2025-10-11,117809,1,40,0,403.0
10109862MOREIRAR_2025-10-11_G08,10109862MOREIRAR,2025-10-11,"107629, 110711, 117965, 110733, 111879",5,21,77,171.0
10109862MOREIRAR_2025-10-13_G02,10109862MOREIRAR,2025-10-13,118442,1,6,0,246.0
10109862MOREIRAR_2025-10-13_G03,10109862MOREIRAR,2025-10-13,111120,1,2,0,165.0
10109862MOREIRAR_2025-10-13_G04,10109862MOREIRAR,2025-10-13,140923,1,150,0,1070.0
10109862MOREIRAR_2025-10-13_G05,10109862MOREIRAR,2025-10-13,110750,1,11,0,583.0
10109862MOREIRAR_2025-10-13_G06,10109862MOREIRAR,2025-10-13,108772,1,12,0,245.0
10109862MOREIRAR_2025-10-13_G07,10109862MOREIRAR,2025-10-13,110753,1,4,0,360.0
10109862MOREIRAR_2025-10-13_G08,10109862MOREIRAR,2025-10-13,111463,1,380,0,1815.0
10109862MOREIRAR_2025-10-13_G09,10109862MOREIRAR,2025-10-13,109974,1,1,0,837.0
10109862MOREIRAR_2025-10-13_G10,10109862MOREIRAR,2025-10-13,111440,1,4,0,203.0
10109862MOREIRAR_2025-10-13_G11,10109862MOREIRAR,2025-10-13,117834,1,4,0,243.0
10109862MOREIRAR_2025-10-13_G12,10109862MOREIRAR,2025-10-13,141318,1,2,0,71.0
10109862MOREIRAR_2025-10-13_G13,10109862MOREIRAR,2025-10-13,110747,1,12,0,437.0
10109862MOREIRAR_2025-10-13_G14,10109862MOREIRAR,2025-10-13,140923,1,250,0,387.0
10109862MOREIRAR_2025-10-13_G15,10109862MOREIRAR,2025-10-13,117853,1,10,0,1247.0
10109862MOREIRAR_2025-10-13_G16,10109862MOREIRAR,2025-10-13,117935,1,20,0,176.0
10109862MOREIRAR_2025-10-13_G17,10109862MOREIRAR,2025-10-13,117935,1,61,0,38.0
10109862MOREIRAR_2025-10-13_G18,10109862MOREIRAR,2025-10-13,118094,1,20,0,753.0
10109862MOREIRAR_2025-10-13_G19,10109862MOREIRAR,2025-10-13,111467,1,20,0,147.0
10109862MOREIRAR_2025-10-14_G02,10109862MOREIRAR,2025-10-14,110711,1,4,0,171.0
10109862MOREIRAR_2025-10-14_G03,10109862MOREIRAR,2025-10-14,117862,1,6,0,107.0
10109862MOREIRAR_2025-10-14_G04,10109862MOREIRAR,2025-10-14,111660,1,8,0,121.0
10109862MOREIRAR_2025-10-14_G05,10109862MOREIRAR,2025-10-14,118222,1,8,0,135.0
10109862MOREIRAR_2025-10-14_G06,10109862MOREIRAR,2025-10-14,117832,1,1,0,123.0
10109862MOREIRAR_2025-10-14_G07,10109862MOREIRAR,2025-10-14,111530,1,26,0,192.0
10109862MOREIRAR_2025-10-14_G08,10109862MOREIRAR,2025-10-14,111602,1,4,0,88.0
10109862MOREIRAR_2025-10-14_G09,10109862MOREIRAR,2025-10-14,109641,1,10,0,996.0
10109862MOREIRAR_2025-10-14_G10,10109862MOREIRAR,2025-10-14,111182,1,5,0,63.0
10109862MOREIRAR_2025-10-14_G11,10109862MOREIRAR,2025-10-14,117821,1,4,0,71.0
10109862MOREIRAR_2025-10-14_G12,10109862MOREIRAR,2025-10-14,117831,1,6,0,60.0
10109862MOREIRAR_2025-10-14_G13,10109862MOREIRAR,2025-10-14,141458,1,4,0,170.0
10109862MOREIRAR_2025-10-14_G14,10109862MOREIRAR,2025-10-14,"107236, 109641",2,4,24,138.0
10109862MOREIRAR_2025-10-14_G15,10109862MOREIRAR,2025-10-14,117820,1,19,0,166.0
10109862MOREIRAR_2025-10-14_G16,10109862MOREIRAR,2025-10-14,111467,1,4,0,426.0
10109862MOREIRAR_2025-10-14_G17,10109862MOREIRAR,2025-10-14,105705,1,4,0,180.0
10109862MOREIRAR_2025-10-14_G18,10109862MOREIRAR,2025-10-14,110740,1,4,0,134.0
10109862MOREIRAR_2025-10-14_G19,10109862MOREIRAR,2025-10-14,111463,1,10,0,123.0
10109862MOREIRAR_2025-10-14_G20,10109862MOREIRAR,2025-10-14,111466,1,6,0,146.0
10109862MOREIRAR_2025-10-14_G21,10109862MOREIRAR,2025-10-14,109640,1,8,0,238.0
10109862MOREIRAR_2025-10-14_G22,10109862MOREIRAR,2025-10-14,111182,1,4,0,72.0
10109862MOREIRAR_2025-10-14_G23,10109862MOREIRAR,2025-10-14,117785,1,8,0,74.0
10109862MOREIRAR_2025-10-14_G24,10109862MOREIRAR,2025-10-14,140922,7,46,75,93.0
10109862MOREIRAR_2025-10-14_G25,10109862MOREIRAR,2025-10-14,117808,1,4,0,353.0
10109862MOREIRAR_2025-10-14_G26,10109862MOREIRAR,2025-10-14,117820,2,8,9,60.0
10109862MOREIRAR_2025-10-14_G27,10109862MOREIRAR,2025-10-14,111469,1,4,0,291.0
10109862MOREIRAR_2025-10-14_G28,10109862MOREIRAR,2025-10-14,110372,1,2,0,119.0
10109862MOREIRAR_2025-10-14_G29,10109862MOREIRAR,2025-10-14,117855,1,2,0,3281.0
10109862MOREIRAR_2025-10-14_G30,10109862MOREIRAR,2025-10-14,111418,1,4,0,115.0
10109862MOREIRAR_2025-10-14_G31,10109862MOREIRAR,2025-10-14,110711,1,1,0,107.0
10109862MOREIRAR_2025-10-14_G32,10109862MOREIRAR,2025-10-14,"108711, 117832",2,6,23,34.0
10109862MOREIRAR_2025-10-14_G33,10109862MOREIRAR,2025-10-14,111435,1,2,0,46.0
10109862MOREIRAR_2025-10-14_G34,10109862MOREIRAR,2025-10-14,111532,1,3,0,33.0
10109862MOREIRAR_2025-10-14_G35,10109862MOREIRAR,2025-10-14,110371,1,5,0,86.0
10109862MOREIRAR_2025-10-14_G36,10109862MOREIRAR,2025-10-14,118299,1,7,0,106.0
10109862MOREIRAR_2025-10-14_G37,10109862MOREIRAR,2025-10-14,108772,1,4,0,66.0
10109862MOREIRAR_2025-10-14_G38,10109862MOREIRAR,2025-10-14,110376,1,1,0,58.0
10109862MOREIRAR_2025-10-14_G39,10109862MOREIRAR,2025-10-14,118222,2,6,6,276.0
10109862MOREIRAR_2025-10-14_G40,10109862MOREIRAR,2025-10-14,117855,1,4,0,113.0
10109862MOREIRAR_2025-10-14_G41,10109862MOREIRAR,2025-10-14,140923,1,4,0,98.0
10109862MOREIRAR_2025-10-14_G42,10109862MOREIRAR,2025-10-14,118140,1,4,0,88.0
10109862MOREIRAR_2025-10-14_G43,10109862MOREIRAR,2025-10-14,111418,1,4,0,44.0
10109862MOREIRAR_2025-10-14_G44,10109862MOREIRAR,2025-10-14,111530,1,4,0,103.0
10109862MOREIRAR_2025-10-14_G45,10109862MOREIRAR,2025-10-14,117862,1,2,0,135.0
10109862MOREIRAR_2025-10-14_G46,10109862MOREIRAR,2025-10-14,117831,1,2,0,109.0
10109862MOREIRAR_2025-10-14_G47,10109862MOREIRAR,2025-10-14,111602,1,3,0,49.0
10109862MOREIRAR_2025-10-14_G48,10109862MOREIRAR,2025-10-14,141458,1,4,0,54.0
10109862MOREIRAR_2025-10-14_G49,10109862MOREIRAR,2025-10-14,140922,1,4,0,109.0
10109862MOREIRAR_2025-10-14_G50,10109862MOREIRAR,2025-10-14,111532,1,8,0,110.0
10109862MOREIRAR_2025-10-14_G51,10109862MOREIRAR,2025-10-14,111743,1,4,0,140.0
10109862MOREIRAR_2025-10-14_G52,10109862MOREIRAR,2025-10-14,110372,1,12,0,265.0
10109862MOREIRAR_2025-10-14_G53,10109862MOREIRAR,2025-10-14,110373,1,4,0,91.0
10109862MOREIRAR_2025-10-14_G54,10109862MOREIRAR,2025-10-14,117808,1,20,0,38.0
10109862MOREIRAR_2025-10-14_G55,10109862MOREIRAR,2025-10-14,"110371, 118299",2,5,24,91.0
10109862MOREIRAR_2025-10-14_G56,10109862MOREIRAR,2025-10-14,110325,1,4,0,46.0
10109862MOREIRAR_2025-10-14_G58,10109862MOREIRAR,2025-10-14,110742,1,8,0,163.0
10109862MOREIRAR_2025-10-14_G59,10109862MOREIRAR,2025-10-14,111660,1,8,0,148.0
10109862MOREIRAR_2025-10-14_G60,10109862MOREIRAR,2025-10-14,118222,1,3,0,1210.0
10109862MOREIRAR_2025-10-14_G61,10109862MOREIRAR,2025-10-14,118222,1,100,0,306.0
10109862MOREIRAR_2025-10-14_G62,10109862MOREIRAR,2025-10-14,107629,1,3,0,265.0
10109862MOREIRAR_2025-10-14_G63,10109862MOREIRAR,2025-10-14,110711,1,26,0,525.0
10109862MOREIRAR_2025-10-14_G64,10109862MOREIRAR,2025-10-14,110752,1,12,0,263.0
10109862MOREIRAR_2025-10-14_G65,10109862MOREIRAR,2025-10-14,110339,1,2,0,75.0
10109862MOREIRAR_2025-10-14_G66,10109862MOREIRAR,2025-10-14,"110339, 111467",2,29,27,772.0
10109862MOREIRAR_2025-10-14_G67,10109862MOREIRAR,2025-10-14,111876,1,4,0,229.0
10109862MOREIRAR_2025-10-14_G68,10109862MOREIRAR,2025-10-14,111530,1,2,0,342.0
10109862MOREIRAR_2025-10-14_G69,10109862MOREIRAR,2025-10-14,111602,1,4,0,213.0
10109862MOREIRAR_2025-10-14_G70,10109862MOREIRAR,2025-10-14,118094,1,53,0,696.0
10109862MOREIRAR_2025-10-14_G71,10109862MOREIRAR,2025-10-14,111530,1,50,0,376.0
10109862MOREIRAR_2025-10-14_G72,10109862MOREIRAR,2025-10-14,111602,1,50,0,419.0
10109862MOREIRAR_2025-10-14_G73,10109862MOREIRAR,2025-10-14,111602,1,12,0,1200.0
10109862MOREIRAR_2025-10-14_G74,10109862MOREIRAR,2025-10-14,111851,1,2,0,477.0
10109862MOREIRAR_2025-10-14_G75,10109862MOREIRAR,2025-10-14,111430,1,3,0,337.0
10109862MOREIRAR_2025-10-14_G76,10109862MOREIRAR,2025-10-14,100334,1,4,0,191.0
10109862MOREIRAR_2025-10-14_G77,10109862MOREIRAR,2025-10-14,111655,1,1,0,98.0
10109862MOREIRAR_2025-10-14_G78,10109862MOREIRAR,2025-10-14,110747,1,3,0,96.0
10109862MOREIRAR_2025-10-14_G79,10109862MOREIRAR,2025-10-14,111569,1,2,0,88.0
10109862MOREIRAR_2025-10-14_G80,10109862MOREIRAR,2025-10-14,118418,1,4,0,293.0
10109862MOREIRAR_2025-10-15_G02,10109862MOREIRAR,2025-10-15,118094,1,4,0,60.0
10109862MOREIRAR_2025-10-15_G03,10109862MOREIRAR,2025-10-15,107629,1,2,0,117.0
10109862MOREIRAR_2025-10-15_G04,10109862MOREIRAR,2025-10-15,117853,1,2,0,78.0
10109862MOREIRAR_2025-10-15_G05,10109862MOREIRAR,2025-10-15,110733,1,4,0,58.0
10109862MOREIRAR_2025-10-15_G06,10109862MOREIRAR,2025-10-15,117935,1,7,0,106.0
10109862MOREIRAR_2025-10-15_G07,10109862MOREIRAR,2025-10-15,108772,1,2,0,102.0
10109862MOREIRAR_2025-10-15_G08,10109862MOREIRAR,2025-10-15,111467,1,5,0,69.0
10109862MOREIRAR_2025-10-15_G09,10109862MOREIRAR,2025-10-15,117786,1,6,0,99.0
10109862MOREIRAR_2025-10-15_G10,10109862MOREIRAR,2025-10-15,111602,1,4,0,102.0
10109862MOREIRAR_2025-10-15_G11,10109862MOREIRAR,2025-10-15,111876,1,3,0,288.0
10109862MOREIRAR_2025-10-15_G12,10109862MOREIRAR,2025-10-15,140923,1,30,0,305.0
10109862MOREIRAR_2025-10-15_G13,10109862MOREIRAR,2025-10-15,110373,1,3,0,242.0
10109862MOREIRAR_2025-10-15_G14,10109862MOREIRAR,2025-10-15,109643,1,6,0,81.0
10109862MOREIRAR_2025-10-15_G15,10109862MOREIRAR,2025-10-15,110371,1,14,0,116.0
10109862MOREIRAR_2025-10-15_G16,10109862MOREIRAR,2025-10-15,117820,1,20,0,134.0
10109862MOREIRAR_2025-10-15_G17,10109862MOREIRAR,2025-10-15,117832,1,12,0,246.0
10109862MOREIRAR_2025-10-15_G18,10109862MOREIRAR,2025-10-15,118299,2,103,28,1437.0
10109862MOREIRAR_2025-10-15_G19,10109862MOREIRAR,2025-10-15,110376,1,4,0,1274.0
10109862MOREIRAR_2025-10-15_G20,10109862MOREIRAR,2025-10-15,141202,1,1,0,72.0
10109862MOREIRAR_2025-10-15_G21,10109862MOREIRAR,2025-10-15,117822,1,4,0,65.0
10109862MOREIRAR_2025-10-15_G22,10109862MOREIRAR,2025-10-15,110325,1,3,0,39.0
10109862MOREIRAR_2025-10-15_G23,10109862MOREIRAR,2025-10-15,111430,1,2,0,358.0
10109862MOREIRAR_2025-10-15_G24,10109862MOREIRAR,2025-10-15,111569,1,4,0,95.0
10109862MOREIRAR_2025-10-15_G25,10109862MOREIRAR,2025-10-15,118222,1,2,0,468.0
10109862MOREIRAR_2025-10-15_G26,10109862MOREIRAR,2025-10-15,118222,1,14,0,438.0
10109862MOREIRAR_2025-10-15_G27,10109862MOREIRAR,2025-10-15,140923,1,4,0,167.0
10109862MOREIRAR_2025-10-15_G29,10109862MOREIRAR,2025-10-15,109640,1,12,0,230.0
10109862MOREIRAR_2025-10-15_G30,10109862MOREIRAR,2025-10-15,111602,1,3,0,121.0
10109862MOREIRAR_2025-10-15_G31,10109862MOREIRAR,2025-10-15,111532,1,25,0,1048.0
10109862MOREIRAR_2025-10-15_G32,10109862MOREIRAR,2025-10-15,111182,1,7,0,169.0
10109862MOREIRAR_2025-10-15_G33,10109862MOREIRAR,2025-10-15,118317,1,7,0,83.0
10109862MOREIRAR_2025-10-15_G34,10109862MOREIRAR,2025-10-15,111418,1,200,0,708.0
10109862MOREIRAR_2025-10-15_G35,10109862MOREIRAR,2025-10-15,118299,1,600,0,973.0
10109862MOREIRAR_2025-10-15_G36,10109862MOREIRAR,2025-10-15,108701,1,2,0,1408.0
10109862MOREIRAR_2025-10-15_G37,10109862MOREIRAR,2025-10-15,117862,1,4,0,519.0
10109862MOREIRAR_2025-10-15_G38,10109862MOREIRAR,2025-10-15,111467,1,5,0,147.0
10109862MOREIRAR_2025-10-15_G39,10109862MOREIRAR,2025-10-15,109640,1,4,0,122.0
10109862MOREIRAR_2025-10-15_G40,10109862MOREIRAR,2025-10-15,"111530, 111602",2,7,10,94.0
10109862MOREIRAR_2025-10-15_G41,10109862MOREIRAR,2025-10-15,108795,1,4,0,289.0
10109862MOREIRAR_2025-10-15_G42,10109862MOREIRAR,2025-10-15,111418,1,7,0,151.0
10109862MOREIRAR_2025-10-15_G43,10109862MOREIRAR,2025-10-15,109641,1,6,0,158.0
10109862MOREIRAR_2025-10-15_G44,10109862MOREIRAR,2025-10-15,140922,1,4,0,162.0
10109862MOREIRAR_2025-10-15_G45,10109862MOREIRAR,2025-10-15,110745,1,4,0,101.0
10109862MOREIRAR_2025-10-15_G46,10109862MOREIRAR,2025-10-15,111468,1,6,0,132.0
10109862MOREIRAR_2025-10-16_G02,10109862MOREIRAR,2025-10-16,118299,1,70,0,468.0
10109862MOREIRAR_2025-10-16_G03,10109862MOREIRAR,2025-10-16,110339,1,4,0,366.0
10109862MOREIRAR_2025-10-16_G04,10109862MOREIRAR,2025-10-16,118299,1,100,0,2389.0
10109862MOREIRAR_2025-10-16_G05,10109862MOREIRAR,2025-10-16,117808,1,816,0,1251.0
10109862MOREIRAR_2025-10-16_G06,10109862MOREIRAR,2025-10-16,117808,1,272,0,204.0
10109862MOREIRAR_2025-10-16_G07,10109862MOREIRAR,2025-10-16,117808,1,272,0,62.0
10109862MOREIRAR_2025-10-16_G08,10109862MOREIRAR,2025-10-16,117808,1,272,0,146.0
10109862MOREIRAR_2025-10-16_G09,10109862MOREIRAR,2025-10-16,141456,1,21,0,1779.0
10109862MOREIRAR_2025-10-16_G10,10109862MOREIRAR,2025-10-16,110751,1,6,0,122.0
10109862MOREIRAR_2025-10-16_G11,10109862MOREIRAR,2025-10-16,110740,1,12,0,206.0
10109862MOREIRAR_2025-10-16_G12,10109862MOREIRAR,2025-10-16,117838,1,12,0,91.0
10109862MOREIRAR_2025-10-16_G13,10109862MOREIRAR,2025-10-16,141457,1,20,0,170.0
10109862MOREIRAR_2025-10-16_G14,10109862MOREIRAR,2025-10-16,111431,1,8,0,333.0
10109862MOREIRAR_2025-10-16_G15,10109862MOREIRAR,2025-10-16,109641,1,12,0,131.0
10109862MOREIRAR_2025-10-16_G16,10109862MOREIRAR,2025-10-16,111444,1,12,0,129.0
10109862MOREIRAR_2025-10-16_G17,10109862MOREIRAR,2025-10-16,"140922, 111468",2,13,8,104.0
10109862MOREIRAR_2025-10-16_G18,10109862MOREIRAR,2025-10-16,111348,1,8,0,614.0
10109862MOREIRAR_2025-10-16_G19,10109862MOREIRAR,2025-10-16,100334,1,4,0,323.0
10109862MOREIRAR_2025-10-16_G20,10109862MOREIRAR,2025-10-16,110582,1,4,0,132.0
10109862MOREIRAR_2025-10-16_G21,10109862MOREIRAR,2025-10-16,118290,1,8,0,106.0
10109862MOREIRAR_2025-10-16_G22,10109862MOREIRAR,2025-10-16,111660,1,20,0,283.0
10109862MOREIRAR_2025-10-16_G23,10109862MOREIRAR,2025-10-16,118222,1,35,0,829.0
10109862MOREIRAR_2025-10-16_G25,10109862MOREIRAR,2025-10-16,118306,1,4,0,242.0
10109862MOREIRAR_2025-10-16_G26,10109862MOREIRAR,2025-10-16,107892,1,4,0,133.0
10109862MOREIRAR_2025-10-16_G27,10109862MOREIRAR,2025-10-16,111660,1,2,0,66.0
10109862MOREIRAR_2025-10-16_G28,10109862MOREIRAR,2025-10-16,111569,3,9,23,62.0
10109862MOREIRAR_2025-10-16_G29,10109862MOREIRAR,2025-10-16,111602,1,6,0,761.0
10109862MOREIRAR_2025-10-16_G30,10109862MOREIRAR,2025-10-16,140923,1,10,0,98.0
10109862MOREIRAR_2025-10-16_G31,10109862MOREIRAR,2025-10-16,111467,1,2,0,58.0
10109862MOREIRAR_2025-10-16_G32,10109862MOREIRAR,2025-10-16,107629,1,2,0,58.0
10109862MOREIRAR_2025-10-16_G33,10109862MOREIRAR,2025-10-16,118298,1,3,0,48.0
10109862MOREIRAR_2025-10-16_G34,10109862MOREIRAR,2025-10-16,117862,1,4,0,63.0
10109862MOREIRAR_2025-10-16_G35,10109862MOREIRAR,2025-10-16,117853,2,4,18,59.0
10109862MOREIRAR_2025-10-16_G36,10109862MOREIRAR,2025-10-16,117786,1,4,0,95.0
10109862MOREIRAR_2025-10-16_G37,10109862MOREIRAR,2025-10-16,117855,1,5,0,106.0
10109862MOREIRAR_2025-10-16_G38,10109862MOREIRAR,2025-10-16,108794,1,8,0,217.0
10109862MOREIRAR_2025-10-16_G39,10109862MOREIRAR,2025-10-16,111465,1,3,0,106.0
10109862MOREIRAR_2025-10-16_G40,10109862MOREIRAR,2025-10-16,117785,1,4,0,68.0
10109862MOREIRAR_2025-10-16_G41,10109862MOREIRAR,2025-10-16,117821,1,2,0,44.0
10109862MOREIRAR_2025-10-16_G42,10109862MOREIRAR,2025-10-16,140922,1,2,0,815.0
10109862MOREIRAR_2025-10-16_G43,10109862MOREIRAR,2025-10-16,111172,1,2,0,73.0
10109862MOREIRAR_2025-10-16_G44,10109862MOREIRAR,2025-10-16,117831,2,14,11,140.0
10109862MOREIRAR_2025-10-16_G45,10109862MOREIRAR,2025-10-16,141458,1,2,0,116.0
10109862MOREIRAR_2025-10-16_G46,10109862MOREIRAR,2025-10-16,111468,1,3,0,81.0
10109862MOREIRAR_2025-10-16_G47,10109862MOREIRAR,2025-10-16,111418,1,20,0,66.0
10109862MOREIRAR_2025-10-16_G48,10109862MOREIRAR,2025-10-16,140922,1,4,0,2079.0
10109862MOREIRAR_2025-10-16_G49,10109862MOREIRAR,2025-10-16,111418,1,15,0,112.0
10109862MOREIRAR_2025-10-16_G50,10109862MOREIRAR,2025-10-16,110372,1,6,0,161.0
10109862MOREIRAR_2025-10-16_G51,10109862MOREIRAR,2025-10-16,118299,3,41,13,507.0
10109862MOREIRAR_2025-10-16_G52,10109862MOREIRAR,2025-10-16,117808,3,130,23,108.0
10109862MOREIRAR_2025-10-16_G53,10109862MOREIRAR,2025-10-16,110325,2,10,7,648.0
10109862MOREIRAR_2025-10-16_G54,10109862MOREIRAR,2025-10-16,110373,1,42,0,1138.0
10109862MOREIRAR_2025-10-17_G02,10109862MOREIRAR,2025-10-17,117834,1,8,0,292.0
10109862MOREIRAR_2025-10-17_G03,10109862MOREIRAR,2025-10-17,117835,1,4,0,64.0
10109862MOREIRAR_2025-10-17_G04,10109862MOREIRAR,2025-10-17,117820,4,45,29,465.0
10109862MOREIRAR_2025-10-17_G05,10109862MOREIRAR,2025-10-17,117808,1,8,0,155.0
10109862MOREIRAR_2025-10-17_G06,10109862MOREIRAR,2025-10-17,141202,1,12,0,188.0
10109862MOREIRAR_2025-10-17_G07,10109862MOREIRAR,2025-10-17,111430,1,4,0,1300.0
10109862MOREIRAR_2025-10-17_G08,10109862MOREIRAR,2025-10-17,117834,2,6,6,91.0
10109862MOREIRAR_2025-10-17_G09,10109862MOREIRAR,2025-10-17,110747,1,4,0,138.0
10109862MOREIRAR_2025-10-17_G10,10109862MOREIRAR,2025-10-17,111660,1,2,0,102.0
10109862MOREIRAR_2025-10-17_G11,10109862MOREIRAR,2025-10-17,111569,1,4,0,119.0
10109862MOREIRAR_2025-10-17_G12,10109862MOREIRAR,2025-10-17,111602,1,4,0,537.0
10109862MOREIRAR_2025-10-17_G13,10109862MOREIRAR,2025-10-17,118094,1,4,0,61.0
10109862MOREIRAR_2025-10-17_G14,10109862MOREIRAR,2025-10-17,109647,1,4,0,136.0
10109862MOREIRAR_2025-10-17_G15,10109862MOREIRAR,2025-10-17,140923,1,8,0,353.0
10109862MOREIRAR_2025-10-17_G16,10109862MOREIRAR,2025-10-17,117853,1,4,0,104.0
10109862MOREIRAR_2025-10-17_G17,10109862MOREIRAR,2025-10-17,110733,1,6,0,58.0
10109862MOREIRAR_2025-10-17_G18,10109862MOREIRAR,2025-10-17,117935,1,2,0,354.0
10109862MOREIRAR_2025-10-17_G19,10109862MOREIRAR,2025-10-17,108772,1,6,0,664.0
10109862MOREIRAR_2025-10-17_G20,10109862MOREIRAR,2025-10-17,117786,1,1,0,78.0
10109862MOREIRAR_2025-10-17_G21,10109862MOREIRAR,2025-10-17,117855,2,20,12,509.0
10109862MOREIRAR_2025-10-17_G22,10109862MOREIRAR,2025-10-17,117837,1,4,0,60.0
10109862MOREIRAR_2025-10-17_G23,10109862MOREIRAR,2025-10-17,118140,3,14,16,527.0
10109862MOREIRAR_2025-10-17_G24,10109862MOREIRAR,2025-10-17,110129,2,8,7,103.0
10109862MOREIRAR_2025-10-17_G25,10109862MOREIRAR,2025-10-17,105705,1,2,0,115.0
10109862MOREIRAR_2025-10-17_G26,10109862MOREIRAR,2025-10-17,111463,1,4,0,53.0
10109862MOREIRAR_2025-10-17_G27,10109862MOREIRAR,2025-10-17,111466,1,8,0,83.0
10109862MOREIRAR_2025-10-17_G28,10109862MOREIRAR,2025-10-17,110740,1,8,0,95.0
10109862MOREIRAR_2025-10-17_G29,10109862MOREIRAR,2025-10-17,108711,1,4,0,91.0
10109862MOREIRAR_2025-10-17_G30,10109862MOREIRAR,2025-10-17,111532,1,8,0,141.0
10109862MOREIRAR_2025-10-17_G31,10109862MOREIRAR,2025-10-17,108794,1,4,0,206.0
10109862MOREIRAR_2025-10-17_G32,10109862MOREIRAR,2025-10-17,111418,1,10,0,96.0
10109862MOREIRAR_2025-10-17_G33,10109862MOREIRAR,2025-10-17,111418,1,10,0,204.0
10109862MOREIRAR_2025-10-17_G34,10109862MOREIRAR,2025-10-17,117787,1,4,0,136.0
10109862MOREIRAR_2025-10-17_G35,10109862MOREIRAR,2025-10-17,120002,1,2,0,62.0
10109862MOREIRAR_2025-10-17_G36,10109862MOREIRAR,2025-10-17,111442,1,4,0,56.0
10109862MOREIRAR_2025-10-17_G37,10109862MOREIRAR,2025-10-17,117785,1,8,0,47.0
10109862MOREIRAR_2025-10-17_G38,10109862MOREIRAR,2025-10-17,117821,1,8,0,269.0
10109862MOREIRAR_2025-10-17_G39,10109862MOREIRAR,2025-10-17,111172,1,4,0,148.0
10109862MOREIRAR_2025-10-17_G40,10109862MOREIRAR,2025-10-17,117831,1,4,0,45.0
10109862MOREIRAR_2025-10-17_G41,10109862MOREIRAR,2025-10-17,110745,1,8,0,86.0
10109862MOREIRAR_2025-10-17_G42,10109862MOREIRAR,2025-10-17,"111465, 110339",3,10,35,277.0
10109862MOREIRAR_2025-10-17_G44,10109862MOREIRAR,2025-10-17,118222,1,6,0,85.0
10109862MOREIRAR_2025-10-17_G45,10109862MOREIRAR,2025-10-17,117834,1,20,0,243.0
10109862MOREIRAR_2025-10-17_G46,10109862MOREIRAR,2025-10-17,110747,1,14,0,148.0
10109862MOREIRAR_2025-10-17_G47,10109862MOREIRAR,2025-10-17,110754,1,6,0,276.0
10109862MOREIRAR_2025-10-17_G48,10109862MOREIRAR,2025-10-17,111467,1,40,0,441.0
10109862MOREIRAR_2025-10-17_G49,10109862MOREIRAR,2025-10-17,117786,1,14,0,271.0
10109862MOREIRAR_2025-10-17_G50,10109862MOREIRAR,2025-10-17,117935,1,7,0,1012.0
10109862MOREIRAR_2025-10-17_G51,10109862MOREIRAR,2025-10-17,106179,1,2,0,692.0
10109862MOREIRAR_2025-10-17_G52,10109862MOREIRAR,2025-10-17,111660,1,4,0,151.0
10109862MOREIRAR_2025-10-17_G53,10109862MOREIRAR,2025-10-17,109471,1,2,0,129.0
10109862MOREIRAR_2025-10-17_G54,10109862MOREIRAR,2025-10-17,110741,1,1,0,86.0
10109862MOREIRAR_2025-10-17_G55,10109862MOREIRAR,2025-10-17,111446,1,1,0,181.0
10109862MOREIRAR_2025-10-17_G56,10109862MOREIRAR,2025-10-17,117821,1,6,0,96.0
10109862MOREIRAR_2025-10-17_G57,10109862MOREIRAR,2025-10-17,141456,1,50,0,351.0
10109862MOREIRAR_2025-10-17_G58,10109862MOREIRAR,2025-10-17,108795,1,20,0,532.0
10109862MOREIRAR_2025-10-17_G59,10109862MOREIRAR,2025-10-17,117838,1,7,0,72.0
10109862MOREIRAR_2025-10-17_G60,10109862MOREIRAR,2025-10-17,108711,1,32,0,276.0
10109862MOREIRAR_2025-10-17_G61,10109862MOREIRAR,2025-10-17,141457,1,110,0,104.0
10109862MOREIRAR_2025-10-17_G62,10109862MOREIRAR,2025-10-17,118140,1,80,0,718.0
10109862MOREIRAR_2025-10-17_G63,10109862MOREIRAR,2025-10-17,111466,1,100,0,260.0
10109862MOREIRAR_2025-10-17_G64,10109862MOREIRAR,2025-10-17,109641,1,30,0,529.0
10109862MOREIRAR_2025-10-17_G65,10109862MOREIRAR,2025-10-17,111182,1,6,0,152.0
10109862MOREIRAR_2025-10-17_G66,10109862MOREIRAR,2025-10-17,117833,1,15,0,301.0
10109862MOREIRAR_2025-10-17_G67,10109862MOREIRAR,2025-10-17,111442,1,12,0,736.0
10109862MOREIRAR_2025-10-17_G68,10109862MOREIRAR,2025-10-17,117831,1,40,0,303.0
10109862MOREIRAR_2025-10-17_G69,10109862MOREIRAR,2025-10-17,141823,1,40,0,187.0
10109862MOREIRAR_2025-10-17_G70,10109862MOREIRAR,2025-10-17,141458,1,40,0,224.0
10109862MOREIRAR_2025-10-17_G71,10109862MOREIRAR,2025-10-17,107236,1,30,0,267.0
10109862MOREIRAR_2025-10-17_G72,10109862MOREIRAR,2025-10-17,110376,1,15,0,481.0
10109862MOREIRAR_2025-10-17_G73,10109862MOREIRAR,2025-10-17,117820,1,174,0,450.0
10109862MOREIRAR_2025-10-18_G02,10109862MOREIRAR,2025-10-18,117862,1,100,0,152.0
10109862MOREIRAR_2025-10-18_G03,10109862MOREIRAR,2025-10-18,117853,1,8,0,298.0
10109862MOREIRAR_2025-10-18_G04,10109862MOREIRAR,2025-10-18,"110733, 110756",2,26,15,281.0
10109862MOREIRAR_2025-10-18_G05,10109862MOREIRAR,2025-10-18,117786,1,21,0,160.0
10109862MOREIRAR_2025-10-18_G06,10109862MOREIRAR,2025-10-18,117837,1,10,0,37.0
10109862MOREIRAR_2025-10-18_G07,10109862MOREIRAR,2025-10-18,117808,1,196,0,415.0
10109862MOREIRAR_2025-10-18_G08,10109862MOREIRAR,2025-10-18,118094,1,2,0,213.0
10109862MOREIRAR_2025-10-18_G09,10109862MOREIRAR,2025-10-18,110787,1,26,0,86.0
10109862MOREIRAR_2025-10-18_G10,10109862MOREIRAR,2025-10-18,107830,1,2,0,116.0
10109862MOREIRAR_2025-10-18_G11,10109862MOREIRAR,2025-10-18,117808,1,24,0,103.0
10109862MOREIRAR_2025-10-18_G12,10109862MOREIRAR,2025-10-18,118351,1,2,0,1086.0
10109862MOREIRAR_2025-10-18_G13,10109862MOREIRAR,2025-10-18,118298,1,5,0,107.0
10109862MOREIRAR_2025-10-18_G14,10109862MOREIRAR,2025-10-18,110895,1,4,0,290.0
10109862MOREIRAR_2025-10-18_G15,10109862MOREIRAR,2025-10-18,118354,1,2,0,120.0
10109862MOREIRAR_2025-10-18_G16,10109862MOREIRAR,2025-10-18,111463,2,6,6,90.0
10109862MOREIRAR_2025-10-18_G17,10109862MOREIRAR,2025-10-18,111466,1,6,0,53.0
10109862MOREIRAR_2025-10-18_G18,10109862MOREIRAR,2025-10-18,117862,1,157,0,1564.0
10109862MOREIRAR_2025-10-18_G19,10109862MOREIRAR,2025-10-18,111743,1,63,0,302.0
10109862MOREIRAR_2025-10-18_G20,10109862MOREIRAR,2025-10-18,118140,1,233,0,1133.0
10109862MOREIRAR_2025-10-18_G21,10109862MOREIRAR,2025-10-18,117808,1,1000,0,1124.0
10109862MOREIRAR_2025-10-19_G02,10109862MOREIRAR,2025-10-19,111462,1,2,0,175.0
10109862MOREIRAR_2025-10-19_G03,10109862MOREIRAR,2025-10-19,110313,1,2,0,97.0
10109862MOREIRAR_2025-10-19_G04,10109862MOREIRAR,2025-10-19,111466,1,5,0,149.0
10109862MOREIRAR_2025-10-19_G05,10109862MOREIRAR,2025-10-19,118222,1,1,0,40.0
10109862MOREIRAR_2025-10-19_G06,10109862MOREIRAR,2025-10-19,110313,1,10,0,191.0
10109862MOREIRAR_2025-10-19_G07,10109862MOREIRAR,2025-10-19,110711,1,5,0,319.0
10109862MOREIRAR_2025-10-19_G08,10109862MOREIRAR,2025-10-19,110339,1,10,0,38.0
10109862MOREIRAR_2025-10-19_G09,10109862MOREIRAR,2025-10-19,110787,1,12,0,247.0
10109862MOREIRAR_2025-10-19_G10,10109862MOREIRAR,2025-10-19,111463,1,35,0,528.0
10109862MOREIRAR_2025-10-19_G11,10109862MOREIRAR,2025-10-19,117785,1,48,0,698.0
10109862MOREIRAR_2025-10-19_G12,10109862MOREIRAR,2025-10-19,111462,1,4,0,324.0
10109862MOREIRAR_2025-10-19_G13,10109862MOREIRAR,2025-10-19,118222,1,12,0,171.0
10109862MOREIRAR_2025-10-19_G14,10109862MOREIRAR,2025-10-19,110313,1,10,0,181.0
10109862MOREIRAR_2025-10-19_G15,10109862MOREIRAR,2025-10-19,111463,1,2,0,1144.0
10109862MOREIRAR_2025-10-19_G16,10109862MOREIRAR,2025-10-19,111465,1,2,0,311.0
10109862MOREIRAR_2025-10-19_G17,10109862MOREIRAR,2025-10-19,110373,1,1,0,73.0
10109862MOREIRAR_2025-10-19_G18,10109862MOREIRAR,2025-10-19,110787,1,2,0,139.0
10109862MOREIRAR_2025-10-19_G19,10109862MOREIRAR,2025-10-19,108770,2,6,27,298.0
10109862MOREIRAR_2025-10-19_G20,10109862MOREIRAR,2025-10-19,110339,1,4,0,335.0
10109862MOREIRAR_2025-10-19_G21,10109862MOREIRAR,2025-10-19,111462,1,3,0,95.0
10109862MOREIRAR_2025-10-20_G02,10109862MOREIRAR,2025-10-20,111602,1,9,0,195.0
10109862MOREIRAR_2025-10-20_G03,10109862MOREIRAR,2025-10-20,117855,1,2,0,150.0
10109862MOREIRAR_2025-10-20_G04,10109862MOREIRAR,2025-10-20,"111530, 108711",2,19,28,187.0
10109862MOREIRAR_2025-10-20_G05,10109862MOREIRAR,2025-10-20,160055,1,20,0,737.0
10109862MOREIRAR_2025-10-20_G06,10109862MOREIRAR,2025-10-20,160051,1,10,0,148.0
10109862MOREIRAR_2025-10-20_G07,10109862MOREIRAR,2025-10-20,111655,1,4,0,227.0
10109862MOREIRAR_2025-10-20_G08,10109862MOREIRAR,2025-10-20,109640,1,2,0,91.0
10109862MOREIRAR_2025-10-20_G09,10109862MOREIRAR,2025-10-20,110745,1,3,0,429.0
10109862MOREIRAR_2025-10-20_G10,10109862MOREIRAR,2025-10-20,111467,1,2,0,45.0
10109862MOREIRAR_2025-10-20_G11,10109862MOREIRAR,2025-10-20,110371,1,2,0,50.0
10109862MOREIRAR_2025-10-20_G12,10109862MOREIRAR,2025-10-20,111530,1,10,0,264.0
10109862MOREIRAR_2025-10-20_G13,10109862MOREIRAR,2025-10-20,141456,1,4,0,57.0
10109862MOREIRAR_2025-10-20_G14,10109862MOREIRAR,2025-10-20,108711,1,4,0,82.0
10109862MOREIRAR_2025-10-20_G15,10109862MOREIRAR,2025-10-20,100334,1,5,0,2513.0
10109862MOREIRAR_2025-10-20_G16,10109862MOREIRAR,2025-10-20,117855,1,6,0,77.0
10109862MOREIRAR_2025-10-20_G17,10109862MOREIRAR,2025-10-20,109641,1,7,0,90.0
10109862MOREIRAR_2025-10-20_G18,10109862MOREIRAR,2025-10-20,"110376, 117808",2,20,10,148.0
10109862MOREIRAR_2025-10-20_G19,10109862MOREIRAR,2025-10-20,110371,1,4,0,57.0
10109862MOREIRAR_2025-10-20_G20,10109862MOREIRAR,2025-10-20,117862,1,5,0,304.0
10109862MOREIRAR_2025-10-20_G21,10109862MOREIRAR,2025-10-20,111418,2,14,10,37.0
10109862MOREIRAR_2025-10-20_G22,10109862MOREIRAR,2025-10-20,110371,1,2,0,229.0
10109862MOREIRAR_2025-10-20_G23,10109862MOREIRAR,2025-10-20,118299,1,18,0,167.0
10109862MOREIRAR_2025-10-20_G24,10109862MOREIRAR,2025-10-20,118140,1,4,0,158.0
10109862MOREIRAR_2025-10-22_G02,10109862MOREIRAR,2025-10-22,108759,1,2,0,211.0
10109862MOREIRAR_2025-10-22_G03,10109862MOREIRAR,2025-10-22,110749,1,1,0,64.0
10109862MOREIRAR_2025-10-22_G04,10109862MOREIRAR,2025-10-22,110742,1,17,0,109.0
10109862MOREIRAR_2025-10-22_G05,10109862MOREIRAR,2025-10-22,117834,1,2,0,77.0
10109862MOREIRAR_2025-10-22_G06,10109862MOREIRAR,2025-10-22,100334,1,4,0,263.0
10109862MOREIRAR_2025-10-22_G07,10109862MOREIRAR,2025-10-22,110755,1,3,0,93.0
10109862MOREIRAR_2025-10-22_G08,10109862MOREIRAR,2025-10-22,110623,1,6,0,77.0
10109862MOREIRAR_2025-10-22_G09,10109862MOREIRAR,2025-10-22,110747,1,4,0,125.0
10109862MOREIRAR_2025-10-22_G10,10109862MOREIRAR,2025-10-22,109471,1,9,0,139.0
10109862MOREIRAR_2025-10-22_G11,10109862MOREIRAR,2025-10-22,111430,1,30,0,330.0
10109862MOREIRAR_2025-10-22_G12,10109862MOREIRAR,2025-10-22,117788,1,4,0,1126.0
10109862MOREIRAR_2025-10-22_G13,10109862MOREIRAR,2025-10-22,109647,1,2,0,39.0
10109862MOREIRAR_2025-10-22_G14,10109862MOREIRAR,2025-10-22,118298,1,2,0,80.0
10109862MOREIRAR_2025-10-22_G15,10109862MOREIRAR,2025-10-22,117853,1,38,0,579.0
10109862MOREIRAR_2025-10-22_G16,10109862MOREIRAR,2025-10-22,110733,1,8,0,92.0
10109862MOREIRAR_2025-10-22_G17,10109862MOREIRAR,2025-10-22,117935,1,39,0,446.0
10109862MOREIRAR_2025-10-22_G18,10109862MOREIRAR,2025-10-22,141352,1,12,0,253.0
10109862MOREIRAR_2025-10-22_G19,10109862MOREIRAR,2025-10-22,108772,1,2,0,54.0
10109862MOREIRAR_2025-10-22_G20,10109862MOREIRAR,2025-10-22,111530,1,17,0,258.0
10109862MOREIRAR_2025-10-22_G21,10109862MOREIRAR,2025-10-22,117837,1,4,0,99.0
10109862MOREIRAR_2025-10-22_G22,10109862MOREIRAR,2025-10-22,100334,1,20,0,390.0
10109862MOREIRAR_2025-10-22_G23,10109862MOREIRAR,2025-10-22,110623,1,16,0,776.0
10109862MOREIRAR_2025-10-22_G24,10109862MOREIRAR,2025-10-22,118281,1,22,0,263.0
10109862MOREIRAR_2025-10-22_G25,10109862MOREIRAR,2025-10-22,109643,1,26,0,345.0
10109862MOREIRAR_2025-10-22_G26,10109862MOREIRAR,2025-10-22,117820,1,55,0,137.0
10109862MOREIRAR_2025-10-22_G27,10109862MOREIRAR,2025-10-22,117832,1,30,0,340.0
10109862MOREIRAR_2025-10-22_G28,10109862MOREIRAR,2025-10-22,118299,1,406,0,192.0
10109862MOREIRAR_2025-10-22_G29,10109862MOREIRAR,2025-10-22,110373,1,60,0,1774.0
10109862MOREIRAR_2025-10-22_G30,10109862MOREIRAR,2025-10-22,117808,1,315,0,266.0
10109862MOREIRAR_2025-10-23_G02,10109862MOREIRAR,2025-10-23,"118223, 108711",2,25,24,38.0
10109862MOREIRAR_2025-10-23_G03,10109862MOREIRAR,2025-10-23,"110745, 118326",2,14,29,38.0
10109862MOREIRAR_2025-10-23_G04,10109862MOREIRAR,2025-10-23,118140,1,180,0,2033.0
10109862MOREIRAR_2025-10-23_G05,10109862MOREIRAR,2025-10-23,108794,1,100,0,138.0
10109862MOREIRAR_2025-10-23_G06,10109862MOREIRAR,2025-10-23,111182,1,50,0,412.0
10109862MOREIRAR_2025-10-23_G07,10109862MOREIRAR,2025-10-23,107236,1,30,0,556.0
10109862MOREIRAR_2025-10-23_G08,10109862MOREIRAR,2025-10-23,108794,1,30,0,395.0
10109862MOREIRAR_2025-10-23_G09,10109862MOREIRAR,2025-10-23,117785,1,46,0,531.0
10109862MOREIRAR_2025-10-23_G10,10109862MOREIRAR,2025-10-23,111182,1,100,0,43.0
10109862MOREIRAR_2025-10-23_G11,10109862MOREIRAR,2025-10-23,111430,1,50,0,324.0
10109862MOREIRAR_2025-10-23_G12,10109862MOREIRAR,2025-10-23,110325,1,107,0,288.0
10109862MOREIRAR_2025-10-23_G13,10109862MOREIRAR,2025-10-23,110325,1,85,0,298.0
10109862MOREIRAR_2025-10-23_G14,10109862MOREIRAR,2025-10-23,124264,1,4,0,2794.0
10109862MOREIRAR_2025-10-23_G15,10109862MOREIRAR,2025-10-23,123313,1,4,0,115.0
10109862MOREIRAR_2025-10-23_G16,10109862MOREIRAR,2025-10-23,121760,1,2,0,109.0
10109862MOREIRAR_2025-10-23_G17,10109862MOREIRAR,2025-10-23,122982,1,30,0,371.0
10109862MOREIRAR_2025-10-23_G18,10109862MOREIRAR,2025-10-23,121651,1,21,0,469.0
10109862MOREIRAR_2025-10-23_G19,10109862MOREIRAR,2025-10-23,123822,1,8,0,175.0
10109862MOREIRAR_2025-10-23_G20,10109862MOREIRAR,2025-10-23,123822,1,12,0,272.0
10109862MOREIRAR_2025-10-23_G21,10109862MOREIRAR,2025-10-23,122982,1,20,0,252.0
10109862MOREIRAR_2025-10-23_G22,10109862MOREIRAR,2025-10-23,121651,1,30,0,538.0
10109862MOREIRAR_2025-10-23_G23,10109862MOREIRAR,2025-10-23,124486,1,9,0,191.0
10109862MOREIRAR_2025-10-23_G24,10109862MOREIRAR,2025-10-23,122982,1,8,0,101.0
10109862MOREIRAR_2025-10-23_G25,10109862MOREIRAR,2025-10-23,121651,1,11,0,152.0
10109862MOREIRAR_2025-10-23_G26,10109862MOREIRAR,2025-10-23,122984,1,12,0,227.0
10109862MOREIRAR_2025-10-23_G28,10109862MOREIRAR,2025-10-23,110743,1,29,0,337.0
10109862MOREIRAR_2025-10-23_G29,10109862MOREIRAR,2025-10-23,117842,1,11,0,114.0
10109862MOREIRAR_2025-10-23_G30,10109862MOREIRAR,2025-10-23,108711,1,4,0,78.0
10109862MOREIRAR_2025-10-23_G31,10109862MOREIRAR,2025-10-23,111442,1,6,0,86.0
10109862MOREIRAR_2025-10-23_G32,10109862MOREIRAR,2025-10-23,117821,1,10,0,279.0
10109862MOREIRAR_2025-10-23_G33,10109862MOREIRAR,2025-10-23,118330,1,10,0,71.0
10109862MOREIRAR_2025-10-23_G34,10109862MOREIRAR,2025-10-23,141458,1,10,0,79.0
10109862MOREIRAR_2025-10-23_G35,10109862MOREIRAR,2025-10-23,111172,1,47,0,299.0
10109862MOREIRAR_2025-10-23_G36,10109862MOREIRAR,2025-10-23,110787,1,176,0,494.0
10109862MOREIRAR_2025-10-23_G37,10109862MOREIRAR,2025-10-23,117833,1,297,0,600.0
10109862MOREIRAR_2025-10-23_G38,10109862MOREIRAR,2025-10-23,116611,1,1,0,876.0
10109862MOREIRAR_2025-10-23_G39,10109862MOREIRAR,2025-10-23,141456,1,10,0,188.0
10109862MOREIRAR_2025-10-23_G40,10109862MOREIRAR,2025-10-23,117856,2,10,8,89.0
10109862MOREIRAR_2025-10-23_G41,10109862MOREIRAR,2025-10-23,117831,1,2,0,99.0
10109862MOREIRAR_2025-10-23_G42,10109862MOREIRAR,2025-10-23,111463,1,2,0,37.0
10109862MOREIRAR_2025-10-23_G43,10109862MOREIRAR,2025-10-23,109643,1,2,0,153.0
10109862MOREIRAR_2025-10-23_G44,10109862MOREIRAR,2025-10-23,107830,1,1,0,91.0
10109862MOREIRAR_2025-10-23_G45,10109862MOREIRAR,2025-10-23,117862,1,2,0,58.0
10109862MOREIRAR_2025-10-23_G46,10109862MOREIRAR,2025-10-23,141457,1,4,0,114.0
10109862MOREIRAR_2025-10-23_G47,10109862MOREIRAR,2025-10-23,110787,1,2,0,46.0
10109862MOREIRAR_2025-10-23_G48,10109862MOREIRAR,2025-10-23,117832,1,4,0,52.0
10109862MOREIRAR_2025-10-23_G49,10109862MOREIRAR,2025-10-23,"118299, 111418",2,9,25,114.0
10109862MOREIRAR_2025-10-23_G50,10109862MOREIRAR,2025-10-23,110373,1,2,0,241.0
10109862MOREIRAR_2025-10-23_G51,10109862MOREIRAR,2025-10-23,111602,1,2,0,73.0
10109862MOREIRAR_2025-10-23_G52,10109862MOREIRAR,2025-10-23,110339,1,4,0,79.0
10109862MOREIRAR_2025-10-23_G53,10109862MOREIRAR,2025-10-23,141202,1,2,0,59.0
10109862MOREIRAR_2025-10-23_G54,10109862MOREIRAR,2025-10-23,"110745, 111468",2,3,21,66.0
10109862MOREIRAR_2025-10-23_G55,10109862MOREIRAR,2025-10-23,110374,1,6,0,235.0
10109862MOREIRAR_2025-10-24_G02,10109862MOREIRAR,2025-10-24,117856,1,6,0,109.0
10109862MOREIRAR_2025-10-24_G03,10109862MOREIRAR,2025-10-24,118140,1,2,0,103.0
10109862MOREIRAR_2025-10-24_G04,10109862MOREIRAR,2025-10-24,117820,1,7,0,104.0
10109862MOREIRAR_2025-10-24_G05,10109862MOREIRAR,2025-10-24,117830,1,6,0,73.0
10109862MOREIRAR_2025-10-24_G06,10109862MOREIRAR,2025-10-24,111876,1,2,0,48.0
10109862MOREIRAR_2025-10-24_G07,10109862MOREIRAR,2025-10-24,111469,1,5,0,156.0
10109862MOREIRAR_2025-10-24_G08,10109862MOREIRAR,2025-10-24,117808,1,4,0,51.0
10109862MOREIRAR_2025-10-24_G09,10109862MOREIRAR,2025-10-24,108772,1,2,0,67.0
10109862MOREIRAR_2025-10-24_G10,10109862MOREIRAR,2025-10-24,"118299, 117833",2,8,29,78.0
10109862MOREIRAR_2025-10-24_G11,10109862MOREIRAR,2025-10-24,111172,1,1,0,80.0
10109862MOREIRAR_2025-10-24_G12,10109862MOREIRAR,2025-10-24,107629,1,2,0,32.0
10109862MOREIRAR_2025-10-24_G13,10109862MOREIRAR,2025-10-24,110373,1,6,0,166.0
10109862MOREIRAR_2025-10-24_G14,10109862MOREIRAR,2025-10-24,117821,1,6,0,67.0
10109862MOREIRAR_2025-10-24_G15,10109862MOREIRAR,2025-10-24,"110339, 107236",2,8,26,233.0
10109862MOREIRAR_2025-10-24_G16,10109862MOREIRAR,2025-10-24,111468,1,3,0,37.0
10109862MOREIRAR_2025-10-24_G17,10109862MOREIRAR,2025-10-24,111602,1,4,0,582.0
10109862MOREIRAR_2025-10-24_G18,10109862MOREIRAR,2025-10-24,111602,1,2,0,130.0
10109862MOREIRAR_2025-10-24_G19,10109862MOREIRAR,2025-10-24,110787,1,4,0,63.0
10109862MOREIRAR_2025-10-24_G20,10109862MOREIRAR,2025-10-24,141202,1,8,0,135.0
10109862MOREIRAR_2025-10-24_G21,10109862MOREIRAR,2025-10-24,118222,1,4,0,168.0
10109862MOREIRAR_2025-10-24_G22,10109862MOREIRAR,2025-10-24,141456,1,2,0,56.0
10109862MOREIRAR_2025-10-24_G23,10109862MOREIRAR,2025-10-24,117820,1,8,0,86.0
10109862MOREIRAR_2025-10-24_G24,10109862MOREIRAR,2025-10-24,117830,1,2,0,131.0
10109862MOREIRAR_2025-10-24_G25,10109862MOREIRAR,2025-10-24,118299,1,12,0,207.0
10109862MOREIRAR_2025-10-24_G26,10109862MOREIRAR,2025-10-24,117785,1,4,0,121.0
10109862MOREIRAR_2025-10-24_G27,10109862MOREIRAR,2025-10-24,141202,1,8,0,238.0
10109862MOREIRAR_2025-10-24_G28,10109862MOREIRAR,2025-10-24,111602,1,20,0,222.0
10109862MOREIRAR_2025-10-24_G29,10109862MOREIRAR,2025-10-24,111602,1,30,0,84.0
10109862MOREIRAR_2025-10-24_G30,10109862MOREIRAR,2025-10-24,110787,1,8,0,354.0
10109862MOREIRAR_2025-10-24_G31,10109862MOREIRAR,2025-10-24,118140,1,2,0,1251.0
10109862MOREIRAR_2025-10-24_G32,10109862MOREIRAR,2025-10-24,111418,1,3,0,66.0
10109862MOREIRAR_2025-10-24_G33,10109862MOREIRAR,2025-10-24,117808,1,2,0,37.0
10109862MOREIRAR_2025-10-24_G34,10109862MOREIRAR,2025-10-24,118299,1,4,0,91.0
10109862MOREIRAR_2025-10-24_G35,10109862MOREIRAR,2025-10-24,"141458, 111465",2,6,9,74.0
10109862MOREIRAR_2025-10-24_G36,10109862MOREIRAR,2025-10-24,"110371, 111602",2,3,22,105.0
10109862MOREIRAR_2025-10-24_G37,10109862MOREIRAR,2025-10-24,141202,1,3,0,106.0
10109862MOREIRAR_2025-10-24_G39,10109862MOREIRAR,2025-10-24,181057,1,2,0,78.0
10109862MOREIRAR_2025-10-24_G40,10109862MOREIRAR,2025-10-24,122962,1,36,0,2011.0
10109862MOREIRAR_2025-10-24_G41,10109862MOREIRAR,2025-10-24,124264,1,6,0,274.0
10109862MOREIRAR_2025-10-24_G42,10109862MOREIRAR,2025-10-24,123909,1,18,0,303.0
10109862MOREIRAR_2025-10-24_G43,10109862MOREIRAR,2025-10-24,122981,1,6,0,128.0
10109862MOREIRAR_2025-10-24_G44,10109862MOREIRAR,2025-10-24,122673,1,20,0,214.0
10109862MOREIRAR_2025-10-24_G45,10109862MOREIRAR,2025-10-24,121760,1,11,0,211.0
10109862MOREIRAR_2025-10-24_G46,10109862MOREIRAR,2025-10-24,122671,1,4,0,133.0
10109862MOREIRAR_2025-10-24_G47,10109862MOREIRAR,2025-10-24,124476,1,10,0,180.0
10109862MOREIRAR_2025-10-24_G48,10109862MOREIRAR,2025-10-24,124475,1,24,0,357.0
10109862MOREIRAR_2025-10-24_G49,10109862MOREIRAR,2025-10-24,124475,1,48,0,633.0
10109862MOREIRAR_2025-10-24_G50,10109862MOREIRAR,2025-10-24,124370,1,17,0,101.0
10109862MOREIRAR_2025-10-24_G51,10109862MOREIRAR,2025-10-24,124370,1,26,0,389.0
10109862MOREIRAR_2025-10-24_G52,10109862MOREIRAR,2025-10-24,120389,1,10,0,301.0
10109862MOREIRAR_2025-10-24_G53,10109862MOREIRAR,2025-10-24,124486,1,18,0,337.0
10109862MOREIRAR_2025-10-24_G54,10109862MOREIRAR,2025-10-24,121651,1,8,0,103.0
10109862MOREIRAR_2025-10-24_G55,10109862MOREIRAR,2025-10-24,124371,1,4,0,87.0
10109862MOREIRAR_2025-10-24_G56,10109862MOREIRAR,2025-10-24,"123889, 123344",2,30,19,420.0
10109862MOREIRAR_2025-10-24_G57,10109862MOREIRAR,2025-10-24,124477,1,10,0,252.0
10109862MOREIRAR_2025-10-24_G58,10109862MOREIRAR,2025-10-24,123343,1,17,0,330.0
10109862MOREIRAR_2025-10-24_G59,10109862MOREIRAR,2025-10-24,124370,1,3,0,1685.0
10109862MOREIRAR_2025-10-25_G02,10109862MOREIRAR,2025-10-25,122962,1,37,0,554.0
10109862MOREIRAR_2025-10-25_G03,10109862MOREIRAR,2025-10-25,123344,1,6,0,354.0
10109862MOREIRAR_2025-10-25_G04,10109862MOREIRAR,2025-10-25,122185,1,6,0,170.0
10109862MOREIRAR_2025-10-25_G05,10109862MOREIRAR,2025-10-25,121760,1,4,0,70.0
10109862MOREIRAR_2025-10-25_G06,10109862MOREIRAR,2025-10-25,122984,1,8,0,84.0
10109862MOREIRAR_2025-10-25_G07,10109862MOREIRAR,2025-10-25,122984,1,40,0,369.0
10109862MOREIRAR_2025-10-25_G08,10109862MOREIRAR,2025-10-25,122962,1,10,0,282.0
10109862MOREIRAR_2025-10-25_G09,10109862MOREIRAR,2025-10-25,122984,1,16,0,115.0
10109862MOREIRAR_2025-10-25_G10,10109862MOREIRAR,2025-10-25,122984,1,10,0,100.0
10109862MOREIRAR_2025-10-25_G11,10109862MOREIRAR,2025-10-25,123344,1,8,0,145.0
10109862MOREIRAR_2025-10-25_G12,10109862MOREIRAR,2025-10-25,121760,1,7,0,195.0
10109862MOREIRAR_2025-10-25_G13,10109862MOREIRAR,2025-10-25,123345,1,14,0,163.0
10109862MOREIRAR_2025-10-25_G14,10109862MOREIRAR,2025-10-25,124548,1,32,0,483.0
10109862MOREIRAR_2025-10-25_G15,10109862MOREIRAR,2025-10-25,122647,1,45,0,454.0
10109862MOREIRAR_2025-10-25_G16,10109862MOREIRAR,2025-10-25,122983,1,31,0,264.0
10109862MOREIRAR_2025-10-25_G17,10109862MOREIRAR,2025-10-25,124370,1,12,0,304.0
10109862MOREIRAR_2025-10-25_G18,10109862MOREIRAR,2025-10-25,121651,1,8,0,283.0
10109862MOREIRAR_2025-10-25_G19,10109862MOREIRAR,2025-10-25,123345,1,4,0,160.0
10109862MOREIRAR_2025-10-25_G20,10109862MOREIRAR,2025-10-25,122962,1,10,0,1423.0
10109862MOREIRAR_2025-10-27_G02,10109862MOREIRAR,2025-10-27,111463,1,4,0,134.0
10109862MOREIRAR_2025-10-27_G03,10109862MOREIRAR,2025-10-27,110787,1,3,0,110.0
10109862MOREIRAR_2025-10-27_G04,10109862MOREIRAR,2025-10-27,108711,1,1,0,79.0
10109862MOREIRAR_2025-10-27_G05,10109862MOREIRAR,2025-10-27,117787,1,4,0,78.0
10109862MOREIRAR_2025-10-27_G06,10109862MOREIRAR,2025-10-27,117785,1,4,0,64.0
10109862MOREIRAR_2025-10-27_G07,10109862MOREIRAR,2025-10-27,111442,1,1,0,44.0
10109862MOREIRAR_2025-10-27_G08,10109862MOREIRAR,2025-10-27,117856,1,4,0,381.0
10109862MOREIRAR_2025-10-27_G09,10109862MOREIRAR,2025-10-27,118094,1,2,0,40.0
10109862MOREIRAR_2025-10-27_G10,10109862MOREIRAR,2025-10-27,117862,1,2,0,91.0
10109862MOREIRAR_2025-10-27_G11,10109862MOREIRAR,2025-10-27,110733,1,2,0,67.0
10109862MOREIRAR_2025-10-27_G12,10109862MOREIRAR,2025-10-27,117855,1,4,0,262.0
10109862MOREIRAR_2025-10-27_G13,10109862MOREIRAR,2025-10-27,117830,1,2,0,723.0
10109862MOREIRAR_2025-10-27_G14,10109862MOREIRAR,2025-10-27,117808,1,1,0,85.0
10109862MOREIRAR_2025-10-27_G15,10109862MOREIRAR,2025-10-27,111418,1,4,0,251.0
10109862MOREIRAR_2025-10-27_G16,10109862MOREIRAR,2025-10-27,117785,1,2,0,151.0
10109862MOREIRAR_2025-10-27_G17,10109862MOREIRAR,2025-10-27,111462,1,2,0,46.0
10109862MOREIRAR_2025-10-27_G18,10109862MOREIRAR,2025-10-27,141140,1,6,0,819.0
10109862MOREIRAR_2025-10-27_G19,10109862MOREIRAR,2025-10-27,141262,1,10,0,432.0
10109862MOREIRAR_2025-10-27_G20,10109862MOREIRAR,2025-10-27,141261,1,6,0,88.0
10109862MOREIRAR_2025-10-27_G21,10109862MOREIRAR,2025-10-27,111742,1,6,0,99.0
10109862MOREIRAR_2025-10-27_G22,10109862MOREIRAR,2025-10-27,111722,1,8,0,81.0
10109862MOREIRAR_2025-10-27_G23,10109862MOREIRAR,2025-10-27,141140,2,8,7,295.0
10109862MOREIRAR_2025-10-27_G24,10109862MOREIRAR,2025-10-27,141262,2,20,7,279.0
10109862MOREIRAR_2025-10-27_G25,10109862MOREIRAR,2025-10-27,141261,2,20,7,143.0
10109862MOREIRAR_2025-10-27_G26,10109862MOREIRAR,2025-10-27,111740,2,12,5,184.0
10109862MOREIRAR_2025-10-27_G27,10109862MOREIRAR,2025-10-27,141155,2,8,10,104.0
10109862MOREIRAR_2025-10-27_G28,10109862MOREIRAR,2025-10-27,111722,2,16,6,142.0
10109862MOREIRAR_2025-10-27_G29,10109862MOREIRAR,2025-10-27,111751,2,12,5,124.0
10109862MOREIRAR_2025-10-27_G30,10109862MOREIRAR,2025-10-27,111469,1,2,0,191.0
10109862MOREIRAR_2025-10-27_G31,10109862MOREIRAR,2025-10-27,141140,1,4,0,627.0
10109862MOREIRAR_2025-10-27_G32,10109862MOREIRAR,2025-10-27,141262,1,10,0,472.0
10109862MOREIRAR_2025-10-27_G33,10109862MOREIRAR,2025-10-27,118191,1,12,0,92.0
10109862MOREIRAR_2025-10-27_G34,10109862MOREIRAR,2025-10-27,141261,1,8,0,97.0
10109862MOREIRAR_2025-10-27_G35,10109862MOREIRAR,2025-10-27,111469,1,4,0,343.0
10109862MOREIRAR_2025-10-27_G36,10109862MOREIRAR,2025-10-27,111759,2,10,26,425.0
10109862MOREIRAR_2025-10-28_G02,10109862MOREIRAR,2025-10-28,109640,1,20,0,321.0
10109862MOREIRAR_2025-10-28_G03,10109862MOREIRAR,2025-10-28,111418,1,20,0,167.0
10109862MOREIRAR_2025-10-28_G04,10109862MOREIRAR,2025-10-28,109641,1,6,0,145.0
10109862MOREIRAR_2025-10-28_G05,10109862MOREIRAR,2025-10-28,117808,1,3,0,71.0
10109862MOREIRAR_2025-10-28_G06,10109862MOREIRAR,2025-10-28,110371,1,20,0,288.0
10109862MOREIRAR_2025-10-28_G07,10109862MOREIRAR,2025-10-28,118299,1,50,0,326.0
10109862MOREIRAR_2025-10-28_G08,10109862MOREIRAR,2025-10-28,111469,1,8,0,311.0
10109862MOREIRAR_2025-10-28_G09,10109862MOREIRAR,2025-10-28,117808,1,17,0,222.0
10109862MOREIRAR_2025-10-28_G10,10109862MOREIRAR,2025-10-28,111330,1,2,0,88.0
10109862MOREIRAR_2025-10-28_G11,10109862MOREIRAR,2025-10-28,117835,1,4,0,320.0
10109862MOREIRAR_2025-10-28_G12,10109862MOREIRAR,2025-10-28,110747,1,2,0,60.0
10109862MOREIRAR_2025-10-28_G13,10109862MOREIRAR,2025-10-28,111876,1,4,0,231.0
10109862MOREIRAR_2025-10-28_G14,10109862MOREIRAR,2025-10-28,117855,1,12,0,82.0
10109862MOREIRAR_2025-10-28_G15,10109862MOREIRAR,2025-10-28,111348,1,5,0,413.0
10109862MOREIRAR_2025-10-28_G16,10109862MOREIRAR,2025-10-28,111469,1,24,0,248.0
10109862MOREIRAR_2025-10-28_G17,10109862MOREIRAR,2025-10-28,111431,1,2,0,152.0
10109862MOREIRAR_2025-10-28_G18,10109862MOREIRAR,2025-10-28,109974,1,3,0,311.0
10109862MOREIRAR_2025-10-28_G19,10109862MOREIRAR,2025-10-28,111861,1,4,0,172.0
10109862MOREIRAR_2025-10-28_G20,10109862MOREIRAR,2025-10-28,105359,1,6,0,132.0
10109862MOREIRAR_2025-10-28_G21,10109862MOREIRAR,2025-10-28,110374,1,80,0,2846.0
10109862MOREIRAR_2025-10-28_G22,10109862MOREIRAR,2025-10-28,117830,2,80,20,486.0
10109862MOREIRAR_2025-10-28_G23,10109862MOREIRAR,2025-10-28,117832,1,50,0,493.0
10109862MOREIRAR_2025-10-28_G24,10109862MOREIRAR,2025-10-28,110376,1,30,0,754.0
10109862MOREIRAR_2025-10-28_G25,10109862MOREIRAR,2025-10-28,117809,1,31,0,113.0
10109862MOREIRAR_2025-10-28_G26,10109862MOREIRAR,2025-10-28,141202,1,30,0,229.0
10109862MOREIRAR_2025-10-28_G27,10109862MOREIRAR,2025-10-28,110325,1,50,0,195.0
10109862MOREIRAR_2025-10-28_G29,10109862MOREIRAR,2025-10-28,109643,1,40,0,656.0
10109862MOREIRAR_2025-10-28_G30,10109862MOREIRAR,2025-10-28,"117831, 111743",2,74,5,1575.0
10109862MOREIRAR_2025-10-28_G31,10109862MOREIRAR,2025-10-28,111468,1,40,0,121.0
10109862MOREIRAR_2025-10-28_G32,10109862MOREIRAR,2025-10-28,111532,1,306,0,110.0
10109862MOREIRAR_2025-10-28_G33,10109862MOREIRAR,2025-10-28,117808,1,1800,0,1306.0
10109862MOREIRAR_2025-10-28_G34,10109862MOREIRAR,2025-10-28,117831,1,2,0,763.0
10109862MOREIRAR_2025-10-28_G35,10109862MOREIRAR,2025-10-28,109643,1,1,0,128.0
10109862MOREIRAR_2025-10-28_G36,10109862MOREIRAR,2025-10-28,117820,1,7,0,77.0
10109862MOREIRAR_2025-10-28_G37,10109862MOREIRAR,2025-10-28,117838,1,2,0,78.0
10109862MOREIRAR_2025-10-28_G38,10109862MOREIRAR,2025-10-28,110373,1,7,0,85.0
10109862MOREIRAR_2025-10-28_G39,10109862MOREIRAR,2025-10-28,111467,1,2,0,148.0
10109862MOREIRAR_2025-10-28_G40,10109862MOREIRAR,2025-10-28,141458,1,2,0,51.0
10109862MOREIRAR_2025-10-28_G41,10109862MOREIRAR,2025-10-28,110745,1,2,0,70.0
10109862MOREIRAR_2025-10-28_G42,10109862MOREIRAR,2025-10-28,111438,1,3,0,230.0
10109862MOREIRAR_2025-10-28_G43,10109862MOREIRAR,2025-10-28,111879,1,2,0,50.0
10109862MOREIRAR_2025-10-28_G44,10109862MOREIRAR,2025-10-28,117820,1,2,0,51.0
10109862MOREIRAR_2025-10-28_G45,10109862MOREIRAR,2025-10-28,118140,1,3,0,54.0
10109862MOREIRAR_2025-10-28_G46,10109862MOREIRAR,2025-10-28,"111463, 111418",2,6,11,57.0
10109862MOREIRAR_2025-10-28_G47,10109862MOREIRAR,2025-10-28,110740,1,3,0,168.0
10109862MOREIRAR_2025-10-28_G48,10109862MOREIRAR,2025-10-28,110373,1,8,0,100.0
10109862MOREIRAR_2025-10-28_G49,10109862MOREIRAR,2025-10-28,118299,1,9,0,53.0
10109862MOREIRAR_2025-10-28_G50,10109862MOREIRAR,2025-10-28,111467,1,1,0,62.0
10109862MOREIRAR_2025-10-28_G51,10109862MOREIRAR,2025-10-28,108794,1,2,0,59.0
10109862MOREIRAR_2025-10-28_G52,10109862MOREIRAR,2025-10-28,108711,1,2,0,70.0
10109862MOREIRAR_2025-10-28_G53,10109862MOREIRAR,2025-10-28,"140923, 111468",2,3,27,80.0
10109862MOREIRAR_2025-10-29_G02,10109862MOREIRAR,2025-10-29,141456,1,4,0,48.0
10109862MOREIRAR_2025-10-29_G03,10109862MOREIRAR,2025-10-29,117831,1,6,0,35.0
10109862MOREIRAR_2025-10-29_G04,10109862MOREIRAR,2025-10-29,111418,1,8,0,49.0
10109862MOREIRAR_2025-10-29_G05,10109862MOREIRAR,2025-10-29,141457,1,2,0,130.0
10109862MOREIRAR_2025-10-29_G06,10109862MOREIRAR,2025-10-29,109640,1,2,0,55.0
10109862MOREIRAR_2025-10-29_G07,10109862MOREIRAR,2025-10-29,117855,1,1,0,86.0
10109862MOREIRAR_2025-10-29_G08,10109862MOREIRAR,2025-10-29,111879,1,632,0,759.0
10109862MOREIRAR_2025-10-29_G10,10109862MOREIRAR,2025-10-29,108770,1,4,0,273.0
10109862MOREIRAR_2025-10-29_G11,10109862MOREIRAR,2025-10-29,118222,1,4,0,44.0
10109862MOREIRAR_2025-10-29_G12,10109862MOREIRAR,2025-10-29,118306,1,4,0,69.0
10109862MOREIRAR_2025-10-29_G13,10109862MOREIRAR,2025-10-29,111438,1,4,0,56.0
10109862MOREIRAR_2025-10-29_G14,10109862MOREIRAR,2025-10-29,117836,1,4,0,96.0
10109862MOREIRAR_2025-10-29_G15,10109862MOREIRAR,2025-10-29,117834,1,4,0,181.0
10109862MOREIRAR_2025-10-29_G16,10109862MOREIRAR,2025-10-29,110747,1,4,0,261.0
10109862MOREIRAR_2025-10-29_G17,10109862MOREIRAR,2025-10-29,117789,1,4,0,86.0
10109862MOREIRAR_2025-10-29_G18,10109862MOREIRAR,2025-10-29,111569,1,4,0,101.0
10109862MOREIRAR_2025-10-29_G19,10109862MOREIRAR,2025-10-29,109643,1,8,0,2838.0
10109862MOREIRAR_2025-10-29_G20,10109862MOREIRAR,2025-10-29,109648,1,4,0,79.0
10109862MOREIRAR_2025-10-29_G21,10109862MOREIRAR,2025-10-29,107830,1,8,0,79.0
10109862MOREIRAR_2025-10-29_G23,10109862MOREIRAR,2025-10-29,141035,1,2,0,133.0
10109862MOREIRAR_2025-10-29_G24,10109862MOREIRAR,2025-10-29,111532,2,8,5,136.0
10109862MOREIRAR_2025-10-29_G25,10109862MOREIRAR,2025-10-29,111759,1,8,0,324.0
10109862MOREIRAR_2025-10-29_G26,10109862MOREIRAR,2025-10-29,111742,1,6,0,347.0
10109862MOREIRAR_2025-10-29_G27,10109862MOREIRAR,2025-10-29,141262,1,20,0,415.0
10109862MOREIRAR_2025-10-29_G28,10109862MOREIRAR,2025-10-29,111634,1,10,0,94.0
10109862MOREIRAR_2025-10-29_G29,10109862MOREIRAR,2025-10-29,111740,1,10,0,190.0
10109862MOREIRAR_2025-10-29_G30,10109862MOREIRAR,2025-10-29,141261,1,16,0,482.0
10109862MOREIRAR_2025-10-29_G31,10109862MOREIRAR,2025-10-29,111722,1,6,0,102.0
10109862MOREIRAR_2025-10-29_G32,10109862MOREIRAR,2025-10-29,111759,2,14,9,238.0
10109862MOREIRAR_2025-10-29_G33,10109862MOREIRAR,2025-10-29,141262,2,30,6,283.0
10109862MOREIRAR_2025-10-29_G34,10109862MOREIRAR,2025-10-29,141140,1,6,0,293.0
10109862MOREIRAR_2025-10-29_G35,10109862MOREIRAR,2025-10-29,111634,2,14,10,101.0
10109862MOREIRAR_2025-10-29_G36,10109862MOREIRAR,2025-10-29,111740,2,16,7,353.0
10109862MOREIRAR_2025-10-29_G37,10109862MOREIRAR,2025-10-29,141261,1,12,0,149.0
10109862MOREIRAR_2025-10-29_G38,10109862MOREIRAR,2025-10-29,141261,1,8,0,160.0
10109862MOREIRAR_2025-10-29_G39,10109862MOREIRAR,2025-10-29,111722,2,20,7,200.0
10109862MOREIRAR_2025-10-29_G40,10109862MOREIRAR,2025-10-29,141141,2,10,6,154.0
10109862MOREIRAR_2025-10-29_G41,10109862MOREIRAR,2025-10-29,111742,2,10,12,57.0
10109862MOREIRAR_2025-10-29_G42,10109862MOREIRAR,2025-10-29,111759,2,12,7,392.0
10109862MOREIRAR_2025-10-29_G43,10109862MOREIRAR,2025-10-29,141140,1,6,0,290.0
10109862MOREIRAR_2025-10-29_G44,10109862MOREIRAR,2025-10-29,141141,2,10,6,46.0
10109862MOREIRAR_2025-10-29_G45,10109862MOREIRAR,2025-10-29,111742,2,10,10,81.0
10109862MOREIRAR_2025-10-30_G02,10109862MOREIRAR,2025-10-30,111469,1,2,0,385.0
10109862MOREIRAR_2025-10-30_G03,10109862MOREIRAR,2025-10-30,117808,2,110,7,358.0
10109862MOREIRAR_2025-10-30_G04,10109862MOREIRAR,2025-10-30,117830,1,40,0,431.0
10109862MOREIRAR_2025-10-30_G05,10109862MOREIRAR,2025-10-30,118299,1,140,0,913.0
10109862MOREIRAR_2025-10-30_G06,10109862MOREIRAR,2025-10-30,110372,1,76,0,522.0
10109862MOREIRAR_2025-10-30_G07,10109862MOREIRAR,2025-10-30,117785,1,52,0,869.0
10109862MOREIRAR_2025-10-30_G08,10109862MOREIRAR,2025-10-30,111172,1,18,0,406.0
10109862MOREIRAR_2025-10-30_G09,10109862MOREIRAR,2025-10-30,160054,1,4,0,2182.0
10109862MOREIRAR_2025-10-30_G10,10109862MOREIRAR,2025-10-30,109643,1,8,0,64.0
10109862MOREIRAR_2025-10-30_G11,10109862MOREIRAR,2025-10-30,118140,1,4,0,73.0
10109862MOREIRAR_2025-10-30_G12,10109862MOREIRAR,2025-10-30,111182,1,8,0,236.0
10109862MOREIRAR_2025-10-30_G13,10109862MOREIRAR,2025-10-30,111348,1,4,0,65.0
10109862MOREIRAR_2025-10-30_G14,10109862MOREIRAR,2025-10-30,160055,1,4,0,41.0
10109862MOREIRAR_2025-10-30_G15,10109862MOREIRAR,2025-10-30,111469,1,4,0,89.0
10109862MOREIRAR_2025-10-30_G16,10109862MOREIRAR,2025-10-30,110373,2,8,7,111.0
10109862MOREIRAR_2025-10-30_G17,10109862MOREIRAR,2025-10-30,160053,1,4,0,172.0
10109862MOREIRAR_2025-10-30_G18,10109862MOREIRAR,2025-10-30,111466,1,2,0,32.0
10109862MOREIRAR_2025-10-30_G19,10109862MOREIRAR,2025-10-30,109641,1,4,0,155.0
10109862MOREIRAR_2025-10-30_G20,10109862MOREIRAR,2025-10-30,117808,1,20,0,134.0
10109862MOREIRAR_2025-10-30_G21,10109862MOREIRAR,2025-10-30,117820,2,8,8,127.0
10109862MOREIRAR_2025-11-05_G02,10109862MOREIRAR,2025-11-05,108759,1,2,0,79.0
10109862MOREIRAR_2025-11-05_G03,10109862MOREIRAR,2025-11-05,111602,1,2,0,103.0
10109862MOREIRAR_2025-11-05_G04,10109862MOREIRAR,2025-11-05,117809,1,8,0,339.0
10109862MOREIRAR_2025-11-05_G05,10109862MOREIRAR,2025-11-05,140922,1,14,0,232.0
10109862MOREIRAR_2025-11-05_G06,10109862MOREIRAR,2025-11-05,110895,1,2,0,375.0
10109862MOREIRAR_2025-11-05_G07,10109862MOREIRAR,2025-11-05,110787,1,8,0,175.0
10109862MOREIRAR_2025-11-05_G08,10109862MOREIRAR,2025-11-05,110372,1,4,0,91.0
10109862MOREIRAR_2025-11-05_G09,10109862MOREIRAR,2025-11-05,111442,1,4,0,341.0
10109862MOREIRAR_2025-11-05_G10,10109862MOREIRAR,2025-11-05,140988,1,4,0,299.0
10109862MOREIRAR_2025-11-05_G11,10109862MOREIRAR,2025-11-05,110747,1,4,0,191.0
10109862MOREIRAR_2025-11-05_G12,10109862MOREIRAR,2025-11-05,109647,1,2,0,106.0
10109862MOREIRAR_2025-11-05_G13,10109862MOREIRAR,2025-11-05,109640,1,2,0,86.0
10109862MOREIRAR_2025-11-05_G14,10109862MOREIRAR,2025-11-05,111443,1,2,0,130.0
10109862MOREIRAR_2025-11-05_G15,10109862MOREIRAR,2025-11-05,111469,1,2,0,68.0
10109862MOREIRAR_2025-11-05_G16,10109862MOREIRAR,2025-11-05,108794,1,4,0,140.0
10109862MOREIRAR_2025-11-05_G17,10109862MOREIRAR,2025-11-05,141458,1,10,0,128.0
10109862MOREIRAR_2025-11-05_G18,10109862MOREIRAR,2025-11-05,117832,1,4,0,95.0
10109862MOREIRAR_2025-11-05_G19,10109862MOREIRAR,2025-11-05,110372,1,2,0,58.0
10109862MOREIRAR_2025-11-05_G20,10109862MOREIRAR,2025-11-05,111447,1,4,0,412.0
10109862MOREIRAR_2025-11-05_G21,10109862MOREIRAR,2025-11-05,100334,1,8,0,213.0
10109862MOREIRAR_2025-11-05_G22,10109862MOREIRAR,2025-11-05,118290,1,1,0,44.0
10109862MOREIRAR_2025-11-05_G23,10109862MOREIRAR,2025-11-05,"110895, 110313",2,10,27,215.0
10109862MOREIRAR_2025-11-05_G24,10109862MOREIRAR,2025-11-05,111467,1,2,0,117.0
10109862MOREIRAR_2025-11-05_G25,10109862MOREIRAR,2025-11-05,111433,1,2,0,106.0
10109862MOREIRAR_2025-11-05_G26,10109862MOREIRAR,2025-11-05,111463,1,4,0,57.0
10109862MOREIRAR_2025-11-05_G27,10109862MOREIRAR,2025-11-05,108794,1,4,0,108.0
10109862MOREIRAR_2025-11-05_G28,10109862MOREIRAR,2025-11-05,110372,1,6,0,151.0
10109862MOREIRAR_2025-11-05_G29,10109862MOREIRAR,2025-11-05,118283,1,8,0,273.0
10109862MOREIRAR_2025-11-06_G04,10109862MOREIRAR,2025-11-06,108701,1,13,0,125.0
10109862MOREIRAR_2025-11-06_G05,10109862MOREIRAR,2025-11-06,117856,1,4,0,91.0
10109862MOREIRAR_2025-11-06_G06,10109862MOREIRAR,2025-11-06,118094,1,10,0,84.0
10109862MOREIRAR_2025-11-06_G07,10109862MOREIRAR,2025-11-06,110741,1,12,0,80.0
10109862MOREIRAR_2025-11-06_G08,10109862MOREIRAR,2025-11-06,109647,1,8,0,281.0
10109862MOREIRAR_2025-11-06_G09,10109862MOREIRAR,2025-11-06,111876,1,8,0,102.0
10109862MOREIRAR_2025-11-06_G10,10109862MOREIRAR,2025-11-06,140923,1,12,0,223.0
10109862MOREIRAR_2025-11-06_G11,10109862MOREIRAR,2025-11-06,110753,1,12,0,128.0
10109862MOREIRAR_2025-11-06_G12,10109862MOREIRAR,2025-11-06,111650,1,4,0,68.0
10109862MOREIRAR_2025-11-06_G13,10109862MOREIRAR,2025-11-06,117853,1,12,0,436.0
10109862MOREIRAR_2025-11-06_G14,10109862MOREIRAR,2025-11-06,110733,1,14,0,161.0
10109862MOREIRAR_2025-11-06_G15,10109862MOREIRAR,2025-11-06,110750,1,8,0,86.0
10109862MOREIRAR_2025-11-06_G16,10109862MOREIRAR,2025-11-06,107629,2,13,20,117.0
10109862MOREIRAR_2025-11-06_G17,10109862MOREIRAR,2025-11-06,117935,1,13,0,144.0
10109862MOREIRAR_2025-11-06_G18,10109862MOREIRAR,2025-11-06,110752,1,26,0,255.0
10109862MOREIRAR_2025-11-06_G19,10109862MOREIRAR,2025-11-06,111467,1,14,0,231.0
10109862MOREIRAR_2025-11-06_G20,10109862MOREIRAR,2025-11-06,110339,1,20,0,262.0
10109862MOREIRAR_2025-11-06_G21,10109862MOREIRAR,2025-11-06,109640,1,18,0,499.0
10109862MOREIRAR_2025-11-06_G22,10109862MOREIRAR,2025-11-06,111602,1,24,0,324.0
10109862MOREIRAR_2025-11-06_G23,10109862MOREIRAR,2025-11-06,118299,1,60,0,470.0
10109862MOREIRAR_2025-11-06_G24,10109862MOREIRAR,2025-11-06,141202,1,40,0,233.0
10109862MOREIRAR_2025-11-06_G26,10109862MOREIRAR,2025-11-06,110740,1,10,0,78.0
10109862MOREIRAR_2025-11-06_G27,10109862MOREIRAR,2025-11-06,111469,1,2,0,81.0
10109862MOREIRAR_2025-11-06_G28,10109862MOREIRAR,2025-11-06,111466,1,6,0,116.0
10109862MOREIRAR_2025-11-06_G29,10109862MOREIRAR,2025-11-06,141458,1,8,0,93.0
10109862MOREIRAR_2025-11-07_G02,10109862MOREIRAR,2025-11-07,140923,1,14,0,146.0
10109862MOREIRAR_2025-11-07_G03,10109862MOREIRAR,2025-11-07,117786,1,10,0,81.0
10109862MOREIRAR_2025-11-07_G04,10109862MOREIRAR,2025-11-07,"117862, 117965",2,13,14,68.0
10109862MOREIRAR_2025-11-07_G05,10109862MOREIRAR,2025-11-07,111463,1,6,0,200.0
10109862MOREIRAR_2025-11-07_G06,10109862MOREIRAR,2025-11-07,110740,1,10,0,154.0
10109862MOREIRAR_2025-11-07_G07,10109862MOREIRAR,2025-11-07,117785,1,6,0,123.0
10109862MOREIRAR_2025-11-07_G08,10109862MOREIRAR,2025-11-07,117808,1,4,0,335.0
10109862MOREIRAR_2025-11-07_G09,10109862MOREIRAR,2025-11-07,110372,1,7,0,48.0
10109862MOREIRAR_2025-11-07_G10,10109862MOREIRAR,2025-11-07,118299,1,18,0,58.0
10109862MOREIRAR_2025-11-07_G11,10109862MOREIRAR,2025-11-07,110373,1,7,0,167.0
10109862MOREIRAR_2025-11-07_G12,10109862MOREIRAR,2025-11-07,118269,1,4,0,386.0
10109862MOREIRAR_2025-11-07_G13,10109862MOREIRAR,2025-11-07,111438,1,8,0,64.0
10109862MOREIRAR_2025-11-07_G14,10109862MOREIRAR,2025-11-07,111439,1,1,0,47.0
10109862MOREIRAR_2025-11-07_G15,10109862MOREIRAR,2025-11-07,117786,1,2,0,70.0
10109862MOREIRAR_2025-11-07_G16,10109862MOREIRAR,2025-11-07,110711,1,2,0,68.0
10109862MOREIRAR_2025-11-07_G17,10109862MOREIRAR,2025-11-07,117821,1,10,0,159.0
10109862MOREIRAR_2025-11-07_G18,10109862MOREIRAR,2025-11-07,111418,1,5,0,50.0
10109862MOREIRAR_2025-11-07_G19,10109862MOREIRAR,2025-11-07,111443,1,3,0,84.0
10109862MOREIRAR_2025-11-07_G20,10109862MOREIRAR,2025-11-07,110740,1,8,0,118.0
10109862MOREIRAR_2025-11-07_G21,10109862MOREIRAR,2025-11-07,118140,1,5,0,109.0
10109862MOREIRAR_2025-11-07_G22,10109862MOREIRAR,2025-11-07,140922,1,3,0,41.0
10109862MOREIRAR_2025-11-07_G23,10109862MOREIRAR,2025-11-07,141457,1,8,0,260.0
10109862MOREIRAR_2025-11-07_G24,10109862MOREIRAR,2025-11-07,111469,1,5,0,69.0
10109862MOREIRAR_2025-11-07_G25,10109862MOREIRAR,2025-11-07,111434,1,4,0,78.0
10109862MOREIRAR_2025-11-07_G26,10109862MOREIRAR,2025-11-07,141456,1,8,0,81.0
10109862MOREIRAR_2025-11-07_G27,10109862MOREIRAR,2025-11-07,111466,1,5,0,78.0
10109862MOREIRAR_2025-11-07_G28,10109862MOREIRAR,2025-11-07,117785,1,10,0,244.0
10109862MOREIRAR_2025-11-07_G29,10109862MOREIRAR,2025-11-07,111462,1,2,0,61.0
10109862MOREIRAR_2025-11-07_G30,10109862MOREIRAR,2025-11-07,141458,1,4,0,64.0
10109862MOREIRAR_2025-11-07_G31,10109862MOREIRAR,2025-11-07,110374,1,15,0,279.0
10109862MOREIRAR_2025-11-07_G32,10109862MOREIRAR,2025-11-07,117820,1,10,0,92.0
10109862MOREIRAR_2025-11-07_G33,10109862MOREIRAR,2025-11-07,117832,1,4,0,128.0
10109862MOREIRAR_2025-11-07_G34,10109862MOREIRAR,2025-11-07,117808,1,10,0,386.0
10109862MOREIRAR_2025-11-07_G35,10109862MOREIRAR,2025-11-07,110372,1,40,0,146.0
10109862MOREIRAR_2025-11-07_G36,10109862MOREIRAR,2025-11-07,118299,1,20,0,133.0
10109862MOREIRAR_2025-11-07_G37,10109862MOREIRAR,2025-11-07,110371,1,10,0,130.0
10109862MOREIRAR_2025-11-07_G38,10109862MOREIRAR,2025-11-07,110373,1,10,0,77.0
10109862MOREIRAR_2025-11-07_G39,10109862MOREIRAR,2025-11-07,117808,1,150,0,172.0
10109862MOREIRAR_2025-11-07_G40,10109862MOREIRAR,2025-11-07,110372,1,180,0,942.0
10109862MOREIRAR_2025-11-07_G41,10109862MOREIRAR,2025-11-07,118299,1,60,0,998.0
10109862MOREIRAR_2025-11-07_G42,10109862MOREIRAR,2025-11-07,110371,1,40,0,474.0
10109862MOREIRAR_2025-11-07_G43,10109862MOREIRAR,2025-11-07,111602,1,12,0,636.0
10109862MOREIRAR_2025-11-07_G46,10109862MOREIRAR,2025-11-07,118271,1,14,0,115.0
10109862MOREIRAR_2025-11-07_G47,10109862MOREIRAR,2025-11-07,110374,1,20,0,225.0
10109862MOREIRAR_2025-11-07_G48,10109862MOREIRAR,2025-11-07,117809,1,100,0,135.0
10109862MOREIRAR_2025-11-07_G49,10109862MOREIRAR,2025-11-07,109648,1,6,0,403.0
10109862MOREIRAR_2025-11-07_G50,10109862MOREIRAR,2025-11-07,117820,1,140,0,401.0
10109862MOREIRAR_2025-11-07_G51,10109862MOREIRAR,2025-11-07,117832,1,220,0,1327.0
10109862MOREIRAR_2025-11-07_G53,10109862MOREIRAR,2025-11-07,110373,1,106,0,245.0
10109862MOREIRAR_2025-11-08_G02,10109862MOREIRAR,2025-11-08,111348,1,40,0,396.0
10109862MOREIRAR_2025-11-08_G03,10109862MOREIRAR,2025-11-08,110743,1,10,0,197.0
10109862MOREIRAR_2025-11-08_G04,10109862MOREIRAR,2025-11-08,111468,1,21,0,135.0
10109862MOREIRAR_2025-11-08_G05,10109862MOREIRAR,2025-11-08,105705,1,4,0,2402.0
10109862MOREIRAR_2025-11-08_G06,10109862MOREIRAR,2025-11-08,109645,1,12,0,160.0
10109862MOREIRAR_2025-11-08_G07,10109862MOREIRAR,2025-11-08,117821,1,30,0,347.0
10109862MOREIRAR_2025-11-08_G08,10109862MOREIRAR,2025-11-08,111418,1,70,0,666.0
10109862MOREIRAR_2025-11-08_G09,10109862MOREIRAR,2025-11-08,111182,1,2,0,1199.0
10109862MOREIRAR_2025-11-08_G10,10109862MOREIRAR,2025-11-08,"111443, 110740",2,4,17,48.0
10109862MOREIRAR_2025-11-08_G11,10109862MOREIRAR,2025-11-08,118140,1,60,0,182.0
10109862MOREIRAR_2025-11-08_G12,10109862MOREIRAR,2025-11-08,141823,1,4,0,190.0
10109862MOREIRAR_2025-11-08_G13,10109862MOREIRAR,2025-11-08,140922,1,6,0,80.0
10109862MOREIRAR_2025-11-08_G14,10109862MOREIRAR,2025-11-08,110787,1,3,0,71.0
10109862MOREIRAR_2025-11-08_G15,10109862MOREIRAR,2025-11-08,141457,1,60,0,655.0
10109862MOREIRAR_2025-11-08_G16,10109862MOREIRAR,2025-11-08,117842,1,2,0,213.0
10109862MOREIRAR_2025-11-08_G17,10109862MOREIRAR,2025-11-08,141456,1,30,0,257.0
10109862MOREIRAR_2025-11-08_G18,10109862MOREIRAR,2025-11-08,117841,1,2,0,78.0
10109862MOREIRAR_2025-11-08_G19,10109862MOREIRAR,2025-11-08,108794,1,2,0,33.0
10109862MOREIRAR_2025-11-08_G20,10109862MOREIRAR,2025-11-08,108711,1,10,0,117.0
10109862MOREIRAR_2025-11-08_G21,10109862MOREIRAR,2025-11-08,117787,1,3,0,60.0
10109862MOREIRAR_2025-11-08_G22,10109862MOREIRAR,2025-11-08,109641,1,2,0,49.0
10109862MOREIRAR_2025-11-08_G23,10109862MOREIRAR,2025-11-08,117833,1,6,0,235.0
10109862MOREIRAR_2025-11-08_G24,10109862MOREIRAR,2025-11-08,117785,1,70,0,129.0
10109862MOREIRAR_2025-11-08_G25,10109862MOREIRAR,2025-11-08,111462,1,30,0,564.0
10109862MOREIRAR_2025-11-08_G26,10109862MOREIRAR,2025-11-08,111743,1,6,0,57.0
10109862MOREIRAR_2025-11-08_G27,10109862MOREIRAR,2025-11-08,141458,1,30,0,309.0
10109862MOREIRAR_2025-11-08_G28,10109862MOREIRAR,2025-11-08,117831,1,40,0,489.0
10109862MOREIRAR_2025-11-08_G29,10109862MOREIRAR,2025-11-08,111532,1,4,0,118.0
10109862MOREIRAR_2025-11-08_G30,10109862MOREIRAR,2025-11-08,111465,1,12,0,104.0
10109862MOREIRAR_2025-11-09_G02,10109862MOREIRAR,2025-11-09,140922,1,7,0,132.0
10109862MOREIRAR_2025-11-09_G03,10109862MOREIRAR,2025-11-09,116241,1,2,0,103.0
10109862MOREIRAR_2025-11-09_G04,10109862MOREIRAR,2025-11-09,117785,1,1,0,103.0
10109862MOREIRAR_2025-11-09_G05,10109862MOREIRAR,2025-11-09,117809,1,2,0,118.0
10109862MOREIRAR_2025-11-09_G06,10109862MOREIRAR,2025-11-09,117808,1,6,0,113.0
10109862MOREIRAR_2025-11-09_G07,10109862MOREIRAR,2025-11-09,110372,1,20,0,160.0
10109862MOREIRAR_2025-11-09_G08,10109862MOREIRAR,2025-11-09,141202,1,1,0,69.0
10109862MOREIRAR_2025-11-09_G09,10109862MOREIRAR,2025-11-09,111569,1,2,0,76.0
10109862MOREIRAR_2025-11-09_G10,10109862MOREIRAR,2025-11-09,117862,1,2,0,126.0
10109862MOREIRAR_2025-11-09_G11,10109862MOREIRAR,2025-11-09,140923,1,2,0,115.0
10109862MOREIRAR_2025-11-09_G12,10109862MOREIRAR,2025-11-09,117821,1,2,0,100.0
10109862MOREIRAR_2025-11-09_G13,10109862MOREIRAR,2025-11-09,117809,1,3,0,50.0
10109862MOREIRAR_2025-11-09_G14,10109862MOREIRAR,2025-11-09,117830,1,2,0,53.0
10109862MOREIRAR_2025-11-09_G15,10109862MOREIRAR,2025-11-09,141457,1,2,0,177.0
10109862MOREIRAR_2025-11-09_G16,10109862MOREIRAR,2025-11-09,110895,1,2,0,292.0
10109862MOREIRAR_2025-11-09_G17,10109862MOREIRAR,2025-11-09,117831,1,4,0,70.0
10109862MOREIRAR_2025-11-09_G18,10109862MOREIRAR,2025-11-09,"117809, 117820",2,3,25,85.0
10109862MOREIRAR_2025-11-09_G19,10109862MOREIRAR,2025-11-09,117862,1,2,0,71.0
10109862MOREIRAR_2025-11-09_G20,10109862MOREIRAR,2025-11-09,118140,1,1,0,40.0
10109862MOREIRAR_2025-11-09_G21,10109862MOREIRAR,2025-11-09,140922,1,4,0,60.0
10109862MOREIRAR_2025-11-09_G22,10109862MOREIRAR,2025-11-09,"108772, 117808",2,13,16,172.0
10109862MOREIRAR_2025-11-09_G23,10109862MOREIRAR,2025-11-09,110372,1,11,0,75.0
10109862MOREIRAR_2025-11-09_G24,10109862MOREIRAR,2025-11-09,141456,1,2,0,106.0
10109862MOREIRAR_2025-11-09_G25,10109862MOREIRAR,2025-11-09,111468,1,2,0,65.0
10109862MOREIRAR_2025-11-09_G26,10109862MOREIRAR,2025-11-09,118299,1,25,0,55.0
10109862MOREIRAR_2025-11-09_G27,10109862MOREIRAR,2025-11-09,117785,1,6,0,194.0
10109862MOREIRAR_2025-11-09_G28,10109862MOREIRAR,2025-11-09,111418,1,2,0,102.0
10109862MOREIRAR_2025-11-09_G29,10109862MOREIRAR,2025-11-09,140923,1,2,0,225.0
10109862MOREIRAR_2025-11-09_G30,10109862MOREIRAR,2025-11-09,110339,1,2,0,111.0
10109862MOREIRAR_2025-11-09_G31,10109862MOREIRAR,2025-11-09,141457,1,4,0,122.0
10109862MOREIRAR_2025-11-09_G32,10109862MOREIRAR,2025-11-09,111469,1,2,0,62.0
10109862MOREIRAR_2025-11-09_G33,10109862MOREIRAR,2025-11-09,117809,1,2,0,49.0
10109862MOREIRAR_2025-11-09_G34,10109862MOREIRAR,2025-11-09,117830,1,2,0,31.0
10109862MOREIRAR_2025-11-09_G35,10109862MOREIRAR,2025-11-09,"141456, 111468",2,3,12,98.0
10109862MOREIRAR_2025-11-09_G36,10109862MOREIRAR,2025-11-09,118299,1,3,0,90.0
10109862MOREIRAR_2025-11-09_G37,10109862MOREIRAR,2025-11-09,111418,1,2,0,47.0
10109862MOREIRAR_2025-11-09_G38,10109862MOREIRAR,2025-11-09,117786,1,12,0,567.0
10109862MOREIRAR_2025-11-09_G39,10109862MOREIRAR,2025-11-09,111348,1,1,0,49.0
10109862MOREIRAR_2025-11-09_G40,10109862MOREIRAR,2025-11-09,111743,1,7,0,424.0
10109862MOREIRAR_2025-11-09_G41,10109862MOREIRAR,2025-11-09,111465,1,7,0,298.0
10109862MOREIRAR_2025-11-09_G42,10109862MOREIRAR,2025-11-09,117808,1,12,0,43.0
10109862MOREIRAR_2025-11-09_G43,10109862MOREIRAR,2025-11-09,110372,1,50,0,641.0
10109862MOREIRAR_2025-11-09_G44,10109862MOREIRAR,2025-11-09,110756,1,2,0,402.0
10109862MOREIRAR_2025-11-09_G45,10109862MOREIRAR,2025-11-09,108772,1,2,0,113.0
10109862MOREIRAR_2025-11-09_G46,10109862MOREIRAR,2025-11-09,109645,1,2,0,456.0
10109862MOREIRAR_2025-11-09_G47,10109862MOREIRAR,2025-11-09,117838,1,4,0,156.0
10109862MOREIRAR_2025-11-09_G48,10109862MOREIRAR,2025-11-09,141457,1,2,0,63.0
10109862MOREIRAR_2025-11-09_G49,10109862MOREIRAR,2025-11-09,117833,1,4,0,119.0
10109862MOREIRAR_2025-11-09_G50,10109862MOREIRAR,2025-11-09,141458,1,2,0,89.0
10109862MOREIRAR_2025-11-09_G51,10109862MOREIRAR,2025-11-09,117820,1,2,0,117.0
10109862MOREIRAR_2025-11-09_G52,10109862MOREIRAR,2025-11-09,117830,1,2,0,79.0
10109862MOREIRAR_2025-11-09_G53,10109862MOREIRAR,2025-11-09,117862,1,2,0,113.0
10109862MOREIRAR_2025-11-09_G54,10109862MOREIRAR,2025-11-09,110895,1,3,0,105.0
10109862MOREIRAR_2025-11-09_G55,10109862MOREIRAR,2025-11-09,111418,1,2,0,43.0
10109862MOREIRAR_2025-11-09_G56,10109862MOREIRAR,2025-11-09,117808,1,7,0,84.0
10109862MOREIRAR_2025-11-09_G57,10109862MOREIRAR,2025-11-09,110372,1,3,0,299.0
10109862MOREIRAR_2025-11-09_G58,10109862MOREIRAR,2025-11-09,108711,1,6,0,487.0
10109862MOREIRAR_2025-11-09_G59,10109862MOREIRAR,2025-11-09,140923,1,4,0,191.0
10109862MOREIRAR_2025-11-09_G60,10109862MOREIRAR,2025-11-09,111569,1,2,0,41.0
10109862MOREIRAR_2025-11-09_G61,10109862MOREIRAR,2025-11-09,111743,1,1,0,118.0
10109862MOREIRAR_2025-11-10_G02,10109862MOREIRAR,2025-11-10,117831,1,1,0,113.0
10109862MOREIRAR_2025-11-10_G03,10109862MOREIRAR,2025-11-10,109643,1,4,0,147.0
10109862MOREIRAR_2025-11-10_G04,10109862MOREIRAR,2025-11-10,117832,1,4,0,235.0
10109862MOREIRAR_2025-11-10_G05,10109862MOREIRAR,2025-11-10,117820,1,2,0,44.0
10109862MOREIRAR_2025-11-10_G06,10109862MOREIRAR,2025-11-10,118140,1,2,0,74.0
10109862MOREIRAR_2025-11-10_G07,10109862MOREIRAR,2025-11-10,141457,1,2,0,236.0
10109862MOREIRAR_2025-11-10_G08,10109862MOREIRAR,2025-11-10,117808,1,12,0,130.0
10109862MOREIRAR_2025-11-10_G09,10109862MOREIRAR,2025-11-10,141456,1,2,0,113.0
10109862MOREIRAR_2025-11-10_G10,10109862MOREIRAR,2025-11-10,108711,1,2,0,71.0
10109862MOREIRAR_2025-11-10_G11,10109862MOREIRAR,2025-11-10,111743,1,4,0,129.0
10109862MOREIRAR_2025-11-10_G12,10109862MOREIRAR,2025-11-10,141458,1,4,0,125.0
10109862MOREIRAR_2025-11-10_G13,10109862MOREIRAR,2025-11-10,110733,1,4,0,95.0
10109862MOREIRAR_2025-11-10_G14,10109862MOREIRAR,2025-11-10,141457,1,8,0,150.0
10109862MOREIRAR_2025-11-10_G15,10109862MOREIRAR,2025-11-10,117820,1,4,0,172.0
10109862MOREIRAR_2025-11-10_G16,10109862MOREIRAR,2025-11-10,117833,1,2,0,121.0
10109862MOREIRAR_2025-11-10_G17,10109862MOREIRAR,2025-11-10,117854,3,12,31,1088.0
10109862MOREIRAR_2025-11-10_G18,10109862MOREIRAR,2025-11-10,117854,1,6,0,32.0
10109862MOREIRAR_2025-11-10_G19,10109862MOREIRAR,2025-11-10,140922,1,12,0,754.0
10109862MOREIRAR_2025-11-10_G20,10109862MOREIRAR,2025-11-10,140922,1,4,0,33.0
10109862MOREIRAR_2025-11-10_G21,10109862MOREIRAR,2025-11-10,140922,7,42,72,32.0
10109862MOREIRAR_2025-11-10_G22,10109862MOREIRAR,2025-11-10,111442,1,12,0,489.0
10109862MOREIRAR_2025-11-10_G23,10109862MOREIRAR,2025-11-10,117836,1,6,0,930.0
10109862MOREIRAR_2025-11-10_G24,10109862MOREIRAR,2025-11-10,117834,1,6,0,143.0
10109862MOREIRAR_2025-11-10_G25,10109862MOREIRAR,2025-11-10,110895,1,6,0,143.0
10109862MOREIRAR_2025-11-10_G26,10109862MOREIRAR,2025-11-10,"110733, 110711",2,10,21,328.0
10109862MOREIRAR_2025-11-10_G27,10109862MOREIRAR,2025-11-10,140923,1,6,0,174.0
10109862MOREIRAR_2025-11-10_G28,10109862MOREIRAR,2025-11-10,110740,1,20,0,463.0
10109862MOREIRAR_2025-11-10_G29,10109862MOREIRAR,2025-11-10,117831,1,20,0,1330.0
10109862MOREIRAR_2025-11-10_G30,10109862MOREIRAR,2025-11-10,111435,1,4,0,131.0
10109862MOREIRAR_2025-11-10_G31,10109862MOREIRAR,2025-11-10,117785,1,10,0,529.0
10109862MOREIRAR_2025-11-10_G32,10109862MOREIRAR,2025-11-10,111442,1,20,0,143.0
10109862MOREIRAR_2025-11-10_G34,10109862MOREIRAR,2025-11-10,"117854, 117820",2,32,29,661.0
10109862MOREIRAR_2025-11-10_G35,10109862MOREIRAR,2025-11-10,105705,1,2,0,534.0
10109862MOREIRAR_2025-11-10_G36,10109862MOREIRAR,2025-11-10,110740,1,22,0,250.0
10109862MOREIRAR_2025-11-10_G37,10109862MOREIRAR,2025-11-10,110787,1,2,0,77.0
10109862MOREIRAR_2025-11-10_G38,10109862MOREIRAR,2025-11-10,141456,1,4,0,175.0
10109862MOREIRAR_2025-11-10_G39,10109862MOREIRAR,2025-11-10,111468,1,4,0,45.0
10109862MOREIRAR_2025-11-10_G40,10109862MOREIRAR,2025-11-10,111466,1,8,0,105.0
10109862MOREIRAR_2025-11-10_G41,10109862MOREIRAR,2025-11-10,111442,1,4,0,146.0
10109862MOREIRAR_2025-11-10_G42,10109862MOREIRAR,2025-11-10,111462,1,4,0,100.0
10109862MOREIRAR_2025-11-10_G43,10109862MOREIRAR,2025-11-10,111418,1,40,0,417.0
10109862MOREIRAR_2025-11-10_G44,10109862MOREIRAR,2025-11-10,110748,1,4,0,826.0
10109862MOREIRAR_2025-11-10_G45,10109862MOREIRAR,2025-11-10,105705,1,2,0,203.0
10109862MOREIRAR_2025-11-10_G46,10109862MOREIRAR,2025-11-10,109645,1,6,0,89.0
10109862MOREIRAR_2025-11-10_G47,10109862MOREIRAR,2025-11-10,117831,1,30,0,644.0
10109862MOREIRAR_2025-11-10_G48,10109862MOREIRAR,2025-11-10,110740,1,20,0,199.0
10109862MOREIRAR_2025-11-10_G49,10109862MOREIRAR,2025-11-10,110745,1,3,0,77.0
10109862MOREIRAR_2025-11-10_G50,10109862MOREIRAR,2025-11-10,117838,1,10,0,275.0
10109862MOREIRAR_2025-11-10_G51,10109862MOREIRAR,2025-11-10,140922,1,20,0,342.0
10109862MOREIRAR_2025-11-10_G52,10109862MOREIRAR,2025-11-10,111348,1,3,0,67.0
10109862MOREIRAR_2025-11-10_G53,10109862MOREIRAR,2025-11-10,108798,1,10,0,147.0
10109862MOREIRAR_2025-11-10_G54,10109862MOREIRAR,2025-11-10,111418,1,50,0,131.0
10109862MOREIRAR_2025-11-10_G55,10109862MOREIRAR,2025-11-10,117842,1,1,0,195.0
10109862MOREIRAR_2025-11-10_G56,10109862MOREIRAR,2025-11-10,111468,1,20,0,227.0
10109862MOREIRAR_2025-11-10_G57,10109862MOREIRAR,2025-11-10,116241,1,1,0,68.0
10109862MOREIRAR_2025-11-10_G58,10109862MOREIRAR,2025-11-10,108711,1,10,0,86.0
10109862MOREIRAR_2025-11-10_G59,10109862MOREIRAR,2025-11-10,117787,1,20,0,475.0
10109862MOREIRAR_2025-11-10_G60,10109862MOREIRAR,2025-11-10,109641,1,10,0,149.0
10109862MOREIRAR_2025-11-10_G61,10109862MOREIRAR,2025-11-10,117785,1,60,0,209.0
10109862MOREIRAR_2025-11-10_G62,10109862MOREIRAR,2025-11-10,111532,2,47,10,469.0
10109862MOREIRAR_2025-11-10_G64,10109862MOREIRAR,2025-11-10,111879,1,8,0,199.0
10109862MOREIRAR_2025-11-10_G65,10109862MOREIRAR,2025-11-10,117861,1,16,0,55.0
10109862MOREIRAR_2025-11-10_G66,10109862MOREIRAR,2025-11-10,110581,1,2,0,148.0
10109862MOREIRAR_2025-11-11_G02,10109862MOREIRAR,2025-11-11,111602,1,40,0,657.0
10109862MOREIRAR_2025-11-11_G03,10109862MOREIRAR,2025-11-11,111467,1,10,0,153.0
10109862MOREIRAR_2025-11-11_G04,10109862MOREIRAR,2025-11-11,108772,1,15,0,524.0
10109862MOREIRAR_2025-11-11_G05,10109862MOREIRAR,2025-11-11,109974,1,3,0,2419.0
10109862MOREIRAR_2025-11-11_G06,10109862MOREIRAR,2025-11-11,111110,1,2,0,136.0
10109862MOREIRAR_2025-11-11_G07,10109862MOREIRAR,2025-11-11,108771,1,3,0,183.0
10109862MOREIRAR_2025-11-11_G08,10109862MOREIRAR,2025-11-11,118418,1,16,0,226.0
10109862MOREIRAR_2025-11-11_G09,10109862MOREIRAR,2025-11-11,103148,1,1,0,124.0
10109862MOREIRAR_2025-11-11_G10,10109862MOREIRAR,2025-11-11,141286,1,2,0,206.0
10109862MOREIRAR_2025-11-11_G11,10109862MOREIRAR,2025-11-11,110317,1,2,0,178.0
10109862MOREIRAR_2025-11-11_G12,10109862MOREIRAR,2025-11-11,110354,1,8,0,160.0
10109862MOREIRAR_2025-11-11_G13,10109862MOREIRAR,2025-11-11,118442,1,2,0,216.0
10109862MOREIRAR_2025-11-11_G14,10109862MOREIRAR,2025-11-11,100334,1,42,0,518.0
10109862MOREIRAR_2025-11-11_G15,10109862MOREIRAR,2025-11-11,115234,1,4,0,123.0
10109862MOREIRAR_2025-11-11_G16,10109862MOREIRAR,2025-11-11,114650,1,4,0,278.0
10109862MOREIRAR_2025-11-11_G17,10109862MOREIRAR,2025-11-11,108759,1,40,0,462.0
10109862MOREIRAR_2025-11-11_G18,10109862MOREIRAR,2025-11-11,110841,1,2,0,245.0
10109862MOREIRAR_2025-11-11_G19,10109862MOREIRAR,2025-11-11,118283,1,30,0,244.0
10109862MOREIRAR_2025-11-11_G20,10109862MOREIRAR,2025-11-11,118363,1,8,0,207.0
10109862MOREIRAR_2025-11-11_G21,10109862MOREIRAR,2025-11-11,111440,1,4,0,58.0
10109862MOREIRAR_2025-11-11_G22,10109862MOREIRAR,2025-11-11,107254,1,12,0,289.0
10109862MOREIRAR_2025-11-11_G23,10109862MOREIRAR,2025-11-11,108031,1,2,0,49.0
10109862MOREIRAR_2025-11-11_G24,10109862MOREIRAR,2025-11-11,111793,1,2,0,804.0
10109862MOREIRAR_2025-11-11_G25,10109862MOREIRAR,2025-11-11,105359,1,2,0,126.0
10109862MOREIRAR_2025-11-11_G26,10109862MOREIRAR,2025-11-11,118229,1,4,0,185.0
10109862MOREIRAR_2025-11-11_G27,10109862MOREIRAR,2025-11-11,111850,1,1,0,143.0
10109862MOREIRAR_2025-11-11_G28,10109862MOREIRAR,2025-11-11,117789,1,2,0,48.0
10109862MOREIRAR_2025-11-11_G29,10109862MOREIRAR,2025-11-11,108770,1,33,0,652.0
10109862MOREIRAR_2025-11-11_G31,10109862MOREIRAR,2025-11-11,141318,1,20,0,422.0
10109862MOREIRAR_2025-11-11_G32,10109862MOREIRAR,2025-11-11,117789,1,5,0,107.0
10109862MOREIRAR_2025-11-11_G33,10109862MOREIRAR,2025-11-11,118094,1,40,0,725.0
10109862MOREIRAR_2025-11-11_G34,10109862MOREIRAR,2025-11-11,117788,1,20,0,251.0
10109862MOREIRAR_2025-11-11_G35,10109862MOREIRAR,2025-11-11,117861,1,171,0,681.0
10109862MOREIRAR_2025-11-11_G36,10109862MOREIRAR,2025-11-11,117862,1,100,0,412.0
10109862MOREIRAR_2025-11-11_G37,10109862MOREIRAR,2025-11-11,118140,1,200,0,548.0
10109862MOREIRAR_2025-11-11_G38,10109862MOREIRAR,2025-11-11,105705,1,40,0,327.0
10109862MOREIRAR_2025-11-11_G39,10109862MOREIRAR,2025-11-11,108795,1,60,0,312.0
10109862MOREIRAR_2025-11-11_G40,10109862MOREIRAR,2025-11-11,141456,1,100,0,273.0
10109862MOREIRAR_2025-11-11_G41,10109862MOREIRAR,2025-11-11,141457,1,100,0,189.0
10109862MOREIRAR_2025-11-11_G42,10109862MOREIRAR,2025-11-11,111743,1,80,0,334.0
10109862MOREIRAR_2025-11-11_G43,10109862MOREIRAR,2025-11-11,111330,2,31,9,1450.0
10109862MOREIRAR_2025-11-11_G44,10109862MOREIRAR,2025-11-11,111330,1,370,0,1452.0
10109862MOREIRAR_2025-11-11_G45,10109862MOREIRAR,2025-11-11,111434,1,232,0,2836.0
10109862MOREIRAR_2025-11-12_G03,10109862MOREIRAR,2025-11-12,111569,1,1,0,572.0
10109862MOREIRAR_2025-11-12_G04,10109862MOREIRAR,2025-11-12,118094,1,2,0,110.0
10109862MOREIRAR_2025-11-12_G05,10109862MOREIRAR,2025-11-12,105705,1,4,0,51.0
10109862MOREIRAR_2025-11-12_G06,10109862MOREIRAR,2025-11-12,117821,1,6,0,106.0
10109862MOREIRAR_2025-11-12_G07,10109862MOREIRAR,2025-11-12,117831,1,24,0,132.0
10109862MOREIRAR_2025-11-12_G08,10109862MOREIRAR,2025-11-12,118140,1,2,0,140.0
10109862MOREIRAR_2025-11-12_G09,10109862MOREIRAR,2025-11-12,111467,1,10,0,118.0
10109862MOREIRAR_2025-11-12_G10,10109862MOREIRAR,2025-11-12,108711,1,3,0,45.0
10109862MOREIRAR_2025-11-12_G11,10109862MOREIRAR,2025-11-12,141456,1,30,0,312.0
10109862MOREIRAR_2025-11-12_G13,10109862MOREIRAR,2025-11-12,118416,1,2,0,76.0
10109862MOREIRAR_2025-11-12_G14,10109862MOREIRAR,2025-11-12,111199,1,2,0,95.0
10109862MOREIRAR_2025-11-12_G15,10109862MOREIRAR,2025-11-12,118094,1,60,0,466.0
10109862MOREIRAR_2025-11-12_G16,10109862MOREIRAR,2025-11-12,110741,1,10,0,216.0
10109862MOREIRAR_2025-11-12_G17,10109862MOREIRAR,2025-11-12,111876,1,40,0,422.0
10109862MOREIRAR_2025-11-12_G18,10109862MOREIRAR,2025-11-12,111879,1,2,0,144.0
10109862MOREIRAR_2025-11-12_G19,10109862MOREIRAR,2025-11-12,117837,1,6,0,134.0
10109862MOREIRAR_2025-11-12_G20,10109862MOREIRAR,2025-11-12,110753,2,6,8,39.0
10109862MOREIRAR_2025-11-12_G21,10109862MOREIRAR,2025-11-12,111650,1,4,0,75.0
10109862MOREIRAR_2025-11-12_G22,10109862MOREIRAR,2025-11-12,110733,1,10,0,81.0
10109862MOREIRAR_2025-11-12_G23,10109862MOREIRAR,2025-11-12,110750,1,8,0,224.0
10109862MOREIRAR_2025-11-12_G24,10109862MOREIRAR,2025-11-12,117856,1,100,0,401.0
10109862MOREIRAR_2025-11-12_G25,10109862MOREIRAR,2025-11-12,108961,1,2,0,140.0
10109862MOREIRAR_2025-11-12_G26,10109862MOREIRAR,2025-11-12,107629,1,40,0,272.0
10109862MOREIRAR_2025-11-12_G27,10109862MOREIRAR,2025-11-12,141352,1,8,0,180.0
10109862MOREIRAR_2025-11-12_G28,10109862MOREIRAR,2025-11-12,108772,1,50,0,200.0
10109862MOREIRAR_2025-11-12_G29,10109862MOREIRAR,2025-11-12,110752,1,10,0,209.0
10109862MOREIRAR_2025-11-12_G30,10109862MOREIRAR,2025-11-12,141066,1,20,0,221.0
10109862MOREIRAR_2025-11-12_G31,10109862MOREIRAR,2025-11-12,117854,1,22,0,421.0
10109862MOREIRAR_2025-11-12_G32,10109862MOREIRAR,2025-11-12,118289,1,3,0,104.0
10109862MOREIRAR_2025-11-12_G33,10109862MOREIRAR,2025-11-12,160051,1,4,0,672.0
10109862MOREIRAR_2025-11-12_G34,10109862MOREIRAR,2025-11-12,117822,1,20,0,164.0
10109862MOREIRAR_2025-11-12_G35,10109862MOREIRAR,2025-11-12,141202,1,70,0,243.0
10109862MOREIRAR_2025-11-12_G36,10109862MOREIRAR,2025-11-12,110751,1,4,0,2028.0
10109862MOREIRAR_2025-11-12_G37,10109862MOREIRAR,2025-11-12,111330,1,4,0,81.0
10109862MOREIRAR_2025-11-12_G38,10109862MOREIRAR,2025-11-12,110740,1,28,0,200.0
10109862MOREIRAR_2025-11-12_G39,10109862MOREIRAR,2025-11-12,140922,1,14,0,118.0
10109862MOREIRAR_2025-11-12_G40,10109862MOREIRAR,2025-11-12,110787,1,16,0,146.0
10109862MOREIRAR_2025-11-12_G41,10109862MOREIRAR,2025-11-12,118140,1,72,0,183.0
10109862MOREIRAR_2025-11-12_G42,10109862MOREIRAR,2025-11-12,111435,1,7,0,280.0
10109862MOREIRAR_2025-11-12_G43,10109862MOREIRAR,2025-11-12,108798,1,2,0,55.0
10109862MOREIRAR_2025-11-13_G02,10109862MOREIRAR,2025-11-13,111463,1,8,0,438.0
10109862MOREIRAR_2025-11-13_G03,10109862MOREIRAR,2025-11-13,109641,1,12,0,219.0
10109862MOREIRAR_2025-11-13_G04,10109862MOREIRAR,2025-11-13,117833,1,4,0,81.0
10109862MOREIRAR_2025-11-13_G05,10109862MOREIRAR,2025-11-13,141457,1,16,0,165.0
10109862MOREIRAR_2025-11-13_G06,10109862MOREIRAR,2025-11-13,117785,1,200,0,1282.0
10109862MOREIRAR_2025-11-13_G07,10109862MOREIRAR,2025-11-13,111462,1,38,0,269.0
10109862MOREIRAR_2025-11-13_G08,10109862MOREIRAR,2025-11-13,111462,1,22,0,390.0
10109862MOREIRAR_2025-11-13_G09,10109862MOREIRAR,2025-11-13,141456,1,20,0,315.0
10109862MOREIRAR_2025-11-13_G10,10109862MOREIRAR,2025-11-13,110375,1,17,0,1161.0
10109862MOREIRAR_2025-11-13_G11,10109862MOREIRAR,2025-11-13,117832,1,13,0,117.0
10109862MOREIRAR_2025-11-13_G12,10109862MOREIRAR,2025-11-13,110373,1,110,0,88.0
10109862MOREIRAR_2025-11-13_G13,10109862MOREIRAR,2025-11-13,117809,1,45,0,464.0
10109862MOREIRAR_2025-11-13_G14,10109862MOREIRAR,2025-11-13,117820,1,164,0,610.0
10109862MOREIRAR_2025-11-13_G15,10109862MOREIRAR,2025-11-13,110374,1,32,0,158.0
10109862MOREIRAR_2025-11-13_G16,10109862MOREIRAR,2025-11-13,117830,1,36,0,311.0
10109862MOREIRAR_2025-11-13_G18,10109862MOREIRAR,2025-11-13,141457,1,310,0,2645.0
10109862MOREIRAR_2025-11-13_G19,10109862MOREIRAR,2025-11-13,118140,1,550,0,1014.0
10109862MOREIRAR_2025-11-13_G20,10109862MOREIRAR,2025-11-13,109643,1,108,0,894.0
10109862MOREIRAR_2025-11-13_G21,10109862MOREIRAR,2025-11-13,110372,1,415,0,648.0
10109862MOREIRAR_2025-11-13_G23,10109862MOREIRAR,2025-11-13,110751,1,4,0,59.0
10109862MOREIRAR_2025-11-13_G24,10109862MOREIRAR,2025-11-13,108795,1,2,0,214.0
10109862MOREIRAR_2025-11-13_G25,10109862MOREIRAR,2025-11-13,117853,1,2,0,72.0
10109862MOREIRAR_2025-11-13_G26,10109862MOREIRAR,2025-11-13,117856,1,2,0,46.0
10109862MOREIRAR_2025-11-13_G27,10109862MOREIRAR,2025-11-13,117862,1,4,0,99.0
10109862MOREIRAR_2025-11-13_G28,10109862MOREIRAR,2025-11-13,141456,1,2,0,61.0
10109862MOREIRAR_2025-11-13_G29,10109862MOREIRAR,2025-11-13,117785,1,4,0,71.0
10109862MOREIRAR_2025-11-13_G30,10109862MOREIRAR,2025-11-13,111462,1,3,0,72.0
10109862MOREIRAR_2025-11-13_G31,10109862MOREIRAR,2025-11-13,118140,1,4,0,44.0
10109862MOREIRAR_2025-11-13_G32,10109862MOREIRAR,2025-11-13,110339,1,6,0,144.0
10109862MOREIRAR_2025-11-13_G33,10109862MOREIRAR,2025-11-13,141202,1,5,0,69.0
10109862MOREIRAR_2025-11-13_G34,10109862MOREIRAR,2025-11-13,118222,1,2,0,327.0
10109862MOREIRAR_2025-11-14_G02,10109862MOREIRAR,2025-11-14,117831,1,6,0,51.0
10109862MOREIRAR_2025-11-14_G03,10109862MOREIRAR,2025-11-14,117821,1,2,0,49.0
10109862MOREIRAR_2025-11-14_G04,10109862MOREIRAR,2025-11-14,117809,1,2,0,42.0
10109862MOREIRAR_2025-11-14_G05,10109862MOREIRAR,2025-11-14,117820,1,5,0,67.0
10109862MOREIRAR_2025-11-14_G06,10109862MOREIRAR,2025-11-14,117853,1,4,0,36.0
10109862MOREIRAR_2025-11-14_G07,10109862MOREIRAR,2025-11-14,141456,1,4,0,186.0
10109862MOREIRAR_2025-11-14_G08,10109862MOREIRAR,2025-11-14,110372,1,10,0,95.0
10109862MOREIRAR_2025-11-14_G09,10109862MOREIRAR,2025-11-14,"140923, 108772",2,6,30,57.0
10109862MOREIRAR_2025-11-14_G10,10109862MOREIRAR,2025-11-14,117808,1,7,0,53.0
10109862MOREIRAR_2025-11-14_G11,10109862MOREIRAR,2025-11-14,108711,1,2,0,59.0
10109862MOREIRAR_2025-11-14_G12,10109862MOREIRAR,2025-11-14,117787,1,2,0,81.0
10109862MOREIRAR_2025-11-14_G13,10109862MOREIRAR,2025-11-14,110339,1,4,0,118.0
10109862MOREIRAR_2025-11-14_G14,10109862MOREIRAR,2025-11-14,141458,1,4,0,93.0
10109862MOREIRAR_2025-11-14_G15,10109862MOREIRAR,2025-11-14,"110373, 141202",2,5,15,60.0
10109862MOREIRAR_2025-11-14_G16,10109862MOREIRAR,2025-11-14,111446,1,210,0,1747.0
10109862MOREIRAR_2025-11-14_G17,10109862MOREIRAR,2025-11-14,110373,1,866,0,1848.0
10109862MOREIRAR_2025-11-14_G18,10109862MOREIRAR,2025-11-14,117861,1,4,0,577.0
10109862MOREIRAR_2025-11-14_G19,10109862MOREIRAR,2025-11-14,"105705, 117821",2,5,14,79.0
10109862MOREIRAR_2025-11-14_G20,10109862MOREIRAR,2025-11-14,109648,1,4,0,148.0
10109862MOREIRAR_2025-11-14_G21,10109862MOREIRAR,2025-11-14,140922,1,4,0,54.0
10109862MOREIRAR_2025-11-14_G22,10109862MOREIRAR,2025-11-14,160051,1,4,0,131.0
10109862MOREIRAR_2025-11-14_G23,10109862MOREIRAR,2025-11-14,117833,1,4,0,77.0
10109862MOREIRAR_2025-11-14_G24,10109862MOREIRAR,2025-11-14,"141457, 118140",2,15,17,77.0
10109862MOREIRAR_2025-11-14_G25,10109862MOREIRAR,2025-11-14,141271,1,1,0,50.0
10109862MOREIRAR_2025-11-14_G26,10109862MOREIRAR,2025-11-14,141458,1,4,0,51.0
10109862MOREIRAR_2025-11-14_G28,10109862MOREIRAR,2025-11-14,111439,1,2,0,118.0
10109862MOREIRAR_2025-11-14_G29,10109862MOREIRAR,2025-11-14,117820,1,4,0,106.0
10109862MOREIRAR_2025-11-14_G30,10109862MOREIRAR,2025-11-14,108711,1,2,0,82.0
10109862MOREIRAR_2025-11-14_G31,10109862MOREIRAR,2025-11-14,111441,2,8,8,421.0
10109862MOREIRAR_2025-11-14_G32,10109862MOREIRAR,2025-11-14,117834,1,8,0,132.0
10109862MOREIRAR_2025-11-14_G33,10109862MOREIRAR,2025-11-14,110747,1,4,0,131.0
10109862MOREIRAR_2025-11-14_G34,10109862MOREIRAR,2025-11-14,117786,1,8,0,245.0
10109862MOREIRAR_2025-11-14_G35,10109862MOREIRAR,2025-11-14,117808,1,4,0,35.0
10109862MOREIRAR_2025-11-14_G36,10109862MOREIRAR,2025-11-14,111462,1,6,0,149.0
10109862MOREIRAR_2025-11-14_G37,10109862MOREIRAR,2025-11-14,111569,1,5,0,158.0
10109862MOREIRAR_2025-11-14_G38,10109862MOREIRAR,2025-11-14,118222,1,5,0,101.0
10109862MOREIRAR_2025-11-14_G39,10109862MOREIRAR,2025-11-14,111439,1,2,0,167.0
10109862MOREIRAR_2025-11-14_G40,10109862MOREIRAR,2025-11-14,117861,1,2,0,109.0
10109862MOREIRAR_2025-11-14_G41,10109862MOREIRAR,2025-11-14,107629,1,4,0,147.0
10109862MOREIRAR_2025-11-14_G42,10109862MOREIRAR,2025-11-14,117854,1,6,0,185.0
10109862MOREIRAR_2025-11-14_G43,10109862MOREIRAR,2025-11-14,117831,1,4,0,172.0
10109862MOREIRAR_2025-11-14_G44,10109862MOREIRAR,2025-11-14,110751,1,1,0,46.0
10109862MOREIRAR_2025-11-14_G45,10109862MOREIRAR,2025-11-14,111469,1,3,0,114.0
10109862MOREIRAR_2025-11-14_G46,10109862MOREIRAR,2025-11-14,111463,1,3,0,86.0
10109862MOREIRAR_2025-11-14_G47,10109862MOREIRAR,2025-11-14,117787,1,2,0,68.0
10109862MOREIRAR_2025-11-14_G48,10109862MOREIRAR,2025-11-14,110373,1,8,0,60.0
10109862MOREIRAR_2025-11-14_G49,10109862MOREIRAR,2025-11-14,140911,1,8,0,208.0
10109862MOREIRAR_2025-11-14_G50,10109862MOREIRAR,2025-11-14,110740,1,3,0,1801.0
10109862MOREIRAR_2025-11-14_G51,10109862MOREIRAR,2025-11-14,110711,1,10,0,267.0
10109862MOREIRAR_2025-11-14_G52,10109862MOREIRAR,2025-11-14,111532,1,700,0,1121.0
10109862MOREIRAR_2025-11-14_G53,10109862MOREIRAR,2025-11-14,111462,1,550,0,1616.0
10109862MOREIRAR_2025-11-14_G54,10109862MOREIRAR,2025-11-14,110371,1,100,0,319.0
10109862MOREIRAR_2025-11-15_G02,10109862MOREIRAR,2025-11-15,124264,2,101,12,1106.0
10109862MOREIRAR_2025-11-15_G03,10109862MOREIRAR,2025-11-15,122962,1,9,0,2482.0
10109862MOREIRAR_2025-11-15_G04,10109862MOREIRAR,2025-11-15,123344,1,8,0,225.0
10109862MOREIRAR_2025-11-15_G05,10109862MOREIRAR,2025-11-15,123153,1,6,0,455.0
10109862MOREIRAR_2025-11-15_G06,10109862MOREIRAR,2025-11-15,121760,1,75,0,2975.0
10109862MOREIRAR_2025-11-15_G07,10109862MOREIRAR,2025-11-15,121760,1,10,0,100.0
10109862MOREIRAR_2025-11-21_G02,10109862MOREIRAR,2025-11-21,111879,1,8,0,129.0
10109862MOREIRAR_2025-11-21_G03,10109862MOREIRAR,2025-11-21,117861,1,2,0,60.0
10109862MOREIRAR_2025-11-21_G04,10109862MOREIRAR,2025-11-21,111530,1,12,0,157.0
10109862MOREIRAR_2025-11-21_G05,10109862MOREIRAR,2025-11-21,111530,1,16,0,120.0
10109862MOREIRAR_2025-11-21_G06,10109862MOREIRAR,2025-11-21,117837,1,12,0,131.0
10109862MOREIRAR_2025-11-21_G07,10109862MOREIRAR,2025-11-21,110339,1,3,0,881.0
10109862MOREIRAR_2025-11-21_G08,10109862MOREIRAR,2025-11-21,110733,1,24,0,356.0
10109862MOREIRAR_2025-11-21_G09,10109862MOREIRAR,2025-11-21,141047,1,18,0,417.0
10109862MOREIRAR_2025-11-21_G10,10109862MOREIRAR,2025-11-21,141047,2,14,28,74.0
10109862MOREIRAR_2025-11-21_G11,10109862MOREIRAR,2025-11-21,117935,1,12,0,191.0
10109862MOREIRAR_2025-11-21_G12,10109862MOREIRAR,2025-11-21,117935,2,12,8,85.0
10109862MOREIRAR_2025-11-21_G13,10109862MOREIRAR,2025-11-21,117935,1,23,0,167.0
10109862MOREIRAR_2025-11-21_G14,10109862MOREIRAR,2025-11-21,141352,1,12,0,290.0
10109862MOREIRAR_2025-11-21_G15,10109862MOREIRAR,2025-11-21,140923,1,12,0,265.0
10109862MOREIRAR_2025-11-21_G16,10109862MOREIRAR,2025-11-21,117855,1,8,0,156.0
10109862MOREIRAR_2025-11-21_G17,10109862MOREIRAR,2025-11-21,141066,1,24,0,294.0
10109862MOREIRAR_2025-11-21_G18,10109862MOREIRAR,2025-11-21,117854,1,10,0,92.0
10109862MOREIRAR_2025-11-21_G19,10109862MOREIRAR,2025-11-21,117854,1,6,0,40.0
10109862MOREIRAR_2025-11-21_G20,10109862MOREIRAR,2025-11-21,117854,1,8,0,91.0
10109862MOREIRAR_2025-11-21_G21,10109862MOREIRAR,2025-11-21,109640,1,20,0,107.0
10109862MOREIRAR_2025-11-21_G22,10109862MOREIRAR,2025-11-21,110339,1,25,0,933.0
10109862MOREIRAR_2025-11-21_G23,10109862MOREIRAR,2025-11-21,117856,1,48,0,867.0
10109862MOREIRAR_2025-11-21_G24,10109862MOREIRAR,2025-11-21,108759,1,3,0,294.0
10109862MOREIRAR_2025-11-21_G25,10109862MOREIRAR,2025-11-21,107892,1,6,0,196.0
10109862MOREIRAR_2025-11-21_G26,10109862MOREIRAR,2025-11-21,117789,1,8,0,90.0
10109862MOREIRAR_2025-11-21_G27,10109862MOREIRAR,2025-11-21,110754,1,12,0,126.0
10109862MOREIRAR_2025-11-21_G29,10109862MOREIRAR,2025-11-21,118299,1,13,0,249.0
10109862MOREIRAR_2025-11-21_G30,10109862MOREIRAR,2025-11-21,110371,1,10,0,183.0
10109862MOREIRAR_2025-11-21_G31,10109862MOREIRAR,2025-11-21,118251,1,4,0,140.0
10109862MOREIRAR_2025-11-21_G32,10109862MOREIRAR,2025-11-21,140957,1,2,0,115.0
10109862MOREIRAR_2025-11-21_G33,10109862MOREIRAR,2025-11-21,108772,1,2,0,63.0
10109862MOREIRAR_2025-11-21_G34,10109862MOREIRAR,2025-11-21,117855,1,2,0,46.0
10109862MOREIRAR_2025-11-21_G35,10109862MOREIRAR,2025-11-21,111466,1,6,0,105.0
10109862MOREIRAR_2025-11-21_G36,10109862MOREIRAR,2025-11-21,117855,1,5,0,175.0
10109862MOREIRAR_2025-11-21_G37,10109862MOREIRAR,2025-11-21,111418,1,10,0,145.0
10109862MOREIRAR_2025-11-21_G38,10109862MOREIRAR,2025-11-21,110371,1,2,0,64.0
10109862MOREIRAR_2025-11-21_G39,10109862MOREIRAR,2025-11-21,111466,1,3,0,85.0
10109862MOREIRAR_2025-11-21_G40,10109862MOREIRAR,2025-11-21,141916,1,8,0,153.0
10109862MOREIRAR_2025-11-21_G41,10109862MOREIRAR,2025-11-21,111569,1,4,0,331.0
10109862MOREIRAR_2025-11-21_G42,10109862MOREIRAR,2025-11-21,117965,1,12,0,176.0
10109862MOREIRAR_2025-11-21_G43,10109862MOREIRAR,2025-11-21,117855,1,14,0,244.0
10109862MOREIRAR_2025-11-21_G44,10109862MOREIRAR,2025-11-21,111182,1,5,0,277.0
10109862MOREIRAR_2025-11-21_G45,10109862MOREIRAR,2025-11-21,117808,1,10,0,53.0
10109862MOREIRAR_2025-11-21_G46,10109862MOREIRAR,2025-11-21,110339,1,4,0,161.0
10109862MOREIRAR_2025-11-22_G02,10109862MOREIRAR,2025-11-22,111469,1,12,0,126.0
10109862MOREIRAR_2025-11-22_G03,10109862MOREIRAR,2025-11-22,117830,1,8,0,124.0
10109862MOREIRAR_2025-11-22_G04,10109862MOREIRAR,2025-11-22,110371,1,4,0,101.0
10109862MOREIRAR_2025-11-22_G05,10109862MOREIRAR,2025-11-22,117855,1,4,0,132.0
10109862MOREIRAR_2025-11-22_G06,10109862MOREIRAR,2025-11-22,111418,1,13,0,147.0
10109862MOREIRAR_2025-11-22_G07,10109862MOREIRAR,2025-11-22,111469,2,32,12,252.0
10109862MOREIRAR_2025-11-22_G08,10109862MOREIRAR,2025-11-22,111466,1,10,0,157.0
10109862MOREIRAR_2025-11-22_G09,10109862MOREIRAR,2025-11-22,110371,1,5,0,58.0
10109862MOREIRAR_2025-11-22_G10,10109862MOREIRAR,2025-11-22,108759,1,10,0,224.0
10109862MOREIRAR_2025-11-22_G11,10109862MOREIRAR,2025-11-22,141047,1,8,0,305.0
10109862MOREIRAR_2025-11-22_G12,10109862MOREIRAR,2025-11-22,116241,1,8,0,201.0
10109862MOREIRAR_2025-11-22_G13,10109862MOREIRAR,2025-11-22,"117830, 110371",2,5,10,57.0
10109862MOREIRAR_2025-11-22_G14,10109862MOREIRAR,2025-11-22,110500,1,8,0,956.0
10109862MOREIRAR_2025-11-22_G15,10109862MOREIRAR,2025-11-22,110833,1,2,0,151.0
10109862MOREIRAR_2025-11-22_G16,10109862MOREIRAR,2025-11-22,"118418, 118286",2,7,14,82.0
10109862MOREIRAR_2025-11-22_G17,10109862MOREIRAR,2025-11-22,118320,1,2,0,126.0
10109862MOREIRAR_2025-11-22_G18,10109862MOREIRAR,2025-11-22,141420,1,2,0,85.0
10109862MOREIRAR_2025-11-22_G19,10109862MOREIRAR,2025-11-22,110749,1,6,0,235.0
10109862MOREIRAR_2025-11-22_G20,10109862MOREIRAR,2025-11-22,118417,1,10,0,212.0
10109862MOREIRAR_2025-11-22_G21,10109862MOREIRAR,2025-11-22,141318,1,20,0,1266.0
10109862MOREIRAR_2025-11-22_G22,10109862MOREIRAR,2025-11-22,141370,1,4,0,339.0
10109862MOREIRAR_2025-11-22_G23,10109862MOREIRAR,2025-11-22,110747,1,20,0,332.0
10109862MOREIRAR_2025-11-22_G24,10109862MOREIRAR,2025-11-22,107892,1,6,0,239.0
10109862MOREIRAR_2025-11-22_G25,10109862MOREIRAR,2025-11-22,141369,1,2,0,144.0
10109862MOREIRAR_2025-11-22_G26,10109862MOREIRAR,2025-11-22,111569,1,18,0,450.0
10109862MOREIRAR_2025-11-22_G27,10109862MOREIRAR,2025-11-22,108759,1,16,0,789.0
10109862MOREIRAR_2025-11-22_G28,10109862MOREIRAR,2025-11-22,116611,1,3,0,440.0
10109862MOREIRAR_2025-11-22_G29,10109862MOREIRAR,2025-11-22,110733,1,20,0,1361.0
10109862MOREIRAR_2025-11-22_G30,10109862MOREIRAR,2025-11-22,117788,1,10,0,38.0
10109862MOREIRAR_2025-11-22_G31,10109862MOREIRAR,2025-11-22,118298,1,26,0,274.0
10109862MOREIRAR_2025-11-22_G32,10109862MOREIRAR,2025-11-22,141047,1,8,0,97.0
10109862MOREIRAR_2025-11-22_G33,10109862MOREIRAR,2025-11-22,110787,1,70,0,404.0
10109862MOREIRAR_2025-11-22_G34,10109862MOREIRAR,2025-11-22,116241,1,8,0,303.0
10109862MOREIRAR_2025-11-22_G35,10109862MOREIRAR,2025-11-22,110741,1,4,0,82.0
10109862MOREIRAR_2025-11-23_G02,10109862MOREIRAR,2025-11-23,118299,1,8,0,100.0
10109862MOREIRAR_2025-11-23_G03,10109862MOREIRAR,2025-11-23,117855,1,2,0,248.0
10109862MOREIRAR_2025-11-23_G04,10109862MOREIRAR,2025-11-23,111418,1,4,0,290.0
10109862MOREIRAR_2025-11-23_G05,10109862MOREIRAR,2025-11-23,111466,1,2,0,118.0
10109862MOREIRAR_2025-11-23_G06,10109862MOREIRAR,2025-11-23,110371,1,8,0,237.0
10109862MOREIRAR_2025-11-23_G07,10109862MOREIRAR,2025-11-23,110372,2,9,8,108.0
10109862MOREIRAR_2025-11-23_G08,10109862MOREIRAR,2025-11-23,117797,1,1,0,281.0
10109862MOREIRAR_2025-11-23_G09,10109862MOREIRAR,2025-11-23,118299,1,4,0,103.0
10109862MOREIRAR_2025-11-23_G10,10109862MOREIRAR,2025-11-23,111348,1,2,0,135.0
10109862MOREIRAR_2025-11-23_G11,10109862MOREIRAR,2025-11-23,141457,1,8,0,492.0
10109862MOREIRAR_2025-11-23_G12,10109862MOREIRAR,2025-11-23,141456,1,4,0,103.0
10109862MOREIRAR_2025-11-23_G13,10109862MOREIRAR,2025-11-23,117820,1,8,0,305.0
10109862MOREIRAR_2025-11-23_G14,10109862MOREIRAR,2025-11-23,118299,1,8,0,75.0
10109862MOREIRAR_2025-11-23_G15,10109862MOREIRAR,2025-11-23,117830,1,4,0,51.0
10109862MOREIRAR_2025-11-23_G16,10109862MOREIRAR,2025-11-23,117808,1,12,0,972.0
10109862MOREIRAR_2025-11-23_G17,10109862MOREIRAR,2025-11-23,111466,1,2,0,323.0
10109862MOREIRAR_2025-11-23_G18,10109862MOREIRAR,2025-11-23,117855,1,4,0,402.0
10109862MOREIRAR_2025-11-23_G19,10109862MOREIRAR,2025-11-23,105705,1,1,0,148.0
10109862MOREIRAR_2025-11-23_G20,10109862MOREIRAR,2025-11-23,111532,1,2,0,53.0
10109862MOREIRAR_2025-11-23_G21,10109862MOREIRAR,2025-11-23,"109641, 111466",2,7,8,109.0
10109862MOREIRAR_2025-11-23_G22,10109862MOREIRAR,2025-11-23,118299,1,13,0,295.0
10109862MOREIRAR_2025-11-23_G23,10109862MOREIRAR,2025-11-23,111441,1,2,0,1104.0
10109862MOREIRAR_2025-11-23_G24,10109862MOREIRAR,2025-11-23,117809,1,4,0,94.0
10109862MOREIRAR_2025-11-23_G25,10109862MOREIRAR,2025-11-23,118299,1,10,0,126.0
10109862MOREIRAR_2025-11-23_G26,10109862MOREIRAR,2025-11-23,"117830, 117808",2,16,13,62.0
10109862MOREIRAR_2025-11-23_G27,10109862MOREIRAR,2025-11-23,110787,1,2,0,171.0
10109862MOREIRAR_2025-11-23_G28,10109862MOREIRAR,2025-11-23,111435,1,4,0,45.0
10109862MOREIRAR_2025-11-23_G29,10109862MOREIRAR,2025-11-23,111418,1,4,0,34.0
10109862MOREIRAR_2025-11-23_G30,10109862MOREIRAR,2025-11-23,109645,1,2,0,207.0
10109862MOREIRAR_2025-11-23_G31,10109862MOREIRAR,2025-11-23,117856,1,2,0,369.0
10109862MOREIRAR_2025-11-23_G32,10109862MOREIRAR,2025-11-23,111353,1,4,0,153.0
10109862MOREIRAR_2025-11-23_G33,10109862MOREIRAR,2025-11-23,117855,1,8,0,102.0
10109862MOREIRAR_2025-11-23_G34,10109862MOREIRAR,2025-11-23,109640,1,2,0,369.0
10109862MOREIRAR_2025-11-23_G35,10109862MOREIRAR,2025-11-23,118140,1,2,0,379.0
10109862MOREIRAR_2025-11-23_G36,10109862MOREIRAR,2025-11-23,110740,1,2,0,181.0
10109862MOREIRAR_2025-11-23_G37,10109862MOREIRAR,2025-11-23,110787,1,4,0,130.0
10109862MOREIRAR_2025-11-23_G38,10109862MOREIRAR,2025-11-23,111418,1,4,0,32.0
10109862MOREIRAR_2025-11-23_G39,10109862MOREIRAR,2025-11-23,111469,1,4,0,209.0
10109862MOREIRAR_2025-11-23_G40,10109862MOREIRAR,2025-11-23,117787,1,2,0,99.0
10109862MOREIRAR_2025-11-23_G41,10109862MOREIRAR,2025-11-23,141457,1,4,0,48.0
10109862MOREIRAR_2025-11-23_G42,10109862MOREIRAR,2025-11-23,117785,1,4,0,59.0
10109862MOREIRAR_2025-11-23_G43,10109862MOREIRAR,2025-11-23,117821,1,4,0,156.0
10109862MOREIRAR_2025-11-23_G45,10109862MOREIRAR,2025-11-23,110371,1,4,0,104.0
10109862MOREIRAR_2025-11-23_G46,10109862MOREIRAR,2025-11-23,109648,1,2,0,53.0
10109862MOREIRAR_2025-11-23_G47,10109862MOREIRAR,2025-11-23,"118299, 117830",2,14,11,71.0
10109862MOREIRAR_2025-11-23_G48,10109862MOREIRAR,2025-11-23,110373,1,4,0,73.0
10109862MOREIRAR_2025-11-23_G49,10109862MOREIRAR,2025-11-23,117832,1,2,0,75.0
10109862MOREIRAR_2025-11-23_G50,10109862MOREIRAR,2025-11-23,117808,1,6,0,91.0
10109862MOREIRAR_2025-11-23_G51,10109862MOREIRAR,2025-11-23,110711,1,4,0,332.0
10109862MOREIRAR_2025-11-23_G52,10109862MOREIRAR,2025-11-23,111418,1,8,0,126.0
10109862MOREIRAR_2025-11-23_G53,10109862MOREIRAR,2025-11-23,110371,1,6,0,100.0
10109862MOREIRAR_2025-11-24_G02,10109862MOREIRAR,2025-11-24,110372,1,8,0,72.0
10109862MOREIRAR_2025-11-24_G03,10109862MOREIRAR,2025-11-24,117808,1,10,0,83.0
10109862MOREIRAR_2025-11-24_G04,10109862MOREIRAR,2025-11-24,117853,1,2,0,175.0
10109862MOREIRAR_2025-11-24_G05,10109862MOREIRAR,2025-11-24,111532,1,1,0,182.0
10109862MOREIRAR_2025-11-24_G06,10109862MOREIRAR,2025-11-24,117809,1,4,0,49.0
10109862MOREIRAR_2025-11-24_G07,10109862MOREIRAR,2025-11-24,117820,1,6,0,141.0
10109862MOREIRAR_2025-11-24_G08,10109862MOREIRAR,2025-11-24,"118299, 111418",2,16,26,71.0
10109862MOREIRAR_2025-11-24_G09,10109862MOREIRAR,2025-11-24,141066,1,4,0,217.0
10109862MOREIRAR_2025-11-24_G10,10109862MOREIRAR,2025-11-24,110371,2,15,13,693.0
10109862MOREIRAR_2025-11-24_G11,10109862MOREIRAR,2025-11-24,117809,1,6,0,134.0
10109862MOREIRAR_2025-11-24_G12,10109862MOREIRAR,2025-11-24,117820,1,2,0,34.0
10109862MOREIRAR_2025-11-24_G13,10109862MOREIRAR,2025-11-24,118299,1,20,0,346.0
10109862MOREIRAR_2025-11-24_G14,10109862MOREIRAR,2025-11-24,110372,1,10,0,55.0
10109862MOREIRAR_2025-11-24_G15,10109862MOREIRAR,2025-11-24,"117808, 141202",2,15,9,96.0
10109862MOREIRAR_2025-11-24_G16,10109862MOREIRAR,2025-11-24,110754,1,4,0,670.0
10109862MOREIRAR_2025-11-24_G17,10109862MOREIRAR,2025-11-24,111469,1,9,0,786.0
10109862MOREIRAR_2025-11-24_G18,10109862MOREIRAR,2025-11-24,110371,1,4,0,95.0
10109862MOREIRAR_2025-11-24_G19,10109862MOREIRAR,2025-11-24,110372,1,14,0,189.0
10109862MOREIRAR_2025-11-24_G20,10109862MOREIRAR,2025-11-24,111418,1,7,0,213.0
10109862MOREIRAR_2025-11-24_G21,10109862MOREIRAR,2025-11-24,111418,1,48,0,185.0
10109862MOREIRAR_2025-11-24_G22,10109862MOREIRAR,2025-11-24,111466,1,6,0,217.0
10109862MOREIRAR_2025-11-24_G23,10109862MOREIRAR,2025-11-24,110371,2,20,8,232.0
10109862MOREIRAR_2025-11-24_G24,10109862MOREIRAR,2025-11-24,118299,1,8,0,462.0
10109862MOREIRAR_2025-11-24_G25,10109862MOREIRAR,2025-11-24,110372,1,15,0,622.0
10109862MOREIRAR_2025-11-24_G26,10109862MOREIRAR,2025-11-24,117808,1,30,0,153.0
10109862MOREIRAR_2025-11-24_G27,10109862MOREIRAR,2025-11-24,140988,1,4,0,390.0
10109862MOREIRAR_2025-11-24_G28,10109862MOREIRAR,2025-11-24,110371,1,3,0,371.0
10109862MOREIRAR_2025-11-24_G29,10109862MOREIRAR,2025-11-24,118299,1,34,0,926.0
10109862MOREIRAR_2025-11-24_G30,10109862MOREIRAR,2025-11-24,"111469, 117855",2,6,14,214.0
10109862MOREIRAR_2025-11-24_G31,10109862MOREIRAR,2025-11-24,117855,1,12,0,316.0
10109862MOREIRAR_2025-11-24_G32,10109862MOREIRAR,2025-11-24,117808,1,31,0,533.0
10109862MOREIRAR_2025-11-24_G34,10109862MOREIRAR,2025-11-24,141456,1,11,0,113.0
10109862MOREIRAR_2025-11-24_G35,10109862MOREIRAR,2025-11-24,117832,1,8,0,116.0
10109862MOREIRAR_2025-11-24_G36,10109862MOREIRAR,2025-11-24,118306,1,4,0,248.0
10109862MOREIRAR_2025-11-24_G37,10109862MOREIRAR,2025-11-24,111469,1,50,0,354.0
10109862MOREIRAR_2025-11-24_G38,10109862MOREIRAR,2025-11-24,117785,1,36,0,923.0
10109862MOREIRAR_2025-11-24_G39,10109862MOREIRAR,2025-11-24,117831,1,33,0,384.0
10109862MOREIRAR_2025-11-24_G40,10109862MOREIRAR,2025-11-24,117808,1,16,0,415.0
10109862MOREIRAR_2025-11-24_G41,10109862MOREIRAR,2025-11-24,110371,1,100,0,120.0
10109862MOREIRAR_2025-11-24_G42,10109862MOREIRAR,2025-11-24,111441,1,10,0,197.0
10109862MOREIRAR_2025-11-24_G43,10109862MOREIRAR,2025-11-24,118364,1,4,0,285.0
10109862MOREIRAR_2025-11-24_G44,10109862MOREIRAR,2025-11-24,111418,1,145,0,280.0
10109862MOREIRAR_2025-11-24_G45,10109862MOREIRAR,2025-11-24,111469,1,12,0,3117.0
10109862MOREIRAR_2025-11-25_G02,10109862MOREIRAR,2025-11-25,110895,1,4,0,164.0
10109862MOREIRAR_2025-11-25_G03,10109862MOREIRAR,2025-11-25,117808,1,819,0,1514.0
10109862MOREIRAR_2025-11-25_G04,10109862MOREIRAR,2025-11-25,110372,1,223,0,439.0
10109862MOREIRAR_2025-11-25_G05,10109862MOREIRAR,2025-11-25,"117809, 118299",2,18,25,284.0
10109862MOREIRAR_2025-11-25_G06,10109862MOREIRAR,2025-11-25,111418,1,30,0,3255.0
10109862MOREIRAR_2025-11-25_G07,10109862MOREIRAR,2025-11-25,108770,1,1,0,370.0
10109862MOREIRAR_2025-11-25_G08,10109862MOREIRAR,2025-11-25,110313,1,2,0,126.0
10109862MOREIRAR_2025-11-25_G09,10109862MOREIRAR,2025-11-25,110740,1,4,0,334.0
10109862MOREIRAR_2025-11-25_G10,10109862MOREIRAR,2025-11-25,118299,1,14,0,439.0
10109862MOREIRAR_2025-11-25_G11,10109862MOREIRAR,2025-11-25,117808,1,5,0,126.0
10109862MOREIRAR_2025-11-25_G12,10109862MOREIRAR,2025-11-25,117786,1,4,0,182.0
10109862MOREIRAR_2025-11-25_G13,10109862MOREIRAR,2025-11-25,111418,1,6,0,121.0
10109862MOREIRAR_2025-11-25_G14,10109862MOREIRAR,2025-11-25,117965,1,8,0,610.0
10109862MOREIRAR_2025-11-25_G15,10109862MOREIRAR,2025-11-25,110740,1,10,0,110.0
10109862MOREIRAR_2025-11-25_G16,10109862MOREIRAR,2025-11-25,117785,1,6,0,116.0
10109862MOREIRAR_2025-11-25_G17,10109862MOREIRAR,2025-11-25,117808,1,10,0,99.0
10109862MOREIRAR_2025-11-25_G18,10109862MOREIRAR,2025-11-25,110313,1,5,0,102.0
10109862MOREIRAR_2025-11-25_G19,10109862MOREIRAR,2025-11-25,117786,1,4,0,61.0
10109862MOREIRAR_2025-11-25_G20,10109862MOREIRAR,2025-11-25,"110740, 111418",2,14,13,106.0
10109862MOREIRAR_2025-11-25_G21,10109862MOREIRAR,2025-11-25,117785,1,4,0,197.0
10109862MOREIRAR_2025-11-25_G22,10109862MOREIRAR,2025-11-25,117808,1,5,0,44.0
10109862MOREIRAR_2025-11-25_G23,10109862MOREIRAR,2025-11-25,118299,1,12,0,156.0
10109862MOREIRAR_2025-11-25_G25,10109862MOREIRAR,2025-11-25,111532,1,398,0,802.0
10109862MOREIRAR_2025-11-25_G26,10109862MOREIRAR,2025-11-25,111532,1,100,0,246.0
10109862MOREIRAR_2025-11-25_G27,10109862MOREIRAR,2025-11-25,110743,1,10,0,426.0
10109862MOREIRAR_2025-11-25_G28,10109862MOREIRAR,2025-11-25,117841,1,2,0,77.0
10109862MOREIRAR_2025-11-25_G29,10109862MOREIRAR,2025-11-25,111463,1,10,0,111.0
10109862MOREIRAR_2025-11-25_G30,10109862MOREIRAR,2025-11-25,117833,1,40,0,347.0
10109862MOREIRAR_2025-11-25_G31,10109862MOREIRAR,2025-11-25,111466,1,20,0,165.0
10109862MOREIRAR_2025-11-25_G32,10109862MOREIRAR,2025-11-25,141458,1,10,0,294.0
10109862MOREIRAR_2025-11-25_G33,10109862MOREIRAR,2025-11-25,111465,1,40,0,578.0
10109862MOREIRAR_2025-11-25_G34,10109862MOREIRAR,2025-11-25,110332,1,4,0,310.0
10109862MOREIRAR_2025-11-25_G35,10109862MOREIRAR,2025-11-25,116241,1,9,0,200.0
10109862MOREIRAR_2025-11-25_G36,10109862MOREIRAR,2025-11-25,111743,1,20,0,131.0
10109862MOREIRAR_2025-11-25_G37,10109862MOREIRAR,2025-11-25,"160055, 140922",2,38,19,917.0
10109862MOREIRAR_2025-11-25_G38,10109862MOREIRAR,2025-11-25,107629,1,10,0,277.0
10109862MOREIRAR_2025-11-25_G39,10109862MOREIRAR,2025-11-25,117786,1,20,0,161.0
10109862MOREIRAR_2025-11-25_G40,10109862MOREIRAR,2025-11-25,117862,1,20,0,278.0
10109862MOREIRAR_2025-11-25_G41,10109862MOREIRAR,2025-11-25,117862,1,10,0,300.0
10109862MOREIRAR_2025-11-25_G42,10109862MOREIRAR,2025-11-25,110711,1,122,0,430.0
10109862MOREIRAR_2025-11-25_G43,10109862MOREIRAR,2025-11-25,110092,1,4,0,387.0
10109862MOREIRAR_2025-11-25_G44,10109862MOREIRAR,2025-11-25,110741,1,5,0,114.0
10109862MOREIRAR_2025-11-25_G45,10109862MOREIRAR,2025-11-25,118094,1,20,0,285.0
10109862MOREIRAR_2025-11-25_G46,10109862MOREIRAR,2025-11-25,111879,1,1,0,44.0
10109862MOREIRAR_2025-11-25_G47,10109862MOREIRAR,2025-11-25,110733,1,20,0,240.0
10109862MOREIRAR_2025-11-26_G02,10109862MOREIRAR,2025-11-26,121760,1,20,0,435.0
10109862MOREIRAR_2025-11-26_G03,10109862MOREIRAR,2025-11-26,122703,1,4,0,97.0
10109862MOREIRAR_2025-11-26_G04,10109862MOREIRAR,2025-11-26,124371,1,9,0,250.0
10109862MOREIRAR_2025-11-26_G05,10109862MOREIRAR,2025-11-26,120389,1,12,0,316.0
10109862MOREIRAR_2025-11-26_G06,10109862MOREIRAR,2025-11-26,121651,1,8,0,209.0
10109862MOREIRAR_2025-11-26_G07,10109862MOREIRAR,2025-11-26,121651,1,12,0,247.0
10109862MOREIRAR_2025-11-26_G08,10109862MOREIRAR,2025-11-26,122988,1,18,0,595.0
10109862MOREIRAR_2025-11-26_G09,10109862MOREIRAR,2025-11-26,124371,1,36,0,1840.0
10109862MOREIRAR_2025-11-26_G10,10109862MOREIRAR,2025-11-26,123909,1,31,0,552.0
10109862MOREIRAR_2025-11-26_G11,10109862MOREIRAR,2025-11-26,124486,1,24,0,291.0
10109862MOREIRAR_2025-11-26_G12,10109862MOREIRAR,2025-11-26,123909,1,5,0,513.0
10109862MOREIRAR_2025-11-26_G13,10109862MOREIRAR,2025-11-26,124486,1,14,0,266.0
10109862MOREIRAR_2025-11-26_G14,10109862MOREIRAR,2025-11-26,120272,1,16,0,440.0
10109862MOREIRAR_2025-11-26_G15,10109862MOREIRAR,2025-11-26,122189,1,2,0,102.0
10109862MOREIRAR_2025-11-26_G16,10109862MOREIRAR,2025-11-26,122983,1,1,0,117.0
10109862MOREIRAR_2025-11-26_G17,10109862MOREIRAR,2025-11-26,123080,1,53,0,717.0
10109862MOREIRAR_2025-11-26_G18,10109862MOREIRAR,2025-11-26,123909,1,6,0,150.0
10109862MOREIRAR_2025-11-26_G19,10109862MOREIRAR,2025-11-26,124248,1,16,0,222.0
10109862MOREIRAR_2025-11-26_G20,10109862MOREIRAR,2025-11-26,122189,1,2,0,165.0
10109862MOREIRAR_2025-11-26_G21,10109862MOREIRAR,2025-11-26,122189,1,5,0,166.0
10109862MOREIRAR_2025-11-26_G22,10109862MOREIRAR,2025-11-26,122962,1,20,0,303.0
10109862MOREIRAR_2025-11-26_G23,10109862MOREIRAR,2025-11-26,122673,1,35,0,464.0
10109862MOREIRAR_2025-11-26_G24,10109862MOREIRAR,2025-11-26,122983,1,4,0,191.0
10109862MOREIRAR_2025-11-26_G25,10109862MOREIRAR,2025-11-26,123153,1,30,0,375.0
10109862MOREIRAR_2025-11-26_G26,10109862MOREIRAR,2025-11-26,122984,1,24,0,341.0
10109862MOREIRAR_2025-11-27_G02,10109862MOREIRAR,2025-11-27,141066,1,28,0,243.0
10109862MOREIRAR_2025-11-27_G03,10109862MOREIRAR,2025-11-27,141047,1,12,0,221.0
10109862MOREIRAR_2025-11-27_G04,10109862MOREIRAR,2025-11-27,108772,1,12,0,264.0
10109862MOREIRAR_2025-11-27_G05,10109862MOREIRAR,2025-11-27,109647,1,8,0,101.0
10109862MOREIRAR_2025-11-27_G06,10109862MOREIRAR,2025-11-27,117855,1,12,0,87.0
10109862MOREIRAR_2025-11-27_G07,10109862MOREIRAR,2025-11-27,117862,1,60,0,664.0
10109862MOREIRAR_2025-11-27_G08,10109862MOREIRAR,2025-11-27,111602,1,60,0,389.0
10109862MOREIRAR_2025-11-27_G09,10109862MOREIRAR,2025-11-27,117862,1,22,0,186.0
10109862MOREIRAR_2025-11-27_G10,10109862MOREIRAR,2025-11-27,109640,1,12,0,168.0
10109862MOREIRAR_2025-11-27_G11,10109862MOREIRAR,2025-11-27,110741,1,8,0,167.0
10109862MOREIRAR_2025-11-27_G12,10109862MOREIRAR,2025-11-27,118094,1,24,0,360.0
10109862MOREIRAR_2025-11-27_G13,10109862MOREIRAR,2025-11-27,111876,1,8,0,66.0
10109862MOREIRAR_2025-11-27_G14,10109862MOREIRAR,2025-11-27,117965,1,11,0,149.0
10109862MOREIRAR_2025-11-27_G15,10109862MOREIRAR,2025-11-27,110733,1,20,0,684.0
10109862MOREIRAR_2025-11-27_G16,10109862MOREIRAR,2025-11-27,"140923, 110339",2,56,8,329.0
10109862MOREIRAR_2025-11-27_G17,10109862MOREIRAR,2025-11-27,111602,1,50,0,464.0
10109862MOREIRAR_2025-11-27_G18,10109862MOREIRAR,2025-11-27,111532,1,80,0,1461.0
10109862MOREIRAR_2025-11-27_G19,10109862MOREIRAR,2025-11-27,111466,1,50,0,411.0
10109862MOREIRAR_2025-11-27_G20,10109862MOREIRAR,2025-11-27,118317,1,2,0,109.0
10109862MOREIRAR_2025-11-27_G21,10109862MOREIRAR,2025-11-27,111879,1,632,0,3054.0
10109862MOREIRAR_2025-11-27_G22,10109862MOREIRAR,2025-11-27,111602,1,16,0,436.0
10109862MOREIRAR_2025-11-27_G23,10109862MOREIRAR,2025-11-27,110313,1,12,0,244.0
10109862MOREIRAR_2025-11-27_G24,10109862MOREIRAR,2025-11-27,111602,1,12,0,140.0
10109862MOREIRAR_2025-11-27_G25,10109862MOREIRAR,2025-11-27,"111602, 110711",2,22,28,316.0
10109862MOREIRAR_2025-11-27_G26,10109862MOREIRAR,2025-11-27,111530,1,4,0,239.0
10109862MOREIRAR_2025-11-27_G27,10109862MOREIRAR,2025-11-27,140923,1,2,0,153.0
10109862MOREIRAR_2025-11-27_G28,10109862MOREIRAR,2025-11-27,117855,1,4,0,140.0
10109862MOREIRAR_2025-11-27_G29,10109862MOREIRAR,2025-11-27,117862,1,4,0,48.0
10109862MOREIRAR_2025-11-27_G30,10109862MOREIRAR,2025-11-27,111743,1,2,0,102.0
10109862MOREIRAR_2025-11-27_G31,10109862MOREIRAR,2025-11-27,117830,1,4,0,40.0
10109862MOREIRAR_2025-11-27_G32,10109862MOREIRAR,2025-11-27,117822,1,2,0,68.0
10109862MOREIRAR_2025-11-27_G33,10109862MOREIRAR,2025-11-27,111469,1,2,0,57.0
10109862MOREIRAR_2025-11-27_G34,10109862MOREIRAR,2025-11-27,141456,1,2,0,72.0
10109862MOREIRAR_2025-11-27_G35,10109862MOREIRAR,2025-11-27,109640,1,4,0,140.0
10109862MOREIRAR_2025-11-27_G36,10109862MOREIRAR,2025-11-27,117809,1,6,0,135.0
10109862MOREIRAR_2025-11-27_G37,10109862MOREIRAR,2025-11-27,"117820, 117830",2,5,27,45.0
10109862MOREIRAR_2025-11-27_G38,10109862MOREIRAR,2025-11-27,118140,1,3,0,70.0
10109862MOREIRAR_2025-11-27_G39,10109862MOREIRAR,2025-11-27,108711,1,2,0,68.0
10109862MOREIRAR_2025-11-27_G40,10109862MOREIRAR,2025-11-27,110733,1,4,0,114.0
10109862MOREIRAR_2025-11-27_G41,10109862MOREIRAR,2025-11-27,111435,1,2,0,110.0
10109862MOREIRAR_2025-11-27_G42,10109862MOREIRAR,2025-11-27,111469,2,6,13,48.0
10109862MOREIRAR_2025-11-27_G43,10109862MOREIRAR,2025-11-27,117862,2,6,10,118.0
10109862MOREIRAR_2025-11-27_G44,10109862MOREIRAR,2025-11-27,110371,2,30,8,215.0
10109862MOREIRAR_2025-11-27_G45,10109862MOREIRAR,2025-11-27,117785,1,2,0,96.0
10109862MOREIRAR_2025-11-27_G46,10109862MOREIRAR,2025-11-27,"111602, 111466",3,11,33,41.0
10109862MOREIRAR_2025-11-27_G47,10109862MOREIRAR,2025-11-27,141458,1,2,0,79.0
10109862MOREIRAR_2025-11-27_G48,10109862MOREIRAR,2025-11-27,111465,1,2,0,76.0
10109862MOREIRAR_2025-11-27_G49,10109862MOREIRAR,2025-11-27,110373,1,18,0,403.0
10109862MOREIRAR_2025-11-27_G50,10109862MOREIRAR,2025-11-27,110313,1,2,0,723.0
10109862MOREIRAR_2025-11-28_G02,10109862MOREIRAR,2025-11-28,111530,1,6,0,130.0
10109862MOREIRAR_2025-11-28_G03,10109862MOREIRAR,2025-11-28,111602,1,3,0,87.0
10109862MOREIRAR_2025-11-28_G04,10109862MOREIRAR,2025-11-28,"111602, 110711",2,12,18,63.0
10109862MOREIRAR_2025-11-28_G05,10109862MOREIRAR,2025-11-28,111602,1,12,0,298.0
10109862MOREIRAR_2025-11-28_G06,10109862MOREIRAR,2025-11-28,105705,1,10,0,624.0
10109862MOREIRAR_2025-11-28_G07,10109862MOREIRAR,2025-11-28,111602,1,4,0,182.0
10109862MOREIRAR_2025-11-28_G08,10109862MOREIRAR,2025-11-28,111602,1,5,0,105.0
10109862MOREIRAR_2025-11-28_G09,10109862MOREIRAR,2025-11-28,111660,1,4,0,75.0
10109862MOREIRAR_2025-11-28_G10,10109862MOREIRAR,2025-11-28,111602,1,8,0,113.0
10109862MOREIRAR_2025-11-28_G11,10109862MOREIRAR,2025-11-28,111602,1,8,0,167.0
10109862MOREIRAR_2025-11-28_G12,10109862MOREIRAR,2025-11-28,111602,1,4,0,917.0
10109862MOREIRAR_2025-11-28_G13,10109862MOREIRAR,2025-11-28,111602,1,10,0,80.0
10109862MOREIRAR_2025-11-28_G14,10109862MOREIRAR,2025-11-28,111602,1,8,0,79.0
10109862MOREIRAR_2025-11-28_G15,10109862MOREIRAR,2025-11-28,111879,1,632,0,3492.0
10109862MOREIRAR_2025-11-28_G16,10109862MOREIRAR,2025-11-28,111602,2,20,30,1424.0
10109862MOREIRAR_2025-11-28_G17,10109862MOREIRAR,2025-11-28,111530,1,15,0,280.0
10109862MOREIRAR_2025-11-28_G18,10109862MOREIRAR,2025-11-28,111530,1,42,0,380.0
10109862MOREIRAR_2025-11-28_G19,10109862MOREIRAR,2025-11-28,111602,1,8,0,146.0
10109862MOREIRAR_2025-11-28_G21,10109862MOREIRAR,2025-11-28,123344,1,5,0,210.0
10109862MOREIRAR_2025-11-28_G22,10109862MOREIRAR,2025-11-28,123822,1,3,0,173.0
10109862MOREIRAR_2025-11-28_G23,10109862MOREIRAR,2025-11-28,124624,1,3,0,160.0
10109862MOREIRAR_2025-11-28_G24,10109862MOREIRAR,2025-11-28,124371,1,2,0,138.0
10109862MOREIRAR_2025-11-28_G25,10109862MOREIRAR,2025-11-28,123343,1,1,0,363.0
10109862MOREIRAR_2025-11-28_G26,10109862MOREIRAR,2025-11-28,123343,1,5,0,259.0
10109862MOREIRAR_2025-11-28_G27,10109862MOREIRAR,2025-11-28,123344,1,14,0,798.0
10109862MOREIRAR_2025-11-28_G28,10109862MOREIRAR,2025-11-28,122962,1,20,0,378.0
10109862MOREIRAR_2025-11-28_G29,10109862MOREIRAR,2025-11-28,121651,1,14,0,310.0
10109862MOREIRAR_2025-11-28_G30,10109862MOREIRAR,2025-11-28,121760,1,20,0,555.0
10109862MOREIRAR_2025-11-28_G31,10109862MOREIRAR,2025-11-28,123909,1,12,0,197.0
10109862MOREIRAR_2025-11-28_G32,10109862MOREIRAR,2025-11-28,123521,1,2,0,158.0
10109862MOREIRAR_2025-11-28_G33,10109862MOREIRAR,2025-11-28,121923,1,2,0,127.0
10109862MOREIRAR_2025-11-28_G34,10109862MOREIRAR,2025-11-28,123909,1,32,0,307.0
10109862MOREIRAR_2025-11-28_G35,10109862MOREIRAR,2025-11-28,120389,1,12,0,267.0
10109862MOREIRAR_2025-11-28_G36,10109862MOREIRAR,2025-11-28,123345,2,48,17,510.0
10109862MOREIRAR_2025-11-28_G37,10109862MOREIRAR,2025-11-28,122962,1,80,0,1719.0
10109862MOREIRAR_2025-11-28_G38,10109862MOREIRAR,2025-11-28,122647,1,40,0,316.0
10109862MOREIRAR_2025-11-28_G39,10109862MOREIRAR,2025-11-28,122671,1,20,0,150.0
10109862MOREIRAR_2025-11-28_G40,10109862MOREIRAR,2025-11-28,122673,1,40,0,577.0
10109862MOREIRAR_2025-11-28_G41,10109862MOREIRAR,2025-11-28,122673,1,60,0,805.0
10109862MOREIRAR_2025-11-28_G42,10109862MOREIRAR,2025-11-28,124247,1,4,0,172.0
10109862MOREIRAR_2025-11-28_G43,10109862MOREIRAR,2025-11-28,123345,1,20,0,330.0
10109862MOREIRAR_2025-11-28_G45,10109862MOREIRAR,2025-11-28,123313,1,8,0,120.0
10109862MOREIRAR_2025-11-28_G46,10109862MOREIRAR,2025-11-28,123909,1,21,0,238.0
10109862MOREIRAR_2025-11-28_G47,10109862MOREIRAR,2025-11-28,120389,1,4,0,130.0
10109862MOREIRAR_2025-11-28_G48,10109862MOREIRAR,2025-11-28,181056,1,4,0,113.0
10109862MOREIRAR_2025-11-28_G49,10109862MOREIRAR,2025-11-28,123345,1,30,0,74.0
10109862MOREIRAR_2025-11-29_G02,10109862MOREIRAR,2025-11-29,123343,1,6,0,166.0
10109862MOREIRAR_2025-11-29_G03,10109862MOREIRAR,2025-11-29,181056,1,4,0,294.0
10109862MOREIRAR_2025-11-29_G04,10109862MOREIRAR,2025-11-29,180054,1,2,0,203.0
10109862MOREIRAR_2025-11-29_G05,10109862MOREIRAR,2025-11-29,120008,1,42,0,813.0
10109862MOREIRAR_2025-11-29_G06,10109862MOREIRAR,2025-11-29,122962,1,16,0,594.0
10109862MOREIRAR_2025-11-29_G07,10109862MOREIRAR,2025-11-29,124486,1,16,0,258.0
10109862MOREIRAR_2025-11-29_G08,10109862MOREIRAR,2025-11-29,124370,1,22,0,555.0
10109862MOREIRAR_2025-11-29_G09,10109862MOREIRAR,2025-11-29,124370,1,8,0,156.0
10109862MOREIRAR_2025-11-29_G10,10109862MOREIRAR,2025-11-29,123344,1,10,0,116.0
10109862MOREIRAR_2025-11-29_G11,10109862MOREIRAR,2025-11-29,124477,1,4,0,664.0
10109862MOREIRAR_2025-11-29_G12,10109862MOREIRAR,2025-11-29,124624,1,4,0,105.0
10109862MOREIRAR_2025-11-29_G13,10109862MOREIRAR,2025-11-29,124475,1,10,0,252.0
10109862MOREIRAR_2025-11-29_G14,10109862MOREIRAR,2025-11-29,121760,1,20,0,282.0
10109862MOREIRAR_2025-11-29_G15,10109862MOREIRAR,2025-11-29,123909,1,3,0,66.0
10109862MOREIRAR_2025-11-29_G16,10109862MOREIRAR,2025-11-29,123561,1,3,0,118.0
10109862MOREIRAR_2025-11-29_G17,10109862MOREIRAR,2025-11-29,124370,1,9,0,676.0
10109862MOREIRAR_2025-11-29_G20,10109862MOREIRAR,2025-11-29,117834,1,6,0,173.0
10109862MOREIRAR_2025-11-29_G21,10109862MOREIRAR,2025-11-29,118250,1,2,0,235.0
10109862MOREIRAR_2025-11-29_G22,10109862MOREIRAR,2025-11-29,141047,1,6,0,214.0
10109862MOREIRAR_2025-11-29_G23,10109862MOREIRAR,2025-11-29,117786,1,20,0,171.0
10109862MOREIRAR_2025-11-29_G24,10109862MOREIRAR,2025-11-29,117855,1,8,0,439.0
10109862MOREIRAR_2025-11-29_G25,10109862MOREIRAR,2025-11-29,105705,1,5,0,113.0
10109862MOREIRAR_2025-11-29_G26,10109862MOREIRAR,2025-11-29,111463,1,24,0,179.0
10109862MOREIRAR_2025-11-29_G27,10109862MOREIRAR,2025-11-29,117831,1,12,0,132.0
10109862MOREIRAR_2025-11-29_G28,10109862MOREIRAR,2025-11-29,117820,1,24,0,422.0
10109862MOREIRAR_2025-11-29_G29,10109862MOREIRAR,2025-11-29,108759,1,2,0,875.0
10109862MOREIRAR_2025-11-29_G30,10109862MOREIRAR,2025-11-29,110741,1,4,0,103.0
10109862MOREIRAR_2025-11-29_G31,10109862MOREIRAR,2025-11-29,110372,1,13,0,205.0
10109862MOREIRAR_2025-11-29_G32,10109862MOREIRAR,2025-11-29,117862,1,9,0,103.0
10109862MOREIRAR_2025-11-29_G33,10109862MOREIRAR,2025-11-29,141916,1,2,0,59.0
10109862MOREIRAR_2025-11-29_G34,10109862MOREIRAR,2025-11-29,110373,1,7,0,107.0
10109862MOREIRAR_2025-11-29_G35,10109862MOREIRAR,2025-11-29,118290,1,3,0,889.0
10109862MOREIRAR_2025-11-29_G36,10109862MOREIRAR,2025-11-29,117935,1,1,0,106.0
10109862MOREIRAR_2025-11-29_G37,10109862MOREIRAR,2025-11-29,108711,1,3,0,104.0
10109862MOREIRAR_2025-11-29_G38,10109862MOREIRAR,2025-11-29,111650,1,1,0,64.0
10109862MOREIRAR_2025-11-29_G39,10109862MOREIRAR,2025-11-29,111435,1,1,0,139.0
10109862MOREIRAR_2025-11-29_G40,10109862MOREIRAR,2025-11-29,108798,1,4,0,58.0
10109862MOREIRAR_2025-11-29_G41,10109862MOREIRAR,2025-11-29,141048,1,3,0,70.0
10109862MOREIRAR_2025-11-29_G42,10109862MOREIRAR,2025-11-29,111431,1,2,0,90.0
10109862MOREIRAR_2025-11-29_G43,10109862MOREIRAR,2025-11-29,110375,1,2,0,67.0
10109862MOREIRAR_2025-11-29_G44,10109862MOREIRAR,2025-11-29,141352,1,4,0,63.0
10109862MOREIRAR_2025-11-29_G45,10109862MOREIRAR,2025-11-29,111463,1,6,0,121.0
10109862MOREIRAR_2025-11-29_G46,10109862MOREIRAR,2025-11-29,118417,1,2,0,95.0
10109862MOREIRAR_2025-11-29_G47,10109862MOREIRAR,2025-11-29,107236,1,4,0,136.0
10109862MOREIRAR_2025-11-29_G48,10109862MOREIRAR,2025-11-29,141457,1,8,0,94.0
10109862MOREIRAR_2025-11-29_G49,10109862MOREIRAR,2025-11-29,109640,1,2,0,79.0
10109862MOREIRAR_2025-11-29_G50,10109862MOREIRAR,2025-11-29,111465,1,1,0,46.0
10109862MOREIRAR_2025-11-29_G51,10109862MOREIRAR,2025-11-29,118094,1,3,0,233.0
10109862MOREIRAR_2025-11-29_G52,10109862MOREIRAR,2025-11-29,110129,1,1,0,67.0
10109862MOREIRAR_2025-11-29_G53,10109862MOREIRAR,2025-11-29,117830,1,6,0,61.0
10109862MOREIRAR_2025-11-29_G54,10109862MOREIRAR,2025-11-29,117786,1,4,0,103.0
10109862MOREIRAR_2025-11-29_G55,10109862MOREIRAR,2025-11-29,108798,1,3,0,53.0
10109862MOREIRAR_2025-11-29_G56,10109862MOREIRAR,2025-11-29,107236,1,2,0,83.0
10109862MOREIRAR_2025-11-29_G57,10109862MOREIRAR,2025-11-29,141202,1,4,0,116.0
10109862MOREIRAR_2025-11-29_G58,10109862MOREIRAR,2025-11-29,111465,1,1,0,51.0
10109862MOREIRAR_2025-11-29_G59,10109862MOREIRAR,2025-11-29,117820,1,20,0,154.0
10109862MOREIRAR_2025-11-29_G60,10109862MOREIRAR,2025-11-29,110339,1,6,0,370.0
10109862MOREIRAR_2025-11-29_G61,10109862MOREIRAR,2025-11-29,108798,1,4,0,150.0
10109862MOREIRAR_2025-11-29_G62,10109862MOREIRAR,2025-11-29,"111469, 110740",2,4,15,46.0
10109862MOREIRAR_2025-11-29_G63,10109862MOREIRAR,2025-11-29,111602,1,4,0,112.0
10109862MOREIRAR_2025-11-29_G64,10109862MOREIRAR,2025-11-29,111466,1,2,0,78.0
10109862MOREIRAR_2025-11-29_G65,10109862MOREIRAR,2025-11-29,160054,1,2,0,259.0
10109862MOREIRAR_2025-11-29_G66,10109862MOREIRAR,2025-11-29,111441,1,2,0,333.0
10109862MOREIRAR_2025-11-29_G67,10109862MOREIRAR,2025-11-29,117935,1,6,0,80.0
10109862MOREIRAR_2025-11-29_G68,10109862MOREIRAR,2025-11-29,117830,1,8,0,122.0
10109862MOREIRAR_2025-11-29_G69,10109862MOREIRAR,2025-11-29,118140,1,9,0,114.0
10109862MOREIRAR_2025-11-29_G70,10109862MOREIRAR,2025-11-29,109645,1,13,0,142.0
10109862MOREIRAR_2025-11-29_G71,10109862MOREIRAR,2025-11-29,140922,1,9,0,119.0
10109862MOREIRAR_2025-11-29_G72,10109862MOREIRAR,2025-11-29,117822,1,2,0,70.0
10109862MOREIRAR_2025-11-29_G73,10109862MOREIRAR,2025-11-29,110787,1,8,0,135.0
10109862MOREIRAR_2025-11-29_G74,10109862MOREIRAR,2025-11-29,111469,1,32,0,272.0
10109862MOREIRAR_2025-11-29_G75,10109862MOREIRAR,2025-11-29,111469,1,34,0,310.0
10109862MOREIRAR_2025-11-29_G76,10109862MOREIRAR,2025-11-29,110740,1,12,0,120.0
10109862MOREIRAR_2025-11-29_G77,10109862MOREIRAR,2025-11-29,109647,1,4,0,112.0
10109862MOREIRAR_2025-11-29_G78,10109862MOREIRAR,2025-11-29,111463,1,12,0,122.0
10109862MOREIRAR_2025-11-29_G79,10109862MOREIRAR,2025-11-29,107236,1,4,0,75.0
10109862MOREIRAR_2025-11-29_G80,10109862MOREIRAR,2025-11-29,110371,1,12,0,113.0
10109862MOREIRAR_2025-11-29_G81,10109862MOREIRAR,2025-11-29,109643,1,3,0,41.0
10109862MOREIRAR_2025-11-29_G82,10109862MOREIRAR,2025-11-29,117787,1,4,0,143.0
10109862MOREIRAR_2025-11-29_G83,10109862MOREIRAR,2025-11-29,117785,1,16,0,118.0
10109862MOREIRAR_2025-11-29_G84,10109862MOREIRAR,2025-11-29,"111466, 117821",2,35,13,141.0
10109862MOREIRAR_2025-11-29_G85,10109862MOREIRAR,2025-11-29,111602,2,14,8,79.0
10109862MOREIRAR_2025-11-29_G86,10109862MOREIRAR,2025-11-29,109640,1,3,0,148.0
10109862MOREIRAR_2025-11-29_G87,10109862MOREIRAR,2025-11-29,111465,2,12,13,73.0
10109862MOREIRAR_2025-11-29_G88,10109862MOREIRAR,2025-11-29,110373,1,102,0,239.0
10109862MOREIRAR_2025-11-29_G89,10109862MOREIRAR,2025-11-29,110373,1,105,0,64.0
10109862MOREIRAR_2025-11-29_G90,10109862MOREIRAR,2025-11-29,141202,1,8,0,116.0
10109862MOREIRAR_2025-11-29_G91,10109862MOREIRAR,2025-11-29,111435,1,19,0,311.0
10109862MOREIRAR_2025-11-30_G02,10109862MOREIRAR,2025-11-30,109640,1,120,0,372.0
10109862MOREIRAR_2025-11-30_G03,10109862MOREIRAR,2025-11-30,111182,1,10,0,528.0
10109862MOREIRAR_2025-11-30_G04,10109862MOREIRAR,2025-11-30,109641,1,80,0,393.0
10109862MOREIRAR_2025-11-30_G05,10109862MOREIRAR,2025-11-30,109648,1,7,0,347.0
10109862MOREIRAR_2025-11-30_G06,10109862MOREIRAR,2025-11-30,110313,1,4,0,540.0
10109862MOREIRAR_2025-11-30_G07,10109862MOREIRAR,2025-11-30,111743,1,4,0,114.0
10109862MOREIRAR_2025-11-30_G08,10109862MOREIRAR,2025-11-30,109640,1,8,0,170.0
10109862MOREIRAR_2025-11-30_G09,10109862MOREIRAR,2025-11-30,100334,1,2,0,193.0
10109862MOREIRAR_2025-11-30_G10,10109862MOREIRAR,2025-11-30,111462,1,5,0,231.0
10109862MOREIRAR_2025-11-30_G11,10109862MOREIRAR,2025-11-30,110374,1,8,0,247.0
10109862MOREIRAR_2025-11-30_G12,10109862MOREIRAR,2025-11-30,118094,1,6,0,593.0
10109862MOREIRAR_2025-11-30_G13,10109862MOREIRAR,2025-11-30,110895,1,4,0,321.0
10109862MOREIRAR_2025-11-30_G14,10109862MOREIRAR,2025-11-30,100334,1,1,0,76.0
10109862MOREIRAR_2025-11-30_G15,10109862MOREIRAR,2025-11-30,111462,1,8,0,117.0
10109862MOREIRAR_2025-11-30_G16,10109862MOREIRAR,2025-11-30,110325,1,8,0,180.0
10109862MOREIRAR_2025-11-30_G17,10109862MOREIRAR,2025-11-30,111434,1,4,0,441.0
10109862MOREIRAR_2025-11-30_G18,10109862MOREIRAR,2025-11-30,140922,3,9,17,78.0
10109862MOREIRAR_2025-11-30_G19,10109862MOREIRAR,2025-11-30,111431,1,4,0,117.0
10109862MOREIRAR_2025-11-30_G20,10109862MOREIRAR,2025-11-30,117842,1,4,0,58.0
10109862MOREIRAR_2025-11-30_G21,10109862MOREIRAR,2025-11-30,117935,1,4,0,88.0
10109862MOREIRAR_2025-11-30_G22,10109862MOREIRAR,2025-11-30,118140,1,1,0,128.0
10109862MOREIRAR_2025-11-30_G23,10109862MOREIRAR,2025-11-30,105705,1,1,0,61.0
10109862MOREIRAR_2025-11-30_G24,10109862MOREIRAR,2025-11-30,"109641, 111348",2,2,18,68.0
10109862MOREIRAR_2025-11-30_G25,10109862MOREIRAR,2025-11-30,117785,1,1,0,110.0
10109862MOREIRAR_2025-11-30_G26,10109862MOREIRAR,2025-11-30,141457,1,4,0,46.0
10109862MOREIRAR_2025-11-30_G27,10109862MOREIRAR,2025-11-30,111466,1,8,0,77.0
10109862MOREIRAR_2025-11-30_G28,10109862MOREIRAR,2025-11-30,110374,1,7,0,1188.0
10109862MOREIRAR_2025-11-30_G29,10109862MOREIRAR,2025-11-30,111418,1,6,0,1341.0
10109862MOREIRAR_2025-12-04_G02,10109862MOREIRAR,2025-12-04,111876,1,26,0,303.0
10109862MOREIRAR_2025-12-04_G03,10109862MOREIRAR,2025-12-04,118253,1,6,0,884.0
10109862MOREIRAR_2025-12-04_G04,10109862MOREIRAR,2025-12-04,117856,1,6,0,201.0
10109862MOREIRAR_2025-12-04_G05,10109862MOREIRAR,2025-12-04,111469,1,10,0,125.0
10109862MOREIRAR_2025-12-04_G06,10109862MOREIRAR,2025-12-04,117837,1,10,0,130.0
10109862MOREIRAR_2025-12-04_G07,10109862MOREIRAR,2025-12-04,110339,1,5,0,62.0
10109862MOREIRAR_2025-12-04_G08,10109862MOREIRAR,2025-12-04,117862,1,8,0,123.0
10109862MOREIRAR_2025-12-04_G09,10109862MOREIRAR,2025-12-04,109643,1,5,0,72.0
10109862MOREIRAR_2025-12-04_G10,10109862MOREIRAR,2025-12-04,111466,1,20,0,287.0
10109862MOREIRAR_2025-12-04_G11,10109862MOREIRAR,2025-12-04,118330,1,2,0,118.0
10109862MOREIRAR_2025-12-04_G12,10109862MOREIRAR,2025-12-04,110371,1,20,0,974.0
10109862MOREIRAR_2025-12-04_G13,10109862MOREIRAR,2025-12-04,117808,1,20,0,117.0
10109862MOREIRAR_2025-12-04_G14,10109862MOREIRAR,2025-12-04,117832,1,8,0,101.0
10109862MOREIRAR_2025-12-04_G15,10109862MOREIRAR,2025-12-04,111437,1,4,0,780.0
10109862MOREIRAR_2025-12-04_G16,10109862MOREIRAR,2025-12-04,118306,1,1,0,99.0
10109862MOREIRAR_2025-12-04_G17,10109862MOREIRAR,2025-12-04,111441,1,4,0,62.0
10109862MOREIRAR_2025-12-04_G18,10109862MOREIRAR,2025-12-04,117834,1,4,0,131.0
10109862MOREIRAR_2025-12-04_G19,10109862MOREIRAR,2025-12-04,110755,1,2,0,70.0
10109862MOREIRAR_2025-12-04_G20,10109862MOREIRAR,2025-12-04,108798,1,5,0,206.0
10109862MOREIRAR_2025-12-04_G21,10109862MOREIRAR,2025-12-04,117854,1,4,0,123.0
10109862MOREIRAR_2025-12-04_G22,10109862MOREIRAR,2025-12-04,141456,1,14,0,427.0
10109862MOREIRAR_2025-12-04_G23,10109862MOREIRAR,2025-12-04,140923,1,1,0,179.0
10109862MOREIRAR_2025-12-04_G24,10109862MOREIRAR,2025-12-04,110374,1,4,0,85.0
10109862MOREIRAR_2025-12-04_G25,10109862MOREIRAR,2025-12-04,117809,1,2,0,39.0
10109862MOREIRAR_2025-12-04_G26,10109862MOREIRAR,2025-12-04,110371,1,2,0,55.0
10109862MOREIRAR_2025-12-04_G27,10109862MOREIRAR,2025-12-04,"117808, 110733",2,3,29,34.0
10109862MOREIRAR_2025-12-04_G28,10109862MOREIRAR,2025-12-04,118299,1,4,0,65.0
10109862MOREIRAR_2025-12-04_G29,10109862MOREIRAR,2025-12-04,117835,1,2,0,118.0
10109862MOREIRAR_2025-12-04_G30,10109862MOREIRAR,2025-12-04,111569,1,4,0,83.0
10109862MOREIRAR_2025-12-04_G31,10109862MOREIRAR,2025-12-04,"110339, 117862",2,4,23,115.0
10109862MOREIRAR_2025-12-04_G32,10109862MOREIRAR,2025-12-04,111602,1,6,0,54.0
10109862MOREIRAR_2025-12-04_G33,10109862MOREIRAR,2025-12-04,141456,1,6,0,448.0
10109862MOREIRAR_2025-12-04_G34,10109862MOREIRAR,2025-12-04,111469,1,1,0,168.0
10109862MOREIRAR_2025-12-04_G35,10109862MOREIRAR,2025-12-04,111743,1,1,0,55.0
10109862MOREIRAR_2025-12-04_G36,10109862MOREIRAR,2025-12-04,111182,1,2,0,215.0
10109862MOREIRAR_2025-12-04_G37,10109862MOREIRAR,2025-12-04,110745,1,2,0,622.0
10109862MOREIRAR_2025-12-04_G38,10109862MOREIRAR,2025-12-04,111418,1,10,0,173.0
10109862MOREIRAR_2025-12-04_G39,10109862MOREIRAR,2025-12-04,117831,1,2,0,40.0
10109862MOREIRAR_2025-12-04_G40,10109862MOREIRAR,2025-12-04,"141457, 111466",2,5,23,97.0
10109862MOREIRAR_2025-12-04_G41,10109862MOREIRAR,2025-12-04,118140,1,4,0,129.0
10109862MOREIRAR_2025-12-04_G42,10109862MOREIRAR,2025-12-04,117820,1,4,0,88.0
10109862MOREIRAR_2025-12-04_G43,10109862MOREIRAR,2025-12-04,117808,1,3,0,74.0
10109862MOREIRAR_2025-12-04_G44,10109862MOREIRAR,2025-12-04,110372,1,7,0,155.0
10109862MOREIRAR_2025-12-04_G45,10109862MOREIRAR,2025-12-04,118299,1,9,0,96.0
10109862MOREIRAR_2025-12-04_G46,10109862MOREIRAR,2025-12-04,141456,1,2,0,68.0
10109862MOREIRAR_2025-12-04_G47,10109862MOREIRAR,2025-12-04,118140,1,2,0,79.0
10109862MOREIRAR_2025-12-04_G48,10109862MOREIRAR,2025-12-04,111462,1,2,0,133.0
10109862MOREIRAR_2025-12-04_G49,10109862MOREIRAR,2025-12-04,"117809, 117830",2,6,22,80.0
10109862MOREIRAR_2025-12-04_G50,10109862MOREIRAR,2025-12-04,117808,1,7,0,108.0
10109862MOREIRAR_2025-12-04_G51,10109862MOREIRAR,2025-12-04,117832,1,4,0,67.0
10109862MOREIRAR_2025-12-04_G52,10109862MOREIRAR,2025-12-04,117831,1,4,0,92.0
10109862MOREIRAR_2025-12-04_G53,10109862MOREIRAR,2025-12-04,"110372, 118299",2,8,19,428.0
10109862MOREIRAR_2025-12-04_G54,10109862MOREIRAR,2025-12-04,111466,1,2,0,56.0
10109862MOREIRAR_2025-12-05_G02,10109862MOREIRAR,2025-12-05,110339,1,2,0,132.0
10109862MOREIRAR_2025-12-05_G03,10109862MOREIRAR,2025-12-05,111438,1,2,0,110.0
10109862MOREIRAR_2025-12-05_G04,10109862MOREIRAR,2025-12-05,111469,1,4,0,40.0
10109862MOREIRAR_2025-12-05_G05,10109862MOREIRAR,2025-12-05,108795,1,4,0,106.0
10109862MOREIRAR_2025-12-05_G06,10109862MOREIRAR,2025-12-05,117838,1,4,0,57.0
10109862MOREIRAR_2025-12-05_G07,10109862MOREIRAR,2025-12-05,"111418, 117831",2,13,21,99.0
10109862MOREIRAR_2025-12-05_G08,10109862MOREIRAR,2025-12-05,111602,1,8,0,122.0
10109862MOREIRAR_2025-12-05_G09,10109862MOREIRAR,2025-12-05,111465,1,4,0,55.0
10109862MOREIRAR_2025-12-05_G10,10109862MOREIRAR,2025-12-05,117808,1,6,0,94.0
10109862MOREIRAR_2025-12-05_G11,10109862MOREIRAR,2025-12-05,117832,1,2,0,67.0
10109862MOREIRAR_2025-12-05_G12,10109862MOREIRAR,2025-12-05,110372,1,13,0,71.0
10109862MOREIRAR_2025-12-05_G13,10109862MOREIRAR,2025-12-05,118299,1,10,0,65.0
10109862MOREIRAR_2025-12-05_G14,10109862MOREIRAR,2025-12-05,111602,1,4,0,165.0
10109862MOREIRAR_2025-12-05_G15,10109862MOREIRAR,2025-12-05,"111463, 117831",2,4,12,96.0
10109862MOREIRAR_2025-12-05_G16,10109862MOREIRAR,2025-12-05,141457,1,3,0,57.0
10109862MOREIRAR_2025-12-05_G17,10109862MOREIRAR,2025-12-05,117808,1,8,0,40.0
10109862MOREIRAR_2025-12-05_G18,10109862MOREIRAR,2025-12-05,118299,1,9,0,389.0
10109862MOREIRAR_2025-12-05_G19,10109862MOREIRAR,2025-12-05,111876,1,2,0,576.0
10109862MOREIRAR_2025-12-05_G20,10109862MOREIRAR,2025-12-05,117836,1,3,0,80.0
10109862MOREIRAR_2025-12-05_G21,10109862MOREIRAR,2025-12-05,117836,1,70,0,426.0
10109862MOREIRAR_2025-12-05_G22,10109862MOREIRAR,2025-12-05,118140,1,270,0,1104.0
10109862MOREIRAR_2025-12-05_G23,10109862MOREIRAR,2025-12-05,122962,1,24,0,2505.0
10109862MOREIRAR_2025-12-05_G24,10109862MOREIRAR,2025-12-05,120028,1,40,0,462.0
10109862MOREIRAR_2025-12-05_G25,10109862MOREIRAR,2025-12-05,124476,1,1,0,289.0
10109862MOREIRAR_2025-12-05_G26,10109862MOREIRAR,2025-12-05,122671,1,100,0,1020.0
10109862MOREIRAR_2025-12-05_G28,10109862MOREIRAR,2025-12-05,123889,1,70,0,506.0
10109862MOREIRAR_2025-12-05_G29,10109862MOREIRAR,2025-12-05,123343,1,200,0,1084.0
10109862MOREIRAR_2025-12-05_G30,10109862MOREIRAR,2025-12-05,123345,1,200,0,1114.0
10109862MOREIRAR_2025-12-05_G31,10109862MOREIRAR,2025-12-05,124477,1,60,0,921.0
10109862MOREIRAR_2025-12-05_G32,10109862MOREIRAR,2025-12-05,123560,1,30,0,428.0
10109862MOREIRAR_2025-12-05_G33,10109862MOREIRAR,2025-12-05,123492,1,60,0,744.0
10109862MOREIRAR_2025-12-05_G34,10109862MOREIRAR,2025-12-05,124476,1,100,0,1460.0
10109862MOREIRAR_2025-12-05_G35,10109862MOREIRAR,2025-12-05,122988,1,50,0,706.0
10109862MOREIRAR_2025-12-05_G36,10109862MOREIRAR,2025-12-05,123561,1,30,0,428.0
10109862MOREIRAR_2025-12-05_G37,10109862MOREIRAR,2025-12-05,124624,1,100,0,1098.0
10109862MOREIRAR_2025-12-06_G02,10109862MOREIRAR,2025-12-06,122962,1,36,0,2034.0
10109862MOREIRAR_2025-12-06_G03,10109862MOREIRAR,2025-12-06,122671,1,20,0,159.0
10109862MOREIRAR_2025-12-06_G04,10109862MOREIRAR,2025-12-06,124486,1,61,0,570.0
10109862MOREIRAR_2025-12-06_G05,10109862MOREIRAR,2025-12-06,123909,1,11,0,246.0
10109862MOREIRAR_2025-12-06_G06,10109862MOREIRAR,2025-12-06,124594,1,10,0,307.0
10109862MOREIRAR_2025-12-06_G07,10109862MOREIRAR,2025-12-06,120389,1,36,0,612.0
10109862MOREIRAR_2025-12-06_G08,10109862MOREIRAR,2025-12-06,123889,1,14,0,183.0
10109862MOREIRAR_2025-12-06_G09,10109862MOREIRAR,2025-12-06,124486,1,20,0,324.0
10109862MOREIRAR_2025-12-06_G10,10109862MOREIRAR,2025-12-06,120389,1,6,0,275.0
10109862MOREIRAR_2025-12-06_G11,10109862MOREIRAR,2025-12-06,124486,1,12,0,557.0
10109862MOREIRAR_2025-12-06_G12,10109862MOREIRAR,2025-12-06,123909,1,6,0,235.0
10109862MOREIRAR_2025-12-06_G13,10109862MOREIRAR,2025-12-06,124264,1,9,0,250.0
10109862MOREIRAR_2025-12-06_G14,10109862MOREIRAR,2025-12-06,123153,1,20,0,1710.0
10109862MOREIRAR_2025-12-07_G02,10109862MOREIRAR,2025-12-07,117855,1,15,0,348.0
10109862MOREIRAR_2025-12-07_G03,10109862MOREIRAR,2025-12-07,117862,1,6,0,218.0
10109862MOREIRAR_2025-12-07_G04,10109862MOREIRAR,2025-12-07,117862,1,20,0,249.0
10109862MOREIRAR_2025-12-07_G05,10109862MOREIRAR,2025-12-07,109640,1,21,0,723.0
10109862MOREIRAR_2025-12-07_G06,10109862MOREIRAR,2025-12-07,110711,1,10,0,101.0
10109862MOREIRAR_2025-12-07_G07,10109862MOREIRAR,2025-12-07,117830,1,40,0,790.0
10109862MOREIRAR_2025-12-07_G08,10109862MOREIRAR,2025-12-07,118299,1,440,0,1911.0
10109862MOREIRAR_2025-12-07_G09,10109862MOREIRAR,2025-12-07,160054,1,8,0,133.0
10109862MOREIRAR_2025-12-07_G10,10109862MOREIRAR,2025-12-07,100334,1,1,0,709.0
10109862MOREIRAR_2025-12-07_G11,10109862MOREIRAR,2025-12-07,118222,1,2,0,147.0
10109862MOREIRAR_2025-12-07_G12,10109862MOREIRAR,2025-12-07,140923,1,8,0,319.0
10109862MOREIRAR_2025-12-07_G13,10109862MOREIRAR,2025-12-07,109640,1,5,0,158.0
10109862MOREIRAR_2025-12-07_G14,10109862MOREIRAR,2025-12-07,111602,1,10,0,178.0
10109862MOREIRAR_2025-12-07_G15,10109862MOREIRAR,2025-12-07,111348,1,1,0,259.0
10109862MOREIRAR_2025-12-07_G16,10109862MOREIRAR,2025-12-07,118140,1,6,0,292.0
10109862MOREIRAR_2025-12-07_G17,10109862MOREIRAR,2025-12-07,108711,1,1,0,34.0
10109862MOREIRAR_2025-12-07_G18,10109862MOREIRAR,2025-12-07,108794,1,2,0,1178.0
10109862MOREIRAR_2025-12-07_G19,10109862MOREIRAR,2025-12-07,141457,1,6,0,57.0
10109862MOREIRAR_2025-12-07_G20,10109862MOREIRAR,2025-12-07,117785,1,4,0,127.0
10109862MOREIRAR_2025-12-08_G02,10109862MOREIRAR,2025-12-08,117809,1,4,0,165.0
10109862MOREIRAR_2025-12-08_G03,10109862MOREIRAR,2025-12-08,110371,1,4,0,120.0
10109862MOREIRAR_2025-12-08_G04,10109862MOREIRAR,2025-12-08,117808,1,11,0,75.0
10109862MOREIRAR_2025-12-08_G05,10109862MOREIRAR,2025-12-08,110372,1,14,0,156.0
10109862MOREIRAR_2025-12-08_G06,10109862MOREIRAR,2025-12-08,118299,1,12,0,108.0
10109862MOREIRAR_2025-12-08_G07,10109862MOREIRAR,2025-12-08,118140,1,4,0,290.0
10109862MOREIRAR_2025-12-08_G08,10109862MOREIRAR,2025-12-08,140911,1,2,0,275.0
10109862MOREIRAR_2025-12-08_G09,10109862MOREIRAR,2025-12-08,100334,1,6,0,1190.0
10109862MOREIRAR_2025-12-08_G10,10109862MOREIRAR,2025-12-08,140923,1,2,0,174.0
10109862MOREIRAR_2025-12-08_G11,10109862MOREIRAR,2025-12-08,110752,1,14,0,215.0
10109862MOREIRAR_2025-12-08_G12,10109862MOREIRAR,2025-12-08,110339,1,3,0,45.0
10109862MOREIRAR_2025-12-08_G13,10109862MOREIRAR,2025-12-08,117856,1,4,0,100.0
10109862MOREIRAR_2025-12-08_G14,10109862MOREIRAR,2025-12-08,117855,1,1,0,95.0
10109862MOREIRAR_2025-12-08_G15,10109862MOREIRAR,2025-12-08,141823,1,3,0,118.0
10109862MOREIRAR_2025-12-08_G16,10109862MOREIRAR,2025-12-08,109645,1,4,0,1101.0
10109862MOREIRAR_2025-12-08_G17,10109862MOREIRAR,2025-12-08,111743,1,2,0,91.0
10109862MOREIRAR_2025-12-08_G18,10109862MOREIRAR,2025-12-08,109641,1,4,0,108.0
10109862MOREIRAR_2025-12-08_G19,10109862MOREIRAR,2025-12-08,111418,1,8,0,124.0
10109862MOREIRAR_2025-12-08_G20,10109862MOREIRAR,2025-12-08,118223,1,4,0,189.0
10109862MOREIRAR_2025-12-08_G21,10109862MOREIRAR,2025-12-08,117831,1,2,0,52.0
10109862MOREIRAR_2025-12-08_G22,10109862MOREIRAR,2025-12-08,111759,1,6,0,743.0
10109862MOREIRAR_2025-12-08_G23,10109862MOREIRAR,2025-12-08,141141,1,6,0,180.0
10109862MOREIRAR_2025-12-08_G24,10109862MOREIRAR,2025-12-08,141140,1,6,0,206.0
10109862MOREIRAR_2025-12-08_G25,10109862MOREIRAR,2025-12-08,111634,1,6,0,231.0
10109862MOREIRAR_2025-12-08_G26,10109862MOREIRAR,2025-12-08,141261,1,8,0,738.0
10109862MOREIRAR_2025-12-08_G27,10109862MOREIRAR,2025-12-08,118191,1,10,0,204.0
10109862MOREIRAR_2025-12-08_G28,10109862MOREIRAR,2025-12-08,141262,1,8,0,216.0
10109862MOREIRAR_2025-12-08_G29,10109862MOREIRAR,2025-12-08,111759,1,6,0,1196.0
10109862MOREIRAR_2025-12-08_G30,10109862MOREIRAR,2025-12-08,141141,1,8,0,60.0
10109862MOREIRAR_2025-12-08_G31,10109862MOREIRAR,2025-12-08,141140,1,8,0,353.0
10109862MOREIRAR_2025-12-08_G33,10109862MOREIRAR,2025-12-08,141823,1,20,0,493.0
10109862MOREIRAR_2025-12-08_G34,10109862MOREIRAR,2025-12-08,110325,1,8,0,613.0
10109862MOREIRAR_2025-12-08_G35,10109862MOREIRAR,2025-12-08,141202,1,8,0,118.0
10109862MOREIRAR_2025-12-08_G36,10109862MOREIRAR,2025-12-08,110733,1,4,0,98.0
10109862MOREIRAR_2025-12-08_G37,10109862MOREIRAR,2025-12-08,118140,1,12,0,150.0
10109862MOREIRAR_2025-12-08_G38,10109862MOREIRAR,2025-12-08,111743,1,6,0,84.0
10109862MOREIRAR_2025-12-08_G39,10109862MOREIRAR,2025-12-08,140922,1,8,0,179.0
10109862MOREIRAR_2025-12-08_G40,10109862MOREIRAR,2025-12-08,108711,1,8,0,31.0
10109862MOREIRAR_2025-12-08_G41,10109862MOREIRAR,2025-12-08,118140,1,4,0,316.0
10109862MOREIRAR_2025-12-08_G42,10109862MOREIRAR,2025-12-08,140922,1,4,0,57.0
10109862MOREIRAR_2025-12-08_G43,10109862MOREIRAR,2025-12-08,111463,1,4,0,129.0
10109862MOREIRAR_2025-12-08_G44,10109862MOREIRAR,2025-12-08,110733,1,8,0,116.0
10109862MOREIRAR_2025-12-08_G45,10109862MOREIRAR,2025-12-08,110895,1,4,0,147.0
10109862MOREIRAR_2025-12-08_G46,10109862MOREIRAR,2025-12-08,111438,1,2,0,190.0
10109862MOREIRAR_2025-12-08_G47,10109862MOREIRAR,2025-12-08,117855,1,4,0,120.0
10109862MOREIRAR_2025-12-08_G48,10109862MOREIRAR,2025-12-08,111602,1,1,0,2037.0
10109862MOREIRAR_2025-12-08_G49,10109862MOREIRAR,2025-12-08,111469,1,2,0,80.0
10109862MOREIRAR_2025-12-08_G50,10109862MOREIRAR,2025-12-08,110374,1,4,0,108.0
10109862MOREIRAR_2025-12-08_G51,10109862MOREIRAR,2025-12-08,117832,1,2,0,213.0
10109862MOREIRAR_2025-12-08_G52,10109862MOREIRAR,2025-12-08,118299,1,4,0,311.0
10109862MOREIRAR_2025-12-08_G53,10109862MOREIRAR,2025-12-08,140922,1,4,0,214.0
10109862MOREIRAR_2025-12-08_G54,10109862MOREIRAR,2025-12-08,111468,1,10,0,129.0
10109862MOREIRAR_2025-12-08_G55,10109862MOREIRAR,2025-12-08,110756,1,4,0,68.0
10109862MOREIRAR_2025-12-08_G56,10109862MOREIRAR,2025-12-08,118140,1,60,0,744.0
10109862MOREIRAR_2025-12-08_G57,10109862MOREIRAR,2025-12-08,140922,1,4,0,44.0
10109862MOREIRAR_2025-12-08_G58,10109862MOREIRAR,2025-12-08,108794,1,3,0,229.0
10109862MOREIRAR_2025-12-08_G59,10109862MOREIRAR,2025-12-08,111418,1,9,0,90.0
10109862MOREIRAR_2025-12-08_G60,10109862MOREIRAR,2025-12-08,111469,1,3,0,50.0
10109862MOREIRAR_2025-12-08_G61,10109862MOREIRAR,2025-12-08,111443,1,4,0,164.0
10109862MOREIRAR_2025-12-08_G62,10109862MOREIRAR,2025-12-08,110895,1,8,0,1003.0
10109862MOREIRAR_2025-12-08_G63,10109862MOREIRAR,2025-12-08,117861,1,4,0,367.0
10109862MOREIRAR_2025-12-08_G64,10109862MOREIRAR,2025-12-08,140923,1,20,0,131.0
10109862MOREIRAR_2025-12-08_G65,10109862MOREIRAR,2025-12-08,110339,1,4,0,81.0
10109862MOREIRAR_2025-12-08_G66,10109862MOREIRAR,2025-12-08,117853,1,4,0,61.0
10109862MOREIRAR_2025-12-08_G67,10109862MOREIRAR,2025-12-08,117856,1,12,0,114.0
10109862MOREIRAR_2025-12-08_G68,10109862MOREIRAR,2025-12-08,141066,1,2,0,853.0
10109862MOREIRAR_2025-12-08_G69,10109862MOREIRAR,2025-12-08,107629,1,4,0,48.0
10109862MOREIRAR_2025-12-08_G70,10109862MOREIRAR,2025-12-08,111530,1,10,0,114.0
10109862MOREIRAR_2025-12-08_G71,10109862MOREIRAR,2025-12-08,117786,1,6,0,180.0
10109862MOREIRAR_2025-12-08_G72,10109862MOREIRAR,2025-12-08,117862,1,6,0,122.0
10109862MOREIRAR_2025-12-08_G73,10109862MOREIRAR,2025-12-08,118094,1,8,0,448.0
10109862MOREIRAR_2025-12-08_G74,10109862MOREIRAR,2025-12-08,109640,1,1,0,31.0
10109862MOREIRAR_2025-12-08_G75,10109862MOREIRAR,2025-12-08,110711,2,16,13,99.0
10109862MOREIRAR_2025-12-08_G76,10109862MOREIRAR,2025-12-08,111602,1,10,0,105.0
10109862MOREIRAR_2025-12-08_G77,10109862MOREIRAR,2025-12-08,108772,1,2,0,108.0
10109862MOREIRAR_2025-12-08_G78,10109862MOREIRAR,2025-12-08,110129,1,8,0,2295.0
10109862MOREIRAR_2025-12-08_G79,10109862MOREIRAR,2025-12-08,111348,1,4,0,311.0
10109862MOREIRAR_2025-12-08_G80,10109862MOREIRAR,2025-12-08,111172,1,8,0,130.0
10109862MOREIRAR_2025-12-08_G81,10109862MOREIRAR,2025-12-08,141823,1,2,0,37.0
10109862MOREIRAR_2025-12-08_G82,10109862MOREIRAR,2025-12-08,"141456, 118140",2,29,9,175.0
10109862MOREIRAR_2025-12-08_G83,10109862MOREIRAR,2025-12-08,"105705, 109645",2,5,29,37.0
10109862MOREIRAR_2025-12-08_G84,10109862MOREIRAR,2025-12-08,117809,1,22,0,266.0
10109862MOREIRAR_2025-12-08_G85,10109862MOREIRAR,2025-12-08,111743,1,12,0,113.0
10109862MOREIRAR_2025-12-09_G02,10109862MOREIRAR,2025-12-09,140922,1,4,0,350.0
10109862MOREIRAR_2025-12-09_G03,10109862MOREIRAR,2025-12-09,108711,1,11,0,73.0
10109862MOREIRAR_2025-12-09_G04,10109862MOREIRAR,2025-12-09,108794,1,6,0,66.0
10109862MOREIRAR_2025-12-09_G05,10109862MOREIRAR,2025-12-09,141457,1,20,0,111.0
10109862MOREIRAR_2025-12-09_G06,10109862MOREIRAR,2025-12-09,108798,1,4,0,41.0
10109862MOREIRAR_2025-12-09_G07,10109862MOREIRAR,2025-12-09,110743,1,4,0,82.0
10109862MOREIRAR_2025-12-09_G08,10109862MOREIRAR,2025-12-09,111462,1,5,0,73.0
10109862MOREIRAR_2025-12-09_G09,10109862MOREIRAR,2025-12-09,111463,1,10,0,80.0
10109862MOREIRAR_2025-12-09_G10,10109862MOREIRAR,2025-12-09,117831,1,16,0,106.0
10109862MOREIRAR_2025-12-09_G11,10109862MOREIRAR,2025-12-09,117787,1,4,0,73.0
10109862MOREIRAR_2025-12-09_G12,10109862MOREIRAR,2025-12-09,117821,1,8,0,140.0
10109862MOREIRAR_2025-12-09_G13,10109862MOREIRAR,2025-12-09,117822,1,4,0,185.0
10109862MOREIRAR_2025-12-09_G14,10109862MOREIRAR,2025-12-09,117832,1,6,0,247.0
10109862MOREIRAR_2025-12-09_G15,10109862MOREIRAR,2025-12-09,110375,1,8,0,77.0
10109862MOREIRAR_2025-12-09_G16,10109862MOREIRAR,2025-12-09,109643,1,2,0,68.0
10109862MOREIRAR_2025-12-09_G17,10109862MOREIRAR,2025-12-09,141202,1,7,0,60.0
10109862MOREIRAR_2025-12-09_G18,10109862MOREIRAR,2025-12-09,141458,1,16,0,150.0
10109862MOREIRAR_2025-12-09_G19,10109862MOREIRAR,2025-12-09,111466,1,3,0,298.0
10109862MOREIRAR_2025-12-09_G20,10109862MOREIRAR,2025-12-09,111569,1,4,0,153.0
10109862MOREIRAR_2025-12-09_G21,10109862MOREIRAR,2025-12-09,140923,1,2,0,49.0
10109862MOREIRAR_2025-12-09_G22,10109862MOREIRAR,2025-12-09,111436,1,2,0,62.0
10109862MOREIRAR_2025-12-09_G23,10109862MOREIRAR,2025-12-09,117834,1,4,0,67.0
10109862MOREIRAR_2025-12-09_G24,10109862MOREIRAR,2025-12-09,117786,1,1,0,63.0
10109862MOREIRAR_2025-12-09_G25,10109862MOREIRAR,2025-12-09,"117862, 118094",2,3,30,75.0
10109862MOREIRAR_2025-12-09_G26,10109862MOREIRAR,2025-12-09,111602,1,1,0,120.0
10109862MOREIRAR_2025-12-09_G27,10109862MOREIRAR,2025-12-09,117809,1,1,0,158.0
10109862MOREIRAR_2025-12-09_G28,10109862MOREIRAR,2025-12-09,117832,1,6,0,96.0
10109862MOREIRAR_2025-12-09_G29,10109862MOREIRAR,2025-12-09,110372,1,23,0,208.0
10109862MOREIRAR_2025-12-09_G30,10109862MOREIRAR,2025-12-09,110740,1,2,0,198.0
10109862MOREIRAR_2025-12-09_G31,10109862MOREIRAR,2025-12-09,111172,1,4,0,103.0
10109862MOREIRAR_2025-12-09_G32,10109862MOREIRAR,2025-12-09,141456,1,20,0,112.0
10109862MOREIRAR_2025-12-09_G33,10109862MOREIRAR,2025-12-09,118140,1,6,0,1387.0
10109862MOREIRAR_2025-12-09_G34,10109862MOREIRAR,2025-12-09,105705,1,3,0,44.0
10109862MOREIRAR_2025-12-09_G35,10109862MOREIRAR,2025-12-09,111468,1,1,0,97.0
10109862MOREIRAR_2025-12-09_G36,10109862MOREIRAR,2025-12-09,108711,1,2,0,97.0
10109862MOREIRAR_2025-12-09_G37,10109862MOREIRAR,2025-12-09,108794,1,2,0,60.0
10109862MOREIRAR_2025-12-09_G38,10109862MOREIRAR,2025-12-09,141457,1,4,0,37.0
10109862MOREIRAR_2025-12-09_G39,10109862MOREIRAR,2025-12-09,109641,1,2,0,37.0
10109862MOREIRAR_2025-12-09_G40,10109862MOREIRAR,2025-12-09,111462,1,2,0,70.0
10109862MOREIRAR_2025-12-09_G41,10109862MOREIRAR,2025-12-09,111463,1,1,0,34.0
10109862MOREIRAR_2025-12-09_G42,10109862MOREIRAR,2025-12-09,111469,1,14,0,75.0
10109862MOREIRAR_2025-12-09_G43,10109862MOREIRAR,2025-12-09,117831,1,8,0,74.0
10109862MOREIRAR_2025-12-09_G44,10109862MOREIRAR,2025-12-09,107236,1,2,0,45.0
10109862MOREIRAR_2025-12-09_G45,10109862MOREIRAR,2025-12-09,117785,1,8,0,68.0
10109862MOREIRAR_2025-12-09_G46,10109862MOREIRAR,2025-12-09,117821,1,2,0,42.0
10109862MOREIRAR_2025-12-09_G47,10109862MOREIRAR,2025-12-09,111466,1,4,0,480.0
10109862MOREIRAR_2025-12-09_G48,10109862MOREIRAR,2025-12-09,141458,1,2,0,973.0
10109862MOREIRAR_2025-12-09_G49,10109862MOREIRAR,2025-12-09,141457,1,12,0,223.0
10109862MOREIRAR_2025-12-09_G50,10109862MOREIRAR,2025-12-09,110129,1,2,0,88.0
10109862MOREIRAR_2025-12-09_G51,10109862MOREIRAR,2025-12-09,110740,1,4,0,232.0
10109862MOREIRAR_2025-12-09_G53,10109862MOREIRAR,2025-12-09,111438,1,35,0,768.0
10109862MOREIRAR_2025-12-09_G54,10109862MOREIRAR,2025-12-09,111569,1,40,0,150.0
10109862MOREIRAR_2025-12-09_G55,10109862MOREIRAR,2025-12-09,118222,1,43,0,455.0
10109862MOREIRAR_2025-12-09_G56,10109862MOREIRAR,2025-12-09,118417,1,12,0,1010.0
10109862MOREIRAR_2025-12-09_G57,10109862MOREIRAR,2025-12-09,111793,1,2,0,61.0
10109862MOREIRAR_2025-12-09_G58,10109862MOREIRAR,2025-12-09,110354,1,1,0,42.0
10109862MOREIRAR_2025-12-09_G59,10109862MOREIRAR,2025-12-09,141318,1,2,0,50.0
10109862MOREIRAR_2025-12-09_G60,10109862MOREIRAR,2025-12-09,118323,1,2,0,43.0
10109862MOREIRAR_2025-12-09_G61,10109862MOREIRAR,2025-12-09,100334,1,41,0,335.0
10109862MOREIRAR_2025-12-09_G62,10109862MOREIRAR,2025-12-09,140911,1,7,0,169.0
10109862MOREIRAR_2025-12-09_G63,10109862MOREIRAR,2025-12-09,160057,1,4,0,103.0
10109862MOREIRAR_2025-12-09_G64,10109862MOREIRAR,2025-12-09,110582,1,4,0,45.0
10109862MOREIRAR_2025-12-09_G65,10109862MOREIRAR,2025-12-09,117789,1,8,0,86.0
10109862MOREIRAR_2025-12-09_G66,10109862MOREIRAR,2025-12-09,110754,1,4,0,37.0
10109862MOREIRAR_2025-12-09_G67,10109862MOREIRAR,2025-12-09,111833,1,2,0,57.0
10109862MOREIRAR_2025-12-09_G68,10109862MOREIRAR,2025-12-09,111172,1,40,0,2075.0
10109862MOREIRAR_2025-12-09_G69,10109862MOREIRAR,2025-12-09,105705,1,83,0,255.0
10109862MOREIRAR_2025-12-09_G70,10109862MOREIRAR,2025-12-09,111468,1,48,0,434.0
10109862MOREIRAR_2025-12-09_G71,10109862MOREIRAR,2025-12-09,110745,1,45,0,600.0
10109862MOREIRAR_2025-12-09_G72,10109862MOREIRAR,2025-12-09,109641,1,19,0,1310.0
10109862MOREIRAR_2025-12-09_G73,10109862MOREIRAR,2025-12-09,111465,1,23,0,336.0
10109862MOREIRAR_2025-12-09_G74,10109862MOREIRAR,2025-12-09,111431,1,24,0,313.0
10109862MOREIRAR_2025-12-09_G76,10109862MOREIRAR,2025-12-09,109647,1,52,0,198.0
10109862MOREIRAR_2025-12-10_G02,10109862MOREIRAR,2025-12-10,111330,1,63,0,513.0
10109862MOREIRAR_2025-12-10_G03,10109862MOREIRAR,2025-12-10,109641,1,150,0,1355.0
10109862MOREIRAR_2025-12-10_G04,10109862MOREIRAR,2025-12-10,110374,1,30,0,2025.0
10109862MOREIRAR_2025-12-10_G05,10109862MOREIRAR,2025-12-10,117809,1,35,0,146.0
10109862MOREIRAR_2025-12-10_G06,10109862MOREIRAR,2025-12-10,110371,1,37,0,385.0
10109862MOREIRAR_2025-12-10_G07,10109862MOREIRAR,2025-12-10,117808,1,33,0,371.0
10109862MOREIRAR_2025-12-10_G08,10109862MOREIRAR,2025-12-10,117822,1,6,0,83.0
10109862MOREIRAR_2025-12-10_G09,10109862MOREIRAR,2025-12-10,110376,1,2,0,37.0
10109862MOREIRAR_2025-12-10_G10,10109862MOREIRAR,2025-12-10,117832,1,20,0,146.0
10109862MOREIRAR_2025-12-10_G11,10109862MOREIRAR,2025-12-10,110372,1,12,0,156.0
10109862MOREIRAR_2025-12-10_G12,10109862MOREIRAR,2025-12-10,118299,1,200,0,112.0
10109862MOREIRAR_2025-12-10_G13,10109862MOREIRAR,2025-12-10,109643,1,2,0,156.0
10109862MOREIRAR_2025-12-10_G14,10109862MOREIRAR,2025-12-10,110325,2,40,9,304.0
10109862MOREIRAR_2025-12-10_G15,10109862MOREIRAR,2025-12-10,117808,1,567,0,3060.0
10109862MOREIRAR_2025-12-10_G17,10109862MOREIRAR,2025-12-10,141823,1,24,0,164.0
10109862MOREIRAR_2025-12-10_G18,10109862MOREIRAR,2025-12-10,141456,1,23,0,345.0
10109862MOREIRAR_2025-12-10_G19,10109862MOREIRAR,2025-12-10,118285,1,4,0,56.0
10109862MOREIRAR_2025-12-10_G20,10109862MOREIRAR,2025-12-10,109645,1,19,0,159.0
10109862MOREIRAR_2025-12-10_G21,10109862MOREIRAR,2025-12-10,110751,1,14,0,624.0
10109862MOREIRAR_2025-12-10_G22,10109862MOREIRAR,2025-12-10,111743,1,10,0,128.0
10109862MOREIRAR_2025-12-10_G23,10109862MOREIRAR,2025-12-10,111468,1,6,0,54.0
10109862MOREIRAR_2025-12-10_G24,10109862MOREIRAR,2025-12-10,111434,1,3,0,106.0
10109862MOREIRAR_2025-12-10_G25,10109862MOREIRAR,2025-12-10,111182,1,4,0,97.0
10109862MOREIRAR_2025-12-10_G26,10109862MOREIRAR,2025-12-10,108711,1,20,0,172.0
10109862MOREIRAR_2025-12-10_G27,10109862MOREIRAR,2025-12-10,109641,1,4,0,96.0
10109862MOREIRAR_2025-12-10_G28,10109862MOREIRAR,2025-12-10,108795,1,14,0,184.0
10109862MOREIRAR_2025-12-10_G29,10109862MOREIRAR,2025-12-10,111418,1,16,0,76.0
10109862MOREIRAR_2025-12-10_G30,10109862MOREIRAR,2025-12-10,111462,1,28,0,322.0
10109862MOREIRAR_2025-12-10_G31,10109862MOREIRAR,2025-12-10,111469,1,8,0,71.0
10109862MOREIRAR_2025-12-10_G32,10109862MOREIRAR,2025-12-10,107236,1,7,0,106.0
10109862MOREIRAR_2025-12-10_G33,10109862MOREIRAR,2025-12-10,118330,1,8,0,130.0
10109862MOREIRAR_2025-12-10_G34,10109862MOREIRAR,2025-12-10,141458,1,22,0,407.0
10109862MOREIRAR_2025-12-10_G35,10109862MOREIRAR,2025-12-10,118317,1,24,0,725.0
10109862MOREIRAR_2025-12-10_G36,10109862MOREIRAR,2025-12-10,118140,1,52,0,356.0
10109862MOREIRAR_2025-12-10_G37,10109862MOREIRAR,2025-12-10,111532,1,51,0,818.0
10109862MOREIRAR_2025-12-10_G38,10109862MOREIRAR,2025-12-10,108794,1,34,0,751.0
10109862MOREIRAR_2025-12-10_G39,10109862MOREIRAR,2025-12-10,108798,1,28,0,205.0
10109862MOREIRAR_2025-12-10_G40,10109862MOREIRAR,2025-12-10,117831,1,40,0,440.0
10109862MOREIRAR_2025-12-10_G41,10109862MOREIRAR,2025-12-10,140922,1,40,0,38.0
10109862MOREIRAR_2025-12-10_G42,10109862MOREIRAR,2025-12-10,141457,1,73,0,256.0
10109862MOREIRAR_2025-12-10_G43,10109862MOREIRAR,2025-12-10,141202,1,19,0,123.0
10109862MOREIRAR_2025-12-10_G44,10109862MOREIRAR,2025-12-10,110325,1,32,0,282.0
10109862MOREIRAR_2025-12-10_G45,10109862MOREIRAR,2025-12-10,110747,1,60,0,1717.0
10109862MOREIRAR_2025-12-10_G46,10109862MOREIRAR,2025-12-10,118222,1,1,0,473.0
10109862MOREIRAR_2025-12-11_G02,10109862MOREIRAR,2025-12-11,117834,1,4,0,131.0
10109862MOREIRAR_2025-12-11_G03,10109862MOREIRAR,2025-12-11,141916,1,4,0,109.0
10109862MOREIRAR_2025-12-11_G04,10109862MOREIRAR,2025-12-11,110747,1,4,0,73.0
10109862MOREIRAR_2025-12-11_G05,10109862MOREIRAR,2025-12-11,110751,1,13,0,265.0
10109862MOREIRAR_2025-12-11_G06,10109862MOREIRAR,2025-12-11,110745,1,10,0,137.0
10109862MOREIRAR_2025-12-11_G07,10109862MOREIRAR,2025-12-11,141457,1,23,0,199.0
10109862MOREIRAR_2025-12-11_G08,10109862MOREIRAR,2025-12-11,141457,1,10,0,76.0
10109862MOREIRAR_2025-12-11_G09,10109862MOREIRAR,2025-12-11,111463,1,10,0,141.0
10109862MOREIRAR_2025-12-11_G10,10109862MOREIRAR,2025-12-11,117785,2,20,11,293.0
10109862MOREIRAR_2025-12-11_G11,10109862MOREIRAR,2025-12-11,111443,1,20,0,266.0
10109862MOREIRAR_2025-12-11_G12,10109862MOREIRAR,2025-12-11,117808,1,86,0,229.0
10109862MOREIRAR_2025-12-11_G13,10109862MOREIRAR,2025-12-11,110371,1,20,0,208.0
10109862MOREIRAR_2025-12-11_G14,10109862MOREIRAR,2025-12-11,110372,1,28,0,279.0
10109862MOREIRAR_2025-12-11_G15,10109862MOREIRAR,2025-12-11,110895,1,18,0,758.0
10109862MOREIRAR_2025-12-11_G16,10109862MOREIRAR,2025-12-11,110895,1,18,0,41.0
10109862MOREIRAR_2025-12-11_G17,10109862MOREIRAR,2025-12-11,117935,2,8,9,183.0
10109862MOREIRAR_2025-12-11_G18,10109862MOREIRAR,2025-12-11,118283,2,8,10,112.0
10109862MOREIRAR_2025-12-11_G19,10109862MOREIRAR,2025-12-11,118222,2,8,7,71.0
10109862MOREIRAR_2025-12-11_G20,10109862MOREIRAR,2025-12-11,111602,1,40,0,245.0
10109862MOREIRAR_2025-12-11_G21,10109862MOREIRAR,2025-12-11,141066,2,16,6,165.0
10109862MOREIRAR_2025-12-11_G22,10109862MOREIRAR,2025-12-11,105359,2,4,16,475.0
10109862MOREIRAR_2025-12-11_G23,10109862MOREIRAR,2025-12-11,117855,2,16,13,121.0
10109862MOREIRAR_2025-12-11_G24,10109862MOREIRAR,2025-12-11,111602,1,40,0,129.0
10109862MOREIRAR_2025-12-11_G25,10109862MOREIRAR,2025-12-11,110582,1,4,0,141.0
10109862MOREIRAR_2025-12-11_G26,10109862MOREIRAR,2025-12-11,118229,2,4,7,60.0
10109862MOREIRAR_2025-12-11_G27,10109862MOREIRAR,2025-12-11,109471,2,2,7,119.0
10109862MOREIRAR_2025-12-11_G28,10109862MOREIRAR,2025-12-11,118271,2,4,14,264.0
10109862MOREIRAR_2025-12-11_G29,10109862MOREIRAR,2025-12-11,110374,1,6,0,88.0
10109862MOREIRAR_2025-12-11_G30,10109862MOREIRAR,2025-12-11,"110374, 117808",2,36,15,119.0
10109862MOREIRAR_2025-12-11_G31,10109862MOREIRAR,2025-12-11,110371,2,7,10,153.0
10109862MOREIRAR_2025-12-11_G32,10109862MOREIRAR,2025-12-11,117832,1,4,0,210.0
10109862MOREIRAR_2025-12-11_G33,10109862MOREIRAR,2025-12-11,117832,1,4,0,95.0
10109862MOREIRAR_2025-12-11_G34,10109862MOREIRAR,2025-12-11,110372,1,34,0,52.0
10109862MOREIRAR_2025-12-11_G35,10109862MOREIRAR,2025-12-11,110372,1,33,0,234.0
10109862MOREIRAR_2025-12-11_G36,10109862MOREIRAR,2025-12-11,110895,1,12,0,2421.0
10109862MOREIRAR_2025-12-11_G37,10109862MOREIRAR,2025-12-11,118222,1,6,0,271.0
10109862MOREIRAR_2025-12-11_G38,10109862MOREIRAR,2025-12-11,"110841, 110582",2,12,7,266.0
10109862MOREIRAR_2025-12-11_G40,10109862MOREIRAR,2025-12-11,111602,1,1,0,97.0
10109862MOREIRAR_2025-12-11_G41,10109862MOREIRAR,2025-12-11,110339,1,2,0,52.0
10109862MOREIRAR_2025-12-11_G42,10109862MOREIRAR,2025-12-11,110711,1,4,0,102.0
10109862MOREIRAR_2025-12-11_G43,10109862MOREIRAR,2025-12-11,"110895, 110711, 118299",3,10,46,439.0
10109862MOREIRAR_2025-12-11_G44,10109862MOREIRAR,2025-12-11,110372,1,4,0,231.0
10109862MOREIRAR_2025-12-11_G45,10109862MOREIRAR,2025-12-11,141202,1,4,0,77.0
10109862MOREIRAR_2025-12-11_G46,10109862MOREIRAR,2025-12-11,118140,1,4,0,180.0
10109862MOREIRAR_2025-12-11_G47,10109862MOREIRAR,2025-12-11,140922,1,4,0,65.0
10109862MOREIRAR_2025-12-11_G48,10109862MOREIRAR,2025-12-11,111743,1,4,0,67.0
10109862MOREIRAR_2025-12-11_G49,10109862MOREIRAR,2025-12-11,108711,1,4,0,82.0
10109862MOREIRAR_2025-12-11_G50,10109862MOREIRAR,2025-12-11,108794,1,4,0,231.0
10109862MOREIRAR_2025-12-11_G51,10109862MOREIRAR,2025-12-11,108795,1,2,0,83.0
10109862MOREIRAR_2025-12-11_G52,10109862MOREIRAR,2025-12-11,111462,1,4,0,323.0
10109862MOREIRAR_2025-12-11_G53,10109862MOREIRAR,2025-12-11,111463,1,2,0,47.0
10109862MOREIRAR_2025-12-11_G54,10109862MOREIRAR,2025-12-11,117831,1,4,0,50.0
10109862MOREIRAR_2025-12-11_G55,10109862MOREIRAR,2025-12-11,"117785, 111466",2,6,23,62.0
10109862MOREIRAR_2025-12-11_G56,10109862MOREIRAR,2025-12-11,117821,1,4,0,87.0
10109862MOREIRAR_2025-12-11_G57,10109862MOREIRAR,2025-12-11,118222,1,2,0,141.0
10109862MOREIRAR_2025-12-11_G58,10109862MOREIRAR,2025-12-11,118222,1,4,0,98.0
10109862MOREIRAR_2025-12-11_G59,10109862MOREIRAR,2025-12-11,117786,1,2,0,101.0
10109862MOREIRAR_2025-12-11_G60,10109862MOREIRAR,2025-12-11,117855,1,4,0,1071.0
10109862MOREIRAR_2025-12-11_G61,10109862MOREIRAR,2025-12-11,118140,1,4,0,76.0
10109862MOREIRAR_2025-12-11_G62,10109862MOREIRAR,2025-12-11,111463,1,2,0,161.0
10109862MOREIRAR_2025-12-11_G63,10109862MOREIRAR,2025-12-11,110374,1,3,0,124.0
10109862MOREIRAR_2025-12-11_G64,10109862MOREIRAR,2025-12-11,117808,1,9,0,103.0
10109862MOREIRAR_2025-12-11_G65,10109862MOREIRAR,2025-12-11,110372,1,6,0,1523.0
10109862MOREIRAR_2025-12-11_G66,10109862MOREIRAR,2025-12-11,111438,1,2,0,621.0
10109862MOREIRAR_2025-12-11_G67,10109862MOREIRAR,2025-12-11,140923,1,8,0,76.0
10109862MOREIRAR_2025-12-11_G68,10109862MOREIRAR,2025-12-11,118140,1,4,0,59.0
10109862MOREIRAR_2025-12-11_G69,10109862MOREIRAR,2025-12-11,117808,1,17,0,563.0
10109862MOREIRAR_2025-12-11_G70,10109862MOREIRAR,2025-12-11,118222,1,8,0,133.0
10109862MOREIRAR_2025-12-11_G71,10109862MOREIRAR,2025-12-11,117786,1,2,0,219.0
10109862MOREIRAR_2025-12-11_G72,10109862MOREIRAR,2025-12-11,117832,1,8,0,256.0
10109862MOREIRAR_2025-12-11_G73,10109862MOREIRAR,2025-12-11,141457,1,4,0,53.0
10109862MOREIRAR_2025-12-11_G74,10109862MOREIRAR,2025-12-11,"110372, 110711",2,14,21,136.0
10109862MOREIRAR_2025-12-11_G75,10109862MOREIRAR,2025-12-11,111466,1,4,0,80.0
10109862MOREIRAR_2025-12-11_G77,10109862MOREIRAR,2025-12-11,140923,1,3,0,67.0
10109862MOREIRAR_2025-12-11_G78,10109862MOREIRAR,2025-12-11,118140,1,2,0,60.0
10109862MOREIRAR_2025-12-11_G79,10109862MOREIRAR,2025-12-11,118140,1,13,0,119.0
10109862MOREIRAR_2025-12-11_G80,10109862MOREIRAR,2025-12-11,"140922, 117808",2,9,25,152.0
10109862MOREIRAR_2025-12-11_G81,10109862MOREIRAR,2025-12-11,"110371, 118222",2,9,21,103.0
10109862MOREIRAR_2025-12-11_G82,10109862MOREIRAR,2025-12-11,118290,1,4,0,109.0
10109862MOREIRAR_2025-12-11_G83,10109862MOREIRAR,2025-12-11,111602,1,3,0,116.0
10109862MOREIRAR_2025-12-11_G84,10109862MOREIRAR,2025-12-11,117786,1,3,0,58.0
10109862MOREIRAR_2025-12-11_G85,10109862MOREIRAR,2025-12-11,"141271, 117831",2,6,24,136.0
10109862MOREIRAR_2025-12-11_G86,10109862MOREIRAR,2025-12-11,117831,1,6,0,52.0
10109862MOREIRAR_2025-12-11_G87,10109862MOREIRAR,2025-12-11,110372,1,2,0,34.0
10109862MOREIRAR_2025-12-12_G02,10109862MOREIRAR,2025-12-12,"111466, 111465",2,4,29,44.0
10109862MOREIRAR_2025-12-12_G03,10109862MOREIRAR,2025-12-12,111469,1,8,0,344.0
10109862MOREIRAR_2025-12-12_G04,10109862MOREIRAR,2025-12-12,111466,1,8,0,153.0
10109862MOREIRAR_2025-12-12_G05,10109862MOREIRAR,2025-12-12,111438,1,4,0,162.0
10109862MOREIRAR_2025-12-12_G06,10109862MOREIRAR,2025-12-12,118222,1,4,0,84.0
10109862MOREIRAR_2025-12-12_G07,10109862MOREIRAR,2025-12-12,140923,1,4,0,50.0
10109862MOREIRAR_2025-12-12_G08,10109862MOREIRAR,2025-12-12,111602,1,1,0,80.0
10109862MOREIRAR_2025-12-12_G09,10109862MOREIRAR,2025-12-12,110711,1,3,0,33.0
10109862MOREIRAR_2025-12-12_G10,10109862MOREIRAR,2025-12-12,118140,1,8,0,389.0
10109862MOREIRAR_2025-12-12_G11,10109862MOREIRAR,2025-12-12,140922,1,8,0,136.0
10109862MOREIRAR_2025-12-12_G12,10109862MOREIRAR,2025-12-12,117808,1,12,0,449.0
10109862MOREIRAR_2025-12-12_G13,10109862MOREIRAR,2025-12-12,141271,1,8,0,101.0
10109862MOREIRAR_2025-12-12_G14,10109862MOREIRAR,2025-12-12,111463,1,6,0,72.0
10109862MOREIRAR_2025-12-12_G15,10109862MOREIRAR,2025-12-12,110372,1,14,0,87.0
10109862MOREIRAR_2025-12-12_G16,10109862MOREIRAR,2025-12-12,110325,1,2,0,38.0
10109862MOREIRAR_2025-12-12_G17,10109862MOREIRAR,2025-12-12,111466,1,2,0,49.0
10109862MOREIRAR_2025-12-12_G18,10109862MOREIRAR,2025-12-12,117861,1,6,0,182.0
10109862MOREIRAR_2025-12-12_G19,10109862MOREIRAR,2025-12-12,111172,2,2,9,130.0
10109862MOREIRAR_2025-12-12_G20,10109862MOREIRAR,2025-12-12,108795,1,4,0,80.0
10109862MOREIRAR_2025-12-12_G21,10109862MOREIRAR,2025-12-12,111602,1,3,0,58.0
10109862MOREIRAR_2025-12-12_G22,10109862MOREIRAR,2025-12-12,"111468, 110374",2,8,28,106.0
10109862MOREIRAR_2025-12-12_G23,10109862MOREIRAR,2025-12-12,108794,1,3,0,71.0
10109862MOREIRAR_2025-12-12_G24,10109862MOREIRAR,2025-12-12,117855,1,8,0,126.0
10109862MOREIRAR_2025-12-12_G25,10109862MOREIRAR,2025-12-12,111463,1,2,0,44.0
10109862MOREIRAR_2025-12-12_G26,10109862MOREIRAR,2025-12-12,111466,1,10,0,158.0
10109862MOREIRAR_2025-12-12_G27,10109862MOREIRAR,2025-12-12,111431,1,4,0,330.0
10109862MOREIRAR_2025-12-12_G28,10109862MOREIRAR,2025-12-12,111465,1,4,0,57.0
10109862MOREIRAR_2025-12-12_G29,10109862MOREIRAR,2025-12-12,110325,1,4,0,42.0
10109862MOREIRAR_2025-12-12_G30,10109862MOREIRAR,2025-12-12,110895,1,1,0,1193.0
10109862MOREIRAR_2025-12-12_G31,10109862MOREIRAR,2025-12-12,140923,1,4,0,89.0
10109862MOREIRAR_2025-12-12_G32,10109862MOREIRAR,2025-12-12,118299,1,8,0,117.0
10109862MOREIRAR_2025-12-12_G33,10109862MOREIRAR,2025-12-12,"117809, 117808",2,10,18,44.0
10109862MOREIRAR_2025-12-12_G34,10109862MOREIRAR,2025-12-12,"141456, 118140",2,12,10,93.0
10109862MOREIRAR_2025-12-12_G35,10109862MOREIRAR,2025-12-12,108795,1,2,0,61.0
10109862MOREIRAR_2025-12-12_G36,10109862MOREIRAR,2025-12-12,111743,1,4,0,37.0
10109862MOREIRAR_2025-12-12_G37,10109862MOREIRAR,2025-12-12,117838,1,2,0,109.0
10109862MOREIRAR_2025-12-12_G38,10109862MOREIRAR,2025-12-12,141457,1,8,0,123.0
10109862MOREIRAR_2025-12-12_G39,10109862MOREIRAR,2025-12-12,"109641, 111530",2,8,30,90.0
10109862MOREIRAR_2025-12-12_G40,10109862MOREIRAR,2025-12-12,141352,1,2,0,69.0
10109862MOREIRAR_2025-12-12_G41,10109862MOREIRAR,2025-12-12,117862,1,2,0,97.0
10109862MOREIRAR_2025-12-12_G42,10109862MOREIRAR,2025-12-12,111418,1,4,0,174.0
10109862MOREIRAR_2025-12-12_G43,10109862MOREIRAR,2025-12-12,107236,1,4,0,81.0
10109862MOREIRAR_2025-12-12_G44,10109862MOREIRAR,2025-12-12,117821,1,3,0,85.0
10109862MOREIRAR_2025-12-12_G45,10109862MOREIRAR,2025-12-12,110515,1,4,0,958.0
10109862MOREIRAR_2025-12-12_G46,10109862MOREIRAR,2025-12-12,110711,1,4,0,197.0
10109862MOREIRAR_2025-12-12_G47,10109862MOREIRAR,2025-12-12,110711,1,4,0,49.0
10109862MOREIRAR_2025-12-12_G48,10109862MOREIRAR,2025-12-12,111467,1,9,0,110.0
10109862MOREIRAR_2025-12-12_G49,10109862MOREIRAR,2025-12-12,111467,1,8,0,247.0
10109862MOREIRAR_2025-12-12_G50,10109862MOREIRAR,2025-12-12,118094,1,12,0,289.0
10109862MOREIRAR_2025-12-12_G51,10109862MOREIRAR,2025-12-12,110112,1,4,0,149.0
10109862MOREIRAR_2025-12-12_G52,10109862MOREIRAR,2025-12-12,110733,1,4,0,90.0
10109862MOREIRAR_2025-12-12_G53,10109862MOREIRAR,2025-12-12,140922,1,4,0,171.0
10109862MOREIRAR_2025-12-12_G54,10109862MOREIRAR,2025-12-12,111467,1,2,0,173.0
10109862MOREIRAR_2025-12-12_G56,10109862MOREIRAR,2025-12-12,108770,1,13,0,148.0
10109862MOREIRAR_2025-12-12_G57,10109862MOREIRAR,2025-12-12,111438,1,2,0,116.0
10109862MOREIRAR_2025-12-12_G58,10109862MOREIRAR,2025-12-12,111569,1,10,0,243.0
10109862MOREIRAR_2025-12-12_G59,10109862MOREIRAR,2025-12-12,110895,1,70,0,652.0
10109862MOREIRAR_2025-12-12_G60,10109862MOREIRAR,2025-12-12,110623,1,18,0,383.0
10109862MOREIRAR_2025-12-12_G61,10109862MOREIRAR,2025-12-12,111655,1,4,0,65.0
10109862MOREIRAR_2025-12-12_G62,10109862MOREIRAR,2025-12-12,110755,1,12,0,451.0
10109862MOREIRAR_2025-12-12_G63,10109862MOREIRAR,2025-12-12,115775,1,4,0,162.0
10109862MOREIRAR_2025-12-12_G64,10109862MOREIRAR,2025-12-12,140911,1,5,0,216.0
10109862MOREIRAR_2025-12-12_G65,10109862MOREIRAR,2025-12-12,118290,1,3,0,75.0
10109862MOREIRAR_2025-12-12_G66,10109862MOREIRAR,2025-12-12,110582,1,3,0,211.0
10109862MOREIRAR_2025-12-12_G67,10109862MOREIRAR,2025-12-12,117831,1,60,0,230.0
10109862MOREIRAR_2025-12-12_G68,10109862MOREIRAR,2025-12-12,117821,1,29,0,319.0
10109862MOREIRAR_2025-12-12_G70,10109862MOREIRAR,2025-12-12,110376,3,12,14,132.0
10109862MOREIRAR_2025-12-12_G71,10109862MOREIRAR,2025-12-12,110375,1,25,0,219.0
10109862MOREIRAR_2025-12-12_G72,10109862MOREIRAR,2025-12-12,109643,1,24,0,264.0
10109862MOREIRAR_2025-12-12_G73,10109862MOREIRAR,2025-12-12,110325,1,30,0,228.0
10109862MOREIRAR_2025-12-12_G74,10109862MOREIRAR,2025-12-12,141202,1,1,0,41.0
10109862MOREIRAR_2025-12-12_G75,10109862MOREIRAR,2025-12-12,118222,1,2,0,179.0
10109862MOREIRAR_2025-12-12_G76,10109862MOREIRAR,2025-12-12,118269,1,4,0,48.0
10109862MOREIRAR_2025-12-12_G77,10109862MOREIRAR,2025-12-12,111438,1,20,0,183.0
10109862MOREIRAR_2025-12-12_G79,10109862MOREIRAR,2025-12-12,115234,1,4,0,114.0
10109862MOREIRAR_2025-12-12_G80,10109862MOREIRAR,2025-12-12,111569,1,40,0,154.0
10109862MOREIRAR_2025-12-13_G02,10109862MOREIRAR,2025-12-13,110895,1,9,0,110.0
10109862MOREIRAR_2025-12-13_G03,10109862MOREIRAR,2025-12-13,110895,1,24,0,170.0
10109862MOREIRAR_2025-12-13_G04,10109862MOREIRAR,2025-12-13,117836,1,5,0,283.0
10109862MOREIRAR_2025-12-13_G05,10109862MOREIRAR,2025-12-13,117834,1,9,0,248.0
10109862MOREIRAR_2025-12-13_G06,10109862MOREIRAR,2025-12-13,110755,1,4,0,102.0
10109862MOREIRAR_2025-12-13_G07,10109862MOREIRAR,2025-12-13,110755,1,8,0,113.0
10109862MOREIRAR_2025-12-13_G08,10109862MOREIRAR,2025-12-13,116527,1,14,0,481.0
10109862MOREIRAR_2025-12-13_G09,10109862MOREIRAR,2025-12-13,115775,1,5,0,87.0
10109862MOREIRAR_2025-12-13_G10,10109862MOREIRAR,2025-12-13,108759,1,5,0,265.0
10109862MOREIRAR_2025-12-13_G11,10109862MOREIRAR,2025-12-13,100334,1,20,0,289.0
10109862MOREIRAR_2025-12-13_G12,10109862MOREIRAR,2025-12-13,110787,1,3,0,1445.0
10109862MOREIRAR_2025-12-13_G13,10109862MOREIRAR,2025-12-13,140923,1,8,0,311.0
10109862MOREIRAR_2025-12-13_G14,10109862MOREIRAR,2025-12-13,"117861, 140923",2,6,11,50.0
10109862MOREIRAR_2025-12-13_G15,10109862MOREIRAR,2025-12-13,111602,1,4,0,100.0
10109862MOREIRAR_2025-12-13_G16,10109862MOREIRAR,2025-12-13,141047,1,2,0,94.0
10109862MOREIRAR_2025-12-13_G17,10109862MOREIRAR,2025-12-13,109647,1,1,0,100.0
10109862MOREIRAR_2025-12-13_G18,10109862MOREIRAR,2025-12-13,117855,1,8,0,76.0
10109862MOREIRAR_2025-12-13_G19,10109862MOREIRAR,2025-12-13,109640,1,6,0,179.0
10109862MOREIRAR_2025-12-13_G20,10109862MOREIRAR,2025-12-13,110752,1,4,0,66.0
10109862MOREIRAR_2025-12-13_G21,10109862MOREIRAR,2025-12-13,140922,1,2,0,527.0
10109862MOREIRAR_2025-12-13_G22,10109862MOREIRAR,2025-12-13,110740,1,6,0,598.0
10109862MOREIRAR_2025-12-13_G23,10109862MOREIRAR,2025-12-13,111443,1,2,0,64.0
10109862MOREIRAR_2025-12-13_G24,10109862MOREIRAR,2025-12-13,118299,1,40,0,219.0
10109862MOREIRAR_2025-12-13_G25,10109862MOREIRAR,2025-12-13,118299,1,49,0,494.0
10109862MOREIRAR_2025-12-14_G02,10109862MOREIRAR,2025-12-14,118299,1,137,0,114.0
10109862MOREIRAR_2025-12-14_G03,10109862MOREIRAR,2025-12-14,110372,1,490,0,1690.0
10109862MOREIRAR_2025-12-14_G04,10109862MOREIRAR,2025-12-14,118140,1,440,0,1239.0
10109862MOREIRAR_2025-12-14_G05,10109862MOREIRAR,2025-12-14,117935,1,40,0,775.0
10109862MOREIRAR_2025-12-14_G06,10109862MOREIRAR,2025-12-14,107263,1,8,0,384.0
10109862MOREIRAR_2025-12-14_G07,10109862MOREIRAR,2025-12-14,141456,1,150,0,640.0
10109862MOREIRAR_2025-12-14_G08,10109862MOREIRAR,2025-12-14,111418,1,150,0,740.0
10109862MOREIRAR_2025-12-14_G09,10109862MOREIRAR,2025-12-14,141457,1,150,0,1611.0
10109862MOREIRAR_2025-12-14_G11,10109862MOREIRAR,2025-12-14,141456,1,30,0,74.0
10109862MOREIRAR_2025-12-14_G12,10109862MOREIRAR,2025-12-14,118140,1,20,0,396.0
10109862MOREIRAR_2025-12-15_G02,10109862MOREIRAR,2025-12-15,140922,1,15,0,227.0
10109862MOREIRAR_2025-12-15_G03,10109862MOREIRAR,2025-12-15,111418,1,80,0,73.0
10109862MOREIRAR_2025-12-15_G04,10109862MOREIRAR,2025-12-15,111418,1,30,0,278.0
10109862MOREIRAR_2025-12-15_G05,10109862MOREIRAR,2025-12-15,109645,1,10,0,88.0
10109862MOREIRAR_2025-12-15_G06,10109862MOREIRAR,2025-12-15,116241,1,2,0,70.0
10109862MOREIRAR_2025-12-15_G07,10109862MOREIRAR,2025-12-15,111743,1,20,0,109.0
10109862MOREIRAR_2025-12-15_G08,10109862MOREIRAR,2025-12-15,117785,1,20,0,219.0
10109862MOREIRAR_2025-12-15_G09,10109862MOREIRAR,2025-12-15,117785,1,50,0,318.0
10109862MOREIRAR_2025-12-15_G10,10109862MOREIRAR,2025-12-15,117838,1,6,0,125.0
10109862MOREIRAR_2025-12-15_G11,10109862MOREIRAR,2025-12-15,141271,1,10,0,77.0
10109862MOREIRAR_2025-12-15_G12,10109862MOREIRAR,2025-12-15,141823,1,10,0,64.0
10109862MOREIRAR_2025-12-15_G13,10109862MOREIRAR,2025-12-15,108798,1,10,0,303.0
10109862MOREIRAR_2025-12-15_G14,10109862MOREIRAR,2025-12-15,110743,1,6,0,186.0
10109862MOREIRAR_2025-12-15_G15,10109862MOREIRAR,2025-12-15,110740,1,20,0,530.0
10109862MOREIRAR_2025-12-15_G16,10109862MOREIRAR,2025-12-15,111468,1,18,0,62.0
10109862MOREIRAR_2025-12-15_G17,10109862MOREIRAR,2025-12-15,141457,2,50,6,479.0
10109862MOREIRAR_2025-12-15_G18,10109862MOREIRAR,2025-12-15,105705,1,4,0,207.0
10109862MOREIRAR_2025-12-15_G19,10109862MOREIRAR,2025-12-15,111466,1,30,0,201.0
10109862MOREIRAR_2025-12-15_G20,10109862MOREIRAR,2025-12-15,111438,1,218,0,1626.0
10109862MOREIRAR_2025-12-15_G21,10109862MOREIRAR,2025-12-15,111430,1,93,0,464.0
10109862MOREIRAR_2025-12-15_G22,10109862MOREIRAR,2025-12-15,110733,1,50,0,584.0
10109862MOREIRAR_2025-12-15_G23,10109862MOREIRAR,2025-12-15,110745,1,116,0,490.0
10109862MOREIRAR_2025-12-15_G24,10109862MOREIRAR,2025-12-15,"111466, 117787",2,254,7,894.0
10109862MOREIRAR_2025-12-18_G02,10109862MOREIRAR,2025-12-18,111469,1,4,0,213.0
10109862MOREIRAR_2025-12-18_G03,10109862MOREIRAR,2025-12-18,118140,1,22,0,219.0
10109862MOREIRAR_2025-12-18_G04,10109862MOREIRAR,2025-12-18,110373,1,100,0,675.0
10109862MOREIRAR_2025-12-18_G05,10109862MOREIRAR,2025-12-18,111876,1,40,0,341.0
10109862MOREIRAR_2025-12-18_G06,10109862MOREIRAR,2025-12-18,117862,1,56,0,477.0
10109862MOREIRAR_2025-12-18_G07,10109862MOREIRAR,2025-12-18,110711,1,8,0,151.0
10109862MOREIRAR_2025-12-18_G08,10109862MOREIRAR,2025-12-18,111468,1,2,0,63.0
10109862MOREIRAR_2025-12-18_G09,10109862MOREIRAR,2025-12-18,117830,1,33,0,344.0
10109862MOREIRAR_2025-12-18_G10,10109862MOREIRAR,2025-12-18,117830,1,15,0,38.0
10109862MOREIRAR_2025-12-18_G11,10109862MOREIRAR,2025-12-18,110376,1,1,0,177.0
10109862MOREIRAR_2025-12-18_G12,10109862MOREIRAR,2025-12-18,111469,1,8,0,471.0
10109862MOREIRAR_2025-12-18_G13,10109862MOREIRAR,2025-12-18,118140,1,4,0,104.0
10109862MOREIRAR_2025-12-18_G14,10109862MOREIRAR,2025-12-18,111438,1,2,0,943.0
10109862MOREIRAR_2025-12-18_G15,10109862MOREIRAR,2025-12-18,117785,1,4,0,81.0
10109862MOREIRAR_2025-12-18_G16,10109862MOREIRAR,2025-12-18,117830,1,4,0,267.0
10109862MOREIRAR_2025-12-18_G17,10109862MOREIRAR,2025-12-18,117820,1,5,0,97.0
10109862MOREIRAR_2025-12-18_G18,10109862MOREIRAR,2025-12-18,111467,1,3,0,212.0
10109862MOREIRAR_2025-12-18_G19,10109862MOREIRAR,2025-12-18,111418,1,7,0,123.0
10109862MOREIRAR_2025-12-18_G20,10109862MOREIRAR,2025-12-18,"117820, 118299",2,24,25,154.0
10109862MOREIRAR_2025-12-18_G21,10109862MOREIRAR,2025-12-18,117808,1,12,0,186.0
10109862MOREIRAR_2025-12-18_G22,10109862MOREIRAR,2025-12-18,110373,1,12,0,294.0
10109862MOREIRAR_2025-12-18_G23,10109862MOREIRAR,2025-12-18,110895,1,8,0,301.0
10109862MOREIRAR_2025-12-18_G24,10109862MOREIRAR,2025-12-18,124477,1,2,0,911.0
10109862MOREIRAR_2025-12-18_G25,10109862MOREIRAR,2025-12-18,124370,1,4,0,138.0
10109862MOREIRAR_2025-12-18_G26,10109862MOREIRAR,2025-12-18,124475,1,14,0,488.0
10109862MOREIRAR_2025-12-18_G27,10109862MOREIRAR,2025-12-18,121651,1,6,0,132.0
10109862MOREIRAR_2025-12-18_G28,10109862MOREIRAR,2025-12-18,122703,1,8,0,232.0
10109862MOREIRAR_2025-12-18_G29,10109862MOREIRAR,2025-12-18,122986,1,16,0,359.0
10109862MOREIRAR_2025-12-18_G30,10109862MOREIRAR,2025-12-18,122983,1,1,0,150.0
10109862MOREIRAR_2025-12-18_G31,10109862MOREIRAR,2025-12-18,124475,1,12,0,361.0
10109862MOREIRAR_2025-12-18_G32,10109862MOREIRAR,2025-12-18,121651,1,2,0,74.0
10109862MOREIRAR_2025-12-18_G34,10109862MOREIRAR,2025-12-18,124371,1,4,0,76.0
10109862MOREIRAR_2025-12-18_G35,10109862MOREIRAR,2025-12-18,122962,1,2,0,155.0
10109862MOREIRAR_2025-12-18_G36,10109862MOREIRAR,2025-12-18,123343,1,4,0,182.0
10109862MOREIRAR_2025-12-18_G37,10109862MOREIRAR,2025-12-18,122968,1,8,0,82.0
10109862MOREIRAR_2025-12-18_G38,10109862MOREIRAR,2025-12-18,122967,1,8,0,111.0
10109862MOREIRAR_2025-12-18_G39,10109862MOREIRAR,2025-12-18,124486,1,2,0,173.0
10109862MOREIRAR_2025-12-18_G40,10109862MOREIRAR,2025-12-18,122962,1,8,0,132.0
10109862MOREIRAR_2025-12-18_G41,10109862MOREIRAR,2025-12-18,122967,1,3,0,184.0
10109862MOREIRAR_2025-12-18_G42,10109862MOREIRAR,2025-12-18,122962,1,1,0,67.0
10109862MOREIRAR_2025-12-18_G43,10109862MOREIRAR,2025-12-18,122647,1,20,0,452.0
10109862MOREIRAR_2025-12-18_G44,10109862MOREIRAR,2025-12-18,122962,1,4,0,62.0
10109862MOREIRAR_2025-12-19_G02,10109862MOREIRAR,2025-12-19,124370,1,20,0,403.0
10109862MOREIRAR_2025-12-19_G03,10109862MOREIRAR,2025-12-19,124475,1,20,0,658.0
10109862MOREIRAR_2025-12-19_G04,10109862MOREIRAR,2025-12-19,121760,1,4,0,422.0
10109862MOREIRAR_2025-12-19_G05,10109862MOREIRAR,2025-12-19,121651,1,4,0,162.0
10109862MOREIRAR_2025-12-19_G06,10109862MOREIRAR,2025-12-19,124371,1,2,0,57.0
10109862MOREIRAR_2025-12-19_G07,10109862MOREIRAR,2025-12-19,124486,1,30,0,435.0
10109862MOREIRAR_2025-12-19_G08,10109862MOREIRAR,2025-12-19,123343,1,16,0,194.0
10109862MOREIRAR_2025-12-19_G09,10109862MOREIRAR,2025-12-19,123345,1,6,0,693.0
10109862MOREIRAR_2025-12-19_G10,10109862MOREIRAR,2025-12-19,123343,1,8,0,446.0
10109862MOREIRAR_2025-12-19_G11,10109862MOREIRAR,2025-12-19,123343,1,6,0,406.0
10109862MOREIRAR_2025-12-19_G12,10109862MOREIRAR,2025-12-19,123343,1,4,0,137.0
10109862MOREIRAR_2025-12-19_G13,10109862MOREIRAR,2025-12-19,123345,1,2,0,262.0
10109862MOREIRAR_2025-12-19_G14,10109862MOREIRAR,2025-12-19,123343,1,20,0,201.0
10109862MOREIRAR_2025-12-19_G15,10109862MOREIRAR,2025-12-19,"123345, 123343",2,18,16,283.0
10109862MOREIRAR_2025-12-19_G16,10109862MOREIRAR,2025-12-19,123344,1,1,0,264.0
10109862MOREIRAR_2025-12-19_G17,10109862MOREIRAR,2025-12-19,122647,1,10,0,998.0
10109862MOREIRAR_2025-12-19_G18,10109862MOREIRAR,2025-12-19,123889,1,8,0,304.0
10109862MOREIRAR_2025-12-19_G19,10109862MOREIRAR,2025-12-19,124370,1,4,0,79.0
10109862MOREIRAR_2025-12-19_G20,10109862MOREIRAR,2025-12-19,123153,1,20,0,235.0
10109862MOREIRAR_2025-12-19_G21,10109862MOREIRAR,2025-12-19,122671,1,4,0,108.0
10109862MOREIRAR_2025-12-19_G22,10109862MOREIRAR,2025-12-19,121760,1,12,0,413.0
10109862MOREIRAR_2025-12-19_G23,10109862MOREIRAR,2025-12-19,120389,1,10,0,195.0
10109862MOREIRAR_2025-12-19_G24,10109862MOREIRAR,2025-12-19,121651,1,6,0,153.0
10109862MOREIRAR_2025-12-19_G25,10109862MOREIRAR,2025-12-19,124371,1,4,0,511.0
10109862MOREIRAR_2025-12-19_G27,10109862MOREIRAR,2025-12-19,109974,1,1,0,219.0
10109862MOREIRAR_2025-12-19_G28,10109862MOREIRAR,2025-12-19,111743,1,8,0,202.0
10109862MOREIRAR_2025-12-19_G29,10109862MOREIRAR,2025-12-19,141271,1,4,0,294.0
10109862MOREIRAR_2025-12-19_G30,10109862MOREIRAR,2025-12-19,110373,1,4,0,125.0
10109862MOREIRAR_2025-12-19_G31,10109862MOREIRAR,2025-12-19,118290,1,1,0,119.0
10109862MOREIRAR_2025-12-19_G32,10109862MOREIRAR,2025-12-19,118094,1,20,0,119.0
10109862MOREIRAR_2025-12-19_G33,10109862MOREIRAR,2025-12-19,118222,1,4,0,311.0
10109862MOREIRAR_2025-12-19_G34,10109862MOREIRAR,2025-12-19,110752,1,4,0,330.0
10109862MOREIRAR_2025-12-19_G35,10109862MOREIRAR,2025-12-19,111569,1,2,0,187.0
10109862MOREIRAR_2025-12-19_G36,10109862MOREIRAR,2025-12-19,110895,1,3,0,170.0
10109862MOREIRAR_2025-12-19_G37,10109862MOREIRAR,2025-12-19,117834,1,2,0,83.0
10109862MOREIRAR_2025-12-19_G38,10109862MOREIRAR,2025-12-19,117789,1,4,0,78.0
10109862MOREIRAR_2025-12-19_G39,10109862MOREIRAR,2025-12-19,110733,1,1,0,246.0
10109862MOREIRAR_2025-12-19_G40,10109862MOREIRAR,2025-12-19,140923,1,11,0,262.0
10109862MOREIRAR_2025-12-19_G41,10109862MOREIRAR,2025-12-19,111602,1,8,0,101.0
10109862MOREIRAR_2025-12-19_G42,10109862MOREIRAR,2025-12-19,117853,1,4,0,82.0
10109862MOREIRAR_2025-12-19_G43,10109862MOREIRAR,2025-12-19,117786,1,8,0,133.0
10109862MOREIRAR_2025-12-19_G44,10109862MOREIRAR,2025-12-19,109647,1,2,0,68.0
10109862MOREIRAR_2025-12-19_G45,10109862MOREIRAR,2025-12-19,109640,1,2,0,80.0
10109862MOREIRAR_2025-12-19_G46,10109862MOREIRAR,2025-12-19,117854,1,2,0,85.0
10109862MOREIRAR_2025-12-19_G47,10109862MOREIRAR,2025-12-19,108794,1,3,0,380.0
10109862MOREIRAR_2025-12-19_G48,10109862MOREIRAR,2025-12-19,111462,1,1,0,93.0
10109862MOREIRAR_2025-12-19_G49,10109862MOREIRAR,2025-12-19,140922,1,7,0,84.0
10109862MOREIRAR_2025-12-19_G50,10109862MOREIRAR,2025-12-19,110743,1,2,0,75.0
10109862MOREIRAR_2025-12-19_G51,10109862MOREIRAR,2025-12-19,141456,1,20,0,332.0
10109862MOREIRAR_2025-12-19_G52,10109862MOREIRAR,2025-12-19,111743,1,7,0,66.0
10109862MOREIRAR_2025-12-19_G53,10109862MOREIRAR,2025-12-19,117785,1,13,0,126.0
10109862MOREIRAR_2025-12-19_G54,10109862MOREIRAR,2025-12-19,109641,1,2,0,84.0
10109862MOREIRAR_2025-12-19_G55,10109862MOREIRAR,2025-12-19,109645,1,3,0,227.0
10109862MOREIRAR_2025-12-19_G56,10109862MOREIRAR,2025-12-19,111444,1,1,0,41.0
10109862MOREIRAR_2025-12-19_G57,10109862MOREIRAR,2025-12-19,117831,1,11,0,101.0
10109862MOREIRAR_2025-12-19_G58,10109862MOREIRAR,2025-12-19,118140,1,8,0,95.0
10109862MOREIRAR_2025-12-19_G59,10109862MOREIRAR,2025-12-19,117787,1,2,0,54.0
10109862MOREIRAR_2025-12-19_G60,10109862MOREIRAR,2025-12-19,110740,1,2,0,327.0
10109862MOREIRAR_2025-12-19_G61,10109862MOREIRAR,2025-12-19,"117821, 141458",2,18,22,96.0
10109862MOREIRAR_2025-12-19_G62,10109862MOREIRAR,2025-12-19,110372,1,10,0,328.0
10109862MOREIRAR_2025-12-19_G63,10109862MOREIRAR,2025-12-19,117832,1,3,0,95.0
10109862MOREIRAR_2025-12-19_G64,10109862MOREIRAR,2025-12-19,109643,1,4,0,120.0
10109862MOREIRAR_2025-12-19_G65,10109862MOREIRAR,2025-12-19,110325,1,1,0,63.0
10109862MOREIRAR_2025-12-19_G66,10109862MOREIRAR,2025-12-19,141202,1,1,0,56.0
10109862MOREIRAR_2025-12-19_G67,10109862MOREIRAR,2025-12-19,109974,1,2,0,120.0
10109862MOREIRAR_2025-12-19_G68,10109862MOREIRAR,2025-12-19,110325,1,12,0,315.0
10109862MOREIRAR_2025-12-19_G69,10109862MOREIRAR,2025-12-19,110740,1,4,0,94.0
10109862MOREIRAR_2025-12-19_G70,10109862MOREIRAR,2025-12-19,109641,1,6,0,521.0
10109862MOREIRAR_2025-12-19_G71,10109862MOREIRAR,2025-12-19,111569,1,2,0,128.0
10109862MOREIRAR_2025-12-19_G72,10109862MOREIRAR,2025-12-19,117809,1,4,0,91.0
10109862MOREIRAR_2025-12-19_G73,10109862MOREIRAR,2025-12-19,117830,1,1,0,837.0
10109862MOREIRAR_2025-12-19_G74,10109862MOREIRAR,2025-12-19,105705,1,2,0,112.0
10109862MOREIRAR_2025-12-19_G75,10109862MOREIRAR,2025-12-19,117862,1,4,0,130.0
10109862MOREIRAR_2025-12-19_G76,10109862MOREIRAR,2025-12-19,109640,1,1,0,69.0
10109862MOREIRAR_2025-12-19_G77,10109862MOREIRAR,2025-12-19,117787,1,1,0,42.0
10109862MOREIRAR_2025-12-19_G78,10109862MOREIRAR,2025-12-19,110747,1,4,0,70.0
10109862MOREIRAR_2025-12-19_G79,10109862MOREIRAR,2025-12-19,111172,1,1,0,341.0
10109862MOREIRAR_2025-12-19_G80,10109862MOREIRAR,2025-12-19,111418,1,10,0,251.0
10109862MOREIRAR_2025-12-19_G81,10109862MOREIRAR,2025-12-19,110339,1,8,0,146.0
10109862MOREIRAR_2025-12-19_G82,10109862MOREIRAR,2025-12-19,111466,1,9,0,96.0
10109862MOREIRAR_2025-12-19_G83,10109862MOREIRAR,2025-12-19,140923,1,11,0,160.0
10109862MOREIRAR_2025-12-19_G84,10109862MOREIRAR,2025-12-19,118094,1,5,0,161.0
10109862MOREIRAR_2025-12-19_G85,10109862MOREIRAR,2025-12-19,118094,1,8,0,246.0
10109862MOREIRAR_2025-12-19_G86,10109862MOREIRAR,2025-12-19,110373,1,2,0,114.0
10109862MOREIRAR_2025-12-19_G87,10109862MOREIRAR,2025-12-19,109974,1,3,0,76.0
10109862MOREIRAR_2025-12-19_G88,10109862MOREIRAR,2025-12-19,117808,1,7,0,105.0
10109862MOREIRAR_2025-12-19_G89,10109862MOREIRAR,2025-12-19,111433,1,4,0,102.0
10109862MOREIRAR_2025-12-19_G90,10109862MOREIRAR,2025-12-19,109645,1,6,0,122.0
10109862MOREIRAR_2025-12-20_G02,10109862MOREIRAR,2025-12-20,110748,1,15,0,2563.0
10109862MOREIRAR_2025-12-20_G03,10109862MOREIRAR,2025-12-20,111463,1,50,0,482.0
10109862MOREIRAR_2025-12-20_G04,10109862MOREIRAR,2025-12-20,140922,1,30,0,224.0
10109862MOREIRAR_2025-12-20_G05,10109862MOREIRAR,2025-12-20,116241,1,14,0,214.0
10109862MOREIRAR_2025-12-20_G06,10109862MOREIRAR,2025-12-20,110743,1,24,0,409.0
10109862MOREIRAR_2025-12-20_G07,10109862MOREIRAR,2025-12-20,111743,1,25,0,424.0
10109862MOREIRAR_2025-12-20_G08,10109862MOREIRAR,2025-12-20,117785,1,100,0,38.0
10109862MOREIRAR_2025-12-20_G09,10109862MOREIRAR,2025-12-20,111435,1,23,0,763.0
10109862MOREIRAR_2025-12-20_G10,10109862MOREIRAR,2025-12-20,109641,1,15,0,177.0
10109862MOREIRAR_2025-12-20_G11,10109862MOREIRAR,2025-12-20,111433,1,23,0,238.0
10109862MOREIRAR_2025-12-20_G12,10109862MOREIRAR,2025-12-20,111465,1,35,0,247.0
10109862MOREIRAR_2025-12-20_G13,10109862MOREIRAR,2025-12-20,111466,1,30,0,603.0
10109862MOREIRAR_2025-12-20_G14,10109862MOREIRAR,2025-12-20,117821,1,60,0,309.0
10109862MOREIRAR_2025-12-20_G15,10109862MOREIRAR,2025-12-20,107236,1,60,0,337.0
10109862MOREIRAR_2025-12-20_G16,10109862MOREIRAR,2025-12-20,118140,1,100,0,305.0
10109862MOREIRAR_2025-12-20_G17,10109862MOREIRAR,2025-12-20,141457,1,50,0,253.0
10109862MOREIRAR_2025-12-20_G18,10109862MOREIRAR,2025-12-20,117840,1,40,0,432.0
10109862MOREIRAR_2025-12-21_G02,10109862MOREIRAR,2025-12-21,123345,1,80,0,416.0
10109862MOREIRAR_2025-12-21_G03,10109862MOREIRAR,2025-12-21,123343,1,22,0,202.0
10109862MOREIRAR_2025-12-21_G04,10109862MOREIRAR,2025-12-21,123343,1,14,0,316.0
10109862MOREIRAR_2025-12-21_G05,10109862MOREIRAR,2025-12-21,120272,1,1,0,478.0
10109862MOREIRAR_2025-12-21_G06,10109862MOREIRAR,2025-12-21,122983,1,2,0,67.0
10109862MOREIRAR_2025-12-21_G07,10109862MOREIRAR,2025-12-21,120389,1,2,0,69.0
10109862MOREIRAR_2025-12-21_G08,10109862MOREIRAR,2025-12-21,121928,1,6,0,170.0
10109862MOREIRAR_2025-12-21_G09,10109862MOREIRAR,2025-12-21,124247,1,7,0,135.0
10109862MOREIRAR_2025-12-21_G10,10109862MOREIRAR,2025-12-21,123909,1,14,0,133.0
10109862MOREIRAR_2025-12-21_G11,10109862MOREIRAR,2025-12-21,120389,1,4,0,149.0
10109862MOREIRAR_2025-12-21_G12,10109862MOREIRAR,2025-12-21,124248,1,50,0,541.0
10109862MOREIRAR_2025-12-21_G13,10109862MOREIRAR,2025-12-21,122984,1,70,0,1109.0
10109862MOREIRAR_2025-12-21_G14,10109862MOREIRAR,2025-12-21,124247,1,40,0,525.0
10109862MOREIRAR_2025-12-21_G15,10109862MOREIRAR,2025-12-21,180078,1,4,0,398.0
10109862MOREIRAR_2025-12-21_G16,10109862MOREIRAR,2025-12-21,124594,1,30,0,1505.0
10109862MOREIRAR_2025-12-21_G17,10109862MOREIRAR,2025-12-21,123153,1,11,0,657.0
10109862MOREIRAR_2025-12-21_G18,10109862MOREIRAR,2025-12-21,123153,1,6,0,52.0
10109862MOREIRAR_2025-12-21_G19,10109862MOREIRAR,2025-12-21,122671,1,2,0,43.0
10109862MOREIRAR_2025-12-21_G20,10109862MOREIRAR,2025-12-21,121760,1,20,0,310.0
10109862MOREIRAR_2025-12-21_G21,10109862MOREIRAR,2025-12-21,124486,1,10,0,113.0
10109862MOREIRAR_2025-12-21_G22,10109862MOREIRAR,2025-12-21,124264,1,50,0,508.0
10109862MOREIRAR_2025-12-21_G23,10109862MOREIRAR,2025-12-21,123521,1,2,0,98.0
10109862MOREIRAR_2025-12-21_G24,10109862MOREIRAR,2025-12-21,123521,1,2,0,100.0
10109862MOREIRAR_2025-12-21_G25,10109862MOREIRAR,2025-12-21,123343,1,5,0,81.0
10109862MOREIRAR_2025-12-21_G26,10109862MOREIRAR,2025-12-21,123343,1,1,0,82.0
10109862MOREIRAR_2025-12-22_G02,10109862MOREIRAR,2025-12-22,123081,1,20,0,411.0
10109862MOREIRAR_2025-12-22_G03,10109862MOREIRAR,2025-12-22,124370,1,20,0,278.0
10109862MOREIRAR_2025-12-22_G04,10109862MOREIRAR,2025-12-22,124248,1,11,0,141.0
10109862MOREIRAR_2025-12-22_G05,10109862MOREIRAR,2025-12-22,122983,1,16,0,178.0
10109862MOREIRAR_2025-12-22_G06,10109862MOREIRAR,2025-12-22,124475,1,20,0,606.0
10109862MOREIRAR_2025-12-22_G07,10109862MOREIRAR,2025-12-22,122962,1,30,0,377.0
10109862MOREIRAR_2025-12-22_G08,10109862MOREIRAR,2025-12-22,122962,1,80,0,571.0
10109862MOREIRAR_2025-12-22_G09,10109862MOREIRAR,2025-12-22,122962,1,20,0,180.0
10109862MOREIRAR_2025-12-22_G10,10109862MOREIRAR,2025-12-22,122984,1,20,0,230.0
10109862MOREIRAR_2025-12-22_G11,10109862MOREIRAR,2025-12-22,124486,1,60,0,596.0
10109862MOREIRAR_2025-12-22_G12,10109862MOREIRAR,2025-12-22,123561,1,5,0,682.0
10109862MOREIRAR_2025-12-22_G13,10109862MOREIRAR,2025-12-22,122962,1,12,0,491.0
10109862MOREIRAR_2025-12-22_G14,10109862MOREIRAR,2025-12-22,124248,1,2,0,147.0
10109862MOREIRAR_2025-12-22_G15,10109862MOREIRAR,2025-12-22,122185,1,4,0,42.0
10109862MOREIRAR_2025-12-22_G16,10109862MOREIRAR,2025-12-22,122962,1,4,0,174.0
10109862MOREIRAR_2025-12-22_G17,10109862MOREIRAR,2025-12-22,122962,1,8,0,268.0
10109862MOREIRAR_2025-12-22_G18,10109862MOREIRAR,2025-12-22,120389,1,8,0,217.0
10109862MOREIRAR_2025-12-22_G19,10109862MOREIRAR,2025-12-22,120028,1,12,0,196.0
10109862MOREIRAR_2025-12-22_G20,10109862MOREIRAR,2025-12-22,122673,1,12,0,415.0
10109862MOREIRAR_2025-12-22_G21,10109862MOREIRAR,2025-12-22,120028,1,30,0,931.0
10109862MOREIRAR_2025-12-22_G22,10109862MOREIRAR,2025-12-22,124264,1,20,0,450.0
10109862MOREIRAR_2025-12-22_G23,10109862MOREIRAR,2025-12-22,122962,1,32,0,807.0
10109862MOREIRAR_2025-12-22_G24,10109862MOREIRAR,2025-12-22,122673,1,4,0,201.0
10109862MOREIRAR_2025-12-22_G25,10109862MOREIRAR,2025-12-22,122647,1,32,0,569.0
10109862MOREIRAR_2025-12-22_G26,10109862MOREIRAR,2025-12-22,120389,1,12,0,131.0
10109862MOREIRAR_2025-12-22_G27,10109862MOREIRAR,2025-12-22,122673,1,6,0,168.0
10109862MOREIRAR_2025-12-22_G28,10109862MOREIRAR,2025-12-22,123343,1,3,0,343.0
10109862MOREIRAR_2025-12-22_G30,10109862MOREIRAR,2025-12-22,108770,1,4,0,67.0
10109862MOREIRAR_2025-12-22_G31,10109862MOREIRAR,2025-12-22,111441,1,8,0,104.0
10109862MOREIRAR_2025-12-22_G32,10109862MOREIRAR,2025-12-22,111569,1,17,0,220.0
10109862MOREIRAR_2025-12-22_G33,10109862MOREIRAR,2025-12-22,110895,1,30,0,203.0
10109862MOREIRAR_2025-12-22_G34,10109862MOREIRAR,2025-12-22,141916,1,10,0,195.0
10109862MOREIRAR_2025-12-22_G35,10109862MOREIRAR,2025-12-22,141318,1,3,0,73.0
10109862MOREIRAR_2025-12-22_G36,10109862MOREIRAR,2025-12-22,140911,1,20,0,488.0
10109862MOREIRAR_2025-12-22_G37,10109862MOREIRAR,2025-12-22,110582,1,4,0,108.0
10109862MOREIRAR_2025-12-22_G38,10109862MOREIRAR,2025-12-22,107892,1,10,0,127.0
10109862MOREIRAR_2025-12-22_G39,10109862MOREIRAR,2025-12-22,100334,1,10,0,167.0
10109862MOREIRAR_2025-12-22_G40,10109862MOREIRAR,2025-12-22,117822,1,10,0,287.0
10109862MOREIRAR_2025-12-22_G41,10109862MOREIRAR,2025-12-22,110325,1,40,0,306.0
10109862MOREIRAR_2025-12-22_G42,10109862MOREIRAR,2025-12-22,105705,1,10,0,298.0
10109862MOREIRAR_2025-12-22_G43,10109862MOREIRAR,2025-12-22,109645,1,10,0,134.0
10109862MOREIRAR_2025-12-22_G44,10109862MOREIRAR,2025-12-22,118330,1,3,0,163.0
10109862MOREIRAR_2025-12-22_G45,10109862MOREIRAR,2025-12-22,111435,1,10,0,494.0
10109862MOREIRAR_2025-12-22_G46,10109862MOREIRAR,2025-12-22,141823,1,20,0,225.0
10109862MOREIRAR_2025-12-22_G47,10109862MOREIRAR,2025-12-22,117830,1,2,0,837.0
10109862MOREIRAR_2025-12-22_G48,10109862MOREIRAR,2025-12-22,117830,1,6,0,99.0
10109862MOREIRAR_2025-12-22_G49,10109862MOREIRAR,2025-12-22,111438,1,4,0,241.0
10109862MOREIRAR_2025-12-22_G50,10109862MOREIRAR,2025-12-22,111743,1,4,0,114.0
10109862MOREIRAR_2025-12-22_G51,10109862MOREIRAR,2025-12-22,140922,1,6,0,134.0
10109862MOREIRAR_2025-12-22_G52,10109862MOREIRAR,2025-12-22,109645,1,5,0,138.0
10109862MOREIRAR_2025-12-22_G53,10109862MOREIRAR,2025-12-22,117820,1,13,0,325.0
10109862MOREIRAR_2025-12-22_G54,10109862MOREIRAR,2025-12-22,110373,1,41,0,445.0
10109862MOREIRAR_2025-12-22_G55,10109862MOREIRAR,2025-12-22,117830,1,8,0,344.0
10109862MOREIRAR_2025-12-22_G56,10109862MOREIRAR,2025-12-22,118094,1,6,0,130.0
10109862MOREIRAR_2025-12-22_G57,10109862MOREIRAR,2025-12-22,108798,1,2,0,74.0
10109862MOREIRAR_2025-12-22_G58,10109862MOREIRAR,2025-12-22,"110711, 110339, 118222",3,154,50,582.0
10109862MOREIRAR_2025-12-22_G59,10109862MOREIRAR,2025-12-22,108711,1,105,0,2314.0
10109862MOREIRAR_2025-12-23_G02,10109862MOREIRAR,2025-12-23,117833,1,6,0,180.0
10109862MOREIRAR_2025-12-23_G03,10109862MOREIRAR,2025-12-23,111469,1,2,0,62.0
10109862MOREIRAR_2025-12-23_G04,10109862MOREIRAR,2025-12-23,117820,1,9,0,141.0
10109862MOREIRAR_2025-12-23_G05,10109862MOREIRAR,2025-12-23,110373,1,6,0,152.0
10109862MOREIRAR_2025-12-23_G06,10109862MOREIRAR,2025-12-23,111462,1,1,0,160.0
10109862MOREIRAR_2025-12-23_G07,10109862MOREIRAR,2025-12-23,117833,1,2,0,217.0
10109862MOREIRAR_2025-12-23_G08,10109862MOREIRAR,2025-12-23,117820,1,2,0,170.0
10109862MOREIRAR_2025-12-23_G09,10109862MOREIRAR,2025-12-23,117820,1,14,0,160.0
10109862MOREIRAR_2025-12-23_G10,10109862MOREIRAR,2025-12-23,118299,1,73,0,1121.0
10109862MOREIRAR_2025-12-23_G11,10109862MOREIRAR,2025-12-23,110373,1,50,0,1058.0
10109862MOREIRAR_2025-12-23_G12,10109862MOREIRAR,2025-12-23,118299,1,20,0,499.0
10109862MOREIRAR_2025-12-23_G13,10109862MOREIRAR,2025-12-23,117820,1,12,0,57.0
10109862MOREIRAR_2025-12-23_G14,10109862MOREIRAR,2025-12-23,117833,1,1,0,1318.0
10109862MOREIRAR_2025-12-23_G15,10109862MOREIRAR,2025-12-23,111462,1,13,0,414.0
10109862MOREIRAR_2025-12-23_G16,10109862MOREIRAR,2025-12-23,117785,1,18,0,159.0
10109862MOREIRAR_2025-12-23_G17,10109862MOREIRAR,2025-12-23,117833,1,20,0,481.0
10109862MOREIRAR_2025-12-23_G18,10109862MOREIRAR,2025-12-23,118299,1,30,0,1913.0
10109862MOREIRAR_2025-12-23_G19,10109862MOREIRAR,2025-12-23,110372,1,33,0,1324.0
10109862MOREIRAR_2025-12-23_G21,10109862MOREIRAR,2025-12-23,111530,1,7,0,369.0
10109862MOREIRAR_2025-12-23_G22,10109862MOREIRAR,2025-12-23,117856,1,4,0,166.0
10109862MOREIRAR_2025-12-23_G23,10109862MOREIRAR,2025-12-23,"117786, 110339",2,8,19,86.0
10109862MOREIRAR_2025-12-23_G24,10109862MOREIRAR,2025-12-23,111462,1,2,0,755.0
10109862MOREIRAR_2025-12-23_G25,10109862MOREIRAR,2025-12-23,110751,1,2,0,67.0
10109862MOREIRAR_2025-12-23_G26,10109862MOREIRAR,2025-12-23,117785,1,3,0,59.0
10109862MOREIRAR_2025-12-23_G27,10109862MOREIRAR,2025-12-23,117838,1,4,0,116.0
10109862MOREIRAR_2025-12-23_G28,10109862MOREIRAR,2025-12-23,109645,1,2,0,96.0
10109862MOREIRAR_2025-12-23_G29,10109862MOREIRAR,2025-12-23,111444,1,2,0,64.0
10109862MOREIRAR_2025-12-23_G30,10109862MOREIRAR,2025-12-23,117831,1,5,0,134.0
10109862MOREIRAR_2025-12-23_G31,10109862MOREIRAR,2025-12-23,108711,1,4,0,49.0
10109862MOREIRAR_2025-12-23_G32,10109862MOREIRAR,2025-12-23,110740,1,2,0,79.0
10109862MOREIRAR_2025-12-23_G33,10109862MOREIRAR,2025-12-23,111418,1,2,0,45.0
10109862MOREIRAR_2025-12-23_G34,10109862MOREIRAR,2025-12-23,111466,1,8,0,375.0
10109862MOREIRAR_2025-12-23_G35,10109862MOREIRAR,2025-12-23,117821,1,6,0,56.0
10109862MOREIRAR_2025-12-23_G36,10109862MOREIRAR,2025-12-23,141456,1,11,0,394.0
10109862MOREIRAR_2025-12-23_G37,10109862MOREIRAR,2025-12-23,110372,1,13,0,225.0
10109862MOREIRAR_2025-12-23_G38,10109862MOREIRAR,2025-12-23,110371,1,8,0,118.0
10109862MOREIRAR_2025-12-23_G39,10109862MOREIRAR,2025-12-23,117830,1,6,0,129.0
10109862MOREIRAR_2025-12-23_G40,10109862MOREIRAR,2025-12-23,118299,1,4,0,84.0
10109862MOREIRAR_2025-12-23_G41,10109862MOREIRAR,2025-12-23,117808,1,11,0,304.0
10109862MOREIRAR_2025-12-23_G42,10109862MOREIRAR,2025-12-23,110325,1,2,0,64.0
10109862MOREIRAR_2025-12-23_G43,10109862MOREIRAR,2025-12-23,110742,1,2,0,151.0
10109862MOREIRAR_2025-12-23_G44,10109862MOREIRAR,2025-12-23,110787,1,2,0,67.0
10109862MOREIRAR_2025-12-23_G45,10109862MOREIRAR,2025-12-23,111418,1,14,0,193.0
10109862MOREIRAR_2025-12-23_G46,10109862MOREIRAR,2025-12-23,118299,1,100,0,438.0
10109862MOREIRAR_2025-12-23_G47,10109862MOREIRAR,2025-12-23,117808,1,50,0,411.0
10109862MOREIRAR_2025-12-23_G48,10109862MOREIRAR,2025-12-23,111780,1,4,0,666.0
10109862MOREIRAR_2025-12-23_G49,10109862MOREIRAR,2025-12-23,117820,1,12,0,427.0
10109862MOREIRAR_2025-12-23_G50,10109862MOREIRAR,2025-12-23,118299,1,41,0,735.0
10109862MOREIRAR_2025-12-23_G51,10109862MOREIRAR,2025-12-23,117808,1,10,0,64.0
10109862MOREIRAR_2025-12-23_G52,10109862MOREIRAR,2025-12-23,111172,1,7,0,123.0
10109862MOREIRAR_2025-12-23_G53,10109862MOREIRAR,2025-12-23,111418,1,35,0,230.0
10109862MOREIRAR_2025-12-23_G54,10109862MOREIRAR,2025-12-23,111418,1,22,0,386.0
10109862MOREIRAR_2025-12-23_G56,10109862MOREIRAR,2025-12-23,110742,1,2,0,82.0
10109862MOREIRAR_2025-12-23_G57,10109862MOREIRAR,2025-12-23,110747,1,2,0,42.0
10109862MOREIRAR_2025-12-23_G58,10109862MOREIRAR,2025-12-23,111530,1,4,0,240.0
10109862MOREIRAR_2025-12-23_G59,10109862MOREIRAR,2025-12-23,140923,1,1,0,123.0
10109862MOREIRAR_2025-12-23_G60,10109862MOREIRAR,2025-12-23,117786,1,4,0,76.0
10109862MOREIRAR_2025-12-23_G61,10109862MOREIRAR,2025-12-23,117785,1,8,0,153.0
10109862MOREIRAR_2025-12-23_G62,10109862MOREIRAR,2025-12-23,110787,1,2,0,90.0
10109862MOREIRAR_2025-12-23_G63,10109862MOREIRAR,2025-12-23,117833,1,2,0,63.0
10109862MOREIRAR_2025-12-23_G64,10109862MOREIRAR,2025-12-23,108711,1,1,0,98.0
10109862MOREIRAR_2025-12-24_G02,10109862MOREIRAR,2025-12-24,117821,1,2,0,96.0
10109862MOREIRAR_2025-12-24_G03,10109862MOREIRAR,2025-12-24,110374,1,4,0,316.0
10109862MOREIRAR_2025-12-24_G04,10109862MOREIRAR,2025-12-24,110372,1,9,0,89.0
10109862MOREIRAR_2025-12-24_G05,10109862MOREIRAR,2025-12-24,117809,1,4,0,57.0
10109862MOREIRAR_2025-12-24_G06,10109862MOREIRAR,2025-12-24,110371,1,6,0,95.0
10109862MOREIRAR_2025-12-24_G07,10109862MOREIRAR,2025-12-24,117830,1,6,0,61.0
10109862MOREIRAR_2025-12-24_G08,10109862MOREIRAR,2025-12-24,117832,1,2,0,81.0
10109862MOREIRAR_2025-12-24_G09,10109862MOREIRAR,2025-12-24,118299,1,4,0,52.0
10109862MOREIRAR_2025-12-24_G10,10109862MOREIRAR,2025-12-24,117808,1,10,0,146.0
10109862MOREIRAR_2025-12-24_G11,10109862MOREIRAR,2025-12-24,110787,1,3,0,160.0
10109862MOREIRAR_2025-12-24_G13,10109862MOREIRAR,2025-12-24,118290,1,4,0,126.0
10109862MOREIRAR_2025-12-24_G14,10109862MOREIRAR,2025-12-24,117808,1,12,0,104.0
10109862MOREIRAR_2025-12-24_G15,10109862MOREIRAR,2025-12-24,110895,1,4,0,340.0
10109862MOREIRAR_2025-12-24_G16,10109862MOREIRAR,2025-12-24,118094,1,5,0,433.0
10109862MOREIRAR_2025-12-24_G17,10109862MOREIRAR,2025-12-24,110752,1,2,0,371.0
10109862MOREIRAR_2025-12-24_G18,10109862MOREIRAR,2025-12-24,117935,1,2,0,64.0
10109862MOREIRAR_2025-12-24_G19,10109862MOREIRAR,2025-12-24,117856,1,4,0,48.0
10109862MOREIRAR_2025-12-24_G20,10109862MOREIRAR,2025-12-24,141047,1,9,0,233.0
10109862MOREIRAR_2025-12-24_G21,10109862MOREIRAR,2025-12-24,107629,1,4,0,62.0
10109862MOREIRAR_2025-12-24_G22,10109862MOREIRAR,2025-12-24,110339,1,30,0,344.0
10109862MOREIRAR_2025-12-24_G23,10109862MOREIRAR,2025-12-24,110743,1,2,0,72.0
10109862MOREIRAR_2025-12-24_G24,10109862MOREIRAR,2025-12-24,111743,1,4,0,117.0
10109862MOREIRAR_2025-12-24_G25,10109862MOREIRAR,2025-12-24,117785,1,20,0,84.0
10109862MOREIRAR_2025-12-24_G26,10109862MOREIRAR,2025-12-24,117838,1,4,0,88.0
10109862MOREIRAR_2025-12-24_G27,10109862MOREIRAR,2025-12-24,110787,1,4,0,78.0
10109862MOREIRAR_2025-12-24_G28,10109862MOREIRAR,2025-12-24,108798,1,3,0,68.0
10109862MOREIRAR_2025-12-24_G29,10109862MOREIRAR,2025-12-24,117831,1,8,0,148.0
10109862MOREIRAR_2025-12-24_G30,10109862MOREIRAR,2025-12-24,110374,1,10,0,120.0
10109862MOREIRAR_2025-12-24_G31,10109862MOREIRAR,2025-12-24,110372,1,20,0,94.0
10109862MOREIRAR_2025-12-24_G32,10109862MOREIRAR,2025-12-24,117809,1,30,0,199.0
10109862MOREIRAR_2025-12-24_G33,10109862MOREIRAR,2025-12-24,110371,1,30,0,203.0
10109862MOREIRAR_2025-12-24_G34,10109862MOREIRAR,2025-12-24,117830,1,8,0,70.0
10109862MOREIRAR_2025-12-24_G35,10109862MOREIRAR,2025-12-24,118299,1,130,0,444.0
10109862MOREIRAR_2025-12-24_G36,10109862MOREIRAR,2025-12-24,111861,1,1,0,228.0
10109862MOREIRAR_2025-12-24_G37,10109862MOREIRAR,2025-12-24,110375,1,10,0,289.0
10109862MOREIRAR_2025-12-24_G38,10109862MOREIRAR,2025-12-24,117808,1,80,0,66.0
10109862MOREIRAR_2025-12-24_G39,10109862MOREIRAR,2025-12-24,"107236, 118140, 117787",3,9,40,252.0
10109862MOREIRAR_2025-12-24_G40,10109862MOREIRAR,2025-12-24,117821,1,4,0,67.0
10109862MOREIRAR_2025-12-24_G41,10109862MOREIRAR,2025-12-24,"141458, 110129",2,12,11,87.0
10109862MOREIRAR_2025-12-24_G42,10109862MOREIRAR,2025-12-24,141202,1,2,0,39.0
10109862MOREIRAR_2025-12-24_G43,10109862MOREIRAR,2025-12-24,111418,1,50,0,348.0
10109862MOREIRAR_2025-12-28_G02,10109862MOREIRAR,2025-12-28,107830,2,29,12,522.0
10109862MOREIRAR_2025-12-28_G03,10109862MOREIRAR,2025-12-28,110787,1,5,0,221.0
10109862MOREIRAR_2025-12-28_G04,10109862MOREIRAR,2025-12-28,117833,1,20,0,439.0
10109862MOREIRAR_2025-12-28_G05,10109862MOREIRAR,2025-12-28,117820,1,50,0,150.0
10109862MOREIRAR_2025-12-28_G06,10109862MOREIRAR,2025-12-28,110373,1,120,0,498.0
10109862MOREIRAR_2025-12-28_G07,10109862MOREIRAR,2025-12-28,111467,1,1,0,459.0
10109862MOREIRAR_2025-12-28_G08,10109862MOREIRAR,2025-12-28,111462,1,8,0,223.0
10109862MOREIRAR_2025-12-28_G09,10109862MOREIRAR,2025-12-28,111418,1,60,0,139.0
10109862MOREIRAR_2025-12-28_G10,10109862MOREIRAR,2025-12-28,107830,1,6,0,320.0
10109862MOREIRAR_2025-12-28_G11,10109862MOREIRAR,2025-12-28,111462,1,1,0,210.0
10109862MOREIRAR_2025-12-28_G12,10109862MOREIRAR,2025-12-28,"117820, 107830",3,14,21,357.0
10109862MOREIRAR_2025-12-28_G13,10109862MOREIRAR,2025-12-28,107830,1,6,0,222.0
10109862MOREIRAR_2025-12-28_G14,10109862MOREIRAR,2025-12-28,110787,1,13,0,266.0
10109862MOREIRAR_2025-12-28_G15,10109862MOREIRAR,2025-12-28,111469,1,18,0,1010.0
10109862MOREIRAR_2025-12-28_G17,10109862MOREIRAR,2025-12-28,118283,1,42,0,605.0
10109862MOREIRAR_2025-12-29_G02,10109862MOREIRAR,2025-12-29,117786,1,39,0,245.0
10109862MOREIRAR_2025-12-29_G03,10109862MOREIRAR,2025-12-29,"117862, 110711",2,21,21,425.0
10109862MOREIRAR_2025-12-29_G04,10109862MOREIRAR,2025-12-29,111530,1,150,0,409.0
10109862MOREIRAR_2025-12-29_G05,10109862MOREIRAR,2025-12-29,110711,1,15,0,367.0
10109862MOREIRAR_2025-12-29_G06,10109862MOREIRAR,2025-12-29,110374,2,40,12,100.0
10109862MOREIRAR_2025-12-29_G07,10109862MOREIRAR,2025-12-29,110372,1,155,0,470.0
10109862MOREIRAR_2025-12-29_G08,10109862MOREIRAR,2025-12-29,"110372, 117809",2,149,23,204.0
10109862MOREIRAR_2025-12-29_G09,10109862MOREIRAR,2025-12-29,117830,1,50,0,169.0
10109862MOREIRAR_2025-12-29_G10,10109862MOREIRAR,2025-12-29,117830,1,25,0,34.0
10109862MOREIRAR_2025-12-29_G11,10109862MOREIRAR,2025-12-29,118281,2,24,30,371.0
10109862MOREIRAR_2025-12-29_G12,10109862MOREIRAR,2025-12-29,117809,1,35,0,1384.0
10109862MOREIRAR_2025-12-29_G13,10109862MOREIRAR,2025-12-29,110371,1,16,0,251.0
10109862MOREIRAR_2025-12-29_G14,10109862MOREIRAR,2025-12-29,117830,2,76,16,155.0
10109862MOREIRAR_2025-12-29_G15,10109862MOREIRAR,2025-12-29,117832,1,35,0,932.0
10109862MOREIRAR_2025-12-29_G16,10109862MOREIRAR,2025-12-29,109643,1,19,0,430.0
10109862MOREIRAR_2025-12-29_G17,10109862MOREIRAR,2025-12-29,109643,1,8,0,39.0
10109862MOREIRAR_2025-12-29_G18,10109862MOREIRAR,2025-12-29,110325,1,22,0,447.0
10109862MOREIRAR_2025-12-29_G19,10109862MOREIRAR,2025-12-29,110325,1,20,0,80.0
10109862MOREIRAR_2025-12-29_G20,10109862MOREIRAR,2025-12-29,117856,1,62,0,2003.0
10109862MOREIRAR_2025-12-29_G22,10109862MOREIRAR,2025-12-29,110373,1,5,0,105.0
10109862MOREIRAR_2025-12-29_G23,10109862MOREIRAR,2025-12-29,117855,1,2,0,185.0
10109862MOREIRAR_2025-12-29_G24,10109862MOREIRAR,2025-12-29,117785,1,3,0,143.0
10109862MOREIRAR_2025-12-29_G25,10109862MOREIRAR,2025-12-29,111532,2,10,7,90.0
10109862MOREIRAR_2025-12-29_G26,10109862MOREIRAR,2025-12-29,110325,1,2,0,164.0
10109862MOREIRAR_2025-12-29_G27,10109862MOREIRAR,2025-12-29,140923,1,4,0,524.0
10109862MOREIRAR_2025-12-29_G28,10109862MOREIRAR,2025-12-29,118140,1,8,0,142.0
10109862MOREIRAR_2025-12-29_G29,10109862MOREIRAR,2025-12-29,107830,1,2,0,83.0
10109862MOREIRAR_2025-12-29_G30,10109862MOREIRAR,2025-12-29,107830,1,5,0,46.0
10109862MOREIRAR_2025-12-29_G31,10109862MOREIRAR,2025-12-29,111532,1,4,0,59.0
10109862MOREIRAR_2025-12-29_G32,10109862MOREIRAR,2025-12-29,111602,1,40,0,190.0
10109862MOREIRAR_2025-12-29_G33,10109862MOREIRAR,2025-12-29,110623,1,4,0,378.0
10109862MOREIRAR_2025-12-29_G34,10109862MOREIRAR,2025-12-29,"111466, 111532",2,11,24,60.0
10109862MOREIRAR_2025-12-29_G35,10109862MOREIRAR,2025-12-29,110372,1,5,0,100.0
10109862MOREIRAR_2025-12-29_G36,10109862MOREIRAR,2025-12-29,110371,1,9,0,109.0
10109862MOREIRAR_2025-12-29_G37,10109862MOREIRAR,2025-12-29,110742,2,12,9,311.0
10109862MOREIRAR_2025-12-29_G38,10109862MOREIRAR,2025-12-29,110740,1,2,0,158.0
10109862MOREIRAR_2025-12-29_G39,10109862MOREIRAR,2025-12-29,117855,1,8,0,857.0
10109862MOREIRAR_2025-12-29_G40,10109862MOREIRAR,2025-12-29,107830,1,4,0,53.0
10109862MOREIRAR_2025-12-29_G41,10109862MOREIRAR,2025-12-29,107830,1,8,0,53.0
10109862MOREIRAR_2025-12-29_G42,10109862MOREIRAR,2025-12-29,"111348, 111532",2,7,16,74.0
10109862MOREIRAR_2025-12-29_G43,10109862MOREIRAR,2025-12-29,117835,1,10,0,308.0
10109862MOREIRAR_2025-12-29_G44,10109862MOREIRAR,2025-12-29,109645,1,4,0,209.0
10109862MOREIRAR_2025-12-29_G45,10109862MOREIRAR,2025-12-29,111462,1,30,0,201.0
10109862MOREIRAR_2025-12-29_G46,10109862MOREIRAR,2025-12-29,141271,1,10,0,185.0
10109862MOREIRAR_2025-12-29_G47,10109862MOREIRAR,2025-12-29,111467,1,20,0,351.0
10109862MOREIRAR_2025-12-29_G48,10109862MOREIRAR,2025-12-29,111602,1,30,0,262.0
10109862MOREIRAR_2025-12-29_G49,10109862MOREIRAR,2025-12-29,117785,1,20,0,443.0
10109862MOREIRAR_2025-12-29_G50,10109862MOREIRAR,2025-12-29,110374,1,10,0,147.0
10109862MOREIRAR_2025-12-29_G51,10109862MOREIRAR,2025-12-29,110371,1,50,0,322.0
10109862MOREIRAR_2025-12-29_G52,10109862MOREIRAR,2025-12-29,117832,1,30,0,407.0
10109862MOREIRAR_2025-12-29_G53,10109862MOREIRAR,2025-12-29,110374,1,20,0,217.0
10109862MOREIRAR_2025-12-29_G54,10109862MOREIRAR,2025-12-29,117833,1,13,0,418.0
10109862MOREIRAR_2025-12-29_G55,10109862MOREIRAR,2025-12-29,117855,1,10,0,131.0
10109862MOREIRAR_2025-12-29_G56,10109862MOREIRAR,2025-12-29,110745,1,5,0,165.0
10109862MOREIRAR_2025-12-29_G57,10109862MOREIRAR,2025-12-29,117855,2,9,10,367.0
10109862MOREIRAR_2025-12-29_G59,10109862MOREIRAR,2025-12-29,111330,1,1,0,69.0
10109862MOREIRAR_2025-12-29_G60,10109862MOREIRAR,2025-12-29,107830,1,7,0,150.0
10109862MOREIRAR_2025-12-30_G02,10109862MOREIRAR,2025-12-30,111348,1,4,0,147.0
10109862MOREIRAR_2025-12-30_G03,10109862MOREIRAR,2025-12-30,111530,1,5,0,310.0
10109862MOREIRAR_2025-12-30_G04,10109862MOREIRAR,2025-12-30,117855,1,2,0,97.0
10109862MOREIRAR_2025-12-30_G05,10109862MOREIRAR,2025-12-30,111532,1,2,0,96.0
10109862MOREIRAR_2025-12-30_G06,10109862MOREIRAR,2025-12-30,111569,1,2,0,55.0
10109862MOREIRAR_2025-12-30_G07,10109862MOREIRAR,2025-12-30,111447,1,4,0,3527.0
10109862MOREIRAR_2025-12-30_G08,10109862MOREIRAR,2025-12-30,118306,1,5,0,752.0
10109862MOREIRAR_2025-12-30_G09,10109862MOREIRAR,2025-12-30,117836,1,6,0,166.0
10109862MOREIRAR_2025-12-30_G10,10109862MOREIRAR,2025-12-30,117836,2,6,8,128.0
10109862MOREIRAR_2025-12-30_G11,10109862MOREIRAR,2025-12-30,110747,4,6,30,391.0
10109862MOREIRAR_2025-12-30_G12,10109862MOREIRAR,2025-12-30,111602,1,4,0,739.0
10109862MOREIRAR_2025-12-30_G13,10109862MOREIRAR,2025-12-30,117786,3,16,15,240.0
10109862MOREIRAR_2025-12-30_G14,10109862MOREIRAR,2025-12-30,109640,2,4,7,197.0
10109862MOREIRAR_2025-12-30_G15,10109862MOREIRAR,2025-12-30,117785,5,15,40,328.0
10109862MOREIRAR_2025-12-30_G16,10109862MOREIRAR,2025-12-30,111418,4,4,24,96.0
10109862MOREIRAR_2025-12-30_G17,10109862MOREIRAR,2025-12-30,109641,2,4,11,157.0
10109862MOREIRAR_2025-12-30_G18,10109862MOREIRAR,2025-12-30,111463,3,8,15,107.0
10109862MOREIRAR_2025-12-30_G19,10109862MOREIRAR,2025-12-30,111469,5,12,30,93.0
10109862MOREIRAR_2025-12-30_G20,10109862MOREIRAR,2025-12-30,111443,1,2,0,227.0
10109862MOREIRAR_2025-12-30_G21,10109862MOREIRAR,2025-12-30,141456,1,2,0,83.0
10109862MOREIRAR_2025-12-30_G22,10109862MOREIRAR,2025-12-30,111330,5,18,37,32.0
10109862MOREIRAR_2025-12-30_G23,10109862MOREIRAR,2025-12-30,141458,1,2,0,149.0
10109862MOREIRAR_2025-12-30_G24,10109862MOREIRAR,2025-12-30,"117861, 117856",2,6,23,280.0
10109862MOREIRAR_2025-12-30_G25,10109862MOREIRAR,2025-12-30,117786,1,3,0,57.0
10109862MOREIRAR_2025-12-30_G26,10109862MOREIRAR,2025-12-30,109640,1,2,0,57.0
10109862MOREIRAR_2025-12-30_G27,10109862MOREIRAR,2025-12-30,117785,1,3,0,99.0
10109862MOREIRAR_2025-12-30_G29,10109862MOREIRAR,2025-12-30,111532,2,6,14,269.0
10109862MOREIRAR_2025-12-30_G30,10109862MOREIRAR,2025-12-30,110313,1,6,0,188.0
10109862MOREIRAR_2025-12-30_G31,10109862MOREIRAR,2025-12-30,140922,1,6,0,106.0
10109862MOREIRAR_2025-12-30_G32,10109862MOREIRAR,2025-12-30,110372,1,5,0,60.0
10109862MOREIRAR_2025-12-30_G33,10109862MOREIRAR,2025-12-30,117809,1,2,0,40.0
10109862MOREIRAR_2025-12-30_G34,10109862MOREIRAR,2025-12-30,"110371, 117830",2,6,26,81.0
10109862MOREIRAR_2025-12-30_G35,10109862MOREIRAR,2025-12-30,111418,1,2,0,104.0
10109862MOREIRAR_2025-12-30_G36,10109862MOREIRAR,2025-12-30,111532,1,2,0,49.0
10109862MOREIRAR_2025-12-30_G37,10109862MOREIRAR,2025-12-30,111172,1,2,0,55.0
10109862MOREIRAR_2025-12-30_G38,10109862MOREIRAR,2025-12-30,111442,1,4,0,64.0
10109862MOREIRAR_2025-12-30_G39,10109862MOREIRAR,2025-12-30,110711,1,1,0,46.0
10109862MOREIRAR_2025-12-30_G40,10109862MOREIRAR,2025-12-30,111530,1,1,0,40.0
10109862MOREIRAR_2025-12-30_G41,10109862MOREIRAR,2025-12-30,117855,1,3,0,98.0
10109862MOREIRAR_2025-12-30_G42,10109862MOREIRAR,2025-12-30,117831,1,5,0,74.0
10109862MOREIRAR_2025-12-30_G43,10109862MOREIRAR,2025-12-30,108711,1,4,0,36.0
10109862MOREIRAR_2025-12-30_G44,10109862MOREIRAR,2025-12-30,"111465, 117787",2,3,23,50.0
10109862MOREIRAR_2025-12-30_G45,10109862MOREIRAR,2025-12-30,"110740, 111462",2,6,26,77.0
10109862MOREIRAR_2025-12-30_G46,10109862MOREIRAR,2025-12-30,117821,1,4,0,91.0
10109862MOREIRAR_2025-12-30_G47,10109862MOREIRAR,2025-12-30,117808,1,9,0,251.0
10109862MOREIRAR_2025-12-30_G48,10109862MOREIRAR,2025-12-30,141456,1,7,0,50.0
10109862MOREIRAR_2025-12-30_G49,10109862MOREIRAR,2025-12-30,141202,1,2,0,35.0
10109862MOREIRAR_2025-12-30_G50,10109862MOREIRAR,2025-12-30,117834,1,4,0,189.0
10109862MOREIRAR_2025-12-30_G51,10109862MOREIRAR,2025-12-30,111532,2,13,11,64.0
10109862MOREIRAR_2025-12-30_G52,10109862MOREIRAR,2025-12-30,110895,1,3,0,1232.0
10109862MOREIRAR_2025-12-30_G53,10109862MOREIRAR,2025-12-30,140923,1,4,0,132.0
10109862MOREIRAR_2025-12-30_G54,10109862MOREIRAR,2025-12-30,111467,1,4,0,48.0
10109862MOREIRAR_2025-12-30_G55,10109862MOREIRAR,2025-12-30,110313,1,2,0,75.0
10109862MOREIRAR_2025-12-30_G56,10109862MOREIRAR,2025-12-30,111602,1,3,0,38.0
10109862MOREIRAR_2025-12-30_G57,10109862MOREIRAR,2025-12-30,111530,1,4,0,78.0
10109862MOREIRAR_2025-12-30_G58,10109862MOREIRAR,2025-12-30,117785,1,3,0,123.0
10109862MOREIRAR_2025-12-30_G59,10109862MOREIRAR,2025-12-30,111418,1,4,0,61.0
10109862MOREIRAR_2025-12-30_G60,10109862MOREIRAR,2025-12-30,117838,1,2,0,124.0
10109862MOREIRAR_2025-12-30_G61,10109862MOREIRAR,2025-12-30,111532,1,2,0,39.0
10109862MOREIRAR_2025-12-30_G62,10109862MOREIRAR,2025-12-30,111442,1,4,0,77.0
10109862MOREIRAR_2025-12-30_G63,10109862MOREIRAR,2025-12-30,111463,1,1,0,45.0
10109862MOREIRAR_2025-12-30_G64,10109862MOREIRAR,2025-12-30,117821,1,4,0,145.0
10109862MOREIRAR_2025-12-30_G65,10109862MOREIRAR,2025-12-30,141456,1,2,0,50.0
10109862MOREIRAR_2025-12-30_G66,10109862MOREIRAR,2025-12-30,110372,1,6,0,146.0
10109862MOREIRAR_2025-12-30_G67,10109862MOREIRAR,2025-12-30,117820,1,2,0,319.0
10109862MOREIRAR_2025-12-30_G68,10109862MOREIRAR,2025-12-30,117808,1,8,0,129.0
10109862MOREIRAR_2025-12-30_G69,10109862MOREIRAR,2025-12-30,108770,1,2,0,740.0
10109862MOREIRAR_2025-12-30_G70,10109862MOREIRAR,2025-12-30,111569,1,1,0,77.0
10109862MOREIRAR_2025-12-30_G71,10109862MOREIRAR,2025-12-30,118306,1,4,0,110.0
10109862MOREIRAR_2025-12-30_G72,10109862MOREIRAR,2025-12-30,"117856, 111467",2,8,10,76.0
10109862MOREIRAR_2025-12-30_G73,10109862MOREIRAR,2025-12-30,110313,1,1,0,108.0
10109862MOREIRAR_2025-12-30_G74,10109862MOREIRAR,2025-12-30,111602,1,7,0,49.0
10109862MOREIRAR_2025-12-30_G75,10109862MOREIRAR,2025-12-30,108795,1,4,0,72.0
10109862MOREIRAR_2025-12-30_G76,10109862MOREIRAR,2025-12-30,117785,1,6,0,172.0
10109862MOREIRAR_2025-12-30_G77,10109862MOREIRAR,2025-12-30,111418,1,6,0,434.0
10109862MOREIRAR_2025-12-30_G78,10109862MOREIRAR,2025-12-30,"118223, 108711",2,5,24,509.0
10109862MOREIRAR_2025-12-30_G79,10109862MOREIRAR,2025-12-30,"111465, 111443",2,5,26,83.0
10109862MOREIRAR_2025-12-30_G80,10109862MOREIRAR,2025-12-30,141456,1,4,0,80.0
10109862MOREIRAR_2025-12-31_G02,10109862MOREIRAR,2025-12-31,110787,1,4,0,122.0
10109862MOREIRAR_2025-12-31_G03,10109862MOREIRAR,2025-12-31,111442,1,5,0,70.0
10109862MOREIRAR_2025-12-31_G04,10109862MOREIRAR,2025-12-31,111462,1,2,0,73.0
10109862MOREIRAR_2025-12-31_G05,10109862MOREIRAR,2025-12-31,111418,1,13,0,391.0
10109862MOREIRAR_2025-12-31_G06,10109862MOREIRAR,2025-12-31,110787,1,2,0,84.0
10109862MOREIRAR_2025-12-31_G07,10109862MOREIRAR,2025-12-31,111462,1,6,0,107.0
10109862MOREIRAR_2025-12-31_G08,10109862MOREIRAR,2025-12-31,117820,1,34,0,464.0
10109862MOREIRAR_2025-12-31_G09,10109862MOREIRAR,2025-12-31,107830,1,10,0,259.0
10109862MOREIRAR_2025-12-31_G10,10109862MOREIRAR,2025-12-31,111418,1,8,0,141.0
10109862MOREIRAR_2025-12-31_G11,10109862MOREIRAR,2025-12-31,111532,1,4,0,117.0
10109862MOREIRAR_2025-12-31_G12,10109862MOREIRAR,2025-12-31,117820,1,22,0,97.0
10109862MOREIRAR_2025-12-31_G13,10109862MOREIRAR,2025-12-31,110787,1,4,0,94.0
10109862MOREIRAR_2025-12-31_G14,10109862MOREIRAR,2025-12-31,111462,1,4,0,115.0
10109862MOREIRAR_2025-12-31_G15,10109862MOREIRAR,2025-12-31,110313,1,6,0,84.0
10109862MOREIRAR_2025-12-31_G16,10109862MOREIRAR,2025-12-31,111532,1,8,0,130.0
10109862MOREIRAR_2025-12-31_G17,10109862MOREIRAR,2025-12-31,117855,1,8,0,181.0
10109862MOREIRAR_2025-12-31_G18,10109862MOREIRAR,2025-12-31,107830,1,18,0,128.0
10109862MOREIRAR_2025-12-31_G19,10109862MOREIRAR,2025-12-31,111532,1,6,0,416.0
10109862MOREIRAR_2025-12-31_G20,10109862MOREIRAR,2025-12-31,110313,1,6,0,68.0
10109862MOREIRAR_2025-12-31_G21,10109862MOREIRAR,2025-12-31,111532,1,6,0,199.0
10109862MOREIRAR_2025-12-31_G22,10109862MOREIRAR,2025-12-31,111602,1,4,0,82.0
10109862MOREIRAR_2025-12-31_G23,10109862MOREIRAR,2025-12-31,111348,1,2,0,32.0
10109862MOREIRAR_2025-12-31_G24,10109862MOREIRAR,2025-12-31,111532,1,8,0,103.0
10109862MOREIRAR_2025-12-31_G25,10109862MOREIRAR,2025-12-31,111462,1,4,0,142.0
10109862MOREIRAR_2025-12-31_G26,10109862MOREIRAR,2025-12-31,142013,1,4,0,551.0
10109862MOREIRAR_2025-12-31_G27,10109862MOREIRAR,2025-12-31,110313,1,4,0,171.0
10109862MOREIRAR_2025-12-31_G28,10109862MOREIRAR,2025-12-31,"111418, 117820",2,48,29,125.0
10109862MOREIRAR_2025-12-31_G29,10109862MOREIRAR,2025-12-31,111532,1,12,0,217.0
10109862MOREIRAR_2025-12-31_G30,10109862MOREIRAR,2025-12-31,"111172, 110787",2,7,15,137.0
10109862MOREIRAR_2025-12-31_G31,10109862MOREIRAR,2025-12-31,118306,1,1,0,852.0
10109862MOREIRAR_2025-12-31_G32,10109862MOREIRAR,2025-12-31,110313,1,17,0,183.0
10109862MOREIRAR_2025-12-31_G33,10109862MOREIRAR,2025-12-31,111462,1,83,0,243.0
10109862MOREIRAR_2025-12-31_G34,10109862MOREIRAR,2025-12-31,117820,1,98,0,448.0
10109862MOREIRAR_2025-12-31_G35,10109862MOREIRAR,2025-12-31,118299,1,483,0,1217.0
10109862MOREIRAR_2025-12-31_G36,10109862MOREIRAR,2025-12-31,110373,1,67,0,466.0
10109862MOREIRAR_2025-12-31_G37,10109862MOREIRAR,2025-12-31,110313,1,2,0,144.0
10109862MOREIRAR_2025-12-31_G38,10109862MOREIRAR,2025-12-31,111442,1,4,0,82.0
10109862MOREIRAR_2025-12-31_G39,10109862MOREIRAR,2025-12-31,110313,1,4,0,68.0
10109862MOREIRAR_2025-12-31_G40,10109862MOREIRAR,2025-12-31,111532,1,6,0,70.0
10109862MOREIRAR_2026-01-02_G02,10109862MOREIRAR,2026-01-02,120272,1,16,0,427.0
10109862MOREIRAR_2026-01-02_G03,10109862MOREIRAR,2026-01-02,122981,1,8,0,184.0
10109862MOREIRAR_2026-01-02_G04,10109862MOREIRAR,2026-01-02,123080,1,8,0,204.0
10109862MOREIRAR_2026-01-02_G05,10109862MOREIRAR,2026-01-02,123081,1,25,0,765.0
10109862MOREIRAR_2026-01-02_G06,10109862MOREIRAR,2026-01-02,123080,1,32,0,578.0
10109862MOREIRAR_2026-01-06_G02,10109862MOREIRAR,2026-01-06,124477,1,40,0,270.0
10109862MOREIRAR_2026-01-06_G03,10109862MOREIRAR,2026-01-06,124371,1,50,0,1066.0
10109862MOREIRAR_2026-01-06_G04,10109862MOREIRAR,2026-01-06,124475,1,50,0,974.0
10109862MOREIRAR_2026-01-06_G05,10109862MOREIRAR,2026-01-06,123521,1,65,0,1047.0
10109862MOREIRAR_2026-01-06_G06,10109862MOREIRAR,2026-01-06,123521,1,65,0,728.0
10109862MOREIRAR_2026-01-07_G02,10109862MOREIRAR,2026-01-07,107236,1,30,0,257.0
10109862MOREIRAR_2026-01-07_G03,10109862MOREIRAR,2026-01-07,111433,1,10,0,137.0
10109862MOREIRAR_2026-01-07_G04,10109862MOREIRAR,2026-01-07,108798,1,10,0,135.0
10109862MOREIRAR_2026-01-07_G05,10109862MOREIRAR,2026-01-07,110745,1,30,0,1491.0
10109862MOREIRAR_2026-01-07_G06,10109862MOREIRAR,2026-01-07,109641,1,30,0,387.0
10109862MOREIRAR_2026-01-07_G07,10109862MOREIRAR,2026-01-07,117822,1,30,0,331.0
10109862MOREIRAR_2026-01-07_G08,10109862MOREIRAR,2026-01-07,111705,1,2,0,298.0
10109862MOREIRAR_2026-01-07_G09,10109862MOREIRAR,2026-01-07,108794,1,20,0,1541.0
10109862MOREIRAR_2026-01-07_G10,10109862MOREIRAR,2026-01-07,111462,1,13,0,198.0
10109862MOREIRAR_2026-01-07_G11,10109862MOREIRAR,2026-01-07,111462,1,11,0,158.0
10109862MOREIRAR_2026-01-07_G12,10109862MOREIRAR,2026-01-07,111743,1,4,0,255.0
10109862MOREIRAR_2026-01-07_G13,10109862MOREIRAR,2026-01-07,110733,1,7,0,427.0
10109862MOREIRAR_2026-01-07_G14,10109862MOREIRAR,2026-01-07,110313,1,4,0,68.0
10109862MOREIRAR_2026-01-07_G15,10109862MOREIRAR,2026-01-07,160055,1,8,0,109.0
10109862MOREIRAR_2026-01-07_G16,10109862MOREIRAR,2026-01-07,110787,1,6,0,100.0
10109862MOREIRAR_2026-01-07_G17,10109862MOREIRAR,2026-01-07,108711,1,3,0,93.0
10109862MOREIRAR_2026-01-07_G18,10109862MOREIRAR,2026-01-07,108711,1,4,0,38.0
10109862MOREIRAR_2026-01-07_G19,10109862MOREIRAR,2026-01-07,117856,1,110,0,581.0
10109862MOREIRAR_2026-01-07_G20,10109862MOREIRAR,2026-01-07,111467,1,110,0,406.0
10109862MOREIRAR_2026-01-07_G21,10109862MOREIRAR,2026-01-07,110339,1,70,0,371.0
10109862MOREIRAR_2026-01-07_G22,10109862MOREIRAR,2026-01-07,109640,1,60,0,398.0
10109862MOREIRAR_2026-01-08_G02,10109862MOREIRAR,2026-01-08,111469,1,14,0,487.0
10109862MOREIRAR_2026-01-08_G03,10109862MOREIRAR,2026-01-08,117831,1,10,0,61.0
10109862MOREIRAR_2026-01-08_G04,10109862MOREIRAR,2026-01-08,117854,1,8,0,158.0
10109862MOREIRAR_2026-01-08_G05,10109862MOREIRAR,2026-01-08,160054,1,7,0,379.0
10109862MOREIRAR_2026-01-08_G06,10109862MOREIRAR,2026-01-08,110372,1,40,0,874.0
10109862MOREIRAR_2026-01-08_G07,10109862MOREIRAR,2026-01-08,117820,1,100,0,228.0
10109862MOREIRAR_2026-01-08_G08,10109862MOREIRAR,2026-01-08,107830,1,10,0,189.0
10109862MOREIRAR_2026-01-08_G09,10109862MOREIRAR,2026-01-08,111418,1,40,0,298.0
10109862MOREIRAR_2026-01-08_G10,10109862MOREIRAR,2026-01-08,"140911, 110895",2,12,22,1622.0
10109862MOREIRAR_2026-01-08_G11,10109862MOREIRAR,2026-01-08,110313,1,2,0,41.0
10109862MOREIRAR_2026-01-08_G12,10109862MOREIRAR,2026-01-08,110787,1,2,0,46.0
10109862MOREIRAR_2026-01-08_G13,10109862MOREIRAR,2026-01-08,141823,1,4,0,88.0
10109862MOREIRAR_2026-01-08_G15,10109862MOREIRAR,2026-01-08,111462,1,2,0,57.0
10109862MOREIRAR_2026-01-08_G16,10109862MOREIRAR,2026-01-08,"111418, 110733",2,3,30,43.0
10109862MOREIRAR_2026-01-08_G17,10109862MOREIRAR,2026-01-08,110372,1,4,0,97.0
10109862MOREIRAR_2026-01-08_G18,10109862MOREIRAR,2026-01-08,"110371, 117820",2,4,30,73.0
10109862MOREIRAR_2026-01-08_G19,10109862MOREIRAR,2026-01-08,111468,1,2,0,44.0
10109862MOREIRAR_2026-01-08_G20,10109862MOREIRAR,2026-01-08,111172,1,2,0,62.0
10109862MOREIRAR_2026-01-08_G21,10109862MOREIRAR,2026-01-08,110339,1,2,0,80.0
10109862MOREIRAR_2026-01-08_G22,10109862MOREIRAR,2026-01-08,160051,1,1,0,58.0
10109862MOREIRAR_2026-01-08_G23,10109862MOREIRAR,2026-01-08,"117833, 117831",2,6,9,73.0
10109862MOREIRAR_2026-01-08_G24,10109862MOREIRAR,2026-01-08,118140,1,1,0,141.0
10109862MOREIRAR_2026-01-08_G25,10109862MOREIRAR,2026-01-08,141456,1,4,0,498.0
10109862MOREIRAR_2026-01-08_G26,10109862MOREIRAR,2026-01-08,141202,1,1,0,92.0
10109862MOREIRAR_2026-01-08_G27,10109862MOREIRAR,2026-01-08,"111438, 140923",2,4,22,252.0
10109862MOREIRAR_2026-01-08_G28,10109862MOREIRAR,2026-01-08,117785,1,7,0,92.0
10109862MOREIRAR_2026-01-08_G29,10109862MOREIRAR,2026-01-08,111462,1,2,0,35.0
10109862MOREIRAR_2026-01-08_G30,10109862MOREIRAR,2026-01-08,110372,1,4,0,35.0
10109862MOREIRAR_2026-01-08_G31,10109862MOREIRAR,2026-01-08,117809,1,2,0,36.0
10109862MOREIRAR_2026-01-08_G32,10109862MOREIRAR,2026-01-08,110373,1,2,0,48.0
10109862MOREIRAR_2026-01-08_G33,10109862MOREIRAR,2026-01-08,110371,1,3,0,77.0
10109862MOREIRAR_2026-01-08_G34,10109862MOREIRAR,2026-01-08,109643,1,4,0,99.0
10109862MOREIRAR_2026-01-08_G35,10109862MOREIRAR,2026-01-08,"111444, 141456",2,4,18,84.0
10109862MOREIRAR_2026-01-08_G36,10109862MOREIRAR,2026-01-08,111879,1,2,0,288.0
10109862MOREIRAR_2026-01-08_G37,10109862MOREIRAR,2026-01-08,117856,1,4,0,55.0
10109862MOREIRAR_2026-01-08_G38,10109862MOREIRAR,2026-01-08,105705,1,2,0,107.0
10109862MOREIRAR_2026-01-08_G39,10109862MOREIRAR,2026-01-08,111348,1,2,0,37.0
10109862MOREIRAR_2026-01-08_G40,10109862MOREIRAR,2026-01-08,"117785, 111462",2,5,14,43.0
10109862MOREIRAR_2026-01-08_G41,10109862MOREIRAR,2026-01-08,"140922, 110372",2,13,27,84.0
10109862MOREIRAR_2026-01-08_G42,10109862MOREIRAR,2026-01-08,117822,1,2,0,103.0
10109862MOREIRAR_2026-01-08_G43,10109862MOREIRAR,2026-01-08,117820,1,4,0,39.0
10109862MOREIRAR_2026-01-08_G44,10109862MOREIRAR,2026-01-08,117830,1,6,0,65.0
10109862MOREIRAR_2026-01-08_G45,10109862MOREIRAR,2026-01-08,110895,1,2,0,73.0
10109862MOREIRAR_2026-01-08_G46,10109862MOREIRAR,2026-01-08,110747,1,2,0,80.0
10109862MOREIRAR_2026-01-08_G47,10109862MOREIRAR,2026-01-08,"141047, 117861",2,8,14,58.0
10109862MOREIRAR_2026-01-08_G48,10109862MOREIRAR,2026-01-08,110339,1,3,0,60.0
10109862MOREIRAR_2026-01-08_G49,10109862MOREIRAR,2026-01-08,117853,1,2,0,86.0
10109862MOREIRAR_2026-01-08_G50,10109862MOREIRAR,2026-01-08,110375,1,4,0,97.0
10109862MOREIRAR_2026-01-08_G51,10109862MOREIRAR,2026-01-08,141916,1,6,0,130.0
10109862MOREIRAR_2026-01-08_G52,10109862MOREIRAR,2026-01-08,141318,1,2,0,154.0
10109862MOREIRAR_2026-01-08_G53,10109862MOREIRAR,2026-01-08,141271,1,10,0,143.0
10109862MOREIRAR_2026-01-08_G54,10109862MOREIRAR,2026-01-08,111172,1,4,0,51.0
10109862MOREIRAR_2026-01-08_G55,10109862MOREIRAR,2026-01-08,110745,1,2,0,68.0
10109862MOREIRAR_2026-01-08_G56,10109862MOREIRAR,2026-01-08,111469,1,2,0,32.0
10109862MOREIRAR_2026-01-08_G57,10109862MOREIRAR,2026-01-08,117831,1,4,0,60.0
10109862MOREIRAR_2026-01-08_G58,10109862MOREIRAR,2026-01-08,117787,1,1,0,70.0
10109862MOREIRAR_2026-01-08_G59,10109862MOREIRAR,2026-01-08,141456,1,2,0,106.0
10109862MOREIRAR_2026-01-08_G60,10109862MOREIRAR,2026-01-08,140923,1,2,0,700.0
10109862MOREIRAR_2026-01-08_G61,10109862MOREIRAR,2026-01-08,111418,1,2,0,57.0
10109862MOREIRAR_2026-01-08_G62,10109862MOREIRAR,2026-01-08,116241,1,2,0,49.0
10109862MOREIRAR_2026-01-08_G63,10109862MOREIRAR,2026-01-08,110372,1,15,0,149.0
10109862MOREIRAR_2026-01-08_G64,10109862MOREIRAR,2026-01-08,117830,1,4,0,99.0
10109862MOREIRAR_2026-01-08_G65,10109862MOREIRAR,2026-01-08,111172,1,2,0,82.0
10109862MOREIRAR_2026-01-08_G66,10109862MOREIRAR,2026-01-08,"111463, 117786",2,6,24,75.0
10109862MOREIRAR_2026-01-08_G67,10109862MOREIRAR,2026-01-08,"117833, 117831",2,6,11,118.0
10109862MOREIRAR_2026-01-08_G68,10109862MOREIRAR,2026-01-08,118140,1,4,0,99.0
10109862MOREIRAR_2026-01-08_G69,10109862MOREIRAR,2026-01-08,141456,1,2,0,53.0
10109862MOREIRAR_2026-01-08_G70,10109862MOREIRAR,2026-01-08,111532,1,8,0,1279.0
10109862MOREIRAR_2026-01-08_G71,10109862MOREIRAR,2026-01-08,108794,1,8,0,62.0
10109862MOREIRAR_2026-01-08_G72,10109862MOREIRAR,2026-01-08,111462,1,16,0,224.0
10109862MOREIRAR_2026-01-09_G02,10109862MOREIRAR,2026-01-09,111435,1,4,0,151.0
10109862MOREIRAR_2026-01-09_G03,10109862MOREIRAR,2026-01-09,109641,1,8,0,629.0
10109862MOREIRAR_2026-01-09_G04,10109862MOREIRAR,2026-01-09,111463,1,20,0,184.0
10109862MOREIRAR_2026-01-09_G05,10109862MOREIRAR,2026-01-09,111443,1,8,0,201.0
10109862MOREIRAR_2026-01-09_G06,10109862MOREIRAR,2026-01-09,141458,1,8,0,73.0
10109862MOREIRAR_2026-01-09_G07,10109862MOREIRAR,2026-01-09,110745,1,16,0,145.0
10109862MOREIRAR_2026-01-09_G08,10109862MOREIRAR,2026-01-09,111469,1,40,0,281.0
10109862MOREIRAR_2026-01-09_G09,10109862MOREIRAR,2026-01-09,111465,1,8,0,321.0
10109862MOREIRAR_2026-01-09_G10,10109862MOREIRAR,2026-01-09,117787,1,4,0,59.0
10109862MOREIRAR_2026-01-09_G11,10109862MOREIRAR,2026-01-09,107236,1,20,0,638.0
10109862MOREIRAR_2026-01-09_G12,10109862MOREIRAR,2026-01-09,141456,1,20,0,168.0
10109862MOREIRAR_2026-01-09_G13,10109862MOREIRAR,2026-01-09,111466,1,48,0,756.0
10109862MOREIRAR_2026-01-09_G14,10109862MOREIRAR,2026-01-09,110372,1,100,0,412.0
10109862MOREIRAR_2026-01-09_G15,10109862MOREIRAR,2026-01-09,"110371, 118299",2,92,22,1310.0
10109862MOREIRAR_2026-01-09_G17,10109862MOREIRAR,2026-01-09,111438,1,44,0,270.0
10109862MOREIRAR_2026-01-09_G18,10109862MOREIRAR,2026-01-09,110895,1,17,0,750.0
10109862MOREIRAR_2026-01-09_G19,10109862MOREIRAR,2026-01-09,110747,1,10,0,618.0
10109862MOREIRAR_2026-01-09_G20,10109862MOREIRAR,2026-01-09,118290,1,5,0,119.0
10109862MOREIRAR_2026-01-09_G21,10109862MOREIRAR,2026-01-09,110755,1,3,0,223.0
10109862MOREIRAR_2026-01-09_G22,10109862MOREIRAR,2026-01-09,110733,1,3,0,644.0
10109862MOREIRAR_2026-01-09_G23,10109862MOREIRAR,2026-01-09,111439,1,2,0,193.0
10109862MOREIRAR_2026-01-09_G24,10109862MOREIRAR,2026-01-09,118094,1,11,0,104.0
10109862MOREIRAR_2026-01-09_G25,10109862MOREIRAR,2026-01-09,110741,1,5,0,154.0
10109862MOREIRAR_2026-01-09_G26,10109862MOREIRAR,2026-01-09,140923,1,61,0,156.0
10109862MOREIRAR_2026-01-09_G27,10109862MOREIRAR,2026-01-09,141047,1,7,0,458.0
10109862MOREIRAR_2026-01-09_G28,10109862MOREIRAR,2026-01-09,117786,1,4,0,134.0
10109862MOREIRAR_2026-01-09_G29,10109862MOREIRAR,2026-01-09,110339,1,2,0,143.0
10109862MOREIRAR_2026-01-09_G30,10109862MOREIRAR,2026-01-09,110339,1,36,0,227.0
10109862MOREIRAR_2026-01-09_G31,10109862MOREIRAR,2026-01-09,109647,1,3,0,186.0
10109862MOREIRAR_2026-01-09_G32,10109862MOREIRAR,2026-01-09,111532,1,80,0,1453.0
10109862MOREIRAR_2026-01-09_G33,10109862MOREIRAR,2026-01-09,105705,1,10,0,765.0
10109862MOREIRAR_2026-01-09_G34,10109862MOREIRAR,2026-01-09,108794,1,5,0,83.0
10109862MOREIRAR_2026-01-09_G35,10109862MOREIRAR,2026-01-09,111418,1,2,0,85.0
10109862MOREIRAR_2026-01-09_G36,10109862MOREIRAR,2026-01-09,111418,1,194,0,456.0
10109862MOREIRAR_2026-01-09_G37,10109862MOREIRAR,2026-01-09,"140922, 117821",2,30,20,330.0
10109862MOREIRAR_2026-01-09_G38,10109862MOREIRAR,2026-01-09,111743,2,12,7,68.0
10109862MOREIRAR_2026-01-09_G39,10109862MOREIRAR,2026-01-09,117808,1,71,0,175.0
10109862MOREIRAR_2026-01-09_G40,10109862MOREIRAR,2026-01-09,110372,2,126,27,282.0
10109862MOREIRAR_2026-01-09_G41,10109862MOREIRAR,2026-01-09,118299,1,89,0,300.0
10109862MOREIRAR_2026-01-09_G42,10109862MOREIRAR,2026-01-09,117820,1,80,0,492.0
10109862MOREIRAR_2026-01-09_G43,10109862MOREIRAR,2026-01-09,111466,1,2,0,391.0
10109862MOREIRAR_2026-01-09_G44,10109862MOREIRAR,2026-01-09,111468,1,6,0,194.0
10109862MOREIRAR_2026-01-09_G45,10109862MOREIRAR,2026-01-09,141823,1,5,0,104.0
10109862MOREIRAR_2026-01-09_G46,10109862MOREIRAR,2026-01-09,111463,1,110,0,600.0
10109862MOREIRAR_2026-01-09_G47,10109862MOREIRAR,2026-01-09,111443,1,10,0,89.0
10109862MOREIRAR_2026-01-09_G48,10109862MOREIRAR,2026-01-09,110745,1,8,0,100.0
10109862MOREIRAR_2026-01-09_G49,10109862MOREIRAR,2026-01-09,111469,1,90,0,382.0
10109862MOREIRAR_2026-01-09_G50,10109862MOREIRAR,2026-01-09,111431,1,10,0,195.0
10109862MOREIRAR_2026-01-09_G51,10109862MOREIRAR,2026-01-09,111465,1,9,0,70.0
10109862MOREIRAR_2026-01-09_G52,10109862MOREIRAR,2026-01-09,111469,1,2,0,54.0
10109862MOREIRAR_2026-01-10_G02,10109862MOREIRAR,2026-01-10,107830,1,7,0,165.0
10109862MOREIRAR_2026-01-10_G03,10109862MOREIRAR,2026-01-10,110740,1,30,0,241.0
10109862MOREIRAR_2026-01-10_G04,10109862MOREIRAR,2026-01-10,111330,1,2,0,248.0
10109862MOREIRAR_2026-01-10_G05,10109862MOREIRAR,2026-01-10,111462,1,62,0,668.0
10109862MOREIRAR_2026-01-10_G06,10109862MOREIRAR,2026-01-10,118094,1,35,0,1684.0
10109862MOREIRAR_2026-01-10_G07,10109862MOREIRAR,2026-01-10,111467,1,40,0,172.0
10109862MOREIRAR_2026-01-10_G08,10109862MOREIRAR,2026-01-10,118298,1,20,0,423.0
10109862MOREIRAR_2026-01-10_G09,10109862MOREIRAR,2026-01-10,117786,1,30,0,283.0
10109862MOREIRAR_2026-01-10_G10,10109862MOREIRAR,2026-01-10,117809,1,120,0,847.0
10109862MOREIRAR_2026-01-10_G11,10109862MOREIRAR,2026-01-10,118299,1,300,0,1101.0
10109862MOREIRAR_2026-01-10_G12,10109862MOREIRAR,2026-01-10,117822,1,80,0,662.0
10109862MOREIRAR_2026-01-11_G02,10109862MOREIRAR,2026-01-11,107888,2,3,6,399.0
10109862MOREIRAR_2026-01-11_G03,10109862MOREIRAR,2026-01-11,111569,1,3,0,306.0
10109862MOREIRAR_2026-01-11_G04,10109862MOREIRAR,2026-01-11,111569,1,2,0,42.0
10109862MOREIRAR_2026-01-11_G05,10109862MOREIRAR,2026-01-11,110841,1,1,0,122.0
10109862MOREIRAR_2026-01-11_G06,10109862MOREIRAR,2026-01-11,110895,1,5,0,71.0
10109862MOREIRAR_2026-01-11_G07,10109862MOREIRAR,2026-01-11,109471,2,2,7,109.0
10109862MOREIRAR_2026-01-11_G08,10109862MOREIRAR,2026-01-11,110747,2,3,8,47.0
10109862MOREIRAR_2026-01-11_G09,10109862MOREIRAR,2026-01-11,118417,2,3,7,73.0
10109862MOREIRAR_2026-01-11_G10,10109862MOREIRAR,2026-01-11,118290,1,1,0,131.0
10109862MOREIRAR_2026-01-11_G11,10109862MOREIRAR,2026-01-11,105359,2,2,7,55.0
10109862MOREIRAR_2026-01-11_G12,10109862MOREIRAR,2026-01-11,100334,2,3,7,56.0
10109862MOREIRAR_2026-01-11_G13,10109862MOREIRAR,2026-01-11,110623,2,4,8,106.0
10109862MOREIRAR_2026-01-11_G14,10109862MOREIRAR,2026-01-11,110582,2,2,7,61.0
10109862MOREIRAR_2026-01-11_G15,10109862MOREIRAR,2026-01-11,117788,2,2,8,209.0
10109862MOREIRAR_2026-01-11_G16,10109862MOREIRAR,2026-01-11,110313,2,36,7,145.0
10109862MOREIRAR_2026-01-11_G17,10109862MOREIRAR,2026-01-11,107629,2,6,6,251.0
10109862MOREIRAR_2026-01-11_G18,10109862MOREIRAR,2026-01-11,109647,1,1,0,123.0
10109862MOREIRAR_2026-01-11_G19,10109862MOREIRAR,2026-01-11,111650,1,2,0,41.0
10109862MOREIRAR_2026-01-11_G20,10109862MOREIRAR,2026-01-11,111650,1,1,0,432.0
10109862MOREIRAR_2026-01-11_G21,10109862MOREIRAR,2026-01-11,111467,1,2,0,31.0
10109862MOREIRAR_2026-01-11_G22,10109862MOREIRAR,2026-01-11,110753,1,1,0,47.0
10109862MOREIRAR_2026-01-11_G23,10109862MOREIRAR,2026-01-11,140923,1,21,0,182.0
10109862MOREIRAR_2026-01-11_G24,10109862MOREIRAR,2026-01-11,142045,1,2,0,1259.0
10109862MOREIRAR_2026-01-11_G25,10109862MOREIRAR,2026-01-11,142045,1,18,0,268.0
10109862MOREIRAR_2026-01-11_G26,10109862MOREIRAR,2026-01-11,117862,1,6,0,101.0
10109862MOREIRAR_2026-01-11_G27,10109862MOREIRAR,2026-01-11,110733,1,6,0,137.0
10109862MOREIRAR_2026-01-11_G28,10109862MOREIRAR,2026-01-11,118094,1,2,0,113.0
10109862MOREIRAR_2026-01-11_G29,10109862MOREIRAR,2026-01-11,111530,1,8,0,180.0
10109862MOREIRAR_2026-01-11_G30,10109862MOREIRAR,2026-01-11,117855,2,8,8,50.0
10109862MOREIRAR_2026-01-11_G31,10109862MOREIRAR,2026-01-11,117808,1,25,0,548.0
10109862MOREIRAR_2026-01-11_G32,10109862MOREIRAR,2026-01-11,118140,1,8,0,83.0
10109862MOREIRAR_2026-01-11_G33,10109862MOREIRAR,2026-01-11,111418,1,39,0,138.0
10109862MOREIRAR_2026-01-11_G34,10109862MOREIRAR,2026-01-11,117821,1,4,0,104.0
10109862MOREIRAR_2026-01-11_G35,10109862MOREIRAR,2026-01-11,111466,1,6,0,69.0
10109862MOREIRAR_2026-01-11_G36,10109862MOREIRAR,2026-01-11,111466,1,2,0,72.0
10109862MOREIRAR_2026-01-11_G37,10109862MOREIRAR,2026-01-11,111468,1,2,0,97.0
10109862MOREIRAR_2026-01-11_G38,10109862MOREIRAR,2026-01-11,111463,1,24,0,406.0
10109862MOREIRAR_2026-01-11_G39,10109862MOREIRAR,2026-01-11,141458,1,6,0,143.0
10109862MOREIRAR_2026-01-11_G40,10109862MOREIRAR,2026-01-11,111469,1,3,0,55.0
10109862MOREIRAR_2026-01-11_G41,10109862MOREIRAR,2026-01-11,110895,1,12,0,210.0
10109862MOREIRAR_2026-01-11_G42,10109862MOREIRAR,2026-01-11,117836,1,4,0,114.0
10109862MOREIRAR_2026-01-11_G43,10109862MOREIRAR,2026-01-11,110313,1,3,0,141.0
10109862MOREIRAR_2026-01-11_G44,10109862MOREIRAR,2026-01-11,141047,1,6,0,735.0
10109862MOREIRAR_2026-01-11_G45,10109862MOREIRAR,2026-01-11,107629,1,3,0,67.0
10109862MOREIRAR_2026-01-12_G02,10109862MOREIRAR,2026-01-12,110339,1,12,0,303.0
10109862MOREIRAR_2026-01-12_G03,10109862MOREIRAR,2026-01-12,117853,1,8,0,88.0
10109862MOREIRAR_2026-01-12_G04,10109862MOREIRAR,2026-01-12,140923,1,42,0,226.0
10109862MOREIRAR_2026-01-12_G05,10109862MOREIRAR,2026-01-12,"111466, 107830",2,51,18,581.0
10109862MOREIRAR_2026-01-12_G06,10109862MOREIRAR,2026-01-12,110375,1,4,0,555.0
10109862MOREIRAR_2026-01-12_G07,10109862MOREIRAR,2026-01-12,110373,1,167,0,1027.0
10109862MOREIRAR_2026-01-12_G08,10109862MOREIRAR,2026-01-12,118140,1,23,0,1075.0
10109862MOREIRAR_2026-01-12_G09,10109862MOREIRAR,2026-01-12,117785,1,116,0,529.0
10109862MOREIRAR_2026-01-12_G10,10109862MOREIRAR,2026-01-12,111462,1,14,0,199.0
10109862MOREIRAR_2026-01-12_G11,10109862MOREIRAR,2026-01-12,111418,1,136,0,488.0
10109862MOREIRAR_2026-01-12_G12,10109862MOREIRAR,2026-01-12,117821,1,16,0,464.0
10109862MOREIRAR_2026-01-12_G13,10109862MOREIRAR,2026-01-12,111466,1,28,0,651.0
10109862MOREIRAR_2026-01-12_G14,10109862MOREIRAR,2026-01-12,117835,1,1,0,50.0
10109862MOREIRAR_2026-01-12_G15,10109862MOREIRAR,2026-01-12,141823,1,4,0,58.0
10109862MOREIRAR_2026-01-12_G16,10109862MOREIRAR,2026-01-12,111463,1,40,0,517.0
10109862MOREIRAR_2026-01-12_G17,10109862MOREIRAR,2026-01-12,"111469, 117831",2,36,21,327.0
10109862MOREIRAR_2026-01-12_G18,10109862MOREIRAR,2026-01-12,117832,1,6,0,196.0
10109862MOREIRAR_2026-01-12_G19,10109862MOREIRAR,2026-01-12,117820,1,125,0,914.0
10109862MOREIRAR_2026-01-12_G21,10109862MOREIRAR,2026-01-12,111348,1,5,0,81.0
10109862MOREIRAR_2026-01-12_G22,10109862MOREIRAR,2026-01-12,111532,1,490,0,1431.0
10109862MOREIRAR_2026-01-12_G23,10109862MOREIRAR,2026-01-12,111182,1,4,0,213.0
10109862MOREIRAR_2026-01-12_G24,10109862MOREIRAR,2026-01-12,109645,1,10,0,82.0
10109862MOREIRAR_2026-01-12_G25,10109862MOREIRAR,2026-01-12,108798,1,20,0,139.0
10109862MOREIRAR_2026-01-12_G26,10109862MOREIRAR,2026-01-12,111431,1,2,0,50.0
10109862MOREIRAR_2026-01-12_G27,10109862MOREIRAR,2026-01-12,142045,1,7,0,1186.0
10109862MOREIRAR_2026-01-12_G28,10109862MOREIRAR,2026-01-12,111569,1,5,0,59.0
10109862MOREIRAR_2026-01-12_G29,10109862MOREIRAR,2026-01-12,111438,1,2,0,53.0
10109862MOREIRAR_2026-01-12_G30,10109862MOREIRAR,2026-01-12,111439,1,2,0,87.0
10109862MOREIRAR_2026-01-12_G31,10109862MOREIRAR,2026-01-12,117855,1,14,0,112.0
10109862MOREIRAR_2026-01-12_G32,10109862MOREIRAR,2026-01-12,118094,1,4,0,62.0
10109862MOREIRAR_2026-01-12_G33,10109862MOREIRAR,2026-01-12,118306,1,6,0,139.0
10109862MOREIRAR_2026-01-12_G34,10109862MOREIRAR,2026-01-12,110895,1,9,0,185.0
10109862MOREIRAR_2026-01-12_G35,10109862MOREIRAR,2026-01-12,140923,1,22,0,615.0
10109862MOREIRAR_2026-01-12_G36,10109862MOREIRAR,2026-01-12,110313,1,4,0,365.0
10109862MOREIRAR_2026-01-12_G37,10109862MOREIRAR,2026-01-12,110339,1,12,0,197.0
10109862MOREIRAR_2026-01-12_G38,10109862MOREIRAR,2026-01-12,116527,1,2,0,457.0
10109862MOREIRAR_2026-01-12_G39,10109862MOREIRAR,2026-01-12,110747,1,4,0,62.0
10109862MOREIRAR_2026-01-12_G40,10109862MOREIRAR,2026-01-12,141916,1,4,0,237.0
10109862MOREIRAR_2026-01-12_G41,10109862MOREIRAR,2026-01-12,110755,1,16,0,267.0
10109862MOREIRAR_2026-01-12_G42,10109862MOREIRAR,2026-01-12,111743,1,6,0,445.0
10109862MOREIRAR_2026-01-12_G43,10109862MOREIRAR,2026-01-12,105705,2,8,6,156.0
10109862MOREIRAR_2026-01-12_G44,10109862MOREIRAR,2026-01-12,111348,1,14,0,117.0
10109862MOREIRAR_2026-01-12_G45,10109862MOREIRAR,2026-01-12,111532,1,8,0,66.0
10109862MOREIRAR_2026-01-12_G46,10109862MOREIRAR,2026-01-12,118140,1,10,0,195.0
10109862MOREIRAR_2026-01-12_G47,10109862MOREIRAR,2026-01-12,111462,1,16,0,230.0
10109862MOREIRAR_2026-01-12_G48,10109862MOREIRAR,2026-01-12,111418,1,68,0,405.0
10109862MOREIRAR_2026-01-13_G02,10109862MOREIRAR,2026-01-13,110373,1,3,0,41.0
10109862MOREIRAR_2026-01-13_G03,10109862MOREIRAR,2026-01-13,110373,1,54,0,230.0
10109862MOREIRAR_2026-01-13_G04,10109862MOREIRAR,2026-01-13,118299,1,82,0,190.0
10109862MOREIRAR_2026-01-13_G05,10109862MOREIRAR,2026-01-13,117808,1,115,0,433.0
10109862MOREIRAR_2026-01-13_G06,10109862MOREIRAR,2026-01-13,110371,1,2,0,135.0
10109862MOREIRAR_2026-01-13_G07,10109862MOREIRAR,2026-01-13,117820,1,29,0,64.0
10109862MOREIRAR_2026-01-13_G08,10109862MOREIRAR,2026-01-13,107830,1,2,0,182.0
10109862MOREIRAR_2026-01-13_G09,10109862MOREIRAR,2026-01-13,111182,1,6,0,122.0
10109862MOREIRAR_2026-01-13_G10,10109862MOREIRAR,2026-01-13,109645,1,8,0,75.0
10109862MOREIRAR_2026-01-13_G11,10109862MOREIRAR,2026-01-13,111468,1,5,0,50.0
10109862MOREIRAR_2026-01-13_G12,10109862MOREIRAR,2026-01-13,117785,2,10,6,254.0
10109862MOREIRAR_2026-01-13_G13,10109862MOREIRAR,2026-01-13,111463,1,12,0,201.0
10109862MOREIRAR_2026-01-13_G14,10109862MOREIRAR,2026-01-13,141458,1,5,0,56.0
10109862MOREIRAR_2026-01-13_G15,10109862MOREIRAR,2026-01-13,111469,1,2,0,33.0
10109862MOREIRAR_2026-01-13_G16,10109862MOREIRAR,2026-01-13,111469,1,16,0,68.0
10109862MOREIRAR_2026-01-13_G17,10109862MOREIRAR,2026-01-13,141456,1,19,0,203.0
10109862MOREIRAR_2026-01-13_G18,10109862MOREIRAR,2026-01-13,141367,1,4,0,1419.0
10109862MOREIRAR_2026-01-13_G19,10109862MOREIRAR,2026-01-13,111112,1,4,0,151.0
10109862MOREIRAR_2026-01-13_G20,10109862MOREIRAR,2026-01-13,111861,1,1,0,152.0
10109862MOREIRAR_2026-01-13_G21,10109862MOREIRAR,2026-01-13,110841,1,3,0,1599.0
10109862MOREIRAR_2026-01-13_G22,10109862MOREIRAR,2026-01-13,110895,1,13,0,78.0
10109862MOREIRAR_2026-01-13_G23,10109862MOREIRAR,2026-01-13,110747,1,4,0,75.0
10109862MOREIRAR_2026-01-13_G24,10109862MOREIRAR,2026-01-13,141916,1,4,0,154.0
10109862MOREIRAR_2026-01-13_G25,10109862MOREIRAR,2026-01-13,109495,1,4,0,297.0
10109862MOREIRAR_2026-01-13_G26,10109862MOREIRAR,2026-01-13,117808,1,20,0,249.0
10109862MOREIRAR_2026-01-13_G27,10109862MOREIRAR,2026-01-13,110372,1,30,0,300.0
10109862MOREIRAR_2026-01-13_G28,10109862MOREIRAR,2026-01-13,110373,1,20,0,164.0
10109862MOREIRAR_2026-01-13_G29,10109862MOREIRAR,2026-01-13,141202,1,40,0,338.0
10109862MOREIRAR_2026-01-13_G30,10109862MOREIRAR,2026-01-13,110371,1,20,0,184.0
10109862MOREIRAR_2026-01-13_G31,10109862MOREIRAR,2026-01-13,117840,1,20,0,266.0
10109862MOREIRAR_2026-01-13_G32,10109862MOREIRAR,2026-01-13,117820,1,30,0,431.0
10109862MOREIRAR_2026-01-13_G33,10109862MOREIRAR,2026-01-13,110375,1,10,0,72.0
10109862MOREIRAR_2026-01-13_G35,10109862MOREIRAR,2026-01-13,111532,1,120,0,847.0
10109862MOREIRAR_2026-01-13_G36,10109862MOREIRAR,2026-01-13,110373,1,95,0,375.0
10109862MOREIRAR_2026-01-13_G37,10109862MOREIRAR,2026-01-13,117830,1,200,0,296.0
10109862MOREIRAR_2026-01-13_G38,10109862MOREIRAR,2026-01-13,111441,1,38,0,1699.0
10109862MOREIRAR_2026-01-13_G39,10109862MOREIRAR,2026-01-13,108701,1,12,0,272.0
10109862MOREIRAR_2026-01-13_G40,10109862MOREIRAR,2026-01-13,110753,1,71,0,232.0
10109862MOREIRAR_2026-01-13_G41,10109862MOREIRAR,2026-01-13,110743,1,140,0,550.0
10109862MOREIRAR_2026-01-13_G42,10109862MOREIRAR,2026-01-13,141456,1,500,0,1983.0
10109862MOREIRAR_2026-01-13_G43,10109862MOREIRAR,2026-01-13,142045,1,8,0,1653.0
10109862MOREIRAR_2026-01-13_G44,10109862MOREIRAR,2026-01-13,111430,1,2,0,69.0
10109862MOREIRAR_2026-01-13_G45,10109862MOREIRAR,2026-01-13,"117835, 110747",2,8,30,67.0
10109862MOREIRAR_2026-01-13_G46,10109862MOREIRAR,2026-01-13,141916,1,6,0,197.0
10109862MOREIRAR_2026-01-13_G47,10109862MOREIRAR,2026-01-13,118290,1,2,0,56.0
10109862MOREIRAR_2026-01-13_G48,10109862MOREIRAR,2026-01-13,140911,1,3,0,50.0
10109862MOREIRAR_2026-01-13_G49,10109862MOREIRAR,2026-01-13,110582,1,3,0,114.0
10109862MOREIRAR_2026-01-13_G50,10109862MOREIRAR,2026-01-13,110733,1,13,0,463.0
10109862MOREIRAR_2026-01-13_G51,10109862MOREIRAR,2026-01-13,117855,1,11,0,86.0
10109862MOREIRAR_2026-01-13_G52,10109862MOREIRAR,2026-01-13,118094,1,10,0,102.0
10109862MOREIRAR_2026-01-13_G53,10109862MOREIRAR,2026-01-13,111467,1,4,0,108.0
10109862MOREIRAR_2026-01-13_G54,10109862MOREIRAR,2026-01-13,117862,2,3,6,65.0
10109862MOREIRAR_2026-01-13_G55,10109862MOREIRAR,2026-01-13,140923,1,14,0,156.0
10109862MOREIRAR_2026-01-14_G02,10109862MOREIRAR,2026-01-14,117786,1,4,0,68.0
10109862MOREIRAR_2026-01-14_G03,10109862MOREIRAR,2026-01-14,110339,1,4,0,36.0
10109862MOREIRAR_2026-01-14_G04,10109862MOREIRAR,2026-01-14,141352,1,4,0,77.0
10109862MOREIRAR_2026-01-14_G05,10109862MOREIRAR,2026-01-14,111743,1,1,0,432.0
10109862MOREIRAR_2026-01-14_G06,10109862MOREIRAR,2026-01-14,105705,1,3,0,169.0
10109862MOREIRAR_2026-01-14_G07,10109862MOREIRAR,2026-01-14,108794,1,7,0,76.0
10109862MOREIRAR_2026-01-14_G08,10109862MOREIRAR,2026-01-14,118140,1,20,0,92.0
10109862MOREIRAR_2026-01-14_G09,10109862MOREIRAR,2026-01-14,"118140, 117831",2,23,14,283.0
10109862MOREIRAR_2026-01-14_G10,10109862MOREIRAR,2026-01-14,111462,1,9,0,62.0
10109862MOREIRAR_2026-01-14_G11,10109862MOREIRAR,2026-01-14,110751,1,4,0,79.0
10109862MOREIRAR_2026-01-14_G12,10109862MOREIRAR,2026-01-14,140922,1,9,0,81.0
10109862MOREIRAR_2026-01-14_G13,10109862MOREIRAR,2026-01-14,117821,1,5,0,38.0
10109862MOREIRAR_2026-01-14_G14,10109862MOREIRAR,2026-01-14,109645,1,3,0,63.0
10109862MOREIRAR_2026-01-14_G15,10109862MOREIRAR,2026-01-14,111466,1,3,0,128.0
10109862MOREIRAR_2026-01-14_G16,10109862MOREIRAR,2026-01-14,111468,1,12,0,94.0
10109862MOREIRAR_2026-01-14_G17,10109862MOREIRAR,2026-01-14,111532,1,20,0,195.0
10109862MOREIRAR_2026-01-14_G18,10109862MOREIRAR,2026-01-14,109641,1,6,0,209.0
10109862MOREIRAR_2026-01-14_G19,10109862MOREIRAR,2026-01-14,"111443, 108798",2,4,27,108.0
10109862MOREIRAR_2026-01-14_G20,10109862MOREIRAR,2026-01-14,111463,1,20,0,106.0
10109862MOREIRAR_2026-01-14_G21,10109862MOREIRAR,2026-01-14,118223,1,4,0,38.0
10109862MOREIRAR_2026-01-14_G22,10109862MOREIRAR,2026-01-14,141458,1,4,0,44.0
10109862MOREIRAR_2026-01-14_G23,10109862MOREIRAR,2026-01-14,111469,1,3,0,51.0
10109862MOREIRAR_2026-01-14_G24,10109862MOREIRAR,2026-01-14,111465,1,8,0,78.0
10109862MOREIRAR_2026-01-14_G25,10109862MOREIRAR,2026-01-14,"110740, 111743",2,17,16,335.0
10109862MOREIRAR_2026-01-14_G26,10109862MOREIRAR,2026-01-14,100334,1,6,0,1937.0
10109862MOREIRAR_2026-01-14_G27,10109862MOREIRAR,2026-01-14,110733,2,5,16,192.0
10109862MOREIRAR_2026-01-14_G28,10109862MOREIRAR,2026-01-14,117862,2,6,6,75.0
10109862MOREIRAR_2026-01-14_G29,10109862MOREIRAR,2026-01-14,141047,1,4,0,118.0
10109862MOREIRAR_2026-01-14_G30,10109862MOREIRAR,2026-01-14,117833,1,20,0,1539.0
10109862MOREIRAR_2026-01-14_G31,10109862MOREIRAR,2026-01-14,"105705, 111348",3,18,24,381.0
10109862MOREIRAR_2026-01-14_G32,10109862MOREIRAR,2026-01-14,118140,1,8,0,84.0
10109862MOREIRAR_2026-01-14_G33,10109862MOREIRAR,2026-01-14,117831,1,14,0,128.0
10109862MOREIRAR_2026-01-14_G34,10109862MOREIRAR,2026-01-14,110743,1,4,0,325.0
10109862MOREIRAR_2026-01-14_G35,10109862MOREIRAR,2026-01-14,109645,2,4,7,111.0
10109862MOREIRAR_2026-01-14_G36,10109862MOREIRAR,2026-01-14,141458,1,10,0,253.0
10109862MOREIRAR_2026-01-14_G37,10109862MOREIRAR,2026-01-14,111431,1,4,0,116.0
10109862MOREIRAR_2026-01-14_G38,10109862MOREIRAR,2026-01-14,110372,1,50,0,443.0
10109862MOREIRAR_2026-01-14_G39,10109862MOREIRAR,2026-01-14,117808,1,100,0,231.0
10109862MOREIRAR_2026-01-14_G40,10109862MOREIRAR,2026-01-14,110373,1,1,0,128.0
10109862MOREIRAR_2026-01-14_G41,10109862MOREIRAR,2026-01-14,117808,1,80,0,360.0
10109862MOREIRAR_2026-01-14_G42,10109862MOREIRAR,2026-01-14,"117808, 110373",5,29,51,78.0
10109862MOREIRAR_2026-01-14_G43,10109862MOREIRAR,2026-01-14,118299,2,98,17,314.0
10109862MOREIRAR_2026-01-14_G45,10109862MOREIRAR,2026-01-14,110895,1,10,0,198.0
10109862MOREIRAR_2026-01-14_G46,10109862MOREIRAR,2026-01-14,141916,1,15,0,208.0
10109862MOREIRAR_2026-01-14_G47,10109862MOREIRAR,2026-01-14,111876,1,1,0,1551.0
10109862MOREIRAR_2026-01-14_G48,10109862MOREIRAR,2026-01-14,111467,1,40,0,145.0
10109862MOREIRAR_2026-01-14_G49,10109862MOREIRAR,2026-01-14,117788,1,5,0,245.0
10109862MOREIRAR_2026-01-14_G50,10109862MOREIRAR,2026-01-14,117862,1,11,0,153.0
10109862MOREIRAR_2026-01-14_G51,10109862MOREIRAR,2026-01-14,117855,1,12,0,142.0
10109862MOREIRAR_2026-01-14_G52,10109862MOREIRAR,2026-01-14,108794,1,10,0,158.0
10109862MOREIRAR_2026-01-14_G53,10109862MOREIRAR,2026-01-14,118140,1,60,0,154.0
10109862MOREIRAR_2026-01-14_G54,10109862MOREIRAR,2026-01-14,117831,1,50,0,1019.0
10109862MOREIRAR_2026-01-14_G55,10109862MOREIRAR,2026-01-14,111462,1,40,0,2218.0
10109862MOREIRAR_2026-01-14_G56,10109862MOREIRAR,2026-01-14,140922,1,20,0,431.0
10109862MOREIRAR_2026-01-14_G57,10109862MOREIRAR,2026-01-14,111418,1,100,0,712.0
10109862MOREIRAR_2026-01-14_G58,10109862MOREIRAR,2026-01-14,111466,2,102,11,378.0
10109862MOREIRAR_2026-01-14_G59,10109862MOREIRAR,2026-01-14,117787,1,4,0,649.0
10109862MOREIRAR_2026-01-14_G60,10109862MOREIRAR,2026-01-14,141456,1,23,0,317.0
10109862MOREIRAR_2026-01-14_G61,10109862MOREIRAR,2026-01-14,110373,1,150,0,1581.0
10109862MOREIRAR_2026-01-14_G62,10109862MOREIRAR,2026-01-14,117820,1,150,0,433.0
10109862MOREIRAR_2026-01-15_G02,10109862MOREIRAR,2026-01-15,117808,1,600,0,1270.0
10109862MOREIRAR_2026-01-15_G03,10109862MOREIRAR,2026-01-15,111441,1,14,0,1555.0
10109862MOREIRAR_2026-01-15_G04,10109862MOREIRAR,2026-01-15,118094,1,69,0,2046.0
10109862MOREIRAR_2026-01-15_G05,10109862MOREIRAR,2026-01-15,110742,1,50,0,517.0
10109862MOREIRAR_2026-01-15_G06,10109862MOREIRAR,2026-01-15,110373,1,500,0,1936.0
10109862MOREIRAR_2026-01-15_G07,10109862MOREIRAR,2026-01-15,107263,1,20,0,444.0
10109862MOREIRAR_2026-01-15_G08,10109862MOREIRAR,2026-01-15,108795,1,200,0,428.0
10109862MOREIRAR_2026-01-15_G09,10109862MOREIRAR,2026-01-15,140922,1,100,0,444.0
10109862MOREIRAR_2026-01-15_G10,10109862MOREIRAR,2026-01-15,111434,1,11,0,398.0
10109862MOREIRAR_2026-01-15_G11,10109862MOREIRAR,2026-01-15,110740,1,200,0,442.0
10109862MOREIRAR_2026-01-15_G13,10109862MOREIRAR,2026-01-15,117837,1,11,0,462.0
10109862MOREIRAR_2026-01-15_G14,10109862MOREIRAR,2026-01-15,111467,1,4,0,68.0
10109862MOREIRAR_2026-01-15_G15,10109862MOREIRAR,2026-01-15,110753,1,4,0,118.0
10109862MOREIRAR_2026-01-15_G16,10109862MOREIRAR,2026-01-15,117862,1,4,0,95.0
10109862MOREIRAR_2026-01-15_G17,10109862MOREIRAR,2026-01-15,118298,1,4,0,64.0
10109862MOREIRAR_2026-01-15_G18,10109862MOREIRAR,2026-01-15,110313,1,16,0,311.0
10109862MOREIRAR_2026-01-15_G19,10109862MOREIRAR,2026-01-15,141047,1,8,0,165.0
10109862MOREIRAR_2026-01-15_G20,10109862MOREIRAR,2026-01-15,117861,1,4,0,65.0
10109862MOREIRAR_2026-01-15_G21,10109862MOREIRAR,2026-01-15,117856,1,16,0,182.0
10109862MOREIRAR_2026-01-15_G22,10109862MOREIRAR,2026-01-15,117786,1,4,0,78.0
10109862MOREIRAR_2026-01-15_G23,10109862MOREIRAR,2026-01-15,110733,1,8,0,229.0
10109862MOREIRAR_2026-01-15_G24,10109862MOREIRAR,2026-01-15,110339,1,12,0,155.0
10109862MOREIRAR_2026-01-15_G25,10109862MOREIRAR,2026-01-15,109647,1,3,0,281.0
10109862MOREIRAR_2026-01-15_G26,10109862MOREIRAR,2026-01-15,117855,1,16,0,132.0
10109862MOREIRAR_2026-01-15_G27,10109862MOREIRAR,2026-01-15,110752,1,4,0,93.0
10109862MOREIRAR_2026-01-15_G28,10109862MOREIRAR,2026-01-15,111465,1,8,0,1230.0
10109862MOREIRAR_2026-01-15_G29,10109862MOREIRAR,2026-01-15,117787,1,6,0,76.0
10109862MOREIRAR_2026-01-15_G30,10109862MOREIRAR,2026-01-15,110372,1,80,0,169.0
10109862MOREIRAR_2026-01-15_G31,10109862MOREIRAR,2026-01-15,117808,1,42,0,547.0
10109862MOREIRAR_2026-01-15_G32,10109862MOREIRAR,2026-01-15,117832,1,4,0,769.0
10109862MOREIRAR_2026-01-15_G33,10109862MOREIRAR,2026-01-15,111530,1,4,0,551.0
10109862MOREIRAR_2026-01-15_G34,10109862MOREIRAR,2026-01-15,110319,1,1,0,585.0
10109862MOREIRAR_2026-01-15_G35,10109862MOREIRAR,2026-01-15,141695,1,4,0,624.0
10109862MOREIRAR_2026-01-15_G36,10109862MOREIRAR,2026-01-15,142045,1,30,0,169.0
10109862MOREIRAR_2026-01-15_G38,10109862MOREIRAR,2026-01-15,115775,1,4,0,105.0
10109862MOREIRAR_2026-01-15_G39,10109862MOREIRAR,2026-01-15,110747,1,14,0,206.0
10109862MOREIRAR_2026-01-16_G02,10109862MOREIRAR,2026-01-16,111418,1,20,0,255.0
10109862MOREIRAR_2026-01-16_G03,10109862MOREIRAR,2026-01-16,117809,1,20,0,479.0
10109862MOREIRAR_2026-01-16_G04,10109862MOREIRAR,2026-01-16,117820,1,20,0,165.0
10109862MOREIRAR_2026-01-16_G05,10109862MOREIRAR,2026-01-16,117808,1,20,0,164.0
10109862MOREIRAR_2026-01-16_G06,10109862MOREIRAR,2026-01-16,110371,1,10,0,114.0
10109862MOREIRAR_2026-01-16_G07,10109862MOREIRAR,2026-01-16,111530,1,39,0,354.0
10109862MOREIRAR_2026-01-16_G08,10109862MOREIRAR,2026-01-16,110623,1,4,0,875.0
10109862MOREIRAR_2026-01-16_G09,10109862MOREIRAR,2026-01-16,110313,1,8,0,237.0
10109862MOREIRAR_2026-01-16_G10,10109862MOREIRAR,2026-01-16,110313,1,8,0,130.0
10109862MOREIRAR_2026-01-16_G11,10109862MOREIRAR,2026-01-16,141202,1,40,0,3071.0
10109862MOREIRAR_2026-01-16_G12,10109862MOREIRAR,2026-01-16,117840,1,10,0,924.0
10109862MOREIRAR_2026-01-16_G13,10109862MOREIRAR,2026-01-16,118277,1,20,0,421.0
10109862MOREIRAR_2026-01-16_G14,10109862MOREIRAR,2026-01-16,118281,1,10,0,157.0
10109862MOREIRAR_2026-01-16_G15,10109862MOREIRAR,2026-01-16,107830,1,40,0,2303.0
10109862MOREIRAR_2026-01-16_G17,10109862MOREIRAR,2026-01-16,111447,1,2,0,139.0
10109862MOREIRAR_2026-01-16_G18,10109862MOREIRAR,2026-01-16,111438,1,2,0,61.0
10109862MOREIRAR_2026-01-16_G19,10109862MOREIRAR,2026-01-16,118094,1,10,0,155.0
10109862MOREIRAR_2026-01-16_G20,10109862MOREIRAR,2026-01-16,117837,1,17,0,156.0
10109862MOREIRAR_2026-01-16_G21,10109862MOREIRAR,2026-01-16,111467,1,10,0,880.0
10109862MOREIRAR_2026-01-16_G22,10109862MOREIRAR,2026-01-16,117835,1,2,0,51.0
10109862MOREIRAR_2026-01-16_G23,10109862MOREIRAR,2026-01-16,110895,1,10,0,102.0
10109862MOREIRAR_2026-01-16_G24,10109862MOREIRAR,2026-01-16,117788,1,4,0,63.0
10109862MOREIRAR_2026-01-16_G25,10109862MOREIRAR,2026-01-16,110313,1,10,0,66.0
10109862MOREIRAR_2026-01-16_G26,10109862MOREIRAR,2026-01-16,117862,1,20,0,169.0
10109862MOREIRAR_2026-01-16_G27,10109862MOREIRAR,2026-01-16,140923,1,20,0,446.0
10109862MOREIRAR_2026-01-16_G28,10109862MOREIRAR,2026-01-16,110750,1,2,0,42.0
10109862MOREIRAR_2026-01-16_G29,10109862MOREIRAR,2026-01-16,141047,1,6,0,71.0
10109862MOREIRAR_2026-01-16_G30,10109862MOREIRAR,2026-01-16,117861,1,20,0,128.0
10109862MOREIRAR_2026-01-16_G31,10109862MOREIRAR,2026-01-16,107629,1,5,0,59.0
10109862MOREIRAR_2026-01-16_G32,10109862MOREIRAR,2026-01-16,111569,1,2,0,79.0
10109862MOREIRAR_2026-01-16_G33,10109862MOREIRAR,2026-01-16,109873,1,1,0,54.0
10109862MOREIRAR_2026-01-16_G34,10109862MOREIRAR,2026-01-16,100334,1,2,0,95.0
10109862MOREIRAR_2026-01-16_G35,10109862MOREIRAR,2026-01-16,110755,1,4,0,58.0
10109862MOREIRAR_2026-01-16_G36,10109862MOREIRAR,2026-01-16,117862,1,5,0,183.0
10109862MOREIRAR_2026-01-16_G37,10109862MOREIRAR,2026-01-16,"110623, 110582",2,11,29,184.0
10109862MOREIRAR_2026-01-16_G38,10109862MOREIRAR,2026-01-16,141352,1,10,0,43.0
10109862MOREIRAR_2026-01-16_G39,10109862MOREIRAR,2026-01-16,110339,1,14,0,172.0
10109862MOREIRAR_2026-01-16_G40,10109862MOREIRAR,2026-01-16,117855,1,16,0,130.0
10109862MOREIRAR_2026-01-16_G41,10109862MOREIRAR,2026-01-16,117856,1,30,0,370.0
10109862MOREIRAR_2026-01-16_G42,10109862MOREIRAR,2026-01-16,110372,1,140,0,783.0
10109862MOREIRAR_2026-01-16_G43,10109862MOREIRAR,2026-01-16,118299,1,100,0,259.0
10109862MOREIRAR_2026-01-16_G44,10109862MOREIRAR,2026-01-16,109643,1,5,0,307.0
10109862MOREIRAR_2026-01-16_G45,10109862MOREIRAR,2026-01-16,109643,1,15,0,107.0
10109862MOREIRAR_2026-01-16_G46,10109862MOREIRAR,2026-01-16,109643,1,20,0,61.0
10109862MOREIRAR_2026-01-16_G47,10109862MOREIRAR,2026-01-16,110373,1,50,0,778.0
10109862MOREIRAR_2026-01-16_G48,10109862MOREIRAR,2026-01-16,117830,1,20,0,458.0
10109862MOREIRAR_2026-01-16_G50,10109862MOREIRAR,2026-01-16,110372,1,13,0,140.0
10109862MOREIRAR_2026-01-16_G51,10109862MOREIRAR,2026-01-16,111743,1,10,0,116.0
10109862MOREIRAR_2026-01-16_G52,10109862MOREIRAR,2026-01-16,108794,1,12,0,122.0
10109862MOREIRAR_2026-01-16_G53,10109862MOREIRAR,2026-01-16,140922,1,2,0,43.0
10109862MOREIRAR_2026-01-16_G54,10109862MOREIRAR,2026-01-16,111462,1,8,0,52.0
10109862MOREIRAR_2026-01-16_G55,10109862MOREIRAR,2026-01-16,110751,1,5,0,62.0
10109862MOREIRAR_2026-01-17_G02,10109862MOREIRAR,2026-01-17,117808,1,500,0,632.0
10109862MOREIRAR_2026-01-17_G03,10109862MOREIRAR,2026-01-17,141202,1,12,0,211.0
10109862MOREIRAR_2026-01-17_G04,10109862MOREIRAR,2026-01-17,110371,1,50,0,134.0
10109862MOREIRAR_2026-01-17_G05,10109862MOREIRAR,2026-01-17,110373,1,50,0,554.0
10109862MOREIRAR_2026-01-17_G06,10109862MOREIRAR,2026-01-17,117830,1,12,0,134.0
10109862MOREIRAR_2026-01-17_G07,10109862MOREIRAR,2026-01-17,107830,1,10,0,103.0
10109862MOREIRAR_2026-01-17_G08,10109862MOREIRAR,2026-01-17,118299,1,220,0,194.0
10109862MOREIRAR_2026-01-17_G09,10109862MOREIRAR,2026-01-17,111466,1,30,0,547.0
10109862MOREIRAR_2026-01-17_G10,10109862MOREIRAR,2026-01-17,111532,1,37,0,276.0
10109862MOREIRAR_2026-01-17_G11,10109862MOREIRAR,2026-01-17,110740,1,4,0,103.0
10109862MOREIRAR_2026-01-17_G12,10109862MOREIRAR,2026-01-17,118140,1,12,0,115.0
10109862MOREIRAR_2026-01-17_G13,10109862MOREIRAR,2026-01-17,110745,1,2,0,200.0
10109862MOREIRAR_2026-01-17_G14,10109862MOREIRAR,2026-01-17,110895,1,4,0,1377.0
10109862MOREIRAR_2026-01-17_G15,10109862MOREIRAR,2026-01-17,141047,1,2,0,84.0
10109862MOREIRAR_2026-01-17_G16,10109862MOREIRAR,2026-01-17,117856,1,6,0,43.0
10109862MOREIRAR_2026-01-17_G17,10109862MOREIRAR,2026-01-17,117855,1,10,0,122.0
10109862MOREIRAR_2026-01-17_G18,10109862MOREIRAR,2026-01-17,110372,1,13,0,202.0
10109862MOREIRAR_2026-01-17_G19,10109862MOREIRAR,2026-01-17,111182,1,8,0,88.0
10109862MOREIRAR_2026-01-17_G20,10109862MOREIRAR,2026-01-17,117820,1,30,0,121.0
10109862MOREIRAR_2026-01-17_G21,10109862MOREIRAR,2026-01-17,109641,1,16,0,721.0
10109862MOREIRAR_2026-01-17_G22,10109862MOREIRAR,2026-01-17,111465,1,4,0,80.0
10109862MOREIRAR_2026-01-17_G23,10109862MOREIRAR,2026-01-17,110373,1,20,0,407.0
10109862MOREIRAR_2026-01-18_G02,10109862MOREIRAR,2026-01-18,111602,1,8,0,172.0
10109862MOREIRAR_2026-01-18_G03,10109862MOREIRAR,2026-01-18,111602,1,4,0,43.0
10109862MOREIRAR_2026-01-18_G04,10109862MOREIRAR,2026-01-18,111442,1,5,0,179.0
10109862MOREIRAR_2026-01-18_G05,10109862MOREIRAR,2026-01-18,117835,1,4,0,237.0
10109862MOREIRAR_2026-01-18_G06,10109862MOREIRAR,2026-01-18,117785,1,8,0,301.0
10109862MOREIRAR_2026-01-18_G07,10109862MOREIRAR,2026-01-18,117808,1,30,0,306.0
10109862MOREIRAR_2026-01-18_G08,10109862MOREIRAR,2026-01-18,109643,1,2,0,122.0
10109862MOREIRAR_2026-01-18_G09,10109862MOREIRAR,2026-01-18,118299,1,24,0,208.0
10109862MOREIRAR_2026-01-18_G10,10109862MOREIRAR,2026-01-18,111602,2,5,8,48.0
10109862MOREIRAR_2026-01-18_G11,10109862MOREIRAR,2026-01-18,111353,1,2,0,149.0
10109862MOREIRAR_2026-01-18_G12,10109862MOREIRAR,2026-01-18,117785,1,8,0,121.0
10109862MOREIRAR_2026-01-18_G13,10109862MOREIRAR,2026-01-18,117808,1,30,0,198.0
10109862MOREIRAR_2026-01-18_G14,10109862MOREIRAR,2026-01-18,111466,1,2,0,157.0
10109862MOREIRAR_2026-01-18_G15,10109862MOREIRAR,2026-01-18,111602,1,4,0,133.0
10109862MOREIRAR_2026-01-18_G16,10109862MOREIRAR,2026-01-18,"111602, 110374",2,10,22,32.0
10109862MOREIRAR_2026-01-18_G17,10109862MOREIRAR,2026-01-18,111442,1,4,0,494.0
10109862MOREIRAR_2026-01-18_G18,10109862MOREIRAR,2026-01-18,110752,1,4,0,153.0
10109862MOREIRAR_2026-01-18_G19,10109862MOREIRAR,2026-01-18,111418,1,2,0,1246.0
10109862MOREIRAR_2026-01-18_G20,10109862MOREIRAR,2026-01-18,117833,1,2,0,41.0
10109862MOREIRAR_2026-01-18_G21,10109862MOREIRAR,2026-01-18,117808,1,30,0,287.0
10109862MOREIRAR_2026-01-18_G22,10109862MOREIRAR,2026-01-18,110373,1,2,0,141.0
10109862MOREIRAR_2026-01-18_G23,10109862MOREIRAR,2026-01-18,111602,1,3,0,100.0
10109862MOREIRAR_2026-01-18_G24,10109862MOREIRAR,2026-01-18,111602,1,14,0,147.0
10109862MOREIRAR_2026-01-18_G25,10109862MOREIRAR,2026-01-18,117808,1,24,0,476.0
10109862MOREIRAR_2026-01-18_G26,10109862MOREIRAR,2026-01-18,111467,1,3,0,46.0
10109862MOREIRAR_2026-01-18_G27,10109862MOREIRAR,2026-01-18,111441,1,2,0,133.0
10109862MOREIRAR_2026-01-18_G28,10109862MOREIRAR,2026-01-18,111569,1,2,0,84.0
10109862MOREIRAR_2026-01-18_G29,10109862MOREIRAR,2026-01-18,110623,1,2,0,114.0
10109862MOREIRAR_2026-01-18_G30,10109862MOREIRAR,2026-01-18,"117837, 111602",2,6,23,139.0
10109862MOREIRAR_2026-01-18_G31,10109862MOREIRAR,2026-01-18,111462,1,4,0,88.0
10109862MOREIRAR_2026-01-18_G32,10109862MOREIRAR,2026-01-18,110372,1,12,0,126.0
10109862MOREIRAR_2026-01-18_G33,10109862MOREIRAR,2026-01-18,109643,1,10,0,130.0
10109862MOREIRAR_2026-01-18_G34,10109862MOREIRAR,2026-01-18,111434,1,2,0,187.0
10109862MOREIRAR_2026-01-18_G35,10109862MOREIRAR,2026-01-18,109641,1,4,0,463.0
10109862MOREIRAR_2026-01-18_G36,10109862MOREIRAR,2026-01-18,111418,1,12,0,142.0
10109862MOREIRAR_2026-01-18_G37,10109862MOREIRAR,2026-01-18,111444,1,5,0,98.0
10109862MOREIRAR_2026-01-18_G38,10109862MOREIRAR,2026-01-18,117787,1,4,0,113.0
10109862MOREIRAR_2026-01-18_G39,10109862MOREIRAR,2026-01-18,117785,1,12,0,173.0
10109862MOREIRAR_2026-01-18_G40,10109862MOREIRAR,2026-01-18,117835,1,2,0,189.0
10109862MOREIRAR_2026-01-18_G41,10109862MOREIRAR,2026-01-18,108794,1,2,0,66.0
10109862MOREIRAR_2026-01-18_G42,10109862MOREIRAR,2026-01-18,140922,1,2,0,43.0
10109862MOREIRAR_2026-01-18_G43,10109862MOREIRAR,2026-01-18,117808,1,30,0,313.0
10109862MOREIRAR_2026-01-18_G44,10109862MOREIRAR,2026-01-18,117820,1,4,0,97.0
10109862MOREIRAR_2026-01-18_G45,10109862MOREIRAR,2026-01-18,111444,1,4,0,168.0
10109862MOREIRAR_2026-01-18_G47,10109862MOREIRAR,2026-01-18,111444,1,2,0,91.0
10109862MOREIRAR_2026-01-18_G48,10109862MOREIRAR,2026-01-18,117808,1,20,0,166.0
10109862MOREIRAR_2026-01-18_G49,10109862MOREIRAR,2026-01-18,110373,1,2,0,93.0
10109862MOREIRAR_2026-01-18_G50,10109862MOREIRAR,2026-01-18,111569,1,4,0,188.0
10109862MOREIRAR_2026-01-19_G02,10109862MOREIRAR,2026-01-19,111469,1,2,0,71.0
10109862MOREIRAR_2026-01-19_G03,10109862MOREIRAR,2026-01-19,117808,1,12,0,65.0
10109862MOREIRAR_2026-01-19_G04,10109862MOREIRAR,2026-01-19,109643,1,4,0,118.0
10109862MOREIRAR_2026-01-19_G05,10109862MOREIRAR,2026-01-19,109643,1,12,0,162.0
10109862MOREIRAR_2026-01-19_G06,10109862MOREIRAR,2026-01-19,107830,1,16,0,35.0
10109862MOREIRAR_2026-01-19_G07,10109862MOREIRAR,2026-01-19,111466,1,4,0,362.0
10109862MOREIRAR_2026-01-19_G08,10109862MOREIRAR,2026-01-19,117808,1,20,0,50.0
10109862MOREIRAR_2026-01-19_G09,10109862MOREIRAR,2026-01-19,110373,1,2,0,162.0
10109862MOREIRAR_2026-01-19_G10,10109862MOREIRAR,2026-01-19,118140,1,4,0,68.0
10109862MOREIRAR_2026-01-19_G11,10109862MOREIRAR,2026-01-19,111441,1,100,0,1546.0
10109862MOREIRAR_2026-01-19_G12,10109862MOREIRAR,2026-01-19,111447,1,20,0,314.0
10109862MOREIRAR_2026-01-19_G13,10109862MOREIRAR,2026-01-19,111430,1,83,0,451.0
10109862MOREIRAR_2026-01-19_G14,10109862MOREIRAR,2026-01-19,110895,1,20,0,126.0
10109862MOREIRAR_2026-01-19_G15,10109862MOREIRAR,2026-01-19,110754,1,20,0,354.0
10109862MOREIRAR_2026-01-19_G16,10109862MOREIRAR,2026-01-19,110376,1,100,0,174.0
10109862MOREIRAR_2026-01-19_G17,10109862MOREIRAR,2026-01-19,110787,2,60,27,619.0
10109862MOREIRAR_2026-01-19_G18,10109862MOREIRAR,2026-01-19,110787,1,50,0,64.0
10109862MOREIRAR_2026-01-19_G19,10109862MOREIRAR,2026-01-19,105705,1,30,0,1098.0
10109862MOREIRAR_2026-01-19_G20,10109862MOREIRAR,2026-01-19,111462,1,100,0,354.0
10109862MOREIRAR_2026-01-19_G21,10109862MOREIRAR,2026-01-19,111466,1,50,0,1261.0
10109862MOREIRAR_2026-01-19_G22,10109862MOREIRAR,2026-01-19,111172,1,30,0,332.0
10109862MOREIRAR_2026-01-19_G23,10109862MOREIRAR,2026-01-19,111418,1,80,0,255.0
10109862MOREIRAR_2026-01-19_G24,10109862MOREIRAR,2026-01-19,111469,1,50,0,244.0
10109862MOREIRAR_2026-01-19_G25,10109862MOREIRAR,2026-01-19,111431,1,30,0,206.0
10109862MOREIRAR_2026-01-19_G27,10109862MOREIRAR,2026-01-19,117820,1,300,0,566.0
10109862MOREIRAR_2026-01-19_G28,10109862MOREIRAR,2026-01-19,111466,1,100,0,277.0
10109862MOREIRAR_2026-01-19_G29,10109862MOREIRAR,2026-01-19,111468,1,14,0,505.0
10109862MOREIRAR_2026-01-19_G30,10109862MOREIRAR,2026-01-19,141457,1,30,0,153.0
10109862MOREIRAR_2026-01-19_G31,10109862MOREIRAR,2026-01-19,117862,1,50,0,274.0
10109862MOREIRAR_2026-01-19_G32,10109862MOREIRAR,2026-01-19,140923,1,180,0,328.0
10109862MOREIRAR_2026-01-19_G33,10109862MOREIRAR,2026-01-19,117861,1,56,0,503.0
10109862MOREIRAR_2026-01-19_G34,10109862MOREIRAR,2026-01-19,110339,1,56,0,150.0
10109862MOREIRAR_2026-01-19_G35,10109862MOREIRAR,2026-01-19,160052,1,2,0,979.0
10109862MOREIRAR_2026-01-19_G36,10109862MOREIRAR,2026-01-19,160051,1,2,0,90.0
10109862MOREIRAR_2026-01-19_G37,10109862MOREIRAR,2026-01-19,117836,2,6,6,128.0
10109862MOREIRAR_2026-01-19_G38,10109862MOREIRAR,2026-01-19,105705,2,6,8,54.0
10109862MOREIRAR_2026-01-19_G39,10109862MOREIRAR,2026-01-19,110747,1,12,0,275.0
10109862MOREIRAR_2026-01-19_G40,10109862MOREIRAR,2026-01-19,110746,1,2,0,136.0
10109862MOREIRAR_2026-01-19_G41,10109862MOREIRAR,2026-01-19,117836,2,9,7,212.0
10109862MOREIRAR_2026-01-19_G42,10109862MOREIRAR,2026-01-19,110747,2,4,7,61.0
10109862MOREIRAR_2026-01-19_G43,10109862MOREIRAR,2026-01-19,117786,1,2,0,134.0
10109862MOREIRAR_2026-01-19_G44,10109862MOREIRAR,2026-01-19,105705,3,8,16,88.0
10109862MOREIRAR_2026-01-19_G45,10109862MOREIRAR,2026-01-19,108794,1,1,0,79.0
10109862MOREIRAR_2026-01-19_G46,10109862MOREIRAR,2026-01-19,111743,1,15,0,686.0
10109862MOREIRAR_2026-01-19_G47,10109862MOREIRAR,2026-01-19,108794,1,15,0,133.0
10109862MOREIRAR_2026-01-19_G48,10109862MOREIRAR,2026-01-19,140922,1,4,0,56.0
10109862MOREIRAR_2026-01-19_G49,10109862MOREIRAR,2026-01-19,111462,1,15,0,65.0
10109862MOREIRAR_2026-01-19_G50,10109862MOREIRAR,2026-01-19,117821,1,24,0,190.0
10109862MOREIRAR_2026-01-19_G51,10109862MOREIRAR,2026-01-19,110743,1,2,0,126.0
10109862MOREIRAR_2026-01-19_G52,10109862MOREIRAR,2026-01-19,111466,1,2,0,168.0
10109862MOREIRAR_2026-01-19_G53,10109862MOREIRAR,2026-01-19,111468,1,37,0,377.0
10109862MOREIRAR_2026-01-19_G54,10109862MOREIRAR,2026-01-19,117838,1,16,0,95.0
10109862MOREIRAR_2026-01-19_G55,10109862MOREIRAR,2026-01-19,117833,1,13,0,153.0
10109862MOREIRAR_2026-01-19_G56,10109862MOREIRAR,2026-01-19,110740,1,6,0,111.0
10109862MOREIRAR_2026-01-19_G57,10109862MOREIRAR,2026-01-19,111602,1,3,0,728.0
10109862MOREIRAR_2026-01-19_G58,10109862MOREIRAR,2026-01-19,110895,1,5,0,101.0
10109862MOREIRAR_2026-01-19_G59,10109862MOREIRAR,2026-01-19,108795,1,8,0,106.0
10109862MOREIRAR_2026-01-19_G61,10109862MOREIRAR,2026-01-19,111876,1,6,0,143.0
10109862MOREIRAR_2026-01-19_G62,10109862MOREIRAR,2026-01-19,111602,2,14,11,128.0
10109862MOREIRAR_2026-01-19_G63,10109862MOREIRAR,2026-01-19,110733,1,4,0,376.0
10109862MOREIRAR_2026-01-19_G64,10109862MOREIRAR,2026-01-19,118094,1,4,0,134.0
10109862MOREIRAR_2026-01-20_G02,10109862MOREIRAR,2026-01-20,110747,1,11,0,344.0
10109862MOREIRAR_2026-01-20_G03,10109862MOREIRAR,2026-01-20,141916,1,30,0,669.0
10109862MOREIRAR_2026-01-20_G04,10109862MOREIRAR,2026-01-20,100334,1,16,0,343.0
10109862MOREIRAR_2026-01-20_G05,10109862MOREIRAR,2026-01-20,110755,1,9,0,426.0
10109862MOREIRAR_2026-01-20_G06,10109862MOREIRAR,2026-01-20,105705,1,20,0,126.0
10109862MOREIRAR_2026-01-20_G07,10109862MOREIRAR,2026-01-20,117842,1,8,0,177.0
10109862MOREIRAR_2026-01-20_G08,10109862MOREIRAR,2026-01-20,140922,1,40,0,462.0
10109862MOREIRAR_2026-01-20_G09,10109862MOREIRAR,2026-01-20,117831,1,50,0,144.0
10109862MOREIRAR_2026-01-20_G10,10109862MOREIRAR,2026-01-20,111466,1,12,0,184.0
10109862MOREIRAR_2026-01-20_G11,10109862MOREIRAR,2026-01-20,117838,1,12,0,117.0
10109862MOREIRAR_2026-01-20_G12,10109862MOREIRAR,2026-01-20,111435,1,15,0,221.0
10109862MOREIRAR_2026-01-20_G13,10109862MOREIRAR,2026-01-20,109641,1,11,0,133.0
10109862MOREIRAR_2026-01-20_G14,10109862MOREIRAR,2026-01-20,111442,1,20,0,309.0
10109862MOREIRAR_2026-01-20_G15,10109862MOREIRAR,2026-01-20,111443,1,33,0,415.0
10109862MOREIRAR_2026-01-20_G16,10109862MOREIRAR,2026-01-20,111418,1,60,0,261.0
10109862MOREIRAR_2026-01-20_G17,10109862MOREIRAR,2026-01-20,111431,1,17,0,99.0
10109862MOREIRAR_2026-01-20_G18,10109862MOREIRAR,2026-01-20,110740,1,50,0,521.0
10109862MOREIRAR_2026-01-20_G19,10109862MOREIRAR,2026-01-20,118140,1,50,0,349.0
10109862MOREIRAR_2026-01-20_G20,10109862MOREIRAR,2026-01-20,142045,1,20,0,748.0
10109862MOREIRAR_2026-01-20_G21,10109862MOREIRAR,2026-01-20,117855,1,40,0,304.0
10109862MOREIRAR_2026-01-20_G22,10109862MOREIRAR,2026-01-20,111602,1,59,0,136.0
10109862MOREIRAR_2026-01-20_G23,10109862MOREIRAR,2026-01-20,141457,1,10,0,139.0
10109862MOREIRAR_2026-01-20_G24,10109862MOREIRAR,2026-01-20,111466,1,16,0,169.0
10109862MOREIRAR_2026-01-20_G26,10109862MOREIRAR,2026-01-20,117786,1,200,0,452.0
10109862MOREIRAR_2026-01-20_G27,10109862MOREIRAR,2026-01-20,110733,1,120,0,363.0
10109862MOREIRAR_2026-01-20_G28,10109862MOREIRAR,2026-01-20,109640,1,50,0,414.0
10109862MOREIRAR_2026-01-20_G29,10109862MOREIRAR,2026-01-20,117861,1,180,0,211.0
10109862MOREIRAR_2026-01-20_G30,10109862MOREIRAR,2026-01-20,117821,1,140,0,565.0
10109862MOREIRAR_2026-01-20_G31,10109862MOREIRAR,2026-01-20,117838,1,67,0,395.0
10109862MOREIRAR_2026-01-20_G32,10109862MOREIRAR,2026-01-20,141271,1,200,0,342.0
10109862MOREIRAR_2026-01-20_G33,10109862MOREIRAR,2026-01-20,108798,1,11,0,286.0
10109862MOREIRAR_2026-01-20_G34,10109862MOREIRAR,2026-01-20,117833,1,39,0,685.0
10109862MOREIRAR_2026-01-20_G35,10109862MOREIRAR,2026-01-20,117822,1,5,0,643.0
10109862MOREIRAR_2026-01-20_G36,10109862MOREIRAR,2026-01-20,141202,1,19,0,404.0
10109862MOREIRAR_2026-01-20_G37,10109862MOREIRAR,2026-01-20,110375,1,10,0,158.0
10109862MOREIRAR_2026-01-20_G39,10109862MOREIRAR,2026-01-20,140957,1,8,0,414.0
10109862MOREIRAR_2026-01-21_G02,10109862MOREIRAR,2026-01-21,"105705, 116241, 110743, 118330, 111442, 118223, 117785",7,225,71,729.0
10109862MOREIRAR_2026-01-21_G03,10109862MOREIRAR,2026-01-21,110313,1,23,0,326.0
10109862MOREIRAR_2026-01-21_G04,10109862MOREIRAR,2026-01-21,118298,1,10,0,139.0
10109862MOREIRAR_2026-01-21_G05,10109862MOREIRAR,2026-01-21,111876,1,8,0,186.0
10109862MOREIRAR_2026-01-21_G06,10109862MOREIRAR,2026-01-21,"109648, 109643",2,15,7,182.0
10109862MOREIRAR_2026-01-21_G07,10109862MOREIRAR,2026-01-21,141352,1,24,0,480.0
10109862MOREIRAR_2026-01-21_G08,10109862MOREIRAR,2026-01-21,117797,1,3,0,390.0
10109862MOREIRAR_2026-01-21_G09,10109862MOREIRAR,2026-01-21,110752,1,20,0,368.0
10109862MOREIRAR_2026-01-21_G10,10109862MOREIRAR,2026-01-21,111650,1,10,0,515.0
10109862MOREIRAR_2026-01-21_G11,10109862MOREIRAR,2026-01-21,"108361, 111353, 109647",3,38,13,35.0
10109862MOREIRAR_2026-01-21_G12,10109862MOREIRAR,2026-01-21,105744,1,2,0,261.0
10109862MOREIRAR_2026-01-21_G13,10109862MOREIRAR,2026-01-21,141066,1,9,0,235.0
10109862MOREIRAR_2026-01-21_G14,10109862MOREIRAR,2026-01-21,111446,1,5,0,732.0
10109862MOREIRAR_2026-01-21_G15,10109862MOREIRAR,2026-01-21,111466,1,90,0,666.0
10109862MOREIRAR_2026-01-21_G16,10109862MOREIRAR,2026-01-21,109647,1,37,0,1990.0
10109862MOREIRAR_2026-01-21_G17,10109862MOREIRAR,2026-01-21,160057,1,18,0,1208.0
10109862MOREIRAR_2026-01-21_G18,10109862MOREIRAR,2026-01-21,160051,1,26,0,960.0
10109862MOREIRAR_2026-01-21_G20,10109862MOREIRAR,2026-01-21,111330,1,8,0,233.0
10109862MOREIRAR_2026-01-21_G21,10109862MOREIRAR,2026-01-21,118299,1,12,0,146.0
10109862MOREIRAR_2026-01-21_G22,10109862MOREIRAR,2026-01-21,111876,1,1,0,186.0
10109862MOREIRAR_2026-01-21_G23,10109862MOREIRAR,2026-01-21,110841,1,1,0,551.0
10109862MOREIRAR_2026-01-21_G24,10109862MOREIRAR,2026-01-21,110895,1,6,0,97.0
10109862MOREIRAR_2026-01-21_G25,10109862MOREIRAR,2026-01-21,141916,1,4,0,114.0
10109862MOREIRAR_2026-01-21_G26,10109862MOREIRAR,2026-01-21,110754,1,1,0,136.0
10109862MOREIRAR_2026-01-21_G27,10109862MOREIRAR,2026-01-21,141035,1,2,0,110.0
10109862MOREIRAR_2026-01-21_G28,10109862MOREIRAR,2026-01-21,118094,1,7,0,74.0
10109862MOREIRAR_2026-01-21_G29,10109862MOREIRAR,2026-01-21,111467,1,5,0,68.0
10109862MOREIRAR_2026-01-21_G30,10109862MOREIRAR,2026-01-21,110753,1,2,0,60.0
10109862MOREIRAR_2026-01-21_G31,10109862MOREIRAR,2026-01-21,110313,1,4,0,34.0
10109862MOREIRAR_2026-01-21_G32,10109862MOREIRAR,2026-01-21,140923,1,9,0,73.0
10109862MOREIRAR_2026-01-21_G33,10109862MOREIRAR,2026-01-21,110733,1,1,0,84.0
10109862MOREIRAR_2026-01-21_G34,10109862MOREIRAR,2026-01-21,105242,1,4,0,72.0
10109862MOREIRAR_2026-01-21_G35,10109862MOREIRAR,2026-01-21,109640,1,2,0,113.0
10109862MOREIRAR_2026-01-21_G36,10109862MOREIRAR,2026-01-21,117861,1,2,0,130.0
10109862MOREIRAR_2026-01-21_G37,10109862MOREIRAR,2026-01-21,117821,1,3,0,279.0
10109862MOREIRAR_2026-01-21_G38,10109862MOREIRAR,2026-01-21,110743,1,4,0,46.0
10109862MOREIRAR_2026-01-21_G39,10109862MOREIRAR,2026-01-21,118299,1,5,0,58.0
10109862MOREIRAR_2026-01-21_G40,10109862MOREIRAR,2026-01-21,117809,1,5,0,32.0
10109862MOREIRAR_2026-01-21_G41,10109862MOREIRAR,2026-01-21,110332,1,2,0,86.0
10109862MOREIRAR_2026-01-21_G42,10109862MOREIRAR,2026-01-21,117820,1,6,0,55.0
10109862MOREIRAR_2026-01-21_G43,10109862MOREIRAR,2026-01-21,141271,1,8,0,72.0
10109862MOREIRAR_2026-01-21_G44,10109862MOREIRAR,2026-01-21,109641,1,2,0,79.0
10109862MOREIRAR_2026-01-21_G45,10109862MOREIRAR,2026-01-21,141823,1,3,0,59.0
10109862MOREIRAR_2026-01-21_G46,10109862MOREIRAR,2026-01-21,"108798, 117833",2,4,15,72.0
10109862MOREIRAR_2026-01-21_G47,10109862MOREIRAR,2026-01-21,"117808, 110375",2,12,17,72.0
10109862MOREIRAR_2026-01-21_G48,10109862MOREIRAR,2026-01-21,117787,1,3,0,54.0
10109862MOREIRAR_2026-01-21_G49,10109862MOREIRAR,2026-01-21,117830,1,4,0,47.0
10109862MOREIRAR_2026-01-21_G50,10109862MOREIRAR,2026-01-21,108772,1,3,0,352.0
10109862MOREIRAR_2026-01-21_G51,10109862MOREIRAR,2026-01-21,110743,1,2,0,81.0
10109862MOREIRAR_2026-01-21_G52,10109862MOREIRAR,2026-01-21,110332,1,4,0,118.0
10109862MOREIRAR_2026-01-21_G53,10109862MOREIRAR,2026-01-21,140923,1,2,0,49.0
10109862MOREIRAR_2026-01-21_G54,10109862MOREIRAR,2026-01-21,"108798, 118140",2,6,22,123.0
10109862MOREIRAR_2026-01-21_G55,10109862MOREIRAR,2026-01-21,107830,1,2,0,76.0
10109862MOREIRAR_2026-01-21_G56,10109862MOREIRAR,2026-01-21,116611,1,2,0,856.0
10109862MOREIRAR_2026-01-21_G57,10109862MOREIRAR,2026-01-21,140922,1,15,0,500.0
10109862MOREIRAR_2026-01-21_G58,10109862MOREIRAR,2026-01-21,118299,1,19,0,74.0
10109862MOREIRAR_2026-01-21_G59,10109862MOREIRAR,2026-01-21,110372,1,3,0,123.0
10109862MOREIRAR_2026-01-21_G60,10109862MOREIRAR,2026-01-21,117808,1,8,0,67.0
10109862MOREIRAR_2026-01-21_G61,10109862MOREIRAR,2026-01-21,141457,1,8,0,70.0
10109862MOREIRAR_2026-01-21_G62,10109862MOREIRAR,2026-01-21,117785,1,4,0,108.0
10109862MOREIRAR_2026-01-21_G63,10109862MOREIRAR,2026-01-21,111602,1,4,0,271.0
10109862MOREIRAR_2026-01-21_G64,10109862MOREIRAR,2026-01-21,110339,1,4,0,104.0
10109862MOREIRAR_2026-01-21_G66,10109862MOREIRAR,2026-01-21,140923,1,92,0,326.0
10109862MOREIRAR_2026-01-21_G67,10109862MOREIRAR,2026-01-21,117786,1,38,0,359.0
10109862MOREIRAR_2026-01-21_G68,10109862MOREIRAR,2026-01-21,109640,1,12,0,209.0
10109862MOREIRAR_2026-01-21_G69,10109862MOREIRAR,2026-01-21,117855,1,16,0,97.0
10109862MOREIRAR_2026-01-22_G02,10109862MOREIRAR,2026-01-22,107263,2,10,10,482.0
10109862MOREIRAR_2026-01-22_G03,10109862MOREIRAR,2026-01-22,117842,1,8,0,512.0
10109862MOREIRAR_2026-01-22_G04,10109862MOREIRAR,2026-01-22,117831,1,12,0,96.0
10109862MOREIRAR_2026-01-22_G05,10109862MOREIRAR,2026-01-22,110743,1,4,0,51.0
10109862MOREIRAR_2026-01-22_G06,10109862MOREIRAR,2026-01-22,117841,2,17,6,158.0
10109862MOREIRAR_2026-01-22_G07,10109862MOREIRAR,2026-01-22,111532,1,118,0,290.0
10109862MOREIRAR_2026-01-22_G08,10109862MOREIRAR,2026-01-22,111434,1,2,0,214.0
10109862MOREIRAR_2026-01-22_G09,10109862MOREIRAR,2026-01-22,111462,1,155,0,536.0
10109862MOREIRAR_2026-01-22_G10,10109862MOREIRAR,2026-01-22,111435,1,29,0,134.0
10109862MOREIRAR_2026-01-22_G11,10109862MOREIRAR,2026-01-22,108798,1,59,0,706.0
10109862MOREIRAR_2026-01-22_G12,10109862MOREIRAR,2026-01-22,111418,1,195,0,1178.0
10109862MOREIRAR_2026-01-22_G13,10109862MOREIRAR,2026-01-22,111469,1,8,0,313.0
10109862MOREIRAR_2026-01-22_G14,10109862MOREIRAR,2026-01-22,111431,1,2,0,34.0
10109862MOREIRAR_2026-01-22_G15,10109862MOREIRAR,2026-01-22,110740,1,37,0,562.0
10109862MOREIRAR_2026-01-22_G16,10109862MOREIRAR,2026-01-22,141458,1,13,0,43.0
10109862MOREIRAR_2026-01-22_G17,10109862MOREIRAR,2026-01-22,117785,1,83,0,659.0
10109862MOREIRAR_2026-01-22_G18,10109862MOREIRAR,2026-01-22,110129,1,6,0,207.0
10109862MOREIRAR_2026-01-22_G19,10109862MOREIRAR,2026-01-22,141247,1,4,0,1540.0
10109862MOREIRAR_2026-01-22_G20,10109862MOREIRAR,2026-01-22,118306,1,27,0,330.0
10109862MOREIRAR_2026-01-22_G22,10109862MOREIRAR,2026-01-22,142045,1,7,0,80.0
10109862MOREIRAR_2026-01-22_G23,10109862MOREIRAR,2026-01-22,110895,1,15,0,474.0
10109862MOREIRAR_2026-01-22_G24,10109862MOREIRAR,2026-01-22,110747,1,6,0,225.0
10109862MOREIRAR_2026-01-22_G25,10109862MOREIRAR,2026-01-22,105359,1,3,0,84.0
10109862MOREIRAR_2026-01-22_G26,10109862MOREIRAR,2026-01-22,100334,1,4,0,128.0
10109862MOREIRAR_2026-01-22_G27,10109862MOREIRAR,2026-01-22,110623,1,6,0,125.0
10109862MOREIRAR_2026-01-22_G28,10109862MOREIRAR,2026-01-22,117838,1,7,0,517.0
10109862MOREIRAR_2026-01-22_G29,10109862MOREIRAR,2026-01-22,110129,1,20,0,498.0
10109862MOREIRAR_2026-01-22_G30,10109862MOREIRAR,2026-01-22,117831,1,20,0,434.0
10109862MOREIRAR_2026-01-22_G31,10109862MOREIRAR,2026-01-22,140922,1,50,0,801.0
10109862MOREIRAR_2026-01-22_G32,10109862MOREIRAR,2026-01-22,117821,1,20,0,203.0
10109862MOREIRAR_2026-01-22_G33,10109862MOREIRAR,2026-01-22,110743,1,4,0,57.0
10109862MOREIRAR_2026-01-22_G34,10109862MOREIRAR,2026-01-22,109645,1,10,0,132.0
10109862MOREIRAR_2026-01-22_G35,10109862MOREIRAR,2026-01-22,111466,1,20,0,128.0
10109862MOREIRAR_2026-01-22_G36,10109862MOREIRAR,2026-01-22,141271,1,30,0,307.0
10109862MOREIRAR_2026-01-22_G37,10109862MOREIRAR,2026-01-22,111462,1,10,0,139.0
10109862MOREIRAR_2026-01-22_G38,10109862MOREIRAR,2026-01-22,141823,1,12,0,103.0
10109862MOREIRAR_2026-01-22_G39,10109862MOREIRAR,2026-01-22,111468,1,25,0,157.0
10109862MOREIRAR_2026-01-22_G40,10109862MOREIRAR,2026-01-22,108798,1,15,0,132.0
10109862MOREIRAR_2026-01-22_G41,10109862MOREIRAR,2026-01-22,117833,1,15,0,167.0
10109862MOREIRAR_2026-01-22_G42,10109862MOREIRAR,2026-01-22,141457,1,25,0,212.0
10109862MOREIRAR_2026-01-22_G43,10109862MOREIRAR,2026-01-22,111469,1,30,0,286.0
10109862MOREIRAR_2026-01-22_G44,10109862MOREIRAR,2026-01-22,118140,1,20,0,172.0
10109862MOREIRAR_2026-01-22_G45,10109862MOREIRAR,2026-01-22,117785,1,50,0,372.0
10109862MOREIRAR_2026-01-22_G46,10109862MOREIRAR,2026-01-22,111418,1,20,0,233.0
10109862MOREIRAR_2026-01-22_G47,10109862MOREIRAR,2026-01-22,117808,1,100,0,75.0
10109862MOREIRAR_2026-01-22_G48,10109862MOREIRAR,2026-01-22,108759,1,2,0,1511.0
10109862MOREIRAR_2026-01-22_G49,10109862MOREIRAR,2026-01-22,110742,1,2,0,126.0
10109862MOREIRAR_2026-01-22_G50,10109862MOREIRAR,2026-01-22,117856,1,2,0,109.0
10109862MOREIRAR_2026-01-22_G51,10109862MOREIRAR,2026-01-22,117832,1,2,0,93.0
10109862MOREIRAR_2026-01-22_G52,10109862MOREIRAR,2026-01-22,117832,1,2,0,87.0
10109862MOREIRAR_2026-01-22_G53,10109862MOREIRAR,2026-01-22,110742,1,2,0,40.0
10109862MOREIRAR_2026-01-22_G54,10109862MOREIRAR,2026-01-22,117832,1,4,0,98.0
10109862MOREIRAR_2026-01-22_G55,10109862MOREIRAR,2026-01-22,117832,1,4,0,62.0
10109862MOREIRAR_2026-01-22_G56,10109862MOREIRAR,2026-01-22,110742,1,2,0,105.0
10109862MOREIRAR_2026-01-22_G57,10109862MOREIRAR,2026-01-22,111172,1,2,0,201.0
10109862MOREIRAR_2026-01-22_G58,10109862MOREIRAR,2026-01-22,111463,1,10,0,70.0
10109862MOREIRAR_2026-01-22_G59,10109862MOREIRAR,2026-01-22,118299,1,2,0,73.0
10109862MOREIRAR_2026-01-22_G60,10109862MOREIRAR,2026-01-22,"108772, 110742, 117832",3,8,44,613.0
10109862MOREIRAR_2026-01-22_G62,10109862MOREIRAR,2026-01-22,111532,1,6,0,193.0
10109862MOREIRAR_2026-01-23_G02,10109862MOREIRAR,2026-01-23,110742,1,4,0,100.0
10109862MOREIRAR_2026-01-23_G03,10109862MOREIRAR,2026-01-23,111463,1,9,0,144.0
10109862MOREIRAR_2026-01-23_G04,10109862MOREIRAR,2026-01-23,110374,1,6,0,185.0
10109862MOREIRAR_2026-01-23_G05,10109862MOREIRAR,2026-01-23,108772,1,1,0,1143.0
10109862MOREIRAR_2026-01-23_G06,10109862MOREIRAR,2026-01-23,110374,1,8,0,248.0
10109862MOREIRAR_2026-01-23_G07,10109862MOREIRAR,2026-01-23,110374,2,30,20,31.0
10109862MOREIRAR_2026-01-23_G08,10109862MOREIRAR,2026-01-23,117789,1,4,0,1720.0
10109862MOREIRAR_2026-01-23_G09,10109862MOREIRAR,2026-01-23,117832,1,8,0,100.0
10109862MOREIRAR_2026-01-23_G10,10109862MOREIRAR,2026-01-23,110753,1,2,0,97.0
10109862MOREIRAR_2026-01-23_G11,10109862MOREIRAR,2026-01-23,108795,1,4,0,100.0
10109862MOREIRAR_2026-01-23_G12,10109862MOREIRAR,2026-01-23,111462,1,2,0,49.0
10109862MOREIRAR_2026-01-23_G13,10109862MOREIRAR,2026-01-23,108759,1,1,0,189.0
10109862MOREIRAR_2026-01-23_G14,10109862MOREIRAR,2026-01-23,118306,1,2,0,78.0
10109862MOREIRAR_2026-01-23_G15,10109862MOREIRAR,2026-01-23,110895,1,8,0,72.0
10109862MOREIRAR_2026-01-23_G16,10109862MOREIRAR,2026-01-23,107254,1,2,0,84.0
10109862MOREIRAR_2026-01-23_G17,10109862MOREIRAR,2026-01-23,110747,1,2,0,52.0
10109862MOREIRAR_2026-01-23_G18,10109862MOREIRAR,2026-01-23,110733,1,2,0,350.0
10109862MOREIRAR_2026-01-23_G19,10109862MOREIRAR,2026-01-23,117837,1,2,0,135.0
10109862MOREIRAR_2026-01-23_G20,10109862MOREIRAR,2026-01-23,111467,1,4,0,64.0
10109862MOREIRAR_2026-01-23_G21,10109862MOREIRAR,2026-01-23,110313,1,7,0,102.0
10109862MOREIRAR_2026-01-23_G22,10109862MOREIRAR,2026-01-23,140923,1,6,0,298.0
10109862MOREIRAR_2026-01-23_G23,10109862MOREIRAR,2026-01-23,141047,1,2,0,1294.0
10109862MOREIRAR_2026-01-23_G24,10109862MOREIRAR,2026-01-23,117786,1,6,0,87.0
10109862MOREIRAR_2026-01-23_G25,10109862MOREIRAR,2026-01-23,110756,1,1,0,34.0
10109862MOREIRAR_2026-01-23_G26,10109862MOREIRAR,2026-01-23,110339,1,4,0,71.0
10109862MOREIRAR_2026-01-23_G27,10109862MOREIRAR,2026-01-23,117861,1,6,0,96.0
10109862MOREIRAR_2026-01-23_G28,10109862MOREIRAR,2026-01-23,110129,1,11,0,205.0
10109862MOREIRAR_2026-01-23_G29,10109862MOREIRAR,2026-01-23,108794,1,8,0,180.0
10109862MOREIRAR_2026-01-23_G30,10109862MOREIRAR,2026-01-23,140922,1,10,0,429.0
10109862MOREIRAR_2026-01-23_G31,10109862MOREIRAR,2026-01-23,117821,1,10,0,104.0
10109862MOREIRAR_2026-01-23_G32,10109862MOREIRAR,2026-01-23,118330,1,2,0,66.0
10109862MOREIRAR_2026-01-23_G33,10109862MOREIRAR,2026-01-23,109645,1,4,0,91.0
10109862MOREIRAR_2026-01-23_G34,10109862MOREIRAR,2026-01-23,141271,1,8,0,235.0
10109862MOREIRAR_2026-01-23_G35,10109862MOREIRAR,2026-01-23,111418,1,9,0,463.0
10109862MOREIRAR_2026-01-23_G36,10109862MOREIRAR,2026-01-23,108798,1,2,0,54.0
10109862MOREIRAR_2026-01-23_G37,10109862MOREIRAR,2026-01-23,117833,1,14,0,80.0
10109862MOREIRAR_2026-01-23_G38,10109862MOREIRAR,2026-01-23,111469,1,8,0,52.0
10109862MOREIRAR_2026-01-23_G39,10109862MOREIRAR,2026-01-23,117785,1,10,0,167.0
10109862MOREIRAR_2026-01-23_G40,10109862MOREIRAR,2026-01-23,118140,1,7,0,745.0
10109862MOREIRAR_2026-01-26_G02,10109862MOREIRAR,2026-01-26,110534,1,6,0,228.0
10109862MOREIRAR_2026-01-26_G03,10109862MOREIRAR,2026-01-26,109974,1,4,0,644.0
10109862MOREIRAR_2026-01-26_G04,10109862MOREIRAR,2026-01-26,118283,1,80,0,583.0
10109862MOREIRAR_2026-01-26_G05,10109862MOREIRAR,2026-01-26,110747,1,7,0,245.0
10109862MOREIRAR_2026-01-26_G06,10109862MOREIRAR,2026-01-26,110500,1,9,0,117.0
10109862MOREIRAR_2026-01-26_G07,10109862MOREIRAR,2026-01-26,110742,1,2,0,55.0
10109862MOREIRAR_2026-01-26_G08,10109862MOREIRAR,2026-01-26,105359,1,10,0,105.0
10109862MOREIRAR_2026-01-26_G09,10109862MOREIRAR,2026-01-26,111851,1,4,0,94.0
10109862MOREIRAR_2026-01-26_G10,10109862MOREIRAR,2026-01-26,110579,1,6,0,58.0
10109862MOREIRAR_2026-01-26_G11,10109862MOREIRAR,2026-01-26,110582,1,23,0,244.0
10109862MOREIRAR_2026-01-26_G12,10109862MOREIRAR,2026-01-26,111467,1,31,0,356.0
10109862MOREIRAR_2026-01-26_G13,10109862MOREIRAR,2026-01-26,"110313, 108772",2,11,15,190.0
10109862MOREIRAR_2026-01-26_G14,10109862MOREIRAR,2026-01-26,110756,1,1,0,99.0
10109862MOREIRAR_2026-01-26_G15,10109862MOREIRAR,2026-01-26,109640,1,5,0,74.0
10109862MOREIRAR_2026-01-26_G16,10109862MOREIRAR,2026-01-26,105242,1,2,0,92.0
10109862MOREIRAR_2026-01-26_G17,10109862MOREIRAR,2026-01-26,101217,1,5,0,127.0
10109862MOREIRAR_2026-01-26_G18,10109862MOREIRAR,2026-01-26,117855,1,29,0,315.0
10109862MOREIRAR_2026-01-26_G19,10109862MOREIRAR,2026-01-26,105167,1,3,0,363.0
10109862MOREIRAR_2026-01-26_G20,10109862MOREIRAR,2026-01-26,111650,1,4,0,124.0
10109862MOREIRAR_2026-01-26_G21,10109862MOREIRAR,2026-01-26,"109641, 105705",2,24,13,389.0
10109862MOREIRAR_2026-01-26_G22,10109862MOREIRAR,2026-01-26,118285,1,8,0,142.0
10109862MOREIRAR_2026-01-26_G23,10109862MOREIRAR,2026-01-26,108794,1,21,0,276.0
10109862MOREIRAR_2026-01-26_G24,10109862MOREIRAR,2026-01-26,110751,1,25,0,308.0
10109862MOREIRAR_2026-01-26_G25,10109862MOREIRAR,2026-01-26,111743,1,79,0,165.0
10109862MOREIRAR_2026-01-26_G26,10109862MOREIRAR,2026-01-26,109645,1,28,0,133.0
10109862MOREIRAR_2026-01-26_G27,10109862MOREIRAR,2026-01-26,111465,1,40,0,525.0
10109862MOREIRAR_2026-01-26_G28,10109862MOREIRAR,2026-01-26,111463,1,43,0,216.0
10109862MOREIRAR_2026-01-26_G29,10109862MOREIRAR,2026-01-26,111418,1,10,0,241.0
10109862MOREIRAR_2026-01-26_G30,10109862MOREIRAR,2026-01-26,111469,1,6,0,71.0
10109862MOREIRAR_2026-01-26_G31,10109862MOREIRAR,2026-01-26,111431,1,8,0,121.0
10109862MOREIRAR_2026-01-26_G32,10109862MOREIRAR,2026-01-26,118326,1,26,0,173.0
10109862MOREIRAR_2026-01-26_G33,10109862MOREIRAR,2026-01-26,117329,1,4,0,61.0
10109862MOREIRAR_2026-01-26_G34,10109862MOREIRAR,2026-01-26,118140,1,13,0,273.0
10109862MOREIRAR_2026-01-26_G35,10109862MOREIRAR,2026-01-26,117785,1,33,0,330.0
10109862MOREIRAR_2026-01-26_G36,10109862MOREIRAR,2026-01-26,111441,1,2,0,1856.0
10109862MOREIRAR_2026-01-26_G38,10109862MOREIRAR,2026-01-26,111602,1,2,0,110.0
10109862MOREIRAR_2026-01-26_G39,10109862MOREIRAR,2026-01-26,111602,1,4,0,215.0
10109862MOREIRAR_2026-01-26_G40,10109862MOREIRAR,2026-01-26,117808,1,68,0,199.0
10109862MOREIRAR_2026-01-27_G02,10109862MOREIRAR,2026-01-27,110374,1,4,0,268.0
10109862MOREIRAR_2026-01-27_G03,10109862MOREIRAR,2026-01-27,117808,1,600,0,945.0
10109862MOREIRAR_2026-01-27_G04,10109862MOREIRAR,2026-01-27,118299,1,1,0,302.0
10109862MOREIRAR_2026-01-27_G05,10109862MOREIRAR,2026-01-27,110373,1,4,0,47.0
10109862MOREIRAR_2026-01-27_G06,10109862MOREIRAR,2026-01-27,117830,1,56,0,299.0
10109862MOREIRAR_2026-01-27_G07,10109862MOREIRAR,2026-01-27,111602,1,1,0,1938.0
10109862MOREIRAR_2026-01-27_G08,10109862MOREIRAR,2026-01-27,110787,1,2,0,179.0
10109862MOREIRAR_2026-01-27_G09,10109862MOREIRAR,2026-01-27,110787,1,2,0,50.0
10109862MOREIRAR_2026-01-27_G10,10109862MOREIRAR,2026-01-27,141457,1,2,0,107.0
10109862MOREIRAR_2026-01-27_G11,10109862MOREIRAR,2026-01-27,111463,1,8,0,544.0
10109862MOREIRAR_2026-01-27_G12,10109862MOREIRAR,2026-01-27,111530,1,13,0,240.0
10109862MOREIRAR_2026-01-27_G13,10109862MOREIRAR,2026-01-27,109641,1,2,0,496.0
10109862MOREIRAR_2026-01-27_G14,10109862MOREIRAR,2026-01-27,140922,1,2,0,78.0
10109862MOREIRAR_2026-01-27_G15,10109862MOREIRAR,2026-01-27,117808,1,10,0,90.0
10109862MOREIRAR_2026-01-27_G16,10109862MOREIRAR,2026-01-27,110787,1,4,0,56.0
10109862MOREIRAR_2026-01-27_G17,10109862MOREIRAR,2026-01-27,118299,1,10,0,126.0
10109862MOREIRAR_2026-01-27_G18,10109862MOREIRAR,2026-01-27,141457,1,2,0,67.0
10109862MOREIRAR_2026-01-27_G19,10109862MOREIRAR,2026-01-27,117830,1,4,0,60.0
10109862MOREIRAR_2026-01-27_G20,10109862MOREIRAR,2026-01-27,117832,1,2,0,70.0
10109862MOREIRAR_2026-01-27_G21,10109862MOREIRAR,2026-01-27,110742,1,1,0,146.0
10109862MOREIRAR_2026-01-27_G22,10109862MOREIRAR,2026-01-27,111879,1,2,0,890.0
10109862MOREIRAR_2026-01-27_G23,10109862MOREIRAR,2026-01-27,117856,1,2,0,199.0
10109862MOREIRAR_2026-01-27_G24,10109862MOREIRAR,2026-01-27,141352,1,2,0,84.0
10109862MOREIRAR_2026-01-27_G25,10109862MOREIRAR,2026-01-27,111433,1,2,0,209.0
10109862MOREIRAR_2026-01-27_G26,10109862MOREIRAR,2026-01-27,105705,1,4,0,326.0
10109862MOREIRAR_2026-01-27_G27,10109862MOREIRAR,2026-01-27,111532,1,4,0,617.0
10109862MOREIRAR_2026-01-27_G28,10109862MOREIRAR,2026-01-27,111418,1,4,0,96.0
10109862MOREIRAR_2026-01-27_G29,10109862MOREIRAR,2026-01-27,141458,1,2,0,167.0
10109862MOREIRAR_2026-01-27_G31,10109862MOREIRAR,2026-01-27,117808,1,96,0,155.0
10109862MOREIRAR_2026-01-27_G32,10109862MOREIRAR,2026-01-27,110374,1,40,0,420.0
10109862MOREIRAR_2026-01-27_G33,10109862MOREIRAR,2026-01-27,117809,1,30,0,118.0
10109862MOREIRAR_2026-01-27_G34,10109862MOREIRAR,2026-01-27,110372,1,60,0,323.0
10109862MOREIRAR_2026-01-27_G35,10109862MOREIRAR,2026-01-27,117820,1,40,0,395.0
10109862MOREIRAR_2026-01-27_G36,10109862MOREIRAR,2026-01-27,118299,1,90,0,199.0
10109862MOREIRAR_2026-01-27_G37,10109862MOREIRAR,2026-01-27,118299,1,100,0,211.0
10109862MOREIRAR_2026-01-27_G38,10109862MOREIRAR,2026-01-27,110373,1,60,0,560.0
10109862MOREIRAR_2026-01-27_G39,10109862MOREIRAR,2026-01-27,117832,1,10,0,187.0
10109862MOREIRAR_2026-01-27_G40,10109862MOREIRAR,2026-01-27,117832,1,35,0,479.0
10109862MOREIRAR_2026-01-27_G41,10109862MOREIRAR,2026-01-27,110371,1,20,0,985.0
10109862MOREIRAR_2026-01-27_G42,10109862MOREIRAR,2026-01-27,111441,1,2,0,1876.0
10109862MOREIRAR_2026-01-27_G43,10109862MOREIRAR,2026-01-27,117837,1,6,0,38.0
10109862MOREIRAR_2026-01-27_G44,10109862MOREIRAR,2026-01-27,140923,1,7,0,131.0
10109862MOREIRAR_2026-01-27_G45,10109862MOREIRAR,2026-01-27,117856,1,4,0,121.0
10109862MOREIRAR_2026-01-27_G46,10109862MOREIRAR,2026-01-27,117821,1,3,0,69.0
10109862MOREIRAR_2026-01-27_G47,10109862MOREIRAR,2026-01-27,110374,1,8,0,140.0
10109862MOREIRAR_2026-01-27_G48,10109862MOREIRAR,2026-01-27,109643,1,2,0,53.0
10109862MOREIRAR_2026-01-27_G49,10109862MOREIRAR,2026-01-27,111418,1,6,0,61.0
10109862MOREIRAR_2026-01-27_G50,10109862MOREIRAR,2026-01-27,110373,1,12,0,109.0
10109862MOREIRAR_2026-01-27_G51,10109862MOREIRAR,2026-01-27,117830,1,11,0,132.0
10109862MOREIRAR_2026-01-27_G52,10109862MOREIRAR,2026-01-27,117808,1,60,0,126.0
10109862MOREIRAR_2026-01-27_G54,10109862MOREIRAR,2026-01-27,141456,1,2,0,108.0
10109862MOREIRAR_2026-01-27_G55,10109862MOREIRAR,2026-01-27,111439,1,4,0,117.0
10109862MOREIRAR_2026-01-27_G56,10109862MOREIRAR,2026-01-27,111532,1,10,0,331.0
10109862MOREIRAR_2026-01-27_G57,10109862MOREIRAR,2026-01-27,111602,1,6,0,252.0
10109862MOREIRAR_2026-01-28_G02,10109862MOREIRAR,2026-01-28,118191,1,30,0,307.0
10109862MOREIRAR_2026-01-28_G03,10109862MOREIRAR,2026-01-28,141141,1,20,0,480.0
10109862MOREIRAR_2026-01-28_G04,10109862MOREIRAR,2026-01-28,111724,1,12,0,1283.0
10109862MOREIRAR_2026-01-28_G05,10109862MOREIRAR,2026-01-28,111742,1,40,0,1249.0
10109862MOREIRAR_2026-01-28_G06,10109862MOREIRAR,2026-01-28,111759,1,20,0,35.0
10109862MOREIRAR_2026-01-28_G07,10109862MOREIRAR,2026-01-28,110787,1,50,0,844.0
10109862MOREIRAR_2026-01-28_G08,10109862MOREIRAR,2026-01-28,141456,1,77,0,701.0
10109862MOREIRAR_2026-01-28_G09,10109862MOREIRAR,2026-01-28,111463,1,100,0,494.0
10109862MOREIRAR_2026-01-28_G10,10109862MOREIRAR,2026-01-28,141457,1,50,0,180.0
10109862MOREIRAR_2026-01-28_G11,10109862MOREIRAR,2026-01-28,117808,1,11,0,332.0
10109862MOREIRAR_2026-01-28_G12,10109862MOREIRAR,2026-01-28,117832,1,50,0,740.0
10109862MOREIRAR_2026-01-28_G13,10109862MOREIRAR,2026-01-28,117808,1,504,0,1276.0
10109862MOREIRAR_2026-01-28_G14,10109862MOREIRAR,2026-01-28,117808,1,300,0,282.0
10109862MOREIRAR_2026-01-28_G15,10109862MOREIRAR,2026-01-28,117808,1,750,0,389.0
10109862MOREIRAR_2026-01-28_G17,10109862MOREIRAR,2026-01-28,111438,1,2,0,135.0
10109862MOREIRAR_2026-01-28_G18,10109862MOREIRAR,2026-01-28,110742,1,2,0,87.0
10109862MOREIRAR_2026-01-28_G19,10109862MOREIRAR,2026-01-28,117853,1,2,0,748.0
10109862MOREIRAR_2026-01-28_G20,10109862MOREIRAR,2026-01-28,111467,1,4,0,187.0
10109862MOREIRAR_2026-01-28_G21,10109862MOREIRAR,2026-01-28,111530,1,3,0,147.0
10109862MOREIRAR_2026-01-28_G22,10109862MOREIRAR,2026-01-28,140923,1,10,0,286.0
10109862MOREIRAR_2026-01-28_G23,10109862MOREIRAR,2026-01-28,117856,1,4,0,107.0
10109862MOREIRAR_2026-01-28_G24,10109862MOREIRAR,2026-01-28,117786,1,2,0,66.0
10109862MOREIRAR_2026-01-28_G25,10109862MOREIRAR,2026-01-28,109640,1,8,0,145.0
10109862MOREIRAR_2026-01-28_G26,10109862MOREIRAR,2026-01-28,117855,1,4,0,474.0
10109862MOREIRAR_2026-01-28_G27,10109862MOREIRAR,2026-01-28,117862,1,4,0,109.0
10109862MOREIRAR_2026-01-28_G28,10109862MOREIRAR,2026-01-28,140922,1,2,0,351.0
10109862MOREIRAR_2026-01-28_G29,10109862MOREIRAR,2026-01-28,110787,1,5,0,128.0
10109862MOREIRAR_2026-01-28_G30,10109862MOREIRAR,2026-01-28,111466,1,14,0,131.0
10109862MOREIRAR_2026-01-28_G31,10109862MOREIRAR,2026-01-28,141271,1,4,0,100.0
10109862MOREIRAR_2026-01-28_G32,10109862MOREIRAR,2026-01-28,111172,1,4,0,70.0
10109862MOREIRAR_2026-01-28_G33,10109862MOREIRAR,2026-01-28,111462,1,10,0,84.0
10109862MOREIRAR_2026-01-28_G34,10109862MOREIRAR,2026-01-28,111463,1,8,0,502.0
10109862MOREIRAR_2026-01-28_G35,10109862MOREIRAR,2026-01-28,111418,1,20,0,404.0
10109862MOREIRAR_2026-01-28_G36,10109862MOREIRAR,2026-01-28,111469,1,20,0,396.0
10109862MOREIRAR_2026-01-28_G37,10109862MOREIRAR,2026-01-28,111444,1,4,0,84.0
10109862MOREIRAR_2026-01-28_G38,10109862MOREIRAR,2026-01-28,118140,1,8,0,371.0
10109862MOREIRAR_2026-01-28_G39,10109862MOREIRAR,2026-01-28,110374,1,14,0,299.0
10109862MOREIRAR_2026-01-28_G40,10109862MOREIRAR,2026-01-28,110372,1,16,0,179.0
10109862MOREIRAR_2026-01-28_G41,10109862MOREIRAR,2026-01-28,117820,1,8,0,285.0
10109862MOREIRAR_2026-01-28_G42,10109862MOREIRAR,2026-01-28,117808,1,12,0,183.0
10109862MOREIRAR_2026-01-28_G43,10109862MOREIRAR,2026-01-28,110373,1,24,0,598.0
10109862MOREIRAR_2026-01-28_G44,10109862MOREIRAR,2026-01-28,108759,1,2,0,206.0
10109862MOREIRAR_2026-01-28_G45,10109862MOREIRAR,2026-01-28,111441,1,6,0,65.0
10109862MOREIRAR_2026-01-28_G46,10109862MOREIRAR,2026-01-28,117853,2,5,8,161.0
10109862MOREIRAR_2026-01-28_G47,10109862MOREIRAR,2026-01-28,118094,1,1,0,102.0
10109862MOREIRAR_2026-01-28_G48,10109862MOREIRAR,2026-01-28,117837,1,1,0,50.0
10109862MOREIRAR_2026-01-28_G49,10109862MOREIRAR,2026-01-28,111467,1,4,0,111.0
10109862MOREIRAR_2026-01-28_G50,10109862MOREIRAR,2026-01-28,118306,1,2,0,131.0
10109862MOREIRAR_2026-01-28_G51,10109862MOREIRAR,2026-01-28,140923,1,10,0,144.0
10109862MOREIRAR_2026-01-28_G52,10109862MOREIRAR,2026-01-28,110895,1,5,0,65.0
10109862MOREIRAR_2026-01-28_G53,10109862MOREIRAR,2026-01-28,110747,1,2,0,186.0
10109862MOREIRAR_2026-01-28_G54,10109862MOREIRAR,2026-01-28,110742,2,4,8,155.0
10109862MOREIRAR_2026-01-28_G55,10109862MOREIRAR,2026-01-28,100334,1,1,0,60.0
10109862MOREIRAR_2026-01-28_G56,10109862MOREIRAR,2026-01-28,111438,1,2,0,65.0
10109862MOREIRAR_2026-01-28_G57,10109862MOREIRAR,2026-01-28,111569,1,2,0,85.0
10109862MOREIRAR_2026-01-28_G58,10109862MOREIRAR,2026-01-28,117855,1,4,0,142.0
10109862MOREIRAR_2026-01-28_G59,10109862MOREIRAR,2026-01-28,117862,1,12,0,314.0
10109862MOREIRAR_2026-01-29_G02,10109862MOREIRAR,2026-01-29,141261,1,10,0,161.0
10109862MOREIRAR_2026-01-29_G03,10109862MOREIRAR,2026-01-29,111722,1,20,0,162.0
10109862MOREIRAR_2026-01-29_G04,10109862MOREIRAR,2026-01-29,118191,1,24,0,79.0
10109862MOREIRAR_2026-01-29_G05,10109862MOREIRAR,2026-01-29,111740,1,8,0,310.0
10109862MOREIRAR_2026-01-29_G06,10109862MOREIRAR,2026-01-29,111751,1,4,0,131.0
10109862MOREIRAR_2026-01-29_G07,10109862MOREIRAR,2026-01-29,141140,1,4,0,81.0
10109862MOREIRAR_2026-01-29_G08,10109862MOREIRAR,2026-01-29,111759,1,4,0,329.0
10109862MOREIRAR_2026-01-29_G09,10109862MOREIRAR,2026-01-29,111722,1,8,0,569.0
10109862MOREIRAR_2026-01-29_G10,10109862MOREIRAR,2026-01-29,118191,1,120,0,293.0
10109862MOREIRAR_2026-01-29_G11,10109862MOREIRAR,2026-01-29,141262,1,40,0,175.0
10109862MOREIRAR_2026-01-29_G12,10109862MOREIRAR,2026-01-29,141262,1,60,0,107.0
10109862MOREIRAR_2026-01-29_G13,10109862MOREIRAR,2026-01-29,111740,1,10,0,408.0
10109862MOREIRAR_2026-01-29_G14,10109862MOREIRAR,2026-01-29,"111634, 111751",2,22,12,344.0
10109862MOREIRAR_2026-01-29_G15,10109862MOREIRAR,2026-01-29,141457,1,92,0,950.0
10109862MOREIRAR_2026-01-29_G16,10109862MOREIRAR,2026-01-29,117832,1,85,0,415.0
10109862MOREIRAR_2026-01-29_G17,10109862MOREIRAR,2026-01-29,111602,2,7,7,252.0
10109862MOREIRAR_2026-01-29_G18,10109862MOREIRAR,2026-01-29,141166,1,3,0,52.0
10109862MOREIRAR_2026-01-29_G19,10109862MOREIRAR,2026-01-29,110374,1,2,0,100.0
10109862MOREIRAR_2026-01-29_G20,10109862MOREIRAR,2026-01-29,"111743, 110787",2,13,30,113.0
10109862MOREIRAR_2026-01-29_G21,10109862MOREIRAR,2026-01-29,111463,1,4,0,82.0
10109862MOREIRAR_2026-01-29_G22,10109862MOREIRAR,2026-01-29,109648,1,4,0,1183.0
10109862MOREIRAR_2026-01-29_G23,10109862MOREIRAR,2026-01-29,109643,1,40,0,149.0
10109862MOREIRAR_2026-01-29_G24,10109862MOREIRAR,2026-01-29,110373,1,59,0,419.0
10109862MOREIRAR_2026-01-29_G25,10109862MOREIRAR,2026-01-29,111463,1,76,0,542.0
10109862MOREIRAR_2026-01-29_G26,10109862MOREIRAR,2026-01-29,108798,1,40,0,438.0
10109862MOREIRAR_2026-01-29_G27,10109862MOREIRAR,2026-01-29,118140,1,39,0,242.0
10109862MOREIRAR_2026-01-29_G28,10109862MOREIRAR,2026-01-29,109647,1,15,0,1426.0
10109862MOREIRAR_2026-01-29_G30,10109862MOREIRAR,2026-01-29,117835,1,1,0,136.0
10109862MOREIRAR_2026-01-29_G31,10109862MOREIRAR,2026-01-29,110841,2,12,8,207.0
10109862MOREIRAR_2026-01-29_G32,10109862MOREIRAR,2026-01-29,110895,1,80,0,367.0
10109862MOREIRAR_2026-01-29_G33,10109862MOREIRAR,2026-01-29,117834,1,5,0,676.0
10109862MOREIRAR_2026-01-29_G34,10109862MOREIRAR,2026-01-29,141916,1,4,0,182.0
10109862MOREIRAR_2026-01-29_G35,10109862MOREIRAR,2026-01-29,111569,1,6,0,93.0
10109862MOREIRAR_2026-01-29_G36,10109862MOREIRAR,2026-01-29,110552,1,4,0,96.0
10109862MOREIRAR_2026-01-29_G37,10109862MOREIRAR,2026-01-29,110582,1,4,0,61.0
10109862MOREIRAR_2026-01-29_G38,10109862MOREIRAR,2026-01-29,111705,1,4,0,419.0
10109862MOREIRAR_2026-01-29_G39,10109862MOREIRAR,2026-01-29,110711,1,12,0,1686.0
10109862MOREIRAR_2026-01-29_G40,10109862MOREIRAR,2026-01-29,110752,2,26,11,801.0
10109862MOREIRAR_2026-01-29_G41,10109862MOREIRAR,2026-01-29,110741,1,12,0,1092.0
10109862MOREIRAR_2026-01-29_G42,10109862MOREIRAR,2026-01-29,111530,1,2,0,1217.0
10109862MOREIRAR_2026-01-29_G43,10109862MOREIRAR,2026-01-29,111530,1,80,0,1189.0
10109862MOREIRAR_2026-01-29_G44,10109862MOREIRAR,2026-01-29,108772,4,43,65,169.0
10109862MOREIRAR_2026-01-29_G46,10109862MOREIRAR,2026-01-29,141047,1,12,0,175.0
10109862MOREIRAR_2026-01-29_G47,10109862MOREIRAR,2026-01-29,110711,1,40,0,43.0
10109862MOREIRAR_2026-01-29_G48,10109862MOREIRAR,2026-01-29,110711,1,40,0,56.0
10109862MOREIRAR_2026-01-29_G49,10109862MOREIRAR,2026-01-29,117856,1,40,0,474.0
10109862MOREIRAR_2026-01-29_G50,10109862MOREIRAR,2026-01-29,110063,1,8,0,382.0
10109862MOREIRAR_2026-01-29_G51,10109862MOREIRAR,2026-01-29,118094,1,41,0,94.0
10109862MOREIRAR_2026-01-30_G02,10109862MOREIRAR,2026-01-30,141047,1,16,0,72.0
10109862MOREIRAR_2026-01-30_G03,10109862MOREIRAR,2026-01-30,111722,1,6,0,1147.0
10109862MOREIRAR_2026-01-30_G04,10109862MOREIRAR,2026-01-30,141262,1,10,0,175.0
10109862MOREIRAR_2026-01-30_G05,10109862MOREIRAR,2026-01-30,118191,1,12,0,212.0
10109862MOREIRAR_2026-01-30_G06,10109862MOREIRAR,2026-01-30,111740,1,6,0,143.0
10109862MOREIRAR_2026-01-30_G07,10109862MOREIRAR,2026-01-30,111751,1,6,0,1197.0
10109862MOREIRAR_2026-01-30_G08,10109862MOREIRAR,2026-01-30,110313,1,4,0,132.0
10109862MOREIRAR_2026-01-30_G09,10109862MOREIRAR,2026-01-30,111602,1,10,0,151.0
10109862MOREIRAR_2026-01-30_G10,10109862MOREIRAR,2026-01-30,111172,1,2,0,221.0
10109862MOREIRAR_2026-01-30_G11,10109862MOREIRAR,2026-01-30,110787,1,8,0,141.0
10109862MOREIRAR_2026-01-30_G12,10109862MOREIRAR,2026-01-30,111530,1,4,0,100.0
10109862MOREIRAR_2026-01-30_G13,10109862MOREIRAR,2026-01-30,110787,1,4,0,66.0
10109862MOREIRAR_2026-01-30_G14,10109862MOREIRAR,2026-01-30,111530,1,8,0,153.0
10109862MOREIRAR_2026-01-30_G15,10109862MOREIRAR,2026-01-30,111530,1,10,0,89.0
10109862MOREIRAR_2026-01-30_G16,10109862MOREIRAR,2026-01-30,111530,1,4,0,130.0
10109862MOREIRAR_2026-01-30_G17,10109862MOREIRAR,2026-01-30,141261,1,10,0,1310.0
10109862MOREIRAR_2026-01-30_G18,10109862MOREIRAR,2026-01-30,118191,1,30,0,519.0
10109862MOREIRAR_2026-01-30_G20,10109862MOREIRAR,2026-01-30,110743,1,10,0,93.0
10109862MOREIRAR_2026-01-30_G21,10109862MOREIRAR,2026-01-30,111743,1,30,0,58.0
10109862MOREIRAR_2026-01-30_G22,10109862MOREIRAR,2026-01-30,111466,1,30,0,533.0
10109862MOREIRAR_2026-01-30_G23,10109862MOREIRAR,2026-01-30,111463,1,40,0,543.0
10109862MOREIRAR_2026-01-30_G24,10109862MOREIRAR,2026-01-30,111418,1,10,0,114.0
10109862MOREIRAR_2026-01-30_G25,10109862MOREIRAR,2026-01-30,111532,1,50,0,297.0
10109862MOREIRAR_2026-01-30_G26,10109862MOREIRAR,2026-01-30,110740,1,18,0,289.0
10109862MOREIRAR_2026-01-30_G27,10109862MOREIRAR,2026-01-30,118140,1,30,0,164.0
10109862MOREIRAR_2026-01-30_G28,10109862MOREIRAR,2026-01-30,117785,1,30,0,153.0
10109862MOREIRAR_2026-01-30_G29,10109862MOREIRAR,2026-01-30,142045,1,10,0,363.0
10109862MOREIRAR_2026-01-30_G30,10109862MOREIRAR,2026-01-30,117855,1,36,0,222.0
10109862MOREIRAR_2026-01-30_G31,10109862MOREIRAR,2026-01-30,111467,1,26,0,335.0
10109862MOREIRAR_2026-01-30_G32,10109862MOREIRAR,2026-01-30,111530,1,24,0,229.0
10109862MOREIRAR_2026-01-30_G33,10109862MOREIRAR,2026-01-30,141166,1,16,0,193.0
10109862MOREIRAR_2026-01-30_G34,10109862MOREIRAR,2026-01-30,141166,1,16,0,1043.0
10109862MOREIRAR_2026-01-30_G35,10109862MOREIRAR,2026-01-30,111602,1,3,0,98.0
10109862MOREIRAR_2026-01-30_G36,10109862MOREIRAR,2026-01-30,111602,1,8,0,170.0
10109862MOREIRAR_2026-01-30_G37,10109862MOREIRAR,2026-01-30,110711,1,3,0,125.0
10109862MOREIRAR_2026-01-30_G38,10109862MOREIRAR,2026-01-30,110711,1,16,0,421.0
10109862MOREIRAR_2026-01-30_G39,10109862MOREIRAR,2026-01-30,108711,1,2,0,190.0
10109862MOREIRAR_2026-01-30_G40,10109862MOREIRAR,2026-01-30,108711,1,5,0,92.0
10109862MOREIRAR_2026-01-30_G41,10109862MOREIRAR,2026-01-30,110711,1,1,0,133.0
10109862MOREIRAR_2026-01-30_G42,10109862MOREIRAR,2026-01-30,111602,1,4,0,553.0
10109862MOREIRAR_2026-01-30_G43,10109862MOREIRAR,2026-01-30,110374,1,12,0,128.0
10109862MOREIRAR_2026-01-30_G44,10109862MOREIRAR,2026-01-30,110376,1,1,0,891.0
10109862MOREIRAR_2026-01-30_G45,10109862MOREIRAR,2026-01-30,110374,1,3,0,90.0
10109862MOREIRAR_2026-01-30_G46,10109862MOREIRAR,2026-01-30,109643,1,6,0,131.0
10109862MOREIRAR_2026-01-30_G47,10109862MOREIRAR,2026-01-30,117820,1,30,0,238.0
10109862MOREIRAR_2026-01-30_G48,10109862MOREIRAR,2026-01-30,110372,1,20,0,113.0
10109862MOREIRAR_2026-01-30_G49,10109862MOREIRAR,2026-01-30,118299,1,200,0,498.0
10109862MOREIRAR_2026-01-31_G02,10109862MOREIRAR,2026-01-31,142027,1,4,0,253.0
10109862MOREIRAR_2026-01-31_G03,10109862MOREIRAR,2026-01-31,118417,1,5,0,137.0
10109862MOREIRAR_2026-01-31_G04,10109862MOREIRAR,2026-01-31,109641,1,8,0,94.0
10109862MOREIRAR_2026-01-31_G05,10109862MOREIRAR,2026-01-31,118418,1,4,0,107.0
10109862MOREIRAR_2026-01-31_G06,10109862MOREIRAR,2026-01-31,110741,2,4,20,293.0
10109862MOREIRAR_2026-01-31_G07,10109862MOREIRAR,2026-01-31,140957,1,2,0,141.0
10109862MOREIRAR_2026-01-31_G08,10109862MOREIRAR,2026-01-31,141916,1,1,0,621.0
10109862MOREIRAR_2026-01-31_G09,10109862MOREIRAR,2026-01-31,141456,1,14,0,133.0
10109862MOREIRAR_2026-01-31_G10,10109862MOREIRAR,2026-01-31,110787,1,16,0,117.0
10109862MOREIRAR_2026-01-31_G11,10109862MOREIRAR,2026-01-31,140911,1,4,0,332.0
10109862MOREIRAR_2026-01-31_G12,10109862MOREIRAR,2026-01-31,111330,1,8,0,1140.0
10109862MOREIRAR_2026-02-04_G02,10109862MOREIRAR,2026-02-04,121651,1,86,0,1499.0
10109862MOREIRAR_2026-02-04_G03,10109862MOREIRAR,2026-02-04,121760,1,8,0,164.0
10109862MOREIRAR_2026-02-04_G04,10109862MOREIRAR,2026-02-04,123153,1,125,0,1344.0
10109862MOREIRAR_2026-02-04_G05,10109862MOREIRAR,2026-02-04,123343,1,2,0,929.0
10109862MOREIRAR_2026-02-04_G06,10109862MOREIRAR,2026-02-04,123345,1,3,0,122.0
10109862MOREIRAR_2026-02-04_G07,10109862MOREIRAR,2026-02-04,124486,1,230,0,3449.0
10109862MOREIRAR_2026-02-05_G02,10109862MOREIRAR,2026-02-05,118140,1,1,0,124.0
10109862MOREIRAR_2026-02-05_G03,10109862MOREIRAR,2026-02-05,110747,1,4,0,408.0
10109862MOREIRAR_2026-02-05_G04,10109862MOREIRAR,2026-02-05,110742,1,8,0,170.0
10109862MOREIRAR_2026-02-05_G05,10109862MOREIRAR,2026-02-05,111569,1,4,0,276.0
10109862MOREIRAR_2026-02-05_G06,10109862MOREIRAR,2026-02-05,117862,1,2,0,132.0
10109862MOREIRAR_2026-02-05_G07,10109862MOREIRAR,2026-02-05,117856,1,3,0,133.0
10109862MOREIRAR_2026-02-05_G08,10109862MOREIRAR,2026-02-05,110740,1,6,0,279.0
10109862MOREIRAR_2026-02-05_G09,10109862MOREIRAR,2026-02-05,109641,1,2,0,63.0
10109862MOREIRAR_2026-02-05_G10,10109862MOREIRAR,2026-02-05,111348,1,4,0,84.0
10109862MOREIRAR_2026-02-05_G11,10109862MOREIRAR,2026-02-05,111469,1,2,0,78.0
10109862MOREIRAR_2026-02-05_G12,10109862MOREIRAR,2026-02-05,109645,1,2,0,151.0
10109862MOREIRAR_2026-02-05_G13,10109862MOREIRAR,2026-02-05,118223,1,1,0,169.0
10109862MOREIRAR_2026-02-05_G14,10109862MOREIRAR,2026-02-05,109643,1,3,0,182.0
10109862MOREIRAR_2026-02-05_G15,10109862MOREIRAR,2026-02-05,117820,1,6,0,94.0
10109862MOREIRAR_2026-02-05_G16,10109862MOREIRAR,2026-02-05,117808,1,40,0,311.0
10109862MOREIRAR_2026-02-05_G17,10109862MOREIRAR,2026-02-05,117836,1,12,0,534.0
10109862MOREIRAR_2026-02-05_G18,10109862MOREIRAR,2026-02-05,111569,1,4,0,109.0
10109862MOREIRAR_2026-02-05_G19,10109862MOREIRAR,2026-02-05,117820,1,4,0,194.0
10109862MOREIRAR_2026-02-05_G20,10109862MOREIRAR,2026-02-05,117785,1,4,0,128.0
10109862MOREIRAR_2026-02-05_G21,10109862MOREIRAR,2026-02-05,111569,1,10,0,1979.0
10109862MOREIRAR_2026-02-05_G22,10109862MOREIRAR,2026-02-05,111569,1,4,0,52.0
10109862MOREIRAR_2026-02-05_G23,10109862MOREIRAR,2026-02-05,110741,2,16,9,175.0
10109862MOREIRAR_2026-02-05_G24,10109862MOREIRAR,2026-02-05,117788,1,2,0,131.0
10109862MOREIRAR_2026-02-05_G25,10109862MOREIRAR,2026-02-05,111530,2,20,23,49.0
10109862MOREIRAR_2026-02-05_G26,10109862MOREIRAR,2026-02-05,117856,1,16,0,364.0
10109862MOREIRAR_2026-02-05_G27,10109862MOREIRAR,2026-02-05,141166,1,4,0,425.0
10109862MOREIRAR_2026-02-06_G02,10109862MOREIRAR,2026-02-06,117831,1,20,0,159.0
10109862MOREIRAR_2026-02-06_G03,10109862MOREIRAR,2026-02-06,"111418, 117821",2,50,29,199.0
10109862MOREIRAR_2026-02-06_G04,10109862MOREIRAR,2026-02-06,108711,1,20,0,401.0
10109862MOREIRAR_2026-02-06_G05,10109862MOREIRAR,2026-02-06,116241,1,16,0,202.0
10109862MOREIRAR_2026-02-06_G06,10109862MOREIRAR,2026-02-06,111469,1,30,0,258.0
10109862MOREIRAR_2026-02-06_G07,10109862MOREIRAR,2026-02-06,111463,1,12,0,237.0
10109862MOREIRAR_2026-02-06_G08,10109862MOREIRAR,2026-02-06,111532,1,20,0,943.0
10109862MOREIRAR_2026-02-06_G09,10109862MOREIRAR,2026-02-06,141457,1,12,0,174.0
10109862MOREIRAR_2026-02-06_G10,10109862MOREIRAR,2026-02-06,111433,1,6,0,137.0
10109862MOREIRAR_2026-02-06_G11,10109862MOREIRAR,2026-02-06,118140,1,50,0,2056.0
10109862MOREIRAR_2026-02-06_G12,10109862MOREIRAR,2026-02-06,111660,1,12,0,439.0
10109862MOREIRAR_2026-02-08_G02,10109862MOREIRAR,2026-02-08,122671,1,16,0,859.0
10109862MOREIRAR_2026-02-08_G03,10109862MOREIRAR,2026-02-08,122962,1,10,0,812.0
10109862MOREIRAR_2026-02-08_G04,10109862MOREIRAR,2026-02-08,122703,1,40,0,664.0
10109862MOREIRAR_2026-02-08_G05,10109862MOREIRAR,2026-02-08,122982,1,12,0,175.0
10109862MOREIRAR_2026-02-08_G06,10109862MOREIRAR,2026-02-08,120272,1,12,0,226.0
10109862MOREIRAR_2026-02-08_G07,10109862MOREIRAR,2026-02-08,122988,1,12,0,125.0
10109862MOREIRAR_2026-02-08_G08,10109862MOREIRAR,2026-02-08,124371,1,50,0,539.0
10109862MOREIRAR_2026-02-08_G09,10109862MOREIRAR,2026-02-08,122984,1,20,0,351.0
10109862MOREIRAR_2026-02-08_G10,10109862MOREIRAR,2026-02-08,124370,1,100,0,1107.0
10109862MOREIRAR_2026-02-08_G11,10109862MOREIRAR,2026-02-08,122185,1,15,0,412.0
10109862MOREIRAR_2026-02-08_G12,10109862MOREIRAR,2026-02-08,142147,1,500,0,2886.0
10109862MOREIRAR_2026-02-09_G03,10109862MOREIRAR,2026-02-09,140923,1,4,0,48.0
10109862MOREIRAR_2026-02-09_G04,10109862MOREIRAR,2026-02-09,111530,2,8,9,64.0
10109862MOREIRAR_2026-02-09_G05,10109862MOREIRAR,2026-02-09,109643,1,2,0,115.0
10109862MOREIRAR_2026-02-09_G06,10109862MOREIRAR,2026-02-09,110371,1,10,0,96.0
10109862MOREIRAR_2026-02-09_G07,10109862MOREIRAR,2026-02-09,109641,1,10,0,182.0
10109862MOREIRAR_2026-02-09_G08,10109862MOREIRAR,2026-02-09,111348,1,6,0,69.0
10109862MOREIRAR_2026-02-09_G09,10109862MOREIRAR,2026-02-09,108794,1,6,0,76.0
10109862MOREIRAR_2026-02-09_G10,10109862MOREIRAR,2026-02-09,117821,1,4,0,80.0
10109862MOREIRAR_2026-02-09_G11,10109862MOREIRAR,2026-02-09,108711,1,2,0,119.0
10109862MOREIRAR_2026-02-09_G12,10109862MOREIRAR,2026-02-09,111466,1,4,0,138.0
10109862MOREIRAR_2026-02-09_G13,10109862MOREIRAR,2026-02-09,111443,1,4,0,40.0
10109862MOREIRAR_2026-02-09_G14,10109862MOREIRAR,2026-02-09,111463,1,3,0,79.0
10109862MOREIRAR_2026-02-09_G15,10109862MOREIRAR,2026-02-09,141457,1,4,0,57.0
10109862MOREIRAR_2026-02-09_G16,10109862MOREIRAR,2026-02-09,111444,1,2,0,48.0
10109862MOREIRAR_2026-02-09_G17,10109862MOREIRAR,2026-02-09,117835,1,1,0,343.0
10109862MOREIRAR_2026-02-09_G18,10109862MOREIRAR,2026-02-09,142045,1,2,0,57.0
10109862MOREIRAR_2026-02-09_G19,10109862MOREIRAR,2026-02-09,100334,1,7,0,111.0
10109862MOREIRAR_2026-02-09_G20,10109862MOREIRAR,2026-02-09,111530,1,12,0,226.0
10109862MOREIRAR_2026-02-09_G21,10109862MOREIRAR,2026-02-09,141047,1,4,0,84.0
10109862MOREIRAR_2026-02-09_G22,10109862MOREIRAR,2026-02-09,110711,1,8,0,102.0
10109862MOREIRAR_2026-02-09_G23,10109862MOREIRAR,2026-02-09,111602,1,6,0,70.0
10109862MOREIRAR_2026-02-09_G24,10109862MOREIRAR,2026-02-09,107830,1,6,0,118.0
10109862MOREIRAR_2026-02-09_G25,10109862MOREIRAR,2026-02-09,110374,1,2,0,56.0
10109862MOREIRAR_2026-02-09_G26,10109862MOREIRAR,2026-02-09,109643,1,12,0,230.0
10109862MOREIRAR_2026-02-09_G27,10109862MOREIRAR,2026-02-09,117808,1,7,0,37.0
10109862MOREIRAR_2026-02-09_G28,10109862MOREIRAR,2026-02-09,117832,1,2,0,181.0
10109862MOREIRAR_2026-02-09_G29,10109862MOREIRAR,2026-02-09,110371,1,4,0,33.0
10109862MOREIRAR_2026-02-09_G30,10109862MOREIRAR,2026-02-09,110373,1,12,0,243.0
10109862MOREIRAR_2026-02-09_G31,10109862MOREIRAR,2026-02-09,111466,1,9,0,108.0
10109862MOREIRAR_2026-02-09_G32,10109862MOREIRAR,2026-02-09,111466,1,9,0,41.0
10109862MOREIRAR_2026-02-09_G33,10109862MOREIRAR,2026-02-09,109641,1,8,0,95.0
10109862MOREIRAR_2026-02-09_G34,10109862MOREIRAR,2026-02-09,111418,1,3,0,95.0
10109862MOREIRAR_2026-02-09_G35,10109862MOREIRAR,2026-02-09,"111418, 118140",3,20,25,40.0
10109862MOREIRAR_2026-02-09_G36,10109862MOREIRAR,2026-02-09,141823,2,8,11,140.0
10109862MOREIRAR_2026-02-09_G37,10109862MOREIRAR,2026-02-09,111465,2,5,7,139.0
10109862MOREIRAR_2026-02-09_G38,10109862MOREIRAR,2026-02-09,111441,1,12,0,412.0
10109862MOREIRAR_2026-02-09_G39,10109862MOREIRAR,2026-02-09,111467,1,2,0,92.0
10109862MOREIRAR_2026-02-09_G40,10109862MOREIRAR,2026-02-09,110711,2,2,11,49.0
10109862MOREIRAR_2026-02-09_G41,10109862MOREIRAR,2026-02-09,117820,1,4,0,101.0
10109862MOREIRAR_2026-02-09_G42,10109862MOREIRAR,2026-02-09,110371,1,5,0,44.0
10109862MOREIRAR_2026-02-09_G43,10109862MOREIRAR,2026-02-09,117808,1,5,0,116.0
10109862MOREIRAR_2026-02-09_G44,10109862MOREIRAR,2026-02-09,110373,1,14,0,359.0
10109862MOREIRAR_2026-02-09_G45,10109862MOREIRAR,2026-02-09,117833,1,4,0,205.0
10109862MOREIRAR_2026-02-09_G46,10109862MOREIRAR,2026-02-09,117831,1,2,0,66.0
10109862MOREIRAR_2026-02-09_G47,10109862MOREIRAR,2026-02-09,111466,1,8,0,412.0
10109862MOREIRAR_2026-02-09_G48,10109862MOREIRAR,2026-02-09,141271,1,4,0,93.0
10109862MOREIRAR_2026-02-09_G49,10109862MOREIRAR,2026-02-09,"118140, 141457",2,9,19,254.0
10109862MOREIRAR_2026-02-09_G50,10109862MOREIRAR,2026-02-09,117834,1,14,0,1637.0
10109862MOREIRAR_2026-02-09_G51,10109862MOREIRAR,2026-02-09,110755,1,4,0,135.0
10109862MOREIRAR_2026-02-09_G52,10109862MOREIRAR,2026-02-09,142045,1,8,0,74.0
10109862MOREIRAR_2026-02-09_G53,10109862MOREIRAR,2026-02-09,111438,1,12,0,142.0
10109862MOREIRAR_2026-02-09_G54,10109862MOREIRAR,2026-02-09,111438,1,14,0,170.0
10109862MOREIRAR_2026-02-09_G55,10109862MOREIRAR,2026-02-09,110747,1,30,0,375.0
10109862MOREIRAR_2026-02-09_G56,10109862MOREIRAR,2026-02-09,111569,1,11,0,186.0
10109862MOREIRAR_2026-02-09_G57,10109862MOREIRAR,2026-02-09,118094,1,5,0,335.0
10109862MOREIRAR_2026-02-09_G58,10109862MOREIRAR,2026-02-09,107629,1,8,0,74.0
10109862MOREIRAR_2026-02-09_G59,10109862MOREIRAR,2026-02-09,111530,1,46,0,420.0
10109862MOREIRAR_2026-02-09_G60,10109862MOREIRAR,2026-02-09,117786,1,5,0,92.0
10109862MOREIRAR_2026-02-09_G61,10109862MOREIRAR,2026-02-09,141047,1,2,0,51.0
10109862MOREIRAR_2026-02-09_G62,10109862MOREIRAR,2026-02-09,109640,1,2,0,53.0
10109862MOREIRAR_2026-02-09_G63,10109862MOREIRAR,2026-02-09,110339,1,2,0,31.0
10109862MOREIRAR_2026-02-10_G02,10109862MOREIRAR,2026-02-10,100334,1,4,0,1385.0
10109862MOREIRAR_2026-02-10_G03,10109862MOREIRAR,2026-02-10,109643,1,2,0,146.0
10109862MOREIRAR_2026-02-10_G04,10109862MOREIRAR,2026-02-10,109643,1,4,0,97.0
10109862MOREIRAR_2026-02-10_G05,10109862MOREIRAR,2026-02-10,108759,1,1,0,208.0
10109862MOREIRAR_2026-02-10_G06,10109862MOREIRAR,2026-02-10,140923,1,4,0,169.0
10109862MOREIRAR_2026-02-10_G07,10109862MOREIRAR,2026-02-10,"111602, 117856",2,6,14,70.0
10109862MOREIRAR_2026-02-10_G08,10109862MOREIRAR,2026-02-10,141318,1,4,0,182.0
10109862MOREIRAR_2026-02-10_G09,10109862MOREIRAR,2026-02-10,100334,1,4,0,251.0
10109862MOREIRAR_2026-02-10_G10,10109862MOREIRAR,2026-02-10,141271,1,4,0,62.0
10109862MOREIRAR_2026-02-10_G11,10109862MOREIRAR,2026-02-10,111532,1,2,0,62.0
10109862MOREIRAR_2026-02-10_G12,10109862MOREIRAR,2026-02-10,111435,1,2,0,64.0
10109862MOREIRAR_2026-02-10_G13,10109862MOREIRAR,2026-02-10,118251,1,4,0,446.0
10109862MOREIRAR_2026-02-10_G14,10109862MOREIRAR,2026-02-10,110711,1,4,0,119.0
10109862MOREIRAR_2026-02-10_G15,10109862MOREIRAR,2026-02-10,"117808, 111466",2,6,20,126.0
10109862MOREIRAR_2026-02-10_G16,10109862MOREIRAR,2026-02-10,111443,1,4,0,35.0
10109862MOREIRAR_2026-02-10_G17,10109862MOREIRAR,2026-02-10,111463,1,4,0,134.0
10109862MOREIRAR_2026-02-10_G19,10109862MOREIRAR,2026-02-10,111463,1,520,0,1539.0
10109862MOREIRAR_2026-02-10_G20,10109862MOREIRAR,2026-02-10,117830,1,280,0,691.0
10109862MOREIRAR_2026-02-10_G21,10109862MOREIRAR,2026-02-10,110373,1,44,0,222.0
10109862MOREIRAR_2026-02-10_G22,10109862MOREIRAR,2026-02-10,117861,1,80,0,387.0
10109862MOREIRAR_2026-02-10_G23,10109862MOREIRAR,2026-02-10,118094,1,140,0,348.0
10109862MOREIRAR_2026-02-10_G24,10109862MOREIRAR,2026-02-10,111602,1,140,0,356.0
10109862MOREIRAR_2026-02-10_G25,10109862MOREIRAR,2026-02-10,141166,1,8,0,178.0
10109862MOREIRAR_2026-02-10_G26,10109862MOREIRAR,2026-02-10,110752,1,4,0,1446.0
10109862MOREIRAR_2026-02-10_G27,10109862MOREIRAR,2026-02-10,110752,1,2,0,46.0
10109862MOREIRAR_2026-02-10_G28,10109862MOREIRAR,2026-02-10,111660,1,8,0,128.0
10109862MOREIRAR_2026-02-10_G29,10109862MOREIRAR,2026-02-10,111441,1,18,0,1174.0
10109862MOREIRAR_2026-02-10_G30,10109862MOREIRAR,2026-02-10,111430,1,3,0,160.0
10109862MOREIRAR_2026-02-10_G31,10109862MOREIRAR,2026-02-10,110741,1,17,0,140.0
10109862MOREIRAR_2026-02-10_G32,10109862MOREIRAR,2026-02-10,107629,1,10,0,143.0
10109862MOREIRAR_2026-02-10_G33,10109862MOREIRAR,2026-02-10,141047,1,24,0,286.0
10109862MOREIRAR_2026-02-10_G34,10109862MOREIRAR,2026-02-10,110895,1,20,0,194.0
10109862MOREIRAR_2026-02-10_G35,10109862MOREIRAR,2026-02-10,111438,1,20,0,253.0
10109862MOREIRAR_2026-02-10_G36,10109862MOREIRAR,2026-02-10,110747,1,12,0,149.0
10109862MOREIRAR_2026-02-10_G37,10109862MOREIRAR,2026-02-10,115775,1,8,0,100.0
10109862MOREIRAR_2026-02-10_G38,10109862MOREIRAR,2026-02-10,141318,1,4,0,91.0
10109862MOREIRAR_2026-02-10_G39,10109862MOREIRAR,2026-02-10,110742,1,8,0,192.0
10109862MOREIRAR_2026-02-10_G40,10109862MOREIRAR,2026-02-10,111569,1,12,0,275.0
10109862MOREIRAR_2026-02-10_G41,10109862MOREIRAR,2026-02-10,110754,1,5,0,90.0
10109862MOREIRAR_2026-02-10_G42,10109862MOREIRAR,2026-02-10,100334,1,16,0,277.0
10109862MOREIRAR_2026-02-10_G43,10109862MOREIRAR,2026-02-10,110711,1,29,0,230.0
10109862MOREIRAR_2026-02-10_G44,10109862MOREIRAR,2026-02-10,141352,1,48,0,377.0
10109862MOREIRAR_2026-02-10_G45,10109862MOREIRAR,2026-02-10,117837,1,16,0,213.0
10109862MOREIRAR_2026-02-10_G46,10109862MOREIRAR,2026-02-10,141066,1,12,0,166.0
10109862MOREIRAR_2026-02-10_G47,10109862MOREIRAR,2026-02-10,109641,1,4,0,1639.0
10109862MOREIRAR_2026-02-10_G48,10109862MOREIRAR,2026-02-10,117842,1,12,0,70.0
10109862MOREIRAR_2026-02-10_G49,10109862MOREIRAR,2026-02-10,111348,1,23,0,155.0
10109862MOREIRAR_2026-02-10_G50,10109862MOREIRAR,2026-02-10,108794,1,16,0,221.0
10109862MOREIRAR_2026-02-11_G02,10109862MOREIRAR,2026-02-11,116241,1,4,0,226.0
10109862MOREIRAR_2026-02-11_G03,10109862MOREIRAR,2026-02-11,111743,1,18,0,212.0
10109862MOREIRAR_2026-02-11_G04,10109862MOREIRAR,2026-02-11,111172,1,15,0,178.0
10109862MOREIRAR_2026-02-11_G05,10109862MOREIRAR,2026-02-11,111463,1,50,0,298.0
10109862MOREIRAR_2026-02-11_G06,10109862MOREIRAR,2026-02-11,141823,1,15,0,418.0
10109862MOREIRAR_2026-02-11_G07,10109862MOREIRAR,2026-02-11,141457,1,27,0,331.0
10109862MOREIRAR_2026-02-11_G08,10109862MOREIRAR,2026-02-11,111433,1,74,0,415.0
10109862MOREIRAR_2026-02-11_G09,10109862MOREIRAR,2026-02-11,111435,1,27,0,478.0
10109862MOREIRAR_2026-02-11_G10,10109862MOREIRAR,2026-02-11,110743,1,20,0,214.0
10109862MOREIRAR_2026-02-11_G11,10109862MOREIRAR,2026-02-11,109645,1,32,0,630.0
10109862MOREIRAR_2026-02-11_G12,10109862MOREIRAR,2026-02-11,140923,1,100,0,1649.0
10109862MOREIRAR_2026-02-11_G13,10109862MOREIRAR,2026-02-11,118304,1,4,0,555.0
10109862MOREIRAR_2026-02-11_G14,10109862MOREIRAR,2026-02-11,110755,1,2,0,85.0
10109862MOREIRAR_2026-02-11_G15,10109862MOREIRAR,2026-02-11,140923,1,48,0,420.0
10109862MOREIRAR_2026-02-11_G16,10109862MOREIRAR,2026-02-11,111876,1,9,0,178.0
10109862MOREIRAR_2026-02-11_G17,10109862MOREIRAR,2026-02-11,118094,1,12,0,132.0
10109862MOREIRAR_2026-02-11_G18,10109862MOREIRAR,2026-02-11,117862,1,12,0,433.0
10109862MOREIRAR_2026-02-11_G19,10109862MOREIRAR,2026-02-11,141047,1,12,0,95.0
10109862MOREIRAR_2026-02-11_G20,10109862MOREIRAR,2026-02-11,110339,1,20,0,273.0
10109862MOREIRAR_2026-02-11_G21,10109862MOREIRAR,2026-02-11,141166,1,36,0,553.0
10109862MOREIRAR_2026-02-11_G22,10109862MOREIRAR,2026-02-11,117808,1,80,0,682.0
10109862MOREIRAR_2026-02-11_G24,10109862MOREIRAR,2026-02-11,110371,1,340,0,825.0
10109862MOREIRAR_2026-02-11_G25,10109862MOREIRAR,2026-02-11,110325,1,200,0,490.0
10109862MOREIRAR_2026-02-11_G26,10109862MOREIRAR,2026-02-11,106179,1,2,0,1038.0
10109862MOREIRAR_2026-02-11_G27,10109862MOREIRAR,2026-02-11,142027,1,4,0,189.0
10109862MOREIRAR_2026-02-11_G28,10109862MOREIRAR,2026-02-11,118253,1,4,0,111.0
10109862MOREIRAR_2026-02-11_G29,10109862MOREIRAR,2026-02-11,111418,1,700,0,507.0
10109862MOREIRAR_2026-02-11_G30,10109862MOREIRAR,2026-02-11,117809,1,16,0,1924.0
10109862MOREIRAR_2026-02-11_G31,10109862MOREIRAR,2026-02-11,110374,2,11,10,229.0
10109862MOREIRAR_2026-02-11_G32,10109862MOREIRAR,2026-02-11,109648,2,2,8,88.0
10109862MOREIRAR_2026-02-11_G33,10109862MOREIRAR,2026-02-11,110371,1,62,0,383.0
10109862MOREIRAR_2026-02-11_G34,10109862MOREIRAR,2026-02-11,117820,1,29,0,289.0
10109862MOREIRAR_2026-02-11_G35,10109862MOREIRAR,2026-02-11,117840,2,3,10,94.0
10109862MOREIRAR_2026-02-11_G36,10109862MOREIRAR,2026-02-11,110372,1,26,0,347.0
10109862MOREIRAR_2026-02-11_G37,10109862MOREIRAR,2026-02-11,110375,1,12,0,260.0
10109862MOREIRAR_2026-02-11_G38,10109862MOREIRAR,2026-02-11,117832,1,12,0,172.0
10109862MOREIRAR_2026-02-11_G39,10109862MOREIRAR,2026-02-11,117820,1,24,0,245.0
10109862MOREIRAR_2026-02-11_G41,10109862MOREIRAR,2026-02-11,111876,1,3,0,57.0
10109862MOREIRAR_2026-02-12_G02,10109862MOREIRAR,2026-02-12,107629,1,4,0,421.0
10109862MOREIRAR_2026-02-12_G03,10109862MOREIRAR,2026-02-12,117788,2,9,8,104.0
10109862MOREIRAR_2026-02-12_G04,10109862MOREIRAR,2026-02-12,117862,1,1,0,52.0
10109862MOREIRAR_2026-02-12_G05,10109862MOREIRAR,2026-02-12,117786,1,20,0,163.0
10109862MOREIRAR_2026-02-12_G06,10109862MOREIRAR,2026-02-12,141047,1,4,0,133.0
10109862MOREIRAR_2026-02-12_G07,10109862MOREIRAR,2026-02-12,117856,1,3,0,84.0
10109862MOREIRAR_2026-02-12_G08,10109862MOREIRAR,2026-02-12,110756,1,3,0,56.0
10109862MOREIRAR_2026-02-12_G09,10109862MOREIRAR,2026-02-12,110339,1,4,0,98.0
10109862MOREIRAR_2026-02-12_G10,10109862MOREIRAR,2026-02-12,117837,1,3,0,106.0
10109862MOREIRAR_2026-02-12_G11,10109862MOREIRAR,2026-02-12,111879,1,5,0,376.0
10109862MOREIRAR_2026-02-12_G12,10109862MOREIRAR,2026-02-12,101217,1,1,0,106.0
10109862MOREIRAR_2026-02-12_G13,10109862MOREIRAR,2026-02-12,110755,1,50,0,763.0
10109862MOREIRAR_2026-02-12_G14,10109862MOREIRAR,2026-02-12,111439,1,150,0,603.0
10109862MOREIRAR_2026-02-12_G15,10109862MOREIRAR,2026-02-12,107629,1,200,0,567.0
10109862MOREIRAR_2026-02-12_G16,10109862MOREIRAR,2026-02-12,110711,1,100,0,796.0
10109862MOREIRAR_2026-02-12_G17,10109862MOREIRAR,2026-02-12,117862,1,2,0,667.0
10109862MOREIRAR_2026-02-12_G18,10109862MOREIRAR,2026-02-12,117786,1,3,0,59.0
10109862MOREIRAR_2026-02-12_G19,10109862MOREIRAR,2026-02-12,117836,1,12,0,195.0
10109862MOREIRAR_2026-02-12_G20,10109862MOREIRAR,2026-02-12,117861,1,2,0,65.0
10109862MOREIRAR_2026-02-12_G21,10109862MOREIRAR,2026-02-12,111330,1,6,0,231.0
10109862MOREIRAR_2026-02-12_G22,10109862MOREIRAR,2026-02-12,117862,1,2,0,200.0
10109862MOREIRAR_2026-02-12_G23,10109862MOREIRAR,2026-02-12,117856,1,2,0,73.0
10109862MOREIRAR_2026-02-12_G24,10109862MOREIRAR,2026-02-12,110747,1,14,0,183.0
10109862MOREIRAR_2026-02-12_G25,10109862MOREIRAR,2026-02-12,141456,1,4,0,74.0
10109862MOREIRAR_2026-02-12_G26,10109862MOREIRAR,2026-02-12,117808,1,250,0,589.0
10109862MOREIRAR_2026-02-12_G27,10109862MOREIRAR,2026-02-12,118299,1,450,0,769.0
10109862MOREIRAR_2026-02-12_G28,10109862MOREIRAR,2026-02-12,141456,1,67,0,447.0
10109862MOREIRAR_2026-02-12_G29,10109862MOREIRAR,2026-02-12,108770,1,2,0,202.0
10109862MOREIRAR_2026-02-12_G30,10109862MOREIRAR,2026-02-12,110895,1,22,0,327.0
10109862MOREIRAR_2026-02-12_G31,10109862MOREIRAR,2026-02-12,110747,1,2,0,58.0
10109862MOREIRAR_2026-02-12_G32,10109862MOREIRAR,2026-02-12,141916,1,8,0,138.0
10109862MOREIRAR_2026-02-12_G33,10109862MOREIRAR,2026-02-12,117836,1,2,0,114.0
10109862MOREIRAR_2026-02-12_G35,10109862MOREIRAR,2026-02-12,109643,1,102,0,286.0
10109862MOREIRAR_2026-02-13_G02,10109862MOREIRAR,2026-02-13,123822,1,150,0,2303.0
10109862MOREIRAR_2026-02-13_G05,10109862MOREIRAR,2026-02-13,117809,1,80,0,811.0
10109862MOREIRAR_2026-02-13_G06,10109862MOREIRAR,2026-02-13,110374,1,60,0,542.0
10109862MOREIRAR_2026-02-13_G07,10109862MOREIRAR,2026-02-13,117830,1,180,0,578.0
10109862MOREIRAR_2026-02-13_G08,10109862MOREIRAR,2026-02-13,110373,1,216,0,466.0
10109862MOREIRAR_2026-02-13_G09,10109862MOREIRAR,2026-02-13,110373,1,40,0,591.0
10109862MOREIRAR_2026-02-13_G10,10109862MOREIRAR,2026-02-13,118052,1,4,0,668.0
10109862MOREIRAR_2026-02-13_G11,10109862MOREIRAR,2026-02-13,118169,1,4,0,32.0
10109862MOREIRAR_2026-02-13_G12,10109862MOREIRAR,2026-02-13,117834,1,20,0,459.0
10109862MOREIRAR_2026-02-13_G13,10109862MOREIRAR,2026-02-13,118417,1,23,0,713.0
10109862MOREIRAR_2026-02-13_G14,10109862MOREIRAR,2026-02-13,118229,1,12,0,429.0
10109862MOREIRAR_2026-02-13_G15,10109862MOREIRAR,2026-02-13,117789,1,6,0,82.0
10109862MOREIRAR_2026-02-13_G16,10109862MOREIRAR,2026-02-13,108772,2,8,30,51.0
10109862MOREIRAR_2026-02-13_G17,10109862MOREIRAR,2026-02-13,108772,1,12,0,195.0
10109862MOREIRAR_2026-02-13_G18,10109862MOREIRAR,2026-02-13,141047,1,20,0,73.0
10109862MOREIRAR_2026-02-13_G19,10109862MOREIRAR,2026-02-13,141066,1,50,0,701.0
10109862MOREIRAR_2026-02-13_G20,10109862MOREIRAR,2026-02-13,117856,1,30,0,316.0
10109862MOREIRAR_2026-02-14_G02,10109862MOREIRAR,2026-02-14,142045,1,2,0,401.0
10109862MOREIRAR_2026-02-14_G03,10109862MOREIRAR,2026-02-14,108770,1,4,0,128.0
10109862MOREIRAR_2026-02-14_G04,10109862MOREIRAR,2026-02-14,141916,1,4,0,89.0
10109862MOREIRAR_2026-02-14_G05,10109862MOREIRAR,2026-02-14,140923,1,8,0,153.0
10109862MOREIRAR_2026-02-14_G06,10109862MOREIRAR,2026-02-14,108794,1,4,0,81.0
10109862MOREIRAR_2026-02-14_G07,10109862MOREIRAR,2026-02-14,117831,1,8,0,114.0
10109862MOREIRAR_2026-02-14_G08,10109862MOREIRAR,2026-02-14,110371,1,20,0,112.0
10109862MOREIRAR_2026-02-14_G09,10109862MOREIRAR,2026-02-14,117820,1,20,0,186.0
10109862MOREIRAR_2026-02-14_G10,10109862MOREIRAR,2026-02-14,110325,1,10,0,40.0
10109862MOREIRAR_2026-02-14_G11,10109862MOREIRAR,2026-02-14,117822,1,2,0,76.0
10109862MOREIRAR_2026-02-14_G12,10109862MOREIRAR,2026-02-14,110711,1,4,0,305.0
10109862MOREIRAR_2026-02-14_G13,10109862MOREIRAR,2026-02-14,141823,1,12,0,32.0
10109862MOREIRAR_2026-02-14_G14,10109862MOREIRAR,2026-02-14,110372,1,40,0,135.0
10109862MOREIRAR_2026-02-14_G15,10109862MOREIRAR,2026-02-14,109647,1,4,0,228.0
10109862MOREIRAR_2026-02-14_G16,10109862MOREIRAR,2026-02-14,110740,1,2,0,137.0
10109862MOREIRAR_2026-02-14_G17,10109862MOREIRAR,2026-02-14,117832,1,4,0,45.0
10109862MOREIRAR_2026-02-14_G18,10109862MOREIRAR,2026-02-14,117785,1,10,0,43.0
10109862MOREIRAR_2026-02-14_G19,10109862MOREIRAR,2026-02-14,111463,1,10,0,354.0
10109862MOREIRAR_2026-02-14_G20,10109862MOREIRAR,2026-02-14,140923,1,75,0,882.0
10109862MOREIRAR_2026-02-14_G21,10109862MOREIRAR,2026-02-14,107629,1,4,0,153.0
10109862MOREIRAR_2026-02-14_G22,10109862MOREIRAR,2026-02-14,111430,1,12,0,117.0
10109862MOREIRAR_2026-02-14_G23,10109862MOREIRAR,2026-02-14,100334,1,4,0,145.0
10109862MOREIRAR_2026-02-14_G24,10109862MOREIRAR,2026-02-14,117862,1,40,0,186.0
10109862MOREIRAR_2026-02-14_G25,10109862MOREIRAR,2026-02-14,117786,1,39,0,289.0
10109862MOREIRAR_2026-02-14_G26,10109862MOREIRAR,2026-02-14,141047,1,2,0,185.0
10109862MOREIRAR_2026-02-14_G27,10109862MOREIRAR,2026-02-14,109647,1,2,0,56.0
10109862MOREIRAR_2026-02-14_G28,10109862MOREIRAR,2026-02-14,"117837, 117797",2,18,23,252.0
10109862MOREIRAR_2026-02-14_G29,10109862MOREIRAR,2026-02-14,141066,1,12,0,184.0
10109862MOREIRAR_2026-02-14_G30,10109862MOREIRAR,2026-02-14,118299,1,482,0,1231.0
10109862MOREIRAR_2026-02-14_G31,10109862MOREIRAR,2026-02-14,110371,1,5,0,618.0
10109862MOREIRAR_2026-02-14_G32,10109862MOREIRAR,2026-02-14,110372,1,100,0,139.0
10109862MOREIRAR_2026-02-14_G33,10109862MOREIRAR,2026-02-14,117832,1,46,0,541.0
10109862MOREIRAR_2026-02-14_G34,10109862MOREIRAR,2026-02-14,118299,1,108,0,122.0
10109862MOREIRAR_2026-02-16_G02,10109862MOREIRAR,2026-02-16,110748,1,8,0,246.0
10109862MOREIRAR_2026-02-16_G03,10109862MOREIRAR,2026-02-16,111466,1,56,0,167.0
10109862MOREIRAR_2026-02-16_G04,10109862MOREIRAR,2026-02-16,109641,1,4,0,157.0
10109862MOREIRAR_2026-02-16_G05,10109862MOREIRAR,2026-02-16,108794,1,18,0,474.0
10109862MOREIRAR_2026-02-16_G06,10109862MOREIRAR,2026-02-16,117821,1,20,0,157.0
10109862MOREIRAR_2026-02-16_G07,10109862MOREIRAR,2026-02-16,116241,1,4,0,84.0
10109862MOREIRAR_2026-02-16_G08,10109862MOREIRAR,2026-02-16,111743,1,20,0,31.0
10109862MOREIRAR_2026-02-16_G09,10109862MOREIRAR,2026-02-16,117841,1,2,0,210.0
10109862MOREIRAR_2026-02-16_G10,10109862MOREIRAR,2026-02-16,111172,1,4,0,89.0
10109862MOREIRAR_2026-02-16_G11,10109862MOREIRAR,2026-02-16,142093,1,103,0,675.0
10109862MOREIRAR_2026-02-16_G12,10109862MOREIRAR,2026-02-16,117831,1,18,0,222.0
10109862MOREIRAR_2026-02-16_G13,10109862MOREIRAR,2026-02-16,107236,1,5,0,145.0
10109862MOREIRAR_2026-02-16_G14,10109862MOREIRAR,2026-02-16,141271,1,32,0,280.0
10109862MOREIRAR_2026-02-16_G15,10109862MOREIRAR,2026-02-16,141823,1,2,0,39.0
10109862MOREIRAR_2026-02-16_G16,10109862MOREIRAR,2026-02-16,109645,1,10,0,120.0
10109862MOREIRAR_2026-02-16_G17,10109862MOREIRAR,2026-02-16,108798,1,4,0,33.0
10109862MOREIRAR_2026-02-16_G18,10109862MOREIRAR,2026-02-16,117838,1,2,0,67.0
10109862MOREIRAR_2026-02-16_G19,10109862MOREIRAR,2026-02-16,111433,1,7,0,200.0
10109862MOREIRAR_2026-02-16_G20,10109862MOREIRAR,2026-02-16,141457,1,97,0,290.0
10109862MOREIRAR_2026-02-16_G21,10109862MOREIRAR,2026-02-16,111435,1,16,0,334.0
10109862MOREIRAR_2026-02-16_G22,10109862MOREIRAR,2026-02-16,110740,1,38,0,232.0
10109862MOREIRAR_2026-02-16_G23,10109862MOREIRAR,2026-02-16,110129,1,3,0,97.0
10109862MOREIRAR_2026-02-16_G24,10109862MOREIRAR,2026-02-16,111463,1,83,0,367.0
10109862MOREIRAR_2026-02-16_G25,10109862MOREIRAR,2026-02-16,141456,1,69,0,352.0
10109862MOREIRAR_2026-02-16_G26,10109862MOREIRAR,2026-02-16,107830,1,10,0,260.0
10109862MOREIRAR_2026-02-16_G27,10109862MOREIRAR,2026-02-16,141202,1,3,0,80.0
10109862MOREIRAR_2026-02-16_G28,10109862MOREIRAR,2026-02-16,117840,1,3,0,61.0
10109862MOREIRAR_2026-02-16_G29,10109862MOREIRAR,2026-02-16,110376,1,4,0,65.0
10109862MOREIRAR_2026-02-16_G30,10109862MOREIRAR,2026-02-16,110375,1,4,0,41.0
10109862MOREIRAR_2026-02-16_G31,10109862MOREIRAR,2026-02-16,117832,1,60,0,465.0
10109862MOREIRAR_2026-02-16_G32,10109862MOREIRAR,2026-02-16,117830,1,97,0,331.0
10109862MOREIRAR_2026-02-16_G33,10109862MOREIRAR,2026-02-16,140923,1,12,0,1151.0
10109862MOREIRAR_2026-02-16_G34,10109862MOREIRAR,2026-02-16,"117820, 118140",2,8,23,129.0
10109862MOREIRAR_2026-02-16_G35,10109862MOREIRAR,2026-02-16,111530,1,4,0,169.0
10109862MOREIRAR_2026-02-16_G36,10109862MOREIRAR,2026-02-16,110374,1,4,0,390.0
10109862MOREIRAR_2026-02-16_G38,10109862MOREIRAR,2026-02-16,110332,2,12,6,115.0
10109862MOREIRAR_2026-02-16_G39,10109862MOREIRAR,2026-02-16,111442,1,8,0,144.0
10109862MOREIRAR_2026-02-16_G40,10109862MOREIRAR,2026-02-16,115775,1,4,0,171.0
10109862MOREIRAR_2026-02-16_G41,10109862MOREIRAR,2026-02-16,110376,1,4,0,87.0
10109862MOREIRAR_2026-02-17_G02,10109862MOREIRAR,2026-02-17,111532,1,2,0,163.0
10109862MOREIRAR_2026-02-17_G03,10109862MOREIRAR,2026-02-17,111441,1,4,0,288.0
10109862MOREIRAR_2026-02-17_G04,10109862MOREIRAR,2026-02-17,111876,1,1,0,277.0
10109862MOREIRAR_2026-02-17_G05,10109862MOREIRAR,2026-02-17,140923,1,20,0,116.0
10109862MOREIRAR_2026-02-17_G06,10109862MOREIRAR,2026-02-17,141047,1,3,0,85.0
10109862MOREIRAR_2026-02-17_G07,10109862MOREIRAR,2026-02-17,117856,1,8,0,218.0
10109862MOREIRAR_2026-02-17_G08,10109862MOREIRAR,2026-02-17,117854,1,8,0,248.0
10109862MOREIRAR_2026-02-17_G09,10109862MOREIRAR,2026-02-17,141166,2,12,8,66.0
10109862MOREIRAR_2026-02-17_G10,10109862MOREIRAR,2026-02-17,110374,1,5,0,238.0
10109862MOREIRAR_2026-02-17_G11,10109862MOREIRAR,2026-02-17,"118299, 110371",2,50,30,260.0
10109862MOREIRAR_2026-02-17_G12,10109862MOREIRAR,2026-02-17,117808,1,30,0,467.0
10109862MOREIRAR_2026-02-17_G13,10109862MOREIRAR,2026-02-17,110325,1,4,0,266.0
10109862MOREIRAR_2026-02-17_G14,10109862MOREIRAR,2026-02-17,117832,1,4,0,113.0
10109862MOREIRAR_2026-02-17_G15,10109862MOREIRAR,2026-02-17,110373,1,30,0,171.0
10109862MOREIRAR_2026-02-17_G16,10109862MOREIRAR,2026-02-17,109640,1,12,0,329.0
10109862MOREIRAR_2026-02-17_G17,10109862MOREIRAR,2026-02-17,141916,1,1,0,131.0
10109862MOREIRAR_2026-02-17_G18,10109862MOREIRAR,2026-02-17,109643,2,5,19,194.0
10109862MOREIRAR_2026-02-17_G19,10109862MOREIRAR,2026-02-17,117820,1,200,0,2467.0
10109862MOREIRAR_2026-02-17_G20,10109862MOREIRAR,2026-02-17,142045,1,4,0,347.0
10109862MOREIRAR_2026-02-17_G21,10109862MOREIRAR,2026-02-17,100334,1,4,0,133.0
10109862MOREIRAR_2026-02-17_G22,10109862MOREIRAR,2026-02-17,140923,1,6,0,97.0
10109862MOREIRAR_2026-02-17_G23,10109862MOREIRAR,2026-02-17,117862,1,2,0,254.0
10109862MOREIRAR_2026-02-17_G24,10109862MOREIRAR,2026-02-17,141166,1,1,0,86.0
10109862MOREIRAR_2026-02-17_G25,10109862MOREIRAR,2026-02-17,108711,1,4,0,118.0
10109862MOREIRAR_2026-02-17_G26,10109862MOREIRAR,2026-02-17,110374,1,2,0,82.0
10109862MOREIRAR_2026-02-17_G27,10109862MOREIRAR,2026-02-17,110371,1,7,0,90.0
10109862MOREIRAR_2026-02-17_G28,10109862MOREIRAR,2026-02-17,117808,1,4,0,42.0
10109862MOREIRAR_2026-02-17_G29,10109862MOREIRAR,2026-02-17,110325,1,4,0,36.0
10109862MOREIRAR_2026-02-17_G30,10109862MOREIRAR,2026-02-17,"110787, 141202",2,7,28,137.0
10109862MOREIRAR_2026-02-17_G31,10109862MOREIRAR,2026-02-17,110375,1,4,0,99.0
10109862MOREIRAR_2026-02-17_G32,10109862MOREIRAR,2026-02-17,110372,1,7,0,64.0
10109862MOREIRAR_2026-02-17_G33,10109862MOREIRAR,2026-02-17,118223,1,4,0,74.0
10109862MOREIRAR_2026-02-17_G34,10109862MOREIRAR,2026-02-17,111463,1,2,0,92.0
10109862MOREIRAR_2026-02-17_G35,10109862MOREIRAR,2026-02-17,110373,1,11,0,126.0
10109862MOREIRAR_2026-02-17_G36,10109862MOREIRAR,2026-02-17,110373,1,21,0,705.0
10109862MOREIRAR_2026-02-17_G38,10109862MOREIRAR,2026-02-17,142045,1,1,0,43.0
10109862MOREIRAR_2026-02-17_G39,10109862MOREIRAR,2026-02-17,140923,1,2,0,67.0
10109862MOREIRAR_2026-02-17_G40,10109862MOREIRAR,2026-02-17,108795,1,4,0,52.0
10109862MOREIRAR_2026-02-17_G41,10109862MOREIRAR,2026-02-17,117833,1,4,0,66.0
10109862MOREIRAR_2026-02-17_G42,10109862MOREIRAR,2026-02-17,108711,1,4,0,47.0
10109862MOREIRAR_2026-02-17_G43,10109862MOREIRAR,2026-02-17,118140,1,4,0,46.0
10109862MOREIRAR_2026-02-17_G44,10109862MOREIRAR,2026-02-17,117809,1,2,0,60.0
10109862MOREIRAR_2026-02-17_G45,10109862MOREIRAR,2026-02-17,118299,1,3,0,38.0
10109862MOREIRAR_2026-02-17_G46,10109862MOREIRAR,2026-02-17,117820,1,8,0,54.0
10109862MOREIRAR_2026-02-17_G47,10109862MOREIRAR,2026-02-17,117808,1,8,0,31.0
10109862MOREIRAR_2026-02-17_G48,10109862MOREIRAR,2026-02-17,110895,1,2,0,85.0
10109862MOREIRAR_2026-02-17_G49,10109862MOREIRAR,2026-02-17,117831,2,6,6,77.0
10109862MOREIRAR_2026-02-17_G50,10109862MOREIRAR,2026-02-17,117862,1,1,0,47.0
10109862MOREIRAR_2026-02-17_G51,10109862MOREIRAR,2026-02-17,111530,1,4,0,51.0
10109862MOREIRAR_2026-02-17_G52,10109862MOREIRAR,2026-02-17,110711,1,4,0,81.0
10109862MOREIRAR_2026-02-17_G53,10109862MOREIRAR,2026-02-17,107236,1,2,0,66.0
10109862MOREIRAR_2026-02-17_G54,10109862MOREIRAR,2026-02-17,111418,1,3,0,78.0
10109862MOREIRAR_2026-02-17_G55,10109862MOREIRAR,2026-02-17,141457,1,8,0,117.0
10109862MOREIRAR_2026-02-17_G56,10109862MOREIRAR,2026-02-17,117832,1,2,0,38.0
10109862MOREIRAR_2026-02-17_G57,10109862MOREIRAR,2026-02-17,141456,1,8,0,194.0
10109862MOREIRAR_2026-02-17_G58,10109862MOREIRAR,2026-02-17,141458,1,4,0,49.0
10109862MOREIRAR_2026-02-17_G59,10109862MOREIRAR,2026-02-17,117830,2,4,8,97.0
10109862MOREIRAR_2026-02-17_G60,10109862MOREIRAR,2026-02-17,118304,1,4,0,504.0
10109862MOREIRAR_2026-02-17_G61,10109862MOREIRAR,2026-02-17,111438,1,4,0,108.0
10109862MOREIRAR_2026-02-17_G62,10109862MOREIRAR,2026-02-17,110747,1,2,0,80.0
10109862MOREIRAR_2026-02-17_G63,10109862MOREIRAR,2026-02-17,140923,1,3,0,197.0
10109862MOREIRAR_2026-02-17_G64,10109862MOREIRAR,2026-02-17,"117862, 111530",2,3,21,99.0
10109862MOREIRAR_2026-02-17_G65,10109862MOREIRAR,2026-02-17,110711,1,4,0,75.0
10109862MOREIRAR_2026-02-17_G66,10109862MOREIRAR,2026-02-17,141352,1,2,0,112.0
10109862MOREIRAR_2026-02-17_G67,10109862MOREIRAR,2026-02-17,117833,1,4,0,115.0
10109862MOREIRAR_2026-02-17_G68,10109862MOREIRAR,2026-02-17,"117821, 108711",2,6,19,99.0
10109862MOREIRAR_2026-02-17_G69,10109862MOREIRAR,2026-02-17,111743,1,4,0,92.0
10109862MOREIRAR_2026-02-17_G70,10109862MOREIRAR,2026-02-17,118140,1,4,0,47.0
10109862MOREIRAR_2026-02-17_G71,10109862MOREIRAR,2026-02-17,117809,1,2,0,42.0
10109862MOREIRAR_2026-02-17_G72,10109862MOREIRAR,2026-02-17,118299,2,10,10,50.0
10109862MOREIRAR_2026-02-17_G73,10109862MOREIRAR,2026-02-17,117820,2,8,6,63.0
10109862MOREIRAR_2026-02-17_G74,10109862MOREIRAR,2026-02-17,117808,1,4,0,39.0
10109862MOREIRAR_2026-02-17_G75,10109862MOREIRAR,2026-02-17,110787,1,1,0,83.0
10109862MOREIRAR_2026-02-17_G76,10109862MOREIRAR,2026-02-17,111172,2,3,24,33.0
10109862MOREIRAR_2026-02-17_G77,10109862MOREIRAR,2026-02-17,111418,2,4,5,93.0
10109862MOREIRAR_2026-02-17_G78,10109862MOREIRAR,2026-02-17,141456,1,8,0,157.0
10109862MOREIRAR_2026-02-17_G79,10109862MOREIRAR,2026-02-17,141458,2,4,13,35.0
10109862MOREIRAR_2026-02-17_G80,10109862MOREIRAR,2026-02-17,118304,1,4,0,373.0
10109862MOREIRAR_2026-02-17_G81,10109862MOREIRAR,2026-02-17,110895,1,1,0,85.0
10109862MOREIRAR_2026-02-17_G82,10109862MOREIRAR,2026-02-17,110742,1,1,0,80.0
10109862MOREIRAR_2026-02-17_G83,10109862MOREIRAR,2026-02-17,140923,2,4,7,57.0
10109862MOREIRAR_2026-02-17_G84,10109862MOREIRAR,2026-02-17,111530,1,2,0,84.0
10109862MOREIRAR_2026-02-17_G85,10109862MOREIRAR,2026-02-17,110711,1,1,0,53.0
10109862MOREIRAR_2026-02-17_G86,10109862MOREIRAR,2026-02-17,111602,1,3,0,214.0
10109862MOREIRAR_2026-02-17_G87,10109862MOREIRAR,2026-02-17,117856,1,8,0,118.0
10109862MOREIRAR_2026-02-17_G88,10109862MOREIRAR,2026-02-17,141066,1,1,0,50.0
10109862MOREIRAR_2026-02-17_G89,10109862MOREIRAR,2026-02-17,108795,1,4,0,159.0
10109862MOREIRAR_2026-02-17_G90,10109862MOREIRAR,2026-02-17,117833,1,2,0,44.0
10109862MOREIRAR_2026-02-17_G91,10109862MOREIRAR,2026-02-17,108711,1,3,0,110.0
10109862MOREIRAR_2026-02-17_G92,10109862MOREIRAR,2026-02-17,"111743, 118140",2,5,24,41.0
10109862MOREIRAR_2026-02-17_G93,10109862MOREIRAR,2026-02-17,117809,1,1,0,35.0
10109862MOREIRAR_2026-02-17_G94,10109862MOREIRAR,2026-02-17,"117820, 117808",4,16,58,34.0
10109862MOREIRAR_2026-02-17_G95,10109862MOREIRAR,2026-02-17,117832,1,2,0,78.0
10109862MOREIRAR_2026-02-17_G96,10109862MOREIRAR,2026-02-17,"110787, 111172",2,4,24,362.0
10109862MOREIRAR_2026-02-17_G97,10109862MOREIRAR,2026-02-17,105705,1,1,0,108.0
10109862MOREIRAR_2026-02-17_G98,10109862MOREIRAR,2026-02-17,111418,1,4,0,44.0
10109862MOREIRAR_2026-02-17_G99,10109862MOREIRAR,2026-02-17,109645,1,2,0,54.0
10109862MOREIRAR_2026-02-17_G100,10109862MOREIRAR,2026-02-17,141457,1,6,0,68.0
10109862MOREIRAR_2026-02-17_G101,10109862MOREIRAR,2026-02-17,110740,1,2,0,42.0
10109862MOREIRAR_2026-02-17_G102,10109862MOREIRAR,2026-02-17,"141456, 141458",3,13,25,87.0
10109862MOREIRAR_2026-02-17_G103,10109862MOREIRAR,2026-02-17,118304,1,4,0,200.0
10109862MOREIRAR_2026-02-17_G104,10109862MOREIRAR,2026-02-17,110742,1,3,0,151.0
10109862MOREIRAR_2026-02-17_G105,10109862MOREIRAR,2026-02-17,140923,1,4,0,102.0
10109862MOREIRAR_2026-02-17_G106,10109862MOREIRAR,2026-02-17,117862,1,4,0,62.0
10109862MOREIRAR_2026-02-17_G107,10109862MOREIRAR,2026-02-17,110711,1,3,0,150.0
10109862MOREIRAR_2026-02-17_G108,10109862MOREIRAR,2026-02-17,111602,1,4,0,45.0
10109862MOREIRAR_2026-02-17_G109,10109862MOREIRAR,2026-02-17,117856,1,4,0,47.0
10109862MOREIRAR_2026-02-17_G110,10109862MOREIRAR,2026-02-17,141352,1,2,0,53.0
10109862MOREIRAR_2026-02-17_G111,10109862MOREIRAR,2026-02-17,142080,1,2,0,552.0
10109862MOREIRAR_2026-02-17_G112,10109862MOREIRAR,2026-02-17,109641,1,4,0,249.0
10109862MOREIRAR_2026-02-17_G113,10109862MOREIRAR,2026-02-17,108795,1,2,0,34.0
10109862MOREIRAR_2026-02-17_G114,10109862MOREIRAR,2026-02-17,"111532, 117833",2,4,26,232.0
10109862MOREIRAR_2026-02-17_G115,10109862MOREIRAR,2026-02-17,"108711, 111743",3,8,24,60.0
10109862MOREIRAR_2026-02-17_G116,10109862MOREIRAR,2026-02-17,118140,1,4,0,71.0
10109862MOREIRAR_2026-02-17_G117,10109862MOREIRAR,2026-02-17,"117841, 111172",2,6,14,78.0
10109862MOREIRAR_2026-02-17_G118,10109862MOREIRAR,2026-02-17,117831,1,6,0,54.0
10109862MOREIRAR_2026-02-17_G119,10109862MOREIRAR,2026-02-17,111418,2,4,9,89.0
10109862MOREIRAR_2026-02-17_G120,10109862MOREIRAR,2026-02-17,141457,1,3,0,77.0
10109862MOREIRAR_2026-02-17_G121,10109862MOREIRAR,2026-02-17,117787,1,3,0,46.0
10109862MOREIRAR_2026-02-17_G122,10109862MOREIRAR,2026-02-17,110740,1,2,0,35.0
10109862MOREIRAR_2026-02-17_G123,10109862MOREIRAR,2026-02-17,141456,2,10,22,51.0
10109862MOREIRAR_2026-02-17_G124,10109862MOREIRAR,2026-02-17,117832,2,4,16,303.0
10109862MOREIRAR_2026-02-17_G125,10109862MOREIRAR,2026-02-17,117830,2,4,21,42.0
10109862MOREIRAR_2026-02-18_G02,10109862MOREIRAR,2026-02-18,141035,1,3,0,1103.0
10109862MOREIRAR_2026-02-18_G03,10109862MOREIRAR,2026-02-18,110750,1,8,0,121.0
10109862MOREIRAR_2026-02-18_G04,10109862MOREIRAR,2026-02-18,105242,1,4,0,66.0
10109862MOREIRAR_2026-02-18_G05,10109862MOREIRAR,2026-02-18,110711,1,58,0,147.0
10109862MOREIRAR_2026-02-18_G06,10109862MOREIRAR,2026-02-18,141352,1,8,0,283.0
10109862MOREIRAR_2026-02-18_G07,10109862MOREIRAR,2026-02-18,110339,1,20,0,181.0
10109862MOREIRAR_2026-02-18_G08,10109862MOREIRAR,2026-02-18,117837,1,6,0,93.0
10109862MOREIRAR_2026-02-18_G09,10109862MOREIRAR,2026-02-18,141066,1,10,0,40.0
10109862MOREIRAR_2026-02-18_G10,10109862MOREIRAR,2026-02-18,111466,1,350,0,700.0
10109862MOREIRAR_2026-02-18_G11,10109862MOREIRAR,2026-02-18,111876,1,638,0,3420.0
10109862MOREIRAR_2026-02-18_G13,10109862MOREIRAR,2026-02-18,111430,1,152,0,1111.0
10109862MOREIRAR_2026-02-18_G14,10109862MOREIRAR,2026-02-18,110747,1,37,0,757.0
10109862MOREIRAR_2026-02-18_G15,10109862MOREIRAR,2026-02-18,111437,1,20,0,391.0
10109862MOREIRAR_2026-02-18_G16,10109862MOREIRAR,2026-02-18,111437,1,86,0,632.0
10109862MOREIRAR_2026-02-18_G17,10109862MOREIRAR,2026-02-18,110752,1,12,0,522.0
10109862MOREIRAR_2026-02-18_G18,10109862MOREIRAR,2026-02-18,111433,1,56,0,1173.0
10109862MOREIRAR_2026-02-18_G19,10109862MOREIRAR,2026-02-18,109641,1,176,0,1890.0
10109862MOREIRAR_2026-02-18_G20,10109862MOREIRAR,2026-02-18,109641,2,47,25,231.0
10109862MOREIRAR_2026-02-18_G21,10109862MOREIRAR,2026-02-18,111433,1,27,0,393.0
10109862MOREIRAR_2026-02-18_G22,10109862MOREIRAR,2026-02-18,110740,1,34,0,444.0
10109862MOREIRAR_2026-02-19_G02,10109862MOREIRAR,2026-02-19,111569,1,24,0,3517.0
10109862MOREIRAR_2026-02-19_G03,10109862MOREIRAR,2026-02-19,"111447, 118269",2,14,13,92.0
10109862MOREIRAR_2026-02-19_G04,10109862MOREIRAR,2026-02-19,107629,1,45,0,69.0
10109862MOREIRAR_2026-02-19_G05,10109862MOREIRAR,2026-02-19,111530,1,60,0,419.0
10109862MOREIRAR_2026-02-19_G06,10109862MOREIRAR,2026-02-19,110339,1,60,0,42.0
10109862MOREIRAR_2026-02-19_G07,10109862MOREIRAR,2026-02-19,117785,1,150,0,1285.0
10109862MOREIRAR_2026-02-19_G08,10109862MOREIRAR,2026-02-19,111743,1,45,0,704.0
10109862MOREIRAR_2026-02-19_G09,10109862MOREIRAR,2026-02-19,142093,1,120,0,598.0
10109862MOREIRAR_2026-02-19_G10,10109862MOREIRAR,2026-02-19,117831,1,80,0,165.0
10109862MOREIRAR_2026-02-19_G11,10109862MOREIRAR,2026-02-19,111468,1,45,0,172.0
10109862MOREIRAR_2026-02-19_G12,10109862MOREIRAR,2026-02-19,111444,1,30,0,252.0
10109862MOREIRAR_2026-02-19_G13,10109862MOREIRAR,2026-02-19,141457,1,80,0,157.0
10109862MOREIRAR_2026-02-19_G15,10109862MOREIRAR,2026-02-19,116241,1,20,0,166.0
10109862MOREIRAR_2026-02-19_G16,10109862MOREIRAR,2026-02-19,110787,1,12,0,216.0
10109862MOREIRAR_2026-02-19_G17,10109862MOREIRAR,2026-02-19,117841,1,2,0,41.0
10109862MOREIRAR_2026-02-19_G18,10109862MOREIRAR,2026-02-19,111172,1,82,0,92.0
10109862MOREIRAR_2026-02-19_G19,10109862MOREIRAR,2026-02-19,109641,1,9,0,298.0
10109862MOREIRAR_2026-02-19_G20,10109862MOREIRAR,2026-02-19,"111465, 111433",2,4,30,223.0
10109862MOREIRAR_2026-02-19_G21,10109862MOREIRAR,2026-02-19,111435,1,3,0,118.0
10109862MOREIRAR_2026-02-19_G22,10109862MOREIRAR,2026-02-19,110371,1,46,0,547.0
10109862MOREIRAR_2026-02-19_G23,10109862MOREIRAR,2026-02-19,110372,1,141,0,421.0
10109862MOREIRAR_2026-02-19_G24,10109862MOREIRAR,2026-02-19,118094,1,6,0,488.0
10109862MOREIRAR_2026-02-19_G25,10109862MOREIRAR,2026-02-19,109640,1,20,0,235.0
10109862MOREIRAR_2026-02-19_G26,10109862MOREIRAR,2026-02-19,118298,1,4,0,191.0
10109862MOREIRAR_2026-02-19_G27,10109862MOREIRAR,2026-02-19,117786,1,5,0,108.0
10109862MOREIRAR_2026-02-19_G28,10109862MOREIRAR,2026-02-19,110339,1,44,0,190.0
10109862MOREIRAR_2026-02-19_G29,10109862MOREIRAR,2026-02-19,118094,1,16,0,3202.0
10109862MOREIRAR_2026-02-19_G30,10109862MOREIRAR,2026-02-19,107629,1,13,0,293.0
10109862MOREIRAR_2026-02-19_G31,10109862MOREIRAR,2026-02-19,117788,1,11,0,76.0
10109862MOREIRAR_2026-02-19_G32,10109862MOREIRAR,2026-02-19,118298,1,7,0,120.0
10109862MOREIRAR_2026-02-19_G33,10109862MOREIRAR,2026-02-19,117837,1,31,0,117.0
10109862MOREIRAR_2026-02-19_G34,10109862MOREIRAR,2026-02-19,110339,1,4,0,205.0
10109862MOREIRAR_2026-02-19_G35,10109862MOREIRAR,2026-02-19,117789,1,3,0,158.0
10109862MOREIRAR_2026-02-19_G36,10109862MOREIRAR,2026-02-19,111418,1,99,0,191.0
10109862MOREIRAR_2026-02-19_G37,10109862MOREIRAR,2026-02-19,117833,1,94,0,285.0
10109862MOREIRAR_2026-02-19_G39,10109862MOREIRAR,2026-02-19,108795,1,7,0,52.0
10109862MOREIRAR_2026-02-19_G40,10109862MOREIRAR,2026-02-19,117831,1,11,0,138.0
10109862MOREIRAR_2026-02-19_G41,10109862MOREIRAR,2026-02-19,109641,1,4,0,106.0
10109862MOREIRAR_2026-02-19_G42,10109862MOREIRAR,2026-02-19,108798,1,9,0,110.0
10109862MOREIRAR_2026-02-19_G43,10109862MOREIRAR,2026-02-19,109645,1,77,0,285.0
10109862MOREIRAR_2026-02-19_G44,10109862MOREIRAR,2026-02-19,"117840, 110376",2,10,14,305.0
10109862MOREIRAR_2026-02-20_G03,10109862MOREIRAR,2026-02-20,123822,1,150,0,2590.0
10109862MOREIRAR_2026-02-20_G05,10109862MOREIRAR,2026-02-20,111462,1,3,0,179.0
10109862MOREIRAR_2026-02-20_G06,10109862MOREIRAR,2026-02-20,109640,1,2,0,103.0
10109862MOREIRAR_2026-02-20_G07,10109862MOREIRAR,2026-02-20,141823,1,2,0,110.0
10109862MOREIRAR_2026-02-20_G08,10109862MOREIRAR,2026-02-20,118094,1,4,0,1706.0
10109862MOREIRAR_2026-02-20_G09,10109862MOREIRAR,2026-02-20,109640,1,4,0,171.0
10109862MOREIRAR_2026-02-20_G10,10109862MOREIRAR,2026-02-20,109640,1,2,0,710.0
10109862MOREIRAR_2026-02-20_G11,10109862MOREIRAR,2026-02-20,110373,1,21,0,492.0
10109862MOREIRAR_2026-02-20_G12,10109862MOREIRAR,2026-02-20,109640,1,2,0,210.0
10109862MOREIRAR_2026-02-27_G02,10109862MOREIRAR,2026-02-27,111444,1,8,0,1266.0
10109862MOREIRAR_2026-02-27_G03,10109862MOREIRAR,2026-02-27,111443,1,10,0,162.0
10109862MOREIRAR_2026-02-27_G04,10109862MOREIRAR,2026-02-27,110787,1,20,0,354.0
10109862MOREIRAR_2026-02-27_G05,10109862MOREIRAR,2026-02-27,111466,1,60,0,419.0
10109862MOREIRAR_2026-02-27_G06,10109862MOREIRAR,2026-02-27,141271,1,20,0,277.0
10109862MOREIRAR_2026-02-27_G07,10109862MOREIRAR,2026-02-27,117831,1,40,0,527.0
10109862MOREIRAR_2026-02-27_G08,10109862MOREIRAR,2026-02-27,111442,1,32,0,391.0
10109862MOREIRAR_2026-02-27_G09,10109862MOREIRAR,2026-02-27,141456,1,30,0,510.0
10109862MOREIRAR_2026-02-27_G10,10109862MOREIRAR,2026-02-27,111465,1,4,0,103.0
10109862MOREIRAR_2026-02-27_G11,10109862MOREIRAR,2026-02-27,118223,1,4,0,76.0
10109862MOREIRAR_2026-02-27_G12,10109862MOREIRAR,2026-02-27,109645,1,6,0,67.0
10109862MOREIRAR_2026-02-27_G13,10109862MOREIRAR,2026-02-27,111469,1,80,0,242.0
10109862MOREIRAR_2026-02-27_G14,10109862MOREIRAR,2026-02-27,111469,1,6,0,273.0
10109862MOREIRAR_2026-02-27_G15,10109862MOREIRAR,2026-02-27,117821,1,50,0,330.0
10109862MOREIRAR_2026-02-27_G16,10109862MOREIRAR,2026-02-27,111441,1,1,0,1336.0
10109862MOREIRAR_2026-02-27_G17,10109862MOREIRAR,2026-02-27,110313,2,22,18,119.0
10109862MOREIRAR_2026-02-27_G18,10109862MOREIRAR,2026-02-27,111602,1,28,0,330.0
10109862MOREIRAR_2026-02-27_G19,10109862MOREIRAR,2026-02-27,111602,2,29,17,273.0
10109862MOREIRAR_2026-02-27_G20,10109862MOREIRAR,2026-02-27,117855,1,12,0,498.0
10109862MOREIRAR_2026-02-27_G21,10109862MOREIRAR,2026-02-27,117808,1,4,0,275.0
10109862MOREIRAR_2026-02-27_G22,10109862MOREIRAR,2026-02-27,118299,4,16,46,52.0
10109862MOREIRAR_2026-02-27_G23,10109862MOREIRAR,2026-02-27,140922,1,4,0,138.0
10109862MOREIRAR_2026-02-27_G24,10109862MOREIRAR,2026-02-27,118140,1,2,0,95.0
10109862MOREIRAR_2026-02-27_G25,10109862MOREIRAR,2026-02-27,117785,1,3,0,172.0
10109862MOREIRAR_2026-02-27_G26,10109862MOREIRAR,2026-02-27,109649,1,1,0,81.0
10109862MOREIRAR_2026-02-27_G27,10109862MOREIRAR,2026-02-27,111743,2,20,13,97.0
10109862MOREIRAR_2026-02-27_G28,10109862MOREIRAR,2026-02-27,108711,2,8,10,92.0
10109862MOREIRAR_2026-02-27_G29,10109862MOREIRAR,2026-02-27,108795,2,8,8,103.0
10109862MOREIRAR_2026-02-27_G30,10109862MOREIRAR,2026-02-27,111465,1,3,0,128.0
10109862MOREIRAR_2026-02-27_G31,10109862MOREIRAR,2026-02-27,111469,1,36,0,172.0
10109862MOREIRAR_2026-02-28_G02,10109862MOREIRAR,2026-02-28,118416,1,4,0,93.0
10109862MOREIRAR_2026-02-28_G03,10109862MOREIRAR,2026-02-28,118416,1,4,0,140.0
10109862MOREIRAR_2026-02-28_G04,10109862MOREIRAR,2026-02-28,110313,1,6,0,198.0
10109862MOREIRAR_2026-02-28_G05,10109862MOREIRAR,2026-02-28,110371,1,6,0,115.0
10109862MOREIRAR_2026-02-28_G06,10109862MOREIRAR,2026-02-28,118299,1,14,0,134.0
10109862MOREIRAR_2026-02-28_G07,10109862MOREIRAR,2026-02-28,110372,1,18,0,463.0
10109862MOREIRAR_2026-02-28_G08,10109862MOREIRAR,2026-02-28,111530,1,10,0,411.0
10109862MOREIRAR_2026-02-28_G09,10109862MOREIRAR,2026-02-28,109649,1,1,0,72.0
10109862MOREIRAR_2026-02-28_G10,10109862MOREIRAR,2026-02-28,110374,1,16,0,205.0
10109862MOREIRAR_2026-02-28_G11,10109862MOREIRAR,2026-02-28,141202,1,8,0,125.0
10109862MOREIRAR_2026-02-28_G12,10109862MOREIRAR,2026-02-28,117856,1,5,0,68.0
10109862MOREIRAR_2026-02-28_G13,10109862MOREIRAR,2026-02-28,111569,2,8,10,199.0
10109862MOREIRAR_2026-02-28_G14,10109862MOREIRAR,2026-02-28,110787,1,5,0,202.0
10109862MOREIRAR_2026-02-28_G15,10109862MOREIRAR,2026-02-28,111465,1,4,0,207.0
10109862MOREIRAR_2026-02-28_G16,10109862MOREIRAR,2026-02-28,"111431, 111469",2,14,28,60.0
10109862MOREIRAR_2026-02-28_G17,10109862MOREIRAR,2026-02-28,111441,1,12,0,360.0
10109862MOREIRAR_2026-02-28_G18,10109862MOREIRAR,2026-02-28,100334,1,5,0,36.0
10109862MOREIRAR_2026-02-28_G19,10109862MOREIRAR,2026-02-28,142045,1,7,0,102.0
10109862MOREIRAR_2026-02-28_G20,10109862MOREIRAR,2026-02-28,117834,2,16,9,739.0
10109862MOREIRAR_2026-02-28_G21,10109862MOREIRAR,2026-02-28,"111569, 117836",2,22,20,465.0
10109862MOREIRAR_2026-02-28_G22,10109862MOREIRAR,2026-02-28,109640,1,22,0,801.0
10109862MOREIRAR_2026-03-01_G02,10109862MOREIRAR,2026-03-01,123822,1,100,0,358.0
10109862MOREIRAR_2026-03-01_G03,10109862MOREIRAR,2026-03-01,123822,1,100,0,1733.0
10109862MOREIRAR_2026-03-23_G02,10109862MOREIRAR,2026-03-23,107888,3,18,16,226.0
10109862MOREIRAR_2026-03-23_G03,10109862MOREIRAR,2026-03-23,110374,2,15,8,601.0
10109862MOREIRAR_2026-03-23_G04,10109862MOREIRAR,2026-03-23,117809,1,50,0,87.0
10109862MOREIRAR_2026-03-23_G05,10109862MOREIRAR,2026-03-23,109648,1,3,0,335.0
10109862MOREIRAR_2026-03-23_G06,10109862MOREIRAR,2026-03-23,109643,1,32,0,650.0
10109862MOREIRAR_2026-03-23_G07,10109862MOREIRAR,2026-03-23,117820,1,4,0,208.0
10109862MOREIRAR_2026-03-23_G08,10109862MOREIRAR,2026-03-23,110373,1,18,0,59.0
10109862MOREIRAR_2026-03-23_G09,10109862MOREIRAR,2026-03-23,110372,1,81,0,213.0
10109862MOREIRAR_2026-03-23_G10,10109862MOREIRAR,2026-03-23,141202,1,9,0,219.0
10109862MOREIRAR_2026-03-23_G11,10109862MOREIRAR,2026-03-23,117840,1,20,0,378.0
10109862MOREIRAR_2026-03-23_G12,10109862MOREIRAR,2026-03-23,110375,1,9,0,195.0
10109862MOREIRAR_2026-03-23_G13,10109862MOREIRAR,2026-03-23,117832,2,42,10,98.0
10109862MOREIRAR_2026-03-23_G14,10109862MOREIRAR,2026-03-23,117822,1,3,0,213.0
10109862MOREIRAR_2026-03-23_G15,10109862MOREIRAR,2026-03-23,110371,1,172,0,582.0
10109862MOREIRAR_2026-03-23_G16,10109862MOREIRAR,2026-03-23,117830,1,22,0,142.0
10109862MOREIRAR_2026-03-25_G02,10109862MOREIRAR,2026-03-25,110787,1,4,0,59.0
10109862MOREIRAR_2026-03-25_G03,10109862MOREIRAR,2026-03-25,110787,1,59,0,82.0
10109862MOREIRAR_2026-03-25_G04,10109862MOREIRAR,2026-03-25,105705,1,3,0,214.0
10109862MOREIRAR_2026-03-25_G05,10109862MOREIRAR,2026-03-25,108770,1,4,0,443.0
10109862MOREIRAR_2026-03-25_G06,10109862MOREIRAR,2026-03-25,110374,1,10,0,195.0
10109862MOREIRAR_2026-03-25_G07,10109862MOREIRAR,2026-03-25,117832,1,8,0,112.0
10109862MOREIRAR_2026-03-25_G08,10109862MOREIRAR,2026-03-25,141456,1,6,0,119.0
10109862MOREIRAR_2026-03-25_G09,10109862MOREIRAR,2026-03-25,141456,1,10,0,164.0
10109862MOREIRAR_2026-03-25_G10,10109862MOREIRAR,2026-03-25,111463,1,10,0,50.0
10109862MOREIRAR_2026-03-25_G11,10109862MOREIRAR,2026-03-25,110787,2,12,8,86.0
10109862MOREIRAR_2026-03-25_G12,10109862MOREIRAR,2026-03-25,117834,1,2,0,287.0
10109862MOREIRAR_2026-03-25_G13,10109862MOREIRAR,2026-03-25,117785,1,4,0,206.0
10109862MOREIRAR_2026-03-25_G14,10109862MOREIRAR,2026-03-25,140922,1,4,0,51.0
10109862MOREIRAR_2026-03-25_G15,10109862MOREIRAR,2026-03-25,110374,2,24,9,102.0
10109862MOREIRAR_2026-03-25_G16,10109862MOREIRAR,2026-03-25,110373,1,2,0,134.0
10109862MOREIRAR_2026-03-25_G17,10109862MOREIRAR,2026-03-25,118299,2,23,9,87.0
10109862MOREIRAR_2026-03-25_G18,10109862MOREIRAR,2026-03-25,109647,1,8,0,257.0
10109862MOREIRAR_2026-03-25_G19,10109862MOREIRAR,2026-03-25,116527,1,2,0,97.0
10109862MOREIRAR_2026-03-25_G20,10109862MOREIRAR,2026-03-25,142045,1,8,0,136.0
10109862MOREIRAR_2026-03-25_G21,10109862MOREIRAR,2026-03-25,111463,1,3,0,171.0
10109862MOREIRAR_2026-03-25_G22,10109862MOREIRAR,2026-03-25,117808,1,5,0,197.0
10109862MOREIRAR_2026-03-25_G23,10109862MOREIRAR,2026-03-25,117832,1,4,0,219.0
10109862MOREIRAR_2026-03-25_G24,10109862MOREIRAR,2026-03-25,111469,1,7,0,75.0
10109862MOREIRAR_2026-03-25_G25,10109862MOREIRAR,2026-03-25,111876,1,2,0,96.0
10109862MOREIRAR_2026-03-25_G26,10109862MOREIRAR,2026-03-25,117830,1,5,0,143.0
10109862MOREIRAR_2026-03-25_G27,10109862MOREIRAR,2026-03-25,141318,1,8,0,191.0
10109862MOREIRAR_2026-03-25_G28,10109862MOREIRAR,2026-03-25,111530,1,2,0,59.0
10109862MOREIRAR_2026-03-25_G29,10109862MOREIRAR,2026-03-25,140923,1,2,0,84.0
10109862MOREIRAR_2026-03-25_G30,10109862MOREIRAR,2026-03-25,118317,1,1,0,200.0
10109862MOREIRAR_2026-03-25_G31,10109862MOREIRAR,2026-03-25,140922,1,2,0,114.0
10109862MOREIRAR_2026-03-25_G32,10109862MOREIRAR,2026-03-25,110373,1,4,0,52.0
10109862MOREIRAR_2026-03-25_G33,10109862MOREIRAR,2026-03-25,109641,1,5,0,78.0
10109862MOREIRAR_2026-03-25_G34,10109862MOREIRAR,2026-03-25,111418,1,4,0,70.0
10109862MOREIRAR_2026-03-25_G35,10109862MOREIRAR,2026-03-25,108798,1,4,0,74.0
10109862MOREIRAR_2026-03-25_G36,10109862MOREIRAR,2026-03-25,111433,1,3,0,83.0
10109862MOREIRAR_2026-03-25_G37,10109862MOREIRAR,2026-03-25,117832,1,2,0,37.0
10109862MOREIRAR_2026-03-25_G38,10109862MOREIRAR,2026-03-25,142045,1,3,0,143.0
10109862MOREIRAR_2026-03-25_G39,10109862MOREIRAR,2026-03-25,110742,1,2,0,76.0
10109862MOREIRAR_2026-03-25_G40,10109862MOREIRAR,2026-03-25,117855,1,4,0,137.0
10109862MOREIRAR_2026-03-25_G41,10109862MOREIRAR,2026-03-25,111435,1,4,0,159.0
10109862MOREIRAR_2026-03-25_G42,10109862MOREIRAR,2026-03-25,140922,1,2,0,61.0
10109862MOREIRAR_2026-03-25_G43,10109862MOREIRAR,2026-03-25,111462,1,4,0,66.0
10109862MOREIRAR_2026-03-25_G44,10109862MOREIRAR,2026-03-25,117821,1,2,0,59.0
10109862MOREIRAR_2026-03-25_G45,10109862MOREIRAR,2026-03-25,110373,1,10,0,196.0
10109862MOREIRAR_2026-03-25_G46,10109862MOREIRAR,2026-03-25,117820,1,10,0,47.0
10109862MOREIRAR_2026-03-25_G47,10109862MOREIRAR,2026-03-25,118299,1,11,0,63.0
10109862MOREIRAR_2026-03-25_G48,10109862MOREIRAR,2026-03-25,117808,1,20,0,82.0
10109862MOREIRAR_2026-03-25_G49,10109862MOREIRAR,2026-03-25,111743,1,6,0,176.0
10109862MOREIRAR_2026-03-25_G50,10109862MOREIRAR,2026-03-25,111418,1,10,0,290.0
10109862MOREIRAR_2026-03-25_G51,10109862MOREIRAR,2026-03-25,141456,1,4,0,107.0
10109862MOREIRAR_2026-03-25_G52,10109862MOREIRAR,2026-03-25,111463,1,5,0,70.0
10109862MOREIRAR_2026-03-25_G53,10109862MOREIRAR,2026-03-25,110787,1,2,0,34.0
10109862MOREIRAR_2026-03-25_G54,10109862MOREIRAR,2026-03-25,111469,1,3,0,40.0
10109862MOREIRAR_2026-03-25_G55,10109862MOREIRAR,2026-03-25,110740,1,4,0,37.0
10109862MOREIRAR_2026-03-25_G56,10109862MOREIRAR,2026-03-25,117832,1,10,0,100.0
10109862MOREIRAR_2026-03-25_G57,10109862MOREIRAR,2026-03-25,141456,1,2,0,130.0
10109862MOREIRAR_2026-03-25_G58,10109862MOREIRAR,2026-03-25,110373,1,7,0,1858.0
10109862MOREIRAR_2026-03-25_G59,10109862MOREIRAR,2026-03-25,160051,1,4,0,101.0
10109862MOREIRAR_2026-03-25_G60,10109862MOREIRAR,2026-03-25,111469,1,16,0,464.0
10109862MOREIRAR_2026-03-26_G02,10109862MOREIRAR,2026-03-26,111602,1,25,0,242.0
10109862MOREIRAR_2026-03-26_G03,10109862MOREIRAR,2026-03-26,109648,1,4,0,258.0
10109862MOREIRAR_2026-03-26_G04,10109862MOREIRAR,2026-03-26,107236,1,8,0,130.0
10109862MOREIRAR_2026-03-26_G05,10109862MOREIRAR,2026-03-26,111418,1,24,0,615.0
10109862MOREIRAR_2026-03-26_G06,10109862MOREIRAR,2026-03-26,110740,1,12,0,55.0
10109862MOREIRAR_2026-03-26_G07,10109862MOREIRAR,2026-03-26,110895,1,3,0,441.0
10109862MOREIRAR_2026-03-26_G08,10109862MOREIRAR,2026-03-26,110376,1,2,0,103.0
10109862MOREIRAR_2026-03-26_G09,10109862MOREIRAR,2026-03-26,111876,1,9,0,380.0
10109862MOREIRAR_2026-03-26_G10,10109862MOREIRAR,2026-03-26,108770,1,4,0,404.0
10109862MOREIRAR_2026-03-26_G11,10109862MOREIRAR,2026-03-26,110895,1,7,0,532.0
10109862MOREIRAR_2026-03-26_G12,10109862MOREIRAR,2026-03-26,110787,2,16,27,817.0
10109862MOREIRAR_2026-03-26_G13,10109862MOREIRAR,2026-03-26,110787,1,17,0,255.0
10109862MOREIRAR_2026-03-26_G14,10109862MOREIRAR,2026-03-26,110787,1,4,0,116.0
10109862MOREIRAR_2026-03-26_G15,10109862MOREIRAR,2026-03-26,111443,1,6,0,378.0
10109862MOREIRAR_2026-03-26_G16,10109862MOREIRAR,2026-03-26,110787,1,5,0,83.0
10109862MOREIRAR_2026-03-26_G17,10109862MOREIRAR,2026-03-26,111463,1,4,0,138.0
10109862MOREIRAR_2026-03-26_G18,10109862MOREIRAR,2026-03-26,117853,1,7,0,510.0
10109862MOREIRAR_2026-03-26_G19,10109862MOREIRAR,2026-03-26,117832,1,8,0,817.0
10109862MOREIRAR_2026-03-26_G20,10109862MOREIRAR,2026-03-26,141166,1,4,0,147.0
10109862MOREIRAR_2026-03-26_G21,10109862MOREIRAR,2026-03-26,110787,1,5,0,108.0
10109862MOREIRAR_2026-03-26_G22,10109862MOREIRAR,2026-03-26,100334,1,2,0,152.0
10109862MOREIRAR_2026-03-26_G23,10109862MOREIRAR,2026-03-26,111466,1,4,0,107.0
10109862MOREIRAR_2026-03-26_G24,10109862MOREIRAR,2026-03-26,140915,1,4,0,460.0
10109862MOREIRAR_2026-03-26_G25,10109862MOREIRAR,2026-03-26,100334,1,2,0,182.0
10109862MOREIRAR_2026-03-26_G26,10109862MOREIRAR,2026-03-26,110787,1,4,0,265.0
10109862MOREIRAR_2026-03-26_G27,10109862MOREIRAR,2026-03-26,118200,1,4,0,331.0
10109862MOREIRAR_2026-03-26_G28,10109862MOREIRAR,2026-03-26,100334,1,4,0,131.0
10109862MOREIRAR_2026-03-26_G29,10109862MOREIRAR,2026-03-26,141166,1,4,0,58.0
10109862MOREIRAR_2026-03-26_G30,10109862MOREIRAR,2026-03-26,110787,1,6,0,101.0
10109862MOREIRAR_2026-03-26_G31,10109862MOREIRAR,2026-03-26,141166,1,1,0,56.0
10109862MOREIRAR_2026-03-26_G32,10109862MOREIRAR,2026-03-26,140923,2,38,17,1198.0
10109862MOREIRAR_2026-03-26_G33,10109862MOREIRAR,2026-03-26,111602,3,52,29,244.0
10109862MOREIRAR_2026-03-26_G34,10109862MOREIRAR,2026-03-26,109640,1,13,0,294.0
10109862MOREIRAR_2026-03-28_G02,10109862MOREIRAR,2026-03-28,111530,2,50,27,51.0
10109862MOREIRAR_2026-03-28_G03,10109862MOREIRAR,2026-03-28,110711,1,44,0,333.0
10109862MOREIRAR_2026-03-28_G04,10109862MOREIRAR,2026-03-28,117837,1,24,0,215.0
10109862MOREIRAR_2026-03-28_G05,10109862MOREIRAR,2026-03-28,141318,1,10,0,278.0
10109862MOREIRAR_2026-03-28_G06,10109862MOREIRAR,2026-03-28,110313,1,18,0,99.0
10109862MOREIRAR_2026-03-28_G07,10109862MOREIRAR,2026-03-28,117862,1,2,0,109.0
10109862MOREIRAR_2026-03-28_G08,10109862MOREIRAR,2026-03-28,117785,1,98,0,211.0
10109862MOREIRAR_2026-03-28_G09,10109862MOREIRAR,2026-03-28,"141457, 111463",2,65,17,111.0
10109862MOREIRAR_2026-03-28_G10,10109862MOREIRAR,2026-03-28,110787,1,11,0,62.0
10109862MOREIRAR_2026-03-28_G11,10109862MOREIRAR,2026-03-28,117809,1,42,0,245.0
10109862MOREIRAR_2026-03-28_G12,10109862MOREIRAR,2026-03-28,117820,1,5,0,140.0
10109862MOREIRAR_2026-03-28_G13,10109862MOREIRAR,2026-03-28,117832,1,36,0,308.0
10109862MOREIRAR_2026-03-28_G14,10109862MOREIRAR,2026-03-28,111438,1,18,0,331.0
10109862MOREIRAR_2026-03-28_G15,10109862MOREIRAR,2026-03-28,109640,1,2,0,221.0
10109862MOREIRAR_2026-03-28_G16,10109862MOREIRAR,2026-03-28,"111330, 117785",2,14,20,209.0
10109862MOREIRAR_2026-03-28_G17,10109862MOREIRAR,2026-03-28,141457,1,2,0,123.0
10109862MOREIRAR_2026-03-28_G18,10109862MOREIRAR,2026-03-28,"109641, 110787",2,10,10,59.0
10109862MOREIRAR_2026-03-28_G19,10109862MOREIRAR,2026-03-28,109640,1,2,0,63.0
10109862MOREIRAR_2026-03-28_G20,10109862MOREIRAR,2026-03-28,117832,1,3,0,1412.0
10109862MOREIRAR_2026-03-28_G21,10109862MOREIRAR,2026-03-28,"117830, 117832",2,103,18,153.0
10109862MOREIRAR_2026-03-28_G22,10109862MOREIRAR,2026-03-28,108770,1,2,0,447.0
10109862MOREIRAR_2026-03-28_G23,10109862MOREIRAR,2026-03-28,111530,3,52,51,72.0
10109862MOREIRAR_2026-03-28_G24,10109862MOREIRAR,2026-03-28,117855,1,70,0,75.0
10109862MOREIRAR_2026-03-28_G25,10109862MOREIRAR,2026-03-28,109640,1,10,0,61.0
10109862MOREIRAR_2026-03-30_G02,10109862MOREIRAR,2026-03-30,"109645, 111462",2,28,30,252.0
10109862MOREIRAR_2026-03-30_G03,10109862MOREIRAR,2026-03-30,110751,1,6,0,119.0
10109862MOREIRAR_2026-03-30_G04,10109862MOREIRAR,2026-03-30,105705,1,24,0,128.0
10109862MOREIRAR_2026-03-30_G05,10109862MOREIRAR,2026-03-30,110743,1,12,0,215.0
10109862MOREIRAR_2026-03-30_G06,10109862MOREIRAR,2026-03-30,117785,1,48,0,269.0
10109862MOREIRAR_2026-03-30_G07,10109862MOREIRAR,2026-03-30,108795,1,4,0,82.0
10109862MOREIRAR_2026-03-30_G08,10109862MOREIRAR,2026-03-30,141456,1,28,0,335.0
10109862MOREIRAR_2026-03-30_G09,10109862MOREIRAR,2026-03-30,111743,1,40,0,252.0
10109862MOREIRAR_2026-03-30_G10,10109862MOREIRAR,2026-03-30,111172,2,25,8,214.0
10109862MOREIRAR_2026-03-30_G11,10109862MOREIRAR,2026-03-30,117838,1,12,0,256.0
10109862MOREIRAR_2026-03-30_G12,10109862MOREIRAR,2026-03-30,110376,1,12,0,131.0
10109862MOREIRAR_2026-03-30_G13,10109862MOREIRAR,2026-03-30,109641,1,8,0,75.0
10109862MOREIRAR_2026-03-30_G14,10109862MOREIRAR,2026-03-30,109643,1,12,0,472.0
10109862MOREIRAR_2026-03-30_G15,10109862MOREIRAR,2026-03-30,111418,1,40,0,191.0
10109862MOREIRAR_2026-03-30_G16,10109862MOREIRAR,2026-03-30,"108798, 108794",2,48,21,350.0
10109862MOREIRAR_2026-03-30_G17,10109862MOREIRAR,2026-03-30,"117833, 111468",2,44,14,549.0
10109862MOREIRAR_2026-03-30_G18,10109862MOREIRAR,2026-03-30,110740,1,10,0,122.0
10109862MOREIRAR_2026-03-30_G19,10109862MOREIRAR,2026-03-30,117831,1,24,0,187.0
10109862MOREIRAR_2026-03-30_G20,10109862MOREIRAR,2026-03-30,110129,1,4,0,133.0
10109862MOREIRAR_2026-03-30_G21,10109862MOREIRAR,2026-03-30,"141823, 108711",2,36,29,157.0
10109862MOREIRAR_2026-03-30_G22,10109862MOREIRAR,2026-03-30,141458,1,8,0,259.0
10109862MOREIRAR_2026-03-30_G23,10109862MOREIRAR,2026-03-30,118299,1,80,0,91.0
10109862MOREIRAR_2026-03-30_G24,10109862MOREIRAR,2026-03-30,110787,1,50,0,524.0
10109862MOREIRAR_2026-03-30_G25,10109862MOREIRAR,2026-03-30,109640,1,17,0,1344.0
10109862MOREIRAR_2026-03-30_G26,10109862MOREIRAR,2026-03-30,141047,1,2,0,799.0
10109862MOREIRAR_2026-03-30_G27,10109862MOREIRAR,2026-03-30,117786,2,12,7,291.0
10109862MOREIRAR_2026-03-30_G28,10109862MOREIRAR,2026-03-30,110741,2,4,6,229.0
10109862MOREIRAR_2026-03-30_G29,10109862MOREIRAR,2026-03-30,109640,3,19,34,231.0
10109862MOREIRAR_2026-03-31_G02,10109862MOREIRAR,2026-03-31,110313,1,2,0,224.0
10109862MOREIRAR_2026-03-31_G03,10109862MOREIRAR,2026-03-31,109640,1,3,0,85.0
10109862MOREIRAR_2026-03-31_G04,10109862MOREIRAR,2026-03-31,110373,1,10,0,184.0
10109862MOREIRAR_2026-03-31_G05,10109862MOREIRAR,2026-03-31,110325,1,1,0,86.0
10109862MOREIRAR_2026-03-31_G06,10109862MOREIRAR,2026-03-31,117832,1,18,0,55.0
10109862MOREIRAR_2026-03-31_G07,10109862MOREIRAR,2026-03-31,117808,1,12,0,136.0
10109862MOREIRAR_2026-03-31_G08,10109862MOREIRAR,2026-03-31,117809,1,18,0,986.0
10109862MOREIRAR_2026-03-31_G09,10109862MOREIRAR,2026-03-31,117832,1,12,0,1347.0
10109862MOREIRAR_2026-03-31_G10,10109862MOREIRAR,2026-03-31,117808,1,210,0,215.0
10109862MOREIRAR_2026-03-31_G11,10109862MOREIRAR,2026-03-31,117830,1,46,0,238.0
10109862MOREIRAR_2026-03-31_G12,10109862MOREIRAR,2026-03-31,"110339, 111602",2,8,17,198.0
10109862MOREIRAR_2026-03-31_G13,10109862MOREIRAR,2026-03-31,111532,1,4,0,170.0
10109862MOREIRAR_2026-03-31_G14,10109862MOREIRAR,2026-03-31,111462,1,4,0,261.0
10109862MOREIRAR_2026-03-31_G15,10109862MOREIRAR,2026-03-31,117785,1,12,0,114.0
10109862MOREIRAR_2026-03-31_G16,10109862MOREIRAR,2026-03-31,141457,1,32,0,140.0
10109862MOREIRAR_2026-03-31_G17,10109862MOREIRAR,2026-03-31,117833,1,14,0,245.0
10109862MOREIRAR_2026-03-31_G18,10109862MOREIRAR,2026-03-31,111466,1,20,0,587.0
10109862MOREIRAR_2026-03-31_G19,10109862MOREIRAR,2026-03-31,109645,1,4,0,2420.0
10109862MOREIRAR_2026-03-31_G20,10109862MOREIRAR,2026-03-31,111172,1,2,0,104.0
10109862MOREIRAR_2026-03-31_G21,10109862MOREIRAR,2026-03-31,111172,1,12,0,93.0
10109862MOREIRAR_2026-03-31_G22,10109862MOREIRAR,2026-03-31,111532,1,13,0,67.0
10109869ROSAR_2025-06-05_G02,10109869ROSAR,2025-06-05,117855,1,4,0,2123.0
10109869ROSAR_2025-06-05_G03,10109869ROSAR,2025-06-05,117855,1,10,0,235.0
10109869ROSAR_2025-06-05_G04,10109869ROSAR,2025-06-05,117862,1,20,0,468.0
10109869ROSAR_2025-06-05_G05,10109869ROSAR,2025-06-05,117861,2,10,8,205.0
10109869ROSAR_2025-06-05_G06,10109869ROSAR,2025-06-05,110752,1,4,0,214.0
10109869ROSAR_2025-06-05_G07,10109869ROSAR,2025-06-05,105242,1,2,0,225.0
10109869ROSAR_2025-06-05_G08,10109869ROSAR,2025-06-05,111602,1,5,0,340.0
10109869ROSAR_2025-06-05_G09,10109869ROSAR,2025-06-05,111602,1,4,0,201.0
10109869ROSAR_2025-06-05_G10,10109869ROSAR,2025-06-05,110515,1,5,0,317.0
10109869ROSAR_2025-06-05_G11,10109869ROSAR,2025-06-05,110373,1,20,0,3094.0
10109869ROSAR_2025-06-05_G12,10109869ROSAR,2025-06-05,110743,1,1,0,364.0
10109869ROSAR_2025-06-05_G13,10109869ROSAR,2025-06-05,111466,1,8,0,253.0
10109869ROSAR_2025-06-06_G02,10109869ROSAR,2025-06-06,110711,1,4,0,347.0
10109869ROSAR_2025-06-06_G03,10109869ROSAR,2025-06-06,118094,1,6,0,279.0
10109869ROSAR_2025-06-06_G04,10109869ROSAR,2025-06-06,111620,1,1,0,781.0
10109869ROSAR_2025-06-06_G05,10109869ROSAR,2025-06-06,110754,1,4,0,294.0
10109869ROSAR_2025-06-06_G06,10109869ROSAR,2025-06-06,111430,1,2,0,93.0
10109869ROSAR_2025-06-06_G09,10109869ROSAR,2025-06-06,109640,1,4,0,98.0
10109869ROSAR_2025-06-06_G10,10109869ROSAR,2025-06-06,109640,1,2,0,50.0
10109869ROSAR_2025-06-06_G11,10109869ROSAR,2025-06-06,111466,1,120,0,3141.0
10109869ROSAR_2025-06-06_G12,10109869ROSAR,2025-06-06,110895,1,4,0,3091.0
10109869ROSAR_2025-06-06_G13,10109869ROSAR,2025-06-06,117837,1,3,0,462.0
10109869ROSAR_2025-06-06_G14,10109869ROSAR,2025-06-06,111467,1,1,0,120.0
10109869ROSAR_2025-06-06_G15,10109869ROSAR,2025-06-06,110733,1,2,0,100.0
10109869ROSAR_2025-06-06_G16,10109869ROSAR,2025-06-06,141047,1,2,0,607.0
10109869ROSAR_2025-06-06_G17,10109869ROSAR,2025-06-06,117856,1,4,0,763.0
10109869ROSAR_2025-06-06_G18,10109869ROSAR,2025-06-06,110895,1,2,0,175.0
10109869ROSAR_2025-06-07_G02,10109869ROSAR,2025-06-07,110741,1,2,0,561.0
10109869ROSAR_2025-06-07_G03,10109869ROSAR,2025-06-07,107629,1,2,0,161.0
10109869ROSAR_2025-06-07_G04,10109869ROSAR,2025-06-07,110339,1,2,0,63.0
10109869ROSAR_2025-06-07_G05,10109869ROSAR,2025-06-07,110733,1,2,0,537.0
10109869ROSAR_2025-06-07_G06,10109869ROSAR,2025-06-07,111602,1,1,0,73.0
10109869ROSAR_2025-06-07_G07,10109869ROSAR,2025-06-07,117856,1,4,0,161.0
10109869ROSAR_2025-06-07_G08,10109869ROSAR,2025-06-07,141047,1,2,0,482.0
10109869ROSAR_2025-06-08_G02,10109869ROSAR,2025-06-08,111330,1,12,0,1834.0
10109869ROSAR_2025-06-08_G03,10109869ROSAR,2025-06-08,110742,1,4,0,2302.0
10109869ROSAR_2025-06-08_G04,10109869ROSAR,2025-06-08,111447,1,2,0,142.0
10109869ROSAR_2025-06-08_G05,10109869ROSAR,2025-06-08,111441,1,10,0,762.0
10109869ROSAR_2025-06-08_G06,10109869ROSAR,2025-06-08,117835,1,2,0,120.0
10109869ROSAR_2025-06-08_G07,10109869ROSAR,2025-06-08,111438,1,16,0,492.0
10109869ROSAR_2025-06-08_G08,10109869ROSAR,2025-06-08,110895,1,4,0,1103.0
10109869ROSAR_2025-06-08_G09,10109869ROSAR,2025-06-08,118222,1,11,0,476.0
10109869ROSAR_2025-06-08_G10,10109869ROSAR,2025-06-08,110741,1,6,0,651.0
10109869ROSAR_2025-06-08_G11,10109869ROSAR,2025-06-08,109640,1,6,0,255.0
10109869ROSAR_2025-06-08_G12,10109869ROSAR,2025-06-08,111467,1,3,0,118.0
10109869ROSAR_2025-06-08_G13,10109869ROSAR,2025-06-08,110733,1,9,0,533.0
10109869ROSAR_2025-06-08_G14,10109869ROSAR,2025-06-08,111602,1,7,0,140.0
10109869ROSAR_2025-06-08_G15,10109869ROSAR,2025-06-08,111530,1,22,0,1089.0
10109869ROSAR_2025-06-09_G02,10109869ROSAR,2025-06-09,141047,1,4,0,566.0
10109869ROSAR_2025-06-09_G03,10109869ROSAR,2025-06-09,117855,1,40,0,1403.0
10109869ROSAR_2025-06-09_G04,10109869ROSAR,2025-06-09,110752,1,10,0,511.0
10109869ROSAR_2025-06-09_G06,10109869ROSAR,2025-06-09,111441,1,8,0,401.0
10109869ROSAR_2025-06-09_G07,10109869ROSAR,2025-06-09,111438,1,6,0,447.0
10109869ROSAR_2025-06-09_G08,10109869ROSAR,2025-06-09,111569,1,18,0,319.0
10109869ROSAR_2025-06-09_G09,10109869ROSAR,2025-06-09,110895,1,2,0,148.0
10109869ROSAR_2025-06-09_G10,10109869ROSAR,2025-06-09,108770,1,6,0,139.0
10109869ROSAR_2025-06-09_G12,10109869ROSAR,2025-06-09,109647,1,15,0,696.0
10109869ROSAR_2025-06-09_G13,10109869ROSAR,2025-06-09,109647,1,4,0,104.0
10109869ROSAR_2025-06-09_G14,10109869ROSAR,2025-06-09,105744,1,1,0,117.0
10109869ROSAR_2025-06-09_G15,10109869ROSAR,2025-06-09,110580,1,2,0,304.0
10109869ROSAR_2025-06-09_G16,10109869ROSAR,2025-06-09,107629,1,40,0,2108.0
10109869ROSAR_2025-06-09_G17,10109869ROSAR,2025-06-09,117861,1,24,0,1084.0
10109869ROSAR_2025-06-09_G18,10109869ROSAR,2025-06-09,108361,1,1,0,261.0
10109869ROSAR_2025-06-09_G19,10109869ROSAR,2025-06-09,110733,1,30,0,432.0
10109869ROSAR_2025-06-09_G20,10109869ROSAR,2025-06-09,110733,1,95,0,1598.0
10109869ROSAR_2025-06-09_G21,10109869ROSAR,2025-06-09,110313,1,1,0,115.0
10109869ROSAR_2025-06-09_G22,10109869ROSAR,2025-06-09,117856,1,35,0,847.0
10109869ROSAR_2025-06-10_G02,10109869ROSAR,2025-06-10,110753,1,1,0,82.0
10109869ROSAR_2025-06-10_G03,10109869ROSAR,2025-06-10,117786,1,23,0,287.0
10109869ROSAR_2025-06-10_G04,10109869ROSAR,2025-06-10,141047,1,4,0,161.0
10109869ROSAR_2025-06-10_G05,10109869ROSAR,2025-06-10,109640,1,21,0,2031.0
10109869ROSAR_2025-06-10_G06,10109869ROSAR,2025-06-10,108772,1,5,0,967.0
10109869ROSAR_2025-06-10_G07,10109869ROSAR,2025-06-10,111441,1,4,0,2591.0
10109869ROSAR_2025-06-10_G09,10109869ROSAR,2025-06-10,110755,1,4,0,185.0
10109869ROSAR_2025-06-10_G10,10109869ROSAR,2025-06-10,111438,1,4,0,428.0
10109869ROSAR_2025-06-10_G12,10109869ROSAR,2025-06-10,109643,1,40,0,988.0
10109869ROSAR_2025-06-10_G13,10109869ROSAR,2025-06-10,117840,1,4,0,165.0
10109869ROSAR_2025-06-10_G14,10109869ROSAR,2025-06-10,117822,1,4,0,114.0
10109869ROSAR_2025-06-10_G15,10109869ROSAR,2025-06-10,110376,1,12,0,129.0
10109869ROSAR_2025-06-10_G16,10109869ROSAR,2025-06-10,110373,1,300,0,3599.0
10109869ROSAR_2025-06-11_G02,10109869ROSAR,2025-06-11,117830,1,80,0,976.0
10109869ROSAR_2025-06-11_G03,10109869ROSAR,2025-06-11,141202,1,10,0,385.0
10109869ROSAR_2025-06-11_G04,10109869ROSAR,2025-06-11,117820,1,160,0,1272.0
10109869ROSAR_2025-06-11_G05,10109869ROSAR,2025-06-11,118229,1,2,0,3408.0
10109869ROSAR_2025-06-11_G06,10109869ROSAR,2025-06-11,110081,1,4,0,377.0
10109869ROSAR_2025-06-11_G07,10109869ROSAR,2025-06-11,110742,1,2,0,140.0
10109869ROSAR_2025-06-11_G08,10109869ROSAR,2025-06-11,110747,1,12,0,753.0
10109869ROSAR_2025-06-11_G09,10109869ROSAR,2025-06-11,110841,1,4,0,612.0
10109869ROSAR_2025-06-11_G10,10109869ROSAR,2025-06-11,109471,1,1,0,232.0
10109869ROSAR_2025-06-11_G11,10109869ROSAR,2025-06-11,111655,1,4,0,208.0
10109869ROSAR_2025-06-11_G12,10109869ROSAR,2025-06-11,110623,1,2,0,158.0
10109869ROSAR_2025-06-11_G13,10109869ROSAR,2025-06-11,118222,1,15,0,450.0
10109869ROSAR_2025-06-11_G15,10109869ROSAR,2025-06-11,100334,1,6,0,478.0
10109869ROSAR_2025-06-11_G16,10109869ROSAR,2025-06-11,100334,1,4,0,116.0
10109869ROSAR_2025-06-11_G17,10109869ROSAR,2025-06-11,118306,1,4,0,174.0
10109869ROSAR_2025-06-11_G18,10109869ROSAR,2025-06-11,108759,1,6,0,233.0
10109869ROSAR_2025-06-11_G19,10109869ROSAR,2025-06-11,117835,1,5,0,271.0
10109869ROSAR_2025-06-11_G20,10109869ROSAR,2025-06-11,110895,1,4,0,151.0
10109869ROSAR_2025-06-11_G21,10109869ROSAR,2025-06-11,118094,1,5,0,926.0
10109869ROSAR_2025-06-11_G22,10109869ROSAR,2025-06-11,117788,1,3,0,875.0
10109869ROSAR_2025-06-11_G23,10109869ROSAR,2025-06-11,110339,1,3,0,151.0
10109869ROSAR_2025-06-11_G24,10109869ROSAR,2025-06-11,118298,1,6,0,479.0
10109869ROSAR_2025-06-11_G25,10109869ROSAR,2025-06-11,117855,1,3,0,189.0
10109869ROSAR_2025-06-11_G26,10109869ROSAR,2025-06-11,117855,1,10,0,216.0
10109869ROSAR_2025-06-11_G27,10109869ROSAR,2025-06-11,111467,1,3,0,124.0
10109869ROSAR_2025-06-11_G28,10109869ROSAR,2025-06-11,108361,1,4,0,258.0
10109869ROSAR_2025-06-11_G29,10109869ROSAR,2025-06-11,110733,1,1,0,141.0
10109869ROSAR_2025-06-11_G30,10109869ROSAR,2025-06-11,110733,1,10,0,121.0
10109869ROSAR_2025-06-11_G31,10109869ROSAR,2025-06-11,111530,1,5,0,174.0
10109869ROSAR_2025-06-11_G32,10109869ROSAR,2025-06-11,117856,1,4,0,185.0
10109869ROSAR_2025-06-11_G33,10109869ROSAR,2025-06-11,110755,1,2,0,1025.0
10109869ROSAR_2025-06-11_G34,10109869ROSAR,2025-06-11,111530,1,2,0,261.0
10109869ROSAR_2025-06-11_G35,10109869ROSAR,2025-06-11,109643,1,2,0,150.0
10109869ROSAR_2025-06-11_G36,10109869ROSAR,2025-06-11,117830,1,2,0,99.0
10109869ROSAR_2025-06-11_G37,10109869ROSAR,2025-06-11,117830,1,4,0,38.0
10109869ROSAR_2025-06-11_G38,10109869ROSAR,2025-06-11,117820,1,36,0,520.0
10109869ROSAR_2025-06-11_G39,10109869ROSAR,2025-06-11,110325,1,14,0,966.0
10109869ROSAR_2025-06-11_G40,10109869ROSAR,2025-06-11,110374,1,31,0,590.0
10109869ROSAR_2025-06-12_G02,10109869ROSAR,2025-06-12,110372,1,80,0,1143.0
10109869ROSAR_2025-06-12_G03,10109869ROSAR,2025-06-12,141202,1,16,0,1345.0
10109869ROSAR_2025-06-12_G04,10109869ROSAR,2025-06-12,117809,1,10,0,142.0
10109869ROSAR_2025-06-12_G07,10109869ROSAR,2025-06-12,117808,1,800,0,2938.0
10109869ROSAR_2025-06-12_G08,10109869ROSAR,2025-06-12,110787,1,9,0,3584.0
10109869ROSAR_2025-06-12_G09,10109869ROSAR,2025-06-12,110711,1,2,0,1470.0
10109869ROSAR_2025-06-12_G10,10109869ROSAR,2025-06-12,110787,1,2,0,139.0
10109869ROSAR_2025-06-12_G11,10109869ROSAR,2025-06-12,110748,1,12,0,705.0
10109869ROSAR_2025-06-12_G12,10109869ROSAR,2025-06-12,111433,1,12,0,227.0
10109869ROSAR_2025-06-12_G13,10109869ROSAR,2025-06-12,110787,1,8,0,621.0
10109869ROSAR_2025-06-13_G03,10109869ROSAR,2025-06-13,117834,1,12,0,289.0
10109869ROSAR_2025-06-13_G04,10109869ROSAR,2025-06-13,110747,1,4,0,161.0
10109869ROSAR_2025-06-13_G05,10109869ROSAR,2025-06-13,118418,1,4,0,153.0
10109869ROSAR_2025-06-13_G06,10109869ROSAR,2025-06-13,111441,1,8,0,199.0
10109869ROSAR_2025-06-13_G07,10109869ROSAR,2025-06-13,111569,1,20,0,463.0
10109869ROSAR_2025-06-13_G08,10109869ROSAR,2025-06-13,110895,1,1,0,185.0
10109869ROSAR_2025-06-13_G09,10109869ROSAR,2025-06-13,109937,1,8,0,206.0
10109869ROSAR_2025-06-13_G10,10109869ROSAR,2025-06-13,118222,1,16,0,1613.0
10109869ROSAR_2025-06-13_G11,10109869ROSAR,2025-06-13,118094,1,8,0,773.0
10109869ROSAR_2025-06-13_G12,10109869ROSAR,2025-06-13,109640,1,8,0,315.0
10109869ROSAR_2025-06-13_G13,10109869ROSAR,2025-06-13,117862,1,8,0,725.0
10109869ROSAR_2025-06-13_G14,10109869ROSAR,2025-06-13,117861,1,8,0,266.0
10109869ROSAR_2025-06-13_G15,10109869ROSAR,2025-06-13,110313,1,8,0,149.0
10109869ROSAR_2025-06-13_G16,10109869ROSAR,2025-06-13,117853,1,4,0,77.0
10109869ROSAR_2025-06-13_G17,10109869ROSAR,2025-06-13,117786,1,6,0,117.0
10109869ROSAR_2025-06-13_G18,10109869ROSAR,2025-06-13,108772,1,4,0,173.0
10109869ROSAR_2025-06-13_G19,10109869ROSAR,2025-06-13,"111530, 111602",2,62,9,183.0
10109869ROSAR_2025-06-13_G20,10109869ROSAR,2025-06-13,110515,1,26,0,737.0
10109869ROSAR_2025-06-13_G21,10109869ROSAR,2025-06-13,118306,1,3,0,1297.0
10109869ROSAR_2025-06-13_G22,10109869ROSAR,2025-06-13,109471,1,1,0,175.0
10109869ROSAR_2025-06-13_G23,10109869ROSAR,2025-06-13,108759,1,2,0,159.0
10109869ROSAR_2025-06-13_G24,10109869ROSAR,2025-06-13,108759,2,10,30,147.0
10109869ROSAR_2025-06-13_G25,10109869ROSAR,2025-06-13,117835,1,3,0,117.0
10109869ROSAR_2025-06-13_G26,10109869ROSAR,2025-06-13,110895,1,2,0,102.0
10109869ROSAR_2025-06-13_G27,10109869ROSAR,2025-06-13,117834,1,6,0,360.0
10109869ROSAR_2025-06-13_G28,10109869ROSAR,2025-06-13,118222,1,9,0,415.0
10109869ROSAR_2025-06-13_G29,10109869ROSAR,2025-06-13,118222,1,2,0,66.0
10109869ROSAR_2025-06-13_G31,10109869ROSAR,2025-06-13,111753,1,10,0,1266.0
10109869ROSAR_2025-06-13_G32,10109869ROSAR,2025-06-13,110515,1,4,0,1015.0
10109869ROSAR_2025-06-13_G33,10109869ROSAR,2025-06-13,117861,1,6,0,159.0
10109869ROSAR_2025-06-13_G34,10109869ROSAR,2025-06-13,117786,1,2,0,124.0
10109869ROSAR_2025-06-13_G35,10109869ROSAR,2025-06-13,108772,1,2,0,74.0
10109869ROSAR_2025-06-13_G36,10109869ROSAR,2025-06-13,111463,1,3,0,512.0
10109869ROSAR_2025-06-13_G37,10109869ROSAR,2025-06-13,111466,1,8,0,205.0
10109869ROSAR_2025-06-13_G38,10109869ROSAR,2025-06-13,108711,1,10,0,185.0
10109869ROSAR_2025-06-13_G39,10109869ROSAR,2025-06-13,117787,1,6,0,189.0
10109869ROSAR_2025-06-13_G40,10109869ROSAR,2025-06-13,111444,1,6,0,130.0
10109869ROSAR_2025-06-13_G41,10109869ROSAR,2025-06-13,117821,1,6,0,126.0
10109869ROSAR_2025-06-13_G42,10109869ROSAR,2025-06-13,110787,1,5,0,151.0
10109869ROSAR_2025-06-13_G43,10109869ROSAR,2025-06-13,118140,1,10,0,212.0
10109869ROSAR_2025-06-13_G44,10109869ROSAR,2025-06-13,110373,1,6,0,865.0
10109869ROSAR_2025-06-13_G45,10109869ROSAR,2025-06-13,118299,1,3,0,164.0
10109869ROSAR_2025-06-13_G46,10109869ROSAR,2025-06-13,110372,1,9,0,179.0
10109869ROSAR_2025-06-13_G47,10109869ROSAR,2025-06-13,117830,1,6,0,77.0
10109869ROSAR_2025-06-13_G48,10109869ROSAR,2025-06-13,110371,1,3,0,138.0
10109869ROSAR_2025-06-13_G49,10109869ROSAR,2025-06-13,111466,1,20,0,1659.0
10109869ROSAR_2025-06-13_G50,10109869ROSAR,2025-06-13,110313,1,4,0,164.0
10109869ROSAR_2025-06-13_G51,10109869ROSAR,2025-06-13,110733,1,4,0,157.0
10109869ROSAR_2025-06-13_G52,10109869ROSAR,2025-06-13,111602,1,8,0,227.0
10109869ROSAR_2025-06-13_G53,10109869ROSAR,2025-06-13,108711,1,12,0,491.0
10109869ROSAR_2025-06-13_G54,10109869ROSAR,2025-06-13,118140,1,12,0,720.0
10109869ROSAR_2025-06-13_G55,10109869ROSAR,2025-06-13,110895,1,1,0,256.0
10109869ROSAR_2025-06-13_G56,10109869ROSAR,2025-06-13,111465,1,4,0,147.0
10109869ROSAR_2025-06-13_G57,10109869ROSAR,2025-06-13,110325,1,8,0,294.0
10109869ROSAR_2025-06-14_G02,10109869ROSAR,2025-06-14,111466,1,4,0,154.0
10109869ROSAR_2025-06-14_G03,10109869ROSAR,2025-06-14,108711,1,10,0,198.0
10109869ROSAR_2025-06-14_G04,10109869ROSAR,2025-06-14,118140,1,4,0,146.0
10109869ROSAR_2025-06-14_G05,10109869ROSAR,2025-06-14,108361,1,2,0,606.0
10109869ROSAR_2025-06-14_G06,10109869ROSAR,2025-06-14,110895,1,2,0,214.0
10109869ROSAR_2025-06-15_G02,10109869ROSAR,2025-06-15,110787,1,33,0,865.0
10109869ROSAR_2025-06-15_G03,10109869ROSAR,2025-06-15,111434,1,5,0,268.0
10109869ROSAR_2025-06-15_G04,10109869ROSAR,2025-06-15,117808,1,140,0,2170.0
10109869ROSAR_2025-06-15_G05,10109869ROSAR,2025-06-15,118299,1,90,0,626.0
10109869ROSAR_2025-06-16_G02,10109869ROSAR,2025-06-16,117965,1,12,0,212.0
10109869ROSAR_2025-06-16_G03,10109869ROSAR,2025-06-16,108701,1,8,0,264.0
10109869ROSAR_2025-06-16_G04,10109869ROSAR,2025-06-16,109640,1,20,0,488.0
10109869ROSAR_2025-06-16_G05,10109869ROSAR,2025-06-16,110752,1,10,0,701.0
10109869ROSAR_2025-06-16_G06,10109869ROSAR,2025-06-16,108361,1,4,0,137.0
10109869ROSAR_2025-06-16_G07,10109869ROSAR,2025-06-16,110733,1,70,0,687.0
10109869ROSAR_2025-06-16_G08,10109869ROSAR,2025-06-16,117856,1,12,0,493.0
10109869ROSAR_2025-06-16_G09,10109869ROSAR,2025-06-16,110063,1,6,0,290.0
10109869ROSAR_2025-06-16_G10,10109869ROSAR,2025-06-16,118229,1,1,0,1981.0
10109869ROSAR_2025-06-16_G11,10109869ROSAR,2025-06-16,111793,1,3,0,946.0
10109869ROSAR_2025-06-16_G12,10109869ROSAR,2025-06-16,110454,1,7,0,130.0
10109869ROSAR_2025-06-16_G13,10109869ROSAR,2025-06-16,110895,1,24,0,463.0
10109869ROSAR_2025-06-16_G14,10109869ROSAR,2025-06-16,110311,1,3,0,111.0
10109869ROSAR_2025-06-16_G15,10109869ROSAR,2025-06-16,108759,1,23,0,1573.0
10109869ROSAR_2025-06-16_G16,10109869ROSAR,2025-06-16,108759,1,2,0,48.0
10109869ROSAR_2025-06-16_G18,10109869ROSAR,2025-06-16,110841,1,2,0,1039.0
10109869ROSAR_2025-06-16_G19,10109869ROSAR,2025-06-16,105359,1,4,0,113.0
10109869ROSAR_2025-06-16_G20,10109869ROSAR,2025-06-16,105167,1,2,0,1635.0
10109869ROSAR_2025-06-16_G21,10109869ROSAR,2025-06-16,118222,1,34,0,1334.0
10109869ROSAR_2025-06-16_G22,10109869ROSAR,2025-06-16,118222,1,18,0,906.0
10109869ROSAR_2025-06-16_G23,10109869ROSAR,2025-06-16,118222,1,10,0,179.0
10109869ROSAR_2025-06-16_G24,10109869ROSAR,2025-06-16,117785,1,100,0,718.0
10109869ROSAR_2025-06-16_G25,10109869ROSAR,2025-06-16,116241,1,6,0,295.0
10109869ROSAR_2025-06-16_G26,10109869ROSAR,2025-06-16,116241,1,2,0,59.0
10109869ROSAR_2025-06-16_G27,10109869ROSAR,2025-06-16,117831,1,10,0,187.0
10109869ROSAR_2025-06-16_G28,10109869ROSAR,2025-06-16,111466,1,20,0,217.0
10109869ROSAR_2025-06-16_G29,10109869ROSAR,2025-06-16,111172,1,17,0,688.0
10109869ROSAR_2025-06-16_G30,10109869ROSAR,2025-06-16,108798,1,14,0,458.0
10109869ROSAR_2025-06-16_G31,10109869ROSAR,2025-06-16,141048,1,4,0,92.0
10109869ROSAR_2025-06-17_G02,10109869ROSAR,2025-06-17,110733,1,4,0,136.0
10109869ROSAR_2025-06-17_G03,10109869ROSAR,2025-06-17,110743,1,4,0,840.0
10109869ROSAR_2025-06-17_G04,10109869ROSAR,2025-06-17,108794,1,12,0,137.0
10109869ROSAR_2025-06-17_G05,10109869ROSAR,2025-06-17,140922,1,5,0,135.0
10109869ROSAR_2025-06-17_G06,10109869ROSAR,2025-06-17,111172,1,5,0,143.0
10109869ROSAR_2025-06-17_G07,10109869ROSAR,2025-06-17,118140,1,12,0,232.0
10109869ROSAR_2025-06-17_G08,10109869ROSAR,2025-06-17,141262,1,69,0,1275.0
10109869ROSAR_2025-06-17_G09,10109869ROSAR,2025-06-17,141262,1,10,0,165.0
10109869ROSAR_2025-06-17_G10,10109869ROSAR,2025-06-17,141262,1,11,0,105.0
10109869ROSAR_2025-06-17_G11,10109869ROSAR,2025-06-17,111722,1,361,0,1568.0
10109869ROSAR_2025-06-17_G12,10109869ROSAR,2025-06-17,110371,1,38,0,704.0
10109869ROSAR_2025-06-17_G13,10109869ROSAR,2025-06-17,141202,1,14,0,142.0
10109869ROSAR_2025-06-17_G14,10109869ROSAR,2025-06-17,111738,1,148,0,1308.0
10109869ROSAR_2025-06-17_G16,10109869ROSAR,2025-06-17,111602,1,108,0,987.0
10109869ROSAR_2025-06-17_G17,10109869ROSAR,2025-06-17,111530,1,450,0,770.0
10109869ROSAR_2025-06-17_G18,10109869ROSAR,2025-06-17,110752,1,144,0,908.0
10109869ROSAR_2025-06-17_G19,10109869ROSAR,2025-06-17,118290,1,8,0,1368.0
10109869ROSAR_2025-06-17_G20,10109869ROSAR,2025-06-17,140957,1,1,0,802.0
10109869ROSAR_2025-06-17_G21,10109869ROSAR,2025-06-17,110373,1,14,0,189.0
10109869ROSAR_2025-06-17_G22,10109869ROSAR,2025-06-17,118140,1,6,0,686.0
10109869ROSAR_2025-06-17_G23,10109869ROSAR,2025-06-17,111465,1,3,0,103.0
10109869ROSAR_2025-06-17_G24,10109869ROSAR,2025-06-17,110373,1,12,0,292.0
10109869ROSAR_2025-06-17_G25,10109869ROSAR,2025-06-17,117820,1,20,0,207.0
10109869ROSAR_2025-06-17_G26,10109869ROSAR,2025-06-17,111465,1,4,0,1583.0
10109869ROSAR_2025-06-18_G02,10109869ROSAR,2025-06-18,111532,1,8,0,339.0
10109869ROSAR_2025-06-18_G03,10109869ROSAR,2025-06-18,108711,1,18,0,1313.0
10109869ROSAR_2025-06-18_G05,10109869ROSAR,2025-06-18,117935,1,66,0,1352.0
10109869ROSAR_2025-06-19_G02,10109869ROSAR,2025-06-19,109640,1,8,0,154.0
10109869ROSAR_2025-06-19_G03,10109869ROSAR,2025-06-19,108711,1,4,0,171.0
10109869ROSAR_2025-06-19_G04,10109869ROSAR,2025-06-19,111469,1,3,0,84.0
10109869ROSAR_2025-06-19_G05,10109869ROSAR,2025-06-19,111433,1,4,0,184.0
10109869ROSAR_2025-06-19_G06,10109869ROSAR,2025-06-19,110787,1,1,0,98.0
10109869ROSAR_2025-06-19_G07,10109869ROSAR,2025-06-19,117820,1,1,0,87.0
10109869ROSAR_2025-06-19_G08,10109869ROSAR,2025-06-19,109640,1,8,0,1563.0
10109869ROSAR_2025-06-19_G09,10109869ROSAR,2025-06-19,109640,1,4,0,54.0
10109869ROSAR_2025-06-19_G10,10109869ROSAR,2025-06-19,109640,1,12,0,163.0
10109869ROSAR_2025-06-19_G11,10109869ROSAR,2025-06-19,109640,1,20,0,1127.0
10109869ROSAR_2025-06-19_G12,10109869ROSAR,2025-06-19,117855,1,4,0,308.0
10109869ROSAR_2025-06-19_G13,10109869ROSAR,2025-06-19,117785,1,6,0,155.0
10109869ROSAR_2025-06-19_G14,10109869ROSAR,2025-06-19,111532,1,20,0,199.0
10109869ROSAR_2025-06-19_G16,10109869ROSAR,2025-06-19,111602,1,2,0,582.0
10109869ROSAR_2025-06-19_G17,10109869ROSAR,2025-06-19,117831,1,4,0,138.0
10109869ROSAR_2025-06-19_G18,10109869ROSAR,2025-06-19,111530,1,12,0,514.0
10109869ROSAR_2025-06-19_G19,10109869ROSAR,2025-06-19,110313,1,3,0,1995.0
10109869ROSAR_2025-06-19_G20,10109869ROSAR,2025-06-19,110313,1,1,0,180.0
10109869ROSAR_2025-06-19_G21,10109869ROSAR,2025-06-19,111602,1,4,0,235.0
10109869ROSAR_2025-06-19_G22,10109869ROSAR,2025-06-19,108711,1,12,0,212.0
10109869ROSAR_2025-06-19_G23,10109869ROSAR,2025-06-19,110787,1,8,0,172.0
10109869ROSAR_2025-06-19_G24,10109869ROSAR,2025-06-19,118140,1,12,0,147.0
10109869ROSAR_2025-06-19_G25,10109869ROSAR,2025-06-19,117855,1,2,0,1167.0
10109869ROSAR_2025-06-19_G26,10109869ROSAR,2025-06-19,117856,1,4,0,148.0
10109869ROSAR_2025-06-19_G27,10109869ROSAR,2025-06-19,108795,1,4,0,158.0
10109869ROSAR_2025-06-19_G28,10109869ROSAR,2025-06-19,117785,1,3,0,51.0
10109869ROSAR_2025-06-19_G29,10109869ROSAR,2025-06-19,110745,1,4,0,105.0
10109869ROSAR_2025-06-19_G30,10109869ROSAR,2025-06-19,111466,1,4,0,78.0
10109869ROSAR_2025-06-19_G31,10109869ROSAR,2025-06-19,111172,1,4,0,123.0
10109869ROSAR_2025-06-19_G32,10109869ROSAR,2025-06-19,108711,1,4,0,482.0
10109869ROSAR_2025-06-19_G33,10109869ROSAR,2025-06-19,117821,1,4,0,157.0
10109869ROSAR_2025-06-19_G34,10109869ROSAR,2025-06-19,111418,1,4,0,79.0
10109869ROSAR_2025-06-19_G35,10109869ROSAR,2025-06-19,110787,1,4,0,122.0
10109869ROSAR_2025-06-19_G36,10109869ROSAR,2025-06-19,110374,1,8,0,210.0
10109869ROSAR_2025-06-19_G37,10109869ROSAR,2025-06-19,117808,1,4,0,119.0
10109869ROSAR_2025-06-19_G38,10109869ROSAR,2025-06-19,109643,1,4,0,82.0
10109869ROSAR_2025-06-19_G39,10109869ROSAR,2025-06-19,110371,1,8,0,133.0
10109869ROSAR_2025-06-19_G40,10109869ROSAR,2025-06-19,110371,1,8,0,68.0
10109869ROSAR_2025-06-19_G41,10109869ROSAR,2025-06-19,117820,1,4,0,81.0
10109869ROSAR_2025-06-19_G42,10109869ROSAR,2025-06-19,111441,1,3,0,545.0
10109869ROSAR_2025-06-19_G43,10109869ROSAR,2025-06-19,110787,1,4,0,152.0
10109869ROSAR_2025-06-19_G44,10109869ROSAR,2025-06-19,110740,1,4,0,217.0
10109869ROSAR_2025-06-19_G45,10109869ROSAR,2025-06-19,111441,1,4,0,428.0
10109869ROSAR_2025-06-19_G46,10109869ROSAR,2025-06-19,110787,1,4,0,149.0
10109869ROSAR_2025-06-19_G47,10109869ROSAR,2025-06-19,109640,1,8,0,313.0
10109869ROSAR_2025-06-20_G02,10109869ROSAR,2025-06-20,110339,1,3,0,59.0
10109869ROSAR_2025-06-20_G03,10109869ROSAR,2025-06-20,110515,1,3,0,164.0
10109869ROSAR_2025-06-20_G04,10109869ROSAR,2025-06-20,117862,1,3,0,104.0
10109869ROSAR_2025-06-20_G05,10109869ROSAR,2025-06-20,111467,1,4,0,104.0
10109869ROSAR_2025-06-20_G06,10109869ROSAR,2025-06-20,117935,1,1,0,84.0
10109869ROSAR_2025-06-20_G07,10109869ROSAR,2025-06-20,111462,2,13,27,273.0
10109869ROSAR_2025-06-20_G08,10109869ROSAR,2025-06-20,111728,1,14,0,419.0
10109869ROSAR_2025-06-20_G09,10109869ROSAR,2025-06-20,109645,1,1,0,125.0
10109869ROSAR_2025-06-20_G10,10109869ROSAR,2025-06-20,111418,1,2,0,81.0
10109869ROSAR_2025-06-20_G11,10109869ROSAR,2025-06-20,110787,1,1,0,95.0
10109869ROSAR_2025-06-20_G12,10109869ROSAR,2025-06-20,110787,1,6,0,93.0
10109869ROSAR_2025-06-20_G13,10109869ROSAR,2025-06-20,110743,1,1,0,162.0
10109869ROSAR_2025-06-20_G14,10109869ROSAR,2025-06-20,111743,1,2,0,65.0
10109869ROSAR_2025-06-20_G15,10109869ROSAR,2025-06-20,105705,1,1,0,64.0
10109869ROSAR_2025-06-20_G16,10109869ROSAR,2025-06-20,117833,1,3,0,385.0
10109869ROSAR_2025-06-20_G17,10109869ROSAR,2025-06-20,109641,1,1,0,96.0
10109869ROSAR_2025-06-20_G18,10109869ROSAR,2025-06-20,110374,1,1,0,151.0
10109869ROSAR_2025-06-20_G19,10109869ROSAR,2025-06-20,117808,1,32,0,510.0
10109869ROSAR_2025-06-20_G20,10109869ROSAR,2025-06-20,117822,1,2,0,67.0
10109869ROSAR_2025-06-20_G21,10109869ROSAR,2025-06-20,117809,1,3,0,108.0
10109869ROSAR_2025-06-20_G24,10109869ROSAR,2025-06-20,110742,1,4,0,85.0
10109869ROSAR_2025-06-20_G25,10109869ROSAR,2025-06-20,111850,1,2,0,80.0
10109869ROSAR_2025-06-20_G26,10109869ROSAR,2025-06-20,118306,1,2,0,189.0
10109869ROSAR_2025-06-20_G27,10109869ROSAR,2025-06-20,111441,1,8,0,307.0
10109869ROSAR_2025-06-20_G28,10109869ROSAR,2025-06-20,111441,1,2,0,70.0
10109869ROSAR_2025-06-20_G29,10109869ROSAR,2025-06-20,108770,1,1,0,172.0
10109869ROSAR_2025-06-20_G30,10109869ROSAR,2025-06-20,117834,1,10,0,244.0
10109869ROSAR_2025-06-20_G31,10109869ROSAR,2025-06-20,117853,1,2,0,668.0
10109869ROSAR_2025-06-20_G32,10109869ROSAR,2025-06-20,117853,1,4,0,37.0
10109869ROSAR_2025-06-20_G33,10109869ROSAR,2025-06-20,111876,1,2,0,354.0
10109869ROSAR_2025-06-20_G34,10109869ROSAR,2025-06-20,117786,1,7,0,115.0
10109869ROSAR_2025-06-20_G35,10109869ROSAR,2025-06-20,109640,1,2,0,103.0
10109869ROSAR_2025-06-20_G36,10109869ROSAR,2025-06-20,110515,1,11,0,190.0
10109869ROSAR_2025-06-20_G37,10109869ROSAR,2025-06-20,110753,1,2,0,124.0
10109869ROSAR_2025-06-20_G38,10109869ROSAR,2025-06-20,117855,1,27,0,447.0
10109869ROSAR_2025-06-20_G39,10109869ROSAR,2025-06-20,111467,1,21,0,434.0
10109869ROSAR_2025-06-20_G40,10109869ROSAR,2025-06-20,111602,1,10,0,204.0
10109869ROSAR_2025-06-20_G41,10109869ROSAR,2025-06-20,111530,1,31,0,701.0
10109869ROSAR_2025-06-20_G42,10109869ROSAR,2025-06-20,117832,1,20,0,2915.0
10109869ROSAR_2025-06-20_G43,10109869ROSAR,2025-06-20,110371,1,24,0,69.0
10109869ROSAR_2025-06-20_G44,10109869ROSAR,2025-06-20,110325,1,3,0,115.0
10109869ROSAR_2025-06-20_G45,10109869ROSAR,2025-06-20,"109643, 107830, 117822",3,30,27,51.0
10109869ROSAR_2025-06-20_G46,10109869ROSAR,2025-06-20,110373,1,32,0,548.0
10109869ROSAR_2025-06-21_G02,10109869ROSAR,2025-06-21,117787,1,22,0,211.0
10109869ROSAR_2025-06-21_G03,10109869ROSAR,2025-06-21,111465,1,121,0,1045.0
10109869ROSAR_2025-06-21_G04,10109869ROSAR,2025-06-21,111330,1,10,0,297.0
10109869ROSAR_2025-06-24_G02,10109869ROSAR,2025-06-24,123343,2,8,9,2246.0
10109869ROSAR_2025-06-24_G03,10109869ROSAR,2025-06-24,123345,1,20,0,1198.0
10109869ROSAR_2025-06-24_G04,10109869ROSAR,2025-06-24,124476,1,4,0,806.0
10109869ROSAR_2025-06-24_G05,10109869ROSAR,2025-06-24,180073,1,2,0,1200.0
10109869ROSAR_2025-06-24_G06,10109869ROSAR,2025-06-24,120339,1,4,0,344.0
10109869ROSAR_2025-06-24_G07,10109869ROSAR,2025-06-24,109974,1,4,0,2012.0
10109869ROSAR_2025-06-24_G09,10109869ROSAR,2025-06-24,110895,1,12,0,358.0
10109869ROSAR_2025-06-25_G02,10109869ROSAR,2025-06-25,123909,1,84,0,3537.0
10109869ROSAR_2025-06-25_G03,10109869ROSAR,2025-06-25,122962,1,20,0,546.0
10109869ROSAR_2025-06-26_G02,10109869ROSAR,2025-06-26,181056,1,4,0,299.0
10109869ROSAR_2025-06-26_G03,10109869ROSAR,2025-06-26,181057,1,2,0,475.0
10109869ROSAR_2025-06-26_G04,10109869ROSAR,2025-06-26,181887,1,6,0,461.0
10109869ROSAR_2025-06-26_G05,10109869ROSAR,2025-06-26,123909,1,29,0,2391.0
10109869ROSAR_2025-06-26_G08,10109869ROSAR,2025-06-26,110895,1,10,0,250.0
10109869ROSAR_2025-06-26_G09,10109869ROSAR,2025-06-26,118417,1,4,0,69.0
10109869ROSAR_2025-06-26_G10,10109869ROSAR,2025-06-26,118250,1,1,0,635.0
10109869ROSAR_2025-06-26_G11,10109869ROSAR,2025-06-26,118222,1,5,0,207.0
10109869ROSAR_2025-06-26_G12,10109869ROSAR,2025-06-26,117855,1,9,0,229.0
10109869ROSAR_2025-06-26_G13,10109869ROSAR,2025-06-26,110580,1,6,0,164.0
10109869ROSAR_2025-06-26_G14,10109869ROSAR,2025-06-26,118094,1,13,0,242.0
10109869ROSAR_2025-06-26_G15,10109869ROSAR,2025-06-26,110313,1,20,0,766.0
10109869ROSAR_2025-06-26_G16,10109869ROSAR,2025-06-26,118299,1,50,0,961.0
10109869ROSAR_2025-06-26_G17,10109869ROSAR,2025-06-26,117822,1,13,0,385.0
10109869ROSAR_2025-06-26_G18,10109869ROSAR,2025-06-26,117809,1,17,0,110.0
10109869ROSAR_2025-06-27_G02,10109869ROSAR,2025-06-27,111441,1,20,0,603.0
10109869ROSAR_2025-06-27_G03,10109869ROSAR,2025-06-27,110740,1,10,0,234.0
10109869ROSAR_2025-06-27_G04,10109869ROSAR,2025-06-27,118140,1,2,0,263.0
10109869ROSAR_2025-06-27_G05,10109869ROSAR,2025-06-27,107629,1,4,0,2793.0
10109869ROSAR_2025-06-27_G06,10109869ROSAR,2025-06-27,117935,1,4,0,314.0
10109869ROSAR_2025-06-27_G07,10109869ROSAR,2025-06-27,111418,1,5,0,182.0
10109869ROSAR_2025-06-27_G08,10109869ROSAR,2025-06-27,107830,1,4,0,145.0
10109869ROSAR_2025-06-27_G09,10109869ROSAR,2025-06-27,110373,1,8,0,222.0
10109869ROSAR_2025-06-27_G10,10109869ROSAR,2025-06-27,111348,1,20,0,1308.0
10109869ROSAR_2025-06-27_G11,10109869ROSAR,2025-06-27,117856,1,40,0,1275.0
10109870DIASG_2025-06-07_G02,10109870DIASG,2025-06-07,110374,1,4,0,163.0
10109870DIASG_2025-06-07_G03,10109870DIASG,2025-06-07,117808,1,60,0,936.0
10109870DIASG_2025-06-07_G04,10109870DIASG,2025-06-07,109643,1,4,0,535.0
10109870DIASG_2025-06-09_G02,10109870DIASG,2025-06-09,111569,1,40,0,3135.0
10109870DIASG_2025-06-09_G03,10109870DIASG,2025-06-09,111569,1,2,0,62.0
10109870DIASG_2025-06-09_G04,10109870DIASG,2025-06-09,111462,1,20,0,964.0
10109870DIASG_2025-06-09_G05,10109870DIASG,2025-06-09,111463,1,42,0,862.0
10109870DIASG_2025-06-09_G06,10109870DIASG,2025-06-09,105705,1,6,0,217.0
10109870DIASG_2025-06-09_G07,10109870DIASG,2025-06-09,111466,1,4,0,140.0
10109870DIASG_2025-06-09_G08,10109870DIASG,2025-06-09,118140,1,7,0,212.0
10109870DIASG_2025-06-09_G09,10109870DIASG,2025-06-09,117821,1,8,0,346.0
10109870DIASG_2025-06-09_G10,10109870DIASG,2025-06-09,111465,1,14,0,179.0
10109870DIASG_2025-06-09_G11,10109870DIASG,2025-06-09,111418,1,60,0,789.0
10109870DIASG_2025-06-09_G12,10109870DIASG,2025-06-09,118094,1,2,0,947.0
10109870DIASG_2025-06-09_G13,10109870DIASG,2025-06-09,118299,1,34,0,736.0
10109870DIASG_2025-06-09_G14,10109870DIASG,2025-06-09,110372,1,38,0,887.0
10109870DIASG_2025-06-09_G15,10109870DIASG,2025-06-09,117809,1,4,0,190.0
10109870DIASG_2025-06-09_G17,10109870DIASG,2025-06-09,117820,1,8,0,534.0
10109870DIASG_2025-06-09_G18,10109870DIASG,2025-06-09,117785,1,10,0,1157.0
10109870DIASG_2025-06-09_G19,10109870DIASG,2025-06-09,111530,1,69,0,939.0
10109870DIASG_2025-06-09_G20,10109870DIASG,2025-06-09,109643,1,450,0,1759.0
10109870DIASG_2025-06-09_G21,10109870DIASG,2025-06-09,109648,1,8,0,3378.0
10109870DIASG_2025-06-09_G22,10109870DIASG,2025-06-09,110375,1,50,0,1320.0
10109870DIASG_2025-06-09_G23,10109870DIASG,2025-06-09,117856,1,50,0,643.0
10109870DIASG_2025-06-09_G24,10109870DIASG,2025-06-09,110313,1,100,0,945.0
10109870DIASG_2025-06-10_G02,10109870DIASG,2025-06-10,110325,1,2,0,167.0
10109870DIASG_2025-06-10_G03,10109870DIASG,2025-06-10,118299,1,2,0,147.0
10109870DIASG_2025-06-10_G04,10109870DIASG,2025-06-10,117832,1,1,0,72.0
10109870DIASG_2025-06-10_G05,10109870DIASG,2025-06-10,110372,1,6,0,226.0
10109870DIASG_2025-06-10_G06,10109870DIASG,2025-06-10,110371,1,6,0,243.0
10109870DIASG_2025-06-10_G07,10109870DIASG,2025-06-10,117785,1,4,0,259.0
10109870DIASG_2025-06-10_G08,10109870DIASG,2025-06-10,111469,1,2,0,78.0
10109870DIASG_2025-06-10_G09,10109870DIASG,2025-06-10,117838,1,2,0,86.0
10109870DIASG_2025-06-10_G10,10109870DIASG,2025-06-10,110745,1,2,0,61.0
10109870DIASG_2025-06-10_G11,10109870DIASG,2025-06-10,111172,1,2,0,125.0
10109870DIASG_2025-06-10_G12,10109870DIASG,2025-06-10,111418,1,3,0,126.0
10109870DIASG_2025-06-10_G13,10109870DIASG,2025-06-10,117787,1,2,0,115.0
10109870DIASG_2025-06-10_G14,10109870DIASG,2025-06-10,110742,1,2,0,636.0
10109870DIASG_2025-06-10_G15,10109870DIASG,2025-06-10,110747,1,2,0,110.0
10109870DIASG_2025-06-10_G16,10109870DIASG,2025-06-10,110752,1,2,0,524.0
10109870DIASG_2025-06-10_G17,10109870DIASG,2025-06-10,117808,1,10,0,296.0
10109870DIASG_2025-06-10_G18,10109870DIASG,2025-06-10,110373,1,2,0,153.0
10109870DIASG_2025-06-10_G19,10109870DIASG,2025-06-10,118299,1,14,0,217.0
10109870DIASG_2025-06-10_G20,10109870DIASG,2025-06-10,110372,1,10,0,146.0
10109870DIASG_2025-06-10_G21,10109870DIASG,2025-06-10,110371,1,2,0,130.0
10109870DIASG_2025-06-10_G22,10109870DIASG,2025-06-10,117831,1,5,0,1116.0
10109870DIASG_2025-06-10_G23,10109870DIASG,2025-06-10,111469,1,2,0,98.0
10109870DIASG_2025-06-10_G24,10109870DIASG,2025-06-10,140922,1,4,0,116.0
10109870DIASG_2025-06-10_G25,10109870DIASG,2025-06-10,111466,1,6,0,191.0
10109870DIASG_2025-06-10_G26,10109870DIASG,2025-06-10,118140,1,2,0,139.0
10109870DIASG_2025-06-10_G27,10109870DIASG,2025-06-10,111418,1,2,0,121.0
10109870DIASG_2025-06-10_G28,10109870DIASG,2025-06-10,108795,1,4,0,368.0
10109870DIASG_2025-06-10_G29,10109870DIASG,2025-06-10,108794,1,2,0,81.0
10109870DIASG_2025-06-10_G30,10109870DIASG,2025-06-10,111462,1,2,0,58.0
10109870DIASG_2025-06-10_G31,10109870DIASG,2025-06-10,111463,1,2,0,38.0
10109870DIASG_2025-06-10_G32,10109870DIASG,2025-06-10,105705,1,2,0,80.0
10109870DIASG_2025-06-10_G33,10109870DIASG,2025-06-10,140922,1,3,0,72.0
10109870DIASG_2025-06-10_G34,10109870DIASG,2025-06-10,111468,1,2,0,89.0
10109870DIASG_2025-06-10_G35,10109870DIASG,2025-06-10,111172,1,3,0,113.0
10109870DIASG_2025-06-10_G36,10109870DIASG,2025-06-10,118140,1,2,0,74.0
10109870DIASG_2025-06-10_G37,10109870DIASG,2025-06-10,111418,1,11,0,255.0
10109870DIASG_2025-06-10_G38,10109870DIASG,2025-06-10,117787,1,2,0,102.0
10109870DIASG_2025-06-10_G39,10109870DIASG,2025-06-10,118317,1,2,0,67.0
10109870DIASG_2025-06-10_G40,10109870DIASG,2025-06-10,111465,1,2,0,120.0
10109870DIASG_2025-06-10_G41,10109870DIASG,2025-06-10,110325,1,2,0,219.0
10109870DIASG_2025-06-10_G42,10109870DIASG,2025-06-10,117808,1,13,0,188.0
10109870DIASG_2025-06-10_G43,10109870DIASG,2025-06-10,110373,1,2,0,114.0
10109870DIASG_2025-06-10_G44,10109870DIASG,2025-06-10,109648,1,2,0,49.0
10109870DIASG_2025-06-10_G45,10109870DIASG,2025-06-10,118299,1,10,0,189.0
10109870DIASG_2025-06-10_G46,10109870DIASG,2025-06-10,110372,1,8,0,113.0
10109870DIASG_2025-06-10_G47,10109870DIASG,2025-06-10,117830,1,2,0,108.0
10109870DIASG_2025-06-10_G48,10109870DIASG,2025-06-10,110325,1,2,0,418.0
10109870DIASG_2025-06-10_G49,10109870DIASG,2025-06-10,117808,1,2,0,54.0
10109870DIASG_2025-06-10_G50,10109870DIASG,2025-06-10,110373,1,7,0,286.0
10109870DIASG_2025-06-10_G51,10109870DIASG,2025-06-10,118299,1,3,0,119.0
10109870DIASG_2025-06-10_G52,10109870DIASG,2025-06-10,110372,1,9,0,119.0
10109870DIASG_2025-06-10_G53,10109870DIASG,2025-06-10,117830,1,6,0,134.0
10109870DIASG_2025-06-10_G54,10109870DIASG,2025-06-10,118306,1,4,0,484.0
10109870DIASG_2025-06-10_G55,10109870DIASG,2025-06-10,111438,1,1,0,270.0
10109870DIASG_2025-06-10_G57,10109870DIASG,2025-06-10,118299,1,15,0,377.0
10109870DIASG_2025-06-10_G58,10109870DIASG,2025-06-10,110372,1,8,0,244.0
10109870DIASG_2025-06-10_G59,10109870DIASG,2025-06-10,117809,1,2,0,100.0
10109870DIASG_2025-06-10_G60,10109870DIASG,2025-06-10,117820,1,4,0,100.0
10109870DIASG_2025-06-10_G61,10109870DIASG,2025-06-10,"111466, 117833, 111418",3,8,18,58.0
10109870DIASG_2025-06-10_G62,10109870DIASG,2025-06-10,110374,1,4,0,1039.0
10109870DIASG_2025-06-10_G63,10109870DIASG,2025-06-10,117808,1,12,0,114.0
10109870DIASG_2025-06-10_G64,10109870DIASG,2025-06-10,141202,1,2,0,117.0
10109870DIASG_2025-06-10_G65,10109870DIASG,2025-06-10,117809,1,12,0,133.0
10109870DIASG_2025-06-10_G66,10109870DIASG,2025-06-10,111438,1,13,0,1725.0
10109870DIASG_2025-06-10_G67,10109870DIASG,2025-06-10,111569,1,18,0,480.0
10109870DIASG_2025-06-10_G68,10109870DIASG,2025-06-10,118094,1,1,0,149.0
10109870DIASG_2025-06-10_G69,10109870DIASG,2025-06-10,117855,1,11,0,190.0
10109870DIASG_2025-06-10_G70,10109870DIASG,2025-06-10,110515,1,7,0,1160.0
10109870DIASG_2025-06-10_G71,10109870DIASG,2025-06-10,111462,1,2,0,109.0
10109870DIASG_2025-06-10_G72,10109870DIASG,2025-06-10,111469,1,12,0,158.0
10109870DIASG_2025-06-10_G73,10109870DIASG,2025-06-10,108711,1,4,0,82.0
10109870DIASG_2025-06-10_G74,10109870DIASG,2025-06-10,111418,1,12,0,287.0
10109870DIASG_2025-06-10_G75,10109870DIASG,2025-06-10,109645,1,3,0,148.0
10109870DIASG_2025-06-10_G76,10109870DIASG,2025-06-10,111465,1,5,0,108.0
10109870DIASG_2025-06-10_G77,10109870DIASG,2025-06-10,117808,1,6,0,194.0
10109870DIASG_2025-06-10_G78,10109870DIASG,2025-06-10,109643,1,2,0,69.0
10109870DIASG_2025-06-10_G79,10109870DIASG,2025-06-10,110373,1,35,0,602.0
10109870DIASG_2025-06-10_G80,10109870DIASG,2025-06-10,118299,1,10,0,365.0
10109870DIASG_2025-06-10_G81,10109870DIASG,2025-06-10,110372,1,37,0,749.0
10109870DIASG_2025-06-10_G82,10109870DIASG,2025-06-10,110371,1,2,0,320.0
10109870DIASG_2025-06-10_G83,10109870DIASG,2025-06-10,117820,1,6,0,247.0
10109870DIASG_2025-06-10_G84,10109870DIASG,2025-06-10,117830,1,5,0,112.0
10109870DIASG_2025-06-11_G02,10109870DIASG,2025-06-11,110374,1,55,0,823.0
10109870DIASG_2025-06-11_G03,10109870DIASG,2025-06-11,109643,1,14,0,450.0
10109870DIASG_2025-06-11_G04,10109870DIASG,2025-06-11,110373,1,250,0,410.0
10109870DIASG_2025-06-11_G05,10109870DIASG,2025-06-11,109648,1,5,0,598.0
10109870DIASG_2025-06-11_G06,10109870DIASG,2025-06-11,110375,1,65,0,921.0
10109870DIASG_2025-06-11_G07,10109870DIASG,2025-06-11,109647,1,12,0,926.0
10109870DIASG_2025-06-11_G08,10109870DIASG,2025-06-11,108772,1,16,0,665.0
10109870DIASG_2025-06-11_G09,10109870DIASG,2025-06-11,108772,1,4,0,103.0
10109870DIASG_2025-06-11_G10,10109870DIASG,2025-06-11,117788,1,10,0,235.0
10109870DIASG_2025-06-11_G11,10109870DIASG,2025-06-11,110339,1,70,0,448.0
10109870DIASG_2025-06-11_G12,10109870DIASG,2025-06-11,109640,1,5,0,188.0
10109870DIASG_2025-06-11_G13,10109870DIASG,2025-06-11,110750,1,7,0,89.0
10109870DIASG_2025-06-11_G14,10109870DIASG,2025-06-11,110313,1,14,0,305.0
10109870DIASG_2025-06-11_G15,10109870DIASG,2025-06-11,117786,1,35,0,725.0
10109870DIASG_2025-06-11_G16,10109870DIASG,2025-06-11,110841,1,8,0,112.0
10109870DIASG_2025-06-11_G17,10109870DIASG,2025-06-11,108759,1,3,0,71.0
10109870DIASG_2025-06-11_G18,10109870DIASG,2025-06-11,117835,1,8,0,234.0
10109870DIASG_2025-06-11_G19,10109870DIASG,2025-06-11,105272,1,2,0,111.0
10109870DIASG_2025-06-11_G20,10109870DIASG,2025-06-11,110623,1,2,0,50.0
10109870DIASG_2025-06-11_G21,10109870DIASG,2025-06-11,110841,1,3,0,109.0
10109870DIASG_2025-06-11_G22,10109870DIASG,2025-06-11,111850,1,15,0,477.0
10109870DIASG_2025-06-11_G23,10109870DIASG,2025-06-11,111463,1,8,0,1238.0
10109870DIASG_2025-06-11_G24,10109870DIASG,2025-06-11,108798,1,8,0,152.0
10109870DIASG_2025-06-11_G25,10109870DIASG,2025-06-11,110313,1,6,0,431.0
10109870DIASG_2025-06-11_G27,10109870DIASG,2025-06-11,111466,1,4,0,225.0
10109870DIASG_2025-06-11_G28,10109870DIASG,2025-06-11,118140,1,4,0,156.0
10109870DIASG_2025-06-11_G29,10109870DIASG,2025-06-11,111530,1,4,0,665.0
10109870DIASG_2025-06-11_G30,10109870DIASG,2025-06-11,111532,1,8,0,144.0
10109870DIASG_2025-06-11_G31,10109870DIASG,2025-06-11,110733,1,4,0,194.0
10109870DIASG_2025-06-11_G32,10109870DIASG,2025-06-11,111182,1,12,0,280.0
10109870DIASG_2025-06-11_G33,10109870DIASG,2025-06-11,111469,1,11,0,236.0
10109870DIASG_2025-06-11_G34,10109870DIASG,2025-06-11,105705,1,12,0,301.0
10109870DIASG_2025-06-11_G35,10109870DIASG,2025-06-11,110742,1,2,0,2889.0
10109870DIASG_2025-06-11_G36,10109870DIASG,2025-06-11,108759,1,2,0,156.0
10109870DIASG_2025-06-11_G37,10109870DIASG,2025-06-11,108770,1,3,0,119.0
10109870DIASG_2025-06-11_G38,10109870DIASG,2025-06-11,107629,1,2,0,157.0
10109870DIASG_2025-06-11_G39,10109870DIASG,2025-06-11,117855,1,4,0,131.0
10109870DIASG_2025-06-11_G40,10109870DIASG,2025-06-11,111602,1,7,0,243.0
10109870DIASG_2025-06-11_G41,10109870DIASG,2025-06-11,118140,1,6,0,226.0
10109870DIASG_2025-06-11_G42,10109870DIASG,2025-06-11,109640,1,1,0,703.0
10109870DIASG_2025-06-11_G43,10109870DIASG,2025-06-11,111469,1,4,0,605.0
10109870DIASG_2025-06-11_G44,10109870DIASG,2025-06-11,117833,1,2,0,110.0
10109870DIASG_2025-06-11_G45,10109870DIASG,2025-06-11,108711,1,3,0,64.0
10109870DIASG_2025-06-11_G46,10109870DIASG,2025-06-11,111532,1,2,0,57.0
10109870DIASG_2025-06-11_G47,10109870DIASG,2025-06-11,109645,1,2,0,111.0
10109870DIASG_2025-06-11_G48,10109870DIASG,2025-06-11,117785,1,2,0,58.0
10109870DIASG_2025-06-11_G49,10109870DIASG,2025-06-11,111444,1,1,0,58.0
10109870DIASG_2025-06-11_G50,10109870DIASG,2025-06-11,111465,1,2,0,63.0
10109870DIASG_2025-06-11_G51,10109870DIASG,2025-06-11,110374,1,4,0,202.0
10109870DIASG_2025-06-11_G52,10109870DIASG,2025-06-11,117808,1,10,0,115.0
10109870DIASG_2025-06-11_G53,10109870DIASG,2025-06-11,110373,1,4,0,114.0
10109870DIASG_2025-06-11_G54,10109870DIASG,2025-06-11,118299,1,1,0,60.0
10109870DIASG_2025-06-11_G55,10109870DIASG,2025-06-11,110372,1,2,0,77.0
10109870DIASG_2025-06-11_G56,10109870DIASG,2025-06-11,117830,1,2,0,48.0
10109870DIASG_2025-06-11_G57,10109870DIASG,2025-06-11,117809,1,4,0,158.0
10109870DIASG_2025-06-11_G58,10109870DIASG,2025-06-11,117820,1,1,0,46.0
10109870DIASG_2025-06-11_G59,10109870DIASG,2025-06-11,110895,1,4,0,411.0
10109870DIASG_2025-06-11_G60,10109870DIASG,2025-06-11,110313,1,16,0,265.0
10109870DIASG_2025-06-11_G61,10109870DIASG,2025-06-11,110733,1,4,0,124.0
10109870DIASG_2025-06-11_G62,10109870DIASG,2025-06-11,118140,1,4,0,153.0
10109870DIASG_2025-06-12_G02,10109870DIASG,2025-06-12,111441,1,2,0,126.0
10109870DIASG_2025-06-12_G03,10109870DIASG,2025-06-12,111569,1,12,0,186.0
10109870DIASG_2025-06-12_G04,10109870DIASG,2025-06-12,110895,1,10,0,546.0
10109870DIASG_2025-06-12_G05,10109870DIASG,2025-06-12,109647,1,2,0,189.0
10109870DIASG_2025-06-12_G06,10109870DIASG,2025-06-12,111439,1,10,0,252.0
10109870DIASG_2025-06-12_G07,10109870DIASG,2025-06-12,111418,1,8,0,1313.0
10109870DIASG_2025-06-12_G08,10109870DIASG,2025-06-12,110747,1,12,0,581.0
10109870DIASG_2025-06-12_G09,10109870DIASG,2025-06-12,100334,1,4,0,150.0
10109870DIASG_2025-06-12_G10,10109870DIASG,2025-06-12,111441,1,8,0,205.0
10109870DIASG_2025-06-12_G11,10109870DIASG,2025-06-12,111438,1,20,0,624.0
10109870DIASG_2025-06-12_G12,10109870DIASG,2025-06-12,111569,1,8,0,428.0
10109870DIASG_2025-06-12_G13,10109870DIASG,2025-06-12,110895,1,7,0,105.0
10109870DIASG_2025-06-12_G14,10109870DIASG,2025-06-12,116527,1,4,0,205.0
10109870DIASG_2025-06-12_G15,10109870DIASG,2025-06-12,108794,1,5,0,166.0
10109870DIASG_2025-06-12_G16,10109870DIASG,2025-06-12,111463,1,10,0,144.0
10109870DIASG_2025-06-12_G17,10109870DIASG,2025-06-12,118140,1,15,0,410.0
10109870DIASG_2025-06-12_G18,10109870DIASG,2025-06-12,110374,1,28,0,618.0
10109870DIASG_2025-06-12_G19,10109870DIASG,2025-06-12,117808,1,29,0,263.0
10109870DIASG_2025-06-12_G20,10109870DIASG,2025-06-12,109643,1,2,0,63.0
10109870DIASG_2025-06-12_G21,10109870DIASG,2025-06-12,110373,1,30,0,536.0
10109870DIASG_2025-06-12_G22,10109870DIASG,2025-06-12,110373,1,1,0,44.0
10109870DIASG_2025-06-12_G23,10109870DIASG,2025-06-12,118299,1,33,0,396.0
10109870DIASG_2025-06-12_G24,10109870DIASG,2025-06-12,110372,1,31,0,879.0
10109870DIASG_2025-06-12_G25,10109870DIASG,2025-06-12,110371,1,4,0,262.0
10109870DIASG_2025-06-12_G26,10109870DIASG,2025-06-12,117808,1,5,0,391.0
10109870DIASG_2025-06-12_G27,10109870DIASG,2025-06-12,117808,1,16,0,108.0
10109870DIASG_2025-06-12_G28,10109870DIASG,2025-06-12,110373,1,5,0,220.0
10109870DIASG_2025-06-12_G29,10109870DIASG,2025-06-12,110372,1,7,0,157.0
10109870DIASG_2025-06-12_G30,10109870DIASG,2025-06-12,111469,1,7,0,184.0
10109870DIASG_2025-06-12_G31,10109870DIASG,2025-06-12,111466,1,5,0,116.0
10109870DIASG_2025-06-12_G32,10109870DIASG,2025-06-12,109645,1,1,0,143.0
10109870DIASG_2025-06-12_G34,10109870DIASG,2025-06-12,111602,1,20,0,462.0
10109870DIASG_2025-06-12_G35,10109870DIASG,2025-06-12,111466,1,10,0,483.0
10109870DIASG_2025-06-12_G36,10109870DIASG,2025-06-12,108711,1,20,0,338.0
10109870DIASG_2025-06-12_G37,10109870DIASG,2025-06-12,117808,1,12,0,519.0
10109870DIASG_2025-06-12_G38,10109870DIASG,2025-06-12,110373,1,2,0,209.0
10109870DIASG_2025-06-12_G39,10109870DIASG,2025-06-12,118299,1,40,0,505.0
10109870DIASG_2025-06-12_G40,10109870DIASG,2025-06-12,117832,1,4,0,83.0
10109870DIASG_2025-06-12_G41,10109870DIASG,2025-06-12,110372,1,16,0,214.0
10109870DIASG_2025-06-12_G42,10109870DIASG,2025-06-12,141202,1,6,0,148.0
10109870DIASG_2025-06-12_G43,10109870DIASG,2025-06-12,117820,1,3,0,178.0
10109870DIASG_2025-06-12_G44,10109870DIASG,2025-06-12,117785,1,2,0,127.0
10109870DIASG_2025-06-12_G45,10109870DIASG,2025-06-12,111465,1,6,0,113.0
10109870DIASG_2025-06-12_G46,10109870DIASG,2025-06-12,110747,1,9,0,567.0
10109870DIASG_2025-06-12_G47,10109870DIASG,2025-06-12,111850,1,6,0,138.0
10109870DIASG_2025-06-12_G48,10109870DIASG,2025-06-12,111438,1,2,0,203.0
10109870DIASG_2025-06-12_G49,10109870DIASG,2025-06-12,111569,1,13,0,239.0
10109870DIASG_2025-06-12_G50,10109870DIASG,2025-06-12,108770,1,2,0,121.0
10109870DIASG_2025-06-12_G51,10109870DIASG,2025-06-12,118222,1,4,0,687.0
10109870DIASG_2025-06-12_G52,10109870DIASG,2025-06-12,118140,1,20,0,1512.0
10109870DIASG_2025-06-12_G53,10109870DIASG,2025-06-12,110374,1,110,0,3192.0
10109870DIASG_2025-06-12_G54,10109870DIASG,2025-06-12,109647,1,4,0,394.0
10109870DIASG_2025-06-12_G55,10109870DIASG,2025-06-12,108701,1,5,0,129.0
10109870DIASG_2025-06-12_G56,10109870DIASG,2025-06-12,117854,1,10,0,82.0
10109870DIASG_2025-06-12_G57,10109870DIASG,2025-06-12,117786,1,90,0,875.0
10109870DIASG_2025-06-13_G02,10109870DIASG,2025-06-13,117808,1,12,0,136.0
10109870DIASG_2025-06-13_G03,10109870DIASG,2025-06-13,109643,1,4,0,100.0
10109870DIASG_2025-06-13_G04,10109870DIASG,2025-06-13,110373,1,2,0,68.0
10109870DIASG_2025-06-13_G05,10109870DIASG,2025-06-13,110373,1,8,0,61.0
10109870DIASG_2025-06-13_G06,10109870DIASG,2025-06-13,110376,1,4,0,190.0
10109870DIASG_2025-06-13_G07,10109870DIASG,2025-06-13,118299,2,9,25,89.0
10109870DIASG_2025-06-13_G08,10109870DIASG,2025-06-13,118299,1,14,0,123.0
10109870DIASG_2025-06-13_G09,10109870DIASG,2025-06-13,117832,1,3,0,62.0
10109870DIASG_2025-06-13_G10,10109870DIASG,2025-06-13,117832,1,8,0,79.0
10109870DIASG_2025-06-13_G11,10109870DIASG,2025-06-13,110372,1,3,0,37.0
10109870DIASG_2025-06-13_G12,10109870DIASG,2025-06-13,110372,1,7,0,89.0
10109870DIASG_2025-06-13_G13,10109870DIASG,2025-06-13,110372,1,20,0,462.0
10109870DIASG_2025-06-13_G14,10109870DIASG,2025-06-13,110371,1,10,0,138.0
10109870DIASG_2025-06-13_G15,10109870DIASG,2025-06-13,111469,1,4,0,351.0
10109870DIASG_2025-06-13_G16,10109870DIASG,2025-06-13,118140,1,8,0,151.0
10109870DIASG_2025-06-13_G17,10109870DIASG,2025-06-13,110325,1,3,0,129.0
10109870DIASG_2025-06-13_G18,10109870DIASG,2025-06-13,117808,1,51,0,640.0
10109870DIASG_2025-06-13_G19,10109870DIASG,2025-06-13,110373,1,2,0,302.0
10109870DIASG_2025-06-13_G20,10109870DIASG,2025-06-13,118299,1,19,0,644.0
10109870DIASG_2025-06-13_G21,10109870DIASG,2025-06-13,118140,1,7,0,1540.0
10109870DIASG_2025-06-13_G22,10109870DIASG,2025-06-13,111418,1,4,0,128.0
10109870DIASG_2025-06-13_G23,10109870DIASG,2025-06-13,118290,1,2,0,1652.0
10109870DIASG_2025-06-13_G24,10109870DIASG,2025-06-13,109640,1,4,0,281.0
10109870DIASG_2025-06-13_G25,10109870DIASG,2025-06-13,160051,1,4,0,184.0
10109870DIASG_2025-06-13_G26,10109870DIASG,2025-06-13,111602,1,8,0,931.0
10109870DIASG_2025-06-13_G27,10109870DIASG,2025-06-13,110325,1,4,0,267.0
10109870DIASG_2025-06-13_G28,10109870DIASG,2025-06-13,110374,1,4,0,106.0
10109870DIASG_2025-06-13_G29,10109870DIASG,2025-06-13,107236,1,16,0,352.0
10109870DIASG_2025-06-13_G30,10109870DIASG,2025-06-13,110325,1,4,0,247.0
10109870DIASG_2025-06-13_G31,10109870DIASG,2025-06-13,110374,1,4,0,67.0
10109870DIASG_2025-06-13_G32,10109870DIASG,2025-06-13,110325,1,4,0,403.0
10109870DIASG_2025-06-13_G33,10109870DIASG,2025-06-13,110374,1,4,0,61.0
10109870DIASG_2025-06-13_G34,10109870DIASG,2025-06-13,110787,1,1,0,132.0
10109870DIASG_2025-06-13_G35,10109870DIASG,2025-06-13,111602,1,4,0,354.0
10109870DIASG_2025-06-13_G36,10109870DIASG,2025-06-13,111602,1,3,0,81.0
10109870DIASG_2025-06-13_G37,10109870DIASG,2025-06-13,110623,1,2,0,148.0
10109870DIASG_2025-06-13_G38,10109870DIASG,2025-06-13,111850,1,2,0,178.0
10109870DIASG_2025-06-13_G39,10109870DIASG,2025-06-13,118306,1,4,0,123.0
10109870DIASG_2025-06-13_G40,10109870DIASG,2025-06-13,110895,1,1,0,110.0
10109870DIASG_2025-06-13_G42,10109870DIASG,2025-06-13,111753,1,8,0,312.0
10109870DIASG_2025-06-13_G43,10109870DIASG,2025-06-13,118191,1,20,0,1387.0
10109870DIASG_2025-06-13_G44,10109870DIASG,2025-06-13,111434,1,1,0,1351.0
10109870DIASG_2025-06-13_G45,10109870DIASG,2025-06-13,111740,1,6,0,307.0
10109870DIASG_2025-06-13_G46,10109870DIASG,2025-06-13,111634,1,8,0,96.0
10109870DIASG_2025-06-13_G47,10109870DIASG,2025-06-13,141262,1,8,0,154.0
10109870DIASG_2025-06-14_G02,10109870DIASG,2025-06-14,110374,1,15,0,98.0
10109870DIASG_2025-06-14_G03,10109870DIASG,2025-06-14,117808,1,100,0,160.0
10109870DIASG_2025-06-14_G04,10109870DIASG,2025-06-14,110376,1,20,0,761.0
10109870DIASG_2025-06-14_G05,10109870DIASG,2025-06-14,109648,1,4,0,108.0
10109870DIASG_2025-06-14_G06,10109870DIASG,2025-06-14,109648,1,4,0,86.0
10109870DIASG_2025-06-14_G07,10109870DIASG,2025-06-14,109648,1,3,0,78.0
10109870DIASG_2025-06-14_G08,10109870DIASG,2025-06-14,117832,1,35,0,488.0
10109870DIASG_2025-06-14_G09,10109870DIASG,2025-06-14,110372,1,200,0,694.0
10109870DIASG_2025-06-14_G10,10109870DIASG,2025-06-14,110373,1,64,0,2846.0
10109870DIASG_2025-06-14_G11,10109870DIASG,2025-06-14,110582,1,2,0,255.0
10109870DIASG_2025-06-14_G12,10109870DIASG,2025-06-14,110582,1,6,0,92.0
10109870DIASG_2025-06-14_G13,10109870DIASG,2025-06-14,118306,1,6,0,148.0
10109870DIASG_2025-06-14_G14,10109870DIASG,2025-06-14,108759,1,4,0,150.0
10109870DIASG_2025-06-14_G15,10109870DIASG,2025-06-14,108759,1,6,0,92.0
10109870DIASG_2025-06-14_G16,10109870DIASG,2025-06-14,108759,1,5,0,584.0
10109870DIASG_2025-06-14_G17,10109870DIASG,2025-06-14,110895,1,2,0,292.0
10109870DIASG_2025-06-14_G18,10109870DIASG,2025-06-14,118222,1,2,0,349.0
10109870DIASG_2025-06-14_G19,10109870DIASG,2025-06-14,118222,1,10,0,172.0
10109870DIASG_2025-06-14_G20,10109870DIASG,2025-06-14,117833,1,30,0,400.0
10109870DIASG_2025-06-14_G21,10109870DIASG,2025-06-14,111418,1,60,0,458.0
10109870DIASG_2025-06-14_G22,10109870DIASG,2025-06-14,111532,1,125,0,1481.0
10109870DIASG_2025-06-14_G23,10109870DIASG,2025-06-14,111532,1,2,0,119.0
10109870DIASG_2025-06-14_G24,10109870DIASG,2025-06-14,111602,1,26,0,342.0
10109870DIASG_2025-06-14_G26,10109870DIASG,2025-06-14,118299,1,2,0,408.0
10109870DIASG_2025-06-14_G27,10109870DIASG,2025-06-14,110372,1,4,0,71.0
10109870DIASG_2025-06-14_G28,10109870DIASG,2025-06-14,110373,1,3,0,32.0
10109870DIASG_2025-06-14_G29,10109870DIASG,2025-06-14,110371,1,8,0,121.0
10109870DIASG_2025-06-14_G30,10109870DIASG,2025-06-14,111743,1,3,0,106.0
10109870DIASG_2025-06-14_G31,10109870DIASG,2025-06-14,140922,1,5,0,112.0
10109870DIASG_2025-06-14_G32,10109870DIASG,2025-06-14,110325,1,35,0,1872.0
10109870DIASG_2025-06-14_G33,10109870DIASG,2025-06-14,110371,1,200,0,715.0
10109870DIASG_2025-06-14_G34,10109870DIASG,2025-06-14,117820,1,120,0,784.0
10109870DIASG_2025-06-14_G35,10109870DIASG,2025-06-14,117808,1,500,0,1968.0
10109870DIASG_2025-06-14_G36,10109870DIASG,2025-06-14,110372,1,160,0,1622.0
10109870DIASG_2025-06-14_G37,10109870DIASG,2025-06-14,110372,1,40,0,867.0
10109870DIASG_2025-06-14_G38,10109870DIASG,2025-06-14,117832,1,20,0,307.0
10109870DIASG_2025-06-14_G39,10109870DIASG,2025-06-14,110375,1,20,0,403.0
10109870DIASG_2025-06-16_G02,10109870DIASG,2025-06-16,117808,1,4,0,297.0
10109870DIASG_2025-06-16_G03,10109870DIASG,2025-06-16,117808,1,4,0,299.0
10109870DIASG_2025-06-16_G06,10109870DIASG,2025-06-16,110374,1,10,0,188.0
10109870DIASG_2025-06-16_G07,10109870DIASG,2025-06-16,109643,1,10,0,216.0
10109870DIASG_2025-06-16_G08,10109870DIASG,2025-06-16,117840,1,5,0,144.0
10109870DIASG_2025-06-16_G09,10109870DIASG,2025-06-16,117822,1,10,0,178.0
10109870DIASG_2025-06-16_G10,10109870DIASG,2025-06-16,117830,1,5,0,120.0
10109870DIASG_2025-06-16_G11,10109870DIASG,2025-06-16,110371,1,20,0,493.0
10109870DIASG_2025-06-16_G12,10109870DIASG,2025-06-16,117820,1,30,0,271.0
10109870DIASG_2025-06-16_G13,10109870DIASG,2025-06-16,141202,1,10,0,176.0
10109870DIASG_2025-06-16_G14,10109870DIASG,2025-06-16,118299,1,30,0,996.0
10109870DIASG_2025-06-17_G02,10109870DIASG,2025-06-17,141823,1,4,0,73.0
10109870DIASG_2025-06-17_G03,10109870DIASG,2025-06-17,107236,1,8,0,159.0
10109870DIASG_2025-06-17_G04,10109870DIASG,2025-06-17,111462,1,16,0,259.0
10109870DIASG_2025-06-17_G05,10109870DIASG,2025-06-17,110374,1,12,0,396.0
10109870DIASG_2025-06-17_G06,10109870DIASG,2025-06-17,117808,1,20,0,228.0
10109870DIASG_2025-06-17_G07,10109870DIASG,2025-06-17,109648,1,1,0,63.0
10109870DIASG_2025-06-17_G08,10109870DIASG,2025-06-17,110373,1,20,0,216.0
10109870DIASG_2025-06-17_G09,10109870DIASG,2025-06-17,118299,1,10,0,116.0
10109870DIASG_2025-06-17_G10,10109870DIASG,2025-06-17,110372,1,10,0,249.0
10109870DIASG_2025-06-17_G11,10109870DIASG,2025-06-17,110747,1,2,0,719.0
10109870DIASG_2025-06-17_G12,10109870DIASG,2025-06-17,111430,1,3,0,96.0
10109870DIASG_2025-06-17_G13,10109870DIASG,2025-06-17,100334,1,2,0,67.0
10109870DIASG_2025-06-17_G14,10109870DIASG,2025-06-17,110895,1,5,0,150.0
10109870DIASG_2025-06-17_G15,10109870DIASG,2025-06-17,108770,1,4,0,170.0
10109870DIASG_2025-06-17_G16,10109870DIASG,2025-06-17,118222,1,12,0,667.0
10109870DIASG_2025-06-17_G17,10109870DIASG,2025-06-17,110755,1,4,0,329.0
10109870DIASG_2025-06-17_G18,10109870DIASG,2025-06-17,111602,1,8,0,619.0
10109870DIASG_2025-06-17_G19,10109870DIASG,2025-06-17,141823,1,2,0,723.0
10109870DIASG_2025-06-17_G20,10109870DIASG,2025-06-17,110787,1,1,0,73.0
10109870DIASG_2025-06-17_G21,10109870DIASG,2025-06-17,111330,1,8,0,440.0
10109870DIASG_2025-06-17_G22,10109870DIASG,2025-06-17,118290,1,1,0,643.0
10109870DIASG_2025-06-17_G23,10109870DIASG,2025-06-17,141823,1,2,0,196.0
10109870DIASG_2025-06-17_G24,10109870DIASG,2025-06-17,141823,1,14,0,162.0
10109870DIASG_2025-06-17_G25,10109870DIASG,2025-06-17,141823,1,7,0,616.0
10109870DIASG_2025-06-17_G26,10109870DIASG,2025-06-17,110787,1,9,0,130.0
10109870DIASG_2025-06-17_G27,10109870DIASG,2025-06-17,111330,1,4,0,101.0
10109870DIASG_2025-06-17_G28,10109870DIASG,2025-06-17,117808,1,227,0,1825.0
10109870DIASG_2025-06-17_G29,10109870DIASG,2025-06-17,117830,1,10,0,269.0
10109870DIASG_2025-06-17_G30,10109870DIASG,2025-06-17,110371,1,10,0,674.0
10109870DIASG_2025-06-17_G31,10109870DIASG,2025-06-17,111530,1,4,0,133.0
10109870DIASG_2025-06-17_G32,10109870DIASG,2025-06-17,110747,1,3,0,150.0
10109870DIASG_2025-06-17_G35,10109870DIASG,2025-06-17,109647,1,12,0,652.0
10109870DIASG_2025-06-17_G36,10109870DIASG,2025-06-17,108701,1,5,0,84.0
10109870DIASG_2025-06-17_G37,10109870DIASG,2025-06-17,110741,1,8,0,291.0
10109870DIASG_2025-06-17_G38,10109870DIASG,2025-06-17,110741,1,10,0,915.0
10109870DIASG_2025-06-17_G39,10109870DIASG,2025-06-17,117854,2,11,29,136.0
10109870DIASG_2025-06-17_G40,10109870DIASG,2025-06-17,118094,1,22,0,631.0
10109870DIASG_2025-06-17_G41,10109870DIASG,2025-06-17,109640,1,16,0,282.0
10109870DIASG_2025-06-17_G42,10109870DIASG,2025-06-17,110515,1,35,0,505.0
10109870DIASG_2025-06-17_G43,10109870DIASG,2025-06-17,111439,1,16,0,294.0
10109870DIASG_2025-06-17_G44,10109870DIASG,2025-06-17,108772,1,8,0,140.0
10109870DIASG_2025-06-17_G45,10109870DIASG,2025-06-17,110733,1,4,0,97.0
10109870DIASG_2025-06-17_G46,10109870DIASG,2025-06-17,111530,1,40,0,503.0
10109870DIASG_2025-06-17_G47,10109870DIASG,2025-06-17,160054,1,4,0,175.0
10109870DIASG_2025-06-17_G48,10109870DIASG,2025-06-17,160052,1,2,0,60.0
10109870DIASG_2025-06-17_G49,10109870DIASG,2025-06-17,117830,1,80,0,594.0
10109870DIASG_2025-06-17_G50,10109870DIASG,2025-06-17,117820,1,10,0,433.0
10109870DIASG_2025-06-18_G02,10109870DIASG,2025-06-18,117808,1,14,0,297.0
10109870DIASG_2025-06-18_G03,10109870DIASG,2025-06-18,"117832, 110373",2,6,22,316.0
10109870DIASG_2025-06-18_G04,10109870DIASG,2025-06-18,110373,1,5,0,111.0
10109870DIASG_2025-06-18_G05,10109870DIASG,2025-06-18,110373,1,18,0,167.0
10109870DIASG_2025-06-18_G06,10109870DIASG,2025-06-18,110372,1,10,0,538.0
10109870DIASG_2025-06-18_G07,10109870DIASG,2025-06-18,110372,1,25,0,590.0
10109870DIASG_2025-06-18_G08,10109870DIASG,2025-06-18,110372,1,6,0,50.0
10109870DIASG_2025-06-18_G09,10109870DIASG,2025-06-18,117820,1,9,0,157.0
10109870DIASG_2025-06-18_G10,10109870DIASG,2025-06-18,110371,1,14,0,258.0
10109870DIASG_2025-06-18_G11,10109870DIASG,2025-06-18,109643,1,2,0,238.0
10109870DIASG_2025-06-18_G12,10109870DIASG,2025-06-18,141047,1,5,0,790.0
10109870DIASG_2025-06-18_G13,10109870DIASG,2025-06-18,118403,1,8,0,196.0
10109870DIASG_2025-06-18_G14,10109870DIASG,2025-06-18,118403,1,40,0,580.0
10109870DIASG_2025-06-18_G15,10109870DIASG,2025-06-18,141202,1,40,0,1391.0
10109870DIASG_2025-06-18_G16,10109870DIASG,2025-06-18,117808,1,650,0,2244.0
10109870DIASG_2025-06-18_G18,10109870DIASG,2025-06-18,117787,1,22,0,305.0
10109870DIASG_2025-06-18_G19,10109870DIASG,2025-06-18,111445,1,10,0,420.0
10109870DIASG_2025-06-18_G21,10109870DIASG,2025-06-18,110374,1,30,0,380.0
10109870DIASG_2025-06-18_G22,10109870DIASG,2025-06-18,117808,1,300,0,1555.0
10109870DIASG_2025-06-18_G23,10109870DIASG,2025-06-18,117808,1,100,0,395.0
10109870DIASG_2025-06-18_G24,10109870DIASG,2025-06-18,109643,1,20,0,423.0
10109870DIASG_2025-06-18_G25,10109870DIASG,2025-06-18,117832,1,40,0,488.0
10109870DIASG_2025-06-18_G26,10109870DIASG,2025-06-18,117830,1,20,0,245.0
10109870DIASG_2025-06-18_G27,10109870DIASG,2025-06-18,110373,1,120,0,972.0
10109870DIASG_2025-06-18_G28,10109870DIASG,2025-06-18,110372,1,30,0,701.0
10109870DIASG_2025-06-18_G29,10109870DIASG,2025-06-18,117820,1,100,0,500.0
10109870DIASG_2025-06-18_G30,10109870DIASG,2025-06-18,117820,1,50,0,963.0
10109870DIASG_2025-06-19_G02,10109870DIASG,2025-06-19,118306,1,2,0,136.0
10109870DIASG_2025-06-19_G03,10109870DIASG,2025-06-19,109647,1,2,0,118.0
10109870DIASG_2025-06-19_G04,10109870DIASG,2025-06-19,117854,1,2,0,114.0
10109870DIASG_2025-06-19_G05,10109870DIASG,2025-06-19,117786,1,4,0,91.0
10109870DIASG_2025-06-19_G06,10109870DIASG,2025-06-19,111602,1,6,0,258.0
10109870DIASG_2025-06-19_G07,10109870DIASG,2025-06-19,117785,1,10,0,147.0
10109870DIASG_2025-06-19_G08,10109870DIASG,2025-06-19,111466,1,2,0,79.0
10109870DIASG_2025-06-19_G09,10109870DIASG,2025-06-19,117831,1,8,0,91.0
10109870DIASG_2025-06-19_G10,10109870DIASG,2025-06-19,108711,1,4,0,254.0
10109870DIASG_2025-06-19_G11,10109870DIASG,2025-06-19,107236,1,2,0,132.0
10109870DIASG_2025-06-19_G12,10109870DIASG,2025-06-19,117808,1,15,0,365.0
10109870DIASG_2025-06-19_G13,10109870DIASG,2025-06-19,110373,1,4,0,171.0
10109870DIASG_2025-06-19_G14,10109870DIASG,2025-06-19,117820,1,9,0,178.0
10109870DIASG_2025-06-19_G15,10109870DIASG,2025-06-19,141823,1,5,0,735.0
10109870DIASG_2025-06-19_G16,10109870DIASG,2025-06-19,111182,1,6,0,3449.0
10109870DIASG_2025-06-19_G17,10109870DIASG,2025-06-19,111447,1,2,0,113.0
10109870DIASG_2025-06-19_G18,10109870DIASG,2025-06-19,110751,1,2,0,250.0
10109870DIASG_2025-06-19_G19,10109870DIASG,2025-06-19,109641,1,4,0,234.0
10109870DIASG_2025-06-19_G20,10109870DIASG,2025-06-19,118299,1,4,0,158.0
10109870DIASG_2025-06-19_G21,10109870DIASG,2025-06-19,110787,1,2,0,171.0
10109870DIASG_2025-06-19_G22,10109870DIASG,2025-06-19,117935,1,2,0,136.0
10109870DIASG_2025-06-19_G23,10109870DIASG,2025-06-19,111660,1,2,0,556.0
10109870DIASG_2025-06-19_G24,10109870DIASG,2025-06-19,111660,1,1,0,39.0
10109870DIASG_2025-06-19_G25,10109870DIASG,2025-06-19,111602,1,7,0,675.0
10109870DIASG_2025-06-19_G26,10109870DIASG,2025-06-19,141202,1,4,0,148.0
10109870DIASG_2025-06-19_G27,10109870DIASG,2025-06-19,110374,1,2,0,122.0
10109870DIASG_2025-06-19_G28,10109870DIASG,2025-06-19,141202,1,4,0,198.0
10109870DIASG_2025-06-19_G30,10109870DIASG,2025-06-19,117785,1,6,0,62.0
10109870DIASG_2025-06-19_G31,10109870DIASG,2025-06-19,105705,1,4,0,143.0
10109870DIASG_2025-06-19_G32,10109870DIASG,2025-06-19,111182,1,4,0,110.0
10109870DIASG_2025-06-19_G33,10109870DIASG,2025-06-19,111182,1,6,0,162.0
10109870DIASG_2025-06-19_G34,10109870DIASG,2025-06-19,140922,1,12,0,251.0
10109870DIASG_2025-06-19_G35,10109870DIASG,2025-06-19,140922,1,8,0,94.0
10109870DIASG_2025-06-19_G36,10109870DIASG,2025-06-19,140922,1,4,0,60.0
10109870DIASG_2025-06-19_G37,10109870DIASG,2025-06-19,140922,1,8,0,156.0
10109870DIASG_2025-06-19_G38,10109870DIASG,2025-06-19,140922,1,2,0,31.0
10109870DIASG_2025-06-19_G39,10109870DIASG,2025-06-19,111466,1,4,0,122.0
10109870DIASG_2025-06-19_G40,10109870DIASG,2025-06-19,111466,1,24,0,1312.0
10109870DIASG_2025-06-19_G41,10109870DIASG,2025-06-19,111469,1,4,0,106.0
10109870DIASG_2025-06-19_G42,10109870DIASG,2025-06-19,111465,1,4,0,201.0
10109870DIASG_2025-06-19_G43,10109870DIASG,2025-06-19,109640,1,8,0,218.0
10109870DIASG_2025-06-19_G44,10109870DIASG,2025-06-19,109640,1,10,0,350.0
10109870DIASG_2025-06-19_G45,10109870DIASG,2025-06-19,110372,1,670,0,2136.0
10109870DIASG_2025-06-19_G46,10109870DIASG,2025-06-19,110787,1,16,0,1597.0
10109870DIASG_2025-06-19_G47,10109870DIASG,2025-06-19,110740,1,14,0,916.0
10109870DIASG_2025-06-20_G02,10109870DIASG,2025-06-20,110374,1,1,0,31.0
10109870DIASG_2025-06-20_G03,10109870DIASG,2025-06-20,110373,1,8,0,145.0
10109870DIASG_2025-06-20_G04,10109870DIASG,2025-06-20,108795,1,1,0,148.0
10109870DIASG_2025-06-20_G05,10109870DIASG,2025-06-20,111463,1,2,0,105.0
10109870DIASG_2025-06-20_G06,10109870DIASG,2025-06-20,111468,1,2,0,84.0
10109870DIASG_2025-06-20_G07,10109870DIASG,2025-06-20,111466,1,4,0,82.0
10109870DIASG_2025-06-20_G08,10109870DIASG,2025-06-20,117831,1,6,0,101.0
10109870DIASG_2025-06-20_G09,10109870DIASG,2025-06-20,108711,1,2,0,90.0
10109870DIASG_2025-06-20_G10,10109870DIASG,2025-06-20,110740,1,2,0,91.0
10109870DIASG_2025-06-20_G11,10109870DIASG,2025-06-20,109645,1,2,0,93.0
10109870DIASG_2025-06-20_G12,10109870DIASG,2025-06-20,111418,1,9,0,170.0
10109870DIASG_2025-06-20_G13,10109870DIASG,2025-06-20,107236,1,4,0,85.0
10109870DIASG_2025-06-20_G14,10109870DIASG,2025-06-20,118140,1,4,0,62.0
10109870DIASG_2025-06-20_G15,10109870DIASG,2025-06-20,109640,1,2,0,255.0
10109870DIASG_2025-06-20_G16,10109870DIASG,2025-06-20,111430,1,1,0,96.0
10109870DIASG_2025-06-20_G17,10109870DIASG,2025-06-20,111602,1,12,0,220.0
10109870DIASG_2025-06-20_G18,10109870DIASG,2025-06-20,111530,1,1,0,59.0
10109870DIASG_2025-06-20_G20,10109870DIASG,2025-06-20,110325,1,2,0,1059.0
10109870DIASG_2025-06-20_G21,10109870DIASG,2025-06-20,110374,1,4,0,54.0
10109870DIASG_2025-06-20_G23,10109870DIASG,2025-06-20,110743,1,4,0,63.0
10109870DIASG_2025-06-20_G24,10109870DIASG,2025-06-20,110751,1,6,0,154.0
10109870DIASG_2025-06-20_G25,10109870DIASG,2025-06-20,140922,1,20,0,227.0
10109870DIASG_2025-06-20_G26,10109870DIASG,2025-06-20,110745,1,6,0,130.0
10109870DIASG_2025-06-20_G27,10109870DIASG,2025-06-20,111466,1,10,0,135.0
10109870DIASG_2025-06-20_G28,10109870DIASG,2025-06-20,117831,1,20,0,1033.0
10109870DIASG_2025-06-20_G29,10109870DIASG,2025-06-20,111172,1,25,0,219.0
10109870DIASG_2025-06-20_G30,10109870DIASG,2025-06-20,109641,1,20,0,465.0
10109870DIASG_2025-06-20_G31,10109870DIASG,2025-06-20,111462,1,10,0,177.0
10109870DIASG_2025-06-20_G32,10109870DIASG,2025-06-20,111433,1,4,0,152.0
10109870DIASG_2025-06-20_G33,10109870DIASG,2025-06-20,141823,1,30,0,310.0
10109870DIASG_2025-06-20_G34,10109870DIASG,2025-06-20,118140,1,10,0,564.0
10109870DIASG_2025-06-20_G35,10109870DIASG,2025-06-20,110787,1,40,0,473.0
10109870DIASG_2025-06-20_G36,10109870DIASG,2025-06-20,111435,1,2,0,312.0
10109870DIASG_2025-06-20_G37,10109870DIASG,2025-06-20,118299,1,200,0,559.0
10109870DIASG_2025-06-20_G38,10109870DIASG,2025-06-20,117820,1,20,0,332.0
10109870DIASG_2025-06-20_G39,10109870DIASG,2025-06-20,110371,1,300,0,979.0
10109870DIASG_2025-06-20_G40,10109870DIASG,2025-06-20,117809,1,50,0,861.0
10109870DIASG_2025-06-20_G41,10109870DIASG,2025-06-20,110787,1,12,0,574.0
10109870DIASG_2025-06-20_G42,10109870DIASG,2025-06-20,110741,1,120,0,2104.0
10109870DIASG_2025-06-21_G02,10109870DIASG,2025-06-21,108794,1,21,0,219.0
10109870DIASG_2025-06-21_G03,10109870DIASG,2025-06-21,111466,1,23,0,354.0
10109870DIASG_2025-06-21_G04,10109870DIASG,2025-06-21,109641,1,2,0,117.0
10109870DIASG_2025-06-21_G05,10109870DIASG,2025-06-21,118140,1,21,0,265.0
10109870DIASG_2025-06-21_G06,10109870DIASG,2025-06-21,111759,1,92,0,420.0
10109870DIASG_2025-06-21_G08,10109870DIASG,2025-06-21,110373,1,30,0,260.0
10109870DIASG_2025-06-21_G09,10109870DIASG,2025-06-21,117840,1,4,0,99.0
10109870DIASG_2025-06-21_G10,10109870DIASG,2025-06-21,117822,1,12,0,230.0
10109870DIASG_2025-06-21_G11,10109870DIASG,2025-06-21,109648,1,16,0,241.0
10109870DIASG_2025-06-21_G12,10109870DIASG,2025-06-21,117832,1,20,0,324.0
10109870DIASG_2025-06-21_G13,10109870DIASG,2025-06-21,117830,1,24,0,204.0
10109870DIASG_2025-06-21_G14,10109870DIASG,2025-06-21,110372,1,30,0,373.0
10109870DIASG_2025-06-21_G15,10109870DIASG,2025-06-21,118299,1,20,0,223.0
10109870DIASG_2025-06-21_G16,10109870DIASG,2025-06-21,117820,1,20,0,302.0
10109870DIASG_2025-06-21_G17,10109870DIASG,2025-06-21,141202,1,12,0,182.0
10109870DIASG_2025-06-21_G18,10109870DIASG,2025-06-21,117809,1,30,0,517.0
10109870DIASG_2025-06-21_G19,10109870DIASG,2025-06-21,108798,1,12,0,187.0
10109870DIASG_2025-06-21_G20,10109870DIASG,2025-06-21,110740,1,10,0,231.0
10109870DIASG_2025-06-21_G21,10109870DIASG,2025-06-21,118223,1,4,0,128.0
10109870DIASG_2025-06-21_G22,10109870DIASG,2025-06-21,109645,1,6,0,2588.0
10109870DIASG_2025-06-21_G23,10109870DIASG,2025-06-21,117821,1,40,0,262.0
10109870DIASG_2025-06-21_G24,10109870DIASG,2025-06-21,117842,1,20,0,307.0
10109870DIASG_2025-06-21_G25,10109870DIASG,2025-06-21,111418,1,50,0,971.0
10109870DIASG_2025-06-21_G26,10109870DIASG,2025-06-21,110092,1,8,0,518.0
10109870DIASG_2025-06-23_G02,10109870DIASG,2025-06-23,111182,1,4,0,139.0
10109870DIASG_2025-06-23_G03,10109870DIASG,2025-06-23,111172,1,5,0,122.0
10109870DIASG_2025-06-23_G04,10109870DIASG,2025-06-23,118317,1,5,0,147.0
10109870DIASG_2025-06-23_G05,10109870DIASG,2025-06-23,118140,1,6,0,162.0
10109870DIASG_2025-06-23_G06,10109870DIASG,2025-06-23,110313,1,4,0,353.0
10109870DIASG_2025-06-23_G07,10109870DIASG,2025-06-23,110375,1,4,0,155.0
10109870DIASG_2025-06-23_G08,10109870DIASG,2025-06-23,110372,1,7,0,371.0
10109870DIASG_2025-06-23_G09,10109870DIASG,2025-06-23,110313,1,2,0,1890.0
10109870DIASG_2025-06-23_G10,10109870DIASG,2025-06-23,111602,1,4,0,174.0
10109870DIASG_2025-06-23_G11,10109870DIASG,2025-06-23,140922,1,2,0,149.0
10109870DIASG_2025-06-23_G12,10109870DIASG,2025-06-23,110787,1,2,0,120.0
10109870DIASG_2025-06-23_G13,10109870DIASG,2025-06-23,111465,1,4,0,94.0
10109870DIASG_2025-06-23_G15,10109870DIASG,2025-06-23,108711,1,30,0,344.0
10109870DIASG_2025-06-23_G16,10109870DIASG,2025-06-23,111660,1,46,0,472.0
10109870DIASG_2025-06-23_G18,10109870DIASG,2025-06-23,110742,1,10,0,223.0
10109870DIASG_2025-06-23_G19,10109870DIASG,2025-06-23,110747,1,4,0,84.0
10109870DIASG_2025-06-23_G20,10109870DIASG,2025-06-23,111850,1,12,0,188.0
10109870DIASG_2025-06-23_G21,10109870DIASG,2025-06-23,110749,1,2,0,74.0
10109870DIASG_2025-06-23_G22,10109870DIASG,2025-06-23,118283,1,4,0,93.0
10109870DIASG_2025-06-23_G23,10109870DIASG,2025-06-23,110310,1,2,0,245.0
10109870DIASG_2025-06-23_G24,10109870DIASG,2025-06-23,110895,1,40,0,664.0
10109870DIASG_2025-06-23_G25,10109870DIASG,2025-06-23,110895,1,10,0,306.0
10109870DIASG_2025-06-23_G26,10109870DIASG,2025-06-23,110325,1,30,0,704.0
10109870DIASG_2025-06-23_G27,10109870DIASG,2025-06-23,117822,1,10,0,141.0
10109870DIASG_2025-06-23_G28,10109870DIASG,2025-06-23,110376,1,10,0,153.0
10109870DIASG_2025-06-23_G29,10109870DIASG,2025-06-23,110375,1,30,0,360.0
10109870DIASG_2025-06-23_G30,10109870DIASG,2025-06-23,114092,1,4,0,111.0
10109870DIASG_2025-06-23_G31,10109870DIASG,2025-06-23,118299,1,210,0,496.0
10109870DIASG_2025-06-23_G32,10109870DIASG,2025-06-23,141202,1,30,0,466.0
10109870DIASG_2025-06-23_G33,10109870DIASG,2025-06-23,110372,1,30,0,206.0
10109870DIASG_2025-06-23_G34,10109870DIASG,2025-06-23,108798,1,10,0,176.0
10109870DIASG_2025-06-23_G35,10109870DIASG,2025-06-23,117842,1,2,0,85.0
10109870DIASG_2025-06-23_G36,10109870DIASG,2025-06-23,109641,1,4,0,76.0
10109870DIASG_2025-06-23_G37,10109870DIASG,2025-06-23,118223,1,4,0,109.0
10109870DIASG_2025-06-23_G38,10109870DIASG,2025-06-23,107236,1,10,0,178.0
10109870DIASG_2025-06-23_G39,10109870DIASG,2025-06-23,111466,1,20,0,1389.0
10109870DIASG_2025-06-23_G40,10109870DIASG,2025-06-23,"111172, 117821",2,40,6,360.0
10109870DIASG_2025-06-23_G41,10109870DIASG,2025-06-23,110746,1,4,0,127.0
10109870DIASG_2025-06-24_G02,10109870DIASG,2025-06-24,109643,1,6,0,110.0
10109870DIASG_2025-06-24_G03,10109870DIASG,2025-06-24,117840,1,4,0,92.0
10109870DIASG_2025-06-24_G04,10109870DIASG,2025-06-24,117830,1,7,0,123.0
10109870DIASG_2025-06-24_G05,10109870DIASG,2025-06-24,110373,1,21,0,244.0
10109870DIASG_2025-06-24_G06,10109870DIASG,2025-06-24,110371,1,20,0,237.0
10109870DIASG_2025-06-24_G08,10109870DIASG,2025-06-24,141202,1,10,0,275.0
10109870DIASG_2025-06-24_G09,10109870DIASG,2025-06-24,110372,1,31,0,467.0
10109870DIASG_2025-06-24_G10,10109870DIASG,2025-06-24,118299,1,85,0,549.0
10109870DIASG_2025-06-24_G11,10109870DIASG,2025-06-24,117820,1,80,0,375.0
10109870DIASG_2025-06-24_G12,10109870DIASG,2025-06-24,111532,1,8,0,614.0
10109870DIASG_2025-06-24_G13,10109870DIASG,2025-06-24,117820,1,2,0,89.0
10109870DIASG_2025-06-24_G14,10109870DIASG,2025-06-24,110515,1,12,0,246.0
10109870DIASG_2025-06-24_G15,10109870DIASG,2025-06-24,111469,1,4,0,188.0
10109870DIASG_2025-06-24_G16,10109870DIASG,2025-06-24,111330,1,22,0,345.0
10109870DIASG_2025-06-24_G17,10109870DIASG,2025-06-24,111438,1,12,0,578.0
10109870DIASG_2025-06-24_G18,10109870DIASG,2025-06-24,111569,1,6,0,166.0
10109870DIASG_2025-06-24_G20,10109870DIASG,2025-06-24,118299,1,2,0,262.0
10109870DIASG_2025-06-24_G21,10109870DIASG,2025-06-24,110371,1,2,0,186.0
10109870DIASG_2025-06-24_G22,10109870DIASG,2025-06-24,110371,1,2,0,32.0
10109870DIASG_2025-06-24_G23,10109870DIASG,2025-06-24,141202,1,11,0,238.0
10109870DIASG_2025-06-24_G24,10109870DIASG,2025-06-24,117822,1,8,0,131.0
10109870DIASG_2025-06-24_G25,10109870DIASG,2025-06-24,117809,1,15,0,220.0
10109870DIASG_2025-06-24_G26,10109870DIASG,2025-06-24,111743,1,30,0,2708.0
10109870DIASG_2025-06-24_G27,10109870DIASG,2025-06-24,111463,1,20,0,635.0
10109870DIASG_2025-06-24_G28,10109870DIASG,2025-06-24,111469,1,20,0,230.0
10109870DIASG_2025-06-24_G29,10109870DIASG,2025-06-24,117821,1,8,0,146.0
10109870DIASG_2025-06-24_G30,10109870DIASG,2025-06-24,117785,1,16,0,3301.0
10109870DIASG_2025-06-24_G31,10109870DIASG,2025-06-24,110751,1,2,0,79.0
10109870DIASG_2025-06-24_G32,10109870DIASG,2025-06-24,117838,1,4,0,110.0
10109870DIASG_2025-06-24_G33,10109870DIASG,2025-06-24,111532,1,4,0,154.0
10109870DIASG_2025-06-24_G34,10109870DIASG,2025-06-24,111468,1,12,0,185.0
10109870DIASG_2025-06-24_G35,10109870DIASG,2025-06-24,111468,1,18,0,160.0
10109870DIASG_2025-06-24_G36,10109870DIASG,2025-06-24,117809,1,20,0,273.0
10109870DIASG_2025-06-24_G37,10109870DIASG,2025-06-24,117808,1,320,0,582.0
10109870DIASG_2025-06-24_G38,10109870DIASG,2025-06-24,140922,1,30,0,599.0
10109870DIASG_2025-06-25_G02,10109870DIASG,2025-06-25,117808,1,15,0,279.0
10109870DIASG_2025-06-25_G03,10109870DIASG,2025-06-25,118299,1,6,0,87.0
10109870DIASG_2025-06-25_G04,10109870DIASG,2025-06-25,117830,1,2,0,101.0
10109870DIASG_2025-06-25_G05,10109870DIASG,2025-06-25,110373,1,4,0,66.0
10109870DIASG_2025-06-25_G06,10109870DIASG,2025-06-25,110372,1,7,0,224.0
10109870DIASG_2025-06-25_G07,10109870DIASG,2025-06-25,117809,1,4,0,67.0
10109870DIASG_2025-06-25_G08,10109870DIASG,2025-06-25,111463,1,10,0,170.0
10109870DIASG_2025-06-25_G09,10109870DIASG,2025-06-25,111466,1,2,0,78.0
10109870DIASG_2025-06-25_G10,10109870DIASG,2025-06-25,117831,1,5,0,81.0
10109870DIASG_2025-06-25_G11,10109870DIASG,2025-06-25,110740,1,4,0,254.0
10109870DIASG_2025-06-25_G12,10109870DIASG,2025-06-25,111418,1,8,0,152.0
10109870DIASG_2025-06-25_G13,10109870DIASG,2025-06-25,111435,1,2,0,240.0
10109870DIASG_2025-06-25_G14,10109870DIASG,2025-06-25,141823,1,8,0,434.0
10109870DIASG_2025-06-25_G15,10109870DIASG,2025-06-25,111348,1,2,0,1125.0
10109870DIASG_2025-06-25_G16,10109870DIASG,2025-06-25,109643,1,70,0,985.0
10109870DIASG_2025-06-25_G17,10109870DIASG,2025-06-25,117832,1,100,0,484.0
10109870DIASG_2025-06-25_G18,10109870DIASG,2025-06-25,111469,1,150,0,823.0
10109870DIASG_2025-06-25_G20,10109870DIASG,2025-06-25,110740,1,30,0,645.0
10109870DIASG_2025-06-25_G21,10109870DIASG,2025-06-25,111532,1,50,0,909.0
10109870DIASG_2025-06-25_G22,10109870DIASG,2025-06-25,111469,1,50,0,836.0
10109870DIASG_2025-06-25_G23,10109870DIASG,2025-06-25,111462,1,40,0,585.0
10109870DIASG_2025-06-25_G24,10109870DIASG,2025-06-25,118281,1,39,0,954.0
10109870DIASG_2025-06-25_G25,10109870DIASG,2025-06-25,117832,1,50,0,612.0
10109870DIASG_2025-06-25_G26,10109870DIASG,2025-06-25,117830,1,50,0,816.0
10109870DIASG_2025-06-26_G02,10109870DIASG,2025-06-26,117855,1,1,0,481.0
10109870DIASG_2025-06-26_G03,10109870DIASG,2025-06-26,117935,1,4,0,103.0
10109870DIASG_2025-06-26_G04,10109870DIASG,2025-06-26,107629,1,1,0,109.0
10109870DIASG_2025-06-26_G05,10109870DIASG,2025-06-26,110339,1,16,0,217.0
10109870DIASG_2025-06-26_G06,10109870DIASG,2025-06-26,109640,1,4,0,89.0
10109870DIASG_2025-06-26_G07,10109870DIASG,2025-06-26,110515,1,10,0,185.0
10109870DIASG_2025-06-26_G08,10109870DIASG,2025-06-26,110313,1,2,0,85.0
10109870DIASG_2025-06-26_G09,10109870DIASG,2025-06-26,108772,1,2,0,140.0
10109870DIASG_2025-06-26_G10,10109870DIASG,2025-06-26,111530,1,20,0,513.0
10109870DIASG_2025-06-26_G11,10109870DIASG,2025-06-26,111602,1,20,0,293.0
10109870DIASG_2025-06-26_G12,10109870DIASG,2025-06-26,141823,1,4,0,497.0
10109870DIASG_2025-06-26_G13,10109870DIASG,2025-06-26,111569,1,6,0,320.0
10109870DIASG_2025-06-26_G14,10109870DIASG,2025-06-26,105705,1,4,0,238.0
10109870DIASG_2025-06-26_G15,10109870DIASG,2025-06-26,110711,1,1,0,147.0
10109870DIASG_2025-06-26_G16,10109870DIASG,2025-06-26,107830,1,9,0,1332.0
10109870DIASG_2025-06-26_G17,10109870DIASG,2025-06-26,107830,2,28,9,352.0
10109870DIASG_2025-06-26_G19,10109870DIASG,2025-06-26,118191,1,159,0,939.0
10109870DIASG_2025-06-26_G20,10109870DIASG,2025-06-26,141202,1,4,0,427.0
10109870DIASG_2025-06-26_G21,10109870DIASG,2025-06-26,117822,1,1,0,45.0
10109870DIASG_2025-06-26_G23,10109870DIASG,2025-06-26,117809,1,1,0,35.0
10109870DIASG_2025-06-26_G24,10109870DIASG,2025-06-26,117808,2,20,13,637.0
10109870DIASG_2025-06-26_G25,10109870DIASG,2025-06-26,118191,1,193,0,945.0
10109870DIASG_2025-06-26_G26,10109870DIASG,2025-06-26,111722,1,97,0,637.0
10109870DIASG_2025-06-26_G28,10109870DIASG,2025-06-26,111569,1,3,0,201.0
10109870DIASG_2025-06-26_G29,10109870DIASG,2025-06-26,111569,1,4,0,56.0
10109870DIASG_2025-06-26_G30,10109870DIASG,2025-06-26,141823,1,2,0,121.0
10109870DIASG_2025-06-26_G31,10109870DIASG,2025-06-26,141823,1,5,0,49.0
10109870DIASG_2025-06-26_G32,10109870DIASG,2025-06-26,111465,1,2,0,96.0
10109870DIASG_2025-06-26_G33,10109870DIASG,2025-06-26,117855,1,2,0,151.0
10109870DIASG_2025-06-26_G34,10109870DIASG,2025-06-26,110325,1,7,0,159.0
10109870DIASG_2025-06-26_G35,10109870DIASG,2025-06-26,109647,1,7,0,490.0
10109870DIASG_2025-06-26_G36,10109870DIASG,2025-06-26,110371,1,2,0,109.0
10109870DIASG_2025-06-26_G37,10109870DIASG,2025-06-26,110787,1,5,0,302.0
10109870DIASG_2025-06-26_G38,10109870DIASG,2025-06-26,110711,1,3,0,176.0
10109870DIASG_2025-06-26_G39,10109870DIASG,2025-06-26,111569,1,4,0,133.0
10109870DIASG_2025-06-26_G40,10109870DIASG,2025-06-26,109645,1,2,0,63.0
10109870DIASG_2025-06-26_G41,10109870DIASG,2025-06-26,160055,1,2,0,158.0
10109870DIASG_2025-06-26_G42,10109870DIASG,2025-06-26,111469,1,6,0,151.0
10109870DIASG_2025-06-26_G43,10109870DIASG,2025-06-26,117785,1,2,0,1858.0
10109870DIASG_2025-06-26_G44,10109870DIASG,2025-06-26,111463,1,2,0,77.0
10109870DIASG_2025-06-26_G45,10109870DIASG,2025-06-26,140922,1,4,0,328.0
10109870DIASG_2025-06-26_G46,10109870DIASG,2025-06-26,117855,2,8,7,199.0
10109870DIASG_2025-06-26_G47,10109870DIASG,2025-06-26,111463,1,2,0,212.0
10109870DIASG_2025-06-26_G48,10109870DIASG,2025-06-26,110325,1,4,0,334.0
10109870DIASG_2025-06-26_G49,10109870DIASG,2025-06-26,110373,1,4,0,164.0
10109870DIASG_2025-06-28_G02,10109870DIASG,2025-06-28,111569,1,1,0,137.0
10109870DIASG_2025-06-28_G03,10109870DIASG,2025-06-28,118140,1,8,0,136.0
10109870DIASG_2025-06-28_G04,10109870DIASG,2025-06-28,141823,1,4,0,136.0
10109870DIASG_2025-06-28_G05,10109870DIASG,2025-06-28,110325,1,4,0,187.0
10109870DIASG_2025-06-28_G06,10109870DIASG,2025-06-28,110740,2,8,20,294.0
10109870DIASG_2025-06-28_G07,10109870DIASG,2025-06-28,140922,1,8,0,288.0
10109870DIASG_2025-06-28_G08,10109870DIASG,2025-06-28,140922,1,4,0,54.0
10109870DIASG_2025-06-28_G09,10109870DIASG,2025-06-28,111463,1,4,0,117.0
10109870DIASG_2025-06-28_G10,10109870DIASG,2025-06-28,111441,1,4,0,1284.0
10109870DIASG_2025-06-28_G11,10109870DIASG,2025-06-28,111569,1,12,0,195.0
10109870DIASG_2025-06-28_G12,10109870DIASG,2025-06-28,117862,1,4,0,131.0
10109870DIASG_2025-06-28_G13,10109870DIASG,2025-06-28,110515,1,2,0,95.0
10109870DIASG_2025-06-28_G14,10109870DIASG,2025-06-28,110711,1,1,0,41.0
10109870DIASG_2025-06-28_G15,10109870DIASG,2025-06-28,111467,1,3,0,270.0
10109870DIASG_2025-06-28_G16,10109870DIASG,2025-06-28,117856,1,4,0,141.0
10109870DIASG_2025-06-28_G17,10109870DIASG,2025-06-28,110752,1,1,0,96.0
10109870DIASG_2025-06-28_G18,10109870DIASG,2025-06-28,111463,1,1,0,155.0
10109870DIASG_2025-06-28_G19,10109870DIASG,2025-06-28,117831,1,4,0,2248.0
10109870DIASG_2025-06-28_G20,10109870DIASG,2025-06-28,118317,1,2,0,77.0
10109870DIASG_2025-06-28_G21,10109870DIASG,2025-06-28,117820,1,6,0,101.0
10109870DIASG_2025-06-28_G22,10109870DIASG,2025-06-28,117808,1,4,0,102.0
10109870DIASG_2025-06-28_G23,10109870DIASG,2025-06-28,110374,1,6,0,96.0
10109870DIASG_2025-06-28_G24,10109870DIASG,2025-06-28,110371,1,8,0,88.0
10109870DIASG_2025-06-28_G25,10109870DIASG,2025-06-28,110372,1,12,0,812.0
10109870DIASG_2025-06-28_G26,10109870DIASG,2025-06-28,117855,1,8,0,1567.0
10109870DIASG_2025-06-28_G27,10109870DIASG,2025-06-28,110733,1,10,0,173.0
10109870DIASG_2025-06-28_G28,10109870DIASG,2025-06-28,117862,1,5,0,226.0
10109870DIASG_2025-06-28_G29,10109870DIASG,2025-06-28,111530,1,2,0,123.0
10109870DIASG_2025-06-28_G30,10109870DIASG,2025-06-28,117856,1,2,0,58.0
10109870DIASG_2025-06-28_G31,10109870DIASG,2025-06-28,117831,1,3,0,135.0
10109870DIASG_2025-06-28_G32,10109870DIASG,2025-06-28,118140,1,7,0,152.0
10109870DIASG_2025-06-28_G33,10109870DIASG,2025-06-28,117830,1,3,0,124.0
10109870DIASG_2025-06-28_G34,10109870DIASG,2025-06-28,118299,1,17,0,280.0
10109870DIASG_2025-06-28_G36,10109870DIASG,2025-06-28,117786,1,100,0,1339.0
10109870DIASG_2025-06-28_G37,10109870DIASG,2025-06-28,111463,1,600,0,1591.0
10109870DIASG_2025-06-28_G38,10109870DIASG,2025-06-28,111532,1,100,0,668.0
10109870DIASG_2025-06-28_G39,10109870DIASG,2025-06-28,118299,1,700,0,2468.0
10109870DIASG_2025-06-28_G40,10109870DIASG,2025-06-28,111441,1,4,0,1495.0
10109870DIASG_2025-06-28_G41,10109870DIASG,2025-06-28,111569,2,4,6,54.0
10109870DIASG_2025-06-28_G42,10109870DIASG,2025-06-28,111438,1,3,0,104.0
10109870DIASG_2025-06-28_G43,10109870DIASG,2025-06-28,111348,1,16,0,248.0
10109870DIASG_2025-06-28_G44,10109870DIASG,2025-06-28,110711,1,10,0,257.0
10109870DIASG_2025-06-28_G45,10109870DIASG,2025-06-28,110313,1,15,0,183.0
10109870DIASG_2025-06-28_G46,10109870DIASG,2025-06-28,110129,1,4,0,604.0
10109870DIASG_2025-06-28_G47,10109870DIASG,2025-06-28,117935,1,26,0,107.0
10109870DIASG_2025-06-28_G48,10109870DIASG,2025-06-28,118299,1,66,0,804.0
10109870DIASG_2025-06-29_G02,10109870DIASG,2025-06-29,117965,2,8,5,206.0
10109870DIASG_2025-06-29_G03,10109870DIASG,2025-06-29,107629,1,16,0,246.0
10109870DIASG_2025-06-29_G04,10109870DIASG,2025-06-29,110339,1,13,0,427.0
10109870DIASG_2025-06-29_G05,10109870DIASG,2025-06-29,117786,1,8,0,91.0
10109870DIASG_2025-06-29_G06,10109870DIASG,2025-06-29,109640,1,3,0,114.0
10109870DIASG_2025-06-29_G07,10109870DIASG,2025-06-29,110753,1,3,0,221.0
10109870DIASG_2025-06-29_G08,10109870DIASG,2025-06-29,141047,1,4,0,78.0
10109870DIASG_2025-06-29_G09,10109870DIASG,2025-06-29,110313,1,1,0,74.0
10109870DIASG_2025-06-29_G10,10109870DIASG,2025-06-29,108772,1,4,0,187.0
10109870DIASG_2025-06-29_G11,10109870DIASG,2025-06-29,110733,1,4,0,96.0
10109870DIASG_2025-06-29_G12,10109870DIASG,2025-06-29,110733,1,8,0,229.0
10109870DIASG_2025-06-29_G13,10109870DIASG,2025-06-29,111530,1,10,0,137.0
10109870DIASG_2025-06-29_G14,10109870DIASG,2025-06-29,111602,1,17,0,236.0
10109870DIASG_2025-06-29_G15,10109870DIASG,2025-06-29,110515,1,19,0,271.0
10109870DIASG_2025-06-29_G16,10109870DIASG,2025-06-29,118094,1,44,0,747.0
10109870DIASG_2025-06-29_G17,10109870DIASG,2025-06-29,109640,1,23,0,613.0
10109870DIASG_2025-06-29_G18,10109870DIASG,2025-06-29,111467,1,31,0,354.0
10109870DIASG_2025-06-29_G19,10109870DIASG,2025-06-29,118222,1,3,0,292.0
10109870DIASG_2025-06-29_G20,10109870DIASG,2025-06-29,110742,1,5,0,442.0
10109870DIASG_2025-06-29_G21,10109870DIASG,2025-06-29,100334,1,8,0,261.0
10109870DIASG_2025-06-29_G22,10109870DIASG,2025-06-29,111436,1,4,0,154.0
10109870DIASG_2025-06-29_G23,10109870DIASG,2025-06-29,110372,1,120,0,1254.0
10109870DIASG_2025-06-29_G24,10109870DIASG,2025-06-29,110895,1,20,0,671.0
10109870DIASG_2025-06-29_G25,10109870DIASG,2025-06-29,111655,1,4,0,59.0
10109870DIASG_2025-06-29_G26,10109870DIASG,2025-06-29,108759,1,1,0,75.0
10109870DIASG_2025-06-29_G27,10109870DIASG,2025-06-29,117835,1,4,0,107.0
10109870DIASG_2025-06-29_G28,10109870DIASG,2025-06-29,110623,1,4,0,149.0
10109870DIASG_2025-06-29_G29,10109870DIASG,2025-06-29,111660,1,4,0,113.0
10109870DIASG_2025-06-29_G30,10109870DIASG,2025-06-29,111430,1,12,0,317.0
10109870DIASG_2025-06-29_G31,10109870DIASG,2025-06-29,108711,1,34,0,848.0
10109870DIASG_2025-06-29_G32,10109870DIASG,2025-06-29,109647,1,20,0,317.0
10109870DIASG_2025-06-29_G33,10109870DIASG,2025-06-29,111463,1,2,0,2091.0
10109870DIASG_2025-06-29_G34,10109870DIASG,2025-06-29,140922,1,4,0,112.0
10109870DIASG_2025-06-29_G35,10109870DIASG,2025-06-29,117833,1,1,0,63.0
10109870DIASG_2025-06-29_G36,10109870DIASG,2025-06-29,141823,1,4,0,166.0
10109870DIASG_2025-06-29_G37,10109870DIASG,2025-06-29,107236,1,2,0,114.0
10109870DIASG_2025-06-29_G38,10109870DIASG,2025-06-29,118094,1,2,0,155.0
10109870DIASG_2025-06-29_G39,10109870DIASG,2025-06-29,110339,1,2,0,90.0
10109870DIASG_2025-06-29_G40,10109870DIASG,2025-06-29,111602,1,1,0,135.0
10109870DIASG_2025-06-29_G41,10109870DIASG,2025-06-29,118299,1,48,0,352.0
10109870DIASG_2025-06-29_G42,10109870DIASG,2025-06-29,110371,1,4,0,76.0
10109870DIASG_2025-06-29_G43,10109870DIASG,2025-06-29,141202,1,6,0,87.0
10109870DIASG_2025-06-29_G44,10109870DIASG,2025-06-29,110711,1,6,0,735.0
10109870DIASG_2025-06-29_G45,10109870DIASG,2025-06-29,141066,1,2,0,123.0
10109870DIASG_2025-06-29_G46,10109870DIASG,2025-06-29,111530,1,2,0,172.0
10109870DIASG_2025-06-29_G47,10109870DIASG,2025-06-29,111463,1,8,0,221.0
10109870DIASG_2025-06-29_G48,10109870DIASG,2025-06-29,110373,1,12,0,162.0
10109870DIASG_2025-06-29_G49,10109870DIASG,2025-06-29,110711,1,10,0,179.0
10109870DIASG_2025-06-29_G50,10109870DIASG,2025-06-29,110711,1,12,0,165.0
10109870DIASG_2025-06-29_G52,10109870DIASG,2025-06-29,110711,1,22,0,727.0
10109870DIASG_2025-06-29_G53,10109870DIASG,2025-06-29,160051,1,2,0,989.0
10109870DIASG_2025-06-29_G54,10109870DIASG,2025-06-29,110755,1,2,0,1080.0
10109870DIASG_2025-06-29_G55,10109870DIASG,2025-06-29,117809,1,1,0,174.0
10109870DIASG_2025-06-29_G56,10109870DIASG,2025-06-29,118299,1,3,0,155.0
10109870DIASG_2025-06-29_G57,10109870DIASG,2025-06-29,110373,1,2,0,243.0
10109870DIASG_2025-06-29_G58,10109870DIASG,2025-06-29,110372,1,28,0,306.0
10109870DIASG_2025-06-29_G59,10109870DIASG,2025-06-29,110371,1,6,0,92.0
10109870DIASG_2025-06-29_G60,10109870DIASG,2025-06-29,117785,1,2,0,284.0
10109870DIASG_2025-06-29_G61,10109870DIASG,2025-06-29,118140,1,2,0,86.0
10109870DIASG_2025-06-29_G62,10109870DIASG,2025-06-29,111433,1,2,0,106.0
10109870DIASG_2025-06-29_G63,10109870DIASG,2025-06-29,110747,1,2,0,153.0
10109870DIASG_2025-06-29_G64,10109870DIASG,2025-06-29,111438,1,2,0,163.0
10109870DIASG_2025-06-29_G65,10109870DIASG,2025-06-29,110373,1,10,0,1108.0
10109870DIASG_2025-06-29_G66,10109870DIASG,2025-06-29,117831,1,10,0,167.0
10109870DIASG_2025-06-29_G67,10109870DIASG,2025-06-29,111462,1,17,0,133.0
10109870DIASG_2025-06-29_G68,10109870DIASG,2025-06-29,110740,1,10,0,154.0
10109870DIASG_2025-06-29_G69,10109870DIASG,2025-06-29,111850,1,4,0,135.0
10109870DIASG_2025-06-29_G70,10109870DIASG,2025-06-29,110895,1,10,0,157.0
10109870DIASG_2025-06-29_G71,10109870DIASG,2025-06-29,110325,1,4,0,350.0
10109870DIASG_2025-06-29_G72,10109870DIASG,2025-06-29,118299,1,2,0,67.0
10109870DIASG_2025-06-29_G73,10109870DIASG,2025-06-29,110373,1,2,0,98.0
10109870DIASG_2025-06-29_G74,10109870DIASG,2025-06-29,117820,1,2,0,86.0
10109870DIASG_2025-06-29_G75,10109870DIASG,2025-06-29,108795,1,4,0,135.0
10109870DIASG_2025-06-29_G76,10109870DIASG,2025-06-29,108711,1,1,0,79.0
10109870DIASG_2025-06-29_G77,10109870DIASG,2025-06-29,111466,1,2,0,58.0
10109870DIASG_2025-06-29_G78,10109870DIASG,2025-06-29,117831,1,2,0,67.0
10109870DIASG_2025-06-29_G79,10109870DIASG,2025-06-29,111532,1,2,0,69.0
10109870DIASG_2025-06-29_G80,10109870DIASG,2025-06-29,111462,1,2,0,63.0
10109870DIASG_2025-06-29_G81,10109870DIASG,2025-06-29,111530,1,4,0,115.0
10109870DIASG_2025-06-30_G02,10109870DIASG,2025-06-30,110374,1,4,0,349.0
10109870DIASG_2025-06-30_G03,10109870DIASG,2025-06-30,117820,1,4,0,120.0
10109870DIASG_2025-06-30_G04,10109870DIASG,2025-06-30,110755,1,4,0,188.0
10109870DIASG_2025-06-30_G05,10109870DIASG,2025-06-30,117831,1,4,0,361.0
10109870DIASG_2025-06-30_G06,10109870DIASG,2025-06-30,141823,1,4,0,600.0
10109870DIASG_2025-06-30_G07,10109870DIASG,2025-06-30,117808,1,8,0,720.0
10109870DIASG_2025-06-30_G08,10109870DIASG,2025-06-30,117808,1,17,0,457.0
10109870DIASG_2025-06-30_G09,10109870DIASG,2025-06-30,117965,1,4,0,180.0
10109870DIASG_2025-06-30_G10,10109870DIASG,2025-06-30,111443,1,12,0,312.0
10109870DIASG_2025-06-30_G11,10109870DIASG,2025-06-30,110313,1,2,0,1132.0
10109870DIASG_2025-06-30_G12,10109870DIASG,2025-06-30,118299,1,12,0,536.0
10109870DIASG_2025-06-30_G13,10109870DIASG,2025-06-30,118299,1,12,0,522.0
10109870DIASG_2025-06-30_G14,10109870DIASG,2025-06-30,111469,1,4,0,134.0
10109870DIASG_2025-06-30_G15,10109870DIASG,2025-06-30,110711,1,4,0,148.0
10109870DIASG_2025-06-30_G16,10109870DIASG,2025-06-30,117808,1,30,0,291.0
10109870DIASG_2025-06-30_G17,10109870DIASG,2025-06-30,117935,1,5,0,282.0
10109870DIASG_2025-06-30_G18,10109870DIASG,2025-06-30,111438,1,10,0,313.0
10109870DIASG_2025-06-30_G19,10109870DIASG,2025-06-30,116527,1,7,0,1627.0
10109870DIASG_2025-06-30_G21,10109870DIASG,2025-06-30,111348,1,3,0,79.0
10109870DIASG_2025-06-30_G22,10109870DIASG,2025-06-30,111443,1,2,0,82.0
10109870DIASG_2025-06-30_G23,10109870DIASG,2025-06-30,108711,1,13,0,102.0
10109870DIASG_2025-06-30_G24,10109870DIASG,2025-06-30,111466,1,10,0,117.0
10109870DIASG_2025-06-30_G25,10109870DIASG,2025-06-30,111172,1,13,0,230.0
10109870DIASG_2025-06-30_G26,10109870DIASG,2025-06-30,111462,1,10,0,177.0
10109870DIASG_2025-06-30_G27,10109870DIASG,2025-06-30,107236,1,14,0,212.0
10109870DIASG_2025-06-30_G28,10109870DIASG,2025-06-30,111468,1,6,0,117.0
10109870DIASG_2025-06-30_G29,10109870DIASG,2025-06-30,117787,1,10,0,1567.0
10109870DIASG_2025-07-02_G03,10109870DIASG,2025-07-02,117832,1,800,0,515.0
10109870DIASG_2025-07-04_G02,10109870DIASG,2025-07-04,111463,1,21,0,507.0
10109870DIASG_2025-07-04_G03,10109870DIASG,2025-07-04,105705,1,4,0,127.0
10109870DIASG_2025-07-04_G04,10109870DIASG,2025-07-04,111348,1,13,0,399.0
10109870DIASG_2025-07-04_G05,10109870DIASG,2025-07-04,111172,1,4,0,127.0
10109870DIASG_2025-07-04_G06,10109870DIASG,2025-07-04,111532,1,70,0,638.0
10109870DIASG_2025-07-04_G07,10109870DIASG,2025-07-04,108711,1,30,0,584.0
10109870DIASG_2025-07-04_G08,10109870DIASG,2025-07-04,111439,1,14,0,369.0
10109870DIASG_2025-07-04_G09,10109870DIASG,2025-07-04,108772,1,5,0,123.0
10109870DIASG_2025-07-04_G10,10109870DIASG,2025-07-04,111530,1,2,0,140.0
10109870DIASG_2025-07-04_G11,10109870DIASG,2025-07-04,110752,1,6,0,103.0
10109870DIASG_2025-07-04_G12,10109870DIASG,2025-07-04,110741,1,14,0,1119.0
10109870DIASG_2025-07-04_G13,10109870DIASG,2025-07-04,110515,1,41,0,546.0
10109870DIASG_2025-07-04_G14,10109870DIASG,2025-07-04,109647,1,25,0,466.0
10109870DIASG_2025-07-04_G15,10109870DIASG,2025-07-04,111602,1,40,0,692.0
10109870DIASG_2025-07-05_G02,10109870DIASG,2025-07-05,111356,1,3,0,296.0
10109870DIASG_2025-07-05_G03,10109870DIASG,2025-07-05,108795,1,4,0,302.0
10109870DIASG_2025-07-05_G04,10109870DIASG,2025-07-05,140922,1,1,0,82.0
10109870DIASG_2025-07-05_G05,10109870DIASG,2025-07-05,111532,1,12,0,536.0
10109870DIASG_2025-07-05_G06,10109870DIASG,2025-07-05,111418,1,6,0,447.0
10109870DIASG_2025-07-05_G07,10109870DIASG,2025-07-05,111465,1,2,0,131.0
10109870DIASG_2025-07-05_G08,10109870DIASG,2025-07-05,111467,1,1,0,250.0
10109870DIASG_2025-07-05_G09,10109870DIASG,2025-07-05,108361,1,4,0,97.0
10109870DIASG_2025-07-05_G10,10109870DIASG,2025-07-05,109643,1,1,0,78.0
10109870DIASG_2025-07-05_G11,10109870DIASG,2025-07-05,109643,1,4,0,39.0
10109870DIASG_2025-07-05_G12,10109870DIASG,2025-07-05,118094,1,1,0,234.0
10109870DIASG_2025-07-05_G13,10109870DIASG,2025-07-05,117837,1,4,0,108.0
10109870DIASG_2025-07-05_G14,10109870DIASG,2025-07-05,140922,1,2,0,146.0
10109870DIASG_2025-07-05_G15,10109870DIASG,2025-07-05,117821,1,6,0,133.0
10109870DIASG_2025-07-05_G16,10109870DIASG,2025-07-05,111532,1,7,0,2913.0
10109870DIASG_2025-07-05_G17,10109870DIASG,2025-07-05,111418,1,1,0,78.0
10109870DIASG_2025-07-05_G18,10109870DIASG,2025-07-05,111465,1,2,0,170.0
10109870DIASG_2025-07-05_G19,10109870DIASG,2025-07-05,117832,1,4,0,456.0
10109870DIASG_2025-07-05_G20,10109870DIASG,2025-07-05,109643,1,1,0,127.0
10109870DIASG_2025-07-05_G21,10109870DIASG,2025-07-05,117830,1,2,0,132.0
10109870DIASG_2025-07-05_G22,10109870DIASG,2025-07-05,111602,1,2,0,66.0
10109870DIASG_2025-07-05_G23,10109870DIASG,2025-07-05,"118094, 108795",2,3,27,126.0
10109870DIASG_2025-07-05_G24,10109870DIASG,2025-07-05,117853,3,7,33,1044.0
10109870DIASG_2025-07-05_G25,10109870DIASG,2025-07-05,117785,1,20,0,798.0
10109870DIASG_2025-07-05_G26,10109870DIASG,2025-07-05,111466,1,10,0,94.0
10109870DIASG_2025-07-05_G27,10109870DIASG,2025-07-05,110740,1,6,0,109.0
10109870DIASG_2025-07-05_G28,10109870DIASG,2025-07-05,110787,1,14,0,128.0
10109870DIASG_2025-07-05_G29,10109870DIASG,2025-07-05,109645,1,2,0,57.0
10109870DIASG_2025-07-05_G30,10109870DIASG,2025-07-05,118094,1,3,0,122.0
10109870DIASG_2025-07-05_G31,10109870DIASG,2025-07-05,110373,1,8,0,166.0
10109870DIASG_2025-07-05_G32,10109870DIASG,2025-07-05,110372,1,2,0,75.0
10109870DIASG_2025-07-05_G33,10109870DIASG,2025-07-05,118299,1,20,0,950.0
10109870DIASG_2025-07-05_G34,10109870DIASG,2025-07-05,117820,1,97,0,841.0
10109870DIASG_2025-07-05_G35,10109870DIASG,2025-07-05,111435,1,4,0,663.0
10109870DIASG_2025-07-05_G36,10109870DIASG,2025-07-05,111446,1,2,0,71.0
10109870DIASG_2025-07-05_G37,10109870DIASG,2025-07-05,117785,1,10,0,122.0
10109870DIASG_2025-07-05_G38,10109870DIASG,2025-07-05,105705,1,2,0,56.0
10109870DIASG_2025-07-05_G39,10109870DIASG,2025-07-05,111348,1,2,0,56.0
10109870DIASG_2025-07-05_G40,10109870DIASG,2025-07-05,111466,1,10,0,118.0
10109870DIASG_2025-07-05_G41,10109870DIASG,2025-07-05,117821,1,4,0,64.0
10109870DIASG_2025-07-05_G42,10109870DIASG,2025-07-05,111532,1,4,0,74.0
10109870DIASG_2025-07-05_G43,10109870DIASG,2025-07-05,111418,1,10,0,117.0
10109870DIASG_2025-07-05_G44,10109870DIASG,2025-07-05,117787,1,1,0,98.0
10109870DIASG_2025-07-05_G45,10109870DIASG,2025-07-05,118317,1,2,0,51.0
10109870DIASG_2025-07-05_G46,10109870DIASG,2025-07-05,111442,1,2,0,90.0
10109870DIASG_2025-07-05_G47,10109870DIASG,2025-07-05,141823,1,8,0,89.0
10109870DIASG_2025-07-05_G48,10109870DIASG,2025-07-05,107236,1,4,0,79.0
10109870DIASG_2025-07-05_G49,10109870DIASG,2025-07-05,111465,1,4,0,58.0
10109870DIASG_2025-07-05_G51,10109870DIASG,2025-07-05,111743,1,5,0,153.0
10109870DIASG_2025-07-05_G52,10109870DIASG,2025-07-05,111469,1,16,0,244.0
10109870DIASG_2025-07-05_G53,10109870DIASG,2025-07-05,117820,1,12,0,159.0
10109870DIASG_2025-07-05_G54,10109870DIASG,2025-07-05,110373,1,10,0,156.0
10109870DIASG_2025-07-05_G55,10109870DIASG,2025-07-05,110372,1,13,0,219.0
10109870DIASG_2025-07-05_G56,10109870DIASG,2025-07-05,110325,1,30,0,653.0
10109870DIASG_2025-07-05_G57,10109870DIASG,2025-07-05,110373,1,8,0,687.0
10109870DIASG_2025-07-05_G58,10109870DIASG,2025-07-05,110372,1,10,0,145.0
10109870DIASG_2025-07-05_G59,10109870DIASG,2025-07-05,110374,1,6,0,111.0
10109870DIASG_2025-07-05_G60,10109870DIASG,2025-07-05,111431,1,4,0,133.0
10109870DIASG_2025-07-07_G02,10109870DIASG,2025-07-07,111851,1,2,0,235.0
10109870DIASG_2025-07-07_G03,10109870DIASG,2025-07-07,140988,1,8,0,158.0
10109870DIASG_2025-07-07_G04,10109870DIASG,2025-07-07,118283,1,32,0,1092.0
10109870DIASG_2025-07-07_G05,10109870DIASG,2025-07-07,107254,1,2,0,162.0
10109870DIASG_2025-07-07_G06,10109870DIASG,2025-07-07,117834,1,1,0,83.0
10109870DIASG_2025-07-07_G07,10109870DIASG,2025-07-07,110895,1,140,0,2110.0
10109870DIASG_2025-07-07_G08,10109870DIASG,2025-07-07,111861,1,2,0,297.0
10109870DIASG_2025-07-07_G10,10109870DIASG,2025-07-07,118299,1,2,0,71.0
10109870DIASG_2025-07-07_G11,10109870DIASG,2025-07-07,110373,1,7,0,91.0
10109870DIASG_2025-07-07_G12,10109870DIASG,2025-07-07,117830,1,2,0,72.0
10109870DIASG_2025-07-07_G13,10109870DIASG,2025-07-07,117822,1,2,0,89.0
10109870DIASG_2025-07-07_G14,10109870DIASG,2025-07-07,110372,1,6,0,152.0
10109870DIASG_2025-07-07_G15,10109870DIASG,2025-07-07,111444,1,4,0,232.0
10109870DIASG_2025-07-07_G16,10109870DIASG,2025-07-07,111469,1,2,0,177.0
10109870DIASG_2025-07-07_G17,10109870DIASG,2025-07-07,111466,1,4,0,84.0
10109870DIASG_2025-07-07_G18,10109870DIASG,2025-07-07,117821,1,2,0,50.0
10109870DIASG_2025-07-07_G19,10109870DIASG,2025-07-07,111418,1,4,0,508.0
10109870DIASG_2025-07-07_G20,10109870DIASG,2025-07-07,110740,1,4,0,96.0
10109870DIASG_2025-07-07_G21,10109870DIASG,2025-07-07,117787,1,4,0,111.0
10109870DIASG_2025-07-07_G22,10109870DIASG,2025-07-07,107236,1,4,0,71.0
10109870DIASG_2025-07-07_G23,10109870DIASG,2025-07-07,110339,1,2,0,201.0
10109870DIASG_2025-07-07_G24,10109870DIASG,2025-07-07,111467,1,2,0,84.0
10109870DIASG_2025-07-07_G25,10109870DIASG,2025-07-07,117855,1,2,0,49.0
10109870DIASG_2025-07-07_G26,10109870DIASG,2025-07-07,117856,1,4,0,145.0
10109870DIASG_2025-07-07_G27,10109870DIASG,2025-07-07,110755,1,1,0,114.0
10109870DIASG_2025-07-07_G28,10109870DIASG,2025-07-07,111569,1,2,0,65.0
10109870DIASG_2025-07-07_G29,10109870DIASG,2025-07-07,110129,1,2,0,252.0
10109870DIASG_2025-07-07_G30,10109870DIASG,2025-07-07,108794,1,2,0,162.0
10109870DIASG_2025-07-07_G31,10109870DIASG,2025-07-07,110745,1,2,0,182.0
10109870DIASG_2025-07-07_G32,10109870DIASG,2025-07-07,111532,1,14,0,184.0
10109870DIASG_2025-07-07_G33,10109870DIASG,2025-07-07,117842,1,1,0,84.0
10109870DIASG_2025-07-07_G34,10109870DIASG,2025-07-07,110740,1,4,0,72.0
10109870DIASG_2025-07-07_G35,10109870DIASG,2025-07-07,110787,1,16,0,457.0
10109870DIASG_2025-07-07_G36,10109870DIASG,2025-07-07,110741,1,4,0,144.0
10109870DIASG_2025-07-07_G37,10109870DIASG,2025-07-07,110515,1,10,0,138.0
10109870DIASG_2025-07-07_G38,10109870DIASG,2025-07-07,111467,1,4,0,177.0
10109870DIASG_2025-07-07_G39,10109870DIASG,2025-07-07,117935,1,6,0,121.0
10109870DIASG_2025-07-07_G40,10109870DIASG,2025-07-07,109643,1,6,0,148.0
10109870DIASG_2025-07-07_G41,10109870DIASG,2025-07-07,117822,1,1,0,112.0
10109870DIASG_2025-07-07_G42,10109870DIASG,2025-07-07,111441,1,4,0,154.0
10109870DIASG_2025-07-07_G43,10109870DIASG,2025-07-07,110756,1,2,0,788.0
10109870DIASG_2025-07-07_G44,10109870DIASG,2025-07-07,117855,1,22,0,669.0
10109870DIASG_2025-07-07_G45,10109870DIASG,2025-07-07,108772,1,2,0,286.0
10109870DIASG_2025-07-07_G46,10109870DIASG,2025-07-07,111530,1,40,0,533.0
10109870DIASG_2025-07-07_G47,10109870DIASG,2025-07-07,110313,1,12,0,639.0
10109870DIASG_2025-07-07_G48,10109870DIASG,2025-07-07,110372,1,1400,0,1859.0
10109870DIASG_2025-07-08_G02,10109870DIASG,2025-07-08,110325,1,9,0,299.0
10109870DIASG_2025-07-08_G03,10109870DIASG,2025-07-08,110374,1,10,0,771.0
10109870DIASG_2025-07-08_G04,10109870DIASG,2025-07-08,117820,1,14,0,386.0
10109870DIASG_2025-07-08_G05,10109870DIASG,2025-07-08,111466,1,6,0,222.0
10109870DIASG_2025-07-08_G06,10109870DIASG,2025-07-08,111462,1,3,0,105.0
10109870DIASG_2025-07-08_G07,10109870DIASG,2025-07-08,118140,2,10,30,107.0
10109870DIASG_2025-07-08_G08,10109870DIASG,2025-07-08,110373,2,46,19,525.0
10109870DIASG_2025-07-08_G09,10109870DIASG,2025-07-08,108711,1,2,0,791.0
10109870DIASG_2025-07-08_G10,10109870DIASG,2025-07-08,111469,2,19,8,161.0
10109870DIASG_2025-07-08_G11,10109870DIASG,2025-07-08,118094,1,13,0,568.0
10109870DIASG_2025-07-08_G12,10109870DIASG,2025-07-08,110339,1,9,0,110.0
10109870DIASG_2025-07-08_G13,10109870DIASG,2025-07-08,117786,1,2,0,158.0
10109870DIASG_2025-07-08_G14,10109870DIASG,2025-07-08,111602,1,20,0,211.0
10109870DIASG_2025-07-08_G15,10109870DIASG,2025-07-08,111530,1,2,0,109.0
10109870DIASG_2025-07-08_G16,10109870DIASG,2025-07-08,117856,1,6,0,120.0
10109870DIASG_2025-07-08_G17,10109870DIASG,2025-07-08,117856,1,8,0,174.0
10109870DIASG_2025-07-08_G18,10109870DIASG,2025-07-08,117820,1,5,0,290.0
10109870DIASG_2025-07-08_G19,10109870DIASG,2025-07-08,110372,1,15,0,209.0
10109870DIASG_2025-07-08_G20,10109870DIASG,2025-07-08,110747,1,4,0,157.0
10109870DIASG_2025-07-08_G21,10109870DIASG,2025-07-08,111655,1,6,0,118.0
10109870DIASG_2025-07-08_G22,10109870DIASG,2025-07-08,110755,1,6,0,571.0
10109870DIASG_2025-07-08_G23,10109870DIASG,2025-07-08,111569,1,12,0,212.0
10109870DIASG_2025-07-08_G24,10109870DIASG,2025-07-08,116527,1,2,0,42.0
10109870DIASG_2025-07-08_G25,10109870DIASG,2025-07-08,110742,1,235,0,2021.0
10109870DIASG_2025-07-08_G26,10109870DIASG,2025-07-08,110747,1,46,0,381.0
10109870DIASG_2025-07-08_G27,10109870DIASG,2025-07-08,110755,1,22,0,524.0
10109870DIASG_2025-07-08_G28,10109870DIASG,2025-07-08,110742,1,30,0,376.0
10109870DIASG_2025-07-08_G31,10109870DIASG,2025-07-08,111469,1,70,0,857.0
10109870DIASG_2025-07-08_G32,10109870DIASG,2025-07-08,108798,1,4,0,230.0
10109870DIASG_2025-07-08_G33,10109870DIASG,2025-07-08,111418,1,240,0,524.0
10109870DIASG_2025-07-08_G34,10109870DIASG,2025-07-08,111348,1,6,0,459.0
10109870DIASG_2025-07-08_G35,10109870DIASG,2025-07-08,111466,1,56,0,435.0
10109870DIASG_2025-07-08_G36,10109870DIASG,2025-07-08,110582,1,5,0,1196.0
10109870DIASG_2025-07-08_G37,10109870DIASG,2025-07-08,111430,1,2,0,87.0
10109870DIASG_2025-07-08_G38,10109870DIASG,2025-07-08,111850,1,11,0,190.0
10109870DIASG_2025-07-08_G39,10109870DIASG,2025-07-08,107254,1,4,0,155.0
10109870DIASG_2025-07-08_G40,10109870DIASG,2025-07-08,111861,1,7,0,157.0
10109870DIASG_2025-07-08_G41,10109870DIASG,2025-07-08,108770,1,11,0,244.0
10109870DIASG_2025-07-08_G42,10109870DIASG,2025-07-08,117789,1,6,0,88.0
10109870DIASG_2025-07-09_G02,10109870DIASG,2025-07-09,117836,1,2,0,497.0
10109870DIASG_2025-07-09_G03,10109870DIASG,2025-07-09,118299,1,4,0,135.0
10109870DIASG_2025-07-09_G04,10109870DIASG,2025-07-09,109643,1,8,0,130.0
10109870DIASG_2025-07-09_G05,10109870DIASG,2025-07-09,117820,1,20,0,193.0
10109870DIASG_2025-07-09_G06,10109870DIASG,2025-07-09,110374,1,16,0,331.0
10109870DIASG_2025-07-09_G07,10109870DIASG,2025-07-09,110373,1,10,0,153.0
10109870DIASG_2025-07-09_G08,10109870DIASG,2025-07-09,111418,1,16,0,424.0
10109870DIASG_2025-07-09_G09,10109870DIASG,2025-07-09,117853,1,4,0,223.0
10109870DIASG_2025-07-09_G10,10109870DIASG,2025-07-09,110787,1,3,0,170.0
10109870DIASG_2025-07-09_G11,10109870DIASG,2025-07-09,117862,1,4,0,169.0
10109870DIASG_2025-07-09_G12,10109870DIASG,2025-07-09,117856,1,2,0,465.0
10109870DIASG_2025-07-09_G13,10109870DIASG,2025-07-09,111469,1,4,0,100.0
10109870DIASG_2025-07-09_G14,10109870DIASG,2025-07-09,111418,1,4,0,77.0
10109870DIASG_2025-07-09_G15,10109870DIASG,2025-07-09,110740,1,2,0,52.0
10109870DIASG_2025-07-09_G16,10109870DIASG,2025-07-09,117809,1,4,0,125.0
10109870DIASG_2025-07-09_G17,10109870DIASG,2025-07-09,117808,1,12,0,99.0
10109870DIASG_2025-07-09_G18,10109870DIASG,2025-07-09,118299,1,12,0,121.0
10109870DIASG_2025-07-09_G19,10109870DIASG,2025-07-09,117838,1,2,0,213.0
10109870DIASG_2025-07-09_G20,10109870DIASG,2025-07-09,117853,2,8,28,104.0
10109870DIASG_2025-07-09_G21,10109870DIASG,2025-07-09,111418,1,16,0,2499.0
10109870DIASG_2025-07-09_G22,10109870DIASG,2025-07-09,118253,1,15,0,862.0
10109870DIASG_2025-07-09_G23,10109870DIASG,2025-07-09,111569,1,30,0,648.0
10109870DIASG_2025-07-09_G24,10109870DIASG,2025-07-09,118251,1,4,0,665.0
10109870DIASG_2025-07-09_G25,10109870DIASG,2025-07-09,111463,1,6,0,947.0
10109870DIASG_2025-07-09_G26,10109870DIASG,2025-07-09,116241,1,4,0,111.0
10109870DIASG_2025-07-09_G27,10109870DIASG,2025-07-09,111469,1,2,0,64.0
10109870DIASG_2025-07-09_G28,10109870DIASG,2025-07-09,111466,1,4,0,92.0
10109870DIASG_2025-07-09_G29,10109870DIASG,2025-07-09,117821,1,4,0,53.0
10109870DIASG_2025-07-09_G30,10109870DIASG,2025-07-09,117808,1,10,0,198.0
10109870DIASG_2025-07-09_G31,10109870DIASG,2025-07-09,118299,1,9,0,99.0
10109870DIASG_2025-07-09_G32,10109870DIASG,2025-07-09,117820,1,5,0,105.0
10109870DIASG_2025-07-09_G33,10109870DIASG,2025-07-09,110371,1,4,0,141.0
10109870DIASG_2025-07-09_G34,10109870DIASG,2025-07-09,117789,1,1,0,193.0
10109870DIASG_2025-07-09_G35,10109870DIASG,2025-07-09,107236,1,4,0,290.0
10109870DIASG_2025-07-09_G36,10109870DIASG,2025-07-09,111447,1,5,0,234.0
10109870DIASG_2025-07-09_G37,10109870DIASG,2025-07-09,107830,1,10,0,190.0
10109870DIASG_2025-07-09_G39,10109870DIASG,2025-07-09,111879,1,100,0,645.0
10109870DIASG_2025-07-09_G41,10109870DIASG,2025-07-09,117833,1,55,0,347.0
10109870DIASG_2025-07-09_G42,10109870DIASG,2025-07-09,116241,1,200,0,511.0
10109870DIASG_2025-07-09_G43,10109870DIASG,2025-07-09,110375,1,20,0,752.0
10109870DIASG_2025-07-09_G44,10109870DIASG,2025-07-09,110372,1,250,0,744.0
10109870DIASG_2025-07-09_G45,10109870DIASG,2025-07-09,141202,1,27,0,619.0
10109870DIASG_2025-07-10_G02,10109870DIASG,2025-07-10,111602,1,8,0,146.0
10109870DIASG_2025-07-10_G03,10109870DIASG,2025-07-10,117808,1,2,0,190.0
10109870DIASG_2025-07-10_G04,10109870DIASG,2025-07-10,118299,1,2,0,71.0
10109870DIASG_2025-07-10_G05,10109870DIASG,2025-07-10,110711,1,2,0,207.0
10109870DIASG_2025-07-10_G06,10109870DIASG,2025-07-10,118140,1,4,0,221.0
10109870DIASG_2025-07-10_G07,10109870DIASG,2025-07-10,108711,1,8,0,1372.0
10109870DIASG_2025-07-10_G08,10109870DIASG,2025-07-10,110787,1,4,0,118.0
10109870DIASG_2025-07-10_G10,10109870DIASG,2025-07-10,111569,1,6,0,1707.0
10109870DIASG_2025-07-10_G11,10109870DIASG,2025-07-10,117832,1,4,0,106.0
10109870DIASG_2025-07-10_G12,10109870DIASG,2025-07-10,117808,1,40,0,197.0
10109870DIASG_2025-07-10_G13,10109870DIASG,2025-07-10,110372,1,12,0,181.0
10109870DIASG_2025-07-10_G14,10109870DIASG,2025-07-10,110371,1,10,0,120.0
10109870DIASG_2025-07-10_G15,10109870DIASG,2025-07-10,117830,1,4,0,84.0
10109870DIASG_2025-07-10_G16,10109870DIASG,2025-07-10,110373,1,15,0,183.0
10109870DIASG_2025-07-10_G17,10109870DIASG,2025-07-10,105705,1,10,0,378.0
10109870DIASG_2025-07-10_G18,10109870DIASG,2025-07-10,111466,1,13,0,182.0
10109870DIASG_2025-07-10_G19,10109870DIASG,2025-07-10,118317,1,8,0,128.0
10109870DIASG_2025-07-10_G20,10109870DIASG,2025-07-10,111465,1,9,0,113.0
10109870DIASG_2025-07-10_G21,10109870DIASG,2025-07-10,118140,1,26,0,393.0
10109870DIASG_2025-07-10_G22,10109870DIASG,2025-07-10,108795,1,6,0,715.0
10109870DIASG_2025-07-10_G23,10109870DIASG,2025-07-10,111348,1,4,0,107.0
10109870DIASG_2025-07-10_G24,10109870DIASG,2025-07-10,111743,1,4,0,93.0
10109870DIASG_2025-07-10_G25,10109870DIASG,2025-07-10,111532,1,4,0,75.0
10109870DIASG_2025-07-10_G26,10109870DIASG,2025-07-10,111431,1,4,0,45.0
10109870DIASG_2025-07-10_G27,10109870DIASG,2025-07-10,111418,1,14,0,129.0
10109870DIASG_2025-07-10_G28,10109870DIASG,2025-07-10,117785,1,10,0,105.0
10109870DIASG_2025-07-10_G29,10109870DIASG,2025-07-10,111442,1,5,0,74.0
10109870DIASG_2025-07-10_G30,10109870DIASG,2025-07-10,111469,1,9,0,252.0
10109870DIASG_2025-07-10_G31,10109870DIASG,2025-07-10,110895,1,5,0,649.0
10109870DIASG_2025-07-10_G32,10109870DIASG,2025-07-10,111466,1,4,0,166.0
10109870DIASG_2025-07-10_G33,10109870DIASG,2025-07-10,111602,1,4,0,150.0
10109870DIASG_2025-07-10_G34,10109870DIASG,2025-07-10,111743,1,2,0,157.0
10109870DIASG_2025-07-10_G35,10109870DIASG,2025-07-10,117820,1,3,0,129.0
10109870DIASG_2025-07-10_G36,10109870DIASG,2025-07-10,110500,1,1,0,241.0
10109870DIASG_2025-07-10_G37,10109870DIASG,2025-07-10,140922,1,2,0,226.0
10109870DIASG_2025-07-10_G38,10109870DIASG,2025-07-10,111602,1,8,0,176.0
10109870DIASG_2025-07-10_G39,10109870DIASG,2025-07-10,108795,1,4,0,279.0
10109870DIASG_2025-07-10_G40,10109870DIASG,2025-07-10,118140,1,4,0,110.0
10109870DIASG_2025-07-10_G41,10109870DIASG,2025-07-10,140922,1,2,0,82.0
10109870DIASG_2025-07-10_G42,10109870DIASG,2025-07-10,108711,1,4,0,129.0
10109870DIASG_2025-07-10_G43,10109870DIASG,2025-07-10,110711,1,4,0,122.0
10109870DIASG_2025-07-10_G44,10109870DIASG,2025-07-10,111602,1,12,0,368.0
10109870DIASG_2025-07-11_G02,10109870DIASG,2025-07-11,110741,1,50,0,305.0
10109870DIASG_2025-07-11_G03,10109870DIASG,2025-07-11,108772,1,20,0,442.0
10109870DIASG_2025-07-11_G04,10109870DIASG,2025-07-11,105705,1,4,0,1043.0
10109870DIASG_2025-07-11_G05,10109870DIASG,2025-07-11,111602,1,8,0,995.0
10109870DIASG_2025-07-11_G06,10109870DIASG,2025-07-11,118222,1,4,0,203.0
10109870DIASG_2025-07-11_G07,10109870DIASG,2025-07-11,108711,1,8,0,288.0
10109870DIASG_2025-07-11_G08,10109870DIASG,2025-07-11,110325,1,20,0,272.0
10109870DIASG_2025-07-11_G09,10109870DIASG,2025-07-11,110711,1,4,0,136.0
10109870DIASG_2025-07-11_G10,10109870DIASG,2025-07-11,111602,1,12,0,264.0
10109870DIASG_2025-07-11_G11,10109870DIASG,2025-07-11,118140,1,20,0,659.0
10109870DIASG_2025-07-11_G12,10109870DIASG,2025-07-11,111466,1,8,0,632.0
10109870DIASG_2025-07-11_G13,10109870DIASG,2025-07-11,111602,1,8,0,220.0
10109870DIASG_2025-07-11_G14,10109870DIASG,2025-07-11,140922,1,2,0,1408.0
10109870DIASG_2025-07-11_G15,10109870DIASG,2025-07-11,105242,1,2,0,233.0
10109870DIASG_2025-07-11_G16,10109870DIASG,2025-07-11,117831,1,4,0,187.0
10109870DIASG_2025-07-11_G17,10109870DIASG,2025-07-11,111466,1,4,0,115.0
10109870DIASG_2025-07-11_G18,10109870DIASG,2025-07-11,111465,1,8,0,1317.0
10109870DIASG_2025-07-11_G19,10109870DIASG,2025-07-11,111602,1,40,0,143.0
10109870DIASG_2025-07-11_G20,10109870DIASG,2025-07-11,110313,1,8,0,477.0
10109870DIASG_2025-07-11_G22,10109870DIASG,2025-07-11,110751,1,4,0,141.0
10109870DIASG_2025-07-11_G23,10109870DIASG,2025-07-11,111443,2,12,15,151.0
10109870DIASG_2025-07-11_G24,10109870DIASG,2025-07-11,140922,1,20,0,361.0
10109870DIASG_2025-07-11_G25,10109870DIASG,2025-07-11,111462,1,30,0,278.0
10109870DIASG_2025-07-11_G26,10109870DIASG,2025-07-11,117821,1,40,0,1939.0
10109870DIASG_2025-07-11_G27,10109870DIASG,2025-07-11,117831,1,40,0,535.0
10109870DIASG_2025-07-11_G28,10109870DIASG,2025-07-11,111435,1,4,0,264.0
10109870DIASG_2025-07-11_G29,10109870DIASG,2025-07-11,105705,1,15,0,225.0
10109870DIASG_2025-07-11_G30,10109870DIASG,2025-07-11,111172,1,16,0,341.0
10109870DIASG_2025-07-11_G31,10109870DIASG,2025-07-11,117842,1,6,0,312.0
10109870DIASG_2025-07-11_G32,10109870DIASG,2025-07-11,109641,1,5,0,69.0
10109870DIASG_2025-07-11_G33,10109870DIASG,2025-07-11,109645,1,2,0,32.0
10109870DIASG_2025-07-11_G34,10109870DIASG,2025-07-11,111330,1,8,0,103.0
10109870DIASG_2025-07-11_G35,10109870DIASG,2025-07-11,116241,1,10,0,123.0
10109870DIASG_2025-07-11_G36,10109870DIASG,2025-07-11,111444,1,4,0,116.0
10109870DIASG_2025-07-11_G37,10109870DIASG,2025-07-11,111466,1,1,0,37.0
10109870DIASG_2025-07-11_G38,10109870DIASG,2025-07-11,111418,1,100,0,344.0
10109870DIASG_2025-07-11_G39,10109870DIASG,2025-07-11,117808,1,270,0,1103.0
10109870DIASG_2025-07-11_G40,10109870DIASG,2025-07-11,110372,1,100,0,1477.0
10109870DIASG_2025-07-11_G41,10109870DIASG,2025-07-11,110376,1,2,0,191.0
10109870DIASG_2025-07-11_G42,10109870DIASG,2025-07-11,110373,1,150,0,358.0
10109870DIASG_2025-07-11_G43,10109870DIASG,2025-07-11,117935,1,6,0,361.0
10109870DIASG_2025-07-11_G44,10109870DIASG,2025-07-11,110752,1,2,0,60.0
10109870DIASG_2025-07-11_G45,10109870DIASG,2025-07-11,110313,1,20,0,415.0
10109870DIASG_2025-07-11_G46,10109870DIASG,2025-07-11,110313,1,24,0,124.0
10109870DIASG_2025-07-11_G47,10109870DIASG,2025-07-11,118222,1,80,0,1111.0
10109870DIASG_2025-07-11_G48,10109870DIASG,2025-07-11,111441,1,20,0,303.0
10109870DIASG_2025-07-11_G49,10109870DIASG,2025-07-11,111438,1,8,0,365.0
10109870DIASG_2025-07-11_G50,10109870DIASG,2025-07-11,105705,1,1,0,286.0
10109870DIASG_2025-07-12_G02,10109870DIASG,2025-07-12,111876,1,5,0,306.0
10109870DIASG_2025-07-12_G03,10109870DIASG,2025-07-12,141047,1,20,0,285.0
10109870DIASG_2025-07-12_G04,10109870DIASG,2025-07-12,109647,1,4,0,118.0
10109870DIASG_2025-07-12_G05,10109870DIASG,2025-07-12,111879,1,4,0,91.0
10109870DIASG_2025-07-12_G06,10109870DIASG,2025-07-12,110711,1,13,0,174.0
10109870DIASG_2025-07-12_G07,10109870DIASG,2025-07-12,117855,1,40,0,442.0
10109870DIASG_2025-07-12_G08,10109870DIASG,2025-07-12,111602,1,50,0,363.0
10109870DIASG_2025-07-12_G09,10109870DIASG,2025-07-12,101217,1,4,0,252.0
10109870DIASG_2025-07-12_G10,10109870DIASG,2025-07-12,117856,1,12,0,197.0
10109870DIASG_2025-07-12_G11,10109870DIASG,2025-07-12,117935,1,14,0,429.0
10109870DIASG_2025-07-12_G12,10109870DIASG,2025-07-12,111467,1,12,0,180.0
10109870DIASG_2025-07-12_G13,10109870DIASG,2025-07-12,110742,1,10,0,292.0
10109870DIASG_2025-07-12_G14,10109870DIASG,2025-07-12,111430,1,2,0,65.0
10109870DIASG_2025-07-12_G15,10109870DIASG,2025-07-12,118222,1,40,0,169.0
10109870DIASG_2025-07-12_G16,10109870DIASG,2025-07-12,111438,1,4,0,3009.0
10109870DIASG_2025-07-12_G17,10109870DIASG,2025-07-12,111569,1,12,0,292.0
10109870DIASG_2025-07-12_G18,10109870DIASG,2025-07-12,117785,1,45,0,722.0
10109870DIASG_2025-07-12_G19,10109870DIASG,2025-07-12,109643,1,25,0,474.0
10109870DIASG_2025-07-12_G20,10109870DIASG,2025-07-12,111463,1,40,0,1757.0
10109870DIASG_2025-07-12_G21,10109870DIASG,2025-07-12,110372,1,100,0,735.0
10109870DIASG_2025-07-14_G02,10109870DIASG,2025-07-14,118140,1,8,0,156.0
10109870DIASG_2025-07-14_G03,10109870DIASG,2025-07-14,117830,1,2,0,184.0
10109870DIASG_2025-07-14_G04,10109870DIASG,2025-07-14,117822,1,2,0,125.0
10109870DIASG_2025-07-14_G05,10109870DIASG,2025-07-14,110373,1,4,0,103.0
10109870DIASG_2025-07-14_G06,10109870DIASG,2025-07-14,118299,1,4,0,1427.0
10109870DIASG_2025-07-14_G07,10109870DIASG,2025-07-14,117820,1,6,0,284.0
10109870DIASG_2025-07-14_G08,10109870DIASG,2025-07-14,111462,1,6,0,141.0
10109870DIASG_2025-07-14_G09,10109870DIASG,2025-07-14,111469,1,6,0,147.0
10109870DIASG_2025-07-14_G10,10109870DIASG,2025-07-14,111532,1,13,0,262.0
10109870DIASG_2025-07-14_G11,10109870DIASG,2025-07-14,117820,1,8,0,198.0
10109870DIASG_2025-07-14_G12,10109870DIASG,2025-07-14,118140,1,4,0,112.0
10109870DIASG_2025-07-14_G13,10109870DIASG,2025-07-14,117785,1,4,0,129.0
10109870DIASG_2025-07-14_G14,10109870DIASG,2025-07-14,117831,1,4,0,112.0
10109870DIASG_2025-07-14_G15,10109870DIASG,2025-07-14,110711,1,4,0,149.0
10109870DIASG_2025-07-14_G16,10109870DIASG,2025-07-14,111602,1,8,0,147.0
10109870DIASG_2025-07-14_G17,10109870DIASG,2025-07-14,118299,1,1,0,826.0
10109870DIASG_2025-07-14_G18,10109870DIASG,2025-07-14,110373,1,8,0,207.0
10109870DIASG_2025-07-14_G19,10109870DIASG,2025-07-14,117831,1,4,0,132.0
10109870DIASG_2025-07-14_G20,10109870DIASG,2025-07-14,111602,1,4,0,50.0
10109870DIASG_2025-07-14_G21,10109870DIASG,2025-07-14,111348,1,2,0,443.0
10109870DIASG_2025-07-14_G22,10109870DIASG,2025-07-14,111743,1,6,0,211.0
10109870DIASG_2025-07-14_G23,10109870DIASG,2025-07-14,117833,1,2,0,153.0
10109870DIASG_2025-07-14_G24,10109870DIASG,2025-07-14,108798,1,5,0,566.0
10109870DIASG_2025-07-14_G25,10109870DIASG,2025-07-14,118317,1,4,0,130.0
10109870DIASG_2025-07-14_G26,10109870DIASG,2025-07-14,111442,1,4,0,94.0
10109870DIASG_2025-07-14_G27,10109870DIASG,2025-07-14,111467,1,2,0,139.0
10109870DIASG_2025-07-14_G28,10109870DIASG,2025-07-14,110752,1,3,0,81.0
10109870DIASG_2025-07-14_G29,10109870DIASG,2025-07-14,118222,1,9,0,583.0
10109870DIASG_2025-07-14_G30,10109870DIASG,2025-07-14,140911,1,8,0,894.0
10109870DIASG_2025-07-14_G32,10109870DIASG,2025-07-14,118417,1,5,0,119.0
10109870DIASG_2025-07-14_G33,10109870DIASG,2025-07-14,108770,1,4,0,739.0
10109870DIASG_2025-07-14_G34,10109870DIASG,2025-07-14,111602,1,1,0,85.0
10109870DIASG_2025-07-14_G35,10109870DIASG,2025-07-14,111462,1,1,0,372.0
10109870DIASG_2025-07-14_G36,10109870DIASG,2025-07-14,109643,1,4,0,187.0
10109870DIASG_2025-07-14_G37,10109870DIASG,2025-07-14,110787,1,12,0,257.0
10109870DIASG_2025-07-14_G38,10109870DIASG,2025-07-14,111602,1,9,0,58.0
10109870DIASG_2025-07-14_G39,10109870DIASG,2025-07-14,110313,1,4,0,531.0
10109870DIASG_2025-07-14_G40,10109870DIASG,2025-07-14,140911,1,12,0,253.0
10109870DIASG_2025-07-14_G41,10109870DIASG,2025-07-14,110582,1,4,0,166.0
10109870DIASG_2025-07-14_G42,10109870DIASG,2025-07-14,"111602, 110313",2,5,7,143.0
10109870DIASG_2025-07-14_G43,10109870DIASG,2025-07-14,111532,1,6,0,197.0
10109870DIASG_2025-07-14_G44,10109870DIASG,2025-07-14,111430,1,1,0,749.0
10109870DIASG_2025-07-14_G45,10109870DIASG,2025-07-14,111430,1,4,0,385.0
10109870DIASG_2025-07-14_G46,10109870DIASG,2025-07-14,110515,1,3,0,73.0
10109870DIASG_2025-07-14_G47,10109870DIASG,2025-07-14,111602,1,2,0,738.0
10109870DIASG_2025-07-14_G48,10109870DIASG,2025-07-14,140911,1,6,0,2153.0
10109870DIASG_2025-07-14_G49,10109870DIASG,2025-07-14,111532,1,14,0,510.0
10109870DIASG_2025-07-14_G50,10109870DIASG,2025-07-14,111182,1,8,0,1024.0
10109870DIASG_2025-07-14_G51,10109870DIASG,2025-07-14,160055,1,4,0,47.0
10109870DIASG_2025-07-14_G52,10109870DIASG,2025-07-14,111462,2,8,9,87.0
10109870DIASG_2025-07-14_G53,10109870DIASG,2025-07-14,111532,1,6,0,192.0
10109870DIASG_2025-07-14_G54,10109870DIASG,2025-07-14,111532,1,18,0,232.0
10109870DIASG_2025-07-14_G55,10109870DIASG,2025-07-14,111463,1,14,0,162.0
10109870DIASG_2025-07-14_G56,10109870DIASG,2025-07-14,110787,1,4,0,102.0
10109870DIASG_2025-07-14_G57,10109870DIASG,2025-07-14,117785,1,10,0,138.0
10109870DIASG_2025-07-14_G58,10109870DIASG,2025-07-14,111442,1,9,0,879.0
10109870DIASG_2025-07-14_G59,10109870DIASG,2025-07-14,111468,1,5,0,109.0
10109870DIASG_2025-07-14_G60,10109870DIASG,2025-07-14,111569,1,4,0,100.0
10109870DIASG_2025-07-14_G61,10109870DIASG,2025-07-14,118094,1,8,0,85.0
10109870DIASG_2025-07-14_G62,10109870DIASG,2025-07-14,117786,1,4,0,190.0
10109870DIASG_2025-07-14_G63,10109870DIASG,2025-07-14,110515,1,12,0,149.0
10109870DIASG_2025-07-14_G64,10109870DIASG,2025-07-14,118403,1,4,0,79.0
10109870DIASG_2025-07-14_G65,10109870DIASG,2025-07-14,110313,1,2,0,63.0
10109870DIASG_2025-07-14_G66,10109870DIASG,2025-07-14,110313,1,6,0,77.0
10109870DIASG_2025-07-14_G67,10109870DIASG,2025-07-14,117856,1,6,0,115.0
10109870DIASG_2025-07-15_G02,10109870DIASG,2025-07-15,110339,1,1,0,67.0
10109870DIASG_2025-07-15_G03,10109870DIASG,2025-07-15,118298,1,3,0,112.0
10109870DIASG_2025-07-15_G04,10109870DIASG,2025-07-15,117862,1,23,0,227.0
10109870DIASG_2025-07-15_G05,10109870DIASG,2025-07-15,111467,1,14,0,168.0
10109870DIASG_2025-07-15_G06,10109870DIASG,2025-07-15,111439,1,9,0,253.0
10109870DIASG_2025-07-15_G07,10109870DIASG,2025-07-15,110515,1,113,0,726.0
10109870DIASG_2025-07-15_G08,10109870DIASG,2025-07-15,110313,1,4,0,303.0
10109870DIASG_2025-07-15_G09,10109870DIASG,2025-07-15,117935,1,16,0,262.0
10109870DIASG_2025-07-15_G10,10109870DIASG,2025-07-15,117786,1,78,0,499.0
10109870DIASG_2025-07-15_G11,10109870DIASG,2025-07-15,117785,1,103,0,1030.0
10109870DIASG_2025-07-15_G12,10109870DIASG,2025-07-15,111660,1,15,0,521.0
10109870DIASG_2025-07-15_G13,10109870DIASG,2025-07-15,117837,1,4,0,1326.0
10109870DIASG_2025-07-15_G14,10109870DIASG,2025-07-15,109647,1,9,0,294.0
10109870DIASG_2025-07-15_G15,10109870DIASG,2025-07-15,111602,1,15,0,276.0
10109870DIASG_2025-07-15_G16,10109870DIASG,2025-07-15,110515,1,115,0,580.0
10109870DIASG_2025-07-15_G17,10109870DIASG,2025-07-15,117856,1,34,0,404.0
10109870DIASG_2025-07-15_G18,10109870DIASG,2025-07-15,117855,1,52,0,641.0
10109870DIASG_2025-07-15_G20,10109870DIASG,2025-07-15,111532,1,4,0,98.0
10109870DIASG_2025-07-15_G21,10109870DIASG,2025-07-15,110740,1,8,0,120.0
10109870DIASG_2025-07-15_G22,10109870DIASG,2025-07-15,111602,1,2,0,67.0
10109870DIASG_2025-07-15_G23,10109870DIASG,2025-07-15,117809,1,200,0,637.0
10109870DIASG_2025-07-15_G24,10109870DIASG,2025-07-15,117808,1,343,0,471.0
10109870DIASG_2025-07-15_G25,10109870DIASG,2025-07-15,110374,1,200,0,632.0
10109870DIASG_2025-07-15_G26,10109870DIASG,2025-07-15,117830,1,200,0,1094.0
10109870DIASG_2025-07-15_G27,10109870DIASG,2025-07-15,117820,1,300,0,760.0
10109870DIASG_2025-07-15_G28,10109870DIASG,2025-07-15,140922,1,120,0,1318.0
10109870DIASG_2025-07-15_G29,10109870DIASG,2025-07-15,111462,1,100,0,244.0
10109870DIASG_2025-07-15_G30,10109870DIASG,2025-07-15,117821,1,100,0,253.0
10109870DIASG_2025-07-15_G31,10109870DIASG,2025-07-15,118223,1,4,0,320.0
10109870DIASG_2025-07-15_G32,10109870DIASG,2025-07-15,118317,1,14,0,140.0
10109870DIASG_2025-07-15_G33,10109870DIASG,2025-07-15,110112,1,4,0,149.0
10109870DIASG_2025-07-15_G34,10109870DIASG,2025-07-15,108770,1,10,0,279.0
10109870DIASG_2025-07-15_G35,10109870DIASG,2025-07-15,111468,1,80,0,407.0
10109870DIASG_2025-07-16_G02,10109870DIASG,2025-07-16,111462,1,4,0,114.0
10109870DIASG_2025-07-16_G03,10109870DIASG,2025-07-16,108711,1,1,0,176.0
10109870DIASG_2025-07-16_G04,10109870DIASG,2025-07-16,117785,1,5,0,339.0
10109870DIASG_2025-07-16_G05,10109870DIASG,2025-07-16,117831,1,1,0,129.0
10109870DIASG_2025-07-16_G06,10109870DIASG,2025-07-16,111466,1,14,0,226.0
10109870DIASG_2025-07-16_G07,10109870DIASG,2025-07-16,111469,1,15,0,228.0
10109870DIASG_2025-07-16_G08,10109870DIASG,2025-07-16,111465,1,4,0,98.0
10109870DIASG_2025-07-16_G09,10109870DIASG,2025-07-16,111468,1,4,0,78.0
10109870DIASG_2025-07-16_G10,10109870DIASG,2025-07-16,117786,1,3,0,154.0
10109870DIASG_2025-07-16_G11,10109870DIASG,2025-07-16,117862,1,2,0,142.0
10109870DIASG_2025-07-16_G12,10109870DIASG,2025-07-16,111467,1,3,0,85.0
10109870DIASG_2025-07-16_G13,10109870DIASG,2025-07-16,108794,1,2,0,260.0
10109870DIASG_2025-07-16_G14,10109870DIASG,2025-07-16,111462,1,5,0,105.0
10109870DIASG_2025-07-16_G15,10109870DIASG,2025-07-16,117821,1,1,0,70.0
10109870DIASG_2025-07-16_G16,10109870DIASG,2025-07-16,111418,1,21,0,220.0
10109870DIASG_2025-07-16_G17,10109870DIASG,2025-07-16,108711,1,2,0,218.0
10109870DIASG_2025-07-16_G18,10109870DIASG,2025-07-16,117785,1,4,0,111.0
10109870DIASG_2025-07-16_G19,10109870DIASG,2025-07-16,117831,1,3,0,65.0
10109870DIASG_2025-07-16_G20,10109870DIASG,2025-07-16,111465,1,1,0,610.0
10109870DIASG_2025-07-16_G21,10109870DIASG,2025-07-16,111468,1,1,0,313.0
10109870DIASG_2025-07-16_G22,10109870DIASG,2025-07-16,117786,1,2,0,138.0
10109870DIASG_2025-07-16_G23,10109870DIASG,2025-07-16,117862,1,4,0,116.0
10109870DIASG_2025-07-16_G24,10109870DIASG,2025-07-16,111172,1,2,0,672.0
10109870DIASG_2025-07-16_G25,10109870DIASG,2025-07-16,108794,1,1,0,225.0
10109870DIASG_2025-07-16_G26,10109870DIASG,2025-07-16,108711,1,1,0,90.0
10109870DIASG_2025-07-16_G27,10109870DIASG,2025-07-16,117831,1,2,0,112.0
10109870DIASG_2025-07-16_G28,10109870DIASG,2025-07-16,111466,1,2,0,34.0
10109870DIASG_2025-07-16_G29,10109870DIASG,2025-07-16,111468,1,3,0,125.0
10109870DIASG_2025-07-16_G30,10109870DIASG,2025-07-16,111705,1,1,0,1224.0
10109870DIASG_2025-07-16_G31,10109870DIASG,2025-07-16,118229,1,4,0,1283.0
10109870DIASG_2025-07-16_G32,10109870DIASG,2025-07-16,110746,1,2,0,204.0
10109870DIASG_2025-07-16_G33,10109870DIASG,2025-07-16,110582,1,2,0,206.0
10109870DIASG_2025-07-16_G34,10109870DIASG,2025-07-16,118253,1,4,0,166.0
10109870DIASG_2025-07-16_G35,10109870DIASG,2025-07-16,110743,1,6,0,237.0
10109870DIASG_2025-07-16_G37,10109870DIASG,2025-07-16,116241,1,14,0,158.0
10109870DIASG_2025-07-16_G38,10109870DIASG,2025-07-16,111879,1,10,0,253.0
10109870DIASG_2025-07-16_G39,10109870DIASG,2025-07-16,111876,1,23,0,399.0
10109870DIASG_2025-07-16_G40,10109870DIASG,2025-07-16,111437,1,27,0,676.0
10109870DIASG_2025-07-16_G41,10109870DIASG,2025-07-16,111441,1,12,0,359.0
10109870DIASG_2025-07-16_G42,10109870DIASG,2025-07-16,111569,1,15,0,180.0
10109870DIASG_2025-07-16_G43,10109870DIASG,2025-07-16,110325,1,50,0,2395.0
10109870DIASG_2025-07-16_G44,10109870DIASG,2025-07-16,109643,1,30,0,667.0
10109870DIASG_2025-07-16_G45,10109870DIASG,2025-07-16,117832,1,50,0,539.0
10109870DIASG_2025-07-16_G46,10109870DIASG,2025-07-16,110373,1,100,0,480.0
10109870DIASG_2025-07-17_G02,10109870DIASG,2025-07-17,117862,1,2,0,68.0
10109870DIASG_2025-07-17_G03,10109870DIASG,2025-07-17,"111462, 117821",2,3,29,75.0
10109870DIASG_2025-07-17_G04,10109870DIASG,2025-07-17,111418,1,1,0,86.0
10109870DIASG_2025-07-17_G05,10109870DIASG,2025-07-17,108711,1,4,0,72.0
10109870DIASG_2025-07-17_G06,10109870DIASG,2025-07-17,141823,1,2,0,81.0
10109870DIASG_2025-07-17_G07,10109870DIASG,2025-07-17,111469,1,3,0,75.0
10109870DIASG_2025-07-17_G08,10109870DIASG,2025-07-17,111465,1,2,0,56.0
10109870DIASG_2025-07-17_G09,10109870DIASG,2025-07-17,111468,1,4,0,76.0
10109870DIASG_2025-07-17_G10,10109870DIASG,2025-07-17,117830,1,8,0,200.0
10109870DIASG_2025-07-17_G11,10109870DIASG,2025-07-17,110372,1,17,0,194.0
10109870DIASG_2025-07-17_G12,10109870DIASG,2025-07-17,110371,1,8,0,359.0
10109870DIASG_2025-07-17_G14,10109870DIASG,2025-07-17,140922,1,13,0,227.0
10109870DIASG_2025-07-17_G15,10109870DIASG,2025-07-17,111462,1,44,0,94.0
10109870DIASG_2025-07-17_G16,10109870DIASG,2025-07-17,117821,1,1,0,82.0
10109870DIASG_2025-07-17_G17,10109870DIASG,2025-07-17,111532,1,80,0,1500.0
10109870DIASG_2025-07-17_G18,10109870DIASG,2025-07-17,111330,1,25,0,850.0
10109870DIASG_2025-07-17_G19,10109870DIASG,2025-07-17,117787,1,19,0,274.0
10109870DIASG_2025-07-17_G20,10109870DIASG,2025-07-17,117785,1,8,0,149.0
10109870DIASG_2025-07-17_G21,10109870DIASG,2025-07-17,117831,1,400,0,865.0
10109870DIASG_2025-07-17_G22,10109870DIASG,2025-07-17,118330,1,16,0,782.0
10109870DIASG_2025-07-17_G23,10109870DIASG,2025-07-17,111120,1,1,0,117.0
10109870DIASG_2025-07-17_G24,10109870DIASG,2025-07-17,110714,1,2,0,130.0
10109870DIASG_2025-07-17_G25,10109870DIASG,2025-07-17,110579,1,1,0,111.0
10109870DIASG_2025-07-17_G26,10109870DIASG,2025-07-17,110064,1,2,0,47.0
10109870DIASG_2025-07-17_G27,10109870DIASG,2025-07-17,110423,1,2,0,419.0
10109870DIASG_2025-07-17_G28,10109870DIASG,2025-07-17,115775,1,12,0,1627.0
10109870DIASG_2025-07-17_G29,10109870DIASG,2025-07-17,110579,1,4,0,373.0
10109870DIASG_2025-07-17_G30,10109870DIASG,2025-07-17,117821,1,30,0,207.0
10109870DIASG_2025-07-17_G31,10109870DIASG,2025-07-17,111418,1,250,0,2186.0
10109870DIASG_2025-07-17_G32,10109870DIASG,2025-07-17,117785,1,30,0,557.0
10109870DIASG_2025-07-17_G33,10109870DIASG,2025-07-17,111469,1,20,0,192.0
10109870DIASG_2025-07-17_G34,10109870DIASG,2025-07-17,107236,1,20,0,279.0
10109870DIASG_2025-07-18_G02,10109870DIASG,2025-07-18,111462,1,3,0,490.0
10109870DIASG_2025-07-18_G03,10109870DIASG,2025-07-18,117821,1,1,0,52.0
10109870DIASG_2025-07-18_G04,10109870DIASG,2025-07-18,111431,1,3,0,132.0
10109870DIASG_2025-07-18_G05,10109870DIASG,2025-07-18,111418,1,2,0,73.0
10109870DIASG_2025-07-18_G06,10109870DIASG,2025-07-18,117785,1,12,0,166.0
10109870DIASG_2025-07-18_G07,10109870DIASG,2025-07-18,111433,1,3,0,151.0
10109870DIASG_2025-07-18_G08,10109870DIASG,2025-07-18,111444,1,3,0,75.0
10109870DIASG_2025-07-18_G09,10109870DIASG,2025-07-18,111466,1,1,0,60.0
10109870DIASG_2025-07-18_G10,10109870DIASG,2025-07-18,111465,1,3,0,76.0
10109870DIASG_2025-07-18_G11,10109870DIASG,2025-07-18,111430,1,4,0,132.0
10109870DIASG_2025-07-18_G12,10109870DIASG,2025-07-18,111655,1,1,0,120.0
10109870DIASG_2025-07-18_G13,10109870DIASG,2025-07-18,117862,1,4,0,120.0
10109870DIASG_2025-07-18_G14,10109870DIASG,2025-07-18,111602,1,2,0,83.0
10109870DIASG_2025-07-18_G15,10109870DIASG,2025-07-18,109643,1,1,0,123.0
10109870DIASG_2025-07-18_G16,10109870DIASG,2025-07-18,110374,1,2,0,128.0
10109870DIASG_2025-07-18_G17,10109870DIASG,2025-07-18,118299,1,4,0,173.0
10109870DIASG_2025-07-18_G18,10109870DIASG,2025-07-18,117808,1,45,0,1052.0
10109870DIASG_2025-07-18_G19,10109870DIASG,2025-07-18,111530,1,4,0,216.0
10109870DIASG_2025-07-18_G20,10109870DIASG,2025-07-18,111530,1,1,0,45.0
10109870DIASG_2025-07-18_G21,10109870DIASG,2025-07-18,141823,1,8,0,369.0
10109870DIASG_2025-07-18_G22,10109870DIASG,2025-07-18,110747,1,4,0,195.0
10109870DIASG_2025-07-18_G23,10109870DIASG,2025-07-18,111850,1,1,0,73.0
10109870DIASG_2025-07-18_G24,10109870DIASG,2025-07-18,117861,1,4,0,130.0
10109870DIASG_2025-07-18_G25,10109870DIASG,2025-07-18,111602,1,6,0,44.0
10109870DIASG_2025-07-18_G26,10109870DIASG,2025-07-18,108798,1,1,0,145.0
10109870DIASG_2025-07-18_G27,10109870DIASG,2025-07-18,117831,1,2,0,124.0
10109870DIASG_2025-07-18_G28,10109870DIASG,2025-07-18,109643,1,2,0,139.0
10109870DIASG_2025-07-18_G29,10109870DIASG,2025-07-18,110371,1,12,0,145.0
10109870DIASG_2025-07-18_G30,10109870DIASG,2025-07-18,110372,1,8,0,309.0
10109870DIASG_2025-07-18_G31,10109870DIASG,2025-07-18,110373,1,8,0,776.0
10109870DIASG_2025-07-18_G32,10109870DIASG,2025-07-18,118299,1,6,0,74.0
10109870DIASG_2025-07-18_G33,10109870DIASG,2025-07-18,141202,1,1,0,75.0
10109870DIASG_2025-07-18_G34,10109870DIASG,2025-07-18,117820,1,50,0,631.0
10109870DIASG_2025-07-18_G35,10109870DIASG,2025-07-18,109643,1,60,0,563.0
10109870DIASG_2025-07-18_G36,10109870DIASG,2025-07-18,110372,1,21,0,384.0
10109870DIASG_2025-07-18_G37,10109870DIASG,2025-07-18,117840,1,16,0,298.0
10109870DIASG_2025-07-18_G38,10109870DIASG,2025-07-18,111469,1,100,0,780.0
10109870DIASG_2025-07-18_G40,10109870DIASG,2025-07-18,110711,1,1,0,55.0
10109870DIASG_2025-07-18_G41,10109870DIASG,2025-07-18,108795,1,4,0,134.0
10109870DIASG_2025-07-18_G42,10109870DIASG,2025-07-18,117833,1,2,0,56.0
10109870DIASG_2025-07-18_G43,10109870DIASG,2025-07-18,108798,1,2,0,56.0
10109870DIASG_2025-07-18_G44,10109870DIASG,2025-07-18,111330,1,4,0,122.0
10109870DIASG_2025-07-18_G45,10109870DIASG,2025-07-18,141823,1,4,0,98.0
10109870DIASG_2025-07-18_G46,10109870DIASG,2025-07-18,109643,1,2,0,147.0
10109870DIASG_2025-07-18_G47,10109870DIASG,2025-07-18,117809,1,2,0,59.0
10109870DIASG_2025-07-18_G48,10109870DIASG,2025-07-18,141202,1,2,0,190.0
10109870DIASG_2025-07-18_G49,10109870DIASG,2025-07-18,111172,1,4,0,260.0
10109870DIASG_2025-07-18_G50,10109870DIASG,2025-07-18,140922,1,6,0,122.0
10109870DIASG_2025-07-18_G51,10109870DIASG,2025-07-18,108794,1,6,0,61.0
10109870DIASG_2025-07-18_G52,10109870DIASG,2025-07-18,111462,1,6,0,116.0
10109870DIASG_2025-07-18_G53,10109870DIASG,2025-07-18,111418,1,7,0,126.0
10109870DIASG_2025-07-18_G54,10109870DIASG,2025-07-18,111466,1,6,0,125.0
10109870DIASG_2025-07-18_G55,10109870DIASG,2025-07-18,118442,1,2,0,732.0
10109870DIASG_2025-07-18_G56,10109870DIASG,2025-07-18,106179,1,2,0,213.0
10109870DIASG_2025-07-18_G57,10109870DIASG,2025-07-18,111620,1,2,0,156.0
10109870DIASG_2025-07-18_G58,10109870DIASG,2025-07-18,111850,1,2,0,105.0
10109870DIASG_2025-07-18_G59,10109870DIASG,2025-07-18,111120,1,2,0,132.0
10109870DIASG_2025-07-18_G60,10109870DIASG,2025-07-18,111110,1,2,0,138.0
10109870DIASG_2025-07-18_G61,10109870DIASG,2025-07-18,108770,1,6,0,199.0
10109870DIASG_2025-07-18_G62,10109870DIASG,2025-07-18,117935,1,2,0,492.0
10109870DIASG_2025-07-18_G63,10109870DIASG,2025-07-18,117862,1,2,0,116.0
10109870DIASG_2025-07-18_G64,10109870DIASG,2025-07-18,111467,1,1,0,75.0
10109870DIASG_2025-07-18_G65,10109870DIASG,2025-07-18,117855,1,3,0,59.0
10109870DIASG_2025-07-18_G66,10109870DIASG,2025-07-18,110752,1,2,0,91.0
10109870DIASG_2025-07-18_G67,10109870DIASG,2025-07-18,118299,1,21,0,382.0
10109870DIASG_2025-07-18_G68,10109870DIASG,2025-07-18,117785,1,13,0,243.0
10109870DIASG_2025-07-18_G69,10109870DIASG,2025-07-18,111530,1,2,0,499.0
10109870DIASG_2025-07-18_G70,10109870DIASG,2025-07-18,111530,1,1,0,61.0
10109870DIASG_2025-07-18_G71,10109870DIASG,2025-07-18,117855,1,2,0,101.0
10109870DIASG_2025-07-18_G72,10109870DIASG,2025-07-18,111530,1,3,0,108.0
10109870DIASG_2025-07-18_G73,10109870DIASG,2025-07-18,118223,1,8,0,164.0
10109870DIASG_2025-07-18_G74,10109870DIASG,2025-07-18,110373,1,4,0,194.0
10109870DIASG_2025-07-18_G75,10109870DIASG,2025-07-18,110373,1,10,0,107.0
10109870DIASG_2025-07-18_G76,10109870DIASG,2025-07-18,117935,1,5,0,235.0
10109870DIASG_2025-07-18_G77,10109870DIASG,2025-07-18,110711,1,8,0,358.0
10109870DIASG_2025-07-18_G78,10109870DIASG,2025-07-18,111530,1,8,0,390.0
10109870DIASG_2025-07-18_G79,10109870DIASG,2025-07-18,117855,1,2,0,129.0
10109870DIASG_2025-07-18_G80,10109870DIASG,2025-07-18,111530,1,3,0,101.0
10109870DIASG_2025-07-19_G02,10109870DIASG,2025-07-19,111876,1,4,0,67.0
10109870DIASG_2025-07-19_G03,10109870DIASG,2025-07-19,117786,1,20,0,285.0
10109870DIASG_2025-07-19_G04,10109870DIASG,2025-07-19,117837,1,8,0,212.0
10109870DIASG_2025-07-19_G05,10109870DIASG,2025-07-19,117853,1,4,0,83.0
10109870DIASG_2025-07-19_G06,10109870DIASG,2025-07-19,141047,1,4,0,49.0
10109870DIASG_2025-07-19_G07,10109870DIASG,2025-07-19,111602,1,10,0,246.0
10109870DIASG_2025-07-19_G08,10109870DIASG,2025-07-19,108772,1,4,0,81.0
10109870DIASG_2025-07-19_G09,10109870DIASG,2025-07-19,111530,1,3,0,94.0
10109870DIASG_2025-07-19_G10,10109870DIASG,2025-07-19,117856,1,4,0,106.0
10109870DIASG_2025-07-19_G11,10109870DIASG,2025-07-19,110325,1,8,0,150.0
10109870DIASG_2025-07-19_G12,10109870DIASG,2025-07-19,109643,1,12,0,100.0
10109870DIASG_2025-07-19_G13,10109870DIASG,2025-07-19,117830,1,25,0,200.0
10109870DIASG_2025-07-19_G14,10109870DIASG,2025-07-19,117832,1,8,0,260.0
10109870DIASG_2025-07-19_G15,10109870DIASG,2025-07-19,117809,1,40,0,233.0
10109870DIASG_2025-07-19_G16,10109870DIASG,2025-07-19,110371,1,110,0,296.0
10109870DIASG_2025-07-19_G17,10109870DIASG,2025-07-19,117808,1,600,0,1454.0
10109870DIASG_2025-07-19_G18,10109870DIASG,2025-07-19,110372,1,85,0,2582.0
10109870DIASG_2025-07-19_G19,10109870DIASG,2025-07-19,110374,1,40,0,518.0
10109870DIASG_2025-07-19_G20,10109870DIASG,2025-07-19,110325,1,1,0,506.0
10109870DIASG_2025-07-19_G21,10109870DIASG,2025-07-19,110371,1,2,0,65.0
10109870DIASG_2025-07-19_G22,10109870DIASG,2025-07-19,110374,1,1,0,151.0
10109870DIASG_2025-07-19_G23,10109870DIASG,2025-07-19,118299,1,6,0,102.0
10109870DIASG_2025-07-19_G24,10109870DIASG,2025-07-19,110372,1,8,0,103.0
10109870DIASG_2025-07-19_G25,10109870DIASG,2025-07-19,111418,1,3,0,134.0
10109870DIASG_2025-07-19_G26,10109870DIASG,2025-07-19,118140,1,1,0,1250.0
10109870DIASG_2025-07-19_G27,10109870DIASG,2025-07-19,100334,1,2,0,940.0
10109870DIASG_2025-07-19_G28,10109870DIASG,2025-07-19,111441,1,6,0,298.0
10109870DIASG_2025-07-19_G29,10109870DIASG,2025-07-19,111602,1,2,0,103.0
10109870DIASG_2025-07-19_G30,10109870DIASG,2025-07-19,111463,1,3,0,147.0
10109870DIASG_2025-07-19_G31,10109870DIASG,2025-07-19,117821,1,1,0,88.0
10109870DIASG_2025-07-19_G32,10109870DIASG,2025-07-19,111418,1,4,0,91.0
10109870DIASG_2025-07-19_G33,10109870DIASG,2025-07-19,118140,1,4,0,54.0
10109870DIASG_2025-07-19_G34,10109870DIASG,2025-07-19,111469,1,7,0,114.0
10109870DIASG_2025-07-19_G35,10109870DIASG,2025-07-19,110371,1,4,0,120.0
10109870DIASG_2025-07-19_G36,10109870DIASG,2025-07-19,110374,1,9,0,162.0
10109870DIASG_2025-07-19_G37,10109870DIASG,2025-07-19,118299,1,4,0,98.0
10109870DIASG_2025-07-19_G38,10109870DIASG,2025-07-19,117820,1,5,0,91.0
10109870DIASG_2025-07-19_G40,10109870DIASG,2025-07-19,111438,1,7,0,164.0
10109870DIASG_2025-07-19_G41,10109870DIASG,2025-07-19,111441,1,8,0,171.0
10109870DIASG_2025-07-19_G42,10109870DIASG,2025-07-19,111569,1,6,0,108.0
10109870DIASG_2025-07-19_G43,10109870DIASG,2025-07-19,110515,1,2,0,104.0
10109870DIASG_2025-07-19_G44,10109870DIASG,2025-07-19,111418,1,9,0,120.0
10109870DIASG_2025-07-19_G45,10109870DIASG,2025-07-19,109643,1,4,0,67.0
10109870DIASG_2025-07-19_G46,10109870DIASG,2025-07-19,110371,1,5,0,174.0
10109870DIASG_2025-07-19_G47,10109870DIASG,2025-07-19,110374,1,6,0,174.0
10109870DIASG_2025-07-19_G48,10109870DIASG,2025-07-19,117820,2,6,8,72.0
10109870DIASG_2025-07-19_G49,10109870DIASG,2025-07-19,111172,1,3,0,430.0
10109870DIASG_2025-07-19_G50,10109870DIASG,2025-07-19,118140,1,8,0,155.0
10109870DIASG_2025-07-19_G51,10109870DIASG,2025-07-19,108711,1,1,0,53.0
10109870DIASG_2025-07-19_G52,10109870DIASG,2025-07-19,108794,1,5,0,107.0
10109870DIASG_2025-07-19_G53,10109870DIASG,2025-07-19,117935,1,3,0,144.0
10109870DIASG_2025-07-19_G54,10109870DIASG,2025-07-19,111467,1,2,0,168.0
10109870DIASG_2025-07-19_G55,10109870DIASG,2025-07-19,111463,1,5,0,1409.0
10109870DIASG_2025-07-19_G56,10109870DIASG,2025-07-19,140922,1,5,0,81.0
10109870DIASG_2025-07-19_G57,10109870DIASG,2025-07-19,111418,1,4,0,103.0
10109870DIASG_2025-07-19_G58,10109870DIASG,2025-07-19,117831,1,4,0,97.0
10109870DIASG_2025-07-19_G59,10109870DIASG,2025-07-19,141823,1,6,0,67.0
10109870DIASG_2025-07-19_G60,10109870DIASG,2025-07-19,111465,1,5,0,99.0
10109870DIASG_2025-07-19_G61,10109870DIASG,2025-07-19,117830,1,11,0,173.0
10109870DIASG_2025-07-19_G62,10109870DIASG,2025-07-19,117808,1,18,0,112.0
10109870DIASG_2025-07-19_G63,10109870DIASG,2025-07-19,117808,1,26,0,828.0
10109870DIASG_2025-07-21_G03,10109870DIASG,2025-07-21,117808,1,800,0,1365.0
10109870DIASG_2025-07-21_G04,10109870DIASG,2025-07-21,118140,1,300,0,822.0
10109870DIASG_2025-07-21_G05,10109870DIASG,2025-07-21,117965,1,15,0,2797.0
10109870DIASG_2025-07-21_G06,10109870DIASG,2025-07-21,118094,1,12,0,234.0
10109870DIASG_2025-07-21_G07,10109870DIASG,2025-07-21,111876,1,3,0,78.0
10109870DIASG_2025-07-21_G08,10109870DIASG,2025-07-21,117837,1,8,0,147.0
10109870DIASG_2025-07-21_G09,10109870DIASG,2025-07-21,109647,1,8,0,131.0
10109870DIASG_2025-07-21_G10,10109870DIASG,2025-07-21,110711,1,8,0,158.0
10109870DIASG_2025-07-21_G11,10109870DIASG,2025-07-21,117855,1,24,0,210.0
10109870DIASG_2025-07-21_G12,10109870DIASG,2025-07-21,111602,1,10,0,189.0
10109870DIASG_2025-07-21_G13,10109870DIASG,2025-07-21,111530,1,8,0,135.0
10109870DIASG_2025-07-21_G14,10109870DIASG,2025-07-21,111439,1,10,0,653.0
10109870DIASG_2025-07-21_G15,10109870DIASG,2025-07-21,111469,1,44,0,539.0
10109870DIASG_2025-07-22_G02,10109870DIASG,2025-07-22,110373,1,6,0,123.0
10109870DIASG_2025-07-22_G03,10109870DIASG,2025-07-22,110371,1,2,0,91.0
10109870DIASG_2025-07-22_G04,10109870DIASG,2025-07-22,111172,1,8,0,243.0
10109870DIASG_2025-07-22_G05,10109870DIASG,2025-07-22,111462,1,12,0,159.0
10109870DIASG_2025-07-23_G02,10109870DIASG,2025-07-23,110755,1,4,0,213.0
10109870DIASG_2025-07-23_G03,10109870DIASG,2025-07-23,111441,1,12,0,295.0
10109870DIASG_2025-07-23_G04,10109870DIASG,2025-07-23,111660,1,12,0,385.0
10109870DIASG_2025-07-23_G05,10109870DIASG,2025-07-23,118416,1,6,0,976.0
10109870DIASG_2025-07-23_G06,10109870DIASG,2025-07-23,110339,1,18,0,256.0
10109870DIASG_2025-07-23_G07,10109870DIASG,2025-07-23,110313,1,20,0,304.0
10109870DIASG_2025-07-23_G08,10109870DIASG,2025-07-23,111467,1,40,0,753.0
10109870DIASG_2025-07-23_G09,10109870DIASG,2025-07-23,108772,1,20,0,528.0
10109870DIASG_2025-07-23_G10,10109870DIASG,2025-07-23,111530,1,50,0,337.0
10109870DIASG_2025-07-23_G11,10109870DIASG,2025-07-23,117856,1,30,0,1052.0
10109870DIASG_2025-07-23_G12,10109870DIASG,2025-07-23,115209,1,1,0,138.0
10109870DIASG_2025-07-23_G13,10109870DIASG,2025-07-23,111433,1,2,0,213.0
10109870DIASG_2025-07-23_G14,10109870DIASG,2025-07-23,117855,2,7,8,885.0
10109870DIASG_2025-07-23_G15,10109870DIASG,2025-07-23,117856,1,7,0,287.0
10109870DIASG_2025-07-23_G16,10109870DIASG,2025-07-23,111348,1,2,0,556.0
10109870DIASG_2025-07-23_G17,10109870DIASG,2025-07-23,109641,1,4,0,155.0
10109870DIASG_2025-07-23_G18,10109870DIASG,2025-07-23,117832,1,2,0,131.0
10109870DIASG_2025-07-23_G19,10109870DIASG,2025-07-23,110374,1,5,0,184.0
10109870DIASG_2025-07-23_G20,10109870DIASG,2025-07-23,118299,1,4,0,106.0
10109870DIASG_2025-07-23_G21,10109870DIASG,2025-07-23,110373,1,8,0,134.0
10109870DIASG_2025-07-23_G22,10109870DIASG,2025-07-23,110372,1,4,0,65.0
10109870DIASG_2025-07-23_G23,10109870DIASG,2025-07-23,117820,1,5,0,66.0
10109870DIASG_2025-07-23_G24,10109870DIASG,2025-07-23,117808,1,8,0,282.0
10109870DIASG_2025-07-23_G25,10109870DIASG,2025-07-23,111463,1,2,0,271.0
10109870DIASG_2025-07-23_G26,10109870DIASG,2025-07-23,109645,1,4,0,592.0
10109870DIASG_2025-07-23_G27,10109870DIASG,2025-07-23,118299,1,2,0,52.0
10109870DIASG_2025-07-23_G28,10109870DIASG,2025-07-23,110895,2,2,23,144.0
10109870DIASG_2025-07-23_G29,10109870DIASG,2025-07-23,111532,1,4,0,121.0
10109870DIASG_2025-07-23_G30,10109870DIASG,2025-07-23,111467,1,6,0,179.0
10109870DIASG_2025-07-23_G31,10109870DIASG,2025-07-23,111463,1,8,0,254.0
10109870DIASG_2025-07-23_G32,10109870DIASG,2025-07-23,117841,1,2,0,207.0
10109870DIASG_2025-07-23_G33,10109870DIASG,2025-07-23,111172,1,6,0,180.0
10109870DIASG_2025-07-23_G34,10109870DIASG,2025-07-23,118317,1,4,0,312.0
10109870DIASG_2025-07-23_G36,10109870DIASG,2025-07-23,110325,1,2,0,350.0
10109870DIASG_2025-07-23_G37,10109870DIASG,2025-07-23,117830,1,7,0,111.0
10109870DIASG_2025-07-23_G38,10109870DIASG,2025-07-23,110374,1,4,0,164.0
10109870DIASG_2025-07-23_G39,10109870DIASG,2025-07-23,110371,1,1,0,54.0
10109870DIASG_2025-07-23_G40,10109870DIASG,2025-07-23,118299,1,4,0,77.0
10109870DIASG_2025-07-23_G41,10109870DIASG,2025-07-23,110373,1,19,0,439.0
10109870DIASG_2025-07-23_G42,10109870DIASG,2025-07-23,109643,1,24,0,512.0
10109870DIASG_2025-07-23_G43,10109870DIASG,2025-07-23,110374,1,8,0,172.0
10109870DIASG_2025-07-23_G44,10109870DIASG,2025-07-23,111660,1,4,0,155.0
10109870DIASG_2025-07-23_G45,10109870DIASG,2025-07-23,111463,1,16,0,1414.0
10109870DIASG_2025-07-23_G46,10109870DIASG,2025-07-23,111743,1,4,0,303.0
10109870DIASG_2025-07-23_G47,10109870DIASG,2025-07-23,110129,1,4,0,98.0
10109870DIASG_2025-07-23_G48,10109870DIASG,2025-07-23,111348,1,2,0,259.0
10109870DIASG_2025-07-23_G49,10109870DIASG,2025-07-23,140922,1,2,0,124.0
10109870DIASG_2025-07-23_G50,10109870DIASG,2025-07-23,111418,1,14,0,140.0
10109870DIASG_2025-07-23_G51,10109870DIASG,2025-07-23,108711,1,2,0,81.0
10109870DIASG_2025-07-23_G52,10109870DIASG,2025-07-23,117838,1,2,0,47.0
10109870DIASG_2025-07-23_G53,10109870DIASG,2025-07-23,111462,1,12,0,105.0
10109870DIASG_2025-07-23_G54,10109870DIASG,2025-07-23,111466,1,10,0,129.0
10109870DIASG_2025-07-23_G55,10109870DIASG,2025-07-23,117831,1,13,0,366.0
10109870DIASG_2025-07-23_G56,10109870DIASG,2025-07-23,117821,1,6,0,117.0
10109870DIASG_2025-07-23_G57,10109870DIASG,2025-07-23,118140,1,4,0,215.0
10109870DIASG_2025-07-23_G58,10109870DIASG,2025-07-23,117785,1,8,0,1154.0
10109870DIASG_2025-07-23_G59,10109870DIASG,2025-07-23,108794,1,12,0,176.0
10109870DIASG_2025-07-23_G60,10109870DIASG,2025-07-23,141823,1,4,0,67.0
10109870DIASG_2025-07-23_G61,10109870DIASG,2025-07-23,108798,1,2,0,373.0
10109870DIASG_2025-07-23_G62,10109870DIASG,2025-07-23,111532,1,4,0,1262.0
10109870DIASG_2025-07-23_G63,10109870DIASG,2025-07-23,111469,1,4,0,361.0
10109870DIASG_2025-07-28_G02,10109870DIASG,2025-07-28,118317,1,20,0,321.0
10109870DIASG_2025-07-28_G03,10109870DIASG,2025-07-28,118364,1,8,0,1279.0
10109870DIASG_2025-07-28_G04,10109870DIASG,2025-07-28,116527,1,35,0,2106.0
10109870DIASG_2025-07-28_G05,10109870DIASG,2025-07-28,111660,1,10,0,202.0
10109870DIASG_2025-07-28_G06,10109870DIASG,2025-07-28,118229,1,20,0,1226.0
10109870DIASG_2025-07-28_G07,10109870DIASG,2025-07-28,141370,1,8,0,224.0
10109870DIASG_2025-07-28_G09,10109870DIASG,2025-07-28,111438,1,4,0,194.0
10109870DIASG_2025-07-28_G10,10109870DIASG,2025-07-28,111441,1,4,0,124.0
10109870DIASG_2025-07-28_G11,10109870DIASG,2025-07-28,111467,1,4,0,105.0
10109870DIASG_2025-07-28_G12,10109870DIASG,2025-07-28,117855,1,10,0,128.0
10109870DIASG_2025-07-28_G13,10109870DIASG,2025-07-28,111602,1,5,0,164.0
10109870DIASG_2025-07-28_G14,10109870DIASG,2025-07-28,117935,1,2,0,73.0
10109870DIASG_2025-07-28_G15,10109870DIASG,2025-07-28,141456,1,8,0,191.0
10109870DIASG_2025-07-28_G16,10109870DIASG,2025-07-28,141458,1,8,0,127.0
10109870DIASG_2025-07-28_G17,10109870DIASG,2025-07-28,117821,1,6,0,127.0
10109870DIASG_2025-07-28_G18,10109870DIASG,2025-07-28,109640,1,6,0,1589.0
10109870DIASG_2025-07-28_G19,10109870DIASG,2025-07-28,117861,1,2,0,108.0
10109870DIASG_2025-07-28_G20,10109870DIASG,2025-07-28,111467,1,4,0,90.0
10109870DIASG_2025-07-28_G21,10109870DIASG,2025-07-28,117855,1,10,0,254.0
10109870DIASG_2025-07-28_G22,10109870DIASG,2025-07-28,111602,1,2,0,122.0
10109870DIASG_2025-07-28_G23,10109870DIASG,2025-07-28,111530,1,4,0,163.0
10109870DIASG_2025-07-28_G24,10109870DIASG,2025-07-28,110752,1,2,0,119.0
10109870DIASG_2025-07-28_G25,10109870DIASG,2025-07-28,110325,1,4,0,372.0
10109870DIASG_2025-07-28_G26,10109870DIASG,2025-07-28,109643,1,3,0,81.0
10109870DIASG_2025-07-28_G27,10109870DIASG,2025-07-28,110373,1,24,0,370.0
10109870DIASG_2025-07-28_G28,10109870DIASG,2025-07-28,110372,1,4,0,144.0
10109870DIASG_2025-07-28_G29,10109870DIASG,2025-07-28,111441,1,2,0,139.0
10109870DIASG_2025-07-28_G30,10109870DIASG,2025-07-28,110742,1,4,0,116.0
10109870DIASG_2025-07-28_G31,10109870DIASG,2025-07-28,116241,1,4,0,200.0
10109870DIASG_2025-07-28_G32,10109870DIASG,2025-07-28,108794,1,3,0,93.0
10109870DIASG_2025-07-28_G33,10109870DIASG,2025-07-28,141457,1,8,0,182.0
10109870DIASG_2025-07-28_G34,10109870DIASG,2025-07-28,141271,1,8,0,215.0
10109870DIASG_2025-07-28_G35,10109870DIASG,2025-07-28,109647,1,16,0,1060.0
10109870DIASG_2025-07-28_G36,10109870DIASG,2025-07-28,109647,1,32,0,252.0
10109870DIASG_2025-07-29_G02,10109870DIASG,2025-07-29,111466,1,5,0,276.0
10109870DIASG_2025-07-29_G03,10109870DIASG,2025-07-29,141457,1,20,0,229.0
10109870DIASG_2025-07-29_G04,10109870DIASG,2025-07-29,110740,1,6,0,108.0
10109870DIASG_2025-07-29_G05,10109870DIASG,2025-07-29,110325,1,8,0,510.0
10109870DIASG_2025-07-29_G06,10109870DIASG,2025-07-29,107830,1,9,0,131.0
10109870DIASG_2025-07-29_G07,10109870DIASG,2025-07-29,110371,1,3,0,86.0
10109870DIASG_2025-07-29_G08,10109870DIASG,2025-07-29,110374,1,4,0,183.0
10109870DIASG_2025-07-29_G09,10109870DIASG,2025-07-29,111743,1,4,0,505.0
10109870DIASG_2025-07-29_G10,10109870DIASG,2025-07-29,141456,1,12,0,609.0
10109870DIASG_2025-07-29_G11,10109870DIASG,2025-07-29,141458,1,12,0,270.0
10109870DIASG_2025-07-29_G12,10109870DIASG,2025-07-29,117831,1,8,0,150.0
10109870DIASG_2025-07-29_G13,10109870DIASG,2025-07-29,141457,1,12,0,758.0
10109870DIASG_2025-07-29_G14,10109870DIASG,2025-07-29,110371,1,4,0,912.0
10109870DIASG_2025-07-29_G15,10109870DIASG,2025-07-29,111469,1,68,0,897.0
10109870DIASG_2025-07-29_G16,10109870DIASG,2025-07-29,118290,1,2,0,355.0
10109870DIASG_2025-07-29_G17,10109870DIASG,2025-07-29,109640,1,6,0,190.0
10109870DIASG_2025-07-29_G18,10109870DIASG,2025-07-29,141456,1,26,0,213.0
10109870DIASG_2025-07-29_G19,10109870DIASG,2025-07-29,141458,1,14,0,180.0
10109870DIASG_2025-07-29_G20,10109870DIASG,2025-07-29,109640,1,4,0,423.0
10109870DIASG_2025-07-29_G21,10109870DIASG,2025-07-29,141457,1,16,0,362.0
10109870DIASG_2025-07-29_G22,10109870DIASG,2025-07-29,141456,1,12,0,873.0
10109870DIASG_2025-07-29_G23,10109870DIASG,2025-07-29,141458,1,8,0,107.0
10109870DIASG_2025-07-29_G24,10109870DIASG,2025-07-29,141457,1,12,0,150.0
10109870DIASG_2025-07-29_G25,10109870DIASG,2025-07-29,110747,1,2,0,1093.0
10109870DIASG_2025-07-29_G26,10109870DIASG,2025-07-29,111441,1,4,0,152.0
10109870DIASG_2025-07-29_G27,10109870DIASG,2025-07-29,109643,1,2,0,123.0
10109870DIASG_2025-07-29_G28,10109870DIASG,2025-07-29,117830,1,13,0,139.0
10109870DIASG_2025-07-29_G29,10109870DIASG,2025-07-29,117809,1,11,0,147.0
10109870DIASG_2025-07-29_G30,10109870DIASG,2025-07-29,109648,1,4,0,88.0
10109870DIASG_2025-07-29_G31,10109870DIASG,2025-07-29,110376,1,2,0,121.0
10109870DIASG_2025-07-29_G32,10109870DIASG,2025-07-29,141202,1,20,0,897.0
10109870DIASG_2025-07-29_G33,10109870DIASG,2025-07-29,111172,1,1,0,212.0
10109870DIASG_2025-07-29_G34,10109870DIASG,2025-07-29,108795,1,6,0,110.0
10109870DIASG_2025-07-29_G35,10109870DIASG,2025-07-29,111418,1,19,0,195.0
10109870DIASG_2025-07-29_G36,10109870DIASG,2025-07-29,117833,1,6,0,130.0
10109870DIASG_2025-07-29_G37,10109870DIASG,2025-07-29,140922,1,3,0,45.0
10109870DIASG_2025-07-29_G38,10109870DIASG,2025-07-29,118140,1,11,0,171.0
10109870DIASG_2025-07-29_G39,10109870DIASG,2025-07-29,110745,1,4,0,119.0
10109870DIASG_2025-07-29_G40,10109870DIASG,2025-07-29,111433,1,4,0,78.0
10109870DIASG_2025-07-29_G41,10109870DIASG,2025-07-29,111442,1,4,0,84.0
10109870DIASG_2025-07-29_G42,10109870DIASG,2025-07-29,141458,1,60,0,873.0
10109870DIASG_2025-07-29_G44,10109870DIASG,2025-07-29,108711,1,8,0,186.0
10109870DIASG_2025-07-29_G45,10109870DIASG,2025-07-29,111466,1,20,0,409.0
10109870DIASG_2025-07-29_G46,10109870DIASG,2025-07-29,117787,1,4,0,143.0
10109870DIASG_2025-07-29_G47,10109870DIASG,2025-07-29,141457,1,36,0,704.0
10109870DIASG_2025-07-29_G48,10109870DIASG,2025-07-29,110787,1,10,0,555.0
10109870DIASG_2025-07-29_G49,10109870DIASG,2025-07-29,160054,1,4,0,155.0
10109870DIASG_2025-07-29_G50,10109870DIASG,2025-07-29,110339,1,1,0,93.0
10109870DIASG_2025-07-29_G51,10109870DIASG,2025-07-29,111602,1,1,0,112.0
10109870DIASG_2025-07-29_G52,10109870DIASG,2025-07-29,111741,1,12,0,290.0
10109870DIASG_2025-07-29_G53,10109870DIASG,2025-07-29,111634,1,11,0,282.0
10109870DIASG_2025-07-29_G54,10109870DIASG,2025-07-29,111722,1,50,0,793.0
10109870DIASG_2025-07-29_G55,10109870DIASG,2025-07-29,118191,1,30,0,267.0
10109870DIASG_2025-07-29_G56,10109870DIASG,2025-07-29,111751,1,20,0,462.0
10109870DIASG_2025-07-29_G57,10109870DIASG,2025-07-29,111728,1,4,0,601.0
10109870DIASG_2025-07-30_G02,10109870DIASG,2025-07-30,117855,1,40,0,127.0
10109870DIASG_2025-07-30_G03,10109870DIASG,2025-07-30,109640,1,4,0,357.0
10109870DIASG_2025-07-30_G04,10109870DIASG,2025-07-30,109640,1,8,0,291.0
10109870DIASG_2025-07-30_G05,10109870DIASG,2025-07-30,117935,1,8,0,137.0
10109870DIASG_2025-07-30_G06,10109870DIASG,2025-07-30,110733,1,6,0,95.0
10109870DIASG_2025-07-30_G07,10109870DIASG,2025-07-30,141457,1,20,0,680.0
10109870DIASG_2025-07-30_G08,10109870DIASG,2025-07-30,111876,1,8,0,2495.0
10109870DIASG_2025-07-30_G09,10109870DIASG,2025-07-30,118094,1,12,0,143.0
10109870DIASG_2025-07-30_G10,10109870DIASG,2025-07-30,117862,1,16,0,148.0
10109870DIASG_2025-07-30_G11,10109870DIASG,2025-07-30,111530,1,13,0,360.0
10109870DIASG_2025-07-30_G12,10109870DIASG,2025-07-30,111879,1,2,0,190.0
10109870DIASG_2025-07-30_G13,10109870DIASG,2025-07-30,110711,1,29,0,148.0
10109870DIASG_2025-07-30_G14,10109870DIASG,2025-07-30,111602,1,22,0,453.0
10109870DIASG_2025-07-30_G15,10109870DIASG,2025-07-30,101217,1,6,0,206.0
10109870DIASG_2025-07-30_G16,10109870DIASG,2025-07-30,110515,1,29,0,496.0
10109870DIASG_2025-07-30_G17,10109870DIASG,2025-07-30,105705,1,3,0,151.0
10109870DIASG_2025-07-30_G18,10109870DIASG,2025-07-30,108711,1,10,0,152.0
10109870DIASG_2025-07-30_G19,10109870DIASG,2025-07-30,110787,1,25,0,266.0
10109870DIASG_2025-07-30_G20,10109870DIASG,2025-07-30,111431,1,2,0,274.0
10109870DIASG_2025-07-30_G21,10109870DIASG,2025-07-30,109645,1,8,0,223.0
10109870DIASG_2025-07-30_G22,10109870DIASG,2025-07-30,108794,1,4,0,203.0
10109870DIASG_2025-07-30_G23,10109870DIASG,2025-07-30,111850,1,5,0,349.0
10109870DIASG_2025-07-30_G24,10109870DIASG,2025-07-30,110313,1,12,0,2163.0
10109870DIASG_2025-07-30_G26,10109870DIASG,2025-07-30,111743,1,4,0,703.0
10109870DIASG_2025-07-30_G27,10109870DIASG,2025-07-30,110129,1,1,0,91.0
10109870DIASG_2025-07-30_G28,10109870DIASG,2025-07-30,118285,1,5,0,128.0
10109870DIASG_2025-07-30_G29,10109870DIASG,2025-07-30,110743,1,4,0,56.0
10109870DIASG_2025-07-30_G30,10109870DIASG,2025-07-30,110751,1,2,0,48.0
10109870DIASG_2025-07-30_G31,10109870DIASG,2025-07-30,111466,1,12,0,87.0
10109870DIASG_2025-07-30_G32,10109870DIASG,2025-07-30,108711,1,9,0,106.0
10109870DIASG_2025-07-30_G33,10109870DIASG,2025-07-30,111418,1,12,0,183.0
10109870DIASG_2025-07-30_G34,10109870DIASG,2025-07-30,108798,1,12,0,116.0
10109870DIASG_2025-07-30_G35,10109870DIASG,2025-07-30,111532,1,5,0,207.0
10109870DIASG_2025-07-30_G36,10109870DIASG,2025-07-30,118140,1,35,0,540.0
10109870DIASG_2025-07-30_G37,10109870DIASG,2025-07-30,107236,1,23,0,765.0
10109870DIASG_2025-07-30_G38,10109870DIASG,2025-07-30,117820,1,16,0,1233.0
10109870DIASG_2025-07-30_G39,10109870DIASG,2025-07-30,110787,1,4,0,468.0
10109870DIASG_2025-07-30_G40,10109870DIASG,2025-07-30,117820,1,8,0,151.0
10109870DIASG_2025-07-30_G41,10109870DIASG,2025-07-30,118417,1,2,0,151.0
10109870DIASG_2025-07-30_G42,10109870DIASG,2025-07-30,100334,1,1,0,41.0
10109870DIASG_2025-07-30_G43,10109870DIASG,2025-07-30,110787,1,4,0,340.0
10109870DIASG_2025-07-30_G44,10109870DIASG,2025-07-30,118140,1,4,0,89.0
10109870DIASG_2025-07-30_G45,10109870DIASG,2025-07-30,141457,1,8,0,184.0
10109870DIASG_2025-07-30_G46,10109870DIASG,2025-07-30,110325,1,6,0,107.0
10109870DIASG_2025-07-30_G47,10109870DIASG,2025-07-30,110376,1,4,0,113.0
10109870DIASG_2025-07-30_G48,10109870DIASG,2025-07-30,117822,1,2,0,68.0
10109870DIASG_2025-07-30_G49,10109870DIASG,2025-07-30,105705,1,8,0,624.0
10109870DIASG_2025-07-30_G50,10109870DIASG,2025-07-30,141313,1,2,0,234.0
10109870DIASG_2025-07-30_G51,10109870DIASG,2025-07-30,118290,1,3,0,515.0
10109870DIASG_2025-07-30_G52,10109870DIASG,2025-07-30,109640,1,12,0,306.0
10109870DIASG_2025-07-30_G53,10109870DIASG,2025-07-30,117832,1,4,0,352.0
10109870DIASG_2025-07-30_G54,10109870DIASG,2025-07-30,117809,1,8,0,62.0
10109870DIASG_2025-07-30_G55,10109870DIASG,2025-07-30,110325,1,6,0,62.0
10109870DIASG_2025-07-30_G56,10109870DIASG,2025-07-30,110376,1,2,0,72.0
10109870DIASG_2025-07-30_G57,10109870DIASG,2025-07-30,117808,1,40,0,347.0
10109870DIASG_2025-07-30_G58,10109870DIASG,2025-07-30,111569,1,2,0,130.0
10109870DIASG_2025-07-30_G59,10109870DIASG,2025-07-30,109640,1,32,0,687.0
10109870DIASG_2025-07-31_G02,10109870DIASG,2025-07-31,111530,1,8,0,249.0
10109870DIASG_2025-07-31_G03,10109870DIASG,2025-07-31,109640,6,20,41,71.0
10109870DIASG_2025-07-31_G04,10109870DIASG,2025-07-31,110733,4,7,21,408.0
10109870DIASG_2025-07-31_G05,10109870DIASG,2025-07-31,141456,1,4,0,821.0
10109870DIASG_2025-07-31_G06,10109870DIASG,2025-07-31,141458,1,4,0,178.0
10109870DIASG_2025-07-31_G07,10109870DIASG,2025-07-31,141457,1,4,0,55.0
10109870DIASG_2025-07-31_G08,10109870DIASG,2025-07-31,141457,1,12,0,460.0
10109870DIASG_2025-07-31_G09,10109870DIASG,2025-07-31,141456,1,20,0,295.0
10109870DIASG_2025-07-31_G10,10109870DIASG,2025-07-31,141456,1,56,0,844.0
10109870DIASG_2025-07-31_G11,10109870DIASG,2025-07-31,141457,1,52,0,282.0
10109870DIASG_2025-07-31_G12,10109870DIASG,2025-07-31,141456,1,20,0,684.0
10109870DIASG_2025-07-31_G13,10109870DIASG,2025-07-31,141457,1,20,0,38.0
10109870DIASG_2025-07-31_G14,10109870DIASG,2025-07-31,"141457, 141456",2,52,21,35.0
10109870DIASG_2025-07-31_G16,10109870DIASG,2025-07-31,107629,1,5,0,154.0
10109870DIASG_2025-07-31_G17,10109870DIASG,2025-07-31,110339,1,4,0,102.0
10109870DIASG_2025-07-31_G18,10109870DIASG,2025-07-31,117837,1,2,0,70.0
10109870DIASG_2025-07-31_G19,10109870DIASG,2025-07-31,141047,1,3,0,91.0
10109870DIASG_2025-07-31_G20,10109870DIASG,2025-07-31,141047,1,15,0,156.0
10109870DIASG_2025-07-31_G21,10109870DIASG,2025-07-31,111467,1,34,0,588.0
10109870DIASG_2025-07-31_G22,10109870DIASG,2025-07-31,110711,1,50,0,194.0
10109870DIASG_2025-07-31_G23,10109870DIASG,2025-07-31,110711,1,110,0,60.0
10109870DIASG_2025-07-31_G24,10109870DIASG,2025-07-31,110515,1,14,0,1539.0
10109870DIASG_2025-07-31_G25,10109870DIASG,2025-07-31,108794,3,10,13,87.0
10109870DIASG_2025-07-31_G26,10109870DIASG,2025-07-31,110745,1,15,0,337.0
10109870DIASG_2025-07-31_G27,10109870DIASG,2025-07-31,111759,1,30,0,2565.0
10109870DIASG_2025-07-31_G28,10109870DIASG,2025-07-31,"111739, 111723",2,40,18,1080.0
10109870DIASG_2025-08-02_G02,10109870DIASG,2025-08-02,118191,1,150,0,747.0
10109870DIASG_2025-08-02_G03,10109870DIASG,2025-08-02,111634,1,40,0,213.0
10109870DIASG_2025-08-02_G04,10109870DIASG,2025-08-02,111740,1,19,0,587.0
10109870DIASG_2025-08-02_G05,10109870DIASG,2025-08-02,111740,1,4,0,50.0
10109870DIASG_2025-08-02_G06,10109870DIASG,2025-08-02,141262,2,42,20,359.0
10109870DIASG_2025-08-02_G07,10109870DIASG,2025-08-02,110371,2,6,6,146.0
10109870DIASG_2025-08-02_G08,10109870DIASG,2025-08-02,111722,1,150,0,308.0
10109870DIASG_2025-08-02_G09,10109870DIASG,2025-08-02,110374,1,3,0,345.0
10109870DIASG_2025-08-02_G10,10109870DIASG,2025-08-02,117808,1,116,0,261.0
10109870DIASG_2025-08-02_G11,10109870DIASG,2025-08-02,117808,1,86,0,275.0
10109870DIASG_2025-08-02_G12,10109870DIASG,2025-08-02,111739,1,7,0,550.0
10109870DIASG_2025-08-02_G13,10109870DIASG,2025-08-02,111739,1,9,0,80.0
10109870DIASG_2025-08-02_G15,10109870DIASG,2025-08-02,111743,1,1,0,34.0
10109870DIASG_2025-08-02_G16,10109870DIASG,2025-08-02,111757,1,10,0,169.0
10109870DIASG_2025-08-02_G17,10109870DIASG,2025-08-02,111757,2,26,23,67.0
10109870DIASG_2025-08-02_G18,10109870DIASG,2025-08-02,109641,1,1,0,312.0
10109870DIASG_2025-08-02_G19,10109870DIASG,2025-08-02,111759,1,21,0,400.0
10109870DIASG_2025-08-02_G20,10109870DIASG,2025-08-02,111737,1,5,0,728.0
10109870DIASG_2025-08-02_G21,10109870DIASG,2025-08-02,111761,1,4,0,238.0
10109870DIASG_2025-08-02_G22,10109870DIASG,2025-08-02,109641,1,2,0,95.0
10109870DIASG_2025-08-02_G23,10109870DIASG,2025-08-02,111172,2,6,8,71.0
10109870DIASG_2025-08-02_G24,10109870DIASG,2025-08-02,111739,1,2,0,40.0
10109870DIASG_2025-08-02_G25,10109870DIASG,2025-08-02,111532,1,3,0,322.0
10109870DIASG_2025-08-02_G26,10109870DIASG,2025-08-02,105705,2,3,6,99.0
10109870DIASG_2025-08-02_G27,10109870DIASG,2025-08-02,111466,1,11,0,95.0
10109870DIASG_2025-08-02_G28,10109870DIASG,2025-08-02,117833,1,7,0,126.0
10109870DIASG_2025-08-02_G29,10109870DIASG,2025-08-02,117833,1,8,0,93.0
10109870DIASG_2025-08-02_G30,10109870DIASG,2025-08-02,140922,1,3,0,291.0
10109870DIASG_2025-08-02_G31,10109870DIASG,2025-08-02,111418,1,22,0,144.0
10109870DIASG_2025-08-02_G32,10109870DIASG,2025-08-02,111418,1,112,0,294.0
10109870DIASG_2025-08-02_G33,10109870DIASG,2025-08-02,111738,1,32,0,578.0
10109870DIASG_2025-08-02_G34,10109870DIASG,2025-08-02,118140,1,5,0,172.0
10109870DIASG_2025-08-02_G35,10109870DIASG,2025-08-02,108794,1,5,0,151.0
10109870DIASG_2025-08-02_G36,10109870DIASG,2025-08-02,111750,1,1,0,313.0
10109870DIASG_2025-08-02_G37,10109870DIASG,2025-08-02,141261,1,22,0,185.0
10109870DIASG_2025-08-02_G38,10109870DIASG,2025-08-02,141261,1,23,0,75.0
10109870DIASG_2025-08-02_G39,10109870DIASG,2025-08-02,111753,1,92,0,798.0
10109870DIASG_2025-08-04_G02,10109870DIASG,2025-08-04,111467,1,23,0,437.0
10109870DIASG_2025-08-04_G03,10109870DIASG,2025-08-04,108711,1,18,0,414.0
10109870DIASG_2025-08-04_G04,10109870DIASG,2025-08-04,108798,1,120,0,723.0
10109870DIASG_2025-08-04_G05,10109870DIASG,2025-08-04,110741,1,38,0,316.0
10109870DIASG_2025-08-04_G06,10109870DIASG,2025-08-04,109643,1,81,0,595.0
10109870DIASG_2025-08-04_G07,10109870DIASG,2025-08-04,111348,1,89,0,515.0
10109870DIASG_2025-08-04_G08,10109870DIASG,2025-08-04,110747,1,49,0,195.0
10109870DIASG_2025-08-04_G09,10109870DIASG,2025-08-04,108772,1,23,0,503.0
10109870DIASG_2025-08-04_G10,10109870DIASG,2025-08-04,111467,1,36,0,333.0
10109870DIASG_2025-08-04_G11,10109870DIASG,2025-08-04,117785,1,4,0,1724.0
10109870DIASG_2025-08-04_G12,10109870DIASG,2025-08-04,117808,1,2,0,139.0
10109870DIASG_2025-08-04_G13,10109870DIASG,2025-08-04,100334,1,4,0,123.0
10109870DIASG_2025-08-04_G14,10109870DIASG,2025-08-04,108711,1,4,0,197.0
10109870DIASG_2025-08-04_G15,10109870DIASG,2025-08-04,110373,1,4,0,139.0
10109870DIASG_2025-08-04_G16,10109870DIASG,2025-08-04,107629,1,4,0,167.0
10109870DIASG_2025-08-04_G17,10109870DIASG,2025-08-04,109641,1,10,0,584.0
10109870DIASG_2025-08-04_G18,10109870DIASG,2025-08-04,117822,1,2,0,236.0
10109870DIASG_2025-08-04_G19,10109870DIASG,2025-08-04,118418,1,4,0,2466.0
10109870DIASG_2025-08-05_G02,10109870DIASG,2025-08-05,118285,1,20,0,370.0
10109870DIASG_2025-08-05_G03,10109870DIASG,2025-08-05,116241,1,20,0,197.0
10109870DIASG_2025-08-05_G04,10109870DIASG,2025-08-05,117838,1,20,0,674.0
10109870DIASG_2025-08-05_G05,10109870DIASG,2025-08-05,111431,1,12,0,53.0
10109870DIASG_2025-08-05_G06,10109870DIASG,2025-08-05,118326,1,22,0,586.0
10109870DIASG_2025-08-05_G07,10109870DIASG,2025-08-05,111433,1,20,0,423.0
10109870DIASG_2025-08-05_G08,10109870DIASG,2025-08-05,111120,1,1,0,1408.0
10109870DIASG_2025-08-05_G09,10109870DIASG,2025-08-05,118253,1,16,0,197.0
10109870DIASG_2025-08-05_G10,10109870DIASG,2025-08-05,105705,1,21,0,1571.0
10109870DIASG_2025-08-05_G11,10109870DIASG,2025-08-05,111182,1,11,0,690.0
10109870DIASG_2025-08-05_G12,10109870DIASG,2025-08-05,107236,1,49,0,622.0
10109870DIASG_2025-08-05_G13,10109870DIASG,2025-08-05,111739,1,30,0,152.0
10109870DIASG_2025-08-05_G14,10109870DIASG,2025-08-05,110515,1,105,0,255.0
10109870DIASG_2025-08-05_G15,10109870DIASG,2025-08-05,109643,1,165,0,1071.0
10109870DIASG_2025-08-05_G16,10109870DIASG,2025-08-05,110747,1,180,0,1725.0
10109870DIASG_2025-08-05_G17,10109870DIASG,2025-08-05,111182,1,50,0,188.0
10109870DIASG_2025-08-05_G18,10109870DIASG,2025-08-05,107892,1,28,0,472.0
10109870DIASG_2025-08-06_G02,10109870DIASG,2025-08-06,110751,1,4,0,132.0
10109870DIASG_2025-08-06_G03,10109870DIASG,2025-08-06,108711,1,10,0,42.0
10109870DIASG_2025-08-06_G04,10109870DIASG,2025-08-06,111466,2,20,9,80.0
10109870DIASG_2025-08-06_G05,10109870DIASG,2025-08-06,111431,1,10,0,253.0
10109870DIASG_2025-08-06_G06,10109870DIASG,2025-08-06,111468,2,16,8,122.0
10109870DIASG_2025-08-06_G07,10109870DIASG,2025-08-06,111462,1,10,0,240.0
10109870DIASG_2025-08-06_G08,10109870DIASG,2025-08-06,110745,1,4,0,122.0
10109870DIASG_2025-08-06_G09,10109870DIASG,2025-08-06,107236,1,10,0,54.0
10109870DIASG_2025-08-06_G10,10109870DIASG,2025-08-06,108794,1,10,0,104.0
10109870DIASG_2025-08-06_G11,10109870DIASG,2025-08-06,141823,1,10,0,124.0
10109870DIASG_2025-08-06_G12,10109870DIASG,2025-08-06,110740,1,10,0,60.0
10109870DIASG_2025-08-06_G13,10109870DIASG,2025-08-06,141271,1,20,0,374.0
10109870DIASG_2025-08-06_G14,10109870DIASG,2025-08-06,141457,1,20,0,41.0
10109870DIASG_2025-08-06_G15,10109870DIASG,2025-08-06,111418,1,40,0,310.0
10109870DIASG_2025-08-06_G16,10109870DIASG,2025-08-06,110742,1,4,0,811.0
10109870DIASG_2025-08-06_G17,10109870DIASG,2025-08-06,110582,1,4,0,2288.0
10109870DIASG_2025-08-06_G18,10109870DIASG,2025-08-06,110755,1,4,0,122.0
10109870DIASG_2025-08-06_G19,10109870DIASG,2025-08-06,111441,1,8,0,137.0
10109870DIASG_2025-08-06_G20,10109870DIASG,2025-08-06,111441,1,1,0,81.0
10109870DIASG_2025-08-06_G21,10109870DIASG,2025-08-06,117836,1,4,0,133.0
10109870DIASG_2025-08-06_G22,10109870DIASG,2025-08-06,117836,1,4,0,573.0
10109870DIASG_2025-08-06_G24,10109870DIASG,2025-08-06,111532,1,20,0,217.0
10109870DIASG_2025-08-06_G25,10109870DIASG,2025-08-06,117821,1,10,0,117.0
10109870DIASG_2025-08-06_G26,10109870DIASG,2025-08-06,111348,1,10,0,124.0
10109870DIASG_2025-08-06_G27,10109870DIASG,2025-08-06,111466,2,20,9,53.0
10109870DIASG_2025-08-06_G28,10109870DIASG,2025-08-06,109643,1,10,0,604.0
10109870DIASG_2025-08-06_G29,10109870DIASG,2025-08-06,117808,1,500,0,1328.0
10109870DIASG_2025-08-06_G30,10109870DIASG,2025-08-06,118299,1,200,0,333.0
10109870DIASG_2025-08-06_G31,10109870DIASG,2025-08-06,107830,1,4,0,601.0
10109870DIASG_2025-08-06_G32,10109870DIASG,2025-08-06,117820,1,20,0,63.0
10109870DIASG_2025-08-06_G33,10109870DIASG,2025-08-06,117830,1,30,0,335.0
10109870DIASG_2025-08-06_G34,10109870DIASG,2025-08-06,117838,1,10,0,244.0
10109870DIASG_2025-08-06_G35,10109870DIASG,2025-08-06,140922,1,8,0,277.0
10109870DIASG_2025-08-06_G36,10109870DIASG,2025-08-06,108798,1,11,0,107.0
10109870DIASG_2025-08-06_G37,10109870DIASG,2025-08-06,117787,1,15,0,288.0
10109870DIASG_2025-08-06_G38,10109870DIASG,2025-08-06,117785,1,10,0,192.0
10109870DIASG_2025-08-06_G39,10109870DIASG,2025-08-06,118317,1,7,0,149.0
10109870DIASG_2025-08-06_G40,10109870DIASG,2025-08-06,108794,1,10,0,80.0
10109870DIASG_2025-08-06_G41,10109870DIASG,2025-08-06,140957,1,1,0,742.0
10109870DIASG_2025-08-06_G42,10109870DIASG,2025-08-06,110733,2,20,17,110.0
10109870DIASG_2025-08-07_G02,10109870DIASG,2025-08-07,111851,1,6,0,105.0
10109870DIASG_2025-08-07_G03,10109870DIASG,2025-08-07,110030,1,2,0,170.0
10109870DIASG_2025-08-07_G04,10109870DIASG,2025-08-07,118169,1,4,0,754.0
10109870DIASG_2025-08-07_G05,10109870DIASG,2025-08-07,100334,1,4,0,176.0
10109870DIASG_2025-08-07_G06,10109870DIASG,2025-08-07,111438,1,8,0,178.0
10109870DIASG_2025-08-07_G07,10109870DIASG,2025-08-07,110064,1,2,0,234.0
10109870DIASG_2025-08-07_G08,10109870DIASG,2025-08-07,140915,1,4,0,291.0
10109870DIASG_2025-08-07_G09,10109870DIASG,2025-08-07,117797,1,5,0,433.0
10109870DIASG_2025-08-07_G10,10109870DIASG,2025-08-07,118416,1,17,0,201.0
10109870DIASG_2025-08-07_G11,10109870DIASG,2025-08-07,117855,1,4,0,74.0
10109870DIASG_2025-08-07_G12,10109870DIASG,2025-08-07,110339,1,4,0,69.0
10109870DIASG_2025-08-07_G13,10109870DIASG,2025-08-07,117862,1,28,0,110.0
10109870DIASG_2025-08-07_G14,10109870DIASG,2025-08-07,111879,1,1,0,318.0
10109870DIASG_2025-08-07_G15,10109870DIASG,2025-08-07,109640,1,4,0,149.0
10109870DIASG_2025-08-07_G16,10109870DIASG,2025-08-07,110752,1,13,0,384.0
10109870DIASG_2025-08-07_G17,10109870DIASG,2025-08-07,111172,1,20,0,586.0
10109870DIASG_2025-08-07_G18,10109870DIASG,2025-08-07,111532,1,8,0,203.0
10109870DIASG_2025-08-07_G19,10109870DIASG,2025-08-07,117821,1,10,0,154.0
10109870DIASG_2025-08-07_G20,10109870DIASG,2025-08-07,108711,1,4,0,250.0
10109870DIASG_2025-08-07_G21,10109870DIASG,2025-08-07,140922,1,8,0,106.0
10109870DIASG_2025-08-07_G22,10109870DIASG,2025-08-07,141823,1,4,0,87.0
10109870DIASG_2025-08-07_G23,10109870DIASG,2025-08-07,110332,1,4,0,129.0
10109870DIASG_2025-08-07_G24,10109870DIASG,2025-08-07,110374,1,10,0,104.0
10109870DIASG_2025-08-07_G25,10109870DIASG,2025-08-07,111348,1,4,0,1198.0
10109870DIASG_2025-08-07_G26,10109870DIASG,2025-08-07,110339,1,8,0,99.0
10109870DIASG_2025-08-07_G27,10109870DIASG,2025-08-07,110371,1,12,0,98.0
10109870DIASG_2025-08-07_G28,10109870DIASG,2025-08-07,117808,1,10,0,91.0
10109870DIASG_2025-08-07_G29,10109870DIASG,2025-08-07,118222,1,25,0,1147.0
10109870DIASG_2025-08-07_G30,10109870DIASG,2025-08-07,111569,1,52,0,1289.0
10109870DIASG_2025-08-07_G31,10109870DIASG,2025-08-07,110755,1,21,0,483.0
10109870DIASG_2025-08-07_G32,10109870DIASG,2025-08-07,107892,1,7,0,337.0
10109870DIASG_2025-08-07_G33,10109870DIASG,2025-08-07,110747,1,9,0,164.0
10109870DIASG_2025-08-07_G35,10109870DIASG,2025-08-07,108759,1,5,0,69.0
10109870DIASG_2025-08-07_G36,10109870DIASG,2025-08-07,109643,1,140,0,487.0
10109870DIASG_2025-08-07_G37,10109870DIASG,2025-08-07,107830,1,48,0,127.0
10109870DIASG_2025-08-07_G38,10109870DIASG,2025-08-07,141202,1,70,0,748.0
10109870DIASG_2025-08-07_G39,10109870DIASG,2025-08-07,111569,1,50,0,307.0
10109870DIASG_2025-08-07_G40,10109870DIASG,2025-08-07,111172,1,60,0,539.0
10109870DIASG_2025-08-07_G41,10109870DIASG,2025-08-07,117965,1,10,0,1477.0
10109870DIASG_2025-08-07_G42,10109870DIASG,2025-08-07,117855,1,15,0,111.0
10109870DIASG_2025-08-07_G43,10109870DIASG,2025-08-07,110339,1,15,0,120.0
10109870DIASG_2025-08-07_G44,10109870DIASG,2025-08-07,140922,1,10,0,251.0
10109870DIASG_2025-08-07_G45,10109870DIASG,2025-08-07,117831,1,40,0,276.0
10109870DIASG_2025-08-07_G46,10109870DIASG,2025-08-07,111418,1,20,0,261.0
10109870DIASG_2025-08-07_G47,10109870DIASG,2025-08-07,110740,1,10,0,120.0
10109870DIASG_2025-08-07_G48,10109870DIASG,2025-08-07,111569,1,10,0,398.0
10109870DIASG_2025-08-07_G49,10109870DIASG,2025-08-07,118222,1,10,0,300.0
10109870DIASG_2025-08-07_G50,10109870DIASG,2025-08-07,111465,1,10,0,329.0
10109870DIASG_2025-08-07_G51,10109870DIASG,2025-08-07,117785,1,30,0,182.0
10109870DIASG_2025-08-07_G52,10109870DIASG,2025-08-07,111602,1,20,0,200.0
10109870DIASG_2025-08-07_G53,10109870DIASG,2025-08-07,110515,1,20,0,313.0
10109870DIASG_2025-08-07_G54,10109870DIASG,2025-08-07,110733,1,10,0,96.0
10109870DIASG_2025-08-07_G55,10109870DIASG,2025-08-07,117820,1,50,0,511.0
10109870DIASG_2025-08-08_G02,10109870DIASG,2025-08-08,117809,1,26,0,51.0
10109870DIASG_2025-08-08_G03,10109870DIASG,2025-08-08,118299,1,2,0,255.0
10109870DIASG_2025-08-08_G04,10109870DIASG,2025-08-08,110371,1,6,0,89.0
10109870DIASG_2025-08-08_G05,10109870DIASG,2025-08-08,117820,1,2,0,65.0
10109870DIASG_2025-08-08_G06,10109870DIASG,2025-08-08,117820,1,108,0,397.0
10109870DIASG_2025-08-08_G07,10109870DIASG,2025-08-08,118299,1,800,0,1500.0
10109870DIASG_2025-08-08_G08,10109870DIASG,2025-08-08,111435,1,6,0,1084.0
10109870DIASG_2025-08-08_G09,10109870DIASG,2025-08-08,111465,2,6,10,209.0
10109870DIASG_2025-08-08_G10,10109870DIASG,2025-08-08,111433,2,4,6,551.0
10109870DIASG_2025-08-08_G11,10109870DIASG,2025-08-08,111469,1,36,0,151.0
10109870DIASG_2025-08-08_G12,10109870DIASG,2025-08-08,110740,1,4,0,273.0
10109870DIASG_2025-08-08_G13,10109870DIASG,2025-08-08,111532,1,10,0,1266.0
10109870DIASG_2025-08-08_G14,10109870DIASG,2025-08-08,117821,1,3,0,81.0
10109870DIASG_2025-08-08_G15,10109870DIASG,2025-08-08,108711,1,4,0,44.0
10109870DIASG_2025-08-08_G16,10109870DIASG,2025-08-08,117831,1,3,0,277.0
10109870DIASG_2025-08-08_G17,10109870DIASG,2025-08-08,111418,1,16,0,334.0
10109870DIASG_2025-08-08_G18,10109870DIASG,2025-08-08,117785,1,7,0,139.0
10109870DIASG_2025-08-08_G19,10109870DIASG,2025-08-08,118317,1,8,0,159.0
10109870DIASG_2025-08-08_G20,10109870DIASG,2025-08-08,111433,2,4,7,113.0
10109870DIASG_2025-08-08_G21,10109870DIASG,2025-08-08,111602,1,2,0,417.0
10109870DIASG_2025-08-08_G22,10109870DIASG,2025-08-08,117862,1,7,0,92.0
10109870DIASG_2025-08-08_G23,10109870DIASG,2025-08-08,111530,1,1,0,81.0
10109870DIASG_2025-08-08_G24,10109870DIASG,2025-08-08,117853,1,4,0,73.0
10109870DIASG_2025-08-08_G25,10109870DIASG,2025-08-08,109647,1,4,0,88.0
10109870DIASG_2025-08-08_G26,10109870DIASG,2025-08-08,109640,1,4,0,80.0
10109870DIASG_2025-08-08_G27,10109870DIASG,2025-08-08,111467,1,2,0,120.0
10109870DIASG_2025-08-08_G28,10109870DIASG,2025-08-08,110515,1,1,0,65.0
10109870DIASG_2025-08-08_G29,10109870DIASG,2025-08-08,110752,1,2,0,118.0
10109870DIASG_2025-08-08_G30,10109870DIASG,2025-08-08,117831,1,6,0,118.0
10109870DIASG_2025-08-08_G31,10109870DIASG,2025-08-08,"109645, 111462",2,3,18,96.0
10109870DIASG_2025-08-08_G32,10109870DIASG,2025-08-08,117785,1,2,0,102.0
10109870DIASG_2025-08-08_G33,10109870DIASG,2025-08-08,111435,1,4,0,1568.0
10109870DIASG_2025-08-08_G34,10109870DIASG,2025-08-08,117821,1,12,0,133.0
10109870DIASG_2025-08-08_G35,10109870DIASG,2025-08-08,110751,1,2,0,43.0
10109870DIASG_2025-08-08_G36,10109870DIASG,2025-08-08,108711,1,9,0,208.0
10109870DIASG_2025-08-08_G37,10109870DIASG,2025-08-08,111743,2,7,8,167.0
10109870DIASG_2025-08-08_G38,10109870DIASG,2025-08-08,111431,1,4,0,209.0
10109870DIASG_2025-08-08_G40,10109870DIASG,2025-08-08,111418,1,17,0,187.0
10109870DIASG_2025-08-08_G41,10109870DIASG,2025-08-08,117785,1,4,0,621.0
10109870DIASG_2025-08-08_G42,10109870DIASG,2025-08-08,111469,1,3,0,139.0
10109870DIASG_2025-08-08_G43,10109870DIASG,2025-08-08,110741,1,4,0,357.0
10109870DIASG_2025-08-08_G44,10109870DIASG,2025-08-08,"110339, 111602",2,5,12,67.0
10109870DIASG_2025-08-08_G45,10109870DIASG,2025-08-08,109647,1,9,0,211.0
10109870DIASG_2025-08-08_G46,10109870DIASG,2025-08-08,109640,1,1,0,72.0
10109870DIASG_2025-08-08_G47,10109870DIASG,2025-08-08,111467,1,4,0,143.0
10109870DIASG_2025-08-08_G48,10109870DIASG,2025-08-08,110515,1,10,0,177.0
10109870DIASG_2025-08-08_G49,10109870DIASG,2025-08-08,108770,1,4,0,269.0
10109870DIASG_2025-08-08_G50,10109870DIASG,2025-08-08,108759,1,8,0,311.0
10109870DIASG_2025-08-08_G51,10109870DIASG,2025-08-08,111569,1,2,0,153.0
10109870DIASG_2025-08-08_G52,10109870DIASG,2025-08-08,111569,1,30,0,317.0
10109870DIASG_2025-08-08_G53,10109870DIASG,2025-08-08,118222,1,54,0,877.0
10109870DIASG_2025-08-08_G54,10109870DIASG,2025-08-08,111438,1,20,0,503.0
10109870DIASG_2025-08-08_G56,10109870DIASG,2025-08-08,110372,1,321,0,684.0
10109870DIASG_2025-08-08_G57,10109870DIASG,2025-08-08,117809,1,10,0,544.0
10109870DIASG_2025-08-08_G58,10109870DIASG,2025-08-08,"111722, 110371",2,449,19,1325.0
10109870DIASG_2025-08-09_G02,10109870DIASG,2025-08-09,110741,1,12,0,209.0
10109870DIASG_2025-08-09_G03,10109870DIASG,2025-08-09,107629,1,8,0,198.0
10109870DIASG_2025-08-09_G04,10109870DIASG,2025-08-09,110339,1,5,0,110.0
10109870DIASG_2025-08-09_G05,10109870DIASG,2025-08-09,111650,1,12,0,652.0
10109870DIASG_2025-08-09_G06,10109870DIASG,2025-08-09,110750,1,1,0,81.0
10109870DIASG_2025-08-09_G07,10109870DIASG,2025-08-09,109640,1,10,0,65.0
10109870DIASG_2025-08-09_G08,10109870DIASG,2025-08-09,108772,1,4,0,174.0
10109870DIASG_2025-08-09_G09,10109870DIASG,2025-08-09,111467,1,12,0,120.0
10109870DIASG_2025-08-09_G10,10109870DIASG,2025-08-09,110515,1,16,0,305.0
10109870DIASG_2025-08-09_G11,10109870DIASG,2025-08-09,110841,1,8,0,402.0
10109870DIASG_2025-08-09_G12,10109870DIASG,2025-08-09,118251,1,16,0,217.0
10109870DIASG_2025-08-09_G13,10109870DIASG,2025-08-09,109497,1,12,0,354.0
10109870DIASG_2025-08-09_G14,10109870DIASG,2025-08-09,111780,1,10,0,2501.0
10109870DIASG_2025-08-09_G15,10109870DIASG,2025-08-09,141420,1,4,0,993.0
10109870DIASG_2025-08-09_G16,10109870DIASG,2025-08-09,110064,1,4,0,222.0
10109870DIASG_2025-08-09_G17,10109870DIASG,2025-08-09,109384,1,8,0,214.0
10109870DIASG_2025-08-09_G18,10109870DIASG,2025-08-09,111569,1,17,0,1407.0
10109870DIASG_2025-08-09_G19,10109870DIASG,2025-08-09,118222,1,11,0,703.0
10109870DIASG_2025-08-09_G20,10109870DIASG,2025-08-09,111532,1,2,0,159.0
10109870DIASG_2025-08-09_G21,10109870DIASG,2025-08-09,140922,1,5,0,83.0
10109870DIASG_2025-08-09_G22,10109870DIASG,2025-08-09,110740,1,6,0,532.0
10109870DIASG_2025-08-09_G23,10109870DIASG,2025-08-09,118317,1,6,0,153.0
10109870DIASG_2025-08-09_G24,10109870DIASG,2025-08-09,109640,1,2,0,214.0
10109870DIASG_2025-08-09_G25,10109870DIASG,2025-08-09,105705,1,8,0,226.0
10109870DIASG_2025-08-09_G26,10109870DIASG,2025-08-09,117855,1,1,0,39.0
10109870DIASG_2025-08-09_G27,10109870DIASG,2025-08-09,111876,1,4,0,134.0
10109870DIASG_2025-08-09_G28,10109870DIASG,2025-08-09,111532,1,2,0,104.0
10109870DIASG_2025-08-09_G30,10109870DIASG,2025-08-09,110325,1,3,0,124.0
10109870DIASG_2025-08-09_G31,10109870DIASG,2025-08-09,109643,1,2,0,87.0
10109870DIASG_2025-08-09_G32,10109870DIASG,2025-08-09,"118299, 110371",2,8,18,90.0
10109870DIASG_2025-08-09_G33,10109870DIASG,2025-08-09,110374,1,5,0,98.0
10109870DIASG_2025-08-09_G34,10109870DIASG,2025-08-09,111438,1,6,0,381.0
10109870DIASG_2025-08-09_G35,10109870DIASG,2025-08-09,110373,1,19,0,317.0
10109870DIASG_2025-08-09_G36,10109870DIASG,2025-08-09,117808,1,21,0,143.0
10109870DIASG_2025-08-09_G37,10109870DIASG,2025-08-09,118222,1,12,0,215.0
10109870DIASG_2025-08-09_G38,10109870DIASG,2025-08-09,100334,1,4,0,240.0
10109870DIASG_2025-08-09_G39,10109870DIASG,2025-08-09,118317,1,4,0,221.0
10109870DIASG_2025-08-09_G40,10109870DIASG,2025-08-09,111569,1,8,0,228.0
10109870DIASG_2025-08-09_G41,10109870DIASG,2025-08-09,107892,1,4,0,434.0
10109870DIASG_2025-08-09_G42,10109870DIASG,2025-08-09,111438,1,6,0,652.0
10109870DIASG_2025-08-09_G43,10109870DIASG,2025-08-09,111569,1,10,0,264.0
10109870DIASG_2025-08-09_G44,10109870DIASG,2025-08-09,110742,1,6,0,409.0
10109870DIASG_2025-08-09_G45,10109870DIASG,2025-08-09,110755,1,20,0,326.0
10109870DIASG_2025-08-09_G46,10109870DIASG,2025-08-09,111660,1,20,0,393.0
10109870DIASG_2025-08-09_G47,10109870DIASG,2025-08-09,"108711, 111348",2,8,23,371.0
10109870DIASG_2025-08-09_G48,10109870DIASG,2025-08-09,111468,1,2,0,110.0
10109870DIASG_2025-08-09_G49,10109870DIASG,2025-08-09,111418,1,30,0,333.0
10109870DIASG_2025-08-09_G50,10109870DIASG,2025-08-09,110745,1,2,0,74.0
10109870DIASG_2025-08-09_G51,10109870DIASG,2025-08-09,110374,1,12,0,121.0
10109870DIASG_2025-08-09_G52,10109870DIASG,2025-08-09,117808,1,3,0,66.0
10109870DIASG_2025-08-09_G53,10109870DIASG,2025-08-09,111442,1,4,0,989.0
10109870DIASG_2025-08-09_G54,10109870DIASG,2025-08-09,111569,1,4,0,65.0
10109870DIASG_2025-08-09_G55,10109870DIASG,2025-08-09,117832,1,6,0,196.0
10109870DIASG_2025-08-09_G56,10109870DIASG,2025-08-09,111465,1,130,0,804.0
10109870DIASG_2025-08-09_G57,10109870DIASG,2025-08-09,140922,1,150,0,622.0
10109870DIASG_2025-08-09_G58,10109870DIASG,2025-08-09,111468,1,100,0,188.0
10109870DIASG_2025-08-11_G02,10109870DIASG,2025-08-11,111418,1,80,0,1120.0
10109870DIASG_2025-08-11_G03,10109870DIASG,2025-08-11,110372,1,4,0,545.0
10109870DIASG_2025-08-11_G04,10109870DIASG,2025-08-11,118299,1,10,0,92.0
10109870DIASG_2025-08-11_G05,10109870DIASG,2025-08-11,118299,1,300,0,722.0
10109870DIASG_2025-08-11_G06,10109870DIASG,2025-08-11,110325,1,5,0,371.0
10109870DIASG_2025-08-11_G07,10109870DIASG,2025-08-11,110373,1,4,0,110.0
10109870DIASG_2025-08-11_G08,10109870DIASG,2025-08-11,117808,1,490,0,1766.0
10109870DIASG_2025-08-11_G09,10109870DIASG,2025-08-11,110743,1,2,0,2897.0
10109870DIASG_2025-08-11_G10,10109870DIASG,2025-08-11,111444,1,4,0,92.0
10109870DIASG_2025-08-11_G11,10109870DIASG,2025-08-11,117821,1,2,0,89.0
10109870DIASG_2025-08-11_G12,10109870DIASG,2025-08-11,110751,1,4,0,82.0
10109870DIASG_2025-08-11_G13,10109870DIASG,2025-08-11,105705,1,3,0,123.0
10109870DIASG_2025-08-11_G14,10109870DIASG,2025-08-11,140922,1,4,0,95.0
10109870DIASG_2025-08-11_G15,10109870DIASG,2025-08-11,111330,1,4,0,65.0
10109870DIASG_2025-08-11_G16,10109870DIASG,2025-08-11,117833,1,2,0,88.0
10109870DIASG_2025-08-11_G17,10109870DIASG,2025-08-11,111743,1,3,0,245.0
10109870DIASG_2025-08-11_G18,10109870DIASG,2025-08-11,110372,1,62,0,618.0
10109870DIASG_2025-08-11_G19,10109870DIASG,2025-08-11,117809,1,150,0,534.0
10109870DIASG_2025-08-11_G20,10109870DIASG,2025-08-11,107830,1,80,0,379.0
10109870DIASG_2025-08-11_G21,10109870DIASG,2025-08-11,111439,1,50,0,392.0
10109870DIASG_2025-08-11_G22,10109870DIASG,2025-08-11,110515,1,80,0,351.0
10109870DIASG_2025-08-11_G24,10109870DIASG,2025-08-11,110741,1,313,0,2059.0
10109870DIASG_2025-08-11_G25,10109870DIASG,2025-08-11,111569,1,100,0,1062.0
10109870DIASG_2025-08-11_G26,10109870DIASG,2025-08-11,110376,1,15,0,1021.0
10109870DIASG_2025-08-11_G27,10109870DIASG,2025-08-11,111443,1,182,0,845.0
10109870DIASG_2025-08-11_G28,10109870DIASG,2025-08-11,111438,1,2,0,1474.0
10109870DIASG_2025-08-11_G29,10109870DIASG,2025-08-11,110372,1,7,0,190.0
10109870DIASG_2025-08-11_G30,10109870DIASG,2025-08-11,110371,1,7,0,59.0
10109870DIASG_2025-08-11_G31,10109870DIASG,2025-08-11,118299,1,14,0,186.0
10109870DIASG_2025-08-11_G32,10109870DIASG,2025-08-11,110376,1,2,0,73.0
10109870DIASG_2025-08-11_G33,10109870DIASG,2025-08-11,110373,1,16,0,239.0
10109870DIASG_2025-08-11_G34,10109870DIASG,2025-08-11,117820,1,12,0,145.0
10109870DIASG_2025-08-11_G35,10109870DIASG,2025-08-11,117830,1,5,0,132.0
10109870DIASG_2025-08-12_G02,10109870DIASG,2025-08-12,111466,1,7,0,1277.0
10109870DIASG_2025-08-12_G03,10109870DIASG,2025-08-12,111465,1,4,0,123.0
10109870DIASG_2025-08-12_G04,10109870DIASG,2025-08-12,117785,1,100,0,270.0
10109870DIASG_2025-08-12_G05,10109870DIASG,2025-08-12,111418,1,100,0,643.0
10109870DIASG_2025-08-12_G06,10109870DIASG,2025-08-12,110740,1,50,0,449.0
10109870DIASG_2025-08-12_G07,10109870DIASG,2025-08-12,117830,1,100,0,413.0
10109870DIASG_2025-08-12_G08,10109870DIASG,2025-08-12,111465,1,790,0,3018.0
10109870DIASG_2025-08-12_G09,10109870DIASG,2025-08-12,111758,1,2,0,867.0
10109870DIASG_2025-08-12_G10,10109870DIASG,2025-08-12,111739,1,20,0,50.0
10109870DIASG_2025-08-12_G11,10109870DIASG,2025-08-12,140911,2,8,24,1997.0
10109870DIASG_2025-08-12_G12,10109870DIASG,2025-08-12,140911,1,1,0,117.0
10109870DIASG_2025-08-12_G13,10109870DIASG,2025-08-12,110733,1,8,0,176.0
10109870DIASG_2025-08-12_G14,10109870DIASG,2025-08-12,111743,1,6,0,461.0
10109870DIASG_2025-08-12_G15,10109870DIASG,2025-08-12,117832,1,8,0,579.0
10109870DIASG_2025-08-12_G16,10109870DIASG,2025-08-12,117832,1,8,0,36.0
10109870DIASG_2025-08-12_G17,10109870DIASG,2025-08-12,105705,1,4,0,168.0
10109870DIASG_2025-08-12_G18,10109870DIASG,2025-08-12,110733,1,4,0,170.0
10109870DIASG_2025-08-12_G19,10109870DIASG,2025-08-12,111743,1,2,0,91.0
10109870DIASG_2025-08-12_G21,10109870DIASG,2025-08-12,105705,1,18,0,366.0
10109870DIASG_2025-08-12_G22,10109870DIASG,2025-08-12,111446,1,3,0,761.0
10109870DIASG_2025-08-12_G23,10109870DIASG,2025-08-12,117786,1,2,0,144.0
10109870DIASG_2025-08-12_G24,10109870DIASG,2025-08-12,118140,1,3,0,364.0
10109870DIASG_2025-08-12_G25,10109870DIASG,2025-08-12,111446,1,3,0,216.0
10109870DIASG_2025-08-12_G26,10109870DIASG,2025-08-12,140911,1,2,0,545.0
10109870DIASG_2025-08-12_G27,10109870DIASG,2025-08-12,140911,1,10,0,169.0
10109870DIASG_2025-08-12_G28,10109870DIASG,2025-08-12,118094,1,12,0,425.0
10109870DIASG_2025-08-12_G29,10109870DIASG,2025-08-12,108711,1,6,0,400.0
10109870DIASG_2025-08-12_G30,10109870DIASG,2025-08-12,110745,1,20,0,407.0
10109870DIASG_2025-08-12_G31,10109870DIASG,2025-08-12,117786,1,16,0,222.0
10109870DIASG_2025-08-12_G32,10109870DIASG,2025-08-12,118140,1,20,0,724.0
10109870DIASG_2025-08-12_G33,10109870DIASG,2025-08-12,117786,1,10,0,149.0
10109870DIASG_2025-08-12_G34,10109870DIASG,2025-08-12,118140,1,2,0,467.0
10109870DIASG_2025-08-12_G35,10109870DIASG,2025-08-12,141202,1,4,0,212.0
10109870DIASG_2025-08-12_G36,10109870DIASG,2025-08-12,110895,3,11,49,584.0
10109870DIASG_2025-08-12_G37,10109870DIASG,2025-08-12,117830,1,20,0,2611.0
10109870DIASG_2025-08-12_G38,10109870DIASG,2025-08-12,110373,1,40,0,211.0
10109870DIASG_2025-08-13_G02,10109870DIASG,2025-08-13,109647,1,445,0,2363.0
10109870DIASG_2025-08-13_G03,10109870DIASG,2025-08-13,108711,1,16,0,1951.0
10109870DIASG_2025-08-13_G04,10109870DIASG,2025-08-13,111463,1,11,0,102.0
10109870DIASG_2025-08-13_G05,10109870DIASG,2025-08-13,111463,1,30,0,57.0
10109870DIASG_2025-08-13_G06,10109870DIASG,2025-08-13,111743,1,4,0,297.0
10109870DIASG_2025-08-13_G07,10109870DIASG,2025-08-13,111182,1,6,0,146.0
10109870DIASG_2025-08-13_G08,10109870DIASG,2025-08-13,117831,1,8,0,342.0
10109870DIASG_2025-08-13_G09,10109870DIASG,2025-08-13,107236,1,4,0,127.0
10109870DIASG_2025-08-13_G10,10109870DIASG,2025-08-13,111172,1,8,0,109.0
10109870DIASG_2025-08-13_G11,10109870DIASG,2025-08-13,110372,1,2,0,127.0
10109870DIASG_2025-08-13_G12,10109870DIASG,2025-08-13,107830,1,8,0,136.0
10109870DIASG_2025-08-13_G13,10109870DIASG,2025-08-13,110895,1,1,0,966.0
10109870DIASG_2025-08-13_G14,10109870DIASG,2025-08-13,108794,1,6,0,149.0
10109870DIASG_2025-08-13_G15,10109870DIASG,2025-08-13,117831,1,4,0,71.0
10109870DIASG_2025-08-13_G16,10109870DIASG,2025-08-13,110895,1,2,0,169.0
10109870DIASG_2025-08-13_G17,10109870DIASG,2025-08-13,117862,1,3,0,113.0
10109870DIASG_2025-08-13_G18,10109870DIASG,2025-08-13,111467,1,3,0,99.0
10109870DIASG_2025-08-13_G19,10109870DIASG,2025-08-13,108711,1,1,0,115.0
10109870DIASG_2025-08-13_G20,10109870DIASG,2025-08-13,117831,1,1,0,60.0
10109870DIASG_2025-08-13_G21,10109870DIASG,2025-08-13,117855,1,46,0,1258.0
10109870DIASG_2025-08-13_G22,10109870DIASG,2025-08-13,117862,1,8,0,936.0
10109870DIASG_2025-08-13_G23,10109870DIASG,2025-08-13,107629,1,2,0,44.0
10109870DIASG_2025-08-13_G24,10109870DIASG,2025-08-13,111876,1,6,0,117.0
10109870DIASG_2025-08-13_G25,10109870DIASG,2025-08-13,118094,1,2,0,76.0
10109870DIASG_2025-08-13_G26,10109870DIASG,2025-08-13,118298,1,2,0,57.0
10109870DIASG_2025-08-13_G27,10109870DIASG,2025-08-13,110733,1,3,0,64.0
10109870DIASG_2025-08-13_G28,10109870DIASG,2025-08-13,109647,1,3,0,116.0
10109870DIASG_2025-08-13_G29,10109870DIASG,2025-08-13,111602,1,51,0,221.0
10109870DIASG_2025-08-13_G30,10109870DIASG,2025-08-13,109640,1,6,0,172.0
10109870DIASG_2025-08-13_G31,10109870DIASG,2025-08-13,111467,1,10,0,190.0
10109870DIASG_2025-08-13_G32,10109870DIASG,2025-08-13,110515,1,18,0,293.0
10109870DIASG_2025-08-13_G34,10109870DIASG,2025-08-13,117834,1,5,0,1090.0
10109870DIASG_2025-08-13_G35,10109870DIASG,2025-08-13,111655,1,4,0,84.0
10109870DIASG_2025-08-13_G36,10109870DIASG,2025-08-13,111438,1,4,0,47.0
10109870DIASG_2025-08-13_G37,10109870DIASG,2025-08-13,118306,1,2,0,85.0
10109870DIASG_2025-08-13_G38,10109870DIASG,2025-08-13,107892,1,4,0,122.0
10109870DIASG_2025-08-13_G39,10109870DIASG,2025-08-13,111660,1,1,0,40.0
10109870DIASG_2025-08-13_G40,10109870DIASG,2025-08-13,100334,1,11,0,785.0
10109870DIASG_2025-08-13_G41,10109870DIASG,2025-08-13,111569,1,40,0,517.0
10109870DIASG_2025-08-13_G42,10109870DIASG,2025-08-13,110129,1,6,0,782.0
10109870DIASG_2025-08-13_G43,10109870DIASG,2025-08-13,111444,1,4,0,226.0
10109870DIASG_2025-08-13_G44,10109870DIASG,2025-08-13,110751,1,2,0,90.0
10109870DIASG_2025-08-13_G45,10109870DIASG,2025-08-13,108711,1,9,0,34.0
10109870DIASG_2025-08-13_G46,10109870DIASG,2025-08-13,105705,1,26,0,270.0
10109870DIASG_2025-08-13_G47,10109870DIASG,2025-08-13,111182,1,19,0,357.0
10109870DIASG_2025-08-13_G48,10109870DIASG,2025-08-13,109645,1,4,0,159.0
10109870DIASG_2025-08-13_G49,10109870DIASG,2025-08-13,111330,1,5,0,158.0
10109870DIASG_2025-08-13_G50,10109870DIASG,2025-08-13,141823,1,2,0,91.0
10109870DIASG_2025-08-13_G51,10109870DIASG,2025-08-13,141458,1,100,0,551.0
10109870DIASG_2025-08-13_G52,10109870DIASG,2025-08-13,117854,1,8,0,1454.0
10109870DIASG_2025-08-13_G53,10109870DIASG,2025-08-13,110741,1,16,0,252.0
10109870DIASG_2025-08-13_G54,10109870DIASG,2025-08-13,118094,1,10,0,39.0
10109870DIASG_2025-08-13_G55,10109870DIASG,2025-08-13,141047,1,71,0,462.0
10109870DIASG_2025-08-13_G56,10109870DIASG,2025-08-13,111467,1,49,0,458.0
10109870DIASG_2025-08-13_G57,10109870DIASG,2025-08-13,110841,1,1,0,130.0
10109870DIASG_2025-08-13_G58,10109870DIASG,2025-08-13,111435,1,126,0,1862.0
10109870DIASG_2025-08-13_G59,10109870DIASG,2025-08-13,105705,1,79,0,419.0
10109870DIASG_2025-08-14_G02,10109870DIASG,2025-08-14,110733,1,2,0,75.0
10109870DIASG_2025-08-14_G03,10109870DIASG,2025-08-14,117853,1,2,0,47.0
10109870DIASG_2025-08-14_G04,10109870DIASG,2025-08-14,141047,1,2,0,69.0
10109870DIASG_2025-08-14_G05,10109870DIASG,2025-08-14,110515,1,2,0,96.0
10109870DIASG_2025-08-14_G06,10109870DIASG,2025-08-14,110325,1,1,0,205.0
10109870DIASG_2025-08-14_G07,10109870DIASG,2025-08-14,110373,1,22,0,223.0
10109870DIASG_2025-08-14_G08,10109870DIASG,2025-08-14,117808,1,25,0,152.0
10109870DIASG_2025-08-14_G09,10109870DIASG,2025-08-14,118299,1,2,0,63.0
10109870DIASG_2025-08-14_G10,10109870DIASG,2025-08-14,118317,1,1,0,89.0
10109870DIASG_2025-08-14_G11,10109870DIASG,2025-08-14,110740,1,3,0,87.0
10109870DIASG_2025-08-14_G12,10109870DIASG,2025-08-14,100334,1,2,0,157.0
10109870DIASG_2025-08-14_G13,10109870DIASG,2025-08-14,110743,1,8,0,1700.0
10109870DIASG_2025-08-14_G14,10109870DIASG,2025-08-14,140922,1,21,0,340.0
10109870DIASG_2025-08-14_G15,10109870DIASG,2025-08-14,111418,1,120,0,761.0
10109870DIASG_2025-08-14_G16,10109870DIASG,2025-08-14,117833,1,9,0,163.0
10109870DIASG_2025-08-14_G17,10109870DIASG,2025-08-14,110740,1,16,0,410.0
10109870DIASG_2025-08-14_G18,10109870DIASG,2025-08-14,111465,1,20,0,214.0
10109870DIASG_2025-08-14_G20,10109870DIASG,2025-08-14,140922,1,5,0,77.0
10109870DIASG_2025-08-14_G21,10109870DIASG,2025-08-14,117841,1,5,0,102.0
10109870DIASG_2025-08-14_G22,10109870DIASG,2025-08-14,117821,1,10,0,81.0
10109870DIASG_2025-08-14_G23,10109870DIASG,2025-08-14,111468,1,10,0,178.0
10109870DIASG_2025-08-14_G24,10109870DIASG,2025-08-14,108794,1,4,0,62.0
10109870DIASG_2025-08-14_G25,10109870DIASG,2025-08-14,117831,1,10,0,178.0
10109870DIASG_2025-08-14_G26,10109870DIASG,2025-08-14,117785,1,1,0,84.0
10109870DIASG_2025-08-14_G27,10109870DIASG,2025-08-14,118317,1,10,0,113.0
10109870DIASG_2025-08-14_G28,10109870DIASG,2025-08-14,111433,1,4,0,58.0
10109870DIASG_2025-08-14_G29,10109870DIASG,2025-08-14,111465,1,10,0,182.0
10109870DIASG_2025-08-14_G30,10109870DIASG,2025-08-14,110373,1,97,0,294.0
10109870DIASG_2025-08-14_G31,10109870DIASG,2025-08-14,110733,1,1,0,1229.0
10109870DIASG_2025-08-14_G32,10109870DIASG,2025-08-14,109649,1,3,0,359.0
10109870DIASG_2025-08-14_G33,10109870DIASG,2025-08-14,111743,1,4,0,249.0
10109870DIASG_2025-08-14_G34,10109870DIASG,2025-08-14,111418,1,24,0,337.0
10109870DIASG_2025-08-14_G35,10109870DIASG,2025-08-14,111418,1,36,0,486.0
10109870DIASG_2025-08-14_G36,10109870DIASG,2025-08-14,111705,1,2,0,547.0
10109870DIASG_2025-08-14_G37,10109870DIASG,2025-08-14,110500,1,1,0,208.0
10109870DIASG_2025-08-14_G38,10109870DIASG,2025-08-14,110742,1,6,0,268.0
10109870DIASG_2025-08-14_G39,10109870DIASG,2025-08-14,111447,1,10,0,299.0
10109870DIASG_2025-08-14_G40,10109870DIASG,2025-08-14,118253,1,12,0,578.0
10109870DIASG_2025-08-14_G41,10109870DIASG,2025-08-14,111440,1,3,0,201.0
10109870DIASG_2025-08-14_G42,10109870DIASG,2025-08-14,110749,1,2,0,94.0
10109870DIASG_2025-08-15_G02,10109870DIASG,2025-08-15,141456,1,4,0,77.0
10109870DIASG_2025-08-15_G03,10109870DIASG,2025-08-15,117838,1,10,0,2342.0
10109870DIASG_2025-08-15_G04,10109870DIASG,2025-08-15,108711,1,16,0,183.0
10109870DIASG_2025-08-15_G05,10109870DIASG,2025-08-15,105705,1,6,0,168.0
10109870DIASG_2025-08-15_G06,10109870DIASG,2025-08-15,111418,1,24,0,248.0
10109870DIASG_2025-08-15_G07,10109870DIASG,2025-08-15,111743,1,11,0,263.0
10109870DIASG_2025-08-15_G08,10109870DIASG,2025-08-15,111446,1,6,0,720.0
10109870DIASG_2025-08-15_G09,10109870DIASG,2025-08-15,105705,1,8,0,154.0
10109870DIASG_2025-08-15_G10,10109870DIASG,2025-08-15,117842,1,4,0,85.0
10109870DIASG_2025-08-15_G11,10109870DIASG,2025-08-15,118094,1,4,0,54.0
10109870DIASG_2025-08-15_G12,10109870DIASG,2025-08-15,118299,1,4,0,137.0
10109870DIASG_2025-08-15_G13,10109870DIASG,2025-08-15,111602,1,2,0,613.0
10109870DIASG_2025-08-15_G14,10109870DIASG,2025-08-15,110313,1,23,0,223.0
10109870DIASG_2025-08-15_G15,10109870DIASG,2025-08-15,118299,1,8,0,110.0
10109870DIASG_2025-08-15_G16,10109870DIASG,2025-08-15,118140,1,16,0,192.0
10109870DIASG_2025-08-15_G17,10109870DIASG,2025-08-15,110787,1,2,0,173.0
10109870DIASG_2025-08-15_G18,10109870DIASG,2025-08-15,141457,1,60,0,2033.0
10109870DIASG_2025-08-15_G19,10109870DIASG,2025-08-15,110787,1,33,0,592.0
10109870DIASG_2025-08-15_G20,10109870DIASG,2025-08-15,110745,1,6,0,1270.0
10109870DIASG_2025-08-15_G21,10109870DIASG,2025-08-15,111172,1,6,0,101.0
10109870DIASG_2025-08-15_G22,10109870DIASG,2025-08-15,141458,1,20,0,275.0
10109870DIASG_2025-08-15_G24,10109870DIASG,2025-08-15,111435,1,3,0,263.0
10109870DIASG_2025-08-15_G25,10109870DIASG,2025-08-15,111532,1,34,0,479.0
10109870DIASG_2025-08-15_G26,10109870DIASG,2025-08-15,109643,1,4,0,503.0
10109870DIASG_2025-08-15_G27,10109870DIASG,2025-08-15,117820,1,32,0,196.0
10109870DIASG_2025-08-15_G28,10109870DIASG,2025-08-15,110371,1,50,0,210.0
10109870DIASG_2025-08-15_G29,10109870DIASG,2025-08-15,110372,1,4,0,590.0
10109870DIASG_2025-08-15_G30,10109870DIASG,2025-08-15,110375,1,16,0,223.0
10109870DIASG_2025-08-15_G31,10109870DIASG,2025-08-15,110373,1,100,0,299.0
10109870DIASG_2025-08-15_G32,10109870DIASG,2025-08-15,117808,1,360,0,936.0
10109870DIASG_2025-08-15_G33,10109870DIASG,2025-08-15,118299,1,40,0,158.0
10109870DIASG_2025-08-15_G34,10109870DIASG,2025-08-15,141202,1,4,0,258.0
10109870DIASG_2025-08-15_G35,10109870DIASG,2025-08-15,118222,1,32,0,722.0
10109870DIASG_2025-08-15_G36,10109870DIASG,2025-08-15,110742,1,9,0,859.0
10109870DIASG_2025-08-15_G37,10109870DIASG,2025-08-15,110895,1,3,0,174.0
10109870DIASG_2025-08-15_G38,10109870DIASG,2025-08-15,111602,1,1,0,2140.0
10109870DIASG_2025-08-15_G39,10109870DIASG,2025-08-15,108711,1,4,0,100.0
10109870DIASG_2025-08-15_G40,10109870DIASG,2025-08-15,110895,1,7,0,157.0
10109870DIASG_2025-08-15_G41,10109870DIASG,2025-08-15,108711,1,12,0,209.0
10109870DIASG_2025-08-15_G42,10109870DIASG,2025-08-15,108794,1,4,0,126.0
10109870DIASG_2025-08-15_G43,10109870DIASG,2025-08-15,140922,1,20,0,588.0
10109870DIASG_2025-08-15_G44,10109870DIASG,2025-08-15,118140,1,36,0,696.0
10109870DIASG_2025-08-16_G02,10109870DIASG,2025-08-16,118140,1,3,0,162.0
10109870DIASG_2025-08-16_G03,10109870DIASG,2025-08-16,111466,1,4,0,179.0
10109870DIASG_2025-08-16_G04,10109870DIASG,2025-08-16,118140,1,6,0,144.0
10109870DIASG_2025-08-16_G05,10109870DIASG,2025-08-16,111602,1,2,0,82.0
10109870DIASG_2025-08-16_G06,10109870DIASG,2025-08-16,110313,1,2,0,78.0
10109870DIASG_2025-08-16_G07,10109870DIASG,2025-08-16,110787,1,5,0,190.0
10109870DIASG_2025-08-16_G08,10109870DIASG,2025-08-16,118140,1,20,0,492.0
10109870DIASG_2025-08-16_G09,10109870DIASG,2025-08-16,111602,1,6,0,321.0
10109870DIASG_2025-08-16_G10,10109870DIASG,2025-08-16,109640,1,3,0,137.0
10109870DIASG_2025-08-16_G11,10109870DIASG,2025-08-16,105705,1,2,0,115.0
10109870DIASG_2025-08-16_G12,10109870DIASG,2025-08-16,117833,1,2,0,108.0
10109870DIASG_2025-08-16_G13,10109870DIASG,2025-08-16,141456,1,8,0,254.0
10109870DIASG_2025-08-16_G14,10109870DIASG,2025-08-16,141458,1,8,0,275.0
10109870DIASG_2025-08-16_G15,10109870DIASG,2025-08-16,141457,1,8,0,82.0
10109870DIASG_2025-08-16_G16,10109870DIASG,2025-08-16,111465,1,2,0,70.0
10109870DIASG_2025-08-16_G17,10109870DIASG,2025-08-16,110373,1,4,0,99.0
10109870DIASG_2025-08-16_G18,10109870DIASG,2025-08-16,117809,1,2,0,85.0
10109870DIASG_2025-08-16_G19,10109870DIASG,2025-08-16,118299,1,2,0,50.0
10109870DIASG_2025-08-16_G20,10109870DIASG,2025-08-16,117808,1,2,0,267.0
10109870DIASG_2025-08-16_G21,10109870DIASG,2025-08-16,118222,1,1,0,149.0
10109870DIASG_2025-08-16_G22,10109870DIASG,2025-08-16,100334,1,1,0,149.0
10109870DIASG_2025-08-16_G23,10109870DIASG,2025-08-16,117855,1,2,0,115.0
10109870DIASG_2025-08-16_G24,10109870DIASG,2025-08-16,110733,1,2,0,91.0
10109870DIASG_2025-08-16_G25,10109870DIASG,2025-08-16,111602,1,4,0,93.0
10109870DIASG_2025-08-16_G26,10109870DIASG,2025-08-16,111435,1,1,0,168.0
10109870DIASG_2025-08-16_G27,10109870DIASG,2025-08-16,111418,1,6,0,2236.0
10109870DIASG_2025-08-16_G28,10109870DIASG,2025-08-16,141456,1,4,0,129.0
10109870DIASG_2025-08-16_G29,10109870DIASG,2025-08-16,118140,1,80,0,509.0
10109870DIASG_2025-08-16_G30,10109870DIASG,2025-08-16,117856,1,11,0,399.0
10109870DIASG_2025-08-16_G31,10109870DIASG,2025-08-16,111418,1,4,0,397.0
10109870DIASG_2025-08-16_G32,10109870DIASG,2025-08-16,118140,1,7,0,174.0
10109870DIASG_2025-08-16_G33,10109870DIASG,2025-08-16,110787,1,4,0,357.0
10109870DIASG_2025-08-16_G34,10109870DIASG,2025-08-16,110373,1,200,0,857.0
10109870DIASG_2025-08-16_G35,10109870DIASG,2025-08-16,117832,1,12,0,400.0
10109870DIASG_2025-08-16_G36,10109870DIASG,2025-08-16,110374,1,44,0,206.0
10109870DIASG_2025-08-16_G37,10109870DIASG,2025-08-16,117808,1,500,0,774.0
10109870DIASG_2025-08-16_G38,10109870DIASG,2025-08-16,117830,1,20,0,1159.0
10109870DIASG_2025-08-16_G40,10109870DIASG,2025-08-16,111418,1,100,0,958.0
10109870DIASG_2025-08-16_G41,10109870DIASG,2025-08-16,111463,1,12,0,405.0
10109870DIASG_2025-08-16_G42,10109870DIASG,2025-08-16,118140,1,8,0,247.0
10109870DIASG_2025-08-16_G43,10109870DIASG,2025-08-16,110372,1,100,0,469.0
10109870DIASG_2025-08-16_G44,10109870DIASG,2025-08-16,117855,1,4,0,2268.0
10109870DIASG_2025-08-16_G45,10109870DIASG,2025-08-16,111876,1,4,0,86.0
10109870DIASG_2025-08-16_G46,10109870DIASG,2025-08-16,117809,1,100,0,376.0
10109870DIASG_2025-08-16_G47,10109870DIASG,2025-08-16,110372,1,75,0,619.0
10109870DIASG_2025-08-16_G48,10109870DIASG,2025-08-16,110371,1,100,0,528.0
10109870DIASG_2025-08-16_G49,10109870DIASG,2025-08-16,110372,1,75,0,933.0
10109870DIASG_2025-08-18_G02,10109870DIASG,2025-08-18,111466,1,23,0,333.0
10109870DIASG_2025-08-18_G03,10109870DIASG,2025-08-18,111463,1,16,0,211.0
10109870DIASG_2025-08-18_G04,10109870DIASG,2025-08-18,117856,1,12,0,115.0
10109870DIASG_2025-08-18_G05,10109870DIASG,2025-08-18,110372,1,40,0,581.0
10109870DIASG_2025-08-18_G06,10109870DIASG,2025-08-18,111463,1,4,0,139.0
10109870DIASG_2025-08-18_G07,10109870DIASG,2025-08-18,110372,1,6,0,77.0
10109870DIASG_2025-08-18_G08,10109870DIASG,2025-08-18,111466,1,4,0,117.0
10109870DIASG_2025-08-18_G09,10109870DIASG,2025-08-18,110372,1,3,0,246.0
10109870DIASG_2025-08-18_G10,10109870DIASG,2025-08-18,110711,1,3,0,374.0
10109870DIASG_2025-08-18_G11,10109870DIASG,2025-08-18,117856,1,2,0,94.0
10109870DIASG_2025-08-18_G12,10109870DIASG,2025-08-18,109641,1,6,0,174.0
10109870DIASG_2025-08-18_G13,10109870DIASG,2025-08-18,111466,1,2,0,62.0
10109870DIASG_2025-08-18_G14,10109870DIASG,2025-08-18,111463,1,1,0,67.0
10109870DIASG_2025-08-18_G15,10109870DIASG,2025-08-18,110372,1,16,0,181.0
10109870DIASG_2025-08-18_G16,10109870DIASG,2025-08-18,117856,1,4,0,355.0
10109870DIASG_2025-08-18_G17,10109870DIASG,2025-08-18,110372,1,5,0,36.0
10109870DIASG_2025-08-18_G18,10109870DIASG,2025-08-18,110711,1,10,0,578.0
10109870DIASG_2025-08-18_G19,10109870DIASG,2025-08-18,110711,1,6,0,190.0
10109870DIASG_2025-08-18_G20,10109870DIASG,2025-08-18,117856,1,4,0,219.0
10109870DIASG_2025-08-18_G21,10109870DIASG,2025-08-18,111466,1,2,0,80.0
10109870DIASG_2025-08-18_G23,10109870DIASG,2025-08-18,109641,2,20,9,251.0
10109870DIASG_2025-08-18_G24,10109870DIASG,2025-08-18,111348,1,3,0,292.0
10109870DIASG_2025-08-18_G25,10109870DIASG,2025-08-18,111431,1,7,0,172.0
10109870DIASG_2025-08-18_G26,10109870DIASG,2025-08-18,111442,1,10,0,135.0
10109870DIASG_2025-08-18_G27,10109870DIASG,2025-08-18,111650,1,4,0,760.0
10109870DIASG_2025-08-18_G28,10109870DIASG,2025-08-18,110733,1,10,0,79.0
10109870DIASG_2025-08-18_G29,10109870DIASG,2025-08-18,111602,1,209,0,544.0
10109870DIASG_2025-08-18_G30,10109870DIASG,2025-08-18,110515,1,250,0,979.0
10109870DIASG_2025-08-18_G31,10109870DIASG,2025-08-18,110372,1,350,0,1544.0
10109870DIASG_2025-08-18_G32,10109870DIASG,2025-08-18,118140,1,10,0,346.0
10109870DIASG_2025-08-18_G33,10109870DIASG,2025-08-18,141457,1,150,0,1295.0
10109870DIASG_2025-08-18_G34,10109870DIASG,2025-08-18,108795,1,2,0,845.0
10109870DIASG_2025-08-18_G35,10109870DIASG,2025-08-18,111463,1,2,0,75.0
10109870DIASG_2025-08-18_G36,10109870DIASG,2025-08-18,111463,1,14,0,57.0
10109870DIASG_2025-08-18_G37,10109870DIASG,2025-08-18,140922,1,8,0,206.0
10109870DIASG_2025-08-18_G38,10109870DIASG,2025-08-18,"141456, 118140",2,24,25,169.0
10109870DIASG_2025-08-18_G39,10109870DIASG,2025-08-18,110740,1,6,0,142.0
10109870DIASG_2025-08-18_G40,10109870DIASG,2025-08-18,141458,1,6,0,206.0
10109870DIASG_2025-08-18_G41,10109870DIASG,2025-08-18,111463,1,12,0,201.0
10109870DIASG_2025-08-18_G42,10109870DIASG,2025-08-18,118094,1,2,0,278.0
10109870DIASG_2025-08-18_G43,10109870DIASG,2025-08-18,117808,1,100,0,308.0
10109870DIASG_2025-08-18_G44,10109870DIASG,2025-08-18,117830,1,4,0,138.0
10109870DIASG_2025-08-19_G03,10109870DIASG,2025-08-19,109648,1,4,0,332.0
10109870DIASG_2025-08-19_G04,10109870DIASG,2025-08-19,110372,1,717,0,1046.0
10109870DIASG_2025-08-19_G05,10109870DIASG,2025-08-19,117862,1,1,0,1754.0
10109870DIASG_2025-08-19_G06,10109870DIASG,2025-08-19,117855,2,6,6,56.0
10109870DIASG_2025-08-19_G07,10109870DIASG,2025-08-19,111876,1,2,0,96.0
10109870DIASG_2025-08-19_G08,10109870DIASG,2025-08-19,110711,1,1,0,40.0
10109870DIASG_2025-08-19_G09,10109870DIASG,2025-08-19,110733,1,2,0,145.0
10109870DIASG_2025-08-19_G10,10109870DIASG,2025-08-19,109640,1,2,0,65.0
10109870DIASG_2025-08-19_G11,10109870DIASG,2025-08-19,110752,1,2,0,136.0
10109870DIASG_2025-08-19_G12,10109870DIASG,2025-08-19,110515,1,8,0,115.0
10109870DIASG_2025-08-19_G13,10109870DIASG,2025-08-19,110373,3,7,38,201.0
10109870DIASG_2025-08-19_G14,10109870DIASG,2025-08-19,109643,1,2,0,55.0
10109870DIASG_2025-08-19_G15,10109870DIASG,2025-08-19,117808,2,13,8,398.0
10109870DIASG_2025-08-19_G16,10109870DIASG,2025-08-19,117830,1,2,0,163.0
10109870DIASG_2025-08-19_G17,10109870DIASG,2025-08-19,110895,1,4,0,327.0
10109870DIASG_2025-08-19_G18,10109870DIASG,2025-08-19,111430,1,19,0,145.0
10109870DIASG_2025-08-20_G02,10109870DIASG,2025-08-20,111634,1,6,0,327.0
10109870DIASG_2025-08-20_G03,10109870DIASG,2025-08-20,141262,1,20,0,256.0
10109870DIASG_2025-08-20_G04,10109870DIASG,2025-08-20,117830,1,10,0,127.0
10109870DIASG_2025-08-20_G05,10109870DIASG,2025-08-20,118191,1,100,0,464.0
10109870DIASG_2025-08-20_G06,10109870DIASG,2025-08-20,111741,1,60,0,857.0
10109870DIASG_2025-08-20_G07,10109870DIASG,2025-08-20,110373,1,2,0,85.0
10109870DIASG_2025-08-20_G08,10109870DIASG,2025-08-20,118299,1,60,0,569.0
10109870DIASG_2025-08-20_G09,10109870DIASG,2025-08-20,117809,1,10,0,380.0
10109870DIASG_2025-08-20_G10,10109870DIASG,2025-08-20,111634,1,200,0,481.0
10109870DIASG_2025-08-20_G11,10109870DIASG,2025-08-20,111751,1,15,0,326.0
10109870DIASG_2025-08-20_G12,10109870DIASG,2025-08-20,141262,1,100,0,310.0
10109870DIASG_2025-08-20_G13,10109870DIASG,2025-08-20,111722,1,150,0,737.0
10109870DIASG_2025-08-20_G14,10109870DIASG,2025-08-20,111435,1,4,0,2404.0
10109870DIASG_2025-08-20_G15,10109870DIASG,2025-08-20,108795,1,4,0,103.0
10109870DIASG_2025-08-20_G16,10109870DIASG,2025-08-20,111418,1,4,0,196.0
10109870DIASG_2025-08-20_G17,10109870DIASG,2025-08-20,"111532, 141823",2,6,28,102.0
10109870DIASG_2025-08-20_G18,10109870DIASG,2025-08-20,110787,1,4,0,72.0
10109870DIASG_2025-08-20_G19,10109870DIASG,2025-08-20,141456,1,4,0,87.0
10109870DIASG_2025-08-20_G20,10109870DIASG,2025-08-20,109645,1,4,0,132.0
10109870DIASG_2025-08-20_G21,10109870DIASG,2025-08-20,118140,1,6,0,540.0
10109870DIASG_2025-08-20_G22,10109870DIASG,2025-08-20,111172,1,4,0,132.0
10109870DIASG_2025-08-20_G23,10109870DIASG,2025-08-20,141458,1,4,0,73.0
10109870DIASG_2025-08-20_G24,10109870DIASG,2025-08-20,141457,1,4,0,53.0
10109870DIASG_2025-08-20_G25,10109870DIASG,2025-08-20,111569,1,2,0,311.0
10109870DIASG_2025-08-20_G26,10109870DIASG,2025-08-20,110733,1,4,0,124.0
10109870DIASG_2025-08-20_G27,10109870DIASG,2025-08-20,117822,1,1,0,107.0
10109870DIASG_2025-08-20_G28,10109870DIASG,2025-08-20,141456,1,4,0,215.0
10109870DIASG_2025-08-20_G29,10109870DIASG,2025-08-20,118140,1,8,0,90.0
10109870DIASG_2025-08-20_G30,10109870DIASG,2025-08-20,141458,1,4,0,133.0
10109870DIASG_2025-08-20_G31,10109870DIASG,2025-08-20,141457,1,4,0,52.0
10109870DIASG_2025-08-20_G32,10109870DIASG,2025-08-20,111469,1,33,0,251.0
10109870DIASG_2025-08-20_G33,10109870DIASG,2025-08-20,111466,1,40,0,558.0
10109870DIASG_2025-08-20_G35,10109870DIASG,2025-08-20,110515,1,8,0,140.0
10109870DIASG_2025-08-20_G36,10109870DIASG,2025-08-20,111466,1,20,0,253.0
10109870DIASG_2025-08-20_G37,10109870DIASG,2025-08-20,110373,1,4,0,318.0
10109870DIASG_2025-08-20_G38,10109870DIASG,2025-08-20,109643,1,2,0,71.0
10109870DIASG_2025-08-20_G39,10109870DIASG,2025-08-20,117820,1,60,0,427.0
10109870DIASG_2025-08-20_G40,10109870DIASG,2025-08-20,118299,1,44,0,431.0
10109870DIASG_2025-08-20_G41,10109870DIASG,2025-08-20,117840,1,4,0,101.0
10109870DIASG_2025-08-20_G42,10109870DIASG,2025-08-20,117808,1,80,0,788.0
10109870DIASG_2025-08-20_G43,10109870DIASG,2025-08-20,107830,1,6,0,1024.0
10109870DIASG_2025-08-20_G44,10109870DIASG,2025-08-20,110373,1,70,0,236.0
10109870DIASG_2025-08-20_G45,10109870DIASG,2025-08-20,117820,1,17,0,447.0
10109870DIASG_2025-08-20_G46,10109870DIASG,2025-08-20,110372,1,62,0,567.0
10109870DIASG_2025-08-20_G47,10109870DIASG,2025-08-20,110372,2,40,21,242.0
10109870DIASG_2025-08-20_G48,10109870DIASG,2025-08-20,110371,2,41,9,866.0
10109870DIASG_2025-08-20_G49,10109870DIASG,2025-08-20,117808,1,100,0,405.0
10109870DIASG_2025-08-20_G50,10109870DIASG,2025-08-20,117808,1,150,0,959.0
10109870DIASG_2025-08-20_G51,10109870DIASG,2025-08-20,117830,1,31,0,250.0
10109870DIASG_2025-08-21_G02,10109870DIASG,2025-08-21,117785,2,50,24,1521.0
10109870DIASG_2025-08-21_G03,10109870DIASG,2025-08-21,111602,1,30,0,922.0
10109870DIASG_2025-08-21_G04,10109870DIASG,2025-08-21,111466,2,40,5,278.0
10109870DIASG_2025-08-21_G05,10109870DIASG,2025-08-21,110895,1,4,0,734.0
10109870DIASG_2025-08-21_G06,10109870DIASG,2025-08-21,117836,2,8,7,119.0
10109870DIASG_2025-08-21_G07,10109870DIASG,2025-08-21,117855,1,1,0,154.0
10109870DIASG_2025-08-21_G08,10109870DIASG,2025-08-21,110733,1,2,0,76.0
10109870DIASG_2025-08-21_G09,10109870DIASG,2025-08-21,117786,1,6,0,104.0
10109870DIASG_2025-08-21_G10,10109870DIASG,2025-08-21,109640,1,2,0,94.0
10109870DIASG_2025-08-21_G11,10109870DIASG,2025-08-21,110515,1,10,0,205.0
10109870DIASG_2025-08-21_G12,10109870DIASG,2025-08-21,117820,2,14,10,112.0
10109870DIASG_2025-08-21_G13,10109870DIASG,2025-08-21,110373,1,3,0,248.0
10109870DIASG_2025-08-21_G14,10109870DIASG,2025-08-21,111469,1,4,0,535.0
10109870DIASG_2025-08-21_G15,10109870DIASG,2025-08-21,117785,1,36,0,102.0
10109870DIASG_2025-08-21_G16,10109870DIASG,2025-08-21,111532,1,8,0,382.0
10109870DIASG_2025-08-21_G17,10109870DIASG,2025-08-21,141456,1,24,0,53.0
10109870DIASG_2025-08-21_G18,10109870DIASG,2025-08-21,118140,1,24,0,391.0
10109870DIASG_2025-08-21_G19,10109870DIASG,2025-08-21,110787,2,5,7,217.0
10109870DIASG_2025-08-21_G20,10109870DIASG,2025-08-21,110740,1,10,0,135.0
10109870DIASG_2025-08-21_G21,10109870DIASG,2025-08-21,141458,1,8,0,148.0
10109870DIASG_2025-08-21_G22,10109870DIASG,2025-08-21,110754,1,4,0,99.0
10109870DIASG_2025-08-21_G23,10109870DIASG,2025-08-21,111530,1,10,0,199.0
10109870DIASG_2025-08-21_G24,10109870DIASG,2025-08-21,117855,1,8,0,278.0
10109870DIASG_2025-08-21_G25,10109870DIASG,2025-08-21,117832,1,80,0,925.0
10109870DIASG_2025-08-21_G26,10109870DIASG,2025-08-21,118299,1,350,0,813.0
10109870DIASG_2025-08-21_G28,10109870DIASG,2025-08-21,110372,1,150,0,1009.0
10109870DIASG_2025-08-21_G29,10109870DIASG,2025-08-21,117832,1,100,0,431.0
10109870DIASG_2025-08-21_G30,10109870DIASG,2025-08-21,117832,1,100,0,975.0
10109870DIASG_2025-08-21_G31,10109870DIASG,2025-08-21,117830,1,100,0,447.0
10109870DIASG_2025-08-21_G32,10109870DIASG,2025-08-21,117822,1,24,0,478.0
10109870DIASG_2025-08-21_G33,10109870DIASG,2025-08-21,117856,1,4,0,119.0
10109870DIASG_2025-08-21_G34,10109870DIASG,2025-08-21,117786,1,17,0,276.0
10109870DIASG_2025-08-21_G35,10109870DIASG,2025-08-21,117862,1,40,0,166.0
10109870DIASG_2025-08-22_G02,10109870DIASG,2025-08-22,108711,1,38,0,262.0
10109870DIASG_2025-08-22_G03,10109870DIASG,2025-08-22,111743,1,60,0,452.0
10109870DIASG_2025-08-22_G04,10109870DIASG,2025-08-22,105705,1,12,0,198.0
10109870DIASG_2025-08-22_G05,10109870DIASG,2025-08-22,111466,1,77,0,313.0
10109870DIASG_2025-08-22_G06,10109870DIASG,2025-08-22,111462,1,79,0,1617.0
10109870DIASG_2025-08-22_G07,10109870DIASG,2025-08-22,111418,1,43,0,1050.0
10109870DIASG_2025-08-22_G08,10109870DIASG,2025-08-22,110372,1,300,0,1174.0
10109870DIASG_2025-08-22_G09,10109870DIASG,2025-08-22,117808,1,300,0,2000.0
10109870DIASG_2025-08-22_G10,10109870DIASG,2025-08-22,117820,1,80,0,399.0
10109870DIASG_2025-08-22_G11,10109870DIASG,2025-08-22,117832,1,40,0,333.0
10109870DIASG_2025-08-22_G12,10109870DIASG,2025-08-22,118299,1,108,0,185.0
10109870DIASG_2025-08-22_G13,10109870DIASG,2025-08-22,117830,1,40,0,486.0
10109870DIASG_2025-08-22_G14,10109870DIASG,2025-08-22,117856,1,4,0,373.0
10109870DIASG_2025-08-22_G15,10109870DIASG,2025-08-22,111602,1,6,0,43.0
10109870DIASG_2025-08-23_G02,10109870DIASG,2025-08-23,117856,1,17,0,310.0
10109870DIASG_2025-08-23_G03,10109870DIASG,2025-08-23,117786,1,25,0,776.0
10109870DIASG_2025-08-23_G04,10109870DIASG,2025-08-23,111602,1,14,0,241.0
10109870DIASG_2025-08-23_G05,10109870DIASG,2025-08-23,111602,1,2,0,49.0
10109870DIASG_2025-08-23_G06,10109870DIASG,2025-08-23,109640,1,7,0,176.0
10109870DIASG_2025-08-23_G07,10109870DIASG,2025-08-23,117820,1,150,0,524.0
10109870DIASG_2025-08-23_G08,10109870DIASG,2025-08-23,117808,1,300,0,767.0
10109870DIASG_2025-08-23_G09,10109870DIASG,2025-08-23,117809,1,30,0,450.0
10109870DIASG_2025-08-23_G11,10109870DIASG,2025-08-23,108770,1,9,0,568.0
10109870DIASG_2025-08-25_G02,10109870DIASG,2025-08-25,111462,1,37,0,355.0
10109870DIASG_2025-08-25_G03,10109870DIASG,2025-08-25,111430,1,2,0,256.0
10109870DIASG_2025-08-25_G04,10109870DIASG,2025-08-25,117785,1,2,0,494.0
10109870DIASG_2025-08-25_G05,10109870DIASG,2025-08-25,110374,1,4,0,594.0
10109870DIASG_2025-08-25_G06,10109870DIASG,2025-08-25,117808,1,43,0,644.0
10109870DIASG_2025-08-25_G07,10109870DIASG,2025-08-25,110373,1,3,0,106.0
10109870DIASG_2025-08-25_G08,10109870DIASG,2025-08-25,110372,1,7,0,117.0
10109870DIASG_2025-08-25_G09,10109870DIASG,2025-08-25,118299,1,10,0,160.0
10109870DIASG_2025-08-25_G10,10109870DIASG,2025-08-25,110371,1,4,0,77.0
10109870DIASG_2025-08-25_G11,10109870DIASG,2025-08-25,111469,1,6,0,124.0
10109870DIASG_2025-08-25_G12,10109870DIASG,2025-08-25,117785,1,9,0,309.0
10109870DIASG_2025-08-25_G13,10109870DIASG,2025-08-25,118222,1,1,0,1729.0
10109870DIASG_2025-08-25_G14,10109870DIASG,2025-08-25,111418,1,2,0,211.0
10109870DIASG_2025-08-25_G15,10109870DIASG,2025-08-25,118222,1,1,0,169.0
10109870DIASG_2025-08-25_G16,10109870DIASG,2025-08-25,110747,1,4,0,144.0
10109870DIASG_2025-08-25_G17,10109870DIASG,2025-08-25,111602,1,4,0,83.0
10109870DIASG_2025-08-25_G18,10109870DIASG,2025-08-25,111418,1,3,0,442.0
10109870DIASG_2025-08-25_G19,10109870DIASG,2025-08-25,111446,1,4,0,952.0
10109870DIASG_2025-08-25_G20,10109870DIASG,2025-08-25,109640,1,12,0,616.0
10109870DIASG_2025-08-25_G21,10109870DIASG,2025-08-25,118222,1,7,0,317.0
10109870DIASG_2025-08-25_G22,10109870DIASG,2025-08-25,111530,1,2,0,197.0
10109870DIASG_2025-08-25_G23,10109870DIASG,2025-08-25,111418,1,7,0,134.0
10109870DIASG_2025-08-25_G24,10109870DIASG,2025-08-25,110787,1,5,0,312.0
10109870DIASG_2025-08-25_G25,10109870DIASG,2025-08-25,111462,1,3,0,134.0
10109870DIASG_2025-08-25_G26,10109870DIASG,2025-08-25,111441,2,9,10,329.0
10109870DIASG_2025-08-25_G27,10109870DIASG,2025-08-25,111441,1,50,0,613.0
10109870DIASG_2025-08-25_G28,10109870DIASG,2025-08-25,110895,1,12,0,479.0
10109870DIASG_2025-08-25_G29,10109870DIASG,2025-08-25,111530,1,4,0,132.0
10109870DIASG_2025-08-25_G30,10109870DIASG,2025-08-25,111462,1,6,0,139.0
10109870DIASG_2025-08-25_G31,10109870DIASG,2025-08-25,110374,1,15,0,325.0
10109870DIASG_2025-08-25_G32,10109870DIASG,2025-08-25,111530,1,6,0,461.0
10109870DIASG_2025-08-25_G33,10109870DIASG,2025-08-25,117862,1,1,0,80.0
10109870DIASG_2025-08-25_G34,10109870DIASG,2025-08-25,108772,1,11,0,147.0
10109870DIASG_2025-08-25_G35,10109870DIASG,2025-08-25,110733,1,1,0,47.0
10109870DIASG_2025-08-25_G36,10109870DIASG,2025-08-25,110740,1,2,0,167.0
10109870DIASG_2025-08-25_G37,10109870DIASG,2025-08-25,111465,1,3,0,78.0
10109870DIASG_2025-08-25_G39,10109870DIASG,2025-08-25,110373,1,8,0,364.0
10109870DIASG_2025-08-25_G40,10109870DIASG,2025-08-25,118299,1,6,0,131.0
10109870DIASG_2025-08-25_G41,10109870DIASG,2025-08-25,118222,1,5,0,108.0
10109870DIASG_2025-08-25_G42,10109870DIASG,2025-08-25,118290,1,2,0,251.0
10109870DIASG_2025-08-25_G43,10109870DIASG,2025-08-25,110711,1,4,0,441.0
10109870DIASG_2025-08-25_G44,10109870DIASG,2025-08-25,117862,1,2,0,148.0
10109870DIASG_2025-08-25_G45,10109870DIASG,2025-08-25,118222,1,2,0,471.0
10109870DIASG_2025-08-25_G46,10109870DIASG,2025-08-25,118290,1,1,0,152.0
10109870DIASG_2025-08-25_G47,10109870DIASG,2025-08-25,111569,1,1,0,128.0
10109870DIASG_2025-08-25_G48,10109870DIASG,2025-08-25,108711,1,2,0,138.0
10109870DIASG_2025-08-25_G49,10109870DIASG,2025-08-25,111532,1,2,0,171.0
10109870DIASG_2025-08-25_G50,10109870DIASG,2025-08-25,110373,1,18,0,206.0
10109870DIASG_2025-08-25_G51,10109870DIASG,2025-08-25,118222,1,1,0,541.0
10109870DIASG_2025-08-25_G52,10109870DIASG,2025-08-25,111569,1,6,0,391.0
10109870DIASG_2025-08-25_G53,10109870DIASG,2025-08-25,110373,1,11,0,134.0
10109870DIASG_2025-08-25_G54,10109870DIASG,2025-08-25,110372,1,3,0,94.0
10109870DIASG_2025-08-25_G55,10109870DIASG,2025-08-25,118299,1,1,0,84.0
10109870DIASG_2025-08-25_G56,10109870DIASG,2025-08-25,110374,1,4,0,386.0
10109870DIASG_2025-08-25_G57,10109870DIASG,2025-08-25,117862,1,2,0,257.0
10109870DIASG_2025-08-25_G58,10109870DIASG,2025-08-25,141047,1,4,0,241.0
10109870DIASG_2025-08-25_G59,10109870DIASG,2025-08-25,110339,1,2,0,303.0
10109870DIASG_2025-08-25_G60,10109870DIASG,2025-08-25,118290,1,2,0,1015.0
10109870DIASG_2025-08-25_G61,10109870DIASG,2025-08-25,110374,1,3,0,126.0
10109870DIASG_2025-08-25_G62,10109870DIASG,2025-08-25,110373,1,6,0,122.0
10109870DIASG_2025-08-25_G63,10109870DIASG,2025-08-25,111435,1,2,0,1631.0
10109870DIASG_2025-08-25_G64,10109870DIASG,2025-08-25,118326,1,6,0,190.0
10109870DIASG_2025-08-27_G02,10109870DIASG,2025-08-27,117854,1,1,0,123.0
10109870DIASG_2025-08-27_G03,10109870DIASG,2025-08-27,117856,1,20,0,334.0
10109870DIASG_2025-08-27_G04,10109870DIASG,2025-08-27,118094,1,17,0,137.0
10109870DIASG_2025-08-27_G05,10109870DIASG,2025-08-27,118298,1,6,0,107.0
10109870DIASG_2025-08-27_G06,10109870DIASG,2025-08-27,111435,1,3,0,944.0
10109870DIASG_2025-08-27_G07,10109870DIASG,2025-08-27,140922,1,4,0,405.0
10109870DIASG_2025-08-27_G08,10109870DIASG,2025-08-27,108794,1,7,0,133.0
10109870DIASG_2025-08-27_G09,10109870DIASG,2025-08-27,118140,1,13,0,187.0
10109870DIASG_2025-08-27_G10,10109870DIASG,2025-08-27,111466,1,19,0,449.0
10109870DIASG_2025-08-27_G11,10109870DIASG,2025-08-27,117831,1,11,0,362.0
10109870DIASG_2025-08-27_G12,10109870DIASG,2025-08-27,109641,1,3,0,111.0
10109870DIASG_2025-08-27_G13,10109870DIASG,2025-08-27,160055,1,3,0,156.0
10109870DIASG_2025-08-27_G14,10109870DIASG,2025-08-27,110313,2,4,6,204.0
10109870DIASG_2025-08-27_G15,10109870DIASG,2025-08-27,117862,1,14,0,336.0
10109870DIASG_2025-08-27_G16,10109870DIASG,2025-08-27,117855,1,6,0,938.0
10109870DIASG_2025-08-27_G17,10109870DIASG,2025-08-27,117856,2,15,5,174.0
10109870DIASG_2025-08-27_G18,10109870DIASG,2025-08-27,117935,2,5,15,128.0
10109870DIASG_2025-08-27_G19,10109870DIASG,2025-08-27,117861,2,6,8,69.0
10109870DIASG_2025-08-27_G20,10109870DIASG,2025-08-27,117853,1,1,0,74.0
10109870DIASG_2025-08-27_G21,10109870DIASG,2025-08-27,117786,2,8,12,96.0
10109870DIASG_2025-08-27_G22,10109870DIASG,2025-08-27,141047,1,2,0,264.0
10109870DIASG_2025-08-27_G23,10109870DIASG,2025-08-27,111602,1,2,0,85.0
10109870DIASG_2025-08-27_G24,10109870DIASG,2025-08-27,109640,1,2,0,95.0
10109870DIASG_2025-08-27_G25,10109870DIASG,2025-08-27,117822,1,2,0,180.0
10109870DIASG_2025-08-27_G26,10109870DIASG,2025-08-27,118299,1,18,0,188.0
10109870DIASG_2025-08-27_G27,10109870DIASG,2025-08-27,110371,2,8,6,52.0
10109870DIASG_2025-08-27_G28,10109870DIASG,2025-08-27,110895,3,17,22,125.0
10109870DIASG_2025-08-27_G29,10109870DIASG,2025-08-27,117834,1,3,0,240.0
10109870DIASG_2025-08-27_G30,10109870DIASG,2025-08-27,111569,1,2,0,137.0
10109870DIASG_2025-08-27_G31,10109870DIASG,2025-08-27,111530,1,24,0,2158.0
10109870DIASG_2025-08-27_G32,10109870DIASG,2025-08-27,110711,1,3,0,91.0
10109870DIASG_2025-08-27_G33,10109870DIASG,2025-08-27,117856,1,4,0,98.0
10109870DIASG_2025-08-27_G34,10109870DIASG,2025-08-27,117935,1,5,0,142.0
10109870DIASG_2025-08-27_G35,10109870DIASG,2025-08-27,141047,1,4,0,133.0
10109870DIASG_2025-08-27_G36,10109870DIASG,2025-08-27,111602,1,7,0,138.0
10109870DIASG_2025-08-27_G37,10109870DIASG,2025-08-27,111441,1,4,0,267.0
10109870DIASG_2025-08-27_G38,10109870DIASG,2025-08-27,117809,1,1,0,448.0
10109870DIASG_2025-08-27_G39,10109870DIASG,2025-08-27,117832,1,4,0,64.0
10109870DIASG_2025-08-27_G40,10109870DIASG,2025-08-27,117830,1,20,0,206.0
10109870DIASG_2025-08-27_G41,10109870DIASG,2025-08-27,118299,1,26,0,235.0
10109870DIASG_2025-08-27_G42,10109870DIASG,2025-08-27,111469,1,4,0,228.0
10109870DIASG_2025-08-27_G43,10109870DIASG,2025-08-27,140922,1,4,0,121.0
10109870DIASG_2025-08-27_G44,10109870DIASG,2025-08-27,105705,1,4,0,288.0
10109870DIASG_2025-08-27_G45,10109870DIASG,2025-08-27,118140,1,3,0,176.0
10109870DIASG_2025-08-27_G46,10109870DIASG,2025-08-27,111172,1,4,0,79.0
10109870DIASG_2025-08-27_G47,10109870DIASG,2025-08-27,107236,1,7,0,106.0
10109870DIASG_2025-08-27_G49,10109870DIASG,2025-08-27,111465,1,2,0,45.0
10109870DIASG_2025-08-27_G50,10109870DIASG,2025-08-27,111463,1,8,0,2649.0
10109870DIASG_2025-08-27_G51,10109870DIASG,2025-08-27,111532,1,5,0,116.0
10109870DIASG_2025-08-27_G52,10109870DIASG,2025-08-27,110787,1,3,0,135.0
10109870DIASG_2025-08-27_G53,10109870DIASG,2025-08-27,117831,1,4,0,54.0
10109870DIASG_2025-08-27_G54,10109870DIASG,2025-08-27,107236,1,4,0,78.0
10109870DIASG_2025-08-27_G55,10109870DIASG,2025-08-27,111462,1,3,0,34.0
10109870DIASG_2025-08-27_G56,10109870DIASG,2025-08-27,111465,1,8,0,194.0
10109870DIASG_2025-08-27_G57,10109870DIASG,2025-08-27,111530,1,9,0,191.0
10109870DIASG_2025-08-27_G58,10109870DIASG,2025-08-27,118094,1,4,0,88.0
10109870DIASG_2025-08-27_G59,10109870DIASG,2025-08-27,111602,1,1,0,37.0
10109870DIASG_2025-08-27_G60,10109870DIASG,2025-08-27,117808,1,10,0,306.0
10109870DIASG_2025-08-27_G61,10109870DIASG,2025-08-27,117820,1,8,0,125.0
10109870DIASG_2025-08-27_G62,10109870DIASG,2025-08-27,117832,1,4,0,326.0
10109870DIASG_2025-08-27_G63,10109870DIASG,2025-08-27,110372,1,4,0,32.0
10109870DIASG_2025-08-27_G64,10109870DIASG,2025-08-27,110515,1,10,0,425.0
10109870DIASG_2025-08-27_G65,10109870DIASG,2025-08-27,105705,1,4,0,124.0
10109870DIASG_2025-08-27_G66,10109870DIASG,2025-08-27,108759,1,14,0,674.0
10109870DIASG_2025-08-27_G67,10109870DIASG,2025-08-27,111462,1,5,0,97.0
10109870DIASG_2025-08-27_G68,10109870DIASG,2025-08-27,111530,1,27,0,303.0
10109870DIASG_2025-08-27_G69,10109870DIASG,2025-08-27,111430,1,3,0,200.0
10109870DIASG_2025-08-27_G70,10109870DIASG,2025-08-27,110895,1,3,0,145.0
10109870DIASG_2025-08-27_G71,10109870DIASG,2025-08-27,109643,1,4,0,73.0
10109870DIASG_2025-08-27_G72,10109870DIASG,2025-08-27,110325,1,5,0,124.0
10109870DIASG_2025-08-27_G73,10109870DIASG,2025-08-27,117832,1,3,0,86.0
10109870DIASG_2025-08-27_G74,10109870DIASG,2025-08-27,140922,1,4,0,94.0
10109870DIASG_2025-08-27_G75,10109870DIASG,2025-08-27,118317,1,2,0,120.0
10109870DIASG_2025-08-27_G76,10109870DIASG,2025-08-27,118140,1,2,0,54.0
10109870DIASG_2025-08-27_G77,10109870DIASG,2025-08-27,111172,1,2,0,69.0
10109870DIASG_2025-08-27_G78,10109870DIASG,2025-08-27,117862,1,110,0,1999.0
10109870DIASG_2025-08-27_G79,10109870DIASG,2025-08-27,117855,1,80,0,393.0
10109870DIASG_2025-08-27_G80,10109870DIASG,2025-08-27,117856,1,89,0,573.0
10109870DIASG_2025-08-27_G81,10109870DIASG,2025-08-27,110339,1,156,0,434.0
10109870DIASG_2025-08-27_G82,10109870DIASG,2025-08-27,110515,1,143,0,578.0
10109870DIASG_2025-08-28_G02,10109870DIASG,2025-08-28,111469,1,10,0,370.0
10109870DIASG_2025-08-28_G03,10109870DIASG,2025-08-28,111466,1,5,0,81.0
10109870DIASG_2025-08-28_G04,10109870DIASG,2025-08-28,111466,1,3,0,53.0
10109870DIASG_2025-08-28_G05,10109870DIASG,2025-08-28,111462,1,20,0,174.0
10109870DIASG_2025-08-28_G06,10109870DIASG,2025-08-28,110787,1,41,0,869.0
10109870DIASG_2025-08-28_G07,10109870DIASG,2025-08-28,111466,1,43,0,518.0
10109870DIASG_2025-08-28_G08,10109870DIASG,2025-08-28,118140,1,62,0,466.0
10109870DIASG_2025-08-28_G09,10109870DIASG,2025-08-28,110711,1,15,0,215.0
10109870DIASG_2025-08-28_G10,10109870DIASG,2025-08-28,117785,1,50,0,1636.0
10109870DIASG_2025-08-28_G11,10109870DIASG,2025-08-28,111532,1,16,0,384.0
10109870DIASG_2025-08-28_G12,10109870DIASG,2025-08-28,111469,1,60,0,430.0
10109870DIASG_2025-08-28_G13,10109870DIASG,2025-08-28,111462,1,10,0,323.0
10109870DIASG_2025-08-28_G14,10109870DIASG,2025-08-28,117808,1,20,0,2532.0
10109870DIASG_2025-08-28_G15,10109870DIASG,2025-08-28,160053,1,4,0,170.0
10109870DIASG_2025-08-28_G16,10109870DIASG,2025-08-28,110740,1,4,0,88.0
10109870DIASG_2025-08-28_G17,10109870DIASG,2025-08-28,160057,1,4,0,147.0
10109870DIASG_2025-08-28_G18,10109870DIASG,2025-08-28,117855,1,1,0,691.0
10109870DIASG_2025-08-28_G19,10109870DIASG,2025-08-28,110741,1,2,0,73.0
10109870DIASG_2025-08-28_G20,10109870DIASG,2025-08-28,117853,1,4,0,139.0
10109870DIASG_2025-08-28_G21,10109870DIASG,2025-08-28,141047,1,2,0,68.0
10109870DIASG_2025-08-28_G22,10109870DIASG,2025-08-28,111467,1,2,0,176.0
10109870DIASG_2025-08-28_G23,10109870DIASG,2025-08-28,110895,1,4,0,281.0
10109870DIASG_2025-08-28_G24,10109870DIASG,2025-08-28,111463,1,10,0,231.0
10109870DIASG_2025-08-28_G25,10109870DIASG,2025-08-28,111172,1,7,0,140.0
10109870DIASG_2025-08-28_G26,10109870DIASG,2025-08-28,110745,1,2,0,51.0
10109870DIASG_2025-08-28_G27,10109870DIASG,2025-08-28,109641,1,2,0,44.0
10109870DIASG_2025-08-28_G28,10109870DIASG,2025-08-28,109645,1,8,0,774.0
10109870DIASG_2025-08-28_G29,10109870DIASG,2025-08-28,111530,1,3,0,460.0
10109870DIASG_2025-08-28_G30,10109870DIASG,2025-08-28,118094,1,4,0,118.0
10109870DIASG_2025-08-28_G31,10109870DIASG,2025-08-28,117786,1,2,0,122.0
10109870DIASG_2025-08-28_G32,10109870DIASG,2025-08-28,111602,1,1,0,70.0
10109870DIASG_2025-08-28_G33,10109870DIASG,2025-08-28,110372,1,40,0,309.0
10109870DIASG_2025-08-28_G35,10109870DIASG,2025-08-28,117808,1,800,0,756.0
10109870DIASG_2025-08-28_G36,10109870DIASG,2025-08-28,118299,1,108,0,300.0
10109870DIASG_2025-08-28_G37,10109870DIASG,2025-08-28,111530,1,50,0,642.0
10109870DIASG_2025-08-28_G38,10109870DIASG,2025-08-28,111530,1,70,0,74.0
10109870DIASG_2025-08-28_G39,10109870DIASG,2025-08-28,110711,1,33,0,673.0
10109870DIASG_2025-08-29_G02,10109870DIASG,2025-08-29,111530,1,4,0,93.0
10109870DIASG_2025-08-29_G03,10109870DIASG,2025-08-29,111602,1,80,0,450.0
10109870DIASG_2025-08-29_G04,10109870DIASG,2025-08-29,117808,1,202,0,358.0
10109870DIASG_2025-08-29_G05,10109870DIASG,2025-08-29,118299,1,10,0,261.0
10109870DIASG_2025-08-29_G06,10109870DIASG,2025-08-29,110373,1,48,0,412.0
10109870DIASG_2025-08-29_G07,10109870DIASG,2025-08-29,110372,1,130,0,442.0
10109870DIASG_2025-08-29_G08,10109870DIASG,2025-08-29,117809,1,18,0,336.0
10109870DIASG_2025-08-29_G09,10109870DIASG,2025-08-29,111463,1,80,0,213.0
10109870DIASG_2025-08-29_G10,10109870DIASG,2025-08-29,117785,1,308,0,1040.0
10109870DIASG_2025-08-29_G11,10109870DIASG,2025-08-29,111532,1,50,0,203.0
10109870DIASG_2025-08-29_G12,10109870DIASG,2025-08-29,141457,1,12,0,638.0
10109870DIASG_2025-08-29_G13,10109870DIASG,2025-08-29,111418,1,100,0,124.0
10109870DIASG_2025-08-29_G14,10109870DIASG,2025-08-29,111532,1,150,0,743.0
10109870DIASG_2025-08-29_G15,10109870DIASG,2025-08-29,111466,1,100,0,418.0
10109870DIASG_2025-08-29_G16,10109870DIASG,2025-08-29,117831,1,50,0,232.0
10109870DIASG_2025-08-29_G17,10109870DIASG,2025-08-29,"107830, 110373",2,32,24,2319.0
10109870DIASG_2025-08-29_G18,10109870DIASG,2025-08-29,109643,1,12,0,297.0
10109870DIASG_2025-08-29_G19,10109870DIASG,2025-08-29,110374,1,12,0,228.0
10109870DIASG_2025-08-29_G20,10109870DIASG,2025-08-29,109648,1,4,0,149.0
10109870DIASG_2025-08-29_G21,10109870DIASG,2025-08-29,117808,1,450,0,1001.0
10109870DIASG_2025-08-29_G22,10109870DIASG,2025-08-29,118299,1,72,0,572.0
10109870DIASG_2025-08-29_G23,10109870DIASG,2025-08-29,110325,1,8,0,166.0
10109870DIASG_2025-08-29_G24,10109870DIASG,2025-08-29,117820,1,28,0,169.0
10109870DIASG_2025-08-29_G25,10109870DIASG,2025-08-29,110376,1,4,0,228.0
10109870DIASG_2025-08-29_G26,10109870DIASG,2025-08-29,110372,1,36,0,122.0
10109870DIASG_2025-08-29_G27,10109870DIASG,2025-08-29,117832,1,12,0,196.0
10109870DIASG_2025-08-29_G28,10109870DIASG,2025-08-29,110371,1,12,0,94.0
10109870DIASG_2025-08-29_G30,10109870DIASG,2025-08-29,117830,1,12,0,133.0
10109870DIASG_2025-08-29_G31,10109870DIASG,2025-08-29,117822,1,8,0,101.0
10109870DIASG_2025-08-29_G32,10109870DIASG,2025-08-29,117809,1,8,0,69.0
10109870DIASG_2025-08-29_G33,10109870DIASG,2025-08-29,110895,1,4,0,2186.0
10109870DIASG_2025-08-29_G34,10109870DIASG,2025-08-29,110895,1,30,0,228.0
10109870DIASG_2025-08-29_G35,10109870DIASG,2025-08-29,110754,1,4,0,196.0
10109870DIASG_2025-08-29_G36,10109870DIASG,2025-08-29,141456,1,100,0,331.0
10109870DIASG_2025-08-29_G37,10109870DIASG,2025-08-29,108794,1,26,0,485.0
10109870DIASG_2025-08-29_G38,10109870DIASG,2025-08-29,141457,1,100,0,360.0
10109870DIASG_2025-08-29_G39,10109870DIASG,2025-08-29,111418,1,120,0,529.0
10109870DIASG_2025-08-29_G40,10109870DIASG,2025-08-29,118140,1,120,0,930.0
10109870DIASG_2025-08-29_G41,10109870DIASG,2025-08-29,141458,1,100,0,583.0
10109870DIASG_2025-08-29_G42,10109870DIASG,2025-08-29,118326,1,1,0,2079.0
10109870DIASG_2025-08-29_G43,10109870DIASG,2025-08-29,111443,1,2,0,817.0
10109870DIASG_2025-08-29_G44,10109870DIASG,2025-08-29,117833,1,30,0,398.0
10109870DIASG_2025-08-29_G45,10109870DIASG,2025-08-29,111602,1,100,0,648.0
10109870DIASG_2025-08-29_G46,10109870DIASG,2025-08-29,111602,1,20,0,929.0
10109870DIASG_2025-08-30_G02,10109870DIASG,2025-08-30,117831,1,8,0,205.0
10109870DIASG_2025-08-30_G03,10109870DIASG,2025-08-30,111465,1,2,0,89.0
10109870DIASG_2025-08-30_G04,10109870DIASG,2025-08-30,117935,1,4,0,117.0
10109870DIASG_2025-08-30_G05,10109870DIASG,2025-08-30,110325,1,4,0,299.0
10109870DIASG_2025-08-30_G06,10109870DIASG,2025-08-30,110313,1,8,0,168.0
10109870DIASG_2025-08-30_G07,10109870DIASG,2025-08-30,109641,1,20,0,472.0
10109870DIASG_2025-08-30_G08,10109870DIASG,2025-08-30,117853,1,4,0,248.0
10109870DIASG_2025-08-30_G09,10109870DIASG,2025-08-30,111463,1,10,0,169.0
10109870DIASG_2025-08-30_G10,10109870DIASG,2025-08-30,140922,1,5,0,268.0
10109870DIASG_2025-08-30_G11,10109870DIASG,2025-08-30,111463,1,23,0,237.0
10109870DIASG_2025-08-30_G12,10109870DIASG,2025-08-30,111469,1,10,0,147.0
10109870DIASG_2025-08-30_G13,10109870DIASG,2025-08-30,110745,1,2,0,74.0
10109870DIASG_2025-08-30_G14,10109870DIASG,2025-08-30,111348,1,4,0,143.0
10109870DIASG_2025-08-30_G15,10109870DIASG,2025-08-30,111468,1,2,0,65.0
10109870DIASG_2025-08-30_G16,10109870DIASG,2025-08-30,110740,1,4,0,75.0
10109870DIASG_2025-08-30_G17,10109870DIASG,2025-08-30,111465,1,10,0,167.0
10109870DIASG_2025-08-30_G18,10109870DIASG,2025-08-30,117862,1,10,0,303.0
10109870DIASG_2025-08-30_G19,10109870DIASG,2025-08-30,118094,1,2,0,317.0
10109870DIASG_2025-08-30_G20,10109870DIASG,2025-08-30,117861,1,12,0,128.0
10109870DIASG_2025-08-30_G21,10109870DIASG,2025-08-30,110374,1,9,0,157.0
10109870DIASG_2025-08-30_G22,10109870DIASG,2025-08-30,110325,1,4,0,36.0
10109870DIASG_2025-08-30_G23,10109870DIASG,2025-08-30,117830,1,20,0,3028.0
10109870DIASG_2025-08-30_G24,10109870DIASG,2025-08-30,110742,1,2,0,398.0
10109870DIASG_2025-08-30_G25,10109870DIASG,2025-08-30,110582,1,4,0,279.0
10109870DIASG_2025-08-30_G26,10109870DIASG,2025-08-30,111569,1,2,0,205.0
10109870DIASG_2025-08-30_G27,10109870DIASG,2025-08-30,118222,1,9,0,230.0
10109870DIASG_2025-08-30_G28,10109870DIASG,2025-08-30,117862,1,5,0,597.0
10109870DIASG_2025-08-30_G29,10109870DIASG,2025-08-30,110747,1,4,0,222.0
10109870DIASG_2025-08-30_G30,10109870DIASG,2025-08-30,111443,1,4,0,212.0
10109870DIASG_2025-08-30_G31,10109870DIASG,2025-08-30,111532,1,11,0,418.0
10109870DIASG_2025-08-30_G32,10109870DIASG,2025-08-30,"111172, 110745",2,8,23,207.0
10109870DIASG_2025-08-30_G33,10109870DIASG,2025-08-30,111465,1,8,0,160.0
10109870DIASG_2025-08-30_G34,10109870DIASG,2025-08-30,111172,1,2,0,258.0
10109870DIASG_2025-08-30_G35,10109870DIASG,2025-08-30,110745,1,4,0,242.0
10109870DIASG_2025-08-30_G36,10109870DIASG,2025-08-30,111348,1,8,0,139.0
10109870DIASG_2025-08-30_G37,10109870DIASG,2025-08-30,108711,1,5,0,770.0
10109870DIASG_2025-08-30_G38,10109870DIASG,2025-08-30,111532,1,43,0,446.0
10109870DIASG_2025-08-30_G40,10109870DIASG,2025-08-30,111463,1,15,0,880.0
10109870DIASG_2025-08-30_G41,10109870DIASG,2025-08-30,117833,1,2,0,235.0
10109870DIASG_2025-08-30_G42,10109870DIASG,2025-08-30,117821,1,6,0,106.0
10109870DIASG_2025-08-30_G43,10109870DIASG,2025-08-30,111469,1,2,0,584.0
10109870DIASG_2025-08-30_G44,10109870DIASG,2025-08-30,111172,1,10,0,75.0
10109870DIASG_2025-08-30_G45,10109870DIASG,2025-08-30,111468,1,4,0,164.0
10109870DIASG_2025-08-30_G46,10109870DIASG,2025-08-30,110740,1,6,0,79.0
10109870DIASG_2025-08-30_G47,10109870DIASG,2025-08-30,141458,1,16,0,121.0
10109870DIASG_2025-08-30_G48,10109870DIASG,2025-08-30,111465,1,6,0,70.0
10109870DIASG_2025-08-30_G49,10109870DIASG,2025-08-30,111469,1,6,0,232.0
10109870DIASG_2025-08-30_G50,10109870DIASG,2025-08-30,117831,1,12,0,273.0
10109870DIASG_2025-08-30_G51,10109870DIASG,2025-08-30,110313,1,1,0,704.0
10109870DIASG_2025-08-30_G52,10109870DIASG,2025-08-30,117788,1,1,0,121.0
10109870DIASG_2025-08-30_G53,10109870DIASG,2025-08-30,117862,1,5,0,82.0
10109870DIASG_2025-08-30_G54,10109870DIASG,2025-08-30,117856,1,10,0,497.0
10109870DIASG_2025-08-30_G55,10109870DIASG,2025-08-30,110741,1,2,0,156.0
10109870DIASG_2025-08-30_G56,10109870DIASG,2025-08-30,118094,1,5,0,82.0
10109870DIASG_2025-08-30_G57,10109870DIASG,2025-08-30,117861,1,1,0,67.0
10109870DIASG_2025-08-30_G58,10109870DIASG,2025-08-30,117853,1,8,0,183.0
10109870DIASG_2025-08-30_G59,10109870DIASG,2025-08-30,141047,1,1,0,62.0
10109870DIASG_2025-08-30_G60,10109870DIASG,2025-08-30,111602,1,4,0,51.0
10109870DIASG_2025-08-30_G61,10109870DIASG,2025-08-30,110339,1,8,0,168.0
10109870DIASG_2025-08-30_G62,10109870DIASG,2025-08-30,111467,1,4,0,58.0
10109870DIASG_2025-08-30_G63,10109870DIASG,2025-08-30,117837,1,6,0,306.0
10109870DIASG_2025-08-30_G64,10109870DIASG,2025-08-30,111751,1,4,0,510.0
10109870DIASG_2025-08-30_G65,10109870DIASG,2025-08-30,111722,1,6,0,305.0
10109870DIASG_2025-08-30_G66,10109870DIASG,2025-08-30,141262,1,12,0,133.0
10109870DIASG_2025-08-30_G67,10109870DIASG,2025-08-30,111742,1,6,0,563.0
10109870DIASG_2025-08-30_G68,10109870DIASG,2025-08-30,110373,1,15,0,567.0
10109870DIASG_2025-09-02_G02,10109870DIASG,2025-09-02,109647,1,39,0,66.0
10109870DIASG_2025-09-02_G03,10109870DIASG,2025-09-02,108772,1,16,0,791.0
10109870DIASG_2025-09-02_G04,10109870DIASG,2025-09-02,105894,1,17,0,292.0
10109870DIASG_2025-09-02_G06,10109870DIASG,2025-09-02,110375,1,8,0,235.0
10109870DIASG_2025-09-02_G07,10109870DIASG,2025-09-02,117797,1,2,0,519.0
10109870DIASG_2025-09-03_G02,10109870DIASG,2025-09-03,117822,1,5,0,1233.0
10109870DIASG_2025-09-03_G03,10109870DIASG,2025-09-03,117808,1,4,0,90.0
10109870DIASG_2025-09-03_G04,10109870DIASG,2025-09-03,117820,1,36,0,337.0
10109870DIASG_2025-09-03_G05,10109870DIASG,2025-09-03,118299,1,28,0,192.0
10109870DIASG_2025-09-03_G06,10109870DIASG,2025-09-03,117935,1,6,0,298.0
10109870DIASG_2025-09-03_G07,10109870DIASG,2025-09-03,107830,1,8,0,81.0
10109870DIASG_2025-09-04_G02,10109870DIASG,2025-09-04,110313,3,12,13,90.0
10109870DIASG_2025-09-04_G03,10109870DIASG,2025-09-04,117965,1,4,0,212.0
10109870DIASG_2025-09-04_G04,10109870DIASG,2025-09-04,110741,1,10,0,294.0
10109870DIASG_2025-09-04_G05,10109870DIASG,2025-09-04,117855,1,11,0,203.0
10109870DIASG_2025-09-04_G06,10109870DIASG,2025-09-04,109640,1,2,0,66.0
10109870DIASG_2025-09-04_G07,10109870DIASG,2025-09-04,118094,1,2,0,114.0
10109870DIASG_2025-09-04_G08,10109870DIASG,2025-09-04,110515,1,13,0,267.0
10109870DIASG_2025-09-04_G09,10109870DIASG,2025-09-04,110754,1,4,0,113.0
10109870DIASG_2025-09-04_G10,10109870DIASG,2025-09-04,118140,1,15,0,218.0
10109870DIASG_2025-09-04_G11,10109870DIASG,2025-09-04,117838,1,2,0,126.0
10109870DIASG_2025-09-04_G12,10109870DIASG,2025-09-04,111463,1,18,0,126.0
10109870DIASG_2025-09-04_G13,10109870DIASG,2025-09-04,117787,1,1,0,92.0
10109870DIASG_2025-09-04_G14,10109870DIASG,2025-09-04,117821,1,2,0,47.0
10109870DIASG_2025-09-04_G15,10109870DIASG,2025-09-04,108794,1,5,0,82.0
10109870DIASG_2025-09-04_G16,10109870DIASG,2025-09-04,111418,1,49,0,846.0
10109870DIASG_2025-09-04_G17,10109870DIASG,2025-09-04,111532,1,4,0,205.0
10109870DIASG_2025-09-04_G18,10109870DIASG,2025-09-04,117833,1,9,0,130.0
10109870DIASG_2025-09-04_G19,10109870DIASG,2025-09-04,111468,1,2,0,134.0
10109870DIASG_2025-09-04_G20,10109870DIASG,2025-09-04,110740,1,6,0,81.0
10109870DIASG_2025-09-04_G21,10109870DIASG,2025-09-04,110339,1,2,0,562.0
10109870DIASG_2025-09-04_G22,10109870DIASG,2025-09-04,107830,2,17,7,2739.0
10109870DIASG_2025-09-04_G23,10109870DIASG,2025-09-04,109643,1,21,0,296.0
10109870DIASG_2025-09-04_G24,10109870DIASG,2025-09-04,118140,1,2,0,958.0
10109870DIASG_2025-09-04_G25,10109870DIASG,2025-09-04,118140,1,50,0,234.0
10109870DIASG_2025-09-04_G26,10109870DIASG,2025-09-04,117838,1,8,0,160.0
10109870DIASG_2025-09-04_G27,10109870DIASG,2025-09-04,110743,1,9,0,176.0
10109870DIASG_2025-09-04_G28,10109870DIASG,2025-09-04,110751,1,7,0,1607.0
10109870DIASG_2025-09-05_G02,10109870DIASG,2025-09-05,117862,1,13,0,132.0
10109870DIASG_2025-09-05_G03,10109870DIASG,2025-09-05,107629,1,32,0,365.0
10109870DIASG_2025-09-05_G04,10109870DIASG,2025-09-05,111418,1,80,0,1430.0
10109870DIASG_2025-09-05_G05,10109870DIASG,2025-09-05,118223,1,8,0,376.0
10109870DIASG_2025-09-05_G06,10109870DIASG,2025-09-05,111462,1,50,0,309.0
10109870DIASG_2025-09-05_G07,10109870DIASG,2025-09-05,141458,1,80,0,1313.0
10109870DIASG_2025-09-05_G08,10109870DIASG,2025-09-05,117965,1,11,0,2199.0
10109870DIASG_2025-09-05_G09,10109870DIASG,2025-09-05,117786,1,25,0,424.0
10109870DIASG_2025-09-05_G10,10109870DIASG,2025-09-05,117856,1,20,0,335.0
10109870DIASG_2025-09-05_G11,10109870DIASG,2025-09-05,117853,1,3,0,225.0
10109870DIASG_2025-09-05_G12,10109870DIASG,2025-09-05,111879,1,10,0,272.0
10109870DIASG_2025-09-05_G13,10109870DIASG,2025-09-05,118094,1,30,0,543.0
10109870DIASG_2025-09-05_G14,10109870DIASG,2025-09-05,110515,1,28,0,388.0
10109870DIASG_2025-09-05_G15,10109870DIASG,2025-09-05,117821,1,17,0,235.0
10109870DIASG_2025-09-05_G16,10109870DIASG,2025-09-05,117842,1,12,0,159.0
10109870DIASG_2025-09-05_G17,10109870DIASG,2025-09-05,141457,1,35,0,1575.0
10109870DIASG_2025-09-08_G02,10109870DIASG,2025-09-08,111441,1,4,0,236.0
10109870DIASG_2025-09-08_G03,10109870DIASG,2025-09-08,141313,1,2,0,294.0
10109870DIASG_2025-09-08_G04,10109870DIASG,2025-09-08,141313,1,2,0,43.0
10109870DIASG_2025-09-08_G05,10109870DIASG,2025-09-08,111466,1,4,0,204.0
10109870DIASG_2025-09-08_G06,10109870DIASG,2025-09-08,111755,1,10,0,1485.0
10109870DIASG_2025-09-08_G07,10109870DIASG,2025-09-08,"111723, 111759",2,24,14,756.0
10109870DIASG_2025-09-08_G08,10109870DIASG,2025-09-08,111759,1,16,0,507.0
10109870DIASG_2025-09-08_G09,10109870DIASG,2025-09-08,111761,1,4,0,275.0
10109870DIASG_2025-09-08_G10,10109870DIASG,2025-09-08,111751,2,10,7,799.0
10109870DIASG_2025-09-08_G11,10109870DIASG,2025-09-08,111634,1,30,0,141.0
10109870DIASG_2025-09-08_G12,10109870DIASG,2025-09-08,141262,1,24,0,387.0
10109870DIASG_2025-09-08_G13,10109870DIASG,2025-09-08,141262,1,100,0,943.0
10109870DIASG_2025-09-08_G14,10109870DIASG,2025-09-08,111634,1,100,0,495.0
10109870DIASG_2025-09-08_G15,10109870DIASG,2025-09-08,111441,1,4,0,1570.0
10109870DIASG_2025-09-08_G16,10109870DIASG,2025-09-08,110755,1,10,0,203.0
10109870DIASG_2025-09-08_G17,10109870DIASG,2025-09-08,111569,1,8,0,147.0
10109870DIASG_2025-09-08_G18,10109870DIASG,2025-09-08,110747,1,4,0,134.0
10109870DIASG_2025-09-08_G20,10109870DIASG,2025-09-08,117808,1,12,0,292.0
10109870DIASG_2025-09-08_G21,10109870DIASG,2025-09-08,110372,1,10,0,214.0
10109870DIASG_2025-09-08_G22,10109870DIASG,2025-09-08,117832,1,4,0,62.0
10109870DIASG_2025-09-08_G23,10109870DIASG,2025-09-08,110371,1,8,0,59.0
10109870DIASG_2025-09-08_G24,10109870DIASG,2025-09-08,118299,2,28,29,119.0
10109870DIASG_2025-09-08_G25,10109870DIASG,2025-09-08,111465,1,5,0,191.0
10109870DIASG_2025-09-08_G26,10109870DIASG,2025-09-08,111462,1,12,0,132.0
10109870DIASG_2025-09-08_G27,10109870DIASG,2025-09-08,110313,1,5,0,131.0
10109870DIASG_2025-09-08_G28,10109870DIASG,2025-09-08,117808,1,652,0,2771.0
10109870DIASG_2025-09-08_G29,10109870DIASG,2025-09-08,118299,1,298,0,658.0
10109870DIASG_2025-09-08_G30,10109870DIASG,2025-09-08,141823,1,120,0,639.0
10109870DIASG_2025-09-08_G31,10109870DIASG,2025-09-08,111468,1,49,0,798.0
10109870DIASG_2025-09-08_G32,10109870DIASG,2025-09-08,110582,1,4,0,598.0
10109870DIASG_2025-09-08_G33,10109870DIASG,2025-09-08,117832,1,2,0,153.0
10109870DIASG_2025-09-08_G34,10109870DIASG,2025-09-08,110373,1,8,0,275.0
10109870DIASG_2025-09-08_G35,10109870DIASG,2025-09-08,110375,1,2,0,59.0
10109870DIASG_2025-09-08_G36,10109870DIASG,2025-09-08,141202,1,5,0,88.0
10109870DIASG_2025-09-08_G37,10109870DIASG,2025-09-08,117935,1,4,0,124.0
10109870DIASG_2025-09-08_G38,10109870DIASG,2025-09-08,117855,1,2,0,86.0
10109870DIASG_2025-09-08_G39,10109870DIASG,2025-09-08,110313,1,2,0,103.0
10109870DIASG_2025-09-08_G40,10109870DIASG,2025-09-08,118094,1,1,0,73.0
10109870DIASG_2025-09-08_G41,10109870DIASG,2025-09-08,111469,1,4,0,123.0
10109870DIASG_2025-09-08_G42,10109870DIASG,2025-09-08,111348,1,3,0,159.0
10109870DIASG_2025-09-08_G43,10109870DIASG,2025-09-08,118140,1,8,0,321.0
10109870DIASG_2025-09-08_G44,10109870DIASG,2025-09-08,100334,1,4,0,2232.0
10109870DIASG_2025-09-08_G45,10109870DIASG,2025-09-08,118222,1,3,0,207.0
10109870DIASG_2025-09-09_G02,10109870DIASG,2025-09-09,110313,1,6,0,187.0
10109870DIASG_2025-09-09_G03,10109870DIASG,2025-09-09,111462,1,200,0,460.0
10109870DIASG_2025-09-09_G04,10109870DIASG,2025-09-09,118253,1,2,0,1013.0
10109870DIASG_2025-09-09_G05,10109870DIASG,2025-09-09,110841,1,2,0,136.0
10109870DIASG_2025-09-09_G06,10109870DIASG,2025-09-09,118418,1,1,0,77.0
10109870DIASG_2025-09-09_G07,10109870DIASG,2025-09-09,118299,1,4,0,136.0
10109870DIASG_2025-09-09_G08,10109870DIASG,2025-09-09,110372,1,4,0,517.0
10109870DIASG_2025-09-09_G09,10109870DIASG,2025-09-09,110373,1,4,0,137.0
10109870DIASG_2025-09-09_G10,10109870DIASG,2025-09-09,117862,1,2,0,397.0
10109870DIASG_2025-09-09_G11,10109870DIASG,2025-09-09,109647,1,2,0,129.0
10109870DIASG_2025-09-09_G12,10109870DIASG,2025-09-09,111876,1,4,0,80.0
10109870DIASG_2025-09-09_G13,10109870DIASG,2025-09-09,107629,1,2,0,101.0
10109870DIASG_2025-09-09_G14,10109870DIASG,2025-09-09,117861,1,2,0,71.0
10109870DIASG_2025-09-09_G15,10109870DIASG,2025-09-09,117853,1,2,0,57.0
10109870DIASG_2025-09-09_G16,10109870DIASG,2025-09-09,117855,1,2,0,89.0
10109870DIASG_2025-09-09_G17,10109870DIASG,2025-09-09,111467,1,2,0,247.0
10109870DIASG_2025-09-09_G18,10109870DIASG,2025-09-09,118320,1,2,0,735.0
10109870DIASG_2025-09-09_G19,10109870DIASG,2025-09-09,111441,1,4,0,1011.0
10109870DIASG_2025-09-09_G20,10109870DIASG,2025-09-09,118418,1,4,0,103.0
10109870DIASG_2025-09-09_G21,10109870DIASG,2025-09-09,111440,1,4,0,306.0
10109870DIASG_2025-09-09_G22,10109870DIASG,2025-09-09,117834,1,4,0,290.0
10109870DIASG_2025-09-09_G23,10109870DIASG,2025-09-09,108770,1,4,0,119.0
10109870DIASG_2025-09-09_G24,10109870DIASG,2025-09-09,141318,1,4,0,88.0
10109870DIASG_2025-09-09_G25,10109870DIASG,2025-09-09,141370,1,2,0,61.0
10109870DIASG_2025-09-09_G26,10109870DIASG,2025-09-09,111438,1,4,0,168.0
10109870DIASG_2025-09-09_G27,10109870DIASG,2025-09-09,118222,1,8,0,188.0
10109870DIASG_2025-09-09_G28,10109870DIASG,2025-09-09,100334,1,6,0,1745.0
10109870DIASG_2025-09-09_G29,10109870DIASG,2025-09-09,111569,1,2,0,249.0
10109870DIASG_2025-09-09_G30,10109870DIASG,2025-09-09,111569,1,16,0,45.0
10109870DIASG_2025-09-09_G31,10109870DIASG,2025-09-09,111850,1,4,0,454.0
10109870DIASG_2025-09-09_G32,10109870DIASG,2025-09-09,140922,1,3,0,93.0
10109870DIASG_2025-09-09_G33,10109870DIASG,2025-09-09,110740,1,3,0,41.0
10109870DIASG_2025-09-09_G34,10109870DIASG,2025-09-09,111465,1,7,0,148.0
10109870DIASG_2025-09-09_G35,10109870DIASG,2025-09-09,118140,1,15,0,823.0
10109870DIASG_2025-09-09_G36,10109870DIASG,2025-09-09,111418,1,47,0,361.0
10109870DIASG_2025-09-09_G38,10109870DIASG,2025-09-09,110741,1,10,0,684.0
10109870DIASG_2025-09-09_G39,10109870DIASG,2025-09-09,111467,1,1,0,244.0
10109870DIASG_2025-09-09_G40,10109870DIASG,2025-09-09,141047,1,2,0,64.0
10109870DIASG_2025-09-09_G41,10109870DIASG,2025-09-09,109640,1,2,0,104.0
10109870DIASG_2025-09-09_G42,10109870DIASG,2025-09-09,118094,1,8,0,142.0
10109870DIASG_2025-09-09_G43,10109870DIASG,2025-09-09,108794,1,4,0,135.0
10109870DIASG_2025-09-09_G44,10109870DIASG,2025-09-09,111532,1,7,0,405.0
10109870DIASG_2025-09-09_G45,10109870DIASG,2025-09-09,110748,1,8,0,184.0
10109870DIASG_2025-09-09_G46,10109870DIASG,2025-09-09,110373,1,15,0,563.0
10109870DIASG_2025-09-09_G47,10109870DIASG,2025-09-09,111418,1,50,0,457.0
10109870DIASG_2025-09-09_G48,10109870DIASG,2025-09-09,118140,1,7,0,1648.0
10109870DIASG_2025-09-09_G49,10109870DIASG,2025-09-09,111418,1,4,0,83.0
10109870DIASG_2025-09-09_G50,10109870DIASG,2025-09-09,111469,2,8,6,715.0
10109870DIASG_2025-09-09_G51,10109870DIASG,2025-09-09,111462,1,2,0,122.0
10109870DIASG_2025-09-09_G52,10109870DIASG,2025-09-09,140922,1,4,0,92.0
10109870DIASG_2025-09-09_G53,10109870DIASG,2025-09-09,111438,1,7,0,596.0
10109870DIASG_2025-09-09_G54,10109870DIASG,2025-09-09,118222,1,3,0,58.0
10109870DIASG_2025-09-09_G55,10109870DIASG,2025-09-09,117856,1,3,0,241.0
10109870DIASG_2025-09-09_G56,10109870DIASG,2025-09-09,111530,1,4,0,76.0
10109870DIASG_2025-09-09_G57,10109870DIASG,2025-09-09,118140,1,3,0,138.0
10109870DIASG_2025-09-09_G58,10109870DIASG,2025-09-09,141823,1,2,0,192.0
10109870DIASG_2025-09-09_G59,10109870DIASG,2025-09-09,111418,1,5,0,148.0
10109870DIASG_2025-09-09_G60,10109870DIASG,2025-09-09,110740,1,2,0,97.0
10109870DIASG_2025-09-09_G61,10109870DIASG,2025-09-09,111172,1,1,0,169.0
10109870DIASG_2025-09-09_G62,10109870DIASG,2025-09-09,117808,1,1,0,139.0
10109870DIASG_2025-09-09_G63,10109870DIASG,2025-09-09,110374,1,6,0,85.0
10109870DIASG_2025-09-09_G64,10109870DIASG,2025-09-09,"110371, 110373",2,11,24,446.0
10109870DIASG_2025-09-09_G65,10109870DIASG,2025-09-09,141823,1,2,0,744.0
10109870DIASG_2025-09-09_G66,10109870DIASG,2025-09-09,111418,1,4,0,240.0
10109870DIASG_2025-09-09_G67,10109870DIASG,2025-09-09,111469,1,8,0,165.0
10109870DIASG_2025-09-09_G68,10109870DIASG,2025-09-09,117785,1,6,0,100.0
10109870DIASG_2025-09-09_G69,10109870DIASG,2025-09-09,110740,1,4,0,99.0
10109870DIASG_2025-09-09_G70,10109870DIASG,2025-09-09,111172,1,3,0,90.0
10109870DIASG_2025-09-09_G71,10109870DIASG,2025-09-09,117808,1,17,0,187.0
10109870DIASG_2025-09-09_G72,10109870DIASG,2025-09-09,110374,1,15,0,114.0
10109870DIASG_2025-09-09_G73,10109870DIASG,2025-09-09,118299,1,8,0,150.0
10109870DIASG_2025-09-09_G74,10109870DIASG,2025-09-09,110372,1,14,0,168.0
10109870DIASG_2025-09-09_G75,10109870DIASG,2025-09-09,117832,1,4,0,64.0
10109870DIASG_2025-09-09_G76,10109870DIASG,2025-09-09,110373,1,11,0,268.0
10109870DIASG_2025-09-09_G77,10109870DIASG,2025-09-09,141313,1,2,0,379.0
10109870DIASG_2025-09-10_G02,10109870DIASG,2025-09-10,110755,1,2,0,413.0
10109870DIASG_2025-09-10_G03,10109870DIASG,2025-09-10,110747,1,3,0,135.0
10109870DIASG_2025-09-10_G04,10109870DIASG,2025-09-10,107892,1,2,0,52.0
10109870DIASG_2025-09-10_G05,10109870DIASG,2025-09-10,116241,1,2,0,125.0
10109870DIASG_2025-09-10_G06,10109870DIASG,2025-09-10,118317,1,7,0,109.0
10109870DIASG_2025-09-10_G07,10109870DIASG,2025-09-10,109641,1,4,0,148.0
10109870DIASG_2025-09-10_G08,10109870DIASG,2025-09-10,141456,1,10,0,418.0
10109870DIASG_2025-09-10_G09,10109870DIASG,2025-09-10,111532,1,12,0,424.0
10109870DIASG_2025-09-10_G10,10109870DIASG,2025-09-10,116241,1,1,0,2729.0
10109870DIASG_2025-09-10_G11,10109870DIASG,2025-09-10,118317,1,8,0,105.0
10109870DIASG_2025-09-10_G12,10109870DIASG,2025-09-10,141456,1,6,0,113.0
10109870DIASG_2025-09-10_G13,10109870DIASG,2025-09-10,141457,1,3,0,63.0
10109870DIASG_2025-09-10_G14,10109870DIASG,2025-09-10,111469,1,6,0,57.0
10109870DIASG_2025-09-10_G15,10109870DIASG,2025-09-10,111466,1,4,0,55.0
10109870DIASG_2025-09-10_G16,10109870DIASG,2025-09-10,140922,1,4,0,93.0
10109870DIASG_2025-09-10_G17,10109870DIASG,2025-09-10,141458,1,2,0,80.0
10109870DIASG_2025-09-10_G18,10109870DIASG,2025-09-10,141271,1,2,0,43.0
10109870DIASG_2025-09-10_G19,10109870DIASG,2025-09-10,111172,1,7,0,112.0
10109870DIASG_2025-09-10_G20,10109870DIASG,2025-09-10,110373,1,4,0,41.0
10109870DIASG_2025-09-10_G21,10109870DIASG,2025-09-10,111463,1,2,0,386.0
10109870DIASG_2025-09-10_G22,10109870DIASG,2025-09-10,109641,1,4,0,85.0
10109870DIASG_2025-09-10_G23,10109870DIASG,2025-09-10,141456,1,2,0,107.0
10109870DIASG_2025-09-10_G24,10109870DIASG,2025-09-10,"141457, 111418",2,8,30,43.0
10109870DIASG_2025-09-10_G25,10109870DIASG,2025-09-10,"117785, 111462",2,6,21,131.0
10109870DIASG_2025-09-10_G26,10109870DIASG,2025-09-10,140922,1,5,0,51.0
10109870DIASG_2025-09-10_G27,10109870DIASG,2025-09-10,"141458, 141271",2,5,18,107.0
10109870DIASG_2025-09-10_G28,10109870DIASG,2025-09-10,111172,1,4,0,74.0
10109870DIASG_2025-09-10_G29,10109870DIASG,2025-09-10,117820,1,5,0,153.0
10109870DIASG_2025-09-10_G30,10109870DIASG,2025-09-10,107830,1,3,0,408.0
10109870DIASG_2025-09-10_G31,10109870DIASG,2025-09-10,110374,1,8,0,90.0
10109870DIASG_2025-09-10_G32,10109870DIASG,2025-09-10,110372,1,6,0,68.0
10109870DIASG_2025-09-10_G33,10109870DIASG,2025-09-10,117832,1,11,0,122.0
10109870DIASG_2025-09-10_G34,10109870DIASG,2025-09-10,110373,1,3,0,57.0
10109870DIASG_2025-09-10_G35,10109870DIASG,2025-09-10,117808,1,14,0,42.0
10109870DIASG_2025-09-10_G36,10109870DIASG,2025-09-10,117830,1,4,0,161.0
10109870DIASG_2025-09-10_G37,10109870DIASG,2025-09-10,"111418, 111469",3,32,38,192.0
10109870DIASG_2025-09-10_G38,10109870DIASG,2025-09-10,111462,1,2,0,497.0
10109870DIASG_2025-09-10_G39,10109870DIASG,2025-09-10,117834,1,2,0,223.0
10109870DIASG_2025-09-10_G40,10109870DIASG,2025-09-10,111445,1,2,0,73.0
10109870DIASG_2025-09-10_G41,10109870DIASG,2025-09-10,111569,1,2,0,98.0
10109870DIASG_2025-09-10_G42,10109870DIASG,2025-09-10,110747,1,4,0,77.0
10109870DIASG_2025-09-10_G43,10109870DIASG,2025-09-10,107892,1,3,0,76.0
10109870DIASG_2025-09-10_G44,10109870DIASG,2025-09-10,110371,1,4,0,299.0
10109870DIASG_2025-09-10_G45,10109870DIASG,2025-09-10,117862,1,3,0,179.0
10109870DIASG_2025-09-10_G46,10109870DIASG,2025-09-10,117855,1,4,0,104.0
10109870DIASG_2025-09-10_G47,10109870DIASG,2025-09-10,110313,1,2,0,72.0
10109870DIASG_2025-09-10_G48,10109870DIASG,2025-09-10,111463,1,3,0,169.0
10109870DIASG_2025-09-10_G50,10109870DIASG,2025-09-10,108711,1,2,0,51.0
10109870DIASG_2025-09-10_G51,10109870DIASG,2025-09-10,141823,1,2,0,289.0
10109870DIASG_2025-09-10_G52,10109870DIASG,2025-09-10,111418,1,2,0,109.0
10109870DIASG_2025-09-10_G53,10109870DIASG,2025-09-10,111469,1,8,0,330.0
10109870DIASG_2025-09-10_G54,10109870DIASG,2025-09-10,111466,1,4,0,123.0
10109870DIASG_2025-09-10_G55,10109870DIASG,2025-09-10,111462,1,2,0,82.0
10109870DIASG_2025-09-10_G56,10109870DIASG,2025-09-10,111465,1,2,0,69.0
10109870DIASG_2025-09-10_G57,10109870DIASG,2025-09-10,118299,1,2,0,180.0
10109870DIASG_2025-09-10_G58,10109870DIASG,2025-09-10,111441,1,2,0,129.0
10109870DIASG_2025-09-10_G59,10109870DIASG,2025-09-10,110752,1,2,0,148.0
10109870DIASG_2025-09-10_G60,10109870DIASG,2025-09-10,117862,1,4,0,1185.0
10109870DIASG_2025-09-10_G61,10109870DIASG,2025-09-10,111530,1,8,0,138.0
10109870DIASG_2025-09-10_G62,10109870DIASG,2025-09-10,111467,1,6,0,489.0
10109870DIASG_2025-09-10_G63,10109870DIASG,2025-09-10,110733,1,2,0,107.0
10109870DIASG_2025-09-10_G64,10109870DIASG,2025-09-10,110313,1,2,0,108.0
10109870DIASG_2025-09-10_G65,10109870DIASG,2025-09-10,118094,1,4,0,97.0
10109870DIASG_2025-09-10_G66,10109870DIASG,2025-09-10,110515,1,4,0,88.0
10109870DIASG_2025-09-10_G67,10109870DIASG,2025-09-10,118317,1,4,0,274.0
10109870DIASG_2025-09-10_G68,10109870DIASG,2025-09-10,118140,1,3,0,82.0
10109870DIASG_2025-09-10_G69,10109870DIASG,2025-09-10,111532,1,6,0,138.0
10109870DIASG_2025-09-10_G70,10109870DIASG,2025-09-10,111469,1,4,0,66.0
10109870DIASG_2025-09-10_G71,10109870DIASG,2025-09-10,111462,1,5,0,188.0
10109870DIASG_2025-09-10_G72,10109870DIASG,2025-09-10,110740,1,4,0,109.0
10109870DIASG_2025-09-10_G73,10109870DIASG,2025-09-10,110372,1,9,0,112.0
10109870DIASG_2025-09-10_G74,10109870DIASG,2025-09-10,110373,1,8,0,552.0
10109870DIASG_2025-09-10_G75,10109870DIASG,2025-09-10,117808,1,3,0,76.0
10109870DIASG_2025-09-10_G76,10109870DIASG,2025-09-10,111441,1,1,0,69.0
10109870DIASG_2025-09-10_G77,10109870DIASG,2025-09-10,108770,1,4,0,136.0
10109870DIASG_2025-09-10_G78,10109870DIASG,2025-09-10,111569,1,4,0,74.0
10109870DIASG_2025-09-10_G79,10109870DIASG,2025-09-10,111438,1,1,0,52.0
10109870DIASG_2025-09-10_G80,10109870DIASG,2025-09-10,118222,1,8,0,136.0
10109870DIASG_2025-09-10_G81,10109870DIASG,2025-09-10,118222,1,40,0,3560.0
10109870DIASG_2025-09-10_G82,10109870DIASG,2025-09-10,110313,1,70,0,779.0
10109870DIASG_2025-09-10_G83,10109870DIASG,2025-09-10,110752,1,50,0,392.0
10109870DIASG_2025-09-11_G02,10109870DIASG,2025-09-11,110372,1,20,0,167.0
10109870DIASG_2025-09-11_G03,10109870DIASG,2025-09-11,110371,1,12,0,103.0
10109870DIASG_2025-09-11_G04,10109870DIASG,2025-09-11,110373,1,20,0,187.0
10109870DIASG_2025-09-11_G05,10109870DIASG,2025-09-11,117808,1,30,0,224.0
10109870DIASG_2025-09-11_G06,10109870DIASG,2025-09-11,111442,1,6,0,126.0
10109870DIASG_2025-09-11_G07,10109870DIASG,2025-09-11,117832,1,2,0,299.0
10109870DIASG_2025-09-11_G08,10109870DIASG,2025-09-11,110373,1,6,0,69.0
10109870DIASG_2025-09-11_G09,10109870DIASG,2025-09-11,117808,1,16,0,109.0
10109870DIASG_2025-09-11_G10,10109870DIASG,2025-09-11,111418,1,8,0,101.0
10109870DIASG_2025-09-11_G11,10109870DIASG,2025-09-11,118140,1,6,0,107.0
10109870DIASG_2025-09-11_G12,10109870DIASG,2025-09-11,110787,1,8,0,459.0
10109870DIASG_2025-09-11_G13,10109870DIASG,2025-09-11,111530,1,2,0,76.0
10109870DIASG_2025-09-11_G14,10109870DIASG,2025-09-11,117855,1,4,0,134.0
10109870DIASG_2025-09-11_G15,10109870DIASG,2025-09-11,111418,1,6,0,686.0
10109870DIASG_2025-09-11_G16,10109870DIASG,2025-09-11,118317,1,2,0,141.0
10109870DIASG_2025-09-11_G17,10109870DIASG,2025-09-11,118140,1,4,0,62.0
10109870DIASG_2025-09-11_G18,10109870DIASG,2025-09-11,111532,1,4,0,86.0
10109870DIASG_2025-09-11_G19,10109870DIASG,2025-09-11,110787,1,3,0,73.0
10109870DIASG_2025-09-11_G20,10109870DIASG,2025-09-11,117785,1,1,0,56.0
10109870DIASG_2025-09-11_G21,10109870DIASG,2025-09-11,111348,1,4,0,89.0
10109870DIASG_2025-09-11_G22,10109870DIASG,2025-09-11,110740,1,4,0,77.0
10109870DIASG_2025-09-11_G23,10109870DIASG,2025-09-11,110372,1,4,0,112.0
10109870DIASG_2025-09-11_G24,10109870DIASG,2025-09-11,118299,1,2,0,78.0
10109870DIASG_2025-09-11_G25,10109870DIASG,2025-09-11,117862,1,2,0,121.0
10109870DIASG_2025-09-11_G26,10109870DIASG,2025-09-11,111530,1,4,0,94.0
10109870DIASG_2025-09-11_G27,10109870DIASG,2025-09-11,110313,1,3,0,80.0
10109870DIASG_2025-09-11_G28,10109870DIASG,2025-09-11,118094,1,2,0,74.0
10109870DIASG_2025-09-11_G29,10109870DIASG,2025-09-11,110515,1,2,0,31.0
10109870DIASG_2025-09-11_G30,10109870DIASG,2025-09-11,110515,1,6,0,35.0
10109870DIASG_2025-09-11_G31,10109870DIASG,2025-09-11,118222,1,8,0,127.0
10109870DIASG_2025-09-11_G32,10109870DIASG,2025-09-11,111441,1,4,0,435.0
10109870DIASG_2025-09-11_G33,10109870DIASG,2025-09-11,110582,1,4,0,71.0
10109870DIASG_2025-09-11_G34,10109870DIASG,2025-09-11,111569,1,2,0,91.0
10109870DIASG_2025-09-11_G35,10109870DIASG,2025-09-11,111433,1,2,0,301.0
10109870DIASG_2025-09-11_G36,10109870DIASG,2025-09-11,118317,1,2,0,71.0
10109870DIASG_2025-09-11_G37,10109870DIASG,2025-09-11,111532,1,2,0,84.0
10109870DIASG_2025-09-11_G38,10109870DIASG,2025-09-11,111469,1,6,0,89.0
10109870DIASG_2025-09-11_G39,10109870DIASG,2025-09-11,111462,1,2,0,73.0
10109870DIASG_2025-09-11_G40,10109870DIASG,2025-09-11,111438,1,6,0,307.0
10109870DIASG_2025-09-11_G41,10109870DIASG,2025-09-11,118299,1,9,0,348.0
10109870DIASG_2025-09-11_G42,10109870DIASG,2025-09-11,"110373, 111530",2,5,21,203.0
10109870DIASG_2025-09-11_G43,10109870DIASG,2025-09-11,111467,1,2,0,295.0
10109870DIASG_2025-09-11_G44,10109870DIASG,2025-09-11,110515,1,2,0,107.0
10109870DIASG_2025-09-11_G45,10109870DIASG,2025-09-11,117808,1,1000,0,1593.0
10109870DIASG_2025-09-11_G46,10109870DIASG,2025-09-11,117809,1,10,0,2695.0
10109870DIASG_2025-09-11_G48,10109870DIASG,2025-09-11,110787,1,12,0,165.0
10109870DIASG_2025-09-11_G49,10109870DIASG,2025-09-11,117821,1,19,0,914.0
10109870DIASG_2025-09-11_G50,10109870DIASG,2025-09-11,108794,1,9,0,302.0
10109870DIASG_2025-09-11_G51,10109870DIASG,2025-09-11,111462,1,14,0,175.0
10109870DIASG_2025-09-11_G52,10109870DIASG,2025-09-11,140922,1,30,0,571.0
10109870DIASG_2025-09-11_G53,10109870DIASG,2025-09-11,117822,1,9,0,2810.0
10109870DIASG_2025-09-11_G54,10109870DIASG,2025-09-11,117788,1,2,0,170.0
10109870DIASG_2025-09-11_G55,10109870DIASG,2025-09-11,111418,1,50,0,2370.0
10109870DIASG_2025-09-11_G56,10109870DIASG,2025-09-11,111467,1,3,0,278.0
10109870DIASG_2025-09-11_G57,10109870DIASG,2025-09-11,111433,1,2,0,769.0
10109870DIASG_2025-09-11_G58,10109870DIASG,2025-09-11,110751,1,8,0,144.0
10109870DIASG_2025-09-11_G59,10109870DIASG,2025-09-11,118317,1,4,0,66.0
10109870DIASG_2025-09-11_G60,10109870DIASG,2025-09-11,"111469, 111466",2,10,14,166.0
10109870DIASG_2025-09-11_G61,10109870DIASG,2025-09-11,116527,1,5,0,268.0
10109870DIASG_2025-09-11_G62,10109870DIASG,2025-09-11,111655,1,6,0,422.0
10109870DIASG_2025-09-11_G63,10109870DIASG,2025-09-11,111850,1,4,0,220.0
10109870DIASG_2025-09-11_G64,10109870DIASG,2025-09-11,117832,1,4,0,179.0
10109870DIASG_2025-09-12_G02,10109870DIASG,2025-09-12,118140,1,10,0,516.0
10109870DIASG_2025-09-12_G03,10109870DIASG,2025-09-12,117821,1,10,0,121.0
10109870DIASG_2025-09-12_G04,10109870DIASG,2025-09-12,110745,1,3,0,1562.0
10109870DIASG_2025-09-12_G05,10109870DIASG,2025-09-12,111418,2,4,7,429.0
10109870DIASG_2025-09-12_G06,10109870DIASG,2025-09-12,111443,1,4,0,137.0
10109870DIASG_2025-09-12_G07,10109870DIASG,2025-09-12,117842,1,16,0,229.0
10109870DIASG_2025-09-12_G08,10109870DIASG,2025-09-12,111469,1,67,0,780.0
10109870DIASG_2025-09-12_G09,10109870DIASG,2025-09-12,111433,1,12,0,2989.0
10109870DIASG_2025-09-12_G10,10109870DIASG,2025-09-12,110751,1,4,0,72.0
10109870DIASG_2025-09-12_G11,10109870DIASG,2025-09-12,117787,1,4,0,106.0
10109870DIASG_2025-09-12_G12,10109870DIASG,2025-09-12,111532,1,20,0,169.0
10109870DIASG_2025-09-12_G13,10109870DIASG,2025-09-12,117821,1,40,0,399.0
10109870DIASG_2025-09-12_G14,10109870DIASG,2025-09-12,111330,1,4,0,107.0
10109870DIASG_2025-09-12_G15,10109870DIASG,2025-09-12,111466,1,20,0,187.0
10109870DIASG_2025-09-12_G16,10109870DIASG,2025-09-12,107236,1,20,0,191.0
10109870DIASG_2025-09-12_G17,10109870DIASG,2025-09-12,140922,1,40,0,790.0
10109870DIASG_2025-09-12_G18,10109870DIASG,2025-09-12,111463,1,2,0,1071.0
10109870DIASG_2025-09-12_G20,10109870DIASG,2025-09-12,111434,1,10,0,140.0
10109870DIASG_2025-09-12_G21,10109870DIASG,2025-09-12,111469,1,4,0,148.0
10109870DIASG_2025-09-12_G22,10109870DIASG,2025-09-12,111469,2,12,16,241.0
10109870DIASG_2025-09-12_G23,10109870DIASG,2025-09-12,111466,1,12,0,265.0
10109870DIASG_2025-09-12_G24,10109870DIASG,2025-09-12,111466,1,8,0,255.0
10109870DIASG_2025-09-12_G25,10109870DIASG,2025-09-12,111466,1,20,0,32.0
10109870DIASG_2025-09-12_G26,10109870DIASG,2025-09-12,111466,1,4,0,32.0
10109870DIASG_2025-09-12_G27,10109870DIASG,2025-09-12,111348,1,1,0,486.0
10109870DIASG_2025-09-12_G28,10109870DIASG,2025-09-12,140922,1,8,0,84.0
10109870DIASG_2025-09-12_G29,10109870DIASG,2025-09-12,111465,2,8,6,103.0
10109870DIASG_2025-09-12_G30,10109870DIASG,2025-09-12,118306,1,4,0,151.0
10109870DIASG_2025-09-12_G31,10109870DIASG,2025-09-12,117834,1,2,0,120.0
10109870DIASG_2025-09-12_G32,10109870DIASG,2025-09-12,100334,1,8,0,258.0
10109870DIASG_2025-09-12_G33,10109870DIASG,2025-09-12,111463,1,4,0,529.0
10109870DIASG_2025-09-12_G34,10109870DIASG,2025-09-12,111532,2,10,21,81.0
10109870DIASG_2025-09-12_G35,10109870DIASG,2025-09-12,111469,1,4,0,124.0
10109870DIASG_2025-09-12_G36,10109870DIASG,2025-09-12,110332,1,2,0,118.0
10109870DIASG_2025-09-12_G37,10109870DIASG,2025-09-12,109643,1,4,0,986.0
10109870DIASG_2025-09-12_G38,10109870DIASG,2025-09-12,110374,1,10,0,82.0
10109870DIASG_2025-09-12_G39,10109870DIASG,2025-09-12,117820,1,10,0,81.0
10109870DIASG_2025-09-12_G40,10109870DIASG,2025-09-12,117832,1,12,0,109.0
10109870DIASG_2025-09-12_G41,10109870DIASG,2025-09-12,110373,1,20,0,292.0
10109870DIASG_2025-09-12_G42,10109870DIASG,2025-09-12,117808,1,70,0,712.0
10109870DIASG_2025-09-12_G43,10109870DIASG,2025-09-12,117830,1,20,0,409.0
10109870DIASG_2025-09-12_G44,10109870DIASG,2025-09-12,118299,1,30,0,472.0
10109870DIASG_2025-09-12_G45,10109870DIASG,2025-09-12,111330,1,2,0,317.0
10109870DIASG_2025-09-12_G46,10109870DIASG,2025-09-12,105705,1,2,0,110.0
10109870DIASG_2025-09-12_G47,10109870DIASG,2025-09-12,110752,1,4,0,132.0
10109870DIASG_2025-09-12_G48,10109870DIASG,2025-09-12,160054,1,12,0,344.0
10109870DIASG_2025-09-12_G49,10109870DIASG,2025-09-12,117809,1,12,0,264.0
10109870DIASG_2025-09-12_G50,10109870DIASG,2025-09-12,111444,1,8,0,359.0
10109870DIASG_2025-09-12_G51,10109870DIASG,2025-09-12,108701,1,2,0,2189.0
10109870DIASG_2025-09-12_G52,10109870DIASG,2025-09-12,141066,1,10,0,125.0
10109870DIASG_2025-09-12_G53,10109870DIASG,2025-09-12,117788,1,10,0,95.0
10109870DIASG_2025-09-12_G54,10109870DIASG,2025-09-12,117808,1,600,0,907.0
10109870DIASG_2025-09-13_G02,10109870DIASG,2025-09-13,110751,1,4,0,266.0
10109870DIASG_2025-09-13_G03,10109870DIASG,2025-09-13,108711,1,3,0,126.0
10109870DIASG_2025-09-13_G04,10109870DIASG,2025-09-13,111443,1,4,0,65.0
10109870DIASG_2025-09-13_G05,10109870DIASG,2025-09-13,117821,1,30,0,1175.0
10109870DIASG_2025-09-13_G06,10109870DIASG,2025-09-13,111462,1,30,0,499.0
10109870DIASG_2025-09-13_G07,10109870DIASG,2025-09-13,117831,1,30,0,175.0
10109870DIASG_2025-09-13_G08,10109870DIASG,2025-09-13,141458,1,50,0,552.0
10109870DIASG_2025-09-13_G09,10109870DIASG,2025-09-13,110740,1,3,0,351.0
10109870DIASG_2025-09-13_G10,10109870DIASG,2025-09-13,141457,1,60,0,303.0
10109870DIASG_2025-09-13_G11,10109870DIASG,2025-09-13,117830,1,30,0,2669.0
10109870DIASG_2025-09-13_G12,10109870DIASG,2025-09-13,117809,1,20,0,103.0
10109870DIASG_2025-09-13_G13,10109870DIASG,2025-09-13,108711,1,16,0,1177.0
10109870DIASG_2025-09-13_G14,10109870DIASG,2025-09-13,118317,1,20,0,40.0
10109870DIASG_2025-09-13_G15,10109870DIASG,2025-09-13,117841,1,8,0,301.0
10109870DIASG_2025-09-13_G16,10109870DIASG,2025-09-13,111743,1,8,0,69.0
10109870DIASG_2025-09-13_G17,10109870DIASG,2025-09-13,111434,1,4,0,142.0
10109870DIASG_2025-09-13_G18,10109870DIASG,2025-09-13,108794,1,8,0,91.0
10109870DIASG_2025-09-13_G19,10109870DIASG,2025-09-13,111466,1,40,0,403.0
10109870DIASG_2025-09-13_G20,10109870DIASG,2025-09-13,117831,1,24,0,388.0
10109870DIASG_2025-09-13_G21,10109870DIASG,2025-09-13,108795,1,12,0,215.0
10109870DIASG_2025-09-13_G22,10109870DIASG,2025-09-13,111465,1,20,0,392.0
10109870DIASG_2025-09-13_G23,10109870DIASG,2025-09-13,111532,1,30,0,161.0
10109870DIASG_2025-09-13_G24,10109870DIASG,2025-09-13,107830,1,8,0,372.0
10109870DIASG_2025-09-13_G25,10109870DIASG,2025-09-13,109643,1,12,0,117.0
10109870DIASG_2025-09-13_G26,10109870DIASG,2025-09-13,118299,1,130,0,372.0
10109870DIASG_2025-09-13_G27,10109870DIASG,2025-09-13,117832,1,30,0,508.0
10109870DIASG_2025-09-13_G28,10109870DIASG,2025-09-13,110375,1,8,0,322.0
10109870DIASG_2025-09-13_G29,10109870DIASG,2025-09-13,110376,1,4,0,87.0
10109870DIASG_2025-09-13_G30,10109870DIASG,2025-09-13,141202,1,8,0,88.0
10109870DIASG_2025-09-13_G31,10109870DIASG,2025-09-13,117822,1,12,0,157.0
10109870DIASG_2025-09-13_G32,10109870DIASG,2025-09-13,117830,1,24,0,134.0
10109870DIASG_2025-09-13_G33,10109870DIASG,2025-09-13,117809,1,8,0,113.0
10109870DIASG_2025-09-13_G34,10109870DIASG,2025-09-13,108770,1,4,0,712.0
10109870DIASG_2025-09-13_G35,10109870DIASG,2025-09-13,111569,1,12,0,206.0
10109870DIASG_2025-09-13_G36,10109870DIASG,2025-09-13,110747,1,8,0,149.0
10109870DIASG_2025-09-13_G37,10109870DIASG,2025-09-13,111660,1,4,0,128.0
10109870DIASG_2025-09-13_G39,10109870DIASG,2025-09-13,107254,1,2,0,84.0
10109870DIASG_2025-09-13_G40,10109870DIASG,2025-09-13,105272,1,2,0,99.0
10109870DIASG_2025-09-15_G02,10109870DIASG,2025-09-15,108798,1,4,0,420.0
10109870DIASG_2025-09-15_G03,10109870DIASG,2025-09-15,111532,1,5,0,74.0
10109870DIASG_2025-09-15_G05,10109870DIASG,2025-09-15,110372,1,100,0,936.0
10109870DIASG_2025-09-15_G06,10109870DIASG,2025-09-15,110372,1,300,0,739.0
10109870DIASG_2025-09-15_G07,10109870DIASG,2025-09-15,117820,1,200,0,746.0
10109870DIASG_2025-09-15_G08,10109870DIASG,2025-09-15,117830,1,31,0,365.0
10109870DIASG_2025-09-15_G10,10109870DIASG,2025-09-15,117856,1,3,0,218.0
10109870DIASG_2025-09-15_G11,10109870DIASG,2025-09-15,117853,1,2,0,126.0
10109870DIASG_2025-09-15_G12,10109870DIASG,2025-09-15,117853,1,2,0,42.0
10109870DIASG_2025-09-15_G13,10109870DIASG,2025-09-15,141047,1,4,0,151.0
10109870DIASG_2025-09-15_G14,10109870DIASG,2025-09-15,117855,1,8,0,321.0
10109870DIASG_2025-09-15_G15,10109870DIASG,2025-09-15,118094,2,20,10,161.0
10109870DIASG_2025-09-15_G16,10109870DIASG,2025-09-15,107830,1,4,0,183.0
10109870DIASG_2025-09-15_G17,10109870DIASG,2025-09-15,110373,2,22,9,112.0
10109870DIASG_2025-09-15_G18,10109870DIASG,2025-09-15,117840,2,8,6,241.0
10109870DIASG_2025-09-15_G19,10109870DIASG,2025-09-15,110371,1,8,0,397.0
10109870DIASG_2025-09-15_G20,10109870DIASG,2025-09-15,117820,1,13,0,99.0
10109870DIASG_2025-09-15_G21,10109870DIASG,2025-09-15,141202,1,2,0,130.0
10109870DIASG_2025-09-15_G22,10109870DIASG,2025-09-15,117830,1,10,0,189.0
10109870DIASG_2025-09-15_G23,10109870DIASG,2025-09-15,117830,1,10,0,37.0
10109870DIASG_2025-09-15_G24,10109870DIASG,2025-09-15,118299,1,10,0,93.0
10109870DIASG_2025-09-15_G25,10109870DIASG,2025-09-15,117785,1,18,0,255.0
10109870DIASG_2025-09-15_G26,10109870DIASG,2025-09-15,111418,1,25,0,266.0
10109870DIASG_2025-09-15_G27,10109870DIASG,2025-09-15,116241,1,4,0,61.0
10109870DIASG_2025-09-15_G28,10109870DIASG,2025-09-15,117808,1,65,0,980.0
10109870DIASG_2025-09-15_G29,10109870DIASG,2025-09-15,141456,1,20,0,573.0
10109870DIASG_2025-09-15_G30,10109870DIASG,2025-09-15,"111469, 111466",2,9,17,90.0
10109870DIASG_2025-09-15_G31,10109870DIASG,2025-09-15,107236,1,4,0,124.0
10109870DIASG_2025-09-15_G32,10109870DIASG,2025-09-15,140922,2,4,11,61.0
10109870DIASG_2025-09-15_G33,10109870DIASG,2025-09-15,110740,2,18,8,838.0
10109870DIASG_2025-09-15_G34,10109870DIASG,2025-09-15,111430,1,2,0,370.0
10109870DIASG_2025-09-15_G35,10109870DIASG,2025-09-15,118253,1,6,0,134.0
10109870DIASG_2025-09-15_G36,10109870DIASG,2025-09-15,111438,1,2,0,111.0
10109870DIASG_2025-09-15_G37,10109870DIASG,2025-09-15,108795,1,10,0,456.0
10109870DIASG_2025-09-15_G38,10109870DIASG,2025-09-15,117785,1,16,0,134.0
10109870DIASG_2025-09-15_G39,10109870DIASG,2025-09-15,117862,1,6,0,196.0
10109870DIASG_2025-09-15_G40,10109870DIASG,2025-09-15,117808,1,10,0,231.0
10109870DIASG_2025-09-15_G41,10109870DIASG,2025-09-15,118299,1,10,0,144.0
10109870DIASG_2025-09-16_G02,10109870DIASG,2025-09-16,117785,1,10,0,93.0
10109870DIASG_2025-09-16_G03,10109870DIASG,2025-09-16,141456,1,12,0,143.0
10109870DIASG_2025-09-16_G04,10109870DIASG,2025-09-16,118140,1,12,0,142.0
10109870DIASG_2025-09-16_G05,10109870DIASG,2025-09-16,111442,1,2,0,114.0
10109870DIASG_2025-09-16_G06,10109870DIASG,2025-09-16,111348,1,2,0,41.0
10109870DIASG_2025-09-16_G07,10109870DIASG,2025-09-16,141458,1,12,0,141.0
10109870DIASG_2025-09-16_G08,10109870DIASG,2025-09-16,117854,1,2,0,165.0
10109870DIASG_2025-09-16_G09,10109870DIASG,2025-09-16,117853,1,4,0,113.0
10109870DIASG_2025-09-16_G10,10109870DIASG,2025-09-16,110313,1,2,0,109.0
10109870DIASG_2025-09-16_G11,10109870DIASG,2025-09-16,117837,1,2,0,72.0
10109870DIASG_2025-09-16_G12,10109870DIASG,2025-09-16,110746,2,4,6,647.0
10109870DIASG_2025-09-16_G13,10109870DIASG,2025-09-16,111430,1,8,0,290.0
10109870DIASG_2025-09-16_G14,10109870DIASG,2025-09-16,111569,1,12,0,292.0
10109870DIASG_2025-09-16_G15,10109870DIASG,2025-09-16,118299,1,10,0,171.0
10109870DIASG_2025-09-16_G16,10109870DIASG,2025-09-16,110373,1,50,0,678.0
10109870DIASG_2025-09-16_G17,10109870DIASG,2025-09-16,160054,1,2,0,791.0
10109870DIASG_2025-09-16_G18,10109870DIASG,2025-09-16,110372,1,3,0,166.0
10109870DIASG_2025-09-16_G19,10109870DIASG,2025-09-16,110373,1,2,0,103.0
10109870DIASG_2025-09-16_G20,10109870DIASG,2025-09-16,110371,1,2,0,51.0
10109870DIASG_2025-09-16_G21,10109870DIASG,2025-09-16,117808,1,10,0,284.0
10109870DIASG_2025-09-16_G22,10109870DIASG,2025-09-16,117820,1,5,0,144.0
10109870DIASG_2025-09-16_G23,10109870DIASG,2025-09-16,118299,1,12,0,389.0
10109870DIASG_2025-09-16_G24,10109870DIASG,2025-09-16,117785,1,2,0,101.0
10109870DIASG_2025-09-16_G25,10109870DIASG,2025-09-16,117787,1,2,0,115.0
10109870DIASG_2025-09-16_G26,10109870DIASG,2025-09-16,111469,1,2,0,66.0
10109870DIASG_2025-09-16_G27,10109870DIASG,2025-09-16,111442,1,2,0,89.0
10109870DIASG_2025-09-16_G28,10109870DIASG,2025-09-16,110745,1,3,0,122.0
10109870DIASG_2025-09-16_G29,10109870DIASG,2025-09-16,110787,1,3,0,377.0
10109870DIASG_2025-09-16_G30,10109870DIASG,2025-09-16,141457,1,6,0,131.0
10109870DIASG_2025-09-16_G31,10109870DIASG,2025-09-16,140922,1,4,0,90.0
10109870DIASG_2025-09-16_G32,10109870DIASG,2025-09-16,141458,1,6,0,87.0
10109870DIASG_2025-09-16_G33,10109870DIASG,2025-09-16,"117831, 111465",2,4,28,34.0
10109870DIASG_2025-09-16_G34,10109870DIASG,2025-09-16,117809,1,8,0,272.0
10109870DIASG_2025-09-16_G35,10109870DIASG,2025-09-16,110372,1,4,0,97.0
10109870DIASG_2025-09-16_G36,10109870DIASG,2025-09-16,118299,1,10,0,155.0
10109870DIASG_2025-09-16_G37,10109870DIASG,2025-09-16,117785,1,5,0,323.0
10109870DIASG_2025-09-16_G38,10109870DIASG,2025-09-16,117821,1,2,0,59.0
10109870DIASG_2025-09-16_G39,10109870DIASG,2025-09-16,117787,1,2,0,75.0
10109870DIASG_2025-09-16_G40,10109870DIASG,2025-09-16,110787,1,3,0,70.0
10109870DIASG_2025-09-16_G41,10109870DIASG,2025-09-16,108794,1,1,0,112.0
10109870DIASG_2025-09-16_G42,10109870DIASG,2025-09-16,141457,1,6,0,83.0
10109870DIASG_2025-09-16_G43,10109870DIASG,2025-09-16,111348,1,2,0,78.0
10109870DIASG_2025-09-16_G44,10109870DIASG,2025-09-16,111444,1,2,0,69.0
10109870DIASG_2025-09-16_G45,10109870DIASG,2025-09-16,110740,1,1,0,48.0
10109870DIASG_2025-09-16_G46,10109870DIASG,2025-09-16,111465,1,2,0,42.0
10109870DIASG_2025-09-16_G47,10109870DIASG,2025-09-16,141318,1,2,0,99.0
10109870DIASG_2025-09-16_G48,10109870DIASG,2025-09-16,117862,1,4,0,112.0
10109870DIASG_2025-09-16_G49,10109870DIASG,2025-09-16,107629,1,2,0,94.0
10109870DIASG_2025-09-16_G50,10109870DIASG,2025-09-16,110372,1,2,0,58.0
10109870DIASG_2025-09-16_G51,10109870DIASG,2025-09-16,117832,1,5,0,134.0
10109870DIASG_2025-09-16_G52,10109870DIASG,2025-09-16,117808,1,5,0,63.0
10109870DIASG_2025-09-16_G53,10109870DIASG,2025-09-16,141202,1,4,0,89.0
10109870DIASG_2025-09-16_G54,10109870DIASG,2025-09-16,118299,1,4,0,42.0
10109870DIASG_2025-09-16_G55,10109870DIASG,2025-09-16,118299,1,12,0,334.0
10109870DIASG_2025-09-16_G56,10109870DIASG,2025-09-16,117830,1,2,0,134.0
10109870DIASG_2025-09-16_G57,10109870DIASG,2025-09-16,110129,1,1,0,376.0
10109870DIASG_2025-09-16_G58,10109870DIASG,2025-09-16,110751,1,4,0,129.0
10109870DIASG_2025-09-16_G59,10109870DIASG,2025-09-16,108711,2,10,8,101.0
10109870DIASG_2025-09-16_G60,10109870DIASG,2025-09-16,117842,1,2,0,182.0
10109870DIASG_2025-09-16_G61,10109870DIASG,2025-09-16,107236,1,8,0,192.0
10109870DIASG_2025-09-16_G62,10109870DIASG,2025-09-16,110745,2,6,8,128.0
10109870DIASG_2025-09-16_G63,10109870DIASG,2025-09-16,111418,1,2,0,535.0
10109870DIASG_2025-09-16_G64,10109870DIASG,2025-09-16,117821,1,2,0,128.0
10109870DIASG_2025-09-16_G65,10109870DIASG,2025-09-16,141456,1,2,0,134.0
10109870DIASG_2025-09-16_G66,10109870DIASG,2025-09-16,117831,1,7,0,106.0
10109870DIASG_2025-09-16_G67,10109870DIASG,2025-09-16,109640,1,4,0,71.0
10109870DIASG_2025-09-16_G69,10109870DIASG,2025-09-16,110374,1,2,0,46.0
10109870DIASG_2025-09-16_G70,10109870DIASG,2025-09-16,110373,1,3,0,265.0
10109870DIASG_2025-09-16_G71,10109870DIASG,2025-09-16,117820,1,2,0,97.0
10109870DIASG_2025-09-16_G72,10109870DIASG,2025-09-16,117830,1,7,0,90.0
10109870DIASG_2025-09-16_G73,10109870DIASG,2025-09-16,118299,1,2,0,43.0
10109870DIASG_2025-09-16_G74,10109870DIASG,2025-09-16,109640,1,2,0,302.0
10109870DIASG_2025-09-16_G75,10109870DIASG,2025-09-16,117820,1,390,0,3347.0
10109870DIASG_2025-09-16_G77,10109870DIASG,2025-09-16,117965,1,2,0,520.0
10109870DIASG_2025-09-16_G78,10109870DIASG,2025-09-16,117786,1,2,0,221.0
10109870DIASG_2025-09-16_G79,10109870DIASG,2025-09-16,111467,1,3,0,72.0
10109870DIASG_2025-09-16_G80,10109870DIASG,2025-09-16,118094,1,4,0,151.0
10109870DIASG_2025-09-16_G81,10109870DIASG,2025-09-16,111466,1,5,0,107.0
10109870DIASG_2025-09-16_G82,10109870DIASG,2025-09-16,141458,1,4,0,239.0
10109870DIASG_2025-09-17_G02,10109870DIASG,2025-09-17,108795,1,4,0,64.0
10109870DIASG_2025-09-17_G03,10109870DIASG,2025-09-17,111433,1,6,0,70.0
10109870DIASG_2025-09-17_G04,10109870DIASG,2025-09-17,110751,1,2,0,65.0
10109870DIASG_2025-09-17_G05,10109870DIASG,2025-09-17,111443,1,8,0,160.0
10109870DIASG_2025-09-17_G06,10109870DIASG,2025-09-17,117838,1,6,0,84.0
10109870DIASG_2025-09-17_G07,10109870DIASG,2025-09-17,111418,1,20,0,175.0
10109870DIASG_2025-09-17_G08,10109870DIASG,2025-09-17,109641,1,16,0,154.0
10109870DIASG_2025-09-17_G09,10109870DIASG,2025-09-17,141823,1,2,0,131.0
10109870DIASG_2025-09-17_G10,10109870DIASG,2025-09-17,111330,1,1,0,93.0
10109870DIASG_2025-09-17_G11,10109870DIASG,2025-09-17,117842,1,4,0,66.0
10109870DIASG_2025-09-17_G12,10109870DIASG,2025-09-17,109645,1,4,0,235.0
10109870DIASG_2025-09-17_G13,10109870DIASG,2025-09-17,141456,1,2,0,73.0
10109870DIASG_2025-09-17_G14,10109870DIASG,2025-09-17,105705,1,2,0,52.0
10109870DIASG_2025-09-17_G15,10109870DIASG,2025-09-17,107236,1,2,0,86.0
10109870DIASG_2025-09-17_G16,10109870DIASG,2025-09-17,111468,1,2,0,88.0
10109870DIASG_2025-09-17_G17,10109870DIASG,2025-09-17,140922,1,14,0,143.0
10109870DIASG_2025-09-17_G18,10109870DIASG,2025-09-17,110740,1,10,0,130.0
10109870DIASG_2025-09-17_G19,10109870DIASG,2025-09-17,117831,1,12,0,141.0
10109870DIASG_2025-09-17_G20,10109870DIASG,2025-09-17,111465,1,6,0,94.0
10109870DIASG_2025-09-17_G21,10109870DIASG,2025-09-17,110371,1,8,0,255.0
10109870DIASG_2025-09-17_G22,10109870DIASG,2025-09-17,117820,1,16,0,829.0
10109870DIASG_2025-09-17_G23,10109870DIASG,2025-09-17,"110376, 117809",2,30,28,1688.0
10109870DIASG_2025-09-17_G24,10109870DIASG,2025-09-17,109643,1,10,0,262.0
10109870DIASG_2025-09-17_G25,10109870DIASG,2025-09-17,110372,1,150,0,609.0
10109870DIASG_2025-09-17_G26,10109870DIASG,2025-09-17,110374,1,25,0,90.0
10109870DIASG_2025-09-17_G27,10109870DIASG,2025-09-17,109648,1,2,0,153.0
10109870DIASG_2025-09-17_G28,10109870DIASG,2025-09-17,110373,1,40,0,606.0
10109870DIASG_2025-09-17_G29,10109870DIASG,2025-09-17,117832,1,16,0,374.0
10109870DIASG_2025-09-17_G30,10109870DIASG,2025-09-17,110371,1,22,0,325.0
10109870DIASG_2025-09-17_G31,10109870DIASG,2025-09-17,117808,1,400,0,1084.0
10109870DIASG_2025-09-17_G32,10109870DIASG,2025-09-17,118299,1,300,0,1110.0
10109870DIASG_2025-09-17_G33,10109870DIASG,2025-09-17,117820,1,100,0,443.0
10109870DIASG_2025-09-17_G34,10109870DIASG,2025-09-17,117830,1,80,0,365.0
10109870DIASG_2025-09-17_G35,10109870DIASG,2025-09-17,141202,1,5,0,156.0
10109870DIASG_2025-09-17_G36,10109870DIASG,2025-09-17,117822,1,8,0,144.0
10109870DIASG_2025-09-17_G37,10109870DIASG,2025-09-17,111876,1,8,0,325.0
10109870DIASG_2025-09-17_G38,10109870DIASG,2025-09-17,111530,1,30,0,244.0
10109870DIASG_2025-09-17_G39,10109870DIASG,2025-09-17,109640,1,20,0,443.0
10109870DIASG_2025-09-17_G40,10109870DIASG,2025-09-17,117837,1,8,0,283.0
10109870DIASG_2025-09-17_G42,10109870DIASG,2025-09-17,118140,1,200,0,815.0
10109870DIASG_2025-09-17_G43,10109870DIASG,2025-09-17,111602,1,248,0,898.0
10109870DIASG_2025-09-17_G44,10109870DIASG,2025-09-17,110515,1,140,0,691.0
10109870DIASG_2025-09-17_G45,10109870DIASG,2025-09-17,118094,1,90,0,755.0
10109870DIASG_2025-09-17_G46,10109870DIASG,2025-09-17,117785,1,16,0,1755.0
10109870DIASG_2025-09-17_G47,10109870DIASG,2025-09-17,111463,1,12,0,168.0
10109870DIASG_2025-09-17_G48,10109870DIASG,2025-09-17,107236,1,6,0,221.0
10109870DIASG_2025-09-17_G49,10109870DIASG,2025-09-17,111462,1,50,0,292.0
10109870DIASG_2025-09-17_G50,10109870DIASG,2025-09-17,117831,1,30,0,531.0
10109870DIASG_2025-09-17_G51,10109870DIASG,2025-09-17,107830,1,4,0,764.0
10109870DIASG_2025-09-17_G52,10109870DIASG,2025-09-17,110372,1,150,0,317.0
10109870DIASG_2025-09-17_G53,10109870DIASG,2025-09-17,160053,1,4,0,1878.0
10109870DIASG_2025-09-17_G54,10109870DIASG,2025-09-17,110371,1,200,0,581.0
10109870DIASG_2025-09-17_G55,10109870DIASG,2025-09-17,117808,1,135,0,594.0
10109870DIASG_2025-09-17_G56,10109870DIASG,2025-09-17,117820,1,100,0,392.0
10109870DIASG_2025-09-17_G57,10109870DIASG,2025-09-17,117830,1,12,0,302.0
10109870DIASG_2025-09-18_G02,10109870DIASG,2025-09-18,111418,1,17,0,120.0
10109870DIASG_2025-09-18_G03,10109870DIASG,2025-09-18,117821,2,7,17,78.0
10109870DIASG_2025-09-18_G04,10109870DIASG,2025-09-18,118140,2,4,6,148.0
10109870DIASG_2025-09-18_G05,10109870DIASG,2025-09-18,"111469, 111466",2,11,14,84.0
10109870DIASG_2025-09-18_G06,10109870DIASG,2025-09-18,117785,1,20,0,290.0
10109870DIASG_2025-09-18_G07,10109870DIASG,2025-09-18,111462,1,1,0,40.0
10109870DIASG_2025-09-18_G08,10109870DIASG,2025-09-18,117831,1,4,0,131.0
10109870DIASG_2025-09-18_G09,10109870DIASG,2025-09-18,110372,1,7,0,204.0
10109870DIASG_2025-09-18_G10,10109870DIASG,2025-09-18,110371,1,4,0,90.0
10109870DIASG_2025-09-18_G11,10109870DIASG,2025-09-18,118222,1,20,0,342.0
10109870DIASG_2025-09-18_G12,10109870DIASG,2025-09-18,118306,1,2,0,285.0
10109870DIASG_2025-09-18_G13,10109870DIASG,2025-09-18,"109645, 109641",2,8,17,990.0
10109870DIASG_2025-09-18_G14,10109870DIASG,2025-09-18,117787,1,2,0,136.0
10109870DIASG_2025-09-18_G15,10109870DIASG,2025-09-18,108794,1,4,0,121.0
10109870DIASG_2025-09-18_G16,10109870DIASG,2025-09-18,118140,1,4,0,90.0
10109870DIASG_2025-09-18_G17,10109870DIASG,2025-09-18,140911,1,4,0,169.0
10109870DIASG_2025-09-18_G18,10109870DIASG,2025-09-18,100334,1,4,0,1029.0
10109870DIASG_2025-09-18_G19,10109870DIASG,2025-09-18,111569,1,2,0,834.0
10109870DIASG_2025-09-18_G20,10109870DIASG,2025-09-18,141066,1,1,0,130.0
10109870DIASG_2025-09-18_G21,10109870DIASG,2025-09-18,105705,1,4,0,71.0
10109870DIASG_2025-09-18_G22,10109870DIASG,2025-09-18,118140,1,2,0,69.0
10109870DIASG_2025-09-18_G23,10109870DIASG,2025-09-18,110745,1,2,0,141.0
10109870DIASG_2025-09-18_G24,10109870DIASG,2025-09-18,110372,1,4,0,122.0
10109870DIASG_2025-09-18_G25,10109870DIASG,2025-09-18,117820,1,4,0,102.0
10109870DIASG_2025-09-18_G26,10109870DIASG,2025-09-18,116241,1,4,0,363.0
10109870DIASG_2025-09-18_G27,10109870DIASG,2025-09-18,111463,1,2,0,120.0
10109870DIASG_2025-09-18_G28,10109870DIASG,2025-09-18,108711,1,4,0,133.0
10109870DIASG_2025-09-18_G29,10109870DIASG,2025-09-18,111431,1,4,0,311.0
10109870DIASG_2025-09-18_G30,10109870DIASG,2025-09-18,118140,1,4,0,100.0
10109870DIASG_2025-09-18_G31,10109870DIASG,2025-09-18,110740,1,2,0,84.0
10109870DIASG_2025-09-18_G32,10109870DIASG,2025-09-18,118222,2,6,6,865.0
10109870DIASG_2025-09-18_G33,10109870DIASG,2025-09-18,111441,1,2,0,191.0
10109870DIASG_2025-09-18_G34,10109870DIASG,2025-09-18,111430,1,4,0,139.0
10109870DIASG_2025-09-18_G35,10109870DIASG,2025-09-18,117855,1,2,0,105.0
10109870DIASG_2025-09-18_G36,10109870DIASG,2025-09-18,110372,1,4,0,120.0
10109870DIASG_2025-09-18_G37,10109870DIASG,2025-09-18,111463,1,2,0,60.0
10109870DIASG_2025-09-18_G38,10109870DIASG,2025-09-18,111743,1,2,0,96.0
10109870DIASG_2025-09-18_G39,10109870DIASG,2025-09-18,118140,1,1,0,71.0
10109870DIASG_2025-09-18_G41,10109870DIASG,2025-09-18,118140,2,8,8,189.0
10109870DIASG_2025-09-18_G42,10109870DIASG,2025-09-18,110373,1,6,0,172.0
10109870DIASG_2025-09-18_G43,10109870DIASG,2025-09-18,100334,1,2,0,229.0
10109870DIASG_2025-09-18_G44,10109870DIASG,2025-09-18,117855,1,4,0,54.0
10109870DIASG_2025-09-18_G45,10109870DIASG,2025-09-18,110752,1,2,0,359.0
10109870DIASG_2025-09-18_G46,10109870DIASG,2025-09-18,117809,1,8,0,144.0
10109870DIASG_2025-09-18_G47,10109870DIASG,2025-09-18,109643,1,4,0,307.0
10109870DIASG_2025-09-18_G48,10109870DIASG,2025-09-18,118299,1,50,0,179.0
10109870DIASG_2025-09-18_G49,10109870DIASG,2025-09-18,110374,1,12,0,66.0
10109870DIASG_2025-09-18_G50,10109870DIASG,2025-09-18,117832,1,12,0,207.0
10109870DIASG_2025-09-18_G51,10109870DIASG,2025-09-18,110373,1,16,0,101.0
10109870DIASG_2025-09-18_G52,10109870DIASG,2025-09-18,110841,1,2,0,3386.0
10109870DIASG_2025-09-18_G53,10109870DIASG,2025-09-18,110515,1,4,0,633.0
10109870DIASG_2025-09-18_G54,10109870DIASG,2025-09-18,110787,1,4,0,147.0
10109870DIASG_2025-09-18_G55,10109870DIASG,2025-09-18,118094,1,4,0,168.0
10109870DIASG_2025-09-18_G56,10109870DIASG,2025-09-18,111438,1,4,0,251.0
10109870DIASG_2025-09-18_G57,10109870DIASG,2025-09-18,108795,1,1,0,629.0
10109870DIASG_2025-09-18_G58,10109870DIASG,2025-09-18,109645,1,2,0,84.0
10109870DIASG_2025-09-18_G59,10109870DIASG,2025-09-18,108711,1,2,0,41.0
10109870DIASG_2025-09-18_G60,10109870DIASG,2025-09-18,111418,2,4,6,36.0
10109870DIASG_2025-09-18_G61,10109870DIASG,2025-09-18,118140,1,4,0,119.0
10109870DIASG_2025-09-18_G62,10109870DIASG,2025-09-18,117833,1,3,0,99.0
10109870DIASG_2025-09-18_G63,10109870DIASG,2025-09-18,111444,1,4,0,75.0
10109870DIASG_2025-09-18_G64,10109870DIASG,2025-09-18,110740,1,2,0,69.0
10109870DIASG_2025-09-18_G65,10109870DIASG,2025-09-18,109640,1,4,0,125.0
10109870DIASG_2025-09-18_G66,10109870DIASG,2025-09-18,117809,1,2,0,105.0
10109870DIASG_2025-09-18_G67,10109870DIASG,2025-09-18,118299,1,8,0,109.0
10109870DIASG_2025-09-18_G68,10109870DIASG,2025-09-18,117808,1,8,0,229.0
10109870DIASG_2025-09-18_G69,10109870DIASG,2025-09-18,117830,1,2,0,41.0
10109870DIASG_2025-09-18_G70,10109870DIASG,2025-09-18,118317,1,2,0,1456.0
10109870DIASG_2025-09-18_G71,10109870DIASG,2025-09-18,"108711, 111418",2,6,14,129.0
10109870DIASG_2025-09-18_G72,10109870DIASG,2025-09-18,111532,1,4,0,187.0
10109870DIASG_2025-09-18_G73,10109870DIASG,2025-09-18,141823,1,2,0,41.0
10109870DIASG_2025-09-18_G74,10109870DIASG,2025-09-18,140922,1,2,0,114.0
10109870DIASG_2025-09-18_G75,10109870DIASG,2025-09-18,"110745, 111465",2,4,14,45.0
10109870DIASG_2025-09-18_G76,10109870DIASG,2025-09-18,"141066, 107830",2,3,26,98.0
10109870DIASG_2025-09-18_G77,10109870DIASG,2025-09-18,118299,1,10,0,44.0
10109870DIASG_2025-09-18_G78,10109870DIASG,2025-09-18,110371,1,2,0,116.0
10109870DIASG_2025-09-18_G79,10109870DIASG,2025-09-18,117808,1,1,0,63.0
10109870DIASG_2025-09-19_G02,10109870DIASG,2025-09-19,109647,1,6,0,256.0
10109870DIASG_2025-09-19_G03,10109870DIASG,2025-09-19,117861,1,8,0,133.0
10109870DIASG_2025-09-19_G04,10109870DIASG,2025-09-19,117855,1,1,0,93.0
10109870DIASG_2025-09-19_G05,10109870DIASG,2025-09-19,109640,1,39,0,273.0
10109870DIASG_2025-09-19_G06,10109870DIASG,2025-09-19,118094,1,10,0,187.0
10109870DIASG_2025-09-19_G07,10109870DIASG,2025-09-19,111443,1,2,0,496.0
10109870DIASG_2025-09-19_G08,10109870DIASG,2025-09-19,117838,1,3,0,116.0
10109870DIASG_2025-09-19_G09,10109870DIASG,2025-09-19,"105705, 118140",2,7,12,219.0
10109870DIASG_2025-09-19_G10,10109870DIASG,2025-09-19,118223,1,4,0,123.0
10109870DIASG_2025-09-19_G11,10109870DIASG,2025-09-19,111462,1,31,0,161.0
10109870DIASG_2025-09-19_G13,10109870DIASG,2025-09-19,111418,1,12,0,103.0
10109870DIASG_2025-09-19_G14,10109870DIASG,2025-09-19,141456,1,24,0,636.0
10109870DIASG_2025-09-19_G15,10109870DIASG,2025-09-19,141457,1,10,0,179.0
10109870DIASG_2025-09-19_G16,10109870DIASG,2025-09-19,111462,1,12,0,165.0
10109870DIASG_2025-09-19_G17,10109870DIASG,2025-09-19,111468,2,16,8,111.0
10109870DIASG_2025-09-19_G18,10109870DIASG,2025-09-19,117821,1,18,0,521.0
10109870DIASG_2025-09-19_G19,10109870DIASG,2025-09-19,141458,1,12,0,157.0
10109870DIASG_2025-09-19_G20,10109870DIASG,2025-09-19,117831,1,12,0,35.0
10109870DIASG_2025-09-19_G21,10109870DIASG,2025-09-19,141456,1,10,0,44.0
10109870DIASG_2025-09-19_G22,10109870DIASG,2025-09-19,117786,1,8,0,281.0
10109870DIASG_2025-09-19_G23,10109870DIASG,2025-09-19,117786,1,12,0,270.0
10109870DIASG_2025-09-19_G24,10109870DIASG,2025-09-19,109640,1,4,0,144.0
10109870DIASG_2025-09-19_G25,10109870DIASG,2025-09-19,110372,2,30,12,99.0
10109870DIASG_2025-09-19_G26,10109870DIASG,2025-09-19,109640,1,12,0,549.0
10109870DIASG_2025-09-19_G27,10109870DIASG,2025-09-19,117832,1,10,0,543.0
10109870DIASG_2025-09-19_G28,10109870DIASG,2025-09-19,117832,1,18,0,222.0
10109870DIASG_2025-09-19_G29,10109870DIASG,2025-09-19,118299,1,36,0,283.0
10109870DIASG_2025-09-19_G30,10109870DIASG,2025-09-19,117809,1,24,0,276.0
10109870DIASG_2025-09-20_G02,10109870DIASG,2025-09-20,110372,1,2,0,237.0
10109870DIASG_2025-09-20_G03,10109870DIASG,2025-09-20,110373,1,1,0,62.0
10109870DIASG_2025-09-20_G04,10109870DIASG,2025-09-20,118140,1,2,0,269.0
10109870DIASG_2025-09-20_G05,10109870DIASG,2025-09-20,117820,1,2,0,670.0
10109870DIASG_2025-09-20_G06,10109870DIASG,2025-09-20,111430,1,4,0,1018.0
10109870DIASG_2025-09-20_G07,10109870DIASG,2025-09-20,117855,1,4,0,134.0
10109870DIASG_2025-09-20_G08,10109870DIASG,2025-09-20,109645,1,2,0,99.0
10109870DIASG_2025-09-20_G09,10109870DIASG,2025-09-20,110372,1,4,0,121.0
10109870DIASG_2025-09-20_G10,10109870DIASG,2025-09-20,110371,1,4,0,103.0
10109870DIASG_2025-09-20_G11,10109870DIASG,2025-09-20,110373,1,8,0,141.0
10109870DIASG_2025-09-20_G12,10109870DIASG,2025-09-20,110373,1,20,0,3040.0
10109870DIASG_2025-09-20_G13,10109870DIASG,2025-09-20,111466,1,2,0,239.0
10109870DIASG_2025-09-20_G14,10109870DIASG,2025-09-20,110371,1,4,0,305.0
10109870DIASG_2025-09-20_G15,10109870DIASG,2025-09-20,160055,1,4,0,192.0
10109870DIASG_2025-09-20_G16,10109870DIASG,2025-09-20,160054,1,2,0,76.0
10109870DIASG_2025-09-20_G17,10109870DIASG,2025-09-20,140923,1,52,0,564.0
10109870DIASG_2025-09-20_G18,10109870DIASG,2025-09-20,"111463, 111418",2,6,8,271.0
10109870DIASG_2025-09-20_G19,10109870DIASG,2025-09-20,111462,1,12,0,213.0
10109870DIASG_2025-09-20_G20,10109870DIASG,2025-09-20,117831,1,8,0,129.0
10109870DIASG_2025-09-20_G21,10109870DIASG,2025-09-20,110745,1,2,0,211.0
10109870DIASG_2025-09-20_G22,10109870DIASG,2025-09-20,110747,1,4,0,176.0
10109870DIASG_2025-09-20_G23,10109870DIASG,2025-09-20,111430,1,2,0,95.0
10109870DIASG_2025-09-20_G24,10109870DIASG,2025-09-20,111876,1,4,0,86.0
10109870DIASG_2025-09-20_G25,10109870DIASG,2025-09-20,141047,1,2,0,119.0
10109870DIASG_2025-09-20_G26,10109870DIASG,2025-09-20,111602,1,3,0,113.0
10109870DIASG_2025-09-20_G28,10109870DIASG,2025-09-20,117832,1,2,0,212.0
10109870DIASG_2025-09-20_G29,10109870DIASG,2025-09-20,110373,1,9,0,237.0
10109870DIASG_2025-09-20_G30,10109870DIASG,2025-09-20,117820,1,5,0,126.0
10109870DIASG_2025-09-20_G31,10109870DIASG,2025-09-20,"141202, 117809",2,4,21,51.0
10109870DIASG_2025-09-20_G32,10109870DIASG,2025-09-20,110372,1,28,0,141.0
10109870DIASG_2025-09-20_G33,10109870DIASG,2025-09-20,111469,1,8,0,412.0
10109870DIASG_2025-09-20_G34,10109870DIASG,2025-09-20,109649,1,2,0,167.0
10109870DIASG_2025-09-20_G35,10109870DIASG,2025-09-20,110787,1,5,0,129.0
10109870DIASG_2025-09-20_G36,10109870DIASG,2025-09-20,108794,1,2,0,122.0
10109870DIASG_2025-09-20_G37,10109870DIASG,2025-09-20,111418,1,17,0,165.0
10109870DIASG_2025-09-20_G38,10109870DIASG,2025-09-20,117833,1,3,0,362.0
10109870DIASG_2025-09-20_G39,10109870DIASG,2025-09-20,117821,1,4,0,83.0
10109870DIASG_2025-09-20_G40,10109870DIASG,2025-09-20,117831,1,4,0,93.0
10109870DIASG_2025-09-20_G41,10109870DIASG,2025-09-20,111465,1,8,0,35.0
10109870DIASG_2025-09-20_G42,10109870DIASG,2025-09-20,140923,1,4,0,666.0
10109870DIASG_2025-09-20_G43,10109870DIASG,2025-09-20,111467,1,3,0,1424.0
10109870DIASG_2025-09-20_G44,10109870DIASG,2025-09-20,118299,1,20,0,406.0
10109870DIASG_2025-09-20_G45,10109870DIASG,2025-09-20,117808,1,5,0,119.0
10109870DIASG_2025-09-20_G46,10109870DIASG,2025-09-20,110371,1,2,0,113.0
10109870DIASG_2025-09-20_G47,10109870DIASG,2025-09-20,110375,1,4,0,90.0
10109870DIASG_2025-09-20_G48,10109870DIASG,2025-09-20,117862,1,1,0,3479.0
10109870DIASG_2025-09-20_G49,10109870DIASG,2025-09-20,111530,1,1,0,57.0
10109870DIASG_2025-09-20_G50,10109870DIASG,2025-09-20,140923,1,4,0,73.0
10109870DIASG_2025-09-20_G51,10109870DIASG,2025-09-20,117861,1,4,0,61.0
10109870DIASG_2025-09-20_G52,10109870DIASG,2025-09-20,117855,1,2,0,129.0
10109870DIASG_2025-09-20_G53,10109870DIASG,2025-09-20,111602,1,4,0,498.0
10109870DIASG_2025-09-20_G54,10109870DIASG,2025-09-20,111467,1,2,0,42.0
10109870DIASG_2025-09-20_G55,10109870DIASG,2025-09-20,108770,1,4,0,121.0
10109870DIASG_2025-09-20_G56,10109870DIASG,2025-09-20,117832,1,2,0,73.0
10109870DIASG_2025-09-20_G57,10109870DIASG,2025-09-20,117809,1,4,0,97.0
10109870DIASG_2025-09-20_G58,10109870DIASG,2025-09-20,141458,1,2,0,74.0
10109870DIASG_2025-09-22_G02,10109870DIASG,2025-09-22,110372,1,4,0,291.0
10109870DIASG_2025-09-22_G03,10109870DIASG,2025-09-22,117820,1,1,0,75.0
10109870DIASG_2025-09-22_G04,10109870DIASG,2025-09-22,117830,1,4,0,205.0
10109870DIASG_2025-09-22_G05,10109870DIASG,2025-09-22,110374,1,7,0,226.0
10109870DIASG_2025-09-22_G06,10109870DIASG,2025-09-22,111172,1,2,0,389.0
10109870DIASG_2025-09-22_G07,10109870DIASG,2025-09-22,111469,1,2,0,109.0
10109870DIASG_2025-09-22_G08,10109870DIASG,2025-09-22,141456,1,2,0,111.0
10109870DIASG_2025-09-22_G09,10109870DIASG,2025-09-22,111443,1,2,0,114.0
10109870DIASG_2025-09-22_G10,10109870DIASG,2025-09-22,111462,1,2,0,95.0
10109870DIASG_2025-09-22_G11,10109870DIASG,2025-09-22,111444,1,2,0,82.0
10109870DIASG_2025-09-22_G12,10109870DIASG,2025-09-22,107236,1,2,0,81.0
10109870DIASG_2025-09-22_G13,10109870DIASG,2025-09-22,"110374, 117808",2,6,18,147.0
10109870DIASG_2025-09-22_G14,10109870DIASG,2025-09-22,118299,1,2,0,73.0
10109870DIASG_2025-09-22_G15,10109870DIASG,2025-09-22,110371,1,4,0,100.0
10109870DIASG_2025-09-22_G16,10109870DIASG,2025-09-22,117832,1,2,0,115.0
10109870DIASG_2025-09-22_G17,10109870DIASG,2025-09-22,110375,1,2,0,119.0
10109870DIASG_2025-09-22_G18,10109870DIASG,2025-09-22,117820,1,2,0,111.0
10109870DIASG_2025-09-22_G19,10109870DIASG,2025-09-22,117809,1,2,0,71.0
10109870DIASG_2025-09-22_G20,10109870DIASG,2025-09-22,117834,1,2,0,163.0
10109870DIASG_2025-09-22_G21,10109870DIASG,2025-09-22,110755,1,2,0,88.0
10109870DIASG_2025-09-22_G22,10109870DIASG,2025-09-22,110623,1,2,0,95.0
10109870DIASG_2025-09-22_G23,10109870DIASG,2025-09-22,110741,1,2,0,170.0
10109870DIASG_2025-09-22_G24,10109870DIASG,2025-09-22,117862,1,2,0,56.0
10109870DIASG_2025-09-22_G25,10109870DIASG,2025-09-22,118298,1,2,0,100.0
10109870DIASG_2025-09-22_G26,10109870DIASG,2025-09-22,140923,1,1,0,87.0
10109870DIASG_2025-09-22_G27,10109870DIASG,2025-09-22,117965,1,2,0,40.0
10109870DIASG_2025-09-22_G28,10109870DIASG,2025-09-22,117855,1,4,0,256.0
10109870DIASG_2025-09-22_G29,10109870DIASG,2025-09-22,117785,1,219,0,3279.0
10109870DIASG_2025-09-22_G30,10109870DIASG,2025-09-22,109641,1,66,0,220.0
10109870DIASG_2025-09-22_G31,10109870DIASG,2025-09-22,110373,1,150,0,982.0
10109870DIASG_2025-09-22_G32,10109870DIASG,2025-09-22,110376,1,98,0,1540.0
10109870DIASG_2025-09-22_G34,10109870DIASG,2025-09-22,117833,1,792,0,2235.0
10109870DIASG_2025-09-22_G36,10109870DIASG,2025-09-22,108759,1,7,0,227.0
10109870DIASG_2025-09-22_G37,10109870DIASG,2025-09-22,111569,1,6,0,411.0
10109870DIASG_2025-09-22_G38,10109870DIASG,2025-09-22,118290,1,2,0,83.0
10109870DIASG_2025-09-22_G39,10109870DIASG,2025-09-22,107892,1,12,0,245.0
10109870DIASG_2025-09-23_G02,10109870DIASG,2025-09-23,111463,1,2,0,178.0
10109870DIASG_2025-09-23_G03,10109870DIASG,2025-09-23,111435,1,2,0,53.0
10109870DIASG_2025-09-23_G04,10109870DIASG,2025-09-23,117787,1,1,0,44.0
10109870DIASG_2025-09-23_G05,10109870DIASG,2025-09-23,117842,1,2,0,67.0
10109870DIASG_2025-09-23_G06,10109870DIASG,2025-09-23,111466,1,1,0,74.0
10109870DIASG_2025-09-23_G07,10109870DIASG,2025-09-23,111462,1,1,0,74.0
10109870DIASG_2025-09-23_G08,10109870DIASG,2025-09-23,117856,1,1,0,342.0
10109870DIASG_2025-09-23_G09,10109870DIASG,2025-09-23,140923,1,4,0,105.0
10109870DIASG_2025-09-23_G10,10109870DIASG,2025-09-23,109640,1,2,0,118.0
10109870DIASG_2025-09-23_G11,10109870DIASG,2025-09-23,117820,1,12,0,259.0
10109870DIASG_2025-09-23_G12,10109870DIASG,2025-09-23,111602,1,6,0,245.0
10109870DIASG_2025-09-23_G13,10109870DIASG,2025-09-23,140922,1,2,0,139.0
10109870DIASG_2025-09-23_G14,10109870DIASG,2025-09-23,117808,1,36,0,448.0
10109870DIASG_2025-09-23_G15,10109870DIASG,2025-09-23,110895,1,3,0,243.0
10109870DIASG_2025-09-23_G16,10109870DIASG,2025-09-23,117856,1,3,0,903.0
10109870DIASG_2025-09-23_G17,10109870DIASG,2025-09-23,117808,1,24,0,315.0
10109870DIASG_2025-09-23_G18,10109870DIASG,2025-09-23,117820,1,24,0,60.0
10109870DIASG_2025-09-23_G19,10109870DIASG,2025-09-23,117808,1,24,0,413.0
10109870DIASG_2025-09-23_G20,10109870DIASG,2025-09-23,100334,1,2,0,201.0
10109870DIASG_2025-09-23_G21,10109870DIASG,2025-09-23,111469,1,100,0,2592.0
10109870DIASG_2025-09-23_G22,10109870DIASG,2025-09-23,111418,1,400,0,817.0
10109870DIASG_2025-09-23_G23,10109870DIASG,2025-09-23,111466,1,100,0,529.0
10109870DIASG_2025-09-23_G24,10109870DIASG,2025-09-23,111466,2,29,16,626.0
10109870DIASG_2025-09-23_G25,10109870DIASG,2025-09-23,114100,1,4,0,514.0
10109870DIASG_2025-09-23_G26,10109870DIASG,2025-09-23,111348,1,4,0,110.0
10109870DIASG_2025-09-23_G27,10109870DIASG,2025-09-23,111462,1,100,0,1175.0
10109870DIASG_2025-09-23_G29,10109870DIASG,2025-09-23,101217,1,20,0,176.0
10109870DIASG_2025-09-23_G30,10109870DIASG,2025-09-23,109641,1,10,0,1091.0
10109870DIASG_2025-09-23_G32,10109870DIASG,2025-09-23,111876,1,279,0,349.0
10109870DIASG_2025-09-24_G02,10109870DIASG,2025-09-24,140923,1,30,0,396.0
10109870DIASG_2025-09-24_G03,10109870DIASG,2025-09-24,111530,1,1,0,1013.0
10109870DIASG_2025-09-24_G04,10109870DIASG,2025-09-24,111530,1,2,0,182.0
10109870DIASG_2025-09-24_G05,10109870DIASG,2025-09-24,111602,1,4,0,149.0
10109870DIASG_2025-09-24_G06,10109870DIASG,2025-09-24,118418,1,1,0,344.0
10109870DIASG_2025-09-24_G07,10109870DIASG,2025-09-24,111532,1,7,0,492.0
10109870DIASG_2025-09-24_G08,10109870DIASG,2025-09-24,109643,1,8,0,378.0
10109870DIASG_2025-09-24_G09,10109870DIASG,2025-09-24,110372,1,50,0,91.0
10109870DIASG_2025-09-24_G10,10109870DIASG,2025-09-24,117808,1,100,0,431.0
10109870DIASG_2025-09-24_G11,10109870DIASG,2025-09-24,107830,1,2,0,507.0
10109870DIASG_2025-09-24_G12,10109870DIASG,2025-09-24,110371,1,12,0,186.0
10109870DIASG_2025-09-24_G13,10109870DIASG,2025-09-24,110373,1,50,0,247.0
10109870DIASG_2025-09-24_G14,10109870DIASG,2025-09-24,117820,1,30,0,564.0
10109870DIASG_2025-09-24_G15,10109870DIASG,2025-09-24,117809,1,20,0,318.0
10109870DIASG_2025-09-24_G16,10109870DIASG,2025-09-24,117830,1,10,0,214.0
10109870DIASG_2025-09-24_G17,10109870DIASG,2025-09-24,117856,1,2,0,458.0
10109870DIASG_2025-09-24_G18,10109870DIASG,2025-09-24,140923,2,30,25,1539.0
10109870DIASG_2025-09-24_G19,10109870DIASG,2025-09-24,111602,1,9,0,404.0
10109870DIASG_2025-09-24_G20,10109870DIASG,2025-09-24,118140,1,7,0,73.0
10109870DIASG_2025-09-24_G21,10109870DIASG,2025-09-24,118140,1,44,0,753.0
10109870DIASG_2025-09-24_G22,10109870DIASG,2025-09-24,160054,1,7,0,834.0
10109870DIASG_2025-09-24_G23,10109870DIASG,2025-09-24,110374,1,10,0,180.0
10109870DIASG_2025-09-24_G25,10109870DIASG,2025-09-24,117808,1,20,0,207.0
10109870DIASG_2025-09-24_G26,10109870DIASG,2025-09-24,117808,1,10,0,104.0
10109870DIASG_2025-09-24_G27,10109870DIASG,2025-09-24,110371,1,20,0,437.0
10109870DIASG_2025-09-24_G28,10109870DIASG,2025-09-24,110373,1,20,0,484.0
10109870DIASG_2025-09-24_G29,10109870DIASG,2025-09-24,117820,1,20,0,244.0
10109870DIASG_2025-09-24_G30,10109870DIASG,2025-09-24,110325,1,4,0,72.0
10109870DIASG_2025-09-24_G31,10109870DIASG,2025-09-24,117856,2,12,6,548.0
10109870DIASG_2025-09-24_G32,10109870DIASG,2025-09-24,109647,1,8,0,181.0
10109870DIASG_2025-09-24_G33,10109870DIASG,2025-09-24,140923,1,4,0,458.0
10109870DIASG_2025-09-24_G34,10109870DIASG,2025-09-24,110741,1,2,0,102.0
10109870DIASG_2025-09-24_G35,10109870DIASG,2025-09-24,111530,1,8,0,63.0
10109870DIASG_2025-09-24_G36,10109870DIASG,2025-09-24,111602,1,4,0,171.0
10109870DIASG_2025-09-24_G37,10109870DIASG,2025-09-24,111439,1,8,0,374.0
10109870DIASG_2025-09-24_G38,10109870DIASG,2025-09-24,111469,1,4,0,926.0
10109870DIASG_2025-09-24_G39,10109870DIASG,2025-09-24,105705,1,2,0,39.0
10109870DIASG_2025-09-24_G40,10109870DIASG,2025-09-24,111463,1,2,0,63.0
10109870DIASG_2025-09-24_G41,10109870DIASG,2025-09-24,109641,1,6,0,2778.0
10109870DIASG_2025-09-24_G42,10109870DIASG,2025-09-24,141457,1,8,0,889.0
10109870DIASG_2025-09-24_G43,10109870DIASG,2025-09-24,118299,1,1550,0,2571.0
10109870DIASG_2025-09-25_G02,10109870DIASG,2025-09-25,111469,1,14,0,106.0
10109870DIASG_2025-09-25_G03,10109870DIASG,2025-09-25,111463,1,17,0,185.0
10109870DIASG_2025-09-25_G04,10109870DIASG,2025-09-25,111443,1,5,0,69.0
10109870DIASG_2025-09-25_G05,10109870DIASG,2025-09-25,109645,1,4,0,192.0
10109870DIASG_2025-09-25_G06,10109870DIASG,2025-09-25,140922,1,3,0,822.0
10109870DIASG_2025-09-25_G07,10109870DIASG,2025-09-25,111418,1,15,0,1699.0
10109870DIASG_2025-09-25_G08,10109870DIASG,2025-09-25,118140,1,8,0,263.0
10109870DIASG_2025-09-25_G09,10109870DIASG,2025-09-25,111466,1,12,0,825.0
10109870DIASG_2025-09-25_G10,10109870DIASG,2025-09-25,117785,1,5,0,133.0
10109870DIASG_2025-09-25_G11,10109870DIASG,2025-09-25,111463,1,4,0,1936.0
10109870DIASG_2025-09-25_G12,10109870DIASG,2025-09-25,108794,1,2,0,70.0
10109870DIASG_2025-09-25_G13,10109870DIASG,2025-09-25,117785,1,3,0,93.0
10109870DIASG_2025-09-25_G14,10109870DIASG,2025-09-25,117831,1,2,0,67.0
10109870DIASG_2025-09-25_G15,10109870DIASG,2025-09-25,110895,1,6,0,224.0
10109870DIASG_2025-09-25_G16,10109870DIASG,2025-09-25,110895,1,10,0,177.0
10109870DIASG_2025-09-25_G17,10109870DIASG,2025-09-25,140922,1,4,0,308.0
10109870DIASG_2025-09-25_G18,10109870DIASG,2025-09-25,140922,1,8,0,176.0
10109870DIASG_2025-09-25_G19,10109870DIASG,2025-09-25,140923,1,5,0,214.0
10109870DIASG_2025-09-25_G20,10109870DIASG,2025-09-25,140923,1,2,0,83.0
10109870DIASG_2025-09-25_G21,10109870DIASG,2025-09-25,111530,1,10,0,395.0
10109870DIASG_2025-09-25_G22,10109870DIASG,2025-09-25,111602,1,5,0,135.0
10109870DIASG_2025-09-25_G23,10109870DIASG,2025-09-25,110582,1,3,0,165.0
10109870DIASG_2025-09-25_G24,10109870DIASG,2025-09-25,111530,1,4,0,121.0
10109870DIASG_2025-09-25_G25,10109870DIASG,2025-09-25,111602,1,1,0,139.0
10109870DIASG_2025-09-25_G26,10109870DIASG,2025-09-25,110325,1,1,0,50.0
10109870DIASG_2025-09-25_G27,10109870DIASG,2025-09-25,110895,1,4,0,802.0
10109870DIASG_2025-09-25_G28,10109870DIASG,2025-09-25,118290,1,1,0,184.0
10109870DIASG_2025-09-25_G29,10109870DIASG,2025-09-25,117808,1,19,0,1216.0
10109870DIASG_2025-09-25_G31,10109870DIASG,2025-09-25,117856,1,10,0,274.0
10109870DIASG_2025-09-25_G32,10109870DIASG,2025-09-25,140923,1,20,0,198.0
10109870DIASG_2025-09-25_G33,10109870DIASG,2025-09-25,140923,2,27,22,173.0
10109870DIASG_2025-09-25_G34,10109870DIASG,2025-09-25,140923,1,40,0,51.0
10109870DIASG_2025-09-25_G35,10109870DIASG,2025-09-25,110741,1,6,0,180.0
10109870DIASG_2025-09-25_G36,10109870DIASG,2025-09-25,117855,1,10,0,2072.0
10109870DIASG_2025-09-25_G37,10109870DIASG,2025-09-25,110752,1,5,0,114.0
10109870DIASG_2025-09-25_G38,10109870DIASG,2025-09-25,111602,1,10,0,48.0
10109870DIASG_2025-09-25_G39,10109870DIASG,2025-09-25,117820,1,71,0,548.0
10109870DIASG_2025-09-25_G41,10109870DIASG,2025-09-25,110375,1,20,0,1671.0
10109870DIASG_2025-09-26_G02,10109870DIASG,2025-09-26,118299,1,8,0,180.0
10109870DIASG_2025-09-26_G03,10109870DIASG,2025-09-26,117820,1,8,0,79.0
10109870DIASG_2025-09-26_G04,10109870DIASG,2025-09-26,140923,1,4,0,799.0
10109870DIASG_2025-09-26_G05,10109870DIASG,2025-09-26,111743,1,4,0,725.0
10109870DIASG_2025-09-26_G06,10109870DIASG,2025-09-26,141457,1,14,0,231.0
10109870DIASG_2025-09-26_G07,10109870DIASG,2025-09-26,117856,1,4,0,3047.0
10109870DIASG_2025-09-26_G08,10109870DIASG,2025-09-26,140923,2,19,21,41.0
10109870DIASG_2025-09-26_G09,10109870DIASG,2025-09-26,108772,1,2,0,376.0
10109870DIASG_2025-09-26_G10,10109870DIASG,2025-09-26,110580,1,3,0,273.0
10109870DIASG_2025-09-26_G11,10109870DIASG,2025-09-26,118317,2,8,6,136.0
10109870DIASG_2025-09-26_G12,10109870DIASG,2025-09-26,118140,1,12,0,154.0
10109870DIASG_2025-09-26_G13,10109870DIASG,2025-09-26,"118140, 111743",2,18,30,328.0
10109870DIASG_2025-09-26_G14,10109870DIASG,2025-09-26,110787,1,6,0,176.0
10109870DIASG_2025-09-26_G15,10109870DIASG,2025-09-26,107830,1,4,0,110.0
10109870DIASG_2025-09-26_G16,10109870DIASG,2025-09-26,117820,1,8,0,116.0
10109870DIASG_2025-09-26_G17,10109870DIASG,2025-09-26,118299,2,26,17,397.0
10109870DIASG_2025-09-26_G18,10109870DIASG,2025-09-26,110373,1,20,0,229.0
10109870DIASG_2025-09-26_G19,10109870DIASG,2025-09-26,117820,2,48,9,328.0
10109870DIASG_2025-09-26_G20,10109870DIASG,2025-09-26,141202,1,9,0,128.0
10109870DIASG_2025-09-26_G21,10109870DIASG,2025-09-26,107236,1,2,0,675.0
10109870DIASG_2025-09-26_G22,10109870DIASG,2025-09-26,111879,1,4,0,117.0
10109870DIASG_2025-09-26_G23,10109870DIASG,2025-09-26,111469,1,4,0,384.0
10109870DIASG_2025-09-26_G24,10109870DIASG,2025-09-26,110373,1,5,0,99.0
10109870DIASG_2025-09-26_G25,10109870DIASG,2025-09-26,140911,1,12,0,1466.0
10109870DIASG_2025-09-26_G26,10109870DIASG,2025-09-26,140923,1,7,0,223.0
10109870DIASG_2025-09-26_G28,10109870DIASG,2025-09-26,141047,1,6,0,235.0
10109870DIASG_2025-09-26_G29,10109870DIASG,2025-09-26,111465,1,2,0,174.0
10109870DIASG_2025-09-26_G30,10109870DIASG,2025-09-26,118364,1,4,0,288.0
10109870DIASG_2025-09-26_G31,10109870DIASG,2025-09-26,109645,1,50,0,1072.0
10109870DIASG_2025-09-26_G32,10109870DIASG,2025-09-26,140922,1,10,0,604.0
10109870DIASG_2025-09-26_G33,10109870DIASG,2025-09-26,111418,1,10,0,525.0
10109870DIASG_2025-09-26_G34,10109870DIASG,2025-09-26,"111418, 141457",2,60,17,65.0
10109870DIASG_2025-09-26_G35,10109870DIASG,2025-09-26,141457,1,50,0,84.0
10109870DIASG_2025-09-26_G36,10109870DIASG,2025-09-26,117820,1,90,0,1474.0
10109870DIASG_2025-09-26_G37,10109870DIASG,2025-09-26,117830,1,40,0,257.0
10109870DIASG_2025-09-26_G38,10109870DIASG,2025-09-26,109643,1,20,0,619.0
10109870DIASG_2025-09-26_G39,10109870DIASG,2025-09-26,117832,1,40,0,273.0
10109870DIASG_2025-09-27_G02,10109870DIASG,2025-09-27,111466,1,32,0,287.0
10109870DIASG_2025-09-27_G03,10109870DIASG,2025-09-27,117820,1,40,0,381.0
10109870DIASG_2025-09-27_G04,10109870DIASG,2025-09-27,110373,1,31,0,457.0
10109870DIASG_2025-09-27_G05,10109870DIASG,2025-09-27,109640,1,40,0,518.0
10109870DIASG_2025-09-27_G06,10109870DIASG,2025-09-27,117856,1,2,0,3548.0
10109870DIASG_2025-09-27_G07,10109870DIASG,2025-09-27,117856,1,10,0,102.0
10109870DIASG_2025-09-27_G08,10109870DIASG,2025-09-27,140923,1,8,0,326.0
10109870DIASG_2025-09-27_G09,10109870DIASG,2025-09-27,140911,1,6,0,226.0
10109870DIASG_2025-09-27_G10,10109870DIASG,2025-09-27,109640,2,6,13,78.0
10109870DIASG_2025-09-27_G11,10109870DIASG,2025-09-27,110310,1,2,0,568.0
10109870DIASG_2025-09-27_G12,10109870DIASG,2025-09-27,111182,1,12,0,697.0
10109870DIASG_2025-09-27_G13,10109870DIASG,2025-09-27,117808,1,2,0,112.0
10109870DIASG_2025-09-27_G14,10109870DIASG,2025-09-27,117832,1,1,0,63.0
10109870DIASG_2025-09-27_G15,10109870DIASG,2025-09-27,110325,1,10,0,224.0
10109870DIASG_2025-09-27_G16,10109870DIASG,2025-09-27,111850,1,2,0,472.0
10109870DIASG_2025-09-27_G17,10109870DIASG,2025-09-27,110787,1,2,0,253.0
10109870DIASG_2025-09-27_G18,10109870DIASG,2025-09-27,140923,3,8,27,170.0
10109870DIASG_2025-09-27_G19,10109870DIASG,2025-09-27,105705,1,6,0,457.0
10109870DIASG_2025-09-27_G20,10109870DIASG,2025-09-27,110787,1,20,0,325.0
10109870DIASG_2025-09-27_G21,10109870DIASG,2025-09-27,110787,1,2,0,952.0
10109870DIASG_2025-09-27_G22,10109870DIASG,2025-09-27,117808,1,4,0,151.0
10109870DIASG_2025-09-27_G23,10109870DIASG,2025-09-27,110371,1,3,0,114.0
10109870DIASG_2025-09-27_G24,10109870DIASG,2025-09-27,118299,1,6,0,62.0
10109870DIASG_2025-09-27_G25,10109870DIASG,2025-09-27,118140,1,3,0,159.0
10109870DIASG_2025-09-27_G26,10109870DIASG,2025-09-27,111462,1,8,0,117.0
10109870DIASG_2025-09-27_G27,10109870DIASG,2025-09-27,"117786, 140923",2,7,22,251.0
10109870DIASG_2025-09-27_G28,10109870DIASG,2025-09-27,111441,1,2,0,175.0
10109870DIASG_2025-09-27_G29,10109870DIASG,2025-09-27,111850,1,2,0,53.0
10109870DIASG_2025-09-29_G02,10109870DIASG,2025-09-29,141457,1,50,0,461.0
10109870DIASG_2025-09-29_G03,10109870DIASG,2025-09-29,111418,1,50,0,643.0
10109870DIASG_2025-09-29_G04,10109870DIASG,2025-09-29,111468,1,10,0,296.0
10109870DIASG_2025-09-29_G05,10109870DIASG,2025-09-29,118140,1,20,0,220.0
10109870DIASG_2025-09-29_G07,10109870DIASG,2025-09-29,141066,1,23,0,212.0
10109870DIASG_2025-09-29_G08,10109870DIASG,2025-09-29,117856,1,39,0,642.0
10109870DIASG_2025-09-29_G09,10109870DIASG,2025-09-29,111530,1,10,0,320.0
10109870DIASG_2025-09-29_G10,10109870DIASG,2025-09-29,140923,1,50,0,320.0
10109870DIASG_2025-09-29_G11,10109870DIASG,2025-09-29,117861,1,10,0,407.0
10109870DIASG_2025-09-29_G12,10109870DIASG,2025-09-29,117855,1,10,0,153.0
10109870DIASG_2025-09-29_G13,10109870DIASG,2025-09-29,117830,1,40,0,514.0
10109870DIASG_2025-09-29_G14,10109870DIASG,2025-09-29,118299,1,1060,0,277.0
10109870DIASG_2025-09-29_G15,10109870DIASG,2025-09-29,110339,1,109,0,1304.0
10109870DIASG_2025-09-29_G16,10109870DIASG,2025-09-29,108772,1,15,0,160.0
10109870DIASG_2025-09-29_G17,10109870DIASG,2025-09-29,111602,1,64,0,339.0
10109870DIASG_2025-09-29_G18,10109870DIASG,2025-09-29,110373,1,100,0,388.0
10109870DIASG_2025-09-29_G19,10109870DIASG,2025-09-29,108711,1,10,0,451.0
10109870DIASG_2025-09-29_G20,10109870DIASG,2025-09-29,110787,1,10,0,195.0
10109870DIASG_2025-09-29_G21,10109870DIASG,2025-09-29,111466,1,20,0,173.0
10109870DIASG_2025-09-29_G22,10109870DIASG,2025-09-29,111462,1,10,0,144.0
10109870DIASG_2025-09-29_G23,10109870DIASG,2025-09-29,117821,1,10,0,90.0
10109870DIASG_2025-09-29_G24,10109870DIASG,2025-09-29,111468,1,10,0,82.0
10109870DIASG_2025-09-29_G25,10109870DIASG,2025-09-29,107236,1,10,0,223.0
10109870DIASG_2025-09-29_G26,10109870DIASG,2025-09-29,118140,1,50,0,400.0
10109870DIASG_2025-09-29_G27,10109870DIASG,2025-09-29,111465,1,20,0,1018.0
10109870DIASG_2025-09-29_G28,10109870DIASG,2025-09-29,141457,1,200,0,1944.0
10109870DIASG_2025-09-29_G29,10109870DIASG,2025-09-29,118299,1,500,0,1180.0
10109870DIASG_2025-09-30_G02,10109870DIASG,2025-09-30,111602,1,34,0,306.0
10109870DIASG_2025-09-30_G03,10109870DIASG,2025-09-30,117855,1,28,0,538.0
10109870DIASG_2025-09-30_G04,10109870DIASG,2025-09-30,117855,1,12,0,43.0
10109870DIASG_2025-09-30_G05,10109870DIASG,2025-09-30,110741,1,8,0,503.0
10109870DIASG_2025-09-30_G06,10109870DIASG,2025-09-30,117786,1,46,0,2027.0
10109870DIASG_2025-09-30_G07,10109870DIASG,2025-09-30,117788,1,17,0,274.0
10109870DIASG_2025-09-30_G08,10109870DIASG,2025-09-30,111530,1,20,0,325.0
10109870DIASG_2025-09-30_G09,10109870DIASG,2025-09-30,110711,1,48,0,423.0
10109870DIASG_2025-09-30_G10,10109870DIASG,2025-09-30,140923,1,70,0,407.0
10109870DIASG_2025-09-30_G11,10109870DIASG,2025-09-30,117861,1,13,0,536.0
10109870DIASG_2025-09-30_G12,10109870DIASG,2025-09-30,111467,1,12,0,244.0
10109870DIASG_2025-09-30_G13,10109870DIASG,2025-09-30,110313,1,26,0,154.0
10109870DIASG_2025-09-30_G14,10109870DIASG,2025-09-30,117837,1,8,0,521.0
10109870DIASG_2025-10-02_G02,10109870DIASG,2025-10-02,117854,1,1,0,61.0
10109870DIASG_2025-10-02_G03,10109870DIASG,2025-10-02,111530,1,18,0,223.0
10109870DIASG_2025-10-02_G04,10109870DIASG,2025-10-02,140923,1,1,0,36.0
10109870DIASG_2025-10-02_G05,10109870DIASG,2025-10-02,111602,1,2,0,548.0
10109870DIASG_2025-10-02_G06,10109870DIASG,2025-10-02,118222,1,4,0,409.0
10109870DIASG_2025-10-02_G07,10109870DIASG,2025-10-02,110374,1,1,0,79.0
10109870DIASG_2025-10-02_G08,10109870DIASG,2025-10-02,110372,2,2,12,2133.0
10109870DIASG_2025-10-03_G02,10109870DIASG,2025-10-03,110751,1,4,0,426.0
10109870DIASG_2025-10-03_G03,10109870DIASG,2025-10-03,118317,1,6,0,89.0
10109870DIASG_2025-10-03_G04,10109870DIASG,2025-10-03,111469,1,5,0,74.0
10109870DIASG_2025-10-03_G05,10109870DIASG,2025-10-03,141458,1,20,0,182.0
10109870DIASG_2025-10-03_G06,10109870DIASG,2025-10-03,117833,1,1,0,63.0
10109870DIASG_2025-10-03_G07,10109870DIASG,2025-10-03,117831,1,60,0,1584.0
10109870DIASG_2025-10-03_G08,10109870DIASG,2025-10-03,117832,1,20,0,1817.0
10109870DIASG_2025-10-03_G09,10109870DIASG,2025-10-03,117808,1,600,0,1430.0
10109870DIASG_2025-10-03_G10,10109870DIASG,2025-10-03,117820,1,100,0,370.0
10109870DIASG_2025-10-03_G11,10109870DIASG,2025-10-03,117809,1,17,0,327.0
10109870DIASG_2025-10-03_G12,10109870DIASG,2025-10-03,117786,1,15,0,1428.0
10109870DIASG_2025-10-03_G13,10109870DIASG,2025-10-03,117820,1,150,0,1918.0
10109870DIASG_2025-10-04_G02,10109870DIASG,2025-10-04,110711,1,12,0,256.0
10109870DIASG_2025-10-04_G03,10109870DIASG,2025-10-04,117935,1,12,0,117.0
10109870DIASG_2025-10-04_G04,10109870DIASG,2025-10-04,140923,1,50,0,202.0
10109870DIASG_2025-10-04_G05,10109870DIASG,2025-10-04,110339,1,10,0,409.0
10109870DIASG_2025-10-04_G06,10109870DIASG,2025-10-04,108772,1,4,0,53.0
10109870DIASG_2025-10-04_G07,10109870DIASG,2025-10-04,108772,1,12,0,178.0
10109870DIASG_2025-10-04_G08,10109870DIASG,2025-10-04,110339,1,18,0,138.0
10109870DIASG_2025-10-04_G09,10109870DIASG,2025-10-04,111182,1,12,0,253.0
10109870DIASG_2025-10-04_G10,10109870DIASG,2025-10-04,111172,2,23,10,131.0
10109870DIASG_2025-10-04_G11,10109870DIASG,2025-10-04,110742,1,8,0,2204.0
10109870DIASG_2025-10-04_G12,10109870DIASG,2025-10-04,110895,1,6,0,215.0
10109870DIASG_2025-10-04_G13,10109870DIASG,2025-10-04,110895,1,30,0,336.0
10109870DIASG_2025-10-04_G14,10109870DIASG,2025-10-04,111569,1,30,0,2642.0
10109870DIASG_2025-10-04_G16,10109870DIASG,2025-10-04,117830,1,2,0,927.0
10109870DIASG_2025-10-04_G17,10109870DIASG,2025-10-04,118299,1,85,0,620.0
10109870DIASG_2025-10-04_G18,10109870DIASG,2025-10-04,117830,1,8,0,568.0
10109870DIASG_2025-10-04_G19,10109870DIASG,2025-10-04,118299,1,50,0,249.0
10109870DIASG_2025-10-04_G20,10109870DIASG,2025-10-04,110374,1,12,0,1627.0
10109870DIASG_2025-10-04_G21,10109870DIASG,2025-10-04,110371,1,4,0,110.0
10109870DIASG_2025-10-04_G22,10109870DIASG,2025-10-04,117820,1,8,0,139.0
10109870DIASG_2025-10-04_G23,10109870DIASG,2025-10-04,117820,1,30,0,128.0
10109870DIASG_2025-10-04_G24,10109870DIASG,2025-10-04,117809,2,9,7,254.0
10109870DIASG_2025-10-04_G25,10109870DIASG,2025-10-04,118299,1,16,0,1221.0
10109870DIASG_2025-10-04_G26,10109870DIASG,2025-10-04,117830,1,4,0,233.0
10109870DIASG_2025-10-04_G27,10109870DIASG,2025-10-04,110371,1,6,0,107.0
10109870DIASG_2025-10-04_G28,10109870DIASG,2025-10-04,110372,1,5,0,172.0
10109870DIASG_2025-10-04_G29,10109870DIASG,2025-10-04,117808,1,10,0,122.0
10109870DIASG_2025-10-04_G30,10109870DIASG,2025-10-04,110376,1,2,0,84.0
10109870DIASG_2025-10-04_G31,10109870DIASG,2025-10-04,110373,1,2,0,98.0
10109870DIASG_2025-10-04_G32,10109870DIASG,2025-10-04,"117822, 117809",2,6,23,105.0
10109870DIASG_2025-10-04_G33,10109870DIASG,2025-10-04,110740,2,4,6,440.0
10109870DIASG_2025-10-04_G34,10109870DIASG,2025-10-04,108711,1,2,0,107.0
10109870DIASG_2025-10-04_G35,10109870DIASG,2025-10-04,"108794, 141457, 111418",3,9,53,120.0
10109870DIASG_2025-10-04_G36,10109870DIASG,2025-10-04,111182,1,2,0,162.0
10109870DIASG_2025-10-04_G37,10109870DIASG,2025-10-04,111172,1,2,0,135.0
10109870DIASG_2025-10-04_G38,10109870DIASG,2025-10-04,"107236, 118140",2,3,14,40.0
10109870DIASG_2025-10-04_G39,10109870DIASG,2025-10-04,110895,1,7,0,572.0
10109870DIASG_2025-10-04_G40,10109870DIASG,2025-10-04,111532,1,4,0,111.0
10109870DIASG_2025-10-04_G41,10109870DIASG,2025-10-04,110711,1,9,0,125.0
10109870DIASG_2025-10-04_G42,10109870DIASG,2025-10-04,"110339, 108772",2,14,27,142.0
10109870DIASG_2025-10-04_G43,10109870DIASG,2025-10-04,111602,1,20,0,235.0
10109870DIASG_2025-10-06_G02,10109870DIASG,2025-10-06,110747,1,128,0,757.0
10109870DIASG_2025-10-06_G03,10109870DIASG,2025-10-06,110747,1,242,0,1178.0
10109870DIASG_2025-10-06_G04,10109870DIASG,2025-10-06,111532,1,195,0,479.0
10109870DIASG_2025-10-06_G06,10109870DIASG,2025-10-06,107830,1,100,0,337.0
10109870DIASG_2025-10-06_G07,10109870DIASG,2025-10-06,110371,1,300,0,576.0
10109870DIASG_2025-10-06_G08,10109870DIASG,2025-10-06,110376,1,99,0,375.0
10109870DIASG_2025-10-06_G09,10109870DIASG,2025-10-06,117822,1,16,0,2111.0
10109870DIASG_2025-10-06_G10,10109870DIASG,2025-10-06,110325,1,100,0,414.0
10109870DIASG_2025-10-06_G11,10109870DIASG,2025-10-06,141202,1,100,0,383.0
10109870DIASG_2025-10-06_G12,10109870DIASG,2025-10-06,117820,1,350,0,535.0
10109870DIASG_2025-10-06_G13,10109870DIASG,2025-10-06,117830,1,4,0,237.0
10109870DIASG_2025-10-06_G14,10109870DIASG,2025-10-06,109647,1,60,0,321.0
10109870DIASG_2025-10-06_G15,10109870DIASG,2025-10-06,108361,1,7,0,502.0
10109870DIASG_2025-10-06_G16,10109870DIASG,2025-10-06,105242,1,1,0,296.0
10109870DIASG_2025-10-06_G17,10109870DIASG,2025-10-06,109640,1,42,0,140.0
10109870DIASG_2025-10-06_G18,10109870DIASG,2025-10-06,110580,1,2,0,1015.0
10109870DIASG_2025-10-06_G19,10109870DIASG,2025-10-06,117837,1,20,0,195.0
10109870DIASG_2025-10-07_G02,10109870DIASG,2025-10-07,117840,1,2,0,214.0
10109870DIASG_2025-10-07_G03,10109870DIASG,2025-10-07,118277,1,4,0,115.0
10109870DIASG_2025-10-07_G04,10109870DIASG,2025-10-07,110376,1,4,0,97.0
10109870DIASG_2025-10-07_G05,10109870DIASG,2025-10-07,117820,1,200,0,245.0
10109870DIASG_2025-10-07_G06,10109870DIASG,2025-10-07,110373,1,300,0,1453.0
10109870DIASG_2025-10-07_G07,10109870DIASG,2025-10-07,118299,1,120,0,404.0
10109870DIASG_2025-10-07_G08,10109870DIASG,2025-10-07,117809,1,25,0,983.0
10109870DIASG_2025-10-07_G09,10109870DIASG,2025-10-07,111465,1,1,0,95.0
10109870DIASG_2025-10-07_G10,10109870DIASG,2025-10-07,110371,1,200,0,368.0
10109870DIASG_2025-10-07_G11,10109870DIASG,2025-10-07,117838,1,4,0,3535.0
10109870DIASG_2025-10-07_G12,10109870DIASG,2025-10-07,140922,1,12,0,96.0
10109870DIASG_2025-10-07_G13,10109870DIASG,2025-10-07,111431,1,12,0,381.0
10109870DIASG_2025-10-07_G14,10109870DIASG,2025-10-07,117787,1,8,0,171.0
10109870DIASG_2025-10-07_G15,10109870DIASG,2025-10-07,118140,1,100,0,639.0
10109870DIASG_2025-10-07_G17,10109870DIASG,2025-10-07,111532,1,140,0,2031.0
10109870DIASG_2025-10-07_G18,10109870DIASG,2025-10-07,109645,1,80,0,463.0
10109870DIASG_2025-10-07_G19,10109870DIASG,2025-10-07,117789,1,2,0,287.0
10109870DIASG_2025-10-07_G20,10109870DIASG,2025-10-07,105335,1,2,0,184.0
10109870DIASG_2025-10-07_G21,10109870DIASG,2025-10-07,110129,1,23,0,94.0
10109870DIASG_2025-10-07_G22,10109870DIASG,2025-10-07,110751,1,26,0,639.0
10109870DIASG_2025-10-07_G23,10109870DIASG,2025-10-07,118317,1,27,0,277.0
10109870DIASG_2025-10-07_G24,10109870DIASG,2025-10-07,118223,1,10,0,510.0
10109870DIASG_2025-10-07_G25,10109870DIASG,2025-10-07,110745,1,97,0,279.0
10109870DIASG_2025-10-07_G26,10109870DIASG,2025-10-07,111602,1,180,0,701.0
10109870DIASG_2025-10-07_G27,10109870DIASG,2025-10-07,118094,1,90,0,995.0
10109870DIASG_2025-10-07_G28,10109870DIASG,2025-10-07,118140,1,225,0,477.0
10109870DIASG_2025-10-08_G02,10109870DIASG,2025-10-08,105705,1,12,0,84.0
10109870DIASG_2025-10-08_G03,10109870DIASG,2025-10-08,110740,1,12,0,339.0
10109870DIASG_2025-10-08_G04,10109870DIASG,2025-10-08,108711,1,17,0,339.0
10109870DIASG_2025-10-08_G05,10109870DIASG,2025-10-08,109645,1,9,0,159.0
10109870DIASG_2025-10-08_G06,10109870DIASG,2025-10-08,111465,1,30,0,249.0
10109870DIASG_2025-10-08_G07,10109870DIASG,2025-10-08,111444,1,10,0,127.0
10109870DIASG_2025-10-08_G08,10109870DIASG,2025-10-08,118140,1,60,0,609.0
10109870DIASG_2025-10-08_G09,10109870DIASG,2025-10-08,107236,1,9,0,382.0
10109870DIASG_2025-10-08_G10,10109870DIASG,2025-10-08,117820,1,30,0,357.0
10109870DIASG_2025-10-08_G11,10109870DIASG,2025-10-08,110325,1,30,0,356.0
10109870DIASG_2025-10-08_G13,10109870DIASG,2025-10-08,117842,1,12,0,255.0
10109870DIASG_2025-10-08_G14,10109870DIASG,2025-10-08,108794,1,20,0,182.0
10109870DIASG_2025-10-08_G15,10109870DIASG,2025-10-08,116241,1,10,0,133.0
10109870DIASG_2025-10-08_G16,10109870DIASG,2025-10-08,111444,1,12,0,169.0
10109870DIASG_2025-10-09_G02,10109870DIASG,2025-10-09,110374,1,3,0,111.0
10109870DIASG_2025-10-09_G03,10109870DIASG,2025-10-09,117809,1,3,0,129.0
10109870DIASG_2025-10-09_G04,10109870DIASG,2025-10-09,118299,1,34,0,319.0
10109870DIASG_2025-10-09_G05,10109870DIASG,2025-10-09,117855,1,4,0,356.0
10109870DIASG_2025-10-09_G06,10109870DIASG,2025-10-09,140923,1,2,0,63.0
10109870DIASG_2025-10-09_G07,10109870DIASG,2025-10-09,110711,1,3,0,78.0
10109870DIASG_2025-10-09_G08,10109870DIASG,2025-10-09,117862,1,8,0,541.0
10109870DIASG_2025-10-09_G09,10109870DIASG,2025-10-09,111602,1,3,0,101.0
10109870DIASG_2025-10-09_G10,10109870DIASG,2025-10-09,118094,1,2,0,163.0
10109870DIASG_2025-10-09_G11,10109870DIASG,2025-10-09,107830,1,2,0,160.0
10109870DIASG_2025-10-09_G12,10109870DIASG,2025-10-09,117820,1,6,0,141.0
10109870DIASG_2025-10-09_G13,10109870DIASG,2025-10-09,117822,1,4,0,91.0
10109870DIASG_2025-10-09_G14,10109870DIASG,2025-10-09,"117809, 118299",2,24,16,149.0
10109870DIASG_2025-10-09_G15,10109870DIASG,2025-10-09,110372,1,8,0,574.0
10109870DIASG_2025-10-09_G16,10109870DIASG,2025-10-09,117820,1,6,0,97.0
10109870DIASG_2025-10-09_G17,10109870DIASG,2025-10-09,"141202, 117822",2,6,12,141.0
10109870DIASG_2025-10-09_G18,10109870DIASG,2025-10-09,118299,1,6,0,46.0
10109870DIASG_2025-10-09_G19,10109870DIASG,2025-10-09,111463,1,1,0,169.0
10109870DIASG_2025-10-09_G20,10109870DIASG,2025-10-09,111418,1,1,0,54.0
10109870DIASG_2025-10-09_G21,10109870DIASG,2025-10-09,111532,1,4,0,70.0
10109870DIASG_2025-10-09_G22,10109870DIASG,2025-10-09,140922,1,1,0,68.0
10109870DIASG_2025-10-09_G23,10109870DIASG,2025-10-09,117831,1,1,0,526.0
10109870DIASG_2025-10-09_G24,10109870DIASG,2025-10-09,108795,1,8,0,998.0
10109870DIASG_2025-10-09_G25,10109870DIASG,2025-10-09,"111463, 111418",2,23,23,69.0
10109870DIASG_2025-10-09_G26,10109870DIASG,2025-10-09,111443,1,6,0,195.0
10109870DIASG_2025-10-09_G27,10109870DIASG,2025-10-09,110740,1,8,0,79.0
10109870DIASG_2025-10-09_G28,10109870DIASG,2025-10-09,111348,1,6,0,332.0
10109870DIASG_2025-10-09_G29,10109870DIASG,2025-10-09,111465,1,8,0,1506.0
10109870DIASG_2025-10-09_G30,10109870DIASG,2025-10-09,118140,1,8,0,143.0
10109870DIASG_2025-10-09_G31,10109870DIASG,2025-10-09,118306,1,4,0,779.0
10109870DIASG_2025-10-09_G32,10109870DIASG,2025-10-09,110747,1,4,0,237.0
10109870DIASG_2025-10-09_G33,10109870DIASG,2025-10-09,111443,1,25,0,1202.0
10109870DIASG_2025-10-09_G34,10109870DIASG,2025-10-09,111442,1,12,0,266.0
10109870DIASG_2025-10-09_G36,10109870DIASG,2025-10-09,110751,1,4,0,140.0
10109870DIASG_2025-10-09_G37,10109870DIASG,2025-10-09,111418,1,595,0,2705.0
10109870DIASG_2025-10-09_G38,10109870DIASG,2025-10-09,118299,1,1024,0,2444.0
10109870DIASG_2025-10-09_G39,10109870DIASG,2025-10-09,105705,1,8,0,2070.0
10109870DIASG_2025-10-09_G40,10109870DIASG,2025-10-09,110582,1,9,0,282.0
10109870DIASG_2025-10-09_G41,10109870DIASG,2025-10-09,140911,1,4,0,141.0
10109870DIASG_2025-10-09_G42,10109870DIASG,2025-10-09,111433,1,8,0,215.0
10109870DIASG_2025-10-09_G43,10109870DIASG,2025-10-09,111469,1,159,0,1249.0
10109870DIASG_2025-10-09_G44,10109870DIASG,2025-10-09,117821,1,52,0,500.0
10109870DIASG_2025-10-10_G02,10109870DIASG,2025-10-10,111443,1,10,0,166.0
10109870DIASG_2025-10-10_G03,10109870DIASG,2025-10-10,111435,1,2,0,100.0
10109870DIASG_2025-10-10_G04,10109870DIASG,2025-10-10,111431,1,8,0,126.0
10109870DIASG_2025-10-10_G05,10109870DIASG,2025-10-10,117842,1,4,0,885.0
10109870DIASG_2025-10-10_G06,10109870DIASG,2025-10-10,117841,1,2,0,196.0
10109870DIASG_2025-10-10_G07,10109870DIASG,2025-10-10,111418,1,13,0,125.0
10109870DIASG_2025-10-10_G08,10109870DIASG,2025-10-10,111466,1,12,0,178.0
10109870DIASG_2025-10-10_G09,10109870DIASG,2025-10-10,118140,1,10,0,121.0
10109870DIASG_2025-10-10_G10,10109870DIASG,2025-10-10,111446,1,6,0,618.0
10109870DIASG_2025-10-10_G11,10109870DIASG,2025-10-10,111463,1,8,0,140.0
10109870DIASG_2025-10-10_G12,10109870DIASG,2025-10-10,111443,1,6,0,133.0
10109870DIASG_2025-10-10_G13,10109870DIASG,2025-10-10,111348,1,4,0,131.0
10109870DIASG_2025-10-10_G14,10109870DIASG,2025-10-10,111467,1,8,0,210.0
10109870DIASG_2025-10-10_G15,10109870DIASG,2025-10-10,117935,1,2,0,110.0
10109870DIASG_2025-10-10_G16,10109870DIASG,2025-10-10,118094,1,2,0,108.0
10109870DIASG_2025-10-10_G17,10109870DIASG,2025-10-10,111430,2,4,9,182.0
10109870DIASG_2025-10-10_G18,10109870DIASG,2025-10-10,110742,1,5,0,458.0
10109870DIASG_2025-10-10_G19,10109870DIASG,2025-10-10,111445,1,2,0,132.0
10109870DIASG_2025-10-10_G20,10109870DIASG,2025-10-10,116527,1,4,0,526.0
10109870DIASG_2025-10-10_G21,10109870DIASG,2025-10-10,118290,1,5,0,65.0
10109870DIASG_2025-10-10_G22,10109870DIASG,2025-10-10,111441,1,10,0,554.0
10109870DIASG_2025-10-10_G23,10109870DIASG,2025-10-10,117855,1,4,0,1066.0
10109870DIASG_2025-10-10_G24,10109870DIASG,2025-10-10,110711,1,2,0,83.0
10109870DIASG_2025-10-10_G25,10109870DIASG,2025-10-10,117786,1,4,0,103.0
10109870DIASG_2025-10-10_G26,10109870DIASG,2025-10-10,110373,1,6,0,89.0
10109870DIASG_2025-10-10_G27,10109870DIASG,2025-10-10,111348,1,4,0,118.0
10109870DIASG_2025-10-10_G28,10109870DIASG,2025-10-10,108794,1,2,0,119.0
10109870DIASG_2025-10-10_G29,10109870DIASG,2025-10-10,105705,1,20,0,549.0
10109870DIASG_2025-10-10_G30,10109870DIASG,2025-10-10,111433,1,2,0,130.0
10109870DIASG_2025-10-10_G31,10109870DIASG,2025-10-10,111348,1,30,0,324.0
10109870DIASG_2025-10-10_G32,10109870DIASG,2025-10-10,111418,1,12,0,205.0
10109870DIASG_2025-10-10_G33,10109870DIASG,2025-10-10,111466,1,26,0,133.0
10109870DIASG_2025-10-10_G34,10109870DIASG,2025-10-10,111182,1,3,0,211.0
10109870DIASG_2025-10-10_G35,10109870DIASG,2025-10-10,117855,1,2,0,419.0
10109870DIASG_2025-10-10_G36,10109870DIASG,2025-10-10,109647,1,4,0,69.0
10109870DIASG_2025-10-10_G37,10109870DIASG,2025-10-10,110711,1,2,0,132.0
10109870DIASG_2025-10-10_G38,10109870DIASG,2025-10-10,117935,1,5,0,121.0
10109870DIASG_2025-10-10_G39,10109870DIASG,2025-10-10,110339,1,7,0,180.0
10109870DIASG_2025-10-10_G40,10109870DIASG,2025-10-10,110372,2,28,19,38.0
10109870DIASG_2025-10-10_G41,10109870DIASG,2025-10-10,118299,1,12,0,307.0
10109870DIASG_2025-10-10_G42,10109870DIASG,2025-10-10,110376,1,1,0,151.0
10109870DIASG_2025-10-10_G43,10109870DIASG,2025-10-10,117820,1,32,0,257.0
10109870DIASG_2025-10-10_G44,10109870DIASG,2025-10-10,110325,1,2,0,204.0
10109870DIASG_2025-10-10_G46,10109870DIASG,2025-10-10,111530,1,9,0,177.0
10109870DIASG_2025-10-10_G47,10109870DIASG,2025-10-10,110711,2,20,6,215.0
10109870DIASG_2025-10-10_G48,10109870DIASG,2025-10-10,110733,1,9,0,146.0
10109870DIASG_2025-10-10_G49,10109870DIASG,2025-10-10,110339,1,26,0,340.0
10109870DIASG_2025-10-10_G50,10109870DIASG,2025-10-10,118094,1,14,0,258.0
10109870DIASG_2025-10-10_G51,10109870DIASG,2025-10-10,105705,2,26,12,288.0
10109870DIASG_2025-10-10_G52,10109870DIASG,2025-10-10,110740,1,4,0,782.0
10109870DIASG_2025-10-10_G53,10109870DIASG,2025-10-10,111466,1,4,0,68.0
10109870DIASG_2025-10-10_G54,10109870DIASG,2025-10-10,111433,1,14,0,210.0
10109870DIASG_2025-10-10_G55,10109870DIASG,2025-10-10,117808,1,24,0,1528.0
10109870DIASG_2025-10-10_G56,10109870DIASG,2025-10-10,109643,1,4,0,199.0
10109870DIASG_2025-10-10_G57,10109870DIASG,2025-10-10,110373,1,4,0,130.0
10109870DIASG_2025-10-10_G58,10109870DIASG,2025-10-10,110372,1,4,0,52.0
10109870DIASG_2025-10-10_G59,10109870DIASG,2025-10-10,118299,1,4,0,75.0
10109870DIASG_2025-10-10_G60,10109870DIASG,2025-10-10,110755,1,7,0,349.0
10109870DIASG_2025-10-10_G61,10109870DIASG,2025-10-10,111655,1,6,0,366.0
10109870DIASG_2025-10-10_G62,10109870DIASG,2025-10-10,117855,1,9,0,352.0
10109870DIASG_2025-10-10_G63,10109870DIASG,2025-10-10,110733,1,5,0,138.0
10109870DIASG_2025-10-10_G64,10109870DIASG,2025-10-10,109640,1,8,0,145.0
10109870DIASG_2025-10-10_G65,10109870DIASG,2025-10-10,111433,1,6,0,89.0
10109870DIASG_2025-10-10_G66,10109870DIASG,2025-10-10,111463,1,4,0,75.0
10109870DIASG_2025-10-10_G67,10109870DIASG,2025-10-10,111418,1,5,0,111.0
10109870DIASG_2025-10-10_G68,10109870DIASG,2025-10-10,140922,1,5,0,174.0
10109870DIASG_2025-10-10_G69,10109870DIASG,2025-10-10,111530,1,1,0,1112.0
10109870DIASG_2025-10-10_G70,10109870DIASG,2025-10-10,110373,1,300,0,2300.0
10109870DIASG_2025-10-10_G71,10109870DIASG,2025-10-10,117822,1,4,0,1244.0
10109870DIASG_2025-10-11_G02,10109870DIASG,2025-10-11,110740,1,40,0,166.0
10109870DIASG_2025-10-11_G03,10109870DIASG,2025-10-11,111532,1,11,0,241.0
10109870DIASG_2025-10-11_G04,10109870DIASG,2025-10-11,118223,1,8,0,180.0
10109870DIASG_2025-10-11_G05,10109870DIASG,2025-10-11,117787,1,11,0,140.0
10109870DIASG_2025-10-11_G06,10109870DIASG,2025-10-11,111442,1,6,0,80.0
10109870DIASG_2025-10-11_G07,10109870DIASG,2025-10-11,140922,1,40,0,342.0
10109870DIASG_2025-10-11_G08,10109870DIASG,2025-10-11,117831,1,20,0,167.0
10109870DIASG_2025-10-11_G09,10109870DIASG,2025-10-11,118140,1,80,0,327.0
10109870DIASG_2025-10-11_G10,10109870DIASG,2025-10-11,141458,1,40,0,1161.0
10109870DIASG_2025-10-11_G11,10109870DIASG,2025-10-11,110745,1,7,0,79.0
10109870DIASG_2025-10-11_G12,10109870DIASG,2025-10-11,108361,1,6,0,203.0
10109870DIASG_2025-10-11_G13,10109870DIASG,2025-10-11,100334,1,8,0,249.0
10109870DIASG_2025-10-11_G14,10109870DIASG,2025-10-11,117786,1,40,0,2827.0
10109870DIASG_2025-10-11_G15,10109870DIASG,2025-10-11,111467,1,40,0,378.0
10109870DIASG_2025-10-11_G16,10109870DIASG,2025-10-11,111438,1,14,0,874.0
10109870DIASG_2025-10-11_G17,10109870DIASG,2025-10-11,110742,1,12,0,458.0
10109870DIASG_2025-10-11_G18,10109870DIASG,2025-10-11,111569,1,8,0,233.0
10109870DIASG_2025-10-11_G19,10109870DIASG,2025-10-11,141318,1,8,0,173.0
10109870DIASG_2025-10-11_G20,10109870DIASG,2025-10-11,117835,1,8,0,100.0
10109870DIASG_2025-10-11_G21,10109870DIASG,2025-10-11,140911,1,8,0,187.0
10109870DIASG_2025-10-11_G22,10109870DIASG,2025-10-11,107892,1,8,0,412.0
10109870DIASG_2025-10-11_G23,10109870DIASG,2025-10-11,118442,1,2,0,357.0
10109870DIASG_2025-10-11_G24,10109870DIASG,2025-10-11,118222,1,40,0,1522.0
10109870DIASG_2025-10-11_G26,10109870DIASG,2025-10-11,110325,1,300,0,445.0
10109870DIASG_2025-10-11_G27,10109870DIASG,2025-10-11,109643,1,150,0,651.0
10109870DIASG_2025-10-11_G28,10109870DIASG,2025-10-11,110740,1,20,0,602.0
10109870DIASG_2025-10-11_G30,10109870DIASG,2025-10-11,110373,1,4,0,52.0
10109870DIASG_2025-10-11_G31,10109870DIASG,2025-10-11,117808,1,12,0,82.0
10109870DIASG_2025-10-11_G32,10109870DIASG,2025-10-11,108795,1,1,0,180.0
10109870DIASG_2025-10-11_G33,10109870DIASG,2025-10-11,141457,1,2,0,237.0
10109870DIASG_2025-10-11_G34,10109870DIASG,2025-10-11,117787,1,2,0,126.0
10109870DIASG_2025-10-11_G35,10109870DIASG,2025-10-11,140922,1,4,0,150.0
10109870DIASG_2025-10-11_G36,10109870DIASG,2025-10-11,111444,1,1,0,118.0
10109870DIASG_2025-10-13_G02,10109870DIASG,2025-10-13,141457,1,6,0,169.0
10109870DIASG_2025-10-13_G03,10109870DIASG,2025-10-13,141202,1,12,0,177.0
10109870DIASG_2025-10-13_G04,10109870DIASG,2025-10-13,110063,1,2,0,324.0
10109870DIASG_2025-10-13_G05,10109870DIASG,2025-10-13,117808,1,10,0,200.0
10109870DIASG_2025-10-13_G06,10109870DIASG,2025-10-13,118299,1,12,0,126.0
10109870DIASG_2025-10-13_G07,10109870DIASG,2025-10-13,117788,1,3,0,1093.0
10109870DIASG_2025-10-13_G08,10109870DIASG,2025-10-13,117935,1,4,0,138.0
10109870DIASG_2025-10-13_G09,10109870DIASG,2025-10-13,111602,1,8,0,145.0
10109870DIASG_2025-10-13_G10,10109870DIASG,2025-10-13,107830,1,3,0,99.0
10109870DIASG_2025-10-13_G11,10109870DIASG,2025-10-13,117808,1,3,0,63.0
10109870DIASG_2025-10-13_G12,10109870DIASG,2025-10-13,117832,1,5,0,108.0
10109870DIASG_2025-10-13_G13,10109870DIASG,2025-10-13,110372,1,8,0,98.0
10109870DIASG_2025-10-13_G14,10109870DIASG,2025-10-13,118299,1,12,0,141.0
10109870DIASG_2025-10-13_G15,10109870DIASG,2025-10-13,117820,1,6,0,585.0
10109870DIASG_2025-10-13_G16,10109870DIASG,2025-10-13,141202,1,4,0,89.0
10109870DIASG_2025-10-13_G17,10109870DIASG,2025-10-13,117809,1,4,0,62.0
10109870DIASG_2025-10-13_G18,10109870DIASG,2025-10-13,"141456, 105705",2,6,14,145.0
10109870DIASG_2025-10-13_G19,10109870DIASG,2025-10-13,118140,1,6,0,134.0
10109870DIASG_2025-10-13_G20,10109870DIASG,2025-10-13,110751,1,4,0,53.0
10109870DIASG_2025-10-13_G21,10109870DIASG,2025-10-13,111463,1,7,0,112.0
10109870DIASG_2025-10-13_G22,10109870DIASG,2025-10-13,"141457, 111532",2,11,28,324.0
10109870DIASG_2025-10-13_G23,10109870DIASG,2025-10-13,141823,1,3,0,80.0
10109870DIASG_2025-10-13_G24,10109870DIASG,2025-10-13,117842,1,2,0,68.0
10109870DIASG_2025-10-13_G25,10109870DIASG,2025-10-13,111466,1,2,0,48.0
10109870DIASG_2025-10-13_G26,10109870DIASG,2025-10-13,117831,1,2,0,101.0
10109870DIASG_2025-10-13_G27,10109870DIASG,2025-10-13,141458,1,12,0,103.0
10109870DIASG_2025-10-13_G28,10109870DIASG,2025-10-13,110745,1,4,0,100.0
10109870DIASG_2025-10-13_G29,10109870DIASG,2025-10-13,"110374, 107830",2,4,24,772.0
10109870DIASG_2025-10-13_G30,10109870DIASG,2025-10-13,110373,1,26,0,88.0
10109870DIASG_2025-10-13_G31,10109870DIASG,2025-10-13,117808,1,9,0,243.0
10109870DIASG_2025-10-13_G32,10109870DIASG,2025-10-13,117832,1,8,0,86.0
10109870DIASG_2025-10-13_G33,10109870DIASG,2025-10-13,110372,1,14,0,193.0
10109870DIASG_2025-10-13_G34,10109870DIASG,2025-10-13,110371,1,3,0,53.0
10109870DIASG_2025-10-13_G35,10109870DIASG,2025-10-13,118299,1,16,0,1109.0
10109870DIASG_2025-10-13_G36,10109870DIASG,2025-10-13,110376,1,3,0,91.0
10109870DIASG_2025-10-13_G37,10109870DIASG,2025-10-13,117820,1,20,0,204.0
10109870DIASG_2025-10-13_G38,10109870DIASG,2025-10-13,118299,1,31,0,398.0
10109870DIASG_2025-10-13_G39,10109870DIASG,2025-10-13,111430,1,1,0,184.0
10109870DIASG_2025-10-13_G40,10109870DIASG,2025-10-13,100334,1,7,0,112.0
10109870DIASG_2025-10-13_G41,10109870DIASG,2025-10-13,111438,1,6,0,121.0
10109870DIASG_2025-10-13_G42,10109870DIASG,2025-10-13,111438,1,4,0,185.0
10109870DIASG_2025-10-13_G43,10109870DIASG,2025-10-13,108759,2,5,6,130.0
10109870DIASG_2025-10-13_G44,10109870DIASG,2025-10-13,110742,2,7,6,230.0
10109870DIASG_2025-10-13_G45,10109870DIASG,2025-10-13,116527,1,4,0,202.0
10109870DIASG_2025-10-13_G46,10109870DIASG,2025-10-13,111569,1,3,0,54.0
10109870DIASG_2025-10-13_G47,10109870DIASG,2025-10-13,110895,3,5,20,473.0
10109870DIASG_2025-10-13_G48,10109870DIASG,2025-10-13,"110623, 118290",2,2,23,184.0
10109870DIASG_2025-10-13_G49,10109870DIASG,2025-10-13,110747,1,2,0,97.0
10109870DIASG_2025-10-13_G50,10109870DIASG,2025-10-13,"117789, 111660",2,5,22,101.0
10109870DIASG_2025-10-13_G51,10109870DIASG,2025-10-13,111660,1,4,0,75.0
10109870DIASG_2025-10-13_G52,10109870DIASG,2025-10-13,118442,1,1,0,366.0
10109870DIASG_2025-10-13_G53,10109870DIASG,2025-10-13,118222,1,69,0,682.0
10109870DIASG_2025-10-13_G55,10109870DIASG,2025-10-13,107236,1,4,0,55.0
10109870DIASG_2025-10-13_G56,10109870DIASG,2025-10-13,110711,4,23,19,222.0
10109870DIASG_2025-10-13_G57,10109870DIASG,2025-10-13,117853,1,8,0,784.0
10109870DIASG_2025-10-13_G58,10109870DIASG,2025-10-13,110752,1,2,0,200.0
10109870DIASG_2025-10-13_G59,10109870DIASG,2025-10-13,111467,1,10,0,344.0
10109870DIASG_2025-10-13_G60,10109870DIASG,2025-10-13,111602,2,16,8,80.0
10109870DIASG_2025-10-13_G61,10109870DIASG,2025-10-13,117862,1,20,0,416.0
10109870DIASG_2025-10-13_G62,10109870DIASG,2025-10-13,111120,1,7,0,2874.0
10109870DIASG_2025-10-13_G63,10109870DIASG,2025-10-13,111120,1,7,0,35.0
10109870DIASG_2025-10-14_G02,10109870DIASG,2025-10-14,118222,1,4,0,135.0
10109870DIASG_2025-10-14_G03,10109870DIASG,2025-10-14,117855,1,8,0,295.0
10109870DIASG_2025-10-14_G04,10109870DIASG,2025-10-14,140923,1,3,0,100.0
10109870DIASG_2025-10-14_G05,10109870DIASG,2025-10-14,110756,1,4,0,123.0
10109870DIASG_2025-10-14_G06,10109870DIASG,2025-10-14,118140,1,9,0,230.0
10109870DIASG_2025-10-14_G07,10109870DIASG,2025-10-14,118350,1,4,0,356.0
10109870DIASG_2025-10-14_G08,10109870DIASG,2025-10-14,111532,1,6,0,348.0
10109870DIASG_2025-10-14_G09,10109870DIASG,2025-10-14,111438,1,4,0,886.0
10109870DIASG_2025-10-14_G10,10109870DIASG,2025-10-14,117855,1,8,0,123.0
10109870DIASG_2025-10-14_G11,10109870DIASG,2025-10-14,"110741, 111530",2,7,25,80.0
10109870DIASG_2025-10-14_G12,10109870DIASG,2025-10-14,111743,1,2,0,114.0
10109870DIASG_2025-10-14_G13,10109870DIASG,2025-10-14,111418,1,10,0,119.0
10109870DIASG_2025-10-14_G14,10109870DIASG,2025-10-14,"108795, 110740",2,4,20,72.0
10109870DIASG_2025-10-14_G15,10109870DIASG,2025-10-14,116241,1,2,0,136.0
10109870DIASG_2025-10-14_G16,10109870DIASG,2025-10-14,111465,1,2,0,55.0
10109870DIASG_2025-10-14_G17,10109870DIASG,2025-10-14,141458,1,4,0,83.0
10109870DIASG_2025-10-14_G18,10109870DIASG,2025-10-14,117808,1,18,0,239.0
10109870DIASG_2025-10-14_G19,10109870DIASG,2025-10-14,117832,1,2,0,44.0
10109870DIASG_2025-10-14_G20,10109870DIASG,2025-10-14,110371,1,6,0,103.0
10109870DIASG_2025-10-14_G21,10109870DIASG,2025-10-14,118299,1,10,0,86.0
10109870DIASG_2025-10-14_G22,10109870DIASG,2025-10-14,141202,1,1,0,88.0
10109870DIASG_2025-10-14_G23,10109870DIASG,2025-10-14,117820,1,3,0,145.0
10109870DIASG_2025-10-14_G24,10109870DIASG,2025-10-14,117855,2,8,12,2409.0
10109870DIASG_2025-10-14_G25,10109870DIASG,2025-10-14,140923,2,57,23,196.0
10109870DIASG_2025-10-14_G26,10109870DIASG,2025-10-14,110711,2,9,8,809.0
10109870DIASG_2025-10-14_G27,10109870DIASG,2025-10-14,"108772, 110339",3,10,21,152.0
10109870DIASG_2025-10-14_G28,10109870DIASG,2025-10-14,111467,1,2,0,108.0
10109870DIASG_2025-10-14_G29,10109870DIASG,2025-10-14,117786,1,3,0,179.0
10109870DIASG_2025-10-14_G30,10109870DIASG,2025-10-14,111602,1,25,0,132.0
10109870DIASG_2025-10-14_G31,10109870DIASG,2025-10-14,"111430, 118222",2,4,19,346.0
10109870DIASG_2025-10-14_G32,10109870DIASG,2025-10-14,118222,1,67,0,52.0
10109870DIASG_2025-10-14_G33,10109870DIASG,2025-10-14,117832,1,2,0,822.0
10109870DIASG_2025-10-14_G34,10109870DIASG,2025-10-14,110371,1,3,0,66.0
10109870DIASG_2025-10-14_G35,10109870DIASG,2025-10-14,118299,1,2,0,63.0
10109870DIASG_2025-10-14_G36,10109870DIASG,2025-10-14,110376,1,8,0,118.0
10109870DIASG_2025-10-14_G37,10109870DIASG,2025-10-14,141202,1,4,0,62.0
10109870DIASG_2025-10-14_G38,10109870DIASG,2025-10-14,110325,1,10,0,62.0
10109870DIASG_2025-10-14_G39,10109870DIASG,2025-10-14,109643,1,3,0,181.0
10109870DIASG_2025-10-14_G40,10109870DIASG,2025-10-14,110373,1,39,0,60.0
10109870DIASG_2025-10-14_G41,10109870DIASG,2025-10-14,117832,1,10,0,239.0
10109870DIASG_2025-10-14_G42,10109870DIASG,2025-10-14,110373,1,2,0,69.0
10109870DIASG_2025-10-14_G44,10109870DIASG,2025-10-14,105705,1,2,0,174.0
10109870DIASG_2025-10-14_G45,10109870DIASG,2025-10-14,120002,1,1,0,141.0
10109870DIASG_2025-10-14_G46,10109870DIASG,2025-10-14,111442,1,4,0,49.0
10109870DIASG_2025-10-14_G47,10109870DIASG,2025-10-14,110372,1,10,0,146.0
10109870DIASG_2025-10-14_G48,10109870DIASG,2025-10-14,109643,1,4,0,102.0
10109870DIASG_2025-10-14_G49,10109870DIASG,2025-10-14,110325,1,2,0,94.0
10109870DIASG_2025-10-14_G50,10109870DIASG,2025-10-14,111438,1,9,0,345.0
10109870DIASG_2025-10-14_G51,10109870DIASG,2025-10-14,118290,1,3,0,69.0
10109870DIASG_2025-10-14_G52,10109870DIASG,2025-10-14,110747,1,2,0,112.0
10109870DIASG_2025-10-14_G53,10109870DIASG,2025-10-14,111569,1,15,0,54.0
10109870DIASG_2025-10-14_G54,10109870DIASG,2025-10-14,118418,1,4,0,363.0
10109870DIASG_2025-10-14_G55,10109870DIASG,2025-10-14,117856,1,8,0,1022.0
10109870DIASG_2025-10-14_G56,10109870DIASG,2025-10-14,117855,1,24,0,223.0
10109870DIASG_2025-10-14_G58,10109870DIASG,2025-10-14,141823,1,1,0,157.0
10109870DIASG_2025-10-14_G59,10109870DIASG,2025-10-14,111466,1,4,0,98.0
10109870DIASG_2025-10-14_G60,10109870DIASG,2025-10-14,118317,1,4,0,243.0
10109870DIASG_2025-10-14_G61,10109870DIASG,2025-10-14,140922,1,2,0,87.0
10109870DIASG_2025-10-14_G62,10109870DIASG,2025-10-14,"100334, 118222",2,7,17,160.0
10109870DIASG_2025-10-14_G63,10109870DIASG,2025-10-14,117855,1,2,0,463.0
10109870DIASG_2025-10-14_G64,10109870DIASG,2025-10-14,111418,1,17,0,289.0
10109870DIASG_2025-10-14_G65,10109870DIASG,2025-10-14,140922,1,4,0,87.0
10109870DIASG_2025-10-15_G02,10109870DIASG,2025-10-15,117856,1,3,0,54.0
10109870DIASG_2025-10-15_G03,10109870DIASG,2025-10-15,118094,1,11,0,415.0
10109870DIASG_2025-10-15_G04,10109870DIASG,2025-10-15,"117788, 109647",2,3,18,35.0
10109870DIASG_2025-10-15_G05,10109870DIASG,2025-10-15,140923,1,100,0,684.0
10109870DIASG_2025-10-15_G06,10109870DIASG,2025-10-15,118298,1,2,0,272.0
10109870DIASG_2025-10-15_G07,10109870DIASG,2025-10-15,110711,1,58,0,485.0
10109870DIASG_2025-10-15_G08,10109870DIASG,2025-10-15,117862,1,59,0,529.0
10109870DIASG_2025-10-15_G09,10109870DIASG,2025-10-15,117853,1,2,0,172.0
10109870DIASG_2025-10-15_G10,10109870DIASG,2025-10-15,117855,1,31,0,300.0
10109870DIASG_2025-10-15_G11,10109870DIASG,2025-10-15,117935,1,23,0,203.0
10109870DIASG_2025-10-15_G12,10109870DIASG,2025-10-15,141352,1,4,0,108.0
10109870DIASG_2025-10-15_G13,10109870DIASG,2025-10-15,108772,1,20,0,260.0
10109870DIASG_2025-10-15_G14,10109870DIASG,2025-10-15,111467,1,30,0,742.0
10109870DIASG_2025-10-15_G15,10109870DIASG,2025-10-15,117786,1,2,0,203.0
10109870DIASG_2025-10-15_G16,10109870DIASG,2025-10-15,"117837, 111602",2,32,20,390.0
10109870DIASG_2025-10-15_G17,10109870DIASG,2025-10-15,111530,1,42,0,601.0
10109870DIASG_2025-10-15_G18,10109870DIASG,2025-10-15,111660,1,1,0,67.0
10109870DIASG_2025-10-16_G02,10109870DIASG,2025-10-16,108711,1,4,0,375.0
10109870DIASG_2025-10-16_G03,10109870DIASG,2025-10-16,141457,1,8,0,185.0
10109870DIASG_2025-10-16_G04,10109870DIASG,2025-10-16,111435,1,8,0,134.0
10109870DIASG_2025-10-16_G05,10109870DIASG,2025-10-16,111532,1,6,0,124.0
10109870DIASG_2025-10-16_G06,10109870DIASG,2025-10-16,111418,2,26,15,414.0
10109870DIASG_2025-10-16_G07,10109870DIASG,2025-10-16,"111182, 118317",2,6,13,210.0
10109870DIASG_2025-10-16_G08,10109870DIASG,2025-10-16,117785,1,6,0,107.0
10109870DIASG_2025-10-16_G09,10109870DIASG,2025-10-16,117831,1,6,0,399.0
10109870DIASG_2025-10-16_G10,10109870DIASG,2025-10-16,111468,1,8,0,182.0
10109870DIASG_2025-10-16_G11,10109870DIASG,2025-10-16,111467,1,7,0,186.0
10109870DIASG_2025-10-16_G12,10109870DIASG,2025-10-16,117855,1,14,0,857.0
10109870DIASG_2025-10-16_G13,10109870DIASG,2025-10-16,110752,1,10,0,254.0
10109870DIASG_2025-10-16_G14,10109870DIASG,2025-10-16,117786,2,6,6,139.0
10109870DIASG_2025-10-16_G15,10109870DIASG,2025-10-16,109640,1,4,0,43.0
10109870DIASG_2025-10-16_G16,10109870DIASG,2025-10-16,109640,1,7,0,148.0
10109870DIASG_2025-10-16_G17,10109870DIASG,2025-10-16,109640,1,6,0,300.0
10109870DIASG_2025-10-16_G18,10109870DIASG,2025-10-16,111353,1,20,0,1350.0
10109870DIASG_2025-10-16_G19,10109870DIASG,2025-10-16,118416,1,11,0,1634.0
10109870DIASG_2025-10-16_G20,10109870DIASG,2025-10-16,111439,1,6,0,124.0
10109870DIASG_2025-10-16_G21,10109870DIASG,2025-10-16,140957,1,8,0,124.0
10109870DIASG_2025-10-16_G22,10109870DIASG,2025-10-16,107629,1,9,0,690.0
10109870DIASG_2025-10-16_G23,10109870DIASG,2025-10-16,117853,1,60,0,84.0
10109870DIASG_2025-10-16_G24,10109870DIASG,2025-10-16,108361,1,5,0,858.0
10109870DIASG_2025-10-16_G25,10109870DIASG,2025-10-16,108772,1,11,0,174.0
10109870DIASG_2025-10-16_G26,10109870DIASG,2025-10-16,105242,1,10,0,108.0
10109870DIASG_2025-10-16_G27,10109870DIASG,2025-10-16,117855,1,150,0,361.0
10109870DIASG_2025-10-16_G28,10109870DIASG,2025-10-16,117837,1,24,0,383.0
10109870DIASG_2025-10-16_G30,10109870DIASG,2025-10-16,141456,1,2,0,63.0
10109870DIASG_2025-10-16_G31,10109870DIASG,2025-10-16,110740,1,2,0,55.0
10109870DIASG_2025-10-16_G32,10109870DIASG,2025-10-16,111435,1,2,0,105.0
10109870DIASG_2025-10-16_G33,10109870DIASG,2025-10-16,117833,1,2,0,88.0
10109870DIASG_2025-10-16_G34,10109870DIASG,2025-10-16,117821,1,2,0,136.0
10109870DIASG_2025-10-16_G35,10109870DIASG,2025-10-16,110325,1,4,0,64.0
10109870DIASG_2025-10-16_G36,10109870DIASG,2025-10-16,117809,1,6,0,70.0
10109870DIASG_2025-10-16_G37,10109870DIASG,2025-10-16,111569,1,2,0,43.0
10109870DIASG_2025-10-16_G39,10109870DIASG,2025-10-16,111463,1,76,0,501.0
10109870DIASG_2025-10-16_G40,10109870DIASG,2025-10-16,111463,1,138,0,718.0
10109870DIASG_2025-10-16_G41,10109870DIASG,2025-10-16,111466,1,163,0,259.0
10109870DIASG_2025-10-16_G42,10109870DIASG,2025-10-16,117785,1,160,0,708.0
10109870DIASG_2025-10-17_G02,10109870DIASG,2025-10-17,111569,1,4,0,107.0
10109870DIASG_2025-10-17_G03,10109870DIASG,2025-10-17,111530,1,2,0,66.0
10109870DIASG_2025-10-17_G04,10109870DIASG,2025-10-17,117862,1,2,0,147.0
10109870DIASG_2025-10-17_G05,10109870DIASG,2025-10-17,111463,1,2,0,85.0
10109870DIASG_2025-10-17_G06,10109870DIASG,2025-10-17,110740,1,2,0,71.0
10109870DIASG_2025-10-17_G07,10109870DIASG,2025-10-17,"108711, 111348",2,3,21,41.0
10109870DIASG_2025-10-17_G08,10109870DIASG,2025-10-17,111466,1,4,0,83.0
10109870DIASG_2025-10-17_G09,10109870DIASG,2025-10-17,117785,1,8,0,209.0
10109870DIASG_2025-10-17_G10,10109870DIASG,2025-10-17,110745,1,2,0,85.0
10109870DIASG_2025-10-17_G11,10109870DIASG,2025-10-17,110376,1,4,0,126.0
10109870DIASG_2025-10-17_G12,10109870DIASG,2025-10-17,117809,1,1,0,55.0
10109870DIASG_2025-10-17_G13,10109870DIASG,2025-10-17,141456,1,4,0,286.0
10109870DIASG_2025-10-17_G14,10109870DIASG,2025-10-17,110740,1,2,0,78.0
10109870DIASG_2025-10-17_G15,10109870DIASG,2025-10-17,108794,1,2,0,318.0
10109870DIASG_2025-10-17_G16,10109870DIASG,2025-10-17,111418,1,4,0,53.0
10109870DIASG_2025-10-17_G17,10109870DIASG,2025-10-17,"117787, 109641",2,4,29,72.0
10109870DIASG_2025-10-17_G18,10109870DIASG,2025-10-17,117785,1,4,0,88.0
10109870DIASG_2025-10-17_G19,10109870DIASG,2025-10-17,141458,1,2,0,65.0
10109870DIASG_2025-10-17_G20,10109870DIASG,2025-10-17,111468,1,2,0,50.0
10109870DIASG_2025-10-17_G21,10109870DIASG,2025-10-17,111438,1,2,0,123.0
10109870DIASG_2025-10-17_G22,10109870DIASG,2025-10-17,117834,1,2,0,157.0
10109870DIASG_2025-10-17_G23,10109870DIASG,2025-10-17,117832,1,2,0,90.0
10109870DIASG_2025-10-17_G24,10109870DIASG,2025-10-17,110372,2,21,14,152.0
10109870DIASG_2025-10-17_G25,10109870DIASG,2025-10-17,117808,1,6,0,241.0
10109870DIASG_2025-10-17_G26,10109870DIASG,2025-10-17,117820,1,1,0,37.0
10109870DIASG_2025-10-17_G27,10109870DIASG,2025-10-17,"141202, 117809",2,6,15,51.0
10109870DIASG_2025-10-17_G28,10109870DIASG,2025-10-17,140923,1,2,0,226.0
10109870DIASG_2025-10-17_G29,10109870DIASG,2025-10-17,117862,1,2,0,62.0
10109870DIASG_2025-10-17_G30,10109870DIASG,2025-10-17,117853,1,2,0,121.0
10109870DIASG_2025-10-17_G31,10109870DIASG,2025-10-17,109640,1,2,0,183.0
10109870DIASG_2025-10-17_G32,10109870DIASG,2025-10-17,111530,1,1,0,88.0
10109870DIASG_2025-10-17_G33,10109870DIASG,2025-10-17,141456,1,8,0,695.0
10109870DIASG_2025-10-17_G34,10109870DIASG,2025-10-17,110740,1,4,0,108.0
10109870DIASG_2025-10-17_G35,10109870DIASG,2025-10-17,"117833, 117785",2,12,29,82.0
10109870DIASG_2025-10-17_G36,10109870DIASG,2025-10-17,117831,1,2,0,120.0
10109870DIASG_2025-10-17_G37,10109870DIASG,2025-10-17,"141458, 107236",2,10,17,205.0
10109870DIASG_2025-10-17_G38,10109870DIASG,2025-10-17,140922,1,2,0,219.0
10109870DIASG_2025-10-17_G39,10109870DIASG,2025-10-17,109643,1,1,0,92.0
10109870DIASG_2025-10-17_G40,10109870DIASG,2025-10-17,110372,1,13,0,166.0
10109870DIASG_2025-10-17_G41,10109870DIASG,2025-10-17,118299,1,13,0,134.0
10109870DIASG_2025-10-17_G42,10109870DIASG,2025-10-17,117808,1,21,0,146.0
10109870DIASG_2025-10-17_G43,10109870DIASG,2025-10-17,110371,1,6,0,107.0
10109870DIASG_2025-10-17_G44,10109870DIASG,2025-10-17,117820,1,6,0,229.0
10109870DIASG_2025-10-17_G45,10109870DIASG,2025-10-17,117809,1,4,0,46.0
10109870DIASG_2025-10-17_G46,10109870DIASG,2025-10-17,110747,1,4,0,92.0
10109870DIASG_2025-10-17_G47,10109870DIASG,2025-10-17,141066,1,2,0,152.0
10109870DIASG_2025-10-17_G48,10109870DIASG,2025-10-17,140923,1,1,0,54.0
10109870DIASG_2025-10-17_G49,10109870DIASG,2025-10-17,111530,1,1,0,80.0
10109870DIASG_2025-10-17_G50,10109870DIASG,2025-10-17,117837,1,4,0,174.0
10109870DIASG_2025-10-17_G51,10109870DIASG,2025-10-17,118140,1,4,0,301.0
10109870DIASG_2025-10-17_G52,10109870DIASG,2025-10-17,108711,1,10,0,302.0
10109870DIASG_2025-10-17_G53,10109870DIASG,2025-10-17,110733,1,4,0,126.0
10109870DIASG_2025-10-17_G54,10109870DIASG,2025-10-17,108711,1,10,0,55.0
10109870DIASG_2025-10-17_G55,10109870DIASG,2025-10-17,141823,1,10,0,241.0
10109870DIASG_2025-10-17_G56,10109870DIASG,2025-10-17,117787,1,4,0,105.0
10109870DIASG_2025-10-17_G57,10109870DIASG,2025-10-17,108711,1,4,0,234.0
10109870DIASG_2025-10-17_G58,10109870DIASG,2025-10-17,111466,1,8,0,118.0
10109870DIASG_2025-10-17_G59,10109870DIASG,2025-10-17,109643,1,4,0,308.0
10109870DIASG_2025-10-17_G60,10109870DIASG,2025-10-17,110733,1,4,0,176.0
10109870DIASG_2025-10-17_G61,10109870DIASG,2025-10-17,118140,1,4,0,103.0
10109870DIASG_2025-10-17_G62,10109870DIASG,2025-10-17,108795,1,16,0,191.0
10109870DIASG_2025-10-17_G63,10109870DIASG,2025-10-17,118299,1,30,0,855.0
10109870DIASG_2025-10-17_G64,10109870DIASG,2025-10-17,117808,1,24,0,372.0
10109870DIASG_2025-10-17_G65,10109870DIASG,2025-10-17,110371,1,4,0,112.0
10109870DIASG_2025-10-17_G66,10109870DIASG,2025-10-17,111743,1,2,0,136.0
10109870DIASG_2025-10-17_G67,10109870DIASG,2025-10-17,108711,1,4,0,36.0
10109870DIASG_2025-10-17_G68,10109870DIASG,2025-10-17,111569,1,4,0,183.0
10109870DIASG_2025-10-17_G69,10109870DIASG,2025-10-17,140923,1,2,0,37.0
10109870DIASG_2025-10-17_G70,10109870DIASG,2025-10-17,111465,1,2,0,51.0
10109870DIASG_2025-10-17_G72,10109870DIASG,2025-10-17,117808,1,500,0,1308.0
10109870DIASG_2025-10-17_G73,10109870DIASG,2025-10-17,110371,1,20,0,789.0
10109870DIASG_2025-10-17_G74,10109870DIASG,2025-10-17,117820,1,120,0,145.0
10109870DIASG_2025-10-17_G75,10109870DIASG,2025-10-17,118299,1,100,0,150.0
10109870DIASG_2025-10-17_G76,10109870DIASG,2025-10-17,110373,1,70,0,382.0
10109870DIASG_2025-10-17_G77,10109870DIASG,2025-10-17,108711,1,10,0,93.0
10109870DIASG_2025-10-17_G78,10109870DIASG,2025-10-17,111743,2,7,7,2565.0
10109870DIASG_2025-10-17_G79,10109870DIASG,2025-10-17,110751,1,4,0,228.0
10109870DIASG_2025-10-17_G80,10109870DIASG,2025-10-17,111443,1,7,0,59.0
10109870DIASG_2025-10-17_G81,10109870DIASG,2025-10-17,111435,1,12,0,367.0
10109870DIASG_2025-10-17_G82,10109870DIASG,2025-10-17,111431,1,8,0,238.0
10109870DIASG_2025-10-17_G83,10109870DIASG,2025-10-17,118140,1,3,0,141.0
10109870DIASG_2025-10-17_G84,10109870DIASG,2025-10-17,116241,1,10,0,256.0
10109870DIASG_2025-10-17_G85,10109870DIASG,2025-10-17,111182,1,5,0,298.0
10109870DIASG_2025-10-17_G86,10109870DIASG,2025-10-17,140922,1,12,0,238.0
10109870DIASG_2025-10-17_G87,10109870DIASG,2025-10-17,117808,1,425,0,554.0
10109870DIASG_2025-10-17_G88,10109870DIASG,2025-10-17,110371,1,100,0,153.0
10109870DIASG_2025-10-17_G89,10109870DIASG,2025-10-17,141202,1,6,0,206.0
10109870DIASG_2025-10-17_G90,10109870DIASG,2025-10-17,117809,1,24,0,172.0
10109870DIASG_2025-10-17_G91,10109870DIASG,2025-10-17,117855,1,24,0,413.0
10109870DIASG_2025-10-17_G92,10109870DIASG,2025-10-17,111530,1,30,0,263.0
10109870DIASG_2025-10-17_G93,10109870DIASG,2025-10-17,117853,1,7,0,174.0
10109870DIASG_2025-10-18_G02,10109870DIASG,2025-10-18,118140,1,8,0,218.0
10109870DIASG_2025-10-18_G03,10109870DIASG,2025-10-18,111466,1,12,0,201.0
10109870DIASG_2025-10-18_G04,10109870DIASG,2025-10-18,110733,1,8,0,416.0
10109870DIASG_2025-10-18_G05,10109870DIASG,2025-10-18,141823,1,4,0,137.0
10109870DIASG_2025-10-18_G06,10109870DIASG,2025-10-18,118140,1,8,0,151.0
10109870DIASG_2025-10-18_G07,10109870DIASG,2025-10-18,110733,1,3,0,371.0
10109870DIASG_2025-10-18_G08,10109870DIASG,2025-10-18,117832,1,4,0,80.0
10109870DIASG_2025-10-18_G09,10109870DIASG,2025-10-18,118094,1,10,0,730.0
10109870DIASG_2025-10-18_G10,10109870DIASG,2025-10-18,110373,1,11,0,214.0
10109870DIASG_2025-10-18_G11,10109870DIASG,2025-10-18,117808,1,18,0,69.0
10109870DIASG_2025-10-18_G12,10109870DIASG,2025-10-18,110733,1,4,0,568.0
10109870DIASG_2025-10-18_G13,10109870DIASG,2025-10-18,108711,1,4,0,72.0
10109870DIASG_2025-10-18_G14,10109870DIASG,2025-10-18,141823,1,4,0,125.0
10109870DIASG_2025-10-18_G15,10109870DIASG,2025-10-18,118140,1,20,0,146.0
10109870DIASG_2025-10-18_G16,10109870DIASG,2025-10-18,108711,1,4,0,432.0
10109870DIASG_2025-10-18_G17,10109870DIASG,2025-10-18,141823,1,4,0,130.0
10109870DIASG_2025-10-18_G18,10109870DIASG,2025-10-18,118140,1,12,0,579.0
10109870DIASG_2025-10-18_G19,10109870DIASG,2025-10-18,118140,1,8,0,497.0
10109870DIASG_2025-10-18_G20,10109870DIASG,2025-10-18,111466,1,5,0,99.0
10109870DIASG_2025-10-18_G21,10109870DIASG,2025-10-18,109640,1,6,0,144.0
10109870DIASG_2025-10-18_G22,10109870DIASG,2025-10-18,110373,1,4,0,108.0
10109870DIASG_2025-10-18_G23,10109870DIASG,2025-10-18,107892,1,4,0,190.0
10109870DIASG_2025-10-18_G24,10109870DIASG,2025-10-18,110578,1,5,0,1576.0
10109870DIASG_2025-10-18_G25,10109870DIASG,2025-10-18,117808,2,448,22,434.0
10109870DIASG_2025-10-18_G26,10109870DIASG,2025-10-18,117820,1,16,0,1839.0
10109870DIASG_2025-10-18_G27,10109870DIASG,2025-10-18,105705,1,4,0,1325.0
10109870DIASG_2025-10-18_G29,10109870DIASG,2025-10-18,108711,1,2,0,80.0
10109870DIASG_2025-10-18_G30,10109870DIASG,2025-10-18,108798,1,2,0,68.0
10109870DIASG_2025-10-18_G31,10109870DIASG,2025-10-18,118140,1,6,0,87.0
10109870DIASG_2025-10-18_G32,10109870DIASG,2025-10-18,117833,1,4,0,92.0
10109870DIASG_2025-10-18_G33,10109870DIASG,2025-10-18,111466,1,6,0,91.0
10109870DIASG_2025-10-18_G34,10109870DIASG,2025-10-18,118094,1,4,0,106.0
10109870DIASG_2025-10-18_G35,10109870DIASG,2025-10-18,140923,1,5,0,68.0
10109870DIASG_2025-10-18_G36,10109870DIASG,2025-10-18,117809,1,2,0,229.0
10109870DIASG_2025-10-18_G37,10109870DIASG,2025-10-18,111430,1,8,0,941.0
10109870DIASG_2025-10-18_G38,10109870DIASG,2025-10-18,114650,1,4,0,127.0
10109870DIASG_2025-10-18_G39,10109870DIASG,2025-10-18,111438,1,20,0,163.0
10109870DIASG_2025-10-18_G40,10109870DIASG,2025-10-18,110747,1,12,0,1584.0
10109870DIASG_2025-10-18_G41,10109870DIASG,2025-10-18,115775,1,8,0,284.0
10109870DIASG_2025-10-18_G42,10109870DIASG,2025-10-18,111569,1,24,0,323.0
10109870DIASG_2025-10-20_G02,10109870DIASG,2025-10-20,110682,1,4,0,409.0
10109870DIASG_2025-10-20_G03,10109870DIASG,2025-10-20,110552,1,2,0,195.0
10109870DIASG_2025-10-20_G04,10109870DIASG,2025-10-20,110743,1,10,0,385.0
10109870DIASG_2025-10-20_G05,10109870DIASG,2025-10-20,111876,1,4,0,139.0
10109870DIASG_2025-10-20_G06,10109870DIASG,2025-10-20,117820,1,24,0,287.0
10109870DIASG_2025-10-20_G07,10109870DIASG,2025-10-20,118299,1,1580,0,3063.0
10109870DIASG_2025-10-20_G08,10109870DIASG,2025-10-20,118279,1,3,0,197.0
10109870DIASG_2025-10-20_G09,10109870DIASG,2025-10-20,110339,1,40,0,784.0
10109870DIASG_2025-10-21_G02,10109870DIASG,2025-10-21,117935,2,9,6,130.0
10109870DIASG_2025-10-21_G03,10109870DIASG,2025-10-21,117786,1,7,0,148.0
10109870DIASG_2025-10-21_G04,10109870DIASG,2025-10-21,118299,1,80,0,85.0
10109870DIASG_2025-10-21_G05,10109870DIASG,2025-10-21,117808,1,100,0,284.0
10109870DIASG_2025-10-21_G06,10109870DIASG,2025-10-21,110371,1,100,0,695.0
10109870DIASG_2025-10-21_G07,10109870DIASG,2025-10-21,117820,1,50,0,167.0
10109870DIASG_2025-10-21_G08,10109870DIASG,2025-10-21,117809,1,30,0,992.0
10109870DIASG_2025-10-21_G09,10109870DIASG,2025-10-21,117785,2,8,5,157.0
10109870DIASG_2025-10-21_G10,10109870DIASG,2025-10-21,111469,1,16,0,845.0
10109870DIASG_2025-10-21_G12,10109870DIASG,2025-10-21,118317,1,5,0,114.0
10109870DIASG_2025-10-21_G13,10109870DIASG,2025-10-21,118317,1,26,0,33.0
10109870DIASG_2025-10-21_G14,10109870DIASG,2025-10-21,110743,1,5,0,350.0
10109870DIASG_2025-10-21_G15,10109870DIASG,2025-10-21,111418,1,229,0,1118.0
10109870DIASG_2025-10-21_G16,10109870DIASG,2025-10-21,111462,1,20,0,233.0
10109870DIASG_2025-10-21_G17,10109870DIASG,2025-10-21,117785,1,200,0,1007.0
10109870DIASG_2025-10-21_G18,10109870DIASG,2025-10-21,111172,2,40,12,425.0
10109870DIASG_2025-10-21_G19,10109870DIASG,2025-10-21,118326,1,31,0,307.0
10109870DIASG_2025-10-21_G20,10109870DIASG,2025-10-21,111330,1,26,0,484.0
10109870DIASG_2025-10-21_G21,10109870DIASG,2025-10-21,118283,1,25,0,546.0
10109870DIASG_2025-10-21_G22,10109870DIASG,2025-10-21,115234,1,3,0,350.0
10109870DIASG_2025-10-22_G02,10109870DIASG,2025-10-22,118222,1,4,0,129.0
10109870DIASG_2025-10-22_G03,10109870DIASG,2025-10-22,111463,1,4,0,123.0
10109870DIASG_2025-10-22_G04,10109870DIASG,2025-10-22,111723,1,19,0,1242.0
10109870DIASG_2025-10-22_G05,10109870DIASG,2025-10-22,109640,1,8,0,197.0
10109870DIASG_2025-10-22_G07,10109870DIASG,2025-10-22,110751,1,2,0,139.0
10109870DIASG_2025-10-22_G08,10109870DIASG,2025-10-22,110740,1,6,0,102.0
10109870DIASG_2025-10-22_G09,10109870DIASG,2025-10-22,141457,1,7,0,606.0
10109870DIASG_2025-10-22_G10,10109870DIASG,2025-10-22,141823,1,3,0,66.0
10109870DIASG_2025-10-22_G11,10109870DIASG,2025-10-22,108794,1,4,0,60.0
10109870DIASG_2025-10-22_G12,10109870DIASG,2025-10-22,111418,1,11,0,166.0
10109870DIASG_2025-10-22_G13,10109870DIASG,2025-10-22,108711,1,1,0,52.0
10109870DIASG_2025-10-22_G14,10109870DIASG,2025-10-22,111462,1,11,0,166.0
10109870DIASG_2025-10-22_G15,10109870DIASG,2025-10-22,117821,1,6,0,98.0
10109870DIASG_2025-10-22_G16,10109870DIASG,2025-10-22,107236,1,3,0,67.0
10109870DIASG_2025-10-22_G17,10109870DIASG,2025-10-22,110371,1,4,0,176.0
10109870DIASG_2025-10-22_G18,10109870DIASG,2025-10-22,111463,1,3,0,937.0
10109870DIASG_2025-10-22_G19,10109870DIASG,2025-10-22,140922,1,2,0,93.0
10109870DIASG_2025-10-22_G20,10109870DIASG,2025-10-22,141457,1,2,0,104.0
10109870DIASG_2025-10-22_G21,10109870DIASG,2025-10-22,111469,1,11,0,111.0
10109870DIASG_2025-10-22_G23,10109870DIASG,2025-10-22,141140,1,4,0,482.0
10109870DIASG_2025-10-22_G24,10109870DIASG,2025-10-22,111466,1,3,0,212.0
10109870DIASG_2025-10-22_G25,10109870DIASG,2025-10-22,117831,1,4,0,67.0
10109870DIASG_2025-10-22_G26,10109870DIASG,2025-10-22,111742,1,1,0,101.0
10109870DIASG_2025-10-22_G27,10109870DIASG,2025-10-22,111462,1,3,0,94.0
10109870DIASG_2025-10-22_G28,10109870DIASG,2025-10-22,107629,1,1,0,74.0
10109870DIASG_2025-10-22_G29,10109870DIASG,2025-10-22,140923,1,1,0,76.0
10109870DIASG_2025-10-22_G30,10109870DIASG,2025-10-22,110339,1,1,0,115.0
10109870DIASG_2025-10-22_G31,10109870DIASG,2025-10-22,110313,1,4,0,490.0
10109870DIASG_2025-10-22_G32,10109870DIASG,2025-10-22,118094,1,4,0,73.0
10109870DIASG_2025-10-22_G33,10109870DIASG,2025-10-22,109647,1,4,0,81.0
10109870DIASG_2025-10-22_G34,10109870DIASG,2025-10-22,140923,1,20,0,202.0
10109870DIASG_2025-10-22_G35,10109870DIASG,2025-10-22,110752,1,2,0,358.0
10109870DIASG_2025-10-22_G36,10109870DIASG,2025-10-22,111465,1,4,0,325.0
10109870DIASG_2025-10-22_G37,10109870DIASG,2025-10-22,117830,1,4,0,249.0
10109870DIASG_2025-10-22_G38,10109870DIASG,2025-10-22,111530,1,200,0,1849.0
10109870DIASG_2025-10-22_G39,10109870DIASG,2025-10-22,109643,1,7,0,290.0
10109870DIASG_2025-10-22_G40,10109870DIASG,2025-10-22,117808,1,564,0,1133.0
10109870DIASG_2025-10-22_G41,10109870DIASG,2025-10-22,110372,2,201,19,522.0
10109870DIASG_2025-10-22_G42,10109870DIASG,2025-10-22,118299,1,200,0,685.0
10109870DIASG_2025-10-22_G43,10109870DIASG,2025-10-22,118299,1,180,0,435.0
10109870DIASG_2025-10-22_G44,10109870DIASG,2025-10-22,117808,1,36,0,582.0
10109870DIASG_2025-10-23_G02,10109870DIASG,2025-10-23,111530,1,150,0,822.0
10109870DIASG_2025-10-23_G03,10109870DIASG,2025-10-23,110372,1,78,0,468.0
10109870DIASG_2025-10-23_G04,10109870DIASG,2025-10-23,140923,1,150,0,457.0
10109870DIASG_2025-10-23_G05,10109870DIASG,2025-10-23,117856,1,80,0,974.0
10109870DIASG_2025-10-23_G06,10109870DIASG,2025-10-23,111462,3,12,36,1158.0
10109870DIASG_2025-10-23_G07,10109870DIASG,2025-10-23,110743,1,6,0,470.0
10109870DIASG_2025-10-23_G08,10109870DIASG,2025-10-23,111330,1,4,0,123.0
10109870DIASG_2025-10-23_G09,10109870DIASG,2025-10-23,110313,1,3,0,155.0
10109870DIASG_2025-10-23_G10,10109870DIASG,2025-10-23,117830,1,8,0,115.0
10109870DIASG_2025-10-23_G11,10109870DIASG,2025-10-23,141202,1,8,0,159.0
10109870DIASG_2025-10-23_G12,10109870DIASG,2025-10-23,110711,1,3,0,208.0
10109870DIASG_2025-10-23_G13,10109870DIASG,2025-10-23,110755,1,4,0,157.0
10109870DIASG_2025-10-23_G14,10109870DIASG,2025-10-23,111469,1,53,0,398.0
10109870DIASG_2025-10-23_G15,10109870DIASG,2025-10-23,111330,1,8,0,227.0
10109870DIASG_2025-10-23_G16,10109870DIASG,2025-10-23,111330,1,12,0,318.0
10109870DIASG_2025-10-23_G17,10109870DIASG,2025-10-23,110313,1,10,0,116.0
10109870DIASG_2025-10-23_G18,10109870DIASG,2025-10-23,110711,1,5,0,149.0
10109870DIASG_2025-10-23_G19,10109870DIASG,2025-10-23,110313,1,20,0,506.0
10109870DIASG_2025-10-23_G20,10109870DIASG,2025-10-23,109640,1,44,0,1044.0
10109870DIASG_2025-10-23_G21,10109870DIASG,2025-10-23,117855,1,10,0,473.0
10109870DIASG_2025-10-23_G23,10109870DIASG,2025-10-23,141352,1,3,0,248.0
10109870DIASG_2025-10-23_G24,10109870DIASG,2025-10-23,111602,1,107,0,150.0
10109870DIASG_2025-10-23_G25,10109870DIASG,2025-10-23,111462,1,40,0,728.0
10109870DIASG_2025-10-23_G26,10109870DIASG,2025-10-23,117785,1,16,0,421.0
10109870DIASG_2025-10-23_G27,10109870DIASG,2025-10-23,111172,2,55,13,106.0
10109870DIASG_2025-10-23_G28,10109870DIASG,2025-10-23,117808,1,16,0,502.0
10109870DIASG_2025-10-23_G29,10109870DIASG,2025-10-23,117808,1,460,0,556.0
10109870DIASG_2025-10-23_G30,10109870DIASG,2025-10-23,110372,1,66,0,814.0
10109870DIASG_2025-10-23_G31,10109870DIASG,2025-10-23,111418,1,396,0,414.0
10109870DIASG_2025-10-27_G02,10109870DIASG,2025-10-27,117808,1,108,0,51.0
10109870DIASG_2025-10-27_G03,10109870DIASG,2025-10-27,117830,2,35,10,642.0
10109870DIASG_2025-10-27_G04,10109870DIASG,2025-10-27,110372,1,70,0,247.0
10109870DIASG_2025-10-27_G05,10109870DIASG,2025-10-27,117808,1,84,0,482.0
10109870DIASG_2025-10-27_G06,10109870DIASG,2025-10-27,110325,1,55,0,483.0
10109870DIASG_2025-10-27_G07,10109870DIASG,2025-10-27,110374,1,50,0,471.0
10109870DIASG_2025-10-27_G09,10109870DIASG,2025-10-27,118418,1,4,0,216.0
10109870DIASG_2025-10-27_G10,10109870DIASG,2025-10-27,110841,1,3,0,110.0
10109870DIASG_2025-10-27_G11,10109870DIASG,2025-10-27,117834,1,4,0,154.0
10109870DIASG_2025-10-27_G12,10109870DIASG,2025-10-27,141318,1,4,0,174.0
10109870DIASG_2025-10-27_G13,10109870DIASG,2025-10-27,111851,1,2,0,84.0
10109870DIASG_2025-10-27_G14,10109870DIASG,2025-10-27,118223,1,4,0,261.0
10109870DIASG_2025-10-27_G15,10109870DIASG,2025-10-27,109641,1,4,0,101.0
10109870DIASG_2025-10-27_G16,10109870DIASG,2025-10-27,117833,1,20,0,196.0
10109870DIASG_2025-10-27_G17,10109870DIASG,2025-10-27,111465,1,20,0,236.0
10109870DIASG_2025-10-27_G18,10109870DIASG,2025-10-27,110741,1,6,0,440.0
10109870DIASG_2025-10-27_G19,10109870DIASG,2025-10-27,111650,1,4,0,126.0
10109870DIASG_2025-10-27_G20,10109870DIASG,2025-10-27,117853,1,20,0,246.0
10109870DIASG_2025-10-27_G21,10109870DIASG,2025-10-27,117786,1,20,0,708.0
10109870DIASG_2025-10-27_G22,10109870DIASG,2025-10-27,110740,1,50,0,708.0
10109870DIASG_2025-10-27_G23,10109870DIASG,2025-10-27,111440,1,4,0,2203.0
10109870DIASG_2025-10-27_G24,10109870DIASG,2025-10-27,109643,1,4,0,160.0
10109870DIASG_2025-10-27_G25,10109870DIASG,2025-10-27,141456,1,2,0,88.0
10109870DIASG_2025-10-27_G26,10109870DIASG,2025-10-27,110787,1,7,0,175.0
10109870DIASG_2025-10-27_G27,10109870DIASG,2025-10-27,111467,1,4,0,156.0
10109870DIASG_2025-10-27_G28,10109870DIASG,2025-10-27,110372,1,6,0,76.0
10109870DIASG_2025-10-27_G29,10109870DIASG,2025-10-27,111569,1,4,0,157.0
10109870DIASG_2025-10-27_G30,10109870DIASG,2025-10-27,110787,1,8,0,577.0
10109870DIASG_2025-10-27_G31,10109870DIASG,2025-10-27,117965,1,50,0,123.0
10109870DIASG_2025-10-27_G32,10109870DIASG,2025-10-27,109640,1,3,0,330.0
10109870DIASG_2025-10-27_G33,10109870DIASG,2025-10-27,111850,1,6,0,180.0
10109870DIASG_2025-10-27_G34,10109870DIASG,2025-10-27,111418,1,50,0,292.0
10109870DIASG_2025-10-27_G35,10109870DIASG,2025-10-27,110371,1,20,0,358.0
10109870DIASG_2025-10-28_G02,10109870DIASG,2025-10-28,118299,1,104,0,551.0
10109870DIASG_2025-10-28_G03,10109870DIASG,2025-10-28,110376,1,4,0,157.0
10109870DIASG_2025-10-28_G04,10109870DIASG,2025-10-28,110371,1,250,0,455.0
10109870DIASG_2025-10-28_G05,10109870DIASG,2025-10-28,118283,1,21,0,865.0
10109870DIASG_2025-10-28_G06,10109870DIASG,2025-10-28,105359,1,4,0,184.0
10109870DIASG_2025-10-28_G07,10109870DIASG,2025-10-28,116613,1,2,0,74.0
10109870DIASG_2025-10-28_G08,10109870DIASG,2025-10-28,111851,1,6,0,89.0
10109870DIASG_2025-10-28_G09,10109870DIASG,2025-10-28,110579,1,2,0,35.0
10109870DIASG_2025-10-28_G10,10109870DIASG,2025-10-28,110064,1,4,0,60.0
10109870DIASG_2025-10-28_G11,10109870DIASG,2025-10-28,107892,1,8,0,171.0
10109870DIASG_2025-10-28_G12,10109870DIASG,2025-10-28,108410,1,2,0,812.0
10109870DIASG_2025-10-28_G13,10109870DIASG,2025-10-28,109974,1,8,0,53.0
10109870DIASG_2025-10-29_G02,10109870DIASG,2025-10-29,118280,1,30,0,338.0
10109870DIASG_2025-10-29_G03,10109870DIASG,2025-10-29,110895,1,40,0,273.0
10109870DIASG_2025-10-29_G04,10109870DIASG,2025-10-29,111776,1,4,0,400.0
10109870DIASG_2025-10-29_G05,10109870DIASG,2025-10-29,110313,1,1,0,167.0
10109870DIASG_2025-10-29_G06,10109870DIASG,2025-10-29,110623,1,2,0,1679.0
10109870DIASG_2025-10-29_G07,10109870DIASG,2025-10-29,109640,1,11,0,267.0
10109870DIASG_2025-10-29_G08,10109870DIASG,2025-10-29,140923,1,11,0,210.0
10109870DIASG_2025-10-29_G09,10109870DIASG,2025-10-29,117785,2,15,6,137.0
10109870DIASG_2025-10-29_G10,10109870DIASG,2025-10-29,111462,1,4,0,156.0
10109870DIASG_2025-10-29_G11,10109870DIASG,2025-10-29,111469,1,65,0,549.0
10109870DIASG_2025-10-29_G12,10109870DIASG,2025-10-29,110895,1,6,0,1058.0
10109870DIASG_2025-10-29_G13,10109870DIASG,2025-10-29,110623,1,3,0,39.0
10109870DIASG_2025-10-29_G14,10109870DIASG,2025-10-29,117830,1,20,0,230.0
10109870DIASG_2025-10-29_G15,10109870DIASG,2025-10-29,109640,2,18,8,75.0
10109870DIASG_2025-10-29_G16,10109870DIASG,2025-10-29,140923,1,15,0,464.0
10109870DIASG_2025-10-29_G17,10109870DIASG,2025-10-29,111462,1,10,0,233.0
10109870DIASG_2025-10-29_G18,10109870DIASG,2025-10-29,110787,1,32,0,349.0
10109870DIASG_2025-10-29_G19,10109870DIASG,2025-10-29,111469,1,39,0,681.0
10109870DIASG_2025-10-29_G20,10109870DIASG,2025-10-29,117785,1,56,0,317.0
10109870DIASG_2025-10-29_G22,10109870DIASG,2025-10-29,110787,1,12,0,2133.0
10109870DIASG_2025-10-29_G23,10109870DIASG,2025-10-29,110374,2,48,6,358.0
10109870DIASG_2025-10-29_G24,10109870DIASG,2025-10-29,110374,2,27,10,275.0
10109870DIASG_2025-10-29_G25,10109870DIASG,2025-10-29,117841,1,12,0,405.0
10109870DIASG_2025-10-29_G26,10109870DIASG,2025-10-29,111602,1,4,0,185.0
10109870DIASG_2025-10-29_G27,10109870DIASG,2025-10-29,110787,1,12,0,307.0
10109870DIASG_2025-10-29_G28,10109870DIASG,2025-10-29,110374,1,9,0,165.0
10109870DIASG_2025-10-29_G29,10109870DIASG,2025-10-29,110374,2,11,11,113.0
10109870DIASG_2025-10-29_G30,10109870DIASG,2025-10-29,110372,1,5,0,504.0
10109870DIASG_2025-10-29_G31,10109870DIASG,2025-10-29,111532,1,14,0,675.0
10109870DIASG_2025-10-29_G32,10109870DIASG,2025-10-29,111762,1,5,0,780.0
10109870DIASG_2025-10-29_G33,10109870DIASG,2025-10-29,111743,1,3,0,152.0
10109870DIASG_2025-10-30_G02,10109870DIASG,2025-10-30,111634,2,10,4,94.0
10109870DIASG_2025-10-30_G03,10109870DIASG,2025-10-30,118191,2,18,6,289.0
10109870DIASG_2025-10-30_G04,10109870DIASG,2025-10-30,141261,1,6,0,276.0
10109870DIASG_2025-10-30_G05,10109870DIASG,2025-10-30,141261,1,6,0,225.0
10109870DIASG_2025-10-30_G06,10109870DIASG,2025-10-30,111722,1,1,0,264.0
10109870DIASG_2025-10-30_G07,10109870DIASG,2025-10-30,111722,1,8,0,122.0
10109870DIASG_2025-10-30_G08,10109870DIASG,2025-10-30,111751,2,10,0,93.0
10109870DIASG_2025-10-30_G09,10109870DIASG,2025-10-30,141140,1,4,0,67.0
10109870DIASG_2025-10-30_G10,10109870DIASG,2025-10-30,"141140, 141141",2,10,26,393.0
10109870DIASG_2025-10-30_G11,10109870DIASG,2025-10-30,111742,2,10,5,33.0
10109870DIASG_2025-10-30_G12,10109870DIASG,2025-10-30,111469,1,55,0,307.0
10109870DIASG_2025-10-30_G13,10109870DIASG,2025-10-30,109649,1,4,0,307.0
10109870DIASG_2025-10-30_G14,10109870DIASG,2025-10-30,111462,1,60,0,231.0
10109870DIASG_2025-10-30_G15,10109870DIASG,2025-10-30,117830,1,189,0,674.0
10109870DIASG_2025-10-30_G16,10109870DIASG,2025-10-30,118094,1,12,0,636.0
10109870DIASG_2025-10-30_G17,10109870DIASG,2025-10-30,111463,1,4,0,93.0
10109870DIASG_2025-10-30_G18,10109870DIASG,2025-10-30,108798,1,8,0,142.0
10109870DIASG_2025-10-30_G19,10109870DIASG,2025-10-30,111462,1,4,0,98.0
10109870DIASG_2025-10-30_G20,10109870DIASG,2025-10-30,110374,1,3,0,140.0
10109870DIASG_2025-10-30_G21,10109870DIASG,2025-10-30,111441,1,7,0,369.0
10109870DIASG_2025-10-30_G22,10109870DIASG,2025-10-30,117830,1,9,0,1034.0
10109870DIASG_2025-10-30_G23,10109870DIASG,2025-10-30,118299,1,14,0,151.0
10109870DIASG_2025-10-30_G24,10109870DIASG,2025-10-30,111418,1,3,0,208.0
10109870DIASG_2025-10-30_G25,10109870DIASG,2025-10-30,110895,1,5,0,171.0
10109870DIASG_2025-10-30_G26,10109870DIASG,2025-10-30,110374,1,4,0,67.0
10109870DIASG_2025-10-30_G27,10109870DIASG,2025-10-30,111441,1,4,0,105.0
10109870DIASG_2025-10-30_G28,10109870DIASG,2025-10-30,110895,1,2,0,148.0
10109870DIASG_2025-10-30_G29,10109870DIASG,2025-10-30,141916,1,3,0,148.0
10109870DIASG_2025-10-30_G30,10109870DIASG,2025-10-30,109645,1,7,0,206.0
10109870DIASG_2025-10-30_G31,10109870DIASG,2025-10-30,110787,1,2,0,168.0
10109870DIASG_2025-10-30_G32,10109870DIASG,2025-10-30,117830,1,3,0,599.0
10109870DIASG_2025-10-30_G33,10109870DIASG,2025-10-30,111441,1,6,0,168.0
10109870DIASG_2025-10-30_G34,10109870DIASG,2025-10-30,109645,1,2,0,212.0
10109870DIASG_2025-10-30_G35,10109870DIASG,2025-10-30,117830,1,2,0,287.0
10109870DIASG_2025-10-30_G36,10109870DIASG,2025-10-30,110374,1,12,0,130.0
10109870DIASG_2025-10-30_G37,10109870DIASG,2025-10-30,110895,1,2,0,304.0
10109870DIASG_2025-10-30_G38,10109870DIASG,2025-10-30,109645,1,5,0,124.0
10109870DIASG_2025-10-30_G39,10109870DIASG,2025-10-30,111418,1,6,0,230.0
10109870DIASG_2025-10-30_G40,10109870DIASG,2025-10-30,141916,1,3,0,180.0
10109870DIASG_2025-10-30_G41,10109870DIASG,2025-10-30,117830,1,7,0,97.0
10109870DIASG_2025-10-30_G42,10109870DIASG,2025-10-30,118299,1,6,0,139.0
10109870DIASG_2025-10-30_G43,10109870DIASG,2025-10-30,110374,1,20,0,286.0
10109870DIASG_2025-10-30_G44,10109870DIASG,2025-10-30,110895,1,6,0,269.0
10109870DIASG_2025-10-30_G45,10109870DIASG,2025-10-30,110895,1,4,0,52.0
10109870DIASG_2025-10-30_G46,10109870DIASG,2025-10-30,141262,1,10,0,411.0
10109870DIASG_2025-10-30_G47,10109870DIASG,2025-10-30,111634,1,6,0,64.0
10109870DIASG_2025-10-30_G48,10109870DIASG,2025-10-30,118191,1,8,0,72.0
10109870DIASG_2025-10-30_G49,10109870DIASG,2025-10-30,141261,1,4,0,98.0
10109870DIASG_2025-10-30_G50,10109870DIASG,2025-10-30,111722,1,6,0,140.0
10109870DIASG_2025-10-30_G51,10109870DIASG,2025-10-30,141140,1,6,0,178.0
10109870DIASG_2025-10-30_G52,10109870DIASG,2025-10-30,141141,1,4,0,42.0
10109870DIASG_2025-10-30_G53,10109870DIASG,2025-10-30,109645,1,4,0,217.0
10109870DIASG_2025-10-30_G55,10109870DIASG,2025-10-30,141047,1,6,0,310.0
10109870DIASG_2025-10-30_G56,10109870DIASG,2025-10-30,141047,1,4,0,205.0
10109870DIASG_2025-10-30_G57,10109870DIASG,2025-10-30,141047,1,2,0,54.0
10109870DIASG_2025-10-30_G58,10109870DIASG,2025-10-30,111463,1,40,0,619.0
10109870DIASG_2025-10-30_G59,10109870DIASG,2025-10-30,111418,1,30,0,222.0
10109870DIASG_2025-10-30_G60,10109870DIASG,2025-10-30,111466,1,28,0,589.0
10109870DIASG_2025-10-30_G61,10109870DIASG,2025-10-30,111532,1,24,0,495.0
10109870DIASG_2025-10-30_G62,10109870DIASG,2025-10-30,111602,1,26,0,228.0
10109870DIASG_2025-10-30_G63,10109870DIASG,2025-10-30,110339,1,18,0,371.0
10109870DIASG_2025-10-30_G64,10109870DIASG,2025-10-30,117830,1,34,0,269.0
10109870DIASG_2025-10-30_G65,10109870DIASG,2025-10-30,117832,1,10,0,98.0
10109870DIASG_2025-10-30_G66,10109870DIASG,2025-10-30,110325,1,12,0,176.0
10109870DIASG_2025-10-30_G67,10109870DIASG,2025-10-30,111418,1,41,0,2756.0
10109870DIASG_2025-10-30_G68,10109870DIASG,2025-10-30,111418,1,118,0,121.0
10109870DIASG_2025-10-30_G69,10109870DIASG,2025-10-30,109649,1,11,0,612.0
10109870DIASG_2025-10-30_G70,10109870DIASG,2025-10-30,117785,1,27,0,175.0
10109870DIASG_2025-10-30_G71,10109870DIASG,2025-10-30,111462,1,15,0,267.0
10109870DIASG_2025-10-30_G72,10109870DIASG,2025-10-30,111462,1,185,0,345.0
10109870DIASG_2025-10-30_G73,10109870DIASG,2025-10-30,111532,1,27,0,209.0
10109870DIASG_2025-10-30_G74,10109870DIASG,2025-10-30,117785,1,123,0,859.0
10109870DIASG_2025-10-30_G75,10109870DIASG,2025-10-30,117830,1,100,0,176.0
10109870DIASG_2025-10-30_G76,10109870DIASG,2025-10-30,111532,1,4,0,685.0
10109870DIASG_2025-10-31_G02,10109870DIASG,2025-10-31,118299,1,300,0,1176.0
10109870DIASG_2025-10-31_G03,10109870DIASG,2025-10-31,117808,1,226,0,855.0
10109870DIASG_2025-10-31_G04,10109870DIASG,2025-10-31,111463,1,30,0,1027.0
10109870DIASG_2025-10-31_G05,10109870DIASG,2025-10-31,109645,2,12,9,188.0
10109870DIASG_2025-10-31_G06,10109870DIASG,2025-10-31,110740,1,20,0,337.0
10109870DIASG_2025-10-31_G07,10109870DIASG,2025-10-31,118140,1,30,0,298.0
10109870DIASG_2025-10-31_G08,10109870DIASG,2025-10-31,140922,1,10,0,341.0
10109870DIASG_2025-10-31_G09,10109870DIASG,2025-10-31,111469,1,30,0,110.0
10109870DIASG_2025-10-31_G10,10109870DIASG,2025-10-31,111469,1,20,0,304.0
10109870DIASG_2025-10-31_G11,10109870DIASG,2025-10-31,109649,2,5,6,198.0
10109870DIASG_2025-10-31_G12,10109870DIASG,2025-10-31,108794,2,20,6,126.0
10109870DIASG_2025-10-31_G13,10109870DIASG,2025-10-31,111466,2,50,9,84.0
10109870DIASG_2025-10-31_G14,10109870DIASG,2025-10-31,111462,1,20,0,356.0
10109870DIASG_2025-10-31_G15,10109870DIASG,2025-10-31,117785,1,30,0,368.0
10109870DIASG_2025-10-31_G16,10109870DIASG,2025-10-31,110745,1,7,0,331.0
10109870DIASG_2025-10-31_G17,10109870DIASG,2025-10-31,111532,1,30,0,238.0
10109870DIASG_2025-10-31_G18,10109870DIASG,2025-10-31,118280,1,4,0,488.0
10109870DIASG_2025-10-31_G19,10109870DIASG,2025-10-31,110895,1,4,0,71.0
10109870DIASG_2025-10-31_G20,10109870DIASG,2025-10-31,108770,1,6,0,130.0
10109870DIASG_2025-10-31_G21,10109870DIASG,2025-10-31,111447,1,4,0,115.0
10109870DIASG_2025-10-31_G22,10109870DIASG,2025-10-31,111569,1,4,0,125.0
10109870DIASG_2025-10-31_G23,10109870DIASG,2025-10-31,109643,1,30,0,692.0
10109870DIASG_2025-10-31_G24,10109870DIASG,2025-10-31,110372,2,200,15,314.0
10109870DIASG_2025-10-31_G25,10109870DIASG,2025-10-31,118299,1,100,0,511.0
10109870DIASG_2025-10-31_G26,10109870DIASG,2025-10-31,110376,1,20,0,565.0
10109870DIASG_2025-10-31_G27,10109870DIASG,2025-10-31,110325,2,20,7,173.0
10109870DIASG_2025-10-31_G28,10109870DIASG,2025-10-31,117820,1,20,0,533.0
10109870DIASG_2025-10-31_G29,10109870DIASG,2025-10-31,111172,2,22,19,1174.0
10109870DIASG_2025-10-31_G30,10109870DIASG,2025-10-31,117831,1,9,0,362.0
10109870DIASG_2025-10-31_G31,10109870DIASG,2025-10-31,111418,1,33,0,62.0
10109870DIASG_2025-10-31_G33,10109870DIASG,2025-10-31,111348,1,41,0,145.0
10109870DIASG_2025-10-31_G34,10109870DIASG,2025-10-31,117785,2,145,23,341.0
10109870DIASG_2025-10-31_G35,10109870DIASG,2025-10-31,117785,1,80,0,35.0
10109870DIASG_2025-10-31_G36,10109870DIASG,2025-10-31,108771,1,2,0,930.0
10109870DIASG_2025-10-31_G37,10109870DIASG,2025-10-31,111436,1,7,0,617.0
10109870DIASG_2025-10-31_G38,10109870DIASG,2025-10-31,108770,1,4,0,287.0
10109870DIASG_2025-10-31_G39,10109870DIASG,2025-10-31,111441,1,11,0,57.0
10109870DIASG_2025-10-31_G40,10109870DIASG,2025-10-31,110755,1,27,0,477.0
10109870DIASG_2025-10-31_G41,10109870DIASG,2025-10-31,111569,1,15,0,712.0
10109870DIASG_2025-10-31_G42,10109870DIASG,2025-10-31,110313,2,12,6,315.0
10109870DIASG_2025-10-31_G43,10109870DIASG,2025-10-31,108772,1,13,0,268.0
10109870DIASG_2025-11-06_G02,10109870DIASG,2025-11-06,117836,1,11,0,419.0
10109870DIASG_2025-11-06_G03,10109870DIASG,2025-11-06,117834,1,6,0,147.0
10109870DIASG_2025-11-06_G04,10109870DIASG,2025-11-06,116527,1,13,0,181.0
10109870DIASG_2025-11-06_G05,10109870DIASG,2025-11-06,110742,1,15,0,378.0
10109870DIASG_2025-11-06_G06,10109870DIASG,2025-11-06,108701,1,10,0,611.0
10109870DIASG_2025-11-06_G07,10109870DIASG,2025-11-06,110741,1,92,0,335.0
10109870DIASG_2025-11-06_G08,10109870DIASG,2025-11-06,117935,1,50,0,579.0
10109870DIASG_2025-11-06_G09,10109870DIASG,2025-11-06,108361,1,6,0,305.0
10109870DIASG_2025-11-06_G10,10109870DIASG,2025-11-06,105242,1,10,0,207.0
10109870DIASG_2025-11-06_G11,10109870DIASG,2025-11-06,111467,1,4,0,100.0
10109870DIASG_2025-11-06_G12,10109870DIASG,2025-11-06,"111418, 111182",2,17,29,2450.0
10109870DIASG_2025-11-06_G13,10109870DIASG,2025-11-06,110787,1,5,0,132.0
10109870DIASG_2025-11-06_G14,10109870DIASG,2025-11-06,141457,1,20,0,122.0
10109870DIASG_2025-11-06_G15,10109870DIASG,2025-11-06,108798,1,24,0,208.0
10109870DIASG_2025-11-06_G16,10109870DIASG,2025-11-06,111330,1,8,0,131.0
10109870DIASG_2025-11-06_G17,10109870DIASG,2025-11-06,111705,1,2,0,581.0
10109870DIASG_2025-11-06_G18,10109870DIASG,2025-11-06,110895,1,24,0,302.0
10109870DIASG_2025-11-07_G02,10109870DIASG,2025-11-07,111463,1,1,0,82.0
10109870DIASG_2025-11-07_G03,10109870DIASG,2025-11-07,140922,1,10,0,86.0
10109870DIASG_2025-11-07_G04,10109870DIASG,2025-11-07,111330,1,8,0,176.0
10109870DIASG_2025-11-07_G05,10109870DIASG,2025-11-07,117809,1,4,0,94.0
10109870DIASG_2025-11-07_G06,10109870DIASG,2025-11-07,117840,1,2,0,138.0
10109870DIASG_2025-11-07_G07,10109870DIASG,2025-11-07,105705,1,8,0,366.0
10109870DIASG_2025-11-07_G08,10109870DIASG,2025-11-07,111442,1,4,0,220.0
10109870DIASG_2025-11-07_G09,10109870DIASG,2025-11-07,110332,1,8,0,376.0
10109870DIASG_2025-11-07_G10,10109870DIASG,2025-11-07,105705,1,3,0,762.0
10109870DIASG_2025-11-07_G11,10109870DIASG,2025-11-07,"111463, 117821",2,13,21,132.0
10109870DIASG_2025-11-07_G12,10109870DIASG,2025-11-07,111418,1,20,0,323.0
10109870DIASG_2025-11-07_G13,10109870DIASG,2025-11-07,110740,1,6,0,87.0
10109870DIASG_2025-11-07_G14,10109870DIASG,2025-11-07,110787,1,15,0,196.0
10109870DIASG_2025-11-07_G15,10109870DIASG,2025-11-07,111330,1,2,0,262.0
10109870DIASG_2025-11-07_G16,10109870DIASG,2025-11-07,108711,1,7,0,210.0
10109870DIASG_2025-11-07_G17,10109870DIASG,2025-11-07,111466,1,15,0,607.0
10109870DIASG_2025-11-07_G18,10109870DIASG,2025-11-07,110752,1,2,0,342.0
10109870DIASG_2025-11-07_G19,10109870DIASG,2025-11-07,111467,1,3,0,56.0
10109870DIASG_2025-11-07_G20,10109870DIASG,2025-11-07,109640,1,8,0,161.0
10109870DIASG_2025-11-07_G21,10109870DIASG,2025-11-07,111530,1,170,0,1313.0
10109870DIASG_2025-11-07_G22,10109870DIASG,2025-11-07,117785,1,394,0,1192.0
10109870DIASG_2025-11-07_G24,10109870DIASG,2025-11-07,111439,1,2,0,285.0
10109870DIASG_2025-11-07_G25,10109870DIASG,2025-11-07,118094,1,10,0,463.0
10109870DIASG_2025-11-07_G26,10109870DIASG,2025-11-07,111876,1,11,0,273.0
10109870DIASG_2025-11-07_G27,10109870DIASG,2025-11-07,117856,1,30,0,63.0
10109870DIASG_2025-11-07_G28,10109870DIASG,2025-11-07,109647,1,7,0,271.0
10109870DIASG_2025-11-07_G29,10109870DIASG,2025-11-07,110581,1,8,0,729.0
10109870DIASG_2025-11-07_G30,10109870DIASG,2025-11-07,117862,1,20,0,382.0
10109870DIASG_2025-11-07_G31,10109870DIASG,2025-11-07,111467,1,10,0,129.0
10109870DIASG_2025-11-07_G32,10109870DIASG,2025-11-07,140923,1,90,0,147.0
10109870DIASG_2025-11-07_G33,10109870DIASG,2025-11-07,141457,1,130,0,1377.0
10109870DIASG_2025-11-07_G34,10109870DIASG,2025-11-07,141456,1,170,0,1024.0
10109870DIASG_2025-11-07_G35,10109870DIASG,2025-11-07,117833,1,80,0,360.0
10109870DIASG_2025-11-08_G02,10109870DIASG,2025-11-08,117808,1,8,0,55.0
10109870DIASG_2025-11-08_G03,10109870DIASG,2025-11-08,117831,1,3,0,164.0
10109870DIASG_2025-11-08_G04,10109870DIASG,2025-11-08,140922,1,4,0,587.0
10109870DIASG_2025-11-08_G05,10109870DIASG,2025-11-08,111462,1,4,0,136.0
10109870DIASG_2025-11-08_G06,10109870DIASG,2025-11-08,110711,1,1,0,86.0
10109870DIASG_2025-11-08_G07,10109870DIASG,2025-11-08,105705,1,1,0,132.0
10109870DIASG_2025-11-08_G08,10109870DIASG,2025-11-08,117821,1,4,0,87.0
10109870DIASG_2025-11-08_G09,10109870DIASG,2025-11-08,117831,1,1,0,37.0
10109870DIASG_2025-11-08_G10,10109870DIASG,2025-11-08,118140,2,32,19,89.0
10109870DIASG_2025-11-08_G11,10109870DIASG,2025-11-08,141823,1,2,0,333.0
10109870DIASG_2025-11-08_G12,10109870DIASG,2025-11-08,141823,1,9,0,258.0
10109870DIASG_2025-11-08_G13,10109870DIASG,2025-11-08,141457,1,4,0,186.0
10109870DIASG_2025-11-08_G14,10109870DIASG,2025-11-08,141456,1,4,0,89.0
10109870DIASG_2025-11-08_G15,10109870DIASG,2025-11-08,109641,1,2,0,89.0
10109870DIASG_2025-11-08_G16,10109870DIASG,2025-11-08,"141458, 111465",2,6,11,116.0
10109870DIASG_2025-11-08_G17,10109870DIASG,2025-11-08,109643,1,2,0,118.0
10109870DIASG_2025-11-08_G18,10109870DIASG,2025-11-08,117832,2,25,14,68.0
10109870DIASG_2025-11-08_G19,10109870DIASG,2025-11-08,110374,1,2,0,218.0
10109870DIASG_2025-11-08_G21,10109870DIASG,2025-11-08,110313,1,7,0,3293.0
10109870DIASG_2025-11-08_G22,10109870DIASG,2025-11-08,110313,1,2,0,49.0
10109870DIASG_2025-11-08_G23,10109870DIASG,2025-11-08,110313,1,4,0,105.0
10109870DIASG_2025-11-08_G24,10109870DIASG,2025-11-08,111850,1,4,0,263.0
10109870DIASG_2025-11-08_G25,10109870DIASG,2025-11-08,140911,1,2,0,214.0
10109870DIASG_2025-11-08_G26,10109870DIASG,2025-11-08,141457,1,2,0,105.0
10109870DIASG_2025-11-08_G27,10109870DIASG,2025-11-08,141456,1,2,0,80.0
10109870DIASG_2025-11-08_G28,10109870DIASG,2025-11-08,117833,1,2,0,198.0
10109870DIASG_2025-11-08_G29,10109870DIASG,2025-11-08,111743,1,2,0,98.0
10109870DIASG_2025-11-08_G30,10109870DIASG,2025-11-08,141458,1,2,0,55.0
10109870DIASG_2025-11-08_G31,10109870DIASG,2025-11-08,110373,1,11,0,85.0
10109870DIASG_2025-11-08_G32,10109870DIASG,2025-11-08,111602,1,6,0,190.0
10109870DIASG_2025-11-08_G33,10109870DIASG,2025-11-08,111172,1,4,0,203.0
10109870DIASG_2025-11-08_G34,10109870DIASG,2025-11-08,117808,1,4,0,143.0
10109870DIASG_2025-11-10_G02,10109870DIASG,2025-11-10,140922,1,4,0,204.0
10109870DIASG_2025-11-10_G03,10109870DIASG,2025-11-10,111418,1,31,0,126.0
10109870DIASG_2025-11-10_G04,10109870DIASG,2025-11-10,111469,2,66,21,315.0
10109870DIASG_2025-11-10_G05,10109870DIASG,2025-11-10,111466,2,18,11,374.0
10109870DIASG_2025-11-10_G06,10109870DIASG,2025-11-10,108711,1,8,0,148.0
10109870DIASG_2025-11-10_G07,10109870DIASG,2025-11-10,117785,1,3,0,1599.0
10109870DIASG_2025-11-10_G08,10109870DIASG,2025-11-10,111462,2,11,8,53.0
10109870DIASG_2025-11-10_G09,10109870DIASG,2025-11-10,141823,1,2,0,143.0
10109870DIASG_2025-11-10_G10,10109870DIASG,2025-11-10,111465,1,2,0,46.0
10109870DIASG_2025-11-10_G11,10109870DIASG,2025-11-10,118222,1,8,0,195.0
10109870DIASG_2025-11-10_G12,10109870DIASG,2025-11-10,111441,2,14,12,209.0
10109870DIASG_2025-11-10_G13,10109870DIASG,2025-11-10,141318,1,4,0,293.0
10109870DIASG_2025-11-10_G14,10109870DIASG,2025-11-10,117831,1,8,0,185.0
10109870DIASG_2025-11-10_G15,10109870DIASG,2025-11-10,118140,2,6,9,111.0
10109870DIASG_2025-11-10_G16,10109870DIASG,2025-11-10,141457,1,4,0,167.0
10109870DIASG_2025-11-10_G17,10109870DIASG,2025-11-10,111418,1,24,0,341.0
10109870DIASG_2025-11-10_G18,10109870DIASG,2025-11-10,111469,1,1,0,154.0
10109870DIASG_2025-11-10_G19,10109870DIASG,2025-11-10,141456,1,4,0,137.0
10109870DIASG_2025-11-10_G20,10109870DIASG,2025-11-10,108711,1,3,0,220.0
10109870DIASG_2025-11-10_G21,10109870DIASG,2025-11-10,117785,2,4,7,1399.0
10109870DIASG_2025-11-10_G22,10109870DIASG,2025-11-10,"141271, 141458",2,12,20,140.0
10109870DIASG_2025-11-10_G23,10109870DIASG,2025-11-10,117862,1,6,0,172.0
10109870DIASG_2025-11-10_G24,10109870DIASG,2025-11-10,111467,1,2,0,72.0
10109870DIASG_2025-11-10_G25,10109870DIASG,2025-11-10,140923,2,14,9,215.0
10109870DIASG_2025-11-10_G26,10109870DIASG,2025-11-10,111602,1,12,0,91.0
10109870DIASG_2025-11-10_G27,10109870DIASG,2025-11-10,110373,1,10,0,132.0
10109870DIASG_2025-11-10_G28,10109870DIASG,2025-11-10,118140,2,6,8,415.0
10109870DIASG_2025-11-10_G29,10109870DIASG,2025-11-10,140922,1,3,0,74.0
10109870DIASG_2025-11-10_G30,10109870DIASG,2025-11-10,111418,1,12,0,185.0
10109870DIASG_2025-11-10_G31,10109870DIASG,2025-11-10,111469,1,8,0,96.0
10109870DIASG_2025-11-10_G32,10109870DIASG,2025-11-10,"108794, 111466",3,17,32,219.0
10109870DIASG_2025-11-10_G33,10109870DIASG,2025-11-10,117785,1,4,0,133.0
10109870DIASG_2025-11-10_G34,10109870DIASG,2025-11-10,111462,1,4,0,83.0
10109870DIASG_2025-11-10_G35,10109870DIASG,2025-11-10,141271,1,4,0,181.0
10109870DIASG_2025-11-10_G36,10109870DIASG,2025-11-10,111465,1,2,0,255.0
10109870DIASG_2025-11-10_G37,10109870DIASG,2025-11-10,118222,1,20,0,55.0
10109870DIASG_2025-11-10_G38,10109870DIASG,2025-11-10,109643,1,2,0,152.0
10109870DIASG_2025-11-10_G39,10109870DIASG,2025-11-10,110374,1,2,0,136.0
10109870DIASG_2025-11-10_G40,10109870DIASG,2025-11-10,117820,1,4,0,194.0
10109870DIASG_2025-11-10_G41,10109870DIASG,2025-11-10,117808,1,7,0,62.0
10109870DIASG_2025-11-10_G42,10109870DIASG,2025-11-10,110372,1,5,0,155.0
10109870DIASG_2025-11-10_G43,10109870DIASG,2025-11-10,118299,1,13,0,135.0
10109870DIASG_2025-11-10_G44,10109870DIASG,2025-11-10,110373,2,18,19,135.0
10109870DIASG_2025-11-10_G46,10109870DIASG,2025-11-10,117821,1,4,0,84.0
10109870DIASG_2025-11-10_G47,10109870DIASG,2025-11-10,117831,1,20,0,263.0
10109870DIASG_2025-11-10_G48,10109870DIASG,2025-11-10,"110740, 118140",2,18,30,187.0
10109870DIASG_2025-11-10_G49,10109870DIASG,2025-11-10,110787,1,8,0,128.0
10109870DIASG_2025-11-10_G50,10109870DIASG,2025-11-10,111418,1,30,0,415.0
10109870DIASG_2025-11-10_G51,10109870DIASG,2025-11-10,111463,1,10,0,454.0
10109870DIASG_2025-11-10_G52,10109870DIASG,2025-11-10,111466,1,10,0,37.0
10109870DIASG_2025-11-10_G53,10109870DIASG,2025-11-10,108711,1,12,0,105.0
10109870DIASG_2025-11-10_G54,10109870DIASG,2025-11-10,111469,1,8,0,191.0
10109870DIASG_2025-11-10_G55,10109870DIASG,2025-11-10,109641,1,10,0,300.0
10109870DIASG_2025-11-10_G56,10109870DIASG,2025-11-10,117785,1,20,0,45.0
10109870DIASG_2025-11-10_G57,10109870DIASG,2025-11-10,111442,1,4,0,222.0
10109870DIASG_2025-11-10_G58,10109870DIASG,2025-11-10,111462,1,8,0,155.0
10109870DIASG_2025-11-10_G59,10109870DIASG,2025-11-10,111743,1,12,0,331.0
10109870DIASG_2025-11-10_G60,10109870DIASG,2025-11-10,111532,1,8,0,108.0
10109870DIASG_2025-11-10_G61,10109870DIASG,2025-11-10,"141823, 111465",2,14,8,120.0
10109870DIASG_2025-11-10_G62,10109870DIASG,2025-11-10,141047,1,8,0,317.0
10109870DIASG_2025-11-10_G63,10109870DIASG,2025-11-10,110313,1,8,0,107.0
10109870DIASG_2025-11-10_G64,10109870DIASG,2025-11-10,111439,1,4,0,251.0
10109870DIASG_2025-11-10_G65,10109870DIASG,2025-11-10,117856,1,8,0,203.0
10109870DIASG_2025-11-10_G66,10109870DIASG,2025-11-10,109647,1,4,0,222.0
10109870DIASG_2025-11-10_G67,10109870DIASG,2025-11-10,111530,1,8,0,187.0
10109870DIASG_2025-11-10_G68,10109870DIASG,2025-11-10,117862,1,12,0,1491.0
10109870DIASG_2025-11-10_G69,10109870DIASG,2025-11-10,110711,1,2,0,159.0
10109870DIASG_2025-11-10_G70,10109870DIASG,2025-11-10,108772,1,2,0,90.0
10109870DIASG_2025-11-10_G71,10109870DIASG,2025-11-10,140923,1,4,0,183.0
10109870DIASG_2025-11-10_G72,10109870DIASG,2025-11-10,111602,1,10,0,175.0
10109870DIASG_2025-11-10_G73,10109870DIASG,2025-11-10,107830,3,8,18,196.0
10109870DIASG_2025-11-10_G74,10109870DIASG,2025-11-10,117830,1,10,0,162.0
10109870DIASG_2025-11-10_G75,10109870DIASG,2025-11-10,111441,1,4,0,1844.0
10109870DIASG_2025-11-10_G76,10109870DIASG,2025-11-10,110742,1,7,0,294.0
10109870DIASG_2025-11-10_G77,10109870DIASG,2025-11-10,141916,1,1,0,78.0
10109870DIASG_2025-11-10_G78,10109870DIASG,2025-11-10,110755,1,12,0,434.0
10109870DIASG_2025-11-11_G02,10109870DIASG,2025-11-11,108711,1,16,0,186.0
10109870DIASG_2025-11-11_G03,10109870DIASG,2025-11-11,117787,1,4,0,64.0
10109870DIASG_2025-11-11_G04,10109870DIASG,2025-11-11,111172,1,4,0,140.0
10109870DIASG_2025-11-11_G05,10109870DIASG,2025-11-11,105705,1,30,0,67.0
10109870DIASG_2025-11-11_G06,10109870DIASG,2025-11-11,117862,1,160,0,1200.0
10109870DIASG_2025-11-11_G07,10109870DIASG,2025-11-11,117856,1,20,0,725.0
10109870DIASG_2025-11-11_G08,10109870DIASG,2025-11-11,111463,1,60,0,141.0
10109870DIASG_2025-11-11_G09,10109870DIASG,2025-11-11,117785,1,180,0,987.0
10109870DIASG_2025-11-11_G10,10109870DIASG,2025-11-11,117832,1,26,0,2250.0
10109870DIASG_2025-11-11_G11,10109870DIASG,2025-11-11,110374,1,80,0,188.0
10109870DIASG_2025-11-11_G12,10109870DIASG,2025-11-11,110374,1,7,0,80.0
10109870DIASG_2025-11-11_G13,10109870DIASG,2025-11-11,110374,1,20,0,36.0
10109870DIASG_2025-11-11_G14,10109870DIASG,2025-11-11,117808,1,280,0,934.0
10109870DIASG_2025-11-11_G15,10109870DIASG,2025-11-11,117809,1,59,0,229.0
10109870DIASG_2025-11-11_G16,10109870DIASG,2025-11-11,117820,1,40,0,543.0
10109870DIASG_2025-11-11_G17,10109870DIASG,2025-11-11,110372,1,100,0,445.0
10109870DIASG_2025-11-11_G18,10109870DIASG,2025-11-11,118299,1,112,0,171.0
10109870DIASG_2025-11-11_G19,10109870DIASG,2025-11-11,117822,1,12,0,349.0
10109870DIASG_2025-11-11_G20,10109870DIASG,2025-11-11,110733,2,25,15,275.0
10109870DIASG_2025-11-11_G21,10109870DIASG,2025-11-11,108795,1,15,0,245.0
10109870DIASG_2025-11-11_G22,10109870DIASG,2025-11-11,111443,1,10,0,253.0
10109870DIASG_2025-11-11_G23,10109870DIASG,2025-11-11,141457,1,25,0,312.0
10109870DIASG_2025-11-11_G24,10109870DIASG,2025-11-11,111431,1,2,0,40.0
10109870DIASG_2025-11-11_G25,10109870DIASG,2025-11-11,111330,1,7,0,79.0
10109870DIASG_2025-11-11_G26,10109870DIASG,2025-11-11,111434,1,2,0,127.0
10109870DIASG_2025-11-11_G27,10109870DIASG,2025-11-11,111468,1,7,0,128.0
10109870DIASG_2025-11-11_G29,10109870DIASG,2025-11-11,109641,1,15,0,309.0
10109870DIASG_2025-11-11_G30,10109870DIASG,2025-11-11,117833,1,24,0,329.0
10109870DIASG_2025-11-11_G31,10109870DIASG,2025-11-11,110332,1,5,0,125.0
10109870DIASG_2025-11-11_G32,10109870DIASG,2025-11-11,117832,2,20,12,2336.0
10109870DIASG_2025-11-11_G33,10109870DIASG,2025-11-11,110374,1,18,0,378.0
10109870DIASG_2025-11-11_G34,10109870DIASG,2025-11-11,110372,1,2,0,206.0
10109870DIASG_2025-11-11_G35,10109870DIASG,2025-11-11,110372,1,148,0,588.0
10109870DIASG_2025-11-11_G36,10109870DIASG,2025-11-11,118299,1,2,0,128.0
10109870DIASG_2025-11-11_G37,10109870DIASG,2025-11-11,118299,1,487,0,624.0
10109870DIASG_2025-11-11_G38,10109870DIASG,2025-11-11,117808,1,14,0,958.0
10109870DIASG_2025-11-11_G39,10109870DIASG,2025-11-11,117820,1,6,0,208.0
10109870DIASG_2025-11-11_G40,10109870DIASG,2025-11-11,117830,1,2,0,61.0
10109870DIASG_2025-11-11_G41,10109870DIASG,2025-11-11,110372,1,3,0,105.0
10109870DIASG_2025-11-11_G42,10109870DIASG,2025-11-11,118299,1,15,0,72.0
10109870DIASG_2025-11-11_G43,10109870DIASG,2025-11-11,110373,1,13,0,691.0
10109870DIASG_2025-11-11_G44,10109870DIASG,2025-11-11,"111418, 111469",2,14,11,207.0
10109870DIASG_2025-11-11_G45,10109870DIASG,2025-11-11,111466,1,4,0,113.0
10109870DIASG_2025-11-11_G46,10109870DIASG,2025-11-11,111441,1,7,0,468.0
10109870DIASG_2025-11-11_G47,10109870DIASG,2025-11-11,110755,1,5,0,451.0
10109870DIASG_2025-11-11_G48,10109870DIASG,2025-11-11,117832,1,4,0,116.0
10109870DIASG_2025-11-11_G49,10109870DIASG,2025-11-11,110374,1,6,0,194.0
10109870DIASG_2025-11-11_G50,10109870DIASG,2025-11-11,118299,1,8,0,106.0
10109870DIASG_2025-11-11_G51,10109870DIASG,2025-11-11,111469,1,2,0,382.0
10109870DIASG_2025-11-11_G52,10109870DIASG,2025-11-11,141457,1,8,0,516.0
10109870DIASG_2025-11-11_G53,10109870DIASG,2025-11-11,117808,1,35,0,271.0
10109870DIASG_2025-11-11_G54,10109870DIASG,2025-11-11,117830,1,2,0,179.0
10109870DIASG_2025-11-11_G55,10109870DIASG,2025-11-11,110372,1,4,0,229.0
10109870DIASG_2025-11-11_G56,10109870DIASG,2025-11-11,118299,1,12,0,82.0
10109870DIASG_2025-11-11_G57,10109870DIASG,2025-11-11,110373,1,11,0,130.0
10109870DIASG_2025-11-12_G02,10109870DIASG,2025-11-12,110751,1,4,0,196.0
10109870DIASG_2025-11-12_G03,10109870DIASG,2025-11-12,108795,1,4,0,100.0
10109870DIASG_2025-11-12_G04,10109870DIASG,2025-11-12,140922,1,5,0,91.0
10109870DIASG_2025-11-12_G05,10109870DIASG,2025-11-12,108798,1,4,0,99.0
10109870DIASG_2025-11-12_G06,10109870DIASG,2025-11-12,117833,1,6,0,286.0
10109870DIASG_2025-11-12_G07,10109870DIASG,2025-11-12,141457,1,10,0,106.0
10109870DIASG_2025-11-12_G08,10109870DIASG,2025-11-12,141271,1,4,0,108.0
10109870DIASG_2025-11-12_G09,10109870DIASG,2025-11-12,141456,1,52,0,448.0
10109870DIASG_2025-11-12_G10,10109870DIASG,2025-11-12,117820,1,108,0,198.0
10109870DIASG_2025-11-12_G11,10109870DIASG,2025-11-12,117830,1,30,0,223.0
10109870DIASG_2025-11-12_G12,10109870DIASG,2025-11-12,110373,1,43,0,1712.0
10109870DIASG_2025-11-12_G13,10109870DIASG,2025-11-12,141202,1,3,0,92.0
10109870DIASG_2025-11-12_G14,10109870DIASG,2025-11-12,110374,1,2,0,332.0
10109870DIASG_2025-11-12_G15,10109870DIASG,2025-11-12,117820,1,6,0,77.0
10109870DIASG_2025-11-12_G16,10109870DIASG,2025-11-12,117830,1,12,0,159.0
10109870DIASG_2025-11-12_G17,10109870DIASG,2025-11-12,117808,1,14,0,330.0
10109870DIASG_2025-11-12_G18,10109870DIASG,2025-11-12,110372,1,20,0,44.0
10109870DIASG_2025-11-12_G19,10109870DIASG,2025-11-12,118299,1,5,0,134.0
10109870DIASG_2025-11-12_G20,10109870DIASG,2025-11-12,110373,1,3,0,137.0
10109870DIASG_2025-11-12_G21,10109870DIASG,2025-11-12,111441,1,2,0,181.0
10109870DIASG_2025-11-12_G22,10109870DIASG,2025-11-12,111441,1,2,0,32.0
10109870DIASG_2025-11-12_G23,10109870DIASG,2025-11-12,110313,2,25,30,2229.0
10109870DIASG_2025-11-12_G24,10109870DIASG,2025-11-12,111879,1,4,0,438.0
10109870DIASG_2025-11-12_G25,10109870DIASG,2025-11-12,117861,1,8,0,149.0
10109870DIASG_2025-11-12_G26,10109870DIASG,2025-11-12,117861,1,8,0,35.0
10109870DIASG_2025-11-12_G27,10109870DIASG,2025-11-12,117856,1,12,0,417.0
10109870DIASG_2025-11-12_G28,10109870DIASG,2025-11-12,141047,1,1,0,493.0
10109870DIASG_2025-11-12_G29,10109870DIASG,2025-11-12,117862,1,11,0,143.0
10109870DIASG_2025-11-12_G30,10109870DIASG,2025-11-12,140923,1,66,0,263.0
10109870DIASG_2025-11-12_G31,10109870DIASG,2025-11-12,117831,1,19,0,632.0
10109870DIASG_2025-11-12_G32,10109870DIASG,2025-11-12,110740,1,5,0,146.0
10109870DIASG_2025-11-12_G33,10109870DIASG,2025-11-12,141456,1,22,0,650.0
10109870DIASG_2025-11-12_G34,10109870DIASG,2025-11-12,111463,2,20,8,199.0
10109870DIASG_2025-11-12_G35,10109870DIASG,2025-11-12,108711,1,1,0,258.0
10109870DIASG_2025-11-12_G36,10109870DIASG,2025-11-12,141457,1,52,0,679.0
10109870DIASG_2025-11-12_G37,10109870DIASG,2025-11-12,141271,1,8,0,536.0
10109870DIASG_2025-11-12_G38,10109870DIASG,2025-11-12,111462,1,10,0,152.0
10109870DIASG_2025-11-12_G39,10109870DIASG,2025-11-12,117853,1,10,0,1265.0
10109870DIASG_2025-11-12_G40,10109870DIASG,2025-11-12,117856,1,8,0,125.0
10109870DIASG_2025-11-12_G41,10109870DIASG,2025-11-12,118352,1,1,0,230.0
10109870DIASG_2025-11-12_G42,10109870DIASG,2025-11-12,111441,1,6,0,151.0
10109870DIASG_2025-11-12_G44,10109870DIASG,2025-11-12,160054,1,4,0,154.0
10109870DIASG_2025-11-12_G45,10109870DIASG,2025-11-12,110374,1,10,0,112.0
10109870DIASG_2025-11-12_G46,10109870DIASG,2025-11-12,117809,2,19,8,90.0
10109870DIASG_2025-11-12_G47,10109870DIASG,2025-11-12,117820,1,20,0,166.0
10109870DIASG_2025-11-12_G48,10109870DIASG,2025-11-12,117820,2,38,30,35.0
10109870DIASG_2025-11-12_G49,10109870DIASG,2025-11-12,118299,1,3,0,478.0
10109870DIASG_2025-11-12_G50,10109870DIASG,2025-11-12,118299,1,30,0,37.0
10109870DIASG_2025-11-12_G51,10109870DIASG,2025-11-12,117830,1,13,0,161.0
10109870DIASG_2025-11-12_G52,10109870DIASG,2025-11-12,117808,3,93,36,301.0
10109870DIASG_2025-11-12_G53,10109870DIASG,2025-11-12,117832,1,2,0,812.0
10109870DIASG_2025-11-12_G54,10109870DIASG,2025-11-12,141202,1,10,0,977.0
10109870DIASG_2025-11-13_G02,10109870DIASG,2025-11-13,118417,1,2,0,98.0
10109870DIASG_2025-11-13_G03,10109870DIASG,2025-11-13,110374,1,31,0,291.0
10109870DIASG_2025-11-13_G04,10109870DIASG,2025-11-13,118317,1,1,0,177.0
10109870DIASG_2025-11-13_G05,10109870DIASG,2025-11-13,118317,1,4,0,135.0
10109870DIASG_2025-11-13_G06,10109870DIASG,2025-11-13,141202,1,4,0,236.0
10109870DIASG_2025-11-13_G07,10109870DIASG,2025-11-13,118417,1,2,0,366.0
10109870DIASG_2025-11-13_G08,10109870DIASG,2025-11-13,118418,1,2,0,94.0
10109870DIASG_2025-11-13_G09,10109870DIASG,2025-11-13,111430,1,4,0,196.0
10109870DIASG_2025-11-13_G10,10109870DIASG,2025-11-13,111442,1,12,0,291.0
10109870DIASG_2025-11-13_G11,10109870DIASG,2025-11-13,111330,1,4,0,282.0
10109870DIASG_2025-11-13_G12,10109870DIASG,2025-11-13,118140,1,12,0,140.0
10109870DIASG_2025-11-13_G13,10109870DIASG,2025-11-13,111465,1,11,0,162.0
10109870DIASG_2025-11-13_G14,10109870DIASG,2025-11-13,110748,1,5,0,1132.0
10109870DIASG_2025-11-13_G15,10109870DIASG,2025-11-13,109645,1,16,0,132.0
10109870DIASG_2025-11-13_G16,10109870DIASG,2025-11-13,110751,1,6,0,243.0
10109870DIASG_2025-11-13_G17,10109870DIASG,2025-11-13,140922,1,8,0,118.0
10109870DIASG_2025-11-13_G18,10109870DIASG,2025-11-13,118140,1,16,0,257.0
10109870DIASG_2025-11-13_G19,10109870DIASG,2025-11-13,141456,1,30,0,570.0
10109870DIASG_2025-11-13_G20,10109870DIASG,2025-11-13,117841,1,16,0,181.0
10109870DIASG_2025-11-13_G21,10109870DIASG,2025-11-13,111462,1,18,0,156.0
10109870DIASG_2025-11-13_G22,10109870DIASG,2025-11-13,111441,1,3,0,307.0
10109870DIASG_2025-11-13_G23,10109870DIASG,2025-11-13,111569,1,5,0,133.0
10109870DIASG_2025-11-13_G24,10109870DIASG,2025-11-13,118306,1,5,0,272.0
10109870DIASG_2025-11-13_G25,10109870DIASG,2025-11-13,108759,1,4,0,189.0
10109870DIASG_2025-11-13_G26,10109870DIASG,2025-11-13,117836,1,6,0,233.0
10109870DIASG_2025-11-13_G27,10109870DIASG,2025-11-13,110755,1,1,0,40.0
10109870DIASG_2025-11-13_G28,10109870DIASG,2025-11-13,110895,1,10,0,149.0
10109870DIASG_2025-11-13_G29,10109870DIASG,2025-11-13,111660,1,8,0,271.0
10109870DIASG_2025-11-13_G30,10109870DIASG,2025-11-13,118222,1,16,0,349.0
10109870DIASG_2025-11-13_G31,10109870DIASG,2025-11-13,110741,1,4,0,795.0
10109870DIASG_2025-11-13_G32,10109870DIASG,2025-11-13,109647,1,8,0,185.0
10109870DIASG_2025-11-13_G33,10109870DIASG,2025-11-13,110733,1,4,0,121.0
10109870DIASG_2025-11-13_G34,10109870DIASG,2025-11-13,140923,1,80,0,279.0
10109870DIASG_2025-11-13_G35,10109870DIASG,2025-11-13,111467,1,4,0,412.0
10109870DIASG_2025-11-13_G36,10109870DIASG,2025-11-13,141262,1,9,0,1681.0
10109870DIASG_2025-11-13_G38,10109870DIASG,2025-11-13,140911,1,8,0,218.0
10109870DIASG_2025-11-13_G39,10109870DIASG,2025-11-13,141047,1,4,0,173.0
10109870DIASG_2025-11-13_G40,10109870DIASG,2025-11-13,111569,1,8,0,623.0
10109870DIASG_2025-11-13_G41,10109870DIASG,2025-11-13,110895,1,10,0,148.0
10109870DIASG_2025-11-13_G42,10109870DIASG,2025-11-13,110787,1,2,0,70.0
10109870DIASG_2025-11-13_G43,10109870DIASG,2025-11-13,111431,1,2,0,61.0
10109870DIASG_2025-11-13_G44,10109870DIASG,2025-11-13,141456,1,18,0,142.0
10109870DIASG_2025-11-13_G45,10109870DIASG,2025-11-13,108711,1,3,0,59.0
10109870DIASG_2025-11-13_G46,10109870DIASG,2025-11-13,111462,1,9,0,136.0
10109870DIASG_2025-11-13_G47,10109870DIASG,2025-11-13,109641,1,2,0,230.0
10109870DIASG_2025-11-13_G48,10109870DIASG,2025-11-13,110374,2,16,10,1752.0
10109870DIASG_2025-11-13_G49,10109870DIASG,2025-11-13,110374,1,9,0,51.0
10109870DIASG_2025-11-13_G50,10109870DIASG,2025-11-13,117830,1,8,0,202.0
10109870DIASG_2025-11-13_G51,10109870DIASG,2025-11-13,117808,1,40,0,526.0
10109870DIASG_2025-11-13_G52,10109870DIASG,2025-11-13,110372,1,34,0,506.0
10109870DIASG_2025-11-13_G53,10109870DIASG,2025-11-13,117832,1,4,0,255.0
10109870DIASG_2025-11-13_G54,10109870DIASG,2025-11-13,110373,1,18,0,58.0
10109870DIASG_2025-11-13_G55,10109870DIASG,2025-11-13,110787,1,16,0,1228.0
10109870DIASG_2025-11-13_G56,10109870DIASG,2025-11-13,141456,1,10,0,209.0
10109870DIASG_2025-11-13_G57,10109870DIASG,2025-11-13,111463,1,2,0,172.0
10109870DIASG_2025-11-13_G58,10109870DIASG,2025-11-13,109641,1,2,0,94.0
10109870DIASG_2025-11-13_G59,10109870DIASG,2025-11-13,117785,1,10,0,60.0
10109870DIASG_2025-11-13_G60,10109870DIASG,2025-11-13,110313,1,2,0,379.0
10109870DIASG_2025-11-13_G61,10109870DIASG,2025-11-13,118094,1,2,0,148.0
10109870DIASG_2025-11-13_G62,10109870DIASG,2025-11-13,111876,1,4,0,65.0
10109870DIASG_2025-11-13_G63,10109870DIASG,2025-11-13,141047,1,2,0,119.0
10109870DIASG_2025-11-13_G64,10109870DIASG,2025-11-13,117786,1,4,0,48.0
10109870DIASG_2025-11-13_G65,10109870DIASG,2025-11-13,140923,1,16,0,283.0
10109870DIASG_2025-11-13_G66,10109870DIASG,2025-11-13,110895,1,2,0,149.0
10109870DIASG_2025-11-13_G67,10109870DIASG,2025-11-13,117820,1,100,0,836.0
10109870DIASG_2025-11-13_G68,10109870DIASG,2025-11-13,117856,1,140,0,694.0
10109870DIASG_2025-11-13_G69,10109870DIASG,2025-11-13,117862,1,100,0,418.0
10109870DIASG_2025-11-13_G70,10109870DIASG,2025-11-13,103149,1,1,0,287.0
10109870DIASG_2025-11-13_G71,10109870DIASG,2025-11-13,110339,1,31,0,80.0
10109870DIASG_2025-11-13_G72,10109870DIASG,2025-11-13,110339,1,79,0,46.0
10109870DIASG_2025-11-13_G73,10109870DIASG,2025-11-13,117821,1,100,0,523.0
10109870DIASG_2025-11-14_G02,10109870DIASG,2025-11-14,118299,1,100,0,139.0
10109870DIASG_2025-11-14_G03,10109870DIASG,2025-11-14,118299,2,549,26,811.0
10109870DIASG_2025-11-14_G04,10109870DIASG,2025-11-14,111172,2,20,8,255.0
10109870DIASG_2025-11-14_G05,10109870DIASG,2025-11-14,118317,1,80,0,284.0
10109870DIASG_2025-11-14_G06,10109870DIASG,2025-11-14,141457,1,200,0,615.0
10109870DIASG_2025-11-14_G08,10109870DIASG,2025-11-14,117861,1,4,0,234.0
10109870DIASG_2025-11-14_G09,10109870DIASG,2025-11-14,117856,1,2,0,59.0
10109870DIASG_2025-11-14_G10,10109870DIASG,2025-11-14,111467,1,1,0,73.0
10109870DIASG_2025-11-14_G11,10109870DIASG,2025-11-14,111602,1,3,0,88.0
10109870DIASG_2025-11-14_G12,10109870DIASG,2025-11-14,118094,1,4,0,67.0
10109870DIASG_2025-11-14_G13,10109870DIASG,2025-11-14,111463,1,2,0,164.0
10109870DIASG_2025-11-14_G14,10109870DIASG,2025-11-14,111442,1,4,0,129.0
10109870DIASG_2025-11-14_G15,10109870DIASG,2025-11-14,110787,1,2,0,368.0
10109870DIASG_2025-11-14_G16,10109870DIASG,2025-11-14,117842,1,6,0,92.0
10109870DIASG_2025-11-14_G17,10109870DIASG,2025-11-14,111465,1,6,0,89.0
10109870DIASG_2025-11-14_G18,10109870DIASG,2025-11-14,109640,1,6,0,153.0
10109870DIASG_2025-11-14_G19,10109870DIASG,2025-11-14,110752,1,4,0,53.0
10109870DIASG_2025-11-15_G02,10109870DIASG,2025-11-15,111743,1,16,0,210.0
10109870DIASG_2025-11-15_G03,10109870DIASG,2025-11-15,117785,1,9,0,182.0
10109870DIASG_2025-11-15_G04,10109870DIASG,2025-11-15,117785,1,40,0,105.0
10109870DIASG_2025-11-15_G06,10109870DIASG,2025-11-15,111418,1,80,0,1513.0
10109870DIASG_2025-11-17_G02,10109870DIASG,2025-11-17,110733,1,9,0,155.0
10109870DIASG_2025-11-17_G03,10109870DIASG,2025-11-17,110755,1,53,0,384.0
10109870DIASG_2025-11-17_G04,10109870DIASG,2025-11-17,110747,1,40,0,423.0
10109870DIASG_2025-11-17_G05,10109870DIASG,2025-11-17,109648,1,40,0,293.0
10109870DIASG_2025-11-17_G06,10109870DIASG,2025-11-17,141916,1,4,0,852.0
10109870DIASG_2025-11-17_G07,10109870DIASG,2025-11-17,110313,1,6,0,129.0
10109870DIASG_2025-11-17_G08,10109870DIASG,2025-11-17,109640,1,4,0,121.0
10109870DIASG_2025-11-17_G09,10109870DIASG,2025-11-17,117830,1,6,0,283.0
10109870DIASG_2025-11-17_G10,10109870DIASG,2025-11-17,110372,1,7,0,92.0
10109870DIASG_2025-11-17_G11,10109870DIASG,2025-11-17,110373,1,51,0,304.0
10109870DIASG_2025-11-17_G12,10109870DIASG,2025-11-17,110372,1,50,0,181.0
10109870DIASG_2025-11-17_G13,10109870DIASG,2025-11-17,110372,1,37,0,51.0
10109870DIASG_2025-11-17_G14,10109870DIASG,2025-11-17,141456,1,6,0,1827.0
10109870DIASG_2025-11-17_G15,10109870DIASG,2025-11-17,118140,1,22,0,519.0
10109870DIASG_2025-11-17_G16,10109870DIASG,2025-11-17,111532,1,2,0,258.0
10109870DIASG_2025-11-17_G17,10109870DIASG,2025-11-17,141823,1,8,0,154.0
10109870DIASG_2025-11-17_G18,10109870DIASG,2025-11-17,141047,1,4,0,190.0
10109870DIASG_2025-11-17_G19,10109870DIASG,2025-11-17,109640,1,4,0,147.0
10109870DIASG_2025-11-17_G20,10109870DIASG,2025-11-17,111441,1,4,0,144.0
10109870DIASG_2025-11-17_G21,10109870DIASG,2025-11-17,115821,1,4,0,235.0
10109870DIASG_2025-11-18_G02,10109870DIASG,2025-11-18,110740,1,107,0,971.0
10109870DIASG_2025-11-18_G03,10109870DIASG,2025-11-18,109641,1,7,0,398.0
10109870DIASG_2025-11-18_G04,10109870DIASG,2025-11-18,117785,1,620,0,2769.0
10109870DIASG_2025-11-18_G05,10109870DIASG,2025-11-18,111441,1,40,0,1803.0
10109870DIASG_2025-11-18_G06,10109870DIASG,2025-11-18,111441,2,16,13,191.0
10109870DIASG_2025-11-18_G07,10109870DIASG,2025-11-18,110745,1,2,0,473.0
10109870DIASG_2025-11-18_G08,10109870DIASG,2025-11-18,110745,1,10,0,50.0
10109870DIASG_2025-11-18_G09,10109870DIASG,2025-11-18,110373,1,4,0,695.0
10109870DIASG_2025-11-18_G10,10109870DIASG,2025-11-18,110372,1,4,0,150.0
10109870DIASG_2025-11-18_G11,10109870DIASG,2025-11-18,117820,1,4,0,140.0
10109870DIASG_2025-11-19_G02,10109870DIASG,2025-11-19,111743,1,16,0,86.0
10109870DIASG_2025-11-19_G03,10109870DIASG,2025-11-19,140922,1,11,0,193.0
10109870DIASG_2025-11-19_G04,10109870DIASG,2025-11-19,108798,1,6,0,198.0
10109870DIASG_2025-11-19_G05,10109870DIASG,2025-11-19,111418,1,30,0,98.0
10109870DIASG_2025-11-19_G06,10109870DIASG,2025-11-19,117831,1,14,0,530.0
10109870DIASG_2025-11-19_G07,10109870DIASG,2025-11-19,109641,1,8,0,293.0
10109870DIASG_2025-11-19_G08,10109870DIASG,2025-11-19,141823,1,6,0,109.0
10109870DIASG_2025-11-19_G09,10109870DIASG,2025-11-19,117788,1,4,0,124.0
10109870DIASG_2025-11-19_G10,10109870DIASG,2025-11-19,111876,1,4,0,109.0
10109870DIASG_2025-11-19_G11,10109870DIASG,2025-11-19,140957,1,40,0,332.0
10109870DIASG_2025-11-19_G12,10109870DIASG,2025-11-19,117965,1,4,0,553.0
10109870DIASG_2025-11-19_G13,10109870DIASG,2025-11-19,141047,1,6,0,131.0
10109870DIASG_2025-11-19_G14,10109870DIASG,2025-11-19,117786,1,3,0,53.0
10109870DIASG_2025-11-19_G15,10109870DIASG,2025-11-19,117935,1,14,0,70.0
10109870DIASG_2025-11-19_G16,10109870DIASG,2025-11-19,140923,2,150,29,138.0
10109870DIASG_2025-11-19_G17,10109870DIASG,2025-11-19,109640,1,13,0,305.0
10109870DIASG_2025-11-19_G18,10109870DIASG,2025-11-19,111437,1,4,0,2578.0
10109870DIASG_2025-11-19_G19,10109870DIASG,2025-11-19,108772,1,12,0,197.0
10109870DIASG_2025-11-19_G20,10109870DIASG,2025-11-19,117820,1,303,0,452.0
10109870DIASG_2025-11-19_G21,10109870DIASG,2025-11-19,111463,1,137,0,438.0
10109870DIASG_2025-11-19_G23,10109870DIASG,2025-11-19,140923,1,1,0,147.0
10109870DIASG_2025-11-19_G24,10109870DIASG,2025-11-19,110623,1,4,0,169.0
10109870DIASG_2025-11-19_G25,10109870DIASG,2025-11-19,141457,1,4,0,118.0
10109870DIASG_2025-11-19_G26,10109870DIASG,2025-11-19,141458,1,4,0,90.0
10109870DIASG_2025-11-21_G02,10109870DIASG,2025-11-21,108798,1,17,0,118.0
10109870DIASG_2025-11-21_G03,10109870DIASG,2025-11-21,118317,1,12,0,195.0
10109870DIASG_2025-11-21_G04,10109870DIASG,2025-11-21,117820,1,50,0,842.0
10109870DIASG_2025-11-21_G05,10109870DIASG,2025-11-21,117830,1,25,0,500.0
10109870DIASG_2025-11-21_G06,10109870DIASG,2025-11-21,117832,1,20,0,227.0
10109870DIASG_2025-11-21_G07,10109870DIASG,2025-11-21,110373,1,50,0,396.0
10109870DIASG_2025-11-21_G08,10109870DIASG,2025-11-21,110745,1,5,0,513.0
10109870DIASG_2025-11-21_G09,10109870DIASG,2025-11-21,140922,1,20,0,250.0
10109870DIASG_2025-11-21_G10,10109870DIASG,2025-11-21,111469,1,30,0,1462.0
10109870DIASG_2025-11-21_G11,10109870DIASG,2025-11-21,110743,1,2,0,58.0
10109870DIASG_2025-11-21_G12,10109870DIASG,2025-11-21,111463,1,30,0,272.0
10109870DIASG_2025-11-21_G13,10109870DIASG,2025-11-21,117831,1,17,0,349.0
10109870DIASG_2025-11-21_G14,10109870DIASG,2025-11-21,110339,1,4,0,266.0
10109870DIASG_2025-11-21_G15,10109870DIASG,2025-11-21,107629,1,2,0,99.0
10109870DIASG_2025-11-21_G16,10109870DIASG,2025-11-21,140923,1,10,0,114.0
10109870DIASG_2025-11-21_G17,10109870DIASG,2025-11-21,110752,1,2,0,240.0
10109870DIASG_2025-11-21_G18,10109870DIASG,2025-11-21,109647,1,2,0,56.0
10109870DIASG_2025-11-21_G19,10109870DIASG,2025-11-21,117835,1,2,0,155.0
10109870DIASG_2025-11-21_G20,10109870DIASG,2025-11-21,108759,1,2,0,97.0
10109870DIASG_2025-11-21_G21,10109870DIASG,2025-11-21,110747,1,2,0,110.0
10109870DIASG_2025-11-21_G22,10109870DIASG,2025-11-21,141456,1,20,0,387.0
10109870DIASG_2025-11-21_G23,10109870DIASG,2025-11-21,117830,1,100,0,1323.0
10109870DIASG_2025-11-21_G24,10109870DIASG,2025-11-21,110372,1,100,0,407.0
10109870DIASG_2025-11-21_G25,10109870DIASG,2025-11-21,117822,1,15,0,378.0
10109870DIASG_2025-11-21_G26,10109870DIASG,2025-11-21,109643,1,32,0,123.0
10109870DIASG_2025-11-21_G27,10109870DIASG,2025-11-21,110373,1,200,0,258.0
10109870DIASG_2025-11-21_G28,10109870DIASG,2025-11-21,141457,1,40,0,507.0
10109870DIASG_2025-11-21_G29,10109870DIASG,2025-11-21,111442,1,23,0,446.0
10109870DIASG_2025-11-21_G31,10109870DIASG,2025-11-21,110787,1,7,0,135.0
10109870DIASG_2025-11-21_G32,10109870DIASG,2025-11-21,111463,1,2,0,196.0
10109870DIASG_2025-11-21_G33,10109870DIASG,2025-11-21,118140,1,3,0,239.0
10109870DIASG_2025-11-21_G34,10109870DIASG,2025-11-21,117830,1,3,0,123.0
10109870DIASG_2025-11-21_G35,10109870DIASG,2025-11-21,111430,1,4,0,123.0
10109870DIASG_2025-11-21_G36,10109870DIASG,2025-11-21,117855,1,2,0,307.0
10109870DIASG_2025-11-21_G37,10109870DIASG,2025-11-21,110371,1,2,0,128.0
10109870DIASG_2025-11-21_G38,10109870DIASG,2025-11-21,117855,1,5,0,208.0
10109870DIASG_2025-11-21_G39,10109870DIASG,2025-11-21,117855,1,13,0,241.0
10109870DIASG_2025-11-21_G40,10109870DIASG,2025-11-21,117820,1,5,0,236.0
10109870DIASG_2025-11-21_G41,10109870DIASG,2025-11-21,117830,1,10,0,129.0
10109870DIASG_2025-11-21_G42,10109870DIASG,2025-11-21,117832,1,2,0,106.0
10109870DIASG_2025-11-21_G43,10109870DIASG,2025-11-21,110740,1,4,0,123.0
10109870DIASG_2025-11-21_G44,10109870DIASG,2025-11-21,118140,1,4,0,191.0
10109870DIASG_2025-11-21_G45,10109870DIASG,2025-11-21,117856,1,6,0,1980.0
10109870DIASG_2025-11-22_G02,10109870DIASG,2025-11-22,117820,1,32,0,37.0
10109870DIASG_2025-11-22_G03,10109870DIASG,2025-11-22,110373,1,22,0,284.0
10109870DIASG_2025-11-22_G04,10109870DIASG,2025-11-22,110372,1,60,0,190.0
10109870DIASG_2025-11-22_G05,10109870DIASG,2025-11-22,110375,1,8,0,385.0
10109870DIASG_2025-11-22_G06,10109870DIASG,2025-11-22,117832,1,12,0,68.0
10109870DIASG_2025-11-22_G07,10109870DIASG,2025-11-22,109643,1,24,0,336.0
10109870DIASG_2025-11-22_G08,10109870DIASG,2025-11-22,118140,1,2,0,2081.0
10109870DIASG_2025-11-22_G09,10109870DIASG,2025-11-22,111743,1,4,0,238.0
10109870DIASG_2025-11-22_G10,10109870DIASG,2025-11-22,117838,1,2,0,70.0
10109870DIASG_2025-11-22_G11,10109870DIASG,2025-11-22,111348,1,2,0,77.0
10109870DIASG_2025-11-22_G12,10109870DIASG,2025-11-22,110787,1,1,0,59.0
10109870DIASG_2025-11-22_G13,10109870DIASG,2025-11-22,111418,1,6,0,88.0
10109870DIASG_2025-11-22_G14,10109870DIASG,2025-11-22,108711,1,2,0,110.0
10109870DIASG_2025-11-22_G15,10109870DIASG,2025-11-22,141456,1,2,0,73.0
10109870DIASG_2025-11-22_G16,10109870DIASG,2025-11-22,117820,1,2,0,120.0
10109870DIASG_2025-11-22_G17,10109870DIASG,2025-11-22,117830,1,2,0,43.0
10109870DIASG_2025-11-22_G18,10109870DIASG,2025-11-22,118299,1,16,0,349.0
10109870DIASG_2025-11-22_G19,10109870DIASG,2025-11-22,117832,1,4,0,41.0
10109870DIASG_2025-11-22_G20,10109870DIASG,2025-11-22,140923,1,2,0,128.0
10109870DIASG_2025-11-22_G21,10109870DIASG,2025-11-22,117862,1,4,0,104.0
10109870DIASG_2025-11-22_G22,10109870DIASG,2025-11-22,118222,1,1,0,82.0
10109870DIASG_2025-11-22_G23,10109870DIASG,2025-11-22,110313,1,4,0,255.0
10109870DIASG_2025-11-22_G24,10109870DIASG,2025-11-22,117855,1,7,0,198.0
10109870DIASG_2025-11-22_G25,10109870DIASG,2025-11-22,117862,1,4,0,47.0
10109870DIASG_2025-11-22_G26,10109870DIASG,2025-11-22,110371,1,4,0,142.0
10109870DIASG_2025-11-22_G27,10109870DIASG,2025-11-22,118299,1,22,0,363.0
10109870DIASG_2025-11-22_G28,10109870DIASG,2025-11-22,117808,1,1,0,287.0
10109870DIASG_2025-11-22_G29,10109870DIASG,2025-11-22,111418,1,1,0,90.0
10109870DIASG_2025-11-22_G30,10109870DIASG,2025-11-22,110740,1,16,0,468.0
10109870DIASG_2025-11-22_G31,10109870DIASG,2025-11-22,111418,1,30,0,303.0
10109870DIASG_2025-11-22_G32,10109870DIASG,2025-11-22,111418,1,24,0,35.0
10109870DIASG_2025-11-22_G33,10109870DIASG,2025-11-22,110895,1,6,0,669.0
10109870DIASG_2025-11-22_G34,10109870DIASG,2025-11-22,117856,1,12,0,221.0
10109870DIASG_2025-11-22_G35,10109870DIASG,2025-11-22,117862,1,10,0,147.0
10109870DIASG_2025-11-22_G36,10109870DIASG,2025-11-22,117785,1,16,0,349.0
10109870DIASG_2025-11-22_G37,10109870DIASG,2025-11-22,111466,1,23,0,238.0
10109870DIASG_2025-11-22_G38,10109870DIASG,2025-11-22,111466,1,37,0,161.0
10109870DIASG_2025-11-22_G39,10109870DIASG,2025-11-22,111466,1,20,0,48.0
10109870DIASG_2025-11-25_G02,10109870DIASG,2025-11-25,111530,1,2,0,102.0
10109870DIASG_2025-11-25_G03,10109870DIASG,2025-11-25,107236,1,8,0,305.0
10109870DIASG_2025-11-25_G04,10109870DIASG,2025-11-25,111172,1,5,0,114.0
10109870DIASG_2025-11-25_G05,10109870DIASG,2025-11-25,141271,1,4,0,147.0
10109870DIASG_2025-11-25_G06,10109870DIASG,2025-11-25,140957,1,4,0,194.0
10109870DIASG_2025-11-25_G07,10109870DIASG,2025-11-25,111530,1,14,0,151.0
10109870DIASG_2025-11-25_G08,10109870DIASG,2025-11-25,108772,1,4,0,99.0
10109870DIASG_2025-11-25_G09,10109870DIASG,2025-11-25,141916,1,4,0,85.0
10109870DIASG_2025-11-25_G10,10109870DIASG,2025-11-25,105705,1,1,0,444.0
10109870DIASG_2025-11-25_G11,10109870DIASG,2025-11-25,141271,1,4,0,113.0
10109870DIASG_2025-11-25_G12,10109870DIASG,2025-11-25,111463,1,4,0,71.0
10109870DIASG_2025-11-25_G13,10109870DIASG,2025-11-25,117787,1,2,0,103.0
10109870DIASG_2025-11-25_G14,10109870DIASG,2025-11-25,141457,1,9,0,191.0
10109870DIASG_2025-11-25_G15,10109870DIASG,2025-11-25,111444,1,2,0,95.0
10109870DIASG_2025-11-25_G16,10109870DIASG,2025-11-25,141458,1,2,0,78.0
10109870DIASG_2025-11-25_G17,10109870DIASG,2025-11-25,141456,1,3,0,70.0
10109870DIASG_2025-11-25_G18,10109870DIASG,2025-11-25,141823,1,1,0,41.0
10109870DIASG_2025-11-25_G19,10109870DIASG,2025-11-25,111530,1,6,0,203.0
10109870DIASG_2025-11-25_G20,10109870DIASG,2025-11-25,110339,1,2,0,66.0
10109870DIASG_2025-11-25_G21,10109870DIASG,2025-11-25,111353,1,2,0,201.0
10109870DIASG_2025-11-25_G22,10109870DIASG,2025-11-25,117855,1,4,0,614.0
10109870DIASG_2025-11-25_G23,10109870DIASG,2025-11-25,141066,1,4,0,110.0
10109870DIASG_2025-11-25_G24,10109870DIASG,2025-11-25,117820,1,4,0,122.0
10109870DIASG_2025-11-25_G25,10109870DIASG,2025-11-25,109643,1,2,0,366.0
10109870DIASG_2025-11-25_G26,10109870DIASG,2025-11-25,111569,1,2,0,610.0
10109870DIASG_2025-11-25_G27,10109870DIASG,2025-11-25,111530,1,2,0,208.0
10109870DIASG_2025-11-25_G28,10109870DIASG,2025-11-25,111602,1,7,0,229.0
10109870DIASG_2025-11-25_G29,10109870DIASG,2025-11-25,111530,1,6,0,82.0
10109870DIASG_2025-11-25_G30,10109870DIASG,2025-11-25,111182,1,4,0,196.0
10109870DIASG_2025-11-25_G31,10109870DIASG,2025-11-25,111602,1,12,0,147.0
10109870DIASG_2025-11-25_G32,10109870DIASG,2025-11-25,111743,1,2,0,1429.0
10109870DIASG_2025-11-25_G33,10109870DIASG,2025-11-25,110740,1,10,0,120.0
10109870DIASG_2025-11-25_G34,10109870DIASG,2025-11-25,110787,1,6,0,113.0
10109870DIASG_2025-11-25_G35,10109870DIASG,2025-11-25,111463,1,4,0,79.0
10109870DIASG_2025-11-25_G36,10109870DIASG,2025-11-25,111418,1,14,0,246.0
10109870DIASG_2025-11-25_G37,10109870DIASG,2025-11-25,117785,1,8,0,105.0
10109870DIASG_2025-11-25_G38,10109870DIASG,2025-11-25,117785,1,12,0,471.0
10109870DIASG_2025-11-25_G39,10109870DIASG,2025-11-25,117808,1,30,0,214.0
10109870DIASG_2025-11-25_G40,10109870DIASG,2025-11-25,110372,1,40,0,64.0
10109870DIASG_2025-11-25_G41,10109870DIASG,2025-11-25,118299,1,40,0,684.0
10109870DIASG_2025-11-25_G42,10109870DIASG,2025-11-25,110371,1,20,0,291.0
10109870DIASG_2025-11-25_G43,10109870DIASG,2025-11-25,111418,1,14,0,555.0
10109870DIASG_2025-11-25_G44,10109870DIASG,2025-11-25,111466,1,4,0,211.0
10109870DIASG_2025-11-25_G45,10109870DIASG,2025-11-25,117935,1,3,0,178.0
10109870DIASG_2025-11-25_G46,10109870DIASG,2025-11-25,117855,2,10,8,133.0
10109870DIASG_2025-11-25_G47,10109870DIASG,2025-11-25,109640,1,2,0,147.0
10109870DIASG_2025-11-25_G48,10109870DIASG,2025-11-25,110372,1,12,0,102.0
10109870DIASG_2025-11-25_G49,10109870DIASG,2025-11-25,110371,1,18,0,657.0
10109870DIASG_2025-11-25_G51,10109870DIASG,2025-11-25,117808,1,6,0,225.0
10109870DIASG_2025-11-25_G52,10109870DIASG,2025-11-25,110372,1,8,0,242.0
10109870DIASG_2025-11-25_G53,10109870DIASG,2025-11-25,118299,1,206,0,1409.0
10109870DIASG_2025-11-25_G54,10109870DIASG,2025-11-25,110371,2,46,20,309.0
10109870DIASG_2025-11-25_G55,10109870DIASG,2025-11-25,117935,1,2,0,380.0
10109870DIASG_2025-11-25_G56,10109870DIASG,2025-11-25,117855,2,3,8,104.0
10109870DIASG_2025-11-25_G57,10109870DIASG,2025-11-25,109640,1,4,0,164.0
10109870DIASG_2025-11-25_G58,10109870DIASG,2025-11-25,111469,2,18,9,85.0
10109870DIASG_2025-11-25_G59,10109870DIASG,2025-11-25,111418,1,80,0,242.0
10109870DIASG_2025-11-25_G60,10109870DIASG,2025-11-25,111466,1,59,0,488.0
10109870DIASG_2025-11-25_G61,10109870DIASG,2025-11-25,118222,1,500,0,2384.0
10109870DIASG_2025-11-25_G62,10109870DIASG,2025-11-25,111530,1,112,0,2307.0
10109870DIASG_2025-11-25_G63,10109870DIASG,2025-11-25,110711,2,175,15,822.0
10109870DIASG_2025-11-26_G02,10109870DIASG,2025-11-26,140923,1,314,0,1494.0
10109870DIASG_2025-11-26_G03,10109870DIASG,2025-11-26,105167,1,8,0,886.0
10109870DIASG_2025-11-26_G04,10109870DIASG,2025-11-26,110895,1,10,0,472.0
10109870DIASG_2025-11-26_G05,10109870DIASG,2025-11-26,108770,1,12,0,176.0
10109870DIASG_2025-11-26_G06,10109870DIASG,2025-11-26,118299,1,100,0,751.0
10109870DIASG_2025-11-26_G07,10109870DIASG,2025-11-26,118299,1,300,0,337.0
10109870DIASG_2025-11-26_G09,10109870DIASG,2025-11-26,109647,1,2,0,105.0
10109870DIASG_2025-11-26_G10,10109870DIASG,2025-11-26,117862,1,16,0,141.0
10109870DIASG_2025-11-26_G11,10109870DIASG,2025-11-26,117854,1,2,0,128.0
10109870DIASG_2025-11-26_G12,10109870DIASG,2025-11-26,110711,1,66,0,219.0
10109870DIASG_2025-11-26_G13,10109870DIASG,2025-11-26,117808,1,50,0,462.0
10109870DIASG_2025-11-26_G14,10109870DIASG,2025-11-26,118299,1,335,0,627.0
10109870DIASG_2025-11-26_G15,10109870DIASG,2025-11-26,118299,1,87,0,220.0
10109870DIASG_2025-11-26_G16,10109870DIASG,2025-11-26,141456,1,120,0,941.0
10109870DIASG_2025-11-26_G17,10109870DIASG,2025-11-26,118191,1,52,0,946.0
10109870DIASG_2025-11-26_G18,10109870DIASG,2025-11-26,110371,2,98,14,250.0
10109870DIASG_2025-11-26_G19,10109870DIASG,2025-11-26,111446,1,6,0,291.0
10109870DIASG_2025-11-26_G20,10109870DIASG,2025-11-26,111532,1,200,0,735.0
10109870DIASG_2025-11-26_G21,10109870DIASG,2025-11-26,117935,1,42,0,345.0
10109870DIASG_2025-11-26_G22,10109870DIASG,2025-11-26,108701,1,2,0,553.0
10109870DIASG_2025-11-26_G23,10109870DIASG,2025-11-26,108759,1,4,0,898.0
10109870DIASG_2025-11-27_G02,10109870DIASG,2025-11-27,111742,1,13,0,394.0
10109870DIASG_2025-11-27_G03,10109870DIASG,2025-11-27,141155,1,22,0,402.0
10109870DIASG_2025-11-27_G04,10109870DIASG,2025-11-27,111737,1,4,0,98.0
10109870DIASG_2025-11-27_G05,10109870DIASG,2025-11-27,111759,1,7,0,106.0
10109870DIASG_2025-11-27_G06,10109870DIASG,2025-11-27,"111723, 111469",2,25,26,182.0
10109870DIASG_2025-11-27_G07,10109870DIASG,2025-11-27,110740,1,2,0,70.0
10109870DIASG_2025-11-27_G08,10109870DIASG,2025-11-27,141140,1,10,0,183.0
10109870DIASG_2025-11-27_G09,10109870DIASG,2025-11-27,118140,1,8,0,764.0
10109870DIASG_2025-11-27_G10,10109870DIASG,2025-11-27,108711,1,4,0,184.0
10109870DIASG_2025-11-27_G11,10109870DIASG,2025-11-27,141823,1,12,0,176.0
10109870DIASG_2025-11-27_G12,10109870DIASG,2025-11-27,141202,1,4,0,95.0
10109870DIASG_2025-11-27_G13,10109870DIASG,2025-11-27,110733,2,16,9,161.0
10109870DIASG_2025-11-27_G14,10109870DIASG,2025-11-27,117830,1,10,0,2138.0
10109870DIASG_2025-11-27_G15,10109870DIASG,2025-11-27,117822,1,7,0,180.0
10109870DIASG_2025-11-27_G16,10109870DIASG,2025-11-27,110373,1,4,0,99.0
10109870DIASG_2025-11-27_G17,10109870DIASG,2025-11-27,117832,1,32,0,51.0
10109870DIASG_2025-11-27_G18,10109870DIASG,2025-11-27,110371,1,30,0,373.0
10109870DIASG_2025-11-27_G19,10109870DIASG,2025-11-27,109643,1,20,0,300.0
10109870DIASG_2025-11-27_G20,10109870DIASG,2025-11-27,108770,2,7,6,321.0
10109870DIASG_2025-11-27_G21,10109870DIASG,2025-11-27,118229,1,16,0,578.0
10109870DIASG_2025-11-27_G22,10109870DIASG,2025-11-27,111532,1,200,0,467.0
10109870DIASG_2025-11-27_G23,10109870DIASG,2025-11-27,117821,1,20,0,666.0
10109870DIASG_2025-11-27_G24,10109870DIASG,2025-11-27,111463,1,40,0,428.0
10109870DIASG_2025-11-27_G26,10109870DIASG,2025-11-27,108711,1,9,0,115.0
10109870DIASG_2025-11-27_G27,10109870DIASG,2025-11-27,160054,1,20,0,100.0
10109870DIASG_2025-11-27_G28,10109870DIASG,2025-11-27,141202,1,5,0,207.0
10109870DIASG_2025-11-27_G29,10109870DIASG,2025-11-27,111446,1,4,0,306.0
10109870DIASG_2025-11-27_G30,10109870DIASG,2025-11-27,111530,1,8,0,243.0
10109870DIASG_2025-11-27_G31,10109870DIASG,2025-11-27,111532,1,4,0,150.0
10109870DIASG_2025-11-27_G32,10109870DIASG,2025-11-27,111530,1,10,0,131.0
10109870DIASG_2025-11-27_G33,10109870DIASG,2025-11-27,111530,1,24,0,140.0
10109870DIASG_2025-11-27_G34,10109870DIASG,2025-11-27,110711,1,3,0,614.0
10109870DIASG_2025-11-27_G35,10109870DIASG,2025-11-27,118299,1,510,0,2166.0
10109870DIASG_2025-11-27_G36,10109870DIASG,2025-11-27,111723,1,12,0,380.0
10109870DIASG_2025-11-27_G37,10109870DIASG,2025-11-27,111759,1,13,0,110.0
10109870DIASG_2025-11-27_G38,10109870DIASG,2025-11-27,111437,1,10,0,163.0
10109870DIASG_2025-11-27_G39,10109870DIASG,2025-11-27,108770,1,12,0,253.0
10109870DIASG_2025-11-27_G40,10109870DIASG,2025-11-27,111850,1,16,0,1131.0
10109870DIASG_2025-11-27_G41,10109870DIASG,2025-11-27,118299,1,292,0,1828.0
10109870DIASG_2025-11-27_G42,10109870DIASG,2025-11-27,111418,1,704,0,686.0
10109870DIASG_2025-11-28_G02,10109870DIASG,2025-11-28,117855,1,1,0,377.0
10109870DIASG_2025-11-28_G03,10109870DIASG,2025-11-28,110711,1,1,0,233.0
10109870DIASG_2025-11-28_G04,10109870DIASG,2025-11-28,111602,1,11,0,325.0
10109870DIASG_2025-11-28_G05,10109870DIASG,2025-11-28,110895,2,9,30,503.0
10109870DIASG_2025-11-28_G06,10109870DIASG,2025-11-28,140922,1,6,0,1994.0
10109870DIASG_2025-11-28_G07,10109870DIASG,2025-11-28,110895,1,4,0,61.0
10109870DIASG_2025-11-28_G08,10109870DIASG,2025-11-28,111602,1,12,0,302.0
10109870DIASG_2025-11-29_G02,10109870DIASG,2025-11-29,111172,1,2,0,62.0
10109870DIASG_2025-11-29_G03,10109870DIASG,2025-11-29,110740,1,20,0,101.0
10109870DIASG_2025-11-29_G04,10109870DIASG,2025-11-29,"107236, 117787",2,4,20,303.0
10109870DIASG_2025-11-29_G05,10109870DIASG,2025-11-29,117833,2,60,13,408.0
10109870DIASG_2025-11-29_G06,10109870DIASG,2025-11-29,111532,2,12,8,131.0
10109870DIASG_2025-11-29_G07,10109870DIASG,2025-11-29,111532,3,22,35,137.0
10109870DIASG_2025-11-29_G08,10109870DIASG,2025-11-29,141458,1,4,0,374.0
10109870DIASG_2025-11-29_G09,10109870DIASG,2025-11-29,110313,1,1,0,156.0
10109870DIASG_2025-11-29_G10,10109870DIASG,2025-11-29,111467,1,7,0,155.0
10109870DIASG_2025-11-29_G11,10109870DIASG,2025-11-29,117862,1,10,0,202.0
10109870DIASG_2025-11-29_G12,10109870DIASG,2025-11-29,110711,2,3,6,281.0
10109870DIASG_2025-11-29_G13,10109870DIASG,2025-11-29,110374,1,12,0,265.0
10109870DIASG_2025-11-29_G14,10109870DIASG,2025-11-29,117808,1,60,0,520.0
10109870DIASG_2025-11-29_G16,10109870DIASG,2025-11-29,109643,1,4,0,318.0
10109870DIASG_2025-11-29_G17,10109870DIASG,2025-11-29,108770,2,6,9,98.0
10109870DIASG_2025-11-29_G18,10109870DIASG,2025-11-29,110895,1,4,0,377.0
10109870DIASG_2025-11-29_G19,10109870DIASG,2025-11-29,110711,1,1,0,204.0
10109870DIASG_2025-11-29_G20,10109870DIASG,2025-11-29,111602,1,2,0,68.0
10109870DIASG_2025-11-29_G21,10109870DIASG,2025-11-29,111418,1,4,0,276.0
10109870DIASG_2025-11-29_G22,10109870DIASG,2025-11-29,117808,1,12,0,535.0
10109870DIASG_2025-11-29_G23,10109870DIASG,2025-11-29,118299,1,12,0,176.0
10109870DIASG_2025-11-29_G24,10109870DIASG,2025-11-29,111602,1,8,0,229.0
10109870DIASG_2025-11-29_G25,10109870DIASG,2025-11-29,111602,1,16,0,273.0
10109870DIASG_2025-11-29_G26,10109870DIASG,2025-11-29,111602,1,24,0,570.0
10109870DIASG_2025-11-29_G28,10109870DIASG,2025-11-29,117831,1,8,0,350.0
10109870DIASG_2025-11-29_G29,10109870DIASG,2025-11-29,110711,1,2,0,115.0
10109870DIASG_2025-11-29_G30,10109870DIASG,2025-11-29,110895,1,1,0,113.0
10109870DIASG_2025-11-29_G31,10109870DIASG,2025-11-29,141992,1,2,0,409.0
10109870DIASG_2025-11-29_G32,10109870DIASG,2025-11-29,160051,1,4,0,745.0
10109870DIASG_2025-11-29_G33,10109870DIASG,2025-11-29,110325,1,4,0,243.0
10109870DIASG_2025-11-29_G34,10109870DIASG,2025-11-29,117832,1,1,0,81.0
10109870DIASG_2025-11-29_G35,10109870DIASG,2025-11-29,111602,1,40,0,613.0
10109870DIASG_2025-11-29_G36,10109870DIASG,2025-11-29,111530,1,2,0,238.0
10109870DIASG_2025-11-29_G37,10109870DIASG,2025-11-29,110325,1,7,0,101.0
10109870DIASG_2025-11-29_G38,10109870DIASG,2025-11-29,118299,1,15,0,132.0
10109870DIASG_2025-11-29_G39,10109870DIASG,2025-11-29,110895,1,12,0,246.0
10109870DIASG_2025-11-29_G40,10109870DIASG,2025-11-29,117832,1,8,0,213.0
10109870DIASG_2025-11-29_G41,10109870DIASG,2025-11-29,111602,1,3,0,1490.0
10109870DIASG_2025-11-29_G42,10109870DIASG,2025-11-29,111602,1,8,0,104.0
10109870DIASG_2025-11-29_G43,10109870DIASG,2025-11-29,110895,1,4,0,186.0
10109870DIASG_2025-11-29_G44,10109870DIASG,2025-11-29,111172,1,2,0,102.0
10109870DIASG_2025-11-29_G45,10109870DIASG,2025-11-29,111418,1,2,0,119.0
10109870DIASG_2025-11-29_G46,10109870DIASG,2025-11-29,118094,1,8,0,259.0
10109870DIASG_2025-11-29_G47,10109870DIASG,2025-11-29,117808,1,12,0,340.0
10109870DIASG_2025-11-29_G48,10109870DIASG,2025-11-29,110373,1,2,0,2643.0
10109870DIASG_2025-11-29_G49,10109870DIASG,2025-11-29,118140,1,4,0,82.0
10109870DIASG_2025-11-29_G50,10109870DIASG,2025-11-29,111743,1,2,0,187.0
10109870DIASG_2025-11-29_G51,10109870DIASG,2025-11-29,108711,1,4,0,1003.0
10109870DIASG_2025-11-29_G52,10109870DIASG,2025-11-29,"141823, 111602",2,8,26,195.0
10109870DIASG_2025-12-04_G02,10109870DIASG,2025-12-04,140922,1,22,0,280.0
10109870DIASG_2025-12-04_G03,10109870DIASG,2025-12-04,110740,1,4,0,2144.0
10109870DIASG_2025-12-04_G04,10109870DIASG,2025-12-04,117785,1,2,0,432.0
10109870DIASG_2025-12-04_G05,10109870DIASG,2025-12-04,117965,1,4,0,140.0
10109870DIASG_2025-12-04_G06,10109870DIASG,2025-12-04,109640,1,2,0,118.0
10109870DIASG_2025-12-04_G07,10109870DIASG,2025-12-04,109640,1,26,0,71.0
10109870DIASG_2025-12-04_G09,10109870DIASG,2025-12-04,109648,1,2,0,100.0
10109870DIASG_2025-12-04_G10,10109870DIASG,2025-12-04,117822,1,20,0,40.0
10109870DIASG_2025-12-04_G11,10109870DIASG,2025-12-04,117840,1,30,0,282.0
10109870DIASG_2025-12-04_G12,10109870DIASG,2025-12-04,109643,1,22,0,434.0
10109870DIASG_2025-12-04_G13,10109870DIASG,2025-12-04,109643,1,36,0,55.0
10109870DIASG_2025-12-04_G14,10109870DIASG,2025-12-04,141202,1,40,0,386.0
10109870DIASG_2025-12-04_G15,10109870DIASG,2025-12-04,110748,1,10,0,610.0
10109870DIASG_2025-12-04_G16,10109870DIASG,2025-12-04,110129,1,20,0,58.0
10109870DIASG_2025-12-04_G17,10109870DIASG,2025-12-04,105705,1,10,0,452.0
10109870DIASG_2025-12-04_G18,10109870DIASG,2025-12-04,118285,1,4,0,294.0
10109870DIASG_2025-12-04_G19,10109870DIASG,2025-12-04,109645,1,10,0,143.0
10109870DIASG_2025-12-04_G20,10109870DIASG,2025-12-04,116241,1,8,0,159.0
10109870DIASG_2025-12-04_G21,10109870DIASG,2025-12-04,109641,1,4,0,101.0
10109870DIASG_2025-12-04_G22,10109870DIASG,2025-12-04,110745,2,70,30,540.0
10109870DIASG_2025-12-04_G23,10109870DIASG,2025-12-04,117838,1,10,0,336.0
10109870DIASG_2025-12-04_G24,10109870DIASG,2025-12-04,111435,1,20,0,216.0
10109870DIASG_2025-12-04_G25,10109870DIASG,2025-12-04,108798,1,10,0,208.0
10109870DIASG_2025-12-04_G26,10109870DIASG,2025-12-04,111431,1,5,0,148.0
10109870DIASG_2025-12-04_G27,10109870DIASG,2025-12-04,110743,1,10,0,161.0
10109870DIASG_2025-12-04_G28,10109870DIASG,2025-12-04,117841,1,4,0,91.0
10109870DIASG_2025-12-04_G29,10109870DIASG,2025-12-04,118223,1,2,0,101.0
10109870DIASG_2025-12-04_G30,10109870DIASG,2025-12-04,111444,1,10,0,457.0
10109870DIASG_2025-12-04_G31,10109870DIASG,2025-12-04,117787,1,30,0,1248.0
10109870DIASG_2025-12-04_G32,10109870DIASG,2025-12-04,118330,1,4,0,428.0
10109870DIASG_2025-12-04_G33,10109870DIASG,2025-12-04,110374,1,10,0,1441.0
10109870DIASG_2025-12-04_G34,10109870DIASG,2025-12-04,117830,1,10,0,248.0
10109870DIASG_2025-12-04_G35,10109870DIASG,2025-12-04,110371,1,14,0,217.0
10109870DIASG_2025-12-04_G36,10109870DIASG,2025-12-04,117822,1,10,0,88.0
10109870DIASG_2025-12-04_G37,10109870DIASG,2025-12-04,117832,1,10,0,198.0
10109870DIASG_2025-12-04_G38,10109870DIASG,2025-12-04,110372,1,14,0,194.0
10109870DIASG_2025-12-04_G39,10109870DIASG,2025-12-04,118299,1,80,0,143.0
10109870DIASG_2025-12-04_G40,10109870DIASG,2025-12-04,108770,1,4,0,664.0
10109870DIASG_2025-12-04_G41,10109870DIASG,2025-12-04,111430,1,2,0,139.0
10109870DIASG_2025-12-04_G42,10109870DIASG,2025-12-04,111441,1,6,0,104.0
10109870DIASG_2025-12-04_G43,10109870DIASG,2025-12-04,111438,1,9,0,302.0
10109870DIASG_2025-12-05_G02,10109870DIASG,2025-12-05,109933,1,6,0,312.0
10109870DIASG_2025-12-05_G03,10109870DIASG,2025-12-05,111530,1,4,0,249.0
10109870DIASG_2025-12-05_G04,10109870DIASG,2025-12-05,118191,1,20,0,276.0
10109870DIASG_2025-12-05_G05,10109870DIASG,2025-12-05,141261,1,16,0,104.0
10109870DIASG_2025-12-05_G06,10109870DIASG,2025-12-05,111634,1,10,0,381.0
10109870DIASG_2025-12-05_G07,10109870DIASG,2025-12-05,111759,1,4,0,320.0
10109870DIASG_2025-12-05_G08,10109870DIASG,2025-12-05,110711,1,4,0,860.0
10109870DIASG_2025-12-05_G09,10109870DIASG,2025-12-05,111602,1,12,0,152.0
10109870DIASG_2025-12-05_G10,10109870DIASG,2025-12-05,117835,1,8,0,1680.0
10109870DIASG_2025-12-05_G11,10109870DIASG,2025-12-05,118306,1,2,0,105.0
10109870DIASG_2025-12-05_G12,10109870DIASG,2025-12-05,111438,1,6,0,124.0
10109870DIASG_2025-12-05_G13,10109870DIASG,2025-12-05,110747,1,20,0,293.0
10109870DIASG_2025-12-05_G14,10109870DIASG,2025-12-05,118222,1,6,0,159.0
10109870DIASG_2025-12-05_G15,10109870DIASG,2025-12-05,110752,1,6,0,391.0
10109870DIASG_2025-12-05_G16,10109870DIASG,2025-12-05,118298,1,6,0,168.0
10109870DIASG_2025-12-05_G17,10109870DIASG,2025-12-05,141047,1,7,0,131.0
10109870DIASG_2025-12-05_G18,10109870DIASG,2025-12-05,109647,1,3,0,115.0
10109870DIASG_2025-12-05_G19,10109870DIASG,2025-12-05,105705,1,6,0,157.0
10109870DIASG_2025-12-05_G20,10109870DIASG,2025-12-05,116241,1,30,0,318.0
10109870DIASG_2025-12-05_G21,10109870DIASG,2025-12-05,109641,1,2,0,554.0
10109870DIASG_2025-12-05_G22,10109870DIASG,2025-12-05,118094,1,4,0,694.0
10109870DIASG_2025-12-05_G23,10109870DIASG,2025-12-05,117786,1,6,0,118.0
10109870DIASG_2025-12-05_G24,10109870DIASG,2025-12-05,111530,1,50,0,111.0
10109870DIASG_2025-12-05_G26,10109870DIASG,2025-12-05,118094,1,20,0,190.0
10109870DIASG_2025-12-05_G27,10109870DIASG,2025-12-05,140923,1,50,0,584.0
10109870DIASG_2025-12-05_G28,10109870DIASG,2025-12-05,110752,1,8,0,378.0
10109870DIASG_2025-12-05_G29,10109870DIASG,2025-12-05,110339,1,30,0,154.0
10109870DIASG_2025-12-05_G30,10109870DIASG,2025-12-05,110733,1,20,0,255.0
10109870DIASG_2025-12-05_G31,10109870DIASG,2025-12-05,117856,1,40,0,190.0
10109870DIASG_2025-12-05_G32,10109870DIASG,2025-12-05,117855,1,80,0,453.0
10109870DIASG_2025-12-05_G33,10109870DIASG,2025-12-05,117855,1,26,0,35.0
10109870DIASG_2025-12-05_G34,10109870DIASG,2025-12-05,110711,1,11,0,271.0
10109870DIASG_2025-12-05_G35,10109870DIASG,2025-12-05,110374,1,240,0,681.0
10109870DIASG_2025-12-05_G36,10109870DIASG,2025-12-05,118281,1,4,0,474.0
10109870DIASG_2025-12-05_G37,10109870DIASG,2025-12-05,141202,1,8,0,82.0
10109870DIASG_2025-12-05_G38,10109870DIASG,2025-12-05,110064,1,2,0,349.0
10109870DIASG_2025-12-05_G39,10109870DIASG,2025-12-05,118222,1,60,0,326.0
10109870DIASG_2025-12-05_G40,10109870DIASG,2025-12-05,118253,1,12,0,714.0
10109870DIASG_2025-12-05_G41,10109870DIASG,2025-12-05,141916,1,20,0,1438.0
10109870DIASG_2025-12-06_G02,10109870DIASG,2025-12-06,117830,1,43,0,533.0
10109870DIASG_2025-12-06_G03,10109870DIASG,2025-12-06,118299,1,112,0,251.0
10109870DIASG_2025-12-06_G04,10109870DIASG,2025-12-06,110325,1,9,0,324.0
10109870DIASG_2025-12-06_G05,10109870DIASG,2025-12-06,110747,1,15,0,186.0
10109870DIASG_2025-12-06_G06,10109870DIASG,2025-12-06,118317,1,9,0,1026.0
10109870DIASG_2025-12-06_G07,10109870DIASG,2025-12-06,118140,1,20,0,165.0
10109870DIASG_2025-12-06_G08,10109870DIASG,2025-12-06,111463,1,12,0,1437.0
10109870DIASG_2025-12-06_G09,10109870DIASG,2025-12-06,117821,1,4,0,260.0
10109870DIASG_2025-12-06_G10,10109870DIASG,2025-12-06,111465,2,4,13,97.0
10109870DIASG_2025-12-06_G11,10109870DIASG,2025-12-06,141456,1,9,0,481.0
10109870DIASG_2025-12-06_G12,10109870DIASG,2025-12-06,111634,1,8,0,2565.0
10109870DIASG_2025-12-06_G13,10109870DIASG,2025-12-06,118191,1,30,0,131.0
10109870DIASG_2025-12-06_G14,10109870DIASG,2025-12-06,141262,1,10,0,122.0
10109870DIASG_2025-12-06_G15,10109870DIASG,2025-12-06,141261,1,12,0,341.0
10109870DIASG_2025-12-06_G16,10109870DIASG,2025-12-06,141155,1,6,0,194.0
10109870DIASG_2025-12-06_G17,10109870DIASG,2025-12-06,118094,1,8,0,1656.0
10109870DIASG_2025-12-06_G18,10109870DIASG,2025-12-06,117935,2,18,7,171.0
10109870DIASG_2025-12-06_G19,10109870DIASG,2025-12-06,140923,1,10,0,113.0
10109870DIASG_2025-12-06_G20,10109870DIASG,2025-12-06,117856,1,2,0,236.0
10109870DIASG_2025-12-06_G21,10109870DIASG,2025-12-06,111602,1,4,0,106.0
10109870DIASG_2025-12-06_G22,10109870DIASG,2025-12-06,117836,1,4,0,230.0
10109870DIASG_2025-12-06_G23,10109870DIASG,2025-12-06,111430,1,10,0,589.0
10109870DIASG_2025-12-06_G24,10109870DIASG,2025-12-06,115234,1,12,0,71.0
10109870DIASG_2025-12-06_G25,10109870DIASG,2025-12-06,111569,1,4,0,217.0
10109870DIASG_2025-12-06_G26,10109870DIASG,2025-12-06,110374,1,70,0,194.0
10109870DIASG_2025-12-06_G27,10109870DIASG,2025-12-06,110371,1,20,0,554.0
10109870DIASG_2025-12-06_G28,10109870DIASG,2025-12-06,160052,1,1,0,418.0
10109870DIASG_2025-12-06_G29,10109870DIASG,2025-12-06,160053,1,2,0,136.0
10109870DIASG_2025-12-06_G30,10109870DIASG,2025-12-06,160051,1,50,0,445.0
10109870DIASG_2025-12-06_G31,10109870DIASG,2025-12-06,110325,1,30,0,336.0
10109870DIASG_2025-12-06_G32,10109870DIASG,2025-12-06,160054,1,10,0,492.0
10109870DIASG_2025-12-06_G33,10109870DIASG,2025-12-06,117855,1,42,0,202.0
10109870DIASG_2025-12-06_G34,10109870DIASG,2025-12-06,111602,1,38,0,513.0
10109870DIASG_2025-12-06_G35,10109870DIASG,2025-12-06,117834,2,14,8,374.0
10109870DIASG_2025-12-06_G36,10109870DIASG,2025-12-06,118253,2,8,9,334.0
10109870DIASG_2025-12-06_G38,10109870DIASG,2025-12-06,140922,1,100,0,1367.0
10109870DIASG_2025-12-06_G39,10109870DIASG,2025-12-06,117821,1,100,0,542.0
10109870DIASG_2025-12-06_G40,10109870DIASG,2025-12-06,111466,1,192,0,514.0
10109870DIASG_2025-12-08_G02,10109870DIASG,2025-12-08,111182,1,6,0,111.0
10109870DIASG_2025-12-08_G03,10109870DIASG,2025-12-08,111431,1,3,0,84.0
10109870DIASG_2025-12-08_G04,10109870DIASG,2025-12-08,111462,1,4,0,185.0
10109870DIASG_2025-12-08_G05,10109870DIASG,2025-12-08,111463,1,6,0,75.0
10109870DIASG_2025-12-08_G06,10109870DIASG,2025-12-08,111469,1,6,0,87.0
10109870DIASG_2025-12-08_G07,10109870DIASG,2025-12-08,117831,1,3,0,44.0
10109870DIASG_2025-12-08_G08,10109870DIASG,2025-12-08,111466,1,2,0,106.0
10109870DIASG_2025-12-08_G09,10109870DIASG,2025-12-08,117821,1,6,0,82.0
10109870DIASG_2025-12-08_G10,10109870DIASG,2025-12-08,110372,1,10,0,132.0
10109870DIASG_2025-12-08_G11,10109870DIASG,2025-12-08,118094,1,17,0,435.0
10109870DIASG_2025-12-08_G12,10109870DIASG,2025-12-08,117855,1,4,0,168.0
10109870DIASG_2025-12-08_G13,10109870DIASG,2025-12-08,111439,1,4,0,107.0
10109870DIASG_2025-12-08_G15,10109870DIASG,2025-12-08,109647,1,1,0,143.0
10109870DIASG_2025-12-08_G16,10109870DIASG,2025-12-08,109640,1,85,0,401.0
10109870DIASG_2025-12-08_G17,10109870DIASG,2025-12-08,117832,1,2,0,412.0
10109870DIASG_2025-12-08_G18,10109870DIASG,2025-12-08,109643,1,2,0,101.0
10109870DIASG_2025-12-08_G19,10109870DIASG,2025-12-08,118306,1,4,0,356.0
10109870DIASG_2025-12-08_G20,10109870DIASG,2025-12-08,118253,1,1,0,220.0
10109870DIASG_2025-12-08_G21,10109870DIASG,2025-12-08,111418,1,218,0,731.0
10109870DIASG_2025-12-08_G22,10109870DIASG,2025-12-08,111462,1,112,0,367.0
10109870DIASG_2025-12-08_G23,10109870DIASG,2025-12-08,110711,1,30,0,635.0
10109870DIASG_2025-12-08_G24,10109870DIASG,2025-12-08,110374,1,150,0,516.0
10109870DIASG_2025-12-08_G25,10109870DIASG,2025-12-08,109643,1,300,0,837.0
10109870DIASG_2025-12-09_G02,10109870DIASG,2025-12-09,111468,1,40,0,328.0
10109870DIASG_2025-12-09_G03,10109870DIASG,2025-12-09,111462,1,26,0,512.0
10109870DIASG_2025-12-09_G04,10109870DIASG,2025-12-09,111469,1,88,0,311.0
10109870DIASG_2025-12-09_G05,10109870DIASG,2025-12-09,110371,1,200,0,428.0
10109870DIASG_2025-12-09_G06,10109870DIASG,2025-12-09,110375,1,100,0,353.0
10109870DIASG_2025-12-09_G07,10109870DIASG,2025-12-09,141202,1,40,0,422.0
10109870DIASG_2025-12-09_G08,10109870DIASG,2025-12-09,111446,1,2,0,1325.0
10109870DIASG_2025-12-09_G09,10109870DIASG,2025-12-09,118140,1,40,0,104.0
10109870DIASG_2025-12-09_G10,10109870DIASG,2025-12-09,105705,1,20,0,275.0
10109870DIASG_2025-12-09_G11,10109870DIASG,2025-12-09,111743,1,10,0,389.0
10109870DIASG_2025-12-09_G12,10109870DIASG,2025-12-09,111435,1,4,0,273.0
10109870DIASG_2025-12-09_G13,10109870DIASG,2025-12-09,"108794, 109641",2,38,29,173.0
10109870DIASG_2025-12-09_G14,10109870DIASG,2025-12-09,"107236, 117787",4,15,47,221.0
10109870DIASG_2025-12-09_G15,10109870DIASG,2025-12-09,111879,1,2,0,441.0
10109870DIASG_2025-12-09_G16,10109870DIASG,2025-12-09,104534,1,1,0,115.0
10109870DIASG_2025-12-09_G17,10109870DIASG,2025-12-09,117965,1,8,0,180.0
10109870DIASG_2025-12-09_G18,10109870DIASG,2025-12-09,117862,1,30,0,330.0
10109870DIASG_2025-12-09_G19,10109870DIASG,2025-12-09,110063,1,4,0,89.0
10109870DIASG_2025-12-09_G20,10109870DIASG,2025-12-09,106860,1,4,0,85.0
10109870DIASG_2025-12-09_G21,10109870DIASG,2025-12-09,118271,1,10,0,248.0
10109870DIASG_2025-12-09_G22,10109870DIASG,2025-12-09,110374,1,30,0,240.0
10109870DIASG_2025-12-09_G23,10109870DIASG,2025-12-09,110375,1,30,0,761.0
10109870DIASG_2025-12-09_G24,10109870DIASG,2025-12-09,110372,1,50,0,369.0
10109870DIASG_2025-12-09_G25,10109870DIASG,2025-12-09,118299,1,1000,0,1067.0
10109870DIASG_2025-12-09_G27,10109870DIASG,2025-12-09,110376,3,26,34,160.0
10109870DIASG_2025-12-09_G28,10109870DIASG,2025-12-09,110375,1,10,0,496.0
10109870DIASG_2025-12-09_G29,10109870DIASG,2025-12-09,118299,1,350,0,651.0
10109870DIASG_2025-12-09_G30,10109870DIASG,2025-12-09,110376,1,2,0,547.0
10109870DIASG_2025-12-09_G31,10109870DIASG,2025-12-09,110325,2,60,11,256.0
10109870DIASG_2025-12-09_G32,10109870DIASG,2025-12-09,110374,1,20,0,927.0
10109870DIASG_2025-12-09_G33,10109870DIASG,2025-12-09,117809,1,40,0,2368.0
10109870DIASG_2025-12-09_G34,10109870DIASG,2025-12-09,117808,1,70,0,485.0
10109870DIASG_2025-12-09_G35,10109870DIASG,2025-12-09,110376,4,61,46,382.0
10109870DIASG_2025-12-09_G36,10109870DIASG,2025-12-09,117808,1,99,0,544.0
10109870DIASG_2025-12-09_G37,10109870DIASG,2025-12-09,117832,1,46,0,319.0
10109870DIASG_2025-12-10_G03,10109870DIASG,2025-12-10,117809,1,50,0,143.0
10109870DIASG_2025-12-10_G04,10109870DIASG,2025-12-10,117832,1,168,0,673.0
10109870DIASG_2025-12-10_G05,10109870DIASG,2025-12-10,117832,1,13,0,35.0
10109870DIASG_2025-12-10_G06,10109870DIASG,2025-12-10,118299,1,116,0,555.0
10109870DIASG_2025-12-10_G07,10109870DIASG,2025-12-10,109643,1,20,0,318.0
10109870DIASG_2025-12-10_G08,10109870DIASG,2025-12-10,110325,1,20,0,319.0
10109870DIASG_2025-12-10_G09,10109870DIASG,2025-12-10,141202,1,35,0,180.0
10109870DIASG_2025-12-10_G10,10109870DIASG,2025-12-10,111172,1,20,0,541.0
10109870DIASG_2025-12-10_G11,10109870DIASG,2025-12-10,141823,1,50,0,400.0
10109870DIASG_2025-12-10_G12,10109870DIASG,2025-12-10,140922,1,20,0,503.0
10109870DIASG_2025-12-10_G13,10109870DIASG,2025-12-10,109645,1,10,0,147.0
10109870DIASG_2025-12-10_G14,10109870DIASG,2025-12-10,110751,1,12,0,1236.0
10109870DIASG_2025-12-10_G15,10109870DIASG,2025-12-10,117835,1,2,0,264.0
10109870DIASG_2025-12-10_G16,10109870DIASG,2025-12-10,116527,1,2,0,891.0
10109870DIASG_2025-12-10_G17,10109870DIASG,2025-12-10,111793,1,3,0,147.0
10109870DIASG_2025-12-10_G18,10109870DIASG,2025-12-10,108759,1,10,0,174.0
10109870DIASG_2025-12-10_G19,10109870DIASG,2025-12-10,100334,1,9,0,101.0
10109870DIASG_2025-12-10_G20,10109870DIASG,2025-12-10,115209,1,8,0,381.0
10109870DIASG_2025-12-10_G21,10109870DIASG,2025-12-10,118094,1,100,0,2972.0
10109870DIASG_2025-12-10_G22,10109870DIASG,2025-12-10,111469,1,140,0,1182.0
10109870DIASG_2025-12-11_G02,10109870DIASG,2025-12-11,111433,1,2,0,160.0
10109870DIASG_2025-12-11_G03,10109870DIASG,2025-12-11,117831,1,24,0,266.0
10109870DIASG_2025-12-11_G04,10109870DIASG,2025-12-11,107236,1,4,0,82.0
10109870DIASG_2025-12-11_G05,10109870DIASG,2025-12-11,110740,1,8,0,568.0
10109870DIASG_2025-12-11_G06,10109870DIASG,2025-12-11,111466,1,22,0,239.0
10109870DIASG_2025-12-11_G07,10109870DIASG,2025-12-11,117821,1,8,0,294.0
10109870DIASG_2025-12-11_G08,10109870DIASG,2025-12-11,110372,1,30,0,834.0
10109870DIASG_2025-12-11_G09,10109870DIASG,2025-12-11,110374,1,12,0,2943.0
10109870DIASG_2025-12-11_G10,10109870DIASG,2025-12-11,160052,1,2,0,177.0
10109870DIASG_2025-12-11_G11,10109870DIASG,2025-12-11,110375,1,2,0,99.0
10109870DIASG_2025-12-11_G12,10109870DIASG,2025-12-11,160054,1,6,0,79.0
10109870DIASG_2025-12-11_G13,10109870DIASG,2025-12-11,141823,1,2,0,141.0
10109870DIASG_2025-12-11_G14,10109870DIASG,2025-12-11,141456,1,12,0,108.0
10109870DIASG_2025-12-11_G15,10109870DIASG,2025-12-11,108711,1,1,0,52.0
10109870DIASG_2025-12-11_G16,10109870DIASG,2025-12-11,108794,1,2,0,576.0
10109870DIASG_2025-12-11_G17,10109870DIASG,2025-12-11,141457,1,8,0,102.0
10109870DIASG_2025-12-11_G18,10109870DIASG,2025-12-11,111466,1,9,0,136.0
10109870DIASG_2025-12-11_G19,10109870DIASG,2025-12-11,111465,1,4,0,91.0
10109870DIASG_2025-12-11_G20,10109870DIASG,2025-12-11,141262,1,31,0,472.0
10109870DIASG_2025-12-11_G21,10109870DIASG,2025-12-11,111739,1,1,0,312.0
10109870DIASG_2025-12-11_G22,10109870DIASG,2025-12-11,111723,1,6,0,86.0
10109870DIASG_2025-12-11_G23,10109870DIASG,2025-12-11,141141,1,19,0,337.0
10109870DIASG_2025-12-11_G24,10109870DIASG,2025-12-11,111724,1,4,0,438.0
10109870DIASG_2025-12-11_G25,10109870DIASG,2025-12-11,118094,1,8,0,333.0
10109870DIASG_2025-12-11_G26,10109870DIASG,2025-12-11,140923,1,4,0,71.0
10109870DIASG_2025-12-11_G27,10109870DIASG,2025-12-11,117853,1,4,0,118.0
10109870DIASG_2025-12-11_G28,10109870DIASG,2025-12-11,117786,1,2,0,99.0
10109870DIASG_2025-12-11_G29,10109870DIASG,2025-12-11,117855,1,6,0,154.0
10109870DIASG_2025-12-11_G30,10109870DIASG,2025-12-11,111466,1,6,0,77.0
10109870DIASG_2025-12-11_G31,10109870DIASG,2025-12-11,117832,1,6,0,806.0
10109870DIASG_2025-12-11_G32,10109870DIASG,2025-12-11,110740,1,9,0,261.0
10109870DIASG_2025-12-11_G33,10109870DIASG,2025-12-11,110740,1,4,0,117.0
10109870DIASG_2025-12-11_G34,10109870DIASG,2025-12-11,110740,1,2,0,386.0
10109870DIASG_2025-12-11_G36,10109870DIASG,2025-12-11,117808,1,32,0,166.0
10109870DIASG_2025-12-11_G37,10109870DIASG,2025-12-11,110325,1,2,0,306.0
10109870DIASG_2025-12-11_G38,10109870DIASG,2025-12-11,118317,1,2,0,171.0
10109870DIASG_2025-12-11_G39,10109870DIASG,2025-12-11,110740,1,2,0,134.0
10109870DIASG_2025-12-11_G40,10109870DIASG,2025-12-11,140923,1,9,0,240.0
10109870DIASG_2025-12-11_G41,10109870DIASG,2025-12-11,117856,1,4,0,187.0
10109870DIASG_2025-12-11_G42,10109870DIASG,2025-12-11,117855,1,4,0,123.0
10109870DIASG_2025-12-11_G43,10109870DIASG,2025-12-11,111438,1,2,0,196.0
10109870DIASG_2025-12-11_G44,10109870DIASG,2025-12-11,118222,1,14,0,236.0
10109870DIASG_2025-12-11_G45,10109870DIASG,2025-12-11,118317,1,2,0,525.0
10109870DIASG_2025-12-11_G46,10109870DIASG,2025-12-11,111463,1,6,0,116.0
10109870DIASG_2025-12-11_G47,10109870DIASG,2025-12-11,"111466, 117821",2,6,12,108.0
10109870DIASG_2025-12-11_G48,10109870DIASG,2025-12-11,117808,1,23,0,229.0
10109870DIASG_2025-12-11_G49,10109870DIASG,2025-12-11,110371,1,4,0,366.0
10109870DIASG_2025-12-11_G50,10109870DIASG,2025-12-11,110372,1,21,0,231.0
10109870DIASG_2025-12-11_G51,10109870DIASG,2025-12-11,111602,1,3,0,137.0
10109870DIASG_2025-12-11_G52,10109870DIASG,2025-12-11,110339,1,2,0,77.0
10109870DIASG_2025-12-11_G53,10109870DIASG,2025-12-11,117855,1,4,0,132.0
10109870DIASG_2025-12-11_G54,10109870DIASG,2025-12-11,118222,1,10,0,241.0
10109870DIASG_2025-12-11_G55,10109870DIASG,2025-12-11,100334,1,1,0,136.0
10109870DIASG_2025-12-11_G56,10109870DIASG,2025-12-11,117808,1,18,0,464.0
10109870DIASG_2025-12-11_G57,10109870DIASG,2025-12-11,110371,1,3,0,100.0
10109870DIASG_2025-12-11_G58,10109870DIASG,2025-12-11,117832,1,4,0,111.0
10109870DIASG_2025-12-11_G59,10109870DIASG,2025-12-11,110372,1,14,0,551.0
10109870DIASG_2025-12-11_G60,10109870DIASG,2025-12-11,118317,1,3,0,1334.0
10109870DIASG_2025-12-11_G61,10109870DIASG,2025-12-11,140923,1,8,0,440.0
10109870DIASG_2025-12-12_G02,10109870DIASG,2025-12-12,117809,1,8,0,282.0
10109870DIASG_2025-12-12_G03,10109870DIASG,2025-12-12,117808,1,164,0,194.0
10109870DIASG_2025-12-12_G04,10109870DIASG,2025-12-12,110376,1,2,0,487.0
10109870DIASG_2025-12-12_G05,10109870DIASG,2025-12-12,117832,1,10,0,255.0
10109870DIASG_2025-12-12_G06,10109870DIASG,2025-12-12,110372,1,56,0,218.0
10109870DIASG_2025-12-12_G07,10109870DIASG,2025-12-12,109643,1,12,0,642.0
10109870DIASG_2025-12-12_G08,10109870DIASG,2025-12-12,140922,1,31,0,361.0
10109870DIASG_2025-12-12_G09,10109870DIASG,2025-12-12,111743,1,40,0,682.0
10109870DIASG_2025-12-12_G10,10109870DIASG,2025-12-12,110711,1,2,0,1620.0
10109870DIASG_2025-12-12_G11,10109870DIASG,2025-12-12,118299,1,8,0,261.0
10109870DIASG_2025-12-12_G12,10109870DIASG,2025-12-12,117809,1,4,0,74.0
10109870DIASG_2025-12-12_G13,10109870DIASG,2025-12-12,117832,1,4,0,290.0
10109870DIASG_2025-12-12_G14,10109870DIASG,2025-12-12,110372,1,4,0,197.0
10109870DIASG_2025-12-12_G15,10109870DIASG,2025-12-12,141456,1,2,0,101.0
10109870DIASG_2025-12-12_G16,10109870DIASG,2025-12-12,140922,1,2,0,79.0
10109870DIASG_2025-12-12_G17,10109870DIASG,2025-12-12,111468,1,2,0,68.0
10109870DIASG_2025-12-12_G18,10109870DIASG,2025-12-12,111532,1,4,0,127.0
10109870DIASG_2025-12-12_G19,10109870DIASG,2025-12-12,111466,1,4,0,359.0
10109870DIASG_2025-12-12_G20,10109870DIASG,2025-12-12,118094,1,2,0,88.0
10109870DIASG_2025-12-12_G21,10109870DIASG,2025-12-12,140923,1,2,0,59.0
10109870DIASG_2025-12-12_G22,10109870DIASG,2025-12-12,111465,1,6,0,642.0
10109870DIASG_2025-12-12_G23,10109870DIASG,2025-12-12,"141456, 140922",2,4,13,79.0
10109870DIASG_2025-12-12_G24,10109870DIASG,2025-12-12,111532,1,12,0,375.0
10109870DIASG_2025-12-12_G25,10109870DIASG,2025-12-12,111466,1,4,0,79.0
10109870DIASG_2025-12-12_G26,10109870DIASG,2025-12-12,118094,1,4,0,201.0
10109870DIASG_2025-12-12_G27,10109870DIASG,2025-12-12,117935,1,2,0,239.0
10109870DIASG_2025-12-12_G28,10109870DIASG,2025-12-12,140923,1,4,0,51.0
10109870DIASG_2025-12-12_G29,10109870DIASG,2025-12-12,111467,1,2,0,172.0
10109870DIASG_2025-12-12_G30,10109870DIASG,2025-12-12,118299,1,18,0,299.0
10109870DIASG_2025-12-12_G31,10109870DIASG,2025-12-12,117809,1,4,0,53.0
10109870DIASG_2025-12-12_G32,10109870DIASG,2025-12-12,117832,1,4,0,145.0
10109870DIASG_2025-12-12_G33,10109870DIASG,2025-12-12,160053,1,2,0,522.0
10109870DIASG_2025-12-12_G35,10109870DIASG,2025-12-12,111569,1,10,0,246.0
10109870DIASG_2025-12-12_G36,10109870DIASG,2025-12-12,141916,1,3,0,293.0
10109870DIASG_2025-12-12_G37,10109870DIASG,2025-12-12,100334,1,4,0,117.0
10109870DIASG_2025-12-12_G38,10109870DIASG,2025-12-12,110747,1,4,0,146.0
10109870DIASG_2025-12-12_G39,10109870DIASG,2025-12-12,118094,1,4,0,93.0
10109870DIASG_2025-12-12_G40,10109870DIASG,2025-12-12,117935,1,4,0,266.0
10109870DIASG_2025-12-12_G41,10109870DIASG,2025-12-12,110374,1,12,0,1921.0
10109870DIASG_2025-12-12_G42,10109870DIASG,2025-12-12,117809,1,8,0,362.0
10109870DIASG_2025-12-12_G43,10109870DIASG,2025-12-12,110371,1,11,0,206.0
10109870DIASG_2025-12-12_G44,10109870DIASG,2025-12-12,110376,1,2,0,81.0
10109870DIASG_2025-12-12_G45,10109870DIASG,2025-12-12,110372,1,14,0,388.0
10109870DIASG_2025-12-12_G46,10109870DIASG,2025-12-12,109643,1,17,0,363.0
10109870DIASG_2025-12-12_G47,10109870DIASG,2025-12-12,110325,1,1,0,63.0
10109870DIASG_2025-12-12_G48,10109870DIASG,2025-12-12,111467,1,6,0,164.0
10109870DIASG_2025-12-12_G49,10109870DIASG,2025-12-12,111418,1,27,0,388.0
10109870DIASG_2025-12-12_G50,10109870DIASG,2025-12-12,111172,1,4,0,222.0
10109870DIASG_2025-12-12_G51,10109870DIASG,2025-12-12,111418,1,13,0,134.0
10109870DIASG_2025-12-12_G52,10109870DIASG,2025-12-12,108794,1,2,0,78.0
10109870DIASG_2025-12-12_G53,10109870DIASG,2025-12-12,110374,1,100,0,564.0
10109870DIASG_2025-12-12_G54,10109870DIASG,2025-12-12,110371,1,175,0,605.0
10109870DIASG_2025-12-12_G55,10109870DIASG,2025-12-12,117832,1,20,0,398.0
10109870DIASG_2025-12-12_G56,10109870DIASG,2025-12-12,110375,1,16,0,118.0
10109870DIASG_2025-12-12_G57,10109870DIASG,2025-12-12,110372,1,175,0,257.0
10109870DIASG_2025-12-12_G58,10109870DIASG,2025-12-12,109643,1,18,0,118.0
10109870DIASG_2025-12-12_G59,10109870DIASG,2025-12-12,110325,1,20,0,1274.0
10109870DIASG_2025-12-12_G60,10109870DIASG,2025-12-12,141202,1,11,0,178.0
10109870DIASG_2025-12-16_G02,10109870DIASG,2025-12-16,117830,1,12,0,205.0
10109870DIASG_2025-12-16_G03,10109870DIASG,2025-12-16,117831,1,2,0,98.0
10109870DIASG_2025-12-16_G04,10109870DIASG,2025-12-16,111602,1,20,0,197.0
10109870DIASG_2025-12-16_G05,10109870DIASG,2025-12-16,117832,1,8,0,211.0
10109870DIASG_2025-12-16_G06,10109870DIASG,2025-12-16,140922,1,5,0,348.0
10109870DIASG_2025-12-16_G07,10109870DIASG,2025-12-16,117785,1,2,0,128.0
10109870DIASG_2025-12-16_G08,10109870DIASG,2025-12-16,141458,1,3,0,120.0
10109870DIASG_2025-12-16_G09,10109870DIASG,2025-12-16,110332,1,3,0,354.0
10109870DIASG_2025-12-16_G10,10109870DIASG,2025-12-16,111602,1,3,0,735.0
10109870DIASG_2025-12-16_G11,10109870DIASG,2025-12-16,111530,1,4,0,79.0
10109870DIASG_2025-12-16_G12,10109870DIASG,2025-12-16,117786,1,4,0,63.0
10109870DIASG_2025-12-16_G13,10109870DIASG,2025-12-16,117862,1,2,0,97.0
10109870DIASG_2025-12-16_G14,10109870DIASG,2025-12-16,111467,1,3,0,83.0
10109870DIASG_2025-12-16_G15,10109870DIASG,2025-12-16,111569,1,4,0,177.0
10109870DIASG_2025-12-16_G16,10109870DIASG,2025-12-16,110895,1,3,0,97.0
10109870DIASG_2025-12-16_G17,10109870DIASG,2025-12-16,117834,1,4,0,92.0
10109870DIASG_2025-12-16_G18,10109870DIASG,2025-12-16,141916,1,1,0,129.0
10109870DIASG_2025-12-16_G19,10109870DIASG,2025-12-16,118290,1,2,0,86.0
10109870DIASG_2025-12-16_G20,10109870DIASG,2025-12-16,110325,2,8,7,291.0
10109870DIASG_2025-12-16_G21,10109870DIASG,2025-12-16,141202,1,4,0,113.0
10109870DIASG_2025-12-16_G22,10109870DIASG,2025-12-16,118140,1,4,0,125.0
10109870DIASG_2025-12-16_G23,10109870DIASG,2025-12-16,110711,1,4,0,1468.0
10109870DIASG_2025-12-16_G24,10109870DIASG,2025-12-16,110711,1,2,0,32.0
10109870DIASG_2025-12-16_G25,10109870DIASG,2025-12-16,110711,1,4,0,98.0
10109870DIASG_2025-12-16_G26,10109870DIASG,2025-12-16,110711,2,8,24,38.0
10109870DIASG_2025-12-16_G27,10109870DIASG,2025-12-16,111602,1,12,0,643.0
10109870DIASG_2025-12-16_G28,10109870DIASG,2025-12-16,141456,1,4,0,124.0
10109870DIASG_2025-12-16_G29,10109870DIASG,2025-12-16,111430,1,8,0,253.0
10109870DIASG_2025-12-16_G30,10109870DIASG,2025-12-16,140923,1,16,0,156.0
10109870DIASG_2025-12-16_G31,10109870DIASG,2025-12-16,110372,1,12,0,257.0
10109870DIASG_2025-12-16_G32,10109870DIASG,2025-12-16,109643,1,4,0,1265.0
10109870DIASG_2025-12-16_G33,10109870DIASG,2025-12-16,108795,1,3,0,258.0
10109870DIASG_2025-12-16_G34,10109870DIASG,2025-12-16,111463,1,3,0,54.0
10109870DIASG_2025-12-16_G35,10109870DIASG,2025-12-16,117785,1,3,0,75.0
10109870DIASG_2025-12-16_G36,10109870DIASG,2025-12-16,108711,1,3,0,121.0
10109870DIASG_2025-12-16_G37,10109870DIASG,2025-12-16,109641,1,2,0,73.0
10109870DIASG_2025-12-16_G38,10109870DIASG,2025-12-16,110740,1,8,0,989.0
10109870DIASG_2025-12-16_G40,10109870DIASG,2025-12-16,110129,2,15,8,704.0
10109870DIASG_2025-12-16_G41,10109870DIASG,2025-12-16,111463,1,10,0,95.0
10109870DIASG_2025-12-16_G42,10109870DIASG,2025-12-16,111463,2,40,11,38.0
10109870DIASG_2025-12-16_G43,10109870DIASG,2025-12-16,111182,2,12,9,406.0
10109870DIASG_2025-12-16_G44,10109870DIASG,2025-12-16,111435,1,13,0,218.0
10109870DIASG_2025-12-16_G45,10109870DIASG,2025-12-16,110745,1,10,0,303.0
10109870DIASG_2025-12-16_G46,10109870DIASG,2025-12-16,"117831, 111431",3,18,38,380.0
10109870DIASG_2025-12-16_G47,10109870DIASG,2025-12-16,110740,2,65,26,456.0
10109870DIASG_2025-12-16_G48,10109870DIASG,2025-12-16,111466,1,10,0,642.0
10109870DIASG_2025-12-16_G49,10109870DIASG,2025-12-16,141202,1,7,0,343.0
10109870DIASG_2025-12-16_G50,10109870DIASG,2025-12-16,117822,1,8,0,3112.0
10109870DIASG_2025-12-16_G51,10109870DIASG,2025-12-16,117832,1,19,0,184.0
10109870DIASG_2025-12-16_G52,10109870DIASG,2025-12-16,117832,1,145,0,341.0
10109870DIASG_2025-12-16_G53,10109870DIASG,2025-12-16,110372,1,100,0,214.0
10109870DIASG_2025-12-16_G54,10109870DIASG,2025-12-16,117808,1,125,0,567.0
10109870DIASG_2025-12-16_G55,10109870DIASG,2025-12-16,117838,1,20,0,232.0
10109870DIASG_2025-12-16_G56,10109870DIASG,2025-12-16,117831,1,80,0,376.0
10109870DIASG_2025-12-16_G57,10109870DIASG,2025-12-16,118330,1,7,0,945.0
10109870DIASG_2025-12-17_G02,10109870DIASG,2025-12-17,140923,1,214,0,815.0
10109870DIASG_2025-12-17_G03,10109870DIASG,2025-12-17,117856,1,140,0,707.0
10109870DIASG_2025-12-17_G04,10109870DIASG,2025-12-17,110339,1,100,0,949.0
10109870DIASG_2025-12-17_G05,10109870DIASG,2025-12-17,109640,1,100,0,260.0
10109870DIASG_2025-12-17_G06,10109870DIASG,2025-12-17,110374,1,240,0,941.0
10109870DIASG_2025-12-17_G07,10109870DIASG,2025-12-17,115817,1,5,0,1326.0
10109870DIASG_2025-12-17_G08,10109870DIASG,2025-12-17,141457,1,50,0,81.0
10109870DIASG_2025-12-17_G09,10109870DIASG,2025-12-17,118330,1,20,0,517.0
10109870DIASG_2025-12-17_G10,10109870DIASG,2025-12-17,107629,1,33,0,705.0
10109870DIASG_2025-12-17_G11,10109870DIASG,2025-12-17,140911,1,11,0,264.0
10109870DIASG_2025-12-17_G12,10109870DIASG,2025-12-17,107892,1,2,0,97.0
10109870DIASG_2025-12-17_G14,10109870DIASG,2025-12-17,160055,1,4,0,124.0
10109870DIASG_2025-12-17_G15,10109870DIASG,2025-12-17,109641,1,2,0,98.0
10109870DIASG_2025-12-17_G16,10109870DIASG,2025-12-17,105705,1,6,0,388.0
10109870DIASG_2025-12-17_G17,10109870DIASG,2025-12-17,118140,1,14,0,902.0
10109870DIASG_2025-12-17_G18,10109870DIASG,2025-12-17,111466,1,4,0,59.0
10109870DIASG_2025-12-17_G19,10109870DIASG,2025-12-17,110374,1,4,0,89.0
10109870DIASG_2025-12-17_G20,10109870DIASG,2025-12-17,140911,1,12,0,649.0
10109870DIASG_2025-12-17_G21,10109870DIASG,2025-12-17,117832,1,20,0,250.0
10109870DIASG_2025-12-17_G22,10109870DIASG,2025-12-17,110373,1,10,0,244.0
10109870DIASG_2025-12-17_G23,10109870DIASG,2025-12-17,110371,1,5,0,537.0
10109870DIASG_2025-12-17_G24,10109870DIASG,2025-12-17,110373,1,10,0,190.0
10109870DIASG_2025-12-17_G25,10109870DIASG,2025-12-17,141202,1,8,0,92.0
10109870DIASG_2025-12-17_G26,10109870DIASG,2025-12-17,140922,1,11,0,3434.0
10109870DIASG_2025-12-17_G27,10109870DIASG,2025-12-17,117785,1,10,0,106.0
10109870DIASG_2025-12-17_G28,10109870DIASG,2025-12-17,110740,1,4,0,269.0
10109870DIASG_2025-12-17_G29,10109870DIASG,2025-12-17,141457,1,6,0,75.0
10109870DIASG_2025-12-17_G30,10109870DIASG,2025-12-17,111466,2,20,10,62.0
10109870DIASG_2025-12-17_G31,10109870DIASG,2025-12-17,141458,1,8,0,751.0
10109870DIASG_2025-12-18_G02,10109870DIASG,2025-12-18,117830,1,4,0,183.0
10109870DIASG_2025-12-18_G03,10109870DIASG,2025-12-18,111446,1,6,0,129.0
10109870DIASG_2025-12-18_G04,10109870DIASG,2025-12-18,117832,1,4,0,169.0
10109870DIASG_2025-12-18_G05,10109870DIASG,2025-12-18,107892,1,4,0,281.0
10109870DIASG_2025-12-18_G06,10109870DIASG,2025-12-18,117808,1,31,0,305.0
10109870DIASG_2025-12-18_G07,10109870DIASG,2025-12-18,117935,1,4,0,246.0
10109870DIASG_2025-12-18_G08,10109870DIASG,2025-12-18,140923,1,6,0,82.0
10109870DIASG_2025-12-18_G09,10109870DIASG,2025-12-18,117856,1,12,0,199.0
10109870DIASG_2025-12-18_G10,10109870DIASG,2025-12-18,111530,1,8,0,233.0
10109870DIASG_2025-12-18_G11,10109870DIASG,2025-12-18,117862,2,5,7,96.0
10109870DIASG_2025-12-18_G12,10109870DIASG,2025-12-18,111463,1,8,0,251.0
10109870DIASG_2025-12-18_G13,10109870DIASG,2025-12-18,141457,1,8,0,145.0
10109870DIASG_2025-12-18_G14,10109870DIASG,2025-12-18,110372,1,12,0,399.0
10109870DIASG_2025-12-18_G15,10109870DIASG,2025-12-18,117809,1,8,0,61.0
10109870DIASG_2025-12-18_G16,10109870DIASG,2025-12-18,109643,1,2,0,102.0
10109870DIASG_2025-12-18_G17,10109870DIASG,2025-12-18,110325,1,8,0,110.0
10109870DIASG_2025-12-18_G18,10109870DIASG,2025-12-18,110373,1,7,0,107.0
10109870DIASG_2025-12-18_G19,10109870DIASG,2025-12-18,110372,1,20,0,1350.0
10109870DIASG_2025-12-18_G20,10109870DIASG,2025-12-18,108794,1,4,0,1430.0
10109870DIASG_2025-12-18_G21,10109870DIASG,2025-12-18,118317,1,3,0,157.0
10109870DIASG_2025-12-18_G22,10109870DIASG,2025-12-18,111463,1,3,0,116.0
10109870DIASG_2025-12-18_G23,10109870DIASG,2025-12-18,111418,2,6,9,58.0
10109870DIASG_2025-12-18_G24,10109870DIASG,2025-12-18,110743,1,4,0,93.0
10109870DIASG_2025-12-18_G25,10109870DIASG,2025-12-18,111743,1,4,0,58.0
10109870DIASG_2025-12-18_G26,10109870DIASG,2025-12-18,109641,2,4,10,50.0
10109870DIASG_2025-12-18_G27,10109870DIASG,2025-12-18,109645,2,4,7,95.0
10109870DIASG_2025-12-18_G28,10109870DIASG,2025-12-18,111469,1,4,0,50.0
10109870DIASG_2025-12-18_G29,10109870DIASG,2025-12-18,117831,1,2,0,48.0
10109870DIASG_2025-12-18_G30,10109870DIASG,2025-12-18,111468,1,2,0,66.0
10109870DIASG_2025-12-18_G31,10109870DIASG,2025-12-18,100334,1,3,0,271.0
10109870DIASG_2025-12-18_G32,10109870DIASG,2025-12-18,110752,1,4,0,273.0
10109870DIASG_2025-12-18_G33,10109870DIASG,2025-12-18,117861,1,3,0,221.0
10109870DIASG_2025-12-18_G34,10109870DIASG,2025-12-18,140923,1,4,0,33.0
10109870DIASG_2025-12-18_G35,10109870DIASG,2025-12-18,117856,1,2,0,76.0
10109870DIASG_2025-12-18_G36,10109870DIASG,2025-12-18,111602,1,3,0,71.0
10109870DIASG_2025-12-18_G37,10109870DIASG,2025-12-18,117862,2,6,8,153.0
10109870DIASG_2025-12-18_G38,10109870DIASG,2025-12-18,111467,2,6,8,94.0
10109870DIASG_2025-12-18_G39,10109870DIASG,2025-12-18,110325,1,1,0,637.0
10109870DIASG_2025-12-18_G40,10109870DIASG,2025-12-18,117808,2,16,8,120.0
10109870DIASG_2025-12-18_G41,10109870DIASG,2025-12-18,141202,1,4,0,94.0
10109870DIASG_2025-12-18_G42,10109870DIASG,2025-12-18,117830,1,1,0,89.0
10109870DIASG_2025-12-18_G43,10109870DIASG,2025-12-18,117862,1,4,0,459.0
10109870DIASG_2025-12-18_G44,10109870DIASG,2025-12-18,117830,1,2,0,192.0
10109870DIASG_2025-12-18_G45,10109870DIASG,2025-12-18,160054,1,4,0,74.0
10109870DIASG_2025-12-18_G46,10109870DIASG,2025-12-18,110373,1,40,0,323.0
10109870DIASG_2025-12-18_G47,10109870DIASG,2025-12-18,141155,1,6,0,604.0
10109870DIASG_2025-12-18_G48,10109870DIASG,2025-12-18,141141,1,8,0,221.0
10109870DIASG_2025-12-18_G50,10109870DIASG,2025-12-18,111172,1,1,0,945.0
10109870DIASG_2025-12-18_G51,10109870DIASG,2025-12-18,110373,1,100,0,288.0
10109870DIASG_2025-12-18_G52,10109870DIASG,2025-12-18,110373,1,120,0,420.0
10109870DIASG_2025-12-18_G53,10109870DIASG,2025-12-18,110373,1,100,0,293.0
10109870DIASG_2025-12-18_G54,10109870DIASG,2025-12-18,111532,1,2,0,280.0
10109870DIASG_2025-12-18_G55,10109870DIASG,2025-12-18,110374,1,11,0,1149.0
10109870DIASG_2025-12-18_G56,10109870DIASG,2025-12-18,110372,1,33,0,376.0
10109870DIASG_2025-12-18_G57,10109870DIASG,2025-12-18,110372,1,79,0,62.0
10109870DIASG_2025-12-18_G58,10109870DIASG,2025-12-18,110371,1,13,0,329.0
10109870DIASG_2025-12-18_G59,10109870DIASG,2025-12-18,117830,1,6,0,196.0
10109870DIASG_2025-12-18_G60,10109870DIASG,2025-12-18,117832,1,8,0,105.0
10109870DIASG_2025-12-18_G61,10109870DIASG,2025-12-18,117808,1,200,0,352.0
10109870DIASG_2025-12-18_G62,10109870DIASG,2025-12-18,110373,1,31,0,352.0
10109870DIASG_2025-12-18_G63,10109870DIASG,2025-12-18,110741,1,4,0,797.0
10109870DIASG_2025-12-18_G64,10109870DIASG,2025-12-18,111602,1,9,0,61.0
10109870DIASG_2025-12-18_G65,10109870DIASG,2025-12-18,109647,1,1,0,260.0
10109870DIASG_2025-12-18_G66,10109870DIASG,2025-12-18,109640,1,40,0,170.0
10109870DIASG_2025-12-18_G67,10109870DIASG,2025-12-18,107888,1,2,0,1174.0
10109870DIASG_2025-12-19_G02,10109870DIASG,2025-12-19,118299,2,298,19,472.0
10109870DIASG_2025-12-19_G03,10109870DIASG,2025-12-19,110373,1,100,0,546.0
10109870DIASG_2025-12-19_G04,10109870DIASG,2025-12-19,111530,1,56,0,501.0
10109870DIASG_2025-12-19_G05,10109870DIASG,2025-12-19,117862,1,40,0,526.0
10109870DIASG_2025-12-19_G06,10109870DIASG,2025-12-19,117820,1,120,0,1066.0
10109870DIASG_2025-12-19_G07,10109870DIASG,2025-12-19,108795,1,2,0,2598.0
10109870DIASG_2025-12-19_G08,10109870DIASG,2025-12-19,111418,1,8,0,217.0
10109870DIASG_2025-12-19_G09,10109870DIASG,2025-12-19,141456,1,12,0,125.0
10109870DIASG_2025-12-19_G10,10109870DIASG,2025-12-19,111743,1,3,0,69.0
10109870DIASG_2025-12-19_G11,10109870DIASG,2025-12-19,111435,1,4,0,118.0
10109870DIASG_2025-12-19_G12,10109870DIASG,2025-12-19,108798,1,1,0,91.0
10109870DIASG_2025-12-19_G13,10109870DIASG,2025-12-19,117831,1,4,0,103.0
10109870DIASG_2025-12-19_G14,10109870DIASG,2025-12-19,141457,1,4,0,120.0
10109870DIASG_2025-12-19_G15,10109870DIASG,2025-12-19,111466,1,3,0,48.0
10109870DIASG_2025-12-19_G16,10109870DIASG,2025-12-19,111466,1,4,0,145.0
10109870DIASG_2025-12-19_G17,10109870DIASG,2025-12-19,141458,2,6,7,133.0
10109870DIASG_2025-12-19_G18,10109870DIASG,2025-12-19,140923,1,4,0,234.0
10109870DIASG_2025-12-19_G19,10109870DIASG,2025-12-19,110741,1,2,0,52.0
10109870DIASG_2025-12-19_G20,10109870DIASG,2025-12-19,111602,1,2,0,31.0
10109870DIASG_2025-12-19_G21,10109870DIASG,2025-12-19,108795,1,4,0,311.0
10109870DIASG_2025-12-19_G22,10109870DIASG,2025-12-19,117808,1,86,0,367.0
10109870DIASG_2025-12-19_G23,10109870DIASG,2025-12-19,117808,1,214,0,92.0
10109870DIASG_2025-12-19_G24,10109870DIASG,2025-12-19,110374,1,6,0,912.0
10109870DIASG_2025-12-19_G25,10109870DIASG,2025-12-19,117808,1,30,0,273.0
10109870DIASG_2025-12-19_G26,10109870DIASG,2025-12-19,110895,1,2,0,97.0
10109870DIASG_2025-12-19_G27,10109870DIASG,2025-12-19,117862,1,4,0,185.0
10109870DIASG_2025-12-19_G28,10109870DIASG,2025-12-19,118269,1,4,0,98.0
10109870DIASG_2025-12-19_G29,10109870DIASG,2025-12-19,141823,1,2,0,346.0
10109870DIASG_2025-12-19_G30,10109870DIASG,2025-12-19,"109645, 117831",2,4,22,85.0
10109870DIASG_2025-12-19_G31,10109870DIASG,2025-12-19,"118140, 111466",2,8,8,79.0
10109870DIASG_2025-12-20_G02,10109870DIASG,2025-12-20,110371,1,50,0,289.0
10109870DIASG_2025-12-20_G03,10109870DIASG,2025-12-20,117830,1,3,0,107.0
10109870DIASG_2025-12-20_G04,10109870DIASG,2025-12-20,117832,1,8,0,269.0
10109870DIASG_2025-12-20_G05,10109870DIASG,2025-12-20,110373,3,100,28,90.0
10109870DIASG_2025-12-20_G06,10109870DIASG,2025-12-20,111441,1,7,0,472.0
10109870DIASG_2025-12-20_G07,10109870DIASG,2025-12-20,111441,2,12,12,138.0
10109870DIASG_2025-12-20_G08,10109870DIASG,2025-12-20,118222,1,50,0,303.0
10109870DIASG_2025-12-20_G09,10109870DIASG,2025-12-20,110623,1,12,0,543.0
10109870DIASG_2025-12-20_G10,10109870DIASG,2025-12-20,110755,1,24,0,310.0
10109870DIASG_2025-12-20_G11,10109870DIASG,2025-12-20,117856,1,4,0,373.0
10109870DIASG_2025-12-20_G12,10109870DIASG,2025-12-20,141047,1,4,0,99.0
10109870DIASG_2025-12-20_G13,10109870DIASG,2025-12-20,111530,1,76,0,152.0
10109870DIASG_2025-12-20_G14,10109870DIASG,2025-12-20,117786,1,12,0,235.0
10109870DIASG_2025-12-20_G15,10109870DIASG,2025-12-20,109647,1,10,0,115.0
10109870DIASG_2025-12-20_G16,10109870DIASG,2025-12-20,"117837, 117854",2,4,23,242.0
10109870DIASG_2025-12-22_G02,10109870DIASG,2025-12-22,110374,1,5,0,1757.0
10109870DIASG_2025-12-22_G03,10109870DIASG,2025-12-22,117809,1,13,0,147.0
10109870DIASG_2025-12-22_G04,10109870DIASG,2025-12-22,"117822, 117820",3,42,38,121.0
10109870DIASG_2025-12-22_G05,10109870DIASG,2025-12-22,117830,3,35,37,228.0
10109870DIASG_2025-12-22_G06,10109870DIASG,2025-12-22,117840,1,7,0,405.0
10109870DIASG_2025-12-22_G07,10109870DIASG,2025-12-22,110376,1,4,0,119.0
10109870DIASG_2025-12-22_G08,10109870DIASG,2025-12-22,117832,1,10,0,46.0
10109870DIASG_2025-12-22_G09,10109870DIASG,2025-12-22,118281,1,2,0,67.0
10109870DIASG_2025-12-22_G10,10109870DIASG,2025-12-22,118299,4,96,27,106.0
10109870DIASG_2025-12-22_G11,10109870DIASG,2025-12-22,117832,2,15,10,400.0
10109870DIASG_2025-12-22_G12,10109870DIASG,2025-12-22,109643,2,14,10,236.0
10109870DIASG_2025-12-22_G13,10109870DIASG,2025-12-22,110325,1,10,0,158.0
10109870DIASG_2025-12-22_G14,10109870DIASG,2025-12-22,117808,1,4,0,139.0
10109870DIASG_2025-12-22_G15,10109870DIASG,2025-12-22,110373,1,1,0,49.0
10109870DIASG_2025-12-22_G16,10109870DIASG,2025-12-22,141202,1,10,0,31.0
10109870DIASG_2025-12-22_G17,10109870DIASG,2025-12-22,110374,1,5,0,68.0
10109870DIASG_2025-12-22_G18,10109870DIASG,2025-12-22,108770,1,4,0,579.0
10109870DIASG_2025-12-22_G19,10109870DIASG,2025-12-22,111441,1,10,0,95.0
10109870DIASG_2025-12-22_G20,10109870DIASG,2025-12-22,111438,1,5,0,158.0
10109870DIASG_2025-12-22_G21,10109870DIASG,2025-12-22,111436,1,1,0,119.0
10109870DIASG_2025-12-22_G22,10109870DIASG,2025-12-22,115775,1,10,0,125.0
10109870DIASG_2025-12-22_G23,10109870DIASG,2025-12-22,111437,1,4,0,1885.0
10109870DIASG_2025-12-22_G24,10109870DIASG,2025-12-22,110747,1,2,0,49.0
10109870DIASG_2025-12-22_G25,10109870DIASG,2025-12-22,111463,1,6,0,233.0
10109870DIASG_2025-12-22_G26,10109870DIASG,2025-12-22,111469,2,62,14,136.0
10109870DIASG_2025-12-22_G27,10109870DIASG,2025-12-22,111530,1,10,0,422.0
10109870DIASG_2025-12-22_G28,10109870DIASG,2025-12-22,111530,2,6,8,170.0
10109870DIASG_2025-12-22_G29,10109870DIASG,2025-12-22,117786,1,10,0,94.0
10109870DIASG_2025-12-22_G30,10109870DIASG,2025-12-22,118317,1,10,0,237.0
10109870DIASG_2025-12-22_G31,10109870DIASG,2025-12-22,107629,1,6,0,269.0
10109870DIASG_2025-12-22_G32,10109870DIASG,2025-12-22,111530,1,15,0,107.0
10109870DIASG_2025-12-22_G33,10109870DIASG,2025-12-22,117855,1,2,0,310.0
10109870DIASG_2025-12-22_G34,10109870DIASG,2025-12-22,117862,1,10,0,57.0
10109870DIASG_2025-12-22_G35,10109870DIASG,2025-12-22,111467,1,2,0,273.0
10109870DIASG_2025-12-22_G36,10109870DIASG,2025-12-22,110339,1,7,0,75.0
10109870DIASG_2025-12-22_G37,10109870DIASG,2025-12-22,110339,1,10,0,197.0
10109870DIASG_2025-12-22_G39,10109870DIASG,2025-12-22,111433,1,2,0,343.0
10109870DIASG_2025-12-22_G40,10109870DIASG,2025-12-22,105705,1,4,0,91.0
10109870DIASG_2025-12-22_G41,10109870DIASG,2025-12-22,"109645, 111469",2,7,26,1822.0
10109870DIASG_2025-12-22_G42,10109870DIASG,2025-12-22,117821,1,3,0,114.0
10109870DIASG_2025-12-22_G43,10109870DIASG,2025-12-22,140923,1,13,0,248.0
10109870DIASG_2025-12-22_G44,10109870DIASG,2025-12-22,111602,1,5,0,155.0
10109870DIASG_2025-12-22_G45,10109870DIASG,2025-12-22,111430,1,2,0,187.0
10109870DIASG_2025-12-22_G46,10109870DIASG,2025-12-22,110755,1,4,0,70.0
10109870DIASG_2025-12-22_G47,10109870DIASG,2025-12-22,117830,1,4,0,375.0
10109870DIASG_2025-12-22_G48,10109870DIASG,2025-12-22,118317,1,2,0,111.0
10109870DIASG_2025-12-22_G49,10109870DIASG,2025-12-22,111876,1,2,0,269.0
10109870DIASG_2025-12-22_G50,10109870DIASG,2025-12-22,140923,1,4,0,31.0
10109870DIASG_2025-12-22_G51,10109870DIASG,2025-12-22,111602,1,2,0,102.0
10109870DIASG_2025-12-22_G52,10109870DIASG,2025-12-22,117832,1,2,0,166.0
10109870DIASG_2025-12-22_G53,10109870DIASG,2025-12-22,111433,1,4,0,87.0
10109870DIASG_2025-12-22_G54,10109870DIASG,2025-12-22,111466,1,10,0,174.0
10109870DIASG_2025-12-22_G55,10109870DIASG,2025-12-22,118299,1,20,0,2356.0
10109870DIASG_2025-12-22_G56,10109870DIASG,2025-12-22,160051,1,2,0,66.0
10109870DIASG_2025-12-22_G57,10109870DIASG,2025-12-22,117808,1,20,0,206.0
10109870DIASG_2025-12-22_G58,10109870DIASG,2025-12-22,110373,1,80,0,939.0
10109870DIASG_2025-12-22_G59,10109870DIASG,2025-12-22,111462,1,8,0,351.0
10109870DIASG_2025-12-22_G60,10109870DIASG,2025-12-22,111446,1,4,0,135.0
10109870DIASG_2025-12-22_G61,10109870DIASG,2025-12-22,111418,1,20,0,541.0
10109870DIASG_2025-12-22_G62,10109870DIASG,2025-12-22,117831,1,4,0,357.0
10109870DIASG_2025-12-22_G63,10109870DIASG,2025-12-22,110740,1,8,0,129.0
10109870DIASG_2025-12-22_G64,10109870DIASG,2025-12-22,111443,1,6,0,131.0
10109870DIASG_2025-12-22_G65,10109870DIASG,2025-12-22,118140,1,8,0,416.0
10109870DIASG_2025-12-23_G02,10109870DIASG,2025-12-23,117808,1,681,0,374.0
10109870DIASG_2025-12-23_G03,10109870DIASG,2025-12-23,118299,1,34,0,2166.0
10109870DIASG_2025-12-23_G04,10109870DIASG,2025-12-23,111418,1,17,0,250.0
10109870DIASG_2025-12-23_G05,10109870DIASG,2025-12-23,117830,1,73,0,1600.0
10109870DIASG_2025-12-23_G06,10109870DIASG,2025-12-23,141318,1,175,0,1407.0
10109870DIASG_2025-12-23_G07,10109870DIASG,2025-12-23,111418,1,483,0,1422.0
10109870DIASG_2025-12-23_G08,10109870DIASG,2025-12-23,116241,2,9,13,854.0
10109870DIASG_2025-12-23_G09,10109870DIASG,2025-12-23,105705,1,14,0,118.0
10109870DIASG_2025-12-23_G10,10109870DIASG,2025-12-23,118223,1,4,0,255.0
10109870DIASG_2025-12-23_G11,10109870DIASG,2025-12-23,108711,1,6,0,137.0
10109870DIASG_2025-12-23_G12,10109870DIASG,2025-12-23,108711,1,23,0,128.0
10109870DIASG_2025-12-23_G13,10109870DIASG,2025-12-23,111466,1,35,0,234.0
10109870DIASG_2025-12-23_G14,10109870DIASG,2025-12-23,117821,2,6,7,221.0
10109870DIASG_2025-12-23_G15,10109870DIASG,2025-12-23,141456,1,15,0,70.0
10109870DIASG_2025-12-23_G16,10109870DIASG,2025-12-23,141456,1,39,0,32.0
10109870DIASG_2025-12-23_G17,10109870DIASG,2025-12-23,141458,2,28,11,675.0
10109870DIASG_2025-12-23_G18,10109870DIASG,2025-12-23,"140911, 118290",2,9,18,628.0
10109870DIASG_2025-12-23_G20,10109870DIASG,2025-12-23,117832,1,9,0,65.0
10109870DIASG_2025-12-23_G21,10109870DIASG,2025-12-23,118299,1,76,0,88.0
10109870DIASG_2025-12-23_G22,10109870DIASG,2025-12-23,109643,1,18,0,506.0
10109870DIASG_2025-12-23_G23,10109870DIASG,2025-12-23,110787,3,37,20,1601.0
10109870DIASG_2025-12-23_G24,10109870DIASG,2025-12-23,117820,1,80,0,909.0
10109870DIASG_2025-12-23_G25,10109870DIASG,2025-12-23,110373,1,100,0,180.0
10109870DIASG_2025-12-23_G26,10109870DIASG,2025-12-23,141202,1,30,0,1180.0
10109870DIASG_2025-12-23_G27,10109870DIASG,2025-12-23,110787,1,6,0,394.0
10109870DIASG_2025-12-23_G28,10109870DIASG,2025-12-23,110374,1,4,0,114.0
10109870DIASG_2025-12-23_G29,10109870DIASG,2025-12-23,110371,1,8,0,311.0
10109870DIASG_2025-12-23_G30,10109870DIASG,2025-12-23,117820,1,16,0,52.0
10109870DIASG_2025-12-23_G31,10109870DIASG,2025-12-23,117830,1,6,0,138.0
10109870DIASG_2025-12-23_G32,10109870DIASG,2025-12-23,118299,1,30,0,83.0
10109870DIASG_2025-12-23_G33,10109870DIASG,2025-12-23,110373,1,8,0,316.0
10109870DIASG_2025-12-23_G34,10109870DIASG,2025-12-23,117820,1,20,0,633.0
10109870DIASG_2025-12-23_G35,10109870DIASG,2025-12-23,111462,1,2,0,1467.0
10109870DIASG_2025-12-23_G36,10109870DIASG,2025-12-23,108795,1,3,0,69.0
10109870DIASG_2025-12-23_G37,10109870DIASG,2025-12-23,110743,1,2,0,66.0
10109870DIASG_2025-12-23_G38,10109870DIASG,2025-12-23,117785,1,7,0,177.0
10109870DIASG_2025-12-23_G39,10109870DIASG,2025-12-23,"110787, 109641",2,5,28,114.0
10109870DIASG_2025-12-23_G40,10109870DIASG,2025-12-23,111469,1,10,0,170.0
10109870DIASG_2025-12-23_G41,10109870DIASG,2025-12-23,108711,1,2,0,46.0
10109870DIASG_2025-12-23_G42,10109870DIASG,2025-12-23,107236,1,1,0,57.0
10109870DIASG_2025-12-23_G43,10109870DIASG,2025-12-23,110740,1,2,0,49.0
10109870DIASG_2025-12-23_G44,10109870DIASG,2025-12-23,111418,1,4,0,52.0
10109870DIASG_2025-12-23_G45,10109870DIASG,2025-12-23,111466,1,2,0,97.0
10109870DIASG_2025-12-23_G46,10109870DIASG,2025-12-23,141456,1,10,0,337.0
10109870DIASG_2025-12-23_G47,10109870DIASG,2025-12-23,110895,1,3,0,138.0
10109870DIASG_2025-12-26_G02,10109870DIASG,2025-12-26,111469,3,17,15,226.0
10109870DIASG_2025-12-26_G03,10109870DIASG,2025-12-26,111441,1,32,0,181.0
10109870DIASG_2025-12-26_G04,10109870DIASG,2025-12-26,141202,2,16,7,1023.0
10109870DIASG_2025-12-26_G05,10109870DIASG,2025-12-26,141202,1,4,0,130.0
10109870DIASG_2025-12-26_G06,10109870DIASG,2025-12-26,141458,1,8,0,136.0
10109870DIASG_2025-12-26_G07,10109870DIASG,2025-12-26,110895,1,6,0,192.0
10109870DIASG_2025-12-26_G08,10109870DIASG,2025-12-26,117808,1,40,0,276.0
10109870DIASG_2025-12-26_G09,10109870DIASG,2025-12-26,111437,1,201,0,1227.0
10109870DIASG_2025-12-26_G10,10109870DIASG,2025-12-26,107892,1,20,0,319.0
10109870DIASG_2025-12-26_G11,10109870DIASG,2025-12-26,111430,1,57,0,165.0
10109870DIASG_2025-12-26_G12,10109870DIASG,2025-12-26,107892,1,5,0,222.0
10109870DIASG_2025-12-26_G13,10109870DIASG,2025-12-26,111435,1,8,0,1386.0
10109870DIASG_2025-12-26_G14,10109870DIASG,2025-12-26,111462,1,5,0,262.0
10109870DIASG_2025-12-26_G15,10109870DIASG,2025-12-26,111182,1,2,0,102.0
10109870DIASG_2025-12-26_G16,10109870DIASG,2025-12-26,111466,1,10,0,153.0
10109870DIASG_2025-12-26_G17,10109870DIASG,2025-12-26,111463,1,10,0,73.0
10109870DIASG_2025-12-26_G18,10109870DIASG,2025-12-26,111469,2,15,10,322.0
10109870DIASG_2025-12-26_G19,10109870DIASG,2025-12-26,111431,1,4,0,108.0
10109870DIASG_2025-12-26_G20,10109870DIASG,2025-12-26,118140,1,10,0,132.0
10109870DIASG_2025-12-26_G21,10109870DIASG,2025-12-26,117821,1,10,0,776.0
10109870DIASG_2025-12-26_G22,10109870DIASG,2025-12-26,141458,1,10,0,138.0
10109870DIASG_2025-12-26_G23,10109870DIASG,2025-12-26,117830,1,10,0,208.0
10109870DIASG_2025-12-26_G24,10109870DIASG,2025-12-26,111467,1,10,0,206.0
10109870DIASG_2025-12-26_G26,10109870DIASG,2025-12-26,141035,1,1,0,137.0
10109870DIASG_2025-12-26_G27,10109870DIASG,2025-12-26,110753,1,1,0,84.0
10109870DIASG_2025-12-26_G28,10109870DIASG,2025-12-26,111353,1,2,0,86.0
10109870DIASG_2025-12-26_G29,10109870DIASG,2025-12-26,111832,1,1,0,114.0
10109870DIASG_2025-12-26_G30,10109870DIASG,2025-12-26,108411,1,2,0,69.0
10109870DIASG_2025-12-26_G31,10109870DIASG,2025-12-26,110112,1,4,0,69.0
10109870DIASG_2025-12-26_G32,10109870DIASG,2025-12-26,105359,1,2,0,108.0
10109870DIASG_2025-12-26_G33,10109870DIASG,2025-12-26,110582,1,2,0,114.0
10109870DIASG_2025-12-26_G34,10109870DIASG,2025-12-26,117821,1,80,0,167.0
10109870DIASG_2025-12-26_G35,10109870DIASG,2025-12-26,109643,1,80,0,61.0
10109870DIASG_2025-12-26_G36,10109870DIASG,2025-12-26,140922,1,80,0,694.0
10109870DIASG_2025-12-26_G37,10109870DIASG,2025-12-26,111743,2,134,25,319.0
10109870DIASG_2025-12-26_G38,10109870DIASG,2025-12-26,117821,1,20,0,397.0
10109870DIASG_2025-12-26_G39,10109870DIASG,2025-12-26,110374,2,21,27,542.0
10109870DIASG_2025-12-26_G40,10109870DIASG,2025-12-26,117808,1,4,0,750.0
10109870DIASG_2025-12-26_G41,10109870DIASG,2025-12-26,117808,1,358,0,50.0
10109870DIASG_2025-12-26_G42,10109870DIASG,2025-12-26,110373,1,48,0,334.0
10109870DIASG_2025-12-26_G43,10109870DIASG,2025-12-26,118218,1,4,0,306.0
10109870DIASG_2025-12-26_G44,10109870DIASG,2025-12-26,109974,1,5,0,106.0
10109870DIASG_2025-12-26_G45,10109870DIASG,2025-12-26,111530,1,100,0,893.0
10109870DIASG_2025-12-26_G46,10109870DIASG,2025-12-26,111418,2,118,22,526.0
10109870DIASG_2025-12-26_G47,10109870DIASG,2025-12-26,111466,1,4,0,1610.0
10109870DIASG_2025-12-26_G48,10109870DIASG,2025-12-26,111462,1,16,0,336.0
10109870DIASG_2025-12-26_G49,10109870DIASG,2025-12-26,111172,1,2,0,154.0
10109870DIASG_2025-12-26_G50,10109870DIASG,2025-12-26,111467,2,10,26,252.0
10109870DIASG_2025-12-26_G51,10109870DIASG,2025-12-26,110742,1,12,0,510.0
10109870DIASG_2025-12-26_G52,10109870DIASG,2025-12-26,140922,1,4,0,164.0
10109870DIASG_2025-12-26_G53,10109870DIASG,2025-12-26,117785,1,8,0,98.0
10109870DIASG_2025-12-26_G54,10109870DIASG,2025-12-26,110787,1,3,0,113.0
10109870DIASG_2025-12-26_G55,10109870DIASG,2025-12-26,141456,1,8,0,222.0
10109870DIASG_2025-12-26_G56,10109870DIASG,2025-12-26,110339,1,4,0,178.0
10109870DIASG_2025-12-26_G57,10109870DIASG,2025-12-26,118140,1,20,0,361.0
10109870DIASG_2025-12-27_G02,10109870DIASG,2025-12-27,107629,1,10,0,150.0
10109870DIASG_2025-12-27_G03,10109870DIASG,2025-12-27,111467,1,30,0,222.0
10109870DIASG_2025-12-27_G04,10109870DIASG,2025-12-27,110711,1,2,0,192.0
10109870DIASG_2025-12-27_G05,10109870DIASG,2025-12-27,117785,1,30,0,307.0
10109870DIASG_2025-12-27_G06,10109870DIASG,2025-12-27,108798,1,4,0,182.0
10109870DIASG_2025-12-27_G07,10109870DIASG,2025-12-27,141823,1,20,0,205.0
10109870DIASG_2025-12-27_G08,10109870DIASG,2025-12-27,111469,1,103,0,160.0
10109870DIASG_2025-12-27_G09,10109870DIASG,2025-12-27,110740,1,10,0,445.0
10109870DIASG_2025-12-27_G10,10109870DIASG,2025-12-27,117809,2,20,8,3080.0
10109870DIASG_2025-12-27_G11,10109870DIASG,2025-12-27,117820,1,50,0,196.0
10109870DIASG_2025-12-27_G12,10109870DIASG,2025-12-27,110376,2,10,13,236.0
10109870DIASG_2025-12-27_G13,10109870DIASG,2025-12-27,117832,2,9,7,154.0
10109870DIASG_2025-12-27_G14,10109870DIASG,2025-12-27,110325,2,20,9,507.0
10109870DIASG_2025-12-27_G15,10109870DIASG,2025-12-27,111418,2,8,7,346.0
10109870DIASG_2025-12-27_G16,10109870DIASG,2025-12-27,117785,2,42,18,85.0
10109870DIASG_2025-12-27_G17,10109870DIASG,2025-12-27,117787,2,11,9,992.0
10109870DIASG_2025-12-27_G18,10109870DIASG,2025-12-27,117862,2,26,27,117.0
10109870DIASG_2025-12-27_G19,10109870DIASG,2025-12-27,111467,1,10,0,42.0
10109870DIASG_2025-12-27_G20,10109870DIASG,2025-12-27,117822,4,50,47,1265.0
10109870DIASG_2025-12-27_G21,10109870DIASG,2025-12-27,117820,1,40,0,316.0
10109870DIASG_2025-12-27_G23,10109870DIASG,2025-12-27,118299,1,50,0,154.0
10109870DIASG_2025-12-27_G24,10109870DIASG,2025-12-27,117808,1,80,0,75.0
10109870DIASG_2025-12-27_G25,10109870DIASG,2025-12-27,110373,1,10,0,506.0
10109870DIASG_2025-12-27_G26,10109870DIASG,2025-12-27,117809,1,30,0,718.0
10109870DIASG_2025-12-27_G27,10109870DIASG,2025-12-27,140922,2,18,13,87.0
10109870DIASG_2025-12-27_G28,10109870DIASG,2025-12-27,117785,1,50,0,518.0
10109870DIASG_2025-12-27_G29,10109870DIASG,2025-12-27,111463,1,30,0,567.0
10109870DIASG_2025-12-27_G30,10109870DIASG,2025-12-27,140922,1,1,0,1044.0
10109870DIASG_2025-12-27_G31,10109870DIASG,2025-12-27,111743,1,13,0,52.0
10109870DIASG_2025-12-27_G32,10109870DIASG,2025-12-27,"108798, 111433",2,14,29,155.0
10109870DIASG_2025-12-27_G33,10109870DIASG,2025-12-27,117831,1,3,0,221.0
10109870DIASG_2025-12-27_G34,10109870DIASG,2025-12-27,108711,1,5,0,61.0
10109870DIASG_2025-12-27_G35,10109870DIASG,2025-12-27,111443,1,1,0,148.0
10109870DIASG_2025-12-27_G36,10109870DIASG,2025-12-27,118140,1,24,0,261.0
10109870DIASG_2025-12-27_G37,10109870DIASG,2025-12-27,141458,1,5,0,225.0
10109870DIASG_2025-12-27_G38,10109870DIASG,2025-12-27,111441,1,2,0,282.0
10109870DIASG_2025-12-27_G39,10109870DIASG,2025-12-27,107888,1,2,0,171.0
10109870DIASG_2025-12-27_G40,10109870DIASG,2025-12-27,111569,1,4,0,118.0
10109870DIASG_2025-12-27_G41,10109870DIASG,2025-12-27,110895,1,1,0,157.0
10109870DIASG_2025-12-27_G42,10109870DIASG,2025-12-27,141916,1,1,0,100.0
10109870DIASG_2025-12-27_G43,10109870DIASG,2025-12-27,111438,1,6,0,221.0
10109870DIASG_2025-12-29_G02,10109870DIASG,2025-12-29,117808,1,246,0,914.0
10109870DIASG_2025-12-29_G03,10109870DIASG,2025-12-29,111441,1,5,0,2275.0
10109870DIASG_2025-12-29_G04,10109870DIASG,2025-12-29,111530,1,4,0,139.0
10109870DIASG_2025-12-29_G05,10109870DIASG,2025-12-29,111532,2,7,7,118.0
10109870DIASG_2025-12-29_G06,10109870DIASG,2025-12-29,117820,1,200,0,745.0
10109870DIASG_2025-12-29_G07,10109870DIASG,2025-12-29,118299,1,19,0,971.0
10109870DIASG_2025-12-29_G08,10109870DIASG,2025-12-29,110373,5,329,79,188.0
10109870DIASG_2025-12-29_G09,10109870DIASG,2025-12-29,117808,1,21,0,721.0
10109870DIASG_2025-12-29_G10,10109870DIASG,2025-12-29,110742,1,8,0,435.0
10109870DIASG_2025-12-29_G11,10109870DIASG,2025-12-29,111532,1,15,0,2642.0
10109870DIASG_2025-12-30_G02,10109870DIASG,2025-12-30,110373,1,4,0,201.0
10109870DIASG_2025-12-30_G03,10109870DIASG,2025-12-30,110787,1,3,0,139.0
10109870DIASG_2025-12-30_G04,10109870DIASG,2025-12-30,110313,1,1,0,81.0
10109870DIASG_2025-12-30_G05,10109870DIASG,2025-12-30,110373,1,16,0,131.0
10109870DIASG_2025-12-30_G06,10109870DIASG,2025-12-30,110787,1,9,0,171.0
10109870DIASG_2025-12-30_G07,10109870DIASG,2025-12-30,111469,1,8,0,184.0
10109870DIASG_2025-12-30_G08,10109870DIASG,2025-12-30,111462,1,4,0,186.0
10109870DIASG_2025-12-30_G09,10109870DIASG,2025-12-30,110313,1,4,0,225.0
10109870DIASG_2025-12-30_G10,10109870DIASG,2025-12-30,111441,1,4,0,330.0
10109870DIASG_2025-12-30_G11,10109870DIASG,2025-12-30,110748,1,4,0,360.0
10109870DIASG_2025-12-30_G12,10109870DIASG,2025-12-30,117820,1,16,0,962.0
10109870DIASG_2025-12-30_G13,10109870DIASG,2025-12-30,110373,2,24,6,398.0
10109870DIASG_2025-12-30_G14,10109870DIASG,2025-12-30,110313,1,7,0,398.0
10109870DIASG_2025-12-30_G15,10109870DIASG,2025-12-30,111532,1,19,0,447.0
10109870DIASG_2025-12-30_G16,10109870DIASG,2025-12-30,110374,1,1,0,854.0
10109870DIASG_2025-12-30_G17,10109870DIASG,2025-12-30,110372,1,7,0,198.0
10109870DIASG_2025-12-30_G18,10109870DIASG,2025-12-30,110376,1,2,0,119.0
10109870DIASG_2025-12-30_G19,10109870DIASG,2025-12-30,107830,1,2,0,127.0
10109870DIASG_2025-12-30_G20,10109870DIASG,2025-12-30,111532,1,3,0,72.0
10109870DIASG_2025-12-30_G21,10109870DIASG,2025-12-30,110313,1,4,0,75.0
10109870DIASG_2025-12-30_G22,10109870DIASG,2025-12-30,111462,1,8,0,141.0
10109870DIASG_2025-12-30_G23,10109870DIASG,2025-12-30,110742,1,2,0,855.0
10109870DIASG_2025-12-30_G24,10109870DIASG,2025-12-30,117820,1,8,0,126.0
10109870DIASG_2025-12-30_G25,10109870DIASG,2025-12-30,111442,1,4,0,314.0
10109870DIASG_2025-12-30_G26,10109870DIASG,2025-12-30,111743,1,4,0,363.0
10109870DIASG_2025-12-30_G27,10109870DIASG,2025-12-30,117820,1,12,0,146.0
10109870DIASG_2025-12-30_G28,10109870DIASG,2025-12-30,117820,1,20,0,184.0
10109870DIASG_2025-12-30_G29,10109870DIASG,2025-12-30,118306,1,8,0,106.0
10109870DIASG_2025-12-30_G30,10109870DIASG,2025-12-30,111441,1,4,0,1688.0
10109870DIASG_2025-12-30_G31,10109870DIASG,2025-12-30,110787,1,12,0,361.0
10109870DIASG_2025-12-30_G32,10109870DIASG,2025-12-30,111442,1,4,0,70.0
10109870DIASG_2025-12-30_G33,10109870DIASG,2025-12-30,117820,1,8,0,148.0
10109870DIASG_2025-12-30_G34,10109870DIASG,2025-12-30,118299,1,8,0,174.0
10109870DIASG_2025-12-30_G35,10109870DIASG,2025-12-30,117820,1,9,0,500.0
10109870DIASG_2025-12-30_G36,10109870DIASG,2025-12-30,118299,1,9,0,99.0
10109870DIASG_2025-12-30_G37,10109870DIASG,2025-12-30,110787,1,1,0,86.0
10109870DIASG_2025-12-30_G39,10109870DIASG,2025-12-30,107830,1,4,0,136.0
10109870DIASG_2025-12-30_G40,10109870DIASG,2025-12-30,117808,1,146,0,577.0
10109870DIASG_2025-12-30_G41,10109870DIASG,2025-12-30,117820,3,122,21,422.0
10109870DIASG_2025-12-30_G42,10109870DIASG,2025-12-30,110373,1,12,0,183.0
10109870DIASG_2025-12-30_G43,10109870DIASG,2025-12-30,117820,1,6,0,2866.0
10109870DIASG_2025-12-30_G44,10109870DIASG,2025-12-30,111532,1,11,0,104.0
10109870DIASG_2025-12-30_G45,10109870DIASG,2025-12-30,111532,2,8,6,242.0
10109870DIASG_2025-12-30_G46,10109870DIASG,2025-12-30,117820,1,20,0,75.0
10109870DIASG_2025-12-30_G47,10109870DIASG,2025-12-30,111532,1,2,0,825.0
10109870DIASG_2025-12-30_G48,10109870DIASG,2025-12-30,110313,1,3,0,161.0
10109870DIASG_2025-12-30_G49,10109870DIASG,2025-12-30,110313,1,9,0,302.0
10109870DIASG_2025-12-30_G50,10109870DIASG,2025-12-30,107830,1,2,0,257.0
10109870DIASG_2025-12-30_G51,10109870DIASG,2025-12-30,107830,1,2,0,54.0
10109870DIASG_2025-12-30_G52,10109870DIASG,2025-12-30,110373,1,8,0,142.0
10109870DIASG_2025-12-30_G53,10109870DIASG,2025-12-30,110787,1,4,0,143.0
10109870DIASG_2025-12-30_G54,10109870DIASG,2025-12-30,110787,1,2,0,79.0
10109870DIASG_2025-12-30_G55,10109870DIASG,2025-12-30,117820,1,10,0,101.0
10109870DIASG_2025-12-30_G56,10109870DIASG,2025-12-30,111532,1,3,0,576.0
10109870DIASG_2025-12-30_G57,10109870DIASG,2025-12-30,111532,1,5,0,138.0
10109870DIASG_2025-12-30_G58,10109870DIASG,2025-12-30,117820,2,34,7,63.0
10109870DIASG_2025-12-30_G59,10109870DIASG,2025-12-30,111462,1,4,0,1757.0
10109870DIASG_2025-12-30_G60,10109870DIASG,2025-12-30,118306,1,4,0,317.0
10109870DIASG_2025-12-30_G61,10109870DIASG,2025-12-30,110313,1,2,0,89.0
10109870DIASG_2025-12-30_G62,10109870DIASG,2025-12-30,107830,1,8,0,549.0
10109870DIASG_2025-12-30_G63,10109870DIASG,2025-12-30,107830,1,16,0,51.0
10109870DIASG_2026-01-02_G02,10109870DIASG,2026-01-02,110313,1,2,0,313.0
10109870DIASG_2026-01-02_G03,10109870DIASG,2026-01-02,140923,1,5,0,228.0
10109870DIASG_2026-01-02_G04,10109870DIASG,2026-01-02,110711,1,5,0,167.0
10109870DIASG_2026-01-02_G05,10109870DIASG,2026-01-02,108794,1,4,0,323.0
10109870DIASG_2026-01-02_G06,10109870DIASG,2026-01-02,108794,1,1,0,32.0
10109870DIASG_2026-01-02_G07,10109870DIASG,2026-01-02,117838,1,2,0,351.0
10109870DIASG_2026-01-02_G08,10109870DIASG,2026-01-02,111462,1,6,0,131.0
10109870DIASG_2026-01-02_G09,10109870DIASG,2026-01-02,141456,1,8,0,137.0
10109870DIASG_2026-01-02_G10,10109870DIASG,2026-01-02,110372,1,4,0,107.0
10109870DIASG_2026-01-02_G11,10109870DIASG,2026-01-02,109648,1,2,0,56.0
10109870DIASG_2026-01-02_G12,10109870DIASG,2026-01-02,108794,1,3,0,99.0
10109870DIASG_2026-01-02_G13,10109870DIASG,2026-01-02,110313,1,2,0,112.0
10109870DIASG_2026-01-02_G14,10109870DIASG,2026-01-02,108794,1,2,0,94.0
10109870DIASG_2026-01-02_G15,10109870DIASG,2026-01-02,108794,1,5,0,389.0
10109870DIASG_2026-01-02_G16,10109870DIASG,2026-01-02,117820,1,10,0,60.0
10109870DIASG_2026-01-02_G17,10109870DIASG,2026-01-02,110374,1,23,0,503.0
10109870DIASG_2026-01-02_G18,10109870DIASG,2026-01-02,110372,1,1343,0,222.0
10109870DIASG_2026-01-07_G02,10109870DIASG,2026-01-07,108770,1,20,0,307.0
10109870DIASG_2026-01-07_G03,10109870DIASG,2026-01-07,110310,1,4,0,228.0
10109870DIASG_2026-01-07_G04,10109870DIASG,2026-01-07,111438,1,10,0,172.0
10109870DIASG_2026-01-07_G05,10109870DIASG,2026-01-07,118306,1,4,0,155.0
10109870DIASG_2026-01-07_G06,10109870DIASG,2026-01-07,118283,1,8,0,621.0
10109870DIASG_2026-01-07_G07,10109870DIASG,2026-01-07,117836,1,2,0,217.0
10109870DIASG_2026-01-07_G08,10109870DIASG,2026-01-07,108031,1,1,0,45.0
10109870DIASG_2026-01-07_G09,10109870DIASG,2026-01-07,110747,1,8,0,158.0
10109870DIASG_2026-01-07_G10,10109870DIASG,2026-01-07,116527,1,4,0,98.0
10109870DIASG_2026-01-07_G11,10109870DIASG,2026-01-07,111779,1,2,0,98.0
10109870DIASG_2026-01-07_G12,10109870DIASG,2026-01-07,105359,1,3,0,2277.0
10109870DIASG_2026-01-07_G13,10109870DIASG,2026-01-07,141318,1,10,0,108.0
10109870DIASG_2026-01-07_G14,10109870DIASG,2026-01-07,110755,1,20,0,147.0
10109870DIASG_2026-01-07_G15,10109870DIASG,2026-01-07,111851,1,2,0,372.0
10109870DIASG_2026-01-07_G16,10109870DIASG,2026-01-07,110623,1,10,0,141.0
10109870DIASG_2026-01-07_G17,10109870DIASG,2026-01-07,110748,1,10,0,434.0
10109870DIASG_2026-01-07_G18,10109870DIASG,2026-01-07,111435,1,10,0,128.0
10109870DIASG_2026-01-07_G19,10109870DIASG,2026-01-07,111348,1,10,0,1174.0
10109870DIASG_2026-01-07_G20,10109870DIASG,2026-01-07,110743,1,2,0,86.0
10109870DIASG_2026-01-07_G21,10109870DIASG,2026-01-07,110787,1,22,0,343.0
10109870DIASG_2026-01-07_G22,10109870DIASG,2026-01-07,109648,1,4,0,630.0
10109870DIASG_2026-01-07_G23,10109870DIASG,2026-01-07,117832,1,16,0,429.0
10109870DIASG_2026-01-07_G24,10109870DIASG,2026-01-07,110375,1,50,0,223.0
10109870DIASG_2026-01-07_G25,10109870DIASG,2026-01-07,107830,1,20,0,399.0
10109870DIASG_2026-01-07_G26,10109870DIASG,2026-01-07,141202,2,30,4,163.0
10109870DIASG_2026-01-07_G27,10109870DIASG,2026-01-07,110129,1,50,0,452.0
10109870DIASG_2026-01-07_G28,10109870DIASG,2026-01-07,117838,1,10,0,281.0
10109870DIASG_2026-01-08_G02,10109870DIASG,2026-01-08,108794,1,7,0,92.0
10109870DIASG_2026-01-08_G03,10109870DIASG,2026-01-08,117785,1,4,0,85.0
10109870DIASG_2026-01-08_G04,10109870DIASG,2026-01-08,117821,1,8,0,218.0
10109870DIASG_2026-01-08_G05,10109870DIASG,2026-01-08,141823,1,3,0,112.0
10109870DIASG_2026-01-08_G06,10109870DIASG,2026-01-08,111433,1,3,0,218.0
10109870DIASG_2026-01-08_G07,10109870DIASG,2026-01-08,111569,1,10,0,1646.0
10109870DIASG_2026-01-08_G08,10109870DIASG,2026-01-08,116527,1,4,0,133.0
10109870DIASG_2026-01-08_G09,10109870DIASG,2026-01-08,110755,1,7,0,256.0
10109870DIASG_2026-01-08_G10,10109870DIASG,2026-01-08,110754,1,2,0,69.0
10109870DIASG_2026-01-08_G11,10109870DIASG,2026-01-08,105705,1,2,0,132.0
10109870DIASG_2026-01-08_G12,10109870DIASG,2026-01-08,108795,1,3,0,47.0
10109870DIASG_2026-01-08_G13,10109870DIASG,2026-01-08,117821,1,8,0,96.0
10109870DIASG_2026-01-08_G14,10109870DIASG,2026-01-08,116241,1,2,0,52.0
10109870DIASG_2026-01-08_G15,10109870DIASG,2026-01-08,110787,1,3,0,89.0
10109870DIASG_2026-01-08_G16,10109870DIASG,2026-01-08,111433,1,1,0,79.0
10109870DIASG_2026-01-08_G17,10109870DIASG,2026-01-08,108798,1,4,0,760.0
10109870DIASG_2026-01-08_G18,10109870DIASG,2026-01-08,117831,1,2,0,38.0
10109870DIASG_2026-01-08_G19,10109870DIASG,2026-01-08,110740,1,8,0,152.0
10109870DIASG_2026-01-08_G20,10109870DIASG,2026-01-08,107236,1,6,0,110.0
10109870DIASG_2026-01-08_G21,10109870DIASG,2026-01-08,108711,1,4,0,262.0
10109870DIASG_2026-01-08_G22,10109870DIASG,2026-01-08,110371,1,16,0,226.0
10109870DIASG_2026-01-08_G23,10109870DIASG,2026-01-08,117808,1,158,0,283.0
10109870DIASG_2026-01-08_G24,10109870DIASG,2026-01-08,110372,1,7,0,547.0
10109870DIASG_2026-01-08_G25,10109870DIASG,2026-01-08,110373,1,50,0,32.0
10109870DIASG_2026-01-09_G02,10109870DIASG,2026-01-09,141823,1,3,0,561.0
10109870DIASG_2026-01-09_G03,10109870DIASG,2026-01-09,111463,1,5,0,91.0
10109870DIASG_2026-01-09_G04,10109870DIASG,2026-01-09,140923,1,10,0,173.0
10109870DIASG_2026-01-09_G05,10109870DIASG,2026-01-09,117856,1,4,0,115.0
10109870DIASG_2026-01-09_G06,10109870DIASG,2026-01-09,111438,1,6,0,578.0
10109870DIASG_2026-01-09_G07,10109870DIASG,2026-01-09,"117808, 110373",2,8,27,443.0
10109870DIASG_2026-01-09_G08,10109870DIASG,2026-01-09,117820,1,15,0,114.0
10109870DIASG_2026-01-09_G09,10109870DIASG,2026-01-09,111532,1,8,0,482.0
10109870DIASG_2026-01-09_G10,10109870DIASG,2026-01-09,111418,1,22,0,248.0
10109870DIASG_2026-01-09_G11,10109870DIASG,2026-01-09,141458,1,3,0,129.0
10109870DIASG_2026-01-09_G12,10109870DIASG,2026-01-09,118140,1,10,0,318.0
10109870DIASG_2026-01-09_G13,10109870DIASG,2026-01-09,141456,1,2,0,103.0
10109870DIASG_2026-01-09_G14,10109870DIASG,2026-01-09,117808,1,22,0,1346.0
10109870DIASG_2026-01-09_G15,10109870DIASG,2026-01-09,"117809, 110373",2,24,25,518.0
10109870DIASG_2026-01-09_G16,10109870DIASG,2026-01-09,118299,1,13,0,891.0
10109870DIASG_2026-01-09_G17,10109870DIASG,2026-01-09,117820,1,23,0,538.0
10109870DIASG_2026-01-09_G18,10109870DIASG,2026-01-09,117830,1,8,0,95.0
10109870DIASG_2026-01-09_G19,10109870DIASG,2026-01-09,110375,1,4,0,59.0
10109870DIASG_2026-01-09_G20,10109870DIASG,2026-01-09,110372,1,30,0,183.0
10109870DIASG_2026-01-09_G22,10109870DIASG,2026-01-09,110372,1,11,0,466.0
10109870DIASG_2026-01-09_G23,10109870DIASG,2026-01-09,110373,1,34,0,83.0
10109870DIASG_2026-01-09_G24,10109870DIASG,2026-01-09,118299,1,180,0,1286.0
10109870DIASG_2026-01-09_G25,10109870DIASG,2026-01-09,110371,1,7,0,164.0
10109870DIASG_2026-01-09_G26,10109870DIASG,2026-01-09,117820,1,166,0,549.0
10109870DIASG_2026-01-09_G27,10109870DIASG,2026-01-09,110372,1,600,0,2034.0
10109870DIASG_2026-01-09_G28,10109870DIASG,2026-01-09,117822,1,5,0,459.0
10109870DIASG_2026-01-09_G29,10109870DIASG,2026-01-09,141202,1,19,0,192.0
10109870DIASG_2026-01-09_G30,10109870DIASG,2026-01-09,111532,1,20,0,1576.0
10109870DIASG_2026-01-09_G31,10109870DIASG,2026-01-09,118285,1,4,0,390.0
10109870DIASG_2026-01-09_G32,10109870DIASG,2026-01-09,118140,1,12,0,98.0
10109870DIASG_2026-01-09_G33,10109870DIASG,2026-01-09,118418,1,4,0,284.0
10109870DIASG_2026-01-09_G34,10109870DIASG,2026-01-09,108770,1,4,0,57.0
10109870DIASG_2026-01-09_G35,10109870DIASG,2026-01-09,110310,1,4,0,86.0
10109870DIASG_2026-01-09_G36,10109870DIASG,2026-01-09,111437,1,4,0,224.0
10109870DIASG_2026-01-09_G37,10109870DIASG,2026-01-09,105359,1,3,0,62.0
10109870DIASG_2026-01-09_G38,10109870DIASG,2026-01-09,110749,1,4,0,129.0
10109870DIASG_2026-01-10_G02,10109870DIASG,2026-01-10,111430,1,4,0,66.0
10109870DIASG_2026-01-10_G03,10109870DIASG,2026-01-10,110747,1,4,0,185.0
10109870DIASG_2026-01-10_G04,10109870DIASG,2026-01-10,141916,1,1,0,236.0
10109870DIASG_2026-01-10_G05,10109870DIASG,2026-01-10,110755,1,4,0,118.0
10109870DIASG_2026-01-10_G06,10109870DIASG,2026-01-10,142045,2,6,7,358.0
10109870DIASG_2026-01-10_G07,10109870DIASG,2026-01-10,110747,1,4,0,131.0
10109870DIASG_2026-01-10_G08,10109870DIASG,2026-01-10,141916,1,4,0,76.0
10109870DIASG_2026-01-10_G09,10109870DIASG,2026-01-10,100334,1,4,0,171.0
10109870DIASG_2026-01-10_G10,10109870DIASG,2026-01-10,110755,2,6,7,145.0
10109870DIASG_2026-01-10_G11,10109870DIASG,2026-01-10,111465,1,2,0,75.0
10109870DIASG_2026-01-10_G12,10109870DIASG,2026-01-10,111532,1,7,0,234.0
10109870DIASG_2026-01-10_G13,10109870DIASG,2026-01-10,111462,1,2,0,79.0
10109870DIASG_2026-01-10_G14,10109870DIASG,2026-01-10,110748,1,4,0,490.0
10109870DIASG_2026-01-10_G15,10109870DIASG,2026-01-10,117833,1,4,0,232.0
10109870DIASG_2026-01-10_G16,10109870DIASG,2026-01-10,108795,1,4,0,161.0
10109870DIASG_2026-01-10_G17,10109870DIASG,2026-01-10,108794,1,8,0,93.0
10109870DIASG_2026-01-10_G18,10109870DIASG,2026-01-10,110372,1,90,0,173.0
10109870DIASG_2026-01-10_G19,10109870DIASG,2026-01-10,117809,1,80,0,423.0
10109870DIASG_2026-01-10_G20,10109870DIASG,2026-01-10,110373,1,140,0,3003.0
10109870DIASG_2026-01-10_G21,10109870DIASG,2026-01-10,109648,1,4,0,1153.0
10109870DIASG_2026-01-10_G22,10109870DIASG,2026-01-10,118299,1,200,0,513.0
10109870DIASG_2026-01-10_G23,10109870DIASG,2026-01-10,117830,1,42,0,572.0
10109870DIASG_2026-01-10_G24,10109870DIASG,2026-01-10,110371,1,180,0,605.0
10109870DIASG_2026-01-10_G25,10109870DIASG,2026-01-10,107830,1,14,0,600.0
10109870DIASG_2026-01-10_G26,10109870DIASG,2026-01-10,118418,1,4,0,1176.0
10109870DIASG_2026-01-10_G27,10109870DIASG,2026-01-10,140956,1,2,0,103.0
10109870DIASG_2026-01-10_G28,10109870DIASG,2026-01-10,110746,1,8,0,142.0
10109870DIASG_2026-01-10_G29,10109870DIASG,2026-01-10,111441,1,10,0,262.0
10109870DIASG_2026-01-10_G30,10109870DIASG,2026-01-10,141696,1,4,0,235.0
10109870DIASG_2026-01-10_G31,10109870DIASG,2026-01-10,111569,1,12,0,237.0
10109870DIASG_2026-01-10_G32,10109870DIASG,2026-01-10,110841,1,5,0,129.0
10109870DIASG_2026-01-10_G33,10109870DIASG,2026-01-10,110895,1,8,0,96.0
10109870DIASG_2026-01-10_G34,10109870DIASG,2026-01-10,117834,1,4,0,83.0
10109870DIASG_2026-01-10_G35,10109870DIASG,2026-01-10,109471,1,4,0,73.0
10109870DIASG_2026-01-10_G36,10109870DIASG,2026-01-10,111356,1,4,0,68.0
10109870DIASG_2026-01-10_G37,10109870DIASG,2026-01-10,117838,1,4,0,298.0
10109870DIASG_2026-01-10_G38,10109870DIASG,2026-01-10,141823,1,12,0,374.0
10109870DIASG_2026-01-10_G39,10109870DIASG,2026-01-10,111463,1,45,0,183.0
10109870DIASG_2026-01-10_G40,10109870DIASG,2026-01-10,111465,1,4,0,516.0
10109870DIASG_2026-01-10_G42,10109870DIASG,2026-01-10,141318,1,4,0,76.0
10109870DIASG_2026-01-10_G43,10109870DIASG,2026-01-10,110755,1,9,0,231.0
10109870DIASG_2026-01-10_G44,10109870DIASG,2026-01-10,110747,1,8,0,227.0
10109870DIASG_2026-01-10_G45,10109870DIASG,2026-01-10,111743,1,7,0,2782.0
10109870DIASG_2026-01-10_G46,10109870DIASG,2026-01-10,105705,1,1,0,49.0
10109870DIASG_2026-01-10_G47,10109870DIASG,2026-01-10,111532,2,10,8,103.0
10109870DIASG_2026-01-10_G48,10109870DIASG,2026-01-10,118140,2,10,8,830.0
10109870DIASG_2026-01-10_G49,10109870DIASG,2026-01-10,111462,1,14,0,507.0
10109870DIASG_2026-01-10_G50,10109870DIASG,2026-01-10,111418,1,12,0,267.0
10109870DIASG_2026-01-10_G51,10109870DIASG,2026-01-10,110332,1,1,0,231.0
10109870DIASG_2026-01-10_G52,10109870DIASG,2026-01-10,141458,1,5,0,93.0
10109870DIASG_2026-01-10_G53,10109870DIASG,2026-01-10,"110745, 111444",2,3,15,34.0
10109870DIASG_2026-01-10_G54,10109870DIASG,2026-01-10,"111465, 110740",2,15,14,115.0
10109870DIASG_2026-01-12_G02,10109870DIASG,2026-01-12,111418,1,116,0,380.0
10109870DIASG_2026-01-12_G03,10109870DIASG,2026-01-12,111182,1,8,0,384.0
10109870DIASG_2026-01-12_G04,10109870DIASG,2026-01-12,109641,1,6,0,357.0
10109870DIASG_2026-01-12_G05,10109870DIASG,2026-01-12,111418,1,15,0,716.0
10109870DIASG_2026-01-12_G06,10109870DIASG,2026-01-12,111466,1,32,0,204.0
10109870DIASG_2026-01-12_G07,10109870DIASG,2026-01-12,111463,1,17,0,355.0
10109870DIASG_2026-01-12_G08,10109870DIASG,2026-01-12,111466,1,2,0,215.0
10109870DIASG_2026-01-12_G09,10109870DIASG,2026-01-12,141456,1,14,0,238.0
10109870DIASG_2026-01-12_G10,10109870DIASG,2026-01-12,110733,1,5,0,468.0
10109870DIASG_2026-01-12_G11,10109870DIASG,2026-01-12,118094,1,11,0,211.0
10109870DIASG_2026-01-12_G12,10109870DIASG,2026-01-12,110741,1,2,0,67.0
10109870DIASG_2026-01-12_G13,10109870DIASG,2026-01-12,140923,1,19,0,148.0
10109870DIASG_2026-01-12_G14,10109870DIASG,2026-01-12,141047,1,4,0,255.0
10109870DIASG_2026-01-12_G15,10109870DIASG,2026-01-12,117855,1,27,0,475.0
10109870DIASG_2026-01-12_G16,10109870DIASG,2026-01-12,110752,1,4,0,145.0
10109870DIASG_2026-01-12_G17,10109870DIASG,2026-01-12,117808,1,174,0,247.0
10109870DIASG_2026-01-12_G18,10109870DIASG,2026-01-12,110373,1,50,0,817.0
10109870DIASG_2026-01-12_G19,10109870DIASG,2026-01-12,118299,1,30,0,212.0
10109870DIASG_2026-01-12_G20,10109870DIASG,2026-01-12,110371,1,11,0,370.0
10109870DIASG_2026-01-12_G22,10109870DIASG,2026-01-12,108794,1,1,0,79.0
10109870DIASG_2026-01-12_G24,10109870DIASG,2026-01-12,118140,2,12,9,158.0
10109870DIASG_2026-01-12_G25,10109870DIASG,2026-01-12,117831,1,42,0,225.0
10109870DIASG_2026-01-12_G26,10109870DIASG,2026-01-12,111462,1,17,0,416.0
10109870DIASG_2026-01-12_G27,10109870DIASG,2026-01-12,111418,2,38,9,266.0
10109870DIASG_2026-01-12_G28,10109870DIASG,2026-01-12,111468,1,2,0,429.0
10109870DIASG_2026-01-12_G29,10109870DIASG,2026-01-12,117838,1,2,0,84.0
10109870DIASG_2026-01-12_G30,10109870DIASG,2026-01-12,108798,1,1,0,86.0
10109870DIASG_2026-01-12_G31,10109870DIASG,2026-01-12,111463,1,2,0,62.0
10109870DIASG_2026-01-12_G32,10109870DIASG,2026-01-12,111469,1,28,0,145.0
10109870DIASG_2026-01-12_G33,10109870DIASG,2026-01-12,110740,1,4,0,469.0
10109870DIASG_2026-01-12_G34,10109870DIASG,2026-01-12,"141066, 117862",2,3,19,404.0
10109870DIASG_2026-01-12_G35,10109870DIASG,2026-01-12,140923,1,3,0,108.0
10109870DIASG_2026-01-12_G36,10109870DIASG,2026-01-12,117861,1,9,0,70.0
10109870DIASG_2026-01-12_G37,10109870DIASG,2026-01-12,107629,1,4,0,123.0
10109870DIASG_2026-01-12_G38,10109870DIASG,2026-01-12,111530,1,26,0,185.0
10109870DIASG_2026-01-12_G39,10109870DIASG,2026-01-12,117853,1,12,0,334.0
10109870DIASG_2026-01-12_G40,10109870DIASG,2026-01-12,117808,2,121,19,250.0
10109870DIASG_2026-01-12_G41,10109870DIASG,2026-01-12,118418,1,1,0,1737.0
10109870DIASG_2026-01-12_G42,10109870DIASG,2026-01-12,142045,2,14,25,96.0
10109870DIASG_2026-01-12_G43,10109870DIASG,2026-01-12,118290,1,10,0,371.0
10109870DIASG_2026-01-12_G44,10109870DIASG,2026-01-12,109643,1,4,0,143.0
10109870DIASG_2026-01-12_G45,10109870DIASG,2026-01-12,117832,1,28,0,280.0
10109870DIASG_2026-01-12_G46,10109870DIASG,2026-01-12,117820,1,35,0,189.0
10109870DIASG_2026-01-12_G47,10109870DIASG,2026-01-12,110375,1,4,0,203.0
10109870DIASG_2026-01-12_G48,10109870DIASG,2026-01-12,117808,1,13,0,216.0
10109870DIASG_2026-01-12_G49,10109870DIASG,2026-01-12,117862,1,2,0,301.0
10109870DIASG_2026-01-12_G50,10109870DIASG,2026-01-12,110733,1,3,0,69.0
10109870DIASG_2026-01-12_G51,10109870DIASG,2026-01-12,117855,2,7,7,52.0
10109870DIASG_2026-01-12_G52,10109870DIASG,2026-01-12,118094,1,4,0,182.0
10109870DIASG_2026-01-12_G53,10109870DIASG,2026-01-12,111530,1,4,0,157.0
10109870DIASG_2026-01-12_G54,10109870DIASG,2026-01-12,117786,1,2,0,72.0
10109870DIASG_2026-01-12_G55,10109870DIASG,2026-01-12,111469,1,4,0,139.0
10109870DIASG_2026-01-12_G56,10109870DIASG,2026-01-12,111463,1,12,0,141.0
10109870DIASG_2026-01-12_G57,10109870DIASG,2026-01-12,118140,2,5,10,817.0
10109870DIASG_2026-01-12_G58,10109870DIASG,2026-01-12,117831,1,4,0,65.0
10109870DIASG_2026-01-12_G59,10109870DIASG,2026-01-12,111418,1,11,0,53.0
10109870DIASG_2026-01-12_G60,10109870DIASG,2026-01-12,111466,2,6,7,152.0
10109870DIASG_2026-01-12_G61,10109870DIASG,2026-01-12,111468,1,4,0,37.0
10109870DIASG_2026-01-12_G62,10109870DIASG,2026-01-12,111463,1,12,0,190.0
10109870DIASG_2026-01-12_G63,10109870DIASG,2026-01-12,110372,1,2,0,114.0
10109870DIASG_2026-01-12_G64,10109870DIASG,2026-01-12,110373,1,8,0,64.0
10109870DIASG_2026-01-12_G65,10109870DIASG,2026-01-12,110371,1,3,0,221.0
10109870DIASG_2026-01-13_G02,10109870DIASG,2026-01-13,117809,1,12,0,475.0
10109870DIASG_2026-01-13_G03,10109870DIASG,2026-01-13,110373,1,40,0,76.0
10109870DIASG_2026-01-13_G04,10109870DIASG,2026-01-13,110371,1,40,0,292.0
10109870DIASG_2026-01-13_G05,10109870DIASG,2026-01-13,109643,1,4,0,239.0
10109870DIASG_2026-01-13_G06,10109870DIASG,2026-01-13,110375,1,8,0,258.0
10109870DIASG_2026-01-13_G07,10109870DIASG,2026-01-13,117830,1,12,0,490.0
10109870DIASG_2026-01-13_G08,10109870DIASG,2026-01-13,117831,1,6,0,254.0
10109870DIASG_2026-01-13_G09,10109870DIASG,2026-01-13,142045,1,1,0,144.0
10109870DIASG_2026-01-13_G10,10109870DIASG,2026-01-13,111569,1,2,0,63.0
10109870DIASG_2026-01-13_G11,10109870DIASG,2026-01-13,110747,1,2,0,126.0
10109870DIASG_2026-01-13_G12,10109870DIASG,2026-01-13,118140,1,6,0,356.0
10109870DIASG_2026-01-13_G13,10109870DIASG,2026-01-13,"117831, 111418",2,8,18,108.0
10109870DIASG_2026-01-13_G14,10109870DIASG,2026-01-13,117821,1,4,0,59.0
10109870DIASG_2026-01-13_G15,10109870DIASG,2026-01-13,109645,1,4,0,75.0
10109870DIASG_2026-01-13_G16,10109870DIASG,2026-01-13,111463,1,4,0,131.0
10109870DIASG_2026-01-13_G17,10109870DIASG,2026-01-13,141458,1,6,0,53.0
10109870DIASG_2026-01-13_G18,10109870DIASG,2026-01-13,110745,1,5,0,82.0
10109870DIASG_2026-01-13_G19,10109870DIASG,2026-01-13,111465,1,5,0,67.0
10109870DIASG_2026-01-13_G20,10109870DIASG,2026-01-13,110740,1,4,0,79.0
10109870DIASG_2026-01-13_G21,10109870DIASG,2026-01-13,111743,1,2,0,1148.0
10109870DIASG_2026-01-13_G22,10109870DIASG,2026-01-13,"117842, 105705",2,6,24,365.0
10109870DIASG_2026-01-13_G23,10109870DIASG,2026-01-13,"111532, 118140",2,8,18,122.0
10109870DIASG_2026-01-13_G24,10109870DIASG,2026-01-13,111418,1,3,0,225.0
10109870DIASG_2026-01-13_G25,10109870DIASG,2026-01-13,140922,1,4,0,69.0
10109870DIASG_2026-01-13_G26,10109870DIASG,2026-01-13,109645,1,2,0,42.0
10109870DIASG_2026-01-13_G27,10109870DIASG,2026-01-13,111435,1,4,0,176.0
10109870DIASG_2026-01-13_G28,10109870DIASG,2026-01-13,109641,1,1,0,166.0
10109870DIASG_2026-01-13_G29,10109870DIASG,2026-01-13,117833,1,1,0,553.0
10109870DIASG_2026-01-13_G30,10109870DIASG,2026-01-13,111532,1,4,0,78.0
10109870DIASG_2026-01-13_G31,10109870DIASG,2026-01-13,118140,1,4,0,85.0
10109870DIASG_2026-01-13_G32,10109870DIASG,2026-01-13,"117831, 111418",2,8,24,49.0
10109870DIASG_2026-01-13_G33,10109870DIASG,2026-01-13,140922,1,3,0,58.0
10109870DIASG_2026-01-13_G34,10109870DIASG,2026-01-13,109645,1,2,0,117.0
10109870DIASG_2026-01-13_G35,10109870DIASG,2026-01-13,117838,1,4,0,96.0
10109870DIASG_2026-01-13_G36,10109870DIASG,2026-01-13,141458,1,4,0,98.0
10109870DIASG_2026-01-13_G37,10109870DIASG,2026-01-13,"117787, 110740",2,8,18,133.0
10109870DIASG_2026-01-13_G38,10109870DIASG,2026-01-13,142045,1,4,0,118.0
10109870DIASG_2026-01-13_G39,10109870DIASG,2026-01-13,111569,1,4,0,64.0
10109870DIASG_2026-01-13_G41,10109870DIASG,2026-01-13,140922,1,8,0,158.0
10109870DIASG_2026-01-13_G42,10109870DIASG,2026-01-13,116241,1,2,0,107.0
10109870DIASG_2026-01-13_G43,10109870DIASG,2026-01-13,111466,1,8,0,107.0
10109870DIASG_2026-01-13_G44,10109870DIASG,2026-01-13,111435,1,2,0,89.0
10109870DIASG_2026-01-13_G45,10109870DIASG,2026-01-13,109641,1,3,0,59.0
10109870DIASG_2026-01-13_G46,10109870DIASG,2026-01-13,111443,1,2,0,106.0
10109870DIASG_2026-01-13_G47,10109870DIASG,2026-01-13,110745,1,2,0,70.0
10109870DIASG_2026-01-13_G48,10109870DIASG,2026-01-13,141916,1,4,0,90.0
10109870DIASG_2026-01-13_G49,10109870DIASG,2026-01-13,111569,1,10,0,378.0
10109870DIASG_2026-01-13_G50,10109870DIASG,2026-01-13,111438,1,10,0,201.0
10109870DIASG_2026-01-13_G51,10109870DIASG,2026-01-13,117862,1,10,0,170.0
10109870DIASG_2026-01-13_G52,10109870DIASG,2026-01-13,117856,1,10,0,170.0
10109870DIASG_2026-01-13_G53,10109870DIASG,2026-01-13,117853,1,10,0,454.0
10109870DIASG_2026-01-13_G55,10109870DIASG,2026-01-13,117831,1,51,0,358.0
10109870DIASG_2026-01-13_G56,10109870DIASG,2026-01-13,140922,1,80,0,361.0
10109870DIASG_2026-01-13_G57,10109870DIASG,2026-01-13,111466,1,48,0,242.0
10109870DIASG_2026-01-13_G58,10109870DIASG,2026-01-13,111468,1,12,0,213.0
10109870DIASG_2026-01-13_G59,10109870DIASG,2026-01-13,117854,1,8,0,1290.0
10109870DIASG_2026-01-13_G60,10109870DIASG,2026-01-13,105705,1,11,0,760.0
10109870DIASG_2026-01-13_G61,10109870DIASG,2026-01-13,117831,1,45,0,416.0
10109870DIASG_2026-01-13_G62,10109870DIASG,2026-01-13,110751,1,6,0,85.0
10109870DIASG_2026-01-13_G63,10109870DIASG,2026-01-13,116241,1,29,0,296.0
10109870DIASG_2026-01-13_G64,10109870DIASG,2026-01-13,107830,1,225,0,1017.0
10109870DIASG_2026-01-13_G65,10109870DIASG,2026-01-13,117841,1,10,0,1954.0
10109870DIASG_2026-01-14_G02,10109870DIASG,2026-01-14,117831,1,1,0,81.0
10109870DIASG_2026-01-14_G03,10109870DIASG,2026-01-14,109645,1,2,0,85.0
10109870DIASG_2026-01-14_G04,10109870DIASG,2026-01-14,111435,1,2,0,101.0
10109870DIASG_2026-01-14_G05,10109870DIASG,2026-01-14,109641,1,4,0,93.0
10109870DIASG_2026-01-14_G06,10109870DIASG,2026-01-14,111431,1,4,0,498.0
10109870DIASG_2026-01-14_G07,10109870DIASG,2026-01-14,110747,1,4,0,106.0
10109870DIASG_2026-01-14_G08,10109870DIASG,2026-01-14,110895,1,3,0,202.0
10109870DIASG_2026-01-14_G09,10109870DIASG,2026-01-14,141066,1,2,0,197.0
10109870DIASG_2026-01-14_G10,10109870DIASG,2026-01-14,117820,1,4,0,151.0
10109870DIASG_2026-01-14_G11,10109870DIASG,2026-01-14,117830,1,4,0,172.0
10109870DIASG_2026-01-14_G12,10109870DIASG,2026-01-14,118299,2,33,18,386.0
10109870DIASG_2026-01-14_G13,10109870DIASG,2026-01-14,111466,1,4,0,514.0
10109870DIASG_2026-01-14_G14,10109870DIASG,2026-01-14,117862,1,4,0,135.0
10109870DIASG_2026-01-14_G15,10109870DIASG,2026-01-14,117853,1,2,0,96.0
10109870DIASG_2026-01-14_G16,10109870DIASG,2026-01-14,117855,1,2,0,131.0
10109870DIASG_2026-01-14_G17,10109870DIASG,2026-01-14,111532,1,12,0,273.0
10109870DIASG_2026-01-14_G18,10109870DIASG,2026-01-14,110373,1,12,0,660.0
10109870DIASG_2026-01-14_G19,10109870DIASG,2026-01-14,105705,1,16,0,329.0
10109870DIASG_2026-01-14_G20,10109870DIASG,2026-01-14,108794,1,4,0,1285.0
10109870DIASG_2026-01-14_G21,10109870DIASG,2026-01-14,117831,1,2,0,62.0
10109870DIASG_2026-01-14_G22,10109870DIASG,2026-01-14,111418,1,12,0,37.0
10109870DIASG_2026-01-14_G23,10109870DIASG,2026-01-14,117821,1,4,0,51.0
10109870DIASG_2026-01-14_G24,10109870DIASG,2026-01-14,111466,1,10,0,31.0
10109870DIASG_2026-01-14_G25,10109870DIASG,2026-01-14,111468,1,2,0,98.0
10109870DIASG_2026-01-14_G26,10109870DIASG,2026-01-14,117833,1,2,0,412.0
10109870DIASG_2026-01-14_G27,10109870DIASG,2026-01-14,111463,1,6,0,72.0
10109870DIASG_2026-01-14_G28,10109870DIASG,2026-01-14,"111469, 111444",2,6,12,99.0
10109870DIASG_2026-01-14_G29,10109870DIASG,2026-01-14,111465,1,2,0,64.0
10109870DIASG_2026-01-14_G30,10109870DIASG,2026-01-14,108770,1,4,0,369.0
10109870DIASG_2026-01-14_G31,10109870DIASG,2026-01-14,"111743, 118140",2,5,30,651.0
10109870DIASG_2026-01-14_G32,10109870DIASG,2026-01-14,111418,1,2,0,41.0
10109870DIASG_2026-01-14_G33,10109870DIASG,2026-01-14,"140922, 141458",2,4,28,111.0
10109870DIASG_2026-01-14_G34,10109870DIASG,2026-01-14,117787,1,4,0,67.0
10109870DIASG_2026-01-14_G35,10109870DIASG,2026-01-14,110740,1,4,0,39.0
10109870DIASG_2026-01-14_G36,10109870DIASG,2026-01-14,142045,1,2,0,37.0
10109870DIASG_2026-01-14_G37,10109870DIASG,2026-01-14,110747,1,2,0,52.0
10109870DIASG_2026-01-14_G38,10109870DIASG,2026-01-14,141066,1,4,0,462.0
10109870DIASG_2026-01-14_G39,10109870DIASG,2026-01-14,117862,1,1,0,180.0
10109870DIASG_2026-01-14_G40,10109870DIASG,2026-01-14,140923,1,4,0,68.0
10109870DIASG_2026-01-14_G41,10109870DIASG,2026-01-14,141352,1,4,0,113.0
10109870DIASG_2026-01-14_G42,10109870DIASG,2026-01-14,117853,1,2,0,105.0
10109870DIASG_2026-01-14_G43,10109870DIASG,2026-01-14,118299,1,14,0,452.0
10109870DIASG_2026-01-14_G44,10109870DIASG,2026-01-14,117808,1,10,0,208.0
10109870DIASG_2026-01-14_G45,10109870DIASG,2026-01-14,117809,1,4,0,334.0
10109870DIASG_2026-01-14_G46,10109870DIASG,2026-01-14,109648,1,2,0,63.0
10109870DIASG_2026-01-14_G47,10109870DIASG,2026-01-14,118299,1,10,0,46.0
10109870DIASG_2026-01-14_G48,10109870DIASG,2026-01-14,140923,1,4,0,308.0
10109870DIASG_2026-01-14_G49,10109870DIASG,2026-01-14,110733,1,4,0,117.0
10109870DIASG_2026-01-14_G50,10109870DIASG,2026-01-14,141066,1,4,0,243.0
10109870DIASG_2026-01-14_G52,10109870DIASG,2026-01-14,111743,1,22,0,219.0
10109870DIASG_2026-01-14_G53,10109870DIASG,2026-01-14,118140,2,40,12,610.0
10109870DIASG_2026-01-14_G54,10109870DIASG,2026-01-14,111462,1,40,0,545.0
10109870DIASG_2026-01-14_G55,10109870DIASG,2026-01-14,111462,1,12,0,31.0
10109870DIASG_2026-01-14_G56,10109870DIASG,2026-01-14,111418,1,129,0,168.0
10109870DIASG_2026-01-14_G57,10109870DIASG,2026-01-14,117830,1,16,0,1489.0
10109870DIASG_2026-01-14_G58,10109870DIASG,2026-01-14,111418,1,89,0,1152.0
10109870DIASG_2026-01-14_G59,10109870DIASG,2026-01-14,117809,2,25,7,1388.0
10109870DIASG_2026-01-14_G60,10109870DIASG,2026-01-14,110372,3,66,20,166.0
10109870DIASG_2026-01-14_G61,10109870DIASG,2026-01-14,110373,1,30,0,551.0
10109870DIASG_2026-01-14_G62,10109870DIASG,2026-01-14,117822,1,8,0,304.0
10109870DIASG_2026-01-14_G63,10109870DIASG,2026-01-14,110371,1,20,0,300.0
10109870DIASG_2026-01-14_G64,10109870DIASG,2026-01-14,"117830, 107830",4,40,23,510.0
10109870DIASG_2026-01-14_G65,10109870DIASG,2026-01-14,118277,1,2,0,787.0
10109870DIASG_2026-01-14_G66,10109870DIASG,2026-01-14,111439,2,20,20,65.0
10109870DIASG_2026-01-14_G67,10109870DIASG,2026-01-14,118094,1,10,0,45.0
10109870DIASG_2026-01-14_G68,10109870DIASG,2026-01-14,140957,2,16,17,120.0
10109870DIASG_2026-01-14_G69,10109870DIASG,2026-01-14,117788,1,5,0,1110.0
10109870DIASG_2026-01-14_G70,10109870DIASG,2026-01-14,140923,1,1,0,53.0
10109870DIASG_2026-01-14_G71,10109870DIASG,2026-01-14,117855,3,25,26,152.0
10109870DIASG_2026-01-14_G72,10109870DIASG,2026-01-14,117855,1,8,0,34.0
10109870DIASG_2026-01-16_G02,10109870DIASG,2026-01-16,117808,1,6,0,124.0
10109870DIASG_2026-01-16_G03,10109870DIASG,2026-01-16,117808,1,6,0,105.0
10109870DIASG_2026-01-16_G04,10109870DIASG,2026-01-16,111569,1,5,0,191.0
10109870DIASG_2026-01-16_G05,10109870DIASG,2026-01-16,110747,1,4,0,1818.0
10109870DIASG_2026-01-16_G06,10109870DIASG,2026-01-16,117786,1,9,0,193.0
10109870DIASG_2026-01-16_G07,10109870DIASG,2026-01-16,111431,1,2,0,133.0
10109870DIASG_2026-01-16_G08,10109870DIASG,2026-01-16,111465,1,6,0,72.0
10109870DIASG_2026-01-16_G09,10109870DIASG,2026-01-16,117808,1,10,0,211.0
10109870DIASG_2026-01-16_G10,10109870DIASG,2026-01-16,108794,1,4,0,811.0
10109870DIASG_2026-01-16_G11,10109870DIASG,2026-01-16,140922,1,4,0,170.0
10109870DIASG_2026-01-16_G12,10109870DIASG,2026-01-16,110743,1,2,0,33.0
10109870DIASG_2026-01-16_G13,10109870DIASG,2026-01-16,109645,1,2,0,60.0
10109870DIASG_2026-01-16_G14,10109870DIASG,2026-01-16,111468,1,2,0,37.0
10109870DIASG_2026-01-16_G15,10109870DIASG,2026-01-16,141823,1,2,0,190.0
10109870DIASG_2026-01-16_G16,10109870DIASG,2026-01-16,111418,1,4,0,73.0
10109870DIASG_2026-01-16_G17,10109870DIASG,2026-01-16,117833,1,4,0,80.0
10109870DIASG_2026-01-16_G18,10109870DIASG,2026-01-16,111469,1,2,0,160.0
10109870DIASG_2026-01-16_G19,10109870DIASG,2026-01-16,110740,1,4,0,49.0
10109870DIASG_2026-01-16_G20,10109870DIASG,2026-01-16,117785,1,2,0,232.0
10109870DIASG_2026-01-16_G21,10109870DIASG,2026-01-16,118094,1,4,0,170.0
10109870DIASG_2026-01-16_G22,10109870DIASG,2026-01-16,117862,1,2,0,88.0
10109870DIASG_2026-01-16_G23,10109870DIASG,2026-01-16,110733,1,4,0,72.0
10109870DIASG_2026-01-16_G24,10109870DIASG,2026-01-16,110339,1,4,0,223.0
10109870DIASG_2026-01-16_G25,10109870DIASG,2026-01-16,117809,1,2,0,87.0
10109870DIASG_2026-01-16_G26,10109870DIASG,2026-01-16,110372,1,4,0,84.0
10109870DIASG_2026-01-16_G27,10109870DIASG,2026-01-16,117820,1,6,0,54.0
10109870DIASG_2026-01-16_G28,10109870DIASG,2026-01-16,"110313, 117862",2,5,20,391.0
10109870DIASG_2026-01-16_G29,10109870DIASG,2026-01-16,117808,1,12,0,161.0
10109870DIASG_2026-01-16_G30,10109870DIASG,2026-01-16,117862,1,3,0,89.0
10109870DIASG_2026-01-16_G31,10109870DIASG,2026-01-16,117808,1,12,0,198.0
10109870DIASG_2026-01-16_G32,10109870DIASG,2026-01-16,110747,1,4,0,285.0
10109870DIASG_2026-01-16_G33,10109870DIASG,2026-01-16,117808,1,12,0,89.0
10109870DIASG_2026-01-16_G34,10109870DIASG,2026-01-16,118299,1,30,0,327.0
10109870DIASG_2026-01-16_G35,10109870DIASG,2026-01-16,140923,1,4,0,156.0
10109870DIASG_2026-01-16_G36,10109870DIASG,2026-01-16,"110313, 117862",2,6,16,428.0
10109870DIASG_2026-01-16_G37,10109870DIASG,2026-01-16,140923,1,2,0,54.0
10109870DIASG_2026-01-16_G38,10109870DIASG,2026-01-16,117856,1,4,0,192.0
10109870DIASG_2026-01-16_G39,10109870DIASG,2026-01-16,117855,1,4,0,63.0
10109870DIASG_2026-01-16_G40,10109870DIASG,2026-01-16,110895,1,4,0,136.0
10109870DIASG_2026-01-16_G41,10109870DIASG,2026-01-16,141916,1,4,0,173.0
10109870DIASG_2026-01-16_G42,10109870DIASG,2026-01-16,117808,1,4,0,99.0
10109870DIASG_2026-01-16_G43,10109870DIASG,2026-01-16,118299,1,7,0,94.0
10109870DIASG_2026-01-16_G44,10109870DIASG,2026-01-16,111743,1,2,0,200.0
10109870DIASG_2026-01-16_G45,10109870DIASG,2026-01-16,117833,1,1,0,93.0
10109870DIASG_2026-01-16_G46,10109870DIASG,2026-01-16,111743,1,1,0,1911.0
10109870DIASG_2026-01-16_G47,10109870DIASG,2026-01-16,140922,1,1,0,84.0
10109870DIASG_2026-01-16_G48,10109870DIASG,2026-01-16,117831,1,4,0,46.0
10109870DIASG_2026-01-16_G49,10109870DIASG,2026-01-16,116241,1,2,0,33.0
10109870DIASG_2026-01-16_G50,10109870DIASG,2026-01-16,111468,1,4,0,82.0
10109870DIASG_2026-01-16_G51,10109870DIASG,2026-01-16,111435,1,4,0,78.0
10109870DIASG_2026-01-16_G52,10109870DIASG,2026-01-16,141823,1,2,0,85.0
10109870DIASG_2026-01-16_G54,10109870DIASG,2026-01-16,110740,1,4,0,115.0
10109870DIASG_2026-01-16_G55,10109870DIASG,2026-01-16,118140,1,4,0,52.0
10109870DIASG_2026-01-16_G56,10109870DIASG,2026-01-16,117809,1,3,0,155.0
10109870DIASG_2026-01-16_G57,10109870DIASG,2026-01-16,"117830, 107830",2,5,28,153.0
10109870DIASG_2026-01-16_G58,10109870DIASG,2026-01-16,110372,1,26,0,346.0
10109870DIASG_2026-01-16_G59,10109870DIASG,2026-01-16,117808,1,42,0,90.0
10109870DIASG_2026-01-16_G60,10109870DIASG,2026-01-16,117809,1,2,0,436.0
10109870DIASG_2026-01-16_G61,10109870DIASG,2026-01-16,110372,1,12,0,99.0
10109870DIASG_2026-01-16_G62,10109870DIASG,2026-01-16,117808,1,16,0,93.0
10109870DIASG_2026-01-16_G63,10109870DIASG,2026-01-16,109643,1,2,0,199.0
10109870DIASG_2026-01-16_G64,10109870DIASG,2026-01-16,110375,1,4,0,120.0
10109870DIASG_2026-01-16_G65,10109870DIASG,2026-01-16,110373,1,6,0,106.0
10109870DIASG_2026-01-16_G66,10109870DIASG,2026-01-16,118299,1,14,0,121.0
10109870DIASG_2026-01-16_G67,10109870DIASG,2026-01-16,110374,1,29,0,697.0
10109870DIASG_2026-01-16_G68,10109870DIASG,2026-01-16,117809,1,120,0,509.0
10109870DIASG_2026-01-16_G69,10109870DIASG,2026-01-16,110372,1,134,0,557.0
10109870DIASG_2026-01-16_G70,10109870DIASG,2026-01-16,117808,1,660,0,927.0
10109870DIASG_2026-01-16_G71,10109870DIASG,2026-01-16,110371,1,26,0,252.0
10109870DIASG_2026-01-16_G72,10109870DIASG,2026-01-16,118281,1,41,0,268.0
10109870DIASG_2026-01-16_G73,10109870DIASG,2026-01-16,110375,1,32,0,331.0
10109870DIASG_2026-01-16_G74,10109870DIASG,2026-01-16,118299,1,16,0,175.0
10109870DIASG_2026-01-16_G75,10109870DIASG,2026-01-16,118299,1,150,0,241.0
10109870DIASG_2026-01-16_G76,10109870DIASG,2026-01-16,110373,1,111,0,326.0
10109870DIASG_2026-01-16_G77,10109870DIASG,2026-01-16,118299,1,150,0,298.0
10109870DIASG_2026-01-16_G78,10109870DIASG,2026-01-16,117830,1,83,0,636.0
10109870DIASG_2026-01-16_G79,10109870DIASG,2026-01-16,111743,1,31,0,432.0
10109870DIASG_2026-01-16_G80,10109870DIASG,2026-01-16,140922,1,64,0,413.0
10109870DIASG_2026-01-16_G81,10109870DIASG,2026-01-16,117821,1,20,0,207.0
10109870DIASG_2026-01-16_G82,10109870DIASG,2026-01-16,110895,1,25,0,267.0
10109870DIASG_2026-01-16_G83,10109870DIASG,2026-01-16,118283,1,60,0,498.0
10109870DIASG_2026-01-16_G84,10109870DIASG,2026-01-16,117862,1,17,0,432.0
10109870DIASG_2026-01-16_G85,10109870DIASG,2026-01-16,110313,1,20,0,78.0
10109870DIASG_2026-01-17_G02,10109870DIASG,2026-01-17,111602,1,140,0,423.0
10109870DIASG_2026-01-17_G03,10109870DIASG,2026-01-17,111602,2,80,19,106.0
10109870DIASG_2026-01-17_G04,10109870DIASG,2026-01-17,111418,1,450,0,623.0
10109870DIASG_2026-01-17_G06,10109870DIASG,2026-01-17,117785,1,240,0,369.0
10109870DIASG_2026-01-20_G02,10109870DIASG,2026-01-20,110747,2,2,7,106.0
10109870DIASG_2026-01-20_G03,10109870DIASG,2026-01-20,111569,2,4,6,37.0
10109870DIASG_2026-01-20_G04,10109870DIASG,2026-01-20,118417,2,2,8,123.0
10109870DIASG_2026-01-20_G05,10109870DIASG,2026-01-20,100334,2,2,7,109.0
10109870DIASG_2026-01-20_G06,10109870DIASG,2026-01-20,110623,2,3,6,162.0
10109870DIASG_2026-01-20_G07,10109870DIASG,2026-01-20,105359,1,1,0,209.0
10109870DIASG_2026-01-20_G08,10109870DIASG,2026-01-20,117809,2,20,8,187.0
10109870DIASG_2026-01-20_G09,10109870DIASG,2026-01-20,110372,2,34,9,148.0
10109870DIASG_2026-01-20_G10,10109870DIASG,2026-01-20,110371,1,1,0,334.0
10109870DIASG_2026-01-20_G11,10109870DIASG,2026-01-20,117830,1,14,0,85.0
10109870DIASG_2026-01-20_G12,10109870DIASG,2026-01-20,118277,1,1,0,334.0
10109870DIASG_2026-01-20_G13,10109870DIASG,2026-01-20,109647,1,1,0,62.0
10109870DIASG_2026-01-20_G14,10109870DIASG,2026-01-20,105242,1,1,0,45.0
10109870DIASG_2026-01-20_G15,10109870DIASG,2026-01-20,117855,1,8,0,153.0
10109870DIASG_2026-01-21_G02,10109870DIASG,2026-01-21,141457,1,7,0,230.0
10109870DIASG_2026-01-21_G03,10109870DIASG,2026-01-21,109640,1,23,0,291.0
10109870DIASG_2026-01-21_G04,10109870DIASG,2026-01-21,117831,1,12,0,1399.0
10109870DIASG_2026-01-21_G05,10109870DIASG,2026-01-21,109645,1,4,0,263.0
10109870DIASG_2026-01-21_G06,10109870DIASG,2026-01-21,141271,1,2,0,140.0
10109870DIASG_2026-01-21_G07,10109870DIASG,2026-01-21,"111462, 111435",2,7,23,52.0
10109870DIASG_2026-01-21_G08,10109870DIASG,2026-01-21,109641,1,2,0,66.0
10109870DIASG_2026-01-21_G09,10109870DIASG,2026-01-21,111418,1,12,0,288.0
10109870DIASG_2026-01-21_G10,10109870DIASG,2026-01-21,141457,1,8,0,446.0
10109870DIASG_2026-01-21_G11,10109870DIASG,2026-01-21,111469,1,6,0,42.0
10109870DIASG_2026-01-21_G12,10109870DIASG,2026-01-21,"111465, 110740",2,6,9,88.0
10109870DIASG_2026-01-21_G13,10109870DIASG,2026-01-21,118140,1,3,0,183.0
10109870DIASG_2026-01-21_G14,10109870DIASG,2026-01-21,"141458, 117785",2,8,18,96.0
10109870DIASG_2026-01-21_G15,10109870DIASG,2026-01-21,111442,1,2,0,159.0
10109870DIASG_2026-01-21_G16,10109870DIASG,2026-01-21,108772,1,6,0,378.0
10109870DIASG_2026-01-21_G17,10109870DIASG,2026-01-21,108759,1,2,0,162.0
10109870DIASG_2026-01-21_G18,10109870DIASG,2026-01-21,111466,1,4,0,215.0
10109870DIASG_2026-01-21_G19,10109870DIASG,2026-01-21,141271,1,2,0,151.0
10109870DIASG_2026-01-21_G20,10109870DIASG,2026-01-21,141202,1,2,0,104.0
10109870DIASG_2026-01-21_G21,10109870DIASG,2026-01-21,111348,2,11,12,1952.0
10109870DIASG_2026-01-21_G22,10109870DIASG,2026-01-21,110751,1,10,0,121.0
10109870DIASG_2026-01-21_G23,10109870DIASG,2026-01-21,109645,1,10,0,235.0
10109870DIASG_2026-01-21_G24,10109870DIASG,2026-01-21,109641,2,12,10,364.0
10109870DIASG_2026-01-21_G25,10109870DIASG,2026-01-21,110740,3,26,14,370.0
10109870DIASG_2026-01-21_G26,10109870DIASG,2026-01-21,118140,1,46,0,135.0
10109870DIASG_2026-01-21_G27,10109870DIASG,2026-01-21,111743,1,52,0,464.0
10109870DIASG_2026-01-21_G28,10109870DIASG,2026-01-21,142045,1,16,0,348.0
10109870DIASG_2026-01-21_G29,10109870DIASG,2026-01-21,111569,1,6,0,536.0
10109870DIASG_2026-01-21_G30,10109870DIASG,2026-01-21,111569,1,2,0,42.0
10109870DIASG_2026-01-21_G31,10109870DIASG,2026-01-21,100334,1,1,0,45.0
10109870DIASG_2026-01-21_G32,10109870DIASG,2026-01-21,109643,1,4,0,36.0
10109870DIASG_2026-01-21_G33,10109870DIASG,2026-01-21,117808,1,700,0,360.0
10109870DIASG_2026-01-21_G34,10109870DIASG,2026-01-21,110375,2,4,8,1122.0
10109870DIASG_2026-01-21_G35,10109870DIASG,2026-01-21,117830,1,36,0,279.0
10109870DIASG_2026-01-21_G37,10109870DIASG,2026-01-21,117831,1,2,0,367.0
10109870DIASG_2026-01-21_G38,10109870DIASG,2026-01-21,109645,1,2,0,191.0
10109870DIASG_2026-01-21_G39,10109870DIASG,2026-01-21,111466,1,4,0,258.0
10109870DIASG_2026-01-21_G40,10109870DIASG,2026-01-21,141823,1,2,0,202.0
10109870DIASG_2026-01-21_G41,10109870DIASG,2026-01-21,111468,1,4,0,820.0
10109870DIASG_2026-01-21_G42,10109870DIASG,2026-01-21,111469,1,5,0,86.0
10109870DIASG_2026-01-21_G43,10109870DIASG,2026-01-21,118299,2,14,8,156.0
10109870DIASG_2026-01-21_G44,10109870DIASG,2026-01-21,141457,1,11,0,405.0
10109870DIASG_2026-01-21_G45,10109870DIASG,2026-01-21,110372,1,7,0,158.0
10109870DIASG_2026-01-21_G46,10109870DIASG,2026-01-21,109643,1,4,0,166.0
10109870DIASG_2026-01-21_G47,10109870DIASG,2026-01-21,110373,1,2,0,110.0
10109870DIASG_2026-01-21_G48,10109870DIASG,2026-01-21,108772,1,12,0,1878.0
10109870DIASG_2026-01-21_G49,10109870DIASG,2026-01-21,140923,1,2,0,319.0
10109870DIASG_2026-01-21_G50,10109870DIASG,2026-01-21,117855,1,2,0,109.0
10109870DIASG_2026-01-21_G51,10109870DIASG,2026-01-21,117820,1,4,0,215.0
10109870DIASG_2026-01-21_G52,10109870DIASG,2026-01-21,110374,1,1,0,143.0
10109870DIASG_2026-01-21_G53,10109870DIASG,2026-01-21,117809,1,3,0,68.0
10109870DIASG_2026-01-21_G54,10109870DIASG,2026-01-21,117820,1,2,0,459.0
10109870DIASG_2026-01-21_G55,10109870DIASG,2026-01-21,117830,1,2,0,638.0
10109870DIASG_2026-01-21_G56,10109870DIASG,2026-01-21,"140922, 117831",2,3,21,501.0
10109870DIASG_2026-01-21_G57,10109870DIASG,2026-01-21,109645,1,2,0,78.0
10109870DIASG_2026-01-21_G58,10109870DIASG,2026-01-21,141457,1,2,0,110.0
10109870DIASG_2026-01-21_G59,10109870DIASG,2026-01-21,111444,1,2,0,69.0
10109870DIASG_2026-01-21_G60,10109870DIASG,2026-01-21,117853,1,2,0,176.0
10109870DIASG_2026-01-21_G61,10109870DIASG,2026-01-21,111876,1,4,0,326.0
10109870DIASG_2026-01-22_G02,10109870DIASG,2026-01-22,111468,1,2,0,402.0
10109870DIASG_2026-01-22_G03,10109870DIASG,2026-01-22,111469,1,6,0,151.0
10109870DIASG_2026-01-22_G04,10109870DIASG,2026-01-22,110740,1,16,0,63.0
10109870DIASG_2026-01-22_G05,10109870DIASG,2026-01-22,118140,1,21,0,518.0
10109870DIASG_2026-01-22_G06,10109870DIASG,2026-01-22,"117787, 105705",2,10,28,202.0
10109870DIASG_2026-01-22_G07,10109870DIASG,2026-01-22,140922,1,40,0,191.0
10109870DIASG_2026-01-22_G08,10109870DIASG,2026-01-22,111532,1,72,0,472.0
10109870DIASG_2026-01-22_G09,10109870DIASG,2026-01-22,108794,1,6,0,307.0
10109870DIASG_2026-01-22_G10,10109870DIASG,2026-01-22,109640,1,11,0,294.0
10109870DIASG_2026-01-22_G11,10109870DIASG,2026-01-22,117854,1,2,0,194.0
10109870DIASG_2026-01-22_G12,10109870DIASG,2026-01-22,118299,1,12,0,403.0
10109870DIASG_2026-01-22_G13,10109870DIASG,2026-01-22,108759,1,2,0,118.0
10109870DIASG_2026-01-22_G14,10109870DIASG,2026-01-22,141916,1,2,0,722.0
10109870DIASG_2026-01-22_G15,10109870DIASG,2026-01-22,110742,1,5,0,63.0
10109870DIASG_2026-01-22_G16,10109870DIASG,2026-01-22,141457,1,5,0,114.0
10109870DIASG_2026-01-22_G17,10109870DIASG,2026-01-22,108772,1,4,0,107.0
10109870DIASG_2026-01-22_G18,10109870DIASG,2026-01-22,109640,2,7,11,245.0
10109870DIASG_2026-01-22_G19,10109870DIASG,2026-01-22,141916,1,2,0,392.0
10109870DIASG_2026-01-22_G20,10109870DIASG,2026-01-22,111441,1,8,0,353.0
10109870DIASG_2026-01-22_G21,10109870DIASG,2026-01-22,109640,1,8,0,526.0
10109870DIASG_2026-01-22_G22,10109870DIASG,2026-01-22,109640,1,4,0,182.0
10109870DIASG_2026-01-22_G23,10109870DIASG,2026-01-22,111441,1,2,0,90.0
10109870DIASG_2026-01-22_G24,10109870DIASG,2026-01-22,110313,1,4,0,287.0
10109870DIASG_2026-01-22_G25,10109870DIASG,2026-01-22,111602,1,21,0,1179.0
10109870DIASG_2026-01-22_G26,10109870DIASG,2026-01-22,111466,1,6,0,111.0
10109870DIASG_2026-01-22_G27,10109870DIASG,2026-01-22,141457,2,5,29,484.0
10109870DIASG_2026-01-22_G28,10109870DIASG,2026-01-22,111466,1,7,0,179.0
10109870DIASG_2026-01-22_G30,10109870DIASG,2026-01-22,110313,1,3,0,609.0
10109870DIASG_2026-01-22_G31,10109870DIASG,2026-01-22,141047,1,17,0,450.0
10109870DIASG_2026-01-22_G32,10109870DIASG,2026-01-22,117856,1,2,0,192.0
10109870DIASG_2026-01-22_G33,10109870DIASG,2026-01-22,110756,1,1,0,64.0
10109870DIASG_2026-01-22_G34,10109870DIASG,2026-01-22,110339,1,9,0,137.0
10109870DIASG_2026-01-22_G35,10109870DIASG,2026-01-22,105242,1,1,0,44.0
10109870DIASG_2026-01-22_G36,10109870DIASG,2026-01-22,101217,1,1,0,65.0
10109870DIASG_2026-01-22_G37,10109870DIASG,2026-01-22,117861,1,2,0,93.0
10109870DIASG_2026-01-22_G38,10109870DIASG,2026-01-22,117834,1,9,0,203.0
10109870DIASG_2026-01-22_G39,10109870DIASG,2026-01-22,110742,1,10,0,128.0
10109870DIASG_2026-01-22_G40,10109870DIASG,2026-01-22,117855,1,27,0,400.0
10109870DIASG_2026-01-22_G41,10109870DIASG,2026-01-22,141457,1,37,0,336.0
10109870DIASG_2026-01-22_G42,10109870DIASG,2026-01-22,141457,2,164,22,140.0
10109870DIASG_2026-01-22_G43,10109870DIASG,2026-01-22,111532,1,44,0,721.0
10109870DIASG_2026-01-22_G44,10109870DIASG,2026-01-22,111876,1,8,0,1693.0
10109870DIASG_2026-01-22_G45,10109870DIASG,2026-01-22,111602,1,85,0,120.0
10109870DIASG_2026-01-22_G46,10109870DIASG,2026-01-22,111418,1,195,0,532.0
10109870DIASG_2026-01-22_G47,10109870DIASG,2026-01-22,117821,1,26,0,704.0
10109870DIASG_2026-01-22_G48,10109870DIASG,2026-01-22,111466,1,50,0,373.0
10109870DIASG_2026-01-22_G49,10109870DIASG,2026-01-22,110373,2,249,28,432.0
10109870DIASG_2026-01-23_G02,10109870DIASG,2026-01-23,142013,1,4,0,215.0
10109870DIASG_2026-01-23_G03,10109870DIASG,2026-01-23,142027,1,4,0,336.0
10109870DIASG_2026-01-23_G04,10109870DIASG,2026-01-23,117835,1,1,0,203.0
10109870DIASG_2026-01-23_G05,10109870DIASG,2026-01-23,"118306, 141312",2,8,23,59.0
10109870DIASG_2026-01-23_G06,10109870DIASG,2026-01-23,141995,1,8,0,246.0
10109870DIASG_2026-01-23_G07,10109870DIASG,2026-01-23,116527,1,2,0,161.0
10109870DIASG_2026-01-23_G08,10109870DIASG,2026-01-23,115775,1,4,0,54.0
10109870DIASG_2026-01-23_G09,10109870DIASG,2026-01-23,141318,1,8,0,393.0
10109870DIASG_2026-01-23_G10,10109870DIASG,2026-01-23,140911,1,12,0,98.0
10109870DIASG_2026-01-23_G11,10109870DIASG,2026-01-23,142028,1,4,0,334.0
10109870DIASG_2026-01-23_G12,10109870DIASG,2026-01-23,141695,1,8,0,194.0
10109870DIASG_2026-01-23_G13,10109870DIASG,2026-01-23,117861,1,4,0,415.0
10109870DIASG_2026-01-24_G02,10109870DIASG,2026-01-24,110374,1,20,0,108.0
10109870DIASG_2026-01-24_G03,10109870DIASG,2026-01-24,117841,1,7,0,305.0
10109870DIASG_2026-01-24_G04,10109870DIASG,2026-01-24,118253,1,4,0,323.0
10109870DIASG_2026-01-24_G05,10109870DIASG,2026-01-24,110374,2,14,18,156.0
10109870DIASG_2026-01-24_G06,10109870DIASG,2026-01-24,110374,1,8,0,508.0
10109870DIASG_2026-01-24_G07,10109870DIASG,2026-01-24,111466,1,4,0,1026.0
10109870DIASG_2026-01-24_G08,10109870DIASG,2026-01-24,111418,1,4,0,108.0
10109870DIASG_2026-01-24_G09,10109870DIASG,2026-01-24,111469,1,3,0,205.0
10109870DIASG_2026-01-24_G10,10109870DIASG,2026-01-24,110740,1,6,0,71.0
10109870DIASG_2026-01-24_G11,10109870DIASG,2026-01-24,117830,1,2,0,68.0
10109870DIASG_2026-01-24_G12,10109870DIASG,2026-01-24,111441,1,6,0,124.0
10109870DIASG_2026-01-24_G13,10109870DIASG,2026-01-24,141318,1,2,0,273.0
10109870DIASG_2026-01-24_G14,10109870DIASG,2026-01-24,142045,1,8,0,312.0
10109870DIASG_2026-01-24_G15,10109870DIASG,2026-01-24,108794,1,3,0,251.0
10109870DIASG_2026-01-24_G16,10109870DIASG,2026-01-24,111418,1,21,0,165.0
10109870DIASG_2026-01-24_G17,10109870DIASG,2026-01-24,111469,1,10,0,174.0
10109870DIASG_2026-01-24_G18,10109870DIASG,2026-01-24,118140,1,2,0,263.0
10109870DIASG_2026-01-24_G19,10109870DIASG,2026-01-24,141458,1,4,0,104.0
10109870DIASG_2026-01-24_G20,10109870DIASG,2026-01-24,140923,1,50,0,1628.0
10109870DIASG_2026-01-24_G21,10109870DIASG,2026-01-24,108772,1,4,0,154.0
10109870DIASG_2026-01-24_G22,10109870DIASG,2026-01-24,109647,1,4,0,115.0
10109870DIASG_2026-01-24_G23,10109870DIASG,2026-01-24,111876,1,4,0,147.0
10109870DIASG_2026-01-24_G24,10109870DIASG,2026-01-24,111466,2,100,21,252.0
10109870DIASG_2026-01-27_G02,10109870DIASG,2026-01-27,110787,1,28,0,149.0
10109870DIASG_2026-01-27_G03,10109870DIASG,2026-01-27,110371,1,2,0,1070.0
10109870DIASG_2026-01-27_G04,10109870DIASG,2026-01-27,141166,1,8,0,882.0
10109870DIASG_2026-01-27_G05,10109870DIASG,2026-01-27,111751,1,6,0,1572.0
10109870DIASG_2026-01-27_G06,10109870DIASG,2026-01-27,141262,1,16,0,203.0
10109870DIASG_2026-01-27_G07,10109870DIASG,2026-01-27,111740,1,2,0,182.0
10109870DIASG_2026-01-27_G08,10109870DIASG,2026-01-27,111634,1,40,0,210.0
10109870DIASG_2026-01-27_G09,10109870DIASG,2026-01-27,111742,1,6,0,779.0
10109870DIASG_2026-01-27_G10,10109870DIASG,2026-01-27,111737,1,6,0,315.0
10109870DIASG_2026-01-27_G11,10109870DIASG,2026-01-27,141457,1,8,0,156.0
10109870DIASG_2026-01-27_G12,10109870DIASG,2026-01-27,111723,1,30,0,275.0
10109870DIASG_2026-01-27_G13,10109870DIASG,2026-01-27,141140,1,16,0,474.0
10109870DIASG_2026-01-28_G03,10109870DIASG,2026-01-28,111447,2,30,17,552.0
10109870DIASG_2026-01-28_G04,10109870DIASG,2026-01-28,111430,1,30,0,376.0
10109870DIASG_2026-01-28_G05,10109870DIASG,2026-01-28,111438,1,60,0,269.0
10109870DIASG_2026-01-28_G06,10109870DIASG,2026-01-28,111569,1,40,0,323.0
10109870DIASG_2026-01-29_G02,10109870DIASG,2026-01-29,118191,1,12,0,364.0
10109870DIASG_2026-01-29_G03,10109870DIASG,2026-01-29,141262,1,8,0,70.0
10109870DIASG_2026-01-29_G04,10109870DIASG,2026-01-29,141261,1,6,0,42.0
10109870DIASG_2026-01-29_G05,10109870DIASG,2026-01-29,111634,1,8,0,223.0
10109870DIASG_2026-01-29_G06,10109870DIASG,2026-01-29,111751,1,6,0,42.0
10109870DIASG_2026-01-29_G07,10109870DIASG,2026-01-29,141140,1,4,0,132.0
10109870DIASG_2026-01-29_G08,10109870DIASG,2026-01-29,111759,1,4,0,342.0
10109870DIASG_2026-01-29_G09,10109870DIASG,2026-01-29,111722,1,10,0,942.0
10109870DIASG_2026-01-29_G10,10109870DIASG,2026-01-29,118191,1,12,0,145.0
10109870DIASG_2026-01-29_G11,10109870DIASG,2026-01-29,111634,1,10,0,312.0
10109870DIASG_2026-01-29_G12,10109870DIASG,2026-01-29,141261,1,6,0,181.0
10109870DIASG_2026-01-29_G13,10109870DIASG,2026-01-29,111759,1,6,0,423.0
10109870DIASG_2026-01-29_G14,10109870DIASG,2026-01-29,111602,1,4,0,1001.0
10109870DIASG_2026-01-29_G15,10109870DIASG,2026-01-29,111441,1,4,0,254.0
10109870DIASG_2026-01-29_G16,10109870DIASG,2026-01-29,110374,1,12,0,1450.0
10109870DIASG_2026-01-29_G17,10109870DIASG,2026-01-29,"141166, 111602",2,4,11,273.0
10109870DIASG_2026-01-29_G18,10109870DIASG,2026-01-29,141166,1,2,0,55.0
10109870DIASG_2026-01-29_G20,10109870DIASG,2026-01-29,111530,1,16,0,654.0
10109870DIASG_2026-01-29_G21,10109870DIASG,2026-01-29,111530,3,40,30,611.0
10109870DIASG_2026-01-29_G22,10109870DIASG,2026-01-29,110374,1,20,0,203.0
10109870DIASG_2026-01-29_G23,10109870DIASG,2026-01-29,111433,1,1,0,83.0
10109870DIASG_2026-01-29_G24,10109870DIASG,2026-01-29,110741,1,2,0,858.0
10109870DIASG_2026-01-29_G25,10109870DIASG,2026-01-29,142045,1,1,0,55.0
10109870DIASG_2026-01-29_G26,10109870DIASG,2026-01-29,111468,1,2,0,241.0
10109870DIASG_2026-01-29_G27,10109870DIASG,2026-01-29,111348,1,7,0,2325.0
10109870DIASG_2026-01-29_G28,10109870DIASG,2026-01-29,108794,1,21,0,267.0
10109870DIASG_2026-01-29_G29,10109870DIASG,2026-01-29,109649,1,1,0,134.0
10109870DIASG_2026-01-29_G30,10109870DIASG,2026-01-29,111468,1,3,0,73.0
10109870DIASG_2026-01-29_G31,10109870DIASG,2026-01-29,108798,1,5,0,130.0
10109870DIASG_2026-01-29_G32,10109870DIASG,2026-01-29,141458,1,17,0,392.0
10109870DIASG_2026-01-29_G33,10109870DIASG,2026-01-29,117820,1,6,0,1136.0
10109870DIASG_2026-01-29_G34,10109870DIASG,2026-01-29,111469,1,12,0,437.0
10109870DIASG_2026-01-29_G35,10109870DIASG,2026-01-29,111530,1,4,0,263.0
10109870DIASG_2026-01-29_G36,10109870DIASG,2026-01-29,111530,1,12,0,372.0
10109870DIASG_2026-01-30_G02,10109870DIASG,2026-01-30,117855,1,3,0,205.0
10109870DIASG_2026-01-30_G03,10109870DIASG,2026-01-30,118094,1,4,0,533.0
10109870DIASG_2026-01-30_G04,10109870DIASG,2026-01-30,117837,1,4,0,53.0
10109870DIASG_2026-01-30_G05,10109870DIASG,2026-01-30,111467,1,3,0,58.0
10109870DIASG_2026-01-30_G06,10109870DIASG,2026-01-30,117862,1,4,0,116.0
10109870DIASG_2026-01-30_G07,10109870DIASG,2026-01-30,140923,1,6,0,83.0
10109870DIASG_2026-01-30_G08,10109870DIASG,2026-01-30,117856,1,8,0,188.0
10109870DIASG_2026-01-30_G09,10109870DIASG,2026-01-30,110339,1,6,0,90.0
10109870DIASG_2026-01-30_G10,10109870DIASG,2026-01-30,111602,2,14,6,306.0
10109870DIASG_2026-01-30_G11,10109870DIASG,2026-01-30,109640,1,1,0,86.0
10109870DIASG_2026-01-30_G12,10109870DIASG,2026-01-30,117785,1,12,0,304.0
10109870DIASG_2026-01-30_G13,10109870DIASG,2026-01-30,111465,3,41,27,912.0
10109870DIASG_2026-01-30_G14,10109870DIASG,2026-01-30,109641,1,50,0,308.0
10109870DIASG_2026-01-30_G15,10109870DIASG,2026-01-30,108795,1,50,0,346.0
10109870DIASG_2026-01-30_G16,10109870DIASG,2026-01-30,108795,1,36,0,57.0
10109870DIASG_2026-01-30_G17,10109870DIASG,2026-01-30,111348,2,26,7,295.0
10109870DIASG_2026-01-30_G18,10109870DIASG,2026-01-30,110751,2,5,11,198.0
10109870DIASG_2026-01-30_G19,10109870DIASG,2026-01-30,140922,1,4,0,56.0
10109870DIASG_2026-01-30_G20,10109870DIASG,2026-01-30,110743,1,8,0,54.0
10109870DIASG_2026-01-30_G21,10109870DIASG,2026-01-30,109645,1,16,0,368.0
10109870DIASG_2026-01-30_G22,10109870DIASG,2026-01-30,110787,3,37,30,241.0
10109870DIASG_2026-01-30_G23,10109870DIASG,2026-01-30,111466,1,13,0,336.0
10109870DIASG_2026-01-30_G24,10109870DIASG,2026-01-30,111172,3,54,43,641.0
10109870DIASG_2026-01-30_G25,10109870DIASG,2026-01-30,111418,1,100,0,319.0
10109870DIASG_2026-01-30_G26,10109870DIASG,2026-01-30,111532,2,233,19,449.0
10109870DIASG_2026-01-30_G27,10109870DIASG,2026-01-30,141457,1,28,0,516.0
10109870DIASG_2026-01-30_G28,10109870DIASG,2026-01-30,111469,1,50,0,100.0
10109870DIASG_2026-01-30_G29,10109870DIASG,2026-01-30,111444,2,8,8,131.0
10109870DIASG_2026-01-30_G30,10109870DIASG,2026-01-30,111469,1,10,0,113.0
10109870DIASG_2026-01-30_G31,10109870DIASG,2026-01-30,"111469, 111431",2,16,27,41.0
10109870DIASG_2026-01-30_G32,10109870DIASG,2026-01-30,117787,1,14,0,184.0
10109870DIASG_2026-01-30_G33,10109870DIASG,2026-01-30,118140,1,6,0,194.0
10109870DIASG_2026-01-30_G34,10109870DIASG,2026-01-30,110374,2,36,7,421.0
10109870DIASG_2026-01-30_G35,10109870DIASG,2026-01-30,109648,2,6,9,232.0
10109870DIASG_2026-01-30_G36,10109870DIASG,2026-01-30,109643,2,33,10,85.0
10109870DIASG_2026-01-30_G37,10109870DIASG,2026-01-30,107830,1,50,0,57.0
10109870DIASG_2026-01-30_G39,10109870DIASG,2026-01-30,117808,1,80,0,1040.0
10109870DIASG_2026-01-30_G40,10109870DIASG,2026-01-30,110373,1,460,0,401.0
10109870DIASG_2026-01-30_G41,10109870DIASG,2026-01-30,107830,1,150,0,1982.0
10109870DIASG_2026-01-30_G42,10109870DIASG,2026-01-30,110374,1,11,0,463.0
10109870DIASG_2026-01-30_G43,10109870DIASG,2026-01-30,117822,2,42,10,1530.0
10109870DIASG_2026-01-30_G44,10109870DIASG,2026-01-30,141202,1,14,0,1920.0
10109870DIASG_2026-01-30_G45,10109870DIASG,2026-01-30,118299,1,100,0,222.0
10109870DIASG_2026-01-30_G46,10109870DIASG,2026-01-30,117832,3,74,46,408.0
10109870DIASG_2026-01-30_G47,10109870DIASG,2026-01-30,111876,1,8,0,1092.0
10109870DIASG_2026-01-30_G48,10109870DIASG,2026-01-30,110711,1,23,0,47.0
10109870DIASG_2026-02-04_G02,10109870DIASG,2026-02-04,110755,1,60,0,897.0
10109870DIASG_2026-02-04_G03,10109870DIASG,2026-02-04,110787,1,2,0,2423.0
10109870DIASG_2026-02-04_G04,10109870DIASG,2026-02-04,"111468, 110740",2,6,15,106.0
10109870DIASG_2026-02-04_G05,10109870DIASG,2026-02-04,108794,1,9,0,61.0
10109870DIASG_2026-02-04_G06,10109870DIASG,2026-02-04,108711,1,4,0,131.0
10109870DIASG_2026-02-04_G07,10109870DIASG,2026-02-04,109645,1,4,0,36.0
10109870DIASG_2026-02-04_G08,10109870DIASG,2026-02-04,111466,1,10,0,560.0
10109870DIASG_2026-02-04_G09,10109870DIASG,2026-02-04,117831,1,5,0,140.0
10109870DIASG_2026-02-04_G10,10109870DIASG,2026-02-04,111532,1,8,0,119.0
10109870DIASG_2026-02-04_G11,10109870DIASG,2026-02-04,111465,1,4,0,67.0
10109870DIASG_2026-02-04_G12,10109870DIASG,2026-02-04,118140,1,6,0,158.0
10109870DIASG_2026-02-04_G13,10109870DIASG,2026-02-04,110325,1,4,0,148.0
10109870DIASG_2026-02-04_G14,10109870DIASG,2026-02-04,110372,1,12,0,52.0
10109870DIASG_2026-02-04_G15,10109870DIASG,2026-02-04,"110376, 118299",2,9,16,172.0
10109870DIASG_2026-02-04_G16,10109870DIASG,2026-02-04,110371,1,8,0,89.0
10109870DIASG_2026-02-04_G17,10109870DIASG,2026-02-04,117808,1,9,0,188.0
10109870DIASG_2026-02-04_G18,10109870DIASG,2026-02-04,110373,1,8,0,163.0
10109870DIASG_2026-02-04_G19,10109870DIASG,2026-02-04,117832,1,2,0,118.0
10109870DIASG_2026-02-04_G20,10109870DIASG,2026-02-04,118094,1,8,0,502.0
10109870DIASG_2026-02-04_G21,10109870DIASG,2026-02-04,117861,1,2,0,83.0
10109870DIASG_2026-02-04_G22,10109870DIASG,2026-02-04,111530,1,12,0,151.0
10109870DIASG_2026-02-04_G23,10109870DIASG,2026-02-04,117786,1,4,0,269.0
10109870DIASG_2026-02-04_G24,10109870DIASG,2026-02-04,111602,1,6,0,67.0
10109870DIASG_2026-02-04_G25,10109870DIASG,2026-02-04,117856,1,4,0,60.0
10109870DIASG_2026-02-04_G26,10109870DIASG,2026-02-04,109640,1,4,0,106.0
10109870DIASG_2026-02-04_G27,10109870DIASG,2026-02-04,110339,1,4,0,107.0
10109870DIASG_2026-02-04_G28,10109870DIASG,2026-02-04,"101217, 110752",2,7,18,296.0
10109870DIASG_2026-02-05_G02,10109870DIASG,2026-02-05,108794,1,9,0,3041.0
10109870DIASG_2026-02-05_G03,10109870DIASG,2026-02-05,111418,1,111,0,259.0
10109870DIASG_2026-02-05_G04,10109870DIASG,2026-02-05,117831,1,20,0,417.0
10109870DIASG_2026-02-05_G05,10109870DIASG,2026-02-05,111532,1,8,0,303.0
10109870DIASG_2026-02-05_G06,10109870DIASG,2026-02-05,141458,1,14,0,79.0
10109870DIASG_2026-02-05_G07,10109870DIASG,2026-02-05,118140,1,76,0,251.0
10109870DIASG_2026-02-05_G08,10109870DIASG,2026-02-05,109643,1,12,0,322.0
10109870DIASG_2026-02-05_G09,10109870DIASG,2026-02-05,117822,1,7,0,161.0
10109870DIASG_2026-02-05_G10,10109870DIASG,2026-02-05,110372,1,120,0,149.0
10109870DIASG_2026-02-05_G11,10109870DIASG,2026-02-05,141202,1,13,0,310.0
10109870DIASG_2026-02-05_G12,10109870DIASG,2026-02-05,118299,1,80,0,144.0
10109870DIASG_2026-02-05_G13,10109870DIASG,2026-02-05,110375,1,16,0,551.0
10109870DIASG_2026-02-05_G14,10109870DIASG,2026-02-05,117830,1,4,0,156.0
10109870DIASG_2026-02-07_G02,10109870DIASG,2026-02-07,118094,1,27,0,189.0
10109870DIASG_2026-02-07_G03,10109870DIASG,2026-02-07,111467,1,19,0,580.0
10109870DIASG_2026-02-07_G04,10109870DIASG,2026-02-07,140923,1,100,0,815.0
10109870DIASG_2026-02-07_G05,10109870DIASG,2026-02-07,117788,1,12,0,418.0
10109870DIASG_2026-02-07_G06,10109870DIASG,2026-02-07,118298,1,11,0,67.0
10109870DIASG_2026-02-07_G07,10109870DIASG,2026-02-07,117862,1,60,0,194.0
10109870DIASG_2026-02-07_G08,10109870DIASG,2026-02-07,117862,1,22,0,34.0
10109870DIASG_2026-02-07_G09,10109870DIASG,2026-02-07,107629,1,39,0,383.0
10109870DIASG_2026-02-07_G10,10109870DIASG,2026-02-07,107629,1,40,0,420.0
10109870DIASG_2026-02-07_G11,10109870DIASG,2026-02-07,141352,1,40,0,472.0
10109870DIASG_2026-02-07_G12,10109870DIASG,2026-02-07,141166,1,40,0,78.0
10109870DIASG_2026-02-07_G13,10109870DIASG,2026-02-07,111465,1,20,0,3136.0
10109870DIASG_2026-02-07_G14,10109870DIASG,2026-02-07,141458,2,68,14,245.0
10109870DIASG_2026-02-07_G15,10109870DIASG,2026-02-07,117785,1,40,0,441.0
10109870DIASG_2026-02-07_G16,10109870DIASG,2026-02-07,110711,1,30,0,2903.0
10109870DIASG_2026-02-10_G02,10109870DIASG,2026-02-10,117820,1,5,0,146.0
10109870DIASG_2026-02-10_G03,10109870DIASG,2026-02-10,110325,1,2,0,78.0
10109870DIASG_2026-02-10_G04,10109870DIASG,2026-02-10,"110372, 111172",2,12,28,180.0
10109870DIASG_2026-02-10_G05,10109870DIASG,2026-02-10,141271,1,4,0,288.0
10109870DIASG_2026-02-10_G06,10109870DIASG,2026-02-10,118140,1,23,0,208.0
10109870DIASG_2026-02-10_G07,10109870DIASG,2026-02-10,111463,1,14,0,79.0
10109870DIASG_2026-02-10_G08,10109870DIASG,2026-02-10,117862,1,1,0,185.0
10109870DIASG_2026-02-10_G09,10109870DIASG,2026-02-10,117786,1,4,0,61.0
10109870DIASG_2026-02-10_G10,10109870DIASG,2026-02-10,111172,1,1,0,363.0
10109870DIASG_2026-02-10_G11,10109870DIASG,2026-02-10,141271,1,2,0,266.0
10109870DIASG_2026-02-10_G12,10109870DIASG,2026-02-10,111418,1,9,0,194.0
10109870DIASG_2026-02-10_G13,10109870DIASG,2026-02-10,117820,1,4,0,53.0
10109870DIASG_2026-02-10_G14,10109870DIASG,2026-02-10,110325,1,4,0,503.0
10109870DIASG_2026-02-10_G15,10109870DIASG,2026-02-10,111172,1,2,0,492.0
10109870DIASG_2026-02-10_G16,10109870DIASG,2026-02-10,141271,1,2,0,82.0
10109870DIASG_2026-02-10_G17,10109870DIASG,2026-02-10,"111463, 111418",2,4,18,341.0
10109870DIASG_2026-02-10_G18,10109870DIASG,2026-02-10,117820,1,5,0,89.0
10109870DIASG_2026-02-10_G19,10109870DIASG,2026-02-10,110325,1,1,0,43.0
10109870DIASG_2026-02-10_G20,10109870DIASG,2026-02-10,117830,1,1,0,115.0
10109870DIASG_2026-02-10_G21,10109870DIASG,2026-02-10,111532,1,4,0,1390.0
10109870DIASG_2026-02-10_G22,10109870DIASG,2026-02-10,141457,1,4,0,77.0
10109870DIASG_2026-02-10_G23,10109870DIASG,2026-02-10,117787,1,2,0,86.0
10109870DIASG_2026-02-10_G24,10109870DIASG,2026-02-10,117785,1,9,0,125.0
10109870DIASG_2026-02-10_G25,10109870DIASG,2026-02-10,110895,1,12,0,225.0
10109870DIASG_2026-02-10_G26,10109870DIASG,2026-02-10,110374,1,4,0,488.0
10109870DIASG_2026-02-10_G27,10109870DIASG,2026-02-10,117820,1,5,0,105.0
10109870DIASG_2026-02-10_G28,10109870DIASG,2026-02-10,109643,1,2,0,59.0
10109870DIASG_2026-02-10_G29,10109870DIASG,2026-02-10,117808,1,4,0,76.0
10109870DIASG_2026-02-10_G30,10109870DIASG,2026-02-10,141202,1,6,0,114.0
10109870DIASG_2026-02-10_G31,10109870DIASG,2026-02-10,"110376, 118299",2,19,21,91.0
10109870DIASG_2026-02-10_G32,10109870DIASG,2026-02-10,110372,1,16,0,331.0
10109870DIASG_2026-02-10_G33,10109870DIASG,2026-02-10,117830,1,1,0,143.0
10109870DIASG_2026-02-10_G34,10109870DIASG,2026-02-10,110373,1,7,0,155.0
10109870DIASG_2026-02-10_G35,10109870DIASG,2026-02-10,111348,1,2,0,325.0
10109870DIASG_2026-02-10_G36,10109870DIASG,2026-02-10,109640,1,4,0,106.0
10109870DIASG_2026-02-10_G37,10109870DIASG,2026-02-10,117838,1,2,0,517.0
10109870DIASG_2026-02-10_G38,10109870DIASG,2026-02-10,111462,1,6,0,900.0
10109870DIASG_2026-02-10_G39,10109870DIASG,2026-02-10,108795,1,4,0,90.0
10109870DIASG_2026-02-10_G40,10109870DIASG,2026-02-10,108794,1,2,0,314.0
10109870DIASG_2026-02-10_G41,10109870DIASG,2026-02-10,117831,1,2,0,52.0
10109870DIASG_2026-02-10_G42,10109870DIASG,2026-02-10,110740,1,2,0,64.0
10109870DIASG_2026-02-10_G43,10109870DIASG,2026-02-10,116241,1,2,0,113.0
10109870DIASG_2026-02-10_G44,10109870DIASG,2026-02-10,111743,1,2,0,53.0
10109870DIASG_2026-02-10_G45,10109870DIASG,2026-02-10,111466,1,10,0,332.0
10109870DIASG_2026-02-10_G46,10109870DIASG,2026-02-10,111172,1,7,0,74.0
10109870DIASG_2026-02-10_G47,10109870DIASG,2026-02-10,111463,1,1,0,149.0
10109870DIASG_2026-02-10_G48,10109870DIASG,2026-02-10,141456,1,8,0,78.0
10109870DIASG_2026-02-10_G49,10109870DIASG,2026-02-10,117787,1,1,0,91.0
10109870DIASG_2026-02-10_G50,10109870DIASG,2026-02-10,111438,1,2,0,351.0
10109870DIASG_2026-02-10_G51,10109870DIASG,2026-02-10,110747,1,2,0,65.0
10109870DIASG_2026-02-10_G53,10109870DIASG,2026-02-10,107830,1,2,0,817.0
10109870DIASG_2026-02-10_G54,10109870DIASG,2026-02-10,110374,1,1,0,45.0
10109870DIASG_2026-02-10_G55,10109870DIASG,2026-02-10,117822,1,2,0,150.0
10109870DIASG_2026-02-10_G56,10109870DIASG,2026-02-10,117808,1,12,0,90.0
10109870DIASG_2026-02-10_G57,10109870DIASG,2026-02-10,110372,1,21,0,311.0
10109870DIASG_2026-02-10_G58,10109870DIASG,2026-02-10,110373,1,4,0,317.0
10109870DIASG_2026-02-10_G59,10109870DIASG,2026-02-10,111467,1,3,0,446.0
10109870DIASG_2026-02-10_G60,10109870DIASG,2026-02-10,111602,1,7,0,266.0
10109870DIASG_2026-02-10_G61,10109870DIASG,2026-02-10,117856,1,2,0,84.0
10109870DIASG_2026-02-10_G62,10109870DIASG,2026-02-10,110787,1,1,0,200.0
10109870DIASG_2026-02-10_G63,10109870DIASG,2026-02-10,108794,1,2,0,60.0
10109870DIASG_2026-02-10_G64,10109870DIASG,2026-02-10,111418,1,2,0,252.0
10109870DIASG_2026-02-10_G65,10109870DIASG,2026-02-10,141457,1,4,0,71.0
10109870DIASG_2026-02-10_G66,10109870DIASG,2026-02-10,110895,1,1,0,163.0
10109870DIASG_2026-02-10_G67,10109870DIASG,2026-02-10,110742,1,2,0,91.0
10109870DIASG_2026-02-10_G68,10109870DIASG,2026-02-10,111532,1,4,0,318.0
10109870DIASG_2026-02-10_G69,10109870DIASG,2026-02-10,141457,1,4,0,144.0
10109870DIASG_2026-02-10_G70,10109870DIASG,2026-02-10,117833,1,3,0,189.0
10109870DIASG_2026-02-10_G71,10109870DIASG,2026-02-10,117808,1,2,0,146.0
10109870DIASG_2026-02-10_G72,10109870DIASG,2026-02-10,118299,1,3,0,122.0
10109870DIASG_2026-02-10_G73,10109870DIASG,2026-02-10,110372,1,2,0,85.0
10109870DIASG_2026-02-10_G74,10109870DIASG,2026-02-10,110375,1,1,0,40.0
10109870DIASG_2026-02-10_G75,10109870DIASG,2026-02-10,117830,1,5,0,187.0
10109870DIASG_2026-02-10_G76,10109870DIASG,2026-02-10,110373,1,2,0,357.0
10109870DIASG_2026-02-10_G77,10109870DIASG,2026-02-10,117831,1,16,0,1054.0
10109870DIASG_2026-02-10_G78,10109870DIASG,2026-02-10,117821,1,3,0,69.0
10109870DIASG_2026-02-10_G79,10109870DIASG,2026-02-10,111466,1,60,0,161.0
10109870DIASG_2026-02-10_G80,10109870DIASG,2026-02-10,111172,1,10,0,214.0
10109870DIASG_2026-02-10_G81,10109870DIASG,2026-02-10,110711,1,2,0,470.0
10109870DIASG_2026-02-10_G82,10109870DIASG,2026-02-10,111430,1,4,0,265.0
10109870DIASG_2026-02-10_G83,10109870DIASG,2026-02-10,117808,1,60,0,501.0
10109870DIASG_2026-02-10_G84,10109870DIASG,2026-02-10,110376,1,5,0,171.0
10109870DIASG_2026-02-10_G85,10109870DIASG,2026-02-10,110372,1,40,0,149.0
10109870DIASG_2026-02-10_G86,10109870DIASG,2026-02-10,117830,1,10,0,572.0
10109870DIASG_2026-02-10_G87,10109870DIASG,2026-02-10,117808,1,100,0,762.0
10109870DIASG_2026-02-10_G88,10109870DIASG,2026-02-10,110371,1,21,0,167.0
10109870DIASG_2026-02-10_G89,10109870DIASG,2026-02-10,110372,1,50,0,245.0
10109870DIASG_2026-02-10_G90,10109870DIASG,2026-02-10,111418,1,5,0,218.0
10109870DIASG_2026-02-27_G02,10109870DIASG,2026-02-27,110895,1,4,0,163.0
10109870DIASG_2026-02-27_G03,10109870DIASG,2026-02-27,141916,1,8,0,244.0
10109870DIASG_2026-02-27_G04,10109870DIASG,2026-02-27,107892,1,6,0,389.0
10109870DIASG_2026-02-27_G05,10109870DIASG,2026-02-27,110313,1,12,0,215.0
10109870DIASG_2026-02-27_G06,10109870DIASG,2026-02-27,140923,1,18,0,170.0
10109870DIASG_2026-02-27_G07,10109870DIASG,2026-02-27,111530,1,23,0,331.0
10109870DIASG_2026-02-27_G08,10109870DIASG,2026-02-27,118094,1,6,0,249.0
10109870DIASG_2026-02-27_G09,10109870DIASG,2026-02-27,117862,1,1,0,126.0
10109870DIASG_2026-02-27_G10,10109870DIASG,2026-02-27,111602,1,20,0,110.0
10109870DIASG_2026-02-27_G11,10109870DIASG,2026-02-27,141352,1,1,0,234.0
10109870DIASG_2026-02-27_G12,10109870DIASG,2026-02-27,141166,1,1,0,98.0
10109870DIASG_2026-02-27_G13,10109870DIASG,2026-02-27,141202,1,4,0,94.0
10109870DIASG_2026-02-27_G14,10109870DIASG,2026-02-27,110373,1,6,0,102.0
10109870DIASG_2026-02-27_G15,10109870DIASG,2026-02-27,111532,1,24,0,418.0
10109870DIASG_2026-02-27_G16,10109870DIASG,2026-02-27,111443,1,4,0,229.0
10109870DIASG_2026-02-27_G17,10109870DIASG,2026-02-27,111743,1,24,0,291.0
10109870DIASG_2026-02-27_G18,10109870DIASG,2026-02-27,111462,1,11,0,137.0
10109870DIASG_2026-02-27_G19,10109870DIASG,2026-02-27,111418,1,11,0,294.0
10109870DIASG_2026-02-27_G20,10109870DIASG,2026-02-27,110748,2,4,8,1769.0
10109870DIASG_2026-02-27_G21,10109870DIASG,2026-02-27,110743,2,12,8,384.0
10109870DIASG_2026-02-27_G22,10109870DIASG,2026-02-27,115209,2,4,8,255.0
10109870DIASG_2026-02-27_G23,10109870DIASG,2026-02-27,111743,2,38,17,180.0
10109870DIASG_2026-02-27_G24,10109870DIASG,2026-02-27,108711,2,15,7,556.0
10109870DIASG_2026-02-27_G26,10109870DIASG,2026-02-27,109645,1,18,0,321.0
10109870DIASG_2026-02-27_G27,10109870DIASG,2026-02-27,111431,2,4,6,123.0
10109870DIASG_2026-02-27_G28,10109870DIASG,2026-02-27,111435,2,4,8,117.0
10109870DIASG_2026-02-27_G29,10109870DIASG,2026-02-27,141457,2,80,28,202.0
10109870DIASG_2026-02-27_G30,10109870DIASG,2026-02-27,111463,1,44,0,335.0
10109870DIASG_2026-02-27_G31,10109870DIASG,2026-02-27,111463,1,50,0,291.0
10109870DIASG_2026-02-27_G32,10109870DIASG,2026-02-27,141458,1,30,0,138.0
10109870DIASG_2026-02-28_G02,10109870DIASG,2026-02-28,117785,1,50,0,182.0
10109870DIASG_2026-02-28_G03,10109870DIASG,2026-02-28,117821,1,10,0,163.0
10109870DIASG_2026-02-28_G04,10109870DIASG,2026-02-28,111743,1,10,0,70.0
10109870DIASG_2026-02-28_G05,10109870DIASG,2026-02-28,111462,1,7,0,175.0
10109870DIASG_2026-02-28_G06,10109870DIASG,2026-02-28,141271,1,20,0,112.0
10109870DIASG_2026-02-28_G07,10109870DIASG,2026-02-28,111418,2,60,11,395.0
10109870DIASG_2026-02-28_G08,10109870DIASG,2026-02-28,141458,1,10,0,298.0
10109870DIASG_2026-02-28_G09,10109870DIASG,2026-02-28,110373,1,3,0,793.0
10109870DIASG_2026-02-28_G10,10109870DIASG,2026-02-28,117832,1,2,0,136.0
10109870DIASG_2026-02-28_G11,10109870DIASG,2026-02-28,140922,1,4,0,75.0
10109870DIASG_2026-02-28_G12,10109870DIASG,2026-02-28,117785,1,6,0,48.0
10109870DIASG_2026-02-28_G13,10109870DIASG,2026-02-28,111466,1,2,0,146.0
10109870DIASG_2026-02-28_G14,10109870DIASG,2026-02-28,111463,1,1,0,140.0
10109870DIASG_2026-02-28_G15,10109870DIASG,2026-02-28,111465,1,2,0,88.0
10109870DIASG_2026-02-28_G16,10109870DIASG,2026-02-28,110740,1,4,0,126.0
10109870DIASG_2026-02-28_G17,10109870DIASG,2026-02-28,141458,1,2,0,103.0
10109870DIASG_2026-02-28_G18,10109870DIASG,2026-02-28,111602,2,9,15,144.0
10109870DIASG_2026-02-28_G19,10109870DIASG,2026-02-28,117861,1,2,0,113.0
10109870DIASG_2026-02-28_G20,10109870DIASG,2026-02-28,110374,1,1,0,285.0
10109870DIASG_2026-02-28_G21,10109870DIASG,2026-02-28,117832,1,1,0,76.0
10109870DIASG_2026-02-28_G22,10109870DIASG,2026-02-28,117830,1,2,0,69.0
10109870DIASG_2026-02-28_G23,10109870DIASG,2026-02-28,111463,1,4,0,313.0
10109870DIASG_2026-02-28_G24,10109870DIASG,2026-02-28,141457,1,2,0,107.0
10109870DIASG_2026-02-28_G25,10109870DIASG,2026-02-28,110372,1,4,0,2948.0
10109870DIASG_2026-02-28_G26,10109870DIASG,2026-02-28,111446,1,4,0,179.0
10109870DIASG_2026-02-28_G27,10109870DIASG,2026-02-28,111418,2,8,6,123.0
10109870DIASG_2026-02-28_G28,10109870DIASG,2026-02-28,111602,1,2,0,239.0
10109870DIASG_2026-02-28_G29,10109870DIASG,2026-02-28,117856,1,2,0,73.0
10109870DIASG_2026-02-28_G30,10109870DIASG,2026-02-28,117786,3,5,14,111.0
10109870DIASG_2026-02-28_G31,10109870DIASG,2026-02-28,111447,1,2,0,168.0
10109870DIASG_2026-02-28_G32,10109870DIASG,2026-02-28,118306,1,2,0,95.0
10109870DIASG_2026-02-28_G33,10109870DIASG,2026-02-28,111530,1,8,0,789.0
10109870DIASG_2026-02-28_G34,10109870DIASG,2026-02-28,117832,1,21,0,495.0
10109870DIASG_2026-02-28_G35,10109870DIASG,2026-02-28,140923,1,2,0,1224.0
10109870DIASG_2026-02-28_G36,10109870DIASG,2026-02-28,107629,1,8,0,180.0
10109870DIASG_2026-02-28_G37,10109870DIASG,2026-02-28,117862,1,4,0,188.0
10109870DIASG_2026-02-28_G38,10109870DIASG,2026-02-28,111602,1,4,0,84.0
10109870DIASG_2026-02-28_G39,10109870DIASG,2026-02-28,117786,1,3,0,116.0
10109870DIASG_2026-02-28_G41,10109870DIASG,2026-02-28,118418,1,4,0,257.0
10109870DIASG_2026-02-28_G42,10109870DIASG,2026-02-28,107236,1,3,0,931.0
10109870DIASG_2026-02-28_G43,10109870DIASG,2026-02-28,140922,1,15,0,691.0
10109870DIASG_2026-02-28_G44,10109870DIASG,2026-02-28,111532,1,13,0,343.0
10109870DIASG_2026-03-13_G02,10109870DIASG,2026-03-13,109648,1,1,0,275.0
10109870DIASG_2026-03-13_G03,10109870DIASG,2026-03-13,117820,6,38,35,32.0
10109870DIASG_2026-03-13_G04,10109870DIASG,2026-03-13,109643,3,6,12,120.0
10109870DIASG_2026-03-13_G05,10109870DIASG,2026-03-13,117808,5,35,49,113.0
10109870DIASG_2026-03-13_G06,10109870DIASG,2026-03-13,141202,1,1,0,216.0
10109870DIASG_2026-03-13_G07,10109870DIASG,2026-03-13,110325,2,36,13,53.0
10109870DIASG_2026-03-13_G08,10109870DIASG,2026-03-13,110372,1,2,0,1615.0
10109870DIASG_2026-03-13_G09,10109870DIASG,2026-03-13,118250,1,4,0,220.0
10109870DIASG_2026-03-13_G10,10109870DIASG,2026-03-13,111469,1,2,0,104.0
10109870DIASG_2026-03-13_G11,10109870DIASG,2026-03-13,117820,1,40,0,334.0
10109870DIASG_2026-03-13_G12,10109870DIASG,2026-03-13,117853,1,2,0,1334.0
10109870DIASG_2026-03-13_G13,10109870DIASG,2026-03-13,108772,1,3,0,266.0
10109870DIASG_2026-03-13_G14,10109870DIASG,2026-03-13,117853,2,10,8,162.0
10109870DIASG_2026-03-13_G15,10109870DIASG,2026-03-13,118290,1,2,0,206.0
10109870DIASG_2026-03-13_G16,10109870DIASG,2026-03-13,111463,1,4,0,122.0
10109870DIASG_2026-03-13_G17,10109870DIASG,2026-03-13,110740,1,36,0,662.0
10109870DIASG_2026-03-13_G18,10109870DIASG,2026-03-13,140922,1,20,0,353.0
10109870DIASG_2026-03-13_G19,10109870DIASG,2026-03-13,117842,1,4,0,211.0
10109870DIASG_2026-03-24_G02,10109870DIASG,2026-03-24,111530,1,6,0,192.0
10109870DIASG_2026-03-24_G03,10109870DIASG,2026-03-24,140922,1,3,0,177.0
10109870DIASG_2026-03-24_G04,10109870DIASG,2026-03-24,142093,1,12,0,185.0
10109870DIASG_2026-03-24_G05,10109870DIASG,2026-03-24,117838,1,2,0,113.0
10109870DIASG_2026-03-24_G06,10109870DIASG,2026-03-24,111468,1,6,0,140.0
10109870DIASG_2026-03-24_G07,10109870DIASG,2026-03-24,111463,1,18,0,116.0
10109870DIASG_2026-03-24_G08,10109870DIASG,2026-03-24,140922,1,1,0,1236.0
10109870DIASG_2026-03-24_G09,10109870DIASG,2026-03-24,117785,1,10,0,46.0
10109870DIASG_2026-03-24_G10,10109870DIASG,2026-03-24,111462,1,10,0,150.0
10109870DIASG_2026-03-24_G11,10109870DIASG,2026-03-24,111465,1,8,0,385.0
10109870DIASG_2026-03-24_G12,10109870DIASG,2026-03-24,107236,1,6,0,1332.0
10109870DIASG_2026-03-24_G13,10109870DIASG,2026-03-24,111463,1,16,0,164.0
10109870DIASG_2026-03-24_G14,10109870DIASG,2026-03-24,105705,1,2,0,104.0
10109870DIASG_2026-03-24_G15,10109870DIASG,2026-03-24,141458,1,2,0,139.0
10109870DIASG_2026-03-24_G16,10109870DIASG,2026-03-24,117787,1,1,0,102.0
10109870DIASG_2026-03-24_G17,10109870DIASG,2026-03-24,117809,1,6,0,203.0
10109870DIASG_2026-03-24_G18,10109870DIASG,2026-03-24,117820,1,18,0,180.0
10109870DIASG_2026-03-24_G19,10109870DIASG,2026-03-24,110372,1,30,0,371.0
10109870DIASG_2026-03-24_G20,10109870DIASG,2026-03-24,117808,1,22,0,449.0
10109870DIASG_2026-03-24_G21,10109870DIASG,2026-03-24,117822,1,1,0,76.0
10109870DIASG_2026-03-24_G22,10109870DIASG,2026-03-24,110371,1,12,0,155.0
10109870DIASG_2026-03-24_G23,10109870DIASG,2026-03-24,110325,1,4,0,1075.0
10109870DIASG_2026-03-24_G24,10109870DIASG,2026-03-24,118299,1,24,0,230.0
10109870DIASG_2026-03-24_G25,10109870DIASG,2026-03-24,111348,2,10,8,2635.0
10109870DIASG_2026-03-24_G26,10109870DIASG,2026-03-24,111462,1,10,0,580.0
10109870DIASG_2026-03-24_G27,10109870DIASG,2026-03-24,110751,1,8,0,87.0
10109870DIASG_2026-03-24_G28,10109870DIASG,2026-03-24,142093,1,20,0,130.0
10109870DIASG_2026-03-24_G30,10109870DIASG,2026-03-24,141271,1,36,0,508.0
10109870DIASG_2026-03-24_G31,10109870DIASG,2026-03-24,107236,1,6,0,71.0
10109870DIASG_2026-03-24_G32,10109870DIASG,2026-03-24,111418,1,50,0,286.0
10109870DIASG_2026-03-24_G33,10109870DIASG,2026-03-24,117833,1,20,0,321.0
10109870DIASG_2026-03-24_G34,10109870DIASG,2026-03-24,111463,1,20,0,401.0
10109870DIASG_2026-03-24_G35,10109870DIASG,2026-03-24,117787,1,10,0,186.0
10109870DIASG_2026-03-24_G36,10109870DIASG,2026-03-24,109643,1,10,0,385.0
10109870DIASG_2026-03-24_G37,10109870DIASG,2026-03-24,117820,3,160,28,73.0
10109870DIASG_2026-03-24_G38,10109870DIASG,2026-03-24,110373,1,60,0,734.0
10109870DIASG_2026-03-24_G39,10109870DIASG,2026-03-24,110372,1,80,0,545.0
10109870DIASG_2026-03-24_G40,10109870DIASG,2026-03-24,117840,1,1,0,347.0
10109870DIASG_2026-03-24_G41,10109870DIASG,2026-03-24,117808,1,200,0,850.0
10109870DIASG_2026-03-24_G42,10109870DIASG,2026-03-24,110375,1,9,0,465.0
10109870DIASG_2026-03-24_G43,10109870DIASG,2026-03-24,110371,1,16,0,56.0
10109870DIASG_2026-03-24_G44,10109870DIASG,2026-03-24,141202,1,9,0,90.0
10109870DIASG_2026-03-24_G45,10109870DIASG,2026-03-24,117830,1,50,0,516.0
10109870DIASG_2026-03-24_G46,10109870DIASG,2026-03-24,110841,2,11,7,345.0
10109870DIASG_2026-03-25_G02,10109870DIASG,2026-03-25,110816,1,4,0,173.0
10109870DIASG_2026-03-25_G03,10109870DIASG,2026-03-25,110310,1,4,0,316.0
10109870DIASG_2026-03-25_G04,10109870DIASG,2026-03-25,117834,1,22,0,50.0
10109870DIASG_2026-03-25_G05,10109870DIASG,2026-03-25,115821,1,4,0,419.0
10109870DIASG_2026-03-25_G06,10109870DIASG,2026-03-25,116527,1,6,0,165.0
10109870DIASG_2026-03-25_G07,10109870DIASG,2026-03-25,140915,1,4,0,114.0
10109870DIASG_2026-03-25_G08,10109870DIASG,2026-03-25,111090,1,4,0,241.0
10109870DIASG_2026-03-25_G09,10109870DIASG,2026-03-25,111776,1,2,0,115.0
10109870DIASG_2026-03-25_G10,10109870DIASG,2026-03-25,109384,1,2,0,85.0
10109870DIASG_2026-03-25_G11,10109870DIASG,2026-03-25,110753,1,6,0,68.0
10109870DIASG_2026-03-25_G12,10109870DIASG,2026-03-25,111439,1,8,0,760.0
10109870DIASG_2026-03-25_G13,10109870DIASG,2026-03-25,117856,1,20,0,186.0
10109870DIASG_2026-03-25_G14,10109870DIASG,2026-03-25,109640,1,5,0,205.0
10109870DIASG_2026-03-25_G15,10109870DIASG,2026-03-25,110313,1,30,0,138.0
10109870DIASG_2026-03-25_G16,10109870DIASG,2026-03-25,111462,1,40,0,471.0
10109870DIASG_2026-03-25_G17,10109870DIASG,2026-03-25,111466,1,46,0,3296.0
10109870DIASG_2026-03-25_G18,10109870DIASG,2026-03-25,111466,1,34,0,40.0
10109870DIASG_2026-03-25_G19,10109870DIASG,2026-03-25,107236,1,40,0,600.0
10109870DIASG_2026-03-25_G20,10109870DIASG,2026-03-25,111418,1,180,0,311.0
10109870DIASG_2026-03-25_G21,10109870DIASG,2026-03-25,111469,2,60,16,411.0
10109870DIASG_2026-03-25_G22,10109870DIASG,2026-03-25,110740,1,20,0,581.0
10109870DIASG_2026-03-25_G23,10109870DIASG,2026-03-25,110374,1,4,0,815.0
10109870DIASG_2026-03-25_G24,10109870DIASG,2026-03-25,117809,1,8,0,130.0
10109870DIASG_2026-03-25_G25,10109870DIASG,2026-03-25,"109643, 117820",2,12,26,50.0
10109870DIASG_2026-03-25_G26,10109870DIASG,2026-03-25,110373,1,12,0,75.0
10109870DIASG_2026-03-25_G27,10109870DIASG,2026-03-25,110372,1,24,0,460.0
10109870DIASG_2026-03-25_G28,10109870DIASG,2026-03-25,118299,1,20,0,203.0
10109870DIASG_2026-03-25_G30,10109870DIASG,2026-03-25,142093,1,2,0,91.0
10109870DIASG_2026-03-25_G31,10109870DIASG,2026-03-25,110787,1,4,0,71.0
10109870DIASG_2026-03-25_G32,10109870DIASG,2026-03-25,117831,1,4,0,67.0
10109870DIASG_2026-03-25_G33,10109870DIASG,2026-03-25,110752,1,2,0,471.0
10109870DIASG_2026-03-25_G34,10109870DIASG,2026-03-25,117855,1,10,0,438.0
10109870DIASG_2026-03-31_G02,10109870DIASG,2026-03-31,110373,1,20,0,275.0
10109870DIASG_2026-03-31_G03,10109870DIASG,2026-03-31,110372,1,20,0,154.0
10109870DIASG_2026-03-31_G04,10109870DIASG,2026-03-31,109643,1,12,0,248.0
10109870DIASG_2026-03-31_G05,10109870DIASG,2026-03-31,117808,1,20,0,710.0
10109870DIASG_2026-03-31_G06,10109870DIASG,2026-03-31,141823,1,12,0,632.0
10109870DIASG_2026-03-31_G07,10109870DIASG,2026-03-31,111532,1,8,0,58.0
10109870DIASG_2026-03-31_G09,10109870DIASG,2026-03-31,140922,1,59,0,252.0
10109870DIASG_2026-03-31_G10,10109870DIASG,2026-03-31,109645,3,74,33,1544.0
10109870DIASG_2026-03-31_G11,10109870DIASG,2026-03-31,111172,1,3,0,611.0
10109870DIASG_2026-03-31_G12,10109870DIASG,2026-03-31,111463,1,8,0,93.0
10109870DIASG_2026-03-31_G13,10109870DIASG,2026-03-31,111532,1,10,0,81.0
10109870DIASG_2026-03-31_G14,10109870DIASG,2026-03-31,108711,6,82,54,141.0
10109870DIASG_2026-03-31_G15,10109870DIASG,2026-03-31,111463,1,8,0,1267.0
10109871PINHEIROM_2025-06-05_G02,10109871PINHEIROM,2025-06-05,111850,1,48,0,3505.0
10109871PINHEIROM_2025-06-05_G03,10109871PINHEIROM,2025-06-05,118283,1,5,0,949.0
10109871PINHEIROM_2025-06-05_G04,10109871PINHEIROM,2025-06-05,117835,1,20,0,343.0
10109871PINHEIROM_2025-06-05_G05,10109871PINHEIROM,2025-06-05,111110,1,4,0,232.0
10109871PINHEIROM_2025-06-05_G06,10109871PINHEIROM,2025-06-05,109937,1,8,0,310.0
10109871PINHEIROM_2025-06-05_G07,10109871PINHEIROM,2025-06-05,116527,1,1,0,81.0
10109871PINHEIROM_2025-06-05_G08,10109871PINHEIROM,2025-06-05,160055,1,6,0,1131.0
10109871PINHEIROM_2025-06-05_G09,10109871PINHEIROM,2025-06-05,110787,1,27,0,597.0
10109871PINHEIROM_2025-06-07_G02,10109871PINHEIROM,2025-06-07,117821,1,70,0,574.0
10109871PINHEIROM_2025-06-07_G03,10109871PINHEIROM,2025-06-07,111430,2,34,23,2360.0
10109871PINHEIROM_2025-06-07_G04,10109871PINHEIROM,2025-06-07,100334,1,6,0,598.0
10109871PINHEIROM_2025-06-07_G05,10109871PINHEIROM,2025-06-07,111441,1,10,0,482.0
10109871PINHEIROM_2025-06-07_G07,10109871PINHEIROM,2025-06-07,111569,1,4,0,357.0
10109871PINHEIROM_2025-06-07_G08,10109871PINHEIROM,2025-06-07,116527,1,4,0,122.0
10109871PINHEIROM_2025-06-07_G09,10109871PINHEIROM,2025-06-07,116527,1,8,0,301.0
10109871PINHEIROM_2025-06-07_G10,10109871PINHEIROM,2025-06-07,111602,1,2,0,1125.0
10109871PINHEIROM_2025-06-07_G11,10109871PINHEIROM,2025-06-07,117856,1,4,0,149.0
10109871PINHEIROM_2025-06-07_G12,10109871PINHEIROM,2025-06-07,118298,1,4,0,127.0
10109871PINHEIROM_2025-06-07_G13,10109871PINHEIROM,2025-06-07,117861,1,4,0,95.0
10109871PINHEIROM_2025-06-07_G14,10109871PINHEIROM,2025-06-07,110895,1,4,0,246.0
10109871PINHEIROM_2025-06-07_G15,10109871PINHEIROM,2025-06-07,111433,1,1,0,87.0
10109871PINHEIROM_2025-06-07_G16,10109871PINHEIROM,2025-06-07,117785,1,7,0,100.0
10109871PINHEIROM_2025-06-07_G17,10109871PINHEIROM,2025-06-07,111465,1,1,0,101.0
10109871PINHEIROM_2025-06-07_G18,10109871PINHEIROM,2025-06-07,110373,1,8,0,222.0
10109871PINHEIROM_2025-06-07_G19,10109871PINHEIROM,2025-06-07,118299,1,9,0,352.0
10109871PINHEIROM_2025-06-07_G20,10109871PINHEIROM,2025-06-07,117787,1,4,0,255.0
10109871PINHEIROM_2025-06-07_G21,10109871PINHEIROM,2025-06-07,111444,1,3,0,100.0
10109871PINHEIROM_2025-06-09_G02,10109871PINHEIROM,2025-06-09,118094,1,6,0,402.0
10109871PINHEIROM_2025-06-09_G03,10109871PINHEIROM,2025-06-09,109640,1,2,0,138.0
10109871PINHEIROM_2025-06-09_G04,10109871PINHEIROM,2025-06-09,117855,1,10,0,245.0
10109871PINHEIROM_2025-06-09_G05,10109871PINHEIROM,2025-06-09,117786,1,8,0,278.0
10109871PINHEIROM_2025-06-09_G06,10109871PINHEIROM,2025-06-09,111530,1,11,0,2685.0
10109871PINHEIROM_2025-06-09_G07,10109871PINHEIROM,2025-06-09,117785,1,33,0,1620.0
10109871PINHEIROM_2025-06-09_G08,10109871PINHEIROM,2025-06-09,111469,1,8,0,221.0
10109871PINHEIROM_2025-06-09_G09,10109871PINHEIROM,2025-06-09,111466,1,60,0,1085.0
10109871PINHEIROM_2025-06-09_G10,10109871PINHEIROM,2025-06-09,111465,1,2,0,130.0
10109871PINHEIROM_2025-06-09_G11,10109871PINHEIROM,2025-06-09,117808,1,16,0,1481.0
10109871PINHEIROM_2025-06-09_G12,10109871PINHEIROM,2025-06-09,109643,1,21,0,1364.0
10109871PINHEIROM_2025-06-09_G13,10109871PINHEIROM,2025-06-09,110373,1,2,0,257.0
10109871PINHEIROM_2025-06-09_G15,10109871PINHEIROM,2025-06-09,118299,1,76,0,723.0
10109871PINHEIROM_2025-06-09_G16,10109871PINHEIROM,2025-06-09,111465,1,12,0,1211.0
10109871PINHEIROM_2025-06-09_G17,10109871PINHEIROM,2025-06-09,111743,1,190,0,2956.0
10109871PINHEIROM_2025-06-09_G19,10109871PINHEIROM,2025-06-09,107629,1,30,0,857.0
10109871PINHEIROM_2025-06-09_G20,10109871PINHEIROM,2025-06-09,109640,1,38,0,411.0
10109871PINHEIROM_2025-06-09_G21,10109871PINHEIROM,2025-06-09,111467,1,50,0,819.0
10109871PINHEIROM_2025-06-09_G22,10109871PINHEIROM,2025-06-09,111602,1,50,0,954.0
10109871PINHEIROM_2025-06-10_G02,10109871PINHEIROM,2025-06-10,110339,1,2,0,224.0
10109871PINHEIROM_2025-06-10_G03,10109871PINHEIROM,2025-06-10,117785,1,1,0,154.0
10109871PINHEIROM_2025-06-10_G04,10109871PINHEIROM,2025-06-10,108711,1,6,0,154.0
10109871PINHEIROM_2025-06-10_G05,10109871PINHEIROM,2025-06-10,110374,1,1,0,263.0
10109871PINHEIROM_2025-06-10_G06,10109871PINHEIROM,2025-06-10,117808,1,4,0,163.0
10109871PINHEIROM_2025-06-10_G07,10109871PINHEIROM,2025-06-10,118299,1,4,0,170.0
10109871PINHEIROM_2025-06-10_G08,10109871PINHEIROM,2025-06-10,110372,1,8,0,528.0
10109871PINHEIROM_2025-06-10_G09,10109871PINHEIROM,2025-06-10,117809,1,1,0,200.0
10109871PINHEIROM_2025-06-10_G10,10109871PINHEIROM,2025-06-10,117830,1,2,0,1057.0
10109871PINHEIROM_2025-06-10_G11,10109871PINHEIROM,2025-06-10,110742,1,4,0,785.0
10109871PINHEIROM_2025-06-10_G12,10109871PINHEIROM,2025-06-10,110747,1,2,0,164.0
10109871PINHEIROM_2025-06-10_G13,10109871PINHEIROM,2025-06-10,108759,1,6,0,312.0
10109871PINHEIROM_2025-06-10_G14,10109871PINHEIROM,2025-06-10,110895,1,4,0,507.0
10109871PINHEIROM_2025-06-10_G15,10109871PINHEIROM,2025-06-10,117853,1,4,0,1703.0
10109871PINHEIROM_2025-06-10_G16,10109871PINHEIROM,2025-06-10,110733,1,5,0,299.0
10109871PINHEIROM_2025-06-10_G17,10109871PINHEIROM,2025-06-10,111530,1,1,0,180.0
10109871PINHEIROM_2025-06-10_G18,10109871PINHEIROM,2025-06-10,110515,1,1,0,153.0
10109871PINHEIROM_2025-06-10_G19,10109871PINHEIROM,2025-06-10,117856,1,4,0,155.0
10109871PINHEIROM_2025-06-10_G20,10109871PINHEIROM,2025-06-10,111876,1,4,0,239.0
10109871PINHEIROM_2025-06-10_G21,10109871PINHEIROM,2025-06-10,111467,1,2,0,219.0
10109871PINHEIROM_2025-06-10_G22,10109871PINHEIROM,2025-06-10,117831,1,2,0,1270.0
10109871PINHEIROM_2025-06-10_G23,10109871PINHEIROM,2025-06-10,111462,1,2,0,237.0
10109871PINHEIROM_2025-06-10_G24,10109871PINHEIROM,2025-06-10,117833,1,2,0,430.0
10109871PINHEIROM_2025-06-10_G25,10109871PINHEIROM,2025-06-10,118140,1,2,0,125.0
10109871PINHEIROM_2025-06-10_G26,10109871PINHEIROM,2025-06-10,111418,1,2,0,191.0
10109871PINHEIROM_2025-06-10_G27,10109871PINHEIROM,2025-06-10,117787,1,2,0,123.0
10109871PINHEIROM_2025-06-10_G28,10109871PINHEIROM,2025-06-10,111465,1,2,0,86.0
10109871PINHEIROM_2025-06-10_G30,10109871PINHEIROM,2025-06-10,108794,1,4,0,290.0
10109871PINHEIROM_2025-06-10_G31,10109871PINHEIROM,2025-06-10,111850,1,2,0,112.0
10109871PINHEIROM_2025-06-10_G32,10109871PINHEIROM,2025-06-10,111438,1,2,0,174.0
10109871PINHEIROM_2025-06-10_G33,10109871PINHEIROM,2025-06-10,110895,1,8,0,134.0
10109871PINHEIROM_2025-06-10_G34,10109871PINHEIROM,2025-06-10,108794,1,3,0,185.0
10109871PINHEIROM_2025-06-10_G35,10109871PINHEIROM,2025-06-10,117833,1,4,0,419.0
10109871PINHEIROM_2025-06-10_G36,10109871PINHEIROM,2025-06-10,111172,1,8,0,207.0
10109871PINHEIROM_2025-06-10_G37,10109871PINHEIROM,2025-06-10,111532,1,4,0,129.0
10109871PINHEIROM_2025-06-10_G38,10109871PINHEIROM,2025-06-10,111418,1,40,0,117.0
10109871PINHEIROM_2025-06-10_G39,10109871PINHEIROM,2025-06-10,111348,1,3,0,169.0
10109871PINHEIROM_2025-06-10_G40,10109871PINHEIROM,2025-06-10,111465,1,5,0,117.0
10109871PINHEIROM_2025-06-10_G41,10109871PINHEIROM,2025-06-10,118140,1,10,0,311.0
10109871PINHEIROM_2025-06-10_G42,10109871PINHEIROM,2025-06-10,111723,1,4,0,1962.0
10109871PINHEIROM_2025-06-10_G43,10109871PINHEIROM,2025-06-10,111759,1,6,0,347.0
10109871PINHEIROM_2025-06-10_G44,10109871PINHEIROM,2025-06-10,111753,1,4,0,1490.0
10109871PINHEIROM_2025-06-10_G45,10109871PINHEIROM,2025-06-10,111742,1,4,0,2100.0
10109871PINHEIROM_2025-06-10_G46,10109871PINHEIROM,2025-06-10,111759,1,4,0,2920.0
10109871PINHEIROM_2025-06-10_G47,10109871PINHEIROM,2025-06-10,111738,1,4,0,184.0
10109871PINHEIROM_2025-06-10_G48,10109871PINHEIROM,2025-06-10,111753,1,4,0,439.0
10109871PINHEIROM_2025-06-11_G02,10109871PINHEIROM,2025-06-11,110747,1,2,0,168.0
10109871PINHEIROM_2025-06-11_G03,10109871PINHEIROM,2025-06-11,110755,1,17,0,359.0
10109871PINHEIROM_2025-06-11_G04,10109871PINHEIROM,2025-06-11,111569,1,10,0,247.0
10109871PINHEIROM_2025-06-11_G05,10109871PINHEIROM,2025-06-11,110741,1,4,0,496.0
10109871PINHEIROM_2025-06-11_G06,10109871PINHEIROM,2025-06-11,118094,1,4,0,242.0
10109871PINHEIROM_2025-06-11_G07,10109871PINHEIROM,2025-06-11,107629,1,6,0,276.0
10109871PINHEIROM_2025-06-11_G08,10109871PINHEIROM,2025-06-11,110339,1,2,0,416.0
10109871PINHEIROM_2025-06-11_G09,10109871PINHEIROM,2025-06-11,110515,1,12,0,639.0
10109871PINHEIROM_2025-06-11_G10,10109871PINHEIROM,2025-06-11,111467,1,2,0,475.0
10109871PINHEIROM_2025-06-11_G11,10109871PINHEIROM,2025-06-11,110752,1,4,0,510.0
10109871PINHEIROM_2025-06-11_G12,10109871PINHEIROM,2025-06-11,111439,1,4,0,82.0
10109871PINHEIROM_2025-06-11_G13,10109871PINHEIROM,2025-06-11,111602,1,4,0,101.0
10109871PINHEIROM_2025-06-11_G14,10109871PINHEIROM,2025-06-11,111463,1,2,0,140.0
10109871PINHEIROM_2025-06-11_G15,10109871PINHEIROM,2025-06-11,109641,1,34,0,1006.0
10109871PINHEIROM_2025-06-11_G16,10109871PINHEIROM,2025-06-11,111466,1,30,0,545.0
10109871PINHEIROM_2025-06-11_G17,10109871PINHEIROM,2025-06-11,111466,1,4,0,63.0
10109871PINHEIROM_2025-06-11_G18,10109871PINHEIROM,2025-06-11,118140,1,2,0,544.0
10109871PINHEIROM_2025-06-11_G19,10109871PINHEIROM,2025-06-11,111602,1,16,0,1877.0
10109871PINHEIROM_2025-06-11_G20,10109871PINHEIROM,2025-06-11,108795,1,4,0,113.0
10109871PINHEIROM_2025-06-11_G21,10109871PINHEIROM,2025-06-11,111466,1,16,0,190.0
10109871PINHEIROM_2025-06-11_G22,10109871PINHEIROM,2025-06-11,111418,1,16,0,223.0
10109871PINHEIROM_2025-06-11_G23,10109871PINHEIROM,2025-06-11,110747,1,2,0,1036.0
10109871PINHEIROM_2025-06-11_G25,10109871PINHEIROM,2025-06-11,109640,1,8,0,344.0
10109871PINHEIROM_2025-06-11_G26,10109871PINHEIROM,2025-06-11,111434,1,8,0,169.0
10109871PINHEIROM_2025-06-11_G27,10109871PINHEIROM,2025-06-11,111469,1,4,0,186.0
10109871PINHEIROM_2025-06-11_G28,10109871PINHEIROM,2025-06-11,140922,1,8,0,159.0
10109871PINHEIROM_2025-06-11_G29,10109871PINHEIROM,2025-06-11,111466,1,4,0,365.0
10109871PINHEIROM_2025-06-11_G30,10109871PINHEIROM,2025-06-11,118311,1,4,0,3352.0
10109871PINHEIROM_2025-06-11_G31,10109871PINHEIROM,2025-06-11,140911,1,1,0,165.0
10109871PINHEIROM_2025-06-11_G32,10109871PINHEIROM,2025-06-11,111850,1,4,0,811.0
10109871PINHEIROM_2025-06-11_G33,10109871PINHEIROM,2025-06-11,110841,1,4,0,129.0
10109871PINHEIROM_2025-06-11_G34,10109871PINHEIROM,2025-06-11,110534,1,4,0,183.0
10109871PINHEIROM_2025-06-11_G35,10109871PINHEIROM,2025-06-11,110895,1,2,0,190.0
10109871PINHEIROM_2025-06-11_G36,10109871PINHEIROM,2025-06-11,108770,1,1,0,149.0
10109871PINHEIROM_2025-06-11_G37,10109871PINHEIROM,2025-06-11,141035,1,2,0,198.0
10109871PINHEIROM_2025-06-11_G38,10109871PINHEIROM,2025-06-11,118094,1,4,0,349.0
10109871PINHEIROM_2025-06-11_G39,10109871PINHEIROM,2025-06-11,110339,1,2,0,107.0
10109871PINHEIROM_2025-06-11_G40,10109871PINHEIROM,2025-06-11,110515,1,3,0,237.0
10109871PINHEIROM_2025-06-11_G41,10109871PINHEIROM,2025-06-11,117862,1,6,0,190.0
10109871PINHEIROM_2025-06-11_G42,10109871PINHEIROM,2025-06-11,117855,1,4,0,139.0
10109871PINHEIROM_2025-06-11_G43,10109871PINHEIROM,2025-06-11,117861,1,1,0,57.0
10109871PINHEIROM_2025-06-11_G44,10109871PINHEIROM,2025-06-11,110752,1,4,0,679.0
10109871PINHEIROM_2025-06-11_G45,10109871PINHEIROM,2025-06-11,110313,1,4,0,121.0
10109871PINHEIROM_2025-06-11_G46,10109871PINHEIROM,2025-06-11,117786,1,4,0,165.0
10109871PINHEIROM_2025-06-11_G47,10109871PINHEIROM,2025-06-11,110733,1,1,0,381.0
10109871PINHEIROM_2025-06-11_G48,10109871PINHEIROM,2025-06-11,111530,1,4,0,104.0
10109871PINHEIROM_2025-06-11_G49,10109871PINHEIROM,2025-06-11,111602,1,5,0,94.0
10109871PINHEIROM_2025-06-11_G50,10109871PINHEIROM,2025-06-11,141202,1,2,0,1118.0
10109871PINHEIROM_2025-06-12_G02,10109871PINHEIROM,2025-06-12,111443,1,4,0,107.0
10109871PINHEIROM_2025-06-12_G03,10109871PINHEIROM,2025-06-12,110372,1,4,0,145.0
10109871PINHEIROM_2025-06-12_G04,10109871PINHEIROM,2025-06-12,111434,1,33,0,937.0
10109871PINHEIROM_2025-06-12_G05,10109871PINHEIROM,2025-06-12,105705,1,22,0,761.0
10109871PINHEIROM_2025-06-12_G06,10109871PINHEIROM,2025-06-12,110750,1,8,0,709.0
10109871PINHEIROM_2025-06-12_G07,10109871PINHEIROM,2025-06-12,117808,1,20,0,1885.0
10109871PINHEIROM_2025-06-12_G08,10109871PINHEIROM,2025-06-12,110787,1,3,0,3463.0
10109871PINHEIROM_2025-06-12_G09,10109871PINHEIROM,2025-06-12,110787,1,4,0,92.0
10109871PINHEIROM_2025-06-12_G10,10109871PINHEIROM,2025-06-12,110733,1,4,0,263.0
10109871PINHEIROM_2025-06-12_G11,10109871PINHEIROM,2025-06-12,110755,1,2,0,333.0
10109871PINHEIROM_2025-06-12_G12,10109871PINHEIROM,2025-06-12,111430,1,2,0,236.0
10109871PINHEIROM_2025-06-12_G13,10109871PINHEIROM,2025-06-12,111438,1,2,0,151.0
10109871PINHEIROM_2025-06-12_G14,10109871PINHEIROM,2025-06-12,107629,1,2,0,1441.0
10109871PINHEIROM_2025-06-12_G15,10109871PINHEIROM,2025-06-12,110339,1,6,0,113.0
10109871PINHEIROM_2025-06-12_G16,10109871PINHEIROM,2025-06-12,109640,1,3,0,119.0
10109871PINHEIROM_2025-06-12_G18,10109871PINHEIROM,2025-06-12,117861,1,4,0,138.0
10109871PINHEIROM_2025-06-12_G19,10109871PINHEIROM,2025-06-12,117853,1,2,0,115.0
10109871PINHEIROM_2025-06-12_G20,10109871PINHEIROM,2025-06-12,111530,1,8,0,1269.0
10109871PINHEIROM_2025-06-12_G21,10109871PINHEIROM,2025-06-12,110743,1,2,0,135.0
10109871PINHEIROM_2025-06-12_G22,10109871PINHEIROM,2025-06-12,110751,1,1,0,124.0
10109871PINHEIROM_2025-06-12_G23,10109871PINHEIROM,2025-06-12,105705,1,1,0,346.0
10109871PINHEIROM_2025-06-12_G24,10109871PINHEIROM,2025-06-12,140922,1,14,0,128.0
10109871PINHEIROM_2025-06-12_G25,10109871PINHEIROM,2025-06-12,111418,1,10,0,160.0
10109871PINHEIROM_2025-06-12_G26,10109871PINHEIROM,2025-06-12,109645,1,3,0,212.0
10109871PINHEIROM_2025-06-12_G27,10109871PINHEIROM,2025-06-12,110375,1,10,0,159.0
10109871PINHEIROM_2025-06-12_G28,10109871PINHEIROM,2025-06-12,117808,1,50,0,1598.0
10109871PINHEIROM_2025-06-12_G29,10109871PINHEIROM,2025-06-12,109643,1,6,0,216.0
10109871PINHEIROM_2025-06-12_G30,10109871PINHEIROM,2025-06-12,118299,1,50,0,1002.0
10109871PINHEIROM_2025-06-12_G31,10109871PINHEIROM,2025-06-12,117808,1,50,0,497.0
10109871PINHEIROM_2025-06-12_G32,10109871PINHEIROM,2025-06-12,118299,1,50,0,428.0
10109871PINHEIROM_2025-06-12_G33,10109871PINHEIROM,2025-06-12,117832,1,10,0,477.0
10109871PINHEIROM_2025-06-12_G34,10109871PINHEIROM,2025-06-12,117830,1,10,0,121.0
10109871PINHEIROM_2025-06-12_G35,10109871PINHEIROM,2025-06-12,117809,1,20,0,231.0
10109871PINHEIROM_2025-06-12_G36,10109871PINHEIROM,2025-06-12,111469,1,130,0,2977.0
10109871PINHEIROM_2025-06-12_G37,10109871PINHEIROM,2025-06-12,117862,1,2,0,439.0
10109871PINHEIROM_2025-06-12_G38,10109871PINHEIROM,2025-06-12,117789,1,2,0,731.0
10109871PINHEIROM_2025-06-13_G02,10109871PINHEIROM,2025-06-13,111466,1,4,0,159.0
10109871PINHEIROM_2025-06-13_G03,10109871PINHEIROM,2025-06-13,111438,1,4,0,683.0
10109871PINHEIROM_2025-06-13_G04,10109871PINHEIROM,2025-06-13,111463,1,4,0,143.0
10109871PINHEIROM_2025-06-13_G05,10109871PINHEIROM,2025-06-13,111469,1,1,0,65.0
10109871PINHEIROM_2025-06-13_G06,10109871PINHEIROM,2025-06-13,111466,1,8,0,93.0
10109871PINHEIROM_2025-06-13_G07,10109871PINHEIROM,2025-06-13,111443,1,4,0,121.0
10109871PINHEIROM_2025-06-13_G08,10109871PINHEIROM,2025-06-13,111532,1,4,0,160.0
10109871PINHEIROM_2025-06-13_G09,10109871PINHEIROM,2025-06-13,111431,1,4,0,262.0
10109871PINHEIROM_2025-06-13_G10,10109871PINHEIROM,2025-06-13,109641,1,6,0,174.0
10109871PINHEIROM_2025-06-13_G11,10109871PINHEIROM,2025-06-13,111442,1,16,0,527.0
10109871PINHEIROM_2025-06-13_G12,10109871PINHEIROM,2025-06-13,111442,1,4,0,61.0
10109871PINHEIROM_2025-06-13_G13,10109871PINHEIROM,2025-06-13,110376,1,4,0,163.0
10109871PINHEIROM_2025-06-13_G14,10109871PINHEIROM,2025-06-13,117820,1,4,0,115.0
10109871PINHEIROM_2025-06-13_G15,10109871PINHEIROM,2025-06-13,117820,1,4,0,65.0
10109871PINHEIROM_2025-06-13_G16,10109871PINHEIROM,2025-06-13,117820,1,4,0,43.0
10109871PINHEIROM_2025-06-13_G17,10109871PINHEIROM,2025-06-13,117820,1,6,0,56.0
10109871PINHEIROM_2025-06-13_G18,10109871PINHEIROM,2025-06-13,117820,5,15,44,72.0
10109871PINHEIROM_2025-06-13_G19,10109871PINHEIROM,2025-06-13,111330,1,4,0,1047.0
10109871PINHEIROM_2025-06-13_G20,10109871PINHEIROM,2025-06-13,109640,1,4,0,780.0
10109871PINHEIROM_2025-06-13_G21,10109871PINHEIROM,2025-06-13,141262,1,4,0,543.0
10109871PINHEIROM_2025-06-13_G22,10109871PINHEIROM,2025-06-13,111751,1,4,0,303.0
10109871PINHEIROM_2025-06-13_G23,10109871PINHEIROM,2025-06-13,111634,1,8,0,154.0
10109871PINHEIROM_2025-06-13_G24,10109871PINHEIROM,2025-06-13,141261,1,4,0,124.0
10109871PINHEIROM_2025-06-13_G25,10109871PINHEIROM,2025-06-13,111722,1,8,0,143.0
10109871PINHEIROM_2025-06-13_G26,10109871PINHEIROM,2025-06-13,118191,1,4,0,146.0
10109871PINHEIROM_2025-06-13_G27,10109871PINHEIROM,2025-06-13,111753,1,4,0,1043.0
10109871PINHEIROM_2025-06-13_G28,10109871PINHEIROM,2025-06-13,108361,1,2,0,369.0
10109871PINHEIROM_2025-06-13_G29,10109871PINHEIROM,2025-06-13,111602,1,4,0,1230.0
10109871PINHEIROM_2025-06-13_G30,10109871PINHEIROM,2025-06-13,117808,1,15,0,186.0
10109871PINHEIROM_2025-06-13_G31,10109871PINHEIROM,2025-06-13,110373,1,8,0,120.0
10109871PINHEIROM_2025-06-13_G32,10109871PINHEIROM,2025-06-13,118299,1,30,0,353.0
10109871PINHEIROM_2025-06-13_G33,10109871PINHEIROM,2025-06-13,117832,1,2,0,56.0
10109871PINHEIROM_2025-06-13_G34,10109871PINHEIROM,2025-06-13,110372,1,17,0,466.0
10109871PINHEIROM_2025-06-13_G35,10109871PINHEIROM,2025-06-13,110375,1,5,0,168.0
10109871PINHEIROM_2025-06-13_G36,10109871PINHEIROM,2025-06-13,110371,1,8,0,846.0
10109871PINHEIROM_2025-06-13_G38,10109871PINHEIROM,2025-06-13,117820,1,14,0,123.0
10109871PINHEIROM_2025-06-13_G39,10109871PINHEIROM,2025-06-13,117821,1,4,0,68.0
10109871PINHEIROM_2025-06-13_G40,10109871PINHEIROM,2025-06-13,111465,1,6,0,110.0
10109871PINHEIROM_2025-06-13_G41,10109871PINHEIROM,2025-06-13,117833,1,4,0,123.0
10109871PINHEIROM_2025-06-13_G42,10109871PINHEIROM,2025-06-13,111418,1,6,0,145.0
10109871PINHEIROM_2025-06-13_G43,10109871PINHEIROM,2025-06-13,108798,1,4,0,67.0
10109871PINHEIROM_2025-06-13_G44,10109871PINHEIROM,2025-06-13,117836,1,4,0,1151.0
10109871PINHEIROM_2025-06-13_G46,10109871PINHEIROM,2025-06-13,109645,1,4,0,159.0
10109871PINHEIROM_2025-06-13_G47,10109871PINHEIROM,2025-06-13,118299,1,151,0,1790.0
10109871PINHEIROM_2025-06-13_G48,10109871PINHEIROM,2025-06-13,111466,2,22,18,1401.0
10109871PINHEIROM_2025-06-13_G49,10109871PINHEIROM,2025-06-13,108711,1,8,0,205.0
10109871PINHEIROM_2025-06-13_G50,10109871PINHEIROM,2025-06-13,111462,1,10,0,127.0
10109871PINHEIROM_2025-06-13_G51,10109871PINHEIROM,2025-06-13,117821,1,1,0,115.0
10109871PINHEIROM_2025-06-14_G02,10109871PINHEIROM,2025-06-14,100334,1,7,0,249.0
10109871PINHEIROM_2025-06-14_G03,10109871PINHEIROM,2025-06-14,111441,1,1,0,124.0
10109871PINHEIROM_2025-06-14_G04,10109871PINHEIROM,2025-06-14,111441,1,12,0,687.0
10109871PINHEIROM_2025-06-14_G05,10109871PINHEIROM,2025-06-14,118253,1,4,0,199.0
10109871PINHEIROM_2025-06-14_G06,10109871PINHEIROM,2025-06-14,111438,1,6,0,117.0
10109871PINHEIROM_2025-06-14_G07,10109871PINHEIROM,2025-06-14,111569,1,17,0,189.0
10109871PINHEIROM_2025-06-14_G08,10109871PINHEIROM,2025-06-14,111569,1,10,0,174.0
10109871PINHEIROM_2025-06-14_G09,10109871PINHEIROM,2025-06-14,117834,1,4,0,332.0
10109871PINHEIROM_2025-06-14_G10,10109871PINHEIROM,2025-06-14,110325,1,6,0,143.0
10109871PINHEIROM_2025-06-14_G11,10109871PINHEIROM,2025-06-14,117808,1,150,0,1082.0
10109871PINHEIROM_2025-06-14_G12,10109871PINHEIROM,2025-06-14,118299,1,16,0,427.0
10109871PINHEIROM_2025-06-14_G13,10109871PINHEIROM,2025-06-14,110373,1,13,0,183.0
10109871PINHEIROM_2025-06-14_G14,10109871PINHEIROM,2025-06-14,117820,1,1,0,1854.0
10109871PINHEIROM_2025-06-14_G15,10109871PINHEIROM,2025-06-14,117830,1,48,0,1276.0
10109871PINHEIROM_2025-06-14_G16,10109871PINHEIROM,2025-06-14,111743,1,14,0,713.0
10109871PINHEIROM_2025-06-14_G17,10109871PINHEIROM,2025-06-14,116241,1,2,0,193.0
10109871PINHEIROM_2025-06-14_G18,10109871PINHEIROM,2025-06-14,111469,1,6,0,151.0
10109871PINHEIROM_2025-06-14_G19,10109871PINHEIROM,2025-06-14,111182,1,2,0,79.0
10109871PINHEIROM_2025-06-14_G20,10109871PINHEIROM,2025-06-14,111468,1,6,0,90.0
10109871PINHEIROM_2025-06-14_G21,10109871PINHEIROM,2025-06-14,110745,1,8,0,100.0
10109871PINHEIROM_2025-06-14_G22,10109871PINHEIROM,2025-06-14,117833,1,4,0,240.0
10109871PINHEIROM_2025-06-14_G23,10109871PINHEIROM,2025-06-14,111172,1,10,0,258.0
10109871PINHEIROM_2025-06-14_G24,10109871PINHEIROM,2025-06-14,108711,1,9,0,794.0
10109871PINHEIROM_2025-06-14_G25,10109871PINHEIROM,2025-06-14,109641,1,4,0,146.0
10109871PINHEIROM_2025-06-14_G26,10109871PINHEIROM,2025-06-14,110748,1,4,0,165.0
10109871PINHEIROM_2025-06-14_G27,10109871PINHEIROM,2025-06-14,111465,1,14,0,430.0
10109871PINHEIROM_2025-06-14_G28,10109871PINHEIROM,2025-06-14,107236,1,4,0,73.0
10109871PINHEIROM_2025-06-14_G30,10109871PINHEIROM,2025-06-14,117836,1,2,0,152.0
10109871PINHEIROM_2025-06-14_G31,10109871PINHEIROM,2025-06-14,109974,1,2,0,148.0
10109871PINHEIROM_2025-06-14_G32,10109871PINHEIROM,2025-06-14,111660,1,2,0,663.0
10109871PINHEIROM_2025-06-14_G33,10109871PINHEIROM,2025-06-14,118222,1,3,0,108.0
10109871PINHEIROM_2025-06-14_G34,10109871PINHEIROM,2025-06-14,111462,1,28,0,515.0
10109871PINHEIROM_2025-06-14_G35,10109871PINHEIROM,2025-06-14,110755,1,2,0,1194.0
10109871PINHEIROM_2025-06-14_G36,10109871PINHEIROM,2025-06-14,118290,1,2,0,59.0
10109871PINHEIROM_2025-06-14_G37,10109871PINHEIROM,2025-06-14,100334,1,2,0,185.0
10109871PINHEIROM_2025-06-14_G38,10109871PINHEIROM,2025-06-14,111850,1,1,0,83.0
10109871PINHEIROM_2025-06-14_G39,10109871PINHEIROM,2025-06-14,118306,1,1,0,95.0
10109871PINHEIROM_2025-06-14_G40,10109871PINHEIROM,2025-06-14,111438,1,13,0,255.0
10109871PINHEIROM_2025-06-14_G41,10109871PINHEIROM,2025-06-14,118222,1,6,0,210.0
10109871PINHEIROM_2025-06-14_G42,10109871PINHEIROM,2025-06-14,141047,1,6,0,274.0
10109871PINHEIROM_2025-06-14_G43,10109871PINHEIROM,2025-06-14,108701,1,2,0,118.0
10109871PINHEIROM_2025-06-14_G44,10109871PINHEIROM,2025-06-14,117854,1,6,0,86.0
10109871PINHEIROM_2025-06-14_G45,10109871PINHEIROM,2025-06-14,118094,1,11,0,411.0
10109871PINHEIROM_2025-06-14_G46,10109871PINHEIROM,2025-06-14,107629,1,2,0,75.0
10109871PINHEIROM_2025-06-14_G47,10109871PINHEIROM,2025-06-14,110339,1,10,0,82.0
10109871PINHEIROM_2025-06-14_G48,10109871PINHEIROM,2025-06-14,109640,1,10,0,219.0
10109871PINHEIROM_2025-06-14_G49,10109871PINHEIROM,2025-06-14,110515,1,11,0,205.0
10109871PINHEIROM_2025-06-14_G50,10109871PINHEIROM,2025-06-14,118298,1,4,0,313.0
10109871PINHEIROM_2025-06-14_G51,10109871PINHEIROM,2025-06-14,117855,1,10,0,116.0
10109871PINHEIROM_2025-06-14_G52,10109871PINHEIROM,2025-06-14,111467,1,10,0,83.0
10109871PINHEIROM_2025-06-14_G53,10109871PINHEIROM,2025-06-14,111879,1,2,0,39.0
10109871PINHEIROM_2025-06-14_G54,10109871PINHEIROM,2025-06-14,117786,1,20,0,244.0
10109871PINHEIROM_2025-06-14_G55,10109871PINHEIROM,2025-06-14,105242,1,2,0,208.0
10109871PINHEIROM_2025-06-14_G56,10109871PINHEIROM,2025-06-14,110733,1,10,0,74.0
10109871PINHEIROM_2025-06-14_G57,10109871PINHEIROM,2025-06-14,117856,1,10,0,151.0
10109871PINHEIROM_2025-06-14_G58,10109871PINHEIROM,2025-06-14,111602,1,10,0,158.0
10109871PINHEIROM_2025-06-14_G59,10109871PINHEIROM,2025-06-14,111530,1,30,0,432.0
10109871PINHEIROM_2025-06-14_G60,10109871PINHEIROM,2025-06-14,110747,1,20,0,900.0
10109871PINHEIROM_2025-06-14_G61,10109871PINHEIROM,2025-06-14,110373,1,100,0,1284.0
10109871PINHEIROM_2025-06-16_G02,10109871PINHEIROM,2025-06-16,108759,1,6,0,149.0
10109871PINHEIROM_2025-06-16_G03,10109871PINHEIROM,2025-06-16,110750,1,11,0,556.0
10109871PINHEIROM_2025-06-16_G04,10109871PINHEIROM,2025-06-16,110750,1,4,0,84.0
10109871PINHEIROM_2025-06-16_G05,10109871PINHEIROM,2025-06-16,110750,1,5,0,74.0
10109871PINHEIROM_2025-06-16_G06,10109871PINHEIROM,2025-06-16,117788,1,7,0,285.0
10109871PINHEIROM_2025-06-16_G07,10109871PINHEIROM,2025-06-16,107629,1,20,0,213.0
10109871PINHEIROM_2025-06-16_G08,10109871PINHEIROM,2025-06-16,110339,1,14,0,301.0
10109871PINHEIROM_2025-06-16_G09,10109871PINHEIROM,2025-06-16,111467,1,25,0,178.0
10109871PINHEIROM_2025-06-16_G10,10109871PINHEIROM,2025-06-16,110733,1,27,0,641.0
10109871PINHEIROM_2025-06-16_G11,10109871PINHEIROM,2025-06-16,117808,1,34,0,933.0
10109871PINHEIROM_2025-06-16_G12,10109871PINHEIROM,2025-06-16,117808,1,366,0,1825.0
10109871PINHEIROM_2025-06-16_G13,10109871PINHEIROM,2025-06-16,118299,1,120,0,399.0
10109871PINHEIROM_2025-06-16_G14,10109871PINHEIROM,2025-06-16,117820,1,80,0,580.0
10109871PINHEIROM_2025-06-16_G15,10109871PINHEIROM,2025-06-16,110374,1,36,0,553.0
10109871PINHEIROM_2025-06-16_G16,10109871PINHEIROM,2025-06-16,117832,1,32,0,329.0
10109871PINHEIROM_2025-06-16_G17,10109871PINHEIROM,2025-06-16,110372,1,165,0,687.0
10109871PINHEIROM_2025-06-16_G19,10109871PINHEIROM,2025-06-16,110754,1,30,0,739.0
10109871PINHEIROM_2025-06-16_G20,10109871PINHEIROM,2025-06-16,111440,1,12,0,637.0
10109871PINHEIROM_2025-06-16_G21,10109871PINHEIROM,2025-06-16,117835,1,12,0,289.0
10109871PINHEIROM_2025-06-16_G22,10109871PINHEIROM,2025-06-16,117834,1,36,0,555.0
10109871PINHEIROM_2025-06-16_G23,10109871PINHEIROM,2025-06-16,117834,1,5,0,54.0
10109871PINHEIROM_2025-06-16_G24,10109871PINHEIROM,2025-06-16,117834,1,2,0,31.0
10109871PINHEIROM_2025-06-16_G25,10109871PINHEIROM,2025-06-16,111436,1,15,0,1608.0
10109871PINHEIROM_2025-06-16_G26,10109871PINHEIROM,2025-06-16,110339,1,12,0,503.0
10109871PINHEIROM_2025-06-16_G27,10109871PINHEIROM,2025-06-16,110515,1,52,0,772.0
10109871PINHEIROM_2025-06-16_G28,10109871PINHEIROM,2025-06-16,111467,1,23,0,727.0
10109871PINHEIROM_2025-06-16_G29,10109871PINHEIROM,2025-06-16,111602,2,80,8,285.0
10109871PINHEIROM_2025-06-17_G02,10109871PINHEIROM,2025-06-17,117832,1,2,0,185.0
10109871PINHEIROM_2025-06-17_G03,10109871PINHEIROM,2025-06-17,110373,1,30,0,163.0
10109871PINHEIROM_2025-06-17_G04,10109871PINHEIROM,2025-06-17,118299,1,16,0,92.0
10109871PINHEIROM_2025-06-17_G05,10109871PINHEIROM,2025-06-17,110372,1,12,0,119.0
10109871PINHEIROM_2025-06-17_G06,10109871PINHEIROM,2025-06-17,110371,1,12,0,666.0
10109871PINHEIROM_2025-06-17_G07,10109871PINHEIROM,2025-06-17,117785,1,2,0,131.0
10109871PINHEIROM_2025-06-17_G08,10109871PINHEIROM,2025-06-17,105705,1,2,0,115.0
10109871PINHEIROM_2025-06-17_G09,10109871PINHEIROM,2025-06-17,111463,1,8,0,157.0
10109871PINHEIROM_2025-06-17_G10,10109871PINHEIROM,2025-06-17,111182,1,3,0,71.0
10109871PINHEIROM_2025-06-17_G11,10109871PINHEIROM,2025-06-17,140922,1,6,0,65.0
10109871PINHEIROM_2025-06-17_G12,10109871PINHEIROM,2025-06-17,117831,1,4,0,58.0
10109871PINHEIROM_2025-06-17_G13,10109871PINHEIROM,2025-06-17,111466,1,12,0,81.0
10109871PINHEIROM_2025-06-17_G14,10109871PINHEIROM,2025-06-17,111532,1,1,0,84.0
10109871PINHEIROM_2025-06-17_G15,10109871PINHEIROM,2025-06-17,111469,1,10,0,69.0
10109871PINHEIROM_2025-06-17_G16,10109871PINHEIROM,2025-06-17,111431,1,4,0,63.0
10109871PINHEIROM_2025-06-17_G17,10109871PINHEIROM,2025-06-17,118223,1,2,0,88.0
10109871PINHEIROM_2025-06-17_G18,10109871PINHEIROM,2025-06-17,118317,1,4,0,111.0
10109871PINHEIROM_2025-06-17_G19,10109871PINHEIROM,2025-06-17,111418,1,8,0,692.0
10109871PINHEIROM_2025-06-17_G20,10109871PINHEIROM,2025-06-17,111444,1,2,0,54.0
10109871PINHEIROM_2025-06-17_G21,10109871PINHEIROM,2025-06-17,107236,1,12,0,103.0
10109871PINHEIROM_2025-06-17_G22,10109871PINHEIROM,2025-06-17,141047,1,2,0,117.0
10109871PINHEIROM_2025-06-17_G23,10109871PINHEIROM,2025-06-17,110515,1,12,0,130.0
10109871PINHEIROM_2025-06-17_G24,10109871PINHEIROM,2025-06-17,117862,1,2,0,116.0
10109871PINHEIROM_2025-06-17_G25,10109871PINHEIROM,2025-06-17,110752,1,3,0,156.0
10109871PINHEIROM_2025-06-17_G26,10109871PINHEIROM,2025-06-17,110733,1,2,0,77.0
10109871PINHEIROM_2025-06-17_G27,10109871PINHEIROM,2025-06-17,117856,1,4,0,338.0
10109871PINHEIROM_2025-06-17_G28,10109871PINHEIROM,2025-06-17,111330,1,4,0,1956.0
10109871PINHEIROM_2025-06-17_G29,10109871PINHEIROM,2025-06-17,118290,1,1,0,119.0
10109871PINHEIROM_2025-06-17_G30,10109871PINHEIROM,2025-06-17,109643,1,10,0,183.0
10109871PINHEIROM_2025-06-17_G31,10109871PINHEIROM,2025-06-17,111602,1,4,0,792.0
10109871PINHEIROM_2025-06-17_G32,10109871PINHEIROM,2025-06-17,110787,1,6,0,115.0
10109871PINHEIROM_2025-06-17_G33,10109871PINHEIROM,2025-06-17,111602,1,25,0,688.0
10109871PINHEIROM_2025-06-17_G34,10109871PINHEIROM,2025-06-17,110325,1,4,0,346.0
10109871PINHEIROM_2025-06-17_G35,10109871PINHEIROM,2025-06-17,117808,1,8,0,75.0
10109871PINHEIROM_2025-06-17_G36,10109871PINHEIROM,2025-06-17,109643,1,4,0,62.0
10109871PINHEIROM_2025-06-17_G37,10109871PINHEIROM,2025-06-17,117832,1,1,0,78.0
10109871PINHEIROM_2025-06-17_G38,10109871PINHEIROM,2025-06-17,110373,1,8,0,67.0
10109871PINHEIROM_2025-06-17_G39,10109871PINHEIROM,2025-06-17,110371,1,6,0,153.0
10109871PINHEIROM_2025-06-17_G40,10109871PINHEIROM,2025-06-17,141202,1,3,0,83.0
10109871PINHEIROM_2025-06-17_G41,10109871PINHEIROM,2025-06-17,111463,1,6,0,195.0
10109871PINHEIROM_2025-06-17_G42,10109871PINHEIROM,2025-06-17,111466,1,4,0,389.0
10109871PINHEIROM_2025-06-17_G43,10109871PINHEIROM,2025-06-17,108711,1,2,0,91.0
10109871PINHEIROM_2025-06-17_G44,10109871PINHEIROM,2025-06-17,111469,1,2,0,53.0
10109871PINHEIROM_2025-06-17_G45,10109871PINHEIROM,2025-06-17,111462,1,7,0,138.0
10109871PINHEIROM_2025-06-17_G46,10109871PINHEIROM,2025-06-17,111418,1,5,0,146.0
10109871PINHEIROM_2025-06-17_G47,10109871PINHEIROM,2025-06-17,118140,1,4,0,103.0
10109871PINHEIROM_2025-06-17_G48,10109871PINHEIROM,2025-06-17,110741,1,2,0,463.0
10109871PINHEIROM_2025-06-17_G49,10109871PINHEIROM,2025-06-17,118094,1,5,0,146.0
10109871PINHEIROM_2025-06-17_G51,10109871PINHEIROM,2025-06-17,111602,1,3,0,151.0
10109871PINHEIROM_2025-06-17_G52,10109871PINHEIROM,2025-06-17,111435,1,2,0,226.0
10109871PINHEIROM_2025-06-17_G54,10109871PINHEIROM,2025-06-17,110741,1,30,0,370.0
10109871PINHEIROM_2025-06-17_G55,10109871PINHEIROM,2025-06-17,110742,1,2,0,690.0
10109871PINHEIROM_2025-06-17_G56,10109871PINHEIROM,2025-06-17,111430,1,4,0,91.0
10109871PINHEIROM_2025-06-17_G57,10109871PINHEIROM,2025-06-17,110895,1,11,0,143.0
10109871PINHEIROM_2025-06-17_G58,10109871PINHEIROM,2025-06-17,110623,1,4,0,179.0
10109871PINHEIROM_2025-06-17_G59,10109871PINHEIROM,2025-06-17,117965,1,30,0,899.0
10109871PINHEIROM_2025-06-17_G60,10109871PINHEIROM,2025-06-17,141047,1,7,0,144.0
10109871PINHEIROM_2025-06-17_G61,10109871PINHEIROM,2025-06-17,118094,1,13,0,269.0
10109871PINHEIROM_2025-06-17_G62,10109871PINHEIROM,2025-06-17,110580,1,6,0,489.0
10109871PINHEIROM_2025-06-17_G63,10109871PINHEIROM,2025-06-17,117788,1,8,0,81.0
10109871PINHEIROM_2025-06-17_G64,10109871PINHEIROM,2025-06-17,101217,1,8,0,797.0
10109871PINHEIROM_2025-06-17_G65,10109871PINHEIROM,2025-06-17,111602,1,5,0,187.0
10109871PINHEIROM_2025-06-17_G66,10109871PINHEIROM,2025-06-17,117855,1,9,0,614.0
10109871PINHEIROM_2025-06-17_G67,10109871PINHEIROM,2025-06-17,110743,1,10,0,265.0
10109871PINHEIROM_2025-06-17_G68,10109871PINHEIROM,2025-06-17,111743,1,10,0,262.0
10109871PINHEIROM_2025-06-18_G02,10109871PINHEIROM,2025-06-18,116241,1,2,0,99.0
10109871PINHEIROM_2025-06-18_G03,10109871PINHEIROM,2025-06-18,108794,1,1,0,57.0
10109871PINHEIROM_2025-06-18_G04,10109871PINHEIROM,2025-06-18,110745,1,2,0,149.0
10109871PINHEIROM_2025-06-18_G05,10109871PINHEIROM,2025-06-18,111466,1,6,0,121.0
10109871PINHEIROM_2025-06-18_G06,10109871PINHEIROM,2025-06-18,111172,1,2,0,104.0
10109871PINHEIROM_2025-06-18_G07,10109871PINHEIROM,2025-06-18,108711,1,1,0,46.0
10109871PINHEIROM_2025-06-18_G08,10109871PINHEIROM,2025-06-18,111469,1,2,0,86.0
10109871PINHEIROM_2025-06-18_G09,10109871PINHEIROM,2025-06-18,111469,1,4,0,613.0
10109871PINHEIROM_2025-06-18_G10,10109871PINHEIROM,2025-06-18,111431,1,2,0,138.0
10109871PINHEIROM_2025-06-18_G11,10109871PINHEIROM,2025-06-18,117842,1,2,0,74.0
10109871PINHEIROM_2025-06-18_G12,10109871PINHEIROM,2025-06-18,109641,1,3,0,98.0
10109871PINHEIROM_2025-06-18_G13,10109871PINHEIROM,2025-06-18,109645,1,3,0,127.0
10109871PINHEIROM_2025-06-18_G14,10109871PINHEIROM,2025-06-18,109645,1,2,0,53.0
10109871PINHEIROM_2025-06-18_G15,10109871PINHEIROM,2025-06-18,117821,2,4,9,107.0
10109871PINHEIROM_2025-06-18_G16,10109871PINHEIROM,2025-06-18,117787,1,2,0,71.0
10109871PINHEIROM_2025-06-18_G17,10109871PINHEIROM,2025-06-18,118317,1,3,0,66.0
10109871PINHEIROM_2025-06-18_G18,10109871PINHEIROM,2025-06-18,111418,1,10,0,123.0
10109871PINHEIROM_2025-06-18_G19,10109871PINHEIROM,2025-06-18,111418,1,10,0,164.0
10109871PINHEIROM_2025-06-18_G20,10109871PINHEIROM,2025-06-18,118330,1,2,0,181.0
10109871PINHEIROM_2025-06-18_G21,10109871PINHEIROM,2025-06-18,118140,1,1,0,140.0
10109871PINHEIROM_2025-06-18_G22,10109871PINHEIROM,2025-06-18,111462,1,7,0,167.0
10109871PINHEIROM_2025-06-18_G23,10109871PINHEIROM,2025-06-18,110371,1,16,0,517.0
10109871PINHEIROM_2025-06-18_G24,10109871PINHEIROM,2025-06-18,117820,1,6,0,78.0
10109871PINHEIROM_2025-06-18_G25,10109871PINHEIROM,2025-06-18,111620,1,4,0,1285.0
10109871PINHEIROM_2025-06-18_G26,10109871PINHEIROM,2025-06-18,110310,1,4,0,231.0
10109871PINHEIROM_2025-06-18_G27,10109871PINHEIROM,2025-06-18,111463,1,100,0,942.0
10109871PINHEIROM_2025-06-18_G28,10109871PINHEIROM,2025-06-18,111466,1,60,0,978.0
10109871PINHEIROM_2025-06-18_G29,10109871PINHEIROM,2025-06-18,111172,1,47,0,434.0
10109871PINHEIROM_2025-06-18_G30,10109871PINHEIROM,2025-06-18,111418,1,45,0,693.0
10109871PINHEIROM_2025-06-18_G31,10109871PINHEIROM,2025-06-18,118140,1,280,0,1422.0
10109871PINHEIROM_2025-06-18_G32,10109871PINHEIROM,2025-06-18,118222,1,80,0,1086.0
10109871PINHEIROM_2025-06-18_G33,10109871PINHEIROM,2025-06-18,111438,1,100,0,1198.0
10109871PINHEIROM_2025-06-18_G35,10109871PINHEIROM,2025-06-18,118290,1,3,0,2633.0
10109871PINHEIROM_2025-06-18_G36,10109871PINHEIROM,2025-06-18,110747,1,6,0,232.0
10109871PINHEIROM_2025-06-18_G37,10109871PINHEIROM,2025-06-18,110742,1,4,0,110.0
10109871PINHEIROM_2025-06-18_G38,10109871PINHEIROM,2025-06-18,111430,1,12,0,134.0
10109871PINHEIROM_2025-06-18_G39,10109871PINHEIROM,2025-06-18,117836,1,2,0,104.0
10109871PINHEIROM_2025-06-18_G40,10109871PINHEIROM,2025-06-18,118222,1,20,0,271.0
10109871PINHEIROM_2025-06-18_G41,10109871PINHEIROM,2025-06-18,118222,1,20,0,327.0
10109871PINHEIROM_2025-06-18_G42,10109871PINHEIROM,2025-06-18,109647,1,4,0,364.0
10109871PINHEIROM_2025-06-18_G43,10109871PINHEIROM,2025-06-18,111876,1,12,0,174.0
10109871PINHEIROM_2025-06-18_G44,10109871PINHEIROM,2025-06-18,109640,1,12,0,569.0
10109871PINHEIROM_2025-06-18_G45,10109871PINHEIROM,2025-06-18,111463,1,20,0,328.0
10109871PINHEIROM_2025-06-18_G46,10109871PINHEIROM,2025-06-18,111466,1,20,0,239.0
10109871PINHEIROM_2025-06-18_G47,10109871PINHEIROM,2025-06-18,117831,1,30,0,312.0
10109871PINHEIROM_2025-06-18_G48,10109871PINHEIROM,2025-06-18,110733,1,11,0,476.0
10109871PINHEIROM_2025-06-18_G49,10109871PINHEIROM,2025-06-18,111469,1,30,0,123.0
10109871PINHEIROM_2025-06-18_G50,10109871PINHEIROM,2025-06-18,118317,1,30,0,502.0
10109871PINHEIROM_2025-06-18_G51,10109871PINHEIROM,2025-06-18,118317,1,30,0,753.0
10109871PINHEIROM_2025-06-18_G52,10109871PINHEIROM,2025-06-18,118140,1,30,0,472.0
10109871PINHEIROM_2025-06-18_G53,10109871PINHEIROM,2025-06-18,111465,1,20,0,181.0
10109871PINHEIROM_2025-06-18_G54,10109871PINHEIROM,2025-06-18,110371,1,50,0,1233.0
10109871PINHEIROM_2025-06-19_G02,10109871PINHEIROM,2025-06-19,111463,1,4,0,53.0
10109871PINHEIROM_2025-06-19_G03,10109871PINHEIROM,2025-06-19,111468,1,2,0,153.0
10109871PINHEIROM_2025-06-19_G04,10109871PINHEIROM,2025-06-19,111466,1,4,0,107.0
10109871PINHEIROM_2025-06-19_G05,10109871PINHEIROM,2025-06-19,117831,1,4,0,61.0
10109871PINHEIROM_2025-06-19_G06,10109871PINHEIROM,2025-06-19,111172,1,1,0,95.0
10109871PINHEIROM_2025-06-19_G07,10109871PINHEIROM,2025-06-19,111469,1,2,0,717.0
10109871PINHEIROM_2025-06-19_G08,10109871PINHEIROM,2025-06-19,117830,1,4,0,261.0
10109871PINHEIROM_2025-06-19_G09,10109871PINHEIROM,2025-06-19,110373,1,4,0,108.0
10109871PINHEIROM_2025-06-19_G10,10109871PINHEIROM,2025-06-19,110375,1,1,0,61.0
10109871PINHEIROM_2025-06-19_G11,10109871PINHEIROM,2025-06-19,110372,1,4,0,60.0
10109871PINHEIROM_2025-06-19_G12,10109871PINHEIROM,2025-06-19,110371,1,3,0,224.0
10109871PINHEIROM_2025-06-19_G13,10109871PINHEIROM,2025-06-19,117820,1,4,0,83.0
10109871PINHEIROM_2025-06-19_G14,10109871PINHEIROM,2025-06-19,110515,1,4,0,2787.0
10109871PINHEIROM_2025-06-19_G15,10109871PINHEIROM,2025-06-19,117862,1,2,0,113.0
10109871PINHEIROM_2025-06-19_G16,10109871PINHEIROM,2025-06-19,111602,1,4,0,165.0
10109871PINHEIROM_2025-06-19_G17,10109871PINHEIROM,2025-06-19,111463,1,4,0,1321.0
10109871PINHEIROM_2025-06-19_G18,10109871PINHEIROM,2025-06-19,109640,1,2,0,439.0
10109871PINHEIROM_2025-06-19_G20,10109871PINHEIROM,2025-06-19,109640,1,9,0,391.0
10109871PINHEIROM_2025-06-19_G21,10109871PINHEIROM,2025-06-19,111446,2,8,20,133.0
10109871PINHEIROM_2025-06-19_G22,10109871PINHEIROM,2025-06-19,111469,3,50,34,320.0
10109871PINHEIROM_2025-06-19_G23,10109871PINHEIROM,2025-06-19,100334,1,4,0,2213.0
10109871PINHEIROM_2025-06-19_G24,10109871PINHEIROM,2025-06-19,111532,1,181,0,2416.0
10109871PINHEIROM_2025-06-19_G25,10109871PINHEIROM,2025-06-19,118289,1,3,0,351.0
10109871PINHEIROM_2025-06-19_G26,10109871PINHEIROM,2025-06-19,110787,1,3,0,895.0
10109871PINHEIROM_2025-06-19_G27,10109871PINHEIROM,2025-06-19,110787,1,8,0,63.0
10109871PINHEIROM_2025-06-19_G28,10109871PINHEIROM,2025-06-19,110895,1,1,0,176.0
10109871PINHEIROM_2025-06-19_G29,10109871PINHEIROM,2025-06-19,110313,1,8,0,610.0
10109871PINHEIROM_2025-06-19_G30,10109871PINHEIROM,2025-06-19,110740,1,16,0,260.0
10109871PINHEIROM_2025-06-19_G31,10109871PINHEIROM,2025-06-19,118299,1,12,0,1589.0
10109871PINHEIROM_2025-06-19_G32,10109871PINHEIROM,2025-06-19,117808,1,23,0,96.0
10109871PINHEIROM_2025-06-19_G33,10109871PINHEIROM,2025-06-19,110371,1,2,0,174.0
10109871PINHEIROM_2025-06-19_G34,10109871PINHEIROM,2025-06-19,110313,1,4,0,148.0
10109871PINHEIROM_2025-06-20_G02,10109871PINHEIROM,2025-06-20,117786,1,10,0,89.0
10109871PINHEIROM_2025-06-20_G03,10109871PINHEIROM,2025-06-20,117837,1,4,0,91.0
10109871PINHEIROM_2025-06-20_G04,10109871PINHEIROM,2025-06-20,110753,1,2,0,74.0
10109871PINHEIROM_2025-06-20_G05,10109871PINHEIROM,2025-06-20,117855,1,4,0,91.0
10109871PINHEIROM_2025-06-20_G06,10109871PINHEIROM,2025-06-20,110752,1,4,0,94.0
10109871PINHEIROM_2025-06-20_G07,10109871PINHEIROM,2025-06-20,118403,1,4,0,98.0
10109871PINHEIROM_2025-06-20_G08,10109871PINHEIROM,2025-06-20,108772,1,8,0,128.0
10109871PINHEIROM_2025-06-20_G09,10109871PINHEIROM,2025-06-20,117856,1,8,0,639.0
10109871PINHEIROM_2025-06-20_G10,10109871PINHEIROM,2025-06-20,111602,1,20,0,206.0
10109871PINHEIROM_2025-06-20_G11,10109871PINHEIROM,2025-06-20,104534,1,2,0,131.0
10109871PINHEIROM_2025-06-20_G12,10109871PINHEIROM,2025-06-20,118094,1,4,0,504.0
10109871PINHEIROM_2025-06-20_G13,10109871PINHEIROM,2025-06-20,117862,1,12,0,637.0
10109871PINHEIROM_2025-06-20_G14,10109871PINHEIROM,2025-06-20,110895,1,4,0,1244.0
10109871PINHEIROM_2025-06-20_G15,10109871PINHEIROM,2025-06-20,111602,1,8,0,159.0
10109871PINHEIROM_2025-06-20_G16,10109871PINHEIROM,2025-06-20,118140,1,2,0,39.0
10109871PINHEIROM_2025-06-20_G17,10109871PINHEIROM,2025-06-20,110325,1,2,0,135.0
10109871PINHEIROM_2025-06-20_G18,10109871PINHEIROM,2025-06-20,141202,1,2,0,149.0
10109871PINHEIROM_2025-06-20_G19,10109871PINHEIROM,2025-06-20,110740,1,26,0,448.0
10109871PINHEIROM_2025-06-20_G20,10109871PINHEIROM,2025-06-20,110740,1,8,0,433.0
10109871PINHEIROM_2025-06-20_G21,10109871PINHEIROM,2025-06-20,111418,1,14,0,480.0
10109871PINHEIROM_2025-06-20_G22,10109871PINHEIROM,2025-06-20,110787,1,21,0,146.0
10109871PINHEIROM_2025-06-20_G23,10109871PINHEIROM,2025-06-20,118140,1,50,0,658.0
10109871PINHEIROM_2025-06-20_G24,10109871PINHEIROM,2025-06-20,140922,1,4,0,1684.0
10109871PINHEIROM_2025-06-20_G25,10109871PINHEIROM,2025-06-20,111532,1,4,0,105.0
10109871PINHEIROM_2025-06-20_G26,10109871PINHEIROM,2025-06-20,110787,1,6,0,332.0
10109871PINHEIROM_2025-06-20_G27,10109871PINHEIROM,2025-06-20,117935,1,6,0,411.0
10109871PINHEIROM_2025-06-20_G28,10109871PINHEIROM,2025-06-20,110740,1,4,0,136.0
10109871PINHEIROM_2025-06-20_G29,10109871PINHEIROM,2025-06-20,110711,1,10,0,420.0
10109871PINHEIROM_2025-06-20_G30,10109871PINHEIROM,2025-06-20,118299,1,4,0,150.0
10109871PINHEIROM_2025-06-20_G31,10109871PINHEIROM,2025-06-20,111438,1,8,0,211.0
10109871PINHEIROM_2025-06-20_G32,10109871PINHEIROM,2025-06-20,140922,1,24,0,866.0
10109871PINHEIROM_2025-06-20_G34,10109871PINHEIROM,2025-06-20,110741,1,6,0,1001.0
10109871PINHEIROM_2025-06-20_G35,10109871PINHEIROM,2025-06-20,117854,1,4,0,73.0
10109871PINHEIROM_2025-06-20_G36,10109871PINHEIROM,2025-06-20,111876,1,4,0,75.0
10109871PINHEIROM_2025-06-20_G37,10109871PINHEIROM,2025-06-20,118298,1,5,0,102.0
10109871PINHEIROM_2025-06-20_G38,10109871PINHEIROM,2025-06-20,117837,1,8,0,71.0
10109871PINHEIROM_2025-06-20_G39,10109871PINHEIROM,2025-06-20,110753,1,4,0,58.0
10109871PINHEIROM_2025-06-20_G40,10109871PINHEIROM,2025-06-20,141047,1,6,0,89.0
10109871PINHEIROM_2025-06-20_G41,10109871PINHEIROM,2025-06-20,118403,1,10,0,147.0
10109871PINHEIROM_2025-06-20_G42,10109871PINHEIROM,2025-06-20,108772,1,12,0,551.0
10109871PINHEIROM_2025-06-20_G43,10109871PINHEIROM,2025-06-20,117856,1,6,0,102.0
10109871PINHEIROM_2025-06-20_G44,10109871PINHEIROM,2025-06-20,111530,1,20,0,286.0
10109871PINHEIROM_2025-06-20_G45,10109871PINHEIROM,2025-06-20,106860,1,2,0,90.0
10109871PINHEIROM_2025-06-20_G46,10109871PINHEIROM,2025-06-20,111434,1,4,0,569.0
10109871PINHEIROM_2025-06-20_G47,10109871PINHEIROM,2025-06-20,111466,1,120,0,402.0
10109871PINHEIROM_2025-06-20_G48,10109871PINHEIROM,2025-06-20,111532,1,12,0,217.0
10109871PINHEIROM_2025-06-20_G49,10109871PINHEIROM,2025-06-20,111462,1,40,0,1112.0
10109871PINHEIROM_2025-06-20_G50,10109871PINHEIROM,2025-06-20,111763,1,17,0,175.0
10109871PINHEIROM_2025-06-20_G51,10109871PINHEIROM,2025-06-20,111418,1,300,0,1792.0
10109871PINHEIROM_2025-06-20_G52,10109871PINHEIROM,2025-06-20,111569,1,96,0,2740.0
10109871PINHEIROM_2025-06-21_G02,10109871PINHEIROM,2025-06-21,117935,1,2,0,181.0
10109871PINHEIROM_2025-06-21_G03,10109871PINHEIROM,2025-06-21,110733,1,5,0,111.0
10109871PINHEIROM_2025-06-21_G04,10109871PINHEIROM,2025-06-21,111530,2,15,8,136.0
10109871PINHEIROM_2025-06-21_G05,10109871PINHEIROM,2025-06-21,110711,1,2,0,616.0
10109871PINHEIROM_2025-06-21_G06,10109871PINHEIROM,2025-06-21,111722,1,671,0,541.0
10109871PINHEIROM_2025-06-21_G07,10109871PINHEIROM,2025-06-21,118290,1,1,0,1575.0
10109871PINHEIROM_2025-06-21_G08,10109871PINHEIROM,2025-06-21,111793,1,3,0,1071.0
10109871PINHEIROM_2025-06-21_G09,10109871PINHEIROM,2025-06-21,111660,1,4,0,1916.0
10109871PINHEIROM_2025-06-21_G10,10109871PINHEIROM,2025-06-21,111620,1,2,0,208.0
10109871PINHEIROM_2025-06-21_G11,10109871PINHEIROM,2025-06-21,110582,1,4,0,137.0
10109871PINHEIROM_2025-06-21_G12,10109871PINHEIROM,2025-06-21,111850,1,4,0,130.0
10109871PINHEIROM_2025-06-21_G13,10109871PINHEIROM,2025-06-21,110841,1,19,0,234.0
10109871PINHEIROM_2025-06-21_G14,10109871PINHEIROM,2025-06-21,110112,1,7,0,159.0
10109871PINHEIROM_2025-06-21_G15,10109871PINHEIROM,2025-06-21,110895,1,30,0,613.0
10109871PINHEIROM_2025-06-21_G16,10109871PINHEIROM,2025-06-21,111655,1,8,0,280.0
10109871PINHEIROM_2025-06-21_G17,10109871PINHEIROM,2025-06-21,111861,1,2,0,81.0
10109871PINHEIROM_2025-06-21_G18,10109871PINHEIROM,2025-06-21,108759,1,4,0,84.0
10109871PINHEIROM_2025-06-21_G19,10109871PINHEIROM,2025-06-21,105359,1,4,0,214.0
10109871PINHEIROM_2025-06-21_G20,10109871PINHEIROM,2025-06-21,118222,1,10,0,426.0
10109871PINHEIROM_2025-06-21_G21,10109871PINHEIROM,2025-06-21,108770,1,18,0,486.0
10109871PINHEIROM_2025-06-21_G22,10109871PINHEIROM,2025-06-21,110743,1,2,0,266.0
10109871PINHEIROM_2025-06-21_G23,10109871PINHEIROM,2025-06-21,105705,1,12,0,193.0
10109871PINHEIROM_2025-06-21_G24,10109871PINHEIROM,2025-06-21,111468,1,30,0,393.0
10109871PINHEIROM_2025-06-21_G25,10109871PINHEIROM,2025-06-21,110339,1,30,0,880.0
10109871PINHEIROM_2025-06-21_G26,10109871PINHEIROM,2025-06-21,111602,1,50,0,175.0
10109871PINHEIROM_2025-06-21_G27,10109871PINHEIROM,2025-06-21,110733,1,40,0,971.0
10109871PINHEIROM_2025-06-21_G28,10109871PINHEIROM,2025-06-21,141047,1,20,0,371.0
10109871PINHEIROM_2025-06-21_G29,10109871PINHEIROM,2025-06-21,111466,1,40,0,1050.0
10109871PINHEIROM_2025-06-21_G30,10109871PINHEIROM,2025-06-21,117831,1,40,0,330.0
10109871PINHEIROM_2025-06-21_G31,10109871PINHEIROM,2025-06-21,111172,1,40,0,618.0
10109871PINHEIROM_2025-06-21_G32,10109871PINHEIROM,2025-06-21,111469,1,30,0,237.0
10109871PINHEIROM_2025-06-23_G02,10109871PINHEIROM,2025-06-23,110515,1,8,0,194.0
10109871PINHEIROM_2025-06-23_G03,10109871PINHEIROM,2025-06-23,141047,1,4,0,142.0
10109871PINHEIROM_2025-06-23_G04,10109871PINHEIROM,2025-06-23,117855,1,4,0,85.0
10109871PINHEIROM_2025-06-23_G05,10109871PINHEIROM,2025-06-23,117785,1,6,0,763.0
10109871PINHEIROM_2025-06-23_G06,10109871PINHEIROM,2025-06-23,111743,1,5,0,89.0
10109871PINHEIROM_2025-06-23_G07,10109871PINHEIROM,2025-06-23,110745,1,2,0,89.0
10109871PINHEIROM_2025-06-23_G08,10109871PINHEIROM,2025-06-23,111172,1,2,0,98.0
10109871PINHEIROM_2025-06-23_G09,10109871PINHEIROM,2025-06-23,111462,1,3,0,102.0
10109871PINHEIROM_2025-06-23_G10,10109871PINHEIROM,2025-06-23,110740,2,8,8,54.0
10109871PINHEIROM_2025-06-23_G11,10109871PINHEIROM,2025-06-23,111418,1,9,0,186.0
10109871PINHEIROM_2025-06-23_G12,10109871PINHEIROM,2025-06-23,111438,1,6,0,412.0
10109871PINHEIROM_2025-06-23_G13,10109871PINHEIROM,2025-06-23,111569,1,1,0,125.0
10109871PINHEIROM_2025-06-23_G16,10109871PINHEIROM,2025-06-23,107629,1,10,0,439.0
10109871PINHEIROM_2025-06-23_G17,10109871PINHEIROM,2025-06-23,111876,1,6,0,80.0
10109871PINHEIROM_2025-06-23_G18,10109871PINHEIROM,2025-06-23,117786,1,20,0,236.0
10109871PINHEIROM_2025-06-23_G19,10109871PINHEIROM,2025-06-23,109640,1,20,0,512.0
10109871PINHEIROM_2025-06-23_G20,10109871PINHEIROM,2025-06-23,118298,1,10,0,473.0
10109871PINHEIROM_2025-06-23_G21,10109871PINHEIROM,2025-06-23,141047,1,20,0,413.0
10109871PINHEIROM_2025-06-23_G22,10109871PINHEIROM,2025-06-23,117861,1,10,0,225.0
10109871PINHEIROM_2025-06-23_G23,10109871PINHEIROM,2025-06-23,111467,1,20,0,206.0
10109871PINHEIROM_2025-06-23_G24,10109871PINHEIROM,2025-06-23,118403,1,10,0,202.0
10109871PINHEIROM_2025-06-23_G25,10109871PINHEIROM,2025-06-23,110733,1,20,0,482.0
10109871PINHEIROM_2025-06-23_G26,10109871PINHEIROM,2025-06-23,110752,1,10,0,182.0
10109871PINHEIROM_2025-06-23_G27,10109871PINHEIROM,2025-06-23,117935,2,30,11,116.0
10109871PINHEIROM_2025-06-23_G28,10109871PINHEIROM,2025-06-23,118317,1,4,0,453.0
10109871PINHEIROM_2025-06-23_G29,10109871PINHEIROM,2025-06-23,110787,1,80,0,401.0
10109871PINHEIROM_2025-06-23_G30,10109871PINHEIROM,2025-06-23,111465,1,30,0,779.0
10109871PINHEIROM_2025-06-23_G31,10109871PINHEIROM,2025-06-23,110332,1,6,0,172.0
10109871PINHEIROM_2025-06-24_G02,10109871PINHEIROM,2025-06-24,110733,1,8,0,147.0
10109871PINHEIROM_2025-06-24_G03,10109871PINHEIROM,2025-06-24,116241,1,4,0,137.0
10109871PINHEIROM_2025-06-24_G04,10109871PINHEIROM,2025-06-24,111469,1,6,0,875.0
10109871PINHEIROM_2025-06-24_G05,10109871PINHEIROM,2025-06-24,110751,1,3,0,157.0
10109871PINHEIROM_2025-06-24_G06,10109871PINHEIROM,2025-06-24,117838,1,2,0,105.0
10109871PINHEIROM_2025-06-24_G07,10109871PINHEIROM,2025-06-24,111466,1,4,0,103.0
10109871PINHEIROM_2025-06-24_G08,10109871PINHEIROM,2025-06-24,117831,1,3,0,44.0
10109871PINHEIROM_2025-06-24_G09,10109871PINHEIROM,2025-06-24,109641,1,2,0,133.0
10109871PINHEIROM_2025-06-24_G10,10109871PINHEIROM,2025-06-24,117787,1,3,0,161.0
10109871PINHEIROM_2025-06-24_G11,10109871PINHEIROM,2025-06-24,118140,1,1,0,142.0
10109871PINHEIROM_2025-06-24_G12,10109871PINHEIROM,2025-06-24,111743,1,4,0,310.0
10109871PINHEIROM_2025-06-24_G13,10109871PINHEIROM,2025-06-24,111466,1,20,0,149.0
10109871PINHEIROM_2025-06-24_G14,10109871PINHEIROM,2025-06-24,111465,1,8,0,110.0
10109871PINHEIROM_2025-06-24_G15,10109871PINHEIROM,2025-06-24,111569,1,4,0,158.0
10109871PINHEIROM_2025-06-24_G16,10109871PINHEIROM,2025-06-24,110325,1,4,0,144.0
10109871PINHEIROM_2025-06-24_G17,10109871PINHEIROM,2025-06-24,108711,1,8,0,675.0
10109871PINHEIROM_2025-06-24_G18,10109871PINHEIROM,2025-06-24,110745,1,13,0,135.0
10109871PINHEIROM_2025-06-24_G19,10109871PINHEIROM,2025-06-24,109643,1,2,0,116.0
10109871PINHEIROM_2025-06-24_G20,10109871PINHEIROM,2025-06-24,107830,1,8,0,371.0
10109871PINHEIROM_2025-06-24_G21,10109871PINHEIROM,2025-06-24,111569,1,4,0,131.0
10109871PINHEIROM_2025-06-24_G22,10109871PINHEIROM,2025-06-24,111569,1,4,0,108.0
10109871PINHEIROM_2025-06-24_G23,10109871PINHEIROM,2025-06-24,108759,1,2,0,574.0
10109871PINHEIROM_2025-06-24_G24,10109871PINHEIROM,2025-06-24,111569,1,4,0,490.0
10109871PINHEIROM_2025-06-24_G25,10109871PINHEIROM,2025-06-24,110756,1,1,0,119.0
10109871PINHEIROM_2025-06-24_G26,10109871PINHEIROM,2025-06-24,110515,1,2,0,72.0
10109871PINHEIROM_2025-06-24_G27,10109871PINHEIROM,2025-06-24,117861,1,2,0,85.0
10109871PINHEIROM_2025-06-24_G28,10109871PINHEIROM,2025-06-24,141047,1,2,0,46.0
10109871PINHEIROM_2025-06-24_G29,10109871PINHEIROM,2025-06-24,110313,1,2,0,86.0
10109871PINHEIROM_2025-06-24_G30,10109871PINHEIROM,2025-06-24,111530,1,4,0,98.0
10109871PINHEIROM_2025-06-24_G31,10109871PINHEIROM,2025-06-24,111430,1,5,0,1441.0
10109871PINHEIROM_2025-06-24_G32,10109871PINHEIROM,2025-06-24,111655,1,8,0,140.0
10109871PINHEIROM_2025-06-24_G33,10109871PINHEIROM,2025-06-24,118306,1,8,0,138.0
10109871PINHEIROM_2025-06-24_G34,10109871PINHEIROM,2025-06-24,141047,1,4,0,420.0
10109871PINHEIROM_2025-06-24_G35,10109871PINHEIROM,2025-06-24,110733,1,7,0,171.0
10109871PINHEIROM_2025-06-24_G36,10109871PINHEIROM,2025-06-24,105705,1,9,0,330.0
10109871PINHEIROM_2025-06-24_G37,10109871PINHEIROM,2025-06-24,111463,1,36,0,760.0
10109871PINHEIROM_2025-06-24_G38,10109871PINHEIROM,2025-06-24,111466,1,4,0,152.0
10109871PINHEIROM_2025-06-24_G39,10109871PINHEIROM,2025-06-24,109641,1,5,0,137.0
10109871PINHEIROM_2025-06-24_G40,10109871PINHEIROM,2025-06-24,111433,1,4,0,148.0
10109871PINHEIROM_2025-06-24_G41,10109871PINHEIROM,2025-06-24,160055,1,2,0,410.0
10109871PINHEIROM_2025-06-24_G42,10109871PINHEIROM,2025-06-24,118140,1,8,0,516.0
10109871PINHEIROM_2025-06-24_G44,10109871PINHEIROM,2025-06-24,111757,1,16,0,896.0
10109871PINHEIROM_2025-06-24_G45,10109871PINHEIROM,2025-06-24,110743,1,5,0,328.0
10109871PINHEIROM_2025-06-24_G46,10109871PINHEIROM,2025-06-24,110733,1,2,0,614.0
10109871PINHEIROM_2025-06-24_G47,10109871PINHEIROM,2025-06-24,111434,1,4,0,190.0
10109871PINHEIROM_2025-06-24_G48,10109871PINHEIROM,2025-06-24,117855,1,35,0,876.0
10109871PINHEIROM_2025-06-24_G49,10109871PINHEIROM,2025-06-24,118299,1,82,0,700.0
10109871PINHEIROM_2025-06-24_G50,10109871PINHEIROM,2025-06-24,111850,1,4,0,1166.0
10109871PINHEIROM_2025-06-24_G51,10109871PINHEIROM,2025-06-24,110895,1,7,0,180.0
10109871PINHEIROM_2025-06-24_G52,10109871PINHEIROM,2025-06-24,118094,1,2,0,919.0
10109871PINHEIROM_2025-06-24_G53,10109871PINHEIROM,2025-06-24,117786,1,4,0,120.0
10109871PINHEIROM_2025-06-24_G54,10109871PINHEIROM,2025-06-24,109640,1,3,0,101.0
10109871PINHEIROM_2025-06-24_G55,10109871PINHEIROM,2025-06-24,117861,1,6,0,155.0
10109871PINHEIROM_2025-06-24_G56,10109871PINHEIROM,2025-06-24,117855,1,12,0,140.0
10109871PINHEIROM_2025-06-24_G57,10109871PINHEIROM,2025-06-24,111467,1,2,0,318.0
10109871PINHEIROM_2025-06-24_G58,10109871PINHEIROM,2025-06-24,111602,1,7,0,153.0
10109871PINHEIROM_2025-06-24_G59,10109871PINHEIROM,2025-06-24,110751,1,1,0,421.0
10109871PINHEIROM_2025-06-24_G60,10109871PINHEIROM,2025-06-24,108794,1,2,0,69.0
10109871PINHEIROM_2025-06-24_G61,10109871PINHEIROM,2025-06-24,117831,1,3,0,181.0
10109871PINHEIROM_2025-06-24_G62,10109871PINHEIROM,2025-06-24,111532,1,12,0,451.0
10109871PINHEIROM_2025-06-24_G63,10109871PINHEIROM,2025-06-24,111469,1,6,0,98.0
10109871PINHEIROM_2025-06-24_G64,10109871PINHEIROM,2025-06-24,117808,1,30,0,342.0
10109871PINHEIROM_2025-06-24_G65,10109871PINHEIROM,2025-06-24,110373,1,20,0,667.0
10109871PINHEIROM_2025-06-25_G02,10109871PINHEIROM,2025-06-25,141823,1,1,0,148.0
10109871PINHEIROM_2025-06-25_G03,10109871PINHEIROM,2025-06-25,141823,1,4,0,66.0
10109871PINHEIROM_2025-06-25_G04,10109871PINHEIROM,2025-06-25,111532,1,6,0,218.0
10109871PINHEIROM_2025-06-25_G05,10109871PINHEIROM,2025-06-25,111469,1,2,0,142.0
10109871PINHEIROM_2025-06-25_G06,10109871PINHEIROM,2025-06-25,110373,1,8,0,169.0
10109871PINHEIROM_2025-06-25_G07,10109871PINHEIROM,2025-06-25,110787,1,2,0,229.0
10109871PINHEIROM_2025-06-25_G08,10109871PINHEIROM,2025-06-25,110787,1,14,0,122.0
10109871PINHEIROM_2025-06-25_G09,10109871PINHEIROM,2025-06-25,110313,1,4,0,274.0
10109871PINHEIROM_2025-06-25_G10,10109871PINHEIROM,2025-06-25,111530,1,8,0,851.0
10109871PINHEIROM_2025-06-25_G11,10109871PINHEIROM,2025-06-25,141047,1,1,0,158.0
10109871PINHEIROM_2025-06-25_G12,10109871PINHEIROM,2025-06-25,111530,1,3,0,147.0
10109871PINHEIROM_2025-06-25_G13,10109871PINHEIROM,2025-06-25,111418,1,7,0,363.0
10109871PINHEIROM_2025-06-25_G14,10109871PINHEIROM,2025-06-25,118222,1,2,0,443.0
10109871PINHEIROM_2025-06-25_G15,10109871PINHEIROM,2025-06-25,110515,1,1,0,408.0
10109871PINHEIROM_2025-06-25_G16,10109871PINHEIROM,2025-06-25,117856,1,2,0,224.0
10109871PINHEIROM_2025-06-25_G17,10109871PINHEIROM,2025-06-25,111463,1,4,0,259.0
10109871PINHEIROM_2025-06-25_G18,10109871PINHEIROM,2025-06-25,117833,1,2,0,226.0
10109871PINHEIROM_2025-06-25_G19,10109871PINHEIROM,2025-06-25,111469,1,6,0,150.0
10109871PINHEIROM_2025-06-25_G20,10109871PINHEIROM,2025-06-25,109640,1,8,0,478.0
10109871PINHEIROM_2025-06-25_G21,10109871PINHEIROM,2025-06-25,107830,1,10,0,1958.0
10109871PINHEIROM_2025-06-25_G23,10109871PINHEIROM,2025-06-25,110751,1,4,0,381.0
10109871PINHEIROM_2025-06-25_G24,10109871PINHEIROM,2025-06-25,140922,1,8,0,156.0
10109871PINHEIROM_2025-06-25_G25,10109871PINHEIROM,2025-06-25,117821,1,10,0,176.0
10109871PINHEIROM_2025-06-25_G26,10109871PINHEIROM,2025-06-25,141823,1,3,0,138.0
10109871PINHEIROM_2025-06-25_G27,10109871PINHEIROM,2025-06-25,118140,1,22,0,1330.0
10109871PINHEIROM_2025-06-25_G28,10109871PINHEIROM,2025-06-25,109640,1,28,0,741.0
10109871PINHEIROM_2025-06-25_G29,10109871PINHEIROM,2025-06-25,110373,1,12,0,271.0
10109871PINHEIROM_2025-06-25_G30,10109871PINHEIROM,2025-06-25,110372,1,12,0,146.0
10109871PINHEIROM_2025-06-25_G31,10109871PINHEIROM,2025-06-25,110711,1,30,0,1343.0
10109871PINHEIROM_2025-06-26_G02,10109871PINHEIROM,2025-06-26,110374,1,5,0,176.0
10109871PINHEIROM_2025-06-26_G03,10109871PINHEIROM,2025-06-26,111463,1,1,0,173.0
10109871PINHEIROM_2025-06-26_G04,10109871PINHEIROM,2025-06-26,118140,1,8,0,176.0
10109871PINHEIROM_2025-06-26_G05,10109871PINHEIROM,2025-06-26,111467,1,4,0,142.0
10109871PINHEIROM_2025-06-26_G06,10109871PINHEIROM,2025-06-26,111602,1,4,0,198.0
10109871PINHEIROM_2025-06-26_G07,10109871PINHEIROM,2025-06-26,111430,1,4,0,201.0
10109871PINHEIROM_2025-06-26_G08,10109871PINHEIROM,2025-06-26,100334,1,2,0,386.0
10109871PINHEIROM_2025-06-26_G09,10109871PINHEIROM,2025-06-26,111467,1,4,0,110.0
10109871PINHEIROM_2025-06-26_G10,10109871PINHEIROM,2025-06-26,117785,1,6,0,129.0
10109871PINHEIROM_2025-06-26_G11,10109871PINHEIROM,2025-06-26,140922,1,2,0,116.0
10109871PINHEIROM_2025-06-26_G12,10109871PINHEIROM,2025-06-26,111532,1,4,0,307.0
10109871PINHEIROM_2025-06-26_G13,10109871PINHEIROM,2025-06-26,118140,1,5,0,153.0
10109871PINHEIROM_2025-06-26_G14,10109871PINHEIROM,2025-06-26,117808,1,4,0,177.0
10109871PINHEIROM_2025-06-26_G15,10109871PINHEIROM,2025-06-26,117832,1,7,0,217.0
10109871PINHEIROM_2025-06-26_G16,10109871PINHEIROM,2025-06-26,117830,1,1,0,53.0
10109871PINHEIROM_2025-06-26_G17,10109871PINHEIROM,2025-06-26,118299,1,9,0,147.0
10109871PINHEIROM_2025-06-26_G18,10109871PINHEIROM,2025-06-26,110374,1,1,0,54.0
10109871PINHEIROM_2025-06-26_G19,10109871PINHEIROM,2025-06-26,141035,1,4,0,808.0
10109871PINHEIROM_2025-06-26_G20,10109871PINHEIROM,2025-06-26,117935,1,6,0,81.0
10109871PINHEIROM_2025-06-26_G21,10109871PINHEIROM,2025-06-26,107629,1,8,0,156.0
10109871PINHEIROM_2025-06-26_G22,10109871PINHEIROM,2025-06-26,111602,1,6,0,271.0
10109871PINHEIROM_2025-06-26_G23,10109871PINHEIROM,2025-06-26,117861,1,6,0,92.0
10109871PINHEIROM_2025-06-26_G24,10109871PINHEIROM,2025-06-26,110582,1,2,0,2939.0
10109871PINHEIROM_2025-06-26_G25,10109871PINHEIROM,2025-06-26,115821,1,2,0,161.0
10109871PINHEIROM_2025-06-26_G26,10109871PINHEIROM,2025-06-26,111437,1,3,0,109.0
10109871PINHEIROM_2025-06-26_G27,10109871PINHEIROM,2025-06-26,110895,1,4,0,97.0
10109871PINHEIROM_2025-06-26_G28,10109871PINHEIROM,2025-06-26,111438,1,3,0,115.0
10109871PINHEIROM_2025-06-26_G29,10109871PINHEIROM,2025-06-26,111569,2,10,21,158.0
10109871PINHEIROM_2025-06-26_G30,10109871PINHEIROM,2025-06-26,160057,1,1,0,223.0
10109871PINHEIROM_2025-06-26_G31,10109871PINHEIROM,2025-06-26,118198,1,4,0,163.0
10109871PINHEIROM_2025-06-26_G32,10109871PINHEIROM,2025-06-26,108771,2,8,9,87.0
10109871PINHEIROM_2025-06-26_G33,10109871PINHEIROM,2025-06-26,111569,1,20,0,519.0
10109871PINHEIROM_2025-06-26_G34,10109871PINHEIROM,2025-06-26,111660,1,4,0,134.0
10109871PINHEIROM_2025-06-26_G35,10109871PINHEIROM,2025-06-26,117855,1,10,0,949.0
10109871PINHEIROM_2025-06-26_G36,10109871PINHEIROM,2025-06-26,118094,1,4,0,216.0
10109871PINHEIROM_2025-06-26_G37,10109871PINHEIROM,2025-06-26,107629,1,6,0,78.0
10109871PINHEIROM_2025-06-26_G39,10109871PINHEIROM,2025-06-26,110711,1,5,0,138.0
10109871PINHEIROM_2025-06-26_G40,10109871PINHEIROM,2025-06-26,110733,1,5,0,113.0
10109871PINHEIROM_2025-06-26_G41,10109871PINHEIROM,2025-06-26,110787,1,10,0,525.0
10109871PINHEIROM_2025-06-26_G42,10109871PINHEIROM,2025-06-26,111348,1,2,0,631.0
10109871PINHEIROM_2025-06-26_G43,10109871PINHEIROM,2025-06-26,110515,1,2,0,722.0
10109871PINHEIROM_2025-06-26_G44,10109871PINHEIROM,2025-06-26,111467,1,2,0,94.0
10109871PINHEIROM_2025-06-26_G46,10109871PINHEIROM,2025-06-26,110895,1,4,0,172.0
10109871PINHEIROM_2025-06-26_G47,10109871PINHEIROM,2025-06-26,160057,1,2,0,197.0
10109871PINHEIROM_2025-06-26_G48,10109871PINHEIROM,2025-06-26,118222,1,4,0,219.0
10109871PINHEIROM_2025-06-26_G49,10109871PINHEIROM,2025-06-26,117935,1,4,0,294.0
10109871PINHEIROM_2025-06-26_G50,10109871PINHEIROM,2025-06-26,110515,1,12,0,127.0
10109871PINHEIROM_2025-06-26_G51,10109871PINHEIROM,2025-06-26,117861,1,2,0,104.0
10109871PINHEIROM_2025-06-26_G52,10109871PINHEIROM,2025-06-26,110733,1,7,0,271.0
10109871PINHEIROM_2025-06-26_G53,10109871PINHEIROM,2025-06-26,111602,1,6,0,1063.0
10109871PINHEIROM_2025-06-26_G54,10109871PINHEIROM,2025-06-26,111569,1,4,0,1243.0
10109871PINHEIROM_2025-06-26_G55,10109871PINHEIROM,2025-06-26,117808,1,16,0,265.0
10109871PINHEIROM_2025-06-26_G56,10109871PINHEIROM,2025-06-26,111850,2,12,17,91.0
10109871PINHEIROM_2025-06-26_G57,10109871PINHEIROM,2025-06-26,111348,1,12,0,840.0
10109871PINHEIROM_2025-06-28_G02,10109871PINHEIROM,2025-06-28,117836,1,12,0,120.0
10109871PINHEIROM_2025-06-28_G03,10109871PINHEIROM,2025-06-28,109640,1,8,0,396.0
10109871PINHEIROM_2025-06-28_G04,10109871PINHEIROM,2025-06-28,110740,1,8,0,338.0
10109871PINHEIROM_2025-06-28_G05,10109871PINHEIROM,2025-06-28,105705,1,8,0,344.0
10109871PINHEIROM_2025-06-28_G06,10109871PINHEIROM,2025-06-28,110895,1,4,0,1403.0
10109871PINHEIROM_2025-06-28_G07,10109871PINHEIROM,2025-06-28,111441,1,3,0,116.0
10109871PINHEIROM_2025-06-28_G08,10109871PINHEIROM,2025-06-28,111569,1,6,0,108.0
10109871PINHEIROM_2025-06-28_G09,10109871PINHEIROM,2025-06-28,111467,1,2,0,214.0
10109871PINHEIROM_2025-06-28_G10,10109871PINHEIROM,2025-06-28,110313,1,4,0,134.0
10109871PINHEIROM_2025-06-28_G11,10109871PINHEIROM,2025-06-28,110752,1,3,0,102.0
10109871PINHEIROM_2025-06-28_G12,10109871PINHEIROM,2025-06-28,110582,1,2,0,120.0
10109871PINHEIROM_2025-06-28_G13,10109871PINHEIROM,2025-06-28,110895,1,2,0,100.0
10109871PINHEIROM_2025-06-28_G14,10109871PINHEIROM,2025-06-28,111569,1,1,0,107.0
10109871PINHEIROM_2025-06-28_G15,10109871PINHEIROM,2025-06-28,117862,1,1,0,41.0
10109871PINHEIROM_2025-06-28_G16,10109871PINHEIROM,2025-06-28,110515,1,2,0,224.0
10109871PINHEIROM_2025-06-28_G17,10109871PINHEIROM,2025-06-28,110711,1,3,0,125.0
10109871PINHEIROM_2025-06-28_G18,10109871PINHEIROM,2025-06-28,111463,1,1,0,127.0
10109871PINHEIROM_2025-06-28_G19,10109871PINHEIROM,2025-06-28,141823,1,2,0,87.0
10109871PINHEIROM_2025-06-28_G20,10109871PINHEIROM,2025-06-28,"110371, 117820",2,6,21,140.0
10109871PINHEIROM_2025-06-28_G21,10109871PINHEIROM,2025-06-28,111569,1,10,0,644.0
10109871PINHEIROM_2025-06-28_G22,10109871PINHEIROM,2025-06-28,111532,1,2,0,103.0
10109871PINHEIROM_2025-06-28_G23,10109871PINHEIROM,2025-06-28,111467,1,1,0,85.0
10109871PINHEIROM_2025-06-28_G24,10109871PINHEIROM,2025-06-28,110313,1,3,0,250.0
10109871PINHEIROM_2025-06-28_G25,10109871PINHEIROM,2025-06-28,105705,1,6,0,1718.0
10109871PINHEIROM_2025-06-28_G26,10109871PINHEIROM,2025-06-28,118317,1,4,0,181.0
10109871PINHEIROM_2025-06-28_G28,10109871PINHEIROM,2025-06-28,108798,1,4,0,1410.0
10109871PINHEIROM_2025-06-28_G29,10109871PINHEIROM,2025-06-28,110895,1,4,0,164.0
10109871PINHEIROM_2025-06-28_G30,10109871PINHEIROM,2025-06-28,110313,1,4,0,61.0
10109871PINHEIROM_2025-06-28_G31,10109871PINHEIROM,2025-06-28,111462,1,2,0,94.0
10109871PINHEIROM_2025-06-28_G32,10109871PINHEIROM,2025-06-28,110515,1,12,0,295.0
10109871PINHEIROM_2025-06-28_G33,10109871PINHEIROM,2025-06-28,111743,1,8,0,244.0
10109871PINHEIROM_2025-06-28_G34,10109871PINHEIROM,2025-06-28,110711,1,6,0,111.0
10109871PINHEIROM_2025-06-28_G35,10109871PINHEIROM,2025-06-28,110747,1,5,0,2807.0
10109871PINHEIROM_2025-06-28_G36,10109871PINHEIROM,2025-06-28,100334,1,6,0,165.0
10109871PINHEIROM_2025-06-28_G37,10109871PINHEIROM,2025-06-28,110895,1,7,0,165.0
10109871PINHEIROM_2025-06-28_G38,10109871PINHEIROM,2025-06-28,118306,1,2,0,80.0
10109871PINHEIROM_2025-06-28_G39,10109871PINHEIROM,2025-06-28,117835,1,7,0,124.0
10109871PINHEIROM_2025-06-28_G40,10109871PINHEIROM,2025-06-28,111441,1,2,0,105.0
10109871PINHEIROM_2025-06-28_G41,10109871PINHEIROM,2025-06-28,111438,1,5,0,201.0
10109871PINHEIROM_2025-06-28_G42,10109871PINHEIROM,2025-06-28,111569,2,3,9,84.0
10109871PINHEIROM_2025-06-28_G43,10109871PINHEIROM,2025-06-28,117836,1,1,0,104.0
10109871PINHEIROM_2025-06-28_G44,10109871PINHEIROM,2025-06-28,117854,1,3,0,491.0
10109871PINHEIROM_2025-06-28_G45,10109871PINHEIROM,2025-06-28,109640,2,9,7,117.0
10109871PINHEIROM_2025-06-28_G46,10109871PINHEIROM,2025-06-28,110711,2,9,7,247.0
10109871PINHEIROM_2025-06-28_G47,10109871PINHEIROM,2025-06-28,141047,1,4,0,60.0
10109871PINHEIROM_2025-06-28_G48,10109871PINHEIROM,2025-06-28,111467,2,4,7,237.0
10109871PINHEIROM_2025-06-28_G49,10109871PINHEIROM,2025-06-28,111439,1,4,0,126.0
10109871PINHEIROM_2025-06-29_G02,10109871PINHEIROM,2025-06-29,110374,1,6,0,194.0
10109871PINHEIROM_2025-06-29_G03,10109871PINHEIROM,2025-06-29,110372,3,36,20,57.0
10109871PINHEIROM_2025-06-29_G04,10109871PINHEIROM,2025-06-29,110371,1,3,0,282.0
10109871PINHEIROM_2025-06-29_G05,10109871PINHEIROM,2025-06-29,117820,1,24,0,685.0
10109871PINHEIROM_2025-06-29_G06,10109871PINHEIROM,2025-06-29,110374,1,8,0,1195.0
10109871PINHEIROM_2025-06-29_G07,10109871PINHEIROM,2025-06-29,117808,2,29,7,1163.0
10109871PINHEIROM_2025-06-29_G08,10109871PINHEIROM,2025-06-29,111530,1,1,0,511.0
10109871PINHEIROM_2025-06-29_G09,10109871PINHEIROM,2025-06-29,111602,1,18,0,205.0
10109871PINHEIROM_2025-06-29_G10,10109871PINHEIROM,2025-06-29,117965,1,8,0,874.0
10109871PINHEIROM_2025-06-29_G11,10109871PINHEIROM,2025-06-29,110750,1,4,0,223.0
10109871PINHEIROM_2025-06-29_G12,10109871PINHEIROM,2025-06-29,117935,1,12,0,342.0
10109871PINHEIROM_2025-06-29_G13,10109871PINHEIROM,2025-06-29,118094,1,31,0,575.0
10109871PINHEIROM_2025-06-29_G14,10109871PINHEIROM,2025-06-29,107629,1,3,0,346.0
10109871PINHEIROM_2025-06-29_G15,10109871PINHEIROM,2025-06-29,110711,1,29,0,896.0
10109871PINHEIROM_2025-06-29_G16,10109871PINHEIROM,2025-06-29,117855,1,26,0,571.0
10109871PINHEIROM_2025-06-29_G17,10109871PINHEIROM,2025-06-29,110313,1,4,0,192.0
10109871PINHEIROM_2025-06-29_G18,10109871PINHEIROM,2025-06-29,110733,1,4,0,488.0
10109871PINHEIROM_2025-06-29_G19,10109871PINHEIROM,2025-06-29,111602,1,32,0,418.0
10109871PINHEIROM_2025-06-29_G20,10109871PINHEIROM,2025-06-29,109641,1,12,0,532.0
10109871PINHEIROM_2025-06-29_G21,10109871PINHEIROM,2025-06-29,110787,1,38,0,2047.0
10109871PINHEIROM_2025-06-29_G22,10109871PINHEIROM,2025-06-29,109645,1,12,0,689.0
10109871PINHEIROM_2025-06-29_G23,10109871PINHEIROM,2025-06-29,111465,1,3,0,81.0
10109871PINHEIROM_2025-06-29_G24,10109871PINHEIROM,2025-06-29,111433,1,4,0,192.0
10109871PINHEIROM_2025-06-29_G25,10109871PINHEIROM,2025-06-29,111468,1,8,0,510.0
10109871PINHEIROM_2025-06-29_G26,10109871PINHEIROM,2025-06-29,109647,1,4,0,844.0
10109871PINHEIROM_2025-06-29_G28,10109871PINHEIROM,2025-06-29,109640,1,4,0,226.0
10109871PINHEIROM_2025-06-29_G29,10109871PINHEIROM,2025-06-29,110711,1,3,0,362.0
10109871PINHEIROM_2025-06-29_G30,10109871PINHEIROM,2025-06-29,111348,1,8,0,315.0
10109871PINHEIROM_2025-06-29_G31,10109871PINHEIROM,2025-06-29,118223,1,16,0,610.0
10109871PINHEIROM_2025-06-29_G32,10109871PINHEIROM,2025-06-29,107892,1,4,0,1683.0
10109871PINHEIROM_2025-06-29_G33,10109871PINHEIROM,2025-06-29,111569,1,4,0,205.0
10109871PINHEIROM_2025-06-29_G34,10109871PINHEIROM,2025-06-29,118094,1,1,0,149.0
10109871PINHEIROM_2025-06-29_G35,10109871PINHEIROM,2025-06-29,110515,1,4,0,107.0
10109871PINHEIROM_2025-06-29_G36,10109871PINHEIROM,2025-06-29,109640,1,2,0,107.0
10109871PINHEIROM_2025-06-29_G37,10109871PINHEIROM,2025-06-29,110711,1,1,0,211.0
10109871PINHEIROM_2025-06-29_G38,10109871PINHEIROM,2025-06-29,108795,1,1,0,160.0
10109871PINHEIROM_2025-06-29_G39,10109871PINHEIROM,2025-06-29,111463,1,2,0,92.0
10109871PINHEIROM_2025-06-29_G40,10109871PINHEIROM,2025-06-29,105705,1,1,0,66.0
10109871PINHEIROM_2025-06-29_G41,10109871PINHEIROM,2025-06-29,108711,1,1,0,111.0
10109871PINHEIROM_2025-06-29_G42,10109871PINHEIROM,2025-06-29,140922,1,1,0,51.0
10109871PINHEIROM_2025-06-29_G43,10109871PINHEIROM,2025-06-29,117831,1,4,0,155.0
10109871PINHEIROM_2025-06-29_G44,10109871PINHEIROM,2025-06-29,111462,1,4,0,87.0
10109871PINHEIROM_2025-06-29_G45,10109871PINHEIROM,2025-06-29,117787,1,4,0,279.0
10109871PINHEIROM_2025-06-29_G46,10109871PINHEIROM,2025-06-29,107236,1,4,0,91.0
10109871PINHEIROM_2025-06-29_G47,10109871PINHEIROM,2025-06-29,110325,1,5,0,169.0
10109871PINHEIROM_2025-06-29_G48,10109871PINHEIROM,2025-06-29,110373,1,4,0,113.0
10109871PINHEIROM_2025-06-29_G49,10109871PINHEIROM,2025-06-29,110372,1,12,0,572.0
10109871PINHEIROM_2025-06-29_G50,10109871PINHEIROM,2025-06-29,111418,1,6,0,721.0
10109871PINHEIROM_2025-06-30_G02,10109871PINHEIROM,2025-06-30,100334,1,2,0,62.0
10109871PINHEIROM_2025-06-30_G03,10109871PINHEIROM,2025-06-30,111569,1,2,0,130.0
10109871PINHEIROM_2025-06-30_G04,10109871PINHEIROM,2025-06-30,110339,1,4,0,140.0
10109871PINHEIROM_2025-06-30_G05,10109871PINHEIROM,2025-06-30,110515,1,2,0,144.0
10109871PINHEIROM_2025-06-30_G06,10109871PINHEIROM,2025-06-30,111467,1,7,0,181.0
10109871PINHEIROM_2025-06-30_G07,10109871PINHEIROM,2025-06-30,117935,1,3,0,130.0
10109871PINHEIROM_2025-06-30_G08,10109871PINHEIROM,2025-06-30,111466,1,5,0,175.0
10109871PINHEIROM_2025-06-30_G09,10109871PINHEIROM,2025-06-30,111462,1,4,0,136.0
10109871PINHEIROM_2025-06-30_G10,10109871PINHEIROM,2025-06-30,107236,1,2,0,108.0
10109871PINHEIROM_2025-06-30_G11,10109871PINHEIROM,2025-06-30,111418,1,3,0,2335.0
10109871PINHEIROM_2025-06-30_G13,10109871PINHEIROM,2025-06-30,111738,1,4,0,1764.0
10109871PINHEIROM_2025-06-30_G15,10109871PINHEIROM,2025-06-30,111743,1,10,0,150.0
10109871PINHEIROM_2025-06-30_G16,10109871PINHEIROM,2025-06-30,110745,1,8,0,197.0
10109871PINHEIROM_2025-06-30_G17,10109871PINHEIROM,2025-06-30,111532,1,7,0,180.0
10109871PINHEIROM_2025-06-30_G18,10109871PINHEIROM,2025-06-30,109645,1,9,0,167.0
10109871PINHEIROM_2025-06-30_G19,10109871PINHEIROM,2025-06-30,111465,1,21,0,232.0
10109871PINHEIROM_2025-06-30_G20,10109871PINHEIROM,2025-06-30,111430,1,229,0,2381.0
10109871PINHEIROM_2025-06-30_G21,10109871PINHEIROM,2025-06-30,117821,1,652,0,1816.0
10109871PINHEIROM_2025-07-02_G03,10109871PINHEIROM,2025-07-02,111602,1,290,0,1363.0
10109871PINHEIROM_2025-07-04_G02,10109871PINHEIROM,2025-07-04,110895,1,9,0,251.0
10109871PINHEIROM_2025-07-04_G03,10109871PINHEIROM,2025-07-04,111569,1,6,0,219.0
10109871PINHEIROM_2025-07-04_G04,10109871PINHEIROM,2025-07-04,140922,1,15,0,305.0
10109871PINHEIROM_2025-07-04_G05,10109871PINHEIROM,2025-07-04,111466,1,2,0,119.0
10109871PINHEIROM_2025-07-04_G06,10109871PINHEIROM,2025-07-04,111462,1,18,0,253.0
10109871PINHEIROM_2025-07-04_G07,10109871PINHEIROM,2025-07-04,111469,2,64,7,1962.0
10109871PINHEIROM_2025-07-04_G08,10109871PINHEIROM,2025-07-04,111172,1,8,0,1001.0
10109871PINHEIROM_2025-07-04_G09,10109871PINHEIROM,2025-07-04,111532,1,18,0,259.0
10109871PINHEIROM_2025-07-04_G10,10109871PINHEIROM,2025-07-04,111465,1,33,0,440.0
10109871PINHEIROM_2025-07-04_G11,10109871PINHEIROM,2025-07-04,111468,1,5,0,168.0
10109871PINHEIROM_2025-07-04_G12,10109871PINHEIROM,2025-07-04,111418,1,40,0,597.0
10109871PINHEIROM_2025-07-05_G02,10109871PINHEIROM,2025-07-05,111850,1,5,0,95.0
10109871PINHEIROM_2025-07-05_G03,10109871PINHEIROM,2025-07-05,110895,1,6,0,517.0
10109871PINHEIROM_2025-07-05_G04,10109871PINHEIROM,2025-07-05,118306,1,8,0,178.0
10109871PINHEIROM_2025-07-05_G05,10109871PINHEIROM,2025-07-05,111438,1,17,0,1536.0
10109871PINHEIROM_2025-07-05_G06,10109871PINHEIROM,2025-07-05,110755,1,10,0,160.0
10109871PINHEIROM_2025-07-05_G07,10109871PINHEIROM,2025-07-05,111569,1,30,0,3386.0
10109871PINHEIROM_2025-07-05_G08,10109871PINHEIROM,2025-07-05,111430,1,4,0,422.0
10109871PINHEIROM_2025-07-05_G09,10109871PINHEIROM,2025-07-05,100334,1,7,0,131.0
10109871PINHEIROM_2025-07-05_G10,10109871PINHEIROM,2025-07-05,111438,1,12,0,216.0
10109871PINHEIROM_2025-07-05_G11,10109871PINHEIROM,2025-07-05,111569,1,18,0,523.0
10109871PINHEIROM_2025-07-05_G12,10109871PINHEIROM,2025-07-05,108795,1,80,0,1670.0
10109871PINHEIROM_2025-07-05_G13,10109871PINHEIROM,2025-07-05,118317,1,33,0,808.0
10109871PINHEIROM_2025-07-05_G14,10109871PINHEIROM,2025-07-05,107236,1,100,0,787.0
10109871PINHEIROM_2025-07-05_G15,10109871PINHEIROM,2025-07-05,117935,1,100,0,1189.0
10109871PINHEIROM_2025-07-05_G16,10109871PINHEIROM,2025-07-05,109648,1,8,0,232.0
10109871PINHEIROM_2025-07-05_G18,10109871PINHEIROM,2025-07-05,110895,1,8,0,225.0
10109871PINHEIROM_2025-07-05_G19,10109871PINHEIROM,2025-07-05,111441,1,5,0,212.0
10109871PINHEIROM_2025-07-05_G20,10109871PINHEIROM,2025-07-05,111438,1,6,0,105.0
10109871PINHEIROM_2025-07-05_G21,10109871PINHEIROM,2025-07-05,111569,1,21,0,484.0
10109871PINHEIROM_2025-07-05_G22,10109871PINHEIROM,2025-07-05,110515,1,2,0,242.0
10109871PINHEIROM_2025-07-05_G23,10109871PINHEIROM,2025-07-05,111435,1,8,0,269.0
10109871PINHEIROM_2025-07-05_G24,10109871PINHEIROM,2025-07-05,111743,1,2,0,143.0
10109871PINHEIROM_2025-07-05_G25,10109871PINHEIROM,2025-07-05,111469,1,3,0,276.0
10109871PINHEIROM_2025-07-05_G26,10109871PINHEIROM,2025-07-05,111418,1,20,0,816.0
10109871PINHEIROM_2025-07-05_G27,10109871PINHEIROM,2025-07-05,118140,1,12,0,1169.0
10109871PINHEIROM_2025-07-05_G28,10109871PINHEIROM,2025-07-05,110787,1,1,0,53.0
10109871PINHEIROM_2025-07-07_G02,10109871PINHEIROM,2025-07-07,114092,1,14,0,360.0
10109871PINHEIROM_2025-07-07_G03,10109871PINHEIROM,2025-07-07,118281,1,24,0,657.0
10109871PINHEIROM_2025-07-07_G04,10109871PINHEIROM,2025-07-07,111431,1,12,0,624.0
10109871PINHEIROM_2025-07-07_G05,10109871PINHEIROM,2025-07-07,117842,1,12,0,265.0
10109871PINHEIROM_2025-07-07_G06,10109871PINHEIROM,2025-07-07,118326,1,6,0,1093.0
10109871PINHEIROM_2025-07-07_G07,10109871PINHEIROM,2025-07-07,115209,1,4,0,116.0
10109871PINHEIROM_2025-07-07_G08,10109871PINHEIROM,2025-07-07,111433,1,17,0,556.0
10109871PINHEIROM_2025-07-07_G10,10109871PINHEIROM,2025-07-07,110895,1,2,0,152.0
10109871PINHEIROM_2025-07-07_G11,10109871PINHEIROM,2025-07-07,111438,1,2,0,175.0
10109871PINHEIROM_2025-07-07_G12,10109871PINHEIROM,2025-07-07,110755,1,1,0,39.0
10109871PINHEIROM_2025-07-07_G13,10109871PINHEIROM,2025-07-07,108770,1,2,0,254.0
10109871PINHEIROM_2025-07-07_G14,10109871PINHEIROM,2025-07-07,111876,1,4,0,238.0
10109871PINHEIROM_2025-07-07_G15,10109871PINHEIROM,2025-07-07,117862,1,1,0,101.0
10109871PINHEIROM_2025-07-07_G16,10109871PINHEIROM,2025-07-07,116241,1,2,0,117.0
10109871PINHEIROM_2025-07-07_G17,10109871PINHEIROM,2025-07-07,160055,1,2,0,133.0
10109871PINHEIROM_2025-07-07_G18,10109871PINHEIROM,2025-07-07,118223,1,1,0,255.0
10109871PINHEIROM_2025-07-07_G19,10109871PINHEIROM,2025-07-07,109645,1,2,0,134.0
10109871PINHEIROM_2025-07-07_G20,10109871PINHEIROM,2025-07-07,111465,1,1,0,57.0
10109871PINHEIROM_2025-07-07_G21,10109871PINHEIROM,2025-07-07,111468,1,1,0,44.0
10109871PINHEIROM_2025-07-07_G22,10109871PINHEIROM,2025-07-07,117808,1,5,0,163.0
10109871PINHEIROM_2025-07-07_G23,10109871PINHEIROM,2025-07-07,118299,1,3,0,78.0
10109871PINHEIROM_2025-07-07_G24,10109871PINHEIROM,2025-07-07,110373,1,2,0,106.0
10109871PINHEIROM_2025-07-07_G25,10109871PINHEIROM,2025-07-07,107830,1,2,0,97.0
10109871PINHEIROM_2025-07-07_G26,10109871PINHEIROM,2025-07-07,110376,1,4,0,80.0
10109871PINHEIROM_2025-07-07_G27,10109871PINHEIROM,2025-07-07,110374,1,4,0,83.0
10109871PINHEIROM_2025-07-07_G28,10109871PINHEIROM,2025-07-07,118417,1,4,0,802.0
10109871PINHEIROM_2025-07-07_G29,10109871PINHEIROM,2025-07-07,110092,1,2,0,296.0
10109871PINHEIROM_2025-07-07_G30,10109871PINHEIROM,2025-07-07,107629,1,9,0,205.0
10109871PINHEIROM_2025-07-07_G31,10109871PINHEIROM,2025-07-07,110339,1,12,0,122.0
10109871PINHEIROM_2025-07-07_G32,10109871PINHEIROM,2025-07-07,110515,1,8,0,150.0
10109871PINHEIROM_2025-07-07_G33,10109871PINHEIROM,2025-07-07,111467,1,8,0,136.0
10109871PINHEIROM_2025-07-07_G34,10109871PINHEIROM,2025-07-07,111602,1,8,0,227.0
10109871PINHEIROM_2025-07-07_G35,10109871PINHEIROM,2025-07-07,111530,1,8,0,403.0
10109871PINHEIROM_2025-07-07_G36,10109871PINHEIROM,2025-07-07,108711,1,12,0,374.0
10109871PINHEIROM_2025-07-07_G37,10109871PINHEIROM,2025-07-07,140922,1,20,0,190.0
10109871PINHEIROM_2025-07-07_G38,10109871PINHEIROM,2025-07-07,111468,1,20,0,200.0
10109871PINHEIROM_2025-07-07_G39,10109871PINHEIROM,2025-07-07,110895,1,2,0,422.0
10109871PINHEIROM_2025-07-07_G40,10109871PINHEIROM,2025-07-07,117837,1,1,0,103.0
10109871PINHEIROM_2025-07-07_G41,10109871PINHEIROM,2025-07-07,110372,1,14,0,187.0
10109871PINHEIROM_2025-07-07_G42,10109871PINHEIROM,2025-07-07,117832,1,1,0,51.0
10109871PINHEIROM_2025-07-07_G43,10109871PINHEIROM,2025-07-07,117808,1,4,0,56.0
10109871PINHEIROM_2025-07-07_G44,10109871PINHEIROM,2025-07-07,118299,1,1,0,49.0
10109871PINHEIROM_2025-07-07_G45,10109871PINHEIROM,2025-07-07,110373,1,4,0,85.0
10109871PINHEIROM_2025-07-07_G46,10109871PINHEIROM,2025-07-07,111850,1,4,0,253.0
10109871PINHEIROM_2025-07-07_G47,10109871PINHEIROM,2025-07-07,110372,1,1400,0,2847.0
10109871PINHEIROM_2025-07-08_G02,10109871PINHEIROM,2025-07-08,110372,1,22,0,1122.0
10109871PINHEIROM_2025-07-08_G03,10109871PINHEIROM,2025-07-08,110372,1,45,0,32.0
10109871PINHEIROM_2025-07-08_G04,10109871PINHEIROM,2025-07-08,110371,2,18,10,1060.0
10109871PINHEIROM_2025-07-08_G05,10109871PINHEIROM,2025-07-08,110373,1,37,0,1127.0
10109871PINHEIROM_2025-07-08_G06,10109871PINHEIROM,2025-07-08,108795,1,2,0,543.0
10109871PINHEIROM_2025-07-08_G07,10109871PINHEIROM,2025-07-08,110743,1,4,0,82.0
10109871PINHEIROM_2025-07-08_G08,10109871PINHEIROM,2025-07-08,111463,1,4,0,572.0
10109871PINHEIROM_2025-07-08_G09,10109871PINHEIROM,2025-07-08,117785,1,12,0,171.0
10109871PINHEIROM_2025-07-08_G10,10109871PINHEIROM,2025-07-08,111443,1,4,0,92.0
10109871PINHEIROM_2025-07-08_G11,10109871PINHEIROM,2025-07-08,111466,1,20,0,150.0
10109871PINHEIROM_2025-07-08_G12,10109871PINHEIROM,2025-07-08,117821,1,4,0,72.0
10109871PINHEIROM_2025-07-08_G13,10109871PINHEIROM,2025-07-08,117831,1,6,0,494.0
10109871PINHEIROM_2025-07-08_G14,10109871PINHEIROM,2025-07-08,117833,1,2,0,664.0
10109871PINHEIROM_2025-07-08_G15,10109871PINHEIROM,2025-07-08,111172,1,2,0,65.0
10109871PINHEIROM_2025-07-08_G16,10109871PINHEIROM,2025-07-08,108798,1,1,0,57.0
10109871PINHEIROM_2025-07-08_G17,10109871PINHEIROM,2025-07-08,111418,1,10,0,170.0
10109871PINHEIROM_2025-07-08_G18,10109871PINHEIROM,2025-07-08,118140,1,5,0,79.0
10109871PINHEIROM_2025-07-08_G19,10109871PINHEIROM,2025-07-08,110787,1,4,0,111.0
10109871PINHEIROM_2025-07-08_G20,10109871PINHEIROM,2025-07-08,109645,1,4,0,178.0
10109871PINHEIROM_2025-07-08_G21,10109871PINHEIROM,2025-07-08,141823,1,6,0,115.0
10109871PINHEIROM_2025-07-08_G22,10109871PINHEIROM,2025-07-08,117840,1,4,0,140.0
10109871PINHEIROM_2025-07-08_G23,10109871PINHEIROM,2025-07-08,110376,1,2,0,93.0
10109871PINHEIROM_2025-07-08_G24,10109871PINHEIROM,2025-07-08,110895,1,4,0,756.0
10109871PINHEIROM_2025-07-08_G25,10109871PINHEIROM,2025-07-08,111440,1,4,0,155.0
10109871PINHEIROM_2025-07-08_G27,10109871PINHEIROM,2025-07-08,109645,1,8,0,2185.0
10109871PINHEIROM_2025-07-08_G28,10109871PINHEIROM,2025-07-08,111418,1,66,0,691.0
10109871PINHEIROM_2025-07-08_G29,10109871PINHEIROM,2025-07-08,110711,1,20,0,827.0
10109871PINHEIROM_2025-07-08_G30,10109871PINHEIROM,2025-07-08,111602,1,24,0,442.0
10109871PINHEIROM_2025-07-08_G31,10109871PINHEIROM,2025-07-08,118317,1,20,0,504.0
10109871PINHEIROM_2025-07-08_G32,10109871PINHEIROM,2025-07-08,111442,1,30,0,808.0
10109871PINHEIROM_2025-07-08_G33,10109871PINHEIROM,2025-07-08,110580,1,4,0,665.0
10109871PINHEIROM_2025-07-08_G34,10109871PINHEIROM,2025-07-08,117786,1,20,0,232.0
10109871PINHEIROM_2025-07-08_G35,10109871PINHEIROM,2025-07-08,118298,1,3,0,247.0
10109871PINHEIROM_2025-07-08_G36,10109871PINHEIROM,2025-07-08,117862,1,25,0,234.0
10109871PINHEIROM_2025-07-08_G37,10109871PINHEIROM,2025-07-08,110753,1,2,0,73.0
10109871PINHEIROM_2025-07-08_G38,10109871PINHEIROM,2025-07-08,141047,1,20,0,474.0
10109871PINHEIROM_2025-07-08_G39,10109871PINHEIROM,2025-07-08,111467,1,10,0,126.0
10109871PINHEIROM_2025-07-08_G40,10109871PINHEIROM,2025-07-08,118403,1,10,0,130.0
10109871PINHEIROM_2025-07-08_G41,10109871PINHEIROM,2025-07-08,108772,1,10,0,320.0
10109871PINHEIROM_2025-07-08_G42,10109871PINHEIROM,2025-07-08,110752,1,13,0,1410.0
10109871PINHEIROM_2025-07-09_G02,10109871PINHEIROM,2025-07-09,110515,1,10,0,168.0
10109871PINHEIROM_2025-07-09_G03,10109871PINHEIROM,2025-07-09,111467,1,2,0,183.0
10109871PINHEIROM_2025-07-09_G04,10109871PINHEIROM,2025-07-09,111602,1,8,0,146.0
10109871PINHEIROM_2025-07-09_G05,10109871PINHEIROM,2025-07-09,108772,1,2,0,86.0
10109871PINHEIROM_2025-07-09_G06,10109871PINHEIROM,2025-07-09,117856,1,2,0,115.0
10109871PINHEIROM_2025-07-09_G07,10109871PINHEIROM,2025-07-09,111463,1,16,0,562.0
10109871PINHEIROM_2025-07-09_G08,10109871PINHEIROM,2025-07-09,110751,1,2,0,205.0
10109871PINHEIROM_2025-07-09_G09,10109871PINHEIROM,2025-07-09,108794,1,2,0,66.0
10109871PINHEIROM_2025-07-09_G10,10109871PINHEIROM,2025-07-09,117831,1,2,0,163.0
10109871PINHEIROM_2025-07-09_G11,10109871PINHEIROM,2025-07-09,108711,1,10,0,153.0
10109871PINHEIROM_2025-07-09_G12,10109871PINHEIROM,2025-07-09,110375,1,8,0,279.0
10109871PINHEIROM_2025-07-09_G13,10109871PINHEIROM,2025-07-09,141202,1,10,0,220.0
10109871PINHEIROM_2025-07-09_G14,10109871PINHEIROM,2025-07-09,117822,1,2,0,60.0
10109871PINHEIROM_2025-07-09_G15,10109871PINHEIROM,2025-07-09,109933,1,2,0,209.0
10109871PINHEIROM_2025-07-09_G16,10109871PINHEIROM,2025-07-09,107629,1,8,0,462.0
10109871PINHEIROM_2025-07-09_G17,10109871PINHEIROM,2025-07-09,110753,1,1,0,247.0
10109871PINHEIROM_2025-07-09_G18,10109871PINHEIROM,2025-07-09,117855,1,2,0,241.0
10109871PINHEIROM_2025-07-09_G19,10109871PINHEIROM,2025-07-09,111602,1,3,0,90.0
10109871PINHEIROM_2025-07-09_G20,10109871PINHEIROM,2025-07-09,110325,1,3,0,173.0
10109871PINHEIROM_2025-07-09_G21,10109871PINHEIROM,2025-07-09,117832,1,3,0,45.0
10109871PINHEIROM_2025-07-09_G22,10109871PINHEIROM,2025-07-09,118299,1,4,0,2550.0
10109871PINHEIROM_2025-07-09_G23,10109871PINHEIROM,2025-07-09,109643,1,8,0,254.0
10109871PINHEIROM_2025-07-09_G24,10109871PINHEIROM,2025-07-09,111440,1,4,0,720.0
10109871PINHEIROM_2025-07-09_G25,10109871PINHEIROM,2025-07-09,110895,1,1,0,78.0
10109871PINHEIROM_2025-07-09_G26,10109871PINHEIROM,2025-07-09,118306,1,2,0,520.0
10109871PINHEIROM_2025-07-09_G27,10109871PINHEIROM,2025-07-09,108770,1,2,0,93.0
10109871PINHEIROM_2025-07-09_G28,10109871PINHEIROM,2025-07-09,107892,1,4,0,77.0
10109871PINHEIROM_2025-07-09_G29,10109871PINHEIROM,2025-07-09,111182,1,3,0,139.0
10109871PINHEIROM_2025-07-09_G30,10109871PINHEIROM,2025-07-09,117838,1,2,0,69.0
10109871PINHEIROM_2025-07-09_G31,10109871PINHEIROM,2025-07-09,111466,1,5,0,122.0
10109871PINHEIROM_2025-07-09_G32,10109871PINHEIROM,2025-07-09,117831,1,3,0,99.0
10109871PINHEIROM_2025-07-09_G33,10109871PINHEIROM,2025-07-09,115817,1,4,0,82.0
10109871PINHEIROM_2025-07-09_G34,10109871PINHEIROM,2025-07-09,117785,1,5,0,404.0
10109871PINHEIROM_2025-07-09_G35,10109871PINHEIROM,2025-07-09,110742,1,100,0,1368.0
10109871PINHEIROM_2025-07-09_G37,10109871PINHEIROM,2025-07-09,111660,1,112,0,1178.0
10109871PINHEIROM_2025-07-09_G38,10109871PINHEIROM,2025-07-09,118299,1,46,0,594.0
10109871PINHEIROM_2025-07-09_G39,10109871PINHEIROM,2025-07-09,107830,1,43,0,129.0
10109871PINHEIROM_2025-07-09_G40,10109871PINHEIROM,2025-07-09,111655,1,15,0,907.0
10109871PINHEIROM_2025-07-09_G41,10109871PINHEIROM,2025-07-09,111438,1,150,0,2249.0
10109871PINHEIROM_2025-07-09_G42,10109871PINHEIROM,2025-07-09,111182,1,160,0,1375.0
10109871PINHEIROM_2025-07-09_G43,10109871PINHEIROM,2025-07-09,117840,1,5,0,1670.0
10109871PINHEIROM_2025-07-09_G44,10109871PINHEIROM,2025-07-09,117830,1,210,0,780.0
10109871PINHEIROM_2025-07-09_G45,10109871PINHEIROM,2025-07-09,114092,1,4,0,152.0
10109871PINHEIROM_2025-07-09_G46,10109871PINHEIROM,2025-07-09,108798,1,10,0,153.0
10109871PINHEIROM_2025-07-09_G47,10109871PINHEIROM,2025-07-09,108711,1,9,0,126.0
10109871PINHEIROM_2025-07-09_G48,10109871PINHEIROM,2025-07-09,118330,1,10,0,141.0
10109871PINHEIROM_2025-07-10_G02,10109871PINHEIROM,2025-07-10,117787,1,50,0,499.0
10109871PINHEIROM_2025-07-10_G04,10109871PINHEIROM,2025-07-10,111569,1,6,0,1034.0
10109871PINHEIROM_2025-07-10_G05,10109871PINHEIROM,2025-07-10,105705,1,20,0,818.0
10109871PINHEIROM_2025-07-10_G06,10109871PINHEIROM,2025-07-10,111172,1,60,0,1314.0
10109871PINHEIROM_2025-07-10_G07,10109871PINHEIROM,2025-07-10,109641,1,11,0,275.0
10109871PINHEIROM_2025-07-10_G08,10109871PINHEIROM,2025-07-10,109645,1,24,0,2022.0
10109871PINHEIROM_2025-07-10_G09,10109871PINHEIROM,2025-07-10,110787,1,50,0,2344.0
10109871PINHEIROM_2025-07-10_G10,10109871PINHEIROM,2025-07-10,107236,1,30,0,261.0
10109871PINHEIROM_2025-07-11_G02,10109871PINHEIROM,2025-07-11,111438,1,12,0,401.0
10109871PINHEIROM_2025-07-11_G03,10109871PINHEIROM,2025-07-11,118094,1,2,0,161.0
10109871PINHEIROM_2025-07-11_G04,10109871PINHEIROM,2025-07-11,117786,1,2,0,100.0
10109871PINHEIROM_2025-07-11_G05,10109871PINHEIROM,2025-07-11,110515,1,2,0,97.0
10109871PINHEIROM_2025-07-11_G06,10109871PINHEIROM,2025-07-11,111467,1,2,0,174.0
10109871PINHEIROM_2025-07-11_G07,10109871PINHEIROM,2025-07-11,111182,1,4,0,148.0
10109871PINHEIROM_2025-07-11_G08,10109871PINHEIROM,2025-07-11,140922,1,1,0,82.0
10109871PINHEIROM_2025-07-11_G09,10109871PINHEIROM,2025-07-11,111462,1,4,0,68.0
10109871PINHEIROM_2025-07-11_G10,10109871PINHEIROM,2025-07-11,117821,1,3,0,95.0
10109871PINHEIROM_2025-07-11_G11,10109871PINHEIROM,2025-07-11,108711,1,2,0,174.0
10109871PINHEIROM_2025-07-11_G12,10109871PINHEIROM,2025-07-11,111418,1,6,0,108.0
10109871PINHEIROM_2025-07-11_G13,10109871PINHEIROM,2025-07-11,117785,1,2,0,85.0
10109871PINHEIROM_2025-07-11_G14,10109871PINHEIROM,2025-07-11,141823,1,4,0,92.0
10109871PINHEIROM_2025-07-11_G15,10109871PINHEIROM,2025-07-11,111466,1,4,0,73.0
10109871PINHEIROM_2025-07-11_G16,10109871PINHEIROM,2025-07-11,111469,1,4,0,86.0
10109871PINHEIROM_2025-07-11_G17,10109871PINHEIROM,2025-07-11,111569,1,9,0,433.0
10109871PINHEIROM_2025-07-11_G18,10109871PINHEIROM,2025-07-11,109643,1,2,0,288.0
10109871PINHEIROM_2025-07-11_G19,10109871PINHEIROM,2025-07-11,111430,1,2,0,1056.0
10109871PINHEIROM_2025-07-11_G20,10109871PINHEIROM,2025-07-11,100334,1,2,0,96.0
10109871PINHEIROM_2025-07-11_G21,10109871PINHEIROM,2025-07-11,111438,1,8,0,275.0
10109871PINHEIROM_2025-07-11_G22,10109871PINHEIROM,2025-07-11,111569,1,4,0,97.0
10109871PINHEIROM_2025-07-11_G23,10109871PINHEIROM,2025-07-11,118094,1,1,0,110.0
10109871PINHEIROM_2025-07-11_G24,10109871PINHEIROM,2025-07-11,117786,1,5,0,124.0
10109871PINHEIROM_2025-07-11_G25,10109871PINHEIROM,2025-07-11,110515,1,6,0,133.0
10109871PINHEIROM_2025-07-11_G26,10109871PINHEIROM,2025-07-11,141047,1,1,0,224.0
10109871PINHEIROM_2025-07-11_G27,10109871PINHEIROM,2025-07-11,108794,1,3,0,621.0
10109871PINHEIROM_2025-07-11_G28,10109871PINHEIROM,2025-07-11,140922,1,3,0,138.0
10109871PINHEIROM_2025-07-11_G29,10109871PINHEIROM,2025-07-11,117831,1,1,0,279.0
10109871PINHEIROM_2025-07-11_G30,10109871PINHEIROM,2025-07-11,111330,1,2,0,88.0
10109871PINHEIROM_2025-07-11_G31,10109871PINHEIROM,2025-07-11,117785,1,15,0,308.0
10109871PINHEIROM_2025-07-11_G32,10109871PINHEIROM,2025-07-11,111433,1,1,0,95.0
10109871PINHEIROM_2025-07-11_G33,10109871PINHEIROM,2025-07-11,141823,1,3,0,83.0
10109871PINHEIROM_2025-07-11_G34,10109871PINHEIROM,2025-07-11,110740,1,2,0,978.0
10109871PINHEIROM_2025-07-11_G35,10109871PINHEIROM,2025-07-11,111468,1,4,0,276.0
10109871PINHEIROM_2025-07-11_G36,10109871PINHEIROM,2025-07-11,111430,1,50,0,906.0
10109871PINHEIROM_2025-07-11_G37,10109871PINHEIROM,2025-07-11,111462,1,572,0,1566.0
10109871PINHEIROM_2025-07-11_G38,10109871PINHEIROM,2025-07-11,111466,1,480,0,1119.0
10109871PINHEIROM_2025-07-11_G40,10109871PINHEIROM,2025-07-11,110742,1,8,0,1232.0
10109871PINHEIROM_2025-07-11_G41,10109871PINHEIROM,2025-07-11,117834,1,18,0,246.0
10109871PINHEIROM_2025-07-11_G42,10109871PINHEIROM,2025-07-11,118306,1,12,0,764.0
10109871PINHEIROM_2025-07-11_G43,10109871PINHEIROM,2025-07-11,117835,1,12,0,317.0
10109871PINHEIROM_2025-07-11_G44,10109871PINHEIROM,2025-07-11,111441,1,8,0,134.0
10109871PINHEIROM_2025-07-11_G45,10109871PINHEIROM,2025-07-11,111438,1,14,0,142.0
10109871PINHEIROM_2025-07-11_G46,10109871PINHEIROM,2025-07-11,111569,1,11,0,587.0
10109871PINHEIROM_2025-07-11_G47,10109871PINHEIROM,2025-07-11,110747,1,8,0,509.0
10109871PINHEIROM_2025-07-11_G48,10109871PINHEIROM,2025-07-11,111850,1,4,0,154.0
10109871PINHEIROM_2025-07-11_G49,10109871PINHEIROM,2025-07-11,110373,1,100,0,485.0
10109871PINHEIROM_2025-07-11_G50,10109871PINHEIROM,2025-07-11,117822,1,10,0,431.0
10109871PINHEIROM_2025-07-11_G51,10109871PINHEIROM,2025-07-11,118283,1,22,0,1925.0
10109871PINHEIROM_2025-07-11_G52,10109871PINHEIROM,2025-07-11,118280,1,25,0,478.0
10109871PINHEIROM_2025-07-11_G53,10109871PINHEIROM,2025-07-11,114102,1,4,0,387.0
10109871PINHEIROM_2025-07-11_G54,10109871PINHEIROM,2025-07-11,118285,1,30,0,533.0
10109871PINHEIROM_2025-07-11_G55,10109871PINHEIROM,2025-07-11,118326,1,20,0,678.0
10109871PINHEIROM_2025-07-11_G56,10109871PINHEIROM,2025-07-11,114091,1,11,0,362.0
10109871PINHEIROM_2025-07-11_G57,10109871PINHEIROM,2025-07-11,118281,1,20,0,606.0
10109871PINHEIROM_2025-07-11_G58,10109871PINHEIROM,2025-07-11,114092,1,10,0,190.0
10109871PINHEIROM_2025-07-11_G59,10109871PINHEIROM,2025-07-11,114650,1,14,0,1236.0
10109871PINHEIROM_2025-07-12_G02,10109871PINHEIROM,2025-07-12,110581,1,8,0,176.0
10109871PINHEIROM_2025-07-12_G03,10109871PINHEIROM,2025-07-12,108772,1,20,0,402.0
10109871PINHEIROM_2025-07-12_G04,10109871PINHEIROM,2025-07-12,110374,1,60,0,814.0
10109871PINHEIROM_2025-07-12_G05,10109871PINHEIROM,2025-07-12,110372,1,100,0,363.0
10109871PINHEIROM_2025-07-12_G06,10109871PINHEIROM,2025-07-12,115775,1,8,0,822.0
10109871PINHEIROM_2025-07-12_G07,10109871PINHEIROM,2025-07-12,110582,1,14,0,1037.0
10109871PINHEIROM_2025-07-12_G08,10109871PINHEIROM,2025-07-12,109933,1,1,0,504.0
10109871PINHEIROM_2025-07-12_G09,10109871PINHEIROM,2025-07-12,118094,1,4,0,2279.0
10109871PINHEIROM_2025-07-12_G10,10109871PINHEIROM,2025-07-12,111876,1,4,0,170.0
10109871PINHEIROM_2025-07-12_G11,10109871PINHEIROM,2025-07-12,117786,1,30,0,625.0
10109871PINHEIROM_2025-07-12_G12,10109871PINHEIROM,2025-07-12,117837,1,12,0,209.0
10109871PINHEIROM_2025-07-12_G13,10109871PINHEIROM,2025-07-12,117853,4,12,19,109.0
10109871PINHEIROM_2025-07-12_G14,10109871PINHEIROM,2025-07-12,141047,1,8,0,436.0
10109871PINHEIROM_2025-07-12_G15,10109871PINHEIROM,2025-07-12,111602,1,22,0,389.0
10109871PINHEIROM_2025-07-12_G16,10109871PINHEIROM,2025-07-12,108772,1,4,0,114.0
10109871PINHEIROM_2025-07-12_G17,10109871PINHEIROM,2025-07-12,117856,1,6,0,382.0
10109871PINHEIROM_2025-07-12_G18,10109871PINHEIROM,2025-07-12,118222,1,22,0,324.0
10109871PINHEIROM_2025-07-12_G19,10109871PINHEIROM,2025-07-12,118290,1,5,0,317.0
10109871PINHEIROM_2025-07-12_G20,10109871PINHEIROM,2025-07-12,110742,1,14,0,204.0
10109871PINHEIROM_2025-07-12_G21,10109871PINHEIROM,2025-07-12,110747,1,2,0,76.0
10109871PINHEIROM_2025-07-12_G22,10109871PINHEIROM,2025-07-12,111569,1,16,0,379.0
10109871PINHEIROM_2025-07-12_G24,10109871PINHEIROM,2025-07-12,111430,1,50,0,803.0
10109871PINHEIROM_2025-07-12_G25,10109871PINHEIROM,2025-07-12,109641,1,10,0,307.0
10109871PINHEIROM_2025-07-12_G26,10109871PINHEIROM,2025-07-12,118299,1,150,0,2586.0
10109871PINHEIROM_2025-07-14_G02,10109871PINHEIROM,2025-07-14,117808,1,10,0,75.0
10109871PINHEIROM_2025-07-14_G03,10109871PINHEIROM,2025-07-14,117830,1,4,0,1213.0
10109871PINHEIROM_2025-07-14_G04,10109871PINHEIROM,2025-07-14,117820,1,2,0,152.0
10109871PINHEIROM_2025-07-14_G05,10109871PINHEIROM,2025-07-14,110373,1,2,0,222.0
10109871PINHEIROM_2025-07-14_G06,10109871PINHEIROM,2025-07-14,111466,1,2,0,291.0
10109871PINHEIROM_2025-07-14_G07,10109871PINHEIROM,2025-07-14,140922,1,4,0,282.0
10109871PINHEIROM_2025-07-14_G08,10109871PINHEIROM,2025-07-14,116241,1,7,0,2196.0
10109871PINHEIROM_2025-07-14_G09,10109871PINHEIROM,2025-07-14,117935,1,2,0,466.0
10109871PINHEIROM_2025-07-14_G10,10109871PINHEIROM,2025-07-14,118290,1,1,0,264.0
10109871PINHEIROM_2025-07-14_G11,10109871PINHEIROM,2025-07-14,111463,1,7,0,1127.0
10109871PINHEIROM_2025-07-14_G12,10109871PINHEIROM,2025-07-14,111532,1,6,0,189.0
10109871PINHEIROM_2025-07-14_G13,10109871PINHEIROM,2025-07-14,110313,1,2,0,158.0
10109871PINHEIROM_2025-07-14_G14,10109871PINHEIROM,2025-07-14,117935,1,4,0,127.0
10109871PINHEIROM_2025-07-14_G15,10109871PINHEIROM,2025-07-14,111532,1,3,0,314.0
10109871PINHEIROM_2025-07-14_G16,10109871PINHEIROM,2025-07-14,110787,1,9,0,186.0
10109871PINHEIROM_2025-07-14_G17,10109871PINHEIROM,2025-07-14,111602,1,4,0,296.0
10109871PINHEIROM_2025-07-14_G18,10109871PINHEIROM,2025-07-14,117935,1,4,0,652.0
10109871PINHEIROM_2025-07-14_G19,10109871PINHEIROM,2025-07-14,111532,1,8,0,233.0
10109871PINHEIROM_2025-07-14_G20,10109871PINHEIROM,2025-07-14,110787,1,3,0,151.0
10109871PINHEIROM_2025-07-14_G21,10109871PINHEIROM,2025-07-14,110313,1,2,0,162.0
10109871PINHEIROM_2025-07-14_G22,10109871PINHEIROM,2025-07-14,117935,1,3,0,103.0
10109871PINHEIROM_2025-07-14_G23,10109871PINHEIROM,2025-07-14,110787,1,4,0,984.0
10109871PINHEIROM_2025-07-14_G24,10109871PINHEIROM,2025-07-14,111532,1,9,0,210.0
10109871PINHEIROM_2025-07-14_G26,10109871PINHEIROM,2025-07-14,140922,1,2,0,99.0
10109871PINHEIROM_2025-07-14_G27,10109871PINHEIROM,2025-07-14,111532,1,11,0,195.0
10109871PINHEIROM_2025-07-14_G28,10109871PINHEIROM,2025-07-14,109645,1,1,0,85.0
10109871PINHEIROM_2025-07-14_G29,10109871PINHEIROM,2025-07-14,111330,1,1,0,60.0
10109871PINHEIROM_2025-07-14_G30,10109871PINHEIROM,2025-07-14,118317,1,2,0,91.0
10109871PINHEIROM_2025-07-14_G31,10109871PINHEIROM,2025-07-14,110515,1,3,0,380.0
10109871PINHEIROM_2025-07-14_G32,10109871PINHEIROM,2025-07-14,117853,1,2,0,147.0
10109871PINHEIROM_2025-07-14_G33,10109871PINHEIROM,2025-07-14,141047,1,1,0,221.0
10109871PINHEIROM_2025-07-14_G34,10109871PINHEIROM,2025-07-14,110313,1,2,0,130.0
10109871PINHEIROM_2025-07-14_G35,10109871PINHEIROM,2025-07-14,117856,1,3,0,82.0
10109871PINHEIROM_2025-07-14_G36,10109871PINHEIROM,2025-07-14,110752,1,4,0,235.0
10109871PINHEIROM_2025-07-14_G37,10109871PINHEIROM,2025-07-14,111441,1,13,0,304.0
10109871PINHEIROM_2025-07-14_G38,10109871PINHEIROM,2025-07-14,111438,1,7,0,286.0
10109871PINHEIROM_2025-07-14_G39,10109871PINHEIROM,2025-07-14,111569,1,2,0,68.0
10109871PINHEIROM_2025-07-14_G40,10109871PINHEIROM,2025-07-14,107892,1,2,0,122.0
10109871PINHEIROM_2025-07-14_G41,10109871PINHEIROM,2025-07-14,111602,1,4,0,548.0
10109871PINHEIROM_2025-07-14_G42,10109871PINHEIROM,2025-07-14,140922,1,2,0,292.0
10109871PINHEIROM_2025-07-14_G43,10109871PINHEIROM,2025-07-14,110740,1,2,0,148.0
10109871PINHEIROM_2025-07-14_G44,10109871PINHEIROM,2025-07-14,111602,1,4,0,728.0
10109871PINHEIROM_2025-07-14_G45,10109871PINHEIROM,2025-07-14,110313,1,2,0,92.0
10109871PINHEIROM_2025-07-14_G46,10109871PINHEIROM,2025-07-14,117856,1,3,0,41.0
10109871PINHEIROM_2025-07-14_G47,10109871PINHEIROM,2025-07-14,111441,1,1,0,385.0
10109871PINHEIROM_2025-07-14_G48,10109871PINHEIROM,2025-07-14,110787,1,2,0,2057.0
10109871PINHEIROM_2025-07-14_G49,10109871PINHEIROM,2025-07-14,140911,1,4,0,250.0
10109871PINHEIROM_2025-07-14_G50,10109871PINHEIROM,2025-07-14,117809,1,9,0,2148.0
10109871PINHEIROM_2025-07-14_G51,10109871PINHEIROM,2025-07-14,118299,1,64,0,662.0
10109871PINHEIROM_2025-07-14_G52,10109871PINHEIROM,2025-07-14,109643,1,16,0,255.0
10109871PINHEIROM_2025-07-14_G53,10109871PINHEIROM,2025-07-14,117808,1,93,0,289.0
10109871PINHEIROM_2025-07-14_G54,10109871PINHEIROM,2025-07-14,110374,2,8,10,242.0
10109871PINHEIROM_2025-07-14_G55,10109871PINHEIROM,2025-07-14,110372,1,22,0,230.0
10109871PINHEIROM_2025-07-14_G56,10109871PINHEIROM,2025-07-14,110376,1,3,0,138.0
10109871PINHEIROM_2025-07-14_G57,10109871PINHEIROM,2025-07-14,110373,1,10,0,747.0
10109871PINHEIROM_2025-07-15_G02,10109871PINHEIROM,2025-07-15,118094,1,21,0,341.0
10109871PINHEIROM_2025-07-15_G03,10109871PINHEIROM,2025-07-15,117853,1,4,0,251.0
10109871PINHEIROM_2025-07-15_G04,10109871PINHEIROM,2025-07-15,110711,1,27,0,581.0
10109871PINHEIROM_2025-07-15_G05,10109871PINHEIROM,2025-07-15,108772,1,1,0,90.0
10109871PINHEIROM_2025-07-15_G06,10109871PINHEIROM,2025-07-15,117840,1,8,0,356.0
10109871PINHEIROM_2025-07-15_G07,10109871PINHEIROM,2025-07-15,111438,1,13,0,456.0
10109871PINHEIROM_2025-07-15_G08,10109871PINHEIROM,2025-07-15,118222,1,200,0,2488.0
10109871PINHEIROM_2025-07-15_G09,10109871PINHEIROM,2025-07-15,105705,1,13,0,1743.0
10109871PINHEIROM_2025-07-15_G10,10109871PINHEIROM,2025-07-15,108794,1,53,0,445.0
10109871PINHEIROM_2025-07-15_G11,10109871PINHEIROM,2025-07-15,160055,1,30,0,977.0
10109871PINHEIROM_2025-07-15_G12,10109871PINHEIROM,2025-07-15,117833,1,75,0,781.0
10109871PINHEIROM_2025-07-15_G14,10109871PINHEIROM,2025-07-15,111465,1,80,0,283.0
10109871PINHEIROM_2025-07-15_G15,10109871PINHEIROM,2025-07-15,110325,1,160,0,2578.0
10109871PINHEIROM_2025-07-15_G16,10109871PINHEIROM,2025-07-15,110756,1,4,0,1419.0
10109871PINHEIROM_2025-07-15_G17,10109871PINHEIROM,2025-07-15,117854,1,2,0,112.0
10109871PINHEIROM_2025-07-15_G18,10109871PINHEIROM,2025-07-15,110580,1,3,0,107.0
10109871PINHEIROM_2025-07-15_G19,10109871PINHEIROM,2025-07-15,117786,1,100,0,631.0
10109871PINHEIROM_2025-07-15_G20,10109871PINHEIROM,2025-07-15,117855,1,5,0,182.0
10109871PINHEIROM_2025-07-15_G21,10109871PINHEIROM,2025-07-15,110313,1,20,0,354.0
10109871PINHEIROM_2025-07-15_G22,10109871PINHEIROM,2025-07-15,109643,1,80,0,315.0
10109871PINHEIROM_2025-07-15_G23,10109871PINHEIROM,2025-07-15,160051,1,2,0,143.0
10109871PINHEIROM_2025-07-16_G02,10109871PINHEIROM,2025-07-16,108798,1,16,0,243.0
10109871PINHEIROM_2025-07-16_G03,10109871PINHEIROM,2025-07-16,111463,1,16,0,640.0
10109871PINHEIROM_2025-07-16_G04,10109871PINHEIROM,2025-07-16,111441,1,1,0,1064.0
10109871PINHEIROM_2025-07-16_G05,10109871PINHEIROM,2025-07-16,117854,1,4,0,157.0
10109871PINHEIROM_2025-07-16_G06,10109871PINHEIROM,2025-07-16,117786,1,4,0,171.0
10109871PINHEIROM_2025-07-16_G07,10109871PINHEIROM,2025-07-16,110313,1,2,0,89.0
10109871PINHEIROM_2025-07-16_G08,10109871PINHEIROM,2025-07-16,117856,1,2,0,135.0
10109871PINHEIROM_2025-07-16_G09,10109871PINHEIROM,2025-07-16,111172,1,4,0,171.0
10109871PINHEIROM_2025-07-16_G10,10109871PINHEIROM,2025-07-16,108795,1,4,0,165.0
10109871PINHEIROM_2025-07-16_G11,10109871PINHEIROM,2025-07-16,108711,1,2,0,93.0
10109871PINHEIROM_2025-07-16_G12,10109871PINHEIROM,2025-07-16,117785,1,2,0,113.0
10109871PINHEIROM_2025-07-16_G13,10109871PINHEIROM,2025-07-16,110740,1,2,0,95.0
10109871PINHEIROM_2025-07-16_G14,10109871PINHEIROM,2025-07-16,109643,1,4,0,208.0
10109871PINHEIROM_2025-07-16_G15,10109871PINHEIROM,2025-07-16,117830,1,4,0,76.0
10109871PINHEIROM_2025-07-16_G16,10109871PINHEIROM,2025-07-16,118299,1,8,0,79.0
10109871PINHEIROM_2025-07-16_G17,10109871PINHEIROM,2025-07-16,110372,1,8,0,134.0
10109871PINHEIROM_2025-07-16_G18,10109871PINHEIROM,2025-07-16,141202,1,1,0,112.0
10109871PINHEIROM_2025-07-16_G19,10109871PINHEIROM,2025-07-16,110373,1,7,0,139.0
10109871PINHEIROM_2025-07-16_G20,10109871PINHEIROM,2025-07-16,118094,1,1,0,1277.0
10109871PINHEIROM_2025-07-16_G21,10109871PINHEIROM,2025-07-16,117786,1,2,0,70.0
10109871PINHEIROM_2025-07-16_G22,10109871PINHEIROM,2025-07-16,111462,1,3,0,99.0
10109871PINHEIROM_2025-07-16_G23,10109871PINHEIROM,2025-07-16,117821,1,3,0,75.0
10109871PINHEIROM_2025-07-16_G24,10109871PINHEIROM,2025-07-16,111418,1,24,0,248.0
10109871PINHEIROM_2025-07-16_G25,10109871PINHEIROM,2025-07-16,117785,1,1,0,143.0
10109871PINHEIROM_2025-07-16_G26,10109871PINHEIROM,2025-07-16,141823,1,2,0,153.0
10109871PINHEIROM_2025-07-16_G27,10109871PINHEIROM,2025-07-16,111465,1,5,0,112.0
10109871PINHEIROM_2025-07-16_G28,10109871PINHEIROM,2025-07-16,118416,1,3,0,1009.0
10109871PINHEIROM_2025-07-16_G29,10109871PINHEIROM,2025-07-16,110339,1,14,0,251.0
10109871PINHEIROM_2025-07-16_G30,10109871PINHEIROM,2025-07-16,118298,1,21,0,1061.0
10109871PINHEIROM_2025-07-16_G31,10109871PINHEIROM,2025-07-16,111172,1,20,0,631.0
10109871PINHEIROM_2025-07-16_G32,10109871PINHEIROM,2025-07-16,111182,1,8,0,309.0
10109871PINHEIROM_2025-07-16_G34,10109871PINHEIROM,2025-07-16,111418,1,100,0,884.0
10109871PINHEIROM_2025-07-16_G35,10109871PINHEIROM,2025-07-16,118326,1,8,0,285.0
10109871PINHEIROM_2025-07-16_G36,10109871PINHEIROM,2025-07-16,108711,1,60,0,590.0
10109871PINHEIROM_2025-07-16_G37,10109871PINHEIROM,2025-07-16,115817,1,5,0,85.0
10109871PINHEIROM_2025-07-16_G38,10109871PINHEIROM,2025-07-16,117831,1,60,0,1297.0
10109871PINHEIROM_2025-07-16_G39,10109871PINHEIROM,2025-07-16,118330,1,20,0,707.0
10109871PINHEIROM_2025-07-16_G40,10109871PINHEIROM,2025-07-16,111465,1,20,0,243.0
10109871PINHEIROM_2025-07-16_G41,10109871PINHEIROM,2025-07-16,110332,1,3,0,118.0
10109871PINHEIROM_2025-07-16_G42,10109871PINHEIROM,2025-07-16,117862,1,40,0,1243.0
10109871PINHEIROM_2025-07-16_G43,10109871PINHEIROM,2025-07-16,110515,1,60,0,395.0
10109871PINHEIROM_2025-07-16_G44,10109871PINHEIROM,2025-07-16,109645,1,40,0,392.0
10109871PINHEIROM_2025-07-16_G45,10109871PINHEIROM,2025-07-16,140922,1,20,0,539.0
10109871PINHEIROM_2025-07-17_G02,10109871PINHEIROM,2025-07-17,110325,1,8,0,317.0
10109871PINHEIROM_2025-07-17_G03,10109871PINHEIROM,2025-07-17,109643,1,2,0,79.0
10109871PINHEIROM_2025-07-17_G04,10109871PINHEIROM,2025-07-17,117830,1,8,0,675.0
10109871PINHEIROM_2025-07-17_G05,10109871PINHEIROM,2025-07-17,110374,1,4,0,182.0
10109871PINHEIROM_2025-07-17_G06,10109871PINHEIROM,2025-07-17,110372,1,9,0,91.0
10109871PINHEIROM_2025-07-17_G07,10109871PINHEIROM,2025-07-17,118299,1,9,0,241.0
10109871PINHEIROM_2025-07-17_G09,10109871PINHEIROM,2025-07-17,108794,1,30,0,473.0
10109871PINHEIROM_2025-07-17_G10,10109871PINHEIROM,2025-07-17,111462,1,40,0,765.0
10109871PINHEIROM_2025-07-17_G11,10109871PINHEIROM,2025-07-17,111743,1,10,0,359.0
10109871PINHEIROM_2025-07-17_G12,10109871PINHEIROM,2025-07-17,117821,1,30,0,215.0
10109871PINHEIROM_2025-07-17_G13,10109871PINHEIROM,2025-07-17,108798,1,10,0,179.0
10109871PINHEIROM_2025-07-17_G14,10109871PINHEIROM,2025-07-17,108711,1,20,0,361.0
10109871PINHEIROM_2025-07-17_G15,10109871PINHEIROM,2025-07-17,117831,1,60,0,667.0
10109871PINHEIROM_2025-07-17_G16,10109871PINHEIROM,2025-07-17,111469,1,20,0,173.0
10109871PINHEIROM_2025-07-17_G17,10109871PINHEIROM,2025-07-17,110740,1,20,0,364.0
10109871PINHEIROM_2025-07-17_G18,10109871PINHEIROM,2025-07-17,107236,1,10,0,163.0
10109871PINHEIROM_2025-07-17_G19,10109871PINHEIROM,2025-07-17,111468,1,40,0,357.0
10109871PINHEIROM_2025-07-17_G20,10109871PINHEIROM,2025-07-17,111172,1,20,0,673.0
10109871PINHEIROM_2025-07-17_G21,10109871PINHEIROM,2025-07-17,141823,1,10,0,741.0
10109871PINHEIROM_2025-07-17_G23,10109871PINHEIROM,2025-07-17,117820,1,200,0,1355.0
10109871PINHEIROM_2025-07-18_G02,10109871PINHEIROM,2025-07-18,111418,1,4,0,153.0
10109871PINHEIROM_2025-07-18_G03,10109871PINHEIROM,2025-07-18,110371,1,8,0,220.0
10109871PINHEIROM_2025-07-18_G04,10109871PINHEIROM,2025-07-18,117808,1,9,0,133.0
10109871PINHEIROM_2025-07-18_G05,10109871PINHEIROM,2025-07-18,110372,1,4,0,220.0
10109871PINHEIROM_2025-07-18_G06,10109871PINHEIROM,2025-07-18,110373,1,12,0,184.0
10109871PINHEIROM_2025-07-18_G07,10109871PINHEIROM,2025-07-18,117820,1,20,0,1016.0
10109871PINHEIROM_2025-07-18_G08,10109871PINHEIROM,2025-07-18,117808,1,151,0,1174.0
10109871PINHEIROM_2025-07-18_G09,10109871PINHEIROM,2025-07-18,111469,1,28,0,970.0
10109871PINHEIROM_2025-07-18_G10,10109871PINHEIROM,2025-07-18,110742,1,4,0,1315.0
10109871PINHEIROM_2025-07-18_G11,10109871PINHEIROM,2025-07-18,117820,1,11,0,426.0
10109871PINHEIROM_2025-07-18_G12,10109871PINHEIROM,2025-07-18,117820,1,6,0,156.0
10109871PINHEIROM_2025-07-18_G13,10109871PINHEIROM,2025-07-18,117820,2,25,5,277.0
10109871PINHEIROM_2025-07-18_G14,10109871PINHEIROM,2025-07-18,118140,1,3,0,334.0
10109871PINHEIROM_2025-07-18_G15,10109871PINHEIROM,2025-07-18,111462,1,4,0,96.0
10109871PINHEIROM_2025-07-18_G16,10109871PINHEIROM,2025-07-18,111532,1,2,0,102.0
10109871PINHEIROM_2025-07-18_G17,10109871PINHEIROM,2025-07-18,111418,1,4,0,105.0
10109871PINHEIROM_2025-07-18_G18,10109871PINHEIROM,2025-07-18,108711,1,1,0,46.0
10109871PINHEIROM_2025-07-18_G19,10109871PINHEIROM,2025-07-18,111442,1,4,0,121.0
10109871PINHEIROM_2025-07-18_G20,10109871PINHEIROM,2025-07-18,110371,1,6,0,106.0
10109871PINHEIROM_2025-07-18_G21,10109871PINHEIROM,2025-07-18,110372,1,7,0,132.0
10109871PINHEIROM_2025-07-18_G22,10109871PINHEIROM,2025-07-18,117808,1,80,0,571.0
10109871PINHEIROM_2025-07-18_G23,10109871PINHEIROM,2025-07-18,117820,1,66,0,950.0
10109871PINHEIROM_2025-07-18_G24,10109871PINHEIROM,2025-07-18,118140,1,120,0,1919.0
10109871PINHEIROM_2025-07-18_G26,10109871PINHEIROM,2025-07-18,118140,1,4,0,163.0
10109871PINHEIROM_2025-07-18_G27,10109871PINHEIROM,2025-07-18,117833,1,2,0,245.0
10109871PINHEIROM_2025-07-18_G28,10109871PINHEIROM,2025-07-18,108798,1,2,0,91.0
10109871PINHEIROM_2025-07-18_G29,10109871PINHEIROM,2025-07-18,111418,1,12,0,164.0
10109871PINHEIROM_2025-07-18_G30,10109871PINHEIROM,2025-07-18,111330,1,4,0,103.0
10109871PINHEIROM_2025-07-18_G31,10109871PINHEIROM,2025-07-18,117831,1,34,0,375.0
10109871PINHEIROM_2025-07-18_G32,10109871PINHEIROM,2025-07-18,111469,1,18,0,2049.0
10109871PINHEIROM_2025-07-18_G33,10109871PINHEIROM,2025-07-18,108794,1,34,0,915.0
10109871PINHEIROM_2025-07-18_G34,10109871PINHEIROM,2025-07-18,111462,1,26,0,557.0
10109871PINHEIROM_2025-07-18_G35,10109871PINHEIROM,2025-07-18,111466,1,42,0,1210.0
10109871PINHEIROM_2025-07-19_G02,10109871PINHEIROM,2025-07-19,111462,1,40,0,255.0
10109871PINHEIROM_2025-07-19_G03,10109871PINHEIROM,2025-07-19,117821,1,8,0,282.0
10109871PINHEIROM_2025-07-19_G04,10109871PINHEIROM,2025-07-19,109645,1,4,0,223.0
10109871PINHEIROM_2025-07-19_G05,10109871PINHEIROM,2025-07-19,118140,1,52,0,583.0
10109871PINHEIROM_2025-07-19_G06,10109871PINHEIROM,2025-07-19,110748,1,4,0,525.0
10109871PINHEIROM_2025-07-19_G07,10109871PINHEIROM,2025-07-19,108711,1,8,0,135.0
10109871PINHEIROM_2025-07-19_G08,10109871PINHEIROM,2025-07-19,111444,1,8,0,150.0
10109871PINHEIROM_2025-07-19_G09,10109871PINHEIROM,2025-07-19,111466,1,40,0,510.0
10109871PINHEIROM_2025-07-19_G10,10109871PINHEIROM,2025-07-19,107236,1,8,0,74.0
10109871PINHEIROM_2025-07-19_G11,10109871PINHEIROM,2025-07-19,111463,1,20,0,687.0
10109871PINHEIROM_2025-07-19_G12,10109871PINHEIROM,2025-07-19,118317,1,8,0,508.0
10109871PINHEIROM_2025-07-19_G13,10109871PINHEIROM,2025-07-19,110373,1,150,0,2458.0
10109871PINHEIROM_2025-07-19_G14,10109871PINHEIROM,2025-07-19,118299,1,250,0,1058.0
10109871PINHEIROM_2025-07-19_G15,10109871PINHEIROM,2025-07-19,110747,1,6,0,2489.0
10109871PINHEIROM_2025-07-19_G16,10109871PINHEIROM,2025-07-19,111438,1,6,0,309.0
10109871PINHEIROM_2025-07-19_G17,10109871PINHEIROM,2025-07-19,111441,1,6,0,708.0
10109871PINHEIROM_2025-07-19_G18,10109871PINHEIROM,2025-07-19,111569,1,4,0,102.0
10109871PINHEIROM_2025-07-19_G20,10109871PINHEIROM,2025-07-19,111441,1,5,0,483.0
10109871PINHEIROM_2025-07-19_G21,10109871PINHEIROM,2025-07-19,108770,1,2,0,113.0
10109871PINHEIROM_2025-07-19_G22,10109871PINHEIROM,2025-07-19,107892,1,2,0,63.0
10109871PINHEIROM_2025-07-19_G23,10109871PINHEIROM,2025-07-19,111602,1,2,0,341.0
10109871PINHEIROM_2025-07-19_G24,10109871PINHEIROM,2025-07-19,111463,1,3,0,250.0
10109871PINHEIROM_2025-07-19_G25,10109871PINHEIROM,2025-07-19,110371,1,1,0,153.0
10109871PINHEIROM_2025-07-19_G26,10109871PINHEIROM,2025-07-19,117820,1,62,0,616.0
10109871PINHEIROM_2025-07-19_G27,10109871PINHEIROM,2025-07-19,118222,1,16,0,376.0
10109871PINHEIROM_2025-07-19_G28,10109871PINHEIROM,2025-07-19,111438,1,11,0,2437.0
10109871PINHEIROM_2025-07-19_G29,10109871PINHEIROM,2025-07-19,118094,1,1,0,93.0
10109871PINHEIROM_2025-07-19_G30,10109871PINHEIROM,2025-07-19,117862,1,8,0,150.0
10109871PINHEIROM_2025-07-19_G31,10109871PINHEIROM,2025-07-19,110372,1,12,0,130.0
10109871PINHEIROM_2025-07-19_G32,10109871PINHEIROM,2025-07-19,110374,1,3,0,143.0
10109871PINHEIROM_2025-07-21_G02,10109871PINHEIROM,2025-07-21,109933,1,4,0,100.0
10109871PINHEIROM_2025-07-21_G03,10109871PINHEIROM,2025-07-21,106860,1,1,0,176.0
10109871PINHEIROM_2025-07-21_G04,10109871PINHEIROM,2025-07-21,109649,1,1,0,1307.0
10109871PINHEIROM_2025-07-21_G05,10109871PINHEIROM,2025-07-21,109649,1,2,0,41.0
10109871PINHEIROM_2025-07-21_G07,10109871PINHEIROM,2025-07-21,111172,1,2,0,772.0
10109871PINHEIROM_2025-07-21_G08,10109871PINHEIROM,2025-07-21,111443,1,4,0,325.0
10109871PINHEIROM_2025-07-21_G09,10109871PINHEIROM,2025-07-21,111182,1,4,0,68.0
10109871PINHEIROM_2025-07-21_G10,10109871PINHEIROM,2025-07-21,111462,1,13,0,161.0
10109871PINHEIROM_2025-07-21_G11,10109871PINHEIROM,2025-07-21,111743,1,1,0,84.0
10109871PINHEIROM_2025-07-21_G12,10109871PINHEIROM,2025-07-21,117833,1,6,0,152.0
10109871PINHEIROM_2025-07-21_G13,10109871PINHEIROM,2025-07-21,108798,1,4,0,61.0
10109871PINHEIROM_2025-07-21_G14,10109871PINHEIROM,2025-07-21,109645,1,20,0,495.0
10109871PINHEIROM_2025-07-21_G15,10109871PINHEIROM,2025-07-21,111418,1,26,0,355.0
10109871PINHEIROM_2025-07-21_G16,10109871PINHEIROM,2025-07-21,118140,1,23,0,622.0
10109871PINHEIROM_2025-07-21_G17,10109871PINHEIROM,2025-07-21,110748,1,4,0,197.0
10109871PINHEIROM_2025-07-21_G18,10109871PINHEIROM,2025-07-21,111330,1,12,0,187.0
10109871PINHEIROM_2025-07-21_G19,10109871PINHEIROM,2025-07-21,111465,1,4,0,217.0
10109871PINHEIROM_2025-07-21_G20,10109871PINHEIROM,2025-07-21,111468,1,42,0,614.0
10109871PINHEIROM_2025-07-21_G21,10109871PINHEIROM,2025-07-21,117787,1,10,0,242.0
10109871PINHEIROM_2025-07-21_G22,10109871PINHEIROM,2025-07-21,117785,1,4,0,54.0
10109871PINHEIROM_2025-07-21_G23,10109871PINHEIROM,2025-07-21,111433,1,8,0,73.0
10109871PINHEIROM_2025-07-21_G24,10109871PINHEIROM,2025-07-21,111442,1,16,0,1010.0
10109871PINHEIROM_2025-07-21_G25,10109871PINHEIROM,2025-07-21,110740,1,12,0,175.0
10109871PINHEIROM_2025-07-21_G26,10109871PINHEIROM,2025-07-21,111348,1,8,0,352.0
10109871PINHEIROM_2025-07-21_G27,10109871PINHEIROM,2025-07-21,111463,1,30,0,459.0
10109871PINHEIROM_2025-07-21_G28,10109871PINHEIROM,2025-07-21,118222,1,2,0,1091.0
10109871PINHEIROM_2025-07-21_G29,10109871PINHEIROM,2025-07-21,110755,1,4,0,150.0
10109871PINHEIROM_2025-07-21_G30,10109871PINHEIROM,2025-07-21,110747,1,2,0,70.0
10109871PINHEIROM_2025-07-22_G02,10109871PINHEIROM,2025-07-22,111438,1,4,0,450.0
10109871PINHEIROM_2025-07-22_G03,10109871PINHEIROM,2025-07-22,118094,1,1,0,84.0
10109871PINHEIROM_2025-07-22_G04,10109871PINHEIROM,2025-07-22,117855,2,5,7,217.0
10109871PINHEIROM_2025-07-22_G05,10109871PINHEIROM,2025-07-22,111530,1,5,0,279.0
10109871PINHEIROM_2025-07-22_G06,10109871PINHEIROM,2025-07-22,111532,1,6,0,229.0
10109871PINHEIROM_2025-07-22_G07,10109871PINHEIROM,2025-07-22,118140,1,9,0,177.0
10109871PINHEIROM_2025-07-22_G08,10109871PINHEIROM,2025-07-22,141823,1,1,0,80.0
10109871PINHEIROM_2025-07-22_G09,10109871PINHEIROM,2025-07-22,111466,1,3,0,226.0
10109871PINHEIROM_2025-07-22_G10,10109871PINHEIROM,2025-07-22,117830,1,1,0,143.0
10109871PINHEIROM_2025-07-22_G11,10109871PINHEIROM,2025-07-22,110373,1,13,0,314.0
10109871PINHEIROM_2025-07-22_G12,10109871PINHEIROM,2025-07-22,110374,1,8,0,127.0
10109871PINHEIROM_2025-07-22_G13,10109871PINHEIROM,2025-07-22,117808,2,21,7,132.0
10109871PINHEIROM_2025-07-22_G14,10109871PINHEIROM,2025-07-22,110372,1,25,0,1128.0
10109871PINHEIROM_2025-07-22_G15,10109871PINHEIROM,2025-07-22,111462,1,7,0,570.0
10109871PINHEIROM_2025-07-22_G16,10109871PINHEIROM,2025-07-22,117862,1,12,0,341.0
10109871PINHEIROM_2025-07-22_G17,10109871PINHEIROM,2025-07-22,109643,1,6,0,125.0
10109871PINHEIROM_2025-07-22_G18,10109871PINHEIROM,2025-07-22,117855,1,1,0,293.0
10109871PINHEIROM_2025-07-22_G19,10109871PINHEIROM,2025-07-22,111463,1,6,0,867.0
10109871PINHEIROM_2025-07-22_G20,10109871PINHEIROM,2025-07-22,118094,1,7,0,494.0
10109871PINHEIROM_2025-07-22_G21,10109871PINHEIROM,2025-07-22,117786,1,5,0,104.0
10109871PINHEIROM_2025-07-22_G22,10109871PINHEIROM,2025-07-22,117862,1,5,0,243.0
10109871PINHEIROM_2025-07-22_G23,10109871PINHEIROM,2025-07-22,117855,1,2,0,145.0
10109871PINHEIROM_2025-07-22_G24,10109871PINHEIROM,2025-07-22,111530,1,4,0,194.0
10109871PINHEIROM_2025-07-22_G25,10109871PINHEIROM,2025-07-22,111462,1,4,0,298.0
10109871PINHEIROM_2025-07-22_G26,10109871PINHEIROM,2025-07-22,118140,1,4,0,123.0
10109871PINHEIROM_2025-07-22_G27,10109871PINHEIROM,2025-07-22,111433,1,1,0,122.0
10109871PINHEIROM_2025-07-22_G28,10109871PINHEIROM,2025-07-22,141823,1,4,0,1442.0
10109871PINHEIROM_2025-07-22_G29,10109871PINHEIROM,2025-07-22,111466,1,4,0,105.0
10109871PINHEIROM_2025-07-22_G30,10109871PINHEIROM,2025-07-22,111463,1,6,0,887.0
10109871PINHEIROM_2025-07-22_G32,10109871PINHEIROM,2025-07-22,110515,1,4,0,101.0
10109871PINHEIROM_2025-07-22_G33,10109871PINHEIROM,2025-07-22,117856,1,4,0,111.0
10109871PINHEIROM_2025-07-22_G34,10109871PINHEIROM,2025-07-22,110372,1,8,0,2053.0
10109871PINHEIROM_2025-07-22_G35,10109871PINHEIROM,2025-07-22,117820,1,2,0,103.0
10109871PINHEIROM_2025-07-22_G36,10109871PINHEIROM,2025-07-22,117808,1,16,0,60.0
10109871PINHEIROM_2025-07-22_G37,10109871PINHEIROM,2025-07-22,110742,1,18,0,2533.0
10109871PINHEIROM_2025-07-22_G38,10109871PINHEIROM,2025-07-22,118306,1,1,0,132.0
10109871PINHEIROM_2025-07-22_G39,10109871PINHEIROM,2025-07-22,110741,1,7,0,137.0
10109871PINHEIROM_2025-07-22_G40,10109871PINHEIROM,2025-07-22,118094,1,31,0,405.0
10109871PINHEIROM_2025-07-22_G41,10109871PINHEIROM,2025-07-22,141047,1,42,0,651.0
10109871PINHEIROM_2025-07-22_G42,10109871PINHEIROM,2025-07-22,110515,1,9,0,1123.0
10109871PINHEIROM_2025-07-22_G43,10109871PINHEIROM,2025-07-22,108772,1,8,0,245.0
10109871PINHEIROM_2025-07-22_G44,10109871PINHEIROM,2025-07-22,109643,1,6,0,332.0
10109871PINHEIROM_2025-07-22_G45,10109871PINHEIROM,2025-07-22,110374,1,66,0,204.0
10109871PINHEIROM_2025-07-23_G02,10109871PINHEIROM,2025-07-23,118299,1,20,0,279.0
10109871PINHEIROM_2025-07-23_G03,10109871PINHEIROM,2025-07-23,110372,1,10,0,154.0
10109871PINHEIROM_2025-07-23_G04,10109871PINHEIROM,2025-07-23,111466,1,20,0,204.0
10109871PINHEIROM_2025-07-23_G05,10109871PINHEIROM,2025-07-23,117808,1,20,0,1770.0
10109871PINHEIROM_2025-07-23_G06,10109871PINHEIROM,2025-07-23,118299,1,20,0,155.0
10109871PINHEIROM_2025-07-23_G07,10109871PINHEIROM,2025-07-23,110372,1,20,0,522.0
10109871PINHEIROM_2025-07-23_G08,10109871PINHEIROM,2025-07-23,110711,1,3,0,154.0
10109871PINHEIROM_2025-07-23_G09,10109871PINHEIROM,2025-07-23,110373,1,350,0,1807.0
10109871PINHEIROM_2025-07-23_G10,10109871PINHEIROM,2025-07-23,117820,1,108,0,372.0
10109871PINHEIROM_2025-07-23_G11,10109871PINHEIROM,2025-07-23,118317,1,9,0,363.0
10109871PINHEIROM_2025-07-23_G12,10109871PINHEIROM,2025-07-23,111530,1,29,0,1439.0
10109871PINHEIROM_2025-07-23_G13,10109871PINHEIROM,2025-07-23,110895,1,3,0,118.0
10109871PINHEIROM_2025-07-23_G14,10109871PINHEIROM,2025-07-23,111530,1,3,0,165.0
10109871PINHEIROM_2025-07-23_G15,10109871PINHEIROM,2025-07-23,111469,1,8,0,534.0
10109871PINHEIROM_2025-07-23_G16,10109871PINHEIROM,2025-07-23,111530,1,53,0,610.0
10109871PINHEIROM_2025-07-23_G17,10109871PINHEIROM,2025-07-23,110895,1,8,0,565.0
10109871PINHEIROM_2025-07-23_G18,10109871PINHEIROM,2025-07-23,110313,1,2,0,465.0
10109871PINHEIROM_2025-07-23_G19,10109871PINHEIROM,2025-07-23,110313,1,3,0,57.0
10109871PINHEIROM_2025-07-23_G20,10109871PINHEIROM,2025-07-23,111569,1,4,0,370.0
10109871PINHEIROM_2025-07-23_G21,10109871PINHEIROM,2025-07-23,111435,1,2,0,293.0
10109871PINHEIROM_2025-07-23_G22,10109871PINHEIROM,2025-07-23,111433,1,2,0,141.0
10109871PINHEIROM_2025-07-23_G23,10109871PINHEIROM,2025-07-23,117808,1,32,0,292.0
10109871PINHEIROM_2025-07-23_G24,10109871PINHEIROM,2025-07-23,117808,1,26,0,611.0
10109871PINHEIROM_2025-07-23_G26,10109871PINHEIROM,2025-07-23,117808,1,25,0,244.0
10109871PINHEIROM_2025-07-23_G27,10109871PINHEIROM,2025-07-23,110371,1,4,0,169.0
10109871PINHEIROM_2025-07-23_G28,10109871PINHEIROM,2025-07-23,118222,1,8,0,941.0
10109871PINHEIROM_2025-07-23_G29,10109871PINHEIROM,2025-07-23,110747,1,2,0,997.0
10109871PINHEIROM_2025-07-23_G30,10109871PINHEIROM,2025-07-23,111438,1,4,0,107.0
10109871PINHEIROM_2025-07-23_G31,10109871PINHEIROM,2025-07-23,111602,1,14,0,504.0
10109871PINHEIROM_2025-07-23_G32,10109871PINHEIROM,2025-07-23,110515,1,10,0,139.0
10109871PINHEIROM_2025-07-23_G33,10109871PINHEIROM,2025-07-23,111530,1,10,0,250.0
10109871PINHEIROM_2025-07-23_G34,10109871PINHEIROM,2025-07-23,117856,1,2,0,107.0
10109871PINHEIROM_2025-07-23_G35,10109871PINHEIROM,2025-07-23,141202,1,12,0,1723.0
10109871PINHEIROM_2025-07-23_G36,10109871PINHEIROM,2025-07-23,111469,1,4,0,299.0
10109871PINHEIROM_2025-07-23_G37,10109871PINHEIROM,2025-07-23,107629,1,4,0,649.0
10109871PINHEIROM_2025-07-23_G38,10109871PINHEIROM,2025-07-23,117786,1,4,0,105.0
10109871PINHEIROM_2025-07-23_G39,10109871PINHEIROM,2025-07-23,117862,1,4,0,100.0
10109871PINHEIROM_2025-07-23_G40,10109871PINHEIROM,2025-07-23,141047,1,4,0,147.0
10109871PINHEIROM_2025-07-23_G41,10109871PINHEIROM,2025-07-23,117855,1,2,0,70.0
10109871PINHEIROM_2025-07-23_G42,10109871PINHEIROM,2025-07-23,110711,1,8,0,220.0
10109871PINHEIROM_2025-07-23_G43,10109871PINHEIROM,2025-07-23,110515,1,4,0,102.0
10109871PINHEIROM_2025-07-23_G44,10109871PINHEIROM,2025-07-23,117935,1,4,0,65.0
10109871PINHEIROM_2025-07-24_G02,10109871PINHEIROM,2025-07-24,105705,1,8,0,350.0
10109871PINHEIROM_2025-07-24_G03,10109871PINHEIROM,2025-07-24,140922,2,28,8,110.0
10109871PINHEIROM_2025-07-24_G04,10109871PINHEIROM,2025-07-24,111466,1,4,0,289.0
10109871PINHEIROM_2025-07-24_G05,10109871PINHEIROM,2025-07-24,117820,1,7,0,369.0
10109871PINHEIROM_2025-07-24_G06,10109871PINHEIROM,2025-07-24,117808,1,2,0,106.0
10109871PINHEIROM_2025-07-24_G07,10109871PINHEIROM,2025-07-24,111463,1,4,0,188.0
10109871PINHEIROM_2025-07-24_G08,10109871PINHEIROM,2025-07-24,111446,1,20,0,591.0
10109871PINHEIROM_2025-07-24_G09,10109871PINHEIROM,2025-07-24,117854,1,4,0,363.0
10109871PINHEIROM_2025-07-24_G10,10109871PINHEIROM,2025-07-24,111530,1,8,0,172.0
10109871PINHEIROM_2025-07-24_G11,10109871PINHEIROM,2025-07-24,111446,3,12,15,246.0
10109871PINHEIROM_2025-07-24_G12,10109871PINHEIROM,2025-07-24,111446,4,29,31,33.0
10109871PINHEIROM_2025-07-24_G13,10109871PINHEIROM,2025-07-24,111532,1,12,0,1139.0
10109871PINHEIROM_2025-07-24_G14,10109871PINHEIROM,2025-07-24,111532,1,6,0,128.0
10109871PINHEIROM_2025-07-24_G15,10109871PINHEIROM,2025-07-24,117832,1,4,0,155.0
10109871PINHEIROM_2025-07-24_G16,10109871PINHEIROM,2025-07-24,117820,7,50,67,109.0
10109871PINHEIROM_2025-07-25_G02,10109871PINHEIROM,2025-07-25,141047,1,6,0,156.0
10109871PINHEIROM_2025-07-25_G03,10109871PINHEIROM,2025-07-25,111759,1,8,0,227.0
10109871PINHEIROM_2025-07-25_G04,10109871PINHEIROM,2025-07-25,111444,1,4,0,266.0
10109871PINHEIROM_2025-07-25_G05,10109871PINHEIROM,2025-07-25,141823,1,9,0,189.0
10109871PINHEIROM_2025-07-25_G06,10109871PINHEIROM,2025-07-25,141035,1,2,0,2180.0
10109871PINHEIROM_2025-07-25_G07,10109871PINHEIROM,2025-07-25,117854,1,2,0,235.0
10109871PINHEIROM_2025-07-25_G08,10109871PINHEIROM,2025-07-25,110580,1,2,0,71.0
10109871PINHEIROM_2025-07-25_G09,10109871PINHEIROM,2025-07-25,117862,1,30,0,539.0
10109871PINHEIROM_2025-07-25_G10,10109871PINHEIROM,2025-07-25,110711,1,20,0,619.0
10109871PINHEIROM_2025-07-25_G11,10109871PINHEIROM,2025-07-25,111876,1,9,0,704.0
10109871PINHEIROM_2025-07-25_G12,10109871PINHEIROM,2025-07-25,110339,1,23,0,576.0
10109871PINHEIROM_2025-07-25_G13,10109871PINHEIROM,2025-07-25,110753,1,3,0,150.0
10109871PINHEIROM_2025-07-25_G14,10109871PINHEIROM,2025-07-25,111467,1,33,0,314.0
10109871PINHEIROM_2025-07-25_G15,10109871PINHEIROM,2025-07-25,117855,1,40,0,199.0
10109871PINHEIROM_2025-07-25_G16,10109871PINHEIROM,2025-07-25,111602,1,100,0,518.0
10109871PINHEIROM_2025-07-25_G17,10109871PINHEIROM,2025-07-25,108772,1,32,0,357.0
10109871PINHEIROM_2025-07-25_G18,10109871PINHEIROM,2025-07-25,111530,1,40,0,247.0
10109871PINHEIROM_2025-07-26_G02,10109871PINHEIROM,2025-07-26,105705,1,4,0,410.0
10109871PINHEIROM_2025-07-26_G03,10109871PINHEIROM,2025-07-26,111418,1,12,0,174.0
10109871PINHEIROM_2025-07-26_G04,10109871PINHEIROM,2025-07-26,108711,1,3,0,75.0
10109871PINHEIROM_2025-07-26_G05,10109871PINHEIROM,2025-07-26,110787,1,4,0,98.0
10109871PINHEIROM_2025-07-26_G06,10109871PINHEIROM,2025-07-26,111466,1,3,0,57.0
10109871PINHEIROM_2025-07-26_G07,10109871PINHEIROM,2025-07-26,111532,1,4,0,113.0
10109871PINHEIROM_2025-07-26_G08,10109871PINHEIROM,2025-07-26,111469,1,4,0,62.0
10109871PINHEIROM_2025-07-26_G09,10109871PINHEIROM,2025-07-26,109641,1,4,0,97.0
10109871PINHEIROM_2025-07-26_G10,10109871PINHEIROM,2025-07-26,111462,1,4,0,88.0
10109871PINHEIROM_2025-07-26_G11,10109871PINHEIROM,2025-07-26,118140,1,3,0,97.0
10109871PINHEIROM_2025-07-26_G12,10109871PINHEIROM,2025-07-26,108794,1,2,0,202.0
10109871PINHEIROM_2025-07-26_G13,10109871PINHEIROM,2025-07-26,141823,1,2,0,177.0
10109871PINHEIROM_2025-07-26_G14,10109871PINHEIROM,2025-07-26,111172,1,13,0,645.0
10109871PINHEIROM_2025-07-26_G15,10109871PINHEIROM,2025-07-26,108795,1,12,0,148.0
10109871PINHEIROM_2025-07-26_G16,10109871PINHEIROM,2025-07-26,141823,2,18,12,150.0
10109871PINHEIROM_2025-07-26_G17,10109871PINHEIROM,2025-07-26,111743,1,8,0,718.0
10109871PINHEIROM_2025-07-26_G18,10109871PINHEIROM,2025-07-26,109649,1,1,0,3597.0
10109871PINHEIROM_2025-07-26_G19,10109871PINHEIROM,2025-07-26,105705,1,7,0,701.0
10109871PINHEIROM_2025-07-26_G20,10109871PINHEIROM,2025-07-26,111418,1,42,0,322.0
10109871PINHEIROM_2025-07-26_G21,10109871PINHEIROM,2025-07-26,111348,1,6,0,88.0
10109871PINHEIROM_2025-07-26_G22,10109871PINHEIROM,2025-07-26,108711,1,9,0,119.0
10109871PINHEIROM_2025-07-26_G23,10109871PINHEIROM,2025-07-26,111466,1,74,0,460.0
10109871PINHEIROM_2025-07-26_G24,10109871PINHEIROM,2025-07-26,117821,1,9,0,137.0
10109871PINHEIROM_2025-07-26_G25,10109871PINHEIROM,2025-07-26,118223,1,2,0,88.0
10109871PINHEIROM_2025-07-26_G26,10109871PINHEIROM,2025-07-26,117787,1,3,0,151.0
10109871PINHEIROM_2025-07-26_G27,10109871PINHEIROM,2025-07-26,117785,1,9,0,310.0
10109871PINHEIROM_2025-07-26_G28,10109871PINHEIROM,2025-07-26,111444,1,2,0,85.0
10109871PINHEIROM_2025-07-26_G29,10109871PINHEIROM,2025-07-26,117831,1,17,0,371.0
10109871PINHEIROM_2025-07-26_G31,10109871PINHEIROM,2025-07-26,111466,2,12,6,282.0
10109871PINHEIROM_2025-07-26_G32,10109871PINHEIROM,2025-07-26,111462,1,6,0,127.0
10109871PINHEIROM_2025-07-26_G33,10109871PINHEIROM,2025-07-26,118140,1,2,0,222.0
10109871PINHEIROM_2025-07-26_G34,10109871PINHEIROM,2025-07-26,117785,1,4,0,128.0
10109871PINHEIROM_2025-07-26_G35,10109871PINHEIROM,2025-07-26,111442,1,2,0,49.0
10109871PINHEIROM_2025-07-26_G36,10109871PINHEIROM,2025-07-26,110740,1,4,0,239.0
10109871PINHEIROM_2025-07-26_G37,10109871PINHEIROM,2025-07-26,111465,1,5,0,88.0
10109871PINHEIROM_2025-07-26_G38,10109871PINHEIROM,2025-07-26,117831,1,4,0,464.0
10109871PINHEIROM_2025-07-26_G39,10109871PINHEIROM,2025-07-26,111463,1,4,0,313.0
10109871PINHEIROM_2025-07-26_G40,10109871PINHEIROM,2025-07-26,117831,1,4,0,170.0
10109871PINHEIROM_2025-07-26_G41,10109871PINHEIROM,2025-07-26,110787,1,24,0,537.0
10109871PINHEIROM_2025-07-26_G42,10109871PINHEIROM,2025-07-26,110339,1,8,0,1399.0
10109871PINHEIROM_2025-07-26_G43,10109871PINHEIROM,2025-07-26,118094,1,19,0,221.0
10109871PINHEIROM_2025-07-26_G44,10109871PINHEIROM,2025-07-26,117837,1,18,0,175.0
10109871PINHEIROM_2025-07-26_G45,10109871PINHEIROM,2025-07-26,110313,1,4,0,233.0
10109871PINHEIROM_2025-07-26_G46,10109871PINHEIROM,2025-07-26,111467,1,6,0,125.0
10109871PINHEIROM_2025-07-26_G47,10109871PINHEIROM,2025-07-26,117855,1,12,0,102.0
10109871PINHEIROM_2025-07-26_G48,10109871PINHEIROM,2025-07-26,108772,1,6,0,148.0
10109871PINHEIROM_2025-07-26_G49,10109871PINHEIROM,2025-07-26,117935,1,6,0,46.0
10109871PINHEIROM_2025-07-26_G50,10109871PINHEIROM,2025-07-26,111530,1,10,0,120.0
10109871PINHEIROM_2025-07-28_G02,10109871PINHEIROM,2025-07-28,110376,1,86,0,502.0
10109871PINHEIROM_2025-07-28_G03,10109871PINHEIROM,2025-07-28,110375,1,57,0,1425.0
10109871PINHEIROM_2025-07-28_G04,10109871PINHEIROM,2025-07-28,117820,1,60,0,542.0
10109871PINHEIROM_2025-07-28_G05,10109871PINHEIROM,2025-07-28,109640,2,7,4,630.0
10109871PINHEIROM_2025-07-28_G07,10109871PINHEIROM,2025-07-28,110313,1,6,0,169.0
10109871PINHEIROM_2025-07-28_G08,10109871PINHEIROM,2025-07-28,117855,1,4,0,185.0
10109871PINHEIROM_2025-07-28_G09,10109871PINHEIROM,2025-07-28,110515,1,2,0,135.0
10109871PINHEIROM_2025-07-28_G10,10109871PINHEIROM,2025-07-28,110787,1,4,0,150.0
10109871PINHEIROM_2025-07-28_G11,10109871PINHEIROM,2025-07-28,110787,1,10,0,102.0
10109871PINHEIROM_2025-07-28_G12,10109871PINHEIROM,2025-07-28,111469,1,16,0,281.0
10109871PINHEIROM_2025-07-28_G13,10109871PINHEIROM,2025-07-28,109641,1,2,0,80.0
10109871PINHEIROM_2025-07-28_G14,10109871PINHEIROM,2025-07-28,118140,1,4,0,76.0
10109871PINHEIROM_2025-07-28_G15,10109871PINHEIROM,2025-07-28,108794,1,4,0,104.0
10109871PINHEIROM_2025-07-28_G16,10109871PINHEIROM,2025-07-28,141823,1,8,0,133.0
10109871PINHEIROM_2025-07-28_G17,10109871PINHEIROM,2025-07-28,141457,1,8,0,94.0
10109871PINHEIROM_2025-07-28_G18,10109871PINHEIROM,2025-07-28,118222,1,2,0,354.0
10109871PINHEIROM_2025-07-28_G19,10109871PINHEIROM,2025-07-28,110755,1,8,0,226.0
10109871PINHEIROM_2025-07-28_G20,10109871PINHEIROM,2025-07-28,110747,1,4,0,97.0
10109871PINHEIROM_2025-07-28_G21,10109871PINHEIROM,2025-07-28,111438,1,4,0,265.0
10109871PINHEIROM_2025-07-28_G22,10109871PINHEIROM,2025-07-28,111655,1,2,0,119.0
10109871PINHEIROM_2025-07-28_G23,10109871PINHEIROM,2025-07-28,100334,1,2,0,47.0
10109871PINHEIROM_2025-07-28_G24,10109871PINHEIROM,2025-07-28,116527,1,4,0,94.0
10109871PINHEIROM_2025-07-28_G25,10109871PINHEIROM,2025-07-28,117835,1,2,0,112.0
10109871PINHEIROM_2025-07-28_G26,10109871PINHEIROM,2025-07-28,111660,1,2,0,116.0
10109871PINHEIROM_2025-07-28_G27,10109871PINHEIROM,2025-07-28,110751,1,5,0,554.0
10109871PINHEIROM_2025-07-28_G28,10109871PINHEIROM,2025-07-28,111418,1,18,0,116.0
10109871PINHEIROM_2025-07-28_G29,10109871PINHEIROM,2025-07-28,141456,1,8,0,130.0
10109871PINHEIROM_2025-07-28_G30,10109871PINHEIROM,2025-07-28,111443,1,2,0,84.0
10109871PINHEIROM_2025-07-28_G31,10109871PINHEIROM,2025-07-28,141458,1,8,0,72.0
10109871PINHEIROM_2025-07-28_G32,10109871PINHEIROM,2025-07-28,108711,1,5,0,75.0
10109871PINHEIROM_2025-07-28_G33,10109871PINHEIROM,2025-07-28,110787,1,4,0,113.0
10109871PINHEIROM_2025-07-28_G34,10109871PINHEIROM,2025-07-28,111532,1,7,0,156.0
10109871PINHEIROM_2025-07-28_G35,10109871PINHEIROM,2025-07-28,141048,1,4,0,73.0
10109871PINHEIROM_2025-07-28_G36,10109871PINHEIROM,2025-07-28,111469,1,8,0,85.0
10109871PINHEIROM_2025-07-28_G37,10109871PINHEIROM,2025-07-28,111462,1,8,0,519.0
10109871PINHEIROM_2025-07-28_G38,10109871PINHEIROM,2025-07-28,118140,1,4,0,52.0
10109871PINHEIROM_2025-07-28_G39,10109871PINHEIROM,2025-07-28,141271,1,4,0,209.0
10109871PINHEIROM_2025-07-28_G40,10109871PINHEIROM,2025-07-28,110740,1,4,0,69.0
10109871PINHEIROM_2025-07-28_G41,10109871PINHEIROM,2025-07-28,105705,2,17,9,1069.0
10109871PINHEIROM_2025-07-28_G42,10109871PINHEIROM,2025-07-28,111182,2,18,9,170.0
10109871PINHEIROM_2025-07-28_G43,10109871PINHEIROM,2025-07-28,109641,1,10,0,230.0
10109871PINHEIROM_2025-07-28_G44,10109871PINHEIROM,2025-07-28,109641,1,30,0,378.0
10109871PINHEIROM_2025-07-29_G02,10109871PINHEIROM,2025-07-29,140922,1,6,0,241.0
10109871PINHEIROM_2025-07-29_G03,10109871PINHEIROM,2025-07-29,109641,2,8,7,116.0
10109871PINHEIROM_2025-07-29_G04,10109871PINHEIROM,2025-07-29,118140,1,8,0,151.0
10109871PINHEIROM_2025-07-29_G05,10109871PINHEIROM,2025-07-29,118140,1,13,0,103.0
10109871PINHEIROM_2025-07-29_G06,10109871PINHEIROM,2025-07-29,117833,1,12,0,152.0
10109871PINHEIROM_2025-07-29_G07,10109871PINHEIROM,2025-07-29,111466,1,25,0,361.0
10109871PINHEIROM_2025-07-29_G08,10109871PINHEIROM,2025-07-29,111466,2,67,18,220.0
10109871PINHEIROM_2025-07-29_G09,10109871PINHEIROM,2025-07-29,108794,1,13,0,487.0
10109871PINHEIROM_2025-07-29_G10,10109871PINHEIROM,2025-07-29,111467,1,2,0,278.0
10109871PINHEIROM_2025-07-29_G11,10109871PINHEIROM,2025-07-29,111569,1,46,0,1147.0
10109871PINHEIROM_2025-07-29_G12,10109871PINHEIROM,2025-07-29,111430,1,88,0,916.0
10109871PINHEIROM_2025-07-29_G13,10109871PINHEIROM,2025-07-29,111438,1,120,0,1109.0
10109871PINHEIROM_2025-07-29_G14,10109871PINHEIROM,2025-07-29,109640,1,2,0,1025.0
10109871PINHEIROM_2025-07-29_G15,10109871PINHEIROM,2025-07-29,109643,1,2,0,610.0
10109871PINHEIROM_2025-07-29_G16,10109871PINHEIROM,2025-07-29,118299,1,20,0,158.0
10109871PINHEIROM_2025-07-29_G17,10109871PINHEIROM,2025-07-29,110371,1,10,0,163.0
10109871PINHEIROM_2025-07-29_G18,10109871PINHEIROM,2025-07-29,110373,1,12,0,153.0
10109871PINHEIROM_2025-07-29_G19,10109871PINHEIROM,2025-07-29,117820,1,10,0,111.0
10109871PINHEIROM_2025-07-29_G20,10109871PINHEIROM,2025-07-29,141202,1,2,0,79.0
10109871PINHEIROM_2025-07-29_G21,10109871PINHEIROM,2025-07-29,117808,1,30,0,696.0
10109871PINHEIROM_2025-07-29_G22,10109871PINHEIROM,2025-07-29,111850,1,2,0,128.0
10109871PINHEIROM_2025-07-29_G23,10109871PINHEIROM,2025-07-29,111438,1,4,0,83.0
10109871PINHEIROM_2025-07-29_G24,10109871PINHEIROM,2025-07-29,117786,1,4,0,86.0
10109871PINHEIROM_2025-07-29_G25,10109871PINHEIROM,2025-07-29,117861,1,8,0,1172.0
10109871PINHEIROM_2025-07-29_G26,10109871PINHEIROM,2025-07-29,108772,1,4,0,124.0
10109871PINHEIROM_2025-07-29_G27,10109871PINHEIROM,2025-07-29,110743,1,4,0,127.0
10109871PINHEIROM_2025-07-29_G28,10109871PINHEIROM,2025-07-29,141456,1,30,0,826.0
10109871PINHEIROM_2025-07-29_G29,10109871PINHEIROM,2025-07-29,141458,1,12,0,106.0
10109871PINHEIROM_2025-07-29_G30,10109871PINHEIROM,2025-07-29,141457,1,50,0,547.0
10109871PINHEIROM_2025-07-29_G31,10109871PINHEIROM,2025-07-29,111465,1,10,0,130.0
10109871PINHEIROM_2025-07-29_G32,10109871PINHEIROM,2025-07-29,111465,1,4,0,660.0
10109871PINHEIROM_2025-07-29_G33,10109871PINHEIROM,2025-07-29,111468,1,7,0,75.0
10109871PINHEIROM_2025-07-29_G34,10109871PINHEIROM,2025-07-29,117831,1,50,0,712.0
10109871PINHEIROM_2025-07-29_G35,10109871PINHEIROM,2025-07-29,111743,1,3,0,686.0
10109871PINHEIROM_2025-07-29_G37,10109871PINHEIROM,2025-07-29,141457,1,80,0,575.0
10109871PINHEIROM_2025-07-29_G38,10109871PINHEIROM,2025-07-29,141456,1,60,0,696.0
10109871PINHEIROM_2025-07-29_G39,10109871PINHEIROM,2025-07-29,110371,1,5,0,191.0
10109871PINHEIROM_2025-07-29_G40,10109871PINHEIROM,2025-07-29,117820,1,4,0,131.0
10109871PINHEIROM_2025-07-29_G41,10109871PINHEIROM,2025-07-29,111739,1,2,0,920.0
10109871PINHEIROM_2025-07-29_G42,10109871PINHEIROM,2025-07-29,111753,1,6,0,867.0
10109871PINHEIROM_2025-07-29_G43,10109871PINHEIROM,2025-07-29,110743,1,2,0,679.0
10109871PINHEIROM_2025-07-29_G44,10109871PINHEIROM,2025-07-29,111466,1,1,0,114.0
10109871PINHEIROM_2025-07-29_G45,10109871PINHEIROM,2025-07-29,111755,1,12,0,160.0
10109871PINHEIROM_2025-07-30_G02,10109871PINHEIROM,2025-07-30,111418,1,17,0,146.0
10109871PINHEIROM_2025-07-30_G03,10109871PINHEIROM,2025-07-30,111469,1,4,0,96.0
10109871PINHEIROM_2025-07-30_G04,10109871PINHEIROM,2025-07-30,111462,1,8,0,136.0
10109871PINHEIROM_2025-07-30_G05,10109871PINHEIROM,2025-07-30,118140,1,8,0,93.0
10109871PINHEIROM_2025-07-30_G06,10109871PINHEIROM,2025-07-30,108794,1,2,0,110.0
10109871PINHEIROM_2025-07-30_G07,10109871PINHEIROM,2025-07-30,141458,1,4,0,108.0
10109871PINHEIROM_2025-07-30_G08,10109871PINHEIROM,2025-07-30,111463,1,12,0,338.0
10109871PINHEIROM_2025-07-30_G09,10109871PINHEIROM,2025-07-30,111463,1,12,0,506.0
10109871PINHEIROM_2025-07-30_G10,10109871PINHEIROM,2025-07-30,111463,1,8,0,72.0
10109871PINHEIROM_2025-07-30_G11,10109871PINHEIROM,2025-07-30,110372,1,12,0,407.0
10109871PINHEIROM_2025-07-30_G12,10109871PINHEIROM,2025-07-30,141823,1,4,0,180.0
10109871PINHEIROM_2025-07-30_G13,10109871PINHEIROM,2025-07-30,111530,1,50,0,489.0
10109871PINHEIROM_2025-07-30_G14,10109871PINHEIROM,2025-07-30,117855,1,4,0,216.0
10109871PINHEIROM_2025-07-30_G15,10109871PINHEIROM,2025-07-30,117855,1,14,0,1009.0
10109871PINHEIROM_2025-07-30_G16,10109871PINHEIROM,2025-07-30,109640,1,10,0,196.0
10109871PINHEIROM_2025-07-30_G17,10109871PINHEIROM,2025-07-30,107263,1,16,0,547.0
10109871PINHEIROM_2025-07-30_G18,10109871PINHEIROM,2025-07-30,107263,1,4,0,33.0
10109871PINHEIROM_2025-07-30_G19,10109871PINHEIROM,2025-07-30,141823,1,10,0,263.0
10109871PINHEIROM_2025-07-30_G22,10109871PINHEIROM,2025-07-30,118094,1,10,0,511.0
10109871PINHEIROM_2025-07-30_G23,10109871PINHEIROM,2025-07-30,110313,1,8,0,176.0
10109871PINHEIROM_2025-07-30_G24,10109871PINHEIROM,2025-07-30,117862,1,18,0,160.0
10109871PINHEIROM_2025-07-30_G25,10109871PINHEIROM,2025-07-30,111467,1,16,0,851.0
10109871PINHEIROM_2025-07-30_G26,10109871PINHEIROM,2025-07-30,111879,1,2,0,82.0
10109871PINHEIROM_2025-07-30_G27,10109871PINHEIROM,2025-07-30,117855,1,40,0,429.0
10109871PINHEIROM_2025-07-30_G28,10109871PINHEIROM,2025-07-30,111602,1,6,0,205.0
10109871PINHEIROM_2025-07-30_G29,10109871PINHEIROM,2025-07-30,108772,1,3,0,114.0
10109871PINHEIROM_2025-07-30_G30,10109871PINHEIROM,2025-07-30,107629,1,2,0,1908.0
10109871PINHEIROM_2025-07-30_G31,10109871PINHEIROM,2025-07-30,110313,1,1,0,106.0
10109871PINHEIROM_2025-07-30_G32,10109871PINHEIROM,2025-07-30,111650,1,1,0,640.0
10109871PINHEIROM_2025-07-30_G33,10109871PINHEIROM,2025-07-30,117853,1,2,0,99.0
10109871PINHEIROM_2025-07-30_G34,10109871PINHEIROM,2025-07-30,110750,1,2,0,102.0
10109871PINHEIROM_2025-07-30_G35,10109871PINHEIROM,2025-07-30,109647,1,1,0,73.0
10109871PINHEIROM_2025-07-30_G36,10109871PINHEIROM,2025-07-30,110515,1,2,0,162.0
10109871PINHEIROM_2025-07-30_G37,10109871PINHEIROM,2025-07-30,110733,1,3,0,923.0
10109871PINHEIROM_2025-07-30_G38,10109871PINHEIROM,2025-07-30,107629,1,1,0,587.0
10109871PINHEIROM_2025-07-30_G39,10109871PINHEIROM,2025-07-30,118094,1,2,0,81.0
10109871PINHEIROM_2025-07-30_G40,10109871PINHEIROM,2025-07-30,117862,1,1,0,90.0
10109871PINHEIROM_2025-07-30_G41,10109871PINHEIROM,2025-07-30,111530,1,2,0,73.0
10109871PINHEIROM_2025-07-30_G42,10109871PINHEIROM,2025-07-30,117861,1,1,0,51.0
10109871PINHEIROM_2025-07-30_G43,10109871PINHEIROM,2025-07-30,117853,1,6,0,258.0
10109871PINHEIROM_2025-07-30_G44,10109871PINHEIROM,2025-07-30,110711,1,3,0,106.0
10109871PINHEIROM_2025-07-30_G45,10109871PINHEIROM,2025-07-30,110515,1,4,0,148.0
10109871PINHEIROM_2025-07-30_G46,10109871PINHEIROM,2025-07-30,110752,1,2,0,79.0
10109871PINHEIROM_2025-07-30_G47,10109871PINHEIROM,2025-07-30,110733,2,6,8,78.0
10109871PINHEIROM_2025-07-30_G48,10109871PINHEIROM,2025-07-30,108770,1,2,0,616.0
10109871PINHEIROM_2025-07-31_G02,10109871PINHEIROM,2025-07-31,141456,1,32,0,742.0
10109871PINHEIROM_2025-07-31_G03,10109871PINHEIROM,2025-07-31,"141458, 141457",2,48,14,36.0
10109871PINHEIROM_2025-07-31_G04,10109871PINHEIROM,2025-07-31,141458,1,50,0,503.0
10109871PINHEIROM_2025-07-31_G06,10109871PINHEIROM,2025-07-31,141457,1,30,0,522.0
10109871PINHEIROM_2025-07-31_G07,10109871PINHEIROM,2025-07-31,141456,1,30,0,435.0
10109871PINHEIROM_2025-07-31_G09,10109871PINHEIROM,2025-07-31,105705,1,2,0,180.0
10109871PINHEIROM_2025-07-31_G10,10109871PINHEIROM,2025-07-31,111443,2,9,12,176.0
10109871PINHEIROM_2025-07-31_G11,10109871PINHEIROM,2025-07-31,111466,1,12,0,58.0
10109871PINHEIROM_2025-07-31_G12,10109871PINHEIROM,2025-07-31,117821,1,3,0,428.0
10109871PINHEIROM_2025-07-31_G13,10109871PINHEIROM,2025-07-31,111418,1,2,0,73.0
10109871PINHEIROM_2025-07-31_G14,10109871PINHEIROM,2025-07-31,111418,2,21,5,108.0
10109871PINHEIROM_2025-07-31_G15,10109871PINHEIROM,2025-07-31,111532,1,16,0,710.0
10109871PINHEIROM_2025-07-31_G16,10109871PINHEIROM,2025-07-31,111469,1,6,0,114.0
10109871PINHEIROM_2025-07-31_G17,10109871PINHEIROM,2025-07-31,"111469, 111431",2,10,7,78.0
10109871PINHEIROM_2025-07-31_G18,10109871PINHEIROM,2025-07-31,118140,2,3,5,2159.0
10109871PINHEIROM_2025-07-31_G19,10109871PINHEIROM,2025-07-31,141456,1,20,0,168.0
10109871PINHEIROM_2025-07-31_G20,10109871PINHEIROM,2025-07-31,116241,1,1,0,59.0
10109871PINHEIROM_2025-07-31_G21,10109871PINHEIROM,2025-07-31,111444,1,2,0,107.0
10109871PINHEIROM_2025-07-31_G22,10109871PINHEIROM,2025-07-31,141458,1,20,0,610.0
10109871PINHEIROM_2025-07-31_G23,10109871PINHEIROM,2025-07-31,111755,1,20,0,2168.0
10109871PINHEIROM_2025-07-31_G24,10109871PINHEIROM,2025-07-31,111754,1,10,0,124.0
10109871PINHEIROM_2025-07-31_G25,10109871PINHEIROM,2025-07-31,111753,1,200,0,705.0
10109871PINHEIROM_2025-08-04_G02,10109871PINHEIROM,2025-08-04,105705,1,4,0,192.0
10109871PINHEIROM_2025-08-04_G03,10109871PINHEIROM,2025-08-04,109641,2,5,11,193.0
10109871PINHEIROM_2025-08-04_G04,10109871PINHEIROM,2025-08-04,140922,1,6,0,111.0
10109871PINHEIROM_2025-08-04_G05,10109871PINHEIROM,2025-08-04,111418,1,145,0,1111.0
10109871PINHEIROM_2025-08-04_G06,10109871PINHEIROM,2025-08-04,109645,2,4,7,352.0
10109871PINHEIROM_2025-08-04_G07,10109871PINHEIROM,2025-08-04,111462,3,51,19,578.0
10109871PINHEIROM_2025-08-04_G08,10109871PINHEIROM,2025-08-04,118140,2,22,7,678.0
10109871PINHEIROM_2025-08-04_G09,10109871PINHEIROM,2025-08-04,111728,2,14,26,330.0
10109871PINHEIROM_2025-08-04_G10,10109871PINHEIROM,2025-08-04,108794,2,22,9,434.0
10109871PINHEIROM_2025-08-04_G11,10109871PINHEIROM,2025-08-04,111466,1,43,0,1154.0
10109871PINHEIROM_2025-08-04_G12,10109871PINHEIROM,2025-08-04,111738,1,41,0,491.0
10109871PINHEIROM_2025-08-04_G13,10109871PINHEIROM,2025-08-04,111753,1,53,0,636.0
10109871PINHEIROM_2025-08-04_G14,10109871PINHEIROM,2025-08-04,111463,1,2,0,473.0
10109871PINHEIROM_2025-08-04_G15,10109871PINHEIROM,2025-08-04,111739,1,7,0,417.0
10109871PINHEIROM_2025-08-05_G02,10109871PINHEIROM,2025-08-05,117854,1,8,0,229.0
10109871PINHEIROM_2025-08-05_G03,10109871PINHEIROM,2025-08-05,141066,1,24,0,317.0
10109871PINHEIROM_2025-08-05_G04,10109871PINHEIROM,2025-08-05,117855,1,80,0,515.0
10109871PINHEIROM_2025-08-05_G05,10109871PINHEIROM,2025-08-05,107629,1,63,0,322.0
10109871PINHEIROM_2025-08-05_G06,10109871PINHEIROM,2025-08-05,110339,1,100,0,738.0
10109871PINHEIROM_2025-08-05_G07,10109871PINHEIROM,2025-08-05,117786,1,180,0,744.0
10109871PINHEIROM_2025-08-05_G08,10109871PINHEIROM,2025-08-05,117856,1,131,0,925.0
10109871PINHEIROM_2025-08-05_G09,10109871PINHEIROM,2025-08-05,118298,1,20,0,579.0
10109871PINHEIROM_2025-08-05_G10,10109871PINHEIROM,2025-08-05,117853,1,34,0,721.0
10109871PINHEIROM_2025-08-05_G11,10109871PINHEIROM,2025-08-05,141047,1,60,0,310.0
10109871PINHEIROM_2025-08-05_G12,10109871PINHEIROM,2025-08-05,109647,1,13,0,192.0
10109871PINHEIROM_2025-08-05_G13,10109871PINHEIROM,2025-08-05,108361,1,5,0,114.0
10109871PINHEIROM_2025-08-05_G14,10109871PINHEIROM,2025-08-05,101217,1,1,0,88.0
10109871PINHEIROM_2025-08-05_G15,10109871PINHEIROM,2025-08-05,110752,1,19,0,335.0
10109871PINHEIROM_2025-08-05_G16,10109871PINHEIROM,2025-08-05,117837,1,40,0,571.0
10109871PINHEIROM_2025-08-05_G17,10109871PINHEIROM,2025-08-05,105359,1,2,0,119.0
10109871PINHEIROM_2025-08-05_G18,10109871PINHEIROM,2025-08-05,110500,1,6,0,607.0
10109871PINHEIROM_2025-08-05_G19,10109871PINHEIROM,2025-08-05,111602,1,4,0,1679.0
10109871PINHEIROM_2025-08-05_G20,10109871PINHEIROM,2025-08-05,117833,2,6,9,122.0
10109871PINHEIROM_2025-08-05_G21,10109871PINHEIROM,2025-08-05,109645,1,4,0,126.0
10109871PINHEIROM_2025-08-05_G22,10109871PINHEIROM,2025-08-05,117785,1,30,0,276.0
10109871PINHEIROM_2025-08-05_G23,10109871PINHEIROM,2025-08-05,110740,2,12,6,132.0
10109871PINHEIROM_2025-08-06_G02,10109871PINHEIROM,2025-08-06,110373,1,60,0,1614.0
10109871PINHEIROM_2025-08-06_G03,10109871PINHEIROM,2025-08-06,141202,1,80,0,573.0
10109871PINHEIROM_2025-08-06_G04,10109871PINHEIROM,2025-08-06,107236,1,79,0,2319.0
10109871PINHEIROM_2025-08-06_G05,10109871PINHEIROM,2025-08-06,110373,1,200,0,1034.0
10109871PINHEIROM_2025-08-06_G07,10109871PINHEIROM,2025-08-06,107263,1,3,0,118.0
10109871PINHEIROM_2025-08-06_G08,10109871PINHEIROM,2025-08-06,111348,1,21,0,776.0
10109871PINHEIROM_2025-08-06_G09,10109871PINHEIROM,2025-08-06,111443,1,20,0,179.0
10109871PINHEIROM_2025-08-06_G10,10109871PINHEIROM,2025-08-06,108798,1,20,0,541.0
10109871PINHEIROM_2025-08-06_G11,10109871PINHEIROM,2025-08-06,117787,1,30,0,380.0
10109871PINHEIROM_2025-08-06_G12,10109871PINHEIROM,2025-08-06,109645,1,50,0,600.0
10109871PINHEIROM_2025-08-06_G13,10109871PINHEIROM,2025-08-06,118223,1,4,0,136.0
10109871PINHEIROM_2025-08-06_G14,10109871PINHEIROM,2025-08-06,107236,1,30,0,756.0
10109871PINHEIROM_2025-08-06_G15,10109871PINHEIROM,2025-08-06,111433,1,5,0,196.0
10109871PINHEIROM_2025-08-06_G16,10109871PINHEIROM,2025-08-06,118330,1,4,0,135.0
10109871PINHEIROM_2025-08-06_G17,10109871PINHEIROM,2025-08-06,110740,1,40,0,574.0
10109871PINHEIROM_2025-08-06_G18,10109871PINHEIROM,2025-08-06,110743,1,24,0,458.0
10109871PINHEIROM_2025-08-06_G19,10109871PINHEIROM,2025-08-06,117838,1,10,0,644.0
10109871PINHEIROM_2025-08-06_G20,10109871PINHEIROM,2025-08-06,118317,1,20,0,646.0
10109871PINHEIROM_2025-08-07_G02,10109871PINHEIROM,2025-08-07,117821,1,10,0,200.0
10109871PINHEIROM_2025-08-07_G03,10109871PINHEIROM,2025-08-07,108711,1,4,0,69.0
10109871PINHEIROM_2025-08-07_G04,10109871PINHEIROM,2025-08-07,140922,1,8,0,198.0
10109871PINHEIROM_2025-08-07_G05,10109871PINHEIROM,2025-08-07,111348,1,4,0,85.0
10109871PINHEIROM_2025-08-07_G06,10109871PINHEIROM,2025-08-07,117831,1,4,0,125.0
10109871PINHEIROM_2025-08-07_G07,10109871PINHEIROM,2025-08-07,117785,1,20,0,582.0
10109871PINHEIROM_2025-08-07_G08,10109871PINHEIROM,2025-08-07,118317,1,4,0,69.0
10109871PINHEIROM_2025-08-07_G09,10109871PINHEIROM,2025-08-07,141823,1,4,0,1277.0
10109871PINHEIROM_2025-08-07_G10,10109871PINHEIROM,2025-08-07,110375,1,10,0,448.0
10109871PINHEIROM_2025-08-07_G11,10109871PINHEIROM,2025-08-07,110375,1,10,0,195.0
10109871PINHEIROM_2025-08-07_G12,10109871PINHEIROM,2025-08-07,118299,5,30,32,546.0
10109871PINHEIROM_2025-08-07_G13,10109871PINHEIROM,2025-08-07,141202,1,4,0,386.0
10109871PINHEIROM_2025-08-07_G14,10109871PINHEIROM,2025-08-07,110325,1,10,0,1141.0
10109871PINHEIROM_2025-08-07_G15,10109871PINHEIROM,2025-08-07,109643,1,4,0,80.0
10109871PINHEIROM_2025-08-07_G16,10109871PINHEIROM,2025-08-07,117832,1,10,0,118.0
10109871PINHEIROM_2025-08-07_G17,10109871PINHEIROM,2025-08-07,110375,1,10,0,134.0
10109871PINHEIROM_2025-08-07_G18,10109871PINHEIROM,2025-08-07,141202,1,4,0,95.0
10109871PINHEIROM_2025-08-07_G19,10109871PINHEIROM,2025-08-07,110741,1,4,0,1629.0
10109871PINHEIROM_2025-08-07_G20,10109871PINHEIROM,2025-08-07,141066,1,4,0,51.0
10109871PINHEIROM_2025-08-07_G21,10109871PINHEIROM,2025-08-07,107629,1,10,0,623.0
10109871PINHEIROM_2025-08-07_G22,10109871PINHEIROM,2025-08-07,118094,1,10,0,194.0
10109871PINHEIROM_2025-08-07_G23,10109871PINHEIROM,2025-08-07,118298,1,2,0,69.0
10109871PINHEIROM_2025-08-07_G24,10109871PINHEIROM,2025-08-07,117862,1,12,0,202.0
10109871PINHEIROM_2025-08-07_G25,10109871PINHEIROM,2025-08-07,117861,1,4,0,101.0
10109871PINHEIROM_2025-08-07_G26,10109871PINHEIROM,2025-08-07,111650,1,4,0,86.0
10109871PINHEIROM_2025-08-07_G27,10109871PINHEIROM,2025-08-07,117853,1,2,0,86.0
10109871PINHEIROM_2025-08-07_G28,10109871PINHEIROM,2025-08-07,141047,1,2,0,75.0
10109871PINHEIROM_2025-08-07_G29,10109871PINHEIROM,2025-08-07,111467,1,15,0,472.0
10109871PINHEIROM_2025-08-07_G30,10109871PINHEIROM,2025-08-07,110752,1,5,0,122.0
10109871PINHEIROM_2025-08-07_G31,10109871PINHEIROM,2025-08-07,117855,1,15,0,343.0
10109871PINHEIROM_2025-08-07_G33,10109871PINHEIROM,2025-08-07,118285,1,2,0,103.0
10109871PINHEIROM_2025-08-07_G34,10109871PINHEIROM,2025-08-07,105705,1,80,0,832.0
10109871PINHEIROM_2025-08-07_G35,10109871PINHEIROM,2025-08-07,116241,1,7,0,610.0
10109871PINHEIROM_2025-08-07_G36,10109871PINHEIROM,2025-08-07,111330,1,16,0,431.0
10109871PINHEIROM_2025-08-07_G37,10109871PINHEIROM,2025-08-07,111434,1,5,0,156.0
10109871PINHEIROM_2025-08-07_G38,10109871PINHEIROM,2025-08-07,111743,1,70,0,371.0
10109871PINHEIROM_2025-08-07_G39,10109871PINHEIROM,2025-08-07,111433,1,25,0,209.0
10109871PINHEIROM_2025-08-07_G40,10109871PINHEIROM,2025-08-07,111442,1,10,0,330.0
10109871PINHEIROM_2025-08-07_G41,10109871PINHEIROM,2025-08-07,141458,1,50,0,527.0
10109871PINHEIROM_2025-08-07_G42,10109871PINHEIROM,2025-08-07,110332,1,4,0,164.0
10109871PINHEIROM_2025-08-07_G43,10109871PINHEIROM,2025-08-07,115209,1,5,0,203.0
10109871PINHEIROM_2025-08-07_G44,10109871PINHEIROM,2025-08-07,117965,1,2,0,1144.0
10109871PINHEIROM_2025-08-07_G45,10109871PINHEIROM,2025-08-07,118094,1,4,0,103.0
10109871PINHEIROM_2025-08-07_G46,10109871PINHEIROM,2025-08-07,110515,1,3,0,227.0
10109871PINHEIROM_2025-08-07_G47,10109871PINHEIROM,2025-08-07,117808,1,15,0,165.0
10109871PINHEIROM_2025-08-07_G48,10109871PINHEIROM,2025-08-07,110376,1,2,0,124.0
10109871PINHEIROM_2025-08-07_G49,10109871PINHEIROM,2025-08-07,117820,1,13,0,119.0
10109871PINHEIROM_2025-08-07_G50,10109871PINHEIROM,2025-08-07,111466,1,12,0,434.0
10109871PINHEIROM_2025-08-08_G02,10109871PINHEIROM,2025-08-08,140922,1,2,0,260.0
10109871PINHEIROM_2025-08-08_G03,10109871PINHEIROM,2025-08-08,111348,1,3,0,182.0
10109871PINHEIROM_2025-08-08_G04,10109871PINHEIROM,2025-08-08,111466,1,2,0,87.0
10109871PINHEIROM_2025-08-08_G05,10109871PINHEIROM,2025-08-08,111465,1,2,0,104.0
10109871PINHEIROM_2025-08-08_G06,10109871PINHEIROM,2025-08-08,117833,1,19,0,120.0
10109871PINHEIROM_2025-08-08_G07,10109871PINHEIROM,2025-08-08,117831,1,2,0,219.0
10109871PINHEIROM_2025-08-08_G08,10109871PINHEIROM,2025-08-08,111462,1,2,0,88.0
10109871PINHEIROM_2025-08-08_G09,10109871PINHEIROM,2025-08-08,107236,1,4,0,113.0
10109871PINHEIROM_2025-08-08_G10,10109871PINHEIROM,2025-08-08,141823,2,18,7,83.0
10109871PINHEIROM_2025-08-08_G11,10109871PINHEIROM,2025-08-08,111469,1,2,0,208.0
10109871PINHEIROM_2025-08-08_G12,10109871PINHEIROM,2025-08-08,110373,1,100,0,297.0
10109871PINHEIROM_2025-08-08_G13,10109871PINHEIROM,2025-08-08,110373,1,2,0,793.0
10109871PINHEIROM_2025-08-08_G14,10109871PINHEIROM,2025-08-08,110755,1,8,0,1408.0
10109871PINHEIROM_2025-08-08_G15,10109871PINHEIROM,2025-08-08,110747,1,4,0,288.0
10109871PINHEIROM_2025-08-08_G16,10109871PINHEIROM,2025-08-08,117834,1,8,0,170.0
10109871PINHEIROM_2025-08-08_G17,10109871PINHEIROM,2025-08-08,110339,1,4,0,122.0
10109871PINHEIROM_2025-08-08_G18,10109871PINHEIROM,2025-08-08,111602,1,2,0,49.0
10109871PINHEIROM_2025-08-08_G19,10109871PINHEIROM,2025-08-08,117786,1,6,0,86.0
10109871PINHEIROM_2025-08-08_G20,10109871PINHEIROM,2025-08-08,118094,1,8,0,345.0
10109871PINHEIROM_2025-08-08_G21,10109871PINHEIROM,2025-08-08,118299,1,120,0,755.0
10109871PINHEIROM_2025-08-08_G22,10109871PINHEIROM,2025-08-08,110371,1,19,0,647.0
10109871PINHEIROM_2025-08-08_G23,10109871PINHEIROM,2025-08-08,110373,1,130,0,698.0
10109871PINHEIROM_2025-08-08_G24,10109871PINHEIROM,2025-08-08,111435,1,2,0,1611.0
10109871PINHEIROM_2025-08-08_G25,10109871PINHEIROM,2025-08-08,140922,1,4,0,141.0
10109871PINHEIROM_2025-08-08_G26,10109871PINHEIROM,2025-08-08,116527,2,9,8,1684.0
10109871PINHEIROM_2025-08-08_G27,10109871PINHEIROM,2025-08-08,111569,1,10,0,539.0
10109871PINHEIROM_2025-08-08_G29,10109871PINHEIROM,2025-08-08,111876,1,2,0,84.0
10109871PINHEIROM_2025-08-08_G30,10109871PINHEIROM,2025-08-08,110339,1,8,0,312.0
10109871PINHEIROM_2025-08-08_G31,10109871PINHEIROM,2025-08-08,111602,1,15,0,404.0
10109871PINHEIROM_2025-08-08_G32,10109871PINHEIROM,2025-08-08,117786,1,8,0,80.0
10109871PINHEIROM_2025-08-08_G33,10109871PINHEIROM,2025-08-08,118094,1,8,0,97.0
10109871PINHEIROM_2025-08-08_G34,10109871PINHEIROM,2025-08-08,111439,1,14,0,245.0
10109871PINHEIROM_2025-08-08_G35,10109871PINHEIROM,2025-08-08,117855,1,1,0,443.0
10109871PINHEIROM_2025-08-08_G36,10109871PINHEIROM,2025-08-08,111602,1,6,0,99.0
10109871PINHEIROM_2025-08-08_G37,10109871PINHEIROM,2025-08-08,117786,1,1,0,90.0
10109871PINHEIROM_2025-08-08_G38,10109871PINHEIROM,2025-08-08,118298,1,2,0,84.0
10109871PINHEIROM_2025-08-08_G39,10109871PINHEIROM,2025-08-08,117861,1,2,0,68.0
10109871PINHEIROM_2025-08-08_G40,10109871PINHEIROM,2025-08-08,109647,1,4,0,179.0
10109871PINHEIROM_2025-08-08_G41,10109871PINHEIROM,2025-08-08,141047,1,1,0,79.0
10109871PINHEIROM_2025-08-08_G42,10109871PINHEIROM,2025-08-08,111439,1,1,0,135.0
10109871PINHEIROM_2025-08-08_G43,10109871PINHEIROM,2025-08-08,109640,1,2,0,90.0
10109871PINHEIROM_2025-08-08_G44,10109871PINHEIROM,2025-08-08,110515,1,4,0,406.0
10109871PINHEIROM_2025-08-08_G45,10109871PINHEIROM,2025-08-08,110752,1,2,0,71.0
10109871PINHEIROM_2025-08-08_G46,10109871PINHEIROM,2025-08-08,117837,1,2,0,112.0
10109871PINHEIROM_2025-08-08_G47,10109871PINHEIROM,2025-08-08,109643,1,3,0,104.0
10109871PINHEIROM_2025-08-08_G48,10109871PINHEIROM,2025-08-08,"117832, 117809",2,7,29,107.0
10109871PINHEIROM_2025-08-08_G49,10109871PINHEIROM,2025-08-08,118299,1,18,0,206.0
10109871PINHEIROM_2025-08-08_G50,10109871PINHEIROM,2025-08-08,110376,1,2,0,161.0
10109871PINHEIROM_2025-08-08_G51,10109871PINHEIROM,2025-08-08,117808,1,3,0,80.0
10109871PINHEIROM_2025-08-08_G52,10109871PINHEIROM,2025-08-08,117820,1,1,0,52.0
10109871PINHEIROM_2025-08-08_G53,10109871PINHEIROM,2025-08-08,110374,1,7,0,110.0
10109871PINHEIROM_2025-08-08_G54,10109871PINHEIROM,2025-08-08,109641,1,3,0,1479.0
10109871PINHEIROM_2025-08-08_G55,10109871PINHEIROM,2025-08-08,109641,1,3,0,1606.0
10109871PINHEIROM_2025-08-08_G56,10109871PINHEIROM,2025-08-08,111418,1,238,0,1322.0
10109871PINHEIROM_2025-08-08_G57,10109871PINHEIROM,2025-08-08,117809,1,5,0,1645.0
10109871PINHEIROM_2025-08-08_G58,10109871PINHEIROM,2025-08-08,117809,1,7,0,410.0
10109871PINHEIROM_2025-08-09_G02,10109871PINHEIROM,2025-08-09,108711,1,3,0,230.0
10109871PINHEIROM_2025-08-09_G03,10109871PINHEIROM,2025-08-09,140922,3,32,15,172.0
10109871PINHEIROM_2025-08-09_G04,10109871PINHEIROM,2025-08-09,111348,1,1,0,189.0
10109871PINHEIROM_2025-08-09_G05,10109871PINHEIROM,2025-08-09,111465,1,1,0,374.0
10109871PINHEIROM_2025-08-09_G06,10109871PINHEIROM,2025-08-09,109645,1,18,0,522.0
10109871PINHEIROM_2025-08-09_G07,10109871PINHEIROM,2025-08-09,111532,1,3,0,322.0
10109871PINHEIROM_2025-08-09_G08,10109871PINHEIROM,2025-08-09,105705,1,2,0,84.0
10109871PINHEIROM_2025-08-09_G09,10109871PINHEIROM,2025-08-09,111443,1,2,0,92.0
10109871PINHEIROM_2025-08-09_G10,10109871PINHEIROM,2025-08-09,118317,1,2,0,254.0
10109871PINHEIROM_2025-08-09_G11,10109871PINHEIROM,2025-08-09,111433,1,2,0,77.0
10109871PINHEIROM_2025-08-09_G12,10109871PINHEIROM,2025-08-09,110740,1,1,0,191.0
10109871PINHEIROM_2025-08-09_G13,10109871PINHEIROM,2025-08-09,118222,1,3,0,118.0
10109871PINHEIROM_2025-08-09_G14,10109871PINHEIROM,2025-08-09,107892,1,2,0,404.0
10109871PINHEIROM_2025-08-09_G15,10109871PINHEIROM,2025-08-09,110325,1,2,0,2958.0
10109871PINHEIROM_2025-08-09_G16,10109871PINHEIROM,2025-08-09,109643,1,4,0,57.0
10109871PINHEIROM_2025-08-09_G17,10109871PINHEIROM,2025-08-09,118299,1,2,0,93.0
10109871PINHEIROM_2025-08-09_G18,10109871PINHEIROM,2025-08-09,110371,1,7,0,78.0
10109871PINHEIROM_2025-08-09_G19,10109871PINHEIROM,2025-08-09,110373,1,10,0,103.0
10109871PINHEIROM_2025-08-09_G20,10109871PINHEIROM,2025-08-09,110374,1,8,0,141.0
10109871PINHEIROM_2025-08-09_G21,10109871PINHEIROM,2025-08-09,117820,1,8,0,78.0
10109871PINHEIROM_2025-08-09_G22,10109871PINHEIROM,2025-08-09,117830,1,6,0,66.0
10109871PINHEIROM_2025-08-09_G23,10109871PINHEIROM,2025-08-09,110747,1,1,0,130.0
10109871PINHEIROM_2025-08-09_G24,10109871PINHEIROM,2025-08-09,111569,1,2,0,107.0
10109871PINHEIROM_2025-08-09_G25,10109871PINHEIROM,2025-08-09,111876,1,2,0,235.0
10109871PINHEIROM_2025-08-09_G26,10109871PINHEIROM,2025-08-09,111602,1,10,0,115.0
10109871PINHEIROM_2025-08-09_G27,10109871PINHEIROM,2025-08-09,110515,1,7,0,175.0
10109871PINHEIROM_2025-08-09_G28,10109871PINHEIROM,2025-08-09,111443,1,2,0,106.0
10109871PINHEIROM_2025-08-09_G29,10109871PINHEIROM,2025-08-09,118317,1,2,0,155.0
10109871PINHEIROM_2025-08-09_G30,10109871PINHEIROM,2025-08-09,111532,1,6,0,430.0
10109871PINHEIROM_2025-08-09_G31,10109871PINHEIROM,2025-08-09,140922,1,4,0,90.0
10109871PINHEIROM_2025-08-09_G32,10109871PINHEIROM,2025-08-09,111330,1,4,0,67.0
10109871PINHEIROM_2025-08-09_G33,10109871PINHEIROM,2025-08-09,111443,1,2,0,143.0
10109871PINHEIROM_2025-08-09_G34,10109871PINHEIROM,2025-08-09,111182,1,6,0,210.0
10109871PINHEIROM_2025-08-09_G35,10109871PINHEIROM,2025-08-09,118317,1,4,0,98.0
10109871PINHEIROM_2025-08-09_G36,10109871PINHEIROM,2025-08-09,110740,1,4,0,633.0
10109871PINHEIROM_2025-08-09_G37,10109871PINHEIROM,2025-08-09,110325,1,11,0,232.0
10109871PINHEIROM_2025-08-09_G38,10109871PINHEIROM,2025-08-09,109643,1,2,0,90.0
10109871PINHEIROM_2025-08-09_G40,10109871PINHEIROM,2025-08-09,110373,1,3,0,129.0
10109871PINHEIROM_2025-08-09_G41,10109871PINHEIROM,2025-08-09,117820,1,3,0,95.0
10109871PINHEIROM_2025-08-09_G42,10109871PINHEIROM,2025-08-09,118222,1,12,0,427.0
10109871PINHEIROM_2025-08-09_G43,10109871PINHEIROM,2025-08-09,111569,1,3,0,124.0
10109871PINHEIROM_2025-08-09_G44,10109871PINHEIROM,2025-08-09,107892,1,2,0,130.0
10109871PINHEIROM_2025-08-09_G45,10109871PINHEIROM,2025-08-09,111602,1,3,0,103.0
10109871PINHEIROM_2025-08-09_G46,10109871PINHEIROM,2025-08-09,117855,1,4,0,51.0
10109871PINHEIROM_2025-08-09_G47,10109871PINHEIROM,2025-08-09,111876,1,2,0,55.0
10109871PINHEIROM_2025-08-09_G48,10109871PINHEIROM,2025-08-09,118222,1,16,0,617.0
10109871PINHEIROM_2025-08-09_G49,10109871PINHEIROM,2025-08-09,100334,1,1,0,175.0
10109871PINHEIROM_2025-08-09_G50,10109871PINHEIROM,2025-08-09,111438,1,5,0,207.0
10109871PINHEIROM_2025-08-09_G51,10109871PINHEIROM,2025-08-09,118223,1,1,0,1058.0
10109871PINHEIROM_2025-08-09_G52,10109871PINHEIROM,2025-08-09,111418,1,135,0,542.0
10109871PINHEIROM_2025-08-09_G53,10109871PINHEIROM,2025-08-09,110745,1,11,0,98.0
10109871PINHEIROM_2025-08-09_G54,10109871PINHEIROM,2025-08-09,117785,1,2,0,38.0
10109871PINHEIROM_2025-08-09_G55,10109871PINHEIROM,2025-08-09,108794,1,2,0,36.0
10109871PINHEIROM_2025-08-09_G56,10109871PINHEIROM,2025-08-09,111442,1,4,0,65.0
10109871PINHEIROM_2025-08-09_G57,10109871PINHEIROM,2025-08-09,111469,1,6,0,87.0
10109871PINHEIROM_2025-08-09_G58,10109871PINHEIROM,2025-08-09,110740,1,12,0,110.0
10109871PINHEIROM_2025-08-09_G59,10109871PINHEIROM,2025-08-09,117855,1,4,0,565.0
10109871PINHEIROM_2025-08-09_G60,10109871PINHEIROM,2025-08-09,110339,1,3,0,66.0
10109871PINHEIROM_2025-08-09_G61,10109871PINHEIROM,2025-08-09,111602,1,8,0,116.0
10109871PINHEIROM_2025-08-09_G62,10109871PINHEIROM,2025-08-09,118094,1,4,0,86.0
10109871PINHEIROM_2025-08-09_G63,10109871PINHEIROM,2025-08-09,110733,1,2,0,76.0
10109871PINHEIROM_2025-08-09_G64,10109871PINHEIROM,2025-08-09,111467,1,2,0,84.0
10109871PINHEIROM_2025-08-09_G65,10109871PINHEIROM,2025-08-09,110515,1,2,0,97.0
10109871PINHEIROM_2025-08-09_G66,10109871PINHEIROM,2025-08-09,110371,1,2,0,192.0
10109871PINHEIROM_2025-08-09_G67,10109871PINHEIROM,2025-08-09,110373,1,9,0,159.0
10109871PINHEIROM_2025-08-09_G68,10109871PINHEIROM,2025-08-09,110374,1,4,0,90.0
10109871PINHEIROM_2025-08-09_G69,10109871PINHEIROM,2025-08-09,117808,1,10,0,103.0
10109871PINHEIROM_2025-08-09_G70,10109871PINHEIROM,2025-08-09,118299,1,31,0,512.0
10109871PINHEIROM_2025-08-09_G71,10109871PINHEIROM,2025-08-09,108711,1,100,0,1682.0
10109871PINHEIROM_2025-08-11_G02,10109871PINHEIROM,2025-08-11,111602,1,16,0,172.0
10109871PINHEIROM_2025-08-11_G03,10109871PINHEIROM,2025-08-11,160057,1,4,0,1006.0
10109871PINHEIROM_2025-08-11_G04,10109871PINHEIROM,2025-08-11,160054,1,6,0,213.0
10109871PINHEIROM_2025-08-11_G05,10109871PINHEIROM,2025-08-11,111602,1,5,0,96.0
10109871PINHEIROM_2025-08-11_G06,10109871PINHEIROM,2025-08-11,110372,1,4,0,590.0
10109871PINHEIROM_2025-08-11_G07,10109871PINHEIROM,2025-08-11,117832,1,8,0,127.0
10109871PINHEIROM_2025-08-11_G08,10109871PINHEIROM,2025-08-11,118299,1,6,0,172.0
10109871PINHEIROM_2025-08-11_G09,10109871PINHEIROM,2025-08-11,110373,1,6,0,127.0
10109871PINHEIROM_2025-08-11_G10,10109871PINHEIROM,2025-08-11,117808,1,8,0,240.0
10109871PINHEIROM_2025-08-11_G11,10109871PINHEIROM,2025-08-11,117820,1,12,0,150.0
10109871PINHEIROM_2025-08-11_G12,10109871PINHEIROM,2025-08-11,111532,1,3,0,156.0
10109871PINHEIROM_2025-08-11_G13,10109871PINHEIROM,2025-08-11,117821,1,3,0,79.0
10109871PINHEIROM_2025-08-11_G14,10109871PINHEIROM,2025-08-11,105705,1,2,0,145.0
10109871PINHEIROM_2025-08-11_G15,10109871PINHEIROM,2025-08-11,140922,1,3,0,62.0
10109871PINHEIROM_2025-08-11_G16,10109871PINHEIROM,2025-08-11,117831,1,4,0,137.0
10109871PINHEIROM_2025-08-11_G17,10109871PINHEIROM,2025-08-11,108794,1,3,0,89.0
10109871PINHEIROM_2025-08-11_G18,10109871PINHEIROM,2025-08-11,107629,1,6,0,175.0
10109871PINHEIROM_2025-08-11_G19,10109871PINHEIROM,2025-08-11,110339,1,6,0,102.0
10109871PINHEIROM_2025-08-11_G20,10109871PINHEIROM,2025-08-11,111439,1,2,0,113.0
10109871PINHEIROM_2025-08-11_G21,10109871PINHEIROM,2025-08-11,109640,1,2,0,197.0
10109871PINHEIROM_2025-08-11_G22,10109871PINHEIROM,2025-08-11,118299,1,28,0,611.0
10109871PINHEIROM_2025-08-11_G23,10109871PINHEIROM,2025-08-11,117820,1,38,0,81.0
10109871PINHEIROM_2025-08-11_G24,10109871PINHEIROM,2025-08-11,117822,1,5,0,256.0
10109871PINHEIROM_2025-08-11_G25,10109871PINHEIROM,2025-08-11,105705,1,5,0,156.0
10109871PINHEIROM_2025-08-11_G26,10109871PINHEIROM,2025-08-11,100334,1,4,0,966.0
10109871PINHEIROM_2025-08-11_G27,10109871PINHEIROM,2025-08-11,111438,1,8,0,168.0
10109871PINHEIROM_2025-08-11_G28,10109871PINHEIROM,2025-08-11,107892,1,1,0,118.0
10109871PINHEIROM_2025-08-11_G29,10109871PINHEIROM,2025-08-11,111602,1,2,0,311.0
10109871PINHEIROM_2025-08-11_G30,10109871PINHEIROM,2025-08-11,117786,1,1,0,54.0
10109871PINHEIROM_2025-08-11_G31,10109871PINHEIROM,2025-08-11,111467,1,2,0,133.0
10109871PINHEIROM_2025-08-11_G32,10109871PINHEIROM,2025-08-11,110374,1,7,0,135.0
10109871PINHEIROM_2025-08-11_G33,10109871PINHEIROM,2025-08-11,110373,1,16,0,148.0
10109871PINHEIROM_2025-08-11_G34,10109871PINHEIROM,2025-08-11,110751,1,2,0,407.0
10109871PINHEIROM_2025-08-11_G35,10109871PINHEIROM,2025-08-11,108711,1,4,0,99.0
10109871PINHEIROM_2025-08-11_G36,10109871PINHEIROM,2025-08-11,140922,1,5,0,90.0
10109871PINHEIROM_2025-08-11_G37,10109871PINHEIROM,2025-08-11,111434,1,2,0,130.0
10109871PINHEIROM_2025-08-11_G38,10109871PINHEIROM,2025-08-11,111465,1,4,0,70.0
10109871PINHEIROM_2025-08-11_G39,10109871PINHEIROM,2025-08-11,111743,1,2,0,229.0
10109871PINHEIROM_2025-08-11_G40,10109871PINHEIROM,2025-08-11,111463,1,180,0,1104.0
10109871PINHEIROM_2025-08-11_G41,10109871PINHEIROM,2025-08-11,111462,1,160,0,412.0
10109871PINHEIROM_2025-08-11_G42,10109871PINHEIROM,2025-08-11,110748,1,20,0,482.0
10109871PINHEIROM_2025-08-11_G43,10109871PINHEIROM,2025-08-11,107236,1,60,0,329.0
10109871PINHEIROM_2025-08-11_G45,10109871PINHEIROM,2025-08-11,111435,1,15,0,816.0
10109871PINHEIROM_2025-08-11_G46,10109871PINHEIROM,2025-08-11,111465,1,3,0,161.0
10109871PINHEIROM_2025-08-11_G47,10109871PINHEIROM,2025-08-11,117833,1,10,0,94.0
10109871PINHEIROM_2025-08-11_G48,10109871PINHEIROM,2025-08-11,141456,2,50,14,243.0
10109871PINHEIROM_2025-08-11_G49,10109871PINHEIROM,2025-08-11,141823,2,6,8,492.0
10109871PINHEIROM_2025-08-11_G50,10109871PINHEIROM,2025-08-11,111418,1,8,0,129.0
10109871PINHEIROM_2025-08-11_G51,10109871PINHEIROM,2025-08-11,111418,1,63,0,491.0
10109871PINHEIROM_2025-08-11_G52,10109871PINHEIROM,2025-08-11,141458,2,50,8,129.0
10109871PINHEIROM_2025-08-11_G53,10109871PINHEIROM,2025-08-11,110581,1,4,0,821.0
10109871PINHEIROM_2025-08-11_G54,10109871PINHEIROM,2025-08-11,141047,1,1,0,155.0
10109871PINHEIROM_2025-08-11_G55,10109871PINHEIROM,2025-08-11,141047,1,20,0,405.0
10109871PINHEIROM_2025-08-11_G56,10109871PINHEIROM,2025-08-11,110747,1,20,0,641.0
10109871PINHEIROM_2025-08-11_G57,10109871PINHEIROM,2025-08-11,111437,1,152,0,719.0
10109871PINHEIROM_2025-08-11_G58,10109871PINHEIROM,2025-08-11,111172,1,34,0,1679.0
10109871PINHEIROM_2025-08-11_G59,10109871PINHEIROM,2025-08-11,118299,1,2,0,562.0
10109871PINHEIROM_2025-08-11_G60,10109871PINHEIROM,2025-08-11,117808,1,14,0,144.0
10109871PINHEIROM_2025-08-11_G61,10109871PINHEIROM,2025-08-11,117820,1,6,0,47.0
10109871PINHEIROM_2025-08-11_G62,10109871PINHEIROM,2025-08-11,117855,1,4,0,156.0
10109871PINHEIROM_2025-08-11_G63,10109871PINHEIROM,2025-08-11,111602,1,5,0,96.0
10109871PINHEIROM_2025-08-11_G64,10109871PINHEIROM,2025-08-11,117821,1,4,0,60.0
10109871PINHEIROM_2025-08-11_G65,10109871PINHEIROM,2025-08-11,117831,1,1,0,110.0
10109871PINHEIROM_2025-08-11_G66,10109871PINHEIROM,2025-08-11,118317,1,1,0,80.0
10109871PINHEIROM_2025-08-11_G67,10109871PINHEIROM,2025-08-11,110740,1,4,0,114.0
10109871PINHEIROM_2025-08-11_G68,10109871PINHEIROM,2025-08-11,111435,1,2,0,275.0
10109871PINHEIROM_2025-08-11_G69,10109871PINHEIROM,2025-08-11,111444,1,2,0,226.0
10109871PINHEIROM_2025-08-11_G70,10109871PINHEIROM,2025-08-11,117821,1,4,0,207.0
10109871PINHEIROM_2025-08-11_G71,10109871PINHEIROM,2025-08-11,110751,1,4,0,191.0
10109871PINHEIROM_2025-08-11_G72,10109871PINHEIROM,2025-08-11,140922,1,6,0,81.0
10109871PINHEIROM_2025-08-11_G73,10109871PINHEIROM,2025-08-11,110740,1,2,0,135.0
10109871PINHEIROM_2025-08-11_G74,10109871PINHEIROM,2025-08-11,117809,1,6,0,163.0
10109871PINHEIROM_2025-08-11_G75,10109871PINHEIROM,2025-08-11,110325,1,4,0,73.0
10109871PINHEIROM_2025-08-11_G76,10109871PINHEIROM,2025-08-11,117965,1,4,0,118.0
10109871PINHEIROM_2025-08-11_G77,10109871PINHEIROM,2025-08-11,117855,1,2,0,92.0
10109871PINHEIROM_2025-08-11_G78,10109871PINHEIROM,2025-08-11,118094,1,2,0,140.0
10109871PINHEIROM_2025-08-12_G02,10109871PINHEIROM,2025-08-12,117820,1,326,0,911.0
10109871PINHEIROM_2025-08-12_G03,10109871PINHEIROM,2025-08-12,110373,1,110,0,190.0
10109871PINHEIROM_2025-08-12_G04,10109871PINHEIROM,2025-08-12,117830,1,164,0,1070.0
10109871PINHEIROM_2025-08-12_G05,10109871PINHEIROM,2025-08-12,118222,1,230,0,1585.0
10109871PINHEIROM_2025-08-12_G06,10109871PINHEIROM,2025-08-12,111439,1,100,0,1426.0
10109871PINHEIROM_2025-08-12_G07,10109871PINHEIROM,2025-08-12,118317,1,100,0,835.0
10109871PINHEIROM_2025-08-12_G08,10109871PINHEIROM,2025-08-12,118222,1,1,0,242.0
10109871PINHEIROM_2025-08-12_G09,10109871PINHEIROM,2025-08-12,117855,1,10,0,169.0
10109871PINHEIROM_2025-08-12_G10,10109871PINHEIROM,2025-08-12,111736,1,44,0,543.0
10109871PINHEIROM_2025-08-12_G11,10109871PINHEIROM,2025-08-12,110895,2,3,26,1563.0
10109871PINHEIROM_2025-08-12_G12,10109871PINHEIROM,2025-08-12,111438,1,10,0,707.0
10109871PINHEIROM_2025-08-12_G13,10109871PINHEIROM,2025-08-12,111569,1,6,0,110.0
10109871PINHEIROM_2025-08-12_G14,10109871PINHEIROM,2025-08-12,117786,1,4,0,190.0
10109871PINHEIROM_2025-08-12_G15,10109871PINHEIROM,2025-08-12,110515,1,1,0,205.0
10109871PINHEIROM_2025-08-12_G16,10109871PINHEIROM,2025-08-12,140922,1,2,0,261.0
10109871PINHEIROM_2025-08-12_G17,10109871PINHEIROM,2025-08-12,111182,1,2,0,109.0
10109871PINHEIROM_2025-08-12_G18,10109871PINHEIROM,2025-08-12,108794,1,1,0,96.0
10109871PINHEIROM_2025-08-12_G19,10109871PINHEIROM,2025-08-12,118299,1,11,0,252.0
10109871PINHEIROM_2025-08-12_G20,10109871PINHEIROM,2025-08-12,110325,1,3,0,72.0
10109871PINHEIROM_2025-08-12_G21,10109871PINHEIROM,2025-08-12,117820,1,3,0,103.0
10109871PINHEIROM_2025-08-12_G22,10109871PINHEIROM,2025-08-12,117808,1,9,0,81.0
10109871PINHEIROM_2025-08-12_G23,10109871PINHEIROM,2025-08-12,110747,1,2,0,471.0
10109871PINHEIROM_2025-08-12_G25,10109871PINHEIROM,2025-08-12,111465,1,3,0,455.0
10109871PINHEIROM_2025-08-12_G26,10109871PINHEIROM,2025-08-12,117831,1,2,0,95.0
10109871PINHEIROM_2025-08-12_G27,10109871PINHEIROM,2025-08-12,117785,1,4,0,104.0
10109871PINHEIROM_2025-08-12_G28,10109871PINHEIROM,2025-08-12,118094,1,2,0,139.0
10109871PINHEIROM_2025-08-12_G29,10109871PINHEIROM,2025-08-12,117820,1,16,0,149.0
10109871PINHEIROM_2025-08-12_G30,10109871PINHEIROM,2025-08-12,108711,1,5,0,34.0
10109871PINHEIROM_2025-08-12_G31,10109871PINHEIROM,2025-08-12,111418,1,5,0,400.0
10109871PINHEIROM_2025-08-12_G32,10109871PINHEIROM,2025-08-12,111532,1,3,0,938.0
10109871PINHEIROM_2025-08-12_G33,10109871PINHEIROM,2025-08-12,117786,1,12,0,302.0
10109871PINHEIROM_2025-08-12_G34,10109871PINHEIROM,2025-08-12,117786,1,2,0,41.0
10109871PINHEIROM_2025-08-12_G35,10109871PINHEIROM,2025-08-12,118140,1,2,0,134.0
10109871PINHEIROM_2025-08-12_G36,10109871PINHEIROM,2025-08-12,111569,1,8,0,236.0
10109871PINHEIROM_2025-08-12_G37,10109871PINHEIROM,2025-08-12,118416,1,4,0,508.0
10109871PINHEIROM_2025-08-12_G38,10109871PINHEIROM,2025-08-12,110895,1,2,0,161.0
10109871PINHEIROM_2025-08-12_G39,10109871PINHEIROM,2025-08-12,117786,1,10,0,445.0
10109871PINHEIROM_2025-08-12_G40,10109871PINHEIROM,2025-08-12,110748,1,4,0,238.0
10109871PINHEIROM_2025-08-12_G41,10109871PINHEIROM,2025-08-12,108711,1,12,0,683.0
10109871PINHEIROM_2025-08-12_G42,10109871PINHEIROM,2025-08-12,111442,1,6,0,310.0
10109871PINHEIROM_2025-08-12_G43,10109871PINHEIROM,2025-08-12,118222,1,20,0,2273.0
10109871PINHEIROM_2025-08-12_G44,10109871PINHEIROM,2025-08-12,118418,1,1,0,124.0
10109871PINHEIROM_2025-08-12_G45,10109871PINHEIROM,2025-08-12,118299,1,500,0,1597.0
10109871PINHEIROM_2025-08-13_G02,10109871PINHEIROM,2025-08-13,111182,1,37,0,547.0
10109871PINHEIROM_2025-08-13_G03,10109871PINHEIROM,2025-08-13,111172,1,33,0,552.0
10109871PINHEIROM_2025-08-13_G04,10109871PINHEIROM,2025-08-13,110895,1,24,0,2117.0
10109871PINHEIROM_2025-08-13_G05,10109871PINHEIROM,2025-08-13,108759,1,1,0,71.0
10109871PINHEIROM_2025-08-13_G06,10109871PINHEIROM,2025-08-13,110747,1,8,0,155.0
10109871PINHEIROM_2025-08-13_G07,10109871PINHEIROM,2025-08-13,118306,1,6,0,142.0
10109871PINHEIROM_2025-08-13_G08,10109871PINHEIROM,2025-08-13,107892,1,7,0,892.0
10109871PINHEIROM_2025-08-13_G09,10109871PINHEIROM,2025-08-13,109643,1,7,0,166.0
10109871PINHEIROM_2025-08-13_G10,10109871PINHEIROM,2025-08-13,110371,1,20,0,143.0
10109871PINHEIROM_2025-08-13_G11,10109871PINHEIROM,2025-08-13,110372,1,26,0,231.0
10109871PINHEIROM_2025-08-13_G12,10109871PINHEIROM,2025-08-13,111463,1,4,0,432.0
10109871PINHEIROM_2025-08-13_G13,10109871PINHEIROM,2025-08-13,140988,1,4,0,222.0
10109871PINHEIROM_2025-08-13_G14,10109871PINHEIROM,2025-08-13,110754,1,4,0,155.0
10109871PINHEIROM_2025-08-13_G15,10109871PINHEIROM,2025-08-13,117786,1,18,0,443.0
10109871PINHEIROM_2025-08-13_G16,10109871PINHEIROM,2025-08-13,117786,1,19,0,246.0
10109871PINHEIROM_2025-08-13_G17,10109871PINHEIROM,2025-08-13,109643,1,39,0,1914.0
10109871PINHEIROM_2025-08-13_G18,10109871PINHEIROM,2025-08-13,117832,1,9,0,97.0
10109871PINHEIROM_2025-08-13_G19,10109871PINHEIROM,2025-08-13,117809,1,44,0,371.0
10109871PINHEIROM_2025-08-13_G20,10109871PINHEIROM,2025-08-13,110371,1,100,0,369.0
10109871PINHEIROM_2025-08-13_G21,10109871PINHEIROM,2025-08-13,117820,1,124,0,429.0
10109871PINHEIROM_2025-08-13_G22,10109871PINHEIROM,2025-08-13,117840,1,2,0,245.0
10109871PINHEIROM_2025-08-13_G24,10109871PINHEIROM,2025-08-13,107830,1,1,0,54.0
10109871PINHEIROM_2025-08-13_G25,10109871PINHEIROM,2025-08-13,110375,1,8,0,115.0
10109871PINHEIROM_2025-08-13_G26,10109871PINHEIROM,2025-08-13,110373,1,400,0,800.0
10109871PINHEIROM_2025-08-13_G27,10109871PINHEIROM,2025-08-13,141202,1,4,0,135.0
10109871PINHEIROM_2025-08-13_G28,10109871PINHEIROM,2025-08-13,117830,1,39,0,429.0
10109871PINHEIROM_2025-08-13_G29,10109871PINHEIROM,2025-08-13,111435,1,4,0,1465.0
10109871PINHEIROM_2025-08-13_G30,10109871PINHEIROM,2025-08-13,117821,1,1,0,71.0
10109871PINHEIROM_2025-08-13_G31,10109871PINHEIROM,2025-08-13,141456,1,100,0,279.0
10109871PINHEIROM_2025-08-13_G32,10109871PINHEIROM,2025-08-13,111468,1,16,0,404.0
10109871PINHEIROM_2025-08-13_G33,10109871PINHEIROM,2025-08-13,111442,1,5,0,95.0
10109871PINHEIROM_2025-08-13_G34,10109871PINHEIROM,2025-08-13,111172,1,25,0,590.0
10109871PINHEIROM_2025-08-13_G35,10109871PINHEIROM,2025-08-13,117832,1,355,0,1313.0
10109871PINHEIROM_2025-08-13_G36,10109871PINHEIROM,2025-08-13,111439,1,150,0,576.0
10109871PINHEIROM_2025-08-13_G37,10109871PINHEIROM,2025-08-13,111602,1,77,0,277.0
10109871PINHEIROM_2025-08-13_G38,10109871PINHEIROM,2025-08-13,111465,1,163,0,434.0
10109871PINHEIROM_2025-08-13_G39,10109871PINHEIROM,2025-08-13,110749,1,121,0,933.0
10109871PINHEIROM_2025-08-13_G40,10109871PINHEIROM,2025-08-13,109641,1,4,0,255.0
10109871PINHEIROM_2025-08-13_G41,10109871PINHEIROM,2025-08-13,111465,1,12,0,176.0
10109871PINHEIROM_2025-08-14_G02,10109871PINHEIROM,2025-08-14,111438,1,30,0,593.0
10109871PINHEIROM_2025-08-14_G03,10109871PINHEIROM,2025-08-14,118222,1,17,0,332.0
10109871PINHEIROM_2025-08-14_G04,10109871PINHEIROM,2025-08-14,110895,1,3,0,205.0
10109871PINHEIROM_2025-08-14_G05,10109871PINHEIROM,2025-08-14,111438,1,5,0,153.0
10109871PINHEIROM_2025-08-14_G06,10109871PINHEIROM,2025-08-14,110376,1,1,0,340.0
10109871PINHEIROM_2025-08-14_G07,10109871PINHEIROM,2025-08-14,117832,1,30,0,546.0
10109871PINHEIROM_2025-08-14_G08,10109871PINHEIROM,2025-08-14,117809,1,30,0,286.0
10109871PINHEIROM_2025-08-14_G09,10109871PINHEIROM,2025-08-14,110371,1,80,0,465.0
10109871PINHEIROM_2025-08-14_G10,10109871PINHEIROM,2025-08-14,110325,1,30,0,392.0
10109871PINHEIROM_2025-08-14_G11,10109871PINHEIROM,2025-08-14,117820,1,120,0,480.0
10109871PINHEIROM_2025-08-14_G12,10109871PINHEIROM,2025-08-14,110374,1,50,0,735.0
10109871PINHEIROM_2025-08-14_G13,10109871PINHEIROM,2025-08-14,110372,1,120,0,839.0
10109871PINHEIROM_2025-08-14_G14,10109871PINHEIROM,2025-08-14,117808,1,500,0,972.0
10109871PINHEIROM_2025-08-14_G16,10109871PINHEIROM,2025-08-14,110751,1,4,0,322.0
10109871PINHEIROM_2025-08-14_G17,10109871PINHEIROM,2025-08-14,108711,1,10,0,300.0
10109871PINHEIROM_2025-08-14_G18,10109871PINHEIROM,2025-08-14,111443,1,4,0,139.0
10109871PINHEIROM_2025-08-14_G19,10109871PINHEIROM,2025-08-14,117787,1,2,0,68.0
10109871PINHEIROM_2025-08-14_G20,10109871PINHEIROM,2025-08-14,118223,1,2,0,78.0
10109871PINHEIROM_2025-08-14_G21,10109871PINHEIROM,2025-08-14,117831,1,5,0,124.0
10109871PINHEIROM_2025-08-14_G22,10109871PINHEIROM,2025-08-14,107236,1,4,0,70.0
10109871PINHEIROM_2025-08-14_G23,10109871PINHEIROM,2025-08-14,117785,1,10,0,169.0
10109871PINHEIROM_2025-08-14_G24,10109871PINHEIROM,2025-08-14,117785,1,10,0,39.0
10109871PINHEIROM_2025-08-14_G25,10109871PINHEIROM,2025-08-14,111442,1,10,0,54.0
10109871PINHEIROM_2025-08-14_G26,10109871PINHEIROM,2025-08-14,110740,1,10,0,385.0
10109871PINHEIROM_2025-08-14_G27,10109871PINHEIROM,2025-08-14,117831,1,50,0,2965.0
10109871PINHEIROM_2025-08-14_G28,10109871PINHEIROM,2025-08-14,117785,1,70,0,397.0
10109871PINHEIROM_2025-08-14_G29,10109871PINHEIROM,2025-08-14,141823,1,30,0,653.0
10109871PINHEIROM_2025-08-14_G30,10109871PINHEIROM,2025-08-14,111330,1,20,0,692.0
10109871PINHEIROM_2025-08-15_G02,10109871PINHEIROM,2025-08-15,110313,1,7,0,170.0
10109871PINHEIROM_2025-08-15_G03,10109871PINHEIROM,2025-08-15,100334,1,8,0,372.0
10109871PINHEIROM_2025-08-15_G04,10109871PINHEIROM,2025-08-15,111602,1,1,0,1012.0
10109871PINHEIROM_2025-08-15_G05,10109871PINHEIROM,2025-08-15,111602,1,3,0,289.0
10109871PINHEIROM_2025-08-15_G06,10109871PINHEIROM,2025-08-15,140911,1,6,0,164.0
10109871PINHEIROM_2025-08-15_G07,10109871PINHEIROM,2025-08-15,117808,1,10,0,265.0
10109871PINHEIROM_2025-08-15_G08,10109871PINHEIROM,2025-08-15,117836,1,4,0,672.0
10109871PINHEIROM_2025-08-15_G09,10109871PINHEIROM,2025-08-15,117862,1,2,0,158.0
10109871PINHEIROM_2025-08-15_G10,10109871PINHEIROM,2025-08-15,105705,1,6,0,113.0
10109871PINHEIROM_2025-08-15_G11,10109871PINHEIROM,2025-08-15,111172,1,4,0,167.0
10109871PINHEIROM_2025-08-15_G12,10109871PINHEIROM,2025-08-15,110742,1,4,0,396.0
10109871PINHEIROM_2025-08-15_G13,10109871PINHEIROM,2025-08-15,110895,1,4,0,306.0
10109871PINHEIROM_2025-08-15_G14,10109871PINHEIROM,2025-08-15,111569,1,8,0,601.0
10109871PINHEIROM_2025-08-15_G15,10109871PINHEIROM,2025-08-15,107892,1,4,0,134.0
10109871PINHEIROM_2025-08-15_G16,10109871PINHEIROM,2025-08-15,110339,1,4,0,134.0
10109871PINHEIROM_2025-08-15_G17,10109871PINHEIROM,2025-08-15,111467,1,1,0,55.0
10109871PINHEIROM_2025-08-15_G18,10109871PINHEIROM,2025-08-15,110313,1,4,0,1446.0
10109871PINHEIROM_2025-08-15_G19,10109871PINHEIROM,2025-08-15,118140,1,4,0,370.0
10109871PINHEIROM_2025-08-15_G20,10109871PINHEIROM,2025-08-15,110787,1,12,0,337.0
10109871PINHEIROM_2025-08-15_G21,10109871PINHEIROM,2025-08-15,110313,1,4,0,184.0
10109871PINHEIROM_2025-08-15_G22,10109871PINHEIROM,2025-08-15,118140,1,1,0,121.0
10109871PINHEIROM_2025-08-15_G23,10109871PINHEIROM,2025-08-15,110787,2,9,5,136.0
10109871PINHEIROM_2025-08-15_G24,10109871PINHEIROM,2025-08-15,111463,1,6,0,270.0
10109871PINHEIROM_2025-08-15_G25,10109871PINHEIROM,2025-08-15,110373,1,8,0,796.0
10109871PINHEIROM_2025-08-15_G26,10109871PINHEIROM,2025-08-15,110313,1,1,0,121.0
10109871PINHEIROM_2025-08-15_G27,10109871PINHEIROM,2025-08-15,118140,1,20,0,422.0
10109871PINHEIROM_2025-08-16_G02,10109871PINHEIROM,2025-08-16,111182,1,4,0,62.0
10109871PINHEIROM_2025-08-16_G03,10109871PINHEIROM,2025-08-16,117831,1,8,0,103.0
10109871PINHEIROM_2025-08-16_G04,10109871PINHEIROM,2025-08-16,107236,1,6,0,52.0
10109871PINHEIROM_2025-08-16_G05,10109871PINHEIROM,2025-08-16,111442,1,4,0,60.0
10109871PINHEIROM_2025-08-16_G06,10109871PINHEIROM,2025-08-16,111172,1,9,0,128.0
10109871PINHEIROM_2025-08-16_G07,10109871PINHEIROM,2025-08-16,118299,1,11,0,104.0
10109871PINHEIROM_2025-08-16_G08,10109871PINHEIROM,2025-08-16,117808,1,450,0,1400.0
10109871PINHEIROM_2025-08-16_G09,10109871PINHEIROM,2025-08-16,110313,2,3,16,1365.0
10109871PINHEIROM_2025-08-16_G10,10109871PINHEIROM,2025-08-16,109643,1,2,0,1269.0
10109871PINHEIROM_2025-08-16_G11,10109871PINHEIROM,2025-08-16,118299,1,1,0,106.0
10109871PINHEIROM_2025-08-16_G12,10109871PINHEIROM,2025-08-16,117808,1,8,0,167.0
10109871PINHEIROM_2025-08-16_G13,10109871PINHEIROM,2025-08-16,117808,1,3,0,1952.0
10109871PINHEIROM_2025-08-16_G14,10109871PINHEIROM,2025-08-16,141202,1,1,0,47.0
10109871PINHEIROM_2025-08-16_G15,10109871PINHEIROM,2025-08-16,141458,1,4,0,57.0
10109871PINHEIROM_2025-08-16_G16,10109871PINHEIROM,2025-08-16,141457,1,4,0,133.0
10109871PINHEIROM_2025-08-16_G17,10109871PINHEIROM,2025-08-16,109641,1,4,0,818.0
10109871PINHEIROM_2025-08-16_G18,10109871PINHEIROM,2025-08-16,117785,1,30,0,935.0
10109871PINHEIROM_2025-08-16_G19,10109871PINHEIROM,2025-08-16,140922,1,4,0,114.0
10109871PINHEIROM_2025-08-16_G20,10109871PINHEIROM,2025-08-16,117821,1,8,0,262.0
10109871PINHEIROM_2025-08-16_G21,10109871PINHEIROM,2025-08-16,111465,1,4,0,126.0
10109871PINHEIROM_2025-08-16_G22,10109871PINHEIROM,2025-08-16,111467,1,14,0,158.0
10109871PINHEIROM_2025-08-16_G23,10109871PINHEIROM,2025-08-16,111463,1,50,0,971.0
10109871PINHEIROM_2025-08-16_G24,10109871PINHEIROM,2025-08-16,141458,1,60,0,429.0
10109871PINHEIROM_2025-08-16_G25,10109871PINHEIROM,2025-08-16,141457,1,60,0,514.0
10109871PINHEIROM_2025-08-16_G26,10109871PINHEIROM,2025-08-16,141456,1,60,0,727.0
10109871PINHEIROM_2025-08-16_G28,10109871PINHEIROM,2025-08-16,117820,1,100,0,617.0
10109871PINHEIROM_2025-08-16_G29,10109871PINHEIROM,2025-08-16,118222,1,100,0,1487.0
10109871PINHEIROM_2025-08-16_G30,10109871PINHEIROM,2025-08-16,117832,1,25,0,731.0
10109871PINHEIROM_2025-08-16_G31,10109871PINHEIROM,2025-08-16,117820,1,75,0,1485.0
10109871PINHEIROM_2025-08-16_G32,10109871PINHEIROM,2025-08-16,117809,1,100,0,298.0
10109871PINHEIROM_2025-08-16_G33,10109871PINHEIROM,2025-08-16,110371,1,100,0,458.0
10109871PINHEIROM_2025-08-16_G34,10109871PINHEIROM,2025-08-16,110743,1,50,0,983.0
10109871PINHEIROM_2025-08-16_G35,10109871PINHEIROM,2025-08-16,117833,1,50,0,302.0
10109871PINHEIROM_2025-08-18_G02,10109871PINHEIROM,2025-08-18,111569,1,50,0,910.0
10109871PINHEIROM_2025-08-18_G03,10109871PINHEIROM,2025-08-18,110733,1,60,0,364.0
10109871PINHEIROM_2025-08-18_G04,10109871PINHEIROM,2025-08-18,111602,1,119,0,586.0
10109871PINHEIROM_2025-08-18_G05,10109871PINHEIROM,2025-08-18,117831,1,266,0,817.0
10109871PINHEIROM_2025-08-18_G07,10109871PINHEIROM,2025-08-18,110711,1,80,0,534.0
10109871PINHEIROM_2025-08-18_G08,10109871PINHEIROM,2025-08-18,117856,1,50,0,174.0
10109871PINHEIROM_2025-08-18_G09,10109871PINHEIROM,2025-08-18,117856,1,20,0,441.0
10109871PINHEIROM_2025-08-18_G10,10109871PINHEIROM,2025-08-18,110581,1,4,0,405.0
10109871PINHEIROM_2025-08-18_G11,10109871PINHEIROM,2025-08-18,117853,1,10,0,201.0
10109871PINHEIROM_2025-08-18_G12,10109871PINHEIROM,2025-08-18,110313,1,2,0,121.0
10109871PINHEIROM_2025-08-18_G13,10109871PINHEIROM,2025-08-18,109640,1,34,0,591.0
10109871PINHEIROM_2025-08-18_G14,10109871PINHEIROM,2025-08-18,117856,1,6,0,1461.0
10109871PINHEIROM_2025-08-18_G15,10109871PINHEIROM,2025-08-18,111463,1,20,0,81.0
10109871PINHEIROM_2025-08-18_G16,10109871PINHEIROM,2025-08-18,141457,1,20,0,364.0
10109871PINHEIROM_2025-08-18_G17,10109871PINHEIROM,2025-08-18,118299,1,10,0,164.0
10109871PINHEIROM_2025-08-18_G18,10109871PINHEIROM,2025-08-18,110372,1,10,0,119.0
10109871PINHEIROM_2025-08-18_G19,10109871PINHEIROM,2025-08-18,117856,1,80,0,1280.0
10109871PINHEIROM_2025-08-18_G20,10109871PINHEIROM,2025-08-18,100334,1,4,0,689.0
10109871PINHEIROM_2025-08-18_G21,10109871PINHEIROM,2025-08-18,109647,1,1,0,161.0
10109871PINHEIROM_2025-08-18_G22,10109871PINHEIROM,2025-08-18,111439,1,4,0,96.0
10109871PINHEIROM_2025-08-18_G23,10109871PINHEIROM,2025-08-18,110372,2,50,7,1581.0
10109871PINHEIROM_2025-08-18_G24,10109871PINHEIROM,2025-08-18,118299,1,100,0,669.0
10109871PINHEIROM_2025-08-19_G02,10109871PINHEIROM,2025-08-19,111435,1,60,0,216.0
10109871PINHEIROM_2025-08-19_G03,10109871PINHEIROM,2025-08-19,117833,1,20,0,323.0
10109871PINHEIROM_2025-08-19_G04,10109871PINHEIROM,2025-08-19,117787,1,10,0,255.0
10109871PINHEIROM_2025-08-19_G05,10109871PINHEIROM,2025-08-19,105705,1,30,0,174.0
10109871PINHEIROM_2025-08-19_G06,10109871PINHEIROM,2025-08-19,108794,1,4,0,123.0
10109871PINHEIROM_2025-08-19_G07,10109871PINHEIROM,2025-08-19,117834,1,4,0,697.0
10109871PINHEIROM_2025-08-19_G08,10109871PINHEIROM,2025-08-19,111462,1,4,0,3310.0
10109871PINHEIROM_2025-08-19_G09,10109871PINHEIROM,2025-08-19,111466,1,4,0,1019.0
10109871PINHEIROM_2025-08-19_G10,10109871PINHEIROM,2025-08-19,111463,1,6,0,65.0
10109871PINHEIROM_2025-08-19_G11,10109871PINHEIROM,2025-08-19,111418,1,181,0,893.0
10109871PINHEIROM_2025-08-20_G02,10109871PINHEIROM,2025-08-20,117853,1,8,0,186.0
10109871PINHEIROM_2025-08-20_G03,10109871PINHEIROM,2025-08-20,111467,1,2,0,78.0
10109871PINHEIROM_2025-08-20_G04,10109871PINHEIROM,2025-08-20,107892,1,4,0,143.0
10109871PINHEIROM_2025-08-20_G05,10109871PINHEIROM,2025-08-20,111463,1,8,0,194.0
10109871PINHEIROM_2025-08-20_G06,10109871PINHEIROM,2025-08-20,118317,1,4,0,144.0
10109871PINHEIROM_2025-08-20_G07,10109871PINHEIROM,2025-08-20,111462,1,4,0,44.0
10109871PINHEIROM_2025-08-20_G08,10109871PINHEIROM,2025-08-20,111442,1,2,0,55.0
10109871PINHEIROM_2025-08-20_G09,10109871PINHEIROM,2025-08-20,110371,1,10,0,132.0
10109871PINHEIROM_2025-08-20_G10,10109871PINHEIROM,2025-08-20,111444,1,2,0,643.0
10109871PINHEIROM_2025-08-20_G11,10109871PINHEIROM,2025-08-20,111469,1,6,0,199.0
10109871PINHEIROM_2025-08-20_G12,10109871PINHEIROM,2025-08-20,140922,1,1,0,61.0
10109871PINHEIROM_2025-08-20_G13,10109871PINHEIROM,2025-08-20,109641,1,6,0,269.0
10109871PINHEIROM_2025-08-20_G14,10109871PINHEIROM,2025-08-20,117834,1,2,0,381.0
10109871PINHEIROM_2025-08-20_G15,10109871PINHEIROM,2025-08-20,110372,1,28,0,343.0
10109871PINHEIROM_2025-08-20_G16,10109871PINHEIROM,2025-08-20,110372,1,3,0,31.0
10109871PINHEIROM_2025-08-20_G17,10109871PINHEIROM,2025-08-20,110755,1,8,0,3537.0
10109871PINHEIROM_2025-08-20_G18,10109871PINHEIROM,2025-08-20,111438,1,6,0,184.0
10109871PINHEIROM_2025-08-20_G19,10109871PINHEIROM,2025-08-20,110747,1,15,0,586.0
10109871PINHEIROM_2025-08-20_G20,10109871PINHEIROM,2025-08-20,117855,1,8,0,177.0
10109871PINHEIROM_2025-08-20_G21,10109871PINHEIROM,2025-08-20,141047,1,8,0,143.0
10109871PINHEIROM_2025-08-20_G22,10109871PINHEIROM,2025-08-20,110752,1,8,0,162.0
10109871PINHEIROM_2025-08-20_G23,10109871PINHEIROM,2025-08-20,111469,1,7,0,428.0
10109871PINHEIROM_2025-08-20_G24,10109871PINHEIROM,2025-08-20,111463,1,9,0,194.0
10109871PINHEIROM_2025-08-20_G25,10109871PINHEIROM,2025-08-20,111418,1,15,0,659.0
10109871PINHEIROM_2025-08-20_G26,10109871PINHEIROM,2025-08-20,117831,1,7,0,180.0
10109871PINHEIROM_2025-08-20_G27,10109871PINHEIROM,2025-08-20,111433,1,4,0,457.0
10109871PINHEIROM_2025-08-20_G29,10109871PINHEIROM,2025-08-20,108794,1,7,0,78.0
10109871PINHEIROM_2025-08-20_G30,10109871PINHEIROM,2025-08-20,110740,1,10,0,165.0
10109871PINHEIROM_2025-08-20_G31,10109871PINHEIROM,2025-08-20,110325,1,10,0,193.0
10109871PINHEIROM_2025-08-20_G32,10109871PINHEIROM,2025-08-20,110371,1,9,0,389.0
10109871PINHEIROM_2025-08-20_G33,10109871PINHEIROM,2025-08-20,117808,1,30,0,604.0
10109871PINHEIROM_2025-08-20_G34,10109871PINHEIROM,2025-08-20,141202,1,7,0,64.0
10109871PINHEIROM_2025-08-20_G35,10109871PINHEIROM,2025-08-20,111753,1,8,0,753.0
10109871PINHEIROM_2025-08-20_G36,10109871PINHEIROM,2025-08-20,111740,1,8,0,223.0
10109871PINHEIROM_2025-08-20_G37,10109871PINHEIROM,2025-08-20,111751,1,4,0,133.0
10109871PINHEIROM_2025-08-20_G38,10109871PINHEIROM,2025-08-20,141262,1,12,0,270.0
10109871PINHEIROM_2025-08-20_G39,10109871PINHEIROM,2025-08-20,111722,1,4,0,95.0
10109871PINHEIROM_2025-08-20_G40,10109871PINHEIROM,2025-08-20,111743,1,10,0,3375.0
10109871PINHEIROM_2025-08-20_G41,10109871PINHEIROM,2025-08-20,111418,1,20,0,774.0
10109871PINHEIROM_2025-08-20_G42,10109871PINHEIROM,2025-08-20,110895,1,6,0,918.0
10109871PINHEIROM_2025-08-20_G43,10109871PINHEIROM,2025-08-20,141318,1,8,0,135.0
10109871PINHEIROM_2025-08-20_G44,10109871PINHEIROM,2025-08-20,111438,1,5,0,66.0
10109871PINHEIROM_2025-08-20_G45,10109871PINHEIROM,2025-08-20,117289,1,5,0,760.0
10109871PINHEIROM_2025-08-20_G46,10109871PINHEIROM,2025-08-20,110747,1,5,0,121.0
10109871PINHEIROM_2025-08-20_G47,10109871PINHEIROM,2025-08-20,117809,1,10,0,113.0
10109871PINHEIROM_2025-08-20_G48,10109871PINHEIROM,2025-08-20,110375,1,4,0,152.0
10109871PINHEIROM_2025-08-21_G02,10109871PINHEIROM,2025-08-21,111466,1,23,0,544.0
10109871PINHEIROM_2025-08-21_G03,10109871PINHEIROM,2025-08-21,111430,1,7,0,728.0
10109871PINHEIROM_2025-08-21_G04,10109871PINHEIROM,2025-08-21,111466,1,8,0,442.0
10109871PINHEIROM_2025-08-21_G05,10109871PINHEIROM,2025-08-21,118140,1,8,0,203.0
10109871PINHEIROM_2025-08-21_G06,10109871PINHEIROM,2025-08-21,111442,1,4,0,114.0
10109871PINHEIROM_2025-08-21_G07,10109871PINHEIROM,2025-08-21,117785,1,2,0,154.0
10109871PINHEIROM_2025-08-21_G08,10109871PINHEIROM,2025-08-21,141823,1,2,0,88.0
10109871PINHEIROM_2025-08-21_G09,10109871PINHEIROM,2025-08-21,110787,1,2,0,575.0
10109871PINHEIROM_2025-08-21_G10,10109871PINHEIROM,2025-08-21,117785,1,3,0,406.0
10109871PINHEIROM_2025-08-21_G11,10109871PINHEIROM,2025-08-21,117833,1,2,0,185.0
10109871PINHEIROM_2025-08-21_G12,10109871PINHEIROM,2025-08-21,109645,1,2,0,125.0
10109871PINHEIROM_2025-08-21_G13,10109871PINHEIROM,2025-08-21,105705,1,2,0,50.0
10109871PINHEIROM_2025-08-21_G14,10109871PINHEIROM,2025-08-21,117831,1,6,0,156.0
10109871PINHEIROM_2025-08-21_G15,10109871PINHEIROM,2025-08-21,107236,1,2,0,55.0
10109871PINHEIROM_2025-08-21_G16,10109871PINHEIROM,2025-08-21,108794,1,2,0,49.0
10109871PINHEIROM_2025-08-21_G17,10109871PINHEIROM,2025-08-21,118330,1,2,0,114.0
10109871PINHEIROM_2025-08-21_G18,10109871PINHEIROM,2025-08-21,110325,1,2,0,97.0
10109871PINHEIROM_2025-08-21_G19,10109871PINHEIROM,2025-08-21,117809,1,4,0,118.0
10109871PINHEIROM_2025-08-21_G20,10109871PINHEIROM,2025-08-21,118299,1,8,0,94.0
10109871PINHEIROM_2025-08-21_G21,10109871PINHEIROM,2025-08-21,111466,1,8,0,821.0
10109871PINHEIROM_2025-08-21_G22,10109871PINHEIROM,2025-08-21,117785,1,4,0,429.0
10109871PINHEIROM_2025-08-21_G23,10109871PINHEIROM,2025-08-21,111463,1,2,0,50.0
10109871PINHEIROM_2025-08-21_G24,10109871PINHEIROM,2025-08-21,118140,1,2,0,264.0
10109871PINHEIROM_2025-08-21_G25,10109871PINHEIROM,2025-08-21,111418,1,3,0,117.0
10109871PINHEIROM_2025-08-21_G26,10109871PINHEIROM,2025-08-21,117831,1,6,0,90.0
10109871PINHEIROM_2025-08-21_G27,10109871PINHEIROM,2025-08-21,110373,1,4,0,85.0
10109871PINHEIROM_2025-08-21_G28,10109871PINHEIROM,2025-08-21,118299,1,10,0,130.0
10109871PINHEIROM_2025-08-21_G29,10109871PINHEIROM,2025-08-21,117820,1,8,0,249.0
10109871PINHEIROM_2025-08-21_G30,10109871PINHEIROM,2025-08-21,117832,1,24,0,224.0
10109871PINHEIROM_2025-08-21_G31,10109871PINHEIROM,2025-08-21,118299,1,104,0,221.0
10109871PINHEIROM_2025-08-21_G32,10109871PINHEIROM,2025-08-21,117830,1,20,0,312.0
10109871PINHEIROM_2025-08-21_G34,10109871PINHEIROM,2025-08-21,111348,1,24,0,208.0
10109871PINHEIROM_2025-08-21_G35,10109871PINHEIROM,2025-08-21,109645,1,25,0,389.0
10109871PINHEIROM_2025-08-21_G36,10109871PINHEIROM,2025-08-21,109641,1,14,0,197.0
10109871PINHEIROM_2025-08-21_G37,10109871PINHEIROM,2025-08-21,111330,1,10,0,128.0
10109871PINHEIROM_2025-08-21_G38,10109871PINHEIROM,2025-08-21,109647,1,14,0,334.0
10109871PINHEIROM_2025-08-21_G39,10109871PINHEIROM,2025-08-21,117808,1,2000,0,3196.0
10109871PINHEIROM_2025-08-22_G02,10109871PINHEIROM,2025-08-22,111532,1,12,0,265.0
10109871PINHEIROM_2025-08-22_G03,10109871PINHEIROM,2025-08-22,111466,1,40,0,1534.0
10109871PINHEIROM_2025-08-22_G04,10109871PINHEIROM,2025-08-22,109643,1,20,0,366.0
10109871PINHEIROM_2025-08-22_G05,10109871PINHEIROM,2025-08-22,110373,1,100,0,258.0
10109871PINHEIROM_2025-08-22_G06,10109871PINHEIROM,2025-08-22,110372,1,80,0,486.0
10109871PINHEIROM_2025-08-22_G07,10109871PINHEIROM,2025-08-22,117832,1,55,0,478.0
10109871PINHEIROM_2025-08-22_G08,10109871PINHEIROM,2025-08-22,110375,1,35,0,442.0
10109871PINHEIROM_2025-08-22_G09,10109871PINHEIROM,2025-08-22,110580,1,4,0,368.0
10109871PINHEIROM_2025-08-22_G10,10109871PINHEIROM,2025-08-22,117856,1,14,0,286.0
10109871PINHEIROM_2025-08-22_G11,10109871PINHEIROM,2025-08-22,109647,1,10,0,269.0
10109871PINHEIROM_2025-08-22_G12,10109871PINHEIROM,2025-08-22,111602,1,14,0,159.0
10109871PINHEIROM_2025-08-22_G13,10109871PINHEIROM,2025-08-22,109641,1,13,0,313.0
10109871PINHEIROM_2025-08-22_G14,10109871PINHEIROM,2025-08-22,110374,1,45,0,682.0
10109871PINHEIROM_2025-08-22_G15,10109871PINHEIROM,2025-08-22,111530,1,32,0,1490.0
10109871PINHEIROM_2025-08-22_G16,10109871PINHEIROM,2025-08-22,111466,1,21,0,348.0
10109871PINHEIROM_2025-08-23_G02,10109871PINHEIROM,2025-08-23,110371,1,31,0,106.0
10109871PINHEIROM_2025-08-23_G04,10109871PINHEIROM,2025-08-23,117833,1,19,0,324.0
10109871PINHEIROM_2025-08-23_G05,10109871PINHEIROM,2025-08-23,117787,1,15,0,218.0
10109871PINHEIROM_2025-08-23_G06,10109871PINHEIROM,2025-08-23,118140,1,14,0,321.0
10109871PINHEIROM_2025-08-23_G07,10109871PINHEIROM,2025-08-23,111462,1,40,0,392.0
10109871PINHEIROM_2025-08-23_G08,10109871PINHEIROM,2025-08-23,111466,2,70,16,167.0
10109871PINHEIROM_2025-08-25_G02,10109871PINHEIROM,2025-08-25,108795,1,4,0,199.0
10109871PINHEIROM_2025-08-25_G03,10109871PINHEIROM,2025-08-25,117833,1,1,0,84.0
10109871PINHEIROM_2025-08-25_G04,10109871PINHEIROM,2025-08-25,111532,1,1,0,95.0
10109871PINHEIROM_2025-08-25_G05,10109871PINHEIROM,2025-08-25,111418,1,1,0,134.0
10109871PINHEIROM_2025-08-25_G06,10109871PINHEIROM,2025-08-25,110787,1,4,0,60.0
10109871PINHEIROM_2025-08-25_G07,10109871PINHEIROM,2025-08-25,110745,1,4,0,143.0
10109871PINHEIROM_2025-08-25_G08,10109871PINHEIROM,2025-08-25,110374,1,6,0,108.0
10109871PINHEIROM_2025-08-25_G09,10109871PINHEIROM,2025-08-25,117808,1,8,0,144.0
10109871PINHEIROM_2025-08-25_G10,10109871PINHEIROM,2025-08-25,110376,1,4,0,112.0
10109871PINHEIROM_2025-08-25_G11,10109871PINHEIROM,2025-08-25,117832,1,4,0,67.0
10109871PINHEIROM_2025-08-25_G12,10109871PINHEIROM,2025-08-25,110375,1,2,0,109.0
10109871PINHEIROM_2025-08-25_G13,10109871PINHEIROM,2025-08-25,141202,1,1,0,99.0
10109871PINHEIROM_2025-08-25_G14,10109871PINHEIROM,2025-08-25,108770,1,1,0,200.0
10109871PINHEIROM_2025-08-25_G15,10109871PINHEIROM,2025-08-25,111530,1,1,0,240.0
10109871PINHEIROM_2025-08-25_G16,10109871PINHEIROM,2025-08-25,110742,1,4,0,355.0
10109871PINHEIROM_2025-08-25_G17,10109871PINHEIROM,2025-08-25,111569,1,4,0,280.0
10109871PINHEIROM_2025-08-25_G18,10109871PINHEIROM,2025-08-25,111430,1,2,0,479.0
10109871PINHEIROM_2025-08-25_G19,10109871PINHEIROM,2025-08-25,111469,1,3,0,1357.0
10109871PINHEIROM_2025-08-25_G20,10109871PINHEIROM,2025-08-25,108711,1,7,0,106.0
10109871PINHEIROM_2025-08-25_G21,10109871PINHEIROM,2025-08-25,111463,1,10,0,91.0
10109871PINHEIROM_2025-08-25_G22,10109871PINHEIROM,2025-08-25,111532,1,20,0,397.0
10109871PINHEIROM_2025-08-25_G23,10109871PINHEIROM,2025-08-25,111418,1,3,0,140.0
10109871PINHEIROM_2025-08-25_G24,10109871PINHEIROM,2025-08-25,111466,1,17,0,152.0
10109871PINHEIROM_2025-08-25_G25,10109871PINHEIROM,2025-08-25,110787,1,7,0,74.0
10109871PINHEIROM_2025-08-25_G26,10109871PINHEIROM,2025-08-25,111182,1,3,0,80.0
10109871PINHEIROM_2025-08-25_G27,10109871PINHEIROM,2025-08-25,111462,1,7,0,395.0
10109871PINHEIROM_2025-08-25_G28,10109871PINHEIROM,2025-08-25,110740,1,6,0,165.0
10109871PINHEIROM_2025-08-25_G29,10109871PINHEIROM,2025-08-25,111465,1,1,0,75.0
10109871PINHEIROM_2025-08-25_G30,10109871PINHEIROM,2025-08-25,111530,1,15,0,810.0
10109871PINHEIROM_2025-08-25_G31,10109871PINHEIROM,2025-08-25,117856,1,7,0,192.0
10109871PINHEIROM_2025-08-25_G32,10109871PINHEIROM,2025-08-25,110733,1,4,0,116.0
10109871PINHEIROM_2025-08-25_G33,10109871PINHEIROM,2025-08-25,141047,1,1,0,117.0
10109871PINHEIROM_2025-08-25_G34,10109871PINHEIROM,2025-08-25,110515,1,3,0,137.0
10109871PINHEIROM_2025-08-25_G35,10109871PINHEIROM,2025-08-25,109643,1,4,0,188.0
10109871PINHEIROM_2025-08-25_G36,10109871PINHEIROM,2025-08-25,110374,1,5,0,67.0
10109871PINHEIROM_2025-08-25_G37,10109871PINHEIROM,2025-08-25,110325,1,2,0,82.0
10109871PINHEIROM_2025-08-25_G38,10109871PINHEIROM,2025-08-25,110373,1,9,0,188.0
10109871PINHEIROM_2025-08-25_G39,10109871PINHEIROM,2025-08-25,110372,1,11,0,171.0
10109871PINHEIROM_2025-08-25_G40,10109871PINHEIROM,2025-08-25,110371,1,11,0,317.0
10109871PINHEIROM_2025-08-25_G41,10109871PINHEIROM,2025-08-25,111430,1,6,0,515.0
10109871PINHEIROM_2025-08-25_G42,10109871PINHEIROM,2025-08-25,110747,1,7,0,179.0
10109871PINHEIROM_2025-08-25_G43,10109871PINHEIROM,2025-08-25,111438,1,2,0,48.0
10109871PINHEIROM_2025-08-25_G44,10109871PINHEIROM,2025-08-25,110376,2,7,7,121.0
10109871PINHEIROM_2025-08-25_G45,10109871PINHEIROM,2025-08-25,111468,1,5,0,147.0
10109871PINHEIROM_2025-08-25_G46,10109871PINHEIROM,2025-08-25,111418,1,34,0,812.0
10109871PINHEIROM_2025-08-25_G48,10109871PINHEIROM,2025-08-25,108759,1,2,0,933.0
10109871PINHEIROM_2025-08-25_G49,10109871PINHEIROM,2025-08-25,110755,1,4,0,85.0
10109871PINHEIROM_2025-08-25_G50,10109871PINHEIROM,2025-08-25,100334,1,2,0,109.0
10109871PINHEIROM_2025-08-25_G51,10109871PINHEIROM,2025-08-25,111469,1,4,0,582.0
10109871PINHEIROM_2025-08-25_G52,10109871PINHEIROM,2025-08-25,108711,1,5,0,272.0
10109871PINHEIROM_2025-08-25_G53,10109871PINHEIROM,2025-08-25,117833,1,2,0,107.0
10109871PINHEIROM_2025-08-25_G54,10109871PINHEIROM,2025-08-25,140922,1,8,0,94.0
10109871PINHEIROM_2025-08-25_G55,10109871PINHEIROM,2025-08-25,111418,1,4,0,95.0
10109871PINHEIROM_2025-08-25_G56,10109871PINHEIROM,2025-08-25,111466,1,2,0,67.0
10109871PINHEIROM_2025-08-25_G57,10109871PINHEIROM,2025-08-25,110787,1,4,0,66.0
10109871PINHEIROM_2025-08-25_G58,10109871PINHEIROM,2025-08-25,111172,1,2,0,103.0
10109871PINHEIROM_2025-08-25_G59,10109871PINHEIROM,2025-08-25,110740,1,4,0,94.0
10109871PINHEIROM_2025-08-25_G60,10109871PINHEIROM,2025-08-25,111530,2,4,6,247.0
10109871PINHEIROM_2025-08-25_G61,10109871PINHEIROM,2025-08-25,117862,1,4,0,143.0
10109871PINHEIROM_2025-08-25_G62,10109871PINHEIROM,2025-08-25,108772,1,2,0,106.0
10109871PINHEIROM_2025-08-25_G63,10109871PINHEIROM,2025-08-25,117853,1,2,0,45.0
10109871PINHEIROM_2025-08-25_G64,10109871PINHEIROM,2025-08-25,110515,1,4,0,226.0
10109871PINHEIROM_2025-08-25_G65,10109871PINHEIROM,2025-08-25,117808,1,12,0,201.0
10109871PINHEIROM_2025-08-25_G66,10109871PINHEIROM,2025-08-25,111469,1,4,0,670.0
10109871PINHEIROM_2025-08-25_G67,10109871PINHEIROM,2025-08-25,111463,1,9,0,330.0
10109871PINHEIROM_2025-08-25_G68,10109871PINHEIROM,2025-08-25,111532,1,19,0,193.0
10109871PINHEIROM_2025-08-25_G69,10109871PINHEIROM,2025-08-25,111418,1,3,0,243.0
10109871PINHEIROM_2025-08-25_G70,10109871PINHEIROM,2025-08-25,111462,1,8,0,224.0
10109871PINHEIROM_2025-08-25_G71,10109871PINHEIROM,2025-08-25,117862,1,1,0,110.0
10109871PINHEIROM_2025-08-25_G72,10109871PINHEIROM,2025-08-25,117855,1,9,0,320.0
10109871PINHEIROM_2025-08-25_G73,10109871PINHEIROM,2025-08-25,141047,1,1,0,328.0
10109871PINHEIROM_2025-08-25_G74,10109871PINHEIROM,2025-08-25,110339,1,6,0,247.0
10109871PINHEIROM_2025-08-25_G75,10109871PINHEIROM,2025-08-25,110752,1,3,0,407.0
10109871PINHEIROM_2025-08-27_G02,10109871PINHEIROM,2025-08-27,111469,2,31,14,71.0
10109871PINHEIROM_2025-08-27_G03,10109871PINHEIROM,2025-08-27,117838,1,1,0,251.0
10109871PINHEIROM_2025-08-27_G04,10109871PINHEIROM,2025-08-27,111463,1,29,0,372.0
10109871PINHEIROM_2025-08-27_G05,10109871PINHEIROM,2025-08-27,111463,1,15,0,38.0
10109871PINHEIROM_2025-08-27_G06,10109871PINHEIROM,2025-08-27,117821,1,5,0,398.0
10109871PINHEIROM_2025-08-27_G07,10109871PINHEIROM,2025-08-27,140922,1,3,0,851.0
10109871PINHEIROM_2025-08-27_G08,10109871PINHEIROM,2025-08-27,117842,1,1,0,231.0
10109871PINHEIROM_2025-08-27_G09,10109871PINHEIROM,2025-08-27,111466,1,11,0,62.0
10109871PINHEIROM_2025-08-27_G10,10109871PINHEIROM,2025-08-27,111172,1,1,0,344.0
10109871PINHEIROM_2025-08-27_G11,10109871PINHEIROM,2025-08-27,110787,1,2,0,69.0
10109871PINHEIROM_2025-08-27_G12,10109871PINHEIROM,2025-08-27,107236,2,8,8,71.0
10109871PINHEIROM_2025-08-27_G13,10109871PINHEIROM,2025-08-27,109641,1,1,0,103.0
10109871PINHEIROM_2025-08-27_G14,10109871PINHEIROM,2025-08-27,111433,1,3,0,66.0
10109871PINHEIROM_2025-08-27_G15,10109871PINHEIROM,2025-08-27,111462,2,10,7,119.0
10109871PINHEIROM_2025-08-27_G16,10109871PINHEIROM,2025-08-27,118330,1,8,0,236.0
10109871PINHEIROM_2025-08-27_G17,10109871PINHEIROM,2025-08-27,110740,1,2,0,62.0
10109871PINHEIROM_2025-08-27_G18,10109871PINHEIROM,2025-08-27,111182,1,1,0,97.0
10109871PINHEIROM_2025-08-27_G19,10109871PINHEIROM,2025-08-27,117788,1,8,0,205.0
10109871PINHEIROM_2025-08-27_G20,10109871PINHEIROM,2025-08-27,117862,1,9,0,176.0
10109871PINHEIROM_2025-08-27_G21,10109871PINHEIROM,2025-08-27,117855,1,8,0,1233.0
10109871PINHEIROM_2025-08-27_G22,10109871PINHEIROM,2025-08-27,110711,1,4,0,263.0
10109871PINHEIROM_2025-08-27_G23,10109871PINHEIROM,2025-08-27,117935,1,7,0,131.0
10109871PINHEIROM_2025-08-27_G24,10109871PINHEIROM,2025-08-27,141047,1,4,0,113.0
10109871PINHEIROM_2025-08-27_G25,10109871PINHEIROM,2025-08-27,111602,2,11,8,85.0
10109871PINHEIROM_2025-08-27_G26,10109871PINHEIROM,2025-08-27,108772,1,1,0,118.0
10109871PINHEIROM_2025-08-27_G27,10109871PINHEIROM,2025-08-27,117837,1,4,0,115.0
10109871PINHEIROM_2025-08-27_G28,10109871PINHEIROM,2025-08-27,118306,1,4,0,627.0
10109871PINHEIROM_2025-08-27_G29,10109871PINHEIROM,2025-08-27,111441,1,4,0,289.0
10109871PINHEIROM_2025-08-27_G30,10109871PINHEIROM,2025-08-27,160057,1,3,0,264.0
10109871PINHEIROM_2025-08-27_G31,10109871PINHEIROM,2025-08-27,110742,1,3,0,153.0
10109871PINHEIROM_2025-08-27_G32,10109871PINHEIROM,2025-08-27,118222,2,13,7,230.0
10109871PINHEIROM_2025-08-27_G33,10109871PINHEIROM,2025-08-27,117838,1,2,0,834.0
10109871PINHEIROM_2025-08-27_G34,10109871PINHEIROM,2025-08-27,108795,1,1,0,44.0
10109871PINHEIROM_2025-08-27_G35,10109871PINHEIROM,2025-08-27,117785,1,3,0,75.0
10109871PINHEIROM_2025-08-27_G36,10109871PINHEIROM,2025-08-27,108711,1,2,0,67.0
10109871PINHEIROM_2025-08-27_G37,10109871PINHEIROM,2025-08-27,111743,1,2,0,127.0
10109871PINHEIROM_2025-08-27_G38,10109871PINHEIROM,2025-08-27,117821,1,2,0,123.0
10109871PINHEIROM_2025-08-27_G39,10109871PINHEIROM,2025-08-27,108798,1,2,0,130.0
10109871PINHEIROM_2025-08-27_G40,10109871PINHEIROM,2025-08-27,117787,1,2,0,72.0
10109871PINHEIROM_2025-08-27_G41,10109871PINHEIROM,2025-08-27,111532,1,4,0,200.0
10109871PINHEIROM_2025-08-27_G42,10109871PINHEIROM,2025-08-27,108794,1,4,0,158.0
10109871PINHEIROM_2025-08-27_G43,10109871PINHEIROM,2025-08-27,111466,1,2,0,74.0
10109871PINHEIROM_2025-08-27_G44,10109871PINHEIROM,2025-08-27,111172,1,2,0,73.0
10109871PINHEIROM_2025-08-27_G45,10109871PINHEIROM,2025-08-27,110787,1,5,0,98.0
10109871PINHEIROM_2025-08-27_G46,10109871PINHEIROM,2025-08-27,111465,1,2,0,94.0
10109871PINHEIROM_2025-08-27_G47,10109871PINHEIROM,2025-08-27,117808,1,6,0,579.0
10109871PINHEIROM_2025-08-27_G48,10109871PINHEIROM,2025-08-27,110515,1,8,0,588.0
10109871PINHEIROM_2025-08-27_G49,10109871PINHEIROM,2025-08-27,117808,1,16,0,188.0
10109871PINHEIROM_2025-08-27_G50,10109871PINHEIROM,2025-08-27,117809,1,20,0,186.0
10109871PINHEIROM_2025-08-27_G51,10109871PINHEIROM,2025-08-27,110373,1,2,0,349.0
10109871PINHEIROM_2025-08-27_G52,10109871PINHEIROM,2025-08-27,111660,1,2,0,117.0
10109871PINHEIROM_2025-08-27_G54,10109871PINHEIROM,2025-08-27,110787,1,8,0,217.0
10109871PINHEIROM_2025-08-27_G55,10109871PINHEIROM,2025-08-27,116241,1,2,0,136.0
10109871PINHEIROM_2025-08-27_G56,10109871PINHEIROM,2025-08-27,111435,1,2,0,571.0
10109871PINHEIROM_2025-08-27_G57,10109871PINHEIROM,2025-08-27,117838,1,4,0,86.0
10109871PINHEIROM_2025-08-27_G58,10109871PINHEIROM,2025-08-27,110751,1,4,0,103.0
10109871PINHEIROM_2025-08-27_G59,10109871PINHEIROM,2025-08-27,140922,1,10,0,152.0
10109871PINHEIROM_2025-08-27_G60,10109871PINHEIROM,2025-08-27,141457,1,6,0,158.0
10109871PINHEIROM_2025-08-27_G61,10109871PINHEIROM,2025-08-27,110745,1,9,0,115.0
10109871PINHEIROM_2025-08-27_G62,10109871PINHEIROM,2025-08-27,111330,1,7,0,95.0
10109871PINHEIROM_2025-08-27_G63,10109871PINHEIROM,2025-08-27,110740,1,12,0,132.0
10109871PINHEIROM_2025-08-27_G64,10109871PINHEIROM,2025-08-27,107629,1,2,0,698.0
10109871PINHEIROM_2025-08-27_G65,10109871PINHEIROM,2025-08-27,117856,1,10,0,208.0
10109871PINHEIROM_2025-08-27_G66,10109871PINHEIROM,2025-08-27,117935,1,4,0,106.0
10109871PINHEIROM_2025-08-27_G67,10109871PINHEIROM,2025-08-27,117853,1,4,0,77.0
10109871PINHEIROM_2025-08-27_G68,10109871PINHEIROM,2025-08-27,141047,1,8,0,112.0
10109871PINHEIROM_2025-08-27_G69,10109871PINHEIROM,2025-08-27,117837,1,4,0,146.0
10109871PINHEIROM_2025-08-27_G70,10109871PINHEIROM,2025-08-27,107892,1,1,0,183.0
10109871PINHEIROM_2025-08-27_G71,10109871PINHEIROM,2025-08-27,110375,1,20,0,693.0
10109871PINHEIROM_2025-08-27_G72,10109871PINHEIROM,2025-08-27,117809,1,30,0,288.0
10109871PINHEIROM_2025-08-27_G73,10109871PINHEIROM,2025-08-27,117832,1,20,0,128.0
10109871PINHEIROM_2025-08-27_G74,10109871PINHEIROM,2025-08-27,111530,1,4,0,656.0
10109871PINHEIROM_2025-08-27_G75,10109871PINHEIROM,2025-08-27,107629,1,1,0,91.0
10109871PINHEIROM_2025-08-27_G76,10109871PINHEIROM,2025-08-27,117935,1,1,0,91.0
10109871PINHEIROM_2025-08-27_G77,10109871PINHEIROM,2025-08-27,111602,1,2,0,117.0
10109871PINHEIROM_2025-08-27_G78,10109871PINHEIROM,2025-08-27,108772,1,2,0,58.0
10109871PINHEIROM_2025-08-27_G79,10109871PINHEIROM,2025-08-27,110515,1,5,0,93.0
10109871PINHEIROM_2025-08-27_G80,10109871PINHEIROM,2025-08-27,117831,1,6,0,147.0
10109871PINHEIROM_2025-08-27_G81,10109871PINHEIROM,2025-08-27,111530,1,4,0,2298.0
10109871PINHEIROM_2025-08-27_G82,10109871PINHEIROM,2025-08-27,117935,1,1,0,376.0
10109871PINHEIROM_2025-08-27_G83,10109871PINHEIROM,2025-08-27,117861,1,2,0,72.0
10109871PINHEIROM_2025-08-27_G84,10109871PINHEIROM,2025-08-27,110733,1,3,0,92.0
10109871PINHEIROM_2025-08-27_G85,10109871PINHEIROM,2025-08-27,111602,1,2,0,99.0
10109871PINHEIROM_2025-08-27_G86,10109871PINHEIROM,2025-08-27,110515,1,2,0,76.0
10109871PINHEIROM_2025-08-27_G87,10109871PINHEIROM,2025-08-27,118222,1,2,0,206.0
10109871PINHEIROM_2025-08-27_G88,10109871PINHEIROM,2025-08-27,118290,1,1,0,105.0
10109871PINHEIROM_2025-08-27_G89,10109871PINHEIROM,2025-08-27,111469,1,12,0,131.0
10109871PINHEIROM_2025-08-27_G90,10109871PINHEIROM,2025-08-27,109645,1,2,0,94.0
10109871PINHEIROM_2025-08-27_G91,10109871PINHEIROM,2025-08-27,111418,1,8,0,608.0
10109871PINHEIROM_2025-08-27_G92,10109871PINHEIROM,2025-08-27,118140,1,3,0,292.0
10109871PINHEIROM_2025-08-28_G02,10109871PINHEIROM,2025-08-28,117935,1,3,0,134.0
10109871PINHEIROM_2025-08-28_G03,10109871PINHEIROM,2025-08-28,111530,1,71,0,594.0
10109871PINHEIROM_2025-08-28_G04,10109871PINHEIROM,2025-08-28,111441,1,12,0,526.0
10109871PINHEIROM_2025-08-28_G05,10109871PINHEIROM,2025-08-28,110313,1,6,0,268.0
10109871PINHEIROM_2025-08-28_G06,10109871PINHEIROM,2025-08-28,117935,1,2,0,84.0
10109871PINHEIROM_2025-08-28_G07,10109871PINHEIROM,2025-08-28,110748,1,2,0,93.0
10109871PINHEIROM_2025-08-28_G08,10109871PINHEIROM,2025-08-28,110374,1,14,0,696.0
10109871PINHEIROM_2025-08-28_G09,10109871PINHEIROM,2025-08-28,117808,3,979,36,366.0
10109871PINHEIROM_2025-08-28_G10,10109871PINHEIROM,2025-08-28,117820,2,100,9,1753.0
10109871PINHEIROM_2025-08-28_G11,10109871PINHEIROM,2025-08-28,110376,1,20,0,433.0
10109871PINHEIROM_2025-08-28_G12,10109871PINHEIROM,2025-08-28,117832,1,8,0,851.0
10109871PINHEIROM_2025-08-28_G13,10109871PINHEIROM,2025-08-28,110371,1,16,0,177.0
10109871PINHEIROM_2025-08-28_G14,10109871PINHEIROM,2025-08-28,117830,1,30,0,173.0
10109871PINHEIROM_2025-08-28_G15,10109871PINHEIROM,2025-08-28,110733,1,4,0,2207.0
10109871PINHEIROM_2025-08-28_G16,10109871PINHEIROM,2025-08-28,110787,1,2,0,105.0
10109871PINHEIROM_2025-08-28_G17,10109871PINHEIROM,2025-08-28,111418,1,3,0,90.0
10109871PINHEIROM_2025-08-28_G18,10109871PINHEIROM,2025-08-28,111469,1,2,0,60.0
10109871PINHEIROM_2025-08-28_G19,10109871PINHEIROM,2025-08-28,111466,1,6,0,59.0
10109871PINHEIROM_2025-08-28_G20,10109871PINHEIROM,2025-08-28,111462,1,6,0,96.0
10109871PINHEIROM_2025-08-28_G21,10109871PINHEIROM,2025-08-28,117808,1,10,0,311.0
10109871PINHEIROM_2025-08-28_G22,10109871PINHEIROM,2025-08-28,117820,1,4,0,88.0
10109871PINHEIROM_2025-08-28_G23,10109871PINHEIROM,2025-08-28,110373,1,12,0,204.0
10109871PINHEIROM_2025-08-28_G24,10109871PINHEIROM,2025-08-28,110372,1,14,0,189.0
10109871PINHEIROM_2025-08-28_G25,10109871PINHEIROM,2025-08-28,118299,1,50,0,491.0
10109871PINHEIROM_2025-08-28_G26,10109871PINHEIROM,2025-08-28,110313,1,2,0,339.0
10109871PINHEIROM_2025-08-28_G27,10109871PINHEIROM,2025-08-28,111530,1,3,0,133.0
10109871PINHEIROM_2025-08-28_G28,10109871PINHEIROM,2025-08-28,117935,1,1,0,58.0
10109871PINHEIROM_2025-08-28_G29,10109871PINHEIROM,2025-08-28,111602,1,4,0,128.0
10109871PINHEIROM_2025-08-28_G30,10109871PINHEIROM,2025-08-28,141457,1,8,0,449.0
10109871PINHEIROM_2025-08-28_G31,10109871PINHEIROM,2025-08-28,110895,1,4,0,1044.0
10109871PINHEIROM_2025-08-28_G33,10109871PINHEIROM,2025-08-28,117785,1,34,0,1796.0
10109871PINHEIROM_2025-08-28_G34,10109871PINHEIROM,2025-08-28,117820,1,24,0,369.0
10109871PINHEIROM_2025-08-29_G02,10109871PINHEIROM,2025-08-29,110787,1,4,0,196.0
10109871PINHEIROM_2025-08-29_G03,10109871PINHEIROM,2025-08-29,107830,1,6,0,167.0
10109871PINHEIROM_2025-08-29_G04,10109871PINHEIROM,2025-08-29,110313,1,5,0,343.0
10109871PINHEIROM_2025-08-29_G05,10109871PINHEIROM,2025-08-29,117830,1,2,0,380.0
10109871PINHEIROM_2025-08-29_G06,10109871PINHEIROM,2025-08-29,117822,1,4,0,74.0
10109871PINHEIROM_2025-08-29_G07,10109871PINHEIROM,2025-08-29,117862,1,4,0,201.0
10109871PINHEIROM_2025-08-29_G08,10109871PINHEIROM,2025-08-29,110711,1,4,0,70.0
10109871PINHEIROM_2025-08-29_G09,10109871PINHEIROM,2025-08-29,111530,1,4,0,135.0
10109871PINHEIROM_2025-08-29_G10,10109871PINHEIROM,2025-08-29,117786,1,2,0,86.0
10109871PINHEIROM_2025-08-29_G11,10109871PINHEIROM,2025-08-29,117785,1,4,0,128.0
10109871PINHEIROM_2025-08-29_G12,10109871PINHEIROM,2025-08-29,111418,1,8,0,138.0
10109871PINHEIROM_2025-08-29_G13,10109871PINHEIROM,2025-08-29,118140,1,4,0,65.0
10109871PINHEIROM_2025-08-29_G14,10109871PINHEIROM,2025-08-29,111469,1,8,0,80.0
10109871PINHEIROM_2025-08-29_G15,10109871PINHEIROM,2025-08-29,117935,2,6,12,822.0
10109871PINHEIROM_2025-08-29_G16,10109871PINHEIROM,2025-08-29,111467,1,1,0,155.0
10109871PINHEIROM_2025-08-29_G17,10109871PINHEIROM,2025-08-29,110895,1,4,0,286.0
10109871PINHEIROM_2025-08-29_G18,10109871PINHEIROM,2025-08-29,111532,1,4,0,165.0
10109871PINHEIROM_2025-08-29_G19,10109871PINHEIROM,2025-08-29,110313,1,4,0,147.0
10109871PINHEIROM_2025-08-29_G20,10109871PINHEIROM,2025-08-29,110711,1,4,0,204.0
10109871PINHEIROM_2025-08-29_G21,10109871PINHEIROM,2025-08-29,118222,1,12,0,1365.0
10109871PINHEIROM_2025-08-29_G22,10109871PINHEIROM,2025-08-29,110742,1,4,0,311.0
10109871PINHEIROM_2025-08-29_G23,10109871PINHEIROM,2025-08-29,107904,1,8,0,735.0
10109871PINHEIROM_2025-08-29_G24,10109871PINHEIROM,2025-08-29,111441,1,8,0,406.0
10109871PINHEIROM_2025-08-29_G25,10109871PINHEIROM,2025-08-29,110895,2,8,9,62.0
10109871PINHEIROM_2025-08-29_G26,10109871PINHEIROM,2025-08-29,118290,1,8,0,186.0
10109871PINHEIROM_2025-08-29_G27,10109871PINHEIROM,2025-08-29,100334,1,4,0,228.0
10109871PINHEIROM_2025-08-29_G28,10109871PINHEIROM,2025-08-29,110755,1,4,0,75.0
10109871PINHEIROM_2025-08-29_G29,10109871PINHEIROM,2025-08-29,111655,1,4,0,122.0
10109871PINHEIROM_2025-08-29_G30,10109871PINHEIROM,2025-08-29,111569,1,8,0,286.0
10109871PINHEIROM_2025-08-29_G31,10109871PINHEIROM,2025-08-29,117835,1,8,0,106.0
10109871PINHEIROM_2025-08-29_G32,10109871PINHEIROM,2025-08-29,140911,1,4,0,121.0
10109871PINHEIROM_2025-08-29_G33,10109871PINHEIROM,2025-08-29,111438,1,8,0,149.0
10109871PINHEIROM_2025-08-29_G34,10109871PINHEIROM,2025-08-29,110754,1,4,0,426.0
10109871PINHEIROM_2025-08-29_G35,10109871PINHEIROM,2025-08-29,111660,1,8,0,295.0
10109871PINHEIROM_2025-08-29_G36,10109871PINHEIROM,2025-08-29,111435,1,8,0,186.0
10109871PINHEIROM_2025-08-29_G37,10109871PINHEIROM,2025-08-29,108795,1,8,0,221.0
10109871PINHEIROM_2025-08-29_G38,10109871PINHEIROM,2025-08-29,110743,1,4,0,111.0
10109871PINHEIROM_2025-08-29_G39,10109871PINHEIROM,2025-08-29,110751,1,4,0,270.0
10109871PINHEIROM_2025-08-29_G40,10109871PINHEIROM,2025-08-29,108711,1,4,0,77.0
10109871PINHEIROM_2025-08-29_G41,10109871PINHEIROM,2025-08-29,140922,1,4,0,82.0
10109871PINHEIROM_2025-08-29_G42,10109871PINHEIROM,2025-08-29,111463,1,12,0,262.0
10109871PINHEIROM_2025-08-29_G43,10109871PINHEIROM,2025-08-29,116241,1,8,0,572.0
10109871PINHEIROM_2025-08-29_G44,10109871PINHEIROM,2025-08-29,117785,1,28,0,331.0
10109871PINHEIROM_2025-08-29_G45,10109871PINHEIROM,2025-08-29,109645,1,4,0,184.0
10109871PINHEIROM_2025-08-29_G46,10109871PINHEIROM,2025-08-29,110748,1,4,0,198.0
10109871PINHEIROM_2025-08-29_G47,10109871PINHEIROM,2025-08-29,118140,1,8,0,79.0
10109871PINHEIROM_2025-08-29_G49,10109871PINHEIROM,2025-08-29,117831,1,12,0,249.0
10109871PINHEIROM_2025-08-29_G50,10109871PINHEIROM,2025-08-29,111433,1,4,0,309.0
10109871PINHEIROM_2025-08-29_G51,10109871PINHEIROM,2025-08-29,111418,1,36,0,593.0
10109871PINHEIROM_2025-08-29_G52,10109871PINHEIROM,2025-08-29,110373,1,300,0,1508.0
10109871PINHEIROM_2025-08-29_G53,10109871PINHEIROM,2025-08-29,118299,1,200,0,1155.0
10109871PINHEIROM_2025-08-29_G54,10109871PINHEIROM,2025-08-29,117820,1,100,0,637.0
10109871PINHEIROM_2025-08-29_G55,10109871PINHEIROM,2025-08-29,110372,1,200,0,311.0
10109871PINHEIROM_2025-08-29_G56,10109871PINHEIROM,2025-08-29,110375,1,20,0,486.0
10109871PINHEIROM_2025-08-29_G57,10109871PINHEIROM,2025-08-29,117822,1,10,0,203.0
10109871PINHEIROM_2025-08-29_G59,10109871PINHEIROM,2025-08-29,111530,1,30,0,446.0
10109871PINHEIROM_2025-08-29_G60,10109871PINHEIROM,2025-08-29,117935,1,21,0,175.0
10109871PINHEIROM_2025-08-29_G61,10109871PINHEIROM,2025-08-29,117855,1,20,0,385.0
10109871PINHEIROM_2025-08-29_G62,10109871PINHEIROM,2025-08-29,110515,1,80,0,708.0
10109871PINHEIROM_2025-08-30_G02,10109871PINHEIROM,2025-08-30,111742,2,8,7,354.0
10109871PINHEIROM_2025-08-30_G03,10109871PINHEIROM,2025-08-30,111740,2,12,8,497.0
10109871PINHEIROM_2025-08-30_G04,10109871PINHEIROM,2025-08-30,141261,2,14,6,336.0
10109871PINHEIROM_2025-08-30_G05,10109871PINHEIROM,2025-08-30,111722,2,8,6,136.0
10109871PINHEIROM_2025-08-30_G06,10109871PINHEIROM,2025-08-30,141262,2,24,7,225.0
10109871PINHEIROM_2025-08-30_G07,10109871PINHEIROM,2025-08-30,118222,1,7,0,501.0
10109871PINHEIROM_2025-08-30_G08,10109871PINHEIROM,2025-08-30,111430,1,4,0,147.0
10109871PINHEIROM_2025-08-30_G09,10109871PINHEIROM,2025-08-30,111430,1,4,0,41.0
10109871PINHEIROM_2025-08-30_G10,10109871PINHEIROM,2025-08-30,111634,2,12,7,245.0
10109871PINHEIROM_2025-08-30_G11,10109871PINHEIROM,2025-08-30,110313,1,4,0,498.0
10109871PINHEIROM_2025-08-30_G12,10109871PINHEIROM,2025-08-30,118094,1,5,0,155.0
10109871PINHEIROM_2025-08-30_G13,10109871PINHEIROM,2025-08-30,117935,2,12,10,125.0
10109871PINHEIROM_2025-08-30_G14,10109871PINHEIROM,2025-08-30,109647,1,7,0,111.0
10109871PINHEIROM_2025-08-30_G15,10109871PINHEIROM,2025-08-30,117855,1,20,0,578.0
10109871PINHEIROM_2025-08-30_G16,10109871PINHEIROM,2025-08-30,111602,1,12,0,2618.0
10109871PINHEIROM_2025-08-30_G17,10109871PINHEIROM,2025-08-30,109641,1,3,0,211.0
10109871PINHEIROM_2025-08-30_G18,10109871PINHEIROM,2025-08-30,117831,1,20,0,352.0
10109871PINHEIROM_2025-08-30_G19,10109871PINHEIROM,2025-08-30,111465,1,2,0,62.0
10109871PINHEIROM_2025-08-30_G20,10109871PINHEIROM,2025-08-30,107830,1,4,0,163.0
10109871PINHEIROM_2025-08-30_G21,10109871PINHEIROM,2025-08-30,140922,1,8,0,115.0
10109871PINHEIROM_2025-08-30_G22,10109871PINHEIROM,2025-08-30,117831,1,10,0,140.0
10109871PINHEIROM_2025-08-30_G23,10109871PINHEIROM,2025-08-30,118299,1,12,0,164.0
10109871PINHEIROM_2025-08-30_G24,10109871PINHEIROM,2025-08-30,117830,1,12,0,219.0
10109871PINHEIROM_2025-08-30_G25,10109871PINHEIROM,2025-08-30,111569,1,2,0,665.0
10109871PINHEIROM_2025-08-30_G26,10109871PINHEIROM,2025-08-30,117862,1,3,0,304.0
10109871PINHEIROM_2025-08-30_G27,10109871PINHEIROM,2025-08-30,117853,1,4,0,233.0
10109871PINHEIROM_2025-08-30_G28,10109871PINHEIROM,2025-08-30,109647,1,2,0,92.0
10109871PINHEIROM_2025-08-30_G29,10109871PINHEIROM,2025-08-30,117855,1,4,0,71.0
10109871PINHEIROM_2025-08-30_G30,10109871PINHEIROM,2025-08-30,111602,1,4,0,90.0
10109871PINHEIROM_2025-08-30_G31,10109871PINHEIROM,2025-08-30,109640,1,4,0,51.0
10109871PINHEIROM_2025-08-30_G32,10109871PINHEIROM,2025-08-30,111463,1,8,0,173.0
10109871PINHEIROM_2025-08-30_G33,10109871PINHEIROM,2025-08-30,141457,1,3,0,126.0
10109871PINHEIROM_2025-08-30_G34,10109871PINHEIROM,2025-08-30,111532,1,4,0,59.0
10109871PINHEIROM_2025-08-30_G35,10109871PINHEIROM,2025-08-30,111172,1,5,0,113.0
10109871PINHEIROM_2025-08-30_G36,10109871PINHEIROM,2025-08-30,111468,1,1,0,78.0
10109871PINHEIROM_2025-08-30_G37,10109871PINHEIROM,2025-08-30,111465,1,2,0,57.0
10109871PINHEIROM_2025-08-30_G38,10109871PINHEIROM,2025-08-30,110582,1,16,0,506.0
10109871PINHEIROM_2025-08-30_G39,10109871PINHEIROM,2025-08-30,117935,1,8,0,294.0
10109871PINHEIROM_2025-08-30_G41,10109871PINHEIROM,2025-08-30,117935,1,3,0,93.0
10109871PINHEIROM_2025-08-30_G42,10109871PINHEIROM,2025-08-30,111602,1,6,0,130.0
10109871PINHEIROM_2025-08-30_G43,10109871PINHEIROM,2025-08-30,109645,1,10,0,255.0
10109871PINHEIROM_2025-08-30_G44,10109871PINHEIROM,2025-08-30,110372,1,41,0,488.0
10109871PINHEIROM_2025-08-30_G45,10109871PINHEIROM,2025-08-30,117856,1,6,0,189.0
10109871PINHEIROM_2025-08-30_G46,10109871PINHEIROM,2025-08-30,111742,2,12,7,807.0
10109871PINHEIROM_2025-08-30_G47,10109871PINHEIROM,2025-08-30,111753,1,6,0,297.0
10109871PINHEIROM_2025-08-30_G48,10109871PINHEIROM,2025-08-30,141261,2,10,7,548.0
10109871PINHEIROM_2025-08-30_G49,10109871PINHEIROM,2025-08-30,111722,1,4,0,51.0
10109871PINHEIROM_2025-08-30_G50,10109871PINHEIROM,2025-08-30,111722,1,4,0,158.0
10109871PINHEIROM_2025-08-30_G51,10109871PINHEIROM,2025-08-30,141262,2,14,9,99.0
10109871PINHEIROM_2025-08-30_G52,10109871PINHEIROM,2025-08-30,111634,2,16,8,228.0
10109871PINHEIROM_2025-08-30_G53,10109871PINHEIROM,2025-08-30,111753,1,4,0,223.0
10109871PINHEIROM_2025-08-30_G54,10109871PINHEIROM,2025-08-30,111602,1,1,0,1667.0
10109871PINHEIROM_2025-08-30_G55,10109871PINHEIROM,2025-08-30,110515,1,1,0,141.0
10109871PINHEIROM_2025-08-30_G56,10109871PINHEIROM,2025-08-30,115817,1,2,0,113.0
10109871PINHEIROM_2025-08-30_G57,10109871PINHEIROM,2025-08-30,117785,1,2,0,71.0
10109871PINHEIROM_2025-08-30_G58,10109871PINHEIROM,2025-08-30,118299,1,9,0,158.0
10109871PINHEIROM_2025-08-30_G59,10109871PINHEIROM,2025-08-30,117820,1,2,0,89.0
10109871PINHEIROM_2025-08-30_G60,10109871PINHEIROM,2025-08-30,117832,1,2,0,76.0
10109871PINHEIROM_2025-08-30_G61,10109871PINHEIROM,2025-08-30,117854,1,8,0,104.0
10109871PINHEIROM_2025-08-30_G62,10109871PINHEIROM,2025-08-30,110515,1,8,0,103.0
10109871PINHEIROM_2025-08-30_G63,10109871PINHEIROM,2025-08-30,111441,1,11,0,1136.0
10109871PINHEIROM_2025-08-30_G64,10109871PINHEIROM,2025-08-30,111530,1,20,0,257.0
10109871PINHEIROM_2025-08-30_G65,10109871PINHEIROM,2025-08-30,118299,1,1,0,58.0
10109871PINHEIROM_2025-08-30_G66,10109871PINHEIROM,2025-08-30,111441,2,6,6,277.0
10109871PINHEIROM_2025-08-30_G67,10109871PINHEIROM,2025-08-30,111441,1,4,0,65.0
10109871PINHEIROM_2025-08-30_G68,10109871PINHEIROM,2025-08-30,117935,1,3,0,118.0
10109871PINHEIROM_2025-08-30_G69,10109871PINHEIROM,2025-08-30,117831,1,8,0,695.0
10109871PINHEIROM_2025-08-30_G70,10109871PINHEIROM,2025-08-30,118299,1,4,0,117.0
10109871PINHEIROM_2025-08-30_G71,10109871PINHEIROM,2025-08-30,111441,7,37,109,1180.0
10109871PINHEIROM_2025-08-30_G72,10109871PINHEIROM,2025-08-30,110313,3,7,38,627.0
10109871PINHEIROM_2025-09-02_G02,10109871PINHEIROM,2025-09-02,111467,1,2,0,476.0
10109871PINHEIROM_2025-09-02_G03,10109871PINHEIROM,2025-09-02,108772,1,10,0,113.0
10109871PINHEIROM_2025-09-02_G04,10109871PINHEIROM,2025-09-02,110756,3,23,17,146.0
10109871PINHEIROM_2025-09-02_G05,10109871PINHEIROM,2025-09-02,110339,1,22,0,662.0
10109871PINHEIROM_2025-09-02_G07,10109871PINHEIROM,2025-09-02,140922,1,30,0,203.0
10109871PINHEIROM_2025-09-02_G08,10109871PINHEIROM,2025-09-02,108711,1,30,0,397.0
10109871PINHEIROM_2025-09-02_G09,10109871PINHEIROM,2025-09-02,111418,1,200,0,1040.0
10109871PINHEIROM_2025-09-02_G10,10109871PINHEIROM,2025-09-02,118140,1,50,0,325.0
10109871PINHEIROM_2025-09-02_G11,10109871PINHEIROM,2025-09-02,117785,1,100,0,660.0
10109871PINHEIROM_2025-09-02_G12,10109871PINHEIROM,2025-09-02,110325,1,94,0,1533.0
10109871PINHEIROM_2025-09-02_G13,10109871PINHEIROM,2025-09-02,117830,1,213,0,512.0
10109871PINHEIROM_2025-09-02_G14,10109871PINHEIROM,2025-09-02,111532,1,96,0,784.0
10109871PINHEIROM_2025-09-02_G15,10109871PINHEIROM,2025-09-02,118140,1,358,0,920.0
10109871PINHEIROM_2025-09-03_G02,10109871PINHEIROM,2025-09-03,111418,1,30,0,2655.0
10109871PINHEIROM_2025-09-03_G03,10109871PINHEIROM,2025-09-03,117785,1,60,0,421.0
10109871PINHEIROM_2025-09-03_G04,10109871PINHEIROM,2025-09-03,118299,1,20,0,250.0
10109871PINHEIROM_2025-09-03_G05,10109871PINHEIROM,2025-09-03,117830,1,20,0,275.0
10109871PINHEIROM_2025-09-03_G06,10109871PINHEIROM,2025-09-03,111729,1,4,0,862.0
10109871PINHEIROM_2025-09-03_G07,10109871PINHEIROM,2025-09-03,111757,1,10,0,344.0
10109871PINHEIROM_2025-09-03_G08,10109871PINHEIROM,2025-09-03,111754,1,10,0,279.0
10109871PINHEIROM_2025-09-03_G09,10109871PINHEIROM,2025-09-03,111722,1,200,0,611.0
10109871PINHEIROM_2025-09-03_G10,10109871PINHEIROM,2025-09-03,111757,1,6,0,978.0
10109871PINHEIROM_2025-09-03_G11,10109871PINHEIROM,2025-09-03,111754,1,10,0,168.0
10109871PINHEIROM_2025-09-03_G12,10109871PINHEIROM,2025-09-03,111722,1,100,0,455.0
10109871PINHEIROM_2025-09-03_G13,10109871PINHEIROM,2025-09-03,111754,1,20,0,677.0
10109871PINHEIROM_2025-09-03_G14,10109871PINHEIROM,2025-09-03,"111740, 111722",2,104,9,260.0
10109871PINHEIROM_2025-09-04_G02,10109871PINHEIROM,2025-09-04,141047,1,12,0,2703.0
10109871PINHEIROM_2025-09-04_G03,10109871PINHEIROM,2025-09-04,110339,1,30,0,480.0
10109871PINHEIROM_2025-09-04_G04,10109871PINHEIROM,2025-09-04,109640,1,6,0,396.0
10109871PINHEIROM_2025-09-04_G05,10109871PINHEIROM,2025-09-04,118094,1,20,0,187.0
10109871PINHEIROM_2025-09-04_G06,10109871PINHEIROM,2025-09-04,117808,1,50,0,537.0
10109871PINHEIROM_2025-09-04_G07,10109871PINHEIROM,2025-09-04,117820,1,40,0,439.0
10109871PINHEIROM_2025-09-04_G08,10109871PINHEIROM,2025-09-04,110373,1,13,0,129.0
10109871PINHEIROM_2025-09-04_G09,10109871PINHEIROM,2025-09-04,110372,1,25,0,173.0
10109871PINHEIROM_2025-09-04_G10,10109871PINHEIROM,2025-09-04,110371,1,20,0,342.0
10109871PINHEIROM_2025-09-04_G11,10109871PINHEIROM,2025-09-04,118299,1,20,0,170.0
10109871PINHEIROM_2025-09-04_G12,10109871PINHEIROM,2025-09-04,110376,1,4,0,75.0
10109871PINHEIROM_2025-09-05_G02,10109871PINHEIROM,2025-09-05,140922,1,16,0,259.0
10109871PINHEIROM_2025-09-05_G03,10109871PINHEIROM,2025-09-05,109641,1,8,0,180.0
10109871PINHEIROM_2025-09-05_G04,10109871PINHEIROM,2025-09-05,117821,1,19,0,190.0
10109871PINHEIROM_2025-09-05_G05,10109871PINHEIROM,2025-09-05,111431,1,6,0,116.0
10109871PINHEIROM_2025-09-05_G06,10109871PINHEIROM,2025-09-05,117842,1,6,0,116.0
10109871PINHEIROM_2025-09-05_G07,10109871PINHEIROM,2025-09-05,141456,1,30,0,395.0
10109871PINHEIROM_2025-09-05_G08,10109871PINHEIROM,2025-09-05,108794,1,40,0,290.0
10109871PINHEIROM_2025-09-05_G09,10109871PINHEIROM,2025-09-05,141457,1,42,0,922.0
10109871PINHEIROM_2025-09-05_G10,10109871PINHEIROM,2025-09-05,111466,1,23,0,2487.0
10109871PINHEIROM_2025-09-05_G11,10109871PINHEIROM,2025-09-05,107263,1,13,0,245.0
10109871PINHEIROM_2025-09-05_G12,10109871PINHEIROM,2025-09-05,107830,1,25,0,939.0
10109871PINHEIROM_2025-09-05_G13,10109871PINHEIROM,2025-09-05,109643,1,20,0,225.0
10109871PINHEIROM_2025-09-05_G14,10109871PINHEIROM,2025-09-05,117840,1,30,0,407.0
10109871PINHEIROM_2025-09-05_G15,10109871PINHEIROM,2025-09-05,118299,1,250,0,600.0
10109871PINHEIROM_2025-09-05_G16,10109871PINHEIROM,2025-09-05,111435,1,11,0,232.0
10109871PINHEIROM_2025-09-05_G17,10109871PINHEIROM,2025-09-05,118140,1,20,0,223.0
10109871PINHEIROM_2025-09-05_G18,10109871PINHEIROM,2025-09-05,111433,1,17,0,297.0
10109871PINHEIROM_2025-09-05_G19,10109871PINHEIROM,2025-09-05,110751,1,15,0,189.0
10109871PINHEIROM_2025-09-05_G20,10109871PINHEIROM,2025-09-05,141456,1,80,0,688.0
10109871PINHEIROM_2025-09-05_G21,10109871PINHEIROM,2025-09-05,111418,1,150,0,548.0
10109871PINHEIROM_2025-09-05_G22,10109871PINHEIROM,2025-09-05,111462,1,50,0,275.0
10109871PINHEIROM_2025-09-05_G23,10109871PINHEIROM,2025-09-05,111442,1,25,0,463.0
10109871PINHEIROM_2025-09-08_G02,10109871PINHEIROM,2025-09-08,110755,1,2,0,168.0
10109871PINHEIROM_2025-09-08_G03,10109871PINHEIROM,2025-09-08,111850,1,4,0,159.0
10109871PINHEIROM_2025-09-08_G04,10109871PINHEIROM,2025-09-08,107892,1,4,0,132.0
10109871PINHEIROM_2025-09-08_G05,10109871PINHEIROM,2025-09-08,117856,1,1,0,147.0
10109871PINHEIROM_2025-09-08_G06,10109871PINHEIROM,2025-09-08,110733,1,1,0,82.0
10109871PINHEIROM_2025-09-08_G07,10109871PINHEIROM,2025-09-08,117855,1,2,0,102.0
10109871PINHEIROM_2025-09-08_G08,10109871PINHEIROM,2025-09-08,118094,1,4,0,151.0
10109871PINHEIROM_2025-09-08_G09,10109871PINHEIROM,2025-09-08,110515,1,4,0,56.0
10109871PINHEIROM_2025-09-08_G10,10109871PINHEIROM,2025-09-08,108795,1,1,0,82.0
10109871PINHEIROM_2025-09-08_G11,10109871PINHEIROM,2025-09-08,111463,1,6,0,88.0
10109871PINHEIROM_2025-09-08_G12,10109871PINHEIROM,2025-09-08,105705,1,1,0,183.0
10109871PINHEIROM_2025-09-08_G13,10109871PINHEIROM,2025-09-08,141457,1,4,0,116.0
10109871PINHEIROM_2025-09-08_G14,10109871PINHEIROM,2025-09-08,111532,1,3,0,470.0
10109871PINHEIROM_2025-09-08_G15,10109871PINHEIROM,2025-09-08,111462,1,2,0,194.0
10109871PINHEIROM_2025-09-08_G16,10109871PINHEIROM,2025-09-08,111442,1,2,0,90.0
10109871PINHEIROM_2025-09-08_G17,10109871PINHEIROM,2025-09-08,111752,1,10,0,1827.0
10109871PINHEIROM_2025-09-08_G18,10109871PINHEIROM,2025-09-08,111742,1,50,0,1360.0
10109871PINHEIROM_2025-09-08_G19,10109871PINHEIROM,2025-09-08,111723,1,50,0,1569.0
10109871PINHEIROM_2025-09-08_G20,10109871PINHEIROM,2025-09-08,117861,1,4,0,1834.0
10109871PINHEIROM_2025-09-08_G21,10109871PINHEIROM,2025-09-08,109640,1,4,0,184.0
10109871PINHEIROM_2025-09-08_G22,10109871PINHEIROM,2025-09-08,111469,1,4,0,98.0
10109871PINHEIROM_2025-09-08_G23,10109871PINHEIROM,2025-09-08,117831,1,4,0,106.0
10109871PINHEIROM_2025-09-08_G24,10109871PINHEIROM,2025-09-08,111330,1,6,0,68.0
10109871PINHEIROM_2025-09-08_G25,10109871PINHEIROM,2025-09-08,117808,2,12,6,144.0
10109871PINHEIROM_2025-09-08_G26,10109871PINHEIROM,2025-09-08,117820,2,22,8,92.0
10109871PINHEIROM_2025-09-08_G27,10109871PINHEIROM,2025-09-08,118299,1,4,0,173.0
10109871PINHEIROM_2025-09-08_G29,10109871PINHEIROM,2025-09-08,109641,1,4,0,212.0
10109871PINHEIROM_2025-09-08_G30,10109871PINHEIROM,2025-09-08,111876,1,4,0,136.0
10109871PINHEIROM_2025-09-08_G31,10109871PINHEIROM,2025-09-08,118298,1,2,0,182.0
10109871PINHEIROM_2025-09-08_G32,10109871PINHEIROM,2025-09-08,107830,1,3,0,1678.0
10109871PINHEIROM_2025-09-08_G33,10109871PINHEIROM,2025-09-08,117840,1,4,0,110.0
10109871PINHEIROM_2025-09-08_G34,10109871PINHEIROM,2025-09-08,110376,1,2,0,197.0
10109871PINHEIROM_2025-09-08_G35,10109871PINHEIROM,2025-09-08,117830,1,5,0,118.0
10109871PINHEIROM_2025-09-08_G36,10109871PINHEIROM,2025-09-08,141202,1,4,0,56.0
10109871PINHEIROM_2025-09-08_G37,10109871PINHEIROM,2025-09-08,141352,1,8,0,406.0
10109871PINHEIROM_2025-09-08_G38,10109871PINHEIROM,2025-09-08,117854,1,10,0,203.0
10109871PINHEIROM_2025-09-08_G39,10109871PINHEIROM,2025-09-08,109647,1,24,0,337.0
10109871PINHEIROM_2025-09-08_G40,10109871PINHEIROM,2025-09-08,107629,1,4,0,188.0
10109871PINHEIROM_2025-09-08_G41,10109871PINHEIROM,2025-09-08,111530,1,50,0,534.0
10109871PINHEIROM_2025-09-08_G42,10109871PINHEIROM,2025-09-08,141047,1,2,0,288.0
10109871PINHEIROM_2025-09-08_G43,10109871PINHEIROM,2025-09-08,108771,1,3,0,857.0
10109871PINHEIROM_2025-09-08_G44,10109871PINHEIROM,2025-09-08,111433,1,20,0,1043.0
10109871PINHEIROM_2025-09-08_G45,10109871PINHEIROM,2025-09-08,116241,1,4,0,94.0
10109871PINHEIROM_2025-09-08_G46,10109871PINHEIROM,2025-09-08,111431,1,2,0,136.0
10109871PINHEIROM_2025-09-08_G47,10109871PINHEIROM,2025-09-08,117842,1,8,0,176.0
10109871PINHEIROM_2025-09-08_G48,10109871PINHEIROM,2025-09-08,111434,1,4,0,54.0
10109871PINHEIROM_2025-09-08_G49,10109871PINHEIROM,2025-09-08,110748,1,5,0,226.0
10109871PINHEIROM_2025-09-08_G50,10109871PINHEIROM,2025-09-08,110745,1,10,0,276.0
10109871PINHEIROM_2025-09-08_G51,10109871PINHEIROM,2025-09-08,111442,1,20,0,582.0
10109871PINHEIROM_2025-09-08_G52,10109871PINHEIROM,2025-09-08,111444,1,4,0,117.0
10109871PINHEIROM_2025-09-08_G53,10109871PINHEIROM,2025-09-08,110623,1,2,0,269.0
10109871PINHEIROM_2025-09-08_G54,10109871PINHEIROM,2025-09-08,117789,1,8,0,603.0
10109871PINHEIROM_2025-09-08_G55,10109871PINHEIROM,2025-09-08,111660,1,5,0,436.0
10109871PINHEIROM_2025-09-09_G02,10109871PINHEIROM,2025-09-09,111723,1,3,0,474.0
10109871PINHEIROM_2025-09-09_G03,10109871PINHEIROM,2025-09-09,111723,1,17,0,306.0
10109871PINHEIROM_2025-09-09_G04,10109871PINHEIROM,2025-09-09,141140,1,30,0,796.0
10109871PINHEIROM_2025-09-09_G05,10109871PINHEIROM,2025-09-09,117821,1,4,0,1687.0
10109871PINHEIROM_2025-09-09_G06,10109871PINHEIROM,2025-09-09,117831,1,2,0,84.0
10109871PINHEIROM_2025-09-09_G07,10109871PINHEIROM,2025-09-09,111468,1,2,0,163.0
10109871PINHEIROM_2025-09-09_G08,10109871PINHEIROM,2025-09-09,110740,1,2,0,58.0
10109871PINHEIROM_2025-09-09_G09,10109871PINHEIROM,2025-09-09,107830,1,2,0,149.0
10109871PINHEIROM_2025-09-09_G10,10109871PINHEIROM,2025-09-09,118299,1,6,0,116.0
10109871PINHEIROM_2025-09-09_G11,10109871PINHEIROM,2025-09-09,117832,1,3,0,79.0
10109871PINHEIROM_2025-09-09_G12,10109871PINHEIROM,2025-09-09,108795,1,2,0,119.0
10109871PINHEIROM_2025-09-09_G13,10109871PINHEIROM,2025-09-09,117787,1,2,0,112.0
10109871PINHEIROM_2025-09-09_G14,10109871PINHEIROM,2025-09-09,111418,1,6,0,103.0
10109871PINHEIROM_2025-09-09_G15,10109871PINHEIROM,2025-09-09,111532,1,2,0,35.0
10109871PINHEIROM_2025-09-09_G16,10109871PINHEIROM,2025-09-09,117785,1,4,0,86.0
10109871PINHEIROM_2025-09-09_G17,10109871PINHEIROM,2025-09-09,111442,1,2,0,91.0
10109871PINHEIROM_2025-09-09_G18,10109871PINHEIROM,2025-09-09,111348,1,2,0,58.0
10109871PINHEIROM_2025-09-09_G19,10109871PINHEIROM,2025-09-09,111444,1,2,0,46.0
10109871PINHEIROM_2025-09-09_G20,10109871PINHEIROM,2025-09-09,110740,1,2,0,325.0
10109871PINHEIROM_2025-09-09_G21,10109871PINHEIROM,2025-09-09,107830,1,2,0,120.0
10109871PINHEIROM_2025-09-09_G22,10109871PINHEIROM,2025-09-09,118299,1,8,0,107.0
10109871PINHEIROM_2025-09-09_G23,10109871PINHEIROM,2025-09-09,117832,1,2,0,87.0
10109871PINHEIROM_2025-09-09_G24,10109871PINHEIROM,2025-09-09,110376,1,2,0,73.0
10109871PINHEIROM_2025-09-09_G25,10109871PINHEIROM,2025-09-09,117809,1,2,0,93.0
10109871PINHEIROM_2025-09-09_G26,10109871PINHEIROM,2025-09-09,117854,1,4,0,657.0
10109871PINHEIROM_2025-09-09_G27,10109871PINHEIROM,2025-09-09,117856,1,4,0,160.0
10109871PINHEIROM_2025-09-09_G28,10109871PINHEIROM,2025-09-09,117935,1,1,0,114.0
10109871PINHEIROM_2025-09-09_G29,10109871PINHEIROM,2025-09-09,110733,1,4,0,58.0
10109871PINHEIROM_2025-09-09_G30,10109871PINHEIROM,2025-09-09,141047,1,4,0,130.0
10109871PINHEIROM_2025-09-09_G31,10109871PINHEIROM,2025-09-09,111602,1,4,0,104.0
10109871PINHEIROM_2025-09-09_G32,10109871PINHEIROM,2025-09-09,118094,1,4,0,112.0
10109871PINHEIROM_2025-09-09_G33,10109871PINHEIROM,2025-09-09,110515,1,8,0,177.0
10109871PINHEIROM_2025-09-09_G34,10109871PINHEIROM,2025-09-09,111602,1,1,0,118.0
10109871PINHEIROM_2025-09-09_G36,10109871PINHEIROM,2025-09-09,111430,2,12,6,210.0
10109871PINHEIROM_2025-09-09_G38,10109871PINHEIROM,2025-09-09,117834,2,6,6,162.0
10109871PINHEIROM_2025-09-09_G39,10109871PINHEIROM,2025-09-09,110755,1,5,0,118.0
10109871PINHEIROM_2025-09-09_G40,10109871PINHEIROM,2025-09-09,111655,2,12,8,424.0
10109871PINHEIROM_2025-09-09_G41,10109871PINHEIROM,2025-09-09,111569,1,23,0,565.0
10109871PINHEIROM_2025-09-09_G42,10109871PINHEIROM,2025-09-09,111462,1,10,0,522.0
10109871PINHEIROM_2025-09-09_G43,10109871PINHEIROM,2025-09-09,111468,1,5,0,111.0
10109871PINHEIROM_2025-09-09_G44,10109871PINHEIROM,2025-09-09,118317,1,12,0,161.0
10109871PINHEIROM_2025-09-09_G45,10109871PINHEIROM,2025-09-09,109647,1,3,0,1104.0
10109871PINHEIROM_2025-09-09_G46,10109871PINHEIROM,2025-09-09,118094,1,4,0,150.0
10109871PINHEIROM_2025-09-09_G47,10109871PINHEIROM,2025-09-09,110787,1,4,0,125.0
10109871PINHEIROM_2025-09-09_G48,10109871PINHEIROM,2025-09-09,117821,1,3,0,44.0
10109871PINHEIROM_2025-09-09_G49,10109871PINHEIROM,2025-09-09,109645,1,4,0,278.0
10109871PINHEIROM_2025-09-09_G50,10109871PINHEIROM,2025-09-09,111469,1,4,0,66.0
10109871PINHEIROM_2025-09-09_G51,10109871PINHEIROM,2025-09-09,111348,1,3,0,102.0
10109871PINHEIROM_2025-09-09_G52,10109871PINHEIROM,2025-09-09,110740,1,4,0,282.0
10109871PINHEIROM_2025-09-09_G53,10109871PINHEIROM,2025-09-09,117808,1,4,0,151.0
10109871PINHEIROM_2025-09-09_G54,10109871PINHEIROM,2025-09-09,118299,1,5,0,65.0
10109871PINHEIROM_2025-09-09_G55,10109871PINHEIROM,2025-09-09,110373,2,7,9,126.0
10109871PINHEIROM_2025-09-09_G56,10109871PINHEIROM,2025-09-09,118140,1,4,0,180.0
10109871PINHEIROM_2025-09-09_G57,10109871PINHEIROM,2025-09-09,111418,1,11,0,219.0
10109871PINHEIROM_2025-09-09_G58,10109871PINHEIROM,2025-09-09,117785,1,4,0,96.0
10109871PINHEIROM_2025-09-09_G59,10109871PINHEIROM,2025-09-09,111462,1,2,0,48.0
10109871PINHEIROM_2025-09-09_G60,10109871PINHEIROM,2025-09-09,111530,1,1,0,554.0
10109871PINHEIROM_2025-09-09_G61,10109871PINHEIROM,2025-09-09,110752,1,1,0,137.0
10109871PINHEIROM_2025-09-09_G62,10109871PINHEIROM,2025-09-09,118094,1,2,0,124.0
10109871PINHEIROM_2025-09-09_G63,10109871PINHEIROM,2025-09-09,118140,1,6,0,155.0
10109871PINHEIROM_2025-09-09_G64,10109871PINHEIROM,2025-09-09,141823,1,2,0,88.0
10109871PINHEIROM_2025-09-09_G65,10109871PINHEIROM,2025-09-09,111418,1,4,0,100.0
10109871PINHEIROM_2025-09-09_G66,10109871PINHEIROM,2025-09-09,111469,1,5,0,87.0
10109871PINHEIROM_2025-09-09_G67,10109871PINHEIROM,2025-09-09,117785,1,2,0,66.0
10109871PINHEIROM_2025-09-09_G68,10109871PINHEIROM,2025-09-09,111462,1,6,0,59.0
10109871PINHEIROM_2025-09-09_G69,10109871PINHEIROM,2025-09-09,110740,1,4,0,92.0
10109871PINHEIROM_2025-09-09_G70,10109871PINHEIROM,2025-09-09,111172,1,2,0,90.0
10109871PINHEIROM_2025-09-09_G71,10109871PINHEIROM,2025-09-09,117808,1,18,0,162.0
10109871PINHEIROM_2025-09-09_G72,10109871PINHEIROM,2025-09-09,110374,1,2,0,464.0
10109871PINHEIROM_2025-09-09_G73,10109871PINHEIROM,2025-09-09,110372,1,12,0,175.0
10109871PINHEIROM_2025-09-09_G74,10109871PINHEIROM,2025-09-09,117832,1,4,0,56.0
10109871PINHEIROM_2025-09-09_G75,10109871PINHEIROM,2025-09-09,110373,1,9,0,97.0
10109871PINHEIROM_2025-09-09_G76,10109871PINHEIROM,2025-09-09,118140,1,6,0,976.0
10109871PINHEIROM_2025-09-09_G77,10109871PINHEIROM,2025-09-09,117821,1,4,0,93.0
10109871PINHEIROM_2025-09-09_G78,10109871PINHEIROM,2025-09-09,141456,1,8,0,102.0
10109871PINHEIROM_2025-09-09_G79,10109871PINHEIROM,2025-09-09,111532,1,6,0,740.0
10109871PINHEIROM_2025-09-09_G80,10109871PINHEIROM,2025-09-09,111466,1,4,0,113.0
10109871PINHEIROM_2025-09-09_G81,10109871PINHEIROM,2025-09-09,111462,1,6,0,144.0
10109871PINHEIROM_2025-09-09_G82,10109871PINHEIROM,2025-09-09,117831,2,10,7,60.0
10109871PINHEIROM_2025-09-09_G83,10109871PINHEIROM,2025-09-09,140922,1,4,0,99.0
10109871PINHEIROM_2025-09-09_G84,10109871PINHEIROM,2025-09-09,111569,1,2,0,84.0
10109871PINHEIROM_2025-09-09_G85,10109871PINHEIROM,2025-09-09,111438,1,5,0,152.0
10109871PINHEIROM_2025-09-09_G86,10109871PINHEIROM,2025-09-09,111602,1,8,0,439.0
10109871PINHEIROM_2025-09-10_G02,10109871PINHEIROM,2025-09-10,118317,1,15,0,171.0
10109871PINHEIROM_2025-09-10_G03,10109871PINHEIROM,2025-09-10,117787,1,14,0,191.0
10109871PINHEIROM_2025-09-10_G04,10109871PINHEIROM,2025-09-10,110787,1,15,0,144.0
10109871PINHEIROM_2025-09-10_G05,10109871PINHEIROM,2025-09-10,117821,1,14,0,289.0
10109871PINHEIROM_2025-09-10_G06,10109871PINHEIROM,2025-09-10,108794,1,4,0,80.0
10109871PINHEIROM_2025-09-10_G07,10109871PINHEIROM,2025-09-10,111418,1,91,0,698.0
10109871PINHEIROM_2025-09-10_G08,10109871PINHEIROM,2025-09-10,111532,1,5,0,323.0
10109871PINHEIROM_2025-09-10_G09,10109871PINHEIROM,2025-09-10,111462,1,55,0,434.0
10109871PINHEIROM_2025-09-10_G10,10109871PINHEIROM,2025-09-10,111465,1,8,0,131.0
10109871PINHEIROM_2025-09-10_G11,10109871PINHEIROM,2025-09-10,141140,1,50,0,2490.0
10109871PINHEIROM_2025-09-10_G12,10109871PINHEIROM,2025-09-10,111441,1,4,0,471.0
10109871PINHEIROM_2025-09-10_G13,10109871PINHEIROM,2025-09-10,108759,1,3,0,107.0
10109871PINHEIROM_2025-09-10_G14,10109871PINHEIROM,2025-09-10,111569,1,15,0,298.0
10109871PINHEIROM_2025-09-10_G15,10109871PINHEIROM,2025-09-10,110747,1,6,0,184.0
10109871PINHEIROM_2025-09-10_G16,10109871PINHEIROM,2025-09-10,118222,1,4,0,568.0
10109871PINHEIROM_2025-09-10_G17,10109871PINHEIROM,2025-09-10,117935,1,11,0,312.0
10109871PINHEIROM_2025-09-10_G18,10109871PINHEIROM,2025-09-10,"110313, 110752",2,7,27,480.0
10109871PINHEIROM_2025-09-10_G19,10109871PINHEIROM,2025-09-10,111532,1,170,0,2296.0
10109871PINHEIROM_2025-09-10_G21,10109871PINHEIROM,2025-09-10,111418,1,33,0,536.0
10109871PINHEIROM_2025-09-10_G22,10109871PINHEIROM,2025-09-10,105705,1,2,0,133.0
10109871PINHEIROM_2025-09-10_G23,10109871PINHEIROM,2025-09-10,117820,1,17,0,176.0
10109871PINHEIROM_2025-09-10_G24,10109871PINHEIROM,2025-09-10,118299,1,8,0,208.0
10109871PINHEIROM_2025-09-10_G25,10109871PINHEIROM,2025-09-10,111441,1,4,0,2295.0
10109871PINHEIROM_2025-09-10_G26,10109871PINHEIROM,2025-09-10,110733,1,2,0,94.0
10109871PINHEIROM_2025-09-10_G27,10109871PINHEIROM,2025-09-10,141047,1,2,0,112.0
10109871PINHEIROM_2025-09-10_G28,10109871PINHEIROM,2025-09-10,110515,1,7,0,574.0
10109871PINHEIROM_2025-09-10_G29,10109871PINHEIROM,2025-09-10,141823,1,2,0,200.0
10109871PINHEIROM_2025-09-10_G30,10109871PINHEIROM,2025-09-10,111469,1,6,0,330.0
10109871PINHEIROM_2025-09-10_G31,10109871PINHEIROM,2025-09-10,111466,1,4,0,140.0
10109871PINHEIROM_2025-09-10_G32,10109871PINHEIROM,2025-09-10,111462,1,2,0,105.0
10109871PINHEIROM_2025-09-10_G33,10109871PINHEIROM,2025-09-10,110376,1,2,0,45.0
10109871PINHEIROM_2025-09-10_G34,10109871PINHEIROM,2025-09-10,118299,1,2,0,119.0
10109871PINHEIROM_2025-09-10_G35,10109871PINHEIROM,2025-09-10,110733,1,6,0,413.0
10109871PINHEIROM_2025-09-10_G36,10109871PINHEIROM,2025-09-10,118140,1,8,0,100.0
10109871PINHEIROM_2025-09-10_G37,10109871PINHEIROM,2025-09-10,140922,1,4,0,108.0
10109871PINHEIROM_2025-09-10_G38,10109871PINHEIROM,2025-09-10,111466,1,2,0,148.0
10109871PINHEIROM_2025-09-10_G39,10109871PINHEIROM,2025-09-10,111441,1,7,0,154.0
10109871PINHEIROM_2025-09-10_G40,10109871PINHEIROM,2025-09-10,111430,1,2,0,100.0
10109871PINHEIROM_2025-09-10_G41,10109871PINHEIROM,2025-09-10,111438,1,2,0,158.0
10109871PINHEIROM_2025-09-10_G42,10109871PINHEIROM,2025-09-10,111418,1,2,0,139.0
10109871PINHEIROM_2025-09-10_G43,10109871PINHEIROM,2025-09-10,"111469, 111466",3,14,10,70.0
10109871PINHEIROM_2025-09-10_G44,10109871PINHEIROM,2025-09-10,110740,1,4,0,374.0
10109871PINHEIROM_2025-09-10_G45,10109871PINHEIROM,2025-09-10,108711,1,70,0,1197.0
10109871PINHEIROM_2025-09-10_G46,10109871PINHEIROM,2025-09-10,118140,1,100,0,552.0
10109871PINHEIROM_2025-09-10_G47,10109871PINHEIROM,2025-09-10,141823,1,50,0,733.0
10109871PINHEIROM_2025-09-10_G48,10109871PINHEIROM,2025-09-10,110787,1,7,0,64.0
10109871PINHEIROM_2025-09-10_G49,10109871PINHEIROM,2025-09-10,110787,1,9,0,268.0
10109871PINHEIROM_2025-09-10_G50,10109871PINHEIROM,2025-09-10,111418,1,100,0,472.0
10109871PINHEIROM_2025-09-10_G51,10109871PINHEIROM,2025-09-10,111469,1,100,0,218.0
10109871PINHEIROM_2025-09-11_G02,10109871PINHEIROM,2025-09-11,117832,1,2,0,237.0
10109871PINHEIROM_2025-09-11_G03,10109871PINHEIROM,2025-09-11,110373,1,3,0,81.0
10109871PINHEIROM_2025-09-11_G04,10109871PINHEIROM,2025-09-11,110373,1,42,0,206.0
10109871PINHEIROM_2025-09-11_G05,10109871PINHEIROM,2025-09-11,117830,1,7,0,101.0
10109871PINHEIROM_2025-09-11_G06,10109871PINHEIROM,2025-09-11,118299,1,24,0,81.0
10109871PINHEIROM_2025-09-11_G07,10109871PINHEIROM,2025-09-11,110787,1,2,0,1358.0
10109871PINHEIROM_2025-09-11_G08,10109871PINHEIROM,2025-09-11,111418,1,46,0,322.0
10109871PINHEIROM_2025-09-11_G09,10109871PINHEIROM,2025-09-11,111348,1,6,0,364.0
10109871PINHEIROM_2025-09-11_G10,10109871PINHEIROM,2025-09-11,140922,1,24,0,903.0
10109871PINHEIROM_2025-09-11_G11,10109871PINHEIROM,2025-09-11,110374,1,12,0,489.0
10109871PINHEIROM_2025-09-11_G12,10109871PINHEIROM,2025-09-11,117820,1,6,0,334.0
10109871PINHEIROM_2025-09-11_G13,10109871PINHEIROM,2025-09-11,117854,1,2,0,70.0
10109871PINHEIROM_2025-09-11_G14,10109871PINHEIROM,2025-09-11,111467,1,12,0,298.0
10109871PINHEIROM_2025-09-11_G15,10109871PINHEIROM,2025-09-11,117855,2,12,6,214.0
10109871PINHEIROM_2025-09-11_G16,10109871PINHEIROM,2025-09-11,110752,1,6,0,347.0
10109871PINHEIROM_2025-09-11_G17,10109871PINHEIROM,2025-09-11,118094,1,6,0,141.0
10109871PINHEIROM_2025-09-11_G20,10109871PINHEIROM,2025-09-11,118283,1,2,0,944.0
10109871PINHEIROM_2025-09-11_G21,10109871PINHEIROM,2025-09-11,110841,1,2,0,131.0
10109871PINHEIROM_2025-09-11_G22,10109871PINHEIROM,2025-09-11,117836,1,4,0,94.0
10109871PINHEIROM_2025-09-11_G23,10109871PINHEIROM,2025-09-11,100334,1,1,0,711.0
10109871PINHEIROM_2025-09-11_G24,10109871PINHEIROM,2025-09-11,110755,1,1,0,36.0
10109871PINHEIROM_2025-09-11_G25,10109871PINHEIROM,2025-09-11,105359,1,2,0,282.0
10109871PINHEIROM_2025-09-11_G26,10109871PINHEIROM,2025-09-11,110747,1,2,0,114.0
10109871PINHEIROM_2025-09-11_G27,10109871PINHEIROM,2025-09-11,111438,1,1,0,41.0
10109871PINHEIROM_2025-09-11_G28,10109871PINHEIROM,2025-09-11,117935,1,6,0,467.0
10109871PINHEIROM_2025-09-11_G29,10109871PINHEIROM,2025-09-11,110313,1,7,0,312.0
10109871PINHEIROM_2025-09-11_G30,10109871PINHEIROM,2025-09-11,110752,1,4,0,54.0
10109871PINHEIROM_2025-09-11_G31,10109871PINHEIROM,2025-09-11,110372,1,70,0,304.0
10109871PINHEIROM_2025-09-11_G32,10109871PINHEIROM,2025-09-11,117832,1,16,0,740.0
10109871PINHEIROM_2025-09-11_G33,10109871PINHEIROM,2025-09-11,110373,2,100,21,347.0
10109871PINHEIROM_2025-09-11_G34,10109871PINHEIROM,2025-09-11,117830,1,40,0,625.0
10109871PINHEIROM_2025-09-11_G35,10109871PINHEIROM,2025-09-11,118299,1,700,0,1589.0
10109871PINHEIROM_2025-09-11_G36,10109871PINHEIROM,2025-09-11,118222,1,5,0,1802.0
10109871PINHEIROM_2025-09-11_G37,10109871PINHEIROM,2025-09-11,"110747, 111438",2,3,6,64.0
10109871PINHEIROM_2025-09-11_G38,10109871PINHEIROM,2025-09-11,117862,1,8,0,722.0
10109871PINHEIROM_2025-09-11_G39,10109871PINHEIROM,2025-09-11,109647,1,4,0,245.0
10109871PINHEIROM_2025-09-11_G40,10109871PINHEIROM,2025-09-11,118298,1,2,0,79.0
10109871PINHEIROM_2025-09-11_G41,10109871PINHEIROM,2025-09-11,111467,1,2,0,83.0
10109871PINHEIROM_2025-09-11_G42,10109871PINHEIROM,2025-09-11,117855,1,4,0,210.0
10109871PINHEIROM_2025-09-11_G43,10109871PINHEIROM,2025-09-11,111602,1,3,0,262.0
10109871PINHEIROM_2025-09-11_G44,10109871PINHEIROM,2025-09-11,109640,1,2,0,141.0
10109871PINHEIROM_2025-09-11_G45,10109871PINHEIROM,2025-09-11,110515,1,5,0,211.0
10109871PINHEIROM_2025-09-11_G46,10109871PINHEIROM,2025-09-11,111418,1,6,0,307.0
10109871PINHEIROM_2025-09-11_G47,10109871PINHEIROM,2025-09-11,118317,1,2,0,258.0
10109871PINHEIROM_2025-09-12_G02,10109871PINHEIROM,2025-09-12,111441,2,4,8,324.0
10109871PINHEIROM_2025-09-12_G03,10109871PINHEIROM,2025-09-12,118306,1,5,0,455.0
10109871PINHEIROM_2025-09-12_G04,10109871PINHEIROM,2025-09-12,108759,1,4,0,142.0
10109871PINHEIROM_2025-09-12_G05,10109871PINHEIROM,2025-09-12,111440,1,1,0,79.0
10109871PINHEIROM_2025-09-12_G06,10109871PINHEIROM,2025-09-12,117854,1,2,0,99.0
10109871PINHEIROM_2025-09-12_G07,10109871PINHEIROM,2025-09-12,141066,1,8,0,117.0
10109871PINHEIROM_2025-09-12_G08,10109871PINHEIROM,2025-09-12,117862,1,12,0,539.0
10109871PINHEIROM_2025-09-12_G09,10109871PINHEIROM,2025-09-12,117837,1,2,0,232.0
10109871PINHEIROM_2025-09-12_G10,10109871PINHEIROM,2025-09-12,118222,1,2,0,660.0
10109871PINHEIROM_2025-09-12_G11,10109871PINHEIROM,2025-09-12,111569,1,5,0,162.0
10109871PINHEIROM_2025-09-12_G12,10109871PINHEIROM,2025-09-12,111441,1,2,0,462.0
10109871PINHEIROM_2025-09-12_G13,10109871PINHEIROM,2025-09-12,111430,1,2,0,56.0
10109871PINHEIROM_2025-09-12_G14,10109871PINHEIROM,2025-09-12,140922,1,4,0,691.0
10109871PINHEIROM_2025-09-12_G15,10109871PINHEIROM,2025-09-12,111569,1,50,0,628.0
10109871PINHEIROM_2025-09-12_G16,10109871PINHEIROM,2025-09-12,160057,1,20,0,458.0
10109871PINHEIROM_2025-09-12_G17,10109871PINHEIROM,2025-09-12,118222,1,11,0,1445.0
10109871PINHEIROM_2025-09-12_G18,10109871PINHEIROM,2025-09-12,111441,1,4,0,188.0
10109871PINHEIROM_2025-09-12_G19,10109871PINHEIROM,2025-09-12,110747,1,3,0,130.0
10109871PINHEIROM_2025-09-12_G20,10109871PINHEIROM,2025-09-12,117856,1,6,0,125.0
10109871PINHEIROM_2025-09-12_G21,10109871PINHEIROM,2025-09-12,110313,1,7,0,320.0
10109871PINHEIROM_2025-09-12_G22,10109871PINHEIROM,2025-09-12,111418,1,30,0,616.0
10109871PINHEIROM_2025-09-12_G23,10109871PINHEIROM,2025-09-12,111463,1,30,0,344.0
10109871PINHEIROM_2025-09-12_G24,10109871PINHEIROM,2025-09-12,118140,1,8,0,335.0
10109871PINHEIROM_2025-09-12_G25,10109871PINHEIROM,2025-09-12,111532,1,16,0,251.0
10109871PINHEIROM_2025-09-12_G26,10109871PINHEIROM,2025-09-12,111469,1,30,0,360.0
10109871PINHEIROM_2025-09-12_G27,10109871PINHEIROM,2025-09-12,117785,1,8,0,1040.0
10109871PINHEIROM_2025-09-12_G28,10109871PINHEIROM,2025-09-12,111462,1,8,0,288.0
10109871PINHEIROM_2025-09-12_G29,10109871PINHEIROM,2025-09-12,117833,1,1,0,31.0
10109871PINHEIROM_2025-09-12_G31,10109871PINHEIROM,2025-09-12,111468,1,4,0,113.0
10109871PINHEIROM_2025-09-12_G32,10109871PINHEIROM,2025-09-12,117808,1,50,0,432.0
10109871PINHEIROM_2025-09-12_G33,10109871PINHEIROM,2025-09-12,117830,1,8,0,179.0
10109871PINHEIROM_2025-09-12_G34,10109871PINHEIROM,2025-09-12,111569,1,8,0,927.0
10109871PINHEIROM_2025-09-12_G35,10109871PINHEIROM,2025-09-12,111438,1,4,0,100.0
10109871PINHEIROM_2025-09-12_G36,10109871PINHEIROM,2025-09-12,117862,1,2,0,114.0
10109871PINHEIROM_2025-09-12_G37,10109871PINHEIROM,2025-09-12,110733,1,2,0,68.0
10109871PINHEIROM_2025-09-12_G38,10109871PINHEIROM,2025-09-12,111433,1,2,0,120.0
10109871PINHEIROM_2025-09-12_G39,10109871PINHEIROM,2025-09-12,117785,1,2,0,51.0
10109871PINHEIROM_2025-09-12_G40,10109871PINHEIROM,2025-09-12,111418,1,3,0,60.0
10109871PINHEIROM_2025-09-12_G41,10109871PINHEIROM,2025-09-12,118317,1,1,0,50.0
10109871PINHEIROM_2025-09-12_G42,10109871PINHEIROM,2025-09-12,118140,1,3,0,95.0
10109871PINHEIROM_2025-09-12_G43,10109871PINHEIROM,2025-09-12,111532,1,1,0,225.0
10109871PINHEIROM_2025-09-12_G44,10109871PINHEIROM,2025-09-12,111462,1,2,0,96.0
10109871PINHEIROM_2025-09-12_G45,10109871PINHEIROM,2025-09-12,110740,1,2,0,275.0
10109871PINHEIROM_2025-09-12_G46,10109871PINHEIROM,2025-09-12,110374,1,2,0,125.0
10109871PINHEIROM_2025-09-12_G47,10109871PINHEIROM,2025-09-12,110372,1,9,0,724.0
10109871PINHEIROM_2025-09-12_G48,10109871PINHEIROM,2025-09-12,110373,1,8,0,276.0
10109871PINHEIROM_2025-09-12_G49,10109871PINHEIROM,2025-09-12,117808,1,3,0,94.0
10109871PINHEIROM_2025-09-12_G50,10109871PINHEIROM,2025-09-12,109647,1,11,0,352.0
10109871PINHEIROM_2025-09-12_G51,10109871PINHEIROM,2025-09-12,111467,1,8,0,108.0
10109871PINHEIROM_2025-09-12_G52,10109871PINHEIROM,2025-09-12,117935,1,17,0,109.0
10109871PINHEIROM_2025-09-12_G53,10109871PINHEIROM,2025-09-12,110733,1,11,0,95.0
10109871PINHEIROM_2025-09-12_G54,10109871PINHEIROM,2025-09-12,117785,1,11,0,597.0
10109871PINHEIROM_2025-09-12_G55,10109871PINHEIROM,2025-09-12,111418,1,123,0,154.0
10109871PINHEIROM_2025-09-12_G56,10109871PINHEIROM,2025-09-12,111463,1,23,0,490.0
10109871PINHEIROM_2025-09-12_G57,10109871PINHEIROM,2025-09-12,116241,1,8,0,411.0
10109871PINHEIROM_2025-09-12_G58,10109871PINHEIROM,2025-09-12,109645,1,8,0,143.0
10109871PINHEIROM_2025-09-12_G59,10109871PINHEIROM,2025-09-12,117831,1,14,0,128.0
10109871PINHEIROM_2025-09-12_G60,10109871PINHEIROM,2025-09-12,111468,1,10,0,191.0
10109871PINHEIROM_2025-09-12_G61,10109871PINHEIROM,2025-09-12,118222,1,130,0,2414.0
10109871PINHEIROM_2025-09-12_G62,10109871PINHEIROM,2025-09-12,111569,1,1,0,291.0
10109871PINHEIROM_2025-09-12_G63,10109871PINHEIROM,2025-09-12,110310,1,2,0,114.0
10109871PINHEIROM_2025-09-12_G64,10109871PINHEIROM,2025-09-12,111440,1,4,0,455.0
10109871PINHEIROM_2025-09-12_G65,10109871PINHEIROM,2025-09-12,110742,1,4,0,95.0
10109871PINHEIROM_2025-09-12_G66,10109871PINHEIROM,2025-09-12,117836,1,4,0,123.0
10109871PINHEIROM_2025-09-12_G67,10109871PINHEIROM,2025-09-12,100334,1,2,0,112.0
10109871PINHEIROM_2025-09-12_G68,10109871PINHEIROM,2025-09-12,108770,1,4,0,170.0
10109871PINHEIROM_2025-09-12_G69,10109871PINHEIROM,2025-09-12,110743,1,4,0,139.0
10109871PINHEIROM_2025-09-12_G70,10109871PINHEIROM,2025-09-12,117785,1,100,0,471.0
10109871PINHEIROM_2025-09-12_G71,10109871PINHEIROM,2025-09-12,110751,1,10,0,162.0
10109871PINHEIROM_2025-09-13_G02,10109871PINHEIROM,2025-09-13,117832,1,20,0,114.0
10109871PINHEIROM_2025-09-13_G03,10109871PINHEIROM,2025-09-13,110371,1,60,0,476.0
10109871PINHEIROM_2025-09-13_G04,10109871PINHEIROM,2025-09-13,110373,1,40,0,975.0
10109871PINHEIROM_2025-09-13_G05,10109871PINHEIROM,2025-09-13,110375,1,10,0,183.0
10109871PINHEIROM_2025-09-13_G06,10109871PINHEIROM,2025-09-13,117808,1,500,0,1030.0
10109871PINHEIROM_2025-09-13_G07,10109871PINHEIROM,2025-09-13,117822,1,15,0,2194.0
10109871PINHEIROM_2025-09-13_G08,10109871PINHEIROM,2025-09-13,118299,1,250,0,1070.0
10109871PINHEIROM_2025-09-13_G10,10109871PINHEIROM,2025-09-13,110582,1,4,0,1198.0
10109871PINHEIROM_2025-09-13_G11,10109871PINHEIROM,2025-09-13,118306,1,12,0,210.0
10109871PINHEIROM_2025-09-13_G12,10109871PINHEIROM,2025-09-13,111438,1,4,0,247.0
10109871PINHEIROM_2025-09-15_G02,10109871PINHEIROM,2025-09-15,117785,1,30,0,289.0
10109871PINHEIROM_2025-09-15_G03,10109871PINHEIROM,2025-09-15,111743,1,3,0,240.0
10109871PINHEIROM_2025-09-15_G04,10109871PINHEIROM,2025-09-15,118140,1,2,0,93.0
10109871PINHEIROM_2025-09-15_G05,10109871PINHEIROM,2025-09-15,111462,1,2,0,161.0
10109871PINHEIROM_2025-09-15_G06,10109871PINHEIROM,2025-09-15,110740,1,4,0,282.0
10109871PINHEIROM_2025-09-15_G07,10109871PINHEIROM,2025-09-15,111418,1,15,0,1031.0
10109871PINHEIROM_2025-09-15_G08,10109871PINHEIROM,2025-09-15,109640,1,11,0,269.0
10109871PINHEIROM_2025-09-15_G09,10109871PINHEIROM,2025-09-15,110373,1,24,0,239.0
10109871PINHEIROM_2025-09-15_G10,10109871PINHEIROM,2025-09-15,160057,1,4,0,514.0
10109871PINHEIROM_2025-09-15_G11,10109871PINHEIROM,2025-09-15,109647,1,4,0,144.0
10109871PINHEIROM_2025-09-15_G12,10109871PINHEIROM,2025-09-15,109640,2,10,5,249.0
10109871PINHEIROM_2025-09-15_G13,10109871PINHEIROM,2025-09-15,109645,1,4,0,347.0
10109871PINHEIROM_2025-09-15_G14,10109871PINHEIROM,2025-09-15,109641,1,6,0,92.0
10109871PINHEIROM_2025-09-15_G15,10109871PINHEIROM,2025-09-15,141823,1,4,0,111.0
10109871PINHEIROM_2025-09-15_G16,10109871PINHEIROM,2025-09-15,160054,1,1,0,225.0
10109871PINHEIROM_2025-09-15_G17,10109871PINHEIROM,2025-09-15,109643,1,5,0,108.0
10109871PINHEIROM_2025-09-15_G18,10109871PINHEIROM,2025-09-15,160052,1,2,0,111.0
10109871PINHEIROM_2025-09-15_G19,10109871PINHEIROM,2025-09-15,160051,1,2,0,1503.0
10109871PINHEIROM_2025-09-15_G20,10109871PINHEIROM,2025-09-15,111418,1,29,0,517.0
10109871PINHEIROM_2025-09-15_G21,10109871PINHEIROM,2025-09-15,109645,1,5,0,225.0
10109871PINHEIROM_2025-09-15_G22,10109871PINHEIROM,2025-09-15,111743,1,6,0,119.0
10109871PINHEIROM_2025-09-15_G23,10109871PINHEIROM,2025-09-15,111532,1,1,0,71.0
10109871PINHEIROM_2025-09-15_G24,10109871PINHEIROM,2025-09-15,118140,1,40,0,1832.0
10109871PINHEIROM_2025-09-15_G25,10109871PINHEIROM,2025-09-15,111466,1,16,0,200.0
10109871PINHEIROM_2025-09-15_G26,10109871PINHEIROM,2025-09-15,107236,1,5,0,190.0
10109871PINHEIROM_2025-09-15_G27,10109871PINHEIROM,2025-09-15,111462,2,12,5,99.0
10109871PINHEIROM_2025-09-15_G28,10109871PINHEIROM,2025-09-15,111348,1,2,0,283.0
10109871PINHEIROM_2025-09-15_G29,10109871PINHEIROM,2025-09-15,117831,1,16,0,834.0
10109871PINHEIROM_2025-09-15_G31,10109871PINHEIROM,2025-09-15,111469,1,21,0,199.0
10109871PINHEIROM_2025-09-15_G32,10109871PINHEIROM,2025-09-15,116241,1,150,0,2956.0
10109871PINHEIROM_2025-09-15_G33,10109871PINHEIROM,2025-09-15,111433,1,50,0,1384.0
10109871PINHEIROM_2025-09-15_G34,10109871PINHEIROM,2025-09-15,111435,1,236,0,656.0
10109871PINHEIROM_2025-09-15_G35,10109871PINHEIROM,2025-09-15,110755,1,50,0,464.0
10109871PINHEIROM_2025-09-15_G36,10109871PINHEIROM,2025-09-15,117834,1,10,0,248.0
10109871PINHEIROM_2025-09-15_G37,10109871PINHEIROM,2025-09-15,110339,1,32,0,269.0
10109871PINHEIROM_2025-09-15_G38,10109871PINHEIROM,2025-09-15,117808,1,1500,0,1840.0
10109871PINHEIROM_2025-09-15_G39,10109871PINHEIROM,2025-09-15,111418,1,8,0,1576.0
10109871PINHEIROM_2025-09-15_G40,10109871PINHEIROM,2025-09-15,111443,1,13,0,585.0
10109871PINHEIROM_2025-09-15_G41,10109871PINHEIROM,2025-09-15,111532,1,4,0,298.0
10109871PINHEIROM_2025-09-15_G42,10109871PINHEIROM,2025-09-15,141456,1,12,0,151.0
10109871PINHEIROM_2025-09-15_G43,10109871PINHEIROM,2025-09-15,118140,1,2,0,63.0
10109871PINHEIROM_2025-09-15_G44,10109871PINHEIROM,2025-09-15,141457,1,8,0,159.0
10109871PINHEIROM_2025-09-16_G02,10109871PINHEIROM,2025-09-16,111469,1,32,0,698.0
10109871PINHEIROM_2025-09-16_G03,10109871PINHEIROM,2025-09-16,111530,1,40,0,686.0
10109871PINHEIROM_2025-09-16_G04,10109871PINHEIROM,2025-09-16,109640,1,2,0,1570.0
10109871PINHEIROM_2025-09-16_G05,10109871PINHEIROM,2025-09-16,111348,1,1,0,76.0
10109871PINHEIROM_2025-09-16_G06,10109871PINHEIROM,2025-09-16,160051,1,2,0,338.0
10109871PINHEIROM_2025-09-16_G07,10109871PINHEIROM,2025-09-16,108770,1,2,0,215.0
10109871PINHEIROM_2025-09-16_G08,10109871PINHEIROM,2025-09-16,110747,1,2,0,239.0
10109871PINHEIROM_2025-09-16_G09,10109871PINHEIROM,2025-09-16,141047,1,4,0,140.0
10109871PINHEIROM_2025-09-16_G10,10109871PINHEIROM,2025-09-16,111467,1,2,0,111.0
10109871PINHEIROM_2025-09-16_G11,10109871PINHEIROM,2025-09-16,109640,2,6,6,223.0
10109871PINHEIROM_2025-09-16_G12,10109871PINHEIROM,2025-09-16,110313,1,4,0,151.0
10109871PINHEIROM_2025-09-16_G13,10109871PINHEIROM,2025-09-16,111418,1,17,0,566.0
10109871PINHEIROM_2025-09-16_G14,10109871PINHEIROM,2025-09-16,108798,1,2,0,132.0
10109871PINHEIROM_2025-09-16_G15,10109871PINHEIROM,2025-09-16,110374,1,4,0,149.0
10109871PINHEIROM_2025-09-16_G16,10109871PINHEIROM,2025-09-16,117832,1,2,0,147.0
10109871PINHEIROM_2025-09-16_G17,10109871PINHEIROM,2025-09-16,111438,1,2,0,375.0
10109871PINHEIROM_2025-09-16_G18,10109871PINHEIROM,2025-09-16,117855,1,2,0,147.0
10109871PINHEIROM_2025-09-16_G19,10109871PINHEIROM,2025-09-16,117837,1,4,0,152.0
10109871PINHEIROM_2025-09-16_G20,10109871PINHEIROM,2025-09-16,111418,1,1,0,374.0
10109871PINHEIROM_2025-09-16_G21,10109871PINHEIROM,2025-09-16,109645,1,2,0,79.0
10109871PINHEIROM_2025-09-16_G22,10109871PINHEIROM,2025-09-16,110787,1,2,0,94.0
10109871PINHEIROM_2025-09-16_G23,10109871PINHEIROM,2025-09-16,141456,1,2,0,89.0
10109871PINHEIROM_2025-09-16_G24,10109871PINHEIROM,2025-09-16,108794,1,2,0,89.0
10109871PINHEIROM_2025-09-16_G25,10109871PINHEIROM,2025-09-16,111462,1,4,0,153.0
10109871PINHEIROM_2025-09-16_G26,10109871PINHEIROM,2025-09-16,"141458, 117831",2,3,29,88.0
10109871PINHEIROM_2025-09-16_G27,10109871PINHEIROM,2025-09-16,110745,1,2,0,46.0
10109871PINHEIROM_2025-09-16_G28,10109871PINHEIROM,2025-09-16,141457,1,1,0,256.0
10109871PINHEIROM_2025-09-16_G29,10109871PINHEIROM,2025-09-16,110373,1,2,0,328.0
10109871PINHEIROM_2025-09-16_G30,10109871PINHEIROM,2025-09-16,117786,1,4,0,445.0
10109871PINHEIROM_2025-09-16_G31,10109871PINHEIROM,2025-09-16,107629,1,4,0,197.0
10109871PINHEIROM_2025-09-16_G32,10109871PINHEIROM,2025-09-16,117935,1,4,0,90.0
10109871PINHEIROM_2025-09-16_G33,10109871PINHEIROM,2025-09-16,117861,1,8,0,91.0
10109871PINHEIROM_2025-09-16_G34,10109871PINHEIROM,2025-09-16,117853,1,6,0,127.0
10109871PINHEIROM_2025-09-16_G35,10109871PINHEIROM,2025-09-16,141047,1,6,0,99.0
10109871PINHEIROM_2025-09-16_G36,10109871PINHEIROM,2025-09-16,110313,1,1,0,96.0
10109871PINHEIROM_2025-09-16_G37,10109871PINHEIROM,2025-09-16,110752,1,4,0,63.0
10109871PINHEIROM_2025-09-16_G38,10109871PINHEIROM,2025-09-16,117862,1,8,0,213.0
10109871PINHEIROM_2025-09-16_G40,10109871PINHEIROM,2025-09-16,117785,1,8,0,177.0
10109871PINHEIROM_2025-09-16_G41,10109871PINHEIROM,2025-09-16,110751,1,2,0,123.0
10109871PINHEIROM_2025-09-16_G42,10109871PINHEIROM,2025-09-16,111444,1,1,0,130.0
10109871PINHEIROM_2025-09-16_G43,10109871PINHEIROM,2025-09-16,141458,1,2,0,172.0
10109871PINHEIROM_2025-09-16_G44,10109871PINHEIROM,2025-09-16,111465,1,3,0,102.0
10109871PINHEIROM_2025-09-16_G45,10109871PINHEIROM,2025-09-16,117809,1,210,0,2130.0
10109871PINHEIROM_2025-09-16_G46,10109871PINHEIROM,2025-09-16,111532,1,26,0,830.0
10109871PINHEIROM_2025-09-16_G47,10109871PINHEIROM,2025-09-16,110371,1,230,0,299.0
10109871PINHEIROM_2025-09-16_G48,10109871PINHEIROM,2025-09-16,140922,1,107,0,1194.0
10109871PINHEIROM_2025-09-18_G02,10109871PINHEIROM,2025-09-18,109974,1,2,0,541.0
10109871PINHEIROM_2025-09-18_G03,10109871PINHEIROM,2025-09-18,111441,1,5,0,355.0
10109871PINHEIROM_2025-09-18_G04,10109871PINHEIROM,2025-09-18,108759,1,1,0,67.0
10109871PINHEIROM_2025-09-18_G05,10109871PINHEIROM,2025-09-18,118253,1,1,0,74.0
10109871PINHEIROM_2025-09-18_G06,10109871PINHEIROM,2025-09-18,111436,1,11,0,766.0
10109871PINHEIROM_2025-09-18_G07,10109871PINHEIROM,2025-09-18,111793,1,4,0,163.0
10109871PINHEIROM_2025-09-18_G08,10109871PINHEIROM,2025-09-18,108770,1,20,0,536.0
10109871PINHEIROM_2025-09-18_G09,10109871PINHEIROM,2025-09-18,117789,1,1,0,125.0
10109871PINHEIROM_2025-09-18_G10,10109871PINHEIROM,2025-09-18,107830,1,40,0,776.0
10109871PINHEIROM_2025-09-18_G11,10109871PINHEIROM,2025-09-18,110373,1,100,0,620.0
10109871PINHEIROM_2025-09-18_G12,10109871PINHEIROM,2025-09-18,117822,1,10,0,473.0
10109871PINHEIROM_2025-09-18_G13,10109871PINHEIROM,2025-09-18,117830,1,80,0,882.0
10109871PINHEIROM_2025-09-18_G14,10109871PINHEIROM,2025-09-18,117834,1,4,0,912.0
10109871PINHEIROM_2025-09-18_G15,10109871PINHEIROM,2025-09-18,117835,1,4,0,522.0
10109871PINHEIROM_2025-09-18_G16,10109871PINHEIROM,2025-09-18,117854,1,8,0,1459.0
10109871PINHEIROM_2025-09-18_G17,10109871PINHEIROM,2025-09-18,105242,1,4,0,180.0
10109871PINHEIROM_2025-09-18_G18,10109871PINHEIROM,2025-09-18,117808,1,4,0,400.0
10109871PINHEIROM_2025-09-18_G19,10109871PINHEIROM,2025-09-18,110376,1,12,0,251.0
10109871PINHEIROM_2025-09-18_G20,10109871PINHEIROM,2025-09-18,118299,2,14,7,166.0
10109871PINHEIROM_2025-09-18_G21,10109871PINHEIROM,2025-09-18,117832,2,12,6,395.0
10109871PINHEIROM_2025-09-18_G22,10109871PINHEIROM,2025-09-18,117820,1,6,0,247.0
10109871PINHEIROM_2025-09-18_G24,10109871PINHEIROM,2025-09-18,110746,1,2,0,347.0
10109871PINHEIROM_2025-09-18_G25,10109871PINHEIROM,2025-09-18,117832,2,8,5,293.0
10109871PINHEIROM_2025-09-18_G26,10109871PINHEIROM,2025-09-18,117820,1,4,0,60.0
10109871PINHEIROM_2025-09-18_G27,10109871PINHEIROM,2025-09-18,117820,1,4,0,52.0
10109871PINHEIROM_2025-09-18_G28,10109871PINHEIROM,2025-09-18,117820,2,10,25,928.0
10109871PINHEIROM_2025-09-18_G29,10109871PINHEIROM,2025-09-18,117820,9,32,58,57.0
10109871PINHEIROM_2025-09-18_G30,10109871PINHEIROM,2025-09-18,110332,1,4,0,1170.0
10109871PINHEIROM_2025-09-18_G32,10109871PINHEIROM,2025-09-18,111467,1,2,0,2004.0
10109871PINHEIROM_2025-09-18_G33,10109871PINHEIROM,2025-09-18,111532,1,5,0,151.0
10109871PINHEIROM_2025-09-18_G34,10109871PINHEIROM,2025-09-18,140922,1,2,0,206.0
10109871PINHEIROM_2025-09-18_G35,10109871PINHEIROM,2025-09-18,118299,1,10,0,438.0
10109871PINHEIROM_2025-09-18_G36,10109871PINHEIROM,2025-09-18,110373,1,2,0,165.0
10109871PINHEIROM_2025-09-18_G37,10109871PINHEIROM,2025-09-18,109645,1,1,0,568.0
10109871PINHEIROM_2025-09-18_G38,10109871PINHEIROM,2025-09-18,111418,1,2,0,75.0
10109871PINHEIROM_2025-09-20_G02,10109871PINHEIROM,2025-09-20,111418,1,4,0,132.0
10109871PINHEIROM_2025-09-20_G03,10109871PINHEIROM,2025-09-20,111465,1,1,0,72.0
10109871PINHEIROM_2025-09-20_G04,10109871PINHEIROM,2025-09-20,110374,1,3,0,179.0
10109871PINHEIROM_2025-09-20_G05,10109871PINHEIROM,2025-09-20,118299,1,4,0,103.0
10109871PINHEIROM_2025-09-20_G06,10109871PINHEIROM,2025-09-20,110372,1,7,0,84.0
10109871PINHEIROM_2025-09-20_G07,10109871PINHEIROM,2025-09-20,110373,1,1,0,77.0
10109871PINHEIROM_2025-09-20_G09,10109871PINHEIROM,2025-09-20,140923,1,2,0,222.0
10109871PINHEIROM_2025-09-20_G10,10109871PINHEIROM,2025-09-20,111602,1,3,0,146.0
10109871PINHEIROM_2025-09-20_G11,10109871PINHEIROM,2025-09-20,111602,1,2,0,498.0
10109871PINHEIROM_2025-09-20_G12,10109871PINHEIROM,2025-09-20,111469,1,6,0,144.0
10109871PINHEIROM_2025-09-20_G13,10109871PINHEIROM,2025-09-20,111465,1,5,0,138.0
10109871PINHEIROM_2025-09-20_G14,10109871PINHEIROM,2025-09-20,118222,1,6,0,463.0
10109871PINHEIROM_2025-09-20_G15,10109871PINHEIROM,2025-09-20,110373,1,2,0,117.0
10109871PINHEIROM_2025-09-20_G17,10109871PINHEIROM,2025-09-20,111443,1,6,0,159.0
10109871PINHEIROM_2025-09-20_G18,10109871PINHEIROM,2025-09-20,111431,1,2,0,227.0
10109871PINHEIROM_2025-09-20_G19,10109871PINHEIROM,2025-09-20,111418,1,100,0,762.0
10109871PINHEIROM_2025-09-20_G20,10109871PINHEIROM,2025-09-20,118223,1,1,0,88.0
10109871PINHEIROM_2025-09-20_G21,10109871PINHEIROM,2025-09-20,111530,1,2,0,1894.0
10109871PINHEIROM_2025-09-20_G22,10109871PINHEIROM,2025-09-20,140923,1,2,0,74.0
10109871PINHEIROM_2025-09-20_G23,10109871PINHEIROM,2025-09-20,110733,1,1,0,54.0
10109871PINHEIROM_2025-09-20_G24,10109871PINHEIROM,2025-09-20,117855,1,1,0,98.0
10109871PINHEIROM_2025-09-20_G25,10109871PINHEIROM,2025-09-20,109640,1,2,0,615.0
10109871PINHEIROM_2025-09-20_G26,10109871PINHEIROM,2025-09-20,108795,1,2,0,533.0
10109871PINHEIROM_2025-09-20_G27,10109871PINHEIROM,2025-09-20,108711,1,2,0,158.0
10109871PINHEIROM_2025-09-20_G28,10109871PINHEIROM,2025-09-20,111532,1,2,0,77.0
10109871PINHEIROM_2025-09-20_G29,10109871PINHEIROM,2025-09-20,110787,1,4,0,64.0
10109871PINHEIROM_2025-09-20_G30,10109871PINHEIROM,2025-09-20,141457,1,4,0,303.0
10109871PINHEIROM_2025-09-20_G31,10109871PINHEIROM,2025-09-20,111418,1,1,0,92.0
10109871PINHEIROM_2025-09-20_G32,10109871PINHEIROM,2025-09-20,111172,1,2,0,86.0
10109871PINHEIROM_2025-09-20_G33,10109871PINHEIROM,2025-09-20,118299,1,10,0,882.0
10109871PINHEIROM_2025-09-20_G34,10109871PINHEIROM,2025-09-20,117820,1,8,0,237.0
10109871PINHEIROM_2025-09-20_G35,10109871PINHEIROM,2025-09-20,117809,1,4,0,93.0
10109871PINHEIROM_2025-09-20_G36,10109871PINHEIROM,2025-09-20,117832,1,2,0,2076.0
10109871PINHEIROM_2025-09-20_G37,10109871PINHEIROM,2025-09-20,110373,1,10,0,189.0
10109871PINHEIROM_2025-09-20_G38,10109871PINHEIROM,2025-09-20,117820,3,42,12,62.0
10109871PINHEIROM_2025-09-20_G39,10109871PINHEIROM,2025-09-20,111465,1,3,0,247.0
10109871PINHEIROM_2025-09-20_G40,10109871PINHEIROM,2025-09-20,141456,1,2,0,420.0
10109871PINHEIROM_2025-09-20_G41,10109871PINHEIROM,2025-09-20,141457,1,4,0,113.0
10109871PINHEIROM_2025-09-20_G42,10109871PINHEIROM,2025-09-20,111418,1,2,0,73.0
10109871PINHEIROM_2025-09-20_G43,10109871PINHEIROM,2025-09-20,141457,1,4,0,77.0
10109871PINHEIROM_2025-09-20_G44,10109871PINHEIROM,2025-09-20,117833,1,2,0,135.0
10109871PINHEIROM_2025-09-22_G02,10109871PINHEIROM,2025-09-22,111602,1,2,0,167.0
10109871PINHEIROM_2025-09-22_G03,10109871PINHEIROM,2025-09-22,111467,1,4,0,56.0
10109871PINHEIROM_2025-09-22_G04,10109871PINHEIROM,2025-09-22,141456,1,4,0,175.0
10109871PINHEIROM_2025-09-22_G05,10109871PINHEIROM,2025-09-22,108795,1,4,0,85.0
10109871PINHEIROM_2025-09-22_G06,10109871PINHEIROM,2025-09-22,108711,1,4,0,109.0
10109871PINHEIROM_2025-09-22_G07,10109871PINHEIROM,2025-09-22,141457,1,4,0,145.0
10109871PINHEIROM_2025-09-22_G08,10109871PINHEIROM,2025-09-22,117833,1,4,0,102.0
10109871PINHEIROM_2025-09-22_G09,10109871PINHEIROM,2025-09-22,107236,1,4,0,175.0
10109871PINHEIROM_2025-09-22_G10,10109871PINHEIROM,2025-09-22,117808,1,12,0,419.0
10109871PINHEIROM_2025-09-22_G11,10109871PINHEIROM,2025-09-22,118299,1,12,0,118.0
10109871PINHEIROM_2025-09-22_G12,10109871PINHEIROM,2025-09-22,117820,1,4,0,104.0
10109871PINHEIROM_2025-09-22_G13,10109871PINHEIROM,2025-09-22,140923,1,12,0,1655.0
10109871PINHEIROM_2025-09-22_G14,10109871PINHEIROM,2025-09-22,141352,1,4,0,125.0
10109871PINHEIROM_2025-09-22_G15,10109871PINHEIROM,2025-09-22,111467,1,4,0,96.0
10109871PINHEIROM_2025-09-22_G16,10109871PINHEIROM,2025-09-22,110373,1,6,0,1157.0
10109871PINHEIROM_2025-09-22_G17,10109871PINHEIROM,2025-09-22,117808,1,6,0,366.0
10109871PINHEIROM_2025-09-22_G18,10109871PINHEIROM,2025-09-22,118299,1,14,0,96.0
10109871PINHEIROM_2025-09-22_G20,10109871PINHEIROM,2025-09-22,117835,1,12,0,539.0
10109871PINHEIROM_2025-09-22_G22,10109871PINHEIROM,2025-09-22,111530,1,30,0,899.0
10109871PINHEIROM_2025-09-22_G23,10109871PINHEIROM,2025-09-22,140923,1,10,0,135.0
10109871PINHEIROM_2025-09-22_G24,10109871PINHEIROM,2025-09-22,117787,1,12,0,222.0
10109871PINHEIROM_2025-09-22_G25,10109871PINHEIROM,2025-09-22,118140,1,16,0,178.0
10109871PINHEIROM_2025-09-22_G26,10109871PINHEIROM,2025-09-22,117831,1,16,0,471.0
10109871PINHEIROM_2025-09-22_G27,10109871PINHEIROM,2025-09-22,111443,1,4,0,1178.0
10109871PINHEIROM_2025-09-22_G28,10109871PINHEIROM,2025-09-22,140923,1,8,0,73.0
10109871PINHEIROM_2025-09-22_G29,10109871PINHEIROM,2025-09-22,140923,1,4,0,48.0
10109871PINHEIROM_2025-09-22_G30,10109871PINHEIROM,2025-09-22,111530,3,39,31,1895.0
10109871PINHEIROM_2025-09-22_G31,10109871PINHEIROM,2025-09-22,111602,1,32,0,1303.0
10109871PINHEIROM_2025-09-22_G32,10109871PINHEIROM,2025-09-22,111172,1,100,0,1855.0
10109871PINHEIROM_2025-09-22_G33,10109871PINHEIROM,2025-09-22,111723,1,8,0,39.0
10109871PINHEIROM_2025-09-22_G34,10109871PINHEIROM,2025-09-22,109640,1,110,0,1619.0
10109871PINHEIROM_2025-09-22_G35,10109871PINHEIROM,2025-09-22,109647,1,24,0,790.0
10109871PINHEIROM_2025-09-24_G02,10109871PINHEIROM,2025-09-24,110787,1,50,0,700.0
10109871PINHEIROM_2025-09-24_G03,10109871PINHEIROM,2025-09-24,110325,1,23,0,454.0
10109871PINHEIROM_2025-09-24_G04,10109871PINHEIROM,2025-09-24,111602,1,3,0,635.0
10109871PINHEIROM_2025-09-24_G05,10109871PINHEIROM,2025-09-24,117862,1,6,0,225.0
10109871PINHEIROM_2025-09-24_G06,10109871PINHEIROM,2025-09-24,111530,1,7,0,166.0
10109871PINHEIROM_2025-09-24_G07,10109871PINHEIROM,2025-09-24,111602,1,2,0,130.0
10109871PINHEIROM_2025-09-24_G08,10109871PINHEIROM,2025-09-24,111467,1,8,0,101.0
10109871PINHEIROM_2025-09-24_G09,10109871PINHEIROM,2025-09-24,108711,1,8,0,149.0
10109871PINHEIROM_2025-09-24_G10,10109871PINHEIROM,2025-09-24,111532,1,16,0,474.0
10109871PINHEIROM_2025-09-24_G11,10109871PINHEIROM,2025-09-24,110745,1,2,0,146.0
10109871PINHEIROM_2025-09-24_G12,10109871PINHEIROM,2025-09-24,110375,1,12,0,1207.0
10109871PINHEIROM_2025-09-24_G13,10109871PINHEIROM,2025-09-24,110373,1,16,0,410.0
10109871PINHEIROM_2025-09-24_G14,10109871PINHEIROM,2025-09-24,118140,1,6,0,527.0
10109871PINHEIROM_2025-09-24_G15,10109871PINHEIROM,2025-09-24,117856,1,10,0,522.0
10109871PINHEIROM_2025-09-24_G16,10109871PINHEIROM,2025-09-24,140923,1,18,0,656.0
10109871PINHEIROM_2025-09-24_G17,10109871PINHEIROM,2025-09-24,111602,1,7,0,187.0
10109871PINHEIROM_2025-09-24_G18,10109871PINHEIROM,2025-09-24,117856,1,8,0,231.0
10109871PINHEIROM_2025-09-24_G19,10109871PINHEIROM,2025-09-24,140923,1,7,0,364.0
10109871PINHEIROM_2025-09-24_G20,10109871PINHEIROM,2025-09-24,111743,1,40,0,2319.0
10109871PINHEIROM_2025-09-24_G22,10109871PINHEIROM,2025-09-24,111530,1,80,0,401.0
10109871PINHEIROM_2025-09-24_G23,10109871PINHEIROM,2025-09-24,117861,1,20,0,420.0
10109871PINHEIROM_2025-09-24_G24,10109871PINHEIROM,2025-09-24,105242,1,1,0,133.0
10109871PINHEIROM_2025-09-24_G25,10109871PINHEIROM,2025-09-24,111602,1,6,0,59.0
10109871PINHEIROM_2025-09-24_G26,10109871PINHEIROM,2025-09-24,117838,1,20,0,226.0
10109871PINHEIROM_2025-09-25_G02,10109871PINHEIROM,2025-09-25,141066,1,40,0,505.0
10109871PINHEIROM_2025-09-25_G03,10109871PINHEIROM,2025-09-25,140957,1,4,0,327.0
10109871PINHEIROM_2025-09-25_G04,10109871PINHEIROM,2025-09-25,117862,1,120,0,1386.0
10109871PINHEIROM_2025-09-25_G05,10109871PINHEIROM,2025-09-25,117861,1,120,0,675.0
10109871PINHEIROM_2025-09-26_G02,10109871PINHEIROM,2025-09-26,100334,1,4,0,101.0
10109871PINHEIROM_2025-09-26_G03,10109871PINHEIROM,2025-09-26,110755,1,5,0,127.0
10109871PINHEIROM_2025-09-26_G04,10109871PINHEIROM,2025-09-26,111430,1,4,0,135.0
10109871PINHEIROM_2025-09-26_G05,10109871PINHEIROM,2025-09-26,110747,1,5,0,354.0
10109871PINHEIROM_2025-09-26_G06,10109871PINHEIROM,2025-09-26,105705,1,4,0,253.0
10109871PINHEIROM_2025-09-26_G07,10109871PINHEIROM,2025-09-26,111433,1,4,0,163.0
10109871PINHEIROM_2025-09-26_G08,10109871PINHEIROM,2025-09-26,111443,1,8,0,1131.0
10109871PINHEIROM_2025-09-26_G09,10109871PINHEIROM,2025-09-26,117785,1,12,0,504.0
10109871PINHEIROM_2025-09-26_G10,10109871PINHEIROM,2025-09-26,111743,1,10,0,516.0
10109871PINHEIROM_2025-09-26_G11,10109871PINHEIROM,2025-09-26,111431,1,5,0,183.0
10109871PINHEIROM_2025-09-26_G12,10109871PINHEIROM,2025-09-26,117842,1,6,0,220.0
10109871PINHEIROM_2025-09-26_G13,10109871PINHEIROM,2025-09-26,111418,1,20,0,172.0
10109871PINHEIROM_2025-09-26_G14,10109871PINHEIROM,2025-09-26,116241,1,4,0,401.0
10109871PINHEIROM_2025-09-26_G15,10109871PINHEIROM,2025-09-26,141458,1,10,0,96.0
10109871PINHEIROM_2025-09-26_G16,10109871PINHEIROM,2025-09-26,117856,1,8,0,286.0
10109871PINHEIROM_2025-09-26_G17,10109871PINHEIROM,2025-09-26,105705,1,6,0,136.0
10109871PINHEIROM_2025-09-26_G18,10109871PINHEIROM,2025-09-26,107892,1,1,0,228.0
10109871PINHEIROM_2025-09-26_G19,10109871PINHEIROM,2025-09-26,108795,1,2,0,154.0
10109871PINHEIROM_2025-09-26_G20,10109871PINHEIROM,2025-09-26,111466,1,2,0,75.0
10109871PINHEIROM_2025-09-26_G21,10109871PINHEIROM,2025-09-26,110373,1,2,0,172.0
10109871PINHEIROM_2025-09-26_G22,10109871PINHEIROM,2025-09-26,118222,1,50,0,1804.0
10109871PINHEIROM_2025-09-26_G23,10109871PINHEIROM,2025-09-26,118306,1,8,0,516.0
10109871PINHEIROM_2025-09-26_G24,10109871PINHEIROM,2025-09-26,111569,1,6,0,484.0
10109871PINHEIROM_2025-09-26_G25,10109871PINHEIROM,2025-09-26,110747,1,8,0,355.0
10109871PINHEIROM_2025-09-26_G26,10109871PINHEIROM,2025-09-26,140923,1,16,0,473.0
10109871PINHEIROM_2025-09-26_G27,10109871PINHEIROM,2025-09-26,111530,1,15,0,537.0
10109871PINHEIROM_2025-09-26_G28,10109871PINHEIROM,2025-09-26,117855,1,10,0,189.0
10109871PINHEIROM_2025-09-26_G29,10109871PINHEIROM,2025-09-26,117862,1,2,0,874.0
10109871PINHEIROM_2025-09-26_G31,10109871PINHEIROM,2025-09-26,111467,1,1,0,129.0
10109871PINHEIROM_2025-09-26_G32,10109871PINHEIROM,2025-09-26,109645,1,2,0,132.0
10109871PINHEIROM_2025-09-26_G33,10109871PINHEIROM,2025-09-26,118140,1,1,0,51.0
10109871PINHEIROM_2025-09-26_G34,10109871PINHEIROM,2025-09-26,111435,1,6,0,120.0
10109871PINHEIROM_2025-09-26_G35,10109871PINHEIROM,2025-09-26,108798,1,2,0,128.0
10109871PINHEIROM_2025-09-26_G36,10109871PINHEIROM,2025-09-26,111431,1,4,0,107.0
10109871PINHEIROM_2025-09-26_G37,10109871PINHEIROM,2025-09-26,141457,1,4,0,110.0
10109871PINHEIROM_2025-09-26_G38,10109871PINHEIROM,2025-09-26,111462,1,8,0,222.0
10109871PINHEIROM_2025-09-26_G39,10109871PINHEIROM,2025-09-26,111468,1,3,0,285.0
10109871PINHEIROM_2025-09-26_G40,10109871PINHEIROM,2025-09-26,118299,1,8,0,149.0
10109871PINHEIROM_2025-09-26_G41,10109871PINHEIROM,2025-09-26,117830,1,5,0,106.0
10109871PINHEIROM_2025-09-26_G42,10109871PINHEIROM,2025-09-26,111602,1,20,0,2815.0
10109871PINHEIROM_2025-09-26_G43,10109871PINHEIROM,2025-09-26,140923,1,40,0,974.0
10109871PINHEIROM_2025-09-26_G44,10109871PINHEIROM,2025-09-26,111530,1,18,0,1400.0
10109871PINHEIROM_2025-09-26_G45,10109871PINHEIROM,2025-09-26,111530,1,2,0,113.0
10109871PINHEIROM_2025-09-26_G46,10109871PINHEIROM,2025-09-26,111466,1,40,0,348.0
10109871PINHEIROM_2025-09-26_G47,10109871PINHEIROM,2025-09-26,117785,2,60,26,390.0
10109871PINHEIROM_2025-09-26_G48,10109871PINHEIROM,2025-09-26,141047,1,3,0,2017.0
10109871PINHEIROM_2025-09-26_G49,10109871PINHEIROM,2025-09-26,117797,1,4,0,558.0
10109871PINHEIROM_2025-09-26_G50,10109871PINHEIROM,2025-09-26,110313,1,1,0,441.0
10109871PINHEIROM_2025-09-27_G02,10109871PINHEIROM,2025-09-27,111418,1,480,0,871.0
10109871PINHEIROM_2025-09-27_G03,10109871PINHEIROM,2025-09-27,117935,1,57,0,1176.0
10109871PINHEIROM_2025-09-27_G04,10109871PINHEIROM,2025-09-27,114100,1,6,0,2091.0
10109871PINHEIROM_2025-09-27_G05,10109871PINHEIROM,2025-09-27,118280,1,8,0,269.0
10109871PINHEIROM_2025-09-27_G06,10109871PINHEIROM,2025-09-27,118283,1,8,0,339.0
10109871PINHEIROM_2025-09-27_G07,10109871PINHEIROM,2025-09-27,111430,1,27,0,682.0
10109871PINHEIROM_2025-09-27_G08,10109871PINHEIROM,2025-09-27,118285,1,24,0,301.0
10109871PINHEIROM_2025-09-27_G09,10109871PINHEIROM,2025-09-27,118222,1,26,0,941.0
10109871PINHEIROM_2025-09-27_G10,10109871PINHEIROM,2025-09-27,111463,1,20,0,418.0
10109871PINHEIROM_2025-09-27_G11,10109871PINHEIROM,2025-09-27,108711,1,18,0,133.0
10109871PINHEIROM_2025-09-27_G12,10109871PINHEIROM,2025-09-27,109641,1,12,0,324.0
10109871PINHEIROM_2025-09-27_G13,10109871PINHEIROM,2025-09-27,111743,1,26,0,222.0
10109871PINHEIROM_2025-09-27_G14,10109871PINHEIROM,2025-09-27,110787,1,14,0,184.0
10109871PINHEIROM_2025-09-27_G16,10109871PINHEIROM,2025-09-27,118140,1,24,0,377.0
10109871PINHEIROM_2025-09-27_G17,10109871PINHEIROM,2025-09-27,111466,1,18,0,383.0
10109871PINHEIROM_2025-09-27_G18,10109871PINHEIROM,2025-09-27,117821,1,26,0,203.0
10109871PINHEIROM_2025-09-30_G02,10109871PINHEIROM,2025-09-30,118222,1,10,0,392.0
10109871PINHEIROM_2025-09-30_G03,10109871PINHEIROM,2025-09-30,118222,1,34,0,40.0
10109871PINHEIROM_2025-09-30_G04,10109871PINHEIROM,2025-09-30,118306,1,8,0,1250.0
10109871PINHEIROM_2025-09-30_G05,10109871PINHEIROM,2025-09-30,110582,1,1,0,108.0
10109871PINHEIROM_2025-09-30_G06,10109871PINHEIROM,2025-09-30,117834,1,4,0,144.0
10109871PINHEIROM_2025-09-30_G07,10109871PINHEIROM,2025-09-30,110755,1,3,0,93.0
10109871PINHEIROM_2025-09-30_G08,10109871PINHEIROM,2025-09-30,109643,1,1,0,158.0
10109871PINHEIROM_2025-09-30_G09,10109871PINHEIROM,2025-09-30,109643,1,56,0,403.0
10109871PINHEIROM_2025-09-30_G10,10109871PINHEIROM,2025-09-30,110374,2,45,8,514.0
10109871PINHEIROM_2025-09-30_G11,10109871PINHEIROM,2025-09-30,107830,1,6,0,183.0
10109871PINHEIROM_2025-09-30_G12,10109871PINHEIROM,2025-09-30,110371,1,35,0,349.0
10109871PINHEIROM_2025-09-30_G13,10109871PINHEIROM,2025-09-30,117840,1,4,0,69.0
10109871PINHEIROM_2025-09-30_G14,10109871PINHEIROM,2025-09-30,110376,2,21,6,193.0
10109871PINHEIROM_2025-09-30_G15,10109871PINHEIROM,2025-09-30,117822,2,19,7,184.0
10109871PINHEIROM_2025-09-30_G16,10109871PINHEIROM,2025-09-30,110325,2,31,9,136.0
10109871PINHEIROM_2025-09-30_G17,10109871PINHEIROM,2025-09-30,117830,2,28,8,1410.0
10109871PINHEIROM_2025-09-30_G18,10109871PINHEIROM,2025-09-30,109640,2,16,15,505.0
10109871PINHEIROM_2025-09-30_G19,10109871PINHEIROM,2025-09-30,117855,1,59,0,463.0
10109871PINHEIROM_2025-10-03_G02,10109871PINHEIROM,2025-10-03,111532,1,16,0,684.0
10109871PINHEIROM_2025-10-03_G03,10109871PINHEIROM,2025-10-03,109640,1,4,0,569.0
10109871PINHEIROM_2025-10-06_G02,10109871PINHEIROM,2025-10-06,107254,1,4,0,1556.0
10109871PINHEIROM_2025-10-06_G03,10109871PINHEIROM,2025-10-06,110841,1,6,0,255.0
10109871PINHEIROM_2025-10-06_G04,10109871PINHEIROM,2025-10-06,141035,1,13,0,200.0
10109871PINHEIROM_2025-10-06_G05,10109871PINHEIROM,2025-10-06,141047,1,105,0,736.0
10109871PINHEIROM_2025-10-06_G06,10109871PINHEIROM,2025-10-06,117855,1,115,0,784.0
10109871PINHEIROM_2025-10-06_G07,10109871PINHEIROM,2025-10-06,117856,1,90,0,728.0
10109871PINHEIROM_2025-10-06_G08,10109871PINHEIROM,2025-10-06,111650,1,28,0,271.0
10109871PINHEIROM_2025-10-06_G09,10109871PINHEIROM,2025-10-06,111467,1,160,0,699.0
10109871PINHEIROM_2026-02-10_G02,10109871PINHEIROM,2026-02-10,111463,1,8,0,195.0
10109871PINHEIROM_2026-02-10_G03,10109871PINHEIROM,2026-02-10,141823,1,3,0,152.0
10109871PINHEIROM_2026-02-10_G04,10109871PINHEIROM,2026-02-10,111418,1,13,0,154.0
10109871PINHEIROM_2026-02-10_G05,10109871PINHEIROM,2026-02-10,"117832, 110372",2,9,8,196.0
10109871PINHEIROM_2026-02-10_G06,10109871PINHEIROM,2026-02-10,117830,1,8,0,210.0
10109871PINHEIROM_2026-02-10_G07,10109871PINHEIROM,2026-02-10,103149,1,2,0,513.0
10109871PINHEIROM_2026-02-10_G08,10109871PINHEIROM,2026-02-10,109643,1,4,0,169.0
10109871PINHEIROM_2026-02-10_G09,10109871PINHEIROM,2026-02-10,117832,1,1,0,64.0
10109871PINHEIROM_2026-02-10_G10,10109871PINHEIROM,2026-02-10,117830,1,2,0,94.0
10109871PINHEIROM_2026-02-10_G11,10109871PINHEIROM,2026-02-10,141823,1,1,0,173.0
10109871PINHEIROM_2026-02-10_G12,10109871PINHEIROM,2026-02-10,111532,1,3,0,132.0
10109871PINHEIROM_2026-02-10_G13,10109871PINHEIROM,2026-02-10,111530,1,4,0,115.0
10109871PINHEIROM_2026-02-10_G14,10109871PINHEIROM,2026-02-10,142045,1,2,0,70.0
10109871PINHEIROM_2026-02-10_G15,10109871PINHEIROM,2026-02-10,117786,1,2,0,534.0
10109871PINHEIROM_2026-02-10_G16,10109871PINHEIROM,2026-02-10,117832,1,4,0,359.0
10109871PINHEIROM_2026-02-10_G17,10109871PINHEIROM,2026-02-10,118140,1,4,0,72.0
10109871PINHEIROM_2026-02-10_G18,10109871PINHEIROM,2026-02-10,111463,1,4,0,114.0
10109871PINHEIROM_2026-02-10_G19,10109871PINHEIROM,2026-02-10,141823,1,2,0,52.0
10109871PINHEIROM_2026-02-10_G20,10109871PINHEIROM,2026-02-10,117786,1,4,0,428.0
10109871PINHEIROM_2026-02-10_G21,10109871PINHEIROM,2026-02-10,117832,1,4,0,127.0
10109871PINHEIROM_2026-02-10_G22,10109871PINHEIROM,2026-02-10,110372,1,8,0,109.0
10109871PINHEIROM_2026-02-10_G23,10109871PINHEIROM,2026-02-10,117830,1,4,0,145.0
10109871PINHEIROM_2026-02-10_G24,10109871PINHEIROM,2026-02-10,118140,1,2,0,138.0
10109871PINHEIROM_2026-02-10_G25,10109871PINHEIROM,2026-02-10,141823,1,6,0,697.0
10109871PINHEIROM_2026-03-06_G02,10109871PINHEIROM,2026-03-06,124486,1,20,0,479.0
10109871PINHEIROM_2026-03-06_G03,10109871PINHEIROM,2026-03-06,122962,1,4,0,296.0
10109871PINHEIROM_2026-03-06_G04,10109871PINHEIROM,2026-03-06,122962,1,16,0,830.0
10109871PINHEIROM_2026-03-06_G05,10109871PINHEIROM,2026-03-06,124247,1,5,0,103.0
10109871PINHEIROM_2026-03-06_G06,10109871PINHEIROM,2026-03-06,121760,1,40,0,1059.0
10109871PINHEIROM_2026-03-06_G07,10109871PINHEIROM,2026-03-06,124371,1,6,0,325.0
10109871PINHEIROM_2026-03-06_G08,10109871PINHEIROM,2026-03-06,123343,1,20,0,367.0
10109871PINHEIROM_2026-03-06_G09,10109871PINHEIROM,2026-03-06,123345,1,30,0,285.0
10109871PINHEIROM_2026-03-18_G02,10109871PINHEIROM,2026-03-18,122647,1,11,0,1494.0
10109871PINHEIROM_2026-03-18_G03,10109871PINHEIROM,2026-03-18,124370,1,24,0,1119.0
10109871PINHEIROM_2026-03-18_G04,10109871PINHEIROM,2026-03-18,124484,1,10,0,236.0
10109871PINHEIROM_2026-03-18_G05,10109871PINHEIROM,2026-03-18,124582,1,8,0,182.0
10109871PINHEIROM_2026-03-18_G06,10109871PINHEIROM,2026-03-18,124486,1,25,0,665.0
10109871PINHEIROM_2026-03-18_G07,10109871PINHEIROM,2026-03-18,122983,1,12,0,315.0
10109871PINHEIROM_2026-03-18_G08,10109871PINHEIROM,2026-03-18,121651,1,30,0,890.0
10109871PINHEIROM_2026-03-18_G09,10109871PINHEIROM,2026-03-18,123344,1,6,0,316.0
10109871PINHEIROM_2026-03-18_G10,10109871PINHEIROM,2026-03-18,122962,1,75,0,2207.0
10109871PINHEIROM_2026-03-18_G11,10109871PINHEIROM,2026-03-18,123343,1,1,0,112.0
10109871PINHEIROM_2026-03-18_G12,10109871PINHEIROM,2026-03-18,124477,1,6,0,324.0
10109872GOMESP_2025-06-05_G02,10109872GOMESP,2025-06-05,117789,1,4,0,1342.0
10109872GOMESP_2025-06-05_G03,10109872GOMESP,2025-06-05,110747,1,34,0,1284.0
10109872GOMESP_2025-06-05_G04,10109872GOMESP,2025-06-05,110754,1,10,0,906.0
10109872GOMESP_2025-06-05_G05,10109872GOMESP,2025-06-05,100334,1,30,0,1851.0
10109872GOMESP_2025-06-05_G06,10109872GOMESP,2025-06-05,111532,1,10,0,881.0
10109872GOMESP_2025-06-05_G07,10109872GOMESP,2025-06-05,117787,1,30,0,707.0
10109872GOMESP_2025-06-05_G08,10109872GOMESP,2025-06-05,111444,1,20,0,319.0
10109872GOMESP_2025-06-05_G09,10109872GOMESP,2025-06-05,111465,1,40,0,819.0
10109872GOMESP_2025-06-07_G02,10109872GOMESP,2025-06-07,117855,1,88,0,2510.0
10109872GOMESP_2025-06-07_G03,10109872GOMESP,2025-06-07,110733,1,50,0,838.0
10109872GOMESP_2025-06-07_G04,10109872GOMESP,2025-06-07,117862,1,70,0,622.0
10109872GOMESP_2025-06-07_G05,10109872GOMESP,2025-06-07,141047,1,4,0,2182.0
10109872GOMESP_2025-06-07_G06,10109872GOMESP,2025-06-07,107629,1,4,0,140.0
10109872GOMESP_2025-06-07_G07,10109872GOMESP,2025-06-07,117855,1,24,0,779.0
10109872GOMESP_2025-06-07_G08,10109872GOMESP,2025-06-07,109640,1,10,0,441.0
10109872GOMESP_2025-06-07_G09,10109872GOMESP,2025-06-07,111467,1,2,0,41.0
10109872GOMESP_2025-06-07_G11,10109872GOMESP,2025-06-07,111439,1,2,0,56.0
10109872GOMESP_2025-06-07_G12,10109872GOMESP,2025-06-07,111602,1,14,0,316.0
10109872GOMESP_2025-06-07_G13,10109872GOMESP,2025-06-07,110313,1,4,0,211.0
10109872GOMESP_2025-06-07_G14,10109872GOMESP,2025-06-07,111530,1,11,0,220.0
10109872GOMESP_2025-06-07_G15,10109872GOMESP,2025-06-07,118094,1,2,0,236.0
10109872GOMESP_2025-06-07_G16,10109872GOMESP,2025-06-07,111438,1,4,0,2229.0
10109872GOMESP_2025-06-07_G17,10109872GOMESP,2025-06-07,111569,1,4,0,73.0
10109872GOMESP_2025-06-09_G02,10109872GOMESP,2025-06-09,110743,1,4,0,101.0
10109872GOMESP_2025-06-09_G03,10109872GOMESP,2025-06-09,111469,1,37,0,453.0
10109872GOMESP_2025-06-09_G04,10109872GOMESP,2025-06-09,111469,1,2,0,295.0
10109872GOMESP_2025-06-09_G05,10109872GOMESP,2025-06-09,140922,1,11,0,908.0
10109872GOMESP_2025-06-09_G06,10109872GOMESP,2025-06-09,110745,1,8,0,166.0
10109872GOMESP_2025-06-09_G07,10109872GOMESP,2025-06-09,118140,1,2,0,1820.0
10109872GOMESP_2025-06-09_G08,10109872GOMESP,2025-06-09,111433,1,2,0,91.0
10109872GOMESP_2025-06-09_G09,10109872GOMESP,2025-06-09,111433,1,2,0,62.0
10109872GOMESP_2025-06-09_G10,10109872GOMESP,2025-06-09,117785,1,4,0,308.0
10109872GOMESP_2025-06-09_G11,10109872GOMESP,2025-06-09,117821,1,10,0,198.0
10109872GOMESP_2025-06-09_G12,10109872GOMESP,2025-06-09,111465,2,27,9,364.0
10109872GOMESP_2025-06-09_G13,10109872GOMESP,2025-06-09,110742,1,4,0,1013.0
10109872GOMESP_2025-06-09_G14,10109872GOMESP,2025-06-09,100334,1,4,0,362.0
10109872GOMESP_2025-06-09_G15,10109872GOMESP,2025-06-09,111569,1,4,0,169.0
10109872GOMESP_2025-06-09_G16,10109872GOMESP,2025-06-09,109640,1,2,0,315.0
10109872GOMESP_2025-06-09_G17,10109872GOMESP,2025-06-09,117855,1,2,0,71.0
10109872GOMESP_2025-06-09_G18,10109872GOMESP,2025-06-09,111467,1,2,0,85.0
10109872GOMESP_2025-06-09_G19,10109872GOMESP,2025-06-09,117853,1,5,0,301.0
10109872GOMESP_2025-06-09_G20,10109872GOMESP,2025-06-09,111462,1,8,0,663.0
10109872GOMESP_2025-06-09_G21,10109872GOMESP,2025-06-09,110374,1,6,0,310.0
10109872GOMESP_2025-06-09_G22,10109872GOMESP,2025-06-09,110371,1,9,0,220.0
10109872GOMESP_2025-06-09_G23,10109872GOMESP,2025-06-09,111743,1,2,0,331.0
10109872GOMESP_2025-06-09_G24,10109872GOMESP,2025-06-09,109641,1,2,0,80.0
10109872GOMESP_2025-06-09_G25,10109872GOMESP,2025-06-09,110745,1,2,0,140.0
10109872GOMESP_2025-06-09_G26,10109872GOMESP,2025-06-09,111466,1,3,0,40.0
10109872GOMESP_2025-06-09_G27,10109872GOMESP,2025-06-09,117842,1,4,0,230.0
10109872GOMESP_2025-06-09_G28,10109872GOMESP,2025-06-09,111418,1,4,0,137.0
10109872GOMESP_2025-06-09_G29,10109872GOMESP,2025-06-09,118140,1,2,0,247.0
10109872GOMESP_2025-06-09_G30,10109872GOMESP,2025-06-09,111348,1,4,0,67.0
10109872GOMESP_2025-06-09_G31,10109872GOMESP,2025-06-09,110787,1,1,0,101.0
10109872GOMESP_2025-06-09_G32,10109872GOMESP,2025-06-09,111465,1,4,0,79.0
10109872GOMESP_2025-06-09_G33,10109872GOMESP,2025-06-09,109643,1,2,0,154.0
10109872GOMESP_2025-06-09_G34,10109872GOMESP,2025-06-09,117808,1,6,0,75.0
10109872GOMESP_2025-06-09_G35,10109872GOMESP,2025-06-09,118299,1,9,0,255.0
10109872GOMESP_2025-06-09_G36,10109872GOMESP,2025-06-09,110372,1,8,0,106.0
10109872GOMESP_2025-06-09_G37,10109872GOMESP,2025-06-09,117830,1,4,0,125.0
10109872GOMESP_2025-06-09_G38,10109872GOMESP,2025-06-09,110742,1,2,0,334.0
10109872GOMESP_2025-06-09_G39,10109872GOMESP,2025-06-09,111569,1,3,0,111.0
10109872GOMESP_2025-06-09_G41,10109872GOMESP,2025-06-09,110895,1,4,0,110.0
10109872GOMESP_2025-06-09_G42,10109872GOMESP,2025-06-09,117861,1,2,0,106.0
10109872GOMESP_2025-06-09_G43,10109872GOMESP,2025-06-09,111466,1,4,0,398.0
10109872GOMESP_2025-06-09_G44,10109872GOMESP,2025-06-09,111431,1,2,0,124.0
10109872GOMESP_2025-06-09_G45,10109872GOMESP,2025-06-09,111418,1,4,0,180.0
10109872GOMESP_2025-06-09_G46,10109872GOMESP,2025-06-09,117821,1,2,0,154.0
10109872GOMESP_2025-06-09_G47,10109872GOMESP,2025-06-09,116241,1,4,0,838.0
10109872GOMESP_2025-06-09_G48,10109872GOMESP,2025-06-09,116241,1,2,0,62.0
10109872GOMESP_2025-06-09_G49,10109872GOMESP,2025-06-09,117785,1,2,0,1048.0
10109872GOMESP_2025-06-09_G51,10109872GOMESP,2025-06-09,117833,1,110,0,648.0
10109872GOMESP_2025-06-09_G52,10109872GOMESP,2025-06-09,111172,1,30,0,571.0
10109872GOMESP_2025-06-09_G53,10109872GOMESP,2025-06-09,107236,1,30,0,577.0
10109872GOMESP_2025-06-10_G02,10109872GOMESP,2025-06-10,111463,1,2,0,133.0
10109872GOMESP_2025-06-10_G03,10109872GOMESP,2025-06-10,111469,1,4,0,96.0
10109872GOMESP_2025-06-10_G04,10109872GOMESP,2025-06-10,117842,1,2,0,68.0
10109872GOMESP_2025-06-10_G05,10109872GOMESP,2025-06-10,117821,1,4,0,98.0
10109872GOMESP_2025-06-10_G06,10109872GOMESP,2025-06-10,117808,1,10,0,195.0
10109872GOMESP_2025-06-10_G07,10109872GOMESP,2025-06-10,118299,1,7,0,247.0
10109872GOMESP_2025-06-10_G08,10109872GOMESP,2025-06-10,140922,1,6,0,462.0
10109872GOMESP_2025-06-10_G09,10109872GOMESP,2025-06-10,108711,1,8,0,155.0
10109872GOMESP_2025-06-10_G10,10109872GOMESP,2025-06-10,117808,1,22,0,1062.0
10109872GOMESP_2025-06-10_G11,10109872GOMESP,2025-06-10,118299,1,21,0,328.0
10109872GOMESP_2025-06-10_G12,10109872GOMESP,2025-06-10,110372,1,8,0,195.0
10109872GOMESP_2025-06-10_G13,10109872GOMESP,2025-06-10,110371,1,12,0,214.0
10109872GOMESP_2025-06-10_G14,10109872GOMESP,2025-06-10,117808,1,10,0,2561.0
10109872GOMESP_2025-06-10_G15,10109872GOMESP,2025-06-10,117822,1,7,0,138.0
10109872GOMESP_2025-06-10_G16,10109872GOMESP,2025-06-10,110373,1,14,0,128.0
10109872GOMESP_2025-06-10_G17,10109872GOMESP,2025-06-10,118299,1,4,0,80.0
10109872GOMESP_2025-06-10_G18,10109872GOMESP,2025-06-10,110372,1,40,0,316.0
10109872GOMESP_2025-06-10_G19,10109872GOMESP,2025-06-10,110750,1,113,0,1790.0
10109872GOMESP_2025-06-10_G21,10109872GOMESP,2025-06-10,111569,1,2,0,91.0
10109872GOMESP_2025-06-10_G22,10109872GOMESP,2025-06-10,117855,1,2,0,114.0
10109872GOMESP_2025-06-10_G23,10109872GOMESP,2025-06-10,118140,1,5,0,136.0
10109872GOMESP_2025-06-10_G24,10109872GOMESP,2025-06-10,111418,1,11,0,286.0
10109872GOMESP_2025-06-10_G25,10109872GOMESP,2025-06-10,111465,1,3,0,97.0
10109872GOMESP_2025-06-10_G26,10109872GOMESP,2025-06-10,117808,1,24,0,499.0
10109872GOMESP_2025-06-10_G27,10109872GOMESP,2025-06-10,109643,1,7,0,115.0
10109872GOMESP_2025-06-10_G28,10109872GOMESP,2025-06-10,110371,1,4,0,163.0
10109872GOMESP_2025-06-10_G29,10109872GOMESP,2025-06-10,118094,1,3,0,287.0
10109872GOMESP_2025-06-10_G30,10109872GOMESP,2025-06-10,110515,1,4,0,148.0
10109872GOMESP_2025-06-10_G31,10109872GOMESP,2025-06-10,111418,1,1,0,134.0
10109872GOMESP_2025-06-10_G32,10109872GOMESP,2025-06-10,108711,1,2,0,128.0
10109872GOMESP_2025-06-10_G33,10109872GOMESP,2025-06-10,118140,1,1,0,41.0
10109872GOMESP_2025-06-10_G34,10109872GOMESP,2025-06-10,111462,1,5,0,142.0
10109872GOMESP_2025-06-10_G35,10109872GOMESP,2025-06-10,117808,1,15,0,180.0
10109872GOMESP_2025-06-10_G36,10109872GOMESP,2025-06-10,118299,1,6,0,160.0
10109872GOMESP_2025-06-10_G37,10109872GOMESP,2025-06-10,110372,1,7,0,307.0
10109872GOMESP_2025-06-10_G38,10109872GOMESP,2025-06-10,117820,1,1,0,132.0
10109872GOMESP_2025-06-10_G39,10109872GOMESP,2025-06-10,111759,1,4,0,540.0
10109872GOMESP_2025-06-10_G40,10109872GOMESP,2025-06-10,111751,1,4,0,722.0
10109872GOMESP_2025-06-10_G41,10109872GOMESP,2025-06-10,141261,1,8,0,415.0
10109872GOMESP_2025-06-10_G42,10109872GOMESP,2025-06-10,111722,1,10,0,135.0
10109872GOMESP_2025-06-10_G43,10109872GOMESP,2025-06-10,118191,1,8,0,151.0
10109872GOMESP_2025-06-10_G44,10109872GOMESP,2025-06-10,111740,1,4,0,931.0
10109872GOMESP_2025-06-10_G45,10109872GOMESP,2025-06-10,111753,1,4,0,318.0
10109872GOMESP_2025-06-10_G46,10109872GOMESP,2025-06-10,141262,1,4,0,811.0
10109872GOMESP_2025-06-10_G47,10109872GOMESP,2025-06-10,111751,1,4,0,51.0
10109872GOMESP_2025-06-10_G48,10109872GOMESP,2025-06-10,111740,1,4,0,119.0
10109872GOMESP_2025-06-10_G49,10109872GOMESP,2025-06-10,111634,1,8,0,90.0
10109872GOMESP_2025-06-10_G50,10109872GOMESP,2025-06-10,141261,1,6,0,129.0
10109872GOMESP_2025-06-10_G51,10109872GOMESP,2025-06-10,111722,1,4,0,111.0
10109872GOMESP_2025-06-10_G52,10109872GOMESP,2025-06-10,118191,1,6,0,97.0
10109872GOMESP_2025-06-11_G02,10109872GOMESP,2025-06-11,109937,1,4,0,201.0
10109872GOMESP_2025-06-11_G03,10109872GOMESP,2025-06-11,118094,1,4,0,158.0
10109872GOMESP_2025-06-11_G04,10109872GOMESP,2025-06-11,110339,1,14,0,574.0
10109872GOMESP_2025-06-11_G05,10109872GOMESP,2025-06-11,109640,1,2,0,148.0
10109872GOMESP_2025-06-11_G06,10109872GOMESP,2025-06-11,117855,1,4,0,94.0
10109872GOMESP_2025-06-11_G07,10109872GOMESP,2025-06-11,111435,1,12,0,380.0
10109872GOMESP_2025-06-11_G08,10109872GOMESP,2025-06-11,110751,1,5,0,130.0
10109872GOMESP_2025-06-11_G09,10109872GOMESP,2025-06-11,111463,1,12,0,144.0
10109872GOMESP_2025-06-11_G10,10109872GOMESP,2025-06-11,111469,1,2,0,66.0
10109872GOMESP_2025-06-11_G11,10109872GOMESP,2025-06-11,111466,1,14,0,403.0
10109872GOMESP_2025-06-11_G12,10109872GOMESP,2025-06-11,111466,1,4,0,38.0
10109872GOMESP_2025-06-11_G13,10109872GOMESP,2025-06-11,118140,1,2,0,153.0
10109872GOMESP_2025-06-11_G14,10109872GOMESP,2025-06-11,111418,1,20,0,299.0
10109872GOMESP_2025-06-11_G15,10109872GOMESP,2025-06-11,110374,1,10,0,511.0
10109872GOMESP_2025-06-11_G16,10109872GOMESP,2025-06-11,117808,1,10,0,100.0
10109872GOMESP_2025-06-11_G17,10109872GOMESP,2025-06-11,110373,1,30,0,285.0
10109872GOMESP_2025-06-11_G18,10109872GOMESP,2025-06-11,110373,1,2,0,39.0
10109872GOMESP_2025-06-11_G19,10109872GOMESP,2025-06-11,118299,1,34,0,263.0
10109872GOMESP_2025-06-11_G20,10109872GOMESP,2025-06-11,110372,1,16,0,206.0
10109872GOMESP_2025-06-11_G21,10109872GOMESP,2025-06-11,110371,1,2,0,176.0
10109872GOMESP_2025-06-11_G23,10109872GOMESP,2025-06-11,110339,1,13,0,146.0
10109872GOMESP_2025-06-11_G24,10109872GOMESP,2025-06-11,117837,1,20,0,334.0
10109872GOMESP_2025-06-11_G25,10109872GOMESP,2025-06-11,110750,1,7,0,192.0
10109872GOMESP_2025-06-11_G26,10109872GOMESP,2025-06-11,117855,1,18,0,275.0
10109872GOMESP_2025-06-11_G27,10109872GOMESP,2025-06-11,117861,1,17,0,348.0
10109872GOMESP_2025-06-11_G28,10109872GOMESP,2025-06-11,111467,1,9,0,127.0
10109872GOMESP_2025-06-11_G29,10109872GOMESP,2025-06-11,110752,1,1,0,54.0
10109872GOMESP_2025-06-11_G30,10109872GOMESP,2025-06-11,110313,1,12,0,133.0
10109872GOMESP_2025-06-11_G32,10109872GOMESP,2025-06-11,110733,1,16,0,260.0
10109872GOMESP_2025-06-11_G33,10109872GOMESP,2025-06-11,111530,1,24,0,222.0
10109872GOMESP_2025-06-11_G34,10109872GOMESP,2025-06-11,117856,1,49,0,468.0
10109872GOMESP_2025-06-11_G35,10109872GOMESP,2025-06-11,111602,1,24,0,617.0
10109872GOMESP_2025-06-11_G36,10109872GOMESP,2025-06-11,114091,1,4,0,286.0
10109872GOMESP_2025-06-11_G37,10109872GOMESP,2025-06-11,114092,1,2,0,127.0
10109872GOMESP_2025-06-11_G38,10109872GOMESP,2025-06-11,160051,1,2,0,88.0
10109872GOMESP_2025-06-11_G39,10109872GOMESP,2025-06-11,110325,1,55,0,92.0
10109872GOMESP_2025-06-11_G40,10109872GOMESP,2025-06-11,109643,1,43,0,1003.0
10109872GOMESP_2025-06-11_G41,10109872GOMESP,2025-06-11,117830,1,32,0,252.0
10109872GOMESP_2025-06-11_G42,10109872GOMESP,2025-06-11,110895,1,1,0,2296.0
10109872GOMESP_2025-06-11_G43,10109872GOMESP,2025-06-11,108772,1,5,0,307.0
10109872GOMESP_2025-06-11_G44,10109872GOMESP,2025-06-11,107629,1,4,0,151.0
10109872GOMESP_2025-06-11_G45,10109872GOMESP,2025-06-11,117862,1,2,0,196.0
10109872GOMESP_2025-06-11_G46,10109872GOMESP,2025-06-11,110313,1,4,0,118.0
10109872GOMESP_2025-06-11_G47,10109872GOMESP,2025-06-11,117786,1,4,0,91.0
10109872GOMESP_2025-06-11_G48,10109872GOMESP,2025-06-11,117856,1,2,0,73.0
10109872GOMESP_2025-06-11_G49,10109872GOMESP,2025-06-11,111602,1,2,0,87.0
10109872GOMESP_2025-06-11_G50,10109872GOMESP,2025-06-11,110374,1,4,0,154.0
10109872GOMESP_2025-06-11_G51,10109872GOMESP,2025-06-11,117808,1,13,0,210.0
10109872GOMESP_2025-06-11_G52,10109872GOMESP,2025-06-11,117820,1,18,0,226.0
10109872GOMESP_2025-06-11_G53,10109872GOMESP,2025-06-11,110373,1,10,0,216.0
10109872GOMESP_2025-06-11_G54,10109872GOMESP,2025-06-11,110372,1,29,0,933.0
10109872GOMESP_2025-06-11_G55,10109872GOMESP,2025-06-11,117830,1,6,0,116.0
10109872GOMESP_2025-06-11_G56,10109872GOMESP,2025-06-11,118222,1,4,0,388.0
10109872GOMESP_2025-06-12_G02,10109872GOMESP,2025-06-12,110895,1,2,0,175.0
10109872GOMESP_2025-06-12_G03,10109872GOMESP,2025-06-12,160057,1,3,0,143.0
10109872GOMESP_2025-06-12_G04,10109872GOMESP,2025-06-12,108701,2,4,30,170.0
10109872GOMESP_2025-06-12_G05,10109872GOMESP,2025-06-12,111876,1,1,0,82.0
10109872GOMESP_2025-06-12_G06,10109872GOMESP,2025-06-12,111467,1,1,0,109.0
10109872GOMESP_2025-06-12_G07,10109872GOMESP,2025-06-12,117856,1,6,0,234.0
10109872GOMESP_2025-06-12_G08,10109872GOMESP,2025-06-12,110374,1,10,0,216.0
10109872GOMESP_2025-06-12_G09,10109872GOMESP,2025-06-12,160051,1,6,0,189.0
10109872GOMESP_2025-06-12_G10,10109872GOMESP,2025-06-12,110373,1,70,0,1267.0
10109872GOMESP_2025-06-12_G11,10109872GOMESP,2025-06-12,111530,1,4,0,560.0
10109872GOMESP_2025-06-12_G12,10109872GOMESP,2025-06-12,118140,1,8,0,642.0
10109872GOMESP_2025-06-12_G13,10109872GOMESP,2025-06-12,111438,2,24,8,470.0
10109872GOMESP_2025-06-12_G14,10109872GOMESP,2025-06-12,109647,1,10,0,418.0
10109872GOMESP_2025-06-12_G15,10109872GOMESP,2025-06-12,110515,1,2,0,73.0
10109872GOMESP_2025-06-12_G16,10109872GOMESP,2025-06-12,110374,1,66,0,1349.0
10109872GOMESP_2025-06-12_G17,10109872GOMESP,2025-06-12,117832,1,6,0,187.0
10109872GOMESP_2025-06-12_G18,10109872GOMESP,2025-06-12,117808,1,125,0,835.0
10109872GOMESP_2025-06-12_G19,10109872GOMESP,2025-06-12,110373,2,42,25,427.0
10109872GOMESP_2025-06-12_G20,10109872GOMESP,2025-06-12,118299,1,50,0,932.0
10109872GOMESP_2025-06-12_G21,10109872GOMESP,2025-06-12,117820,1,52,0,475.0
10109872GOMESP_2025-06-12_G23,10109872GOMESP,2025-06-12,111602,1,8,0,234.0
10109872GOMESP_2025-06-12_G24,10109872GOMESP,2025-06-12,108711,1,8,0,247.0
10109872GOMESP_2025-06-12_G25,10109872GOMESP,2025-06-12,140911,1,4,0,152.0
10109872GOMESP_2025-06-12_G26,10109872GOMESP,2025-06-12,110373,1,4,0,624.0
10109872GOMESP_2025-06-12_G27,10109872GOMESP,2025-06-12,110313,1,4,0,191.0
10109872GOMESP_2025-06-12_G28,10109872GOMESP,2025-06-12,110313,1,1,0,60.0
10109872GOMESP_2025-06-12_G29,10109872GOMESP,2025-06-12,111602,1,16,0,225.0
10109872GOMESP_2025-06-12_G30,10109872GOMESP,2025-06-12,108711,1,4,0,154.0
10109872GOMESP_2025-06-12_G31,10109872GOMESP,2025-06-12,117854,1,2,0,460.0
10109872GOMESP_2025-06-12_G32,10109872GOMESP,2025-06-12,110787,1,6,0,219.0
10109872GOMESP_2025-06-12_G33,10109872GOMESP,2025-06-12,109647,1,2,0,482.0
10109872GOMESP_2025-06-12_G34,10109872GOMESP,2025-06-12,141047,1,4,0,104.0
10109872GOMESP_2025-06-12_G35,10109872GOMESP,2025-06-12,111876,1,4,0,107.0
10109872GOMESP_2025-06-12_G36,10109872GOMESP,2025-06-12,109640,1,4,0,104.0
10109872GOMESP_2025-06-12_G37,10109872GOMESP,2025-06-12,110515,1,14,0,139.0
10109872GOMESP_2025-06-12_G38,10109872GOMESP,2025-06-12,117862,1,8,0,166.0
10109872GOMESP_2025-06-12_G39,10109872GOMESP,2025-06-12,117855,1,2,0,142.0
10109872GOMESP_2025-06-12_G40,10109872GOMESP,2025-06-12,117861,1,4,0,54.0
10109872GOMESP_2025-06-12_G41,10109872GOMESP,2025-06-12,111467,1,7,0,89.0
10109872GOMESP_2025-06-12_G42,10109872GOMESP,2025-06-12,110313,1,4,0,58.0
10109872GOMESP_2025-06-12_G43,10109872GOMESP,2025-06-12,117853,1,8,0,86.0
10109872GOMESP_2025-06-12_G44,10109872GOMESP,2025-06-12,110733,1,3,0,353.0
10109872GOMESP_2025-06-12_G45,10109872GOMESP,2025-06-12,111530,1,12,0,238.0
10109872GOMESP_2025-06-12_G46,10109872GOMESP,2025-06-12,117856,1,10,0,112.0
10109872GOMESP_2025-06-12_G47,10109872GOMESP,2025-06-12,111532,1,6,0,1318.0
10109872GOMESP_2025-06-12_G48,10109872GOMESP,2025-06-12,111462,1,14,0,215.0
10109872GOMESP_2025-06-12_G49,10109872GOMESP,2025-06-12,111418,1,22,0,195.0
10109872GOMESP_2025-06-12_G50,10109872GOMESP,2025-06-12,109645,1,10,0,197.0
10109872GOMESP_2025-06-12_G51,10109872GOMESP,2025-06-12,110787,1,10,0,470.0
10109872GOMESP_2025-06-12_G52,10109872GOMESP,2025-06-12,111465,1,4,0,91.0
10109872GOMESP_2025-06-12_G53,10109872GOMESP,2025-06-12,110748,1,2,0,83.0
10109872GOMESP_2025-06-12_G54,10109872GOMESP,2025-06-12,110371,1,10,0,1302.0
10109872GOMESP_2025-06-12_G55,10109872GOMESP,2025-06-12,114092,1,1,0,1085.0
10109872GOMESP_2025-06-12_G56,10109872GOMESP,2025-06-12,109643,1,130,0,823.0
10109872GOMESP_2025-06-12_G57,10109872GOMESP,2025-06-12,110749,1,8,0,567.0
10109872GOMESP_2025-06-12_G58,10109872GOMESP,2025-06-12,118403,1,10,0,215.0
10109872GOMESP_2025-06-13_G02,10109872GOMESP,2025-06-13,111469,1,5,0,311.0
10109872GOMESP_2025-06-13_G03,10109872GOMESP,2025-06-13,140922,1,8,0,136.0
10109872GOMESP_2025-06-13_G04,10109872GOMESP,2025-06-13,111462,1,2,0,254.0
10109872GOMESP_2025-06-13_G05,10109872GOMESP,2025-06-13,111433,1,2,0,157.0
10109872GOMESP_2025-06-13_G06,10109872GOMESP,2025-06-13,117821,1,2,0,80.0
10109872GOMESP_2025-06-13_G07,10109872GOMESP,2025-06-13,118140,1,2,0,67.0
10109872GOMESP_2025-06-13_G08,10109872GOMESP,2025-06-13,118140,1,8,0,78.0
10109872GOMESP_2025-06-13_G09,10109872GOMESP,2025-06-13,111465,1,8,0,123.0
10109872GOMESP_2025-06-13_G10,10109872GOMESP,2025-06-13,110515,1,4,0,227.0
10109872GOMESP_2025-06-13_G11,10109872GOMESP,2025-06-13,117862,1,3,0,138.0
10109872GOMESP_2025-06-13_G12,10109872GOMESP,2025-06-13,117855,1,3,0,88.0
10109872GOMESP_2025-06-13_G13,10109872GOMESP,2025-06-13,110752,1,2,0,83.0
10109872GOMESP_2025-06-13_G14,10109872GOMESP,2025-06-13,117786,1,2,0,110.0
10109872GOMESP_2025-06-13_G15,10109872GOMESP,2025-06-13,111530,1,3,0,123.0
10109872GOMESP_2025-06-13_G16,10109872GOMESP,2025-06-13,"118140, 108711",2,8,16,1171.0
10109872GOMESP_2025-06-13_G17,10109872GOMESP,2025-06-13,110515,1,2,0,788.0
10109872GOMESP_2025-06-13_G18,10109872GOMESP,2025-06-13,"117855, 109937",2,7,14,112.0
10109872GOMESP_2025-06-13_G19,10109872GOMESP,2025-06-13,109937,1,7,0,278.0
10109872GOMESP_2025-06-13_G20,10109872GOMESP,2025-06-13,111530,1,2,0,146.0
10109872GOMESP_2025-06-13_G21,10109872GOMESP,2025-06-13,111463,1,3,0,202.0
10109872GOMESP_2025-06-13_G22,10109872GOMESP,2025-06-13,111469,1,2,0,70.0
10109872GOMESP_2025-06-13_G23,10109872GOMESP,2025-06-13,111466,1,4,0,87.0
10109872GOMESP_2025-06-13_G24,10109872GOMESP,2025-06-13,108711,1,8,0,427.0
10109872GOMESP_2025-06-13_G25,10109872GOMESP,2025-06-13,118222,1,2,0,335.0
10109872GOMESP_2025-06-13_G26,10109872GOMESP,2025-06-13,109640,1,4,0,649.0
10109872GOMESP_2025-06-13_G27,10109872GOMESP,2025-06-13,141262,1,4,0,148.0
10109872GOMESP_2025-06-13_G28,10109872GOMESP,2025-06-13,111751,1,8,0,237.0
10109872GOMESP_2025-06-13_G29,10109872GOMESP,2025-06-13,111722,1,6,0,329.0
10109872GOMESP_2025-06-13_G30,10109872GOMESP,2025-06-13,118191,1,8,0,95.0
10109872GOMESP_2025-06-13_G31,10109872GOMESP,2025-06-13,111759,1,6,0,494.0
10109872GOMESP_2025-06-13_G32,10109872GOMESP,2025-06-13,111738,1,8,0,104.0
10109872GOMESP_2025-06-13_G33,10109872GOMESP,2025-06-13,"111753, 111723",2,14,16,1380.0
10109872GOMESP_2025-06-13_G35,10109872GOMESP,2025-06-13,111753,1,10,0,526.0
10109872GOMESP_2025-06-13_G36,10109872GOMESP,2025-06-13,141262,1,10,0,244.0
10109872GOMESP_2025-06-13_G37,10109872GOMESP,2025-06-13,111751,1,6,0,256.0
10109872GOMESP_2025-06-13_G38,10109872GOMESP,2025-06-13,111634,1,6,0,270.0
10109872GOMESP_2025-06-13_G39,10109872GOMESP,2025-06-13,141261,1,8,0,167.0
10109872GOMESP_2025-06-13_G40,10109872GOMESP,2025-06-13,111722,1,12,0,147.0
10109872GOMESP_2025-06-13_G41,10109872GOMESP,2025-06-13,118191,1,8,0,90.0
10109872GOMESP_2025-06-13_G42,10109872GOMESP,2025-06-13,111738,1,8,0,371.0
10109872GOMESP_2025-06-13_G43,10109872GOMESP,2025-06-13,111755,1,4,0,54.0
10109872GOMESP_2025-06-13_G44,10109872GOMESP,2025-06-13,111753,1,4,0,160.0
10109872GOMESP_2025-06-13_G45,10109872GOMESP,2025-06-13,111722,1,8,0,273.0
10109872GOMESP_2025-06-13_G46,10109872GOMESP,2025-06-13,118191,1,6,0,140.0
10109872GOMESP_2025-06-13_G47,10109872GOMESP,2025-06-13,141262,1,12,0,210.0
10109872GOMESP_2025-06-13_G48,10109872GOMESP,2025-06-13,111634,1,6,0,137.0
10109872GOMESP_2025-06-13_G49,10109872GOMESP,2025-06-13,111751,1,4,0,326.0
10109872GOMESP_2025-06-13_G50,10109872GOMESP,2025-06-13,141261,1,16,0,323.0
10109872GOMESP_2025-06-13_G51,10109872GOMESP,2025-06-13,111759,1,8,0,1232.0
10109872GOMESP_2025-06-13_G52,10109872GOMESP,2025-06-13,111759,1,4,0,599.0
10109872GOMESP_2025-06-14_G02,10109872GOMESP,2025-06-14,141047,1,10,0,370.0
10109872GOMESP_2025-06-14_G03,10109872GOMESP,2025-06-14,117854,1,4,0,349.0
10109872GOMESP_2025-06-14_G04,10109872GOMESP,2025-06-14,110580,1,4,0,133.0
10109872GOMESP_2025-06-14_G05,10109872GOMESP,2025-06-14,111876,1,6,0,144.0
10109872GOMESP_2025-06-14_G06,10109872GOMESP,2025-06-14,110339,1,9,0,318.0
10109872GOMESP_2025-06-14_G07,10109872GOMESP,2025-06-14,109640,1,2,0,127.0
10109872GOMESP_2025-06-14_G08,10109872GOMESP,2025-06-14,109640,1,10,0,115.0
10109872GOMESP_2025-06-14_G09,10109872GOMESP,2025-06-14,117837,1,10,0,187.0
10109872GOMESP_2025-06-14_G10,10109872GOMESP,2025-06-14,111650,1,6,0,841.0
10109872GOMESP_2025-06-14_G11,10109872GOMESP,2025-06-14,117855,1,20,0,203.0
10109872GOMESP_2025-06-14_G12,10109872GOMESP,2025-06-14,117861,1,8,0,75.0
10109872GOMESP_2025-06-14_G13,10109872GOMESP,2025-06-14,111467,1,7,0,218.0
10109872GOMESP_2025-06-14_G14,10109872GOMESP,2025-06-14,110313,1,10,0,98.0
10109872GOMESP_2025-06-14_G15,10109872GOMESP,2025-06-14,117853,1,6,0,80.0
10109872GOMESP_2025-06-14_G16,10109872GOMESP,2025-06-14,105242,1,4,0,176.0
10109872GOMESP_2025-06-14_G17,10109872GOMESP,2025-06-14,110733,1,14,0,183.0
10109872GOMESP_2025-06-14_G18,10109872GOMESP,2025-06-14,110733,1,10,0,64.0
10109872GOMESP_2025-06-14_G19,10109872GOMESP,2025-06-14,117856,1,14,0,242.0
10109872GOMESP_2025-06-14_G20,10109872GOMESP,2025-06-14,111602,1,8,0,1912.0
10109872GOMESP_2025-06-14_G21,10109872GOMESP,2025-06-14,140922,1,30,0,282.0
10109872GOMESP_2025-06-14_G22,10109872GOMESP,2025-06-14,111468,1,40,0,434.0
10109872GOMESP_2025-06-14_G23,10109872GOMESP,2025-06-14,108798,1,8,0,250.0
10109872GOMESP_2025-06-14_G24,10109872GOMESP,2025-06-14,111462,1,10,0,267.0
10109872GOMESP_2025-06-14_G25,10109872GOMESP,2025-06-14,115817,1,20,0,452.0
10109872GOMESP_2025-06-14_G26,10109872GOMESP,2025-06-14,117329,1,2,0,144.0
10109872GOMESP_2025-06-14_G27,10109872GOMESP,2025-06-14,107236,1,5,0,153.0
10109872GOMESP_2025-06-14_G28,10109872GOMESP,2025-06-14,111465,1,20,0,485.0
10109872GOMESP_2025-06-14_G29,10109872GOMESP,2025-06-14,108711,1,20,0,268.0
10109872GOMESP_2025-06-14_G30,10109872GOMESP,2025-06-14,110755,1,10,0,1511.0
10109872GOMESP_2025-06-14_G31,10109872GOMESP,2025-06-14,117855,1,3,0,108.0
10109872GOMESP_2025-06-14_G32,10109872GOMESP,2025-06-14,110743,1,2,0,76.0
10109872GOMESP_2025-06-14_G33,10109872GOMESP,2025-06-14,111469,1,5,0,107.0
10109872GOMESP_2025-06-14_G34,10109872GOMESP,2025-06-14,117831,1,2,0,93.0
10109872GOMESP_2025-06-14_G35,10109872GOMESP,2025-06-14,108711,1,3,0,133.0
10109872GOMESP_2025-06-14_G36,10109872GOMESP,2025-06-14,109641,1,2,0,162.0
10109872GOMESP_2025-06-14_G37,10109872GOMESP,2025-06-14,111418,1,10,0,126.0
10109872GOMESP_2025-06-14_G39,10109872GOMESP,2025-06-14,118140,1,4,0,44.0
10109872GOMESP_2025-06-14_G40,10109872GOMESP,2025-06-14,110372,1,4,0,132.0
10109872GOMESP_2025-06-14_G41,10109872GOMESP,2025-06-14,110373,1,5,0,58.0
10109872GOMESP_2025-06-14_G42,10109872GOMESP,2025-06-14,110373,1,9,0,79.0
10109872GOMESP_2025-06-14_G43,10109872GOMESP,2025-06-14,110371,1,5,0,124.0
10109872GOMESP_2025-06-14_G44,10109872GOMESP,2025-06-14,110313,1,2,0,626.0
10109872GOMESP_2025-06-14_G45,10109872GOMESP,2025-06-14,111418,1,2,0,174.0
10109872GOMESP_2025-06-14_G46,10109872GOMESP,2025-06-14,117831,1,1,0,175.0
10109872GOMESP_2025-06-14_G47,10109872GOMESP,2025-06-14,111418,1,4,0,111.0
10109872GOMESP_2025-06-14_G48,10109872GOMESP,2025-06-14,108794,1,2,0,164.0
10109872GOMESP_2025-06-14_G49,10109872GOMESP,2025-06-14,109641,1,4,0,116.0
10109872GOMESP_2025-06-14_G50,10109872GOMESP,2025-06-14,117808,1,17,0,1187.0
10109872GOMESP_2025-06-14_G51,10109872GOMESP,2025-06-14,117840,1,10,0,145.0
10109872GOMESP_2025-06-14_G52,10109872GOMESP,2025-06-14,141047,1,10,0,215.0
10109872GOMESP_2025-06-14_G53,10109872GOMESP,2025-06-14,109640,1,16,0,177.0
10109872GOMESP_2025-06-14_G54,10109872GOMESP,2025-06-14,117855,1,13,0,218.0
10109872GOMESP_2025-06-14_G55,10109872GOMESP,2025-06-14,117786,1,15,0,314.0
10109872GOMESP_2025-06-14_G56,10109872GOMESP,2025-06-14,110733,1,19,0,289.0
10109872GOMESP_2025-06-14_G57,10109872GOMESP,2025-06-14,110747,1,10,0,217.0
10109872GOMESP_2025-06-14_G58,10109872GOMESP,2025-06-14,111430,1,6,0,104.0
10109872GOMESP_2025-06-14_G59,10109872GOMESP,2025-06-14,100334,1,7,0,194.0
10109872GOMESP_2025-06-14_G60,10109872GOMESP,2025-06-14,110749,1,4,0,133.0
10109872GOMESP_2025-06-14_G61,10109872GOMESP,2025-06-14,118306,1,5,0,269.0
10109872GOMESP_2025-06-14_G62,10109872GOMESP,2025-06-14,111655,1,6,0,158.0
10109872GOMESP_2025-06-14_G63,10109872GOMESP,2025-06-14,110332,1,6,0,267.0
10109872GOMESP_2025-06-14_G64,10109872GOMESP,2025-06-14,118140,1,57,0,368.0
10109872GOMESP_2025-06-14_G65,10109872GOMESP,2025-06-14,117830,1,40,0,1383.0
10109872GOMESP_2025-06-14_G66,10109872GOMESP,2025-06-14,110325,1,20,0,606.0
10109872GOMESP_2025-06-14_G67,10109872GOMESP,2025-06-14,117830,1,40,0,1067.0
10109872GOMESP_2025-06-14_G68,10109872GOMESP,2025-06-14,141202,1,2,0,347.0
10109872GOMESP_2025-06-14_G69,10109872GOMESP,2025-06-14,117809,1,50,0,613.0
10109872GOMESP_2025-06-14_G70,10109872GOMESP,2025-06-14,117820,1,200,0,396.0
10109872GOMESP_2025-06-14_G71,10109872GOMESP,2025-06-14,117808,1,300,0,416.0
10109872GOMESP_2025-06-16_G02,10109872GOMESP,2025-06-16,111722,1,6,0,152.0
10109872GOMESP_2025-06-16_G03,10109872GOMESP,2025-06-16,111738,1,4,0,454.0
10109872GOMESP_2025-06-16_G04,10109872GOMESP,2025-06-16,111755,1,4,0,188.0
10109872GOMESP_2025-06-16_G05,10109872GOMESP,2025-06-16,141262,1,12,0,161.0
10109872GOMESP_2025-06-16_G06,10109872GOMESP,2025-06-16,111751,1,8,0,235.0
10109872GOMESP_2025-06-16_G07,10109872GOMESP,2025-06-16,111722,1,4,0,241.0
10109872GOMESP_2025-06-16_G08,10109872GOMESP,2025-06-16,117821,1,6,0,560.0
10109872GOMESP_2025-06-16_G09,10109872GOMESP,2025-06-16,111742,2,8,15,606.0
10109872GOMESP_2025-06-16_G12,10109872GOMESP,2025-06-16,141047,1,10,0,153.0
10109872GOMESP_2025-06-16_G13,10109872GOMESP,2025-06-16,108701,1,1,0,396.0
10109872GOMESP_2025-06-16_G14,10109872GOMESP,2025-06-16,108701,1,3,0,40.0
10109872GOMESP_2025-06-16_G15,10109872GOMESP,2025-06-16,108701,1,3,0,45.0
10109872GOMESP_2025-06-16_G16,10109872GOMESP,2025-06-16,117854,1,12,0,130.0
10109872GOMESP_2025-06-16_G17,10109872GOMESP,2025-06-16,109640,1,6,0,158.0
10109872GOMESP_2025-06-16_G18,10109872GOMESP,2025-06-16,109640,1,4,0,68.0
10109872GOMESP_2025-06-16_G19,10109872GOMESP,2025-06-16,118298,1,4,0,80.0
10109872GOMESP_2025-06-16_G20,10109872GOMESP,2025-06-16,111439,1,2,0,194.0
10109872GOMESP_2025-06-16_G21,10109872GOMESP,2025-06-16,108361,1,4,0,153.0
10109872GOMESP_2025-06-16_G22,10109872GOMESP,2025-06-16,117786,1,5,0,120.0
10109872GOMESP_2025-06-16_G23,10109872GOMESP,2025-06-16,117855,1,20,0,885.0
10109872GOMESP_2025-06-16_G24,10109872GOMESP,2025-06-16,117842,1,4,0,155.0
10109872GOMESP_2025-06-16_G25,10109872GOMESP,2025-06-16,109641,1,15,0,228.0
10109872GOMESP_2025-06-16_G26,10109872GOMESP,2025-06-16,109645,1,6,0,144.0
10109872GOMESP_2025-06-16_G27,10109872GOMESP,2025-06-16,111433,1,4,0,78.0
10109872GOMESP_2025-06-16_G28,10109872GOMESP,2025-06-16,118330,1,5,0,280.0
10109872GOMESP_2025-06-16_G29,10109872GOMESP,2025-06-16,118140,1,10,0,137.0
10109872GOMESP_2025-06-16_G30,10109872GOMESP,2025-06-16,107236,1,5,0,141.0
10109872GOMESP_2025-06-16_G31,10109872GOMESP,2025-06-16,110895,1,5,0,1458.0
10109872GOMESP_2025-06-16_G32,10109872GOMESP,2025-06-16,108759,1,3,0,85.0
10109872GOMESP_2025-06-16_G33,10109872GOMESP,2025-06-16,110582,1,2,0,128.0
10109872GOMESP_2025-06-16_G34,10109872GOMESP,2025-06-16,110747,1,10,0,126.0
10109872GOMESP_2025-06-17_G02,10109872GOMESP,2025-06-17,118298,1,10,0,134.0
10109872GOMESP_2025-06-17_G03,10109872GOMESP,2025-06-17,111439,1,1,0,69.0
10109872GOMESP_2025-06-17_G04,10109872GOMESP,2025-06-17,118403,1,10,0,156.0
10109872GOMESP_2025-06-17_G05,10109872GOMESP,2025-06-17,117856,1,20,0,339.0
10109872GOMESP_2025-06-17_G06,10109872GOMESP,2025-06-17,111655,1,2,0,148.0
10109872GOMESP_2025-06-17_G07,10109872GOMESP,2025-06-17,110895,1,10,0,167.0
10109872GOMESP_2025-06-17_G08,10109872GOMESP,2025-06-17,111120,1,4,0,108.0
10109872GOMESP_2025-06-17_G09,10109872GOMESP,2025-06-17,103149,1,1,0,85.0
10109872GOMESP_2025-06-17_G10,10109872GOMESP,2025-06-17,111211,1,6,0,328.0
10109872GOMESP_2025-06-17_G11,10109872GOMESP,2025-06-17,110733,1,4,0,1765.0
10109872GOMESP_2025-06-17_G12,10109872GOMESP,2025-06-17,111743,1,4,0,120.0
10109872GOMESP_2025-06-17_G13,10109872GOMESP,2025-06-17,140922,1,4,0,104.0
10109872GOMESP_2025-06-17_G14,10109872GOMESP,2025-06-17,160057,1,2,0,194.0
10109872GOMESP_2025-06-17_G15,10109872GOMESP,2025-06-17,160054,1,2,0,151.0
10109872GOMESP_2025-06-17_G16,10109872GOMESP,2025-06-17,160053,1,1,0,131.0
10109872GOMESP_2025-06-17_G17,10109872GOMESP,2025-06-17,110741,1,2,0,477.0
10109872GOMESP_2025-06-17_G18,10109872GOMESP,2025-06-17,109640,1,4,0,114.0
10109872GOMESP_2025-06-17_G19,10109872GOMESP,2025-06-17,117862,1,2,0,86.0
10109872GOMESP_2025-06-17_G20,10109872GOMESP,2025-06-17,110733,1,2,0,105.0
10109872GOMESP_2025-06-17_G21,10109872GOMESP,2025-06-17,111602,2,5,27,125.0
10109872GOMESP_2025-06-17_G22,10109872GOMESP,2025-06-17,111530,1,2,0,46.0
10109872GOMESP_2025-06-17_G23,10109872GOMESP,2025-06-17,110895,1,1,0,92.0
10109872GOMESP_2025-06-17_G24,10109872GOMESP,2025-06-17,110895,1,2,0,464.0
10109872GOMESP_2025-06-17_G25,10109872GOMESP,2025-06-17,117788,1,2,0,354.0
10109872GOMESP_2025-06-17_G26,10109872GOMESP,2025-06-17,107629,1,2,0,63.0
10109872GOMESP_2025-06-17_G27,10109872GOMESP,2025-06-17,110339,1,6,0,108.0
10109872GOMESP_2025-06-17_G28,10109872GOMESP,2025-06-17,117855,1,2,0,81.0
10109872GOMESP_2025-06-17_G29,10109872GOMESP,2025-06-17,110733,1,3,0,107.0
10109872GOMESP_2025-06-17_G30,10109872GOMESP,2025-06-17,117856,1,2,0,80.0
10109872GOMESP_2025-06-17_G31,10109872GOMESP,2025-06-17,110743,1,4,0,152.0
10109872GOMESP_2025-06-17_G32,10109872GOMESP,2025-06-17,140922,1,8,0,158.0
10109872GOMESP_2025-06-17_G33,10109872GOMESP,2025-06-17,110745,1,2,0,38.0
10109872GOMESP_2025-06-17_G34,10109872GOMESP,2025-06-17,117821,1,4,0,224.0
10109872GOMESP_2025-06-17_G35,10109872GOMESP,2025-06-17,117787,1,4,0,57.0
10109872GOMESP_2025-06-17_G36,10109872GOMESP,2025-06-17,111418,1,4,0,70.0
10109872GOMESP_2025-06-17_G37,10109872GOMESP,2025-06-17,111465,1,6,0,121.0
10109872GOMESP_2025-06-17_G38,10109872GOMESP,2025-06-17,111466,1,20,0,357.0
10109872GOMESP_2025-06-17_G39,10109872GOMESP,2025-06-17,110325,1,4,0,670.0
10109872GOMESP_2025-06-17_G40,10109872GOMESP,2025-06-17,110374,1,6,0,56.0
10109872GOMESP_2025-06-17_G41,10109872GOMESP,2025-06-17,117808,1,6,0,107.0
10109872GOMESP_2025-06-17_G42,10109872GOMESP,2025-06-17,109643,1,2,0,46.0
10109872GOMESP_2025-06-17_G43,10109872GOMESP,2025-06-17,110376,1,4,0,80.0
10109872GOMESP_2025-06-17_G44,10109872GOMESP,2025-06-17,117830,1,2,0,87.0
10109872GOMESP_2025-06-17_G45,10109872GOMESP,2025-06-17,110373,1,2,0,48.0
10109872GOMESP_2025-06-17_G46,10109872GOMESP,2025-06-17,118299,1,6,0,77.0
10109872GOMESP_2025-06-17_G47,10109872GOMESP,2025-06-17,110372,1,8,0,94.0
10109872GOMESP_2025-06-17_G48,10109872GOMESP,2025-06-17,141202,1,8,0,368.0
10109872GOMESP_2025-06-17_G49,10109872GOMESP,2025-06-17,141823,1,11,0,196.0
10109872GOMESP_2025-06-17_G50,10109872GOMESP,2025-06-17,110787,1,10,0,143.0
10109872GOMESP_2025-06-17_G51,10109872GOMESP,2025-06-17,118222,1,4,0,388.0
10109872GOMESP_2025-06-17_G52,10109872GOMESP,2025-06-17,109640,1,4,0,791.0
10109872GOMESP_2025-06-17_G53,10109872GOMESP,2025-06-17,111330,1,8,0,203.0
10109872GOMESP_2025-06-17_G54,10109872GOMESP,2025-06-17,110787,1,16,0,367.0
10109872GOMESP_2025-06-17_G56,10109872GOMESP,2025-06-17,111430,1,10,0,95.0
10109872GOMESP_2025-06-17_G57,10109872GOMESP,2025-06-17,109643,1,10,0,518.0
10109872GOMESP_2025-06-17_G58,10109872GOMESP,2025-06-17,141202,1,12,0,158.0
10109872GOMESP_2025-06-17_G59,10109872GOMESP,2025-06-17,109640,1,10,0,208.0
10109872GOMESP_2025-06-17_G60,10109872GOMESP,2025-06-17,111467,1,10,0,190.0
10109872GOMESP_2025-06-17_G61,10109872GOMESP,2025-06-17,111530,1,14,0,178.0
10109872GOMESP_2025-06-17_G62,10109872GOMESP,2025-06-17,117808,1,8,0,952.0
10109872GOMESP_2025-06-17_G63,10109872GOMESP,2025-06-17,141823,1,2,0,123.0
10109872GOMESP_2025-06-17_G65,10109872GOMESP,2025-06-17,111469,1,24,0,744.0
10109872GOMESP_2025-06-17_G66,10109872GOMESP,2025-06-17,111469,1,50,0,426.0
10109872GOMESP_2025-06-17_G67,10109872GOMESP,2025-06-17,109645,1,13,0,297.0
10109872GOMESP_2025-06-17_G68,10109872GOMESP,2025-06-17,117787,1,4,0,298.0
10109872GOMESP_2025-06-17_G69,10109872GOMESP,2025-06-17,111442,1,20,0,607.0
10109872GOMESP_2025-06-17_G70,10109872GOMESP,2025-06-17,160055,1,8,0,848.0
10109872GOMESP_2025-06-17_G71,10109872GOMESP,2025-06-17,111444,1,5,0,257.0
10109872GOMESP_2025-06-17_G72,10109872GOMESP,2025-06-17,160051,1,8,0,127.0
10109872GOMESP_2025-06-17_G73,10109872GOMESP,2025-06-17,160053,1,4,0,81.0
10109872GOMESP_2025-06-17_G74,10109872GOMESP,2025-06-17,110755,1,16,0,306.0
10109872GOMESP_2025-06-17_G75,10109872GOMESP,2025-06-17,109641,1,30,0,381.0
10109872GOMESP_2025-06-17_G76,10109872GOMESP,2025-06-17,118140,1,60,0,493.0
10109872GOMESP_2025-06-18_G02,10109872GOMESP,2025-06-18,117862,2,8,21,283.0
10109872GOMESP_2025-06-18_G03,10109872GOMESP,2025-06-18,110339,1,4,0,261.0
10109872GOMESP_2025-06-18_G04,10109872GOMESP,2025-06-18,110339,1,2,0,31.0
10109872GOMESP_2025-06-18_G05,10109872GOMESP,2025-06-18,109640,2,6,12,444.0
10109872GOMESP_2025-06-18_G06,10109872GOMESP,2025-06-18,110515,1,2,0,167.0
10109872GOMESP_2025-06-18_G07,10109872GOMESP,2025-06-18,117855,1,3,0,115.0
10109872GOMESP_2025-06-18_G08,10109872GOMESP,2025-06-18,117861,1,2,0,42.0
10109872GOMESP_2025-06-18_G09,10109872GOMESP,2025-06-18,117935,2,5,21,127.0
10109872GOMESP_2025-06-18_G10,10109872GOMESP,2025-06-18,117856,1,4,0,166.0
10109872GOMESP_2025-06-18_G11,10109872GOMESP,2025-06-18,111602,1,4,0,126.0
10109872GOMESP_2025-06-18_G12,10109872GOMESP,2025-06-18,111530,1,2,0,48.0
10109872GOMESP_2025-06-18_G13,10109872GOMESP,2025-06-18,111418,1,10,0,366.0
10109872GOMESP_2025-06-18_G14,10109872GOMESP,2025-06-18,111442,1,2,0,145.0
10109872GOMESP_2025-06-18_G15,10109872GOMESP,2025-06-18,110787,1,6,0,115.0
10109872GOMESP_2025-06-18_G16,10109872GOMESP,2025-06-18,118140,1,1,0,36.0
10109872GOMESP_2025-06-18_G17,10109872GOMESP,2025-06-18,110895,1,2,0,476.0
10109872GOMESP_2025-06-18_G18,10109872GOMESP,2025-06-18,141202,1,2,0,107.0
10109872GOMESP_2025-06-18_G19,10109872GOMESP,2025-06-18,109643,1,12,0,250.0
10109872GOMESP_2025-06-18_G20,10109872GOMESP,2025-06-18,110372,1,82,0,1424.0
10109872GOMESP_2025-06-18_G21,10109872GOMESP,2025-06-18,117832,1,30,0,1031.0
10109872GOMESP_2025-06-18_G22,10109872GOMESP,2025-06-18,117820,1,16,0,126.0
10109872GOMESP_2025-06-18_G23,10109872GOMESP,2025-06-18,109647,1,16,0,1287.0
10109872GOMESP_2025-06-18_G24,10109872GOMESP,2025-06-18,117833,1,9,0,238.0
10109872GOMESP_2025-06-18_G25,10109872GOMESP,2025-06-18,117787,1,28,0,182.0
10109872GOMESP_2025-06-18_G26,10109872GOMESP,2025-06-18,118094,1,126,0,2021.0
10109872GOMESP_2025-06-18_G27,10109872GOMESP,2025-06-18,117786,1,100,0,629.0
10109872GOMESP_2025-06-18_G28,10109872GOMESP,2025-06-18,110515,1,100,0,619.0
10109872GOMESP_2025-06-18_G30,10109872GOMESP,2025-06-18,111753,1,8,0,198.0
10109872GOMESP_2025-06-18_G31,10109872GOMESP,2025-06-18,111738,1,10,0,272.0
10109872GOMESP_2025-06-18_G32,10109872GOMESP,2025-06-18,111759,1,4,0,117.0
10109872GOMESP_2025-06-18_G33,10109872GOMESP,2025-06-18,111755,1,4,0,99.0
10109872GOMESP_2025-06-18_G34,10109872GOMESP,2025-06-18,141262,1,10,0,184.0
10109872GOMESP_2025-06-18_G35,10109872GOMESP,2025-06-18,111634,1,8,0,141.0
10109872GOMESP_2025-06-18_G36,10109872GOMESP,2025-06-18,111740,1,10,0,260.0
10109872GOMESP_2025-06-18_G37,10109872GOMESP,2025-06-18,111751,1,8,0,166.0
10109872GOMESP_2025-06-18_G38,10109872GOMESP,2025-06-18,141261,1,10,0,133.0
10109872GOMESP_2025-06-18_G39,10109872GOMESP,2025-06-18,111722,1,20,0,300.0
10109872GOMESP_2025-06-18_G40,10109872GOMESP,2025-06-18,111761,1,4,0,1002.0
10109872GOMESP_2025-06-18_G41,10109872GOMESP,2025-06-18,111742,1,8,0,389.0
10109872GOMESP_2025-06-18_G42,10109872GOMESP,2025-06-18,110787,1,10,0,387.0
10109872GOMESP_2025-06-18_G43,10109872GOMESP,2025-06-18,110313,1,2,0,340.0
10109872GOMESP_2025-06-18_G44,10109872GOMESP,2025-06-18,111742,1,8,0,473.0
10109872GOMESP_2025-06-18_G45,10109872GOMESP,2025-06-18,118094,1,4,0,943.0
10109872GOMESP_2025-06-18_G46,10109872GOMESP,2025-06-18,110515,1,4,0,159.0
10109872GOMESP_2025-06-18_G47,10109872GOMESP,2025-06-18,141262,1,10,0,232.0
10109872GOMESP_2025-06-18_G48,10109872GOMESP,2025-06-18,111634,1,12,0,231.0
10109872GOMESP_2025-06-18_G49,10109872GOMESP,2025-06-18,111722,1,72,0,462.0
10109872GOMESP_2025-06-18_G50,10109872GOMESP,2025-06-18,118140,1,4,0,356.0
10109872GOMESP_2025-06-18_G51,10109872GOMESP,2025-06-18,111759,1,5,0,103.0
10109872GOMESP_2025-06-18_G52,10109872GOMESP,2025-06-18,108798,1,2,0,127.0
10109872GOMESP_2025-06-18_G53,10109872GOMESP,2025-06-18,111172,1,2,0,65.0
10109872GOMESP_2025-06-18_G54,10109872GOMESP,2025-06-18,111466,1,3,0,113.0
10109872GOMESP_2025-06-18_G55,10109872GOMESP,2025-06-18,117831,1,4,0,48.0
10109872GOMESP_2025-06-18_G56,10109872GOMESP,2025-06-18,111463,1,4,0,144.0
10109872GOMESP_2025-06-18_G57,10109872GOMESP,2025-06-18,111757,1,12,0,896.0
10109872GOMESP_2025-06-19_G02,10109872GOMESP,2025-06-19,118299,1,10,0,129.0
10109872GOMESP_2025-06-19_G03,10109872GOMESP,2025-06-19,110787,1,1,0,138.0
10109872GOMESP_2025-06-19_G04,10109872GOMESP,2025-06-19,110787,1,4,0,56.0
10109872GOMESP_2025-06-19_G05,10109872GOMESP,2025-06-19,110787,1,12,0,136.0
10109872GOMESP_2025-06-19_G06,10109872GOMESP,2025-06-19,110787,1,12,0,609.0
10109872GOMESP_2025-06-19_G07,10109872GOMESP,2025-06-19,117935,1,2,0,634.0
10109872GOMESP_2025-06-19_G08,10109872GOMESP,2025-06-19,110787,1,2,0,122.0
10109872GOMESP_2025-06-19_G09,10109872GOMESP,2025-06-19,118299,1,16,0,165.0
10109872GOMESP_2025-06-19_G10,10109872GOMESP,2025-06-19,117935,1,3,0,591.0
10109872GOMESP_2025-06-19_G11,10109872GOMESP,2025-06-19,141047,1,25,0,1104.0
10109872GOMESP_2025-06-19_G12,10109872GOMESP,2025-06-19,111330,1,15,0,414.0
10109872GOMESP_2025-06-19_G13,10109872GOMESP,2025-06-19,118299,1,155,0,1978.0
10109872GOMESP_2025-06-19_G14,10109872GOMESP,2025-06-19,110372,1,150,0,441.0
10109872GOMESP_2025-06-19_G15,10109872GOMESP,2025-06-19,110373,1,46,0,600.0
10109872GOMESP_2025-06-19_G16,10109872GOMESP,2025-06-19,110371,1,300,0,249.0
10109872GOMESP_2025-06-19_G17,10109872GOMESP,2025-06-19,110371,1,150,0,438.0
10109872GOMESP_2025-06-19_G18,10109872GOMESP,2025-06-19,110895,1,72,0,878.0
10109872GOMESP_2025-06-19_G19,10109872GOMESP,2025-06-19,117834,1,55,0,209.0
10109872GOMESP_2025-06-19_G20,10109872GOMESP,2025-06-19,110741,1,36,0,326.0
10109872GOMESP_2025-06-19_G21,10109872GOMESP,2025-06-19,110751,1,46,0,439.0
10109872GOMESP_2025-06-19_G23,10109872GOMESP,2025-06-19,111446,1,8,0,72.0
10109872GOMESP_2025-06-19_G24,10109872GOMESP,2025-06-19,111446,1,4,0,50.0
10109872GOMESP_2025-06-19_G25,10109872GOMESP,2025-06-19,111446,1,8,0,105.0
10109872GOMESP_2025-06-19_G26,10109872GOMESP,2025-06-19,111446,1,10,0,86.0
10109872GOMESP_2025-06-19_G27,10109872GOMESP,2025-06-19,111446,8,74,72,58.0
10109872GOMESP_2025-06-19_G28,10109872GOMESP,2025-06-19,140922,1,4,0,775.0
10109872GOMESP_2025-06-19_G29,10109872GOMESP,2025-06-19,110745,1,4,0,46.0
10109872GOMESP_2025-06-19_G30,10109872GOMESP,2025-06-19,110748,1,8,0,126.0
10109872GOMESP_2025-06-19_G31,10109872GOMESP,2025-06-19,111442,1,4,0,144.0
10109872GOMESP_2025-06-19_G32,10109872GOMESP,2025-06-19,118140,1,2,0,95.0
10109872GOMESP_2025-06-19_G33,10109872GOMESP,2025-06-19,110332,1,4,0,121.0
10109872GOMESP_2025-06-19_G34,10109872GOMESP,2025-06-19,110332,1,4,0,54.0
10109872GOMESP_2025-06-19_G35,10109872GOMESP,2025-06-19,110325,1,4,0,630.0
10109872GOMESP_2025-06-19_G36,10109872GOMESP,2025-06-19,117832,1,10,0,147.0
10109872GOMESP_2025-06-19_G37,10109872GOMESP,2025-06-19,117830,1,4,0,43.0
10109872GOMESP_2025-06-19_G38,10109872GOMESP,2025-06-19,117820,1,4,0,79.0
10109872GOMESP_2025-06-19_G39,10109872GOMESP,2025-06-19,117820,1,20,0,130.0
10109872GOMESP_2025-06-19_G40,10109872GOMESP,2025-06-19,117836,1,4,0,116.0
10109872GOMESP_2025-06-19_G41,10109872GOMESP,2025-06-19,118306,1,4,0,163.0
10109872GOMESP_2025-06-19_G42,10109872GOMESP,2025-06-19,114099,1,4,0,1110.0
10109872GOMESP_2025-06-19_G43,10109872GOMESP,2025-06-19,111418,1,630,0,2030.0
10109872GOMESP_2025-06-19_G44,10109872GOMESP,2025-06-19,110787,1,2,0,772.0
10109872GOMESP_2025-06-19_G45,10109872GOMESP,2025-06-19,111330,1,8,0,209.0
10109872GOMESP_2025-06-19_G46,10109872GOMESP,2025-06-19,111655,1,2,0,109.0
10109872GOMESP_2025-06-19_G47,10109872GOMESP,2025-06-19,111467,1,4,0,100.0
10109872GOMESP_2025-06-19_G48,10109872GOMESP,2025-06-19,116241,1,4,0,127.0
10109872GOMESP_2025-06-19_G49,10109872GOMESP,2025-06-19,111418,1,2,0,86.0
10109872GOMESP_2025-06-19_G50,10109872GOMESP,2025-06-19,111442,1,2,0,90.0
10109872GOMESP_2025-06-19_G51,10109872GOMESP,2025-06-19,110374,1,2,0,134.0
10109872GOMESP_2025-06-19_G52,10109872GOMESP,2025-06-19,118299,1,4,0,78.0
10109872GOMESP_2025-06-19_G53,10109872GOMESP,2025-06-19,117808,1,30,0,175.0
10109872GOMESP_2025-06-19_G54,10109872GOMESP,2025-06-19,110372,1,2,0,92.0
10109872GOMESP_2025-06-19_G55,10109872GOMESP,2025-06-19,110371,1,2,0,104.0
10109872GOMESP_2025-06-19_G56,10109872GOMESP,2025-06-19,111441,1,4,0,128.0
10109872GOMESP_2025-06-19_G57,10109872GOMESP,2025-06-19,111602,1,4,0,127.0
10109872GOMESP_2025-06-19_G58,10109872GOMESP,2025-06-19,117785,1,2,0,313.0
10109872GOMESP_2025-06-19_G59,10109872GOMESP,2025-06-19,105705,1,4,0,87.0
10109872GOMESP_2025-06-19_G60,10109872GOMESP,2025-06-19,111463,1,4,0,53.0
10109872GOMESP_2025-06-19_G61,10109872GOMESP,2025-06-19,111462,1,8,0,99.0
10109872GOMESP_2025-06-19_G62,10109872GOMESP,2025-06-19,117821,1,2,0,83.0
10109872GOMESP_2025-06-19_G63,10109872GOMESP,2025-06-19,111418,1,2,0,42.0
10109872GOMESP_2025-06-19_G64,10109872GOMESP,2025-06-19,118330,1,4,0,84.0
10109872GOMESP_2025-06-19_G65,10109872GOMESP,2025-06-19,109643,1,1,0,153.0
10109872GOMESP_2025-06-19_G66,10109872GOMESP,2025-06-19,110373,1,2,0,268.0
10109872GOMESP_2025-06-19_G67,10109872GOMESP,2025-06-19,117820,1,10,0,145.0
10109872GOMESP_2025-06-20_G02,10109872GOMESP,2025-06-20,110755,1,2,0,130.0
10109872GOMESP_2025-06-20_G03,10109872GOMESP,2025-06-20,109974,1,1,0,36.0
10109872GOMESP_2025-06-20_G04,10109872GOMESP,2025-06-20,110582,1,22,0,336.0
10109872GOMESP_2025-06-20_G05,10109872GOMESP,2025-06-20,110742,1,4,0,795.0
10109872GOMESP_2025-06-20_G06,10109872GOMESP,2025-06-20,111850,1,37,0,198.0
10109872GOMESP_2025-06-20_G07,10109872GOMESP,2025-06-20,110583,1,6,0,275.0
10109872GOMESP_2025-06-20_G08,10109872GOMESP,2025-06-20,110714,1,3,0,68.0
10109872GOMESP_2025-06-20_G09,10109872GOMESP,2025-06-20,108759,1,6,0,179.0
10109872GOMESP_2025-06-20_G10,10109872GOMESP,2025-06-20,111110,1,1,0,91.0
10109872GOMESP_2025-06-20_G11,10109872GOMESP,2025-06-20,106865,1,2,0,82.0
10109872GOMESP_2025-06-20_G12,10109872GOMESP,2025-06-20,110064,1,4,0,119.0
10109872GOMESP_2025-06-20_G13,10109872GOMESP,2025-06-20,105272,1,6,0,67.0
10109872GOMESP_2025-06-20_G14,10109872GOMESP,2025-06-20,111431,1,5,0,117.0
10109872GOMESP_2025-06-20_G15,10109872GOMESP,2025-06-20,118222,1,60,0,803.0
10109872GOMESP_2025-06-20_G16,10109872GOMESP,2025-06-20,110756,1,4,0,198.0
10109872GOMESP_2025-06-20_G17,10109872GOMESP,2025-06-20,110580,1,14,0,155.0
10109872GOMESP_2025-06-20_G18,10109872GOMESP,2025-06-20,107629,1,14,0,164.0
10109872GOMESP_2025-06-20_G19,10109872GOMESP,2025-06-20,111876,1,4,0,85.0
10109872GOMESP_2025-06-20_G20,10109872GOMESP,2025-06-20,110339,1,4,0,57.0
10109872GOMESP_2025-06-20_G21,10109872GOMESP,2025-06-20,111879,1,1,0,187.0
10109872GOMESP_2025-06-20_G22,10109872GOMESP,2025-06-20,105242,1,2,0,106.0
10109872GOMESP_2025-06-20_G23,10109872GOMESP,2025-06-20,101217,1,1,0,98.0
10109872GOMESP_2025-06-20_G24,10109872GOMESP,2025-06-20,114091,1,26,0,562.0
10109872GOMESP_2025-06-20_G25,10109872GOMESP,2025-06-20,109640,1,19,0,390.0
10109872GOMESP_2025-06-20_G26,10109872GOMESP,2025-06-20,111467,1,10,0,158.0
10109872GOMESP_2025-06-20_G27,10109872GOMESP,2025-06-20,110752,1,10,0,95.0
10109872GOMESP_2025-06-20_G28,10109872GOMESP,2025-06-20,117855,1,32,0,381.0
10109872GOMESP_2025-06-20_G29,10109872GOMESP,2025-06-20,111438,2,7,21,584.0
10109872GOMESP_2025-06-20_G30,10109872GOMESP,2025-06-20,117785,1,10,0,170.0
10109872GOMESP_2025-06-20_G31,10109872GOMESP,2025-06-20,110740,1,2,0,93.0
10109872GOMESP_2025-06-20_G32,10109872GOMESP,2025-06-20,111418,1,20,0,221.0
10109872GOMESP_2025-06-20_G33,10109872GOMESP,2025-06-20,118140,1,10,0,149.0
10109872GOMESP_2025-06-20_G34,10109872GOMESP,2025-06-20,111330,1,8,0,548.0
10109872GOMESP_2025-06-20_G35,10109872GOMESP,2025-06-20,118299,1,17,0,235.0
10109872GOMESP_2025-06-20_G36,10109872GOMESP,2025-06-20,111743,1,5,0,70.0
10109872GOMESP_2025-06-20_G37,10109872GOMESP,2025-06-20,111462,1,3,0,133.0
10109872GOMESP_2025-06-20_G38,10109872GOMESP,2025-06-20,110740,1,4,0,69.0
10109872GOMESP_2025-06-20_G39,10109872GOMESP,2025-06-20,117808,1,17,0,363.0
10109872GOMESP_2025-06-20_G40,10109872GOMESP,2025-06-20,108759,1,4,0,755.0
10109872GOMESP_2025-06-20_G41,10109872GOMESP,2025-06-20,108759,1,8,0,134.0
10109872GOMESP_2025-06-20_G42,10109872GOMESP,2025-06-20,111438,1,1,0,82.0
10109872GOMESP_2025-06-20_G43,10109872GOMESP,2025-06-20,117820,1,60,0,786.0
10109872GOMESP_2025-06-20_G45,10109872GOMESP,2025-06-20,118299,1,150,0,599.0
10109872GOMESP_2025-06-20_G46,10109872GOMESP,2025-06-20,110747,1,4,0,1130.0
10109872GOMESP_2025-06-20_G47,10109872GOMESP,2025-06-20,108770,1,5,0,129.0
10109872GOMESP_2025-06-20_G48,10109872GOMESP,2025-06-20,117834,1,1,0,115.0
10109872GOMESP_2025-06-20_G49,10109872GOMESP,2025-06-20,118222,1,9,0,66.0
10109872GOMESP_2025-06-20_G50,10109872GOMESP,2025-06-20,118290,1,4,0,220.0
10109872GOMESP_2025-06-20_G51,10109872GOMESP,2025-06-20,118222,1,11,0,254.0
10109872GOMESP_2025-06-20_G52,10109872GOMESP,2025-06-20,100334,1,16,0,547.0
10109872GOMESP_2025-06-20_G53,10109872GOMESP,2025-06-20,109640,1,2,0,262.0
10109872GOMESP_2025-06-20_G54,10109872GOMESP,2025-06-20,109640,1,8,0,99.0
10109872GOMESP_2025-06-20_G55,10109872GOMESP,2025-06-20,117935,2,12,8,209.0
10109872GOMESP_2025-06-20_G56,10109872GOMESP,2025-06-20,111602,1,14,0,349.0
10109872GOMESP_2025-06-20_G57,10109872GOMESP,2025-06-20,111602,1,24,0,210.0
10109872GOMESP_2025-06-20_G58,10109872GOMESP,2025-06-20,110374,1,140,0,746.0
10109872GOMESP_2025-06-20_G59,10109872GOMESP,2025-06-20,118299,1,400,0,1643.0
10109872GOMESP_2025-06-20_G60,10109872GOMESP,2025-06-20,110372,1,300,0,1101.0
10109872GOMESP_2025-06-20_G61,10109872GOMESP,2025-06-20,108798,1,41,0,2106.0
10109872GOMESP_2025-06-20_G62,10109872GOMESP,2025-06-20,111445,1,52,0,547.0
10109872GOMESP_2025-06-21_G02,10109872GOMESP,2025-06-21,111743,1,6,0,88.0
10109872GOMESP_2025-06-21_G03,10109872GOMESP,2025-06-21,111172,1,7,0,132.0
10109872GOMESP_2025-06-21_G04,10109872GOMESP,2025-06-21,111462,1,31,0,348.0
10109872GOMESP_2025-06-21_G05,10109872GOMESP,2025-06-21,111418,1,27,0,1032.0
10109872GOMESP_2025-06-21_G06,10109872GOMESP,2025-06-21,117862,1,20,0,1986.0
10109872GOMESP_2025-06-21_G07,10109872GOMESP,2025-06-21,141035,1,3,0,177.0
10109872GOMESP_2025-06-21_G08,10109872GOMESP,2025-06-21,110741,1,20,0,2389.0
10109872GOMESP_2025-06-21_G09,10109872GOMESP,2025-06-21,117854,1,3,0,54.0
10109872GOMESP_2025-06-21_G10,10109872GOMESP,2025-06-21,118094,1,26,0,487.0
10109872GOMESP_2025-06-21_G11,10109872GOMESP,2025-06-21,110580,1,6,0,83.0
10109872GOMESP_2025-06-21_G12,10109872GOMESP,2025-06-21,111876,1,4,0,487.0
10109872GOMESP_2025-06-21_G13,10109872GOMESP,2025-06-21,110515,1,12,0,150.0
10109872GOMESP_2025-06-21_G14,10109872GOMESP,2025-06-21,117837,1,6,0,145.0
10109872GOMESP_2025-06-21_G15,10109872GOMESP,2025-06-21,110753,1,10,0,281.0
10109872GOMESP_2025-06-21_G16,10109872GOMESP,2025-06-21,111650,1,3,0,71.0
10109872GOMESP_2025-06-21_G17,10109872GOMESP,2025-06-21,117855,1,2,0,68.0
10109872GOMESP_2025-06-21_G18,10109872GOMESP,2025-06-21,117861,1,12,0,255.0
10109872GOMESP_2025-06-21_G19,10109872GOMESP,2025-06-21,111467,1,10,0,531.0
10109872GOMESP_2025-06-21_G20,10109872GOMESP,2025-06-21,118403,1,14,0,143.0
10109872GOMESP_2025-06-21_G21,10109872GOMESP,2025-06-21,108361,1,6,0,87.0
10109872GOMESP_2025-06-21_G22,10109872GOMESP,2025-06-21,108772,1,8,0,77.0
10109872GOMESP_2025-06-21_G23,10109872GOMESP,2025-06-21,105242,1,4,0,63.0
10109872GOMESP_2025-06-21_G24,10109872GOMESP,2025-06-21,117856,1,9,0,205.0
10109872GOMESP_2025-06-21_G25,10109872GOMESP,2025-06-21,110752,1,4,0,293.0
10109872GOMESP_2025-06-21_G26,10109872GOMESP,2025-06-21,111530,1,20,0,369.0
10109872GOMESP_2025-06-21_G27,10109872GOMESP,2025-06-21,110063,1,5,0,293.0
10109872GOMESP_2025-06-21_G28,10109872GOMESP,2025-06-21,140957,1,2,0,590.0
10109872GOMESP_2025-06-21_G29,10109872GOMESP,2025-06-21,109647,1,12,0,269.0
10109872GOMESP_2025-06-21_G30,10109872GOMESP,2025-06-21,111442,1,8,0,140.0
10109872GOMESP_2025-06-21_G31,10109872GOMESP,2025-06-21,118330,1,4,0,76.0
10109872GOMESP_2025-06-21_G32,10109872GOMESP,2025-06-21,111330,1,4,0,136.0
10109872GOMESP_2025-06-21_G33,10109872GOMESP,2025-06-21,111743,1,12,0,187.0
10109872GOMESP_2025-06-21_G34,10109872GOMESP,2025-06-21,108794,1,12,0,659.0
10109872GOMESP_2025-06-21_G35,10109872GOMESP,2025-06-21,110745,1,2,0,107.0
10109872GOMESP_2025-06-21_G36,10109872GOMESP,2025-06-21,111431,1,10,0,192.0
10109872GOMESP_2025-06-21_G37,10109872GOMESP,2025-06-21,109641,1,18,0,220.0
10109872GOMESP_2025-06-21_G38,10109872GOMESP,2025-06-21,118140,1,40,0,685.0
10109872GOMESP_2025-06-21_G39,10109872GOMESP,2025-06-21,111462,1,24,0,89.0
10109872GOMESP_2025-06-21_G40,10109872GOMESP,2025-06-21,111463,1,40,0,628.0
10109872GOMESP_2025-06-21_G41,10109872GOMESP,2025-06-21,140922,1,30,0,547.0
10109872GOMESP_2025-06-21_G42,10109872GOMESP,2025-06-21,110129,1,30,0,1227.0
10109872GOMESP_2025-06-23_G02,10109872GOMESP,2025-06-23,111569,1,6,0,96.0
10109872GOMESP_2025-06-23_G03,10109872GOMESP,2025-06-23,111330,1,8,0,455.0
10109872GOMESP_2025-06-23_G04,10109872GOMESP,2025-06-23,118299,1,17,0,183.0
10109872GOMESP_2025-06-23_G05,10109872GOMESP,2025-06-23,110325,1,2,0,127.0
10109872GOMESP_2025-06-23_G06,10109872GOMESP,2025-06-23,117808,1,17,0,151.0
10109872GOMESP_2025-06-23_G07,10109872GOMESP,2025-06-23,110374,1,4,0,153.0
10109872GOMESP_2025-06-23_G08,10109872GOMESP,2025-06-23,111438,1,5,0,350.0
10109872GOMESP_2025-06-23_G09,10109872GOMESP,2025-06-23,117808,1,2,0,100.0
10109872GOMESP_2025-06-23_G10,10109872GOMESP,2025-06-23,117820,1,4,0,131.0
10109872GOMESP_2025-06-23_G11,10109872GOMESP,2025-06-23,117808,1,15,0,114.0
10109872GOMESP_2025-06-23_G12,10109872GOMESP,2025-06-23,118299,1,10,0,143.0
10109872GOMESP_2025-06-23_G14,10109872GOMESP,2025-06-23,110747,1,6,0,226.0
10109872GOMESP_2025-06-23_G15,10109872GOMESP,2025-06-23,108759,1,26,0,378.0
10109872GOMESP_2025-06-23_G16,10109872GOMESP,2025-06-23,118306,1,4,0,438.0
10109872GOMESP_2025-06-23_G17,10109872GOMESP,2025-06-23,108759,1,5,0,86.0
10109872GOMESP_2025-06-23_G18,10109872GOMESP,2025-06-23,110747,1,104,0,1057.0
10109872GOMESP_2025-06-23_G19,10109872GOMESP,2025-06-23,110376,1,2,0,179.0
10109872GOMESP_2025-06-23_G20,10109872GOMESP,2025-06-23,110374,1,6,0,127.0
10109872GOMESP_2025-06-23_G21,10109872GOMESP,2025-06-23,110372,1,20,0,177.0
10109872GOMESP_2025-06-23_G22,10109872GOMESP,2025-06-23,117855,1,10,0,383.0
10109872GOMESP_2025-06-23_G23,10109872GOMESP,2025-06-23,110752,1,19,0,329.0
10109872GOMESP_2025-06-23_G24,10109872GOMESP,2025-06-23,108772,1,35,0,361.0
10109872GOMESP_2025-06-23_G25,10109872GOMESP,2025-06-23,109647,1,6,0,676.0
10109872GOMESP_2025-06-24_G02,10109872GOMESP,2025-06-24,111569,1,67,0,652.0
10109872GOMESP_2025-06-24_G03,10109872GOMESP,2025-06-24,111569,1,60,0,370.0
10109872GOMESP_2025-06-24_G04,10109872GOMESP,2025-06-24,108771,1,2,0,535.0
10109872GOMESP_2025-06-24_G05,10109872GOMESP,2025-06-24,117831,1,10,0,272.0
10109872GOMESP_2025-06-24_G06,10109872GOMESP,2025-06-24,111172,1,10,0,98.0
10109872GOMESP_2025-06-24_G07,10109872GOMESP,2025-06-24,111469,1,60,0,639.0
10109872GOMESP_2025-06-24_G08,10109872GOMESP,2025-06-24,110740,1,15,0,495.0
10109872GOMESP_2025-06-24_G09,10109872GOMESP,2025-06-24,117821,1,20,0,307.0
10109872GOMESP_2025-06-24_G10,10109872GOMESP,2025-06-24,110787,1,60,0,645.0
10109872GOMESP_2025-06-24_G11,10109872GOMESP,2025-06-24,111751,1,6,0,2271.0
10109872GOMESP_2025-06-24_G12,10109872GOMESP,2025-06-24,118191,1,8,0,162.0
10109872GOMESP_2025-06-24_G13,10109872GOMESP,2025-06-24,141261,1,10,0,118.0
10109872GOMESP_2025-06-24_G14,10109872GOMESP,2025-06-24,111722,1,6,0,108.0
10109872GOMESP_2025-06-24_G15,10109872GOMESP,2025-06-24,111634,1,4,0,334.0
10109872GOMESP_2025-06-24_G16,10109872GOMESP,2025-06-24,111761,1,4,0,1209.0
10109872GOMESP_2025-06-24_G17,10109872GOMESP,2025-06-24,111759,1,4,0,156.0
10109872GOMESP_2025-06-24_G18,10109872GOMESP,2025-06-24,111634,1,4,0,154.0
10109872GOMESP_2025-06-24_G19,10109872GOMESP,2025-06-24,141262,1,4,0,79.0
10109872GOMESP_2025-06-24_G20,10109872GOMESP,2025-06-24,118191,1,8,0,330.0
10109872GOMESP_2025-06-24_G21,10109872GOMESP,2025-06-24,141261,1,10,0,91.0
10109872GOMESP_2025-06-24_G22,10109872GOMESP,2025-06-24,111722,1,10,0,142.0
10109872GOMESP_2025-06-24_G23,10109872GOMESP,2025-06-24,111348,1,8,0,442.0
10109872GOMESP_2025-06-24_G24,10109872GOMESP,2025-06-24,111437,1,4,0,149.0
10109872GOMESP_2025-06-24_G25,10109872GOMESP,2025-06-24,117835,1,4,0,106.0
10109872GOMESP_2025-06-24_G26,10109872GOMESP,2025-06-24,111569,1,10,0,253.0
10109872GOMESP_2025-06-24_G27,10109872GOMESP,2025-06-24,118094,1,2,0,94.0
10109872GOMESP_2025-06-24_G29,10109872GOMESP,2025-06-24,108711,1,4,0,112.0
10109872GOMESP_2025-06-24_G30,10109872GOMESP,2025-06-24,117831,1,4,0,78.0
10109872GOMESP_2025-06-24_G31,10109872GOMESP,2025-06-24,111462,1,8,0,158.0
10109872GOMESP_2025-06-24_G32,10109872GOMESP,2025-06-24,111850,1,4,0,124.0
10109872GOMESP_2025-06-24_G33,10109872GOMESP,2025-06-24,111569,1,1,0,178.0
10109872GOMESP_2025-06-24_G34,10109872GOMESP,2025-06-24,110339,1,2,0,82.0
10109872GOMESP_2025-06-24_G35,10109872GOMESP,2025-06-24,117786,1,4,0,66.0
10109872GOMESP_2025-06-24_G36,10109872GOMESP,2025-06-24,118299,1,5,0,94.0
10109872GOMESP_2025-06-24_G37,10109872GOMESP,2025-06-24,117830,1,2,0,73.0
10109872GOMESP_2025-06-24_G38,10109872GOMESP,2025-06-24,117833,1,20,0,638.0
10109872GOMESP_2025-06-24_G39,10109872GOMESP,2025-06-24,111348,1,10,0,152.0
10109872GOMESP_2025-06-24_G40,10109872GOMESP,2025-06-24,110787,1,4,0,102.0
10109872GOMESP_2025-06-24_G41,10109872GOMESP,2025-06-24,111348,1,20,0,208.0
10109872GOMESP_2025-06-24_G42,10109872GOMESP,2025-06-24,117820,1,10,0,152.0
10109872GOMESP_2025-06-24_G43,10109872GOMESP,2025-06-24,117808,1,100,0,2403.0
10109872GOMESP_2025-06-24_G44,10109872GOMESP,2025-06-24,105705,1,3,0,1074.0
10109872GOMESP_2025-06-24_G45,10109872GOMESP,2025-06-24,109641,1,3,0,466.0
10109872GOMESP_2025-06-24_G46,10109872GOMESP,2025-06-24,"110787, 111743",2,9,19,108.0
10109872GOMESP_2025-06-24_G47,10109872GOMESP,2025-06-24,108794,1,9,0,580.0
10109872GOMESP_2025-06-24_G48,10109872GOMESP,2025-06-24,111736,1,17,0,1273.0
10109872GOMESP_2025-06-24_G49,10109872GOMESP,2025-06-24,110740,1,4,0,1256.0
10109872GOMESP_2025-06-24_G50,10109872GOMESP,2025-06-24,111442,1,2,0,78.0
10109872GOMESP_2025-06-24_G51,10109872GOMESP,2025-06-24,118330,1,2,0,47.0
10109872GOMESP_2025-06-24_G52,10109872GOMESP,2025-06-24,108795,1,4,0,412.0
10109872GOMESP_2025-06-24_G53,10109872GOMESP,2025-06-24,111466,1,4,0,66.0
10109872GOMESP_2025-06-24_G54,10109872GOMESP,2025-06-24,117831,1,8,0,53.0
10109872GOMESP_2025-06-24_G55,10109872GOMESP,2025-06-24,110371,1,20,0,278.0
10109872GOMESP_2025-06-24_G56,10109872GOMESP,2025-06-24,114092,1,4,0,120.0
10109872GOMESP_2025-06-24_G57,10109872GOMESP,2025-06-24,110372,1,20,0,189.0
10109872GOMESP_2025-06-25_G02,10109872GOMESP,2025-06-25,110733,1,3,0,86.0
10109872GOMESP_2025-06-25_G03,10109872GOMESP,2025-06-25,111602,1,2,0,75.0
10109872GOMESP_2025-06-25_G04,10109872GOMESP,2025-06-25,110752,1,2,0,43.0
10109872GOMESP_2025-06-25_G05,10109872GOMESP,2025-06-25,111469,1,6,0,356.0
10109872GOMESP_2025-06-25_G06,10109872GOMESP,2025-06-25,117820,1,10,0,194.0
10109872GOMESP_2025-06-25_G07,10109872GOMESP,2025-06-25,111430,1,4,0,381.0
10109872GOMESP_2025-06-25_G08,10109872GOMESP,2025-06-25,110371,2,6,20,104.0
10109872GOMESP_2025-06-25_G09,10109872GOMESP,2025-06-25,111466,1,2,0,114.0
10109872GOMESP_2025-06-25_G10,10109872GOMESP,2025-06-25,111469,1,6,0,189.0
10109872GOMESP_2025-06-25_G11,10109872GOMESP,2025-06-25,109645,1,5,0,285.0
10109872GOMESP_2025-06-25_G12,10109872GOMESP,2025-06-25,117855,1,4,0,123.0
10109872GOMESP_2025-06-25_G13,10109872GOMESP,2025-06-25,111530,1,3,0,181.0
10109872GOMESP_2025-06-25_G14,10109872GOMESP,2025-06-25,110742,1,8,0,158.0
10109872GOMESP_2025-06-25_G15,10109872GOMESP,2025-06-25,111569,1,3,0,106.0
10109872GOMESP_2025-06-25_G16,10109872GOMESP,2025-06-25,109647,1,8,0,665.0
10109872GOMESP_2025-06-25_G17,10109872GOMESP,2025-06-25,110755,1,6,0,508.0
10109872GOMESP_2025-06-25_G18,10109872GOMESP,2025-06-25,110371,1,2,0,423.0
10109872GOMESP_2025-06-25_G19,10109872GOMESP,2025-06-25,109647,1,4,0,292.0
10109872GOMESP_2025-06-25_G20,10109872GOMESP,2025-06-25,109640,1,4,0,83.0
10109872GOMESP_2025-06-25_G21,10109872GOMESP,2025-06-25,109640,1,2,0,354.0
10109872GOMESP_2025-06-25_G22,10109872GOMESP,2025-06-25,117820,1,2,0,170.0
10109872GOMESP_2025-06-25_G23,10109872GOMESP,2025-06-25,111743,1,2,0,122.0
10109872GOMESP_2025-06-25_G24,10109872GOMESP,2025-06-25,111466,1,6,0,85.0
10109872GOMESP_2025-06-25_G25,10109872GOMESP,2025-06-25,109647,1,2,0,254.0
10109872GOMESP_2025-06-25_G26,10109872GOMESP,2025-06-25,118222,1,4,0,120.0
10109872GOMESP_2025-06-25_G27,10109872GOMESP,2025-06-25,108772,1,4,0,1180.0
10109872GOMESP_2025-06-25_G28,10109872GOMESP,2025-06-25,118299,1,1550,0,2604.0
10109872GOMESP_2025-06-25_G30,10109872GOMESP,2025-06-25,160057,1,4,0,174.0
10109872GOMESP_2025-06-25_G31,10109872GOMESP,2025-06-25,118222,1,40,0,500.0
10109872GOMESP_2025-06-25_G32,10109872GOMESP,2025-06-25,111602,1,50,0,1152.0
10109872GOMESP_2025-06-25_G33,10109872GOMESP,2025-06-25,117862,1,30,0,952.0
10109872GOMESP_2025-06-25_G34,10109872GOMESP,2025-06-25,110339,1,30,0,478.0
10109872GOMESP_2025-06-25_G35,10109872GOMESP,2025-06-25,110515,1,40,0,693.0
10109872GOMESP_2025-06-25_G36,10109872GOMESP,2025-06-25,110313,1,40,0,507.0
10109872GOMESP_2025-06-25_G37,10109872GOMESP,2025-06-25,117856,1,30,0,386.0
10109872GOMESP_2025-06-25_G38,10109872GOMESP,2025-06-25,110711,1,80,0,959.0
10109872GOMESP_2025-06-26_G02,10109872GOMESP,2025-06-26,111430,1,4,0,138.0
10109872GOMESP_2025-06-26_G03,10109872GOMESP,2025-06-26,100334,1,1,0,35.0
10109872GOMESP_2025-06-26_G04,10109872GOMESP,2025-06-26,117785,1,3,0,80.0
10109872GOMESP_2025-06-26_G05,10109872GOMESP,2025-06-26,111463,1,11,0,188.0
10109872GOMESP_2025-06-26_G06,10109872GOMESP,2025-06-26,140922,1,6,0,127.0
10109872GOMESP_2025-06-26_G07,10109872GOMESP,2025-06-26,"118140, 111602",2,11,13,185.0
10109872GOMESP_2025-06-26_G08,10109872GOMESP,2025-06-26,117808,1,15,0,480.0
10109872GOMESP_2025-06-26_G09,10109872GOMESP,2025-06-26,117832,1,1,0,154.0
10109872GOMESP_2025-06-26_G10,10109872GOMESP,2025-06-26,117830,1,3,0,40.0
10109872GOMESP_2025-06-26_G11,10109872GOMESP,2025-06-26,110374,1,1,0,69.0
10109872GOMESP_2025-06-26_G12,10109872GOMESP,2025-06-26,111430,1,4,0,128.0
10109872GOMESP_2025-06-26_G13,10109872GOMESP,2025-06-26,100334,1,2,0,58.0
10109872GOMESP_2025-06-26_G14,10109872GOMESP,2025-06-26,111467,1,1,0,107.0
10109872GOMESP_2025-06-26_G15,10109872GOMESP,2025-06-26,111602,1,3,0,77.0
10109872GOMESP_2025-06-26_G16,10109872GOMESP,2025-06-26,117785,1,1,0,88.0
10109872GOMESP_2025-06-26_G17,10109872GOMESP,2025-06-26,140922,1,4,0,103.0
10109872GOMESP_2025-06-26_G18,10109872GOMESP,2025-06-26,117808,1,11,0,174.0
10109872GOMESP_2025-06-26_G19,10109872GOMESP,2025-06-26,117832,1,1,0,119.0
10109872GOMESP_2025-06-26_G20,10109872GOMESP,2025-06-26,117830,1,2,0,45.0
10109872GOMESP_2025-06-26_G21,10109872GOMESP,2025-06-26,118299,1,3,0,127.0
10109872GOMESP_2025-06-26_G22,10109872GOMESP,2025-06-26,110374,1,1,0,54.0
10109872GOMESP_2025-06-26_G23,10109872GOMESP,2025-06-26,111743,1,4,0,379.0
10109872GOMESP_2025-06-26_G24,10109872GOMESP,2025-06-26,140922,1,6,0,194.0
10109872GOMESP_2025-06-26_G25,10109872GOMESP,2025-06-26,111466,1,6,0,57.0
10109872GOMESP_2025-06-26_G26,10109872GOMESP,2025-06-26,111172,1,2,0,67.0
10109872GOMESP_2025-06-26_G27,10109872GOMESP,2025-06-26,108798,1,4,0,32.0
10109872GOMESP_2025-06-26_G28,10109872GOMESP,2025-06-26,111462,1,4,0,83.0
10109872GOMESP_2025-06-26_G29,10109872GOMESP,2025-06-26,141823,1,2,0,99.0
10109872GOMESP_2025-06-26_G30,10109872GOMESP,2025-06-26,111465,1,2,0,74.0
10109872GOMESP_2025-06-26_G31,10109872GOMESP,2025-06-26,111468,1,3,0,56.0
10109872GOMESP_2025-06-26_G32,10109872GOMESP,2025-06-26,110332,1,1,0,80.0
10109872GOMESP_2025-06-26_G33,10109872GOMESP,2025-06-26,110339,1,3,0,184.0
10109872GOMESP_2025-06-26_G34,10109872GOMESP,2025-06-26,110515,1,6,0,203.0
10109872GOMESP_2025-06-26_G35,10109872GOMESP,2025-06-26,117856,1,6,0,98.0
10109872GOMESP_2025-06-26_G36,10109872GOMESP,2025-06-26,110129,1,10,0,3144.0
10109872GOMESP_2025-06-26_G37,10109872GOMESP,2025-06-26,117785,1,10,0,113.0
10109872GOMESP_2025-06-26_G38,10109872GOMESP,2025-06-26,111466,1,15,0,107.0
10109872GOMESP_2025-06-26_G39,10109872GOMESP,2025-06-26,117842,1,4,0,97.0
10109872GOMESP_2025-06-26_G40,10109872GOMESP,2025-06-26,109641,1,6,0,79.0
10109872GOMESP_2025-06-26_G41,10109872GOMESP,2025-06-26,110787,1,10,0,187.0
10109872GOMESP_2025-06-26_G42,10109872GOMESP,2025-06-26,110787,1,10,0,126.0
10109872GOMESP_2025-06-26_G43,10109872GOMESP,2025-06-26,110787,1,6,0,88.0
10109872GOMESP_2025-06-26_G44,10109872GOMESP,2025-06-26,109645,1,4,0,100.0
10109872GOMESP_2025-06-26_G45,10109872GOMESP,2025-06-26,141823,1,20,0,453.0
10109872GOMESP_2025-06-26_G46,10109872GOMESP,2025-06-26,160055,1,2,0,71.0
10109872GOMESP_2025-06-26_G47,10109872GOMESP,2025-06-26,118140,1,20,0,144.0
10109872GOMESP_2025-06-26_G48,10109872GOMESP,2025-06-26,110325,1,10,0,158.0
10109872GOMESP_2025-06-26_G49,10109872GOMESP,2025-06-26,117808,1,130,0,421.0
10109872GOMESP_2025-06-26_G50,10109872GOMESP,2025-06-26,109643,1,3,0,127.0
10109872GOMESP_2025-06-26_G51,10109872GOMESP,2025-06-26,117840,1,10,0,316.0
10109872GOMESP_2025-06-26_G52,10109872GOMESP,2025-06-26,107830,1,4,0,82.0
10109872GOMESP_2025-06-26_G53,10109872GOMESP,2025-06-26,118299,1,50,0,360.0
10109872GOMESP_2025-06-26_G55,10109872GOMESP,2025-06-26,117820,1,40,0,274.0
10109872GOMESP_2025-06-26_G56,10109872GOMESP,2025-06-26,160051,1,2,0,46.0
10109872GOMESP_2025-06-26_G57,10109872GOMESP,2025-06-26,117809,1,10,0,285.0
10109872GOMESP_2025-06-26_G58,10109872GOMESP,2025-06-26,110371,1,50,0,518.0
10109872GOMESP_2025-06-26_G59,10109872GOMESP,2025-06-26,110372,1,50,0,310.0
10109872GOMESP_2025-06-26_G60,10109872GOMESP,2025-06-26,117834,1,45,0,923.0
10109872GOMESP_2025-06-26_G61,10109872GOMESP,2025-06-26,111438,1,20,0,397.0
10109872GOMESP_2025-06-26_G62,10109872GOMESP,2025-06-26,111438,1,4,0,67.0
10109872GOMESP_2025-06-26_G63,10109872GOMESP,2025-06-26,109647,1,2,0,3442.0
10109872GOMESP_2025-06-26_G64,10109872GOMESP,2025-06-26,110711,1,2,0,34.0
10109872GOMESP_2025-06-26_G65,10109872GOMESP,2025-06-26,117808,1,25,0,264.0
10109872GOMESP_2025-06-26_G66,10109872GOMESP,2025-06-26,117830,1,3,0,92.0
10109872GOMESP_2025-06-26_G67,10109872GOMESP,2025-06-26,117820,1,7,0,132.0
10109872GOMESP_2025-06-26_G68,10109872GOMESP,2025-06-26,111530,1,3,0,94.0
10109872GOMESP_2025-06-26_G69,10109872GOMESP,2025-06-26,110711,1,6,0,266.0
10109872GOMESP_2025-06-26_G70,10109872GOMESP,2025-06-26,110711,1,3,0,373.0
10109872GOMESP_2025-06-26_G71,10109872GOMESP,2025-06-26,111569,1,3,0,235.0
10109872GOMESP_2025-06-26_G72,10109872GOMESP,2025-06-26,111463,1,2,0,383.0
10109872GOMESP_2025-06-26_G73,10109872GOMESP,2025-06-26,110740,2,12,24,233.0
10109872GOMESP_2025-06-26_G74,10109872GOMESP,2025-06-26,117820,1,2,0,69.0
10109872GOMESP_2025-06-26_G75,10109872GOMESP,2025-06-26,111435,1,2,0,148.0
10109872GOMESP_2025-06-26_G76,10109872GOMESP,2025-06-26,118140,1,12,0,303.0
10109872GOMESP_2025-06-26_G77,10109872GOMESP,2025-06-26,160051,1,2,0,75.0
10109872GOMESP_2025-06-26_G78,10109872GOMESP,2025-06-26,117808,1,24,0,1399.0
10109872GOMESP_2025-06-26_G79,10109872GOMESP,2025-06-26,117832,1,6,0,93.0
10109872GOMESP_2025-06-26_G80,10109872GOMESP,2025-06-26,117830,1,2,0,33.0
10109872GOMESP_2025-06-26_G81,10109872GOMESP,2025-06-26,118299,1,24,0,101.0
10109872GOMESP_2025-06-26_G82,10109872GOMESP,2025-06-26,117785,1,3,0,90.0
10109872GOMESP_2025-06-26_G83,10109872GOMESP,2025-06-26,140922,1,4,0,229.0
10109872GOMESP_2025-06-26_G84,10109872GOMESP,2025-06-26,111532,1,2,0,69.0
10109872GOMESP_2025-06-26_G85,10109872GOMESP,2025-06-26,111467,1,4,0,124.0
10109872GOMESP_2025-06-26_G86,10109872GOMESP,2025-06-26,111430,1,2,0,102.0
10109872GOMESP_2025-06-26_G87,10109872GOMESP,2025-06-26,100334,1,2,0,65.0
10109872GOMESP_2025-06-26_G88,10109872GOMESP,2025-06-26,110374,1,5,0,613.0
10109872GOMESP_2025-06-26_G89,10109872GOMESP,2025-06-26,117808,1,10,0,135.0
10109872GOMESP_2025-06-27_G02,10109872GOMESP,2025-06-27,111330,1,3,0,38.0
10109872GOMESP_2025-06-27_G03,10109872GOMESP,2025-06-27,117821,1,8,0,81.0
10109872GOMESP_2025-06-27_G04,10109872GOMESP,2025-06-27,111442,1,4,0,54.0
10109872GOMESP_2025-06-27_G05,10109872GOMESP,2025-06-27,118140,1,12,0,132.0
10109872GOMESP_2025-06-27_G06,10109872GOMESP,2025-06-27,110745,1,8,0,152.0
10109872GOMESP_2025-06-27_G07,10109872GOMESP,2025-06-27,111172,1,10,0,942.0
10109872GOMESP_2025-06-27_G08,10109872GOMESP,2025-06-27,108798,1,8,0,81.0
10109872GOMESP_2025-06-27_G09,10109872GOMESP,2025-06-27,111532,1,6,0,92.0
10109872GOMESP_2025-06-27_G10,10109872GOMESP,2025-06-27,111532,1,6,0,72.0
10109872GOMESP_2025-06-27_G11,10109872GOMESP,2025-06-27,141048,2,14,13,223.0
10109872GOMESP_2025-06-27_G12,10109872GOMESP,2025-06-27,111469,1,20,0,158.0
10109872GOMESP_2025-06-27_G13,10109872GOMESP,2025-06-27,111462,1,12,0,137.0
10109872GOMESP_2025-06-27_G14,10109872GOMESP,2025-06-27,111348,1,10,0,239.0
10109872GOMESP_2025-06-27_G15,10109872GOMESP,2025-06-27,111466,1,20,0,218.0
10109872GOMESP_2025-06-27_G16,10109872GOMESP,2025-06-27,110325,1,8,0,142.0
10109872GOMESP_2025-06-27_G17,10109872GOMESP,2025-06-27,117785,1,50,0,767.0
10109872GOMESP_2025-06-27_G18,10109872GOMESP,2025-06-27,109643,1,12,0,510.0
10109872GOMESP_2025-06-27_G19,10109872GOMESP,2025-06-27,107830,1,3,0,103.0
10109872GOMESP_2025-06-27_G20,10109872GOMESP,2025-06-27,117832,1,12,0,136.0
10109872GOMESP_2025-06-27_G21,10109872GOMESP,2025-06-27,117830,1,12,0,1936.0
10109872GOMESP_2025-06-27_G22,10109872GOMESP,2025-06-27,110373,1,10,0,88.0
10109872GOMESP_2025-06-27_G23,10109872GOMESP,2025-06-27,110372,1,10,0,104.0
10109872GOMESP_2025-06-27_G24,10109872GOMESP,2025-06-27,110372,1,49,0,449.0
10109872GOMESP_2025-06-27_G25,10109872GOMESP,2025-06-27,118299,1,700,0,530.0
10109872GOMESP_2025-06-27_G26,10109872GOMESP,2025-06-27,110373,1,53,0,708.0
10109872GOMESP_2025-06-27_G27,10109872GOMESP,2025-06-27,111438,1,2,0,1162.0
10109872GOMESP_2025-06-27_G28,10109872GOMESP,2025-06-27,111569,1,4,0,53.0
10109872GOMESP_2025-06-27_G29,10109872GOMESP,2025-06-27,110515,1,6,0,136.0
10109872GOMESP_2025-06-27_G30,10109872GOMESP,2025-06-27,111463,1,10,0,105.0
10109872GOMESP_2025-06-27_G31,10109872GOMESP,2025-06-27,111466,1,2,0,125.0
10109872GOMESP_2025-06-27_G32,10109872GOMESP,2025-06-27,117831,1,5,0,75.0
10109872GOMESP_2025-06-27_G33,10109872GOMESP,2025-06-27,110740,1,4,0,85.0
10109872GOMESP_2025-06-27_G34,10109872GOMESP,2025-06-27,111418,1,8,0,131.0
10109872GOMESP_2025-06-27_G35,10109872GOMESP,2025-06-27,111435,1,2,0,171.0
10109872GOMESP_2025-06-27_G36,10109872GOMESP,2025-06-27,118299,1,6,0,40.0
10109872GOMESP_2025-06-27_G37,10109872GOMESP,2025-06-27,117808,1,15,0,163.0
10109872GOMESP_2025-06-27_G38,10109872GOMESP,2025-06-27,117830,1,2,0,60.0
10109872GOMESP_2025-06-27_G39,10109872GOMESP,2025-06-27,110373,1,4,0,79.0
10109872GOMESP_2025-06-27_G40,10109872GOMESP,2025-06-27,110372,1,7,0,73.0
10109872GOMESP_2025-06-27_G41,10109872GOMESP,2025-06-27,117809,1,4,0,102.0
10109872GOMESP_2025-06-27_G42,10109872GOMESP,2025-06-27,117861,1,2,0,505.0
10109872GOMESP_2025-06-27_G44,10109872GOMESP,2025-06-27,117786,1,1,0,133.0
10109872GOMESP_2025-06-27_G45,10109872GOMESP,2025-06-27,109640,1,8,0,209.0
10109872GOMESP_2025-06-27_G46,10109872GOMESP,2025-06-27,110711,1,4,0,92.0
10109872GOMESP_2025-06-27_G47,10109872GOMESP,2025-06-27,111467,1,3,0,61.0
10109872GOMESP_2025-06-27_G48,10109872GOMESP,2025-06-27,110733,1,1,0,894.0
10109872GOMESP_2025-06-27_G49,10109872GOMESP,2025-06-27,111463,1,12,0,157.0
10109872GOMESP_2025-06-27_G50,10109872GOMESP,2025-06-27,111466,1,20,0,202.0
10109872GOMESP_2025-06-27_G51,10109872GOMESP,2025-06-27,117831,1,3,0,82.0
10109872GOMESP_2025-06-27_G52,10109872GOMESP,2025-06-27,111462,1,2,0,108.0
10109872GOMESP_2025-06-27_G53,10109872GOMESP,2025-06-27,117821,1,2,0,120.0
10109872GOMESP_2025-06-27_G54,10109872GOMESP,2025-06-27,118140,1,4,0,66.0
10109872GOMESP_2025-06-27_G55,10109872GOMESP,2025-06-27,111465,1,3,0,47.0
10109872GOMESP_2025-06-27_G56,10109872GOMESP,2025-06-27,117808,1,6,0,880.0
10109872GOMESP_2025-06-27_G57,10109872GOMESP,2025-06-27,117832,1,10,0,101.0
10109872GOMESP_2025-06-27_G58,10109872GOMESP,2025-06-27,110374,1,13,0,180.0
10109872GOMESP_2025-06-27_G59,10109872GOMESP,2025-06-27,110371,1,9,0,81.0
10109872GOMESP_2025-06-27_G60,10109872GOMESP,2025-06-27,117820,1,2,0,32.0
10109872GOMESP_2025-06-27_G61,10109872GOMESP,2025-06-27,107892,1,1,0,591.0
10109872GOMESP_2025-06-27_G62,10109872GOMESP,2025-06-27,117862,1,4,0,124.0
10109872GOMESP_2025-06-27_G63,10109872GOMESP,2025-06-27,117786,1,2,0,94.0
10109872GOMESP_2025-06-27_G64,10109872GOMESP,2025-06-27,117862,1,2,0,135.0
10109872GOMESP_2025-06-27_G65,10109872GOMESP,2025-06-27,117786,1,1,0,62.0
10109872GOMESP_2025-06-27_G66,10109872GOMESP,2025-06-27,110711,1,2,0,90.0
10109872GOMESP_2025-06-27_G67,10109872GOMESP,2025-06-27,111467,1,4,0,68.0
10109872GOMESP_2025-06-27_G68,10109872GOMESP,2025-06-27,111463,1,5,0,274.0
10109872GOMESP_2025-06-27_G69,10109872GOMESP,2025-06-27,108711,1,2,0,60.0
10109872GOMESP_2025-06-27_G70,10109872GOMESP,2025-06-27,111466,1,7,0,147.0
10109872GOMESP_2025-06-27_G71,10109872GOMESP,2025-06-27,117831,1,6,0,100.0
10109872GOMESP_2025-06-27_G72,10109872GOMESP,2025-06-27,118140,1,1,0,55.0
10109872GOMESP_2025-06-27_G73,10109872GOMESP,2025-06-27,111465,1,2,0,36.0
10109872GOMESP_2025-06-27_G74,10109872GOMESP,2025-06-27,118299,1,1,0,112.0
10109872GOMESP_2025-06-27_G75,10109872GOMESP,2025-06-27,117808,1,20,0,90.0
10109872GOMESP_2025-06-27_G76,10109872GOMESP,2025-06-27,117832,1,2,0,100.0
10109872GOMESP_2025-06-27_G77,10109872GOMESP,2025-06-27,117820,1,3,0,83.0
10109872GOMESP_2025-06-27_G78,10109872GOMESP,2025-06-27,108411,1,1,0,426.0
10109872GOMESP_2025-06-27_G79,10109872GOMESP,2025-06-27,118290,1,6,0,196.0
10109872GOMESP_2025-06-27_G80,10109872GOMESP,2025-06-27,110325,1,10,0,230.0
10109872GOMESP_2025-06-27_G81,10109872GOMESP,2025-06-27,110374,1,2,0,128.0
10109872GOMESP_2025-06-27_G82,10109872GOMESP,2025-06-27,111463,1,4,0,143.0
10109872GOMESP_2025-06-27_G83,10109872GOMESP,2025-06-27,111466,1,2,0,108.0
10109872GOMESP_2025-06-27_G84,10109872GOMESP,2025-06-27,117862,1,3,0,134.0
10109872GOMESP_2025-06-27_G85,10109872GOMESP,2025-06-27,118140,1,7,0,178.0
10109872GOMESP_2025-06-27_G86,10109872GOMESP,2025-06-27,108794,1,2,0,174.0
10109872GOMESP_2025-06-27_G87,10109872GOMESP,2025-06-27,111463,1,8,0,56.0
10109872GOMESP_2025-06-27_G88,10109872GOMESP,2025-06-27,111466,1,5,0,123.0
10109872GOMESP_2025-06-27_G89,10109872GOMESP,2025-06-27,110374,1,5,0,165.0
10109872GOMESP_2025-06-27_G90,10109872GOMESP,2025-06-27,141823,1,2,0,52.0
10109872GOMESP_2025-06-27_G91,10109872GOMESP,2025-06-27,110371,1,13,0,195.0
10109872GOMESP_2025-06-27_G92,10109872GOMESP,2025-06-27,117820,1,7,0,60.0
10109872GOMESP_2025-06-27_G93,10109872GOMESP,2025-06-27,118299,1,6,0,541.0
10109872GOMESP_2025-06-27_G94,10109872GOMESP,2025-06-27,117808,1,12,0,80.0
10109872GOMESP_2025-06-27_G95,10109872GOMESP,2025-06-27,110374,1,6,0,117.0
10109872GOMESP_2025-06-27_G96,10109872GOMESP,2025-06-27,117820,1,7,0,74.0
10109872GOMESP_2025-06-27_G97,10109872GOMESP,2025-06-27,108794,1,4,0,345.0
10109872GOMESP_2025-06-27_G98,10109872GOMESP,2025-06-27,111466,1,7,0,99.0
10109872GOMESP_2025-06-27_G99,10109872GOMESP,2025-06-27,141823,1,1,0,77.0
10109872GOMESP_2025-06-27_G100,10109872GOMESP,2025-06-27,118140,1,14,0,148.0
10109872GOMESP_2025-06-29_G02,10109872GOMESP,2025-06-29,108795,1,4,0,212.0
10109872GOMESP_2025-06-29_G03,10109872GOMESP,2025-06-29,117785,1,7,0,75.0
10109872GOMESP_2025-06-29_G04,10109872GOMESP,2025-06-29,110743,1,14,0,115.0
10109872GOMESP_2025-06-29_G05,10109872GOMESP,2025-06-29,111743,1,28,0,311.0
10109872GOMESP_2025-06-29_G06,10109872GOMESP,2025-06-29,111463,1,43,0,567.0
10109872GOMESP_2025-06-29_G07,10109872GOMESP,2025-06-29,110751,1,4,0,155.0
10109872GOMESP_2025-06-29_G08,10109872GOMESP,2025-06-29,105705,1,27,0,370.0
10109872GOMESP_2025-06-29_G09,10109872GOMESP,2025-06-29,108794,1,11,0,94.0
10109872GOMESP_2025-06-29_G10,10109872GOMESP,2025-06-29,111182,1,4,0,136.0
10109872GOMESP_2025-06-29_G11,10109872GOMESP,2025-06-29,118140,1,38,0,584.0
10109872GOMESP_2025-06-29_G12,10109872GOMESP,2025-06-29,110745,1,20,0,284.0
10109872GOMESP_2025-06-29_G13,10109872GOMESP,2025-06-29,111466,1,6,0,73.0
10109872GOMESP_2025-06-29_G14,10109872GOMESP,2025-06-29,111172,1,4,0,122.0
10109872GOMESP_2025-06-29_G15,10109872GOMESP,2025-06-29,108798,1,20,0,174.0
10109872GOMESP_2025-06-29_G16,10109872GOMESP,2025-06-29,111469,1,14,0,304.0
10109872GOMESP_2025-06-29_G17,10109872GOMESP,2025-06-29,109641,1,3,0,78.0
10109872GOMESP_2025-06-29_G18,10109872GOMESP,2025-06-29,111462,1,39,0,378.0
10109872GOMESP_2025-06-29_G19,10109872GOMESP,2025-06-29,110787,1,9,0,128.0
10109872GOMESP_2025-06-29_G20,10109872GOMESP,2025-06-29,109645,1,34,0,702.0
10109872GOMESP_2025-06-29_G21,10109872GOMESP,2025-06-29,117821,1,2,0,48.0
10109872GOMESP_2025-06-29_G22,10109872GOMESP,2025-06-29,117787,1,20,0,127.0
10109872GOMESP_2025-06-29_G23,10109872GOMESP,2025-06-29,111433,1,4,0,132.0
10109872GOMESP_2025-06-29_G24,10109872GOMESP,2025-06-29,111442,1,4,0,77.0
10109872GOMESP_2025-06-29_G25,10109872GOMESP,2025-06-29,107236,1,8,0,146.0
10109872GOMESP_2025-06-29_G26,10109872GOMESP,2025-06-29,111465,1,46,0,497.0
10109872GOMESP_2025-06-29_G27,10109872GOMESP,2025-06-29,111468,1,41,0,234.0
10109872GOMESP_2025-06-29_G28,10109872GOMESP,2025-06-29,110332,1,4,0,119.0
10109872GOMESP_2025-06-29_G29,10109872GOMESP,2025-06-29,117832,1,4,0,264.0
10109872GOMESP_2025-06-29_G30,10109872GOMESP,2025-06-29,117830,1,8,0,121.0
10109872GOMESP_2025-06-29_G31,10109872GOMESP,2025-06-29,117822,1,4,0,150.0
10109872GOMESP_2025-06-29_G32,10109872GOMESP,2025-06-29,110375,1,57,0,570.0
10109872GOMESP_2025-06-29_G33,10109872GOMESP,2025-06-29,110373,1,137,0,657.0
10109872GOMESP_2025-06-29_G34,10109872GOMESP,2025-06-29,110376,1,28,0,200.0
10109872GOMESP_2025-06-29_G35,10109872GOMESP,2025-06-29,110371,1,96,0,274.0
10109872GOMESP_2025-06-29_G36,10109872GOMESP,2025-06-29,117809,1,73,0,995.0
10109872GOMESP_2025-06-29_G37,10109872GOMESP,2025-06-29,110373,1,4,0,1877.0
10109872GOMESP_2025-06-29_G38,10109872GOMESP,2025-06-29,109640,1,3,0,78.0
10109872GOMESP_2025-06-29_G39,10109872GOMESP,2025-06-29,111182,1,2,0,95.0
10109872GOMESP_2025-06-29_G40,10109872GOMESP,2025-06-29,140922,1,1,0,73.0
10109872GOMESP_2025-06-29_G41,10109872GOMESP,2025-06-29,117856,1,3,0,189.0
10109872GOMESP_2025-06-29_G42,10109872GOMESP,2025-06-29,141066,1,6,0,208.0
10109872GOMESP_2025-06-29_G43,10109872GOMESP,2025-06-29,117786,1,4,0,133.0
10109872GOMESP_2025-06-29_G44,10109872GOMESP,2025-06-29,110733,1,2,0,105.0
10109872GOMESP_2025-06-29_G45,10109872GOMESP,2025-06-29,111120,1,30,0,618.0
10109872GOMESP_2025-06-29_G46,10109872GOMESP,2025-06-29,117788,1,2,0,670.0
10109872GOMESP_2025-06-29_G47,10109872GOMESP,2025-06-29,117786,1,1,0,42.0
10109872GOMESP_2025-06-29_G48,10109872GOMESP,2025-06-29,111467,1,4,0,103.0
10109872GOMESP_2025-06-29_G49,10109872GOMESP,2025-06-29,111466,1,2,0,57.0
10109872GOMESP_2025-06-29_G50,10109872GOMESP,2025-06-29,117833,1,1,0,37.0
10109872GOMESP_2025-06-29_G51,10109872GOMESP,2025-06-29,141823,1,2,0,83.0
10109872GOMESP_2025-06-29_G52,10109872GOMESP,2025-06-29,111465,1,2,0,77.0
10109872GOMESP_2025-06-29_G53,10109872GOMESP,2025-06-29,110373,1,2,0,120.0
10109872GOMESP_2025-06-29_G54,10109872GOMESP,2025-06-29,110372,1,6,0,81.0
10109872GOMESP_2025-06-29_G55,10109872GOMESP,2025-06-29,117820,1,2,0,53.0
10109872GOMESP_2025-06-29_G56,10109872GOMESP,2025-06-29,110841,1,1,0,294.0
10109872GOMESP_2025-06-29_G57,10109872GOMESP,2025-06-29,118418,1,4,0,56.0
10109872GOMESP_2025-06-29_G58,10109872GOMESP,2025-06-29,108759,1,1,0,158.0
10109872GOMESP_2025-06-29_G60,10109872GOMESP,2025-06-29,118094,1,2,0,71.0
10109872GOMESP_2025-06-29_G61,10109872GOMESP,2025-06-29,110515,1,4,0,118.0
10109872GOMESP_2025-06-29_G62,10109872GOMESP,2025-06-29,110711,2,12,20,96.0
10109872GOMESP_2025-06-29_G63,10109872GOMESP,2025-06-29,117855,1,8,0,227.0
10109872GOMESP_2025-06-29_G64,10109872GOMESP,2025-06-29,111530,1,4,0,149.0
10109872GOMESP_2025-06-29_G65,10109872GOMESP,2025-06-29,111602,1,9,0,142.0
10109872GOMESP_2025-06-29_G66,10109872GOMESP,2025-06-29,140922,1,1,0,131.0
10109872GOMESP_2025-06-29_G67,10109872GOMESP,2025-06-29,108798,1,1,0,145.0
10109872GOMESP_2025-06-29_G68,10109872GOMESP,2025-06-29,111469,1,2,0,48.0
10109872GOMESP_2025-06-29_G69,10109872GOMESP,2025-06-29,110841,1,5,0,1495.0
10109872GOMESP_2025-06-29_G70,10109872GOMESP,2025-06-29,105359,1,1,0,240.0
10109872GOMESP_2025-06-29_G71,10109872GOMESP,2025-06-29,141035,1,6,0,166.0
10109872GOMESP_2025-06-29_G72,10109872GOMESP,2025-06-29,141066,1,10,0,161.0
10109872GOMESP_2025-06-29_G73,10109872GOMESP,2025-06-29,110339,1,10,0,122.0
10109872GOMESP_2025-06-29_G74,10109872GOMESP,2025-06-29,110711,1,6,0,160.0
10109872GOMESP_2025-06-29_G75,10109872GOMESP,2025-06-29,110711,1,16,0,121.0
10109872GOMESP_2025-06-29_G76,10109872GOMESP,2025-06-29,110711,1,13,0,995.0
10109872GOMESP_2025-06-29_G77,10109872GOMESP,2025-06-29,117935,1,10,0,440.0
10109872GOMESP_2025-06-29_G78,10109872GOMESP,2025-06-29,107904,1,2,0,295.0
10109872GOMESP_2025-06-29_G79,10109872GOMESP,2025-06-29,118222,1,2,0,517.0
10109872GOMESP_2025-06-29_G80,10109872GOMESP,2025-06-29,111850,1,2,0,47.0
10109872GOMESP_2025-06-29_G81,10109872GOMESP,2025-06-29,111120,1,1,0,98.0
10109872GOMESP_2025-06-29_G82,10109872GOMESP,2025-06-29,108770,1,2,0,87.0
10109872GOMESP_2025-06-29_G83,10109872GOMESP,2025-06-29,107892,1,2,0,57.0
10109872GOMESP_2025-06-29_G84,10109872GOMESP,2025-06-29,111876,1,2,0,164.0
10109872GOMESP_2025-06-29_G85,10109872GOMESP,2025-06-29,117786,1,5,0,67.0
10109872GOMESP_2025-06-29_G86,10109872GOMESP,2025-06-29,110515,1,6,0,141.0
10109872GOMESP_2025-06-29_G87,10109872GOMESP,2025-06-29,117837,1,1,0,37.0
10109872GOMESP_2025-06-29_G88,10109872GOMESP,2025-06-29,111467,1,4,0,109.0
10109872GOMESP_2025-06-29_G89,10109872GOMESP,2025-06-29,111602,1,2,0,59.0
10109872GOMESP_2025-06-29_G90,10109872GOMESP,2025-06-29,111530,1,2,0,66.0
10109872GOMESP_2025-06-29_G91,10109872GOMESP,2025-06-29,117785,1,6,0,139.0
10109872GOMESP_2025-06-29_G92,10109872GOMESP,2025-06-29,111463,1,2,0,44.0
10109872GOMESP_2025-06-29_G93,10109872GOMESP,2025-06-29,108711,1,1,0,119.0
10109872GOMESP_2025-06-29_G94,10109872GOMESP,2025-06-29,117831,1,2,0,133.0
10109872GOMESP_2025-06-29_G95,10109872GOMESP,2025-06-29,111462,1,2,0,86.0
10109872GOMESP_2025-06-29_G96,10109872GOMESP,2025-06-29,110787,1,2,0,68.0
10109872GOMESP_2025-06-29_G97,10109872GOMESP,2025-06-29,111442,1,2,0,85.0
10109872GOMESP_2025-06-29_G98,10109872GOMESP,2025-06-29,111465,1,4,0,76.0
10109872GOMESP_2025-06-29_G99,10109872GOMESP,2025-06-29,110742,1,4,0,289.0
10109872GOMESP_2025-06-29_G100,10109872GOMESP,2025-06-29,100334,1,2,0,59.0
10109872GOMESP_2025-06-29_G101,10109872GOMESP,2025-06-29,110895,1,4,0,98.0
10109872GOMESP_2025-06-29_G102,10109872GOMESP,2025-06-29,108770,1,2,0,97.0
10109872GOMESP_2025-06-30_G02,10109872GOMESP,2025-06-30,111530,1,3,0,129.0
10109872GOMESP_2025-06-30_G03,10109872GOMESP,2025-06-30,111443,1,8,0,303.0
10109872GOMESP_2025-06-30_G04,10109872GOMESP,2025-06-30,118140,1,2,0,200.0
10109872GOMESP_2025-06-30_G05,10109872GOMESP,2025-06-30,110373,1,2,0,141.0
10109872GOMESP_2025-06-30_G06,10109872GOMESP,2025-06-30,110372,1,11,0,304.0
10109872GOMESP_2025-06-30_G07,10109872GOMESP,2025-06-30,117820,1,2,0,67.0
10109872GOMESP_2025-06-30_G08,10109872GOMESP,2025-06-30,110374,1,12,0,789.0
10109872GOMESP_2025-06-30_G09,10109872GOMESP,2025-06-30,117808,1,30,0,1492.0
10109872GOMESP_2025-06-30_G10,10109872GOMESP,2025-06-30,141262,1,4,0,2149.0
10109872GOMESP_2025-06-30_G11,10109872GOMESP,2025-06-30,111722,1,12,0,179.0
10109872GOMESP_2025-06-30_G12,10109872GOMESP,2025-06-30,141261,1,6,0,429.0
10109872GOMESP_2025-06-30_G13,10109872GOMESP,2025-06-30,111722,1,4,0,111.0
10109872GOMESP_2025-06-30_G14,10109872GOMESP,2025-06-30,141262,1,8,0,1742.0
10109872GOMESP_2025-06-30_G15,10109872GOMESP,2025-06-30,111722,1,10,0,379.0
10109872GOMESP_2025-06-30_G16,10109872GOMESP,2025-06-30,111759,1,4,0,257.0
10109872GOMESP_2025-06-30_G18,10109872GOMESP,2025-06-30,141066,1,6,0,94.0
10109872GOMESP_2025-06-30_G19,10109872GOMESP,2025-06-30,111876,1,11,0,140.0
10109872GOMESP_2025-06-30_G20,10109872GOMESP,2025-06-30,110515,1,6,0,129.0
10109872GOMESP_2025-06-30_G21,10109872GOMESP,2025-06-30,117861,1,10,0,109.0
10109872GOMESP_2025-06-30_G22,10109872GOMESP,2025-06-30,110711,1,2,0,57.0
10109872GOMESP_2025-06-30_G23,10109872GOMESP,2025-06-30,141047,1,4,0,67.0
10109872GOMESP_2025-06-30_G24,10109872GOMESP,2025-06-30,111467,1,6,0,108.0
10109872GOMESP_2025-06-30_G25,10109872GOMESP,2025-06-30,117856,1,28,0,971.0
10109872GOMESP_2025-06-30_G26,10109872GOMESP,2025-06-30,111602,1,21,0,227.0
10109872GOMESP_2025-06-30_G27,10109872GOMESP,2025-06-30,117820,1,21,0,185.0
10109872GOMESP_2025-07-03_G02,10109872GOMESP,2025-07-03,108759,1,75,0,1034.0
10109872GOMESP_2025-07-03_G03,10109872GOMESP,2025-07-03,117797,1,2,0,255.0
10109872GOMESP_2025-07-04_G02,10109872GOMESP,2025-07-04,110515,1,30,0,352.0
10109872GOMESP_2025-07-04_G03,10109872GOMESP,2025-07-04,117855,1,12,0,133.0
10109872GOMESP_2025-07-04_G04,10109872GOMESP,2025-07-04,111439,1,1,0,42.0
10109872GOMESP_2025-07-04_G05,10109872GOMESP,2025-07-04,111602,1,30,0,344.0
10109872GOMESP_2025-07-04_G06,10109872GOMESP,2025-07-04,117935,1,7,0,286.0
10109872GOMESP_2025-07-04_G07,10109872GOMESP,2025-07-04,110752,1,8,0,67.0
10109872GOMESP_2025-07-04_G08,10109872GOMESP,2025-07-04,110711,1,11,0,597.0
10109872GOMESP_2025-07-04_G09,10109872GOMESP,2025-07-04,110743,1,4,0,223.0
10109872GOMESP_2025-07-04_G10,10109872GOMESP,2025-07-04,111463,1,56,0,787.0
10109872GOMESP_2025-07-04_G11,10109872GOMESP,2025-07-04,111463,1,2,0,31.0
10109872GOMESP_2025-07-04_G12,10109872GOMESP,2025-07-04,110745,1,11,0,109.0
10109872GOMESP_2025-07-04_G13,10109872GOMESP,2025-07-04,118317,1,3,0,1461.0
10109872GOMESP_2025-07-04_G14,10109872GOMESP,2025-07-04,111465,1,2,0,60.0
10109872GOMESP_2025-07-04_G15,10109872GOMESP,2025-07-04,110711,1,2,0,339.0
10109872GOMESP_2025-07-04_G16,10109872GOMESP,2025-07-04,109641,1,30,0,342.0
10109872GOMESP_2025-07-04_G17,10109872GOMESP,2025-07-04,111462,1,39,0,341.0
10109872GOMESP_2025-07-05_G02,10109872GOMESP,2025-07-05,109640,1,8,0,259.0
10109872GOMESP_2025-07-05_G03,10109872GOMESP,2025-07-05,117855,1,10,0,153.0
10109872GOMESP_2025-07-05_G04,10109872GOMESP,2025-07-05,118317,1,3,0,81.0
10109872GOMESP_2025-07-05_G05,10109872GOMESP,2025-07-05,111465,2,10,25,280.0
10109872GOMESP_2025-07-05_G06,10109872GOMESP,2025-07-05,116241,1,8,0,174.0
10109872GOMESP_2025-07-05_G07,10109872GOMESP,2025-07-05,116527,1,4,0,2461.0
10109872GOMESP_2025-07-05_G08,10109872GOMESP,2025-07-05,111660,1,12,0,369.0
10109872GOMESP_2025-07-05_G09,10109872GOMESP,2025-07-05,107892,1,2,0,178.0
10109872GOMESP_2025-07-05_G10,10109872GOMESP,2025-07-05,116241,1,2,0,834.0
10109872GOMESP_2025-07-05_G11,10109872GOMESP,2025-07-05,111469,1,6,0,120.0
10109872GOMESP_2025-07-05_G12,10109872GOMESP,2025-07-05,117821,1,2,0,69.0
10109872GOMESP_2025-07-05_G13,10109872GOMESP,2025-07-05,111532,1,9,0,115.0
10109872GOMESP_2025-07-05_G14,10109872GOMESP,2025-07-05,110787,1,1,0,107.0
10109872GOMESP_2025-07-05_G15,10109872GOMESP,2025-07-05,110372,1,12,0,148.0
10109872GOMESP_2025-07-05_G16,10109872GOMESP,2025-07-05,117855,1,10,0,144.0
10109872GOMESP_2025-07-05_G17,10109872GOMESP,2025-07-05,118298,1,32,0,2667.0
10109872GOMESP_2025-07-05_G18,10109872GOMESP,2025-07-05,117862,1,240,0,264.0
10109872GOMESP_2025-07-05_G19,10109872GOMESP,2025-07-05,110711,1,80,0,431.0
10109872GOMESP_2025-07-05_G20,10109872GOMESP,2025-07-05,118403,1,20,0,350.0
10109872GOMESP_2025-07-05_G21,10109872GOMESP,2025-07-05,111602,1,300,0,1181.0
10109872GOMESP_2025-07-05_G23,10109872GOMESP,2025-07-05,110895,1,2,0,221.0
10109872GOMESP_2025-07-05_G24,10109872GOMESP,2025-07-05,111569,1,14,0,188.0
10109872GOMESP_2025-07-05_G25,10109872GOMESP,2025-07-05,116527,1,4,0,118.0
10109872GOMESP_2025-07-05_G26,10109872GOMESP,2025-07-05,110339,1,3,0,358.0
10109872GOMESP_2025-07-05_G27,10109872GOMESP,2025-07-05,109647,1,6,0,123.0
10109872GOMESP_2025-07-05_G28,10109872GOMESP,2025-07-05,117855,1,2,0,57.0
10109872GOMESP_2025-07-05_G29,10109872GOMESP,2025-07-05,117855,1,16,0,262.0
10109872GOMESP_2025-07-05_G30,10109872GOMESP,2025-07-05,111439,1,3,0,49.0
10109872GOMESP_2025-07-05_G31,10109872GOMESP,2025-07-05,111602,1,11,0,131.0
10109872GOMESP_2025-07-05_G32,10109872GOMESP,2025-07-05,117833,1,6,0,202.0
10109872GOMESP_2025-07-05_G33,10109872GOMESP,2025-07-05,"111418, 111462",2,8,17,85.0
10109872GOMESP_2025-07-05_G34,10109872GOMESP,2025-07-05,110895,1,15,0,412.0
10109872GOMESP_2025-07-05_G35,10109872GOMESP,2025-07-05,111438,1,12,0,172.0
10109872GOMESP_2025-07-05_G36,10109872GOMESP,2025-07-05,110755,1,4,0,50.0
10109872GOMESP_2025-07-05_G37,10109872GOMESP,2025-07-05,109647,1,3,0,104.0
10109872GOMESP_2025-07-05_G38,10109872GOMESP,2025-07-05,117855,1,22,0,277.0
10109872GOMESP_2025-07-05_G39,10109872GOMESP,2025-07-05,111602,1,15,0,532.0
10109872GOMESP_2025-07-05_G40,10109872GOMESP,2025-07-05,110373,1,3,0,82.0
10109872GOMESP_2025-07-05_G41,10109872GOMESP,2025-07-05,110372,1,25,0,163.0
10109872GOMESP_2025-07-05_G42,10109872GOMESP,2025-07-05,110374,1,15,0,137.0
10109872GOMESP_2025-07-05_G43,10109872GOMESP,2025-07-05,108711,1,4,0,69.0
10109872GOMESP_2025-07-05_G44,10109872GOMESP,2025-07-05,140922,1,5,0,62.0
10109872GOMESP_2025-07-05_G45,10109872GOMESP,2025-07-05,110740,1,8,0,128.0
10109872GOMESP_2025-07-05_G46,10109872GOMESP,2025-07-05,110787,1,2,0,62.0
10109872GOMESP_2025-07-05_G47,10109872GOMESP,2025-07-05,111418,1,5,0,309.0
10109872GOMESP_2025-07-05_G48,10109872GOMESP,2025-07-05,111463,1,12,0,455.0
10109872GOMESP_2025-07-05_G49,10109872GOMESP,2025-07-05,111569,1,24,0,373.0
10109872GOMESP_2025-07-07_G02,10109872GOMESP,2025-07-07,110756,1,1,0,36.0
10109872GOMESP_2025-07-07_G03,10109872GOMESP,2025-07-07,110741,1,20,0,202.0
10109872GOMESP_2025-07-07_G04,10109872GOMESP,2025-07-07,111876,1,1,0,69.0
10109872GOMESP_2025-07-07_G05,10109872GOMESP,2025-07-07,141047,1,120,0,597.0
10109872GOMESP_2025-07-07_G06,10109872GOMESP,2025-07-07,110750,1,12,0,415.0
10109872GOMESP_2025-07-07_G07,10109872GOMESP,2025-07-07,111467,1,260,0,1143.0
10109872GOMESP_2025-07-07_G08,10109872GOMESP,2025-07-07,108772,1,40,0,412.0
10109872GOMESP_2025-07-07_G09,10109872GOMESP,2025-07-07,118442,1,2,0,324.0
10109872GOMESP_2025-07-07_G10,10109872GOMESP,2025-07-07,110537,1,4,0,355.0
10109872GOMESP_2025-07-07_G11,10109872GOMESP,2025-07-07,111569,1,60,0,680.0
10109872GOMESP_2025-07-07_G12,10109872GOMESP,2025-07-07,"110030, 109974",2,4,6,585.0
10109872GOMESP_2025-07-07_G14,10109872GOMESP,2025-07-07,118306,1,2,0,84.0
10109872GOMESP_2025-07-07_G15,10109872GOMESP,2025-07-07,107892,1,2,0,83.0
10109872GOMESP_2025-07-07_G16,10109872GOMESP,2025-07-07,110092,1,2,0,229.0
10109872GOMESP_2025-07-07_G17,10109872GOMESP,2025-07-07,110515,1,8,0,157.0
10109872GOMESP_2025-07-07_G18,10109872GOMESP,2025-07-07,117862,1,2,0,71.0
10109872GOMESP_2025-07-07_G19,10109872GOMESP,2025-07-07,117855,1,2,0,81.0
10109872GOMESP_2025-07-07_G20,10109872GOMESP,2025-07-07,117856,1,4,0,121.0
10109872GOMESP_2025-07-07_G21,10109872GOMESP,2025-07-07,117935,1,2,0,53.0
10109872GOMESP_2025-07-07_G22,10109872GOMESP,2025-07-07,111444,1,2,0,223.0
10109872GOMESP_2025-07-07_G23,10109872GOMESP,2025-07-07,108795,1,4,0,186.0
10109872GOMESP_2025-07-07_G24,10109872GOMESP,2025-07-07,108794,1,4,0,76.0
10109872GOMESP_2025-07-07_G25,10109872GOMESP,2025-07-07,"111182, 140922",2,3,27,78.0
10109872GOMESP_2025-07-07_G26,10109872GOMESP,2025-07-07,111466,1,10,0,83.0
10109872GOMESP_2025-07-07_G27,10109872GOMESP,2025-07-07,117833,1,4,0,110.0
10109872GOMESP_2025-07-07_G28,10109872GOMESP,2025-07-07,117842,1,4,0,119.0
10109872GOMESP_2025-07-07_G29,10109872GOMESP,2025-07-07,111418,1,6,0,482.0
10109872GOMESP_2025-07-07_G30,10109872GOMESP,2025-07-07,111462,1,6,0,79.0
10109872GOMESP_2025-07-07_G31,10109872GOMESP,2025-07-07,110740,1,4,0,550.0
10109872GOMESP_2025-07-07_G32,10109872GOMESP,2025-07-07,118140,1,2,0,41.0
10109872GOMESP_2025-07-07_G33,10109872GOMESP,2025-07-07,117787,1,2,0,80.0
10109872GOMESP_2025-07-07_G34,10109872GOMESP,2025-07-07,107236,1,4,0,70.0
10109872GOMESP_2025-07-07_G35,10109872GOMESP,2025-07-07,"111465, 111463",2,12,13,53.0
10109872GOMESP_2025-07-07_G36,10109872GOMESP,2025-07-07,110325,1,4,0,155.0
10109872GOMESP_2025-07-07_G37,10109872GOMESP,2025-07-07,110372,1,4,0,60.0
10109872GOMESP_2025-07-07_G38,10109872GOMESP,2025-07-07,118299,1,11,0,217.0
10109872GOMESP_2025-07-07_G39,10109872GOMESP,2025-07-07,110373,1,9,0,177.0
10109872GOMESP_2025-07-07_G40,10109872GOMESP,2025-07-07,107830,1,4,0,79.0
10109872GOMESP_2025-07-07_G41,10109872GOMESP,2025-07-07,110371,1,8,0,111.0
10109872GOMESP_2025-07-07_G42,10109872GOMESP,2025-07-07,110374,1,4,0,89.0
10109872GOMESP_2025-07-07_G43,10109872GOMESP,2025-07-07,117820,1,5,0,119.0
10109872GOMESP_2025-07-07_G44,10109872GOMESP,2025-07-07,117861,1,2,0,226.0
10109872GOMESP_2025-07-07_G45,10109872GOMESP,2025-07-07,111463,1,10,0,86.0
10109872GOMESP_2025-07-07_G46,10109872GOMESP,2025-07-07,140922,1,4,0,60.0
10109872GOMESP_2025-07-07_G47,10109872GOMESP,2025-07-07,111466,1,1,0,38.0
10109872GOMESP_2025-07-07_G48,10109872GOMESP,2025-07-07,117831,1,7,0,91.0
10109872GOMESP_2025-07-07_G49,10109872GOMESP,2025-07-07,111418,1,4,0,90.0
10109872GOMESP_2025-07-07_G50,10109872GOMESP,2025-07-07,109643,1,2,0,97.0
10109872GOMESP_2025-07-07_G51,10109872GOMESP,2025-07-07,107830,1,4,0,90.0
10109872GOMESP_2025-07-07_G52,10109872GOMESP,2025-07-07,141202,1,4,0,141.0
10109872GOMESP_2025-07-07_G53,10109872GOMESP,2025-07-07,117785,1,2,0,754.0
10109872GOMESP_2025-07-07_G54,10109872GOMESP,2025-07-07,111463,1,1,0,40.0
10109872GOMESP_2025-07-07_G55,10109872GOMESP,2025-07-07,140922,1,3,0,57.0
10109872GOMESP_2025-07-07_G56,10109872GOMESP,2025-07-07,117833,1,4,0,106.0
10109872GOMESP_2025-07-07_G57,10109872GOMESP,2025-07-07,117831,1,2,0,38.0
10109872GOMESP_2025-07-07_G58,10109872GOMESP,2025-07-07,111418,1,2,0,68.0
10109872GOMESP_2025-07-07_G59,10109872GOMESP,2025-07-07,"111462, 110374",2,5,19,42.0
10109872GOMESP_2025-07-08_G02,10109872GOMESP,2025-07-08,111418,1,2,0,263.0
10109872GOMESP_2025-07-08_G03,10109872GOMESP,2025-07-08,117935,1,28,0,538.0
10109872GOMESP_2025-07-08_G04,10109872GOMESP,2025-07-08,117935,2,10,25,340.0
10109872GOMESP_2025-07-08_G05,10109872GOMESP,2025-07-08,109641,1,100,0,719.0
10109872GOMESP_2025-07-08_G06,10109872GOMESP,2025-07-08,109641,1,100,0,407.0
10109872GOMESP_2025-07-08_G07,10109872GOMESP,2025-07-08,109641,1,265,0,1082.0
10109872GOMESP_2025-07-08_G08,10109872GOMESP,2025-07-08,111465,1,200,0,1316.0
10109872GOMESP_2025-07-08_G09,10109872GOMESP,2025-07-08,117832,1,200,0,769.0
10109872GOMESP_2025-07-08_G10,10109872GOMESP,2025-07-08,111569,1,4,0,1268.0
10109872GOMESP_2025-07-08_G11,10109872GOMESP,2025-07-08,117856,1,4,0,134.0
10109872GOMESP_2025-07-08_G12,10109872GOMESP,2025-07-08,110373,1,2,0,61.0
10109872GOMESP_2025-07-08_G13,10109872GOMESP,2025-07-08,109640,1,6,0,294.0
10109872GOMESP_2025-07-08_G14,10109872GOMESP,2025-07-08,110711,1,4,0,878.0
10109872GOMESP_2025-07-08_G15,10109872GOMESP,2025-07-08,111443,1,4,0,173.0
10109872GOMESP_2025-07-08_G16,10109872GOMESP,2025-07-08,111418,1,10,0,133.0
10109872GOMESP_2025-07-08_G18,10109872GOMESP,2025-07-08,111876,1,125,0,214.0
10109872GOMESP_2025-07-08_G19,10109872GOMESP,2025-07-08,110743,1,7,0,837.0
10109872GOMESP_2025-07-08_G20,10109872GOMESP,2025-07-08,110751,1,10,0,93.0
10109872GOMESP_2025-07-08_G21,10109872GOMESP,2025-07-08,117785,1,60,0,262.0
10109872GOMESP_2025-07-08_G22,10109872GOMESP,2025-07-08,111469,1,30,0,439.0
10109872GOMESP_2025-07-08_G23,10109872GOMESP,2025-07-08,117838,1,30,0,228.0
10109872GOMESP_2025-07-08_G24,10109872GOMESP,2025-07-08,110745,1,10,0,667.0
10109872GOMESP_2025-07-08_G25,10109872GOMESP,2025-07-08,111466,1,60,0,629.0
10109872GOMESP_2025-07-08_G26,10109872GOMESP,2025-07-08,117821,1,20,0,400.0
10109872GOMESP_2025-07-08_G27,10109872GOMESP,2025-07-08,141048,1,2,0,70.0
10109872GOMESP_2025-07-08_G28,10109872GOMESP,2025-07-08,117787,1,10,0,192.0
10109872GOMESP_2025-07-08_G29,10109872GOMESP,2025-07-08,111468,1,60,0,333.0
10109872GOMESP_2025-07-08_G30,10109872GOMESP,2025-07-08,110332,1,2,0,89.0
10109872GOMESP_2025-07-08_G31,10109872GOMESP,2025-07-08,110841,1,9,0,141.0
10109872GOMESP_2025-07-08_G32,10109872GOMESP,2025-07-08,118418,1,1,0,64.0
10109872GOMESP_2025-07-08_G33,10109872GOMESP,2025-07-08,111655,1,4,0,153.0
10109872GOMESP_2025-07-08_G34,10109872GOMESP,2025-07-08,108759,1,6,0,261.0
10109872GOMESP_2025-07-08_G35,10109872GOMESP,2025-07-08,111441,1,2,0,118.0
10109872GOMESP_2025-07-08_G36,10109872GOMESP,2025-07-08,117935,1,15,0,263.0
10109872GOMESP_2025-07-08_G37,10109872GOMESP,2025-07-08,110376,1,10,0,168.0
10109872GOMESP_2025-07-08_G38,10109872GOMESP,2025-07-08,110373,1,20,0,161.0
10109872GOMESP_2025-07-08_G39,10109872GOMESP,2025-07-08,117830,1,40,0,256.0
10109872GOMESP_2025-07-08_G40,10109872GOMESP,2025-07-08,110313,1,12,0,599.0
10109872GOMESP_2025-07-08_G41,10109872GOMESP,2025-07-08,111655,1,9,0,154.0
10109872GOMESP_2025-07-09_G02,10109872GOMESP,2025-07-09,117808,1,4,0,72.0
10109872GOMESP_2025-07-09_G03,10109872GOMESP,2025-07-09,111532,1,2,0,356.0
10109872GOMESP_2025-07-09_G04,10109872GOMESP,2025-07-09,111532,1,8,0,127.0
10109872GOMESP_2025-07-09_G05,10109872GOMESP,2025-07-09,117862,1,3,0,78.0
10109872GOMESP_2025-07-09_G06,10109872GOMESP,2025-07-09,111435,1,2,0,92.0
10109872GOMESP_2025-07-09_G07,10109872GOMESP,2025-07-09,116241,1,4,0,110.0
10109872GOMESP_2025-07-09_G08,10109872GOMESP,2025-07-09,111431,1,2,0,182.0
10109872GOMESP_2025-07-09_G09,10109872GOMESP,2025-07-09,"111418, 111463",2,10,16,535.0
10109872GOMESP_2025-07-09_G10,10109872GOMESP,2025-07-09,117808,1,30,0,282.0
10109872GOMESP_2025-07-09_G11,10109872GOMESP,2025-07-09,118299,1,16,0,126.0
10109872GOMESP_2025-07-09_G12,10109872GOMESP,2025-07-09,109643,1,4,0,93.0
10109872GOMESP_2025-07-09_G13,10109872GOMESP,2025-07-09,110373,1,4,0,140.0
10109872GOMESP_2025-07-09_G14,10109872GOMESP,2025-07-09,110895,1,2,0,1410.0
10109872GOMESP_2025-07-09_G15,10109872GOMESP,2025-07-09,111463,1,14,0,161.0
10109872GOMESP_2025-07-09_G16,10109872GOMESP,2025-07-09,111469,1,4,0,132.0
10109872GOMESP_2025-07-09_G17,10109872GOMESP,2025-07-09,111466,1,8,0,109.0
10109872GOMESP_2025-07-09_G18,10109872GOMESP,2025-07-09,111743,1,1,0,32.0
10109872GOMESP_2025-07-09_G19,10109872GOMESP,2025-07-09,117821,1,3,0,53.0
10109872GOMESP_2025-07-09_G20,10109872GOMESP,2025-07-09,117833,1,4,0,57.0
10109872GOMESP_2025-07-09_G21,10109872GOMESP,2025-07-09,111532,1,2,0,58.0
10109872GOMESP_2025-07-09_G22,10109872GOMESP,2025-07-09,111418,1,6,0,92.0
10109872GOMESP_2025-07-09_G23,10109872GOMESP,2025-07-09,110787,1,2,0,50.0
10109872GOMESP_2025-07-09_G24,10109872GOMESP,2025-07-09,"107236, 111465",2,2,21,63.0
10109872GOMESP_2025-07-09_G25,10109872GOMESP,2025-07-09,111468,1,4,0,66.0
10109872GOMESP_2025-07-09_G26,10109872GOMESP,2025-07-09,117809,1,4,0,2266.0
10109872GOMESP_2025-07-09_G27,10109872GOMESP,2025-07-09,117808,1,20,0,215.0
10109872GOMESP_2025-07-09_G28,10109872GOMESP,2025-07-09,107830,1,1,0,121.0
10109872GOMESP_2025-07-09_G29,10109872GOMESP,2025-07-09,110371,1,8,0,113.0
10109872GOMESP_2025-07-09_G30,10109872GOMESP,2025-07-09,117830,1,3,0,90.0
10109872GOMESP_2025-07-09_G31,10109872GOMESP,2025-07-09,110373,1,5,0,120.0
10109872GOMESP_2025-07-09_G32,10109872GOMESP,2025-07-09,117822,1,1,0,72.0
10109872GOMESP_2025-07-09_G33,10109872GOMESP,2025-07-09,118094,1,8,0,527.0
10109872GOMESP_2025-07-09_G34,10109872GOMESP,2025-07-09,110339,1,4,0,80.0
10109872GOMESP_2025-07-09_G35,10109872GOMESP,2025-07-09,110515,1,4,0,68.0
10109872GOMESP_2025-07-09_G36,10109872GOMESP,2025-07-09,118298,1,1,0,49.0
10109872GOMESP_2025-07-09_G37,10109872GOMESP,2025-07-09,117861,1,2,0,57.0
10109872GOMESP_2025-07-09_G38,10109872GOMESP,2025-07-09,111467,1,2,0,58.0
10109872GOMESP_2025-07-09_G39,10109872GOMESP,2025-07-09,117855,1,4,0,38.0
10109872GOMESP_2025-07-09_G40,10109872GOMESP,2025-07-09,110711,1,4,0,65.0
10109872GOMESP_2025-07-09_G41,10109872GOMESP,2025-07-09,118403,1,2,0,57.0
10109872GOMESP_2025-07-09_G42,10109872GOMESP,2025-07-09,117856,1,6,0,104.0
10109872GOMESP_2025-07-09_G43,10109872GOMESP,2025-07-09,111463,1,12,0,195.0
10109872GOMESP_2025-07-09_G44,10109872GOMESP,2025-07-09,108794,1,2,0,162.0
10109872GOMESP_2025-07-09_G45,10109872GOMESP,2025-07-09,111469,1,12,0,155.0
10109872GOMESP_2025-07-09_G46,10109872GOMESP,2025-07-09,111462,1,6,0,115.0
10109872GOMESP_2025-07-09_G47,10109872GOMESP,2025-07-09,117821,1,2,0,72.0
10109872GOMESP_2025-07-09_G48,10109872GOMESP,2025-07-09,111532,1,4,0,125.0
10109872GOMESP_2025-07-09_G49,10109872GOMESP,2025-07-09,117289,1,8,0,1207.0
10109872GOMESP_2025-07-09_G50,10109872GOMESP,2025-07-09,111469,1,20,0,205.0
10109872GOMESP_2025-07-09_G51,10109872GOMESP,2025-07-09,140922,1,4,0,84.0
10109872GOMESP_2025-07-09_G52,10109872GOMESP,2025-07-09,110754,1,4,0,742.0
10109872GOMESP_2025-07-09_G53,10109872GOMESP,2025-07-09,111469,1,20,0,216.0
10109872GOMESP_2025-07-09_G55,10109872GOMESP,2025-07-09,107629,1,30,0,903.0
10109872GOMESP_2025-07-09_G56,10109872GOMESP,2025-07-09,110339,1,50,0,210.0
10109872GOMESP_2025-07-09_G57,10109872GOMESP,2025-07-09,117861,1,30,0,875.0
10109872GOMESP_2025-07-09_G58,10109872GOMESP,2025-07-09,141047,1,32,0,623.0
10109872GOMESP_2025-07-09_G59,10109872GOMESP,2025-07-09,117855,1,80,0,394.0
10109872GOMESP_2025-07-09_G60,10109872GOMESP,2025-07-09,110313,1,30,0,350.0
10109872GOMESP_2025-07-09_G61,10109872GOMESP,2025-07-09,117935,1,60,0,455.0
10109872GOMESP_2025-07-09_G62,10109872GOMESP,2025-07-09,110129,1,30,0,372.0
10109872GOMESP_2025-07-09_G63,10109872GOMESP,2025-07-09,111743,1,30,0,345.0
10109872GOMESP_2025-07-09_G64,10109872GOMESP,2025-07-09,111532,1,44,0,475.0
10109872GOMESP_2025-07-09_G65,10109872GOMESP,2025-07-09,110740,1,40,0,729.0
10109872GOMESP_2025-07-09_G66,10109872GOMESP,2025-07-09,141823,1,30,0,348.0
10109872GOMESP_2025-07-09_G67,10109872GOMESP,2025-07-09,111465,1,50,0,328.0
10109872GOMESP_2025-07-09_G68,10109872GOMESP,2025-07-09,160050,1,2,0,854.0
10109872GOMESP_2025-07-09_G69,10109872GOMESP,2025-07-09,118418,1,4,0,197.0
10109872GOMESP_2025-07-09_G70,10109872GOMESP,2025-07-09,111436,1,2,0,42.0
10109872GOMESP_2025-07-09_G71,10109872GOMESP,2025-07-09,111440,1,4,0,69.0
10109872GOMESP_2025-07-09_G72,10109872GOMESP,2025-07-09,111120,2,8,15,92.0
10109872GOMESP_2025-07-09_G73,10109872GOMESP,2025-07-09,141313,1,1,0,92.0
10109872GOMESP_2025-07-09_G74,10109872GOMESP,2025-07-09,111861,1,2,0,76.0
10109872GOMESP_2025-07-09_G75,10109872GOMESP,2025-07-09,105359,1,4,0,107.0
10109872GOMESP_2025-07-09_G76,10109872GOMESP,2025-07-09,109974,1,4,0,204.0
10109872GOMESP_2025-07-09_G77,10109872GOMESP,2025-07-09,116527,1,9,0,121.0
10109872GOMESP_2025-07-09_G78,10109872GOMESP,2025-07-09,117789,1,2,0,91.0
10109872GOMESP_2025-07-09_G79,10109872GOMESP,2025-07-09,110895,1,21,0,377.0
10109872GOMESP_2025-07-09_G80,10109872GOMESP,2025-07-09,111441,1,30,0,339.0
10109872GOMESP_2025-07-09_G81,10109872GOMESP,2025-07-09,108770,1,20,0,415.0
10109872GOMESP_2025-07-10_G02,10109872GOMESP,2025-07-10,117785,1,20,0,184.0
10109872GOMESP_2025-07-10_G03,10109872GOMESP,2025-07-10,118317,1,4,0,49.0
10109872GOMESP_2025-07-10_G04,10109872GOMESP,2025-07-10,111442,1,5,0,86.0
10109872GOMESP_2025-07-10_G05,10109872GOMESP,2025-07-10,110740,1,3,0,82.0
10109872GOMESP_2025-07-10_G06,10109872GOMESP,2025-07-10,117832,1,12,0,174.0
10109872GOMESP_2025-07-10_G07,10109872GOMESP,2025-07-10,118299,1,12,0,185.0
10109872GOMESP_2025-07-10_G08,10109872GOMESP,2025-07-10,110373,1,16,0,218.0
10109872GOMESP_2025-07-10_G09,10109872GOMESP,2025-07-10,111602,1,12,0,560.0
10109872GOMESP_2025-07-10_G10,10109872GOMESP,2025-07-10,117808,1,4,0,367.0
10109872GOMESP_2025-07-10_G11,10109872GOMESP,2025-07-10,108711,1,8,0,348.0
10109872GOMESP_2025-07-10_G12,10109872GOMESP,2025-07-10,118140,1,4,0,141.0
10109872GOMESP_2025-07-10_G13,10109872GOMESP,2025-07-10,108711,1,2,0,108.0
10109872GOMESP_2025-07-10_G15,10109872GOMESP,2025-07-10,110895,1,11,0,171.0
10109872GOMESP_2025-07-10_G16,10109872GOMESP,2025-07-10,"111110, 118222",2,64,21,219.0
10109872GOMESP_2025-07-10_G17,10109872GOMESP,2025-07-10,110371,1,2,0,156.0
10109872GOMESP_2025-07-10_G18,10109872GOMESP,2025-07-10,141202,1,13,0,160.0
10109872GOMESP_2025-07-10_G19,10109872GOMESP,2025-07-10,110374,1,60,0,408.0
10109872GOMESP_2025-07-10_G20,10109872GOMESP,2025-07-10,111569,1,10,0,354.0
10109872GOMESP_2025-07-10_G21,10109872GOMESP,2025-07-10,117785,1,250,0,574.0
10109872GOMESP_2025-07-10_G22,10109872GOMESP,2025-07-10,118140,1,120,0,1133.0
10109872GOMESP_2025-07-10_G23,10109872GOMESP,2025-07-10,110332,1,6,0,304.0
10109872GOMESP_2025-07-10_G24,10109872GOMESP,2025-07-10,110371,1,6,0,1231.0
10109872GOMESP_2025-07-10_G25,10109872GOMESP,2025-07-10,111602,1,6,0,158.0
10109872GOMESP_2025-07-10_G26,10109872GOMESP,2025-07-10,111602,1,4,0,213.0
10109872GOMESP_2025-07-10_G27,10109872GOMESP,2025-07-10,111602,2,8,26,360.0
10109872GOMESP_2025-07-10_G28,10109872GOMESP,2025-07-10,111466,1,4,0,161.0
10109872GOMESP_2025-07-11_G02,10109872GOMESP,2025-07-11,108711,1,6,0,159.0
10109872GOMESP_2025-07-11_G03,10109872GOMESP,2025-07-11,118140,1,6,0,80.0
10109872GOMESP_2025-07-11_G04,10109872GOMESP,2025-07-11,111466,1,6,0,100.0
10109872GOMESP_2025-07-11_G05,10109872GOMESP,2025-07-11,111441,1,2,0,785.0
10109872GOMESP_2025-07-11_G06,10109872GOMESP,2025-07-11,118094,1,4,0,119.0
10109872GOMESP_2025-07-11_G07,10109872GOMESP,2025-07-11,110339,1,2,0,51.0
10109872GOMESP_2025-07-11_G08,10109872GOMESP,2025-07-11,117786,1,2,0,47.0
10109872GOMESP_2025-07-11_G09,10109872GOMESP,2025-07-11,111467,1,6,0,141.0
10109872GOMESP_2025-07-11_G10,10109872GOMESP,2025-07-11,117855,1,4,0,57.0
10109872GOMESP_2025-07-11_G11,10109872GOMESP,2025-07-11,110711,1,5,0,77.0
10109872GOMESP_2025-07-11_G12,10109872GOMESP,2025-07-11,108794,1,3,0,136.0
10109872GOMESP_2025-07-11_G13,10109872GOMESP,2025-07-11,140922,1,2,0,74.0
10109872GOMESP_2025-07-11_G14,10109872GOMESP,2025-07-11,111462,1,2,0,34.0
10109872GOMESP_2025-07-11_G15,10109872GOMESP,2025-07-11,117821,1,1,0,50.0
10109872GOMESP_2025-07-11_G16,10109872GOMESP,2025-07-11,111172,1,4,0,72.0
10109872GOMESP_2025-07-11_G17,10109872GOMESP,2025-07-11,108711,1,8,0,136.0
10109872GOMESP_2025-07-11_G18,10109872GOMESP,2025-07-11,111418,1,23,0,182.0
10109872GOMESP_2025-07-11_G19,10109872GOMESP,2025-07-11,118140,1,7,0,84.0
10109872GOMESP_2025-07-11_G20,10109872GOMESP,2025-07-11,117785,1,4,0,460.0
10109872GOMESP_2025-07-11_G21,10109872GOMESP,2025-07-11,111466,2,8,27,91.0
10109872GOMESP_2025-07-11_G22,10109872GOMESP,2025-07-11,111465,2,9,16,207.0
10109872GOMESP_2025-07-11_G23,10109872GOMESP,2025-07-11,111468,1,3,0,47.0
10109872GOMESP_2025-07-11_G24,10109872GOMESP,2025-07-11,111469,1,8,0,714.0
10109872GOMESP_2025-07-11_G25,10109872GOMESP,2025-07-11,111569,1,6,0,361.0
10109872GOMESP_2025-07-11_G26,10109872GOMESP,2025-07-11,107892,1,2,0,78.0
10109872GOMESP_2025-07-11_G27,10109872GOMESP,2025-07-11,118094,1,2,0,120.0
10109872GOMESP_2025-07-11_G28,10109872GOMESP,2025-07-11,110515,1,2,0,127.0
10109872GOMESP_2025-07-11_G29,10109872GOMESP,2025-07-11,117853,1,1,0,66.0
10109872GOMESP_2025-07-11_G30,10109872GOMESP,2025-07-11,111467,1,6,0,63.0
10109872GOMESP_2025-07-11_G31,10109872GOMESP,2025-07-11,117855,1,2,0,35.0
10109872GOMESP_2025-07-11_G32,10109872GOMESP,2025-07-11,110711,1,2,0,50.0
10109872GOMESP_2025-07-11_G33,10109872GOMESP,2025-07-11,117856,1,6,0,96.0
10109872GOMESP_2025-07-11_G34,10109872GOMESP,2025-07-11,108794,1,2,0,273.0
10109872GOMESP_2025-07-11_G35,10109872GOMESP,2025-07-11,140922,1,2,0,138.0
10109872GOMESP_2025-07-11_G36,10109872GOMESP,2025-07-11,111462,1,1,0,31.0
10109872GOMESP_2025-07-11_G37,10109872GOMESP,2025-07-11,117821,1,1,0,39.0
10109872GOMESP_2025-07-11_G38,10109872GOMESP,2025-07-11,117831,1,2,0,105.0
10109872GOMESP_2025-07-11_G39,10109872GOMESP,2025-07-11,108711,1,2,0,72.0
10109872GOMESP_2025-07-11_G40,10109872GOMESP,2025-07-11,117785,1,1,0,215.0
10109872GOMESP_2025-07-11_G41,10109872GOMESP,2025-07-11,141823,1,1,0,50.0
10109872GOMESP_2025-07-11_G42,10109872GOMESP,2025-07-11,111466,1,2,0,184.0
10109872GOMESP_2025-07-11_G43,10109872GOMESP,2025-07-11,111469,1,20,0,192.0
10109872GOMESP_2025-07-11_G44,10109872GOMESP,2025-07-11,110740,1,3,0,69.0
10109872GOMESP_2025-07-11_G45,10109872GOMESP,2025-07-11,111418,1,16,0,341.0
10109872GOMESP_2025-07-11_G46,10109872GOMESP,2025-07-11,109643,1,2,0,363.0
10109872GOMESP_2025-07-11_G47,10109872GOMESP,2025-07-11,117832,1,2,0,761.0
10109872GOMESP_2025-07-11_G48,10109872GOMESP,2025-07-11,117809,1,6,0,51.0
10109872GOMESP_2025-07-11_G49,10109872GOMESP,2025-07-11,117808,1,11,0,70.0
10109872GOMESP_2025-07-11_G50,10109872GOMESP,2025-07-11,109643,1,2,0,43.0
10109872GOMESP_2025-07-11_G51,10109872GOMESP,2025-07-11,110374,1,5,0,160.0
10109872GOMESP_2025-07-11_G52,10109872GOMESP,2025-07-11,110372,1,6,0,43.0
10109872GOMESP_2025-07-11_G53,10109872GOMESP,2025-07-11,107830,1,4,0,76.0
10109872GOMESP_2025-07-11_G54,10109872GOMESP,2025-07-11,109648,1,2,0,46.0
10109872GOMESP_2025-07-11_G55,10109872GOMESP,2025-07-11,118299,1,30,0,337.0
10109872GOMESP_2025-07-11_G56,10109872GOMESP,2025-07-11,117820,1,6,0,112.0
10109872GOMESP_2025-07-11_G57,10109872GOMESP,2025-07-11,117822,1,4,0,79.0
10109872GOMESP_2025-07-11_G58,10109872GOMESP,2025-07-11,110373,1,8,0,80.0
10109872GOMESP_2025-07-11_G59,10109872GOMESP,2025-07-11,111602,1,4,0,370.0
10109872GOMESP_2025-07-11_G60,10109872GOMESP,2025-07-11,108711,1,4,0,63.0
10109872GOMESP_2025-07-11_G61,10109872GOMESP,2025-07-11,110787,1,2,0,67.0
10109872GOMESP_2025-07-11_G62,10109872GOMESP,2025-07-11,110711,1,8,0,226.0
10109872GOMESP_2025-07-11_G63,10109872GOMESP,2025-07-11,111602,1,24,0,495.0
10109872GOMESP_2025-07-11_G64,10109872GOMESP,2025-07-11,110313,1,12,0,136.0
10109872GOMESP_2025-07-11_G65,10109872GOMESP,2025-07-11,111743,1,8,0,629.0
10109872GOMESP_2025-07-11_G67,10109872GOMESP,2025-07-11,111876,1,10,0,90.0
10109872GOMESP_2025-07-11_G68,10109872GOMESP,2025-07-11,110515,1,20,0,338.0
10109872GOMESP_2025-07-11_G69,10109872GOMESP,2025-07-11,117837,1,10,0,111.0
10109872GOMESP_2025-07-11_G70,10109872GOMESP,2025-07-11,117862,1,30,0,458.0
10109872GOMESP_2025-07-11_G71,10109872GOMESP,2025-07-11,110753,1,4,0,206.0
10109872GOMESP_2025-07-11_G72,10109872GOMESP,2025-07-11,117853,1,6,0,80.0
10109872GOMESP_2025-07-11_G73,10109872GOMESP,2025-07-11,117855,1,6,0,201.0
10109872GOMESP_2025-07-11_G74,10109872GOMESP,2025-07-11,117855,1,20,0,154.0
10109872GOMESP_2025-07-11_G75,10109872GOMESP,2025-07-11,110711,1,19,0,190.0
10109872GOMESP_2025-07-11_G76,10109872GOMESP,2025-07-11,118403,1,22,0,221.0
10109872GOMESP_2025-07-11_G77,10109872GOMESP,2025-07-11,101217,1,4,0,298.0
10109872GOMESP_2025-07-11_G78,10109872GOMESP,2025-07-11,110313,1,12,0,282.0
10109872GOMESP_2025-07-11_G79,10109872GOMESP,2025-07-11,110325,1,20,0,282.0
10109872GOMESP_2025-07-11_G80,10109872GOMESP,2025-07-11,117832,1,50,0,279.0
10109872GOMESP_2025-07-11_G81,10109872GOMESP,2025-07-11,117808,1,400,0,1002.0
10109872GOMESP_2025-07-11_G82,10109872GOMESP,2025-07-11,109643,1,24,0,472.0
10109872GOMESP_2025-07-11_G83,10109872GOMESP,2025-07-11,110372,1,100,0,177.0
10109872GOMESP_2025-07-11_G84,10109872GOMESP,2025-07-11,110741,1,13,0,1526.0
10109872GOMESP_2025-07-11_G85,10109872GOMESP,2025-07-11,141066,1,5,0,43.0
10109872GOMESP_2025-07-11_G86,10109872GOMESP,2025-07-11,118094,1,20,0,139.0
10109872GOMESP_2025-07-11_G87,10109872GOMESP,2025-07-11,111876,1,4,0,70.0
10109872GOMESP_2025-07-11_G88,10109872GOMESP,2025-07-11,117786,1,20,0,202.0
10109872GOMESP_2025-07-11_G89,10109872GOMESP,2025-07-11,110515,1,35,0,1299.0
10109872GOMESP_2025-07-11_G90,10109872GOMESP,2025-07-11,117837,1,8,0,61.0
10109872GOMESP_2025-07-11_G91,10109872GOMESP,2025-07-11,117862,1,24,0,213.0
10109872GOMESP_2025-07-11_G92,10109872GOMESP,2025-07-11,117861,1,20,0,375.0
10109872GOMESP_2025-07-11_G93,10109872GOMESP,2025-07-11,110753,1,9,0,73.0
10109872GOMESP_2025-07-11_G94,10109872GOMESP,2025-07-11,117853,1,7,0,251.0
10109872GOMESP_2025-07-11_G95,10109872GOMESP,2025-07-11,109647,1,4,0,59.0
10109872GOMESP_2025-07-11_G96,10109872GOMESP,2025-07-11,111467,1,24,0,246.0
10109872GOMESP_2025-07-11_G97,10109872GOMESP,2025-07-11,111602,1,30,0,473.0
10109872GOMESP_2025-07-11_G98,10109872GOMESP,2025-07-11,118299,1,108,0,601.0
10109872GOMESP_2025-07-11_G99,10109872GOMESP,2025-07-11,117837,1,5,0,324.0
10109872GOMESP_2025-07-11_G100,10109872GOMESP,2025-07-11,117853,2,14,9,124.0
10109872GOMESP_2025-07-11_G101,10109872GOMESP,2025-07-11,109647,1,11,0,140.0
10109872GOMESP_2025-07-11_G102,10109872GOMESP,2025-07-11,111439,1,6,0,114.0
10109872GOMESP_2025-07-11_G103,10109872GOMESP,2025-07-11,110313,1,4,0,125.0
10109872GOMESP_2025-07-11_G104,10109872GOMESP,2025-07-11,117935,1,10,0,106.0
10109872GOMESP_2025-07-11_G105,10109872GOMESP,2025-07-11,117855,1,30,0,222.0
10109872GOMESP_2025-07-12_G02,10109872GOMESP,2025-07-12,110372,1,100,0,171.0
10109872GOMESP_2025-07-12_G03,10109872GOMESP,2025-07-12,109643,1,2,0,631.0
10109872GOMESP_2025-07-12_G04,10109872GOMESP,2025-07-12,"111172, 110372",2,24,28,219.0
10109872GOMESP_2025-07-12_G05,10109872GOMESP,2025-07-12,117830,1,8,0,82.0
10109872GOMESP_2025-07-12_G06,10109872GOMESP,2025-07-12,110332,1,3,0,592.0
10109872GOMESP_2025-07-12_G07,10109872GOMESP,2025-07-12,110372,1,100,0,154.0
10109872GOMESP_2025-07-12_G08,10109872GOMESP,2025-07-12,118229,1,8,0,404.0
10109872GOMESP_2025-07-12_G09,10109872GOMESP,2025-07-12,111851,1,1,0,54.0
10109872GOMESP_2025-07-12_G10,10109872GOMESP,2025-07-12,118363,1,1,0,144.0
10109872GOMESP_2025-07-12_G11,10109872GOMESP,2025-07-12,118364,1,3,0,222.0
10109872GOMESP_2025-07-12_G12,10109872GOMESP,2025-07-12,111441,1,6,0,107.0
10109872GOMESP_2025-07-12_G13,10109872GOMESP,2025-07-12,141313,1,4,0,144.0
10109872GOMESP_2025-07-12_G15,10109872GOMESP,2025-07-12,117838,1,11,0,106.0
10109872GOMESP_2025-07-12_G16,10109872GOMESP,2025-07-12,140922,1,15,0,146.0
10109872GOMESP_2025-07-12_G17,10109872GOMESP,2025-07-12,117831,1,35,0,191.0
10109872GOMESP_2025-07-12_G18,10109872GOMESP,2025-07-12,109645,1,4,0,251.0
10109872GOMESP_2025-07-12_G19,10109872GOMESP,2025-07-12,108711,1,7,0,63.0
10109872GOMESP_2025-07-12_G20,10109872GOMESP,2025-07-12,110748,1,6,0,87.0
10109872GOMESP_2025-07-12_G21,10109872GOMESP,2025-07-12,117785,1,18,0,496.0
10109872GOMESP_2025-07-12_G22,10109872GOMESP,2025-07-12,118317,1,8,0,165.0
10109872GOMESP_2025-07-12_G23,10109872GOMESP,2025-07-12,111433,1,6,0,68.0
10109872GOMESP_2025-07-12_G24,10109872GOMESP,2025-07-12,111444,1,4,0,287.0
10109872GOMESP_2025-07-12_G25,10109872GOMESP,2025-07-12,111466,1,30,0,156.0
10109872GOMESP_2025-07-12_G26,10109872GOMESP,2025-07-12,111469,1,10,0,94.0
10109872GOMESP_2025-07-12_G27,10109872GOMESP,2025-07-12,107236,1,12,0,170.0
10109872GOMESP_2025-07-12_G28,10109872GOMESP,2025-07-12,111462,1,43,0,615.0
10109872GOMESP_2025-07-12_G29,10109872GOMESP,2025-07-12,117821,1,30,0,315.0
10109872GOMESP_2025-07-12_G30,10109872GOMESP,2025-07-12,111418,1,60,0,880.0
10109872GOMESP_2025-07-12_G31,10109872GOMESP,2025-07-12,110371,1,100,0,168.0
10109872GOMESP_2025-07-12_G33,10109872GOMESP,2025-07-12,117789,1,7,0,136.0
10109872GOMESP_2025-07-12_G34,10109872GOMESP,2025-07-12,110325,1,4,0,323.0
10109872GOMESP_2025-07-12_G35,10109872GOMESP,2025-07-12,117808,1,8,0,66.0
10109872GOMESP_2025-07-12_G36,10109872GOMESP,2025-07-12,118191,1,88,0,278.0
10109872GOMESP_2025-07-12_G37,10109872GOMESP,2025-07-12,110787,1,84,0,1734.0
10109872GOMESP_2025-07-12_G38,10109872GOMESP,2025-07-12,117785,1,4,0,425.0
10109872GOMESP_2025-07-12_G39,10109872GOMESP,2025-07-12,105705,1,42,0,243.0
10109872GOMESP_2025-07-12_G40,10109872GOMESP,2025-07-12,117821,1,200,0,404.0
10109872GOMESP_2025-07-12_G41,10109872GOMESP,2025-07-12,111462,1,140,0,1909.0
10109872GOMESP_2025-07-14_G02,10109872GOMESP,2025-07-14,117834,1,2,0,53.0
10109872GOMESP_2025-07-14_G03,10109872GOMESP,2025-07-14,117808,1,13,0,264.0
10109872GOMESP_2025-07-14_G04,10109872GOMESP,2025-07-14,110372,1,32,0,501.0
10109872GOMESP_2025-07-14_G05,10109872GOMESP,2025-07-14,111463,1,20,0,1255.0
10109872GOMESP_2025-07-14_G06,10109872GOMESP,2025-07-14,111462,1,20,0,317.0
10109872GOMESP_2025-07-14_G07,10109872GOMESP,2025-07-14,111444,1,2,0,121.0
10109872GOMESP_2025-07-14_G08,10109872GOMESP,2025-07-14,111469,1,26,0,501.0
10109872GOMESP_2025-07-14_G09,10109872GOMESP,2025-07-14,111442,1,20,0,508.0
10109872GOMESP_2025-07-14_G10,10109872GOMESP,2025-07-14,110373,1,44,0,766.0
10109872GOMESP_2025-07-14_G11,10109872GOMESP,2025-07-14,110373,1,8,0,276.0
10109872GOMESP_2025-07-14_G12,10109872GOMESP,2025-07-14,118140,1,4,0,337.0
10109872GOMESP_2025-07-14_G13,10109872GOMESP,2025-07-14,111532,1,20,0,183.0
10109872GOMESP_2025-07-14_G14,10109872GOMESP,2025-07-14,110325,1,4,0,243.0
10109872GOMESP_2025-07-14_G15,10109872GOMESP,2025-07-14,117809,1,4,0,40.0
10109872GOMESP_2025-07-14_G16,10109872GOMESP,2025-07-14,110376,1,4,0,103.0
10109872GOMESP_2025-07-14_G17,10109872GOMESP,2025-07-14,110515,1,1,0,118.0
10109872GOMESP_2025-07-14_G18,10109872GOMESP,2025-07-14,140922,1,8,0,1024.0
10109872GOMESP_2025-07-14_G19,10109872GOMESP,2025-07-14,118140,1,12,0,115.0
10109872GOMESP_2025-07-14_G20,10109872GOMESP,2025-07-14,111602,1,8,0,236.0
10109872GOMESP_2025-07-14_G21,10109872GOMESP,2025-07-14,117831,1,4,0,88.0
10109872GOMESP_2025-07-14_G22,10109872GOMESP,2025-07-14,111443,1,1,0,116.0
10109872GOMESP_2025-07-14_G23,10109872GOMESP,2025-07-14,110755,1,4,0,611.0
10109872GOMESP_2025-07-14_G24,10109872GOMESP,2025-07-14,110787,1,1,0,420.0
10109872GOMESP_2025-07-14_G25,10109872GOMESP,2025-07-14,117935,1,1,0,129.0
10109872GOMESP_2025-07-14_G26,10109872GOMESP,2025-07-14,111443,1,6,0,204.0
10109872GOMESP_2025-07-14_G27,10109872GOMESP,2025-07-14,107888,1,2,0,105.0
10109872GOMESP_2025-07-14_G28,10109872GOMESP,2025-07-14,140922,1,9,0,196.0
10109872GOMESP_2025-07-14_G29,10109872GOMESP,2025-07-14,111466,1,5,0,178.0
10109872GOMESP_2025-07-14_G30,10109872GOMESP,2025-07-14,111443,1,5,0,256.0
10109872GOMESP_2025-07-14_G31,10109872GOMESP,2025-07-14,111532,1,9,0,302.0
10109872GOMESP_2025-07-14_G32,10109872GOMESP,2025-07-14,110787,1,1,0,77.0
10109872GOMESP_2025-07-14_G33,10109872GOMESP,2025-07-14,111602,1,7,0,237.0
10109872GOMESP_2025-07-14_G34,10109872GOMESP,2025-07-14,117935,1,4,0,220.0
10109872GOMESP_2025-07-14_G36,10109872GOMESP,2025-07-14,111851,1,3,0,79.0
10109872GOMESP_2025-07-14_G37,10109872GOMESP,2025-07-14,118290,1,12,0,328.0
10109872GOMESP_2025-07-14_G38,10109872GOMESP,2025-07-14,110582,1,2,0,166.0
10109872GOMESP_2025-07-14_G39,10109872GOMESP,2025-07-14,108759,1,3,0,106.0
10109872GOMESP_2025-07-14_G40,10109872GOMESP,2025-07-14,114102,1,2,0,96.0
10109872GOMESP_2025-07-14_G41,10109872GOMESP,2025-07-14,118222,1,96,0,1282.0
10109872GOMESP_2025-07-14_G42,10109872GOMESP,2025-07-14,110339,1,6,0,600.0
10109872GOMESP_2025-07-14_G43,10109872GOMESP,2025-07-14,117786,1,2,0,81.0
10109872GOMESP_2025-07-14_G44,10109872GOMESP,2025-07-14,110515,1,4,0,74.0
10109872GOMESP_2025-07-14_G45,10109872GOMESP,2025-07-14,117862,1,26,0,333.0
10109872GOMESP_2025-07-14_G46,10109872GOMESP,2025-07-14,117853,1,6,0,91.0
10109872GOMESP_2025-07-14_G47,10109872GOMESP,2025-07-14,111467,1,2,0,58.0
10109872GOMESP_2025-07-14_G48,10109872GOMESP,2025-07-14,110711,1,26,0,129.0
10109872GOMESP_2025-07-14_G49,10109872GOMESP,2025-07-14,110711,1,5,0,64.0
10109872GOMESP_2025-07-14_G50,10109872GOMESP,2025-07-14,118403,1,20,0,127.0
10109872GOMESP_2025-07-14_G51,10109872GOMESP,2025-07-14,111602,1,9,0,90.0
10109872GOMESP_2025-07-14_G52,10109872GOMESP,2025-07-14,108772,1,10,0,219.0
10109872GOMESP_2025-07-14_G53,10109872GOMESP,2025-07-14,111530,1,52,0,257.0
10109872GOMESP_2025-07-14_G54,10109872GOMESP,2025-07-14,110313,1,16,0,323.0
10109872GOMESP_2025-07-14_G55,10109872GOMESP,2025-07-14,117935,1,20,0,125.0
10109872GOMESP_2025-07-14_G56,10109872GOMESP,2025-07-14,110787,1,6,0,106.0
10109872GOMESP_2025-07-14_G57,10109872GOMESP,2025-07-14,111466,1,41,0,1061.0
10109872GOMESP_2025-07-14_G58,10109872GOMESP,2025-07-14,111463,1,60,0,575.0
10109872GOMESP_2025-07-14_G59,10109872GOMESP,2025-07-14,111463,1,440,0,3142.0
10109872GOMESP_2025-07-14_G60,10109872GOMESP,2025-07-14,108794,1,100,0,248.0
10109872GOMESP_2025-07-14_G61,10109872GOMESP,2025-07-14,111532,1,56,0,276.0
10109872GOMESP_2025-07-14_G62,10109872GOMESP,2025-07-14,117831,1,200,0,739.0
10109872GOMESP_2025-07-15_G02,10109872GOMESP,2025-07-15,111660,1,6,0,177.0
10109872GOMESP_2025-07-15_G03,10109872GOMESP,2025-07-15,105705,1,9,0,872.0
10109872GOMESP_2025-07-15_G04,10109872GOMESP,2025-07-15,108794,1,4,0,122.0
10109872GOMESP_2025-07-15_G05,10109872GOMESP,2025-07-15,111462,1,13,0,149.0
10109872GOMESP_2025-07-15_G06,10109872GOMESP,2025-07-15,111743,1,10,0,256.0
10109872GOMESP_2025-07-15_G07,10109872GOMESP,2025-07-15,117821,1,69,0,658.0
10109872GOMESP_2025-07-15_G08,10109872GOMESP,2025-07-15,108798,1,4,0,71.0
10109872GOMESP_2025-07-15_G09,10109872GOMESP,2025-07-15,109641,1,6,0,214.0
10109872GOMESP_2025-07-15_G10,10109872GOMESP,2025-07-15,109645,1,4,0,52.0
10109872GOMESP_2025-07-15_G11,10109872GOMESP,2025-07-15,117831,1,77,0,157.0
10109872GOMESP_2025-07-15_G12,10109872GOMESP,2025-07-15,141823,1,13,0,314.0
10109872GOMESP_2025-07-15_G13,10109872GOMESP,2025-07-15,111466,1,72,0,392.0
10109872GOMESP_2025-07-15_G14,10109872GOMESP,2025-07-15,111469,1,60,0,439.0
10109872GOMESP_2025-07-15_G15,10109872GOMESP,2025-07-15,107236,1,8,0,112.0
10109872GOMESP_2025-07-15_G16,10109872GOMESP,2025-07-15,111468,1,4,0,72.0
10109872GOMESP_2025-07-15_G17,10109872GOMESP,2025-07-15,117834,1,4,0,1089.0
10109872GOMESP_2025-07-15_G18,10109872GOMESP,2025-07-15,111446,2,6,17,145.0
10109872GOMESP_2025-07-15_G19,10109872GOMESP,2025-07-15,111172,1,4,0,79.0
10109872GOMESP_2025-07-15_G20,10109872GOMESP,2025-07-15,117821,1,8,0,76.0
10109872GOMESP_2025-07-15_G21,10109872GOMESP,2025-07-15,111330,1,4,0,79.0
10109872GOMESP_2025-07-15_G22,10109872GOMESP,2025-07-15,109643,1,4,0,126.0
10109872GOMESP_2025-07-15_G23,10109872GOMESP,2025-07-15,117830,2,8,8,58.0
10109872GOMESP_2025-07-15_G24,10109872GOMESP,2025-07-15,118299,2,8,21,34.0
10109872GOMESP_2025-07-15_G25,10109872GOMESP,2025-07-15,117854,1,2,0,249.0
10109872GOMESP_2025-07-15_G26,10109872GOMESP,2025-07-15,110339,1,4,0,101.0
10109872GOMESP_2025-07-15_G27,10109872GOMESP,2025-07-15,141823,1,4,0,263.0
10109872GOMESP_2025-07-15_G28,10109872GOMESP,2025-07-15,107892,1,8,0,720.0
10109872GOMESP_2025-07-15_G29,10109872GOMESP,2025-07-15,108711,1,8,0,198.0
10109872GOMESP_2025-07-15_G30,10109872GOMESP,2025-07-15,111602,1,8,0,106.0
10109872GOMESP_2025-07-15_G31,10109872GOMESP,2025-07-15,110313,1,4,0,106.0
10109872GOMESP_2025-07-15_G32,10109872GOMESP,2025-07-15,141823,1,4,0,456.0
10109872GOMESP_2025-07-15_G33,10109872GOMESP,2025-07-15,111602,1,25,0,276.0
10109872GOMESP_2025-07-15_G34,10109872GOMESP,2025-07-15,110313,1,1,0,45.0
10109872GOMESP_2025-07-15_G36,10109872GOMESP,2025-07-15,110747,1,1,0,34.0
10109872GOMESP_2025-07-15_G37,10109872GOMESP,2025-07-15,100334,1,1,0,51.0
10109872GOMESP_2025-07-15_G38,10109872GOMESP,2025-07-15,108794,1,3,0,60.0
10109872GOMESP_2025-07-15_G39,10109872GOMESP,2025-07-15,111443,1,4,0,184.0
10109872GOMESP_2025-07-15_G40,10109872GOMESP,2025-07-15,"140922, 111462",2,4,25,48.0
10109872GOMESP_2025-07-15_G41,10109872GOMESP,2025-07-15,117821,1,3,0,53.0
10109872GOMESP_2025-07-15_G42,10109872GOMESP,2025-07-15,111441,1,3,0,86.0
10109872GOMESP_2025-07-15_G43,10109872GOMESP,2025-07-15,118317,1,1,0,112.0
10109872GOMESP_2025-07-15_G44,10109872GOMESP,2025-07-15,107892,1,1,0,56.0
10109872GOMESP_2025-07-15_G45,10109872GOMESP,2025-07-15,111466,1,3,0,85.0
10109872GOMESP_2025-07-15_G46,10109872GOMESP,2025-07-15,110740,1,1,0,48.0
10109872GOMESP_2025-07-15_G47,10109872GOMESP,2025-07-15,118222,1,4,0,97.0
10109872GOMESP_2025-07-15_G48,10109872GOMESP,2025-07-15,110740,1,2,0,403.0
10109872GOMESP_2025-07-15_G49,10109872GOMESP,2025-07-15,117837,1,7,0,812.0
10109872GOMESP_2025-07-15_G50,10109872GOMESP,2025-07-15,111876,1,1,0,157.0
10109872GOMESP_2025-07-15_G51,10109872GOMESP,2025-07-15,110339,1,4,0,65.0
10109872GOMESP_2025-07-15_G52,10109872GOMESP,2025-07-15,117786,1,1,0,32.0
10109872GOMESP_2025-07-15_G53,10109872GOMESP,2025-07-15,110711,1,5,0,76.0
10109872GOMESP_2025-07-15_G54,10109872GOMESP,2025-07-15,111602,1,2,0,70.0
10109872GOMESP_2025-07-15_G55,10109872GOMESP,2025-07-15,110515,1,2,0,31.0
10109872GOMESP_2025-07-15_G56,10109872GOMESP,2025-07-15,108772,2,9,6,76.0
10109872GOMESP_2025-07-15_G57,10109872GOMESP,2025-07-15,117935,1,12,0,243.0
10109872GOMESP_2025-07-15_G58,10109872GOMESP,2025-07-15,111435,1,2,0,135.0
10109872GOMESP_2025-07-15_G59,10109872GOMESP,2025-07-15,111172,1,4,0,103.0
10109872GOMESP_2025-07-15_G60,10109872GOMESP,2025-07-15,111443,2,8,7,102.0
10109872GOMESP_2025-07-15_G61,10109872GOMESP,2025-07-15,140922,1,4,0,95.0
10109872GOMESP_2025-07-15_G62,10109872GOMESP,2025-07-15,160055,1,4,0,85.0
10109872GOMESP_2025-07-15_G63,10109872GOMESP,2025-07-15,111462,1,2,0,666.0
10109872GOMESP_2025-07-15_G64,10109872GOMESP,2025-07-15,111532,1,1,0,131.0
10109872GOMESP_2025-07-15_G65,10109872GOMESP,2025-07-15,111532,1,10,0,563.0
10109872GOMESP_2025-07-15_G66,10109872GOMESP,2025-07-15,111418,3,40,25,93.0
10109872GOMESP_2025-07-15_G67,10109872GOMESP,2025-07-15,111418,1,30,0,563.0
10109872GOMESP_2025-07-15_G68,10109872GOMESP,2025-07-15,108711,1,1,0,94.0
10109872GOMESP_2025-07-15_G69,10109872GOMESP,2025-07-15,116241,1,4,0,218.0
10109872GOMESP_2025-07-15_G70,10109872GOMESP,2025-07-15,117785,1,2,0,61.0
10109872GOMESP_2025-07-15_G71,10109872GOMESP,2025-07-15,160056,1,2,0,63.0
10109872GOMESP_2025-07-15_G72,10109872GOMESP,2025-07-15,"111469, 110740",2,32,24,133.0
10109872GOMESP_2025-07-15_G73,10109872GOMESP,2025-07-15,110372,1,800,0,2007.0
10109872GOMESP_2025-07-15_G74,10109872GOMESP,2025-07-15,117809,1,250,0,315.0
10109872GOMESP_2025-07-16_G02,10109872GOMESP,2025-07-16,111443,1,4,0,112.0
10109872GOMESP_2025-07-16_G03,10109872GOMESP,2025-07-16,140922,1,1,0,37.0
10109872GOMESP_2025-07-16_G04,10109872GOMESP,2025-07-16,111462,1,1,0,33.0
10109872GOMESP_2025-07-16_G05,10109872GOMESP,2025-07-16,111532,1,2,0,100.0
10109872GOMESP_2025-07-16_G06,10109872GOMESP,2025-07-16,111418,1,12,0,317.0
10109872GOMESP_2025-07-16_G07,10109872GOMESP,2025-07-16,117785,1,3,0,86.0
10109872GOMESP_2025-07-16_G08,10109872GOMESP,2025-07-16,111433,1,4,0,52.0
10109872GOMESP_2025-07-16_G09,10109872GOMESP,2025-07-16,111469,1,4,0,78.0
10109872GOMESP_2025-07-16_G10,10109872GOMESP,2025-07-16,118250,1,12,0,441.0
10109872GOMESP_2025-07-16_G11,10109872GOMESP,2025-07-16,118094,1,1,0,269.0
10109872GOMESP_2025-07-16_G12,10109872GOMESP,2025-07-16,111467,1,1,0,102.0
10109872GOMESP_2025-07-16_G13,10109872GOMESP,2025-07-16,111462,1,1,0,66.0
10109872GOMESP_2025-07-16_G14,10109872GOMESP,2025-07-16,111469,1,3,0,172.0
10109872GOMESP_2025-07-16_G15,10109872GOMESP,2025-07-16,111465,1,1,0,53.0
10109872GOMESP_2025-07-16_G16,10109872GOMESP,2025-07-16,111467,1,1,0,511.0
10109872GOMESP_2025-07-16_G17,10109872GOMESP,2025-07-16,108794,1,4,0,115.0
10109872GOMESP_2025-07-16_G18,10109872GOMESP,2025-07-16,111462,1,4,0,85.0
10109872GOMESP_2025-07-16_G19,10109872GOMESP,2025-07-16,117821,1,2,0,95.0
10109872GOMESP_2025-07-16_G20,10109872GOMESP,2025-07-16,111418,1,6,0,273.0
10109872GOMESP_2025-07-16_G21,10109872GOMESP,2025-07-16,117785,1,3,0,85.0
10109872GOMESP_2025-07-16_G22,10109872GOMESP,2025-07-16,111466,1,2,0,95.0
10109872GOMESP_2025-07-16_G23,10109872GOMESP,2025-07-16,111469,1,10,0,142.0
10109872GOMESP_2025-07-16_G24,10109872GOMESP,2025-07-16,117856,1,4,0,442.0
10109872GOMESP_2025-07-16_G25,10109872GOMESP,2025-07-16,"108770, 107892",2,7,18,82.0
10109872GOMESP_2025-07-16_G26,10109872GOMESP,2025-07-16,111569,1,15,0,235.0
10109872GOMESP_2025-07-16_G27,10109872GOMESP,2025-07-16,100334,1,10,0,662.0
10109872GOMESP_2025-07-16_G28,10109872GOMESP,2025-07-16,117834,1,12,0,192.0
10109872GOMESP_2025-07-16_G29,10109872GOMESP,2025-07-16,111438,1,6,0,183.0
10109872GOMESP_2025-07-16_G30,10109872GOMESP,2025-07-16,111569,1,9,0,489.0
10109872GOMESP_2025-07-16_G31,10109872GOMESP,2025-07-16,118222,1,40,0,481.0
10109872GOMESP_2025-07-16_G32,10109872GOMESP,2025-07-16,118094,1,4,0,75.0
10109872GOMESP_2025-07-16_G33,10109872GOMESP,2025-07-16,110581,1,6,0,126.0
10109872GOMESP_2025-07-16_G34,10109872GOMESP,2025-07-16,117862,1,6,0,94.0
10109872GOMESP_2025-07-16_G35,10109872GOMESP,2025-07-16,111530,1,30,0,593.0
10109872GOMESP_2025-07-16_G36,10109872GOMESP,2025-07-16,117935,1,12,0,173.0
10109872GOMESP_2025-07-16_G37,10109872GOMESP,2025-07-16,109643,1,10,0,231.0
10109872GOMESP_2025-07-16_G38,10109872GOMESP,2025-07-16,117830,1,24,0,280.0
10109872GOMESP_2025-07-16_G39,10109872GOMESP,2025-07-16,110372,1,110,0,151.0
10109872GOMESP_2025-07-16_G40,10109872GOMESP,2025-07-16,110371,1,155,0,436.0
10109872GOMESP_2025-07-16_G41,10109872GOMESP,2025-07-16,118299,1,120,0,400.0
10109872GOMESP_2025-07-16_G42,10109872GOMESP,2025-07-16,110373,1,150,0,131.0
10109872GOMESP_2025-07-16_G43,10109872GOMESP,2025-07-16,117808,1,126,0,459.0
10109872GOMESP_2025-07-16_G45,10109872GOMESP,2025-07-16,111442,1,6,0,93.0
10109872GOMESP_2025-07-16_G46,10109872GOMESP,2025-07-16,111444,1,4,0,48.0
10109872GOMESP_2025-07-16_G47,10109872GOMESP,2025-07-16,111469,1,34,0,272.0
10109872GOMESP_2025-07-16_G48,10109872GOMESP,2025-07-16,110740,1,10,0,101.0
10109872GOMESP_2025-07-16_G49,10109872GOMESP,2025-07-16,118299,1,5,0,1375.0
10109872GOMESP_2025-07-16_G50,10109872GOMESP,2025-07-16,111435,1,4,0,137.0
10109872GOMESP_2025-07-16_G51,10109872GOMESP,2025-07-16,107888,1,1,0,114.0
10109872GOMESP_2025-07-16_G52,10109872GOMESP,2025-07-16,100334,1,4,0,87.0
10109872GOMESP_2025-07-16_G53,10109872GOMESP,2025-07-16,140922,1,6,0,130.0
10109872GOMESP_2025-07-16_G54,10109872GOMESP,2025-07-16,118222,1,20,0,313.0
10109872GOMESP_2025-07-16_G55,10109872GOMESP,2025-07-16,110339,1,4,0,362.0
10109872GOMESP_2025-07-16_G56,10109872GOMESP,2025-07-16,111172,1,6,0,133.0
10109872GOMESP_2025-07-16_G57,10109872GOMESP,2025-07-16,117830,1,8,0,81.0
10109872GOMESP_2025-07-16_G58,10109872GOMESP,2025-07-16,117832,1,10,0,65.0
10109872GOMESP_2025-07-16_G59,10109872GOMESP,2025-07-16,140922,1,9,0,137.0
10109872GOMESP_2025-07-16_G60,10109872GOMESP,2025-07-16,111462,1,8,0,61.0
10109872GOMESP_2025-07-16_G61,10109872GOMESP,2025-07-16,110325,1,4,0,114.0
10109872GOMESP_2025-07-16_G62,10109872GOMESP,2025-07-16,110371,1,6,0,163.0
10109872GOMESP_2025-07-16_G63,10109872GOMESP,2025-07-16,110515,1,10,0,102.0
10109872GOMESP_2025-07-16_G64,10109872GOMESP,2025-07-16,111330,1,4,0,100.0
10109872GOMESP_2025-07-16_G65,10109872GOMESP,2025-07-16,108711,1,8,0,73.0
10109872GOMESP_2025-07-16_G66,10109872GOMESP,2025-07-16,141202,1,8,0,85.0
10109872GOMESP_2025-07-16_G67,10109872GOMESP,2025-07-16,110373,1,9,0,169.0
10109872GOMESP_2025-07-16_G68,10109872GOMESP,2025-07-16,117830,1,30,0,1017.0
10109872GOMESP_2025-07-16_G69,10109872GOMESP,2025-07-16,110374,1,30,0,236.0
10109872GOMESP_2025-07-16_G70,10109872GOMESP,2025-07-16,111348,1,40,0,704.0
10109872GOMESP_2025-07-16_G71,10109872GOMESP,2025-07-16,111876,1,5,0,1763.0
10109872GOMESP_2025-07-16_G72,10109872GOMESP,2025-07-16,117786,1,4,0,89.0
10109872GOMESP_2025-07-16_G73,10109872GOMESP,2025-07-16,117853,1,4,0,89.0
10109872GOMESP_2025-07-16_G74,10109872GOMESP,2025-07-16,110711,1,3,0,74.0
10109872GOMESP_2025-07-16_G75,10109872GOMESP,2025-07-16,108361,1,4,0,142.0
10109872GOMESP_2025-07-16_G76,10109872GOMESP,2025-07-16,110325,1,4,0,117.0
10109872GOMESP_2025-07-16_G77,10109872GOMESP,2025-07-16,109643,1,40,0,274.0
10109872GOMESP_2025-07-16_G78,10109872GOMESP,2025-07-16,117830,1,6,0,81.0
10109872GOMESP_2025-07-16_G79,10109872GOMESP,2025-07-16,117832,1,24,0,344.0
10109872GOMESP_2025-07-16_G80,10109872GOMESP,2025-07-16,117809,1,35,0,174.0
10109872GOMESP_2025-07-16_G81,10109872GOMESP,2025-07-16,117808,1,350,0,590.0
10109872GOMESP_2025-07-16_G82,10109872GOMESP,2025-07-16,110374,1,34,0,360.0
10109872GOMESP_2025-07-16_G83,10109872GOMESP,2025-07-16,110372,1,88,0,192.0
10109872GOMESP_2025-07-16_G84,10109872GOMESP,2025-07-16,107830,1,4,0,193.0
10109872GOMESP_2025-07-16_G85,10109872GOMESP,2025-07-16,110371,1,53,0,391.0
10109872GOMESP_2025-07-16_G86,10109872GOMESP,2025-07-16,118299,1,80,0,148.0
10109872GOMESP_2025-07-16_G87,10109872GOMESP,2025-07-16,117822,1,8,0,317.0
10109872GOMESP_2025-07-16_G88,10109872GOMESP,2025-07-16,110373,1,205,0,305.0
10109872GOMESP_2025-07-17_G02,10109872GOMESP,2025-07-17,111182,1,4,0,102.0
10109872GOMESP_2025-07-17_G03,10109872GOMESP,2025-07-17,118223,1,1,0,82.0
10109872GOMESP_2025-07-17_G04,10109872GOMESP,2025-07-17,111469,1,9,0,136.0
10109872GOMESP_2025-07-17_G05,10109872GOMESP,2025-07-17,111465,1,6,0,95.0
10109872GOMESP_2025-07-17_G06,10109872GOMESP,2025-07-17,141823,1,4,0,380.0
10109872GOMESP_2025-07-17_G07,10109872GOMESP,2025-07-17,118299,1,24,0,506.0
10109872GOMESP_2025-07-17_G08,10109872GOMESP,2025-07-17,110373,1,8,0,95.0
10109872GOMESP_2025-07-17_G10,10109872GOMESP,2025-07-17,110742,1,10,0,327.0
10109872GOMESP_2025-07-17_G11,10109872GOMESP,2025-07-17,111850,1,10,0,122.0
10109872GOMESP_2025-07-17_G12,10109872GOMESP,2025-07-17,103149,1,1,0,205.0
10109872GOMESP_2025-07-17_G13,10109872GOMESP,2025-07-17,117834,1,4,0,139.0
10109872GOMESP_2025-07-17_G14,10109872GOMESP,2025-07-17,111441,1,6,0,552.0
10109872GOMESP_2025-07-17_G15,10109872GOMESP,2025-07-17,111569,1,10,0,347.0
10109872GOMESP_2025-07-17_G16,10109872GOMESP,2025-07-17,110375,1,20,0,336.0
10109872GOMESP_2025-07-17_G17,10109872GOMESP,2025-07-17,110325,1,20,0,160.0
10109872GOMESP_2025-07-17_G18,10109872GOMESP,2025-07-17,117830,1,50,0,368.0
10109872GOMESP_2025-07-17_G19,10109872GOMESP,2025-07-17,117832,1,30,0,323.0
10109872GOMESP_2025-07-17_G20,10109872GOMESP,2025-07-17,117809,1,100,0,89.0
10109872GOMESP_2025-07-17_G21,10109872GOMESP,2025-07-17,110374,1,60,0,535.0
10109872GOMESP_2025-07-17_G22,10109872GOMESP,2025-07-17,107830,1,10,0,177.0
10109872GOMESP_2025-07-17_G23,10109872GOMESP,2025-07-17,141202,1,10,0,216.0
10109872GOMESP_2025-07-17_G24,10109872GOMESP,2025-07-17,117822,1,4,0,69.0
10109872GOMESP_2025-07-17_G25,10109872GOMESP,2025-07-17,111530,1,9,0,357.0
10109872GOMESP_2025-07-17_G26,10109872GOMESP,2025-07-17,117856,1,20,0,213.0
10109872GOMESP_2025-07-17_G27,10109872GOMESP,2025-07-17,110752,1,10,0,122.0
10109872GOMESP_2025-07-17_G28,10109872GOMESP,2025-07-17,110743,1,10,0,323.0
10109872GOMESP_2025-07-17_G29,10109872GOMESP,2025-07-17,111463,1,9,0,1541.0
10109872GOMESP_2025-07-17_G30,10109872GOMESP,2025-07-17,117833,1,2,0,76.0
10109872GOMESP_2025-07-17_G31,10109872GOMESP,2025-07-17,111418,1,3,0,103.0
10109872GOMESP_2025-07-17_G32,10109872GOMESP,2025-07-17,108711,1,2,0,45.0
10109872GOMESP_2025-07-17_G33,10109872GOMESP,2025-07-17,111466,1,4,0,226.0
10109872GOMESP_2025-07-17_G34,10109872GOMESP,2025-07-17,117830,1,4,0,115.0
10109872GOMESP_2025-07-17_G35,10109872GOMESP,2025-07-17,110374,1,4,0,85.0
10109872GOMESP_2025-07-17_G36,10109872GOMESP,2025-07-17,110372,1,20,0,105.0
10109872GOMESP_2025-07-17_G37,10109872GOMESP,2025-07-17,118299,1,30,0,262.0
10109872GOMESP_2025-07-17_G38,10109872GOMESP,2025-07-17,140922,1,6,0,681.0
10109872GOMESP_2025-07-17_G39,10109872GOMESP,2025-07-17,117842,1,4,0,93.0
10109872GOMESP_2025-07-17_G40,10109872GOMESP,2025-07-17,118299,1,4,0,80.0
10109872GOMESP_2025-07-17_G41,10109872GOMESP,2025-07-17,118299,1,1000,0,1942.0
10109872GOMESP_2025-07-18_G02,10109872GOMESP,2025-07-18,117808,1,14,0,110.0
10109872GOMESP_2025-07-18_G03,10109872GOMESP,2025-07-18,110374,1,4,0,76.0
10109872GOMESP_2025-07-18_G04,10109872GOMESP,2025-07-18,110372,1,8,0,161.0
10109872GOMESP_2025-07-18_G05,10109872GOMESP,2025-07-18,107830,1,4,0,99.0
10109872GOMESP_2025-07-18_G06,10109872GOMESP,2025-07-18,110373,1,8,0,154.0
10109872GOMESP_2025-07-18_G07,10109872GOMESP,2025-07-18,118299,1,18,0,153.0
10109872GOMESP_2025-07-18_G08,10109872GOMESP,2025-07-18,118322,1,4,0,448.0
10109872GOMESP_2025-07-18_G09,10109872GOMESP,2025-07-18,118094,1,2,0,78.0
10109872GOMESP_2025-07-18_G10,10109872GOMESP,2025-07-18,117862,1,2,0,331.0
10109872GOMESP_2025-07-18_G11,10109872GOMESP,2025-07-18,117861,1,2,0,145.0
10109872GOMESP_2025-07-18_G12,10109872GOMESP,2025-07-18,110515,1,8,0,126.0
10109872GOMESP_2025-07-18_G13,10109872GOMESP,2025-07-18,111530,1,2,0,101.0
10109872GOMESP_2025-07-18_G14,10109872GOMESP,2025-07-18,117856,1,8,0,230.0
10109872GOMESP_2025-07-18_G15,10109872GOMESP,2025-07-18,110752,1,2,0,135.0
10109872GOMESP_2025-07-18_G16,10109872GOMESP,2025-07-18,110129,1,2,0,126.0
10109872GOMESP_2025-07-18_G17,10109872GOMESP,2025-07-18,110751,1,4,0,173.0
10109872GOMESP_2025-07-18_G18,10109872GOMESP,2025-07-18,140922,1,2,0,34.0
10109872GOMESP_2025-07-18_G19,10109872GOMESP,2025-07-18,111431,1,1,0,107.0
10109872GOMESP_2025-07-18_G20,10109872GOMESP,2025-07-18,111418,1,16,0,165.0
10109872GOMESP_2025-07-18_G21,10109872GOMESP,2025-07-18,108711,1,3,0,77.0
10109872GOMESP_2025-07-18_G22,10109872GOMESP,2025-07-18,117831,1,11,0,142.0
10109872GOMESP_2025-07-18_G23,10109872GOMESP,2025-07-18,141823,1,7,0,331.0
10109872GOMESP_2025-07-18_G24,10109872GOMESP,2025-07-18,111444,1,5,0,62.0
10109872GOMESP_2025-07-18_G25,10109872GOMESP,2025-07-18,111466,1,20,0,922.0
10109872GOMESP_2025-07-18_G26,10109872GOMESP,2025-07-18,110371,1,4,0,691.0
10109872GOMESP_2025-07-18_G27,10109872GOMESP,2025-07-18,117820,1,101,0,307.0
10109872GOMESP_2025-07-18_G28,10109872GOMESP,2025-07-18,111120,1,3,0,874.0
10109872GOMESP_2025-07-18_G29,10109872GOMESP,2025-07-18,111655,1,10,0,144.0
10109872GOMESP_2025-07-18_G30,10109872GOMESP,2025-07-18,110755,1,21,0,99.0
10109872GOMESP_2025-07-18_G31,10109872GOMESP,2025-07-18,108759,1,7,0,356.0
10109872GOMESP_2025-07-18_G32,10109872GOMESP,2025-07-18,118306,1,30,0,257.0
10109872GOMESP_2025-07-18_G33,10109872GOMESP,2025-07-18,111441,1,26,0,191.0
10109872GOMESP_2025-07-18_G34,10109872GOMESP,2025-07-18,111438,1,19,0,401.0
10109872GOMESP_2025-07-18_G35,10109872GOMESP,2025-07-18,111435,1,24,0,739.0
10109872GOMESP_2025-07-18_G36,10109872GOMESP,2025-07-18,110743,1,24,0,278.0
10109872GOMESP_2025-07-18_G37,10109872GOMESP,2025-07-18,110751,1,30,0,132.0
10109872GOMESP_2025-07-18_G38,10109872GOMESP,2025-07-18,109641,1,20,0,205.0
10109872GOMESP_2025-07-18_G39,10109872GOMESP,2025-07-18,109645,1,14,0,222.0
10109872GOMESP_2025-07-18_G40,10109872GOMESP,2025-07-18,117831,1,140,0,687.0
10109872GOMESP_2025-07-18_G41,10109872GOMESP,2025-07-18,110740,1,50,0,325.0
10109872GOMESP_2025-07-18_G43,10109872GOMESP,2025-07-18,117854,1,4,0,79.0
10109872GOMESP_2025-07-18_G44,10109872GOMESP,2025-07-18,118094,1,1,0,44.0
10109872GOMESP_2025-07-18_G45,10109872GOMESP,2025-07-18,107629,1,1,0,42.0
10109872GOMESP_2025-07-18_G46,10109872GOMESP,2025-07-18,117841,1,2,0,148.0
10109872GOMESP_2025-07-18_G47,10109872GOMESP,2025-07-18,111435,1,4,0,168.0
10109872GOMESP_2025-07-18_G48,10109872GOMESP,2025-07-18,110751,1,4,0,163.0
10109872GOMESP_2025-07-18_G49,10109872GOMESP,2025-07-18,110325,1,12,0,112.0
10109872GOMESP_2025-07-18_G50,10109872GOMESP,2025-07-18,109643,1,10,0,79.0
10109872GOMESP_2025-07-18_G51,10109872GOMESP,2025-07-18,117853,1,2,0,134.0
10109872GOMESP_2025-07-18_G52,10109872GOMESP,2025-07-18,109647,1,2,0,59.0
10109872GOMESP_2025-07-18_G53,10109872GOMESP,2025-07-18,110745,1,9,0,93.0
10109872GOMESP_2025-07-18_G54,10109872GOMESP,2025-07-18,117842,1,2,0,186.0
10109872GOMESP_2025-07-18_G55,10109872GOMESP,2025-07-18,109645,1,4,0,66.0
10109872GOMESP_2025-07-18_G56,10109872GOMESP,2025-07-18,118223,1,2,0,59.0
10109872GOMESP_2025-07-18_G57,10109872GOMESP,2025-07-18,108711,1,7,0,57.0
10109872GOMESP_2025-07-18_G58,10109872GOMESP,2025-07-18,117787,1,6,0,90.0
10109872GOMESP_2025-07-18_G59,10109872GOMESP,2025-07-18,118330,1,4,0,100.0
10109872GOMESP_2025-07-18_G60,10109872GOMESP,2025-07-18,117809,1,50,0,1146.0
10109872GOMESP_2025-07-18_G61,10109872GOMESP,2025-07-18,118306,1,4,0,141.0
10109872GOMESP_2025-07-18_G62,10109872GOMESP,2025-07-18,117835,1,4,0,53.0
10109872GOMESP_2025-07-18_G63,10109872GOMESP,2025-07-18,111441,1,2,0,48.0
10109872GOMESP_2025-07-18_G64,10109872GOMESP,2025-07-18,111602,1,8,0,125.0
10109872GOMESP_2025-07-18_G65,10109872GOMESP,2025-07-18,110740,1,10,0,206.0
10109872GOMESP_2025-07-18_G66,10109872GOMESP,2025-07-18,110515,1,40,0,446.0
10109872GOMESP_2025-07-18_G67,10109872GOMESP,2025-07-18,111465,1,12,0,284.0
10109872GOMESP_2025-07-18_G68,10109872GOMESP,2025-07-18,111468,1,12,0,78.0
10109872GOMESP_2025-07-18_G69,10109872GOMESP,2025-07-18,117821,1,40,0,626.0
10109872GOMESP_2025-07-18_G70,10109872GOMESP,2025-07-18,111532,1,50,0,284.0
10109872GOMESP_2025-07-18_G71,10109872GOMESP,2025-07-18,111469,1,12,0,340.0
10109872GOMESP_2025-07-18_G72,10109872GOMESP,2025-07-18,117935,1,4,0,179.0
10109872GOMESP_2025-07-18_G73,10109872GOMESP,2025-07-18,111182,1,12,0,180.0
10109872GOMESP_2025-07-18_G74,10109872GOMESP,2025-07-18,111530,1,11,0,560.0
10109872GOMESP_2025-07-18_G75,10109872GOMESP,2025-07-18,111356,1,4,0,64.0
10109872GOMESP_2025-07-18_G76,10109872GOMESP,2025-07-18,118222,1,7,0,448.0
10109872GOMESP_2025-07-18_G77,10109872GOMESP,2025-07-18,108794,1,10,0,96.0
10109872GOMESP_2025-07-18_G78,10109872GOMESP,2025-07-18,111469,1,12,0,162.0
10109872GOMESP_2025-07-18_G79,10109872GOMESP,2025-07-18,111466,1,14,0,97.0
10109872GOMESP_2025-07-18_G80,10109872GOMESP,2025-07-18,110372,1,4,0,70.0
10109872GOMESP_2025-07-18_G81,10109872GOMESP,2025-07-18,107830,1,8,0,144.0
10109872GOMESP_2025-07-18_G82,10109872GOMESP,2025-07-18,"117820, 118299",2,16,24,272.0
10109872GOMESP_2025-07-18_G83,10109872GOMESP,2025-07-18,108759,1,9,0,641.0
10109872GOMESP_2025-07-18_G84,10109872GOMESP,2025-07-18,118222,1,25,0,212.0
10109872GOMESP_2025-07-18_G85,10109872GOMESP,2025-07-18,110372,1,195,0,1093.0
10109872GOMESP_2025-07-18_G86,10109872GOMESP,2025-07-18,111722,1,10,0,491.0
10109872GOMESP_2025-07-18_G87,10109872GOMESP,2025-07-18,110372,2,17,12,56.0
10109872GOMESP_2025-07-18_G88,10109872GOMESP,2025-07-18,110787,1,4,0,228.0
10109872GOMESP_2025-07-18_G89,10109872GOMESP,2025-07-18,117862,1,9,0,228.0
10109872GOMESP_2025-07-19_G02,10109872GOMESP,2025-07-19,117821,1,16,0,225.0
10109872GOMESP_2025-07-19_G03,10109872GOMESP,2025-07-19,111418,1,7,0,177.0
10109872GOMESP_2025-07-19_G04,10109872GOMESP,2025-07-19,117785,1,9,0,127.0
10109872GOMESP_2025-07-19_G05,10109872GOMESP,2025-07-19,111466,1,8,0,244.0
10109872GOMESP_2025-07-19_G06,10109872GOMESP,2025-07-19,117808,1,40,0,518.0
10109872GOMESP_2025-07-19_G07,10109872GOMESP,2025-07-19,110373,1,26,0,303.0
10109872GOMESP_2025-07-19_G08,10109872GOMESP,2025-07-19,110372,1,26,0,208.0
10109872GOMESP_2025-07-19_G09,10109872GOMESP,2025-07-19,118094,1,2,0,268.0
10109872GOMESP_2025-07-19_G10,10109872GOMESP,2025-07-19,107629,1,4,0,41.0
10109872GOMESP_2025-07-19_G11,10109872GOMESP,2025-07-19,111463,1,3,0,94.0
10109872GOMESP_2025-07-19_G12,10109872GOMESP,2025-07-19,110375,1,2,0,75.0
10109872GOMESP_2025-07-19_G13,10109872GOMESP,2025-07-19,117830,1,4,0,76.0
10109872GOMESP_2025-07-19_G14,10109872GOMESP,2025-07-19,117808,1,6,0,64.0
10109872GOMESP_2025-07-19_G15,10109872GOMESP,2025-07-19,110371,1,9,0,197.0
10109872GOMESP_2025-07-19_G16,10109872GOMESP,2025-07-19,111462,1,5,0,110.0
10109872GOMESP_2025-07-19_G17,10109872GOMESP,2025-07-19,111743,1,6,0,85.0
10109872GOMESP_2025-07-19_G18,10109872GOMESP,2025-07-19,117821,1,6,0,69.0
10109872GOMESP_2025-07-19_G19,10109872GOMESP,2025-07-19,110373,1,17,0,174.0
10109872GOMESP_2025-07-19_G20,10109872GOMESP,2025-07-19,111602,1,2,0,97.0
10109872GOMESP_2025-07-19_G21,10109872GOMESP,2025-07-19,118140,1,10,0,123.0
10109872GOMESP_2025-07-19_G22,10109872GOMESP,2025-07-19,111530,1,6,0,259.0
10109872GOMESP_2025-07-19_G23,10109872GOMESP,2025-07-19,110372,1,12,0,516.0
10109872GOMESP_2025-07-19_G24,10109872GOMESP,2025-07-19,111466,1,4,0,1812.0
10109872GOMESP_2025-07-19_G25,10109872GOMESP,2025-07-19,111530,1,4,0,313.0
10109872GOMESP_2025-07-19_G26,10109872GOMESP,2025-07-19,117820,1,8,0,104.0
10109872GOMESP_2025-07-19_G27,10109872GOMESP,2025-07-19,111530,1,13,0,767.0
10109872GOMESP_2025-07-19_G28,10109872GOMESP,2025-07-19,111655,1,4,0,254.0
10109872GOMESP_2025-07-19_G29,10109872GOMESP,2025-07-19,110515,1,5,0,236.0
10109872GOMESP_2025-07-19_G30,10109872GOMESP,2025-07-19,105705,1,2,0,95.0
10109872GOMESP_2025-07-19_G31,10109872GOMESP,2025-07-19,118140,1,4,0,122.0
10109872GOMESP_2025-07-19_G32,10109872GOMESP,2025-07-19,107892,1,3,0,1374.0
10109872GOMESP_2025-07-19_G33,10109872GOMESP,2025-07-19,"110515, 108772",2,9,30,103.0
10109872GOMESP_2025-07-19_G34,10109872GOMESP,2025-07-19,111418,1,5,0,56.0
10109872GOMESP_2025-07-19_G35,10109872GOMESP,2025-07-19,111469,1,2,0,100.0
10109872GOMESP_2025-07-19_G36,10109872GOMESP,2025-07-19,110371,1,6,0,136.0
10109872GOMESP_2025-07-19_G37,10109872GOMESP,2025-07-19,110373,1,16,0,156.0
10109872GOMESP_2025-07-19_G38,10109872GOMESP,2025-07-19,118299,1,4,0,63.0
10109872GOMESP_2025-07-19_G39,10109872GOMESP,2025-07-19,117820,1,1,0,67.0
10109872GOMESP_2025-07-19_G40,10109872GOMESP,2025-07-19,109643,1,2,0,289.0
10109872GOMESP_2025-07-19_G41,10109872GOMESP,2025-07-19,110371,1,16,0,107.0
10109872GOMESP_2025-07-19_G42,10109872GOMESP,2025-07-19,110374,1,4,0,77.0
10109872GOMESP_2025-07-19_G43,10109872GOMESP,2025-07-19,110373,1,21,0,140.0
10109872GOMESP_2025-07-19_G44,10109872GOMESP,2025-07-19,110376,1,2,0,57.0
10109872GOMESP_2025-07-19_G45,10109872GOMESP,2025-07-19,118299,1,2,0,397.0
10109872GOMESP_2025-07-19_G46,10109872GOMESP,2025-07-19,110372,1,5,0,84.0
10109872GOMESP_2025-07-19_G47,10109872GOMESP,2025-07-19,117820,1,4,0,67.0
10109872GOMESP_2025-07-19_G48,10109872GOMESP,2025-07-19,111463,1,6,0,138.0
10109872GOMESP_2025-07-19_G49,10109872GOMESP,2025-07-19,140922,1,2,0,66.0
10109872GOMESP_2025-07-19_G50,10109872GOMESP,2025-07-19,117821,1,3,0,77.0
10109872GOMESP_2025-07-19_G52,10109872GOMESP,2025-07-19,118140,1,2,0,44.0
10109872GOMESP_2025-07-19_G53,10109872GOMESP,2025-07-19,141823,1,6,0,106.0
10109872GOMESP_2025-07-19_G54,10109872GOMESP,2025-07-19,110740,1,3,0,85.0
10109872GOMESP_2025-07-19_G55,10109872GOMESP,2025-07-19,140922,1,6,0,168.0
10109872GOMESP_2025-07-19_G56,10109872GOMESP,2025-07-19,110747,1,1,0,1415.0
10109872GOMESP_2025-07-19_G57,10109872GOMESP,2025-07-19,111876,1,2,0,354.0
10109872GOMESP_2025-07-19_G58,10109872GOMESP,2025-07-19,110339,1,2,0,47.0
10109872GOMESP_2025-07-19_G59,10109872GOMESP,2025-07-19,117853,1,1,0,59.0
10109872GOMESP_2025-07-19_G60,10109872GOMESP,2025-07-19,111602,2,8,6,86.0
10109872GOMESP_2025-07-19_G61,10109872GOMESP,2025-07-19,110515,2,4,8,36.0
10109872GOMESP_2025-07-19_G62,10109872GOMESP,2025-07-19,117856,1,1,0,59.0
10109872GOMESP_2025-07-19_G63,10109872GOMESP,2025-07-19,110752,1,4,0,74.0
10109872GOMESP_2025-07-19_G64,10109872GOMESP,2025-07-19,118222,2,3,23,100.0
10109872GOMESP_2025-07-19_G65,10109872GOMESP,2025-07-19,118222,1,3,0,571.0
10109872GOMESP_2025-07-19_G66,10109872GOMESP,2025-07-19,110754,1,2,0,1224.0
10109872GOMESP_2025-07-19_G67,10109872GOMESP,2025-07-19,110742,2,4,7,194.0
10109872GOMESP_2025-07-19_G68,10109872GOMESP,2025-07-19,111569,1,4,0,136.0
10109872GOMESP_2025-07-19_G69,10109872GOMESP,2025-07-19,110375,1,4,0,98.0
10109872GOMESP_2025-07-19_G70,10109872GOMESP,2025-07-19,117808,1,100,0,192.0
10109872GOMESP_2025-07-19_G71,10109872GOMESP,2025-07-19,110374,1,4,0,240.0
10109872GOMESP_2025-07-19_G72,10109872GOMESP,2025-07-19,117820,2,66,26,123.0
10109872GOMESP_2025-07-19_G73,10109872GOMESP,2025-07-19,117820,1,7,0,48.0
10109872GOMESP_2025-07-19_G74,10109872GOMESP,2025-07-19,117808,1,1,0,105.0
10109872GOMESP_2025-07-21_G02,10109872GOMESP,2025-07-21,100334,1,12,0,534.0
10109872GOMESP_2025-07-21_G03,10109872GOMESP,2025-07-21,118283,1,6,0,128.0
10109872GOMESP_2025-07-21_G04,10109872GOMESP,2025-07-21,118418,1,4,0,62.0
10109872GOMESP_2025-07-21_G05,10109872GOMESP,2025-07-21,116527,1,3,0,207.0
10109872GOMESP_2025-07-21_G06,10109872GOMESP,2025-07-21,108770,1,1,0,57.0
10109872GOMESP_2025-07-21_G07,10109872GOMESP,2025-07-21,117789,1,4,0,79.0
10109872GOMESP_2025-07-21_G08,10109872GOMESP,2025-07-21,111792,1,4,0,1294.0
10109872GOMESP_2025-07-21_G09,10109872GOMESP,2025-07-21,111199,1,4,0,1017.0
10109872GOMESP_2025-07-21_G10,10109872GOMESP,2025-07-21,118094,1,20,0,446.0
10109872GOMESP_2025-07-21_G11,10109872GOMESP,2025-07-21,141047,1,10,0,326.0
10109872GOMESP_2025-07-21_G12,10109872GOMESP,2025-07-21,111467,1,10,0,207.0
10109872GOMESP_2025-07-21_G13,10109872GOMESP,2025-07-21,110711,1,30,0,240.0
10109872GOMESP_2025-07-21_G14,10109872GOMESP,2025-07-21,111602,1,20,0,416.0
10109872GOMESP_2025-07-21_G15,10109872GOMESP,2025-07-21,110515,1,20,0,161.0
10109872GOMESP_2025-07-21_G16,10109872GOMESP,2025-07-21,111530,1,161,0,344.0
10109872GOMESP_2025-07-21_G17,10109872GOMESP,2025-07-21,109648,1,2,0,233.0
10109872GOMESP_2025-07-21_G18,10109872GOMESP,2025-07-21,118285,1,2,0,147.0
10109872GOMESP_2025-07-21_G19,10109872GOMESP,2025-07-21,110743,1,10,0,54.0
10109872GOMESP_2025-07-21_G20,10109872GOMESP,2025-07-21,105705,1,10,0,85.0
10109872GOMESP_2025-07-21_G21,10109872GOMESP,2025-07-21,140922,1,20,0,473.0
10109872GOMESP_2025-07-21_G22,10109872GOMESP,2025-07-21,111348,1,6,0,62.0
10109872GOMESP_2025-07-21_G23,10109872GOMESP,2025-07-21,117842,1,10,0,202.0
10109872GOMESP_2025-07-21_G24,10109872GOMESP,2025-07-21,109641,1,10,0,105.0
10109872GOMESP_2025-07-21_G25,10109872GOMESP,2025-07-21,118223,1,2,0,62.0
10109872GOMESP_2025-07-21_G26,10109872GOMESP,2025-07-21,111330,1,1,0,48.0
10109872GOMESP_2025-07-21_G27,10109872GOMESP,2025-07-21,111433,1,6,0,101.0
10109872GOMESP_2025-07-21_G28,10109872GOMESP,2025-07-21,110740,1,20,0,372.0
10109872GOMESP_2025-07-21_G29,10109872GOMESP,2025-07-21,111172,1,30,0,545.0
10109872GOMESP_2025-07-21_G30,10109872GOMESP,2025-07-21,111442,1,30,0,377.0
10109872GOMESP_2025-07-22_G02,10109872GOMESP,2025-07-22,111418,1,11,0,163.0
10109872GOMESP_2025-07-22_G03,10109872GOMESP,2025-07-22,117785,1,1,0,68.0
10109872GOMESP_2025-07-22_G04,10109872GOMESP,2025-07-22,117831,1,4,0,63.0
10109872GOMESP_2025-07-22_G05,10109872GOMESP,2025-07-22,111469,1,4,0,134.0
10109872GOMESP_2025-07-22_G06,10109872GOMESP,2025-07-22,111466,1,8,0,33.0
10109872GOMESP_2025-07-22_G07,10109872GOMESP,2025-07-22,117830,1,2,0,141.0
10109872GOMESP_2025-07-22_G08,10109872GOMESP,2025-07-22,110373,1,10,0,153.0
10109872GOMESP_2025-07-22_G09,10109872GOMESP,2025-07-22,"110374, 107830",2,7,11,311.0
10109872GOMESP_2025-07-22_G10,10109872GOMESP,2025-07-22,110371,1,2,0,91.0
10109872GOMESP_2025-07-22_G11,10109872GOMESP,2025-07-22,118299,1,4,0,42.0
10109872GOMESP_2025-07-22_G12,10109872GOMESP,2025-07-22,110372,1,32,0,259.0
10109872GOMESP_2025-07-22_G13,10109872GOMESP,2025-07-22,117808,1,18,0,417.0
10109872GOMESP_2025-07-22_G14,10109872GOMESP,2025-07-22,111463,1,6,0,713.0
10109872GOMESP_2025-07-22_G15,10109872GOMESP,2025-07-22,111743,1,4,0,285.0
10109872GOMESP_2025-07-22_G16,10109872GOMESP,2025-07-22,118222,1,4,0,353.0
10109872GOMESP_2025-07-22_G17,10109872GOMESP,2025-07-22,111463,1,8,0,84.0
10109872GOMESP_2025-07-22_G18,10109872GOMESP,2025-07-22,111463,1,22,0,110.0
10109872GOMESP_2025-07-22_G19,10109872GOMESP,2025-07-22,111462,1,1,0,154.0
10109872GOMESP_2025-07-22_G20,10109872GOMESP,2025-07-22,117831,1,8,0,140.0
10109872GOMESP_2025-07-22_G21,10109872GOMESP,2025-07-22,111469,1,2,0,76.0
10109872GOMESP_2025-07-22_G22,10109872GOMESP,2025-07-22,111466,1,18,0,261.0
10109872GOMESP_2025-07-22_G23,10109872GOMESP,2025-07-22,117830,1,2,0,255.0
10109872GOMESP_2025-07-22_G24,10109872GOMESP,2025-07-22,110373,1,14,0,169.0
10109872GOMESP_2025-07-22_G25,10109872GOMESP,2025-07-22,"110374, 107830",2,11,11,234.0
10109872GOMESP_2025-07-22_G26,10109872GOMESP,2025-07-22,118299,1,2,0,81.0
10109872GOMESP_2025-07-22_G27,10109872GOMESP,2025-07-22,117820,1,6,0,178.0
10109872GOMESP_2025-07-22_G28,10109872GOMESP,2025-07-22,110372,1,43,0,859.0
10109872GOMESP_2025-07-22_G29,10109872GOMESP,2025-07-22,117808,1,31,0,264.0
10109872GOMESP_2025-07-22_G30,10109872GOMESP,2025-07-22,117855,1,4,0,196.0
10109872GOMESP_2025-07-22_G31,10109872GOMESP,2025-07-22,117855,1,8,0,81.0
10109872GOMESP_2025-07-22_G32,10109872GOMESP,2025-07-22,111462,1,15,0,742.0
10109872GOMESP_2025-07-22_G33,10109872GOMESP,2025-07-22,117831,1,8,0,149.0
10109872GOMESP_2025-07-22_G34,10109872GOMESP,2025-07-22,111463,1,25,0,51.0
10109872GOMESP_2025-07-22_G35,10109872GOMESP,2025-07-22,117855,1,19,0,1298.0
10109872GOMESP_2025-07-22_G36,10109872GOMESP,2025-07-22,111530,1,27,0,325.0
10109872GOMESP_2025-07-22_G37,10109872GOMESP,2025-07-22,109643,1,5,0,124.0
10109872GOMESP_2025-07-22_G38,10109872GOMESP,2025-07-22,"110373, 110374",2,4,30,100.0
10109872GOMESP_2025-07-22_G39,10109872GOMESP,2025-07-22,"118299, 110372",2,29,10,126.0
10109872GOMESP_2025-07-22_G40,10109872GOMESP,2025-07-22,117808,1,1394,0,1802.0
10109872GOMESP_2025-07-22_G42,10109872GOMESP,2025-07-22,110374,1,4,0,69.0
10109872GOMESP_2025-07-22_G43,10109872GOMESP,2025-07-22,117822,1,2,0,96.0
10109872GOMESP_2025-07-22_G44,10109872GOMESP,2025-07-22,117862,1,2,0,87.0
10109872GOMESP_2025-07-22_G45,10109872GOMESP,2025-07-22,108361,1,2,0,73.0
10109872GOMESP_2025-07-22_G46,10109872GOMESP,2025-07-22,118222,1,20,0,2008.0
10109872GOMESP_2025-07-22_G47,10109872GOMESP,2025-07-22,110742,1,20,0,573.0
10109872GOMESP_2025-07-22_G48,10109872GOMESP,2025-07-22,111463,1,130,0,1036.0
10109872GOMESP_2025-07-22_G49,10109872GOMESP,2025-07-22,107263,1,4,0,281.0
10109872GOMESP_2025-07-22_G50,10109872GOMESP,2025-07-22,111532,1,110,0,532.0
10109872GOMESP_2025-07-22_G51,10109872GOMESP,2025-07-22,111330,1,4,0,250.0
10109872GOMESP_2025-07-22_G52,10109872GOMESP,2025-07-22,111466,1,110,0,218.0
10109872GOMESP_2025-07-22_G53,10109872GOMESP,2025-07-22,110313,1,20,0,736.0
10109872GOMESP_2025-07-22_G54,10109872GOMESP,2025-07-22,117855,1,145,0,328.0
10109872GOMESP_2025-07-22_G55,10109872GOMESP,2025-07-22,118222,1,25,0,452.0
10109872GOMESP_2025-07-22_G56,10109872GOMESP,2025-07-22,111851,1,2,0,502.0
10109872GOMESP_2025-07-22_G57,10109872GOMESP,2025-07-22,117862,1,9,0,206.0
10109872GOMESP_2025-07-22_G58,10109872GOMESP,2025-07-22,117855,1,17,0,231.0
10109872GOMESP_2025-07-22_G59,10109872GOMESP,2025-07-22,110711,1,25,0,222.0
10109872GOMESP_2025-07-22_G60,10109872GOMESP,2025-07-22,111463,1,80,0,127.0
10109872GOMESP_2025-07-22_G61,10109872GOMESP,2025-07-22,111462,1,40,0,1978.0
10109872GOMESP_2025-07-23_G02,10109872GOMESP,2025-07-23,111660,1,8,0,280.0
10109872GOMESP_2025-07-23_G03,10109872GOMESP,2025-07-23,111530,1,50,0,619.0
10109872GOMESP_2025-07-23_G04,10109872GOMESP,2025-07-23,111330,1,12,0,374.0
10109872GOMESP_2025-07-23_G05,10109872GOMESP,2025-07-23,141823,1,8,0,257.0
10109872GOMESP_2025-07-23_G06,10109872GOMESP,2025-07-23,111602,1,60,0,93.0
10109872GOMESP_2025-07-23_G07,10109872GOMESP,2025-07-23,110515,1,60,0,409.0
10109872GOMESP_2025-07-23_G08,10109872GOMESP,2025-07-23,118299,1,200,0,476.0
10109872GOMESP_2025-07-23_G09,10109872GOMESP,2025-07-23,111792,1,2,0,340.0
10109872GOMESP_2025-07-23_G10,10109872GOMESP,2025-07-23,117855,1,4,0,191.0
10109872GOMESP_2025-07-23_G11,10109872GOMESP,2025-07-23,141823,2,21,22,133.0
10109872GOMESP_2025-07-23_G12,10109872GOMESP,2025-07-23,111569,1,2,0,262.0
10109872GOMESP_2025-07-23_G13,10109872GOMESP,2025-07-23,118223,1,8,0,118.0
10109872GOMESP_2025-07-23_G14,10109872GOMESP,2025-07-23,111754,1,45,0,1288.0
10109872GOMESP_2025-07-23_G15,10109872GOMESP,2025-07-23,114092,1,4,0,326.0
10109872GOMESP_2025-07-23_G16,10109872GOMESP,2025-07-23,118229,1,4,0,341.0
10109872GOMESP_2025-07-23_G17,10109872GOMESP,2025-07-23,117841,1,6,0,177.0
10109872GOMESP_2025-07-23_G18,10109872GOMESP,2025-07-23,111434,1,3,0,188.0
10109872GOMESP_2025-07-23_G19,10109872GOMESP,2025-07-23,118222,1,16,0,850.0
10109872GOMESP_2025-07-23_G20,10109872GOMESP,2025-07-23,110313,1,6,0,396.0
10109872GOMESP_2025-07-23_G21,10109872GOMESP,2025-07-23,141047,1,15,0,123.0
10109872GOMESP_2025-07-23_G22,10109872GOMESP,2025-07-23,108772,1,6,0,156.0
10109872GOMESP_2025-07-23_G23,10109872GOMESP,2025-07-23,111172,1,10,0,592.0
10109872GOMESP_2025-07-23_G24,10109872GOMESP,2025-07-23,109645,1,8,0,1148.0
10109872GOMESP_2025-07-23_G25,10109872GOMESP,2025-07-23,110787,1,5,0,83.0
10109872GOMESP_2025-07-23_G26,10109872GOMESP,2025-07-23,110371,1,20,0,228.0
10109872GOMESP_2025-07-23_G27,10109872GOMESP,2025-07-23,111876,1,12,0,429.0
10109872GOMESP_2025-07-23_G28,10109872GOMESP,2025-07-23,107830,1,3,0,88.0
10109872GOMESP_2025-07-23_G29,10109872GOMESP,2025-07-23,109643,1,6,0,325.0
10109872GOMESP_2025-07-23_G30,10109872GOMESP,2025-07-23,110374,1,12,0,175.0
10109872GOMESP_2025-07-23_G31,10109872GOMESP,2025-07-23,118140,1,16,0,146.0
10109872GOMESP_2025-07-23_G32,10109872GOMESP,2025-07-23,111469,1,8,0,153.0
10109872GOMESP_2025-07-23_G33,10109872GOMESP,2025-07-23,117830,1,4,0,780.0
10109872GOMESP_2025-07-23_G34,10109872GOMESP,2025-07-23,118299,1,4,0,141.0
10109872GOMESP_2025-07-23_G35,10109872GOMESP,2025-07-23,110373,1,7,0,95.0
10109872GOMESP_2025-07-23_G36,10109872GOMESP,2025-07-23,110372,1,13,0,73.0
10109872GOMESP_2025-07-23_G37,10109872GOMESP,2025-07-23,117808,1,63,0,593.0
10109872GOMESP_2025-07-23_G38,10109872GOMESP,2025-07-23,109649,1,4,0,420.0
10109872GOMESP_2025-07-23_G40,10109872GOMESP,2025-07-23,117835,1,2,0,101.0
10109872GOMESP_2025-07-23_G41,10109872GOMESP,2025-07-23,117862,1,4,0,137.0
10109872GOMESP_2025-07-23_G42,10109872GOMESP,2025-07-23,117856,1,2,0,74.0
10109872GOMESP_2025-07-23_G43,10109872GOMESP,2025-07-23,111418,1,12,0,201.0
10109872GOMESP_2025-07-23_G44,10109872GOMESP,2025-07-23,118222,1,4,0,78.0
10109872GOMESP_2025-07-23_G45,10109872GOMESP,2025-07-23,111462,1,4,0,144.0
10109872GOMESP_2025-07-23_G46,10109872GOMESP,2025-07-23,117821,1,4,0,54.0
10109872GOMESP_2025-07-23_G47,10109872GOMESP,2025-07-23,111444,1,3,0,97.0
10109872GOMESP_2025-07-23_G48,10109872GOMESP,2025-07-23,111469,1,9,0,89.0
10109872GOMESP_2025-07-23_G49,10109872GOMESP,2025-07-23,110373,1,9,0,99.0
10109872GOMESP_2025-07-23_G50,10109872GOMESP,2025-07-23,111463,1,4,0,239.0
10109872GOMESP_2025-07-23_G51,10109872GOMESP,2025-07-23,118222,1,4,0,716.0
10109872GOMESP_2025-07-23_G52,10109872GOMESP,2025-07-23,111778,1,2,0,175.0
10109872GOMESP_2025-07-23_G53,10109872GOMESP,2025-07-23,111569,1,4,0,241.0
10109872GOMESP_2025-07-23_G54,10109872GOMESP,2025-07-23,118306,1,4,0,109.0
10109872GOMESP_2025-07-23_G55,10109872GOMESP,2025-07-23,110741,1,4,0,126.0
10109872GOMESP_2025-07-23_G56,10109872GOMESP,2025-07-23,141047,1,4,0,74.0
10109872GOMESP_2025-07-23_G57,10109872GOMESP,2025-07-23,110515,1,2,0,115.0
10109872GOMESP_2025-07-23_G58,10109872GOMESP,2025-07-23,111463,1,14,0,221.0
10109872GOMESP_2025-07-23_G59,10109872GOMESP,2025-07-23,111418,1,14,0,234.0
10109872GOMESP_2025-07-23_G60,10109872GOMESP,2025-07-23,117787,1,4,0,100.0
10109872GOMESP_2025-07-23_G61,10109872GOMESP,2025-07-23,108794,1,10,0,83.0
10109872GOMESP_2025-07-23_G62,10109872GOMESP,2025-07-23,111444,1,4,0,63.0
10109872GOMESP_2025-07-23_G63,10109872GOMESP,2025-07-23,111469,1,4,0,60.0
10109872GOMESP_2025-07-23_G64,10109872GOMESP,2025-07-23,111743,1,4,0,231.0
10109872GOMESP_2025-07-23_G65,10109872GOMESP,2025-07-23,111569,1,2,0,201.0
10109872GOMESP_2025-07-23_G66,10109872GOMESP,2025-07-23,111441,1,1,0,50.0
10109872GOMESP_2025-07-23_G67,10109872GOMESP,2025-07-23,108759,1,4,0,123.0
10109872GOMESP_2025-07-23_G68,10109872GOMESP,2025-07-23,107629,1,2,0,95.0
10109872GOMESP_2025-07-23_G69,10109872GOMESP,2025-07-23,117786,1,6,0,74.0
10109872GOMESP_2025-07-23_G70,10109872GOMESP,2025-07-23,110711,1,11,0,187.0
10109872GOMESP_2025-07-23_G71,10109872GOMESP,2025-07-23,111602,1,15,0,301.0
10109872GOMESP_2025-07-23_G72,10109872GOMESP,2025-07-23,110515,1,8,0,105.0
10109872GOMESP_2025-07-23_G73,10109872GOMESP,2025-07-23,117935,1,3,0,59.0
10109872GOMESP_2025-07-23_G74,10109872GOMESP,2025-07-23,111530,1,8,0,179.0
10109872GOMESP_2025-07-23_G75,10109872GOMESP,2025-07-23,111418,1,16,0,426.0
10109872GOMESP_2025-07-23_G76,10109872GOMESP,2025-07-23,111462,1,8,0,195.0
10109872GOMESP_2025-07-23_G77,10109872GOMESP,2025-07-23,111466,1,17,0,210.0
10109872GOMESP_2025-07-23_G78,10109872GOMESP,2025-07-23,109645,1,2,0,85.0
10109872GOMESP_2025-07-23_G79,10109872GOMESP,2025-07-23,111743,1,8,0,507.0
10109872GOMESP_2025-07-23_G80,10109872GOMESP,2025-07-23,109649,1,2,0,1123.0
10109872GOMESP_2025-07-23_G81,10109872GOMESP,2025-07-23,111463,1,24,0,188.0
10109872GOMESP_2025-07-24_G02,10109872GOMESP,2025-07-24,160051,1,4,0,455.0
10109872GOMESP_2025-07-24_G03,10109872GOMESP,2025-07-24,111418,1,220,0,1019.0
10109872GOMESP_2025-07-24_G04,10109872GOMESP,2025-07-24,117808,1,1000,0,2621.0
10109872GOMESP_2025-07-24_G05,10109872GOMESP,2025-07-24,117808,1,450,0,796.0
10109872GOMESP_2025-07-24_G06,10109872GOMESP,2025-07-24,110372,1,200,0,271.0
10109872GOMESP_2025-07-24_G07,10109872GOMESP,2025-07-24,110313,1,20,0,415.0
10109872GOMESP_2025-07-25_G02,10109872GOMESP,2025-07-25,110373,1,100,0,188.0
10109872GOMESP_2025-07-25_G03,10109872GOMESP,2025-07-25,117808,1,600,0,1327.0
10109872GOMESP_2025-07-25_G04,10109872GOMESP,2025-07-25,117785,1,80,0,491.0
10109872GOMESP_2025-07-25_G05,10109872GOMESP,2025-07-25,111466,1,100,0,228.0
10109872GOMESP_2025-07-25_G06,10109872GOMESP,2025-07-25,109643,1,40,0,1683.0
10109872GOMESP_2025-07-25_G07,10109872GOMESP,2025-07-25,117832,1,100,0,295.0
10109872GOMESP_2025-07-25_G08,10109872GOMESP,2025-07-25,118299,1,400,0,1231.0
10109872GOMESP_2025-07-25_G09,10109872GOMESP,2025-07-25,110376,1,9,0,148.0
10109872GOMESP_2025-07-25_G10,10109872GOMESP,2025-07-25,110371,1,100,0,268.0
10109872GOMESP_2025-07-25_G11,10109872GOMESP,2025-07-25,110325,1,10,0,809.0
10109872GOMESP_2025-07-25_G12,10109872GOMESP,2025-07-25,117832,1,20,0,106.0
10109872GOMESP_2025-07-25_G13,10109872GOMESP,2025-07-25,117809,1,30,0,161.0
10109872GOMESP_2025-07-25_G14,10109872GOMESP,2025-07-25,118299,1,150,0,526.0
10109872GOMESP_2025-07-26_G02,10109872GOMESP,2025-07-26,118222,1,1,0,246.0
10109872GOMESP_2025-07-26_G03,10109872GOMESP,2025-07-26,110895,1,3,0,274.0
10109872GOMESP_2025-07-26_G04,10109872GOMESP,2025-07-26,111660,1,1,0,83.0
10109872GOMESP_2025-07-26_G05,10109872GOMESP,2025-07-26,110325,1,4,0,212.0
10109872GOMESP_2025-07-26_G06,10109872GOMESP,2025-07-26,107830,1,2,0,93.0
10109872GOMESP_2025-07-26_G07,10109872GOMESP,2025-07-26,110371,1,8,0,100.0
10109872GOMESP_2025-07-26_G08,10109872GOMESP,2025-07-26,110373,1,16,0,155.0
10109872GOMESP_2025-07-26_G09,10109872GOMESP,2025-07-26,110374,1,4,0,58.0
10109872GOMESP_2025-07-26_G10,10109872GOMESP,2025-07-26,"117820, 118299",2,14,26,70.0
10109872GOMESP_2025-07-26_G11,10109872GOMESP,2025-07-26,110372,1,8,0,149.0
10109872GOMESP_2025-07-26_G12,10109872GOMESP,2025-07-26,117808,1,8,0,97.0
10109872GOMESP_2025-07-26_G13,10109872GOMESP,2025-07-26,111850,1,8,0,681.0
10109872GOMESP_2025-07-26_G14,10109872GOMESP,2025-07-26,111467,1,10,0,269.0
10109872GOMESP_2025-07-26_G15,10109872GOMESP,2025-07-26,110376,1,24,0,189.0
10109872GOMESP_2025-07-26_G16,10109872GOMESP,2025-07-26,141202,1,1,0,54.0
10109872GOMESP_2025-07-26_G17,10109872GOMESP,2025-07-26,141202,1,15,0,158.0
10109872GOMESP_2025-07-26_G18,10109872GOMESP,2025-07-26,109933,1,2,0,496.0
10109872GOMESP_2025-07-26_G19,10109872GOMESP,2025-07-26,111112,1,1,0,284.0
10109872GOMESP_2025-07-26_G20,10109872GOMESP,2025-07-26,117808,1,10,0,314.0
10109872GOMESP_2025-07-26_G21,10109872GOMESP,2025-07-26,118222,1,24,0,2734.0
10109872GOMESP_2025-07-26_G22,10109872GOMESP,2025-07-26,110742,1,2,0,265.0
10109872GOMESP_2025-07-26_G23,10109872GOMESP,2025-07-26,111569,1,4,0,158.0
10109872GOMESP_2025-07-26_G24,10109872GOMESP,2025-07-26,110747,1,13,0,128.0
10109872GOMESP_2025-07-26_G25,10109872GOMESP,2025-07-26,107254,1,2,0,114.0
10109872GOMESP_2025-07-26_G26,10109872GOMESP,2025-07-26,100334,1,4,0,95.0
10109872GOMESP_2025-07-26_G27,10109872GOMESP,2025-07-26,117835,1,10,0,201.0
10109872GOMESP_2025-07-26_G28,10109872GOMESP,2025-07-26,110895,1,8,0,109.0
10109872GOMESP_2025-07-26_G29,10109872GOMESP,2025-07-26,110895,1,11,0,89.0
10109872GOMESP_2025-07-26_G30,10109872GOMESP,2025-07-26,140922,1,7,0,616.0
10109872GOMESP_2025-07-26_G31,10109872GOMESP,2025-07-26,111532,1,10,0,82.0
10109872GOMESP_2025-07-26_G32,10109872GOMESP,2025-07-26,111469,1,26,0,156.0
10109872GOMESP_2025-07-26_G33,10109872GOMESP,2025-07-26,109641,1,6,0,93.0
10109872GOMESP_2025-07-26_G34,10109872GOMESP,2025-07-26,111462,1,23,0,372.0
10109872GOMESP_2025-07-26_G35,10109872GOMESP,2025-07-26,118140,1,7,0,92.0
10109872GOMESP_2025-07-26_G36,10109872GOMESP,2025-07-26,111442,1,2,0,86.0
10109872GOMESP_2025-07-26_G37,10109872GOMESP,2025-07-26,"110740, 111465",2,21,29,222.0
10109872GOMESP_2025-07-26_G38,10109872GOMESP,2025-07-26,118299,1,1490,0,2281.0
10109872GOMESP_2025-07-26_G40,10109872GOMESP,2025-07-26,"117861, 141047",2,6,17,82.0
10109872GOMESP_2025-07-26_G41,10109872GOMESP,2025-07-26,109647,1,1,0,46.0
10109872GOMESP_2025-07-26_G42,10109872GOMESP,2025-07-26,117855,1,2,0,44.0
10109872GOMESP_2025-07-26_G43,10109872GOMESP,2025-07-26,110515,2,4,5,73.0
10109872GOMESP_2025-07-26_G44,10109872GOMESP,2025-07-26,111569,1,4,0,107.0
10109872GOMESP_2025-07-26_G45,10109872GOMESP,2025-07-26,"117836, 111441",2,6,11,104.0
10109872GOMESP_2025-07-26_G46,10109872GOMESP,2025-07-26,117821,2,6,7,74.0
10109872GOMESP_2025-07-26_G47,10109872GOMESP,2025-07-26,110745,1,2,0,94.0
10109872GOMESP_2025-07-26_G48,10109872GOMESP,2025-07-26,111469,1,12,0,101.0
10109872GOMESP_2025-07-26_G49,10109872GOMESP,2025-07-26,109641,1,2,0,31.0
10109872GOMESP_2025-07-26_G50,10109872GOMESP,2025-07-26,109645,1,4,0,54.0
10109872GOMESP_2025-07-26_G51,10109872GOMESP,2025-07-26,111462,1,6,0,102.0
10109872GOMESP_2025-07-26_G52,10109872GOMESP,2025-07-26,118140,1,4,0,133.0
10109872GOMESP_2025-07-26_G53,10109872GOMESP,2025-07-26,117785,1,4,0,137.0
10109872GOMESP_2025-07-26_G54,10109872GOMESP,2025-07-26,108794,1,3,0,47.0
10109872GOMESP_2025-07-26_G55,10109872GOMESP,2025-07-26,110582,1,1,0,380.0
10109872GOMESP_2025-07-26_G56,10109872GOMESP,2025-07-26,110372,1,4,0,79.0
10109872GOMESP_2025-07-26_G57,10109872GOMESP,2025-07-26,118222,1,4,0,234.0
10109872GOMESP_2025-07-26_G58,10109872GOMESP,2025-07-26,111447,1,4,0,195.0
10109872GOMESP_2025-07-26_G59,10109872GOMESP,2025-07-26,109641,1,8,0,250.0
10109872GOMESP_2025-07-26_G60,10109872GOMESP,2025-07-26,118140,1,2,0,84.0
10109872GOMESP_2025-07-26_G61,10109872GOMESP,2025-07-26,108798,1,5,0,2458.0
10109872GOMESP_2025-07-26_G62,10109872GOMESP,2025-07-26,111462,1,16,0,137.0
10109872GOMESP_2025-07-26_G63,10109872GOMESP,2025-07-26,118140,1,14,0,103.0
10109872GOMESP_2025-07-26_G64,10109872GOMESP,2025-07-26,108794,1,2,0,80.0
10109872GOMESP_2025-07-26_G65,10109872GOMESP,2025-07-26,111468,1,16,0,189.0
10109872GOMESP_2025-07-26_G66,10109872GOMESP,2025-07-26,110515,1,19,0,271.0
10109872GOMESP_2025-07-28_G02,10109872GOMESP,2025-07-28,111443,1,3,0,341.0
10109872GOMESP_2025-07-28_G04,10109872GOMESP,2025-07-28,111418,1,90,0,439.0
10109872GOMESP_2025-07-28_G05,10109872GOMESP,2025-07-28,108711,1,10,0,682.0
10109872GOMESP_2025-07-28_G06,10109872GOMESP,2025-07-28,118298,1,11,0,113.0
10109872GOMESP_2025-07-28_G07,10109872GOMESP,2025-07-28,117862,1,20,0,190.0
10109872GOMESP_2025-07-28_G08,10109872GOMESP,2025-07-28,117861,1,10,0,110.0
10109872GOMESP_2025-07-28_G09,10109872GOMESP,2025-07-28,111532,1,10,0,127.0
10109872GOMESP_2025-07-28_G10,10109872GOMESP,2025-07-28,111469,1,10,0,102.0
10109872GOMESP_2025-07-28_G11,10109872GOMESP,2025-07-28,107830,1,10,0,455.0
10109872GOMESP_2025-07-28_G12,10109872GOMESP,2025-07-28,111462,1,30,0,195.0
10109872GOMESP_2025-07-28_G13,10109872GOMESP,2025-07-28,118140,1,30,0,338.0
10109872GOMESP_2025-07-28_G14,10109872GOMESP,2025-07-28,118317,1,16,0,128.0
10109872GOMESP_2025-07-28_G15,10109872GOMESP,2025-07-28,141823,1,10,0,86.0
10109872GOMESP_2025-07-28_G16,10109872GOMESP,2025-07-28,"117822, 110375",2,60,13,49.0
10109872GOMESP_2025-07-28_G17,10109872GOMESP,2025-07-28,"110332, 111465",2,13,20,160.0
10109872GOMESP_2025-07-28_G18,10109872GOMESP,2025-07-28,117808,1,1239,0,2241.0
10109872GOMESP_2025-07-28_G19,10109872GOMESP,2025-07-28,117808,1,242,0,478.0
10109872GOMESP_2025-07-28_G20,10109872GOMESP,2025-07-28,160054,1,8,0,195.0
10109872GOMESP_2025-07-28_G21,10109872GOMESP,2025-07-28,160051,1,2,0,157.0
10109872GOMESP_2025-07-28_G22,10109872GOMESP,2025-07-28,110787,1,30,0,295.0
10109872GOMESP_2025-07-28_G23,10109872GOMESP,2025-07-28,160055,1,2,0,70.0
10109872GOMESP_2025-07-28_G24,10109872GOMESP,2025-07-28,160057,1,4,0,56.0
10109872GOMESP_2025-07-28_G25,10109872GOMESP,2025-07-28,118290,1,2,0,475.0
10109872GOMESP_2025-07-29_G02,10109872GOMESP,2025-07-29,109640,1,3,0,107.0
10109872GOMESP_2025-07-29_G03,10109872GOMESP,2025-07-29,141457,1,4,0,74.0
10109872GOMESP_2025-07-29_G04,10109872GOMESP,2025-07-29,141458,1,4,0,264.0
10109872GOMESP_2025-07-29_G05,10109872GOMESP,2025-07-29,110787,1,12,0,104.0
10109872GOMESP_2025-07-29_G06,10109872GOMESP,2025-07-29,118222,1,4,0,339.0
10109872GOMESP_2025-07-29_G07,10109872GOMESP,2025-07-29,141456,1,100,0,101.0
10109872GOMESP_2025-07-29_G08,10109872GOMESP,2025-07-29,141458,1,80,0,1912.0
10109872GOMESP_2025-07-29_G09,10109872GOMESP,2025-07-29,141457,1,180,0,1530.0
10109872GOMESP_2025-07-29_G10,10109872GOMESP,2025-07-29,110373,1,13,0,220.0
10109872GOMESP_2025-07-29_G11,10109872GOMESP,2025-07-29,118299,1,27,0,391.0
10109872GOMESP_2025-07-29_G12,10109872GOMESP,2025-07-29,107236,1,31,0,873.0
10109872GOMESP_2025-07-29_G13,10109872GOMESP,2025-07-29,141456,1,16,0,446.0
10109872GOMESP_2025-07-29_G14,10109872GOMESP,2025-07-29,141458,1,16,0,279.0
10109872GOMESP_2025-07-29_G15,10109872GOMESP,2025-07-29,141457,1,12,0,126.0
10109872GOMESP_2025-07-29_G16,10109872GOMESP,2025-07-29,109640,1,4,0,413.0
10109872GOMESP_2025-07-29_G17,10109872GOMESP,2025-07-29,141456,1,26,0,471.0
10109872GOMESP_2025-07-29_G18,10109872GOMESP,2025-07-29,141458,1,8,0,132.0
10109872GOMESP_2025-07-29_G19,10109872GOMESP,2025-07-29,141457,1,14,0,235.0
10109872GOMESP_2025-07-29_G20,10109872GOMESP,2025-07-29,141456,1,12,0,449.0
10109872GOMESP_2025-07-29_G21,10109872GOMESP,2025-07-29,141458,1,8,0,104.0
10109872GOMESP_2025-07-29_G22,10109872GOMESP,2025-07-29,141457,1,10,0,126.0
10109872GOMESP_2025-07-29_G23,10109872GOMESP,2025-07-29,141456,1,10,0,298.0
10109872GOMESP_2025-07-29_G24,10109872GOMESP,2025-07-29,141458,1,8,0,233.0
10109872GOMESP_2025-07-29_G25,10109872GOMESP,2025-07-29,109640,1,2,0,48.0
10109872GOMESP_2025-07-29_G26,10109872GOMESP,2025-07-29,141457,1,10,0,129.0
10109872GOMESP_2025-07-29_G27,10109872GOMESP,2025-07-29,110733,1,4,0,166.0
10109872GOMESP_2025-07-29_G28,10109872GOMESP,2025-07-29,110733,1,4,0,83.0
10109872GOMESP_2025-07-29_G29,10109872GOMESP,2025-07-29,141456,1,20,0,330.0
10109872GOMESP_2025-07-29_G30,10109872GOMESP,2025-07-29,141458,1,4,0,55.0
10109872GOMESP_2025-07-29_G31,10109872GOMESP,2025-07-29,117785,1,10,0,131.0
10109872GOMESP_2025-07-29_G32,10109872GOMESP,2025-07-29,141457,1,30,0,256.0
10109872GOMESP_2025-07-29_G33,10109872GOMESP,2025-07-29,118299,1,30,0,183.0
10109872GOMESP_2025-07-29_G34,10109872GOMESP,2025-07-29,110787,1,1,0,267.0
10109872GOMESP_2025-07-29_G35,10109872GOMESP,2025-07-29,117862,1,10,0,111.0
10109872GOMESP_2025-07-29_G36,10109872GOMESP,2025-07-29,117861,1,4,0,103.0
10109872GOMESP_2025-07-29_G37,10109872GOMESP,2025-07-29,141047,1,4,0,267.0
10109872GOMESP_2025-07-29_G38,10109872GOMESP,2025-07-29,109647,1,4,0,42.0
10109872GOMESP_2025-07-29_G39,10109872GOMESP,2025-07-29,111467,1,4,0,66.0
10109872GOMESP_2025-07-29_G40,10109872GOMESP,2025-07-29,111602,1,7,0,169.0
10109872GOMESP_2025-07-29_G41,10109872GOMESP,2025-07-29,109640,1,12,0,91.0
10109872GOMESP_2025-07-29_G42,10109872GOMESP,2025-07-29,111530,1,2,0,68.0
10109872GOMESP_2025-07-29_G43,10109872GOMESP,2025-07-29,110515,1,3,0,49.0
10109872GOMESP_2025-07-29_G44,10109872GOMESP,2025-07-29,108711,1,4,0,321.0
10109872GOMESP_2025-07-29_G45,10109872GOMESP,2025-07-29,117838,1,6,0,78.0
10109872GOMESP_2025-07-29_G46,10109872GOMESP,2025-07-29,109645,1,4,0,103.0
10109872GOMESP_2025-07-29_G47,10109872GOMESP,2025-07-29,117787,1,6,0,492.0
10109872GOMESP_2025-07-29_G48,10109872GOMESP,2025-07-29,107236,1,1,0,37.0
10109872GOMESP_2025-07-29_G49,10109872GOMESP,2025-07-29,141457,1,60,0,403.0
10109872GOMESP_2025-07-29_G50,10109872GOMESP,2025-07-29,117821,1,40,0,408.0
10109872GOMESP_2025-07-29_G52,10109872GOMESP,2025-07-29,110515,1,3,0,69.0
10109872GOMESP_2025-07-29_G53,10109872GOMESP,2025-07-29,141458,1,24,0,345.0
10109872GOMESP_2025-07-29_G54,10109872GOMESP,2025-07-29,110787,1,10,0,173.0
10109872GOMESP_2025-07-29_G55,10109872GOMESP,2025-07-29,110745,1,8,0,122.0
10109872GOMESP_2025-07-29_G56,10109872GOMESP,2025-07-29,141823,1,12,0,278.0
10109872GOMESP_2025-07-29_G57,10109872GOMESP,2025-07-29,110339,1,8,0,358.0
10109872GOMESP_2025-07-29_G58,10109872GOMESP,2025-07-29,109640,1,2,0,147.0
10109872GOMESP_2025-07-29_G59,10109872GOMESP,2025-07-29,109640,1,6,0,57.0
10109872GOMESP_2025-07-29_G60,10109872GOMESP,2025-07-29,111530,1,8,0,230.0
10109872GOMESP_2025-07-29_G61,10109872GOMESP,2025-07-29,110515,1,8,0,170.0
10109872GOMESP_2025-07-29_G62,10109872GOMESP,2025-07-29,141456,1,36,0,622.0
10109872GOMESP_2025-07-29_G63,10109872GOMESP,2025-07-29,141458,1,24,0,342.0
10109872GOMESP_2025-07-29_G64,10109872GOMESP,2025-07-29,110787,1,10,0,156.0
10109872GOMESP_2025-07-29_G65,10109872GOMESP,2025-07-29,141457,1,36,0,328.0
10109872GOMESP_2025-07-29_G66,10109872GOMESP,2025-07-29,110740,1,3,0,71.0
10109872GOMESP_2025-07-29_G67,10109872GOMESP,2025-07-29,111850,1,2,0,356.0
10109872GOMESP_2025-07-29_G68,10109872GOMESP,2025-07-29,111418,1,5,0,58.0
10109872GOMESP_2025-07-29_G69,10109872GOMESP,2025-07-29,111443,1,11,0,112.0
10109872GOMESP_2025-07-29_G70,10109872GOMESP,2025-07-29,108711,1,3,0,41.0
10109872GOMESP_2025-07-29_G71,10109872GOMESP,2025-07-29,110787,1,2,0,36.0
10109872GOMESP_2025-07-29_G72,10109872GOMESP,2025-07-29,111466,1,10,0,79.0
10109872GOMESP_2025-07-29_G73,10109872GOMESP,2025-07-29,140922,1,2,0,53.0
10109872GOMESP_2025-07-29_G74,10109872GOMESP,2025-07-29,111469,1,6,0,36.0
10109872GOMESP_2025-07-29_G75,10109872GOMESP,2025-07-29,109645,1,3,0,87.0
10109872GOMESP_2025-07-29_G76,10109872GOMESP,2025-07-29,111462,1,3,0,39.0
10109872GOMESP_2025-07-29_G77,10109872GOMESP,2025-07-29,118140,1,3,0,42.0
10109872GOMESP_2025-07-29_G78,10109872GOMESP,2025-07-29,110740,1,2,0,69.0
10109872GOMESP_2025-07-29_G79,10109872GOMESP,2025-07-29,111465,1,3,0,60.0
10109872GOMESP_2025-07-29_G80,10109872GOMESP,2025-07-29,109640,1,5,0,203.0
10109872GOMESP_2025-07-29_G81,10109872GOMESP,2025-07-29,111463,1,8,0,433.0
10109872GOMESP_2025-07-29_G82,10109872GOMESP,2025-07-29,111738,1,50,0,487.0
10109872GOMESP_2025-07-30_G02,10109872GOMESP,2025-07-30,117808,1,200,0,548.0
10109872GOMESP_2025-07-30_G03,10109872GOMESP,2025-07-30,141456,1,20,0,549.0
10109872GOMESP_2025-07-30_G04,10109872GOMESP,2025-07-30,111330,1,10,0,116.0
10109872GOMESP_2025-07-30_G05,10109872GOMESP,2025-07-30,141823,1,35,0,258.0
10109872GOMESP_2025-07-30_G06,10109872GOMESP,2025-07-30,141823,1,24,0,202.0
10109872GOMESP_2025-07-30_G07,10109872GOMESP,2025-07-30,141458,1,20,0,163.0
10109872GOMESP_2025-07-30_G08,10109872GOMESP,2025-07-30,110325,1,2,0,2187.0
10109872GOMESP_2025-07-30_G09,10109872GOMESP,2025-07-30,109643,1,4,0,53.0
10109872GOMESP_2025-07-30_G10,10109872GOMESP,2025-07-30,117830,1,8,0,81.0
10109872GOMESP_2025-07-30_G11,10109872GOMESP,2025-07-30,117809,1,36,0,467.0
10109872GOMESP_2025-07-30_G12,10109872GOMESP,2025-07-30,118299,1,327,0,388.0
10109872GOMESP_2025-07-30_G13,10109872GOMESP,2025-07-30,107830,1,8,0,323.0
10109872GOMESP_2025-07-30_G14,10109872GOMESP,2025-07-30,110371,1,40,0,389.0
10109872GOMESP_2025-07-30_G15,10109872GOMESP,2025-07-30,110373,1,15,0,119.0
10109872GOMESP_2025-07-30_G16,10109872GOMESP,2025-07-30,110374,1,8,0,57.0
10109872GOMESP_2025-07-30_G17,10109872GOMESP,2025-07-30,117820,1,20,0,134.0
10109872GOMESP_2025-07-30_G18,10109872GOMESP,2025-07-30,110372,1,63,0,346.0
10109872GOMESP_2025-07-30_G19,10109872GOMESP,2025-07-30,117808,1,355,0,1028.0
10109872GOMESP_2025-07-30_G20,10109872GOMESP,2025-07-30,111462,1,17,0,272.0
10109872GOMESP_2025-07-30_G21,10109872GOMESP,2025-07-30,118326,1,28,0,317.0
10109872GOMESP_2025-07-30_G22,10109872GOMESP,2025-07-30,107236,1,9,0,124.0
10109872GOMESP_2025-07-30_G23,10109872GOMESP,2025-07-30,114102,1,4,0,77.0
10109872GOMESP_2025-07-30_G24,10109872GOMESP,2025-07-30,110895,2,9,9,834.0
10109872GOMESP_2025-07-30_G25,10109872GOMESP,2025-07-30,108759,1,2,0,94.0
10109872GOMESP_2025-07-30_G26,10109872GOMESP,2025-07-30,108771,1,3,0,56.0
10109872GOMESP_2025-07-30_G27,10109872GOMESP,2025-07-30,111443,1,6,0,173.0
10109872GOMESP_2025-07-30_G28,10109872GOMESP,2025-07-30,108711,1,4,0,55.0
10109872GOMESP_2025-07-30_G29,10109872GOMESP,2025-07-30,110787,1,30,0,378.0
10109872GOMESP_2025-07-30_G30,10109872GOMESP,2025-07-30,140922,1,16,0,404.0
10109872GOMESP_2025-07-30_G31,10109872GOMESP,2025-07-30,111418,1,12,0,101.0
10109872GOMESP_2025-07-30_G32,10109872GOMESP,2025-07-30,111532,1,13,0,105.0
10109872GOMESP_2025-07-30_G33,10109872GOMESP,2025-07-30,118140,1,4,0,114.0
10109872GOMESP_2025-07-30_G34,10109872GOMESP,2025-07-30,118317,1,5,0,242.0
10109872GOMESP_2025-07-30_G35,10109872GOMESP,2025-07-30,111602,1,8,0,93.0
10109872GOMESP_2025-07-30_G36,10109872GOMESP,2025-07-30,117856,1,2,0,70.0
10109872GOMESP_2025-07-30_G37,10109872GOMESP,2025-07-30,111530,1,11,0,149.0
10109872GOMESP_2025-07-30_G39,10109872GOMESP,2025-07-30,117862,1,100,0,327.0
10109872GOMESP_2025-07-30_G40,10109872GOMESP,2025-07-30,114091,1,19,0,636.0
10109872GOMESP_2025-07-30_G41,10109872GOMESP,2025-07-30,110325,1,5,0,432.0
10109872GOMESP_2025-07-30_G42,10109872GOMESP,2025-07-30,109643,1,2,0,121.0
10109872GOMESP_2025-07-30_G43,10109872GOMESP,2025-07-30,110376,1,2,0,78.0
10109872GOMESP_2025-07-30_G44,10109872GOMESP,2025-07-30,110371,1,32,0,75.0
10109872GOMESP_2025-07-30_G45,10109872GOMESP,2025-07-30,110375,1,28,0,312.0
10109872GOMESP_2025-07-30_G46,10109872GOMESP,2025-07-30,110373,1,45,0,518.0
10109872GOMESP_2025-07-30_G47,10109872GOMESP,2025-07-30,110374,1,14,0,168.0
10109872GOMESP_2025-07-30_G48,10109872GOMESP,2025-07-30,108794,1,10,0,106.0
10109872GOMESP_2025-07-30_G49,10109872GOMESP,2025-07-30,110740,1,7,0,219.0
10109872GOMESP_2025-07-30_G50,10109872GOMESP,2025-07-30,111465,1,8,0,72.0
10109872GOMESP_2025-07-30_G51,10109872GOMESP,2025-07-30,117831,1,4,0,712.0
10109872GOMESP_2025-07-30_G52,10109872GOMESP,2025-07-30,117832,1,4,0,95.0
10109872GOMESP_2025-07-30_G53,10109872GOMESP,2025-07-30,117809,1,4,0,36.0
10109872GOMESP_2025-07-30_G54,10109872GOMESP,2025-07-30,109640,1,1,0,65.0
10109872GOMESP_2025-07-30_G55,10109872GOMESP,2025-07-30,110787,1,2,0,124.0
10109872GOMESP_2025-07-30_G56,10109872GOMESP,2025-07-30,109640,2,4,7,75.0
10109872GOMESP_2025-07-30_G57,10109872GOMESP,2025-07-30,141823,1,2,0,67.0
10109872GOMESP_2025-07-30_G58,10109872GOMESP,2025-07-30,110733,1,4,0,96.0
10109872GOMESP_2025-07-30_G59,10109872GOMESP,2025-07-30,118253,1,4,0,310.0
10109872GOMESP_2025-07-30_G60,10109872GOMESP,2025-07-30,111439,1,4,0,252.0
10109872GOMESP_2025-07-30_G61,10109872GOMESP,2025-07-30,110374,1,6,0,51.0
10109872GOMESP_2025-07-30_G62,10109872GOMESP,2025-07-30,117830,1,8,0,973.0
10109872GOMESP_2025-07-30_G63,10109872GOMESP,2025-07-30,117830,1,86,0,150.0
10109872GOMESP_2025-07-30_G64,10109872GOMESP,2025-07-30,118299,1,102,0,259.0
10109872GOMESP_2025-07-30_G65,10109872GOMESP,2025-07-30,118281,2,50,9,354.0
10109872GOMESP_2025-07-30_G66,10109872GOMESP,2025-07-30,117820,1,78,0,429.0
10109872GOMESP_2025-07-30_G67,10109872GOMESP,2025-07-30,118280,1,10,0,357.0
10109872GOMESP_2025-07-30_G68,10109872GOMESP,2025-07-30,110448,1,1,0,92.0
10109872GOMESP_2025-07-30_G69,10109872GOMESP,2025-07-30,111850,1,12,0,386.0
10109872GOMESP_2025-07-30_G70,10109872GOMESP,2025-07-30,111356,1,2,0,192.0
10109872GOMESP_2025-07-30_G71,10109872GOMESP,2025-07-30,117834,1,10,0,106.0
10109872GOMESP_2025-07-30_G72,10109872GOMESP,2025-07-30,108759,1,8,0,132.0
10109872GOMESP_2025-07-30_G73,10109872GOMESP,2025-07-30,118280,1,12,0,202.0
10109872GOMESP_2025-07-30_G74,10109872GOMESP,2025-07-30,141066,1,25,0,388.0
10109872GOMESP_2025-07-30_G75,10109872GOMESP,2025-07-30,140957,1,12,0,206.0
10109872GOMESP_2025-07-30_G76,10109872GOMESP,2025-07-30,117856,1,40,0,115.0
10109872GOMESP_2025-07-30_G77,10109872GOMESP,2025-07-30,110313,1,40,0,491.0
10109872GOMESP_2025-07-30_G78,10109872GOMESP,2025-07-30,117862,1,14,0,172.0
10109872GOMESP_2025-07-30_G79,10109872GOMESP,2025-07-30,141047,1,19,0,182.0
10109872GOMESP_2025-07-30_G80,10109872GOMESP,2025-07-30,117855,1,18,0,300.0
10109872GOMESP_2025-07-30_G81,10109872GOMESP,2025-07-30,110711,1,40,0,309.0
10109872GOMESP_2025-07-30_G82,10109872GOMESP,2025-07-30,111602,1,47,0,452.0
10109872GOMESP_2025-07-31_G02,10109872GOMESP,2025-07-31,118140,1,8,0,181.0
10109872GOMESP_2025-07-31_G03,10109872GOMESP,2025-07-31,107236,1,4,0,167.0
10109872GOMESP_2025-07-31_G04,10109872GOMESP,2025-07-31,141458,1,4,0,115.0
10109872GOMESP_2025-07-31_G05,10109872GOMESP,2025-07-31,110742,1,4,0,469.0
10109872GOMESP_2025-07-31_G06,10109872GOMESP,2025-07-31,111569,1,2,0,52.0
10109872GOMESP_2025-07-31_G07,10109872GOMESP,2025-07-31,111430,1,4,0,64.0
10109872GOMESP_2025-07-31_G08,10109872GOMESP,2025-07-31,110755,1,4,0,81.0
10109872GOMESP_2025-07-31_G09,10109872GOMESP,2025-07-31,111438,1,4,0,225.0
10109872GOMESP_2025-07-31_G10,10109872GOMESP,2025-07-31,111438,1,2,0,35.0
10109872GOMESP_2025-07-31_G11,10109872GOMESP,2025-07-31,110339,1,3,0,77.0
10109872GOMESP_2025-07-31_G12,10109872GOMESP,2025-07-31,111602,1,4,0,46.0
10109872GOMESP_2025-07-31_G13,10109872GOMESP,2025-07-31,117786,1,3,0,46.0
10109872GOMESP_2025-07-31_G14,10109872GOMESP,2025-07-31,"117856, 118094",2,5,28,41.0
10109872GOMESP_2025-07-31_G15,10109872GOMESP,2025-07-31,110313,1,7,0,68.0
10109872GOMESP_2025-07-31_G16,10109872GOMESP,2025-07-31,141047,1,4,0,65.0
10109872GOMESP_2025-07-31_G17,10109872GOMESP,2025-07-31,141047,2,8,7,46.0
10109872GOMESP_2025-07-31_G18,10109872GOMESP,2025-07-31,111467,3,6,10,62.0
10109872GOMESP_2025-07-31_G19,10109872GOMESP,2025-07-31,110711,2,4,5,67.0
10109872GOMESP_2025-07-31_G20,10109872GOMESP,2025-07-31,110515,2,6,11,311.0
10109872GOMESP_2025-07-31_G21,10109872GOMESP,2025-07-31,111435,1,4,0,180.0
10109872GOMESP_2025-07-31_G22,10109872GOMESP,2025-07-31,108711,2,7,5,85.0
10109872GOMESP_2025-07-31_G23,10109872GOMESP,2025-07-31,111418,2,15,6,117.0
10109872GOMESP_2025-07-31_G24,10109872GOMESP,2025-07-31,109641,1,2,0,125.0
10109872GOMESP_2025-07-31_G25,10109872GOMESP,2025-07-31,118140,3,14,10,43.0
10109872GOMESP_2025-07-31_G26,10109872GOMESP,2025-07-31,107236,1,4,0,189.0
10109872GOMESP_2025-07-31_G27,10109872GOMESP,2025-07-31,117785,1,2,0,40.0
10109872GOMESP_2025-07-31_G28,10109872GOMESP,2025-07-31,108794,2,8,6,49.0
10109872GOMESP_2025-07-31_G29,10109872GOMESP,2025-07-31,141823,2,4,4,73.0
10109872GOMESP_2025-07-31_G30,10109872GOMESP,2025-07-31,110740,2,6,5,63.0
10109872GOMESP_2025-07-31_G31,10109872GOMESP,2025-07-31,"141457, 111465",2,10,23,292.0
10109872GOMESP_2025-07-31_G32,10109872GOMESP,2025-07-31,"111743, 111463",3,12,41,292.0
10109872GOMESP_2025-07-31_G33,10109872GOMESP,2025-07-31,110745,1,2,0,238.0
10109872GOMESP_2025-07-31_G34,10109872GOMESP,2025-07-31,109649,1,2,0,458.0
10109872GOMESP_2025-07-31_G35,10109872GOMESP,2025-07-31,111463,1,15,0,181.0
10109872GOMESP_2025-07-31_G36,10109872GOMESP,2025-07-31,111172,1,18,0,650.0
10109872GOMESP_2025-07-31_G37,10109872GOMESP,2025-07-31,108795,1,6,0,69.0
10109872GOMESP_2025-07-31_G38,10109872GOMESP,2025-07-31,110743,1,6,0,196.0
10109872GOMESP_2025-07-31_G39,10109872GOMESP,2025-07-31,110787,2,6,5,118.0
10109872GOMESP_2025-07-31_G40,10109872GOMESP,2025-07-31,111466,1,8,0,45.0
10109872GOMESP_2025-07-31_G41,10109872GOMESP,2025-07-31,117821,1,3,0,75.0
10109872GOMESP_2025-07-31_G42,10109872GOMESP,2025-07-31,117831,1,6,0,95.0
10109872GOMESP_2025-07-31_G43,10109872GOMESP,2025-07-31,111418,1,20,0,139.0
10109872GOMESP_2025-07-31_G44,10109872GOMESP,2025-07-31,108798,1,4,0,58.0
10109872GOMESP_2025-07-31_G45,10109872GOMESP,2025-07-31,111532,1,20,0,155.0
10109872GOMESP_2025-07-31_G46,10109872GOMESP,2025-07-31,111469,1,20,0,274.0
10109872GOMESP_2025-07-31_G47,10109872GOMESP,2025-07-31,111462,1,2,0,99.0
10109872GOMESP_2025-07-31_G48,10109872GOMESP,2025-07-31,118140,1,30,0,403.0
10109872GOMESP_2025-07-31_G49,10109872GOMESP,2025-07-31,"117785, 108794",3,48,30,82.0
10109872GOMESP_2025-07-31_G50,10109872GOMESP,2025-07-31,141823,2,6,6,44.0
10109872GOMESP_2025-07-31_G51,10109872GOMESP,2025-07-31,111444,1,4,0,39.0
10109872GOMESP_2025-07-31_G52,10109872GOMESP,2025-07-31,141458,1,12,0,342.0
10109872GOMESP_2025-07-31_G53,10109872GOMESP,2025-07-31,141457,1,120,0,448.0
10109872GOMESP_2025-07-31_G54,10109872GOMESP,2025-07-31,141457,1,40,0,243.0
10109872GOMESP_2025-07-31_G55,10109872GOMESP,2025-07-31,111468,1,10,0,327.0
10109872GOMESP_2025-07-31_G56,10109872GOMESP,2025-07-31,111466,1,50,0,253.0
10109872GOMESP_2025-07-31_G57,10109872GOMESP,2025-07-31,118140,1,30,0,330.0
10109872GOMESP_2025-07-31_G58,10109872GOMESP,2025-07-31,111463,1,50,0,227.0
10109872GOMESP_2025-07-31_G59,10109872GOMESP,2025-07-31,110325,1,6,0,359.0
10109872GOMESP_2025-07-31_G60,10109872GOMESP,2025-07-31,118299,1,10,0,52.0
10109872GOMESP_2025-07-31_G61,10109872GOMESP,2025-07-31,110376,1,2,0,138.0
10109872GOMESP_2025-07-31_G62,10109872GOMESP,2025-07-31,110373,1,6,0,66.0
10109872GOMESP_2025-07-31_G63,10109872GOMESP,2025-07-31,110374,1,13,0,71.0
10109872GOMESP_2025-07-31_G64,10109872GOMESP,2025-07-31,117808,1,10,0,120.0
10109872GOMESP_2025-07-31_G65,10109872GOMESP,2025-07-31,117822,1,6,0,88.0
10109872GOMESP_2025-07-31_G66,10109872GOMESP,2025-07-31,108772,1,4,0,217.0
10109872GOMESP_2025-07-31_G68,10109872GOMESP,2025-07-31,100334,2,6,6,57.0
10109872GOMESP_2025-07-31_G69,10109872GOMESP,2025-07-31,111441,1,4,0,218.0
10109872GOMESP_2025-07-31_G70,10109872GOMESP,2025-07-31,117788,1,4,0,94.0
10109872GOMESP_2025-07-31_G71,10109872GOMESP,2025-07-31,111602,1,2,0,60.0
10109872GOMESP_2025-07-31_G72,10109872GOMESP,2025-07-31,117786,1,4,0,54.0
10109872GOMESP_2025-07-31_G73,10109872GOMESP,2025-07-31,118298,1,4,0,72.0
10109872GOMESP_2025-07-31_G74,10109872GOMESP,2025-07-31,117837,1,4,0,51.0
10109872GOMESP_2025-07-31_G75,10109872GOMESP,2025-07-31,"117862, 111530",2,4,16,45.0
10109872GOMESP_2025-07-31_G76,10109872GOMESP,2025-07-31,141047,1,3,0,95.0
10109872GOMESP_2025-07-31_G77,10109872GOMESP,2025-07-31,109647,2,5,5,57.0
10109872GOMESP_2025-07-31_G78,10109872GOMESP,2025-07-31,117855,1,2,0,56.0
10109872GOMESP_2025-07-31_G79,10109872GOMESP,2025-07-31,110515,1,2,0,105.0
10109872GOMESP_2025-07-31_G80,10109872GOMESP,2025-07-31,110733,1,8,0,147.0
10109872GOMESP_2025-07-31_G81,10109872GOMESP,2025-07-31,109643,2,5,7,431.0
10109872GOMESP_2025-07-31_G82,10109872GOMESP,2025-07-31,109643,1,16,0,62.0
10109872GOMESP_2025-07-31_G83,10109872GOMESP,2025-07-31,117832,1,4,0,59.0
10109872GOMESP_2025-07-31_G84,10109872GOMESP,2025-07-31,117809,1,5,0,42.0
10109872GOMESP_2025-07-31_G85,10109872GOMESP,2025-07-31,110325,1,4,0,142.0
10109872GOMESP_2025-07-31_G86,10109872GOMESP,2025-07-31,118299,1,28,0,190.0
10109872GOMESP_2025-07-31_G87,10109872GOMESP,2025-07-31,118299,1,4,0,44.0
10109872GOMESP_2025-07-31_G88,10109872GOMESP,2025-07-31,118299,2,32,13,57.0
10109872GOMESP_2025-07-31_G89,10109872GOMESP,2025-07-31,110371,1,2,0,216.0
10109872GOMESP_2025-07-31_G90,10109872GOMESP,2025-07-31,110374,1,3,0,76.0
10109872GOMESP_2025-07-31_G91,10109872GOMESP,2025-07-31,117808,2,75,7,135.0
10109872GOMESP_2025-07-31_G92,10109872GOMESP,2025-07-31,"117808, 117820",3,108,13,126.0
10109872GOMESP_2025-07-31_G93,10109872GOMESP,2025-07-31,117820,2,13,5,276.0
10109872GOMESP_2025-07-31_G94,10109872GOMESP,2025-07-31,110372,3,16,13,266.0
10109872GOMESP_2025-07-31_G95,10109872GOMESP,2025-07-31,118222,1,3,0,224.0
10109872GOMESP_2025-07-31_G96,10109872GOMESP,2025-07-31,109645,1,2,0,1200.0
10109872GOMESP_2025-07-31_G97,10109872GOMESP,2025-07-31,111462,1,4,0,203.0
10109872GOMESP_2025-07-31_G98,10109872GOMESP,2025-07-31,116241,2,8,8,88.0
10109872GOMESP_2025-07-31_G99,10109872GOMESP,2025-07-31,117785,2,6,6,97.0
10109872GOMESP_2025-07-31_G100,10109872GOMESP,2025-07-31,141457,1,20,0,140.0
10109872GOMESP_2025-07-31_G101,10109872GOMESP,2025-07-31,"111463, 111462",2,23,14,354.0
10109872GOMESP_2025-07-31_G102,10109872GOMESP,2025-07-31,111634,1,160,0,1115.0
10109872GOMESP_2025-07-31_G103,10109872GOMESP,2025-07-31,111740,1,80,0,368.0
10109872GOMESP_2025-07-31_G104,10109872GOMESP,2025-07-31,141262,1,400,0,1488.0
10109872GOMESP_2025-07-31_G105,10109872GOMESP,2025-07-31,111722,1,20,0,205.0
10109872GOMESP_2025-07-31_G106,10109872GOMESP,2025-07-31,118191,1,700,0,875.0
10109872GOMESP_2025-07-31_G107,10109872GOMESP,2025-07-31,111751,1,40,0,605.0
10109872GOMESP_2025-08-04_G02,10109872GOMESP,2025-08-04,111751,1,97,0,430.0
10109872GOMESP_2025-08-04_G03,10109872GOMESP,2025-08-04,141262,1,85,0,916.0
10109872GOMESP_2025-08-04_G04,10109872GOMESP,2025-08-04,110371,1,24,0,153.0
10109872GOMESP_2025-08-04_G05,10109872GOMESP,2025-08-04,110374,3,29,20,245.0
10109872GOMESP_2025-08-04_G06,10109872GOMESP,2025-08-04,111740,1,50,0,1242.0
10109872GOMESP_2025-08-04_G07,10109872GOMESP,2025-08-04,110711,1,9,0,490.0
10109872GOMESP_2025-08-04_G08,10109872GOMESP,2025-08-04,110711,2,6,12,81.0
10109872GOMESP_2025-08-04_G09,10109872GOMESP,2025-08-04,111752,1,25,0,664.0
10109872GOMESP_2025-08-04_G10,10109872GOMESP,2025-08-04,111736,2,36,11,383.0
10109872GOMESP_2025-08-04_G11,10109872GOMESP,2025-08-04,111467,3,8,13,226.0
10109872GOMESP_2025-08-04_G12,10109872GOMESP,2025-08-04,110515,2,21,9,147.0
10109872GOMESP_2025-08-04_G13,10109872GOMESP,2025-08-04,111466,2,58,17,619.0
10109872GOMESP_2025-08-04_G14,10109872GOMESP,2025-08-04,111739,1,5,0,1090.0
10109872GOMESP_2025-08-04_G15,10109872GOMESP,2025-08-04,111466,1,400,0,2656.0
10109872GOMESP_2025-08-05_G02,10109872GOMESP,2025-08-05,111876,1,20,0,354.0
10109872GOMESP_2025-08-05_G03,10109872GOMESP,2025-08-05,140957,1,1,0,53.0
10109872GOMESP_2025-08-05_G04,10109872GOMESP,2025-08-05,"111650, 110750",2,9,15,301.0
10109872GOMESP_2025-08-05_G05,10109872GOMESP,2025-08-05,109640,1,40,0,138.0
10109872GOMESP_2025-08-05_G06,10109872GOMESP,2025-08-05,108772,1,78,0,572.0
10109872GOMESP_2025-08-05_G07,10109872GOMESP,2025-08-05,105242,1,8,0,336.0
10109872GOMESP_2025-08-05_G08,10109872GOMESP,2025-08-05,110753,1,8,0,101.0
10109872GOMESP_2025-08-05_G09,10109872GOMESP,2025-08-05,117834,1,20,0,282.0
10109872GOMESP_2025-08-05_G10,10109872GOMESP,2025-08-05,109873,1,2,0,52.0
10109872GOMESP_2025-08-05_G11,10109872GOMESP,2025-08-05,111861,1,6,0,94.0
10109872GOMESP_2025-08-05_G12,10109872GOMESP,2025-08-05,108759,1,40,0,1259.0
10109872GOMESP_2025-08-05_G13,10109872GOMESP,2025-08-05,111438,1,40,0,390.0
10109872GOMESP_2025-08-05_G14,10109872GOMESP,2025-08-05,118290,1,5,0,685.0
10109872GOMESP_2025-08-05_G15,10109872GOMESP,2025-08-05,108711,1,80,0,1895.0
10109872GOMESP_2025-08-05_G16,10109872GOMESP,2025-08-05,140922,1,232,0,871.0
10109872GOMESP_2025-08-05_G17,10109872GOMESP,2025-08-05,111468,1,222,0,1372.0
10109872GOMESP_2025-08-06_G02,10109872GOMESP,2025-08-06,109640,1,8,0,263.0
10109872GOMESP_2025-08-06_G03,10109872GOMESP,2025-08-06,109640,1,16,0,558.0
10109872GOMESP_2025-08-06_G04,10109872GOMESP,2025-08-06,117833,1,6,0,192.0
10109872GOMESP_2025-08-06_G05,10109872GOMESP,2025-08-06,117809,1,50,0,363.0
10109872GOMESP_2025-08-06_G06,10109872GOMESP,2025-08-06,110371,1,250,0,673.0
10109872GOMESP_2025-08-06_G07,10109872GOMESP,2025-08-06,117808,1,440,0,637.0
10109872GOMESP_2025-08-06_G08,10109872GOMESP,2025-08-06,118299,1,400,0,2884.0
10109872GOMESP_2025-08-06_G09,10109872GOMESP,2025-08-06,110376,1,10,0,326.0
10109872GOMESP_2025-08-06_G10,10109872GOMESP,2025-08-06,117820,1,300,0,1280.0
10109872GOMESP_2025-08-06_G12,10109872GOMESP,2025-08-06,110376,1,85,0,329.0
10109872GOMESP_2025-08-06_G13,10109872GOMESP,2025-08-06,141458,1,4,0,1017.0
10109872GOMESP_2025-08-06_G14,10109872GOMESP,2025-08-06,109641,1,196,0,840.0
10109872GOMESP_2025-08-07_G02,10109872GOMESP,2025-08-07,111348,1,2,0,82.0
10109872GOMESP_2025-08-07_G03,10109872GOMESP,2025-08-07,111437,1,4,0,154.0
10109872GOMESP_2025-08-07_G04,10109872GOMESP,2025-08-07,109647,1,6,0,44.0
10109872GOMESP_2025-08-07_G05,10109872GOMESP,2025-08-07,109640,1,12,0,147.0
10109872GOMESP_2025-08-07_G06,10109872GOMESP,2025-08-07,109640,1,16,0,668.0
10109872GOMESP_2025-08-07_G07,10109872GOMESP,2025-08-07,110373,1,2,0,498.0
10109872GOMESP_2025-08-07_G08,10109872GOMESP,2025-08-07,110371,1,2,0,234.0
10109872GOMESP_2025-08-07_G09,10109872GOMESP,2025-08-07,110375,1,10,0,753.0
10109872GOMESP_2025-08-07_G10,10109872GOMESP,2025-08-07,110582,1,4,0,315.0
10109872GOMESP_2025-08-07_G11,10109872GOMESP,2025-08-07,117855,1,4,0,87.0
10109872GOMESP_2025-08-07_G12,10109872GOMESP,2025-08-07,110339,1,4,0,328.0
10109872GOMESP_2025-08-07_G13,10109872GOMESP,2025-08-07,117862,1,8,0,509.0
10109872GOMESP_2025-08-07_G14,10109872GOMESP,2025-08-07,111468,1,4,0,271.0
10109872GOMESP_2025-08-07_G15,10109872GOMESP,2025-08-07,110582,1,4,0,696.0
10109872GOMESP_2025-08-07_G16,10109872GOMESP,2025-08-07,118253,1,4,0,213.0
10109872GOMESP_2025-08-07_G17,10109872GOMESP,2025-08-07,111348,1,4,0,63.0
10109872GOMESP_2025-08-07_G18,10109872GOMESP,2025-08-07,117831,1,4,0,166.0
10109872GOMESP_2025-08-07_G19,10109872GOMESP,2025-08-07,118317,1,4,0,268.0
10109872GOMESP_2025-08-07_G20,10109872GOMESP,2025-08-07,111435,1,6,0,961.0
10109872GOMESP_2025-08-07_G21,10109872GOMESP,2025-08-07,111444,1,7,0,357.0
10109872GOMESP_2025-08-07_G22,10109872GOMESP,2025-08-07,117821,1,16,0,222.0
10109872GOMESP_2025-08-07_G23,10109872GOMESP,2025-08-07,140922,1,21,0,221.0
10109872GOMESP_2025-08-07_G24,10109872GOMESP,2025-08-07,117833,1,4,0,111.0
10109872GOMESP_2025-08-07_G25,10109872GOMESP,2025-08-07,111431,1,16,0,197.0
10109872GOMESP_2025-08-07_G26,10109872GOMESP,2025-08-07,111468,1,4,0,65.0
10109872GOMESP_2025-08-07_G27,10109872GOMESP,2025-08-07,111418,1,178,0,1263.0
10109872GOMESP_2025-08-07_G28,10109872GOMESP,2025-08-07,111465,1,28,0,221.0
10109872GOMESP_2025-08-07_G29,10109872GOMESP,2025-08-07,111660,1,4,0,961.0
10109872GOMESP_2025-08-07_G31,10109872GOMESP,2025-08-07,110515,1,150,0,672.0
10109872GOMESP_2025-08-07_G32,10109872GOMESP,2025-08-07,111532,1,80,0,305.0
10109872GOMESP_2025-08-07_G33,10109872GOMESP,2025-08-07,110743,1,60,0,379.0
10109872GOMESP_2025-08-07_G34,10109872GOMESP,2025-08-07,111330,1,53,0,256.0
10109872GOMESP_2025-08-07_G35,10109872GOMESP,2025-08-07,117831,1,250,0,664.0
10109872GOMESP_2025-08-07_G36,10109872GOMESP,2025-08-07,117785,1,300,0,894.0
10109872GOMESP_2025-08-07_G37,10109872GOMESP,2025-08-07,110325,1,70,0,966.0
10109872GOMESP_2025-08-07_G38,10109872GOMESP,2025-08-07,107830,1,50,0,391.0
10109872GOMESP_2025-08-07_G39,10109872GOMESP,2025-08-07,141202,1,3,0,104.0
10109872GOMESP_2025-08-07_G40,10109872GOMESP,2025-08-07,118271,1,6,0,403.0
10109872GOMESP_2025-08-08_G02,10109872GOMESP,2025-08-08,140911,1,4,0,82.0
10109872GOMESP_2025-08-08_G03,10109872GOMESP,2025-08-08,111330,1,6,0,183.0
10109872GOMESP_2025-08-08_G04,10109872GOMESP,2025-08-08,111182,1,12,0,216.0
10109872GOMESP_2025-08-08_G05,10109872GOMESP,2025-08-08,111602,1,8,0,491.0
10109872GOMESP_2025-08-08_G06,10109872GOMESP,2025-08-08,110332,1,2,0,128.0
10109872GOMESP_2025-08-08_G07,10109872GOMESP,2025-08-08,118222,1,10,0,658.0
10109872GOMESP_2025-08-08_G08,10109872GOMESP,2025-08-08,111430,1,1,0,273.0
10109872GOMESP_2025-08-08_G09,10109872GOMESP,2025-08-08,110747,1,10,0,189.0
10109872GOMESP_2025-08-08_G10,10109872GOMESP,2025-08-08,117834,1,10,0,165.0
10109872GOMESP_2025-08-08_G11,10109872GOMESP,2025-08-08,118306,1,2,0,107.0
10109872GOMESP_2025-08-08_G12,10109872GOMESP,2025-08-08,111660,1,2,0,110.0
10109872GOMESP_2025-08-08_G13,10109872GOMESP,2025-08-08,110339,1,3,0,274.0
10109872GOMESP_2025-08-08_G14,10109872GOMESP,2025-08-08,111602,1,6,0,87.0
10109872GOMESP_2025-08-08_G15,10109872GOMESP,2025-08-08,117786,1,2,0,70.0
10109872GOMESP_2025-08-08_G16,10109872GOMESP,2025-08-08,141047,1,6,0,120.0
10109872GOMESP_2025-08-08_G17,10109872GOMESP,2025-08-08,109640,1,15,0,305.0
10109872GOMESP_2025-08-08_G18,10109872GOMESP,2025-08-08,111469,1,2,0,79.0
10109872GOMESP_2025-08-08_G19,10109872GOMESP,2025-08-08,110742,1,17,0,440.0
10109872GOMESP_2025-08-08_G20,10109872GOMESP,2025-08-08,118222,1,8,0,234.0
10109872GOMESP_2025-08-08_G21,10109872GOMESP,2025-08-08,111438,1,14,0,292.0
10109872GOMESP_2025-08-08_G22,10109872GOMESP,2025-08-08,111660,1,8,0,172.0
10109872GOMESP_2025-08-08_G23,10109872GOMESP,2025-08-08,110371,1,4,0,225.0
10109872GOMESP_2025-08-08_G24,10109872GOMESP,2025-08-08,110373,1,16,0,198.0
10109872GOMESP_2025-08-08_G25,10109872GOMESP,2025-08-08,117820,1,2,0,100.0
10109872GOMESP_2025-08-08_G26,10109872GOMESP,2025-08-08,117820,1,138,0,348.0
10109872GOMESP_2025-08-08_G27,10109872GOMESP,2025-08-08,117830,1,8,0,493.0
10109872GOMESP_2025-08-08_G28,10109872GOMESP,2025-08-08,111469,2,22,8,41.0
10109872GOMESP_2025-08-08_G29,10109872GOMESP,2025-08-08,117808,1,16,0,204.0
10109872GOMESP_2025-08-08_G30,10109872GOMESP,2025-08-08,"110373, 110374",2,23,23,454.0
10109872GOMESP_2025-08-08_G31,10109872GOMESP,2025-08-08,118299,1,4,0,505.0
10109872GOMESP_2025-08-08_G32,10109872GOMESP,2025-08-08,110375,1,2,0,106.0
10109872GOMESP_2025-08-08_G33,10109872GOMESP,2025-08-08,110374,1,9,0,112.0
10109872GOMESP_2025-08-08_G34,10109872GOMESP,2025-08-08,110742,1,9,0,224.0
10109872GOMESP_2025-08-08_G35,10109872GOMESP,2025-08-08,111430,1,4,0,971.0
10109872GOMESP_2025-08-08_G36,10109872GOMESP,2025-08-08,110755,1,8,0,77.0
10109872GOMESP_2025-08-08_G37,10109872GOMESP,2025-08-08,117834,1,2,0,92.0
10109872GOMESP_2025-08-08_G38,10109872GOMESP,2025-08-08,116527,1,2,0,69.0
10109872GOMESP_2025-08-08_G39,10109872GOMESP,2025-08-08,110339,1,4,0,95.0
10109872GOMESP_2025-08-08_G40,10109872GOMESP,2025-08-08,111530,1,8,0,106.0
10109872GOMESP_2025-08-08_G41,10109872GOMESP,2025-08-08,111467,1,2,0,90.0
10109872GOMESP_2025-08-08_G42,10109872GOMESP,2025-08-08,110515,1,4,0,77.0
10109872GOMESP_2025-08-08_G43,10109872GOMESP,2025-08-08,110325,1,10,0,177.0
10109872GOMESP_2025-08-08_G44,10109872GOMESP,2025-08-08,111443,1,4,0,123.0
10109872GOMESP_2025-08-08_G45,10109872GOMESP,2025-08-08,111465,1,1,0,59.0
10109872GOMESP_2025-08-08_G46,10109872GOMESP,2025-08-08,118317,1,3,0,103.0
10109872GOMESP_2025-08-08_G47,10109872GOMESP,2025-08-08,111442,1,3,0,77.0
10109872GOMESP_2025-08-08_G48,10109872GOMESP,2025-08-08,110740,1,1,0,42.0
10109872GOMESP_2025-08-08_G50,10109872GOMESP,2025-08-08,110747,1,2,0,158.0
10109872GOMESP_2025-08-08_G51,10109872GOMESP,2025-08-08,117834,1,12,0,183.0
10109872GOMESP_2025-08-08_G52,10109872GOMESP,2025-08-08,111569,1,10,0,189.0
10109872GOMESP_2025-08-08_G53,10109872GOMESP,2025-08-08,111602,1,6,0,287.0
10109872GOMESP_2025-08-08_G54,10109872GOMESP,2025-08-08,117855,1,2,0,33.0
10109872GOMESP_2025-08-08_G55,10109872GOMESP,2025-08-08,118094,1,4,0,72.0
10109872GOMESP_2025-08-08_G56,10109872GOMESP,2025-08-08,110711,1,4,0,116.0
10109872GOMESP_2025-08-08_G57,10109872GOMESP,2025-08-08,108711,1,4,0,121.0
10109872GOMESP_2025-08-08_G58,10109872GOMESP,2025-08-08,111443,1,3,0,79.0
10109872GOMESP_2025-08-08_G59,10109872GOMESP,2025-08-08,"111442, 141823",2,7,14,171.0
10109872GOMESP_2025-08-08_G60,10109872GOMESP,2025-08-08,111469,1,2,0,134.0
10109872GOMESP_2025-08-08_G61,10109872GOMESP,2025-08-08,111469,1,25,0,239.0
10109872GOMESP_2025-08-08_G62,10109872GOMESP,2025-08-08,111418,1,4,0,265.0
10109872GOMESP_2025-08-08_G63,10109872GOMESP,2025-08-08,105705,1,2,0,516.0
10109872GOMESP_2025-08-08_G64,10109872GOMESP,2025-08-08,118222,1,2,0,75.0
10109872GOMESP_2025-08-08_G65,10109872GOMESP,2025-08-08,108770,1,3,0,342.0
10109872GOMESP_2025-08-08_G66,10109872GOMESP,2025-08-08,118290,1,2,0,117.0
10109872GOMESP_2025-08-08_G67,10109872GOMESP,2025-08-08,110742,1,6,0,83.0
10109872GOMESP_2025-08-08_G68,10109872GOMESP,2025-08-08,117835,1,1,0,106.0
10109872GOMESP_2025-08-08_G69,10109872GOMESP,2025-08-08,111569,1,3,0,80.0
10109872GOMESP_2025-08-08_G70,10109872GOMESP,2025-08-08,110373,1,7,0,247.0
10109872GOMESP_2025-08-08_G71,10109872GOMESP,2025-08-08,110373,1,16,0,1515.0
10109872GOMESP_2025-08-08_G72,10109872GOMESP,2025-08-08,111435,1,1,0,1541.0
10109872GOMESP_2025-08-08_G73,10109872GOMESP,2025-08-08,117821,1,30,0,546.0
10109872GOMESP_2025-08-08_G74,10109872GOMESP,2025-08-08,140922,1,20,0,157.0
10109872GOMESP_2025-08-08_G75,10109872GOMESP,2025-08-08,116241,1,6,0,124.0
10109872GOMESP_2025-08-08_G76,10109872GOMESP,2025-08-08,111465,1,15,0,174.0
10109872GOMESP_2025-08-08_G77,10109872GOMESP,2025-08-08,117787,1,4,0,551.0
10109872GOMESP_2025-08-08_G78,10109872GOMESP,2025-08-08,111418,1,60,0,361.0
10109872GOMESP_2025-08-08_G79,10109872GOMESP,2025-08-08,117785,1,40,0,995.0
10109872GOMESP_2025-08-08_G80,10109872GOMESP,2025-08-08,111172,1,16,0,90.0
10109872GOMESP_2025-08-08_G81,10109872GOMESP,2025-08-08,110740,1,6,0,64.0
10109872GOMESP_2025-08-08_G82,10109872GOMESP,2025-08-08,110371,1,200,0,797.0
10109872GOMESP_2025-08-09_G02,10109872GOMESP,2025-08-09,107830,1,30,0,431.0
10109872GOMESP_2025-08-09_G03,10109872GOMESP,2025-08-09,110376,1,42,0,286.0
10109872GOMESP_2025-08-09_G04,10109872GOMESP,2025-08-09,110376,1,13,0,187.0
10109872GOMESP_2025-08-09_G05,10109872GOMESP,2025-08-09,110375,2,31,5,474.0
10109872GOMESP_2025-08-09_G06,10109872GOMESP,2025-08-09,110374,1,50,0,499.0
10109872GOMESP_2025-08-09_G07,10109872GOMESP,2025-08-09,105705,1,12,0,402.0
10109872GOMESP_2025-08-09_G08,10109872GOMESP,2025-08-09,111463,1,30,0,191.0
10109872GOMESP_2025-08-09_G09,10109872GOMESP,2025-08-09,111443,1,12,0,174.0
10109872GOMESP_2025-08-09_G10,10109872GOMESP,2025-08-09,111468,1,2,0,86.0
10109872GOMESP_2025-08-09_G11,10109872GOMESP,2025-08-09,107236,1,30,0,515.0
10109872GOMESP_2025-08-09_G12,10109872GOMESP,2025-08-09,111433,1,24,0,583.0
10109872GOMESP_2025-08-09_G13,10109872GOMESP,2025-08-09,111433,1,50,0,322.0
10109872GOMESP_2025-08-09_G14,10109872GOMESP,2025-08-09,108794,1,30,0,2060.0
10109872GOMESP_2025-08-09_G15,10109872GOMESP,2025-08-09,"111469, 111462",2,129,15,590.0
10109872GOMESP_2025-08-09_G16,10109872GOMESP,2025-08-09,111110,1,4,0,541.0
10109872GOMESP_2025-08-09_G17,10109872GOMESP,2025-08-09,111569,2,47,8,353.0
10109872GOMESP_2025-08-09_G18,10109872GOMESP,2025-08-09,118222,1,4,0,1667.0
10109872GOMESP_2025-08-09_G19,10109872GOMESP,2025-08-09,100334,1,2,0,420.0
10109872GOMESP_2025-08-09_G20,10109872GOMESP,2025-08-09,111438,1,4,0,96.0
10109872GOMESP_2025-08-09_G21,10109872GOMESP,2025-08-09,111569,1,4,0,346.0
10109872GOMESP_2025-08-09_G22,10109872GOMESP,2025-08-09,"117855, 111876",2,3,22,129.0
10109872GOMESP_2025-08-09_G23,10109872GOMESP,2025-08-09,111602,1,1,0,74.0
10109872GOMESP_2025-08-09_G24,10109872GOMESP,2025-08-09,110515,1,4,0,73.0
10109872GOMESP_2025-08-09_G25,10109872GOMESP,2025-08-09,110752,1,4,0,85.0
10109872GOMESP_2025-08-09_G26,10109872GOMESP,2025-08-09,118317,1,4,0,95.0
10109872GOMESP_2025-08-09_G27,10109872GOMESP,2025-08-09,140922,1,4,0,145.0
10109872GOMESP_2025-08-09_G28,10109872GOMESP,2025-08-09,110325,1,4,0,51.0
10109872GOMESP_2025-08-09_G29,10109872GOMESP,2025-08-09,109643,1,1,0,95.0
10109872GOMESP_2025-08-09_G30,10109872GOMESP,2025-08-09,118299,1,7,0,69.0
10109872GOMESP_2025-08-09_G31,10109872GOMESP,2025-08-09,110371,1,12,0,127.0
10109872GOMESP_2025-08-09_G32,10109872GOMESP,2025-08-09,110373,1,16,0,242.0
10109872GOMESP_2025-08-09_G33,10109872GOMESP,2025-08-09,110374,1,4,0,278.0
10109872GOMESP_2025-08-09_G35,10109872GOMESP,2025-08-09,118299,1,10,0,117.0
10109872GOMESP_2025-08-09_G36,10109872GOMESP,2025-08-09,110373,1,7,0,51.0
10109872GOMESP_2025-08-09_G37,10109872GOMESP,2025-08-09,110374,1,8,0,232.0
10109872GOMESP_2025-08-09_G38,10109872GOMESP,2025-08-09,117808,1,2,0,31.0
10109872GOMESP_2025-08-09_G39,10109872GOMESP,2025-08-09,117820,1,2,0,113.0
10109872GOMESP_2025-08-09_G40,10109872GOMESP,2025-08-09,117855,1,3,0,456.0
10109872GOMESP_2025-08-09_G41,10109872GOMESP,2025-08-09,111876,1,4,0,92.0
10109872GOMESP_2025-08-09_G42,10109872GOMESP,2025-08-09,111602,1,12,0,203.0
10109872GOMESP_2025-08-09_G43,10109872GOMESP,2025-08-09,110515,1,8,0,145.0
10109872GOMESP_2025-08-09_G44,10109872GOMESP,2025-08-09,110752,1,4,0,57.0
10109872GOMESP_2025-08-09_G45,10109872GOMESP,2025-08-09,111532,1,3,0,118.0
10109872GOMESP_2025-08-09_G46,10109872GOMESP,2025-08-09,140922,1,4,0,200.0
10109872GOMESP_2025-08-09_G47,10109872GOMESP,2025-08-09,111443,1,6,0,145.0
10109872GOMESP_2025-08-09_G48,10109872GOMESP,2025-08-09,110740,1,4,0,79.0
10109872GOMESP_2025-08-09_G49,10109872GOMESP,2025-08-09,110747,1,2,0,341.0
10109872GOMESP_2025-08-09_G50,10109872GOMESP,2025-08-09,117862,1,4,0,1593.0
10109872GOMESP_2025-08-09_G51,10109872GOMESP,2025-08-09,"110741, 117855",2,10,18,150.0
10109872GOMESP_2025-08-09_G52,10109872GOMESP,2025-08-09,110339,1,16,0,433.0
10109872GOMESP_2025-08-09_G53,10109872GOMESP,2025-08-09,111467,1,2,0,81.0
10109872GOMESP_2025-08-09_G54,10109872GOMESP,2025-08-09,110515,1,6,0,108.0
10109872GOMESP_2025-08-09_G55,10109872GOMESP,2025-08-09,109643,1,14,0,570.0
10109872GOMESP_2025-08-09_G56,10109872GOMESP,2025-08-09,118299,1,14,0,85.0
10109872GOMESP_2025-08-09_G57,10109872GOMESP,2025-08-09,111466,1,2,0,331.0
10109872GOMESP_2025-08-09_G58,10109872GOMESP,2025-08-09,110374,1,66,0,1680.0
10109872GOMESP_2025-08-09_G59,10109872GOMESP,2025-08-09,117832,1,150,0,76.0
10109872GOMESP_2025-08-09_G60,10109872GOMESP,2025-08-09,118281,1,13,0,123.0
10109872GOMESP_2025-08-09_G61,10109872GOMESP,2025-08-09,111172,1,130,0,913.0
10109872GOMESP_2025-08-11_G02,10109872GOMESP,2025-08-11,118418,1,1,0,50.0
10109872GOMESP_2025-08-11_G03,10109872GOMESP,2025-08-11,105359,1,11,0,168.0
10109872GOMESP_2025-08-11_G04,10109872GOMESP,2025-08-11,110448,1,3,0,57.0
10109872GOMESP_2025-08-11_G05,10109872GOMESP,2025-08-11,108771,1,1,0,157.0
10109872GOMESP_2025-08-11_G06,10109872GOMESP,2025-08-11,110834,1,2,0,147.0
10109872GOMESP_2025-08-11_G07,10109872GOMESP,2025-08-11,110081,1,1,0,229.0
10109872GOMESP_2025-08-11_G08,10109872GOMESP,2025-08-11,111356,1,8,0,469.0
10109872GOMESP_2025-08-11_G09,10109872GOMESP,2025-08-11,118222,1,2,0,817.0
10109872GOMESP_2025-08-11_G10,10109872GOMESP,2025-08-11,110582,1,5,0,283.0
10109872GOMESP_2025-08-11_G11,10109872GOMESP,2025-08-11,141456,1,60,0,128.0
10109872GOMESP_2025-08-11_G12,10109872GOMESP,2025-08-11,"117831, 111418",2,22,27,283.0
10109872GOMESP_2025-08-11_G13,10109872GOMESP,2025-08-11,141458,1,50,0,267.0
10109872GOMESP_2025-08-11_G14,10109872GOMESP,2025-08-11,110740,1,4,0,84.0
10109872GOMESP_2025-08-11_G15,10109872GOMESP,2025-08-11,141457,1,60,0,467.0
10109872GOMESP_2025-08-11_G16,10109872GOMESP,2025-08-11,117820,1,2,0,380.0
10109872GOMESP_2025-08-11_G17,10109872GOMESP,2025-08-11,111532,1,8,0,1354.0
10109872GOMESP_2025-08-11_G18,10109872GOMESP,2025-08-11,110733,1,8,0,214.0
10109872GOMESP_2025-08-11_G19,10109872GOMESP,2025-08-11,111602,1,8,0,242.0
10109872GOMESP_2025-08-11_G20,10109872GOMESP,2025-08-11,140922,1,5,0,118.0
10109872GOMESP_2025-08-11_G21,10109872GOMESP,2025-08-11,111330,1,17,0,534.0
10109872GOMESP_2025-08-11_G22,10109872GOMESP,2025-08-11,111532,1,4,0,52.0
10109872GOMESP_2025-08-11_G23,10109872GOMESP,2025-08-11,111433,1,1,0,84.0
10109872GOMESP_2025-08-11_G24,10109872GOMESP,2025-08-11,110740,1,4,0,96.0
10109872GOMESP_2025-08-11_G25,10109872GOMESP,2025-08-11,110371,1,6,0,210.0
10109872GOMESP_2025-08-11_G26,10109872GOMESP,2025-08-11,110325,1,1,0,345.0
10109872GOMESP_2025-08-11_G27,10109872GOMESP,2025-08-11,109640,1,10,0,383.0
10109872GOMESP_2025-08-11_G28,10109872GOMESP,2025-08-11,117834,1,2,0,63.0
10109872GOMESP_2025-08-11_G29,10109872GOMESP,2025-08-11,117855,1,4,0,45.0
10109872GOMESP_2025-08-11_G30,10109872GOMESP,2025-08-11,107629,1,8,0,140.0
10109872GOMESP_2025-08-11_G31,10109872GOMESP,2025-08-11,111602,1,4,0,65.0
10109872GOMESP_2025-08-11_G32,10109872GOMESP,2025-08-11,110515,1,4,0,79.0
10109872GOMESP_2025-08-11_G33,10109872GOMESP,2025-08-11,117832,1,8,0,131.0
10109872GOMESP_2025-08-11_G34,10109872GOMESP,2025-08-11,110376,1,2,0,131.0
10109872GOMESP_2025-08-11_G35,10109872GOMESP,2025-08-11,140922,1,4,0,895.0
10109872GOMESP_2025-08-11_G36,10109872GOMESP,2025-08-11,110372,1,28,0,299.0
10109872GOMESP_2025-08-11_G37,10109872GOMESP,2025-08-11,110339,1,3,0,1368.0
10109872GOMESP_2025-08-11_G38,10109872GOMESP,2025-08-11,111435,1,10,0,134.0
10109872GOMESP_2025-08-11_G39,10109872GOMESP,2025-08-11,108711,1,4,0,67.0
10109872GOMESP_2025-08-11_G41,10109872GOMESP,2025-08-11,111330,1,12,0,161.0
10109872GOMESP_2025-08-11_G42,10109872GOMESP,2025-08-11,110733,1,4,0,84.0
10109872GOMESP_2025-08-11_G43,10109872GOMESP,2025-08-11,111465,1,4,0,61.0
10109872GOMESP_2025-08-11_G44,10109872GOMESP,2025-08-11,118299,1,4,0,50.0
10109872GOMESP_2025-08-11_G45,10109872GOMESP,2025-08-11,110373,1,12,0,83.0
10109872GOMESP_2025-08-11_G46,10109872GOMESP,2025-08-11,"111468, 118222",2,15,19,135.0
10109872GOMESP_2025-08-11_G47,10109872GOMESP,2025-08-11,111438,1,8,0,149.0
10109872GOMESP_2025-08-11_G48,10109872GOMESP,2025-08-11,"110374, 117820",2,32,27,489.0
10109872GOMESP_2025-08-11_G49,10109872GOMESP,2025-08-11,111172,1,4,0,100.0
10109872GOMESP_2025-08-11_G50,10109872GOMESP,2025-08-11,"111418, 111182",2,40,12,113.0
10109872GOMESP_2025-08-11_G51,10109872GOMESP,2025-08-11,"110372, 140922",2,53,25,637.0
10109872GOMESP_2025-08-11_G52,10109872GOMESP,2025-08-11,109641,1,150,0,964.0
10109872GOMESP_2025-08-11_G53,10109872GOMESP,2025-08-11,111430,1,510,0,1920.0
10109872GOMESP_2025-08-11_G54,10109872GOMESP,2025-08-11,140911,1,6,0,629.0
10109872GOMESP_2025-08-11_G55,10109872GOMESP,2025-08-11,118299,1,12,0,517.0
10109872GOMESP_2025-08-11_G56,10109872GOMESP,2025-08-11,108798,1,2,0,258.0
10109872GOMESP_2025-08-11_G57,10109872GOMESP,2025-08-11,118299,1,12,0,122.0
10109872GOMESP_2025-08-11_G58,10109872GOMESP,2025-08-11,111172,1,2,0,1222.0
10109872GOMESP_2025-08-11_G59,10109872GOMESP,2025-08-11,"118330, 110740, 141456",3,8,38,91.0
10109872GOMESP_2025-08-11_G60,10109872GOMESP,2025-08-11,117836,1,3,0,91.0
10109872GOMESP_2025-08-11_G61,10109872GOMESP,2025-08-11,117834,1,4,0,77.0
10109872GOMESP_2025-08-11_G62,10109872GOMESP,2025-08-11,108701,1,3,0,121.0
10109872GOMESP_2025-08-11_G63,10109872GOMESP,2025-08-11,111602,1,7,0,67.0
10109872GOMESP_2025-08-11_G64,10109872GOMESP,2025-08-11,109647,1,4,0,184.0
10109872GOMESP_2025-08-11_G65,10109872GOMESP,2025-08-11,141456,1,20,0,325.0
10109872GOMESP_2025-08-11_G66,10109872GOMESP,2025-08-11,109645,1,4,0,99.0
10109872GOMESP_2025-08-11_G67,10109872GOMESP,2025-08-11,110745,1,7,0,107.0
10109872GOMESP_2025-08-11_G68,10109872GOMESP,2025-08-11,110740,1,12,0,128.0
10109872GOMESP_2025-08-11_G69,10109872GOMESP,2025-08-11,109643,1,7,0,147.0
10109872GOMESP_2025-08-11_G70,10109872GOMESP,2025-08-11,117832,1,18,0,295.0
10109872GOMESP_2025-08-11_G71,10109872GOMESP,2025-08-11,117809,1,6,0,39.0
10109872GOMESP_2025-08-11_G72,10109872GOMESP,2025-08-11,110325,1,14,0,175.0
10109872GOMESP_2025-08-11_G73,10109872GOMESP,2025-08-11,110375,1,10,0,149.0
10109872GOMESP_2025-08-11_G74,10109872GOMESP,2025-08-11,109640,1,36,0,489.0
10109872GOMESP_2025-08-12_G02,10109872GOMESP,2025-08-12,111602,2,20,5,168.0
10109872GOMESP_2025-08-12_G03,10109872GOMESP,2025-08-12,109640,2,12,5,112.0
10109872GOMESP_2025-08-12_G04,10109872GOMESP,2025-08-12,111530,2,52,11,166.0
10109872GOMESP_2025-08-12_G05,10109872GOMESP,2025-08-12,110372,4,156,33,1041.0
10109872GOMESP_2025-08-12_G06,10109872GOMESP,2025-08-12,118299,1,50,0,443.0
10109872GOMESP_2025-08-12_G07,10109872GOMESP,2025-08-12,117820,1,100,0,741.0
10109872GOMESP_2025-08-12_G08,10109872GOMESP,2025-08-12,117808,1,100,0,490.0
10109872GOMESP_2025-08-12_G09,10109872GOMESP,2025-08-12,110373,1,50,0,402.0
10109872GOMESP_2025-08-12_G10,10109872GOMESP,2025-08-12,111740,1,147,0,2082.0
10109872GOMESP_2025-08-12_G11,10109872GOMESP,2025-08-12,141262,1,272,0,814.0
10109872GOMESP_2025-08-12_G12,10109872GOMESP,2025-08-12,111418,1,601,0,1484.0
10109872GOMESP_2025-08-12_G13,10109872GOMESP,2025-08-12,111463,1,2,0,770.0
10109872GOMESP_2025-08-12_G14,10109872GOMESP,2025-08-12,118140,1,6,0,191.0
10109872GOMESP_2025-08-12_G15,10109872GOMESP,2025-08-12,110372,1,3,0,429.0
10109872GOMESP_2025-08-12_G16,10109872GOMESP,2025-08-12,118222,1,4,0,741.0
10109872GOMESP_2025-08-12_G17,10109872GOMESP,2025-08-12,110895,1,7,0,372.0
10109872GOMESP_2025-08-12_G19,10109872GOMESP,2025-08-12,117786,1,1,0,56.0
10109872GOMESP_2025-08-12_G20,10109872GOMESP,2025-08-12,108711,1,4,0,66.0
10109872GOMESP_2025-08-12_G21,10109872GOMESP,2025-08-12,111443,1,2,0,93.0
10109872GOMESP_2025-08-12_G22,10109872GOMESP,2025-08-12,108794,1,4,0,117.0
10109872GOMESP_2025-08-12_G23,10109872GOMESP,2025-08-12,117831,1,2,0,54.0
10109872GOMESP_2025-08-12_G24,10109872GOMESP,2025-08-12,141823,1,4,0,102.0
10109872GOMESP_2025-08-12_G25,10109872GOMESP,2025-08-12,111172,1,4,0,48.0
10109872GOMESP_2025-08-12_G26,10109872GOMESP,2025-08-12,110895,1,8,0,550.0
10109872GOMESP_2025-08-12_G27,10109872GOMESP,2025-08-12,111418,1,16,0,778.0
10109872GOMESP_2025-08-12_G28,10109872GOMESP,2025-08-12,108711,1,4,0,65.0
10109872GOMESP_2025-08-12_G29,10109872GOMESP,2025-08-12,"108794, 117831",2,6,9,138.0
10109872GOMESP_2025-08-12_G30,10109872GOMESP,2025-08-12,111172,1,3,0,133.0
10109872GOMESP_2025-08-12_G31,10109872GOMESP,2025-08-12,111418,1,25,0,2673.0
10109872GOMESP_2025-08-12_G32,10109872GOMESP,2025-08-12,109649,1,4,0,579.0
10109872GOMESP_2025-08-12_G33,10109872GOMESP,2025-08-12,111532,1,30,0,162.0
10109872GOMESP_2025-08-12_G34,10109872GOMESP,2025-08-12,117821,1,10,0,198.0
10109872GOMESP_2025-08-12_G35,10109872GOMESP,2025-08-12,108711,1,15,0,378.0
10109872GOMESP_2025-08-12_G36,10109872GOMESP,2025-08-12,140922,1,16,0,197.0
10109872GOMESP_2025-08-12_G37,10109872GOMESP,2025-08-12,111463,1,25,0,195.0
10109872GOMESP_2025-08-12_G38,10109872GOMESP,2025-08-12,117833,1,15,0,213.0
10109872GOMESP_2025-08-12_G39,10109872GOMESP,2025-08-12,117838,1,12,0,403.0
10109872GOMESP_2025-08-12_G40,10109872GOMESP,2025-08-12,108798,1,20,0,354.0
10109872GOMESP_2025-08-12_G41,10109872GOMESP,2025-08-12,117787,1,20,0,265.0
10109872GOMESP_2025-08-12_G42,10109872GOMESP,2025-08-12,141456,1,20,0,210.0
10109872GOMESP_2025-08-12_G43,10109872GOMESP,2025-08-12,108794,1,20,0,259.0
10109872GOMESP_2025-08-12_G44,10109872GOMESP,2025-08-12,117831,1,20,0,132.0
10109872GOMESP_2025-08-12_G45,10109872GOMESP,2025-08-12,111172,1,12,0,101.0
10109872GOMESP_2025-08-12_G46,10109872GOMESP,2025-08-12,141458,1,20,0,252.0
10109872GOMESP_2025-08-12_G47,10109872GOMESP,2025-08-12,110325,1,10,0,618.0
10109872GOMESP_2025-08-13_G02,10109872GOMESP,2025-08-13,108759,1,2,0,492.0
10109872GOMESP_2025-08-13_G03,10109872GOMESP,2025-08-13,117862,1,2,0,58.0
10109872GOMESP_2025-08-13_G04,10109872GOMESP,2025-08-13,"118094, 117786",2,4,29,137.0
10109872GOMESP_2025-08-13_G05,10109872GOMESP,2025-08-13,111467,1,4,0,144.0
10109872GOMESP_2025-08-13_G06,10109872GOMESP,2025-08-13,111468,1,3,0,230.0
10109872GOMESP_2025-08-13_G07,10109872GOMESP,2025-08-13,108794,1,2,0,37.0
10109872GOMESP_2025-08-13_G08,10109872GOMESP,2025-08-13,111465,1,7,0,96.0
10109872GOMESP_2025-08-13_G09,10109872GOMESP,2025-08-13,141823,1,4,0,90.0
10109872GOMESP_2025-08-13_G10,10109872GOMESP,2025-08-13,111418,1,24,0,209.0
10109872GOMESP_2025-08-13_G11,10109872GOMESP,2025-08-13,"140922, 110895",2,5,30,407.0
10109872GOMESP_2025-08-13_G12,10109872GOMESP,2025-08-13,140911,1,4,0,186.0
10109872GOMESP_2025-08-13_G13,10109872GOMESP,2025-08-13,118222,1,11,0,186.0
10109872GOMESP_2025-08-13_G14,10109872GOMESP,2025-08-13,100334,1,5,0,319.0
10109872GOMESP_2025-08-13_G15,10109872GOMESP,2025-08-13,111438,1,4,0,278.0
10109872GOMESP_2025-08-13_G16,10109872GOMESP,2025-08-13,117831,1,4,0,2334.0
10109872GOMESP_2025-08-13_G17,10109872GOMESP,2025-08-13,110373,1,20,0,95.0
10109872GOMESP_2025-08-13_G18,10109872GOMESP,2025-08-13,117808,1,30,0,275.0
10109872GOMESP_2025-08-13_G19,10109872GOMESP,2025-08-13,118299,1,30,0,197.0
10109872GOMESP_2025-08-13_G20,10109872GOMESP,2025-08-13,141313,1,2,0,83.0
10109872GOMESP_2025-08-13_G21,10109872GOMESP,2025-08-13,117820,1,2,0,159.0
10109872GOMESP_2025-08-13_G22,10109872GOMESP,2025-08-13,118299,2,24,6,69.0
10109872GOMESP_2025-08-13_G23,10109872GOMESP,2025-08-13,117820,1,120,0,1386.0
10109872GOMESP_2025-08-13_G24,10109872GOMESP,2025-08-13,110372,1,170,0,203.0
10109872GOMESP_2025-08-13_G25,10109872GOMESP,2025-08-13,107830,1,5,0,301.0
10109872GOMESP_2025-08-13_G26,10109872GOMESP,2025-08-13,110373,1,100,0,202.0
10109872GOMESP_2025-08-13_G27,10109872GOMESP,2025-08-13,117808,1,91,0,249.0
10109872GOMESP_2025-08-13_G28,10109872GOMESP,2025-08-13,118299,1,400,0,2175.0
10109872GOMESP_2025-08-13_G29,10109872GOMESP,2025-08-13,117830,1,40,0,270.0
10109872GOMESP_2025-08-13_G30,10109872GOMESP,2025-08-13,117808,1,60,0,484.0
10109872GOMESP_2025-08-13_G31,10109872GOMESP,2025-08-13,117809,1,30,0,137.0
10109872GOMESP_2025-08-13_G33,10109872GOMESP,2025-08-13,117855,1,20,0,495.0
10109872GOMESP_2025-08-13_G34,10109872GOMESP,2025-08-13,141035,1,2,0,1267.0
10109872GOMESP_2025-08-13_G35,10109872GOMESP,2025-08-13,117854,1,8,0,118.0
10109872GOMESP_2025-08-13_G36,10109872GOMESP,2025-08-13,117855,1,50,0,259.0
10109872GOMESP_2025-08-13_G37,10109872GOMESP,2025-08-13,111876,1,32,0,745.0
10109872GOMESP_2025-08-13_G38,10109872GOMESP,2025-08-13,110339,1,28,0,478.0
10109872GOMESP_2025-08-13_G39,10109872GOMESP,2025-08-13,117853,1,6,0,77.0
10109872GOMESP_2025-08-13_G40,10109872GOMESP,2025-08-13,111348,1,4,0,190.0
10109872GOMESP_2025-08-13_G41,10109872GOMESP,2025-08-13,111532,1,78,0,207.0
10109872GOMESP_2025-08-13_G42,10109872GOMESP,2025-08-13,111431,1,4,0,699.0
10109872GOMESP_2025-08-13_G43,10109872GOMESP,2025-08-13,118317,1,25,0,246.0
10109872GOMESP_2025-08-13_G44,10109872GOMESP,2025-08-13,111465,1,10,0,198.0
10109872GOMESP_2025-08-13_G45,10109872GOMESP,2025-08-13,110740,1,28,0,220.0
10109872GOMESP_2025-08-13_G46,10109872GOMESP,2025-08-13,110325,1,132,0,1753.0
10109872GOMESP_2025-08-13_G47,10109872GOMESP,2025-08-13,107830,1,29,0,404.0
10109872GOMESP_2025-08-13_G48,10109872GOMESP,2025-08-13,110742,1,75,0,678.0
10109872GOMESP_2025-08-13_G49,10109872GOMESP,2025-08-13,110582,1,5,0,152.0
10109872GOMESP_2025-08-13_G50,10109872GOMESP,2025-08-13,118306,1,14,0,282.0
10109872GOMESP_2025-08-14_G02,10109872GOMESP,2025-08-14,110325,1,13,0,112.0
10109872GOMESP_2025-08-14_G03,10109872GOMESP,2025-08-14,117820,1,200,0,352.0
10109872GOMESP_2025-08-14_G04,10109872GOMESP,2025-08-14,110372,1,200,0,400.0
10109872GOMESP_2025-08-14_G05,10109872GOMESP,2025-08-14,107830,1,10,0,342.0
10109872GOMESP_2025-08-14_G06,10109872GOMESP,2025-08-14,118299,3,910,29,148.0
10109872GOMESP_2025-08-14_G08,10109872GOMESP,2025-08-14,117862,1,10,0,73.0
10109872GOMESP_2025-08-14_G09,10109872GOMESP,2025-08-14,118094,1,2,0,45.0
10109872GOMESP_2025-08-14_G10,10109872GOMESP,2025-08-14,110733,1,2,0,200.0
10109872GOMESP_2025-08-14_G11,10109872GOMESP,2025-08-14,117853,1,4,0,69.0
10109872GOMESP_2025-08-14_G12,10109872GOMESP,2025-08-14,109647,1,5,0,110.0
10109872GOMESP_2025-08-14_G13,10109872GOMESP,2025-08-14,141047,1,14,0,158.0
10109872GOMESP_2025-08-14_G14,10109872GOMESP,2025-08-14,111439,1,4,0,111.0
10109872GOMESP_2025-08-14_G15,10109872GOMESP,2025-08-14,111467,1,1,0,92.0
10109872GOMESP_2025-08-14_G16,10109872GOMESP,2025-08-14,110515,1,7,0,132.0
10109872GOMESP_2025-08-14_G17,10109872GOMESP,2025-08-14,117786,1,10,0,143.0
10109872GOMESP_2025-08-14_G18,10109872GOMESP,2025-08-14,117840,1,3,0,690.0
10109872GOMESP_2025-08-14_G19,10109872GOMESP,2025-08-14,110375,1,6,0,73.0
10109872GOMESP_2025-08-14_G20,10109872GOMESP,2025-08-14,109649,1,9,0,691.0
10109872GOMESP_2025-08-14_G21,10109872GOMESP,2025-08-14,111418,1,113,0,514.0
10109872GOMESP_2025-08-14_G22,10109872GOMESP,2025-08-14,111330,1,3,0,584.0
10109872GOMESP_2025-08-14_G23,10109872GOMESP,2025-08-14,117785,1,20,0,280.0
10109872GOMESP_2025-08-14_G24,10109872GOMESP,2025-08-14,114092,1,5,0,309.0
10109872GOMESP_2025-08-14_G25,10109872GOMESP,2025-08-14,110371,1,50,0,295.0
10109872GOMESP_2025-08-14_G26,10109872GOMESP,2025-08-14,110325,1,50,0,291.0
10109872GOMESP_2025-08-14_G27,10109872GOMESP,2025-08-14,117840,1,21,0,357.0
10109872GOMESP_2025-08-14_G28,10109872GOMESP,2025-08-14,110373,1,200,0,591.0
10109872GOMESP_2025-08-14_G29,10109872GOMESP,2025-08-14,117830,1,30,0,443.0
10109872GOMESP_2025-08-15_G02,10109872GOMESP,2025-08-15,111850,1,4,0,227.0
10109872GOMESP_2025-08-15_G03,10109872GOMESP,2025-08-15,141318,1,4,0,74.0
10109872GOMESP_2025-08-15_G04,10109872GOMESP,2025-08-15,117856,1,2,0,122.0
10109872GOMESP_2025-08-15_G05,10109872GOMESP,2025-08-15,111602,1,2,0,37.0
10109872GOMESP_2025-08-15_G06,10109872GOMESP,2025-08-15,110313,1,2,0,119.0
10109872GOMESP_2025-08-15_G07,10109872GOMESP,2025-08-15,110787,1,3,0,75.0
10109872GOMESP_2025-08-15_G08,10109872GOMESP,2025-08-15,117856,1,12,0,397.0
10109872GOMESP_2025-08-15_G09,10109872GOMESP,2025-08-15,110787,2,16,9,338.0
10109872GOMESP_2025-08-15_G10,10109872GOMESP,2025-08-15,141457,1,60,0,1038.0
10109872GOMESP_2025-08-15_G11,10109872GOMESP,2025-08-15,111463,1,10,0,760.0
10109872GOMESP_2025-08-15_G12,10109872GOMESP,2025-08-15,"109643, 117832",2,39,27,320.0
10109872GOMESP_2025-08-15_G13,10109872GOMESP,2025-08-15,117808,1,100,0,234.0
10109872GOMESP_2025-08-15_G14,10109872GOMESP,2025-08-15,117809,1,37,0,659.0
10109872GOMESP_2025-08-15_G15,10109872GOMESP,2025-08-15,118299,2,100,13,144.0
10109872GOMESP_2025-08-15_G16,10109872GOMESP,2025-08-15,117830,1,32,0,406.0
10109872GOMESP_2025-08-15_G17,10109872GOMESP,2025-08-15,118222,1,11,0,415.0
10109872GOMESP_2025-08-15_G18,10109872GOMESP,2025-08-15,108759,1,4,0,233.0
10109872GOMESP_2025-08-15_G19,10109872GOMESP,2025-08-15,111850,1,12,0,201.0
10109872GOMESP_2025-08-15_G20,10109872GOMESP,2025-08-15,111569,1,4,0,227.0
10109872GOMESP_2025-08-15_G21,10109872GOMESP,2025-08-15,110742,1,4,0,347.0
10109872GOMESP_2025-08-15_G22,10109872GOMESP,2025-08-15,111850,1,9,0,147.0
10109872GOMESP_2025-08-15_G23,10109872GOMESP,2025-08-15,118222,1,23,0,456.0
10109872GOMESP_2025-08-15_G24,10109872GOMESP,2025-08-15,110582,1,8,0,461.0
10109872GOMESP_2025-08-15_G25,10109872GOMESP,2025-08-15,118253,1,5,0,269.0
10109872GOMESP_2025-08-15_G26,10109872GOMESP,2025-08-15,111569,1,5,0,66.0
10109872GOMESP_2025-08-15_G27,10109872GOMESP,2025-08-15,109643,1,2,0,359.0
10109872GOMESP_2025-08-15_G28,10109872GOMESP,2025-08-15,117820,1,118,0,348.0
10109872GOMESP_2025-08-15_G29,10109872GOMESP,2025-08-15,110325,1,20,0,235.0
10109872GOMESP_2025-08-15_G30,10109872GOMESP,2025-08-15,117809,1,29,0,256.0
10109872GOMESP_2025-08-15_G31,10109872GOMESP,2025-08-15,110374,1,17,0,72.0
10109872GOMESP_2025-08-15_G32,10109872GOMESP,2025-08-15,110373,1,71,0,624.0
10109872GOMESP_2025-08-15_G33,10109872GOMESP,2025-08-15,118299,1,163,0,687.0
10109872GOMESP_2025-08-15_G34,10109872GOMESP,2025-08-15,"141202, 117830",2,7,23,144.0
10109872GOMESP_2025-08-15_G35,10109872GOMESP,2025-08-15,117808,1,600,0,726.0
10109872GOMESP_2025-08-15_G37,10109872GOMESP,2025-08-15,110733,1,4,0,67.0
10109872GOMESP_2025-08-15_G38,10109872GOMESP,2025-08-15,111467,1,2,0,101.0
10109872GOMESP_2025-08-15_G39,10109872GOMESP,2025-08-15,111418,1,21,0,150.0
10109872GOMESP_2025-08-15_G40,10109872GOMESP,2025-08-15,117821,1,4,0,112.0
10109872GOMESP_2025-08-15_G41,10109872GOMESP,2025-08-15,111468,1,3,0,75.0
10109872GOMESP_2025-08-15_G42,10109872GOMESP,2025-08-15,108794,1,2,0,178.0
10109872GOMESP_2025-08-15_G43,10109872GOMESP,2025-08-15,117785,1,5,0,694.0
10109872GOMESP_2025-08-15_G44,10109872GOMESP,2025-08-15,140922,1,4,0,68.0
10109872GOMESP_2025-08-15_G45,10109872GOMESP,2025-08-15,111418,1,16,0,133.0
10109872GOMESP_2025-08-15_G46,10109872GOMESP,2025-08-15,117821,1,4,0,61.0
10109872GOMESP_2025-08-15_G47,10109872GOMESP,2025-08-15,117831,1,16,0,205.0
10109872GOMESP_2025-08-15_G48,10109872GOMESP,2025-08-15,110740,1,2,0,42.0
10109872GOMESP_2025-08-15_G49,10109872GOMESP,2025-08-15,111465,1,6,0,50.0
10109872GOMESP_2025-08-15_G50,10109872GOMESP,2025-08-15,118222,1,4,0,173.0
10109872GOMESP_2025-08-15_G51,10109872GOMESP,2025-08-15,109471,1,4,0,154.0
10109872GOMESP_2025-08-15_G52,10109872GOMESP,2025-08-15,111438,1,2,0,153.0
10109872GOMESP_2025-08-15_G53,10109872GOMESP,2025-08-15,110372,1,133,0,614.0
10109872GOMESP_2025-08-15_G54,10109872GOMESP,2025-08-15,111876,1,2,0,123.0
10109872GOMESP_2025-08-15_G55,10109872GOMESP,2025-08-15,110515,1,14,0,272.0
10109872GOMESP_2025-08-15_G56,10109872GOMESP,2025-08-15,109641,1,6,0,418.0
10109872GOMESP_2025-08-15_G57,10109872GOMESP,2025-08-15,111463,1,25,0,155.0
10109872GOMESP_2025-08-15_G58,10109872GOMESP,2025-08-15,117785,1,18,0,148.0
10109872GOMESP_2025-08-15_G59,10109872GOMESP,2025-08-15,108711,1,12,0,513.0
10109872GOMESP_2025-08-15_G60,10109872GOMESP,2025-08-15,111418,1,87,0,375.0
10109872GOMESP_2025-08-15_G61,10109872GOMESP,2025-08-15,111532,1,4,0,208.0
10109872GOMESP_2025-08-15_G62,10109872GOMESP,2025-08-15,108794,1,3,0,91.0
10109872GOMESP_2025-08-15_G63,10109872GOMESP,2025-08-15,118330,1,4,0,333.0
10109872GOMESP_2025-08-15_G64,10109872GOMESP,2025-08-15,111465,1,6,0,35.0
10109872GOMESP_2025-08-15_G65,10109872GOMESP,2025-08-15,117834,1,8,0,187.0
10109872GOMESP_2025-08-15_G66,10109872GOMESP,2025-08-15,117836,1,3,0,1904.0
10109872GOMESP_2025-08-15_G67,10109872GOMESP,2025-08-15,110741,1,3,0,108.0
10109872GOMESP_2025-08-15_G68,10109872GOMESP,2025-08-15,109647,1,1,0,75.0
10109872GOMESP_2025-08-15_G69,10109872GOMESP,2025-08-15,117785,1,2,0,48.0
10109872GOMESP_2025-08-15_G70,10109872GOMESP,2025-08-15,109643,1,6,0,45.0
10109872GOMESP_2025-08-15_G71,10109872GOMESP,2025-08-15,111182,1,1,0,104.0
10109872GOMESP_2025-08-15_G72,10109872GOMESP,2025-08-15,140922,1,10,0,649.0
10109872GOMESP_2025-08-15_G73,10109872GOMESP,2025-08-15,141456,1,30,0,230.0
10109872GOMESP_2025-08-15_G74,10109872GOMESP,2025-08-15,"111433, 111442",2,10,22,117.0
10109872GOMESP_2025-08-15_G75,10109872GOMESP,2025-08-15,110740,1,6,0,84.0
10109872GOMESP_2025-08-15_G76,10109872GOMESP,2025-08-15,117830,1,5,0,52.0
10109872GOMESP_2025-08-16_G02,10109872GOMESP,2025-08-16,141456,1,12,0,134.0
10109872GOMESP_2025-08-16_G03,10109872GOMESP,2025-08-16,111433,1,14,0,144.0
10109872GOMESP_2025-08-16_G04,10109872GOMESP,2025-08-16,141457,1,12,0,113.0
10109872GOMESP_2025-08-16_G05,10109872GOMESP,2025-08-16,117830,1,16,0,43.0
10109872GOMESP_2025-08-16_G06,10109872GOMESP,2025-08-16,141202,1,8,0,523.0
10109872GOMESP_2025-08-16_G07,10109872GOMESP,2025-08-16,110313,1,4,0,1061.0
10109872GOMESP_2025-08-16_G08,10109872GOMESP,2025-08-16,118140,1,8,0,292.0
10109872GOMESP_2025-08-16_G09,10109872GOMESP,2025-08-16,110313,1,4,0,156.0
10109872GOMESP_2025-08-16_G10,10109872GOMESP,2025-08-16,"111602, 110313",2,3,8,102.0
10109872GOMESP_2025-08-16_G11,10109872GOMESP,2025-08-16,118140,1,15,0,260.0
10109872GOMESP_2025-08-16_G12,10109872GOMESP,2025-08-16,110787,1,3,0,87.0
10109872GOMESP_2025-08-16_G13,10109872GOMESP,2025-08-16,118140,1,9,0,363.0
10109872GOMESP_2025-08-16_G14,10109872GOMESP,2025-08-16,140911,1,6,0,101.0
10109872GOMESP_2025-08-16_G15,10109872GOMESP,2025-08-16,118140,1,13,0,1081.0
10109872GOMESP_2025-08-16_G16,10109872GOMESP,2025-08-16,110787,1,2,0,102.0
10109872GOMESP_2025-08-16_G17,10109872GOMESP,2025-08-16,117856,1,8,0,2231.0
10109872GOMESP_2025-08-16_G18,10109872GOMESP,2025-08-16,109647,1,2,0,98.0
10109872GOMESP_2025-08-16_G19,10109872GOMESP,2025-08-16,109641,1,1,0,62.0
10109872GOMESP_2025-08-16_G20,10109872GOMESP,2025-08-16,111418,1,2,0,115.0
10109872GOMESP_2025-08-16_G21,10109872GOMESP,2025-08-16,110373,1,2,0,84.0
10109872GOMESP_2025-08-16_G22,10109872GOMESP,2025-08-16,110313,1,3,0,574.0
10109872GOMESP_2025-08-16_G23,10109872GOMESP,2025-08-16,110313,1,7,0,104.0
10109872GOMESP_2025-08-16_G24,10109872GOMESP,2025-08-16,118094,1,4,0,112.0
10109872GOMESP_2025-08-16_G25,10109872GOMESP,2025-08-16,117820,1,120,0,1764.0
10109872GOMESP_2025-08-16_G26,10109872GOMESP,2025-08-16,110325,1,12,0,250.0
10109872GOMESP_2025-08-16_G27,10109872GOMESP,2025-08-16,110371,1,100,0,179.0
10109872GOMESP_2025-08-16_G28,10109872GOMESP,2025-08-16,118299,1,200,0,356.0
10109872GOMESP_2025-08-16_G29,10109872GOMESP,2025-08-16,111463,1,40,0,213.0
10109872GOMESP_2025-08-16_G30,10109872GOMESP,2025-08-16,111418,1,120,0,875.0
10109872GOMESP_2025-08-16_G31,10109872GOMESP,2025-08-16,117831,1,40,0,588.0
10109872GOMESP_2025-08-16_G33,10109872GOMESP,2025-08-16,117832,1,25,0,763.0
10109872GOMESP_2025-08-16_G34,10109872GOMESP,2025-08-16,117830,1,50,0,398.0
10109872GOMESP_2025-08-16_G35,10109872GOMESP,2025-08-16,110374,1,40,0,558.0
10109872GOMESP_2025-08-16_G36,10109872GOMESP,2025-08-16,110743,1,50,0,274.0
10109872GOMESP_2025-08-16_G37,10109872GOMESP,2025-08-16,109641,1,10,0,151.0
10109872GOMESP_2025-08-16_G38,10109872GOMESP,2025-08-16,117833,1,50,0,264.0
10109872GOMESP_2025-08-16_G39,10109872GOMESP,2025-08-16,111532,1,50,0,375.0
10109872GOMESP_2025-08-16_G40,10109872GOMESP,2025-08-16,141456,1,54,0,440.0
10109872GOMESP_2025-08-16_G41,10109872GOMESP,2025-08-16,109645,1,50,0,199.0
10109872GOMESP_2025-08-16_G42,10109872GOMESP,2025-08-16,111172,1,15,0,181.0
10109872GOMESP_2025-08-16_G43,10109872GOMESP,2025-08-16,141458,1,54,0,351.0
10109872GOMESP_2025-08-16_G44,10109872GOMESP,2025-08-16,141457,1,54,0,547.0
10109872GOMESP_2025-08-16_G45,10109872GOMESP,2025-08-16,107830,1,20,0,1364.0
10109872GOMESP_2025-08-16_G46,10109872GOMESP,2025-08-16,117830,1,50,0,585.0
10109872GOMESP_2025-08-16_G47,10109872GOMESP,2025-08-16,117820,1,75,0,582.0
10109872GOMESP_2025-08-16_G48,10109872GOMESP,2025-08-16,109645,1,50,0,581.0
10109872GOMESP_2025-08-16_G49,10109872GOMESP,2025-08-16,111172,1,15,0,210.0
10109872GOMESP_2025-08-16_G50,10109872GOMESP,2025-08-16,141457,1,54,0,288.0
10109872GOMESP_2025-08-18_G02,10109872GOMESP,2025-08-18,117785,1,500,0,1297.0
10109872GOMESP_2025-08-18_G03,10109872GOMESP,2025-08-18,140922,1,99,0,440.0
10109872GOMESP_2025-08-18_G04,10109872GOMESP,2025-08-18,111418,1,500,0,814.0
10109872GOMESP_2025-08-18_G06,10109872GOMESP,2025-08-18,141202,1,20,0,766.0
10109872GOMESP_2025-08-18_G07,10109872GOMESP,2025-08-18,118222,1,20,0,103.0
10109872GOMESP_2025-08-18_G08,10109872GOMESP,2025-08-18,110746,1,4,0,447.0
10109872GOMESP_2025-08-18_G09,10109872GOMESP,2025-08-18,110582,1,2,0,999.0
10109872GOMESP_2025-08-18_G10,10109872GOMESP,2025-08-18,110895,1,104,0,99.0
10109872GOMESP_2025-08-18_G11,10109872GOMESP,2025-08-18,118283,1,8,0,341.0
10109872GOMESP_2025-08-18_G12,10109872GOMESP,2025-08-18,117834,1,3,0,131.0
10109872GOMESP_2025-08-18_G13,10109872GOMESP,2025-08-18,117835,1,6,0,151.0
10109872GOMESP_2025-08-18_G14,10109872GOMESP,2025-08-18,118299,1,1000,0,3231.0
10109872GOMESP_2025-08-18_G15,10109872GOMESP,2025-08-18,109641,2,10,7,988.0
10109872GOMESP_2025-08-18_G16,10109872GOMESP,2025-08-18,111463,1,16,0,234.0
10109872GOMESP_2025-08-18_G17,10109872GOMESP,2025-08-18,117833,1,6,0,107.0
10109872GOMESP_2025-08-18_G18,10109872GOMESP,2025-08-18,111468,1,4,0,165.0
10109872GOMESP_2025-08-18_G19,10109872GOMESP,2025-08-18,118140,1,6,0,87.0
10109872GOMESP_2025-08-18_G20,10109872GOMESP,2025-08-18,141457,1,20,0,195.0
10109872GOMESP_2025-08-18_G21,10109872GOMESP,2025-08-18,141457,1,30,0,369.0
10109872GOMESP_2025-08-18_G22,10109872GOMESP,2025-08-18,"117809, 117820",2,31,12,402.0
10109872GOMESP_2025-08-18_G23,10109872GOMESP,2025-08-18,110375,1,2,0,66.0
10109872GOMESP_2025-08-19_G02,10109872GOMESP,2025-08-19,111463,1,373,0,1446.0
10109872GOMESP_2025-08-19_G03,10109872GOMESP,2025-08-19,111348,1,8,0,379.0
10109872GOMESP_2025-08-19_G04,10109872GOMESP,2025-08-19,108798,1,3,0,85.0
10109872GOMESP_2025-08-19_G05,10109872GOMESP,2025-08-19,111468,1,12,0,97.0
10109872GOMESP_2025-08-19_G06,10109872GOMESP,2025-08-19,109645,1,8,0,107.0
10109872GOMESP_2025-08-19_G07,10109872GOMESP,2025-08-19,110748,1,2,0,70.0
10109872GOMESP_2025-08-19_G08,10109872GOMESP,2025-08-19,110745,1,4,0,101.0
10109872GOMESP_2025-08-19_G09,10109872GOMESP,2025-08-19,118317,1,3,0,60.0
10109872GOMESP_2025-08-19_G10,10109872GOMESP,2025-08-19,111433,1,3,0,38.0
10109872GOMESP_2025-08-19_G11,10109872GOMESP,2025-08-19,110740,1,11,0,111.0
10109872GOMESP_2025-08-19_G12,10109872GOMESP,2025-08-19,100334,1,14,0,699.0
10109872GOMESP_2025-08-19_G13,10109872GOMESP,2025-08-19,108759,1,11,0,179.0
10109872GOMESP_2025-08-19_G14,10109872GOMESP,2025-08-19,118222,1,1,0,762.0
10109872GOMESP_2025-08-19_G15,10109872GOMESP,2025-08-19,111430,1,2,0,341.0
10109872GOMESP_2025-08-19_G16,10109872GOMESP,2025-08-19,110895,1,4,0,49.0
10109872GOMESP_2025-08-19_G17,10109872GOMESP,2025-08-19,111438,1,4,0,272.0
10109872GOMESP_2025-08-19_G18,10109872GOMESP,2025-08-19,109649,1,3,0,157.0
10109872GOMESP_2025-08-19_G19,10109872GOMESP,2025-08-19,117785,1,1,0,138.0
10109872GOMESP_2025-08-19_G20,10109872GOMESP,2025-08-19,111466,1,4,0,71.0
10109872GOMESP_2025-08-19_G21,10109872GOMESP,2025-08-19,111463,2,3,5,54.0
10109872GOMESP_2025-08-19_G22,10109872GOMESP,2025-08-19,117821,1,3,0,113.0
10109872GOMESP_2025-08-19_G23,10109872GOMESP,2025-08-19,141823,1,6,0,115.0
10109872GOMESP_2025-08-19_G24,10109872GOMESP,2025-08-19,118140,1,1,0,82.0
10109872GOMESP_2025-08-19_G25,10109872GOMESP,2025-08-19,"109641, 118317",2,6,16,134.0
10109872GOMESP_2025-08-19_G26,10109872GOMESP,2025-08-19,108794,2,6,5,72.0
10109872GOMESP_2025-08-19_G27,10109872GOMESP,2025-08-19,110740,2,4,5,88.0
10109872GOMESP_2025-08-19_G28,10109872GOMESP,2025-08-19,111465,1,1,0,77.0
10109872GOMESP_2025-08-19_G29,10109872GOMESP,2025-08-19,141823,1,2,0,547.0
10109872GOMESP_2025-08-19_G30,10109872GOMESP,2025-08-19,110895,1,1,0,80.0
10109872GOMESP_2025-08-19_G31,10109872GOMESP,2025-08-19,111430,1,2,0,105.0
10109872GOMESP_2025-08-19_G32,10109872GOMESP,2025-08-19,111418,1,80,0,717.0
10109872GOMESP_2025-08-19_G33,10109872GOMESP,2025-08-19,110371,1,8,0,496.0
10109872GOMESP_2025-08-19_G34,10109872GOMESP,2025-08-19,111462,1,6,0,94.0
10109872GOMESP_2025-08-19_G35,10109872GOMESP,2025-08-19,110787,1,25,0,126.0
10109872GOMESP_2025-08-19_G36,10109872GOMESP,2025-08-19,117809,1,2,0,118.0
10109872GOMESP_2025-08-19_G37,10109872GOMESP,2025-08-19,110372,1,503,0,804.0
10109872GOMESP_2025-08-20_G02,10109872GOMESP,2025-08-20,111435,1,7,0,238.0
10109872GOMESP_2025-08-20_G03,10109872GOMESP,2025-08-20,107830,1,10,0,173.0
10109872GOMESP_2025-08-20_G04,10109872GOMESP,2025-08-20,110325,1,10,0,124.0
10109872GOMESP_2025-08-20_G05,10109872GOMESP,2025-08-20,117809,1,10,0,111.0
10109872GOMESP_2025-08-20_G06,10109872GOMESP,2025-08-20,110711,1,15,0,694.0
10109872GOMESP_2025-08-20_G07,10109872GOMESP,2025-08-20,107830,1,10,0,111.0
10109872GOMESP_2025-08-20_G08,10109872GOMESP,2025-08-20,110325,1,10,0,113.0
10109872GOMESP_2025-08-20_G09,10109872GOMESP,2025-08-20,111469,1,116,0,350.0
10109872GOMESP_2025-08-20_G10,10109872GOMESP,2025-08-20,111466,1,60,0,217.0
10109872GOMESP_2025-08-20_G11,10109872GOMESP,2025-08-20,111348,1,10,0,90.0
10109872GOMESP_2025-08-20_G12,10109872GOMESP,2025-08-20,111752,1,10,0,1943.0
10109872GOMESP_2025-08-20_G13,10109872GOMESP,2025-08-20,110515,1,10,0,591.0
10109872GOMESP_2025-08-20_G14,10109872GOMESP,2025-08-20,117831,1,12,0,222.0
10109872GOMESP_2025-08-20_G15,10109872GOMESP,2025-08-20,108794,1,4,0,87.0
10109872GOMESP_2025-08-20_G16,10109872GOMESP,2025-08-20,111172,1,20,0,134.0
10109872GOMESP_2025-08-20_G17,10109872GOMESP,2025-08-20,117830,1,14,0,113.0
10109872GOMESP_2025-08-20_G18,10109872GOMESP,2025-08-20,110711,1,1,0,1726.0
10109872GOMESP_2025-08-20_G19,10109872GOMESP,2025-08-20,141047,1,4,0,131.0
10109872GOMESP_2025-08-20_G20,10109872GOMESP,2025-08-20,110339,1,2,0,82.0
10109872GOMESP_2025-08-20_G21,10109872GOMESP,2025-08-20,110752,1,2,0,66.0
10109872GOMESP_2025-08-20_G22,10109872GOMESP,2025-08-20,108795,1,2,0,137.0
10109872GOMESP_2025-08-20_G23,10109872GOMESP,2025-08-20,111466,1,4,0,73.0
10109872GOMESP_2025-08-20_G24,10109872GOMESP,2025-08-20,141456,1,4,0,121.0
10109872GOMESP_2025-08-20_G25,10109872GOMESP,2025-08-20,141458,1,4,0,94.0
10109872GOMESP_2025-08-20_G26,10109872GOMESP,2025-08-20,141457,1,4,0,68.0
10109872GOMESP_2025-08-20_G27,10109872GOMESP,2025-08-20,110372,1,9,0,315.0
10109872GOMESP_2025-08-20_G28,10109872GOMESP,2025-08-20,117808,1,12,0,41.0
10109872GOMESP_2025-08-20_G29,10109872GOMESP,2025-08-20,110895,1,4,0,1010.0
10109872GOMESP_2025-08-20_G30,10109872GOMESP,2025-08-20,111438,1,4,0,135.0
10109872GOMESP_2025-08-20_G31,10109872GOMESP,2025-08-20,111463,1,3,0,194.0
10109872GOMESP_2025-08-20_G32,10109872GOMESP,2025-08-20,140922,1,4,0,123.0
10109872GOMESP_2025-08-20_G33,10109872GOMESP,2025-08-20,"141456, 118140",2,5,22,81.0
10109872GOMESP_2025-08-20_G34,10109872GOMESP,2025-08-20,111462,1,7,0,106.0
10109872GOMESP_2025-08-20_G35,10109872GOMESP,2025-08-20,110740,1,2,0,63.0
10109872GOMESP_2025-08-20_G36,10109872GOMESP,2025-08-20,141458,1,4,0,58.0
10109872GOMESP_2025-08-20_G37,10109872GOMESP,2025-08-20,141457,1,4,0,43.0
10109872GOMESP_2025-08-20_G38,10109872GOMESP,2025-08-20,110375,1,1,0,92.0
10109872GOMESP_2025-08-20_G39,10109872GOMESP,2025-08-20,110895,1,1,0,280.0
10109872GOMESP_2025-08-20_G40,10109872GOMESP,2025-08-20,110711,1,1,0,51.0
10109872GOMESP_2025-08-20_G41,10109872GOMESP,2025-08-20,110741,1,1,0,40.0
10109872GOMESP_2025-08-20_G42,10109872GOMESP,2025-08-20,110339,1,1,0,106.0
10109872GOMESP_2025-08-20_G43,10109872GOMESP,2025-08-20,111467,1,4,0,292.0
10109872GOMESP_2025-08-20_G44,10109872GOMESP,2025-08-20,117832,1,2,0,123.0
10109872GOMESP_2025-08-20_G45,10109872GOMESP,2025-08-20,107830,1,4,0,86.0
10109872GOMESP_2025-08-20_G46,10109872GOMESP,2025-08-20,110325,1,4,0,122.0
10109872GOMESP_2025-08-20_G47,10109872GOMESP,2025-08-20,110375,1,2,0,79.0
10109872GOMESP_2025-08-20_G48,10109872GOMESP,2025-08-20,111743,1,4,0,104.0
10109872GOMESP_2025-08-20_G49,10109872GOMESP,2025-08-20,"117787, 110787",2,4,14,95.0
10109872GOMESP_2025-08-20_G50,10109872GOMESP,2025-08-20,141456,1,4,0,130.0
10109872GOMESP_2025-08-20_G51,10109872GOMESP,2025-08-20,"141458, 141457",2,8,15,80.0
10109872GOMESP_2025-08-20_G53,10109872GOMESP,2025-08-20,117831,1,4,0,61.0
10109872GOMESP_2025-08-20_G54,10109872GOMESP,2025-08-20,"107830, 110373",2,12,11,120.0
10109872GOMESP_2025-08-20_G55,10109872GOMESP,2025-08-20,117820,1,10,0,270.0
10109872GOMESP_2025-08-20_G56,10109872GOMESP,2025-08-20,118299,1,8,0,144.0
10109872GOMESP_2025-08-20_G57,10109872GOMESP,2025-08-20,117830,1,2,0,167.0
10109872GOMESP_2025-08-20_G58,10109872GOMESP,2025-08-20,111569,1,4,0,256.0
10109872GOMESP_2025-08-20_G59,10109872GOMESP,2025-08-20,110747,1,2,0,89.0
10109872GOMESP_2025-08-20_G60,10109872GOMESP,2025-08-20,117862,1,8,0,149.0
10109872GOMESP_2025-08-20_G61,10109872GOMESP,2025-08-20,111467,1,4,0,81.0
10109872GOMESP_2025-08-20_G62,10109872GOMESP,2025-08-20,117785,1,5,0,157.0
10109872GOMESP_2025-08-20_G63,10109872GOMESP,2025-08-20,111463,1,15,0,168.0
10109872GOMESP_2025-08-20_G64,10109872GOMESP,2025-08-20,117821,1,6,0,80.0
10109872GOMESP_2025-08-20_G65,10109872GOMESP,2025-08-20,111431,1,1,0,82.0
10109872GOMESP_2025-08-20_G66,10109872GOMESP,2025-08-20,118140,1,4,0,44.0
10109872GOMESP_2025-08-20_G67,10109872GOMESP,2025-08-20,111465,1,4,0,109.0
10109872GOMESP_2025-08-20_G68,10109872GOMESP,2025-08-20,111530,1,17,0,1549.0
10109872GOMESP_2025-08-20_G69,10109872GOMESP,2025-08-20,111876,2,19,13,191.0
10109872GOMESP_2025-08-20_G70,10109872GOMESP,2025-08-20,117856,1,6,0,71.0
10109872GOMESP_2025-08-20_G71,10109872GOMESP,2025-08-20,118298,1,6,0,184.0
10109872GOMESP_2025-08-20_G72,10109872GOMESP,2025-08-20,110750,1,6,0,126.0
10109872GOMESP_2025-08-20_G73,10109872GOMESP,2025-08-20,117786,1,20,0,336.0
10109872GOMESP_2025-08-20_G74,10109872GOMESP,2025-08-20,109647,1,2,0,45.0
10109872GOMESP_2025-08-20_G75,10109872GOMESP,2025-08-20,141047,1,6,0,99.0
10109872GOMESP_2025-08-20_G76,10109872GOMESP,2025-08-20,109640,1,20,0,223.0
10109872GOMESP_2025-08-20_G77,10109872GOMESP,2025-08-20,110313,1,4,0,85.0
10109872GOMESP_2025-08-20_G78,10109872GOMESP,2025-08-20,110515,1,13,0,121.0
10109872GOMESP_2025-08-20_G79,10109872GOMESP,2025-08-20,118222,2,43,6,760.0
10109872GOMESP_2025-08-20_G80,10109872GOMESP,2025-08-20,118306,1,6,0,308.0
10109872GOMESP_2025-08-20_G81,10109872GOMESP,2025-08-20,110742,1,10,0,581.0
10109872GOMESP_2025-08-20_G82,10109872GOMESP,2025-08-20,"117830, 141202",2,12,11,182.0
10109872GOMESP_2025-08-20_G83,10109872GOMESP,2025-08-20,117832,1,1218,0,2683.0
10109872GOMESP_2025-08-21_G02,10109872GOMESP,2025-08-21,111532,1,12,0,329.0
10109872GOMESP_2025-08-21_G03,10109872GOMESP,2025-08-21,141066,1,70,0,2046.0
10109872GOMESP_2025-08-21_G04,10109872GOMESP,2025-08-21,117788,1,9,0,160.0
10109872GOMESP_2025-08-21_G05,10109872GOMESP,2025-08-21,110733,1,10,0,231.0
10109872GOMESP_2025-08-21_G06,10109872GOMESP,2025-08-21,111602,1,18,0,53.0
10109872GOMESP_2025-08-21_G07,10109872GOMESP,2025-08-21,117785,1,80,0,353.0
10109872GOMESP_2025-08-21_G08,10109872GOMESP,2025-08-21,117785,1,80,0,169.0
10109872GOMESP_2025-08-21_G09,10109872GOMESP,2025-08-21,117785,1,40,0,929.0
10109872GOMESP_2025-08-21_G10,10109872GOMESP,2025-08-21,108711,1,22,0,329.0
10109872GOMESP_2025-08-21_G11,10109872GOMESP,2025-08-21,117833,1,50,0,563.0
10109872GOMESP_2025-08-21_G12,10109872GOMESP,2025-08-21,117787,1,40,0,99.0
10109872GOMESP_2025-08-21_G13,10109872GOMESP,2025-08-21,141456,1,20,0,628.0
10109872GOMESP_2025-08-21_G14,10109872GOMESP,2025-08-21,111468,1,7,0,138.0
10109872GOMESP_2025-08-21_G15,10109872GOMESP,2025-08-21,107236,1,6,0,95.0
10109872GOMESP_2025-08-21_G16,10109872GOMESP,2025-08-21,111172,1,23,0,107.0
10109872GOMESP_2025-08-21_G17,10109872GOMESP,2025-08-21,141458,1,12,0,356.0
10109872GOMESP_2025-08-21_G18,10109872GOMESP,2025-08-21,141457,1,22,0,121.0
10109872GOMESP_2025-08-21_G19,10109872GOMESP,2025-08-21,105744,1,3,0,433.0
10109872GOMESP_2025-08-21_G20,10109872GOMESP,2025-08-21,117830,1,60,0,740.0
10109872GOMESP_2025-08-21_G22,10109872GOMESP,2025-08-21,111761,1,4,0,570.0
10109872GOMESP_2025-08-21_G23,10109872GOMESP,2025-08-21,111761,1,6,0,83.0
10109872GOMESP_2025-08-21_G24,10109872GOMESP,2025-08-21,111761,1,4,0,697.0
10109872GOMESP_2025-08-21_G25,10109872GOMESP,2025-08-21,110515,2,24,22,375.0
10109872GOMESP_2025-08-21_G26,10109872GOMESP,2025-08-21,111469,1,10,0,184.0
10109872GOMESP_2025-08-21_G27,10109872GOMESP,2025-08-21,110742,1,4,0,171.0
10109872GOMESP_2025-08-21_G28,10109872GOMESP,2025-08-21,118306,1,2,0,102.0
10109872GOMESP_2025-08-21_G29,10109872GOMESP,2025-08-21,118306,1,4,0,58.0
10109872GOMESP_2025-08-21_G30,10109872GOMESP,2025-08-21,111462,1,10,0,198.0
10109872GOMESP_2025-08-21_G31,10109872GOMESP,2025-08-21,110376,1,4,0,403.0
10109872GOMESP_2025-08-22_G02,10109872GOMESP,2025-08-22,105705,1,20,0,268.0
10109872GOMESP_2025-08-22_G03,10109872GOMESP,2025-08-22,118140,1,27,0,307.0
10109872GOMESP_2025-08-22_G04,10109872GOMESP,2025-08-22,115817,1,4,0,77.0
10109872GOMESP_2025-08-22_G05,10109872GOMESP,2025-08-22,111330,1,7,0,153.0
10109872GOMESP_2025-08-22_G06,10109872GOMESP,2025-08-22,111330,5,57,21,628.0
10109872GOMESP_2025-08-22_G07,10109872GOMESP,2025-08-22,118222,1,12,0,337.0
10109872GOMESP_2025-08-22_G08,10109872GOMESP,2025-08-22,110681,1,4,0,419.0
10109872GOMESP_2025-08-22_G09,10109872GOMESP,2025-08-22,110030,1,4,0,80.0
10109872GOMESP_2025-08-22_G10,10109872GOMESP,2025-08-22,110423,1,4,0,263.0
10109872GOMESP_2025-08-22_G11,10109872GOMESP,2025-08-22,111792,1,4,0,252.0
10109872GOMESP_2025-08-22_G12,10109872GOMESP,2025-08-22,110582,1,4,0,168.0
10109872GOMESP_2025-08-22_G13,10109872GOMESP,2025-08-22,108759,1,8,0,175.0
10109872GOMESP_2025-08-22_G14,10109872GOMESP,2025-08-22,111440,1,4,0,76.0
10109872GOMESP_2025-08-22_G15,10109872GOMESP,2025-08-22,110112,1,4,0,238.0
10109872GOMESP_2025-08-22_G16,10109872GOMESP,2025-08-22,109497,1,4,0,46.0
10109872GOMESP_2025-08-22_G17,10109872GOMESP,2025-08-22,110354,1,4,0,85.0
10109872GOMESP_2025-08-22_G18,10109872GOMESP,2025-08-22,114102,1,4,0,216.0
10109872GOMESP_2025-08-22_G19,10109872GOMESP,2025-08-22,110464,1,4,0,66.0
10109872GOMESP_2025-08-22_G20,10109872GOMESP,2025-08-22,110623,1,4,0,76.0
10109872GOMESP_2025-08-22_G21,10109872GOMESP,2025-08-22,111530,1,24,0,610.0
10109872GOMESP_2025-08-22_G22,10109872GOMESP,2025-08-22,111530,1,70,0,215.0
10109872GOMESP_2025-08-22_G23,10109872GOMESP,2025-08-22,109640,1,8,0,352.0
10109872GOMESP_2025-08-22_G24,10109872GOMESP,2025-08-22,110063,1,4,0,159.0
10109872GOMESP_2025-08-22_G25,10109872GOMESP,2025-08-22,117855,1,20,0,241.0
10109872GOMESP_2025-08-22_G26,10109872GOMESP,2025-08-22,117822,1,30,0,474.0
10109872GOMESP_2025-08-22_G27,10109872GOMESP,2025-08-22,111530,1,40,0,392.0
10109872GOMESP_2025-08-22_G28,10109872GOMESP,2025-08-22,117856,1,5,0,241.0
10109872GOMESP_2025-08-22_G29,10109872GOMESP,2025-08-22,111469,1,15,0,121.0
10109872GOMESP_2025-08-22_G30,10109872GOMESP,2025-08-22,111466,1,13,0,120.0
10109872GOMESP_2025-08-22_G31,10109872GOMESP,2025-08-22,111462,1,13,0,142.0
10109872GOMESP_2025-08-22_G32,10109872GOMESP,2025-08-22,111445,2,8,4,751.0
10109872GOMESP_2025-08-23_G02,10109872GOMESP,2025-08-23,110371,1,38,0,256.0
10109872GOMESP_2025-08-23_G04,10109872GOMESP,2025-08-23,110895,1,21,0,612.0
10109872GOMESP_2025-08-23_G05,10109872GOMESP,2025-08-23,117835,1,3,0,243.0
10109872GOMESP_2025-08-23_G06,10109872GOMESP,2025-08-23,117832,1,41,0,235.0
10109872GOMESP_2025-08-23_G07,10109872GOMESP,2025-08-23,110372,1,80,0,773.0
10109872GOMESP_2025-08-23_G08,10109872GOMESP,2025-08-23,118299,1,80,0,392.0
10109872GOMESP_2025-08-25_G02,10109872GOMESP,2025-08-25,111530,1,3,0,134.0
10109872GOMESP_2025-08-25_G03,10109872GOMESP,2025-08-25,111469,1,26,0,344.0
10109872GOMESP_2025-08-25_G04,10109872GOMESP,2025-08-25,110376,1,4,0,90.0
10109872GOMESP_2025-08-25_G05,10109872GOMESP,2025-08-25,111530,1,10,0,115.0
10109872GOMESP_2025-08-25_G06,10109872GOMESP,2025-08-25,111602,1,6,0,106.0
10109872GOMESP_2025-08-25_G07,10109872GOMESP,2025-08-25,111462,1,9,0,51.0
10109872GOMESP_2025-08-25_G08,10109872GOMESP,2025-08-25,118140,1,3,0,154.0
10109872GOMESP_2025-08-25_G09,10109872GOMESP,2025-08-25,108770,1,2,0,858.0
10109872GOMESP_2025-08-25_G10,10109872GOMESP,2025-08-25,110372,1,8,0,276.0
10109872GOMESP_2025-08-25_G11,10109872GOMESP,2025-08-25,118299,1,9,0,85.0
10109872GOMESP_2025-08-25_G12,10109872GOMESP,2025-08-25,110371,1,10,0,174.0
10109872GOMESP_2025-08-25_G13,10109872GOMESP,2025-08-25,117808,1,18,0,229.0
10109872GOMESP_2025-08-25_G14,10109872GOMESP,2025-08-25,110373,1,12,0,134.0
10109872GOMESP_2025-08-25_G15,10109872GOMESP,2025-08-25,111348,1,8,0,392.0
10109872GOMESP_2025-08-25_G16,10109872GOMESP,2025-08-25,111602,1,11,0,98.0
10109872GOMESP_2025-08-25_G17,10109872GOMESP,2025-08-25,111462,1,8,0,109.0
10109872GOMESP_2025-08-25_G18,10109872GOMESP,2025-08-25,111418,1,5,0,100.0
10109872GOMESP_2025-08-25_G19,10109872GOMESP,2025-08-25,111430,1,5,0,1489.0
10109872GOMESP_2025-08-25_G20,10109872GOMESP,2025-08-25,111438,1,1,0,99.0
10109872GOMESP_2025-08-25_G21,10109872GOMESP,2025-08-25,111530,1,2,0,132.0
10109872GOMESP_2025-08-25_G22,10109872GOMESP,2025-08-25,110515,1,7,0,109.0
10109872GOMESP_2025-08-25_G23,10109872GOMESP,2025-08-25,117808,1,13,0,77.0
10109872GOMESP_2025-08-25_G24,10109872GOMESP,2025-08-25,110373,1,4,0,94.0
10109872GOMESP_2025-08-25_G25,10109872GOMESP,2025-08-25,111463,1,3,0,65.0
10109872GOMESP_2025-08-25_G26,10109872GOMESP,2025-08-25,111532,1,7,0,132.0
10109872GOMESP_2025-08-25_G27,10109872GOMESP,2025-08-25,111418,1,8,0,117.0
10109872GOMESP_2025-08-25_G28,10109872GOMESP,2025-08-25,118140,1,14,0,292.0
10109872GOMESP_2025-08-25_G29,10109872GOMESP,2025-08-25,109640,1,4,0,289.0
10109872GOMESP_2025-08-25_G30,10109872GOMESP,2025-08-25,111530,1,3,0,508.0
10109872GOMESP_2025-08-25_G31,10109872GOMESP,2025-08-25,110339,1,4,0,127.0
10109872GOMESP_2025-08-25_G32,10109872GOMESP,2025-08-25,111463,1,8,0,137.0
10109872GOMESP_2025-08-25_G33,10109872GOMESP,2025-08-25,111418,1,2,0,177.0
10109872GOMESP_2025-08-25_G34,10109872GOMESP,2025-08-25,111466,1,3,0,48.0
10109872GOMESP_2025-08-25_G35,10109872GOMESP,2025-08-25,111430,1,2,0,90.0
10109872GOMESP_2025-08-25_G36,10109872GOMESP,2025-08-25,111530,1,3,0,83.0
10109872GOMESP_2025-08-25_G37,10109872GOMESP,2025-08-25,110339,1,2,0,120.0
10109872GOMESP_2025-08-25_G38,10109872GOMESP,2025-08-25,111462,1,1,0,84.0
10109872GOMESP_2025-08-25_G39,10109872GOMESP,2025-08-25,118222,1,2,0,282.0
10109872GOMESP_2025-08-25_G40,10109872GOMESP,2025-08-25,111530,1,1,0,190.0
10109872GOMESP_2025-08-25_G41,10109872GOMESP,2025-08-25,118222,1,4,0,140.0
10109872GOMESP_2025-08-25_G42,10109872GOMESP,2025-08-25,118253,1,4,0,206.0
10109872GOMESP_2025-08-25_G43,10109872GOMESP,2025-08-25,118250,1,4,0,104.0
10109872GOMESP_2025-08-25_G44,10109872GOMESP,2025-08-25,117855,1,4,0,102.0
10109872GOMESP_2025-08-25_G45,10109872GOMESP,2025-08-25,"117785, 110787",2,13,11,361.0
10109872GOMESP_2025-08-25_G46,10109872GOMESP,2025-08-25,110740,1,2,0,99.0
10109872GOMESP_2025-08-25_G47,10109872GOMESP,2025-08-25,141458,1,8,0,291.0
10109872GOMESP_2025-08-25_G48,10109872GOMESP,2025-08-25,111465,1,4,0,66.0
10109872GOMESP_2025-08-25_G49,10109872GOMESP,2025-08-25,108795,1,1,0,127.0
10109872GOMESP_2025-08-25_G50,10109872GOMESP,2025-08-25,110374,1,8,0,109.0
10109872GOMESP_2025-08-25_G51,10109872GOMESP,2025-08-25,117830,1,7,0,97.0
10109872GOMESP_2025-08-25_G52,10109872GOMESP,2025-08-25,111330,2,6,5,292.0
10109872GOMESP_2025-08-25_G53,10109872GOMESP,2025-08-25,118222,1,9,0,180.0
10109872GOMESP_2025-08-25_G54,10109872GOMESP,2025-08-25,111530,1,2,0,156.0
10109872GOMESP_2025-08-25_G55,10109872GOMESP,2025-08-25,111602,1,3,0,122.0
10109872GOMESP_2025-08-25_G56,10109872GOMESP,2025-08-25,110339,1,1,0,62.0
10109872GOMESP_2025-08-25_G57,10109872GOMESP,2025-08-25,111418,1,3,0,45.0
10109872GOMESP_2025-08-25_G58,10109872GOMESP,2025-08-25,111462,1,1,0,66.0
10109872GOMESP_2025-08-25_G59,10109872GOMESP,2025-08-25,117808,1,20,0,373.0
10109872GOMESP_2025-08-25_G60,10109872GOMESP,2025-08-25,111430,1,2,0,103.0
10109872GOMESP_2025-08-25_G61,10109872GOMESP,2025-08-25,111438,1,4,0,116.0
10109872GOMESP_2025-08-25_G62,10109872GOMESP,2025-08-25,141047,1,4,0,148.0
10109872GOMESP_2025-08-25_G63,10109872GOMESP,2025-08-25,110515,1,3,0,123.0
10109872GOMESP_2025-08-25_G64,10109872GOMESP,2025-08-25,111462,1,2,0,96.0
10109872GOMESP_2025-08-25_G66,10109872GOMESP,2025-08-25,110895,1,4,0,297.0
10109872GOMESP_2025-08-25_G67,10109872GOMESP,2025-08-25,108759,1,1,0,57.0
10109872GOMESP_2025-08-25_G68,10109872GOMESP,2025-08-25,110755,1,4,0,62.0
10109872GOMESP_2025-08-25_G69,10109872GOMESP,2025-08-25,111530,2,8,6,87.0
10109872GOMESP_2025-08-25_G70,10109872GOMESP,2025-08-25,110711,1,4,0,90.0
10109872GOMESP_2025-08-25_G71,10109872GOMESP,2025-08-25,117853,1,4,0,103.0
10109872GOMESP_2025-08-25_G72,10109872GOMESP,2025-08-25,111467,1,4,0,90.0
10109872GOMESP_2025-08-25_G73,10109872GOMESP,2025-08-25,110515,1,4,0,87.0
10109872GOMESP_2025-08-25_G74,10109872GOMESP,2025-08-25,111469,1,4,0,122.0
10109872GOMESP_2025-08-25_G75,10109872GOMESP,2025-08-25,108795,1,4,0,60.0
10109872GOMESP_2025-08-25_G76,10109872GOMESP,2025-08-25,118317,1,2,0,67.0
10109872GOMESP_2025-08-25_G77,10109872GOMESP,2025-08-25,111418,1,4,0,98.0
10109872GOMESP_2025-08-25_G78,10109872GOMESP,2025-08-25,110787,1,4,0,126.0
10109872GOMESP_2025-08-25_G79,10109872GOMESP,2025-08-25,111172,1,3,0,107.0
10109872GOMESP_2025-08-25_G80,10109872GOMESP,2025-08-25,110740,1,4,0,68.0
10109872GOMESP_2025-08-25_G81,10109872GOMESP,2025-08-25,110374,1,4,0,156.0
10109872GOMESP_2025-08-25_G82,10109872GOMESP,2025-08-25,110325,1,4,0,119.0
10109872GOMESP_2025-08-25_G83,10109872GOMESP,2025-08-25,117809,1,4,0,178.0
10109872GOMESP_2025-08-25_G84,10109872GOMESP,2025-08-25,110373,1,2,0,92.0
10109872GOMESP_2025-08-25_G85,10109872GOMESP,2025-08-25,118222,1,4,0,246.0
10109872GOMESP_2025-08-25_G86,10109872GOMESP,2025-08-25,110742,1,6,0,251.0
10109872GOMESP_2025-08-25_G87,10109872GOMESP,2025-08-25,110755,1,4,0,93.0
10109872GOMESP_2025-08-25_G88,10109872GOMESP,2025-08-25,118290,1,3,0,60.0
10109872GOMESP_2025-08-25_G89,10109872GOMESP,2025-08-25,111569,1,4,0,142.0
10109872GOMESP_2025-08-25_G90,10109872GOMESP,2025-08-25,111530,1,8,0,162.0
10109872GOMESP_2025-08-25_G91,10109872GOMESP,2025-08-25,110711,1,4,0,198.0
10109872GOMESP_2025-08-25_G92,10109872GOMESP,2025-08-25,117786,1,3,0,37.0
10109872GOMESP_2025-08-25_G93,10109872GOMESP,2025-08-25,111602,1,4,0,135.0
10109872GOMESP_2025-08-25_G94,10109872GOMESP,2025-08-25,111467,1,4,0,76.0
10109872GOMESP_2025-08-25_G95,10109872GOMESP,2025-08-25,110515,1,6,0,322.0
10109872GOMESP_2025-08-25_G96,10109872GOMESP,2025-08-25,110374,1,4,0,199.0
10109872GOMESP_2025-08-25_G97,10109872GOMESP,2025-08-25,110373,1,8,0,92.0
10109872GOMESP_2025-08-25_G98,10109872GOMESP,2025-08-25,117808,1,12,0,123.0
10109872GOMESP_2025-08-25_G99,10109872GOMESP,2025-08-25,141202,1,2,0,134.0
10109872GOMESP_2025-08-25_G100,10109872GOMESP,2025-08-25,111569,1,2,0,333.0
10109872GOMESP_2025-08-25_G101,10109872GOMESP,2025-08-25,117855,1,5,0,117.0
10109872GOMESP_2025-08-25_G102,10109872GOMESP,2025-08-25,141047,1,6,0,243.0
10109872GOMESP_2025-08-25_G103,10109872GOMESP,2025-08-25,111463,1,4,0,111.0
10109872GOMESP_2025-08-25_G104,10109872GOMESP,2025-08-25,111532,1,4,0,98.0
10109872GOMESP_2025-08-25_G105,10109872GOMESP,2025-08-25,111418,1,11,0,153.0
10109872GOMESP_2025-08-25_G106,10109872GOMESP,2025-08-25,110787,1,1,0,69.0
10109872GOMESP_2025-08-25_G107,10109872GOMESP,2025-08-25,"110374, 110372",2,13,20,182.0
10109872GOMESP_2025-08-25_G108,10109872GOMESP,2025-08-25,118299,1,5,0,52.0
10109872GOMESP_2025-08-26_G02,10109872GOMESP,2025-08-26,117785,1,24,0,378.0
10109872GOMESP_2025-08-26_G03,10109872GOMESP,2025-08-26,111443,1,300,0,2104.0
10109872GOMESP_2025-08-26_G04,10109872GOMESP,2025-08-26,105705,1,4,0,219.0
10109872GOMESP_2025-08-26_G05,10109872GOMESP,2025-08-26,109643,1,4,0,245.0
10109872GOMESP_2025-08-26_G06,10109872GOMESP,2025-08-26,"110325, 117809",2,14,23,115.0
10109872GOMESP_2025-08-26_G07,10109872GOMESP,2025-08-26,117832,1,6,0,90.0
10109872GOMESP_2025-08-26_G08,10109872GOMESP,2025-08-26,110375,1,11,0,108.0
10109872GOMESP_2025-08-26_G09,10109872GOMESP,2025-08-26,109640,1,5,0,78.0
10109872GOMESP_2025-08-26_G10,10109872GOMESP,2025-08-26,111532,1,4,0,769.0
10109872GOMESP_2025-08-26_G11,10109872GOMESP,2025-08-26,141202,1,8,0,108.0
10109872GOMESP_2025-08-26_G12,10109872GOMESP,2025-08-26,108770,1,4,0,382.0
10109872GOMESP_2025-08-26_G13,10109872GOMESP,2025-08-26,110733,1,10,0,291.0
10109872GOMESP_2025-08-26_G14,10109872GOMESP,2025-08-26,108772,1,8,0,200.0
10109872GOMESP_2025-08-26_G15,10109872GOMESP,2025-08-26,111445,1,4,0,474.0
10109872GOMESP_2025-08-26_G16,10109872GOMESP,2025-08-26,108772,1,1,0,60.0
10109872GOMESP_2025-08-26_G17,10109872GOMESP,2025-08-26,110515,1,6,0,259.0
10109872GOMESP_2025-08-26_G18,10109872GOMESP,2025-08-26,111469,2,17,14,199.0
10109872GOMESP_2025-08-26_G19,10109872GOMESP,2025-08-26,111532,1,3,0,286.0
10109872GOMESP_2025-08-26_G20,10109872GOMESP,2025-08-26,"111418, 118140",2,15,22,126.0
10109872GOMESP_2025-08-26_G21,10109872GOMESP,2025-08-26,111466,1,7,0,102.0
10109872GOMESP_2025-08-26_G22,10109872GOMESP,2025-08-26,"111433, 111462",2,4,9,97.0
10109872GOMESP_2025-08-26_G23,10109872GOMESP,2025-08-26,"117808, 110325",2,11,15,153.0
10109872GOMESP_2025-08-26_G24,10109872GOMESP,2025-08-26,118299,1,5,0,50.0
10109872GOMESP_2025-08-26_G25,10109872GOMESP,2025-08-26,110372,1,4,0,38.0
10109872GOMESP_2025-08-26_G26,10109872GOMESP,2025-08-26,117830,1,1,0,87.0
10109872GOMESP_2025-08-26_G27,10109872GOMESP,2025-08-26,111530,1,2,0,369.0
10109872GOMESP_2025-08-26_G28,10109872GOMESP,2025-08-26,110515,1,5,0,97.0
10109872GOMESP_2025-08-26_G29,10109872GOMESP,2025-08-26,111469,1,6,0,157.0
10109872GOMESP_2025-08-26_G30,10109872GOMESP,2025-08-26,111418,1,12,0,110.0
10109872GOMESP_2025-08-26_G31,10109872GOMESP,2025-08-26,111466,1,6,0,62.0
10109872GOMESP_2025-08-26_G32,10109872GOMESP,2025-08-26,110374,1,3,0,84.0
10109872GOMESP_2025-08-26_G33,10109872GOMESP,2025-08-26,"117808, 110325",2,4,30,36.0
10109872GOMESP_2025-08-26_G34,10109872GOMESP,2025-08-26,110373,1,1,0,80.0
10109872GOMESP_2025-08-26_G35,10109872GOMESP,2025-08-26,110372,1,9,0,130.0
10109872GOMESP_2025-08-26_G36,10109872GOMESP,2025-08-26,111469,1,40,0,175.0
10109872GOMESP_2025-08-26_G37,10109872GOMESP,2025-08-26,108711,1,2,0,264.0
10109872GOMESP_2025-08-26_G38,10109872GOMESP,2025-08-26,118140,1,4,0,153.0
10109872GOMESP_2025-08-26_G39,10109872GOMESP,2025-08-26,111462,1,5,0,46.0
10109872GOMESP_2025-08-26_G40,10109872GOMESP,2025-08-26,110372,1,22,0,990.0
10109872GOMESP_2025-08-26_G41,10109872GOMESP,2025-08-26,108770,1,2,0,392.0
10109872GOMESP_2025-08-26_G42,10109872GOMESP,2025-08-26,110895,2,8,7,298.0
10109872GOMESP_2025-08-26_G43,10109872GOMESP,2025-08-26,117856,1,2,0,89.0
10109872GOMESP_2025-08-26_G44,10109872GOMESP,2025-08-26,108772,2,30,7,304.0
10109872GOMESP_2025-08-26_G46,10109872GOMESP,2025-08-26,141318,1,4,0,348.0
10109872GOMESP_2025-08-26_G47,10109872GOMESP,2025-08-26,111469,2,57,7,34.0
10109872GOMESP_2025-08-26_G48,10109872GOMESP,2025-08-26,141456,1,60,0,626.0
10109872GOMESP_2025-08-26_G49,10109872GOMESP,2025-08-26,141457,1,40,0,418.0
10109872GOMESP_2025-08-26_G50,10109872GOMESP,2025-08-26,141458,1,48,0,414.0
10109872GOMESP_2025-08-26_G51,10109872GOMESP,2025-08-26,117808,1,200,0,650.0
10109872GOMESP_2025-08-26_G52,10109872GOMESP,2025-08-26,110373,1,60,0,452.0
10109872GOMESP_2025-08-26_G53,10109872GOMESP,2025-08-26,118299,1,100,0,285.0
10109872GOMESP_2025-08-26_G54,10109872GOMESP,2025-08-26,117834,1,4,0,845.0
10109872GOMESP_2025-08-26_G55,10109872GOMESP,2025-08-26,111438,1,8,0,137.0
10109872GOMESP_2025-08-26_G56,10109872GOMESP,2025-08-26,117861,1,12,0,234.0
10109872GOMESP_2025-08-26_G57,10109872GOMESP,2025-08-26,110733,1,6,0,232.0
10109872GOMESP_2025-08-26_G58,10109872GOMESP,2025-08-26,111348,1,4,0,151.0
10109872GOMESP_2025-08-26_G59,10109872GOMESP,2025-08-26,117831,1,12,0,138.0
10109872GOMESP_2025-08-26_G60,10109872GOMESP,2025-08-26,111465,1,12,0,124.0
10109872GOMESP_2025-08-26_G61,10109872GOMESP,2025-08-26,140911,2,14,6,396.0
10109872GOMESP_2025-08-26_G62,10109872GOMESP,2025-08-26,"140911, 111330",3,8,24,146.0
10109872GOMESP_2025-08-26_G63,10109872GOMESP,2025-08-26,118140,1,4,0,124.0
10109872GOMESP_2025-08-26_G64,10109872GOMESP,2025-08-26,111466,1,6,0,143.0
10109872GOMESP_2025-08-26_G65,10109872GOMESP,2025-08-26,111660,1,2,0,373.0
10109872GOMESP_2025-08-26_G66,10109872GOMESP,2025-08-26,118222,1,3,0,130.0
10109872GOMESP_2025-08-26_G67,10109872GOMESP,2025-08-26,111441,1,10,0,406.0
10109872GOMESP_2025-08-26_G68,10109872GOMESP,2025-08-26,110895,1,6,0,86.0
10109872GOMESP_2025-08-26_G69,10109872GOMESP,2025-08-26,110373,1,2,0,51.0
10109872GOMESP_2025-08-26_G70,10109872GOMESP,2025-08-26,111330,1,12,0,654.0
10109872GOMESP_2025-08-26_G71,10109872GOMESP,2025-08-26,118094,1,50,0,1561.0
10109872GOMESP_2025-08-26_G72,10109872GOMESP,2025-08-26,117853,1,116,0,343.0
10109872GOMESP_2025-08-26_G73,10109872GOMESP,2025-08-26,110515,1,140,0,456.0
10109872GOMESP_2025-08-26_G74,10109872GOMESP,2025-08-26,124592,1,9,0,241.0
10109872GOMESP_2025-08-26_G75,10109872GOMESP,2025-08-26,124592,1,45,0,643.0
10109872GOMESP_2025-08-26_G76,10109872GOMESP,2025-08-26,124592,1,5,0,33.0
10109872GOMESP_2025-08-28_G02,10109872GOMESP,2025-08-28,111602,1,8,0,120.0
10109872GOMESP_2025-08-28_G03,10109872GOMESP,2025-08-28,111462,2,25,12,151.0
10109872GOMESP_2025-08-28_G04,10109872GOMESP,2025-08-28,111330,2,20,6,143.0
10109872GOMESP_2025-08-28_G05,10109872GOMESP,2025-08-28,110313,1,2,0,417.0
10109872GOMESP_2025-08-28_G06,10109872GOMESP,2025-08-28,117935,1,2,0,88.0
10109872GOMESP_2025-08-28_G07,10109872GOMESP,2025-08-28,108772,1,8,0,151.0
10109872GOMESP_2025-08-28_G08,10109872GOMESP,2025-08-28,118140,1,40,0,408.0
10109872GOMESP_2025-08-28_G09,10109872GOMESP,2025-08-28,110895,1,20,0,371.0
10109872GOMESP_2025-08-28_G10,10109872GOMESP,2025-08-28,110374,1,1,0,148.0
10109872GOMESP_2025-08-28_G11,10109872GOMESP,2025-08-28,109640,1,9,0,154.0
10109872GOMESP_2025-08-28_G12,10109872GOMESP,2025-08-28,111530,1,25,0,285.0
10109872GOMESP_2025-08-28_G13,10109872GOMESP,2025-08-28,117935,1,31,0,1051.0
10109872GOMESP_2025-08-28_G14,10109872GOMESP,2025-08-28,110895,1,10,0,621.0
10109872GOMESP_2025-08-28_G15,10109872GOMESP,2025-08-28,111445,1,4,0,69.0
10109872GOMESP_2025-08-28_G16,10109872GOMESP,2025-08-28,111530,1,30,0,160.0
10109872GOMESP_2025-08-28_G17,10109872GOMESP,2025-08-28,117855,3,30,33,468.0
10109872GOMESP_2025-08-28_G18,10109872GOMESP,2025-08-28,111602,1,25,0,339.0
10109872GOMESP_2025-08-28_G19,10109872GOMESP,2025-08-28,108772,1,2,0,313.0
10109872GOMESP_2025-08-28_G20,10109872GOMESP,2025-08-28,110372,2,150,6,82.0
10109872GOMESP_2025-08-28_G21,10109872GOMESP,2025-08-28,118299,1,100,0,617.0
10109872GOMESP_2025-08-28_G22,10109872GOMESP,2025-08-28,111530,1,5,0,2167.0
10109872GOMESP_2025-08-28_G23,10109872GOMESP,2025-08-28,110841,1,2,0,151.0
10109872GOMESP_2025-08-28_G24,10109872GOMESP,2025-08-28,117935,1,1,0,189.0
10109872GOMESP_2025-08-28_G25,10109872GOMESP,2025-08-28,118317,1,8,0,178.0
10109872GOMESP_2025-08-28_G26,10109872GOMESP,2025-08-28,107830,1,12,0,139.0
10109872GOMESP_2025-08-28_G27,10109872GOMESP,2025-08-28,110374,1,4,0,40.0
10109872GOMESP_2025-08-28_G28,10109872GOMESP,2025-08-28,118286,1,4,0,768.0
10109872GOMESP_2025-08-28_G29,10109872GOMESP,2025-08-28,110895,1,4,0,57.0
10109872GOMESP_2025-08-28_G30,10109872GOMESP,2025-08-28,110313,1,2,0,116.0
10109872GOMESP_2025-08-28_G31,10109872GOMESP,2025-08-28,118094,1,2,0,62.0
10109872GOMESP_2025-08-28_G32,10109872GOMESP,2025-08-28,117935,1,1,0,37.0
10109872GOMESP_2025-08-28_G33,10109872GOMESP,2025-08-28,117786,1,6,0,77.0
10109872GOMESP_2025-08-28_G34,10109872GOMESP,2025-08-28,140922,1,2,0,62.0
10109872GOMESP_2025-08-28_G35,10109872GOMESP,2025-08-28,111418,1,3,0,77.0
10109872GOMESP_2025-08-28_G36,10109872GOMESP,2025-08-28,117808,1,8,0,185.0
10109872GOMESP_2025-08-28_G37,10109872GOMESP,2025-08-28,110372,1,10,0,146.0
10109872GOMESP_2025-08-28_G38,10109872GOMESP,2025-08-28,117785,1,4,0,83.0
10109872GOMESP_2025-08-28_G39,10109872GOMESP,2025-08-28,140922,1,4,0,101.0
10109872GOMESP_2025-08-28_G40,10109872GOMESP,2025-08-28,111418,1,4,0,45.0
10109872GOMESP_2025-08-28_G41,10109872GOMESP,2025-08-28,117808,1,8,0,73.0
10109872GOMESP_2025-08-28_G42,10109872GOMESP,2025-08-28,117820,1,3,0,78.0
10109872GOMESP_2025-08-28_G43,10109872GOMESP,2025-08-28,110313,1,2,0,554.0
10109872GOMESP_2025-08-28_G44,10109872GOMESP,2025-08-28,117856,1,4,0,42.0
10109872GOMESP_2025-08-28_G45,10109872GOMESP,2025-08-28,118094,1,4,0,162.0
10109872GOMESP_2025-08-28_G46,10109872GOMESP,2025-08-28,141457,2,10,19,98.0
10109872GOMESP_2025-08-28_G47,10109872GOMESP,2025-08-28,111418,1,6,0,60.0
10109872GOMESP_2025-08-28_G48,10109872GOMESP,2025-08-28,111466,1,4,0,96.0
10109872GOMESP_2025-08-28_G49,10109872GOMESP,2025-08-28,111468,1,2,0,102.0
10109872GOMESP_2025-08-28_G50,10109872GOMESP,2025-08-28,117808,1,8,0,161.0
10109872GOMESP_2025-08-28_G51,10109872GOMESP,2025-08-28,110376,1,2,0,48.0
10109872GOMESP_2025-08-28_G53,10109872GOMESP,2025-08-28,107629,1,20,0,246.0
10109872GOMESP_2025-08-28_G54,10109872GOMESP,2025-08-28,111876,1,10,0,213.0
10109872GOMESP_2025-08-28_G55,10109872GOMESP,2025-08-28,110733,1,58,0,93.0
10109872GOMESP_2025-08-28_G56,10109872GOMESP,2025-08-28,110750,1,15,0,480.0
10109872GOMESP_2025-08-28_G57,10109872GOMESP,2025-08-28,109647,1,15,0,126.0
10109872GOMESP_2025-08-28_G58,10109872GOMESP,2025-08-28,108772,1,20,0,176.0
10109872GOMESP_2025-08-28_G59,10109872GOMESP,2025-08-28,110339,1,74,0,354.0
10109872GOMESP_2025-08-28_G60,10109872GOMESP,2025-08-28,110515,1,39,0,332.0
10109872GOMESP_2025-08-28_G61,10109872GOMESP,2025-08-28,"110745, 111462",2,26,25,665.0
10109872GOMESP_2025-08-28_G62,10109872GOMESP,2025-08-28,111442,1,2,0,40.0
10109872GOMESP_2025-08-28_G63,10109872GOMESP,2025-08-28,111465,1,8,0,120.0
10109872GOMESP_2025-08-28_G64,10109872GOMESP,2025-08-28,141202,1,94,0,344.0
10109872GOMESP_2025-08-28_G66,10109872GOMESP,2025-08-28,118290,1,20,0,432.0
10109872GOMESP_2025-08-28_G67,10109872GOMESP,2025-08-28,111330,1,5,0,479.0
10109872GOMESP_2025-08-28_G68,10109872GOMESP,2025-08-28,117830,1,14,0,863.0
10109872GOMESP_2025-08-28_G69,10109872GOMESP,2025-08-28,117935,1,28,0,101.0
10109872GOMESP_2025-08-29_G02,10109872GOMESP,2025-08-29,109640,3,10,18,240.0
10109872GOMESP_2025-08-29_G03,10109872GOMESP,2025-08-29,110373,1,12,0,433.0
10109872GOMESP_2025-08-29_G04,10109872GOMESP,2025-08-29,111602,1,4,0,178.0
10109872GOMESP_2025-08-29_G05,10109872GOMESP,2025-08-29,118299,1,10,0,118.0
10109872GOMESP_2025-08-29_G06,10109872GOMESP,2025-08-29,110373,1,3,0,132.0
10109872GOMESP_2025-08-29_G07,10109872GOMESP,2025-08-29,110372,1,4,0,68.0
10109872GOMESP_2025-08-29_G08,10109872GOMESP,2025-08-29,111530,1,3,0,297.0
10109872GOMESP_2025-08-29_G09,10109872GOMESP,2025-08-29,117820,1,30,0,194.0
10109872GOMESP_2025-08-29_G10,10109872GOMESP,2025-08-29,110895,1,4,0,131.0
10109872GOMESP_2025-08-29_G11,10109872GOMESP,2025-08-29,111660,1,1,0,111.0
10109872GOMESP_2025-08-29_G12,10109872GOMESP,2025-08-29,117862,1,2,0,85.0
10109872GOMESP_2025-08-29_G13,10109872GOMESP,2025-08-29,107830,1,1,0,50.0
10109872GOMESP_2025-08-29_G14,10109872GOMESP,2025-08-29,110373,1,5,0,64.0
10109872GOMESP_2025-08-29_G15,10109872GOMESP,2025-08-29,117809,1,4,0,87.0
10109872GOMESP_2025-08-29_G16,10109872GOMESP,2025-08-29,111463,1,2,0,320.0
10109872GOMESP_2025-08-29_G17,10109872GOMESP,2025-08-29,111443,1,2,0,48.0
10109872GOMESP_2025-08-29_G18,10109872GOMESP,2025-08-29,111466,1,2,0,90.0
10109872GOMESP_2025-08-29_G19,10109872GOMESP,2025-08-29,107236,1,2,0,55.0
10109872GOMESP_2025-08-29_G20,10109872GOMESP,2025-08-29,111465,1,2,0,67.0
10109872GOMESP_2025-08-29_G21,10109872GOMESP,2025-08-29,110325,1,8,0,126.0
10109872GOMESP_2025-08-29_G22,10109872GOMESP,2025-08-29,110372,1,10,0,93.0
10109872GOMESP_2025-08-29_G23,10109872GOMESP,2025-08-29,110373,1,2,0,384.0
10109872GOMESP_2025-08-29_G24,10109872GOMESP,2025-08-29,111660,1,2,0,91.0
10109872GOMESP_2025-08-29_G25,10109872GOMESP,2025-08-29,111569,1,2,0,143.0
10109872GOMESP_2025-08-29_G26,10109872GOMESP,2025-08-29,111330,1,8,0,144.0
10109872GOMESP_2025-08-29_G27,10109872GOMESP,2025-08-29,111530,1,10,0,347.0
10109872GOMESP_2025-08-29_G28,10109872GOMESP,2025-08-29,108772,1,4,0,81.0
10109872GOMESP_2025-08-29_G29,10109872GOMESP,2025-08-29,118222,1,12,0,262.0
10109872GOMESP_2025-08-29_G30,10109872GOMESP,2025-08-29,110895,1,6,0,161.0
10109872GOMESP_2025-08-29_G31,10109872GOMESP,2025-08-29,110754,1,4,0,101.0
10109872GOMESP_2025-08-29_G32,10109872GOMESP,2025-08-29,117935,1,6,0,352.0
10109872GOMESP_2025-08-29_G33,10109872GOMESP,2025-08-29,111759,1,1,0,806.0
10109872GOMESP_2025-08-29_G34,10109872GOMESP,2025-08-29,100334,1,3,0,1857.0
10109872GOMESP_2025-08-29_G35,10109872GOMESP,2025-08-29,110755,1,30,0,269.0
10109872GOMESP_2025-08-29_G36,10109872GOMESP,2025-08-29,160057,1,5,0,390.0
10109872GOMESP_2025-08-29_G37,10109872GOMESP,2025-08-29,111438,1,14,0,125.0
10109872GOMESP_2025-08-29_G38,10109872GOMESP,2025-08-29,160054,1,12,0,202.0
10109872GOMESP_2025-08-29_G39,10109872GOMESP,2025-08-29,160051,1,7,0,221.0
10109872GOMESP_2025-08-29_G40,10109872GOMESP,2025-08-29,111602,1,16,0,141.0
10109872GOMESP_2025-08-29_G41,10109872GOMESP,2025-08-29,110515,1,63,0,610.0
10109872GOMESP_2025-08-29_G42,10109872GOMESP,2025-08-29,118094,1,8,0,260.0
10109872GOMESP_2025-08-29_G43,10109872GOMESP,2025-08-29,117786,1,6,0,98.0
10109872GOMESP_2025-08-29_G44,10109872GOMESP,2025-08-29,111602,1,2,0,84.0
10109872GOMESP_2025-08-29_G45,10109872GOMESP,2025-08-29,110339,1,4,0,51.0
10109872GOMESP_2025-08-29_G46,10109872GOMESP,2025-08-29,110373,1,130,0,78.0
10109872GOMESP_2025-08-29_G47,10109872GOMESP,2025-08-29,110374,1,2,0,465.0
10109872GOMESP_2025-08-29_G48,10109872GOMESP,2025-08-29,117808,1,331,0,694.0
10109872GOMESP_2025-08-29_G50,10109872GOMESP,2025-08-29,117820,1,2,0,187.0
10109872GOMESP_2025-08-29_G51,10109872GOMESP,2025-08-29,"110371, 110373",2,21,21,157.0
10109872GOMESP_2025-08-29_G52,10109872GOMESP,2025-08-29,117785,1,19,0,363.0
10109872GOMESP_2025-08-29_G53,10109872GOMESP,2025-08-29,117841,1,10,0,108.0
10109872GOMESP_2025-08-29_G54,10109872GOMESP,2025-08-29,111418,1,84,0,462.0
10109872GOMESP_2025-08-29_G55,10109872GOMESP,2025-08-29,"111469, 111466",2,4,8,56.0
10109872GOMESP_2025-08-29_G56,10109872GOMESP,2025-08-29,109641,1,4,0,109.0
10109872GOMESP_2025-08-29_G57,10109872GOMESP,2025-08-29,111465,1,7,0,223.0
10109872GOMESP_2025-08-29_G58,10109872GOMESP,2025-08-29,117808,1,313,0,2052.0
10109872GOMESP_2025-08-29_G59,10109872GOMESP,2025-08-29,117808,1,382,0,293.0
10109872GOMESP_2025-08-29_G60,10109872GOMESP,2025-08-29,117808,1,200,0,744.0
10109872GOMESP_2025-08-29_G61,10109872GOMESP,2025-08-29,117808,1,565,0,306.0
10109872GOMESP_2025-08-29_G62,10109872GOMESP,2025-08-29,117935,1,24,0,406.0
10109872GOMESP_2025-08-29_G63,10109872GOMESP,2025-08-29,108772,1,5,0,232.0
10109872GOMESP_2025-08-29_G64,10109872GOMESP,2025-08-29,108711,1,8,0,1371.0
10109872GOMESP_2025-08-29_G65,10109872GOMESP,2025-08-29,117785,3,24,11,52.0
10109872GOMESP_2025-08-29_G66,10109872GOMESP,2025-08-29,117833,1,4,0,178.0
10109872GOMESP_2025-08-29_G67,10109872GOMESP,2025-08-29,110787,1,10,0,109.0
10109872GOMESP_2025-08-29_G68,10109872GOMESP,2025-08-29,111418,1,4,0,91.0
10109872GOMESP_2025-08-29_G69,10109872GOMESP,2025-08-29,118140,1,4,0,103.0
10109872GOMESP_2025-08-29_G70,10109872GOMESP,2025-08-29,111466,2,6,12,36.0
10109872GOMESP_2025-08-29_G71,10109872GOMESP,2025-08-29,117831,1,16,0,111.0
10109872GOMESP_2025-08-29_G72,10109872GOMESP,2025-08-29,111569,1,12,0,726.0
10109872GOMESP_2025-08-29_G73,10109872GOMESP,2025-08-29,117808,1,16,0,176.0
10109872GOMESP_2025-08-29_G74,10109872GOMESP,2025-08-29,117820,2,20,7,73.0
10109872GOMESP_2025-08-29_G75,10109872GOMESP,2025-08-29,110371,1,6,0,163.0
10109872GOMESP_2025-08-29_G76,10109872GOMESP,2025-08-29,117830,1,10,0,94.0
10109872GOMESP_2025-08-29_G77,10109872GOMESP,2025-08-29,117809,1,8,0,46.0
10109872GOMESP_2025-08-29_G78,10109872GOMESP,2025-08-29,117785,1,130,0,876.0
10109872GOMESP_2025-08-29_G79,10109872GOMESP,2025-08-29,141457,1,50,0,298.0
10109872GOMESP_2025-08-29_G80,10109872GOMESP,2025-08-29,117831,1,50,0,236.0
10109872GOMESP_2025-08-29_G81,10109872GOMESP,2025-08-29,117786,1,30,0,686.0
10109872GOMESP_2025-08-30_G02,10109872GOMESP,2025-08-30,118094,1,6,0,231.0
10109872GOMESP_2025-08-30_G03,10109872GOMESP,2025-08-30,118140,1,10,0,79.0
10109872GOMESP_2025-08-30_G04,10109872GOMESP,2025-08-30,111761,1,28,0,319.0
10109872GOMESP_2025-08-30_G05,10109872GOMESP,2025-08-30,111759,2,10,6,507.0
10109872GOMESP_2025-08-30_G06,10109872GOMESP,2025-08-30,141140,1,4,0,602.0
10109872GOMESP_2025-08-30_G07,10109872GOMESP,2025-08-30,111742,2,8,9,220.0
10109872GOMESP_2025-08-30_G08,10109872GOMESP,2025-08-30,111753,2,8,7,140.0
10109872GOMESP_2025-08-30_G09,10109872GOMESP,2025-08-30,111634,2,12,5,305.0
10109872GOMESP_2025-08-30_G10,10109872GOMESP,2025-08-30,111740,1,4,0,327.0
10109872GOMESP_2025-08-30_G11,10109872GOMESP,2025-08-30,141261,2,14,6,247.0
10109872GOMESP_2025-08-30_G12,10109872GOMESP,2025-08-30,111722,2,8,8,122.0
10109872GOMESP_2025-08-30_G13,10109872GOMESP,2025-08-30,141262,2,24,6,414.0
10109872GOMESP_2025-08-30_G14,10109872GOMESP,2025-08-30,111759,2,10,6,356.0
10109872GOMESP_2025-08-30_G15,10109872GOMESP,2025-08-30,111723,1,4,0,291.0
10109872GOMESP_2025-08-30_G16,10109872GOMESP,2025-08-30,111723,2,8,4,33.0
10109872GOMESP_2025-08-30_G17,10109872GOMESP,2025-08-30,111742,2,10,7,2100.0
10109872GOMESP_2025-08-30_G18,10109872GOMESP,2025-08-30,111634,2,12,6,304.0
10109872GOMESP_2025-08-30_G19,10109872GOMESP,2025-08-30,111740,2,10,5,343.0
10109872GOMESP_2025-08-30_G20,10109872GOMESP,2025-08-30,141261,2,14,6,767.0
10109872GOMESP_2025-08-30_G21,10109872GOMESP,2025-08-30,111722,2,8,5,130.0
10109872GOMESP_2025-08-30_G22,10109872GOMESP,2025-08-30,141262,2,24,4,98.0
10109872GOMESP_2025-08-30_G23,10109872GOMESP,2025-08-30,111569,1,2,0,612.0
10109872GOMESP_2025-08-30_G24,10109872GOMESP,2025-08-30,117862,1,4,0,315.0
10109872GOMESP_2025-08-30_G25,10109872GOMESP,2025-08-30,117853,1,2,0,221.0
10109872GOMESP_2025-08-30_G26,10109872GOMESP,2025-08-30,117855,1,4,0,78.0
10109872GOMESP_2025-08-30_G27,10109872GOMESP,2025-08-30,111602,1,3,0,104.0
10109872GOMESP_2025-08-30_G28,10109872GOMESP,2025-08-30,140922,1,8,0,85.0
10109872GOMESP_2025-08-30_G29,10109872GOMESP,2025-08-30,117787,1,2,0,144.0
10109872GOMESP_2025-08-30_G30,10109872GOMESP,2025-08-30,141457,1,2,0,68.0
10109872GOMESP_2025-08-30_G31,10109872GOMESP,2025-08-30,111532,1,3,0,42.0
10109872GOMESP_2025-08-30_G32,10109872GOMESP,2025-08-30,111172,1,2,0,91.0
10109872GOMESP_2025-08-30_G33,10109872GOMESP,2025-08-30,118094,1,8,0,204.0
10109872GOMESP_2025-08-30_G34,10109872GOMESP,2025-08-30,111532,1,2,0,147.0
10109872GOMESP_2025-08-30_G35,10109872GOMESP,2025-08-30,117831,1,8,0,154.0
10109872GOMESP_2025-08-30_G36,10109872GOMESP,2025-08-30,110374,1,4,0,86.0
10109872GOMESP_2025-08-30_G37,10109872GOMESP,2025-08-30,110325,1,5,0,90.0
10109872GOMESP_2025-08-30_G38,10109872GOMESP,2025-08-30,117830,1,8,0,111.0
10109872GOMESP_2025-08-30_G39,10109872GOMESP,2025-08-30,118222,1,20,0,237.0
10109872GOMESP_2025-08-30_G40,10109872GOMESP,2025-08-30,111430,1,2,0,439.0
10109872GOMESP_2025-08-30_G41,10109872GOMESP,2025-08-30,118094,1,3,0,82.0
10109872GOMESP_2025-08-30_G43,10109872GOMESP,2025-08-30,110895,1,3,0,658.0
10109872GOMESP_2025-08-30_G44,10109872GOMESP,2025-08-30,110313,1,3,0,59.0
10109872GOMESP_2025-08-30_G45,10109872GOMESP,2025-08-30,118094,1,3,0,59.0
10109872GOMESP_2025-08-30_G46,10109872GOMESP,2025-08-30,111463,1,6,0,123.0
10109872GOMESP_2025-08-30_G47,10109872GOMESP,2025-08-30,117856,1,6,0,119.0
10109872GOMESP_2025-08-30_G48,10109872GOMESP,2025-08-30,117935,1,2,0,60.0
10109872GOMESP_2025-08-30_G49,10109872GOMESP,2025-08-30,109647,1,4,0,207.0
10109872GOMESP_2025-08-30_G50,10109872GOMESP,2025-08-30,111602,1,5,0,136.0
10109872GOMESP_2025-08-30_G51,10109872GOMESP,2025-08-30,111723,1,4,0,1181.0
10109872GOMESP_2025-08-30_G52,10109872GOMESP,2025-08-30,141140,1,4,0,233.0
10109872GOMESP_2025-08-30_G53,10109872GOMESP,2025-08-30,111753,1,4,0,103.0
10109872GOMESP_2025-08-30_G54,10109872GOMESP,2025-08-30,111634,1,4,0,114.0
10109872GOMESP_2025-08-30_G55,10109872GOMESP,2025-08-30,141261,1,8,0,242.0
10109872GOMESP_2025-08-30_G56,10109872GOMESP,2025-08-30,111722,1,4,0,65.0
10109872GOMESP_2025-08-30_G57,10109872GOMESP,2025-08-30,141262,1,8,0,102.0
10109872GOMESP_2025-08-30_G58,10109872GOMESP,2025-08-30,141140,1,6,0,576.0
10109872GOMESP_2025-08-30_G59,10109872GOMESP,2025-08-30,111441,1,4,0,1393.0
10109872GOMESP_2025-08-30_G60,10109872GOMESP,2025-08-30,117935,1,1,0,68.0
10109872GOMESP_2025-08-30_G61,10109872GOMESP,2025-08-30,111463,1,2,0,64.0
10109872GOMESP_2025-08-30_G62,10109872GOMESP,2025-08-30,111418,1,40,0,110.0
10109872GOMESP_2025-08-30_G63,10109872GOMESP,2025-08-30,111469,2,6,5,277.0
10109872GOMESP_2025-08-30_G64,10109872GOMESP,2025-08-30,111466,2,16,5,201.0
10109872GOMESP_2025-08-30_G65,10109872GOMESP,2025-08-30,117785,1,2,0,129.0
10109872GOMESP_2025-08-30_G66,10109872GOMESP,2025-08-30,111462,1,6,0,65.0
10109872GOMESP_2025-08-30_G67,10109872GOMESP,2025-08-30,110373,2,30,5,232.0
10109872GOMESP_2025-08-30_G68,10109872GOMESP,2025-08-30,110374,1,16,0,182.0
10109872GOMESP_2025-08-30_G69,10109872GOMESP,2025-08-30,118299,1,10,0,208.0
10109872GOMESP_2025-08-30_G70,10109872GOMESP,2025-08-30,117820,1,20,0,213.0
10109872GOMESP_2025-08-30_G71,10109872GOMESP,2025-08-30,110372,2,40,10,82.0
10109872GOMESP_2025-08-30_G72,10109872GOMESP,2025-08-30,110371,2,50,5,364.0
10109872GOMESP_2025-08-30_G73,10109872GOMESP,2025-08-30,117808,4,200,31,406.0
10109872GOMESP_2025-08-30_G74,10109872GOMESP,2025-08-30,110372,1,4,0,805.0
10109872GOMESP_2025-08-30_G75,10109872GOMESP,2025-08-30,111723,1,6,0,328.0
10109872GOMESP_2025-08-30_G76,10109872GOMESP,2025-08-30,111753,1,4,0,74.0
10109872GOMESP_2025-08-30_G77,10109872GOMESP,2025-08-30,111634,1,4,0,435.0
10109872GOMESP_2025-08-30_G78,10109872GOMESP,2025-08-30,111722,1,10,0,92.0
10109872GOMESP_2025-08-30_G79,10109872GOMESP,2025-08-30,141262,1,12,0,117.0
10109872GOMESP_2025-08-30_G80,10109872GOMESP,2025-08-30,117820,1,4,0,255.0
10109872GOMESP_2025-08-30_G81,10109872GOMESP,2025-08-30,117808,1,6,0,55.0
10109872GOMESP_2025-08-30_G82,10109872GOMESP,2025-08-30,141262,1,3,0,257.0
10109872GOMESP_2025-08-30_G83,10109872GOMESP,2025-08-30,110754,1,2,0,250.0
10109872GOMESP_2025-09-02_G02,10109872GOMESP,2025-09-02,109645,1,20,0,615.0
10109872GOMESP_2025-09-02_G03,10109872GOMESP,2025-09-02,111532,1,4,0,98.0
10109872GOMESP_2025-09-02_G04,10109872GOMESP,2025-09-02,111532,2,76,6,91.0
10109872GOMESP_2025-09-02_G05,10109872GOMESP,2025-09-02,107236,2,104,5,255.0
10109872GOMESP_2025-09-02_G06,10109872GOMESP,2025-09-02,118330,1,40,0,321.0
10109872GOMESP_2025-09-02_G07,10109872GOMESP,2025-09-02,111737,1,62,0,511.0
10109872GOMESP_2025-09-02_G09,10109872GOMESP,2025-09-02,117788,1,50,0,273.0
10109872GOMESP_2025-09-02_G10,10109872GOMESP,2025-09-02,107629,1,20,0,1492.0
10109872GOMESP_2025-09-02_G11,10109872GOMESP,2025-09-02,111530,1,25,0,355.0
10109872GOMESP_2025-09-02_G12,10109872GOMESP,2025-09-02,111602,1,25,0,501.0
10109872GOMESP_2025-09-02_G13,10109872GOMESP,2025-09-02,110339,1,12,0,99.0
10109872GOMESP_2025-09-02_G14,10109872GOMESP,2025-09-02,111348,1,20,0,101.0
10109872GOMESP_2025-09-02_G15,10109872GOMESP,2025-09-02,111530,1,50,0,1098.0
10109872GOMESP_2025-09-02_G16,10109872GOMESP,2025-09-02,109645,1,235,0,1704.0
10109872GOMESP_2025-09-02_G17,10109872GOMESP,2025-09-02,110787,1,139,0,802.0
10109872GOMESP_2025-09-04_G02,10109872GOMESP,2025-09-04,"109643, 110374",2,14,19,43.0
10109872GOMESP_2025-09-04_G03,10109872GOMESP,2025-09-04,117820,1,20,0,161.0
10109872GOMESP_2025-09-04_G04,10109872GOMESP,2025-09-04,110373,1,22,0,326.0
10109872GOMESP_2025-09-04_G05,10109872GOMESP,2025-09-04,117832,1,12,0,132.0
10109872GOMESP_2025-09-04_G06,10109872GOMESP,2025-09-04,110371,1,26,0,86.0
10109872GOMESP_2025-09-04_G07,10109872GOMESP,2025-09-04,110375,1,10,0,136.0
10109872GOMESP_2025-09-04_G08,10109872GOMESP,2025-09-04,118299,1,24,0,648.0
10109872GOMESP_2025-09-04_G09,10109872GOMESP,2025-09-04,117830,1,6,0,151.0
10109872GOMESP_2025-09-04_G10,10109872GOMESP,2025-09-04,117809,1,12,0,108.0
10109872GOMESP_2025-09-04_G11,10109872GOMESP,2025-09-04,117808,1,20,0,226.0
10109872GOMESP_2025-09-04_G12,10109872GOMESP,2025-09-04,111469,2,16,9,244.0
10109872GOMESP_2025-09-04_G13,10109872GOMESP,2025-09-04,110745,1,4,0,308.0
10109872GOMESP_2025-09-04_G14,10109872GOMESP,2025-09-04,"107236, 117831",2,8,26,86.0
10109872GOMESP_2025-09-04_G15,10109872GOMESP,2025-09-04,141823,1,12,0,270.0
10109872GOMESP_2025-09-04_G16,10109872GOMESP,2025-09-04,111444,1,2,0,188.0
10109872GOMESP_2025-09-04_G17,10109872GOMESP,2025-09-04,110332,1,3,0,102.0
10109872GOMESP_2025-09-04_G18,10109872GOMESP,2025-09-04,118283,1,20,0,2960.0
10109872GOMESP_2025-09-04_G19,10109872GOMESP,2025-09-04,111441,1,8,0,47.0
10109872GOMESP_2025-09-04_G20,10109872GOMESP,2025-09-04,111655,1,5,0,421.0
10109872GOMESP_2025-09-04_G21,10109872GOMESP,2025-09-04,108770,1,10,0,131.0
10109872GOMESP_2025-09-04_G22,10109872GOMESP,2025-09-04,140911,1,4,0,45.0
10109872GOMESP_2025-09-04_G23,10109872GOMESP,2025-09-04,118222,1,20,0,359.0
10109872GOMESP_2025-09-04_G24,10109872GOMESP,2025-09-04,110313,1,16,0,2204.0
10109872GOMESP_2025-09-04_G25,10109872GOMESP,2025-09-04,117861,1,8,0,161.0
10109872GOMESP_2025-09-04_G26,10109872GOMESP,2025-09-04,101217,1,2,0,183.0
10109872GOMESP_2025-09-05_G02,10109872GOMESP,2025-09-05,117935,1,21,0,528.0
10109872GOMESP_2025-09-05_G03,10109872GOMESP,2025-09-05,101217,1,13,0,307.0
10109872GOMESP_2025-09-05_G04,10109872GOMESP,2025-09-05,118094,1,23,0,484.0
10109872GOMESP_2025-09-05_G05,10109872GOMESP,2025-09-05,110515,1,80,0,488.0
10109872GOMESP_2025-09-05_G06,10109872GOMESP,2025-09-05,117831,1,30,0,257.0
10109872GOMESP_2025-09-05_G07,10109872GOMESP,2025-09-05,141823,1,31,0,359.0
10109872GOMESP_2025-09-05_G08,10109872GOMESP,2025-09-05,111444,1,11,0,151.0
10109872GOMESP_2025-09-05_G09,10109872GOMESP,2025-09-05,111465,1,24,0,320.0
10109872GOMESP_2025-09-05_G10,10109872GOMESP,2025-09-05,111743,1,39,0,242.0
10109872GOMESP_2025-09-05_G11,10109872GOMESP,2025-09-05,117787,1,13,0,255.0
10109872GOMESP_2025-09-05_G12,10109872GOMESP,2025-09-05,"118317, 117785",2,77,10,704.0
10109872GOMESP_2025-09-05_G13,10109872GOMESP,2025-09-05,111876,1,10,0,151.0
10109872GOMESP_2025-09-05_G14,10109872GOMESP,2025-09-05,110733,1,45,0,320.0
10109872GOMESP_2025-09-05_G15,10109872GOMESP,2025-09-05,118306,1,15,0,1338.0
10109872GOMESP_2025-09-05_G16,10109872GOMESP,2025-09-05,117834,1,16,0,226.0
10109872GOMESP_2025-09-05_G17,10109872GOMESP,2025-09-05,110755,1,12,0,252.0
10109872GOMESP_2025-09-05_G18,10109872GOMESP,2025-09-05,109873,1,2,0,49.0
10109872GOMESP_2025-09-05_G19,10109872GOMESP,2025-09-05,111655,1,10,0,301.0
10109872GOMESP_2025-09-05_G20,10109872GOMESP,2025-09-05,117835,1,10,0,165.0
10109872GOMESP_2025-09-05_G21,10109872GOMESP,2025-09-05,111438,1,7,0,140.0
10109872GOMESP_2025-09-05_G22,10109872GOMESP,2025-09-05,111463,1,100,0,1381.0
10109872GOMESP_2025-09-05_G23,10109872GOMESP,2025-09-05,116241,1,11,0,514.0
10109872GOMESP_2025-09-05_G24,10109872GOMESP,2025-09-05,111532,1,45,0,378.0
10109872GOMESP_2025-09-05_G25,10109872GOMESP,2025-09-05,110748,1,9,0,83.0
10109872GOMESP_2025-09-05_G26,10109872GOMESP,2025-09-05,111444,1,27,0,281.0
10109872GOMESP_2025-09-05_G27,10109872GOMESP,2025-09-05,110740,1,40,0,522.0
10109872GOMESP_2025-09-08_G02,10109872GOMESP,2025-09-08,111441,1,8,0,322.0
10109872GOMESP_2025-09-08_G03,10109872GOMESP,2025-09-08,111445,1,4,0,98.0
10109872GOMESP_2025-09-08_G04,10109872GOMESP,2025-09-08,111655,1,12,0,614.0
10109872GOMESP_2025-09-08_G05,10109872GOMESP,2025-09-08,111569,1,12,0,325.0
10109872GOMESP_2025-09-08_G06,10109872GOMESP,2025-09-08,116241,1,12,0,81.0
10109872GOMESP_2025-09-08_G07,10109872GOMESP,2025-09-08,111418,1,12,0,228.0
10109872GOMESP_2025-09-08_G08,10109872GOMESP,2025-09-08,108759,1,2,0,1094.0
10109872GOMESP_2025-09-08_G09,10109872GOMESP,2025-09-08,118222,1,4,0,74.0
10109872GOMESP_2025-09-08_G10,10109872GOMESP,2025-09-08,111660,1,4,0,42.0
10109872GOMESP_2025-09-08_G11,10109872GOMESP,2025-09-08,117786,1,2,0,352.0
10109872GOMESP_2025-09-08_G12,10109872GOMESP,2025-09-08,109647,1,3,0,53.0
10109872GOMESP_2025-09-08_G13,10109872GOMESP,2025-09-08,117856,1,4,0,98.0
10109872GOMESP_2025-09-08_G14,10109872GOMESP,2025-09-08,"118298, 117935",2,3,27,60.0
10109872GOMESP_2025-09-08_G15,10109872GOMESP,2025-09-08,"117861, 110733",2,5,26,74.0
10109872GOMESP_2025-09-08_G16,10109872GOMESP,2025-09-08,141047,1,6,0,244.0
10109872GOMESP_2025-09-08_G17,10109872GOMESP,2025-09-08,109640,1,2,0,156.0
10109872GOMESP_2025-09-08_G18,10109872GOMESP,2025-09-08,110313,1,2,0,62.0
10109872GOMESP_2025-09-08_G19,10109872GOMESP,2025-09-08,117837,1,1,0,65.0
10109872GOMESP_2025-09-08_G20,10109872GOMESP,2025-09-08,111182,1,1,0,168.0
10109872GOMESP_2025-09-08_G21,10109872GOMESP,2025-09-08,118140,2,49,5,108.0
10109872GOMESP_2025-09-08_G22,10109872GOMESP,2025-09-08,110751,1,4,0,296.0
10109872GOMESP_2025-09-08_G23,10109872GOMESP,2025-09-08,108711,1,20,0,173.0
10109872GOMESP_2025-09-08_G24,10109872GOMESP,2025-09-08,111431,1,10,0,449.0
10109872GOMESP_2025-09-08_G25,10109872GOMESP,2025-09-08,109645,1,37,0,175.0
10109872GOMESP_2025-09-08_G26,10109872GOMESP,2025-09-08,108794,1,6,0,352.0
10109872GOMESP_2025-09-08_G27,10109872GOMESP,2025-09-08,"111469, 111466",2,23,8,138.0
10109872GOMESP_2025-09-08_G28,10109872GOMESP,2025-09-08,111466,1,64,0,52.0
10109872GOMESP_2025-09-08_G29,10109872GOMESP,2025-09-08,111462,1,23,0,295.0
10109872GOMESP_2025-09-08_G30,10109872GOMESP,2025-09-08,141823,1,2,0,120.0
10109872GOMESP_2025-09-08_G31,10109872GOMESP,2025-09-08,111465,1,2,0,79.0
10109872GOMESP_2025-09-08_G32,10109872GOMESP,2025-09-08,111850,1,8,0,197.0
10109872GOMESP_2025-09-08_G33,10109872GOMESP,2025-09-08,109647,1,26,0,547.0
10109872GOMESP_2025-09-08_G34,10109872GOMESP,2025-09-08,118140,1,2,0,32.0
10109872GOMESP_2025-09-08_G35,10109872GOMESP,2025-09-08,111463,1,70,0,97.0
10109872GOMESP_2025-09-08_G36,10109872GOMESP,2025-09-08,109645,1,7,0,557.0
10109872GOMESP_2025-09-08_G37,10109872GOMESP,2025-09-08,111469,1,40,0,649.0
10109872GOMESP_2025-09-08_G38,10109872GOMESP,2025-09-08,111462,1,35,0,47.0
10109872GOMESP_2025-09-08_G39,10109872GOMESP,2025-09-08,"111348, 141823",2,11,17,209.0
10109872GOMESP_2025-09-08_G40,10109872GOMESP,2025-09-08,111469,1,2,0,59.0
10109872GOMESP_2025-09-08_G41,10109872GOMESP,2025-09-08,110372,1,2,0,135.0
10109872GOMESP_2025-09-08_G42,10109872GOMESP,2025-09-08,117832,1,8,0,97.0
10109872GOMESP_2025-09-08_G43,10109872GOMESP,2025-09-08,110373,1,34,0,552.0
10109872GOMESP_2025-09-08_G45,10109872GOMESP,2025-09-08,110582,1,10,0,82.0
10109872GOMESP_2025-09-08_G46,10109872GOMESP,2025-09-08,108759,1,17,0,467.0
10109872GOMESP_2025-09-08_G47,10109872GOMESP,2025-09-08,118418,1,6,0,248.0
10109872GOMESP_2025-09-08_G48,10109872GOMESP,2025-09-08,117836,1,8,0,171.0
10109872GOMESP_2025-09-08_G49,10109872GOMESP,2025-09-08,"117834, 111655",2,16,27,926.0
10109872GOMESP_2025-09-08_G50,10109872GOMESP,2025-09-08,116527,1,4,0,56.0
10109872GOMESP_2025-09-08_G51,10109872GOMESP,2025-09-08,111861,1,2,0,224.0
10109872GOMESP_2025-09-08_G52,10109872GOMESP,2025-09-08,108770,1,19,0,55.0
10109872GOMESP_2025-09-08_G53,10109872GOMESP,2025-09-08,111569,1,2,0,157.0
10109872GOMESP_2025-09-08_G54,10109872GOMESP,2025-09-08,117835,1,7,0,144.0
10109872GOMESP_2025-09-08_G55,10109872GOMESP,2025-09-08,109495,1,1,0,181.0
10109872GOMESP_2025-09-08_G56,10109872GOMESP,2025-09-08,140911,1,8,0,59.0
10109872GOMESP_2025-09-08_G57,10109872GOMESP,2025-09-08,110747,1,4,0,116.0
10109872GOMESP_2025-09-08_G58,10109872GOMESP,2025-09-08,110754,1,2,0,47.0
10109872GOMESP_2025-09-08_G59,10109872GOMESP,2025-09-08,111660,1,10,0,153.0
10109872GOMESP_2025-09-08_G60,10109872GOMESP,2025-09-08,109471,1,3,0,67.0
10109872GOMESP_2025-09-08_G61,10109872GOMESP,2025-09-08,141066,1,4,0,481.0
10109872GOMESP_2025-09-08_G62,10109872GOMESP,2025-09-08,117786,1,6,0,57.0
10109872GOMESP_2025-09-08_G63,10109872GOMESP,2025-09-08,117862,1,3,0,56.0
10109872GOMESP_2025-09-08_G64,10109872GOMESP,2025-09-08,111876,1,4,0,82.0
10109872GOMESP_2025-09-08_G65,10109872GOMESP,2025-09-08,117856,1,4,0,81.0
10109872GOMESP_2025-09-08_G66,10109872GOMESP,2025-09-08,110741,1,7,0,316.0
10109872GOMESP_2025-09-08_G67,10109872GOMESP,2025-09-08,118298,1,6,0,85.0
10109872GOMESP_2025-09-08_G68,10109872GOMESP,2025-09-08,117861,1,2,0,78.0
10109872GOMESP_2025-09-08_G69,10109872GOMESP,2025-09-08,110756,1,4,0,47.0
10109872GOMESP_2025-09-08_G70,10109872GOMESP,2025-09-08,109640,1,2,0,77.0
10109872GOMESP_2025-09-08_G71,10109872GOMESP,2025-09-08,110515,1,58,0,112.0
10109872GOMESP_2025-09-08_G72,10109872GOMESP,2025-09-08,117837,1,2,0,431.0
10109872GOMESP_2025-09-08_G73,10109872GOMESP,2025-09-08,110580,1,2,0,125.0
10109872GOMESP_2025-09-08_G74,10109872GOMESP,2025-09-08,109648,1,2,0,1415.0
10109872GOMESP_2025-09-08_G75,10109872GOMESP,2025-09-08,107830,1,30,0,69.0
10109872GOMESP_2025-09-08_G76,10109872GOMESP,2025-09-08,110374,1,86,0,874.0
10109872GOMESP_2025-09-08_G77,10109872GOMESP,2025-09-08,110376,1,12,0,437.0
10109872GOMESP_2025-09-08_G78,10109872GOMESP,2025-09-08,118283,1,10,0,131.0
10109872GOMESP_2025-09-08_G79,10109872GOMESP,2025-09-08,111430,1,40,0,228.0
10109872GOMESP_2025-09-08_G80,10109872GOMESP,2025-09-08,100334,1,20,0,955.0
10109872GOMESP_2025-09-08_G81,10109872GOMESP,2025-09-08,110755,1,10,0,326.0
10109872GOMESP_2025-09-08_G82,10109872GOMESP,2025-09-08,117835,1,4,0,309.0
10109872GOMESP_2025-09-08_G83,10109872GOMESP,2025-09-08,109933,1,4,0,618.0
10109872GOMESP_2025-09-09_G02,10109872GOMESP,2025-09-09,141140,1,50,0,566.0
10109872GOMESP_2025-09-09_G03,10109872GOMESP,2025-09-09,141313,2,4,16,1994.0
10109872GOMESP_2025-09-09_G04,10109872GOMESP,2025-09-09,108795,1,4,0,316.0
10109872GOMESP_2025-09-09_G05,10109872GOMESP,2025-09-09,110755,1,4,0,142.0
10109872GOMESP_2025-09-09_G06,10109872GOMESP,2025-09-09,107236,1,2,0,108.0
10109872GOMESP_2025-09-09_G07,10109872GOMESP,2025-09-09,111465,1,2,0,74.0
10109872GOMESP_2025-09-09_G08,10109872GOMESP,2025-09-09,117856,1,2,0,121.0
10109872GOMESP_2025-09-09_G09,10109872GOMESP,2025-09-09,"117855, 111467",2,3,11,675.0
10109872GOMESP_2025-09-09_G10,10109872GOMESP,2025-09-09,117808,1,10,0,125.0
10109872GOMESP_2025-09-09_G11,10109872GOMESP,2025-09-09,117820,1,10,0,73.0
10109872GOMESP_2025-09-09_G12,10109872GOMESP,2025-09-09,118299,1,10,0,82.0
10109872GOMESP_2025-09-09_G13,10109872GOMESP,2025-09-09,110372,1,10,0,173.0
10109872GOMESP_2025-09-09_G14,10109872GOMESP,2025-09-09,110373,1,8,0,113.0
10109872GOMESP_2025-09-09_G15,10109872GOMESP,2025-09-09,109647,1,2,0,3428.0
10109872GOMESP_2025-09-09_G16,10109872GOMESP,2025-09-09,107629,1,6,0,158.0
10109872GOMESP_2025-09-09_G17,10109872GOMESP,2025-09-09,117855,1,8,0,116.0
10109872GOMESP_2025-09-09_G18,10109872GOMESP,2025-09-09,111439,1,5,0,109.0
10109872GOMESP_2025-09-09_G19,10109872GOMESP,2025-09-09,118094,1,4,0,73.0
10109872GOMESP_2025-09-09_G20,10109872GOMESP,2025-09-09,109643,1,7,0,126.0
10109872GOMESP_2025-09-09_G21,10109872GOMESP,2025-09-09,110374,2,43,17,41.0
10109872GOMESP_2025-09-09_G22,10109872GOMESP,2025-09-09,117820,2,39,5,515.0
10109872GOMESP_2025-09-09_G23,10109872GOMESP,2025-09-09,110372,1,22,0,254.0
10109872GOMESP_2025-09-09_G24,10109872GOMESP,2025-09-09,110371,1,25,0,231.0
10109872GOMESP_2025-09-09_G25,10109872GOMESP,2025-09-09,110373,1,2,0,60.0
10109872GOMESP_2025-09-09_G26,10109872GOMESP,2025-09-09,110373,1,39,0,72.0
10109872GOMESP_2025-09-09_G27,10109872GOMESP,2025-09-09,118299,1,58,0,327.0
10109872GOMESP_2025-09-09_G28,10109872GOMESP,2025-09-09,118306,1,2,0,313.0
10109872GOMESP_2025-09-09_G29,10109872GOMESP,2025-09-09,110742,1,8,0,99.0
10109872GOMESP_2025-09-09_G30,10109872GOMESP,2025-09-09,111569,1,4,0,99.0
10109872GOMESP_2025-09-09_G31,10109872GOMESP,2025-09-09,118222,1,5,0,147.0
10109872GOMESP_2025-09-09_G33,10109872GOMESP,2025-09-09,118094,1,13,0,209.0
10109872GOMESP_2025-09-09_G34,10109872GOMESP,2025-09-09,117808,1,29,0,258.0
10109872GOMESP_2025-09-09_G35,10109872GOMESP,2025-09-09,110371,1,30,0,51.0
10109872GOMESP_2025-09-09_G36,10109872GOMESP,2025-09-09,117820,1,120,0,79.0
10109872GOMESP_2025-09-09_G37,10109872GOMESP,2025-09-09,117808,1,7,0,836.0
10109872GOMESP_2025-09-09_G38,10109872GOMESP,2025-09-09,110374,1,9,0,70.0
10109872GOMESP_2025-09-09_G39,10109872GOMESP,2025-09-09,117820,1,2,0,49.0
10109872GOMESP_2025-09-09_G40,10109872GOMESP,2025-09-09,117820,1,75,0,34.0
10109872GOMESP_2025-09-09_G41,10109872GOMESP,2025-09-09,110372,2,57,16,697.0
10109872GOMESP_2025-09-09_G42,10109872GOMESP,2025-09-09,110371,1,6,0,107.0
10109872GOMESP_2025-09-09_G43,10109872GOMESP,2025-09-09,111441,1,2,0,845.0
10109872GOMESP_2025-09-09_G44,10109872GOMESP,2025-09-09,111438,1,15,0,52.0
10109872GOMESP_2025-09-09_G45,10109872GOMESP,2025-09-09,118094,1,5,0,341.0
10109872GOMESP_2025-09-09_G46,10109872GOMESP,2025-09-09,110374,1,4,0,86.0
10109872GOMESP_2025-09-09_G47,10109872GOMESP,2025-09-09,110372,1,21,0,210.0
10109872GOMESP_2025-09-09_G48,10109872GOMESP,2025-09-09,110373,1,65,0,210.0
10109872GOMESP_2025-09-09_G49,10109872GOMESP,2025-09-09,110374,1,16,0,549.0
10109872GOMESP_2025-09-09_G50,10109872GOMESP,2025-09-09,111438,1,5,0,97.0
10109872GOMESP_2025-09-09_G51,10109872GOMESP,2025-09-09,118222,1,1,0,115.0
10109872GOMESP_2025-09-09_G52,10109872GOMESP,2025-09-09,"118299, 110372",2,11,11,117.0
10109872GOMESP_2025-09-09_G53,10109872GOMESP,2025-09-09,117832,1,6,0,94.0
10109872GOMESP_2025-09-09_G54,10109872GOMESP,2025-09-09,110371,1,5,0,43.0
10109872GOMESP_2025-09-09_G55,10109872GOMESP,2025-09-09,110373,1,3,0,53.0
10109872GOMESP_2025-09-09_G56,10109872GOMESP,2025-09-09,105705,1,4,0,340.0
10109872GOMESP_2025-09-09_G57,10109872GOMESP,2025-09-09,140922,1,4,0,58.0
10109872GOMESP_2025-09-09_G58,10109872GOMESP,2025-09-09,110740,1,2,0,84.0
10109872GOMESP_2025-09-09_G59,10109872GOMESP,2025-09-09,117820,1,4,0,59.0
10109872GOMESP_2025-09-09_G60,10109872GOMESP,2025-09-09,110372,1,6,0,94.0
10109872GOMESP_2025-09-09_G61,10109872GOMESP,2025-09-09,118222,1,7,0,100.0
10109872GOMESP_2025-09-09_G62,10109872GOMESP,2025-09-09,117856,1,2,0,153.0
10109872GOMESP_2025-09-09_G63,10109872GOMESP,2025-09-09,111530,2,20,7,143.0
10109872GOMESP_2025-09-09_G64,10109872GOMESP,2025-09-09,110752,1,2,0,420.0
10109872GOMESP_2025-09-09_G65,10109872GOMESP,2025-09-09,117808,1,1,0,740.0
10109872GOMESP_2025-09-09_G66,10109872GOMESP,2025-09-09,118299,1,7,0,65.0
10109872GOMESP_2025-09-09_G67,10109872GOMESP,2025-09-09,110372,1,9,0,56.0
10109872GOMESP_2025-09-09_G68,10109872GOMESP,2025-09-09,110373,1,11,0,95.0
10109872GOMESP_2025-09-09_G69,10109872GOMESP,2025-09-09,109640,1,5,0,690.0
10109872GOMESP_2025-09-09_G70,10109872GOMESP,2025-09-09,111438,1,4,0,188.0
10109872GOMESP_2025-09-09_G71,10109872GOMESP,2025-09-09,118222,1,7,0,257.0
10109872GOMESP_2025-09-09_G72,10109872GOMESP,2025-09-09,117856,1,6,0,110.0
10109872GOMESP_2025-09-09_G73,10109872GOMESP,2025-09-09,111530,1,6,0,35.0
10109872GOMESP_2025-09-09_G74,10109872GOMESP,2025-09-09,110752,1,1,0,128.0
10109872GOMESP_2025-09-09_G75,10109872GOMESP,2025-09-09,118094,1,4,0,76.0
10109872GOMESP_2025-09-09_G76,10109872GOMESP,2025-09-09,117785,1,4,0,1375.0
10109872GOMESP_2025-09-09_G77,10109872GOMESP,2025-09-09,111469,1,4,0,65.0
10109872GOMESP_2025-09-09_G78,10109872GOMESP,2025-09-09,111466,1,2,0,70.0
10109872GOMESP_2025-09-10_G02,10109872GOMESP,2025-09-10,111463,1,43,0,74.0
10109872GOMESP_2025-09-10_G03,10109872GOMESP,2025-09-10,109641,1,6,0,521.0
10109872GOMESP_2025-09-10_G04,10109872GOMESP,2025-09-10,118140,1,25,0,186.0
10109872GOMESP_2025-09-10_G05,10109872GOMESP,2025-09-10,109645,1,10,0,183.0
10109872GOMESP_2025-09-10_G06,10109872GOMESP,2025-09-10,105705,1,1,0,101.0
10109872GOMESP_2025-09-10_G07,10109872GOMESP,2025-09-10,111418,1,18,0,140.0
10109872GOMESP_2025-09-10_G08,10109872GOMESP,2025-09-10,111469,1,31,0,181.0
10109872GOMESP_2025-09-10_G09,10109872GOMESP,2025-09-10,111466,1,19,0,115.0
10109872GOMESP_2025-09-10_G10,10109872GOMESP,2025-09-10,117785,1,15,0,268.0
10109872GOMESP_2025-09-10_G11,10109872GOMESP,2025-09-10,110745,1,3,0,133.0
10109872GOMESP_2025-09-10_G12,10109872GOMESP,2025-09-10,117833,1,1,0,36.0
10109872GOMESP_2025-09-10_G13,10109872GOMESP,2025-09-10,117831,1,14,0,78.0
10109872GOMESP_2025-09-10_G14,10109872GOMESP,2025-09-10,"111330, 111444",2,4,26,58.0
10109872GOMESP_2025-09-10_G15,10109872GOMESP,2025-09-10,110740,1,4,0,76.0
10109872GOMESP_2025-09-10_G16,10109872GOMESP,2025-09-10,111433,1,3,0,155.0
10109872GOMESP_2025-09-10_G17,10109872GOMESP,2025-09-10,140922,1,1,0,165.0
10109872GOMESP_2025-09-10_G18,10109872GOMESP,2025-09-10,117855,1,13,0,211.0
10109872GOMESP_2025-09-10_G19,10109872GOMESP,2025-09-10,111532,1,30,0,2789.0
10109872GOMESP_2025-09-10_G20,10109872GOMESP,2025-09-10,111759,1,9,0,428.0
10109872GOMESP_2025-09-10_G21,10109872GOMESP,2025-09-10,141141,1,96,0,315.0
10109872GOMESP_2025-09-10_G22,10109872GOMESP,2025-09-10,111602,1,2,0,1845.0
10109872GOMESP_2025-09-10_G23,10109872GOMESP,2025-09-10,111172,1,4,0,86.0
10109872GOMESP_2025-09-10_G24,10109872GOMESP,2025-09-10,110742,1,5,0,117.0
10109872GOMESP_2025-09-10_G25,10109872GOMESP,2025-09-10,100334,1,6,0,131.0
10109872GOMESP_2025-09-10_G26,10109872GOMESP,2025-09-10,117786,1,6,0,164.0
10109872GOMESP_2025-09-10_G27,10109872GOMESP,2025-09-10,107629,1,9,0,203.0
10109872GOMESP_2025-09-10_G28,10109872GOMESP,2025-09-10,117935,1,3,0,57.0
10109872GOMESP_2025-09-10_G29,10109872GOMESP,2025-09-10,110733,1,7,0,226.0
10109872GOMESP_2025-09-10_G30,10109872GOMESP,2025-09-10,110313,1,4,0,116.0
10109872GOMESP_2025-09-10_G31,10109872GOMESP,2025-09-10,110752,1,8,0,70.0
10109872GOMESP_2025-09-10_G32,10109872GOMESP,2025-09-10,118094,1,10,0,116.0
10109872GOMESP_2025-09-10_G33,10109872GOMESP,2025-09-10,117820,1,31,0,71.0
10109872GOMESP_2025-09-10_G34,10109872GOMESP,2025-09-10,118299,1,31,0,346.0
10109872GOMESP_2025-09-10_G36,10109872GOMESP,2025-09-10,111443,1,5,0,77.0
10109872GOMESP_2025-09-10_G37,10109872GOMESP,2025-09-10,111532,1,17,0,91.0
10109872GOMESP_2025-09-10_G38,10109872GOMESP,2025-09-10,110787,1,14,0,511.0
10109872GOMESP_2025-09-10_G39,10109872GOMESP,2025-09-10,105705,1,7,0,117.0
10109872GOMESP_2025-09-10_G40,10109872GOMESP,2025-09-10,111418,1,20,0,206.0
10109872GOMESP_2025-09-10_G41,10109872GOMESP,2025-09-10,117785,1,10,0,724.0
10109872GOMESP_2025-09-10_G42,10109872GOMESP,2025-09-10,111330,1,2,0,58.0
10109872GOMESP_2025-09-10_G43,10109872GOMESP,2025-09-10,111468,1,8,0,88.0
10109872GOMESP_2025-09-10_G44,10109872GOMESP,2025-09-10,111465,1,20,0,133.0
10109872GOMESP_2025-09-10_G45,10109872GOMESP,2025-09-10,111172,1,13,0,399.0
10109872GOMESP_2025-09-10_G46,10109872GOMESP,2025-09-10,111530,1,4,0,1058.0
10109872GOMESP_2025-09-10_G47,10109872GOMESP,2025-09-10,111655,1,20,0,165.0
10109872GOMESP_2025-09-10_G48,10109872GOMESP,2025-09-10,111462,1,17,0,656.0
10109872GOMESP_2025-09-10_G49,10109872GOMESP,2025-09-10,111442,1,8,0,72.0
10109872GOMESP_2025-09-10_G50,10109872GOMESP,2025-09-10,111468,1,5,0,132.0
10109872GOMESP_2025-09-10_G51,10109872GOMESP,2025-09-10,118299,1,9,0,91.0
10109872GOMESP_2025-09-10_G52,10109872GOMESP,2025-09-10,111463,1,12,0,294.0
10109872GOMESP_2025-09-10_G53,10109872GOMESP,2025-09-10,118094,1,4,0,157.0
10109872GOMESP_2025-09-10_G54,10109872GOMESP,2025-09-10,111463,1,4,0,66.0
10109872GOMESP_2025-09-10_G55,10109872GOMESP,2025-09-10,118299,1,1,0,239.0
10109872GOMESP_2025-09-10_G56,10109872GOMESP,2025-09-10,111469,1,2,0,459.0
10109872GOMESP_2025-09-10_G57,10109872GOMESP,2025-09-10,111466,1,1,0,155.0
10109872GOMESP_2025-09-10_G58,10109872GOMESP,2025-09-10,110515,1,2,0,60.0
10109872GOMESP_2025-09-10_G59,10109872GOMESP,2025-09-10,111530,1,4,0,105.0
10109872GOMESP_2025-09-10_G60,10109872GOMESP,2025-09-10,110372,1,2,0,49.0
10109872GOMESP_2025-09-10_G61,10109872GOMESP,2025-09-10,108794,1,2,0,65.0
10109872GOMESP_2025-09-10_G62,10109872GOMESP,2025-09-10,111469,1,2,0,81.0
10109872GOMESP_2025-09-10_G63,10109872GOMESP,2025-09-10,110740,1,4,0,70.0
10109872GOMESP_2025-09-10_G64,10109872GOMESP,2025-09-10,118222,1,2,0,112.0
10109872GOMESP_2025-09-10_G65,10109872GOMESP,2025-09-10,117820,1,2,0,155.0
10109872GOMESP_2025-09-10_G66,10109872GOMESP,2025-09-10,"110372, 118299",2,4,23,47.0
10109872GOMESP_2025-09-10_G67,10109872GOMESP,2025-09-10,117855,1,2,0,348.0
10109872GOMESP_2025-09-10_G68,10109872GOMESP,2025-09-10,110752,1,2,0,84.0
10109872GOMESP_2025-09-10_G69,10109872GOMESP,2025-09-10,111463,1,2,0,69.0
10109872GOMESP_2025-09-10_G70,10109872GOMESP,2025-09-10,141823,1,2,0,520.0
10109872GOMESP_2025-09-10_G71,10109872GOMESP,2025-09-10,108794,1,2,0,80.0
10109872GOMESP_2025-09-10_G72,10109872GOMESP,2025-09-10,111465,1,2,0,68.0
10109872GOMESP_2025-09-10_G73,10109872GOMESP,2025-09-10,111441,1,20,0,1067.0
10109872GOMESP_2025-09-10_G74,10109872GOMESP,2025-09-10,111440,1,4,0,231.0
10109872GOMESP_2025-09-10_G75,10109872GOMESP,2025-09-10,110742,1,40,0,188.0
10109872GOMESP_2025-09-10_G76,10109872GOMESP,2025-09-10,107892,1,7,0,190.0
10109872GOMESP_2025-09-10_G77,10109872GOMESP,2025-09-10,111660,1,7,0,181.0
10109872GOMESP_2025-09-10_G78,10109872GOMESP,2025-09-10,117855,1,50,0,907.0
10109872GOMESP_2025-09-10_G79,10109872GOMESP,2025-09-10,141047,1,40,0,132.0
10109872GOMESP_2025-09-10_G80,10109872GOMESP,2025-09-10,110515,2,32,7,316.0
10109872GOMESP_2025-09-10_G81,10109872GOMESP,2025-09-10,110376,1,15,0,310.0
10109872GOMESP_2025-09-10_G82,10109872GOMESP,2025-09-10,111466,1,4,0,131.0
10109872GOMESP_2025-09-11_G02,10109872GOMESP,2025-09-11,"117935, 117861",2,9,8,102.0
10109872GOMESP_2025-09-11_G03,10109872GOMESP,2025-09-11,110733,1,1,0,76.0
10109872GOMESP_2025-09-11_G04,10109872GOMESP,2025-09-11,141047,1,2,0,242.0
10109872GOMESP_2025-09-11_G05,10109872GOMESP,2025-09-11,111602,1,2,0,62.0
10109872GOMESP_2025-09-11_G06,10109872GOMESP,2025-09-11,111467,1,4,0,40.0
10109872GOMESP_2025-09-11_G07,10109872GOMESP,2025-09-11,111435,1,2,0,106.0
10109872GOMESP_2025-09-11_G08,10109872GOMESP,2025-09-11,111418,1,7,0,62.0
10109872GOMESP_2025-09-11_G09,10109872GOMESP,2025-09-11,111469,1,6,0,128.0
10109872GOMESP_2025-09-11_G10,10109872GOMESP,2025-09-11,111462,1,4,0,74.0
10109872GOMESP_2025-09-11_G11,10109872GOMESP,2025-09-11,111602,1,2,0,366.0
10109872GOMESP_2025-09-11_G12,10109872GOMESP,2025-09-11,105705,1,1,0,40.0
10109872GOMESP_2025-09-11_G13,10109872GOMESP,2025-09-11,111469,1,12,0,70.0
10109872GOMESP_2025-09-11_G14,10109872GOMESP,2025-09-11,111465,1,2,0,51.0
10109872GOMESP_2025-09-11_G15,10109872GOMESP,2025-09-11,110374,1,6,0,106.0
10109872GOMESP_2025-09-11_G16,10109872GOMESP,2025-09-11,117820,1,4,0,32.0
10109872GOMESP_2025-09-11_G17,10109872GOMESP,2025-09-11,117808,1,6,0,90.0
10109872GOMESP_2025-09-11_G18,10109872GOMESP,2025-09-11,111430,1,4,0,365.0
10109872GOMESP_2025-09-11_G19,10109872GOMESP,2025-09-11,100334,1,2,0,114.0
10109872GOMESP_2025-09-11_G20,10109872GOMESP,2025-09-11,108770,1,2,0,593.0
10109872GOMESP_2025-09-11_G21,10109872GOMESP,2025-09-11,117862,1,2,0,232.0
10109872GOMESP_2025-09-11_G22,10109872GOMESP,2025-09-11,111530,1,5,0,79.0
10109872GOMESP_2025-09-11_G23,10109872GOMESP,2025-09-11,110733,1,4,0,58.0
10109872GOMESP_2025-09-11_G24,10109872GOMESP,2025-09-11,110515,1,1,0,64.0
10109872GOMESP_2025-09-11_G25,10109872GOMESP,2025-09-11,"111467, 111418",2,14,30,77.0
10109872GOMESP_2025-09-11_G26,10109872GOMESP,2025-09-11,118317,1,2,0,133.0
10109872GOMESP_2025-09-11_G27,10109872GOMESP,2025-09-11,141823,1,6,0,80.0
10109872GOMESP_2025-09-11_G28,10109872GOMESP,2025-09-11,110787,1,5,0,115.0
10109872GOMESP_2025-09-11_G29,10109872GOMESP,2025-09-11,111469,1,10,0,239.0
10109872GOMESP_2025-09-11_G30,10109872GOMESP,2025-09-11,111462,1,1,0,45.0
10109872GOMESP_2025-09-11_G31,10109872GOMESP,2025-09-11,110372,1,2,0,138.0
10109872GOMESP_2025-09-11_G32,10109872GOMESP,2025-09-11,117832,1,3,0,63.0
10109872GOMESP_2025-09-11_G33,10109872GOMESP,2025-09-11,110373,1,4,0,186.0
10109872GOMESP_2025-09-11_G34,10109872GOMESP,2025-09-11,117808,1,6,0,116.0
10109872GOMESP_2025-09-11_G35,10109872GOMESP,2025-09-11,110787,1,2,0,297.0
10109872GOMESP_2025-09-11_G36,10109872GOMESP,2025-09-11,118222,1,3,0,207.0
10109872GOMESP_2025-09-11_G37,10109872GOMESP,2025-09-11,111441,1,7,0,164.0
10109872GOMESP_2025-09-11_G38,10109872GOMESP,2025-09-11,111569,1,3,0,107.0
10109872GOMESP_2025-09-11_G39,10109872GOMESP,2025-09-11,117862,1,1,0,108.0
10109872GOMESP_2025-09-11_G40,10109872GOMESP,2025-09-11,"118094, 111467",2,8,20,200.0
10109872GOMESP_2025-09-11_G41,10109872GOMESP,2025-09-11,111433,1,4,0,172.0
10109872GOMESP_2025-09-11_G42,10109872GOMESP,2025-09-11,118317,1,3,0,80.0
10109872GOMESP_2025-09-11_G43,10109872GOMESP,2025-09-11,118140,1,2,0,52.0
10109872GOMESP_2025-09-11_G44,10109872GOMESP,2025-09-11,"111532, 141823",2,3,7,84.0
10109872GOMESP_2025-09-11_G45,10109872GOMESP,2025-09-11,110787,1,4,0,81.0
10109872GOMESP_2025-09-11_G46,10109872GOMESP,2025-09-11,"111469, 111466",2,12,7,108.0
10109872GOMESP_2025-09-11_G47,10109872GOMESP,2025-09-11,117785,1,7,0,111.0
10109872GOMESP_2025-09-11_G48,10109872GOMESP,2025-09-11,111462,1,1,0,36.0
10109872GOMESP_2025-09-11_G49,10109872GOMESP,2025-09-11,110374,1,11,0,280.0
10109872GOMESP_2025-09-11_G50,10109872GOMESP,2025-09-11,117840,1,8,0,94.0
10109872GOMESP_2025-09-11_G51,10109872GOMESP,2025-09-11,"117832, 110371",2,15,8,83.0
10109872GOMESP_2025-09-11_G52,10109872GOMESP,2025-09-11,110373,1,3,0,224.0
10109872GOMESP_2025-09-11_G53,10109872GOMESP,2025-09-11,117808,1,3,0,100.0
10109872GOMESP_2025-09-11_G54,10109872GOMESP,2025-09-11,117832,1,127,0,1549.0
10109872GOMESP_2025-09-11_G55,10109872GOMESP,2025-09-11,110373,1,127,0,702.0
10109872GOMESP_2025-09-11_G56,10109872GOMESP,2025-09-11,"107830, 117830",2,187,8,1903.0
10109872GOMESP_2025-09-11_G58,10109872GOMESP,2025-09-11,111418,1,20,0,280.0
10109872GOMESP_2025-09-11_G59,10109872GOMESP,2025-09-11,141456,1,30,0,219.0
10109872GOMESP_2025-09-11_G60,10109872GOMESP,2025-09-11,141457,1,12,0,134.0
10109872GOMESP_2025-09-11_G61,10109872GOMESP,2025-09-11,111469,1,10,0,132.0
10109872GOMESP_2025-09-11_G62,10109872GOMESP,2025-09-11,111466,1,10,0,109.0
10109872GOMESP_2025-09-11_G63,10109872GOMESP,2025-09-11,117785,1,80,0,281.0
10109872GOMESP_2025-09-11_G64,10109872GOMESP,2025-09-11,107236,1,3,0,137.0
10109872GOMESP_2025-09-11_G65,10109872GOMESP,2025-09-11,117831,1,80,0,38.0
10109872GOMESP_2025-09-11_G66,10109872GOMESP,2025-09-11,118330,1,2,0,491.0
10109872GOMESP_2025-09-11_G67,10109872GOMESP,2025-09-11,141458,1,60,0,418.0
10109872GOMESP_2025-09-11_G68,10109872GOMESP,2025-09-11,107830,1,5,0,141.0
10109872GOMESP_2025-09-11_G69,10109872GOMESP,2025-09-11,117820,1,120,0,1688.0
10109872GOMESP_2025-09-11_G70,10109872GOMESP,2025-09-11,110371,1,12,0,288.0
10109872GOMESP_2025-09-11_G71,10109872GOMESP,2025-09-11,117809,1,30,0,694.0
10109872GOMESP_2025-09-11_G72,10109872GOMESP,2025-09-11,141047,1,4,0,3503.0
10109872GOMESP_2025-09-11_G73,10109872GOMESP,2025-09-11,118094,1,6,0,787.0
10109872GOMESP_2025-09-11_G74,10109872GOMESP,2025-09-11,110372,2,32,7,151.0
10109872GOMESP_2025-09-11_G75,10109872GOMESP,2025-09-11,111435,1,7,0,260.0
10109872GOMESP_2025-09-11_G76,10109872GOMESP,2025-09-11,111418,1,30,0,186.0
10109872GOMESP_2025-09-12_G02,10109872GOMESP,2025-09-12,107888,1,10,0,2059.0
10109872GOMESP_2025-09-12_G03,10109872GOMESP,2025-09-12,117835,1,8,0,115.0
10109872GOMESP_2025-09-12_G04,10109872GOMESP,2025-09-12,110754,1,2,0,104.0
10109872GOMESP_2025-09-12_G05,10109872GOMESP,2025-09-12,107830,1,10,0,111.0
10109872GOMESP_2025-09-12_G06,10109872GOMESP,2025-09-12,109643,1,40,0,60.0
10109872GOMESP_2025-09-12_G07,10109872GOMESP,2025-09-12,117820,1,150,0,1338.0
10109872GOMESP_2025-09-12_G08,10109872GOMESP,2025-09-12,117832,1,40,0,272.0
10109872GOMESP_2025-09-12_G09,10109872GOMESP,2025-09-12,110373,1,200,0,314.0
10109872GOMESP_2025-09-12_G10,10109872GOMESP,2025-09-12,117830,1,70,0,205.0
10109872GOMESP_2025-09-12_G11,10109872GOMESP,2025-09-12,117786,1,12,0,523.0
10109872GOMESP_2025-09-12_G12,10109872GOMESP,2025-09-12,117788,1,7,0,211.0
10109872GOMESP_2025-09-12_G13,10109872GOMESP,2025-09-12,117862,1,24,0,179.0
10109872GOMESP_2025-09-12_G14,10109872GOMESP,2025-09-12,109647,1,4,0,98.0
10109872GOMESP_2025-09-12_G15,10109872GOMESP,2025-09-12,111876,1,4,0,43.0
10109872GOMESP_2025-09-12_G16,10109872GOMESP,2025-09-12,107629,1,15,0,180.0
10109872GOMESP_2025-09-12_G17,10109872GOMESP,2025-09-12,117861,1,12,0,217.0
10109872GOMESP_2025-09-12_G18,10109872GOMESP,2025-09-12,110733,1,20,0,95.0
10109872GOMESP_2025-09-12_G19,10109872GOMESP,2025-09-12,117853,1,4,0,45.0
10109872GOMESP_2025-09-12_G20,10109872GOMESP,2025-09-12,117855,1,20,0,53.0
10109872GOMESP_2025-09-12_G21,10109872GOMESP,2025-09-12,141047,1,40,0,262.0
10109872GOMESP_2025-09-12_G22,10109872GOMESP,2025-09-12,105242,1,4,0,304.0
10109872GOMESP_2025-09-12_G23,10109872GOMESP,2025-09-12,110313,1,24,0,206.0
10109872GOMESP_2025-09-12_G24,10109872GOMESP,2025-09-12,110752,1,5,0,295.0
10109872GOMESP_2025-09-12_G25,10109872GOMESP,2025-09-12,118094,1,12,0,138.0
10109872GOMESP_2025-09-12_G26,10109872GOMESP,2025-09-12,117837,1,10,0,74.0
10109872GOMESP_2025-09-12_G27,10109872GOMESP,2025-09-12,110753,1,4,0,69.0
10109872GOMESP_2025-09-12_G28,10109872GOMESP,2025-09-12,141456,1,40,0,303.0
10109872GOMESP_2025-09-12_G29,10109872GOMESP,2025-09-12,109645,1,20,0,268.0
10109872GOMESP_2025-09-12_G30,10109872GOMESP,2025-09-12,105705,1,6,0,91.0
10109872GOMESP_2025-09-12_G31,10109872GOMESP,2025-09-12,111348,1,6,0,109.0
10109872GOMESP_2025-09-12_G32,10109872GOMESP,2025-09-12,110740,1,24,0,358.0
10109872GOMESP_2025-09-12_G33,10109872GOMESP,2025-09-12,111465,1,20,0,2183.0
10109872GOMESP_2025-09-12_G35,10109872GOMESP,2025-09-12,111466,1,57,0,2089.0
10109872GOMESP_2025-09-12_G36,10109872GOMESP,2025-09-12,118222,1,40,0,902.0
10109872GOMESP_2025-09-12_G37,10109872GOMESP,2025-09-12,110372,1,59,0,302.0
10109872GOMESP_2025-09-12_G38,10109872GOMESP,2025-09-12,117832,1,40,0,217.0
10109872GOMESP_2025-09-12_G39,10109872GOMESP,2025-09-12,110373,1,70,0,380.0
10109872GOMESP_2025-09-12_G40,10109872GOMESP,2025-09-12,117808,1,150,0,587.0
10109872GOMESP_2025-09-12_G41,10109872GOMESP,2025-09-12,108794,1,51,0,471.0
10109872GOMESP_2025-09-12_G42,10109872GOMESP,2025-09-12,111348,1,10,0,564.0
10109872GOMESP_2025-09-12_G43,10109872GOMESP,2025-09-12,118281,1,4,0,536.0
10109872GOMESP_2025-09-12_G44,10109872GOMESP,2025-09-12,109643,1,5,0,68.0
10109872GOMESP_2025-09-12_G45,10109872GOMESP,2025-09-12,117840,1,4,0,160.0
10109872GOMESP_2025-09-12_G46,10109872GOMESP,2025-09-12,110375,1,2,0,110.0
10109872GOMESP_2025-09-12_G47,10109872GOMESP,2025-09-12,141202,1,13,0,145.0
10109872GOMESP_2025-09-12_G48,10109872GOMESP,2025-09-12,117822,1,10,0,118.0
10109872GOMESP_2025-09-12_G49,10109872GOMESP,2025-09-12,110582,1,1,0,435.0
10109872GOMESP_2025-09-12_G50,10109872GOMESP,2025-09-12,117854,1,1,0,141.0
10109872GOMESP_2025-09-12_G51,10109872GOMESP,2025-09-12,141066,1,6,0,112.0
10109872GOMESP_2025-09-12_G52,10109872GOMESP,2025-09-12,117786,1,55,0,461.0
10109872GOMESP_2025-09-12_G53,10109872GOMESP,2025-09-12,117862,1,20,0,306.0
10109872GOMESP_2025-09-12_G54,10109872GOMESP,2025-09-12,109647,1,1,0,625.0
10109872GOMESP_2025-09-12_G55,10109872GOMESP,2025-09-12,111876,1,17,0,235.0
10109872GOMESP_2025-09-12_G56,10109872GOMESP,2025-09-12,118298,1,12,0,140.0
10109872GOMESP_2025-09-12_G57,10109872GOMESP,2025-09-12,111530,1,56,0,569.0
10109872GOMESP_2025-09-12_G58,10109872GOMESP,2025-09-12,111650,1,4,0,246.0
10109872GOMESP_2025-09-12_G59,10109872GOMESP,2025-09-12,"117861, 110733",2,3,25,49.0
10109872GOMESP_2025-09-12_G60,10109872GOMESP,2025-09-12,117853,1,5,0,44.0
10109872GOMESP_2025-09-13_G02,10109872GOMESP,2025-09-13,118306,2,10,5,370.0
10109872GOMESP_2025-09-13_G03,10109872GOMESP,2025-09-13,111430,1,8,0,225.0
10109872GOMESP_2025-09-13_G04,10109872GOMESP,2025-09-13,118418,1,4,0,207.0
10109872GOMESP_2025-09-13_G05,10109872GOMESP,2025-09-13,110742,1,6,0,101.0
10109872GOMESP_2025-09-13_G06,10109872GOMESP,2025-09-13,117836,1,3,0,143.0
10109872GOMESP_2025-09-13_G07,10109872GOMESP,2025-09-13,117834,1,5,0,178.0
10109872GOMESP_2025-09-13_G08,10109872GOMESP,2025-09-13,100334,1,10,0,92.0
10109872GOMESP_2025-09-13_G09,10109872GOMESP,2025-09-13,111569,1,12,0,286.0
10109872GOMESP_2025-09-13_G10,10109872GOMESP,2025-09-13,111569,1,11,0,298.0
10109872GOMESP_2025-09-13_G11,10109872GOMESP,2025-09-13,"110747, 111438",2,25,9,139.0
10109872GOMESP_2025-09-13_G12,10109872GOMESP,2025-09-13,117856,2,23,11,289.0
10109872GOMESP_2025-09-13_G13,10109872GOMESP,2025-09-13,110741,1,11,0,577.0
10109872GOMESP_2025-09-13_G14,10109872GOMESP,2025-09-13,110741,1,19,0,2288.0
10109872GOMESP_2025-09-13_G15,10109872GOMESP,2025-09-13,111467,2,40,5,46.0
10109872GOMESP_2025-09-13_G16,10109872GOMESP,2025-09-13,117853,2,30,6,487.0
10109872GOMESP_2025-09-13_G17,10109872GOMESP,2025-09-13,111879,1,7,0,313.0
10109872GOMESP_2025-09-13_G18,10109872GOMESP,2025-09-13,117855,1,12,0,285.0
10109872GOMESP_2025-09-13_G19,10109872GOMESP,2025-09-13,111602,1,32,0,474.0
10109872GOMESP_2025-09-13_G20,10109872GOMESP,2025-09-13,110313,2,40,5,76.0
10109872GOMESP_2025-09-13_G21,10109872GOMESP,2025-09-13,110752,1,2,0,168.0
10109872GOMESP_2025-09-13_G22,10109872GOMESP,2025-09-13,110752,1,20,0,522.0
10109872GOMESP_2025-09-13_G23,10109872GOMESP,2025-09-13,111439,1,4,0,403.0
10109872GOMESP_2025-09-13_G24,10109872GOMESP,2025-09-13,117837,2,26,6,73.0
10109872GOMESP_2025-09-13_G25,10109872GOMESP,2025-09-13,110753,1,8,0,352.0
10109872GOMESP_2025-09-13_G26,10109872GOMESP,2025-09-13,118281,1,2,0,111.0
10109872GOMESP_2025-09-13_G27,10109872GOMESP,2025-09-13,118299,1,400,0,1360.0
10109872GOMESP_2025-09-13_G28,10109872GOMESP,2025-09-13,110372,1,40,0,271.0
10109872GOMESP_2025-09-13_G29,10109872GOMESP,2025-09-13,141202,1,20,0,126.0
10109872GOMESP_2025-09-13_G30,10109872GOMESP,2025-09-13,117809,1,60,0,137.0
10109872GOMESP_2025-09-13_G31,10109872GOMESP,2025-09-13,117830,1,40,0,747.0
10109872GOMESP_2025-09-13_G33,10109872GOMESP,2025-09-13,117809,1,129,0,153.0
10109872GOMESP_2025-09-13_G34,10109872GOMESP,2025-09-13,118222,1,250,0,1060.0
10109872GOMESP_2025-09-13_G35,10109872GOMESP,2025-09-13,109640,1,2,0,520.0
10109872GOMESP_2025-09-13_G36,10109872GOMESP,2025-09-13,117820,1,9,0,92.0
10109872GOMESP_2025-09-13_G37,10109872GOMESP,2025-09-13,110371,1,2,0,38.0
10109872GOMESP_2025-09-13_G38,10109872GOMESP,2025-09-13,109643,1,30,0,306.0
10109872GOMESP_2025-09-13_G39,10109872GOMESP,2025-09-13,111466,1,24,0,381.0
10109872GOMESP_2025-09-13_G40,10109872GOMESP,2025-09-13,111462,1,24,0,135.0
10109872GOMESP_2025-09-15_G02,10109872GOMESP,2025-09-15,111463,1,16,0,139.0
10109872GOMESP_2025-09-15_G03,10109872GOMESP,2025-09-15,109645,1,2,0,58.0
10109872GOMESP_2025-09-15_G04,10109872GOMESP,2025-09-15,108798,1,2,0,75.0
10109872GOMESP_2025-09-15_G05,10109872GOMESP,2025-09-15,111532,1,5,0,52.0
10109872GOMESP_2025-09-15_G06,10109872GOMESP,2025-09-15,111469,1,8,0,123.0
10109872GOMESP_2025-09-15_G07,10109872GOMESP,2025-09-15,111466,1,10,0,182.0
10109872GOMESP_2025-09-15_G08,10109872GOMESP,2025-09-15,111442,1,2,0,69.0
10109872GOMESP_2025-09-15_G09,10109872GOMESP,2025-09-15,111465,1,8,0,108.0
10109872GOMESP_2025-09-15_G10,10109872GOMESP,2025-09-15,110582,1,1,0,146.0
10109872GOMESP_2025-09-15_G11,10109872GOMESP,2025-09-15,110742,1,2,0,62.0
10109872GOMESP_2025-09-15_G12,10109872GOMESP,2025-09-15,107830,1,6,0,91.0
10109872GOMESP_2025-09-15_G13,10109872GOMESP,2025-09-15,118299,1,12,0,108.0
10109872GOMESP_2025-09-15_G14,10109872GOMESP,2025-09-15,110372,1,18,0,439.0
10109872GOMESP_2025-09-15_G15,10109872GOMESP,2025-09-15,117832,1,4,0,69.0
10109872GOMESP_2025-09-15_G16,10109872GOMESP,2025-09-15,110375,1,2,0,63.0
10109872GOMESP_2025-09-15_G17,10109872GOMESP,2025-09-15,117820,1,15,0,113.0
10109872GOMESP_2025-09-15_G18,10109872GOMESP,2025-09-15,117808,1,11,0,130.0
10109872GOMESP_2025-09-15_G19,10109872GOMESP,2025-09-15,110751,1,4,0,405.0
10109872GOMESP_2025-09-15_G20,10109872GOMESP,2025-09-15,111463,1,28,0,189.0
10109872GOMESP_2025-09-15_G21,10109872GOMESP,2025-09-15,109641,1,6,0,290.0
10109872GOMESP_2025-09-15_G22,10109872GOMESP,2025-09-15,108798,1,4,0,92.0
10109872GOMESP_2025-09-15_G23,10109872GOMESP,2025-09-15,105705,1,4,0,161.0
10109872GOMESP_2025-09-15_G24,10109872GOMESP,2025-09-15,118140,1,11,0,120.0
10109872GOMESP_2025-09-15_G25,10109872GOMESP,2025-09-15,111466,1,13,0,117.0
10109872GOMESP_2025-09-15_G26,10109872GOMESP,2025-09-15,111462,1,16,0,458.0
10109872GOMESP_2025-09-15_G27,10109872GOMESP,2025-09-15,140922,1,4,0,855.0
10109872GOMESP_2025-09-15_G28,10109872GOMESP,2025-09-15,111441,1,4,0,206.0
10109872GOMESP_2025-09-15_G29,10109872GOMESP,2025-09-15,108759,1,4,0,267.0
10109872GOMESP_2025-09-15_G30,10109872GOMESP,2025-09-15,111430,1,2,0,35.0
10109872GOMESP_2025-09-15_G31,10109872GOMESP,2025-09-15,100334,1,4,0,82.0
10109872GOMESP_2025-09-15_G32,10109872GOMESP,2025-09-15,110747,1,6,0,158.0
10109872GOMESP_2025-09-15_G33,10109872GOMESP,2025-09-15,"110372, 117832",2,30,17,205.0
10109872GOMESP_2025-09-15_G34,10109872GOMESP,2025-09-15,117830,1,24,0,304.0
10109872GOMESP_2025-09-15_G35,10109872GOMESP,2025-09-15,110733,1,4,0,334.0
10109872GOMESP_2025-09-15_G36,10109872GOMESP,2025-09-15,117855,1,4,0,78.0
10109872GOMESP_2025-09-15_G37,10109872GOMESP,2025-09-15,111463,1,29,0,205.0
10109872GOMESP_2025-09-15_G38,10109872GOMESP,2025-09-15,111418,1,14,0,293.0
10109872GOMESP_2025-09-15_G39,10109872GOMESP,2025-09-15,109647,1,1,0,68.0
10109872GOMESP_2025-09-15_G40,10109872GOMESP,2025-09-15,117856,1,4,0,69.0
10109872GOMESP_2025-09-15_G41,10109872GOMESP,2025-09-15,110741,1,1,0,41.0
10109872GOMESP_2025-09-15_G42,10109872GOMESP,2025-09-15,117935,1,1,0,190.0
10109872GOMESP_2025-09-15_G43,10109872GOMESP,2025-09-15,110313,1,1,0,95.0
10109872GOMESP_2025-09-15_G44,10109872GOMESP,2025-09-15,118094,1,6,0,96.0
10109872GOMESP_2025-09-15_G45,10109872GOMESP,2025-09-15,"109643, 110374",2,8,15,183.0
10109872GOMESP_2025-09-15_G46,10109872GOMESP,2025-09-15,110373,1,8,0,112.0
10109872GOMESP_2025-09-15_G47,10109872GOMESP,2025-09-15,110372,1,51,0,808.0
10109872GOMESP_2025-09-15_G48,10109872GOMESP,2025-09-15,117832,1,6,0,123.0
10109872GOMESP_2025-09-15_G49,10109872GOMESP,2025-09-15,117820,1,14,0,217.0
10109872GOMESP_2025-09-15_G50,10109872GOMESP,2025-09-15,117808,1,59,0,419.0
10109872GOMESP_2025-09-15_G51,10109872GOMESP,2025-09-15,117830,1,19,0,174.0
10109872GOMESP_2025-09-15_G52,10109872GOMESP,2025-09-15,118299,1,38,0,564.0
10109872GOMESP_2025-09-15_G54,10109872GOMESP,2025-09-15,116241,1,8,0,3517.0
10109872GOMESP_2025-09-15_G55,10109872GOMESP,2025-09-15,111441,1,8,0,519.0
10109872GOMESP_2025-09-15_G56,10109872GOMESP,2025-09-15,110787,1,2,0,101.0
10109872GOMESP_2025-09-15_G57,10109872GOMESP,2025-09-15,110749,1,50,0,752.0
10109872GOMESP_2025-09-15_G58,10109872GOMESP,2025-09-15,111655,1,50,0,916.0
10109872GOMESP_2025-09-15_G59,10109872GOMESP,2025-09-15,111743,1,35,0,303.0
10109872GOMESP_2025-09-15_G60,10109872GOMESP,2025-09-15,117834,1,30,0,2652.0
10109872GOMESP_2025-09-15_G61,10109872GOMESP,2025-09-15,108711,1,191,0,832.0
10109872GOMESP_2025-09-15_G62,10109872GOMESP,2025-09-15,107236,1,250,0,1034.0
10109872GOMESP_2025-09-16_G02,10109872GOMESP,2025-09-16,110742,1,2,0,118.0
10109872GOMESP_2025-09-16_G03,10109872GOMESP,2025-09-16,109640,2,17,5,448.0
10109872GOMESP_2025-09-16_G04,10109872GOMESP,2025-09-16,111330,1,8,0,666.0
10109872GOMESP_2025-09-16_G05,10109872GOMESP,2025-09-16,110787,1,1,0,68.0
10109872GOMESP_2025-09-16_G06,10109872GOMESP,2025-09-16,117830,1,8,0,130.0
10109872GOMESP_2025-09-16_G07,10109872GOMESP,2025-09-16,111466,1,2,0,96.0
10109872GOMESP_2025-09-16_G08,10109872GOMESP,2025-09-16,111348,1,6,0,152.0
10109872GOMESP_2025-09-16_G09,10109872GOMESP,2025-09-16,140922,1,5,0,156.0
10109872GOMESP_2025-09-16_G10,10109872GOMESP,2025-09-16,111441,1,20,0,2223.0
10109872GOMESP_2025-09-16_G11,10109872GOMESP,2025-09-16,111467,1,50,0,812.0
10109872GOMESP_2025-09-16_G12,10109872GOMESP,2025-09-16,118281,1,4,0,626.0
10109872GOMESP_2025-09-16_G13,10109872GOMESP,2025-09-16,110374,1,160,0,524.0
10109872GOMESP_2025-09-16_G14,10109872GOMESP,2025-09-16,110373,1,100,0,540.0
10109872GOMESP_2025-09-16_G15,10109872GOMESP,2025-09-16,117820,1,150,0,436.0
10109872GOMESP_2025-09-16_G16,10109872GOMESP,2025-09-16,117822,1,15,0,168.0
10109872GOMESP_2025-09-16_G17,10109872GOMESP,2025-09-16,111468,1,8,0,83.0
10109872GOMESP_2025-09-16_G18,10109872GOMESP,2025-09-16,141458,1,20,0,137.0
10109872GOMESP_2025-09-16_G20,10109872GOMESP,2025-09-16,110371,1,2,0,389.0
10109872GOMESP_2025-09-16_G21,10109872GOMESP,2025-09-16,111463,1,8,0,103.0
10109872GOMESP_2025-09-16_G22,10109872GOMESP,2025-09-16,141456,1,6,0,147.0
10109872GOMESP_2025-09-16_G23,10109872GOMESP,2025-09-16,111466,1,12,0,67.0
10109872GOMESP_2025-09-16_G24,10109872GOMESP,2025-09-16,117831,1,4,0,114.0
10109872GOMESP_2025-09-17_G02,10109872GOMESP,2025-09-17,111467,1,4,0,1790.0
10109872GOMESP_2025-09-17_G03,10109872GOMESP,2025-09-17,110313,1,2,0,94.0
10109872GOMESP_2025-09-17_G04,10109872GOMESP,2025-09-17,110373,1,8,0,699.0
10109872GOMESP_2025-09-17_G05,10109872GOMESP,2025-09-17,117808,1,40,0,1147.0
10109872GOMESP_2025-09-17_G06,10109872GOMESP,2025-09-17,118299,1,60,0,400.0
10109872GOMESP_2025-09-17_G07,10109872GOMESP,2025-09-17,109640,1,12,0,1110.0
10109872GOMESP_2025-09-17_G08,10109872GOMESP,2025-09-17,110534,1,4,0,1506.0
10109872GOMESP_2025-09-17_G09,10109872GOMESP,2025-09-17,118271,1,14,0,285.0
10109872GOMESP_2025-09-17_G10,10109872GOMESP,2025-09-17,110374,1,20,0,387.0
10109872GOMESP_2025-09-17_G11,10109872GOMESP,2025-09-17,110371,1,30,0,254.0
10109872GOMESP_2025-09-17_G12,10109872GOMESP,2025-09-17,117808,1,500,0,1161.0
10109872GOMESP_2025-09-17_G13,10109872GOMESP,2025-09-17,110371,1,39,0,1429.0
10109872GOMESP_2025-09-17_G14,10109872GOMESP,2025-09-17,117820,1,80,0,284.0
10109872GOMESP_2025-09-17_G15,10109872GOMESP,2025-09-17,118281,1,26,0,1171.0
10109872GOMESP_2025-09-17_G17,10109872GOMESP,2025-09-17,117838,1,20,0,429.0
10109872GOMESP_2025-09-17_G18,10109872GOMESP,2025-09-17,117841,1,8,0,113.0
10109872GOMESP_2025-09-17_G19,10109872GOMESP,2025-09-17,110748,1,10,0,224.0
10109872GOMESP_2025-09-17_G20,10109872GOMESP,2025-09-17,111468,1,12,0,447.0
10109872GOMESP_2025-09-17_G21,10109872GOMESP,2025-09-17,111466,1,12,0,254.0
10109872GOMESP_2025-09-17_G22,10109872GOMESP,2025-09-17,110740,1,27,0,292.0
10109872GOMESP_2025-09-17_G23,10109872GOMESP,2025-09-17,111172,1,2,0,76.0
10109872GOMESP_2025-09-17_G24,10109872GOMESP,2025-09-17,111172,1,40,0,190.0
10109872GOMESP_2025-09-17_G25,10109872GOMESP,2025-09-17,117809,1,60,0,328.0
10109872GOMESP_2025-09-17_G26,10109872GOMESP,2025-09-17,118281,1,2,0,137.0
10109872GOMESP_2025-09-17_G27,10109872GOMESP,2025-09-17,110372,1,40,0,222.0
10109872GOMESP_2025-09-17_G28,10109872GOMESP,2025-09-17,117808,1,400,0,1236.0
10109872GOMESP_2025-09-17_G29,10109872GOMESP,2025-09-17,117830,1,40,0,229.0
10109872GOMESP_2025-09-17_G30,10109872GOMESP,2025-09-17,141457,1,10,0,915.0
10109872GOMESP_2025-09-17_G31,10109872GOMESP,2025-09-17,117785,1,10,0,344.0
10109872GOMESP_2025-09-17_G32,10109872GOMESP,2025-09-17,108711,1,10,0,258.0
10109872GOMESP_2025-09-17_G33,10109872GOMESP,2025-09-17,111418,1,10,0,63.0
10109872GOMESP_2025-09-17_G34,10109872GOMESP,2025-09-17,118140,1,20,0,732.0
10109872GOMESP_2025-09-17_G35,10109872GOMESP,2025-09-17,"111469, 111466",2,22,10,154.0
10109872GOMESP_2025-09-17_G36,10109872GOMESP,2025-09-17,111462,2,20,8,133.0
10109872GOMESP_2025-09-17_G37,10109872GOMESP,2025-09-17,117831,1,10,0,165.0
10109872GOMESP_2025-09-17_G38,10109872GOMESP,2025-09-17,111465,1,10,0,116.0
10109872GOMESP_2025-09-17_G39,10109872GOMESP,2025-09-17,117862,1,10,0,451.0
10109872GOMESP_2025-09-17_G40,10109872GOMESP,2025-09-17,109647,1,3,0,61.0
10109872GOMESP_2025-09-17_G41,10109872GOMESP,2025-09-17,110733,1,4,0,88.0
10109872GOMESP_2025-09-17_G42,10109872GOMESP,2025-09-17,111467,1,10,0,150.0
10109872GOMESP_2025-09-17_G43,10109872GOMESP,2025-09-17,110752,1,2,0,85.0
10109872GOMESP_2025-09-17_G44,10109872GOMESP,2025-09-17,110375,1,20,0,405.0
10109872GOMESP_2025-09-17_G45,10109872GOMESP,2025-09-17,117822,1,6,0,214.0
10109872GOMESP_2025-09-17_G46,10109872GOMESP,2025-09-17,118299,1,30,0,135.0
10109872GOMESP_2025-09-17_G47,10109872GOMESP,2025-09-17,110682,1,4,0,542.0
10109872GOMESP_2025-09-17_G48,10109872GOMESP,2025-09-17,117834,1,12,0,121.0
10109872GOMESP_2025-09-17_G49,10109872GOMESP,2025-09-17,111655,1,6,0,662.0
10109872GOMESP_2025-09-17_G50,10109872GOMESP,2025-09-17,107892,1,2,0,49.0
10109872GOMESP_2025-09-17_G51,10109872GOMESP,2025-09-17,111441,1,5,0,229.0
10109872GOMESP_2025-09-18_G02,10109872GOMESP,2025-09-18,110374,1,5,0,105.0
10109872GOMESP_2025-09-18_G03,10109872GOMESP,2025-09-18,118299,1,7,0,517.0
10109872GOMESP_2025-09-18_G04,10109872GOMESP,2025-09-18,118299,1,34,0,294.0
10109872GOMESP_2025-09-18_G05,10109872GOMESP,2025-09-18,110374,1,7,0,181.0
10109872GOMESP_2025-09-18_G06,10109872GOMESP,2025-09-18,110372,1,12,0,95.0
10109872GOMESP_2025-09-18_G07,10109872GOMESP,2025-09-18,110373,1,16,0,298.0
10109872GOMESP_2025-09-18_G08,10109872GOMESP,2025-09-18,117820,2,24,8,132.0
10109872GOMESP_2025-09-18_G09,10109872GOMESP,2025-09-18,117830,1,3,0,174.0
10109872GOMESP_2025-09-18_G10,10109872GOMESP,2025-09-18,117835,1,20,0,443.0
10109872GOMESP_2025-09-18_G11,10109872GOMESP,2025-09-18,111530,1,23,0,225.0
10109872GOMESP_2025-09-18_G12,10109872GOMESP,2025-09-18,111530,1,23,0,281.0
10109872GOMESP_2025-09-18_G13,10109872GOMESP,2025-09-18,111436,1,4,0,134.0
10109872GOMESP_2025-09-18_G14,10109872GOMESP,2025-09-18,111469,1,8,0,145.0
10109872GOMESP_2025-09-18_G15,10109872GOMESP,2025-09-18,111532,1,9,0,272.0
10109872GOMESP_2025-09-18_G16,10109872GOMESP,2025-09-18,111466,1,8,0,235.0
10109872GOMESP_2025-09-18_G17,10109872GOMESP,2025-09-18,111441,1,4,0,352.0
10109872GOMESP_2025-09-18_G18,10109872GOMESP,2025-09-18,110755,1,2,0,197.0
10109872GOMESP_2025-09-18_G19,10109872GOMESP,2025-09-18,108770,1,3,0,87.0
10109872GOMESP_2025-09-18_G20,10109872GOMESP,2025-09-18,110754,1,4,0,116.0
10109872GOMESP_2025-09-18_G21,10109872GOMESP,2025-09-18,117855,1,4,0,260.0
10109872GOMESP_2025-09-18_G22,10109872GOMESP,2025-09-18,110374,1,3,0,213.0
10109872GOMESP_2025-09-18_G23,10109872GOMESP,2025-09-18,110372,1,4,0,62.0
10109872GOMESP_2025-09-18_G24,10109872GOMESP,2025-09-18,117832,1,2,0,82.0
10109872GOMESP_2025-09-18_G25,10109872GOMESP,2025-09-18,110373,1,8,0,123.0
10109872GOMESP_2025-09-18_G26,10109872GOMESP,2025-09-18,141202,1,4,0,109.0
10109872GOMESP_2025-09-18_G27,10109872GOMESP,2025-09-18,111463,1,4,0,120.0
10109872GOMESP_2025-09-18_G28,10109872GOMESP,2025-09-18,109645,1,4,0,91.0
10109872GOMESP_2025-09-18_G29,10109872GOMESP,2025-09-18,111435,1,4,0,108.0
10109872GOMESP_2025-09-18_G30,10109872GOMESP,2025-09-18,141823,1,3,0,53.0
10109872GOMESP_2025-09-18_G31,10109872GOMESP,2025-09-18,"108794, 118140",2,4,9,118.0
10109872GOMESP_2025-09-18_G32,10109872GOMESP,2025-09-18,"111469, 111466",2,8,8,76.0
10109872GOMESP_2025-09-18_G33,10109872GOMESP,2025-09-18,107236,1,2,0,187.0
10109872GOMESP_2025-09-18_G34,10109872GOMESP,2025-09-18,107892,1,4,0,367.0
10109872GOMESP_2025-09-18_G35,10109872GOMESP,2025-09-18,110754,1,4,0,58.0
10109872GOMESP_2025-09-18_G36,10109872GOMESP,2025-09-18,111467,1,2,0,72.0
10109872GOMESP_2025-09-18_G37,10109872GOMESP,2025-09-18,118299,1,6,0,162.0
10109872GOMESP_2025-09-18_G38,10109872GOMESP,2025-09-18,110373,1,8,0,96.0
10109872GOMESP_2025-09-18_G39,10109872GOMESP,2025-09-18,117820,1,5,0,144.0
10109872GOMESP_2025-09-18_G40,10109872GOMESP,2025-09-18,111462,1,1,0,61.0
10109872GOMESP_2025-09-18_G41,10109872GOMESP,2025-09-18,111469,1,8,0,119.0
10109872GOMESP_2025-09-18_G42,10109872GOMESP,2025-09-18,109640,1,3,0,128.0
10109872GOMESP_2025-09-18_G43,10109872GOMESP,2025-09-18,117835,1,4,0,812.0
10109872GOMESP_2025-09-18_G44,10109872GOMESP,2025-09-18,110747,1,16,0,179.0
10109872GOMESP_2025-09-18_G45,10109872GOMESP,2025-09-18,118094,1,20,0,409.0
10109872GOMESP_2025-09-18_G46,10109872GOMESP,2025-09-18,118140,1,32,0,1641.0
10109872GOMESP_2025-09-18_G47,10109872GOMESP,2025-09-18,107236,1,16,0,409.0
10109872GOMESP_2025-09-18_G48,10109872GOMESP,2025-09-18,117821,1,20,0,103.0
10109872GOMESP_2025-09-18_G50,10109872GOMESP,2025-09-18,109643,1,8,0,161.0
10109872GOMESP_2025-09-18_G51,10109872GOMESP,2025-09-18,110371,1,80,0,229.0
10109872GOMESP_2025-09-18_G52,10109872GOMESP,2025-09-18,110373,1,60,0,597.0
10109872GOMESP_2025-09-18_G53,10109872GOMESP,2025-09-18,111463,1,12,0,259.0
10109872GOMESP_2025-09-18_G54,10109872GOMESP,2025-09-18,117838,1,2,0,70.0
10109872GOMESP_2025-09-18_G55,10109872GOMESP,2025-09-18,111462,1,12,0,183.0
10109872GOMESP_2025-09-18_G56,10109872GOMESP,2025-09-18,140922,1,3,0,72.0
10109872GOMESP_2025-09-18_G57,10109872GOMESP,2025-09-18,110745,1,2,0,141.0
10109872GOMESP_2025-09-18_G58,10109872GOMESP,2025-09-18,117820,1,20,0,386.0
10109872GOMESP_2025-09-18_G59,10109872GOMESP,2025-09-18,109641,1,4,0,2178.0
10109872GOMESP_2025-09-18_G60,10109872GOMESP,2025-09-18,111743,1,4,0,69.0
10109872GOMESP_2025-09-18_G61,10109872GOMESP,2025-09-18,117787,1,4,0,68.0
10109872GOMESP_2025-09-18_G62,10109872GOMESP,2025-09-18,111532,1,4,0,56.0
10109872GOMESP_2025-09-18_G63,10109872GOMESP,2025-09-18,110787,1,4,0,40.0
10109872GOMESP_2025-09-18_G64,10109872GOMESP,2025-09-18,141456,1,4,0,134.0
10109872GOMESP_2025-09-18_G65,10109872GOMESP,2025-09-18,105705,1,4,0,168.0
10109872GOMESP_2025-09-18_G66,10109872GOMESP,2025-09-18,141457,1,4,0,45.0
10109872GOMESP_2025-09-18_G67,10109872GOMESP,2025-09-18,111468,1,4,0,172.0
10109872GOMESP_2025-09-18_G68,10109872GOMESP,2025-09-18,140922,1,4,0,41.0
10109872GOMESP_2025-09-18_G69,10109872GOMESP,2025-09-18,141458,1,4,0,76.0
10109872GOMESP_2025-09-18_G70,10109872GOMESP,2025-09-18,117831,1,4,0,95.0
10109872GOMESP_2025-09-18_G71,10109872GOMESP,2025-09-18,111172,1,4,0,88.0
10109872GOMESP_2025-09-18_G72,10109872GOMESP,2025-09-18,117809,1,4,0,284.0
10109872GOMESP_2025-09-18_G73,10109872GOMESP,2025-09-18,109643,1,4,0,107.0
10109872GOMESP_2025-09-18_G74,10109872GOMESP,2025-09-18,118299,1,12,0,140.0
10109872GOMESP_2025-09-18_G75,10109872GOMESP,2025-09-18,117832,1,4,0,84.0
10109872GOMESP_2025-09-18_G76,10109872GOMESP,2025-09-18,117808,1,12,0,311.0
10109872GOMESP_2025-09-18_G77,10109872GOMESP,2025-09-18,117820,1,4,0,55.0
10109872GOMESP_2025-09-18_G78,10109872GOMESP,2025-09-18,117830,1,4,0,53.0
10109872GOMESP_2025-09-18_G79,10109872GOMESP,2025-09-18,118222,1,4,0,165.0
10109872GOMESP_2025-09-18_G80,10109872GOMESP,2025-09-18,111441,1,4,0,109.0
10109872GOMESP_2025-09-18_G81,10109872GOMESP,2025-09-18,111569,1,4,0,128.0
10109872GOMESP_2025-09-18_G82,10109872GOMESP,2025-09-18,110623,1,4,0,72.0
10109872GOMESP_2025-09-18_G83,10109872GOMESP,2025-09-18,110747,1,4,0,76.0
10109872GOMESP_2025-09-18_G84,10109872GOMESP,2025-09-18,117861,1,2,0,240.0
10109872GOMESP_2025-09-18_G85,10109872GOMESP,2025-09-18,141352,1,2,0,168.0
10109872GOMESP_2025-09-18_G86,10109872GOMESP,2025-09-18,111467,1,4,0,62.0
10109872GOMESP_2025-09-18_G87,10109872GOMESP,2025-09-18,109643,1,2,0,336.0
10109872GOMESP_2025-09-18_G88,10109872GOMESP,2025-09-18,118299,1,10,0,62.0
10109872GOMESP_2025-09-18_G89,10109872GOMESP,2025-09-18,117820,1,8,0,41.0
10109872GOMESP_2025-09-18_G90,10109872GOMESP,2025-09-18,117808,1,14,0,67.0
10109872GOMESP_2025-09-18_G91,10109872GOMESP,2025-09-18,118317,1,4,0,105.0
10109872GOMESP_2025-09-18_G92,10109872GOMESP,2025-09-18,110787,1,4,0,57.0
10109872GOMESP_2025-09-18_G93,10109872GOMESP,2025-09-18,141456,1,6,0,75.0
10109872GOMESP_2025-09-18_G94,10109872GOMESP,2025-09-18,141457,1,8,0,67.0
10109872GOMESP_2025-09-18_G95,10109872GOMESP,2025-09-18,111468,1,2,0,79.0
10109872GOMESP_2025-09-18_G96,10109872GOMESP,2025-09-18,111467,1,4,0,326.0
10109872GOMESP_2025-09-18_G97,10109872GOMESP,2025-09-18,111172,1,2,0,68.0
10109872GOMESP_2025-09-18_G98,10109872GOMESP,2025-09-18,109645,1,2,0,86.0
10109872GOMESP_2025-09-18_G99,10109872GOMESP,2025-09-18,108798,1,3,0,80.0
10109872GOMESP_2025-09-18_G100,10109872GOMESP,2025-09-18,111468,1,8,0,163.0
10109872GOMESP_2025-09-18_G101,10109872GOMESP,2025-09-18,110376,1,4,0,59.0
10109872GOMESP_2025-09-18_G102,10109872GOMESP,2025-09-18,118253,1,4,0,170.0
10109872GOMESP_2025-09-18_G103,10109872GOMESP,2025-09-18,110787,1,4,0,44.0
10109872GOMESP_2025-09-18_G104,10109872GOMESP,2025-09-18,140911,1,6,0,153.0
10109872GOMESP_2025-09-18_G105,10109872GOMESP,2025-09-18,110787,1,8,0,442.0
10109872GOMESP_2025-09-18_G106,10109872GOMESP,2025-09-18,160053,1,2,0,101.0
10109872GOMESP_2025-09-18_G107,10109872GOMESP,2025-09-18,107830,1,1,0,158.0
10109872GOMESP_2025-09-18_G108,10109872GOMESP,2025-09-18,110374,1,4,0,89.0
10109872GOMESP_2025-09-18_G109,10109872GOMESP,2025-09-18,110371,1,2,0,91.0
10109872GOMESP_2025-09-18_G110,10109872GOMESP,2025-09-18,107236,1,24,0,361.0
10109872GOMESP_2025-09-18_G111,10109872GOMESP,2025-09-18,109647,1,4,0,114.0
10109872GOMESP_2025-09-18_G112,10109872GOMESP,2025-09-18,109640,1,10,0,152.0
10109872GOMESP_2025-09-19_G02,10109872GOMESP,2025-09-19,107830,1,8,0,147.0
10109872GOMESP_2025-09-19_G03,10109872GOMESP,2025-09-19,110374,1,5,0,264.0
10109872GOMESP_2025-09-19_G04,10109872GOMESP,2025-09-19,110375,1,5,0,129.0
10109872GOMESP_2025-09-19_G05,10109872GOMESP,2025-09-19,141202,1,29,0,56.0
10109872GOMESP_2025-09-19_G06,10109872GOMESP,2025-09-19,117822,1,17,0,259.0
10109872GOMESP_2025-09-19_G07,10109872GOMESP,2025-09-19,117809,1,13,0,116.0
10109872GOMESP_2025-09-19_G08,10109872GOMESP,2025-09-19,107830,1,51,0,827.0
10109872GOMESP_2025-09-19_G09,10109872GOMESP,2025-09-19,110741,1,9,0,496.0
10109872GOMESP_2025-09-19_G10,10109872GOMESP,2025-09-19,118094,1,47,0,208.0
10109872GOMESP_2025-09-19_G11,10109872GOMESP,2025-09-19,140911,1,11,0,419.0
10109872GOMESP_2025-09-19_G12,10109872GOMESP,2025-09-19,110747,1,2,0,49.0
10109872GOMESP_2025-09-19_G13,10109872GOMESP,2025-09-19,111660,2,15,13,101.0
10109872GOMESP_2025-09-19_G15,10109872GOMESP,2025-09-19,111743,1,12,0,203.0
10109872GOMESP_2025-09-19_G16,10109872GOMESP,2025-09-19,111532,1,16,0,177.0
10109872GOMESP_2025-09-19_G17,10109872GOMESP,2025-09-19,109641,1,12,0,239.0
10109872GOMESP_2025-09-19_G18,10109872GOMESP,2025-09-19,141457,1,24,0,455.0
10109872GOMESP_2025-09-19_G19,10109872GOMESP,2025-09-19,117785,1,10,0,55.0
10109872GOMESP_2025-09-19_G20,10109872GOMESP,2025-09-19,117785,1,18,0,34.0
10109872GOMESP_2025-09-19_G21,10109872GOMESP,2025-09-19,117833,1,12,0,699.0
10109872GOMESP_2025-09-19_G22,10109872GOMESP,2025-09-19,140922,1,12,0,194.0
10109872GOMESP_2025-09-19_G23,10109872GOMESP,2025-09-19,141458,1,4,0,91.0
10109872GOMESP_2025-09-19_G24,10109872GOMESP,2025-09-19,117831,1,8,0,51.0
10109872GOMESP_2025-09-19_G25,10109872GOMESP,2025-09-19,111465,1,12,0,277.0
10109872GOMESP_2025-09-19_G26,10109872GOMESP,2025-09-19,110376,3,18,13,289.0
10109872GOMESP_2025-09-19_G27,10109872GOMESP,2025-09-19,107830,2,16,4,126.0
10109872GOMESP_2025-09-19_G28,10109872GOMESP,2025-09-19,109643,2,16,11,182.0
10109872GOMESP_2025-09-19_G29,10109872GOMESP,2025-09-19,117808,2,60,6,392.0
10109872GOMESP_2025-09-19_G30,10109872GOMESP,2025-09-19,110371,2,32,6,514.0
10109872GOMESP_2025-09-19_G31,10109872GOMESP,2025-09-19,117820,1,24,0,347.0
10109872GOMESP_2025-09-19_G32,10109872GOMESP,2025-09-19,118299,1,16,0,177.0
10109872GOMESP_2025-09-19_G33,10109872GOMESP,2025-09-19,117809,1,6,0,52.0
10109872GOMESP_2025-09-19_G34,10109872GOMESP,2025-09-19,117830,2,22,5,131.0
10109872GOMESP_2025-09-19_G35,10109872GOMESP,2025-09-19,111418,1,1350,0,3492.0
10109872GOMESP_2025-09-19_G36,10109872GOMESP,2025-09-19,117830,1,50,0,1013.0
10109872GOMESP_2025-09-19_G37,10109872GOMESP,2025-09-19,"107629, 111650",2,7,14,1046.0
10109872GOMESP_2025-09-19_G38,10109872GOMESP,2025-09-19,"110733, 117853, 141047",3,9,23,74.0
10109872GOMESP_2025-09-19_G39,10109872GOMESP,2025-09-19,117786,1,4,0,67.0
10109872GOMESP_2025-09-19_G40,10109872GOMESP,2025-09-19,108711,1,2,0,189.0
10109872GOMESP_2025-09-20_G02,10109872GOMESP,2025-09-20,110371,1,9,0,130.0
10109872GOMESP_2025-09-20_G03,10109872GOMESP,2025-09-20,110373,1,15,0,202.0
10109872GOMESP_2025-09-20_G04,10109872GOMESP,2025-09-20,110787,1,2,0,307.0
10109872GOMESP_2025-09-20_G05,10109872GOMESP,2025-09-20,110747,1,2,0,231.0
10109872GOMESP_2025-09-20_G06,10109872GOMESP,2025-09-20,110733,1,3,0,177.0
10109872GOMESP_2025-09-20_G07,10109872GOMESP,2025-09-20,118299,1,14,0,163.0
10109872GOMESP_2025-09-20_G08,10109872GOMESP,2025-09-20,110372,1,6,0,125.0
10109872GOMESP_2025-09-20_G09,10109872GOMESP,2025-09-20,140923,1,9,0,543.0
10109872GOMESP_2025-09-20_G10,10109872GOMESP,2025-09-20,117808,1,4,0,51.0
10109872GOMESP_2025-09-20_G11,10109872GOMESP,2025-09-20,117809,1,6,0,161.0
10109872GOMESP_2025-09-20_G12,10109872GOMESP,2025-09-20,110376,1,4,0,107.0
10109872GOMESP_2025-09-20_G13,10109872GOMESP,2025-09-20,110747,1,2,0,262.0
10109872GOMESP_2025-09-20_G14,10109872GOMESP,2025-09-20,111430,1,3,0,102.0
10109872GOMESP_2025-09-20_G15,10109872GOMESP,2025-09-20,110733,1,3,0,93.0
10109872GOMESP_2025-09-20_G16,10109872GOMESP,2025-09-20,117855,1,4,0,78.0
10109872GOMESP_2025-09-20_G17,10109872GOMESP,2025-09-20,111602,2,4,4,60.0
10109872GOMESP_2025-09-20_G18,10109872GOMESP,2025-09-20,111469,1,13,0,69.0
10109872GOMESP_2025-09-20_G19,10109872GOMESP,2025-09-20,111463,1,31,0,490.0
10109872GOMESP_2025-09-20_G20,10109872GOMESP,2025-09-20,109645,1,2,0,2250.0
10109872GOMESP_2025-09-20_G21,10109872GOMESP,2025-09-20,111418,1,18,0,75.0
10109872GOMESP_2025-09-20_G22,10109872GOMESP,2025-09-20,117821,1,2,0,372.0
10109872GOMESP_2025-09-20_G23,10109872GOMESP,2025-09-20,117831,1,4,0,87.0
10109872GOMESP_2025-09-20_G24,10109872GOMESP,2025-09-20,110374,1,8,0,153.0
10109872GOMESP_2025-09-20_G25,10109872GOMESP,2025-09-20,118299,1,1,0,44.0
10109872GOMESP_2025-09-20_G26,10109872GOMESP,2025-09-20,110372,1,21,0,104.0
10109872GOMESP_2025-09-20_G27,10109872GOMESP,2025-09-20,110373,1,13,0,1297.0
10109872GOMESP_2025-09-20_G28,10109872GOMESP,2025-09-20,117820,1,3,0,139.0
10109872GOMESP_2025-09-20_G29,10109872GOMESP,2025-09-20,117830,1,3,0,36.0
10109872GOMESP_2025-09-20_G30,10109872GOMESP,2025-09-20,140911,1,2,0,331.0
10109872GOMESP_2025-09-20_G31,10109872GOMESP,2025-09-20,118299,1,12,0,56.0
10109872GOMESP_2025-09-20_G32,10109872GOMESP,2025-09-20,110372,1,15,0,149.0
10109872GOMESP_2025-09-20_G33,10109872GOMESP,2025-09-20,117820,1,7,0,113.0
10109872GOMESP_2025-09-20_G34,10109872GOMESP,2025-09-20,140923,1,2,0,1194.0
10109872GOMESP_2025-09-20_G35,10109872GOMESP,2025-09-20,141456,1,1,0,97.0
10109872GOMESP_2025-09-20_G36,10109872GOMESP,2025-09-20,110787,1,2,0,145.0
10109872GOMESP_2025-09-20_G37,10109872GOMESP,2025-09-20,111172,1,4,0,96.0
10109872GOMESP_2025-09-20_G38,10109872GOMESP,2025-09-20,117832,1,2,0,95.0
10109872GOMESP_2025-09-20_G39,10109872GOMESP,2025-09-20,117820,1,4,0,74.0
10109872GOMESP_2025-09-20_G40,10109872GOMESP,2025-09-20,117809,1,4,0,62.0
10109872GOMESP_2025-09-20_G41,10109872GOMESP,2025-09-20,117830,1,4,0,39.0
10109872GOMESP_2025-09-20_G42,10109872GOMESP,2025-09-20,140923,1,2,0,142.0
10109872GOMESP_2025-09-20_G43,10109872GOMESP,2025-09-20,110787,2,3,5,52.0
10109872GOMESP_2025-09-20_G44,10109872GOMESP,2025-09-20,111602,1,21,0,265.0
10109872GOMESP_2025-09-20_G45,10109872GOMESP,2025-09-20,111530,1,8,0,476.0
10109872GOMESP_2025-09-20_G47,10109872GOMESP,2025-09-20,105705,1,2,0,200.0
10109872GOMESP_2025-09-20_G48,10109872GOMESP,2025-09-20,111418,1,2,0,86.0
10109872GOMESP_2025-09-20_G49,10109872GOMESP,2025-09-20,117821,1,3,0,147.0
10109872GOMESP_2025-09-20_G50,10109872GOMESP,2025-09-20,111172,1,2,0,114.0
10109872GOMESP_2025-09-20_G51,10109872GOMESP,2025-09-20,117820,1,2,0,110.0
10109872GOMESP_2025-09-20_G52,10109872GOMESP,2025-09-20,111433,1,4,0,136.0
10109872GOMESP_2025-09-20_G53,10109872GOMESP,2025-09-20,140923,1,1,0,93.0
10109872GOMESP_2025-09-20_G54,10109872GOMESP,2025-09-20,111530,1,8,0,517.0
10109872GOMESP_2025-09-20_G55,10109872GOMESP,2025-09-20,111602,1,3,0,398.0
10109872GOMESP_2025-09-20_G56,10109872GOMESP,2025-09-20,118222,1,6,0,253.0
10109872GOMESP_2025-09-20_G57,10109872GOMESP,2025-09-20,110755,1,2,0,108.0
10109872GOMESP_2025-09-20_G58,10109872GOMESP,2025-09-20,108770,1,2,0,63.0
10109872GOMESP_2025-09-20_G59,10109872GOMESP,2025-09-20,111660,1,2,0,140.0
10109872GOMESP_2025-09-20_G60,10109872GOMESP,2025-09-20,107629,1,2,0,138.0
10109872GOMESP_2025-09-20_G61,10109872GOMESP,2025-09-20,140923,1,3,0,246.0
10109872GOMESP_2025-09-20_G62,10109872GOMESP,2025-09-20,117861,1,6,0,54.0
10109872GOMESP_2025-09-20_G63,10109872GOMESP,2025-09-20,141047,1,2,0,87.0
10109872GOMESP_2025-09-20_G64,10109872GOMESP,2025-09-20,117786,1,2,0,77.0
10109872GOMESP_2025-09-20_G65,10109872GOMESP,2025-09-20,109640,1,2,0,64.0
10109872GOMESP_2025-09-20_G66,10109872GOMESP,2025-09-20,110580,1,2,0,423.0
10109872GOMESP_2025-09-20_G67,10109872GOMESP,2025-09-20,110623,1,1,0,973.0
10109872GOMESP_2025-09-20_G68,10109872GOMESP,2025-09-20,111876,1,2,0,107.0
10109872GOMESP_2025-09-20_G69,10109872GOMESP,2025-09-20,111530,1,4,0,125.0
10109872GOMESP_2025-09-20_G70,10109872GOMESP,2025-09-20,140923,1,1,0,39.0
10109872GOMESP_2025-09-20_G71,10109872GOMESP,2025-09-20,111172,1,4,0,144.0
10109872GOMESP_2025-09-20_G72,10109872GOMESP,2025-09-20,118299,1,20,0,428.0
10109872GOMESP_2025-09-20_G73,10109872GOMESP,2025-09-20,117808,1,20,0,424.0
10109872GOMESP_2025-09-20_G74,10109872GOMESP,2025-09-20,117832,1,4,0,321.0
10109872GOMESP_2025-09-20_G75,10109872GOMESP,2025-09-20,140923,1,2,0,241.0
10109872GOMESP_2025-09-20_G76,10109872GOMESP,2025-09-20,117861,1,3,0,41.0
10109872GOMESP_2025-09-20_G77,10109872GOMESP,2025-09-20,141457,1,1,0,243.0
10109872GOMESP_2025-09-20_G78,10109872GOMESP,2025-09-20,111418,1,2,0,87.0
10109872GOMESP_2025-09-20_G79,10109872GOMESP,2025-09-20,111468,1,2,0,212.0
10109872GOMESP_2025-09-20_G80,10109872GOMESP,2025-09-20,117831,1,6,0,101.0
10109872GOMESP_2025-09-20_G81,10109872GOMESP,2025-09-20,117832,1,4,0,192.0
10109872GOMESP_2025-09-20_G82,10109872GOMESP,2025-09-20,117820,1,4,0,96.0
10109872GOMESP_2025-09-20_G83,10109872GOMESP,2025-09-20,110747,1,2,0,125.0
10109872GOMESP_2025-09-20_G84,10109872GOMESP,2025-09-20,111569,1,4,0,163.0
10109872GOMESP_2025-09-20_G85,10109872GOMESP,2025-09-20,111530,1,2,0,115.0
10109872GOMESP_2025-09-20_G86,10109872GOMESP,2025-09-20,111602,1,5,0,94.0
10109872GOMESP_2025-09-20_G87,10109872GOMESP,2025-09-20,109640,1,1,0,80.0
10109872GOMESP_2025-09-20_G88,10109872GOMESP,2025-09-20,118299,1,10,0,74.0
10109872GOMESP_2025-09-20_G89,10109872GOMESP,2025-09-20,117808,1,10,0,615.0
10109872GOMESP_2025-09-20_G90,10109872GOMESP,2025-09-20,117820,1,8,0,804.0
10109872GOMESP_2025-09-20_G91,10109872GOMESP,2025-09-20,117809,1,4,0,74.0
10109872GOMESP_2025-09-20_G92,10109872GOMESP,2025-09-20,108711,1,2,0,110.0
10109872GOMESP_2025-09-20_G93,10109872GOMESP,2025-09-20,105705,1,2,0,71.0
10109872GOMESP_2025-09-20_G94,10109872GOMESP,2025-09-20,141457,1,2,0,42.0
10109872GOMESP_2025-09-20_G95,10109872GOMESP,2025-09-20,117821,1,2,0,93.0
10109872GOMESP_2025-09-20_G96,10109872GOMESP,2025-09-20,117831,1,4,0,53.0
10109872GOMESP_2025-09-20_G97,10109872GOMESP,2025-09-20,107236,1,1,0,41.0
10109872GOMESP_2025-09-20_G98,10109872GOMESP,2025-09-20,117861,1,1,0,367.0
10109872GOMESP_2025-09-20_G99,10109872GOMESP,2025-09-20,117809,1,2,0,115.0
10109872GOMESP_2025-09-20_G100,10109872GOMESP,2025-09-20,117830,1,4,0,42.0
10109872GOMESP_2025-09-20_G101,10109872GOMESP,2025-09-20,141456,1,4,0,143.0
10109872GOMESP_2025-09-20_G102,10109872GOMESP,2025-09-20,117838,1,4,0,106.0
10109872GOMESP_2025-09-20_G103,10109872GOMESP,2025-09-20,111172,1,2,0,90.0
10109872GOMESP_2025-09-22_G02,10109872GOMESP,2025-09-22,117862,1,2,0,93.0
10109872GOMESP_2025-09-22_G03,10109872GOMESP,2025-09-22,140923,1,6,0,118.0
10109872GOMESP_2025-09-22_G04,10109872GOMESP,2025-09-22,117861,1,2,0,53.0
10109872GOMESP_2025-09-22_G05,10109872GOMESP,2025-09-22,117837,1,4,0,230.0
10109872GOMESP_2025-09-22_G06,10109872GOMESP,2025-09-22,141456,1,4,0,114.0
10109872GOMESP_2025-09-22_G07,10109872GOMESP,2025-09-22,109645,1,3,0,99.0
10109872GOMESP_2025-09-22_G08,10109872GOMESP,2025-09-22,141457,1,8,0,129.0
10109872GOMESP_2025-09-22_G09,10109872GOMESP,2025-09-22,111418,1,7,0,88.0
10109872GOMESP_2025-09-22_G10,10109872GOMESP,2025-09-22,140922,1,4,0,87.0
10109872GOMESP_2025-09-22_G11,10109872GOMESP,2025-09-22,117831,1,2,0,88.0
10109872GOMESP_2025-09-22_G12,10109872GOMESP,2025-09-22,111348,1,2,0,37.0
10109872GOMESP_2025-09-22_G13,10109872GOMESP,2025-09-22,117808,1,20,0,207.0
10109872GOMESP_2025-09-22_G14,10109872GOMESP,2025-09-22,118299,1,11,0,139.0
10109872GOMESP_2025-09-22_G15,10109872GOMESP,2025-09-22,110371,1,8,0,174.0
10109872GOMESP_2025-09-22_G16,10109872GOMESP,2025-09-22,117820,1,8,0,161.0
10109872GOMESP_2025-09-22_G17,10109872GOMESP,2025-09-22,110325,1,3,0,81.0
10109872GOMESP_2025-09-22_G18,10109872GOMESP,2025-09-22,117830,1,5,0,96.0
10109872GOMESP_2025-09-22_G19,10109872GOMESP,2025-09-22,117855,1,170,0,1135.0
10109872GOMESP_2025-09-22_G20,10109872GOMESP,2025-09-22,111418,1,702,0,1661.0
10109872GOMESP_2025-09-22_G21,10109872GOMESP,2025-09-22,118222,1,6,0,3442.0
10109872GOMESP_2025-09-22_G22,10109872GOMESP,2025-09-22,111569,1,4,0,412.0
10109872GOMESP_2025-09-22_G23,10109872GOMESP,2025-09-22,110733,1,1,0,85.0
10109872GOMESP_2025-09-22_G24,10109872GOMESP,2025-09-22,111463,1,16,0,183.0
10109872GOMESP_2025-09-22_G25,10109872GOMESP,2025-09-22,111532,1,7,0,115.0
10109872GOMESP_2025-09-22_G26,10109872GOMESP,2025-09-22,111418,1,9,0,102.0
10109872GOMESP_2025-09-22_G27,10109872GOMESP,2025-09-22,110374,1,7,0,146.0
10109872GOMESP_2025-09-22_G28,10109872GOMESP,2025-09-22,117808,1,8,0,56.0
10109872GOMESP_2025-09-22_G29,10109872GOMESP,2025-09-22,110372,1,4,0,82.0
10109872GOMESP_2025-09-22_G30,10109872GOMESP,2025-09-22,117820,1,10,0,91.0
10109872GOMESP_2025-09-22_G31,10109872GOMESP,2025-09-22,110373,1,10,0,203.0
10109872GOMESP_2025-09-22_G32,10109872GOMESP,2025-09-22,117830,1,3,0,195.0
10109872GOMESP_2025-09-22_G33,10109872GOMESP,2025-09-22,110747,1,4,0,144.0
10109872GOMESP_2025-09-22_G34,10109872GOMESP,2025-09-22,100334,1,6,0,414.0
10109872GOMESP_2025-09-22_G36,10109872GOMESP,2025-09-22,140923,1,2,0,90.0
10109872GOMESP_2025-09-22_G37,10109872GOMESP,2025-09-22,117855,1,3,0,150.0
10109872GOMESP_2025-09-22_G38,10109872GOMESP,2025-09-22,117855,1,9,0,91.0
10109872GOMESP_2025-09-22_G39,10109872GOMESP,2025-09-22,111743,1,1,0,79.0
10109872GOMESP_2025-09-22_G40,10109872GOMESP,2025-09-22,105705,1,5,0,145.0
10109872GOMESP_2025-09-22_G41,10109872GOMESP,2025-09-22,118140,1,8,0,67.0
10109872GOMESP_2025-09-22_G42,10109872GOMESP,2025-09-22,111442,1,2,0,217.0
10109872GOMESP_2025-09-22_G43,10109872GOMESP,2025-09-22,107830,1,2,0,68.0
10109872GOMESP_2025-09-22_G44,10109872GOMESP,2025-09-22,110371,1,6,0,172.0
10109872GOMESP_2025-09-22_G45,10109872GOMESP,2025-09-22,117832,1,3,0,114.0
10109872GOMESP_2025-09-22_G46,10109872GOMESP,2025-09-22,117822,1,4,0,98.0
10109872GOMESP_2025-09-22_G47,10109872GOMESP,2025-09-22,118222,1,11,0,213.0
10109872GOMESP_2025-09-22_G48,10109872GOMESP,2025-09-22,107892,1,1,0,198.0
10109872GOMESP_2025-09-22_G49,10109872GOMESP,2025-09-22,117862,1,4,0,135.0
10109872GOMESP_2025-09-22_G50,10109872GOMESP,2025-09-22,140923,1,2,0,62.0
10109872GOMESP_2025-09-22_G51,10109872GOMESP,2025-09-22,110733,1,2,0,51.0
10109872GOMESP_2025-09-22_G52,10109872GOMESP,2025-09-22,117855,1,7,0,122.0
10109872GOMESP_2025-09-22_G53,10109872GOMESP,2025-09-22,109640,1,2,0,104.0
10109872GOMESP_2025-09-22_G54,10109872GOMESP,2025-09-22,111463,1,9,0,170.0
10109872GOMESP_2025-09-22_G55,10109872GOMESP,2025-09-22,118140,1,2,0,64.0
10109872GOMESP_2025-09-22_G56,10109872GOMESP,2025-09-22,111466,1,14,0,169.0
10109872GOMESP_2025-09-22_G57,10109872GOMESP,2025-09-22,110374,1,2,0,105.0
10109872GOMESP_2025-09-22_G58,10109872GOMESP,2025-09-22,117808,1,11,0,45.0
10109872GOMESP_2025-09-22_G59,10109872GOMESP,2025-09-22,118299,1,9,0,113.0
10109872GOMESP_2025-09-22_G60,10109872GOMESP,2025-09-22,110372,1,6,0,69.0
10109872GOMESP_2025-09-22_G61,10109872GOMESP,2025-09-22,110325,1,3,0,123.0
10109872GOMESP_2025-09-22_G62,10109872GOMESP,2025-09-22,117830,1,6,0,97.0
10109872GOMESP_2025-09-22_G63,10109872GOMESP,2025-09-22,115775,1,4,0,429.0
10109872GOMESP_2025-09-22_G64,10109872GOMESP,2025-09-22,110373,1,848,0,1681.0
10109872GOMESP_2025-09-22_G65,10109872GOMESP,2025-09-22,110376,1,20,0,762.0
10109872GOMESP_2025-09-22_G66,10109872GOMESP,2025-09-22,160054,1,5,0,118.0
10109872GOMESP_2025-09-22_G67,10109872GOMESP,2025-09-22,110325,2,74,20,128.0
10109872GOMESP_2025-09-22_G68,10109872GOMESP,2025-09-22,117830,1,30,0,462.0
10109872GOMESP_2025-09-22_G69,10109872GOMESP,2025-09-22,111172,1,20,0,223.0
10109872GOMESP_2025-09-22_G70,10109872GOMESP,2025-09-22,118285,1,4,0,270.0
10109872GOMESP_2025-09-22_G71,10109872GOMESP,2025-09-22,141823,1,40,0,239.0
10109872GOMESP_2025-09-22_G72,10109872GOMESP,2025-09-22,117842,1,3,0,504.0
10109872GOMESP_2025-09-22_G73,10109872GOMESP,2025-09-22,117821,1,20,0,76.0
10109872GOMESP_2025-09-22_G74,10109872GOMESP,2025-09-22,118330,1,8,0,188.0
10109872GOMESP_2025-09-22_G75,10109872GOMESP,2025-09-22,141458,1,20,0,426.0
10109872GOMESP_2025-09-23_G02,10109872GOMESP,2025-09-23,117808,1,24,0,387.0
10109872GOMESP_2025-09-23_G03,10109872GOMESP,2025-09-23,117820,1,4,0,61.0
10109872GOMESP_2025-09-23_G04,10109872GOMESP,2025-09-23,110374,1,1,0,33.0
10109872GOMESP_2025-09-23_G05,10109872GOMESP,2025-09-23,117808,1,8,0,120.0
10109872GOMESP_2025-09-23_G06,10109872GOMESP,2025-09-23,110371,1,8,0,152.0
10109872GOMESP_2025-09-23_G07,10109872GOMESP,2025-09-23,110373,1,8,0,139.0
10109872GOMESP_2025-09-23_G08,10109872GOMESP,2025-09-23,110325,1,4,0,104.0
10109872GOMESP_2025-09-23_G09,10109872GOMESP,2025-09-23,117808,2,72,21,383.0
10109872GOMESP_2025-09-23_G10,10109872GOMESP,2025-09-23,118299,1,12,0,263.0
10109872GOMESP_2025-09-23_G11,10109872GOMESP,2025-09-23,117820,1,12,0,147.0
10109872GOMESP_2025-09-23_G12,10109872GOMESP,2025-09-23,111602,1,12,0,1716.0
10109872GOMESP_2025-09-23_G13,10109872GOMESP,2025-09-23,140923,1,4,0,411.0
10109872GOMESP_2025-09-23_G14,10109872GOMESP,2025-09-23,117862,1,8,0,2884.0
10109872GOMESP_2025-09-23_G15,10109872GOMESP,2025-09-23,109640,1,5,0,175.0
10109872GOMESP_2025-09-23_G16,10109872GOMESP,2025-09-23,110747,1,12,0,248.0
10109872GOMESP_2025-09-23_G17,10109872GOMESP,2025-09-23,118306,1,7,0,83.0
10109872GOMESP_2025-09-23_G18,10109872GOMESP,2025-09-23,110755,1,2,0,90.0
10109872GOMESP_2025-09-23_G19,10109872GOMESP,2025-09-23,111569,1,7,0,134.0
10109872GOMESP_2025-09-23_G20,10109872GOMESP,2025-09-23,118283,1,1,0,190.0
10109872GOMESP_2025-09-23_G21,10109872GOMESP,2025-09-23,110373,1,100,0,259.0
10109872GOMESP_2025-09-23_G22,10109872GOMESP,2025-09-23,110375,1,12,0,695.0
10109872GOMESP_2025-09-23_G23,10109872GOMESP,2025-09-23,111466,1,20,0,244.0
10109872GOMESP_2025-09-23_G24,10109872GOMESP,2025-09-23,111462,1,40,0,123.0
10109872GOMESP_2025-09-23_G26,10109872GOMESP,2025-09-23,111418,1,985,0,2676.0
10109872GOMESP_2025-09-23_G27,10109872GOMESP,2025-09-23,111418,1,94,0,1627.0
10109872GOMESP_2025-09-24_G02,10109872GOMESP,2025-09-24,140911,1,2,0,79.0
10109872GOMESP_2025-09-24_G03,10109872GOMESP,2025-09-24,109974,1,1,0,405.0
10109872GOMESP_2025-09-24_G04,10109872GOMESP,2025-09-24,110787,1,12,0,201.0
10109872GOMESP_2025-09-24_G05,10109872GOMESP,2025-09-24,111530,1,25,0,488.0
10109872GOMESP_2025-09-24_G06,10109872GOMESP,2025-09-24,110623,1,5,0,171.0
10109872GOMESP_2025-09-24_G07,10109872GOMESP,2025-09-24,117856,1,4,0,785.0
10109872GOMESP_2025-09-24_G08,10109872GOMESP,2025-09-24,117856,1,2,0,57.0
10109872GOMESP_2025-09-24_G09,10109872GOMESP,2025-09-24,111602,1,4,0,79.0
10109872GOMESP_2025-09-24_G10,10109872GOMESP,2025-09-24,111532,1,8,0,234.0
10109872GOMESP_2025-09-24_G11,10109872GOMESP,2025-09-24,118094,1,4,0,396.0
10109872GOMESP_2025-09-24_G12,10109872GOMESP,2025-09-24,111443,1,2,0,76.0
10109872GOMESP_2025-09-24_G13,10109872GOMESP,2025-09-24,118140,1,8,0,164.0
10109872GOMESP_2025-09-24_G14,10109872GOMESP,2025-09-24,111441,1,4,0,88.0
10109872GOMESP_2025-09-24_G15,10109872GOMESP,2025-09-24,117855,1,4,0,200.0
10109872GOMESP_2025-09-24_G16,10109872GOMESP,2025-09-24,"111602, 141457",2,6,18,187.0
10109872GOMESP_2025-09-24_G17,10109872GOMESP,2025-09-24,117821,1,2,0,132.0
10109872GOMESP_2025-09-24_G18,10109872GOMESP,2025-09-24,117831,1,2,0,57.0
10109872GOMESP_2025-09-24_G19,10109872GOMESP,2025-09-24,110325,2,7,6,309.0
10109872GOMESP_2025-09-24_G20,10109872GOMESP,2025-09-24,111602,1,2,0,117.0
10109872GOMESP_2025-09-24_G21,10109872GOMESP,2025-09-24,110787,1,1,0,74.0
10109872GOMESP_2025-09-24_G22,10109872GOMESP,2025-09-24,111442,1,5,0,74.0
10109872GOMESP_2025-09-24_G23,10109872GOMESP,2025-09-24,110747,1,10,0,453.0
10109872GOMESP_2025-09-24_G24,10109872GOMESP,2025-09-24,111430,1,10,0,257.0
10109872GOMESP_2025-09-24_G25,10109872GOMESP,2025-09-24,108794,1,10,0,754.0
10109872GOMESP_2025-09-24_G26,10109872GOMESP,2025-09-24,111418,1,50,0,431.0
10109872GOMESP_2025-09-24_G27,10109872GOMESP,2025-09-24,117785,1,20,0,278.0
10109872GOMESP_2025-09-24_G28,10109872GOMESP,2025-09-24,117831,1,7,0,133.0
10109872GOMESP_2025-09-24_G29,10109872GOMESP,2025-09-24,117856,1,2,0,1511.0
10109872GOMESP_2025-09-24_G30,10109872GOMESP,2025-09-24,111602,1,1,0,269.0
10109872GOMESP_2025-09-24_G31,10109872GOMESP,2025-09-24,140923,1,18,0,294.0
10109872GOMESP_2025-09-24_G32,10109872GOMESP,2025-09-24,108772,1,8,0,118.0
10109872GOMESP_2025-09-24_G33,10109872GOMESP,2025-09-24,118140,1,30,0,220.0
10109872GOMESP_2025-09-24_G34,10109872GOMESP,2025-09-24,110743,1,2,0,892.0
10109872GOMESP_2025-09-24_G35,10109872GOMESP,2025-09-24,118317,1,10,0,108.0
10109872GOMESP_2025-09-24_G36,10109872GOMESP,2025-09-24,111463,2,8,5,57.0
10109872GOMESP_2025-09-24_G37,10109872GOMESP,2025-09-24,109645,1,8,0,116.0
10109872GOMESP_2025-09-24_G38,10109872GOMESP,2025-09-24,140922,1,8,0,51.0
10109872GOMESP_2025-09-24_G39,10109872GOMESP,2025-09-24,160055,1,1,0,101.0
10109872GOMESP_2025-09-24_G40,10109872GOMESP,2025-09-24,108794,2,8,5,298.0
10109872GOMESP_2025-09-24_G42,10109872GOMESP,2025-09-24,111462,1,8,0,143.0
10109872GOMESP_2025-09-24_G43,10109872GOMESP,2025-09-24,111442,1,2,0,43.0
10109872GOMESP_2025-09-24_G44,10109872GOMESP,2025-09-24,"117831, 118140",2,18,17,481.0
10109872GOMESP_2025-09-24_G45,10109872GOMESP,2025-09-24,118222,2,40,7,136.0
10109872GOMESP_2025-09-24_G46,10109872GOMESP,2025-09-24,111441,1,4,0,599.0
10109872GOMESP_2025-09-24_G47,10109872GOMESP,2025-09-24,110747,1,8,0,266.0
10109872GOMESP_2025-09-24_G48,10109872GOMESP,2025-09-24,"111438, 111430",2,8,25,83.0
10109872GOMESP_2025-09-24_G49,10109872GOMESP,2025-09-24,110749,1,4,0,131.0
10109872GOMESP_2025-09-24_G50,10109872GOMESP,2025-09-24,110755,1,4,0,73.0
10109872GOMESP_2025-09-24_G51,10109872GOMESP,2025-09-24,111655,1,4,0,236.0
10109872GOMESP_2025-09-24_G52,10109872GOMESP,2025-09-24,160057,1,4,0,410.0
10109872GOMESP_2025-09-24_G53,10109872GOMESP,2025-09-24,110754,1,2,0,121.0
10109872GOMESP_2025-09-24_G54,10109872GOMESP,2025-09-24,111660,1,2,0,77.0
10109872GOMESP_2025-09-24_G55,10109872GOMESP,2025-09-24,111530,1,8,0,175.0
10109872GOMESP_2025-09-24_G56,10109872GOMESP,2025-09-24,117855,1,10,0,270.0
10109872GOMESP_2025-09-24_G57,10109872GOMESP,2025-09-24,140923,3,15,11,246.0
10109872GOMESP_2025-09-24_G58,10109872GOMESP,2025-09-24,111530,1,9,0,78.0
10109872GOMESP_2025-09-24_G59,10109872GOMESP,2025-09-24,111602,1,9,0,516.0
10109872GOMESP_2025-09-24_G60,10109872GOMESP,2025-09-24,118140,2,18,5,329.0
10109872GOMESP_2025-09-24_G61,10109872GOMESP,2025-09-24,118222,1,16,0,287.0
10109872GOMESP_2025-09-24_G62,10109872GOMESP,2025-09-24,116527,1,2,0,236.0
10109872GOMESP_2025-09-24_G63,10109872GOMESP,2025-09-24,"117808, 118299",4,68,43,353.0
10109872GOMESP_2025-09-24_G64,10109872GOMESP,2025-09-24,117830,1,6,0,710.0
10109872GOMESP_2025-09-24_G65,10109872GOMESP,2025-09-24,117855,1,6,0,619.0
10109872GOMESP_2025-09-24_G66,10109872GOMESP,2025-09-24,117786,1,4,0,142.0
10109872GOMESP_2025-09-24_G67,10109872GOMESP,2025-09-24,117861,1,4,0,80.0
10109872GOMESP_2025-09-24_G68,10109872GOMESP,2025-09-24,111530,1,8,0,195.0
10109872GOMESP_2025-09-24_G69,10109872GOMESP,2025-09-24,117935,1,4,0,87.0
10109872GOMESP_2025-09-24_G70,10109872GOMESP,2025-09-24,111602,1,4,0,231.0
10109872GOMESP_2025-09-24_G71,10109872GOMESP,2025-09-24,117785,1,4,0,524.0
10109872GOMESP_2025-09-24_G72,10109872GOMESP,2025-09-24,107888,1,2,0,3157.0
10109872GOMESP_2025-09-24_G73,10109872GOMESP,2025-09-24,107254,1,2,0,75.0
10109872GOMESP_2025-09-24_G74,10109872GOMESP,2025-09-24,110755,1,16,0,421.0
10109872GOMESP_2025-09-25_G02,10109872GOMESP,2025-09-25,110745,1,16,0,196.0
10109872GOMESP_2025-09-25_G03,10109872GOMESP,2025-09-25,107830,1,8,0,172.0
10109872GOMESP_2025-09-25_G04,10109872GOMESP,2025-09-25,140923,1,12,0,110.0
10109872GOMESP_2025-09-25_G05,10109872GOMESP,2025-09-25,109640,1,2,0,138.0
10109872GOMESP_2025-09-25_G06,10109872GOMESP,2025-09-25,105705,1,4,0,368.0
10109872GOMESP_2025-09-25_G07,10109872GOMESP,2025-09-25,118140,1,26,0,180.0
10109872GOMESP_2025-09-25_G08,10109872GOMESP,2025-09-25,118299,1,2,0,532.0
10109872GOMESP_2025-09-25_G09,10109872GOMESP,2025-09-25,117820,1,4,0,190.0
10109872GOMESP_2025-09-25_G10,10109872GOMESP,2025-09-25,140923,1,1,0,43.0
10109872GOMESP_2025-09-25_G11,10109872GOMESP,2025-09-25,118222,1,5,0,61.0
10109872GOMESP_2025-09-25_G12,10109872GOMESP,2025-09-25,110374,1,12,0,505.0
10109872GOMESP_2025-09-25_G13,10109872GOMESP,2025-09-25,110371,1,2,0,150.0
10109872GOMESP_2025-09-25_G14,10109872GOMESP,2025-09-25,110372,1,47,0,403.0
10109872GOMESP_2025-09-25_G15,10109872GOMESP,2025-09-25,117808,1,17,0,234.0
10109872GOMESP_2025-09-25_G16,10109872GOMESP,2025-09-25,118299,1,28,0,153.0
10109872GOMESP_2025-09-25_G17,10109872GOMESP,2025-09-25,110376,1,3,0,153.0
10109872GOMESP_2025-09-25_G18,10109872GOMESP,2025-09-25,117820,1,8,0,107.0
10109872GOMESP_2025-09-25_G19,10109872GOMESP,2025-09-25,117830,1,10,0,171.0
10109872GOMESP_2025-09-25_G20,10109872GOMESP,2025-09-25,111462,1,8,0,513.0
10109872GOMESP_2025-09-25_G21,10109872GOMESP,2025-09-25,117831,1,4,0,82.0
10109872GOMESP_2025-09-25_G22,10109872GOMESP,2025-09-25,110895,1,26,0,3220.0
10109872GOMESP_2025-09-25_G23,10109872GOMESP,2025-09-25,140923,1,2,0,205.0
10109872GOMESP_2025-09-25_G24,10109872GOMESP,2025-09-25,111602,1,3,0,135.0
10109872GOMESP_2025-09-25_G25,10109872GOMESP,2025-09-25,118140,1,8,0,160.0
10109872GOMESP_2025-09-25_G26,10109872GOMESP,2025-09-25,109640,1,8,0,62.0
10109872GOMESP_2025-09-25_G27,10109872GOMESP,2025-09-25,111466,1,1,0,579.0
10109872GOMESP_2025-09-25_G28,10109872GOMESP,2025-09-25,111530,2,20,5,304.0
10109872GOMESP_2025-09-25_G29,10109872GOMESP,2025-09-25,111602,1,3,0,225.0
10109872GOMESP_2025-09-25_G30,10109872GOMESP,2025-09-25,110325,1,4,0,90.0
10109872GOMESP_2025-09-25_G31,10109872GOMESP,2025-09-25,118222,1,2,0,104.0
10109872GOMESP_2025-09-25_G32,10109872GOMESP,2025-09-25,118290,1,6,0,174.0
10109872GOMESP_2025-09-25_G33,10109872GOMESP,2025-09-25,117808,1,33,0,237.0
10109872GOMESP_2025-09-25_G35,10109872GOMESP,2025-09-25,110787,1,13,0,584.0
10109872GOMESP_2025-09-25_G36,10109872GOMESP,2025-09-25,111418,1,70,0,77.0
10109872GOMESP_2025-09-25_G37,10109872GOMESP,2025-09-25,108794,1,10,0,597.0
10109872GOMESP_2025-09-25_G38,10109872GOMESP,2025-09-25,141457,1,30,0,173.0
10109872GOMESP_2025-09-25_G39,10109872GOMESP,2025-09-25,118140,1,30,0,353.0
10109872GOMESP_2025-09-25_G40,10109872GOMESP,2025-09-25,117785,1,40,0,50.0
10109872GOMESP_2025-09-25_G41,10109872GOMESP,2025-09-25,117821,1,5,0,469.0
10109872GOMESP_2025-09-25_G42,10109872GOMESP,2025-09-25,111172,1,12,0,1094.0
10109872GOMESP_2025-09-25_G43,10109872GOMESP,2025-09-25,117809,1,40,0,1478.0
10109872GOMESP_2025-09-25_G44,10109872GOMESP,2025-09-25,118285,1,4,0,2458.0
10109872GOMESP_2025-09-25_G45,10109872GOMESP,2025-09-25,118223,1,8,0,141.0
10109872GOMESP_2025-09-25_G46,10109872GOMESP,2025-09-25,114100,1,4,0,104.0
10109872GOMESP_2025-09-25_G47,10109872GOMESP,2025-09-25,118222,1,180,0,1132.0
10109872GOMESP_2025-09-25_G48,10109872GOMESP,2025-09-25,140956,1,4,0,263.0
10109872GOMESP_2025-09-25_G49,10109872GOMESP,2025-09-25,118417,1,8,0,171.0
10109872GOMESP_2025-09-25_G50,10109872GOMESP,2025-09-25,140911,1,4,0,120.0
10109872GOMESP_2025-09-25_G51,10109872GOMESP,2025-09-25,118271,1,4,0,266.0
10109872GOMESP_2025-09-25_G52,10109872GOMESP,2025-09-25,118094,1,160,0,931.0
10109872GOMESP_2025-09-26_G02,10109872GOMESP,2025-09-26,117820,1,2,0,359.0
10109872GOMESP_2025-09-26_G03,10109872GOMESP,2025-09-26,117787,1,2,0,195.0
10109872GOMESP_2025-09-26_G04,10109872GOMESP,2025-09-26,141823,1,2,0,92.0
10109872GOMESP_2025-09-26_G05,10109872GOMESP,2025-09-26,118140,1,1,0,136.0
10109872GOMESP_2025-09-26_G06,10109872GOMESP,2025-09-26,109643,1,1,0,69.0
10109872GOMESP_2025-09-26_G07,10109872GOMESP,2025-09-26,117832,1,2,0,113.0
10109872GOMESP_2025-09-26_G08,10109872GOMESP,2025-09-26,117808,1,4,0,103.0
10109872GOMESP_2025-09-26_G09,10109872GOMESP,2025-09-26,141202,1,4,0,122.0
10109872GOMESP_2025-09-26_G10,10109872GOMESP,2025-09-26,118140,1,8,0,738.0
10109872GOMESP_2025-09-26_G11,10109872GOMESP,2025-09-26,118140,1,8,0,90.0
10109872GOMESP_2025-09-26_G12,10109872GOMESP,2025-09-26,110372,1,22,0,1227.0
10109872GOMESP_2025-09-26_G13,10109872GOMESP,2025-09-26,141202,1,30,0,357.0
10109872GOMESP_2025-09-26_G14,10109872GOMESP,2025-09-26,108711,1,1,0,721.0
10109872GOMESP_2025-09-26_G15,10109872GOMESP,2025-09-26,110374,1,2,0,111.0
10109872GOMESP_2025-09-26_G16,10109872GOMESP,2025-09-26,110373,1,4,0,97.0
10109872GOMESP_2025-09-26_G17,10109872GOMESP,2025-09-26,141202,1,1,0,98.0
10109872GOMESP_2025-09-26_G18,10109872GOMESP,2025-09-26,117830,1,3,0,262.0
10109872GOMESP_2025-09-26_G19,10109872GOMESP,2025-09-26,140911,1,1,0,1433.0
10109872GOMESP_2025-09-26_G20,10109872GOMESP,2025-09-26,111530,1,4,0,427.0
10109872GOMESP_2025-09-26_G21,10109872GOMESP,2025-09-26,117965,1,4,0,59.0
10109872GOMESP_2025-09-26_G22,10109872GOMESP,2025-09-26,109647,1,4,0,61.0
10109872GOMESP_2025-09-26_G23,10109872GOMESP,2025-09-26,109640,1,4,0,135.0
10109872GOMESP_2025-09-26_G24,10109872GOMESP,2025-09-26,111439,1,20,0,330.0
10109872GOMESP_2025-09-26_G25,10109872GOMESP,2025-09-26,118222,1,8,0,137.0
10109872GOMESP_2025-09-26_G26,10109872GOMESP,2025-09-26,110374,1,8,0,219.0
10109872GOMESP_2025-09-26_G27,10109872GOMESP,2025-09-26,110372,1,4,0,62.0
10109872GOMESP_2025-09-26_G28,10109872GOMESP,2025-09-26,117808,1,40,0,128.0
10109872GOMESP_2025-09-26_G29,10109872GOMESP,2025-09-26,118299,1,30,0,358.0
10109872GOMESP_2025-09-26_G30,10109872GOMESP,2025-09-26,110373,1,15,0,294.0
10109872GOMESP_2025-09-26_G31,10109872GOMESP,2025-09-26,117830,1,4,0,77.0
10109872GOMESP_2025-09-26_G32,10109872GOMESP,2025-09-26,117808,1,800,0,1953.0
10109872GOMESP_2025-09-26_G33,10109872GOMESP,2025-09-26,117809,1,40,0,176.0
10109872GOMESP_2025-09-26_G35,10109872GOMESP,2025-09-26,111112,1,2,0,312.0
10109872GOMESP_2025-09-26_G36,10109872GOMESP,2025-09-26,110755,1,4,0,293.0
10109872GOMESP_2025-09-26_G37,10109872GOMESP,2025-09-26,110895,1,67,0,139.0
10109872GOMESP_2025-09-26_G38,10109872GOMESP,2025-09-26,118323,1,4,0,73.0
10109872GOMESP_2025-09-26_G39,10109872GOMESP,2025-09-26,110747,1,16,0,208.0
10109872GOMESP_2025-09-26_G40,10109872GOMESP,2025-09-26,118100,1,2,0,177.0
10109872GOMESP_2025-09-26_G41,10109872GOMESP,2025-09-26,108794,1,40,0,674.0
10109872GOMESP_2025-09-26_G42,10109872GOMESP,2025-09-26,141457,1,50,0,477.0
10109872GOMESP_2025-09-26_G43,10109872GOMESP,2025-09-26,117833,1,40,0,318.0
10109872GOMESP_2025-09-26_G44,10109872GOMESP,2025-09-26,107830,1,10,0,226.0
10109872GOMESP_2025-09-26_G45,10109872GOMESP,2025-09-26,117808,1,100,0,60.0
10109872GOMESP_2025-09-26_G46,10109872GOMESP,2025-09-26,118299,1,100,0,543.0
10109872GOMESP_2025-09-26_G47,10109872GOMESP,2025-09-26,110376,1,10,0,237.0
10109872GOMESP_2025-09-26_G48,10109872GOMESP,2025-09-26,110373,1,20,0,123.0
10109872GOMESP_2025-09-26_G49,10109872GOMESP,2025-09-26,117820,1,35,0,285.0
10109872GOMESP_2025-09-26_G50,10109872GOMESP,2025-09-26,110325,1,10,0,228.0
10109872GOMESP_2025-09-26_G51,10109872GOMESP,2025-09-26,117830,1,40,0,78.0
10109872GOMESP_2025-09-26_G52,10109872GOMESP,2025-09-26,118283,1,11,0,590.0
10109872GOMESP_2025-09-26_G53,10109872GOMESP,2025-09-26,117935,1,10,0,505.0
10109872GOMESP_2025-09-26_G54,10109872GOMESP,2025-09-26,117855,1,40,0,393.0
10109872GOMESP_2025-09-26_G55,10109872GOMESP,2025-09-26,117838,1,20,0,1186.0
10109872GOMESP_2025-09-26_G56,10109872GOMESP,2025-09-26,140922,1,14,0,122.0
10109872GOMESP_2025-09-26_G57,10109872GOMESP,2025-09-26,118223,1,5,0,106.0
10109872GOMESP_2025-09-26_G58,10109872GOMESP,2025-09-26,141458,1,31,0,224.0
10109872GOMESP_2025-09-26_G59,10109872GOMESP,2025-09-26,111182,1,6,0,139.0
10109872GOMESP_2025-09-26_G60,10109872GOMESP,2025-09-26,107236,1,40,0,236.0
10109872GOMESP_2025-09-26_G61,10109872GOMESP,2025-09-26,111172,1,30,0,402.0
10109872GOMESP_2025-09-26_G62,10109872GOMESP,2025-09-26,111879,1,20,0,438.0
10109872GOMESP_2025-09-26_G63,10109872GOMESP,2025-09-26,111602,2,69,10,68.0
10109872GOMESP_2025-09-27_G02,10109872GOMESP,2025-09-27,109645,1,20,0,386.0
10109872GOMESP_2025-09-27_G03,10109872GOMESP,2025-09-27,140922,1,12,0,78.0
10109872GOMESP_2025-09-27_G04,10109872GOMESP,2025-09-27,141457,1,70,0,374.0
10109872GOMESP_2025-09-27_G05,10109872GOMESP,2025-09-27,111182,1,21,0,538.0
10109872GOMESP_2025-09-27_G06,10109872GOMESP,2025-09-27,110740,2,22,11,283.0
10109872GOMESP_2025-09-27_G07,10109872GOMESP,2025-09-27,140922,1,24,0,351.0
10109872GOMESP_2025-09-27_G09,10109872GOMESP,2025-09-27,107629,1,18,0,1634.0
10109872GOMESP_2025-09-27_G10,10109872GOMESP,2025-09-27,117935,1,6,0,81.0
10109872GOMESP_2025-09-27_G11,10109872GOMESP,2025-09-27,110733,1,20,0,122.0
10109872GOMESP_2025-09-27_G12,10109872GOMESP,2025-09-27,117855,1,24,0,716.0
10109872GOMESP_2025-09-27_G13,10109872GOMESP,2025-09-27,111467,1,10,0,342.0
10109872GOMESP_2025-09-27_G14,10109872GOMESP,2025-09-27,109640,1,6,0,174.0
10109872GOMESP_2025-09-27_G15,10109872GOMESP,2025-09-27,117832,1,18,0,267.0
10109872GOMESP_2025-09-27_G16,10109872GOMESP,2025-09-27,110375,1,18,0,171.0
10109872GOMESP_2025-09-27_G17,10109872GOMESP,2025-09-27,110373,1,28,0,396.0
10109872GOMESP_2025-09-27_G18,10109872GOMESP,2025-09-27,117820,1,20,0,201.0
10109872GOMESP_2025-09-27_G20,10109872GOMESP,2025-09-27,"110325, 117830",2,36,12,127.0
10109872GOMESP_2025-09-27_G21,10109872GOMESP,2025-09-27,110743,1,24,0,933.0
10109872GOMESP_2025-09-29_G02,10109872GOMESP,2025-09-29,141047,1,14,0,588.0
10109872GOMESP_2025-09-29_G03,10109872GOMESP,2025-09-29,108701,1,2,0,59.0
10109872GOMESP_2025-09-29_G04,10109872GOMESP,2025-09-29,110741,1,4,0,55.0
10109872GOMESP_2025-09-29_G05,10109872GOMESP,2025-09-29,111530,1,30,0,383.0
10109872GOMESP_2025-09-29_G06,10109872GOMESP,2025-09-29,140923,1,36,0,86.0
10109872GOMESP_2025-09-29_G07,10109872GOMESP,2025-09-29,110733,1,4,0,66.0
10109872GOMESP_2025-09-29_G08,10109872GOMESP,2025-09-29,111467,1,14,0,413.0
10109872GOMESP_2025-09-29_G09,10109872GOMESP,2025-09-29,117837,1,40,0,238.0
10109872GOMESP_2025-09-29_G10,10109872GOMESP,2025-09-29,111775,1,4,0,833.0
10109872GOMESP_2025-09-29_G11,10109872GOMESP,2025-09-29,140915,1,4,0,345.0
10109872GOMESP_2025-09-29_G13,10109872GOMESP,2025-09-29,109645,1,4,0,213.0
10109872GOMESP_2025-09-29_G14,10109872GOMESP,2025-09-29,108798,1,10,0,99.0
10109872GOMESP_2025-09-29_G15,10109872GOMESP,2025-09-29,117842,1,2,0,138.0
10109872GOMESP_2025-09-29_G16,10109872GOMESP,2025-09-29,111444,1,4,0,66.0
10109872GOMESP_2025-09-29_G17,10109872GOMESP,2025-09-29,118290,1,4,0,79.0
10109872GOMESP_2025-09-29_G18,10109872GOMESP,2025-09-29,115775,1,3,0,332.0
10109872GOMESP_2025-09-29_G19,10109872GOMESP,2025-09-29,107892,1,16,0,401.0
10109872GOMESP_2025-09-29_G20,10109872GOMESP,2025-09-29,110754,1,4,0,141.0
10109872GOMESP_2025-09-29_G21,10109872GOMESP,2025-09-29,117786,1,20,0,3036.0
10109872GOMESP_2025-09-29_G22,10109872GOMESP,2025-09-29,117862,1,20,0,228.0
10109872GOMESP_2025-09-29_G23,10109872GOMESP,2025-09-29,117861,1,10,0,134.0
10109872GOMESP_2025-09-29_G24,10109872GOMESP,2025-09-29,111467,1,20,0,143.0
10109872GOMESP_2025-09-29_G25,10109872GOMESP,2025-09-29,111469,1,50,0,313.0
10109872GOMESP_2025-09-29_G26,10109872GOMESP,2025-09-29,111463,1,50,0,387.0
10109872GOMESP_2025-09-29_G27,10109872GOMESP,2025-09-29,111418,1,100,0,639.0
10109872GOMESP_2025-09-29_G28,10109872GOMESP,2025-09-29,117831,1,40,0,1510.0
10109872GOMESP_2025-09-29_G29,10109872GOMESP,2025-09-29,110371,1,17,0,1480.0
10109872GOMESP_2025-09-29_G30,10109872GOMESP,2025-09-29,"110372, 110371",2,115,10,337.0
10109872GOMESP_2025-09-29_G31,10109872GOMESP,2025-09-29,117832,1,20,0,348.0
10109872GOMESP_2025-09-30_G02,10109872GOMESP,2025-09-30,105705,1,16,0,186.0
10109872GOMESP_2025-09-30_G03,10109872GOMESP,2025-09-30,118317,1,2,0,71.0
10109872GOMESP_2025-09-30_G04,10109872GOMESP,2025-09-30,111463,2,63,5,257.0
10109872GOMESP_2025-09-30_G05,10109872GOMESP,2025-09-30,110787,1,7,0,278.0
10109872GOMESP_2025-09-30_G06,10109872GOMESP,2025-09-30,140922,1,46,0,138.0
10109872GOMESP_2025-09-30_G07,10109872GOMESP,2025-09-30,109641,2,13,7,278.0
10109872GOMESP_2025-09-30_G08,10109872GOMESP,2025-09-30,111743,1,5,0,127.0
10109872GOMESP_2025-09-30_G09,10109872GOMESP,2025-09-30,111532,1,17,0,172.0
10109872GOMESP_2025-09-30_G10,10109872GOMESP,2025-09-30,109645,1,10,0,329.0
10109872GOMESP_2025-09-30_G11,10109872GOMESP,2025-09-30,111431,1,2,0,238.0
10109872GOMESP_2025-09-30_G12,10109872GOMESP,2025-09-30,117787,1,17,0,245.0
10109872GOMESP_2025-09-30_G13,10109872GOMESP,2025-09-30,111462,1,12,0,210.0
10109872GOMESP_2025-09-30_G14,10109872GOMESP,2025-09-30,117833,1,10,0,81.0
10109872GOMESP_2025-09-30_G15,10109872GOMESP,2025-09-30,111442,1,2,0,57.0
10109872GOMESP_2025-09-30_G16,10109872GOMESP,2025-09-30,111172,1,4,0,50.0
10109872GOMESP_2025-09-30_G17,10109872GOMESP,2025-09-30,117831,1,12,0,230.0
10109872GOMESP_2025-09-30_G18,10109872GOMESP,2025-09-30,117831,1,10,0,233.0
10109872GOMESP_2025-09-30_G19,10109872GOMESP,2025-09-30,141047,2,18,12,481.0
10109872GOMESP_2025-09-30_G20,10109872GOMESP,2025-09-30,117935,1,6,0,623.0
10109872GOMESP_2025-09-30_G21,10109872GOMESP,2025-09-30,117855,1,31,0,921.0
10109872GOMESP_2025-09-30_G22,10109872GOMESP,2025-09-30,117862,1,10,0,180.0
10109872GOMESP_2025-09-30_G23,10109872GOMESP,2025-09-30,111650,1,2,0,75.0
10109872GOMESP_2025-09-30_G24,10109872GOMESP,2025-09-30,109640,1,5,0,165.0
10109872GOMESP_2025-09-30_G25,10109872GOMESP,2025-09-30,109640,1,36,0,34.0
10109872GOMESP_2025-09-30_G26,10109872GOMESP,2025-09-30,117837,1,23,0,144.0
10109872GOMESP_2025-10-01_G02,10109872GOMESP,2025-10-01,110756,1,20,0,388.0
10109872GOMESP_2025-10-01_G03,10109872GOMESP,2025-10-01,109647,1,52,0,143.0
10109872GOMESP_2025-10-01_G04,10109872GOMESP,2025-10-01,108772,1,102,0,478.0
10109872GOMESP_2025-10-01_G05,10109872GOMESP,2025-10-01,111467,1,28,0,257.0
10109872GOMESP_2025-10-01_G06,10109872GOMESP,2025-10-01,110752,1,666,0,2446.0
10109872GOMESP_2025-10-01_G07,10109872GOMESP,2025-10-01,109649,1,73,0,565.0
10109872GOMESP_2025-10-02_G02,10109872GOMESP,2025-10-02,111443,1,4,0,141.0
10109872GOMESP_2025-10-02_G03,10109872GOMESP,2025-10-02,111466,1,1,0,121.0
10109872GOMESP_2025-10-02_G04,10109872GOMESP,2025-10-02,110787,1,12,0,134.0
10109872GOMESP_2025-10-02_G05,10109872GOMESP,2025-10-02,109647,1,8,0,105.0
10109872GOMESP_2025-10-02_G06,10109872GOMESP,2025-10-02,111466,1,4,0,80.0
10109872GOMESP_2025-10-02_G07,10109872GOMESP,2025-10-02,110325,1,12,0,139.0
10109872GOMESP_2025-10-02_G08,10109872GOMESP,2025-10-02,111442,1,12,0,738.0
10109872GOMESP_2025-10-02_G09,10109872GOMESP,2025-10-02,111442,1,24,0,402.0
10109872GOMESP_2025-10-02_G10,10109872GOMESP,2025-10-02,118222,1,8,0,755.0
10109872GOMESP_2025-10-02_G11,10109872GOMESP,2025-10-02,110373,1,60,0,292.0
10109872GOMESP_2025-10-03_G02,10109872GOMESP,2025-10-03,118299,1,108,0,64.0
10109872GOMESP_2025-10-03_G03,10109872GOMESP,2025-10-03,110740,1,6,0,812.0
10109872GOMESP_2025-10-03_G04,10109872GOMESP,2025-10-03,109641,1,4,0,77.0
10109872GOMESP_2025-10-03_G05,10109872GOMESP,2025-10-03,111435,1,4,0,73.0
10109872GOMESP_2025-10-03_G06,10109872GOMESP,2025-10-03,109645,1,4,0,108.0
10109872GOMESP_2025-10-03_G07,10109872GOMESP,2025-10-03,117841,1,1,0,84.0
10109872GOMESP_2025-10-03_G08,10109872GOMESP,2025-10-03,111418,1,50,0,462.0
10109872GOMESP_2025-10-03_G09,10109872GOMESP,2025-10-03,111466,1,20,0,156.0
10109872GOMESP_2025-10-03_G10,10109872GOMESP,2025-10-03,117821,1,40,0,1621.0
10109872GOMESP_2025-10-03_G11,10109872GOMESP,2025-10-03,118222,1,40,0,434.0
10109872GOMESP_2025-10-03_G12,10109872GOMESP,2025-10-03,118306,1,1,0,282.0
10109872GOMESP_2025-10-03_G13,10109872GOMESP,2025-10-03,117836,1,4,0,129.0
10109872GOMESP_2025-10-03_G14,10109872GOMESP,2025-10-03,110755,1,12,0,570.0
10109872GOMESP_2025-10-03_G15,10109872GOMESP,2025-10-03,110895,1,6,0,110.0
10109872GOMESP_2025-10-03_G16,10109872GOMESP,2025-10-03,118290,1,2,0,109.0
10109872GOMESP_2025-10-03_G17,10109872GOMESP,2025-10-03,110895,1,4,0,540.0
10109872GOMESP_2025-10-03_G18,10109872GOMESP,2025-10-03,110375,1,11,0,1315.0
10109872GOMESP_2025-10-03_G19,10109872GOMESP,2025-10-03,117837,1,6,0,143.0
10109872GOMESP_2025-10-03_G20,10109872GOMESP,2025-10-03,110373,1,108,0,1005.0
10109872GOMESP_2025-10-03_G21,10109872GOMESP,2025-10-03,110373,1,108,0,46.0
10109872GOMESP_2025-10-03_G22,10109872GOMESP,2025-10-03,110371,1,108,0,745.0
10109872GOMESP_2025-10-03_G23,10109872GOMESP,2025-10-03,118251,1,4,0,348.0
10109872GOMESP_2025-10-04_G02,10109872GOMESP,2025-10-04,109645,2,24,5,199.0
10109872GOMESP_2025-10-04_G03,10109872GOMESP,2025-10-04,111172,1,27,0,444.0
10109872GOMESP_2025-10-04_G04,10109872GOMESP,2025-10-04,110743,2,28,5,286.0
10109872GOMESP_2025-10-04_G05,10109872GOMESP,2025-10-04,111172,1,5,0,1284.0
10109872GOMESP_2025-10-04_G06,10109872GOMESP,2025-10-04,110740,1,12,0,153.0
10109872GOMESP_2025-10-04_G07,10109872GOMESP,2025-10-04,117935,1,12,0,110.0
10109872GOMESP_2025-10-04_G08,10109872GOMESP,2025-10-04,110325,3,60,9,603.0
10109872GOMESP_2025-10-04_G09,10109872GOMESP,2025-10-04,110374,1,50,0,914.0
10109872GOMESP_2025-10-04_G10,10109872GOMESP,2025-10-04,118306,1,30,0,2625.0
10109872GOMESP_2025-10-04_G12,10109872GOMESP,2025-10-04,160055,1,2,0,110.0
10109872GOMESP_2025-10-04_G13,10109872GOMESP,2025-10-04,109645,1,1,0,80.0
10109872GOMESP_2025-10-04_G14,10109872GOMESP,2025-10-04,110742,1,2,0,188.0
10109872GOMESP_2025-10-04_G15,10109872GOMESP,2025-10-04,110895,2,8,5,117.0
10109872GOMESP_2025-10-04_G16,10109872GOMESP,2025-10-04,117855,1,4,0,120.0
10109872GOMESP_2025-10-04_G17,10109872GOMESP,2025-10-04,117788,1,1,0,178.0
10109872GOMESP_2025-10-04_G18,10109872GOMESP,2025-10-04,"117862, 111530",2,4,25,73.0
10109872GOMESP_2025-10-04_G19,10109872GOMESP,2025-10-04,"110339, 108772",2,6,20,123.0
10109872GOMESP_2025-10-04_G20,10109872GOMESP,2025-10-04,111602,1,9,0,118.0
10109872GOMESP_2025-10-04_G21,10109872GOMESP,2025-10-04,117837,1,2,0,112.0
10109872GOMESP_2025-10-04_G22,10109872GOMESP,2025-10-04,110374,1,4,0,331.0
10109872GOMESP_2025-10-04_G23,10109872GOMESP,2025-10-04,110372,1,4,0,38.0
10109872GOMESP_2025-10-04_G24,10109872GOMESP,2025-10-04,117808,1,16,0,199.0
10109872GOMESP_2025-10-04_G25,10109872GOMESP,2025-10-04,117820,1,1,0,96.0
10109872GOMESP_2025-10-04_G26,10109872GOMESP,2025-10-04,110373,1,5,0,118.0
10109872GOMESP_2025-10-04_G27,10109872GOMESP,2025-10-04,"117809, 117830",2,4,7,67.0
10109872GOMESP_2025-10-04_G28,10109872GOMESP,2025-10-04,"141457, 111418",2,13,15,190.0
10109872GOMESP_2025-10-04_G29,10109872GOMESP,2025-10-04,111469,1,1,0,72.0
10109872GOMESP_2025-10-04_G30,10109872GOMESP,2025-10-04,141458,1,2,0,49.0
10109872GOMESP_2025-10-04_G31,10109872GOMESP,2025-10-04,117787,1,2,0,64.0
10109872GOMESP_2025-10-04_G32,10109872GOMESP,2025-10-04,111442,1,2,0,68.0
10109872GOMESP_2025-10-04_G33,10109872GOMESP,2025-10-04,"117821, 111468",2,7,6,72.0
10109872GOMESP_2025-10-04_G34,10109872GOMESP,2025-10-04,117831,1,1,0,48.0
10109872GOMESP_2025-10-04_G35,10109872GOMESP,2025-10-04,118140,1,2,0,74.0
10109872GOMESP_2025-10-04_G36,10109872GOMESP,2025-10-04,110751,1,4,0,433.0
10109872GOMESP_2025-10-04_G37,10109872GOMESP,2025-10-04,110740,1,14,0,233.0
10109872GOMESP_2025-10-04_G38,10109872GOMESP,2025-10-04,108711,1,6,0,62.0
10109872GOMESP_2025-10-04_G39,10109872GOMESP,2025-10-04,108798,1,4,0,78.0
10109872GOMESP_2025-10-04_G40,10109872GOMESP,2025-10-04,108794,1,1,0,62.0
10109872GOMESP_2025-10-04_G41,10109872GOMESP,2025-10-04,111462,1,30,0,191.0
10109872GOMESP_2025-10-04_G42,10109872GOMESP,2025-10-04,111469,1,20,0,120.0
10109872GOMESP_2025-10-04_G43,10109872GOMESP,2025-10-04,111468,1,30,0,459.0
10109872GOMESP_2025-10-04_G44,10109872GOMESP,2025-10-04,109643,1,6,0,150.0
10109872GOMESP_2025-10-04_G45,10109872GOMESP,2025-10-04,110371,1,4,0,82.0
10109872GOMESP_2025-10-04_G46,10109872GOMESP,2025-10-04,117808,1,10,0,149.0
10109872GOMESP_2025-10-04_G47,10109872GOMESP,2025-10-04,110376,1,4,0,38.0
10109872GOMESP_2025-10-06_G02,10109872GOMESP,2025-10-06,108771,1,4,0,351.0
10109872GOMESP_2025-10-06_G03,10109872GOMESP,2025-10-06,109974,1,2,0,115.0
10109872GOMESP_2025-10-06_G04,10109872GOMESP,2025-10-06,106326,1,15,0,392.0
10109872GOMESP_2025-10-06_G05,10109872GOMESP,2025-10-06,110081,1,1,0,495.0
10109872GOMESP_2025-10-06_G06,10109872GOMESP,2025-10-06,107888,1,20,0,265.0
10109872GOMESP_2025-10-06_G07,10109872GOMESP,2025-10-06,108759,1,40,0,50.0
10109872GOMESP_2025-10-06_G08,10109872GOMESP,2025-10-06,111440,1,4,0,566.0
10109872GOMESP_2025-10-06_G09,10109872GOMESP,2025-10-06,108031,1,4,0,189.0
10109872GOMESP_2025-10-06_G10,10109872GOMESP,2025-10-06,111793,1,8,0,296.0
10109872GOMESP_2025-10-06_G11,10109872GOMESP,2025-10-06,110582,1,4,0,61.0
10109872GOMESP_2025-10-06_G12,10109872GOMESP,2025-10-06,118290,1,2,0,137.0
10109872GOMESP_2025-10-06_G13,10109872GOMESP,2025-10-06,110310,1,6,0,127.0
10109872GOMESP_2025-10-06_G14,10109872GOMESP,2025-10-06,107892,1,31,0,472.0
10109872GOMESP_2025-10-06_G15,10109872GOMESP,2025-10-06,111660,1,16,0,48.0
10109872GOMESP_2025-10-06_G16,10109872GOMESP,2025-10-06,111876,1,40,0,453.0
10109872GOMESP_2025-10-06_G17,10109872GOMESP,2025-10-06,110741,1,80,0,619.0
10109872GOMESP_2025-10-06_G18,10109872GOMESP,2025-10-06,110750,1,11,0,607.0
10109872GOMESP_2025-10-06_G19,10109872GOMESP,2025-10-06,110753,1,4,0,76.0
10109872GOMESP_2025-10-06_G20,10109872GOMESP,2025-10-06,117842,1,12,0,182.0
10109872GOMESP_2025-10-07_G02,10109872GOMESP,2025-10-07,111876,1,6,0,271.0
10109872GOMESP_2025-10-07_G03,10109872GOMESP,2025-10-07,117862,1,8,0,103.0
10109872GOMESP_2025-10-07_G04,10109872GOMESP,2025-10-07,118298,1,20,0,167.0
10109872GOMESP_2025-10-07_G05,10109872GOMESP,2025-10-07,111530,1,17,0,524.0
10109872GOMESP_2025-10-07_G06,10109872GOMESP,2025-10-07,117965,1,4,0,61.0
10109872GOMESP_2025-10-07_G07,10109872GOMESP,2025-10-07,117853,1,6,0,123.0
10109872GOMESP_2025-10-07_G08,10109872GOMESP,2025-10-07,110750,1,12,0,120.0
10109872GOMESP_2025-10-07_G09,10109872GOMESP,2025-10-07,110339,1,5,0,167.0
10109872GOMESP_2025-10-07_G10,10109872GOMESP,2025-10-07,117786,1,30,0,896.0
10109872GOMESP_2025-10-07_G11,10109872GOMESP,2025-10-07,111439,1,4,0,267.0
10109872GOMESP_2025-10-07_G12,10109872GOMESP,2025-10-07,117837,1,7,0,143.0
10109872GOMESP_2025-10-07_G13,10109872GOMESP,2025-10-07,108794,1,5,0,115.0
10109872GOMESP_2025-10-07_G14,10109872GOMESP,2025-10-07,141457,1,16,0,250.0
10109872GOMESP_2025-10-07_G15,10109872GOMESP,2025-10-07,111418,1,40,0,352.0
10109872GOMESP_2025-10-07_G16,10109872GOMESP,2025-10-07,111469,1,60,0,406.0
10109872GOMESP_2025-10-07_G17,10109872GOMESP,2025-10-07,116241,1,3,0,219.0
10109872GOMESP_2025-10-07_G18,10109872GOMESP,2025-10-07,111444,1,30,0,163.0
10109872GOMESP_2025-10-07_G19,10109872GOMESP,2025-10-07,117821,1,20,0,255.0
10109872GOMESP_2025-10-07_G20,10109872GOMESP,2025-10-07,109643,1,90,0,1507.0
10109872GOMESP_2025-10-07_G21,10109872GOMESP,2025-10-07,108711,1,120,0,392.0
10109872GOMESP_2025-10-07_G22,10109872GOMESP,2025-10-07,111418,1,592,0,1853.0
10109872GOMESP_2025-10-07_G23,10109872GOMESP,2025-10-07,117787,1,69,0,440.0
10109872GOMESP_2025-10-07_G24,10109872GOMESP,2025-10-07,111182,1,40,0,764.0
10109872GOMESP_2025-10-07_G25,10109872GOMESP,2025-10-07,117821,1,100,0,218.0
10109872GOMESP_2025-10-07_G27,10109872GOMESP,2025-10-07,117935,1,15,0,397.0
10109872GOMESP_2025-10-07_G28,10109872GOMESP,2025-10-07,140922,1,28,0,228.0
10109872GOMESP_2025-10-07_G29,10109872GOMESP,2025-10-07,111532,1,18,0,61.0
10109872GOMESP_2025-10-07_G30,10109872GOMESP,2025-10-07,111418,1,439,0,200.0
10109872GOMESP_2025-10-07_G31,10109872GOMESP,2025-10-07,107830,1,44,0,1674.0
10109872GOMESP_2025-10-07_G32,10109872GOMESP,2025-10-07,110371,1,27,0,433.0
10109872GOMESP_2025-10-07_G33,10109872GOMESP,2025-10-07,110372,1,316,0,1045.0
10109872GOMESP_2025-10-07_G34,10109872GOMESP,2025-10-07,110376,1,2,0,566.0
10109872GOMESP_2025-10-07_G35,10109872GOMESP,2025-10-07,117820,1,107,0,276.0
10109872GOMESP_2025-10-07_G36,10109872GOMESP,2025-10-07,117822,1,8,0,383.0
10109872GOMESP_2025-10-07_G37,10109872GOMESP,2025-10-07,117809,1,6,0,52.0
10109872GOMESP_2025-10-07_G38,10109872GOMESP,2025-10-07,117855,1,29,0,766.0
10109872GOMESP_2025-10-07_G39,10109872GOMESP,2025-10-07,117856,1,7,0,91.0
10109872GOMESP_2025-10-07_G40,10109872GOMESP,2025-10-07,111876,1,6,0,97.0
10109872GOMESP_2025-10-07_G41,10109872GOMESP,2025-10-07,110741,1,9,0,714.0
10109872GOMESP_2025-10-07_G42,10109872GOMESP,2025-10-07,117862,1,7,0,62.0
10109872GOMESP_2025-10-07_G43,10109872GOMESP,2025-10-07,117965,1,1,0,47.0
10109872GOMESP_2025-10-07_G44,10109872GOMESP,2025-10-07,117861,1,12,0,126.0
10109872GOMESP_2025-10-07_G45,10109872GOMESP,2025-10-07,118094,1,52,0,477.0
10109872GOMESP_2025-10-07_G46,10109872GOMESP,2025-10-07,109974,1,3,0,245.0
10109872GOMESP_2025-10-07_G47,10109872GOMESP,2025-10-07,141419,1,2,0,248.0
10109872GOMESP_2025-10-07_G48,10109872GOMESP,2025-10-07,108770,1,9,0,614.0
10109872GOMESP_2025-10-07_G49,10109872GOMESP,2025-10-07,108759,1,3,0,416.0
10109872GOMESP_2025-10-07_G50,10109872GOMESP,2025-10-07,110742,2,3,6,96.0
10109872GOMESP_2025-10-07_G51,10109872GOMESP,2025-10-07,100334,1,4,0,115.0
10109872GOMESP_2025-10-07_G52,10109872GOMESP,2025-10-07,117835,1,10,0,171.0
10109872GOMESP_2025-10-07_G53,10109872GOMESP,2025-10-07,110623,1,5,0,138.0
10109872GOMESP_2025-10-07_G54,10109872GOMESP,2025-10-07,118290,1,3,0,103.0
10109872GOMESP_2025-10-08_G02,10109872GOMESP,2025-10-08,111463,1,20,0,555.0
10109872GOMESP_2025-10-08_G03,10109872GOMESP,2025-10-08,140922,1,8,0,92.0
10109872GOMESP_2025-10-08_G04,10109872GOMESP,2025-10-08,117842,1,12,0,175.0
10109872GOMESP_2025-10-08_G05,10109872GOMESP,2025-10-08,111469,1,30,0,300.0
10109872GOMESP_2025-10-08_G06,10109872GOMESP,2025-10-08,141457,1,20,0,452.0
10109872GOMESP_2025-10-08_G07,10109872GOMESP,2025-10-08,141458,1,20,0,864.0
10109872GOMESP_2025-10-08_G08,10109872GOMESP,2025-10-08,111468,1,4,0,118.0
10109872GOMESP_2025-10-08_G09,10109872GOMESP,2025-10-08,117832,1,60,0,667.0
10109872GOMESP_2025-10-08_G11,10109872GOMESP,2025-10-08,108711,1,90,0,457.0
10109872GOMESP_2025-10-08_G12,10109872GOMESP,2025-10-08,111743,1,100,0,579.0
10109872GOMESP_2025-10-08_G13,10109872GOMESP,2025-10-08,111330,1,40,0,349.0
10109872GOMESP_2025-10-08_G14,10109872GOMESP,2025-10-08,109643,1,104,0,1528.0
10109872GOMESP_2025-10-08_G15,10109872GOMESP,2025-10-08,108772,1,164,0,782.0
10109872GOMESP_2025-10-09_G02,10109872GOMESP,2025-10-09,117831,1,4,0,76.0
10109872GOMESP_2025-10-09_G03,10109872GOMESP,2025-10-09,141458,1,6,0,89.0
10109872GOMESP_2025-10-09_G04,10109872GOMESP,2025-10-09,118350,1,4,0,327.0
10109872GOMESP_2025-10-09_G05,10109872GOMESP,2025-10-09,111463,1,6,0,234.0
10109872GOMESP_2025-10-09_G06,10109872GOMESP,2025-10-09,111469,1,16,0,369.0
10109872GOMESP_2025-10-09_G07,10109872GOMESP,2025-10-09,141457,1,12,0,121.0
10109872GOMESP_2025-10-09_G08,10109872GOMESP,2025-10-09,118222,1,1,0,498.0
10109872GOMESP_2025-10-09_G09,10109872GOMESP,2025-10-09,118169,1,4,0,210.0
10109872GOMESP_2025-10-09_G10,10109872GOMESP,2025-10-09,118306,1,2,0,69.0
10109872GOMESP_2025-10-09_G11,10109872GOMESP,2025-10-09,103149,1,1,0,86.0
10109872GOMESP_2025-10-09_G12,10109872GOMESP,2025-10-09,111569,1,4,0,253.0
10109872GOMESP_2025-10-09_G13,10109872GOMESP,2025-10-09,111655,1,2,0,145.0
10109872GOMESP_2025-10-09_G14,10109872GOMESP,2025-10-09,118290,1,2,0,139.0
10109872GOMESP_2025-10-09_G15,10109872GOMESP,2025-10-09,110747,1,4,0,126.0
10109872GOMESP_2025-10-09_G16,10109872GOMESP,2025-10-09,109471,1,4,0,165.0
10109872GOMESP_2025-10-09_G17,10109872GOMESP,2025-10-09,111466,1,2,0,1069.0
10109872GOMESP_2025-10-09_G18,10109872GOMESP,2025-10-09,117833,1,4,0,73.0
10109872GOMESP_2025-10-09_G19,10109872GOMESP,2025-10-09,118140,1,3,0,89.0
10109872GOMESP_2025-10-09_G20,10109872GOMESP,2025-10-09,111468,1,4,0,52.0
10109872GOMESP_2025-10-09_G21,10109872GOMESP,2025-10-09,117833,1,4,0,64.0
10109872GOMESP_2025-10-09_G22,10109872GOMESP,2025-10-09,117821,1,2,0,87.0
10109872GOMESP_2025-10-09_G23,10109872GOMESP,2025-10-09,117820,1,4,0,311.0
10109872GOMESP_2025-10-09_G24,10109872GOMESP,2025-10-09,110895,1,8,0,632.0
10109872GOMESP_2025-10-09_G25,10109872GOMESP,2025-10-09,110339,1,10,0,153.0
10109872GOMESP_2025-10-09_G26,10109872GOMESP,2025-10-09,118290,1,4,0,51.0
10109872GOMESP_2025-10-09_G27,10109872GOMESP,2025-10-09,110339,1,14,0,180.0
10109872GOMESP_2025-10-09_G28,10109872GOMESP,2025-10-09,111466,1,2,0,63.0
10109872GOMESP_2025-10-09_G29,10109872GOMESP,2025-10-09,110895,2,5,21,224.0
10109872GOMESP_2025-10-09_G30,10109872GOMESP,2025-10-09,140923,1,12,0,377.0
10109872GOMESP_2025-10-09_G31,10109872GOMESP,2025-10-09,110339,1,2,0,72.0
10109872GOMESP_2025-10-09_G32,10109872GOMESP,2025-10-09,110339,1,6,0,34.0
10109872GOMESP_2025-10-09_G33,10109872GOMESP,2025-10-09,111465,1,10,0,241.0
10109872GOMESP_2025-10-09_G34,10109872GOMESP,2025-10-09,117820,2,3,5,104.0
10109872GOMESP_2025-10-09_G35,10109872GOMESP,2025-10-09,117862,1,4,0,167.0
10109872GOMESP_2025-10-09_G36,10109872GOMESP,2025-10-09,111467,1,8,0,647.0
10109872GOMESP_2025-10-09_G37,10109872GOMESP,2025-10-09,141312,1,2,0,804.0
10109872GOMESP_2025-10-09_G38,10109872GOMESP,2025-10-09,110623,1,4,0,374.0
10109872GOMESP_2025-10-09_G40,10109872GOMESP,2025-10-09,108759,1,5,0,355.0
10109872GOMESP_2025-10-09_G41,10109872GOMESP,2025-10-09,111440,1,4,0,296.0
10109872GOMESP_2025-10-09_G42,10109872GOMESP,2025-10-09,110765,1,2,0,145.0
10109872GOMESP_2025-10-09_G43,10109872GOMESP,2025-10-09,110755,1,96,0,254.0
10109872GOMESP_2025-10-09_G44,10109872GOMESP,2025-10-09,111569,1,225,0,2106.0
10109872GOMESP_2025-10-09_G45,10109872GOMESP,2025-10-09,117820,1,744,0,2997.0
10109872GOMESP_2025-10-09_G46,10109872GOMESP,2025-10-09,107830,1,37,0,918.0
10109872GOMESP_2025-10-09_G47,10109872GOMESP,2025-10-09,109643,1,48,0,615.0
10109872GOMESP_2025-10-09_G48,10109872GOMESP,2025-10-09,110372,1,302,0,672.0
10109872GOMESP_2025-10-09_G49,10109872GOMESP,2025-10-09,110376,1,9,0,415.0
10109872GOMESP_2025-10-09_G50,10109872GOMESP,2025-10-09,110325,1,67,0,620.0
10109872GOMESP_2025-10-09_G51,10109872GOMESP,2025-10-09,111466,1,279,0,1048.0
10109872GOMESP_2025-10-10_G02,10109872GOMESP,2025-10-10,100334,1,10,0,340.0
10109872GOMESP_2025-10-10_G03,10109872GOMESP,2025-10-10,110755,1,2,0,126.0
10109872GOMESP_2025-10-10_G04,10109872GOMESP,2025-10-10,118222,2,12,7,120.0
10109872GOMESP_2025-10-10_G05,10109872GOMESP,2025-10-10,111602,1,14,0,410.0
10109872GOMESP_2025-10-10_G06,10109872GOMESP,2025-10-10,118094,1,5,0,952.0
10109872GOMESP_2025-10-10_G07,10109872GOMESP,2025-10-10,110372,1,13,0,154.0
10109872GOMESP_2025-10-10_G08,10109872GOMESP,2025-10-10,118299,1,4,0,126.0
10109872GOMESP_2025-10-10_G09,10109872GOMESP,2025-10-10,111466,1,2,0,41.0
10109872GOMESP_2025-10-10_G10,10109872GOMESP,2025-10-10,109641,1,8,0,247.0
10109872GOMESP_2025-10-10_G11,10109872GOMESP,2025-10-10,110373,1,13,0,287.0
10109872GOMESP_2025-10-10_G12,10109872GOMESP,2025-10-10,"110375, 117830",2,6,23,195.0
10109872GOMESP_2025-10-10_G13,10109872GOMESP,2025-10-10,110372,1,8,0,79.0
10109872GOMESP_2025-10-10_G14,10109872GOMESP,2025-10-10,118299,1,20,0,165.0
10109872GOMESP_2025-10-10_G15,10109872GOMESP,2025-10-10,117820,1,18,0,290.0
10109872GOMESP_2025-10-10_G16,10109872GOMESP,2025-10-10,110325,1,6,0,109.0
10109872GOMESP_2025-10-10_G17,10109872GOMESP,2025-10-10,111530,1,8,0,1187.0
10109872GOMESP_2025-10-10_G18,10109872GOMESP,2025-10-10,141823,1,4,0,367.0
10109872GOMESP_2025-10-10_G19,10109872GOMESP,2025-10-10,111465,1,3,0,112.0
10109872GOMESP_2025-10-10_G20,10109872GOMESP,2025-10-10,"107236, 111532",2,22,25,101.0
10109872GOMESP_2025-10-10_G21,10109872GOMESP,2025-10-10,117835,1,2,0,82.0
10109872GOMESP_2025-10-10_G22,10109872GOMESP,2025-10-10,115234,1,10,0,666.0
10109872GOMESP_2025-10-10_G23,10109872GOMESP,2025-10-10,117855,1,2,0,710.0
10109872GOMESP_2025-10-10_G24,10109872GOMESP,2025-10-10,110711,1,2,0,87.0
10109872GOMESP_2025-10-10_G25,10109872GOMESP,2025-10-10,111467,1,2,0,74.0
10109872GOMESP_2025-10-10_G26,10109872GOMESP,2025-10-10,117786,1,2,0,39.0
10109872GOMESP_2025-10-10_G27,10109872GOMESP,2025-10-10,111466,1,2,0,85.0
10109872GOMESP_2025-10-10_G28,10109872GOMESP,2025-10-10,110325,1,4,0,133.0
10109872GOMESP_2025-10-10_G29,10109872GOMESP,2025-10-10,111466,1,6,0,221.0
10109872GOMESP_2025-10-10_G30,10109872GOMESP,2025-10-10,105705,2,10,8,525.0
10109872GOMESP_2025-10-10_G31,10109872GOMESP,2025-10-10,111433,1,3,0,158.0
10109872GOMESP_2025-10-10_G32,10109872GOMESP,2025-10-10,110787,1,2,0,172.0
10109872GOMESP_2025-10-10_G33,10109872GOMESP,2025-10-10,141823,1,8,0,102.0
10109872GOMESP_2025-10-10_G34,10109872GOMESP,2025-10-10,111469,1,2,0,69.0
10109872GOMESP_2025-10-10_G35,10109872GOMESP,2025-10-10,111466,1,2,0,51.0
10109872GOMESP_2025-10-10_G36,10109872GOMESP,2025-10-10,109641,1,3,0,148.0
10109872GOMESP_2025-10-10_G37,10109872GOMESP,2025-10-10,111182,1,2,0,45.0
10109872GOMESP_2025-10-10_G38,10109872GOMESP,2025-10-10,140922,1,19,0,144.0
10109872GOMESP_2025-10-10_G39,10109872GOMESP,2025-10-10,111468,1,3,0,77.0
10109872GOMESP_2025-10-10_G40,10109872GOMESP,2025-10-10,108772,1,4,0,316.0
10109872GOMESP_2025-10-10_G41,10109872GOMESP,2025-10-10,"107629, 110711",2,18,21,462.0
10109872GOMESP_2025-10-10_G42,10109872GOMESP,2025-10-10,110339,1,5,0,139.0
10109872GOMESP_2025-10-10_G43,10109872GOMESP,2025-10-10,109640,1,40,0,113.0
10109872GOMESP_2025-10-10_G44,10109872GOMESP,2025-10-10,111430,2,10,5,240.0
10109872GOMESP_2025-10-10_G45,10109872GOMESP,2025-10-10,107888,1,4,0,78.0
10109872GOMESP_2025-10-10_G46,10109872GOMESP,2025-10-10,110755,1,3,0,134.0
10109872GOMESP_2025-10-10_G47,10109872GOMESP,2025-10-10,110747,1,4,0,138.0
10109872GOMESP_2025-10-10_G48,10109872GOMESP,2025-10-10,111660,1,3,0,90.0
10109872GOMESP_2025-10-10_G49,10109872GOMESP,2025-10-10,118222,1,9,0,111.0
10109872GOMESP_2025-10-10_G51,10109872GOMESP,2025-10-10,107888,1,6,0,148.0
10109872GOMESP_2025-10-10_G52,10109872GOMESP,2025-10-10,110742,1,5,0,123.0
10109872GOMESP_2025-10-10_G53,10109872GOMESP,2025-10-10,111569,1,17,0,275.0
10109872GOMESP_2025-10-10_G54,10109872GOMESP,2025-10-10,111660,2,8,6,39.0
10109872GOMESP_2025-10-10_G55,10109872GOMESP,2025-10-10,100334,1,27,0,270.0
10109872GOMESP_2025-10-10_G56,10109872GOMESP,2025-10-10,110373,1,2,0,422.0
10109872GOMESP_2025-10-10_G57,10109872GOMESP,2025-10-10,110372,1,2,0,88.0
10109872GOMESP_2025-10-10_G58,10109872GOMESP,2025-10-10,118299,1,23,0,226.0
10109872GOMESP_2025-10-10_G59,10109872GOMESP,2025-10-10,110376,1,4,0,141.0
10109872GOMESP_2025-10-10_G60,10109872GOMESP,2025-10-10,111435,1,10,0,387.0
10109872GOMESP_2025-10-10_G61,10109872GOMESP,2025-10-10,"111469, 111466",2,4,5,261.0
10109872GOMESP_2025-10-10_G62,10109872GOMESP,2025-10-10,140922,1,32,0,123.0
10109872GOMESP_2025-10-10_G63,10109872GOMESP,2025-10-10,111468,1,4,0,304.0
10109872GOMESP_2025-10-10_G64,10109872GOMESP,2025-10-10,109640,1,6,0,873.0
10109872GOMESP_2025-10-10_G65,10109872GOMESP,2025-10-10,141202,1,4,0,288.0
10109872GOMESP_2025-10-10_G66,10109872GOMESP,2025-10-10,118290,1,8,0,97.0
10109872GOMESP_2025-10-10_G67,10109872GOMESP,2025-10-10,140923,1,2,0,405.0
10109872GOMESP_2025-10-10_G68,10109872GOMESP,2025-10-10,117786,1,4,0,85.0
10109872GOMESP_2025-10-10_G69,10109872GOMESP,2025-10-10,109640,1,4,0,89.0
10109872GOMESP_2025-10-10_G70,10109872GOMESP,2025-10-10,111602,1,2,0,56.0
10109872GOMESP_2025-10-10_G71,10109872GOMESP,2025-10-10,111438,1,10,0,197.0
10109872GOMESP_2025-10-10_G72,10109872GOMESP,2025-10-10,117808,1,34,0,34.0
10109872GOMESP_2025-10-10_G73,10109872GOMESP,2025-10-10,141457,1,8,0,237.0
10109872GOMESP_2025-10-10_G74,10109872GOMESP,2025-10-10,105705,1,2,0,223.0
10109872GOMESP_2025-10-10_G75,10109872GOMESP,2025-10-10,110740,2,10,5,73.0
10109872GOMESP_2025-10-10_G76,10109872GOMESP,2025-10-10,111418,1,11,0,323.0
10109872GOMESP_2025-10-10_G77,10109872GOMESP,2025-10-10,111466,1,4,0,104.0
10109872GOMESP_2025-10-10_G78,10109872GOMESP,2025-10-10,117831,1,2,0,1765.0
10109872GOMESP_2025-10-10_G79,10109872GOMESP,2025-10-10,118140,1,2,0,56.0
10109872GOMESP_2025-10-10_G80,10109872GOMESP,2025-10-10,100334,1,24,0,1353.0
10109872GOMESP_2025-10-10_G81,10109872GOMESP,2025-10-10,110742,1,12,0,185.0
10109872GOMESP_2025-10-10_G82,10109872GOMESP,2025-10-10,110682,1,4,0,160.0
10109872GOMESP_2025-10-10_G83,10109872GOMESP,2025-10-10,110714,1,4,0,142.0
10109872GOMESP_2025-10-10_G84,10109872GOMESP,2025-10-10,111569,1,24,0,64.0
10109872GOMESP_2025-10-10_G85,10109872GOMESP,2025-10-10,111602,1,40,0,410.0
10109872GOMESP_2025-10-10_G86,10109872GOMESP,2025-10-10,140923,2,80,11,296.0
10109872GOMESP_2025-10-10_G87,10109872GOMESP,2025-10-10,111468,1,6,0,569.0
10109872GOMESP_2025-10-10_G88,10109872GOMESP,2025-10-10,110711,2,30,6,328.0
10109872GOMESP_2025-10-10_G89,10109872GOMESP,2025-10-10,117862,1,20,0,221.0
10109872GOMESP_2025-10-11_G02,10109872GOMESP,2025-10-11,117840,1,2,0,66.0
10109872GOMESP_2025-10-11_G03,10109872GOMESP,2025-10-11,117832,1,3,0,68.0
10109872GOMESP_2025-10-11_G04,10109872GOMESP,2025-10-11,117808,1,110,0,62.0
10109872GOMESP_2025-10-11_G05,10109872GOMESP,2025-10-11,118299,1,37,0,227.0
10109872GOMESP_2025-10-11_G06,10109872GOMESP,2025-10-11,117820,1,53,0,275.0
10109872GOMESP_2025-10-11_G07,10109872GOMESP,2025-10-11,110325,1,8,0,83.0
10109872GOMESP_2025-10-11_G08,10109872GOMESP,2025-10-11,111430,1,20,0,355.0
10109872GOMESP_2025-10-11_G09,10109872GOMESP,2025-10-11,111438,1,28,0,573.0
10109872GOMESP_2025-10-11_G10,10109872GOMESP,2025-10-11,117834,1,2,0,619.0
10109872GOMESP_2025-10-11_G11,10109872GOMESP,2025-10-11,111530,1,10,0,163.0
10109872GOMESP_2025-10-11_G12,10109872GOMESP,2025-10-11,111467,1,1,0,78.0
10109872GOMESP_2025-10-11_G13,10109872GOMESP,2025-10-11,109640,1,6,0,112.0
10109872GOMESP_2025-10-11_G14,10109872GOMESP,2025-10-11,141457,1,4,0,87.0
10109872GOMESP_2025-10-11_G15,10109872GOMESP,2025-10-11,111418,1,5,0,113.0
10109872GOMESP_2025-10-11_G16,10109872GOMESP,2025-10-11,141458,1,4,0,174.0
10109872GOMESP_2025-10-11_G17,10109872GOMESP,2025-10-11,160057,1,6,0,174.0
10109872GOMESP_2025-10-11_G18,10109872GOMESP,2025-10-11,117855,1,9,0,3168.0
10109872GOMESP_2025-10-11_G19,10109872GOMESP,2025-10-11,117856,2,26,6,78.0
10109872GOMESP_2025-10-11_G20,10109872GOMESP,2025-10-11,107629,1,4,0,204.0
10109872GOMESP_2025-10-11_G21,10109872GOMESP,2025-10-11,110733,1,2,0,77.0
10109872GOMESP_2025-10-11_G22,10109872GOMESP,2025-10-11,110339,1,6,0,162.0
10109872GOMESP_2025-10-11_G23,10109872GOMESP,2025-10-11,111467,1,4,0,106.0
10109872GOMESP_2025-10-11_G24,10109872GOMESP,2025-10-11,109640,1,11,0,341.0
10109872GOMESP_2025-10-11_G25,10109872GOMESP,2025-10-11,117856,1,20,0,78.0
10109872GOMESP_2025-10-11_G26,10109872GOMESP,2025-10-11,110373,1,20,0,196.0
10109872GOMESP_2025-10-11_G27,10109872GOMESP,2025-10-11,118299,1,28,0,200.0
10109872GOMESP_2025-10-11_G28,10109872GOMESP,2025-10-11,110325,1,10,0,335.0
10109872GOMESP_2025-10-11_G29,10109872GOMESP,2025-10-11,110374,1,4,0,137.0
10109872GOMESP_2025-10-11_G30,10109872GOMESP,2025-10-11,109643,1,28,0,198.0
10109872GOMESP_2025-10-11_G31,10109872GOMESP,2025-10-11,110373,1,25,0,266.0
10109872GOMESP_2025-10-11_G32,10109872GOMESP,2025-10-11,110372,1,12,0,231.0
10109872GOMESP_2025-10-11_G33,10109872GOMESP,2025-10-11,100334,1,5,0,159.0
10109872GOMESP_2025-10-11_G34,10109872GOMESP,2025-10-11,111438,1,8,0,217.0
10109872GOMESP_2025-10-11_G35,10109872GOMESP,2025-10-11,110742,1,2,0,89.0
10109872GOMESP_2025-10-11_G36,10109872GOMESP,2025-10-11,116527,1,1,0,72.0
10109872GOMESP_2025-10-11_G37,10109872GOMESP,2025-10-11,110755,1,40,0,70.0
10109872GOMESP_2025-10-11_G38,10109872GOMESP,2025-10-11,110741,1,20,0,885.0
10109872GOMESP_2025-10-11_G39,10109872GOMESP,2025-10-11,107629,1,6,0,179.0
10109872GOMESP_2025-10-11_G40,10109872GOMESP,2025-10-11,110752,1,4,0,95.0
10109872GOMESP_2025-10-11_G41,10109872GOMESP,2025-10-11,110339,1,6,0,61.0
10109872GOMESP_2025-10-11_G42,10109872GOMESP,2025-10-11,109640,1,14,0,169.0
10109872GOMESP_2025-10-11_G44,10109872GOMESP,2025-10-11,118094,1,6,0,177.0
10109872GOMESP_2025-10-11_G45,10109872GOMESP,2025-10-11,111418,1,4,0,163.0
10109872GOMESP_2025-10-11_G46,10109872GOMESP,2025-10-11,140922,1,4,0,306.0
10109872GOMESP_2025-10-11_G47,10109872GOMESP,2025-10-11,118222,1,120,0,960.0
10109872GOMESP_2025-10-11_G48,10109872GOMESP,2025-10-11,110895,1,30,0,816.0
10109872GOMESP_2025-10-11_G50,10109872GOMESP,2025-10-11,110376,1,4,0,76.0
10109872GOMESP_2025-10-11_G51,10109872GOMESP,2025-10-11,117935,1,3,0,101.0
10109872GOMESP_2025-10-11_G52,10109872GOMESP,2025-10-11,111172,1,2,0,184.0
10109872GOMESP_2025-10-11_G53,10109872GOMESP,2025-10-11,110376,1,4,0,125.0
10109872GOMESP_2025-10-11_G54,10109872GOMESP,2025-10-11,111530,1,3,0,160.0
10109872GOMESP_2025-10-11_G55,10109872GOMESP,2025-10-11,111532,1,8,0,183.0
10109872GOMESP_2025-10-11_G56,10109872GOMESP,2025-10-11,111530,1,4,0,50.0
10109872GOMESP_2025-10-11_G57,10109872GOMESP,2025-10-11,111532,1,8,0,253.0
10109872GOMESP_2025-10-11_G58,10109872GOMESP,2025-10-11,110339,1,5,0,109.0
10109872GOMESP_2025-10-11_G59,10109872GOMESP,2025-10-11,111418,1,8,0,109.0
10109872GOMESP_2025-10-13_G02,10109872GOMESP,2025-10-13,110740,1,10,0,110.0
10109872GOMESP_2025-10-13_G03,10109872GOMESP,2025-10-13,111435,1,2,0,117.0
10109872GOMESP_2025-10-13_G04,10109872GOMESP,2025-10-13,111431,1,2,0,64.0
10109872GOMESP_2025-10-13_G05,10109872GOMESP,2025-10-13,111434,1,4,0,71.0
10109872GOMESP_2025-10-13_G06,10109872GOMESP,2025-10-13,111466,1,8,0,460.0
10109872GOMESP_2025-10-13_G07,10109872GOMESP,2025-10-13,111465,1,4,0,61.0
10109872GOMESP_2025-10-13_G08,10109872GOMESP,2025-10-13,111444,1,6,0,71.0
10109872GOMESP_2025-10-13_G09,10109872GOMESP,2025-10-13,140922,1,7,0,256.0
10109872GOMESP_2025-10-13_G10,10109872GOMESP,2025-10-13,117831,1,14,0,482.0
10109872GOMESP_2025-10-13_G11,10109872GOMESP,2025-10-13,117855,1,27,0,834.0
10109872GOMESP_2025-10-13_G12,10109872GOMESP,2025-10-13,141066,1,4,0,131.0
10109872GOMESP_2025-10-13_G13,10109872GOMESP,2025-10-13,107629,1,14,0,120.0
10109872GOMESP_2025-10-13_G14,10109872GOMESP,2025-10-13,110711,1,12,0,104.0
10109872GOMESP_2025-10-13_G15,10109872GOMESP,2025-10-13,108772,1,8,0,170.0
10109872GOMESP_2025-10-13_G16,10109872GOMESP,2025-10-13,110752,1,12,0,88.0
10109872GOMESP_2025-10-13_G17,10109872GOMESP,2025-10-13,110339,1,8,0,65.0
10109872GOMESP_2025-10-13_G18,10109872GOMESP,2025-10-13,111602,1,6,0,95.0
10109872GOMESP_2025-10-13_G19,10109872GOMESP,2025-10-13,118094,1,14,0,141.0
10109872GOMESP_2025-10-13_G20,10109872GOMESP,2025-10-13,118306,1,8,0,157.0
10109872GOMESP_2025-10-13_G21,10109872GOMESP,2025-10-13,111569,1,9,0,257.0
10109872GOMESP_2025-10-13_G22,10109872GOMESP,2025-10-13,118290,1,4,0,319.0
10109872GOMESP_2025-10-13_G23,10109872GOMESP,2025-10-13,110747,1,10,0,131.0
10109872GOMESP_2025-10-13_G24,10109872GOMESP,2025-10-13,118222,1,23,0,331.0
10109872GOMESP_2025-10-13_G25,10109872GOMESP,2025-10-13,109643,1,3,0,1627.0
10109872GOMESP_2025-10-13_G26,10109872GOMESP,2025-10-13,117840,1,9,0,84.0
10109872GOMESP_2025-10-13_G27,10109872GOMESP,2025-10-13,110373,1,70,0,50.0
10109872GOMESP_2025-10-13_G28,10109872GOMESP,2025-10-13,117808,1,530,0,1436.0
10109872GOMESP_2025-10-13_G29,10109872GOMESP,2025-10-13,117832,1,18,0,260.0
10109872GOMESP_2025-10-13_G30,10109872GOMESP,2025-10-13,110372,1,40,0,422.0
10109872GOMESP_2025-10-13_G31,10109872GOMESP,2025-10-13,110371,1,74,0,465.0
10109872GOMESP_2025-10-13_G32,10109872GOMESP,2025-10-13,118299,1,110,0,811.0
10109872GOMESP_2025-10-13_G33,10109872GOMESP,2025-10-13,111438,1,11,0,186.0
10109872GOMESP_2025-10-13_G34,10109872GOMESP,2025-10-13,117834,1,6,0,132.0
10109872GOMESP_2025-10-13_G35,10109872GOMESP,2025-10-13,111569,1,4,0,200.0
10109872GOMESP_2025-10-13_G36,10109872GOMESP,2025-10-13,117835,1,6,0,66.0
10109872GOMESP_2025-10-13_G37,10109872GOMESP,2025-10-13,110747,1,4,0,87.0
10109872GOMESP_2025-10-13_G38,10109872GOMESP,2025-10-13,110711,1,5,0,178.0
10109872GOMESP_2025-10-13_G39,10109872GOMESP,2025-10-13,110752,1,12,0,709.0
10109872GOMESP_2025-10-13_G41,10109872GOMESP,2025-10-13,140923,1,20,0,188.0
10109872GOMESP_2025-10-13_G42,10109872GOMESP,2025-10-13,111602,1,66,0,302.0
10109872GOMESP_2025-10-13_G43,10109872GOMESP,2025-10-13,141456,1,30,0,309.0
10109872GOMESP_2025-10-13_G44,10109872GOMESP,2025-10-13,118140,1,96,0,330.0
10109872GOMESP_2025-10-13_G45,10109872GOMESP,2025-10-13,111418,1,16,0,228.0
10109872GOMESP_2025-10-13_G46,10109872GOMESP,2025-10-13,111743,1,19,0,148.0
10109872GOMESP_2025-10-13_G47,10109872GOMESP,2025-10-13,111532,1,110,0,484.0
10109872GOMESP_2025-10-13_G48,10109872GOMESP,2025-10-13,140922,1,13,0,665.0
10109872GOMESP_2025-10-13_G49,10109872GOMESP,2025-10-13,141458,1,24,0,201.0
10109872GOMESP_2025-10-13_G50,10109872GOMESP,2025-10-13,117808,1,1000,0,1989.0
10109872GOMESP_2025-10-13_G51,10109872GOMESP,2025-10-13,110372,1,600,0,341.0
10109872GOMESP_2025-10-14_G02,10109872GOMESP,2025-10-14,118094,1,2,0,102.0
10109872GOMESP_2025-10-14_G03,10109872GOMESP,2025-10-14,117788,1,4,0,241.0
10109872GOMESP_2025-10-14_G04,10109872GOMESP,2025-10-14,107629,1,1,0,56.0
10109872GOMESP_2025-10-14_G05,10109872GOMESP,2025-10-14,111530,1,21,0,173.0
10109872GOMESP_2025-10-14_G06,10109872GOMESP,2025-10-14,110711,1,8,0,67.0
10109872GOMESP_2025-10-14_G07,10109872GOMESP,2025-10-14,117862,1,24,0,226.0
10109872GOMESP_2025-10-14_G08,10109872GOMESP,2025-10-14,111650,1,4,0,291.0
10109872GOMESP_2025-10-14_G09,10109872GOMESP,2025-10-14,110733,1,5,0,71.0
10109872GOMESP_2025-10-14_G10,10109872GOMESP,2025-10-14,111879,1,4,0,90.0
10109872GOMESP_2025-10-14_G11,10109872GOMESP,2025-10-14,141352,1,4,0,111.0
10109872GOMESP_2025-10-14_G12,10109872GOMESP,2025-10-14,111467,1,12,0,299.0
10109872GOMESP_2025-10-14_G13,10109872GOMESP,2025-10-14,117786,1,10,0,102.0
10109872GOMESP_2025-10-14_G14,10109872GOMESP,2025-10-14,110372,1,154,0,98.0
10109872GOMESP_2025-10-14_G15,10109872GOMESP,2025-10-14,117808,1,418,0,1268.0
10109872GOMESP_2025-10-14_G16,10109872GOMESP,2025-10-14,109643,1,10,0,86.0
10109872GOMESP_2025-10-14_G17,10109872GOMESP,2025-10-14,110376,1,4,0,123.0
10109872GOMESP_2025-10-14_G18,10109872GOMESP,2025-10-14,141202,1,2,0,82.0
10109872GOMESP_2025-10-14_G19,10109872GOMESP,2025-10-14,110325,1,18,0,99.0
10109872GOMESP_2025-10-14_G20,10109872GOMESP,2025-10-14,117820,1,229,0,661.0
10109872GOMESP_2025-10-14_G21,10109872GOMESP,2025-10-14,118140,1,22,0,1786.0
10109872GOMESP_2025-10-14_G22,10109872GOMESP,2025-10-14,111418,1,20,0,270.0
10109872GOMESP_2025-10-14_G23,10109872GOMESP,2025-10-14,111418,1,105,0,198.0
10109872GOMESP_2025-10-14_G24,10109872GOMESP,2025-10-14,108711,1,3,0,513.0
10109872GOMESP_2025-10-14_G25,10109872GOMESP,2025-10-14,141457,1,22,0,136.0
10109872GOMESP_2025-10-14_G26,10109872GOMESP,2025-10-14,"111532, 141823",3,14,14,246.0
10109872GOMESP_2025-10-14_G27,10109872GOMESP,2025-10-14,108794,1,14,0,92.0
10109872GOMESP_2025-10-14_G28,10109872GOMESP,2025-10-14,"111466, 116241",2,31,19,219.0
10109872GOMESP_2025-10-14_G29,10109872GOMESP,2025-10-14,111465,2,15,7,42.0
10109872GOMESP_2025-10-14_G30,10109872GOMESP,2025-10-14,118317,1,22,0,370.0
10109872GOMESP_2025-10-14_G31,10109872GOMESP,2025-10-14,117821,1,15,0,151.0
10109872GOMESP_2025-10-14_G32,10109872GOMESP,2025-10-14,140922,1,17,0,152.0
10109872GOMESP_2025-10-14_G33,10109872GOMESP,2025-10-14,111172,1,7,0,180.0
10109872GOMESP_2025-10-14_G34,10109872GOMESP,2025-10-14,117831,1,22,0,164.0
10109872GOMESP_2025-10-14_G35,10109872GOMESP,2025-10-14,117808,1,481,0,1490.0
10109872GOMESP_2025-10-14_G37,10109872GOMESP,2025-10-14,111467,1,4,0,220.0
10109872GOMESP_2025-10-14_G38,10109872GOMESP,2025-10-14,117786,1,4,0,175.0
10109872GOMESP_2025-10-14_G39,10109872GOMESP,2025-10-14,111418,1,8,0,143.0
10109872GOMESP_2025-10-14_G40,10109872GOMESP,2025-10-14,111466,1,2,0,103.0
10109872GOMESP_2025-10-14_G41,10109872GOMESP,2025-10-14,111465,1,2,0,47.0
10109872GOMESP_2025-10-14_G42,10109872GOMESP,2025-10-14,110372,1,2,0,109.0
10109872GOMESP_2025-10-14_G43,10109872GOMESP,2025-10-14,110373,1,6,0,115.0
10109872GOMESP_2025-10-14_G44,10109872GOMESP,2025-10-14,111430,1,2,0,300.0
10109872GOMESP_2025-10-14_G45,10109872GOMESP,2025-10-14,110747,1,2,0,223.0
10109872GOMESP_2025-10-14_G46,10109872GOMESP,2025-10-14,118222,2,25,21,87.0
10109872GOMESP_2025-10-14_G47,10109872GOMESP,2025-10-14,110711,3,5,9,412.0
10109872GOMESP_2025-10-14_G48,10109872GOMESP,2025-10-14,"110752, 110339",2,5,12,94.0
10109872GOMESP_2025-10-14_G49,10109872GOMESP,2025-10-14,111418,1,14,0,125.0
10109872GOMESP_2025-10-14_G50,10109872GOMESP,2025-10-14,111532,1,16,0,161.0
10109872GOMESP_2025-10-14_G51,10109872GOMESP,2025-10-14,141823,1,4,0,159.0
10109872GOMESP_2025-10-14_G52,10109872GOMESP,2025-10-14,108794,1,1,0,89.0
10109872GOMESP_2025-10-14_G53,10109872GOMESP,2025-10-14,111466,2,8,5,44.0
10109872GOMESP_2025-10-14_G54,10109872GOMESP,2025-10-14,110733,1,2,0,204.0
10109872GOMESP_2025-10-14_G55,10109872GOMESP,2025-10-14,117935,1,5,0,109.0
10109872GOMESP_2025-10-14_G56,10109872GOMESP,2025-10-14,117862,1,28,0,725.0
10109872GOMESP_2025-10-14_G57,10109872GOMESP,2025-10-14,140911,2,12,25,1215.0
10109872GOMESP_2025-10-14_G58,10109872GOMESP,2025-10-14,117820,1,200,0,1609.0
10109872GOMESP_2025-10-14_G59,10109872GOMESP,2025-10-14,111463,1,8,0,848.0
10109872GOMESP_2025-10-14_G60,10109872GOMESP,2025-10-14,111530,1,4,0,123.0
10109872GOMESP_2025-10-14_G61,10109872GOMESP,2025-10-14,111602,1,6,0,137.0
10109872GOMESP_2025-10-14_G62,10109872GOMESP,2025-10-14,118299,1,6,0,185.0
10109872GOMESP_2025-10-14_G63,10109872GOMESP,2025-10-14,118299,1,6,0,550.0
10109872GOMESP_2025-10-14_G64,10109872GOMESP,2025-10-14,111430,1,3,0,83.0
10109872GOMESP_2025-10-14_G65,10109872GOMESP,2025-10-14,100334,1,6,0,109.0
10109872GOMESP_2025-10-14_G66,10109872GOMESP,2025-10-14,111602,1,1,0,196.0
10109872GOMESP_2025-10-14_G67,10109872GOMESP,2025-10-14,117862,1,7,0,122.0
10109872GOMESP_2025-10-14_G68,10109872GOMESP,2025-10-14,111466,1,8,0,131.0
10109872GOMESP_2025-10-14_G69,10109872GOMESP,2025-10-14,141823,1,15,0,174.0
10109872GOMESP_2025-10-15_G02,10109872GOMESP,2025-10-15,"108798, 111532",2,33,27,182.0
10109872GOMESP_2025-10-15_G03,10109872GOMESP,2025-10-15,141823,1,1,0,209.0
10109872GOMESP_2025-10-15_G04,10109872GOMESP,2025-10-15,111431,1,4,0,118.0
10109872GOMESP_2025-10-15_G05,10109872GOMESP,2025-10-15,108794,1,2,0,86.0
10109872GOMESP_2025-10-15_G06,10109872GOMESP,2025-10-15,118223,1,2,0,52.0
10109872GOMESP_2025-10-15_G07,10109872GOMESP,2025-10-15,109641,1,6,0,95.0
10109872GOMESP_2025-10-15_G08,10109872GOMESP,2025-10-15,"111182, 118317",2,10,25,78.0
10109872GOMESP_2025-10-15_G09,10109872GOMESP,2025-10-15,117821,1,35,0,166.0
10109872GOMESP_2025-10-15_G10,10109872GOMESP,2025-10-15,111172,1,6,0,270.0
10109872GOMESP_2025-10-15_G11,10109872GOMESP,2025-10-15,111172,1,3,0,37.0
10109872GOMESP_2025-10-15_G12,10109872GOMESP,2025-10-15,117831,1,62,0,163.0
10109872GOMESP_2025-10-15_G13,10109872GOMESP,2025-10-15,"107236, 110745",2,21,11,310.0
10109872GOMESP_2025-10-15_G14,10109872GOMESP,2025-10-15,111743,1,33,0,187.0
10109872GOMESP_2025-10-15_G15,10109872GOMESP,2025-10-15,108711,1,23,0,365.0
10109872GOMESP_2025-10-15_G16,10109872GOMESP,2025-10-15,111851,1,2,0,285.0
10109872GOMESP_2025-10-15_G17,10109872GOMESP,2025-10-15,110080,1,1,0,174.0
10109872GOMESP_2025-10-15_G18,10109872GOMESP,2025-10-15,111120,1,2,0,91.0
10109872GOMESP_2025-10-15_G19,10109872GOMESP,2025-10-15,100334,1,14,0,112.0
10109872GOMESP_2025-10-15_G20,10109872GOMESP,2025-10-15,118306,1,6,0,350.0
10109872GOMESP_2025-10-15_G21,10109872GOMESP,2025-10-15,"111438, 108759",2,8,12,470.0
10109872GOMESP_2025-10-15_G22,10109872GOMESP,2025-10-15,118222,1,65,0,935.0
10109872GOMESP_2025-10-15_G23,10109872GOMESP,2025-10-15,110742,1,8,0,346.0
10109872GOMESP_2025-10-15_G24,10109872GOMESP,2025-10-15,111655,1,4,0,446.0
10109872GOMESP_2025-10-15_G25,10109872GOMESP,2025-10-15,110582,1,16,0,212.0
10109872GOMESP_2025-10-15_G26,10109872GOMESP,2025-10-15,118290,1,6,0,113.0
10109872GOMESP_2025-10-15_G27,10109872GOMESP,2025-10-15,110747,1,4,0,84.0
10109872GOMESP_2025-10-15_G28,10109872GOMESP,2025-10-15,111569,1,2,0,37.0
10109872GOMESP_2025-10-15_G30,10109872GOMESP,2025-10-15,111418,1,20,0,182.0
10109872GOMESP_2025-10-15_G31,10109872GOMESP,2025-10-15,111172,1,2,0,70.0
10109872GOMESP_2025-10-15_G32,10109872GOMESP,2025-10-15,118299,1,40,0,292.0
10109872GOMESP_2025-10-15_G33,10109872GOMESP,2025-10-15,118299,1,200,0,551.0
10109872GOMESP_2025-10-15_G34,10109872GOMESP,2025-10-15,117808,1,1200,0,174.0
10109872GOMESP_2025-10-15_G35,10109872GOMESP,2025-10-15,115234,1,16,0,81.0
10109872GOMESP_2025-10-16_G02,10109872GOMESP,2025-10-16,141457,1,6,0,265.0
10109872GOMESP_2025-10-16_G03,10109872GOMESP,2025-10-16,111418,1,30,0,361.0
10109872GOMESP_2025-10-16_G04,10109872GOMESP,2025-10-16,111182,1,4,0,238.0
10109872GOMESP_2025-10-16_G05,10109872GOMESP,2025-10-16,118299,1,30,0,189.0
10109872GOMESP_2025-10-16_G06,10109872GOMESP,2025-10-16,109643,1,12,0,585.0
10109872GOMESP_2025-10-16_G07,10109872GOMESP,2025-10-16,117820,1,24,0,184.0
10109872GOMESP_2025-10-16_G08,10109872GOMESP,2025-10-16,110372,1,10,0,128.0
10109872GOMESP_2025-10-16_G09,10109872GOMESP,2025-10-16,118222,1,8,0,222.0
10109872GOMESP_2025-10-16_G10,10109872GOMESP,2025-10-16,117820,1,6,0,151.0
10109872GOMESP_2025-10-16_G11,10109872GOMESP,2025-10-16,118306,1,2,0,386.0
10109872GOMESP_2025-10-16_G12,10109872GOMESP,2025-10-16,110372,1,30,0,329.0
10109872GOMESP_2025-10-16_G13,10109872GOMESP,2025-10-16,117808,2,18,10,365.0
10109872GOMESP_2025-10-16_G14,10109872GOMESP,2025-10-16,111120,1,19,0,1942.0
10109872GOMESP_2025-10-16_G15,10109872GOMESP,2025-10-16,110454,1,2,0,84.0
10109872GOMESP_2025-10-16_G16,10109872GOMESP,2025-10-16,111832,1,5,0,85.0
10109872GOMESP_2025-10-16_G17,10109872GOMESP,2025-10-16,107254,1,20,0,48.0
10109872GOMESP_2025-10-16_G18,10109872GOMESP,2025-10-16,117834,1,16,0,282.0
10109872GOMESP_2025-10-16_G19,10109872GOMESP,2025-10-16,100334,1,20,0,154.0
10109872GOMESP_2025-10-16_G20,10109872GOMESP,2025-10-16,116527,1,4,0,107.0
10109872GOMESP_2025-10-16_G21,10109872GOMESP,2025-10-16,111793,1,20,0,154.0
10109872GOMESP_2025-10-16_G22,10109872GOMESP,2025-10-16,110423,1,2,0,216.0
10109872GOMESP_2025-10-16_G23,10109872GOMESP,2025-10-16,140911,1,9,0,47.0
10109872GOMESP_2025-10-16_G24,10109872GOMESP,2025-10-16,118290,1,5,0,67.0
10109872GOMESP_2025-10-16_G25,10109872GOMESP,2025-10-16,118229,1,20,0,244.0
10109872GOMESP_2025-10-16_G26,10109872GOMESP,2025-10-16,110310,1,8,0,398.0
10109872GOMESP_2025-10-16_G27,10109872GOMESP,2025-10-16,107892,1,5,0,187.0
10109872GOMESP_2025-10-16_G28,10109872GOMESP,2025-10-16,105705,1,7,0,114.0
10109872GOMESP_2025-10-16_G29,10109872GOMESP,2025-10-16,"118285, 111433",2,23,15,338.0
10109872GOMESP_2025-10-16_G30,10109872GOMESP,2025-10-16,117838,1,40,0,132.0
10109872GOMESP_2025-10-16_G31,10109872GOMESP,2025-10-16,117820,1,100,0,180.0
10109872GOMESP_2025-10-16_G32,10109872GOMESP,2025-10-16,110373,1,400,0,1021.0
10109872GOMESP_2025-10-16_G33,10109872GOMESP,2025-10-16,111775,1,2,0,667.0
10109872GOMESP_2025-10-16_G34,10109872GOMESP,2025-10-16,118352,1,4,0,382.0
10109872GOMESP_2025-10-16_G35,10109872GOMESP,2025-10-16,111437,1,14,0,400.0
10109872GOMESP_2025-10-16_G37,10109872GOMESP,2025-10-16,111433,1,2,0,39.0
10109872GOMESP_2025-10-16_G38,10109872GOMESP,2025-10-16,110740,2,4,6,77.0
10109872GOMESP_2025-10-16_G39,10109872GOMESP,2025-10-16,"111465, 109641",2,10,20,141.0
10109872GOMESP_2025-10-16_G40,10109872GOMESP,2025-10-16,117831,1,4,0,99.0
10109872GOMESP_2025-10-16_G41,10109872GOMESP,2025-10-16,118306,2,4,5,92.0
10109872GOMESP_2025-10-16_G42,10109872GOMESP,2025-10-16,117834,1,4,0,34.0
10109872GOMESP_2025-10-16_G43,10109872GOMESP,2025-10-16,110747,1,4,0,163.0
10109872GOMESP_2025-10-16_G45,10109872GOMESP,2025-10-16,107888,1,4,0,178.0
10109872GOMESP_2025-10-16_G46,10109872GOMESP,2025-10-16,110749,1,2,0,81.0
10109872GOMESP_2025-10-16_G47,10109872GOMESP,2025-10-16,111779,1,1,0,51.0
10109872GOMESP_2025-10-16_G48,10109872GOMESP,2025-10-16,111655,1,4,0,108.0
10109872GOMESP_2025-10-16_G49,10109872GOMESP,2025-10-16,110552,1,2,0,61.0
10109872GOMESP_2025-10-16_G50,10109872GOMESP,2025-10-16,110741,1,6,0,428.0
10109872GOMESP_2025-10-16_G51,10109872GOMESP,2025-10-16,116611,1,1,0,35.0
10109872GOMESP_2025-10-16_G52,10109872GOMESP,2025-10-16,110753,1,4,0,187.0
10109872GOMESP_2025-10-16_G53,10109872GOMESP,2025-10-16,109640,1,80,0,400.0
10109872GOMESP_2025-10-16_G54,10109872GOMESP,2025-10-16,111602,1,68,0,568.0
10109872GOMESP_2025-10-17_G02,10109872GOMESP,2025-10-17,110623,1,2,0,800.0
10109872GOMESP_2025-10-17_G03,10109872GOMESP,2025-10-17,110747,1,1,0,756.0
10109872GOMESP_2025-10-17_G04,10109872GOMESP,2025-10-17,117786,1,3,0,209.0
10109872GOMESP_2025-10-17_G05,10109872GOMESP,2025-10-17,111530,1,1,0,58.0
10109872GOMESP_2025-10-17_G06,10109872GOMESP,2025-10-17,141456,1,4,0,170.0
10109872GOMESP_2025-10-17_G07,10109872GOMESP,2025-10-17,111463,1,7,0,98.0
10109872GOMESP_2025-10-17_G08,10109872GOMESP,2025-10-17,110740,1,10,0,124.0
10109872GOMESP_2025-10-17_G09,10109872GOMESP,2025-10-17,"141457, 111435",2,15,25,118.0
10109872GOMESP_2025-10-17_G10,10109872GOMESP,2025-10-17,108798,1,1,0,39.0
10109872GOMESP_2025-10-17_G11,10109872GOMESP,2025-10-17,111418,1,13,0,145.0
10109872GOMESP_2025-10-17_G12,10109872GOMESP,2025-10-17,111466,1,2,0,40.0
10109872GOMESP_2025-10-17_G13,10109872GOMESP,2025-10-17,117787,1,2,0,58.0
10109872GOMESP_2025-10-17_G14,10109872GOMESP,2025-10-17,117831,1,2,0,102.0
10109872GOMESP_2025-10-17_G15,10109872GOMESP,2025-10-17,141458,1,9,0,89.0
10109872GOMESP_2025-10-17_G16,10109872GOMESP,2025-10-17,111465,1,2,0,98.0
10109872GOMESP_2025-10-17_G17,10109872GOMESP,2025-10-17,111468,1,2,0,170.0
10109872GOMESP_2025-10-17_G18,10109872GOMESP,2025-10-17,117809,1,1,0,95.0
10109872GOMESP_2025-10-17_G19,10109872GOMESP,2025-10-17,117808,1,8,0,104.0
10109872GOMESP_2025-10-17_G20,10109872GOMESP,2025-10-17,111466,1,4,0,324.0
10109872GOMESP_2025-10-17_G21,10109872GOMESP,2025-10-17,118330,1,8,0,110.0
10109872GOMESP_2025-10-17_G22,10109872GOMESP,2025-10-17,118222,1,2,0,92.0
10109872GOMESP_2025-10-17_G23,10109872GOMESP,2025-10-17,110747,1,2,0,92.0
10109872GOMESP_2025-10-17_G24,10109872GOMESP,2025-10-17,111353,1,2,0,238.0
10109872GOMESP_2025-10-17_G25,10109872GOMESP,2025-10-17,140923,1,7,0,73.0
10109872GOMESP_2025-10-17_G26,10109872GOMESP,2025-10-17,110733,1,8,0,154.0
10109872GOMESP_2025-10-17_G27,10109872GOMESP,2025-10-17,111602,1,7,0,210.0
10109872GOMESP_2025-10-17_G28,10109872GOMESP,2025-10-17,111530,1,3,0,80.0
10109872GOMESP_2025-10-17_G29,10109872GOMESP,2025-10-17,118140,1,7,0,725.0
10109872GOMESP_2025-10-17_G30,10109872GOMESP,2025-10-17,111743,1,2,0,39.0
10109872GOMESP_2025-10-17_G31,10109872GOMESP,2025-10-17,141456,1,2,0,99.0
10109872GOMESP_2025-10-17_G32,10109872GOMESP,2025-10-17,141457,1,20,0,266.0
10109872GOMESP_2025-10-17_G33,10109872GOMESP,2025-10-17,111418,1,1,0,75.0
10109872GOMESP_2025-10-17_G34,10109872GOMESP,2025-10-17,117787,1,2,0,96.0
10109872GOMESP_2025-10-17_G35,10109872GOMESP,2025-10-17,117821,1,6,0,148.0
10109872GOMESP_2025-10-17_G36,10109872GOMESP,2025-10-17,140922,1,1,0,96.0
10109872GOMESP_2025-10-17_G37,10109872GOMESP,2025-10-17,117831,1,2,0,267.0
10109872GOMESP_2025-10-17_G38,10109872GOMESP,2025-10-17,141458,1,6,0,59.0
10109872GOMESP_2025-10-17_G39,10109872GOMESP,2025-10-17,110375,1,2,0,115.0
10109872GOMESP_2025-10-17_G40,10109872GOMESP,2025-10-17,118299,1,10,0,106.0
10109872GOMESP_2025-10-17_G41,10109872GOMESP,2025-10-17,117808,1,10,0,85.0
10109872GOMESP_2025-10-17_G42,10109872GOMESP,2025-10-17,110371,1,4,0,94.0
10109872GOMESP_2025-10-17_G43,10109872GOMESP,2025-10-17,117820,1,11,0,97.0
10109872GOMESP_2025-10-17_G44,10109872GOMESP,2025-10-17,118140,1,4,0,346.0
10109872GOMESP_2025-10-17_G45,10109872GOMESP,2025-10-17,"108711, 110711",2,8,28,75.0
10109872GOMESP_2025-10-17_G46,10109872GOMESP,2025-10-17,117786,1,4,0,143.0
10109872GOMESP_2025-10-17_G47,10109872GOMESP,2025-10-17,109640,1,1,0,53.0
10109872GOMESP_2025-10-17_G48,10109872GOMESP,2025-10-17,117855,1,2,0,89.0
10109872GOMESP_2025-10-17_G49,10109872GOMESP,2025-10-17,110755,1,1,0,134.0
10109872GOMESP_2025-10-17_G50,10109872GOMESP,2025-10-17,110751,1,2,0,113.0
10109872GOMESP_2025-10-17_G51,10109872GOMESP,2025-10-17,110740,1,4,0,95.0
10109872GOMESP_2025-10-17_G52,10109872GOMESP,2025-10-17,108711,1,1,0,93.0
10109872GOMESP_2025-10-17_G53,10109872GOMESP,2025-10-17,111418,1,5,0,95.0
10109872GOMESP_2025-10-17_G54,10109872GOMESP,2025-10-17,117833,1,1,0,80.0
10109872GOMESP_2025-10-17_G55,10109872GOMESP,2025-10-17,117785,1,2,0,72.0
10109872GOMESP_2025-10-17_G56,10109872GOMESP,2025-10-17,117831,1,1,0,73.0
10109872GOMESP_2025-10-17_G57,10109872GOMESP,2025-10-17,111468,1,4,0,247.0
10109872GOMESP_2025-10-17_G58,10109872GOMESP,2025-10-17,109643,1,2,0,433.0
10109872GOMESP_2025-10-17_G59,10109872GOMESP,2025-10-17,117832,1,6,0,76.0
10109872GOMESP_2025-10-17_G60,10109872GOMESP,2025-10-17,110372,1,3,0,133.0
10109872GOMESP_2025-10-17_G61,10109872GOMESP,2025-10-17,118299,1,13,0,127.0
10109872GOMESP_2025-10-17_G62,10109872GOMESP,2025-10-17,117808,1,18,0,124.0
10109872GOMESP_2025-10-17_G63,10109872GOMESP,2025-10-17,110376,1,2,0,75.0
10109872GOMESP_2025-10-17_G64,10109872GOMESP,2025-10-17,117785,1,16,0,1068.0
10109872GOMESP_2025-10-17_G65,10109872GOMESP,2025-10-17,110733,1,4,0,120.0
10109872GOMESP_2025-10-17_G66,10109872GOMESP,2025-10-17,118140,1,4,0,77.0
10109872GOMESP_2025-10-17_G67,10109872GOMESP,2025-10-17,108711,1,4,0,75.0
10109872GOMESP_2025-10-17_G68,10109872GOMESP,2025-10-17,141823,1,3,0,72.0
10109872GOMESP_2025-10-17_G69,10109872GOMESP,2025-10-17,111465,1,5,0,265.0
10109872GOMESP_2025-10-17_G71,10109872GOMESP,2025-10-17,118311,1,1,0,1509.0
10109872GOMESP_2025-10-17_G72,10109872GOMESP,2025-10-17,111660,1,1,0,125.0
10109872GOMESP_2025-10-17_G73,10109872GOMESP,2025-10-17,118418,1,2,0,88.0
10109872GOMESP_2025-10-17_G74,10109872GOMESP,2025-10-17,"141419, 102851",2,3,12,300.0
10109872GOMESP_2025-10-17_G75,10109872GOMESP,2025-10-17,118140,1,20,0,264.0
10109872GOMESP_2025-10-17_G76,10109872GOMESP,2025-10-17,110748,1,2,0,190.0
10109872GOMESP_2025-10-17_G77,10109872GOMESP,2025-10-17,114100,1,1,0,1131.0
10109872GOMESP_2025-10-17_G78,10109872GOMESP,2025-10-17,141456,1,100,0,1839.0
10109872GOMESP_2025-10-17_G79,10109872GOMESP,2025-10-17,105705,1,10,0,490.0
10109872GOMESP_2025-10-17_G80,10109872GOMESP,2025-10-17,111433,1,5,0,56.0
10109872GOMESP_2025-10-17_G81,10109872GOMESP,2025-10-17,110740,1,4,0,298.0
10109872GOMESP_2025-10-17_G82,10109872GOMESP,2025-10-17,111348,1,4,0,201.0
10109872GOMESP_2025-10-17_G83,10109872GOMESP,2025-10-17,111466,1,100,0,151.0
10109872GOMESP_2025-10-17_G84,10109872GOMESP,2025-10-17,117787,1,3,0,344.0
10109872GOMESP_2025-10-17_G85,10109872GOMESP,2025-10-17,111182,1,8,0,72.0
10109872GOMESP_2025-10-17_G86,10109872GOMESP,2025-10-17,118317,1,4,0,53.0
10109872GOMESP_2025-10-17_G87,10109872GOMESP,2025-10-17,111442,1,12,0,197.0
10109872GOMESP_2025-10-17_G88,10109872GOMESP,2025-10-17,117821,1,60,0,396.0
10109872GOMESP_2025-10-17_G89,10109872GOMESP,2025-10-17,111465,1,20,0,303.0
10109872GOMESP_2025-10-17_G90,10109872GOMESP,2025-10-17,118224,1,4,0,475.0
10109872GOMESP_2025-10-17_G91,10109872GOMESP,2025-10-17,111430,1,20,0,186.0
10109872GOMESP_2025-10-17_G92,10109872GOMESP,2025-10-17,111438,1,24,0,168.0
10109872GOMESP_2025-10-17_G93,10109872GOMESP,2025-10-17,118222,1,12,0,641.0
10109872GOMESP_2025-10-17_G94,10109872GOMESP,2025-10-17,110749,1,4,0,63.0
10109872GOMESP_2025-10-17_G95,10109872GOMESP,2025-10-17,110742,1,12,0,73.0
10109872GOMESP_2025-10-18_G02,10109872GOMESP,2025-10-18,110740,1,5,0,112.0
10109872GOMESP_2025-10-18_G03,10109872GOMESP,2025-10-18,111348,1,6,0,108.0
10109872GOMESP_2025-10-18_G04,10109872GOMESP,2025-10-18,111431,1,50,0,67.0
10109872GOMESP_2025-10-18_G05,10109872GOMESP,2025-10-18,117842,1,2,0,625.0
10109872GOMESP_2025-10-18_G06,10109872GOMESP,2025-10-18,111182,1,6,0,96.0
10109872GOMESP_2025-10-18_G07,10109872GOMESP,2025-10-18,111466,1,8,0,108.0
10109872GOMESP_2025-10-18_G08,10109872GOMESP,2025-10-18,117836,1,8,0,184.0
10109872GOMESP_2025-10-18_G09,10109872GOMESP,2025-10-18,111445,1,1,0,57.0
10109872GOMESP_2025-10-18_G10,10109872GOMESP,2025-10-18,110755,1,4,0,175.0
10109872GOMESP_2025-10-18_G11,10109872GOMESP,2025-10-18,117785,1,4,0,112.0
10109872GOMESP_2025-10-18_G12,10109872GOMESP,2025-10-18,111743,1,4,0,823.0
10109872GOMESP_2025-10-18_G13,10109872GOMESP,2025-10-18,117831,1,4,0,47.0
10109872GOMESP_2025-10-18_G14,10109872GOMESP,2025-10-18,111463,1,2,0,49.0
10109872GOMESP_2025-10-18_G15,10109872GOMESP,2025-10-18,108795,1,2,0,74.0
10109872GOMESP_2025-10-18_G16,10109872GOMESP,2025-10-18,108711,1,4,0,46.0
10109872GOMESP_2025-10-18_G17,10109872GOMESP,2025-10-18,108794,1,4,0,100.0
10109872GOMESP_2025-10-18_G18,10109872GOMESP,2025-10-18,118140,1,4,0,59.0
10109872GOMESP_2025-10-18_G19,10109872GOMESP,2025-10-18,117821,1,4,0,110.0
10109872GOMESP_2025-10-18_G20,10109872GOMESP,2025-10-18,111466,1,4,0,44.0
10109872GOMESP_2025-10-18_G21,10109872GOMESP,2025-10-18,110373,1,4,0,175.0
10109872GOMESP_2025-10-18_G22,10109872GOMESP,2025-10-18,108711,1,4,0,167.0
10109872GOMESP_2025-10-18_G23,10109872GOMESP,2025-10-18,111602,1,3,0,100.0
10109872GOMESP_2025-10-18_G24,10109872GOMESP,2025-10-18,111418,1,2,0,82.0
10109872GOMESP_2025-10-18_G25,10109872GOMESP,2025-10-18,117808,1,12,0,106.0
10109872GOMESP_2025-10-18_G26,10109872GOMESP,2025-10-18,118140,1,6,0,350.0
10109872GOMESP_2025-10-18_G27,10109872GOMESP,2025-10-18,111466,1,8,0,126.0
10109872GOMESP_2025-10-18_G28,10109872GOMESP,2025-10-18,110733,1,4,0,430.0
10109872GOMESP_2025-10-18_G29,10109872GOMESP,2025-10-18,117831,1,4,0,101.0
10109872GOMESP_2025-10-18_G30,10109872GOMESP,2025-10-18,111465,1,4,0,66.0
10109872GOMESP_2025-10-18_G31,10109872GOMESP,2025-10-18,109640,1,2,0,150.0
10109872GOMESP_2025-10-18_G32,10109872GOMESP,2025-10-18,109640,1,2,0,371.0
10109872GOMESP_2025-10-18_G33,10109872GOMESP,2025-10-18,110733,1,4,0,268.0
10109872GOMESP_2025-10-18_G34,10109872GOMESP,2025-10-18,109640,1,6,0,393.0
10109872GOMESP_2025-10-18_G35,10109872GOMESP,2025-10-18,111430,1,6,0,1944.0
10109872GOMESP_2025-10-18_G36,10109872GOMESP,2025-10-18,111438,1,4,0,183.0
10109872GOMESP_2025-10-18_G37,10109872GOMESP,2025-10-18,117836,1,10,0,174.0
10109872GOMESP_2025-10-18_G38,10109872GOMESP,2025-10-18,100334,1,7,0,298.0
10109872GOMESP_2025-10-18_G39,10109872GOMESP,2025-10-18,111655,1,8,0,270.0
10109872GOMESP_2025-10-18_G40,10109872GOMESP,2025-10-18,107892,1,4,0,176.0
10109872GOMESP_2025-10-18_G41,10109872GOMESP,2025-10-18,111569,1,10,0,144.0
10109872GOMESP_2025-10-18_G42,10109872GOMESP,2025-10-18,109643,1,10,0,101.0
10109872GOMESP_2025-10-18_G43,10109872GOMESP,2025-10-18,107830,1,6,0,317.0
10109872GOMESP_2025-10-18_G44,10109872GOMESP,2025-10-18,117840,1,15,0,144.0
10109872GOMESP_2025-10-18_G45,10109872GOMESP,2025-10-18,110375,1,10,0,119.0
10109872GOMESP_2025-10-18_G46,10109872GOMESP,2025-10-18,110373,1,50,0,178.0
10109872GOMESP_2025-10-18_G47,10109872GOMESP,2025-10-18,110371,2,45,7,220.0
10109872GOMESP_2025-10-18_G48,10109872GOMESP,2025-10-18,117820,1,30,0,593.0
10109872GOMESP_2025-10-18_G49,10109872GOMESP,2025-10-18,"141202, 117809",2,30,16,181.0
10109872GOMESP_2025-10-18_G50,10109872GOMESP,2025-10-18,110325,1,10,0,181.0
10109872GOMESP_2025-10-18_G52,10109872GOMESP,2025-10-18,110112,1,2,0,1030.0
10109872GOMESP_2025-10-18_G53,10109872GOMESP,2025-10-18,107904,1,4,0,174.0
10109872GOMESP_2025-10-18_G54,10109872GOMESP,2025-10-18,108711,1,4,0,110.0
10109872GOMESP_2025-10-18_G55,10109872GOMESP,2025-10-18,118140,1,4,0,98.0
10109872GOMESP_2025-10-18_G56,10109872GOMESP,2025-10-18,111438,1,6,0,170.0
10109872GOMESP_2025-10-18_G57,10109872GOMESP,2025-10-18,111430,1,4,0,101.0
10109872GOMESP_2025-10-18_G58,10109872GOMESP,2025-10-18,118251,1,6,0,88.0
10109872GOMESP_2025-10-18_G59,10109872GOMESP,2025-10-18,118094,1,4,0,1526.0
10109872GOMESP_2025-10-18_G60,10109872GOMESP,2025-10-18,117862,1,10,0,136.0
10109872GOMESP_2025-10-18_G61,10109872GOMESP,2025-10-18,111602,1,2,0,169.0
10109872GOMESP_2025-10-18_G62,10109872GOMESP,2025-10-18,110740,1,10,0,126.0
10109872GOMESP_2025-10-18_G63,10109872GOMESP,2025-10-18,111435,1,4,0,90.0
10109872GOMESP_2025-10-18_G64,10109872GOMESP,2025-10-18,109641,1,12,0,160.0
10109872GOMESP_2025-10-18_G65,10109872GOMESP,2025-10-18,111466,1,15,0,299.0
10109872GOMESP_2025-10-18_G66,10109872GOMESP,2025-10-18,111465,1,2,0,459.0
10109872GOMESP_2025-10-20_G02,10109872GOMESP,2025-10-20,117862,1,100,0,259.0
10109872GOMESP_2025-10-20_G03,10109872GOMESP,2025-10-20,111530,1,100,0,704.0
10109872GOMESP_2025-10-20_G04,10109872GOMESP,2025-10-20,141457,1,150,0,347.0
10109872GOMESP_2025-10-20_G05,10109872GOMESP,2025-10-20,141458,1,100,0,781.0
10109872GOMESP_2025-10-20_G06,10109872GOMESP,2025-10-20,117832,1,100,0,186.0
10109872GOMESP_2025-10-20_G07,10109872GOMESP,2025-10-20,110373,1,500,0,979.0
10109872GOMESP_2025-10-20_G08,10109872GOMESP,2025-10-20,117820,1,200,0,433.0
10109872GOMESP_2025-10-20_G09,10109872GOMESP,2025-10-20,117855,1,60,0,1077.0
10109872GOMESP_2025-10-20_G10,10109872GOMESP,2025-10-20,110743,1,5,0,508.0
10109872GOMESP_2025-10-20_G11,10109872GOMESP,2025-10-20,110339,1,4,0,1566.0
10109872GOMESP_2025-10-20_G12,10109872GOMESP,2025-10-20,"111530, 118269",2,8,20,234.0
10109872GOMESP_2025-10-21_G02,10109872GOMESP,2025-10-21,117835,1,3,0,482.0
10109872GOMESP_2025-10-21_G03,10109872GOMESP,2025-10-21,111430,1,7,0,70.0
10109872GOMESP_2025-10-21_G04,10109872GOMESP,2025-10-21,100334,1,3,0,35.0
10109872GOMESP_2025-10-21_G05,10109872GOMESP,2025-10-21,116527,1,6,0,103.0
10109872GOMESP_2025-10-21_G06,10109872GOMESP,2025-10-21,118290,1,3,0,78.0
10109872GOMESP_2025-10-21_G07,10109872GOMESP,2025-10-21,118140,1,18,0,305.0
10109872GOMESP_2025-10-21_G08,10109872GOMESP,2025-10-21,117838,1,8,0,204.0
10109872GOMESP_2025-10-21_G09,10109872GOMESP,2025-10-21,110787,1,24,0,113.0
10109872GOMESP_2025-10-21_G10,10109872GOMESP,2025-10-21,109645,1,17,0,435.0
10109872GOMESP_2025-10-21_G11,10109872GOMESP,2025-10-21,111182,1,7,0,106.0
10109872GOMESP_2025-10-21_G12,10109872GOMESP,2025-10-21,117833,1,20,0,740.0
10109872GOMESP_2025-10-21_G13,10109872GOMESP,2025-10-21,111442,1,11,0,144.0
10109872GOMESP_2025-10-21_G14,10109872GOMESP,2025-10-21,111444,1,8,0,172.0
10109872GOMESP_2025-10-21_G16,10109872GOMESP,2025-10-21,117856,1,18,0,448.0
10109872GOMESP_2025-10-21_G17,10109872GOMESP,2025-10-21,111876,1,10,0,117.0
10109872GOMESP_2025-10-21_G18,10109872GOMESP,2025-10-21,117935,2,44,16,80.0
10109872GOMESP_2025-10-21_G19,10109872GOMESP,2025-10-21,110339,1,17,0,1075.0
10109872GOMESP_2025-10-21_G20,10109872GOMESP,2025-10-21,109640,1,2,0,158.0
10109872GOMESP_2025-10-21_G21,10109872GOMESP,2025-10-21,111602,1,24,0,52.0
10109872GOMESP_2025-10-21_G22,10109872GOMESP,2025-10-21,110313,3,30,11,252.0
10109872GOMESP_2025-10-21_G23,10109872GOMESP,2025-10-21,117830,1,140,0,1278.0
10109872GOMESP_2025-10-21_G24,10109872GOMESP,2025-10-21,110372,2,130,9,184.0
10109872GOMESP_2025-10-21_G25,10109872GOMESP,2025-10-21,118279,1,7,0,427.0
10109872GOMESP_2025-10-21_G26,10109872GOMESP,2025-10-21,111705,1,1,0,394.0
10109872GOMESP_2025-10-21_G27,10109872GOMESP,2025-10-21,108770,1,12,0,508.0
10109872GOMESP_2025-10-22_G02,10109872GOMESP,2025-10-22,118299,1,2,0,64.0
10109872GOMESP_2025-10-22_G03,10109872GOMESP,2025-10-22,118140,1,20,0,234.0
10109872GOMESP_2025-10-22_G04,10109872GOMESP,2025-10-22,109640,1,8,0,138.0
10109872GOMESP_2025-10-22_G05,10109872GOMESP,2025-10-22,117856,1,2,0,94.0
10109872GOMESP_2025-10-22_G06,10109872GOMESP,2025-10-22,111469,1,12,0,161.0
10109872GOMESP_2025-10-22_G07,10109872GOMESP,2025-10-22,117855,1,4,0,304.0
10109872GOMESP_2025-10-22_G08,10109872GOMESP,2025-10-22,111850,1,1,0,52.0
10109872GOMESP_2025-10-22_G09,10109872GOMESP,2025-10-22,110313,1,1,0,68.0
10109872GOMESP_2025-10-22_G10,10109872GOMESP,2025-10-22,118326,1,2,0,90.0
10109872GOMESP_2025-10-22_G11,10109872GOMESP,2025-10-22,118279,1,4,0,86.0
10109872GOMESP_2025-10-22_G12,10109872GOMESP,2025-10-22,141202,1,8,0,97.0
10109872GOMESP_2025-10-22_G13,10109872GOMESP,2025-10-22,111469,1,24,0,468.0
10109872GOMESP_2025-10-22_G14,10109872GOMESP,2025-10-22,118418,1,5,0,746.0
10109872GOMESP_2025-10-22_G15,10109872GOMESP,2025-10-22,118298,1,2,0,89.0
10109872GOMESP_2025-10-22_G16,10109872GOMESP,2025-10-22,140923,1,2,0,56.0
10109872GOMESP_2025-10-22_G17,10109872GOMESP,2025-10-22,110372,1,12,0,283.0
10109872GOMESP_2025-10-22_G18,10109872GOMESP,2025-10-22,117856,1,4,0,157.0
10109872GOMESP_2025-10-22_G19,10109872GOMESP,2025-10-22,110372,1,8,0,126.0
10109872GOMESP_2025-10-22_G20,10109872GOMESP,2025-10-22,140923,1,20,0,1036.0
10109872GOMESP_2025-10-22_G21,10109872GOMESP,2025-10-22,110372,1,67,0,466.0
10109872GOMESP_2025-10-22_G22,10109872GOMESP,2025-10-22,"110313, 141456",2,6,13,232.0
10109872GOMESP_2025-10-22_G23,10109872GOMESP,2025-10-22,105705,1,6,0,113.0
10109872GOMESP_2025-10-22_G24,10109872GOMESP,2025-10-22,111462,1,7,0,174.0
10109872GOMESP_2025-10-22_G25,10109872GOMESP,2025-10-22,110372,1,87,0,455.0
10109872GOMESP_2025-10-22_G26,10109872GOMESP,2025-10-22,110372,1,50,0,307.0
10109872GOMESP_2025-10-22_G27,10109872GOMESP,2025-10-22,111462,1,13,0,246.0
10109872GOMESP_2025-10-22_G28,10109872GOMESP,2025-10-22,140923,1,6,0,176.0
10109872GOMESP_2025-10-22_G29,10109872GOMESP,2025-10-22,110313,1,6,0,221.0
10109872GOMESP_2025-10-22_G30,10109872GOMESP,2025-10-22,140923,1,12,0,125.0
10109872GOMESP_2025-10-22_G31,10109872GOMESP,2025-10-22,111462,1,18,0,199.0
10109872GOMESP_2025-10-22_G32,10109872GOMESP,2025-10-22,117830,1,4,0,107.0
10109872GOMESP_2025-10-22_G33,10109872GOMESP,2025-10-22,110755,1,4,0,541.0
10109872GOMESP_2025-10-22_G34,10109872GOMESP,2025-10-22,118094,1,4,0,220.0
10109872GOMESP_2025-10-22_G35,10109872GOMESP,2025-10-22,140923,1,3,0,57.0
10109872GOMESP_2025-10-22_G36,10109872GOMESP,2025-10-22,117862,1,2,0,83.0
10109872GOMESP_2025-10-22_G37,10109872GOMESP,2025-10-22,117965,1,2,0,41.0
10109872GOMESP_2025-10-22_G38,10109872GOMESP,2025-10-22,110733,1,2,0,45.0
10109872GOMESP_2025-10-22_G39,10109872GOMESP,2025-10-22,117935,1,4,0,192.0
10109872GOMESP_2025-10-22_G40,10109872GOMESP,2025-10-22,111467,1,2,0,68.0
10109872GOMESP_2025-10-22_G41,10109872GOMESP,2025-10-22,117786,1,4,0,75.0
10109872GOMESP_2025-10-22_G42,10109872GOMESP,2025-10-22,107629,1,4,0,63.0
10109872GOMESP_2025-10-22_G43,10109872GOMESP,2025-10-22,117855,1,4,0,71.0
10109872GOMESP_2025-10-22_G44,10109872GOMESP,2025-10-22,117837,1,4,0,64.0
10109872GOMESP_2025-10-22_G45,10109872GOMESP,2025-10-22,117832,1,4,0,127.0
10109872GOMESP_2025-10-22_G46,10109872GOMESP,2025-10-22,117808,2,10,5,53.0
10109872GOMESP_2025-10-22_G47,10109872GOMESP,2025-10-22,110372,1,10,0,131.0
10109872GOMESP_2025-10-22_G48,10109872GOMESP,2025-10-22,118299,1,10,0,67.0
10109872GOMESP_2025-10-22_G49,10109872GOMESP,2025-10-22,110376,1,4,0,101.0
10109872GOMESP_2025-10-22_G50,10109872GOMESP,2025-10-22,110325,1,2,0,125.0
10109872GOMESP_2025-10-22_G51,10109872GOMESP,2025-10-22,117935,1,5,0,411.0
10109872GOMESP_2025-10-22_G52,10109872GOMESP,2025-10-22,111530,1,2,0,78.0
10109872GOMESP_2025-10-22_G53,10109872GOMESP,2025-10-22,110372,1,18,0,176.0
10109872GOMESP_2025-10-22_G54,10109872GOMESP,2025-10-22,110371,1,5,0,305.0
10109872GOMESP_2025-10-22_G55,10109872GOMESP,2025-10-22,111418,1,5,0,106.0
10109872GOMESP_2025-10-22_G56,10109872GOMESP,2025-10-22,109641,1,2,0,77.0
10109872GOMESP_2025-10-23_G02,10109872GOMESP,2025-10-23,110339,1,2,0,102.0
10109872GOMESP_2025-10-23_G03,10109872GOMESP,2025-10-23,117855,1,8,0,61.0
10109872GOMESP_2025-10-23_G04,10109872GOMESP,2025-10-23,111530,1,6,0,71.0
10109872GOMESP_2025-10-23_G05,10109872GOMESP,2025-10-23,111466,1,13,0,223.0
10109872GOMESP_2025-10-23_G06,10109872GOMESP,2025-10-23,109641,1,2,0,112.0
10109872GOMESP_2025-10-23_G07,10109872GOMESP,2025-10-23,111462,1,6,0,55.0
10109872GOMESP_2025-10-23_G08,10109872GOMESP,2025-10-23,111467,1,2,0,87.0
10109872GOMESP_2025-10-23_G09,10109872GOMESP,2025-10-23,141457,1,40,0,714.0
10109872GOMESP_2025-10-23_G10,10109872GOMESP,2025-10-23,118140,1,8,0,794.0
10109872GOMESP_2025-10-23_G11,10109872GOMESP,2025-10-23,105705,1,2,0,170.0
10109872GOMESP_2025-10-23_G12,10109872GOMESP,2025-10-23,111469,8,85,53,174.0
10109872GOMESP_2025-10-23_G13,10109872GOMESP,2025-10-23,111330,3,13,9,475.0
10109872GOMESP_2025-10-23_G14,10109872GOMESP,2025-10-23,117820,1,4,0,240.0
10109872GOMESP_2025-10-23_G15,10109872GOMESP,2025-10-23,111330,2,8,5,36.0
10109872GOMESP_2025-10-23_G16,10109872GOMESP,2025-10-23,111330,1,5,0,586.0
10109872GOMESP_2025-10-23_G17,10109872GOMESP,2025-10-23,110711,1,3,0,1699.0
10109872GOMESP_2025-10-23_G18,10109872GOMESP,2025-10-23,110733,1,3,0,57.0
10109872GOMESP_2025-10-23_G20,10109872GOMESP,2025-10-23,110339,1,2,0,74.0
10109872GOMESP_2025-10-23_G21,10109872GOMESP,2025-10-23,140922,1,4,0,197.0
10109872GOMESP_2025-10-23_G22,10109872GOMESP,2025-10-23,141457,1,4,0,74.0
10109872GOMESP_2025-10-23_G23,10109872GOMESP,2025-10-23,108711,1,2,0,53.0
10109872GOMESP_2025-10-23_G24,10109872GOMESP,2025-10-23,118299,1,1,0,42.0
10109872GOMESP_2025-10-23_G25,10109872GOMESP,2025-10-23,110711,1,3,0,307.0
10109872GOMESP_2025-10-23_G26,10109872GOMESP,2025-10-23,110376,1,1,0,89.0
10109872GOMESP_2025-10-23_G27,10109872GOMESP,2025-10-23,111469,1,4,0,99.0
10109872GOMESP_2025-10-23_G28,10109872GOMESP,2025-10-23,117831,1,8,0,156.0
10109872GOMESP_2025-10-23_G29,10109872GOMESP,2025-10-23,100334,1,4,0,1129.0
10109872GOMESP_2025-10-23_G30,10109872GOMESP,2025-10-23,117935,1,2,0,45.0
10109872GOMESP_2025-10-23_G31,10109872GOMESP,2025-10-23,117786,1,4,0,99.0
10109872GOMESP_2025-10-23_G32,10109872GOMESP,2025-10-23,111530,1,4,0,80.0
10109872GOMESP_2025-10-23_G33,10109872GOMESP,2025-10-23,105705,1,1,0,94.0
10109872GOMESP_2025-10-23_G34,10109872GOMESP,2025-10-23,111463,1,8,0,92.0
10109872GOMESP_2025-10-23_G35,10109872GOMESP,2025-10-23,108711,1,2,0,129.0
10109872GOMESP_2025-10-23_G36,10109872GOMESP,2025-10-23,117820,1,9,0,137.0
10109872GOMESP_2025-10-23_G37,10109872GOMESP,2025-10-23,111418,1,3,0,833.0
10109872GOMESP_2025-10-23_G38,10109872GOMESP,2025-10-23,109641,1,4,0,89.0
10109872GOMESP_2025-10-23_G39,10109872GOMESP,2025-10-23,117821,1,8,0,131.0
10109872GOMESP_2025-10-23_G40,10109872GOMESP,2025-10-23,117830,1,4,0,108.0
10109872GOMESP_2025-10-23_G41,10109872GOMESP,2025-10-23,110375,1,6,0,98.0
10109872GOMESP_2025-10-23_G42,10109872GOMESP,2025-10-23,111466,1,4,0,371.0
10109872GOMESP_2025-10-23_G43,10109872GOMESP,2025-10-23,117831,1,8,0,119.0
10109872GOMESP_2025-10-23_G45,10109872GOMESP,2025-10-23,110310,1,1,0,70.0
10109872GOMESP_2025-10-23_G46,10109872GOMESP,2025-10-23,111469,1,24,0,374.0
10109872GOMESP_2025-10-23_G47,10109872GOMESP,2025-10-23,117862,1,2,0,523.0
10109872GOMESP_2025-10-23_G48,10109872GOMESP,2025-10-23,111462,1,6,0,228.0
10109872GOMESP_2025-10-23_G49,10109872GOMESP,2025-10-23,110313,1,6,0,284.0
10109872GOMESP_2025-10-23_G50,10109872GOMESP,2025-10-23,110313,1,2,0,44.0
10109872GOMESP_2025-10-23_G51,10109872GOMESP,2025-10-23,117830,1,5,0,128.0
10109872GOMESP_2025-10-23_G52,10109872GOMESP,2025-10-23,111182,1,4,0,189.0
10109872GOMESP_2025-10-23_G53,10109872GOMESP,2025-10-23,111462,2,17,7,79.0
10109872GOMESP_2025-10-23_G54,10109872GOMESP,2025-10-23,141202,1,2,0,233.0
10109872GOMESP_2025-10-23_G55,10109872GOMESP,2025-10-23,111330,1,4,0,449.0
10109872GOMESP_2025-10-23_G56,10109872GOMESP,2025-10-23,111530,1,5,0,99.0
10109872GOMESP_2025-10-23_G57,10109872GOMESP,2025-10-23,111466,1,2,0,92.0
10109872GOMESP_2025-10-23_G58,10109872GOMESP,2025-10-23,111462,1,5,0,109.0
10109872GOMESP_2025-10-23_G59,10109872GOMESP,2025-10-23,117820,1,2,0,115.0
10109872GOMESP_2025-10-23_G60,10109872GOMESP,2025-10-23,111466,1,2,0,120.0
10109872GOMESP_2025-10-23_G61,10109872GOMESP,2025-10-23,111462,1,14,0,158.0
10109872GOMESP_2025-10-23_G62,10109872GOMESP,2025-10-23,110325,1,4,0,112.0
10109872GOMESP_2025-10-23_G63,10109872GOMESP,2025-10-23,110339,1,2,0,318.0
10109872GOMESP_2025-10-23_G64,10109872GOMESP,2025-10-23,111469,1,4,0,96.0
10109872GOMESP_2025-10-23_G65,10109872GOMESP,2025-10-23,141456,2,6,5,117.0
10109872GOMESP_2025-10-23_G66,10109872GOMESP,2025-10-23,118140,2,13,6,59.0
10109872GOMESP_2025-10-23_G67,10109872GOMESP,2025-10-23,111466,4,25,17,117.0
10109872GOMESP_2025-10-23_G68,10109872GOMESP,2025-10-23,117831,1,7,0,154.0
10109872GOMESP_2025-10-23_G69,10109872GOMESP,2025-10-23,111463,2,7,7,54.0
10109872GOMESP_2025-10-23_G70,10109872GOMESP,2025-10-23,111182,1,2,0,96.0
10109872GOMESP_2025-10-23_G71,10109872GOMESP,2025-10-23,110787,1,3,0,545.0
10109872GOMESP_2025-10-23_G72,10109872GOMESP,2025-10-23,111431,1,1,0,37.0
10109872GOMESP_2025-10-23_G73,10109872GOMESP,2025-10-23,117841,1,3,0,180.0
10109872GOMESP_2025-10-23_G74,10109872GOMESP,2025-10-23,111418,4,36,21,135.0
10109872GOMESP_2025-10-23_G75,10109872GOMESP,2025-10-23,109641,1,2,0,220.0
10109872GOMESP_2025-10-23_G76,10109872GOMESP,2025-10-23,111462,2,5,6,41.0
10109872GOMESP_2025-10-23_G77,10109872GOMESP,2025-10-23,111465,1,2,0,148.0
10109872GOMESP_2025-10-23_G78,10109872GOMESP,2025-10-23,"117856, 140923",2,6,29,125.0
10109872GOMESP_2025-10-23_G79,10109872GOMESP,2025-10-23,110711,1,2,0,89.0
10109872GOMESP_2025-10-23_G80,10109872GOMESP,2025-10-23,117853,2,3,5,74.0
10109872GOMESP_2025-10-23_G81,10109872GOMESP,2025-10-23,111602,1,3,0,122.0
10109872GOMESP_2025-10-23_G82,10109872GOMESP,2025-10-23,117785,3,11,12,86.0
10109872GOMESP_2025-10-23_G83,10109872GOMESP,2025-10-23,111172,1,4,0,314.0
10109872GOMESP_2025-10-24_G02,10109872GOMESP,2025-10-24,117834,1,4,0,71.0
10109872GOMESP_2025-10-24_G03,10109872GOMESP,2025-10-24,110313,1,8,0,152.0
10109872GOMESP_2025-10-24_G04,10109872GOMESP,2025-10-24,117856,1,5,0,50.0
10109872GOMESP_2025-10-24_G05,10109872GOMESP,2025-10-24,111876,1,4,0,52.0
10109872GOMESP_2025-10-24_G06,10109872GOMESP,2025-10-24,117862,1,5,0,99.0
10109872GOMESP_2025-10-24_G07,10109872GOMESP,2025-10-24,111602,1,5,0,108.0
10109872GOMESP_2025-10-24_G08,10109872GOMESP,2025-10-24,141456,1,20,0,378.0
10109872GOMESP_2025-10-24_G09,10109872GOMESP,2025-10-24,105705,1,5,0,163.0
10109872GOMESP_2025-10-24_G10,10109872GOMESP,2025-10-24,111433,1,4,0,77.0
10109872GOMESP_2025-10-24_G11,10109872GOMESP,2025-10-24,141457,1,10,0,98.0
10109872GOMESP_2025-10-24_G12,10109872GOMESP,2025-10-24,111435,1,4,0,55.0
10109872GOMESP_2025-10-24_G13,10109872GOMESP,2025-10-24,111431,1,4,0,129.0
10109872GOMESP_2025-10-24_G14,10109872GOMESP,2025-10-24,111418,1,10,0,129.0
10109872GOMESP_2025-10-24_G15,10109872GOMESP,2025-10-24,111462,1,10,0,130.0
10109872GOMESP_2025-10-24_G16,10109872GOMESP,2025-10-24,111462,1,15,0,143.0
10109872GOMESP_2025-10-24_G17,10109872GOMESP,2025-10-24,"111442, 111444",2,12,26,243.0
10109872GOMESP_2025-10-24_G18,10109872GOMESP,2025-10-24,110745,1,4,0,117.0
10109872GOMESP_2025-10-24_G19,10109872GOMESP,2025-10-24,111438,1,3,0,731.0
10109872GOMESP_2025-10-24_G20,10109872GOMESP,2025-10-24,117836,1,4,0,98.0
10109872GOMESP_2025-10-24_G21,10109872GOMESP,2025-10-24,117834,1,6,0,86.0
10109872GOMESP_2025-10-24_G22,10109872GOMESP,2025-10-24,117856,1,15,0,313.0
10109872GOMESP_2025-10-24_G23,10109872GOMESP,2025-10-24,110752,1,3,0,170.0
10109872GOMESP_2025-10-24_G24,10109872GOMESP,2025-10-24,111602,1,6,0,367.0
10109872GOMESP_2025-10-24_G25,10109872GOMESP,2025-10-24,110339,1,4,0,73.0
10109872GOMESP_2025-10-24_G26,10109872GOMESP,2025-10-24,117855,1,6,0,49.0
10109872GOMESP_2025-10-24_G27,10109872GOMESP,2025-10-24,111462,1,8,0,115.0
10109872GOMESP_2025-10-24_G28,10109872GOMESP,2025-10-24,118222,1,40,0,2079.0
10109872GOMESP_2025-10-24_G29,10109872GOMESP,2025-10-24,110711,1,9,0,528.0
10109872GOMESP_2025-10-24_G30,10109872GOMESP,2025-10-24,117935,1,22,0,58.0
10109872GOMESP_2025-10-24_G31,10109872GOMESP,2025-10-24,117786,1,50,0,570.0
10109872GOMESP_2025-10-24_G32,10109872GOMESP,2025-10-24,111602,1,119,0,834.0
10109872GOMESP_2025-10-24_G33,10109872GOMESP,2025-10-24,118317,1,9,0,432.0
10109872GOMESP_2025-10-24_G34,10109872GOMESP,2025-10-24,111172,1,12,0,135.0
10109872GOMESP_2025-10-24_G35,10109872GOMESP,2025-10-24,118326,1,9,0,812.0
10109872GOMESP_2025-10-24_G36,10109872GOMESP,2025-10-24,118222,1,60,0,1330.0
10109872GOMESP_2025-10-24_G37,10109872GOMESP,2025-10-24,141249,1,3,0,746.0
10109872GOMESP_2025-10-24_G38,10109872GOMESP,2025-10-24,111602,1,50,0,525.0
10109872GOMESP_2025-10-24_G39,10109872GOMESP,2025-10-24,111172,1,20,0,330.0
10109872GOMESP_2025-10-24_G40,10109872GOMESP,2025-10-24,118326,1,23,0,241.0
10109872GOMESP_2025-10-24_G41,10109872GOMESP,2025-10-24,111532,1,130,0,2348.0
10109872GOMESP_2025-10-24_G42,10109872GOMESP,2025-10-24,141456,1,100,0,305.0
10109872GOMESP_2025-10-24_G43,10109872GOMESP,2025-10-24,118140,1,25,0,616.0
10109872GOMESP_2025-10-24_G44,10109872GOMESP,2025-10-24,105705,1,8,0,99.0
10109872GOMESP_2025-10-24_G45,10109872GOMESP,2025-10-24,140922,1,10,0,140.0
10109872GOMESP_2025-10-24_G46,10109872GOMESP,2025-10-24,"141823, 111469",2,29,15,99.0
10109872GOMESP_2025-10-24_G47,10109872GOMESP,2025-10-24,109641,1,2,0,240.0
10109872GOMESP_2025-10-24_G48,10109872GOMESP,2025-10-24,117833,1,30,0,306.0
10109872GOMESP_2025-10-24_G50,10109872GOMESP,2025-10-24,111469,1,6,0,124.0
10109872GOMESP_2025-10-24_G51,10109872GOMESP,2025-10-24,111442,1,6,0,169.0
10109872GOMESP_2025-10-24_G52,10109872GOMESP,2025-10-24,118094,1,2,0,127.0
10109872GOMESP_2025-10-24_G53,10109872GOMESP,2025-10-24,140923,1,1,0,105.0
10109872GOMESP_2025-10-24_G54,10109872GOMESP,2025-10-24,110740,1,2,0,92.0
10109872GOMESP_2025-10-24_G55,10109872GOMESP,2025-10-24,109643,1,1,0,90.0
10109872GOMESP_2025-10-24_G56,10109872GOMESP,2025-10-24,118094,1,2,0,320.0
10109872GOMESP_2025-10-24_G57,10109872GOMESP,2025-10-24,110711,1,2,0,105.0
10109872GOMESP_2025-10-24_G58,10109872GOMESP,2025-10-24,110733,1,3,0,65.0
10109872GOMESP_2025-10-24_G59,10109872GOMESP,2025-10-24,117935,1,1,0,135.0
10109872GOMESP_2025-10-24_G60,10109872GOMESP,2025-10-24,111467,1,2,0,122.0
10109872GOMESP_2025-10-24_G61,10109872GOMESP,2025-10-24,118222,1,8,0,226.0
10109872GOMESP_2025-10-24_G62,10109872GOMESP,2025-10-24,118140,1,3,0,126.0
10109872GOMESP_2025-10-24_G63,10109872GOMESP,2025-10-24,117831,1,4,0,77.0
10109872GOMESP_2025-10-24_G64,10109872GOMESP,2025-10-24,110740,1,4,0,104.0
10109872GOMESP_2025-10-24_G65,10109872GOMESP,2025-10-24,109643,1,4,0,97.0
10109872GOMESP_2025-10-24_G66,10109872GOMESP,2025-10-24,110325,1,4,0,114.0
10109872GOMESP_2025-10-24_G67,10109872GOMESP,2025-10-24,118222,1,4,0,186.0
10109872GOMESP_2025-10-24_G68,10109872GOMESP,2025-10-24,110711,1,1,0,67.0
10109872GOMESP_2025-10-24_G69,10109872GOMESP,2025-10-24,111467,1,2,0,81.0
10109872GOMESP_2025-10-24_G70,10109872GOMESP,2025-10-24,111530,1,2,0,192.0
10109872GOMESP_2025-10-24_G71,10109872GOMESP,2025-10-24,117831,1,4,0,94.0
10109872GOMESP_2025-10-24_G72,10109872GOMESP,2025-10-24,110740,1,4,0,79.0
10109872GOMESP_2025-10-24_G73,10109872GOMESP,2025-10-24,111418,1,12,0,112.0
10109872GOMESP_2025-10-24_G74,10109872GOMESP,2025-10-24,117808,1,8,0,86.0
10109872GOMESP_2025-10-25_G02,10109872GOMESP,2025-10-25,100334,1,2,0,47.0
10109872GOMESP_2025-10-25_G03,10109872GOMESP,2025-10-25,111530,1,6,0,98.0
10109872GOMESP_2025-10-25_G04,10109872GOMESP,2025-10-25,117935,1,2,0,61.0
10109872GOMESP_2025-10-25_G05,10109872GOMESP,2025-10-25,105705,1,1,0,57.0
10109872GOMESP_2025-10-25_G06,10109872GOMESP,2025-10-25,"141823, 111348",2,5,25,119.0
10109872GOMESP_2025-10-25_G07,10109872GOMESP,2025-10-25,117820,1,5,0,134.0
10109872GOMESP_2025-10-25_G08,10109872GOMESP,2025-10-25,117808,1,1,0,82.0
10109872GOMESP_2025-10-25_G09,10109872GOMESP,2025-10-25,141047,1,4,0,128.0
10109872GOMESP_2025-10-25_G10,10109872GOMESP,2025-10-25,111469,1,2,0,123.0
10109872GOMESP_2025-10-25_G11,10109872GOMESP,2025-10-25,111462,1,2,0,87.0
10109872GOMESP_2025-10-25_G12,10109872GOMESP,2025-10-25,110372,1,2,0,71.0
10109872GOMESP_2025-10-25_G13,10109872GOMESP,2025-10-25,118299,1,24,0,670.0
10109872GOMESP_2025-10-25_G14,10109872GOMESP,2025-10-25,110373,1,12,0,123.0
10109872GOMESP_2025-10-25_G15,10109872GOMESP,2025-10-25,109640,1,2,0,63.0
10109872GOMESP_2025-10-25_G16,10109872GOMESP,2025-10-25,111443,1,2,0,100.0
10109872GOMESP_2025-10-25_G17,10109872GOMESP,2025-10-25,111469,1,2,0,51.0
10109872GOMESP_2025-10-25_G18,10109872GOMESP,2025-10-25,111418,1,2,0,57.0
10109872GOMESP_2025-10-25_G19,10109872GOMESP,2025-10-25,111462,1,2,0,129.0
10109872GOMESP_2025-10-25_G20,10109872GOMESP,2025-10-25,109640,1,8,0,515.0
10109872GOMESP_2025-10-25_G21,10109872GOMESP,2025-10-25,109640,1,24,0,36.0
10109872GOMESP_2025-10-25_G22,10109872GOMESP,2025-10-25,111348,1,8,0,308.0
10109872GOMESP_2025-10-25_G23,10109872GOMESP,2025-10-25,111445,1,4,0,96.0
10109872GOMESP_2025-10-25_G24,10109872GOMESP,2025-10-25,109640,1,4,0,64.0
10109872GOMESP_2025-10-25_G25,10109872GOMESP,2025-10-25,141035,1,4,0,227.0
10109872GOMESP_2025-10-25_G26,10109872GOMESP,2025-10-25,110374,2,80,11,913.0
10109872GOMESP_2025-10-25_G27,10109872GOMESP,2025-10-25,109640,1,2,0,319.0
10109872GOMESP_2025-10-25_G28,10109872GOMESP,2025-10-25,140911,1,8,0,96.0
10109872GOMESP_2025-10-25_G29,10109872GOMESP,2025-10-25,140911,1,2,0,264.0
10109872GOMESP_2025-10-25_G30,10109872GOMESP,2025-10-25,110313,1,4,0,132.0
10109872GOMESP_2025-10-25_G31,10109872GOMESP,2025-10-25,140923,1,12,0,110.0
10109872GOMESP_2025-10-25_G32,10109872GOMESP,2025-10-25,110787,1,8,0,138.0
10109872GOMESP_2025-10-25_G33,10109872GOMESP,2025-10-25,111462,1,4,0,96.0
10109872GOMESP_2025-10-25_G34,10109872GOMESP,2025-10-25,110372,1,12,0,125.0
10109872GOMESP_2025-10-25_G35,10109872GOMESP,2025-10-25,117830,1,6,0,164.0
10109872GOMESP_2025-10-25_G36,10109872GOMESP,2025-10-25,117830,1,50,0,388.0
10109872GOMESP_2025-10-25_G37,10109872GOMESP,2025-10-25,110339,1,5,0,308.0
10109872GOMESP_2025-10-25_G38,10109872GOMESP,2025-10-25,111728,1,2,0,191.0
10109872GOMESP_2025-10-25_G39,10109872GOMESP,2025-10-25,111742,1,11,0,146.0
10109872GOMESP_2025-10-25_G40,10109872GOMESP,2025-10-25,118222,1,2,0,831.0
10109872GOMESP_2025-10-25_G41,10109872GOMESP,2025-10-25,111660,1,4,0,136.0
10109872GOMESP_2025-10-25_G42,10109872GOMESP,2025-10-25,110747,1,1,0,84.0
10109872GOMESP_2025-10-25_G43,10109872GOMESP,2025-10-25,110313,1,2,0,113.0
10109872GOMESP_2025-10-25_G44,10109872GOMESP,2025-10-25,117786,1,2,0,77.0
10109872GOMESP_2025-10-25_G45,10109872GOMESP,2025-10-25,111602,1,2,0,82.0
10109872GOMESP_2025-10-25_G46,10109872GOMESP,2025-10-25,117855,1,2,0,39.0
10109872GOMESP_2025-10-25_G47,10109872GOMESP,2025-10-25,141456,1,10,0,159.0
10109872GOMESP_2025-10-25_G48,10109872GOMESP,2025-10-25,141457,1,4,0,60.0
10109872GOMESP_2025-10-25_G49,10109872GOMESP,2025-10-25,111418,1,4,0,150.0
10109872GOMESP_2025-10-25_G50,10109872GOMESP,2025-10-25,110787,1,1,0,52.0
10109872GOMESP_2025-10-25_G51,10109872GOMESP,2025-10-25,117785,1,6,0,122.0
10109872GOMESP_2025-10-25_G52,10109872GOMESP,2025-10-25,111462,1,8,0,89.0
10109872GOMESP_2025-10-25_G53,10109872GOMESP,2025-10-25,117821,1,4,0,90.0
10109872GOMESP_2025-10-25_G54,10109872GOMESP,2025-10-25,117832,1,2,0,108.0
10109872GOMESP_2025-10-25_G55,10109872GOMESP,2025-10-25,110372,1,10,0,64.0
10109872GOMESP_2025-10-25_G56,10109872GOMESP,2025-10-25,117808,1,4,0,49.0
10109872GOMESP_2025-10-25_G57,10109872GOMESP,2025-10-25,110371,1,10,0,168.0
10109872GOMESP_2025-10-25_G58,10109872GOMESP,2025-10-25,110756,1,2,0,595.0
10109872GOMESP_2025-10-25_G59,10109872GOMESP,2025-10-25,110787,1,8,0,100.0
10109872GOMESP_2025-10-25_G60,10109872GOMESP,2025-10-25,110374,1,10,0,269.0
10109872GOMESP_2025-10-25_G61,10109872GOMESP,2025-10-25,117830,1,4,0,95.0
10109872GOMESP_2025-10-25_G62,10109872GOMESP,2025-10-25,110787,1,12,0,176.0
10109872GOMESP_2025-10-25_G63,10109872GOMESP,2025-10-25,110374,1,9,0,305.0
10109872GOMESP_2025-10-25_G64,10109872GOMESP,2025-10-25,107830,1,9,0,146.0
10109872GOMESP_2025-10-25_G65,10109872GOMESP,2025-10-25,110787,1,18,0,176.0
10109872GOMESP_2025-10-25_G66,10109872GOMESP,2025-10-25,"110374, 107830, 118222",3,21,1,1623.0
10109872GOMESP_2025-10-25_G67,10109872GOMESP,2025-10-25,111469,3,21,11,44.0
10109872GOMESP_2025-10-25_G68,10109872GOMESP,2025-10-25,117785,1,2,0,312.0
10109872GOMESP_2025-10-25_G69,10109872GOMESP,2025-10-25,110372,1,10,0,107.0
10109872GOMESP_2025-10-25_G70,10109872GOMESP,2025-10-25,117820,1,50,0,655.0
10109872GOMESP_2025-10-25_G71,10109872GOMESP,2025-10-25,117830,1,28,0,211.0
10109872GOMESP_2025-10-25_G72,10109872GOMESP,2025-10-25,110372,3,100,15,359.0
10109872GOMESP_2025-10-25_G73,10109872GOMESP,2025-10-25,118299,2,150,10,190.0
10109872GOMESP_2025-10-25_G74,10109872GOMESP,2025-10-25,117808,2,163,6,476.0
10109872GOMESP_2025-10-25_G75,10109872GOMESP,2025-10-25,110373,1,50,0,369.0
10109872GOMESP_2025-10-25_G77,10109872GOMESP,2025-10-25,111430,1,4,0,414.0
10109872GOMESP_2025-10-25_G78,10109872GOMESP,2025-10-25,110623,1,16,0,239.0
10109872GOMESP_2025-10-25_G79,10109872GOMESP,2025-10-25,118250,1,8,0,198.0
10109872GOMESP_2025-10-25_G80,10109872GOMESP,2025-10-25,110754,1,4,0,259.0
10109872GOMESP_2025-10-25_G81,10109872GOMESP,2025-10-25,141047,1,12,0,199.0
10109872GOMESP_2025-10-25_G82,10109872GOMESP,2025-10-25,110313,1,3,0,1111.0
10109872GOMESP_2025-10-25_G83,10109872GOMESP,2025-10-25,109640,1,20,0,221.0
10109872GOMESP_2025-10-25_G84,10109872GOMESP,2025-10-25,117785,1,3,0,61.0
10109872GOMESP_2025-10-25_G85,10109872GOMESP,2025-10-25,111469,1,12,0,92.0
10109872GOMESP_2025-10-25_G86,10109872GOMESP,2025-10-25,111462,1,8,0,95.0
10109872GOMESP_2025-10-25_G87,10109872GOMESP,2025-10-25,117830,1,8,0,156.0
10109872GOMESP_2025-10-25_G88,10109872GOMESP,2025-10-25,"108770, 110313",2,8,19,769.0
10109872GOMESP_2025-10-25_G89,10109872GOMESP,2025-10-25,140923,1,16,0,80.0
10109872GOMESP_2025-10-25_G90,10109872GOMESP,2025-10-25,110374,1,12,0,216.0
10109872GOMESP_2025-10-25_G91,10109872GOMESP,2025-10-25,117830,2,12,4,80.0
10109872GOMESP_2025-10-25_G92,10109872GOMESP,2025-10-25,117785,1,2,0,150.0
10109872GOMESP_2025-10-25_G93,10109872GOMESP,2025-10-25,111469,1,30,0,55.0
10109872GOMESP_2025-10-25_G94,10109872GOMESP,2025-10-25,111330,1,1,0,218.0
10109872GOMESP_2025-10-25_G95,10109872GOMESP,2025-10-25,110895,1,2,0,405.0
10109872GOMESP_2025-10-25_G96,10109872GOMESP,2025-10-25,111462,1,8,0,103.0
10109872GOMESP_2025-10-25_G97,10109872GOMESP,2025-10-25,110372,1,18,0,336.0
10109872GOMESP_2025-10-25_G98,10109872GOMESP,2025-10-25,117808,1,12,0,113.0
10109872GOMESP_2025-10-25_G99,10109872GOMESP,2025-10-25,117822,1,2,0,51.0
10109872GOMESP_2025-10-25_G100,10109872GOMESP,2025-10-25,110371,1,8,0,69.0
10109872GOMESP_2025-10-25_G101,10109872GOMESP,2025-10-25,110895,1,2,0,174.0
10109872GOMESP_2025-10-25_G102,10109872GOMESP,2025-10-25,111441,1,3,0,99.0
10109872GOMESP_2025-10-25_G103,10109872GOMESP,2025-10-25,110787,1,4,0,433.0
10109872GOMESP_2025-10-27_G02,10109872GOMESP,2025-10-27,110740,2,19,11,293.0
10109872GOMESP_2025-10-27_G03,10109872GOMESP,2025-10-27,108794,1,7,0,411.0
10109872GOMESP_2025-10-27_G04,10109872GOMESP,2025-10-27,110748,1,4,0,82.0
10109872GOMESP_2025-10-27_G05,10109872GOMESP,2025-10-27,111431,1,2,0,40.0
10109872GOMESP_2025-10-27_G06,10109872GOMESP,2025-10-27,118223,1,4,0,78.0
10109872GOMESP_2025-10-27_G07,10109872GOMESP,2025-10-27,116241,2,6,6,368.0
10109872GOMESP_2025-10-27_G08,10109872GOMESP,2025-10-27,109641,2,11,5,126.0
10109872GOMESP_2025-10-27_G09,10109872GOMESP,2025-10-27,111442,1,2,0,91.0
10109872GOMESP_2025-10-27_G10,10109872GOMESP,2025-10-27,117821,2,15,5,74.0
10109872GOMESP_2025-10-27_G11,10109872GOMESP,2025-10-27,110745,1,8,0,125.0
10109872GOMESP_2025-10-27_G12,10109872GOMESP,2025-10-27,111465,1,5,0,44.0
10109872GOMESP_2025-10-27_G13,10109872GOMESP,2025-10-27,111468,1,1,0,72.0
10109872GOMESP_2025-10-27_G14,10109872GOMESP,2025-10-27,107830,1,6,0,159.0
10109872GOMESP_2025-10-27_G15,10109872GOMESP,2025-10-27,118299,1,80,0,98.0
10109872GOMESP_2025-10-27_G16,10109872GOMESP,2025-10-27,118299,1,600,0,691.0
10109872GOMESP_2025-10-27_G17,10109872GOMESP,2025-10-27,117808,2,680,21,984.0
10109872GOMESP_2025-10-27_G18,10109872GOMESP,2025-10-27,141202,1,8,0,515.0
10109872GOMESP_2025-10-27_G19,10109872GOMESP,2025-10-27,110371,1,13,0,100.0
10109872GOMESP_2025-10-27_G20,10109872GOMESP,2025-10-27,110325,1,20,0,89.0
10109872GOMESP_2025-10-27_G21,10109872GOMESP,2025-10-27,117856,1,20,0,589.0
10109872GOMESP_2025-10-27_G22,10109872GOMESP,2025-10-27,111530,1,70,0,335.0
10109872GOMESP_2025-10-27_G23,10109872GOMESP,2025-10-27,110756,1,4,0,319.0
10109872GOMESP_2025-10-27_G24,10109872GOMESP,2025-10-27,111879,1,3,0,39.0
10109872GOMESP_2025-10-27_G25,10109872GOMESP,2025-10-27,109640,1,42,0,93.0
10109872GOMESP_2025-10-27_G26,10109872GOMESP,2025-10-27,140923,1,20,0,507.0
10109872GOMESP_2025-10-27_G27,10109872GOMESP,2025-10-27,117855,1,30,0,246.0
10109872GOMESP_2025-10-27_G28,10109872GOMESP,2025-10-27,118140,1,18,0,326.0
10109872GOMESP_2025-10-27_G29,10109872GOMESP,2025-10-27,141457,1,50,0,618.0
10109872GOMESP_2025-10-27_G30,10109872GOMESP,2025-10-27,117833,1,17,0,389.0
10109872GOMESP_2025-10-27_G31,10109872GOMESP,2025-10-27,141458,1,10,0,117.0
10109872GOMESP_2025-10-27_G32,10109872GOMESP,2025-10-27,111530,1,16,0,973.0
10109872GOMESP_2025-10-27_G33,10109872GOMESP,2025-10-27,110372,1,4,0,89.0
10109872GOMESP_2025-10-27_G34,10109872GOMESP,2025-10-27,141823,1,12,0,727.0
10109872GOMESP_2025-10-27_G35,10109872GOMESP,2025-10-27,109640,1,2,0,101.0
10109872GOMESP_2025-10-27_G36,10109872GOMESP,2025-10-27,110325,1,4,0,81.0
10109872GOMESP_2025-10-27_G37,10109872GOMESP,2025-10-27,111466,1,2,0,125.0
10109872GOMESP_2025-10-28_G02,10109872GOMESP,2025-10-28,111569,1,2,0,99.0
10109872GOMESP_2025-10-28_G03,10109872GOMESP,2025-10-28,117856,2,4,5,135.0
10109872GOMESP_2025-10-28_G04,10109872GOMESP,2025-10-28,111530,1,4,0,108.0
10109872GOMESP_2025-10-28_G05,10109872GOMESP,2025-10-28,109640,1,4,0,110.0
10109872GOMESP_2025-10-28_G06,10109872GOMESP,2025-10-28,111602,3,8,8,102.0
10109872GOMESP_2025-10-28_G07,10109872GOMESP,2025-10-28,118306,1,2,0,293.0
10109872GOMESP_2025-10-28_G08,10109872GOMESP,2025-10-28,110755,1,6,0,136.0
10109872GOMESP_2025-10-28_G09,10109872GOMESP,2025-10-28,110313,1,6,0,107.0
10109872GOMESP_2025-10-28_G10,10109872GOMESP,2025-10-28,117856,1,4,0,49.0
10109872GOMESP_2025-10-28_G11,10109872GOMESP,2025-10-28,110741,1,3,0,278.0
10109872GOMESP_2025-10-28_G12,10109872GOMESP,2025-10-28,111467,1,3,0,118.0
10109872GOMESP_2025-10-28_G13,10109872GOMESP,2025-10-28,109640,1,2,0,89.0
10109872GOMESP_2025-10-28_G14,10109872GOMESP,2025-10-28,118140,1,13,0,223.0
10109872GOMESP_2025-10-28_G15,10109872GOMESP,2025-10-28,117831,1,2,0,33.0
10109872GOMESP_2025-10-28_G16,10109872GOMESP,2025-10-28,117785,1,3,0,125.0
10109872GOMESP_2025-10-28_G17,10109872GOMESP,2025-10-28,141458,1,3,0,94.0
10109872GOMESP_2025-10-28_G18,10109872GOMESP,2025-10-28,111465,1,3,0,41.0
10109872GOMESP_2025-10-28_G19,10109872GOMESP,2025-10-28,110374,2,9,5,78.0
10109872GOMESP_2025-10-28_G20,10109872GOMESP,2025-10-28,110373,1,4,0,135.0
10109872GOMESP_2025-10-28_G21,10109872GOMESP,2025-10-28,117832,1,3,0,42.0
10109872GOMESP_2025-10-28_G22,10109872GOMESP,2025-10-28,117820,1,8,0,328.0
10109872GOMESP_2025-10-28_G23,10109872GOMESP,2025-10-28,140922,1,10,0,195.0
10109872GOMESP_2025-10-28_G24,10109872GOMESP,2025-10-28,111439,1,8,0,116.0
10109872GOMESP_2025-10-28_G25,10109872GOMESP,2025-10-28,117787,1,8,0,917.0
10109872GOMESP_2025-10-28_G26,10109872GOMESP,2025-10-28,110373,1,100,0,158.0
10109872GOMESP_2025-10-28_G27,10109872GOMESP,2025-10-28,117832,1,20,0,312.0
10109872GOMESP_2025-10-28_G28,10109872GOMESP,2025-10-28,110372,1,100,0,139.0
10109872GOMESP_2025-10-28_G29,10109872GOMESP,2025-10-28,110376,1,12,0,729.0
10109872GOMESP_2025-10-28_G30,10109872GOMESP,2025-10-28,110371,1,100,0,248.0
10109872GOMESP_2025-10-28_G31,10109872GOMESP,2025-10-28,117808,1,164,0,213.0
10109872GOMESP_2025-10-28_G32,10109872GOMESP,2025-10-28,118299,1,100,0,860.0
10109872GOMESP_2025-10-28_G33,10109872GOMESP,2025-10-28,111418,1,91,0,668.0
10109872GOMESP_2025-10-28_G34,10109872GOMESP,2025-10-28,111330,1,5,0,1259.0
10109872GOMESP_2025-10-28_G35,10109872GOMESP,2025-10-28,117856,1,6,0,273.0
10109872GOMESP_2025-10-28_G36,10109872GOMESP,2025-10-28,109640,1,4,0,322.0
10109872GOMESP_2025-10-28_G37,10109872GOMESP,2025-10-28,111418,1,19,0,451.0
10109872GOMESP_2025-10-28_G38,10109872GOMESP,2025-10-28,111602,1,4,0,146.0
10109872GOMESP_2025-10-28_G39,10109872GOMESP,2025-10-28,118299,2,687,13,47.0
10109872GOMESP_2025-10-28_G40,10109872GOMESP,2025-10-28,111330,1,7,0,1687.0
10109872GOMESP_2025-10-28_G41,10109872GOMESP,2025-10-28,108794,1,50,0,535.0
10109872GOMESP_2025-10-28_G42,10109872GOMESP,2025-10-28,109974,1,1,0,358.0
10109872GOMESP_2025-10-28_G43,10109872GOMESP,2025-10-28,111110,1,5,0,270.0
10109872GOMESP_2025-10-28_G44,10109872GOMESP,2025-10-28,110813,1,2,0,205.0
10109872GOMESP_2025-10-28_G45,10109872GOMESP,2025-10-28,118224,1,6,0,1460.0
10109872GOMESP_2025-10-28_G46,10109872GOMESP,2025-10-28,111438,1,123,0,667.0
10109872GOMESP_2025-10-28_G47,10109872GOMESP,2025-10-28,141456,1,200,0,967.0
10109872GOMESP_2025-10-28_G48,10109872GOMESP,2025-10-28,111743,1,40,0,643.0
10109872GOMESP_2025-10-28_G49,10109872GOMESP,2025-10-28,108795,1,10,0,622.0
10109872GOMESP_2025-10-28_G50,10109872GOMESP,2025-10-28,111431,1,40,0,55.0
10109872GOMESP_2025-10-28_G51,10109872GOMESP,2025-10-28,107830,1,34,0,522.0
10109872GOMESP_2025-10-28_G52,10109872GOMESP,2025-10-28,110373,1,100,0,540.0
10109872GOMESP_2025-10-28_G53,10109872GOMESP,2025-10-28,110375,1,150,0,144.0
10109872GOMESP_2025-10-28_G54,10109872GOMESP,2025-10-28,110376,1,73,0,190.0
10109872GOMESP_2025-10-28_G55,10109872GOMESP,2025-10-28,110371,1,15,0,130.0
10109872GOMESP_2025-10-28_G57,10109872GOMESP,2025-10-28,111433,1,4,0,70.0
10109872GOMESP_2025-10-28_G58,10109872GOMESP,2025-10-28,111463,2,40,5,162.0
10109872GOMESP_2025-10-28_G59,10109872GOMESP,2025-10-28,110751,3,12,10,95.0
10109872GOMESP_2025-10-28_G60,10109872GOMESP,2025-10-28,111418,1,30,0,301.0
10109872GOMESP_2025-10-28_G61,10109872GOMESP,2025-10-28,110740,1,10,0,381.0
10109872GOMESP_2025-10-28_G62,10109872GOMESP,2025-10-28,140922,1,10,0,94.0
10109872GOMESP_2025-10-28_G63,10109872GOMESP,2025-10-28,160055,1,2,0,51.0
10109872GOMESP_2025-10-28_G64,10109872GOMESP,2025-10-28,111469,1,10,0,71.0
10109872GOMESP_2025-10-28_G65,10109872GOMESP,2025-10-28,118317,1,10,0,125.0
10109872GOMESP_2025-10-28_G66,10109872GOMESP,2025-10-28,108794,1,10,0,463.0
10109872GOMESP_2025-10-28_G67,10109872GOMESP,2025-10-28,115817,1,1,0,47.0
10109872GOMESP_2025-10-28_G68,10109872GOMESP,2025-10-28,117785,1,10,0,114.0
10109872GOMESP_2025-10-28_G69,10109872GOMESP,2025-10-28,111442,1,10,0,254.0
10109872GOMESP_2025-10-28_G70,10109872GOMESP,2025-10-28,111462,1,10,0,97.0
10109872GOMESP_2025-10-28_G71,10109872GOMESP,2025-10-28,117821,2,15,5,64.0
10109872GOMESP_2025-10-28_G72,10109872GOMESP,2025-10-28,141458,2,30,9,162.0
10109872GOMESP_2025-10-28_G73,10109872GOMESP,2025-10-28,107236,1,5,0,268.0
10109872GOMESP_2025-10-28_G74,10109872GOMESP,2025-10-28,111465,1,10,0,66.0
10109872GOMESP_2025-10-29_G02,10109872GOMESP,2025-10-29,111876,1,4,0,81.0
10109872GOMESP_2025-10-29_G03,10109872GOMESP,2025-10-29,111650,1,2,0,96.0
10109872GOMESP_2025-10-29_G04,10109872GOMESP,2025-10-29,108772,1,4,0,142.0
10109872GOMESP_2025-10-29_G05,10109872GOMESP,2025-10-29,111602,1,72,0,580.0
10109872GOMESP_2025-10-29_G06,10109872GOMESP,2025-10-29,110740,1,40,0,349.0
10109872GOMESP_2025-10-29_G07,10109872GOMESP,2025-10-29,141457,1,70,0,548.0
10109872GOMESP_2025-10-29_G08,10109872GOMESP,2025-10-29,111532,1,7,0,320.0
10109872GOMESP_2025-10-29_G09,10109872GOMESP,2025-10-29,111465,1,6,0,155.0
10109872GOMESP_2025-10-29_G10,10109872GOMESP,2025-10-29,118299,1,424,0,704.0
10109872GOMESP_2025-10-29_G11,10109872GOMESP,2025-10-29,111330,1,30,0,186.0
10109872GOMESP_2025-10-29_G12,10109872GOMESP,2025-10-29,111418,1,241,0,1159.0
10109872GOMESP_2025-10-29_G13,10109872GOMESP,2025-10-29,"141823, 111532",2,7,18,366.0
10109872GOMESP_2025-10-29_G14,10109872GOMESP,2025-10-29,111441,1,4,0,1809.0
10109872GOMESP_2025-10-29_G15,10109872GOMESP,2025-10-29,111532,1,40,0,377.0
10109872GOMESP_2025-10-29_G16,10109872GOMESP,2025-10-29,110895,1,26,0,807.0
10109872GOMESP_2025-10-29_G17,10109872GOMESP,2025-10-29,118277,1,16,0,831.0
10109872GOMESP_2025-10-29_G18,10109872GOMESP,2025-10-29,101228,1,5,0,396.0
10109872GOMESP_2025-10-29_G19,10109872GOMESP,2025-10-29,111763,1,3,0,210.0
10109872GOMESP_2025-10-29_G20,10109872GOMESP,2025-10-29,118201,1,6,0,173.0
10109872GOMESP_2025-10-29_G21,10109872GOMESP,2025-10-29,118196,1,2,0,128.0
10109872GOMESP_2025-10-29_G22,10109872GOMESP,2025-10-29,110092,1,3,0,436.0
10109872GOMESP_2025-10-29_G23,10109872GOMESP,2025-10-29,110581,1,2,0,219.0
10109872GOMESP_2025-10-29_G24,10109872GOMESP,2025-10-29,111650,1,2,0,48.0
10109872GOMESP_2025-10-29_G25,10109872GOMESP,2025-10-29,108961,1,2,0,82.0
10109872GOMESP_2025-10-29_G26,10109872GOMESP,2025-10-29,105470,1,3,0,44.0
10109872GOMESP_2025-10-29_G27,10109872GOMESP,2025-10-29,110063,1,9,0,115.0
10109872GOMESP_2025-10-29_G28,10109872GOMESP,2025-10-29,110092,1,4,0,206.0
10109872GOMESP_2025-10-29_G29,10109872GOMESP,2025-10-29,110446,2,18,8,409.0
10109872GOMESP_2025-10-29_G30,10109872GOMESP,2025-10-29,104534,2,8,4,268.0
10109872GOMESP_2025-10-29_G31,10109872GOMESP,2025-10-29,140957,1,4,0,647.0
10109872GOMESP_2025-10-29_G32,10109872GOMESP,2025-10-29,110581,1,5,0,132.0
10109872GOMESP_2025-10-29_G33,10109872GOMESP,2025-10-29,111354,1,6,0,403.0
10109872GOMESP_2025-10-29_G34,10109872GOMESP,2025-10-29,102851,1,2,0,79.0
10109872GOMESP_2025-10-29_G35,10109872GOMESP,2025-10-29,106179,1,7,0,380.0
10109872GOMESP_2025-10-29_G36,10109872GOMESP,2025-10-29,110471,1,2,0,174.0
10109872GOMESP_2025-10-29_G37,10109872GOMESP,2025-10-29,109505,1,3,0,227.0
10109872GOMESP_2025-10-29_G38,10109872GOMESP,2025-10-29,107904,1,2,0,272.0
10109872GOMESP_2025-10-29_G39,10109872GOMESP,2025-10-29,110816,1,2,0,147.0
10109872GOMESP_2025-10-29_G40,10109872GOMESP,2025-10-29,111113,1,4,0,293.0
10109872GOMESP_2025-10-29_G41,10109872GOMESP,2025-10-29,110500,1,2,0,417.0
10109872GOMESP_2025-10-29_G42,10109872GOMESP,2025-10-29,118169,1,2,0,563.0
10109872GOMESP_2025-10-29_G43,10109872GOMESP,2025-10-29,110500,1,7,0,34.0
10109872GOMESP_2025-10-29_G44,10109872GOMESP,2025-10-29,111832,1,7,0,100.0
10109872GOMESP_2025-10-29_G45,10109872GOMESP,2025-10-29,107254,1,2,0,45.0
10109872GOMESP_2025-10-29_G46,10109872GOMESP,2025-10-29,118251,1,10,0,313.0
10109872GOMESP_2025-10-29_G47,10109872GOMESP,2025-10-29,108411,1,8,0,111.0
10109872GOMESP_2025-10-29_G48,10109872GOMESP,2025-10-29,"110682, 110112",2,12,19,297.0
10109872GOMESP_2025-10-29_G49,10109872GOMESP,2025-10-29,109873,1,5,0,91.0
10109872GOMESP_2025-10-29_G50,10109872GOMESP,2025-10-29,103360,1,6,0,310.0
10109872GOMESP_2025-10-29_G51,10109872GOMESP,2025-10-29,116527,1,6,0,222.0
10109872GOMESP_2025-10-29_G52,10109872GOMESP,2025-10-29,111861,1,9,0,108.0
10109872GOMESP_2025-10-29_G53,10109872GOMESP,2025-10-29,107604,1,2,0,75.0
10109872GOMESP_2025-10-29_G54,10109872GOMESP,2025-10-29,111615,1,2,0,69.0
10109872GOMESP_2025-10-29_G55,10109872GOMESP,2025-10-29,105359,1,4,0,224.0
10109872GOMESP_2025-10-29_G56,10109872GOMESP,2025-10-29,111090,1,9,0,148.0
10109872GOMESP_2025-10-29_G58,10109872GOMESP,2025-10-29,116613,1,8,0,101.0
10109872GOMESP_2025-10-29_G59,10109872GOMESP,2025-10-29,111851,1,5,0,618.0
10109872GOMESP_2025-10-29_G60,10109872GOMESP,2025-10-29,118197,1,6,0,276.0
10109872GOMESP_2025-10-29_G61,10109872GOMESP,2025-10-29,105272,1,4,0,175.0
10109872GOMESP_2025-10-29_G62,10109872GOMESP,2025-10-29,110582,1,9,0,145.0
10109872GOMESP_2025-10-29_G63,10109872GOMESP,2025-10-29,140911,1,12,0,303.0
10109872GOMESP_2025-10-29_G64,10109872GOMESP,2025-10-29,109384,1,2,0,110.0
10109872GOMESP_2025-10-29_G65,10109872GOMESP,2025-10-29,118229,2,9,6,60.0
10109872GOMESP_2025-10-29_G66,10109872GOMESP,2025-10-29,110310,1,5,0,216.0
10109872GOMESP_2025-10-29_G67,10109872GOMESP,2025-10-29,141249,1,3,0,53.0
10109872GOMESP_2025-10-29_G68,10109872GOMESP,2025-10-29,109872,1,2,0,132.0
10109872GOMESP_2025-10-29_G69,10109872GOMESP,2025-10-29,110817,1,2,0,49.0
10109872GOMESP_2025-10-29_G70,10109872GOMESP,2025-10-29,111316,1,6,0,57.0
10109872GOMESP_2025-10-29_G71,10109872GOMESP,2025-10-29,109471,2,5,6,40.0
10109872GOMESP_2025-10-29_G72,10109872GOMESP,2025-10-29,141369,2,5,5,502.0
10109872GOMESP_2025-10-29_G73,10109872GOMESP,2025-10-29,111902,1,6,0,263.0
10109872GOMESP_2025-10-29_G74,10109872GOMESP,2025-10-29,105167,1,2,0,50.0
10109872GOMESP_2025-10-29_G75,10109872GOMESP,2025-10-29,110834,1,4,0,96.0
10109872GOMESP_2025-10-29_G76,10109872GOMESP,2025-10-29,111778,1,6,0,481.0
10109872GOMESP_2025-10-29_G77,10109872GOMESP,2025-10-29,111354,1,3,0,175.0
10109872GOMESP_2025-10-29_G78,10109872GOMESP,2025-10-29,110484,1,2,0,247.0
10109872GOMESP_2025-10-29_G79,10109872GOMESP,2025-10-29,118218,1,6,0,158.0
10109872GOMESP_2025-10-29_G80,10109872GOMESP,2025-10-29,111110,2,7,8,448.0
10109872GOMESP_2025-10-29_G81,10109872GOMESP,2025-10-29,111778,1,2,0,480.0
10109872GOMESP_2025-10-29_G82,10109872GOMESP,2025-10-29,106922,1,3,0,143.0
10109872GOMESP_2025-10-29_G83,10109872GOMESP,2025-10-29,110289,1,8,0,145.0
10109872GOMESP_2025-10-29_G84,10109872GOMESP,2025-10-29,109976,1,8,0,457.0
10109872GOMESP_2025-10-30_G02,10109872GOMESP,2025-10-30,117856,1,4,0,47.0
10109872GOMESP_2025-10-30_G03,10109872GOMESP,2025-10-30,"118094, 140923",2,9,23,34.0
10109872GOMESP_2025-10-30_G04,10109872GOMESP,2025-10-30,105705,1,4,0,124.0
10109872GOMESP_2025-10-30_G05,10109872GOMESP,2025-10-30,111418,1,9,0,120.0
10109872GOMESP_2025-10-30_G06,10109872GOMESP,2025-10-30,111469,1,2,0,59.0
10109872GOMESP_2025-10-30_G07,10109872GOMESP,2025-10-30,117821,1,2,0,71.0
10109872GOMESP_2025-10-30_G08,10109872GOMESP,2025-10-30,141458,1,2,0,109.0
10109872GOMESP_2025-10-30_G09,10109872GOMESP,2025-10-30,107830,1,4,0,243.0
10109872GOMESP_2025-10-30_G10,10109872GOMESP,2025-10-30,110372,1,8,0,389.0
10109872GOMESP_2025-10-30_G11,10109872GOMESP,2025-10-30,117822,1,2,0,116.0
10109872GOMESP_2025-10-30_G13,10109872GOMESP,2025-10-30,111469,2,10,6,743.0
10109872GOMESP_2025-10-30_G14,10109872GOMESP,2025-10-30,111462,1,2,0,377.0
10109872GOMESP_2025-10-30_G15,10109872GOMESP,2025-10-30,117830,1,2,0,106.0
10109872GOMESP_2025-10-30_G16,10109872GOMESP,2025-10-30,111469,1,31,0,155.0
10109872GOMESP_2025-10-30_G17,10109872GOMESP,2025-10-30,111532,1,4,0,422.0
10109872GOMESP_2025-10-30_G18,10109872GOMESP,2025-10-30,110372,1,5,0,348.0
10109872GOMESP_2025-10-30_G19,10109872GOMESP,2025-10-30,108798,1,5,0,160.0
10109872GOMESP_2025-10-30_G20,10109872GOMESP,2025-10-30,118094,1,10,0,142.0
10109872GOMESP_2025-10-30_G21,10109872GOMESP,2025-10-30,111442,1,6,0,159.0
10109872GOMESP_2025-10-30_G22,10109872GOMESP,2025-10-30,117830,1,4,0,227.0
10109872GOMESP_2025-10-30_G23,10109872GOMESP,2025-10-30,111469,1,9,0,89.0
10109872GOMESP_2025-10-30_G24,10109872GOMESP,2025-10-30,140923,1,4,0,975.0
10109872GOMESP_2025-10-30_G25,10109872GOMESP,2025-10-30,111532,1,1,0,60.0
10109872GOMESP_2025-10-30_G26,10109872GOMESP,2025-10-30,117808,1,89,0,430.0
10109872GOMESP_2025-10-30_G27,10109872GOMESP,2025-10-30,110372,1,100,0,581.0
10109872GOMESP_2025-10-30_G28,10109872GOMESP,2025-10-30,111469,1,8,0,486.0
10109872GOMESP_2025-10-30_G29,10109872GOMESP,2025-10-30,141916,1,8,0,622.0
10109872GOMESP_2025-10-30_G30,10109872GOMESP,2025-10-30,117830,1,38,0,330.0
10109872GOMESP_2025-10-30_G31,10109872GOMESP,2025-10-30,111469,1,57,0,509.0
10109872GOMESP_2025-10-30_G32,10109872GOMESP,2025-10-30,109649,1,4,0,203.0
10109872GOMESP_2025-10-30_G33,10109872GOMESP,2025-10-30,111462,1,26,0,381.0
10109872GOMESP_2025-10-30_G34,10109872GOMESP,2025-10-30,111469,1,4,0,68.0
10109872GOMESP_2025-10-30_G35,10109872GOMESP,2025-10-30,110374,1,2,0,883.0
10109872GOMESP_2025-10-30_G36,10109872GOMESP,2025-10-30,140923,1,4,0,68.0
10109872GOMESP_2025-10-30_G37,10109872GOMESP,2025-10-30,111469,1,8,0,104.0
10109872GOMESP_2025-10-30_G38,10109872GOMESP,2025-10-30,110374,1,6,0,116.0
10109872GOMESP_2025-10-30_G39,10109872GOMESP,2025-10-30,111443,1,2,0,120.0
10109872GOMESP_2025-10-30_G40,10109872GOMESP,2025-10-30,111469,1,7,0,79.0
10109872GOMESP_2025-10-30_G42,10109872GOMESP,2025-10-30,118306,1,6,0,83.0
10109872GOMESP_2025-10-30_G43,10109872GOMESP,2025-10-30,110746,1,2,0,53.0
10109872GOMESP_2025-10-30_G44,10109872GOMESP,2025-10-30,111660,1,17,0,117.0
10109872GOMESP_2025-10-30_G45,10109872GOMESP,2025-10-30,107892,1,8,0,230.0
10109872GOMESP_2025-10-30_G46,10109872GOMESP,2025-10-30,110754,1,5,0,758.0
10109872GOMESP_2025-10-30_G47,10109872GOMESP,2025-10-30,110753,1,20,0,738.0
10109872GOMESP_2025-10-30_G48,10109872GOMESP,2025-10-30,117862,1,42,0,382.0
10109872GOMESP_2025-10-30_G49,10109872GOMESP,2025-10-30,117786,1,18,0,131.0
10109872GOMESP_2025-10-30_G50,10109872GOMESP,2025-10-30,110711,1,12,0,263.0
10109872GOMESP_2025-10-30_G51,10109872GOMESP,2025-10-30,108772,1,4,0,118.0
10109872GOMESP_2025-10-30_G52,10109872GOMESP,2025-10-30,110752,1,8,0,264.0
10109872GOMESP_2025-10-30_G53,10109872GOMESP,2025-10-30,109640,1,5,0,121.0
10109872GOMESP_2025-10-30_G54,10109872GOMESP,2025-10-30,111446,1,90,0,995.0
10109872GOMESP_2025-10-30_G55,10109872GOMESP,2025-10-30,111172,1,6,0,283.0
10109872GOMESP_2025-10-30_G56,10109872GOMESP,2025-10-30,110748,1,9,0,120.0
10109872GOMESP_2025-10-30_G57,10109872GOMESP,2025-10-30,118140,1,192,0,298.0
10109872GOMESP_2025-10-30_G58,10109872GOMESP,2025-10-30,117831,1,10,0,521.0
10109872GOMESP_2025-10-30_G59,10109872GOMESP,2025-10-30,141823,1,4,0,354.0
10109872GOMESP_2025-10-30_G60,10109872GOMESP,2025-10-30,111348,1,32,0,40.0
10109872GOMESP_2025-10-30_G61,10109872GOMESP,2025-10-30,141457,1,96,0,236.0
10109872GOMESP_2025-10-30_G62,10109872GOMESP,2025-10-30,118317,1,40,0,264.0
10109872GOMESP_2025-10-30_G63,10109872GOMESP,2025-10-30,141456,1,96,0,209.0
10109872GOMESP_2025-10-30_G64,10109872GOMESP,2025-10-30,111465,1,2,0,378.0
10109872GOMESP_2025-10-30_G65,10109872GOMESP,2025-10-30,118317,1,30,0,83.0
10109872GOMESP_2025-10-31_G02,10109872GOMESP,2025-10-31,111532,1,6,0,398.0
10109872GOMESP_2025-10-31_G03,10109872GOMESP,2025-10-31,111462,1,4,0,78.0
10109872GOMESP_2025-10-31_G04,10109872GOMESP,2025-10-31,111441,2,12,13,221.0
10109872GOMESP_2025-10-31_G05,10109872GOMESP,2025-10-31,111441,2,10,20,250.0
10109872GOMESP_2025-10-31_G06,10109872GOMESP,2025-10-31,111532,2,16,6,249.0
10109872GOMESP_2025-10-31_G07,10109872GOMESP,2025-10-31,141047,1,8,0,201.0
10109872GOMESP_2025-10-31_G08,10109872GOMESP,2025-10-31,111441,1,8,0,431.0
10109872GOMESP_2025-10-31_G09,10109872GOMESP,2025-10-31,110895,1,16,0,415.0
10109872GOMESP_2025-10-31_G10,10109872GOMESP,2025-10-31,110374,1,6,0,97.0
10109872GOMESP_2025-10-31_G11,10109872GOMESP,2025-10-31,111441,1,3,0,252.0
10109872GOMESP_2025-10-31_G12,10109872GOMESP,2025-10-31,141916,1,4,0,162.0
10109872GOMESP_2025-10-31_G13,10109872GOMESP,2025-10-31,110895,1,2,0,105.0
10109872GOMESP_2025-10-31_G14,10109872GOMESP,2025-10-31,109645,1,4,0,123.0
10109872GOMESP_2025-10-31_G15,10109872GOMESP,2025-10-31,110374,1,3,0,51.0
10109872GOMESP_2025-10-31_G16,10109872GOMESP,2025-10-31,140923,1,3,0,178.0
10109872GOMESP_2025-10-31_G17,10109872GOMESP,2025-10-31,141916,1,4,0,105.0
10109872GOMESP_2025-10-31_G18,10109872GOMESP,2025-10-31,141140,2,18,12,348.0
10109872GOMESP_2025-10-31_G19,10109872GOMESP,2025-10-31,141155,2,10,5,142.0
10109872GOMESP_2025-10-31_G20,10109872GOMESP,2025-10-31,141141,2,14,8,118.0
10109872GOMESP_2025-10-31_G21,10109872GOMESP,2025-10-31,111742,2,14,27,326.0
10109872GOMESP_2025-10-31_G22,10109872GOMESP,2025-10-31,141262,2,28,7,255.0
10109872GOMESP_2025-10-31_G23,10109872GOMESP,2025-10-31,111634,2,22,9,230.0
10109872GOMESP_2025-10-31_G24,10109872GOMESP,2025-10-31,118191,1,48,0,950.0
10109872GOMESP_2025-10-31_G25,10109872GOMESP,2025-10-31,141261,2,28,7,421.0
10109872GOMESP_2025-10-31_G26,10109872GOMESP,2025-10-31,111722,1,20,0,212.0
10109872GOMESP_2025-10-31_G27,10109872GOMESP,2025-10-31,111751,1,4,0,190.0
10109872GOMESP_2025-10-31_G28,10109872GOMESP,2025-10-31,111751,1,16,0,220.0
10109872GOMESP_2025-10-31_G29,10109872GOMESP,2025-10-31,111602,1,24,0,183.0
10109872GOMESP_2025-10-31_G30,10109872GOMESP,2025-10-31,111876,1,1,0,1151.0
10109872GOMESP_2025-10-31_G31,10109872GOMESP,2025-10-31,111530,1,5,0,131.0
10109872GOMESP_2025-10-31_G32,10109872GOMESP,2025-10-31,110753,1,2,0,37.0
10109872GOMESP_2025-10-31_G33,10109872GOMESP,2025-10-31,109645,1,4,0,295.0
10109872GOMESP_2025-10-31_G34,10109872GOMESP,2025-10-31,117831,1,6,0,99.0
10109872GOMESP_2025-10-31_G35,10109872GOMESP,2025-10-31,118317,1,1,0,52.0
10109872GOMESP_2025-10-31_G36,10109872GOMESP,2025-10-31,111462,1,4,0,130.0
10109872GOMESP_2025-10-31_G37,10109872GOMESP,2025-10-31,111532,1,1,0,60.0
10109872GOMESP_2025-10-31_G38,10109872GOMESP,2025-10-31,117808,2,18,4,127.0
10109872GOMESP_2025-10-31_G39,10109872GOMESP,2025-10-31,110372,1,2,0,61.0
10109872GOMESP_2025-10-31_G40,10109872GOMESP,2025-10-31,118299,1,8,0,58.0
10109872GOMESP_2025-10-31_G41,10109872GOMESP,2025-10-31,110371,1,4,0,128.0
10109872GOMESP_2025-10-31_G42,10109872GOMESP,2025-10-31,108795,1,10,0,457.0
10109872GOMESP_2025-10-31_G43,10109872GOMESP,2025-10-31,110740,1,10,0,85.0
10109872GOMESP_2025-10-31_G44,10109872GOMESP,2025-10-31,140922,1,10,0,88.0
10109872GOMESP_2025-10-31_G45,10109872GOMESP,2025-10-31,141456,1,20,0,592.0
10109872GOMESP_2025-10-31_G46,10109872GOMESP,2025-10-31,108711,1,10,0,115.0
10109872GOMESP_2025-10-31_G47,10109872GOMESP,2025-10-31,117856,1,10,0,509.0
10109872GOMESP_2025-10-31_G48,10109872GOMESP,2025-10-31,117837,1,20,0,244.0
10109872GOMESP_2025-10-31_G49,10109872GOMESP,2025-10-31,141047,1,10,0,147.0
10109872GOMESP_2025-10-31_G50,10109872GOMESP,2025-10-31,110374,1,10,0,135.0
10109872GOMESP_2025-10-31_G51,10109872GOMESP,2025-10-31,110373,1,30,0,189.0
10109872GOMESP_2025-10-31_G52,10109872GOMESP,2025-10-31,118306,1,4,0,506.0
10109872GOMESP_2025-10-31_G53,10109872GOMESP,2025-10-31,117834,1,2,0,86.0
10109872GOMESP_2025-10-31_G54,10109872GOMESP,2025-10-31,110747,1,2,0,81.0
10109872GOMESP_2025-10-31_G55,10109872GOMESP,2025-10-31,110895,1,7,0,133.0
10109872GOMESP_2025-10-31_G56,10109872GOMESP,2025-10-31,117856,1,2,0,73.0
10109872GOMESP_2025-10-31_G57,10109872GOMESP,2025-10-31,111530,1,9,0,157.0
10109872GOMESP_2025-10-31_G58,10109872GOMESP,2025-10-31,109640,1,2,0,89.0
10109872GOMESP_2025-10-31_G59,10109872GOMESP,2025-10-31,140923,1,4,0,81.0
10109872GOMESP_2025-10-31_G60,10109872GOMESP,2025-10-31,111172,2,3,7,109.0
10109872GOMESP_2025-10-31_G61,10109872GOMESP,2025-10-31,111418,1,2,0,93.0
10109872GOMESP_2025-10-31_G62,10109872GOMESP,2025-10-31,118140,1,1,0,82.0
10109872GOMESP_2025-10-31_G63,10109872GOMESP,2025-10-31,110787,1,2,0,74.0
10109872GOMESP_2025-10-31_G64,10109872GOMESP,2025-10-31,111469,1,6,0,74.0
10109872GOMESP_2025-10-31_G65,10109872GOMESP,2025-10-31,109649,1,2,0,71.0
10109872GOMESP_2025-10-31_G66,10109872GOMESP,2025-10-31,111462,1,2,0,76.0
10109872GOMESP_2025-10-31_G67,10109872GOMESP,2025-10-31,117830,1,1,0,80.0
10109872GOMESP_2025-10-31_G68,10109872GOMESP,2025-10-31,110372,2,6,5,122.0
10109872GOMESP_2025-10-31_G69,10109872GOMESP,2025-10-31,118299,2,9,10,48.0
10109872GOMESP_2025-10-31_G70,10109872GOMESP,2025-10-31,117808,3,14,11,85.0
10109872GOMESP_2025-10-31_G71,10109872GOMESP,2025-10-31,110371,1,2,0,132.0
10109872GOMESP_2025-10-31_G72,10109872GOMESP,2025-10-31,"110313, 110895",2,5,28,544.0
10109872GOMESP_2025-10-31_G73,10109872GOMESP,2025-10-31,110895,1,4,0,49.0
10109872GOMESP_2025-10-31_G74,10109872GOMESP,2025-10-31,110313,1,6,0,53.0
10109872GOMESP_2025-10-31_G75,10109872GOMESP,2025-10-31,110895,1,5,0,165.0
10109872GOMESP_2025-10-31_G76,10109872GOMESP,2025-10-31,109645,1,2,0,127.0
10109872GOMESP_2025-10-31_G77,10109872GOMESP,2025-10-31,117862,1,2,0,105.0
10109872GOMESP_2025-10-31_G78,10109872GOMESP,2025-10-31,140923,1,2,0,68.0
10109872GOMESP_2025-10-31_G79,10109872GOMESP,2025-10-31,118140,1,2,0,61.0
10109872GOMESP_2025-10-31_G80,10109872GOMESP,2025-10-31,110787,1,4,0,173.0
10109872GOMESP_2025-10-31_G81,10109872GOMESP,2025-10-31,111462,1,4,0,108.0
10109872GOMESP_2025-10-31_G82,10109872GOMESP,2025-10-31,118299,1,3,0,103.0
10109872GOMESP_2025-10-31_G83,10109872GOMESP,2025-10-31,117808,2,8,5,41.0
10109872GOMESP_2025-10-31_G84,10109872GOMESP,2025-10-31,141202,1,3,0,156.0
10109872GOMESP_2025-10-31_G86,10109872GOMESP,2025-10-31,110313,1,8,0,61.0
10109872GOMESP_2025-10-31_G87,10109872GOMESP,2025-10-31,110313,1,4,0,39.0
10109872GOMESP_2025-10-31_G88,10109872GOMESP,2025-10-31,"117856, 118094",2,3,30,351.0
10109872GOMESP_2025-10-31_G89,10109872GOMESP,2025-10-31,111530,1,2,0,95.0
10109872GOMESP_2025-10-31_G90,10109872GOMESP,2025-10-31,110733,1,2,0,93.0
10109872GOMESP_2025-10-31_G91,10109872GOMESP,2025-10-31,117786,1,8,0,141.0
10109872GOMESP_2025-10-31_G92,10109872GOMESP,2025-10-31,109640,1,2,0,183.0
10109872GOMESP_2025-10-31_G93,10109872GOMESP,2025-10-31,111602,1,4,0,125.0
10109872GOMESP_2025-10-31_G94,10109872GOMESP,2025-10-31,117820,1,20,0,417.0
10109872GOMESP_2025-10-31_G95,10109872GOMESP,2025-10-31,140922,1,1,0,873.0
10109872GOMESP_2025-10-31_G96,10109872GOMESP,2025-10-31,110787,1,3,0,82.0
10109872GOMESP_2025-10-31_G97,10109872GOMESP,2025-10-31,108798,1,2,0,51.0
10109872GOMESP_2025-10-31_G98,10109872GOMESP,2025-10-31,111469,1,1,0,42.0
10109872GOMESP_2025-10-31_G99,10109872GOMESP,2025-10-31,111466,1,10,0,119.0
10109872GOMESP_2025-10-31_G100,10109872GOMESP,2025-10-31,108711,1,4,0,98.0
10109872GOMESP_2025-10-31_G101,10109872GOMESP,2025-10-31,111532,1,2,0,206.0
10109872GOMESP_2025-10-31_G102,10109872GOMESP,2025-10-31,111465,1,2,0,47.0
10109872GOMESP_2025-10-31_G103,10109872GOMESP,2025-10-31,111468,1,8,0,252.0
10109872GOMESP_2025-10-31_G104,10109872GOMESP,2025-10-31,110740,1,2,0,133.0
10109872GOMESP_2025-10-31_G105,10109872GOMESP,2025-10-31,117820,1,21,0,1081.0
10109872GOMESP_2025-10-31_G106,10109872GOMESP,2025-10-31,118299,2,114,8,89.0
10109872GOMESP_2025-10-31_G107,10109872GOMESP,2025-10-31,"117822, 110371",2,18,7,391.0
10109872GOMESP_2025-10-31_G108,10109872GOMESP,2025-10-31,118140,1,2,0,101.0
10109872GOMESP_2025-10-31_G109,10109872GOMESP,2025-10-31,141823,1,4,0,81.0
10109872GOMESP_2025-10-31_G110,10109872GOMESP,2025-10-31,111743,1,3,0,69.0
10109872GOMESP_2025-10-31_G111,10109872GOMESP,2025-10-31,141457,2,24,5,120.0
10109872GOMESP_2025-10-31_G112,10109872GOMESP,2025-10-31,141457,1,2,0,138.0
10109872GOMESP_2025-10-31_G113,10109872GOMESP,2025-10-31,141456,1,20,0,237.0
10109872GOMESP_2025-10-31_G114,10109872GOMESP,2025-10-31,111466,1,10,0,79.0
10109872GOMESP_2025-10-31_G115,10109872GOMESP,2025-10-31,111532,6,12,29,106.0
10109872GOMESP_2025-10-31_G116,10109872GOMESP,2025-10-31,109645,2,10,9,218.0
10109872GOMESP_2025-11-06_G02,10109872GOMESP,2025-11-06,140923,1,4,0,1684.0
10109872GOMESP_2025-11-06_G03,10109872GOMESP,2025-11-06,107629,1,4,0,96.0
10109872GOMESP_2025-11-06_G04,10109872GOMESP,2025-11-06,117809,1,4,0,112.0
10109872GOMESP_2025-11-06_G05,10109872GOMESP,2025-11-06,110372,1,6,0,139.0
10109872GOMESP_2025-11-06_G06,10109872GOMESP,2025-11-06,118299,1,20,0,187.0
10109872GOMESP_2025-11-06_G07,10109872GOMESP,2025-11-06,110129,1,6,0,175.0
10109872GOMESP_2025-11-06_G08,10109872GOMESP,2025-11-06,111438,1,2,0,357.0
10109872GOMESP_2025-11-06_G09,10109872GOMESP,2025-11-06,111569,1,4,0,142.0
10109872GOMESP_2025-11-06_G10,10109872GOMESP,2025-11-06,111876,1,4,0,99.0
10109872GOMESP_2025-11-06_G11,10109872GOMESP,2025-11-06,111530,1,1,0,75.0
10109872GOMESP_2025-11-06_G12,10109872GOMESP,2025-11-06,109640,1,2,0,84.0
10109872GOMESP_2025-11-06_G13,10109872GOMESP,2025-11-06,117855,1,4,0,95.0
10109872GOMESP_2025-11-06_G14,10109872GOMESP,2025-11-06,109645,1,4,0,143.0
10109872GOMESP_2025-11-06_G15,10109872GOMESP,2025-11-06,117821,1,2,0,53.0
10109872GOMESP_2025-11-06_G16,10109872GOMESP,2025-11-06,117831,1,4,0,39.0
10109872GOMESP_2025-11-06_G17,10109872GOMESP,2025-11-06,111418,1,2,0,40.0
10109872GOMESP_2025-11-06_G18,10109872GOMESP,2025-11-06,110740,1,4,0,74.0
10109872GOMESP_2025-11-06_G19,10109872GOMESP,2025-11-06,141457,1,2,0,93.0
10109872GOMESP_2025-11-06_G20,10109872GOMESP,2025-11-06,117842,1,4,0,94.0
10109872GOMESP_2025-11-06_G21,10109872GOMESP,2025-11-06,141456,1,8,0,92.0
10109872GOMESP_2025-11-06_G22,10109872GOMESP,2025-11-06,109641,1,4,0,119.0
10109872GOMESP_2025-11-06_G23,10109872GOMESP,2025-11-06,109643,1,2,0,159.0
10109872GOMESP_2025-11-06_G24,10109872GOMESP,2025-11-06,117809,1,4,0,100.0
10109872GOMESP_2025-11-06_G25,10109872GOMESP,2025-11-06,117809,1,4,0,755.0
10109872GOMESP_2025-11-06_G26,10109872GOMESP,2025-11-06,107629,1,2,0,139.0
10109872GOMESP_2025-11-06_G27,10109872GOMESP,2025-11-06,111463,1,2,0,1387.0
10109872GOMESP_2025-11-06_G28,10109872GOMESP,2025-11-06,117797,1,3,0,315.0
10109872GOMESP_2025-11-06_G29,10109872GOMESP,2025-11-06,118222,1,2,0,176.0
10109872GOMESP_2025-11-06_G30,10109872GOMESP,2025-11-06,110374,1,2,0,2672.0
10109872GOMESP_2025-11-06_G31,10109872GOMESP,2025-11-06,117809,1,4,0,77.0
10109872GOMESP_2025-11-06_G32,10109872GOMESP,2025-11-06,110372,1,6,0,198.0
10109872GOMESP_2025-11-06_G33,10109872GOMESP,2025-11-06,118299,1,12,0,77.0
10109872GOMESP_2025-11-06_G34,10109872GOMESP,2025-11-06,110371,1,4,0,112.0
10109872GOMESP_2025-11-06_G35,10109872GOMESP,2025-11-06,109640,1,12,0,244.0
10109872GOMESP_2025-11-06_G36,10109872GOMESP,2025-11-06,111850,1,3,0,298.0
10109872GOMESP_2025-11-06_G37,10109872GOMESP,2025-11-06,107629,1,4,0,296.0
10109872GOMESP_2025-11-06_G38,10109872GOMESP,2025-11-06,110129,1,4,0,130.0
10109872GOMESP_2025-11-06_G39,10109872GOMESP,2025-11-06,110374,1,30,0,60.0
10109872GOMESP_2025-11-06_G40,10109872GOMESP,2025-11-06,117809,1,40,0,394.0
10109872GOMESP_2025-11-06_G42,10109872GOMESP,2025-11-06,117809,2,8,7,170.0
10109872GOMESP_2025-11-06_G43,10109872GOMESP,2025-11-06,117820,1,4,0,66.0
10109872GOMESP_2025-11-06_G44,10109872GOMESP,2025-11-06,110372,2,34,5,85.0
10109872GOMESP_2025-11-06_G45,10109872GOMESP,2025-11-06,118299,2,46,7,49.0
10109872GOMESP_2025-11-06_G46,10109872GOMESP,2025-11-06,118299,2,10,4,404.0
10109872GOMESP_2025-11-06_G47,10109872GOMESP,2025-11-06,141823,1,5,0,1096.0
10109872GOMESP_2025-11-06_G48,10109872GOMESP,2025-11-06,140922,1,5,0,57.0
10109872GOMESP_2025-11-06_G49,10109872GOMESP,2025-11-06,111348,1,4,0,51.0
10109872GOMESP_2025-11-06_G50,10109872GOMESP,2025-11-06,111469,5,54,25,56.0
10109872GOMESP_2025-11-06_G51,10109872GOMESP,2025-11-06,111330,1,16,0,680.0
10109872GOMESP_2025-11-06_G52,10109872GOMESP,2025-11-06,117842,1,5,0,277.0
10109872GOMESP_2025-11-06_G53,10109872GOMESP,2025-11-06,117841,1,11,0,150.0
10109872GOMESP_2025-11-06_G54,10109872GOMESP,2025-11-06,108794,1,6,0,62.0
10109872GOMESP_2025-11-06_G55,10109872GOMESP,2025-11-06,115817,1,4,0,85.0
10109872GOMESP_2025-11-06_G56,10109872GOMESP,2025-11-06,111442,1,15,0,140.0
10109872GOMESP_2025-11-06_G57,10109872GOMESP,2025-11-06,111462,1,10,0,174.0
10109872GOMESP_2025-11-06_G58,10109872GOMESP,2025-11-06,111462,3,22,26,82.0
10109872GOMESP_2025-11-06_G59,10109872GOMESP,2025-11-06,111433,1,4,0,338.0
10109872GOMESP_2025-11-06_G60,10109872GOMESP,2025-11-06,109645,4,18,11,84.0
10109872GOMESP_2025-11-06_G61,10109872GOMESP,2025-11-06,117831,1,10,0,189.0
10109872GOMESP_2025-11-06_G62,10109872GOMESP,2025-11-06,116241,1,6,0,126.0
10109872GOMESP_2025-11-06_G63,10109872GOMESP,2025-11-06,111439,1,10,0,222.0
10109872GOMESP_2025-11-06_G64,10109872GOMESP,2025-11-06,118094,1,10,0,141.0
10109872GOMESP_2025-11-06_G65,10109872GOMESP,2025-11-06,109647,1,4,0,64.0
10109872GOMESP_2025-11-06_G66,10109872GOMESP,2025-11-06,117837,1,5,0,93.0
10109872GOMESP_2025-11-06_G67,10109872GOMESP,2025-11-06,117862,1,10,0,82.0
10109872GOMESP_2025-11-06_G68,10109872GOMESP,2025-11-06,110752,1,8,0,111.0
10109872GOMESP_2025-11-07_G02,10109872GOMESP,2025-11-07,110733,1,4,0,663.0
10109872GOMESP_2025-11-07_G03,10109872GOMESP,2025-11-07,110339,1,2,0,147.0
10109872GOMESP_2025-11-07_G04,10109872GOMESP,2025-11-07,110740,1,2,0,113.0
10109872GOMESP_2025-11-07_G05,10109872GOMESP,2025-11-07,118140,1,4,0,58.0
10109872GOMESP_2025-11-07_G06,10109872GOMESP,2025-11-07,110787,1,2,0,210.0
10109872GOMESP_2025-11-07_G07,10109872GOMESP,2025-11-07,108798,1,2,0,40.0
10109872GOMESP_2025-11-07_G08,10109872GOMESP,2025-11-07,118317,1,2,0,52.0
10109872GOMESP_2025-11-07_G09,10109872GOMESP,2025-11-07,109641,1,4,0,266.0
10109872GOMESP_2025-11-07_G10,10109872GOMESP,2025-11-07,111442,1,1,0,47.0
10109872GOMESP_2025-11-07_G11,10109872GOMESP,2025-11-07,117830,1,4,0,218.0
10109872GOMESP_2025-11-07_G12,10109872GOMESP,2025-11-07,117832,1,1,0,96.0
10109872GOMESP_2025-11-07_G13,10109872GOMESP,2025-11-07,110372,1,4,0,69.0
10109872GOMESP_2025-11-07_G14,10109872GOMESP,2025-11-07,111438,1,4,0,147.0
10109872GOMESP_2025-11-07_G15,10109872GOMESP,2025-11-07,108732,1,3,0,402.0
10109872GOMESP_2025-11-07_G16,10109872GOMESP,2025-11-07,110895,2,9,6,243.0
10109872GOMESP_2025-11-07_G17,10109872GOMESP,2025-11-07,111430,1,1,0,128.0
10109872GOMESP_2025-11-07_G18,10109872GOMESP,2025-11-07,109933,1,4,0,64.0
10109872GOMESP_2025-11-07_G19,10109872GOMESP,2025-11-07,110755,1,4,0,98.0
10109872GOMESP_2025-11-07_G20,10109872GOMESP,2025-11-07,118290,1,4,0,228.0
10109872GOMESP_2025-11-07_G21,10109872GOMESP,2025-11-07,140923,1,4,0,372.0
10109872GOMESP_2025-11-07_G22,10109872GOMESP,2025-11-07,111530,1,8,0,111.0
10109872GOMESP_2025-11-07_G23,10109872GOMESP,2025-11-07,117862,1,2,0,49.0
10109872GOMESP_2025-11-07_G24,10109872GOMESP,2025-11-07,110711,1,2,0,68.0
10109872GOMESP_2025-11-07_G25,10109872GOMESP,2025-11-07,111467,1,2,0,89.0
10109872GOMESP_2025-11-07_G26,10109872GOMESP,2025-11-07,109640,1,6,0,129.0
10109872GOMESP_2025-11-07_G27,10109872GOMESP,2025-11-07,111602,1,3,0,92.0
10109872GOMESP_2025-11-07_G28,10109872GOMESP,2025-11-07,117809,1,2,0,102.0
10109872GOMESP_2025-11-07_G29,10109872GOMESP,2025-11-07,117820,1,4,0,85.0
10109872GOMESP_2025-11-07_G30,10109872GOMESP,2025-11-07,111463,1,4,0,302.0
10109872GOMESP_2025-11-07_G31,10109872GOMESP,2025-11-07,109645,1,4,0,564.0
10109872GOMESP_2025-11-07_G32,10109872GOMESP,2025-11-07,110740,1,4,0,83.0
10109872GOMESP_2025-11-07_G33,10109872GOMESP,2025-11-07,118140,1,5,0,70.0
10109872GOMESP_2025-11-07_G34,10109872GOMESP,2025-11-07,111348,1,4,0,40.0
10109872GOMESP_2025-11-07_G35,10109872GOMESP,2025-11-07,118223,1,4,0,83.0
10109872GOMESP_2025-11-07_G36,10109872GOMESP,2025-11-07,109641,1,4,0,94.0
10109872GOMESP_2025-11-07_G37,10109872GOMESP,2025-11-07,111442,1,1,0,42.0
10109872GOMESP_2025-11-07_G38,10109872GOMESP,2025-11-07,110376,1,5,0,647.0
10109872GOMESP_2025-11-07_G39,10109872GOMESP,2025-11-07,109643,1,3,0,213.0
10109872GOMESP_2025-11-07_G40,10109872GOMESP,2025-11-07,110374,1,63,0,133.0
10109872GOMESP_2025-11-07_G41,10109872GOMESP,2025-11-07,117809,1,4,0,234.0
10109872GOMESP_2025-11-07_G42,10109872GOMESP,2025-11-07,117820,1,76,0,187.0
10109872GOMESP_2025-11-07_G43,10109872GOMESP,2025-11-07,117830,1,23,0,302.0
10109872GOMESP_2025-11-07_G44,10109872GOMESP,2025-11-07,117832,1,10,0,325.0
10109872GOMESP_2025-11-07_G45,10109872GOMESP,2025-11-07,110375,1,4,0,50.0
10109872GOMESP_2025-11-07_G46,10109872GOMESP,2025-11-07,117808,1,241,0,437.0
10109872GOMESP_2025-11-07_G47,10109872GOMESP,2025-11-07,110372,1,102,0,224.0
10109872GOMESP_2025-11-07_G48,10109872GOMESP,2025-11-07,118299,1,100,0,265.0
10109872GOMESP_2025-11-07_G49,10109872GOMESP,2025-11-07,110371,1,27,0,303.0
10109872GOMESP_2025-11-07_G50,10109872GOMESP,2025-11-07,110325,1,12,0,87.0
10109872GOMESP_2025-11-07_G51,10109872GOMESP,2025-11-07,118094,1,5,0,164.0
10109872GOMESP_2025-11-07_G52,10109872GOMESP,2025-11-07,110741,1,10,0,86.0
10109872GOMESP_2025-11-07_G53,10109872GOMESP,2025-11-07,140923,1,64,0,139.0
10109872GOMESP_2025-11-07_G54,10109872GOMESP,2025-11-07,118298,1,4,0,351.0
10109872GOMESP_2025-11-07_G55,10109872GOMESP,2025-11-07,117837,1,6,0,102.0
10109872GOMESP_2025-11-07_G56,10109872GOMESP,2025-11-07,117862,1,4,0,61.0
10109872GOMESP_2025-11-07_G57,10109872GOMESP,2025-11-07,110733,1,4,0,66.0
10109872GOMESP_2025-11-07_G58,10109872GOMESP,2025-11-07,111467,1,7,0,115.0
10109872GOMESP_2025-11-07_G59,10109872GOMESP,2025-11-07,141066,1,4,0,83.0
10109872GOMESP_2025-11-07_G60,10109872GOMESP,2025-11-07,111445,1,4,0,782.0
10109872GOMESP_2025-11-07_G61,10109872GOMESP,2025-11-07,141318,1,4,0,92.0
10109872GOMESP_2025-11-07_G62,10109872GOMESP,2025-11-07,107892,1,4,0,169.0
10109872GOMESP_2025-11-07_G64,10109872GOMESP,2025-11-07,140923,1,2,0,125.0
10109872GOMESP_2025-11-07_G65,10109872GOMESP,2025-11-07,117786,1,4,0,77.0
10109872GOMESP_2025-11-07_G66,10109872GOMESP,2025-11-07,109645,1,2,0,119.0
10109872GOMESP_2025-11-07_G67,10109872GOMESP,2025-11-07,117821,1,4,0,75.0
10109872GOMESP_2025-11-07_G68,10109872GOMESP,2025-11-07,110740,1,2,0,94.0
10109872GOMESP_2025-11-07_G69,10109872GOMESP,2025-11-07,141456,1,2,0,91.0
10109872GOMESP_2025-11-07_G70,10109872GOMESP,2025-11-07,111466,1,2,0,57.0
10109872GOMESP_2025-11-07_G71,10109872GOMESP,2025-11-07,111465,1,4,0,82.0
10109872GOMESP_2025-11-07_G72,10109872GOMESP,2025-11-07,110374,1,4,0,128.0
10109872GOMESP_2025-11-07_G73,10109872GOMESP,2025-11-07,117820,1,4,0,89.0
10109872GOMESP_2025-11-07_G74,10109872GOMESP,2025-11-07,117830,1,4,0,73.0
10109872GOMESP_2025-11-07_G75,10109872GOMESP,2025-11-07,117832,1,6,0,84.0
10109872GOMESP_2025-11-07_G76,10109872GOMESP,2025-11-07,110373,1,6,0,147.0
10109872GOMESP_2025-11-07_G77,10109872GOMESP,2025-11-07,110374,1,2,0,79.0
10109872GOMESP_2025-11-07_G78,10109872GOMESP,2025-11-07,118140,1,4,0,133.0
10109872GOMESP_2025-11-07_G79,10109872GOMESP,2025-11-07,110787,1,4,0,97.0
10109872GOMESP_2025-11-07_G80,10109872GOMESP,2025-11-07,110895,1,4,0,127.0
10109872GOMESP_2025-11-07_G81,10109872GOMESP,2025-11-07,110313,1,4,0,84.0
10109872GOMESP_2025-11-07_G82,10109872GOMESP,2025-11-07,110374,1,4,0,75.0
10109872GOMESP_2025-11-07_G83,10109872GOMESP,2025-11-07,110374,1,5,0,368.0
10109872GOMESP_2025-11-07_G84,10109872GOMESP,2025-11-07,111418,1,3,0,117.0
10109872GOMESP_2025-11-07_G85,10109872GOMESP,2025-11-07,110787,1,4,0,115.0
10109872GOMESP_2025-11-07_G86,10109872GOMESP,2025-11-07,118283,1,8,0,114.0
10109872GOMESP_2025-11-07_G87,10109872GOMESP,2025-11-07,117809,1,8,0,220.0
10109872GOMESP_2025-11-07_G88,10109872GOMESP,2025-11-07,110740,1,10,0,318.0
10109872GOMESP_2025-11-07_G89,10109872GOMESP,2025-11-07,110313,1,4,0,131.0
10109872GOMESP_2025-11-07_G90,10109872GOMESP,2025-11-07,110374,1,12,0,144.0
10109872GOMESP_2025-11-07_G91,10109872GOMESP,2025-11-07,110787,1,11,0,123.0
10109872GOMESP_2025-11-07_G92,10109872GOMESP,2025-11-07,110374,1,27,0,545.0
10109872GOMESP_2025-11-07_G93,10109872GOMESP,2025-11-07,110787,1,13,0,284.0
10109872GOMESP_2025-11-07_G94,10109872GOMESP,2025-11-07,110313,1,9,0,502.0
10109872GOMESP_2025-11-07_G95,10109872GOMESP,2025-11-07,110895,1,10,0,90.0
10109872GOMESP_2025-11-07_G96,10109872GOMESP,2025-11-07,111743,1,4,0,510.0
10109872GOMESP_2025-11-08_G02,10109872GOMESP,2025-11-08,111441,3,27,12,80.0
10109872GOMESP_2025-11-08_G03,10109872GOMESP,2025-11-08,141318,1,4,0,532.0
10109872GOMESP_2025-11-08_G04,10109872GOMESP,2025-11-08,110313,1,18,0,65.0
10109872GOMESP_2025-11-08_G05,10109872GOMESP,2025-11-08,111879,1,4,0,260.0
10109872GOMESP_2025-11-08_G06,10109872GOMESP,2025-11-08,117786,1,2,0,89.0
10109872GOMESP_2025-11-08_G07,10109872GOMESP,2025-11-08,110711,1,9,0,139.0
10109872GOMESP_2025-11-08_G08,10109872GOMESP,2025-11-08,111172,1,4,0,136.0
10109872GOMESP_2025-11-08_G09,10109872GOMESP,2025-11-08,111418,1,11,0,133.0
10109872GOMESP_2025-11-08_G10,10109872GOMESP,2025-11-08,118140,1,10,0,128.0
10109872GOMESP_2025-11-08_G11,10109872GOMESP,2025-11-08,110787,2,6,8,113.0
10109872GOMESP_2025-11-08_G12,10109872GOMESP,2025-11-08,111330,1,4,0,311.0
10109872GOMESP_2025-11-08_G13,10109872GOMESP,2025-11-08,111468,1,3,0,64.0
10109872GOMESP_2025-11-08_G14,10109872GOMESP,2025-11-08,108711,1,4,0,47.0
10109872GOMESP_2025-11-08_G15,10109872GOMESP,2025-11-08,118222,1,2,0,211.0
10109872GOMESP_2025-11-08_G16,10109872GOMESP,2025-11-08,111569,1,4,0,82.0
10109872GOMESP_2025-11-08_G17,10109872GOMESP,2025-11-08,110374,1,4,0,165.0
10109872GOMESP_2025-11-08_G18,10109872GOMESP,2025-11-08,160057,2,20,6,302.0
10109872GOMESP_2025-11-08_G19,10109872GOMESP,2025-11-08,110747,1,4,0,384.0
10109872GOMESP_2025-11-08_G20,10109872GOMESP,2025-11-08,160051,2,20,7,137.0
10109872GOMESP_2025-11-08_G21,10109872GOMESP,2025-11-08,118222,1,20,0,468.0
10109872GOMESP_2025-11-08_G22,10109872GOMESP,2025-11-08,141318,1,8,0,317.0
10109872GOMESP_2025-11-08_G23,10109872GOMESP,2025-11-08,110747,1,2,0,83.0
10109872GOMESP_2025-11-08_G24,10109872GOMESP,2025-11-08,111569,1,32,0,163.0
10109872GOMESP_2025-11-08_G25,10109872GOMESP,2025-11-08,140923,1,26,0,496.0
10109872GOMESP_2025-11-08_G26,10109872GOMESP,2025-11-08,"118222, 111441",2,24,25,1592.0
10109872GOMESP_2025-11-08_G27,10109872GOMESP,2025-11-08,117862,1,8,0,379.0
10109872GOMESP_2025-11-08_G28,10109872GOMESP,2025-11-08,110711,1,2,0,95.0
10109872GOMESP_2025-11-08_G29,10109872GOMESP,2025-11-08,111172,1,1,0,164.0
10109872GOMESP_2025-11-08_G30,10109872GOMESP,2025-11-08,110787,1,5,0,84.0
10109872GOMESP_2025-11-08_G31,10109872GOMESP,2025-11-08,108711,1,1,0,45.0
10109872GOMESP_2025-11-08_G32,10109872GOMESP,2025-11-08,141271,1,4,0,97.0
10109872GOMESP_2025-11-08_G33,10109872GOMESP,2025-11-08,118140,1,6,0,325.0
10109872GOMESP_2025-11-08_G34,10109872GOMESP,2025-11-08,108711,1,4,0,108.0
10109872GOMESP_2025-11-08_G35,10109872GOMESP,2025-11-08,110711,1,4,0,275.0
10109872GOMESP_2025-11-08_G36,10109872GOMESP,2025-11-08,118004,1,4,0,276.0
10109872GOMESP_2025-11-08_G37,10109872GOMESP,2025-11-08,141823,1,2,0,110.0
10109872GOMESP_2025-11-08_G38,10109872GOMESP,2025-11-08,110373,1,6,0,144.0
10109872GOMESP_2025-11-08_G39,10109872GOMESP,2025-11-08,110373,1,12,0,315.0
10109872GOMESP_2025-11-08_G40,10109872GOMESP,2025-11-08,118140,1,12,0,672.0
10109872GOMESP_2025-11-08_G41,10109872GOMESP,2025-11-08,110373,1,4,0,117.0
10109872GOMESP_2025-11-08_G42,10109872GOMESP,2025-11-08,110733,1,4,0,127.0
10109872GOMESP_2025-11-08_G43,10109872GOMESP,2025-11-08,111172,1,4,0,1011.0
10109872GOMESP_2025-11-08_G44,10109872GOMESP,2025-11-08,111463,2,75,18,71.0
10109872GOMESP_2025-11-08_G45,10109872GOMESP,2025-11-08,"110740, 118140",2,4,27,666.0
10109872GOMESP_2025-11-08_G46,10109872GOMESP,2025-11-08,110787,1,1,0,58.0
10109872GOMESP_2025-11-08_G47,10109872GOMESP,2025-11-08,111418,1,100,0,171.0
10109872GOMESP_2025-11-08_G48,10109872GOMESP,2025-11-08,111469,4,34,22,121.0
10109872GOMESP_2025-11-08_G49,10109872GOMESP,2025-11-08,108794,1,2,0,148.0
10109872GOMESP_2025-11-08_G50,10109872GOMESP,2025-11-08,111466,2,123,7,144.0
10109872GOMESP_2025-11-08_G51,10109872GOMESP,2025-11-08,117785,1,70,0,342.0
10109872GOMESP_2025-11-08_G52,10109872GOMESP,2025-11-08,111462,1,3,0,166.0
10109872GOMESP_2025-11-08_G53,10109872GOMESP,2025-11-08,110749,1,40,0,1236.0
10109872GOMESP_2025-11-08_G54,10109872GOMESP,2025-11-08,111463,1,488,0,895.0
10109872GOMESP_2025-11-08_G55,10109872GOMESP,2025-11-08,111463,1,120,0,236.0
10109872GOMESP_2025-11-08_G56,10109872GOMESP,2025-11-08,117787,1,100,0,260.0
10109872GOMESP_2025-11-08_G57,10109872GOMESP,2025-11-08,110751,1,50,0,633.0
10109872GOMESP_2025-11-08_G58,10109872GOMESP,2025-11-08,108795,1,20,0,70.0
10109872GOMESP_2025-11-08_G59,10109872GOMESP,2025-11-08,108795,1,100,0,738.0
10109872GOMESP_2025-11-08_G61,10109872GOMESP,2025-11-08,117831,1,4,0,51.0
10109872GOMESP_2025-11-08_G62,10109872GOMESP,2025-11-08,108795,1,2,0,32.0
10109872GOMESP_2025-11-08_G63,10109872GOMESP,2025-11-08,118140,1,4,0,145.0
10109872GOMESP_2025-11-08_G64,10109872GOMESP,2025-11-08,140922,1,4,0,57.0
10109872GOMESP_2025-11-08_G65,10109872GOMESP,2025-11-08,108711,1,4,0,168.0
10109872GOMESP_2025-11-08_G66,10109872GOMESP,2025-11-08,111462,1,4,0,170.0
10109872GOMESP_2025-11-08_G67,10109872GOMESP,2025-11-08,111743,1,4,0,106.0
10109872GOMESP_2025-11-08_G68,10109872GOMESP,2025-11-08,110372,1,4,0,105.0
10109872GOMESP_2025-11-08_G69,10109872GOMESP,2025-11-08,118299,1,4,0,65.0
10109872GOMESP_2025-11-08_G70,10109872GOMESP,2025-11-08,110373,1,4,0,97.0
10109872GOMESP_2025-11-08_G71,10109872GOMESP,2025-11-08,141202,1,4,0,61.0
10109872GOMESP_2025-11-08_G72,10109872GOMESP,2025-11-08,"118222, 111441",2,5,15,99.0
10109872GOMESP_2025-11-08_G73,10109872GOMESP,2025-11-08,100334,1,2,0,136.0
10109872GOMESP_2025-11-08_G74,10109872GOMESP,2025-11-08,110895,1,10,0,71.0
10109872GOMESP_2025-11-08_G75,10109872GOMESP,2025-11-08,141318,1,4,0,113.0
10109872GOMESP_2025-11-08_G76,10109872GOMESP,2025-11-08,118290,1,3,0,103.0
10109872GOMESP_2025-11-08_G77,10109872GOMESP,2025-11-08,118281,1,4,0,70.0
10109872GOMESP_2025-11-08_G78,10109872GOMESP,2025-11-08,111850,1,4,0,423.0
10109872GOMESP_2025-11-08_G79,10109872GOMESP,2025-11-08,111850,1,3,0,59.0
10109872GOMESP_2025-11-08_G80,10109872GOMESP,2025-11-08,141458,1,4,0,232.0
10109872GOMESP_2025-11-08_G81,10109872GOMESP,2025-11-08,118140,1,4,0,341.0
10109872GOMESP_2025-11-08_G82,10109872GOMESP,2025-11-08,110373,1,4,0,164.0
10109872GOMESP_2025-11-08_G83,10109872GOMESP,2025-11-08,118140,1,9,0,238.0
10109872GOMESP_2025-11-08_G84,10109872GOMESP,2025-11-08,140922,1,4,0,133.0
10109872GOMESP_2025-11-08_G85,10109872GOMESP,2025-11-08,110787,2,25,11,95.0
10109872GOMESP_2025-11-08_G86,10109872GOMESP,2025-11-08,111462,1,2,0,240.0
10109872GOMESP_2025-11-08_G87,10109872GOMESP,2025-11-08,141271,1,4,0,68.0
10109872GOMESP_2025-11-08_G88,10109872GOMESP,2025-11-08,110733,1,4,0,566.0
10109872GOMESP_2025-11-08_G89,10109872GOMESP,2025-11-08,110787,1,8,0,81.0
10109872GOMESP_2025-11-08_G90,10109872GOMESP,2025-11-08,141457,1,4,0,36.0
10109872GOMESP_2025-11-08_G91,10109872GOMESP,2025-11-08,111462,1,2,0,84.0
10109872GOMESP_2025-11-08_G92,10109872GOMESP,2025-11-08,141271,1,8,0,71.0
10109872GOMESP_2025-11-08_G93,10109872GOMESP,2025-11-08,110313,1,4,0,182.0
10109872GOMESP_2025-11-08_G94,10109872GOMESP,2025-11-08,111879,1,4,0,130.0
10109872GOMESP_2025-11-08_G95,10109872GOMESP,2025-11-08,111441,1,12,0,63.0
10109872GOMESP_2025-11-08_G96,10109872GOMESP,2025-11-08,100334,1,2,0,321.0
10109872GOMESP_2025-11-08_G97,10109872GOMESP,2025-11-08,141318,1,8,0,119.0
10109872GOMESP_2025-11-08_G98,10109872GOMESP,2025-11-08,117862,1,4,0,666.0
10109872GOMESP_2025-11-08_G99,10109872GOMESP,2025-11-08,111530,1,4,0,67.0
10109872GOMESP_2025-11-10_G02,10109872GOMESP,2025-11-10,118290,1,1,0,102.0
10109872GOMESP_2025-11-10_G03,10109872GOMESP,2025-11-10,111861,1,2,0,75.0
10109872GOMESP_2025-11-10_G04,10109872GOMESP,2025-11-10,105359,1,2,0,85.0
10109872GOMESP_2025-11-10_G05,10109872GOMESP,2025-11-10,160057,1,20,0,80.0
10109872GOMESP_2025-11-10_G06,10109872GOMESP,2025-11-10,118222,1,20,0,452.0
10109872GOMESP_2025-11-10_G07,10109872GOMESP,2025-11-10,110747,1,8,0,271.0
10109872GOMESP_2025-11-10_G08,10109872GOMESP,2025-11-10,118140,1,3,0,202.0
10109872GOMESP_2025-11-10_G09,10109872GOMESP,2025-11-10,141457,1,12,0,140.0
10109872GOMESP_2025-11-10_G10,10109872GOMESP,2025-11-10,111330,1,2,0,104.0
10109872GOMESP_2025-11-10_G11,10109872GOMESP,2025-11-10,117785,1,14,0,168.0
10109872GOMESP_2025-11-10_G12,10109872GOMESP,2025-11-10,111442,2,8,7,53.0
10109872GOMESP_2025-11-10_G13,10109872GOMESP,2025-11-10,141458,1,9,0,163.0
10109872GOMESP_2025-11-10_G14,10109872GOMESP,2025-11-10,117820,1,10,0,145.0
10109872GOMESP_2025-11-10_G15,10109872GOMESP,2025-11-10,160051,1,2,0,73.0
10109872GOMESP_2025-11-10_G16,10109872GOMESP,2025-11-10,117821,1,5,0,274.0
10109872GOMESP_2025-11-10_G17,10109872GOMESP,2025-11-10,117831,1,14,0,78.0
10109872GOMESP_2025-11-10_G18,10109872GOMESP,2025-11-10,118140,1,18,0,143.0
10109872GOMESP_2025-11-10_G19,10109872GOMESP,2025-11-10,141457,1,8,0,173.0
10109872GOMESP_2025-11-10_G20,10109872GOMESP,2025-11-10,111469,2,62,7,92.0
10109872GOMESP_2025-11-10_G21,10109872GOMESP,2025-11-10,111462,1,5,0,626.0
10109872GOMESP_2025-11-10_G22,10109872GOMESP,2025-11-10,111465,1,2,0,71.0
10109872GOMESP_2025-11-10_G23,10109872GOMESP,2025-11-10,117832,1,14,0,173.0
10109872GOMESP_2025-11-10_G24,10109872GOMESP,2025-11-10,117820,1,28,0,31.0
10109872GOMESP_2025-11-10_G25,10109872GOMESP,2025-11-10,117830,1,6,0,405.0
10109872GOMESP_2025-11-10_G26,10109872GOMESP,2025-11-10,"160051, 117808",2,108,22,89.0
10109872GOMESP_2025-11-10_G27,10109872GOMESP,2025-11-10,110372,1,12,0,316.0
10109872GOMESP_2025-11-10_G28,10109872GOMESP,2025-11-10,118140,1,12,0,276.0
10109872GOMESP_2025-11-10_G29,10109872GOMESP,2025-11-10,140922,1,5,0,63.0
10109872GOMESP_2025-11-10_G30,10109872GOMESP,2025-11-10,141823,1,4,0,92.0
10109872GOMESP_2025-11-10_G31,10109872GOMESP,2025-11-10,110374,1,50,0,150.0
10109872GOMESP_2025-11-10_G32,10109872GOMESP,2025-11-10,117820,2,110,13,636.0
10109872GOMESP_2025-11-10_G33,10109872GOMESP,2025-11-10,110372,1,12,0,363.0
10109872GOMESP_2025-11-10_G34,10109872GOMESP,2025-11-10,160051,1,4,0,82.0
10109872GOMESP_2025-11-10_G35,10109872GOMESP,2025-11-10,111602,1,1,0,1159.0
10109872GOMESP_2025-11-10_G36,10109872GOMESP,2025-11-10,111418,1,6,0,123.0
10109872GOMESP_2025-11-10_G37,10109872GOMESP,2025-11-10,111469,1,11,0,109.0
10109872GOMESP_2025-11-10_G38,10109872GOMESP,2025-11-10,111466,1,1,0,78.0
10109872GOMESP_2025-11-10_G39,10109872GOMESP,2025-11-10,118299,1,2,0,46.0
10109872GOMESP_2025-11-10_G40,10109872GOMESP,2025-11-10,111441,1,2,0,483.0
10109872GOMESP_2025-11-10_G41,10109872GOMESP,2025-11-10,110313,2,4,5,68.0
10109872GOMESP_2025-11-10_G42,10109872GOMESP,2025-11-10,111602,1,2,0,125.0
10109872GOMESP_2025-11-10_G43,10109872GOMESP,2025-11-10,111418,1,13,0,121.0
10109872GOMESP_2025-11-10_G44,10109872GOMESP,2025-11-10,111469,2,10,9,42.0
10109872GOMESP_2025-11-10_G45,10109872GOMESP,2025-11-10,111466,1,4,0,139.0
10109872GOMESP_2025-11-10_G46,10109872GOMESP,2025-11-10,117785,1,3,0,97.0
10109872GOMESP_2025-11-10_G47,10109872GOMESP,2025-11-10,110895,1,21,0,413.0
10109872GOMESP_2025-11-10_G48,10109872GOMESP,2025-11-10,110313,1,14,0,138.0
10109872GOMESP_2025-11-10_G49,10109872GOMESP,2025-11-10,110787,1,4,0,88.0
10109872GOMESP_2025-11-10_G50,10109872GOMESP,2025-11-10,110374,1,27,0,299.0
10109872GOMESP_2025-11-10_G51,10109872GOMESP,2025-11-10,110747,1,4,0,268.0
10109872GOMESP_2025-11-10_G52,10109872GOMESP,2025-11-10,117854,1,2,0,258.0
10109872GOMESP_2025-11-10_G53,10109872GOMESP,2025-11-10,110313,1,4,0,101.0
10109872GOMESP_2025-11-10_G54,10109872GOMESP,2025-11-10,117862,1,10,0,120.0
10109872GOMESP_2025-11-10_G55,10109872GOMESP,2025-11-10,117853,1,2,0,70.0
10109872GOMESP_2025-11-10_G56,10109872GOMESP,2025-11-10,110711,1,4,0,151.0
10109872GOMESP_2025-11-10_G57,10109872GOMESP,2025-11-10,108361,1,4,0,80.0
10109872GOMESP_2025-11-10_G58,10109872GOMESP,2025-11-10,111467,1,2,0,57.0
10109872GOMESP_2025-11-10_G59,10109872GOMESP,2025-11-10,101217,1,4,0,67.0
10109872GOMESP_2025-11-10_G60,10109872GOMESP,2025-11-10,111602,1,4,0,113.0
10109872GOMESP_2025-11-10_G61,10109872GOMESP,2025-11-10,110339,1,4,0,77.0
10109872GOMESP_2025-11-10_G62,10109872GOMESP,2025-11-10,111418,1,8,0,143.0
10109872GOMESP_2025-11-10_G63,10109872GOMESP,2025-11-10,141456,1,4,0,113.0
10109872GOMESP_2025-11-10_G64,10109872GOMESP,2025-11-10,108794,1,6,0,63.0
10109872GOMESP_2025-11-10_G65,10109872GOMESP,2025-11-10,111466,1,2,0,37.0
10109872GOMESP_2025-11-10_G66,10109872GOMESP,2025-11-10,108711,1,4,0,48.0
10109872GOMESP_2025-11-10_G67,10109872GOMESP,2025-11-10,111743,1,8,0,619.0
10109872GOMESP_2025-11-10_G68,10109872GOMESP,2025-11-10,111602,1,4,0,162.0
10109872GOMESP_2025-11-10_G69,10109872GOMESP,2025-11-10,111418,1,4,0,148.0
10109872GOMESP_2025-11-10_G70,10109872GOMESP,2025-11-10,111466,1,4,0,95.0
10109872GOMESP_2025-11-10_G71,10109872GOMESP,2025-11-10,117785,1,1,0,531.0
10109872GOMESP_2025-11-10_G72,10109872GOMESP,2025-11-10,111469,1,8,0,137.0
10109872GOMESP_2025-11-10_G73,10109872GOMESP,2025-11-10,117808,2,38,7,54.0
10109872GOMESP_2025-11-10_G74,10109872GOMESP,2025-11-10,118299,1,6,0,497.0
10109872GOMESP_2025-11-10_G75,10109872GOMESP,2025-11-10,118140,1,12,0,802.0
10109872GOMESP_2025-11-10_G76,10109872GOMESP,2025-11-10,108711,1,4,0,125.0
10109872GOMESP_2025-11-10_G77,10109872GOMESP,2025-11-10,141823,1,4,0,169.0
10109872GOMESP_2025-11-10_G78,10109872GOMESP,2025-11-10,109647,1,2,0,149.0
10109872GOMESP_2025-11-10_G79,10109872GOMESP,2025-11-10,117862,1,12,0,413.0
10109872GOMESP_2025-11-10_G80,10109872GOMESP,2025-11-10,117786,1,10,0,221.0
10109872GOMESP_2025-11-10_G81,10109872GOMESP,2025-11-10,110740,1,8,0,137.0
10109872GOMESP_2025-11-10_G82,10109872GOMESP,2025-11-10,110747,1,4,0,136.0
10109872GOMESP_2025-11-10_G83,10109872GOMESP,2025-11-10,108795,1,2,0,82.0
10109872GOMESP_2025-11-10_G84,10109872GOMESP,2025-11-10,118140,1,3,0,58.0
10109872GOMESP_2025-11-10_G85,10109872GOMESP,2025-11-10,141458,1,2,0,124.0
10109872GOMESP_2025-11-10_G86,10109872GOMESP,2025-11-10,117830,1,2,0,75.0
10109872GOMESP_2025-11-10_G88,10109872GOMESP,2025-11-10,111441,1,2,0,444.0
10109872GOMESP_2025-11-10_G89,10109872GOMESP,2025-11-10,110313,1,5,0,74.0
10109872GOMESP_2025-11-10_G90,10109872GOMESP,2025-11-10,"111418, 111469",2,36,22,200.0
10109872GOMESP_2025-11-10_G91,10109872GOMESP,2025-11-10,111466,1,12,0,441.0
10109872GOMESP_2025-11-10_G92,10109872GOMESP,2025-11-10,111466,1,2,0,44.0
10109872GOMESP_2025-11-10_G93,10109872GOMESP,2025-11-10,160051,1,2,0,468.0
10109872GOMESP_2025-11-10_G94,10109872GOMESP,2025-11-10,109645,1,5,0,579.0
10109872GOMESP_2025-11-10_G95,10109872GOMESP,2025-11-10,110751,2,6,7,41.0
10109872GOMESP_2025-11-10_G96,10109872GOMESP,2025-11-10,117821,1,26,0,57.0
10109872GOMESP_2025-11-10_G97,10109872GOMESP,2025-11-10,117831,1,4,0,327.0
10109872GOMESP_2025-11-10_G98,10109872GOMESP,2025-11-10,118140,1,37,0,44.0
10109872GOMESP_2025-11-10_G99,10109872GOMESP,2025-11-10,111348,1,12,0,258.0
10109872GOMESP_2025-11-10_G100,10109872GOMESP,2025-11-10,110787,2,44,6,124.0
10109872GOMESP_2025-11-10_G101,10109872GOMESP,2025-11-10,111431,1,4,0,464.0
10109872GOMESP_2025-11-10_G102,10109872GOMESP,2025-11-10,111463,1,2,0,106.0
10109872GOMESP_2025-11-10_G103,10109872GOMESP,2025-11-10,108711,1,6,0,66.0
10109872GOMESP_2025-11-10_G104,10109872GOMESP,2025-11-10,111442,1,4,0,156.0
10109872GOMESP_2025-11-10_G105,10109872GOMESP,2025-11-10,111462,1,16,0,192.0
10109872GOMESP_2025-11-10_G106,10109872GOMESP,2025-11-10,141823,1,8,0,320.0
10109872GOMESP_2025-11-10_G107,10109872GOMESP,2025-11-10,140923,1,20,0,75.0
10109872GOMESP_2025-11-10_G108,10109872GOMESP,2025-11-10,111439,1,2,0,239.0
10109872GOMESP_2025-11-10_G109,10109872GOMESP,2025-11-10,117832,1,2,0,90.0
10109872GOMESP_2025-11-10_G110,10109872GOMESP,2025-11-10,117820,1,49,0,276.0
10109872GOMESP_2025-11-10_G111,10109872GOMESP,2025-11-10,117808,1,195,0,249.0
10109872GOMESP_2025-11-10_G112,10109872GOMESP,2025-11-10,118299,1,110,0,1097.0
10109872GOMESP_2025-11-11_G02,10109872GOMESP,2025-11-11,117808,1,20,0,136.0
10109872GOMESP_2025-11-11_G03,10109872GOMESP,2025-11-11,117833,1,8,0,112.0
10109872GOMESP_2025-11-11_G04,10109872GOMESP,2025-11-11,117785,1,5,0,53.0
10109872GOMESP_2025-11-11_G05,10109872GOMESP,2025-11-11,141458,1,4,0,136.0
10109872GOMESP_2025-11-11_G06,10109872GOMESP,2025-11-11,118094,1,8,0,186.0
10109872GOMESP_2025-11-11_G07,10109872GOMESP,2025-11-11,111172,1,4,0,88.0
10109872GOMESP_2025-11-11_G08,10109872GOMESP,2025-11-11,141916,1,4,0,155.0
10109872GOMESP_2025-11-11_G09,10109872GOMESP,2025-11-11,117861,1,8,0,135.0
10109872GOMESP_2025-11-11_G10,10109872GOMESP,2025-11-11,117861,1,2,0,164.0
10109872GOMESP_2025-11-11_G11,10109872GOMESP,2025-11-11,117837,1,6,0,68.0
10109872GOMESP_2025-11-11_G12,10109872GOMESP,2025-11-11,110313,1,4,0,305.0
10109872GOMESP_2025-11-11_G13,10109872GOMESP,2025-11-11,111418,1,8,0,345.0
10109872GOMESP_2025-11-11_G14,10109872GOMESP,2025-11-11,111469,1,4,0,70.0
10109872GOMESP_2025-11-11_G15,10109872GOMESP,2025-11-11,111466,1,3,0,81.0
10109872GOMESP_2025-11-11_G16,10109872GOMESP,2025-11-11,117785,2,13,7,128.0
10109872GOMESP_2025-11-11_G17,10109872GOMESP,2025-11-11,111532,1,2,0,141.0
10109872GOMESP_2025-11-11_G18,10109872GOMESP,2025-11-11,118299,1,6,0,122.0
10109872GOMESP_2025-11-11_G19,10109872GOMESP,2025-11-11,141202,1,8,0,149.0
10109872GOMESP_2025-11-11_G20,10109872GOMESP,2025-11-11,141823,1,20,0,591.0
10109872GOMESP_2025-11-11_G21,10109872GOMESP,2025-11-11,117861,1,4,0,134.0
10109872GOMESP_2025-11-11_G22,10109872GOMESP,2025-11-11,118299,1,60,0,421.0
10109872GOMESP_2025-11-11_G23,10109872GOMESP,2025-11-11,110373,1,6,0,449.0
10109872GOMESP_2025-11-11_G24,10109872GOMESP,2025-11-11,110313,1,2,0,138.0
10109872GOMESP_2025-11-11_G25,10109872GOMESP,2025-11-11,110740,1,7,0,268.0
10109872GOMESP_2025-11-11_G26,10109872GOMESP,2025-11-11,110740,1,2,0,46.0
10109872GOMESP_2025-11-11_G27,10109872GOMESP,2025-11-11,117861,1,2,0,58.0
10109872GOMESP_2025-11-11_G28,10109872GOMESP,2025-11-11,111441,1,4,0,159.0
10109872GOMESP_2025-11-11_G29,10109872GOMESP,2025-11-11,110373,1,12,0,623.0
10109872GOMESP_2025-11-11_G30,10109872GOMESP,2025-11-11,111330,1,3,0,115.0
10109872GOMESP_2025-11-11_G31,10109872GOMESP,2025-11-11,108711,1,4,0,180.0
10109872GOMESP_2025-11-11_G32,10109872GOMESP,2025-11-11,110733,1,4,0,88.0
10109872GOMESP_2025-11-11_G33,10109872GOMESP,2025-11-11,111172,1,2,0,239.0
10109872GOMESP_2025-11-11_G34,10109872GOMESP,2025-11-11,110740,1,2,0,254.0
10109872GOMESP_2025-11-11_G35,10109872GOMESP,2025-11-11,110745,1,2,0,51.0
10109872GOMESP_2025-11-11_G36,10109872GOMESP,2025-11-11,117785,1,8,0,122.0
10109872GOMESP_2025-11-11_G37,10109872GOMESP,2025-11-11,111172,1,8,0,132.0
10109872GOMESP_2025-11-11_G38,10109872GOMESP,2025-11-11,117831,1,20,0,145.0
10109872GOMESP_2025-11-11_G39,10109872GOMESP,2025-11-11,111348,1,4,0,109.0
10109872GOMESP_2025-11-11_G40,10109872GOMESP,2025-11-11,110743,1,4,0,89.0
10109872GOMESP_2025-11-11_G41,10109872GOMESP,2025-11-11,117832,1,30,0,346.0
10109872GOMESP_2025-11-11_G42,10109872GOMESP,2025-11-11,111120,1,2,0,740.0
10109872GOMESP_2025-11-11_G43,10109872GOMESP,2025-11-11,111530,1,10,0,181.0
10109872GOMESP_2025-11-11_G44,10109872GOMESP,2025-11-11,111602,1,20,0,165.0
10109872GOMESP_2025-11-11_G45,10109872GOMESP,2025-11-11,110339,1,30,0,142.0
10109872GOMESP_2025-11-11_G46,10109872GOMESP,2025-11-11,110313,1,18,0,276.0
10109872GOMESP_2025-11-11_G47,10109872GOMESP,2025-11-11,118140,1,230,0,481.0
10109872GOMESP_2025-11-11_G48,10109872GOMESP,2025-11-11,108795,1,20,0,3332.0
10109872GOMESP_2025-11-11_G49,10109872GOMESP,2025-11-11,"110740, 111418",2,209,9,320.0
10109872GOMESP_2025-11-11_G50,10109872GOMESP,2025-11-11,118326,1,20,0,548.0
10109872GOMESP_2025-11-11_G51,10109872GOMESP,2025-11-11,141458,1,20,0,112.0
10109872GOMESP_2025-11-11_G52,10109872GOMESP,2025-11-11,107830,1,33,0,235.0
10109872GOMESP_2025-11-11_G53,10109872GOMESP,2025-11-11,118299,1,375,0,123.0
10109872GOMESP_2025-11-11_G54,10109872GOMESP,2025-11-11,110371,1,17,0,675.0
10109872GOMESP_2025-11-11_G55,10109872GOMESP,2025-11-11,110373,1,544,0,1679.0
10109872GOMESP_2025-11-11_G57,10109872GOMESP,2025-11-11,110787,1,16,0,307.0
10109872GOMESP_2025-11-11_G58,10109872GOMESP,2025-11-11,111463,2,111,17,951.0
10109872GOMESP_2025-11-11_G59,10109872GOMESP,2025-11-11,118222,1,2,0,644.0
10109872GOMESP_2025-11-11_G60,10109872GOMESP,2025-11-11,111441,4,8,21,78.0
10109872GOMESP_2025-11-11_G61,10109872GOMESP,2025-11-11,140923,1,2,0,205.0
10109872GOMESP_2025-11-11_G62,10109872GOMESP,2025-11-11,111602,1,2,0,144.0
10109872GOMESP_2025-11-11_G63,10109872GOMESP,2025-11-11,111172,1,3,0,125.0
10109872GOMESP_2025-11-11_G64,10109872GOMESP,2025-11-11,118140,1,2,0,54.0
10109872GOMESP_2025-11-11_G65,10109872GOMESP,2025-11-11,"110740, 110787",2,5,15,115.0
10109872GOMESP_2025-11-11_G66,10109872GOMESP,2025-11-11,111418,1,16,0,314.0
10109872GOMESP_2025-11-11_G67,10109872GOMESP,2025-11-11,111469,2,8,6,228.0
10109872GOMESP_2025-11-11_G68,10109872GOMESP,2025-11-11,"111330, 111463, 111466",4,15,40,104.0
10109872GOMESP_2025-11-11_G69,10109872GOMESP,2025-11-11,117785,2,10,8,96.0
10109872GOMESP_2025-11-11_G70,10109872GOMESP,2025-11-11,111462,1,2,0,112.0
10109872GOMESP_2025-11-11_G71,10109872GOMESP,2025-11-11,111532,1,16,0,88.0
10109872GOMESP_2025-11-11_G72,10109872GOMESP,2025-11-11,141823,1,2,0,232.0
10109872GOMESP_2025-11-11_G73,10109872GOMESP,2025-11-11,111465,1,2,0,61.0
10109872GOMESP_2025-11-11_G74,10109872GOMESP,2025-11-11,110374,1,5,0,123.0
10109872GOMESP_2025-11-11_G75,10109872GOMESP,2025-11-11,117820,1,9,0,129.0
10109872GOMESP_2025-11-11_G76,10109872GOMESP,2025-11-11,117808,1,4,0,85.0
10109872GOMESP_2025-11-11_G77,10109872GOMESP,2025-11-11,"110372, 118299",2,40,12,230.0
10109872GOMESP_2025-11-11_G78,10109872GOMESP,2025-11-11,110376,1,1,0,117.0
10109872GOMESP_2025-11-11_G79,10109872GOMESP,2025-11-11,110373,2,31,7,273.0
10109872GOMESP_2025-11-11_G80,10109872GOMESP,2025-11-11,111172,1,1,0,290.0
10109872GOMESP_2025-11-11_G81,10109872GOMESP,2025-11-11,111463,1,9,0,51.0
10109872GOMESP_2025-11-11_G82,10109872GOMESP,2025-11-11,110740,1,2,0,444.0
10109872GOMESP_2025-11-11_G83,10109872GOMESP,2025-11-11,111418,1,7,0,101.0
10109872GOMESP_2025-11-11_G84,10109872GOMESP,2025-11-11,111469,1,5,0,62.0
10109872GOMESP_2025-11-11_G85,10109872GOMESP,2025-11-11,"111463, 111466",2,10,7,65.0
10109872GOMESP_2025-11-11_G86,10109872GOMESP,2025-11-11,111532,1,1,0,101.0
10109872GOMESP_2025-11-12_G02,10109872GOMESP,2025-11-12,111443,1,9,0,267.0
10109872GOMESP_2025-11-12_G03,10109872GOMESP,2025-11-12,118140,1,10,0,143.0
10109872GOMESP_2025-11-12_G04,10109872GOMESP,2025-11-12,111469,1,10,0,111.0
10109872GOMESP_2025-11-12_G05,10109872GOMESP,2025-11-12,111444,1,8,0,137.0
10109872GOMESP_2025-11-12_G06,10109872GOMESP,2025-11-12,141458,1,10,0,141.0
10109872GOMESP_2025-11-12_G07,10109872GOMESP,2025-11-12,110372,1,30,0,271.0
10109872GOMESP_2025-11-12_G08,10109872GOMESP,2025-11-12,111469,1,10,0,244.0
10109872GOMESP_2025-11-12_G09,10109872GOMESP,2025-11-12,111463,2,20,6,85.0
10109872GOMESP_2025-11-12_G10,10109872GOMESP,2025-11-12,117832,1,16,0,222.0
10109872GOMESP_2025-11-12_G11,10109872GOMESP,2025-11-12,110374,1,24,0,147.0
10109872GOMESP_2025-11-12_G12,10109872GOMESP,2025-11-12,"117809, 117820",2,60,22,313.0
10109872GOMESP_2025-11-12_G13,10109872GOMESP,2025-11-12,117830,1,20,0,902.0
10109872GOMESP_2025-11-12_G14,10109872GOMESP,2025-11-12,160051,1,16,0,301.0
10109872GOMESP_2025-11-12_G15,10109872GOMESP,2025-11-12,110373,1,60,0,210.0
10109872GOMESP_2025-11-12_G16,10109872GOMESP,2025-11-12,117831,1,12,0,558.0
10109872GOMESP_2025-11-12_G17,10109872GOMESP,2025-11-12,118140,1,12,0,179.0
10109872GOMESP_2025-11-12_G18,10109872GOMESP,2025-11-12,117785,1,8,0,136.0
10109872GOMESP_2025-11-12_G19,10109872GOMESP,2025-11-12,118299,1,12,0,146.0
10109872GOMESP_2025-11-12_G20,10109872GOMESP,2025-11-12,111465,1,4,0,275.0
10109872GOMESP_2025-11-12_G21,10109872GOMESP,2025-11-12,111463,1,24,0,78.0
10109872GOMESP_2025-11-12_G22,10109872GOMESP,2025-11-12,"118223, 111466",2,58,26,173.0
10109872GOMESP_2025-11-12_G23,10109872GOMESP,2025-11-12,108711,1,8,0,284.0
10109872GOMESP_2025-11-12_G24,10109872GOMESP,2025-11-12,111442,1,32,0,333.0
10109872GOMESP_2025-11-12_G25,10109872GOMESP,2025-11-12,109643,1,80,0,531.0
10109872GOMESP_2025-11-12_G26,10109872GOMESP,2025-11-12,110374,1,300,0,1017.0
10109872GOMESP_2025-11-12_G27,10109872GOMESP,2025-11-12,117809,1,260,0,514.0
10109872GOMESP_2025-11-12_G28,10109872GOMESP,2025-11-12,117830,1,200,0,445.0
10109872GOMESP_2025-11-12_G29,10109872GOMESP,2025-11-12,117832,1,150,0,716.0
10109872GOMESP_2025-11-12_G30,10109872GOMESP,2025-11-12,110325,1,100,0,315.0
10109872GOMESP_2025-11-12_G31,10109872GOMESP,2025-11-12,111469,1,100,0,177.0
10109872GOMESP_2025-11-12_G32,10109872GOMESP,2025-11-12,109641,1,55,0,451.0
10109872GOMESP_2025-11-12_G33,10109872GOMESP,2025-11-12,105705,1,7,0,1353.0
10109872GOMESP_2025-11-12_G34,10109872GOMESP,2025-11-12,"110751, 117821",2,34,24,223.0
10109872GOMESP_2025-11-12_G35,10109872GOMESP,2025-11-12,111330,1,24,0,298.0
10109872GOMESP_2025-11-12_G36,10109872GOMESP,2025-11-12,117831,1,96,0,266.0
10109872GOMESP_2025-11-12_G37,10109872GOMESP,2025-11-12,108795,1,8,0,806.0
10109872GOMESP_2025-11-12_G38,10109872GOMESP,2025-11-12,110740,1,40,0,57.0
10109872GOMESP_2025-11-12_G39,10109872GOMESP,2025-11-12,110745,1,2,0,235.0
10109872GOMESP_2025-11-12_G40,10109872GOMESP,2025-11-12,117838,1,12,0,153.0
10109872GOMESP_2025-11-12_G41,10109872GOMESP,2025-11-12,140922,1,24,0,358.0
10109872GOMESP_2025-11-12_G42,10109872GOMESP,2025-11-12,111348,1,4,0,59.0
10109872GOMESP_2025-11-12_G43,10109872GOMESP,2025-11-12,118140,1,56,0,77.0
10109872GOMESP_2025-11-12_G44,10109872GOMESP,2025-11-12,110743,1,4,0,453.0
10109872GOMESP_2025-11-12_G45,10109872GOMESP,2025-11-12,141456,1,19,0,200.0
10109872GOMESP_2025-11-12_G46,10109872GOMESP,2025-11-12,117841,1,2,0,65.0
10109872GOMESP_2025-11-12_G47,10109872GOMESP,2025-11-12,111463,1,50,0,134.0
10109872GOMESP_2025-11-12_G48,10109872GOMESP,2025-11-12,116241,1,2,0,368.0
10109872GOMESP_2025-11-12_G49,10109872GOMESP,2025-11-12,117787,1,2,0,69.0
10109872GOMESP_2025-11-12_G50,10109872GOMESP,2025-11-12,117833,1,12,0,96.0
10109872GOMESP_2025-11-12_G51,10109872GOMESP,2025-11-12,141457,1,44,0,328.0
10109872GOMESP_2025-11-12_G52,10109872GOMESP,2025-11-12,111444,1,4,0,90.0
10109872GOMESP_2025-11-12_G53,10109872GOMESP,2025-11-12,141458,1,47,0,190.0
10109872GOMESP_2025-11-12_G54,10109872GOMESP,2025-11-12,141823,1,3,0,303.0
10109872GOMESP_2025-11-12_G56,10109872GOMESP,2025-11-12,111440,1,2,0,205.0
10109872GOMESP_2025-11-12_G57,10109872GOMESP,2025-11-12,110895,1,2,0,125.0
10109872GOMESP_2025-11-12_G58,10109872GOMESP,2025-11-12,118222,1,151,0,1139.0
10109872GOMESP_2025-11-12_G59,10109872GOMESP,2025-11-12,"118290, 118229",2,15,22,375.0
10109872GOMESP_2025-11-12_G60,10109872GOMESP,2025-11-12,111569,1,5,0,248.0
10109872GOMESP_2025-11-12_G61,10109872GOMESP,2025-11-12,118352,1,1,0,263.0
10109872GOMESP_2025-11-12_G62,10109872GOMESP,2025-11-12,111430,1,5,0,289.0
10109872GOMESP_2025-11-12_G63,10109872GOMESP,2025-11-12,"118418, 111705",2,6,21,151.0
10109872GOMESP_2025-11-12_G64,10109872GOMESP,2025-11-12,111851,1,2,0,946.0
10109872GOMESP_2025-11-12_G65,10109872GOMESP,2025-11-12,"118353, 111705",2,3,9,96.0
10109872GOMESP_2025-11-12_G66,10109872GOMESP,2025-11-12,118352,1,2,0,108.0
10109872GOMESP_2025-11-12_G67,10109872GOMESP,2025-11-12,117836,1,2,0,148.0
10109872GOMESP_2025-11-12_G68,10109872GOMESP,2025-11-12,117834,1,6,0,83.0
10109872GOMESP_2025-11-12_G69,10109872GOMESP,2025-11-12,110895,1,10,0,91.0
10109872GOMESP_2025-11-12_G70,10109872GOMESP,2025-11-12,110313,1,6,0,135.0
10109872GOMESP_2025-11-12_G71,10109872GOMESP,2025-11-12,118094,1,8,0,99.0
10109872GOMESP_2025-11-12_G72,10109872GOMESP,2025-11-12,117861,1,12,0,248.0
10109872GOMESP_2025-11-12_G73,10109872GOMESP,2025-11-12,110733,1,8,0,203.0
10109872GOMESP_2025-11-12_G74,10109872GOMESP,2025-11-12,117853,1,16,0,115.0
10109872GOMESP_2025-11-12_G75,10109872GOMESP,2025-11-12,117856,1,14,0,86.0
10109872GOMESP_2025-11-12_G76,10109872GOMESP,2025-11-12,107629,1,4,0,97.0
10109872GOMESP_2025-11-12_G77,10109872GOMESP,2025-11-12,117862,1,11,0,344.0
10109872GOMESP_2025-11-12_G78,10109872GOMESP,2025-11-12,111467,1,19,0,741.0
10109872GOMESP_2025-11-12_G79,10109872GOMESP,2025-11-12,117854,1,4,0,102.0
10109872GOMESP_2025-11-13_G02,10109872GOMESP,2025-11-13,118299,1,14,0,246.0
10109872GOMESP_2025-11-13_G03,10109872GOMESP,2025-11-13,110895,1,8,0,106.0
10109872GOMESP_2025-11-13_G04,10109872GOMESP,2025-11-13,117862,1,4,0,100.0
10109872GOMESP_2025-11-13_G05,10109872GOMESP,2025-11-13,118223,1,4,0,54.0
10109872GOMESP_2025-11-13_G06,10109872GOMESP,2025-11-13,111441,1,9,0,488.0
10109872GOMESP_2025-11-13_G07,10109872GOMESP,2025-11-13,108759,1,5,0,372.0
10109872GOMESP_2025-11-13_G08,10109872GOMESP,2025-11-13,117836,2,8,6,158.0
10109872GOMESP_2025-11-13_G09,10109872GOMESP,2025-11-13,110755,1,2,0,114.0
10109872GOMESP_2025-11-13_G10,10109872GOMESP,2025-11-13,110895,1,2,0,191.0
10109872GOMESP_2025-11-13_G11,10109872GOMESP,2025-11-13,141916,1,5,0,77.0
10109872GOMESP_2025-11-13_G12,10109872GOMESP,2025-11-13,118290,1,6,0,102.0
10109872GOMESP_2025-11-13_G13,10109872GOMESP,2025-11-13,118222,1,20,0,72.0
10109872GOMESP_2025-11-13_G14,10109872GOMESP,2025-11-13,111660,1,4,0,352.0
10109872GOMESP_2025-11-13_G15,10109872GOMESP,2025-11-13,141047,1,4,0,133.0
10109872GOMESP_2025-11-13_G16,10109872GOMESP,2025-11-13,108772,1,4,0,94.0
10109872GOMESP_2025-11-13_G17,10109872GOMESP,2025-11-13,117862,1,4,0,74.0
10109872GOMESP_2025-11-13_G18,10109872GOMESP,2025-11-13,140923,1,18,0,381.0
10109872GOMESP_2025-11-13_G19,10109872GOMESP,2025-11-13,111467,1,2,0,137.0
10109872GOMESP_2025-11-13_G20,10109872GOMESP,2025-11-13,111602,1,9,0,156.0
10109872GOMESP_2025-11-13_G21,10109872GOMESP,2025-11-13,110339,1,16,0,212.0
10109872GOMESP_2025-11-13_G22,10109872GOMESP,2025-11-13,111172,1,6,0,253.0
10109872GOMESP_2025-11-13_G23,10109872GOMESP,2025-11-13,105705,1,6,0,73.0
10109872GOMESP_2025-11-13_G24,10109872GOMESP,2025-11-13,111433,1,7,0,84.0
10109872GOMESP_2025-11-13_G25,10109872GOMESP,2025-11-13,117831,1,4,0,79.0
10109872GOMESP_2025-11-13_G26,10109872GOMESP,2025-11-13,110740,1,24,0,199.0
10109872GOMESP_2025-11-13_G27,10109872GOMESP,2025-11-13,111443,2,6,13,48.0
10109872GOMESP_2025-11-13_G28,10109872GOMESP,2025-11-13,111418,1,38,0,157.0
10109872GOMESP_2025-11-13_G29,10109872GOMESP,2025-11-13,111469,2,61,6,435.0
10109872GOMESP_2025-11-13_G30,10109872GOMESP,2025-11-13,111463,1,15,0,1524.0
10109872GOMESP_2025-11-13_G31,10109872GOMESP,2025-11-13,111466,2,15,8,76.0
10109872GOMESP_2025-11-13_G32,10109872GOMESP,2025-11-13,116241,1,6,0,80.0
10109872GOMESP_2025-11-13_G33,10109872GOMESP,2025-11-13,108711,1,4,0,51.0
10109872GOMESP_2025-11-13_G34,10109872GOMESP,2025-11-13,109641,1,5,0,136.0
10109872GOMESP_2025-11-13_G35,10109872GOMESP,2025-11-13,141823,1,3,0,201.0
10109872GOMESP_2025-11-13_G36,10109872GOMESP,2025-11-13,110374,1,26,0,367.0
10109872GOMESP_2025-11-13_G37,10109872GOMESP,2025-11-13,117820,1,19,0,110.0
10109872GOMESP_2025-11-13_G38,10109872GOMESP,2025-11-13,117808,1,24,0,195.0
10109872GOMESP_2025-11-13_G39,10109872GOMESP,2025-11-13,110372,1,27,0,107.0
10109872GOMESP_2025-11-13_G40,10109872GOMESP,2025-11-13,110373,2,42,9,180.0
10109872GOMESP_2025-11-13_G41,10109872GOMESP,2025-11-13,118299,1,10,0,346.0
10109872GOMESP_2025-11-13_G42,10109872GOMESP,2025-11-13,110372,1,3,0,113.0
10109872GOMESP_2025-11-13_G43,10109872GOMESP,2025-11-13,111433,1,4,0,105.0
10109872GOMESP_2025-11-13_G44,10109872GOMESP,2025-11-13,108795,1,5,0,78.0
10109872GOMESP_2025-11-13_G45,10109872GOMESP,2025-11-13,118140,1,11,0,177.0
10109872GOMESP_2025-11-13_G46,10109872GOMESP,2025-11-13,"111418, 111469",3,50,33,257.0
10109872GOMESP_2025-11-13_G47,10109872GOMESP,2025-11-13,141457,1,4,0,477.0
10109872GOMESP_2025-11-13_G48,10109872GOMESP,2025-11-13,111462,1,8,0,135.0
10109872GOMESP_2025-11-13_G49,10109872GOMESP,2025-11-13,141458,1,16,0,170.0
10109872GOMESP_2025-11-13_G50,10109872GOMESP,2025-11-13,117809,1,42,0,746.0
10109872GOMESP_2025-11-13_G51,10109872GOMESP,2025-11-13,"118299, 117808, 110372",4,1191,68,363.0
10109872GOMESP_2025-11-13_G52,10109872GOMESP,2025-11-13,110372,1,100,0,1553.0
10109872GOMESP_2025-11-13_G53,10109872GOMESP,2025-11-13,117785,1,142,0,1246.0
10109872GOMESP_2025-11-13_G54,10109872GOMESP,2025-11-13,110313,1,40,0,351.0
10109872GOMESP_2025-11-13_G55,10109872GOMESP,2025-11-13,141047,1,8,0,329.0
10109872GOMESP_2025-11-13_G56,10109872GOMESP,2025-11-13,"110339, 110313",3,61,50,103.0
10109872GOMESP_2025-11-13_G57,10109872GOMESP,2025-11-13,110129,1,50,0,404.0
10109872GOMESP_2025-11-13_G58,10109872GOMESP,2025-11-13,110787,1,16,0,515.0
10109872GOMESP_2025-11-13_G59,10109872GOMESP,2025-11-13,111466,1,33,0,249.0
10109872GOMESP_2025-11-13_G60,10109872GOMESP,2025-11-13,118317,1,50,0,180.0
10109872GOMESP_2025-11-13_G62,10109872GOMESP,2025-11-13,111441,1,21,0,320.0
10109872GOMESP_2025-11-13_G63,10109872GOMESP,2025-11-13,111743,2,117,27,452.0
10109872GOMESP_2025-11-13_G64,10109872GOMESP,2025-11-13,111418,1,4,0,783.0
10109872GOMESP_2025-11-13_G65,10109872GOMESP,2025-11-13,141047,1,2,0,69.0
10109872GOMESP_2025-11-13_G66,10109872GOMESP,2025-11-13,118418,1,4,0,114.0
10109872GOMESP_2025-11-13_G67,10109872GOMESP,2025-11-13,107904,1,4,0,187.0
10109872GOMESP_2025-11-13_G68,10109872GOMESP,2025-11-13,141318,1,8,0,416.0
10109872GOMESP_2025-11-13_G69,10109872GOMESP,2025-11-13,110747,1,8,0,219.0
10109872GOMESP_2025-11-13_G70,10109872GOMESP,2025-11-13,110741,1,10,0,157.0
10109872GOMESP_2025-11-13_G71,10109872GOMESP,2025-11-13,117837,1,20,0,942.0
10109872GOMESP_2025-11-13_G72,10109872GOMESP,2025-11-13,107629,1,20,0,243.0
10109872GOMESP_2025-11-13_G73,10109872GOMESP,2025-11-13,108772,1,4,0,102.0
10109872GOMESP_2025-11-13_G74,10109872GOMESP,2025-11-13,105242,1,4,0,47.0
10109872GOMESP_2025-11-13_G75,10109872GOMESP,2025-11-13,101217,1,8,0,258.0
10109872GOMESP_2025-11-13_G76,10109872GOMESP,2025-11-13,117832,1,3,0,41.0
10109872GOMESP_2025-11-13_G77,10109872GOMESP,2025-11-13,141457,1,20,0,1173.0
10109872GOMESP_2025-11-14_G02,10109872GOMESP,2025-11-14,110787,1,4,0,95.0
10109872GOMESP_2025-11-14_G03,10109872GOMESP,2025-11-14,117785,1,2,0,85.0
10109872GOMESP_2025-11-14_G04,10109872GOMESP,2025-11-14,141047,1,4,0,142.0
10109872GOMESP_2025-11-14_G05,10109872GOMESP,2025-11-14,110787,2,5,25,63.0
10109872GOMESP_2025-11-14_G06,10109872GOMESP,2025-11-14,118317,1,6,0,141.0
10109872GOMESP_2025-11-14_G07,10109872GOMESP,2025-11-14,141047,1,1,0,244.0
10109872GOMESP_2025-11-14_G08,10109872GOMESP,2025-11-14,141047,1,4,0,47.0
10109872GOMESP_2025-11-14_G09,10109872GOMESP,2025-11-14,110787,1,5,0,59.0
10109872GOMESP_2025-11-14_G10,10109872GOMESP,2025-11-14,118317,1,1,0,82.0
10109872GOMESP_2025-11-14_G11,10109872GOMESP,2025-11-14,111441,1,6,0,310.0
10109872GOMESP_2025-11-14_G12,10109872GOMESP,2025-11-14,117786,1,4,0,111.0
10109872GOMESP_2025-11-14_G13,10109872GOMESP,2025-11-14,111602,1,7,0,156.0
10109872GOMESP_2025-11-14_G14,10109872GOMESP,2025-11-14,117821,1,4,0,107.0
10109872GOMESP_2025-11-14_G15,10109872GOMESP,2025-11-14,141456,1,15,0,122.0
10109872GOMESP_2025-11-14_G16,10109872GOMESP,2025-11-14,111463,1,7,0,95.0
10109872GOMESP_2025-11-14_G17,10109872GOMESP,2025-11-14,108711,1,7,0,80.0
10109872GOMESP_2025-11-14_G18,10109872GOMESP,2025-11-14,141457,1,8,0,110.0
10109872GOMESP_2025-11-14_G19,10109872GOMESP,2025-11-14,110374,1,8,0,230.0
10109872GOMESP_2025-11-14_G20,10109872GOMESP,2025-11-14,117820,1,16,0,152.0
10109872GOMESP_2025-11-14_G21,10109872GOMESP,2025-11-14,117832,1,8,0,378.0
10109872GOMESP_2025-11-14_G22,10109872GOMESP,2025-11-14,117808,1,13,0,123.0
10109872GOMESP_2025-11-14_G23,10109872GOMESP,2025-11-14,117822,1,4,0,85.0
10109872GOMESP_2025-11-14_G24,10109872GOMESP,2025-11-14,118317,1,1,0,98.0
10109872GOMESP_2025-11-14_G25,10109872GOMESP,2025-11-14,141047,1,2,0,85.0
10109872GOMESP_2025-11-14_G26,10109872GOMESP,2025-11-14,118418,1,2,0,326.0
10109872GOMESP_2025-11-14_G27,10109872GOMESP,2025-11-14,118417,1,2,0,92.0
10109872GOMESP_2025-11-14_G28,10109872GOMESP,2025-11-14,110787,1,12,0,136.0
10109872GOMESP_2025-11-14_G29,10109872GOMESP,2025-11-14,117833,1,4,0,151.0
10109872GOMESP_2025-11-14_G30,10109872GOMESP,2025-11-14,107892,1,6,0,794.0
10109872GOMESP_2025-11-14_G31,10109872GOMESP,2025-11-14,110030,1,1,0,247.0
10109872GOMESP_2025-11-14_G32,10109872GOMESP,2025-11-14,118094,1,2,0,110.0
10109872GOMESP_2025-11-14_G33,10109872GOMESP,2025-11-14,110733,1,4,0,88.0
10109872GOMESP_2025-11-14_G34,10109872GOMESP,2025-11-14,140923,1,16,0,167.0
10109872GOMESP_2025-11-14_G35,10109872GOMESP,2025-11-14,108772,1,3,0,46.0
10109872GOMESP_2025-11-14_G36,10109872GOMESP,2025-11-14,105705,1,8,0,167.0
10109872GOMESP_2025-11-14_G37,10109872GOMESP,2025-11-14,109645,1,8,0,115.0
10109872GOMESP_2025-11-14_G38,10109872GOMESP,2025-11-14,108711,1,3,0,95.0
10109872GOMESP_2025-11-14_G39,10109872GOMESP,2025-11-14,108711,1,4,0,35.0
10109872GOMESP_2025-11-14_G40,10109872GOMESP,2025-11-14,109641,1,2,0,90.0
10109872GOMESP_2025-11-14_G41,10109872GOMESP,2025-11-14,111442,1,2,0,57.0
10109872GOMESP_2025-11-14_G42,10109872GOMESP,2025-11-14,118140,1,5,0,96.0
10109872GOMESP_2025-11-14_G43,10109872GOMESP,2025-11-14,141823,1,7,0,194.0
10109872GOMESP_2025-11-14_G44,10109872GOMESP,2025-11-14,108711,1,10,0,131.0
10109872GOMESP_2025-11-14_G45,10109872GOMESP,2025-11-14,118140,1,12,0,159.0
10109872GOMESP_2025-11-14_G46,10109872GOMESP,2025-11-14,117809,1,5,0,298.0
10109872GOMESP_2025-11-14_G47,10109872GOMESP,2025-11-14,117820,1,20,0,99.0
10109872GOMESP_2025-11-14_G48,10109872GOMESP,2025-11-14,111442,1,2,0,98.0
10109872GOMESP_2025-11-14_G49,10109872GOMESP,2025-11-14,110313,1,4,0,163.0
10109872GOMESP_2025-11-14_G50,10109872GOMESP,2025-11-14,110339,1,4,0,173.0
10109872GOMESP_2025-11-14_G51,10109872GOMESP,2025-11-14,111462,1,8,0,99.0
10109872GOMESP_2025-11-14_G52,10109872GOMESP,2025-11-14,118140,1,8,0,96.0
10109872GOMESP_2025-11-14_G53,10109872GOMESP,2025-11-14,111172,1,8,0,716.0
10109872GOMESP_2025-11-14_G54,10109872GOMESP,2025-11-14,105705,1,2,0,77.0
10109872GOMESP_2025-11-14_G55,10109872GOMESP,2025-11-14,111330,1,4,0,391.0
10109872GOMESP_2025-11-14_G56,10109872GOMESP,2025-11-14,140922,1,4,0,99.0
10109872GOMESP_2025-11-14_G57,10109872GOMESP,2025-11-14,111469,1,12,0,181.0
10109872GOMESP_2025-11-14_G58,10109872GOMESP,2025-11-14,111431,1,4,0,60.0
10109872GOMESP_2025-11-14_G59,10109872GOMESP,2025-11-14,117842,1,4,0,160.0
10109872GOMESP_2025-11-14_G60,10109872GOMESP,2025-11-14,111532,1,2,0,105.0
10109872GOMESP_2025-11-14_G61,10109872GOMESP,2025-11-14,111466,1,4,0,54.0
10109872GOMESP_2025-11-14_G62,10109872GOMESP,2025-11-14,111465,1,6,0,88.0
10109872GOMESP_2025-11-14_G63,10109872GOMESP,2025-11-14,117820,1,300,0,1551.0
10109872GOMESP_2025-11-14_G64,10109872GOMESP,2025-11-14,110375,1,12,0,119.0
10109872GOMESP_2025-11-14_G65,10109872GOMESP,2025-11-14,110373,1,200,0,612.0
10109872GOMESP_2025-11-14_G66,10109872GOMESP,2025-11-14,110313,1,2,0,1670.0
10109872GOMESP_2025-11-14_G67,10109872GOMESP,2025-11-14,110741,1,10,0,472.0
10109872GOMESP_2025-11-14_G68,10109872GOMESP,2025-11-14,111876,1,8,0,98.0
10109872GOMESP_2025-11-14_G69,10109872GOMESP,2025-11-14,117837,1,7,0,223.0
10109872GOMESP_2025-11-14_G70,10109872GOMESP,2025-11-14,110753,1,4,0,58.0
10109872GOMESP_2025-11-14_G71,10109872GOMESP,2025-11-14,110750,1,3,0,83.0
10109872GOMESP_2025-11-14_G72,10109872GOMESP,2025-11-14,117856,1,20,0,244.0
10109872GOMESP_2025-11-14_G73,10109872GOMESP,2025-11-14,117786,1,22,0,302.0
10109872GOMESP_2025-11-14_G74,10109872GOMESP,2025-11-14,107629,1,10,0,485.0
10109872GOMESP_2025-11-14_G75,10109872GOMESP,2025-11-14,108361,1,1,0,90.0
10109872GOMESP_2025-11-14_G77,10109872GOMESP,2025-11-14,108772,1,4,0,150.0
10109872GOMESP_2025-11-14_G78,10109872GOMESP,2025-11-14,110752,1,5,0,203.0
10109872GOMESP_2025-11-14_G79,10109872GOMESP,2025-11-14,117862,1,40,0,480.0
10109872GOMESP_2025-11-14_G80,10109872GOMESP,2025-11-14,111467,1,80,0,243.0
10109872GOMESP_2025-11-14_G81,10109872GOMESP,2025-11-14,111602,1,29,0,378.0
10109872GOMESP_2025-11-14_G82,10109872GOMESP,2025-11-14,141066,1,4,0,56.0
10109872GOMESP_2025-11-14_G83,10109872GOMESP,2025-11-14,110339,1,30,0,265.0
10109872GOMESP_2025-11-14_G84,10109872GOMESP,2025-11-14,118094,1,40,0,58.0
10109872GOMESP_2025-11-14_G85,10109872GOMESP,2025-11-14,117834,1,15,0,799.0
10109872GOMESP_2025-11-14_G86,10109872GOMESP,2025-11-14,118222,1,2,0,97.0
10109872GOMESP_2025-11-14_G87,10109872GOMESP,2025-11-14,110374,1,45,0,1422.0
10109872GOMESP_2025-11-14_G88,10109872GOMESP,2025-11-14,117820,1,255,0,857.0
10109872GOMESP_2025-11-14_G89,10109872GOMESP,2025-11-14,117832,1,4,0,230.0
10109872GOMESP_2025-11-14_G90,10109872GOMESP,2025-11-14,110372,1,106,0,341.0
10109872GOMESP_2025-11-14_G91,10109872GOMESP,2025-11-14,118353,1,1,0,250.0
10109872GOMESP_2025-11-14_G92,10109872GOMESP,2025-11-14,118222,1,2,0,87.0
10109872GOMESP_2025-11-14_G93,10109872GOMESP,2025-11-14,140923,1,1,0,69.0
10109872GOMESP_2025-11-14_G94,10109872GOMESP,2025-11-14,108795,1,4,0,75.0
10109872GOMESP_2025-11-14_G95,10109872GOMESP,2025-11-14,110787,1,24,0,467.0
10109872GOMESP_2025-11-14_G96,10109872GOMESP,2025-11-14,118317,1,26,0,151.0
10109872GOMESP_2025-11-14_G97,10109872GOMESP,2025-11-14,117785,1,215,0,913.0
10109872GOMESP_2025-11-15_G02,10109872GOMESP,2025-11-15,"111430, 111441",2,12,20,142.0
10109872GOMESP_2025-11-15_G03,10109872GOMESP,2025-11-15,110747,1,6,0,1450.0
10109872GOMESP_2025-11-15_G04,10109872GOMESP,2025-11-15,118222,1,2,0,60.0
10109872GOMESP_2025-11-15_G05,10109872GOMESP,2025-11-15,118222,1,4,0,38.0
10109872GOMESP_2025-11-15_G06,10109872GOMESP,2025-11-15,111569,1,6,0,77.0
10109872GOMESP_2025-11-15_G07,10109872GOMESP,2025-11-15,109640,1,16,0,686.0
10109872GOMESP_2025-11-15_G08,10109872GOMESP,2025-11-15,141456,1,2,0,95.0
10109872GOMESP_2025-11-15_G09,10109872GOMESP,2025-11-15,109645,1,3,0,67.0
10109872GOMESP_2025-11-15_G10,10109872GOMESP,2025-11-15,141457,1,8,0,614.0
10109872GOMESP_2025-11-15_G11,10109872GOMESP,2025-11-15,109640,1,210,0,1573.0
10109872GOMESP_2025-11-15_G12,10109872GOMESP,2025-11-15,110313,1,12,0,233.0
10109872GOMESP_2025-11-15_G13,10109872GOMESP,2025-11-15,109640,1,2,0,92.0
10109872GOMESP_2025-11-15_G14,10109872GOMESP,2025-11-15,110740,1,22,0,216.0
10109872GOMESP_2025-11-15_G15,10109872GOMESP,2025-11-15,110745,1,8,0,75.0
10109872GOMESP_2025-11-15_G16,10109872GOMESP,2025-11-15,110787,1,6,0,87.0
10109872GOMESP_2025-11-15_G17,10109872GOMESP,2025-11-15,111463,1,20,0,180.0
10109872GOMESP_2025-11-15_G18,10109872GOMESP,2025-11-15,110373,1,43,0,434.0
10109872GOMESP_2025-11-15_G19,10109872GOMESP,2025-11-15,109640,1,12,0,205.0
10109872GOMESP_2025-11-15_G20,10109872GOMESP,2025-11-15,110740,1,2,0,86.0
10109872GOMESP_2025-11-15_G21,10109872GOMESP,2025-11-15,110787,1,18,0,433.0
10109872GOMESP_2025-11-15_G22,10109872GOMESP,2025-11-15,118299,1,32,0,200.0
10109872GOMESP_2025-11-15_G23,10109872GOMESP,2025-11-15,110373,1,43,0,308.0
10109872GOMESP_2025-11-15_G24,10109872GOMESP,2025-11-15,105705,1,19,0,376.0
10109872GOMESP_2025-11-15_G25,10109872GOMESP,2025-11-15,118317,1,8,0,111.0
10109872GOMESP_2025-11-15_G26,10109872GOMESP,2025-11-15,117785,1,24,0,414.0
10109872GOMESP_2025-11-15_G27,10109872GOMESP,2025-11-15,111465,1,2,0,107.0
10109872GOMESP_2025-11-15_G28,10109872GOMESP,2025-11-15,110747,1,4,0,87.0
10109872GOMESP_2025-11-15_G29,10109872GOMESP,2025-11-15,111660,1,7,0,236.0
10109872GOMESP_2025-11-15_G30,10109872GOMESP,2025-11-15,118222,1,72,0,1267.0
10109872GOMESP_2025-11-15_G31,10109872GOMESP,2025-11-15,111330,1,38,0,934.0
10109872GOMESP_2025-11-15_G32,10109872GOMESP,2025-11-15,111430,1,2,0,537.0
10109872GOMESP_2025-11-15_G33,10109872GOMESP,2025-11-15,110733,1,2,0,92.0
10109872GOMESP_2025-11-15_G34,10109872GOMESP,2025-11-15,109640,1,11,0,180.0
10109872GOMESP_2025-11-15_G35,10109872GOMESP,2025-11-15,109640,1,6,0,60.0
10109872GOMESP_2025-11-15_G36,10109872GOMESP,2025-11-15,108772,1,4,0,124.0
10109872GOMESP_2025-11-15_G37,10109872GOMESP,2025-11-15,118094,1,2,0,108.0
10109872GOMESP_2025-11-15_G38,10109872GOMESP,2025-11-15,105705,1,2,0,91.0
10109872GOMESP_2025-11-15_G39,10109872GOMESP,2025-11-15,109643,1,6,0,109.0
10109872GOMESP_2025-11-15_G40,10109872GOMESP,2025-11-15,117834,1,2,0,238.0
10109872GOMESP_2025-11-15_G41,10109872GOMESP,2025-11-15,116527,1,2,0,74.0
10109872GOMESP_2025-11-15_G42,10109872GOMESP,2025-11-15,141916,1,2,0,67.0
10109872GOMESP_2025-11-15_G43,10109872GOMESP,2025-11-15,105705,1,10,0,139.0
10109872GOMESP_2025-11-15_G44,10109872GOMESP,2025-11-15,109645,1,10,0,110.0
10109872GOMESP_2025-11-15_G45,10109872GOMESP,2025-11-15,109645,1,5,0,50.0
10109872GOMESP_2025-11-15_G46,10109872GOMESP,2025-11-15,116241,1,2,0,52.0
10109872GOMESP_2025-11-15_G47,10109872GOMESP,2025-11-15,111348,1,2,0,78.0
10109872GOMESP_2025-11-15_G48,10109872GOMESP,2025-11-15,160055,1,2,0,49.0
10109872GOMESP_2025-11-15_G49,10109872GOMESP,2025-11-15,111463,1,10,0,286.0
10109872GOMESP_2025-11-15_G50,10109872GOMESP,2025-11-15,111442,1,4,0,98.0
10109872GOMESP_2025-11-15_G51,10109872GOMESP,2025-11-15,111462,1,4,0,98.0
10109872GOMESP_2025-11-15_G52,10109872GOMESP,2025-11-15,118140,1,10,0,72.0
10109872GOMESP_2025-11-15_G54,10109872GOMESP,2025-11-15,110373,1,6,0,78.0
10109872GOMESP_2025-11-15_G55,10109872GOMESP,2025-11-15,111441,1,4,0,125.0
10109872GOMESP_2025-11-15_G56,10109872GOMESP,2025-11-15,110733,1,4,0,133.0
10109872GOMESP_2025-11-15_G57,10109872GOMESP,2025-11-15,140922,1,4,0,325.0
10109872GOMESP_2025-11-15_G58,10109872GOMESP,2025-11-15,111743,1,2,0,104.0
10109872GOMESP_2025-11-17_G02,10109872GOMESP,2025-11-17,110751,1,6,0,77.0
10109872GOMESP_2025-11-17_G03,10109872GOMESP,2025-11-17,140922,1,10,0,671.0
10109872GOMESP_2025-11-17_G04,10109872GOMESP,2025-11-17,110787,1,9,0,134.0
10109872GOMESP_2025-11-17_G05,10109872GOMESP,2025-11-17,111435,1,4,0,68.0
10109872GOMESP_2025-11-17_G06,10109872GOMESP,2025-11-17,109643,1,10,0,158.0
10109872GOMESP_2025-11-17_G07,10109872GOMESP,2025-11-17,117832,1,15,0,127.0
10109872GOMESP_2025-11-17_G08,10109872GOMESP,2025-11-17,111430,1,4,0,675.0
10109872GOMESP_2025-11-17_G09,10109872GOMESP,2025-11-17,110755,1,2,0,83.0
10109872GOMESP_2025-11-17_G10,10109872GOMESP,2025-11-17,140911,1,4,0,112.0
10109872GOMESP_2025-11-17_G11,10109872GOMESP,2025-11-17,117786,1,2,0,107.0
10109872GOMESP_2025-11-17_G12,10109872GOMESP,2025-11-17,117935,1,6,0,77.0
10109872GOMESP_2025-11-17_G13,10109872GOMESP,2025-11-17,109640,1,40,0,263.0
10109872GOMESP_2025-11-17_G14,10109872GOMESP,2025-11-17,111172,1,7,0,412.0
10109872GOMESP_2025-11-17_G15,10109872GOMESP,2025-11-17,116241,1,4,0,116.0
10109872GOMESP_2025-11-17_G16,10109872GOMESP,2025-11-17,110787,2,26,23,469.0
10109872GOMESP_2025-11-17_G17,10109872GOMESP,2025-11-17,118317,1,2,0,80.0
10109872GOMESP_2025-11-17_G18,10109872GOMESP,2025-11-17,111532,1,80,0,444.0
10109872GOMESP_2025-11-17_G19,10109872GOMESP,2025-11-17,109643,1,6,0,124.0
10109872GOMESP_2025-11-17_G20,10109872GOMESP,2025-11-17,118353,1,1,0,241.0
10109872GOMESP_2025-11-17_G21,10109872GOMESP,2025-11-17,110787,1,1,0,91.0
10109872GOMESP_2025-11-17_G22,10109872GOMESP,2025-11-17,140911,1,8,0,132.0
10109872GOMESP_2025-11-17_G23,10109872GOMESP,2025-11-17,110787,1,4,0,105.0
10109872GOMESP_2025-11-17_G24,10109872GOMESP,2025-11-17,118299,1,4,0,104.0
10109872GOMESP_2025-11-17_G25,10109872GOMESP,2025-11-17,109640,1,24,0,217.0
10109872GOMESP_2025-11-17_G26,10109872GOMESP,2025-11-17,110787,1,3,0,211.0
10109872GOMESP_2025-11-17_G27,10109872GOMESP,2025-11-17,118317,1,7,0,256.0
10109872GOMESP_2025-11-17_G28,10109872GOMESP,2025-11-17,117785,1,79,0,172.0
10109872GOMESP_2025-11-17_G29,10109872GOMESP,2025-11-17,111532,1,20,0,317.0
10109872GOMESP_2025-11-17_G30,10109872GOMESP,2025-11-17,110374,1,28,0,249.0
10109872GOMESP_2025-11-17_G31,10109872GOMESP,2025-11-17,110372,1,39,0,367.0
10109872GOMESP_2025-11-17_G32,10109872GOMESP,2025-11-17,117808,1,106,0,290.0
10109872GOMESP_2025-11-17_G33,10109872GOMESP,2025-11-17,108759,1,4,0,316.0
10109872GOMESP_2025-11-17_G34,10109872GOMESP,2025-11-17,110787,1,6,0,86.0
10109872GOMESP_2025-11-17_G35,10109872GOMESP,2025-11-17,110787,1,27,0,123.0
10109872GOMESP_2025-11-17_G37,10109872GOMESP,2025-11-17,109645,1,4,0,41.0
10109872GOMESP_2025-11-17_G38,10109872GOMESP,2025-11-17,140922,1,16,0,125.0
10109872GOMESP_2025-11-17_G39,10109872GOMESP,2025-11-17,140922,1,13,0,91.0
10109872GOMESP_2025-11-17_G40,10109872GOMESP,2025-11-17,110787,1,6,0,117.0
10109872GOMESP_2025-11-17_G41,10109872GOMESP,2025-11-17,111418,1,100,0,386.0
10109872GOMESP_2025-11-17_G42,10109872GOMESP,2025-11-17,111431,1,4,0,80.0
10109872GOMESP_2025-11-17_G43,10109872GOMESP,2025-11-17,117842,1,2,0,55.0
10109872GOMESP_2025-11-17_G44,10109872GOMESP,2025-11-17,117831,1,61,0,231.0
10109872GOMESP_2025-11-17_G45,10109872GOMESP,2025-11-17,117831,1,21,0,84.0
10109872GOMESP_2025-11-17_G46,10109872GOMESP,2025-11-17,117833,1,11,0,172.0
10109872GOMESP_2025-11-17_G47,10109872GOMESP,2025-11-17,141457,1,70,0,86.0
10109872GOMESP_2025-11-17_G48,10109872GOMESP,2025-11-17,117785,1,47,0,308.0
10109872GOMESP_2025-11-17_G49,10109872GOMESP,2025-11-17,117785,1,23,0,156.0
10109872GOMESP_2025-11-17_G50,10109872GOMESP,2025-11-17,111462,1,4,0,275.0
10109872GOMESP_2025-11-17_G51,10109872GOMESP,2025-11-17,117821,1,30,0,34.0
10109872GOMESP_2025-11-17_G52,10109872GOMESP,2025-11-17,118140,1,80,0,559.0
10109872GOMESP_2025-11-17_G53,10109872GOMESP,2025-11-17,111434,1,1,0,226.0
10109872GOMESP_2025-11-17_G54,10109872GOMESP,2025-11-17,141458,1,30,0,47.0
10109872GOMESP_2025-11-17_G55,10109872GOMESP,2025-11-17,111532,1,50,0,253.0
10109872GOMESP_2025-11-17_G56,10109872GOMESP,2025-11-17,111465,1,16,0,354.0
10109872GOMESP_2025-11-17_G57,10109872GOMESP,2025-11-17,110733,1,11,0,1019.0
10109872GOMESP_2025-11-17_G58,10109872GOMESP,2025-11-17,117856,1,17,0,599.0
10109872GOMESP_2025-11-17_G59,10109872GOMESP,2025-11-17,117856,1,8,0,100.0
10109872GOMESP_2025-11-17_G60,10109872GOMESP,2025-11-17,117786,4,36,35,141.0
10109872GOMESP_2025-11-18_G02,10109872GOMESP,2025-11-18,117831,1,6,0,106.0
10109872GOMESP_2025-11-18_G03,10109872GOMESP,2025-11-18,117787,1,17,0,130.0
10109872GOMESP_2025-11-18_G04,10109872GOMESP,2025-11-18,118330,1,15,0,291.0
10109872GOMESP_2025-11-18_G05,10109872GOMESP,2025-11-18,111465,1,238,0,620.0
10109872GOMESP_2025-11-19_G02,10109872GOMESP,2025-11-19,110313,1,2,0,117.0
10109872GOMESP_2025-11-19_G03,10109872GOMESP,2025-11-19,117935,1,2,0,60.0
10109872GOMESP_2025-11-19_G04,10109872GOMESP,2025-11-19,140923,1,4,0,110.0
10109872GOMESP_2025-11-19_G05,10109872GOMESP,2025-11-19,110339,1,2,0,99.0
10109872GOMESP_2025-11-19_G06,10109872GOMESP,2025-11-19,141456,1,8,0,181.0
10109872GOMESP_2025-11-19_G07,10109872GOMESP,2025-11-19,111743,1,4,0,89.0
10109872GOMESP_2025-11-19_G08,10109872GOMESP,2025-11-19,111348,1,2,0,75.0
10109872GOMESP_2025-11-19_G09,10109872GOMESP,2025-11-19,117833,1,4,0,98.0
10109872GOMESP_2025-11-19_G10,10109872GOMESP,2025-11-19,111442,1,2,0,45.0
10109872GOMESP_2025-11-19_G11,10109872GOMESP,2025-11-19,118140,1,4,0,197.0
10109872GOMESP_2025-11-19_G12,10109872GOMESP,2025-11-19,111465,1,1,0,60.0
10109872GOMESP_2025-11-19_G13,10109872GOMESP,2025-11-19,110332,1,2,0,90.0
10109872GOMESP_2025-11-19_G14,10109872GOMESP,2025-11-19,117830,1,4,0,379.0
10109872GOMESP_2025-11-19_G15,10109872GOMESP,2025-11-19,110375,1,2,0,62.0
10109872GOMESP_2025-11-19_G16,10109872GOMESP,2025-11-19,110372,1,4,0,48.0
10109872GOMESP_2025-11-19_G17,10109872GOMESP,2025-11-19,117808,1,4,0,70.0
10109872GOMESP_2025-11-19_G18,10109872GOMESP,2025-11-19,110371,1,6,0,127.0
10109872GOMESP_2025-11-19_G19,10109872GOMESP,2025-11-19,110754,1,8,0,1379.0
10109872GOMESP_2025-11-19_G20,10109872GOMESP,2025-11-19,109640,1,8,0,124.0
10109872GOMESP_2025-11-19_G21,10109872GOMESP,2025-11-19,110373,1,10,0,113.0
10109872GOMESP_2025-11-19_G22,10109872GOMESP,2025-11-19,120002,1,4,0,148.0
10109872GOMESP_2025-11-19_G23,10109872GOMESP,2025-11-19,110740,1,20,0,417.0
10109872GOMESP_2025-11-19_G24,10109872GOMESP,2025-11-19,111463,1,8,0,140.0
10109872GOMESP_2025-11-19_G25,10109872GOMESP,2025-11-19,109643,1,4,0,126.0
10109872GOMESP_2025-11-19_G26,10109872GOMESP,2025-11-19,109640,1,40,0,519.0
10109872GOMESP_2025-11-19_G27,10109872GOMESP,2025-11-19,117821,1,2,0,1014.0
10109872GOMESP_2025-11-19_G28,10109872GOMESP,2025-11-19,141458,1,8,0,94.0
10109872GOMESP_2025-11-19_G29,10109872GOMESP,2025-11-19,117808,1,30,0,196.0
10109872GOMESP_2025-11-19_G30,10109872GOMESP,2025-11-19,111660,1,1,0,146.0
10109872GOMESP_2025-11-19_G31,10109872GOMESP,2025-11-19,110372,1,8,0,128.0
10109872GOMESP_2025-11-19_G32,10109872GOMESP,2025-11-19,117820,1,12,0,150.0
10109872GOMESP_2025-11-19_G33,10109872GOMESP,2025-11-19,141047,1,1,0,108.0
10109872GOMESP_2025-11-19_G34,10109872GOMESP,2025-11-19,117808,1,20,0,182.0
10109872GOMESP_2025-11-19_G35,10109872GOMESP,2025-11-19,118222,1,1,0,576.0
10109872GOMESP_2025-11-19_G36,10109872GOMESP,2025-11-19,110733,1,4,0,106.0
10109872GOMESP_2025-11-19_G37,10109872GOMESP,2025-11-19,140923,1,3,0,99.0
10109872GOMESP_2025-11-19_G38,10109872GOMESP,2025-11-19,141456,1,4,0,116.0
10109872GOMESP_2025-11-19_G39,10109872GOMESP,2025-11-19,111743,1,4,0,99.0
10109872GOMESP_2025-11-19_G40,10109872GOMESP,2025-11-19,108795,1,1,0,63.0
10109872GOMESP_2025-11-19_G41,10109872GOMESP,2025-11-19,111435,1,2,0,94.0
10109872GOMESP_2025-11-19_G42,10109872GOMESP,2025-11-19,117833,1,6,0,123.0
10109872GOMESP_2025-11-19_G43,10109872GOMESP,2025-11-19,141457,1,2,0,36.0
10109872GOMESP_2025-11-19_G44,10109872GOMESP,2025-11-19,141823,1,1,0,82.0
10109872GOMESP_2025-11-19_G45,10109872GOMESP,2025-11-19,117820,1,3,0,129.0
10109872GOMESP_2025-11-19_G46,10109872GOMESP,2025-11-19,117830,1,2,0,42.0
10109872GOMESP_2025-11-19_G47,10109872GOMESP,2025-11-19,111602,1,13,0,200.0
10109872GOMESP_2025-11-19_G48,10109872GOMESP,2025-11-19,141916,1,1,0,395.0
10109872GOMESP_2025-11-19_G49,10109872GOMESP,2025-11-19,110733,1,2,0,107.0
10109872GOMESP_2025-11-19_G50,10109872GOMESP,2025-11-19,141047,1,2,0,80.0
10109872GOMESP_2025-11-19_G51,10109872GOMESP,2025-11-19,140923,1,2,0,86.0
10109872GOMESP_2025-11-19_G52,10109872GOMESP,2025-11-19,109647,1,4,0,59.0
10109872GOMESP_2025-11-19_G53,10109872GOMESP,2025-11-19,141456,1,2,0,89.0
10109872GOMESP_2025-11-19_G54,10109872GOMESP,2025-11-19,110740,1,4,0,108.0
10109872GOMESP_2025-11-19_G55,10109872GOMESP,2025-11-19,140922,1,2,0,59.0
10109872GOMESP_2025-11-19_G56,10109872GOMESP,2025-11-19,117831,1,4,0,91.0
10109872GOMESP_2025-11-19_G57,10109872GOMESP,2025-11-19,141457,1,2,0,85.0
10109872GOMESP_2025-11-19_G58,10109872GOMESP,2025-11-19,110372,1,2,0,93.0
10109872GOMESP_2025-11-19_G59,10109872GOMESP,2025-11-19,109643,1,2,0,74.0
10109872GOMESP_2025-11-19_G60,10109872GOMESP,2025-11-19,117808,1,12,0,149.0
10109872GOMESP_2025-11-19_G61,10109872GOMESP,2025-11-19,110371,1,8,0,121.0
10109872GOMESP_2025-11-19_G62,10109872GOMESP,2025-11-19,110373,1,4,0,55.0
10109872GOMESP_2025-11-19_G63,10109872GOMESP,2025-11-19,110372,1,1108,0,3143.0
10109872GOMESP_2025-11-19_G64,10109872GOMESP,2025-11-19,107263,1,2,0,327.0
10109872GOMESP_2025-11-19_G65,10109872GOMESP,2025-11-19,141456,1,250,0,641.0
10109872GOMESP_2025-11-19_G66,10109872GOMESP,2025-11-19,110740,1,3,0,184.0
10109872GOMESP_2025-11-19_G67,10109872GOMESP,2025-11-19,140922,1,100,0,510.0
10109872GOMESP_2025-11-19_G68,10109872GOMESP,2025-11-19,111418,2,86,13,238.0
10109872GOMESP_2025-11-19_G69,10109872GOMESP,2025-11-19,111418,1,160,0,401.0
10109872GOMESP_2025-11-19_G70,10109872GOMESP,2025-11-19,118330,1,12,0,198.0
10109872GOMESP_2025-11-19_G71,10109872GOMESP,2025-11-19,111466,3,54,26,98.0
10109872GOMESP_2025-11-19_G72,10109872GOMESP,2025-11-19,111418,1,60,0,560.0
10109872GOMESP_2025-11-19_G74,10109872GOMESP,2025-11-19,117820,1,16,0,447.0
10109872GOMESP_2025-11-19_G75,10109872GOMESP,2025-11-19,117820,1,12,0,71.0
10109872GOMESP_2025-11-19_G76,10109872GOMESP,2025-11-19,117830,1,34,0,260.0
10109872GOMESP_2025-11-19_G77,10109872GOMESP,2025-11-19,117830,1,35,0,112.0
10109872GOMESP_2025-11-19_G78,10109872GOMESP,2025-11-19,110372,1,108,0,278.0
10109872GOMESP_2025-11-19_G79,10109872GOMESP,2025-11-19,117808,1,39,0,216.0
10109872GOMESP_2025-11-19_G80,10109872GOMESP,2025-11-19,110372,1,105,0,676.0
10109872GOMESP_2025-11-19_G81,10109872GOMESP,2025-11-19,117808,1,540,0,202.0
10109872GOMESP_2025-11-19_G82,10109872GOMESP,2025-11-19,117822,1,11,0,765.0
10109872GOMESP_2025-11-19_G83,10109872GOMESP,2025-11-19,117822,1,5,0,41.0
10109872GOMESP_2025-11-19_G84,10109872GOMESP,2025-11-19,110371,1,140,0,476.0
10109872GOMESP_2025-11-19_G85,10109872GOMESP,2025-11-19,110371,1,150,0,351.0
10109872GOMESP_2025-11-19_G86,10109872GOMESP,2025-11-19,110371,1,54,0,206.0
10109872GOMESP_2025-11-19_G87,10109872GOMESP,2025-11-19,110373,1,250,0,938.0
10109872GOMESP_2025-11-19_G88,10109872GOMESP,2025-11-19,110372,1,65,0,557.0
10109872GOMESP_2025-11-21_G02,10109872GOMESP,2025-11-21,110747,1,2,0,363.0
10109872GOMESP_2025-11-21_G03,10109872GOMESP,2025-11-21,111469,1,5,0,121.0
10109872GOMESP_2025-11-21_G04,10109872GOMESP,2025-11-21,111442,1,3,0,80.0
10109872GOMESP_2025-11-21_G05,10109872GOMESP,2025-11-21,110372,1,10,0,160.0
10109872GOMESP_2025-11-21_G06,10109872GOMESP,2025-11-21,117808,1,10,0,143.0
10109872GOMESP_2025-11-21_G07,10109872GOMESP,2025-11-21,109640,1,30,0,563.0
10109872GOMESP_2025-11-21_G08,10109872GOMESP,2025-11-21,110373,1,10,0,109.0
10109872GOMESP_2025-11-21_G09,10109872GOMESP,2025-11-21,118094,1,5,0,461.0
10109872GOMESP_2025-11-21_G10,10109872GOMESP,2025-11-21,111469,1,10,0,142.0
10109872GOMESP_2025-11-21_G11,10109872GOMESP,2025-11-21,117821,1,10,0,188.0
10109872GOMESP_2025-11-21_G12,10109872GOMESP,2025-11-21,141458,1,10,0,103.0
10109872GOMESP_2025-11-21_G13,10109872GOMESP,2025-11-21,117830,1,10,0,209.0
10109872GOMESP_2025-11-21_G14,10109872GOMESP,2025-11-21,110733,1,4,0,82.0
10109872GOMESP_2025-11-21_G15,10109872GOMESP,2025-11-21,108711,1,8,0,107.0
10109872GOMESP_2025-11-21_G16,10109872GOMESP,2025-11-21,118140,1,8,0,111.0
10109872GOMESP_2025-11-21_G17,10109872GOMESP,2025-11-21,117785,1,4,0,58.0
10109872GOMESP_2025-11-21_G18,10109872GOMESP,2025-11-21,117785,1,4,0,36.0
10109872GOMESP_2025-11-21_G19,10109872GOMESP,2025-11-21,141823,1,4,0,59.0
10109872GOMESP_2025-11-21_G20,10109872GOMESP,2025-11-21,117820,1,4,0,137.0
10109872GOMESP_2025-11-21_G21,10109872GOMESP,2025-11-21,141202,1,4,0,134.0
10109872GOMESP_2025-11-21_G22,10109872GOMESP,2025-11-21,111433,1,4,0,453.0
10109872GOMESP_2025-11-21_G23,10109872GOMESP,2025-11-21,111182,1,2,0,78.0
10109872GOMESP_2025-11-21_G24,10109872GOMESP,2025-11-21,110740,1,10,0,232.0
10109872GOMESP_2025-11-21_G25,10109872GOMESP,2025-11-21,111418,1,4,0,56.0
10109872GOMESP_2025-11-21_G26,10109872GOMESP,2025-11-21,141457,1,10,0,164.0
10109872GOMESP_2025-11-21_G27,10109872GOMESP,2025-11-21,111466,1,20,0,163.0
10109872GOMESP_2025-11-21_G28,10109872GOMESP,2025-11-21,117854,1,1,0,571.0
10109872GOMESP_2025-11-21_G30,10109872GOMESP,2025-11-21,111876,1,2,0,39.0
10109872GOMESP_2025-11-21_G31,10109872GOMESP,2025-11-21,117861,2,4,29,59.0
10109872GOMESP_2025-11-21_G32,10109872GOMESP,2025-11-21,118298,3,8,44,91.0
10109872GOMESP_2025-11-21_G33,10109872GOMESP,2025-11-21,110733,2,8,25,65.0
10109872GOMESP_2025-11-21_G34,10109872GOMESP,2025-11-21,110733,1,3,0,40.0
10109872GOMESP_2025-11-21_G35,10109872GOMESP,2025-11-21,117853,1,1,0,56.0
10109872GOMESP_2025-11-21_G36,10109872GOMESP,2025-11-21,117853,1,2,0,33.0
10109872GOMESP_2025-11-21_G37,10109872GOMESP,2025-11-21,117853,1,7,0,232.0
10109872GOMESP_2025-11-21_G38,10109872GOMESP,2025-11-21,117856,2,3,16,36.0
10109872GOMESP_2025-11-21_G39,10109872GOMESP,2025-11-21,117856,1,12,0,82.0
10109872GOMESP_2025-11-21_G40,10109872GOMESP,2025-11-21,117856,1,3,0,34.0
10109872GOMESP_2025-11-21_G41,10109872GOMESP,2025-11-21,141047,1,4,0,90.0
10109872GOMESP_2025-11-21_G42,10109872GOMESP,2025-11-21,110313,1,1,0,194.0
10109872GOMESP_2025-11-21_G43,10109872GOMESP,2025-11-21,110313,1,5,0,35.0
10109872GOMESP_2025-11-21_G44,10109872GOMESP,2025-11-21,117935,1,9,0,130.0
10109872GOMESP_2025-11-21_G45,10109872GOMESP,2025-11-21,141352,1,8,0,193.0
10109872GOMESP_2025-11-21_G46,10109872GOMESP,2025-11-21,140923,1,11,0,99.0
10109872GOMESP_2025-11-21_G47,10109872GOMESP,2025-11-21,108772,1,3,0,148.0
10109872GOMESP_2025-11-21_G48,10109872GOMESP,2025-11-21,109647,1,2,0,96.0
10109872GOMESP_2025-11-21_G49,10109872GOMESP,2025-11-21,109647,1,2,0,186.0
10109872GOMESP_2025-11-21_G50,10109872GOMESP,2025-11-21,117854,1,2,0,279.0
10109872GOMESP_2025-11-21_G51,10109872GOMESP,2025-11-21,111569,1,3,0,172.0
10109872GOMESP_2025-11-21_G52,10109872GOMESP,2025-11-21,109471,1,2,0,107.0
10109872GOMESP_2025-11-21_G53,10109872GOMESP,2025-11-21,111660,1,3,0,399.0
10109872GOMESP_2025-11-22_G02,10109872GOMESP,2025-11-22,111468,1,2,0,142.0
10109872GOMESP_2025-11-22_G03,10109872GOMESP,2025-11-22,160054,1,10,0,140.0
10109872GOMESP_2025-11-22_G04,10109872GOMESP,2025-11-22,160051,1,30,0,509.0
10109872GOMESP_2025-11-22_G05,10109872GOMESP,2025-11-22,111876,1,4,0,141.0
10109872GOMESP_2025-11-22_G06,10109872GOMESP,2025-11-22,111879,1,2,0,55.0
10109872GOMESP_2025-11-22_G07,10109872GOMESP,2025-11-22,109640,2,4,23,314.0
10109872GOMESP_2025-11-22_G08,10109872GOMESP,2025-11-22,111442,1,6,0,115.0
10109872GOMESP_2025-11-22_G09,10109872GOMESP,2025-11-22,117965,1,4,0,107.0
10109872GOMESP_2025-11-22_G10,10109872GOMESP,2025-11-22,117855,1,2,0,127.0
10109872GOMESP_2025-11-22_G11,10109872GOMESP,2025-11-22,110787,1,4,0,67.0
10109872GOMESP_2025-11-22_G12,10109872GOMESP,2025-11-22,111418,1,28,0,417.0
10109872GOMESP_2025-11-22_G13,10109872GOMESP,2025-11-22,111466,1,2,0,72.0
10109872GOMESP_2025-11-22_G14,10109872GOMESP,2025-11-22,111466,1,26,0,165.0
10109872GOMESP_2025-11-22_G15,10109872GOMESP,2025-11-22,108711,1,4,0,122.0
10109872GOMESP_2025-11-22_G16,10109872GOMESP,2025-11-22,111466,1,4,0,109.0
10109872GOMESP_2025-11-22_G17,10109872GOMESP,2025-11-22,118140,1,2,0,53.0
10109872GOMESP_2025-11-22_G18,10109872GOMESP,2025-11-22,118299,1,45,0,604.0
10109872GOMESP_2025-11-22_G19,10109872GOMESP,2025-11-22,110371,1,4,0,118.0
10109872GOMESP_2025-11-22_G20,10109872GOMESP,2025-11-22,117830,1,6,0,196.0
10109872GOMESP_2025-11-22_G21,10109872GOMESP,2025-11-22,117855,1,9,0,383.0
10109872GOMESP_2025-11-22_G22,10109872GOMESP,2025-11-22,111330,1,4,0,174.0
10109872GOMESP_2025-11-22_G23,10109872GOMESP,2025-11-22,118299,1,131,0,904.0
10109872GOMESP_2025-11-22_G24,10109872GOMESP,2025-11-22,141823,1,16,0,305.0
10109872GOMESP_2025-11-22_G25,10109872GOMESP,2025-11-22,110711,1,4,0,135.0
10109872GOMESP_2025-11-22_G26,10109872GOMESP,2025-11-22,111569,1,8,0,375.0
10109872GOMESP_2025-11-22_G27,10109872GOMESP,2025-11-22,118222,1,7,0,435.0
10109872GOMESP_2025-11-22_G28,10109872GOMESP,2025-11-22,110747,1,8,0,163.0
10109872GOMESP_2025-11-22_G29,10109872GOMESP,2025-11-22,110740,1,2,0,219.0
10109872GOMESP_2025-11-22_G30,10109872GOMESP,2025-11-22,110787,1,7,0,114.0
10109872GOMESP_2025-11-22_G31,10109872GOMESP,2025-11-22,108711,1,2,0,58.0
10109872GOMESP_2025-11-22_G32,10109872GOMESP,2025-11-22,118140,1,2,0,99.0
10109872GOMESP_2025-11-22_G33,10109872GOMESP,2025-11-22,111465,1,3,0,137.0
10109872GOMESP_2025-11-22_G34,10109872GOMESP,2025-11-22,160054,1,1,0,153.0
10109872GOMESP_2025-11-22_G35,10109872GOMESP,2025-11-22,110373,1,36,0,590.0
10109872GOMESP_2025-11-22_G36,10109872GOMESP,2025-11-22,160051,1,2,0,74.0
10109872GOMESP_2025-11-22_G37,10109872GOMESP,2025-11-22,110740,1,4,0,324.0
10109872GOMESP_2025-11-22_G38,10109872GOMESP,2025-11-22,111463,1,2,0,139.0
10109872GOMESP_2025-11-22_G39,10109872GOMESP,2025-11-22,111465,1,1,0,67.0
10109872GOMESP_2025-11-22_G40,10109872GOMESP,2025-11-22,110373,1,5,0,144.0
10109872GOMESP_2025-11-22_G41,10109872GOMESP,2025-11-22,118222,1,12,0,299.0
10109872GOMESP_2025-11-22_G42,10109872GOMESP,2025-11-22,117856,1,1,0,105.0
10109872GOMESP_2025-11-22_G43,10109872GOMESP,2025-11-22,110740,1,2,0,85.0
10109872GOMESP_2025-11-22_G44,10109872GOMESP,2025-11-22,108711,1,4,0,132.0
10109872GOMESP_2025-11-22_G45,10109872GOMESP,2025-11-22,110373,1,5,0,120.0
10109872GOMESP_2025-11-22_G46,10109872GOMESP,2025-11-22,118222,1,8,0,578.0
10109872GOMESP_2025-11-22_G47,10109872GOMESP,2025-11-22,110747,1,3,0,167.0
10109872GOMESP_2025-11-22_G48,10109872GOMESP,2025-11-22,117856,1,6,0,131.0
10109872GOMESP_2025-11-22_G49,10109872GOMESP,2025-11-22,118140,1,12,0,292.0
10109872GOMESP_2025-11-22_G50,10109872GOMESP,2025-11-22,110740,1,3,0,86.0
10109872GOMESP_2025-11-22_G51,10109872GOMESP,2025-11-22,110787,1,4,0,107.0
10109872GOMESP_2025-11-22_G52,10109872GOMESP,2025-11-22,108711,1,6,0,78.0
10109872GOMESP_2025-11-22_G53,10109872GOMESP,2025-11-22,117821,1,4,0,111.0
10109872GOMESP_2025-11-22_G54,10109872GOMESP,2025-11-22,111465,1,4,0,106.0
10109872GOMESP_2025-11-22_G55,10109872GOMESP,2025-11-22,110373,1,13,0,185.0
10109872GOMESP_2025-11-22_G56,10109872GOMESP,2025-11-22,160051,1,4,0,88.0
10109872GOMESP_2025-11-22_G57,10109872GOMESP,2025-11-22,118222,1,100,0,1537.0
10109872GOMESP_2025-11-22_G58,10109872GOMESP,2025-11-22,140923,1,150,0,514.0
10109872GOMESP_2025-11-22_G59,10109872GOMESP,2025-11-22,111463,1,100,0,213.0
10109872GOMESP_2025-11-22_G60,10109872GOMESP,2025-11-22,117785,1,100,0,354.0
10109872GOMESP_2025-11-22_G62,10109872GOMESP,2025-11-22,110372,1,103,0,299.0
10109872GOMESP_2025-11-22_G63,10109872GOMESP,2025-11-22,110372,1,97,0,413.0
10109872GOMESP_2025-11-22_G64,10109872GOMESP,2025-11-22,117808,1,324,0,431.0
10109872GOMESP_2025-11-22_G65,10109872GOMESP,2025-11-22,140922,1,100,0,525.0
10109872GOMESP_2025-11-22_G66,10109872GOMESP,2025-11-22,111463,1,100,0,246.0
10109872GOMESP_2025-11-22_G67,10109872GOMESP,2025-11-22,117833,1,21,0,196.0
10109872GOMESP_2025-11-22_G68,10109872GOMESP,2025-11-22,117785,1,104,0,579.0
10109872GOMESP_2025-11-22_G69,10109872GOMESP,2025-11-22,111442,1,21,0,386.0
10109872GOMESP_2025-11-24_G02,10109872GOMESP,2025-11-24,109640,1,80,0,563.0
10109872GOMESP_2025-11-24_G03,10109872GOMESP,2025-11-24,111463,1,360,0,674.0
10109872GOMESP_2025-11-24_G04,10109872GOMESP,2025-11-24,117831,1,300,0,649.0
10109872GOMESP_2025-11-24_G05,10109872GOMESP,2025-11-24,110373,1,108,0,306.0
10109872GOMESP_2025-11-24_G06,10109872GOMESP,2025-11-24,110371,1,91,0,485.0
10109872GOMESP_2025-11-24_G07,10109872GOMESP,2025-11-24,110371,1,139,0,338.0
10109872GOMESP_2025-11-24_G08,10109872GOMESP,2025-11-24,117820,1,425,0,750.0
10109872GOMESP_2025-11-24_G09,10109872GOMESP,2025-11-24,110373,1,603,0,1644.0
10109872GOMESP_2025-11-24_G10,10109872GOMESP,2025-11-24,109640,1,2,0,700.0
10109872GOMESP_2025-11-24_G11,10109872GOMESP,2025-11-24,111466,1,8,0,144.0
10109872GOMESP_2025-11-24_G12,10109872GOMESP,2025-11-24,111466,1,4,0,68.0
10109872GOMESP_2025-11-24_G13,10109872GOMESP,2025-11-24,110372,1,7,0,95.0
10109872GOMESP_2025-11-24_G14,10109872GOMESP,2025-11-24,111463,1,2,0,117.0
10109872GOMESP_2025-11-24_G15,10109872GOMESP,2025-11-24,117797,1,4,0,144.0
10109872GOMESP_2025-11-24_G16,10109872GOMESP,2025-11-24,110313,1,2,0,109.0
10109872GOMESP_2025-11-24_G17,10109872GOMESP,2025-11-24,141271,1,2,0,57.0
10109872GOMESP_2025-11-24_G18,10109872GOMESP,2025-11-24,111569,1,2,0,119.0
10109872GOMESP_2025-11-24_G19,10109872GOMESP,2025-11-24,118094,1,4,0,59.0
10109872GOMESP_2025-11-24_G20,10109872GOMESP,2025-11-24,141047,1,2,0,84.0
10109872GOMESP_2025-11-24_G21,10109872GOMESP,2025-11-24,117786,1,4,0,78.0
10109872GOMESP_2025-11-24_G22,10109872GOMESP,2025-11-24,140923,1,2,0,89.0
10109872GOMESP_2025-11-24_G23,10109872GOMESP,2025-11-24,117809,1,6,0,214.0
10109872GOMESP_2025-11-24_G24,10109872GOMESP,2025-11-24,117809,1,4,0,34.0
10109872GOMESP_2025-11-24_G25,10109872GOMESP,2025-11-24,117820,1,10,0,93.0
10109872GOMESP_2025-11-24_G26,10109872GOMESP,2025-11-24,117820,1,4,0,31.0
10109872GOMESP_2025-11-24_G27,10109872GOMESP,2025-11-24,110373,1,26,0,497.0
10109872GOMESP_2025-11-24_G28,10109872GOMESP,2025-11-24,110373,1,10,0,58.0
10109872GOMESP_2025-11-24_G29,10109872GOMESP,2025-11-24,110372,1,12,0,266.0
10109872GOMESP_2025-11-24_G30,10109872GOMESP,2025-11-24,109643,1,12,0,130.0
10109872GOMESP_2025-11-24_G31,10109872GOMESP,2025-11-24,111569,1,4,0,306.0
10109872GOMESP_2025-11-24_G32,10109872GOMESP,2025-11-24,118306,1,6,0,69.0
10109872GOMESP_2025-11-24_G33,10109872GOMESP,2025-11-24,110895,2,2,18,163.0
10109872GOMESP_2025-11-24_G34,10109872GOMESP,2025-11-24,118222,1,6,0,141.0
10109872GOMESP_2025-11-24_G35,10109872GOMESP,2025-11-24,111660,1,4,0,98.0
10109872GOMESP_2025-11-24_G36,10109872GOMESP,2025-11-24,117837,1,4,0,249.0
10109872GOMESP_2025-11-24_G37,10109872GOMESP,2025-11-24,110733,1,6,0,65.0
10109872GOMESP_2025-11-24_G38,10109872GOMESP,2025-11-24,141047,1,4,0,120.0
10109872GOMESP_2025-11-24_G39,10109872GOMESP,2025-11-24,110313,1,5,0,243.0
10109872GOMESP_2025-11-24_G40,10109872GOMESP,2025-11-24,109647,1,3,0,93.0
10109872GOMESP_2025-11-24_G41,10109872GOMESP,2025-11-24,117855,1,10,0,120.0
10109872GOMESP_2025-11-24_G42,10109872GOMESP,2025-11-24,116241,1,6,0,182.0
10109872GOMESP_2025-11-24_G43,10109872GOMESP,2025-11-24,118223,1,2,0,100.0
10109872GOMESP_2025-11-24_G44,10109872GOMESP,2025-11-24,141456,1,8,0,129.0
10109872GOMESP_2025-11-24_G45,10109872GOMESP,2025-11-24,141458,1,5,0,61.0
10109872GOMESP_2025-11-24_G46,10109872GOMESP,2025-11-24,117808,1,24,0,317.0
10109872GOMESP_2025-11-24_G47,10109872GOMESP,2025-11-24,111447,1,4,0,128.0
10109872GOMESP_2025-11-24_G48,10109872GOMESP,2025-11-24,110371,1,6,0,61.0
10109872GOMESP_2025-11-24_G49,10109872GOMESP,2025-11-24,110371,1,13,0,206.0
10109872GOMESP_2025-11-24_G50,10109872GOMESP,2025-11-24,117820,2,13,30,106.0
10109872GOMESP_2025-11-24_G51,10109872GOMESP,2025-11-24,117830,1,8,0,101.0
10109872GOMESP_2025-11-24_G52,10109872GOMESP,2025-11-24,117830,1,8,0,61.0
10109872GOMESP_2025-11-24_G53,10109872GOMESP,2025-11-24,110372,1,14,0,513.0
10109872GOMESP_2025-11-24_G54,10109872GOMESP,2025-11-24,110373,1,56,0,465.0
10109872GOMESP_2025-11-24_G55,10109872GOMESP,2025-11-24,109643,1,11,0,128.0
10109872GOMESP_2025-11-24_G56,10109872GOMESP,2025-11-24,117808,1,50,0,527.0
10109872GOMESP_2025-11-24_G57,10109872GOMESP,2025-11-24,110755,1,6,0,105.0
10109872GOMESP_2025-11-24_G58,10109872GOMESP,2025-11-24,110895,1,4,0,74.0
10109872GOMESP_2025-11-24_G59,10109872GOMESP,2025-11-24,116527,1,4,0,83.0
10109872GOMESP_2025-11-24_G60,10109872GOMESP,2025-11-24,118222,1,9,0,194.0
10109872GOMESP_2025-11-24_G62,10109872GOMESP,2025-11-24,111876,1,6,0,146.0
10109872GOMESP_2025-11-24_G63,10109872GOMESP,2025-11-24,140923,1,11,0,134.0
10109872GOMESP_2025-11-24_G64,10109872GOMESP,2025-11-24,109640,1,11,0,78.0
10109872GOMESP_2025-11-24_G65,10109872GOMESP,2025-11-24,110371,2,60,20,524.0
10109872GOMESP_2025-11-24_G66,10109872GOMESP,2025-11-24,117809,1,34,0,239.0
10109872GOMESP_2025-11-24_G67,10109872GOMESP,2025-11-24,117809,1,16,0,263.0
10109872GOMESP_2025-11-24_G68,10109872GOMESP,2025-11-24,117820,1,100,0,196.0
10109872GOMESP_2025-11-24_G69,10109872GOMESP,2025-11-24,117830,1,13,0,265.0
10109872GOMESP_2025-11-24_G70,10109872GOMESP,2025-11-24,117830,2,87,8,490.0
10109872GOMESP_2025-11-24_G71,10109872GOMESP,2025-11-24,110372,1,200,0,453.0
10109872GOMESP_2025-11-24_G72,10109872GOMESP,2025-11-24,110373,1,67,0,303.0
10109872GOMESP_2025-11-24_G73,10109872GOMESP,2025-11-24,117808,1,240,0,810.0
10109872GOMESP_2025-11-24_G74,10109872GOMESP,2025-11-24,111569,1,2,0,1603.0
10109872GOMESP_2025-11-24_G75,10109872GOMESP,2025-11-24,110747,1,4,0,116.0
10109872GOMESP_2025-11-24_G76,10109872GOMESP,2025-11-24,117856,1,12,0,140.0
10109872GOMESP_2025-11-24_G77,10109872GOMESP,2025-11-24,117855,1,2,0,73.0
10109872GOMESP_2025-11-24_G78,10109872GOMESP,2025-11-24,141823,1,7,0,129.0
10109872GOMESP_2025-11-24_G79,10109872GOMESP,2025-11-24,110371,1,1,0,81.0
10109872GOMESP_2025-11-24_G80,10109872GOMESP,2025-11-24,117830,1,6,0,78.0
10109872GOMESP_2025-11-24_G81,10109872GOMESP,2025-11-24,117832,1,2,0,101.0
10109872GOMESP_2025-11-24_G82,10109872GOMESP,2025-11-24,117808,1,12,0,139.0
10109872GOMESP_2025-11-26_G02,10109872GOMESP,2025-11-26,117862,1,3,0,59.0
10109872GOMESP_2025-11-26_G03,10109872GOMESP,2025-11-26,111602,1,7,0,135.0
10109872GOMESP_2025-11-26_G04,10109872GOMESP,2025-11-26,117854,1,2,0,39.0
10109872GOMESP_2025-11-26_G05,10109872GOMESP,2025-11-26,109640,1,2,0,57.0
10109872GOMESP_2025-11-26_G06,10109872GOMESP,2025-11-26,109640,1,2,0,43.0
10109872GOMESP_2025-11-26_G07,10109872GOMESP,2025-11-26,117861,2,9,18,178.0
10109872GOMESP_2025-11-26_G08,10109872GOMESP,2025-11-26,118140,1,9,0,421.0
10109872GOMESP_2025-11-26_G09,10109872GOMESP,2025-11-26,118140,1,5,0,54.0
10109872GOMESP_2025-11-26_G10,10109872GOMESP,2025-11-26,111532,1,3,0,202.0
10109872GOMESP_2025-11-26_G11,10109872GOMESP,2025-11-26,109645,1,2,0,91.0
10109872GOMESP_2025-11-26_G12,10109872GOMESP,2025-11-26,110740,1,4,0,103.0
10109872GOMESP_2025-11-26_G13,10109872GOMESP,2025-11-26,111435,1,4,0,120.0
10109872GOMESP_2025-11-26_G14,10109872GOMESP,2025-11-26,110740,1,3,0,138.0
10109872GOMESP_2025-11-26_G15,10109872GOMESP,2025-11-26,111468,1,1,0,77.0
10109872GOMESP_2025-11-26_G16,10109872GOMESP,2025-11-26,111463,1,5,0,66.0
10109872GOMESP_2025-11-26_G17,10109872GOMESP,2025-11-26,108711,1,5,0,82.0
10109872GOMESP_2025-11-26_G18,10109872GOMESP,2025-11-26,111418,1,2,0,73.0
10109872GOMESP_2025-11-26_G19,10109872GOMESP,2025-11-26,111418,1,8,0,323.0
10109872GOMESP_2025-11-26_G20,10109872GOMESP,2025-11-26,109641,1,2,0,35.0
10109872GOMESP_2025-11-26_G21,10109872GOMESP,2025-11-26,109641,1,4,0,38.0
10109872GOMESP_2025-11-26_G22,10109872GOMESP,2025-11-26,117785,1,4,0,53.0
10109872GOMESP_2025-11-26_G23,10109872GOMESP,2025-11-26,141457,1,6,0,69.0
10109872GOMESP_2025-11-26_G24,10109872GOMESP,2025-11-26,111466,2,15,26,118.0
10109872GOMESP_2025-11-26_G25,10109872GOMESP,2025-11-26,111466,1,5,0,40.0
10109872GOMESP_2025-11-26_G26,10109872GOMESP,2025-11-26,141458,1,15,0,130.0
10109872GOMESP_2025-11-26_G27,10109872GOMESP,2025-11-26,117831,1,2,0,39.0
10109872GOMESP_2025-11-26_G28,10109872GOMESP,2025-11-26,141456,1,7,0,77.0
10109872GOMESP_2025-11-26_G29,10109872GOMESP,2025-11-26,117820,1,5,0,254.0
10109872GOMESP_2025-11-26_G30,10109872GOMESP,2025-11-26,117830,1,5,0,47.0
10109872GOMESP_2025-11-26_G31,10109872GOMESP,2025-11-26,117822,1,2,0,61.0
10109872GOMESP_2025-11-26_G32,10109872GOMESP,2025-11-26,110373,1,5,0,110.0
10109872GOMESP_2025-11-26_G33,10109872GOMESP,2025-11-26,110373,1,21,0,254.0
10109872GOMESP_2025-11-26_G34,10109872GOMESP,2025-11-26,110372,1,20,0,139.0
10109872GOMESP_2025-11-26_G35,10109872GOMESP,2025-11-26,110372,1,7,0,58.0
10109872GOMESP_2025-11-26_G36,10109872GOMESP,2025-11-26,110372,1,8,0,109.0
10109872GOMESP_2025-11-26_G37,10109872GOMESP,2025-11-26,110371,1,4,0,104.0
10109872GOMESP_2025-11-26_G38,10109872GOMESP,2025-11-26,110371,1,5,0,31.0
10109872GOMESP_2025-11-26_G39,10109872GOMESP,2025-11-26,140923,1,10,0,382.0
10109872GOMESP_2025-11-26_G40,10109872GOMESP,2025-11-26,111532,1,4,0,54.0
10109872GOMESP_2025-11-26_G41,10109872GOMESP,2025-11-26,108798,1,4,0,135.0
10109872GOMESP_2025-11-26_G42,10109872GOMESP,2025-11-26,110740,1,8,0,82.0
10109872GOMESP_2025-11-26_G43,10109872GOMESP,2025-11-26,117785,1,25,0,184.0
10109872GOMESP_2025-11-26_G44,10109872GOMESP,2025-11-26,117820,1,35,0,292.0
10109872GOMESP_2025-11-26_G45,10109872GOMESP,2025-11-26,110373,1,4,0,98.0
10109872GOMESP_2025-11-26_G46,10109872GOMESP,2025-11-26,140911,1,12,0,123.0
10109872GOMESP_2025-11-26_G47,10109872GOMESP,2025-11-26,141916,1,1,0,421.0
10109872GOMESP_2025-11-26_G48,10109872GOMESP,2025-11-26,117855,1,20,0,134.0
10109872GOMESP_2025-11-26_G49,10109872GOMESP,2025-11-26,118317,1,16,0,255.0
10109872GOMESP_2025-11-26_G50,10109872GOMESP,2025-11-26,111466,1,10,0,247.0
10109872GOMESP_2025-11-26_G51,10109872GOMESP,2025-11-26,111466,1,10,0,63.0
10109872GOMESP_2025-11-26_G52,10109872GOMESP,2025-11-26,117808,1,30,0,489.0
10109872GOMESP_2025-11-26_G53,10109872GOMESP,2025-11-26,110313,1,2,0,75.0
10109872GOMESP_2025-11-26_G54,10109872GOMESP,2025-11-26,117786,1,2,0,89.0
10109872GOMESP_2025-11-26_G55,10109872GOMESP,2025-11-26,117855,1,24,0,230.0
10109872GOMESP_2025-11-26_G56,10109872GOMESP,2025-11-26,111433,1,4,0,323.0
10109872GOMESP_2025-11-26_G57,10109872GOMESP,2025-11-26,111532,1,2,0,39.0
10109872GOMESP_2025-11-26_G58,10109872GOMESP,2025-11-26,111532,1,10,0,112.0
10109872GOMESP_2025-11-26_G59,10109872GOMESP,2025-11-26,111348,1,2,0,67.0
10109872GOMESP_2025-11-26_G60,10109872GOMESP,2025-11-26,111418,1,27,0,394.0
10109872GOMESP_2025-11-26_G61,10109872GOMESP,2025-11-26,117855,1,12,0,1185.0
10109872GOMESP_2025-11-26_G62,10109872GOMESP,2025-11-26,111532,1,8,0,168.0
10109872GOMESP_2025-11-26_G63,10109872GOMESP,2025-11-26,118222,1,3,0,153.0
10109872GOMESP_2025-11-26_G64,10109872GOMESP,2025-11-26,105705,1,4,0,515.0
10109872GOMESP_2025-11-26_G65,10109872GOMESP,2025-11-26,117808,1,30,0,399.0
10109872GOMESP_2025-11-26_G66,10109872GOMESP,2025-11-26,111418,1,60,0,168.0
10109872GOMESP_2025-11-26_G67,10109872GOMESP,2025-11-26,111418,1,15,0,339.0
10109872GOMESP_2025-11-26_G68,10109872GOMESP,2025-11-26,118299,1,20,0,317.0
10109872GOMESP_2025-11-26_G69,10109872GOMESP,2025-11-26,110371,1,10,0,79.0
10109872GOMESP_2025-11-26_G70,10109872GOMESP,2025-11-26,108795,1,5,0,786.0
10109872GOMESP_2025-11-26_G71,10109872GOMESP,2025-11-26,110787,1,4,0,105.0
10109872GOMESP_2025-11-26_G72,10109872GOMESP,2025-11-26,111465,1,4,0,101.0
10109872GOMESP_2025-11-26_G73,10109872GOMESP,2025-11-26,110373,1,1,0,76.0
10109872GOMESP_2025-11-26_G74,10109872GOMESP,2025-11-26,117855,1,5,0,137.0
10109872GOMESP_2025-11-26_G75,10109872GOMESP,2025-11-26,111466,1,4,0,96.0
10109872GOMESP_2025-11-26_G76,10109872GOMESP,2025-11-26,110787,1,4,0,104.0
10109872GOMESP_2025-11-26_G77,10109872GOMESP,2025-11-26,111850,1,2,0,331.0
10109872GOMESP_2025-11-26_G78,10109872GOMESP,2025-11-26,111466,1,20,0,410.0
10109872GOMESP_2025-11-26_G79,10109872GOMESP,2025-11-26,111418,1,20,0,164.0
10109872GOMESP_2025-11-26_G80,10109872GOMESP,2025-11-26,118299,2,34,21,80.0
10109872GOMESP_2025-11-26_G81,10109872GOMESP,2025-11-26,110371,1,20,0,255.0
10109872GOMESP_2025-11-26_G82,10109872GOMESP,2025-11-26,111602,1,12,0,346.0
10109872GOMESP_2025-11-26_G83,10109872GOMESP,2025-11-26,117855,1,4,0,109.0
10109872GOMESP_2025-11-26_G84,10109872GOMESP,2025-11-26,111466,1,8,0,107.0
10109872GOMESP_2025-11-26_G85,10109872GOMESP,2025-11-26,111437,1,75,0,958.0
10109872GOMESP_2025-11-26_G86,10109872GOMESP,2025-11-26,118140,1,15,0,203.0
10109872GOMESP_2025-11-26_G87,10109872GOMESP,2025-11-26,111330,1,64,0,499.0
10109872GOMESP_2025-11-26_G89,10109872GOMESP,2025-11-26,109645,1,85,0,306.0
10109872GOMESP_2025-11-26_G90,10109872GOMESP,2025-11-26,140922,1,56,0,239.0
10109872GOMESP_2025-11-26_G91,10109872GOMESP,2025-11-26,110743,1,50,0,491.0
10109872GOMESP_2025-11-26_G92,10109872GOMESP,2025-11-26,109641,1,39,0,279.0
10109872GOMESP_2025-11-26_G93,10109872GOMESP,2025-11-26,117808,1,680,0,1143.0
10109872GOMESP_2025-11-26_G94,10109872GOMESP,2025-11-26,117809,1,146,0,666.0
10109872GOMESP_2025-11-27_G02,10109872GOMESP,2025-11-27,111532,1,10,0,174.0
10109872GOMESP_2025-11-27_G03,10109872GOMESP,2025-11-27,118290,1,1,0,160.0
10109872GOMESP_2025-11-27_G04,10109872GOMESP,2025-11-27,111602,1,23,0,417.0
10109872GOMESP_2025-11-27_G05,10109872GOMESP,2025-11-27,111532,1,2,0,170.0
10109872GOMESP_2025-11-27_G06,10109872GOMESP,2025-11-27,118250,1,8,0,849.0
10109872GOMESP_2025-11-27_G07,10109872GOMESP,2025-11-27,111569,1,10,0,530.0
10109872GOMESP_2025-11-27_G08,10109872GOMESP,2025-11-27,111441,1,10,0,342.0
10109872GOMESP_2025-11-27_G09,10109872GOMESP,2025-11-27,110747,1,16,0,720.0
10109872GOMESP_2025-11-27_G10,10109872GOMESP,2025-11-27,141458,1,30,0,323.0
10109872GOMESP_2025-11-27_G11,10109872GOMESP,2025-11-27,141456,1,10,0,397.0
10109872GOMESP_2025-11-27_G12,10109872GOMESP,2025-11-27,111465,1,10,0,106.0
10109872GOMESP_2025-11-27_G13,10109872GOMESP,2025-11-27,118140,1,30,0,689.0
10109872GOMESP_2025-11-27_G14,10109872GOMESP,2025-11-27,111532,1,10,0,195.0
10109872GOMESP_2025-11-27_G15,10109872GOMESP,2025-11-27,117821,1,20,0,115.0
10109872GOMESP_2025-11-27_G16,10109872GOMESP,2025-11-27,117785,1,6,0,428.0
10109872GOMESP_2025-11-27_G17,10109872GOMESP,2025-11-27,111743,1,3,0,104.0
10109872GOMESP_2025-11-27_G18,10109872GOMESP,2025-11-27,117820,1,10,0,100.0
10109872GOMESP_2025-11-27_G19,10109872GOMESP,2025-11-27,117832,1,3,0,203.0
10109872GOMESP_2025-11-27_G20,10109872GOMESP,2025-11-27,117935,1,2,0,112.0
10109872GOMESP_2025-11-27_G21,10109872GOMESP,2025-11-27,117855,1,20,0,214.0
10109872GOMESP_2025-11-27_G22,10109872GOMESP,2025-11-27,111602,1,9,0,142.0
10109872GOMESP_2025-11-27_G23,10109872GOMESP,2025-11-27,107236,1,8,0,417.0
10109872GOMESP_2025-11-27_G24,10109872GOMESP,2025-11-27,111330,1,16,0,199.0
10109872GOMESP_2025-11-27_G25,10109872GOMESP,2025-11-27,108770,1,4,0,1139.0
10109872GOMESP_2025-11-27_G26,10109872GOMESP,2025-11-27,117855,1,6,0,119.0
10109872GOMESP_2025-11-27_G27,10109872GOMESP,2025-11-27,111602,1,7,0,128.0
10109872GOMESP_2025-11-27_G28,10109872GOMESP,2025-11-27,110711,1,1,0,117.0
10109872GOMESP_2025-11-27_G29,10109872GOMESP,2025-11-27,"111532, 111172",2,14,11,340.0
10109872GOMESP_2025-11-27_G30,10109872GOMESP,2025-11-27,118418,1,4,0,155.0
10109872GOMESP_2025-11-27_G31,10109872GOMESP,2025-11-27,111602,1,1,0,803.0
10109872GOMESP_2025-11-27_G32,10109872GOMESP,2025-11-27,118140,1,6,0,133.0
10109872GOMESP_2025-11-27_G33,10109872GOMESP,2025-11-27,111466,1,1,0,115.0
10109872GOMESP_2025-11-27_G34,10109872GOMESP,2025-11-27,118222,1,4,0,70.0
10109872GOMESP_2025-11-27_G35,10109872GOMESP,2025-11-27,111602,1,4,0,70.0
10109872GOMESP_2025-11-27_G36,10109872GOMESP,2025-11-27,118140,1,6,0,124.0
10109872GOMESP_2025-11-27_G37,10109872GOMESP,2025-11-27,111743,1,4,0,79.0
10109872GOMESP_2025-11-27_G38,10109872GOMESP,2025-11-27,141457,1,8,0,115.0
10109872GOMESP_2025-11-27_G39,10109872GOMESP,2025-11-27,141456,1,4,0,86.0
10109872GOMESP_2025-11-27_G40,10109872GOMESP,2025-11-27,117820,1,8,0,159.0
10109872GOMESP_2025-11-27_G41,10109872GOMESP,2025-11-27,118290,1,4,0,1139.0
10109872GOMESP_2025-11-27_G42,10109872GOMESP,2025-11-27,110711,1,1,0,75.0
10109872GOMESP_2025-11-27_G43,10109872GOMESP,2025-11-27,110711,1,4,0,58.0
10109872GOMESP_2025-11-27_G44,10109872GOMESP,2025-11-27,111466,1,4,0,566.0
10109872GOMESP_2025-11-27_G45,10109872GOMESP,2025-11-27,140911,1,4,0,67.0
10109872GOMESP_2025-11-27_G46,10109872GOMESP,2025-11-27,117861,1,12,0,198.0
10109872GOMESP_2025-11-27_G47,10109872GOMESP,2025-11-27,117861,1,19,0,137.0
10109872GOMESP_2025-11-27_G48,10109872GOMESP,2025-11-27,111532,1,60,0,511.0
10109872GOMESP_2025-11-27_G49,10109872GOMESP,2025-11-27,118317,1,6,0,185.0
10109872GOMESP_2025-11-27_G50,10109872GOMESP,2025-11-27,111602,1,8,0,240.0
10109872GOMESP_2025-11-27_G51,10109872GOMESP,2025-11-27,117788,1,2,0,108.0
10109872GOMESP_2025-11-27_G52,10109872GOMESP,2025-11-27,107236,1,2,0,107.0
10109872GOMESP_2025-11-27_G53,10109872GOMESP,2025-11-27,111602,1,16,0,120.0
10109872GOMESP_2025-11-27_G54,10109872GOMESP,2025-11-27,110711,1,9,0,159.0
10109872GOMESP_2025-11-27_G55,10109872GOMESP,2025-11-27,117861,1,4,0,105.0
10109872GOMESP_2025-11-27_G56,10109872GOMESP,2025-11-27,110711,1,6,0,150.0
10109872GOMESP_2025-11-27_G57,10109872GOMESP,2025-11-27,111532,1,10,0,141.0
10109872GOMESP_2025-11-27_G58,10109872GOMESP,2025-11-27,111466,1,4,0,58.0
10109872GOMESP_2025-11-27_G59,10109872GOMESP,2025-11-27,140923,1,2,0,349.0
10109872GOMESP_2025-11-27_G60,10109872GOMESP,2025-11-27,117837,1,2,0,56.0
10109872GOMESP_2025-11-27_G61,10109872GOMESP,2025-11-27,117853,1,2,0,57.0
10109872GOMESP_2025-11-27_G62,10109872GOMESP,2025-11-27,117856,1,2,0,44.0
10109872GOMESP_2025-11-27_G63,10109872GOMESP,2025-11-27,117786,1,2,0,88.0
10109872GOMESP_2025-11-27_G64,10109872GOMESP,2025-11-27,117862,1,2,0,86.0
10109872GOMESP_2025-11-27_G65,10109872GOMESP,2025-11-27,111433,1,2,0,72.0
10109872GOMESP_2025-11-27_G66,10109872GOMESP,2025-11-27,117838,1,2,0,83.0
10109872GOMESP_2025-11-27_G67,10109872GOMESP,2025-11-27,111469,1,2,0,64.0
10109872GOMESP_2025-11-27_G68,10109872GOMESP,2025-11-27,111463,1,4,0,209.0
10109872GOMESP_2025-11-27_G69,10109872GOMESP,2025-11-27,117787,1,2,0,73.0
10109872GOMESP_2025-11-27_G70,10109872GOMESP,2025-11-27,"111444, 111532",2,4,28,62.0
10109872GOMESP_2025-11-27_G71,10109872GOMESP,2025-11-27,111466,1,4,0,55.0
10109872GOMESP_2025-11-27_G72,10109872GOMESP,2025-11-27,141823,1,8,0,84.0
10109872GOMESP_2025-11-27_G74,10109872GOMESP,2025-11-27,117822,1,4,0,74.0
10109872GOMESP_2025-11-27_G75,10109872GOMESP,2025-11-27,110375,1,4,0,94.0
10109872GOMESP_2025-11-27_G76,10109872GOMESP,2025-11-27,118299,1,4,0,63.0
10109872GOMESP_2025-11-27_G77,10109872GOMESP,2025-11-27,141202,1,4,0,73.0
10109872GOMESP_2025-11-27_G78,10109872GOMESP,2025-11-27,109647,1,2,0,446.0
10109872GOMESP_2025-11-27_G79,10109872GOMESP,2025-11-27,111602,1,4,0,92.0
10109872GOMESP_2025-11-27_G80,10109872GOMESP,2025-11-27,107236,1,4,0,62.0
10109872GOMESP_2025-11-27_G81,10109872GOMESP,2025-11-27,117833,1,2,0,50.0
10109872GOMESP_2025-11-27_G82,10109872GOMESP,2025-11-27,141458,1,2,0,92.0
10109872GOMESP_2025-11-27_G83,10109872GOMESP,2025-11-27,141456,1,4,0,78.0
10109872GOMESP_2025-11-27_G84,10109872GOMESP,2025-11-27,117820,1,6,0,125.0
10109872GOMESP_2025-11-27_G85,10109872GOMESP,2025-11-27,111602,1,4,0,142.0
10109872GOMESP_2025-11-27_G86,10109872GOMESP,2025-11-27,111441,1,2,0,483.0
10109872GOMESP_2025-11-27_G87,10109872GOMESP,2025-11-27,118222,1,2,0,92.0
10109872GOMESP_2025-11-27_G88,10109872GOMESP,2025-11-27,140923,1,2,0,94.0
10109872GOMESP_2025-11-27_G89,10109872GOMESP,2025-11-27,117837,1,2,0,67.0
10109872GOMESP_2025-11-27_G90,10109872GOMESP,2025-11-27,117965,1,2,0,46.0
10109872GOMESP_2025-11-27_G91,10109872GOMESP,2025-11-27,110733,1,2,0,48.0
10109872GOMESP_2025-11-27_G92,10109872GOMESP,2025-11-27,117856,1,4,0,55.0
10109872GOMESP_2025-11-27_G93,10109872GOMESP,2025-11-27,141047,1,2,0,104.0
10109872GOMESP_2025-11-27_G94,10109872GOMESP,2025-11-27,117786,1,2,0,67.0
10109872GOMESP_2025-11-27_G95,10109872GOMESP,2025-11-27,117862,1,2,0,95.0
10109872GOMESP_2025-11-27_G96,10109872GOMESP,2025-11-27,111602,1,2,0,83.0
10109872GOMESP_2025-11-27_G97,10109872GOMESP,2025-11-27,110748,1,2,0,132.0
10109872GOMESP_2025-11-27_G98,10109872GOMESP,2025-11-27,118140,1,2,0,91.0
10109872GOMESP_2025-11-27_G99,10109872GOMESP,2025-11-27,110745,1,2,0,78.0
10109872GOMESP_2025-11-27_G100,10109872GOMESP,2025-11-27,140922,1,4,0,56.0
10109872GOMESP_2025-11-27_G101,10109872GOMESP,2025-11-27,111348,1,2,0,299.0
10109872GOMESP_2025-11-27_G102,10109872GOMESP,2025-11-27,111463,1,4,0,101.0
10109872GOMESP_2025-11-27_G103,10109872GOMESP,2025-11-27,107236,1,2,0,81.0
10109872GOMESP_2025-11-27_G104,10109872GOMESP,2025-11-27,111466,1,4,0,98.0
10109872GOMESP_2025-11-27_G105,10109872GOMESP,2025-11-27,117821,1,2,0,31.0
10109872GOMESP_2025-11-27_G106,10109872GOMESP,2025-11-27,141458,1,4,0,151.0
10109872GOMESP_2025-11-27_G107,10109872GOMESP,2025-11-27,141456,1,4,0,46.0
10109872GOMESP_2025-11-27_G108,10109872GOMESP,2025-11-27,111532,1,2,0,1065.0
10109872GOMESP_2025-11-27_G109,10109872GOMESP,2025-11-27,109640,1,2,0,101.0
10109872GOMESP_2025-11-27_G110,10109872GOMESP,2025-11-27,111532,1,8,0,120.0
10109872GOMESP_2025-11-27_G111,10109872GOMESP,2025-11-27,111602,1,22,0,134.0
10109872GOMESP_2025-11-27_G112,10109872GOMESP,2025-11-27,111532,1,4,0,60.0
10109872GOMESP_2025-11-27_G113,10109872GOMESP,2025-11-27,111467,1,2,0,204.0
10109872GOMESP_2025-11-27_G114,10109872GOMESP,2025-11-27,111532,1,8,0,154.0
10109872GOMESP_2025-11-27_G115,10109872GOMESP,2025-11-27,110313,1,1,0,127.0
10109872GOMESP_2025-11-27_G116,10109872GOMESP,2025-11-27,140923,1,3,0,184.0
10109872GOMESP_2025-11-27_G117,10109872GOMESP,2025-11-27,111602,1,2,0,182.0
10109872GOMESP_2025-11-28_G02,10109872GOMESP,2025-11-28,117830,1,11,0,147.0
10109872GOMESP_2025-11-28_G03,10109872GOMESP,2025-11-28,117808,2,1237,20,1256.0
10109872GOMESP_2025-11-28_G04,10109872GOMESP,2025-11-28,110371,1,30,0,778.0
10109872GOMESP_2025-11-28_G05,10109872GOMESP,2025-11-28,141202,1,10,0,182.0
10109872GOMESP_2025-11-28_G06,10109872GOMESP,2025-11-28,111530,1,179,0,501.0
10109872GOMESP_2025-11-28_G07,10109872GOMESP,2025-11-28,108772,1,3,0,249.0
10109872GOMESP_2025-11-28_G08,10109872GOMESP,2025-11-28,118418,1,4,0,136.0
10109872GOMESP_2025-11-28_G09,10109872GOMESP,2025-11-28,110080,1,2,0,55.0
10109872GOMESP_2025-11-28_G10,10109872GOMESP,2025-11-28,106326,2,2,7,79.0
10109872GOMESP_2025-11-28_G11,10109872GOMESP,2025-11-28,110542,1,1,0,180.0
10109872GOMESP_2025-11-28_G12,10109872GOMESP,2025-11-28,111793,1,2,0,257.0
10109872GOMESP_2025-11-28_G13,10109872GOMESP,2025-11-28,110310,1,4,0,76.0
10109872GOMESP_2025-11-28_G14,10109872GOMESP,2025-11-28,110516,1,2,0,127.0
10109872GOMESP_2025-11-28_G15,10109872GOMESP,2025-11-28,106326,1,1,0,124.0
10109872GOMESP_2025-11-28_G16,10109872GOMESP,2025-11-28,117785,1,50,0,694.0
10109872GOMESP_2025-11-28_G17,10109872GOMESP,2025-11-28,141458,1,31,0,693.0
10109872GOMESP_2025-11-28_G18,10109872GOMESP,2025-11-28,108759,1,6,0,852.0
10109872GOMESP_2025-11-28_G19,10109872GOMESP,2025-11-28,110755,1,4,0,124.0
10109872GOMESP_2025-11-28_G20,10109872GOMESP,2025-11-28,111532,1,3,0,70.0
10109872GOMESP_2025-11-28_G21,10109872GOMESP,2025-11-28,117855,1,13,0,612.0
10109872GOMESP_2025-11-28_G22,10109872GOMESP,2025-11-28,110313,1,17,0,1891.0
10109872GOMESP_2025-11-28_G23,10109872GOMESP,2025-11-28,111876,1,6,0,108.0
10109872GOMESP_2025-11-28_G24,10109872GOMESP,2025-11-28,117935,1,2,0,34.0
10109872GOMESP_2025-11-28_G25,10109872GOMESP,2025-11-28,117935,1,7,0,289.0
10109872GOMESP_2025-11-28_G26,10109872GOMESP,2025-11-28,140923,1,12,0,86.0
10109872GOMESP_2025-11-28_G27,10109872GOMESP,2025-11-28,111530,1,39,0,74.0
10109872GOMESP_2025-11-28_G28,10109872GOMESP,2025-11-28,117837,1,14,0,293.0
10109872GOMESP_2025-11-28_G29,10109872GOMESP,2025-11-28,117861,1,1,0,42.0
10109872GOMESP_2025-11-28_G30,10109872GOMESP,2025-11-28,110733,1,7,0,95.0
10109872GOMESP_2025-11-28_G31,10109872GOMESP,2025-11-28,110733,1,11,0,297.0
10109872GOMESP_2025-11-28_G32,10109872GOMESP,2025-11-28,117856,1,24,0,151.0
10109872GOMESP_2025-11-28_G33,10109872GOMESP,2025-11-28,110752,1,1,0,172.0
10109872GOMESP_2025-11-28_G34,10109872GOMESP,2025-11-28,117855,1,20,0,159.0
10109872GOMESP_2025-11-28_G35,10109872GOMESP,2025-11-28,117862,1,7,0,177.0
10109872GOMESP_2025-11-28_G36,10109872GOMESP,2025-11-28,111602,1,93,0,177.0
10109872GOMESP_2025-11-28_G37,10109872GOMESP,2025-11-28,109640,1,63,0,507.0
10109872GOMESP_2025-11-28_G38,10109872GOMESP,2025-11-28,110711,1,10,0,219.0
10109872GOMESP_2025-11-28_G39,10109872GOMESP,2025-11-28,110711,1,10,0,165.0
10109872GOMESP_2025-11-28_G40,10109872GOMESP,2025-11-28,141456,1,37,0,431.0
10109872GOMESP_2025-11-28_G41,10109872GOMESP,2025-11-28,117809,1,2,0,329.0
10109872GOMESP_2025-11-28_G42,10109872GOMESP,2025-11-28,117820,1,2,0,49.0
10109872GOMESP_2025-11-28_G43,10109872GOMESP,2025-11-28,117820,1,27,0,117.0
10109872GOMESP_2025-11-28_G44,10109872GOMESP,2025-11-28,110375,2,2,16,73.0
10109872GOMESP_2025-11-28_G45,10109872GOMESP,2025-11-28,111602,1,3,0,1403.0
10109872GOMESP_2025-11-28_G46,10109872GOMESP,2025-11-28,111530,1,2,0,92.0
10109872GOMESP_2025-11-28_G47,10109872GOMESP,2025-11-28,111602,1,4,0,91.0
10109872GOMESP_2025-11-28_G48,10109872GOMESP,2025-11-28,111530,1,4,0,115.0
10109872GOMESP_2025-11-28_G49,10109872GOMESP,2025-11-28,111602,1,7,0,79.0
10109872GOMESP_2025-11-28_G50,10109872GOMESP,2025-11-28,111530,1,89,0,362.0
10109872GOMESP_2025-11-28_G51,10109872GOMESP,2025-11-28,117855,1,20,0,234.0
10109872GOMESP_2025-11-28_G52,10109872GOMESP,2025-11-28,111602,1,4,0,143.0
10109872GOMESP_2025-11-28_G54,10109872GOMESP,2025-11-28,114650,1,4,0,156.0
10109872GOMESP_2025-11-28_G55,10109872GOMESP,2025-11-28,111602,2,4,26,112.0
10109872GOMESP_2025-11-28_G56,10109872GOMESP,2025-11-28,140911,1,8,0,222.0
10109872GOMESP_2025-11-28_G57,10109872GOMESP,2025-11-28,111530,1,4,0,101.0
10109872GOMESP_2025-11-28_G58,10109872GOMESP,2025-11-28,111602,1,4,0,126.0
10109872GOMESP_2025-11-29_G02,10109872GOMESP,2025-11-29,140923,1,4,0,65.0
10109872GOMESP_2025-11-29_G03,10109872GOMESP,2025-11-29,109647,1,2,0,108.0
10109872GOMESP_2025-11-29_G04,10109872GOMESP,2025-11-29,110711,1,2,0,74.0
10109872GOMESP_2025-11-29_G05,10109872GOMESP,2025-11-29,111462,1,2,0,196.0
10109872GOMESP_2025-11-29_G06,10109872GOMESP,2025-11-29,108795,1,2,0,101.0
10109872GOMESP_2025-11-29_G07,10109872GOMESP,2025-11-29,110740,1,2,0,64.0
10109872GOMESP_2025-11-29_G08,10109872GOMESP,2025-11-29,109640,1,8,0,359.0
10109872GOMESP_2025-11-29_G09,10109872GOMESP,2025-11-29,110895,1,4,0,122.0
10109872GOMESP_2025-11-29_G10,10109872GOMESP,2025-11-29,111172,1,6,0,84.0
10109872GOMESP_2025-11-29_G11,10109872GOMESP,2025-11-29,160057,1,4,0,180.0
10109872GOMESP_2025-11-29_G12,10109872GOMESP,2025-11-29,160051,1,4,0,124.0
10109872GOMESP_2025-11-29_G13,10109872GOMESP,2025-11-29,111530,1,4,0,1261.0
10109872GOMESP_2025-11-29_G14,10109872GOMESP,2025-11-29,140923,1,4,0,597.0
10109872GOMESP_2025-11-29_G15,10109872GOMESP,2025-11-29,117786,1,4,0,85.0
10109872GOMESP_2025-11-29_G16,10109872GOMESP,2025-11-29,117785,1,4,0,115.0
10109872GOMESP_2025-11-29_G17,10109872GOMESP,2025-11-29,117831,1,4,0,87.0
10109872GOMESP_2025-11-29_G18,10109872GOMESP,2025-11-29,110374,1,6,0,200.0
10109872GOMESP_2025-11-29_G19,10109872GOMESP,2025-11-29,117808,1,14,0,1067.0
10109872GOMESP_2025-11-29_G20,10109872GOMESP,2025-11-29,110372,1,2,0,41.0
10109872GOMESP_2025-11-29_G21,10109872GOMESP,2025-11-29,118299,1,5,0,102.0
10109872GOMESP_2025-11-29_G22,10109872GOMESP,2025-11-29,110895,1,4,0,200.0
10109872GOMESP_2025-11-29_G23,10109872GOMESP,2025-11-29,111466,1,4,0,1005.0
10109872GOMESP_2025-11-29_G24,10109872GOMESP,2025-11-29,118306,1,8,0,778.0
10109872GOMESP_2025-11-29_G25,10109872GOMESP,2025-11-29,111438,1,10,0,131.0
10109872GOMESP_2025-11-29_G26,10109872GOMESP,2025-11-29,117834,1,8,0,135.0
10109872GOMESP_2025-11-29_G27,10109872GOMESP,2025-11-29,141916,1,6,0,153.0
10109872GOMESP_2025-11-29_G28,10109872GOMESP,2025-11-29,107892,1,6,0,315.0
10109872GOMESP_2025-11-29_G29,10109872GOMESP,2025-11-29,110313,1,7,0,144.0
10109872GOMESP_2025-11-29_G30,10109872GOMESP,2025-11-29,140923,1,8,0,320.0
10109872GOMESP_2025-11-29_G31,10109872GOMESP,2025-11-29,117837,1,8,0,109.0
10109872GOMESP_2025-11-29_G32,10109872GOMESP,2025-11-29,111467,1,10,0,76.0
10109872GOMESP_2025-11-29_G33,10109872GOMESP,2025-11-29,117856,1,4,0,56.0
10109872GOMESP_2025-11-29_G34,10109872GOMESP,2025-11-29,141047,1,8,0,447.0
10109872GOMESP_2025-11-29_G35,10109872GOMESP,2025-11-29,111530,1,16,0,287.0
10109872GOMESP_2025-11-29_G36,10109872GOMESP,2025-11-29,117786,1,8,0,183.0
10109872GOMESP_2025-11-29_G37,10109872GOMESP,2025-11-29,110752,1,10,0,131.0
10109872GOMESP_2025-11-29_G38,10109872GOMESP,2025-11-29,111602,1,10,0,129.0
10109872GOMESP_2025-11-29_G39,10109872GOMESP,2025-11-29,117854,1,8,0,68.0
10109872GOMESP_2025-11-29_G40,10109872GOMESP,2025-11-29,117820,1,10,0,140.0
10109872GOMESP_2025-11-29_G41,10109872GOMESP,2025-11-29,117840,1,8,0,133.0
10109872GOMESP_2025-11-29_G42,10109872GOMESP,2025-11-29,110325,1,16,0,266.0
10109872GOMESP_2025-11-29_G43,10109872GOMESP,2025-11-29,117808,1,70,0,177.0
10109872GOMESP_2025-11-29_G44,10109872GOMESP,2025-11-29,110372,1,50,0,340.0
10109872GOMESP_2025-11-29_G45,10109872GOMESP,2025-11-29,110372,1,140,0,490.0
10109872GOMESP_2025-11-29_G46,10109872GOMESP,2025-11-29,117832,1,4,0,376.0
10109872GOMESP_2025-11-29_G47,10109872GOMESP,2025-11-29,110371,1,84,0,185.0
10109872GOMESP_2025-11-29_G48,10109872GOMESP,2025-11-29,110373,1,120,0,608.0
10109872GOMESP_2025-11-29_G49,10109872GOMESP,2025-11-29,110371,1,2,0,661.0
10109872GOMESP_2025-11-29_G50,10109872GOMESP,2025-11-29,109641,1,8,0,123.0
10109872GOMESP_2025-11-29_G51,10109872GOMESP,2025-11-29,117862,1,2,0,134.0
10109872GOMESP_2025-11-29_G52,10109872GOMESP,2025-11-29,110371,1,3,0,42.0
10109872GOMESP_2025-11-29_G53,10109872GOMESP,2025-11-29,109643,1,4,0,77.0
10109872GOMESP_2025-11-29_G54,10109872GOMESP,2025-11-29,111530,1,20,0,190.0
10109872GOMESP_2025-11-29_G55,10109872GOMESP,2025-11-29,111530,1,10,0,83.0
10109872GOMESP_2025-11-29_G56,10109872GOMESP,2025-11-29,111759,1,10,0,152.0
10109872GOMESP_2025-11-29_G57,10109872GOMESP,2025-11-29,118191,1,20,0,667.0
10109872GOMESP_2025-11-29_G58,10109872GOMESP,2025-11-29,111172,1,4,0,143.0
10109872GOMESP_2025-11-29_G59,10109872GOMESP,2025-11-29,141141,1,62,0,55.0
10109872GOMESP_2025-11-29_G60,10109872GOMESP,2025-11-29,118191,1,60,0,561.0
10109872GOMESP_2025-11-29_G61,10109872GOMESP,2025-11-29,111530,1,10,0,180.0
10109872GOMESP_2025-11-29_G62,10109872GOMESP,2025-11-29,111602,1,4,0,124.0
10109872GOMESP_2025-11-29_G63,10109872GOMESP,2025-11-29,111530,1,4,0,280.0
10109872GOMESP_2025-11-29_G64,10109872GOMESP,2025-11-29,108759,1,4,0,215.0
10109872GOMESP_2025-11-29_G65,10109872GOMESP,2025-11-29,111602,1,4,0,659.0
10109872GOMESP_2025-11-29_G66,10109872GOMESP,2025-11-29,111602,1,4,0,46.0
10109872GOMESP_2025-11-29_G67,10109872GOMESP,2025-11-29,110711,1,8,0,104.0
10109872GOMESP_2025-11-29_G68,10109872GOMESP,2025-11-29,140923,1,2,0,100.0
10109872GOMESP_2025-11-29_G69,10109872GOMESP,2025-11-29,117856,1,4,0,95.0
10109872GOMESP_2025-11-29_G70,10109872GOMESP,2025-11-29,117862,1,2,0,55.0
10109872GOMESP_2025-11-29_G71,10109872GOMESP,2025-11-29,111602,2,4,30,85.0
10109872GOMESP_2025-11-29_G72,10109872GOMESP,2025-11-29,110787,1,1,0,92.0
10109872GOMESP_2025-11-29_G73,10109872GOMESP,2025-11-29,110740,1,4,0,296.0
10109872GOMESP_2025-11-29_G74,10109872GOMESP,2025-11-29,117785,1,4,0,87.0
10109872GOMESP_2025-11-29_G75,10109872GOMESP,2025-11-29,117831,1,2,0,92.0
10109872GOMESP_2025-11-29_G76,10109872GOMESP,2025-11-29,117809,1,1,0,224.0
10109872GOMESP_2025-11-29_G78,10109872GOMESP,2025-11-29,117856,1,6,0,735.0
10109872GOMESP_2025-11-29_G79,10109872GOMESP,2025-11-29,117862,1,2,0,72.0
10109872GOMESP_2025-11-29_G80,10109872GOMESP,2025-11-29,109641,1,3,0,149.0
10109872GOMESP_2025-11-29_G81,10109872GOMESP,2025-11-29,111463,1,9,0,359.0
10109872GOMESP_2025-11-29_G82,10109872GOMESP,2025-11-29,117821,1,1,0,83.0
10109872GOMESP_2025-11-29_G83,10109872GOMESP,2025-11-29,117830,1,6,0,114.0
10109872GOMESP_2025-11-29_G84,10109872GOMESP,2025-11-29,110371,1,4,0,118.0
10109872GOMESP_2025-11-29_G85,10109872GOMESP,2025-11-29,118094,1,4,0,108.0
10109872GOMESP_2025-11-29_G86,10109872GOMESP,2025-11-29,110740,1,6,0,121.0
10109872GOMESP_2025-11-29_G87,10109872GOMESP,2025-11-29,110371,1,4,0,342.0
10109872GOMESP_2025-11-29_G88,10109872GOMESP,2025-11-29,117785,1,8,0,335.0
10109872GOMESP_2025-11-29_G89,10109872GOMESP,2025-11-29,160054,1,8,0,188.0
10109872GOMESP_2025-11-29_G90,10109872GOMESP,2025-11-29,117832,1,12,0,323.0
10109872GOMESP_2025-11-30_G02,10109872GOMESP,2025-11-30,111569,1,2,0,70.0
10109872GOMESP_2025-11-30_G03,10109872GOMESP,2025-11-30,141916,1,10,0,120.0
10109872GOMESP_2025-11-30_G04,10109872GOMESP,2025-11-30,118222,1,4,0,96.0
10109872GOMESP_2025-11-30_G05,10109872GOMESP,2025-11-30,140923,1,6,0,104.0
10109872GOMESP_2025-11-30_G06,10109872GOMESP,2025-11-30,117856,1,4,0,106.0
10109872GOMESP_2025-11-30_G07,10109872GOMESP,2025-11-30,117786,1,2,0,99.0
10109872GOMESP_2025-11-30_G08,10109872GOMESP,2025-11-30,117862,1,1,0,85.0
10109872GOMESP_2025-11-30_G09,10109872GOMESP,2025-11-30,111602,1,2,0,86.0
10109872GOMESP_2025-11-30_G10,10109872GOMESP,2025-11-30,108795,1,2,0,93.0
10109872GOMESP_2025-11-30_G11,10109872GOMESP,2025-11-30,111182,1,4,0,66.0
10109872GOMESP_2025-11-30_G12,10109872GOMESP,2025-11-30,109641,1,2,0,49.0
10109872GOMESP_2025-11-30_G13,10109872GOMESP,2025-11-30,110745,1,2,0,57.0
10109872GOMESP_2025-11-30_G14,10109872GOMESP,2025-11-30,111418,1,3,0,114.0
10109872GOMESP_2025-11-30_G15,10109872GOMESP,2025-11-30,160057,1,2,0,75.0
10109872GOMESP_2025-11-30_G16,10109872GOMESP,2025-11-30,111444,1,2,0,216.0
10109872GOMESP_2025-11-30_G17,10109872GOMESP,2025-11-30,117787,1,2,0,63.0
10109872GOMESP_2025-11-30_G18,10109872GOMESP,2025-11-30,117785,1,8,0,87.0
10109872GOMESP_2025-11-30_G19,10109872GOMESP,2025-11-30,141457,1,2,0,44.0
10109872GOMESP_2025-11-30_G20,10109872GOMESP,2025-11-30,111532,1,4,0,53.0
10109872GOMESP_2025-11-30_G21,10109872GOMESP,2025-11-30,111466,1,1,0,45.0
10109872GOMESP_2025-11-30_G22,10109872GOMESP,2025-11-30,141458,1,10,0,94.0
10109872GOMESP_2025-11-30_G23,10109872GOMESP,2025-11-30,117831,1,6,0,54.0
10109872GOMESP_2025-11-30_G24,10109872GOMESP,2025-11-30,141456,1,12,0,115.0
10109872GOMESP_2025-11-30_G25,10109872GOMESP,2025-11-30,117820,1,8,0,171.0
10109872GOMESP_2025-11-30_G26,10109872GOMESP,2025-11-30,117830,1,12,0,97.0
10109872GOMESP_2025-11-30_G27,10109872GOMESP,2025-11-30,117822,1,2,0,67.0
10109872GOMESP_2025-11-30_G28,10109872GOMESP,2025-11-30,110325,1,2,0,83.0
10109872GOMESP_2025-11-30_G29,10109872GOMESP,2025-11-30,110372,1,30,0,360.0
10109872GOMESP_2025-11-30_G30,10109872GOMESP,2025-11-30,118299,1,7,0,81.0
10109872GOMESP_2025-11-30_G31,10109872GOMESP,2025-11-30,110373,1,4,0,97.0
10109872GOMESP_2025-11-30_G32,10109872GOMESP,2025-11-30,108772,1,2,0,535.0
10109872GOMESP_2025-11-30_G33,10109872GOMESP,2025-11-30,117856,1,2,0,245.0
10109872GOMESP_2025-11-30_G34,10109872GOMESP,2025-11-30,141047,1,2,0,84.0
10109872GOMESP_2025-11-30_G35,10109872GOMESP,2025-11-30,117786,1,2,0,125.0
10109872GOMESP_2025-11-30_G36,10109872GOMESP,2025-11-30,117862,1,4,0,113.0
10109872GOMESP_2025-11-30_G37,10109872GOMESP,2025-11-30,111462,1,4,0,157.0
10109872GOMESP_2025-11-30_G38,10109872GOMESP,2025-11-30,117785,1,4,0,240.0
10109872GOMESP_2025-11-30_G39,10109872GOMESP,2025-11-30,141457,1,2,0,53.0
10109872GOMESP_2025-11-30_G40,10109872GOMESP,2025-11-30,111466,1,2,0,61.0
10109872GOMESP_2025-11-30_G41,10109872GOMESP,2025-11-30,141456,1,1,0,71.0
10109872GOMESP_2025-11-30_G42,10109872GOMESP,2025-11-30,110372,1,8,0,201.0
10109872GOMESP_2025-11-30_G43,10109872GOMESP,2025-11-30,117832,1,4,0,82.0
10109872GOMESP_2025-11-30_G44,10109872GOMESP,2025-11-30,109643,1,1,0,57.0
10109872GOMESP_2025-11-30_G45,10109872GOMESP,2025-11-30,110373,1,4,0,99.0
10109872GOMESP_2025-11-30_G46,10109872GOMESP,2025-11-30,141202,1,5,0,90.0
10109872GOMESP_2025-11-30_G47,10109872GOMESP,2025-11-30,117856,1,4,0,406.0
10109872GOMESP_2025-11-30_G48,10109872GOMESP,2025-11-30,107629,1,2,0,88.0
10109872GOMESP_2025-11-30_G49,10109872GOMESP,2025-11-30,140922,1,2,0,123.0
10109872GOMESP_2025-11-30_G50,10109872GOMESP,2025-11-30,110787,1,4,0,80.0
10109872GOMESP_2025-11-30_G51,10109872GOMESP,2025-11-30,110740,1,4,0,96.0
10109872GOMESP_2025-11-30_G52,10109872GOMESP,2025-11-30,111418,1,3,0,106.0
10109872GOMESP_2025-11-30_G53,10109872GOMESP,2025-11-30,111463,1,2,0,51.0
10109872GOMESP_2025-11-30_G54,10109872GOMESP,2025-11-30,141457,1,7,0,139.0
10109872GOMESP_2025-11-30_G55,10109872GOMESP,2025-11-30,141456,1,2,0,88.0
10109872GOMESP_2025-11-30_G56,10109872GOMESP,2025-11-30,117830,1,4,0,123.0
10109872GOMESP_2025-11-30_G57,10109872GOMESP,2025-11-30,110372,1,15,0,119.0
10109872GOMESP_2025-11-30_G58,10109872GOMESP,2025-11-30,118299,1,20,0,143.0
10109872GOMESP_2025-11-30_G59,10109872GOMESP,2025-11-30,111569,1,2,0,220.0
10109872GOMESP_2025-11-30_G60,10109872GOMESP,2025-11-30,118306,1,2,0,268.0
10109872GOMESP_2025-11-30_G61,10109872GOMESP,2025-11-30,117853,1,4,0,124.0
10109872GOMESP_2025-11-30_G62,10109872GOMESP,2025-11-30,109640,1,1,0,73.0
10109872GOMESP_2025-11-30_G63,10109872GOMESP,2025-11-30,108711,1,6,0,202.0
10109872GOMESP_2025-11-30_G64,10109872GOMESP,2025-11-30,110787,1,2,0,56.0
10109872GOMESP_2025-11-30_G65,10109872GOMESP,2025-11-30,110740,1,4,0,84.0
10109872GOMESP_2025-11-30_G66,10109872GOMESP,2025-11-30,117820,1,2,0,71.0
10109872GOMESP_2025-11-30_G67,10109872GOMESP,2025-11-30,110371,1,4,0,85.0
10109872GOMESP_2025-11-30_G68,10109872GOMESP,2025-11-30,110372,1,5,0,122.0
10109872GOMESP_2025-11-30_G69,10109872GOMESP,2025-11-30,118299,1,17,0,128.0
10109872GOMESP_2025-11-30_G70,10109872GOMESP,2025-11-30,110313,1,2,0,592.0
10109872GOMESP_2025-11-30_G71,10109872GOMESP,2025-11-30,117856,1,3,0,63.0
10109872GOMESP_2025-11-30_G72,10109872GOMESP,2025-11-30,111182,1,2,0,157.0
10109872GOMESP_2025-11-30_G73,10109872GOMESP,2025-11-30,109641,1,4,0,53.0
10109872GOMESP_2025-11-30_G74,10109872GOMESP,2025-11-30,111431,1,2,0,59.0
10109872GOMESP_2025-11-30_G75,10109872GOMESP,2025-11-30,110740,1,2,0,39.0
10109872GOMESP_2025-11-30_G76,10109872GOMESP,2025-11-30,111418,1,2,0,182.0
10109872GOMESP_2025-11-30_G77,10109872GOMESP,2025-11-30,117833,1,2,0,73.0
10109872GOMESP_2025-11-30_G78,10109872GOMESP,2025-11-30,111532,1,1,0,92.0
10109872GOMESP_2025-11-30_G79,10109872GOMESP,2025-11-30,111465,1,4,0,87.0
10109872GOMESP_2025-11-30_G80,10109872GOMESP,2025-11-30,110371,1,1,0,125.0
10109872GOMESP_2025-11-30_G81,10109872GOMESP,2025-11-30,110372,1,17,0,300.0
10109872GOMESP_2025-12-06_G02,10109872GOMESP,2025-12-06,111850,1,2,0,70.0
10109872GOMESP_2025-12-06_G03,10109872GOMESP,2025-12-06,111430,1,23,0,168.0
10109872GOMESP_2025-12-06_G04,10109872GOMESP,2025-12-06,118306,1,30,0,365.0
10109872GOMESP_2025-12-06_G05,10109872GOMESP,2025-12-06,108759,1,16,0,574.0
10109872GOMESP_2025-12-06_G06,10109872GOMESP,2025-12-06,118253,1,6,0,150.0
10109872GOMESP_2025-12-06_G07,10109872GOMESP,2025-12-06,118417,1,3,0,60.0
10109872GOMESP_2025-12-06_G08,10109872GOMESP,2025-12-06,110747,1,30,0,515.0
10109872GOMESP_2025-12-06_G09,10109872GOMESP,2025-12-06,111660,1,4,0,184.0
10109872GOMESP_2025-12-06_G10,10109872GOMESP,2025-12-06,118222,1,17,0,427.0
10109872GOMESP_2025-12-06_G11,10109872GOMESP,2025-12-06,140911,1,7,0,580.0
10109872GOMESP_2025-12-06_G12,10109872GOMESP,2025-12-06,117789,1,12,0,366.0
10109872GOMESP_2025-12-06_G13,10109872GOMESP,2025-12-06,110751,1,6,0,126.0
10109872GOMESP_2025-12-06_G14,10109872GOMESP,2025-12-06,116241,1,1,0,59.0
10109872GOMESP_2025-12-06_G15,10109872GOMESP,2025-12-06,111330,1,18,0,390.0
10109872GOMESP_2025-12-06_G16,10109872GOMESP,2025-12-06,108795,1,5,0,73.0
10109872GOMESP_2025-12-06_G17,10109872GOMESP,2025-12-06,111182,1,6,0,64.0
10109872GOMESP_2025-12-06_G18,10109872GOMESP,2025-12-06,109641,1,12,0,257.0
10109872GOMESP_2025-12-06_G19,10109872GOMESP,2025-12-06,109641,1,144,0,492.0
10109872GOMESP_2025-12-06_G20,10109872GOMESP,2025-12-06,111348,1,2,0,206.0
10109872GOMESP_2025-12-06_G21,10109872GOMESP,2025-12-06,141048,1,14,0,777.0
10109872GOMESP_2025-12-06_G22,10109872GOMESP,2025-12-06,111431,1,12,0,200.0
10109872GOMESP_2025-12-06_G23,10109872GOMESP,2025-12-06,117842,1,14,0,435.0
10109872GOMESP_2025-12-06_G24,10109872GOMESP,2025-12-06,111442,1,4,0,69.0
10109872GOMESP_2025-12-06_G25,10109872GOMESP,2025-12-06,111418,1,218,0,602.0
10109872GOMESP_2025-12-06_G26,10109872GOMESP,2025-12-06,117329,1,8,0,436.0
10109872GOMESP_2025-12-06_G27,10109872GOMESP,2025-12-06,117787,1,21,0,416.0
10109872GOMESP_2025-12-06_G28,10109872GOMESP,2025-12-06,117821,1,1,0,66.0
10109872GOMESP_2025-12-06_G29,10109872GOMESP,2025-12-06,118317,1,18,0,247.0
10109872GOMESP_2025-12-06_G30,10109872GOMESP,2025-12-06,111465,1,24,0,159.0
10109872GOMESP_2025-12-06_G31,10109872GOMESP,2025-12-06,117809,1,27,0,295.0
10109872GOMESP_2025-12-06_G32,10109872GOMESP,2025-12-06,117840,1,4,0,91.0
10109872GOMESP_2025-12-06_G33,10109872GOMESP,2025-12-06,109643,1,15,0,129.0
10109872GOMESP_2025-12-06_G34,10109872GOMESP,2025-12-06,111430,1,6,0,910.0
10109872GOMESP_2025-12-06_G35,10109872GOMESP,2025-12-06,111569,1,65,0,493.0
10109872GOMESP_2025-12-06_G36,10109872GOMESP,2025-12-06,118253,1,10,0,663.0
10109872GOMESP_2025-12-06_G37,10109872GOMESP,2025-12-06,110747,1,6,0,77.0
10109872GOMESP_2025-12-06_G38,10109872GOMESP,2025-12-06,118222,1,24,0,173.0
10109872GOMESP_2025-12-06_G39,10109872GOMESP,2025-12-06,117853,1,6,0,275.0
10109872GOMESP_2025-12-06_G40,10109872GOMESP,2025-12-06,117786,1,4,0,172.0
10109872GOMESP_2025-12-06_G41,10109872GOMESP,2025-12-06,141823,1,4,0,138.0
10109872GOMESP_2025-12-06_G42,10109872GOMESP,2025-12-06,118140,1,16,0,586.0
10109872GOMESP_2025-12-06_G43,10109872GOMESP,2025-12-06,108795,1,6,0,84.0
10109872GOMESP_2025-12-06_G44,10109872GOMESP,2025-12-06,140922,1,10,0,152.0
10109872GOMESP_2025-12-06_G45,10109872GOMESP,2025-12-06,108711,1,2,0,37.0
10109872GOMESP_2025-12-06_G46,10109872GOMESP,2025-12-06,141271,1,14,0,134.0
10109872GOMESP_2025-12-06_G47,10109872GOMESP,2025-12-06,111433,1,2,0,87.0
10109872GOMESP_2025-12-06_G48,10109872GOMESP,2025-12-06,111463,1,18,0,207.0
10109872GOMESP_2025-12-06_G49,10109872GOMESP,2025-12-06,117821,1,10,0,230.0
10109872GOMESP_2025-12-06_G50,10109872GOMESP,2025-12-06,141458,1,10,0,305.0
10109872GOMESP_2025-12-06_G51,10109872GOMESP,2025-12-06,118317,1,4,0,175.0
10109872GOMESP_2025-12-06_G52,10109872GOMESP,2025-12-06,117840,1,5,0,230.0
10109872GOMESP_2025-12-06_G53,10109872GOMESP,2025-12-06,110325,1,8,0,113.0
10109872GOMESP_2025-12-06_G54,10109872GOMESP,2025-12-06,111430,1,20,0,235.0
10109872GOMESP_2025-12-06_G55,10109872GOMESP,2025-12-06,118269,1,1,0,133.0
10109872GOMESP_2025-12-06_G57,10109872GOMESP,2025-12-06,111530,1,17,0,141.0
10109872GOMESP_2025-12-06_G58,10109872GOMESP,2025-12-06,116241,1,16,0,381.0
10109872GOMESP_2025-12-06_G59,10109872GOMESP,2025-12-06,111569,1,54,0,1753.0
10109872GOMESP_2025-12-06_G60,10109872GOMESP,2025-12-06,110895,1,80,0,447.0
10109872GOMESP_2025-12-06_G61,10109872GOMESP,2025-12-06,141916,1,41,0,333.0
10109872GOMESP_2025-12-06_G62,10109872GOMESP,2025-12-06,118094,1,70,0,118.0
10109872GOMESP_2025-12-06_G63,10109872GOMESP,2025-12-06,110339,1,80,0,403.0
10109872GOMESP_2025-12-06_G64,10109872GOMESP,2025-12-06,117853,1,50,0,335.0
10109872GOMESP_2025-12-06_G65,10109872GOMESP,2025-12-06,141047,1,50,0,314.0
10109872GOMESP_2025-12-06_G66,10109872GOMESP,2025-12-06,117786,1,80,0,331.0
10109872GOMESP_2025-12-06_G67,10109872GOMESP,2025-12-06,108795,1,50,0,193.0
10109872GOMESP_2025-12-06_G68,10109872GOMESP,2025-12-06,109641,1,60,0,215.0
10109872GOMESP_2025-12-06_G69,10109872GOMESP,2025-12-06,117838,1,42,0,185.0
10109872GOMESP_2025-12-06_G70,10109872GOMESP,2025-12-06,108711,1,80,0,156.0
10109872GOMESP_2025-12-06_G71,10109872GOMESP,2025-12-06,141271,1,100,0,522.0
10109872GOMESP_2025-12-06_G72,10109872GOMESP,2025-12-06,107236,1,60,0,438.0
10109872GOMESP_2025-12-06_G73,10109872GOMESP,2025-12-06,111469,2,17,21,670.0
10109872GOMESP_2025-12-06_G74,10109872GOMESP,2025-12-06,118317,1,4,0,45.0
10109872GOMESP_2025-12-06_G75,10109872GOMESP,2025-12-06,111182,1,10,0,132.0
10109872GOMESP_2025-12-08_G02,10109872GOMESP,2025-12-08,108794,1,8,0,86.0
10109872GOMESP_2025-12-08_G03,10109872GOMESP,2025-12-08,109647,1,4,0,175.0
10109872GOMESP_2025-12-08_G04,10109872GOMESP,2025-12-08,111634,1,6,0,254.0
10109872GOMESP_2025-12-08_G05,10109872GOMESP,2025-12-08,141261,1,8,0,249.0
10109872GOMESP_2025-12-08_G06,10109872GOMESP,2025-12-08,118191,1,8,0,161.0
10109872GOMESP_2025-12-08_G07,10109872GOMESP,2025-12-08,141262,1,8,0,261.0
10109872GOMESP_2025-12-08_G08,10109872GOMESP,2025-12-08,141262,1,8,0,56.0
10109872GOMESP_2025-12-08_G09,10109872GOMESP,2025-12-08,118191,1,8,0,171.0
10109872GOMESP_2025-12-08_G10,10109872GOMESP,2025-12-08,141262,1,8,0,283.0
10109872GOMESP_2025-12-08_G11,10109872GOMESP,2025-12-08,111443,1,8,0,743.0
10109872GOMESP_2025-12-08_G12,10109872GOMESP,2025-12-08,111466,1,5,0,54.0
10109872GOMESP_2025-12-08_G13,10109872GOMESP,2025-12-08,117808,1,90,0,297.0
10109872GOMESP_2025-12-08_G14,10109872GOMESP,2025-12-08,110895,1,30,0,335.0
10109872GOMESP_2025-12-08_G15,10109872GOMESP,2025-12-08,111438,1,22,0,823.0
10109872GOMESP_2025-12-08_G16,10109872GOMESP,2025-12-08,110740,1,2,0,212.0
10109872GOMESP_2025-12-08_G17,10109872GOMESP,2025-12-08,118317,1,16,0,253.0
10109872GOMESP_2025-12-08_G18,10109872GOMESP,2025-12-08,111418,1,33,0,393.0
10109872GOMESP_2025-12-08_G19,10109872GOMESP,2025-12-08,111466,1,80,0,439.0
10109872GOMESP_2025-12-08_G20,10109872GOMESP,2025-12-08,110747,1,2,0,193.0
10109872GOMESP_2025-12-08_G21,10109872GOMESP,2025-12-08,108759,1,4,0,130.0
10109872GOMESP_2025-12-08_G22,10109872GOMESP,2025-12-08,111438,1,2,0,48.0
10109872GOMESP_2025-12-08_G23,10109872GOMESP,2025-12-08,110755,1,10,0,694.0
10109872GOMESP_2025-12-08_G24,10109872GOMESP,2025-12-08,110339,1,24,0,432.0
10109872GOMESP_2025-12-08_G25,10109872GOMESP,2025-12-08,141047,1,8,0,156.0
10109872GOMESP_2025-12-08_G26,10109872GOMESP,2025-12-08,117786,1,4,0,87.0
10109872GOMESP_2025-12-08_G27,10109872GOMESP,2025-12-08,109647,1,8,0,309.0
10109872GOMESP_2025-12-08_G28,10109872GOMESP,2025-12-08,117862,1,4,0,57.0
10109872GOMESP_2025-12-08_G29,10109872GOMESP,2025-12-08,117808,1,60,0,684.0
10109872GOMESP_2025-12-08_G30,10109872GOMESP,2025-12-08,118299,1,4,0,127.0
10109872GOMESP_2025-12-08_G31,10109872GOMESP,2025-12-08,111418,1,10,0,161.0
10109872GOMESP_2025-12-08_G32,10109872GOMESP,2025-12-08,111463,1,35,0,1051.0
10109872GOMESP_2025-12-08_G33,10109872GOMESP,2025-12-08,110325,1,7,0,2186.0
10109872GOMESP_2025-12-08_G34,10109872GOMESP,2025-12-08,118222,1,1,0,114.0
10109872GOMESP_2025-12-08_G35,10109872GOMESP,2025-12-08,111465,1,2,0,117.0
10109872GOMESP_2025-12-08_G36,10109872GOMESP,2025-12-08,110373,1,20,0,331.0
10109872GOMESP_2025-12-08_G37,10109872GOMESP,2025-12-08,111602,1,8,0,105.0
10109872GOMESP_2025-12-08_G38,10109872GOMESP,2025-12-08,118140,1,4,0,118.0
10109872GOMESP_2025-12-08_G39,10109872GOMESP,2025-12-08,111602,1,5,0,133.0
10109872GOMESP_2025-12-08_G40,10109872GOMESP,2025-12-08,111443,2,16,22,88.0
10109872GOMESP_2025-12-08_G41,10109872GOMESP,2025-12-08,140911,1,3,0,63.0
10109872GOMESP_2025-12-08_G42,10109872GOMESP,2025-12-08,141313,1,2,0,78.0
10109872GOMESP_2025-12-08_G43,10109872GOMESP,2025-12-08,105705,1,6,0,363.0
10109872GOMESP_2025-12-08_G44,10109872GOMESP,2025-12-08,110374,1,60,0,380.0
10109872GOMESP_2025-12-08_G45,10109872GOMESP,2025-12-08,117809,1,8,0,198.0
10109872GOMESP_2025-12-08_G46,10109872GOMESP,2025-12-08,110375,1,8,0,100.0
10109872GOMESP_2025-12-08_G47,10109872GOMESP,2025-12-08,160051,1,12,0,65.0
10109872GOMESP_2025-12-08_G48,10109872GOMESP,2025-12-08,109643,1,12,0,151.0
10109872GOMESP_2025-12-08_G49,10109872GOMESP,2025-12-08,110325,1,40,0,296.0
10109872GOMESP_2025-12-08_G50,10109872GOMESP,2025-12-08,141202,1,12,0,99.0
10109872GOMESP_2025-12-08_G51,10109872GOMESP,2025-12-08,160054,1,4,0,91.0
10109872GOMESP_2025-12-08_G52,10109872GOMESP,2025-12-08,117831,1,12,0,117.0
10109872GOMESP_2025-12-08_G53,10109872GOMESP,2025-12-08,107236,1,16,0,157.0
10109872GOMESP_2025-12-08_G54,10109872GOMESP,2025-12-08,141458,1,12,0,130.0
10109872GOMESP_2025-12-08_G55,10109872GOMESP,2025-12-08,111465,1,8,0,96.0
10109872GOMESP_2025-12-08_G57,10109872GOMESP,2025-12-08,108711,1,4,0,1724.0
10109872GOMESP_2025-12-08_G58,10109872GOMESP,2025-12-08,110733,1,4,0,54.0
10109872GOMESP_2025-12-08_G59,10109872GOMESP,2025-12-08,111602,1,4,0,109.0
10109872GOMESP_2025-12-08_G60,10109872GOMESP,2025-12-08,110325,1,8,0,88.0
10109872GOMESP_2025-12-08_G61,10109872GOMESP,2025-12-08,118140,1,20,0,204.0
10109872GOMESP_2025-12-08_G62,10109872GOMESP,2025-12-08,105705,1,2,0,37.0
10109872GOMESP_2025-12-08_G63,10109872GOMESP,2025-12-08,160055,1,4,0,102.0
10109872GOMESP_2025-12-08_G64,10109872GOMESP,2025-12-08,160053,1,8,0,546.0
10109872GOMESP_2025-12-08_G65,10109872GOMESP,2025-12-08,160051,1,4,0,205.0
10109872GOMESP_2025-12-08_G66,10109872GOMESP,2025-12-08,160054,1,4,0,138.0
10109872GOMESP_2025-12-08_G67,10109872GOMESP,2025-12-08,111446,1,4,0,254.0
10109872GOMESP_2025-12-08_G68,10109872GOMESP,2025-12-08,141823,1,2,0,81.0
10109872GOMESP_2025-12-08_G69,10109872GOMESP,2025-12-08,141456,1,12,0,1009.0
10109872GOMESP_2025-12-08_G70,10109872GOMESP,2025-12-08,117808,1,6,0,147.0
10109872GOMESP_2025-12-08_G71,10109872GOMESP,2025-12-08,110372,1,4,0,74.0
10109872GOMESP_2025-12-08_G72,10109872GOMESP,2025-12-08,110325,1,2,0,58.0
10109872GOMESP_2025-12-08_G73,10109872GOMESP,2025-12-08,111469,1,8,0,106.0
10109872GOMESP_2025-12-08_G74,10109872GOMESP,2025-12-08,111330,1,3,0,121.0
10109872GOMESP_2025-12-08_G75,10109872GOMESP,2025-12-08,111530,1,12,0,192.0
10109872GOMESP_2025-12-08_G76,10109872GOMESP,2025-12-08,108794,1,8,0,75.0
10109872GOMESP_2025-12-08_G77,10109872GOMESP,2025-12-08,160057,1,4,0,124.0
10109872GOMESP_2025-12-08_G78,10109872GOMESP,2025-12-08,160051,1,4,0,97.0
10109872GOMESP_2025-12-08_G79,10109872GOMESP,2025-12-08,110745,1,20,0,240.0
10109872GOMESP_2025-12-08_G80,10109872GOMESP,2025-12-08,118140,1,8,0,335.0
10109872GOMESP_2025-12-08_G81,10109872GOMESP,2025-12-08,117808,1,4,0,88.0
10109872GOMESP_2025-12-08_G82,10109872GOMESP,2025-12-08,100334,1,2,0,133.0
10109872GOMESP_2025-12-08_G83,10109872GOMESP,2025-12-08,140923,1,4,0,119.0
10109872GOMESP_2025-12-08_G84,10109872GOMESP,2025-12-08,117856,1,4,0,122.0
10109872GOMESP_2025-12-08_G85,10109872GOMESP,2025-12-08,141456,1,4,0,73.0
10109872GOMESP_2025-12-08_G86,10109872GOMESP,2025-12-08,105705,1,1,0,34.0
10109872GOMESP_2025-12-08_G87,10109872GOMESP,2025-12-08,140922,1,2,0,62.0
10109872GOMESP_2025-12-08_G88,10109872GOMESP,2025-12-08,117831,1,8,0,219.0
10109872GOMESP_2025-12-09_G02,10109872GOMESP,2025-12-09,117861,1,2,0,86.0
10109872GOMESP_2025-12-09_G03,10109872GOMESP,2025-12-09,140923,1,4,0,44.0
10109872GOMESP_2025-12-09_G04,10109872GOMESP,2025-12-09,117856,1,2,0,99.0
10109872GOMESP_2025-12-09_G05,10109872GOMESP,2025-12-09,111530,1,4,0,1146.0
10109872GOMESP_2025-12-09_G06,10109872GOMESP,2025-12-09,117855,1,2,0,89.0
10109872GOMESP_2025-12-09_G07,10109872GOMESP,2025-12-09,117862,1,4,0,60.0
10109872GOMESP_2025-12-09_G08,10109872GOMESP,2025-12-09,111602,1,2,0,82.0
10109872GOMESP_2025-12-09_G09,10109872GOMESP,2025-12-09,141823,1,2,0,126.0
10109872GOMESP_2025-12-09_G10,10109872GOMESP,2025-12-09,141456,1,4,0,49.0
10109872GOMESP_2025-12-09_G11,10109872GOMESP,2025-12-09,109645,1,1,0,43.0
10109872GOMESP_2025-12-09_G12,10109872GOMESP,2025-12-09,111743,1,2,0,47.0
10109872GOMESP_2025-12-09_G13,10109872GOMESP,2025-12-09,111468,1,3,0,50.0
10109872GOMESP_2025-12-09_G14,10109872GOMESP,2025-12-09,108794,1,4,0,83.0
10109872GOMESP_2025-12-09_G15,10109872GOMESP,2025-12-09,141457,1,10,0,121.0
10109872GOMESP_2025-12-09_G16,10109872GOMESP,2025-12-09,108795,1,2,0,88.0
10109872GOMESP_2025-12-09_G17,10109872GOMESP,2025-12-09,111463,1,4,0,77.0
10109872GOMESP_2025-12-09_G18,10109872GOMESP,2025-12-09,117785,1,6,0,103.0
10109872GOMESP_2025-12-09_G19,10109872GOMESP,2025-12-09,117821,1,3,0,69.0
10109872GOMESP_2025-12-09_G20,10109872GOMESP,2025-12-09,141458,1,4,0,57.0
10109872GOMESP_2025-12-09_G21,10109872GOMESP,2025-12-09,117809,1,4,0,149.0
10109872GOMESP_2025-12-09_G22,10109872GOMESP,2025-12-09,117808,1,6,0,131.0
10109872GOMESP_2025-12-09_G23,10109872GOMESP,2025-12-09,117832,1,4,0,109.0
10109872GOMESP_2025-12-09_G24,10109872GOMESP,2025-12-09,141916,1,4,0,309.0
10109872GOMESP_2025-12-09_G25,10109872GOMESP,2025-12-09,110741,1,6,0,96.0
10109872GOMESP_2025-12-09_G26,10109872GOMESP,2025-12-09,110339,1,6,0,114.0
10109872GOMESP_2025-12-09_G27,10109872GOMESP,2025-12-09,117856,1,2,0,46.0
10109872GOMESP_2025-12-09_G28,10109872GOMESP,2025-12-09,141066,1,2,0,53.0
10109872GOMESP_2025-12-09_G29,10109872GOMESP,2025-12-09,110756,1,2,0,66.0
10109872GOMESP_2025-12-09_G30,10109872GOMESP,2025-12-09,110711,1,4,0,161.0
10109872GOMESP_2025-12-09_G31,10109872GOMESP,2025-12-09,111602,1,12,0,184.0
10109872GOMESP_2025-12-09_G32,10109872GOMESP,2025-12-09,111468,1,8,0,234.0
10109872GOMESP_2025-12-09_G33,10109872GOMESP,2025-12-09,140922,1,20,0,95.0
10109872GOMESP_2025-12-09_G34,10109872GOMESP,2025-12-09,111469,1,12,0,431.0
10109872GOMESP_2025-12-09_G35,10109872GOMESP,2025-12-09,110374,1,12,0,274.0
10109872GOMESP_2025-12-09_G36,10109872GOMESP,2025-12-09,117822,1,8,0,77.0
10109872GOMESP_2025-12-09_G37,10109872GOMESP,2025-12-09,110376,1,9,0,102.0
10109872GOMESP_2025-12-09_G38,10109872GOMESP,2025-12-09,117832,1,4,0,55.0
10109872GOMESP_2025-12-09_G39,10109872GOMESP,2025-12-09,118299,1,30,0,844.0
10109872GOMESP_2025-12-09_G40,10109872GOMESP,2025-12-09,110372,1,50,0,50.0
10109872GOMESP_2025-12-09_G41,10109872GOMESP,2025-12-09,118222,1,50,0,997.0
10109872GOMESP_2025-12-09_G42,10109872GOMESP,2025-12-09,108759,1,2,0,785.0
10109872GOMESP_2025-12-09_G43,10109872GOMESP,2025-12-09,111438,1,70,0,426.0
10109872GOMESP_2025-12-09_G44,10109872GOMESP,2025-12-09,117834,1,4,0,686.0
10109872GOMESP_2025-12-09_G45,10109872GOMESP,2025-12-09,118253,1,4,0,96.0
10109872GOMESP_2025-12-09_G46,10109872GOMESP,2025-12-09,100334,1,8,0,213.0
10109872GOMESP_2025-12-09_G47,10109872GOMESP,2025-12-09,110582,1,4,0,150.0
10109872GOMESP_2025-12-09_G48,10109872GOMESP,2025-12-09,110374,1,60,0,154.0
10109872GOMESP_2025-12-09_G49,10109872GOMESP,2025-12-09,117808,1,100,0,375.0
10109872GOMESP_2025-12-09_G50,10109872GOMESP,2025-12-09,110376,1,5,0,114.0
10109872GOMESP_2025-12-09_G51,10109872GOMESP,2025-12-09,110372,1,2,0,208.0
10109872GOMESP_2025-12-09_G52,10109872GOMESP,2025-12-09,110372,1,60,0,277.0
10109872GOMESP_2025-12-09_G53,10109872GOMESP,2025-12-09,118299,1,10,0,273.0
10109872GOMESP_2025-12-09_G54,10109872GOMESP,2025-12-09,110372,1,200,0,575.0
10109872GOMESP_2025-12-09_G55,10109872GOMESP,2025-12-09,110733,1,1,0,825.0
10109872GOMESP_2025-12-09_G56,10109872GOMESP,2025-12-09,118140,1,4,0,93.0
10109872GOMESP_2025-12-09_G57,10109872GOMESP,2025-12-09,108711,1,6,0,74.0
10109872GOMESP_2025-12-09_G58,10109872GOMESP,2025-12-09,141202,1,4,0,192.0
10109872GOMESP_2025-12-09_G59,10109872GOMESP,2025-12-09,110895,1,4,0,138.0
10109872GOMESP_2025-12-09_G60,10109872GOMESP,2025-12-09,141823,1,4,0,103.0
10109872GOMESP_2025-12-09_G61,10109872GOMESP,2025-12-09,118140,1,12,0,106.0
10109872GOMESP_2025-12-09_G62,10109872GOMESP,2025-12-09,108711,1,4,0,87.0
10109872GOMESP_2025-12-09_G63,10109872GOMESP,2025-12-09,141202,1,8,0,115.0
10109872GOMESP_2025-12-09_G64,10109872GOMESP,2025-12-09,110733,1,4,0,100.0
10109872GOMESP_2025-12-09_G65,10109872GOMESP,2025-12-09,141823,1,4,0,143.0
10109872GOMESP_2025-12-09_G66,10109872GOMESP,2025-12-09,118140,1,20,0,148.0
10109872GOMESP_2025-12-09_G67,10109872GOMESP,2025-12-09,108711,1,4,0,70.0
10109872GOMESP_2025-12-09_G68,10109872GOMESP,2025-12-09,141202,1,4,0,145.0
10109872GOMESP_2025-12-09_G69,10109872GOMESP,2025-12-09,117809,1,6,0,242.0
10109872GOMESP_2025-12-09_G70,10109872GOMESP,2025-12-09,108711,1,4,0,42.0
10109872GOMESP_2025-12-09_G71,10109872GOMESP,2025-12-09,118140,1,6,0,52.0
10109872GOMESP_2025-12-09_G72,10109872GOMESP,2025-12-09,118222,1,3,0,121.0
10109872GOMESP_2025-12-09_G73,10109872GOMESP,2025-12-09,111438,1,16,0,365.0
10109872GOMESP_2025-12-09_G74,10109872GOMESP,2025-12-09,111530,2,96,8,285.0
10109872GOMESP_2025-12-09_G75,10109872GOMESP,2025-12-09,110711,1,12,0,740.0
10109872GOMESP_2025-12-09_G76,10109872GOMESP,2025-12-09,110711,1,32,0,40.0
10109872GOMESP_2025-12-09_G77,10109872GOMESP,2025-12-09,111602,2,55,7,329.0
10109872GOMESP_2025-12-09_G79,10109872GOMESP,2025-12-09,111468,1,6,0,196.0
10109872GOMESP_2025-12-09_G80,10109872GOMESP,2025-12-09,111462,1,30,0,399.0
10109872GOMESP_2025-12-09_G81,10109872GOMESP,2025-12-09,118140,1,5,0,157.0
10109872GOMESP_2025-12-09_G82,10109872GOMESP,2025-12-09,140922,2,12,8,86.0
10109872GOMESP_2025-12-09_G83,10109872GOMESP,2025-12-09,110895,1,4,0,503.0
10109872GOMESP_2025-12-09_G84,10109872GOMESP,2025-12-09,110733,1,4,0,74.0
10109872GOMESP_2025-12-09_G85,10109872GOMESP,2025-12-09,141823,1,4,0,130.0
10109872GOMESP_2025-12-09_G86,10109872GOMESP,2025-12-09,118140,1,8,0,83.0
10109872GOMESP_2025-12-09_G87,10109872GOMESP,2025-12-09,117831,1,4,0,88.0
10109872GOMESP_2025-12-09_G88,10109872GOMESP,2025-12-09,141823,1,12,0,140.0
10109872GOMESP_2025-12-09_G89,10109872GOMESP,2025-12-09,118140,1,12,0,275.0
10109872GOMESP_2025-12-09_G90,10109872GOMESP,2025-12-09,108711,1,4,0,76.0
10109872GOMESP_2025-12-09_G91,10109872GOMESP,2025-12-09,118140,1,8,0,96.0
10109872GOMESP_2025-12-09_G92,10109872GOMESP,2025-12-09,108711,1,2,0,44.0
10109872GOMESP_2025-12-09_G93,10109872GOMESP,2025-12-09,117831,1,2,0,89.0
10109872GOMESP_2025-12-09_G94,10109872GOMESP,2025-12-09,110325,1,1,0,79.0
10109872GOMESP_2025-12-09_G95,10109872GOMESP,2025-12-09,118222,1,2,0,88.0
10109872GOMESP_2025-12-09_G96,10109872GOMESP,2025-12-09,111438,2,14,11,1069.0
10109872GOMESP_2025-12-09_G97,10109872GOMESP,2025-12-09,111530,1,50,0,76.0
10109872GOMESP_2025-12-09_G98,10109872GOMESP,2025-12-09,109640,1,11,0,636.0
10109872GOMESP_2025-12-09_G99,10109872GOMESP,2025-12-09,110711,1,23,0,419.0
10109872GOMESP_2025-12-09_G100,10109872GOMESP,2025-12-09,111602,1,13,0,104.0
10109872GOMESP_2025-12-09_G101,10109872GOMESP,2025-12-09,110740,2,20,7,329.0
10109872GOMESP_2025-12-09_G102,10109872GOMESP,2025-12-09,118317,1,4,0,96.0
10109872GOMESP_2025-12-09_G103,10109872GOMESP,2025-12-09,111468,1,4,0,125.0
10109872GOMESP_2025-12-09_G104,10109872GOMESP,2025-12-09,111465,1,2,0,175.0
10109872GOMESP_2025-12-09_G105,10109872GOMESP,2025-12-09,110376,1,4,0,335.0
10109872GOMESP_2025-12-09_G106,10109872GOMESP,2025-12-09,117832,1,6,0,66.0
10109872GOMESP_2025-12-09_G107,10109872GOMESP,2025-12-09,111418,1,50,0,394.0
10109872GOMESP_2025-12-10_G02,10109872GOMESP,2025-12-10,111602,1,356,0,865.0
10109872GOMESP_2025-12-10_G03,10109872GOMESP,2025-12-10,111438,1,20,0,1050.0
10109872GOMESP_2025-12-10_G04,10109872GOMESP,2025-12-10,111530,1,11,0,197.0
10109872GOMESP_2025-12-10_G05,10109872GOMESP,2025-12-10,"111418, 111462",2,36,16,510.0
10109872GOMESP_2025-12-10_G06,10109872GOMESP,2025-12-10,111469,1,13,0,115.0
10109872GOMESP_2025-12-10_G07,10109872GOMESP,2025-12-10,110740,1,12,0,152.0
10109872GOMESP_2025-12-10_G08,10109872GOMESP,2025-12-10,111443,1,4,0,82.0
10109872GOMESP_2025-12-10_G09,10109872GOMESP,2025-12-10,110374,1,4,0,226.0
10109872GOMESP_2025-12-10_G10,10109872GOMESP,2025-12-10,117808,1,44,0,380.0
10109872GOMESP_2025-12-10_G11,10109872GOMESP,2025-12-10,117832,1,1,0,63.0
10109872GOMESP_2025-12-10_G12,10109872GOMESP,2025-12-10,110372,1,14,0,529.0
10109872GOMESP_2025-12-10_G13,10109872GOMESP,2025-12-10,118299,1,50,0,373.0
10109872GOMESP_2025-12-10_G14,10109872GOMESP,2025-12-10,111438,1,14,0,826.0
10109872GOMESP_2025-12-10_G15,10109872GOMESP,2025-12-10,110895,1,2,0,105.0
10109872GOMESP_2025-12-10_G16,10109872GOMESP,2025-12-10,118222,1,3,0,54.0
10109872GOMESP_2025-12-10_G17,10109872GOMESP,2025-12-10,117862,1,8,0,105.0
10109872GOMESP_2025-12-10_G18,10109872GOMESP,2025-12-10,141823,1,4,0,80.0
10109872GOMESP_2025-12-10_G19,10109872GOMESP,2025-12-10,"141456, 118140",2,8,5,190.0
10109872GOMESP_2025-12-10_G20,10109872GOMESP,2025-12-10,141457,1,4,0,115.0
10109872GOMESP_2025-12-10_G21,10109872GOMESP,2025-12-10,108795,1,3,0,104.0
10109872GOMESP_2025-12-10_G22,10109872GOMESP,2025-12-10,111418,1,11,0,66.0
10109872GOMESP_2025-12-10_G23,10109872GOMESP,2025-12-10,111463,1,4,0,48.0
10109872GOMESP_2025-12-10_G24,10109872GOMESP,2025-12-10,110740,1,8,0,247.0
10109872GOMESP_2025-12-10_G25,10109872GOMESP,2025-12-10,117785,1,6,0,54.0
10109872GOMESP_2025-12-10_G26,10109872GOMESP,2025-12-10,111443,1,8,0,88.0
10109872GOMESP_2025-12-10_G27,10109872GOMESP,2025-12-10,118253,1,5,0,111.0
10109872GOMESP_2025-12-10_G28,10109872GOMESP,2025-12-10,110895,1,4,0,883.0
10109872GOMESP_2025-12-10_G29,10109872GOMESP,2025-12-10,110733,1,4,0,71.0
10109872GOMESP_2025-12-10_G30,10109872GOMESP,2025-12-10,118140,1,4,0,68.0
10109872GOMESP_2025-12-10_G31,10109872GOMESP,2025-12-10,110733,1,4,0,73.0
10109872GOMESP_2025-12-10_G32,10109872GOMESP,2025-12-10,110711,1,8,0,120.0
10109872GOMESP_2025-12-10_G33,10109872GOMESP,2025-12-10,117831,1,4,0,93.0
10109872GOMESP_2025-12-10_G34,10109872GOMESP,2025-12-10,111438,1,4,0,851.0
10109872GOMESP_2025-12-10_G35,10109872GOMESP,2025-12-10,111569,1,4,0,46.0
10109872GOMESP_2025-12-10_G36,10109872GOMESP,2025-12-10,117856,1,2,0,77.0
10109872GOMESP_2025-12-10_G37,10109872GOMESP,2025-12-10,141047,1,2,0,57.0
10109872GOMESP_2025-12-10_G38,10109872GOMESP,2025-12-10,111530,1,2,0,61.0
10109872GOMESP_2025-12-10_G39,10109872GOMESP,2025-12-10,110756,1,2,0,44.0
10109872GOMESP_2025-12-10_G40,10109872GOMESP,2025-12-10,141456,1,8,0,117.0
10109872GOMESP_2025-12-10_G41,10109872GOMESP,2025-12-10,118140,1,2,0,43.0
10109872GOMESP_2025-12-10_G42,10109872GOMESP,2025-12-10,111743,1,2,0,77.0
10109872GOMESP_2025-12-10_G43,10109872GOMESP,2025-12-10,117838,1,4,0,84.0
10109872GOMESP_2025-12-10_G44,10109872GOMESP,2025-12-10,140922,1,2,0,35.0
10109872GOMESP_2025-12-10_G45,10109872GOMESP,2025-12-10,108711,1,2,0,34.0
10109872GOMESP_2025-12-10_G46,10109872GOMESP,2025-12-10,141457,1,8,0,235.0
10109872GOMESP_2025-12-10_G47,10109872GOMESP,2025-12-10,108795,1,2,0,89.0
10109872GOMESP_2025-12-10_G48,10109872GOMESP,2025-12-10,117831,1,4,0,67.0
10109872GOMESP_2025-12-10_G49,10109872GOMESP,2025-12-10,141458,1,4,0,92.0
10109872GOMESP_2025-12-10_G50,10109872GOMESP,2025-12-10,117809,1,2,0,115.0
10109872GOMESP_2025-12-10_G51,10109872GOMESP,2025-12-10,117808,1,20,0,143.0
10109872GOMESP_2025-12-10_G52,10109872GOMESP,2025-12-10,118299,1,20,0,631.0
10109872GOMESP_2025-12-10_G53,10109872GOMESP,2025-12-10,117861,1,2,0,94.0
10109872GOMESP_2025-12-10_G54,10109872GOMESP,2025-12-10,140923,1,2,0,36.0
10109872GOMESP_2025-12-10_G55,10109872GOMESP,2025-12-10,"110339, 110733",2,3,30,77.0
10109872GOMESP_2025-12-10_G56,10109872GOMESP,2025-12-10,117855,1,4,0,69.0
10109872GOMESP_2025-12-10_G57,10109872GOMESP,2025-12-10,109640,1,2,0,92.0
10109872GOMESP_2025-12-10_G58,10109872GOMESP,2025-12-10,111468,1,1,0,112.0
10109872GOMESP_2025-12-10_G59,10109872GOMESP,2025-12-10,141457,1,4,0,93.0
10109872GOMESP_2025-12-10_G60,10109872GOMESP,2025-12-10,108795,1,4,0,109.0
10109872GOMESP_2025-12-10_G61,10109872GOMESP,2025-12-10,111418,1,2,0,43.0
10109872GOMESP_2025-12-10_G62,10109872GOMESP,2025-12-10,111462,1,2,0,48.0
10109872GOMESP_2025-12-10_G63,10109872GOMESP,2025-12-10,111463,1,3,0,40.0
10109872GOMESP_2025-12-10_G64,10109872GOMESP,2025-12-10,111469,1,6,0,74.0
10109872GOMESP_2025-12-10_G65,10109872GOMESP,2025-12-10,117831,1,6,0,97.0
10109872GOMESP_2025-12-10_G66,10109872GOMESP,2025-12-10,111465,1,2,0,188.0
10109872GOMESP_2025-12-10_G67,10109872GOMESP,2025-12-10,117809,1,2,0,98.0
10109872GOMESP_2025-12-10_G68,10109872GOMESP,2025-12-10,110371,1,4,0,80.0
10109872GOMESP_2025-12-10_G69,10109872GOMESP,2025-12-10,117808,1,8,0,195.0
10109872GOMESP_2025-12-10_G70,10109872GOMESP,2025-12-10,110372,1,4,0,92.0
10109872GOMESP_2025-12-10_G71,10109872GOMESP,2025-12-10,118299,1,10,0,76.0
10109872GOMESP_2025-12-10_G72,10109872GOMESP,2025-12-10,110325,1,2,0,93.0
10109872GOMESP_2025-12-10_G73,10109872GOMESP,2025-12-10,110373,1,4,0,88.0
10109872GOMESP_2025-12-10_G74,10109872GOMESP,2025-12-10,110895,1,2,0,135.0
10109872GOMESP_2025-12-10_G75,10109872GOMESP,2025-12-10,110747,1,1,0,70.0
10109872GOMESP_2025-12-10_G76,10109872GOMESP,2025-12-10,111602,1,1,0,75.0
10109872GOMESP_2025-12-10_G77,10109872GOMESP,2025-12-10,117856,1,4,0,83.0
10109872GOMESP_2025-12-10_G78,10109872GOMESP,2025-12-10,117855,1,2,0,84.0
10109872GOMESP_2025-12-10_G79,10109872GOMESP,2025-12-10,141456,1,4,0,123.0
10109872GOMESP_2025-12-10_G80,10109872GOMESP,2025-12-10,108711,1,1,0,84.0
10109872GOMESP_2025-12-10_G81,10109872GOMESP,2025-12-10,108795,1,2,0,97.0
10109872GOMESP_2025-12-10_G82,10109872GOMESP,2025-12-10,111418,1,4,0,52.0
10109872GOMESP_2025-12-10_G84,10109872GOMESP,2025-12-10,117808,1,23,0,205.0
10109872GOMESP_2025-12-10_G85,10109872GOMESP,2025-12-10,110749,1,2,0,53.0
10109872GOMESP_2025-12-10_G86,10109872GOMESP,2025-12-10,140923,1,1,0,106.0
10109872GOMESP_2025-12-10_G87,10109872GOMESP,2025-12-10,111602,1,1,0,58.0
10109872GOMESP_2025-12-10_G88,10109872GOMESP,2025-12-10,117856,1,1,0,61.0
10109872GOMESP_2025-12-10_G89,10109872GOMESP,2025-12-10,109645,1,2,0,117.0
10109872GOMESP_2025-12-10_G90,10109872GOMESP,2025-12-10,116241,1,4,0,339.0
10109872GOMESP_2025-12-10_G91,10109872GOMESP,2025-12-10,117838,1,1,0,107.0
10109872GOMESP_2025-12-10_G92,10109872GOMESP,2025-12-10,108795,1,1,0,114.0
10109872GOMESP_2025-12-10_G93,10109872GOMESP,2025-12-10,110740,1,2,0,80.0
10109872GOMESP_2025-12-10_G94,10109872GOMESP,2025-12-10,117808,1,10,0,132.0
10109872GOMESP_2025-12-10_G95,10109872GOMESP,2025-12-10,118299,1,10,0,122.0
10109872GOMESP_2025-12-10_G96,10109872GOMESP,2025-12-10,111569,1,2,0,230.0
10109872GOMESP_2025-12-10_G97,10109872GOMESP,2025-12-10,118222,1,2,0,94.0
10109872GOMESP_2025-12-10_G98,10109872GOMESP,2025-12-10,140923,1,5,0,96.0
10109872GOMESP_2025-12-10_G99,10109872GOMESP,2025-12-10,111602,1,7,0,79.0
10109872GOMESP_2025-12-10_G100,10109872GOMESP,2025-12-10,141047,1,2,0,80.0
10109872GOMESP_2025-12-10_G101,10109872GOMESP,2025-12-10,111530,1,4,0,63.0
10109872GOMESP_2025-12-10_G102,10109872GOMESP,2025-12-10,117855,1,4,0,51.0
10109872GOMESP_2025-12-10_G103,10109872GOMESP,2025-12-10,117862,1,4,0,86.0
10109872GOMESP_2025-12-10_G104,10109872GOMESP,2025-12-10,109640,1,1,0,66.0
10109872GOMESP_2025-12-10_G105,10109872GOMESP,2025-12-10,111172,1,2,0,140.0
10109872GOMESP_2025-12-10_G106,10109872GOMESP,2025-12-10,141456,1,2,0,44.0
10109872GOMESP_2025-12-10_G107,10109872GOMESP,2025-12-10,118140,1,3,0,47.0
10109872GOMESP_2025-12-10_G108,10109872GOMESP,2025-12-10,110751,1,2,0,55.0
10109872GOMESP_2025-12-10_G109,10109872GOMESP,2025-12-10,111743,1,2,0,46.0
10109872GOMESP_2025-12-10_G110,10109872GOMESP,2025-12-10,111468,1,4,0,56.0
10109872GOMESP_2025-12-10_G111,10109872GOMESP,2025-12-10,111418,1,9,0,105.0
10109872GOMESP_2025-12-10_G112,10109872GOMESP,2025-12-10,111463,1,4,0,46.0
10109872GOMESP_2025-12-10_G113,10109872GOMESP,2025-12-10,117831,1,2,0,45.0
10109872GOMESP_2025-12-10_G114,10109872GOMESP,2025-12-10,117821,1,3,0,451.0
10109872GOMESP_2025-12-10_G115,10109872GOMESP,2025-12-10,111465,1,6,0,69.0
10109872GOMESP_2025-12-10_G116,10109872GOMESP,2025-12-10,117809,1,8,0,134.0
10109872GOMESP_2025-12-10_G117,10109872GOMESP,2025-12-10,110371,1,16,0,219.0
10109872GOMESP_2025-12-10_G118,10109872GOMESP,2025-12-10,117808,1,10,0,45.0
10109872GOMESP_2025-12-10_G119,10109872GOMESP,2025-12-10,110376,1,4,0,404.0
10109872GOMESP_2025-12-10_G120,10109872GOMESP,2025-12-10,110372,1,3,0,100.0
10109872GOMESP_2025-12-10_G121,10109872GOMESP,2025-12-10,118299,1,13,0,116.0
10109872GOMESP_2025-12-10_G122,10109872GOMESP,2025-12-10,110373,1,6,0,134.0
10109872GOMESP_2025-12-10_G123,10109872GOMESP,2025-12-10,110895,1,4,0,252.0
10109872GOMESP_2025-12-10_G124,10109872GOMESP,2025-12-10,110733,1,4,0,88.0
10109872GOMESP_2025-12-10_G125,10109872GOMESP,2025-12-10,141823,1,4,0,117.0
10109872GOMESP_2025-12-10_G126,10109872GOMESP,2025-12-10,118140,1,2,0,60.0
10109872GOMESP_2025-12-10_G127,10109872GOMESP,2025-12-10,111465,1,2,0,78.0
10109872GOMESP_2025-12-10_G128,10109872GOMESP,2025-12-10,110339,1,4,0,132.0
10109872GOMESP_2025-12-10_G129,10109872GOMESP,2025-12-10,111530,1,1,0,99.0
10109872GOMESP_2025-12-10_G130,10109872GOMESP,2025-12-10,117862,1,2,0,86.0
10109872GOMESP_2025-12-10_G131,10109872GOMESP,2025-12-10,141456,1,6,0,111.0
10109872GOMESP_2025-12-10_G132,10109872GOMESP,2025-12-10,118140,1,4,0,60.0
10109872GOMESP_2025-12-10_G133,10109872GOMESP,2025-12-10,111418,1,8,0,102.0
10109872GOMESP_2025-12-10_G134,10109872GOMESP,2025-12-10,117831,1,6,0,86.0
10109872GOMESP_2025-12-10_G135,10109872GOMESP,2025-12-10,111465,1,2,0,55.0
10109872GOMESP_2025-12-10_G136,10109872GOMESP,2025-12-10,110371,1,8,0,248.0
10109872GOMESP_2025-12-10_G137,10109872GOMESP,2025-12-10,117808,1,2,0,39.0
10109872GOMESP_2025-12-10_G138,10109872GOMESP,2025-12-10,117832,1,4,0,113.0
10109872GOMESP_2025-12-10_G139,10109872GOMESP,2025-12-10,110372,1,15,0,145.0
10109872GOMESP_2025-12-10_G140,10109872GOMESP,2025-12-10,118299,1,6,0,61.0
10109872GOMESP_2025-12-10_G141,10109872GOMESP,2025-12-10,118140,1,6,0,98.0
10109872GOMESP_2025-12-11_G02,10109872GOMESP,2025-12-11,118324,1,4,0,245.0
10109872GOMESP_2025-12-11_G03,10109872GOMESP,2025-12-11,110895,1,32,0,469.0
10109872GOMESP_2025-12-11_G04,10109872GOMESP,2025-12-11,111418,1,8,0,187.0
10109872GOMESP_2025-12-11_G05,10109872GOMESP,2025-12-11,111463,2,54,8,404.0
10109872GOMESP_2025-12-11_G06,10109872GOMESP,2025-12-11,111469,1,4,0,194.0
10109872GOMESP_2025-12-11_G07,10109872GOMESP,2025-12-11,117831,2,52,7,250.0
10109872GOMESP_2025-12-11_G08,10109872GOMESP,2025-12-11,111348,1,5,0,355.0
10109872GOMESP_2025-12-11_G09,10109872GOMESP,2025-12-11,111172,1,12,0,449.0
10109872GOMESP_2025-12-11_G10,10109872GOMESP,2025-12-11,101011,1,4,0,46.0
10109872GOMESP_2025-12-11_G11,10109872GOMESP,2025-12-11,141456,1,8,0,78.0
10109872GOMESP_2025-12-11_G12,10109872GOMESP,2025-12-11,141456,1,32,0,227.0
10109872GOMESP_2025-12-11_G13,10109872GOMESP,2025-12-11,118140,1,4,0,182.0
10109872GOMESP_2025-12-11_G14,10109872GOMESP,2025-12-11,140922,1,24,0,152.0
10109872GOMESP_2025-12-11_G15,10109872GOMESP,2025-12-11,111743,1,4,0,86.0
10109872GOMESP_2025-12-11_G16,10109872GOMESP,2025-12-11,111468,1,40,0,342.0
10109872GOMESP_2025-12-11_G17,10109872GOMESP,2025-12-11,141271,2,10,7,278.0
10109872GOMESP_2025-12-11_G18,10109872GOMESP,2025-12-11,108794,1,28,0,269.0
10109872GOMESP_2025-12-11_G19,10109872GOMESP,2025-12-11,108794,1,11,0,157.0
10109872GOMESP_2025-12-11_G20,10109872GOMESP,2025-12-11,141457,1,40,0,253.0
10109872GOMESP_2025-12-11_G21,10109872GOMESP,2025-12-11,110752,1,425,0,2804.0
10109872GOMESP_2025-12-11_G22,10109872GOMESP,2025-12-11,117855,1,278,0,1040.0
10109872GOMESP_2025-12-11_G23,10109872GOMESP,2025-12-11,111569,1,56,0,2086.0
10109872GOMESP_2025-12-11_G24,10109872GOMESP,2025-12-11,111569,1,34,0,97.0
10109872GOMESP_2025-12-11_G25,10109872GOMESP,2025-12-11,110755,1,24,0,1504.0
10109872GOMESP_2025-12-11_G26,10109872GOMESP,2025-12-11,108759,1,13,0,124.0
10109872GOMESP_2025-12-11_G27,10109872GOMESP,2025-12-11,107892,1,8,0,292.0
10109872GOMESP_2025-12-11_G28,10109872GOMESP,2025-12-11,107892,1,8,0,191.0
10109872GOMESP_2025-12-11_G29,10109872GOMESP,2025-12-11,109647,1,60,0,172.0
10109872GOMESP_2025-12-11_G30,10109872GOMESP,2025-12-11,111439,1,40,0,437.0
10109872GOMESP_2025-12-11_G31,10109872GOMESP,2025-12-11,111330,1,81,0,893.0
10109872GOMESP_2025-12-11_G32,10109872GOMESP,2025-12-11,109643,1,120,0,503.0
10109872GOMESP_2025-12-11_G33,10109872GOMESP,2025-12-11,108770,1,100,0,856.0
10109872GOMESP_2025-12-11_G34,10109872GOMESP,2025-12-11,107888,1,150,0,924.0
10109872GOMESP_2025-12-11_G36,10109872GOMESP,2025-12-11,111465,1,86,0,259.0
10109872GOMESP_2025-12-11_G37,10109872GOMESP,2025-12-11,110325,1,132,0,982.0
10109872GOMESP_2025-12-11_G38,10109872GOMESP,2025-12-11,111655,1,3,0,540.0
10109872GOMESP_2025-12-11_G39,10109872GOMESP,2025-12-11,111418,1,66,0,215.0
10109872GOMESP_2025-12-11_G40,10109872GOMESP,2025-12-11,118299,2,212,12,489.0
10109872GOMESP_2025-12-11_G41,10109872GOMESP,2025-12-11,117808,1,86,0,486.0
10109872GOMESP_2025-12-11_G42,10109872GOMESP,2025-12-11,110747,1,2,0,1701.0
10109872GOMESP_2025-12-11_G43,10109872GOMESP,2025-12-11,111468,1,2,0,92.0
10109872GOMESP_2025-12-11_G44,10109872GOMESP,2025-12-11,110740,1,5,0,104.0
10109872GOMESP_2025-12-11_G45,10109872GOMESP,2025-12-11,110373,1,3,0,144.0
10109872GOMESP_2025-12-11_G46,10109872GOMESP,2025-12-11,110895,1,2,0,163.0
10109872GOMESP_2025-12-11_G47,10109872GOMESP,2025-12-11,111569,1,2,0,271.0
10109872GOMESP_2025-12-11_G48,10109872GOMESP,2025-12-11,111602,1,6,0,99.0
10109872GOMESP_2025-12-11_G49,10109872GOMESP,2025-12-11,117853,1,4,0,102.0
10109872GOMESP_2025-12-11_G50,10109872GOMESP,2025-12-11,107629,1,2,0,69.0
10109872GOMESP_2025-12-11_G51,10109872GOMESP,2025-12-11,111530,1,8,0,69.0
10109872GOMESP_2025-12-11_G52,10109872GOMESP,2025-12-11,110752,1,2,0,133.0
10109872GOMESP_2025-12-11_G53,10109872GOMESP,2025-12-11,109640,1,2,0,912.0
10109872GOMESP_2025-12-11_G54,10109872GOMESP,2025-12-11,117861,1,4,0,99.0
10109872GOMESP_2025-12-11_G55,10109872GOMESP,2025-12-11,117786,1,4,0,76.0
10109872GOMESP_2025-12-12_G02,10109872GOMESP,2025-12-12,141457,1,4,0,86.0
10109872GOMESP_2025-12-12_G03,10109872GOMESP,2025-12-12,111418,1,4,0,91.0
10109872GOMESP_2025-12-12_G04,10109872GOMESP,2025-12-12,117785,1,4,0,87.0
10109872GOMESP_2025-12-12_G05,10109872GOMESP,2025-12-12,118299,2,30,6,270.0
10109872GOMESP_2025-12-12_G06,10109872GOMESP,2025-12-12,110374,1,6,0,170.0
10109872GOMESP_2025-12-12_G07,10109872GOMESP,2025-12-12,117808,2,110,15,399.0
10109872GOMESP_2025-12-12_G08,10109872GOMESP,2025-12-12,110747,1,4,0,477.0
10109872GOMESP_2025-12-12_G09,10109872GOMESP,2025-12-12,111172,1,4,0,155.0
10109872GOMESP_2025-12-12_G10,10109872GOMESP,2025-12-12,118140,1,2,0,98.0
10109872GOMESP_2025-12-12_G11,10109872GOMESP,2025-12-12,111463,1,4,0,91.0
10109872GOMESP_2025-12-12_G12,10109872GOMESP,2025-12-12,110325,1,4,0,260.0
10109872GOMESP_2025-12-12_G13,10109872GOMESP,2025-12-12,111446,1,4,0,168.0
10109872GOMESP_2025-12-12_G14,10109872GOMESP,2025-12-12,117837,1,4,0,98.0
10109872GOMESP_2025-12-12_G15,10109872GOMESP,2025-12-12,111466,1,4,0,93.0
10109872GOMESP_2025-12-12_G16,10109872GOMESP,2025-12-12,111466,1,8,0,65.0
10109872GOMESP_2025-12-12_G17,10109872GOMESP,2025-12-12,117835,1,4,0,174.0
10109872GOMESP_2025-12-12_G18,10109872GOMESP,2025-12-12,110747,1,2,0,106.0
10109872GOMESP_2025-12-12_G19,10109872GOMESP,2025-12-12,140923,1,12,0,240.0
10109872GOMESP_2025-12-12_G20,10109872GOMESP,2025-12-12,111530,1,8,0,124.0
10109872GOMESP_2025-12-12_G21,10109872GOMESP,2025-12-12,109640,1,4,0,266.0
10109872GOMESP_2025-12-12_G22,10109872GOMESP,2025-12-12,118140,1,2,0,90.0
10109872GOMESP_2025-12-12_G23,10109872GOMESP,2025-12-12,118140,2,36,11,92.0
10109872GOMESP_2025-12-12_G24,10109872GOMESP,2025-12-12,109641,1,2,0,324.0
10109872GOMESP_2025-12-12_G25,10109872GOMESP,2025-12-12,111433,1,4,0,68.0
10109872GOMESP_2025-12-12_G26,10109872GOMESP,2025-12-12,105705,1,2,0,138.0
10109872GOMESP_2025-12-12_G27,10109872GOMESP,2025-12-12,111431,1,4,0,89.0
10109872GOMESP_2025-12-12_G28,10109872GOMESP,2025-12-12,117808,1,30,0,292.0
10109872GOMESP_2025-12-12_G29,10109872GOMESP,2025-12-12,117832,1,24,0,242.0
10109872GOMESP_2025-12-12_G30,10109872GOMESP,2025-12-12,110325,1,20,0,183.0
10109872GOMESP_2025-12-12_G31,10109872GOMESP,2025-12-12,118140,1,4,0,261.0
10109872GOMESP_2025-12-12_G32,10109872GOMESP,2025-12-12,111431,1,4,0,76.0
10109872GOMESP_2025-12-12_G33,10109872GOMESP,2025-12-12,160055,1,4,0,103.0
10109872GOMESP_2025-12-12_G34,10109872GOMESP,2025-12-12,160053,1,8,0,228.0
10109872GOMESP_2025-12-12_G35,10109872GOMESP,2025-12-12,160051,1,4,0,69.0
10109872GOMESP_2025-12-12_G36,10109872GOMESP,2025-12-12,160054,1,4,0,126.0
10109872GOMESP_2025-12-12_G37,10109872GOMESP,2025-12-12,110325,1,8,0,127.0
10109872GOMESP_2025-12-12_G38,10109872GOMESP,2025-12-12,111466,1,8,0,81.0
10109872GOMESP_2025-12-12_G39,10109872GOMESP,2025-12-12,110895,1,3,0,343.0
10109872GOMESP_2025-12-12_G40,10109872GOMESP,2025-12-12,140923,1,8,0,108.0
10109872GOMESP_2025-12-12_G41,10109872GOMESP,2025-12-12,111602,1,4,0,67.0
10109872GOMESP_2025-12-12_G42,10109872GOMESP,2025-12-12,117786,1,2,0,57.0
10109872GOMESP_2025-12-12_G43,10109872GOMESP,2025-12-12,117832,1,10,0,292.0
10109872GOMESP_2025-12-12_G44,10109872GOMESP,2025-12-12,111466,1,4,0,105.0
10109872GOMESP_2025-12-12_G45,10109872GOMESP,2025-12-12,111430,1,4,0,1131.0
10109872GOMESP_2025-12-12_G46,10109872GOMESP,2025-12-12,110552,1,4,0,159.0
10109872GOMESP_2025-12-12_G47,10109872GOMESP,2025-12-12,111348,1,8,0,196.0
10109872GOMESP_2025-12-12_G48,10109872GOMESP,2025-12-12,117838,1,150,0,906.0
10109872GOMESP_2025-12-12_G49,10109872GOMESP,2025-12-12,111532,1,46,0,239.0
10109872GOMESP_2025-12-12_G50,10109872GOMESP,2025-12-12,111532,1,56,0,33.0
10109872GOMESP_2025-12-12_G51,10109872GOMESP,2025-12-12,117842,1,8,0,640.0
10109872GOMESP_2025-12-12_G52,10109872GOMESP,2025-12-12,111462,1,27,0,260.0
10109872GOMESP_2025-12-12_G53,10109872GOMESP,2025-12-12,111466,1,250,0,361.0
10109872GOMESP_2025-12-12_G54,10109872GOMESP,2025-12-12,111462,1,23,0,316.0
10109872GOMESP_2025-12-12_G55,10109872GOMESP,2025-12-12,110373,1,50,0,321.0
10109872GOMESP_2025-12-12_G56,10109872GOMESP,2025-12-12,110895,1,8,0,1262.0
10109872GOMESP_2025-12-12_G57,10109872GOMESP,2025-12-12,110711,1,12,0,131.0
10109872GOMESP_2025-12-12_G58,10109872GOMESP,2025-12-12,110733,1,8,0,62.0
10109872GOMESP_2025-12-12_G59,10109872GOMESP,2025-12-12,141823,1,4,0,90.0
10109872GOMESP_2025-12-12_G60,10109872GOMESP,2025-12-12,118140,1,20,0,126.0
10109872GOMESP_2025-12-12_G61,10109872GOMESP,2025-12-12,108795,1,4,0,53.0
10109872GOMESP_2025-12-12_G62,10109872GOMESP,2025-12-12,140922,1,8,0,79.0
10109872GOMESP_2025-12-12_G63,10109872GOMESP,2025-12-12,111743,1,8,0,110.0
10109872GOMESP_2025-12-12_G64,10109872GOMESP,2025-12-12,118299,1,4,0,81.0
10109872GOMESP_2025-12-12_G65,10109872GOMESP,2025-12-12,141202,1,4,0,193.0
10109872GOMESP_2025-12-12_G66,10109872GOMESP,2025-12-12,140922,6,56,33,169.0
10109872GOMESP_2025-12-12_G67,10109872GOMESP,2025-12-12,111431,1,4,0,312.0
10109872GOMESP_2025-12-12_G68,10109872GOMESP,2025-12-12,110895,1,8,0,314.0
10109872GOMESP_2025-12-12_G69,10109872GOMESP,2025-12-12,110711,1,20,0,185.0
10109872GOMESP_2025-12-12_G70,10109872GOMESP,2025-12-12,110733,1,8,0,89.0
10109872GOMESP_2025-12-12_G71,10109872GOMESP,2025-12-12,118140,1,28,0,312.0
10109872GOMESP_2025-12-12_G72,10109872GOMESP,2025-12-12,140922,1,12,0,47.0
10109872GOMESP_2025-12-12_G73,10109872GOMESP,2025-12-12,108711,1,8,0,247.0
10109872GOMESP_2025-12-12_G74,10109872GOMESP,2025-12-12,110895,1,2,0,168.0
10109872GOMESP_2025-12-12_G75,10109872GOMESP,2025-12-12,111440,1,4,0,128.0
10109872GOMESP_2025-12-12_G76,10109872GOMESP,2025-12-12,108770,1,2,0,912.0
10109872GOMESP_2025-12-12_G77,10109872GOMESP,2025-12-12,118222,1,120,0,1694.0
10109872GOMESP_2025-12-12_G78,10109872GOMESP,2025-12-12,118269,1,4,0,294.0
10109872GOMESP_2025-12-12_G79,10109872GOMESP,2025-12-12,111438,1,22,0,64.0
10109872GOMESP_2025-12-12_G80,10109872GOMESP,2025-12-12,115234,1,4,0,900.0
10109872GOMESP_2025-12-12_G82,10109872GOMESP,2025-12-12,111655,2,5,6,122.0
10109872GOMESP_2025-12-12_G83,10109872GOMESP,2025-12-12,118253,1,2,0,40.0
10109872GOMESP_2025-12-12_G84,10109872GOMESP,2025-12-12,118253,1,1,0,176.0
10109872GOMESP_2025-12-12_G85,10109872GOMESP,2025-12-12,118290,1,3,0,87.0
10109872GOMESP_2025-12-12_G86,10109872GOMESP,2025-12-12,107892,1,1,0,76.0
10109872GOMESP_2025-12-12_G87,10109872GOMESP,2025-12-12,118229,1,2,0,41.0
10109872GOMESP_2025-12-12_G88,10109872GOMESP,2025-12-12,117935,1,20,0,1905.0
10109872GOMESP_2025-12-12_G89,10109872GOMESP,2025-12-12,140923,1,53,0,405.0
10109872GOMESP_2025-12-12_G90,10109872GOMESP,2025-12-12,111602,1,14,0,222.0
10109872GOMESP_2025-12-12_G91,10109872GOMESP,2025-12-12,117837,1,2,0,57.0
10109872GOMESP_2025-12-12_G92,10109872GOMESP,2025-12-12,110711,1,3,0,45.0
10109872GOMESP_2025-12-12_G93,10109872GOMESP,2025-12-12,110733,1,3,0,49.0
10109872GOMESP_2025-12-12_G94,10109872GOMESP,2025-12-12,111530,1,5,0,286.0
10109872GOMESP_2025-12-12_G95,10109872GOMESP,2025-12-12,111530,1,4,0,47.0
10109872GOMESP_2025-12-12_G96,10109872GOMESP,2025-12-12,117786,1,9,0,78.0
10109872GOMESP_2025-12-12_G97,10109872GOMESP,2025-12-12,117855,1,8,0,219.0
10109872GOMESP_2025-12-13_G02,10109872GOMESP,2025-12-13,117935,1,1,0,116.0
10109872GOMESP_2025-12-13_G03,10109872GOMESP,2025-12-13,111602,1,6,0,89.0
10109872GOMESP_2025-12-13_G04,10109872GOMESP,2025-12-13,117853,1,10,0,125.0
10109872GOMESP_2025-12-13_G05,10109872GOMESP,2025-12-13,107629,1,2,0,81.0
10109872GOMESP_2025-12-13_G06,10109872GOMESP,2025-12-13,110129,1,3,0,207.0
10109872GOMESP_2025-12-13_G07,10109872GOMESP,2025-12-13,111462,1,2,0,176.0
10109872GOMESP_2025-12-13_G08,10109872GOMESP,2025-12-13,111469,1,4,0,64.0
10109872GOMESP_2025-12-13_G09,10109872GOMESP,2025-12-13,117785,1,4,0,109.0
10109872GOMESP_2025-12-13_G10,10109872GOMESP,2025-12-13,118299,1,10,0,185.0
10109872GOMESP_2025-12-13_G11,10109872GOMESP,2025-12-13,110372,1,14,0,116.0
10109872GOMESP_2025-12-13_G12,10109872GOMESP,2025-12-13,117935,1,8,0,170.0
10109872GOMESP_2025-12-13_G13,10109872GOMESP,2025-12-13,111602,1,6,0,81.0
10109872GOMESP_2025-12-13_G14,10109872GOMESP,2025-12-13,117853,1,5,0,80.0
10109872GOMESP_2025-12-13_G15,10109872GOMESP,2025-12-13,110129,1,3,0,221.0
10109872GOMESP_2025-12-13_G16,10109872GOMESP,2025-12-13,141458,1,2,0,143.0
10109872GOMESP_2025-12-13_G17,10109872GOMESP,2025-12-13,118222,2,11,6,424.0
10109872GOMESP_2025-12-13_G18,10109872GOMESP,2025-12-13,118094,1,1,0,89.0
10109872GOMESP_2025-12-13_G19,10109872GOMESP,2025-12-13,117861,1,3,0,48.0
10109872GOMESP_2025-12-13_G20,10109872GOMESP,2025-12-13,117853,1,6,0,137.0
10109872GOMESP_2025-12-13_G21,10109872GOMESP,2025-12-13,107629,1,3,0,72.0
10109872GOMESP_2025-12-13_G22,10109872GOMESP,2025-12-13,117855,1,1,0,173.0
10109872GOMESP_2025-12-13_G23,10109872GOMESP,2025-12-13,110129,1,2,0,227.0
10109872GOMESP_2025-12-13_G24,10109872GOMESP,2025-12-13,118140,1,4,0,121.0
10109872GOMESP_2025-12-13_G25,10109872GOMESP,2025-12-13,111468,1,2,0,116.0
10109872GOMESP_2025-12-13_G26,10109872GOMESP,2025-12-13,108711,1,3,0,76.0
10109872GOMESP_2025-12-13_G27,10109872GOMESP,2025-12-13,"141458, 111469",2,4,15,82.0
10109872GOMESP_2025-12-13_G28,10109872GOMESP,2025-12-13,110374,1,2,0,142.0
10109872GOMESP_2025-12-13_G29,10109872GOMESP,2025-12-13,110372,1,6,0,90.0
10109872GOMESP_2025-12-13_G30,10109872GOMESP,2025-12-13,118299,1,6,0,91.0
10109872GOMESP_2025-12-13_G31,10109872GOMESP,2025-12-13,110376,1,2,0,77.0
10109872GOMESP_2025-12-13_G32,10109872GOMESP,2025-12-13,111438,1,4,0,318.0
10109872GOMESP_2025-12-13_G33,10109872GOMESP,2025-12-13,110895,1,4,0,66.0
10109872GOMESP_2025-12-13_G34,10109872GOMESP,2025-12-13,111530,2,5,23,89.0
10109872GOMESP_2025-12-13_G35,10109872GOMESP,2025-12-13,117855,1,1,0,70.0
10109872GOMESP_2025-12-13_G36,10109872GOMESP,2025-12-13,111467,1,4,0,97.0
10109872GOMESP_2025-12-13_G37,10109872GOMESP,2025-12-13,109640,2,58,20,46.0
10109872GOMESP_2025-12-13_G38,10109872GOMESP,2025-12-13,108772,1,6,0,479.0
10109872GOMESP_2025-12-13_G39,10109872GOMESP,2025-12-13,111348,1,4,0,660.0
10109872GOMESP_2025-12-13_G40,10109872GOMESP,2025-12-13,111465,1,2,0,172.0
10109872GOMESP_2025-12-13_G41,10109872GOMESP,2025-12-13,141456,2,9,7,63.0
10109872GOMESP_2025-12-13_G42,10109872GOMESP,2025-12-13,118140,2,27,15,299.0
10109872GOMESP_2025-12-13_G43,10109872GOMESP,2025-12-13,109645,1,7,0,934.0
10109872GOMESP_2025-12-13_G44,10109872GOMESP,2025-12-13,108711,1,4,0,167.0
10109872GOMESP_2025-12-13_G45,10109872GOMESP,2025-12-13,111462,1,6,0,135.0
10109872GOMESP_2025-12-13_G46,10109872GOMESP,2025-12-13,111443,1,6,0,130.0
10109872GOMESP_2025-12-13_G47,10109872GOMESP,2025-12-13,141458,1,2,0,46.0
10109872GOMESP_2025-12-13_G48,10109872GOMESP,2025-12-13,117830,1,10,0,273.0
10109872GOMESP_2025-12-13_G49,10109872GOMESP,2025-12-13,110374,1,10,0,196.0
10109872GOMESP_2025-12-13_G50,10109872GOMESP,2025-12-13,117808,1,6,0,73.0
10109872GOMESP_2025-12-13_G51,10109872GOMESP,2025-12-13,118299,1,13,0,237.0
10109872GOMESP_2025-12-13_G52,10109872GOMESP,2025-12-13,117832,1,6,0,88.0
10109872GOMESP_2025-12-13_G53,10109872GOMESP,2025-12-13,110372,2,37,7,425.0
10109872GOMESP_2025-12-13_G54,10109872GOMESP,2025-12-13,109643,1,3,0,102.0
10109872GOMESP_2025-12-13_G55,10109872GOMESP,2025-12-13,111445,3,6,12,446.0
10109872GOMESP_2025-12-13_G56,10109872GOMESP,2025-12-13,111113,1,8,0,1922.0
10109872GOMESP_2025-12-13_G57,10109872GOMESP,2025-12-13,141047,1,48,0,195.0
10109872GOMESP_2025-12-13_G58,10109872GOMESP,2025-12-13,120002,1,36,0,780.0
10109872GOMESP_2025-12-13_G59,10109872GOMESP,2025-12-13,118280,1,12,0,1313.0
10109872GOMESP_2025-12-13_G60,10109872GOMESP,2025-12-13,108770,1,30,0,336.0
10109872GOMESP_2025-12-13_G62,10109872GOMESP,2025-12-13,118253,1,1,0,313.0
10109872GOMESP_2025-12-13_G63,10109872GOMESP,2025-12-13,111112,1,2,0,171.0
10109872GOMESP_2025-12-13_G64,10109872GOMESP,2025-12-13,111655,1,4,0,1067.0
10109872GOMESP_2025-12-13_G65,10109872GOMESP,2025-12-13,117935,1,7,0,171.0
10109872GOMESP_2025-12-13_G66,10109872GOMESP,2025-12-13,111467,1,22,0,297.0
10109872GOMESP_2025-12-13_G67,10109872GOMESP,2025-12-13,141456,1,30,0,186.0
10109872GOMESP_2025-12-13_G68,10109872GOMESP,2025-12-13,111463,1,35,0,403.0
10109872GOMESP_2025-12-13_G69,10109872GOMESP,2025-12-13,109645,1,8,0,232.0
10109872GOMESP_2025-12-13_G70,10109872GOMESP,2025-12-13,110740,3,73,23,197.0
10109872GOMESP_2025-12-13_G71,10109872GOMESP,2025-12-13,117821,1,30,0,428.0
10109872GOMESP_2025-12-13_G72,10109872GOMESP,2025-12-13,110371,1,120,0,628.0
10109872GOMESP_2025-12-13_G73,10109872GOMESP,2025-12-13,117832,1,120,0,187.0
10109872GOMESP_2025-12-13_G74,10109872GOMESP,2025-12-13,110325,1,50,0,139.0
10109872GOMESP_2025-12-13_G75,10109872GOMESP,2025-12-13,118299,1,13,0,275.0
10109872GOMESP_2025-12-13_G76,10109872GOMESP,2025-12-13,117835,1,1,0,961.0
10109872GOMESP_2025-12-13_G77,10109872GOMESP,2025-12-13,140923,1,2,0,114.0
10109872GOMESP_2025-12-13_G78,10109872GOMESP,2025-12-13,111602,1,4,0,143.0
10109872GOMESP_2025-12-13_G79,10109872GOMESP,2025-12-13,110711,1,1,0,104.0
10109872GOMESP_2025-12-13_G80,10109872GOMESP,2025-12-13,110339,1,4,0,65.0
10109872GOMESP_2025-12-13_G81,10109872GOMESP,2025-12-13,117855,1,6,0,244.0
10109872GOMESP_2025-12-13_G82,10109872GOMESP,2025-12-13,111465,1,4,0,159.0
10109872GOMESP_2025-12-13_G83,10109872GOMESP,2025-12-13,111463,1,8,0,86.0
10109872GOMESP_2025-12-13_G84,10109872GOMESP,2025-12-13,111743,1,1,0,74.0
10109872GOMESP_2025-12-15_G02,10109872GOMESP,2025-12-15,110748,1,3,0,403.0
10109872GOMESP_2025-12-15_G03,10109872GOMESP,2025-12-15,111446,1,2,0,55.0
10109872GOMESP_2025-12-15_G04,10109872GOMESP,2025-12-15,118317,1,5,0,48.0
10109872GOMESP_2025-12-15_G05,10109872GOMESP,2025-12-15,111465,1,8,0,187.0
10109872GOMESP_2025-12-15_G06,10109872GOMESP,2025-12-15,118140,2,47,17,59.0
10109872GOMESP_2025-12-15_G07,10109872GOMESP,2025-12-15,111463,1,14,0,241.0
10109872GOMESP_2025-12-15_G08,10109872GOMESP,2025-12-15,109645,3,29,15,555.0
10109872GOMESP_2025-12-15_G09,10109872GOMESP,2025-12-15,110751,1,3,0,185.0
10109872GOMESP_2025-12-15_G10,10109872GOMESP,2025-12-15,141456,1,50,0,83.0
10109872GOMESP_2025-12-15_G11,10109872GOMESP,2025-12-15,117785,2,22,7,285.0
10109872GOMESP_2025-12-15_G12,10109872GOMESP,2025-12-15,111182,2,6,10,161.0
10109872GOMESP_2025-12-15_G13,10109872GOMESP,2025-12-15,141823,2,8,6,97.0
10109872GOMESP_2025-12-15_G14,10109872GOMESP,2025-12-15,111435,1,2,0,64.0
10109872GOMESP_2025-12-15_G15,10109872GOMESP,2025-12-15,109641,1,6,0,103.0
10109872GOMESP_2025-12-15_G16,10109872GOMESP,2025-12-15,111466,3,46,18,157.0
10109872GOMESP_2025-12-15_G17,10109872GOMESP,2025-12-15,111418,1,75,0,276.0
10109872GOMESP_2025-12-15_G18,10109872GOMESP,2025-12-15,111462,1,7,0,420.0
10109872GOMESP_2025-12-15_G19,10109872GOMESP,2025-12-15,111469,2,7,13,102.0
10109872GOMESP_2025-12-15_G20,10109872GOMESP,2025-12-15,117831,3,28,19,52.0
10109872GOMESP_2025-12-15_G21,10109872GOMESP,2025-12-15,117787,2,12,6,343.0
10109872GOMESP_2025-12-15_G22,10109872GOMESP,2025-12-15,141458,3,22,12,71.0
10109872GOMESP_2025-12-15_G23,10109872GOMESP,2025-12-15,110740,2,15,6,108.0
10109872GOMESP_2025-12-15_G24,10109872GOMESP,2025-12-15,141457,2,50,7,74.0
10109872GOMESP_2025-12-15_G25,10109872GOMESP,2025-12-15,111443,1,1,0,404.0
10109872GOMESP_2025-12-15_G26,10109872GOMESP,2025-12-15,117821,1,2,0,46.0
10109872GOMESP_2025-12-15_G27,10109872GOMESP,2025-12-15,111468,1,6,0,89.0
10109872GOMESP_2025-12-15_G28,10109872GOMESP,2025-12-15,111468,1,6,0,46.0
10109872GOMESP_2025-12-15_G29,10109872GOMESP,2025-12-15,111440,1,4,0,918.0
10109872GOMESP_2025-12-15_G30,10109872GOMESP,2025-12-15,117855,1,8,0,203.0
10109872GOMESP_2025-12-15_G31,10109872GOMESP,2025-12-15,108795,1,2,0,96.0
10109872GOMESP_2025-12-15_G32,10109872GOMESP,2025-12-15,141456,1,2,0,75.0
10109872GOMESP_2025-12-15_G33,10109872GOMESP,2025-12-15,141823,1,1,0,84.0
10109872GOMESP_2025-12-15_G34,10109872GOMESP,2025-12-15,107236,1,4,0,77.0
10109872GOMESP_2025-12-15_G35,10109872GOMESP,2025-12-15,117830,1,4,0,275.0
10109872GOMESP_2025-12-15_G36,10109872GOMESP,2025-12-15,109643,1,4,0,96.0
10109872GOMESP_2025-12-15_G37,10109872GOMESP,2025-12-15,141202,1,1,0,48.0
10109872GOMESP_2025-12-15_G38,10109872GOMESP,2025-12-15,111569,1,6,0,224.0
10109872GOMESP_2025-12-15_G39,10109872GOMESP,2025-12-15,110313,1,2,0,77.0
10109872GOMESP_2025-12-15_G40,10109872GOMESP,2025-12-15,107629,1,4,0,111.0
10109872GOMESP_2025-12-15_G41,10109872GOMESP,2025-12-15,117855,1,4,0,119.0
10109872GOMESP_2025-12-15_G42,10109872GOMESP,2025-12-15,111433,1,2,0,136.0
10109872GOMESP_2025-12-15_G43,10109872GOMESP,2025-12-15,111418,1,4,0,88.0
10109872GOMESP_2025-12-15_G44,10109872GOMESP,2025-12-15,141458,1,4,0,103.0
10109872GOMESP_2025-12-15_G45,10109872GOMESP,2025-12-15,141457,1,4,0,53.0
10109872GOMESP_2025-12-15_G46,10109872GOMESP,2025-12-15,109643,1,4,0,66.0
10109872GOMESP_2025-12-15_G47,10109872GOMESP,2025-12-15,111434,1,1,0,93.0
10109872GOMESP_2025-12-15_G48,10109872GOMESP,2025-12-15,118299,1,32,0,815.0
10109872GOMESP_2025-12-15_G49,10109872GOMESP,2025-12-15,110711,1,6,0,119.0
10109872GOMESP_2025-12-15_G50,10109872GOMESP,2025-12-15,109640,1,12,0,120.0
10109872GOMESP_2025-12-15_G51,10109872GOMESP,2025-12-15,109640,1,4,0,45.0
10109872GOMESP_2025-12-15_G52,10109872GOMESP,2025-12-15,141823,1,1,0,83.0
10109872GOMESP_2025-12-15_G53,10109872GOMESP,2025-12-15,111330,1,7,0,134.0
10109872GOMESP_2025-12-15_G54,10109872GOMESP,2025-12-15,111569,1,4,0,354.0
10109872GOMESP_2025-12-15_G55,10109872GOMESP,2025-12-15,110895,1,5,0,61.0
10109872GOMESP_2025-12-15_G56,10109872GOMESP,2025-12-15,117856,1,10,0,162.0
10109872GOMESP_2025-12-15_G57,10109872GOMESP,2025-12-15,110741,1,4,0,44.0
10109872GOMESP_2025-12-15_G58,10109872GOMESP,2025-12-15,117855,1,10,0,324.0
10109872GOMESP_2025-12-15_G59,10109872GOMESP,2025-12-15,111443,1,4,0,161.0
10109872GOMESP_2025-12-15_G60,10109872GOMESP,2025-12-15,117785,1,50,0,173.0
10109872GOMESP_2025-12-15_G61,10109872GOMESP,2025-12-15,111418,1,50,0,993.0
10109872GOMESP_2025-12-15_G62,10109872GOMESP,2025-12-15,108794,1,20,0,158.0
10109872GOMESP_2025-12-15_G63,10109872GOMESP,2025-12-15,110747,1,2,0,1050.0
10109872GOMESP_2025-12-15_G64,10109872GOMESP,2025-12-15,140923,1,2,0,99.0
10109872GOMESP_2025-12-15_G65,10109872GOMESP,2025-12-15,117856,1,2,0,48.0
10109872GOMESP_2025-12-15_G66,10109872GOMESP,2025-12-15,111602,1,4,0,81.0
10109872GOMESP_2025-12-15_G67,10109872GOMESP,2025-12-15,111530,1,2,0,160.0
10109872GOMESP_2025-12-15_G68,10109872GOMESP,2025-12-15,141352,1,4,0,153.0
10109872GOMESP_2025-12-15_G69,10109872GOMESP,2025-12-15,141456,1,4,0,111.0
10109872GOMESP_2025-12-15_G70,10109872GOMESP,2025-12-15,111743,1,2,0,31.0
10109872GOMESP_2025-12-15_G71,10109872GOMESP,2025-12-15,111418,1,2,0,83.0
10109872GOMESP_2025-12-15_G72,10109872GOMESP,2025-12-15,110740,1,4,0,109.0
10109872GOMESP_2025-12-15_G73,10109872GOMESP,2025-12-15,141457,1,4,0,53.0
10109872GOMESP_2025-12-15_G74,10109872GOMESP,2025-12-15,111172,1,3,0,277.0
10109872GOMESP_2025-12-15_G75,10109872GOMESP,2025-12-15,111463,1,6,0,92.0
10109872GOMESP_2025-12-15_G76,10109872GOMESP,2025-12-15,111182,1,2,0,135.0
10109872GOMESP_2025-12-15_G77,10109872GOMESP,2025-12-15,110745,1,1,0,51.0
10109872GOMESP_2025-12-15_G78,10109872GOMESP,2025-12-15,160055,1,2,0,76.0
10109872GOMESP_2025-12-15_G79,10109872GOMESP,2025-12-15,108711,1,1,0,40.0
10109872GOMESP_2025-12-15_G80,10109872GOMESP,2025-12-15,108794,1,2,0,80.0
10109872GOMESP_2025-12-15_G81,10109872GOMESP,2025-12-15,111466,1,2,0,119.0
10109872GOMESP_2025-12-15_G82,10109872GOMESP,2025-12-15,111418,1,12,0,114.0
10109872GOMESP_2025-12-15_G83,10109872GOMESP,2025-12-15,118223,1,2,0,78.0
10109872GOMESP_2025-12-15_G84,10109872GOMESP,2025-12-15,107236,1,2,0,73.0
10109872GOMESP_2025-12-15_G85,10109872GOMESP,2025-12-15,"118140, 117787",2,3,17,33.0
10109872GOMESP_2025-12-15_G86,10109872GOMESP,2025-12-15,141457,1,4,0,68.0
10109872GOMESP_2025-12-15_G87,10109872GOMESP,2025-12-15,111443,1,1,0,71.0
10109872GOMESP_2025-12-15_G88,10109872GOMESP,2025-12-15,110747,1,1,0,471.0
10109872GOMESP_2025-12-15_G89,10109872GOMESP,2025-12-15,110313,1,2,0,160.0
10109872GOMESP_2025-12-15_G90,10109872GOMESP,2025-12-15,140923,1,2,0,107.0
10109872GOMESP_2025-12-15_G91,10109872GOMESP,2025-12-15,111172,1,2,0,109.0
10109872GOMESP_2025-12-15_G92,10109872GOMESP,2025-12-15,141456,1,6,0,105.0
10109872GOMESP_2025-12-15_G93,10109872GOMESP,2025-12-15,108711,1,2,0,233.0
10109872GOMESP_2025-12-15_G94,10109872GOMESP,2025-12-15,117831,1,6,0,157.0
10109872GOMESP_2025-12-15_G95,10109872GOMESP,2025-12-15,107236,1,4,0,89.0
10109872GOMESP_2025-12-15_G96,10109872GOMESP,2025-12-15,117809,1,2,0,147.0
10109872GOMESP_2025-12-15_G97,10109872GOMESP,2025-12-15,109641,1,2,0,90.0
10109872GOMESP_2025-12-15_G98,10109872GOMESP,2025-12-15,109645,1,2,0,125.0
10109872GOMESP_2025-12-15_G100,10109872GOMESP,2025-12-15,118094,1,10,0,154.0
10109872GOMESP_2025-12-15_G101,10109872GOMESP,2025-12-15,141066,1,10,0,128.0
10109872GOMESP_2025-12-15_G102,10109872GOMESP,2025-12-15,111463,1,30,0,336.0
10109872GOMESP_2025-12-15_G103,10109872GOMESP,2025-12-15,118222,1,2,0,328.0
10109872GOMESP_2025-12-15_G104,10109872GOMESP,2025-12-15,110895,1,2,0,92.0
10109872GOMESP_2025-12-15_G105,10109872GOMESP,2025-12-15,110747,1,2,0,135.0
10109872GOMESP_2025-12-15_G106,10109872GOMESP,2025-12-15,111602,1,1,0,119.0
10109872GOMESP_2025-12-15_G107,10109872GOMESP,2025-12-15,111530,1,2,0,78.0
10109872GOMESP_2025-12-15_G108,10109872GOMESP,2025-12-15,141456,1,8,0,141.0
10109872GOMESP_2025-12-15_G109,10109872GOMESP,2025-12-15,117785,1,6,0,92.0
10109872GOMESP_2025-12-15_G110,10109872GOMESP,2025-12-15,111418,1,4,0,104.0
10109872GOMESP_2025-12-15_G111,10109872GOMESP,2025-12-15,117831,1,2,0,61.0
10109872GOMESP_2025-12-15_G112,10109872GOMESP,2025-12-15,110374,1,2,0,90.0
10109872GOMESP_2025-12-15_G113,10109872GOMESP,2025-12-15,117808,1,8,0,81.0
10109872GOMESP_2025-12-15_G114,10109872GOMESP,2025-12-15,117832,1,7,0,105.0
10109872GOMESP_2025-12-15_G115,10109872GOMESP,2025-12-15,118299,1,16,0,278.0
10109872GOMESP_2025-12-15_G116,10109872GOMESP,2025-12-15,110372,1,10,0,133.0
10109872GOMESP_2025-12-15_G117,10109872GOMESP,2025-12-15,111441,1,4,0,448.0
10109872GOMESP_2025-12-15_G118,10109872GOMESP,2025-12-15,108770,1,2,0,123.0
10109872GOMESP_2025-12-15_G119,10109872GOMESP,2025-12-15,141916,1,4,0,190.0
10109872GOMESP_2025-12-15_G120,10109872GOMESP,2025-12-15,100334,1,1,0,52.0
10109872GOMESP_2025-12-15_G121,10109872GOMESP,2025-12-15,117789,1,1,0,79.0
10109872GOMESP_2025-12-15_G122,10109872GOMESP,2025-12-15,117861,1,1,0,202.0
10109872GOMESP_2025-12-15_G123,10109872GOMESP,2025-12-15,140923,1,4,0,64.0
10109872GOMESP_2025-12-15_G124,10109872GOMESP,2025-12-15,111530,1,2,0,122.0
10109872GOMESP_2025-12-15_G125,10109872GOMESP,2025-12-15,109647,1,1,0,89.0
10109872GOMESP_2025-12-15_G126,10109872GOMESP,2025-12-15,117855,1,2,0,45.0
10109872GOMESP_2025-12-15_G127,10109872GOMESP,2025-12-15,141456,1,8,0,148.0
10109872GOMESP_2025-12-15_G128,10109872GOMESP,2025-12-15,111743,1,2,0,45.0
10109872GOMESP_2025-12-15_G129,10109872GOMESP,2025-12-15,111182,1,2,0,61.0
10109872GOMESP_2025-12-15_G130,10109872GOMESP,2025-12-15,117831,1,2,0,94.0
10109872GOMESP_2025-12-15_G131,10109872GOMESP,2025-12-15,118140,1,1,0,61.0
10109872GOMESP_2025-12-15_G132,10109872GOMESP,2025-12-15,141457,1,8,0,89.0
10109872GOMESP_2025-12-15_G133,10109872GOMESP,2025-12-15,117808,1,10,0,150.0
10109872GOMESP_2025-12-15_G134,10109872GOMESP,2025-12-15,118299,1,16,0,229.0
10109872GOMESP_2025-12-15_G135,10109872GOMESP,2025-12-15,110372,1,16,0,257.0
10109872GOMESP_2025-12-15_G136,10109872GOMESP,2025-12-15,111569,1,4,0,282.0
10109872GOMESP_2025-12-15_G137,10109872GOMESP,2025-12-15,111655,1,1,0,77.0
10109872GOMESP_2025-12-15_G138,10109872GOMESP,2025-12-15,117861,1,2,0,238.0
10109872GOMESP_2025-12-15_G139,10109872GOMESP,2025-12-15,111602,1,2,0,54.0
10109872GOMESP_2025-12-15_G140,10109872GOMESP,2025-12-15,141047,1,1,0,94.0
10109872GOMESP_2025-12-15_G141,10109872GOMESP,2025-12-15,111530,1,1,0,53.0
10109872GOMESP_2025-12-15_G142,10109872GOMESP,2025-12-15,108361,1,1,0,101.0
10109872GOMESP_2025-12-15_G143,10109872GOMESP,2025-12-15,117855,1,2,0,60.0
10109872GOMESP_2025-12-15_G144,10109872GOMESP,2025-12-15,118317,1,2,0,87.0
10109872GOMESP_2025-12-15_G145,10109872GOMESP,2025-12-15,111465,1,2,0,154.0
10109872GOMESP_2025-12-15_G146,10109872GOMESP,2025-12-15,110745,1,1,0,72.0
10109872GOMESP_2025-12-15_G147,10109872GOMESP,2025-12-15,111418,1,2,0,96.0
10109872GOMESP_2025-12-15_G148,10109872GOMESP,2025-12-15,118140,1,2,0,81.0
10109872GOMESP_2025-12-15_G149,10109872GOMESP,2025-12-15,117787,1,2,0,40.0
10109872GOMESP_2025-12-15_G150,10109872GOMESP,2025-12-15,111468,1,4,0,73.0
10109872GOMESP_2025-12-16_G02,10109872GOMESP,2025-12-16,111602,1,50,0,143.0
10109872GOMESP_2025-12-16_G03,10109872GOMESP,2025-12-16,107629,1,50,0,671.0
10109872GOMESP_2025-12-16_G04,10109872GOMESP,2025-12-16,111743,1,100,0,366.0
10109872GOMESP_2025-12-16_G05,10109872GOMESP,2025-12-16,110743,1,30,0,320.0
10109872GOMESP_2025-12-16_G06,10109872GOMESP,2025-12-16,110373,1,100,0,780.0
10109872GOMESP_2025-12-16_G07,10109872GOMESP,2025-12-16,141202,1,100,0,422.0
10109872GOMESP_2025-12-16_G08,10109872GOMESP,2025-12-16,110372,1,650,0,300.0
10109872GOMESP_2025-12-16_G09,10109872GOMESP,2025-12-16,110372,1,1350,0,2198.0
10109872GOMESP_2025-12-16_G10,10109872GOMESP,2025-12-16,117835,1,1,0,744.0
10109872GOMESP_2025-12-16_G11,10109872GOMESP,2025-12-16,118222,1,4,0,72.0
10109872GOMESP_2025-12-16_G12,10109872GOMESP,2025-12-16,111430,1,4,0,62.0
10109872GOMESP_2025-12-16_G13,10109872GOMESP,2025-12-16,110747,1,2,0,79.0
10109872GOMESP_2025-12-16_G14,10109872GOMESP,2025-12-16,118094,1,2,0,109.0
10109872GOMESP_2025-12-16_G15,10109872GOMESP,2025-12-16,140923,1,4,0,54.0
10109872GOMESP_2025-12-16_G16,10109872GOMESP,2025-12-16,110339,1,3,0,80.0
10109872GOMESP_2025-12-16_G17,10109872GOMESP,2025-12-16,111530,1,2,0,90.0
10109872GOMESP_2025-12-16_G18,10109872GOMESP,2025-12-16,111467,1,3,0,95.0
10109872GOMESP_2025-12-16_G19,10109872GOMESP,2025-12-16,111418,1,4,0,289.0
10109872GOMESP_2025-12-16_G20,10109872GOMESP,2025-12-16,111466,1,12,0,148.0
10109872GOMESP_2025-12-16_G21,10109872GOMESP,2025-12-16,109641,1,6,0,106.0
10109872GOMESP_2025-12-16_G22,10109872GOMESP,2025-12-16,141458,1,4,0,101.0
10109872GOMESP_2025-12-16_G23,10109872GOMESP,2025-12-16,110374,1,7,0,109.0
10109872GOMESP_2025-12-16_G24,10109872GOMESP,2025-12-16,117808,1,740,0,3065.0
10109872GOMESP_2025-12-16_G25,10109872GOMESP,2025-12-16,118280,1,32,0,944.0
10109872GOMESP_2025-12-16_G26,10109872GOMESP,2025-12-16,118222,1,200,0,1791.0
10109872GOMESP_2025-12-16_G27,10109872GOMESP,2025-12-16,118283,1,52,0,181.0
10109872GOMESP_2025-12-16_G28,10109872GOMESP,2025-12-16,107254,1,14,0,95.0
10109872GOMESP_2025-12-16_G29,10109872GOMESP,2025-12-16,110765,1,2,0,181.0
10109872GOMESP_2025-12-16_G30,10109872GOMESP,2025-12-16,105359,1,10,0,261.0
10109872GOMESP_2025-12-16_G31,10109872GOMESP,2025-12-16,116613,1,8,0,170.0
10109872GOMESP_2025-12-16_G32,10109872GOMESP,2025-12-16,118290,1,11,0,383.0
10109872GOMESP_2025-12-16_G33,10109872GOMESP,2025-12-16,110579,1,6,0,130.0
10109872GOMESP_2025-12-16_G34,10109872GOMESP,2025-12-16,110582,1,3,0,68.0
10109872GOMESP_2025-12-16_G35,10109872GOMESP,2025-12-16,110310,1,8,0,137.0
10109872GOMESP_2025-12-16_G36,10109872GOMESP,2025-12-16,118277,1,26,0,152.0
10109872GOMESP_2025-12-16_G37,10109872GOMESP,2025-12-16,110374,1,53,0,335.0
10109872GOMESP_2025-12-16_G38,10109872GOMESP,2025-12-16,109643,1,10,0,318.0
10109872GOMESP_2025-12-16_G39,10109872GOMESP,2025-12-16,110325,1,40,0,311.0
10109872GOMESP_2025-12-16_G40,10109872GOMESP,2025-12-16,108711,1,15,0,1551.0
10109872GOMESP_2025-12-16_G41,10109872GOMESP,2025-12-16,118140,1,46,0,401.0
10109872GOMESP_2025-12-16_G42,10109872GOMESP,2025-12-16,111468,1,74,0,589.0
10109872GOMESP_2025-12-16_G43,10109872GOMESP,2025-12-16,"110743, 111743",2,49,9,431.0
10109872GOMESP_2025-12-16_G45,10109872GOMESP,2025-12-16,111775,1,2,0,123.0
10109872GOMESP_2025-12-16_G46,10109872GOMESP,2025-12-16,110755,1,30,0,478.0
10109872GOMESP_2025-12-16_G47,10109872GOMESP,2025-12-16,110747,1,30,0,304.0
10109872GOMESP_2025-12-16_G48,10109872GOMESP,2025-12-16,110332,1,2,0,448.0
10109872GOMESP_2025-12-16_G49,10109872GOMESP,2025-12-16,111650,1,2,0,361.0
10109872GOMESP_2025-12-16_G50,10109872GOMESP,2025-12-16,111441,1,1,0,600.0
10109872GOMESP_2025-12-16_G51,10109872GOMESP,2025-12-16,118290,1,5,0,285.0
10109872GOMESP_2025-12-16_G52,10109872GOMESP,2025-12-16,118290,1,3,0,42.0
10109872GOMESP_2025-12-16_G53,10109872GOMESP,2025-12-16,110733,1,4,0,100.0
10109872GOMESP_2025-12-16_G54,10109872GOMESP,2025-12-16,117853,1,8,0,65.0
10109872GOMESP_2025-12-16_G55,10109872GOMESP,2025-12-16,111530,1,30,0,184.0
10109872GOMESP_2025-12-16_G56,10109872GOMESP,2025-12-16,117832,1,4,0,208.0
10109872GOMESP_2025-12-16_G57,10109872GOMESP,2025-12-16,111462,1,16,0,187.0
10109872GOMESP_2025-12-17_G02,10109872GOMESP,2025-12-17,110373,1,1000,0,3008.0
10109872GOMESP_2025-12-17_G03,10109872GOMESP,2025-12-17,108770,1,85,0,1328.0
10109872GOMESP_2025-12-17_G04,10109872GOMESP,2025-12-17,111468,1,114,0,352.0
10109872GOMESP_2025-12-17_G05,10109872GOMESP,2025-12-17,110376,1,188,0,530.0
10109872GOMESP_2025-12-17_G06,10109872GOMESP,2025-12-17,110325,1,776,0,1962.0
10109872GOMESP_2025-12-17_G08,10109872GOMESP,2025-12-17,109649,1,2,0,193.0
10109872GOMESP_2025-12-17_G09,10109872GOMESP,2025-12-17,117830,1,3,0,154.0
10109872GOMESP_2025-12-17_G10,10109872GOMESP,2025-12-17,111462,1,6,0,173.0
10109872GOMESP_2025-12-17_G11,10109872GOMESP,2025-12-17,107236,1,2,0,102.0
10109872GOMESP_2025-12-17_G12,10109872GOMESP,2025-12-17,110373,1,6,0,98.0
10109872GOMESP_2025-12-17_G13,10109872GOMESP,2025-12-17,111441,1,20,0,194.0
10109872GOMESP_2025-12-17_G14,10109872GOMESP,2025-12-17,110747,1,4,0,1264.0
10109872GOMESP_2025-12-17_G15,10109872GOMESP,2025-12-17,110339,1,4,0,269.0
10109872GOMESP_2025-12-17_G16,10109872GOMESP,2025-12-17,111439,1,4,0,147.0
10109872GOMESP_2025-12-17_G17,10109872GOMESP,2025-12-17,141457,1,2,0,88.0
10109872GOMESP_2025-12-17_G18,10109872GOMESP,2025-12-17,110325,1,3,0,63.0
10109872GOMESP_2025-12-17_G19,10109872GOMESP,2025-12-17,110373,1,14,0,129.0
10109872GOMESP_2025-12-17_G20,10109872GOMESP,2025-12-17,117830,1,8,0,125.0
10109872GOMESP_2025-12-18_G02,10109872GOMESP,2025-12-18,141916,1,2,0,95.0
10109872GOMESP_2025-12-18_G03,10109872GOMESP,2025-12-18,111602,1,3,0,92.0
10109872GOMESP_2025-12-18_G04,10109872GOMESP,2025-12-18,111418,1,2,0,106.0
10109872GOMESP_2025-12-18_G05,10109872GOMESP,2025-12-18,117838,1,2,0,114.0
10109872GOMESP_2025-12-18_G06,10109872GOMESP,2025-12-18,109645,1,2,0,119.0
10109872GOMESP_2025-12-18_G07,10109872GOMESP,2025-12-18,117830,1,4,0,81.0
10109872GOMESP_2025-12-18_G08,10109872GOMESP,2025-12-18,109648,1,2,0,111.0
10109872GOMESP_2025-12-18_G09,10109872GOMESP,2025-12-18,117854,1,2,0,353.0
10109872GOMESP_2025-12-18_G10,10109872GOMESP,2025-12-18,140922,1,4,0,141.0
10109872GOMESP_2025-12-18_G11,10109872GOMESP,2025-12-18,117787,1,2,0,161.0
10109872GOMESP_2025-12-18_G12,10109872GOMESP,2025-12-18,110740,1,6,0,200.0
10109872GOMESP_2025-12-18_G13,10109872GOMESP,2025-12-18,110373,1,13,0,165.0
10109872GOMESP_2025-12-18_G14,10109872GOMESP,2025-12-18,140923,1,5,0,137.0
10109872GOMESP_2025-12-18_G15,10109872GOMESP,2025-12-18,117786,1,2,0,79.0
10109872GOMESP_2025-12-18_G16,10109872GOMESP,2025-12-18,111467,1,1,0,177.0
10109872GOMESP_2025-12-18_G17,10109872GOMESP,2025-12-18,111463,1,3,0,84.0
10109872GOMESP_2025-12-18_G18,10109872GOMESP,2025-12-18,111743,1,2,0,112.0
10109872GOMESP_2025-12-18_G19,10109872GOMESP,2025-12-18,141823,1,2,0,102.0
10109872GOMESP_2025-12-18_G20,10109872GOMESP,2025-12-18,111466,1,3,0,98.0
10109872GOMESP_2025-12-18_G21,10109872GOMESP,2025-12-18,110376,1,4,0,111.0
10109872GOMESP_2025-12-18_G22,10109872GOMESP,2025-12-18,110372,1,6,0,119.0
10109872GOMESP_2025-12-18_G23,10109872GOMESP,2025-12-18,117830,1,8,0,159.0
10109872GOMESP_2025-12-18_G24,10109872GOMESP,2025-12-18,117862,1,6,0,104.0
10109872GOMESP_2025-12-18_G25,10109872GOMESP,2025-12-18,118222,1,4,0,409.0
10109872GOMESP_2025-12-18_G26,10109872GOMESP,2025-12-18,141916,1,4,0,663.0
10109872GOMESP_2025-12-18_G27,10109872GOMESP,2025-12-18,118317,1,4,0,227.0
10109872GOMESP_2025-12-18_G28,10109872GOMESP,2025-12-18,118140,1,4,0,215.0
10109872GOMESP_2025-12-18_G29,10109872GOMESP,2025-12-18,141047,1,2,0,91.0
10109872GOMESP_2025-12-18_G30,10109872GOMESP,2025-12-18,117862,1,2,0,58.0
10109872GOMESP_2025-12-18_G31,10109872GOMESP,2025-12-18,111467,1,4,0,83.0
10109872GOMESP_2025-12-18_G32,10109872GOMESP,2025-12-18,117837,1,2,0,124.0
10109872GOMESP_2025-12-18_G33,10109872GOMESP,2025-12-18,141456,1,4,0,123.0
10109872GOMESP_2025-12-18_G34,10109872GOMESP,2025-12-18,111743,1,4,0,76.0
10109872GOMESP_2025-12-18_G35,10109872GOMESP,2025-12-18,108711,1,4,0,152.0
10109872GOMESP_2025-12-18_G36,10109872GOMESP,2025-12-18,105705,1,4,0,116.0
10109872GOMESP_2025-12-18_G37,10109872GOMESP,2025-12-18,117831,1,4,0,102.0
10109872GOMESP_2025-12-18_G38,10109872GOMESP,2025-12-18,110740,1,4,0,95.0
10109872GOMESP_2025-12-18_G39,10109872GOMESP,2025-12-18,111466,1,2,0,72.0
10109872GOMESP_2025-12-18_G40,10109872GOMESP,2025-12-18,141458,1,6,0,364.0
10109872GOMESP_2025-12-18_G41,10109872GOMESP,2025-12-18,110371,1,4,0,364.0
10109872GOMESP_2025-12-18_G42,10109872GOMESP,2025-12-18,117830,2,12,9,103.0
10109872GOMESP_2025-12-18_G43,10109872GOMESP,2025-12-18,110372,1,4,0,45.0
10109872GOMESP_2025-12-18_G44,10109872GOMESP,2025-12-18,117808,1,6,0,162.0
10109872GOMESP_2025-12-18_G45,10109872GOMESP,2025-12-18,118222,1,4,0,136.0
10109872GOMESP_2025-12-18_G46,10109872GOMESP,2025-12-18,141318,1,4,0,114.0
10109872GOMESP_2025-12-18_G47,10109872GOMESP,2025-12-18,140923,1,4,0,119.0
10109872GOMESP_2025-12-18_G48,10109872GOMESP,2025-12-18,117856,1,4,0,49.0
10109872GOMESP_2025-12-18_G49,10109872GOMESP,2025-12-18,111530,1,4,0,194.0
10109872GOMESP_2025-12-18_G50,10109872GOMESP,2025-12-18,117786,1,2,0,40.0
10109872GOMESP_2025-12-18_G51,10109872GOMESP,2025-12-18,111467,1,2,0,91.0
10109872GOMESP_2025-12-18_G52,10109872GOMESP,2025-12-18,111172,1,1,0,184.0
10109872GOMESP_2025-12-18_G53,10109872GOMESP,2025-12-18,140922,1,6,0,144.0
10109872GOMESP_2025-12-18_G54,10109872GOMESP,2025-12-18,117785,1,4,0,201.0
10109872GOMESP_2025-12-18_G55,10109872GOMESP,2025-12-18,105705,1,2,0,92.0
10109872GOMESP_2025-12-18_G56,10109872GOMESP,2025-12-18,109645,1,2,0,50.0
10109872GOMESP_2025-12-18_G57,10109872GOMESP,2025-12-18,117787,1,2,0,63.0
10109872GOMESP_2025-12-18_G58,10109872GOMESP,2025-12-18,141458,1,6,0,119.0
10109872GOMESP_2025-12-18_G59,10109872GOMESP,2025-12-18,117809,1,4,0,153.0
10109872GOMESP_2025-12-18_G60,10109872GOMESP,2025-12-18,110371,1,4,0,100.0
10109872GOMESP_2025-12-18_G61,10109872GOMESP,2025-12-18,117832,1,1,0,97.0
10109872GOMESP_2025-12-18_G62,10109872GOMESP,2025-12-18,110375,1,2,0,69.0
10109872GOMESP_2025-12-18_G63,10109872GOMESP,2025-12-18,117808,1,19,0,119.0
10109872GOMESP_2025-12-18_G64,10109872GOMESP,2025-12-18,110374,1,6,0,506.0
10109872GOMESP_2025-12-18_G65,10109872GOMESP,2025-12-18,117809,1,2,0,59.0
10109872GOMESP_2025-12-18_G66,10109872GOMESP,2025-12-18,110371,1,4,0,99.0
10109872GOMESP_2025-12-18_G67,10109872GOMESP,2025-12-18,117830,2,18,7,540.0
10109872GOMESP_2025-12-18_G68,10109872GOMESP,2025-12-18,110376,1,2,0,73.0
10109872GOMESP_2025-12-18_G69,10109872GOMESP,2025-12-18,117832,1,2,0,48.0
10109872GOMESP_2025-12-18_G70,10109872GOMESP,2025-12-18,117808,1,39,0,217.0
10109872GOMESP_2025-12-18_G71,10109872GOMESP,2025-12-18,110372,1,5,0,134.0
10109872GOMESP_2025-12-18_G72,10109872GOMESP,2025-12-18,110740,1,2,0,114.0
10109872GOMESP_2025-12-18_G73,10109872GOMESP,2025-12-18,141457,1,4,0,47.0
10109872GOMESP_2025-12-18_G74,10109872GOMESP,2025-12-18,111468,1,5,0,99.0
10109872GOMESP_2025-12-18_G75,10109872GOMESP,2025-12-18,141458,1,10,0,91.0
10109872GOMESP_2025-12-18_G76,10109872GOMESP,2025-12-18,111466,1,8,0,157.0
10109872GOMESP_2025-12-18_G77,10109872GOMESP,2025-12-18,117831,1,6,0,355.0
10109872GOMESP_2025-12-18_G78,10109872GOMESP,2025-12-18,110740,1,8,0,89.0
10109872GOMESP_2025-12-18_G79,10109872GOMESP,2025-12-18,141457,1,6,0,57.0
10109872GOMESP_2025-12-18_G80,10109872GOMESP,2025-12-18,115234,1,1,0,921.0
10109872GOMESP_2025-12-18_G81,10109872GOMESP,2025-12-18,110895,1,2,0,80.0
10109872GOMESP_2025-12-18_G82,10109872GOMESP,2025-12-18,111602,3,9,14,81.0
10109872GOMESP_2025-12-18_G83,10109872GOMESP,2025-12-18,111530,2,5,6,110.0
10109872GOMESP_2025-12-18_G84,10109872GOMESP,2025-12-18,117862,1,8,0,287.0
10109872GOMESP_2025-12-18_G85,10109872GOMESP,2025-12-18,111463,1,38,0,208.0
10109872GOMESP_2025-12-18_G86,10109872GOMESP,2025-12-18,140922,2,4,6,276.0
10109872GOMESP_2025-12-18_G87,10109872GOMESP,2025-12-18,117785,1,30,0,391.0
10109872GOMESP_2025-12-18_G88,10109872GOMESP,2025-12-18,105705,2,8,6,303.0
10109872GOMESP_2025-12-18_G89,10109872GOMESP,2025-12-18,111466,1,2,0,122.0
10109872GOMESP_2025-12-18_G90,10109872GOMESP,2025-12-18,110375,1,4,0,334.0
10109872GOMESP_2025-12-18_G91,10109872GOMESP,2025-12-18,110373,1,36,0,87.0
10109872GOMESP_2025-12-18_G92,10109872GOMESP,2025-12-18,110374,1,20,0,120.0
10109872GOMESP_2025-12-18_G94,10109872GOMESP,2025-12-18,117809,1,22,0,125.0
10109872GOMESP_2025-12-18_G95,10109872GOMESP,2025-12-18,117809,1,5,0,44.0
10109872GOMESP_2025-12-18_G96,10109872GOMESP,2025-12-18,117830,1,12,0,51.0
10109872GOMESP_2025-12-18_G97,10109872GOMESP,2025-12-18,111463,2,23,9,974.0
10109872GOMESP_2025-12-18_G98,10109872GOMESP,2025-12-18,140922,1,4,0,256.0
10109872GOMESP_2025-12-18_G99,10109872GOMESP,2025-12-18,140922,1,9,0,52.0
10109872GOMESP_2025-12-18_G100,10109872GOMESP,2025-12-18,117785,2,33,6,90.0
10109872GOMESP_2025-12-18_G101,10109872GOMESP,2025-12-18,108711,1,4,0,208.0
10109872GOMESP_2025-12-18_G102,10109872GOMESP,2025-12-18,108711,1,36,0,415.0
10109872GOMESP_2025-12-18_G103,10109872GOMESP,2025-12-18,110745,1,10,0,416.0
10109872GOMESP_2025-12-18_G104,10109872GOMESP,2025-12-18,117831,1,23,0,246.0
10109872GOMESP_2025-12-18_G105,10109872GOMESP,2025-12-18,141457,1,4,0,261.0
10109872GOMESP_2025-12-18_G106,10109872GOMESP,2025-12-18,111468,1,4,0,127.0
10109872GOMESP_2025-12-18_G107,10109872GOMESP,2025-12-18,141458,1,4,0,45.0
10109872GOMESP_2025-12-18_G108,10109872GOMESP,2025-12-18,141458,1,15,0,128.0
10109872GOMESP_2025-12-18_G109,10109872GOMESP,2025-12-18,111876,1,6,0,813.0
10109872GOMESP_2025-12-18_G110,10109872GOMESP,2025-12-18,110373,2,6,9,90.0
10109872GOMESP_2025-12-18_G111,10109872GOMESP,2025-12-18,117862,1,8,0,198.0
10109872GOMESP_2025-12-18_G112,10109872GOMESP,2025-12-18,110373,1,4,0,180.0
10109872GOMESP_2025-12-18_G113,10109872GOMESP,2025-12-18,111876,1,2,0,155.0
10109872GOMESP_2025-12-18_G114,10109872GOMESP,2025-12-18,110373,1,8,0,194.0
10109872GOMESP_2025-12-18_G115,10109872GOMESP,2025-12-18,117862,1,4,0,85.0
10109872GOMESP_2025-12-18_G116,10109872GOMESP,2025-12-18,110373,1,26,0,973.0
10109872GOMESP_2025-12-18_G117,10109872GOMESP,2025-12-18,111876,1,4,0,166.0
10109872GOMESP_2025-12-18_G118,10109872GOMESP,2025-12-18,117830,1,2,0,123.0
10109872GOMESP_2025-12-19_G02,10109872GOMESP,2025-12-19,117786,1,160,0,669.0
10109872GOMESP_2025-12-19_G03,10109872GOMESP,2025-12-19,111463,1,200,0,477.0
10109872GOMESP_2025-12-19_G04,10109872GOMESP,2025-12-19,117785,1,700,0,1436.0
10109872GOMESP_2025-12-19_G05,10109872GOMESP,2025-12-19,117831,1,300,0,983.0
10109872GOMESP_2025-12-19_G06,10109872GOMESP,2025-12-19,118140,1,210,0,742.0
10109872GOMESP_2025-12-19_G07,10109872GOMESP,2025-12-19,111466,1,300,0,760.0
10109872GOMESP_2025-12-19_G08,10109872GOMESP,2025-12-19,110752,1,10,0,751.0
10109872GOMESP_2025-12-19_G09,10109872GOMESP,2025-12-19,118094,2,18,8,158.0
10109872GOMESP_2025-12-19_G10,10109872GOMESP,2025-12-19,117935,1,48,0,164.0
10109872GOMESP_2025-12-19_G11,10109872GOMESP,2025-12-19,107629,2,32,9,702.0
10109872GOMESP_2025-12-19_G12,10109872GOMESP,2025-12-19,117786,1,1,0,357.0
10109872GOMESP_2025-12-19_G13,10109872GOMESP,2025-12-19,141352,1,4,0,83.0
10109872GOMESP_2025-12-19_G14,10109872GOMESP,2025-12-19,109640,1,70,0,454.0
10109872GOMESP_2025-12-19_G15,10109872GOMESP,2025-12-19,111439,1,10,0,85.0
10109872GOMESP_2025-12-19_G16,10109872GOMESP,2025-12-19,116241,1,19,0,458.0
10109872GOMESP_2025-12-19_G17,10109872GOMESP,2025-12-19,110743,1,24,0,493.0
10109872GOMESP_2025-12-19_G18,10109872GOMESP,2025-12-19,111182,1,3,0,69.0
10109872GOMESP_2025-12-19_G19,10109872GOMESP,2025-12-19,108711,1,12,0,319.0
10109872GOMESP_2025-12-19_G20,10109872GOMESP,2025-12-19,111435,1,2,0,144.0
10109872GOMESP_2025-12-19_G21,10109872GOMESP,2025-12-19,108798,1,17,0,222.0
10109872GOMESP_2025-12-19_G22,10109872GOMESP,2025-12-19,117842,1,4,0,294.0
10109872GOMESP_2025-12-19_G23,10109872GOMESP,2025-12-19,109645,1,20,0,161.0
10109872GOMESP_2025-12-19_G24,10109872GOMESP,2025-12-19,111431,1,14,0,513.0
10109872GOMESP_2025-12-19_G25,10109872GOMESP,2025-12-19,141457,1,7,0,106.0
10109872GOMESP_2025-12-19_G26,10109872GOMESP,2025-12-19,141458,1,39,0,104.0
10109872GOMESP_2025-12-19_G27,10109872GOMESP,2025-12-19,111468,1,4,0,189.0
10109872GOMESP_2025-12-19_G28,10109872GOMESP,2025-12-19,110371,1,5,0,265.0
10109872GOMESP_2025-12-19_G29,10109872GOMESP,2025-12-19,110371,1,80,0,397.0
10109872GOMESP_2025-12-19_G30,10109872GOMESP,2025-12-19,117840,1,16,0,329.0
10109872GOMESP_2025-12-20_G02,10109872GOMESP,2025-12-20,110743,1,4,0,101.0
10109872GOMESP_2025-12-20_G03,10109872GOMESP,2025-12-20,111723,1,400,0,1342.0
10109872GOMESP_2025-12-20_G04,10109872GOMESP,2025-12-20,111634,1,900,0,1725.0
10109872GOMESP_2025-12-20_G05,10109872GOMESP,2025-12-20,111602,1,16,0,1365.0
10109872GOMESP_2025-12-20_G06,10109872GOMESP,2025-12-20,111602,2,52,28,209.0
10109872GOMESP_2025-12-20_G07,10109872GOMESP,2025-12-20,111602,1,2,0,45.0
10109872GOMESP_2025-12-20_G08,10109872GOMESP,2025-12-20,110895,1,4,0,531.0
10109872GOMESP_2025-12-20_G09,10109872GOMESP,2025-12-20,111602,1,32,0,65.0
10109872GOMESP_2025-12-20_G10,10109872GOMESP,2025-12-20,110373,1,20,0,353.0
10109872GOMESP_2025-12-20_G11,10109872GOMESP,2025-12-20,111433,1,4,0,112.0
10109872GOMESP_2025-12-20_G12,10109872GOMESP,2025-12-20,118299,1,2,0,39.0
10109872GOMESP_2025-12-20_G13,10109872GOMESP,2025-12-20,118299,1,8,0,56.0
10109872GOMESP_2025-12-20_G14,10109872GOMESP,2025-12-20,110741,1,4,0,101.0
10109872GOMESP_2025-12-20_G15,10109872GOMESP,2025-12-20,117830,1,20,0,484.0
10109872GOMESP_2025-12-20_G16,10109872GOMESP,2025-12-20,117820,1,8,0,90.0
10109872GOMESP_2025-12-20_G17,10109872GOMESP,2025-12-20,118299,1,5,0,60.0
10109872GOMESP_2025-12-20_G18,10109872GOMESP,2025-12-20,110325,1,20,0,115.0
10109872GOMESP_2025-12-20_G19,10109872GOMESP,2025-12-20,117808,1,30,0,191.0
10109872GOMESP_2025-12-20_G20,10109872GOMESP,2025-12-20,141202,1,4,0,86.0
10109872GOMESP_2025-12-20_G21,10109872GOMESP,2025-12-20,111602,1,20,0,539.0
10109872GOMESP_2025-12-22_G02,10109872GOMESP,2025-12-22,117935,1,1,0,43.0
10109872GOMESP_2025-12-22_G03,10109872GOMESP,2025-12-22,140923,1,5,0,88.0
10109872GOMESP_2025-12-22_G04,10109872GOMESP,2025-12-22,117856,1,4,0,59.0
10109872GOMESP_2025-12-22_G05,10109872GOMESP,2025-12-22,107629,1,2,0,112.0
10109872GOMESP_2025-12-22_G06,10109872GOMESP,2025-12-22,111530,1,2,0,42.0
10109872GOMESP_2025-12-22_G07,10109872GOMESP,2025-12-22,117862,1,4,0,104.0
10109872GOMESP_2025-12-22_G08,10109872GOMESP,2025-12-22,117837,1,2,0,71.0
10109872GOMESP_2025-12-22_G09,10109872GOMESP,2025-12-22,140922,1,4,0,138.0
10109872GOMESP_2025-12-22_G10,10109872GOMESP,2025-12-22,141823,1,2,0,84.0
10109872GOMESP_2025-12-22_G11,10109872GOMESP,2025-12-22,111463,1,2,0,62.0
10109872GOMESP_2025-12-22_G12,10109872GOMESP,2025-12-22,117830,1,2,0,179.0
10109872GOMESP_2025-12-22_G13,10109872GOMESP,2025-12-22,110376,1,2,0,153.0
10109872GOMESP_2025-12-22_G14,10109872GOMESP,2025-12-22,117832,1,4,0,75.0
10109872GOMESP_2025-12-22_G15,10109872GOMESP,2025-12-22,111438,1,8,0,321.0
10109872GOMESP_2025-12-22_G16,10109872GOMESP,2025-12-22,110895,1,7,0,299.0
10109872GOMESP_2025-12-22_G17,10109872GOMESP,2025-12-22,111467,1,6,0,574.0
10109872GOMESP_2025-12-22_G18,10109872GOMESP,2025-12-22,118299,1,100,0,357.0
10109872GOMESP_2025-12-22_G19,10109872GOMESP,2025-12-22,118094,1,2,0,512.0
10109872GOMESP_2025-12-22_G20,10109872GOMESP,2025-12-22,117861,1,12,0,112.0
10109872GOMESP_2025-12-22_G21,10109872GOMESP,2025-12-22,140923,1,12,0,138.0
10109872GOMESP_2025-12-22_G22,10109872GOMESP,2025-12-22,111441,1,4,0,103.0
10109872GOMESP_2025-12-22_G23,10109872GOMESP,2025-12-22,141457,1,2,0,119.0
10109872GOMESP_2025-12-22_G24,10109872GOMESP,2025-12-22,117821,1,2,0,75.0
10109872GOMESP_2025-12-22_G25,10109872GOMESP,2025-12-22,111602,1,12,0,395.0
10109872GOMESP_2025-12-22_G26,10109872GOMESP,2025-12-22,141047,1,4,0,314.0
10109872GOMESP_2025-12-22_G27,10109872GOMESP,2025-12-22,111530,1,20,0,173.0
10109872GOMESP_2025-12-22_G28,10109872GOMESP,2025-12-22,117862,1,6,0,116.0
10109872GOMESP_2025-12-22_G29,10109872GOMESP,2025-12-22,110711,1,2,0,107.0
10109872GOMESP_2025-12-22_G30,10109872GOMESP,2025-12-22,111530,1,31,0,331.0
10109872GOMESP_2025-12-22_G31,10109872GOMESP,2025-12-22,110747,1,10,0,976.0
10109872GOMESP_2025-12-22_G32,10109872GOMESP,2025-12-22,117935,1,6,0,122.0
10109872GOMESP_2025-12-22_G33,10109872GOMESP,2025-12-22,110745,1,8,0,314.0
10109872GOMESP_2025-12-22_G34,10109872GOMESP,2025-12-22,117830,1,12,0,122.0
10109872GOMESP_2025-12-22_G35,10109872GOMESP,2025-12-22,110376,1,2,0,141.0
10109872GOMESP_2025-12-22_G36,10109872GOMESP,2025-12-22,118299,1,27,0,151.0
10109872GOMESP_2025-12-22_G37,10109872GOMESP,2025-12-22,110373,1,30,0,371.0
10109872GOMESP_2025-12-22_G38,10109872GOMESP,2025-12-22,117935,1,4,0,303.0
10109872GOMESP_2025-12-22_G39,10109872GOMESP,2025-12-22,140923,1,3,0,142.0
10109872GOMESP_2025-12-22_G40,10109872GOMESP,2025-12-22,111530,1,4,0,84.0
10109872GOMESP_2025-12-22_G41,10109872GOMESP,2025-12-22,117786,1,2,0,47.0
10109872GOMESP_2025-12-22_G42,10109872GOMESP,2025-12-22,110339,1,4,0,48.0
10109872GOMESP_2025-12-22_G43,10109872GOMESP,2025-12-22,117855,1,2,0,94.0
10109872GOMESP_2025-12-22_G44,10109872GOMESP,2025-12-22,110711,1,1,0,81.0
10109872GOMESP_2025-12-22_G45,10109872GOMESP,2025-12-22,140922,1,8,0,166.0
10109872GOMESP_2025-12-22_G46,10109872GOMESP,2025-12-22,110743,1,1,0,46.0
10109872GOMESP_2025-12-22_G47,10109872GOMESP,2025-12-22,111743,1,4,0,64.0
10109872GOMESP_2025-12-22_G48,10109872GOMESP,2025-12-22,108711,1,4,0,101.0
10109872GOMESP_2025-12-22_G49,10109872GOMESP,2025-12-22,141457,1,8,0,97.0
10109872GOMESP_2025-12-22_G50,10109872GOMESP,2025-12-22,117821,1,4,0,101.0
10109872GOMESP_2025-12-22_G51,10109872GOMESP,2025-12-22,141456,1,12,0,358.0
10109872GOMESP_2025-12-22_G52,10109872GOMESP,2025-12-22,110376,1,4,0,192.0
10109872GOMESP_2025-12-22_G53,10109872GOMESP,2025-12-22,117832,1,6,0,63.0
10109872GOMESP_2025-12-22_G54,10109872GOMESP,2025-12-22,118299,1,4,0,55.0
10109872GOMESP_2025-12-22_G55,10109872GOMESP,2025-12-22,110373,1,5,0,131.0
10109872GOMESP_2025-12-22_G56,10109872GOMESP,2025-12-22,110374,1,6,0,249.0
10109872GOMESP_2025-12-22_G57,10109872GOMESP,2025-12-22,111441,1,1,0,672.0
10109872GOMESP_2025-12-22_G58,10109872GOMESP,2025-12-22,111418,1,4,0,102.0
10109872GOMESP_2025-12-22_G59,10109872GOMESP,2025-12-22,110751,1,1,0,45.0
10109872GOMESP_2025-12-22_G60,10109872GOMESP,2025-12-22,111743,1,4,0,58.0
10109872GOMESP_2025-12-22_G61,10109872GOMESP,2025-12-22,117821,1,2,0,119.0
10109872GOMESP_2025-12-22_G62,10109872GOMESP,2025-12-22,141456,1,4,0,63.0
10109872GOMESP_2025-12-22_G63,10109872GOMESP,2025-12-22,117830,1,4,0,137.0
10109872GOMESP_2025-12-22_G64,10109872GOMESP,2025-12-22,117832,1,1,0,70.0
10109872GOMESP_2025-12-22_G65,10109872GOMESP,2025-12-22,118299,1,16,0,210.0
10109872GOMESP_2025-12-22_G66,10109872GOMESP,2025-12-22,117808,1,20,0,155.0
10109872GOMESP_2025-12-22_G67,10109872GOMESP,2025-12-22,117820,1,2,0,121.0
10109872GOMESP_2025-12-22_G68,10109872GOMESP,2025-12-22,111602,1,3,0,702.0
10109872GOMESP_2025-12-22_G69,10109872GOMESP,2025-12-22,110711,1,1,0,61.0
10109872GOMESP_2025-12-22_G70,10109872GOMESP,2025-12-22,110129,1,1,0,190.0
10109872GOMESP_2025-12-22_G71,10109872GOMESP,2025-12-22,117842,1,4,0,147.0
10109872GOMESP_2025-12-22_G72,10109872GOMESP,2025-12-22,117831,1,4,0,90.0
10109872GOMESP_2025-12-22_G73,10109872GOMESP,2025-12-22,118140,1,1,0,65.0
10109872GOMESP_2025-12-22_G74,10109872GOMESP,2025-12-22,141456,1,4,0,80.0
10109872GOMESP_2025-12-22_G75,10109872GOMESP,2025-12-22,117830,1,4,0,169.0
10109872GOMESP_2025-12-22_G76,10109872GOMESP,2025-12-22,118299,1,20,0,137.0
10109872GOMESP_2025-12-22_G77,10109872GOMESP,2025-12-22,117808,1,8,0,107.0
10109872GOMESP_2025-12-22_G78,10109872GOMESP,2025-12-22,117808,1,12,0,70.0
10109872GOMESP_2025-12-22_G79,10109872GOMESP,2025-12-22,110895,1,2,0,399.0
10109872GOMESP_2025-12-22_G80,10109872GOMESP,2025-12-22,140923,1,2,0,87.0
10109872GOMESP_2025-12-22_G81,10109872GOMESP,2025-12-22,117856,1,2,0,40.0
10109872GOMESP_2025-12-22_G82,10109872GOMESP,2025-12-22,111602,1,8,0,235.0
10109872GOMESP_2025-12-22_G83,10109872GOMESP,2025-12-22,117862,1,4,0,101.0
10109872GOMESP_2025-12-22_G84,10109872GOMESP,2025-12-22,108795,1,1,0,87.0
10109872GOMESP_2025-12-22_G85,10109872GOMESP,2025-12-22,140922,1,2,0,44.0
10109872GOMESP_2025-12-22_G86,10109872GOMESP,2025-12-22,111418,1,2,0,55.0
10109872GOMESP_2025-12-22_G87,10109872GOMESP,2025-12-22,111743,1,4,0,461.0
10109872GOMESP_2025-12-22_G88,10109872GOMESP,2025-12-22,109645,1,2,0,94.0
10109872GOMESP_2025-12-22_G89,10109872GOMESP,2025-12-22,108711,1,4,0,50.0
10109872GOMESP_2025-12-22_G90,10109872GOMESP,2025-12-22,107236,2,4,6,50.0
10109872GOMESP_2025-12-22_G91,10109872GOMESP,2025-12-22,110740,1,2,0,61.0
10109872GOMESP_2025-12-22_G92,10109872GOMESP,2025-12-22,141457,1,8,0,76.0
10109872GOMESP_2025-12-22_G93,10109872GOMESP,2025-12-22,141458,1,4,0,105.0
10109872GOMESP_2025-12-22_G94,10109872GOMESP,2025-12-22,109648,1,2,0,112.0
10109872GOMESP_2025-12-22_G95,10109872GOMESP,2025-12-22,117830,1,3,0,80.0
10109872GOMESP_2025-12-22_G96,10109872GOMESP,2025-12-22,117808,1,14,0,304.0
10109872GOMESP_2025-12-22_G97,10109872GOMESP,2025-12-22,111602,1,4,0,98.0
10109872GOMESP_2025-12-22_G98,10109872GOMESP,2025-12-22,"117809, 117830",2,4,24,318.0
10109872GOMESP_2025-12-22_G99,10109872GOMESP,2025-12-22,117832,1,4,0,78.0
10109872GOMESP_2025-12-22_G100,10109872GOMESP,2025-12-22,109643,1,2,0,202.0
10109872GOMESP_2025-12-22_G102,10109872GOMESP,2025-12-22,110787,1,1,0,107.0
10109872GOMESP_2025-12-22_G103,10109872GOMESP,2025-12-22,109641,1,1,0,46.0
10109872GOMESP_2025-12-22_G104,10109872GOMESP,2025-12-22,109645,1,16,0,170.0
10109872GOMESP_2025-12-22_G105,10109872GOMESP,2025-12-22,118140,1,6,0,101.0
10109872GOMESP_2025-12-22_G106,10109872GOMESP,2025-12-22,141457,1,3,0,54.0
10109872GOMESP_2025-12-22_G107,10109872GOMESP,2025-12-22,118317,2,5,6,32.0
10109872GOMESP_2025-12-22_G108,10109872GOMESP,2025-12-22,111466,1,31,0,213.0
10109872GOMESP_2025-12-22_G109,10109872GOMESP,2025-12-22,141456,1,3,0,56.0
10109872GOMESP_2025-12-22_G110,10109872GOMESP,2025-12-22,110372,1,150,0,449.0
10109872GOMESP_2025-12-22_G111,10109872GOMESP,2025-12-22,117830,1,25,0,356.0
10109872GOMESP_2025-12-22_G112,10109872GOMESP,2025-12-22,117820,1,30,0,906.0
10109872GOMESP_2025-12-22_G113,10109872GOMESP,2025-12-22,110325,1,8,0,113.0
10109872GOMESP_2025-12-22_G114,10109872GOMESP,2025-12-22,117808,1,54,0,343.0
10109872GOMESP_2025-12-22_G115,10109872GOMESP,2025-12-22,110374,1,36,0,333.0
10109872GOMESP_2025-12-22_G116,10109872GOMESP,2025-12-22,117835,1,3,0,594.0
10109872GOMESP_2025-12-22_G117,10109872GOMESP,2025-12-22,111569,1,6,0,169.0
10109872GOMESP_2025-12-22_G118,10109872GOMESP,2025-12-22,111438,1,3,0,43.0
10109872GOMESP_2025-12-22_G119,10109872GOMESP,2025-12-22,118222,2,7,7,1001.0
10109872GOMESP_2025-12-22_G120,10109872GOMESP,2025-12-22,116527,1,12,0,40.0
10109872GOMESP_2025-12-22_G121,10109872GOMESP,2025-12-22,100334,1,4,0,511.0
10109872GOMESP_2025-12-22_G122,10109872GOMESP,2025-12-22,140911,1,2,0,46.0
10109872GOMESP_2025-12-22_G123,10109872GOMESP,2025-12-22,117809,1,4,0,186.0
10109872GOMESP_2025-12-22_G124,10109872GOMESP,2025-12-22,110372,1,13,0,96.0
10109872GOMESP_2025-12-22_G125,10109872GOMESP,2025-12-22,110376,1,6,0,101.0
10109872GOMESP_2025-12-22_G126,10109872GOMESP,2025-12-22,110325,1,15,0,174.0
10109872GOMESP_2025-12-22_G127,10109872GOMESP,2025-12-22,110374,1,10,0,166.0
10109872GOMESP_2025-12-23_G02,10109872GOMESP,2025-12-23,111418,1,60,0,1253.0
10109872GOMESP_2025-12-23_G03,10109872GOMESP,2025-12-23,111655,1,6,0,684.0
10109872GOMESP_2025-12-23_G04,10109872GOMESP,2025-12-23,111441,1,6,0,235.0
10109872GOMESP_2025-12-23_G05,10109872GOMESP,2025-12-23,111467,1,6,0,164.0
10109872GOMESP_2025-12-23_G06,10109872GOMESP,2025-12-23,117833,1,4,0,512.0
10109872GOMESP_2025-12-23_G07,10109872GOMESP,2025-12-23,117820,1,200,0,441.0
10109872GOMESP_2025-12-23_G08,10109872GOMESP,2025-12-23,110373,1,34,0,243.0
10109872GOMESP_2025-12-23_G09,10109872GOMESP,2025-12-23,110373,1,36,0,422.0
10109872GOMESP_2025-12-23_G10,10109872GOMESP,2025-12-23,111462,2,34,6,1022.0
10109872GOMESP_2025-12-23_G11,10109872GOMESP,2025-12-23,117820,1,41,0,91.0
10109872GOMESP_2025-12-23_G12,10109872GOMESP,2025-12-23,117820,1,20,0,366.0
10109872GOMESP_2025-12-23_G13,10109872GOMESP,2025-12-23,"117808, 118299",2,54,14,793.0
10109872GOMESP_2025-12-23_G14,10109872GOMESP,2025-12-23,111462,1,30,0,209.0
10109872GOMESP_2025-12-23_G15,10109872GOMESP,2025-12-23,117833,1,4,0,150.0
10109872GOMESP_2025-12-23_G16,10109872GOMESP,2025-12-23,141823,1,900,0,1836.0
10109872GOMESP_2025-12-23_G17,10109872GOMESP,2025-12-23,117820,1,7,0,974.0
10109872GOMESP_2025-12-23_G18,10109872GOMESP,2025-12-23,117786,1,8,0,101.0
10109872GOMESP_2025-12-23_G19,10109872GOMESP,2025-12-23,110373,1,17,0,491.0
10109872GOMESP_2025-12-23_G20,10109872GOMESP,2025-12-23,117833,1,4,0,118.0
10109872GOMESP_2025-12-23_G21,10109872GOMESP,2025-12-23,117820,1,4,0,225.0
10109872GOMESP_2025-12-23_G22,10109872GOMESP,2025-12-23,111441,1,4,0,374.0
10109872GOMESP_2025-12-23_G23,10109872GOMESP,2025-12-23,109641,1,8,0,161.0
10109872GOMESP_2025-12-23_G24,10109872GOMESP,2025-12-23,110373,1,40,0,508.0
10109872GOMESP_2025-12-23_G25,10109872GOMESP,2025-12-23,118299,2,50,11,768.0
10109872GOMESP_2025-12-23_G26,10109872GOMESP,2025-12-23,111418,1,2,0,118.0
10109872GOMESP_2025-12-23_G27,10109872GOMESP,2025-12-23,117833,1,4,0,95.0
10109872GOMESP_2025-12-23_G28,10109872GOMESP,2025-12-23,117820,1,10,0,118.0
10109872GOMESP_2025-12-23_G29,10109872GOMESP,2025-12-23,117833,1,5,0,127.0
10109872GOMESP_2025-12-23_G30,10109872GOMESP,2025-12-23,117820,1,14,0,136.0
10109872GOMESP_2025-12-23_G31,10109872GOMESP,2025-12-23,110373,1,4,0,106.0
10109872GOMESP_2025-12-23_G32,10109872GOMESP,2025-12-23,111418,1,5,0,226.0
10109872GOMESP_2025-12-23_G33,10109872GOMESP,2025-12-23,117833,1,1,0,106.0
10109872GOMESP_2025-12-23_G34,10109872GOMESP,2025-12-23,117820,1,7,0,135.0
10109872GOMESP_2025-12-23_G35,10109872GOMESP,2025-12-23,110373,1,4,0,126.0
10109872GOMESP_2025-12-23_G36,10109872GOMESP,2025-12-23,117820,1,12,0,170.0
10109872GOMESP_2025-12-23_G37,10109872GOMESP,2025-12-23,111462,1,6,0,402.0
10109872GOMESP_2025-12-23_G38,10109872GOMESP,2025-12-23,111418,1,10,0,109.0
10109872GOMESP_2025-12-23_G39,10109872GOMESP,2025-12-23,117785,1,4,0,76.0
10109872GOMESP_2025-12-23_G40,10109872GOMESP,2025-12-23,117833,1,12,0,120.0
10109872GOMESP_2025-12-23_G41,10109872GOMESP,2025-12-23,111469,1,8,0,124.0
10109872GOMESP_2025-12-23_G42,10109872GOMESP,2025-12-23,110372,1,4,0,122.0
10109872GOMESP_2025-12-23_G43,10109872GOMESP,2025-12-23,110371,1,2,0,108.0
10109872GOMESP_2025-12-23_G44,10109872GOMESP,2025-12-23,110373,1,6,0,111.0
10109872GOMESP_2025-12-23_G45,10109872GOMESP,2025-12-23,111418,1,4,0,288.0
10109872GOMESP_2025-12-23_G46,10109872GOMESP,2025-12-23,117833,1,6,0,113.0
10109872GOMESP_2025-12-23_G47,10109872GOMESP,2025-12-23,111469,1,5,0,69.0
10109872GOMESP_2025-12-23_G48,10109872GOMESP,2025-12-23,110372,1,2,0,123.0
10109872GOMESP_2025-12-23_G49,10109872GOMESP,2025-12-23,110373,1,8,0,120.0
10109872GOMESP_2025-12-23_G50,10109872GOMESP,2025-12-23,111462,1,2,0,234.0
10109872GOMESP_2025-12-23_G51,10109872GOMESP,2025-12-23,111418,1,20,0,142.0
10109872GOMESP_2025-12-23_G52,10109872GOMESP,2025-12-23,117785,1,8,0,80.0
10109872GOMESP_2025-12-23_G53,10109872GOMESP,2025-12-23,117833,1,12,0,194.0
10109872GOMESP_2025-12-23_G54,10109872GOMESP,2025-12-23,111469,1,16,0,324.0
10109872GOMESP_2025-12-23_G55,10109872GOMESP,2025-12-23,110372,1,2,0,104.0
10109872GOMESP_2025-12-23_G56,10109872GOMESP,2025-12-23,110373,1,8,0,143.0
10109872GOMESP_2025-12-23_G57,10109872GOMESP,2025-12-23,141456,1,8,0,89.0
10109872GOMESP_2025-12-23_G59,10109872GOMESP,2025-12-23,111462,1,14,0,574.0
10109872GOMESP_2025-12-23_G60,10109872GOMESP,2025-12-23,111418,1,4,0,408.0
10109872GOMESP_2025-12-23_G61,10109872GOMESP,2025-12-23,"118299, 117788",2,13,13,123.0
10109872GOMESP_2025-12-23_G62,10109872GOMESP,2025-12-23,117820,1,2,0,112.0
10109872GOMESP_2025-12-23_G63,10109872GOMESP,2025-12-23,111602,1,173,0,512.0
10109872GOMESP_2025-12-23_G64,10109872GOMESP,2025-12-23,111602,1,735,0,1100.0
10109872GOMESP_2025-12-23_G65,10109872GOMESP,2025-12-23,111437,1,45,0,702.0
10109872GOMESP_2025-12-23_G66,10109872GOMESP,2025-12-23,109647,1,59,0,414.0
10109872GOMESP_2025-12-23_G67,10109872GOMESP,2025-12-23,110752,1,3,0,414.0
10109872GOMESP_2025-12-23_G68,10109872GOMESP,2025-12-23,110325,1,602,0,1354.0
10109872GOMESP_2025-12-24_G02,10109872GOMESP,2025-12-24,117808,1,100,0,384.0
10109872GOMESP_2025-12-24_G03,10109872GOMESP,2025-12-24,117808,1,30,0,169.0
10109872GOMESP_2025-12-24_G04,10109872GOMESP,2025-12-24,160054,1,2,0,405.0
10109872GOMESP_2025-12-24_G05,10109872GOMESP,2025-12-24,110372,1,40,0,308.0
10109872GOMESP_2025-12-24_G06,10109872GOMESP,2025-12-24,110371,1,40,0,297.0
10109872GOMESP_2025-12-24_G07,10109872GOMESP,2025-12-24,118299,1,50,0,773.0
10109872GOMESP_2025-12-24_G08,10109872GOMESP,2025-12-24,110373,2,78,11,161.0
10109872GOMESP_2025-12-24_G09,10109872GOMESP,2025-12-24,117820,1,44,0,579.0
10109872GOMESP_2025-12-24_G10,10109872GOMESP,2025-12-24,111813,1,50,0,1139.0
10109872GOMESP_2025-12-24_G11,10109872GOMESP,2025-12-24,111438,1,40,0,206.0
10109872GOMESP_2025-12-24_G12,10109872GOMESP,2025-12-24,111530,2,30,17,443.0
10109872GOMESP_2025-12-24_G13,10109872GOMESP,2025-12-24,109649,1,200,0,1070.0
10109872GOMESP_2025-12-24_G14,10109872GOMESP,2025-12-24,111466,1,180,0,876.0
10109872GOMESP_2025-12-24_G15,10109872GOMESP,2025-12-24,110751,1,50,0,343.0
10109872GOMESP_2025-12-24_G16,10109872GOMESP,2025-12-24,110743,1,30,0,344.0
10109872GOMESP_2025-12-24_G17,10109872GOMESP,2025-12-24,111433,1,30,0,416.0
10109872GOMESP_2025-12-24_G18,10109872GOMESP,2025-12-24,110376,1,50,0,419.0
10109872GOMESP_2025-12-24_G19,10109872GOMESP,2025-12-24,109643,1,50,0,216.0
10109872GOMESP_2025-12-24_G20,10109872GOMESP,2025-12-24,111602,1,20,0,486.0
10109872GOMESP_2025-12-26_G02,10109872GOMESP,2025-12-26,111438,1,20,0,149.0
10109872GOMESP_2025-12-26_G03,10109872GOMESP,2025-12-26,110755,1,30,0,747.0
10109872GOMESP_2025-12-26_G04,10109872GOMESP,2025-12-26,110747,1,16,0,622.0
10109872GOMESP_2025-12-26_G05,10109872GOMESP,2025-12-26,110741,1,12,0,162.0
10109872GOMESP_2025-12-26_G06,10109872GOMESP,2025-12-26,110339,1,40,0,227.0
10109872GOMESP_2025-12-26_G07,10109872GOMESP,2025-12-26,109647,1,30,0,461.0
10109872GOMESP_2025-12-26_G08,10109872GOMESP,2025-12-26,110711,1,25,0,361.0
10109872GOMESP_2025-12-26_G09,10109872GOMESP,2025-12-26,140922,1,36,0,354.0
10109872GOMESP_2025-12-26_G10,10109872GOMESP,2025-12-26,111469,2,40,10,158.0
10109872GOMESP_2025-12-26_G11,10109872GOMESP,2025-12-26,111418,1,100,0,434.0
10109872GOMESP_2025-12-26_G12,10109872GOMESP,2025-12-26,111468,1,32,0,305.0
10109872GOMESP_2025-12-26_G14,10109872GOMESP,2025-12-26,100334,1,9,0,209.0
10109872GOMESP_2025-12-26_G15,10109872GOMESP,2025-12-26,110743,1,16,0,641.0
10109872GOMESP_2025-12-26_G16,10109872GOMESP,2025-12-26,111435,1,19,0,477.0
10109872GOMESP_2025-12-26_G17,10109872GOMESP,2025-12-26,108798,1,35,0,336.0
10109872GOMESP_2025-12-26_G18,10109872GOMESP,2025-12-26,105705,1,33,0,1369.0
10109872GOMESP_2025-12-26_G19,10109872GOMESP,2025-12-26,108711,1,120,0,435.0
10109872GOMESP_2025-12-26_G20,10109872GOMESP,2025-12-26,110129,1,5,0,100.0
10109872GOMESP_2025-12-26_G21,10109872GOMESP,2025-12-26,141202,1,100,0,302.0
10109872GOMESP_2025-12-26_G23,10109872GOMESP,2025-12-26,110711,1,156,0,214.0
10109872GOMESP_2025-12-26_G24,10109872GOMESP,2025-12-26,111172,1,36,0,730.0
10109872GOMESP_2025-12-26_G25,10109872GOMESP,2025-12-26,141823,1,4,0,37.0
10109872GOMESP_2025-12-26_G26,10109872GOMESP,2025-12-26,141823,1,156,0,427.0
10109872GOMESP_2025-12-26_G27,10109872GOMESP,2025-12-26,110129,1,86,0,368.0
10109872GOMESP_2025-12-26_G28,10109872GOMESP,2025-12-26,111469,1,15,0,1430.0
10109872GOMESP_2025-12-26_G29,10109872GOMESP,2025-12-26,111469,1,38,0,297.0
10109872GOMESP_2025-12-26_G30,10109872GOMESP,2025-12-26,117833,1,4,0,709.0
10109872GOMESP_2025-12-26_G31,10109872GOMESP,2025-12-26,110787,1,1,0,164.0
10109872GOMESP_2025-12-26_G32,10109872GOMESP,2025-12-26,111462,1,8,0,110.0
10109872GOMESP_2025-12-26_G33,10109872GOMESP,2025-12-26,110787,1,11,0,121.0
10109872GOMESP_2025-12-26_G34,10109872GOMESP,2025-12-26,109640,1,2,0,121.0
10109872GOMESP_2025-12-26_G35,10109872GOMESP,2025-12-26,117831,1,2,0,131.0
10109872GOMESP_2025-12-26_G36,10109872GOMESP,2025-12-26,111466,1,4,0,209.0
10109872GOMESP_2025-12-26_G37,10109872GOMESP,2025-12-26,117821,1,4,0,273.0
10109872GOMESP_2025-12-26_G38,10109872GOMESP,2025-12-26,117809,1,2,0,121.0
10109872GOMESP_2026-01-08_G02,10109872GOMESP,2026-01-08,140911,1,10,0,217.0
10109872GOMESP_2026-01-08_G03,10109872GOMESP,2026-01-08,140923,1,317,0,1539.0
10109872GOMESP_2026-01-08_G04,10109872GOMESP,2026-01-08,110711,1,31,0,408.0
10109872GOMESP_2026-01-08_G05,10109872GOMESP,2026-01-08,111466,1,237,0,806.0
10109872GOMESP_2026-01-08_G06,10109872GOMESP,2026-01-08,108711,1,18,0,365.0
10109872GOMESP_2026-01-09_G02,10109872GOMESP,2026-01-09,111569,1,40,0,242.0
10109872GOMESP_2026-01-09_G03,10109872GOMESP,2026-01-09,111438,1,12,0,227.0
10109872GOMESP_2026-01-09_G04,10109872GOMESP,2026-01-09,110755,1,6,0,453.0
10109872GOMESP_2026-01-09_G05,10109872GOMESP,2026-01-09,140923,1,4,0,123.0
10109872GOMESP_2026-01-09_G06,10109872GOMESP,2026-01-09,111876,1,2,0,83.0
10109872GOMESP_2026-01-09_G07,10109872GOMESP,2026-01-09,108795,1,12,0,195.0
10109872GOMESP_2026-01-09_G08,10109872GOMESP,2026-01-09,117785,1,10,0,248.0
10109872GOMESP_2026-01-09_G09,10109872GOMESP,2026-01-09,117821,1,4,0,70.0
10109872GOMESP_2026-01-09_G10,10109872GOMESP,2026-01-09,141823,1,9,0,145.0
10109872GOMESP_2026-01-09_G11,10109872GOMESP,2026-01-09,141458,1,13,0,312.0
10109872GOMESP_2026-01-09_G12,10109872GOMESP,2026-01-09,110745,1,2,0,39.0
10109872GOMESP_2026-01-09_G13,10109872GOMESP,2026-01-09,111444,1,8,0,150.0
10109872GOMESP_2026-01-09_G14,10109872GOMESP,2026-01-09,117831,1,5,0,67.0
10109872GOMESP_2026-01-09_G15,10109872GOMESP,2026-01-09,141456,1,6,0,198.0
10109872GOMESP_2026-01-09_G16,10109872GOMESP,2026-01-09,110372,1,20,0,215.0
10109872GOMESP_2026-01-09_G17,10109872GOMESP,2026-01-09,110373,1,10,0,84.0
10109872GOMESP_2026-01-09_G18,10109872GOMESP,2026-01-09,117820,1,14,0,161.0
10109872GOMESP_2026-01-09_G19,10109872GOMESP,2026-01-09,110339,1,2,0,77.0
10109872GOMESP_2026-01-09_G20,10109872GOMESP,2026-01-09,108795,1,5,0,137.0
10109872GOMESP_2026-01-09_G21,10109872GOMESP,2026-01-09,111418,1,4,0,78.0
10109872GOMESP_2026-01-09_G22,10109872GOMESP,2026-01-09,110373,1,10,0,381.0
10109872GOMESP_2026-01-09_G23,10109872GOMESP,2026-01-09,111532,2,2,24,352.0
10109872GOMESP_2026-01-09_G24,10109872GOMESP,2026-01-09,111532,1,19,0,1282.0
10109872GOMESP_2026-01-09_G25,10109872GOMESP,2026-01-09,111418,1,225,0,907.0
10109872GOMESP_2026-01-09_G26,10109872GOMESP,2026-01-09,110373,1,100,0,423.0
10109872GOMESP_2026-01-09_G27,10109872GOMESP,2026-01-09,118299,1,360,0,836.0
10109872GOMESP_2026-01-09_G28,10109872GOMESP,2026-01-09,110313,1,242,0,1226.0
10109872GOMESP_2026-01-09_G29,10109872GOMESP,2026-01-09,110373,1,885,0,1478.0
10109872GOMESP_2026-01-10_G02,10109872GOMESP,2026-01-10,140923,1,2,0,87.0
10109872GOMESP_2026-01-10_G03,10109872GOMESP,2026-01-10,117855,1,101,0,452.0
10109872GOMESP_2026-01-10_G04,10109872GOMESP,2026-01-10,110372,1,2,0,162.0
10109872GOMESP_2026-01-10_G05,10109872GOMESP,2026-01-10,117809,1,30,0,147.0
10109872GOMESP_2026-01-10_G06,10109872GOMESP,2026-01-10,110373,2,52,6,289.0
10109872GOMESP_2026-01-10_G07,10109872GOMESP,2026-01-10,118299,1,538,0,1243.0
10109872GOMESP_2026-01-10_G08,10109872GOMESP,2026-01-10,111441,1,4,0,1956.0
10109872GOMESP_2026-01-10_G09,10109872GOMESP,2026-01-10,118290,1,3,0,106.0
10109872GOMESP_2026-01-10_G10,10109872GOMESP,2026-01-10,117856,1,3,0,162.0
10109872GOMESP_2026-01-10_G11,10109872GOMESP,2026-01-10,140923,1,14,0,315.0
10109872GOMESP_2026-01-10_G12,10109872GOMESP,2026-01-10,110339,1,6,0,78.0
10109872GOMESP_2026-01-10_G13,10109872GOMESP,2026-01-10,117853,1,4,0,168.0
10109872GOMESP_2026-01-10_G14,10109872GOMESP,2026-01-10,111532,1,13,0,402.0
10109872GOMESP_2026-01-10_G15,10109872GOMESP,2026-01-10,141823,1,2,0,117.0
10109872GOMESP_2026-01-10_G16,10109872GOMESP,2026-01-10,111469,1,2,0,79.0
10109872GOMESP_2026-01-10_G17,10109872GOMESP,2026-01-10,118140,1,2,0,82.0
10109872GOMESP_2026-01-10_G18,10109872GOMESP,2026-01-10,110372,2,6,6,254.0
10109872GOMESP_2026-01-10_G19,10109872GOMESP,2026-01-10,110373,1,14,0,322.0
10109872GOMESP_2026-01-10_G20,10109872GOMESP,2026-01-10,117830,1,8,0,306.0
10109872GOMESP_2026-01-10_G21,10109872GOMESP,2026-01-10,118250,1,1,0,190.0
10109872GOMESP_2026-01-10_G22,10109872GOMESP,2026-01-10,118299,1,10,0,139.0
10109872GOMESP_2026-01-10_G23,10109872GOMESP,2026-01-10,111441,1,5,0,101.0
10109872GOMESP_2026-01-10_G24,10109872GOMESP,2026-01-10,111569,2,10,9,148.0
10109872GOMESP_2026-01-10_G25,10109872GOMESP,2026-01-10,111430,1,2,0,157.0
10109872GOMESP_2026-01-10_G26,10109872GOMESP,2026-01-10,111430,1,11,0,389.0
10109872GOMESP_2026-01-10_G27,10109872GOMESP,2026-01-10,111441,1,15,0,341.0
10109872GOMESP_2026-01-10_G28,10109872GOMESP,2026-01-10,117856,1,3,0,112.0
10109872GOMESP_2026-01-10_G29,10109872GOMESP,2026-01-10,140923,1,23,0,172.0
10109872GOMESP_2026-01-10_G30,10109872GOMESP,2026-01-10,110339,1,9,0,634.0
10109872GOMESP_2026-01-10_G31,10109872GOMESP,2026-01-10,117853,1,4,0,85.0
10109872GOMESP_2026-01-10_G32,10109872GOMESP,2026-01-10,109640,1,2,0,160.0
10109872GOMESP_2026-01-10_G33,10109872GOMESP,2026-01-10,111433,1,1,0,216.0
10109872GOMESP_2026-01-10_G34,10109872GOMESP,2026-01-10,111532,1,6,0,170.0
10109872GOMESP_2026-01-10_G35,10109872GOMESP,2026-01-10,140922,1,4,0,128.0
10109872GOMESP_2026-01-10_G36,10109872GOMESP,2026-01-10,141271,1,4,0,127.0
10109872GOMESP_2026-01-10_G37,10109872GOMESP,2026-01-10,111463,1,2,0,71.0
10109872GOMESP_2026-01-10_G38,10109872GOMESP,2026-01-10,111443,1,2,0,391.0
10109872GOMESP_2026-01-10_G39,10109872GOMESP,2026-01-10,111469,1,2,0,54.0
10109872GOMESP_2026-01-10_G40,10109872GOMESP,2026-01-10,118140,1,2,0,70.0
10109872GOMESP_2026-01-10_G41,10109872GOMESP,2026-01-10,110740,1,9,0,92.0
10109872GOMESP_2026-01-10_G42,10109872GOMESP,2026-01-10,110372,1,2,0,684.0
10109872GOMESP_2026-01-10_G43,10109872GOMESP,2026-01-10,110372,1,40,0,239.0
10109872GOMESP_2026-01-10_G44,10109872GOMESP,2026-01-10,110373,1,9,0,129.0
10109872GOMESP_2026-01-10_G45,10109872GOMESP,2026-01-10,140911,1,1,0,223.0
10109872GOMESP_2026-01-10_G46,10109872GOMESP,2026-01-10,108770,1,1,0,84.0
10109872GOMESP_2026-01-10_G47,10109872GOMESP,2026-01-10,111441,2,7,10,60.0
10109872GOMESP_2026-01-10_G48,10109872GOMESP,2026-01-10,111430,1,2,0,106.0
10109872GOMESP_2026-01-10_G49,10109872GOMESP,2026-01-10,141318,1,2,0,92.0
10109872GOMESP_2026-01-10_G50,10109872GOMESP,2026-01-10,140923,1,16,0,225.0
10109872GOMESP_2026-01-10_G51,10109872GOMESP,2026-01-10,110313,1,6,0,101.0
10109872GOMESP_2026-01-10_G52,10109872GOMESP,2026-01-10,111532,1,8,0,103.0
10109872GOMESP_2026-01-10_G53,10109872GOMESP,2026-01-10,140922,1,4,0,99.0
10109872GOMESP_2026-01-10_G54,10109872GOMESP,2026-01-10,141823,1,2,0,75.0
10109872GOMESP_2026-01-10_G55,10109872GOMESP,2026-01-10,111463,1,2,0,38.0
10109872GOMESP_2026-01-10_G56,10109872GOMESP,2026-01-10,111443,1,2,0,65.0
10109872GOMESP_2026-01-10_G57,10109872GOMESP,2026-01-10,111469,1,4,0,66.0
10109872GOMESP_2026-01-10_G58,10109872GOMESP,2026-01-10,118140,1,2,0,67.0
10109872GOMESP_2026-01-10_G59,10109872GOMESP,2026-01-10,110740,1,4,0,51.0
10109872GOMESP_2026-01-10_G60,10109872GOMESP,2026-01-10,110372,1,2,0,113.0
10109872GOMESP_2026-01-10_G61,10109872GOMESP,2026-01-10,110371,1,4,0,108.0
10109872GOMESP_2026-01-10_G62,10109872GOMESP,2026-01-10,110373,1,8,0,129.0
10109872GOMESP_2026-01-10_G63,10109872GOMESP,2026-01-10,118290,1,2,0,307.0
10109872GOMESP_2026-01-10_G64,10109872GOMESP,2026-01-10,100334,1,2,0,106.0
10109872GOMESP_2026-01-10_G65,10109872GOMESP,2026-01-10,140923,1,8,0,254.0
10109872GOMESP_2026-01-10_G66,10109872GOMESP,2026-01-10,111532,1,4,0,135.0
10109872GOMESP_2026-01-10_G67,10109872GOMESP,2026-01-10,140922,1,2,0,73.0
10109872GOMESP_2026-01-10_G68,10109872GOMESP,2026-01-10,110740,1,2,0,89.0
10109872GOMESP_2026-01-10_G69,10109872GOMESP,2026-01-10,110373,1,5,0,152.0
10109872GOMESP_2026-01-10_G70,10109872GOMESP,2026-01-10,118299,1,13,0,294.0
10109872GOMESP_2026-01-10_G71,10109872GOMESP,2026-01-10,117830,1,2,0,154.0
10109872GOMESP_2026-01-10_G72,10109872GOMESP,2026-01-10,117820,1,4,0,150.0
10109872GOMESP_2026-01-10_G74,10109872GOMESP,2026-01-10,111462,1,30,0,103.0
10109872GOMESP_2026-01-10_G75,10109872GOMESP,2026-01-10,140922,1,31,0,506.0
10109872GOMESP_2026-01-10_G76,10109872GOMESP,2026-01-10,110743,1,9,0,189.0
10109872GOMESP_2026-01-10_G77,10109872GOMESP,2026-01-10,111172,1,4,0,109.0
10109872GOMESP_2026-01-10_G78,10109872GOMESP,2026-01-10,109641,1,9,0,100.0
10109872GOMESP_2026-01-10_G79,10109872GOMESP,2026-01-10,111442,1,8,0,78.0
10109872GOMESP_2026-01-10_G80,10109872GOMESP,2026-01-10,111463,1,70,0,269.0
10109872GOMESP_2026-01-10_G81,10109872GOMESP,2026-01-10,141458,1,20,0,196.0
10109872GOMESP_2026-01-10_G82,10109872GOMESP,2026-01-10,111465,1,14,0,344.0
10109872GOMESP_2026-01-10_G83,10109872GOMESP,2026-01-10,118140,1,81,0,51.0
10109872GOMESP_2026-01-10_G84,10109872GOMESP,2026-01-10,141456,1,25,0,312.0
10109872GOMESP_2026-01-10_G85,10109872GOMESP,2026-01-10,111532,1,60,0,191.0
10109872GOMESP_2026-01-10_G86,10109872GOMESP,2026-01-10,111532,2,9,6,866.0
10109872GOMESP_2026-01-10_G87,10109872GOMESP,2026-01-10,111743,1,1,0,100.0
10109872GOMESP_2026-01-10_G88,10109872GOMESP,2026-01-10,105705,1,1,0,476.0
10109872GOMESP_2026-01-10_G89,10109872GOMESP,2026-01-10,108794,2,2,11,36.0
10109872GOMESP_2026-01-10_G90,10109872GOMESP,2026-01-10,118140,1,12,0,115.0
10109872GOMESP_2026-01-10_G91,10109872GOMESP,2026-01-10,118140,2,20,7,57.0
10109872GOMESP_2026-01-12_G02,10109872GOMESP,2026-01-12,111438,1,30,0,171.0
10109872GOMESP_2026-01-12_G03,10109872GOMESP,2026-01-12,110747,1,50,0,274.0
10109872GOMESP_2026-01-12_G04,10109872GOMESP,2026-01-12,110747,1,16,0,284.0
10109872GOMESP_2026-01-12_G05,10109872GOMESP,2026-01-12,141066,1,4,0,153.0
10109872GOMESP_2026-01-12_G06,10109872GOMESP,2026-01-12,110733,1,8,0,291.0
10109872GOMESP_2026-01-12_G07,10109872GOMESP,2026-01-12,110313,1,12,0,106.0
10109872GOMESP_2026-01-12_G08,10109872GOMESP,2026-01-12,117861,1,4,0,345.0
10109872GOMESP_2026-01-12_G09,10109872GOMESP,2026-01-12,110339,1,59,0,106.0
10109872GOMESP_2026-01-12_G10,10109872GOMESP,2026-01-12,118299,1,50,0,896.0
10109872GOMESP_2026-01-12_G11,10109872GOMESP,2026-01-12,118299,1,347,0,689.0
10109872GOMESP_2026-01-12_G12,10109872GOMESP,2026-01-12,117820,1,400,0,1000.0
10109872GOMESP_2026-01-12_G13,10109872GOMESP,2026-01-12,117820,1,140,0,389.0
10109872GOMESP_2026-01-12_G14,10109872GOMESP,2026-01-12,117830,1,2,0,268.0
10109872GOMESP_2026-01-12_G15,10109872GOMESP,2026-01-12,117832,1,60,0,333.0
10109872GOMESP_2026-01-12_G16,10109872GOMESP,2026-01-12,107830,1,8,0,100.0
10109872GOMESP_2026-01-12_G17,10109872GOMESP,2026-01-12,117862,1,3,0,740.0
10109872GOMESP_2026-01-12_G18,10109872GOMESP,2026-01-12,110733,2,12,10,171.0
10109872GOMESP_2026-01-12_G19,10109872GOMESP,2026-01-12,118094,1,10,0,133.0
10109872GOMESP_2026-01-12_G20,10109872GOMESP,2026-01-12,117856,1,56,0,51.0
10109872GOMESP_2026-01-12_G21,10109872GOMESP,2026-01-12,111467,1,8,0,442.0
10109872GOMESP_2026-01-12_G22,10109872GOMESP,2026-01-12,140923,1,20,0,175.0
10109872GOMESP_2026-01-12_G23,10109872GOMESP,2026-01-12,110313,1,29,0,443.0
10109872GOMESP_2026-01-12_G24,10109872GOMESP,2026-01-12,117861,1,6,0,78.0
10109872GOMESP_2026-01-12_G25,10109872GOMESP,2026-01-12,111530,1,9,0,105.0
10109872GOMESP_2026-01-12_G26,10109872GOMESP,2026-01-12,111530,1,18,0,134.0
10109872GOMESP_2026-01-12_G27,10109872GOMESP,2026-01-12,117855,1,16,0,159.0
10109872GOMESP_2026-01-12_G28,10109872GOMESP,2026-01-12,117786,2,15,9,102.0
10109872GOMESP_2026-01-12_G29,10109872GOMESP,2026-01-12,110339,1,12,0,254.0
10109872GOMESP_2026-01-12_G30,10109872GOMESP,2026-01-12,117853,1,3,0,85.0
10109872GOMESP_2026-01-12_G31,10109872GOMESP,2026-01-12,117854,1,2,0,90.0
10109872GOMESP_2026-01-12_G32,10109872GOMESP,2026-01-12,111569,1,50,0,2387.0
10109872GOMESP_2026-01-12_G33,10109872GOMESP,2026-01-12,111438,1,12,0,187.0
10109872GOMESP_2026-01-12_G34,10109872GOMESP,2026-01-12,110895,1,24,0,375.0
10109872GOMESP_2026-01-12_G35,10109872GOMESP,2026-01-12,110755,1,4,0,185.0
10109872GOMESP_2026-01-12_G36,10109872GOMESP,2026-01-12,110787,1,10,0,401.0
10109872GOMESP_2026-01-12_G37,10109872GOMESP,2026-01-12,111743,1,2,0,179.0
10109872GOMESP_2026-01-12_G38,10109872GOMESP,2026-01-12,111532,1,35,0,466.0
10109872GOMESP_2026-01-12_G39,10109872GOMESP,2026-01-12,118140,1,23,0,82.0
10109872GOMESP_2026-01-12_G40,10109872GOMESP,2026-01-12,117831,1,7,0,192.0
10109872GOMESP_2026-01-12_G41,10109872GOMESP,2026-01-12,111462,1,42,0,508.0
10109872GOMESP_2026-01-12_G42,10109872GOMESP,2026-01-12,111418,1,19,0,91.0
10109872GOMESP_2026-01-12_G43,10109872GOMESP,2026-01-12,140922,1,33,0,515.0
10109872GOMESP_2026-01-12_G44,10109872GOMESP,2026-01-12,117821,1,12,0,100.0
10109872GOMESP_2026-01-12_G45,10109872GOMESP,2026-01-12,109645,1,21,0,174.0
10109872GOMESP_2026-01-12_G46,10109872GOMESP,2026-01-12,111466,1,11,0,108.0
10109872GOMESP_2026-01-12_G47,10109872GOMESP,2026-01-12,109641,1,16,0,488.0
10109872GOMESP_2026-01-12_G48,10109872GOMESP,2026-01-12,117785,1,5,0,175.0
10109872GOMESP_2026-01-12_G49,10109872GOMESP,2026-01-12,111463,1,30,0,121.0
10109872GOMESP_2026-01-12_G50,10109872GOMESP,2026-01-12,"141458, 110745",2,12,9,234.0
10109872GOMESP_2026-01-12_G51,10109872GOMESP,2026-01-12,111431,1,4,0,42.0
10109872GOMESP_2026-01-12_G52,10109872GOMESP,2026-01-12,111465,1,2,0,50.0
10109872GOMESP_2026-01-12_G54,10109872GOMESP,2026-01-12,141456,2,32,5,457.0
10109872GOMESP_2026-01-12_G55,10109872GOMESP,2026-01-12,142045,1,10,0,843.0
10109872GOMESP_2026-01-12_G56,10109872GOMESP,2026-01-12,110895,1,6,0,122.0
10109872GOMESP_2026-01-12_G57,10109872GOMESP,2026-01-12,110747,1,4,0,123.0
10109872GOMESP_2026-01-12_G58,10109872GOMESP,2026-01-12,110755,1,2,0,104.0
10109872GOMESP_2026-01-12_G59,10109872GOMESP,2026-01-12,110733,1,6,0,121.0
10109872GOMESP_2026-01-12_G60,10109872GOMESP,2026-01-12,118094,1,6,0,159.0
10109872GOMESP_2026-01-12_G61,10109872GOMESP,2026-01-12,117855,1,8,0,153.0
10109872GOMESP_2026-01-12_G62,10109872GOMESP,2026-01-12,110339,1,16,0,138.0
10109872GOMESP_2026-01-12_G63,10109872GOMESP,2026-01-12,109647,1,4,0,2310.0
10109872GOMESP_2026-01-12_G64,10109872GOMESP,2026-01-12,110752,1,2,0,56.0
10109872GOMESP_2026-01-12_G65,10109872GOMESP,2026-01-12,111532,1,161,0,529.0
10109872GOMESP_2026-01-12_G66,10109872GOMESP,2026-01-12,118140,2,52,5,508.0
10109872GOMESP_2026-01-12_G67,10109872GOMESP,2026-01-12,140922,1,11,0,158.0
10109872GOMESP_2026-01-12_G68,10109872GOMESP,2026-01-12,110743,1,2,0,96.0
10109872GOMESP_2026-01-12_G69,10109872GOMESP,2026-01-12,111468,1,2,0,101.0
10109872GOMESP_2026-01-12_G70,10109872GOMESP,2026-01-12,111465,2,4,6,95.0
10109872GOMESP_2026-01-13_G02,10109872GOMESP,2026-01-13,111469,1,12,0,336.0
10109872GOMESP_2026-01-13_G03,10109872GOMESP,2026-01-13,111444,1,8,0,72.0
10109872GOMESP_2026-01-13_G04,10109872GOMESP,2026-01-13,110740,1,30,0,266.0
10109872GOMESP_2026-01-13_G05,10109872GOMESP,2026-01-13,111532,2,64,17,214.0
10109872GOMESP_2026-01-13_G06,10109872GOMESP,2026-01-13,140922,1,60,0,312.0
10109872GOMESP_2026-01-13_G07,10109872GOMESP,2026-01-13,111466,1,50,0,300.0
10109872GOMESP_2026-01-13_G08,10109872GOMESP,2026-01-13,111468,1,50,0,507.0
10109872GOMESP_2026-01-13_G09,10109872GOMESP,2026-01-13,111418,1,217,0,1224.0
10109872GOMESP_2026-01-13_G10,10109872GOMESP,2026-01-13,118299,1,228,0,665.0
10109872GOMESP_2026-01-13_G11,10109872GOMESP,2026-01-13,141262,1,521,0,1446.0
10109872GOMESP_2026-01-13_G12,10109872GOMESP,2026-01-13,110733,1,4,0,610.0
10109872GOMESP_2026-01-13_G13,10109872GOMESP,2026-01-13,118094,1,4,0,79.0
10109872GOMESP_2026-01-13_G14,10109872GOMESP,2026-01-13,111418,2,29,12,66.0
10109872GOMESP_2026-01-13_G15,10109872GOMESP,2026-01-13,117821,1,2,0,132.0
10109872GOMESP_2026-01-13_G16,10109872GOMESP,2026-01-13,111466,2,4,14,92.0
10109872GOMESP_2026-01-13_G17,10109872GOMESP,2026-01-13,111468,1,4,0,289.0
10109872GOMESP_2026-01-13_G18,10109872GOMESP,2026-01-13,111463,1,6,0,139.0
10109872GOMESP_2026-01-13_G19,10109872GOMESP,2026-01-13,141458,1,4,0,62.0
10109872GOMESP_2026-01-13_G20,10109872GOMESP,2026-01-13,110372,1,17,0,274.0
10109872GOMESP_2026-01-13_G21,10109872GOMESP,2026-01-13,110371,1,12,0,291.0
10109872GOMESP_2026-01-13_G22,10109872GOMESP,2026-01-13,117862,1,2,0,405.0
10109872GOMESP_2026-01-13_G23,10109872GOMESP,2026-01-13,110733,1,1,0,139.0
10109872GOMESP_2026-01-13_G24,10109872GOMESP,2026-01-13,118094,1,4,0,77.0
10109872GOMESP_2026-01-13_G25,10109872GOMESP,2026-01-13,117856,1,2,0,55.0
10109872GOMESP_2026-01-13_G26,10109872GOMESP,2026-01-13,110313,1,4,0,107.0
10109872GOMESP_2026-01-13_G27,10109872GOMESP,2026-01-13,108794,1,4,0,94.0
10109872GOMESP_2026-01-13_G28,10109872GOMESP,2026-01-13,111532,1,4,0,42.0
10109872GOMESP_2026-01-13_G29,10109872GOMESP,2026-01-13,117831,1,2,0,76.0
10109872GOMESP_2026-01-13_G30,10109872GOMESP,2026-01-13,111468,1,4,0,101.0
10109872GOMESP_2026-01-13_G31,10109872GOMESP,2026-01-13,111463,1,4,0,107.0
10109872GOMESP_2026-01-13_G32,10109872GOMESP,2026-01-13,141458,1,4,0,53.0
10109872GOMESP_2026-01-13_G33,10109872GOMESP,2026-01-13,110372,1,10,0,137.0
10109872GOMESP_2026-01-13_G34,10109872GOMESP,2026-01-13,118299,1,12,0,70.0
10109872GOMESP_2026-01-13_G35,10109872GOMESP,2026-01-13,110371,1,2,0,79.0
10109872GOMESP_2026-01-13_G36,10109872GOMESP,2026-01-13,117855,1,2,0,1107.0
10109872GOMESP_2026-01-13_G37,10109872GOMESP,2026-01-13,111530,1,4,0,88.0
10109872GOMESP_2026-01-13_G38,10109872GOMESP,2026-01-13,111532,1,4,0,198.0
10109872GOMESP_2026-01-13_G39,10109872GOMESP,2026-01-13,111418,1,10,0,211.0
10109872GOMESP_2026-01-13_G40,10109872GOMESP,2026-01-13,140922,1,4,0,63.0
10109872GOMESP_2026-01-13_G41,10109872GOMESP,2026-01-13,141458,1,4,0,116.0
10109872GOMESP_2026-01-13_G42,10109872GOMESP,2026-01-13,118299,1,4,0,144.0
10109872GOMESP_2026-01-13_G43,10109872GOMESP,2026-01-13,110371,1,5,0,149.0
10109872GOMESP_2026-01-13_G44,10109872GOMESP,2026-01-13,111469,1,8,0,67.0
10109872GOMESP_2026-01-13_G45,10109872GOMESP,2026-01-13,117862,1,6,0,329.0
10109872GOMESP_2026-01-13_G46,10109872GOMESP,2026-01-13,110733,1,4,0,100.0
10109872GOMESP_2026-01-13_G47,10109872GOMESP,2026-01-13,118094,1,4,0,81.0
10109872GOMESP_2026-01-13_G48,10109872GOMESP,2026-01-13,108794,1,3,0,101.0
10109872GOMESP_2026-01-13_G49,10109872GOMESP,2026-01-13,118140,1,4,0,100.0
10109872GOMESP_2026-01-13_G50,10109872GOMESP,2026-01-13,117831,1,2,0,38.0
10109872GOMESP_2026-01-13_G51,10109872GOMESP,2026-01-13,111418,1,14,0,105.0
10109872GOMESP_2026-01-13_G52,10109872GOMESP,2026-01-13,111466,2,10,5,101.0
10109872GOMESP_2026-01-13_G53,10109872GOMESP,2026-01-13,111468,1,4,0,49.0
10109872GOMESP_2026-01-13_G54,10109872GOMESP,2026-01-13,141458,1,4,0,617.0
10109872GOMESP_2026-01-13_G55,10109872GOMESP,2026-01-13,111469,1,4,0,280.0
10109872GOMESP_2026-01-13_G56,10109872GOMESP,2026-01-13,117862,1,8,0,185.0
10109872GOMESP_2026-01-13_G57,10109872GOMESP,2026-01-13,117862,1,8,0,126.0
10109872GOMESP_2026-01-13_G58,10109872GOMESP,2026-01-13,110373,1,59,0,377.0
10109872GOMESP_2026-01-13_G59,10109872GOMESP,2026-01-13,111348,1,24,0,2502.0
10109872GOMESP_2026-01-13_G60,10109872GOMESP,2026-01-13,142045,1,3,0,77.0
10109872GOMESP_2026-01-13_G61,10109872GOMESP,2026-01-13,111569,1,4,0,297.0
10109872GOMESP_2026-01-13_G62,10109872GOMESP,2026-01-13,117856,1,4,0,215.0
10109872GOMESP_2026-01-13_G63,10109872GOMESP,2026-01-13,117808,1,32,0,436.0
10109872GOMESP_2026-01-13_G64,10109872GOMESP,2026-01-13,110373,1,3,0,160.0
10109872GOMESP_2026-01-13_G65,10109872GOMESP,2026-01-13,110371,1,6,0,103.0
10109872GOMESP_2026-01-13_G66,10109872GOMESP,2026-01-13,117830,1,3,0,234.0
10109872GOMESP_2026-01-13_G67,10109872GOMESP,2026-01-13,111569,1,8,0,678.0
10109872GOMESP_2026-01-13_G68,10109872GOMESP,2026-01-13,117834,1,12,0,173.0
10109872GOMESP_2026-01-13_G69,10109872GOMESP,2026-01-13,110747,2,26,8,230.0
10109872GOMESP_2026-01-13_G70,10109872GOMESP,2026-01-13,141318,1,2,0,364.0
10109872GOMESP_2026-01-13_G71,10109872GOMESP,2026-01-13,110755,1,12,0,158.0
10109872GOMESP_2026-01-13_G72,10109872GOMESP,2026-01-13,117862,1,17,0,256.0
10109872GOMESP_2026-01-13_G73,10109872GOMESP,2026-01-13,117855,2,24,21,142.0
10109872GOMESP_2026-01-13_G74,10109872GOMESP,2026-01-13,118094,1,4,0,265.0
10109872GOMESP_2026-01-13_G76,10109872GOMESP,2026-01-13,111532,1,4,0,150.0
10109872GOMESP_2026-01-13_G77,10109872GOMESP,2026-01-13,117831,1,8,0,1359.0
10109872GOMESP_2026-01-13_G78,10109872GOMESP,2026-01-13,111418,1,80,0,372.0
10109872GOMESP_2026-01-13_G79,10109872GOMESP,2026-01-13,111463,1,60,0,109.0
10109872GOMESP_2026-01-13_G80,10109872GOMESP,2026-01-13,107236,1,4,0,657.0
10109872GOMESP_2026-01-13_G81,10109872GOMESP,2026-01-13,117855,1,6,0,1186.0
10109872GOMESP_2026-01-13_G82,10109872GOMESP,2026-01-13,111530,1,4,0,163.0
10109872GOMESP_2026-01-13_G83,10109872GOMESP,2026-01-13,118299,1,6,0,112.0
10109872GOMESP_2026-01-13_G84,10109872GOMESP,2026-01-13,111569,1,2,0,45.0
10109872GOMESP_2026-01-13_G85,10109872GOMESP,2026-01-13,100334,1,2,0,86.0
10109872GOMESP_2026-01-13_G86,10109872GOMESP,2026-01-13,110129,1,2,0,223.0
10109872GOMESP_2026-01-13_G87,10109872GOMESP,2026-01-13,118140,1,6,0,179.0
10109872GOMESP_2026-01-13_G88,10109872GOMESP,2026-01-13,111462,1,4,0,51.0
10109872GOMESP_2026-01-13_G89,10109872GOMESP,2026-01-13,111418,1,12,0,75.0
10109872GOMESP_2026-01-13_G90,10109872GOMESP,2026-01-13,140922,1,2,0,45.0
10109872GOMESP_2026-01-13_G91,10109872GOMESP,2026-01-13,117821,1,2,0,37.0
10109872GOMESP_2026-01-13_G92,10109872GOMESP,2026-01-13,111466,1,10,0,242.0
10109872GOMESP_2026-01-13_G93,10109872GOMESP,2026-01-13,141458,1,2,0,116.0
10109872GOMESP_2026-01-13_G94,10109872GOMESP,2026-01-13,111469,1,4,0,39.0
10109872GOMESP_2026-01-13_G95,10109872GOMESP,2026-01-13,"117787, 110740",2,6,15,76.0
10109872GOMESP_2026-01-13_G96,10109872GOMESP,2026-01-13,"110733, 111446",2,4,28,135.0
10109872GOMESP_2026-01-13_G97,10109872GOMESP,2026-01-13,141202,1,2,0,96.0
10109872GOMESP_2026-01-13_G98,10109872GOMESP,2026-01-13,109643,1,2,0,82.0
10109872GOMESP_2026-01-13_G99,10109872GOMESP,2026-01-13,107830,1,4,0,115.0
10109872GOMESP_2026-01-14_G02,10109872GOMESP,2026-01-14,110371,2,18,7,79.0
10109872GOMESP_2026-01-14_G03,10109872GOMESP,2026-01-14,109643,1,2,0,690.0
10109872GOMESP_2026-01-14_G04,10109872GOMESP,2026-01-14,109643,1,9,0,54.0
10109872GOMESP_2026-01-14_G05,10109872GOMESP,2026-01-14,118140,1,43,0,377.0
10109872GOMESP_2026-01-14_G06,10109872GOMESP,2026-01-14,111172,1,4,0,334.0
10109872GOMESP_2026-01-14_G07,10109872GOMESP,2026-01-14,117833,2,29,6,121.0
10109872GOMESP_2026-01-14_G08,10109872GOMESP,2026-01-14,118299,1,15,0,191.0
10109872GOMESP_2026-01-14_G09,10109872GOMESP,2026-01-14,118299,1,143,0,485.0
10109872GOMESP_2026-01-14_G10,10109872GOMESP,2026-01-14,110741,1,50,0,1058.0
10109872GOMESP_2026-01-14_G11,10109872GOMESP,2026-01-14,140923,1,100,0,547.0
10109872GOMESP_2026-01-14_G12,10109872GOMESP,2026-01-14,110313,1,66,0,639.0
10109872GOMESP_2026-01-14_G14,10109872GOMESP,2026-01-14,111418,1,19,0,2369.0
10109872GOMESP_2026-01-14_G15,10109872GOMESP,2026-01-14,116241,1,6,0,159.0
10109872GOMESP_2026-01-14_G16,10109872GOMESP,2026-01-14,109645,1,4,0,87.0
10109872GOMESP_2026-01-14_G17,10109872GOMESP,2026-01-14,109641,1,20,0,280.0
10109872GOMESP_2026-01-14_G18,10109872GOMESP,2026-01-14,111463,1,4,0,151.0
10109872GOMESP_2026-01-14_G19,10109872GOMESP,2026-01-14,111465,1,4,0,68.0
10109872GOMESP_2026-01-14_G20,10109872GOMESP,2026-01-14,110740,1,7,0,84.0
10109872GOMESP_2026-01-14_G21,10109872GOMESP,2026-01-14,141456,1,17,0,198.0
10109872GOMESP_2026-01-14_G22,10109872GOMESP,2026-01-14,111569,1,12,0,161.0
10109872GOMESP_2026-01-14_G23,10109872GOMESP,2026-01-14,111438,1,20,0,374.0
10109872GOMESP_2026-01-14_G24,10109872GOMESP,2026-01-14,110895,1,10,0,95.0
10109872GOMESP_2026-01-14_G25,10109872GOMESP,2026-01-14,110747,1,20,0,435.0
10109872GOMESP_2026-01-14_G26,10109872GOMESP,2026-01-14,110755,1,10,0,381.0
10109872GOMESP_2026-01-14_G27,10109872GOMESP,2026-01-14,117837,1,4,0,152.0
10109872GOMESP_2026-01-14_G28,10109872GOMESP,2026-01-14,140923,1,8,0,163.0
10109872GOMESP_2026-01-14_G29,10109872GOMESP,2026-01-14,141047,1,10,0,127.0
10109872GOMESP_2026-01-14_G30,10109872GOMESP,2026-01-14,117856,1,8,0,307.0
10109872GOMESP_2026-01-14_G31,10109872GOMESP,2026-01-14,117786,1,2,0,40.0
10109872GOMESP_2026-01-14_G32,10109872GOMESP,2026-01-14,117853,1,8,0,102.0
10109872GOMESP_2026-01-14_G33,10109872GOMESP,2026-01-14,"109647, 117855",2,34,27,46.0
10109872GOMESP_2026-01-14_G34,10109872GOMESP,2026-01-14,111439,1,4,0,311.0
10109872GOMESP_2026-01-14_G35,10109872GOMESP,2026-01-14,142045,1,4,0,572.0
10109872GOMESP_2026-01-14_G36,10109872GOMESP,2026-01-14,110733,1,4,0,68.0
10109872GOMESP_2026-01-14_G37,10109872GOMESP,2026-01-14,118140,1,30,0,110.0
10109872GOMESP_2026-01-14_G38,10109872GOMESP,2026-01-14,111469,1,12,0,223.0
10109872GOMESP_2026-01-14_G39,10109872GOMESP,2026-01-14,118299,1,13,0,162.0
10109872GOMESP_2026-01-14_G40,10109872GOMESP,2026-01-14,117808,1,30,0,386.0
10109872GOMESP_2026-01-14_G42,10109872GOMESP,2026-01-14,110339,1,10,0,85.0
10109872GOMESP_2026-01-14_G43,10109872GOMESP,2026-01-14,108361,1,2,0,51.0
10109872GOMESP_2026-01-14_G44,10109872GOMESP,2026-01-14,109647,1,4,0,69.0
10109872GOMESP_2026-01-14_G45,10109872GOMESP,2026-01-14,118140,1,4,0,106.0
10109872GOMESP_2026-01-14_G46,10109872GOMESP,2026-01-14,111418,1,2,0,33.0
10109872GOMESP_2026-01-14_G47,10109872GOMESP,2026-01-14,111466,1,4,0,95.0
10109872GOMESP_2026-01-14_G48,10109872GOMESP,2026-01-14,117785,1,4,0,122.0
10109872GOMESP_2026-01-14_G49,10109872GOMESP,2026-01-14,111463,1,2,0,50.0
10109872GOMESP_2026-01-14_G50,10109872GOMESP,2026-01-14,141458,1,4,0,50.0
10109872GOMESP_2026-01-14_G51,10109872GOMESP,2026-01-14,110372,1,20,0,164.0
10109872GOMESP_2026-01-14_G52,10109872GOMESP,2026-01-14,117809,1,3,0,46.0
10109872GOMESP_2026-01-14_G53,10109872GOMESP,2026-01-14,110373,1,2,0,188.0
10109872GOMESP_2026-01-14_G54,10109872GOMESP,2026-01-14,117862,1,2,0,302.0
10109872GOMESP_2026-01-14_G55,10109872GOMESP,2026-01-14,111463,1,6,0,146.0
10109872GOMESP_2026-01-14_G56,10109872GOMESP,2026-01-14,118299,1,7,0,295.0
10109872GOMESP_2026-01-14_G57,10109872GOMESP,2026-01-14,118299,1,12,0,77.0
10109872GOMESP_2026-01-14_G58,10109872GOMESP,2026-01-14,117808,1,18,0,269.0
10109872GOMESP_2026-01-14_G59,10109872GOMESP,2026-01-14,118140,1,8,0,147.0
10109872GOMESP_2026-01-14_G60,10109872GOMESP,2026-01-14,141458,1,4,0,292.0
10109872GOMESP_2026-01-14_G61,10109872GOMESP,2026-01-14,117862,1,49,0,508.0
10109872GOMESP_2026-01-14_G62,10109872GOMESP,2026-01-14,141047,1,4,0,168.0
10109872GOMESP_2026-01-14_G63,10109872GOMESP,2026-01-14,110372,1,35,0,971.0
10109872GOMESP_2026-01-14_G64,10109872GOMESP,2026-01-14,110372,1,23,0,144.0
10109872GOMESP_2026-01-14_G65,10109872GOMESP,2026-01-14,118299,1,32,0,178.0
10109872GOMESP_2026-01-14_G66,10109872GOMESP,2026-01-14,117832,1,4,0,56.0
10109872GOMESP_2026-01-14_G67,10109872GOMESP,2026-01-14,107830,1,4,0,99.0
10109872GOMESP_2026-01-14_G68,10109872GOMESP,2026-01-14,118418,1,3,0,490.0
10109872GOMESP_2026-01-14_G69,10109872GOMESP,2026-01-14,142045,1,4,0,97.0
10109872GOMESP_2026-01-14_G70,10109872GOMESP,2026-01-14,117862,1,6,0,101.0
10109872GOMESP_2026-01-14_G71,10109872GOMESP,2026-01-14,117855,1,5,0,110.0
10109872GOMESP_2026-01-14_G72,10109872GOMESP,2026-01-14,111466,1,10,0,155.0
10109872GOMESP_2026-01-14_G73,10109872GOMESP,2026-01-14,141271,1,1,0,94.0
10109872GOMESP_2026-01-14_G74,10109872GOMESP,2026-01-14,141823,1,7,0,117.0
10109872GOMESP_2026-01-14_G75,10109872GOMESP,2026-01-14,111442,1,8,0,64.0
10109872GOMESP_2026-01-14_G76,10109872GOMESP,2026-01-14,117785,1,8,0,79.0
10109872GOMESP_2026-01-14_G77,10109872GOMESP,2026-01-14,117833,1,2,0,33.0
10109872GOMESP_2026-01-14_G78,10109872GOMESP,2026-01-14,141458,1,26,0,125.0
10109872GOMESP_2026-01-14_G79,10109872GOMESP,2026-01-14,"141458, 111431",2,16,19,275.0
10109872GOMESP_2026-01-14_G80,10109872GOMESP,2026-01-14,111330,1,1,0,71.0
10109872GOMESP_2026-01-14_G81,10109872GOMESP,2026-01-14,"141456, 111330",2,29,8,119.0
10109872GOMESP_2026-01-15_G02,10109872GOMESP,2026-01-15,109648,1,20,0,197.0
10109872GOMESP_2026-01-15_G03,10109872GOMESP,2026-01-15,142045,1,52,0,1770.0
10109872GOMESP_2026-01-15_G04,10109872GOMESP,2026-01-15,110895,1,24,0,235.0
10109872GOMESP_2026-01-15_G05,10109872GOMESP,2026-01-15,107254,1,4,0,78.0
10109872GOMESP_2026-01-15_G06,10109872GOMESP,2026-01-15,100334,1,12,0,175.0
10109872GOMESP_2026-01-15_G07,10109872GOMESP,2026-01-15,110733,1,20,0,1761.0
10109872GOMESP_2026-01-15_G08,10109872GOMESP,2026-01-15,117856,1,30,0,478.0
10109872GOMESP_2026-01-15_G09,10109872GOMESP,2026-01-15,110339,1,93,0,365.0
10109872GOMESP_2026-01-15_G10,10109872GOMESP,2026-01-15,117855,1,100,0,413.0
10109872GOMESP_2026-01-15_G11,10109872GOMESP,2026-01-15,110372,1,12,0,378.0
10109872GOMESP_2026-01-15_G12,10109872GOMESP,2026-01-15,117809,1,40,0,277.0
10109872GOMESP_2026-01-15_G13,10109872GOMESP,2026-01-15,110373,1,75,0,330.0
10109872GOMESP_2026-01-15_G14,10109872GOMESP,2026-01-15,118299,1,294,0,617.0
10109872GOMESP_2026-01-15_G15,10109872GOMESP,2026-01-15,110371,1,100,0,283.0
10109872GOMESP_2026-01-15_G16,10109872GOMESP,2026-01-15,110375,1,16,0,282.0
10109872GOMESP_2026-01-15_G17,10109872GOMESP,2026-01-15,111439,1,94,0,1337.0
10109872GOMESP_2026-01-15_G18,10109872GOMESP,2026-01-15,110733,1,100,0,743.0
10109872GOMESP_2026-01-15_G19,10109872GOMESP,2026-01-15,111743,1,25,0,173.0
10109872GOMESP_2026-01-15_G20,10109872GOMESP,2026-01-15,118140,1,74,0,244.0
10109872GOMESP_2026-01-15_G21,10109872GOMESP,2026-01-15,140922,1,100,0,476.0
10109872GOMESP_2026-01-15_G22,10109872GOMESP,2026-01-15,118330,1,20,0,283.0
10109872GOMESP_2026-01-15_G23,10109872GOMESP,2026-01-15,117787,1,150,0,377.0
10109872GOMESP_2026-01-15_G24,10109872GOMESP,2026-01-15,110373,1,500,0,1044.0
10109872GOMESP_2026-01-15_G25,10109872GOMESP,2026-01-15,117862,1,10,0,660.0
10109872GOMESP_2026-01-15_G26,10109872GOMESP,2026-01-15,110374,1,20,0,179.0
10109872GOMESP_2026-01-15_G27,10109872GOMESP,2026-01-15,110339,1,8,0,187.0
10109872GOMESP_2026-01-15_G28,10109872GOMESP,2026-01-15,111442,1,8,0,210.0
10109872GOMESP_2026-01-15_G29,10109872GOMESP,2026-01-15,110374,1,14,0,146.0
10109872GOMESP_2026-01-15_G31,10109872GOMESP,2026-01-15,117837,1,210,0,1830.0
10109872GOMESP_2026-01-15_G32,10109872GOMESP,2026-01-15,117854,1,176,0,748.0
10109872GOMESP_2026-01-15_G33,10109872GOMESP,2026-01-15,118140,1,436,0,1031.0
10109872GOMESP_2026-01-15_G34,10109872GOMESP,2026-01-15,117831,1,41,0,737.0
10109872GOMESP_2026-01-16_G02,10109872GOMESP,2026-01-16,141369,1,2,0,289.0
10109872GOMESP_2026-01-16_G03,10109872GOMESP,2026-01-16,117289,1,2,0,413.0
10109872GOMESP_2026-01-16_G04,10109872GOMESP,2026-01-16,110746,1,2,0,293.0
10109872GOMESP_2026-01-16_G05,10109872GOMESP,2026-01-16,118269,1,1,0,148.0
10109872GOMESP_2026-01-16_G06,10109872GOMESP,2026-01-16,110895,1,40,0,294.0
10109872GOMESP_2026-01-16_G07,10109872GOMESP,2026-01-16,118290,1,12,0,398.0
10109872GOMESP_2026-01-16_G08,10109872GOMESP,2026-01-16,118416,1,15,0,311.0
10109872GOMESP_2026-01-16_G09,10109872GOMESP,2026-01-16,118094,1,50,0,1182.0
10109872GOMESP_2026-01-16_G10,10109872GOMESP,2026-01-16,110753,1,6,0,106.0
10109872GOMESP_2026-01-16_G11,10109872GOMESP,2026-01-16,117862,1,50,0,354.0
10109872GOMESP_2026-01-16_G12,10109872GOMESP,2026-01-16,118298,1,40,0,467.0
10109872GOMESP_2026-01-16_G13,10109872GOMESP,2026-01-16,107629,1,50,0,805.0
10109872GOMESP_2026-01-16_G14,10109872GOMESP,2026-01-16,117786,1,50,0,327.0
10109872GOMESP_2026-01-16_G15,10109872GOMESP,2026-01-16,110733,1,40,0,487.0
10109872GOMESP_2026-01-16_G16,10109872GOMESP,2026-01-16,110339,1,60,0,533.0
10109872GOMESP_2026-01-16_G17,10109872GOMESP,2026-01-16,117854,1,8,0,169.0
10109872GOMESP_2026-01-16_G18,10109872GOMESP,2026-01-16,111650,1,8,0,279.0
10109872GOMESP_2026-01-16_G19,10109872GOMESP,2026-01-16,105744,1,1,0,570.0
10109872GOMESP_2026-01-16_G20,10109872GOMESP,2026-01-16,116611,1,5,0,58.0
10109872GOMESP_2026-01-16_G21,10109872GOMESP,2026-01-16,118416,1,23,0,158.0
10109872GOMESP_2026-01-16_G22,10109872GOMESP,2026-01-16,118094,1,40,0,602.0
10109872GOMESP_2026-01-16_G23,10109872GOMESP,2026-01-16,117788,1,8,0,266.0
10109872GOMESP_2026-01-16_G24,10109872GOMESP,2026-01-16,117862,1,8,0,74.0
10109872GOMESP_2026-01-16_G25,10109872GOMESP,2026-01-16,118298,1,12,0,119.0
10109872GOMESP_2026-01-16_G26,10109872GOMESP,2026-01-16,117786,1,40,0,268.0
10109872GOMESP_2026-01-16_G27,10109872GOMESP,2026-01-16,110339,1,10,0,157.0
10109872GOMESP_2026-01-16_G28,10109872GOMESP,2026-01-16,105242,1,1,0,43.0
10109872GOMESP_2026-01-16_G29,10109872GOMESP,2026-01-16,117855,1,100,0,221.0
10109872GOMESP_2026-01-16_G30,10109872GOMESP,2026-01-16,111650,1,8,0,363.0
10109872GOMESP_2026-01-16_G31,10109872GOMESP,2026-01-16,117820,1,50,0,132.0
10109872GOMESP_2026-01-16_G32,10109872GOMESP,2026-01-16,117840,1,20,0,573.0
10109872GOMESP_2026-01-16_G33,10109872GOMESP,2026-01-16,117830,1,50,0,442.0
10109872GOMESP_2026-01-16_G34,10109872GOMESP,2026-01-16,107830,1,50,0,431.0
10109872GOMESP_2026-01-16_G35,10109872GOMESP,2026-01-16,117787,1,60,0,281.0
10109872GOMESP_2026-01-16_G36,10109872GOMESP,2026-01-16,118140,1,100,0,787.0
10109872GOMESP_2026-01-16_G37,10109872GOMESP,2026-01-16,110372,1,200,0,2240.0
10109872GOMESP_2026-01-16_G38,10109872GOMESP,2026-01-16,140922,1,280,0,871.0
10109872GOMESP_2026-01-16_G39,10109872GOMESP,2026-01-16,117831,1,400,0,1410.0
10109872GOMESP_2026-01-16_G40,10109872GOMESP,2026-01-16,110373,1,586,0,1276.0
10109872GOMESP_2026-01-16_G41,10109872GOMESP,2026-01-16,142045,1,15,0,1207.0
10109872GOMESP_2026-01-16_G43,10109872GOMESP,2026-01-16,110313,1,332,0,811.0
10109872GOMESP_2026-01-16_G44,10109872GOMESP,2026-01-16,110339,1,50,0,292.0
10109872GOMESP_2026-01-16_G45,10109872GOMESP,2026-01-16,117854,1,20,0,285.0
10109872GOMESP_2026-01-16_G46,10109872GOMESP,2026-01-16,107263,1,30,0,775.0
10109872GOMESP_2026-01-16_G47,10109872GOMESP,2026-01-16,111435,1,100,0,445.0
10109872GOMESP_2026-01-16_G48,10109872GOMESP,2026-01-16,107830,1,130,0,619.0
10109872GOMESP_2026-01-16_G49,10109872GOMESP,2026-01-16,117837,2,23,17,1543.0
10109872GOMESP_2026-01-16_G50,10109872GOMESP,2026-01-16,111467,1,12,0,200.0
10109872GOMESP_2026-01-16_G51,10109872GOMESP,2026-01-16,110750,1,4,0,107.0
10109872GOMESP_2026-01-16_G52,10109872GOMESP,2026-01-16,141047,1,8,0,73.0
10109872GOMESP_2026-01-16_G53,10109872GOMESP,2026-01-16,117856,1,4,0,240.0
10109872GOMESP_2026-01-16_G54,10109872GOMESP,2026-01-16,111353,1,4,0,101.0
10109872GOMESP_2026-01-16_G55,10109872GOMESP,2026-01-16,117853,1,30,0,234.0
10109872GOMESP_2026-01-16_G56,10109872GOMESP,2026-01-16,117855,1,20,0,387.0
10109872GOMESP_2026-01-16_G57,10109872GOMESP,2026-01-16,110752,1,6,0,679.0
10109872GOMESP_2026-01-16_G58,10109872GOMESP,2026-01-16,118299,1,253,0,673.0
10109872GOMESP_2026-01-16_G59,10109872GOMESP,2026-01-16,117820,1,4,0,116.0
10109872GOMESP_2026-01-16_G60,10109872GOMESP,2026-01-16,110373,1,4,0,73.0
10109872GOMESP_2026-01-16_G61,10109872GOMESP,2026-01-16,117808,1,364,0,876.0
10109872GOMESP_2026-01-17_G02,10109872GOMESP,2026-01-17,111467,1,14,0,248.0
10109872GOMESP_2026-01-17_G03,10109872GOMESP,2026-01-17,140923,1,6,0,100.0
10109872GOMESP_2026-01-17_G04,10109872GOMESP,2026-01-17,141047,1,5,0,83.0
10109872GOMESP_2026-01-17_G05,10109872GOMESP,2026-01-17,117786,1,10,0,106.0
10109872GOMESP_2026-01-17_G06,10109872GOMESP,2026-01-17,117853,1,4,0,87.0
10109872GOMESP_2026-01-17_G07,10109872GOMESP,2026-01-17,110339,1,12,0,215.0
10109872GOMESP_2026-01-17_G08,10109872GOMESP,2026-01-17,117855,1,9,0,421.0
10109872GOMESP_2026-01-17_G09,10109872GOMESP,2026-01-17,109640,1,20,0,191.0
10109872GOMESP_2026-01-17_G10,10109872GOMESP,2026-01-17,117854,1,8,0,86.0
10109872GOMESP_2026-01-17_G11,10109872GOMESP,2026-01-17,110752,1,6,0,105.0
10109872GOMESP_2026-01-17_G12,10109872GOMESP,2026-01-17,110748,1,5,0,348.0
10109872GOMESP_2026-01-17_G13,10109872GOMESP,2026-01-17,111743,1,4,0,47.0
10109872GOMESP_2026-01-17_G14,10109872GOMESP,2026-01-17,108795,1,3,0,163.0
10109872GOMESP_2026-01-17_G15,10109872GOMESP,2026-01-17,140922,1,9,0,114.0
10109872GOMESP_2026-01-17_G16,10109872GOMESP,2026-01-17,117831,1,24,0,307.0
10109872GOMESP_2026-01-17_G17,10109872GOMESP,2026-01-17,111462,1,16,0,96.0
10109872GOMESP_2026-01-17_G18,10109872GOMESP,2026-01-17,117821,1,9,0,55.0
10109872GOMESP_2026-01-17_G19,10109872GOMESP,2026-01-17,111532,1,12,0,117.0
10109872GOMESP_2026-01-17_G20,10109872GOMESP,2026-01-17,111418,1,30,0,266.0
10109872GOMESP_2026-01-17_G21,10109872GOMESP,2026-01-17,110740,1,4,0,168.0
10109872GOMESP_2026-01-17_G22,10109872GOMESP,2026-01-17,118140,1,40,0,344.0
10109872GOMESP_2026-01-17_G23,10109872GOMESP,2026-01-17,117785,1,3,0,72.0
10109872GOMESP_2026-01-17_G24,10109872GOMESP,2026-01-17,118299,1,12,0,182.0
10109872GOMESP_2026-01-17_G25,10109872GOMESP,2026-01-17,117808,1,350,0,655.0
10109872GOMESP_2026-01-17_G26,10109872GOMESP,2026-01-17,141202,1,10,0,114.0
10109872GOMESP_2026-01-17_G27,10109872GOMESP,2026-01-17,110373,1,170,0,462.0
10109872GOMESP_2026-01-17_G28,10109872GOMESP,2026-01-17,110372,1,11,0,743.0
10109872GOMESP_2026-01-17_G29,10109872GOMESP,2026-01-17,118223,1,4,0,117.0
10109872GOMESP_2026-01-17_G30,10109872GOMESP,2026-01-17,110373,1,20,0,138.0
10109872GOMESP_2026-01-17_G31,10109872GOMESP,2026-01-17,110747,1,16,0,1170.0
10109872GOMESP_2026-01-17_G32,10109872GOMESP,2026-01-17,117862,1,20,0,208.0
10109872GOMESP_2026-01-17_G33,10109872GOMESP,2026-01-17,111466,1,30,0,230.0
10109872GOMESP_2026-01-17_G34,10109872GOMESP,2026-01-17,111466,1,45,0,1250.0
10109872GOMESP_2026-01-17_G35,10109872GOMESP,2026-01-17,111532,1,70,0,360.0
10109872GOMESP_2026-01-17_G36,10109872GOMESP,2026-01-17,117808,1,500,0,1465.0
10109872GOMESP_2026-01-17_G37,10109872GOMESP,2026-01-17,117808,1,200,0,549.0
10109872GOMESP_2026-01-17_G38,10109872GOMESP,2026-01-17,117808,1,360,0,724.0
10109872GOMESP_2026-01-17_G39,10109872GOMESP,2026-01-17,109643,1,3,0,64.0
10109872GOMESP_2026-01-17_G40,10109872GOMESP,2026-01-17,118299,1,432,0,460.0
10109872GOMESP_2026-01-19_G02,10109872GOMESP,2026-01-19,111465,1,30,0,219.0
10109872GOMESP_2026-01-19_G03,10109872GOMESP,2026-01-19,107236,1,21,0,529.0
10109872GOMESP_2026-01-19_G05,10109872GOMESP,2026-01-19,110748,1,4,0,2137.0
10109872GOMESP_2026-01-19_G06,10109872GOMESP,2026-01-19,111743,1,8,0,242.0
10109872GOMESP_2026-01-19_G07,10109872GOMESP,2026-01-19,107263,1,2,0,204.0
10109872GOMESP_2026-01-19_G08,10109872GOMESP,2026-01-19,117842,1,4,0,184.0
10109872GOMESP_2026-01-19_G09,10109872GOMESP,2026-01-19,108795,1,6,0,94.0
10109872GOMESP_2026-01-19_G10,10109872GOMESP,2026-01-19,111348,1,8,0,72.0
10109872GOMESP_2026-01-19_G11,10109872GOMESP,2026-01-19,140922,1,18,0,136.0
10109872GOMESP_2026-01-19_G12,10109872GOMESP,2026-01-19,117831,1,5,0,46.0
10109872GOMESP_2026-01-19_G13,10109872GOMESP,2026-01-19,111462,1,8,0,74.0
10109872GOMESP_2026-01-19_G14,10109872GOMESP,2026-01-19,117821,1,8,0,115.0
10109872GOMESP_2026-01-19_G15,10109872GOMESP,2026-01-19,110743,1,4,0,47.0
10109872GOMESP_2026-01-19_G16,10109872GOMESP,2026-01-19,111182,1,2,0,74.0
10109872GOMESP_2026-01-19_G17,10109872GOMESP,2026-01-19,109645,1,3,0,39.0
10109872GOMESP_2026-01-19_G18,10109872GOMESP,2026-01-19,111468,2,4,6,49.0
10109872GOMESP_2026-01-19_G19,10109872GOMESP,2026-01-19,117838,1,4,0,653.0
10109872GOMESP_2026-01-19_G20,10109872GOMESP,2026-01-19,111532,1,14,0,133.0
10109872GOMESP_2026-01-19_G21,10109872GOMESP,2026-01-19,111442,1,4,0,113.0
10109872GOMESP_2026-01-19_G22,10109872GOMESP,2026-01-19,111443,2,4,6,89.0
10109872GOMESP_2026-01-19_G23,10109872GOMESP,2026-01-19,111418,1,10,0,105.0
10109872GOMESP_2026-01-19_G24,10109872GOMESP,2026-01-19,111418,1,17,0,439.0
10109872GOMESP_2026-01-19_G25,10109872GOMESP,2026-01-19,117833,1,4,0,56.0
10109872GOMESP_2026-01-19_G26,10109872GOMESP,2026-01-19,111469,2,15,6,71.0
10109872GOMESP_2026-01-19_G27,10109872GOMESP,2026-01-19,111444,1,4,0,96.0
10109872GOMESP_2026-01-19_G28,10109872GOMESP,2026-01-19,111431,1,4,0,78.0
10109872GOMESP_2026-01-19_G29,10109872GOMESP,2026-01-19,"111465, 110740",2,12,7,105.0
10109872GOMESP_2026-01-19_G30,10109872GOMESP,2026-01-19,118140,1,20,0,174.0
10109872GOMESP_2026-01-19_G31,10109872GOMESP,2026-01-19,111354,1,2,0,178.0
10109872GOMESP_2026-01-19_G32,10109872GOMESP,2026-01-19,111430,1,2,0,101.0
10109872GOMESP_2026-01-19_G33,10109872GOMESP,2026-01-19,111438,1,4,0,47.0
10109872GOMESP_2026-01-19_G34,10109872GOMESP,2026-01-19,142045,1,10,0,85.0
10109872GOMESP_2026-01-19_G35,10109872GOMESP,2026-01-19,110895,1,6,0,109.0
10109872GOMESP_2026-01-19_G36,10109872GOMESP,2026-01-19,117836,1,4,0,425.0
10109872GOMESP_2026-01-19_G37,10109872GOMESP,2026-01-19,111569,2,4,5,226.0
10109872GOMESP_2026-01-19_G38,10109872GOMESP,2026-01-19,116527,1,4,0,107.0
10109872GOMESP_2026-01-19_G39,10109872GOMESP,2026-01-19,110747,1,4,0,59.0
10109872GOMESP_2026-01-19_G40,10109872GOMESP,2026-01-19,110623,1,1,0,112.0
10109872GOMESP_2026-01-19_G41,10109872GOMESP,2026-01-19,110754,1,4,0,111.0
10109872GOMESP_2026-01-19_G42,10109872GOMESP,2026-01-19,110749,1,4,0,98.0
10109872GOMESP_2026-01-19_G43,10109872GOMESP,2026-01-19,142045,1,13,0,747.0
10109872GOMESP_2026-01-19_G44,10109872GOMESP,2026-01-19,117835,1,6,0,119.0
10109872GOMESP_2026-01-19_G45,10109872GOMESP,2026-01-19,117836,1,4,0,87.0
10109872GOMESP_2026-01-19_G46,10109872GOMESP,2026-01-19,111569,1,6,0,100.0
10109872GOMESP_2026-01-19_G47,10109872GOMESP,2026-01-19,116527,1,4,0,116.0
10109872GOMESP_2026-01-19_G48,10109872GOMESP,2026-01-19,110747,1,8,0,136.0
10109872GOMESP_2026-01-19_G49,10109872GOMESP,2026-01-19,118290,1,1,0,52.0
10109872GOMESP_2026-01-19_G50,10109872GOMESP,2026-01-19,110754,1,4,0,88.0
10109872GOMESP_2026-01-19_G51,10109872GOMESP,2026-01-19,110749,1,2,0,96.0
10109872GOMESP_2026-01-19_G52,10109872GOMESP,2026-01-19,111876,2,3,22,310.0
10109872GOMESP_2026-01-19_G53,10109872GOMESP,2026-01-19,118094,1,22,0,277.0
10109872GOMESP_2026-01-19_G54,10109872GOMESP,2026-01-19,111467,2,10,7,81.0
10109872GOMESP_2026-01-19_G55,10109872GOMESP,2026-01-19,118298,1,1,0,201.0
10109872GOMESP_2026-01-19_G56,10109872GOMESP,2026-01-19,140923,1,3,0,44.0
10109872GOMESP_2026-01-19_G57,10109872GOMESP,2026-01-19,107629,1,4,0,81.0
10109872GOMESP_2026-01-19_G58,10109872GOMESP,2026-01-19,105470,1,4,0,58.0
10109872GOMESP_2026-01-19_G59,10109872GOMESP,2026-01-19,117856,1,4,0,61.0
10109872GOMESP_2026-01-19_G60,10109872GOMESP,2026-01-19,110733,1,2,0,38.0
10109872GOMESP_2026-01-19_G61,10109872GOMESP,2026-01-19,111602,1,2,0,53.0
10109872GOMESP_2026-01-19_G62,10109872GOMESP,2026-01-19,110339,1,2,0,284.0
10109872GOMESP_2026-01-19_G63,10109872GOMESP,2026-01-19,109647,1,6,0,122.0
10109872GOMESP_2026-01-19_G64,10109872GOMESP,2026-01-19,105242,1,4,0,82.0
10109872GOMESP_2026-01-19_G65,10109872GOMESP,2026-01-19,117855,1,2,0,47.0
10109872GOMESP_2026-01-19_G66,10109872GOMESP,2026-01-19,117808,1,72,0,110.0
10109872GOMESP_2026-01-19_G67,10109872GOMESP,2026-01-19,110372,1,27,0,165.0
10109872GOMESP_2026-01-19_G68,10109872GOMESP,2026-01-19,117820,1,47,0,814.0
10109872GOMESP_2026-01-19_G70,10109872GOMESP,2026-01-19,141916,1,1,0,108.0
10109872GOMESP_2026-01-19_G71,10109872GOMESP,2026-01-19,111467,1,8,0,101.0
10109872GOMESP_2026-01-19_G72,10109872GOMESP,2026-01-19,111602,1,4,0,59.0
10109872GOMESP_2026-01-19_G73,10109872GOMESP,2026-01-19,111532,1,7,0,150.0
10109872GOMESP_2026-01-19_G74,10109872GOMESP,2026-01-19,111602,1,3,0,130.0
10109872GOMESP_2026-01-19_G75,10109872GOMESP,2026-01-19,111441,1,8,0,634.0
10109872GOMESP_2026-01-19_G76,10109872GOMESP,2026-01-19,117856,1,1,0,227.0
10109872GOMESP_2026-01-19_G77,10109872GOMESP,2026-01-19,111466,1,1,0,74.0
10109872GOMESP_2026-01-19_G78,10109872GOMESP,2026-01-19,117808,1,8,0,196.0
10109872GOMESP_2026-01-19_G79,10109872GOMESP,2026-01-19,111441,1,24,0,152.0
10109872GOMESP_2026-01-19_G80,10109872GOMESP,2026-01-19,111441,1,11,0,321.0
10109872GOMESP_2026-01-19_G81,10109872GOMESP,2026-01-19,111602,1,2,0,110.0
10109872GOMESP_2026-01-19_G82,10109872GOMESP,2026-01-19,111466,1,18,0,148.0
10109872GOMESP_2026-01-19_G83,10109872GOMESP,2026-01-19,160057,1,6,0,447.0
10109872GOMESP_2026-01-19_G84,10109872GOMESP,2026-01-19,160051,1,6,0,95.0
10109872GOMESP_2026-01-19_G85,10109872GOMESP,2026-01-19,111438,2,40,12,1143.0
10109872GOMESP_2026-01-19_G86,10109872GOMESP,2026-01-19,160057,1,2,0,92.0
10109872GOMESP_2026-01-19_G87,10109872GOMESP,2026-01-19,117855,1,40,0,112.0
10109872GOMESP_2026-01-19_G88,10109872GOMESP,2026-01-19,117808,2,69,6,307.0
10109872GOMESP_2026-01-19_G89,10109872GOMESP,2026-01-19,117808,1,120,0,269.0
10109872GOMESP_2026-01-19_G90,10109872GOMESP,2026-01-19,117808,3,110,26,306.0
10109872GOMESP_2026-01-19_G91,10109872GOMESP,2026-01-19,160054,1,2,0,286.0
10109872GOMESP_2026-01-19_G92,10109872GOMESP,2026-01-19,110373,1,120,0,464.0
10109872GOMESP_2026-01-19_G93,10109872GOMESP,2026-01-19,118094,2,17,7,151.0
10109872GOMESP_2026-01-19_G94,10109872GOMESP,2026-01-19,117855,1,20,0,221.0
10109872GOMESP_2026-01-20_G02,10109872GOMESP,2026-01-20,140922,1,8,0,132.0
10109872GOMESP_2026-01-20_G03,10109872GOMESP,2026-01-20,111876,1,4,0,165.0
10109872GOMESP_2026-01-20_G04,10109872GOMESP,2026-01-20,"117853, 111602",2,8,20,535.0
10109872GOMESP_2026-01-20_G05,10109872GOMESP,2026-01-20,141457,1,6,0,132.0
10109872GOMESP_2026-01-20_G06,10109872GOMESP,2026-01-20,118299,1,6,0,119.0
10109872GOMESP_2026-01-20_G07,10109872GOMESP,2026-01-20,111602,1,1,0,161.0
10109872GOMESP_2026-01-20_G08,10109872GOMESP,2026-01-20,141457,1,12,0,111.0
10109872GOMESP_2026-01-20_G09,10109872GOMESP,2026-01-20,111602,1,4,0,157.0
10109872GOMESP_2026-01-20_G10,10109872GOMESP,2026-01-20,111602,1,2,0,294.0
10109872GOMESP_2026-01-20_G11,10109872GOMESP,2026-01-20,141457,1,6,0,88.0
10109872GOMESP_2026-01-20_G12,10109872GOMESP,2026-01-20,111602,1,4,0,98.0
10109872GOMESP_2026-01-20_G13,10109872GOMESP,2026-01-20,141457,1,8,0,80.0
10109872GOMESP_2026-01-20_G14,10109872GOMESP,2026-01-20,111876,1,4,0,219.0
10109872GOMESP_2026-01-20_G15,10109872GOMESP,2026-01-20,111602,1,1,0,115.0
10109872GOMESP_2026-01-20_G16,10109872GOMESP,2026-01-20,141457,1,4,0,86.0
10109872GOMESP_2026-01-20_G17,10109872GOMESP,2026-01-20,141457,1,14,0,134.0
10109872GOMESP_2026-01-20_G18,10109872GOMESP,2026-01-20,141457,1,8,0,98.0
10109872GOMESP_2026-01-20_G19,10109872GOMESP,2026-01-20,141457,1,6,0,168.0
10109872GOMESP_2026-01-20_G20,10109872GOMESP,2026-01-20,111602,1,6,0,94.0
10109872GOMESP_2026-01-20_G21,10109872GOMESP,2026-01-20,110372,1,7,0,102.0
10109872GOMESP_2026-01-20_G22,10109872GOMESP,2026-01-20,140911,2,14,7,203.0
10109872GOMESP_2026-01-20_G23,10109872GOMESP,2026-01-20,117855,1,2,0,359.0
10109872GOMESP_2026-01-20_G24,10109872GOMESP,2026-01-20,141066,1,2,0,235.0
10109872GOMESP_2026-01-20_G25,10109872GOMESP,2026-01-20,"117853, 111602",2,8,18,180.0
10109872GOMESP_2026-01-20_G26,10109872GOMESP,2026-01-20,117856,1,2,0,89.0
10109872GOMESP_2026-01-20_G27,10109872GOMESP,2026-01-20,111466,1,9,0,246.0
10109872GOMESP_2026-01-20_G28,10109872GOMESP,2026-01-20,110371,1,2,0,70.0
10109872GOMESP_2026-01-20_G29,10109872GOMESP,2026-01-20,111602,1,2,0,68.0
10109872GOMESP_2026-01-20_G30,10109872GOMESP,2026-01-20,117856,1,2,0,87.0
10109872GOMESP_2026-01-20_G31,10109872GOMESP,2026-01-20,110371,1,2,0,158.0
10109872GOMESP_2026-01-20_G32,10109872GOMESP,2026-01-20,108798,1,4,0,107.0
10109872GOMESP_2026-01-20_G33,10109872GOMESP,2026-01-20,111602,1,8,0,151.0
10109872GOMESP_2026-01-20_G34,10109872GOMESP,2026-01-20,111466,1,6,0,72.0
10109872GOMESP_2026-01-20_G35,10109872GOMESP,2026-01-20,141457,1,6,0,92.0
10109872GOMESP_2026-01-20_G36,10109872GOMESP,2026-01-20,117834,1,8,0,1335.0
10109872GOMESP_2026-01-20_G37,10109872GOMESP,2026-01-20,110373,1,16,0,152.0
10109872GOMESP_2026-01-20_G38,10109872GOMESP,2026-01-20,110733,1,4,0,76.0
10109872GOMESP_2026-01-20_G39,10109872GOMESP,2026-01-20,140922,1,4,0,86.0
10109872GOMESP_2026-01-20_G40,10109872GOMESP,2026-01-20,118140,1,4,0,144.0
10109872GOMESP_2026-01-20_G42,10109872GOMESP,2026-01-20,140923,1,89,0,556.0
10109872GOMESP_2026-01-20_G43,10109872GOMESP,2026-01-20,118299,1,60,0,404.0
10109872GOMESP_2026-01-20_G44,10109872GOMESP,2026-01-20,110372,1,150,0,616.0
10109872GOMESP_2026-01-20_G45,10109872GOMESP,2026-01-20,117830,1,50,0,659.0
10109872GOMESP_2026-01-20_G46,10109872GOMESP,2026-01-20,117856,1,2,0,971.0
10109872GOMESP_2026-01-20_G47,10109872GOMESP,2026-01-20,111466,1,2,0,92.0
10109872GOMESP_2026-01-20_G48,10109872GOMESP,2026-01-20,111469,1,8,0,120.0
10109872GOMESP_2026-01-20_G49,10109872GOMESP,2026-01-20,118140,1,4,0,94.0
10109872GOMESP_2026-01-20_G50,10109872GOMESP,2026-01-20,117785,1,4,0,83.0
10109872GOMESP_2026-01-20_G51,10109872GOMESP,2026-01-20,118299,1,8,0,147.0
10109872GOMESP_2026-01-20_G52,10109872GOMESP,2026-01-20,110372,1,4,0,57.0
10109872GOMESP_2026-01-20_G53,10109872GOMESP,2026-01-20,117808,1,30,0,173.0
10109872GOMESP_2026-01-20_G54,10109872GOMESP,2026-01-20,110733,1,8,0,501.0
10109872GOMESP_2026-01-20_G55,10109872GOMESP,2026-01-20,105705,1,10,0,160.0
10109872GOMESP_2026-01-20_G56,10109872GOMESP,2026-01-20,110740,1,2,0,71.0
10109872GOMESP_2026-01-20_G57,10109872GOMESP,2026-01-20,117808,1,100,0,145.0
10109872GOMESP_2026-01-20_G58,10109872GOMESP,2026-01-20,117808,1,318,0,780.0
10109872GOMESP_2026-01-21_G02,10109872GOMESP,2026-01-21,117837,1,2,0,91.0
10109872GOMESP_2026-01-21_G03,10109872GOMESP,2026-01-21,111602,2,12,17,131.0
10109872GOMESP_2026-01-21_G04,10109872GOMESP,2026-01-21,141047,1,2,0,125.0
10109872GOMESP_2026-01-21_G05,10109872GOMESP,2026-01-21,110733,1,3,0,70.0
10109872GOMESP_2026-01-21_G06,10109872GOMESP,2026-01-21,117861,1,2,0,79.0
10109872GOMESP_2026-01-21_G07,10109872GOMESP,2026-01-21,117862,1,6,0,172.0
10109872GOMESP_2026-01-21_G08,10109872GOMESP,2026-01-21,110752,1,2,0,83.0
10109872GOMESP_2026-01-21_G09,10109872GOMESP,2026-01-21,111442,1,2,0,112.0
10109872GOMESP_2026-01-21_G10,10109872GOMESP,2026-01-21,111469,1,2,0,82.0
10109872GOMESP_2026-01-21_G11,10109872GOMESP,2026-01-21,111465,1,2,0,62.0
10109872GOMESP_2026-01-21_G12,10109872GOMESP,2026-01-21,141458,2,4,8,69.0
10109872GOMESP_2026-01-21_G13,10109872GOMESP,2026-01-21,117820,1,8,0,182.0
10109872GOMESP_2026-01-21_G14,10109872GOMESP,2026-01-21,117830,1,2,0,188.0
10109872GOMESP_2026-01-21_G15,10109872GOMESP,2026-01-21,111602,1,12,0,192.0
10109872GOMESP_2026-01-21_G16,10109872GOMESP,2026-01-21,140923,1,4,0,113.0
10109872GOMESP_2026-01-21_G17,10109872GOMESP,2026-01-21,140923,1,4,0,76.0
10109872GOMESP_2026-01-21_G18,10109872GOMESP,2026-01-21,109640,1,18,0,1079.0
10109872GOMESP_2026-01-21_G19,10109872GOMESP,2026-01-21,111466,1,3,0,145.0
10109872GOMESP_2026-01-21_G20,10109872GOMESP,2026-01-21,111466,1,3,0,174.0
10109872GOMESP_2026-01-21_G21,10109872GOMESP,2026-01-21,111418,1,13,0,177.0
10109872GOMESP_2026-01-21_G22,10109872GOMESP,2026-01-21,118223,1,4,0,75.0
10109872GOMESP_2026-01-21_G23,10109872GOMESP,2026-01-21,141457,1,14,0,106.0
10109872GOMESP_2026-01-21_G24,10109872GOMESP,2026-01-21,117855,1,3,0,60.0
10109872GOMESP_2026-01-21_G25,10109872GOMESP,2026-01-21,118299,1,8,0,133.0
10109872GOMESP_2026-01-21_G26,10109872GOMESP,2026-01-21,117820,1,4,0,88.0
10109872GOMESP_2026-01-21_G27,10109872GOMESP,2026-01-21,110895,1,5,0,369.0
10109872GOMESP_2026-01-21_G28,10109872GOMESP,2026-01-21,110582,1,1,0,137.0
10109872GOMESP_2026-01-21_G29,10109872GOMESP,2026-01-21,111602,1,16,0,255.0
10109872GOMESP_2026-01-21_G30,10109872GOMESP,2026-01-21,110733,1,3,0,103.0
10109872GOMESP_2026-01-21_G31,10109872GOMESP,2026-01-21,117861,1,3,0,69.0
10109872GOMESP_2026-01-21_G32,10109872GOMESP,2026-01-21,117862,1,5,0,143.0
10109872GOMESP_2026-01-21_G33,10109872GOMESP,2026-01-21,111462,1,4,0,77.0
10109872GOMESP_2026-01-21_G34,10109872GOMESP,2026-01-21,"111469, 111465",2,3,24,127.0
10109872GOMESP_2026-01-21_G35,10109872GOMESP,2026-01-21,117787,1,2,0,71.0
10109872GOMESP_2026-01-21_G36,10109872GOMESP,2026-01-21,141458,1,4,0,89.0
10109872GOMESP_2026-01-21_G37,10109872GOMESP,2026-01-21,117830,1,2,0,195.0
10109872GOMESP_2026-01-21_G38,10109872GOMESP,2026-01-21,111438,1,6,0,1221.0
10109872GOMESP_2026-01-21_G39,10109872GOMESP,2026-01-21,111467,1,8,0,79.0
10109872GOMESP_2026-01-21_G40,10109872GOMESP,2026-01-21,117856,1,6,0,86.0
10109872GOMESP_2026-01-21_G41,10109872GOMESP,2026-01-21,117855,1,4,0,85.0
10109872GOMESP_2026-01-21_G42,10109872GOMESP,2026-01-21,108795,1,1,0,76.0
10109872GOMESP_2026-01-21_G43,10109872GOMESP,2026-01-21,111466,1,2,0,90.0
10109872GOMESP_2026-01-21_G44,10109872GOMESP,2026-01-21,111443,1,1,0,57.0
10109872GOMESP_2026-01-21_G45,10109872GOMESP,2026-01-21,141457,1,4,0,90.0
10109872GOMESP_2026-01-21_G46,10109872GOMESP,2026-01-21,111442,1,3,0,579.0
10109872GOMESP_2026-01-21_G47,10109872GOMESP,2026-01-21,108759,1,2,0,952.0
10109872GOMESP_2026-01-21_G48,10109872GOMESP,2026-01-21,108759,1,2,0,370.0
10109872GOMESP_2026-01-21_G49,10109872GOMESP,2026-01-21,117861,1,2,0,236.0
10109872GOMESP_2026-01-21_G50,10109872GOMESP,2026-01-21,141457,1,29,0,1722.0
10109872GOMESP_2026-01-21_G51,10109872GOMESP,2026-01-21,140911,1,4,0,61.0
10109872GOMESP_2026-01-21_G52,10109872GOMESP,2026-01-21,109640,1,2,0,80.0
10109872GOMESP_2026-01-21_G53,10109872GOMESP,2026-01-21,141457,1,12,0,133.0
10109872GOMESP_2026-01-21_G54,10109872GOMESP,2026-01-21,111441,1,2,0,1007.0
10109872GOMESP_2026-01-21_G55,10109872GOMESP,2026-01-21,111467,1,2,0,66.0
10109872GOMESP_2026-01-21_G56,10109872GOMESP,2026-01-21,111602,1,1,0,83.0
10109872GOMESP_2026-01-21_G57,10109872GOMESP,2026-01-21,111743,1,2,0,122.0
10109872GOMESP_2026-01-21_G58,10109872GOMESP,2026-01-21,105705,1,1,0,171.0
10109872GOMESP_2026-01-21_G59,10109872GOMESP,2026-01-21,117842,1,2,0,42.0
10109872GOMESP_2026-01-21_G60,10109872GOMESP,2026-01-21,117831,1,4,0,79.0
10109872GOMESP_2026-01-21_G61,10109872GOMESP,2026-01-21,111466,1,2,0,82.0
10109872GOMESP_2026-01-21_G62,10109872GOMESP,2026-01-21,118140,1,2,0,103.0
10109872GOMESP_2026-01-21_G63,10109872GOMESP,2026-01-21,118299,1,11,0,275.0
10109872GOMESP_2026-01-21_G64,10109872GOMESP,2026-01-21,117822,1,2,0,89.0
10109872GOMESP_2026-01-21_G65,10109872GOMESP,2026-01-21,117820,1,8,0,68.0
10109872GOMESP_2026-01-21_G66,10109872GOMESP,2026-01-21,141202,1,2,0,70.0
10109872GOMESP_2026-01-21_G67,10109872GOMESP,2026-01-21,109643,1,2,0,58.0
10109872GOMESP_2026-01-21_G68,10109872GOMESP,2026-01-21,117808,1,11,0,172.0
10109872GOMESP_2026-01-21_G69,10109872GOMESP,2026-01-21,110373,1,8,0,119.0
10109872GOMESP_2026-01-21_G70,10109872GOMESP,2026-01-21,117830,1,2,0,92.0
10109872GOMESP_2026-01-21_G71,10109872GOMESP,2026-01-21,110313,1,4,0,159.0
10109872GOMESP_2026-01-21_G72,10109872GOMESP,2026-01-21,142045,1,2,0,232.0
10109872GOMESP_2026-01-21_G73,10109872GOMESP,2026-01-21,111569,1,4,0,101.0
10109872GOMESP_2026-01-21_G74,10109872GOMESP,2026-01-21,117855,1,2,0,96.0
10109872GOMESP_2026-01-21_G75,10109872GOMESP,2026-01-21,109640,1,2,0,88.0
10109872GOMESP_2026-01-21_G76,10109872GOMESP,2026-01-21,117862,1,1,0,82.0
10109872GOMESP_2026-01-21_G77,10109872GOMESP,2026-01-21,111743,1,2,0,334.0
10109872GOMESP_2026-01-21_G78,10109872GOMESP,2026-01-21,109645,1,2,0,159.0
10109872GOMESP_2026-01-21_G79,10109872GOMESP,2026-01-21,111444,1,2,0,89.0
10109872GOMESP_2026-01-21_G80,10109872GOMESP,2026-01-21,118140,1,2,0,59.0
10109872GOMESP_2026-01-21_G81,10109872GOMESP,2026-01-21,117809,1,2,0,168.0
10109872GOMESP_2026-01-21_G82,10109872GOMESP,2026-01-21,117820,1,2,0,92.0
10109872GOMESP_2026-01-21_G83,10109872GOMESP,2026-01-21,117808,1,12,0,218.0
10109872GOMESP_2026-01-21_G84,10109872GOMESP,2026-01-21,117830,1,4,0,150.0
10109872GOMESP_2026-01-21_G85,10109872GOMESP,2026-01-21,111602,1,1,0,445.0
10109872GOMESP_2026-01-21_G86,10109872GOMESP,2026-01-21,117831,1,4,0,212.0
10109872GOMESP_2026-01-21_G87,10109872GOMESP,2026-01-21,111444,1,2,0,96.0
10109872GOMESP_2026-01-21_G88,10109872GOMESP,2026-01-21,118140,1,2,0,58.0
10109872GOMESP_2026-01-21_G89,10109872GOMESP,2026-01-21,118299,1,12,0,152.0
10109872GOMESP_2026-01-21_G90,10109872GOMESP,2026-01-21,117809,1,2,0,61.0
10109872GOMESP_2026-01-21_G91,10109872GOMESP,2026-01-21,117830,1,2,0,110.0
10109872GOMESP_2026-01-21_G92,10109872GOMESP,2026-01-21,140922,1,4,0,128.0
10109872GOMESP_2026-01-21_G93,10109872GOMESP,2026-01-21,117831,1,8,0,72.0
10109872GOMESP_2026-01-21_G94,10109872GOMESP,2026-01-21,111466,1,12,0,157.0
10109872GOMESP_2026-01-21_G95,10109872GOMESP,2026-01-21,110373,1,6,0,128.0
10109872GOMESP_2026-01-21_G96,10109872GOMESP,2026-01-21,109640,1,4,0,403.0
10109872GOMESP_2026-01-21_G97,10109872GOMESP,2026-01-21,111743,1,1,0,189.0
10109872GOMESP_2026-01-21_G98,10109872GOMESP,2026-01-21,111418,1,2,0,106.0
10109872GOMESP_2026-01-21_G99,10109872GOMESP,2026-01-21,141457,2,7,6,46.0
10109872GOMESP_2026-01-21_G100,10109872GOMESP,2026-01-21,118140,1,2,0,60.0
10109872GOMESP_2026-01-21_G101,10109872GOMESP,2026-01-21,141458,1,2,0,65.0
10109872GOMESP_2026-01-21_G102,10109872GOMESP,2026-01-21,117820,1,5,0,135.0
10109872GOMESP_2026-01-21_G103,10109872GOMESP,2026-01-21,117830,1,4,0,99.0
10109872GOMESP_2026-01-21_G104,10109872GOMESP,2026-01-21,110895,1,2,0,71.0
10109872GOMESP_2026-01-21_G105,10109872GOMESP,2026-01-21,117856,1,4,0,91.0
10109872GOMESP_2026-01-21_G106,10109872GOMESP,2026-01-21,117855,1,2,0,102.0
10109872GOMESP_2026-01-21_G107,10109872GOMESP,2026-01-21,111743,1,2,0,87.0
10109872GOMESP_2026-01-21_G108,10109872GOMESP,2026-01-21,140922,1,4,0,65.0
10109872GOMESP_2026-01-21_G109,10109872GOMESP,2026-01-21,141457,1,7,0,127.0
10109872GOMESP_2026-01-21_G110,10109872GOMESP,2026-01-21,"141458, 141457",3,17,49,93.0
10109872GOMESP_2026-01-21_G112,10109872GOMESP,2026-01-21,110372,1,8,0,65.0
10109872GOMESP_2026-01-21_G113,10109872GOMESP,2026-01-21,117820,1,8,0,100.0
10109872GOMESP_2026-01-21_G114,10109872GOMESP,2026-01-21,110373,1,6,0,108.0
10109872GOMESP_2026-01-21_G115,10109872GOMESP,2026-01-21,111466,1,951,0,1845.0
10109872GOMESP_2026-01-22_G02,10109872GOMESP,2026-01-22,109647,1,10,0,548.0
10109872GOMESP_2026-01-22_G03,10109872GOMESP,2026-01-22,109640,1,60,0,238.0
10109872GOMESP_2026-01-22_G04,10109872GOMESP,2026-01-22,105705,1,17,0,360.0
10109872GOMESP_2026-01-22_G05,10109872GOMESP,2026-01-22,109645,1,8,0,377.0
10109872GOMESP_2026-01-22_G06,10109872GOMESP,2026-01-22,118223,1,10,0,198.0
10109872GOMESP_2026-01-22_G07,10109872GOMESP,2026-01-22,109641,1,40,0,480.0
10109872GOMESP_2026-01-22_G08,10109872GOMESP,2026-01-22,111441,1,3,0,885.0
10109872GOMESP_2026-01-22_G09,10109872GOMESP,2026-01-22,111438,1,8,0,107.0
10109872GOMESP_2026-01-22_G10,10109872GOMESP,2026-01-22,142045,1,8,0,204.0
10109872GOMESP_2026-01-22_G11,10109872GOMESP,2026-01-22,110895,1,2,0,51.0
10109872GOMESP_2026-01-22_G12,10109872GOMESP,2026-01-22,110747,1,8,0,127.0
10109872GOMESP_2026-01-22_G13,10109872GOMESP,2026-01-22,116527,1,1,0,180.0
10109872GOMESP_2026-01-22_G14,10109872GOMESP,2026-01-22,141916,1,2,0,226.0
10109872GOMESP_2026-01-22_G15,10109872GOMESP,2026-01-22,111569,1,4,0,114.0
10109872GOMESP_2026-01-22_G16,10109872GOMESP,2026-01-22,110313,1,4,0,125.0
10109872GOMESP_2026-01-22_G17,10109872GOMESP,2026-01-22,140923,1,4,0,90.0
10109872GOMESP_2026-01-22_G18,10109872GOMESP,2026-01-22,109647,1,2,0,106.0
10109872GOMESP_2026-01-22_G19,10109872GOMESP,2026-01-22,109640,1,6,0,357.0
10109872GOMESP_2026-01-22_G20,10109872GOMESP,2026-01-22,117861,2,4,5,54.0
10109872GOMESP_2026-01-22_G21,10109872GOMESP,2026-01-22,117855,1,10,0,249.0
10109872GOMESP_2026-01-22_G22,10109872GOMESP,2026-01-22,117862,1,2,0,92.0
10109872GOMESP_2026-01-22_G23,10109872GOMESP,2026-01-22,118299,1,12,0,135.0
10109872GOMESP_2026-01-22_G24,10109872GOMESP,2026-01-22,110372,1,14,0,96.0
10109872GOMESP_2026-01-22_G25,10109872GOMESP,2026-01-22,110371,1,8,0,684.0
10109872GOMESP_2026-01-22_G26,10109872GOMESP,2026-01-22,117840,1,2,0,62.0
10109872GOMESP_2026-01-22_G27,10109872GOMESP,2026-01-22,110373,1,20,0,227.0
10109872GOMESP_2026-01-22_G28,10109872GOMESP,2026-01-22,117830,1,4,0,71.0
10109872GOMESP_2026-01-22_G29,10109872GOMESP,2026-01-22,117808,1,60,0,531.0
10109872GOMESP_2026-01-22_G30,10109872GOMESP,2026-01-22,110372,1,11,0,658.0
10109872GOMESP_2026-01-22_G31,10109872GOMESP,2026-01-22,111436,2,9,6,685.0
10109872GOMESP_2026-01-22_G32,10109872GOMESP,2026-01-22,110895,1,100,0,484.0
10109872GOMESP_2026-01-22_G33,10109872GOMESP,2026-01-22,118094,1,45,0,122.0
10109872GOMESP_2026-01-22_G34,10109872GOMESP,2026-01-22,110313,1,200,0,975.0
10109872GOMESP_2026-01-22_G35,10109872GOMESP,2026-01-22,118094,1,5,0,294.0
10109872GOMESP_2026-01-22_G36,10109872GOMESP,2026-01-22,110756,1,46,0,164.0
10109872GOMESP_2026-01-22_G37,10109872GOMESP,2026-01-22,117855,1,50,0,267.0
10109872GOMESP_2026-01-22_G38,10109872GOMESP,2026-01-22,111442,1,20,0,216.0
10109872GOMESP_2026-01-22_G39,10109872GOMESP,2026-01-22,118140,1,15,0,260.0
10109872GOMESP_2026-01-22_G40,10109872GOMESP,2026-01-22,118290,1,1,0,619.0
10109872GOMESP_2026-01-22_G41,10109872GOMESP,2026-01-22,111438,1,4,0,111.0
10109872GOMESP_2026-01-22_G42,10109872GOMESP,2026-01-22,141352,1,14,0,135.0
10109872GOMESP_2026-01-22_G43,10109872GOMESP,2026-01-22,111602,2,20,7,155.0
10109872GOMESP_2026-01-22_G44,10109872GOMESP,2026-01-22,110339,1,2,0,130.0
10109872GOMESP_2026-01-22_G45,10109872GOMESP,2026-01-22,109640,1,4,0,183.0
10109872GOMESP_2026-01-22_G46,10109872GOMESP,2026-01-22,111532,1,40,0,838.0
10109872GOMESP_2026-01-22_G47,10109872GOMESP,2026-01-22,141457,1,8,0,224.0
10109872GOMESP_2026-01-22_G48,10109872GOMESP,2026-01-22,111469,1,20,0,151.0
10109872GOMESP_2026-01-22_G49,10109872GOMESP,2026-01-22,117808,1,29,0,619.0
10109872GOMESP_2026-01-22_G50,10109872GOMESP,2026-01-22,110374,1,8,0,156.0
10109872GOMESP_2026-01-22_G51,10109872GOMESP,2026-01-22,118299,1,9,0,137.0
10109872GOMESP_2026-01-22_G52,10109872GOMESP,2026-01-22,110372,1,8,0,46.0
10109872GOMESP_2026-01-22_G54,10109872GOMESP,2026-01-22,118094,1,3,0,134.0
10109872GOMESP_2026-01-22_G55,10109872GOMESP,2026-01-22,117837,1,2,0,48.0
10109872GOMESP_2026-01-22_G56,10109872GOMESP,2026-01-22,111467,1,7,0,69.0
10109872GOMESP_2026-01-22_G57,10109872GOMESP,2026-01-22,110313,1,21,0,513.0
10109872GOMESP_2026-01-22_G58,10109872GOMESP,2026-01-22,118298,1,1,0,49.0
10109872GOMESP_2026-01-22_G59,10109872GOMESP,2026-01-22,140923,1,4,0,71.0
10109872GOMESP_2026-01-22_G60,10109872GOMESP,2026-01-22,"117786, 110339",2,9,13,115.0
10109872GOMESP_2026-01-22_G61,10109872GOMESP,2026-01-22,117862,1,27,0,253.0
10109872GOMESP_2026-01-22_G62,10109872GOMESP,2026-01-22,117809,1,24,0,922.0
10109872GOMESP_2026-01-22_G63,10109872GOMESP,2026-01-22,117822,1,4,0,195.0
10109872GOMESP_2026-01-22_G64,10109872GOMESP,2026-01-22,117820,1,155,0,417.0
10109872GOMESP_2026-01-22_G65,10109872GOMESP,2026-01-22,141202,1,20,0,276.0
10109872GOMESP_2026-01-22_G66,10109872GOMESP,2026-01-22,117830,1,40,0,480.0
10109872GOMESP_2026-01-22_G67,10109872GOMESP,2026-01-22,111447,1,168,0,1287.0
10109872GOMESP_2026-01-22_G68,10109872GOMESP,2026-01-22,117821,1,109,0,608.0
10109872GOMESP_2026-01-23_G02,10109872GOMESP,2026-01-23,141035,1,3,0,840.0
10109872GOMESP_2026-01-23_G03,10109872GOMESP,2026-01-23,141066,1,4,0,180.0
10109872GOMESP_2026-01-23_G04,10109872GOMESP,2026-01-23,118094,1,4,0,97.0
10109872GOMESP_2026-01-23_G05,10109872GOMESP,2026-01-23,111467,1,4,0,61.0
10109872GOMESP_2026-01-23_G06,10109872GOMESP,2026-01-23,110313,1,4,0,97.0
10109872GOMESP_2026-01-23_G07,10109872GOMESP,2026-01-23,140923,1,7,0,84.0
10109872GOMESP_2026-01-23_G08,10109872GOMESP,2026-01-23,117856,1,4,0,102.0
10109872GOMESP_2026-01-23_G09,10109872GOMESP,2026-01-23,110339,1,4,0,80.0
10109872GOMESP_2026-01-23_G10,10109872GOMESP,2026-01-23,110733,1,4,0,329.0
10109872GOMESP_2026-01-23_G11,10109872GOMESP,2026-01-23,108772,1,8,0,139.0
10109872GOMESP_2026-01-23_G12,10109872GOMESP,2026-01-23,142045,1,2,0,2336.0
10109872GOMESP_2026-01-23_G13,10109872GOMESP,2026-01-23,110895,1,1,0,34.0
10109872GOMESP_2026-01-23_G14,10109872GOMESP,2026-01-23,100334,1,4,0,118.0
10109872GOMESP_2026-01-23_G15,10109872GOMESP,2026-01-23,118094,1,4,0,119.0
10109872GOMESP_2026-01-23_G16,10109872GOMESP,2026-01-23,111467,1,2,0,62.0
10109872GOMESP_2026-01-23_G17,10109872GOMESP,2026-01-23,107629,1,2,0,114.0
10109872GOMESP_2026-01-23_G18,10109872GOMESP,2026-01-23,117786,1,2,0,48.0
10109872GOMESP_2026-01-23_G19,10109872GOMESP,2026-01-23,109640,1,4,0,356.0
10109872GOMESP_2026-01-23_G20,10109872GOMESP,2026-01-23,140922,1,12,0,145.0
10109872GOMESP_2026-01-23_G21,10109872GOMESP,2026-01-23,111465,1,4,0,109.0
10109872GOMESP_2026-01-23_G22,10109872GOMESP,2026-01-23,111418,1,8,0,451.0
10109872GOMESP_2026-01-23_G23,10109872GOMESP,2026-01-23,111469,1,16,0,182.0
10109872GOMESP_2026-01-23_G24,10109872GOMESP,2026-01-23,118299,1,3,0,103.0
10109872GOMESP_2026-01-23_G25,10109872GOMESP,2026-01-23,110372,1,5,0,90.0
10109872GOMESP_2026-01-23_G26,10109872GOMESP,2026-01-23,117808,1,4,0,147.0
10109872GOMESP_2026-01-23_G27,10109872GOMESP,2026-01-23,110375,1,2,0,52.0
10109872GOMESP_2026-01-23_G28,10109872GOMESP,2026-01-23,110373,1,11,0,244.0
10109872GOMESP_2026-01-23_G29,10109872GOMESP,2026-01-23,117830,1,4,0,55.0
10109872GOMESP_2026-01-23_G30,10109872GOMESP,2026-01-23,111467,1,2,0,295.0
10109872GOMESP_2026-01-23_G31,10109872GOMESP,2026-01-23,118298,1,1,0,67.0
10109872GOMESP_2026-01-23_G32,10109872GOMESP,2026-01-23,140923,1,8,0,69.0
10109872GOMESP_2026-01-23_G33,10109872GOMESP,2026-01-23,108795,1,4,0,87.0
10109872GOMESP_2026-01-23_G34,10109872GOMESP,2026-01-23,108794,1,1,0,57.0
10109872GOMESP_2026-01-23_G35,10109872GOMESP,2026-01-23,117831,1,4,0,102.0
10109872GOMESP_2026-01-23_G36,10109872GOMESP,2026-01-23,111743,1,2,0,55.0
10109872GOMESP_2026-01-23_G37,10109872GOMESP,2026-01-23,110372,1,8,0,101.0
10109872GOMESP_2026-01-23_G38,10109872GOMESP,2026-01-23,117808,1,6,0,145.0
10109872GOMESP_2026-01-23_G39,10109872GOMESP,2026-01-23,110375,1,2,0,55.0
10109872GOMESP_2026-01-23_G40,10109872GOMESP,2026-01-23,110373,1,6,0,111.0
10109872GOMESP_2026-01-23_G41,10109872GOMESP,2026-01-23,140923,1,12,0,141.0
10109872GOMESP_2026-01-23_G42,10109872GOMESP,2026-01-23,108794,1,12,0,131.0
10109872GOMESP_2026-01-23_G43,10109872GOMESP,2026-01-23,110742,2,8,7,365.0
10109872GOMESP_2026-01-23_G44,10109872GOMESP,2026-01-23,118094,1,4,0,284.0
10109872GOMESP_2026-01-23_G45,10109872GOMESP,2026-01-23,140923,1,3,0,102.0
10109872GOMESP_2026-01-23_G46,10109872GOMESP,2026-01-23,108772,1,4,0,50.0
10109872GOMESP_2026-01-23_G47,10109872GOMESP,2026-01-23,108794,1,2,0,56.0
10109872GOMESP_2026-01-23_G48,10109872GOMESP,2026-01-23,141271,1,4,0,81.0
10109872GOMESP_2026-01-23_G49,10109872GOMESP,2026-01-23,110740,1,1,0,53.0
10109872GOMESP_2026-01-23_G50,10109872GOMESP,2026-01-23,117820,1,2,0,95.0
10109872GOMESP_2026-01-23_G51,10109872GOMESP,2026-01-23,"118299, 110373",2,32,21,113.0
10109872GOMESP_2026-01-23_G52,10109872GOMESP,2026-01-23,117832,4,14,17,391.0
10109872GOMESP_2026-01-23_G53,10109872GOMESP,2026-01-23,110339,1,2,0,181.0
10109872GOMESP_2026-01-23_G54,10109872GOMESP,2026-01-23,110339,1,200,0,1467.0
10109872GOMESP_2026-01-23_G55,10109872GOMESP,2026-01-23,117862,1,215,0,621.0
10109872GOMESP_2026-01-23_G56,10109872GOMESP,2026-01-23,111466,1,302,0,742.0
10109872GOMESP_2026-01-23_G57,10109872GOMESP,2026-01-23,111462,1,300,0,737.0
10109872GOMESP_2026-01-23_G58,10109872GOMESP,2026-01-23,111469,1,300,0,494.0
10109872GOMESP_2026-01-23_G59,10109872GOMESP,2026-01-23,117830,1,300,0,619.0
10109872GOMESP_2026-01-24_G02,10109872GOMESP,2026-01-24,117788,1,4,0,134.0
10109872GOMESP_2026-01-24_G03,10109872GOMESP,2026-01-24,109640,1,7,0,127.0
10109872GOMESP_2026-01-24_G04,10109872GOMESP,2026-01-24,109647,1,4,0,61.0
10109872GOMESP_2026-01-24_G05,10109872GOMESP,2026-01-24,117854,1,4,0,124.0
10109872GOMESP_2026-01-24_G06,10109872GOMESP,2026-01-24,109643,1,12,0,307.0
10109872GOMESP_2026-01-24_G07,10109872GOMESP,2026-01-24,118299,1,200,0,890.0
10109872GOMESP_2026-01-24_G08,10109872GOMESP,2026-01-24,117832,1,23,0,561.0
10109872GOMESP_2026-01-24_G09,10109872GOMESP,2026-01-24,110373,1,8,0,393.0
10109872GOMESP_2026-01-24_G10,10109872GOMESP,2026-01-24,117820,1,8,0,140.0
10109872GOMESP_2026-01-24_G11,10109872GOMESP,2026-01-24,141202,1,4,0,47.0
10109872GOMESP_2026-01-24_G12,10109872GOMESP,2026-01-24,109643,1,8,0,88.0
10109872GOMESP_2026-01-24_G13,10109872GOMESP,2026-01-24,117808,1,4,0,72.0
10109872GOMESP_2026-01-24_G14,10109872GOMESP,2026-01-24,118299,1,3,0,45.0
10109872GOMESP_2026-01-24_G15,10109872GOMESP,2026-01-24,117853,1,4,0,1146.0
10109872GOMESP_2026-01-24_G16,10109872GOMESP,2026-01-24,109643,1,8,0,773.0
10109872GOMESP_2026-01-24_G17,10109872GOMESP,2026-01-24,117808,1,27,0,89.0
10109872GOMESP_2026-01-24_G18,10109872GOMESP,2026-01-24,110373,1,200,0,560.0
10109872GOMESP_2026-01-24_G19,10109872GOMESP,2026-01-24,109645,1,1,0,719.0
10109872GOMESP_2026-01-24_G20,10109872GOMESP,2026-01-24,111353,1,6,0,373.0
10109872GOMESP_2026-01-24_G21,10109872GOMESP,2026-01-24,110339,1,22,0,111.0
10109872GOMESP_2026-01-24_G22,10109872GOMESP,2026-01-24,117855,1,30,0,504.0
10109872GOMESP_2026-01-24_G23,10109872GOMESP,2026-01-24,111468,1,23,0,133.0
10109872GOMESP_2026-01-24_G24,10109872GOMESP,2026-01-24,108798,1,7,0,95.0
10109872GOMESP_2026-01-24_G25,10109872GOMESP,2026-01-24,117833,1,23,0,118.0
10109872GOMESP_2026-01-24_G26,10109872GOMESP,2026-01-24,111469,1,10,0,61.0
10109872GOMESP_2026-01-24_G27,10109872GOMESP,2026-01-24,111444,1,3,0,31.0
10109872GOMESP_2026-01-24_G28,10109872GOMESP,2026-01-24,110740,1,10,0,130.0
10109872GOMESP_2026-01-24_G29,10109872GOMESP,2026-01-24,118140,1,94,0,291.0
10109872GOMESP_2026-01-24_G30,10109872GOMESP,2026-01-24,"141458, 111466",2,111,28,508.0
10109872GOMESP_2026-01-24_G31,10109872GOMESP,2026-01-24,140922,1,7,0,325.0
10109872GOMESP_2026-01-24_G32,10109872GOMESP,2026-01-24,111438,1,5,0,95.0
10109872GOMESP_2026-01-24_G33,10109872GOMESP,2026-01-24,141916,1,8,0,145.0
10109872GOMESP_2026-01-24_G34,10109872GOMESP,2026-01-24,110742,1,5,0,69.0
10109872GOMESP_2026-01-24_G35,10109872GOMESP,2026-01-24,111569,1,23,0,369.0
10109872GOMESP_2026-01-24_G36,10109872GOMESP,2026-01-24,110080,1,1,0,1137.0
10109872GOMESP_2026-01-24_G37,10109872GOMESP,2026-01-24,108759,1,1,0,281.0
10109872GOMESP_2026-01-24_G38,10109872GOMESP,2026-01-24,110500,1,2,0,98.0
10109872GOMESP_2026-01-24_G39,10109872GOMESP,2026-01-24,118094,1,60,0,602.0
10109872GOMESP_2026-01-24_G40,10109872GOMESP,2026-01-24,108772,1,4,0,148.0
10109872GOMESP_2026-01-24_G41,10109872GOMESP,2026-01-24,117862,1,125,0,169.0
10109872GOMESP_2026-01-24_G42,10109872GOMESP,2026-01-24,110374,1,500,0,704.0
10109872GOMESP_2026-01-24_G43,10109872GOMESP,2026-01-24,117820,1,100,0,413.0
10109872GOMESP_2026-01-24_G44,10109872GOMESP,2026-01-24,118271,1,10,0,244.0
10109872GOMESP_2026-01-26_G02,10109872GOMESP,2026-01-26,140923,1,4,0,209.0
10109872GOMESP_2026-01-26_G03,10109872GOMESP,2026-01-26,110339,1,4,0,131.0
10109872GOMESP_2026-01-26_G04,10109872GOMESP,2026-01-26,117831,1,4,0,221.0
10109872GOMESP_2026-01-26_G05,10109872GOMESP,2026-01-26,140922,1,4,0,59.0
10109872GOMESP_2026-01-26_G06,10109872GOMESP,2026-01-26,111466,1,6,0,106.0
10109872GOMESP_2026-01-26_G07,10109872GOMESP,2026-01-26,111462,1,4,0,89.0
10109872GOMESP_2026-01-26_G08,10109872GOMESP,2026-01-26,110740,1,2,0,79.0
10109872GOMESP_2026-01-26_G09,10109872GOMESP,2026-01-26,117808,1,12,0,149.0
10109872GOMESP_2026-01-26_G10,10109872GOMESP,2026-01-26,118299,1,7,0,94.0
10109872GOMESP_2026-01-26_G11,10109872GOMESP,2026-01-26,110373,1,4,0,310.0
10109872GOMESP_2026-01-26_G12,10109872GOMESP,2026-01-26,117830,1,8,0,114.0
10109872GOMESP_2026-01-26_G13,10109872GOMESP,2026-01-26,110374,1,1,0,260.0
10109872GOMESP_2026-01-26_G14,10109872GOMESP,2026-01-26,142045,1,2,0,182.0
10109872GOMESP_2026-01-26_G15,10109872GOMESP,2026-01-26,117830,1,2,0,90.0
10109872GOMESP_2026-01-26_G16,10109872GOMESP,2026-01-26,110374,2,6,22,126.0
10109872GOMESP_2026-01-26_G17,10109872GOMESP,2026-01-26,140923,1,4,0,138.0
10109872GOMESP_2026-01-26_G18,10109872GOMESP,2026-01-26,117855,1,10,0,186.0
10109872GOMESP_2026-01-26_G19,10109872GOMESP,2026-01-26,117855,1,16,0,138.0
10109872GOMESP_2026-01-26_G20,10109872GOMESP,2026-01-26,140922,1,4,0,567.0
10109872GOMESP_2026-01-26_G21,10109872GOMESP,2026-01-26,111418,1,16,0,161.0
10109872GOMESP_2026-01-26_G22,10109872GOMESP,2026-01-26,111469,1,4,0,138.0
10109872GOMESP_2026-01-26_G23,10109872GOMESP,2026-01-26,110740,1,4,0,92.0
10109872GOMESP_2026-01-26_G24,10109872GOMESP,2026-01-26,118140,1,7,0,243.0
10109872GOMESP_2026-01-26_G25,10109872GOMESP,2026-01-26,110374,1,9,0,99.0
10109872GOMESP_2026-01-26_G26,10109872GOMESP,2026-01-26,118299,1,3,0,87.0
10109872GOMESP_2026-01-26_G27,10109872GOMESP,2026-01-26,110373,1,5,0,68.0
10109872GOMESP_2026-01-26_G28,10109872GOMESP,2026-01-26,110895,1,2,0,1486.0
10109872GOMESP_2026-01-26_G29,10109872GOMESP,2026-01-26,118094,1,6,0,114.0
10109872GOMESP_2026-01-26_G30,10109872GOMESP,2026-01-26,140923,1,2,0,129.0
10109872GOMESP_2026-01-26_G31,10109872GOMESP,2026-01-26,140922,1,1,0,77.0
10109872GOMESP_2026-01-26_G32,10109872GOMESP,2026-01-26,111743,1,1,0,35.0
10109872GOMESP_2026-01-26_G33,10109872GOMESP,2026-01-26,111466,1,4,0,82.0
10109872GOMESP_2026-01-26_G34,10109872GOMESP,2026-01-26,117809,1,4,0,89.0
10109872GOMESP_2026-01-26_G35,10109872GOMESP,2026-01-26,108795,1,4,0,592.0
10109872GOMESP_2026-01-26_G36,10109872GOMESP,2026-01-26,108794,1,4,0,56.0
10109872GOMESP_2026-01-26_G37,10109872GOMESP,2026-01-26,111466,1,3,0,95.0
10109872GOMESP_2026-01-26_G38,10109872GOMESP,2026-01-26,141823,1,1,0,90.0
10109872GOMESP_2026-01-26_G39,10109872GOMESP,2026-01-26,111418,1,6,0,133.0
10109872GOMESP_2026-01-26_G40,10109872GOMESP,2026-01-26,117833,1,6,0,54.0
10109872GOMESP_2026-01-26_G41,10109872GOMESP,2026-01-26,117787,1,4,0,76.0
10109872GOMESP_2026-01-26_G42,10109872GOMESP,2026-01-26,110372,1,10,0,136.0
10109872GOMESP_2026-01-26_G43,10109872GOMESP,2026-01-26,117820,1,3,0,86.0
10109872GOMESP_2026-01-26_G44,10109872GOMESP,2026-01-26,110375,1,5,0,105.0
10109872GOMESP_2026-01-26_G45,10109872GOMESP,2026-01-26,118299,1,30,0,200.0
10109872GOMESP_2026-01-26_G46,10109872GOMESP,2026-01-26,110373,1,4,0,71.0
10109872GOMESP_2026-01-26_G47,10109872GOMESP,2026-01-26,100334,1,4,0,1424.0
10109872GOMESP_2026-01-26_G48,10109872GOMESP,2026-01-26,111467,1,4,0,212.0
10109872GOMESP_2026-01-26_G49,10109872GOMESP,2026-01-26,140923,1,2,0,81.0
10109872GOMESP_2026-01-26_G50,10109872GOMESP,2026-01-26,117856,1,4,0,93.0
10109872GOMESP_2026-01-26_G51,10109872GOMESP,2026-01-26,110339,1,2,0,84.0
10109872GOMESP_2026-01-26_G52,10109872GOMESP,2026-01-26,117821,1,2,0,69.0
10109872GOMESP_2026-01-26_G53,10109872GOMESP,2026-01-26,111743,1,2,0,37.0
10109872GOMESP_2026-01-26_G54,10109872GOMESP,2026-01-26,111418,1,9,0,142.0
10109872GOMESP_2026-01-26_G55,10109872GOMESP,2026-01-26,117785,1,2,0,72.0
10109872GOMESP_2026-01-26_G56,10109872GOMESP,2026-01-26,141202,1,4,0,257.0
10109872GOMESP_2026-01-26_G57,10109872GOMESP,2026-01-26,118299,1,2,0,66.0
10109872GOMESP_2026-01-26_G58,10109872GOMESP,2026-01-26,110373,1,10,0,84.0
10109872GOMESP_2026-01-26_G59,10109872GOMESP,2026-01-26,111430,1,8,0,1677.0
10109872GOMESP_2026-01-26_G60,10109872GOMESP,2026-01-26,111438,1,12,0,162.0
10109872GOMESP_2026-01-26_G61,10109872GOMESP,2026-01-26,110895,1,4,0,82.0
10109872GOMESP_2026-01-26_G62,10109872GOMESP,2026-01-26,100334,1,12,0,417.0
10109872GOMESP_2026-01-26_G63,10109872GOMESP,2026-01-26,111569,1,16,0,275.0
10109872GOMESP_2026-01-26_G64,10109872GOMESP,2026-01-26,111436,1,4,0,348.0
10109872GOMESP_2026-01-26_G65,10109872GOMESP,2026-01-26,111439,1,5,0,209.0
10109872GOMESP_2026-01-26_G66,10109872GOMESP,2026-01-26,140923,1,20,0,166.0
10109872GOMESP_2026-01-26_G67,10109872GOMESP,2026-01-26,110313,1,12,0,169.0
10109872GOMESP_2026-01-26_G68,10109872GOMESP,2026-01-26,110339,1,8,0,115.0
10109872GOMESP_2026-01-26_G69,10109872GOMESP,2026-01-26,111602,1,20,0,227.0
10109872GOMESP_2026-01-26_G70,10109872GOMESP,2026-01-26,105705,1,6,0,148.0
10109872GOMESP_2026-01-26_G71,10109872GOMESP,2026-01-26,117831,1,12,0,91.0
10109872GOMESP_2026-01-26_G72,10109872GOMESP,2026-01-26,140922,1,20,0,104.0
10109872GOMESP_2026-01-26_G73,10109872GOMESP,2026-01-26,111466,1,40,0,301.0
10109872GOMESP_2026-01-26_G74,10109872GOMESP,2026-01-26,111462,1,16,0,169.0
10109872GOMESP_2026-01-26_G75,10109872GOMESP,2026-01-26,111465,1,12,0,84.0
10109872GOMESP_2026-01-26_G76,10109872GOMESP,2026-01-26,111418,1,80,0,167.0
10109872GOMESP_2026-01-26_G77,10109872GOMESP,2026-01-26,141457,1,16,0,287.0
10109872GOMESP_2026-01-26_G78,10109872GOMESP,2026-01-26,111469,1,28,0,93.0
10109872GOMESP_2026-01-26_G79,10109872GOMESP,2026-01-26,110374,2,32,6,222.0
10109872GOMESP_2026-01-26_G80,10109872GOMESP,2026-01-26,110372,1,80,0,122.0
10109872GOMESP_2026-01-26_G82,10109872GOMESP,2026-01-26,109643,1,8,0,184.0
10109872GOMESP_2026-01-26_G83,10109872GOMESP,2026-01-26,160051,1,6,0,89.0
10109872GOMESP_2026-01-26_G84,10109872GOMESP,2026-01-26,118299,1,40,0,234.0
10109872GOMESP_2026-01-26_G85,10109872GOMESP,2026-01-26,110373,1,40,0,310.0
10109872GOMESP_2026-01-26_G86,10109872GOMESP,2026-01-26,117830,1,20,0,335.0
10109872GOMESP_2026-01-26_G87,10109872GOMESP,2026-01-26,"117832, 110371",2,15,7,141.0
10109872GOMESP_2026-01-27_G02,10109872GOMESP,2026-01-27,117808,1,20,0,450.0
10109872GOMESP_2026-01-27_G03,10109872GOMESP,2026-01-27,117809,1,2,0,35.0
10109872GOMESP_2026-01-27_G04,10109872GOMESP,2026-01-27,118299,1,20,0,352.0
10109872GOMESP_2026-01-27_G05,10109872GOMESP,2026-01-27,117830,1,2,0,82.0
10109872GOMESP_2026-01-27_G06,10109872GOMESP,2026-01-27,117832,1,2,0,85.0
10109872GOMESP_2026-01-27_G07,10109872GOMESP,2026-01-27,141066,1,1,0,357.0
10109872GOMESP_2026-01-27_G08,10109872GOMESP,2026-01-27,111530,1,2,0,86.0
10109872GOMESP_2026-01-27_G09,10109872GOMESP,2026-01-27,111879,1,2,0,88.0
10109872GOMESP_2026-01-27_G10,10109872GOMESP,2026-01-27,117831,1,1,0,81.0
10109872GOMESP_2026-01-27_G11,10109872GOMESP,2026-01-27,111466,1,4,0,100.0
10109872GOMESP_2026-01-27_G12,10109872GOMESP,2026-01-27,110787,1,5,0,82.0
10109872GOMESP_2026-01-27_G13,10109872GOMESP,2026-01-27,141166,1,2,0,236.0
10109872GOMESP_2026-01-27_G14,10109872GOMESP,2026-01-27,142045,1,2,0,563.0
10109872GOMESP_2026-01-27_G15,10109872GOMESP,2026-01-27,111467,1,2,0,73.0
10109872GOMESP_2026-01-27_G16,10109872GOMESP,2026-01-27,141166,1,6,0,101.0
10109872GOMESP_2026-01-27_G17,10109872GOMESP,2026-01-27,117831,1,2,0,262.0
10109872GOMESP_2026-01-27_G18,10109872GOMESP,2026-01-27,140922,1,6,0,129.0
10109872GOMESP_2026-01-27_G19,10109872GOMESP,2026-01-27,110787,1,4,0,93.0
10109872GOMESP_2026-01-27_G20,10109872GOMESP,2026-01-27,141271,1,4,0,204.0
10109872GOMESP_2026-01-27_G21,10109872GOMESP,2026-01-27,111462,1,1,0,52.0
10109872GOMESP_2026-01-27_G22,10109872GOMESP,2026-01-27,111418,1,9,0,164.0
10109872GOMESP_2026-01-27_G23,10109872GOMESP,2026-01-27,"141457, 111469",2,6,30,94.0
10109872GOMESP_2026-01-27_G24,10109872GOMESP,2026-01-27,110740,1,2,0,67.0
10109872GOMESP_2026-01-27_G25,10109872GOMESP,2026-01-27,110373,1,3,0,73.0
10109872GOMESP_2026-01-27_G26,10109872GOMESP,2026-01-27,117830,1,6,0,58.0
10109872GOMESP_2026-01-27_G27,10109872GOMESP,2026-01-27,111602,1,4,0,1849.0
10109872GOMESP_2026-01-27_G28,10109872GOMESP,2026-01-27,100334,1,4,0,95.0
10109872GOMESP_2026-01-27_G29,10109872GOMESP,2026-01-27,111530,1,6,0,98.0
10109872GOMESP_2026-01-27_G30,10109872GOMESP,2026-01-27,111602,1,10,0,272.0
10109872GOMESP_2026-01-27_G31,10109872GOMESP,2026-01-27,105705,1,6,0,143.0
10109872GOMESP_2026-01-27_G32,10109872GOMESP,2026-01-27,110372,1,4,0,80.0
10109872GOMESP_2026-01-27_G33,10109872GOMESP,2026-01-27,"141166, 111602",2,49,15,665.0
10109872GOMESP_2026-01-27_G34,10109872GOMESP,2026-01-27,111433,1,5,0,241.0
10109872GOMESP_2026-01-27_G35,10109872GOMESP,2026-01-27,110371,1,10,0,155.0
10109872GOMESP_2026-01-27_G36,10109872GOMESP,2026-01-27,141166,1,6,0,135.0
10109872GOMESP_2026-01-27_G37,10109872GOMESP,2026-01-27,110787,1,5,0,121.0
10109872GOMESP_2026-01-27_G38,10109872GOMESP,2026-01-27,109640,1,4,0,627.0
10109872GOMESP_2026-01-27_G39,10109872GOMESP,2026-01-27,105705,1,4,0,243.0
10109872GOMESP_2026-01-27_G40,10109872GOMESP,2026-01-27,111466,1,4,0,97.0
10109872GOMESP_2026-01-27_G41,10109872GOMESP,2026-01-27,117785,1,4,0,65.0
10109872GOMESP_2026-01-27_G42,10109872GOMESP,2026-01-27,118306,1,8,0,160.0
10109872GOMESP_2026-01-27_G43,10109872GOMESP,2026-01-27,117834,1,4,0,88.0
10109872GOMESP_2026-01-27_G44,10109872GOMESP,2026-01-27,117837,1,8,0,123.0
10109872GOMESP_2026-01-27_G45,10109872GOMESP,2026-01-27,109640,1,3,0,112.0
10109872GOMESP_2026-01-27_G46,10109872GOMESP,2026-01-27,109640,2,25,7,295.0
10109872GOMESP_2026-01-27_G47,10109872GOMESP,2026-01-27,117841,1,20,0,548.0
10109872GOMESP_2026-01-27_G48,10109872GOMESP,2026-01-27,111463,1,6,0,71.0
10109872GOMESP_2026-01-27_G49,10109872GOMESP,2026-01-27,111469,1,4,0,82.0
10109872GOMESP_2026-01-27_G50,10109872GOMESP,2026-01-27,117820,1,24,0,81.0
10109872GOMESP_2026-01-27_G51,10109872GOMESP,2026-01-27,118299,1,4,0,281.0
10109872GOMESP_2026-01-27_G52,10109872GOMESP,2026-01-27,108759,1,4,0,911.0
10109872GOMESP_2026-01-27_G53,10109872GOMESP,2026-01-27,110742,1,8,0,113.0
10109872GOMESP_2026-01-27_G54,10109872GOMESP,2026-01-27,111879,1,8,0,409.0
10109872GOMESP_2026-01-27_G55,10109872GOMESP,2026-01-27,111530,2,76,11,199.0
10109872GOMESP_2026-01-27_G56,10109872GOMESP,2026-01-27,108772,1,8,0,297.0
10109872GOMESP_2026-01-27_G57,10109872GOMESP,2026-01-27,111876,1,16,0,360.0
10109872GOMESP_2026-01-27_G58,10109872GOMESP,2026-01-27,111602,2,17,6,92.0
10109872GOMESP_2026-01-27_G59,10109872GOMESP,2026-01-27,141166,1,10,0,168.0
10109872GOMESP_2026-01-27_G60,10109872GOMESP,2026-01-27,141166,1,28,0,911.0
10109872GOMESP_2026-01-27_G61,10109872GOMESP,2026-01-27,109640,1,8,0,61.0
10109872GOMESP_2026-01-27_G62,10109872GOMESP,2026-01-27,111650,1,4,0,186.0
10109872GOMESP_2026-01-27_G64,10109872GOMESP,2026-01-27,"117830, 109643",2,108,15,372.0
10109872GOMESP_2026-01-27_G65,10109872GOMESP,2026-01-27,108759,2,4,6,290.0
10109872GOMESP_2026-01-27_G66,10109872GOMESP,2026-01-27,142045,1,50,0,375.0
10109872GOMESP_2026-01-27_G67,10109872GOMESP,2026-01-27,110742,1,10,0,299.0
10109872GOMESP_2026-01-27_G68,10109872GOMESP,2026-01-27,111436,2,2,25,39.0
10109872GOMESP_2026-01-27_G69,10109872GOMESP,2026-01-27,110313,1,13,0,254.0
10109872GOMESP_2026-01-27_G70,10109872GOMESP,2026-01-27,111876,1,9,0,248.0
10109872GOMESP_2026-01-27_G71,10109872GOMESP,2026-01-27,117856,1,35,0,241.0
10109872GOMESP_2026-01-27_G72,10109872GOMESP,2026-01-27,110339,1,10,0,210.0
10109872GOMESP_2026-01-27_G73,10109872GOMESP,2026-01-27,141166,1,19,0,174.0
10109872GOMESP_2026-01-27_G74,10109872GOMESP,2026-01-27,111650,1,4,0,154.0
10109872GOMESP_2026-01-27_G75,10109872GOMESP,2026-01-27,117856,1,15,0,174.0
10109872GOMESP_2026-01-28_G02,10109872GOMESP,2026-01-28,111602,2,16,13,181.0
10109872GOMESP_2026-01-28_G03,10109872GOMESP,2026-01-28,140911,1,4,0,177.0
10109872GOMESP_2026-01-28_G04,10109872GOMESP,2026-01-28,111602,1,4,0,116.0
10109872GOMESP_2026-01-28_G05,10109872GOMESP,2026-01-28,141166,1,4,0,221.0
10109872GOMESP_2026-01-28_G06,10109872GOMESP,2026-01-28,141166,1,2,0,86.0
10109872GOMESP_2026-01-28_G07,10109872GOMESP,2026-01-28,110787,1,4,0,95.0
10109872GOMESP_2026-01-28_G08,10109872GOMESP,2026-01-28,111463,1,4,0,93.0
10109872GOMESP_2026-01-28_G09,10109872GOMESP,2026-01-28,110374,2,12,6,138.0
10109872GOMESP_2026-01-28_G10,10109872GOMESP,2026-01-28,111602,1,5,0,1294.0
10109872GOMESP_2026-01-28_G11,10109872GOMESP,2026-01-28,141166,2,8,4,45.0
10109872GOMESP_2026-01-28_G12,10109872GOMESP,2026-01-28,105705,1,4,0,221.0
10109872GOMESP_2026-01-28_G13,10109872GOMESP,2026-01-28,110787,1,6,0,102.0
10109872GOMESP_2026-01-28_G14,10109872GOMESP,2026-01-28,111463,1,5,0,92.0
10109872GOMESP_2026-01-28_G15,10109872GOMESP,2026-01-28,141457,1,4,0,111.0
10109872GOMESP_2026-01-28_G16,10109872GOMESP,2026-01-28,110374,1,6,0,134.0
10109872GOMESP_2026-01-28_G17,10109872GOMESP,2026-01-28,141166,1,8,0,159.0
10109872GOMESP_2026-01-28_G18,10109872GOMESP,2026-01-28,105705,1,2,0,129.0
10109872GOMESP_2026-01-28_G19,10109872GOMESP,2026-01-28,110371,1,6,0,180.0
10109872GOMESP_2026-01-28_G20,10109872GOMESP,2026-01-28,111602,1,8,0,175.0
10109872GOMESP_2026-01-28_G21,10109872GOMESP,2026-01-28,111463,1,40,0,138.0
10109872GOMESP_2026-01-28_G22,10109872GOMESP,2026-01-28,141457,1,24,0,401.0
10109872GOMESP_2026-01-28_G23,10109872GOMESP,2026-01-28,117832,1,40,0,748.0
10109872GOMESP_2026-01-28_G24,10109872GOMESP,2026-01-28,111439,1,4,0,281.0
10109872GOMESP_2026-01-28_G25,10109872GOMESP,2026-01-28,141166,2,12,6,401.0
10109872GOMESP_2026-01-28_G26,10109872GOMESP,2026-01-28,110787,1,4,0,132.0
10109872GOMESP_2026-01-28_G27,10109872GOMESP,2026-01-28,141457,1,4,0,111.0
10109872GOMESP_2026-01-28_G28,10109872GOMESP,2026-01-28,110374,1,7,0,314.0
10109872GOMESP_2026-01-28_G29,10109872GOMESP,2026-01-28,110371,1,6,0,189.0
10109872GOMESP_2026-01-28_G30,10109872GOMESP,2026-01-28,141456,2,9,5,153.0
10109872GOMESP_2026-01-28_G31,10109872GOMESP,2026-01-28,141166,1,3,0,122.0
10109872GOMESP_2026-01-28_G32,10109872GOMESP,2026-01-28,111348,1,6,0,112.0
10109872GOMESP_2026-01-28_G33,10109872GOMESP,2026-01-28,110787,1,4,0,1761.0
10109872GOMESP_2026-01-28_G34,10109872GOMESP,2026-01-28,117862,1,2,0,116.0
10109872GOMESP_2026-01-28_G35,10109872GOMESP,2026-01-28,109641,1,2,0,270.0
10109872GOMESP_2026-01-28_G36,10109872GOMESP,2026-01-28,110787,1,2,0,72.0
10109872GOMESP_2026-01-28_G37,10109872GOMESP,2026-01-28,141457,1,2,0,88.0
10109872GOMESP_2026-01-28_G38,10109872GOMESP,2026-01-28,117820,1,4,0,138.0
10109872GOMESP_2026-01-28_G39,10109872GOMESP,2026-01-28,117808,1,16,0,135.0
10109872GOMESP_2026-01-28_G40,10109872GOMESP,2026-01-28,117831,1,4,0,132.0
10109872GOMESP_2026-01-28_G41,10109872GOMESP,2026-01-28,117833,1,1,0,94.0
10109872GOMESP_2026-01-28_G42,10109872GOMESP,2026-01-28,117808,1,8,0,80.0
10109872GOMESP_2026-01-28_G43,10109872GOMESP,2026-01-28,117832,1,2,0,133.0
10109872GOMESP_2026-01-28_G44,10109872GOMESP,2026-01-28,111743,1,4,0,115.0
10109872GOMESP_2026-01-28_G45,10109872GOMESP,2026-01-28,118140,1,1,0,62.0
10109872GOMESP_2026-01-28_G46,10109872GOMESP,2026-01-28,117836,1,2,0,118.0
10109872GOMESP_2026-01-28_G47,10109872GOMESP,2026-01-28,141456,1,8,0,294.0
10109872GOMESP_2026-01-28_G48,10109872GOMESP,2026-01-28,111602,1,17,0,177.0
10109872GOMESP_2026-01-28_G49,10109872GOMESP,2026-01-28,111463,1,4,0,105.0
10109872GOMESP_2026-01-28_G50,10109872GOMESP,2026-01-28,141457,1,11,0,323.0
10109872GOMESP_2026-01-28_G51,10109872GOMESP,2026-01-28,110371,1,11,0,113.0
10109872GOMESP_2026-01-28_G52,10109872GOMESP,2026-01-28,111602,1,23,0,286.0
10109872GOMESP_2026-01-28_G53,10109872GOMESP,2026-01-28,141166,1,4,0,36.0
10109872GOMESP_2026-01-28_G54,10109872GOMESP,2026-01-28,110787,1,5,0,138.0
10109872GOMESP_2026-01-28_G55,10109872GOMESP,2026-01-28,111532,1,24,0,146.0
10109872GOMESP_2026-01-28_G56,10109872GOMESP,2026-01-28,141457,1,17,0,247.0
10109872GOMESP_2026-01-28_G57,10109872GOMESP,2026-01-28,110371,1,4,0,97.0
10109872GOMESP_2026-01-28_G58,10109872GOMESP,2026-01-28,111602,1,12,0,134.0
10109872GOMESP_2026-01-28_G59,10109872GOMESP,2026-01-28,111463,1,3,0,88.0
10109872GOMESP_2026-01-28_G60,10109872GOMESP,2026-01-28,141457,1,8,0,102.0
10109872GOMESP_2026-01-28_G61,10109872GOMESP,2026-01-28,110371,1,10,0,123.0
10109872GOMESP_2026-01-28_G62,10109872GOMESP,2026-01-28,111463,1,4,0,125.0
10109872GOMESP_2026-01-28_G63,10109872GOMESP,2026-01-28,111602,1,5,0,110.0
10109872GOMESP_2026-01-28_G65,10109872GOMESP,2026-01-28,111466,2,35,13,139.0
10109872GOMESP_2026-01-28_G66,10109872GOMESP,2026-01-28,111462,1,10,0,270.0
10109872GOMESP_2026-01-28_G67,10109872GOMESP,2026-01-28,117831,1,10,0,97.0
10109872GOMESP_2026-01-28_G68,10109872GOMESP,2026-01-28,111463,1,20,0,134.0
10109872GOMESP_2026-01-28_G69,10109872GOMESP,2026-01-28,111418,1,20,0,113.0
10109872GOMESP_2026-01-28_G70,10109872GOMESP,2026-01-28,111468,1,5,0,147.0
10109872GOMESP_2026-01-28_G71,10109872GOMESP,2026-01-28,"141457, 111469",6,70,52,121.0
10109872GOMESP_2026-01-28_G72,10109872GOMESP,2026-01-28,118140,1,10,0,179.0
10109872GOMESP_2026-01-28_G73,10109872GOMESP,2026-01-28,117785,1,10,0,115.0
10109872GOMESP_2026-01-29_G02,10109872GOMESP,2026-01-29,111172,2,12,6,113.0
10109872GOMESP_2026-01-29_G03,10109872GOMESP,2026-01-29,109649,1,3,0,102.0
10109872GOMESP_2026-01-29_G04,10109872GOMESP,2026-01-29,141457,2,10,7,104.0
10109872GOMESP_2026-01-29_G05,10109872GOMESP,2026-01-29,108772,1,1,0,135.0
10109872GOMESP_2026-01-29_G06,10109872GOMESP,2026-01-29,111172,1,4,0,59.0
10109872GOMESP_2026-01-29_G07,10109872GOMESP,2026-01-29,111879,1,2,0,104.0
10109872GOMESP_2026-01-29_G08,10109872GOMESP,2026-01-29,111602,1,4,0,111.0
10109872GOMESP_2026-01-29_G09,10109872GOMESP,2026-01-29,111532,2,8,6,122.0
10109872GOMESP_2026-01-29_G10,10109872GOMESP,2026-01-29,111463,2,10,6,122.0
10109872GOMESP_2026-01-29_G11,10109872GOMESP,2026-01-29,141457,2,8,6,102.0
10109872GOMESP_2026-01-29_G12,10109872GOMESP,2026-01-29,111530,1,45,0,643.0
10109872GOMESP_2026-01-29_G13,10109872GOMESP,2026-01-29,118299,1,12,0,150.0
10109872GOMESP_2026-01-29_G14,10109872GOMESP,2026-01-29,109645,1,7,0,107.0
10109872GOMESP_2026-01-29_G15,10109872GOMESP,2026-01-29,110787,1,4,0,490.0
10109872GOMESP_2026-01-29_G16,10109872GOMESP,2026-01-29,115234,1,2,0,288.0
10109872GOMESP_2026-01-29_G17,10109872GOMESP,2026-01-29,110895,1,2,0,84.0
10109872GOMESP_2026-01-29_G18,10109872GOMESP,2026-01-29,117834,1,4,0,66.0
10109872GOMESP_2026-01-29_G19,10109872GOMESP,2026-01-29,116527,1,1,0,67.0
10109872GOMESP_2026-01-29_G20,10109872GOMESP,2026-01-29,141916,1,4,0,85.0
10109872GOMESP_2026-01-29_G21,10109872GOMESP,2026-01-29,100334,1,3,0,128.0
10109872GOMESP_2026-01-29_G22,10109872GOMESP,2026-01-29,110464,1,4,0,73.0
10109872GOMESP_2026-01-29_G23,10109872GOMESP,2026-01-29,110754,1,2,0,63.0
10109872GOMESP_2026-01-29_G24,10109872GOMESP,2026-01-29,111436,1,2,0,190.0
10109872GOMESP_2026-01-29_G25,10109872GOMESP,2026-01-29,117289,1,2,0,150.0
10109872GOMESP_2026-01-29_G26,10109872GOMESP,2026-01-29,111439,1,4,0,88.0
10109872GOMESP_2026-01-29_G27,10109872GOMESP,2026-01-29,117861,1,2,0,49.0
10109872GOMESP_2026-01-29_G28,10109872GOMESP,2026-01-29,118298,1,2,0,89.0
10109872GOMESP_2026-01-29_G29,10109872GOMESP,2026-01-29,110750,1,4,0,69.0
10109872GOMESP_2026-01-29_G30,10109872GOMESP,2026-01-29,110313,1,2,0,35.0
10109872GOMESP_2026-01-29_G31,10109872GOMESP,2026-01-29,117856,1,8,0,107.0
10109872GOMESP_2026-01-29_G32,10109872GOMESP,2026-01-29,110339,1,12,0,97.0
10109872GOMESP_2026-01-29_G33,10109872GOMESP,2026-01-29,109640,1,4,0,189.0
10109872GOMESP_2026-01-29_G34,10109872GOMESP,2026-01-29,117862,1,4,0,67.0
10109872GOMESP_2026-01-29_G35,10109872GOMESP,2026-01-29,141457,1,2,0,64.0
10109872GOMESP_2026-01-29_G36,10109872GOMESP,2026-01-29,117832,1,8,0,135.0
10109872GOMESP_2026-01-29_G37,10109872GOMESP,2026-01-29,111530,1,6,0,1817.0
10109872GOMESP_2026-01-29_G38,10109872GOMESP,2026-01-29,109640,4,39,33,128.0
10109872GOMESP_2026-01-29_G39,10109872GOMESP,2026-01-29,111446,1,16,0,807.0
10109872GOMESP_2026-01-29_G40,10109872GOMESP,2026-01-29,109641,1,4,0,323.0
10109872GOMESP_2026-01-29_G41,10109872GOMESP,2026-01-29,109645,1,20,0,165.0
10109872GOMESP_2026-01-29_G42,10109872GOMESP,2026-01-29,111466,1,12,0,132.0
10109872GOMESP_2026-01-29_G43,10109872GOMESP,2026-01-29,111463,1,60,0,440.0
10109872GOMESP_2026-01-29_G44,10109872GOMESP,2026-01-29,111469,2,8,7,200.0
10109872GOMESP_2026-01-29_G45,10109872GOMESP,2026-01-29,111431,1,4,0,157.0
10109872GOMESP_2026-01-29_G46,10109872GOMESP,2026-01-29,110740,4,19,28,142.0
10109872GOMESP_2026-01-29_G47,10109872GOMESP,2026-01-29,118140,1,8,0,552.0
10109872GOMESP_2026-01-29_G48,10109872GOMESP,2026-01-29,111469,2,16,5,258.0
10109872GOMESP_2026-01-29_G49,10109872GOMESP,2026-01-29,117820,1,8,0,151.0
10109872GOMESP_2026-01-29_G50,10109872GOMESP,2026-01-29,117808,1,10,0,148.0
10109872GOMESP_2026-01-29_G51,10109872GOMESP,2026-01-29,110373,2,20,5,165.0
10109872GOMESP_2026-01-29_G52,10109872GOMESP,2026-01-29,110371,1,4,0,107.0
10109872GOMESP_2026-01-29_G53,10109872GOMESP,2026-01-29,110895,1,12,0,213.0
10109872GOMESP_2026-01-29_G54,10109872GOMESP,2026-01-29,140923,1,2,0,58.0
10109872GOMESP_2026-01-29_G55,10109872GOMESP,2026-01-29,110313,1,8,0,65.0
10109872GOMESP_2026-01-29_G56,10109872GOMESP,2026-01-29,111602,1,40,0,434.0
10109872GOMESP_2026-01-29_G57,10109872GOMESP,2026-01-29,110313,1,8,0,242.0
10109872GOMESP_2026-01-29_G58,10109872GOMESP,2026-01-29,111602,1,40,0,452.0
10109872GOMESP_2026-01-29_G59,10109872GOMESP,2026-01-29,118140,1,12,0,158.0
10109872GOMESP_2026-01-29_G60,10109872GOMESP,2026-01-29,118283,1,4,0,1125.0
10109872GOMESP_2026-01-29_G61,10109872GOMESP,2026-01-29,111602,1,4,0,82.0
10109872GOMESP_2026-01-29_G62,10109872GOMESP,2026-01-29,140922,1,4,0,121.0
10109872GOMESP_2026-01-29_G63,10109872GOMESP,2026-01-29,141047,1,3,0,107.0
10109872GOMESP_2026-01-29_G64,10109872GOMESP,2026-01-29,111532,1,2,0,107.0
10109872GOMESP_2026-01-29_G65,10109872GOMESP,2026-01-29,117831,1,2,0,100.0
10109872GOMESP_2026-01-29_G66,10109872GOMESP,2026-01-29,111469,1,4,0,86.0
10109872GOMESP_2026-01-29_G67,10109872GOMESP,2026-01-29,110740,1,7,0,75.0
10109872GOMESP_2026-01-29_G68,10109872GOMESP,2026-01-29,117832,1,8,0,151.0
10109872GOMESP_2026-01-29_G69,10109872GOMESP,2026-01-29,110787,1,1,0,180.0
10109872GOMESP_2026-01-29_G70,10109872GOMESP,2026-01-29,110787,2,6,5,52.0
10109872GOMESP_2026-01-29_G71,10109872GOMESP,2026-01-29,111466,1,4,0,83.0
10109872GOMESP_2026-01-29_G72,10109872GOMESP,2026-01-29,117855,1,1,0,2107.0
10109872GOMESP_2026-01-29_G74,10109872GOMESP,2026-01-29,110787,1,5,0,142.0
10109872GOMESP_2026-01-29_G75,10109872GOMESP,2026-01-29,111463,1,3,0,81.0
10109872GOMESP_2026-01-29_G76,10109872GOMESP,2026-01-29,110371,1,4,0,127.0
10109872GOMESP_2026-01-29_G77,10109872GOMESP,2026-01-29,111602,2,4,6,125.0
10109872GOMESP_2026-01-29_G78,10109872GOMESP,2026-01-29,110787,1,2,0,190.0
10109872GOMESP_2026-01-29_G79,10109872GOMESP,2026-01-29,110374,2,12,8,241.0
10109872GOMESP_2026-01-29_G80,10109872GOMESP,2026-01-29,111759,1,6,0,774.0
10109872GOMESP_2026-01-29_G81,10109872GOMESP,2026-01-29,118191,1,10,0,254.0
10109872GOMESP_2026-01-29_G82,10109872GOMESP,2026-01-29,141262,1,10,0,146.0
10109872GOMESP_2026-01-29_G83,10109872GOMESP,2026-01-29,"111634, 141261",2,14,16,155.0
10109872GOMESP_2026-01-29_G84,10109872GOMESP,2026-01-29,110371,1,8,0,120.0
10109872GOMESP_2026-01-29_G85,10109872GOMESP,2026-01-29,118191,1,12,0,807.0
10109872GOMESP_2026-01-29_G86,10109872GOMESP,2026-01-29,141262,1,24,0,270.0
10109872GOMESP_2026-01-29_G87,10109872GOMESP,2026-01-29,111740,1,4,0,153.0
10109872GOMESP_2026-01-29_G88,10109872GOMESP,2026-01-29,111602,3,20,15,114.0
10109872GOMESP_2026-01-29_G89,10109872GOMESP,2026-01-29,110374,1,3,0,239.0
10109872GOMESP_2026-01-29_G90,10109872GOMESP,2026-01-29,110371,1,2,0,80.0
10109872GOMESP_2026-01-29_G91,10109872GOMESP,2026-01-29,111602,1,8,0,140.0
10109872GOMESP_2026-01-29_G92,10109872GOMESP,2026-01-29,110787,1,4,0,107.0
10109872GOMESP_2026-01-29_G93,10109872GOMESP,2026-01-29,111463,1,2,0,76.0
10109872GOMESP_2026-01-29_G94,10109872GOMESP,2026-01-29,141457,1,4,0,85.0
10109872GOMESP_2026-01-29_G95,10109872GOMESP,2026-01-29,110374,2,16,7,244.0
10109872GOMESP_2026-01-29_G96,10109872GOMESP,2026-01-29,110371,1,1,0,139.0
10109872GOMESP_2026-01-29_G97,10109872GOMESP,2026-01-29,140923,1,20,0,1123.0
10109872GOMESP_2026-01-29_G98,10109872GOMESP,2026-01-29,111602,1,60,0,474.0
10109872GOMESP_2026-01-30_G02,10109872GOMESP,2026-01-30,110747,2,4,7,145.0
10109872GOMESP_2026-01-30_G03,10109872GOMESP,2026-01-30,110742,1,4,0,263.0
10109872GOMESP_2026-01-30_G04,10109872GOMESP,2026-01-30,118094,1,8,0,475.0
10109872GOMESP_2026-01-30_G05,10109872GOMESP,2026-01-30,117862,1,2,0,65.0
10109872GOMESP_2026-01-30_G06,10109872GOMESP,2026-01-30,140923,1,8,0,251.0
10109872GOMESP_2026-01-30_G07,10109872GOMESP,2026-01-30,107629,1,4,0,190.0
10109872GOMESP_2026-01-30_G08,10109872GOMESP,2026-01-30,141166,1,11,0,190.0
10109872GOMESP_2026-01-30_G09,10109872GOMESP,2026-01-30,111462,2,17,5,232.0
10109872GOMESP_2026-01-30_G10,10109872GOMESP,2026-01-30,117831,2,14,13,516.0
10109872GOMESP_2026-01-30_G11,10109872GOMESP,2026-01-30,111463,2,17,7,212.0
10109872GOMESP_2026-01-30_G12,10109872GOMESP,2026-01-30,141823,1,12,0,110.0
10109872GOMESP_2026-01-30_G13,10109872GOMESP,2026-01-30,111418,2,53,8,31.0
10109872GOMESP_2026-01-30_G14,10109872GOMESP,2026-01-30,141457,3,16,13,353.0
10109872GOMESP_2026-01-30_G15,10109872GOMESP,2026-01-30,111469,2,16,5,279.0
10109872GOMESP_2026-01-30_G16,10109872GOMESP,2026-01-30,118140,1,30,0,96.0
10109872GOMESP_2026-01-30_G17,10109872GOMESP,2026-01-30,110372,2,50,8,326.0
10109872GOMESP_2026-01-30_G18,10109872GOMESP,2026-01-30,109643,1,8,0,355.0
10109872GOMESP_2026-01-30_G19,10109872GOMESP,2026-01-30,117820,1,4,0,95.0
10109872GOMESP_2026-01-30_G20,10109872GOMESP,2026-01-30,117808,1,7,0,99.0
10109872GOMESP_2026-01-30_G21,10109872GOMESP,2026-01-30,110373,1,68,0,135.0
10109872GOMESP_2026-01-30_G22,10109872GOMESP,2026-01-30,117832,1,8,0,306.0
10109872GOMESP_2026-01-30_G23,10109872GOMESP,2026-01-30,110371,1,1,0,37.0
10109872GOMESP_2026-01-30_G24,10109872GOMESP,2026-01-30,110371,1,36,0,88.0
10109872GOMESP_2026-01-30_G25,10109872GOMESP,2026-01-30,141066,1,1,0,1136.0
10109872GOMESP_2026-01-30_G26,10109872GOMESP,2026-01-30,117786,2,4,6,126.0
10109872GOMESP_2026-01-30_G27,10109872GOMESP,2026-01-30,140922,1,4,0,116.0
10109872GOMESP_2026-01-30_G28,10109872GOMESP,2026-01-30,140922,1,25,0,155.0
10109872GOMESP_2026-01-30_G29,10109872GOMESP,2026-01-30,"117821, 111743",2,9,28,160.0
10109872GOMESP_2026-01-30_G30,10109872GOMESP,2026-01-30,111443,1,1,0,68.0
10109872GOMESP_2026-01-30_G31,10109872GOMESP,2026-01-30,160055,2,4,5,47.0
10109872GOMESP_2026-01-30_G32,10109872GOMESP,2026-01-30,111172,2,13,5,127.0
10109872GOMESP_2026-01-30_G33,10109872GOMESP,2026-01-30,141456,2,15,7,127.0
10109872GOMESP_2026-01-30_G34,10109872GOMESP,2026-01-30,111468,1,4,0,161.0
10109872GOMESP_2026-01-30_G35,10109872GOMESP,2026-01-30,111418,1,8,0,98.0
10109872GOMESP_2026-01-30_G36,10109872GOMESP,2026-01-30,141457,1,14,0,204.0
10109872GOMESP_2026-01-30_G37,10109872GOMESP,2026-01-30,141457,1,16,0,139.0
10109872GOMESP_2026-01-30_G38,10109872GOMESP,2026-01-30,117787,1,3,0,77.0
10109872GOMESP_2026-01-30_G39,10109872GOMESP,2026-01-30,118140,1,32,0,338.0
10109872GOMESP_2026-01-30_G40,10109872GOMESP,2026-01-30,109641,1,5,0,1099.0
10109872GOMESP_2026-01-30_G41,10109872GOMESP,2026-01-30,111348,1,10,0,87.0
10109872GOMESP_2026-01-30_G42,10109872GOMESP,2026-01-30,"110751, 140922",2,19,18,68.0
10109872GOMESP_2026-01-30_G43,10109872GOMESP,2026-01-30,117821,2,30,7,212.0
10109872GOMESP_2026-01-30_G44,10109872GOMESP,2026-01-30,116241,1,10,0,290.0
10109872GOMESP_2026-01-30_G45,10109872GOMESP,2026-01-30,111743,1,6,0,190.0
10109872GOMESP_2026-01-30_G46,10109872GOMESP,2026-01-30,110787,1,10,0,110.0
10109872GOMESP_2026-01-30_G47,10109872GOMESP,2026-01-30,111466,1,20,0,105.0
10109872GOMESP_2026-01-30_G48,10109872GOMESP,2026-01-30,110332,1,3,0,317.0
10109872GOMESP_2026-01-30_G49,10109872GOMESP,2026-01-30,111532,1,30,0,481.0
10109872GOMESP_2026-01-30_G50,10109872GOMESP,2026-01-30,141271,1,20,0,282.0
10109872GOMESP_2026-01-30_G51,10109872GOMESP,2026-01-30,111172,1,27,0,129.0
10109872GOMESP_2026-01-30_G52,10109872GOMESP,2026-01-30,111172,1,14,0,242.0
10109872GOMESP_2026-01-30_G53,10109872GOMESP,2026-01-30,111462,1,15,0,115.0
10109872GOMESP_2026-01-30_G54,10109872GOMESP,2026-01-30,"117831, 111463",2,65,15,224.0
10109872GOMESP_2026-01-30_G55,10109872GOMESP,2026-01-30,141823,1,20,0,720.0
10109872GOMESP_2026-01-30_G56,10109872GOMESP,2026-01-30,111468,1,10,0,70.0
10109872GOMESP_2026-01-30_G57,10109872GOMESP,2026-01-30,111418,2,110,7,328.0
10109872GOMESP_2026-01-30_G58,10109872GOMESP,2026-01-30,141457,1,40,0,143.0
10109872GOMESP_2026-01-30_G59,10109872GOMESP,2026-01-30,111444,1,8,0,270.0
10109872GOMESP_2026-01-30_G60,10109872GOMESP,2026-01-30,110740,1,14,0,318.0
10109872GOMESP_2026-01-30_G61,10109872GOMESP,2026-01-30,117787,1,10,0,91.0
10109872GOMESP_2026-01-30_G62,10109872GOMESP,2026-01-30,118140,1,35,0,75.0
10109872GOMESP_2026-01-30_G63,10109872GOMESP,2026-01-30,141458,1,20,0,311.0
10109872GOMESP_2026-01-30_G64,10109872GOMESP,2026-01-30,117785,1,60,0,224.0
10109872GOMESP_2026-01-30_G65,10109872GOMESP,2026-01-30,141458,1,20,0,604.0
10109872GOMESP_2026-01-30_G66,10109872GOMESP,2026-01-30,141066,1,12,0,78.0
10109872GOMESP_2026-01-30_G67,10109872GOMESP,2026-01-30,141456,1,54,0,1543.0
10109872GOMESP_2026-01-30_G68,10109872GOMESP,2026-01-30,141456,1,9,0,87.0
10109872GOMESP_2026-01-30_G69,10109872GOMESP,2026-01-30,141456,1,37,0,507.0
10109872GOMESP_2026-01-30_G70,10109872GOMESP,2026-01-30,111660,1,12,0,345.0
10109872GOMESP_2026-01-30_G72,10109872GOMESP,2026-01-30,110841,1,2,0,96.0
10109872GOMESP_2026-01-30_G73,10109872GOMESP,2026-01-30,110500,1,4,0,99.0
10109872GOMESP_2026-01-30_G74,10109872GOMESP,2026-01-30,111650,1,3,0,229.0
10109872GOMESP_2026-01-30_G75,10109872GOMESP,2026-01-30,111463,1,4,0,95.0
10109872GOMESP_2026-01-30_G76,10109872GOMESP,2026-01-30,109645,1,8,0,116.0
10109872GOMESP_2026-01-30_G77,10109872GOMESP,2026-01-30,141457,1,4,0,93.0
10109872GOMESP_2026-01-30_G78,10109872GOMESP,2026-01-30,111330,1,27,0,80.0
10109872GOMESP_2026-01-30_G79,10109872GOMESP,2026-01-30,111182,1,2,0,370.0
10109872GOMESP_2026-01-30_G80,10109872GOMESP,2026-01-30,111182,1,5,0,52.0
10109872GOMESP_2026-01-30_G81,10109872GOMESP,2026-01-30,109640,1,12,0,456.0
10109872GOMESP_2026-01-30_G82,10109872GOMESP,2026-01-30,110741,1,4,0,975.0
10109872GOMESP_2026-01-30_G83,10109872GOMESP,2026-01-30,111530,1,54,0,94.0
10109872GOMESP_2026-01-30_G84,10109872GOMESP,2026-01-30,110374,1,40,0,903.0
10109872GOMESP_2026-01-30_G85,10109872GOMESP,2026-01-30,111602,1,39,0,383.0
10109872GOMESP_2026-01-30_G86,10109872GOMESP,2026-01-30,110787,1,4,0,122.0
10109872GOMESP_2026-01-30_G87,10109872GOMESP,2026-01-30,140923,1,12,0,229.0
10109872GOMESP_2026-01-30_G88,10109872GOMESP,2026-01-30,110787,1,8,0,271.0
10109872GOMESP_2026-01-30_G89,10109872GOMESP,2026-01-30,141155,1,16,0,255.0
10109872GOMESP_2026-01-30_G90,10109872GOMESP,2026-01-30,141155,1,2,0,85.0
10109872GOMESP_2026-01-31_G02,10109872GOMESP,2026-01-31,109643,1,11,0,1550.0
10109872GOMESP_2026-01-31_G03,10109872GOMESP,2026-01-31,117832,1,22,0,248.0
10109872GOMESP_2026-01-31_G04,10109872GOMESP,2026-01-31,"111463, 109649",2,38,21,164.0
10109872GOMESP_2026-01-31_G05,10109872GOMESP,2026-01-31,109649,1,2,0,122.0
10109872GOMESP_2026-01-31_G06,10109872GOMESP,2026-01-31,117862,2,16,13,1251.0
10109872GOMESP_2026-01-31_G07,10109872GOMESP,2026-01-31,111465,1,4,0,371.0
10109872GOMESP_2026-01-31_G08,10109872GOMESP,2026-01-31,109641,1,26,0,167.0
10109872GOMESP_2026-01-31_G09,10109872GOMESP,2026-01-31,"105705, 140922",2,14,4,400.0
10109872GOMESP_2026-01-31_G10,10109872GOMESP,2026-01-31,111469,1,16,0,205.0
10109872GOMESP_2026-01-31_G11,10109872GOMESP,2026-01-31,141458,1,4,0,83.0
10109872GOMESP_2026-01-31_G12,10109872GOMESP,2026-01-31,110374,1,4,0,158.0
10109872GOMESP_2026-01-31_G13,10109872GOMESP,2026-01-31,109643,1,8,0,74.0
10109872GOMESP_2026-01-31_G14,10109872GOMESP,2026-01-31,110376,1,4,0,113.0
10109872GOMESP_2026-01-31_G15,10109872GOMESP,2026-01-31,110371,1,8,0,174.0
10109872GOMESP_2026-01-31_G16,10109872GOMESP,2026-01-31,118317,1,6,0,1128.0
10109872GOMESP_2026-01-31_G17,10109872GOMESP,2026-01-31,111463,1,50,0,248.0
10109872GOMESP_2026-01-31_G18,10109872GOMESP,2026-01-31,141823,1,150,0,721.0
10109872GOMESP_2026-01-31_G19,10109872GOMESP,2026-01-31,141823,1,180,0,144.0
10109872GOMESP_2026-01-31_G20,10109872GOMESP,2026-01-31,118140,1,115,0,630.0
10109872GOMESP_2026-01-31_G21,10109872GOMESP,2026-01-31,118299,1,142,0,644.0
10109872GOMESP_2026-01-31_G22,10109872GOMESP,2026-01-31,110375,1,3,0,355.0
10109872GOMESP_2026-01-31_G23,10109872GOMESP,2026-01-31,110373,1,60,0,263.0
10109872GOMESP_2026-01-31_G24,10109872GOMESP,2026-01-31,141166,1,70,0,467.0
10109872GOMESP_2026-01-31_G25,10109872GOMESP,2026-01-31,111660,2,10,5,1049.0
10109872GOMESP_2026-01-31_G26,10109872GOMESP,2026-01-31,118317,1,8,0,206.0
10109872GOMESP_2026-01-31_G27,10109872GOMESP,2026-01-31,108772,1,2,0,105.0
10109872GOMESP_2026-01-31_G28,10109872GOMESP,2026-01-31,111445,1,2,0,190.0
10109872GOMESP_2026-01-31_G29,10109872GOMESP,2026-01-31,111660,1,8,0,110.0
10109872GOMESP_2026-01-31_G30,10109872GOMESP,2026-01-31,118317,1,2,0,91.0
10109872GOMESP_2026-01-31_G31,10109872GOMESP,2026-01-31,111660,2,5,5,116.0
10109872GOMESP_2026-01-31_G32,10109872GOMESP,2026-01-31,110711,1,4,0,144.0
10109872GOMESP_2026-01-31_G33,10109872GOMESP,2026-01-31,118317,1,4,0,150.0
10109872GOMESP_2026-01-31_G34,10109872GOMESP,2026-01-31,108711,1,5,0,110.0
10109872GOMESP_2026-01-31_G35,10109872GOMESP,2026-01-31,110895,1,2,0,420.0
10109872GOMESP_2026-01-31_G36,10109872GOMESP,2026-01-31,111467,1,4,0,103.0
10109872GOMESP_2026-01-31_G37,10109872GOMESP,2026-01-31,108795,1,2,0,60.0
10109872GOMESP_2026-01-31_G38,10109872GOMESP,2026-01-31,118140,1,3,0,102.0
10109872GOMESP_2026-01-31_G39,10109872GOMESP,2026-01-31,110711,1,4,0,95.0
10109872GOMESP_2026-01-31_G40,10109872GOMESP,2026-01-31,108711,1,8,0,74.0
10109872GOMESP_2026-01-31_G41,10109872GOMESP,2026-01-31,108711,1,12,0,106.0
10109872GOMESP_2026-01-31_G42,10109872GOMESP,2026-01-31,111722,1,8,0,222.0
10109872GOMESP_2026-01-31_G43,10109872GOMESP,2026-01-31,118191,1,12,0,308.0
10109872GOMESP_2026-01-31_G44,10109872GOMESP,2026-01-31,111722,1,10,0,429.0
10109872GOMESP_2026-01-31_G45,10109872GOMESP,2026-01-31,118191,1,12,0,197.0
10109872GOMESP_2026-01-31_G46,10109872GOMESP,2026-01-31,111441,1,4,0,561.0
10109872GOMESP_2026-02-06_G02,10109872GOMESP,2026-02-06,117862,1,10,0,129.0
10109872GOMESP_2026-02-06_G03,10109872GOMESP,2026-02-06,140923,1,20,0,243.0
10109872GOMESP_2026-02-06_G04,10109872GOMESP,2026-02-06,117786,1,12,0,99.0
10109872GOMESP_2026-02-06_G05,10109872GOMESP,2026-02-06,141047,1,8,0,331.0
10109872GOMESP_2026-02-06_G06,10109872GOMESP,2026-02-06,117856,1,3,0,80.0
10109872GOMESP_2026-02-06_G07,10109872GOMESP,2026-02-06,110339,1,3,0,77.0
10109872GOMESP_2026-02-06_G08,10109872GOMESP,2026-02-06,117854,1,4,0,141.0
10109872GOMESP_2026-02-06_G09,10109872GOMESP,2026-02-06,101217,1,2,0,124.0
10109872GOMESP_2026-02-06_G10,10109872GOMESP,2026-02-06,141271,1,12,0,199.0
10109872GOMESP_2026-02-06_G11,10109872GOMESP,2026-02-06,111463,1,20,0,171.0
10109872GOMESP_2026-02-06_G12,10109872GOMESP,2026-02-06,111532,1,4,0,113.0
10109872GOMESP_2026-02-06_G13,10109872GOMESP,2026-02-06,117787,1,4,0,167.0
10109872GOMESP_2026-02-06_G14,10109872GOMESP,2026-02-06,117785,1,20,0,173.0
10109872GOMESP_2026-02-06_G15,10109872GOMESP,2026-02-06,117833,1,6,0,212.0
10109872GOMESP_2026-02-06_G16,10109872GOMESP,2026-02-06,110371,1,40,0,625.0
10109872GOMESP_2026-02-06_G17,10109872GOMESP,2026-02-06,110373,1,80,0,301.0
10109872GOMESP_2026-02-06_G18,10109872GOMESP,2026-02-06,118317,2,3,7,420.0
10109872GOMESP_2026-02-06_G19,10109872GOMESP,2026-02-06,110787,4,35,20,92.0
10109872GOMESP_2026-02-06_G20,10109872GOMESP,2026-02-06,109641,2,8,5,139.0
10109872GOMESP_2026-02-06_G21,10109872GOMESP,2026-02-06,105705,2,16,7,69.0
10109872GOMESP_2026-02-06_G22,10109872GOMESP,2026-02-06,111348,2,2,5,347.0
10109872GOMESP_2026-02-06_G23,10109872GOMESP,2026-02-06,111418,2,50,7,56.0
10109872GOMESP_2026-02-06_G24,10109872GOMESP,2026-02-06,111330,2,12,8,477.0
10109872GOMESP_2026-02-06_G25,10109872GOMESP,2026-02-06,111469,2,63,10,281.0
10109872GOMESP_2026-02-06_G26,10109872GOMESP,2026-02-06,109645,1,4,0,182.0
10109872GOMESP_2026-02-06_G27,10109872GOMESP,2026-02-06,111466,1,27,0,62.0
10109872GOMESP_2026-02-06_G28,10109872GOMESP,2026-02-06,111172,2,5,7,142.0
10109872GOMESP_2026-02-06_G29,10109872GOMESP,2026-02-06,111463,1,21,0,456.0
10109872GOMESP_2026-02-06_G30,10109872GOMESP,2026-02-06,117785,2,30,8,180.0
10109872GOMESP_2026-02-06_G31,10109872GOMESP,2026-02-06,117831,1,20,0,641.0
10109872GOMESP_2026-02-06_G32,10109872GOMESP,2026-02-06,110752,2,14,6,202.0
10109872GOMESP_2026-02-06_G33,10109872GOMESP,2026-02-06,111530,4,60,38,275.0
10109872GOMESP_2026-02-06_G34,10109872GOMESP,2026-02-06,109640,2,6,5,483.0
10109872GOMESP_2026-02-06_G35,10109872GOMESP,2026-02-06,122962,1,13,0,2531.0
10109872GOMESP_2026-02-06_G36,10109872GOMESP,2026-02-06,180001,1,4,0,472.0
10109872GOMESP_2026-02-06_G37,10109872GOMESP,2026-02-06,122982,1,20,0,763.0
10109872GOMESP_2026-02-06_G38,10109872GOMESP,2026-02-06,124486,1,60,0,1563.0
10109872GOMESP_2026-02-06_G39,10109872GOMESP,2026-02-06,122962,1,32,0,1127.0
10109872GOMESP_2026-02-06_G40,10109872GOMESP,2026-02-06,124248,1,4,0,626.0
10109872GOMESP_2026-02-06_G41,10109872GOMESP,2026-02-06,122962,1,8,0,592.0
10109872GOMESP_2026-02-07_G02,10109872GOMESP,2026-02-07,111353,1,8,0,261.0
10109872GOMESP_2026-02-07_G03,10109872GOMESP,2026-02-07,118140,1,5,0,260.0
10109872GOMESP_2026-02-07_G04,10109872GOMESP,2026-02-07,117785,1,10,0,132.0
10109872GOMESP_2026-02-07_G05,10109872GOMESP,2026-02-07,110372,1,20,0,1122.0
10109872GOMESP_2026-02-07_G06,10109872GOMESP,2026-02-07,110371,1,2,0,46.0
10109872GOMESP_2026-02-07_G07,10109872GOMESP,2026-02-07,118416,1,7,0,352.0
10109872GOMESP_2026-02-07_G08,10109872GOMESP,2026-02-07,140957,1,3,0,118.0
10109872GOMESP_2026-02-07_G09,10109872GOMESP,2026-02-07,111650,1,8,0,168.0
10109872GOMESP_2026-02-07_G10,10109872GOMESP,2026-02-07,117797,1,8,0,179.0
10109872GOMESP_2026-02-07_G11,10109872GOMESP,2026-02-07,111879,1,5,0,874.0
10109872GOMESP_2026-02-07_G12,10109872GOMESP,2026-02-07,110747,1,22,0,1341.0
10109872GOMESP_2026-02-07_G13,10109872GOMESP,2026-02-07,118269,1,8,0,95.0
10109872GOMESP_2026-02-07_G14,10109872GOMESP,2026-02-07,109641,1,3,0,460.0
10109872GOMESP_2026-02-07_G15,10109872GOMESP,2026-02-07,160057,1,4,0,991.0
10109872GOMESP_2026-02-07_G16,10109872GOMESP,2026-02-07,111441,1,4,0,122.0
10109872GOMESP_2026-02-07_G17,10109872GOMESP,2026-02-07,111467,1,4,0,79.0
10109872GOMESP_2026-02-07_G18,10109872GOMESP,2026-02-07,111530,1,26,0,335.0
10109872GOMESP_2026-02-07_G19,10109872GOMESP,2026-02-07,110711,2,6,6,111.0
10109872GOMESP_2026-02-07_G20,10109872GOMESP,2026-02-07,110376,1,4,0,132.0
10109872GOMESP_2026-02-07_G21,10109872GOMESP,2026-02-07,160051,1,4,0,96.0
10109872GOMESP_2026-02-07_G22,10109872GOMESP,2026-02-07,110375,1,8,0,102.0
10109872GOMESP_2026-02-07_G23,10109872GOMESP,2026-02-07,110741,1,10,0,449.0
10109872GOMESP_2026-02-07_G24,10109872GOMESP,2026-02-07,110752,1,14,0,309.0
10109872GOMESP_2026-02-07_G25,10109872GOMESP,2026-02-07,111467,1,30,0,260.0
10109872GOMESP_2026-02-07_G26,10109872GOMESP,2026-02-07,118298,1,8,0,121.0
10109872GOMESP_2026-02-07_G27,10109872GOMESP,2026-02-07,117862,1,20,0,219.0
10109872GOMESP_2026-02-07_G28,10109872GOMESP,2026-02-07,110711,1,20,0,243.0
10109872GOMESP_2026-02-07_G29,10109872GOMESP,2026-02-07,110711,1,7,0,64.0
10109872GOMESP_2026-02-07_G30,10109872GOMESP,2026-02-07,110339,1,20,0,351.0
10109872GOMESP_2026-02-07_G31,10109872GOMESP,2026-02-07,109645,1,4,0,174.0
10109872GOMESP_2026-02-07_G32,10109872GOMESP,2026-02-07,111443,1,4,0,87.0
10109872GOMESP_2026-02-07_G33,10109872GOMESP,2026-02-07,111532,1,50,0,120.0
10109872GOMESP_2026-02-07_G34,10109872GOMESP,2026-02-07,111433,1,8,0,363.0
10109872GOMESP_2026-02-07_G35,10109872GOMESP,2026-02-07,111465,1,13,0,144.0
10109872GOMESP_2026-02-07_G36,10109872GOMESP,2026-02-07,111465,1,37,0,297.0
10109872GOMESP_2026-02-07_G37,10109872GOMESP,2026-02-07,117785,1,20,0,114.0
10109872GOMESP_2026-02-07_G38,10109872GOMESP,2026-02-07,111444,1,30,0,529.0
10109872GOMESP_2026-02-07_G40,10109872GOMESP,2026-02-07,111441,1,30,0,937.0
10109872GOMESP_2026-02-07_G41,10109872GOMESP,2026-02-07,118416,1,30,0,364.0
10109872GOMESP_2026-02-07_G42,10109872GOMESP,2026-02-07,107629,1,800,0,1713.0
10109872GOMESP_2026-02-07_G43,10109872GOMESP,2026-02-07,117856,1,30,0,190.0
10109872GOMESP_2026-02-07_G44,10109872GOMESP,2026-02-07,109648,1,30,0,159.0
10109872GOMESP_2026-02-07_G46,10109872GOMESP,2026-02-07,117822,1,30,0,484.0
10109872GOMESP_2026-02-07_G47,10109872GOMESP,2026-02-07,117830,1,30,0,265.0
10109872GOMESP_2026-02-07_G48,10109872GOMESP,2026-02-07,117832,1,30,0,271.0
10109872GOMESP_2026-02-07_G49,10109872GOMESP,2026-02-07,117809,1,80,0,1011.0
10109872GOMESP_2026-02-07_G50,10109872GOMESP,2026-02-07,110325,1,4,0,81.0
10109872GOMESP_2026-02-09_G02,10109872GOMESP,2026-02-09,111431,1,4,0,54.0
10109872GOMESP_2026-02-09_G03,10109872GOMESP,2026-02-09,117785,1,10,0,291.0
10109872GOMESP_2026-02-09_G04,10109872GOMESP,2026-02-09,109645,1,2,0,472.0
10109872GOMESP_2026-02-09_G05,10109872GOMESP,2026-02-09,111418,1,16,0,589.0
10109872GOMESP_2026-02-09_G06,10109872GOMESP,2026-02-09,110895,1,3,0,587.0
10109872GOMESP_2026-02-09_G07,10109872GOMESP,2026-02-09,118251,1,4,0,83.0
10109872GOMESP_2026-02-09_G08,10109872GOMESP,2026-02-09,118417,1,4,0,112.0
10109872GOMESP_2026-02-09_G09,10109872GOMESP,2026-02-09,109645,1,21,0,2564.0
10109872GOMESP_2026-02-09_G10,10109872GOMESP,2026-02-09,110787,1,4,0,657.0
10109872GOMESP_2026-02-09_G11,10109872GOMESP,2026-02-09,111330,2,10,8,178.0
10109872GOMESP_2026-02-09_G13,10109872GOMESP,2026-02-09,108711,1,6,0,55.0
10109872GOMESP_2026-02-09_G14,10109872GOMESP,2026-02-09,110743,1,6,0,70.0
10109872GOMESP_2026-02-09_G15,10109872GOMESP,2026-02-09,111469,2,95,11,415.0
10109872GOMESP_2026-02-09_G16,10109872GOMESP,2026-02-09,111743,1,2,0,88.0
10109872GOMESP_2026-02-09_G17,10109872GOMESP,2026-02-09,117841,1,4,0,88.0
10109872GOMESP_2026-02-09_G18,10109872GOMESP,2026-02-09,111466,1,2,0,101.0
10109872GOMESP_2026-02-09_G19,10109872GOMESP,2026-02-09,111466,1,54,0,458.0
10109872GOMESP_2026-02-09_G20,10109872GOMESP,2026-02-09,111172,1,6,0,245.0
10109872GOMESP_2026-02-09_G21,10109872GOMESP,2026-02-09,118140,1,30,0,365.0
10109872GOMESP_2026-02-09_G22,10109872GOMESP,2026-02-09,105705,1,2,0,187.0
10109872GOMESP_2026-02-09_G23,10109872GOMESP,2026-02-09,105705,1,8,0,1124.0
10109872GOMESP_2026-02-09_G24,10109872GOMESP,2026-02-09,111463,1,87,0,119.0
10109872GOMESP_2026-02-09_G25,10109872GOMESP,2026-02-09,141823,2,8,8,138.0
10109872GOMESP_2026-02-09_G26,10109872GOMESP,2026-02-09,111418,1,55,0,145.0
10109872GOMESP_2026-02-09_G27,10109872GOMESP,2026-02-09,111435,1,16,0,516.0
10109872GOMESP_2026-02-09_G28,10109872GOMESP,2026-02-09,111463,1,2,0,252.0
10109872GOMESP_2026-02-09_G29,10109872GOMESP,2026-02-09,110711,2,15,7,225.0
10109872GOMESP_2026-02-09_G30,10109872GOMESP,2026-02-09,118094,1,15,0,607.0
10109872GOMESP_2026-02-09_G31,10109872GOMESP,2026-02-09,111530,2,59,7,357.0
10109872GOMESP_2026-02-09_G32,10109872GOMESP,2026-02-09,111602,1,20,0,148.0
10109872GOMESP_2026-02-09_G33,10109872GOMESP,2026-02-09,110339,1,8,0,224.0
10109872GOMESP_2026-02-09_G34,10109872GOMESP,2026-02-09,109647,1,2,0,64.0
10109872GOMESP_2026-02-09_G35,10109872GOMESP,2026-02-09,141166,1,6,0,41.0
10109872GOMESP_2026-02-09_G36,10109872GOMESP,2026-02-09,110741,1,6,0,1062.0
10109872GOMESP_2026-02-09_G38,10109872GOMESP,2026-02-09,111348,1,17,0,254.0
10109872GOMESP_2026-02-09_G39,10109872GOMESP,2026-02-09,108794,1,4,0,41.0
10109872GOMESP_2026-02-09_G40,10109872GOMESP,2026-02-09,111469,1,26,0,145.0
10109872GOMESP_2026-02-09_G41,10109872GOMESP,2026-02-09,111466,1,20,0,160.0
10109872GOMESP_2026-02-09_G42,10109872GOMESP,2026-02-09,111466,1,2,0,76.0
10109872GOMESP_2026-02-09_G43,10109872GOMESP,2026-02-09,105705,1,5,0,147.0
10109872GOMESP_2026-02-09_G44,10109872GOMESP,2026-02-09,111463,1,12,0,287.0
10109872GOMESP_2026-02-09_G45,10109872GOMESP,2026-02-09,111468,1,4,0,130.0
10109872GOMESP_2026-02-09_G46,10109872GOMESP,2026-02-09,111418,1,27,0,158.0
10109872GOMESP_2026-02-09_G47,10109872GOMESP,2026-02-09,141456,2,17,6,183.0
10109872GOMESP_2026-02-09_G48,10109872GOMESP,2026-02-09,111465,1,4,0,123.0
10109872GOMESP_2026-02-09_G49,10109872GOMESP,2026-02-09,117787,1,4,0,257.0
10109872GOMESP_2026-02-09_G50,10109872GOMESP,2026-02-09,141458,1,2,0,78.0
10109872GOMESP_2026-02-09_G51,10109872GOMESP,2026-02-09,110755,1,4,0,404.0
10109872GOMESP_2026-02-09_G52,10109872GOMESP,2026-02-09,111438,1,2,0,74.0
10109872GOMESP_2026-02-09_G53,10109872GOMESP,2026-02-09,110742,1,8,0,232.0
10109872GOMESP_2026-02-09_G54,10109872GOMESP,2026-02-09,117809,1,2,0,100.0
10109872GOMESP_2026-02-09_G55,10109872GOMESP,2026-02-09,117820,1,9,0,85.0
10109872GOMESP_2026-02-09_G56,10109872GOMESP,2026-02-09,117808,1,10,0,83.0
10109872GOMESP_2026-02-09_G57,10109872GOMESP,2026-02-09,141202,1,4,0,110.0
10109872GOMESP_2026-02-09_G58,10109872GOMESP,2026-02-09,110376,1,2,0,106.0
10109872GOMESP_2026-02-09_G59,10109872GOMESP,2026-02-09,160051,1,4,0,105.0
10109872GOMESP_2026-02-09_G60,10109872GOMESP,2026-02-09,110373,1,8,0,113.0
10109872GOMESP_2026-02-09_G61,10109872GOMESP,2026-02-09,111172,1,4,0,127.0
10109872GOMESP_2026-02-09_G62,10109872GOMESP,2026-02-09,160055,1,2,0,46.0
10109872GOMESP_2026-02-09_G63,10109872GOMESP,2026-02-09,141823,1,4,0,83.0
10109872GOMESP_2026-02-09_G64,10109872GOMESP,2026-02-09,111418,1,6,0,126.0
10109872GOMESP_2026-02-09_G65,10109872GOMESP,2026-02-09,141457,1,10,0,248.0
10109872GOMESP_2026-02-09_G66,10109872GOMESP,2026-02-09,141458,1,2,0,106.0
10109872GOMESP_2026-02-09_G67,10109872GOMESP,2026-02-09,109645,1,6,0,179.0
10109872GOMESP_2026-02-09_G68,10109872GOMESP,2026-02-09,117834,1,8,0,508.0
10109872GOMESP_2026-02-09_G69,10109872GOMESP,2026-02-09,111438,1,4,0,78.0
10109872GOMESP_2026-02-09_G70,10109872GOMESP,2026-02-09,117862,1,4,0,53.0
10109872GOMESP_2026-02-09_G71,10109872GOMESP,2026-02-09,111469,1,4,0,112.0
10109872GOMESP_2026-02-09_G72,10109872GOMESP,2026-02-09,111446,1,8,0,176.0
10109872GOMESP_2026-02-10_G02,10109872GOMESP,2026-02-10,108794,1,5,0,49.0
10109872GOMESP_2026-02-10_G03,10109872GOMESP,2026-02-10,108794,1,7,0,53.0
10109872GOMESP_2026-02-10_G04,10109872GOMESP,2026-02-10,117831,1,15,0,100.0
10109872GOMESP_2026-02-10_G05,10109872GOMESP,2026-02-10,110740,1,30,0,148.0
10109872GOMESP_2026-02-10_G06,10109872GOMESP,2026-02-10,117821,1,12,0,497.0
10109872GOMESP_2026-02-10_G07,10109872GOMESP,2026-02-10,108711,1,8,0,283.0
10109872GOMESP_2026-02-10_G08,10109872GOMESP,2026-02-10,110743,1,4,0,44.0
10109872GOMESP_2026-02-10_G09,10109872GOMESP,2026-02-10,111172,2,9,6,344.0
10109872GOMESP_2026-02-10_G10,10109872GOMESP,2026-02-10,160055,1,10,0,121.0
10109872GOMESP_2026-02-10_G11,10109872GOMESP,2026-02-10,118140,1,23,0,164.0
10109872GOMESP_2026-02-10_G12,10109872GOMESP,2026-02-10,111463,1,208,0,565.0
10109872GOMESP_2026-02-10_G13,10109872GOMESP,2026-02-10,111418,1,74,0,243.0
10109872GOMESP_2026-02-10_G14,10109872GOMESP,2026-02-10,109645,1,4,0,602.0
10109872GOMESP_2026-02-10_G15,10109872GOMESP,2026-02-10,111433,1,10,0,200.0
10109872GOMESP_2026-02-10_G16,10109872GOMESP,2026-02-10,111465,1,17,0,99.0
10109872GOMESP_2026-02-10_G17,10109872GOMESP,2026-02-10,117785,1,42,0,384.0
10109872GOMESP_2026-02-10_G18,10109872GOMESP,2026-02-10,111438,1,4,0,1204.0
10109872GOMESP_2026-02-10_G19,10109872GOMESP,2026-02-10,110747,1,4,0,101.0
10109872GOMESP_2026-02-10_G20,10109872GOMESP,2026-02-10,117862,1,2,0,99.0
10109872GOMESP_2026-02-10_G21,10109872GOMESP,2026-02-10,111530,1,2,0,39.0
10109872GOMESP_2026-02-10_G22,10109872GOMESP,2026-02-10,110711,1,1,0,95.0
10109872GOMESP_2026-02-10_G23,10109872GOMESP,2026-02-10,111602,1,2,0,40.0
10109872GOMESP_2026-02-10_G24,10109872GOMESP,2026-02-10,117856,1,4,0,46.0
10109872GOMESP_2026-02-10_G25,10109872GOMESP,2026-02-10,110339,1,2,0,44.0
10109872GOMESP_2026-02-10_G26,10109872GOMESP,2026-02-10,109647,1,2,0,67.0
10109872GOMESP_2026-02-10_G27,10109872GOMESP,2026-02-10,117838,1,2,0,519.0
10109872GOMESP_2026-02-10_G28,10109872GOMESP,2026-02-10,109641,1,4,0,253.0
10109872GOMESP_2026-02-10_G29,10109872GOMESP,2026-02-10,108795,1,2,0,59.0
10109872GOMESP_2026-02-10_G30,10109872GOMESP,2026-02-10,117831,1,2,0,69.0
10109872GOMESP_2026-02-10_G31,10109872GOMESP,2026-02-10,111469,1,1,0,104.0
10109872GOMESP_2026-02-10_G32,10109872GOMESP,2026-02-10,"111466, 111172",2,6,30,102.0
10109872GOMESP_2026-02-10_G33,10109872GOMESP,2026-02-10,118140,1,6,0,371.0
10109872GOMESP_2026-02-10_G34,10109872GOMESP,2026-02-10,111463,1,2,0,79.0
10109872GOMESP_2026-02-10_G35,10109872GOMESP,2026-02-10,141456,1,20,0,314.0
10109872GOMESP_2026-02-10_G36,10109872GOMESP,2026-02-10,111418,1,2,0,113.0
10109872GOMESP_2026-02-10_G37,10109872GOMESP,2026-02-10,109641,1,12,0,918.0
10109872GOMESP_2026-02-10_G38,10109872GOMESP,2026-02-10,108794,1,1,0,35.0
10109872GOMESP_2026-02-10_G39,10109872GOMESP,2026-02-10,110740,1,12,0,151.0
10109872GOMESP_2026-02-10_G40,10109872GOMESP,2026-02-10,108711,1,4,0,59.0
10109872GOMESP_2026-02-10_G41,10109872GOMESP,2026-02-10,111743,3,10,11,57.0
10109872GOMESP_2026-02-10_G42,10109872GOMESP,2026-02-10,118140,1,12,0,262.0
10109872GOMESP_2026-02-10_G43,10109872GOMESP,2026-02-10,141823,1,2,0,70.0
10109872GOMESP_2026-02-10_G44,10109872GOMESP,2026-02-10,108798,1,3,0,97.0
10109872GOMESP_2026-02-10_G45,10109872GOMESP,2026-02-10,111433,1,2,0,56.0
10109872GOMESP_2026-02-10_G46,10109872GOMESP,2026-02-10,111431,1,4,0,391.0
10109872GOMESP_2026-02-10_G47,10109872GOMESP,2026-02-10,111465,1,4,0,84.0
10109872GOMESP_2026-02-10_G48,10109872GOMESP,2026-02-10,117833,1,2,0,403.0
10109872GOMESP_2026-02-10_G49,10109872GOMESP,2026-02-10,110755,1,4,0,186.0
10109872GOMESP_2026-02-10_G50,10109872GOMESP,2026-02-10,111438,1,2,0,60.0
10109872GOMESP_2026-02-10_G51,10109872GOMESP,2026-02-10,110747,2,8,6,102.0
10109872GOMESP_2026-02-10_G52,10109872GOMESP,2026-02-10,100334,2,4,5,63.0
10109872GOMESP_2026-02-10_G53,10109872GOMESP,2026-02-10,111569,1,4,0,128.0
10109872GOMESP_2026-02-10_G54,10109872GOMESP,2026-02-10,110339,1,110,0,522.0
10109872GOMESP_2026-02-10_G55,10109872GOMESP,2026-02-10,117785,1,300,0,857.0
10109872GOMESP_2026-02-10_G56,10109872GOMESP,2026-02-10,117809,1,300,0,809.0
10109872GOMESP_2026-02-10_G57,10109872GOMESP,2026-02-10,117820,1,250,0,1005.0
10109872GOMESP_2026-02-10_G58,10109872GOMESP,2026-02-10,117830,1,90,0,268.0
10109872GOMESP_2026-02-10_G59,10109872GOMESP,2026-02-10,110895,1,4,0,615.0
10109872GOMESP_2026-02-10_G60,10109872GOMESP,2026-02-10,111569,1,4,0,108.0
10109872GOMESP_2026-02-10_G61,10109872GOMESP,2026-02-10,111876,1,2,0,227.0
10109872GOMESP_2026-02-10_G62,10109872GOMESP,2026-02-10,140923,1,4,0,98.0
10109872GOMESP_2026-02-10_G63,10109872GOMESP,2026-02-10,117862,1,1,0,77.0
10109872GOMESP_2026-02-10_G64,10109872GOMESP,2026-02-10,108795,1,2,0,112.0
10109872GOMESP_2026-02-10_G65,10109872GOMESP,2026-02-10,118140,1,4,0,94.0
10109872GOMESP_2026-02-10_G66,10109872GOMESP,2026-02-10,111418,1,4,0,80.0
10109872GOMESP_2026-02-10_G67,10109872GOMESP,2026-02-10,109645,1,2,0,67.0
10109872GOMESP_2026-02-10_G68,10109872GOMESP,2026-02-10,117820,1,2,0,108.0
10109872GOMESP_2026-02-10_G69,10109872GOMESP,2026-02-10,111172,1,16,0,427.0
10109872GOMESP_2026-02-10_G70,10109872GOMESP,2026-02-10,111418,1,30,0,460.0
10109872GOMESP_2026-02-10_G71,10109872GOMESP,2026-02-10,110371,1,20,0,184.0
10109872GOMESP_2026-02-10_G72,10109872GOMESP,2026-02-10,117808,1,20,0,143.0
10109872GOMESP_2026-02-10_G73,10109872GOMESP,2026-02-10,111441,1,4,0,520.0
10109872GOMESP_2026-02-10_G74,10109872GOMESP,2026-02-10,140923,1,4,0,91.0
10109872GOMESP_2026-02-10_G75,10109872GOMESP,2026-02-10,117862,1,4,0,79.0
10109872GOMESP_2026-02-10_G76,10109872GOMESP,2026-02-10,117856,1,2,0,349.0
10109872GOMESP_2026-02-10_G77,10109872GOMESP,2026-02-10,117831,1,4,0,125.0
10109872GOMESP_2026-02-10_G78,10109872GOMESP,2026-02-10,110740,1,2,0,56.0
10109872GOMESP_2026-02-10_G79,10109872GOMESP,2026-02-10,118140,1,4,0,109.0
10109872GOMESP_2026-02-10_G80,10109872GOMESP,2026-02-10,109645,1,2,0,90.0
10109872GOMESP_2026-02-10_G81,10109872GOMESP,2026-02-10,117820,1,6,0,121.0
10109872GOMESP_2026-02-10_G82,10109872GOMESP,2026-02-10,110374,1,4,0,70.0
10109872GOMESP_2026-02-10_G83,10109872GOMESP,2026-02-10,117820,1,5,0,61.0
10109872GOMESP_2026-02-10_G84,10109872GOMESP,2026-02-10,117832,1,9,0,89.0
10109872GOMESP_2026-02-10_G85,10109872GOMESP,2026-02-10,110373,1,8,0,151.0
10109872GOMESP_2026-02-10_G87,10109872GOMESP,2026-02-10,111430,1,34,0,263.0
10109872GOMESP_2026-02-10_G88,10109872GOMESP,2026-02-10,110755,1,6,0,212.0
10109872GOMESP_2026-02-10_G89,10109872GOMESP,2026-02-10,142045,1,2,0,75.0
10109872GOMESP_2026-02-10_G90,10109872GOMESP,2026-02-10,110747,1,4,0,106.0
10109872GOMESP_2026-02-10_G91,10109872GOMESP,2026-02-10,110742,1,2,0,173.0
10109872GOMESP_2026-02-10_G92,10109872GOMESP,2026-02-10,111569,1,12,0,361.0
10109872GOMESP_2026-02-10_G93,10109872GOMESP,2026-02-10,118140,1,4,0,201.0
10109872GOMESP_2026-02-10_G94,10109872GOMESP,2026-02-10,111463,1,22,0,499.0
10109872GOMESP_2026-02-10_G95,10109872GOMESP,2026-02-10,111468,1,4,0,73.0
10109872GOMESP_2026-02-10_G96,10109872GOMESP,2026-02-10,141456,1,5,0,85.0
10109872GOMESP_2026-02-10_G97,10109872GOMESP,2026-02-10,111532,1,6,0,142.0
10109872GOMESP_2026-02-10_G98,10109872GOMESP,2026-02-10,141457,1,14,0,117.0
10109872GOMESP_2026-02-10_G99,10109872GOMESP,2026-02-10,111433,1,8,0,120.0
10109872GOMESP_2026-02-10_G100,10109872GOMESP,2026-02-10,111444,1,6,0,52.0
10109872GOMESP_2026-02-11_G02,10109872GOMESP,2026-02-11,117835,1,3,0,104.0
10109872GOMESP_2026-02-11_G03,10109872GOMESP,2026-02-11,116527,1,5,0,346.0
10109872GOMESP_2026-02-11_G04,10109872GOMESP,2026-02-11,141916,1,4,0,92.0
10109872GOMESP_2026-02-11_G05,10109872GOMESP,2026-02-11,110742,1,44,0,88.0
10109872GOMESP_2026-02-11_G06,10109872GOMESP,2026-02-11,117789,1,2,0,253.0
10109872GOMESP_2026-02-11_G07,10109872GOMESP,2026-02-11,117808,1,150,0,342.0
10109872GOMESP_2026-02-11_G08,10109872GOMESP,2026-02-11,110372,1,642,0,2258.0
10109872GOMESP_2026-02-11_G09,10109872GOMESP,2026-02-11,118140,1,395,0,706.0
10109872GOMESP_2026-02-11_G10,10109872GOMESP,2026-02-11,117797,1,2,0,1390.0
10109872GOMESP_2026-02-11_G11,10109872GOMESP,2026-02-11,111443,1,4,0,121.0
10109872GOMESP_2026-02-11_G12,10109872GOMESP,2026-02-11,111437,1,8,0,149.0
10109872GOMESP_2026-02-11_G13,10109872GOMESP,2026-02-11,111530,1,4,0,137.0
10109872GOMESP_2026-02-11_G14,10109872GOMESP,2026-02-11,117831,1,4,0,121.0
10109872GOMESP_2026-02-11_G15,10109872GOMESP,2026-02-11,110740,1,4,0,76.0
10109872GOMESP_2026-02-11_G16,10109872GOMESP,2026-02-11,111466,1,4,0,80.0
10109872GOMESP_2026-02-11_G17,10109872GOMESP,2026-02-11,111466,1,16,0,92.0
10109872GOMESP_2026-02-11_G18,10109872GOMESP,2026-02-11,111435,1,12,0,457.0
10109872GOMESP_2026-02-11_G19,10109872GOMESP,2026-02-11,117808,1,120,0,422.0
10109872GOMESP_2026-02-11_G20,10109872GOMESP,2026-02-11,110376,1,3,0,146.0
10109872GOMESP_2026-02-11_G21,10109872GOMESP,2026-02-11,110747,1,8,0,1436.0
10109872GOMESP_2026-02-11_G22,10109872GOMESP,2026-02-11,110787,1,10,0,177.0
10109872GOMESP_2026-02-11_G23,10109872GOMESP,2026-02-11,110755,1,4,0,431.0
10109872GOMESP_2026-02-11_G24,10109872GOMESP,2026-02-11,110339,1,4,0,88.0
10109872GOMESP_2026-02-11_G25,10109872GOMESP,2026-02-11,141166,1,3,0,126.0
10109872GOMESP_2026-02-11_G26,10109872GOMESP,2026-02-11,111466,1,2,0,153.0
10109872GOMESP_2026-02-11_G27,10109872GOMESP,2026-02-11,118140,1,26,0,513.0
10109872GOMESP_2026-02-11_G28,10109872GOMESP,2026-02-11,117808,1,6,0,143.0
10109872GOMESP_2026-02-11_G29,10109872GOMESP,2026-02-11,110373,1,15,0,159.0
10109872GOMESP_2026-02-11_G30,10109872GOMESP,2026-02-11,141166,1,10,0,329.0
10109872GOMESP_2026-02-11_G31,10109872GOMESP,2026-02-11,111466,1,6,0,104.0
10109872GOMESP_2026-02-11_G32,10109872GOMESP,2026-02-11,117808,1,2,0,101.0
10109872GOMESP_2026-02-11_G33,10109872GOMESP,2026-02-11,110373,1,14,0,171.0
10109872GOMESP_2026-02-11_G34,10109872GOMESP,2026-02-11,140923,1,4,0,648.0
10109872GOMESP_2026-02-11_G36,10109872GOMESP,2026-02-11,117820,3,47,12,828.0
10109872GOMESP_2026-02-11_G37,10109872GOMESP,2026-02-11,117822,1,8,0,209.0
10109872GOMESP_2026-02-11_G38,10109872GOMESP,2026-02-11,141202,1,6,0,73.0
10109872GOMESP_2026-02-11_G39,10109872GOMESP,2026-02-11,110372,4,120,32,181.0
10109872GOMESP_2026-02-11_G40,10109872GOMESP,2026-02-11,110375,1,10,0,436.0
10109872GOMESP_2026-02-11_G41,10109872GOMESP,2026-02-11,117832,3,25,26,155.0
10109872GOMESP_2026-02-11_G42,10109872GOMESP,2026-02-11,117830,2,30,10,170.0
10109872GOMESP_2026-02-11_G43,10109872GOMESP,2026-02-11,111876,1,10,0,383.0
10109872GOMESP_2026-02-11_G44,10109872GOMESP,2026-02-11,117861,1,10,0,82.0
10109872GOMESP_2026-02-11_G45,10109872GOMESP,2026-02-11,110756,1,4,0,76.0
10109872GOMESP_2026-02-11_G46,10109872GOMESP,2026-02-11,141352,1,5,0,56.0
10109872GOMESP_2026-02-11_G47,10109872GOMESP,2026-02-11,111353,1,2,0,39.0
10109872GOMESP_2026-02-11_G48,10109872GOMESP,2026-02-11,117837,1,3,0,77.0
10109872GOMESP_2026-02-11_G49,10109872GOMESP,2026-02-11,117854,1,4,0,89.0
10109872GOMESP_2026-02-11_G50,10109872GOMESP,2026-02-11,111743,1,4,0,1101.0
10109872GOMESP_2026-02-11_G51,10109872GOMESP,2026-02-11,118140,1,8,0,118.0
10109872GOMESP_2026-02-11_G52,10109872GOMESP,2026-02-11,111759,1,4,0,134.0
10109872GOMESP_2026-02-11_G53,10109872GOMESP,2026-02-11,111634,1,10,0,139.0
10109872GOMESP_2026-02-11_G54,10109872GOMESP,2026-02-11,141155,1,2,0,79.0
10109872GOMESP_2026-02-11_G55,10109872GOMESP,2026-02-11,141140,1,3,0,76.0
10109872GOMESP_2026-02-11_G56,10109872GOMESP,2026-02-11,111634,1,8,0,66.0
10109872GOMESP_2026-02-11_G57,10109872GOMESP,2026-02-11,111445,1,9,0,734.0
10109872GOMESP_2026-02-11_G58,10109872GOMESP,2026-02-11,110339,1,8,0,144.0
10109872GOMESP_2026-02-11_G59,10109872GOMESP,2026-02-11,111602,1,4,0,54.0
10109872GOMESP_2026-02-11_G60,10109872GOMESP,2026-02-11,111439,1,6,0,145.0
10109872GOMESP_2026-02-11_G61,10109872GOMESP,2026-02-11,110711,1,7,0,217.0
10109872GOMESP_2026-02-11_G62,10109872GOMESP,2026-02-11,111602,1,6,0,72.0
10109872GOMESP_2026-02-11_G63,10109872GOMESP,2026-02-11,141166,1,4,0,104.0
10109872GOMESP_2026-02-11_G64,10109872GOMESP,2026-02-11,111468,1,1,0,122.0
10109872GOMESP_2026-02-12_G02,10109872GOMESP,2026-02-12,118140,1,2,0,65.0
10109872GOMESP_2026-02-12_G03,10109872GOMESP,2026-02-12,141271,1,2,0,46.0
10109872GOMESP_2026-02-12_G04,10109872GOMESP,2026-02-12,141823,1,2,0,47.0
10109872GOMESP_2026-02-12_G05,10109872GOMESP,2026-02-12,"111442, 111418",2,12,27,216.0
10109872GOMESP_2026-02-12_G06,10109872GOMESP,2026-02-12,111463,1,4,0,252.0
10109872GOMESP_2026-02-12_G07,10109872GOMESP,2026-02-12,108798,1,4,0,81.0
10109872GOMESP_2026-02-12_G08,10109872GOMESP,2026-02-12,111445,1,2,0,129.0
10109872GOMESP_2026-02-12_G09,10109872GOMESP,2026-02-12,111442,1,4,0,78.0
10109872GOMESP_2026-02-12_G10,10109872GOMESP,2026-02-12,111442,1,4,0,39.0
10109872GOMESP_2026-02-12_G11,10109872GOMESP,2026-02-12,111466,1,2,0,322.0
10109872GOMESP_2026-02-12_G12,10109872GOMESP,2026-02-12,118140,1,4,0,79.0
10109872GOMESP_2026-02-12_G13,10109872GOMESP,2026-02-12,141823,1,2,0,60.0
10109872GOMESP_2026-02-12_G14,10109872GOMESP,2026-02-12,110374,1,2,0,117.0
10109872GOMESP_2026-02-12_G15,10109872GOMESP,2026-02-12,108711,1,6,0,83.0
10109872GOMESP_2026-02-12_G16,10109872GOMESP,2026-02-12,140923,1,4,0,139.0
10109872GOMESP_2026-02-12_G17,10109872GOMESP,2026-02-12,110339,1,2,0,109.0
10109872GOMESP_2026-02-12_G18,10109872GOMESP,2026-02-12,110740,1,6,0,133.0
10109872GOMESP_2026-02-12_G19,10109872GOMESP,2026-02-12,108711,1,1,0,179.0
10109872GOMESP_2026-02-12_G20,10109872GOMESP,2026-02-12,118140,1,1,0,69.0
10109872GOMESP_2026-02-12_G21,10109872GOMESP,2026-02-12,117785,1,2,0,99.0
10109872GOMESP_2026-02-12_G22,10109872GOMESP,2026-02-12,117808,1,10,0,329.0
10109872GOMESP_2026-02-12_G23,10109872GOMESP,2026-02-12,117820,1,10,0,123.0
10109872GOMESP_2026-02-12_G24,10109872GOMESP,2026-02-12,118299,1,18,0,122.0
10109872GOMESP_2026-02-12_G25,10109872GOMESP,2026-02-12,110372,1,10,0,104.0
10109872GOMESP_2026-02-12_G26,10109872GOMESP,2026-02-12,118299,1,4,0,717.0
10109872GOMESP_2026-02-12_G27,10109872GOMESP,2026-02-12,110372,1,20,0,319.0
10109872GOMESP_2026-02-12_G28,10109872GOMESP,2026-02-12,111430,1,5,0,143.0
10109872GOMESP_2026-02-12_G29,10109872GOMESP,2026-02-12,110755,1,6,0,125.0
10109872GOMESP_2026-02-12_G30,10109872GOMESP,2026-02-12,142045,1,8,0,379.0
10109872GOMESP_2026-02-12_G31,10109872GOMESP,2026-02-12,110747,1,2,0,90.0
10109872GOMESP_2026-02-12_G32,10109872GOMESP,2026-02-12,141916,1,2,0,170.0
10109872GOMESP_2026-02-12_G33,10109872GOMESP,2026-02-12,111569,1,8,0,108.0
10109872GOMESP_2026-02-12_G34,10109872GOMESP,2026-02-12,140923,1,15,0,195.0
10109872GOMESP_2026-02-12_G35,10109872GOMESP,2026-02-12,110741,1,4,0,89.0
10109872GOMESP_2026-02-12_G36,10109872GOMESP,2026-02-12,111467,1,2,0,49.0
10109872GOMESP_2026-02-12_G37,10109872GOMESP,2026-02-12,117862,1,2,0,96.0
10109872GOMESP_2026-02-12_G38,10109872GOMESP,2026-02-12,111602,1,10,0,135.0
10109872GOMESP_2026-02-12_G39,10109872GOMESP,2026-02-12,110339,1,2,0,106.0
10109872GOMESP_2026-02-12_G40,10109872GOMESP,2026-02-12,109641,1,2,0,329.0
10109872GOMESP_2026-02-12_G41,10109872GOMESP,2026-02-12,110740,1,12,0,94.0
10109872GOMESP_2026-02-12_G42,10109872GOMESP,2026-02-12,111743,1,3,0,74.0
10109872GOMESP_2026-02-12_G43,10109872GOMESP,2026-02-12,111466,1,20,0,177.0
10109872GOMESP_2026-02-12_G44,10109872GOMESP,2026-02-12,118140,1,10,0,116.0
10109872GOMESP_2026-02-12_G45,10109872GOMESP,2026-02-12,109645,1,8,0,126.0
10109872GOMESP_2026-02-12_G46,10109872GOMESP,2026-02-12,111465,1,7,0,180.0
10109872GOMESP_2026-02-12_G47,10109872GOMESP,2026-02-12,141458,1,10,0,92.0
10109872GOMESP_2026-02-12_G48,10109872GOMESP,2026-02-12,117785,1,2,0,37.0
10109872GOMESP_2026-02-12_G49,10109872GOMESP,2026-02-12,111441,1,5,0,714.0
10109872GOMESP_2026-02-12_G50,10109872GOMESP,2026-02-12,111438,1,11,0,130.0
10109872GOMESP_2026-02-12_G51,10109872GOMESP,2026-02-12,110747,1,9,0,111.0
10109872GOMESP_2026-02-12_G52,10109872GOMESP,2026-02-12,107629,1,3,0,101.0
10109872GOMESP_2026-02-12_G53,10109872GOMESP,2026-02-12,111530,1,6,0,136.0
10109872GOMESP_2026-02-12_G54,10109872GOMESP,2026-02-12,111602,1,5,0,115.0
10109872GOMESP_2026-02-12_G55,10109872GOMESP,2026-02-12,110740,1,2,0,105.0
10109872GOMESP_2026-02-12_G56,10109872GOMESP,2026-02-12,117821,1,2,0,42.0
10109872GOMESP_2026-02-12_G57,10109872GOMESP,2026-02-12,118140,1,3,0,105.0
10109872GOMESP_2026-02-12_G58,10109872GOMESP,2026-02-12,111463,1,11,0,116.0
10109872GOMESP_2026-02-12_G59,10109872GOMESP,2026-02-12,110371,1,6,0,475.0
10109872GOMESP_2026-02-12_G60,10109872GOMESP,2026-02-12,117808,1,7,0,83.0
10109872GOMESP_2026-02-12_G61,10109872GOMESP,2026-02-12,110372,1,4,0,68.0
10109872GOMESP_2026-02-12_G62,10109872GOMESP,2026-02-12,110373,1,11,0,159.0
10109872GOMESP_2026-02-12_G63,10109872GOMESP,2026-02-12,118094,1,5,0,235.0
10109872GOMESP_2026-02-12_G64,10109872GOMESP,2026-02-12,142080,1,3,0,138.0
10109872GOMESP_2026-02-12_G65,10109872GOMESP,2026-02-12,118317,1,8,0,535.0
10109872GOMESP_2026-02-12_G67,10109872GOMESP,2026-02-12,110500,1,6,0,272.0
10109872GOMESP_2026-02-12_G68,10109872GOMESP,2026-02-12,111660,1,9,0,160.0
10109872GOMESP_2026-02-12_G69,10109872GOMESP,2026-02-12,110030,1,2,0,562.0
10109872GOMESP_2026-02-12_G70,10109872GOMESP,2026-02-12,110310,1,4,0,132.0
10109872GOMESP_2026-02-12_G71,10109872GOMESP,2026-02-12,111441,1,12,0,155.0
10109872GOMESP_2026-02-12_G72,10109872GOMESP,2026-02-12,110454,1,1,0,225.0
10109872GOMESP_2026-02-12_G73,10109872GOMESP,2026-02-12,142045,1,50,0,334.0
10109872GOMESP_2026-02-12_G74,10109872GOMESP,2026-02-12,111832,1,2,0,381.0
10109872GOMESP_2026-02-12_G75,10109872GOMESP,2026-02-12,111438,1,11,0,236.0
10109872GOMESP_2026-02-12_G76,10109872GOMESP,2026-02-12,111569,1,21,0,149.0
10109872GOMESP_2026-02-12_G77,10109872GOMESP,2026-02-12,110582,1,20,0,332.0
10109872GOMESP_2026-02-12_G78,10109872GOMESP,2026-02-12,110753,1,6,0,547.0
10109872GOMESP_2026-02-12_G79,10109872GOMESP,2026-02-12,141035,1,2,0,141.0
10109872GOMESP_2026-02-12_G80,10109872GOMESP,2026-02-12,140923,1,200,0,400.0
10109872GOMESP_2026-02-12_G81,10109872GOMESP,2026-02-12,117862,1,10,0,572.0
10109872GOMESP_2026-02-12_G82,10109872GOMESP,2026-02-12,109647,1,4,0,144.0
10109872GOMESP_2026-02-12_G83,10109872GOMESP,2026-02-12,117854,1,8,0,423.0
10109872GOMESP_2026-02-12_G84,10109872GOMESP,2026-02-12,118285,1,11,0,368.0
10109872GOMESP_2026-02-12_G85,10109872GOMESP,2026-02-12,111348,1,20,0,114.0
10109872GOMESP_2026-02-12_G86,10109872GOMESP,2026-02-12,110740,1,20,0,153.0
10109872GOMESP_2026-02-12_G87,10109872GOMESP,2026-02-12,110332,1,27,0,482.0
10109872GOMESP_2026-02-13_G02,10109872GOMESP,2026-02-13,117832,1,2,0,148.0
10109872GOMESP_2026-02-13_G03,10109872GOMESP,2026-02-13,110372,1,13,0,145.0
10109872GOMESP_2026-02-13_G04,10109872GOMESP,2026-02-13,110755,1,2,0,236.0
10109872GOMESP_2026-02-13_G05,10109872GOMESP,2026-02-13,111438,1,4,0,78.0
10109872GOMESP_2026-02-13_G06,10109872GOMESP,2026-02-13,110747,1,4,0,82.0
10109872GOMESP_2026-02-13_G07,10109872GOMESP,2026-02-13,111569,1,2,0,126.0
10109872GOMESP_2026-02-13_G08,10109872GOMESP,2026-02-13,140923,1,4,0,118.0
10109872GOMESP_2026-02-13_G09,10109872GOMESP,2026-02-13,117856,1,8,0,146.0
10109872GOMESP_2026-02-13_G10,10109872GOMESP,2026-02-13,110374,1,4,0,108.0
10109872GOMESP_2026-02-13_G11,10109872GOMESP,2026-02-13,110371,1,7,0,72.0
10109872GOMESP_2026-02-13_G12,10109872GOMESP,2026-02-13,117820,1,2,0,48.0
10109872GOMESP_2026-02-13_G13,10109872GOMESP,2026-02-13,110372,1,5,0,87.0
10109872GOMESP_2026-02-13_G14,10109872GOMESP,2026-02-13,110373,1,14,0,139.0
10109872GOMESP_2026-02-13_G15,10109872GOMESP,2026-02-13,111660,1,8,0,1211.0
10109872GOMESP_2026-02-13_G16,10109872GOMESP,2026-02-13,142045,1,20,0,116.0
10109872GOMESP_2026-02-13_G17,10109872GOMESP,2026-02-13,117834,1,10,0,781.0
10109872GOMESP_2026-02-13_G18,10109872GOMESP,2026-02-13,111430,1,12,0,97.0
10109872GOMESP_2026-02-13_G19,10109872GOMESP,2026-02-13,111441,2,26,8,63.0
10109872GOMESP_2026-02-13_G20,10109872GOMESP,2026-02-13,100334,1,15,0,454.0
10109872GOMESP_2026-02-13_G21,10109872GOMESP,2026-02-13,140923,1,50,0,132.0
10109872GOMESP_2026-02-13_G22,10109872GOMESP,2026-02-13,110752,1,2,0,157.0
10109872GOMESP_2026-02-13_G23,10109872GOMESP,2026-02-13,118094,1,24,0,210.0
10109872GOMESP_2026-02-13_G24,10109872GOMESP,2026-02-13,118298,1,4,0,92.0
10109872GOMESP_2026-02-13_G25,10109872GOMESP,2026-02-13,117862,1,40,0,99.0
10109872GOMESP_2026-02-13_G26,10109872GOMESP,2026-02-13,111650,1,4,0,290.0
10109872GOMESP_2026-02-13_G27,10109872GOMESP,2026-02-13,110711,1,9,0,126.0
10109872GOMESP_2026-02-13_G28,10109872GOMESP,2026-02-13,110711,1,5,0,46.0
10109872GOMESP_2026-02-13_G29,10109872GOMESP,2026-02-13,141352,1,12,0,118.0
10109872GOMESP_2026-02-13_G30,10109872GOMESP,2026-02-13,117837,1,4,0,215.0
10109872GOMESP_2026-02-13_G31,10109872GOMESP,2026-02-13,141456,1,50,0,154.0
10109872GOMESP_2026-02-13_G32,10109872GOMESP,2026-02-13,107830,1,40,0,172.0
10109872GOMESP_2026-02-13_G33,10109872GOMESP,2026-02-13,110372,1,200,0,826.0
10109872GOMESP_2026-02-13_G34,10109872GOMESP,2026-02-13,117830,1,75,0,202.0
10109872GOMESP_2026-02-14_G02,10109872GOMESP,2026-02-14,109641,1,10,0,181.0
10109872GOMESP_2026-02-14_G03,10109872GOMESP,2026-02-14,118299,1,8,0,179.0
10109872GOMESP_2026-02-14_G04,10109872GOMESP,2026-02-14,117820,1,4,0,66.0
10109872GOMESP_2026-02-14_G05,10109872GOMESP,2026-02-14,110372,1,8,0,143.0
10109872GOMESP_2026-02-14_G06,10109872GOMESP,2026-02-14,111660,1,8,0,190.0
10109872GOMESP_2026-02-14_G07,10109872GOMESP,2026-02-14,142045,1,4,0,92.0
10109872GOMESP_2026-02-14_G08,10109872GOMESP,2026-02-14,111438,1,11,0,407.0
10109872GOMESP_2026-02-14_G09,10109872GOMESP,2026-02-14,110747,1,4,0,546.0
10109872GOMESP_2026-02-14_G10,10109872GOMESP,2026-02-14,109647,1,4,0,873.0
10109872GOMESP_2026-02-14_G11,10109872GOMESP,2026-02-14,142080,1,21,0,309.0
10109872GOMESP_2026-02-14_G12,10109872GOMESP,2026-02-14,117831,1,8,0,562.0
10109872GOMESP_2026-02-14_G13,10109872GOMESP,2026-02-14,110787,1,12,0,285.0
10109872GOMESP_2026-02-14_G14,10109872GOMESP,2026-02-14,141271,1,8,0,108.0
10109872GOMESP_2026-02-14_G15,10109872GOMESP,2026-02-14,141823,1,6,0,76.0
10109872GOMESP_2026-02-14_G16,10109872GOMESP,2026-02-14,109645,1,4,0,76.0
10109872GOMESP_2026-02-14_G17,10109872GOMESP,2026-02-14,111465,1,4,0,85.0
10109872GOMESP_2026-02-14_G18,10109872GOMESP,2026-02-14,117820,1,8,0,140.0
10109872GOMESP_2026-02-14_G19,10109872GOMESP,2026-02-14,117808,1,44,0,179.0
10109872GOMESP_2026-02-14_G20,10109872GOMESP,2026-02-14,160051,1,8,0,352.0
10109872GOMESP_2026-02-14_G21,10109872GOMESP,2026-02-14,110372,1,16,0,114.0
10109872GOMESP_2026-02-14_G22,10109872GOMESP,2026-02-14,117830,2,20,13,113.0
10109872GOMESP_2026-02-14_G24,10109872GOMESP,2026-02-14,111418,1,408,0,1016.0
10109872GOMESP_2026-02-14_G25,10109872GOMESP,2026-02-14,117785,1,214,0,457.0
10109872GOMESP_2026-02-14_G26,10109872GOMESP,2026-02-14,118299,1,373,0,723.0
10109872GOMESP_2026-02-14_G27,10109872GOMESP,2026-02-14,110371,1,118,0,188.0
10109872GOMESP_2026-02-14_G28,10109872GOMESP,2026-02-14,117820,1,126,0,671.0
10109872GOMESP_2026-02-14_G29,10109872GOMESP,2026-02-14,110372,1,351,0,779.0
10109872GOMESP_2026-02-14_G31,10109872GOMESP,2026-02-14,110373,1,2,0,94.0
10109872GOMESP_2026-02-14_G32,10109872GOMESP,2026-02-14,118140,1,2,0,97.0
10109872GOMESP_2026-02-14_G33,10109872GOMESP,2026-02-14,110787,1,4,0,61.0
10109872GOMESP_2026-02-14_G34,10109872GOMESP,2026-02-14,111466,1,3,0,51.0
10109872GOMESP_2026-02-14_G35,10109872GOMESP,2026-02-14,111418,1,2,0,41.0
10109872GOMESP_2026-02-14_G36,10109872GOMESP,2026-02-14,141271,1,2,0,34.0
10109872GOMESP_2026-02-14_G37,10109872GOMESP,2026-02-14,141823,1,2,0,96.0
10109872GOMESP_2026-02-14_G38,10109872GOMESP,2026-02-14,111465,1,2,0,97.0
10109872GOMESP_2026-02-14_G39,10109872GOMESP,2026-02-14,111463,1,2,0,69.0
10109872GOMESP_2026-02-14_G40,10109872GOMESP,2026-02-14,"111418, 111466",2,112,19,1190.0
10109872GOMESP_2026-02-16_G02,10109872GOMESP,2026-02-16,111530,1,38,0,313.0
10109872GOMESP_2026-02-16_G03,10109872GOMESP,2026-02-16,111530,1,70,0,102.0
10109872GOMESP_2026-02-16_G04,10109872GOMESP,2026-02-16,111602,1,32,0,284.0
10109872GOMESP_2026-02-16_G05,10109872GOMESP,2026-02-16,111602,2,35,19,342.0
10109872GOMESP_2026-02-16_G06,10109872GOMESP,2026-02-16,141166,1,16,0,305.0
10109872GOMESP_2026-02-16_G07,10109872GOMESP,2026-02-16,111530,1,5,0,205.0
10109872GOMESP_2026-02-16_G08,10109872GOMESP,2026-02-16,110787,1,32,0,249.0
10109872GOMESP_2026-02-16_G09,10109872GOMESP,2026-02-16,111438,1,6,0,110.0
10109872GOMESP_2026-02-16_G10,10109872GOMESP,2026-02-16,111467,1,6,0,117.0
10109872GOMESP_2026-02-16_G11,10109872GOMESP,2026-02-16,117861,2,9,7,113.0
10109872GOMESP_2026-02-16_G12,10109872GOMESP,2026-02-16,111530,1,27,0,295.0
10109872GOMESP_2026-02-16_G13,10109872GOMESP,2026-02-16,117856,1,25,0,545.0
10109872GOMESP_2026-02-16_G14,10109872GOMESP,2026-02-16,142080,1,4,0,345.0
10109872GOMESP_2026-02-16_G15,10109872GOMESP,2026-02-16,110787,1,10,0,398.0
10109872GOMESP_2026-02-16_G16,10109872GOMESP,2026-02-16,111466,1,10,0,110.0
10109872GOMESP_2026-02-16_G17,10109872GOMESP,2026-02-16,142093,1,20,0,221.0
10109872GOMESP_2026-02-16_G18,10109872GOMESP,2026-02-16,110374,1,22,0,112.0
10109872GOMESP_2026-02-16_G19,10109872GOMESP,2026-02-16,117809,1,4,0,244.0
10109872GOMESP_2026-02-16_G20,10109872GOMESP,2026-02-16,111530,1,4,0,224.0
10109872GOMESP_2026-02-16_G21,10109872GOMESP,2026-02-16,111530,1,12,0,133.0
10109872GOMESP_2026-02-16_G22,10109872GOMESP,2026-02-16,111530,1,4,0,48.0
10109872GOMESP_2026-02-16_G23,10109872GOMESP,2026-02-16,117830,1,10,0,162.0
10109872GOMESP_2026-02-16_G24,10109872GOMESP,2026-02-16,141457,1,2,0,325.0
10109872GOMESP_2026-02-16_G25,10109872GOMESP,2026-02-16,111655,1,4,0,1428.0
10109872GOMESP_2026-02-16_G26,10109872GOMESP,2026-02-16,111441,1,4,0,145.0
10109872GOMESP_2026-02-16_G27,10109872GOMESP,2026-02-16,110755,1,4,0,114.0
10109872GOMESP_2026-02-16_G28,10109872GOMESP,2026-02-16,107629,1,4,0,76.0
10109872GOMESP_2026-02-16_G29,10109872GOMESP,2026-02-16,111530,1,16,0,166.0
10109872GOMESP_2026-02-16_G30,10109872GOMESP,2026-02-16,110711,1,4,0,574.0
10109872GOMESP_2026-02-16_G31,10109872GOMESP,2026-02-16,117856,1,4,0,174.0
10109872GOMESP_2026-02-16_G32,10109872GOMESP,2026-02-16,111530,1,8,0,143.0
10109872GOMESP_2026-02-16_G33,10109872GOMESP,2026-02-16,110325,1,4,0,330.0
10109872GOMESP_2026-02-16_G34,10109872GOMESP,2026-02-16,160051,1,6,0,82.0
10109872GOMESP_2026-02-16_G35,10109872GOMESP,2026-02-16,110372,1,20,0,121.0
10109872GOMESP_2026-02-16_G36,10109872GOMESP,2026-02-16,117832,1,4,0,84.0
10109872GOMESP_2026-02-16_G37,10109872GOMESP,2026-02-16,117820,1,32,0,301.0
10109872GOMESP_2026-02-16_G38,10109872GOMESP,2026-02-16,117808,1,43,0,333.0
10109872GOMESP_2026-02-16_G39,10109872GOMESP,2026-02-16,142045,1,2,0,300.0
10109872GOMESP_2026-02-16_G40,10109872GOMESP,2026-02-16,117834,1,4,0,46.0
10109872GOMESP_2026-02-16_G41,10109872GOMESP,2026-02-16,117835,1,4,0,75.0
10109872GOMESP_2026-02-16_G42,10109872GOMESP,2026-02-16,110752,1,4,0,107.0
10109872GOMESP_2026-02-16_G43,10109872GOMESP,2026-02-16,111530,1,4,0,228.0
10109872GOMESP_2026-02-16_G44,10109872GOMESP,2026-02-16,110711,1,1,0,82.0
10109872GOMESP_2026-02-16_G45,10109872GOMESP,2026-02-16,117785,1,10,0,176.0
10109872GOMESP_2026-02-16_G46,10109872GOMESP,2026-02-16,108794,1,2,0,79.0
10109872GOMESP_2026-02-16_G47,10109872GOMESP,2026-02-16,111172,1,4,0,123.0
10109872GOMESP_2026-02-16_G48,10109872GOMESP,2026-02-16,111418,1,5,0,109.0
10109872GOMESP_2026-02-16_G49,10109872GOMESP,2026-02-16,107236,1,2,0,46.0
10109872GOMESP_2026-02-16_G50,10109872GOMESP,2026-02-16,109645,1,2,0,136.0
10109872GOMESP_2026-02-16_G51,10109872GOMESP,2026-02-16,117787,1,2,0,66.0
10109872GOMESP_2026-02-16_G52,10109872GOMESP,2026-02-16,107830,1,1,0,72.0
10109872GOMESP_2026-02-16_G53,10109872GOMESP,2026-02-16,118299,1,21,0,186.0
10109872GOMESP_2026-02-16_G54,10109872GOMESP,2026-02-16,110372,1,24,0,258.0
10109872GOMESP_2026-02-16_G55,10109872GOMESP,2026-02-16,110755,1,9,0,398.0
10109872GOMESP_2026-02-16_G56,10109872GOMESP,2026-02-16,110895,1,8,0,85.0
10109872GOMESP_2026-02-16_G57,10109872GOMESP,2026-02-16,111438,1,4,0,82.0
10109872GOMESP_2026-02-16_G58,10109872GOMESP,2026-02-16,111530,1,4,0,78.0
10109872GOMESP_2026-02-16_G59,10109872GOMESP,2026-02-16,109647,1,8,0,111.0
10109872GOMESP_2026-02-16_G60,10109872GOMESP,2026-02-16,109641,1,10,0,303.0
10109872GOMESP_2026-02-16_G61,10109872GOMESP,2026-02-16,108711,1,7,0,89.0
10109872GOMESP_2026-02-16_G62,10109872GOMESP,2026-02-16,118140,1,19,0,692.0
10109872GOMESP_2026-02-16_G63,10109872GOMESP,2026-02-16,110787,1,11,0,107.0
10109872GOMESP_2026-02-16_G64,10109872GOMESP,2026-02-16,111466,1,15,0,80.0
10109872GOMESP_2026-02-16_G65,10109872GOMESP,2026-02-16,111442,1,4,0,71.0
10109872GOMESP_2026-02-16_G66,10109872GOMESP,2026-02-16,109645,1,9,0,101.0
10109872GOMESP_2026-02-16_G67,10109872GOMESP,2026-02-16,111463,1,15,0,116.0
10109872GOMESP_2026-02-16_G68,10109872GOMESP,2026-02-16,141456,1,15,0,161.0
10109872GOMESP_2026-02-16_G69,10109872GOMESP,2026-02-16,118299,1,35,0,523.0
10109872GOMESP_2026-02-16_G70,10109872GOMESP,2026-02-16,117808,1,25,0,270.0
10109872GOMESP_2026-02-16_G71,10109872GOMESP,2026-02-16,110325,1,6,0,58.0
10109872GOMESP_2026-02-16_G72,10109872GOMESP,2026-02-16,110372,1,28,0,195.0
10109872GOMESP_2026-02-16_G74,10109872GOMESP,2026-02-16,117832,1,13,0,161.0
10109872GOMESP_2026-02-16_G75,10109872GOMESP,2026-02-16,141456,1,8,0,147.0
10109872GOMESP_2026-02-16_G76,10109872GOMESP,2026-02-16,117830,1,12,0,710.0
10109872GOMESP_2026-02-16_G77,10109872GOMESP,2026-02-16,142045,1,4,0,322.0
10109872GOMESP_2026-02-16_G78,10109872GOMESP,2026-02-16,111441,1,4,0,187.0
10109872GOMESP_2026-02-16_G79,10109872GOMESP,2026-02-16,117836,1,4,0,676.0
10109872GOMESP_2026-02-16_G80,10109872GOMESP,2026-02-16,111442,1,4,0,86.0
10109872GOMESP_2026-02-16_G81,10109872GOMESP,2026-02-16,141456,1,1,0,99.0
10109872GOMESP_2026-02-16_G82,10109872GOMESP,2026-02-16,"118299, 117808",2,30,18,224.0
10109872GOMESP_2026-02-16_G83,10109872GOMESP,2026-02-16,110372,1,10,0,129.0
10109872GOMESP_2026-02-16_G84,10109872GOMESP,2026-02-16,117832,1,6,0,119.0
10109872GOMESP_2026-02-16_G85,10109872GOMESP,2026-02-16,117830,1,4,0,716.0
10109872GOMESP_2026-02-16_G86,10109872GOMESP,2026-02-16,111418,1,30,0,390.0
10109872GOMESP_2026-02-16_G87,10109872GOMESP,2026-02-16,107236,1,2,0,35.0
10109872GOMESP_2026-02-16_G88,10109872GOMESP,2026-02-16,108798,1,1,0,52.0
10109872GOMESP_2026-02-16_G89,10109872GOMESP,2026-02-16,111433,1,2,0,92.0
10109872GOMESP_2026-02-16_G90,10109872GOMESP,2026-02-16,111444,1,2,0,42.0
10109872GOMESP_2026-02-16_G91,10109872GOMESP,2026-02-16,110740,1,8,0,118.0
10109872GOMESP_2026-02-16_G92,10109872GOMESP,2026-02-16,111465,1,8,0,202.0
10109872GOMESP_2026-02-16_G93,10109872GOMESP,2026-02-16,111532,1,2,0,251.0
10109872GOMESP_2026-02-16_G94,10109872GOMESP,2026-02-16,117809,1,2,0,898.0
10109872GOMESP_2026-02-16_G95,10109872GOMESP,2026-02-16,118299,2,6,6,398.0
10109872GOMESP_2026-02-16_G96,10109872GOMESP,2026-02-16,117820,1,6,0,126.0
10109872GOMESP_2026-02-17_G02,10109872GOMESP,2026-02-17,109649,1,3,0,196.0
10109872GOMESP_2026-02-17_G03,10109872GOMESP,2026-02-17,141458,1,44,0,753.0
10109872GOMESP_2026-02-17_G04,10109872GOMESP,2026-02-17,110374,1,39,0,251.0
10109872GOMESP_2026-02-17_G05,10109872GOMESP,2026-02-17,110373,1,100,0,1087.0
10109872GOMESP_2026-02-17_G06,10109872GOMESP,2026-02-17,111468,1,4,0,520.0
10109872GOMESP_2026-02-17_G07,10109872GOMESP,2026-02-17,111742,1,10,0,435.0
10109872GOMESP_2026-02-17_G08,10109872GOMESP,2026-02-17,141140,1,12,0,330.0
10109872GOMESP_2026-02-17_G09,10109872GOMESP,2026-02-17,111751,1,8,0,405.0
10109872GOMESP_2026-02-17_G10,10109872GOMESP,2026-02-17,111740,1,10,0,202.0
10109872GOMESP_2026-02-17_G11,10109872GOMESP,2026-02-17,111634,1,10,0,220.0
10109872GOMESP_2026-02-17_G12,10109872GOMESP,2026-02-17,118191,1,30,0,265.0
10109872GOMESP_2026-02-17_G13,10109872GOMESP,2026-02-17,141262,1,40,0,1364.0
10109872GOMESP_2026-02-17_G14,10109872GOMESP,2026-02-17,141262,1,30,0,1512.0
10109872GOMESP_2026-02-17_G15,10109872GOMESP,2026-02-17,111439,1,4,0,787.0
10109872GOMESP_2026-02-17_G16,10109872GOMESP,2026-02-17,111468,1,6,0,203.0
10109872GOMESP_2026-02-17_G17,10109872GOMESP,2026-02-17,141458,1,3,0,296.0
10109872GOMESP_2026-02-17_G18,10109872GOMESP,2026-02-17,110373,1,80,0,257.0
10109872GOMESP_2026-02-17_G19,10109872GOMESP,2026-02-17,117808,1,20,0,476.0
10109872GOMESP_2026-02-17_G20,10109872GOMESP,2026-02-17,111418,1,4,0,77.0
10109872GOMESP_2026-02-17_G21,10109872GOMESP,2026-02-17,141458,1,4,0,104.0
10109872GOMESP_2026-02-17_G22,10109872GOMESP,2026-02-17,110374,1,4,0,113.0
10109872GOMESP_2026-02-17_G23,10109872GOMESP,2026-02-17,140923,1,4,0,220.0
10109872GOMESP_2026-02-17_G24,10109872GOMESP,2026-02-17,142045,1,2,0,47.0
10109872GOMESP_2026-02-17_G25,10109872GOMESP,2026-02-17,140923,1,2,0,40.0
10109872GOMESP_2026-02-17_G26,10109872GOMESP,2026-02-17,141823,1,2,0,293.0
10109872GOMESP_2026-02-17_G27,10109872GOMESP,2026-02-17,118299,1,10,0,378.0
10109872GOMESP_2026-02-17_G28,10109872GOMESP,2026-02-17,111468,1,2,0,136.0
10109872GOMESP_2026-02-17_G29,10109872GOMESP,2026-02-17,141458,1,16,0,312.0
10109872GOMESP_2026-02-17_G30,10109872GOMESP,2026-02-17,110374,1,32,0,351.0
10109872GOMESP_2026-02-17_G31,10109872GOMESP,2026-02-17,118250,1,4,0,1962.0
10109872GOMESP_2026-02-17_G32,10109872GOMESP,2026-02-17,111438,1,38,0,459.0
10109872GOMESP_2026-02-17_G33,10109872GOMESP,2026-02-17,111467,1,14,0,193.0
10109872GOMESP_2026-02-17_G34,10109872GOMESP,2026-02-17,111530,1,12,0,142.0
10109872GOMESP_2026-02-17_G35,10109872GOMESP,2026-02-17,111602,1,4,0,123.0
10109872GOMESP_2026-02-17_G37,10109872GOMESP,2026-02-17,141141,1,20,0,250.0
10109872GOMESP_2026-02-17_G38,10109872GOMESP,2026-02-17,111751,1,10,0,246.0
10109872GOMESP_2026-02-17_G39,10109872GOMESP,2026-02-17,141262,1,40,0,66.0
10109872GOMESP_2026-02-17_G40,10109872GOMESP,2026-02-17,118191,1,30,0,879.0
10109872GOMESP_2026-02-17_G41,10109872GOMESP,2026-02-17,111759,1,8,0,413.0
10109872GOMESP_2026-02-17_G42,10109872GOMESP,2026-02-17,141262,1,40,0,49.0
10109872GOMESP_2026-02-17_G43,10109872GOMESP,2026-02-17,111602,1,21,0,807.0
10109872GOMESP_2026-02-17_G44,10109872GOMESP,2026-02-17,111468,1,40,0,476.0
10109872GOMESP_2026-02-17_G45,10109872GOMESP,2026-02-17,141458,1,2,0,100.0
10109872GOMESP_2026-02-17_G46,10109872GOMESP,2026-02-17,117856,1,1,0,71.0
10109872GOMESP_2026-02-17_G47,10109872GOMESP,2026-02-17,141458,1,2,0,174.0
10109872GOMESP_2026-02-17_G48,10109872GOMESP,2026-02-17,111759,1,10,0,665.0
10109872GOMESP_2026-02-17_G49,10109872GOMESP,2026-02-17,141155,1,8,0,369.0
10109872GOMESP_2026-02-17_G50,10109872GOMESP,2026-02-17,141262,1,40,0,233.0
10109872GOMESP_2026-02-17_G51,10109872GOMESP,2026-02-17,111634,1,16,0,183.0
10109872GOMESP_2026-02-17_G52,10109872GOMESP,2026-02-17,118191,1,50,0,476.0
10109872GOMESP_2026-02-18_G02,10109872GOMESP,2026-02-18,160051,1,3,0,90.0
10109872GOMESP_2026-02-18_G04,10109872GOMESP,2026-02-18,109647,1,679,0,2350.0
10109872GOMESP_2026-02-18_G05,10109872GOMESP,2026-02-18,105705,1,23,0,242.0
10109872GOMESP_2026-02-18_G06,10109872GOMESP,2026-02-18,111463,1,50,0,342.0
10109872GOMESP_2026-02-18_G07,10109872GOMESP,2026-02-18,118306,1,4,0,1303.0
10109872GOMESP_2026-02-18_G08,10109872GOMESP,2026-02-18,111655,1,4,0,107.0
10109872GOMESP_2026-02-18_G09,10109872GOMESP,2026-02-18,117831,1,3,0,198.0
10109872GOMESP_2026-02-18_G10,10109872GOMESP,2026-02-18,141823,1,2,0,39.0
10109872GOMESP_2026-02-18_G11,10109872GOMESP,2026-02-18,111442,1,2,0,40.0
10109872GOMESP_2026-02-18_G12,10109872GOMESP,2026-02-18,107830,1,2,0,140.0
10109872GOMESP_2026-02-18_G13,10109872GOMESP,2026-02-18,111655,1,4,0,301.0
10109872GOMESP_2026-02-18_G14,10109872GOMESP,2026-02-18,140923,1,20,0,83.0
10109872GOMESP_2026-02-18_G15,10109872GOMESP,2026-02-18,117788,1,2,0,166.0
10109872GOMESP_2026-02-18_G16,10109872GOMESP,2026-02-18,111530,1,20,0,272.0
10109872GOMESP_2026-02-18_G17,10109872GOMESP,2026-02-18,110743,1,4,0,194.0
10109872GOMESP_2026-02-18_G18,10109872GOMESP,2026-02-18,108711,1,2,0,88.0
10109872GOMESP_2026-02-18_G19,10109872GOMESP,2026-02-18,111743,1,5,0,64.0
10109872GOMESP_2026-02-18_G20,10109872GOMESP,2026-02-18,117831,1,11,0,194.0
10109872GOMESP_2026-02-18_G21,10109872GOMESP,2026-02-18,141823,1,7,0,260.0
10109872GOMESP_2026-02-18_G22,10109872GOMESP,2026-02-18,110374,1,6,0,114.0
10109872GOMESP_2026-02-18_G23,10109872GOMESP,2026-02-18,118250,1,3,0,141.0
10109872GOMESP_2026-02-18_G24,10109872GOMESP,2026-02-18,118052,1,8,0,124.0
10109872GOMESP_2026-02-18_G25,10109872GOMESP,2026-02-18,"142045, 117834",2,10,21,129.0
10109872GOMESP_2026-02-18_G26,10109872GOMESP,2026-02-18,110454,1,2,0,144.0
10109872GOMESP_2026-02-18_G27,10109872GOMESP,2026-02-18,111438,1,4,0,356.0
10109872GOMESP_2026-02-18_G28,10109872GOMESP,2026-02-18,100334,1,4,0,102.0
10109872GOMESP_2026-02-18_G29,10109872GOMESP,2026-02-18,111530,1,100,0,196.0
10109872GOMESP_2026-02-18_G30,10109872GOMESP,2026-02-18,141166,1,12,0,828.0
10109872GOMESP_2026-02-18_G31,10109872GOMESP,2026-02-18,111442,2,16,7,102.0
10109872GOMESP_2026-02-19_G02,10109872GOMESP,2026-02-19,108711,1,2,0,66.0
10109872GOMESP_2026-02-19_G03,10109872GOMESP,2026-02-19,111743,1,4,0,69.0
10109872GOMESP_2026-02-19_G04,10109872GOMESP,2026-02-19,107236,1,4,0,94.0
10109872GOMESP_2026-02-19_G05,10109872GOMESP,2026-02-19,"109641, 117831",2,3,26,64.0
10109872GOMESP_2026-02-19_G06,10109872GOMESP,2026-02-19,108798,1,4,0,118.0
10109872GOMESP_2026-02-19_G07,10109872GOMESP,2026-02-19,117838,1,4,0,119.0
10109872GOMESP_2026-02-19_G08,10109872GOMESP,2026-02-19,109645,1,4,0,95.0
10109872GOMESP_2026-02-19_G09,10109872GOMESP,2026-02-19,111468,1,6,0,52.0
10109872GOMESP_2026-02-19_G10,10109872GOMESP,2026-02-19,109640,1,6,0,435.0
10109872GOMESP_2026-02-19_G11,10109872GOMESP,2026-02-19,111469,1,2,0,125.0
10109872GOMESP_2026-02-19_G12,10109872GOMESP,2026-02-19,111532,1,12,0,981.0
10109872GOMESP_2026-02-19_G13,10109872GOMESP,2026-02-19,111469,1,24,0,184.0
10109872GOMESP_2026-02-19_G14,10109872GOMESP,2026-02-19,110787,1,12,0,116.0
10109872GOMESP_2026-02-19_G15,10109872GOMESP,2026-02-19,111466,1,2,0,60.0
10109872GOMESP_2026-02-19_G16,10109872GOMESP,2026-02-19,118299,1,48,0,595.0
10109872GOMESP_2026-02-19_G17,10109872GOMESP,2026-02-19,141823,1,2,0,126.0
10109872GOMESP_2026-02-19_G18,10109872GOMESP,2026-02-19,109640,1,4,0,275.0
10109872GOMESP_2026-02-19_G19,10109872GOMESP,2026-02-19,108759,1,4,0,241.0
10109872GOMESP_2026-02-19_G20,10109872GOMESP,2026-02-19,109649,2,20,18,1306.0
10109872GOMESP_2026-02-19_G21,10109872GOMESP,2026-02-19,118350,1,4,0,233.0
10109872GOMESP_2026-02-19_G22,10109872GOMESP,2026-02-19,107263,2,8,9,295.0
10109872GOMESP_2026-02-19_G23,10109872GOMESP,2026-02-19,108794,1,32,0,354.0
10109872GOMESP_2026-02-19_G24,10109872GOMESP,2026-02-19,110751,1,6,0,95.0
10109872GOMESP_2026-02-19_G25,10109872GOMESP,2026-02-19,107236,1,5,0,80.0
10109872GOMESP_2026-02-19_G26,10109872GOMESP,2026-02-19,117838,3,42,20,174.0
10109872GOMESP_2026-02-19_G27,10109872GOMESP,2026-02-19,118223,1,4,0,349.0
10109872GOMESP_2026-02-19_G28,10109872GOMESP,2026-02-19,110740,1,16,0,139.0
10109872GOMESP_2026-02-19_G29,10109872GOMESP,2026-02-19,117838,2,17,8,121.0
10109872GOMESP_2026-02-19_G30,10109872GOMESP,2026-02-19,109647,2,15,7,331.0
10109872GOMESP_2026-02-19_G31,10109872GOMESP,2026-02-19,110711,3,104,32,182.0
10109872GOMESP_2026-02-19_G32,10109872GOMESP,2026-02-19,141352,1,4,0,421.0
10109872GOMESP_2026-02-19_G33,10109872GOMESP,2026-02-19,111879,1,1,0,194.0
10109872GOMESP_2026-02-19_G34,10109872GOMESP,2026-02-19,111879,1,4,0,55.0
10109872GOMESP_2026-02-19_G35,10109872GOMESP,2026-02-19,110711,1,9,0,298.0
10109872GOMESP_2026-02-19_G36,10109872GOMESP,2026-02-19,141367,1,4,0,413.0
10109872GOMESP_2026-02-19_G37,10109872GOMESP,2026-02-19,111861,2,8,6,156.0
10109872GOMESP_2026-02-19_G38,10109872GOMESP,2026-02-19,118306,1,1,0,168.0
10109872GOMESP_2026-02-19_G39,10109872GOMESP,2026-02-19,110112,1,2,0,55.0
10109872GOMESP_2026-02-19_G40,10109872GOMESP,2026-02-19,110112,1,2,0,51.0
10109872GOMESP_2026-02-19_G41,10109872GOMESP,2026-02-19,105359,1,12,0,237.0
10109872GOMESP_2026-02-19_G43,10109872GOMESP,2026-02-19,117809,2,15,6,390.0
10109872GOMESP_2026-02-19_G44,10109872GOMESP,2026-02-19,117808,1,58,0,326.0
10109872GOMESP_2026-02-19_G45,10109872GOMESP,2026-02-19,117840,2,10,6,203.0
10109872GOMESP_2026-02-19_G46,10109872GOMESP,2026-02-19,110373,2,86,8,99.0
10109872GOMESP_2026-02-19_G47,10109872GOMESP,2026-02-19,117832,1,10,0,97.0
10109872GOMESP_2026-02-19_G48,10109872GOMESP,2026-02-19,117834,1,4,0,703.0
10109872GOMESP_2026-02-19_G49,10109872GOMESP,2026-02-19,111441,1,4,0,40.0
10109872GOMESP_2026-02-19_G50,10109872GOMESP,2026-02-19,117835,1,4,0,131.0
10109872GOMESP_2026-02-19_G51,10109872GOMESP,2026-02-19,111438,2,6,10,211.0
10109872GOMESP_2026-02-19_G52,10109872GOMESP,2026-02-19,115775,1,4,0,217.0
10109872GOMESP_2026-02-19_G53,10109872GOMESP,2026-02-19,111655,1,3,0,56.0
10109872GOMESP_2026-02-19_G54,10109872GOMESP,2026-02-19,110742,1,3,0,114.0
10109872GOMESP_2026-02-19_G55,10109872GOMESP,2026-02-19,115775,1,4,0,115.0
10109872GOMESP_2026-02-19_G57,10109872GOMESP,2026-02-19,141456,1,5,0,138.0
10109872GOMESP_2026-02-19_G58,10109872GOMESP,2026-02-19,141458,1,20,0,51.0
10109872GOMESP_2026-02-19_G59,10109872GOMESP,2026-02-19,118223,1,4,0,136.0
10109872GOMESP_2026-02-19_G60,10109872GOMESP,2026-02-19,111418,1,10,0,132.0
10109872GOMESP_2026-02-19_G61,10109872GOMESP,2026-02-19,117821,1,5,0,157.0
10109872GOMESP_2026-02-19_G62,10109872GOMESP,2026-02-19,111602,1,64,0,1585.0
10109872GOMESP_2026-02-19_G63,10109872GOMESP,2026-02-19,111172,1,12,0,242.0
10109872GOMESP_2026-02-19_G64,10109872GOMESP,2026-02-19,117329,1,20,0,432.0
10109872GOMESP_2026-02-19_G65,10109872GOMESP,2026-02-19,108770,1,1,0,109.0
10109872GOMESP_2026-02-19_G66,10109872GOMESP,2026-02-19,110755,1,5,0,146.0
10109872GOMESP_2026-02-19_G67,10109872GOMESP,2026-02-19,141916,1,20,0,329.0
10109872GOMESP_2026-02-19_G68,10109872GOMESP,2026-02-19,141318,1,20,0,550.0
10109872GOMESP_2026-02-19_G69,10109872GOMESP,2026-02-19,118229,1,19,0,277.0
10109872GOMESP_2026-02-19_G70,10109872GOMESP,2026-02-19,110747,1,30,0,261.0
10109872GOMESP_2026-02-19_G71,10109872GOMESP,2026-02-19,118153,1,8,0,1152.0
10109872GOMESP_2026-02-20_G02,10109872GOMESP,2026-02-20,111462,3,12,11,315.0
10109872GOMESP_2026-02-20_G03,10109872GOMESP,2026-02-20,111469,1,4,0,91.0
10109872GOMESP_2026-02-20_G04,10109872GOMESP,2026-02-20,111462,1,17,0,289.0
10109872GOMESP_2026-02-20_G05,10109872GOMESP,2026-02-20,109640,1,6,0,492.0
10109872GOMESP_2026-02-20_G06,10109872GOMESP,2026-02-20,"109641, 111330",2,14,14,118.0
10109872GOMESP_2026-02-20_G07,10109872GOMESP,2026-02-20,"111348, 117785",2,2,17,676.0
10109872GOMESP_2026-02-20_G08,10109872GOMESP,2026-02-20,111172,1,1,0,106.0
10109872GOMESP_2026-02-20_G09,10109872GOMESP,2026-02-20,142093,1,1,0,42.0
10109872GOMESP_2026-02-20_G10,10109872GOMESP,2026-02-20,109641,1,1,0,58.0
10109872GOMESP_2026-02-20_G11,10109872GOMESP,2026-02-20,109640,3,10,21,1039.0
10109872GOMESP_2026-02-20_G12,10109872GOMESP,2026-02-20,118281,1,4,0,298.0
10109872GOMESP_2026-02-20_G13,10109872GOMESP,2026-02-20,109640,1,4,0,119.0
10109872GOMESP_2026-02-20_G14,10109872GOMESP,2026-02-20,140923,1,10,0,127.0
10109872GOMESP_2026-02-20_G15,10109872GOMESP,2026-02-20,111530,1,2,0,41.0
10109872GOMESP_2026-02-20_G16,10109872GOMESP,2026-02-20,109640,1,4,0,92.0
10109872GOMESP_2026-02-20_G17,10109872GOMESP,2026-02-20,110711,1,1,0,93.0
10109872GOMESP_2026-02-20_G18,10109872GOMESP,2026-02-20,141166,1,6,0,70.0
10109872GOMESP_2026-02-20_G19,10109872GOMESP,2026-02-20,109649,1,2,0,163.0
10109872GOMESP_2026-02-20_G20,10109872GOMESP,2026-02-20,111443,1,2,0,186.0
10109872GOMESP_2026-02-20_G21,10109872GOMESP,2026-02-20,118317,1,2,0,56.0
10109872GOMESP_2026-02-20_G22,10109872GOMESP,2026-02-20,110374,1,4,0,163.0
10109872GOMESP_2026-02-20_G23,10109872GOMESP,2026-02-20,117809,1,4,0,51.0
10109872GOMESP_2026-02-20_G24,10109872GOMESP,2026-02-20,117808,2,28,6,190.0
10109872GOMESP_2026-02-20_G25,10109872GOMESP,2026-02-20,118299,1,4,0,149.0
10109872GOMESP_2026-02-20_G26,10109872GOMESP,2026-02-20,110373,1,14,0,168.0
10109872GOMESP_2026-02-20_G27,10109872GOMESP,2026-02-20,110372,1,18,0,845.0
10109872GOMESP_2026-02-20_G28,10109872GOMESP,2026-02-20,109640,1,2,0,104.0
10109872GOMESP_2026-02-20_G29,10109872GOMESP,2026-02-20,111434,1,6,0,229.0
10109872GOMESP_2026-02-20_G30,10109872GOMESP,2026-02-20,109641,1,14,0,416.0
10109872GOMESP_2026-02-20_G31,10109872GOMESP,2026-02-20,140957,1,2,0,102.0
10109872GOMESP_2026-02-20_G32,10109872GOMESP,2026-02-20,109640,1,4,0,112.0
10109872GOMESP_2026-02-20_G33,10109872GOMESP,2026-02-20,109640,1,2,0,73.0
10109872GOMESP_2026-02-20_G34,10109872GOMESP,2026-02-20,111530,1,20,0,245.0
10109872GOMESP_2026-02-20_G35,10109872GOMESP,2026-02-20,118140,1,10,0,119.0
10109872GOMESP_2026-02-20_G36,10109872GOMESP,2026-02-20,110741,1,3,0,45.0
10109872GOMESP_2026-02-20_G37,10109872GOMESP,2026-02-20,117837,1,6,0,332.0
10109872GOMESP_2026-02-20_G38,10109872GOMESP,2026-02-20,141202,1,2,0,86.0
10109872GOMESP_2026-02-20_G39,10109872GOMESP,2026-02-20,140957,1,2,0,105.0
10109872GOMESP_2026-02-20_G40,10109872GOMESP,2026-02-20,110787,1,4,0,84.0
10109872GOMESP_2026-02-20_G41,10109872GOMESP,2026-02-20,109640,1,4,0,92.0
10109872GOMESP_2026-02-20_G42,10109872GOMESP,2026-02-20,110711,1,100,0,1217.0
10109872GOMESP_2026-02-20_G43,10109872GOMESP,2026-02-20,111879,1,1,0,194.0
10109872GOMESP_2026-02-20_G44,10109872GOMESP,2026-02-20,110751,1,9,0,113.0
10109872GOMESP_2026-02-20_G45,10109872GOMESP,2026-02-20,111466,1,63,0,37.0
10109872GOMESP_2026-02-20_G46,10109872GOMESP,2026-02-20,107236,2,4,9,412.0
10109872GOMESP_2026-02-20_G47,10109872GOMESP,2026-02-20,118223,1,6,0,65.0
10109872GOMESP_2026-02-20_G48,10109872GOMESP,2026-02-20,110740,1,4,0,52.0
10109872GOMESP_2026-02-20_G49,10109872GOMESP,2026-02-20,141456,1,79,0,272.0
10109872GOMESP_2026-02-20_G50,10109872GOMESP,2026-02-20,117820,1,210,0,387.0
10109872GOMESP_2026-02-20_G51,10109872GOMESP,2026-02-20,117808,1,400,0,812.0
10109872GOMESP_2026-02-20_G52,10109872GOMESP,2026-02-20,118281,1,40,0,410.0
10109872GOMESP_2026-02-20_G53,10109872GOMESP,2026-02-20,110373,1,139,0,352.0
10109872GOMESP_2026-02-20_G54,10109872GOMESP,2026-02-20,110372,1,136,0,592.0
10109872GOMESP_2026-02-20_G55,10109872GOMESP,2026-02-20,118299,1,800,0,1116.0
10109872GOMESP_2026-02-20_G57,10109872GOMESP,2026-02-20,110371,1,2,0,285.0
10109872GOMESP_2026-02-20_G58,10109872GOMESP,2026-02-20,108794,1,24,0,59.0
10109872GOMESP_2026-02-20_G59,10109872GOMESP,2026-02-20,108711,1,10,0,201.0
10109872GOMESP_2026-02-20_G60,10109872GOMESP,2026-02-20,111743,1,12,0,53.0
10109872GOMESP_2026-02-20_G61,10109872GOMESP,2026-02-20,160055,1,1,0,181.0
10109872GOMESP_2026-02-20_G62,10109872GOMESP,2026-02-20,141271,1,40,0,103.0
10109872GOMESP_2026-02-20_G63,10109872GOMESP,2026-02-20,117831,1,40,0,245.0
10109872GOMESP_2026-02-20_G64,10109872GOMESP,2026-02-20,111465,1,4,0,261.0
10109872GOMESP_2026-02-20_G65,10109872GOMESP,2026-02-20,118223,1,4,0,53.0
10109872GOMESP_2026-02-20_G66,10109872GOMESP,2026-02-20,109645,1,7,0,187.0
10109872GOMESP_2026-02-20_G67,10109872GOMESP,2026-02-20,117329,1,4,0,264.0
10109872GOMESP_2026-02-20_G68,10109872GOMESP,2026-02-20,110740,1,35,0,43.0
10109872GOMESP_2026-02-20_G69,10109872GOMESP,2026-02-20,160056,1,2,0,338.0
10109872GOMESP_2026-02-20_G70,10109872GOMESP,2026-02-20,110753,1,5,0,207.0
10109872GOMESP_2026-02-20_G71,10109872GOMESP,2026-02-20,140923,1,50,0,188.0
10109872GOMESP_2026-02-20_G72,10109872GOMESP,2026-02-20,117856,1,20,0,217.0
10109872GOMESP_2026-02-20_G73,10109872GOMESP,2026-02-20,117837,1,12,0,355.0
10109872GOMESP_2026-02-20_G74,10109872GOMESP,2026-02-20,117854,1,8,0,474.0
10109872GOMESP_2026-02-21_G02,10109872GOMESP,2026-02-21,111330,1,1,0,114.0
10109872GOMESP_2026-02-21_G03,10109872GOMESP,2026-02-21,111438,1,4,0,129.0
10109872GOMESP_2026-02-21_G04,10109872GOMESP,2026-02-21,140957,1,2,0,99.0
10109872GOMESP_2026-02-21_G05,10109872GOMESP,2026-02-21,109640,1,6,0,193.0
10109872GOMESP_2026-02-21_G06,10109872GOMESP,2026-02-21,109640,1,2,0,551.0
10109872GOMESP_2026-02-21_G07,10109872GOMESP,2026-02-21,111466,1,6,0,130.0
10109872GOMESP_2026-02-21_G08,10109872GOMESP,2026-02-21,140957,1,2,0,99.0
10109872GOMESP_2026-02-21_G09,10109872GOMESP,2026-02-21,109640,1,2,0,163.0
10109872GOMESP_2026-02-21_G10,10109872GOMESP,2026-02-21,109640,2,5,25,67.0
10109872GOMESP_2026-02-21_G11,10109872GOMESP,2026-02-21,108711,1,8,0,176.0
10109872GOMESP_2026-02-21_G12,10109872GOMESP,2026-02-21,109640,1,4,0,118.0
10109872GOMESP_2026-02-21_G13,10109872GOMESP,2026-02-21,110787,1,6,0,133.0
10109872GOMESP_2026-02-21_G14,10109872GOMESP,2026-02-21,120002,1,4,0,642.0
10109872GOMESP_2026-02-24_G02,10109872GOMESP,2026-02-24,109641,1,2,0,69.0
10109872GOMESP_2026-02-24_G03,10109872GOMESP,2026-02-24,117853,1,4,0,196.0
10109872GOMESP_2026-02-24_G04,10109872GOMESP,2026-02-24,109640,1,8,0,137.0
10109872GOMESP_2026-02-24_G05,10109872GOMESP,2026-02-24,111462,1,1,0,358.0
10109872GOMESP_2026-02-24_G06,10109872GOMESP,2026-02-24,111469,1,4,0,85.0
10109872GOMESP_2026-02-24_G07,10109872GOMESP,2026-02-24,109640,1,2,0,187.0
10109872GOMESP_2026-02-24_G08,10109872GOMESP,2026-02-24,117853,1,10,0,137.0
10109872GOMESP_2026-02-24_G09,10109872GOMESP,2026-02-24,109640,1,10,0,118.0
10109872GOMESP_2026-02-24_G10,10109872GOMESP,2026-02-24,117787,1,10,0,253.0
10109872GOMESP_2026-02-24_G11,10109872GOMESP,2026-02-24,111462,4,110,48,359.0
10109872GOMESP_2026-02-24_G12,10109872GOMESP,2026-02-24,117785,1,30,0,814.0
10109872GOMESP_2026-02-24_G13,10109872GOMESP,2026-02-24,108711,1,8,0,377.0
10109872GOMESP_2026-02-24_G14,10109872GOMESP,2026-02-24,111743,1,8,0,76.0
10109872GOMESP_2026-02-24_G15,10109872GOMESP,2026-02-24,111172,1,6,0,216.0
10109872GOMESP_2026-02-24_G16,10109872GOMESP,2026-02-24,111418,1,50,0,111.0
10109872GOMESP_2026-02-24_G17,10109872GOMESP,2026-02-24,107236,2,12,7,314.0
10109872GOMESP_2026-02-24_G18,10109872GOMESP,2026-02-24,111465,1,8,0,138.0
10109872GOMESP_2026-02-24_G19,10109872GOMESP,2026-02-24,118299,1,70,0,142.0
10109872GOMESP_2026-02-24_G20,10109872GOMESP,2026-02-24,110372,1,150,0,1733.0
10109872GOMESP_2026-02-24_G21,10109872GOMESP,2026-02-24,111569,1,6,0,218.0
10109872GOMESP_2026-02-24_G22,10109872GOMESP,2026-02-24,110755,1,12,0,51.0
10109872GOMESP_2026-02-24_G23,10109872GOMESP,2026-02-24,111438,1,2,0,109.0
10109872GOMESP_2026-02-24_G24,10109872GOMESP,2026-02-24,117836,1,4,0,142.0
10109872GOMESP_2026-02-24_G25,10109872GOMESP,2026-02-24,141457,1,11,0,154.0
10109872GOMESP_2026-02-24_G26,10109872GOMESP,2026-02-24,117786,1,10,0,150.0
10109872GOMESP_2026-02-24_G28,10109872GOMESP,2026-02-24,111751,1,12,0,386.0
10109872GOMESP_2026-02-24_G30,10109872GOMESP,2026-02-24,141352,1,6,0,212.0
10109872GOMESP_2026-02-24_G31,10109872GOMESP,2026-02-24,111462,1,10,0,152.0
10109872GOMESP_2026-02-24_G32,10109872GOMESP,2026-02-24,111444,1,2,0,69.0
10109872GOMESP_2026-02-24_G33,10109872GOMESP,2026-02-24,"111348, 108794",2,6,30,188.0
10109872GOMESP_2026-02-24_G34,10109872GOMESP,2026-02-24,117831,1,4,0,94.0
10109872GOMESP_2026-02-24_G35,10109872GOMESP,2026-02-24,141456,1,6,0,134.0
10109872GOMESP_2026-02-24_G36,10109872GOMESP,2026-02-24,111468,1,5,0,70.0
10109872GOMESP_2026-02-24_G37,10109872GOMESP,2026-02-24,110374,1,2,0,155.0
10109872GOMESP_2026-02-24_G38,10109872GOMESP,2026-02-24,140922,1,6,0,81.0
10109872GOMESP_2026-02-24_G39,10109872GOMESP,2026-02-24,117820,1,10,0,86.0
10109872GOMESP_2026-02-24_G40,10109872GOMESP,2026-02-24,141202,1,4,0,110.0
10109872GOMESP_2026-02-24_G41,10109872GOMESP,2026-02-24,110373,1,4,0,75.0
10109872GOMESP_2026-02-24_G42,10109872GOMESP,2026-02-24,117832,1,4,0,115.0
10109872GOMESP_2026-02-24_G43,10109872GOMESP,2026-02-24,117830,1,8,0,77.0
10109872GOMESP_2026-02-24_G44,10109872GOMESP,2026-02-24,111330,1,4,0,579.0
10109872GOMESP_2026-02-24_G45,10109872GOMESP,2026-02-24,107892,1,8,0,165.0
10109872GOMESP_2026-02-24_G46,10109872GOMESP,2026-02-24,117855,1,11,0,136.0
10109872GOMESP_2026-02-24_G47,10109872GOMESP,2026-02-24,110623,1,4,0,315.0
10109872GOMESP_2026-02-24_G48,10109872GOMESP,2026-02-24,107892,1,8,0,161.0
10109872GOMESP_2026-02-24_G49,10109872GOMESP,2026-02-24,117855,1,4,0,90.0
10109872GOMESP_2026-02-24_G50,10109872GOMESP,2026-02-24,111330,1,8,0,205.0
10109872GOMESP_2026-02-24_G51,10109872GOMESP,2026-02-24,111530,1,8,0,475.0
10109872GOMESP_2026-02-24_G52,10109872GOMESP,2026-02-24,110895,1,4,0,176.0
10109872GOMESP_2026-02-24_G53,10109872GOMESP,2026-02-24,111466,1,6,0,312.0
10109872GOMESP_2026-02-24_G54,10109872GOMESP,2026-02-24,140922,1,4,0,93.0
10109872GOMESP_2026-02-24_G55,10109872GOMESP,2026-02-24,110372,1,12,0,159.0
10109872GOMESP_2026-02-24_G56,10109872GOMESP,2026-02-24,111462,1,12,0,189.0
10109872GOMESP_2026-02-24_G57,10109872GOMESP,2026-02-24,111876,1,2,0,563.0
10109872GOMESP_2026-02-25_G02,10109872GOMESP,2026-02-25,110371,1,40,0,172.0
10109872GOMESP_2026-02-25_G03,10109872GOMESP,2026-02-25,141202,1,12,0,555.0
10109872GOMESP_2026-02-25_G04,10109872GOMESP,2026-02-25,110373,1,60,0,388.0
10109872GOMESP_2026-02-25_G05,10109872GOMESP,2026-02-25,117809,1,30,0,440.0
10109872GOMESP_2026-02-25_G06,10109872GOMESP,2026-02-25,110372,1,100,0,387.0
10109872GOMESP_2026-02-25_G07,10109872GOMESP,2026-02-25,107629,1,2,0,1414.0
10109872GOMESP_2026-02-25_G08,10109872GOMESP,2026-02-25,117785,1,4,0,107.0
10109872GOMESP_2026-02-25_G09,10109872GOMESP,2026-02-25,110372,1,5,0,114.0
10109872GOMESP_2026-02-25_G10,10109872GOMESP,2026-02-25,118290,1,4,0,107.0
10109872GOMESP_2026-02-25_G11,10109872GOMESP,2026-02-25,111462,1,2,0,92.0
10109872GOMESP_2026-02-25_G12,10109872GOMESP,2026-02-25,110787,1,4,0,116.0
10109872GOMESP_2026-02-25_G13,10109872GOMESP,2026-02-25,111602,1,4,0,81.0
10109872GOMESP_2026-02-25_G14,10109872GOMESP,2026-02-25,118094,1,2,0,103.0
10109872GOMESP_2026-02-25_G15,10109872GOMESP,2026-02-25,110787,1,2,0,114.0
10109872GOMESP_2026-02-25_G16,10109872GOMESP,2026-02-25,142093,1,2,0,55.0
10109872GOMESP_2026-02-25_G17,10109872GOMESP,2026-02-25,141047,1,4,0,85.0
10109872GOMESP_2026-02-25_G18,10109872GOMESP,2026-02-25,117855,1,14,0,161.0
10109872GOMESP_2026-02-25_G19,10109872GOMESP,2026-02-25,140922,1,23,0,561.0
10109872GOMESP_2026-02-25_G20,10109872GOMESP,2026-02-25,117832,1,3,0,195.0
10109872GOMESP_2026-02-25_G21,10109872GOMESP,2026-02-25,117835,1,6,0,350.0
10109872GOMESP_2026-02-25_G22,10109872GOMESP,2026-02-25,108770,1,2,0,35.0
10109872GOMESP_2026-02-25_G23,10109872GOMESP,2026-02-25,142045,1,16,0,316.0
10109872GOMESP_2026-02-25_G24,10109872GOMESP,2026-02-25,109647,2,5,6,98.0
10109872GOMESP_2026-02-25_G25,10109872GOMESP,2026-02-25,117862,1,4,0,82.0
10109872GOMESP_2026-02-25_G26,10109872GOMESP,2026-02-25,111879,1,2,0,293.0
10109872GOMESP_2026-02-25_G27,10109872GOMESP,2026-02-25,141166,1,2,0,265.0
10109872GOMESP_2026-02-25_G28,10109872GOMESP,2026-02-25,142093,1,2,0,49.0
10109872GOMESP_2026-02-25_G29,10109872GOMESP,2026-02-25,111418,2,3,6,65.0
10109872GOMESP_2026-02-25_G30,10109872GOMESP,2026-02-25,109641,1,2,0,63.0
10109872GOMESP_2026-02-25_G31,10109872GOMESP,2026-02-25,117831,1,2,0,43.0
10109872GOMESP_2026-02-25_G32,10109872GOMESP,2026-02-25,140922,1,2,0,66.0
10109872GOMESP_2026-02-25_G33,10109872GOMESP,2026-02-25,109645,1,2,0,84.0
10109872GOMESP_2026-02-25_G34,10109872GOMESP,2026-02-25,"111433, 111463",2,3,26,237.0
10109872GOMESP_2026-02-25_G35,10109872GOMESP,2026-02-25,141458,1,1,0,118.0
10109872GOMESP_2026-02-25_G36,10109872GOMESP,2026-02-25,117808,2,15,7,250.0
10109872GOMESP_2026-02-25_G37,10109872GOMESP,2026-02-25,110374,1,7,0,83.0
10109872GOMESP_2026-02-25_G38,10109872GOMESP,2026-02-25,118299,1,2,0,78.0
10109872GOMESP_2026-02-25_G39,10109872GOMESP,2026-02-25,"118299, 117820",3,26,22,64.0
10109872GOMESP_2026-02-25_G40,10109872GOMESP,2026-02-25,109643,1,3,0,520.0
10109872GOMESP_2026-02-25_G41,10109872GOMESP,2026-02-25,117830,1,6,0,65.0
10109872GOMESP_2026-02-25_G42,10109872GOMESP,2026-02-25,117830,1,2,0,134.0
10109872GOMESP_2026-02-25_G43,10109872GOMESP,2026-02-25,111467,1,48,0,1499.0
10109872GOMESP_2026-02-25_G44,10109872GOMESP,2026-02-25,105167,1,4,0,622.0
10109872GOMESP_2026-02-25_G45,10109872GOMESP,2026-02-25,111530,1,66,0,174.0
10109872GOMESP_2026-02-25_G46,10109872GOMESP,2026-02-25,117808,1,1420,0,1432.0
10109872GOMESP_2026-02-26_G02,10109872GOMESP,2026-02-26,111602,1,12,0,352.0
10109872GOMESP_2026-02-26_G03,10109872GOMESP,2026-02-26,110745,1,4,0,241.0
10109872GOMESP_2026-02-26_G04,10109872GOMESP,2026-02-26,111532,1,4,0,171.0
10109872GOMESP_2026-02-26_G05,10109872GOMESP,2026-02-26,108794,1,35,0,773.0
10109872GOMESP_2026-02-26_G06,10109872GOMESP,2026-02-26,117833,1,60,0,244.0
10109872GOMESP_2026-02-26_G07,10109872GOMESP,2026-02-26,111469,1,28,0,164.0
10109872GOMESP_2026-02-26_G08,10109872GOMESP,2026-02-26,111466,1,32,0,491.0
10109872GOMESP_2026-02-26_G09,10109872GOMESP,2026-02-26,141823,1,28,0,389.0
10109872GOMESP_2026-02-26_G10,10109872GOMESP,2026-02-26,141456,1,120,0,362.0
10109872GOMESP_2026-02-26_G11,10109872GOMESP,2026-02-26,108798,1,12,0,373.0
10109872GOMESP_2026-02-26_G12,10109872GOMESP,2026-02-26,111468,2,28,8,212.0
10109872GOMESP_2026-02-26_G13,10109872GOMESP,2026-02-26,111435,2,8,6,246.0
10109872GOMESP_2026-02-26_G14,10109872GOMESP,2026-02-26,141458,1,12,0,172.0
10109872GOMESP_2026-02-26_G15,10109872GOMESP,2026-02-26,140922,1,60,0,358.0
10109872GOMESP_2026-02-26_G16,10109872GOMESP,2026-02-26,109643,1,8,0,124.0
10109872GOMESP_2026-02-26_G17,10109872GOMESP,2026-02-26,110373,1,40,0,45.0
10109872GOMESP_2026-02-26_G18,10109872GOMESP,2026-02-26,141997,1,1,0,1152.0
10109872GOMESP_2026-02-26_G19,10109872GOMESP,2026-02-26,109640,4,44,22,911.0
10109872GOMESP_2026-02-26_G20,10109872GOMESP,2026-02-26,111469,4,27,20,218.0
10109872GOMESP_2026-02-26_G21,10109872GOMESP,2026-02-26,142080,2,22,7,581.0
10109872GOMESP_2026-02-26_G22,10109872GOMESP,2026-02-26,140922,3,21,16,216.0
10109872GOMESP_2026-02-26_G23,10109872GOMESP,2026-02-26,142045,1,11,0,789.0
10109872GOMESP_2026-02-26_G24,10109872GOMESP,2026-02-26,110313,1,24,0,34.0
10109872GOMESP_2026-02-26_G25,10109872GOMESP,2026-02-26,141035,2,4,6,444.0
10109872GOMESP_2026-02-26_G26,10109872GOMESP,2026-02-26,109640,1,12,0,197.0
10109872GOMESP_2026-02-26_G27,10109872GOMESP,2026-02-26,142093,1,7,0,111.0
10109872GOMESP_2026-02-26_G28,10109872GOMESP,2026-02-26,110371,1,4,0,96.0
10109872GOMESP_2026-02-26_G29,10109872GOMESP,2026-02-26,141202,1,9,0,151.0
10109872GOMESP_2026-02-26_G30,10109872GOMESP,2026-02-26,110895,1,4,0,407.0
10109872GOMESP_2026-02-26_G31,10109872GOMESP,2026-02-26,105705,1,9,0,544.0
10109872GOMESP_2026-02-26_G32,10109872GOMESP,2026-02-26,110374,1,4,0,1701.0
10109872GOMESP_2026-02-26_G33,10109872GOMESP,2026-02-26,"110313, 111532",2,3,29,66.0
10109872GOMESP_2026-02-26_G34,10109872GOMESP,2026-02-26,111469,1,4,0,50.0
10109872GOMESP_2026-02-26_G35,10109872GOMESP,2026-02-26,109643,1,8,0,147.0
10109872GOMESP_2026-02-26_G36,10109872GOMESP,2026-02-26,111462,1,6,0,545.0
10109872GOMESP_2026-02-26_G37,10109872GOMESP,2026-02-26,117821,1,2,0,167.0
10109872GOMESP_2026-02-26_G38,10109872GOMESP,2026-02-26,110373,1,54,0,812.0
10109872GOMESP_2026-02-26_G39,10109872GOMESP,2026-02-26,111602,1,4,0,939.0
10109872GOMESP_2026-02-26_G40,10109872GOMESP,2026-02-26,110313,1,3,0,133.0
10109872GOMESP_2026-02-26_G41,10109872GOMESP,2026-02-26,118094,1,6,0,112.0
10109872GOMESP_2026-02-26_G42,10109872GOMESP,2026-02-26,111441,1,2,0,144.0
10109872GOMESP_2026-02-26_G43,10109872GOMESP,2026-02-26,110751,1,2,0,364.0
10109872GOMESP_2026-02-26_G44,10109872GOMESP,2026-02-26,111466,1,7,0,115.0
10109872GOMESP_2026-02-26_G45,10109872GOMESP,2026-02-26,117831,1,4,0,124.0
10109872GOMESP_2026-02-26_G46,10109872GOMESP,2026-02-26,"141456, 111463",2,15,17,142.0
10109872GOMESP_2026-02-26_G47,10109872GOMESP,2026-02-26,110374,1,2,0,78.0
10109872GOMESP_2026-02-26_G49,10109872GOMESP,2026-02-26,117832,1,12,0,258.0
10109872GOMESP_2026-02-26_G50,10109872GOMESP,2026-02-26,111441,1,1,0,74.0
10109872GOMESP_2026-02-26_G51,10109872GOMESP,2026-02-26,110313,1,4,0,314.0
10109872GOMESP_2026-02-26_G52,10109872GOMESP,2026-02-26,"118094, 111530",2,2,29,325.0
10109872GOMESP_2026-02-26_G53,10109872GOMESP,2026-02-26,111602,1,3,0,114.0
10109872GOMESP_2026-02-26_G54,10109872GOMESP,2026-02-26,117856,1,4,0,80.0
10109872GOMESP_2026-02-26_G55,10109872GOMESP,2026-02-26,117786,1,2,0,57.0
10109872GOMESP_2026-02-26_G56,10109872GOMESP,2026-02-26,111467,1,2,0,95.0
10109872GOMESP_2026-02-26_G57,10109872GOMESP,2026-02-26,117855,1,6,0,49.0
10109872GOMESP_2026-02-26_G58,10109872GOMESP,2026-02-26,117842,1,4,0,662.0
10109872GOMESP_2026-02-26_G59,10109872GOMESP,2026-02-26,117821,1,4,0,128.0
10109872GOMESP_2026-02-26_G60,10109872GOMESP,2026-02-26,111743,1,1,0,36.0
10109872GOMESP_2026-02-26_G61,10109872GOMESP,2026-02-26,110787,1,1,0,94.0
10109872GOMESP_2026-02-26_G62,10109872GOMESP,2026-02-26,108711,1,1,0,37.0
10109872GOMESP_2026-02-26_G63,10109872GOMESP,2026-02-26,142093,1,4,0,105.0
10109872GOMESP_2026-02-26_G64,10109872GOMESP,2026-02-26,111463,1,4,0,70.0
10109872GOMESP_2026-02-26_G65,10109872GOMESP,2026-02-26,111469,3,24,12,821.0
10109872GOMESP_2026-02-26_G66,10109872GOMESP,2026-02-26,109640,1,1,0,269.0
10109872GOMESP_2026-02-26_G67,10109872GOMESP,2026-02-26,109643,1,4,0,193.0
10109872GOMESP_2026-02-26_G68,10109872GOMESP,2026-02-26,110313,1,4,0,162.0
10109872GOMESP_2026-02-26_G69,10109872GOMESP,2026-02-26,109643,1,4,0,228.0
10109872GOMESP_2026-02-26_G70,10109872GOMESP,2026-02-26,111445,1,4,0,95.0
10109872GOMESP_2026-02-26_G71,10109872GOMESP,2026-02-26,118094,1,2,0,61.0
10109872GOMESP_2026-02-26_G72,10109872GOMESP,2026-02-26,111532,1,43,0,68.0
10109872GOMESP_2026-02-26_G73,10109872GOMESP,2026-02-26,111743,1,3,0,372.0
10109872GOMESP_2026-02-26_G74,10109872GOMESP,2026-02-26,111172,1,2,0,207.0
10109872GOMESP_2026-02-26_G75,10109872GOMESP,2026-02-26,141456,1,7,0,57.0
10109872GOMESP_2026-02-26_G76,10109872GOMESP,2026-02-26,110313,1,2,0,1102.0
10109872GOMESP_2026-02-26_G77,10109872GOMESP,2026-02-26,110313,1,4,0,51.0
10109872GOMESP_2026-02-26_G78,10109872GOMESP,2026-02-26,118290,1,8,0,278.0
10109872GOMESP_2026-02-26_G79,10109872GOMESP,2026-02-26,118290,1,5,0,105.0
10109872GOMESP_2026-02-26_G80,10109872GOMESP,2026-02-26,110313,1,2,0,100.0
10109872GOMESP_2026-02-26_G81,10109872GOMESP,2026-02-26,110787,1,8,0,144.0
10109872GOMESP_2026-02-26_G82,10109872GOMESP,2026-02-26,140922,1,8,0,699.0
10109872GOMESP_2026-02-26_G83,10109872GOMESP,2026-02-26,140922,1,8,0,64.0
10109872GOMESP_2026-02-27_G02,10109872GOMESP,2026-02-27,141202,1,5,0,91.0
10109872GOMESP_2026-02-27_G03,10109872GOMESP,2026-02-27,117840,1,2,0,64.0
10109872GOMESP_2026-02-27_G04,10109872GOMESP,2026-02-27,109643,3,38,15,98.0
10109872GOMESP_2026-02-27_G05,10109872GOMESP,2026-02-27,110745,1,6,0,1656.0
10109872GOMESP_2026-02-27_G06,10109872GOMESP,2026-02-27,108794,1,14,0,259.0
10109872GOMESP_2026-02-27_G07,10109872GOMESP,2026-02-27,111532,1,27,0,101.0
10109872GOMESP_2026-02-27_G08,10109872GOMESP,2026-02-27,117833,1,7,0,206.0
10109872GOMESP_2026-02-27_G09,10109872GOMESP,2026-02-27,117821,1,2,0,47.0
10109872GOMESP_2026-02-27_G10,10109872GOMESP,2026-02-27,111743,1,3,0,60.0
10109872GOMESP_2026-02-27_G11,10109872GOMESP,2026-02-27,110787,1,7,0,62.0
10109872GOMESP_2026-02-27_G12,10109872GOMESP,2026-02-27,"108795, 111466",2,6,10,48.0
10109872GOMESP_2026-02-27_G13,10109872GOMESP,2026-02-27,111172,1,6,0,39.0
10109872GOMESP_2026-02-27_G14,10109872GOMESP,2026-02-27,142093,1,17,0,152.0
10109872GOMESP_2026-02-27_G15,10109872GOMESP,2026-02-27,141271,1,1,0,116.0
10109872GOMESP_2026-02-27_G16,10109872GOMESP,2026-02-27,109645,1,25,0,343.0
10109872GOMESP_2026-02-27_G17,10109872GOMESP,2026-02-27,111469,1,2,0,64.0
10109872GOMESP_2026-02-27_G18,10109872GOMESP,2026-02-27,141458,1,97,0,349.0
10109872GOMESP_2026-02-27_G19,10109872GOMESP,2026-02-27,110750,1,88,0,1703.0
10109872GOMESP_2026-02-27_G20,10109872GOMESP,2026-02-27,109640,2,69,26,251.0
10109872GOMESP_2026-02-27_G21,10109872GOMESP,2026-02-27,111876,1,15,0,473.0
10109872GOMESP_2026-02-27_G22,10109872GOMESP,2026-02-27,111467,1,50,0,418.0
10109872GOMESP_2026-02-27_G23,10109872GOMESP,2026-02-27,111467,1,60,0,313.0
10109872GOMESP_2026-02-27_G24,10109872GOMESP,2026-02-27,117841,1,80,0,385.0
10109872GOMESP_2026-02-27_G25,10109872GOMESP,2026-02-27,117841,1,100,0,160.0
10109872GOMESP_2026-02-27_G26,10109872GOMESP,2026-02-27,117834,1,1,0,1625.0
10109872GOMESP_2026-02-27_G27,10109872GOMESP,2026-02-27,109495,1,1,0,142.0
10109872GOMESP_2026-02-27_G28,10109872GOMESP,2026-02-27,110750,1,7,0,60.0
10109872GOMESP_2026-02-27_G29,10109872GOMESP,2026-02-27,110313,4,34,24,82.0
10109872GOMESP_2026-02-27_G30,10109872GOMESP,2026-02-27,105242,1,1,0,356.0
10109872GOMESP_2026-02-27_G31,10109872GOMESP,2026-02-27,110741,1,3,0,66.0
10109872GOMESP_2026-02-27_G32,10109872GOMESP,2026-02-27,111530,1,26,0,94.0
10109872GOMESP_2026-02-27_G33,10109872GOMESP,2026-02-27,118094,1,7,0,206.0
10109872GOMESP_2026-02-27_G34,10109872GOMESP,2026-02-27,107629,1,22,0,108.0
10109872GOMESP_2026-02-27_G35,10109872GOMESP,2026-02-27,141047,1,18,0,497.0
10109872GOMESP_2026-02-27_G36,10109872GOMESP,2026-02-27,"111876, 117856",2,12,22,212.0
10109872GOMESP_2026-02-27_G37,10109872GOMESP,2026-02-27,117786,1,62,0,173.0
10109872GOMESP_2026-02-27_G38,10109872GOMESP,2026-02-27,117837,1,14,0,333.0
10109872GOMESP_2026-02-27_G39,10109872GOMESP,2026-02-27,110339,1,1,0,113.0
10109872GOMESP_2026-02-27_G40,10109872GOMESP,2026-02-27,"110751, 117841",2,2,27,133.0
10109872GOMESP_2026-02-27_G41,10109872GOMESP,2026-02-27,111462,1,16,0,69.0
10109872GOMESP_2026-02-27_G42,10109872GOMESP,2026-02-27,109641,1,3,0,130.0
10109872GOMESP_2026-02-27_G43,10109872GOMESP,2026-02-27,117838,1,37,0,91.0
10109872GOMESP_2026-02-27_G44,10109872GOMESP,2026-02-27,117809,1,80,0,441.0
10109872GOMESP_2026-02-27_G45,10109872GOMESP,2026-02-27,110371,1,114,0,403.0
10109872GOMESP_2026-02-27_G46,10109872GOMESP,2026-02-27,110373,1,61,0,105.0
10109872GOMESP_2026-02-27_G47,10109872GOMESP,2026-02-27,110375,1,21,0,134.0
10109872GOMESP_2026-02-27_G48,10109872GOMESP,2026-02-27,109643,1,6,0,171.0
10109872GOMESP_2026-02-27_G49,10109872GOMESP,2026-02-27,110376,1,9,0,103.0
10109872GOMESP_2026-02-27_G50,10109872GOMESP,2026-02-27,110372,1,98,0,372.0
10109872GOMESP_2026-02-27_G51,10109872GOMESP,2026-02-27,111438,1,24,0,2191.0
10109872GOMESP_2026-02-27_G52,10109872GOMESP,2026-02-27,110895,1,3,0,287.0
10109872GOMESP_2026-02-27_G53,10109872GOMESP,2026-02-27,100334,1,12,0,211.0
10109872GOMESP_2026-02-27_G54,10109872GOMESP,2026-02-27,111469,1,20,0,341.0
10109872GOMESP_2026-02-27_G55,10109872GOMESP,2026-02-27,117855,2,14,11,245.0
10109872GOMESP_2026-02-27_G57,10109872GOMESP,2026-02-27,108794,1,4,0,159.0
10109872GOMESP_2026-02-27_G58,10109872GOMESP,2026-02-27,117785,2,20,7,248.0
10109872GOMESP_2026-02-27_G59,10109872GOMESP,2026-02-27,117821,2,14,6,118.0
10109872GOMESP_2026-02-27_G60,10109872GOMESP,2026-02-27,111743,1,6,0,111.0
10109872GOMESP_2026-02-27_G61,10109872GOMESP,2026-02-27,118330,1,4,0,83.0
10109872GOMESP_2026-02-27_G62,10109872GOMESP,2026-02-27,111466,1,4,0,59.0
10109872GOMESP_2026-02-27_G63,10109872GOMESP,2026-02-27,111172,3,18,13,59.0
10109872GOMESP_2026-02-27_G64,10109872GOMESP,2026-02-27,142093,2,19,4,772.0
10109872GOMESP_2026-02-27_G65,10109872GOMESP,2026-02-27,111462,1,12,0,298.0
10109872GOMESP_2026-02-27_G66,10109872GOMESP,2026-02-27,117831,1,16,0,267.0
10109872GOMESP_2026-02-27_G67,10109872GOMESP,2026-02-27,111442,3,15,11,149.0
10109872GOMESP_2026-02-27_G68,10109872GOMESP,2026-02-27,111418,2,28,7,245.0
10109872GOMESP_2026-02-27_G69,10109872GOMESP,2026-02-27,141456,2,12,5,283.0
10109872GOMESP_2026-02-27_G70,10109872GOMESP,2026-02-27,141457,1,10,0,101.0
10109872GOMESP_2026-02-27_G71,10109872GOMESP,2026-02-27,111469,1,4,0,62.0
10109872GOMESP_2026-02-27_G72,10109872GOMESP,2026-02-27,"110740, 111463",2,24,20,163.0
10109872GOMESP_2026-02-27_G73,10109872GOMESP,2026-02-27,141458,1,7,0,302.0
10109872GOMESP_2026-02-27_G74,10109872GOMESP,2026-02-27,111330,1,12,0,695.0
10109872GOMESP_2026-02-28_G02,10109872GOMESP,2026-02-28,118290,1,5,0,217.0
10109872GOMESP_2026-02-28_G03,10109872GOMESP,2026-02-28,110742,1,6,0,276.0
10109872GOMESP_2026-02-28_G04,10109872GOMESP,2026-02-28,110754,1,1,0,69.0
10109872GOMESP_2026-02-28_G05,10109872GOMESP,2026-02-28,110752,1,2,0,254.0
10109872GOMESP_2026-02-28_G06,10109872GOMESP,2026-02-28,117837,1,2,0,107.0
10109872GOMESP_2026-02-28_G07,10109872GOMESP,2026-02-28,110339,1,4,0,236.0
10109872GOMESP_2026-02-28_G08,10109872GOMESP,2026-02-28,108794,1,2,0,138.0
10109872GOMESP_2026-02-28_G09,10109872GOMESP,2026-02-28,111743,1,2,0,67.0
10109872GOMESP_2026-02-28_G10,10109872GOMESP,2026-02-28,111466,1,7,0,83.0
10109872GOMESP_2026-02-28_G11,10109872GOMESP,2026-02-28,142093,1,6,0,64.0
10109872GOMESP_2026-02-28_G12,10109872GOMESP,2026-02-28,117820,1,1,0,98.0
10109872GOMESP_2026-02-28_G13,10109872GOMESP,2026-02-28,110376,1,2,0,93.0
10109872GOMESP_2026-02-28_G14,10109872GOMESP,2026-02-28,110373,1,4,0,90.0
10109872GOMESP_2026-02-28_G15,10109872GOMESP,2026-02-28,110372,1,2,0,78.0
10109872GOMESP_2026-02-28_G16,10109872GOMESP,2026-02-28,141456,1,100,0,554.0
10109872GOMESP_2026-02-28_G17,10109872GOMESP,2026-02-28,118299,1,330,0,636.0
10109872GOMESP_2026-02-28_G18,10109872GOMESP,2026-02-28,142093,1,17,0,299.0
10109872GOMESP_2026-02-28_G20,10109872GOMESP,2026-02-28,"111348, 111532",3,85,33,175.0
10109872GOMESP_2026-02-28_G21,10109872GOMESP,2026-02-28,109649,1,4,0,381.0
10109872GOMESP_2026-02-28_G22,10109872GOMESP,2026-02-28,"110787, 111466",2,40,22,133.0
10109872GOMESP_2026-02-28_G23,10109872GOMESP,2026-02-28,111172,1,15,0,310.0
10109872GOMESP_2026-02-28_G24,10109872GOMESP,2026-02-28,142093,1,40,0,89.0
10109872GOMESP_2026-02-28_G25,10109872GOMESP,2026-02-28,111462,1,39,0,170.0
10109872GOMESP_2026-02-28_G26,10109872GOMESP,2026-02-28,141271,1,20,0,447.0
10109872GOMESP_2026-02-28_G27,10109872GOMESP,2026-02-28,111418,1,40,0,37.0
10109872GOMESP_2026-02-28_G28,10109872GOMESP,2026-02-28,141456,1,20,0,236.0
10109872GOMESP_2026-02-28_G29,10109872GOMESP,2026-02-28,141457,1,20,0,289.0
10109872GOMESP_2026-02-28_G30,10109872GOMESP,2026-02-28,110740,1,10,0,233.0
10109872GOMESP_2026-02-28_G31,10109872GOMESP,2026-02-28,141823,1,20,0,190.0
10109872GOMESP_2026-02-28_G32,10109872GOMESP,2026-02-28,111469,1,15,0,43.0
10109872GOMESP_2026-02-28_G33,10109872GOMESP,2026-02-28,105705,1,6,0,486.0
10109872GOMESP_2026-02-28_G34,10109872GOMESP,2026-02-28,110325,1,20,0,113.0
10109872GOMESP_2026-02-28_G35,10109872GOMESP,2026-02-28,109643,2,5,8,245.0
10109872GOMESP_2026-02-28_G36,10109872GOMESP,2026-02-28,"110371, 110373",2,85,12,294.0
10109872GOMESP_2026-02-28_G37,10109872GOMESP,2026-02-28,117808,1,100,0,304.0
10109872GOMESP_2026-02-28_G38,10109872GOMESP,2026-02-28,110372,1,53,0,259.0
10109872GOMESP_2026-02-28_G39,10109872GOMESP,2026-02-28,118299,1,200,0,771.0
10109872GOMESP_2026-02-28_G40,10109872GOMESP,2026-02-28,117830,1,30,0,669.0
10109872GOMESP_2026-02-28_G41,10109872GOMESP,2026-02-28,110841,1,5,0,161.0
10109872GOMESP_2026-02-28_G42,10109872GOMESP,2026-02-28,118253,2,5,7,76.0
10109872GOMESP_2026-02-28_G43,10109872GOMESP,2026-02-28,118306,1,6,0,53.0
10109872GOMESP_2026-02-28_G44,10109872GOMESP,2026-02-28,110895,1,10,0,117.0
10109872GOMESP_2026-02-28_G45,10109872GOMESP,2026-02-28,107892,1,4,0,172.0
10109872GOMESP_2026-02-28_G46,10109872GOMESP,2026-02-28,110579,1,2,0,79.0
10109872GOMESP_2026-02-28_G47,10109872GOMESP,2026-02-28,140923,1,40,0,189.0
10109872GOMESP_2026-02-28_G48,10109872GOMESP,2026-02-28,111530,1,30,0,297.0
10109872GOMESP_2026-02-28_G49,10109872GOMESP,2026-02-28,111330,2,4,10,381.0
10109872GOMESP_2026-02-28_G50,10109872GOMESP,2026-02-28,141249,1,12,0,1118.0
10109872GOMESP_2026-02-28_G51,10109872GOMESP,2026-02-28,140922,1,30,0,294.0
10109872GOMESP_2026-02-28_G52,10109872GOMESP,2026-02-28,118317,1,12,0,310.0
10109872GOMESP_2026-02-28_G53,10109872GOMESP,2026-02-28,160057,1,4,0,687.0
10109872GOMESP_2026-02-28_G54,10109872GOMESP,2026-02-28,100334,1,8,0,263.0
10109872GOMESP_2026-02-28_G55,10109872GOMESP,2026-02-28,117862,1,12,0,59.0
10109872GOMESP_2026-02-28_G56,10109872GOMESP,2026-02-28,141047,1,8,0,351.0
10109872GOMESP_2026-02-28_G57,10109872GOMESP,2026-02-28,111444,1,6,0,180.0
10109872GOMESP_2026-02-28_G58,10109872GOMESP,2026-02-28,117842,1,8,0,137.0
10109872GOMESP_2026-02-28_G60,10109872GOMESP,2026-02-28,108795,1,4,0,95.0
10109872GOMESP_2026-02-28_G61,10109872GOMESP,2026-02-28,111442,1,16,0,161.0
10109872GOMESP_2026-02-28_G62,10109872GOMESP,2026-02-28,141456,1,24,0,135.0
10109872GOMESP_2026-02-28_G63,10109872GOMESP,2026-02-28,110740,1,12,0,127.0
10109872GOMESP_2026-02-28_G64,10109872GOMESP,2026-02-28,107236,1,12,0,374.0
10109872GOMESP_2026-02-28_G65,10109872GOMESP,2026-02-28,110374,1,24,0,198.0
10109872GOMESP_2026-02-28_G66,10109872GOMESP,2026-02-28,110373,1,40,0,504.0
10109872GOMESP_2026-02-28_G67,10109872GOMESP,2026-02-28,140922,1,4,0,274.0
10109872GOMESP_2026-02-28_G68,10109872GOMESP,2026-02-28,108794,1,4,0,100.0
10109872GOMESP_2026-02-28_G69,10109872GOMESP,2026-02-28,117833,1,4,0,78.0
10109872GOMESP_2026-02-28_G70,10109872GOMESP,2026-02-28,108795,1,4,0,109.0
10109872GOMESP_2026-02-28_G71,10109872GOMESP,2026-02-28,117831,1,3,0,86.0
10109872GOMESP_2026-02-28_G72,10109872GOMESP,2026-02-28,141456,1,3,0,73.0
10109872GOMESP_2026-02-28_G73,10109872GOMESP,2026-02-28,109648,1,2,0,129.0
10109872GOMESP_2026-02-28_G74,10109872GOMESP,2026-02-28,117822,1,12,0,132.0
10109872GOMESP_2026-02-28_G75,10109872GOMESP,2026-02-28,118299,1,8,0,101.0
10109872GOMESP_2026-02-28_G76,10109872GOMESP,2026-02-28,117785,1,8,0,109.0
10109872GOMESP_2026-02-28_G77,10109872GOMESP,2026-02-28,142093,1,4,0,192.0
10109872GOMESP_2026-02-28_G78,10109872GOMESP,2026-02-28,110373,1,2,0,93.0
10109872GOMESP_2026-02-28_G79,10109872GOMESP,2026-02-28,117832,1,1,0,62.0
10109872GOMESP_2026-02-28_G80,10109872GOMESP,2026-02-28,111466,1,10,0,301.0
10109872GOMESP_2026-03-05_G02,10109872GOMESP,2026-03-05,110747,1,2,0,117.0
10109872GOMESP_2026-03-05_G03,10109872GOMESP,2026-03-05,110313,1,7,0,156.0
10109872GOMESP_2026-03-05_G04,10109872GOMESP,2026-03-05,118299,1,20,0,405.0
10109872GOMESP_2026-03-05_G05,10109872GOMESP,2026-03-05,117786,1,2,0,264.0
10109872GOMESP_2026-03-05_G06,10109872GOMESP,2026-03-05,117861,1,3,0,64.0
10109872GOMESP_2026-03-05_G07,10109872GOMESP,2026-03-05,117785,1,10,0,284.0
10109872GOMESP_2026-03-05_G08,10109872GOMESP,2026-03-05,"117832, 110895",2,7,9,568.0
10109872GOMESP_2026-03-05_G09,10109872GOMESP,2026-03-05,110733,1,36,0,239.0
10109872GOMESP_2026-03-05_G10,10109872GOMESP,2026-03-05,117855,1,24,0,3051.0
10109872GOMESP_2026-03-05_G11,10109872GOMESP,2026-03-05,111532,1,24,0,71.0
10109872GOMESP_2026-03-05_G12,10109872GOMESP,2026-03-05,111462,1,25,0,309.0
10109872GOMESP_2026-03-05_G14,10109872GOMESP,2026-03-05,111861,1,1,0,239.0
10109872GOMESP_2026-03-05_G15,10109872GOMESP,2026-03-05,111330,1,6,0,184.0
10109872GOMESP_2026-03-05_G16,10109872GOMESP,2026-03-05,110747,1,12,0,198.0
10109872GOMESP_2026-03-05_G17,10109872GOMESP,2026-03-05,142045,1,16,0,375.0
10109872GOMESP_2026-03-05_G18,10109872GOMESP,2026-03-05,110743,1,4,0,373.0
10109872GOMESP_2026-03-05_G19,10109872GOMESP,2026-03-05,111462,1,2,0,151.0
10109872GOMESP_2026-03-05_G20,10109872GOMESP,2026-03-05,141456,1,24,0,239.0
10109872GOMESP_2026-03-05_G21,10109872GOMESP,2026-03-05,141457,1,10,0,148.0
10109872GOMESP_2026-03-05_G22,10109872GOMESP,2026-03-05,140911,1,2,0,126.0
10109872GOMESP_2026-03-05_G23,10109872GOMESP,2026-03-05,118094,1,8,0,161.0
10109872GOMESP_2026-03-05_G24,10109872GOMESP,2026-03-05,141823,1,2,0,97.0
10109872GOMESP_2026-03-05_G25,10109872GOMESP,2026-03-05,110371,1,4,0,71.0
10109872GOMESP_2026-03-05_G26,10109872GOMESP,2026-03-05,109643,1,43,0,1369.0
10109872GOMESP_2026-03-05_G27,10109872GOMESP,2026-03-05,142045,1,3,0,186.0
10109872GOMESP_2026-03-05_G28,10109872GOMESP,2026-03-05,109643,1,10,0,97.0
10109872GOMESP_2026-03-05_G29,10109872GOMESP,2026-03-05,140922,1,40,0,525.0
10109872GOMESP_2026-03-05_G30,10109872GOMESP,2026-03-05,140923,1,4,0,743.0
10109872GOMESP_2026-03-05_G31,10109872GOMESP,2026-03-05,110733,2,12,12,110.0
10109872GOMESP_2026-03-05_G32,10109872GOMESP,2026-03-05,111569,1,2,0,155.0
10109872GOMESP_2026-03-05_G33,10109872GOMESP,2026-03-05,111438,1,4,0,60.0
10109872GOMESP_2026-03-05_G34,10109872GOMESP,2026-03-05,117836,1,2,0,33.0
10109872GOMESP_2026-03-05_G35,10109872GOMESP,2026-03-05,111655,1,2,0,85.0
10109872GOMESP_2026-03-05_G36,10109872GOMESP,2026-03-05,110754,1,2,0,100.0
10109872GOMESP_2026-03-05_G37,10109872GOMESP,2026-03-05,116241,1,4,0,154.0
10109872GOMESP_2026-03-05_G38,10109872GOMESP,2026-03-05,110376,1,1,0,97.0
10109872GOMESP_2026-03-05_G39,10109872GOMESP,2026-03-05,160051,1,2,0,87.0
10109872GOMESP_2026-03-05_G41,10109872GOMESP,2026-03-05,142093,1,3,0,96.0
10109872GOMESP_2026-03-05_G42,10109872GOMESP,2026-03-05,141456,1,4,0,117.0
10109872GOMESP_2026-03-05_G43,10109872GOMESP,2026-03-05,111468,1,1,0,48.0
10109872GOMESP_2026-03-05_G44,10109872GOMESP,2026-03-05,111469,1,2,0,87.0
10109872GOMESP_2026-03-05_G45,10109872GOMESP,2026-03-05,107236,1,2,0,131.0
10109872GOMESP_2026-03-05_G46,10109872GOMESP,2026-03-05,110373,1,8,0,225.0
10109872GOMESP_2026-03-05_G47,10109872GOMESP,2026-03-05,110372,1,3,0,60.0
10109872GOMESP_2026-03-05_G48,10109872GOMESP,2026-03-05,117808,1,20,0,135.0
10109872GOMESP_2026-03-05_G49,10109872GOMESP,2026-03-05,111742,1,10,0,532.0
10109872GOMESP_2026-03-05_G50,10109872GOMESP,2026-03-05,111723,1,8,0,163.0
10109872GOMESP_2026-03-05_G51,10109872GOMESP,2026-03-05,111751,1,8,0,269.0
10109872GOMESP_2026-03-05_G52,10109872GOMESP,2026-03-05,111634,1,8,0,149.0
10109872GOMESP_2026-03-05_G53,10109872GOMESP,2026-03-05,118632,1,2,0,34.0
10109872GOMESP_2026-03-05_G54,10109872GOMESP,2026-03-05,140923,1,4,0,163.0
10109872GOMESP_2026-03-05_G55,10109872GOMESP,2026-03-05,110874,1,4,0,248.0
10109872GOMESP_2026-03-05_G56,10109872GOMESP,2026-03-05,111722,1,10,0,647.0
10109872GOMESP_2026-03-05_G57,10109872GOMESP,2026-03-05,141247,1,1,0,331.0
10109872GOMESP_2026-03-05_G58,10109872GOMESP,2026-03-05,110733,1,2,0,132.0
10109872GOMESP_2026-03-05_G59,10109872GOMESP,2026-03-05,110742,1,4,0,277.0
10109872GOMESP_2026-03-05_G60,10109872GOMESP,2026-03-05,140923,1,4,0,111.0
10109872GOMESP_2026-03-05_G61,10109872GOMESP,2026-03-05,141262,1,20,0,145.0
10109872GOMESP_2026-03-05_G62,10109872GOMESP,2026-03-05,111634,1,12,0,204.0
10109872GOMESP_2026-03-05_G63,10109872GOMESP,2026-03-05,111722,1,20,0,110.0
10109872GOMESP_2026-03-05_G64,10109872GOMESP,2026-03-05,110895,1,12,0,1467.0
10109872GOMESP_2026-03-05_G65,10109872GOMESP,2026-03-05,140911,1,5,0,140.0
10109872GOMESP_2026-03-05_G66,10109872GOMESP,2026-03-05,141141,1,10,0,363.0
10109872GOMESP_2026-03-05_G67,10109872GOMESP,2026-03-05,141155,1,8,0,81.0
10109872GOMESP_2026-03-05_G68,10109872GOMESP,2026-03-05,111723,1,8,0,202.0
10109872GOMESP_2026-03-06_G02,10109872GOMESP,2026-03-06,109649,1,12,0,274.0
10109872GOMESP_2026-03-06_G03,10109872GOMESP,2026-03-06,142093,1,3,0,102.0
10109872GOMESP_2026-03-06_G04,10109872GOMESP,2026-03-06,118299,1,10,0,136.0
10109872GOMESP_2026-03-06_G05,10109872GOMESP,2026-03-06,110313,1,4,0,133.0
10109872GOMESP_2026-03-06_G06,10109872GOMESP,2026-03-06,111532,1,4,0,83.0
10109872GOMESP_2026-03-06_G07,10109872GOMESP,2026-03-06,105705,1,16,0,771.0
10109872GOMESP_2026-03-06_G08,10109872GOMESP,2026-03-06,100334,1,4,0,584.0
10109872GOMESP_2026-03-06_G09,10109872GOMESP,2026-03-06,142093,1,2,0,96.0
10109872GOMESP_2026-03-06_G10,10109872GOMESP,2026-03-06,110740,1,2,0,123.0
10109872GOMESP_2026-03-06_G11,10109872GOMESP,2026-03-06,141823,1,2,0,64.0
10109872GOMESP_2026-03-06_G12,10109872GOMESP,2026-03-06,117820,1,2,0,107.0
10109872GOMESP_2026-03-06_G13,10109872GOMESP,2026-03-06,111438,1,1,0,119.0
10109872GOMESP_2026-03-06_G14,10109872GOMESP,2026-03-06,117786,1,4,0,345.0
10109872GOMESP_2026-03-06_G15,10109872GOMESP,2026-03-06,110339,1,2,0,85.0
10109872GOMESP_2026-03-06_G16,10109872GOMESP,2026-03-06,111467,1,4,0,100.0
10109872GOMESP_2026-03-06_G17,10109872GOMESP,2026-03-06,117785,1,4,0,135.0
10109872GOMESP_2026-03-06_G18,10109872GOMESP,2026-03-06,142093,1,4,0,96.0
10109872GOMESP_2026-03-06_G19,10109872GOMESP,2026-03-06,109641,1,14,0,225.0
10109872GOMESP_2026-03-06_G20,10109872GOMESP,2026-03-06,111418,1,7,0,229.0
10109872GOMESP_2026-03-06_G21,10109872GOMESP,2026-03-06,117820,1,5,0,140.0
10109872GOMESP_2026-03-06_G22,10109872GOMESP,2026-03-06,110375,1,1,0,154.0
10109872GOMESP_2026-03-06_G23,10109872GOMESP,2026-03-06,117808,1,10,0,74.0
10109872GOMESP_2026-03-06_G24,10109872GOMESP,2026-03-06,118299,1,4,0,99.0
10109872GOMESP_2026-03-06_G25,10109872GOMESP,2026-03-06,111759,1,8,0,161.0
10109872GOMESP_2026-03-06_G26,10109872GOMESP,2026-03-06,111723,1,8,0,118.0
10109872GOMESP_2026-03-06_G27,10109872GOMESP,2026-03-06,111751,1,8,0,544.0
10109872GOMESP_2026-03-06_G28,10109872GOMESP,2026-03-06,111722,1,10,0,202.0
10109872GOMESP_2026-03-06_G29,10109872GOMESP,2026-03-06,141141,1,8,0,290.0
10109872GOMESP_2026-03-06_G30,10109872GOMESP,2026-03-06,141140,1,8,0,153.0
10109872GOMESP_2026-03-06_G31,10109872GOMESP,2026-03-06,111723,1,8,0,226.0
10109872GOMESP_2026-03-06_G32,10109872GOMESP,2026-03-06,111751,1,8,0,222.0
10109872GOMESP_2026-03-06_G33,10109872GOMESP,2026-03-06,111722,1,5,0,156.0
10109872GOMESP_2026-03-06_G34,10109872GOMESP,2026-03-06,118191,1,20,0,768.0
10109872GOMESP_2026-03-06_G35,10109872GOMESP,2026-03-06,118290,1,1,0,839.0
10109872GOMESP_2026-03-06_G36,10109872GOMESP,2026-03-06,141916,1,2,0,97.0
10109872GOMESP_2026-03-06_G37,10109872GOMESP,2026-03-06,110733,1,4,0,77.0
10109872GOMESP_2026-03-06_G38,10109872GOMESP,2026-03-06,111743,1,1,0,78.0
10109872GOMESP_2026-03-06_G39,10109872GOMESP,2026-03-06,117820,1,6,0,177.0
10109872GOMESP_2026-03-06_G40,10109872GOMESP,2026-03-06,110325,1,6,0,94.0
10109872GOMESP_2026-03-06_G41,10109872GOMESP,2026-03-06,110376,1,3,0,86.0
10109872GOMESP_2026-03-06_G42,10109872GOMESP,2026-03-06,118299,1,10,0,173.0
10109872GOMESP_2026-03-06_G43,10109872GOMESP,2026-03-06,142093,1,3,0,239.0
10109872GOMESP_2026-03-06_G44,10109872GOMESP,2026-03-06,117831,1,2,0,112.0
10109872GOMESP_2026-03-06_G45,10109872GOMESP,2026-03-06,110740,1,2,0,107.0
10109872GOMESP_2026-03-06_G46,10109872GOMESP,2026-03-06,110374,1,3,0,95.0
10109872GOMESP_2026-03-06_G47,10109872GOMESP,2026-03-06,117808,1,4,0,84.0
10109872GOMESP_2026-03-06_G48,10109872GOMESP,2026-03-06,111660,1,3,0,224.0
10109872GOMESP_2026-03-06_G49,10109872GOMESP,2026-03-06,110747,1,4,0,128.0
10109872GOMESP_2026-03-06_G50,10109872GOMESP,2026-03-06,100334,1,3,0,113.0
10109872GOMESP_2026-03-06_G51,10109872GOMESP,2026-03-06,118094,1,2,0,106.0
10109872GOMESP_2026-03-06_G52,10109872GOMESP,2026-03-06,117821,1,2,0,52.0
10109872GOMESP_2026-03-06_G53,10109872GOMESP,2026-03-06,116241,1,4,0,76.0
10109872GOMESP_2026-03-06_G54,10109872GOMESP,2026-03-06,142093,1,12,0,120.0
10109872GOMESP_2026-03-06_G55,10109872GOMESP,2026-03-06,111462,1,3,0,45.0
10109872GOMESP_2026-03-06_G56,10109872GOMESP,2026-03-06,109641,1,4,0,117.0
10109872GOMESP_2026-03-06_G57,10109872GOMESP,2026-03-06,111469,1,6,0,100.0
10109872GOMESP_2026-03-06_G58,10109872GOMESP,2026-03-06,141202,1,1,0,563.0
10109872GOMESP_2026-03-06_G59,10109872GOMESP,2026-03-06,110371,1,12,0,163.0
10109872GOMESP_2026-03-06_G60,10109872GOMESP,2026-03-06,110372,1,4,0,111.0
10109872GOMESP_2026-03-06_G61,10109872GOMESP,2026-03-06,117808,1,8,0,54.0
10109872GOMESP_2026-03-06_G62,10109872GOMESP,2026-03-06,111655,1,1,0,238.0
10109872GOMESP_2026-03-06_G63,10109872GOMESP,2026-03-06,117856,1,4,0,96.0
10109872GOMESP_2026-03-06_G64,10109872GOMESP,2026-03-06,110733,1,2,0,62.0
10109872GOMESP_2026-03-06_G65,10109872GOMESP,2026-03-06,117861,1,2,0,209.0
10109872GOMESP_2026-03-06_G66,10109872GOMESP,2026-03-06,111532,1,2,0,249.0
10109872GOMESP_2026-03-06_G67,10109872GOMESP,2026-03-06,108795,1,4,0,100.0
10109872GOMESP_2026-03-06_G68,10109872GOMESP,2026-03-06,141457,1,4,0,131.0
10109872GOMESP_2026-03-06_G69,10109872GOMESP,2026-03-06,117820,1,6,0,137.0
10109872GOMESP_2026-03-06_G70,10109872GOMESP,2026-03-06,141202,1,4,0,78.0
10109872GOMESP_2026-03-06_G71,10109872GOMESP,2026-03-06,110372,1,10,0,107.0
10109872GOMESP_2026-03-06_G72,10109872GOMESP,2026-03-06,117830,1,2,0,48.0
10109872GOMESP_2026-03-06_G73,10109872GOMESP,2026-03-06,111751,1,10,0,1116.0
10109872GOMESP_2026-03-06_G74,10109872GOMESP,2026-03-06,141155,1,8,0,365.0
10109872GOMESP_2026-03-06_G75,10109872GOMESP,2026-03-06,111723,1,8,0,85.0
10109872GOMESP_2026-03-06_G76,10109872GOMESP,2026-03-06,111443,1,7,0,1373.0
10109872GOMESP_2026-03-06_G78,10109872GOMESP,2026-03-06,115209,1,4,0,178.0
10109872GOMESP_2026-03-06_G79,10109872GOMESP,2026-03-06,117785,1,350,0,589.0
10109872GOMESP_2026-03-06_G80,10109872GOMESP,2026-03-06,117821,1,20,0,213.0
10109872GOMESP_2026-03-06_G81,10109872GOMESP,2026-03-06,111462,1,40,0,300.0
10109872GOMESP_2026-03-06_G82,10109872GOMESP,2026-03-06,142080,1,6,0,209.0
10109872GOMESP_2026-03-06_G83,10109872GOMESP,2026-03-06,111463,1,50,0,465.0
10109872GOMESP_2026-03-06_G84,10109872GOMESP,2026-03-06,111442,1,9,0,128.0
10109872GOMESP_2026-03-06_G85,10109872GOMESP,2026-03-06,109645,1,48,0,402.0
10109872GOMESP_2026-03-06_G86,10109872GOMESP,2026-03-06,141823,1,40,0,384.0
10109872GOMESP_2026-03-06_G87,10109872GOMESP,2026-03-06,111660,1,13,0,145.0
10109872GOMESP_2026-03-06_G88,10109872GOMESP,2026-03-06,110030,1,4,0,299.0
10109872GOMESP_2026-03-06_G89,10109872GOMESP,2026-03-06,115234,1,8,0,181.0
10109872GOMESP_2026-03-06_G90,10109872GOMESP,2026-03-06,118290,1,40,0,354.0
10109872GOMESP_2026-03-06_G91,10109872GOMESP,2026-03-06,114650,1,1,0,93.0
10109872GOMESP_2026-03-06_G92,10109872GOMESP,2026-03-06,111832,1,14,0,226.0
10109872GOMESP_2026-03-06_G93,10109872GOMESP,2026-03-06,100334,1,36,0,469.0
10109872GOMESP_2026-03-06_G94,10109872GOMESP,2026-03-06,111569,1,11,0,139.0
10109872GOMESP_2026-03-06_G95,10109872GOMESP,2026-03-06,140915,1,4,0,311.0
10109872GOMESP_2026-03-06_G96,10109872GOMESP,2026-03-06,111851,1,7,0,139.0
10109872GOMESP_2026-03-06_G97,10109872GOMESP,2026-03-06,111199,1,1,0,711.0
10109872GOMESP_2026-03-07_G02,10109872GOMESP,2026-03-07,142045,1,41,0,372.0
10109872GOMESP_2026-03-07_G03,10109872GOMESP,2026-03-07,140923,1,20,0,318.0
10109872GOMESP_2026-03-07_G04,10109872GOMESP,2026-03-07,118094,1,4,0,69.0
10109872GOMESP_2026-03-07_G05,10109872GOMESP,2026-03-07,117855,1,4,0,98.0
10109872GOMESP_2026-03-07_G06,10109872GOMESP,2026-03-07,117856,1,4,0,91.0
10109872GOMESP_2026-03-07_G07,10109872GOMESP,2026-03-07,141047,1,4,0,110.0
10109872GOMESP_2026-03-07_G08,10109872GOMESP,2026-03-07,111462,1,2,0,110.0
10109872GOMESP_2026-03-07_G09,10109872GOMESP,2026-03-07,"140922, 117785",2,8,25,95.0
10109872GOMESP_2026-03-07_G10,10109872GOMESP,2026-03-07,111743,1,4,0,152.0
10109872GOMESP_2026-03-07_G11,10109872GOMESP,2026-03-07,111330,2,10,9,84.0
10109872GOMESP_2026-03-07_G12,10109872GOMESP,2026-03-07,142093,1,10,0,157.0
10109872GOMESP_2026-03-07_G13,10109872GOMESP,2026-03-07,117831,1,4,0,146.0
10109872GOMESP_2026-03-07_G14,10109872GOMESP,2026-03-07,141456,2,18,7,126.0
10109872GOMESP_2026-03-07_G15,10109872GOMESP,2026-03-07,111418,1,66,0,238.0
10109872GOMESP_2026-03-07_G16,10109872GOMESP,2026-03-07,111465,1,2,0,249.0
10109872GOMESP_2026-03-07_G17,10109872GOMESP,2026-03-07,117808,1,260,0,717.0
10109872GOMESP_2026-03-07_G18,10109872GOMESP,2026-03-07,117832,1,30,0,172.0
10109872GOMESP_2026-03-07_G19,10109872GOMESP,2026-03-07,110373,1,27,0,210.0
10109872GOMESP_2026-03-07_G20,10109872GOMESP,2026-03-07,110373,1,2,0,111.0
10109872GOMESP_2026-03-07_G21,10109872GOMESP,2026-03-07,117785,1,31,0,816.0
10109872GOMESP_2026-03-07_G22,10109872GOMESP,2026-03-07,141458,1,51,0,278.0
10109872GOMESP_2026-03-07_G23,10109872GOMESP,2026-03-07,111441,1,2,0,1190.0
10109872GOMESP_2026-03-07_G24,10109872GOMESP,2026-03-07,110733,1,2,0,84.0
10109872GOMESP_2026-03-07_G25,10109872GOMESP,2026-03-07,111442,1,12,0,117.0
10109872GOMESP_2026-03-07_G26,10109872GOMESP,2026-03-07,160052,1,8,0,95.0
10109872GOMESP_2026-03-07_G27,10109872GOMESP,2026-03-07,160051,1,8,0,54.0
10109872GOMESP_2026-03-07_G28,10109872GOMESP,2026-03-07,111462,1,3,0,146.0
10109872GOMESP_2026-03-07_G29,10109872GOMESP,2026-03-07,109643,1,6,0,125.0
10109872GOMESP_2026-03-07_G30,10109872GOMESP,2026-03-07,117785,1,20,0,571.0
10109872GOMESP_2026-03-07_G31,10109872GOMESP,2026-03-07,117821,1,30,0,394.0
10109872GOMESP_2026-03-07_G32,10109872GOMESP,2026-03-07,111743,1,8,0,187.0
10109872GOMESP_2026-03-07_G33,10109872GOMESP,2026-03-07,108795,1,6,0,93.0
10109872GOMESP_2026-03-07_G34,10109872GOMESP,2026-03-07,142080,1,14,0,281.0
10109872GOMESP_2026-03-07_G35,10109872GOMESP,2026-03-07,111463,2,100,12,68.0
10109872GOMESP_2026-03-07_G36,10109872GOMESP,2026-03-07,111442,1,2,0,355.0
10109872GOMESP_2026-03-07_G37,10109872GOMESP,2026-03-07,141456,1,10,0,110.0
10109872GOMESP_2026-03-07_G38,10109872GOMESP,2026-03-07,111418,1,80,0,81.0
10109872GOMESP_2026-03-07_G39,10109872GOMESP,2026-03-07,109645,1,12,0,154.0
10109872GOMESP_2026-03-07_G40,10109872GOMESP,2026-03-07,141457,1,10,0,116.0
10109872GOMESP_2026-03-07_G41,10109872GOMESP,2026-03-07,110740,1,8,0,86.0
10109872GOMESP_2026-03-07_G42,10109872GOMESP,2026-03-07,105705,1,14,0,330.0
10109872GOMESP_2026-03-07_G43,10109872GOMESP,2026-03-07,141458,1,6,0,109.0
10109872GOMESP_2026-03-07_G44,10109872GOMESP,2026-03-07,110755,1,2,0,150.0
10109872GOMESP_2026-03-07_G45,10109872GOMESP,2026-03-07,100334,1,30,0,213.0
10109872GOMESP_2026-03-07_G46,10109872GOMESP,2026-03-07,111569,1,23,0,194.0
10109872GOMESP_2026-03-07_G47,10109872GOMESP,2026-03-07,118306,1,4,0,318.0
10109872GOMESP_2026-03-07_G48,10109872GOMESP,2026-03-07,141916,1,2,0,47.0
10109872GOMESP_2026-03-07_G49,10109872GOMESP,2026-03-07,117855,1,64,0,389.0
10109872GOMESP_2026-03-07_G50,10109872GOMESP,2026-03-07,110313,1,4,0,1104.0
10109872GOMESP_2026-03-07_G51,10109872GOMESP,2026-03-07,117862,1,20,0,118.0
10109872GOMESP_2026-03-07_G52,10109872GOMESP,2026-03-07,110733,1,4,0,290.0
10109872GOMESP_2026-03-07_G53,10109872GOMESP,2026-03-07,117786,1,14,0,141.0
10109872GOMESP_2026-03-07_G54,10109872GOMESP,2026-03-07,117861,1,8,0,52.0
10109872GOMESP_2026-03-07_G55,10109872GOMESP,2026-03-07,110339,1,24,0,124.0
10109872GOMESP_2026-03-07_G56,10109872GOMESP,2026-03-07,111467,1,4,0,244.0
10109872GOMESP_2026-03-07_G57,10109872GOMESP,2026-03-07,110373,2,80,7,133.0
10109872GOMESP_2026-03-07_G58,10109872GOMESP,2026-03-07,117820,1,150,0,782.0
10109872GOMESP_2026-03-07_G59,10109872GOMESP,2026-03-07,110325,1,16,0,119.0
10109872GOMESP_2026-03-07_G60,10109872GOMESP,2026-03-07,110371,1,16,0,173.0
10109872GOMESP_2026-03-07_G61,10109872GOMESP,2026-03-07,109643,2,10,9,90.0
10109872GOMESP_2026-03-07_G62,10109872GOMESP,2026-03-07,117808,1,100,0,93.0
10109872GOMESP_2026-03-07_G63,10109872GOMESP,2026-03-07,117832,1,30,0,389.0
10109872GOMESP_2026-03-07_G65,10109872GOMESP,2026-03-07,108794,1,16,0,459.0
10109872GOMESP_2026-03-07_G66,10109872GOMESP,2026-03-07,110751,1,2,0,56.0
10109872GOMESP_2026-03-07_G67,10109872GOMESP,2026-03-07,117821,1,4,0,57.0
10109872GOMESP_2026-03-07_G68,10109872GOMESP,2026-03-07,"110743, 111743",2,24,23,94.0
10109872GOMESP_2026-03-07_G69,10109872GOMESP,2026-03-07,142093,1,26,0,273.0
10109872GOMESP_2026-03-07_G70,10109872GOMESP,2026-03-07,111462,1,31,0,208.0
10109872GOMESP_2026-03-07_G71,10109872GOMESP,2026-03-07,117831,1,22,0,609.0
10109872GOMESP_2026-03-07_G72,10109872GOMESP,2026-03-07,111463,1,103,0,132.0
10109872GOMESP_2026-03-07_G73,10109872GOMESP,2026-03-07,108798,1,7,0,212.0
10109872GOMESP_2026-03-07_G74,10109872GOMESP,2026-03-07,111418,1,127,0,436.0
10109872GOMESP_2026-03-07_G75,10109872GOMESP,2026-03-07,110740,1,2,0,218.0
10109872GOMESP_2026-03-07_G76,10109872GOMESP,2026-03-07,105705,1,26,0,277.0
10109872GOMESP_2026-03-09_G02,10109872GOMESP,2026-03-09,107629,1,200,0,558.0
10109872GOMESP_2026-03-09_G03,10109872GOMESP,2026-03-09,111879,1,100,0,398.0
10109872GOMESP_2026-03-09_G04,10109872GOMESP,2026-03-09,110339,1,60,0,206.0
10109872GOMESP_2026-03-09_G05,10109872GOMESP,2026-03-09,108711,1,400,0,646.0
10109872GOMESP_2026-03-09_G06,10109872GOMESP,2026-03-09,108795,1,190,0,476.0
10109872GOMESP_2026-03-09_G07,10109872GOMESP,2026-03-09,141823,1,80,0,315.0
10109872GOMESP_2026-03-09_G08,10109872GOMESP,2026-03-09,110325,1,8,0,54.0
10109872GOMESP_2026-03-09_G09,10109872GOMESP,2026-03-09,110372,1,125,0,627.0
10109872GOMESP_2026-03-09_G10,10109872GOMESP,2026-03-09,141202,1,26,0,126.0
10109872GOMESP_2026-03-09_G11,10109872GOMESP,2026-03-09,111430,1,6,0,846.0
10109872GOMESP_2026-03-09_G12,10109872GOMESP,2026-03-09,109933,1,8,0,294.0
10109872GOMESP_2026-03-09_G13,10109872GOMESP,2026-03-09,111569,1,8,0,51.0
10109872GOMESP_2026-03-09_G14,10109872GOMESP,2026-03-09,141318,1,4,0,154.0
10109872GOMESP_2026-03-09_G15,10109872GOMESP,2026-03-09,117862,1,4,0,124.0
10109872GOMESP_2026-03-09_G16,10109872GOMESP,2026-03-09,111467,1,2,0,169.0
10109872GOMESP_2026-03-09_G17,10109872GOMESP,2026-03-09,117785,1,16,0,188.0
10109872GOMESP_2026-03-09_G18,10109872GOMESP,2026-03-09,111330,1,4,0,68.0
10109872GOMESP_2026-03-09_G19,10109872GOMESP,2026-03-09,111462,1,12,0,384.0
10109872GOMESP_2026-03-09_G20,10109872GOMESP,2026-03-09,111463,1,18,0,173.0
10109872GOMESP_2026-03-09_G21,10109872GOMESP,2026-03-09,111418,1,16,0,128.0
10109872GOMESP_2026-03-09_G22,10109872GOMESP,2026-03-09,110740,1,4,0,115.0
10109872GOMESP_2026-03-09_G23,10109872GOMESP,2026-03-09,117808,1,18,0,582.0
10109872GOMESP_2026-03-09_G24,10109872GOMESP,2026-03-09,118299,1,30,0,304.0
10109872GOMESP_2026-03-09_G25,10109872GOMESP,2026-03-09,117820,1,18,0,516.0
10109872GOMESP_2026-03-09_G26,10109872GOMESP,2026-03-09,110371,1,18,0,157.0
10109872GOMESP_2026-03-09_G27,10109872GOMESP,2026-03-09,110373,1,18,0,152.0
10109872GOMESP_2026-03-09_G28,10109872GOMESP,2026-03-09,110372,1,30,0,309.0
10109872GOMESP_2026-03-09_G29,10109872GOMESP,2026-03-09,118299,1,8,0,270.0
10109872GOMESP_2026-03-09_G30,10109872GOMESP,2026-03-09,117820,1,10,0,186.0
10109872GOMESP_2026-03-09_G31,10109872GOMESP,2026-03-09,110371,1,26,0,463.0
10109872GOMESP_2026-03-09_G32,10109872GOMESP,2026-03-09,110373,1,30,0,426.0
10109872GOMESP_2026-03-09_G33,10109872GOMESP,2026-03-09,110372,1,26,0,239.0
10109872GOMESP_2026-03-09_G34,10109872GOMESP,2026-03-09,117808,1,30,0,218.0
10109872GOMESP_2026-03-09_G35,10109872GOMESP,2026-03-09,110747,1,4,0,661.0
10109872GOMESP_2026-03-09_G36,10109872GOMESP,2026-03-09,100334,1,8,0,221.0
10109872GOMESP_2026-03-09_G37,10109872GOMESP,2026-03-09,110747,1,2,0,143.0
10109872GOMESP_2026-03-09_G38,10109872GOMESP,2026-03-09,111462,1,36,0,394.0
10109872GOMESP_2026-03-09_G39,10109872GOMESP,2026-03-09,118299,1,20,0,297.0
10109872GOMESP_2026-03-09_G40,10109872GOMESP,2026-03-09,117832,1,5,0,279.0
10109872GOMESP_2026-03-09_G41,10109872GOMESP,2026-03-09,111655,1,1,0,100.0
10109872GOMESP_2026-03-09_G42,10109872GOMESP,2026-03-09,117832,1,4,0,169.0
10109872GOMESP_2026-03-09_G43,10109872GOMESP,2026-03-09,118299,1,10,0,260.0
10109872GOMESP_2026-03-09_G44,10109872GOMESP,2026-03-09,110374,1,5,0,892.0
10109872GOMESP_2026-03-09_G45,10109872GOMESP,2026-03-09,118299,1,19,0,164.0
10109872GOMESP_2026-03-09_G46,10109872GOMESP,2026-03-09,111462,1,6,0,83.0
10109872GOMESP_2026-03-09_G47,10109872GOMESP,2026-03-09,111463,1,4,0,87.0
10109872GOMESP_2026-03-09_G48,10109872GOMESP,2026-03-09,118299,1,2,0,109.0
10109872GOMESP_2026-03-09_G49,10109872GOMESP,2026-03-09,110313,1,3,0,58.0
10109872GOMESP_2026-03-09_G50,10109872GOMESP,2026-03-09,109641,1,3,0,100.0
10109872GOMESP_2026-03-09_G51,10109872GOMESP,2026-03-09,108711,1,1,0,68.0
10109872GOMESP_2026-03-09_G52,10109872GOMESP,2026-03-09,111462,1,7,0,54.0
10109872GOMESP_2026-03-09_G53,10109872GOMESP,2026-03-09,109641,1,6,0,159.0
10109872GOMESP_2026-03-09_G54,10109872GOMESP,2026-03-09,111463,1,2,0,49.0
10109872GOMESP_2026-03-09_G55,10109872GOMESP,2026-03-09,110747,1,12,0,1373.0
10109872GOMESP_2026-03-09_G56,10109872GOMESP,2026-03-09,111430,1,2,0,90.0
10109872GOMESP_2026-03-09_G57,10109872GOMESP,2026-03-09,111441,1,4,0,207.0
10109872GOMESP_2026-03-09_G58,10109872GOMESP,2026-03-09,109933,1,4,0,60.0
10109872GOMESP_2026-03-09_G59,10109872GOMESP,2026-03-09,111569,1,4,0,89.0
10109872GOMESP_2026-03-09_G60,10109872GOMESP,2026-03-09,111438,1,8,0,174.0
10109872GOMESP_2026-03-09_G61,10109872GOMESP,2026-03-09,110755,1,4,0,245.0
10109872GOMESP_2026-03-09_G63,10109872GOMESP,2026-03-09,110313,2,11,6,146.0
10109872GOMESP_2026-03-09_G64,10109872GOMESP,2026-03-09,110741,1,4,0,88.0
10109872GOMESP_2026-03-09_G65,10109872GOMESP,2026-03-09,118094,1,4,0,53.0
10109872GOMESP_2026-03-09_G66,10109872GOMESP,2026-03-09,117862,1,4,0,59.0
10109872GOMESP_2026-03-09_G67,10109872GOMESP,2026-03-09,117856,1,4,0,39.0
10109872GOMESP_2026-03-09_G68,10109872GOMESP,2026-03-09,140922,1,4,0,177.0
10109872GOMESP_2026-03-09_G69,10109872GOMESP,2026-03-09,117821,1,4,0,74.0
10109872GOMESP_2026-03-09_G70,10109872GOMESP,2026-03-09,108711,1,8,0,76.0
10109872GOMESP_2026-03-09_G71,10109872GOMESP,2026-03-09,111466,1,3,0,41.0
10109872GOMESP_2026-03-09_G72,10109872GOMESP,2026-03-09,142093,2,6,6,49.0
10109872GOMESP_2026-03-09_G73,10109872GOMESP,2026-03-09,111446,1,6,0,107.0
10109872GOMESP_2026-03-09_G74,10109872GOMESP,2026-03-09,110740,1,4,0,458.0
10109872GOMESP_2026-03-09_G75,10109872GOMESP,2026-03-09,111469,2,20,5,77.0
10109872GOMESP_2026-03-09_G76,10109872GOMESP,2026-03-09,107236,1,3,0,376.0
10109872GOMESP_2026-03-09_G77,10109872GOMESP,2026-03-09,118290,1,3,0,689.0
10109872GOMESP_2026-03-09_G78,10109872GOMESP,2026-03-09,140923,1,2,0,103.0
10109872GOMESP_2026-03-09_G79,10109872GOMESP,2026-03-09,117855,1,2,0,71.0
10109872GOMESP_2026-03-09_G80,10109872GOMESP,2026-03-09,117856,1,4,0,84.0
10109872GOMESP_2026-03-09_G81,10109872GOMESP,2026-03-09,140922,1,4,0,101.0
10109872GOMESP_2026-03-09_G82,10109872GOMESP,2026-03-09,111348,1,4,0,68.0
10109872GOMESP_2026-03-09_G83,10109872GOMESP,2026-03-09,110374,1,16,0,300.0
10109872GOMESP_2026-03-09_G84,10109872GOMESP,2026-03-09,117820,1,1,0,71.0
10109872GOMESP_2026-03-09_G85,10109872GOMESP,2026-03-09,110325,1,4,0,66.0
10109872GOMESP_2026-03-09_G86,10109872GOMESP,2026-03-09,110371,1,1,0,48.0
10109872GOMESP_2026-03-09_G87,10109872GOMESP,2026-03-09,"110373, 118299",2,21,27,233.0
10109872GOMESP_2026-03-09_G88,10109872GOMESP,2026-03-09,117832,1,1,0,81.0
10109872GOMESP_2026-03-09_G89,10109872GOMESP,2026-03-09,110372,1,24,0,352.0
10109872GOMESP_2026-03-09_G90,10109872GOMESP,2026-03-09,117830,1,2,0,79.0
10109872GOMESP_2026-03-09_G91,10109872GOMESP,2026-03-09,110747,1,4,0,152.0
10109872GOMESP_2026-03-09_G92,10109872GOMESP,2026-03-09,111569,1,4,0,130.0
10109872GOMESP_2026-03-09_G93,10109872GOMESP,2026-03-09,142045,1,3,0,64.0
10109872GOMESP_2026-03-09_G94,10109872GOMESP,2026-03-09,117856,1,2,0,107.0
10109872GOMESP_2026-03-09_G95,10109872GOMESP,2026-03-09,110339,1,4,0,98.0
10109872GOMESP_2026-03-09_G96,10109872GOMESP,2026-03-09,110740,1,2,0,46.0
10109872GOMESP_2026-03-09_G97,10109872GOMESP,2026-03-09,117808,1,42,0,346.0
10109872GOMESP_2026-03-09_G98,10109872GOMESP,2026-03-09,110373,1,26,0,276.0
10109872GOMESP_2026-03-09_G99,10109872GOMESP,2026-03-09,117820,1,6,0,113.0
10109872GOMESP_2026-03-09_G100,10109872GOMESP,2026-03-09,110325,1,4,0,68.0
10109872GOMESP_2026-03-09_G101,10109872GOMESP,2026-03-09,110372,1,4,0,63.0
10109872GOMESP_2026-03-10_G02,10109872GOMESP,2026-03-10,140922,1,2,0,78.0
10109872GOMESP_2026-03-10_G03,10109872GOMESP,2026-03-10,108794,1,3,0,39.0
10109872GOMESP_2026-03-10_G04,10109872GOMESP,2026-03-10,111532,1,9,0,77.0
10109872GOMESP_2026-03-10_G05,10109872GOMESP,2026-03-10,116241,1,20,0,94.0
10109872GOMESP_2026-03-10_G06,10109872GOMESP,2026-03-10,142093,2,28,6,519.0
10109872GOMESP_2026-03-10_G07,10109872GOMESP,2026-03-10,111462,2,33,7,422.0
10109872GOMESP_2026-03-10_G08,10109872GOMESP,2026-03-10,109641,1,27,0,458.0
10109872GOMESP_2026-03-10_G09,10109872GOMESP,2026-03-10,117831,1,2,0,364.0
10109872GOMESP_2026-03-10_G10,10109872GOMESP,2026-03-10,141456,1,2,0,146.0
10109872GOMESP_2026-03-10_G11,10109872GOMESP,2026-03-10,111418,2,66,10,38.0
10109872GOMESP_2026-03-10_G12,10109872GOMESP,2026-03-10,111465,2,4,6,334.0
10109872GOMESP_2026-03-10_G13,10109872GOMESP,2026-03-10,111463,1,6,0,40.0
10109872GOMESP_2026-03-10_G14,10109872GOMESP,2026-03-10,"109645, 111431",2,16,29,154.0
10109872GOMESP_2026-03-10_G15,10109872GOMESP,2026-03-10,110740,1,6,0,122.0
10109872GOMESP_2026-03-10_G16,10109872GOMESP,2026-03-10,111469,3,46,30,147.0
10109872GOMESP_2026-03-10_G17,10109872GOMESP,2026-03-10,111435,1,2,0,679.0
10109872GOMESP_2026-03-10_G18,10109872GOMESP,2026-03-10,140922,3,14,12,348.0
10109872GOMESP_2026-03-10_G19,10109872GOMESP,2026-03-10,111348,1,4,0,246.0
10109872GOMESP_2026-03-10_G20,10109872GOMESP,2026-03-10,117785,2,13,6,33.0
10109872GOMESP_2026-03-10_G21,10109872GOMESP,2026-03-10,111466,4,23,23,138.0
10109872GOMESP_2026-03-10_G22,10109872GOMESP,2026-03-10,"142093, 111462",4,22,34,158.0
10109872GOMESP_2026-03-10_G23,10109872GOMESP,2026-03-10,142080,2,18,6,242.0
10109872GOMESP_2026-03-10_G24,10109872GOMESP,2026-03-10,"111418, 111465",3,14,26,243.0
10109872GOMESP_2026-03-10_G25,10109872GOMESP,2026-03-10,111463,3,10,12,96.0
10109872GOMESP_2026-03-10_G26,10109872GOMESP,2026-03-10,111443,1,6,0,79.0
10109872GOMESP_2026-03-10_G27,10109872GOMESP,2026-03-10,105705,2,18,6,95.0
10109872GOMESP_2026-03-10_G28,10109872GOMESP,2026-03-10,111469,5,63,36,47.0
10109872GOMESP_2026-03-10_G29,10109872GOMESP,2026-03-10,141458,1,6,0,65.0
10109872GOMESP_2026-03-10_G30,10109872GOMESP,2026-03-10,111435,1,12,0,1233.0
10109872GOMESP_2026-03-10_G31,10109872GOMESP,2026-03-10,108759,1,1,0,1333.0
10109872GOMESP_2026-03-10_G32,10109872GOMESP,2026-03-10,160057,1,3,0,209.0
10109872GOMESP_2026-03-10_G33,10109872GOMESP,2026-03-10,110374,1,30,0,250.0
10109872GOMESP_2026-03-10_G34,10109872GOMESP,2026-03-10,111442,1,30,0,606.0
10109872GOMESP_2026-03-10_G35,10109872GOMESP,2026-03-10,110373,1,12,0,911.0
10109872GOMESP_2026-03-10_G36,10109872GOMESP,2026-03-10,110733,1,11,0,164.0
10109872GOMESP_2026-03-10_G37,10109872GOMESP,2026-03-10,110895,1,2,0,139.0
10109872GOMESP_2026-03-10_G38,10109872GOMESP,2026-03-10,142045,1,2,0,106.0
10109872GOMESP_2026-03-10_G39,10109872GOMESP,2026-03-10,141047,1,2,0,84.0
10109872GOMESP_2026-03-10_G40,10109872GOMESP,2026-03-10,110740,1,2,0,96.0
10109872GOMESP_2026-03-10_G41,10109872GOMESP,2026-03-10,117808,1,23,0,371.0
10109872GOMESP_2026-03-10_G42,10109872GOMESP,2026-03-10,110371,1,5,0,116.0
10109872GOMESP_2026-03-10_G43,10109872GOMESP,2026-03-10,109643,1,2,0,208.0
10109872GOMESP_2026-03-10_G44,10109872GOMESP,2026-03-10,110373,1,4,0,46.0
10109872GOMESP_2026-03-10_G45,10109872GOMESP,2026-03-10,110372,1,16,0,161.0
10109872GOMESP_2026-03-10_G46,10109872GOMESP,2026-03-10,117830,1,2,0,50.0
10109872GOMESP_2026-03-10_G47,10109872GOMESP,2026-03-10,110747,1,8,0,330.0
10109872GOMESP_2026-03-10_G48,10109872GOMESP,2026-03-10,140911,1,2,0,125.0
10109872GOMESP_2026-03-10_G49,10109872GOMESP,2026-03-10,140923,1,2,0,137.0
10109872GOMESP_2026-03-10_G50,10109872GOMESP,2026-03-10,141047,1,2,0,142.0
10109872GOMESP_2026-03-10_G51,10109872GOMESP,2026-03-10,109645,1,4,0,82.0
10109872GOMESP_2026-03-10_G52,10109872GOMESP,2026-03-10,110740,1,2,0,184.0
10109872GOMESP_2026-03-10_G53,10109872GOMESP,2026-03-10,110313,1,12,0,996.0
10109872GOMESP_2026-03-10_G54,10109872GOMESP,2026-03-10,117862,1,10,0,97.0
10109872GOMESP_2026-03-10_G55,10109872GOMESP,2026-03-10,117855,1,12,0,121.0
10109872GOMESP_2026-03-10_G56,10109872GOMESP,2026-03-10,111602,1,10,0,146.0
10109872GOMESP_2026-03-10_G57,10109872GOMESP,2026-03-10,110733,1,20,0,265.0
10109872GOMESP_2026-03-10_G58,10109872GOMESP,2026-03-10,117808,1,400,0,908.0
10109872GOMESP_2026-03-10_G59,10109872GOMESP,2026-03-10,117820,1,50,0,196.0
10109872GOMESP_2026-03-10_G60,10109872GOMESP,2026-03-10,110371,1,30,0,407.0
10109872GOMESP_2026-03-10_G62,10109872GOMESP,2026-03-10,117830,1,30,0,241.0
10109872GOMESP_2026-03-10_G63,10109872GOMESP,2026-03-10,110747,1,2,0,1895.0
10109872GOMESP_2026-03-10_G64,10109872GOMESP,2026-03-10,100334,1,4,0,143.0
10109872GOMESP_2026-03-10_G65,10109872GOMESP,2026-03-10,111569,1,4,0,72.0
10109872GOMESP_2026-03-10_G66,10109872GOMESP,2026-03-10,142045,1,11,0,235.0
10109872GOMESP_2026-03-10_G67,10109872GOMESP,2026-03-10,140923,1,18,0,396.0
10109872GOMESP_2026-03-10_G68,10109872GOMESP,2026-03-10,117862,1,1,0,138.0
10109872GOMESP_2026-03-10_G69,10109872GOMESP,2026-03-10,117856,1,4,0,108.0
10109872GOMESP_2026-03-10_G70,10109872GOMESP,2026-03-10,111467,1,2,0,106.0
10109872GOMESP_2026-03-10_G71,10109872GOMESP,2026-03-10,141271,1,4,0,103.0
10109872GOMESP_2026-03-10_G72,10109872GOMESP,2026-03-10,110740,1,4,0,118.0
10109872GOMESP_2026-03-10_G73,10109872GOMESP,2026-03-10,110372,1,4,0,413.0
10109872GOMESP_2026-03-10_G74,10109872GOMESP,2026-03-10,141916,1,2,0,382.0
10109872GOMESP_2026-03-10_G75,10109872GOMESP,2026-03-10,117854,1,3,0,300.0
10109872GOMESP_2026-03-10_G76,10109872GOMESP,2026-03-10,110733,1,8,0,228.0
10109872GOMESP_2026-03-10_G77,10109872GOMESP,2026-03-10,110339,1,8,0,147.0
10109872GOMESP_2026-03-10_G78,10109872GOMESP,2026-03-10,117785,1,4,0,154.0
10109872GOMESP_2026-03-10_G79,10109872GOMESP,2026-03-10,117821,1,12,0,78.0
10109872GOMESP_2026-03-10_G80,10109872GOMESP,2026-03-10,117831,1,4,0,113.0
10109872GOMESP_2026-03-10_G81,10109872GOMESP,2026-03-10,111442,1,2,0,40.0
10109872GOMESP_2026-03-10_G82,10109872GOMESP,2026-03-10,111463,1,4,0,68.0
10109872GOMESP_2026-03-10_G83,10109872GOMESP,2026-03-10,141457,1,4,0,62.0
10109872GOMESP_2026-03-10_G84,10109872GOMESP,2026-03-10,110740,1,4,0,48.0
10109872GOMESP_2026-03-10_G85,10109872GOMESP,2026-03-10,141202,1,3,0,107.0
10109872GOMESP_2026-03-10_G86,10109872GOMESP,2026-03-10,110376,1,4,0,123.0
10109872GOMESP_2026-03-11_G02,10109872GOMESP,2026-03-11,117834,2,8,27,630.0
10109872GOMESP_2026-03-11_G03,10109872GOMESP,2026-03-11,"117835, 100334",2,6,20,86.0
10109872GOMESP_2026-03-11_G04,10109872GOMESP,2026-03-11,"100334, 111569",4,24,40,31.0
10109872GOMESP_2026-03-11_G05,10109872GOMESP,2026-03-11,111602,1,22,0,1096.0
10109872GOMESP_2026-03-11_G06,10109872GOMESP,2026-03-11,111602,2,7,25,252.0
10109872GOMESP_2026-03-11_G07,10109872GOMESP,2026-03-11,117856,1,8,0,307.0
10109872GOMESP_2026-03-11_G08,10109872GOMESP,2026-03-11,117856,1,6,0,87.0
10109872GOMESP_2026-03-11_G09,10109872GOMESP,2026-03-11,141047,1,2,0,611.0
10109872GOMESP_2026-03-11_G10,10109872GOMESP,2026-03-11,117861,1,4,0,279.0
10109872GOMESP_2026-03-11_G11,10109872GOMESP,2026-03-11,117861,1,4,0,124.0
10109872GOMESP_2026-03-11_G12,10109872GOMESP,2026-03-11,110339,1,2,0,805.0
10109872GOMESP_2026-03-11_G13,10109872GOMESP,2026-03-11,"111354, 117835, 111438, 142045, 118290, 110742",7,60,36,181.0
10109872GOMESP_2026-03-11_G14,10109872GOMESP,2026-03-11,110339,1,4,0,42.0
10109872GOMESP_2026-03-11_G15,10109872GOMESP,2026-03-11,110339,1,3,0,281.0
10109872GOMESP_2026-03-11_G16,10109872GOMESP,2026-03-11,"110339, 111467",4,25,36,272.0
10109872GOMESP_2026-03-11_G17,10109872GOMESP,2026-03-11,140923,1,7,0,989.0
10109872GOMESP_2026-03-11_G18,10109872GOMESP,2026-03-11,140923,1,9,0,415.0
10109872GOMESP_2026-03-11_G19,10109872GOMESP,2026-03-11,142045,1,4,0,2445.0
10109872GOMESP_2026-03-11_G20,10109872GOMESP,2026-03-11,141166,1,3,0,353.0
10109872GOMESP_2026-03-11_G21,10109872GOMESP,2026-03-11,117831,1,4,0,2954.0
10109872GOMESP_2026-03-11_G22,10109872GOMESP,2026-03-11,111463,1,16,0,355.0
10109872GOMESP_2026-03-11_G23,10109872GOMESP,2026-03-11,109645,1,13,0,256.0
10109872GOMESP_2026-03-11_G24,10109872GOMESP,2026-03-11,116241,1,4,0,2503.0
10109872GOMESP_2026-03-11_G25,10109872GOMESP,2026-03-11,117808,1,6,0,1018.0
10109872GOMESP_2026-03-11_G26,10109872GOMESP,2026-03-11,110373,1,12,0,130.0
10109872GOMESP_2026-03-11_G27,10109872GOMESP,2026-03-11,118299,1,5,0,62.0
10109872GOMESP_2026-03-11_G28,10109872GOMESP,2026-03-11,110372,1,14,0,155.0
10109872GOMESP_2026-03-11_G29,10109872GOMESP,2026-03-11,110787,1,6,0,193.0
10109872GOMESP_2026-03-11_G30,10109872GOMESP,2026-03-11,111463,1,4,0,145.0
10109872GOMESP_2026-03-11_G31,10109872GOMESP,2026-03-11,117855,1,2,0,293.0
10109872GOMESP_2026-03-11_G32,10109872GOMESP,2026-03-11,117808,1,38,0,320.0
10109872GOMESP_2026-03-11_G33,10109872GOMESP,2026-03-11,110373,1,21,0,229.0
10109872GOMESP_2026-03-11_G35,10109872GOMESP,2026-03-11,111433,1,31,0,1295.0
10109872GOMESP_2026-03-12_G02,10109872GOMESP,2026-03-12,140922,3,14,13,311.0
10109872GOMESP_2026-03-12_G03,10109872GOMESP,2026-03-12,111348,1,1,0,73.0
10109872GOMESP_2026-03-12_G04,10109872GOMESP,2026-03-12,108794,2,16,5,44.0
10109872GOMESP_2026-03-12_G05,10109872GOMESP,2026-03-12,111532,1,2,0,133.0
10109872GOMESP_2026-03-12_G06,10109872GOMESP,2026-03-12,111462,3,12,12,40.0
10109872GOMESP_2026-03-12_G07,10109872GOMESP,2026-03-12,108795,2,8,9,176.0
10109872GOMESP_2026-03-12_G08,10109872GOMESP,2026-03-12,111743,1,1,0,402.0
10109872GOMESP_2026-03-12_G09,10109872GOMESP,2026-03-12,142093,1,16,0,66.0
10109872GOMESP_2026-03-12_G10,10109872GOMESP,2026-03-12,142080,1,4,0,315.0
10109872GOMESP_2026-03-12_G11,10109872GOMESP,2026-03-12,141271,4,10,15,53.0
10109872GOMESP_2026-03-12_G12,10109872GOMESP,2026-03-12,117831,2,12,5,75.0
10109872GOMESP_2026-03-12_G13,10109872GOMESP,2026-03-12,107236,1,2,0,115.0
10109872GOMESP_2026-03-12_G14,10109872GOMESP,2026-03-12,110787,1,4,0,51.0
10109872GOMESP_2026-03-12_G15,10109872GOMESP,2026-03-12,141456,2,14,6,52.0
10109872GOMESP_2026-03-12_G16,10109872GOMESP,2026-03-12,108798,1,2,0,67.0
10109872GOMESP_2026-03-12_G17,10109872GOMESP,2026-03-12,111418,1,4,0,50.0
10109872GOMESP_2026-03-12_G18,10109872GOMESP,2026-03-12,111463,3,8,11,68.0
10109872GOMESP_2026-03-12_G19,10109872GOMESP,2026-03-12,109645,2,6,6,54.0
10109872GOMESP_2026-03-12_G20,10109872GOMESP,2026-03-12,111431,1,2,0,70.0
10109872GOMESP_2026-03-12_G21,10109872GOMESP,2026-03-12,142093,1,12,0,377.0
10109872GOMESP_2026-03-12_G22,10109872GOMESP,2026-03-12,141457,3,23,11,138.0
10109872GOMESP_2026-03-12_G23,10109872GOMESP,2026-03-12,117787,3,11,12,78.0
10109872GOMESP_2026-03-12_G24,10109872GOMESP,2026-03-12,141823,5,19,22,365.0
10109872GOMESP_2026-03-12_G25,10109872GOMESP,2026-03-12,105705,3,7,11,60.0
10109872GOMESP_2026-03-12_G26,10109872GOMESP,2026-03-12,111469,2,6,5,65.0
10109872GOMESP_2026-03-12_G27,10109872GOMESP,2026-03-12,110740,3,6,23,536.0
10109872GOMESP_2026-03-12_G28,10109872GOMESP,2026-03-12,110313,1,4,0,458.0
10109872GOMESP_2026-03-12_G29,10109872GOMESP,2026-03-12,140923,1,31,0,36.0
10109872GOMESP_2026-03-12_G30,10109872GOMESP,2026-03-12,109647,1,2,0,460.0
10109872GOMESP_2026-03-12_G31,10109872GOMESP,2026-03-12,110733,1,3,0,56.0
10109872GOMESP_2026-03-12_G32,10109872GOMESP,2026-03-12,117862,1,23,0,181.0
10109872GOMESP_2026-03-12_G33,10109872GOMESP,2026-03-12,117855,1,2,0,41.0
10109872GOMESP_2026-03-12_G34,10109872GOMESP,2026-03-12,111879,1,8,0,152.0
10109872GOMESP_2026-03-12_G35,10109872GOMESP,2026-03-12,117856,1,25,0,102.0
10109872GOMESP_2026-03-12_G36,10109872GOMESP,2026-03-12,141047,1,8,0,672.0
10109872GOMESP_2026-03-12_G37,10109872GOMESP,2026-03-12,117861,1,7,0,37.0
10109872GOMESP_2026-03-12_G38,10109872GOMESP,2026-03-12,110339,1,6,0,86.0
10109872GOMESP_2026-03-12_G39,10109872GOMESP,2026-03-12,141066,1,3,0,63.0
10109872GOMESP_2026-03-12_G40,10109872GOMESP,2026-03-12,117785,1,153,0,60.0
10109872GOMESP_2026-03-12_G41,10109872GOMESP,2026-03-12,118306,1,3,0,1584.0
10109872GOMESP_2026-03-12_G42,10109872GOMESP,2026-03-12,118052,1,2,0,51.0
10109872GOMESP_2026-03-12_G43,10109872GOMESP,2026-03-12,141916,1,2,0,177.0
10109872GOMESP_2026-03-12_G44,10109872GOMESP,2026-03-12,110582,1,2,0,39.0
10109872GOMESP_2026-03-12_G45,10109872GOMESP,2026-03-12,140911,1,4,0,93.0
10109872GOMESP_2026-03-12_G46,10109872GOMESP,2026-03-12,141318,1,6,0,104.0
10109872GOMESP_2026-03-12_G47,10109872GOMESP,2026-03-12,111430,1,2,0,80.0
10109872GOMESP_2026-03-12_G48,10109872GOMESP,2026-03-12,110747,1,6,0,1338.0
10109872GOMESP_2026-03-12_G49,10109872GOMESP,2026-03-12,111569,1,4,0,164.0
10109872GOMESP_2026-03-12_G50,10109872GOMESP,2026-03-12,117836,2,4,7,180.0
10109872GOMESP_2026-03-12_G51,10109872GOMESP,2026-03-12,118306,2,6,7,93.0
10109872GOMESP_2026-03-12_G52,10109872GOMESP,2026-03-12,118323,1,4,0,110.0
10109872GOMESP_2026-03-12_G53,10109872GOMESP,2026-03-12,117808,1,918,0,2153.0
10109872GOMESP_2026-03-12_G54,10109872GOMESP,2026-03-12,110374,1,24,0,46.0
10109872GOMESP_2026-03-12_G55,10109872GOMESP,2026-03-12,117820,1,145,0,474.0
10109872GOMESP_2026-03-12_G56,10109872GOMESP,2026-03-12,109643,3,49,17,253.0
10109872GOMESP_2026-03-12_G57,10109872GOMESP,2026-03-12,141202,1,5,0,330.0
10109872GOMESP_2026-03-12_G58,10109872GOMESP,2026-03-12,118299,1,227,0,392.0
10109872GOMESP_2026-03-12_G59,10109872GOMESP,2026-03-12,111438,1,129,0,2394.0
10109872GOMESP_2026-03-12_G60,10109872GOMESP,2026-03-12,117809,1,320,0,1434.0
10109872GOMESP_2026-03-12_G61,10109872GOMESP,2026-03-12,117820,1,450,0,738.0
10109872GOMESP_2026-03-12_G62,10109872GOMESP,2026-03-12,141202,1,67,0,199.0
10109872GOMESP_2026-03-12_G63,10109872GOMESP,2026-03-12,110325,1,160,0,462.0
10109872GOMESP_2026-03-12_G65,10109872GOMESP,2026-03-12,110373,1,300,0,913.0
10109872GOMESP_2026-03-12_G66,10109872GOMESP,2026-03-12,110375,1,50,0,346.0
10109872GOMESP_2026-03-13_G02,10109872GOMESP,2026-03-13,141271,1,8,0,159.0
10109872GOMESP_2026-03-13_G03,10109872GOMESP,2026-03-13,111469,1,40,0,450.0
10109872GOMESP_2026-03-13_G04,10109872GOMESP,2026-03-13,117808,1,8,0,194.0
10109872GOMESP_2026-03-13_G05,10109872GOMESP,2026-03-13,117809,1,4,0,60.0
10109872GOMESP_2026-03-13_G06,10109872GOMESP,2026-03-13,105705,1,4,0,200.0
10109872GOMESP_2026-03-13_G07,10109872GOMESP,2026-03-13,140911,1,4,0,199.0
10109872GOMESP_2026-03-13_G08,10109872GOMESP,2026-03-13,140911,1,89,0,1123.0
10109872GOMESP_2026-03-13_G09,10109872GOMESP,2026-03-13,117785,1,104,0,517.0
10109872GOMESP_2026-03-13_G12,10109872GOMESP,2026-03-13,140923,1,4,0,54.0
10109872GOMESP_2026-03-13_G13,10109872GOMESP,2026-03-13,117853,1,8,0,114.0
10109872GOMESP_2026-03-13_G14,10109872GOMESP,2026-03-13,142093,1,4,0,102.0
10109872GOMESP_2026-03-13_G15,10109872GOMESP,2026-03-13,111418,1,12,0,333.0
10109872GOMESP_2026-03-13_G16,10109872GOMESP,2026-03-13,111469,1,8,0,139.0
10109872GOMESP_2026-03-13_G17,10109872GOMESP,2026-03-13,110372,1,4,0,121.0
10109872GOMESP_2026-03-13_G18,10109872GOMESP,2026-03-13,110371,1,6,0,114.0
10109872GOMESP_2026-03-13_G19,10109872GOMESP,2026-03-13,118299,1,8,0,139.0
10109872GOMESP_2026-03-13_G20,10109872GOMESP,2026-03-13,110747,1,4,0,335.0
10109872GOMESP_2026-03-13_G21,10109872GOMESP,2026-03-13,111602,1,23,0,335.0
10109872GOMESP_2026-03-13_G22,10109872GOMESP,2026-03-13,111532,1,20,0,445.0
10109872GOMESP_2026-03-13_G23,10109872GOMESP,2026-03-13,117855,1,6,0,197.0
10109872GOMESP_2026-03-13_G24,10109872GOMESP,2026-03-13,111602,1,6,0,1047.0
10109872GOMESP_2026-03-13_G25,10109872GOMESP,2026-03-13,111466,1,43,0,1524.0
10109872GOMESP_2026-03-13_G27,10109872GOMESP,2026-03-13,140923,1,4,0,307.0
10109872GOMESP_2026-03-13_G28,10109872GOMESP,2026-03-13,110339,1,6,0,328.0
10109872GOMESP_2026-03-13_G29,10109872GOMESP,2026-03-13,111467,1,2,0,121.0
10109872GOMESP_2026-03-13_G30,10109872GOMESP,2026-03-13,108794,1,2,0,124.0
10109872GOMESP_2026-03-13_G31,10109872GOMESP,2026-03-13,117785,1,12,0,104.0
10109872GOMESP_2026-03-13_G32,10109872GOMESP,2026-03-13,117833,1,5,0,76.0
10109872GOMESP_2026-03-13_G33,10109872GOMESP,2026-03-13,117831,1,10,0,232.0
10109872GOMESP_2026-03-13_G34,10109872GOMESP,2026-03-13,117809,1,4,0,485.0
10109872GOMESP_2026-03-13_G35,10109872GOMESP,2026-03-13,117820,1,20,0,159.0
10109872GOMESP_2026-03-13_G36,10109872GOMESP,2026-03-13,110372,1,4,0,318.0
10109872GOMESP_2026-03-13_G37,10109872GOMESP,2026-03-13,140923,1,6,0,200.0
10109872GOMESP_2026-03-13_G38,10109872GOMESP,2026-03-13,110741,1,2,0,105.0
10109872GOMESP_2026-03-14_G02,10109872GOMESP,2026-03-14,110895,2,8,6,913.0
10109872GOMESP_2026-03-14_G03,10109872GOMESP,2026-03-14,111438,1,2,0,134.0
10109872GOMESP_2026-03-14_G04,10109872GOMESP,2026-03-14,111466,2,8,6,101.0
10109872GOMESP_2026-03-14_G05,10109872GOMESP,2026-03-14,118299,1,4,0,105.0
10109872GOMESP_2026-03-14_G06,10109872GOMESP,2026-03-14,117830,1,2,0,88.0
10109872GOMESP_2026-03-14_G07,10109872GOMESP,2026-03-14,110895,1,1,0,195.0
10109872GOMESP_2026-03-14_G08,10109872GOMESP,2026-03-14,111418,1,16,0,385.0
10109872GOMESP_2026-03-14_G09,10109872GOMESP,2026-03-14,118299,1,10,0,129.0
10109872GOMESP_2026-03-14_G10,10109872GOMESP,2026-03-14,117830,1,1,0,78.0
10109872GOMESP_2026-03-14_G11,10109872GOMESP,2026-03-14,117853,1,4,0,559.0
10109872GOMESP_2026-03-14_G12,10109872GOMESP,2026-03-14,111466,2,7,5,57.0
10109872GOMESP_2026-03-14_G13,10109872GOMESP,2026-03-14,118299,2,23,9,669.0
10109872GOMESP_2026-03-14_G14,10109872GOMESP,2026-03-14,117830,1,2,0,136.0
10109872GOMESP_2026-03-14_G15,10109872GOMESP,2026-03-14,110895,1,2,0,125.0
10109872GOMESP_2026-03-14_G16,10109872GOMESP,2026-03-14,111438,1,4,0,84.0
10109872GOMESP_2026-03-14_G17,10109872GOMESP,2026-03-14,110755,1,4,0,104.0
10109872GOMESP_2026-03-14_G18,10109872GOMESP,2026-03-14,117853,1,2,0,94.0
10109872GOMESP_2026-03-14_G19,10109872GOMESP,2026-03-14,111466,1,5,0,214.0
10109872GOMESP_2026-03-14_G20,10109872GOMESP,2026-03-14,111418,1,18,0,178.0
10109872GOMESP_2026-03-14_G21,10109872GOMESP,2026-03-14,118299,1,10,0,288.0
10109872GOMESP_2026-03-14_G22,10109872GOMESP,2026-03-14,117862,1,2,0,61.0
10109872GOMESP_2026-03-14_G23,10109872GOMESP,2026-03-14,117853,1,4,0,323.0
10109872GOMESP_2026-03-14_G24,10109872GOMESP,2026-03-14,118299,1,2,0,123.0
10109872GOMESP_2026-03-14_G25,10109872GOMESP,2026-03-14,110755,1,2,0,1557.0
10109872GOMESP_2026-03-14_G26,10109872GOMESP,2026-03-14,141916,1,4,0,287.0
10109872GOMESP_2026-03-14_G27,10109872GOMESP,2026-03-14,110742,1,4,0,74.0
10109872GOMESP_2026-03-14_G28,10109872GOMESP,2026-03-14,117820,1,15,0,352.0
10109872GOMESP_2026-03-14_G29,10109872GOMESP,2026-03-14,117808,1,300,0,442.0
10109872GOMESP_2026-03-14_G30,10109872GOMESP,2026-03-14,110373,1,40,0,535.0
10109872GOMESP_2026-03-14_G31,10109872GOMESP,2026-03-14,141202,1,4,0,68.0
10109872GOMESP_2026-03-14_G32,10109872GOMESP,2026-03-14,110372,1,50,0,324.0
10109872GOMESP_2026-03-14_G33,10109872GOMESP,2026-03-14,117830,1,14,0,116.0
10109872GOMESP_2026-03-14_G34,10109872GOMESP,2026-03-14,117834,1,12,0,1011.0
10109872GOMESP_2026-03-14_G35,10109872GOMESP,2026-03-14,111569,1,20,0,81.0
10109872GOMESP_2026-03-14_G36,10109872GOMESP,2026-03-14,100334,1,12,0,616.0
10109872GOMESP_2026-03-14_G37,10109872GOMESP,2026-03-14,118253,1,4,0,356.0
10109872GOMESP_2026-03-14_G38,10109872GOMESP,2026-03-14,117836,1,4,0,48.0
10109872GOMESP_2026-03-14_G39,10109872GOMESP,2026-03-14,109497,1,4,0,97.0
10109872GOMESP_2026-03-14_G40,10109872GOMESP,2026-03-14,110755,1,24,0,164.0
10109872GOMESP_2026-03-14_G41,10109872GOMESP,2026-03-14,141916,1,12,0,306.0
10109872GOMESP_2026-03-14_G42,10109872GOMESP,2026-03-14,110582,1,4,0,123.0
10109872GOMESP_2026-03-14_G43,10109872GOMESP,2026-03-14,111430,1,30,0,113.0
10109872GOMESP_2026-03-14_G44,10109872GOMESP,2026-03-14,110747,1,3,0,305.0
10109872GOMESP_2026-03-14_G45,10109872GOMESP,2026-03-14,117786,1,20,0,147.0
10109872GOMESP_2026-03-14_G46,10109872GOMESP,2026-03-14,110752,1,12,0,416.0
10109872GOMESP_2026-03-14_G47,10109872GOMESP,2026-03-14,110313,1,8,0,628.0
10109872GOMESP_2026-03-14_G48,10109872GOMESP,2026-03-14,109647,1,8,0,111.0
10109872GOMESP_2026-03-14_G49,10109872GOMESP,2026-03-14,110733,1,20,0,366.0
10109872GOMESP_2026-03-14_G50,10109872GOMESP,2026-03-14,117856,1,18,0,357.0
10109872GOMESP_2026-03-14_G51,10109872GOMESP,2026-03-14,110339,1,50,0,235.0
10109872GOMESP_2026-03-14_G52,10109872GOMESP,2026-03-14,109641,1,8,0,768.0
10109872GOMESP_2026-03-14_G53,10109872GOMESP,2026-03-14,117831,1,50,0,358.0
10109872GOMESP_2026-03-14_G54,10109872GOMESP,2026-03-14,142093,1,50,0,420.0
10109872GOMESP_2026-03-14_G55,10109872GOMESP,2026-03-14,117853,1,7,0,1068.0
10109872GOMESP_2026-03-14_G56,10109872GOMESP,2026-03-14,108772,1,11,0,436.0
10109872GOMESP_2026-03-14_G58,10109872GOMESP,2026-03-14,140922,1,50,0,129.0
10109872GOMESP_2026-03-14_G59,10109872GOMESP,2026-03-14,117785,1,100,0,1194.0
10109872GOMESP_2026-03-14_G60,10109872GOMESP,2026-03-14,110751,1,5,0,487.0
10109872GOMESP_2026-03-14_G61,10109872GOMESP,2026-03-14,142093,1,100,0,535.0
10109872GOMESP_2026-03-14_G62,10109872GOMESP,2026-03-14,108798,1,13,0,322.0
10109872GOMESP_2026-03-16_G02,10109872GOMESP,2026-03-16,117808,1,1550,0,1639.0
10109872GOMESP_2026-03-16_G03,10109872GOMESP,2026-03-16,109640,3,10,13,457.0
10109872GOMESP_2026-03-16_G04,10109872GOMESP,2026-03-16,109641,1,12,0,115.0
10109872GOMESP_2026-03-16_G05,10109872GOMESP,2026-03-16,107236,1,8,0,163.0
10109872GOMESP_2026-03-16_G06,10109872GOMESP,2026-03-16,111466,1,12,0,82.0
10109872GOMESP_2026-03-16_G07,10109872GOMESP,2026-03-16,110740,1,10,0,84.0
10109872GOMESP_2026-03-16_G08,10109872GOMESP,2026-03-16,110740,2,14,5,50.0
10109872GOMESP_2026-03-16_G09,10109872GOMESP,2026-03-16,111469,4,34,24,294.0
10109872GOMESP_2026-03-16_G10,10109872GOMESP,2026-03-16,117840,1,6,0,311.0
10109872GOMESP_2026-03-16_G11,10109872GOMESP,2026-03-16,110895,1,2,0,171.0
10109872GOMESP_2026-03-16_G12,10109872GOMESP,2026-03-16,111530,1,4,0,116.0
10109872GOMESP_2026-03-16_G13,10109872GOMESP,2026-03-16,110623,1,8,0,116.0
10109872GOMESP_2026-03-16_G14,10109872GOMESP,2026-03-16,115775,1,4,0,92.0
10109872GOMESP_2026-03-16_G15,10109872GOMESP,2026-03-16,118317,1,8,0,523.0
10109872GOMESP_2026-03-16_G16,10109872GOMESP,2026-03-16,117831,1,12,0,317.0
10109872GOMESP_2026-03-16_G17,10109872GOMESP,2026-03-16,117820,1,20,0,607.0
10109872GOMESP_2026-03-16_G18,10109872GOMESP,2026-03-16,110313,1,5,0,79.0
10109872GOMESP_2026-03-16_G19,10109872GOMESP,2026-03-16,109643,1,3,0,77.0
10109872GOMESP_2026-03-16_G20,10109872GOMESP,2026-03-16,117808,1,6,0,54.0
10109872GOMESP_2026-03-16_G21,10109872GOMESP,2026-03-16,110325,1,8,0,179.0
10109872GOMESP_2026-03-16_G22,10109872GOMESP,2026-03-16,110371,1,5,0,173.0
10109872GOMESP_2026-03-16_G23,10109872GOMESP,2026-03-16,140923,1,10,0,270.0
10109872GOMESP_2026-03-16_G24,10109872GOMESP,2026-03-16,141271,1,5,0,106.0
10109872GOMESP_2026-03-16_G25,10109872GOMESP,2026-03-16,110313,1,4,0,101.0
10109872GOMESP_2026-03-16_G26,10109872GOMESP,2026-03-16,110733,1,8,0,85.0
10109872GOMESP_2026-03-16_G27,10109872GOMESP,2026-03-16,108795,1,4,0,88.0
10109872GOMESP_2026-03-16_G28,10109872GOMESP,2026-03-16,111743,1,6,0,343.0
10109872GOMESP_2026-03-16_G29,10109872GOMESP,2026-03-16,110733,1,2,0,85.0
10109872GOMESP_2026-03-16_G30,10109872GOMESP,2026-03-16,111743,1,16,0,126.0
10109872GOMESP_2026-03-16_G31,10109872GOMESP,2026-03-16,110373,2,18,7,859.0
10109872GOMESP_2026-03-16_G32,10109872GOMESP,2026-03-16,117820,1,4,0,250.0
10109872GOMESP_2026-03-16_G33,10109872GOMESP,2026-03-16,"109643, 117808",2,43,17,99.0
10109872GOMESP_2026-03-16_G34,10109872GOMESP,2026-03-16,110325,1,2,0,296.0
10109872GOMESP_2026-03-16_G35,10109872GOMESP,2026-03-16,110372,1,10,0,60.0
10109872GOMESP_2026-03-16_G36,10109872GOMESP,2026-03-16,118299,1,132,0,439.0
10109872GOMESP_2026-03-16_G37,10109872GOMESP,2026-03-16,110371,2,7,16,85.0
10109872GOMESP_2026-03-16_G38,10109872GOMESP,2026-03-16,117830,1,2,0,61.0
10109872GOMESP_2026-03-16_G39,10109872GOMESP,2026-03-16,110372,1,3,0,163.0
10109872GOMESP_2026-03-16_G40,10109872GOMESP,2026-03-16,110748,1,2,0,275.0
10109872GOMESP_2026-03-16_G41,10109872GOMESP,2026-03-16,118317,2,13,7,150.0
10109872GOMESP_2026-03-16_G42,10109872GOMESP,2026-03-16,140922,2,22,12,79.0
10109872GOMESP_2026-03-16_G43,10109872GOMESP,2026-03-16,111532,1,2,0,324.0
10109872GOMESP_2026-03-16_G44,10109872GOMESP,2026-03-16,111532,3,15,21,34.0
10109872GOMESP_2026-03-16_G45,10109872GOMESP,2026-03-16,111462,2,12,7,123.0
10109872GOMESP_2026-03-16_G46,10109872GOMESP,2026-03-16,111743,1,3,0,120.0
10109872GOMESP_2026-03-16_G47,10109872GOMESP,2026-03-16,142093,3,31,15,239.0
10109872GOMESP_2026-03-16_G48,10109872GOMESP,2026-03-16,111442,1,2,0,220.0
10109872GOMESP_2026-03-16_G49,10109872GOMESP,2026-03-16,111466,1,18,0,122.0
10109872GOMESP_2026-03-16_G50,10109872GOMESP,2026-03-16,110740,1,4,0,56.0
10109872GOMESP_2026-03-16_G51,10109872GOMESP,2026-03-16,109645,1,3,0,204.0
10109872GOMESP_2026-03-16_G52,10109872GOMESP,2026-03-16,111418,1,55,0,147.0
10109872GOMESP_2026-03-16_G53,10109872GOMESP,2026-03-16,117787,1,2,0,183.0
10109872GOMESP_2026-03-16_G54,10109872GOMESP,2026-03-16,141823,1,2,0,44.0
10109872GOMESP_2026-03-16_G55,10109872GOMESP,2026-03-16,111469,1,22,0,132.0
10109872GOMESP_2026-03-16_G56,10109872GOMESP,2026-03-16,141458,1,17,0,527.0
10109872GOMESP_2026-03-16_G57,10109872GOMESP,2026-03-16,117853,3,16,13,130.0
10109872GOMESP_2026-03-16_G58,10109872GOMESP,2026-03-16,108772,2,5,7,136.0
10109872GOMESP_2026-03-16_G59,10109872GOMESP,2026-03-16,117855,1,18,0,790.0
10109872GOMESP_2026-03-16_G60,10109872GOMESP,2026-03-16,117837,1,3,0,154.0
10109872GOMESP_2026-03-16_G61,10109872GOMESP,2026-03-16,118317,1,3,0,635.0
10109872GOMESP_2026-03-16_G62,10109872GOMESP,2026-03-16,111466,3,51,14,326.0
10109872GOMESP_2026-03-16_G63,10109872GOMESP,2026-03-16,117820,1,12,0,268.0
10109872GOMESP_2026-03-16_G64,10109872GOMESP,2026-03-16,110325,1,28,0,172.0
10109872GOMESP_2026-03-16_G65,10109872GOMESP,2026-03-16,110371,1,4,0,241.0
10109872GOMESP_2026-03-16_G66,10109872GOMESP,2026-03-16,110755,1,6,0,374.0
10109872GOMESP_2026-03-16_G67,10109872GOMESP,2026-03-16,111438,1,4,0,112.0
10109872GOMESP_2026-03-16_G68,10109872GOMESP,2026-03-16,110755,1,6,0,100.0
10109872GOMESP_2026-03-16_G69,10109872GOMESP,2026-03-16,111466,2,17,7,66.0
10109872GOMESP_2026-03-16_G71,10109872GOMESP,2026-03-16,111466,1,9,0,201.0
10109872GOMESP_2026-03-16_G72,10109872GOMESP,2026-03-16,111418,1,12,0,147.0
10109872GOMESP_2026-03-16_G73,10109872GOMESP,2026-03-16,117809,1,9,0,114.0
10109872GOMESP_2026-03-16_G74,10109872GOMESP,2026-03-16,117820,1,12,0,261.0
10109872GOMESP_2026-03-16_G75,10109872GOMESP,2026-03-16,117808,1,20,0,42.0
10109872GOMESP_2026-03-16_G76,10109872GOMESP,2026-03-16,110372,1,12,0,226.0
10109872GOMESP_2026-03-16_G77,10109872GOMESP,2026-03-16,118299,1,20,0,250.0
10109872GOMESP_2026-03-16_G78,10109872GOMESP,2026-03-16,109933,1,6,0,453.0
10109872GOMESP_2026-03-16_G79,10109872GOMESP,2026-03-16,100334,1,10,0,364.0
10109872GOMESP_2026-03-16_G80,10109872GOMESP,2026-03-16,111430,1,2,0,111.0
10109872GOMESP_2026-03-16_G81,10109872GOMESP,2026-03-16,118317,1,5,0,115.0
10109872GOMESP_2026-03-16_G82,10109872GOMESP,2026-03-16,117842,1,5,0,55.0
10109872GOMESP_2026-03-16_G83,10109872GOMESP,2026-03-16,142093,1,15,0,369.0
10109872GOMESP_2026-03-16_G84,10109872GOMESP,2026-03-16,109641,1,6,0,91.0
10109872GOMESP_2026-03-16_G85,10109872GOMESP,2026-03-16,111466,1,20,0,460.0
10109872GOMESP_2026-03-16_G86,10109872GOMESP,2026-03-16,111418,1,30,0,223.0
10109872GOMESP_2026-03-16_G87,10109872GOMESP,2026-03-16,110373,1,20,0,338.0
10109872GOMESP_2026-03-16_G88,10109872GOMESP,2026-03-16,117820,1,20,0,488.0
10109872GOMESP_2026-03-16_G89,10109872GOMESP,2026-03-16,110372,1,40,0,258.0
10109872GOMESP_2026-03-16_G90,10109872GOMESP,2026-03-16,118299,1,40,0,217.0
10109872GOMESP_2026-03-16_G91,10109872GOMESP,2026-03-16,108772,1,3,0,861.0
10109872GOMESP_2026-03-16_G92,10109872GOMESP,2026-03-16,110325,1,4,0,109.0
10109872GOMESP_2026-03-17_G02,10109872GOMESP,2026-03-17,117862,1,24,0,212.0
10109872GOMESP_2026-03-17_G03,10109872GOMESP,2026-03-17,140922,1,96,0,203.0
10109872GOMESP_2026-03-17_G04,10109872GOMESP,2026-03-17,117833,1,24,0,226.0
10109872GOMESP_2026-03-17_G05,10109872GOMESP,2026-03-17,111418,1,14,0,480.0
10109872GOMESP_2026-03-17_G06,10109872GOMESP,2026-03-17,110372,1,364,0,1252.0
10109872GOMESP_2026-03-17_G07,10109872GOMESP,2026-03-17,117808,1,1300,0,2206.0
10109872GOMESP_2026-03-17_G08,10109872GOMESP,2026-03-17,117834,1,6,0,1064.0
10109872GOMESP_2026-03-17_G09,10109872GOMESP,2026-03-17,111438,1,21,0,279.0
10109872GOMESP_2026-03-17_G10,10109872GOMESP,2026-03-17,118306,1,20,0,311.0
10109872GOMESP_2026-03-17_G11,10109872GOMESP,2026-03-17,110742,1,4,0,1018.0
10109872GOMESP_2026-03-17_G12,10109872GOMESP,2026-03-17,111440,1,4,0,117.0
10109872GOMESP_2026-03-17_G13,10109872GOMESP,2026-03-17,110754,1,2,0,78.0
10109872GOMESP_2026-03-17_G14,10109872GOMESP,2026-03-17,110741,1,21,0,1116.0
10109872GOMESP_2026-03-17_G15,10109872GOMESP,2026-03-17,109640,1,50,0,171.0
10109872GOMESP_2026-03-17_G16,10109872GOMESP,2026-03-17,108772,1,12,0,449.0
10109872GOMESP_2026-03-17_G17,10109872GOMESP,2026-03-17,117808,1,600,0,1908.0
10109872GOMESP_2026-03-17_G18,10109872GOMESP,2026-03-17,117820,1,2,0,255.0
10109872GOMESP_2026-03-17_G19,10109872GOMESP,2026-03-17,117820,1,300,0,1032.0
10109872GOMESP_2026-03-17_G20,10109872GOMESP,2026-03-17,111435,1,30,0,317.0
10109872GOMESP_2026-03-17_G21,10109872GOMESP,2026-03-17,118317,1,50,0,616.0
10109872GOMESP_2026-03-17_G22,10109872GOMESP,2026-03-17,111466,1,100,0,785.0
10109872GOMESP_2026-03-17_G23,10109872GOMESP,2026-03-17,107236,1,50,0,510.0
10109872GOMESP_2026-03-17_G24,10109872GOMESP,2026-03-17,111466,1,4,0,425.0
10109872GOMESP_2026-03-17_G25,10109872GOMESP,2026-03-17,111430,1,4,0,641.0
10109872GOMESP_2026-03-17_G26,10109872GOMESP,2026-03-17,110747,1,4,0,101.0
10109872GOMESP_2026-03-17_G27,10109872GOMESP,2026-03-17,117809,1,20,0,376.0
10109872GOMESP_2026-03-17_G28,10109872GOMESP,2026-03-17,109643,1,12,0,104.0
10109872GOMESP_2026-03-17_G29,10109872GOMESP,2026-03-17,117808,1,178,0,545.0
10109872GOMESP_2026-03-17_G30,10109872GOMESP,2026-03-17,117820,1,26,0,143.0
10109872GOMESP_2026-03-17_G31,10109872GOMESP,2026-03-17,110373,1,86,0,305.0
10109872GOMESP_2026-03-17_G32,10109872GOMESP,2026-03-17,141202,1,6,0,68.0
10109872GOMESP_2026-03-17_G33,10109872GOMESP,2026-03-17,110372,1,110,0,696.0
10109872GOMESP_2026-03-17_G34,10109872GOMESP,2026-03-17,117840,1,4,0,31.0
10109872GOMESP_2026-03-17_G35,10109872GOMESP,2026-03-17,110375,1,10,0,244.0
10109872GOMESP_2026-03-17_G36,10109872GOMESP,2026-03-17,118299,1,60,0,91.0
10109872GOMESP_2026-03-17_G37,10109872GOMESP,2026-03-17,110371,1,30,0,285.0
10109872GOMESP_2026-03-17_G38,10109872GOMESP,2026-03-17,117830,1,10,0,96.0
10109872GOMESP_2026-03-17_G39,10109872GOMESP,2026-03-17,117853,1,2,0,520.0
10109872GOMESP_2026-03-17_G40,10109872GOMESP,2026-03-17,109640,1,12,0,395.0
10109872GOMESP_2026-03-17_G42,10109872GOMESP,2026-03-17,141166,1,4,0,174.0
10109872GOMESP_2026-03-17_G43,10109872GOMESP,2026-03-17,111530,1,18,0,464.0
10109872GOMESP_2026-03-17_G44,10109872GOMESP,2026-03-17,141166,1,2,0,157.0
10109872GOMESP_2026-03-17_G45,10109872GOMESP,2026-03-17,111530,1,4,0,133.0
10109872GOMESP_2026-03-17_G46,10109872GOMESP,2026-03-17,111438,1,2,0,200.0
10109872GOMESP_2026-03-17_G47,10109872GOMESP,2026-03-17,141166,2,12,12,193.0
10109872GOMESP_2026-03-17_G48,10109872GOMESP,2026-03-17,111530,3,12,10,251.0
10109872GOMESP_2026-03-17_G49,10109872GOMESP,2026-03-17,117853,1,4,0,110.0
10109872GOMESP_2026-03-17_G50,10109872GOMESP,2026-03-17,109640,1,20,0,58.0
10109872GOMESP_2026-03-17_G51,10109872GOMESP,2026-03-17,111466,1,20,0,322.0
10109872GOMESP_2026-03-17_G52,10109872GOMESP,2026-03-17,111530,1,4,0,227.0
10109872GOMESP_2026-03-17_G53,10109872GOMESP,2026-03-17,111530,1,3,0,49.0
10109872GOMESP_2026-03-17_G54,10109872GOMESP,2026-03-17,111438,1,3,0,100.0
10109872GOMESP_2026-03-18_G02,10109872GOMESP,2026-03-18,110373,1,10,0,66.0
10109872GOMESP_2026-03-18_G03,10109872GOMESP,2026-03-18,117821,1,10,0,366.0
10109872GOMESP_2026-03-18_G04,10109872GOMESP,2026-03-18,108795,1,4,0,78.0
10109872GOMESP_2026-03-18_G05,10109872GOMESP,2026-03-18,117831,1,16,0,320.0
10109872GOMESP_2026-03-18_G06,10109872GOMESP,2026-03-18,107236,1,2,0,40.0
10109872GOMESP_2026-03-18_G07,10109872GOMESP,2026-03-18,111442,1,6,0,58.0
10109872GOMESP_2026-03-18_G08,10109872GOMESP,2026-03-18,111466,1,15,0,129.0
10109872GOMESP_2026-03-18_G09,10109872GOMESP,2026-03-18,110740,1,6,0,74.0
10109872GOMESP_2026-03-18_G10,10109872GOMESP,2026-03-18,117787,1,1,0,73.0
10109872GOMESP_2026-03-18_G11,10109872GOMESP,2026-03-18,141823,1,5,0,89.0
10109872GOMESP_2026-03-18_G12,10109872GOMESP,2026-03-18,111469,1,2,0,54.0
10109872GOMESP_2026-03-18_G13,10109872GOMESP,2026-03-18,141458,1,16,0,236.0
10109872GOMESP_2026-03-18_G14,10109872GOMESP,2026-03-18,111466,1,5,0,186.0
10109872GOMESP_2026-03-18_G15,10109872GOMESP,2026-03-18,111330,1,2,0,189.0
10109872GOMESP_2026-03-18_G16,10109872GOMESP,2026-03-18,111466,1,10,0,234.0
10109872GOMESP_2026-03-18_G17,10109872GOMESP,2026-03-18,117856,1,2,0,225.0
10109872GOMESP_2026-03-18_G18,10109872GOMESP,2026-03-18,"110756, 109640",2,6,22,45.0
10109872GOMESP_2026-03-18_G19,10109872GOMESP,2026-03-18,118094,1,3,0,260.0
10109872GOMESP_2026-03-18_G20,10109872GOMESP,2026-03-18,109643,1,21,0,1083.0
10109872GOMESP_2026-03-18_G21,10109872GOMESP,2026-03-18,117820,1,18,0,133.0
10109872GOMESP_2026-03-18_G22,10109872GOMESP,2026-03-18,110373,1,90,0,181.0
10109872GOMESP_2026-03-18_G23,10109872GOMESP,2026-03-18,117840,1,8,0,220.0
10109872GOMESP_2026-03-18_G24,10109872GOMESP,2026-03-18,118299,1,50,0,235.0
10109872GOMESP_2026-03-18_G25,10109872GOMESP,2026-03-18,110371,1,24,0,446.0
10109872GOMESP_2026-03-18_G26,10109872GOMESP,2026-03-18,117830,1,22,0,116.0
10109872GOMESP_2026-03-18_G27,10109872GOMESP,2026-03-18,111435,1,3,0,238.0
10109872GOMESP_2026-03-18_G28,10109872GOMESP,2026-03-18,118317,1,8,0,125.0
10109872GOMESP_2026-03-18_G29,10109872GOMESP,2026-03-18,140922,1,13,0,96.0
10109872GOMESP_2026-03-18_G30,10109872GOMESP,2026-03-18,111348,1,6,0,50.0
10109872GOMESP_2026-03-18_G31,10109872GOMESP,2026-03-18,117785,1,14,0,110.0
10109872GOMESP_2026-03-18_G32,10109872GOMESP,2026-03-18,111462,1,20,0,407.0
10109872GOMESP_2026-03-18_G33,10109872GOMESP,2026-03-18,111418,1,44,0,138.0
10109872GOMESP_2026-03-18_G34,10109872GOMESP,2026-03-18,108795,1,3,0,635.0
10109872GOMESP_2026-03-18_G35,10109872GOMESP,2026-03-18,111466,1,20,0,99.0
10109872GOMESP_2026-03-18_G36,10109872GOMESP,2026-03-18,111743,1,2,0,81.0
10109872GOMESP_2026-03-18_G37,10109872GOMESP,2026-03-18,109641,1,6,0,195.0
10109872GOMESP_2026-03-18_G38,10109872GOMESP,2026-03-18,117831,1,15,0,494.0
10109872GOMESP_2026-03-18_G39,10109872GOMESP,2026-03-18,111442,1,6,0,58.0
10109872GOMESP_2026-03-18_G40,10109872GOMESP,2026-03-18,111469,1,50,0,386.0
10109872GOMESP_2026-03-18_G41,10109872GOMESP,2026-03-18,111438,1,4,0,1643.0
10109872GOMESP_2026-03-18_G42,10109872GOMESP,2026-03-18,110741,1,4,0,100.0
10109872GOMESP_2026-03-18_G43,10109872GOMESP,2026-03-18,117855,2,13,8,121.0
10109872GOMESP_2026-03-18_G44,10109872GOMESP,2026-03-18,118094,1,1,0,104.0
10109872GOMESP_2026-03-18_G45,10109872GOMESP,2026-03-18,110339,1,7,0,85.0
10109872GOMESP_2026-03-18_G46,10109872GOMESP,2026-03-18,108772,1,4,0,148.0
10109872GOMESP_2026-03-18_G47,10109872GOMESP,2026-03-18,111465,1,2,0,198.0
10109872GOMESP_2026-03-18_G48,10109872GOMESP,2026-03-18,117785,1,2,0,121.0
10109872GOMESP_2026-03-18_G49,10109872GOMESP,2026-03-18,110751,1,2,0,48.0
10109872GOMESP_2026-03-18_G50,10109872GOMESP,2026-03-18,111418,1,8,0,84.0
10109872GOMESP_2026-03-18_G51,10109872GOMESP,2026-03-18,109641,1,2,0,112.0
10109872GOMESP_2026-03-18_G52,10109872GOMESP,2026-03-18,117831,1,7,0,46.0
10109872GOMESP_2026-03-18_G53,10109872GOMESP,2026-03-18,107236,1,2,0,45.0
10109872GOMESP_2026-03-18_G54,10109872GOMESP,2026-03-18,108798,1,1,0,96.0
10109872GOMESP_2026-03-18_G55,10109872GOMESP,2026-03-18,141823,1,2,0,196.0
10109872GOMESP_2026-03-18_G56,10109872GOMESP,2026-03-18,111469,2,12,14,138.0
10109872GOMESP_2026-03-18_G57,10109872GOMESP,2026-03-18,141458,1,3,0,226.0
10109872GOMESP_2026-03-18_G58,10109872GOMESP,2026-03-18,117809,1,6,0,183.0
10109872GOMESP_2026-03-18_G59,10109872GOMESP,2026-03-18,117808,1,23,0,278.0
10109872GOMESP_2026-03-18_G60,10109872GOMESP,2026-03-18,117820,1,6,0,46.0
10109872GOMESP_2026-03-18_G61,10109872GOMESP,2026-03-18,118299,1,5,0,137.0
10109872GOMESP_2026-03-18_G62,10109872GOMESP,2026-03-18,110371,1,10,0,157.0
10109872GOMESP_2026-03-18_G63,10109872GOMESP,2026-03-18,111530,1,2,0,1793.0
10109872GOMESP_2026-03-18_G64,10109872GOMESP,2026-03-18,111466,1,9,0,235.0
10109872GOMESP_2026-03-18_G65,10109872GOMESP,2026-03-18,141318,1,4,0,108.0
10109872GOMESP_2026-03-18_G66,10109872GOMESP,2026-03-18,111532,1,4,0,281.0
10109872GOMESP_2026-03-18_G67,10109872GOMESP,2026-03-18,110372,1,20,0,416.0
10109872GOMESP_2026-03-18_G68,10109872GOMESP,2026-03-18,111530,1,14,0,277.0
10109872GOMESP_2026-03-18_G69,10109872GOMESP,2026-03-18,140911,1,12,0,147.0
10109872GOMESP_2026-03-18_G70,10109872GOMESP,2026-03-18,111602,1,16,0,288.0
10109872GOMESP_2026-03-18_G71,10109872GOMESP,2026-03-18,111602,1,40,0,158.0
10109872GOMESP_2026-03-18_G73,10109872GOMESP,2026-03-18,111172,1,5,0,195.0
10109872GOMESP_2026-03-18_G74,10109872GOMESP,2026-03-18,111172,1,4,0,219.0
10109872GOMESP_2026-03-18_G75,10109872GOMESP,2026-03-18,110754,1,2,0,545.0
10109872GOMESP_2026-03-18_G76,10109872GOMESP,2026-03-18,110747,1,4,0,63.0
10109872GOMESP_2026-03-18_G77,10109872GOMESP,2026-03-18,111330,1,10,0,455.0
10109872GOMESP_2026-03-18_G78,10109872GOMESP,2026-03-18,111469,1,22,0,284.0
10109872GOMESP_2026-03-18_G79,10109872GOMESP,2026-03-18,118299,1,16,0,217.0
10109872GOMESP_2026-03-18_G80,10109872GOMESP,2026-03-18,117809,1,1,0,152.0
10109872GOMESP_2026-03-18_G81,10109872GOMESP,2026-03-18,111438,1,4,0,783.0
10109872GOMESP_2026-03-18_G82,10109872GOMESP,2026-03-18,111876,1,3,0,275.0
10109872GOMESP_2026-03-18_G83,10109872GOMESP,2026-03-18,117853,1,3,0,202.0
10109872GOMESP_2026-03-18_G84,10109872GOMESP,2026-03-18,118317,1,4,0,84.0
10109872GOMESP_2026-03-18_G85,10109872GOMESP,2026-03-18,111466,1,4,0,201.0
10109872GOMESP_2026-03-18_G86,10109872GOMESP,2026-03-18,111530,1,11,0,203.0
10109872GOMESP_2026-03-18_G87,10109872GOMESP,2026-03-18,111602,1,2,0,53.0
10109872GOMESP_2026-03-18_G88,10109872GOMESP,2026-03-18,111469,1,10,0,123.0
10109872GOMESP_2026-03-18_G89,10109872GOMESP,2026-03-18,116241,1,4,0,162.0
10109872GOMESP_2026-03-18_G90,10109872GOMESP,2026-03-18,117808,1,500,0,1952.0
10109872GOMESP_2026-03-18_G91,10109872GOMESP,2026-03-18,117809,1,80,0,156.0
10109872GOMESP_2026-03-19_G02,10109872GOMESP,2026-03-19,111330,1,6,0,247.0
10109872GOMESP_2026-03-19_G03,10109872GOMESP,2026-03-19,140922,2,20,6,104.0
10109872GOMESP_2026-03-19_G04,10109872GOMESP,2026-03-19,117842,1,4,0,376.0
10109872GOMESP_2026-03-19_G05,10109872GOMESP,2026-03-19,109641,1,4,0,132.0
10109872GOMESP_2026-03-19_G06,10109872GOMESP,2026-03-19,111466,6,27,34,169.0
10109872GOMESP_2026-03-19_G07,10109872GOMESP,2026-03-19,111469,1,8,0,128.0
10109872GOMESP_2026-03-19_G08,10109872GOMESP,2026-03-19,141458,2,5,10,104.0
10109872GOMESP_2026-03-19_G09,10109872GOMESP,2026-03-19,111469,6,89,36,55.0
10109872GOMESP_2026-03-19_G10,10109872GOMESP,2026-03-19,109643,1,4,0,731.0
10109872GOMESP_2026-03-19_G11,10109872GOMESP,2026-03-19,110373,1,4,0,73.0
10109872GOMESP_2026-03-19_G12,10109872GOMESP,2026-03-19,118299,2,28,21,218.0
10109872GOMESP_2026-03-19_G13,10109872GOMESP,2026-03-19,117830,1,4,0,163.0
10109872GOMESP_2026-03-19_G14,10109872GOMESP,2026-03-19,111467,1,2,0,220.0
10109872GOMESP_2026-03-19_G15,10109872GOMESP,2026-03-19,109640,1,2,0,164.0
10109872GOMESP_2026-03-19_G16,10109872GOMESP,2026-03-19,117862,1,2,0,108.0
10109872GOMESP_2026-03-19_G17,10109872GOMESP,2026-03-19,109645,1,4,0,72.0
10109872GOMESP_2026-03-19_G18,10109872GOMESP,2026-03-19,111724,1,18,0,972.0
10109872GOMESP_2026-03-19_G19,10109872GOMESP,2026-03-19,111752,2,11,16,37.0
10109872GOMESP_2026-03-19_G20,10109872GOMESP,2026-03-19,111736,1,2,0,347.0
10109872GOMESP_2026-03-19_G21,10109872GOMESP,2026-03-19,111530,1,11,0,305.0
10109872GOMESP_2026-03-19_G22,10109872GOMESP,2026-03-19,111602,1,30,0,479.0
10109872GOMESP_2026-03-19_G23,10109872GOMESP,2026-03-19,111754,2,15,7,1075.0
10109872GOMESP_2026-03-19_G24,10109872GOMESP,2026-03-19,111757,1,20,0,685.0
10109872GOMESP_2026-03-19_G25,10109872GOMESP,2026-03-19,111742,1,20,0,738.0
10109872GOMESP_2026-03-19_G26,10109872GOMESP,2026-03-19,111728,2,3,5,330.0
10109872GOMESP_2026-03-19_G27,10109872GOMESP,2026-03-19,111754,1,14,0,751.0
10109872GOMESP_2026-03-19_G28,10109872GOMESP,2026-03-19,111742,1,10,0,62.0
10109872GOMESP_2026-03-19_G29,10109872GOMESP,2026-03-19,111751,1,6,0,193.0
10109872GOMESP_2026-03-19_G30,10109872GOMESP,2026-03-19,110787,1,8,0,1490.0
10109872GOMESP_2026-03-19_G31,10109872GOMESP,2026-03-19,117785,1,24,0,317.0
10109872GOMESP_2026-03-19_G32,10109872GOMESP,2026-03-19,111418,1,12,0,115.0
10109872GOMESP_2026-03-19_G33,10109872GOMESP,2026-03-19,141458,1,12,0,445.0
10109872GOMESP_2026-03-19_G34,10109872GOMESP,2026-03-19,"117808, 117809",2,26,19,209.0
10109872GOMESP_2026-03-19_G35,10109872GOMESP,2026-03-19,117820,1,36,0,406.0
10109872GOMESP_2026-03-19_G36,10109872GOMESP,2026-03-19,118299,1,20,0,144.0
10109872GOMESP_2026-03-19_G37,10109872GOMESP,2026-03-19,141166,1,8,0,1214.0
10109872GOMESP_2026-03-19_G38,10109872GOMESP,2026-03-19,111530,1,8,0,249.0
10109872GOMESP_2026-03-19_G39,10109872GOMESP,2026-03-19,111602,1,4,0,74.0
10109872GOMESP_2026-03-19_G40,10109872GOMESP,2026-03-19,111466,1,4,0,265.0
10109872GOMESP_2026-03-19_G41,10109872GOMESP,2026-03-19,110755,1,4,0,228.0
10109872GOMESP_2026-03-19_G42,10109872GOMESP,2026-03-19,140911,1,2,0,87.0
10109872GOMESP_2026-03-19_G43,10109872GOMESP,2026-03-19,109640,1,22,0,660.0
10109872GOMESP_2026-03-19_G45,10109872GOMESP,2026-03-19,111761,1,200,0,332.0
10109872GOMESP_2026-03-20_G02,10109872GOMESP,2026-03-20,110747,1,2,0,71.0
10109872GOMESP_2026-03-20_G03,10109872GOMESP,2026-03-20,140923,1,11,0,143.0
10109872GOMESP_2026-03-20_G04,10109872GOMESP,2026-03-20,110741,1,4,0,63.0
10109872GOMESP_2026-03-20_G05,10109872GOMESP,2026-03-20,117856,1,8,0,119.0
10109872GOMESP_2026-03-20_G06,10109872GOMESP,2026-03-20,111172,1,4,0,265.0
10109872GOMESP_2026-03-20_G07,10109872GOMESP,2026-03-20,111348,1,3,0,213.0
10109872GOMESP_2026-03-20_G08,10109872GOMESP,2026-03-20,117785,1,8,0,100.0
10109872GOMESP_2026-03-20_G09,10109872GOMESP,2026-03-20,111462,1,4,0,50.0
10109872GOMESP_2026-03-20_G10,10109872GOMESP,2026-03-20,141456,1,24,0,274.0
10109872GOMESP_2026-03-20_G11,10109872GOMESP,2026-03-20,117808,1,40,0,365.0
10109872GOMESP_2026-03-20_G12,10109872GOMESP,2026-03-20,110373,1,3,0,32.0
10109872GOMESP_2026-03-20_G13,10109872GOMESP,2026-03-20,109643,1,3,0,61.0
10109872GOMESP_2026-03-20_G14,10109872GOMESP,2026-03-20,110372,1,20,0,176.0
10109872GOMESP_2026-03-20_G15,10109872GOMESP,2026-03-20,141202,1,4,0,70.0
10109872GOMESP_2026-03-20_G16,10109872GOMESP,2026-03-20,118299,1,50,0,359.0
10109872GOMESP_2026-03-20_G17,10109872GOMESP,2026-03-20,117808,1,150,0,1893.0
10109872GOMESP_2026-03-20_G18,10109872GOMESP,2026-03-20,117808,1,228,0,369.0
10109872GOMESP_2026-03-20_G19,10109872GOMESP,2026-03-20,110372,1,31,0,704.0
10109872GOMESP_2026-03-20_G20,10109872GOMESP,2026-03-20,118299,1,57,0,329.0
10109872GOMESP_2026-03-20_G21,10109872GOMESP,2026-03-20,"118191, 117862",2,313,18,757.0
10109872GOMESP_2026-03-20_G22,10109872GOMESP,2026-03-20,117862,1,8,0,277.0
10109872GOMESP_2026-03-20_G23,10109872GOMESP,2026-03-20,141261,1,2,0,610.0
10109872GOMESP_2026-03-20_G24,10109872GOMESP,2026-03-20,111465,1,8,0,853.0
10109872GOMESP_2026-03-20_G25,10109872GOMESP,2026-03-20,140922,1,8,0,308.0
10109872GOMESP_2026-03-20_G26,10109872GOMESP,2026-03-20,117821,1,28,0,304.0
10109872GOMESP_2026-03-20_G27,10109872GOMESP,2026-03-20,116241,1,12,0,231.0
10109872GOMESP_2026-03-20_G28,10109872GOMESP,2026-03-20,117831,1,12,0,119.0
10109872GOMESP_2026-03-20_G29,10109872GOMESP,2026-03-20,107236,1,12,0,357.0
10109872GOMESP_2026-03-20_G30,10109872GOMESP,2026-03-20,111442,1,20,0,260.0
10109872GOMESP_2026-03-20_G31,10109872GOMESP,2026-03-20,110740,1,12,0,71.0
10109872GOMESP_2026-03-20_G32,10109872GOMESP,2026-03-20,117833,1,4,0,70.0
10109872GOMESP_2026-03-20_G33,10109872GOMESP,2026-03-20,118223,1,4,0,41.0
10109872GOMESP_2026-03-20_G34,10109872GOMESP,2026-03-20,141823,1,4,0,102.0
10109872GOMESP_2026-03-20_G36,10109872GOMESP,2026-03-20,107236,1,5,0,454.0
10109872GOMESP_2026-03-20_G37,10109872GOMESP,2026-03-20,111431,1,7,0,106.0
10109872GOMESP_2026-03-20_G38,10109872GOMESP,2026-03-20,117836,1,4,0,154.0
10109872GOMESP_2026-03-20_G39,10109872GOMESP,2026-03-20,116527,1,6,0,112.0
10109872GOMESP_2026-03-20_G40,10109872GOMESP,2026-03-20,110582,1,4,0,106.0
10109872GOMESP_2026-03-20_G41,10109872GOMESP,2026-03-20,111438,1,24,0,700.0
10109872GOMESP_2026-03-20_G43,10109872GOMESP,2026-03-20,118317,1,5,0,335.0
10109872GOMESP_2026-03-20_G44,10109872GOMESP,2026-03-20,140922,2,8,5,90.0
10109872GOMESP_2026-03-20_G45,10109872GOMESP,2026-03-20,"111348, 111532",3,31,50,54.0
10109872GOMESP_2026-03-20_G46,10109872GOMESP,2026-03-20,117785,1,12,0,333.0
10109872GOMESP_2026-03-20_G47,10109872GOMESP,2026-03-20,111462,3,30,18,442.0
10109872GOMESP_2026-03-20_G48,10109872GOMESP,2026-03-20,"110751, 117821",2,7,25,182.0
10109872GOMESP_2026-03-20_G49,10109872GOMESP,2026-03-20,111743,1,3,0,90.0
10109872GOMESP_2026-03-20_G50,10109872GOMESP,2026-03-20,117831,1,4,0,71.0
10109872GOMESP_2026-03-20_G51,10109872GOMESP,2026-03-20,109641,1,3,0,66.0
10109872GOMESP_2026-03-20_G52,10109872GOMESP,2026-03-20,110740,1,2,0,56.0
10109872GOMESP_2026-03-20_G53,10109872GOMESP,2026-03-20,111466,2,24,7,142.0
10109872GOMESP_2026-03-20_G54,10109872GOMESP,2026-03-20,111463,2,36,12,451.0
10109872GOMESP_2026-03-20_G55,10109872GOMESP,2026-03-20,141458,2,16,17,187.0
10109872GOMESP_2026-03-20_G56,10109872GOMESP,2026-03-20,111466,1,3,0,367.0
10109872GOMESP_2026-03-20_G57,10109872GOMESP,2026-03-20,117855,1,7,0,391.0
10109872GOMESP_2026-03-20_G58,10109872GOMESP,2026-03-20,111530,1,4,0,137.0
10109872GOMESP_2026-03-20_G59,10109872GOMESP,2026-03-20,111530,1,3,0,31.0
10109872GOMESP_2026-03-20_G60,10109872GOMESP,2026-03-20,111602,1,19,0,97.0
10109872GOMESP_2026-03-20_G61,10109872GOMESP,2026-03-20,117861,1,10,0,278.0
10109872GOMESP_2026-03-20_G62,10109872GOMESP,2026-03-20,117834,1,3,0,216.0
10109872GOMESP_2026-03-20_G63,10109872GOMESP,2026-03-20,111438,2,3,7,74.0
10109872GOMESP_2026-03-20_G64,10109872GOMESP,2026-03-20,111569,2,3,8,102.0
10109872GOMESP_2026-03-20_G65,10109872GOMESP,2026-03-20,"117836, 118306",2,4,11,78.0
10109872GOMESP_2026-03-20_G66,10109872GOMESP,2026-03-20,142045,1,8,0,587.0
10109872GOMESP_2026-03-20_G67,10109872GOMESP,2026-03-20,140911,1,2,0,82.0
10109872GOMESP_2026-03-20_G68,10109872GOMESP,2026-03-20,111532,1,4,0,143.0
10109872GOMESP_2026-03-20_G69,10109872GOMESP,2026-03-20,111463,1,4,0,154.0
10109872GOMESP_2026-03-20_G70,10109872GOMESP,2026-03-20,110325,1,8,0,109.0
10109872GOMESP_2026-03-21_G02,10109872GOMESP,2026-03-21,117820,1,50,0,906.0
10109872GOMESP_2026-03-21_G03,10109872GOMESP,2026-03-21,111467,1,12,0,527.0
10109872GOMESP_2026-03-21_G04,10109872GOMESP,2026-03-21,111438,1,4,0,692.0
10109872GOMESP_2026-03-21_G05,10109872GOMESP,2026-03-21,111569,1,4,0,199.0
10109872GOMESP_2026-03-21_G06,10109872GOMESP,2026-03-21,118306,1,4,0,86.0
10109872GOMESP_2026-03-21_G07,10109872GOMESP,2026-03-21,118317,1,5,0,97.0
10109872GOMESP_2026-03-21_G08,10109872GOMESP,2026-03-21,111462,1,4,0,53.0
10109872GOMESP_2026-03-21_G09,10109872GOMESP,2026-03-21,111743,1,4,0,124.0
10109872GOMESP_2026-03-21_G10,10109872GOMESP,2026-03-21,118223,1,6,0,116.0
10109872GOMESP_2026-03-21_G11,10109872GOMESP,2026-03-21,110373,1,5,0,131.0
10109872GOMESP_2026-03-21_G12,10109872GOMESP,2026-03-21,110371,1,4,0,103.0
10109872GOMESP_2026-03-21_G13,10109872GOMESP,2026-03-21,142045,1,8,0,298.0
10109872GOMESP_2026-03-21_G14,10109872GOMESP,2026-03-21,111418,1,8,0,185.0
10109872GOMESP_2026-03-21_G15,10109872GOMESP,2026-03-21,142093,1,12,0,659.0
10109872GOMESP_2026-03-21_G16,10109872GOMESP,2026-03-21,117820,1,2,0,92.0
10109872GOMESP_2026-03-21_G17,10109872GOMESP,2026-03-21,117808,1,8,0,101.0
10109872GOMESP_2026-03-21_G18,10109872GOMESP,2026-03-21,109643,1,4,0,124.0
10109872GOMESP_2026-03-21_G19,10109872GOMESP,2026-03-21,118299,1,4,0,117.0
10109872GOMESP_2026-03-21_G20,10109872GOMESP,2026-03-21,111530,1,9,0,411.0
10109872GOMESP_2026-03-21_G21,10109872GOMESP,2026-03-21,111602,1,6,0,75.0
10109872GOMESP_2026-03-21_G22,10109872GOMESP,2026-03-21,110339,1,6,0,68.0
10109872GOMESP_2026-03-21_G23,10109872GOMESP,2026-03-21,111438,1,3,0,100.0
10109872GOMESP_2026-03-21_G24,10109872GOMESP,2026-03-21,111569,1,4,0,122.0
10109872GOMESP_2026-03-21_G25,10109872GOMESP,2026-03-21,110747,1,4,0,140.0
10109872GOMESP_2026-03-21_G26,10109872GOMESP,2026-03-21,141271,1,6,0,163.0
10109872GOMESP_2026-03-21_G27,10109872GOMESP,2026-03-21,111463,2,22,8,162.0
10109872GOMESP_2026-03-21_G28,10109872GOMESP,2026-03-21,110373,1,20,0,943.0
10109872GOMESP_2026-03-21_G29,10109872GOMESP,2026-03-21,110374,1,8,0,56.0
10109872GOMESP_2026-03-21_G30,10109872GOMESP,2026-03-21,117808,1,7,0,96.0
10109872GOMESP_2026-03-21_G31,10109872GOMESP,2026-03-21,110325,1,4,0,57.0
10109872GOMESP_2026-03-21_G32,10109872GOMESP,2026-03-21,118299,1,3,0,43.0
10109872GOMESP_2026-03-21_G33,10109872GOMESP,2026-03-21,110371,1,4,0,80.0
10109872GOMESP_2026-03-21_G34,10109872GOMESP,2026-03-21,110787,1,6,0,952.0
10109872GOMESP_2026-03-21_G35,10109872GOMESP,2026-03-21,110733,1,4,0,210.0
10109872GOMESP_2026-03-21_G36,10109872GOMESP,2026-03-21,110787,1,1,0,121.0
10109872GOMESP_2026-03-21_G37,10109872GOMESP,2026-03-21,111463,2,11,7,250.0
10109872GOMESP_2026-03-21_G38,10109872GOMESP,2026-03-21,142093,1,4,0,156.0
10109872GOMESP_2026-03-21_G39,10109872GOMESP,2026-03-21,111466,1,2,0,108.0
10109872GOMESP_2026-03-21_G40,10109872GOMESP,2026-03-21,140923,1,4,0,394.0
10109872GOMESP_2026-03-21_G41,10109872GOMESP,2026-03-21,111530,1,4,0,1099.0
10109872GOMESP_2026-03-21_G42,10109872GOMESP,2026-03-21,111602,1,4,0,102.0
10109872GOMESP_2026-03-21_G43,10109872GOMESP,2026-03-21,110787,1,8,0,106.0
10109872GOMESP_2026-03-21_G44,10109872GOMESP,2026-03-21,111532,1,8,0,422.0
10109872GOMESP_2026-03-21_G45,10109872GOMESP,2026-03-21,111433,1,2,0,236.0
10109872GOMESP_2026-03-21_G46,10109872GOMESP,2026-03-21,111438,1,6,0,226.0
10109872GOMESP_2026-03-21_G47,10109872GOMESP,2026-03-21,100334,1,3,0,141.0
10109872GOMESP_2026-03-21_G48,10109872GOMESP,2026-03-21,142045,1,8,0,655.0
10109872GOMESP_2026-03-21_G49,10109872GOMESP,2026-03-21,118094,1,1,0,161.0
10109872GOMESP_2026-03-21_G50,10109872GOMESP,2026-03-21,111602,1,4,0,318.0
10109872GOMESP_2026-03-21_G51,10109872GOMESP,2026-03-21,111532,1,6,0,106.0
10109872GOMESP_2026-03-21_G52,10109872GOMESP,2026-03-21,111463,2,8,7,43.0
10109872GOMESP_2026-03-21_G53,10109872GOMESP,2026-03-21,110787,2,10,7,115.0
10109872GOMESP_2026-03-21_G54,10109872GOMESP,2026-03-21,"141823, 111469",2,6,22,99.0
10109872GOMESP_2026-03-21_G55,10109872GOMESP,2026-03-21,111466,1,7,0,138.0
10109872GOMESP_2026-03-21_G56,10109872GOMESP,2026-03-21,110373,1,3,0,77.0
10109872GOMESP_2026-03-21_G57,10109872GOMESP,2026-03-21,117820,1,6,0,146.0
10109872GOMESP_2026-03-21_G58,10109872GOMESP,2026-03-21,110371,1,2,0,105.0
10109872GOMESP_2026-03-21_G59,10109872GOMESP,2026-03-21,117830,1,1,0,40.0
10109872GOMESP_2026-03-21_G60,10109872GOMESP,2026-03-21,111438,1,18,0,339.0
10109872GOMESP_2026-03-21_G61,10109872GOMESP,2026-03-21,100334,1,1,0,169.0
10109872GOMESP_2026-03-21_G62,10109872GOMESP,2026-03-21,142045,1,18,0,205.0
10109872GOMESP_2026-03-21_G63,10109872GOMESP,2026-03-21,117855,1,6,0,326.0
10109872GOMESP_2026-03-21_G64,10109872GOMESP,2026-03-21,118094,1,6,0,222.0
10109872GOMESP_2026-03-21_G65,10109872GOMESP,2026-03-21,111530,1,28,0,152.0
10109872GOMESP_2026-03-21_G66,10109872GOMESP,2026-03-21,111602,1,2,0,408.0
10109872GOMESP_2026-03-21_G67,10109872GOMESP,2026-03-21,117856,1,14,0,88.0
10109872GOMESP_2026-03-21_G68,10109872GOMESP,2026-03-21,110339,1,7,0,75.0
10109872GOMESP_2026-03-21_G69,10109872GOMESP,2026-03-21,109640,1,2,0,83.0
10109872GOMESP_2026-03-21_G70,10109872GOMESP,2026-03-21,110373,1,6,0,159.0
10109872GOMESP_2026-03-21_G71,10109872GOMESP,2026-03-21,118299,1,6,0,98.0
10109872GOMESP_2026-03-21_G72,10109872GOMESP,2026-03-21,117808,1,36,0,246.0
10109872GOMESP_2026-03-21_G74,10109872GOMESP,2026-03-21,111569,1,25,0,54.0
10109872GOMESP_2026-03-21_G75,10109872GOMESP,2026-03-21,118306,1,16,0,817.0
10109872GOMESP_2026-03-21_G76,10109872GOMESP,2026-03-21,110754,1,9,0,233.0
10109872GOMESP_2026-03-21_G77,10109872GOMESP,2026-03-21,111430,1,19,0,292.0
10109872GOMESP_2026-03-21_G78,10109872GOMESP,2026-03-21,111433,1,1,0,175.0
10109872GOMESP_2026-03-21_G79,10109872GOMESP,2026-03-21,111431,1,20,0,142.0
10109872GOMESP_2026-03-23_G02,10109872GOMESP,2026-03-23,111468,1,6,0,1302.0
10109872GOMESP_2026-03-23_G03,10109872GOMESP,2026-03-23,111463,1,8,0,589.0
10109872GOMESP_2026-03-23_G04,10109872GOMESP,2026-03-23,110787,1,3,0,97.0
10109872GOMESP_2026-03-23_G05,10109872GOMESP,2026-03-23,110325,1,5,0,109.0
10109872GOMESP_2026-03-23_G06,10109872GOMESP,2026-03-23,111463,1,2,0,85.0
10109872GOMESP_2026-03-23_G07,10109872GOMESP,2026-03-23,117809,1,8,0,149.0
10109872GOMESP_2026-03-23_G08,10109872GOMESP,2026-03-23,110787,1,2,0,130.0
10109872GOMESP_2026-03-23_G09,10109872GOMESP,2026-03-23,117809,1,8,0,160.0
10109872GOMESP_2026-03-23_G10,10109872GOMESP,2026-03-23,110787,1,2,0,177.0
10109872GOMESP_2026-03-23_G11,10109872GOMESP,2026-03-23,111463,1,4,0,183.0
10109872GOMESP_2026-03-23_G12,10109872GOMESP,2026-03-23,110787,1,4,0,128.0
10109872GOMESP_2026-03-23_G13,10109872GOMESP,2026-03-23,111463,1,20,0,144.0
10109872GOMESP_2026-03-23_G14,10109872GOMESP,2026-03-23,118306,1,2,0,391.0
10109872GOMESP_2026-03-23_G15,10109872GOMESP,2026-03-23,117789,1,2,0,73.0
10109872GOMESP_2026-03-23_G16,10109872GOMESP,2026-03-23,117855,1,2,0,215.0
10109872GOMESP_2026-03-23_G17,10109872GOMESP,2026-03-23,107629,1,4,0,106.0
10109872GOMESP_2026-03-23_G18,10109872GOMESP,2026-03-23,118094,1,5,0,82.0
10109872GOMESP_2026-03-23_G19,10109872GOMESP,2026-03-23,111530,1,16,0,105.0
10109872GOMESP_2026-03-23_G20,10109872GOMESP,2026-03-23,118298,1,4,0,120.0
10109872GOMESP_2026-03-23_G21,10109872GOMESP,2026-03-23,"111602, 141166",2,9,11,159.0
10109872GOMESP_2026-03-23_G22,10109872GOMESP,2026-03-23,117856,1,6,0,116.0
10109872GOMESP_2026-03-23_G23,10109872GOMESP,2026-03-23,110339,1,4,0,87.0
10109872GOMESP_2026-03-23_G24,10109872GOMESP,2026-03-23,117861,1,8,0,515.0
10109872GOMESP_2026-03-23_G25,10109872GOMESP,2026-03-23,117862,1,3,0,79.0
10109872GOMESP_2026-03-23_G26,10109872GOMESP,2026-03-23,140922,1,2,0,99.0
10109872GOMESP_2026-03-23_G27,10109872GOMESP,2026-03-23,111348,1,4,0,62.0
10109872GOMESP_2026-03-23_G28,10109872GOMESP,2026-03-23,111462,1,4,0,55.0
10109872GOMESP_2026-03-23_G29,10109872GOMESP,2026-03-23,142093,1,12,0,105.0
10109872GOMESP_2026-03-23_G30,10109872GOMESP,2026-03-23,141271,1,8,0,97.0
10109872GOMESP_2026-03-23_G31,10109872GOMESP,2026-03-23,117833,1,4,0,162.0
10109872GOMESP_2026-03-23_G32,10109872GOMESP,2026-03-23,111468,1,7,0,91.0
10109872GOMESP_2026-03-23_G33,10109872GOMESP,2026-03-23,109645,1,2,0,43.0
10109872GOMESP_2026-03-23_G34,10109872GOMESP,2026-03-23,111431,1,4,0,55.0
10109872GOMESP_2026-03-23_G35,10109872GOMESP,2026-03-23,110787,1,6,0,75.0
10109872GOMESP_2026-03-23_G36,10109872GOMESP,2026-03-23,110740,1,5,0,82.0
10109872GOMESP_2026-03-23_G37,10109872GOMESP,2026-03-23,110129,1,1,0,83.0
10109872GOMESP_2026-03-23_G38,10109872GOMESP,2026-03-23,141823,1,7,0,67.0
10109872GOMESP_2026-03-23_G39,10109872GOMESP,2026-03-23,105705,1,2,0,70.0
10109872GOMESP_2026-03-23_G40,10109872GOMESP,2026-03-23,"117837, 111467",2,12,15,419.0
10109872GOMESP_2026-03-23_G41,10109872GOMESP,2026-03-23,141458,1,3,0,125.0
10109872GOMESP_2026-03-23_G42,10109872GOMESP,2026-03-23,117809,1,12,0,202.0
10109872GOMESP_2026-03-23_G43,10109872GOMESP,2026-03-23,"109648, 109643",2,3,24,38.0
10109872GOMESP_2026-03-23_G44,10109872GOMESP,2026-03-23,110373,1,4,0,241.0
10109872GOMESP_2026-03-23_G45,10109872GOMESP,2026-03-23,117830,1,6,0,128.0
10109872GOMESP_2026-03-23_G46,10109872GOMESP,2026-03-23,111463,1,12,0,384.0
10109872GOMESP_2026-03-23_G47,10109872GOMESP,2026-03-23,110787,1,2,0,129.0
10109872GOMESP_2026-03-23_G48,10109872GOMESP,2026-03-23,111569,1,2,0,139.0
10109872GOMESP_2026-03-23_G49,10109872GOMESP,2026-03-23,118306,1,2,0,62.0
10109872GOMESP_2026-03-23_G50,10109872GOMESP,2026-03-23,118094,1,4,0,126.0
10109872GOMESP_2026-03-23_G51,10109872GOMESP,2026-03-23,111602,1,4,0,289.0
10109872GOMESP_2026-03-23_G52,10109872GOMESP,2026-03-23,109640,1,2,0,88.0
10109872GOMESP_2026-03-23_G53,10109872GOMESP,2026-03-23,117785,1,3,0,101.0
10109872GOMESP_2026-03-23_G54,10109872GOMESP,2026-03-23,117831,1,2,0,59.0
10109872GOMESP_2026-03-23_G55,10109872GOMESP,2026-03-23,111468,1,1,0,109.0
10109872GOMESP_2026-03-23_G56,10109872GOMESP,2026-03-23,109645,1,2,0,40.0
10109872GOMESP_2026-03-23_G57,10109872GOMESP,2026-03-23,111466,1,4,0,44.0
10109872GOMESP_2026-03-23_G58,10109872GOMESP,2026-03-23,118299,1,11,0,205.0
10109872GOMESP_2026-03-23_G59,10109872GOMESP,2026-03-23,117820,1,2,0,39.0
10109872GOMESP_2026-03-23_G60,10109872GOMESP,2026-03-23,110373,1,8,0,53.0
10109872GOMESP_2026-03-23_G61,10109872GOMESP,2026-03-23,117808,1,15,0,136.0
10109872GOMESP_2026-03-23_G62,10109872GOMESP,2026-03-23,140923,1,7,0,1614.0
10109872GOMESP_2026-03-23_G63,10109872GOMESP,2026-03-23,110339,1,2,0,73.0
10109872GOMESP_2026-03-23_G64,10109872GOMESP,2026-03-23,111532,1,4,0,105.0
10109872GOMESP_2026-03-23_G65,10109872GOMESP,2026-03-23,111462,1,6,0,73.0
10109872GOMESP_2026-03-23_G66,10109872GOMESP,2026-03-23,142093,1,2,0,76.0
10109872GOMESP_2026-03-23_G67,10109872GOMESP,2026-03-23,111418,1,2,0,85.0
10109872GOMESP_2026-03-23_G68,10109872GOMESP,2026-03-23,111469,1,32,0,56.0
10109872GOMESP_2026-03-23_G69,10109872GOMESP,2026-03-23,111463,2,10,6,173.0
10109872GOMESP_2026-03-23_G70,10109872GOMESP,2026-03-23,110787,2,14,12,274.0
10109872GOMESP_2026-03-23_G71,10109872GOMESP,2026-03-23,141458,1,2,0,93.0
10109872GOMESP_2026-03-23_G72,10109872GOMESP,2026-03-23,118299,1,10,0,155.0
10109872GOMESP_2026-03-23_G73,10109872GOMESP,2026-03-23,110372,1,22,0,175.0
10109872GOMESP_2026-03-23_G74,10109872GOMESP,2026-03-23,117808,1,4,0,206.0
10109872GOMESP_2026-03-23_G75,10109872GOMESP,2026-03-23,118299,1,4,0,907.0
10109872GOMESP_2026-03-23_G76,10109872GOMESP,2026-03-23,160057,1,4,0,632.0
10109872GOMESP_2026-03-23_G77,10109872GOMESP,2026-03-23,111442,1,4,0,114.0
10109872GOMESP_2026-03-23_G78,10109872GOMESP,2026-03-23,110373,1,20,0,246.0
10109872GOMESP_2026-03-23_G79,10109872GOMESP,2026-03-23,111468,1,8,0,217.0
10109872GOMESP_2026-03-23_G80,10109872GOMESP,2026-03-23,110373,1,4,0,159.0
10109872GOMESP_2026-03-23_G81,10109872GOMESP,2026-03-23,111438,1,4,0,117.0
10109872GOMESP_2026-03-23_G82,10109872GOMESP,2026-03-23,100334,1,4,0,164.0
10109872GOMESP_2026-03-23_G83,10109872GOMESP,2026-03-23,111602,1,2,0,291.0
10109872GOMESP_2026-03-23_G84,10109872GOMESP,2026-03-23,111532,1,14,0,398.0
10109872GOMESP_2026-03-23_G85,10109872GOMESP,2026-03-23,111462,1,4,0,58.0
10109872GOMESP_2026-03-23_G86,10109872GOMESP,2026-03-23,111469,1,8,0,419.0
10109872GOMESP_2026-03-23_G87,10109872GOMESP,2026-03-23,111463,2,36,6,325.0
10109872GOMESP_2026-03-23_G88,10109872GOMESP,2026-03-23,110787,3,10,10,385.0
10109872GOMESP_2026-03-23_G89,10109872GOMESP,2026-03-23,100334,1,2,0,386.0
10109872GOMESP_2026-03-23_G90,10109872GOMESP,2026-03-23,140923,1,6,0,164.0
10109872GOMESP_2026-03-23_G91,10109872GOMESP,2026-03-23,111530,1,16,0,1079.0
10109872GOMESP_2026-03-23_G92,10109872GOMESP,2026-03-23,140923,1,16,0,120.0
10109872GOMESP_2026-03-23_G93,10109872GOMESP,2026-03-23,111463,1,4,0,119.0
10109872GOMESP_2026-03-23_G94,10109872GOMESP,2026-03-23,110787,1,2,0,60.0
10109872GOMESP_2026-03-23_G95,10109872GOMESP,2026-03-23,110374,1,2,0,87.0
10109872GOMESP_2026-03-23_G96,10109872GOMESP,2026-03-23,110373,1,4,0,71.0
10109872GOMESP_2026-03-23_G97,10109872GOMESP,2026-03-23,111467,1,2,0,39.0
10109872GOMESP_2026-03-23_G99,10109872GOMESP,2026-03-23,110742,1,3,0,97.0
10109872GOMESP_2026-03-23_G100,10109872GOMESP,2026-03-23,117821,1,3,0,162.0
10109872GOMESP_2026-03-23_G101,10109872GOMESP,2026-03-23,142093,1,3,0,67.0
10109872GOMESP_2026-03-23_G102,10109872GOMESP,2026-03-23,142093,1,2,0,126.0
10109872GOMESP_2026-03-23_G103,10109872GOMESP,2026-03-23,141823,1,6,0,113.0
10109872GOMESP_2026-03-23_G104,10109872GOMESP,2026-03-23,110755,1,4,0,298.0
10109872GOMESP_2026-03-23_G105,10109872GOMESP,2026-03-23,118250,1,4,0,120.0
10109872GOMESP_2026-03-23_G106,10109872GOMESP,2026-03-23,110755,1,5,0,143.0
10109872GOMESP_2026-03-23_G107,10109872GOMESP,2026-03-23,111467,2,5,10,129.0
10109872GOMESP_2026-03-23_G108,10109872GOMESP,2026-03-23,117855,1,9,0,239.0
10109872GOMESP_2026-03-23_G109,10109872GOMESP,2026-03-23,107629,1,2,0,169.0
10109872GOMESP_2026-03-24_G02,10109872GOMESP,2026-03-24,117856,1,2,0,110.0
10109872GOMESP_2026-03-24_G03,10109872GOMESP,2026-03-24,141457,1,18,0,190.0
10109872GOMESP_2026-03-24_G04,10109872GOMESP,2026-03-24,109641,1,4,0,87.0
10109872GOMESP_2026-03-24_G05,10109872GOMESP,2026-03-24,117809,1,4,0,217.0
10109872GOMESP_2026-03-24_G06,10109872GOMESP,2026-03-24,117808,1,3,0,86.0
10109872GOMESP_2026-03-24_G07,10109872GOMESP,2026-03-24,117832,1,3,0,261.0
10109872GOMESP_2026-03-24_G08,10109872GOMESP,2026-03-24,117822,1,4,0,77.0
10109872GOMESP_2026-03-24_G09,10109872GOMESP,2026-03-24,109647,1,1,0,78.0
10109872GOMESP_2026-03-24_G10,10109872GOMESP,2026-03-24,117862,1,1,0,131.0
10109872GOMESP_2026-03-24_G11,10109872GOMESP,2026-03-24,140922,1,2,0,99.0
10109872GOMESP_2026-03-24_G12,10109872GOMESP,2026-03-24,142093,1,2,0,94.0
10109872GOMESP_2026-03-24_G13,10109872GOMESP,2026-03-24,117809,1,2,0,73.0
10109872GOMESP_2026-03-24_G14,10109872GOMESP,2026-03-24,109643,1,3,0,58.0
10109872GOMESP_2026-03-24_G15,10109872GOMESP,2026-03-24,111569,1,6,0,205.0
10109872GOMESP_2026-03-24_G16,10109872GOMESP,2026-03-24,110623,1,5,0,200.0
10109872GOMESP_2026-03-24_G17,10109872GOMESP,2026-03-24,107629,1,4,0,167.0
10109872GOMESP_2026-03-24_G18,10109872GOMESP,2026-03-24,109647,1,2,0,71.0
10109872GOMESP_2026-03-24_G19,10109872GOMESP,2026-03-24,140923,1,15,0,187.0
10109872GOMESP_2026-03-24_G20,10109872GOMESP,2026-03-24,117856,1,2,0,300.0
10109872GOMESP_2026-03-24_G21,10109872GOMESP,2026-03-24,141047,1,6,0,102.0
10109872GOMESP_2026-03-24_G22,10109872GOMESP,2026-03-24,117862,1,7,0,102.0
10109872GOMESP_2026-03-24_G23,10109872GOMESP,2026-03-24,111466,1,37,0,197.0
10109872GOMESP_2026-03-24_G24,10109872GOMESP,2026-03-24,111462,1,17,0,470.0
10109872GOMESP_2026-03-24_G25,10109872GOMESP,2026-03-24,111465,1,5,0,65.0
10109872GOMESP_2026-03-24_G26,10109872GOMESP,2026-03-24,111743,1,11,0,382.0
10109872GOMESP_2026-03-24_G27,10109872GOMESP,2026-03-24,111418,1,17,0,122.0
10109872GOMESP_2026-03-24_G28,10109872GOMESP,2026-03-24,111463,1,26,0,167.0
10109872GOMESP_2026-03-24_G29,10109872GOMESP,2026-03-24,110740,1,10,0,143.0
10109872GOMESP_2026-03-24_G30,10109872GOMESP,2026-03-24,117831,1,10,0,66.0
10109872GOMESP_2026-03-24_G31,10109872GOMESP,2026-03-24,141823,1,3,0,72.0
10109872GOMESP_2026-03-24_G32,10109872GOMESP,2026-03-24,110374,1,14,0,265.0
10109872GOMESP_2026-03-24_G33,10109872GOMESP,2026-03-24,109643,1,6,0,324.0
10109872GOMESP_2026-03-24_G34,10109872GOMESP,2026-03-24,"117820, 110373",2,63,28,106.0
10109872GOMESP_2026-03-24_G35,10109872GOMESP,2026-03-24,110372,1,75,0,433.0
10109872GOMESP_2026-03-24_G36,10109872GOMESP,2026-03-24,117808,1,67,0,461.0
10109872GOMESP_2026-03-24_G37,10109872GOMESP,2026-03-24,110375,1,6,0,229.0
10109872GOMESP_2026-03-24_G38,10109872GOMESP,2026-03-24,110325,1,14,0,144.0
10109872GOMESP_2026-03-24_G39,10109872GOMESP,2026-03-24,110895,1,2,0,535.0
10109872GOMESP_2026-03-24_G40,10109872GOMESP,2026-03-24,141066,1,4,0,172.0
10109872GOMESP_2026-03-24_G41,10109872GOMESP,2026-03-24,109647,1,2,0,132.0
10109872GOMESP_2026-03-24_G42,10109872GOMESP,2026-03-24,117856,1,4,0,87.0
10109872GOMESP_2026-03-24_G43,10109872GOMESP,2026-03-24,142093,1,1,0,56.0
10109872GOMESP_2026-03-24_G44,10109872GOMESP,2026-03-24,111743,1,2,0,50.0
10109872GOMESP_2026-03-24_G45,10109872GOMESP,2026-03-24,117833,1,2,0,77.0
10109872GOMESP_2026-03-24_G46,10109872GOMESP,2026-03-24,117831,1,2,0,97.0
10109872GOMESP_2026-03-24_G47,10109872GOMESP,2026-03-24,117820,1,3,0,93.0
10109872GOMESP_2026-03-24_G48,10109872GOMESP,2026-03-24,117808,1,4,0,93.0
10109872GOMESP_2026-03-24_G49,10109872GOMESP,2026-03-24,117832,2,4,6,65.0
10109872GOMESP_2026-03-24_G50,10109872GOMESP,2026-03-24,117830,1,2,0,77.0
10109872GOMESP_2026-03-24_G51,10109872GOMESP,2026-03-24,110030,1,1,0,981.0
10109872GOMESP_2026-03-24_G52,10109872GOMESP,2026-03-24,110310,1,3,0,131.0
10109872GOMESP_2026-03-24_G53,10109872GOMESP,2026-03-24,118283,1,37,0,2282.0
10109872GOMESP_2026-03-24_G54,10109872GOMESP,2026-03-24,107888,4,8,22,541.0
10109872GOMESP_2026-03-24_G55,10109872GOMESP,2026-03-24,111447,2,4,7,69.0
10109872GOMESP_2026-03-24_G56,10109872GOMESP,2026-03-24,118306,2,5,6,83.0
10109872GOMESP_2026-03-24_G57,10109872GOMESP,2026-03-24,110311,1,2,0,96.0
10109872GOMESP_2026-03-24_G58,10109872GOMESP,2026-03-24,142045,1,12,0,70.0
10109872GOMESP_2026-03-24_G59,10109872GOMESP,2026-03-24,142045,1,19,0,219.0
10109872GOMESP_2026-03-24_G60,10109872GOMESP,2026-03-24,110742,2,4,8,336.0
10109872GOMESP_2026-03-24_G61,10109872GOMESP,2026-03-24,110579,2,4,5,197.0
10109872GOMESP_2026-03-24_G62,10109872GOMESP,2026-03-24,110582,1,8,0,188.0
10109872GOMESP_2026-03-24_G63,10109872GOMESP,2026-03-24,140911,4,12,16,282.0
10109872GOMESP_2026-03-24_G64,10109872GOMESP,2026-03-24,100334,2,2,7,88.0
10109872GOMESP_2026-03-24_G65,10109872GOMESP,2026-03-24,110464,1,2,0,109.0
10109872GOMESP_2026-03-24_G66,10109872GOMESP,2026-03-24,111705,1,1,0,77.0
10109872GOMESP_2026-03-24_G67,10109872GOMESP,2026-03-24,105242,2,2,7,474.0
10109872GOMESP_2026-03-24_G68,10109872GOMESP,2026-03-24,109647,2,8,8,114.0
10109872GOMESP_2026-03-24_G69,10109872GOMESP,2026-03-24,111650,1,5,0,112.0
10109872GOMESP_2026-03-24_G70,10109872GOMESP,2026-03-24,110733,1,7,0,98.0
10109872GOMESP_2026-03-24_G71,10109872GOMESP,2026-03-24,141166,1,118,0,472.0
10109872GOMESP_2026-03-24_G72,10109872GOMESP,2026-03-24,117856,1,24,0,301.0
10109872GOMESP_2026-03-24_G73,10109872GOMESP,2026-03-24,108361,2,4,9,582.0
10109872GOMESP_2026-03-24_G74,10109872GOMESP,2026-03-24,117853,2,20,6,49.0
10109872GOMESP_2026-03-24_G75,10109872GOMESP,2026-03-24,109640,1,42,0,176.0
10109872GOMESP_2026-03-24_G76,10109872GOMESP,2026-03-24,110063,2,3,6,554.0
10109872GOMESP_2026-03-24_G77,10109872GOMESP,2026-03-24,106860,1,2,0,100.0
10109872GOMESP_2026-03-24_G78,10109872GOMESP,2026-03-24,101217,1,2,0,51.0
10109872GOMESP_2026-03-24_G79,10109872GOMESP,2026-03-24,118350,1,1,0,377.0
10109872GOMESP_2026-03-24_G80,10109872GOMESP,2026-03-24,111330,1,6,0,156.0
10109872GOMESP_2026-03-24_G81,10109872GOMESP,2026-03-24,117785,1,127,0,768.0
10109872GOMESP_2026-03-24_G82,10109872GOMESP,2026-03-24,111462,1,33,0,188.0
10109872GOMESP_2026-03-24_G84,10109872GOMESP,2026-03-24,117821,1,3,0,88.0
10109872GOMESP_2026-03-24_G85,10109872GOMESP,2026-03-24,110743,1,14,0,251.0
10109872GOMESP_2026-03-24_G86,10109872GOMESP,2026-03-24,142093,1,68,0,38.0
10109872GOMESP_2026-03-24_G87,10109872GOMESP,2026-03-24,111446,1,2,0,103.0
10109872GOMESP_2026-03-24_G88,10109872GOMESP,2026-03-24,107236,2,4,6,110.0
10109872GOMESP_2026-03-24_G89,10109872GOMESP,2026-03-24,108798,2,22,11,86.0
10109872GOMESP_2026-03-24_G90,10109872GOMESP,2026-03-24,117831,1,68,0,525.0
10109872GOMESP_2026-03-24_G91,10109872GOMESP,2026-03-24,141823,1,15,0,193.0
10109872GOMESP_2026-03-24_G92,10109872GOMESP,2026-03-24,111418,1,58,0,1561.0
10109872GOMESP_2026-03-24_G93,10109872GOMESP,2026-03-24,117837,1,12,0,337.0
10109872GOMESP_2026-03-24_G94,10109872GOMESP,2026-03-24,118223,3,8,16,107.0
10109872GOMESP_2026-03-25_G02,10109872GOMESP,2026-03-25,110030,1,1,0,88.0
10109872GOMESP_2026-03-25_G03,10109872GOMESP,2026-03-25,141916,1,20,0,70.0
10109872GOMESP_2026-03-25_G04,10109872GOMESP,2026-03-25,110313,1,5,0,1275.0
10109872GOMESP_2026-03-25_G05,10109872GOMESP,2026-03-25,111602,1,3,0,147.0
10109872GOMESP_2026-03-25_G06,10109872GOMESP,2026-03-25,141457,1,2,0,84.0
10109872GOMESP_2026-03-25_G07,10109872GOMESP,2026-03-25,110374,1,1,0,76.0
10109872GOMESP_2026-03-25_G08,10109872GOMESP,2026-03-25,118299,1,31,0,404.0
10109872GOMESP_2026-03-25_G09,10109872GOMESP,2026-03-25,110376,1,3,0,92.0
10109872GOMESP_2026-03-25_G10,10109872GOMESP,2026-03-25,118306,1,2,0,83.0
10109872GOMESP_2026-03-25_G11,10109872GOMESP,2026-03-25,110623,1,3,0,142.0
10109872GOMESP_2026-03-25_G12,10109872GOMESP,2026-03-25,140923,1,3,0,129.0
10109872GOMESP_2026-03-25_G13,10109872GOMESP,2026-03-25,111602,1,2,0,44.0
10109872GOMESP_2026-03-25_G14,10109872GOMESP,2026-03-25,117856,1,2,0,56.0
10109872GOMESP_2026-03-25_G15,10109872GOMESP,2026-03-25,111602,1,1,0,89.0
10109872GOMESP_2026-03-25_G16,10109872GOMESP,2026-03-25,111743,1,3,0,105.0
10109872GOMESP_2026-03-25_G17,10109872GOMESP,2026-03-25,140922,1,7,0,127.0
10109872GOMESP_2026-03-25_G18,10109872GOMESP,2026-03-25,111466,1,3,0,55.0
10109872GOMESP_2026-03-25_G19,10109872GOMESP,2026-03-25,111462,1,18,0,344.0
10109872GOMESP_2026-03-25_G20,10109872GOMESP,2026-03-25,141457,1,4,0,122.0
10109872GOMESP_2026-03-25_G21,10109872GOMESP,2026-03-25,111418,1,5,0,109.0
10109872GOMESP_2026-03-25_G22,10109872GOMESP,2026-03-25,111463,1,7,0,157.0
10109872GOMESP_2026-03-25_G23,10109872GOMESP,2026-03-25,110740,1,2,0,78.0
10109872GOMESP_2026-03-25_G24,10109872GOMESP,2026-03-25,111442,1,3,0,113.0
10109872GOMESP_2026-03-25_G25,10109872GOMESP,2026-03-25,117820,1,2,0,119.0
10109872GOMESP_2026-03-25_G26,10109872GOMESP,2026-03-25,110373,1,20,0,155.0
10109872GOMESP_2026-03-25_G27,10109872GOMESP,2026-03-25,110372,1,36,0,240.0
10109872GOMESP_2026-03-25_G28,10109872GOMESP,2026-03-25,117808,1,25,0,445.0
10109872GOMESP_2026-03-25_G29,10109872GOMESP,2026-03-25,110375,1,8,0,100.0
10109872GOMESP_2026-03-25_G30,10109872GOMESP,2026-03-25,111530,1,4,0,773.0
10109872GOMESP_2026-03-25_G31,10109872GOMESP,2026-03-25,111602,1,4,0,75.0
10109872GOMESP_2026-03-25_G32,10109872GOMESP,2026-03-25,141457,1,2,0,115.0
10109872GOMESP_2026-03-25_G33,10109872GOMESP,2026-03-25,118299,1,2,0,81.0
10109872GOMESP_2026-03-25_G34,10109872GOMESP,2026-03-25,141916,1,2,0,410.0
10109872GOMESP_2026-03-25_G35,10109872GOMESP,2026-03-25,111569,1,2,0,61.0
10109872GOMESP_2026-03-25_G36,10109872GOMESP,2026-03-25,141456,1,3,0,135.0
10109872GOMESP_2026-03-25_G37,10109872GOMESP,2026-03-25,118299,1,8,0,182.0
10109872GOMESP_2026-03-25_G38,10109872GOMESP,2026-03-25,108770,1,2,0,427.0
10109872GOMESP_2026-03-25_G39,10109872GOMESP,2026-03-25,140923,1,4,0,602.0
10109872GOMESP_2026-03-25_G40,10109872GOMESP,2026-03-25,117856,1,2,0,52.0
10109872GOMESP_2026-03-25_G41,10109872GOMESP,2026-03-25,111602,1,8,0,149.0
10109872GOMESP_2026-03-25_G42,10109872GOMESP,2026-03-25,117862,1,4,0,114.0
10109872GOMESP_2026-03-25_G43,10109872GOMESP,2026-03-25,111467,1,2,0,38.0
10109872GOMESP_2026-03-25_G44,10109872GOMESP,2026-03-25,111743,1,4,0,103.0
10109872GOMESP_2026-03-25_G45,10109872GOMESP,2026-03-25,140922,1,4,0,71.0
10109872GOMESP_2026-03-25_G46,10109872GOMESP,2026-03-25,111466,1,2,0,53.0
10109872GOMESP_2026-03-25_G47,10109872GOMESP,2026-03-25,117785,1,6,0,110.0
10109872GOMESP_2026-03-25_G48,10109872GOMESP,2026-03-25,111462,1,2,0,42.0
10109872GOMESP_2026-03-25_G49,10109872GOMESP,2026-03-25,117821,1,2,0,56.0
10109872GOMESP_2026-03-25_G50,10109872GOMESP,2026-03-25,141457,1,10,0,319.0
10109872GOMESP_2026-03-25_G51,10109872GOMESP,2026-03-25,"141271, 111418",2,16,28,47.0
10109872GOMESP_2026-03-25_G52,10109872GOMESP,2026-03-25,141456,1,2,0,68.0
10109872GOMESP_2026-03-25_G53,10109872GOMESP,2026-03-25,111468,1,2,0,137.0
10109872GOMESP_2026-03-25_G54,10109872GOMESP,2026-03-25,111463,1,6,0,59.0
10109872GOMESP_2026-03-25_G55,10109872GOMESP,2026-03-25,111469,1,2,0,72.0
10109872GOMESP_2026-03-25_G56,10109872GOMESP,2026-03-25,117831,1,4,0,93.0
10109872GOMESP_2026-03-25_G57,10109872GOMESP,2026-03-25,105705,1,2,0,68.0
10109872GOMESP_2026-03-25_G58,10109872GOMESP,2026-03-25,141458,1,6,0,104.0
10109872GOMESP_2026-03-25_G59,10109872GOMESP,2026-03-25,110374,1,8,0,469.0
10109872GOMESP_2026-03-25_G60,10109872GOMESP,2026-03-25,109643,1,4,0,73.0
10109872GOMESP_2026-03-25_G61,10109872GOMESP,2026-03-25,"117820, 110373",2,11,12,115.0
10109872GOMESP_2026-03-25_G62,10109872GOMESP,2026-03-25,110372,1,17,0,684.0
10109872GOMESP_2026-03-25_G63,10109872GOMESP,2026-03-25,110376,1,3,0,89.0
10109872GOMESP_2026-03-25_G64,10109872GOMESP,2026-03-25,117808,1,12,0,120.0
10109872GOMESP_2026-03-25_G65,10109872GOMESP,2026-03-25,110375,1,2,0,50.0
10109872GOMESP_2026-03-25_G66,10109872GOMESP,2026-03-25,118299,1,11,0,149.0
10109872GOMESP_2026-03-25_G67,10109872GOMESP,2026-03-25,110325,1,4,0,75.0
10109872GOMESP_2026-03-25_G68,10109872GOMESP,2026-03-25,109471,1,2,0,83.0
10109872GOMESP_2026-03-25_G69,10109872GOMESP,2026-03-25,140923,1,6,0,100.0
10109872GOMESP_2026-03-25_G70,10109872GOMESP,2026-03-25,141166,1,2,0,42.0
10109872GOMESP_2026-03-25_G71,10109872GOMESP,2026-03-25,117856,1,8,0,68.0
10109872GOMESP_2026-03-25_G72,10109872GOMESP,2026-03-25,117862,1,4,0,124.0
10109872GOMESP_2026-03-25_G73,10109872GOMESP,2026-03-25,140922,1,2,0,154.0
10109872GOMESP_2026-03-25_G74,10109872GOMESP,2026-03-25,141457,1,6,0,200.0
10109872GOMESP_2026-03-25_G75,10109872GOMESP,2026-03-25,141271,1,2,0,261.0
10109872GOMESP_2026-03-25_G76,10109872GOMESP,2026-03-25,117838,1,2,0,104.0
10109872GOMESP_2026-03-25_G77,10109872GOMESP,2026-03-25,141456,1,10,0,125.0
10109872GOMESP_2026-03-25_G78,10109872GOMESP,2026-03-25,111463,1,5,0,75.0
10109872GOMESP_2026-03-25_G79,10109872GOMESP,2026-03-25,117831,1,2,0,87.0
10109872GOMESP_2026-03-25_G80,10109872GOMESP,2026-03-25,"141458, 111743",2,2,30,79.0
10109872GOMESP_2026-03-25_G81,10109872GOMESP,2026-03-25,117820,1,10,0,183.0
10109872GOMESP_2026-03-25_G82,10109872GOMESP,2026-03-25,110373,1,4,0,47.0
10109872GOMESP_2026-03-25_G83,10109872GOMESP,2026-03-25,110376,1,4,0,125.0
10109872GOMESP_2026-03-25_G84,10109872GOMESP,2026-03-25,111532,1,4,0,375.0
10109872GOMESP_2026-03-25_G85,10109872GOMESP,2026-03-25,141456,1,4,0,109.0
10109872GOMESP_2026-03-25_G86,10109872GOMESP,2026-03-25,141457,1,4,0,99.0
10109872GOMESP_2026-03-25_G87,10109872GOMESP,2026-03-25,118299,1,4,0,224.0
10109872GOMESP_2026-03-25_G88,10109872GOMESP,2026-03-25,111466,1,3,0,316.0
10109872GOMESP_2026-03-25_G89,10109872GOMESP,2026-03-25,111462,1,3,0,116.0
10109872GOMESP_2026-03-25_G90,10109872GOMESP,2026-03-25,141457,1,3,0,92.0
10109872GOMESP_2026-03-25_G91,10109872GOMESP,2026-03-25,111463,1,2,0,332.0
10109872GOMESP_2026-03-25_G92,10109872GOMESP,2026-03-25,110740,1,2,0,93.0
10109872GOMESP_2026-03-25_G93,10109872GOMESP,2026-03-25,118299,1,2,0,116.0
10109872GOMESP_2026-03-25_G94,10109872GOMESP,2026-03-25,110372,1,4,0,48.0
10109872GOMESP_2026-03-25_G95,10109872GOMESP,2026-03-25,110787,1,1,0,551.0
10109872GOMESP_2026-03-25_G96,10109872GOMESP,2026-03-25,110371,2,21,30,32.0
10109872GOMESP_2026-03-25_G97,10109872GOMESP,2026-03-25,117830,1,3,0,123.0
10109872GOMESP_2026-03-25_G98,10109872GOMESP,2026-03-25,110374,1,80,0,1192.0
10109872GOMESP_2026-03-25_G99,10109872GOMESP,2026-03-25,117820,1,45,0,210.0
10109872GOMESP_2026-03-25_G100,10109872GOMESP,2026-03-25,110373,1,100,0,127.0
10109872GOMESP_2026-03-25_G101,10109872GOMESP,2026-03-25,110372,1,230,0,738.0
10109872GOMESP_2026-03-25_G102,10109872GOMESP,2026-03-25,118299,1,150,0,324.0
10109872GOMESP_2026-03-25_G103,10109872GOMESP,2026-03-25,117808,1,800,0,1184.0
10109872GOMESP_2026-03-25_G105,10109872GOMESP,2026-03-25,111467,1,2,0,205.0
10109872GOMESP_2026-03-25_G106,10109872GOMESP,2026-03-25,111530,1,4,0,370.0
10109872GOMESP_2026-03-25_G107,10109872GOMESP,2026-03-25,141166,1,1,0,213.0
10109872GOMESP_2026-03-25_G108,10109872GOMESP,2026-03-25,110313,1,1,0,241.0
10109872GOMESP_2026-03-25_G109,10109872GOMESP,2026-03-25,111876,1,3,0,183.0
10109872GOMESP_2026-03-25_G110,10109872GOMESP,2026-03-25,111532,1,4,0,125.0
10109872GOMESP_2026-03-26_G02,10109872GOMESP,2026-03-26,110325,1,19,0,184.0
10109872GOMESP_2026-03-26_G03,10109872GOMESP,2026-03-26,109645,1,12,0,882.0
10109872GOMESP_2026-03-26_G04,10109872GOMESP,2026-03-26,117831,1,60,0,329.0
10109872GOMESP_2026-03-26_G05,10109872GOMESP,2026-03-26,107236,1,8,0,812.0
10109872GOMESP_2026-03-26_G06,10109872GOMESP,2026-03-26,111418,1,16,0,140.0
10109872GOMESP_2026-03-26_G07,10109872GOMESP,2026-03-26,110740,1,8,0,113.0
10109872GOMESP_2026-03-26_G08,10109872GOMESP,2026-03-26,111469,1,12,0,191.0
10109872GOMESP_2026-03-26_G09,10109872GOMESP,2026-03-26,111466,1,94,0,615.0
10109872GOMESP_2026-03-26_G10,10109872GOMESP,2026-03-26,111418,1,20,0,173.0
10109872GOMESP_2026-03-26_G11,10109872GOMESP,2026-03-26,107236,1,8,0,174.0
10109872GOMESP_2026-03-26_G12,10109872GOMESP,2026-03-26,110740,1,8,0,67.0
10109872GOMESP_2026-03-26_G13,10109872GOMESP,2026-03-26,111469,1,12,0,104.0
10109872GOMESP_2026-03-26_G14,10109872GOMESP,2026-03-26,111466,1,72,0,704.0
10109872GOMESP_2026-03-26_G15,10109872GOMESP,2026-03-26,111469,1,8,0,466.0
10109872GOMESP_2026-03-26_G16,10109872GOMESP,2026-03-26,111466,1,48,0,361.0
10109872GOMESP_2026-03-26_G17,10109872GOMESP,2026-03-26,110740,1,8,0,104.0
10109872GOMESP_2026-03-26_G18,10109872GOMESP,2026-03-26,110747,1,40,0,901.0
10109872GOMESP_2026-03-26_G19,10109872GOMESP,2026-03-26,110740,1,128,0,490.0
10109872GOMESP_2026-03-26_G20,10109872GOMESP,2026-03-26,111469,1,24,0,109.0
10109872GOMESP_2026-03-26_G21,10109872GOMESP,2026-03-26,111466,1,319,0,732.0
10109872GOMESP_2026-03-26_G22,10109872GOMESP,2026-03-26,110895,1,16,0,1407.0
10109872GOMESP_2026-03-26_G23,10109872GOMESP,2026-03-26,110895,2,43,11,40.0
10109872GOMESP_2026-03-26_G24,10109872GOMESP,2026-03-26,110755,1,18,0,548.0
10109872GOMESP_2026-03-26_G25,10109872GOMESP,2026-03-26,100334,2,12,18,104.0
10109872GOMESP_2026-03-26_G26,10109872GOMESP,2026-03-26,100334,3,12,31,43.0
10109872GOMESP_2026-03-26_G27,10109872GOMESP,2026-03-26,110755,1,2,0,175.0
10109872GOMESP_2026-03-26_G28,10109872GOMESP,2026-03-26,117820,1,55,0,332.0
10109872GOMESP_2026-03-26_G29,10109872GOMESP,2026-03-26,110376,1,3,0,300.0
10109872GOMESP_2026-03-26_G30,10109872GOMESP,2026-03-26,160051,1,7,0,147.0
10109872GOMESP_2026-03-26_G31,10109872GOMESP,2026-03-26,110372,1,70,0,158.0
10109872GOMESP_2026-03-26_G32,10109872GOMESP,2026-03-26,117808,1,200,0,776.0
10109872GOMESP_2026-03-26_G33,10109872GOMESP,2026-03-26,117832,1,100,0,391.0
10109872GOMESP_2026-03-26_G34,10109872GOMESP,2026-03-26,105705,1,60,0,202.0
10109872GOMESP_2026-03-26_G35,10109872GOMESP,2026-03-26,111532,1,30,0,38.0
10109872GOMESP_2026-03-26_G36,10109872GOMESP,2026-03-26,111330,1,2,0,2003.0
10109872GOMESP_2026-03-26_G37,10109872GOMESP,2026-03-26,110787,1,8,0,215.0
10109872GOMESP_2026-03-26_G38,10109872GOMESP,2026-03-26,141456,1,20,0,151.0
10109872GOMESP_2026-03-26_G39,10109872GOMESP,2026-03-26,111463,1,20,0,166.0
10109872GOMESP_2026-03-26_G40,10109872GOMESP,2026-03-26,109649,1,11,0,150.0
10109872GOMESP_2026-03-26_G41,10109872GOMESP,2026-03-26,118253,1,4,0,1046.0
10109872GOMESP_2026-03-26_G43,10109872GOMESP,2026-03-26,141318,1,4,0,61.0
10109872GOMESP_2026-03-26_G44,10109872GOMESP,2026-03-26,110339,1,8,0,139.0
10109872GOMESP_2026-03-26_G45,10109872GOMESP,2026-03-26,140922,1,8,0,188.0
10109872GOMESP_2026-03-26_G46,10109872GOMESP,2026-03-26,110787,1,13,0,223.0
10109872GOMESP_2026-03-26_G47,10109872GOMESP,2026-03-26,141456,1,10,0,140.0
10109872GOMESP_2026-03-26_G48,10109872GOMESP,2026-03-26,111463,1,10,0,256.0
10109872GOMESP_2026-03-26_G49,10109872GOMESP,2026-03-26,105705,1,2,0,182.0
10109872GOMESP_2026-03-26_G50,10109872GOMESP,2026-03-26,110372,1,6,0,90.0
10109872GOMESP_2026-03-26_G51,10109872GOMESP,2026-03-26,110681,1,3,0,396.0
10109872GOMESP_2026-03-26_G52,10109872GOMESP,2026-03-26,111438,1,18,0,169.0
10109872GOMESP_2026-03-26_G53,10109872GOMESP,2026-03-26,110311,1,4,0,382.0
10109872GOMESP_2026-03-26_G54,10109872GOMESP,2026-03-26,110742,1,2,0,157.0
10109872GOMESP_2026-03-26_G55,10109872GOMESP,2026-03-26,110423,2,12,8,90.0
10109872GOMESP_2026-03-26_G56,10109872GOMESP,2026-03-26,100334,1,6,0,245.0
10109872GOMESP_2026-03-26_G57,10109872GOMESP,2026-03-26,141369,1,2,0,287.0
10109872GOMESP_2026-03-26_G58,10109872GOMESP,2026-03-26,140923,1,100,0,70.0
10109872GOMESP_2026-03-26_G59,10109872GOMESP,2026-03-26,141166,1,13,0,858.0
10109872GOMESP_2026-03-26_G60,10109872GOMESP,2026-03-26,110756,1,9,0,121.0
10109872GOMESP_2026-03-26_G61,10109872GOMESP,2026-03-26,142093,1,200,0,646.0
10109872GOMESP_2026-03-26_G62,10109872GOMESP,2026-03-26,109649,1,53,0,258.0
10109872GOMESP_2026-03-26_G63,10109872GOMESP,2026-03-26,117789,1,2,0,945.0
10109872GOMESP_2026-03-26_G64,10109872GOMESP,2026-03-26,118352,1,2,0,155.0
10109872GOMESP_2026-03-26_G65,10109872GOMESP,2026-03-26,117836,1,2,0,113.0
10109872GOMESP_2026-03-26_G66,10109872GOMESP,2026-03-26,108031,1,2,0,57.0
10109872GOMESP_2026-03-27_G02,10109872GOMESP,2026-03-27,110741,1,4,0,259.0
10109872GOMESP_2026-03-27_G03,10109872GOMESP,2026-03-27,109647,1,4,0,107.0
10109872GOMESP_2026-03-27_G04,10109872GOMESP,2026-03-27,111439,1,2,0,76.0
10109872GOMESP_2026-03-27_G05,10109872GOMESP,2026-03-27,117837,2,20,16,160.0
10109872GOMESP_2026-03-27_G06,10109872GOMESP,2026-03-27,110339,1,5,0,269.0
10109872GOMESP_2026-03-27_G07,10109872GOMESP,2026-03-27,111876,2,12,6,314.0
10109872GOMESP_2026-03-27_G08,10109872GOMESP,2026-03-27,110787,2,15,8,90.0
10109872GOMESP_2026-03-27_G09,10109872GOMESP,2026-03-27,107236,1,1,0,104.0
10109872GOMESP_2026-03-27_G10,10109872GOMESP,2026-03-27,105705,1,2,0,132.0
10109872GOMESP_2026-03-27_G11,10109872GOMESP,2026-03-27,111466,1,12,0,161.0
10109872GOMESP_2026-03-27_G12,10109872GOMESP,2026-03-27,111462,2,67,20,145.0
10109872GOMESP_2026-03-27_G13,10109872GOMESP,2026-03-27,111462,1,100,0,492.0
10109872GOMESP_2026-03-27_G14,10109872GOMESP,2026-03-27,111446,1,2,0,304.0
10109872GOMESP_2026-03-27_G15,10109872GOMESP,2026-03-27,110325,1,13,0,185.0
10109872GOMESP_2026-03-27_G16,10109872GOMESP,2026-03-27,110711,1,80,0,781.0
10109872GOMESP_2026-03-27_G17,10109872GOMESP,2026-03-27,117832,2,45,12,206.0
10109872GOMESP_2026-03-27_G18,10109872GOMESP,2026-03-27,111348,1,13,0,1167.0
10109872GOMESP_2026-03-27_G20,10109872GOMESP,2026-03-27,108770,1,6,0,824.0
10109872GOMESP_2026-03-27_G21,10109872GOMESP,2026-03-27,111447,1,4,0,139.0
10109872GOMESP_2026-03-27_G22,10109872GOMESP,2026-03-27,111437,1,4,0,274.0
10109872GOMESP_2026-03-27_G23,10109872GOMESP,2026-03-27,110742,1,12,0,102.0
10109872GOMESP_2026-03-27_G24,10109872GOMESP,2026-03-27,110742,1,8,0,51.0
10109872GOMESP_2026-03-27_G25,10109872GOMESP,2026-03-27,111440,1,5,0,232.0
10109872GOMESP_2026-03-27_G26,10109872GOMESP,2026-03-27,110747,1,37,0,611.0
10109872GOMESP_2026-03-27_G27,10109872GOMESP,2026-03-27,141202,1,92,0,878.0
10109872GOMESP_2026-03-27_G28,10109872GOMESP,2026-03-27,142045,1,4,0,1299.0
10109872GOMESP_2026-03-27_G29,10109872GOMESP,2026-03-27,118094,1,2,0,93.0
10109872GOMESP_2026-03-27_G30,10109872GOMESP,2026-03-27,117856,1,2,0,74.0
10109872GOMESP_2026-03-27_G31,10109872GOMESP,2026-03-27,140922,1,8,0,118.0
10109872GOMESP_2026-03-27_G32,10109872GOMESP,2026-03-27,117785,1,3,0,264.0
10109872GOMESP_2026-03-27_G33,10109872GOMESP,2026-03-27,111463,1,15,0,121.0
10109872GOMESP_2026-03-27_G34,10109872GOMESP,2026-03-27,111418,1,12,0,341.0
10109872GOMESP_2026-03-27_G35,10109872GOMESP,2026-03-27,117831,1,8,0,141.0
10109872GOMESP_2026-03-27_G36,10109872GOMESP,2026-03-27,110325,1,2,0,124.0
10109872GOMESP_2026-03-27_G37,10109872GOMESP,2026-03-27,110372,1,12,0,182.0
10109872GOMESP_2026-03-27_G38,10109872GOMESP,2026-03-27,140911,1,6,0,390.0
10109872GOMESP_2026-03-27_G39,10109872GOMESP,2026-03-27,111850,1,4,0,125.0
10109872GOMESP_2026-03-27_G40,10109872GOMESP,2026-03-27,110787,1,6,0,489.0
10109872GOMESP_2026-03-27_G41,10109872GOMESP,2026-03-27,111438,1,4,0,288.0
10109872GOMESP_2026-03-27_G42,10109872GOMESP,2026-03-27,110733,1,4,0,94.0
10109872GOMESP_2026-03-27_G43,10109872GOMESP,2026-03-27,110313,1,3,0,65.0
10109872GOMESP_2026-03-27_G44,10109872GOMESP,2026-03-27,111465,1,8,0,174.0
10109872GOMESP_2026-03-27_G46,10109872GOMESP,2026-03-27,111463,1,10,0,164.0
10109872GOMESP_2026-03-27_G47,10109872GOMESP,2026-03-27,110787,2,12,10,47.0
10109872GOMESP_2026-03-27_G48,10109872GOMESP,2026-03-27,141456,2,16,7,150.0
10109872GOMESP_2026-03-27_G49,10109872GOMESP,2026-03-27,110374,1,10,0,211.0
10109872GOMESP_2026-03-27_G50,10109872GOMESP,2026-03-27,110373,1,30,0,298.0
10109872GOMESP_2026-03-27_G51,10109872GOMESP,2026-03-27,117832,1,8,0,254.0
10109872GOMESP_2026-03-27_G52,10109872GOMESP,2026-03-27,110374,1,3,0,930.0
10109872GOMESP_2026-03-27_G53,10109872GOMESP,2026-03-27,118271,1,4,0,93.0
10109872GOMESP_2026-03-27_G54,10109872GOMESP,2026-03-27,110373,1,38,0,38.0
10109872GOMESP_2026-03-27_G55,10109872GOMESP,2026-03-27,141202,1,4,0,556.0
10109872GOMESP_2026-03-27_G56,10109872GOMESP,2026-03-27,110372,1,42,0,84.0
10109872GOMESP_2026-03-27_G57,10109872GOMESP,2026-03-27,117808,1,80,0,501.0
10109872GOMESP_2026-03-27_G58,10109872GOMESP,2026-03-27,111330,1,2,0,319.0
10109872GOMESP_2026-03-27_G59,10109872GOMESP,2026-03-27,140922,1,5,0,74.0
10109872GOMESP_2026-03-27_G60,10109872GOMESP,2026-03-27,"118285, 111462",2,5,25,161.0
10109872GOMESP_2026-03-27_G61,10109872GOMESP,2026-03-27,111743,1,28,0,155.0
10109872GOMESP_2026-03-27_G62,10109872GOMESP,2026-03-27,110787,1,5,0,427.0
10109872GOMESP_2026-03-27_G63,10109872GOMESP,2026-03-27,111418,1,63,0,49.0
10109872GOMESP_2026-03-27_G64,10109872GOMESP,2026-03-27,142093,1,25,0,284.0
10109872GOMESP_2026-03-27_G65,10109872GOMESP,2026-03-27,118326,1,4,0,328.0
10109872GOMESP_2026-03-27_G66,10109872GOMESP,2026-03-27,117855,1,59,0,459.0
10109872GOMESP_2026-03-27_G67,10109872GOMESP,2026-03-27,110313,1,2,0,245.0
10109872GOMESP_2026-03-28_G02,10109872GOMESP,2026-03-28,111602,1,2,0,100.0
10109872GOMESP_2026-03-28_G03,10109872GOMESP,2026-03-28,"142093, 109640",2,5,2,162.0
10109872GOMESP_2026-03-28_G04,10109872GOMESP,2026-03-28,117809,1,1,0,101.0
10109872GOMESP_2026-03-28_G05,10109872GOMESP,2026-03-28,117820,1,4,0,74.0
10109872GOMESP_2026-03-28_G06,10109872GOMESP,2026-03-28,110325,1,3,0,102.0
10109872GOMESP_2026-03-28_G07,10109872GOMESP,2026-03-28,"110372, 117808",2,9,27,112.0
10109872GOMESP_2026-03-28_G08,10109872GOMESP,2026-03-28,109643,1,4,0,63.0
10109872GOMESP_2026-03-28_G09,10109872GOMESP,2026-03-28,117832,1,2,0,233.0
10109872GOMESP_2026-03-28_G10,10109872GOMESP,2026-03-28,118299,1,7,0,131.0
10109872GOMESP_2026-03-28_G11,10109872GOMESP,2026-03-28,110371,1,4,0,69.0
10109872GOMESP_2026-03-28_G12,10109872GOMESP,2026-03-28,117830,1,1,0,49.0
10109872GOMESP_2026-03-28_G13,10109872GOMESP,2026-03-28,141318,1,2,0,132.0
10109872GOMESP_2026-03-28_G14,10109872GOMESP,2026-03-28,110092,1,1,0,324.0
10109872GOMESP_2026-03-28_G15,10109872GOMESP,2026-03-28,107629,1,2,0,75.0
10109872GOMESP_2026-03-28_G16,10109872GOMESP,2026-03-28,140923,1,4,0,101.0
10109872GOMESP_2026-03-28_G17,10109872GOMESP,2026-03-28,141166,1,3,0,49.0
10109872GOMESP_2026-03-28_G18,10109872GOMESP,2026-03-28,110339,1,2,0,67.0
10109872GOMESP_2026-03-28_G19,10109872GOMESP,2026-03-28,110743,1,2,0,69.0
10109872GOMESP_2026-03-28_G20,10109872GOMESP,2026-03-28,108795,1,1,0,71.0
10109872GOMESP_2026-03-28_G21,10109872GOMESP,2026-03-28,111463,1,3,0,94.0
10109872GOMESP_2026-03-28_G22,10109872GOMESP,2026-03-28,110787,1,3,0,50.0
10109872GOMESP_2026-03-28_G23,10109872GOMESP,2026-03-28,108798,1,2,0,108.0
10109872GOMESP_2026-03-28_G24,10109872GOMESP,2026-03-28,142093,1,2,0,73.0
10109872GOMESP_2026-03-28_G25,10109872GOMESP,2026-03-28,118299,1,2,0,176.0
10109872GOMESP_2026-03-28_G26,10109872GOMESP,2026-03-28,111430,1,8,0,634.0
10109872GOMESP_2026-03-28_G27,10109872GOMESP,2026-03-28,108770,1,2,0,239.0
10109872GOMESP_2026-03-28_G28,10109872GOMESP,2026-03-28,140911,1,5,0,213.0
10109872GOMESP_2026-03-28_G29,10109872GOMESP,2026-03-28,140923,1,1,0,372.0
10109872GOMESP_2026-03-28_G30,10109872GOMESP,2026-03-28,111743,1,1,0,71.0
10109872GOMESP_2026-03-28_G31,10109872GOMESP,2026-03-28,141457,1,4,0,49.0
10109872GOMESP_2026-03-28_G32,10109872GOMESP,2026-03-28,109641,1,4,0,128.0
10109872GOMESP_2026-03-28_G33,10109872GOMESP,2026-03-28,111463,1,2,0,54.0
10109872GOMESP_2026-03-28_G34,10109872GOMESP,2026-03-28,110787,1,3,0,67.0
10109872GOMESP_2026-03-28_G35,10109872GOMESP,2026-03-28,141456,1,2,0,78.0
10109872GOMESP_2026-03-28_G36,10109872GOMESP,2026-03-28,142093,1,4,0,131.0
10109872GOMESP_2026-03-28_G37,10109872GOMESP,2026-03-28,105705,1,2,0,99.0
10109872GOMESP_2026-03-28_G38,10109872GOMESP,2026-03-28,117809,1,4,0,111.0
10109872GOMESP_2026-03-28_G39,10109872GOMESP,2026-03-28,117820,1,6,0,67.0
10109872GOMESP_2026-03-28_G40,10109872GOMESP,2026-03-28,141202,1,2,0,84.0
10109872GOMESP_2026-03-28_G41,10109872GOMESP,2026-03-28,117832,1,4,0,102.0
10109872GOMESP_2026-03-28_G42,10109872GOMESP,2026-03-28,118299,1,10,0,304.0
10109872GOMESP_2026-03-28_G43,10109872GOMESP,2026-03-28,111569,1,20,0,1541.0
10109872GOMESP_2026-03-28_G44,10109872GOMESP,2026-03-28,118229,1,4,0,290.0
10109872GOMESP_2026-03-28_G45,10109872GOMESP,2026-03-28,117289,1,40,0,489.0
10109872GOMESP_2026-03-28_G46,10109872GOMESP,2026-03-28,111569,1,2,0,1199.0
10109872GOMESP_2026-03-28_G47,10109872GOMESP,2026-03-28,100334,1,4,0,99.0
10109872GOMESP_2026-03-28_G48,10109872GOMESP,2026-03-28,111439,1,1,0,92.0
10109872GOMESP_2026-03-28_G49,10109872GOMESP,2026-03-28,111435,1,2,0,156.0
10109872GOMESP_2026-03-28_G50,10109872GOMESP,2026-03-28,140922,1,4,0,89.0
10109872GOMESP_2026-03-28_G51,10109872GOMESP,2026-03-28,111469,1,6,0,99.0
10109872GOMESP_2026-03-28_G52,10109872GOMESP,2026-03-28,111462,1,1,0,102.0
10109872GOMESP_2026-03-28_G53,10109872GOMESP,2026-03-28,111433,1,1,0,71.0
10109872GOMESP_2026-03-28_G54,10109872GOMESP,2026-03-28,111463,1,3,0,278.0
10109872GOMESP_2026-03-28_G55,10109872GOMESP,2026-03-28,111418,1,12,0,176.0
10109872GOMESP_2026-03-28_G56,10109872GOMESP,2026-03-28,111468,1,2,0,72.0
10109872GOMESP_2026-03-28_G57,10109872GOMESP,2026-03-28,111466,1,8,0,104.0
10109872GOMESP_2026-03-28_G58,10109872GOMESP,2026-03-28,110374,1,12,0,223.0
10109872GOMESP_2026-03-28_G59,10109872GOMESP,2026-03-28,110373,1,15,0,234.0
10109872GOMESP_2026-03-28_G60,10109872GOMESP,2026-03-28,110325,1,9,0,419.0
10109872GOMESP_2026-03-28_G61,10109872GOMESP,2026-03-28,110372,1,20,0,187.0
10109872GOMESP_2026-03-28_G62,10109872GOMESP,2026-03-28,117808,1,30,0,206.0
10109872GOMESP_2026-03-28_G63,10109872GOMESP,2026-03-28,110313,1,3,0,150.0
10109872GOMESP_2026-03-28_G64,10109872GOMESP,2026-03-28,111530,1,10,0,183.0
10109872GOMESP_2026-03-28_G65,10109872GOMESP,2026-03-28,109640,1,12,0,161.0
10109872GOMESP_2026-03-28_G66,10109872GOMESP,2026-03-28,117834,1,36,0,400.0
10109872GOMESP_2026-03-28_G67,10109872GOMESP,2026-03-28,109640,1,4,0,190.0
10109872GOMESP_2026-03-28_G68,10109872GOMESP,2026-03-28,111430,1,8,0,2684.0
10109872GOMESP_2026-03-28_G69,10109872GOMESP,2026-03-28,110313,1,4,0,71.0
10109872GOMESP_2026-03-28_G70,10109872GOMESP,2026-03-28,142093,2,14,9,129.0
10109872GOMESP_2026-03-28_G71,10109872GOMESP,2026-03-28,117853,1,4,0,144.0
10109872GOMESP_2026-03-28_G72,10109872GOMESP,2026-03-28,117837,1,2,0,918.0
10109872GOMESP_2026-03-28_G73,10109872GOMESP,2026-03-28,141066,1,4,0,79.0
10109872GOMESP_2026-03-28_G74,10109872GOMESP,2026-03-28,111348,1,4,0,284.0
10109872GOMESP_2026-03-28_G75,10109872GOMESP,2026-03-28,110374,1,4,0,59.0
10109872GOMESP_2026-03-28_G76,10109872GOMESP,2026-03-28,117820,1,4,0,71.0
10109872GOMESP_2026-03-28_G77,10109872GOMESP,2026-03-28,110372,1,8,0,135.0
10109872GOMESP_2026-03-28_G78,10109872GOMESP,2026-03-28,118299,1,10,0,127.0
10109872GOMESP_2026-03-28_G79,10109872GOMESP,2026-03-28,110371,1,10,0,139.0
10109872GOMESP_2026-03-28_G81,10109872GOMESP,2026-03-28,142045,1,2,0,113.0
10109872GOMESP_2026-03-28_G82,10109872GOMESP,2026-03-28,111530,1,40,0,316.0
10109872GOMESP_2026-03-28_G83,10109872GOMESP,2026-03-28,109640,1,2,0,284.0
10109872GOMESP_2026-03-28_G84,10109872GOMESP,2026-03-28,111469,1,20,0,102.0
10109872GOMESP_2026-03-28_G85,10109872GOMESP,2026-03-28,111466,1,20,0,510.0
10109872GOMESP_2026-03-28_G86,10109872GOMESP,2026-03-28,140911,2,6,7,213.0
10109872GOMESP_2026-03-28_G87,10109872GOMESP,2026-03-28,111442,2,8,10,261.0
10109872GOMESP_2026-03-28_G88,10109872GOMESP,2026-03-28,110895,1,14,0,301.0
10109872GOMESP_2026-03-28_G89,10109872GOMESP,2026-03-28,111530,1,28,0,562.0
10109872GOMESP_2026-03-30_G02,10109872GOMESP,2026-03-30,141916,1,4,0,206.0
10109872GOMESP_2026-03-30_G03,10109872GOMESP,2026-03-30,108770,1,4,0,99.0
10109872GOMESP_2026-03-30_G04,10109872GOMESP,2026-03-30,111569,2,4,7,59.0
10109872GOMESP_2026-03-30_G05,10109872GOMESP,2026-03-30,140922,1,8,0,307.0
10109872GOMESP_2026-03-30_G06,10109872GOMESP,2026-03-30,111462,1,4,0,85.0
10109872GOMESP_2026-03-30_G07,10109872GOMESP,2026-03-30,111465,1,2,0,31.0
10109872GOMESP_2026-03-30_G08,10109872GOMESP,2026-03-30,141456,1,12,0,287.0
10109872GOMESP_2026-03-30_G09,10109872GOMESP,2026-03-30,141457,1,8,0,322.0
10109872GOMESP_2026-03-30_G10,10109872GOMESP,2026-03-30,"111463, 111532",2,17,13,152.0
10109872GOMESP_2026-03-30_G11,10109872GOMESP,2026-03-30,111418,1,16,0,354.0
10109872GOMESP_2026-03-30_G12,10109872GOMESP,2026-03-30,117833,1,4,0,54.0
10109872GOMESP_2026-03-30_G13,10109872GOMESP,2026-03-30,111468,1,6,0,236.0
10109872GOMESP_2026-03-30_G14,10109872GOMESP,2026-03-30,142093,1,8,0,79.0
10109872GOMESP_2026-03-30_G15,10109872GOMESP,2026-03-30,111466,1,7,0,89.0
10109872GOMESP_2026-03-30_G16,10109872GOMESP,2026-03-30,141458,1,8,0,97.0
10109872GOMESP_2026-03-30_G17,10109872GOMESP,2026-03-30,111469,1,12,0,180.0
10109872GOMESP_2026-03-30_G18,10109872GOMESP,2026-03-30,110371,1,8,0,220.0
10109872GOMESP_2026-03-30_G19,10109872GOMESP,2026-03-30,117830,1,4,0,66.0
10109872GOMESP_2026-03-30_G20,10109872GOMESP,2026-03-30,118416,1,4,0,1057.0
10109872GOMESP_2026-03-30_G21,10109872GOMESP,2026-03-30,117786,2,60,14,37.0
10109872GOMESP_2026-03-30_G22,10109872GOMESP,2026-03-30,117786,3,46,11,306.0
10109872GOMESP_2026-03-30_G23,10109872GOMESP,2026-03-30,111439,2,3,4,519.0
10109872GOMESP_2026-03-30_G24,10109872GOMESP,2026-03-30,117855,4,59,37,45.0
10109872GOMESP_2026-03-30_G25,10109872GOMESP,2026-03-30,140923,3,66,33,622.0
10109872GOMESP_2026-03-30_G26,10109872GOMESP,2026-03-30,140923,1,49,0,268.0
10109872GOMESP_2026-03-30_G27,10109872GOMESP,2026-03-30,117856,1,34,0,531.0
10109872GOMESP_2026-03-30_G28,10109872GOMESP,2026-03-30,117856,1,35,0,170.0
10109872GOMESP_2026-03-30_G29,10109872GOMESP,2026-03-30,110339,3,27,15,263.0
10109872GOMESP_2026-03-30_G30,10109872GOMESP,2026-03-30,109640,5,52,29,365.0
10109872GOMESP_2026-03-30_G31,10109872GOMESP,2026-03-30,110313,1,14,0,536.0
10109872GOMESP_2026-03-30_G32,10109872GOMESP,2026-03-30,118416,2,7,5,104.0
10109872GOMESP_2026-03-30_G33,10109872GOMESP,2026-03-30,117862,4,61,22,136.0
10109872GOMESP_2026-03-30_G34,10109872GOMESP,2026-03-30,110063,1,2,0,628.0
10109872GOMESP_2026-03-30_G35,10109872GOMESP,2026-03-30,117830,1,2,0,120.0
10109872GOMESP_2026-03-30_G36,10109872GOMESP,2026-03-30,117809,1,59,0,189.0
10109872GOMESP_2026-03-30_G37,10109872GOMESP,2026-03-30,"110375, 117808",2,7,11,372.0
10109872GOMESP_2026-03-30_G38,10109872GOMESP,2026-03-30,111743,1,49,0,111.0
10109872GOMESP_2026-03-30_G39,10109872GOMESP,2026-03-30,117831,1,76,0,601.0
10109872GOMESP_2026-03-30_G40,10109872GOMESP,2026-03-30,108770,1,1,0,805.0
10109872GOMESP_2026-03-30_G41,10109872GOMESP,2026-03-30,142093,1,4,0,92.0
10109872GOMESP_2026-03-30_G42,10109872GOMESP,2026-03-30,109640,1,3,0,59.0
10109872GOMESP_2026-03-30_G43,10109872GOMESP,2026-03-30,140911,1,4,0,72.0
10109872GOMESP_2026-03-30_G44,10109872GOMESP,2026-03-30,109647,1,2,0,440.0
10109872GOMESP_2026-03-30_G45,10109872GOMESP,2026-03-30,140923,1,2,0,125.0
10109872GOMESP_2026-03-30_G46,10109872GOMESP,2026-03-30,141047,1,1,0,96.0
10109872GOMESP_2026-03-30_G47,10109872GOMESP,2026-03-30,111530,1,3,0,103.0
10109872GOMESP_2026-03-30_G48,10109872GOMESP,2026-03-30,111462,1,2,0,94.0
10109872GOMESP_2026-03-30_G49,10109872GOMESP,2026-03-30,105705,1,2,0,64.0
10109872GOMESP_2026-03-30_G50,10109872GOMESP,2026-03-30,141271,1,4,0,110.0
10109872GOMESP_2026-03-30_G51,10109872GOMESP,2026-03-30,110787,1,4,0,126.0
10109872GOMESP_2026-03-30_G52,10109872GOMESP,2026-03-30,111418,1,3,0,75.0
10109872GOMESP_2026-03-30_G53,10109872GOMESP,2026-03-30,108794,2,4,6,39.0
10109872GOMESP_2026-03-30_G54,10109872GOMESP,2026-03-30,107236,1,4,0,133.0
10109872GOMESP_2026-03-30_G55,10109872GOMESP,2026-03-30,117820,1,2,0,133.0
10109872GOMESP_2026-03-30_G56,10109872GOMESP,2026-03-30,110325,1,2,0,81.0
10109872GOMESP_2026-03-30_G57,10109872GOMESP,2026-03-30,117822,1,2,0,90.0
10109872GOMESP_2026-03-30_G58,10109872GOMESP,2026-03-30,142093,1,6,0,2082.0
10109872GOMESP_2026-03-30_G59,10109872GOMESP,2026-03-30,110742,1,4,0,203.0
10109872GOMESP_2026-03-30_G60,10109872GOMESP,2026-03-30,117786,1,12,0,142.0
10109872GOMESP_2026-03-30_G61,10109872GOMESP,2026-03-30,110711,1,8,0,133.0
10109872GOMESP_2026-03-30_G62,10109872GOMESP,2026-03-30,111602,1,40,0,80.0
10109872GOMESP_2026-03-30_G63,10109872GOMESP,2026-03-30,117838,1,4,0,442.0
10109872GOMESP_2026-03-30_G64,10109872GOMESP,2026-03-30,109640,1,4,0,224.0
10109872GOMESP_2026-03-30_G65,10109872GOMESP,2026-03-30,110752,1,2,0,436.0
10109872GOMESP_2026-03-30_G66,10109872GOMESP,2026-03-30,109640,1,4,0,119.0
10109872GOMESP_2026-03-30_G67,10109872GOMESP,2026-03-30,111602,1,6,0,109.0
10109872GOMESP_2026-03-30_G68,10109872GOMESP,2026-03-30,107236,1,4,0,115.0
10109872GOMESP_2026-03-30_G69,10109872GOMESP,2026-03-30,117831,1,4,0,66.0
10109872GOMESP_2026-03-30_G70,10109872GOMESP,2026-03-30,110373,1,8,0,128.0
10109872GOMESP_2026-03-30_G71,10109872GOMESP,2026-03-30,109643,1,2,0,91.0
10109872GOMESP_2026-03-30_G72,10109872GOMESP,2026-03-30,117822,1,2,0,91.0
10109872GOMESP_2026-03-30_G73,10109872GOMESP,2026-03-30,109640,1,8,0,442.0
10109872GOMESP_2026-03-30_G74,10109872GOMESP,2026-03-30,111530,1,6,0,162.0
10109872GOMESP_2026-03-30_G75,10109872GOMESP,2026-03-30,109640,1,18,0,354.0
10109872GOMESP_2026-03-30_G77,10109872GOMESP,2026-03-30,141166,1,2,0,230.0
10109872GOMESP_2026-03-30_G78,10109872GOMESP,2026-03-30,117855,1,4,0,96.0
10109872GOMESP_2026-03-30_G79,10109872GOMESP,2026-03-30,141047,1,2,0,76.0
10109872GOMESP_2026-03-30_G80,10109872GOMESP,2026-03-30,109640,2,4,7,52.0
10109872GOMESP_2026-03-30_G81,10109872GOMESP,2026-03-30,111463,1,5,0,134.0
10109872GOMESP_2026-03-30_G82,10109872GOMESP,2026-03-30,110787,2,5,5,68.0
10109872GOMESP_2026-03-30_G83,10109872GOMESP,2026-03-30,111418,1,8,0,121.0
10109872GOMESP_2026-03-30_G84,10109872GOMESP,2026-03-30,141458,1,1,0,85.0
10109872GOMESP_2026-03-30_G85,10109872GOMESP,2026-03-30,110374,1,2,0,117.0
10109872GOMESP_2026-03-30_G86,10109872GOMESP,2026-03-30,117809,1,4,0,55.0
10109872GOMESP_2026-03-30_G87,10109872GOMESP,2026-03-30,110373,1,35,0,253.0
10109872GOMESP_2026-03-30_G88,10109872GOMESP,2026-03-30,111440,1,2,0,284.0
10109872GOMESP_2026-03-30_G89,10109872GOMESP,2026-03-30,109643,1,14,0,465.0
10109872GOMESP_2026-03-30_G90,10109872GOMESP,2026-03-30,110375,1,2,0,32.0
10109872GOMESP_2026-03-30_G91,10109872GOMESP,2026-03-30,117808,1,21,0,154.0
10109872GOMESP_2026-03-30_G92,10109872GOMESP,2026-03-30,"110371, 110372",2,44,17,121.0
10109872GOMESP_2026-03-31_G02,10109872GOMESP,2026-03-31,117808,1,60,0,617.0
10109872GOMESP_2026-03-31_G03,10109872GOMESP,2026-03-31,140957,1,20,0,1145.0
10109872GOMESP_2026-03-31_G04,10109872GOMESP,2026-03-31,110581,1,4,0,168.0
10109872GOMESP_2026-03-31_G05,10109872GOMESP,2026-03-31,111650,1,5,0,279.0
10109872GOMESP_2026-03-31_G06,10109872GOMESP,2026-03-31,108361,1,4,0,207.0
10109872GOMESP_2026-03-31_G07,10109872GOMESP,2026-03-31,111353,1,1,0,42.0
10109872GOMESP_2026-03-31_G08,10109872GOMESP,2026-03-31,110063,1,4,0,662.0
10109872GOMESP_2026-03-31_G09,10109872GOMESP,2026-03-31,110332,1,6,0,127.0
10109872GOMESP_2026-03-31_G10,10109872GOMESP,2026-03-31,111763,1,4,0,120.0
10109872GOMESP_2026-03-31_G11,10109872GOMESP,2026-03-31,102851,1,4,0,481.0
10109872GOMESP_2026-03-31_G12,10109872GOMESP,2026-03-31,110583,1,6,0,340.0
10109872GOMESP_2026-03-31_G13,10109872GOMESP,2026-03-31,117948,1,1,0,66.0
10109872GOMESP_2026-03-31_G14,10109872GOMESP,2026-03-31,110030,1,2,0,81.0
10109872GOMESP_2026-03-31_G15,10109872GOMESP,2026-03-31,111404,1,4,0,122.0
10109872GOMESP_2026-03-31_G16,10109872GOMESP,2026-03-31,118364,1,3,0,199.0
10109872GOMESP_2026-03-31_G17,10109872GOMESP,2026-03-31,104308,1,1,0,171.0
10109872GOMESP_2026-03-31_G18,10109872GOMESP,2026-03-31,103149,1,4,0,183.0
10109872GOMESP_2026-03-31_G19,10109872GOMESP,2026-03-31,107254,1,4,0,72.0
10109872GOMESP_2026-03-31_G20,10109872GOMESP,2026-03-31,108031,1,1,0,70.0
10109872GOMESP_2026-03-31_G21,10109872GOMESP,2026-03-31,111780,1,1,0,56.0
10109872GOMESP_2026-03-31_G22,10109872GOMESP,2026-03-31,109873,1,4,0,169.0
10109872GOMESP_2026-03-31_G23,10109872GOMESP,2026-03-31,110681,1,4,0,444.0
10109872GOMESP_2026-03-31_G24,10109872GOMESP,2026-03-31,111090,1,4,0,214.0
10109872GOMESP_2026-03-31_G25,10109872GOMESP,2026-03-31,111851,1,4,0,89.0
10109872GOMESP_2026-03-31_G26,10109872GOMESP,2026-03-31,109384,1,4,0,91.0
10109872GOMESP_2026-03-31_G27,10109872GOMESP,2026-03-31,110578,1,4,0,309.0
10109872GOMESP_2026-03-31_G28,10109872GOMESP,2026-03-31,105167,1,4,0,69.0
10109872GOMESP_2026-03-31_G29,10109872GOMESP,2026-03-31,118299,1,340,0,1853.0
10109872GOMESP_2026-03-31_G30,10109872GOMESP,2026-03-31,108410,1,2,0,324.0
10109872GOMESP_2026-03-31_G31,10109872GOMESP,2026-03-31,141916,3,10,19,235.0
10109872GOMESP_2026-03-31_G32,10109872GOMESP,2026-03-31,108770,1,2,0,135.0
10109872GOMESP_2026-03-31_G33,10109872GOMESP,2026-03-31,110711,1,5,0,113.0
10109872GOMESP_2026-03-31_G34,10109872GOMESP,2026-03-31,109640,3,45,15,314.0
10109872GOMESP_2026-03-31_G35,10109872GOMESP,2026-03-31,111530,1,61,0,317.0
10109872GOMESP_2026-03-31_G36,10109872GOMESP,2026-03-31,111530,1,48,0,115.0
10109872GOMESP_2026-03-31_G37,10109872GOMESP,2026-03-31,111602,1,129,0,404.0
10109872GOMESP_2026-03-31_G38,10109872GOMESP,2026-03-31,111602,2,106,8,232.0
10109872GOMESP_2026-03-31_G39,10109872GOMESP,2026-03-31,110313,1,4,0,267.0
10109872GOMESP_2026-03-31_G40,10109872GOMESP,2026-03-31,110313,1,30,0,106.0
10109872GOMESP_2026-03-31_G41,10109872GOMESP,2026-03-31,109645,1,50,0,500.0
10109872GOMESP_2026-03-31_G42,10109872GOMESP,2026-03-31,111532,1,70,0,636.0
10109872GOMESP_2026-03-31_G43,10109872GOMESP,2026-03-31,111463,1,41,0,176.0
10109872GOMESP_2026-03-31_G44,10109872GOMESP,2026-03-31,110372,1,205,0,1503.0
10109872GOMESP_2026-03-31_G45,10109872GOMESP,2026-03-31,110325,1,9,0,126.0
10109872GOMESP_2026-03-31_G46,10109872GOMESP,2026-03-31,117840,2,4,6,52.0
10109872GOMESP_2026-03-31_G47,10109872GOMESP,2026-03-31,117832,2,68,10,687.0
10109872GOMESP_2026-03-31_G48,10109872GOMESP,2026-03-31,110371,1,13,0,343.0
10109872GOMESP_2026-03-31_G49,10109872GOMESP,2026-03-31,110374,1,35,0,282.0
10109872GOMESP_2026-03-31_G50,10109872GOMESP,2026-03-31,110373,1,13,0,439.0
10109872GOMESP_2026-03-31_G51,10109872GOMESP,2026-03-31,111348,1,9,0,159.0
10109872GOMESP_2026-03-31_G52,10109872GOMESP,2026-03-31,109645,2,13,6,94.0
10109872GOMESP_2026-03-31_G53,10109872GOMESP,2026-03-31,110743,2,4,7,138.0
10109872GOMESP_2026-03-31_G55,10109872GOMESP,2026-03-31,109645,1,2,0,94.0
10109872GOMESP_2026-03-31_G56,10109872GOMESP,2026-03-31,111442,1,10,0,120.0
10109872GOMESP_2026-03-31_G57,10109872GOMESP,2026-03-31,108770,1,4,0,165.0
10109872GOMESP_2026-03-31_G58,10109872GOMESP,2026-03-31,108794,1,4,0,115.0
10109872GOMESP_2026-03-31_G59,10109872GOMESP,2026-03-31,108770,1,4,0,201.0
10109872GOMESP_2026-03-31_G60,10109872GOMESP,2026-03-31,111172,1,4,0,145.0
10109872GOMESP_2026-03-31_G61,10109872GOMESP,2026-03-31,111532,1,8,0,139.0
10109872GOMESP_2026-03-31_G62,10109872GOMESP,2026-03-31,108711,1,8,0,141.0
10109872GOMESP_2026-03-31_G63,10109872GOMESP,2026-03-31,116241,1,6,0,918.0
10109872GOMESP_2026-03-31_G64,10109872GOMESP,2026-03-31,108770,1,2,0,276.0
10109872GOMESP_2026-03-31_G65,10109872GOMESP,2026-03-31,117834,1,2,0,246.0
10109872GOMESP_2026-03-31_G66,10109872GOMESP,2026-03-31,108770,1,4,0,110.0
10109872GOMESP_2026-03-31_G67,10109872GOMESP,2026-03-31,110747,1,2,0,130.0
10109872GOMESP_2026-03-31_G68,10109872GOMESP,2026-03-31,110754,1,4,0,291.0
10109872GOMESP_2026-03-31_G69,10109872GOMESP,2026-03-31,110752,1,2,0,159.0
10109872GOMESP_2026-03-31_G70,10109872GOMESP,2026-03-31,108361,1,4,0,115.0
10109872GOMESP_2026-03-31_G71,10109872GOMESP,2026-03-31,"140922, 117842",2,9,9,189.0
10109872GOMESP_2026-03-31_G72,10109872GOMESP,2026-03-31,111348,1,4,0,221.0
10109872GOMESP_2026-03-31_G73,10109872GOMESP,2026-03-31,117821,1,8,0,220.0
10109872GOMESP_2026-03-31_G74,10109872GOMESP,2026-03-31,110743,1,3,0,48.0
10109872GOMESP_2026-03-31_G75,10109872GOMESP,2026-03-31,141457,1,8,0,100.0
10109872GOMESP_2026-03-31_G76,10109872GOMESP,2026-03-31,111463,1,8,0,99.0
10109872GOMESP_2026-03-31_G77,10109872GOMESP,2026-03-31,142093,1,8,0,132.0
10109872GOMESP_2026-03-31_G78,10109872GOMESP,2026-03-31,110740,1,4,0,105.0
10109872GOMESP_2026-03-31_G79,10109872GOMESP,2026-03-31,117831,1,8,0,233.0
10109872GOMESP_2026-03-31_G80,10109872GOMESP,2026-03-31,141458,1,4,0,79.0
10109872GOMESP_2026-03-31_G81,10109872GOMESP,2026-03-31,110374,1,8,0,186.0
10109872GOMESP_2026-03-31_G82,10109872GOMESP,2026-03-31,117809,1,4,0,64.0
10109872GOMESP_2026-03-31_G83,10109872GOMESP,2026-03-31,117820,1,8,0,112.0
10109872GOMESP_2026-03-31_G84,10109872GOMESP,2026-03-31,110373,1,8,0,139.0
10109872GOMESP_2026-03-31_G85,10109872GOMESP,2026-03-31,110325,2,16,5,146.0
10109872GOMESP_2026-03-31_G86,10109872GOMESP,2026-03-31,110376,1,4,0,153.0
10109872GOMESP_2026-03-31_G87,10109872GOMESP,2026-03-31,110375,1,4,0,64.0
10109872GOMESP_2026-03-31_G88,10109872GOMESP,2026-03-31,117832,1,8,0,98.0
10109882AGUIARA_2025-06-23_G02,10109882AGUIARA,2025-06-23,110080,1,1,0,270.0
10109882AGUIARA_2025-06-23_G03,10109882AGUIARA,2025-06-23,110484,1,2,0,1046.0
10109882AGUIARA_2025-06-23_G04,10109882AGUIARA,2025-06-23,110081,1,1,0,883.0
10109882AGUIARA_2025-06-23_G05,10109882AGUIARA,2025-06-23,111112,1,3,0,1844.0
10109882AGUIARA_2025-06-23_G06,10109882AGUIARA,2025-06-23,111793,1,7,0,486.0
10109882AGUIARA_2025-06-23_G07,10109882AGUIARA,2025-06-23,118306,1,12,0,367.0
10109882AGUIARA_2025-06-23_G08,10109882AGUIARA,2025-06-23,111110,1,1,0,157.0
10109882AGUIARA_2025-06-23_G09,10109882AGUIARA,2025-06-23,110310,1,6,0,1595.0
10109882AGUIARA_2025-06-24_G02,10109882AGUIARA,2025-06-24,108701,1,2,0,447.0
10109882AGUIARA_2025-06-24_G04,10109882AGUIARA,2025-06-24,117862,1,6,0,129.0
10109882AGUIARA_2025-06-24_G05,10109882AGUIARA,2025-06-24,111876,1,4,0,496.0
10109882AGUIARA_2025-06-24_G06,10109882AGUIARA,2025-06-24,111650,1,4,0,386.0
10109882AGUIARA_2025-06-24_G07,10109882AGUIARA,2025-06-24,117855,1,10,0,310.0
10109882AGUIARA_2025-06-24_G09,10109882AGUIARA,2025-06-24,111418,1,2,0,256.0
10109882AGUIARA_2025-06-24_G10,10109882AGUIARA,2025-06-24,110787,1,5,0,138.0
10109882AGUIARA_2025-06-24_G11,10109882AGUIARA,2025-06-24,111530,1,2,0,129.0
10109882AGUIARA_2025-06-24_G12,10109882AGUIARA,2025-06-24,111602,1,1,0,106.0
10109882AGUIARA_2025-06-24_G13,10109882AGUIARA,2025-06-24,111441,1,2,0,136.0
10109882AGUIARA_2025-06-24_G14,10109882AGUIARA,2025-06-24,100334,1,2,0,210.0
10109882AGUIARA_2025-06-24_G15,10109882AGUIARA,2025-06-24,100334,1,6,0,1301.0
10109882AGUIARA_2025-06-24_G16,10109882AGUIARA,2025-06-24,110895,1,8,0,293.0
10109882AGUIARA_2025-06-24_G17,10109882AGUIARA,2025-06-24,118222,1,3,0,530.0
10109882AGUIARA_2025-06-24_G18,10109882AGUIARA,2025-06-24,111530,1,4,0,189.0
10109882AGUIARA_2025-06-24_G19,10109882AGUIARA,2025-06-24,111602,1,14,0,413.0
10109882AGUIARA_2025-06-24_G20,10109882AGUIARA,2025-06-24,110740,1,4,0,244.0
10109882AGUIARA_2025-06-24_G21,10109882AGUIARA,2025-06-24,111532,1,5,0,253.0
10109882AGUIARA_2025-06-24_G22,10109882AGUIARA,2025-06-24,110787,1,30,0,1343.0
10109882AGUIARA_2025-06-24_G23,10109882AGUIARA,2025-06-24,160055,1,2,0,295.0
10109882AGUIARA_2025-06-24_G24,10109882AGUIARA,2025-06-24,111441,1,4,0,247.0
10109882AGUIARA_2025-06-24_G25,10109882AGUIARA,2025-06-24,111440,1,4,0,147.0
10109882AGUIARA_2025-06-25_G02,10109882AGUIARA,2025-06-25,111438,1,4,0,331.0
10109882AGUIARA_2025-06-25_G03,10109882AGUIARA,2025-06-25,110741,1,16,0,804.0
10109882AGUIARA_2025-06-25_G04,10109882AGUIARA,2025-06-25,117935,1,1,0,177.0
10109882AGUIARA_2025-06-25_G05,10109882AGUIARA,2025-06-25,117935,1,59,0,918.0
10109882AGUIARA_2025-06-25_G06,10109882AGUIARA,2025-06-25,111602,1,14,0,593.0
10109882AGUIARA_2025-06-25_G07,10109882AGUIARA,2025-06-25,111602,1,24,0,2166.0
10109882AGUIARA_2025-06-25_G08,10109882AGUIARA,2025-06-25,118094,1,24,0,523.0
10109882AGUIARA_2025-06-25_G09,10109882AGUIARA,2025-06-25,109640,1,43,0,1404.0
10109882AGUIARA_2025-06-25_G10,10109882AGUIARA,2025-06-25,117856,1,21,0,1135.0
10109882AGUIARA_2025-06-29_G02,10109882AGUIARA,2025-06-29,110533,1,2,0,199.0
10109882AGUIARA_2025-06-29_G03,10109882AGUIARA,2025-06-29,111660,1,68,0,3464.0
10109882AGUIARA_2025-06-30_G02,10109882AGUIARA,2025-06-30,141066,1,8,0,1043.0
10109882AGUIARA_2025-06-30_G03,10109882AGUIARA,2025-06-30,118299,1,8,0,667.0
10109882AGUIARA_2025-06-30_G04,10109882AGUIARA,2025-06-30,141066,1,8,0,522.0
10109882AGUIARA_2025-06-30_G05,10109882AGUIARA,2025-06-30,107892,1,4,0,267.0
10109882AGUIARA_2025-06-30_G06,10109882AGUIARA,2025-06-30,107892,1,4,0,1152.0
10109882AGUIARA_2025-06-30_G07,10109882AGUIARA,2025-06-30,107892,1,4,0,144.0
10109882AGUIARA_2025-06-30_G08,10109882AGUIARA,2025-06-30,107892,1,4,0,164.0
10109882AGUIARA_2025-07-02_G02,10109882AGUIARA,2025-07-02,110325,1,1,0,93.0
10109882AGUIARA_2025-07-02_G03,10109882AGUIARA,2025-07-02,117809,1,2,0,85.0
10109882AGUIARA_2025-07-02_G04,10109882AGUIARA,2025-07-02,117808,1,20,0,744.0
10109882AGUIARA_2025-07-02_G05,10109882AGUIARA,2025-07-02,118299,1,17,0,381.0
10109882AGUIARA_2025-07-02_G06,10109882AGUIARA,2025-07-02,117820,1,6,0,181.0
10109882AGUIARA_2025-07-02_G07,10109882AGUIARA,2025-07-02,111462,1,2,0,369.0
10109882AGUIARA_2025-07-02_G08,10109882AGUIARA,2025-07-02,141823,1,2,0,208.0
10109882AGUIARA_2025-07-02_G09,10109882AGUIARA,2025-07-02,118403,1,6,0,778.0
10109882AGUIARA_2025-07-02_G10,10109882AGUIARA,2025-07-02,117856,1,7,0,221.0
10109882AGUIARA_2025-07-02_G11,10109882AGUIARA,2025-07-02,118222,1,11,0,824.0
10109882AGUIARA_2025-07-02_G12,10109882AGUIARA,2025-07-02,118306,1,40,0,508.0
10109882AGUIARA_2025-07-02_G13,10109882AGUIARA,2025-07-02,118140,1,1,0,1062.0
10109882AGUIARA_2025-07-02_G14,10109882AGUIARA,2025-07-02,117856,1,2,0,1614.0
10109882AGUIARA_2025-07-02_G15,10109882AGUIARA,2025-07-02,117935,1,184,0,1932.0
10109882AGUIARA_2025-07-02_G16,10109882AGUIARA,2025-07-02,117834,1,7,0,250.0
10109882AGUIARA_2025-07-03_G02,10109882AGUIARA,2025-07-03,117832,1,150,0,3378.0
10109882AGUIARA_2025-07-03_G04,10109882AGUIARA,2025-07-03,110752,1,2,0,127.0
10109882AGUIARA_2025-07-03_G05,10109882AGUIARA,2025-07-03,117808,1,4,0,113.0
10109882AGUIARA_2025-07-03_G06,10109882AGUIARA,2025-07-03,118222,1,3,0,879.0
10109882AGUIARA_2025-07-03_G07,10109882AGUIARA,2025-07-03,118250,1,4,0,224.0
10109882AGUIARA_2025-07-03_G08,10109882AGUIARA,2025-07-03,117785,1,8,0,528.0
10109882AGUIARA_2025-07-03_G09,10109882AGUIARA,2025-07-03,111418,1,10,0,235.0
10109882AGUIARA_2025-07-03_G10,10109882AGUIARA,2025-07-03,111462,1,6,0,164.0
10109882AGUIARA_2025-07-03_G11,10109882AGUIARA,2025-07-03,118317,1,6,0,548.0
10109882AGUIARA_2025-07-03_G12,10109882AGUIARA,2025-07-03,117808,1,4,0,173.0
10109882AGUIARA_2025-07-04_G02,10109882AGUIARA,2025-07-04,110339,1,8,0,154.0
10109882AGUIARA_2025-07-04_G03,10109882AGUIARA,2025-07-04,111602,1,4,0,129.0
10109882AGUIARA_2025-07-04_G04,10109882AGUIARA,2025-07-04,108772,1,8,0,133.0
10109882AGUIARA_2025-07-04_G05,10109882AGUIARA,2025-07-04,110325,1,11,0,274.0
10109882AGUIARA_2025-07-04_G06,10109882AGUIARA,2025-07-04,107830,1,6,0,227.0
10109882AGUIARA_2025-07-04_G07,10109882AGUIARA,2025-07-04,110373,1,160,0,3065.0
10109882AGUIARA_2025-07-04_G08,10109882AGUIARA,2025-07-04,110372,1,60,0,979.0
10109882AGUIARA_2025-07-04_G09,10109882AGUIARA,2025-07-04,110374,1,56,0,545.0
10109882AGUIARA_2025-07-04_G10,10109882AGUIARA,2025-07-04,117820,1,65,0,3453.0
10109882AGUIARA_2025-07-04_G11,10109882AGUIARA,2025-07-04,117820,1,2,0,50.0
10109882AGUIARA_2025-07-04_G12,10109882AGUIARA,2025-07-04,110373,1,2,0,249.0
10109882AGUIARA_2025-07-05_G02,10109882AGUIARA,2025-07-05,118299,1,37,0,643.0
10109882AGUIARA_2025-07-05_G03,10109882AGUIARA,2025-07-05,107830,1,5,0,323.0
10109882AGUIARA_2025-07-05_G04,10109882AGUIARA,2025-07-05,110373,1,30,0,463.0
10109882AGUIARA_2025-07-05_G05,10109882AGUIARA,2025-07-05,110372,1,30,0,959.0
10109882AGUIARA_2025-07-05_G06,10109882AGUIARA,2025-07-05,110374,1,6,0,121.0
10109882AGUIARA_2025-07-05_G07,10109882AGUIARA,2025-07-05,110515,1,5,0,493.0
10109882AGUIARA_2025-07-05_G08,10109882AGUIARA,2025-07-05,111602,1,4,0,99.0
10109882AGUIARA_2025-07-05_G09,10109882AGUIARA,2025-07-05,110752,1,4,0,371.0
10109882AGUIARA_2025-07-05_G10,10109882AGUIARA,2025-07-05,110373,1,2,0,546.0
10109882AGUIARA_2025-07-05_G11,10109882AGUIARA,2025-07-05,117820,1,50,0,1505.0
10109882AGUIARA_2025-07-05_G12,10109882AGUIARA,2025-07-05,111418,1,2,0,995.0
10109882AGUIARA_2025-07-05_G13,10109882AGUIARA,2025-07-05,111465,1,2,0,83.0
10109882AGUIARA_2025-07-05_G14,10109882AGUIARA,2025-07-05,111469,1,10,0,279.0
10109882AGUIARA_2025-07-05_G15,10109882AGUIARA,2025-07-05,140922,1,4,0,47.0
10109882AGUIARA_2025-07-05_G16,10109882AGUIARA,2025-07-05,117821,1,4,0,62.0
10109882AGUIARA_2025-07-05_G17,10109882AGUIARA,2025-07-05,111532,1,2,0,70.0
10109882AGUIARA_2025-07-05_G18,10109882AGUIARA,2025-07-05,110787,2,22,9,222.0
10109882AGUIARA_2025-07-05_G19,10109882AGUIARA,2025-07-05,118317,1,4,0,164.0
10109882AGUIARA_2025-07-06_G02,10109882AGUIARA,2025-07-06,117785,1,8,0,233.0
10109882AGUIARA_2025-07-06_G03,10109882AGUIARA,2025-07-06,111418,1,8,0,187.0
10109882AGUIARA_2025-07-06_G04,10109882AGUIARA,2025-07-06,117787,1,6,0,209.0
10109882AGUIARA_2025-07-06_G05,10109882AGUIARA,2025-07-06,110373,1,8,0,496.0
10109882AGUIARA_2025-07-06_G06,10109882AGUIARA,2025-07-06,117785,1,6,0,921.0
10109882AGUIARA_2025-07-06_G07,10109882AGUIARA,2025-07-06,108794,1,2,0,100.0
10109882AGUIARA_2025-07-06_G08,10109882AGUIARA,2025-07-06,111466,1,28,0,326.0
10109882AGUIARA_2025-07-06_G09,10109882AGUIARA,2025-07-06,111418,1,10,0,258.0
10109882AGUIARA_2025-07-06_G10,10109882AGUIARA,2025-07-06,111418,1,6,0,97.0
10109882AGUIARA_2025-07-06_G11,10109882AGUIARA,2025-07-06,111433,1,4,0,190.0
10109882AGUIARA_2025-07-06_G13,10109882AGUIARA,2025-07-06,117831,1,3,0,115.0
10109882AGUIARA_2025-07-06_G14,10109882AGUIARA,2025-07-06,118299,1,9,0,260.0
10109882AGUIARA_2025-07-06_G15,10109882AGUIARA,2025-07-06,111463,1,4,0,797.0
10109882AGUIARA_2025-07-06_G16,10109882AGUIARA,2025-07-06,118299,1,10,0,331.0
10109882AGUIARA_2025-07-06_G17,10109882AGUIARA,2025-07-06,110313,1,2,0,678.0
10109882AGUIARA_2025-07-07_G02,10109882AGUIARA,2025-07-07,111441,1,4,0,384.0
10109882AGUIARA_2025-07-07_G03,10109882AGUIARA,2025-07-07,111569,1,4,0,125.0
10109882AGUIARA_2025-07-07_G04,10109882AGUIARA,2025-07-07,110515,1,5,0,445.0
10109882AGUIARA_2025-07-07_G05,10109882AGUIARA,2025-07-07,111602,1,4,0,148.0
10109882AGUIARA_2025-07-07_G06,10109882AGUIARA,2025-07-07,111532,1,4,0,157.0
10109882AGUIARA_2025-07-07_G07,10109882AGUIARA,2025-07-07,118299,1,4,0,145.0
10109882AGUIARA_2025-07-07_G08,10109882AGUIARA,2025-07-07,110373,1,4,0,119.0
10109882AGUIARA_2025-07-07_G09,10109882AGUIARA,2025-07-07,117830,1,4,0,176.0
10109882AGUIARA_2025-07-07_G10,10109882AGUIARA,2025-07-07,110374,1,4,0,177.0
10109882AGUIARA_2025-07-07_G11,10109882AGUIARA,2025-07-07,111463,1,5,0,850.0
10109882AGUIARA_2025-07-07_G12,10109882AGUIARA,2025-07-07,111418,1,8,0,340.0
10109882AGUIARA_2025-07-07_G13,10109882AGUIARA,2025-07-07,118299,1,9,0,206.0
10109882AGUIARA_2025-07-07_G16,10109882AGUIARA,2025-07-07,110743,1,1,0,48.0
10109882AGUIARA_2025-07-07_G17,10109882AGUIARA,2025-07-07,110743,1,3,0,38.0
10109882AGUIARA_2025-07-07_G18,10109882AGUIARA,2025-07-07,111469,1,10,0,242.0
10109882AGUIARA_2025-07-07_G19,10109882AGUIARA,2025-07-07,111469,1,10,0,258.0
10109882AGUIARA_2025-07-07_G20,10109882AGUIARA,2025-07-07,111443,1,4,0,124.0
10109882AGUIARA_2025-07-07_G21,10109882AGUIARA,2025-07-07,140922,1,4,0,92.0
10109882AGUIARA_2025-07-07_G22,10109882AGUIARA,2025-07-07,140922,1,4,0,49.0
10109882AGUIARA_2025-07-07_G23,10109882AGUIARA,2025-07-07,140922,1,5,0,72.0
10109882AGUIARA_2025-07-07_G24,10109882AGUIARA,2025-07-07,117821,1,8,0,170.0
10109882AGUIARA_2025-07-07_G25,10109882AGUIARA,2025-07-07,111172,1,3,0,159.0
10109882AGUIARA_2025-07-07_G26,10109882AGUIARA,2025-07-07,111532,1,9,0,218.0
10109882AGUIARA_2025-07-07_G27,10109882AGUIARA,2025-07-07,111532,1,8,0,462.0
10109882AGUIARA_2025-07-07_G28,10109882AGUIARA,2025-07-07,111418,1,14,0,419.0
10109882AGUIARA_2025-07-07_G29,10109882AGUIARA,2025-07-07,110740,1,4,0,79.0
10109882AGUIARA_2025-07-07_G30,10109882AGUIARA,2025-07-07,117787,1,3,0,147.0
10109882AGUIARA_2025-07-07_G31,10109882AGUIARA,2025-07-07,118330,1,2,0,172.0
10109882AGUIARA_2025-07-07_G32,10109882AGUIARA,2025-07-07,111468,1,4,0,130.0
10109882AGUIARA_2025-07-07_G33,10109882AGUIARA,2025-07-07,111466,1,16,0,229.0
10109882AGUIARA_2025-07-07_G34,10109882AGUIARA,2025-07-07,111466,1,16,0,118.0
10109882AGUIARA_2025-07-07_G35,10109882AGUIARA,2025-07-07,111442,1,5,0,196.0
10109882AGUIARA_2025-07-07_G36,10109882AGUIARA,2025-07-07,108795,1,12,0,2946.0
10109882AGUIARA_2025-07-07_G37,10109882AGUIARA,2025-07-07,117831,1,16,0,1060.0
10109882AGUIARA_2025-07-07_G38,10109882AGUIARA,2025-07-07,111172,1,8,0,148.0
10109882AGUIARA_2025-07-07_G39,10109882AGUIARA,2025-07-07,108798,1,8,0,118.0
10109882AGUIARA_2025-07-07_G40,10109882AGUIARA,2025-07-07,111532,1,12,0,145.0
10109882AGUIARA_2025-07-08_G02,10109882AGUIARA,2025-07-08,111462,1,16,0,209.0
10109882AGUIARA_2025-07-08_G03,10109882AGUIARA,2025-07-08,118140,1,28,0,176.0
10109882AGUIARA_2025-07-08_G04,10109882AGUIARA,2025-07-08,110787,1,16,0,321.0
10109882AGUIARA_2025-07-08_G05,10109882AGUIARA,2025-07-08,109645,1,8,0,143.0
10109882AGUIARA_2025-07-08_G06,10109882AGUIARA,2025-07-08,117787,1,8,0,157.0
10109882AGUIARA_2025-07-08_G07,10109882AGUIARA,2025-07-08,118317,1,12,0,573.0
10109882AGUIARA_2025-07-08_G08,10109882AGUIARA,2025-07-08,111463,1,24,0,1605.0
10109882AGUIARA_2025-07-08_G09,10109882AGUIARA,2025-07-08,111743,1,28,0,918.0
10109882AGUIARA_2025-07-08_G10,10109882AGUIARA,2025-07-08,111466,1,24,0,494.0
10109882AGUIARA_2025-07-08_G11,10109882AGUIARA,2025-07-08,117821,1,24,0,231.0
10109882AGUIARA_2025-07-08_G12,10109882AGUIARA,2025-07-08,117833,1,60,0,730.0
10109882AGUIARA_2025-07-08_G14,10109882AGUIARA,2025-07-08,110515,1,12,0,226.0
10109882AGUIARA_2025-07-08_G15,10109882AGUIARA,2025-07-08,111602,1,9,0,203.0
10109882AGUIARA_2025-07-08_G16,10109882AGUIARA,2025-07-08,117856,1,11,0,353.0
10109882AGUIARA_2025-07-08_G17,10109882AGUIARA,2025-07-08,110339,1,20,0,859.0
10109882AGUIARA_2025-07-08_G18,10109882AGUIARA,2025-07-08,110515,1,70,0,903.0
10109882AGUIARA_2025-07-08_G19,10109882AGUIARA,2025-07-08,117862,1,20,0,2464.0
10109882AGUIARA_2025-07-08_G20,10109882AGUIARA,2025-07-08,117861,1,10,0,235.0
10109882AGUIARA_2025-07-08_G21,10109882AGUIARA,2025-07-08,110753,1,7,0,143.0
10109882AGUIARA_2025-07-08_G22,10109882AGUIARA,2025-07-08,141047,1,8,0,928.0
10109882AGUIARA_2025-07-08_G23,10109882AGUIARA,2025-07-08,110750,1,5,0,177.0
10109882AGUIARA_2025-07-08_G24,10109882AGUIARA,2025-07-08,111467,1,6,0,139.0
10109882AGUIARA_2025-07-08_G25,10109882AGUIARA,2025-07-08,117855,1,30,0,455.0
10109882AGUIARA_2025-07-08_G26,10109882AGUIARA,2025-07-08,117856,1,30,0,1429.0
10109882AGUIARA_2025-07-08_G27,10109882AGUIARA,2025-07-08,110752,1,6,0,233.0
10109882AGUIARA_2025-07-09_G02,10109882AGUIARA,2025-07-09,109974,1,2,0,733.0
10109882AGUIARA_2025-07-09_G03,10109882AGUIARA,2025-07-09,110515,1,9,0,343.0
10109882AGUIARA_2025-07-09_G04,10109882AGUIARA,2025-07-09,111467,1,2,0,342.0
10109882AGUIARA_2025-07-09_G05,10109882AGUIARA,2025-07-09,117855,1,4,0,101.0
10109882AGUIARA_2025-07-09_G06,10109882AGUIARA,2025-07-09,110711,1,1,0,80.0
10109882AGUIARA_2025-07-09_G07,10109882AGUIARA,2025-07-09,111602,1,13,0,205.0
10109882AGUIARA_2025-07-09_G08,10109882AGUIARA,2025-07-09,118222,1,4,0,940.0
10109882AGUIARA_2025-07-09_G09,10109882AGUIARA,2025-07-09,110313,1,2,0,172.0
10109882AGUIARA_2025-07-09_G10,10109882AGUIARA,2025-07-09,108795,1,5,0,215.0
10109882AGUIARA_2025-07-09_G11,10109882AGUIARA,2025-07-09,105705,1,2,0,118.0
10109882AGUIARA_2025-07-09_G12,10109882AGUIARA,2025-07-09,111348,1,1,0,91.0
10109882AGUIARA_2025-07-09_G13,10109882AGUIARA,2025-07-09,117787,1,6,0,300.0
10109882AGUIARA_2025-07-09_G14,10109882AGUIARA,2025-07-09,111465,1,7,0,152.0
10109882AGUIARA_2025-07-10_G02,10109882AGUIARA,2025-07-10,110787,1,2,0,75.0
10109882AGUIARA_2025-07-10_G03,10109882AGUIARA,2025-07-10,111850,1,4,0,329.0
10109882AGUIARA_2025-07-10_G04,10109882AGUIARA,2025-07-10,111441,1,4,0,401.0
10109882AGUIARA_2025-07-10_G05,10109882AGUIARA,2025-07-10,107830,1,10,0,271.0
10109882AGUIARA_2025-07-10_G06,10109882AGUIARA,2025-07-10,117830,1,4,0,163.0
10109882AGUIARA_2025-07-10_G07,10109882AGUIARA,2025-07-10,110373,1,30,0,2174.0
10109882AGUIARA_2025-07-11_G02,10109882AGUIARA,2025-07-11,110339,1,10,0,1167.0
10109882AGUIARA_2025-07-11_G03,10109882AGUIARA,2025-07-11,110515,1,4,0,208.0
10109882AGUIARA_2025-07-11_G04,10109882AGUIARA,2025-07-11,117855,1,5,0,350.0
10109882AGUIARA_2025-07-11_G05,10109882AGUIARA,2025-07-11,111602,1,16,0,1060.0
10109882AGUIARA_2025-07-11_G06,10109882AGUIARA,2025-07-11,111850,1,8,0,1264.0
10109882AGUIARA_2025-07-11_G07,10109882AGUIARA,2025-07-11,111602,1,6,0,260.0
10109882AGUIARA_2025-07-11_G08,10109882AGUIARA,2025-07-11,105242,1,4,0,189.0
10109882AGUIARA_2025-07-11_G09,10109882AGUIARA,2025-07-11,111441,1,2,0,148.0
10109882AGUIARA_2025-07-11_G10,10109882AGUIARA,2025-07-11,117832,1,20,0,344.0
10109882AGUIARA_2025-07-11_G11,10109882AGUIARA,2025-07-11,117808,1,100,0,2098.0
10109882AGUIARA_2025-07-11_G12,10109882AGUIARA,2025-07-11,110372,1,50,0,1217.0
10109882AGUIARA_2025-07-11_G13,10109882AGUIARA,2025-07-11,110376,1,1,0,406.0
10109882AGUIARA_2025-07-11_G15,10109882AGUIARA,2025-07-11,140922,1,8,0,129.0
10109882AGUIARA_2025-07-11_G16,10109882AGUIARA,2025-07-11,117821,1,1,0,71.0
10109882AGUIARA_2025-07-11_G17,10109882AGUIARA,2025-07-11,117831,1,4,0,132.0
10109882AGUIARA_2025-07-11_G18,10109882AGUIARA,2025-07-11,111172,1,1,0,84.0
10109882AGUIARA_2025-07-11_G19,10109882AGUIARA,2025-07-11,109641,1,2,0,283.0
10109882AGUIARA_2025-07-11_G20,10109882AGUIARA,2025-07-11,118223,1,2,0,143.0
10109882AGUIARA_2025-07-11_G21,10109882AGUIARA,2025-07-11,111433,1,2,0,109.0
10109882AGUIARA_2025-07-11_G22,10109882AGUIARA,2025-07-11,141823,1,2,0,78.0
10109882AGUIARA_2025-07-11_G23,10109882AGUIARA,2025-07-11,111466,1,6,0,108.0
10109882AGUIARA_2025-07-11_G24,10109882AGUIARA,2025-07-11,111469,1,22,0,304.0
10109882AGUIARA_2025-07-11_G25,10109882AGUIARA,2025-07-11,111468,1,1,0,314.0
10109882AGUIARA_2025-07-11_G26,10109882AGUIARA,2025-07-11,109643,1,4,0,258.0
10109882AGUIARA_2025-07-11_G27,10109882AGUIARA,2025-07-11,117786,1,2,0,207.0
10109882AGUIARA_2025-07-11_G28,10109882AGUIARA,2025-07-11,110515,1,4,0,160.0
10109882AGUIARA_2025-07-11_G29,10109882AGUIARA,2025-07-11,117853,1,1,0,90.0
10109882AGUIARA_2025-07-11_G30,10109882AGUIARA,2025-07-11,111467,1,3,0,110.0
10109882AGUIARA_2025-07-11_G31,10109882AGUIARA,2025-07-11,111430,1,2,0,163.0
10109882AGUIARA_2025-07-11_G32,10109882AGUIARA,2025-07-11,100334,1,4,0,595.0
10109882AGUIARA_2025-07-11_G33,10109882AGUIARA,2025-07-11,111438,1,4,0,178.0
10109882AGUIARA_2025-07-11_G34,10109882AGUIARA,2025-07-11,111182,1,2,0,1151.0
10109882AGUIARA_2025-07-11_G35,10109882AGUIARA,2025-07-11,111462,1,4,0,191.0
10109882AGUIARA_2025-07-11_G36,10109882AGUIARA,2025-07-11,109641,1,2,0,139.0
10109882AGUIARA_2025-07-11_G37,10109882AGUIARA,2025-07-11,108711,1,1,0,56.0
10109882AGUIARA_2025-07-11_G38,10109882AGUIARA,2025-07-11,111418,1,1,0,60.0
10109882AGUIARA_2025-07-11_G39,10109882AGUIARA,2025-07-11,118223,1,1,0,104.0
10109882AGUIARA_2025-07-11_G40,10109882AGUIARA,2025-07-11,141823,1,1,0,244.0
10109882AGUIARA_2025-07-11_G41,10109882AGUIARA,2025-07-11,110740,1,2,0,262.0
10109882AGUIARA_2025-07-11_G42,10109882AGUIARA,2025-07-11,118140,1,8,0,575.0
10109882AGUIARA_2025-07-11_G43,10109882AGUIARA,2025-07-11,111469,1,10,0,1516.0
10109882AGUIARA_2025-07-11_G44,10109882AGUIARA,2025-07-11,118094,1,4,0,229.0
10109882AGUIARA_2025-07-11_G45,10109882AGUIARA,2025-07-11,117856,1,2,0,275.0
10109882AGUIARA_2025-07-11_G46,10109882AGUIARA,2025-07-11,111569,1,2,0,218.0
10109882AGUIARA_2025-07-12_G02,10109882AGUIARA,2025-07-12,111876,1,2,0,257.0
10109882AGUIARA_2025-07-12_G03,10109882AGUIARA,2025-07-12,109643,1,1,0,90.0
10109882AGUIARA_2025-07-12_G04,10109882AGUIARA,2025-07-12,117821,1,2,0,147.0
10109882AGUIARA_2025-07-12_G05,10109882AGUIARA,2025-07-12,117831,1,2,0,65.0
10109882AGUIARA_2025-07-12_G06,10109882AGUIARA,2025-07-12,111418,1,4,0,132.0
10109882AGUIARA_2025-07-12_G07,10109882AGUIARA,2025-07-12,118317,1,1,0,132.0
10109882AGUIARA_2025-07-12_G08,10109882AGUIARA,2025-07-12,111469,1,8,0,231.0
10109882AGUIARA_2025-07-12_G09,10109882AGUIARA,2025-07-12,110372,1,3,0,846.0
10109882AGUIARA_2025-07-12_G10,10109882AGUIARA,2025-07-12,111602,1,4,0,222.0
10109882AGUIARA_2025-07-12_G11,10109882AGUIARA,2025-07-12,110313,1,4,0,101.0
10109882AGUIARA_2025-07-12_G12,10109882AGUIARA,2025-07-12,118140,1,4,0,201.0
10109882AGUIARA_2025-07-12_G13,10109882AGUIARA,2025-07-12,111602,1,4,0,590.0
10109882AGUIARA_2025-07-12_G14,10109882AGUIARA,2025-07-12,108711,1,4,0,110.0
10109882AGUIARA_2025-07-12_G15,10109882AGUIARA,2025-07-12,118140,1,10,0,215.0
10109882AGUIARA_2025-07-12_G16,10109882AGUIARA,2025-07-12,111430,1,4,0,195.0
10109882AGUIARA_2025-07-12_G17,10109882AGUIARA,2025-07-12,140922,1,8,0,305.0
10109882AGUIARA_2025-07-12_G18,10109882AGUIARA,2025-07-12,117831,1,4,0,163.0
10109882AGUIARA_2025-07-12_G19,10109882AGUIARA,2025-07-12,118140,1,12,0,284.0
10109882AGUIARA_2025-07-12_G20,10109882AGUIARA,2025-07-12,111602,1,8,0,247.0
10109882AGUIARA_2025-07-14_G02,10109882AGUIARA,2025-07-14,110787,1,2,0,169.0
10109882AGUIARA_2025-07-14_G03,10109882AGUIARA,2025-07-14,110787,1,4,0,163.0
10109882AGUIARA_2025-07-14_G04,10109882AGUIARA,2025-07-14,111469,1,4,0,225.0
10109882AGUIARA_2025-07-14_G05,10109882AGUIARA,2025-07-14,110325,1,6,0,329.0
10109882AGUIARA_2025-07-14_G06,10109882AGUIARA,2025-07-14,110371,1,4,0,147.0
10109882AGUIARA_2025-07-14_G07,10109882AGUIARA,2025-07-14,110373,1,9,0,275.0
10109882AGUIARA_2025-07-14_G08,10109882AGUIARA,2025-07-14,110313,1,4,0,149.0
10109882AGUIARA_2025-07-14_G09,10109882AGUIARA,2025-07-14,110747,1,2,0,166.0
10109882AGUIARA_2025-07-14_G10,10109882AGUIARA,2025-07-14,108795,1,2,0,485.0
10109882AGUIARA_2025-07-14_G11,10109882AGUIARA,2025-07-14,108794,1,1,0,65.0
10109882AGUIARA_2025-07-14_G12,10109882AGUIARA,2025-07-14,111182,1,2,0,128.0
10109882AGUIARA_2025-07-14_G13,10109882AGUIARA,2025-07-14,111462,1,2,0,209.0
10109882AGUIARA_2025-07-14_G14,10109882AGUIARA,2025-07-14,117821,1,1,0,98.0
10109882AGUIARA_2025-07-14_G15,10109882AGUIARA,2025-07-14,116241,1,2,0,87.0
10109882AGUIARA_2025-07-14_G16,10109882AGUIARA,2025-07-14,117785,1,10,0,242.0
10109882AGUIARA_2025-07-14_G17,10109882AGUIARA,2025-07-14,111442,1,2,0,87.0
10109882AGUIARA_2025-07-14_G18,10109882AGUIARA,2025-07-14,111444,1,2,0,55.0
10109882AGUIARA_2025-07-14_G19,10109882AGUIARA,2025-07-14,111469,1,4,0,213.0
10109882AGUIARA_2025-07-14_G20,10109882AGUIARA,2025-07-14,110740,1,2,0,80.0
10109882AGUIARA_2025-07-14_G21,10109882AGUIARA,2025-07-14,117832,1,2,0,176.0
10109882AGUIARA_2025-07-14_G22,10109882AGUIARA,2025-07-14,117809,1,2,0,47.0
10109882AGUIARA_2025-07-14_G23,10109882AGUIARA,2025-07-14,117808,1,4,0,144.0
10109882AGUIARA_2025-07-14_G24,10109882AGUIARA,2025-07-14,110372,1,22,0,358.0
10109882AGUIARA_2025-07-14_G25,10109882AGUIARA,2025-07-14,117820,1,2,0,409.0
10109882AGUIARA_2025-07-14_G26,10109882AGUIARA,2025-07-14,117820,1,2,0,43.0
10109882AGUIARA_2025-07-14_G27,10109882AGUIARA,2025-07-14,110373,1,1,0,118.0
10109882AGUIARA_2025-07-14_G28,10109882AGUIARA,2025-07-14,117830,1,2,0,101.0
10109882AGUIARA_2025-07-15_G02,10109882AGUIARA,2025-07-15,117856,1,4,0,188.0
10109882AGUIARA_2025-07-15_G03,10109882AGUIARA,2025-07-15,111532,1,12,0,213.0
10109882AGUIARA_2025-07-15_G04,10109882AGUIARA,2025-07-15,110371,1,4,0,143.0
10109882AGUIARA_2025-07-15_G05,10109882AGUIARA,2025-07-15,110373,1,16,0,226.0
10109882AGUIARA_2025-07-15_G06,10109882AGUIARA,2025-07-15,111569,1,8,0,833.0
10109882AGUIARA_2025-07-15_G07,10109882AGUIARA,2025-07-15,111463,1,12,0,512.0
10109882AGUIARA_2025-07-15_G08,10109882AGUIARA,2025-07-15,117785,1,8,0,233.0
10109882AGUIARA_2025-07-15_G09,10109882AGUIARA,2025-07-15,111463,1,3,0,833.0
10109882AGUIARA_2025-07-15_G10,10109882AGUIARA,2025-07-15,111172,1,3,0,95.0
10109882AGUIARA_2025-07-15_G11,10109882AGUIARA,2025-07-15,110745,1,2,0,111.0
10109882AGUIARA_2025-07-15_G12,10109882AGUIARA,2025-07-15,111431,1,4,0,119.0
10109882AGUIARA_2025-07-15_G13,10109882AGUIARA,2025-07-15,111418,1,11,0,138.0
10109882AGUIARA_2025-07-15_G14,10109882AGUIARA,2025-07-15,117787,1,4,0,152.0
10109882AGUIARA_2025-07-15_G15,10109882AGUIARA,2025-07-15,117785,1,9,0,237.0
10109882AGUIARA_2025-07-15_G16,10109882AGUIARA,2025-07-15,111444,1,8,0,148.0
10109882AGUIARA_2025-07-15_G17,10109882AGUIARA,2025-07-15,111466,1,14,0,176.0
10109882AGUIARA_2025-07-15_G18,10109882AGUIARA,2025-07-15,111469,1,29,0,980.0
10109882AGUIARA_2025-07-15_G19,10109882AGUIARA,2025-07-15,111430,1,2,0,278.0
10109882AGUIARA_2025-07-15_G20,10109882AGUIARA,2025-07-15,100334,1,2,0,118.0
10109882AGUIARA_2025-07-15_G21,10109882AGUIARA,2025-07-15,110623,1,4,0,193.0
10109882AGUIARA_2025-07-15_G22,10109882AGUIARA,2025-07-15,111660,1,3,0,240.0
10109882AGUIARA_2025-07-15_G23,10109882AGUIARA,2025-07-15,110325,1,2,0,220.0
10109882AGUIARA_2025-07-15_G24,10109882AGUIARA,2025-07-15,109643,1,4,0,78.0
10109882AGUIARA_2025-07-15_G25,10109882AGUIARA,2025-07-15,110372,1,6,0,124.0
10109882AGUIARA_2025-07-15_G26,10109882AGUIARA,2025-07-15,118299,1,16,0,390.0
10109882AGUIARA_2025-07-16_G02,10109882AGUIARA,2025-07-16,111418,1,180,0,1087.0
10109882AGUIARA_2025-07-16_G03,10109882AGUIARA,2025-07-16,111466,1,160,0,1038.0
10109882AGUIARA_2025-07-16_G05,10109882AGUIARA,2025-07-16,108794,1,20,0,1094.0
10109882AGUIARA_2025-07-16_G06,10109882AGUIARA,2025-07-16,108794,1,8,0,156.0
10109882AGUIARA_2025-07-16_G07,10109882AGUIARA,2025-07-16,118140,1,20,0,251.0
10109882AGUIARA_2025-07-16_G08,10109882AGUIARA,2025-07-16,111462,1,20,0,298.0
10109882AGUIARA_2025-07-16_G09,10109882AGUIARA,2025-07-16,111743,1,20,0,1585.0
10109882AGUIARA_2025-07-16_G10,10109882AGUIARA,2025-07-16,117833,1,20,0,223.0
10109882AGUIARA_2025-07-16_G11,10109882AGUIARA,2025-07-16,108711,1,16,0,172.0
10109882AGUIARA_2025-07-16_G12,10109882AGUIARA,2025-07-16,110787,1,20,0,590.0
10109882AGUIARA_2025-07-16_G13,10109882AGUIARA,2025-07-16,117785,1,40,0,694.0
10109882AGUIARA_2025-07-16_G14,10109882AGUIARA,2025-07-16,118317,1,1,0,48.0
10109882AGUIARA_2025-07-16_G15,10109882AGUIARA,2025-07-16,117831,1,10,0,129.0
10109882AGUIARA_2025-07-16_G16,10109882AGUIARA,2025-07-16,117831,1,20,0,173.0
10109882AGUIARA_2025-07-16_G17,10109882AGUIARA,2025-07-16,111468,1,20,0,852.0
10109882AGUIARA_2025-07-16_G18,10109882AGUIARA,2025-07-16,111466,1,30,0,818.0
10109882AGUIARA_2025-07-16_G19,10109882AGUIARA,2025-07-16,117832,1,50,0,1061.0
10109882AGUIARA_2025-07-16_G20,10109882AGUIARA,2025-07-16,117809,1,20,0,215.0
10109882AGUIARA_2025-07-16_G21,10109882AGUIARA,2025-07-16,117808,1,300,0,852.0
10109882AGUIARA_2025-07-17_G02,10109882AGUIARA,2025-07-17,110371,1,110,0,562.0
10109882AGUIARA_2025-07-17_G03,10109882AGUIARA,2025-07-17,118299,1,300,0,2327.0
10109882AGUIARA_2025-07-17_G04,10109882AGUIARA,2025-07-17,117822,1,6,0,232.0
10109882AGUIARA_2025-07-17_G05,10109882AGUIARA,2025-07-17,110373,1,63,0,1135.0
10109882AGUIARA_2025-07-17_G06,10109882AGUIARA,2025-07-17,117820,1,2,0,618.0
10109882AGUIARA_2025-07-17_G07,10109882AGUIARA,2025-07-17,117808,1,270,0,2225.0
10109882AGUIARA_2025-07-17_G08,10109882AGUIARA,2025-07-17,110372,1,100,0,396.0
10109882AGUIARA_2025-07-17_G09,10109882AGUIARA,2025-07-17,110372,1,180,0,801.0
10109882AGUIARA_2025-07-20_G02,10109882AGUIARA,2025-07-20,111532,1,3,0,121.0
10109882AGUIARA_2025-07-20_G03,10109882AGUIARA,2025-07-20,111330,1,5,0,186.0
10109882AGUIARA_2025-07-20_G04,10109882AGUIARA,2025-07-20,111530,1,6,0,167.0
10109882AGUIARA_2025-07-20_G05,10109882AGUIARA,2025-07-20,118442,1,12,0,645.0
10109882AGUIARA_2025-07-20_G06,10109882AGUIARA,2025-07-20,107892,1,30,0,1353.0
10109882AGUIARA_2025-07-20_G07,10109882AGUIARA,2025-07-20,111762,1,4,0,1669.0
10109882AGUIARA_2025-07-20_G08,10109882AGUIARA,2025-07-20,111736,1,33,0,1598.0
10109882AGUIARA_2025-07-20_G09,10109882AGUIARA,2025-07-20,117935,1,1,0,431.0
10109882AGUIARA_2025-07-20_G10,10109882AGUIARA,2025-07-20,117862,1,2,0,121.0
10109882AGUIARA_2025-07-20_G11,10109882AGUIARA,2025-07-20,110711,1,1,0,78.0
10109882AGUIARA_2025-07-20_G12,10109882AGUIARA,2025-07-20,110515,1,22,0,492.0
10109882AGUIARA_2025-07-20_G13,10109882AGUIARA,2025-07-20,110515,1,1,0,36.0
10109882AGUIARA_2025-07-20_G14,10109882AGUIARA,2025-07-20,111530,1,4,0,211.0
10109882AGUIARA_2025-07-20_G15,10109882AGUIARA,2025-07-20,111530,1,2,0,65.0
10109882AGUIARA_2025-07-21_G02,10109882AGUIARA,2025-07-21,118094,1,27,0,545.0
10109882AGUIARA_2025-07-21_G03,10109882AGUIARA,2025-07-21,107629,1,45,0,668.0
10109882AGUIARA_2025-07-21_G04,10109882AGUIARA,2025-07-21,117855,1,30,0,1974.0
10109882AGUIARA_2025-07-21_G05,10109882AGUIARA,2025-07-21,117808,1,8,0,1609.0
10109882AGUIARA_2025-07-21_G06,10109882AGUIARA,2025-07-21,110374,1,5,0,304.0
10109882AGUIARA_2025-07-21_G07,10109882AGUIARA,2025-07-21,111438,1,2,0,259.0
10109882AGUIARA_2025-07-21_G08,10109882AGUIARA,2025-07-21,117786,1,3,0,95.0
10109882AGUIARA_2025-07-21_G09,10109882AGUIARA,2025-07-21,118140,1,11,0,278.0
10109882AGUIARA_2025-07-21_G10,10109882AGUIARA,2025-07-21,111433,1,1,0,164.0
10109882AGUIARA_2025-07-21_G11,10109882AGUIARA,2025-07-21,111465,1,2,0,114.0
10109882AGUIARA_2025-07-21_G12,10109882AGUIARA,2025-07-21,110373,1,4,0,746.0
10109882AGUIARA_2025-07-21_G13,10109882AGUIARA,2025-07-21,117808,1,59,0,1800.0
10109882AGUIARA_2025-07-21_G16,10109882AGUIARA,2025-07-21,111569,1,329,0,370.0
10109882AGUIARA_2025-07-21_G17,10109882AGUIARA,2025-07-21,111439,1,20,0,495.0
10109882AGUIARA_2025-07-21_G18,10109882AGUIARA,2025-07-21,111439,1,60,0,465.0
10109882AGUIARA_2025-07-21_G19,10109882AGUIARA,2025-07-21,108798,2,81,18,762.0
10109882AGUIARA_2025-07-21_G20,10109882AGUIARA,2025-07-21,107236,1,19,0,402.0
10109882AGUIARA_2025-07-21_G21,10109882AGUIARA,2025-07-21,117862,1,8,0,1439.0
10109882AGUIARA_2025-07-21_G22,10109882AGUIARA,2025-07-21,117862,1,15,0,132.0
10109882AGUIARA_2025-07-21_G23,10109882AGUIARA,2025-07-21,110515,2,60,7,481.0
10109882AGUIARA_2025-07-22_G02,10109882AGUIARA,2025-07-22,117808,1,270,0,1350.0
10109882AGUIARA_2025-07-22_G03,10109882AGUIARA,2025-07-22,110371,1,8,0,214.0
10109882AGUIARA_2025-07-22_G04,10109882AGUIARA,2025-07-22,110371,1,7,0,70.0
10109882AGUIARA_2025-07-22_G05,10109882AGUIARA,2025-07-22,141202,1,38,0,1607.0
10109882AGUIARA_2025-07-22_G06,10109882AGUIARA,2025-07-22,141202,1,27,0,366.0
10109882AGUIARA_2025-07-22_G07,10109882AGUIARA,2025-07-22,117855,1,4,0,2343.0
10109882AGUIARA_2025-07-22_G08,10109882AGUIARA,2025-07-22,110711,1,3,0,177.0
10109882AGUIARA_2025-07-22_G09,10109882AGUIARA,2025-07-22,111530,1,6,0,222.0
10109882AGUIARA_2025-07-22_G10,10109882AGUIARA,2025-07-22,117808,1,3,0,195.0
10109882AGUIARA_2025-07-22_G11,10109882AGUIARA,2025-07-22,117855,1,4,0,646.0
10109882AGUIARA_2025-07-22_G13,10109882AGUIARA,2025-07-22,105705,1,2,0,167.0
10109882AGUIARA_2025-07-22_G14,10109882AGUIARA,2025-07-22,111418,1,10,0,147.0
10109882AGUIARA_2025-07-22_G15,10109882AGUIARA,2025-07-22,111418,1,73,0,276.0
10109882AGUIARA_2025-07-22_G16,10109882AGUIARA,2025-07-22,111462,1,10,0,1008.0
10109882AGUIARA_2025-07-22_G17,10109882AGUIARA,2025-07-22,111462,1,10,0,112.0
10109882AGUIARA_2025-07-22_G18,10109882AGUIARA,2025-07-22,117821,1,10,0,143.0
10109882AGUIARA_2025-07-22_G19,10109882AGUIARA,2025-07-22,111532,1,20,0,269.0
10109882AGUIARA_2025-07-22_G20,10109882AGUIARA,2025-07-22,110787,1,14,0,657.0
10109882AGUIARA_2025-07-22_G21,10109882AGUIARA,2025-07-22,117831,1,40,0,666.0
10109882AGUIARA_2025-07-22_G22,10109882AGUIARA,2025-07-22,141823,1,17,0,151.0
10109882AGUIARA_2025-07-22_G23,10109882AGUIARA,2025-07-22,111469,1,10,0,158.0
10109882AGUIARA_2025-07-22_G24,10109882AGUIARA,2025-07-22,111469,1,53,0,925.0
10109882AGUIARA_2025-07-22_G25,10109882AGUIARA,2025-07-22,111463,1,30,0,506.0
10109882AGUIARA_2025-07-23_G02,10109882AGUIARA,2025-07-23,111569,1,38,0,339.0
10109882AGUIARA_2025-07-23_G03,10109882AGUIARA,2025-07-23,111436,1,9,0,557.0
10109882AGUIARA_2025-07-23_G04,10109882AGUIARA,2025-07-23,111441,1,2,0,103.0
10109882AGUIARA_2025-07-23_G05,10109882AGUIARA,2025-07-23,107892,1,146,0,1346.0
10109882AGUIARA_2025-07-23_G06,10109882AGUIARA,2025-07-23,117808,1,929,0,2944.0
10109882AGUIARA_2025-07-23_G07,10109882AGUIARA,2025-07-23,117809,1,53,0,522.0
10109882AGUIARA_2025-07-23_G09,10109882AGUIARA,2025-07-23,110325,1,5,0,677.0
10109882AGUIARA_2025-07-23_G10,10109882AGUIARA,2025-07-23,110374,1,8,0,181.0
10109882AGUIARA_2025-07-23_G11,10109882AGUIARA,2025-07-23,107830,1,10,0,181.0
10109882AGUIARA_2025-07-23_G12,10109882AGUIARA,2025-07-23,117808,1,4,0,348.0
10109882AGUIARA_2025-07-23_G13,10109882AGUIARA,2025-07-23,111655,1,4,0,184.0
10109882AGUIARA_2025-07-23_G14,10109882AGUIARA,2025-07-23,110375,1,4,0,226.0
10109882AGUIARA_2025-07-23_G15,10109882AGUIARA,2025-07-23,141202,1,7,0,1104.0
10109882AGUIARA_2025-07-23_G16,10109882AGUIARA,2025-07-23,106179,1,1,0,655.0
10109882AGUIARA_2025-07-23_G17,10109882AGUIARA,2025-07-23,110747,1,2,0,160.0
10109882AGUIARA_2025-07-23_G18,10109882AGUIARA,2025-07-23,111850,1,2,0,66.0
10109882AGUIARA_2025-07-23_G19,10109882AGUIARA,2025-07-23,108771,1,4,0,189.0
10109882AGUIARA_2025-07-23_G20,10109882AGUIARA,2025-07-23,111660,1,6,0,196.0
10109882AGUIARA_2025-07-23_G21,10109882AGUIARA,2025-07-23,117830,1,8,0,509.0
10109882AGUIARA_2025-07-23_G22,10109882AGUIARA,2025-07-23,118299,1,20,0,179.0
10109882AGUIARA_2025-07-23_G23,10109882AGUIARA,2025-07-23,110374,1,8,0,519.0
10109882AGUIARA_2025-07-23_G24,10109882AGUIARA,2025-07-23,107830,1,4,0,73.0
10109882AGUIARA_2025-07-23_G25,10109882AGUIARA,2025-07-23,110372,1,10,0,175.0
10109882AGUIARA_2025-07-23_G26,10109882AGUIARA,2025-07-23,117820,1,13,0,229.0
10109882AGUIARA_2025-07-23_G27,10109882AGUIARA,2025-07-23,117808,1,8,0,133.0
10109882AGUIARA_2025-07-23_G28,10109882AGUIARA,2025-07-23,160054,1,4,0,963.0
10109882AGUIARA_2025-07-23_G29,10109882AGUIARA,2025-07-23,117832,1,20,0,175.0
10109882AGUIARA_2025-07-23_G30,10109882AGUIARA,2025-07-23,117820,1,40,0,523.0
10109882AGUIARA_2025-07-23_G31,10109882AGUIARA,2025-07-23,160051,1,9,0,153.0
10109882AGUIARA_2025-07-23_G32,10109882AGUIARA,2025-07-23,117808,1,79,0,755.0
10109882AGUIARA_2025-07-23_G33,10109882AGUIARA,2025-07-23,117862,1,20,0,647.0
10109882AGUIARA_2025-07-24_G02,10109882AGUIARA,2025-07-24,141047,1,15,0,280.0
10109882AGUIARA_2025-07-24_G03,10109882AGUIARA,2025-07-24,117855,1,50,0,640.0
10109882AGUIARA_2025-07-24_G04,10109882AGUIARA,2025-07-24,110515,1,15,0,559.0
10109882AGUIARA_2025-07-24_G05,10109882AGUIARA,2025-07-24,117809,1,99,0,1867.0
10109882AGUIARA_2025-07-24_G07,10109882AGUIARA,2025-07-24,111182,1,50,0,1534.0
10109882AGUIARA_2025-07-24_G08,10109882AGUIARA,2025-07-24,110751,1,50,0,659.0
10109882AGUIARA_2025-07-25_G02,10109882AGUIARA,2025-07-25,141823,1,3,0,142.0
10109882AGUIARA_2025-07-25_G03,10109882AGUIARA,2025-07-25,111438,1,10,0,689.0
10109882AGUIARA_2025-07-25_G04,10109882AGUIARA,2025-07-25,110373,1,16,0,277.0
10109882AGUIARA_2025-07-25_G05,10109882AGUIARA,2025-07-25,118140,1,8,0,153.0
10109882AGUIARA_2025-07-25_G06,10109882AGUIARA,2025-07-25,111442,1,6,0,380.0
10109882AGUIARA_2025-07-25_G07,10109882AGUIARA,2025-07-25,111530,1,7,0,992.0
10109882AGUIARA_2025-07-25_G08,10109882AGUIARA,2025-07-25,111532,1,3,0,245.0
10109882AGUIARA_2025-07-25_G09,10109882AGUIARA,2025-07-25,118140,1,4,0,262.0
10109882AGUIARA_2025-07-25_G10,10109882AGUIARA,2025-07-25,110711,1,4,0,465.0
10109882AGUIARA_2025-07-25_G11,10109882AGUIARA,2025-07-25,111743,1,2,0,594.0
10109882AGUIARA_2025-07-25_G12,10109882AGUIARA,2025-07-25,110895,1,3,0,182.0
10109882AGUIARA_2025-07-25_G13,10109882AGUIARA,2025-07-25,110787,1,17,0,459.0
10109882AGUIARA_2025-07-25_G14,10109882AGUIARA,2025-07-25,118299,1,100,0,463.0
10109882AGUIARA_2025-07-25_G15,10109882AGUIARA,2025-07-25,117808,1,100,0,796.0
10109882AGUIARA_2025-07-25_G16,10109882AGUIARA,2025-07-25,110372,1,50,0,580.0
10109882AGUIARA_2025-07-25_G17,10109882AGUIARA,2025-07-25,111602,1,7,0,1096.0
10109882AGUIARA_2025-07-25_G18,10109882AGUIARA,2025-07-25,111532,1,5,0,332.0
10109882AGUIARA_2025-07-25_G19,10109882AGUIARA,2025-07-25,108794,1,4,0,162.0
10109882AGUIARA_2025-07-26_G02,10109882AGUIARA,2025-07-26,111753,1,10,0,1059.0
10109882AGUIARA_2025-07-26_G03,10109882AGUIARA,2025-07-26,111759,1,6,0,250.0
10109882AGUIARA_2025-07-26_G04,10109882AGUIARA,2025-07-26,111738,1,30,0,915.0
10109882AGUIARA_2025-07-26_G05,10109882AGUIARA,2025-07-26,111755,1,6,0,3026.0
10109882AGUIARA_2025-07-26_G06,10109882AGUIARA,2025-07-26,111742,1,20,0,561.0
10109882AGUIARA_2025-07-26_G07,10109882AGUIARA,2025-07-26,111741,1,6,0,870.0
10109882AGUIARA_2025-07-26_G08,10109882AGUIARA,2025-07-26,111751,1,5,0,752.0
10109882AGUIARA_2025-07-26_G09,10109882AGUIARA,2025-07-26,111722,1,50,0,656.0
10109882AGUIARA_2025-07-26_G10,10109882AGUIARA,2025-07-26,141262,1,16,0,483.0
10109882AGUIARA_2025-07-26_G11,10109882AGUIARA,2025-07-26,118191,1,40,0,1270.0
10109882AGUIARA_2025-07-27_G02,10109882AGUIARA,2025-07-27,111743,1,2,0,184.0
10109882AGUIARA_2025-07-27_G03,10109882AGUIARA,2025-07-27,111739,1,2,0,612.0
10109882AGUIARA_2025-07-27_G04,10109882AGUIARA,2025-07-27,111172,1,11,0,1607.0
10109882AGUIARA_2025-07-27_G05,10109882AGUIARA,2025-07-27,110743,1,3,0,100.0
10109882AGUIARA_2025-07-27_G06,10109882AGUIARA,2025-07-27,110743,1,2,0,39.0
10109882AGUIARA_2025-07-27_G07,10109882AGUIARA,2025-07-27,105705,1,3,0,111.0
10109882AGUIARA_2025-07-27_G08,10109882AGUIARA,2025-07-27,105705,1,2,0,47.0
10109882AGUIARA_2025-07-27_G09,10109882AGUIARA,2025-07-27,110787,1,10,0,298.0
10109882AGUIARA_2025-07-27_G10,10109882AGUIARA,2025-07-27,110787,1,9,0,87.0
10109882AGUIARA_2025-07-27_G11,10109882AGUIARA,2025-07-27,111466,1,9,0,187.0
10109882AGUIARA_2025-07-27_G12,10109882AGUIARA,2025-07-27,111466,1,10,0,81.0
10109882AGUIARA_2025-07-27_G13,10109882AGUIARA,2025-07-27,117833,1,17,0,468.0
10109882AGUIARA_2025-07-27_G14,10109882AGUIARA,2025-07-27,117833,1,15,0,137.0
10109882AGUIARA_2025-07-27_G15,10109882AGUIARA,2025-07-27,140922,1,11,0,158.0
10109882AGUIARA_2025-07-27_G16,10109882AGUIARA,2025-07-27,111532,1,1,0,88.0
10109882AGUIARA_2025-07-27_G17,10109882AGUIARA,2025-07-27,111532,1,4,0,56.0
10109882AGUIARA_2025-07-27_G18,10109882AGUIARA,2025-07-27,111738,1,88,0,391.0
10109882AGUIARA_2025-07-27_G19,10109882AGUIARA,2025-07-27,109641,1,3,0,290.0
10109882AGUIARA_2025-07-27_G20,10109882AGUIARA,2025-07-27,109641,1,2,0,43.0
10109882AGUIARA_2025-07-27_G21,10109882AGUIARA,2025-07-27,111723,1,90,0,913.0
10109882AGUIARA_2025-07-27_G22,10109882AGUIARA,2025-07-27,109645,1,2,0,107.0
10109882AGUIARA_2025-07-27_G23,10109882AGUIARA,2025-07-27,108794,1,2,0,99.0
10109882AGUIARA_2025-07-27_G24,10109882AGUIARA,2025-07-27,111463,1,1,0,880.0
10109882AGUIARA_2025-07-28_G02,10109882AGUIARA,2025-07-28,110747,1,8,0,250.0
10109882AGUIARA_2025-07-28_G03,10109882AGUIARA,2025-07-28,111438,1,6,0,270.0
10109882AGUIARA_2025-07-28_G04,10109882AGUIARA,2025-07-28,111441,1,3,0,158.0
10109882AGUIARA_2025-07-28_G05,10109882AGUIARA,2025-07-28,111434,1,6,0,696.0
10109882AGUIARA_2025-07-28_G06,10109882AGUIARA,2025-07-28,140922,1,5,0,150.0
10109882AGUIARA_2025-07-28_G07,10109882AGUIARA,2025-07-28,111442,1,4,0,181.0
10109882AGUIARA_2025-07-28_G08,10109882AGUIARA,2025-07-28,141823,1,3,0,75.0
10109882AGUIARA_2025-07-28_G09,10109882AGUIARA,2025-07-28,141823,1,2,0,98.0
10109882AGUIARA_2025-07-28_G10,10109882AGUIARA,2025-07-28,111743,1,2,0,256.0
10109882AGUIARA_2025-07-28_G11,10109882AGUIARA,2025-07-28,110623,1,4,0,417.0
10109882AGUIARA_2025-07-28_G12,10109882AGUIARA,2025-07-28,109640,1,4,0,498.0
10109882AGUIARA_2025-07-28_G13,10109882AGUIARA,2025-07-28,141456,1,12,0,227.0
10109882AGUIARA_2025-07-28_G14,10109882AGUIARA,2025-07-28,118299,1,24,0,974.0
10109882AGUIARA_2025-07-28_G15,10109882AGUIARA,2025-07-28,117830,1,5,0,593.0
10109882AGUIARA_2025-07-28_G16,10109882AGUIARA,2025-07-28,111418,1,5,0,1799.0
10109882AGUIARA_2025-07-28_G17,10109882AGUIARA,2025-07-28,110787,1,4,0,177.0
10109882AGUIARA_2025-07-28_G18,10109882AGUIARA,2025-07-28,141456,1,8,0,277.0
10109882AGUIARA_2025-07-28_G19,10109882AGUIARA,2025-07-28,160051,1,8,0,1236.0
10109882AGUIARA_2025-07-28_G21,10109882AGUIARA,2025-07-28,108410,1,2,0,274.0
10109882AGUIARA_2025-07-28_G22,10109882AGUIARA,2025-07-28,110582,1,2,0,739.0
10109882AGUIARA_2025-07-28_G23,10109882AGUIARA,2025-07-28,108411,1,2,0,104.0
10109882AGUIARA_2025-07-28_G24,10109882AGUIARA,2025-07-28,110311,1,5,0,160.0
10109882AGUIARA_2025-07-28_G25,10109882AGUIARA,2025-07-28,108759,1,4,0,166.0
10109882AGUIARA_2025-07-28_G26,10109882AGUIARA,2025-07-28,110310,1,5,0,157.0
10109882AGUIARA_2025-07-28_G27,10109882AGUIARA,2025-07-28,107892,1,4,0,120.0
10109882AGUIARA_2025-07-28_G28,10109882AGUIARA,2025-07-28,111851,1,2,0,280.0
10109882AGUIARA_2025-07-28_G29,10109882AGUIARA,2025-07-28,110313,1,4,0,331.0
10109882AGUIARA_2025-07-28_G30,10109882AGUIARA,2025-07-28,109640,1,2,0,464.0
10109882AGUIARA_2025-07-28_G31,10109882AGUIARA,2025-07-28,109640,1,7,0,130.0
10109882AGUIARA_2025-07-28_G32,10109882AGUIARA,2025-07-28,110787,1,1,0,140.0
10109882AGUIARA_2025-07-28_G33,10109882AGUIARA,2025-07-28,141823,1,4,0,192.0
10109882AGUIARA_2025-07-28_G34,10109882AGUIARA,2025-07-28,141458,1,8,0,898.0
10109882AGUIARA_2025-07-28_G35,10109882AGUIARA,2025-07-28,141457,1,8,0,199.0
10109882AGUIARA_2025-07-28_G36,10109882AGUIARA,2025-07-28,111442,1,3,0,177.0
10109882AGUIARA_2025-07-28_G37,10109882AGUIARA,2025-07-28,108701,1,8,0,1335.0
10109882AGUIARA_2025-07-28_G38,10109882AGUIARA,2025-07-28,107629,1,20,0,246.0
10109882AGUIARA_2025-07-28_G39,10109882AGUIARA,2025-07-28,110313,1,24,0,183.0
10109882AGUIARA_2025-07-28_G40,10109882AGUIARA,2025-07-28,111467,1,12,0,1390.0
10109882AGUIARA_2025-07-28_G41,10109882AGUIARA,2025-07-28,108772,1,3,0,172.0
10109882AGUIARA_2025-07-28_G42,10109882AGUIARA,2025-07-28,117935,1,1,0,46.0
10109882AGUIARA_2025-07-28_G43,10109882AGUIARA,2025-07-28,111530,1,30,0,216.0
10109882AGUIARA_2025-07-29_G02,10109882AGUIARA,2025-07-29,117855,1,40,0,415.0
10109882AGUIARA_2025-07-29_G03,10109882AGUIARA,2025-07-29,117855,1,17,0,1074.0
10109882AGUIARA_2025-07-29_G04,10109882AGUIARA,2025-07-29,141456,1,32,0,2647.0
10109882AGUIARA_2025-07-29_G05,10109882AGUIARA,2025-07-29,141458,1,32,0,434.0
10109882AGUIARA_2025-07-29_G06,10109882AGUIARA,2025-07-29,141457,1,20,0,326.0
10109882AGUIARA_2025-07-29_G07,10109882AGUIARA,2025-07-29,141458,1,6,0,2222.0
10109882AGUIARA_2025-07-29_G08,10109882AGUIARA,2025-07-29,141457,1,8,0,186.0
10109882AGUIARA_2025-07-29_G09,10109882AGUIARA,2025-07-29,141458,1,8,0,331.0
10109882AGUIARA_2025-07-29_G10,10109882AGUIARA,2025-07-29,141457,1,6,0,265.0
10109882AGUIARA_2025-07-29_G11,10109882AGUIARA,2025-07-29,141457,1,32,0,877.0
10109882AGUIARA_2025-07-29_G13,10109882AGUIARA,2025-07-29,117785,1,3,0,103.0
10109882AGUIARA_2025-07-29_G14,10109882AGUIARA,2025-07-29,141457,1,400,0,2498.0
10109882AGUIARA_2025-07-29_G15,10109882AGUIARA,2025-07-29,141458,1,157,0,718.0
10109882AGUIARA_2025-07-29_G16,10109882AGUIARA,2025-07-29,110740,1,39,0,2405.0
10109882AGUIARA_2025-07-29_G17,10109882AGUIARA,2025-07-29,141456,1,400,0,347.0
10109882AGUIARA_2025-07-30_G02,10109882AGUIARA,2025-07-30,111469,1,3,0,153.0
10109882AGUIARA_2025-07-30_G03,10109882AGUIARA,2025-07-30,111442,1,4,0,137.0
10109882AGUIARA_2025-07-30_G04,10109882AGUIARA,2025-07-30,141457,1,60,0,769.0
10109882AGUIARA_2025-07-30_G05,10109882AGUIARA,2025-07-30,141458,1,50,0,663.0
10109882AGUIARA_2025-07-30_G06,10109882AGUIARA,2025-07-30,118094,1,2,0,736.0
10109882AGUIARA_2025-07-30_G07,10109882AGUIARA,2025-07-30,111530,1,2,0,157.0
10109882AGUIARA_2025-07-30_G08,10109882AGUIARA,2025-07-30,109647,1,2,0,882.0
10109882AGUIARA_2025-07-30_G09,10109882AGUIARA,2025-07-30,111602,1,4,0,171.0
10109882AGUIARA_2025-07-30_G10,10109882AGUIARA,2025-07-30,111530,1,5,0,156.0
10109882AGUIARA_2025-07-30_G11,10109882AGUIARA,2025-07-30,109641,1,2,0,264.0
10109882AGUIARA_2025-07-30_G12,10109882AGUIARA,2025-07-30,118223,1,12,0,346.0
10109882AGUIARA_2025-07-30_G13,10109882AGUIARA,2025-07-30,141458,1,50,0,1036.0
10109882AGUIARA_2025-07-30_G14,10109882AGUIARA,2025-07-30,118299,1,10,0,325.0
10109882AGUIARA_2025-07-30_G15,10109882AGUIARA,2025-07-30,118299,1,6,0,78.0
10109882AGUIARA_2025-07-30_G16,10109882AGUIARA,2025-07-30,117786,1,8,0,1200.0
10109882AGUIARA_2025-07-30_G17,10109882AGUIARA,2025-07-30,117856,1,8,0,239.0
10109882AGUIARA_2025-07-30_G18,10109882AGUIARA,2025-07-30,117856,1,8,0,270.0
10109882AGUIARA_2025-07-30_G19,10109882AGUIARA,2025-07-30,117861,1,6,0,195.0
10109882AGUIARA_2025-07-30_G20,10109882AGUIARA,2025-07-30,111467,1,4,0,149.0
10109882AGUIARA_2025-07-30_G21,10109882AGUIARA,2025-07-30,110515,1,4,0,658.0
10109882AGUIARA_2025-07-30_G22,10109882AGUIARA,2025-07-30,110515,1,8,0,142.0
10109882AGUIARA_2025-07-30_G24,10109882AGUIARA,2025-07-30,117831,2,64,7,31.0
10109882AGUIARA_2025-07-30_G25,10109882AGUIARA,2025-07-30,111418,1,66,0,952.0
10109882AGUIARA_2025-07-30_G26,10109882AGUIARA,2025-07-30,111469,1,50,0,837.0
10109882AGUIARA_2025-07-30_G28,10109882AGUIARA,2025-07-30,111348,1,6,0,73.0
10109882AGUIARA_2025-07-31_G02,10109882AGUIARA,2025-07-31,110740,1,12,0,274.0
10109882AGUIARA_2025-07-31_G03,10109882AGUIARA,2025-07-31,110745,1,5,0,209.0
10109882AGUIARA_2025-07-31_G04,10109882AGUIARA,2025-07-31,117832,1,6,0,441.0
10109882AGUIARA_2025-07-31_G05,10109882AGUIARA,2025-07-31,110373,1,11,0,282.0
10109882AGUIARA_2025-07-31_G06,10109882AGUIARA,2025-07-31,141458,1,20,0,299.0
10109882AGUIARA_2025-07-31_G07,10109882AGUIARA,2025-07-31,110740,1,4,0,94.0
10109882AGUIARA_2025-07-31_G08,10109882AGUIARA,2025-07-31,118222,1,22,0,976.0
10109882AGUIARA_2025-07-31_G09,10109882AGUIARA,2025-07-31,118222,1,6,0,118.0
10109882AGUIARA_2025-07-31_G10,10109882AGUIARA,2025-07-31,118290,1,8,0,2435.0
10109882AGUIARA_2025-07-31_G11,10109882AGUIARA,2025-07-31,117832,1,6,0,1411.0
10109882AGUIARA_2025-07-31_G12,10109882AGUIARA,2025-07-31,117822,1,2,0,175.0
10109882AGUIARA_2025-07-31_G13,10109882AGUIARA,2025-07-31,141458,1,20,0,177.0
10109882AGUIARA_2025-07-31_G14,10109882AGUIARA,2025-07-31,111468,1,6,0,310.0
10109882AGUIARA_2025-08-04_G02,10109882AGUIARA,2025-08-04,111445,1,5,0,1613.0
10109882AGUIARA_2025-08-05_G02,10109882AGUIARA,2025-08-05,117832,1,3,0,1781.0
10109882AGUIARA_2025-08-05_G03,10109882AGUIARA,2025-08-05,117808,1,3,0,194.0
10109882AGUIARA_2025-08-05_G04,10109882AGUIARA,2025-08-05,118299,1,8,0,165.0
10109882AGUIARA_2025-08-05_G05,10109882AGUIARA,2025-08-05,110371,1,5,0,227.0
10109882AGUIARA_2025-08-05_G06,10109882AGUIARA,2025-08-05,117830,1,4,0,200.0
10109882AGUIARA_2025-08-05_G07,10109882AGUIARA,2025-08-05,110895,1,2,0,268.0
10109882AGUIARA_2025-08-05_G08,10109882AGUIARA,2025-08-05,109640,1,2,0,164.0
10109882AGUIARA_2025-08-05_G09,10109882AGUIARA,2025-08-05,111530,1,140,0,2196.0
10109882AGUIARA_2025-08-05_G10,10109882AGUIARA,2025-08-05,110740,1,8,0,587.0
10109882AGUIARA_2025-08-05_G11,10109882AGUIARA,2025-08-05,117787,1,9,0,213.0
10109882AGUIARA_2025-08-05_G12,10109882AGUIARA,2025-08-05,111330,1,119,0,1276.0
10109882AGUIARA_2025-08-05_G13,10109882AGUIARA,2025-08-05,111430,1,120,0,1873.0
10109882AGUIARA_2025-08-05_G14,10109882AGUIARA,2025-08-05,110747,1,20,0,562.0
10109882AGUIARA_2025-08-06_G02,10109882AGUIARA,2025-08-06,117808,1,1000,0,3164.0
10109882AGUIARA_2025-08-06_G03,10109882AGUIARA,2025-08-06,110373,1,300,0,742.0
10109882AGUIARA_2025-08-06_G05,10109882AGUIARA,2025-08-06,111434,1,157,0,846.0
10109882AGUIARA_2025-08-07_G04,10109882AGUIARA,2025-08-07,111172,1,3,0,97.0
10109882AGUIARA_2025-08-07_G05,10109882AGUIARA,2025-08-07,108711,1,5,0,218.0
10109882AGUIARA_2025-08-07_G06,10109882AGUIARA,2025-08-07,140922,1,2,0,220.0
10109882AGUIARA_2025-08-07_G07,10109882AGUIARA,2025-08-07,116241,1,2,0,86.0
10109882AGUIARA_2025-08-07_G08,10109882AGUIARA,2025-08-07,111466,1,2,0,43.0
10109882AGUIARA_2025-08-07_G09,10109882AGUIARA,2025-08-07,111443,1,2,0,88.0
10109882AGUIARA_2025-08-07_G10,10109882AGUIARA,2025-08-07,117831,1,7,0,238.0
10109882AGUIARA_2025-08-07_G11,10109882AGUIARA,2025-08-07,111418,1,23,0,529.0
10109882AGUIARA_2025-08-07_G12,10109882AGUIARA,2025-08-07,107236,1,2,0,128.0
10109882AGUIARA_2025-08-07_G13,10109882AGUIARA,2025-08-07,117785,1,3,0,78.0
10109882AGUIARA_2025-08-07_G14,10109882AGUIARA,2025-08-07,118317,1,10,0,145.0
10109882AGUIARA_2025-08-07_G15,10109882AGUIARA,2025-08-07,108794,1,6,0,98.0
10109882AGUIARA_2025-08-07_G16,10109882AGUIARA,2025-08-07,111442,1,6,0,92.0
10109882AGUIARA_2025-08-07_G17,10109882AGUIARA,2025-08-07,141823,2,16,28,391.0
10109882AGUIARA_2025-08-07_G18,10109882AGUIARA,2025-08-07,111532,2,5,29,842.0
10109882AGUIARA_2025-08-07_G19,10109882AGUIARA,2025-08-07,117833,1,2,0,78.0
10109882AGUIARA_2025-08-07_G20,10109882AGUIARA,2025-08-07,118317,1,2,0,119.0
10109882AGUIARA_2025-08-08_G02,10109882AGUIARA,2025-08-08,140922,1,2,0,51.0
10109882AGUIARA_2025-08-08_G03,10109882AGUIARA,2025-08-08,117787,1,1,0,269.0
10109882AGUIARA_2025-08-08_G04,10109882AGUIARA,2025-08-08,107236,1,1,0,340.0
10109882AGUIARA_2025-08-08_G05,10109882AGUIARA,2025-08-08,110740,1,6,0,228.0
10109882AGUIARA_2025-08-08_G06,10109882AGUIARA,2025-08-08,117809,1,1,0,359.0
10109882AGUIARA_2025-08-08_G07,10109882AGUIARA,2025-08-08,117830,1,4,0,471.0
10109882AGUIARA_2025-08-08_G08,10109882AGUIARA,2025-08-08,140957,1,2,0,343.0
10109882AGUIARA_2025-08-08_G09,10109882AGUIARA,2025-08-08,117862,1,1,0,155.0
10109882AGUIARA_2025-08-08_G10,10109882AGUIARA,2025-08-08,109640,1,2,0,177.0
10109882AGUIARA_2025-08-08_G11,10109882AGUIARA,2025-08-08,118222,1,10,0,1201.0
10109882AGUIARA_2025-08-08_G12,10109882AGUIARA,2025-08-08,111569,1,8,0,390.0
10109882AGUIARA_2025-08-08_G13,10109882AGUIARA,2025-08-08,117855,1,2,0,698.0
10109882AGUIARA_2025-08-08_G14,10109882AGUIARA,2025-08-08,111602,1,2,0,103.0
10109882AGUIARA_2025-08-08_G15,10109882AGUIARA,2025-08-08,118094,1,2,0,82.0
10109882AGUIARA_2025-08-08_G16,10109882AGUIARA,2025-08-08,110711,1,4,0,177.0
10109882AGUIARA_2025-08-08_G17,10109882AGUIARA,2025-08-08,110515,1,2,0,172.0
10109882AGUIARA_2025-08-08_G18,10109882AGUIARA,2025-08-08,111532,1,4,0,357.0
10109882AGUIARA_2025-08-08_G19,10109882AGUIARA,2025-08-08,111532,1,2,0,37.0
10109882AGUIARA_2025-08-08_G20,10109882AGUIARA,2025-08-08,111466,1,2,0,102.0
10109882AGUIARA_2025-08-08_G21,10109882AGUIARA,2025-08-08,111182,2,3,22,208.0
10109882AGUIARA_2025-08-08_G22,10109882AGUIARA,2025-08-08,111418,1,20,0,342.0
10109882AGUIARA_2025-08-08_G23,10109882AGUIARA,2025-08-08,110741,1,4,0,1485.0
10109882AGUIARA_2025-08-08_G24,10109882AGUIARA,2025-08-08,118298,1,6,0,163.0
10109882AGUIARA_2025-08-08_G25,10109882AGUIARA,2025-08-08,118283,1,4,0,157.0
10109882AGUIARA_2025-08-08_G26,10109882AGUIARA,2025-08-08,110711,1,8,0,629.0
10109882AGUIARA_2025-08-08_G27,10109882AGUIARA,2025-08-08,109640,1,35,0,402.0
10109882AGUIARA_2025-08-08_G28,10109882AGUIARA,2025-08-08,111530,1,20,0,445.0
10109882AGUIARA_2025-08-08_G30,10109882AGUIARA,2025-08-08,118299,1,150,0,667.0
10109882AGUIARA_2025-08-08_G32,10109882AGUIARA,2025-08-08,141458,1,4,0,303.0
10109882AGUIARA_2025-08-08_G33,10109882AGUIARA,2025-08-08,105705,1,4,0,210.0
10109882AGUIARA_2025-08-08_G34,10109882AGUIARA,2025-08-08,111348,1,4,0,86.0
10109882AGUIARA_2025-08-08_G35,10109882AGUIARA,2025-08-08,141456,1,30,0,976.0
10109882AGUIARA_2025-08-08_G36,10109882AGUIARA,2025-08-08,118222,1,4,0,261.0
10109882AGUIARA_2025-08-08_G37,10109882AGUIARA,2025-08-08,110371,1,20,0,397.0
10109882AGUIARA_2025-08-09_G02,10109882AGUIARA,2025-08-09,111467,1,12,0,483.0
10109882AGUIARA_2025-08-09_G03,10109882AGUIARA,2025-08-09,110515,1,20,0,314.0
10109882AGUIARA_2025-08-09_G04,10109882AGUIARA,2025-08-09,118222,1,4,0,2092.0
10109882AGUIARA_2025-08-09_G05,10109882AGUIARA,2025-08-09,111467,1,12,0,404.0
10109882AGUIARA_2025-08-09_G06,10109882AGUIARA,2025-08-09,107629,1,40,0,1661.0
10109882AGUIARA_2025-08-09_G07,10109882AGUIARA,2025-08-09,141458,1,4,0,495.0
10109882AGUIARA_2025-08-09_G08,10109882AGUIARA,2025-08-09,105705,1,4,0,385.0
10109882AGUIARA_2025-08-09_G09,10109882AGUIARA,2025-08-09,117820,1,40,0,2274.0
10109882AGUIARA_2025-08-09_G10,10109882AGUIARA,2025-08-09,110371,1,30,0,339.0
10109882AGUIARA_2025-08-10_G02,10109882AGUIARA,2025-08-10,111532,1,33,0,558.0
10109882AGUIARA_2025-08-10_G03,10109882AGUIARA,2025-08-10,108795,1,5,0,66.0
10109882AGUIARA_2025-08-10_G04,10109882AGUIARA,2025-08-10,118285,1,12,0,159.0
10109882AGUIARA_2025-08-10_G05,10109882AGUIARA,2025-08-10,117821,1,48,0,818.0
10109882AGUIARA_2025-08-10_G06,10109882AGUIARA,2025-08-10,108711,1,40,0,650.0
10109882AGUIARA_2025-08-10_G07,10109882AGUIARA,2025-08-10,105705,1,15,0,517.0
10109882AGUIARA_2025-08-10_G08,10109882AGUIARA,2025-08-10,140922,1,12,0,350.0
10109882AGUIARA_2025-08-10_G09,10109882AGUIARA,2025-08-10,111348,1,30,0,391.0
10109882AGUIARA_2025-08-10_G10,10109882AGUIARA,2025-08-10,111443,1,18,0,895.0
10109882AGUIARA_2025-08-10_G11,10109882AGUIARA,2025-08-10,117833,1,14,0,322.0
10109882AGUIARA_2025-08-10_G12,10109882AGUIARA,2025-08-10,111743,1,14,0,195.0
10109882AGUIARA_2025-08-10_G13,10109882AGUIARA,2025-08-10,108798,1,6,0,523.0
10109882AGUIARA_2025-08-10_G14,10109882AGUIARA,2025-08-10,117787,1,32,0,341.0
10109882AGUIARA_2025-08-10_G15,10109882AGUIARA,2025-08-10,141456,1,50,0,1289.0
10109882AGUIARA_2025-08-11_G02,10109882AGUIARA,2025-08-11,109645,1,16,0,218.0
10109882AGUIARA_2025-08-11_G03,10109882AGUIARA,2025-08-11,118326,1,24,0,634.0
10109882AGUIARA_2025-08-11_G04,10109882AGUIARA,2025-08-11,110745,1,8,0,294.0
10109882AGUIARA_2025-08-11_G05,10109882AGUIARA,2025-08-11,118317,1,12,0,193.0
10109882AGUIARA_2025-08-11_G06,10109882AGUIARA,2025-08-11,111172,1,28,0,908.0
10109882AGUIARA_2025-08-11_G07,10109882AGUIARA,2025-08-11,141458,1,50,0,984.0
10109882AGUIARA_2025-08-11_G08,10109882AGUIARA,2025-08-11,110740,1,27,0,860.0
10109882AGUIARA_2025-08-11_G09,10109882AGUIARA,2025-08-11,110325,1,16,0,2280.0
10109882AGUIARA_2025-08-11_G10,10109882AGUIARA,2025-08-11,110325,1,2,0,31.0
10109882AGUIARA_2025-08-11_G11,10109882AGUIARA,2025-08-11,109643,1,4,0,412.0
10109882AGUIARA_2025-08-11_G12,10109882AGUIARA,2025-08-11,117832,1,10,0,159.0
10109882AGUIARA_2025-08-11_G13,10109882AGUIARA,2025-08-11,118299,1,2,0,1138.0
10109882AGUIARA_2025-08-11_G14,10109882AGUIARA,2025-08-11,118299,1,242,0,406.0
10109882AGUIARA_2025-08-11_G15,10109882AGUIARA,2025-08-11,110371,1,15,0,168.0
10109882AGUIARA_2025-08-11_G16,10109882AGUIARA,2025-08-11,117808,1,500,0,1940.0
10109882AGUIARA_2025-08-11_G17,10109882AGUIARA,2025-08-11,117820,1,2,0,39.0
10109882AGUIARA_2025-08-11_G19,10109882AGUIARA,2025-08-11,118140,1,20,0,582.0
10109882AGUIARA_2025-08-11_G20,10109882AGUIARA,2025-08-11,111434,1,1,0,92.0
10109882AGUIARA_2025-08-11_G21,10109882AGUIARA,2025-08-11,160055,1,4,0,88.0
10109882AGUIARA_2025-08-11_G22,10109882AGUIARA,2025-08-11,141048,1,4,0,161.0
10109882AGUIARA_2025-08-11_G23,10109882AGUIARA,2025-08-11,111431,1,8,0,152.0
10109882AGUIARA_2025-08-11_G25,10109882AGUIARA,2025-08-11,108711,1,2,0,62.0
10109882AGUIARA_2025-08-12_G02,10109882AGUIARA,2025-08-12,117831,1,4,0,1055.0
10109882AGUIARA_2025-08-12_G03,10109882AGUIARA,2025-08-12,117785,1,4,0,180.0
10109882AGUIARA_2025-08-12_G04,10109882AGUIARA,2025-08-12,108794,1,2,0,94.0
10109882AGUIARA_2025-08-12_G05,10109882AGUIARA,2025-08-12,141823,1,4,0,387.0
10109882AGUIARA_2025-08-12_G06,10109882AGUIARA,2025-08-12,111438,1,1,0,185.0
10109882AGUIARA_2025-08-12_G07,10109882AGUIARA,2025-08-12,107892,1,2,0,149.0
10109882AGUIARA_2025-08-12_G08,10109882AGUIARA,2025-08-12,110372,1,4,0,857.0
10109882AGUIARA_2025-08-12_G09,10109882AGUIARA,2025-08-12,109643,1,4,0,202.0
10109882AGUIARA_2025-08-12_G10,10109882AGUIARA,2025-08-12,117832,1,1,0,60.0
10109882AGUIARA_2025-08-12_G11,10109882AGUIARA,2025-08-12,117820,1,13,0,231.0
10109882AGUIARA_2025-08-12_G12,10109882AGUIARA,2025-08-12,110325,1,8,0,281.0
10109882AGUIARA_2025-08-12_G13,10109882AGUIARA,2025-08-12,118299,1,14,0,1025.0
10109882AGUIARA_2025-08-12_G14,10109882AGUIARA,2025-08-12,118299,1,66,0,891.0
10109882AGUIARA_2025-08-12_G15,10109882AGUIARA,2025-08-12,110373,1,4,0,673.0
10109882AGUIARA_2025-08-12_G16,10109882AGUIARA,2025-08-12,110374,1,2,0,112.0
10109882AGUIARA_2025-08-12_G17,10109882AGUIARA,2025-08-12,117808,1,21,0,197.0
10109882AGUIARA_2025-08-12_G18,10109882AGUIARA,2025-08-12,110373,1,16,0,1328.0
10109882AGUIARA_2025-08-12_G19,10109882AGUIARA,2025-08-12,117808,1,48,0,1007.0
10109882AGUIARA_2025-08-12_G20,10109882AGUIARA,2025-08-12,117830,1,11,0,213.0
10109882AGUIARA_2025-08-12_G22,10109882AGUIARA,2025-08-12,117821,1,30,0,396.0
10109882AGUIARA_2025-08-12_G23,10109882AGUIARA,2025-08-12,140922,1,8,0,164.0
10109882AGUIARA_2025-08-12_G24,10109882AGUIARA,2025-08-12,111463,1,60,0,582.0
10109882AGUIARA_2025-08-12_G25,10109882AGUIARA,2025-08-12,111463,1,60,0,91.0
10109882AGUIARA_2025-08-12_G26,10109882AGUIARA,2025-08-12,111330,1,12,0,967.0
10109882AGUIARA_2025-08-12_G27,10109882AGUIARA,2025-08-12,117841,1,4,0,476.0
10109882AGUIARA_2025-08-12_G28,10109882AGUIARA,2025-08-12,141456,1,40,0,402.0
10109882AGUIARA_2025-08-12_G29,10109882AGUIARA,2025-08-12,117785,1,40,0,1018.0
10109882AGUIARA_2025-08-12_G30,10109882AGUIARA,2025-08-12,111172,1,8,0,605.0
10109882AGUIARA_2025-08-12_G31,10109882AGUIARA,2025-08-12,141458,1,60,0,394.0
10109882AGUIARA_2025-08-15_G02,10109882AGUIARA,2025-08-15,110755,1,6,0,335.0
10109882AGUIARA_2025-08-15_G03,10109882AGUIARA,2025-08-15,117835,1,4,0,143.0
10109882AGUIARA_2025-08-15_G04,10109882AGUIARA,2025-08-15,117862,1,6,0,202.0
10109882AGUIARA_2025-08-15_G05,10109882AGUIARA,2025-08-15,117855,1,5,0,175.0
10109882AGUIARA_2025-08-15_G06,10109882AGUIARA,2025-08-15,118094,1,2,0,99.0
10109882AGUIARA_2025-08-15_G07,10109882AGUIARA,2025-08-15,110733,1,2,0,104.0
10109882AGUIARA_2025-08-15_G08,10109882AGUIARA,2025-08-15,141047,1,4,0,159.0
10109882AGUIARA_2025-08-15_G09,10109882AGUIARA,2025-08-15,110339,1,10,0,510.0
10109882AGUIARA_2025-08-15_G10,10109882AGUIARA,2025-08-15,111467,1,3,0,111.0
10109882AGUIARA_2025-08-15_G11,10109882AGUIARA,2025-08-15,111463,1,25,0,3273.0
10109882AGUIARA_2025-08-16_G02,10109882AGUIARA,2025-08-16,117785,1,10,0,128.0
10109882AGUIARA_2025-08-16_G03,10109882AGUIARA,2025-08-16,108711,1,15,0,201.0
10109882AGUIARA_2025-08-16_G04,10109882AGUIARA,2025-08-16,111463,1,30,0,432.0
10109882AGUIARA_2025-08-16_G05,10109882AGUIARA,2025-08-16,111348,1,10,0,507.0
10109882AGUIARA_2025-08-16_G06,10109882AGUIARA,2025-08-16,111418,1,25,0,275.0
10109882AGUIARA_2025-08-16_G07,10109882AGUIARA,2025-08-16,108798,1,10,0,380.0
10109882AGUIARA_2025-08-16_G08,10109882AGUIARA,2025-08-16,141456,1,40,0,340.0
10109882AGUIARA_2025-08-16_G09,10109882AGUIARA,2025-08-16,108794,1,22,0,450.0
10109882AGUIARA_2025-08-16_G10,10109882AGUIARA,2025-08-16,108794,1,10,0,68.0
10109882AGUIARA_2025-08-16_G11,10109882AGUIARA,2025-08-16,118140,1,30,0,723.0
10109882AGUIARA_2025-08-16_G12,10109882AGUIARA,2025-08-16,118140,1,53,0,432.0
10109882AGUIARA_2025-08-16_G13,10109882AGUIARA,2025-08-16,117831,1,20,0,732.0
10109882AGUIARA_2025-08-16_G14,10109882AGUIARA,2025-08-16,111532,1,30,0,480.0
10109882AGUIARA_2025-08-16_G15,10109882AGUIARA,2025-08-16,141458,1,40,0,620.0
10109882AGUIARA_2025-08-16_G16,10109882AGUIARA,2025-08-16,141457,1,60,0,745.0
10109882AGUIARA_2025-08-16_G17,10109882AGUIARA,2025-08-16,110313,1,6,0,3064.0
10109882AGUIARA_2025-08-16_G18,10109882AGUIARA,2025-08-16,110372,1,4,0,402.0
10109882AGUIARA_2025-08-16_G19,10109882AGUIARA,2025-08-16,117830,1,2,0,152.0
10109882AGUIARA_2025-08-16_G20,10109882AGUIARA,2025-08-16,118222,1,4,0,261.0
10109882AGUIARA_2025-08-16_G21,10109882AGUIARA,2025-08-16,110895,1,3,0,178.0
10109882AGUIARA_2025-08-16_G22,10109882AGUIARA,2025-08-16,110747,1,4,0,172.0
10109882AGUIARA_2025-08-16_G23,10109882AGUIARA,2025-08-16,111660,1,4,0,143.0
10109882AGUIARA_2025-08-16_G24,10109882AGUIARA,2025-08-16,110373,1,18,0,460.0
10109882AGUIARA_2025-08-17_G02,10109882AGUIARA,2025-08-17,111466,1,8,0,286.0
10109882AGUIARA_2025-08-17_G03,10109882AGUIARA,2025-08-17,111435,1,4,0,154.0
10109882AGUIARA_2025-08-17_G04,10109882AGUIARA,2025-08-17,111444,1,8,0,521.0
10109882AGUIARA_2025-08-17_G05,10109882AGUIARA,2025-08-17,108795,1,4,0,91.0
10109882AGUIARA_2025-08-17_G06,10109882AGUIARA,2025-08-17,108711,1,2,0,76.0
10109882AGUIARA_2025-08-17_G07,10109882AGUIARA,2025-08-17,140922,1,1,0,64.0
10109882AGUIARA_2025-08-17_G08,10109882AGUIARA,2025-08-17,111443,1,12,0,283.0
10109882AGUIARA_2025-08-17_G09,10109882AGUIARA,2025-08-17,117821,1,1,0,95.0
10109882AGUIARA_2025-08-17_G10,10109882AGUIARA,2025-08-17,111532,1,8,0,164.0
10109882AGUIARA_2025-08-17_G11,10109882AGUIARA,2025-08-17,110745,1,4,0,140.0
10109882AGUIARA_2025-08-17_G12,10109882AGUIARA,2025-08-17,108794,1,8,0,122.0
10109882AGUIARA_2025-08-17_G13,10109882AGUIARA,2025-08-17,111418,1,8,0,142.0
10109882AGUIARA_2025-08-17_G14,10109882AGUIARA,2025-08-17,109643,1,8,0,811.0
10109882AGUIARA_2025-08-17_G15,10109882AGUIARA,2025-08-17,117820,1,55,0,824.0
10109882AGUIARA_2025-08-17_G16,10109882AGUIARA,2025-08-17,118299,1,20,0,521.0
10109882AGUIARA_2025-08-17_G17,10109882AGUIARA,2025-08-17,110371,1,4,0,128.0
10109882AGUIARA_2025-08-17_G18,10109882AGUIARA,2025-08-17,117808,1,30,0,319.0
10109882AGUIARA_2025-08-17_G19,10109882AGUIARA,2025-08-17,117830,1,23,0,639.0
10109882AGUIARA_2025-08-17_G20,10109882AGUIARA,2025-08-17,141202,1,5,0,85.0
10109882AGUIARA_2025-08-17_G21,10109882AGUIARA,2025-08-17,117856,1,2,0,454.0
10109882AGUIARA_2025-08-17_G22,10109882AGUIARA,2025-08-17,111463,1,3,0,82.0
10109882AGUIARA_2025-08-17_G23,10109882AGUIARA,2025-08-17,118140,1,4,0,148.0
10109882AGUIARA_2025-08-17_G24,10109882AGUIARA,2025-08-17,110313,1,2,0,248.0
10109882AGUIARA_2025-08-17_G25,10109882AGUIARA,2025-08-17,109641,1,6,0,212.0
10109882AGUIARA_2025-08-17_G26,10109882AGUIARA,2025-08-17,110372,1,2,0,164.0
10109882AGUIARA_2025-08-17_G27,10109882AGUIARA,2025-08-17,110372,1,55,0,509.0
10109882AGUIARA_2025-08-18_G02,10109882AGUIARA,2025-08-18,111469,1,78,0,892.0
10109882AGUIARA_2025-08-18_G03,10109882AGUIARA,2025-08-18,111469,1,22,0,402.0
10109882AGUIARA_2025-08-18_G04,10109882AGUIARA,2025-08-18,110711,1,6,0,194.0
10109882AGUIARA_2025-08-18_G05,10109882AGUIARA,2025-08-18,111466,1,7,0,184.0
10109882AGUIARA_2025-08-18_G06,10109882AGUIARA,2025-08-18,111469,1,6,0,108.0
10109882AGUIARA_2025-08-18_G07,10109882AGUIARA,2025-08-18,111463,1,1,0,63.0
10109882AGUIARA_2025-08-18_G08,10109882AGUIARA,2025-08-18,110372,1,52,0,630.0
10109882AGUIARA_2025-08-18_G09,10109882AGUIARA,2025-08-18,110373,1,30,0,1785.0
10109882AGUIARA_2025-08-18_G10,10109882AGUIARA,2025-08-18,109643,1,10,0,101.0
10109882AGUIARA_2025-08-18_G11,10109882AGUIARA,2025-08-18,117832,1,10,0,102.0
10109882AGUIARA_2025-08-18_G12,10109882AGUIARA,2025-08-18,117832,1,30,0,148.0
10109882AGUIARA_2025-08-18_G13,10109882AGUIARA,2025-08-18,117820,1,80,0,734.0
10109882AGUIARA_2025-08-18_G14,10109882AGUIARA,2025-08-18,110372,1,150,0,1117.0
10109882AGUIARA_2025-08-18_G15,10109882AGUIARA,2025-08-18,117809,1,50,0,653.0
10109882AGUIARA_2025-08-18_G16,10109882AGUIARA,2025-08-18,118299,1,300,0,1317.0
10109882AGUIARA_2025-08-18_G17,10109882AGUIARA,2025-08-18,110371,1,30,0,256.0
10109882AGUIARA_2025-08-18_G18,10109882AGUIARA,2025-08-18,117808,1,200,0,792.0
10109882AGUIARA_2025-08-18_G19,10109882AGUIARA,2025-08-18,117830,1,10,0,285.0
10109882AGUIARA_2025-08-18_G20,10109882AGUIARA,2025-08-18,111438,1,2,0,663.0
10109882AGUIARA_2025-08-18_G21,10109882AGUIARA,2025-08-18,117820,1,10,0,260.0
10109882AGUIARA_2025-08-18_G22,10109882AGUIARA,2025-08-18,110372,1,4,0,429.0
10109882AGUIARA_2025-08-18_G24,10109882AGUIARA,2025-08-18,111655,1,10,0,634.0
10109882AGUIARA_2025-08-18_G25,10109882AGUIARA,2025-08-18,117835,1,10,0,429.0
10109882AGUIARA_2025-08-18_G26,10109882AGUIARA,2025-08-18,140911,1,2,0,108.0
10109882AGUIARA_2025-08-18_G27,10109882AGUIARA,2025-08-18,110373,1,146,0,1118.0
10109882AGUIARA_2025-08-18_G28,10109882AGUIARA,2025-08-18,109643,1,10,0,137.0
10109882AGUIARA_2025-08-18_G29,10109882AGUIARA,2025-08-18,110372,1,342,0,1754.0
10109882AGUIARA_2025-08-18_G30,10109882AGUIARA,2025-08-18,110372,1,156,0,898.0
10109882AGUIARA_2025-08-18_G31,10109882AGUIARA,2025-08-18,110325,1,20,0,550.0
10109882AGUIARA_2025-08-19_G02,10109882AGUIARA,2025-08-19,110373,1,1,0,75.0
10109882AGUIARA_2025-08-19_G03,10109882AGUIARA,2025-08-19,117820,1,14,0,163.0
10109882AGUIARA_2025-08-19_G04,10109882AGUIARA,2025-08-19,110372,1,16,0,133.0
10109882AGUIARA_2025-08-19_G05,10109882AGUIARA,2025-08-19,118299,1,5,0,108.0
10109882AGUIARA_2025-08-19_G06,10109882AGUIARA,2025-08-19,110371,1,1,0,40.0
10109882AGUIARA_2025-08-19_G07,10109882AGUIARA,2025-08-19,117808,1,32,0,306.0
10109882AGUIARA_2025-08-19_G08,10109882AGUIARA,2025-08-19,141202,1,2,0,74.0
10109882AGUIARA_2025-08-19_G09,10109882AGUIARA,2025-08-19,117785,1,1,0,242.0
10109882AGUIARA_2025-08-19_G10,10109882AGUIARA,2025-08-19,111463,1,1,0,50.0
10109882AGUIARA_2025-08-19_G11,10109882AGUIARA,2025-08-19,117821,1,8,0,148.0
10109882AGUIARA_2025-08-19_G12,10109882AGUIARA,2025-08-19,108798,1,1,0,84.0
10109882AGUIARA_2025-08-19_G13,10109882AGUIARA,2025-08-19,111532,1,20,0,240.0
10109882AGUIARA_2025-08-19_G14,10109882AGUIARA,2025-08-19,110787,1,1,0,176.0
10109882AGUIARA_2025-08-19_G15,10109882AGUIARA,2025-08-19,141457,1,4,0,800.0
10109882AGUIARA_2025-08-19_G16,10109882AGUIARA,2025-08-19,110515,1,31,0,666.0
10109882AGUIARA_2025-08-19_G17,10109882AGUIARA,2025-08-19,117856,1,66,0,1356.0
10109882AGUIARA_2025-08-19_G18,10109882AGUIARA,2025-08-19,118222,1,11,0,1053.0
10109882AGUIARA_2025-08-19_G19,10109882AGUIARA,2025-08-19,111615,1,3,0,340.0
10109882AGUIARA_2025-08-19_G20,10109882AGUIARA,2025-08-19,117835,1,1,0,78.0
10109882AGUIARA_2025-08-19_G21,10109882AGUIARA,2025-08-19,110745,1,100,0,1741.0
10109882AGUIARA_2025-08-19_G22,10109882AGUIARA,2025-08-19,110741,1,150,0,1387.0
10109882AGUIARA_2025-08-19_G23,10109882AGUIARA,2025-08-19,111438,1,2,0,356.0
10109882AGUIARA_2025-08-19_G24,10109882AGUIARA,2025-08-19,111438,1,98,0,455.0
10109882AGUIARA_2025-08-19_G25,10109882AGUIARA,2025-08-19,111438,1,50,0,230.0
10109882AGUIARA_2025-08-19_G26,10109882AGUIARA,2025-08-19,111569,1,181,0,1402.0
10109882AGUIARA_2025-08-19_G28,10109882AGUIARA,2025-08-19,111418,1,28,0,356.0
10109882AGUIARA_2025-08-19_G29,10109882AGUIARA,2025-08-19,101228,1,22,0,583.0
10109882AGUIARA_2025-08-19_G30,10109882AGUIARA,2025-08-19,118140,1,16,0,442.0
10109882AGUIARA_2025-08-19_G31,10109882AGUIARA,2025-08-19,141457,1,50,0,946.0
10109882AGUIARA_2025-08-20_G02,10109882AGUIARA,2025-08-20,109643,1,20,0,431.0
10109882AGUIARA_2025-08-20_G03,10109882AGUIARA,2025-08-20,118281,1,23,0,355.0
10109882AGUIARA_2025-08-20_G04,10109882AGUIARA,2025-08-20,117830,1,50,0,1195.0
10109882AGUIARA_2025-08-20_G05,10109882AGUIARA,2025-08-20,111530,1,200,0,2369.0
10109882AGUIARA_2025-08-20_G06,10109882AGUIARA,2025-08-20,117854,1,2,0,525.0
10109882AGUIARA_2025-08-20_G08,10109882AGUIARA,2025-08-20,141456,1,50,0,824.0
10109882AGUIARA_2025-08-20_G09,10109882AGUIARA,2025-08-20,118140,1,50,0,577.0
10109882AGUIARA_2025-08-20_G10,10109882AGUIARA,2025-08-20,111418,1,100,0,697.0
10109882AGUIARA_2025-08-20_G11,10109882AGUIARA,2025-08-20,111462,1,160,0,917.0
10109882AGUIARA_2025-08-20_G12,10109882AGUIARA,2025-08-20,110711,1,38,0,679.0
10109882AGUIARA_2025-08-20_G13,10109882AGUIARA,2025-08-20,109640,1,20,0,679.0
10109882AGUIARA_2025-08-20_G14,10109882AGUIARA,2025-08-20,110339,1,24,0,302.0
10109882AGUIARA_2025-08-20_G15,10109882AGUIARA,2025-08-20,117820,1,30,0,1345.0
10109882AGUIARA_2025-08-20_G16,10109882AGUIARA,2025-08-20,118299,1,40,0,363.0
10109882AGUIARA_2025-08-20_G17,10109882AGUIARA,2025-08-20,110372,1,8,0,68.0
10109882AGUIARA_2025-08-20_G18,10109882AGUIARA,2025-08-20,117808,1,20,0,156.0
10109882AGUIARA_2025-08-21_G02,10109882AGUIARA,2025-08-21,109643,1,5,0,120.0
10109882AGUIARA_2025-08-21_G03,10109882AGUIARA,2025-08-21,117820,1,28,0,296.0
10109882AGUIARA_2025-08-21_G04,10109882AGUIARA,2025-08-21,118299,1,50,0,975.0
10109882AGUIARA_2025-08-21_G05,10109882AGUIARA,2025-08-21,110372,1,17,0,264.0
10109882AGUIARA_2025-08-21_G06,10109882AGUIARA,2025-08-21,117809,1,28,0,423.0
10109882AGUIARA_2025-08-21_G07,10109882AGUIARA,2025-08-21,110371,1,40,0,351.0
10109882AGUIARA_2025-08-21_G08,10109882AGUIARA,2025-08-21,117808,1,50,0,559.0
10109882AGUIARA_2025-08-21_G09,10109882AGUIARA,2025-08-21,117830,1,20,0,2679.0
10109882AGUIARA_2025-08-21_G10,10109882AGUIARA,2025-08-21,117822,1,5,0,119.0
10109882AGUIARA_2025-08-21_G11,10109882AGUIARA,2025-08-21,110372,1,33,0,437.0
10109882AGUIARA_2025-08-21_G13,10109882AGUIARA,2025-08-21,111463,1,24,0,374.0
10109882AGUIARA_2025-08-21_G14,10109882AGUIARA,2025-08-21,117833,1,11,0,275.0
10109882AGUIARA_2025-08-21_G15,10109882AGUIARA,2025-08-21,111468,1,4,0,114.0
10109882AGUIARA_2025-08-21_G16,10109882AGUIARA,2025-08-21,111418,1,3,0,185.0
10109882AGUIARA_2025-08-21_G17,10109882AGUIARA,2025-08-21,109641,1,6,0,141.0
10109882AGUIARA_2025-08-21_G18,10109882AGUIARA,2025-08-21,109641,1,6,0,66.0
10109882AGUIARA_2025-08-21_G19,10109882AGUIARA,2025-08-21,111462,1,4,0,1155.0
10109882AGUIARA_2025-08-21_G20,10109882AGUIARA,2025-08-21,111469,1,7,0,198.0
10109882AGUIARA_2025-08-21_G21,10109882AGUIARA,2025-08-21,111466,1,2,0,239.0
10109882AGUIARA_2025-08-21_G22,10109882AGUIARA,2025-08-21,111466,1,10,0,109.0
10109882AGUIARA_2025-08-21_G23,10109882AGUIARA,2025-08-21,111469,1,5,0,2354.0
10109882AGUIARA_2025-08-21_G24,10109882AGUIARA,2025-08-21,111469,1,2,0,31.0
10109882AGUIARA_2025-08-21_G25,10109882AGUIARA,2025-08-21,117820,1,24,0,544.0
10109882AGUIARA_2025-08-21_G26,10109882AGUIARA,2025-08-21,111469,1,8,0,137.0
10109882AGUIARA_2025-08-21_G27,10109882AGUIARA,2025-08-21,111466,1,16,0,224.0
10109882AGUIARA_2025-08-21_G28,10109882AGUIARA,2025-08-21,110787,1,11,0,156.0
10109882AGUIARA_2025-08-22_G02,10109882AGUIARA,2025-08-22,111660,1,8,0,164.0
10109882AGUIARA_2025-08-22_G03,10109882AGUIARA,2025-08-22,117862,1,10,0,595.0
10109882AGUIARA_2025-08-22_G04,10109882AGUIARA,2025-08-22,117785,1,16,0,255.0
10109882AGUIARA_2025-08-22_G05,10109882AGUIARA,2025-08-22,111418,1,18,0,287.0
10109882AGUIARA_2025-08-22_G06,10109882AGUIARA,2025-08-22,117808,1,30,0,642.0
10109882AGUIARA_2025-08-22_G07,10109882AGUIARA,2025-08-22,110371,1,12,0,152.0
10109882AGUIARA_2025-08-22_G08,10109882AGUIARA,2025-08-22,110374,1,160,0,1991.0
10109882AGUIARA_2025-08-22_G09,10109882AGUIARA,2025-08-22,117820,1,300,0,1642.0
10109882AGUIARA_2025-08-22_G10,10109882AGUIARA,2025-08-22,110375,1,120,0,3039.0
10109882AGUIARA_2025-08-22_G11,10109882AGUIARA,2025-08-22,110372,1,1100,0,415.0
10109882AGUIARA_2025-08-22_G13,10109882AGUIARA,2025-08-22,111530,1,16,0,450.0
10109882AGUIARA_2025-08-22_G14,10109882AGUIARA,2025-08-22,117855,1,4,0,163.0
10109882AGUIARA_2025-08-22_G15,10109882AGUIARA,2025-08-22,107629,1,6,0,102.0
10109882AGUIARA_2025-08-22_G16,10109882AGUIARA,2025-08-22,117786,1,4,0,141.0
10109882AGUIARA_2025-08-22_G17,10109882AGUIARA,2025-08-22,111602,1,2,0,109.0
10109882AGUIARA_2025-08-22_G18,10109882AGUIARA,2025-08-22,110515,1,2,0,113.0
10109882AGUIARA_2025-08-22_G19,10109882AGUIARA,2025-08-22,117821,1,12,0,161.0
10109882AGUIARA_2025-08-22_G20,10109882AGUIARA,2025-08-22,111468,1,10,0,178.0
10109882AGUIARA_2025-08-22_G21,10109882AGUIARA,2025-08-22,107236,1,8,0,184.0
10109882AGUIARA_2025-08-22_G22,10109882AGUIARA,2025-08-22,110740,1,6,0,190.0
10109882AGUIARA_2025-08-22_G23,10109882AGUIARA,2025-08-22,111469,1,2,0,1494.0
10109882AGUIARA_2025-08-22_G24,10109882AGUIARA,2025-08-22,111463,1,2,0,67.0
10109882AGUIARA_2025-08-22_G25,10109882AGUIARA,2025-08-22,111418,1,2,0,99.0
10109882AGUIARA_2025-08-22_G26,10109882AGUIARA,2025-08-22,111466,1,2,0,82.0
10109882AGUIARA_2025-08-22_G27,10109882AGUIARA,2025-08-22,117808,1,8,0,270.0
10109882AGUIARA_2025-08-22_G28,10109882AGUIARA,2025-08-22,110372,1,20,0,178.0
10109882AGUIARA_2025-08-22_G29,10109882AGUIARA,2025-08-22,110372,1,8,0,79.0
10109882AGUIARA_2025-08-22_G30,10109882AGUIARA,2025-08-22,118299,1,10,0,283.0
10109882AGUIARA_2025-08-22_G31,10109882AGUIARA,2025-08-22,110371,1,2,0,78.0
10109882AGUIARA_2025-08-22_G32,10109882AGUIARA,2025-08-22,110841,1,60,0,517.0
10109882AGUIARA_2025-08-22_G33,10109882AGUIARA,2025-08-22,118306,1,1,0,527.0
10109882AGUIARA_2025-08-23_G02,10109882AGUIARA,2025-08-23,111463,1,132,0,1488.0
10109882AGUIARA_2025-08-23_G03,10109882AGUIARA,2025-08-23,108798,1,8,0,160.0
10109882AGUIARA_2025-08-23_G04,10109882AGUIARA,2025-08-23,108798,1,20,0,392.0
10109882AGUIARA_2025-08-23_G05,10109882AGUIARA,2025-08-23,117787,1,10,0,117.0
10109882AGUIARA_2025-08-23_G06,10109882AGUIARA,2025-08-23,117787,1,5,0,52.0
10109882AGUIARA_2025-08-23_G07,10109882AGUIARA,2025-08-23,111431,1,20,0,441.0
10109882AGUIARA_2025-08-23_G08,10109882AGUIARA,2025-08-23,111468,1,29,0,488.0
10109882AGUIARA_2025-08-23_G09,10109882AGUIARA,2025-08-23,109645,2,30,14,321.0
10109882AGUIARA_2025-08-23_G10,10109882AGUIARA,2025-08-23,105705,1,24,0,768.0
10109882AGUIARA_2025-08-23_G11,10109882AGUIARA,2025-08-23,105705,1,6,0,90.0
10109882AGUIARA_2025-08-23_G12,10109882AGUIARA,2025-08-23,110748,1,2,0,139.0
10109882AGUIARA_2025-08-23_G13,10109882AGUIARA,2025-08-23,110787,1,30,0,677.0
10109882AGUIARA_2025-08-23_G14,10109882AGUIARA,2025-08-23,110745,1,24,0,577.0
10109882AGUIARA_2025-08-23_G15,10109882AGUIARA,2025-08-23,111433,1,4,0,85.0
10109882AGUIARA_2025-08-23_G16,10109882AGUIARA,2025-08-23,111462,1,9,0,90.0
10109882AGUIARA_2025-08-23_G17,10109882AGUIARA,2025-08-23,108794,1,18,0,337.0
10109882AGUIARA_2025-08-23_G18,10109882AGUIARA,2025-08-23,108794,1,6,0,349.0
10109882AGUIARA_2025-08-23_G19,10109882AGUIARA,2025-08-23,111172,1,79,0,465.0
10109882AGUIARA_2025-08-23_G20,10109882AGUIARA,2025-08-23,110740,1,40,0,505.0
10109882AGUIARA_2025-08-23_G21,10109882AGUIARA,2025-08-23,110740,1,4,0,52.0
10109882AGUIARA_2025-08-23_G22,10109882AGUIARA,2025-08-23,110740,1,19,0,189.0
10109882AGUIARA_2025-08-23_G23,10109882AGUIARA,2025-08-23,109643,1,70,0,1557.0
10109882AGUIARA_2025-08-24_G02,10109882AGUIARA,2025-08-24,110374,1,8,0,106.0
10109882AGUIARA_2025-08-24_G03,10109882AGUIARA,2025-08-24,117820,1,26,0,311.0
10109882AGUIARA_2025-08-24_G04,10109882AGUIARA,2025-08-24,117808,1,50,0,1624.0
10109882AGUIARA_2025-08-24_G05,10109882AGUIARA,2025-08-24,117809,1,26,0,397.0
10109882AGUIARA_2025-08-24_G06,10109882AGUIARA,2025-08-24,110372,1,50,0,639.0
10109882AGUIARA_2025-08-24_G07,10109882AGUIARA,2025-08-24,118299,1,50,0,782.0
10109882AGUIARA_2025-08-24_G08,10109882AGUIARA,2025-08-24,117830,1,15,0,455.0
10109882AGUIARA_2025-08-24_G09,10109882AGUIARA,2025-08-24,117822,1,5,0,109.0
10109882AGUIARA_2025-08-24_G10,10109882AGUIARA,2025-08-24,110371,1,30,0,378.0
10109882AGUIARA_2025-08-24_G11,10109882AGUIARA,2025-08-24,108770,2,5,27,2231.0
10109882AGUIARA_2025-08-25_G02,10109882AGUIARA,2025-08-25,110895,1,1,0,113.0
10109882AGUIARA_2025-08-25_G03,10109882AGUIARA,2025-08-25,110747,1,2,0,163.0
10109882AGUIARA_2025-08-25_G04,10109882AGUIARA,2025-08-25,111530,1,6,0,307.0
10109882AGUIARA_2025-08-25_G05,10109882AGUIARA,2025-08-25,117855,1,2,0,100.0
10109882AGUIARA_2025-08-25_G06,10109882AGUIARA,2025-08-25,111876,1,4,0,291.0
10109882AGUIARA_2025-08-25_G07,10109882AGUIARA,2025-08-25,117856,1,2,0,102.0
10109882AGUIARA_2025-08-25_G08,10109882AGUIARA,2025-08-25,117786,1,2,0,110.0
10109882AGUIARA_2025-08-25_G09,10109882AGUIARA,2025-08-25,141047,1,2,0,105.0
10109882AGUIARA_2025-08-25_G10,10109882AGUIARA,2025-08-25,111602,1,2,0,154.0
10109882AGUIARA_2025-08-25_G11,10109882AGUIARA,2025-08-25,109640,1,2,0,58.0
10109882AGUIARA_2025-08-25_G12,10109882AGUIARA,2025-08-25,110515,1,4,0,140.0
10109882AGUIARA_2025-08-25_G13,10109882AGUIARA,2025-08-25,117837,1,2,0,247.0
10109882AGUIARA_2025-08-25_G14,10109882AGUIARA,2025-08-25,117785,1,2,0,1784.0
10109882AGUIARA_2025-08-25_G15,10109882AGUIARA,2025-08-25,111348,1,4,0,131.0
10109882AGUIARA_2025-08-25_G16,10109882AGUIARA,2025-08-25,117821,1,4,0,150.0
10109882AGUIARA_2025-08-25_G17,10109882AGUIARA,2025-08-25,111532,1,2,0,143.0
10109882AGUIARA_2025-08-25_G18,10109882AGUIARA,2025-08-25,111418,1,5,0,172.0
10109882AGUIARA_2025-08-25_G19,10109882AGUIARA,2025-08-25,110787,1,8,0,199.0
10109882AGUIARA_2025-08-25_G20,10109882AGUIARA,2025-08-25,117831,1,4,0,78.0
10109882AGUIARA_2025-08-25_G21,10109882AGUIARA,2025-08-25,111462,1,10,0,804.0
10109882AGUIARA_2025-08-25_G22,10109882AGUIARA,2025-08-25,108794,1,4,0,53.0
10109882AGUIARA_2025-08-25_G23,10109882AGUIARA,2025-08-25,111172,1,2,0,88.0
10109882AGUIARA_2025-08-25_G24,10109882AGUIARA,2025-08-25,110740,1,3,0,73.0
10109882AGUIARA_2025-08-25_G25,10109882AGUIARA,2025-08-25,110325,1,2,0,136.0
10109882AGUIARA_2025-08-25_G26,10109882AGUIARA,2025-08-25,110372,1,3,0,106.0
10109882AGUIARA_2025-08-25_G27,10109882AGUIARA,2025-08-25,118299,1,30,0,234.0
10109882AGUIARA_2025-08-25_G28,10109882AGUIARA,2025-08-25,110371,1,13,0,517.0
10109882AGUIARA_2025-08-25_G29,10109882AGUIARA,2025-08-25,111602,1,10,0,708.0
10109882AGUIARA_2025-08-25_G30,10109882AGUIARA,2025-08-25,111469,1,6,0,419.0
10109882AGUIARA_2025-08-25_G31,10109882AGUIARA,2025-08-25,111530,1,19,0,977.0
10109882AGUIARA_2025-08-25_G32,10109882AGUIARA,2025-08-25,108772,1,8,0,437.0
10109882AGUIARA_2025-08-25_G34,10109882AGUIARA,2025-08-25,117809,1,15,0,328.0
10109882AGUIARA_2025-08-25_G35,10109882AGUIARA,2025-08-25,117820,1,50,0,394.0
10109882AGUIARA_2025-08-25_G36,10109882AGUIARA,2025-08-25,110373,1,20,0,1804.0
10109882AGUIARA_2025-08-25_G37,10109882AGUIARA,2025-08-25,110376,1,8,0,111.0
10109882AGUIARA_2025-08-25_G38,10109882AGUIARA,2025-08-25,117832,1,20,0,138.0
10109882AGUIARA_2025-08-25_G39,10109882AGUIARA,2025-08-25,110375,1,8,0,234.0
10109882AGUIARA_2025-08-25_G40,10109882AGUIARA,2025-08-25,110372,1,30,0,471.0
10109882AGUIARA_2025-08-25_G41,10109882AGUIARA,2025-08-25,118299,2,108,8,616.0
10109882AGUIARA_2025-08-25_G42,10109882AGUIARA,2025-08-25,117830,1,15,0,897.0
10109882AGUIARA_2025-08-25_G43,10109882AGUIARA,2025-08-25,117965,1,10,0,1347.0
10109882AGUIARA_2025-08-25_G44,10109882AGUIARA,2025-08-25,108701,1,4,0,190.0
10109882AGUIARA_2025-08-25_G45,10109882AGUIARA,2025-08-25,141066,1,7,0,368.0
10109882AGUIARA_2025-08-25_G46,10109882AGUIARA,2025-08-25,110711,1,20,0,153.0
10109882AGUIARA_2025-08-25_G47,10109882AGUIARA,2025-08-25,108772,1,12,0,351.0
10109882AGUIARA_2025-08-26_G02,10109882AGUIARA,2025-08-26,110313,1,40,0,764.0
10109882AGUIARA_2025-08-26_G03,10109882AGUIARA,2025-08-26,110733,1,40,0,586.0
10109882AGUIARA_2025-08-26_G04,10109882AGUIARA,2025-08-26,117786,1,30,0,99.0
10109882AGUIARA_2025-08-26_G05,10109882AGUIARA,2025-08-26,111602,1,20,0,232.0
10109882AGUIARA_2025-08-26_G06,10109882AGUIARA,2025-08-26,110339,1,15,0,320.0
10109882AGUIARA_2025-08-26_G07,10109882AGUIARA,2025-08-26,110515,1,20,0,383.0
10109882AGUIARA_2025-08-26_G08,10109882AGUIARA,2025-08-26,110755,1,4,0,816.0
10109882AGUIARA_2025-08-26_G09,10109882AGUIARA,2025-08-26,111569,1,3,0,265.0
10109882AGUIARA_2025-08-26_G10,10109882AGUIARA,2025-08-26,111530,1,4,0,433.0
10109882AGUIARA_2025-08-26_G11,10109882AGUIARA,2025-08-26,117786,1,2,0,95.0
10109882AGUIARA_2025-08-26_G12,10109882AGUIARA,2025-08-26,110515,1,3,0,121.0
10109882AGUIARA_2025-08-26_G13,10109882AGUIARA,2025-08-26,118094,1,1,0,117.0
10109882AGUIARA_2025-08-26_G14,10109882AGUIARA,2025-08-26,118094,1,8,0,829.0
10109882AGUIARA_2025-08-26_G15,10109882AGUIARA,2025-08-26,111330,1,1,0,1204.0
10109882AGUIARA_2025-08-26_G16,10109882AGUIARA,2025-08-26,111530,1,8,0,1296.0
10109882AGUIARA_2025-08-26_G17,10109882AGUIARA,2025-08-26,111348,1,2,0,379.0
10109882AGUIARA_2025-08-26_G18,10109882AGUIARA,2025-08-26,117862,1,4,0,197.0
10109882AGUIARA_2025-08-26_G19,10109882AGUIARA,2025-08-26,107629,1,4,0,70.0
10109882AGUIARA_2025-08-26_G20,10109882AGUIARA,2025-08-26,117861,1,1,0,79.0
10109882AGUIARA_2025-08-26_G21,10109882AGUIARA,2025-08-26,110733,1,4,0,72.0
10109882AGUIARA_2025-08-26_G22,10109882AGUIARA,2025-08-26,111602,1,2,0,133.0
10109882AGUIARA_2025-08-26_G23,10109882AGUIARA,2025-08-26,117833,1,10,0,150.0
10109882AGUIARA_2025-08-26_G24,10109882AGUIARA,2025-08-26,140922,1,6,0,124.0
10109882AGUIARA_2025-08-26_G25,10109882AGUIARA,2025-08-26,141458,1,4,0,144.0
10109882AGUIARA_2025-08-26_G26,10109882AGUIARA,2025-08-26,110375,1,6,0,208.0
10109882AGUIARA_2025-08-26_G27,10109882AGUIARA,2025-08-26,111530,1,2,0,1119.0
10109882AGUIARA_2025-08-26_G28,10109882AGUIARA,2025-08-26,111602,1,4,0,185.0
10109882AGUIARA_2025-08-26_G30,10109882AGUIARA,2025-08-26,111469,1,184,0,686.0
10109882AGUIARA_2025-08-26_G31,10109882AGUIARA,2025-08-26,111469,1,21,0,186.0
10109882AGUIARA_2025-08-26_G32,10109882AGUIARA,2025-08-26,140922,1,8,0,299.0
10109882AGUIARA_2025-08-26_G33,10109882AGUIARA,2025-08-26,111418,1,84,0,383.0
10109882AGUIARA_2025-08-26_G34,10109882AGUIARA,2025-08-26,111466,1,14,0,1370.0
10109882AGUIARA_2025-08-26_G35,10109882AGUIARA,2025-08-26,111466,1,300,0,117.0
10109882AGUIARA_2025-08-26_G36,10109882AGUIARA,2025-08-26,111466,1,100,0,216.0
10109882AGUIARA_2025-08-26_G37,10109882AGUIARA,2025-08-26,110787,1,107,0,911.0
10109882AGUIARA_2025-08-26_G38,10109882AGUIARA,2025-08-26,109641,1,6,0,256.0
10109882AGUIARA_2025-08-27_G02,10109882AGUIARA,2025-08-27,110374,1,39,0,309.0
10109882AGUIARA_2025-08-27_G03,10109882AGUIARA,2025-08-27,117820,1,90,0,2224.0
10109882AGUIARA_2025-08-27_G04,10109882AGUIARA,2025-08-27,110373,1,75,0,543.0
10109882AGUIARA_2025-08-27_G05,10109882AGUIARA,2025-08-27,110376,1,15,0,147.0
10109882AGUIARA_2025-08-27_G06,10109882AGUIARA,2025-08-27,110372,1,50,0,935.0
10109882AGUIARA_2025-08-27_G07,10109882AGUIARA,2025-08-27,118299,1,100,0,436.0
10109882AGUIARA_2025-08-27_G08,10109882AGUIARA,2025-08-27,110371,1,100,0,427.0
10109882AGUIARA_2025-08-27_G09,10109882AGUIARA,2025-08-27,110313,1,30,0,943.0
10109882AGUIARA_2025-08-27_G10,10109882AGUIARA,2025-08-27,141066,1,20,0,280.0
10109882AGUIARA_2025-08-27_G11,10109882AGUIARA,2025-08-27,117855,1,30,0,656.0
10109882AGUIARA_2025-08-27_G12,10109882AGUIARA,2025-08-27,107629,1,16,0,208.0
10109882AGUIARA_2025-08-27_G14,10109882AGUIARA,2025-08-27,110374,1,5,0,118.0
10109882AGUIARA_2025-08-27_G15,10109882AGUIARA,2025-08-27,118299,1,5,0,69.0
10109882AGUIARA_2025-08-27_G16,10109882AGUIARA,2025-08-27,110373,1,3,0,107.0
10109882AGUIARA_2025-08-27_G17,10109882AGUIARA,2025-08-27,110376,1,2,0,79.0
10109882AGUIARA_2025-08-27_G18,10109882AGUIARA,2025-08-27,110372,1,20,0,264.0
10109882AGUIARA_2025-08-27_G19,10109882AGUIARA,2025-08-27,117935,1,5,0,681.0
10109882AGUIARA_2025-08-27_G20,10109882AGUIARA,2025-08-27,110325,1,10,0,126.0
10109882AGUIARA_2025-08-27_G21,10109882AGUIARA,2025-08-27,111182,1,3,0,172.0
10109882AGUIARA_2025-08-27_G22,10109882AGUIARA,2025-08-27,111759,1,5,0,597.0
10109882AGUIARA_2025-08-27_G23,10109882AGUIARA,2025-08-27,111759,1,15,0,153.0
10109882AGUIARA_2025-08-28_G02,10109882AGUIARA,2025-08-28,117820,1,4,0,49.0
10109882AGUIARA_2025-08-28_G03,10109882AGUIARA,2025-08-28,110371,1,4,0,109.0
10109882AGUIARA_2025-08-28_G04,10109882AGUIARA,2025-08-28,110372,1,119,0,624.0
10109882AGUIARA_2025-08-28_G05,10109882AGUIARA,2025-08-28,111530,1,10,0,421.0
10109882AGUIARA_2025-08-28_G06,10109882AGUIARA,2025-08-28,117935,1,6,0,188.0
10109882AGUIARA_2025-08-28_G07,10109882AGUIARA,2025-08-28,111602,1,20,0,255.0
10109882AGUIARA_2025-08-28_G08,10109882AGUIARA,2025-08-28,109640,1,4,0,262.0
10109882AGUIARA_2025-08-28_G09,10109882AGUIARA,2025-08-28,109640,1,1,0,40.0
10109882AGUIARA_2025-08-28_G11,10109882AGUIARA,2025-08-28,109643,1,12,0,374.0
10109882AGUIARA_2025-08-28_G12,10109882AGUIARA,2025-08-28,110374,1,30,0,643.0
10109882AGUIARA_2025-08-28_G13,10109882AGUIARA,2025-08-28,117808,1,30,0,364.0
10109882AGUIARA_2025-08-28_G14,10109882AGUIARA,2025-08-28,110325,1,12,0,410.0
10109882AGUIARA_2025-08-28_G15,10109882AGUIARA,2025-08-28,117820,1,30,0,351.0
10109882AGUIARA_2025-08-28_G16,10109882AGUIARA,2025-08-28,110376,1,12,0,627.0
10109882AGUIARA_2025-08-28_G17,10109882AGUIARA,2025-08-28,117832,1,30,0,214.0
10109882AGUIARA_2025-08-28_G18,10109882AGUIARA,2025-08-28,110371,1,30,0,311.0
10109882AGUIARA_2025-08-28_G19,10109882AGUIARA,2025-08-28,110372,1,40,0,465.0
10109882AGUIARA_2025-08-28_G20,10109882AGUIARA,2025-08-28,118299,1,40,0,827.0
10109882AGUIARA_2025-08-28_G21,10109882AGUIARA,2025-08-28,117830,1,30,0,498.0
10109882AGUIARA_2025-08-28_G23,10109882AGUIARA,2025-08-28,141035,1,4,0,95.0
10109882AGUIARA_2025-08-28_G24,10109882AGUIARA,2025-08-28,117862,1,20,0,153.0
10109882AGUIARA_2025-08-28_G25,10109882AGUIARA,2025-08-28,117855,1,14,0,131.0
10109882AGUIARA_2025-08-28_G26,10109882AGUIARA,2025-08-28,107629,1,5,0,71.0
10109882AGUIARA_2025-08-28_G27,10109882AGUIARA,2025-08-28,117856,1,50,0,466.0
10109882AGUIARA_2025-08-28_G28,10109882AGUIARA,2025-08-28,110741,1,6,0,122.0
10109882AGUIARA_2025-08-28_G29,10109882AGUIARA,2025-08-28,118094,1,16,0,261.0
10109882AGUIARA_2025-08-28_G30,10109882AGUIARA,2025-08-28,117935,1,5,0,111.0
10109882AGUIARA_2025-08-28_G31,10109882AGUIARA,2025-08-28,117935,1,14,0,92.0
10109882AGUIARA_2025-08-28_G32,10109882AGUIARA,2025-08-28,117935,1,20,0,394.0
10109882AGUIARA_2025-08-28_G33,10109882AGUIARA,2025-08-28,117861,1,12,0,310.0
10109882AGUIARA_2025-08-28_G34,10109882AGUIARA,2025-08-28,111650,1,4,0,352.0
10109882AGUIARA_2025-08-28_G35,10109882AGUIARA,2025-08-28,117786,1,26,0,618.0
10109882AGUIARA_2025-08-28_G36,10109882AGUIARA,2025-08-28,111602,1,20,0,181.0
10109882AGUIARA_2025-08-28_G37,10109882AGUIARA,2025-08-28,111602,1,49,0,1055.0
10109882AGUIARA_2025-08-28_G38,10109882AGUIARA,2025-08-28,108361,1,4,0,61.0
10109882AGUIARA_2025-08-28_G39,10109882AGUIARA,2025-08-28,108772,1,4,0,143.0
10109882AGUIARA_2025-08-28_G40,10109882AGUIARA,2025-08-28,108772,1,10,0,112.0
10109882AGUIARA_2025-08-28_G41,10109882AGUIARA,2025-08-28,110339,1,12,0,339.0
10109882AGUIARA_2025-08-28_G42,10109882AGUIARA,2025-08-28,111467,1,10,0,162.0
10109882AGUIARA_2025-08-28_G43,10109882AGUIARA,2025-08-28,109640,1,4,0,150.0
10109882AGUIARA_2025-08-28_G44,10109882AGUIARA,2025-08-28,110752,1,4,0,67.0
10109882AGUIARA_2025-08-28_G45,10109882AGUIARA,2025-08-28,110515,1,30,0,155.0
10109882AGUIARA_2025-08-28_G46,10109882AGUIARA,2025-08-28,117837,1,10,0,169.0
10109882AGUIARA_2025-08-28_G47,10109882AGUIARA,2025-08-28,111530,1,64,0,635.0
10109882AGUIARA_2025-08-29_G02,10109882AGUIARA,2025-08-29,111463,1,40,0,262.0
10109882AGUIARA_2025-08-29_G03,10109882AGUIARA,2025-08-29,111532,1,4,0,166.0
10109882AGUIARA_2025-08-29_G04,10109882AGUIARA,2025-08-29,110787,1,12,0,109.0
10109882AGUIARA_2025-08-29_G05,10109882AGUIARA,2025-08-29,111469,1,8,0,879.0
10109882AGUIARA_2025-08-29_G06,10109882AGUIARA,2025-08-29,111466,1,11,0,128.0
10109882AGUIARA_2025-08-29_G07,10109882AGUIARA,2025-08-29,111466,1,5,0,44.0
10109882AGUIARA_2025-08-29_G08,10109882AGUIARA,2025-08-29,111466,1,2,0,31.0
10109882AGUIARA_2025-08-29_G09,10109882AGUIARA,2025-08-29,111466,2,41,7,145.0
10109882AGUIARA_2025-08-29_G10,10109882AGUIARA,2025-08-29,111172,1,4,0,344.0
10109882AGUIARA_2025-08-29_G11,10109882AGUIARA,2025-08-29,111462,1,24,0,220.0
10109882AGUIARA_2025-08-29_G12,10109882AGUIARA,2025-08-29,111462,1,20,0,117.0
10109882AGUIARA_2025-08-29_G13,10109882AGUIARA,2025-08-29,111465,1,12,0,129.0
10109882AGUIARA_2025-08-29_G14,10109882AGUIARA,2025-08-29,111418,1,50,0,750.0
10109882AGUIARA_2025-08-29_G15,10109882AGUIARA,2025-08-29,110787,1,4,0,123.0
10109882AGUIARA_2025-08-30_G02,10109882AGUIARA,2025-08-30,141262,1,12,0,176.0
10109882AGUIARA_2025-08-30_G03,10109882AGUIARA,2025-08-30,141261,1,10,0,746.0
10109882AGUIARA_2025-08-30_G04,10109882AGUIARA,2025-08-30,118222,1,1,0,2137.0
10109882AGUIARA_2025-08-30_G05,10109882AGUIARA,2025-08-30,111441,1,4,0,360.0
10109882AGUIARA_2025-08-30_G06,10109882AGUIARA,2025-08-30,110313,1,4,0,157.0
10109882AGUIARA_2025-08-30_G07,10109882AGUIARA,2025-08-30,110733,1,2,0,308.0
10109882AGUIARA_2025-08-30_G08,10109882AGUIARA,2025-08-30,111467,1,2,0,190.0
10109882AGUIARA_2025-08-31_G02,10109882AGUIARA,2025-08-31,111876,1,2,0,67.0
10109882AGUIARA_2025-08-31_G03,10109882AGUIARA,2025-08-31,111530,1,2,0,341.0
10109882AGUIARA_2025-08-31_G04,10109882AGUIARA,2025-08-31,141047,1,2,0,178.0
10109882AGUIARA_2025-08-31_G05,10109882AGUIARA,2025-08-31,111602,1,4,0,116.0
10109882AGUIARA_2025-08-31_G06,10109882AGUIARA,2025-08-31,110515,1,2,0,126.0
10109882AGUIARA_2025-08-31_G07,10109882AGUIARA,2025-08-31,117837,1,2,0,63.0
10109882AGUIARA_2025-08-31_G08,10109882AGUIARA,2025-08-31,117821,1,2,0,304.0
10109882AGUIARA_2025-08-31_G09,10109882AGUIARA,2025-08-31,141456,1,2,0,79.0
10109882AGUIARA_2025-08-31_G10,10109882AGUIARA,2025-08-31,141457,1,4,0,140.0
10109882AGUIARA_2025-08-31_G11,10109882AGUIARA,2025-08-31,111532,1,2,0,50.0
10109882AGUIARA_2025-08-31_G12,10109882AGUIARA,2025-08-31,111348,1,1,0,227.0
10109882AGUIARA_2025-08-31_G13,10109882AGUIARA,2025-08-31,118299,1,2,0,479.0
10109882AGUIARA_2025-08-31_G14,10109882AGUIARA,2025-08-31,105705,1,2,0,266.0
10109882AGUIARA_2025-08-31_G15,10109882AGUIARA,2025-08-31,111330,1,1,0,100.0
10109882AGUIARA_2025-08-31_G16,10109882AGUIARA,2025-08-31,111465,1,6,0,1208.0
10109882AGUIARA_2025-08-31_G17,10109882AGUIARA,2025-08-31,111172,1,2,0,42.0
10109882AGUIARA_2025-08-31_G18,10109882AGUIARA,2025-08-31,117820,1,2,0,163.0
10109882AGUIARA_2025-08-31_G19,10109882AGUIARA,2025-08-31,110371,1,4,0,153.0
10109882AGUIARA_2025-08-31_G20,10109882AGUIARA,2025-08-31,117808,1,1,0,107.0
10109882AGUIARA_2025-08-31_G21,10109882AGUIARA,2025-08-31,117809,1,2,0,153.0
10109882AGUIARA_2025-08-31_G22,10109882AGUIARA,2025-08-31,111569,1,1,0,1516.0
10109882AGUIARA_2025-08-31_G23,10109882AGUIARA,2025-08-31,107629,1,1,0,111.0
10109882AGUIARA_2025-08-31_G24,10109882AGUIARA,2025-08-31,140922,1,4,0,202.0
10109882AGUIARA_2025-08-31_G25,10109882AGUIARA,2025-08-31,141456,1,4,0,104.0
10109882AGUIARA_2025-08-31_G26,10109882AGUIARA,2025-08-31,141457,1,2,0,75.0
10109882AGUIARA_2025-08-31_G27,10109882AGUIARA,2025-08-31,111469,1,2,0,48.0
10109882AGUIARA_2025-08-31_G28,10109882AGUIARA,2025-08-31,111462,1,4,0,107.0
10109882AGUIARA_2025-08-31_G29,10109882AGUIARA,2025-08-31,110376,1,2,0,152.0
10109882AGUIARA_2025-08-31_G30,10109882AGUIARA,2025-08-31,117808,1,2,0,162.0
10109882AGUIARA_2025-08-31_G31,10109882AGUIARA,2025-08-31,117830,1,6,0,790.0
10109882AGUIARA_2025-08-31_G32,10109882AGUIARA,2025-08-31,108794,1,6,0,172.0
10109882AGUIARA_2025-09-02_G02,10109882AGUIARA,2025-09-02,109640,1,100,0,1166.0
10109882AGUIARA_2025-09-02_G03,10109882AGUIARA,2025-09-02,110515,1,136,0,517.0
10109882AGUIARA_2025-09-02_G04,10109882AGUIARA,2025-09-02,111446,1,30,0,539.0
10109882AGUIARA_2025-09-03_G03,10109882AGUIARA,2025-09-03,118298,1,23,0,428.0
10109882AGUIARA_2025-09-03_G04,10109882AGUIARA,2025-09-03,111530,1,41,0,213.0
10109882AGUIARA_2025-09-03_G05,10109882AGUIARA,2025-09-03,141261,1,21,0,667.0
10109882AGUIARA_2025-09-03_G06,10109882AGUIARA,2025-09-03,111722,1,16,0,251.0
10109882AGUIARA_2025-09-04_G02,10109882AGUIARA,2025-09-04,109643,1,6,0,90.0
10109882AGUIARA_2025-09-04_G03,10109882AGUIARA,2025-09-04,117808,1,4,0,62.0
10109882AGUIARA_2025-09-04_G04,10109882AGUIARA,2025-09-04,110374,1,20,0,207.0
10109882AGUIARA_2025-09-04_G05,10109882AGUIARA,2025-09-04,117820,1,30,0,271.0
10109882AGUIARA_2025-09-04_G06,10109882AGUIARA,2025-09-04,110373,1,20,0,1051.0
10109882AGUIARA_2025-09-04_G07,10109882AGUIARA,2025-09-04,110372,1,40,0,389.0
10109882AGUIARA_2025-09-04_G08,10109882AGUIARA,2025-09-04,110372,1,50,0,1232.0
10109882AGUIARA_2025-09-04_G09,10109882AGUIARA,2025-09-04,110375,1,20,0,262.0
10109882AGUIARA_2025-09-04_G10,10109882AGUIARA,2025-09-04,118299,1,20,0,217.0
10109882AGUIARA_2025-09-04_G11,10109882AGUIARA,2025-09-04,117830,1,10,0,856.0
10109882AGUIARA_2025-09-04_G12,10109882AGUIARA,2025-09-04,117809,1,10,0,1637.0
10109882AGUIARA_2025-09-04_G13,10109882AGUIARA,2025-09-04,117809,1,10,0,132.0
10109882AGUIARA_2025-09-04_G14,10109882AGUIARA,2025-09-04,110371,2,12,30,417.0
10109882AGUIARA_2025-09-04_G15,10109882AGUIARA,2025-09-04,118222,1,10,0,374.0
10109882AGUIARA_2025-09-04_G16,10109882AGUIARA,2025-09-04,117834,1,4,0,289.0
10109882AGUIARA_2025-09-04_G17,10109882AGUIARA,2025-09-04,111438,1,7,0,182.0
10109882AGUIARA_2025-09-04_G18,10109882AGUIARA,2025-09-04,118290,1,3,0,225.0
10109882AGUIARA_2025-09-04_G20,10109882AGUIARA,2025-09-04,111850,1,2,0,479.0
10109882AGUIARA_2025-09-04_G21,10109882AGUIARA,2025-09-04,118250,1,6,0,995.0
10109882AGUIARA_2025-09-04_G22,10109882AGUIARA,2025-09-04,107629,1,12,0,463.0
10109882AGUIARA_2025-09-04_G23,10109882AGUIARA,2025-09-04,117856,1,4,0,137.0
10109882AGUIARA_2025-09-04_G24,10109882AGUIARA,2025-09-04,117935,1,8,0,191.0
10109882AGUIARA_2025-09-04_G25,10109882AGUIARA,2025-09-04,117329,1,2,0,1067.0
10109882AGUIARA_2025-09-04_G26,10109882AGUIARA,2025-09-04,111330,1,4,0,684.0
10109882AGUIARA_2025-09-04_G27,10109882AGUIARA,2025-09-04,111850,1,2,0,66.0
10109882AGUIARA_2025-09-04_G28,10109882AGUIARA,2025-09-04,117808,1,4,0,263.0
10109882AGUIARA_2025-09-04_G29,10109882AGUIARA,2025-09-04,111447,1,5,0,1499.0
10109882AGUIARA_2025-09-04_G30,10109882AGUIARA,2025-09-04,110752,1,8,0,450.0
10109882AGUIARA_2025-09-05_G02,10109882AGUIARA,2025-09-05,118140,1,8,0,133.0
10109882AGUIARA_2025-09-05_G03,10109882AGUIARA,2025-09-05,111463,1,6,0,106.0
10109882AGUIARA_2025-09-05_G04,10109882AGUIARA,2025-09-05,117820,1,2,0,133.0
10109882AGUIARA_2025-09-05_G05,10109882AGUIARA,2025-09-05,110373,1,8,0,139.0
10109882AGUIARA_2025-09-05_G06,10109882AGUIARA,2025-09-05,117808,1,12,0,223.0
10109882AGUIARA_2025-09-05_G07,10109882AGUIARA,2025-09-05,110372,1,4,0,192.0
10109882AGUIARA_2025-09-05_G08,10109882AGUIARA,2025-09-05,118299,1,2,0,126.0
10109882AGUIARA_2025-09-05_G09,10109882AGUIARA,2025-09-05,117821,1,1,0,159.0
10109882AGUIARA_2025-09-05_G10,10109882AGUIARA,2025-09-05,141457,1,4,0,129.0
10109882AGUIARA_2025-09-05_G11,10109882AGUIARA,2025-09-05,117831,1,2,0,96.0
10109882AGUIARA_2025-09-05_G12,10109882AGUIARA,2025-09-05,110740,1,6,0,105.0
10109882AGUIARA_2025-09-05_G13,10109882AGUIARA,2025-09-05,118250,1,4,0,411.0
10109882AGUIARA_2025-09-05_G14,10109882AGUIARA,2025-09-05,111660,1,4,0,299.0
10109882AGUIARA_2025-09-05_G15,10109882AGUIARA,2025-09-05,111330,1,8,0,342.0
10109882AGUIARA_2025-09-05_G16,10109882AGUIARA,2025-09-05,110745,1,20,0,419.0
10109882AGUIARA_2025-09-05_G17,10109882AGUIARA,2025-09-05,160054,1,12,0,560.0
10109882AGUIARA_2025-09-05_G18,10109882AGUIARA,2025-09-05,160051,1,12,0,226.0
10109882AGUIARA_2025-09-05_G19,10109882AGUIARA,2025-09-05,160055,1,12,0,463.0
10109882AGUIARA_2025-09-05_G20,10109882AGUIARA,2025-09-05,111850,1,4,0,1013.0
10109882AGUIARA_2025-09-05_G21,10109882AGUIARA,2025-09-05,118306,1,2,0,281.0
10109882AGUIARA_2025-09-05_G22,10109882AGUIARA,2025-09-05,110747,1,4,0,966.0
10109882AGUIARA_2025-09-05_G23,10109882AGUIARA,2025-09-05,141066,1,1,0,72.0
10109882AGUIARA_2025-09-05_G24,10109882AGUIARA,2025-09-05,117786,1,2,0,48.0
10109882AGUIARA_2025-09-05_G25,10109882AGUIARA,2025-09-05,117861,1,2,0,101.0
10109882AGUIARA_2025-09-05_G26,10109882AGUIARA,2025-09-05,109640,1,4,0,887.0
10109882AGUIARA_2025-09-08_G02,10109882AGUIARA,2025-09-08,118222,1,2,0,188.0
10109882AGUIARA_2025-09-08_G03,10109882AGUIARA,2025-09-08,117856,1,4,0,198.0
10109882AGUIARA_2025-09-08_G04,10109882AGUIARA,2025-09-08,118140,1,8,0,230.0
10109882AGUIARA_2025-09-08_G05,10109882AGUIARA,2025-09-08,141823,1,4,0,114.0
10109882AGUIARA_2025-09-08_G06,10109882AGUIARA,2025-09-08,111418,1,4,0,134.0
10109882AGUIARA_2025-09-08_G07,10109882AGUIARA,2025-09-08,111468,1,1,0,342.0
10109882AGUIARA_2025-09-08_G08,10109882AGUIARA,2025-09-08,111465,1,14,0,528.0
10109882AGUIARA_2025-09-08_G09,10109882AGUIARA,2025-09-08,110374,1,3,0,188.0
10109882AGUIARA_2025-09-08_G10,10109882AGUIARA,2025-09-08,110373,1,14,0,186.0
10109882AGUIARA_2025-09-08_G11,10109882AGUIARA,2025-09-08,111532,1,6,0,479.0
10109882AGUIARA_2025-09-08_G12,10109882AGUIARA,2025-09-08,118222,1,1,0,463.0
10109882AGUIARA_2025-09-08_G13,10109882AGUIARA,2025-09-08,100334,1,4,0,463.0
10109882AGUIARA_2025-09-08_G14,10109882AGUIARA,2025-09-08,111467,1,1,0,246.0
10109882AGUIARA_2025-09-08_G15,10109882AGUIARA,2025-09-08,118140,1,6,0,183.0
10109882AGUIARA_2025-09-08_G16,10109882AGUIARA,2025-09-08,117821,1,6,0,141.0
10109882AGUIARA_2025-09-08_G17,10109882AGUIARA,2025-09-08,111418,1,15,0,202.0
10109882AGUIARA_2025-09-08_G18,10109882AGUIARA,2025-09-08,111468,1,2,0,410.0
10109882AGUIARA_2025-09-08_G19,10109882AGUIARA,2025-09-08,111465,1,2,0,70.0
10109882AGUIARA_2025-09-08_G20,10109882AGUIARA,2025-09-08,110374,1,6,0,173.0
10109882AGUIARA_2025-09-08_G21,10109882AGUIARA,2025-09-08,117820,1,6,0,98.0
10109882AGUIARA_2025-09-08_G22,10109882AGUIARA,2025-09-08,118299,1,4,0,92.0
10109882AGUIARA_2025-09-08_G23,10109882AGUIARA,2025-09-08,110372,1,6,0,215.0
10109882AGUIARA_2025-09-08_G24,10109882AGUIARA,2025-09-08,117830,1,2,0,90.0
10109882AGUIARA_2025-09-08_G25,10109882AGUIARA,2025-09-08,111569,1,19,0,1509.0
10109882AGUIARA_2025-09-08_G26,10109882AGUIARA,2025-09-08,118222,1,3,0,139.0
10109882AGUIARA_2025-09-08_G27,10109882AGUIARA,2025-09-08,111530,1,3,0,119.0
10109882AGUIARA_2025-09-08_G28,10109882AGUIARA,2025-09-08,111463,1,4,0,394.0
10109882AGUIARA_2025-09-08_G29,10109882AGUIARA,2025-09-08,108711,1,7,0,82.0
10109882AGUIARA_2025-09-08_G30,10109882AGUIARA,2025-09-08,141823,1,6,0,109.0
10109882AGUIARA_2025-09-08_G31,10109882AGUIARA,2025-09-08,117821,1,6,0,81.0
10109882AGUIARA_2025-09-09_G02,10109882AGUIARA,2025-09-09,117808,1,2,0,130.0
10109882AGUIARA_2025-09-09_G03,10109882AGUIARA,2025-09-09,110374,1,5,0,208.0
10109882AGUIARA_2025-09-09_G04,10109882AGUIARA,2025-09-09,118299,1,9,0,80.0
10109882AGUIARA_2025-09-09_G05,10109882AGUIARA,2025-09-09,110373,1,11,0,555.0
10109882AGUIARA_2025-09-09_G06,10109882AGUIARA,2025-09-09,117830,1,7,0,162.0
10109882AGUIARA_2025-09-09_G07,10109882AGUIARA,2025-09-09,111441,1,8,0,475.0
10109882AGUIARA_2025-09-09_G08,10109882AGUIARA,2025-09-09,111441,1,2,0,39.0
10109882AGUIARA_2025-09-09_G09,10109882AGUIARA,2025-09-09,110582,1,4,0,90.0
10109882AGUIARA_2025-09-09_G10,10109882AGUIARA,2025-09-09,111430,2,9,30,144.0
10109882AGUIARA_2025-09-09_G11,10109882AGUIARA,2025-09-09,110755,1,12,0,541.0
10109882AGUIARA_2025-09-09_G12,10109882AGUIARA,2025-09-09,140911,1,3,0,539.0
10109882AGUIARA_2025-09-09_G13,10109882AGUIARA,2025-09-09,111569,1,18,0,494.0
10109882AGUIARA_2025-09-09_G14,10109882AGUIARA,2025-09-09,111569,1,2,0,100.0
10109882AGUIARA_2025-09-09_G15,10109882AGUIARA,2025-09-09,111467,1,7,0,555.0
10109882AGUIARA_2025-09-09_G16,10109882AGUIARA,2025-09-09,110752,1,8,0,148.0
10109882AGUIARA_2025-09-09_G17,10109882AGUIARA,2025-09-09,110743,1,14,0,190.0
10109882AGUIARA_2025-09-09_G18,10109882AGUIARA,2025-09-09,117785,1,87,0,601.0
10109882AGUIARA_2025-09-09_G19,10109882AGUIARA,2025-09-09,111462,1,17,0,376.0
10109882AGUIARA_2025-09-09_G20,10109882AGUIARA,2025-09-09,111442,1,8,0,513.0
10109882AGUIARA_2025-09-09_G21,10109882AGUIARA,2025-09-09,111468,1,5,0,132.0
10109882AGUIARA_2025-09-09_G22,10109882AGUIARA,2025-09-09,111469,1,100,0,2543.0
10109882AGUIARA_2025-09-09_G23,10109882AGUIARA,2025-09-09,110787,1,400,0,1105.0
10109882AGUIARA_2025-09-09_G25,10109882AGUIARA,2025-09-09,111876,1,30,0,291.0
10109882AGUIARA_2025-09-09_G26,10109882AGUIARA,2025-09-09,117853,1,20,0,749.0
10109882AGUIARA_2025-09-09_G27,10109882AGUIARA,2025-09-09,117855,1,20,0,297.0
10109882AGUIARA_2025-09-09_G28,10109882AGUIARA,2025-09-09,141047,1,38,0,640.0
10109882AGUIARA_2025-09-09_G29,10109882AGUIARA,2025-09-09,141066,1,20,0,417.0
10109882AGUIARA_2025-09-09_G30,10109882AGUIARA,2025-09-09,110375,1,40,0,932.0
10109882AGUIARA_2025-09-10_G02,10109882AGUIARA,2025-09-10,117835,1,33,0,821.0
10109882AGUIARA_2025-09-10_G04,10109882AGUIARA,2025-09-10,111463,1,8,0,87.0
10109882AGUIARA_2025-09-10_G05,10109882AGUIARA,2025-09-10,108711,1,2,0,93.0
10109882AGUIARA_2025-09-10_G06,10109882AGUIARA,2025-09-10,118140,1,5,0,334.0
10109882AGUIARA_2025-09-10_G07,10109882AGUIARA,2025-09-10,111532,1,2,0,97.0
10109882AGUIARA_2025-09-10_G08,10109882AGUIARA,2025-09-10,141823,1,2,0,37.0
10109882AGUIARA_2025-09-10_G09,10109882AGUIARA,2025-09-10,141823,1,3,0,43.0
10109882AGUIARA_2025-09-10_G10,10109882AGUIARA,2025-09-10,111418,1,2,0,86.0
10109882AGUIARA_2025-09-10_G11,10109882AGUIARA,2025-09-10,111418,1,3,0,32.0
10109882AGUIARA_2025-09-10_G12,10109882AGUIARA,2025-09-10,111469,1,8,0,92.0
10109882AGUIARA_2025-09-10_G13,10109882AGUIARA,2025-09-10,111466,1,2,0,64.0
10109882AGUIARA_2025-09-10_G14,10109882AGUIARA,2025-09-10,117785,1,2,0,74.0
10109882AGUIARA_2025-09-10_G15,10109882AGUIARA,2025-09-10,111462,1,8,0,73.0
10109882AGUIARA_2025-09-10_G16,10109882AGUIARA,2025-09-10,111469,1,2,0,112.0
10109882AGUIARA_2025-09-10_G17,10109882AGUIARA,2025-09-10,117820,1,2,0,110.0
10109882AGUIARA_2025-09-10_G18,10109882AGUIARA,2025-09-10,110372,1,4,0,131.0
10109882AGUIARA_2025-09-10_G19,10109882AGUIARA,2025-09-10,110372,1,8,0,74.0
10109882AGUIARA_2025-09-10_G20,10109882AGUIARA,2025-09-10,117808,1,14,0,148.0
10109882AGUIARA_2025-09-10_G21,10109882AGUIARA,2025-09-10,118299,1,2,0,79.0
10109882AGUIARA_2025-09-10_G22,10109882AGUIARA,2025-09-10,118299,1,11,0,128.0
10109882AGUIARA_2025-09-11_G02,10109882AGUIARA,2025-09-11,118140,1,8,0,196.0
10109882AGUIARA_2025-09-11_G03,10109882AGUIARA,2025-09-11,141456,1,12,0,199.0
10109882AGUIARA_2025-09-11_G04,10109882AGUIARA,2025-09-11,111468,1,3,0,76.0
10109882AGUIARA_2025-09-11_G05,10109882AGUIARA,2025-09-11,141458,1,4,0,90.0
10109882AGUIARA_2025-09-11_G06,10109882AGUIARA,2025-09-11,110374,1,4,0,169.0
10109882AGUIARA_2025-09-11_G07,10109882AGUIARA,2025-09-11,111435,1,4,0,595.0
10109882AGUIARA_2025-09-11_G08,10109882AGUIARA,2025-09-11,118299,2,6,26,121.0
10109882AGUIARA_2025-09-11_G09,10109882AGUIARA,2025-09-11,118299,1,2,0,43.0
10109882AGUIARA_2025-09-11_G10,10109882AGUIARA,2025-09-11,117785,1,150,0,1169.0
10109882AGUIARA_2025-09-11_G11,10109882AGUIARA,2025-09-11,117832,1,180,0,884.0
10109882AGUIARA_2025-09-11_G12,10109882AGUIARA,2025-09-11,117855,1,8,0,2969.0
10109882AGUIARA_2025-09-11_G13,10109882AGUIARA,2025-09-11,110752,1,7,0,155.0
10109882AGUIARA_2025-09-11_G14,10109882AGUIARA,2025-09-11,118094,1,4,0,210.0
10109882AGUIARA_2025-09-11_G15,10109882AGUIARA,2025-09-11,110374,1,30,0,430.0
10109882AGUIARA_2025-09-11_G16,10109882AGUIARA,2025-09-11,117820,1,18,0,114.0
10109882AGUIARA_2025-09-11_G17,10109882AGUIARA,2025-09-11,110373,1,24,0,405.0
10109882AGUIARA_2025-09-11_G18,10109882AGUIARA,2025-09-11,118299,1,11,0,2011.0
10109882AGUIARA_2025-09-11_G19,10109882AGUIARA,2025-09-11,117830,1,8,0,377.0
10109882AGUIARA_2025-09-11_G21,10109882AGUIARA,2025-09-11,141352,1,4,0,2036.0
10109882AGUIARA_2025-09-11_G22,10109882AGUIARA,2025-09-11,117861,1,2,0,95.0
10109882AGUIARA_2025-09-11_G23,10109882AGUIARA,2025-09-11,110733,1,3,0,79.0
10109882AGUIARA_2025-09-11_G24,10109882AGUIARA,2025-09-11,108795,1,2,0,93.0
10109882AGUIARA_2025-09-11_G25,10109882AGUIARA,2025-09-11,111418,1,2,0,170.0
10109882AGUIARA_2025-09-11_G26,10109882AGUIARA,2025-09-11,108711,1,1,0,61.0
10109882AGUIARA_2025-09-11_G27,10109882AGUIARA,2025-09-11,118140,1,4,0,111.0
10109882AGUIARA_2025-09-11_G28,10109882AGUIARA,2025-09-11,141456,1,4,0,254.0
10109882AGUIARA_2025-09-11_G29,10109882AGUIARA,2025-09-11,141457,1,4,0,90.0
10109882AGUIARA_2025-09-11_G30,10109882AGUIARA,2025-09-11,107236,1,2,0,96.0
10109882AGUIARA_2025-09-11_G31,10109882AGUIARA,2025-09-11,117833,1,2,0,60.0
10109882AGUIARA_2025-09-11_G32,10109882AGUIARA,2025-09-11,117831,1,6,0,81.0
10109882AGUIARA_2025-09-11_G33,10109882AGUIARA,2025-09-11,111468,1,2,0,243.0
10109882AGUIARA_2025-09-11_G34,10109882AGUIARA,2025-09-11,117808,1,20,0,286.0
10109882AGUIARA_2025-09-11_G35,10109882AGUIARA,2025-09-11,117809,1,1,0,80.0
10109882AGUIARA_2025-09-11_G36,10109882AGUIARA,2025-09-11,117830,1,4,0,55.0
10109882AGUIARA_2025-09-11_G37,10109882AGUIARA,2025-09-11,118299,1,21,0,385.0
10109882AGUIARA_2025-09-11_G38,10109882AGUIARA,2025-09-11,160051,1,2,0,1066.0
10109882AGUIARA_2025-09-11_G39,10109882AGUIARA,2025-09-11,160054,1,2,0,140.0
10109882AGUIARA_2025-09-11_G40,10109882AGUIARA,2025-09-11,111438,1,2,0,243.0
10109882AGUIARA_2025-09-11_G41,10109882AGUIARA,2025-09-11,111465,1,5,0,186.0
10109882AGUIARA_2025-09-11_G42,10109882AGUIARA,2025-09-11,111441,1,2,0,207.0
10109882AGUIARA_2025-09-11_G43,10109882AGUIARA,2025-09-11,110313,1,2,0,454.0
10109882AGUIARA_2025-09-11_G44,10109882AGUIARA,2025-09-11,111418,1,2,0,221.0
10109882AGUIARA_2025-09-11_G45,10109882AGUIARA,2025-09-11,108711,1,2,0,78.0
10109882AGUIARA_2025-09-11_G46,10109882AGUIARA,2025-09-11,111743,1,2,0,124.0
10109882AGUIARA_2025-09-11_G47,10109882AGUIARA,2025-09-11,141456,1,4,0,166.0
10109882AGUIARA_2025-09-11_G48,10109882AGUIARA,2025-09-11,141457,1,4,0,103.0
10109882AGUIARA_2025-09-11_G49,10109882AGUIARA,2025-09-11,117831,1,4,0,125.0
10109882AGUIARA_2025-09-11_G50,10109882AGUIARA,2025-09-11,111444,1,4,0,80.0
10109882AGUIARA_2025-09-12_G02,10109882AGUIARA,2025-09-12,117808,1,20,0,247.0
10109882AGUIARA_2025-09-12_G03,10109882AGUIARA,2025-09-12,118299,1,20,0,700.0
10109882AGUIARA_2025-09-12_G04,10109882AGUIARA,2025-09-12,110742,1,2,0,570.0
10109882AGUIARA_2025-09-12_G05,10109882AGUIARA,2025-09-12,110747,1,4,0,231.0
10109882AGUIARA_2025-09-12_G06,10109882AGUIARA,2025-09-12,117855,1,2,0,121.0
10109882AGUIARA_2025-09-12_G07,10109882AGUIARA,2025-09-12,141352,1,4,0,255.0
10109882AGUIARA_2025-09-12_G08,10109882AGUIARA,2025-09-12,111743,1,3,0,277.0
10109882AGUIARA_2025-09-12_G09,10109882AGUIARA,2025-09-12,141456,1,4,0,165.0
10109882AGUIARA_2025-09-12_G10,10109882AGUIARA,2025-09-12,141457,1,6,0,72.0
10109882AGUIARA_2025-09-12_G11,10109882AGUIARA,2025-09-12,117833,1,2,0,120.0
10109882AGUIARA_2025-09-12_G12,10109882AGUIARA,2025-09-12,117808,1,20,0,204.0
10109882AGUIARA_2025-09-12_G13,10109882AGUIARA,2025-09-12,118299,1,20,0,216.0
10109882AGUIARA_2025-09-12_G14,10109882AGUIARA,2025-09-12,110747,1,2,0,791.0
10109882AGUIARA_2025-09-12_G15,10109882AGUIARA,2025-09-12,117855,1,4,0,135.0
10109882AGUIARA_2025-09-12_G16,10109882AGUIARA,2025-09-12,141047,1,2,0,52.0
10109882AGUIARA_2025-09-12_G17,10109882AGUIARA,2025-09-12,141352,1,4,0,128.0
10109882AGUIARA_2025-09-12_G19,10109882AGUIARA,2025-09-12,117862,1,12,0,185.0
10109882AGUIARA_2025-09-12_G20,10109882AGUIARA,2025-09-12,118298,1,1,0,99.0
10109882AGUIARA_2025-09-12_G21,10109882AGUIARA,2025-09-12,111879,1,4,0,250.0
10109882AGUIARA_2025-09-12_G22,10109882AGUIARA,2025-09-12,"117855, 118094",2,29,5,1129.0
10109882AGUIARA_2025-09-12_G24,10109882AGUIARA,2025-09-12,111463,1,77,0,426.0
10109882AGUIARA_2025-09-12_G25,10109882AGUIARA,2025-09-12,116241,1,11,0,1125.0
10109882AGUIARA_2025-09-12_G26,10109882AGUIARA,2025-09-12,108711,1,16,0,990.0
10109882AGUIARA_2025-09-12_G27,10109882AGUIARA,2025-09-12,118317,1,21,0,212.0
10109882AGUIARA_2025-09-12_G28,10109882AGUIARA,2025-09-12,111443,1,2,0,56.0
10109882AGUIARA_2025-09-12_G29,10109882AGUIARA,2025-09-12,109641,1,4,0,94.0
10109882AGUIARA_2025-09-12_G30,10109882AGUIARA,2025-09-12,117841,1,3,0,93.0
10109882AGUIARA_2025-09-12_G31,10109882AGUIARA,2025-09-12,141823,1,3,0,105.0
10109882AGUIARA_2025-09-12_G32,10109882AGUIARA,2025-09-12,117821,1,20,0,600.0
10109882AGUIARA_2025-09-12_G33,10109882AGUIARA,2025-09-12,108794,1,18,0,400.0
10109882AGUIARA_2025-09-12_G34,10109882AGUIARA,2025-09-12,141457,1,53,0,800.0
10109882AGUIARA_2025-09-12_G35,10109882AGUIARA,2025-09-12,118223,1,2,0,155.0
10109882AGUIARA_2025-09-12_G36,10109882AGUIARA,2025-09-12,110740,1,15,0,594.0
10109882AGUIARA_2025-09-12_G37,10109882AGUIARA,2025-09-12,118140,1,50,0,1930.0
10109882AGUIARA_2025-09-13_G02,10109882AGUIARA,2025-09-13,117855,1,60,0,987.0
10109882AGUIARA_2025-09-13_G03,10109882AGUIARA,2025-09-13,110313,1,20,0,667.0
10109882AGUIARA_2025-09-13_G04,10109882AGUIARA,2025-09-13,141823,1,70,0,659.0
10109882AGUIARA_2025-09-13_G05,10109882AGUIARA,2025-09-13,111330,1,20,0,618.0
10109882AGUIARA_2025-09-13_G06,10109882AGUIARA,2025-09-13,141456,1,200,0,613.0
10109882AGUIARA_2025-09-13_G07,10109882AGUIARA,2025-09-13,141457,1,60,0,571.0
10109882AGUIARA_2025-09-13_G08,10109882AGUIARA,2025-09-13,117831,1,80,0,659.0
10109882AGUIARA_2025-09-13_G09,10109882AGUIARA,2025-09-13,141458,1,100,0,453.0
10109882AGUIARA_2025-09-14_G02,10109882AGUIARA,2025-09-14,108711,1,110,0,774.0
10109882AGUIARA_2025-09-14_G03,10109882AGUIARA,2025-09-14,140922,1,110,0,538.0
10109882AGUIARA_2025-09-14_G04,10109882AGUIARA,2025-09-14,111433,1,2,0,2323.0
10109882AGUIARA_2025-09-14_G05,10109882AGUIARA,2025-09-14,111418,1,52,0,420.0
10109882AGUIARA_2025-09-14_G06,10109882AGUIARA,2025-09-14,111463,1,10,0,924.0
10109882AGUIARA_2025-09-14_G07,10109882AGUIARA,2025-09-14,118317,1,4,0,225.0
10109882AGUIARA_2025-09-14_G08,10109882AGUIARA,2025-09-14,111532,1,2,0,94.0
10109882AGUIARA_2025-09-14_G09,10109882AGUIARA,2025-09-14,141823,1,4,0,36.0
10109882AGUIARA_2025-09-14_G10,10109882AGUIARA,2025-09-14,117821,1,4,0,57.0
10109882AGUIARA_2025-09-14_G11,10109882AGUIARA,2025-09-14,111330,1,4,0,69.0
10109882AGUIARA_2025-09-15_G02,10109882AGUIARA,2025-09-15,109645,1,2,0,373.0
10109882AGUIARA_2025-09-15_G03,10109882AGUIARA,2025-09-15,105705,1,6,0,189.0
10109882AGUIARA_2025-09-15_G04,10109882AGUIARA,2025-09-15,141457,1,2,0,58.0
10109882AGUIARA_2025-09-15_G05,10109882AGUIARA,2025-09-15,111469,1,20,0,507.0
10109882AGUIARA_2025-09-15_G06,10109882AGUIARA,2025-09-15,111466,1,10,0,453.0
10109882AGUIARA_2025-09-15_G07,10109882AGUIARA,2025-09-15,111462,1,10,0,568.0
10109882AGUIARA_2025-09-15_G08,10109882AGUIARA,2025-09-15,140922,1,4,0,91.0
10109882AGUIARA_2025-09-15_G09,10109882AGUIARA,2025-09-15,141458,1,6,0,94.0
10109882AGUIARA_2025-09-15_G10,10109882AGUIARA,2025-09-15,110740,1,2,0,50.0
10109882AGUIARA_2025-09-15_G11,10109882AGUIARA,2025-09-15,111465,1,6,0,88.0
10109882AGUIARA_2025-09-15_G12,10109882AGUIARA,2025-09-15,117785,1,4,0,965.0
10109882AGUIARA_2025-09-15_G13,10109882AGUIARA,2025-09-15,118140,1,14,0,38.0
10109882AGUIARA_2025-09-15_G14,10109882AGUIARA,2025-09-15,118306,1,3,0,494.0
10109882AGUIARA_2025-09-15_G15,10109882AGUIARA,2025-09-15,110742,1,4,0,164.0
10109882AGUIARA_2025-09-15_G16,10109882AGUIARA,2025-09-15,110755,1,7,0,158.0
10109882AGUIARA_2025-09-15_G17,10109882AGUIARA,2025-09-15,111569,1,8,0,244.0
10109882AGUIARA_2025-09-15_G18,10109882AGUIARA,2025-09-15,110374,1,8,0,432.0
10109882AGUIARA_2025-09-15_G19,10109882AGUIARA,2025-09-15,110373,1,24,0,304.0
10109882AGUIARA_2025-09-15_G20,10109882AGUIARA,2025-09-15,118299,1,10,0,322.0
10109882AGUIARA_2025-09-15_G21,10109882AGUIARA,2025-09-15,110371,1,12,0,231.0
10109882AGUIARA_2025-09-15_G22,10109882AGUIARA,2025-09-15,117808,1,16,0,260.0
10109882AGUIARA_2025-09-15_G23,10109882AGUIARA,2025-09-15,117822,1,2,0,63.0
10109882AGUIARA_2025-09-15_G24,10109882AGUIARA,2025-09-15,117830,1,8,0,85.0
10109882AGUIARA_2025-09-15_G25,10109882AGUIARA,2025-09-15,111467,1,2,0,1016.0
10109882AGUIARA_2025-09-15_G26,10109882AGUIARA,2025-09-15,117861,1,2,0,54.0
10109882AGUIARA_2025-09-15_G27,10109882AGUIARA,2025-09-15,117855,1,12,0,183.0
10109882AGUIARA_2025-09-15_G28,10109882AGUIARA,2025-09-15,111602,1,4,0,124.0
10109882AGUIARA_2025-09-15_G29,10109882AGUIARA,2025-09-15,118094,1,2,0,115.0
10109882AGUIARA_2025-09-15_G30,10109882AGUIARA,2025-09-15,110373,1,14,0,288.0
10109882AGUIARA_2025-09-15_G31,10109882AGUIARA,2025-09-15,118299,1,12,0,112.0
10109882AGUIARA_2025-09-15_G32,10109882AGUIARA,2025-09-15,110372,1,16,0,204.0
10109882AGUIARA_2025-09-15_G33,10109882AGUIARA,2025-09-15,110371,1,14,0,400.0
10109882AGUIARA_2025-09-15_G34,10109882AGUIARA,2025-09-15,110375,1,4,0,127.0
10109882AGUIARA_2025-09-15_G35,10109882AGUIARA,2025-09-15,117820,1,4,0,427.0
10109882AGUIARA_2025-09-15_G36,10109882AGUIARA,2025-09-15,117808,1,16,0,228.0
10109882AGUIARA_2025-09-15_G37,10109882AGUIARA,2025-09-15,117830,1,7,0,104.0
10109882AGUIARA_2025-09-15_G39,10109882AGUIARA,2025-09-15,110374,1,24,0,303.0
10109882AGUIARA_2025-09-15_G40,10109882AGUIARA,2025-09-15,110373,1,100,0,638.0
10109882AGUIARA_2025-09-15_G41,10109882AGUIARA,2025-09-15,110371,1,67,0,339.0
10109882AGUIARA_2025-09-15_G42,10109882AGUIARA,2025-09-15,117820,1,200,0,1839.0
10109882AGUIARA_2025-09-15_G43,10109882AGUIARA,2025-09-15,117808,1,250,0,470.0
10109882AGUIARA_2025-09-15_G44,10109882AGUIARA,2025-09-15,118299,1,121,0,628.0
10109882AGUIARA_2025-09-16_G02,10109882AGUIARA,2025-09-16,141047,1,49,0,765.0
10109882AGUIARA_2025-09-16_G03,10109882AGUIARA,2025-09-16,116241,1,50,0,241.0
10109882AGUIARA_2025-09-16_G04,10109882AGUIARA,2025-09-16,118140,1,300,0,974.0
10109882AGUIARA_2025-09-16_G05,10109882AGUIARA,2025-09-16,110371,1,189,0,2125.0
10109882AGUIARA_2025-09-18_G02,10109882AGUIARA,2025-09-18,110833,1,2,0,308.0
10109882AGUIARA_2025-09-18_G03,10109882AGUIARA,2025-09-18,107888,1,2,0,288.0
10109882AGUIARA_2025-09-18_G04,10109882AGUIARA,2025-09-18,110841,1,1,0,74.0
10109882AGUIARA_2025-09-18_G05,10109882AGUIARA,2025-09-18,118418,1,6,0,78.0
10109882AGUIARA_2025-09-18_G06,10109882AGUIARA,2025-09-18,140911,1,4,0,226.0
10109882AGUIARA_2025-09-18_G07,10109882AGUIARA,2025-09-18,111851,1,2,0,198.0
10109882AGUIARA_2025-09-19_G02,10109882AGUIARA,2025-09-19,111876,1,5,0,183.0
10109882AGUIARA_2025-09-19_G03,10109882AGUIARA,2025-09-19,110581,1,4,0,90.0
10109882AGUIARA_2025-09-19_G04,10109882AGUIARA,2025-09-19,110733,1,12,0,138.0
10109882AGUIARA_2025-09-19_G05,10109882AGUIARA,2025-09-19,111879,1,3,0,93.0
10109882AGUIARA_2025-09-19_G06,10109882AGUIARA,2025-09-19,105242,1,2,0,109.0
10109882AGUIARA_2025-09-19_G07,10109882AGUIARA,2025-09-19,117786,1,26,0,1166.0
10109882AGUIARA_2025-09-19_G08,10109882AGUIARA,2025-09-19,117837,1,12,0,1048.0
10109882AGUIARA_2025-09-19_G09,10109882AGUIARA,2025-09-19,116241,1,3,0,987.0
10109882AGUIARA_2025-09-19_G10,10109882AGUIARA,2025-09-19,111433,1,4,0,105.0
10109882AGUIARA_2025-09-19_G11,10109882AGUIARA,2025-09-19,109645,1,12,0,145.0
10109882AGUIARA_2025-09-19_G12,10109882AGUIARA,2025-09-19,108794,1,74,0,671.0
10109882AGUIARA_2025-09-19_G13,10109882AGUIARA,2025-09-19,117831,1,12,0,703.0
10109882AGUIARA_2025-09-19_G14,10109882AGUIARA,2025-09-19,107236,1,70,0,326.0
10109882AGUIARA_2025-09-19_G15,10109882AGUIARA,2025-09-19,110745,1,28,0,429.0
10109882AGUIARA_2025-09-19_G16,10109882AGUIARA,2025-09-19,118299,1,100,0,1132.0
10109882AGUIARA_2025-09-19_G17,10109882AGUIARA,2025-09-19,110372,1,50,0,792.0
10109882AGUIARA_2025-09-19_G18,10109882AGUIARA,2025-09-19,117832,1,20,0,204.0
10109882AGUIARA_2025-09-19_G19,10109882AGUIARA,2025-09-19,117820,1,20,0,197.0
10109882AGUIARA_2025-09-19_G20,10109882AGUIARA,2025-09-19,117809,1,40,0,1286.0
10109882AGUIARA_2025-09-19_G21,10109882AGUIARA,2025-09-19,117808,1,100,0,549.0
10109882AGUIARA_2025-09-19_G23,10109882AGUIARA,2025-09-19,117862,1,40,0,990.0
10109882AGUIARA_2025-09-19_G24,10109882AGUIARA,2025-09-19,118140,1,50,0,840.0
10109882AGUIARA_2025-09-19_G25,10109882AGUIARA,2025-09-19,111442,1,4,0,471.0
10109882AGUIARA_2025-09-19_G26,10109882AGUIARA,2025-09-19,110787,2,40,17,1710.0
10109882AGUIARA_2025-09-19_G27,10109882AGUIARA,2025-09-19,111602,1,5,0,473.0
10109882AGUIARA_2025-09-19_G28,10109882AGUIARA,2025-09-19,110753,1,8,0,167.0
10109882AGUIARA_2025-09-19_G29,10109882AGUIARA,2025-09-19,115234,1,2,0,1009.0
10109882AGUIARA_2025-09-19_G30,10109882AGUIARA,2025-09-19,110623,1,6,0,383.0
10109882AGUIARA_2025-09-19_G31,10109882AGUIARA,2025-09-19,110623,1,7,0,393.0
10109882AGUIARA_2025-09-19_G32,10109882AGUIARA,2025-09-19,110623,1,5,0,95.0
10109882AGUIARA_2025-09-20_G02,10109882AGUIARA,2025-09-20,108794,1,11,0,267.0
10109882AGUIARA_2025-09-20_G03,10109882AGUIARA,2025-09-20,111466,1,12,0,151.0
10109882AGUIARA_2025-09-20_G04,10109882AGUIARA,2025-09-20,117833,1,25,0,836.0
10109882AGUIARA_2025-09-20_G05,10109882AGUIARA,2025-09-20,111468,1,16,0,357.0
10109882AGUIARA_2025-09-20_G06,10109882AGUIARA,2025-09-20,118330,1,10,0,71.0
10109882AGUIARA_2025-09-20_G07,10109882AGUIARA,2025-09-20,110374,1,8,0,3193.0
10109882AGUIARA_2025-09-20_G08,10109882AGUIARA,2025-09-20,140923,1,20,0,302.0
10109882AGUIARA_2025-09-20_G09,10109882AGUIARA,2025-09-20,111443,1,4,0,75.0
10109882AGUIARA_2025-09-20_G10,10109882AGUIARA,2025-09-20,141823,1,2,0,95.0
10109882AGUIARA_2025-09-20_G11,10109882AGUIARA,2025-09-20,111441,1,4,0,370.0
10109882AGUIARA_2025-09-20_G12,10109882AGUIARA,2025-09-20,111467,1,4,0,507.0
10109882AGUIARA_2025-09-20_G13,10109882AGUIARA,2025-09-20,109643,1,4,0,189.0
10109882AGUIARA_2025-09-20_G14,10109882AGUIARA,2025-09-20,117832,1,4,0,131.0
10109882AGUIARA_2025-09-20_G15,10109882AGUIARA,2025-09-20,117832,1,4,0,32.0
10109882AGUIARA_2025-09-20_G16,10109882AGUIARA,2025-09-20,110373,1,4,0,106.0
10109882AGUIARA_2025-09-20_G17,10109882AGUIARA,2025-09-20,117820,1,4,0,38.0
10109882AGUIARA_2025-09-20_G18,10109882AGUIARA,2025-09-20,111530,1,1,0,387.0
10109882AGUIARA_2025-09-20_G19,10109882AGUIARA,2025-09-20,117822,1,1,0,289.0
10109882AGUIARA_2025-09-21_G02,10109882AGUIARA,2025-09-21,110374,1,20,0,172.0
10109882AGUIARA_2025-09-21_G03,10109882AGUIARA,2025-09-21,109643,1,20,0,203.0
10109882AGUIARA_2025-09-21_G04,10109882AGUIARA,2025-09-21,118299,1,100,0,294.0
10109882AGUIARA_2025-09-21_G05,10109882AGUIARA,2025-09-21,110372,1,100,0,773.0
10109882AGUIARA_2025-09-21_G06,10109882AGUIARA,2025-09-21,117808,1,300,0,1019.0
10109882AGUIARA_2025-09-21_G07,10109882AGUIARA,2025-09-21,110371,1,100,0,485.0
10109882AGUIARA_2025-09-21_G08,10109882AGUIARA,2025-09-21,110373,1,13,0,333.0
10109882AGUIARA_2025-09-21_G09,10109882AGUIARA,2025-09-21,110373,1,100,0,408.0
10109882AGUIARA_2025-09-21_G10,10109882AGUIARA,2025-09-21,117820,1,100,0,452.0
10109882AGUIARA_2025-09-21_G11,10109882AGUIARA,2025-09-21,117788,1,20,0,936.0
10109882AGUIARA_2025-09-21_G12,10109882AGUIARA,2025-09-21,107629,1,24,0,374.0
10109882AGUIARA_2025-09-21_G13,10109882AGUIARA,2025-09-21,111530,1,30,0,343.0
10109882AGUIARA_2025-09-21_G14,10109882AGUIARA,2025-09-21,140923,1,100,0,1096.0
10109882AGUIARA_2025-09-21_G15,10109882AGUIARA,2025-09-21,110733,1,20,0,169.0
10109882AGUIARA_2025-09-21_G16,10109882AGUIARA,2025-09-21,111467,1,35,0,509.0
10109882AGUIARA_2025-09-21_G17,10109882AGUIARA,2025-09-21,118094,1,20,0,227.0
10109882AGUIARA_2025-09-22_G02,10109882AGUIARA,2025-09-22,111602,1,17,0,311.0
10109882AGUIARA_2025-09-22_G03,10109882AGUIARA,2025-09-22,141047,1,8,0,987.0
10109882AGUIARA_2025-09-22_G04,10109882AGUIARA,2025-09-22,141047,1,4,0,39.0
10109882AGUIARA_2025-09-22_G05,10109882AGUIARA,2025-09-22,141066,1,6,0,160.0
10109882AGUIARA_2025-09-22_G06,10109882AGUIARA,2025-09-22,117855,1,4,0,141.0
10109882AGUIARA_2025-09-22_G07,10109882AGUIARA,2025-09-22,117786,1,6,0,114.0
10109882AGUIARA_2025-09-22_G08,10109882AGUIARA,2025-09-22,117786,1,8,0,59.0
10109882AGUIARA_2025-09-22_G09,10109882AGUIARA,2025-09-22,110752,1,4,0,66.0
10109882AGUIARA_2025-09-22_G10,10109882AGUIARA,2025-09-22,118094,1,5,0,502.0
10109882AGUIARA_2025-09-22_G11,10109882AGUIARA,2025-09-22,111441,1,4,0,465.0
10109882AGUIARA_2025-09-22_G12,10109882AGUIARA,2025-09-22,118306,1,4,0,128.0
10109882AGUIARA_2025-09-22_G13,10109882AGUIARA,2025-09-22,111430,1,2,0,59.0
10109882AGUIARA_2025-09-22_G14,10109882AGUIARA,2025-09-22,110582,1,8,0,341.0
10109882AGUIARA_2025-09-22_G15,10109882AGUIARA,2025-09-22,110582,1,4,0,43.0
10109882AGUIARA_2025-09-22_G16,10109882AGUIARA,2025-09-22,110755,1,2,0,212.0
10109882AGUIARA_2025-09-22_G17,10109882AGUIARA,2025-09-22,108770,1,2,0,118.0
10109882AGUIARA_2025-09-22_G18,10109882AGUIARA,2025-09-22,111569,1,16,0,581.0
10109882AGUIARA_2025-09-22_G19,10109882AGUIARA,2025-09-22,111655,1,3,0,227.0
10109882AGUIARA_2025-09-22_G20,10109882AGUIARA,2025-09-22,160051,1,5,0,1970.0
10109882AGUIARA_2025-09-22_G21,10109882AGUIARA,2025-09-22,141456,1,100,0,1125.0
10109882AGUIARA_2025-09-22_G22,10109882AGUIARA,2025-09-22,117855,1,20,0,1404.0
10109882AGUIARA_2025-09-22_G24,10109882AGUIARA,2025-09-22,110895,1,60,0,461.0
10109882AGUIARA_2025-09-22_G25,10109882AGUIARA,2025-09-22,117861,1,4,0,497.0
10109882AGUIARA_2025-09-22_G26,10109882AGUIARA,2025-09-22,111467,1,4,0,139.0
10109882AGUIARA_2025-09-22_G27,10109882AGUIARA,2025-09-22,118094,1,5,0,114.0
10109882AGUIARA_2025-09-22_G28,10109882AGUIARA,2025-09-22,118094,1,15,0,151.0
10109882AGUIARA_2025-09-23_G02,10109882AGUIARA,2025-09-23,111441,1,4,0,431.0
10109882AGUIARA_2025-09-23_G03,10109882AGUIARA,2025-09-23,111330,1,4,0,2807.0
10109882AGUIARA_2025-09-23_G04,10109882AGUIARA,2025-09-23,111530,1,10,0,63.0
10109882AGUIARA_2025-09-23_G05,10109882AGUIARA,2025-09-23,107830,1,17,0,3081.0
10109882AGUIARA_2025-09-23_G06,10109882AGUIARA,2025-09-23,118299,1,97,0,171.0
10109882AGUIARA_2025-09-23_G07,10109882AGUIARA,2025-09-23,110371,1,31,0,1051.0
10109882AGUIARA_2025-09-23_G08,10109882AGUIARA,2025-09-23,110375,1,1,0,200.0
10109882AGUIARA_2025-09-23_G09,10109882AGUIARA,2025-09-23,141202,1,10,0,247.0
10109882AGUIARA_2025-09-23_G10,10109882AGUIARA,2025-09-23,117809,1,11,0,86.0
10109882AGUIARA_2025-09-23_G11,10109882AGUIARA,2025-09-23,110371,1,88,0,911.0
10109882AGUIARA_2025-09-24_G02,10109882AGUIARA,2025-09-24,117786,1,10,0,146.0
10109882AGUIARA_2025-09-24_G04,10109882AGUIARA,2025-09-24,109974,1,2,0,1053.0
10109882AGUIARA_2025-09-24_G05,10109882AGUIARA,2025-09-24,118253,1,4,0,654.0
10109882AGUIARA_2025-09-24_G06,10109882AGUIARA,2025-09-24,118418,1,4,0,242.0
10109882AGUIARA_2025-09-24_G07,10109882AGUIARA,2025-09-24,110623,1,5,0,174.0
10109882AGUIARA_2025-09-24_G08,10109882AGUIARA,2025-09-24,118290,1,8,0,112.0
10109882AGUIARA_2025-09-24_G09,10109882AGUIARA,2025-09-24,118280,1,2,0,188.0
10109882AGUIARA_2025-09-24_G10,10109882AGUIARA,2025-09-24,118277,1,2,0,255.0
10109882AGUIARA_2025-09-24_G12,10109882AGUIARA,2025-09-24,111172,1,33,0,658.0
10109882AGUIARA_2025-09-25_G02,10109882AGUIARA,2025-09-25,117788,1,31,0,462.0
10109882AGUIARA_2025-09-25_G03,10109882AGUIARA,2025-09-25,117935,1,20,0,593.0
10109882AGUIARA_2025-09-25_G04,10109882AGUIARA,2025-09-25,117861,1,13,0,122.0
10109882AGUIARA_2025-09-25_G05,10109882AGUIARA,2025-09-25,117853,1,7,0,180.0
10109882AGUIARA_2025-09-25_G06,10109882AGUIARA,2025-09-25,111879,1,9,0,173.0
10109882AGUIARA_2025-09-25_G07,10109882AGUIARA,2025-09-25,111443,1,22,0,592.0
10109882AGUIARA_2025-09-25_G08,10109882AGUIARA,2025-09-25,108711,1,50,0,2028.0
10109882AGUIARA_2025-09-25_G09,10109882AGUIARA,2025-09-25,117787,1,20,0,820.0
10109882AGUIARA_2025-09-25_G10,10109882AGUIARA,2025-09-25,111418,1,80,0,371.0
10109882AGUIARA_2025-09-25_G11,10109882AGUIARA,2025-09-25,115817,1,2,0,116.0
10109882AGUIARA_2025-09-25_G12,10109882AGUIARA,2025-09-25,117833,1,17,0,896.0
10109882AGUIARA_2025-09-25_G13,10109882AGUIARA,2025-09-25,117785,1,100,0,503.0
10109882AGUIARA_2025-09-25_G14,10109882AGUIARA,2025-09-25,117821,1,50,0,511.0
10109882AGUIARA_2025-09-25_G15,10109882AGUIARA,2025-09-25,110745,1,8,0,1081.0
10109882AGUIARA_2025-09-25_G16,10109882AGUIARA,2025-09-25,110743,1,11,0,236.0
10109882AGUIARA_2025-09-25_G17,10109882AGUIARA,2025-09-25,111469,1,40,0,372.0
10109882AGUIARA_2025-09-25_G18,10109882AGUIARA,2025-09-25,115209,1,8,0,1011.0
10109882AGUIARA_2025-09-27_G03,10109882AGUIARA,2025-09-27,118140,1,200,0,2549.0
10109882AGUIARA_2025-09-28_G02,10109882AGUIARA,2025-09-28,160051,1,10,0,150.0
10109882AGUIARA_2025-09-28_G03,10109882AGUIARA,2025-09-28,110895,1,2,0,129.0
10109882AGUIARA_2025-09-28_G04,10109882AGUIARA,2025-09-28,140922,1,8,0,150.0
10109882AGUIARA_2025-09-28_G05,10109882AGUIARA,2025-09-28,118290,1,4,0,525.0
10109882AGUIARA_2025-09-28_G06,10109882AGUIARA,2025-09-28,110747,1,4,0,85.0
10109882AGUIARA_2025-09-28_G07,10109882AGUIARA,2025-09-28,140923,1,2,0,129.0
10109882AGUIARA_2025-09-28_G08,10109882AGUIARA,2025-09-28,140923,1,30,0,287.0
10109882AGUIARA_2025-09-28_G09,10109882AGUIARA,2025-09-28,105705,1,2,0,99.0
10109882AGUIARA_2025-09-28_G10,10109882AGUIARA,2025-09-28,141823,1,12,0,133.0
10109882AGUIARA_2025-09-28_G11,10109882AGUIARA,2025-09-28,118140,1,33,0,787.0
10109882AGUIARA_2025-09-28_G12,10109882AGUIARA,2025-09-28,110372,1,2,0,637.0
10109882AGUIARA_2025-09-28_G13,10109882AGUIARA,2025-09-28,140923,1,10,0,210.0
10109882AGUIARA_2025-09-28_G14,10109882AGUIARA,2025-09-28,118140,1,10,0,137.0
10109882AGUIARA_2025-09-28_G15,10109882AGUIARA,2025-09-28,118140,1,6,0,36.0
10109882AGUIARA_2025-09-28_G16,10109882AGUIARA,2025-09-28,110339,1,24,0,506.0
10109882AGUIARA_2025-09-28_G17,10109882AGUIARA,2025-09-28,107892,1,4,0,957.0
10109882AGUIARA_2025-09-28_G18,10109882AGUIARA,2025-09-28,110339,1,5,0,349.0
10109882AGUIARA_2025-09-28_G19,10109882AGUIARA,2025-09-28,140923,1,20,0,1029.0
10109882AGUIARA_2025-09-28_G20,10109882AGUIARA,2025-09-28,118140,1,34,0,460.0
10109882AGUIARA_2025-09-28_G21,10109882AGUIARA,2025-09-28,118140,1,15,0,728.0
10109882AGUIARA_2025-09-28_G22,10109882AGUIARA,2025-09-28,115234,1,4,0,337.0
10109882AGUIARA_2025-09-29_G02,10109882AGUIARA,2025-09-29,118298,1,2,0,155.0
10109882AGUIARA_2025-09-29_G03,10109882AGUIARA,2025-09-29,105705,1,16,0,242.0
10109882AGUIARA_2025-09-29_G04,10109882AGUIARA,2025-09-29,109641,1,10,0,603.0
10109882AGUIARA_2025-09-29_G05,10109882AGUIARA,2025-09-29,111466,1,24,0,308.0
10109882AGUIARA_2025-09-29_G06,10109882AGUIARA,2025-09-29,141458,1,6,0,99.0
10109882AGUIARA_2025-09-29_G07,10109882AGUIARA,2025-09-29,160054,1,3,0,185.0
10109882AGUIARA_2025-09-29_G08,10109882AGUIARA,2025-09-29,110372,1,10,0,186.0
10109882AGUIARA_2025-09-29_G09,10109882AGUIARA,2025-09-29,117820,1,20,0,157.0
10109882AGUIARA_2025-09-29_G10,10109882AGUIARA,2025-09-29,117808,1,50,0,1092.0
10109882AGUIARA_2025-09-29_G11,10109882AGUIARA,2025-09-29,117808,1,500,0,2081.0
10109882AGUIARA_2025-09-29_G12,10109882AGUIARA,2025-09-29,117856,1,40,0,778.0
10109882AGUIARA_2025-09-29_G13,10109882AGUIARA,2025-09-29,110372,1,722,0,2539.0
10109882AGUIARA_2025-09-29_G15,10109882AGUIARA,2025-09-29,118140,1,400,0,791.0
10109882AGUIARA_2025-09-29_G16,10109882AGUIARA,2025-09-29,110374,1,307,0,920.0
10109882AGUIARA_2025-09-29_G17,10109882AGUIARA,2025-09-29,116527,1,24,0,669.0
10109882AGUIARA_2025-09-29_G18,10109882AGUIARA,2025-09-29,111813,1,24,0,804.0
10109882AGUIARA_2025-09-29_G19,10109882AGUIARA,2025-09-29,140922,1,60,0,840.0
10109882AGUIARA_2025-09-29_G20,10109882AGUIARA,2025-09-29,116241,1,70,0,836.0
10109882AGUIARA_2025-09-30_G02,10109882AGUIARA,2025-09-30,110373,1,58,0,448.0
10109882AGUIARA_2025-09-30_G03,10109882AGUIARA,2025-09-30,110373,1,1,0,39.0
10109882AGUIARA_2025-09-30_G04,10109882AGUIARA,2025-09-30,111447,1,18,0,323.0
10109882AGUIARA_2025-09-30_G05,10109882AGUIARA,2025-09-30,111569,1,40,0,260.0
10109882AGUIARA_2025-09-30_G06,10109882AGUIARA,2025-09-30,110747,1,13,0,502.0
10109882AGUIARA_2025-09-30_G07,10109882AGUIARA,2025-09-30,111569,1,88,0,577.0
10109882AGUIARA_2025-10-02_G02,10109882AGUIARA,2025-10-02,110373,1,20,0,547.0
10109882AGUIARA_2025-10-03_G02,10109882AGUIARA,2025-10-03,111469,1,100,0,665.0
10109882AGUIARA_2025-10-03_G03,10109882AGUIARA,2025-10-03,111850,1,4,0,1117.0
10109882AGUIARA_2025-10-03_G04,10109882AGUIARA,2025-10-03,107892,1,4,0,3429.0
10109882AGUIARA_2025-10-03_G05,10109882AGUIARA,2025-10-03,117862,1,4,0,863.0
10109882AGUIARA_2025-10-03_G06,10109882AGUIARA,2025-10-03,118317,1,4,0,198.0
10109882AGUIARA_2025-10-03_G07,10109882AGUIARA,2025-10-03,111462,1,8,0,281.0
10109882AGUIARA_2025-10-03_G08,10109882AGUIARA,2025-10-03,111469,1,1,0,52.0
10109882AGUIARA_2025-10-03_G09,10109882AGUIARA,2025-10-03,116241,1,4,0,114.0
10109882AGUIARA_2025-10-03_G10,10109882AGUIARA,2025-10-03,110374,1,3,0,147.0
10109882AGUIARA_2025-10-03_G11,10109882AGUIARA,2025-10-03,117809,1,2,0,201.0
10109882AGUIARA_2025-10-03_G12,10109882AGUIARA,2025-10-03,110371,1,8,0,591.0
10109882AGUIARA_2025-10-04_G02,10109882AGUIARA,2025-10-04,110373,1,50,0,2111.0
10109882AGUIARA_2025-10-04_G03,10109882AGUIARA,2025-10-04,118299,1,2,0,854.0
10109882AGUIARA_2025-10-04_G04,10109882AGUIARA,2025-10-04,118299,1,8,0,396.0
10109882AGUIARA_2025-10-04_G05,10109882AGUIARA,2025-10-04,118299,1,2,0,61.0
10109882AGUIARA_2025-10-04_G06,10109882AGUIARA,2025-10-04,110374,1,80,0,1810.0
10109882AGUIARA_2025-10-04_G07,10109882AGUIARA,2025-10-04,110372,1,80,0,1071.0
10109882AGUIARA_2025-10-04_G08,10109882AGUIARA,2025-10-04,117820,1,80,0,515.0
10109882AGUIARA_2025-10-04_G09,10109882AGUIARA,2025-10-04,110373,1,12,0,108.0
10109882AGUIARA_2025-10-04_G10,10109882AGUIARA,2025-10-04,117822,1,7,0,1108.0
10109882AGUIARA_2025-10-04_G11,10109882AGUIARA,2025-10-04,"110339, 117840",2,15,20,747.0
10109882AGUIARA_2025-10-04_G12,10109882AGUIARA,2025-10-04,110373,1,108,0,285.0
10109882AGUIARA_2025-10-04_G13,10109882AGUIARA,2025-10-04,"118299, 110371",2,160,20,34.0
10109882AGUIARA_2025-10-04_G14,10109882AGUIARA,2025-10-04,117830,1,28,0,879.0
10109889RODRIGUESA_2025-08-28_G02,10109889RODRIGUESA,2025-08-28,124370,1,40,0,1047.0
10109889RODRIGUESA_2025-08-28_G03,10109889RODRIGUESA,2025-08-28,123492,1,8,0,369.0
10109923SABINOM_2025-06-25_G02,10109923SABINOM,2025-06-25,110129,1,6,0,851.0
10109923SABINOM_2025-06-25_G03,10109923SABINOM,2025-06-25,118299,1,404,0,1640.0
10109923SABINOM_2025-06-25_G04,10109923SABINOM,2025-06-25,117808,1,84,0,1910.0
10109923SABINOM_2025-06-25_G05,10109923SABINOM,2025-06-25,117808,1,540,0,622.0
10109923SABINOM_2025-06-25_G07,10109923SABINOM,2025-06-25,110895,1,10,0,241.0
10109923SABINOM_2025-06-25_G08,10109923SABINOM,2025-06-25,111655,1,4,0,634.0
10109923SABINOM_2025-06-25_G09,10109923SABINOM,2025-06-25,118306,1,4,0,279.0
10109923SABINOM_2025-06-25_G10,10109923SABINOM,2025-06-25,111438,1,1,0,78.0
10109923SABINOM_2025-06-25_G12,10109923SABINOM,2025-06-25,140922,1,6,0,196.0
10109923SABINOM_2025-06-25_G13,10109923SABINOM,2025-06-25,117785,1,12,0,196.0
10109923SABINOM_2025-06-25_G14,10109923SABINOM,2025-06-25,110895,1,6,0,670.0
10109923SABINOM_2025-06-25_G15,10109923SABINOM,2025-06-25,111602,1,8,0,188.0
10109923SABINOM_2025-06-25_G16,10109923SABINOM,2025-06-25,118094,1,2,0,405.0
10109923SABINOM_2025-06-25_G17,10109923SABINOM,2025-06-25,110339,1,2,0,103.0
10109923SABINOM_2025-06-25_G18,10109923SABINOM,2025-06-25,110515,1,7,0,200.0
10109923SABINOM_2025-06-25_G19,10109923SABINOM,2025-06-25,117856,1,10,0,290.0
10109923SABINOM_2025-06-25_G20,10109923SABINOM,2025-06-25,111418,1,90,0,1002.0
10109923SABINOM_2025-06-25_G21,10109923SABINOM,2025-06-25,117785,1,30,0,364.0
10109923SABINOM_2025-06-25_G22,10109923SABINOM,2025-06-25,111743,1,12,0,124.0
10109923SABINOM_2025-06-25_G23,10109923SABINOM,2025-06-25,110740,1,4,0,712.0
10109923SABINOM_2025-06-25_G24,10109923SABINOM,2025-06-25,110787,1,5,0,291.0
10109923SABINOM_2025-06-26_G02,10109923SABINOM,2025-06-26,117842,1,16,0,558.0
10109923SABINOM_2025-06-26_G03,10109923SABINOM,2025-06-26,118280,1,28,0,684.0
10109923SABINOM_2025-06-26_G04,10109923SABINOM,2025-06-26,111463,1,90,0,671.0
10109923SABINOM_2025-06-26_G05,10109923SABINOM,2025-06-26,111466,1,100,0,544.0
10109923SABINOM_2025-06-26_G06,10109923SABINOM,2025-06-26,117831,1,50,0,259.0
10109923SABINOM_2025-06-26_G07,10109923SABINOM,2025-06-26,108798,1,8,0,430.0
10109923SABINOM_2025-06-26_G08,10109923SABINOM,2025-06-26,117787,1,10,0,142.0
10109923SABINOM_2025-06-26_G09,10109923SABINOM,2025-06-26,108795,1,10,0,246.0
10109923SABINOM_2025-06-26_G10,10109923SABINOM,2025-06-26,108794,1,50,0,866.0
10109923SABINOM_2025-06-26_G11,10109923SABINOM,2025-06-26,110787,1,30,0,249.0
10109923SABINOM_2025-06-26_G12,10109923SABINOM,2025-06-26,118140,1,50,0,741.0
10109923SABINOM_2025-06-26_G13,10109923SABINOM,2025-06-26,111418,1,50,0,367.0
10109923SABINOM_2025-06-26_G14,10109923SABINOM,2025-06-26,117785,1,40,0,964.0
10109923SABINOM_2025-06-26_G15,10109923SABINOM,2025-06-26,118285,1,4,0,1386.0
10109923SABINOM_2025-06-26_G16,10109923SABINOM,2025-06-26,118326,1,4,0,317.0
10109923SABINOM_2025-06-26_G17,10109923SABINOM,2025-06-26,118290,1,8,0,397.0
10109923SABINOM_2025-06-26_G18,10109923SABINOM,2025-06-26,117835,1,2,0,499.0
10109923SABINOM_2025-06-26_G19,10109923SABINOM,2025-06-26,111438,2,6,11,351.0
10109923SABINOM_2025-06-26_G20,10109923SABINOM,2025-06-26,118222,1,4,0,857.0
10109923SABINOM_2025-06-26_G21,10109923SABINOM,2025-06-26,110755,1,1,0,191.0
10109923SABINOM_2025-06-26_G22,10109923SABINOM,2025-06-26,109641,1,3,0,294.0
10109923SABINOM_2025-06-26_G23,10109923SABINOM,2025-06-26,110740,1,2,0,85.0
10109923SABINOM_2025-06-26_G24,10109923SABINOM,2025-06-26,117821,1,4,0,788.0
10109923SABINOM_2025-06-26_G25,10109923SABINOM,2025-06-26,118140,1,3,0,120.0
10109923SABINOM_2025-06-26_G26,10109923SABINOM,2025-06-26,110711,1,2,0,947.0
10109923SABINOM_2025-06-26_G27,10109923SABINOM,2025-06-26,111462,1,3,0,242.0
10109923SABINOM_2025-06-26_G28,10109923SABINOM,2025-06-26,111466,1,3,0,198.0
10109923SABINOM_2025-06-26_G29,10109923SABINOM,2025-06-26,117808,1,14,0,998.0
10109923SABINOM_2025-06-26_G31,10109923SABINOM,2025-06-26,117834,1,2,0,199.0
10109923SABINOM_2025-06-26_G32,10109923SABINOM,2025-06-26,108759,1,1,0,81.0
10109923SABINOM_2025-06-26_G33,10109923SABINOM,2025-06-26,107629,1,1,0,111.0
10109923SABINOM_2025-06-26_G34,10109923SABINOM,2025-06-26,117786,1,1,0,101.0
10109923SABINOM_2025-06-26_G35,10109923SABINOM,2025-06-26,110515,1,5,0,192.0
10109923SABINOM_2025-06-26_G36,10109923SABINOM,2025-06-26,110313,1,3,0,99.0
10109923SABINOM_2025-06-26_G37,10109923SABINOM,2025-06-26,117856,1,3,0,156.0
10109923SABINOM_2025-06-26_G38,10109923SABINOM,2025-06-26,108795,1,1,0,859.0
10109923SABINOM_2025-06-26_G39,10109923SABINOM,2025-06-26,111463,1,4,0,87.0
10109923SABINOM_2025-06-26_G40,10109923SABINOM,2025-06-26,111466,1,3,0,101.0
10109923SABINOM_2025-06-26_G41,10109923SABINOM,2025-06-26,111462,1,4,0,106.0
10109923SABINOM_2025-06-26_G42,10109923SABINOM,2025-06-26,109645,1,2,0,126.0
10109923SABINOM_2025-06-26_G43,10109923SABINOM,2025-06-26,111418,1,8,0,65.0
10109923SABINOM_2025-06-26_G44,10109923SABINOM,2025-06-26,109640,1,15,0,782.0
10109923SABINOM_2025-06-26_G45,10109923SABINOM,2025-06-26,109640,1,4,0,113.0
10109923SABINOM_2025-06-26_G46,10109923SABINOM,2025-06-26,108795,1,2,0,144.0
10109923SABINOM_2025-06-26_G47,10109923SABINOM,2025-06-26,111532,1,2,0,99.0
10109923SABINOM_2025-06-26_G48,10109923SABINOM,2025-06-26,111462,1,4,0,159.0
10109923SABINOM_2025-06-27_G02,10109923SABINOM,2025-06-27,117862,1,60,0,594.0
10109923SABINOM_2025-06-27_G03,10109923SABINOM,2025-06-27,117862,1,20,0,91.0
10109923SABINOM_2025-06-27_G04,10109923SABINOM,2025-06-27,117837,1,13,0,934.0
10109923SABINOM_2025-06-27_G05,10109923SABINOM,2025-06-27,118403,1,30,0,570.0
10109923SABINOM_2025-06-27_G06,10109923SABINOM,2025-06-27,110080,1,2,0,1743.0
10109923SABINOM_2025-06-27_G07,10109923SABINOM,2025-06-27,110454,1,6,0,1255.0
10109923SABINOM_2025-06-27_G08,10109923SABINOM,2025-06-27,111793,1,4,0,252.0
10109923SABINOM_2025-06-27_G09,10109923SABINOM,2025-06-27,111850,1,40,0,1778.0
10109923SABINOM_2025-06-27_G10,10109923SABINOM,2025-06-27,110895,1,20,0,706.0
10109923SABINOM_2025-06-27_G11,10109923SABINOM,2025-06-27,117834,1,20,0,202.0
10109923SABINOM_2025-06-27_G12,10109923SABINOM,2025-06-27,111569,1,20,0,561.0
10109923SABINOM_2025-06-27_G13,10109923SABINOM,2025-06-27,117836,1,14,0,325.0
10109923SABINOM_2025-06-27_G14,10109923SABINOM,2025-06-27,118222,1,60,0,1968.0
10109923SABINOM_2025-06-27_G15,10109923SABINOM,2025-06-27,110325,1,12,0,880.0
10109923SABINOM_2025-06-27_G16,10109923SABINOM,2025-06-27,118299,1,7,0,93.0
10109923SABINOM_2025-06-27_G17,10109923SABINOM,2025-06-27,117808,1,11,0,315.0
10109923SABINOM_2025-06-27_G18,10109923SABINOM,2025-06-27,110371,1,18,0,439.0
10109923SABINOM_2025-06-27_G19,10109923SABINOM,2025-06-27,117832,1,2,0,168.0
10109923SABINOM_2025-06-27_G20,10109923SABINOM,2025-06-27,110711,1,3,0,407.0
10109923SABINOM_2025-06-27_G21,10109923SABINOM,2025-06-27,117786,1,6,0,230.0
10109923SABINOM_2025-06-27_G22,10109923SABINOM,2025-06-27,111463,1,2,0,602.0
10109923SABINOM_2025-06-27_G23,10109923SABINOM,2025-06-27,111466,1,3,0,233.0
10109923SABINOM_2025-06-27_G24,10109923SABINOM,2025-06-27,111462,1,7,0,426.0
10109923SABINOM_2025-06-27_G25,10109923SABINOM,2025-06-27,118140,1,5,0,221.0
10109923SABINOM_2025-06-27_G26,10109923SABINOM,2025-06-27,110371,1,6,0,299.0
10109923SABINOM_2025-06-27_G27,10109923SABINOM,2025-06-27,118299,1,9,0,444.0
10109923SABINOM_2025-06-27_G28,10109923SABINOM,2025-06-27,117808,1,1,0,47.0
10109923SABINOM_2025-06-27_G29,10109923SABINOM,2025-06-27,117832,1,6,0,118.0
10109923SABINOM_2025-06-27_G30,10109923SABINOM,2025-06-27,140922,1,10,0,367.0
10109923SABINOM_2025-06-27_G31,10109923SABINOM,2025-06-27,111462,1,5,0,99.0
10109923SABINOM_2025-06-27_G32,10109923SABINOM,2025-06-27,111468,1,4,0,73.0
10109923SABINOM_2025-06-27_G33,10109923SABINOM,2025-06-27,117785,1,13,0,146.0
10109923SABINOM_2025-06-28_G02,10109923SABINOM,2025-06-28,105705,2,9,5,99.0
10109923SABINOM_2025-06-28_G03,10109923SABINOM,2025-06-28,111468,1,30,0,406.0
10109923SABINOM_2025-06-28_G04,10109923SABINOM,2025-06-28,117833,1,50,0,1030.0
10109923SABINOM_2025-06-28_G05,10109923SABINOM,2025-06-28,117833,1,20,0,338.0
10109923SABINOM_2025-06-28_G06,10109923SABINOM,2025-06-28,111469,1,58,0,878.0
10109923SABINOM_2025-06-28_G07,10109923SABINOM,2025-06-28,111469,1,12,0,57.0
10109923SABINOM_2025-06-28_G08,10109923SABINOM,2025-06-28,111418,1,50,0,410.0
10109923SABINOM_2025-06-28_G09,10109923SABINOM,2025-06-28,117821,1,20,0,400.0
10109923SABINOM_2025-06-28_G10,10109923SABINOM,2025-06-28,118140,1,30,0,146.0
10109923SABINOM_2025-06-28_G11,10109923SABINOM,2025-06-28,111172,2,20,6,185.0
10109923SABINOM_2025-06-28_G12,10109923SABINOM,2025-06-28,109643,1,4,0,1848.0
10109923SABINOM_2025-06-28_G13,10109923SABINOM,2025-06-28,109643,1,4,0,371.0
10109923SABINOM_2025-06-28_G14,10109923SABINOM,2025-06-28,110375,1,2,0,129.0
10109923SABINOM_2025-06-28_G15,10109923SABINOM,2025-06-28,110371,1,4,0,155.0
10109923SABINOM_2025-06-28_G16,10109923SABINOM,2025-06-28,110372,1,3,0,123.0
10109923SABINOM_2025-06-28_G17,10109923SABINOM,2025-06-28,109640,1,2,0,674.0
10109923SABINOM_2025-06-28_G18,10109923SABINOM,2025-06-28,111467,1,3,0,169.0
10109923SABINOM_2025-06-28_G19,10109923SABINOM,2025-06-28,111743,1,2,0,553.0
10109923SABINOM_2025-06-28_G20,10109923SABINOM,2025-06-28,109643,1,1,0,254.0
10109923SABINOM_2025-06-28_G21,10109923SABINOM,2025-06-28,111569,1,2,0,346.0
10109923SABINOM_2025-06-28_G22,10109923SABINOM,2025-06-28,108770,1,4,0,120.0
10109923SABINOM_2025-06-28_G23,10109923SABINOM,2025-06-28,110733,1,1,0,379.0
10109923SABINOM_2025-06-28_G24,10109923SABINOM,2025-06-28,118094,1,2,0,488.0
10109923SABINOM_2025-06-28_G25,10109923SABINOM,2025-06-28,117786,1,1,0,74.0
10109923SABINOM_2025-06-28_G26,10109923SABINOM,2025-06-28,109640,1,2,0,119.0
10109923SABINOM_2025-06-28_G27,10109923SABINOM,2025-06-28,111468,1,4,0,175.0
10109923SABINOM_2025-06-28_G28,10109923SABINOM,2025-06-28,108795,1,10,0,1203.0
10109923SABINOM_2025-06-28_G29,10109923SABINOM,2025-06-28,117785,1,9,0,70.0
10109923SABINOM_2025-06-28_G30,10109923SABINOM,2025-06-28,111743,1,3,0,48.0
10109923SABINOM_2025-06-28_G31,10109923SABINOM,2025-06-28,108794,1,7,0,215.0
10109923SABINOM_2025-06-28_G32,10109923SABINOM,2025-06-28,108711,1,3,0,117.0
10109923SABINOM_2025-06-28_G33,10109923SABINOM,2025-06-28,108798,1,22,0,349.0
10109923SABINOM_2025-06-28_G34,10109923SABINOM,2025-06-28,110787,1,5,0,193.0
10109923SABINOM_2025-06-28_G35,10109923SABINOM,2025-06-28,118140,1,6,0,211.0
10109923SABINOM_2025-06-28_G36,10109923SABINOM,2025-06-28,111532,1,32,0,534.0
10109923SABINOM_2025-06-28_G37,10109923SABINOM,2025-06-28,141047,1,6,0,108.0
10109923SABINOM_2025-06-28_G38,10109923SABINOM,2025-06-28,111602,1,9,0,317.0
10109923SABINOM_2025-06-28_G39,10109923SABINOM,2025-06-28,110752,1,4,0,35.0
10109923SABINOM_2025-06-28_G40,10109923SABINOM,2025-06-28,118299,1,54,0,564.0
10109923SABINOM_2025-06-28_G41,10109923SABINOM,2025-06-28,110339,1,14,0,296.0
10109923SABINOM_2025-06-28_G42,10109923SABINOM,2025-06-28,107629,1,14,0,142.0
10109923SABINOM_2025-06-28_G43,10109923SABINOM,2025-06-28,117837,1,2,0,717.0
10109923SABINOM_2025-06-28_G44,10109923SABINOM,2025-06-28,110711,1,5,0,171.0
10109923SABINOM_2025-06-28_G45,10109923SABINOM,2025-06-28,117856,2,24,23,193.0
10109923SABINOM_2025-06-28_G46,10109923SABINOM,2025-06-28,110895,1,65,0,1305.0
10109923SABINOM_2025-06-28_G47,10109923SABINOM,2025-06-28,110742,1,19,0,366.0
10109923SABINOM_2025-06-28_G48,10109923SABINOM,2025-06-28,111430,1,2,0,93.0
10109923SABINOM_2025-06-28_G49,10109923SABINOM,2025-06-28,108759,1,18,0,955.0
10109923SABINOM_2025-06-28_G51,10109923SABINOM,2025-06-28,111530,1,8,0,253.0
10109923SABINOM_2025-06-30_G02,10109923SABINOM,2025-06-30,117809,1,12,0,289.0
10109923SABINOM_2025-06-30_G03,10109923SABINOM,2025-06-30,118299,1,240,0,1805.0
10109923SABINOM_2025-06-30_G04,10109923SABINOM,2025-06-30,118299,1,23,0,241.0
10109923SABINOM_2025-06-30_G05,10109923SABINOM,2025-06-30,110372,1,50,0,119.0
10109923SABINOM_2025-06-30_G06,10109923SABINOM,2025-06-30,117820,1,46,0,551.0
10109923SABINOM_2025-06-30_G07,10109923SABINOM,2025-06-30,110371,2,87,9,1755.0
10109923SABINOM_2025-06-30_G08,10109923SABINOM,2025-06-30,110372,1,50,0,2478.0
10109923SABINOM_2025-06-30_G09,10109923SABINOM,2025-06-30,118290,1,5,0,1364.0
10109923SABINOM_2025-06-30_G10,10109923SABINOM,2025-06-30,141823,1,8,0,407.0
10109923SABINOM_2025-06-30_G11,10109923SABINOM,2025-06-30,111463,1,2,0,515.0
10109923SABINOM_2025-06-30_G12,10109923SABINOM,2025-06-30,108794,1,2,0,86.0
10109923SABINOM_2025-06-30_G13,10109923SABINOM,2025-06-30,118140,1,6,0,179.0
10109923SABINOM_2025-06-30_G14,10109923SABINOM,2025-06-30,111466,1,4,0,165.0
10109923SABINOM_2025-06-30_G15,10109923SABINOM,2025-06-30,110374,1,8,0,864.0
10109923SABINOM_2025-06-30_G16,10109923SABINOM,2025-06-30,117862,1,4,0,2215.0
10109923SABINOM_2025-06-30_G17,10109923SABINOM,2025-06-30,117808,1,14,0,44.0
10109923SABINOM_2025-06-30_G18,10109923SABINOM,2025-06-30,118317,1,4,0,671.0
10109923SABINOM_2025-06-30_G19,10109923SABINOM,2025-06-30,111569,1,3,0,135.0
10109923SABINOM_2025-06-30_G20,10109923SABINOM,2025-06-30,111330,1,4,0,164.0
10109923SABINOM_2025-06-30_G22,10109923SABINOM,2025-06-30,117834,1,4,0,261.0
10109923SABINOM_2025-06-30_G23,10109923SABINOM,2025-06-30,110374,1,8,0,462.0
10109923SABINOM_2025-06-30_G24,10109923SABINOM,2025-06-30,110755,1,2,0,199.0
10109923SABINOM_2025-06-30_G25,10109923SABINOM,2025-06-30,109641,1,12,0,839.0
10109923SABINOM_2025-06-30_G26,10109923SABINOM,2025-06-30,110372,1,20,0,464.0
10109923SABINOM_2025-06-30_G27,10109923SABINOM,2025-06-30,117831,1,2,0,129.0
10109923SABINOM_2025-06-30_G28,10109923SABINOM,2025-06-30,111462,1,4,0,277.0
10109923SABINOM_2025-06-30_G29,10109923SABINOM,2025-06-30,117785,1,4,0,113.0
10109923SABINOM_2025-06-30_G30,10109923SABINOM,2025-06-30,110373,1,100,0,293.0
10109923SABINOM_2025-06-30_G31,10109923SABINOM,2025-06-30,110375,1,3,0,1543.0
10109923SABINOM_2025-06-30_G32,10109923SABINOM,2025-06-30,110373,1,24,0,664.0
10109923SABINOM_2025-06-30_G33,10109923SABINOM,2025-06-30,110372,1,20,0,600.0
10109923SABINOM_2025-06-30_G34,10109923SABINOM,2025-06-30,110371,1,16,0,186.0
10109923SABINOM_2025-07-03_G02,10109923SABINOM,2025-07-03,111440,1,26,0,485.0
10109923SABINOM_2025-07-03_G03,10109923SABINOM,2025-07-03,111469,1,536,0,3215.0
10109923SABINOM_2025-07-05_G02,10109923SABINOM,2025-07-05,118299,1,23,0,644.0
10109923SABINOM_2025-07-05_G03,10109923SABINOM,2025-07-05,110373,1,24,0,306.0
10109923SABINOM_2025-07-05_G04,10109923SABINOM,2025-07-05,110371,1,12,0,285.0
10109923SABINOM_2025-07-05_G05,10109923SABINOM,2025-07-05,110372,1,26,0,822.0
10109923SABINOM_2025-07-05_G06,10109923SABINOM,2025-07-05,111466,1,14,0,695.0
10109923SABINOM_2025-07-05_G07,10109923SABINOM,2025-07-05,111418,1,12,0,162.0
10109923SABINOM_2025-07-05_G08,10109923SABINOM,2025-07-05,111462,1,16,0,416.0
10109923SABINOM_2025-07-05_G09,10109923SABINOM,2025-07-05,111463,1,18,0,275.0
10109923SABINOM_2025-07-05_G10,10109923SABINOM,2025-07-05,117820,1,12,0,853.0
10109923SABINOM_2025-07-05_G11,10109923SABINOM,2025-07-05,117820,1,31,0,1277.0
10109923SABINOM_2025-07-05_G12,10109923SABINOM,2025-07-05,110373,2,28,11,461.0
10109923SABINOM_2025-07-05_G13,10109923SABINOM,2025-07-05,110373,1,30,0,587.0
10109923SABINOM_2025-07-05_G14,10109923SABINOM,2025-07-05,107830,1,6,0,297.0
10109923SABINOM_2025-07-05_G15,10109923SABINOM,2025-07-05,110372,2,72,5,551.0
10109923SABINOM_2025-07-05_G16,10109923SABINOM,2025-07-05,110374,1,15,0,414.0
10109923SABINOM_2025-07-05_G17,10109923SABINOM,2025-07-05,110325,1,20,0,157.0
10109923SABINOM_2025-07-05_G18,10109923SABINOM,2025-07-05,111468,1,13,0,1037.0
10109923SABINOM_2025-07-05_G19,10109923SABINOM,2025-07-05,140922,2,62,12,270.0
10109923SABINOM_2025-07-05_G20,10109923SABINOM,2025-07-05,111418,1,65,0,838.0
10109923SABINOM_2025-07-05_G21,10109923SABINOM,2025-07-05,117787,1,6,0,1044.0
10109923SABINOM_2025-07-05_G22,10109923SABINOM,2025-07-05,111463,1,2,0,215.0
10109923SABINOM_2025-07-05_G23,10109923SABINOM,2025-07-05,110751,1,8,0,131.0
10109923SABINOM_2025-07-05_G24,10109923SABINOM,2025-07-05,105705,1,6,0,560.0
10109923SABINOM_2025-07-05_G25,10109923SABINOM,2025-07-05,108794,1,23,0,139.0
10109923SABINOM_2025-07-05_G26,10109923SABINOM,2025-07-05,111348,1,6,0,68.0
10109923SABINOM_2025-07-05_G27,10109923SABINOM,2025-07-05,111469,2,22,7,150.0
10109923SABINOM_2025-07-05_G28,10109923SABINOM,2025-07-05,108711,1,5,0,46.0
10109923SABINOM_2025-07-05_G29,10109923SABINOM,2025-07-05,"111463, 111466",2,69,24,646.0
10109923SABINOM_2025-07-05_G30,10109923SABINOM,2025-07-05,"111532, 111462",2,71,8,150.0
10109923SABINOM_2025-07-05_G31,10109923SABINOM,2025-07-05,111466,1,22,0,123.0
10109923SABINOM_2025-07-05_G33,10109923SABINOM,2025-07-05,111463,1,2,0,52.0
10109923SABINOM_2025-07-05_G34,10109923SABINOM,2025-07-05,111469,1,4,0,94.0
10109923SABINOM_2025-07-05_G35,10109923SABINOM,2025-07-05,117831,1,10,0,149.0
10109923SABINOM_2025-07-05_G36,10109923SABINOM,2025-07-05,"111418, 111462",3,5,30,120.0
10109923SABINOM_2025-07-05_G37,10109923SABINOM,2025-07-05,118140,1,8,0,125.0
10109923SABINOM_2025-07-05_G38,10109923SABINOM,2025-07-05,117820,1,12,0,167.0
10109923SABINOM_2025-07-05_G39,10109923SABINOM,2025-07-05,117832,1,2,0,152.0
10109923SABINOM_2025-07-05_G40,10109923SABINOM,2025-07-05,110373,1,2,0,68.0
10109923SABINOM_2025-07-05_G41,10109923SABINOM,2025-07-05,110372,1,34,0,609.0
10109923SABINOM_2025-07-05_G42,10109923SABINOM,2025-07-05,110374,1,34,0,166.0
10109923SABINOM_2025-07-05_G43,10109923SABINOM,2025-07-05,111418,1,83,0,289.0
10109923SABINOM_2025-07-05_G44,10109923SABINOM,2025-07-05,111463,1,37,0,751.0
10109923SABINOM_2025-07-05_G45,10109923SABINOM,2025-07-05,110373,1,47,0,405.0
10109923SABINOM_2025-07-05_G46,10109923SABINOM,2025-07-05,117862,1,7,0,1045.0
10109923SABINOM_2025-07-05_G47,10109923SABINOM,2025-07-05,111439,1,4,0,1204.0
10109923SABINOM_2025-07-07_G02,10109923SABINOM,2025-07-07,110313,1,2,0,245.0
10109923SABINOM_2025-07-07_G03,10109923SABINOM,2025-07-07,110325,1,13,0,1004.0
10109923SABINOM_2025-07-07_G04,10109923SABINOM,2025-07-07,108711,1,4,0,225.0
10109923SABINOM_2025-07-07_G05,10109923SABINOM,2025-07-07,111418,1,8,0,1071.0
10109923SABINOM_2025-07-07_G06,10109923SABINOM,2025-07-07,110787,1,1,0,56.0
10109923SABINOM_2025-07-07_G07,10109923SABINOM,2025-07-07,117787,1,1,0,55.0
10109923SABINOM_2025-07-07_G08,10109923SABINOM,2025-07-07,111467,1,2,0,145.0
10109923SABINOM_2025-07-07_G09,10109923SABINOM,2025-07-07,108795,1,2,0,1589.0
10109923SABINOM_2025-07-07_G10,10109923SABINOM,2025-07-07,117785,1,6,0,226.0
10109923SABINOM_2025-07-07_G11,10109923SABINOM,2025-07-07,108794,1,8,0,159.0
10109923SABINOM_2025-07-07_G12,10109923SABINOM,2025-07-07,117833,1,4,0,128.0
10109923SABINOM_2025-07-07_G13,10109923SABINOM,2025-07-07,117831,1,8,0,86.0
10109923SABINOM_2025-07-07_G14,10109923SABINOM,2025-07-07,110740,1,4,0,106.0
10109923SABINOM_2025-07-07_G15,10109923SABINOM,2025-07-07,118140,1,4,0,64.0
10109923SABINOM_2025-07-07_G16,10109923SABINOM,2025-07-07,111463,1,4,0,366.0
10109923SABINOM_2025-07-07_G17,10109923SABINOM,2025-07-07,107629,1,1,0,476.0
10109923SABINOM_2025-07-07_G18,10109923SABINOM,2025-07-07,117786,1,3,0,80.0
10109923SABINOM_2025-07-07_G19,10109923SABINOM,2025-07-07,111467,1,4,0,193.0
10109923SABINOM_2025-07-07_G20,10109923SABINOM,2025-07-07,110711,1,1,0,3375.0
10109923SABINOM_2025-07-07_G21,10109923SABINOM,2025-07-07,110376,1,6,0,340.0
10109923SABINOM_2025-07-07_G22,10109923SABINOM,2025-07-07,118299,1,6,0,104.0
10109923SABINOM_2025-07-07_G23,10109923SABINOM,2025-07-07,117836,1,4,0,114.0
10109923SABINOM_2025-07-07_G24,10109923SABINOM,2025-07-07,117820,1,8,0,178.0
10109923SABINOM_2025-07-07_G25,10109923SABINOM,2025-07-07,117785,1,4,0,1251.0
10109923SABINOM_2025-07-07_G26,10109923SABINOM,2025-07-07,117785,1,2,0,35.0
10109923SABINOM_2025-07-07_G27,10109923SABINOM,2025-07-07,111463,1,8,0,346.0
10109923SABINOM_2025-07-07_G28,10109923SABINOM,2025-07-07,140922,1,6,0,296.0
10109923SABINOM_2025-07-07_G29,10109923SABINOM,2025-07-07,111466,1,4,0,140.0
10109923SABINOM_2025-07-07_G30,10109923SABINOM,2025-07-07,117821,1,3,0,55.0
10109923SABINOM_2025-07-07_G31,10109923SABINOM,2025-07-07,117831,1,2,0,91.0
10109923SABINOM_2025-07-07_G32,10109923SABINOM,2025-07-07,111418,1,7,0,89.0
10109923SABINOM_2025-07-07_G33,10109923SABINOM,2025-07-07,117808,1,20,0,592.0
10109923SABINOM_2025-07-07_G34,10109923SABINOM,2025-07-07,118299,1,25,0,182.0
10109923SABINOM_2025-07-07_G35,10109923SABINOM,2025-07-07,110372,1,51,0,1106.0
10109923SABINOM_2025-07-07_G36,10109923SABINOM,2025-07-07,110374,1,6,0,76.0
10109923SABINOM_2025-07-07_G37,10109923SABINOM,2025-07-07,141823,1,8,0,156.0
10109923SABINOM_2025-07-07_G39,10109923SABINOM,2025-07-07,117832,1,40,0,821.0
10109923SABINOM_2025-07-07_G40,10109923SABINOM,2025-07-07,141202,1,8,0,185.0
10109923SABINOM_2025-07-07_G41,10109923SABINOM,2025-07-07,117822,1,8,0,64.0
10109923SABINOM_2025-07-07_G42,10109923SABINOM,2025-07-07,117830,1,50,0,388.0
10109923SABINOM_2025-07-07_G43,10109923SABINOM,2025-07-07,109643,1,25,0,196.0
10109923SABINOM_2025-07-07_G44,10109923SABINOM,2025-07-07,118299,1,300,0,1683.0
10109923SABINOM_2025-07-07_G45,10109923SABINOM,2025-07-07,110372,1,200,0,681.0
10109923SABINOM_2025-07-07_G46,10109923SABINOM,2025-07-07,110373,1,150,0,533.0
10109923SABINOM_2025-07-07_G47,10109923SABINOM,2025-07-07,117808,1,154,0,357.0
10109923SABINOM_2025-07-08_G02,10109923SABINOM,2025-07-08,118094,1,2,0,115.0
10109923SABINOM_2025-07-08_G03,10109923SABINOM,2025-07-08,110339,1,1,0,40.0
10109923SABINOM_2025-07-08_G04,10109923SABINOM,2025-07-08,117861,1,6,0,258.0
10109923SABINOM_2025-07-08_G05,10109923SABINOM,2025-07-08,111467,1,6,0,261.0
10109923SABINOM_2025-07-08_G06,10109923SABINOM,2025-07-08,117855,1,4,0,75.0
10109923SABINOM_2025-07-08_G07,10109923SABINOM,2025-07-08,111602,1,16,0,181.0
10109923SABINOM_2025-07-08_G08,10109923SABINOM,2025-07-08,110374,1,3,0,63.0
10109923SABINOM_2025-07-08_G09,10109923SABINOM,2025-07-08,141202,1,1,0,82.0
10109923SABINOM_2025-07-08_G10,10109923SABINOM,2025-07-08,111743,1,4,0,3557.0
10109923SABINOM_2025-07-08_G11,10109923SABINOM,2025-07-08,"111469, 117838",2,5,24,190.0
10109923SABINOM_2025-07-08_G12,10109923SABINOM,2025-07-08,117831,1,1,0,310.0
10109923SABINOM_2025-07-08_G13,10109923SABINOM,2025-07-08,111444,1,1,0,291.0
10109923SABINOM_2025-07-08_G14,10109923SABINOM,2025-07-08,111466,1,22,0,277.0
10109923SABINOM_2025-07-08_G15,10109923SABINOM,2025-07-08,110740,1,10,0,390.0
10109923SABINOM_2025-07-08_G16,10109923SABINOM,2025-07-08,118140,1,2,0,40.0
10109923SABINOM_2025-07-08_G17,10109923SABINOM,2025-07-08,110787,1,2,0,56.0
10109923SABINOM_2025-07-08_G18,10109923SABINOM,2025-07-08,111463,1,8,0,788.0
10109923SABINOM_2025-07-08_G19,10109923SABINOM,2025-07-08,111430,1,8,0,297.0
10109923SABINOM_2025-07-08_G20,10109923SABINOM,2025-07-08,117834,1,2,0,92.0
10109923SABINOM_2025-07-08_G21,10109923SABINOM,2025-07-08,111441,1,8,0,272.0
10109923SABINOM_2025-07-08_G22,10109923SABINOM,2025-07-08,111569,1,12,0,137.0
10109923SABINOM_2025-07-08_G23,10109923SABINOM,2025-07-08,110313,1,7,0,483.0
10109923SABINOM_2025-07-08_G24,10109923SABINOM,2025-07-08,108701,1,2,0,223.0
10109923SABINOM_2025-07-08_G25,10109923SABINOM,2025-07-08,118094,1,6,0,184.0
10109923SABINOM_2025-07-08_G26,10109923SABINOM,2025-07-08,110339,1,4,0,216.0
10109923SABINOM_2025-07-08_G27,10109923SABINOM,2025-07-08,111467,1,12,0,196.0
10109923SABINOM_2025-07-08_G28,10109923SABINOM,2025-07-08,117855,1,6,0,451.0
10109923SABINOM_2025-07-08_G29,10109923SABINOM,2025-07-08,111602,1,14,0,876.0
10109923SABINOM_2025-07-08_G30,10109923SABINOM,2025-07-08,110752,1,8,0,149.0
10109923SABINOM_2025-07-08_G31,10109923SABINOM,2025-07-08,118140,1,8,0,471.0
10109923SABINOM_2025-07-08_G32,10109923SABINOM,2025-07-08,109645,1,4,0,123.0
10109923SABINOM_2025-07-08_G33,10109923SABINOM,2025-07-08,117787,1,1,0,45.0
10109923SABINOM_2025-07-08_G34,10109923SABINOM,2025-07-08,111469,1,4,0,304.0
10109923SABINOM_2025-07-08_G35,10109923SABINOM,2025-07-08,117833,1,12,0,262.0
10109923SABINOM_2025-07-08_G36,10109923SABINOM,2025-07-08,108798,1,2,0,82.0
10109923SABINOM_2025-07-08_G37,10109923SABINOM,2025-07-08,109641,1,2,0,114.0
10109923SABINOM_2025-07-08_G38,10109923SABINOM,2025-07-08,117785,1,8,0,325.0
10109923SABINOM_2025-07-08_G39,10109923SABINOM,2025-07-08,117838,1,3,0,67.0
10109923SABINOM_2025-07-08_G40,10109923SABINOM,2025-07-08,111466,1,9,0,337.0
10109923SABINOM_2025-07-08_G41,10109923SABINOM,2025-07-08,117831,1,20,0,231.0
10109923SABINOM_2025-07-08_G42,10109923SABINOM,2025-07-08,111418,1,14,0,116.0
10109923SABINOM_2025-07-08_G43,10109923SABINOM,2025-07-08,141066,1,4,0,831.0
10109923SABINOM_2025-07-08_G44,10109923SABINOM,2025-07-08,141066,1,8,0,175.0
10109923SABINOM_2025-07-08_G45,10109923SABINOM,2025-07-08,118094,1,11,0,134.0
10109923SABINOM_2025-07-08_G46,10109923SABINOM,2025-07-08,110339,1,6,0,103.0
10109923SABINOM_2025-07-08_G47,10109923SABINOM,2025-07-08,117862,1,6,0,235.0
10109923SABINOM_2025-07-08_G48,10109923SABINOM,2025-07-08,117861,1,1,0,56.0
10109923SABINOM_2025-07-08_G49,10109923SABINOM,2025-07-08,111467,1,6,0,100.0
10109923SABINOM_2025-07-08_G50,10109923SABINOM,2025-07-08,118403,1,2,0,146.0
10109923SABINOM_2025-07-08_G51,10109923SABINOM,2025-07-08,110313,1,10,0,658.0
10109923SABINOM_2025-07-08_G52,10109923SABINOM,2025-07-08,110711,2,48,7,1228.0
10109923SABINOM_2025-07-08_G53,10109923SABINOM,2025-07-08,109640,1,2,0,589.0
10109923SABINOM_2025-07-08_G54,10109923SABINOM,2025-07-08,111462,1,4,0,155.0
10109923SABINOM_2025-07-08_G55,10109923SABINOM,2025-07-08,141823,1,4,0,157.0
10109923SABINOM_2025-07-08_G56,10109923SABINOM,2025-07-08,107892,2,6,8,273.0
10109923SABINOM_2025-07-08_G57,10109923SABINOM,2025-07-08,111442,1,7,0,684.0
10109923SABINOM_2025-07-08_G58,10109923SABINOM,2025-07-08,117821,1,20,0,205.0
10109923SABINOM_2025-07-08_G59,10109923SABINOM,2025-07-08,111431,1,4,0,103.0
10109923SABINOM_2025-07-08_G60,10109923SABINOM,2025-07-08,118140,1,30,0,175.0
10109923SABINOM_2025-07-08_G61,10109923SABINOM,2025-07-08,160057,1,10,0,529.0
10109923SABINOM_2025-07-08_G63,10109923SABINOM,2025-07-08,107629,1,6,0,167.0
10109923SABINOM_2025-07-08_G64,10109923SABINOM,2025-07-08,110339,1,6,0,389.0
10109923SABINOM_2025-07-08_G65,10109923SABINOM,2025-07-08,117786,1,1,0,69.0
10109923SABINOM_2025-07-08_G66,10109923SABINOM,2025-07-08,117837,1,4,0,87.0
10109923SABINOM_2025-07-08_G67,10109923SABINOM,2025-07-08,117855,1,4,0,110.0
10109923SABINOM_2025-07-10_G02,10109923SABINOM,2025-07-10,118299,1,52,0,591.0
10109923SABINOM_2025-07-10_G03,10109923SABINOM,2025-07-10,111743,1,40,0,573.0
10109923SABINOM_2025-07-10_G04,10109923SABINOM,2025-07-10,118299,1,4,0,424.0
10109923SABINOM_2025-07-10_G05,10109923SABINOM,2025-07-10,117808,1,4,0,84.0
10109923SABINOM_2025-07-10_G06,10109923SABINOM,2025-07-10,110515,1,4,0,112.0
10109923SABINOM_2025-07-10_G07,10109923SABINOM,2025-07-10,117862,1,8,0,152.0
10109923SABINOM_2025-07-10_G08,10109923SABINOM,2025-07-10,111467,1,1,0,93.0
10109923SABINOM_2025-07-10_G09,10109923SABINOM,2025-07-10,108772,1,2,0,91.0
10109923SABINOM_2025-07-10_G10,10109923SABINOM,2025-07-10,117808,1,5,0,448.0
10109923SABINOM_2025-07-10_G11,10109923SABINOM,2025-07-10,118299,1,2,0,272.0
10109923SABINOM_2025-07-10_G12,10109923SABINOM,2025-07-10,109643,1,2,0,39.0
10109923SABINOM_2025-07-10_G13,10109923SABINOM,2025-07-10,110374,1,6,0,307.0
10109923SABINOM_2025-07-10_G14,10109923SABINOM,2025-07-10,110372,1,22,0,2834.0
10109923SABINOM_2025-07-10_G15,10109923SABINOM,2025-07-10,110371,1,2,0,166.0
10109923SABINOM_2025-07-10_G16,10109923SABINOM,2025-07-10,117830,1,2,0,64.0
10109923SABINOM_2025-07-10_G17,10109923SABINOM,2025-07-10,110373,1,5,0,148.0
10109923SABINOM_2025-07-10_G18,10109923SABINOM,2025-07-10,117808,1,371,0,1173.0
10109923SABINOM_2025-07-10_G19,10109923SABINOM,2025-07-10,111602,1,10,0,1074.0
10109923SABINOM_2025-07-10_G20,10109923SABINOM,2025-07-10,111466,1,4,0,463.0
10109923SABINOM_2025-07-10_G21,10109923SABINOM,2025-07-10,108711,1,10,0,313.0
10109923SABINOM_2025-07-10_G22,10109923SABINOM,2025-07-10,110787,1,12,0,485.0
10109923SABINOM_2025-07-10_G23,10109923SABINOM,2025-07-10,110325,1,4,0,132.0
10109923SABINOM_2025-07-10_G24,10109923SABINOM,2025-07-10,111466,1,2,0,71.0
10109923SABINOM_2025-07-10_G25,10109923SABINOM,2025-07-10,108711,1,2,0,150.0
10109923SABINOM_2025-07-10_G26,10109923SABINOM,2025-07-10,111602,1,4,0,384.0
10109923SABINOM_2025-07-10_G27,10109923SABINOM,2025-07-10,105705,1,1,0,228.0
10109923SABINOM_2025-07-10_G28,10109923SABINOM,2025-07-10,110313,1,6,0,492.0
10109923SABINOM_2025-07-10_G29,10109923SABINOM,2025-07-10,110375,1,8,0,262.0
10109923SABINOM_2025-07-10_G30,10109923SABINOM,2025-07-10,117832,1,4,0,91.0
10109923SABINOM_2025-07-10_G31,10109923SABINOM,2025-07-10,117809,1,8,0,82.0
10109923SABINOM_2025-07-10_G32,10109923SABINOM,2025-07-10,107830,1,8,0,1675.0
10109923SABINOM_2025-07-10_G33,10109923SABINOM,2025-07-10,117830,1,12,0,226.0
10109923SABINOM_2025-07-10_G34,10109923SABINOM,2025-07-10,117808,1,80,0,588.0
10109923SABINOM_2025-07-10_G36,10109923SABINOM,2025-07-10,110129,1,4,0,1337.0
10109923SABINOM_2025-07-10_G37,10109923SABINOM,2025-07-10,110751,1,4,0,183.0
10109923SABINOM_2025-07-10_G38,10109923SABINOM,2025-07-10,118140,1,1,0,236.0
10109923SABINOM_2025-07-10_G39,10109923SABINOM,2025-07-10,118140,1,2,0,39.0
10109923SABINOM_2025-07-10_G40,10109923SABINOM,2025-07-10,111443,1,2,0,377.0
10109923SABINOM_2025-07-10_G41,10109923SABINOM,2025-07-10,"140922, 111462",4,8,60,54.0
10109923SABINOM_2025-07-10_G42,10109923SABINOM,2025-07-10,111466,1,1,0,393.0
10109923SABINOM_2025-07-10_G43,10109923SABINOM,2025-07-10,117842,1,2,0,142.0
10109923SABINOM_2025-07-10_G44,10109923SABINOM,2025-07-10,109641,3,7,13,39.0
10109923SABINOM_2025-07-10_G45,10109923SABINOM,2025-07-10,111418,3,20,13,114.0
10109923SABINOM_2025-07-10_G46,10109923SABINOM,2025-07-10,109645,1,2,0,1525.0
10109923SABINOM_2025-07-10_G47,10109923SABINOM,2025-07-10,"111469, 110740",2,13,25,260.0
10109923SABINOM_2025-07-10_G48,10109923SABINOM,2025-07-10,110752,1,2,0,147.0
10109923SABINOM_2025-07-11_G02,10109923SABINOM,2025-07-11,108711,1,4,0,177.0
10109923SABINOM_2025-07-11_G03,10109923SABINOM,2025-07-11,118140,1,8,0,399.0
10109923SABINOM_2025-07-11_G04,10109923SABINOM,2025-07-11,110711,1,4,0,574.0
10109923SABINOM_2025-07-11_G05,10109923SABINOM,2025-07-11,111602,1,24,0,179.0
10109923SABINOM_2025-07-11_G06,10109923SABINOM,2025-07-11,110313,1,12,0,390.0
10109923SABINOM_2025-07-11_G07,10109923SABINOM,2025-07-11,111602,1,16,0,396.0
10109923SABINOM_2025-07-11_G08,10109923SABINOM,2025-07-11,110313,1,4,0,71.0
10109923SABINOM_2025-07-11_G09,10109923SABINOM,2025-07-11,110711,1,4,0,416.0
10109923SABINOM_2025-07-11_G10,10109923SABINOM,2025-07-11,110787,1,12,0,154.0
10109923SABINOM_2025-07-11_G11,10109923SABINOM,2025-07-11,140922,1,8,0,161.0
10109923SABINOM_2025-07-11_G12,10109923SABINOM,2025-07-11,108711,1,4,0,281.0
10109923SABINOM_2025-07-11_G13,10109923SABINOM,2025-07-11,118299,1,32,0,3323.0
10109923SABINOM_2025-07-11_G14,10109923SABINOM,2025-07-11,110373,1,48,0,371.0
10109923SABINOM_2025-07-11_G15,10109923SABINOM,2025-07-11,118140,1,12,0,236.0
10109923SABINOM_2025-07-11_G16,10109923SABINOM,2025-07-11,108711,1,32,0,2033.0
10109923SABINOM_2025-07-11_G17,10109923SABINOM,2025-07-11,110787,1,12,0,124.0
10109923SABINOM_2025-07-11_G18,10109923SABINOM,2025-07-11,110372,1,40,0,486.0
10109923SABINOM_2025-07-11_G19,10109923SABINOM,2025-07-11,117808,1,30,0,841.0
10109923SABINOM_2025-07-11_G20,10109923SABINOM,2025-07-11,111602,1,80,0,1187.0
10109923SABINOM_2025-07-11_G21,10109923SABINOM,2025-07-11,117856,1,2,0,304.0
10109923SABINOM_2025-07-11_G22,10109923SABINOM,2025-07-11,110373,1,8,0,208.0
10109923SABINOM_2025-07-11_G23,10109923SABINOM,2025-07-11,110375,1,3,0,268.0
10109923SABINOM_2025-07-11_G24,10109923SABINOM,2025-07-11,117808,1,6,0,111.0
10109923SABINOM_2025-07-11_G25,10109923SABINOM,2025-07-11,110372,1,6,0,120.0
10109923SABINOM_2025-07-11_G26,10109923SABINOM,2025-07-11,111466,1,3,0,168.0
10109923SABINOM_2025-07-11_G27,10109923SABINOM,2025-07-11,111469,1,16,0,188.0
10109923SABINOM_2025-07-11_G28,10109923SABINOM,2025-07-11,111602,1,4,0,93.0
10109923SABINOM_2025-07-11_G29,10109923SABINOM,2025-07-11,111743,1,2,0,331.0
10109923SABINOM_2025-07-11_G30,10109923SABINOM,2025-07-11,118140,1,6,0,98.0
10109923SABINOM_2025-07-11_G31,10109923SABINOM,2025-07-11,111602,1,20,0,224.0
10109923SABINOM_2025-07-11_G32,10109923SABINOM,2025-07-11,110515,1,8,0,459.0
10109923SABINOM_2025-07-11_G34,10109923SABINOM,2025-07-11,111430,1,2,0,342.0
10109923SABINOM_2025-07-11_G35,10109923SABINOM,2025-07-11,110747,1,1,0,43.0
10109923SABINOM_2025-07-11_G36,10109923SABINOM,2025-07-11,111441,1,4,0,266.0
10109923SABINOM_2025-07-11_G37,10109923SABINOM,2025-07-11,111438,1,2,0,47.0
10109923SABINOM_2025-07-11_G38,10109923SABINOM,2025-07-11,110339,1,2,0,165.0
10109923SABINOM_2025-07-11_G39,10109923SABINOM,2025-07-11,110515,1,3,0,341.0
10109923SABINOM_2025-07-11_G40,10109923SABINOM,2025-07-11,117855,1,1,0,1289.0
10109923SABINOM_2025-07-11_G41,10109923SABINOM,2025-07-11,117856,1,2,0,202.0
10109923SABINOM_2025-07-11_G42,10109923SABINOM,2025-07-11,110752,1,2,0,262.0
10109923SABINOM_2025-07-11_G43,10109923SABINOM,2025-07-11,109645,1,1,0,114.0
10109923SABINOM_2025-07-11_G44,10109923SABINOM,2025-07-11,118317,1,2,0,70.0
10109923SABINOM_2025-07-11_G45,10109923SABINOM,2025-07-11,105705,1,1,0,121.0
10109923SABINOM_2025-07-11_G46,10109923SABINOM,2025-07-11,140922,1,3,0,289.0
10109923SABINOM_2025-07-11_G47,10109923SABINOM,2025-07-11,109643,1,3,0,405.0
10109923SABINOM_2025-07-11_G48,10109923SABINOM,2025-07-11,111348,1,1,0,49.0
10109923SABINOM_2025-07-11_G49,10109923SABINOM,2025-07-11,111182,1,1,0,58.0
10109923SABINOM_2025-07-11_G50,10109923SABINOM,2025-07-11,140922,1,1,0,34.0
10109923SABINOM_2025-07-11_G51,10109923SABINOM,2025-07-11,118317,1,2,0,106.0
10109923SABINOM_2025-07-11_G52,10109923SABINOM,2025-07-11,110740,1,1,0,83.0
10109923SABINOM_2025-07-11_G53,10109923SABINOM,2025-07-11,117856,1,1,0,108.0
10109923SABINOM_2025-07-11_G54,10109923SABINOM,2025-07-11,117855,1,2,0,130.0
10109923SABINOM_2025-07-11_G55,10109923SABINOM,2025-07-11,117853,1,1,0,92.0
10109923SABINOM_2025-07-11_G56,10109923SABINOM,2025-07-11,141047,1,4,0,95.0
10109923SABINOM_2025-07-11_G57,10109923SABINOM,2025-07-11,117808,1,3,0,1373.0
10109923SABINOM_2025-07-12_G02,10109923SABINOM,2025-07-12,110371,2,110,8,127.0
10109923SABINOM_2025-07-12_G03,10109923SABINOM,2025-07-12,110372,1,80,0,426.0
10109923SABINOM_2025-07-12_G04,10109923SABINOM,2025-07-12,118140,1,50,0,754.0
10109923SABINOM_2025-07-12_G05,10109923SABINOM,2025-07-12,111469,1,22,0,258.0
10109923SABINOM_2025-07-12_G06,10109923SABINOM,2025-07-12,111463,1,18,0,485.0
10109923SABINOM_2025-07-12_G07,10109923SABINOM,2025-07-12,111463,1,28,0,32.0
10109923SABINOM_2025-07-12_G08,10109923SABINOM,2025-07-12,107236,1,8,0,526.0
10109923SABINOM_2025-07-12_G09,10109923SABINOM,2025-07-12,117821,1,10,0,156.0
10109923SABINOM_2025-07-12_G10,10109923SABINOM,2025-07-12,111465,1,13,0,125.0
10109923SABINOM_2025-07-12_G11,10109923SABINOM,2025-07-12,109647,1,8,0,960.0
10109923SABINOM_2025-07-12_G12,10109923SABINOM,2025-07-12,110376,1,8,0,195.0
10109923SABINOM_2025-07-12_G13,10109923SABINOM,2025-07-12,111446,1,4,0,269.0
10109923SABINOM_2025-07-12_G14,10109923SABINOM,2025-07-12,110745,1,8,0,201.0
10109923SABINOM_2025-07-12_G15,10109923SABINOM,2025-07-12,109641,1,4,0,128.0
10109923SABINOM_2025-07-12_G16,10109923SABINOM,2025-07-12,111446,4,18,30,745.0
10109923SABINOM_2025-07-12_G17,10109923SABINOM,2025-07-12,110787,1,2,0,408.0
10109923SABINOM_2025-07-12_G18,10109923SABINOM,2025-07-12,117820,1,20,0,198.0
10109923SABINOM_2025-07-12_G19,10109923SABINOM,2025-07-12,111466,1,6,0,573.0
10109923SABINOM_2025-07-12_G20,10109923SABINOM,2025-07-12,118140,1,8,0,252.0
10109923SABINOM_2025-07-12_G21,10109923SABINOM,2025-07-12,110325,1,1,0,162.0
10109923SABINOM_2025-07-12_G22,10109923SABINOM,2025-07-12,110373,1,8,0,167.0
10109923SABINOM_2025-07-12_G23,10109923SABINOM,2025-07-12,117820,1,1,0,213.0
10109923SABINOM_2025-07-12_G24,10109923SABINOM,2025-07-12,110787,1,4,0,133.0
10109923SABINOM_2025-07-12_G25,10109923SABINOM,2025-07-12,110313,2,24,5,257.0
10109923SABINOM_2025-07-12_G26,10109923SABINOM,2025-07-12,111466,1,28,0,388.0
10109923SABINOM_2025-07-12_G27,10109923SABINOM,2025-07-12,140922,1,8,0,253.0
10109923SABINOM_2025-07-12_G28,10109923SABINOM,2025-07-12,118140,1,12,0,131.0
10109923SABINOM_2025-07-12_G29,10109923SABINOM,2025-07-12,110787,1,7,0,110.0
10109923SABINOM_2025-07-12_G30,10109923SABINOM,2025-07-12,117830,1,5,0,435.0
10109923SABINOM_2025-07-12_G31,10109923SABINOM,2025-07-12,111442,1,4,0,551.0
10109923SABINOM_2025-07-12_G32,10109923SABINOM,2025-07-12,110373,1,4,0,78.0
10109923SABINOM_2025-07-12_G33,10109923SABINOM,2025-07-12,110372,1,4,0,191.0
10109923SABINOM_2025-07-12_G34,10109923SABINOM,2025-07-12,111602,1,11,0,155.0
10109923SABINOM_2025-07-12_G35,10109923SABINOM,2025-07-12,118222,1,1,0,651.0
10109923SABINOM_2025-07-12_G36,10109923SABINOM,2025-07-12,118290,1,1,0,354.0
10109923SABINOM_2025-07-12_G37,10109923SABINOM,2025-07-12,100334,1,1,0,207.0
10109923SABINOM_2025-07-12_G38,10109923SABINOM,2025-07-12,111441,1,5,0,137.0
10109923SABINOM_2025-07-12_G39,10109923SABINOM,2025-07-12,111438,1,3,0,50.0
10109923SABINOM_2025-07-12_G40,10109923SABINOM,2025-07-12,117853,1,1,0,78.0
10109923SABINOM_2025-07-12_G41,10109923SABINOM,2025-07-12,117855,1,1,0,133.0
10109923SABINOM_2025-07-12_G42,10109923SABINOM,2025-07-12,117856,1,4,0,437.0
10109923SABINOM_2025-07-12_G43,10109923SABINOM,2025-07-12,111443,1,1,0,75.0
10109923SABINOM_2025-07-12_G44,10109923SABINOM,2025-07-12,111182,1,2,0,68.0
10109923SABINOM_2025-07-12_G45,10109923SABINOM,2025-07-12,118317,1,1,0,103.0
10109923SABINOM_2025-07-12_G46,10109923SABINOM,2025-07-12,118222,1,12,0,700.0
10109923SABINOM_2025-07-12_G47,10109923SABINOM,2025-07-12,111441,1,4,0,189.0
10109923SABINOM_2025-07-12_G48,10109923SABINOM,2025-07-12,117856,1,6,0,122.0
10109923SABINOM_2025-07-12_G49,10109923SABINOM,2025-07-12,110339,1,3,0,129.0
10109923SABINOM_2025-07-12_G50,10109923SABINOM,2025-07-12,110325,1,2,0,56.0
10109923SABINOM_2025-07-12_G51,10109923SABINOM,2025-07-12,117832,1,4,0,37.0
10109923SABINOM_2025-07-12_G53,10109923SABINOM,2025-07-12,110373,1,2,0,161.0
10109923SABINOM_2025-07-12_G54,10109923SABINOM,2025-07-12,108794,1,2,0,575.0
10109923SABINOM_2025-07-12_G55,10109923SABINOM,2025-07-12,111443,1,2,0,66.0
10109923SABINOM_2025-07-12_G56,10109923SABINOM,2025-07-12,108711,1,2,0,144.0
10109923SABINOM_2025-07-12_G57,10109923SABINOM,2025-07-12,"111418, 118140",2,4,10,45.0
10109923SABINOM_2025-07-12_G58,10109923SABINOM,2025-07-12,110787,1,4,0,53.0
10109923SABINOM_2025-07-12_G59,10109923SABINOM,2025-07-12,141823,1,5,0,500.0
10109923SABINOM_2025-07-12_G60,10109923SABINOM,2025-07-12,111466,1,4,0,56.0
10109923SABINOM_2025-07-12_G61,10109923SABINOM,2025-07-12,111469,1,9,0,270.0
10109923SABINOM_2025-07-12_G62,10109923SABINOM,2025-07-12,111465,1,3,0,102.0
10109923SABINOM_2025-07-12_G63,10109923SABINOM,2025-07-12,111330,1,1,0,318.0
10109923SABINOM_2025-07-12_G64,10109923SABINOM,2025-07-12,111348,1,2,0,102.0
10109923SABINOM_2025-07-12_G65,10109923SABINOM,2025-07-12,118223,1,1,0,394.0
10109923SABINOM_2025-07-12_G66,10109923SABINOM,2025-07-12,117808,1,200,0,2662.0
10109923SABINOM_2025-07-12_G67,10109923SABINOM,2025-07-12,118299,1,200,0,341.0
10109923SABINOM_2025-07-14_G02,10109923SABINOM,2025-07-14,110339,1,4,0,168.0
10109923SABINOM_2025-07-14_G03,10109923SABINOM,2025-07-14,110752,1,2,0,449.0
10109923SABINOM_2025-07-14_G04,10109923SABINOM,2025-07-14,111462,1,2,0,323.0
10109923SABINOM_2025-07-14_G05,10109923SABINOM,2025-07-14,117831,1,4,0,224.0
10109923SABINOM_2025-07-14_G06,10109923SABINOM,2025-07-14,108711,1,2,0,184.0
10109923SABINOM_2025-07-14_G07,10109923SABINOM,2025-07-14,111466,1,3,0,67.0
10109923SABINOM_2025-07-14_G08,10109923SABINOM,2025-07-14,107236,1,1,0,114.0
10109923SABINOM_2025-07-14_G09,10109923SABINOM,2025-07-14,117809,1,2,0,146.0
10109923SABINOM_2025-07-14_G10,10109923SABINOM,2025-07-14,117808,1,3,0,84.0
10109923SABINOM_2025-07-14_G11,10109923SABINOM,2025-07-14,110372,1,1,0,98.0
10109923SABINOM_2025-07-14_G12,10109923SABINOM,2025-07-14,111532,1,20,0,604.0
10109923SABINOM_2025-07-14_G13,10109923SABINOM,2025-07-14,117837,1,12,0,303.0
10109923SABINOM_2025-07-14_G14,10109923SABINOM,2025-07-14,110745,1,2,0,1559.0
10109923SABINOM_2025-07-14_G15,10109923SABINOM,2025-07-14,110375,1,2,0,249.0
10109923SABINOM_2025-07-14_G16,10109923SABINOM,2025-07-14,117822,1,2,0,257.0
10109923SABINOM_2025-07-14_G17,10109923SABINOM,2025-07-14,110372,1,11,0,589.0
10109923SABINOM_2025-07-14_G18,10109923SABINOM,2025-07-14,111463,2,24,5,728.0
10109923SABINOM_2025-07-14_G19,10109923SABINOM,2025-07-14,110313,1,4,0,225.0
10109923SABINOM_2025-07-14_G20,10109923SABINOM,2025-07-14,110747,1,2,0,624.0
10109923SABINOM_2025-07-14_G21,10109923SABINOM,2025-07-14,110742,1,2,0,111.0
10109923SABINOM_2025-07-14_G22,10109923SABINOM,2025-07-14,109647,1,2,0,206.0
10109923SABINOM_2025-07-14_G23,10109923SABINOM,2025-07-14,110711,1,3,0,318.0
10109923SABINOM_2025-07-14_G24,10109923SABINOM,2025-07-14,108795,1,6,0,696.0
10109923SABINOM_2025-07-14_G25,10109923SABINOM,2025-07-14,111462,1,2,0,90.0
10109923SABINOM_2025-07-14_G26,10109923SABINOM,2025-07-14,117831,1,2,0,113.0
10109923SABINOM_2025-07-14_G27,10109923SABINOM,2025-07-14,111172,1,4,0,126.0
10109923SABINOM_2025-07-14_G28,10109923SABINOM,2025-07-14,111418,1,2,0,96.0
10109923SABINOM_2025-07-14_G29,10109923SABINOM,2025-07-14,108711,1,6,0,105.0
10109923SABINOM_2025-07-14_G30,10109923SABINOM,2025-07-14,110787,1,2,0,44.0
10109923SABINOM_2025-07-14_G31,10109923SABINOM,2025-07-14,117808,1,1,0,319.0
10109923SABINOM_2025-07-14_G32,10109923SABINOM,2025-07-14,110372,1,9,0,186.0
10109923SABINOM_2025-07-14_G33,10109923SABINOM,2025-07-14,110371,1,2,0,711.0
10109923SABINOM_2025-07-14_G34,10109923SABINOM,2025-07-14,110373,1,2,0,1519.0
10109923SABINOM_2025-07-14_G35,10109923SABINOM,2025-07-14,117820,1,1,0,128.0
10109923SABINOM_2025-07-14_G36,10109923SABINOM,2025-07-14,108795,1,3,0,329.0
10109923SABINOM_2025-07-14_G37,10109923SABINOM,2025-07-14,140922,1,4,0,198.0
10109923SABINOM_2025-07-14_G38,10109923SABINOM,2025-07-14,110745,1,2,0,45.0
10109923SABINOM_2025-07-14_G39,10109923SABINOM,2025-07-14,111743,1,4,0,73.0
10109923SABINOM_2025-07-14_G40,10109923SABINOM,2025-07-14,"108711, 110787",2,18,14,135.0
10109923SABINOM_2025-07-14_G41,10109923SABINOM,2025-07-14,117787,1,4,0,200.0
10109923SABINOM_2025-07-14_G42,10109923SABINOM,2025-07-14,111442,1,2,0,43.0
10109923SABINOM_2025-07-14_G43,10109923SABINOM,2025-07-14,111444,1,4,0,80.0
10109923SABINOM_2025-07-14_G44,10109923SABINOM,2025-07-14,111469,1,4,0,95.0
10109923SABINOM_2025-07-14_G45,10109923SABINOM,2025-07-14,111465,1,3,0,127.0
10109923SABINOM_2025-07-14_G46,10109923SABINOM,2025-07-14,117820,1,40,0,1630.0
10109923SABINOM_2025-07-14_G47,10109923SABINOM,2025-07-14,110313,1,4,0,222.0
10109923SABINOM_2025-07-14_G48,10109923SABINOM,2025-07-14,110787,1,4,0,408.0
10109923SABINOM_2025-07-14_G50,10109923SABINOM,2025-07-14,118140,1,8,0,138.0
10109923SABINOM_2025-07-14_G51,10109923SABINOM,2025-07-14,117808,1,8,0,165.0
10109923SABINOM_2025-07-14_G52,10109923SABINOM,2025-07-14,117820,1,12,0,401.0
10109923SABINOM_2025-07-14_G53,10109923SABINOM,2025-07-14,140911,1,2,0,447.0
10109923SABINOM_2025-07-14_G54,10109923SABINOM,2025-07-14,110756,1,2,0,1240.0
10109923SABINOM_2025-07-14_G55,10109923SABINOM,2025-07-14,141047,1,2,0,288.0
10109923SABINOM_2025-07-14_G56,10109923SABINOM,2025-07-14,110711,1,2,0,104.0
10109923SABINOM_2025-07-14_G57,10109923SABINOM,2025-07-14,108772,1,2,0,73.0
10109923SABINOM_2025-07-14_G58,10109923SABINOM,2025-07-14,110313,1,1,0,58.0
10109923SABINOM_2025-07-14_G59,10109923SABINOM,2025-07-14,111172,1,2,0,268.0
10109923SABINOM_2025-07-14_G60,10109923SABINOM,2025-07-14,140922,1,3,0,117.0
10109923SABINOM_2025-07-14_G61,10109923SABINOM,2025-07-14,117821,1,4,0,70.0
10109923SABINOM_2025-07-14_G62,10109923SABINOM,2025-07-14,111469,1,2,0,106.0
10109923SABINOM_2025-07-14_G63,10109923SABINOM,2025-07-14,111468,1,2,0,88.0
10109923SABINOM_2025-07-14_G64,10109923SABINOM,2025-07-14,118299,1,12,0,196.0
10109923SABINOM_2025-07-14_G65,10109923SABINOM,2025-07-14,117830,1,4,0,113.0
10109923SABINOM_2025-07-14_G66,10109923SABINOM,2025-07-14,117786,1,2,0,458.0
10109923SABINOM_2025-07-14_G67,10109923SABINOM,2025-07-14,110515,1,1,0,103.0
10109923SABINOM_2025-07-14_G68,10109923SABINOM,2025-07-14,110711,1,2,0,156.0
10109923SABINOM_2025-07-14_G69,10109923SABINOM,2025-07-14,111602,1,4,0,134.0
10109923SABINOM_2025-07-14_G70,10109923SABINOM,2025-07-14,111172,1,4,0,218.0
10109923SABINOM_2025-07-14_G71,10109923SABINOM,2025-07-14,111532,1,8,0,229.0
10109923SABINOM_2025-07-14_G72,10109923SABINOM,2025-07-14,111418,1,2,0,259.0
10109923SABINOM_2025-07-14_G73,10109923SABINOM,2025-07-14,118140,1,4,0,62.0
10109923SABINOM_2025-07-14_G74,10109923SABINOM,2025-07-14,117831,1,4,0,126.0
10109923SABINOM_2025-07-14_G75,10109923SABINOM,2025-07-14,"111466, 111469",2,3,13,82.0
10109923SABINOM_2025-07-14_G76,10109923SABINOM,2025-07-14,111463,1,8,0,129.0
10109923SABINOM_2025-07-15_G03,10109923SABINOM,2025-07-15,110515,1,60,0,1450.0
10109923SABINOM_2025-07-15_G04,10109923SABINOM,2025-07-15,111602,1,30,0,457.0
10109923SABINOM_2025-07-15_G05,10109923SABINOM,2025-07-15,111532,1,9,0,969.0
10109923SABINOM_2025-07-15_G06,10109923SABINOM,2025-07-15,111532,1,15,0,32.0
10109923SABINOM_2025-07-15_G07,10109923SABINOM,2025-07-15,110787,1,2,0,361.0
10109923SABINOM_2025-07-15_G08,10109923SABINOM,2025-07-15,111438,1,6,0,297.0
10109923SABINOM_2025-07-15_G09,10109923SABINOM,2025-07-15,107263,1,1,0,100.0
10109923SABINOM_2025-07-15_G10,10109923SABINOM,2025-07-15,117831,1,10,0,314.0
10109923SABINOM_2025-07-15_G11,10109923SABINOM,2025-07-15,117820,1,9,0,640.0
10109923SABINOM_2025-07-15_G12,10109923SABINOM,2025-07-15,117808,1,50,0,501.0
10109923SABINOM_2025-07-15_G13,10109923SABINOM,2025-07-15,110371,1,36,0,184.0
10109923SABINOM_2025-07-15_G14,10109923SABINOM,2025-07-15,111569,1,4,0,1914.0
10109923SABINOM_2025-07-15_G15,10109923SABINOM,2025-07-15,111569,1,238,0,149.0
10109923SABINOM_2025-07-15_G16,10109923SABINOM,2025-07-15,110756,1,40,0,1382.0
10109923SABINOM_2025-07-15_G17,10109923SABINOM,2025-07-15,118094,1,4,0,64.0
10109923SABINOM_2025-07-15_G19,10109923SABINOM,2025-07-15,110313,1,8,0,140.0
10109923SABINOM_2025-07-15_G20,10109923SABINOM,2025-07-15,107236,1,41,0,742.0
10109923SABINOM_2025-07-15_G21,10109923SABINOM,2025-07-15,111466,1,50,0,351.0
10109923SABINOM_2025-07-15_G22,10109923SABINOM,2025-07-15,111465,1,4,0,1470.0
10109923SABINOM_2025-07-15_G23,10109923SABINOM,2025-07-15,111463,1,2,0,767.0
10109923SABINOM_2025-07-15_G24,10109923SABINOM,2025-07-15,111462,1,6,0,380.0
10109923SABINOM_2025-07-15_G25,10109923SABINOM,2025-07-15,111743,1,2,0,57.0
10109923SABINOM_2025-07-15_G26,10109923SABINOM,2025-07-15,111469,1,4,0,131.0
10109923SABINOM_2025-07-15_G27,10109923SABINOM,2025-07-15,111465,1,4,0,131.0
10109923SABINOM_2025-07-15_G28,10109923SABINOM,2025-07-15,117862,1,1,0,194.0
10109923SABINOM_2025-07-15_G29,10109923SABINOM,2025-07-15,117830,1,2,0,154.0
10109923SABINOM_2025-07-15_G30,10109923SABINOM,2025-07-15,110374,1,2,0,144.0
10109923SABINOM_2025-07-15_G31,10109923SABINOM,2025-07-15,110373,1,12,0,583.0
10109923SABINOM_2025-07-15_G32,10109923SABINOM,2025-07-15,117820,1,20,0,186.0
10109923SABINOM_2025-07-15_G33,10109923SABINOM,2025-07-15,111182,1,4,0,302.0
10109923SABINOM_2025-07-15_G34,10109923SABINOM,2025-07-15,110313,1,5,0,118.0
10109923SABINOM_2025-07-15_G35,10109923SABINOM,2025-07-15,110371,1,2,0,119.0
10109923SABINOM_2025-07-15_G36,10109923SABINOM,2025-07-15,111602,1,4,0,311.0
10109923SABINOM_2025-07-15_G37,10109923SABINOM,2025-07-15,110711,1,4,0,58.0
10109923SABINOM_2025-07-16_G02,10109923SABINOM,2025-07-16,118222,1,3,0,603.0
10109923SABINOM_2025-07-16_G03,10109923SABINOM,2025-07-16,118094,1,4,0,467.0
10109923SABINOM_2025-07-16_G04,10109923SABINOM,2025-07-16,111602,1,4,0,144.0
10109923SABINOM_2025-07-16_G05,10109923SABINOM,2025-07-16,111463,1,3,0,180.0
10109923SABINOM_2025-07-16_G06,10109923SABINOM,2025-07-16,110751,1,2,0,235.0
10109923SABINOM_2025-07-16_G07,10109923SABINOM,2025-07-16,108794,1,2,0,155.0
10109923SABINOM_2025-07-16_G08,10109923SABINOM,2025-07-16,110745,1,2,0,131.0
10109923SABINOM_2025-07-16_G09,10109923SABINOM,2025-07-16,111532,1,4,0,120.0
10109923SABINOM_2025-07-16_G10,10109923SABINOM,2025-07-16,109641,1,2,0,81.0
10109923SABINOM_2025-07-16_G11,10109923SABINOM,2025-07-16,111418,1,4,0,66.0
10109923SABINOM_2025-07-16_G12,10109923SABINOM,2025-07-16,118140,1,7,0,89.0
10109923SABINOM_2025-07-16_G13,10109923SABINOM,2025-07-16,117785,1,2,0,111.0
10109923SABINOM_2025-07-16_G14,10109923SABINOM,2025-07-16,111469,1,4,0,151.0
10109923SABINOM_2025-07-16_G15,10109923SABINOM,2025-07-16,110740,1,2,0,76.0
10109923SABINOM_2025-07-16_G16,10109923SABINOM,2025-07-16,111465,1,2,0,60.0
10109923SABINOM_2025-07-16_G17,10109923SABINOM,2025-07-16,109643,1,4,0,112.0
10109923SABINOM_2025-07-16_G18,10109923SABINOM,2025-07-16,110374,1,4,0,106.0
10109923SABINOM_2025-07-16_G19,10109923SABINOM,2025-07-16,110371,1,6,0,165.0
10109923SABINOM_2025-07-16_G20,10109923SABINOM,2025-07-16,110747,1,4,0,1908.0
10109923SABINOM_2025-07-16_G21,10109923SABINOM,2025-07-16,111438,1,4,0,123.0
10109923SABINOM_2025-07-16_G22,10109923SABINOM,2025-07-16,111569,1,4,0,75.0
10109923SABINOM_2025-07-16_G23,10109923SABINOM,2025-07-16,117856,1,4,0,111.0
10109923SABINOM_2025-07-16_G24,10109923SABINOM,2025-07-16,111463,1,6,0,176.0
10109923SABINOM_2025-07-16_G25,10109923SABINOM,2025-07-16,111348,1,2,0,88.0
10109923SABINOM_2025-07-16_G26,10109923SABINOM,2025-07-16,118140,1,5,0,246.0
10109923SABINOM_2025-07-16_G27,10109923SABINOM,2025-07-16,118317,1,2,0,122.0
10109923SABINOM_2025-07-16_G28,10109923SABINOM,2025-07-16,111465,1,4,0,124.0
10109923SABINOM_2025-07-16_G29,10109923SABINOM,2025-07-16,110374,1,4,0,138.0
10109923SABINOM_2025-07-16_G30,10109923SABINOM,2025-07-16,110371,1,4,0,132.0
10109923SABINOM_2025-07-16_G31,10109923SABINOM,2025-07-16,110747,1,4,0,1775.0
10109923SABINOM_2025-07-16_G32,10109923SABINOM,2025-07-16,118222,1,3,0,49.0
10109923SABINOM_2025-07-16_G33,10109923SABINOM,2025-07-16,111463,1,6,0,279.0
10109923SABINOM_2025-07-16_G34,10109923SABINOM,2025-07-16,105705,1,2,0,97.0
10109923SABINOM_2025-07-16_G35,10109923SABINOM,2025-07-16,110751,1,4,0,50.0
10109923SABINOM_2025-07-16_G36,10109923SABINOM,2025-07-16,108794,1,2,0,40.0
10109923SABINOM_2025-07-16_G37,10109923SABINOM,2025-07-16,111348,1,4,0,64.0
10109923SABINOM_2025-07-16_G38,10109923SABINOM,2025-07-16,111462,1,4,0,59.0
10109923SABINOM_2025-07-16_G39,10109923SABINOM,2025-07-16,111532,1,4,0,97.0
10109923SABINOM_2025-07-16_G40,10109923SABINOM,2025-07-16,111418,1,4,0,51.0
10109923SABINOM_2025-07-16_G41,10109923SABINOM,2025-07-16,118140,1,8,0,89.0
10109923SABINOM_2025-07-16_G42,10109923SABINOM,2025-07-16,118317,1,3,0,85.0
10109923SABINOM_2025-07-16_G43,10109923SABINOM,2025-07-16,111466,1,5,0,111.0
10109923SABINOM_2025-07-16_G44,10109923SABINOM,2025-07-16,110740,1,6,0,101.0
10109923SABINOM_2025-07-16_G45,10109923SABINOM,2025-07-16,107888,1,20,0,1396.0
10109923SABINOM_2025-07-16_G46,10109923SABINOM,2025-07-16,108361,1,2,0,121.0
10109923SABINOM_2025-07-16_G47,10109923SABINOM,2025-07-16,107263,1,12,0,504.0
10109923SABINOM_2025-07-16_G48,10109923SABINOM,2025-07-16,111418,1,50,0,353.0
10109923SABINOM_2025-07-16_G49,10109923SABINOM,2025-07-16,117785,1,80,0,322.0
10109923SABINOM_2025-07-16_G50,10109923SABINOM,2025-07-16,117830,1,30,0,317.0
10109923SABINOM_2025-07-16_G51,10109923SABINOM,2025-07-16,117809,1,50,0,285.0
10109923SABINOM_2025-07-16_G52,10109923SABINOM,2025-07-16,117808,1,621,0,1895.0
10109923SABINOM_2025-07-16_G53,10109923SABINOM,2025-07-16,110372,2,70,18,241.0
10109923SABINOM_2025-07-16_G54,10109923SABINOM,2025-07-16,107830,1,14,0,316.0
10109923SABINOM_2025-07-16_G55,10109923SABINOM,2025-07-16,118299,1,700,0,1980.0
10109923SABINOM_2025-07-16_G56,10109923SABINOM,2025-07-16,110373,2,70,11,50.0
10109923SABINOM_2025-07-16_G57,10109923SABINOM,2025-07-16,117808,1,74,0,984.0
10109923SABINOM_2025-07-16_G59,10109923SABINOM,2025-07-16,111530,1,81,0,1939.0
10109923SABINOM_2025-07-17_G02,10109923SABINOM,2025-07-17,111441,1,4,0,143.0
10109923SABINOM_2025-07-17_G03,10109923SABINOM,2025-07-17,111660,1,6,0,185.0
10109923SABINOM_2025-07-17_G04,10109923SABINOM,2025-07-17,118299,1,1,0,65.0
10109923SABINOM_2025-07-17_G05,10109923SABINOM,2025-07-17,111439,1,4,0,225.0
10109923SABINOM_2025-07-17_G06,10109923SABINOM,2025-07-17,118140,1,5,0,301.0
10109923SABINOM_2025-07-17_G07,10109923SABINOM,2025-07-17,118317,1,10,0,707.0
10109923SABINOM_2025-07-17_G08,10109923SABINOM,2025-07-17,117831,1,2,0,66.0
10109923SABINOM_2025-07-17_G09,10109923SABINOM,2025-07-17,141823,1,2,0,40.0
10109923SABINOM_2025-07-17_G10,10109923SABINOM,2025-07-17,110740,1,5,0,168.0
10109923SABINOM_2025-07-17_G11,10109923SABINOM,2025-07-17,111463,1,3,0,99.0
10109923SABINOM_2025-07-17_G12,10109923SABINOM,2025-07-17,111466,1,6,0,2337.0
10109923SABINOM_2025-07-17_G13,10109923SABINOM,2025-07-17,118222,1,50,0,865.0
10109923SABINOM_2025-07-17_G14,10109923SABINOM,2025-07-17,111469,1,37,0,937.0
10109923SABINOM_2025-07-17_G15,10109923SABINOM,2025-07-17,110515,1,30,0,227.0
10109923SABINOM_2025-07-17_G16,10109923SABINOM,2025-07-17,110373,2,76,6,550.0
10109923SABINOM_2025-07-17_G17,10109923SABINOM,2025-07-17,118299,1,270,0,774.0
10109923SABINOM_2025-07-17_G18,10109923SABINOM,2025-07-17,110733,1,2,0,1207.0
10109923SABINOM_2025-07-17_G19,10109923SABINOM,2025-07-17,110733,1,4,0,58.0
10109923SABINOM_2025-07-17_G20,10109923SABINOM,2025-07-17,110733,1,2,0,69.0
10109923SABINOM_2025-07-17_G21,10109923SABINOM,2025-07-17,118094,1,4,0,115.0
10109923SABINOM_2025-07-17_G22,10109923SABINOM,2025-07-17,117855,1,2,0,233.0
10109923SABINOM_2025-07-17_G23,10109923SABINOM,2025-07-17,110515,1,8,0,203.0
10109923SABINOM_2025-07-17_G24,10109923SABINOM,2025-07-17,118094,1,8,0,619.0
10109923SABINOM_2025-07-17_G25,10109923SABINOM,2025-07-17,141823,1,4,0,247.0
10109923SABINOM_2025-07-17_G26,10109923SABINOM,2025-07-17,108798,1,4,0,137.0
10109923SABINOM_2025-07-17_G27,10109923SABINOM,2025-07-17,118094,1,23,0,988.0
10109923SABINOM_2025-07-17_G28,10109923SABINOM,2025-07-17,140922,1,4,0,136.0
10109923SABINOM_2025-07-17_G29,10109923SABINOM,2025-07-17,111442,1,2,0,96.0
10109923SABINOM_2025-07-17_G30,10109923SABINOM,2025-07-17,118094,1,2,0,2190.0
10109923SABINOM_2025-07-17_G31,10109923SABINOM,2025-07-17,118298,1,8,0,109.0
10109923SABINOM_2025-07-17_G32,10109923SABINOM,2025-07-17,111467,1,4,0,118.0
10109923SABINOM_2025-07-17_G33,10109923SABINOM,2025-07-17,110515,1,8,0,151.0
10109923SABINOM_2025-07-17_G34,10109923SABINOM,2025-07-17,111468,1,20,0,529.0
10109923SABINOM_2025-07-17_G35,10109923SABINOM,2025-07-17,160055,1,20,0,712.0
10109923SABINOM_2025-07-17_G37,10109923SABINOM,2025-07-17,160053,1,20,0,404.0
10109923SABINOM_2025-07-17_G38,10109923SABINOM,2025-07-17,160054,1,20,0,225.0
10109923SABINOM_2025-07-17_G39,10109923SABINOM,2025-07-17,100334,1,3,0,452.0
10109923SABINOM_2025-07-17_G40,10109923SABINOM,2025-07-17,111182,1,2,0,308.0
10109923SABINOM_2025-07-17_G41,10109923SABINOM,2025-07-17,109641,1,4,0,146.0
10109923SABINOM_2025-07-17_G42,10109923SABINOM,2025-07-17,118299,1,4,0,126.0
10109923SABINOM_2025-07-17_G43,10109923SABINOM,2025-07-17,160051,1,8,0,167.0
10109923SABINOM_2025-07-17_G44,10109923SABINOM,2025-07-17,111743,1,4,0,196.0
10109923SABINOM_2025-07-17_G45,10109923SABINOM,2025-07-17,111465,1,8,0,698.0
10109923SABINOM_2025-07-17_G46,10109923SABINOM,2025-07-17,118299,1,11,0,182.0
10109923SABINOM_2025-07-17_G47,10109923SABINOM,2025-07-17,110325,1,8,0,200.0
10109923SABINOM_2025-07-17_G48,10109923SABINOM,2025-07-17,110371,1,4,0,188.0
10109923SABINOM_2025-07-18_G02,10109923SABINOM,2025-07-18,110733,1,2,0,75.0
10109923SABINOM_2025-07-18_G03,10109923SABINOM,2025-07-18,111530,1,2,0,649.0
10109923SABINOM_2025-07-18_G04,10109923SABINOM,2025-07-18,111532,1,25,0,339.0
10109923SABINOM_2025-07-18_G05,10109923SABINOM,2025-07-18,111530,1,4,0,233.0
10109923SABINOM_2025-07-18_G06,10109923SABINOM,2025-07-18,117855,1,1,0,219.0
10109923SABINOM_2025-07-18_G07,10109923SABINOM,2025-07-18,111530,1,1,0,46.0
10109923SABINOM_2025-07-18_G08,10109923SABINOM,2025-07-18,111530,1,2,0,102.0
10109923SABINOM_2025-07-18_G09,10109923SABINOM,2025-07-18,117786,1,2,0,192.0
10109923SABINOM_2025-07-18_G10,10109923SABINOM,2025-07-18,117861,1,5,0,290.0
10109923SABINOM_2025-07-18_G11,10109923SABINOM,2025-07-18,"111602, 110515",2,9,28,158.0
10109923SABINOM_2025-07-18_G12,10109923SABINOM,2025-07-18,111530,1,20,0,235.0
10109923SABINOM_2025-07-18_G13,10109923SABINOM,2025-07-18,110313,1,4,0,219.0
10109923SABINOM_2025-07-18_G14,10109923SABINOM,2025-07-18,111172,1,2,0,1905.0
10109923SABINOM_2025-07-18_G15,10109923SABINOM,2025-07-18,118140,1,4,0,90.0
10109923SABINOM_2025-07-18_G16,10109923SABINOM,2025-07-18,140922,1,20,0,607.0
10109923SABINOM_2025-07-18_G17,10109923SABINOM,2025-07-18,140922,1,8,0,57.0
10109923SABINOM_2025-07-18_G18,10109923SABINOM,2025-07-18,117833,1,8,0,124.0
10109923SABINOM_2025-07-18_G19,10109923SABINOM,2025-07-18,117785,1,12,0,121.0
10109923SABINOM_2025-07-18_G20,10109923SABINOM,2025-07-18,"117831, 111442",2,8,9,91.0
10109923SABINOM_2025-07-18_G21,10109923SABINOM,2025-07-18,110740,1,10,0,162.0
10109923SABINOM_2025-07-18_G22,10109923SABINOM,2025-07-18,111468,1,8,0,129.0
10109923SABINOM_2025-07-18_G23,10109923SABINOM,2025-07-18,109933,1,6,0,2281.0
10109923SABINOM_2025-07-18_G24,10109923SABINOM,2025-07-18,117834,1,5,0,132.0
10109923SABINOM_2025-07-18_G25,10109923SABINOM,2025-07-18,111441,1,10,0,211.0
10109923SABINOM_2025-07-18_G26,10109923SABINOM,2025-07-18,111438,1,10,0,54.0
10109923SABINOM_2025-07-18_G27,10109923SABINOM,2025-07-18,111172,1,5,0,199.0
10109923SABINOM_2025-07-18_G28,10109923SABINOM,2025-07-18,105705,1,4,0,99.0
10109923SABINOM_2025-07-18_G29,10109923SABINOM,2025-07-18,118140,1,10,0,2662.0
10109923SABINOM_2025-07-18_G30,10109923SABINOM,2025-07-18,111443,1,5,0,192.0
10109923SABINOM_2025-07-18_G31,10109923SABINOM,2025-07-18,111462,1,10,0,100.0
10109923SABINOM_2025-07-18_G32,10109923SABINOM,2025-07-18,117821,1,10,0,110.0
10109923SABINOM_2025-07-18_G33,10109923SABINOM,2025-07-18,109641,1,4,0,147.0
10109923SABINOM_2025-07-18_G34,10109923SABINOM,2025-07-18,109645,1,4,0,111.0
10109923SABINOM_2025-07-18_G35,10109923SABINOM,2025-07-18,117787,1,5,0,188.0
10109923SABINOM_2025-07-18_G36,10109923SABINOM,2025-07-18,117831,1,5,0,99.0
10109923SABINOM_2025-07-18_G37,10109923SABINOM,2025-07-18,111465,1,5,0,224.0
10109923SABINOM_2025-07-18_G38,10109923SABINOM,2025-07-18,117809,1,30,0,1168.0
10109923SABINOM_2025-07-18_G39,10109923SABINOM,2025-07-18,110371,1,10,0,699.0
10109923SABINOM_2025-07-18_G40,10109923SABINOM,2025-07-18,110374,1,10,0,215.0
10109923SABINOM_2025-07-18_G41,10109923SABINOM,2025-07-18,110372,1,20,0,249.0
10109923SABINOM_2025-07-18_G43,10109923SABINOM,2025-07-18,118299,1,30,0,486.0
10109923SABINOM_2025-07-18_G44,10109923SABINOM,2025-07-18,111418,1,20,0,201.0
10109923SABINOM_2025-07-18_G45,10109923SABINOM,2025-07-18,117820,1,10,0,205.0
10109923SABINOM_2025-07-18_G46,10109923SABINOM,2025-07-18,117808,1,40,0,759.0
10109923SABINOM_2025-07-18_G47,10109923SABINOM,2025-07-18,111602,1,12,0,262.0
10109923SABINOM_2025-07-18_G48,10109923SABINOM,2025-07-18,110313,1,4,0,73.0
10109923SABINOM_2025-07-18_G49,10109923SABINOM,2025-07-18,108795,1,1,0,131.0
10109923SABINOM_2025-07-18_G50,10109923SABINOM,2025-07-18,118140,1,12,0,105.0
10109923SABINOM_2025-07-18_G51,10109923SABINOM,2025-07-18,111743,1,1,0,91.0
10109923SABINOM_2025-07-18_G52,10109923SABINOM,2025-07-18,108711,1,12,0,487.0
10109923SABINOM_2025-07-18_G53,10109923SABINOM,2025-07-18,141823,1,8,0,181.0
10109923SABINOM_2025-07-18_G54,10109923SABINOM,2025-07-18,110373,1,6,0,120.0
10109923SABINOM_2025-07-18_G55,10109923SABINOM,2025-07-18,111430,1,4,0,429.0
10109923SABINOM_2025-07-18_G56,10109923SABINOM,2025-07-18,111569,1,4,0,47.0
10109923SABINOM_2025-07-18_G57,10109923SABINOM,2025-07-18,118094,1,4,0,316.0
10109923SABINOM_2025-07-18_G58,10109923SABINOM,2025-07-18,117861,1,2,0,167.0
10109923SABINOM_2025-07-18_G59,10109923SABINOM,2025-07-18,110515,1,4,0,101.0
10109923SABINOM_2025-07-18_G60,10109923SABINOM,2025-07-18,111530,1,10,0,140.0
10109923SABINOM_2025-07-18_G61,10109923SABINOM,2025-07-18,111443,1,2,0,165.0
10109923SABINOM_2025-07-18_G62,10109923SABINOM,2025-07-18,111462,1,4,0,61.0
10109923SABINOM_2025-07-18_G63,10109923SABINOM,2025-07-18,111418,1,8,0,170.0
10109923SABINOM_2025-07-18_G64,10109923SABINOM,2025-07-18,117785,1,5,0,118.0
10109923SABINOM_2025-07-18_G65,10109923SABINOM,2025-07-18,"111442, 141823",2,6,9,64.0
10109923SABINOM_2025-07-18_G66,10109923SABINOM,2025-07-18,111466,1,8,0,110.0
10109923SABINOM_2025-07-18_G67,10109923SABINOM,2025-07-18,107236,1,5,0,78.0
10109923SABINOM_2025-07-18_G68,10109923SABINOM,2025-07-18,111465,1,5,0,49.0
10109923SABINOM_2025-07-18_G69,10109923SABINOM,2025-07-18,111469,1,4,0,251.0
10109923SABINOM_2025-07-18_G70,10109923SABINOM,2025-07-18,110373,1,10,0,507.0
10109923SABINOM_2025-07-18_G71,10109923SABINOM,2025-07-18,110371,1,10,0,179.0
10109923SABINOM_2025-07-18_G72,10109923SABINOM,2025-07-18,117808,1,30,0,106.0
10109923SABINOM_2025-07-18_G73,10109923SABINOM,2025-07-18,110374,1,4,0,65.0
10109923SABINOM_2025-07-18_G74,10109923SABINOM,2025-07-18,110372,1,10,0,34.0
10109923SABINOM_2025-07-18_G75,10109923SABINOM,2025-07-18,117820,1,10,0,497.0
10109923SABINOM_2025-07-19_G02,10109923SABINOM,2025-07-19,100334,1,2,0,185.0
10109923SABINOM_2025-07-19_G03,10109923SABINOM,2025-07-19,111660,1,3,0,198.0
10109923SABINOM_2025-07-19_G04,10109923SABINOM,2025-07-19,118417,1,13,0,667.0
10109923SABINOM_2025-07-19_G05,10109923SABINOM,2025-07-19,110741,1,6,0,159.0
10109923SABINOM_2025-07-19_G06,10109923SABINOM,2025-07-19,118094,1,12,0,164.0
10109923SABINOM_2025-07-19_G07,10109923SABINOM,2025-07-19,111876,1,8,0,141.0
10109923SABINOM_2025-07-19_G08,10109923SABINOM,2025-07-19,141047,1,16,0,763.0
10109923SABINOM_2025-07-19_G09,10109923SABINOM,2025-07-19,109647,1,4,0,71.0
10109923SABINOM_2025-07-19_G10,10109923SABINOM,2025-07-19,117856,1,9,0,535.0
10109923SABINOM_2025-07-19_G11,10109923SABINOM,2025-07-19,110743,1,6,0,562.0
10109923SABINOM_2025-07-19_G12,10109923SABINOM,2025-07-19,109643,1,2,0,137.0
10109923SABINOM_2025-07-19_G13,10109923SABINOM,2025-07-19,107830,1,2,0,399.0
10109923SABINOM_2025-07-19_G14,10109923SABINOM,2025-07-19,108759,2,39,24,521.0
10109923SABINOM_2025-07-19_G15,10109923SABINOM,2025-07-19,117833,1,21,0,1829.0
10109923SABINOM_2025-07-19_G16,10109923SABINOM,2025-07-19,109645,1,19,0,206.0
10109923SABINOM_2025-07-19_G17,10109923SABINOM,2025-07-19,108794,1,20,0,468.0
10109923SABINOM_2025-07-19_G18,10109923SABINOM,2025-07-19,118004,1,14,0,281.0
10109923SABINOM_2025-07-19_G19,10109923SABINOM,2025-07-19,117830,1,30,0,1072.0
10109923SABINOM_2025-07-19_G20,10109923SABINOM,2025-07-19,110374,1,77,0,664.0
10109923SABINOM_2025-07-19_G23,10109923SABINOM,2025-07-19,111729,1,51,0,3270.0
10109923SABINOM_2025-07-19_G24,10109923SABINOM,2025-07-19,111723,1,379,0,1285.0
10109923SABINOM_2025-07-21_G02,10109923SABINOM,2025-07-21,117785,1,8,0,424.0
10109923SABINOM_2025-07-21_G03,10109923SABINOM,2025-07-21,110740,1,4,0,158.0
10109923SABINOM_2025-07-21_G04,10109923SABINOM,2025-07-21,110372,1,10,0,235.0
10109923SABINOM_2025-07-21_G05,10109923SABINOM,2025-07-21,111569,1,4,0,449.0
10109923SABINOM_2025-07-21_G06,10109923SABINOM,2025-07-21,117861,1,2,0,1447.0
10109923SABINOM_2025-07-21_G07,10109923SABINOM,2025-07-21,117856,1,1,0,114.0
10109923SABINOM_2025-07-21_G08,10109923SABINOM,2025-07-21,111466,1,1,0,69.0
10109923SABINOM_2025-07-21_G09,10109923SABINOM,2025-07-21,118299,1,21,0,316.0
10109923SABINOM_2025-07-21_G10,10109923SABINOM,2025-07-21,117820,1,3,0,118.0
10109923SABINOM_2025-07-21_G11,10109923SABINOM,2025-07-21,117808,1,32,0,711.0
10109923SABINOM_2025-07-21_G12,10109923SABINOM,2025-07-21,118094,1,3,0,396.0
10109923SABINOM_2025-07-21_G13,10109923SABINOM,2025-07-21,117786,1,6,0,66.0
10109923SABINOM_2025-07-21_G14,10109923SABINOM,2025-07-21,111530,1,2,0,107.0
10109923SABINOM_2025-07-21_G15,10109923SABINOM,2025-07-21,111418,1,11,0,212.0
10109923SABINOM_2025-07-21_G16,10109923SABINOM,2025-07-21,117831,1,1,0,108.0
10109923SABINOM_2025-07-21_G17,10109923SABINOM,2025-07-21,117830,1,4,0,137.0
10109923SABINOM_2025-07-21_G18,10109923SABINOM,2025-07-21,117808,1,26,0,866.0
10109923SABINOM_2025-07-21_G19,10109923SABINOM,2025-07-21,110373,1,7,0,65.0
10109923SABINOM_2025-07-21_G20,10109923SABINOM,2025-07-21,118299,1,4,0,78.0
10109923SABINOM_2025-07-21_G21,10109923SABINOM,2025-07-21,110372,1,13,0,283.0
10109923SABINOM_2025-07-21_G22,10109923SABINOM,2025-07-21,117808,1,63,0,1012.0
10109923SABINOM_2025-07-21_G23,10109923SABINOM,2025-07-21,110500,1,1,0,1648.0
10109923SABINOM_2025-07-21_G24,10109923SABINOM,2025-07-21,102851,1,4,0,1614.0
10109923SABINOM_2025-07-21_G25,10109923SABINOM,2025-07-21,110746,1,10,0,824.0
10109923SABINOM_2025-07-21_G26,10109923SABINOM,2025-07-21,110339,1,12,0,2313.0
10109923SABINOM_2025-07-21_G27,10109923SABINOM,2025-07-21,117861,1,12,0,233.0
10109923SABINOM_2025-07-21_G28,10109923SABINOM,2025-07-21,117861,1,20,0,78.0
10109923SABINOM_2025-07-21_G29,10109923SABINOM,2025-07-21,111439,1,8,0,171.0
10109923SABINOM_2025-07-21_G30,10109923SABINOM,2025-07-21,111602,1,20,0,196.0
10109923SABINOM_2025-07-21_G31,10109923SABINOM,2025-07-21,117856,1,12,0,378.0
10109923SABINOM_2025-07-21_G32,10109923SABINOM,2025-07-21,117856,1,16,0,36.0
10109923SABINOM_2025-07-21_G34,10109923SABINOM,2025-07-21,110711,1,20,0,289.0
10109923SABINOM_2025-07-21_G35,10109923SABINOM,2025-07-21,117786,1,24,0,341.0
10109923SABINOM_2025-07-21_G36,10109923SABINOM,2025-07-21,107263,2,21,8,517.0
10109923SABINOM_2025-07-21_G37,10109923SABINOM,2025-07-21,111172,2,33,10,243.0
10109923SABINOM_2025-07-21_G38,10109923SABINOM,2025-07-21,117833,1,24,0,485.0
10109923SABINOM_2025-07-21_G39,10109923SABINOM,2025-07-21,108798,1,30,0,186.0
10109923SABINOM_2025-07-21_G40,10109923SABINOM,2025-07-21,111532,1,30,0,823.0
10109923SABINOM_2025-07-21_G41,10109923SABINOM,2025-07-21,118094,2,38,22,677.0
10109923SABINOM_2025-07-21_G42,10109923SABINOM,2025-07-21,118140,1,18,0,455.0
10109923SABINOM_2025-07-21_G43,10109923SABINOM,2025-07-21,117787,1,8,0,229.0
10109923SABINOM_2025-07-21_G44,10109923SABINOM,2025-07-21,117787,1,24,0,493.0
10109923SABINOM_2025-07-21_G45,10109923SABINOM,2025-07-21,111530,1,100,0,76.0
10109923SABINOM_2025-07-21_G46,10109923SABINOM,2025-07-21,110787,2,51,8,164.0
10109923SABINOM_2025-07-21_G47,10109923SABINOM,2025-07-21,"110787, 117831",3,72,24,1246.0
10109923SABINOM_2025-07-21_G48,10109923SABINOM,2025-07-21,141823,1,20,0,460.0
10109923SABINOM_2025-07-22_G02,10109923SABINOM,2025-07-22,108798,1,2,0,149.0
10109923SABINOM_2025-07-22_G03,10109923SABINOM,2025-07-22,111418,1,2,0,209.0
10109923SABINOM_2025-07-22_G04,10109923SABINOM,2025-07-22,110373,1,24,0,333.0
10109923SABINOM_2025-07-22_G05,10109923SABINOM,2025-07-22,110371,1,4,0,208.0
10109923SABINOM_2025-07-22_G06,10109923SABINOM,2025-07-22,110372,1,2,0,50.0
10109923SABINOM_2025-07-22_G07,10109923SABINOM,2025-07-22,118094,1,2,0,2582.0
10109923SABINOM_2025-07-22_G08,10109923SABINOM,2025-07-22,109647,1,4,0,360.0
10109923SABINOM_2025-07-22_G09,10109923SABINOM,2025-07-22,117855,1,4,0,429.0
10109923SABINOM_2025-07-22_G10,10109923SABINOM,2025-07-22,111602,1,3,0,151.0
10109923SABINOM_2025-07-22_G11,10109923SABINOM,2025-07-22,110515,1,12,0,187.0
10109923SABINOM_2025-07-22_G12,10109923SABINOM,2025-07-22,117833,1,1,0,655.0
10109923SABINOM_2025-07-22_G13,10109923SABINOM,2025-07-22,110740,1,2,0,259.0
10109923SABINOM_2025-07-22_G14,10109923SABINOM,2025-07-22,111418,1,15,0,376.0
10109923SABINOM_2025-07-22_G15,10109923SABINOM,2025-07-22,111463,1,8,0,157.0
10109923SABINOM_2025-07-22_G16,10109923SABINOM,2025-07-22,110375,1,16,0,381.0
10109923SABINOM_2025-07-22_G17,10109923SABINOM,2025-07-22,109643,1,2,0,318.0
10109923SABINOM_2025-07-22_G18,10109923SABINOM,2025-07-22,110374,1,8,0,151.0
10109923SABINOM_2025-07-22_G19,10109923SABINOM,2025-07-22,110371,1,4,0,143.0
10109923SABINOM_2025-07-22_G20,10109923SABINOM,2025-07-22,110372,1,20,0,227.0
10109923SABINOM_2025-07-22_G21,10109923SABINOM,2025-07-22,110373,1,56,0,1302.0
10109923SABINOM_2025-07-22_G23,10109923SABINOM,2025-07-22,111530,1,9,0,772.0
10109923SABINOM_2025-07-22_G24,10109923SABINOM,2025-07-22,117808,1,9,0,272.0
10109923SABINOM_2025-07-22_G26,10109923SABINOM,2025-07-22,110711,1,3,0,67.0
10109923SABINOM_2025-07-22_G27,10109923SABINOM,2025-07-22,111530,1,4,0,98.0
10109923SABINOM_2025-07-22_G28,10109923SABINOM,2025-07-22,117808,1,6,0,337.0
10109923SABINOM_2025-07-22_G29,10109923SABINOM,2025-07-22,117808,2,278,24,718.0
10109923SABINOM_2025-07-22_G30,10109923SABINOM,2025-07-22,111530,1,2,0,1211.0
10109923SABINOM_2025-07-22_G31,10109923SABINOM,2025-07-22,117808,1,16,0,173.0
10109923SABINOM_2025-07-22_G32,10109923SABINOM,2025-07-22,117855,1,16,0,1454.0
10109923SABINOM_2025-07-22_G33,10109923SABINOM,2025-07-22,111530,1,5,0,95.0
10109923SABINOM_2025-07-22_G34,10109923SABINOM,2025-07-22,111330,1,2,0,95.0
10109923SABINOM_2025-07-22_G35,10109923SABINOM,2025-07-22,117808,1,12,0,181.0
10109923SABINOM_2025-07-22_G36,10109923SABINOM,2025-07-22,117808,1,41,0,816.0
10109923SABINOM_2025-07-22_G37,10109923SABINOM,2025-07-22,110745,1,12,0,276.0
10109923SABINOM_2025-07-22_G38,10109923SABINOM,2025-07-22,117855,1,1,0,137.0
10109923SABINOM_2025-07-22_G39,10109923SABINOM,2025-07-22,110711,1,2,0,66.0
10109923SABINOM_2025-07-23_G02,10109923SABINOM,2025-07-23,110747,1,2,0,282.0
10109923SABINOM_2025-07-23_G03,10109923SABINOM,2025-07-23,111441,1,6,0,164.0
10109923SABINOM_2025-07-23_G04,10109923SABINOM,2025-07-23,117786,1,2,0,129.0
10109923SABINOM_2025-07-23_G05,10109923SABINOM,2025-07-23,118094,1,6,0,131.0
10109923SABINOM_2025-07-23_G06,10109923SABINOM,2025-07-23,111467,1,4,0,434.0
10109923SABINOM_2025-07-23_G07,10109923SABINOM,2025-07-23,110515,1,12,0,324.0
10109923SABINOM_2025-07-23_G08,10109923SABINOM,2025-07-23,111462,1,5,0,566.0
10109923SABINOM_2025-07-23_G09,10109923SABINOM,2025-07-23,110745,1,4,0,91.0
10109923SABINOM_2025-07-23_G10,10109923SABINOM,2025-07-23,"117831, 117821",2,7,14,126.0
10109923SABINOM_2025-07-23_G11,10109923SABINOM,2025-07-23,117833,1,4,0,393.0
10109923SABINOM_2025-07-23_G12,10109923SABINOM,2025-07-23,109645,1,9,0,2452.0
10109923SABINOM_2025-07-23_G13,10109923SABINOM,2025-07-23,118140,1,14,0,141.0
10109923SABINOM_2025-07-23_G14,10109923SABINOM,2025-07-23,"117785, 111433",2,15,24,177.0
10109923SABINOM_2025-07-23_G15,10109923SABINOM,2025-07-23,108794,1,6,0,87.0
10109923SABINOM_2025-07-23_G16,10109923SABINOM,2025-07-23,111469,1,4,0,68.0
10109923SABINOM_2025-07-23_G17,10109923SABINOM,2025-07-23,108711,1,10,0,563.0
10109923SABINOM_2025-07-23_G18,10109923SABINOM,2025-07-23,"111466, 107236",2,12,26,207.0
10109923SABINOM_2025-07-23_G19,10109923SABINOM,2025-07-23,111465,1,6,0,94.0
10109923SABINOM_2025-07-23_G20,10109923SABINOM,2025-07-23,111468,1,7,0,62.0
10109923SABINOM_2025-07-23_G21,10109923SABINOM,2025-07-23,111743,1,3,0,771.0
10109923SABINOM_2025-07-23_G22,10109923SABINOM,2025-07-23,111463,1,22,0,38.0
10109923SABINOM_2025-07-23_G23,10109923SABINOM,2025-07-23,117820,1,14,0,343.0
10109923SABINOM_2025-07-23_G24,10109923SABINOM,2025-07-23,110373,1,16,0,217.0
10109923SABINOM_2025-07-23_G25,10109923SABINOM,2025-07-23,110372,1,34,0,378.0
10109923SABINOM_2025-07-23_G26,10109923SABINOM,2025-07-23,107888,1,8,0,1891.0
10109923SABINOM_2025-07-23_G27,10109923SABINOM,2025-07-23,"110754, 118222",2,24,13,179.0
10109923SABINOM_2025-07-23_G28,10109923SABINOM,2025-07-23,110375,1,8,0,235.0
10109923SABINOM_2025-07-23_G29,10109923SABINOM,2025-07-23,117832,1,20,0,1219.0
10109923SABINOM_2025-07-23_G30,10109923SABINOM,2025-07-23,110374,1,20,0,389.0
10109923SABINOM_2025-07-23_G31,10109923SABINOM,2025-07-23,110371,1,20,0,472.0
10109923SABINOM_2025-07-23_G32,10109923SABINOM,2025-07-23,110371,1,10,0,96.0
10109923SABINOM_2025-07-23_G33,10109923SABINOM,2025-07-23,141202,1,11,0,741.0
10109923SABINOM_2025-07-23_G34,10109923SABINOM,2025-07-23,117830,1,20,0,344.0
10109923SABINOM_2025-07-23_G35,10109923SABINOM,2025-07-23,117808,1,185,0,2445.0
10109923SABINOM_2025-07-23_G36,10109923SABINOM,2025-07-23,"117808, 118299",2,868,25,314.0
10109923SABINOM_2025-07-23_G38,10109923SABINOM,2025-07-23,110755,1,6,0,530.0
10109923SABINOM_2025-07-23_G39,10109923SABINOM,2025-07-23,111530,1,15,0,252.0
10109923SABINOM_2025-07-23_G40,10109923SABINOM,2025-07-23,118317,1,2,0,386.0
10109923SABINOM_2025-07-23_G41,10109923SABINOM,2025-07-23,118140,1,4,0,92.0
10109923SABINOM_2025-07-23_G42,10109923SABINOM,2025-07-23,110755,1,4,0,197.0
10109923SABINOM_2025-07-23_G43,10109923SABINOM,2025-07-23,117786,1,2,0,79.0
10109923SABINOM_2025-07-23_G44,10109923SABINOM,2025-07-23,110711,1,8,0,75.0
10109923SABINOM_2025-07-23_G45,10109923SABINOM,2025-07-23,111530,1,14,0,80.0
10109923SABINOM_2025-07-23_G46,10109923SABINOM,2025-07-23,108711,1,1,0,155.0
10109923SABINOM_2025-07-23_G47,10109923SABINOM,2025-07-23,111431,1,3,0,67.0
10109923SABINOM_2025-07-23_G48,10109923SABINOM,2025-07-23,111469,1,3,0,47.0
10109923SABINOM_2025-07-23_G49,10109923SABINOM,2025-07-23,111465,1,7,0,61.0
10109923SABINOM_2025-07-23_G50,10109923SABINOM,2025-07-23,117832,1,3,0,115.0
10109923SABINOM_2025-07-23_G51,10109923SABINOM,2025-07-23,110374,1,2,0,100.0
10109923SABINOM_2025-07-23_G52,10109923SABINOM,2025-07-23,110371,1,2,0,350.0
10109923SABINOM_2025-07-24_G02,10109923SABINOM,2025-07-24,111530,1,6,0,109.0
10109923SABINOM_2025-07-24_G03,10109923SABINOM,2025-07-24,111532,1,5,0,155.0
10109923SABINOM_2025-07-24_G04,10109923SABINOM,2025-07-24,111602,1,8,0,377.0
10109923SABINOM_2025-07-24_G05,10109923SABINOM,2025-07-24,110895,1,8,0,685.0
10109923SABINOM_2025-07-24_G06,10109923SABINOM,2025-07-24,117855,1,16,0,404.0
10109923SABINOM_2025-07-24_G07,10109923SABINOM,2025-07-24,111530,1,15,0,139.0
10109923SABINOM_2025-07-24_G08,10109923SABINOM,2025-07-24,118222,1,8,0,234.0
10109923SABINOM_2025-07-24_G09,10109923SABINOM,2025-07-24,111418,1,24,0,874.0
10109923SABINOM_2025-07-24_G10,10109923SABINOM,2025-07-24,117785,1,24,0,1508.0
10109923SABINOM_2025-07-24_G11,10109923SABINOM,2025-07-24,110751,1,2,0,201.0
10109923SABINOM_2025-07-24_G12,10109923SABINOM,2025-07-24,117808,1,30,0,233.0
10109923SABINOM_2025-07-24_G13,10109923SABINOM,2025-07-24,117808,1,4,0,178.0
10109923SABINOM_2025-07-24_G14,10109923SABINOM,2025-07-24,110372,1,16,0,95.0
10109923SABINOM_2025-07-24_G15,10109923SABINOM,2025-07-24,117820,2,24,13,282.0
10109923SABINOM_2025-07-24_G16,10109923SABINOM,2025-07-24,118299,1,54,0,1058.0
10109923SABINOM_2025-07-24_G17,10109923SABINOM,2025-07-24,110895,1,7,0,454.0
10109923SABINOM_2025-07-24_G18,10109923SABINOM,2025-07-24,105705,1,25,0,383.0
10109923SABINOM_2025-07-24_G19,10109923SABINOM,2025-07-24,140922,1,8,0,76.0
10109923SABINOM_2025-07-24_G20,10109923SABINOM,2025-07-24,111469,1,8,0,254.0
10109923SABINOM_2025-07-24_G21,10109923SABINOM,2025-07-24,117820,1,12,0,93.0
10109923SABINOM_2025-07-24_G22,10109923SABINOM,2025-07-24,117808,1,5,0,67.0
10109923SABINOM_2025-07-24_G23,10109923SABINOM,2025-07-24,117832,1,8,0,176.0
10109923SABINOM_2025-07-24_G24,10109923SABINOM,2025-07-24,"111463, 105705",2,20,8,1397.0
10109923SABINOM_2025-07-24_G25,10109923SABINOM,2025-07-24,111876,1,2,0,3259.0
10109923SABINOM_2025-07-24_G26,10109923SABINOM,2025-07-24,"117837, 117862",2,4,9,146.0
10109923SABINOM_2025-07-24_G27,10109923SABINOM,2025-07-24,117861,1,4,0,54.0
10109923SABINOM_2025-07-24_G28,10109923SABINOM,2025-07-24,111467,1,2,0,102.0
10109923SABINOM_2025-07-24_G29,10109923SABINOM,2025-07-24,111172,1,4,0,558.0
10109923SABINOM_2025-07-24_G30,10109923SABINOM,2025-07-24,117831,1,1,0,93.0
10109923SABINOM_2025-07-24_G31,10109923SABINOM,2025-07-24,117821,1,4,0,80.0
10109923SABINOM_2025-07-24_G32,10109923SABINOM,2025-07-24,117842,1,2,0,102.0
10109923SABINOM_2025-07-24_G33,10109923SABINOM,2025-07-24,110740,1,1,0,83.0
10109923SABINOM_2025-07-24_G34,10109923SABINOM,2025-07-24,118317,1,3,0,173.0
10109923SABINOM_2025-07-24_G35,10109923SABINOM,2025-07-24,110895,1,4,0,291.0
10109923SABINOM_2025-07-24_G36,10109923SABINOM,2025-07-24,111468,1,2,0,79.0
10109923SABINOM_2025-07-24_G37,10109923SABINOM,2025-07-24,141823,1,4,0,144.0
10109923SABINOM_2025-07-24_G38,10109923SABINOM,2025-07-24,141823,1,4,0,74.0
10109923SABINOM_2025-07-24_G39,10109923SABINOM,2025-07-24,117853,1,1,0,100.0
10109923SABINOM_2025-07-24_G40,10109923SABINOM,2025-07-24,111569,1,2,0,656.0
10109923SABINOM_2025-07-24_G41,10109923SABINOM,2025-07-24,111430,1,8,0,44.0
10109923SABINOM_2025-07-24_G42,10109923SABINOM,2025-07-24,100334,1,1,0,63.0
10109923SABINOM_2025-07-24_G43,10109923SABINOM,2025-07-24,160057,1,1,0,72.0
10109923SABINOM_2025-07-24_G44,10109923SABINOM,2025-07-24,111467,1,6,0,79.0
10109923SABINOM_2025-07-24_G45,10109923SABINOM,2025-07-24,111466,1,10,0,200.0
10109923SABINOM_2025-07-24_G46,10109923SABINOM,2025-07-24,109645,1,8,0,110.0
10109923SABINOM_2025-07-24_G47,10109923SABINOM,2025-07-24,116241,1,2,0,107.0
10109923SABINOM_2025-07-24_G48,10109923SABINOM,2025-07-24,110325,1,4,0,48.0
10109923SABINOM_2025-07-24_G49,10109923SABINOM,2025-07-24,117820,1,9,0,104.0
10109923SABINOM_2025-07-24_G50,10109923SABINOM,2025-07-24,117808,1,20,0,207.0
10109923SABINOM_2025-07-24_G51,10109923SABINOM,2025-07-24,117787,1,1,0,122.0
10109923SABINOM_2025-07-24_G52,10109923SABINOM,2025-07-24,110374,1,20,0,127.0
10109923SABINOM_2025-07-24_G53,10109923SABINOM,2025-07-24,110373,1,50,0,296.0
10109923SABINOM_2025-07-24_G54,10109923SABINOM,2025-07-24,117855,1,10,0,95.0
10109923SABINOM_2025-07-24_G56,10109923SABINOM,2025-07-24,111569,1,4,0,32.0
10109923SABINOM_2025-07-24_G57,10109923SABINOM,2025-07-24,"110755, 110747",2,11,14,150.0
10109923SABINOM_2025-07-24_G58,10109923SABINOM,2025-07-24,111438,1,6,0,61.0
10109923SABINOM_2025-07-24_G59,10109923SABINOM,2025-07-24,108759,1,2,0,81.0
10109923SABINOM_2025-07-24_G60,10109923SABINOM,2025-07-24,118306,1,2,0,54.0
10109923SABINOM_2025-07-24_G61,10109923SABINOM,2025-07-24,110623,1,4,0,76.0
10109923SABINOM_2025-07-24_G62,10109923SABINOM,2025-07-24,111660,1,4,0,243.0
10109923SABINOM_2025-07-24_G63,10109923SABINOM,2025-07-24,118222,1,2,0,319.0
10109923SABINOM_2025-07-24_G64,10109923SABINOM,2025-07-24,100334,1,10,0,335.0
10109923SABINOM_2025-07-24_G65,10109923SABINOM,2025-07-24,111441,1,12,0,231.0
10109923SABINOM_2025-07-24_G66,10109923SABINOM,2025-07-24,117809,1,39,0,247.0
10109923SABINOM_2025-07-24_G67,10109923SABINOM,2025-07-24,110374,1,20,0,89.0
10109923SABINOM_2025-07-24_G68,10109923SABINOM,2025-07-24,107830,1,4,0,72.0
10109923SABINOM_2025-07-24_G69,10109923SABINOM,2025-07-24,118299,1,116,0,286.0
10109923SABINOM_2025-07-24_G70,10109923SABINOM,2025-07-24,110371,1,62,0,543.0
10109923SABINOM_2025-07-24_G71,10109923SABINOM,2025-07-24,109643,1,24,0,148.0
10109923SABINOM_2025-07-24_G72,10109923SABINOM,2025-07-24,110372,1,122,0,235.0
10109923SABINOM_2025-07-24_G73,10109923SABINOM,2025-07-24,110373,1,33,0,423.0
10109923SABINOM_2025-07-25_G02,10109923SABINOM,2025-07-25,111172,1,2,0,330.0
10109923SABINOM_2025-07-25_G03,10109923SABINOM,2025-07-25,105705,1,1,0,138.0
10109923SABINOM_2025-07-25_G04,10109923SABINOM,2025-07-25,109645,1,4,0,96.0
10109923SABINOM_2025-07-25_G05,10109923SABINOM,2025-07-25,117787,1,2,0,105.0
10109923SABINOM_2025-07-25_G06,10109923SABINOM,2025-07-25,111468,1,2,0,50.0
10109923SABINOM_2025-07-25_G07,10109923SABINOM,2025-07-25,110339,1,8,0,306.0
10109923SABINOM_2025-07-25_G08,10109923SABINOM,2025-07-25,117837,1,6,0,129.0
10109923SABINOM_2025-07-25_G09,10109923SABINOM,2025-07-25,141047,1,4,0,287.0
10109923SABINOM_2025-07-25_G10,10109923SABINOM,2025-07-25,110515,1,10,0,154.0
10109923SABINOM_2025-07-25_G11,10109923SABINOM,2025-07-25,117856,1,6,0,116.0
10109923SABINOM_2025-07-25_G12,10109923SABINOM,2025-07-25,111172,1,9,0,676.0
10109923SABINOM_2025-07-25_G13,10109923SABINOM,2025-07-25,111466,1,20,0,149.0
10109923SABINOM_2025-07-25_G14,10109923SABINOM,2025-07-25,111532,1,20,0,70.0
10109923SABINOM_2025-07-25_G15,10109923SABINOM,2025-07-25,109641,1,4,0,236.0
10109923SABINOM_2025-07-25_G16,10109923SABINOM,2025-07-25,141823,1,20,0,1916.0
10109923SABINOM_2025-07-25_G17,10109923SABINOM,2025-07-25,117809,1,20,0,560.0
10109923SABINOM_2025-07-25_G18,10109923SABINOM,2025-07-25,141823,1,7,0,278.0
10109923SABINOM_2025-07-25_G19,10109923SABINOM,2025-07-25,141202,1,2,0,122.0
10109923SABINOM_2025-07-25_G20,10109923SABINOM,2025-07-25,110895,1,2,0,483.0
10109923SABINOM_2025-07-25_G21,10109923SABINOM,2025-07-25,110339,1,2,0,280.0
10109923SABINOM_2025-07-25_G22,10109923SABINOM,2025-07-25,117853,1,2,0,106.0
10109923SABINOM_2025-07-25_G23,10109923SABINOM,2025-07-25,111602,1,2,0,110.0
10109923SABINOM_2025-07-25_G24,10109923SABINOM,2025-07-25,105242,1,2,0,276.0
10109923SABINOM_2025-07-25_G25,10109923SABINOM,2025-07-25,111530,1,3,0,166.0
10109923SABINOM_2025-07-25_G26,10109923SABINOM,2025-07-25,105705,1,2,0,157.0
10109923SABINOM_2025-07-25_G27,10109923SABINOM,2025-07-25,140922,1,4,0,55.0
10109923SABINOM_2025-07-25_G28,10109923SABINOM,2025-07-25,108711,1,2,0,122.0
10109923SABINOM_2025-07-25_G29,10109923SABINOM,2025-07-25,117838,1,4,0,81.0
10109923SABINOM_2025-07-25_G30,10109923SABINOM,2025-07-25,111466,1,2,0,60.0
10109923SABINOM_2025-07-25_G31,10109923SABINOM,2025-07-25,117821,1,2,0,284.0
10109923SABINOM_2025-07-25_G32,10109923SABINOM,2025-07-25,110745,1,4,0,79.0
10109923SABINOM_2025-07-25_G33,10109923SABINOM,2025-07-25,111469,1,2,0,627.0
10109923SABINOM_2025-07-25_G34,10109923SABINOM,2025-07-25,109643,1,2,0,102.0
10109923SABINOM_2025-07-25_G35,10109923SABINOM,2025-07-25,117830,1,6,0,49.0
10109923SABINOM_2025-07-25_G36,10109923SABINOM,2025-07-25,117809,1,2,0,70.0
10109923SABINOM_2025-07-25_G37,10109923SABINOM,2025-07-25,110376,1,2,0,141.0
10109923SABINOM_2025-07-25_G38,10109923SABINOM,2025-07-25,110373,1,4,0,392.0
10109923SABINOM_2025-07-25_G39,10109923SABINOM,2025-07-25,117820,1,2,0,119.0
10109923SABINOM_2025-07-25_G40,10109923SABINOM,2025-07-25,117808,1,1,0,97.0
10109923SABINOM_2025-07-25_G41,10109923SABINOM,2025-07-25,107629,1,2,0,823.0
10109923SABINOM_2025-07-25_G42,10109923SABINOM,2025-07-25,117786,1,2,0,180.0
10109923SABINOM_2025-07-25_G43,10109923SABINOM,2025-07-25,"117837, 110313",2,4,11,176.0
10109923SABINOM_2025-07-25_G44,10109923SABINOM,2025-07-25,111467,1,2,0,98.0
10109923SABINOM_2025-07-25_G45,10109923SABINOM,2025-07-25,"111602, 110515",2,3,27,89.0
10109923SABINOM_2025-07-25_G46,10109923SABINOM,2025-07-25,111530,1,3,0,76.0
10109923SABINOM_2025-07-25_G47,10109923SABINOM,2025-07-25,140922,1,4,0,233.0
10109923SABINOM_2025-07-25_G48,10109923SABINOM,2025-07-25,117838,1,2,0,126.0
10109923SABINOM_2025-07-25_G49,10109923SABINOM,2025-07-25,111466,1,6,0,77.0
10109923SABINOM_2025-07-25_G50,10109923SABINOM,2025-07-25,110745,1,4,0,305.0
10109923SABINOM_2025-07-25_G51,10109923SABINOM,2025-07-25,111469,1,4,0,170.0
10109923SABINOM_2025-07-25_G52,10109923SABINOM,2025-07-25,111463,1,6,0,351.0
10109923SABINOM_2025-07-25_G53,10109923SABINOM,2025-07-25,110325,1,4,0,289.0
10109923SABINOM_2025-07-25_G54,10109923SABINOM,2025-07-25,109643,1,2,0,120.0
10109923SABINOM_2025-07-25_G55,10109923SABINOM,2025-07-25,"117832, 117809",2,4,6,48.0
10109923SABINOM_2025-07-25_G56,10109923SABINOM,2025-07-25,110374,1,2,0,86.0
10109923SABINOM_2025-07-25_G57,10109923SABINOM,2025-07-25,117820,1,4,0,180.0
10109923SABINOM_2025-07-25_G58,10109923SABINOM,2025-07-25,117808,1,1,0,70.0
10109923SABINOM_2025-07-25_G59,10109923SABINOM,2025-07-25,110339,1,1,0,268.0
10109923SABINOM_2025-07-25_G60,10109923SABINOM,2025-07-25,117837,1,2,0,65.0
10109923SABINOM_2025-07-25_G61,10109923SABINOM,2025-07-25,117855,1,2,0,130.0
10109923SABINOM_2025-07-25_G62,10109923SABINOM,2025-07-25,111602,1,2,0,72.0
10109923SABINOM_2025-07-25_G63,10109923SABINOM,2025-07-25,110515,1,1,0,32.0
10109923SABINOM_2025-07-25_G64,10109923SABINOM,2025-07-25,117935,1,1,0,41.0
10109923SABINOM_2025-07-25_G65,10109923SABINOM,2025-07-25,111530,1,4,0,71.0
10109923SABINOM_2025-07-25_G66,10109923SABINOM,2025-07-25,117856,1,2,0,92.0
10109923SABINOM_2025-07-25_G67,10109923SABINOM,2025-07-25,140922,1,2,0,154.0
10109923SABINOM_2025-07-25_G68,10109923SABINOM,2025-07-25,111418,1,4,0,38.0
10109923SABINOM_2025-07-25_G69,10109923SABINOM,2025-07-25,108711,1,1,0,71.0
10109923SABINOM_2025-07-25_G70,10109923SABINOM,2025-07-25,111466,1,4,0,46.0
10109923SABINOM_2025-07-25_G71,10109923SABINOM,2025-07-25,117821,1,2,0,203.0
10109923SABINOM_2025-07-25_G72,10109923SABINOM,2025-07-25,111462,1,2,0,67.0
10109923SABINOM_2025-07-25_G73,10109923SABINOM,2025-07-25,117785,1,1,0,103.0
10109923SABINOM_2025-07-25_G74,10109923SABINOM,2025-07-25,110740,1,2,0,106.0
10109923SABINOM_2025-07-25_G75,10109923SABINOM,2025-07-25,111468,1,4,0,42.0
10109923SABINOM_2025-07-25_G76,10109923SABINOM,2025-07-25,111463,1,2,0,101.0
10109923SABINOM_2025-07-25_G78,10109923SABINOM,2025-07-25,110313,1,1,0,148.0
10109923SABINOM_2025-07-25_G79,10109923SABINOM,2025-07-25,110711,1,4,0,92.0
10109923SABINOM_2025-07-25_G80,10109923SABINOM,2025-07-25,110515,1,6,0,175.0
10109923SABINOM_2025-07-25_G81,10109923SABINOM,2025-07-25,111469,1,12,0,441.0
10109923SABINOM_2025-07-26_G02,10109923SABINOM,2025-07-26,141823,3,20,20,882.0
10109923SABINOM_2025-07-26_G03,10109923SABINOM,2025-07-26,118223,1,6,0,232.0
10109923SABINOM_2025-07-26_G04,10109923SABINOM,2025-07-26,111466,1,40,0,922.0
10109923SABINOM_2025-07-26_G05,10109923SABINOM,2025-07-26,111433,2,21,8,233.0
10109923SABINOM_2025-07-26_G06,10109923SABINOM,2025-07-26,160055,1,4,0,861.0
10109923SABINOM_2025-07-26_G07,10109923SABINOM,2025-07-26,110742,1,5,0,222.0
10109923SABINOM_2025-07-26_G08,10109923SABINOM,2025-07-26,111569,1,8,0,102.0
10109923SABINOM_2025-07-26_G09,10109923SABINOM,2025-07-26,111438,1,2,0,566.0
10109923SABINOM_2025-07-26_G10,10109923SABINOM,2025-07-26,111441,1,2,0,340.0
10109923SABINOM_2025-07-26_G11,10109923SABINOM,2025-07-26,111655,1,2,0,125.0
10109923SABINOM_2025-07-26_G12,10109923SABINOM,2025-07-26,100334,1,2,0,74.0
10109923SABINOM_2025-07-26_G13,10109923SABINOM,2025-07-26,160057,1,2,0,97.0
10109923SABINOM_2025-07-26_G14,10109923SABINOM,2025-07-26,116527,1,3,0,87.0
10109923SABINOM_2025-07-26_G15,10109923SABINOM,2025-07-26,118290,1,2,0,346.0
10109923SABINOM_2025-07-26_G16,10109923SABINOM,2025-07-26,117854,1,2,0,274.0
10109923SABINOM_2025-07-26_G17,10109923SABINOM,2025-07-26,118094,1,8,0,99.0
10109923SABINOM_2025-07-26_G18,10109923SABINOM,2025-07-26,117837,1,2,0,135.0
10109923SABINOM_2025-07-26_G19,10109923SABINOM,2025-07-26,117861,1,1,0,175.0
10109923SABINOM_2025-07-26_G20,10109923SABINOM,2025-07-26,111602,1,4,0,60.0
10109923SABINOM_2025-07-26_G21,10109923SABINOM,2025-07-26,108361,1,2,0,79.0
10109923SABINOM_2025-07-26_G22,10109923SABINOM,2025-07-26,110752,1,3,0,115.0
10109923SABINOM_2025-07-26_G23,10109923SABINOM,2025-07-26,141202,1,1,0,308.0
10109923SABINOM_2025-07-26_G24,10109923SABINOM,2025-07-26,110325,1,8,0,205.0
10109923SABINOM_2025-07-26_G25,10109923SABINOM,2025-07-26,117808,1,100,0,756.0
10109923SABINOM_2025-07-26_G26,10109923SABINOM,2025-07-26,110372,1,70,0,108.0
10109923SABINOM_2025-07-26_G27,10109923SABINOM,2025-07-26,118299,1,50,0,51.0
10109923SABINOM_2025-07-26_G28,10109923SABINOM,2025-07-26,110747,1,2,0,925.0
10109923SABINOM_2025-07-26_G29,10109923SABINOM,2025-07-26,111530,4,90,26,207.0
10109923SABINOM_2025-07-26_G30,10109923SABINOM,2025-07-26,117862,1,20,0,44.0
10109923SABINOM_2025-07-26_G31,10109923SABINOM,2025-07-26,117855,2,24,8,38.0
10109923SABINOM_2025-07-26_G32,10109923SABINOM,2025-07-26,110515,1,20,0,34.0
10109923SABINOM_2025-07-26_G33,10109923SABINOM,2025-07-26,110515,1,20,0,1300.0
10109923SABINOM_2025-07-26_G34,10109923SABINOM,2025-07-26,118222,1,30,0,763.0
10109923SABINOM_2025-07-26_G35,10109923SABINOM,2025-07-26,118222,1,80,0,118.0
10109923SABINOM_2025-07-26_G36,10109923SABINOM,2025-07-26,117835,1,42,0,1070.0
10109923SABINOM_2025-07-26_G38,10109923SABINOM,2025-07-26,117785,1,2,0,290.0
10109923SABINOM_2025-07-26_G39,10109923SABINOM,2025-07-26,117820,1,2,0,115.0
10109923SABINOM_2025-07-26_G40,10109923SABINOM,2025-07-26,118299,1,6,0,81.0
10109923SABINOM_2025-07-26_G41,10109923SABINOM,2025-07-26,117808,1,17,0,191.0
10109923SABINOM_2025-07-26_G42,10109923SABINOM,2025-07-26,111330,1,16,0,415.0
10109923SABINOM_2025-07-26_G43,10109923SABINOM,2025-07-26,111330,1,4,0,79.0
10109923SABINOM_2025-07-26_G44,10109923SABINOM,2025-07-26,111182,1,16,0,451.0
10109923SABINOM_2025-07-26_G45,10109923SABINOM,2025-07-26,111330,1,16,0,42.0
10109923SABINOM_2025-07-26_G46,10109923SABINOM,2025-07-26,160057,1,4,0,184.0
10109923SABINOM_2025-07-26_G47,10109923SABINOM,2025-07-26,160051,1,6,0,118.0
10109923SABINOM_2025-07-26_G48,10109923SABINOM,2025-07-26,111330,1,8,0,304.0
10109923SABINOM_2025-07-26_G49,10109923SABINOM,2025-07-26,111463,1,2,0,164.0
10109923SABINOM_2025-07-26_G50,10109923SABINOM,2025-07-26,110740,1,30,0,717.0
10109923SABINOM_2025-07-26_G51,10109923SABINOM,2025-07-26,107830,1,800,0,72.0
10109923SABINOM_2025-07-26_G52,10109923SABINOM,2025-07-26,118191,1,600,0,1819.0
10109923SABINOM_2025-07-28_G02,10109923SABINOM,2025-07-28,110733,1,2,0,264.0
10109923SABINOM_2025-07-28_G03,10109923SABINOM,2025-07-28,117808,1,9,0,261.0
10109923SABINOM_2025-07-28_G04,10109923SABINOM,2025-07-28,110325,1,1,0,124.0
10109923SABINOM_2025-07-28_G05,10109923SABINOM,2025-07-28,117830,1,1,0,36.0
10109923SABINOM_2025-07-28_G06,10109923SABINOM,2025-07-28,110747,1,2,0,153.0
10109923SABINOM_2025-07-28_G07,10109923SABINOM,2025-07-28,103149,1,1,0,650.0
10109923SABINOM_2025-07-28_G08,10109923SABINOM,2025-07-28,111530,1,16,0,1079.0
10109923SABINOM_2025-07-28_G09,10109923SABINOM,2025-07-28,110373,1,10,0,143.0
10109923SABINOM_2025-07-28_G10,10109923SABINOM,2025-07-28,110371,1,10,0,216.0
10109923SABINOM_2025-07-28_G11,10109923SABINOM,2025-07-28,117862,1,4,0,254.0
10109923SABINOM_2025-07-28_G12,10109923SABINOM,2025-07-28,111467,1,2,0,184.0
10109923SABINOM_2025-07-28_G13,10109923SABINOM,2025-07-28,110740,1,12,0,1631.0
10109923SABINOM_2025-07-28_G14,10109923SABINOM,2025-07-28,141456,1,8,0,354.0
10109923SABINOM_2025-07-28_G15,10109923SABINOM,2025-07-28,111532,1,1,0,460.0
10109923SABINOM_2025-07-28_G16,10109923SABINOM,2025-07-28,111441,1,20,0,558.0
10109923SABINOM_2025-07-28_G17,10109923SABINOM,2025-07-28,111443,1,12,0,131.0
10109923SABINOM_2025-07-28_G18,10109923SABINOM,2025-07-28,110733,1,1,0,377.0
10109923SABINOM_2025-07-28_G19,10109923SABINOM,2025-07-28,110787,1,1,0,160.0
10109923SABINOM_2025-07-28_G20,10109923SABINOM,2025-07-28,"117830, 118299",2,2,13,54.0
10109923SABINOM_2025-07-28_G21,10109923SABINOM,2025-07-28,"110371, 110373",2,6,9,366.0
10109923SABINOM_2025-07-28_G22,10109923SABINOM,2025-07-28,110313,1,4,0,3546.0
10109923SABINOM_2025-07-28_G23,10109923SABINOM,2025-07-28,110895,1,1,0,251.0
10109923SABINOM_2025-07-28_G24,10109923SABINOM,2025-07-28,110787,1,2,0,84.0
10109923SABINOM_2025-07-28_G25,10109923SABINOM,2025-07-28,111532,1,4,0,116.0
10109923SABINOM_2025-07-28_G26,10109923SABINOM,2025-07-28,110787,1,3,0,127.0
10109923SABINOM_2025-07-28_G27,10109923SABINOM,2025-07-28,110580,1,1,0,184.0
10109923SABINOM_2025-07-28_G28,10109923SABINOM,2025-07-28,111850,1,4,0,1279.0
10109923SABINOM_2025-07-28_G29,10109923SABINOM,2025-07-28,110895,1,2,0,107.0
10109923SABINOM_2025-07-28_G30,10109923SABINOM,2025-07-28,110733,1,7,0,158.0
10109923SABINOM_2025-07-28_G31,10109923SABINOM,2025-07-28,118094,1,2,0,135.0
10109923SABINOM_2025-07-28_G32,10109923SABINOM,2025-07-28,117862,1,4,0,87.0
10109923SABINOM_2025-07-28_G33,10109923SABINOM,2025-07-28,111602,1,4,0,94.0
10109923SABINOM_2025-07-28_G34,10109923SABINOM,2025-07-28,141456,1,20,0,172.0
10109923SABINOM_2025-07-28_G35,10109923SABINOM,2025-07-28,117838,1,4,0,119.0
10109923SABINOM_2025-07-28_G36,10109923SABINOM,2025-07-28,110787,2,8,6,96.0
10109923SABINOM_2025-07-28_G37,10109923SABINOM,2025-07-28,117831,1,1,0,96.0
10109923SABINOM_2025-07-28_G38,10109923SABINOM,2025-07-28,111532,1,2,0,106.0
10109923SABINOM_2025-07-28_G39,10109923SABINOM,2025-07-28,110748,1,1,0,96.0
10109923SABINOM_2025-07-28_G40,10109923SABINOM,2025-07-28,117832,1,1,0,114.0
10109923SABINOM_2025-07-28_G41,10109923SABINOM,2025-07-28,118299,1,7,0,466.0
10109923SABINOM_2025-07-28_G42,10109923SABINOM,2025-07-28,117808,1,9,0,154.0
10109923SABINOM_2025-07-28_G44,10109923SABINOM,2025-07-28,110339,1,8,0,123.0
10109923SABINOM_2025-07-28_G45,10109923SABINOM,2025-07-28,141456,1,32,0,197.0
10109923SABINOM_2025-07-28_G46,10109923SABINOM,2025-07-28,108711,1,8,0,117.0
10109923SABINOM_2025-07-28_G47,10109923SABINOM,2025-07-28,110787,1,4,0,93.0
10109923SABINOM_2025-07-28_G48,10109923SABINOM,2025-07-28,111850,1,4,0,424.0
10109923SABINOM_2025-07-28_G49,10109923SABINOM,2025-07-28,110895,1,2,0,68.0
10109923SABINOM_2025-07-28_G50,10109923SABINOM,2025-07-28,111876,1,2,0,493.0
10109923SABINOM_2025-07-28_G51,10109923SABINOM,2025-07-28,118094,1,2,0,144.0
10109923SABINOM_2025-07-28_G52,10109923SABINOM,2025-07-28,117862,1,4,0,97.0
10109923SABINOM_2025-07-28_G53,10109923SABINOM,2025-07-28,111602,1,4,0,97.0
10109923SABINOM_2025-07-28_G54,10109923SABINOM,2025-07-28,117935,1,2,0,66.0
10109923SABINOM_2025-07-28_G55,10109923SABINOM,2025-07-28,111530,1,2,0,73.0
10109923SABINOM_2025-07-28_G56,10109923SABINOM,2025-07-28,110129,1,2,0,706.0
10109923SABINOM_2025-07-28_G57,10109923SABINOM,2025-07-28,117838,1,4,0,124.0
10109923SABINOM_2025-07-28_G58,10109923SABINOM,2025-07-28,110787,1,4,0,168.0
10109923SABINOM_2025-07-28_G59,10109923SABINOM,2025-07-28,117821,1,2,0,116.0
10109923SABINOM_2025-07-28_G60,10109923SABINOM,2025-07-28,111532,1,2,0,83.0
10109923SABINOM_2025-07-28_G61,10109923SABINOM,2025-07-28,109641,1,4,0,40.0
10109923SABINOM_2025-07-28_G62,10109923SABINOM,2025-07-28,"110748, 117787",2,7,19,138.0
10109923SABINOM_2025-07-28_G63,10109923SABINOM,2025-07-28,141823,1,4,0,186.0
10109923SABINOM_2025-07-28_G64,10109923SABINOM,2025-07-28,111468,1,4,0,108.0
10109923SABINOM_2025-07-28_G65,10109923SABINOM,2025-07-28,117856,1,8,0,307.0
10109923SABINOM_2025-07-28_G66,10109923SABINOM,2025-07-28,117832,1,1,0,75.0
10109923SABINOM_2025-07-28_G67,10109923SABINOM,2025-07-28,117809,1,6,0,43.0
10109923SABINOM_2025-07-28_G68,10109923SABINOM,2025-07-28,141456,1,48,0,572.0
10109923SABINOM_2025-07-28_G69,10109923SABINOM,2025-07-28,141456,1,8,0,55.0
10109923SABINOM_2025-07-28_G70,10109923SABINOM,2025-07-28,111434,1,4,0,370.0
10109923SABINOM_2025-07-28_G71,10109923SABINOM,2025-07-28,110787,1,6,0,54.0
10109923SABINOM_2025-07-28_G72,10109923SABINOM,2025-07-28,117935,1,1,0,127.0
10109923SABINOM_2025-07-28_G73,10109923SABINOM,2025-07-28,111330,1,26,0,258.0
10109923SABINOM_2025-07-28_G74,10109923SABINOM,2025-07-28,110787,1,21,0,296.0
10109923SABINOM_2025-07-29_G02,10109923SABINOM,2025-07-29,141457,1,12,0,566.0
10109923SABINOM_2025-07-29_G03,10109923SABINOM,2025-07-29,141458,1,20,0,146.0
10109923SABINOM_2025-07-29_G04,10109923SABINOM,2025-07-29,111532,1,4,0,253.0
10109923SABINOM_2025-07-29_G05,10109923SABINOM,2025-07-29,111532,1,4,0,236.0
10109923SABINOM_2025-07-29_G06,10109923SABINOM,2025-07-29,111530,1,8,0,371.0
10109923SABINOM_2025-07-29_G07,10109923SABINOM,2025-07-29,141456,1,32,0,431.0
10109923SABINOM_2025-07-29_G08,10109923SABINOM,2025-07-29,141457,1,80,0,796.0
10109923SABINOM_2025-07-29_G09,10109923SABINOM,2025-07-29,141458,1,40,0,1835.0
10109923SABINOM_2025-07-29_G10,10109923SABINOM,2025-07-29,110374,1,4,0,1032.0
10109923SABINOM_2025-07-29_G11,10109923SABINOM,2025-07-29,111469,1,4,0,120.0
10109923SABINOM_2025-07-29_G12,10109923SABINOM,2025-07-29,118290,1,3,0,547.0
10109923SABINOM_2025-07-29_G13,10109923SABINOM,2025-07-29,111418,1,400,0,1031.0
10109923SABINOM_2025-07-29_G14,10109923SABINOM,2025-07-29,108711,1,300,0,1246.0
10109923SABINOM_2025-07-29_G15,10109923SABINOM,2025-07-29,111466,1,200,0,334.0
10109923SABINOM_2025-07-29_G16,10109923SABINOM,2025-07-29,111462,1,500,0,691.0
10109923SABINOM_2025-07-29_G17,10109923SABINOM,2025-07-29,111469,1,100,0,1206.0
10109923SABINOM_2025-07-29_G18,10109923SABINOM,2025-07-29,118290,1,4,0,1175.0
10109923SABINOM_2025-07-29_G19,10109923SABINOM,2025-07-29,117855,1,14,0,512.0
10109923SABINOM_2025-07-29_G20,10109923SABINOM,2025-07-29,111602,1,20,0,155.0
10109923SABINOM_2025-07-29_G21,10109923SABINOM,2025-07-29,111530,1,11,0,256.0
10109923SABINOM_2025-07-29_G22,10109923SABINOM,2025-07-29,141456,1,80,0,584.0
10109923SABINOM_2025-07-29_G23,10109923SABINOM,2025-07-29,141457,1,60,0,424.0
10109923SABINOM_2025-07-29_G24,10109923SABINOM,2025-07-29,118299,1,3,0,567.0
10109923SABINOM_2025-07-29_G25,10109923SABINOM,2025-07-29,141458,1,60,0,638.0
10109923SABINOM_2025-07-29_G26,10109923SABINOM,2025-07-29,117832,1,2,0,538.0
10109923SABINOM_2025-07-29_G27,10109923SABINOM,2025-07-29,110371,2,14,7,142.0
10109923SABINOM_2025-07-29_G28,10109923SABINOM,2025-07-29,141456,1,20,0,103.0
10109923SABINOM_2025-07-29_G29,10109923SABINOM,2025-07-29,111469,1,2,0,143.0
10109923SABINOM_2025-07-29_G30,10109923SABINOM,2025-07-29,111462,2,6,5,105.0
10109923SABINOM_2025-07-29_G31,10109923SABINOM,2025-07-29,111465,1,4,0,158.0
10109923SABINOM_2025-07-29_G32,10109923SABINOM,2025-07-29,141458,1,50,0,581.0
10109923SABINOM_2025-07-29_G33,10109923SABINOM,2025-07-29,141457,1,40,0,278.0
10109923SABINOM_2025-07-29_G34,10109923SABINOM,2025-07-29,141457,1,12,0,131.0
10109923SABINOM_2025-07-29_G35,10109923SABINOM,2025-07-29,141458,1,12,0,239.0
10109923SABINOM_2025-07-29_G36,10109923SABINOM,2025-07-29,141456,1,12,0,47.0
10109923SABINOM_2025-07-29_G37,10109923SABINOM,2025-07-29,"109640, 118290",3,12,20,278.0
10109923SABINOM_2025-07-29_G38,10109923SABINOM,2025-07-29,141457,1,100,0,877.0
10109923SABINOM_2025-07-29_G40,10109923SABINOM,2025-07-29,141458,1,140,0,738.0
10109923SABINOM_2025-07-29_G41,10109923SABINOM,2025-07-29,110372,1,107,0,1596.0
10109923SABINOM_2025-07-29_G42,10109923SABINOM,2025-07-29,110372,1,203,0,441.0
10109923SABINOM_2025-07-30_G02,10109923SABINOM,2025-07-30,110313,1,8,0,657.0
10109923SABINOM_2025-07-30_G03,10109923SABINOM,2025-07-30,111442,1,7,0,248.0
10109923SABINOM_2025-07-30_G04,10109923SABINOM,2025-07-30,109641,1,5,0,476.0
10109923SABINOM_2025-07-30_G05,10109923SABINOM,2025-07-30,118223,1,2,0,146.0
10109923SABINOM_2025-07-30_G06,10109923SABINOM,2025-07-30,111442,1,4,0,353.0
10109923SABINOM_2025-07-30_G07,10109923SABINOM,2025-07-30,118222,1,2,0,216.0
10109923SABINOM_2025-07-30_G08,10109923SABINOM,2025-07-30,111660,1,3,0,171.0
10109923SABINOM_2025-07-30_G09,10109923SABINOM,2025-07-30,118290,1,6,0,335.0
10109923SABINOM_2025-07-30_G10,10109923SABINOM,2025-07-30,110582,1,4,0,167.0
10109923SABINOM_2025-07-30_G11,10109923SABINOM,2025-07-30,111530,1,6,0,294.0
10109923SABINOM_2025-07-30_G12,10109923SABINOM,2025-07-30,141457,1,80,0,327.0
10109923SABINOM_2025-07-30_G13,10109923SABINOM,2025-07-30,141458,1,12,0,1888.0
10109923SABINOM_2025-07-30_G14,10109923SABINOM,2025-07-30,110787,1,8,0,799.0
10109923SABINOM_2025-07-30_G15,10109923SABINOM,2025-07-30,118299,1,6,0,71.0
10109923SABINOM_2025-07-30_G16,10109923SABINOM,2025-07-30,117785,1,3,0,968.0
10109923SABINOM_2025-07-30_G17,10109923SABINOM,2025-07-30,111530,2,6,5,234.0
10109923SABINOM_2025-07-30_G18,10109923SABINOM,2025-07-30,110747,1,3,0,590.0
10109923SABINOM_2025-07-30_G19,10109923SABINOM,2025-07-30,109647,1,5,0,185.0
10109923SABINOM_2025-07-30_G20,10109923SABINOM,2025-07-30,109640,1,2,0,112.0
10109923SABINOM_2025-07-30_G21,10109923SABINOM,2025-07-30,110373,1,2,0,239.0
10109923SABINOM_2025-07-30_G22,10109923SABINOM,2025-07-30,118418,1,4,0,206.0
10109923SABINOM_2025-07-30_G23,10109923SABINOM,2025-07-30,111602,1,8,0,557.0
10109923SABINOM_2025-07-30_G24,10109923SABINOM,2025-07-30,117830,2,10,13,573.0
10109923SABINOM_2025-07-30_G25,10109923SABINOM,2025-07-30,141457,1,12,0,545.0
10109923SABINOM_2025-07-30_G26,10109923SABINOM,2025-07-30,110740,1,6,0,485.0
10109923SABINOM_2025-07-30_G27,10109923SABINOM,2025-07-30,111463,1,8,0,298.0
10109923SABINOM_2025-07-30_G28,10109923SABINOM,2025-07-30,141458,1,120,0,301.0
10109923SABINOM_2025-07-30_G29,10109923SABINOM,2025-07-30,118299,1,70,0,1299.0
10109923SABINOM_2025-07-30_G30,10109923SABINOM,2025-07-30,111172,1,6,0,79.0
10109923SABINOM_2025-07-30_G31,10109923SABINOM,2025-07-30,111466,1,1,0,72.0
10109923SABINOM_2025-07-30_G32,10109923SABINOM,2025-07-30,140922,1,6,0,140.0
10109923SABINOM_2025-07-30_G33,10109923SABINOM,2025-07-30,111462,1,4,0,208.0
10109923SABINOM_2025-07-30_G34,10109923SABINOM,2025-07-30,117785,1,4,0,93.0
10109923SABINOM_2025-07-30_G35,10109923SABINOM,2025-07-30,118094,1,1,0,105.0
10109923SABINOM_2025-07-30_G36,10109923SABINOM,2025-07-30,117808,1,217,0,1555.0
10109923SABINOM_2025-07-30_G37,10109923SABINOM,2025-07-30,117808,1,208,0,50.0
10109923SABINOM_2025-07-30_G38,10109923SABINOM,2025-07-30,117808,1,100,0,271.0
10109923SABINOM_2025-07-30_G39,10109923SABINOM,2025-07-30,117808,1,25,0,37.0
10109923SABINOM_2025-07-30_G40,10109923SABINOM,2025-07-30,110373,1,100,0,308.0
10109923SABINOM_2025-07-30_G41,10109923SABINOM,2025-07-30,118299,1,49,0,208.0
10109923SABINOM_2025-07-30_G42,10109923SABINOM,2025-07-30,117862,1,20,0,349.0
10109923SABINOM_2025-07-30_G43,10109923SABINOM,2025-07-30,111602,1,40,0,175.0
10109923SABINOM_2025-07-30_G44,10109923SABINOM,2025-07-30,110733,1,25,0,405.0
10109923SABINOM_2025-07-30_G45,10109923SABINOM,2025-07-30,110787,1,29,0,1262.0
10109923SABINOM_2025-07-30_G47,10109923SABINOM,2025-07-30,118299,1,4,0,121.0
10109923SABINOM_2025-07-30_G48,10109923SABINOM,2025-07-30,110371,1,20,0,392.0
10109923SABINOM_2025-07-30_G49,10109923SABINOM,2025-07-30,110373,1,11,0,110.0
10109923SABINOM_2025-07-30_G50,10109923SABINOM,2025-07-30,117820,1,4,0,161.0
10109923SABINOM_2025-07-30_G51,10109923SABINOM,2025-07-30,117822,1,4,0,159.0
10109923SABINOM_2025-07-30_G52,10109923SABINOM,2025-07-30,110372,1,17,0,105.0
10109923SABINOM_2025-07-30_G53,10109923SABINOM,2025-07-30,110733,1,4,0,75.0
10109923SABINOM_2025-07-30_G54,10109923SABINOM,2025-07-30,117837,1,2,0,285.0
10109923SABINOM_2025-07-30_G55,10109923SABINOM,2025-07-30,141047,1,2,0,119.0
10109923SABINOM_2025-07-30_G56,10109923SABINOM,2025-07-30,111439,1,2,0,117.0
10109923SABINOM_2025-07-31_G02,10109923SABINOM,2025-07-31,118222,1,80,0,897.0
10109923SABINOM_2025-07-31_G04,10109923SABINOM,2025-07-31,118222,1,26,0,1339.0
10109923SABINOM_2025-07-31_G05,10109923SABINOM,2025-07-31,110339,1,18,0,869.0
10109923SABINOM_2025-07-31_G06,10109923SABINOM,2025-07-31,109640,1,8,0,319.0
10109923SABINOM_2025-07-31_G07,10109923SABINOM,2025-07-31,110515,1,12,0,563.0
10109923SABINOM_2025-07-31_G08,10109923SABINOM,2025-07-31,117855,1,24,0,507.0
10109923SABINOM_2025-07-31_G09,10109923SABINOM,2025-07-31,111602,1,26,0,344.0
10109923SABINOM_2025-07-31_G10,10109923SABINOM,2025-07-31,111743,1,26,0,421.0
10109923SABINOM_2025-07-31_G11,10109923SABINOM,2025-07-31,110743,1,24,0,585.0
10109923SABINOM_2025-07-31_G12,10109923SABINOM,2025-07-31,117821,1,26,0,265.0
10109923SABINOM_2025-07-31_G13,10109923SABINOM,2025-07-31,111532,1,26,0,642.0
10109923SABINOM_2025-07-31_G14,10109923SABINOM,2025-07-31,141202,1,18,0,309.0
10109923SABINOM_2025-07-31_G15,10109923SABINOM,2025-07-31,110372,1,28,0,136.0
10109923SABINOM_2025-07-31_G16,10109923SABINOM,2025-07-31,118299,1,28,0,332.0
10109923SABINOM_2025-07-31_G17,10109923SABINOM,2025-07-31,117808,1,30,0,225.0
10109923SABINOM_2025-07-31_G18,10109923SABINOM,2025-07-31,117830,1,20,0,147.0
10109923SABINOM_2025-07-31_G19,10109923SABINOM,2025-07-31,108794,1,18,0,314.0
10109923SABINOM_2025-07-31_G20,10109923SABINOM,2025-07-31,110371,1,40,0,171.0
10109923SABINOM_2025-07-31_G21,10109923SABINOM,2025-07-31,110740,1,20,0,275.0
10109923SABINOM_2025-07-31_G22,10109923SABINOM,2025-07-31,108711,1,18,0,567.0
10109923SABINOM_2025-07-31_G23,10109923SABINOM,2025-07-31,111418,1,40,0,476.0
10109923SABINOM_2025-07-31_G24,10109923SABINOM,2025-07-31,117836,1,12,0,225.0
10109923SABINOM_2025-07-31_G25,10109923SABINOM,2025-07-31,109640,1,12,0,85.0
10109923SABINOM_2025-07-31_G26,10109923SABINOM,2025-07-31,111182,1,8,0,218.0
10109923SABINOM_2025-07-31_G27,10109923SABINOM,2025-07-31,110515,1,4,0,61.0
10109923SABINOM_2025-07-31_G28,10109923SABINOM,2025-07-31,111463,1,20,0,303.0
10109923SABINOM_2025-08-05_G02,10109923SABINOM,2025-08-05,111437,1,36,0,91.0
10109923SABINOM_2025-08-05_G03,10109923SABINOM,2025-08-05,108772,1,60,0,609.0
10109923SABINOM_2025-08-05_G04,10109923SABINOM,2025-08-05,140922,1,120,0,896.0
10109923SABINOM_2025-08-05_G05,10109923SABINOM,2025-08-05,111431,1,28,0,846.0
10109923SABINOM_2025-08-06_G02,10109923SABINOM,2025-08-06,110742,1,12,0,178.0
10109923SABINOM_2025-08-06_G03,10109923SABINOM,2025-08-06,111569,1,20,0,888.0
10109923SABINOM_2025-08-06_G04,10109923SABINOM,2025-08-06,117834,1,12,0,2741.0
10109923SABINOM_2025-08-06_G05,10109923SABINOM,2025-08-06,111779,1,2,0,441.0
10109923SABINOM_2025-08-06_G06,10109923SABINOM,2025-08-06,108759,1,8,0,83.0
10109923SABINOM_2025-08-06_G07,10109923SABINOM,2025-08-06,110741,1,8,0,1193.0
10109923SABINOM_2025-08-06_G08,10109923SABINOM,2025-08-06,107629,1,8,0,2311.0
10109923SABINOM_2025-08-06_G09,10109923SABINOM,2025-08-06,110339,1,8,0,295.0
10109923SABINOM_2025-08-06_G10,10109923SABINOM,2025-08-06,111602,1,20,0,238.0
10109923SABINOM_2025-08-06_G11,10109923SABINOM,2025-08-06,111530,1,24,0,644.0
10109923SABINOM_2025-08-06_G12,10109923SABINOM,2025-08-06,111467,1,20,0,274.0
10109923SABINOM_2025-08-06_G13,10109923SABINOM,2025-08-06,111466,1,60,0,428.0
10109923SABINOM_2025-08-06_G14,10109923SABINOM,2025-08-06,117833,1,12,0,451.0
10109923SABINOM_2025-08-06_G15,10109923SABINOM,2025-08-06,117831,1,12,0,159.0
10109923SABINOM_2025-08-06_G16,10109923SABINOM,2025-08-06,111418,1,100,0,348.0
10109923SABINOM_2025-08-06_G17,10109923SABINOM,2025-08-06,109645,1,12,0,706.0
10109923SABINOM_2025-08-06_G18,10109923SABINOM,2025-08-06,111462,1,40,0,1026.0
10109923SABINOM_2025-08-06_G19,10109923SABINOM,2025-08-06,110325,1,20,0,214.0
10109923SABINOM_2025-08-06_G20,10109923SABINOM,2025-08-06,160054,1,8,0,107.0
10109923SABINOM_2025-08-06_G21,10109923SABINOM,2025-08-06,110371,1,60,0,748.0
10109923SABINOM_2025-08-06_G22,10109923SABINOM,2025-08-06,107830,1,16,0,124.0
10109923SABINOM_2025-08-06_G23,10109923SABINOM,2025-08-06,110374,1,40,0,564.0
10109923SABINOM_2025-08-06_G24,10109923SABINOM,2025-08-06,117830,1,20,0,85.0
10109923SABINOM_2025-08-06_G25,10109923SABINOM,2025-08-06,110373,1,80,0,373.0
10109923SABINOM_2025-08-06_G26,10109923SABINOM,2025-08-06,117820,1,80,0,291.0
10109923SABINOM_2025-08-06_G28,10109923SABINOM,2025-08-06,110374,1,8,0,145.0
10109923SABINOM_2025-08-06_G29,10109923SABINOM,2025-08-06,111634,1,318,0,1227.0
10109923SABINOM_2025-08-06_G30,10109923SABINOM,2025-08-06,110371,1,6,0,298.0
10109923SABINOM_2025-08-07_G02,10109923SABINOM,2025-08-07,111569,1,1,0,603.0
10109923SABINOM_2025-08-07_G03,10109923SABINOM,2025-08-07,111438,1,13,0,296.0
10109923SABINOM_2025-08-07_G04,10109923SABINOM,2025-08-07,118306,1,3,0,615.0
10109923SABINOM_2025-08-07_G05,10109923SABINOM,2025-08-07,"117835, 108759",2,16,24,64.0
10109923SABINOM_2025-08-07_G06,10109923SABINOM,2025-08-07,110742,1,3,0,372.0
10109923SABINOM_2025-08-07_G07,10109923SABINOM,2025-08-07,108701,1,1,0,681.0
10109923SABINOM_2025-08-07_G08,10109923SABINOM,2025-08-07,141066,1,3,0,2253.0
10109923SABINOM_2025-08-07_G09,10109923SABINOM,2025-08-07,117855,1,11,0,254.0
10109923SABINOM_2025-08-07_G10,10109923SABINOM,2025-08-07,118298,1,7,0,186.0
10109923SABINOM_2025-08-07_G11,10109923SABINOM,2025-08-07,117862,1,7,0,105.0
10109923SABINOM_2025-08-07_G12,10109923SABINOM,2025-08-07,117861,1,7,0,66.0
10109923SABINOM_2025-08-07_G13,10109923SABINOM,2025-08-07,109647,1,2,0,37.0
10109923SABINOM_2025-08-07_G14,10109923SABINOM,2025-08-07,111467,1,11,0,130.0
10109923SABINOM_2025-08-07_G15,10109923SABINOM,2025-08-07,110711,1,3,0,106.0
10109923SABINOM_2025-08-07_G16,10109923SABINOM,2025-08-07,109640,1,2,0,39.0
10109923SABINOM_2025-08-07_G17,10109923SABINOM,2025-08-07,111602,1,16,0,368.0
10109923SABINOM_2025-08-07_G18,10109923SABINOM,2025-08-07,110515,1,19,0,377.0
10109923SABINOM_2025-08-07_G19,10109923SABINOM,2025-08-07,110752,1,1,0,142.0
10109923SABINOM_2025-08-07_G20,10109923SABINOM,2025-08-07,111444,1,2,0,206.0
10109923SABINOM_2025-08-07_G21,10109923SABINOM,2025-08-07,109641,1,10,0,315.0
10109923SABINOM_2025-08-07_G22,10109923SABINOM,2025-08-07,110787,1,10,0,308.0
10109923SABINOM_2025-08-07_G23,10109923SABINOM,2025-08-07,111532,1,18,0,744.0
10109923SABINOM_2025-08-07_G24,10109923SABINOM,2025-08-07,111532,1,3,0,47.0
10109923SABINOM_2025-08-07_G25,10109923SABINOM,2025-08-07,117821,1,12,0,328.0
10109923SABINOM_2025-08-07_G26,10109923SABINOM,2025-08-07,"108711, 111348",2,12,17,128.0
10109923SABINOM_2025-08-07_G27,10109923SABINOM,2025-08-07,111466,1,5,0,35.0
10109923SABINOM_2025-08-07_G28,10109923SABINOM,2025-08-07,111466,1,37,0,42.0
10109923SABINOM_2025-08-07_G29,10109923SABINOM,2025-08-07,111182,1,5,0,103.0
10109923SABINOM_2025-08-07_G30,10109923SABINOM,2025-08-07,117831,2,31,5,78.0
10109923SABINOM_2025-08-07_G31,10109923SABINOM,2025-08-07,111468,1,6,0,285.0
10109923SABINOM_2025-08-07_G32,10109923SABINOM,2025-08-07,109645,1,4,0,51.0
10109923SABINOM_2025-08-07_G33,10109923SABINOM,2025-08-07,111418,1,14,0,1070.0
10109923SABINOM_2025-08-07_G34,10109923SABINOM,2025-08-07,111462,1,24,0,336.0
10109923SABINOM_2025-08-07_G35,10109923SABINOM,2025-08-07,140922,2,31,9,661.0
10109923SABINOM_2025-08-07_G36,10109923SABINOM,2025-08-07,110745,1,4,0,137.0
10109923SABINOM_2025-08-07_G37,10109923SABINOM,2025-08-07,117785,2,14,5,109.0
10109923SABINOM_2025-08-07_G38,10109923SABINOM,2025-08-07,118317,2,3,9,119.0
10109923SABINOM_2025-08-07_G39,10109923SABINOM,2025-08-07,108794,1,3,0,62.0
10109923SABINOM_2025-08-07_G40,10109923SABINOM,2025-08-07,111442,1,3,0,37.0
10109923SABINOM_2025-08-07_G41,10109923SABINOM,2025-08-07,110740,2,3,5,116.0
10109923SABINOM_2025-08-07_G42,10109923SABINOM,2025-08-07,111465,1,18,0,151.0
10109923SABINOM_2025-08-07_G43,10109923SABINOM,2025-08-07,110325,1,6,0,264.0
10109923SABINOM_2025-08-07_G44,10109923SABINOM,2025-08-07,117832,1,1,0,53.0
10109923SABINOM_2025-08-07_G45,10109923SABINOM,2025-08-07,110371,1,8,0,135.0
10109923SABINOM_2025-08-07_G46,10109923SABINOM,2025-08-07,117808,1,26,0,101.0
10109923SABINOM_2025-08-07_G47,10109923SABINOM,2025-08-07,118299,1,4,0,65.0
10109923SABINOM_2025-08-07_G48,10109923SABINOM,2025-08-07,117822,1,1,0,151.0
10109923SABINOM_2025-08-07_G49,10109923SABINOM,2025-08-07,"117830, 110372",2,36,25,128.0
10109923SABINOM_2025-08-07_G50,10109923SABINOM,2025-08-07,110373,1,61,0,352.0
10109923SABINOM_2025-08-07_G51,10109923SABINOM,2025-08-07,110374,1,62,0,603.0
10109923SABINOM_2025-08-07_G52,10109923SABINOM,2025-08-07,109643,1,13,0,207.0
10109923SABINOM_2025-08-07_G54,10109923SABINOM,2025-08-07,117832,1,10,0,229.0
10109923SABINOM_2025-08-07_G55,10109923SABINOM,2025-08-07,110375,1,10,0,603.0
10109923SABINOM_2025-08-07_G56,10109923SABINOM,2025-08-07,110374,1,10,0,119.0
10109923SABINOM_2025-08-07_G57,10109923SABINOM,2025-08-07,141202,1,4,0,216.0
10109923SABINOM_2025-08-07_G58,10109923SABINOM,2025-08-07,117822,1,5,0,66.0
10109923SABINOM_2025-08-07_G59,10109923SABINOM,2025-08-07,111532,1,8,0,741.0
10109923SABINOM_2025-08-07_G60,10109923SABINOM,2025-08-07,117821,1,10,0,74.0
10109923SABINOM_2025-08-07_G61,10109923SABINOM,2025-08-07,108711,1,4,0,58.0
10109923SABINOM_2025-08-07_G62,10109923SABINOM,2025-08-07,111743,1,10,0,88.0
10109923SABINOM_2025-08-07_G63,10109923SABINOM,2025-08-07,117831,1,4,0,216.0
10109923SABINOM_2025-08-07_G64,10109923SABINOM,2025-08-07,118317,1,4,0,55.0
10109923SABINOM_2025-08-07_G65,10109923SABINOM,2025-08-07,141823,1,4,0,48.0
10109923SABINOM_2025-08-07_G66,10109923SABINOM,2025-08-07,140922,1,8,0,89.0
10109923SABINOM_2025-08-08_G02,10109923SABINOM,2025-08-08,117831,1,20,0,385.0
10109923SABINOM_2025-08-08_G03,10109923SABINOM,2025-08-08,117842,1,10,0,512.0
10109923SABINOM_2025-08-08_G04,10109923SABINOM,2025-08-08,111462,1,50,0,2594.0
10109923SABINOM_2025-08-08_G05,10109923SABINOM,2025-08-08,117785,1,50,0,370.0
10109923SABINOM_2025-08-08_G06,10109923SABINOM,2025-08-08,"141458, 117822",2,71,28,470.0
10109923SABINOM_2025-08-08_G07,10109923SABINOM,2025-08-08,141456,1,100,0,553.0
10109923SABINOM_2025-08-08_G08,10109923SABINOM,2025-08-08,110374,1,10,0,1092.0
10109923SABINOM_2025-08-08_G09,10109923SABINOM,2025-08-08,117808,1,180,0,1010.0
10109923SABINOM_2025-08-08_G10,10109923SABINOM,2025-08-08,117820,1,300,0,2023.0
10109923SABINOM_2025-08-08_G11,10109923SABINOM,2025-08-08,140911,1,8,0,2108.0
10109923SABINOM_2025-08-08_G12,10109923SABINOM,2025-08-08,140911,1,16,0,101.0
10109923SABINOM_2025-08-08_G13,10109923SABINOM,2025-08-08,118094,2,20,26,320.0
10109923SABINOM_2025-08-08_G14,10109923SABINOM,2025-08-08,111530,1,2,0,243.0
10109923SABINOM_2025-08-08_G15,10109923SABINOM,2025-08-08,111569,1,12,0,890.0
10109923SABINOM_2025-08-08_G16,10109923SABINOM,2025-08-08,111441,1,8,0,308.0
10109923SABINOM_2025-08-08_G17,10109923SABINOM,2025-08-08,118094,1,2,0,745.0
10109923SABINOM_2025-08-08_G18,10109923SABINOM,2025-08-08,110752,1,2,0,128.0
10109923SABINOM_2025-08-08_G19,10109923SABINOM,2025-08-08,111431,1,8,0,202.0
10109923SABINOM_2025-08-08_G20,10109923SABINOM,2025-08-08,111418,1,5,0,110.0
10109923SABINOM_2025-08-08_G21,10109923SABINOM,2025-08-08,111462,1,11,0,40.0
10109923SABINOM_2025-08-08_G23,10109923SABINOM,2025-08-08,110740,1,10,0,721.0
10109923SABINOM_2025-08-08_G24,10109923SABINOM,2025-08-08,109643,1,12,0,183.0
10109923SABINOM_2025-08-08_G25,10109923SABINOM,2025-08-08,110371,1,4,0,118.0
10109923SABINOM_2025-08-08_G26,10109923SABINOM,2025-08-08,117808,1,15,0,541.0
10109923SABINOM_2025-08-08_G27,10109923SABINOM,2025-08-08,117820,1,15,0,93.0
10109923SABINOM_2025-08-08_G28,10109923SABINOM,2025-08-08,141458,1,4,0,115.0
10109923SABINOM_2025-08-08_G29,10109923SABINOM,2025-08-08,108795,1,4,0,70.0
10109923SABINOM_2025-08-08_G30,10109923SABINOM,2025-08-08,117821,1,4,0,141.0
10109923SABINOM_2025-08-08_G31,10109923SABINOM,2025-08-08,"108711, 140922",2,16,20,398.0
10109923SABINOM_2025-08-08_G32,10109923SABINOM,2025-08-08,111743,1,8,0,128.0
10109923SABINOM_2025-08-08_G33,10109923SABINOM,2025-08-08,117831,1,4,0,69.0
10109923SABINOM_2025-08-08_G34,10109923SABINOM,2025-08-08,111418,1,4,0,82.0
10109923SABINOM_2025-08-08_G35,10109923SABINOM,2025-08-08,107236,1,4,0,89.0
10109923SABINOM_2025-08-08_G36,10109923SABINOM,2025-08-08,117785,1,3,0,42.0
10109923SABINOM_2025-08-08_G37,10109923SABINOM,2025-08-08,108794,1,4,0,66.0
10109923SABINOM_2025-08-09_G02,10109923SABINOM,2025-08-09,111418,1,250,0,1984.0
10109923SABINOM_2025-08-09_G03,10109923SABINOM,2025-08-09,111418,1,140,0,690.0
10109923SABINOM_2025-08-09_G04,10109923SABINOM,2025-08-09,110373,1,600,0,1727.0
10109923SABINOM_2025-08-09_G05,10109923SABINOM,2025-08-09,110579,1,2,0,1017.0
10109923SABINOM_2025-08-09_G06,10109923SABINOM,2025-08-09,118222,1,7,0,914.0
10109923SABINOM_2025-08-09_G07,10109923SABINOM,2025-08-09,118290,1,4,0,561.0
10109923SABINOM_2025-08-09_G08,10109923SABINOM,2025-08-09,100334,1,1,0,170.0
10109923SABINOM_2025-08-09_G09,10109923SABINOM,2025-08-09,111438,1,7,0,141.0
10109923SABINOM_2025-08-09_G10,10109923SABINOM,2025-08-09,117855,1,4,0,313.0
10109923SABINOM_2025-08-09_G11,10109923SABINOM,2025-08-09,111876,1,4,0,679.0
10109923SABINOM_2025-08-09_G12,10109923SABINOM,2025-08-09,110339,1,4,0,99.0
10109923SABINOM_2025-08-09_G13,10109923SABINOM,2025-08-09,117853,1,2,0,449.0
10109923SABINOM_2025-08-09_G14,10109923SABINOM,2025-08-09,109640,1,3,0,106.0
10109923SABINOM_2025-08-09_G15,10109923SABINOM,2025-08-09,110515,1,2,0,84.0
10109923SABINOM_2025-08-09_G16,10109923SABINOM,2025-08-09,111532,1,6,0,735.0
10109923SABINOM_2025-08-09_G17,10109923SABINOM,2025-08-09,118317,1,2,0,65.0
10109923SABINOM_2025-08-09_G18,10109923SABINOM,2025-08-09,110371,1,5,0,232.0
10109923SABINOM_2025-08-09_G19,10109923SABINOM,2025-08-09,110373,1,9,0,161.0
10109923SABINOM_2025-08-09_G20,10109923SABINOM,2025-08-09,110376,1,1,0,71.0
10109923SABINOM_2025-08-09_G21,10109923SABINOM,2025-08-09,110374,1,3,0,116.0
10109923SABINOM_2025-08-09_G22,10109923SABINOM,2025-08-09,110747,1,1,0,416.0
10109923SABINOM_2025-08-09_G23,10109923SABINOM,2025-08-09,111438,1,1,0,61.0
10109923SABINOM_2025-08-09_G24,10109923SABINOM,2025-08-09,111569,1,4,0,136.0
10109923SABINOM_2025-08-09_G25,10109923SABINOM,2025-08-09,118222,1,3,0,140.0
10109923SABINOM_2025-08-09_G26,10109923SABINOM,2025-08-09,117855,1,4,0,199.0
10109923SABINOM_2025-08-09_G27,10109923SABINOM,2025-08-09,111876,1,1,0,67.0
10109923SABINOM_2025-08-09_G28,10109923SABINOM,2025-08-09,141047,1,4,0,309.0
10109923SABINOM_2025-08-09_G29,10109923SABINOM,2025-08-09,109640,1,4,0,281.0
10109923SABINOM_2025-08-09_G30,10109923SABINOM,2025-08-09,118299,1,2,0,264.0
10109923SABINOM_2025-08-09_G31,10109923SABINOM,2025-08-09,117808,1,9,0,149.0
10109923SABINOM_2025-08-09_G32,10109923SABINOM,2025-08-09,118222,1,8,0,52.0
10109923SABINOM_2025-08-09_G34,10109923SABINOM,2025-08-09,110339,1,1,0,236.0
10109923SABINOM_2025-08-09_G35,10109923SABINOM,2025-08-09,117853,1,4,0,192.0
10109923SABINOM_2025-08-09_G36,10109923SABINOM,2025-08-09,110515,1,8,0,186.0
10109923SABINOM_2025-08-09_G37,10109923SABINOM,2025-08-09,111532,1,2,0,213.0
10109923SABINOM_2025-08-09_G38,10109923SABINOM,2025-08-09,140922,1,2,0,175.0
10109923SABINOM_2025-08-09_G39,10109923SABINOM,2025-08-09,118317,1,2,0,92.0
10109923SABINOM_2025-08-09_G40,10109923SABINOM,2025-08-09,111433,1,2,0,69.0
10109923SABINOM_2025-08-09_G41,10109923SABINOM,2025-08-09,110740,1,2,0,265.0
10109923SABINOM_2025-08-09_G42,10109923SABINOM,2025-08-09,117832,1,1,0,149.0
10109923SABINOM_2025-08-09_G43,10109923SABINOM,2025-08-09,110373,1,1,0,127.0
10109923SABINOM_2025-08-09_G44,10109923SABINOM,2025-08-09,110376,1,6,0,45.0
10109923SABINOM_2025-08-09_G45,10109923SABINOM,2025-08-09,117830,1,1,0,99.0
10109923SABINOM_2025-08-09_G46,10109923SABINOM,2025-08-09,118299,1,18,0,321.0
10109923SABINOM_2025-08-09_G47,10109923SABINOM,2025-08-09,111532,1,9,0,342.0
10109923SABINOM_2025-08-09_G48,10109923SABINOM,2025-08-09,140922,1,6,0,178.0
10109923SABINOM_2025-08-09_G49,10109923SABINOM,2025-08-09,111330,1,2,0,48.0
10109923SABINOM_2025-08-09_G50,10109923SABINOM,2025-08-09,118223,1,2,0,170.0
10109923SABINOM_2025-08-09_G51,10109923SABINOM,2025-08-09,118290,1,3,0,140.0
10109923SABINOM_2025-08-09_G52,10109923SABINOM,2025-08-09,110747,1,3,0,72.0
10109923SABINOM_2025-08-09_G53,10109923SABINOM,2025-08-09,100334,1,4,0,174.0
10109923SABINOM_2025-08-09_G54,10109923SABINOM,2025-08-09,"107892, 118222",2,17,13,61.0
10109923SABINOM_2025-08-09_G55,10109923SABINOM,2025-08-09,111569,1,16,0,90.0
10109923SABINOM_2025-08-11_G02,10109923SABINOM,2025-08-11,110733,1,5,0,163.0
10109923SABINOM_2025-08-11_G03,10109923SABINOM,2025-08-11,111467,1,4,0,149.0
10109923SABINOM_2025-08-11_G04,10109923SABINOM,2025-08-11,108711,1,1,0,102.0
10109923SABINOM_2025-08-11_G05,10109923SABINOM,2025-08-11,111463,1,2,0,75.0
10109923SABINOM_2025-08-11_G06,10109923SABINOM,2025-08-11,111462,1,17,0,432.0
10109923SABINOM_2025-08-11_G07,10109923SABINOM,2025-08-11,110374,1,9,0,168.0
10109923SABINOM_2025-08-11_G08,10109923SABINOM,2025-08-11,111466,1,44,0,792.0
10109923SABINOM_2025-08-11_G09,10109923SABINOM,2025-08-11,117809,1,14,0,587.0
10109923SABINOM_2025-08-11_G10,10109923SABINOM,2025-08-11,110371,1,27,0,338.0
10109923SABINOM_2025-08-11_G12,10109923SABINOM,2025-08-11,111602,1,7,0,1249.0
10109923SABINOM_2025-08-11_G13,10109923SABINOM,2025-08-11,110733,1,8,0,203.0
10109923SABINOM_2025-08-11_G14,10109923SABINOM,2025-08-11,110515,1,8,0,356.0
10109923SABINOM_2025-08-11_G15,10109923SABINOM,2025-08-11,140922,1,4,0,408.0
10109923SABINOM_2025-08-11_G16,10109923SABINOM,2025-08-11,111465,1,6,0,335.0
10109923SABINOM_2025-08-11_G17,10109923SABINOM,2025-08-11,117831,1,8,0,237.0
10109923SABINOM_2025-08-11_G18,10109923SABINOM,2025-08-11,117785,1,8,0,167.0
10109923SABINOM_2025-08-11_G19,10109923SABINOM,2025-08-11,111418,1,12,0,175.0
10109923SABINOM_2025-08-11_G20,10109923SABINOM,2025-08-11,110373,1,12,0,444.0
10109923SABINOM_2025-08-11_G21,10109923SABINOM,2025-08-11,118299,1,40,0,569.0
10109923SABINOM_2025-08-11_G22,10109923SABINOM,2025-08-11,117830,1,10,0,263.0
10109923SABINOM_2025-08-11_G23,10109923SABINOM,2025-08-11,117832,1,16,0,986.0
10109923SABINOM_2025-08-11_G24,10109923SABINOM,2025-08-11,110325,1,20,0,124.0
10109923SABINOM_2025-08-11_G25,10109923SABINOM,2025-08-11,117820,1,30,0,75.0
10109923SABINOM_2025-08-11_G26,10109923SABINOM,2025-08-11,117830,1,12,0,361.0
10109923SABINOM_2025-08-11_G27,10109923SABINOM,2025-08-11,117808,1,60,0,426.0
10109923SABINOM_2025-08-11_G28,10109923SABINOM,2025-08-11,118299,1,46,0,612.0
10109923SABINOM_2025-08-11_G29,10109923SABINOM,2025-08-11,110373,1,56,0,1052.0
10109923SABINOM_2025-08-11_G30,10109923SABINOM,2025-08-11,118222,1,4,0,518.0
10109923SABINOM_2025-08-11_G31,10109923SABINOM,2025-08-11,107888,1,2,0,1685.0
10109923SABINOM_2025-08-11_G32,10109923SABINOM,2025-08-11,110755,1,4,0,84.0
10109923SABINOM_2025-08-11_G33,10109923SABINOM,2025-08-11,110749,1,2,0,42.0
10109923SABINOM_2025-08-11_G34,10109923SABINOM,2025-08-11,117834,1,2,0,147.0
10109923SABINOM_2025-08-11_G35,10109923SABINOM,2025-08-11,100334,1,3,0,194.0
10109923SABINOM_2025-08-11_G36,10109923SABINOM,2025-08-11,118306,1,2,0,43.0
10109923SABINOM_2025-08-11_G37,10109923SABINOM,2025-08-11,111569,1,2,0,125.0
10109923SABINOM_2025-08-11_G38,10109923SABINOM,2025-08-11,"108795, 108711",2,10,30,541.0
10109923SABINOM_2025-08-11_G39,10109923SABINOM,2025-08-11,111348,1,2,0,81.0
10109923SABINOM_2025-08-11_G40,10109923SABINOM,2025-08-11,117841,1,4,0,69.0
10109923SABINOM_2025-08-11_G41,10109923SABINOM,2025-08-11,"111465, 111743",2,8,11,113.0
10109923SABINOM_2025-08-11_G42,10109923SABINOM,2025-08-11,111182,1,4,0,53.0
10109923SABINOM_2025-08-11_G43,10109923SABINOM,2025-08-11,117787,1,6,0,180.0
10109923SABINOM_2025-08-11_G44,10109923SABINOM,2025-08-11,117785,1,6,0,76.0
10109923SABINOM_2025-08-11_G45,10109923SABINOM,2025-08-11,118317,1,8,0,43.0
10109923SABINOM_2025-08-11_G46,10109923SABINOM,2025-08-11,111418,1,12,0,194.0
10109923SABINOM_2025-08-11_G48,10109923SABINOM,2025-08-11,118094,1,4,0,466.0
10109923SABINOM_2025-08-11_G49,10109923SABINOM,2025-08-11,110464,1,4,0,238.0
10109923SABINOM_2025-08-12_G02,10109923SABINOM,2025-08-12,111876,1,4,0,134.0
10109923SABINOM_2025-08-12_G03,10109923SABINOM,2025-08-12,110339,1,2,0,75.0
10109923SABINOM_2025-08-12_G04,10109923SABINOM,2025-08-12,111602,1,5,0,95.0
10109923SABINOM_2025-08-12_G05,10109923SABINOM,2025-08-12,118094,1,2,0,83.0
10109923SABINOM_2025-08-12_G06,10109923SABINOM,2025-08-12,110733,1,1,0,109.0
10109923SABINOM_2025-08-12_G07,10109923SABINOM,2025-08-12,141047,1,2,0,133.0
10109923SABINOM_2025-08-12_G08,10109923SABINOM,2025-08-12,111467,1,4,0,194.0
10109923SABINOM_2025-08-12_G09,10109923SABINOM,2025-08-12,110515,1,2,0,122.0
10109923SABINOM_2025-08-12_G10,10109923SABINOM,2025-08-12,111532,1,6,0,294.0
10109923SABINOM_2025-08-12_G11,10109923SABINOM,2025-08-12,117821,1,8,0,221.0
10109923SABINOM_2025-08-12_G12,10109923SABINOM,2025-08-12,108711,1,1,0,193.0
10109923SABINOM_2025-08-12_G13,10109923SABINOM,2025-08-12,"105705, 140922",2,3,30,57.0
10109923SABINOM_2025-08-12_G14,10109923SABINOM,2025-08-12,108794,1,3,0,157.0
10109923SABINOM_2025-08-12_G15,10109923SABINOM,2025-08-12,141823,1,1,0,93.0
10109923SABINOM_2025-08-12_G16,10109923SABINOM,2025-08-12,109643,1,9,0,190.0
10109923SABINOM_2025-08-12_G17,10109923SABINOM,2025-08-12,110373,1,3,0,82.0
10109923SABINOM_2025-08-12_G18,10109923SABINOM,2025-08-12,117831,1,68,0,426.0
10109923SABINOM_2025-08-12_G19,10109923SABINOM,2025-08-12,117785,1,59,0,473.0
10109923SABINOM_2025-08-12_G20,10109923SABINOM,2025-08-12,108794,1,31,0,621.0
10109923SABINOM_2025-08-12_G21,10109923SABINOM,2025-08-12,111418,1,100,0,152.0
10109923SABINOM_2025-08-12_G22,10109923SABINOM,2025-08-12,111743,1,20,0,251.0
10109923SABINOM_2025-08-12_G23,10109923SABINOM,2025-08-12,117808,1,1068,0,450.0
10109923SABINOM_2025-08-12_G24,10109923SABINOM,2025-08-12,110371,1,99,0,1256.0
10109923SABINOM_2025-08-12_G25,10109923SABINOM,2025-08-12,118299,1,384,0,556.0
10109923SABINOM_2025-08-12_G27,10109923SABINOM,2025-08-12,110895,1,10,0,535.0
10109923SABINOM_2025-08-12_G28,10109923SABINOM,2025-08-12,102851,1,4,0,473.0
10109923SABINOM_2025-08-12_G29,10109923SABINOM,2025-08-12,107888,1,2,0,236.0
10109923SABINOM_2025-08-12_G30,10109923SABINOM,2025-08-12,110749,1,2,0,66.0
10109923SABINOM_2025-08-12_G31,10109923SABINOM,2025-08-12,111440,1,6,0,402.0
10109923SABINOM_2025-08-12_G32,10109923SABINOM,2025-08-12,118417,1,4,0,149.0
10109923SABINOM_2025-08-12_G33,10109923SABINOM,2025-08-12,105359,1,1,0,71.0
10109923SABINOM_2025-08-12_G34,10109923SABINOM,2025-08-12,111569,1,4,0,122.0
10109923SABINOM_2025-08-12_G35,10109923SABINOM,2025-08-12,107892,1,1,0,165.0
10109923SABINOM_2025-08-12_G36,10109923SABINOM,2025-08-12,117789,1,3,0,279.0
10109923SABINOM_2025-08-12_G37,10109923SABINOM,2025-08-12,111660,1,1,0,44.0
10109923SABINOM_2025-08-12_G38,10109923SABINOM,2025-08-12,105167,1,4,0,158.0
10109923SABINOM_2025-08-12_G39,10109923SABINOM,2025-08-12,106326,2,4,6,780.0
10109923SABINOM_2025-08-12_G40,10109923SABINOM,2025-08-12,111532,1,2,0,292.0
10109923SABINOM_2025-08-12_G41,10109923SABINOM,2025-08-12,141456,1,9,0,137.0
10109923SABINOM_2025-08-12_G42,10109923SABINOM,2025-08-12,111532,1,20,0,527.0
10109923SABINOM_2025-08-12_G43,10109923SABINOM,2025-08-12,117821,1,20,0,371.0
10109923SABINOM_2025-08-12_G44,10109923SABINOM,2025-08-12,"108711, 105705",2,23,20,142.0
10109923SABINOM_2025-08-12_G45,10109923SABINOM,2025-08-12,111465,1,20,0,127.0
10109923SABINOM_2025-08-12_G46,10109923SABINOM,2025-08-12,117833,1,20,0,48.0
10109923SABINOM_2025-08-12_G47,10109923SABINOM,2025-08-12,141456,1,2,0,219.0
10109923SABINOM_2025-08-12_G48,10109923SABINOM,2025-08-12,111418,1,60,0,424.0
10109923SABINOM_2025-08-12_G49,10109923SABINOM,2025-08-12,111463,1,50,0,775.0
10109923SABINOM_2025-08-12_G50,10109923SABINOM,2025-08-12,118140,1,35,0,140.0
10109923SABINOM_2025-08-12_G51,10109923SABINOM,2025-08-12,108798,1,10,0,196.0
10109923SABINOM_2025-08-12_G52,10109923SABINOM,2025-08-12,111468,1,20,0,204.0
10109923SABINOM_2025-08-12_G53,10109923SABINOM,2025-08-12,117831,1,20,0,365.0
10109923SABINOM_2025-08-12_G54,10109923SABINOM,2025-08-12,"110745, 141823",2,16,29,37.0
10109923SABINOM_2025-08-12_G55,10109923SABINOM,2025-08-12,111172,1,20,0,203.0
10109923SABINOM_2025-08-12_G56,10109923SABINOM,2025-08-12,117785,1,40,0,144.0
10109923SABINOM_2025-08-12_G57,10109923SABINOM,2025-08-12,110740,1,30,0,296.0
10109923SABINOM_2025-08-12_G59,10109923SABINOM,2025-08-12,111468,1,66,0,105.0
10109923SABINOM_2025-08-13_G02,10109923SABINOM,2025-08-13,117855,1,4,0,94.0
10109923SABINOM_2025-08-13_G03,10109923SABINOM,2025-08-13,118094,1,4,0,154.0
10109923SABINOM_2025-08-13_G04,10109923SABINOM,2025-08-13,110733,1,6,0,162.0
10109923SABINOM_2025-08-13_G05,10109923SABINOM,2025-08-13,110515,1,4,0,56.0
10109923SABINOM_2025-08-13_G06,10109923SABINOM,2025-08-13,110752,1,2,0,174.0
10109923SABINOM_2025-08-13_G07,10109923SABINOM,2025-08-13,117837,1,4,0,115.0
10109923SABINOM_2025-08-13_G08,10109923SABINOM,2025-08-13,110740,1,4,0,357.0
10109923SABINOM_2025-08-13_G09,10109923SABINOM,2025-08-13,105705,1,2,0,114.0
10109923SABINOM_2025-08-13_G10,10109923SABINOM,2025-08-13,140922,1,6,0,147.0
10109923SABINOM_2025-08-13_G11,10109923SABINOM,2025-08-13,107236,1,2,0,210.0
10109923SABINOM_2025-08-13_G12,10109923SABINOM,2025-08-13,117809,1,4,0,281.0
10109923SABINOM_2025-08-13_G13,10109923SABINOM,2025-08-13,117808,1,13,0,50.0
10109923SABINOM_2025-08-13_G14,10109923SABINOM,2025-08-13,118299,1,5,0,152.0
10109923SABINOM_2025-08-13_G15,10109923SABINOM,2025-08-13,117820,1,8,0,157.0
10109923SABINOM_2025-08-13_G16,10109923SABINOM,2025-08-13,110372,1,9,0,53.0
10109923SABINOM_2025-08-13_G17,10109923SABINOM,2025-08-13,117861,1,60,0,2745.0
10109923SABINOM_2025-08-13_G18,10109923SABINOM,2025-08-13,141456,1,280,0,1633.0
10109923SABINOM_2025-08-13_G19,10109923SABINOM,2025-08-13,141458,1,43,0,365.0
10109923SABINOM_2025-08-13_G20,10109923SABINOM,2025-08-13,117808,1,621,0,1758.0
10109923SABINOM_2025-08-13_G21,10109923SABINOM,2025-08-13,118299,1,967,0,1678.0
10109923SABINOM_2025-08-13_G22,10109923SABINOM,2025-08-13,117830,1,300,0,611.0
10109923SABINOM_2025-08-13_G25,10109923SABINOM,2025-08-13,111602,1,32,0,367.0
10109923SABINOM_2025-08-14_G02,10109923SABINOM,2025-08-14,100334,1,2,0,436.0
10109923SABINOM_2025-08-14_G03,10109923SABINOM,2025-08-14,"111438, 118306",2,12,27,180.0
10109923SABINOM_2025-08-14_G04,10109923SABINOM,2025-08-14,111660,1,10,0,523.0
10109923SABINOM_2025-08-14_G05,10109923SABINOM,2025-08-14,111418,1,8,0,209.0
10109923SABINOM_2025-08-14_G06,10109923SABINOM,2025-08-14,111443,1,8,0,106.0
10109923SABINOM_2025-08-14_G07,10109923SABINOM,2025-08-14,117831,1,4,0,162.0
10109923SABINOM_2025-08-14_G08,10109923SABINOM,2025-08-14,118317,1,1,0,60.0
10109923SABINOM_2025-08-14_G09,10109923SABINOM,2025-08-14,111469,2,14,6,88.0
10109923SABINOM_2025-08-14_G10,10109923SABINOM,2025-08-14,111602,2,24,4,1850.0
10109923SABINOM_2025-08-14_G11,10109923SABINOM,2025-08-14,117832,1,2,0,418.0
10109923SABINOM_2025-08-14_G12,10109923SABINOM,2025-08-14,"117820, 110372",2,30,11,551.0
10109923SABINOM_2025-08-14_G13,10109923SABINOM,2025-08-14,110374,1,13,0,112.0
10109923SABINOM_2025-08-14_G14,10109923SABINOM,2025-08-14,107830,1,4,0,55.0
10109923SABINOM_2025-08-14_G15,10109923SABINOM,2025-08-14,110373,1,2,0,110.0
10109923SABINOM_2025-08-14_G16,10109923SABINOM,2025-08-14,117830,1,2,0,58.0
10109923SABINOM_2025-08-14_G17,10109923SABINOM,2025-08-14,"117809, 117820, 117830",4,45,32,537.0
10109923SABINOM_2025-08-14_G18,10109923SABINOM,2025-08-14,111435,1,2,0,243.0
10109923SABINOM_2025-08-14_G19,10109923SABINOM,2025-08-14,"111463, 111418",2,20,20,125.0
10109923SABINOM_2025-08-14_G20,10109923SABINOM,2025-08-14,111532,1,5,0,172.0
10109923SABINOM_2025-08-14_G21,10109923SABINOM,2025-08-14,118317,1,14,0,551.0
10109923SABINOM_2025-08-14_G22,10109923SABINOM,2025-08-14,111469,1,7,0,86.0
10109923SABINOM_2025-08-14_G23,10109923SABINOM,2025-08-14,117785,1,24,0,47.0
10109923SABINOM_2025-08-14_G24,10109923SABINOM,2025-08-14,111530,1,50,0,299.0
10109923SABINOM_2025-08-14_G25,10109923SABINOM,2025-08-14,110373,1,32,0,109.0
10109923SABINOM_2025-08-14_G26,10109923SABINOM,2025-08-14,118222,1,30,0,389.0
10109923SABINOM_2025-08-14_G27,10109923SABINOM,2025-08-14,110755,1,16,0,557.0
10109923SABINOM_2025-08-14_G28,10109923SABINOM,2025-08-14,111438,1,4,0,204.0
10109923SABINOM_2025-08-14_G29,10109923SABINOM,2025-08-14,111569,1,8,0,101.0
10109923SABINOM_2025-08-14_G30,10109923SABINOM,2025-08-14,111602,1,30,0,261.0
10109923SABINOM_2025-08-14_G31,10109923SABINOM,2025-08-14,110515,1,4,0,385.0
10109923SABINOM_2025-08-14_G32,10109923SABINOM,2025-08-14,117786,1,4,0,101.0
10109923SABINOM_2025-08-14_G33,10109923SABINOM,2025-08-14,111530,1,20,0,874.0
10109923SABINOM_2025-08-14_G35,10109923SABINOM,2025-08-14,110895,1,11,0,458.0
10109923SABINOM_2025-08-14_G36,10109923SABINOM,2025-08-14,110515,1,4,0,146.0
10109923SABINOM_2025-08-14_G37,10109923SABINOM,2025-08-14,140922,1,2,0,113.0
10109923SABINOM_2025-08-14_G38,10109923SABINOM,2025-08-14,141823,1,3,0,1979.0
10109923SABINOM_2025-08-14_G39,10109923SABINOM,2025-08-14,108794,1,2,0,86.0
10109923SABINOM_2025-08-14_G40,10109923SABINOM,2025-08-14,117832,1,3,0,132.0
10109923SABINOM_2025-08-14_G41,10109923SABINOM,2025-08-14,110373,1,2,0,458.0
10109923SABINOM_2025-08-14_G42,10109923SABINOM,2025-08-14,110895,1,6,0,290.0
10109923SABINOM_2025-08-14_G43,10109923SABINOM,2025-08-14,117862,1,4,0,178.0
10109923SABINOM_2025-08-14_G44,10109923SABINOM,2025-08-14,118094,1,4,0,66.0
10109923SABINOM_2025-08-14_G45,10109923SABINOM,2025-08-14,141823,1,7,0,155.0
10109923SABINOM_2025-08-14_G46,10109923SABINOM,2025-08-14,108794,1,3,0,103.0
10109923SABINOM_2025-08-14_G47,10109923SABINOM,2025-08-14,117831,1,2,0,90.0
10109923SABINOM_2025-08-14_G48,10109923SABINOM,2025-08-14,117785,1,5,0,62.0
10109923SABINOM_2025-08-14_G49,10109923SABINOM,2025-08-14,111418,1,72,0,290.0
10109923SABINOM_2025-08-14_G50,10109923SABINOM,2025-08-14,118222,1,1,0,959.0
10109923SABINOM_2025-08-15_G02,10109923SABINOM,2025-08-15,111530,1,30,0,788.0
10109923SABINOM_2025-08-15_G03,10109923SABINOM,2025-08-15,110787,1,5,0,342.0
10109923SABINOM_2025-08-15_G04,10109923SABINOM,2025-08-15,109641,1,25,0,2275.0
10109923SABINOM_2025-08-15_G05,10109923SABINOM,2025-08-15,110895,1,9,0,1128.0
10109923SABINOM_2025-08-15_G06,10109923SABINOM,2025-08-15,111439,1,8,0,209.0
10109923SABINOM_2025-08-15_G07,10109923SABINOM,2025-08-15,111530,1,7,0,313.0
10109923SABINOM_2025-08-15_G08,10109923SABINOM,2025-08-15,111463,1,33,0,968.0
10109923SABINOM_2025-08-15_G09,10109923SABINOM,2025-08-15,111463,1,30,0,1304.0
10109923SABINOM_2025-08-15_G10,10109923SABINOM,2025-08-15,110787,1,3,0,88.0
10109923SABINOM_2025-08-15_G11,10109923SABINOM,2025-08-15,110372,1,2,0,594.0
10109923SABINOM_2025-08-15_G12,10109923SABINOM,2025-08-15,118140,1,1,0,224.0
10109923SABINOM_2025-08-15_G13,10109923SABINOM,2025-08-15,118140,2,10,21,99.0
10109923SABINOM_2025-08-15_G14,10109923SABINOM,2025-08-15,110755,1,2,0,1884.0
10109923SABINOM_2025-08-15_G15,10109923SABINOM,2025-08-15,117836,1,4,0,1326.0
10109923SABINOM_2025-08-15_G16,10109923SABINOM,2025-08-15,111569,1,6,0,197.0
10109923SABINOM_2025-08-15_G17,10109923SABINOM,2025-08-15,111660,1,2,0,47.0
10109923SABINOM_2025-08-15_G18,10109923SABINOM,2025-08-15,110372,2,67,15,39.0
10109923SABINOM_2025-08-15_G19,10109923SABINOM,2025-08-15,118094,1,8,0,320.0
10109923SABINOM_2025-08-15_G20,10109923SABINOM,2025-08-15,141047,1,5,0,91.0
10109923SABINOM_2025-08-15_G21,10109923SABINOM,2025-08-15,111602,1,8,0,77.0
10109923SABINOM_2025-08-15_G22,10109923SABINOM,2025-08-15,110339,1,8,0,164.0
10109923SABINOM_2025-08-15_G23,10109923SABINOM,2025-08-15,111467,1,8,0,75.0
10109923SABINOM_2025-08-15_G24,10109923SABINOM,2025-08-15,110787,1,3,0,231.0
10109923SABINOM_2025-08-15_G25,10109923SABINOM,2025-08-15,110740,1,2,0,39.0
10109923SABINOM_2025-08-15_G26,10109923SABINOM,2025-08-15,110372,1,2,0,76.0
10109923SABINOM_2025-08-15_G27,10109923SABINOM,2025-08-15,109641,1,5,0,132.0
10109923SABINOM_2025-08-15_G28,10109923SABINOM,2025-08-15,111182,1,4,0,152.0
10109923SABINOM_2025-08-15_G29,10109923SABINOM,2025-08-15,117786,1,8,0,409.0
10109923SABINOM_2025-08-15_G30,10109923SABINOM,2025-08-15,111530,1,8,0,45.0
10109923SABINOM_2025-08-15_G31,10109923SABINOM,2025-08-15,117842,1,3,0,148.0
10109923SABINOM_2025-08-15_G32,10109923SABINOM,2025-08-15,109641,1,24,0,229.0
10109923SABINOM_2025-08-15_G33,10109923SABINOM,2025-08-15,118140,2,54,14,271.0
10109923SABINOM_2025-08-15_G34,10109923SABINOM,2025-08-15,110787,1,2,0,147.0
10109923SABINOM_2025-08-15_G35,10109923SABINOM,2025-08-15,110787,1,40,0,495.0
10109923SABINOM_2025-08-15_G36,10109923SABINOM,2025-08-15,111602,1,8,0,109.0
10109923SABINOM_2025-08-15_G37,10109923SABINOM,2025-08-15,111463,1,3,0,662.0
10109923SABINOM_2025-08-15_G38,10109923SABINOM,2025-08-15,111467,1,11,0,564.0
10109923SABINOM_2025-08-15_G39,10109923SABINOM,2025-08-15,111465,1,15,0,217.0
10109923SABINOM_2025-08-15_G40,10109923SABINOM,2025-08-15,117822,1,4,0,107.0
10109923SABINOM_2025-08-15_G41,10109923SABINOM,2025-08-15,118140,1,3,0,102.0
10109923SABINOM_2025-08-15_G42,10109923SABINOM,2025-08-15,"110787, 141457",2,14,13,270.0
10109923SABINOM_2025-08-18_G02,10109923SABINOM,2025-08-18,140922,1,14,0,274.0
10109923SABINOM_2025-08-18_G03,10109923SABINOM,2025-08-18,111569,1,4,0,815.0
10109923SABINOM_2025-08-18_G04,10109923SABINOM,2025-08-18,"141318, 118222",2,9,15,413.0
10109923SABINOM_2025-08-18_G05,10109923SABINOM,2025-08-18,111876,1,4,0,977.0
10109923SABINOM_2025-08-18_G06,10109923SABINOM,2025-08-18,111602,1,8,0,131.0
10109923SABINOM_2025-08-18_G07,10109923SABINOM,2025-08-18,111438,1,2,0,361.0
10109923SABINOM_2025-08-18_G08,10109923SABINOM,2025-08-18,110747,1,2,0,116.0
10109923SABINOM_2025-08-18_G09,10109923SABINOM,2025-08-18,110711,1,1,0,1689.0
10109923SABINOM_2025-08-18_G10,10109923SABINOM,2025-08-18,108795,1,1,0,76.0
10109923SABINOM_2025-08-18_G11,10109923SABINOM,2025-08-18,140922,1,2,0,69.0
10109923SABINOM_2025-08-18_G12,10109923SABINOM,2025-08-18,110787,1,2,0,82.0
10109923SABINOM_2025-08-18_G13,10109923SABINOM,2025-08-18,110373,1,6,0,278.0
10109923SABINOM_2025-08-18_G14,10109923SABINOM,2025-08-18,107830,1,2,0,99.0
10109923SABINOM_2025-08-18_G15,10109923SABINOM,2025-08-18,117809,1,4,0,108.0
10109923SABINOM_2025-08-18_G16,10109923SABINOM,2025-08-18,117808,1,6,0,171.0
10109923SABINOM_2025-08-18_G17,10109923SABINOM,2025-08-18,110339,1,30,0,493.0
10109923SABINOM_2025-08-18_G18,10109923SABINOM,2025-08-18,111172,1,2,0,268.0
10109923SABINOM_2025-08-18_G19,10109923SABINOM,2025-08-18,107830,1,5,0,168.0
10109923SABINOM_2025-08-18_G20,10109923SABINOM,2025-08-18,110325,1,3,0,188.0
10109923SABINOM_2025-08-18_G21,10109923SABINOM,2025-08-18,118299,1,10,0,103.0
10109923SABINOM_2025-08-18_G22,10109923SABINOM,2025-08-18,117822,1,2,0,131.0
10109923SABINOM_2025-08-18_G23,10109923SABINOM,2025-08-18,110740,1,20,0,552.0
10109923SABINOM_2025-08-18_G24,10109923SABINOM,2025-08-18,110372,1,20,0,279.0
10109923SABINOM_2025-08-18_G25,10109923SABINOM,2025-08-18,118222,1,4,0,456.0
10109923SABINOM_2025-08-18_G26,10109923SABINOM,2025-08-18,110733,1,2,0,283.0
10109923SABINOM_2025-08-18_G27,10109923SABINOM,2025-08-18,110515,1,3,0,109.0
10109923SABINOM_2025-08-18_G28,10109923SABINOM,2025-08-18,117837,1,4,0,119.0
10109923SABINOM_2025-08-18_G29,10109923SABINOM,2025-08-18,140922,1,2,0,129.0
10109923SABINOM_2025-08-18_G30,10109923SABINOM,2025-08-18,111418,1,6,0,246.0
10109923SABINOM_2025-08-18_G31,10109923SABINOM,2025-08-18,117809,1,2,0,56.0
10109923SABINOM_2025-08-18_G32,10109923SABINOM,2025-08-18,118299,1,7,0,95.0
10109923SABINOM_2025-08-18_G33,10109923SABINOM,2025-08-18,117808,1,6,0,102.0
10109923SABINOM_2025-08-18_G34,10109923SABINOM,2025-08-18,118140,1,2,0,139.0
10109923SABINOM_2025-08-18_G35,10109923SABINOM,2025-08-18,109640,1,8,0,138.0
10109923SABINOM_2025-08-18_G36,10109923SABINOM,2025-08-18,141066,1,5,0,261.0
10109923SABINOM_2025-08-18_G37,10109923SABINOM,2025-08-18,110711,1,3,0,51.0
10109923SABINOM_2025-08-18_G38,10109923SABINOM,2025-08-18,117856,1,1,0,33.0
10109923SABINOM_2025-08-18_G39,10109923SABINOM,2025-08-18,109640,1,7,0,120.0
10109923SABINOM_2025-08-18_G40,10109923SABINOM,2025-08-18,111469,1,13,0,251.0
10109923SABINOM_2025-08-18_G41,10109923SABINOM,2025-08-18,117820,1,50,0,623.0
10109923SABINOM_2025-08-18_G42,10109923SABINOM,2025-08-18,118140,1,1,0,76.0
10109923SABINOM_2025-08-18_G43,10109923SABINOM,2025-08-18,110623,1,2,0,1634.0
10109923SABINOM_2025-08-18_G44,10109923SABINOM,2025-08-18,110747,1,2,0,264.0
10109923SABINOM_2025-08-18_G45,10109923SABINOM,2025-08-18,107629,1,6,0,156.0
10109923SABINOM_2025-08-18_G46,10109923SABINOM,2025-08-18,111602,1,7,0,438.0
10109923SABINOM_2025-08-18_G48,10109923SABINOM,2025-08-18,110515,1,1,0,51.0
10109923SABINOM_2025-08-18_G49,10109923SABINOM,2025-08-18,110129,1,1,0,495.0
10109923SABINOM_2025-08-18_G50,10109923SABINOM,2025-08-18,111435,1,2,0,118.0
10109923SABINOM_2025-08-18_G51,10109923SABINOM,2025-08-18,140922,1,4,0,109.0
10109923SABINOM_2025-08-18_G52,10109923SABINOM,2025-08-18,111463,1,17,0,264.0
10109923SABINOM_2025-08-18_G53,10109923SABINOM,2025-08-18,117821,1,3,0,72.0
10109923SABINOM_2025-08-18_G54,10109923SABINOM,2025-08-18,111468,1,3,0,168.0
10109923SABINOM_2025-08-18_G55,10109923SABINOM,2025-08-18,117831,1,4,0,109.0
10109923SABINOM_2025-08-18_G56,10109923SABINOM,2025-08-18,107236,1,2,0,53.0
10109923SABINOM_2025-08-18_G57,10109923SABINOM,2025-08-18,111418,1,8,0,462.0
10109923SABINOM_2025-08-18_G58,10109923SABINOM,2025-08-18,110373,1,22,0,293.0
10109923SABINOM_2025-08-18_G59,10109923SABINOM,2025-08-18,107830,1,4,0,153.0
10109923SABINOM_2025-08-18_G60,10109923SABINOM,2025-08-18,117820,1,4,0,110.0
10109923SABINOM_2025-08-18_G61,10109923SABINOM,2025-08-18,110372,1,6,0,119.0
10109923SABINOM_2025-08-18_G62,10109923SABINOM,2025-08-18,118299,1,4,0,74.0
10109923SABINOM_2025-08-18_G63,10109923SABINOM,2025-08-18,110375,1,2,0,55.0
10109923SABINOM_2025-08-18_G64,10109923SABINOM,2025-08-18,110711,1,4,0,423.0
10109923SABINOM_2025-08-18_G65,10109923SABINOM,2025-08-18,111602,1,2,0,125.0
10109923SABINOM_2025-08-18_G66,10109923SABINOM,2025-08-18,111466,1,2,0,702.0
10109923SABINOM_2025-08-18_G67,10109923SABINOM,2025-08-18,111463,1,4,0,61.0
10109923SABINOM_2025-08-18_G68,10109923SABINOM,2025-08-18,110372,1,2,0,65.0
10109923SABINOM_2025-08-18_G69,10109923SABINOM,2025-08-18,110372,1,25,0,974.0
10109923SABINOM_2025-08-18_G70,10109923SABINOM,2025-08-18,110711,1,4,0,51.0
10109923SABINOM_2025-08-18_G71,10109923SABINOM,2025-08-18,111466,1,5,0,385.0
10109923SABINOM_2025-08-18_G72,10109923SABINOM,2025-08-18,111463,1,7,0,280.0
10109923SABINOM_2025-08-18_G73,10109923SABINOM,2025-08-18,111466,1,2,0,84.0
10109923SABINOM_2025-08-18_G74,10109923SABINOM,2025-08-18,110787,1,6,0,58.0
10109923SABINOM_2025-08-18_G75,10109923SABINOM,2025-08-18,110372,1,5,0,268.0
10109923SABINOM_2025-08-18_G76,10109923SABINOM,2025-08-18,110711,1,1,0,192.0
10109923SABINOM_2025-08-18_G77,10109923SABINOM,2025-08-18,111466,1,6,0,178.0
10109923SABINOM_2025-08-19_G02,10109923SABINOM,2025-08-19,109640,1,33,0,468.0
10109923SABINOM_2025-08-19_G03,10109923SABINOM,2025-08-19,111418,1,692,0,2347.0
10109923SABINOM_2025-08-19_G04,10109923SABINOM,2025-08-19,111655,1,41,0,2656.0
10109923SABINOM_2025-08-19_G05,10109923SABINOM,2025-08-19,111438,1,302,0,2950.0
10109923SABINOM_2025-08-19_G06,10109923SABINOM,2025-08-19,110741,1,50,0,718.0
10109923SABINOM_2025-08-20_G02,10109923SABINOM,2025-08-20,100334,1,3,0,99.0
10109923SABINOM_2025-08-20_G03,10109923SABINOM,2025-08-20,117835,1,8,0,195.0
10109923SABINOM_2025-08-20_G04,10109923SABINOM,2025-08-20,110747,1,6,0,145.0
10109923SABINOM_2025-08-20_G05,10109923SABINOM,2025-08-20,107892,1,2,0,61.0
10109923SABINOM_2025-08-20_G06,10109923SABINOM,2025-08-20,110742,1,12,0,382.0
10109923SABINOM_2025-08-20_G07,10109923SABINOM,2025-08-20,117855,1,4,0,128.0
10109923SABINOM_2025-08-20_G08,10109923SABINOM,2025-08-20,117856,1,7,0,107.0
10109923SABINOM_2025-08-20_G09,10109923SABINOM,2025-08-20,110741,1,1,0,43.0
10109923SABINOM_2025-08-20_G10,10109923SABINOM,2025-08-20,117861,2,8,6,660.0
10109923SABINOM_2025-08-20_G11,10109923SABINOM,2025-08-20,110733,1,5,0,51.0
10109923SABINOM_2025-08-20_G12,10109923SABINOM,2025-08-20,117786,2,9,7,60.0
10109923SABINOM_2025-08-20_G13,10109923SABINOM,2025-08-20,109647,1,2,0,113.0
10109923SABINOM_2025-08-20_G14,10109923SABINOM,2025-08-20,111439,1,4,0,132.0
10109923SABINOM_2025-08-20_G15,10109923SABINOM,2025-08-20,109640,1,6,0,166.0
10109923SABINOM_2025-08-20_G16,10109923SABINOM,2025-08-20,111467,1,4,0,95.0
10109923SABINOM_2025-08-20_G17,10109923SABINOM,2025-08-20,110313,1,2,0,218.0
10109923SABINOM_2025-08-20_G18,10109923SABINOM,2025-08-20,109640,1,4,0,171.0
10109923SABINOM_2025-08-20_G19,10109923SABINOM,2025-08-20,110515,1,10,0,68.0
10109923SABINOM_2025-08-20_G20,10109923SABINOM,2025-08-20,111469,1,58,0,3446.0
10109923SABINOM_2025-08-20_G21,10109923SABINOM,2025-08-20,117785,2,17,6,1017.0
10109923SABINOM_2025-08-20_G22,10109923SABINOM,2025-08-20,111466,1,5,0,57.0
10109923SABINOM_2025-08-20_G23,10109923SABINOM,2025-08-20,111463,3,56,18,267.0
10109923SABINOM_2025-08-20_G24,10109923SABINOM,2025-08-20,117821,1,5,0,302.0
10109923SABINOM_2025-08-20_G25,10109923SABINOM,2025-08-20,140922,1,11,0,216.0
10109923SABINOM_2025-08-20_G26,10109923SABINOM,2025-08-20,117787,1,6,0,149.0
10109923SABINOM_2025-08-20_G27,10109923SABINOM,2025-08-20,141823,1,11,0,37.0
10109923SABINOM_2025-08-20_G28,10109923SABINOM,2025-08-20,111418,2,93,17,241.0
10109923SABINOM_2025-08-20_G29,10109923SABINOM,2025-08-20,111532,1,17,0,2459.0
10109923SABINOM_2025-08-20_G30,10109923SABINOM,2025-08-20,141456,1,16,0,227.0
10109923SABINOM_2025-08-20_G31,10109923SABINOM,2025-08-20,109645,1,6,0,63.0
10109923SABINOM_2025-08-20_G32,10109923SABINOM,2025-08-20,"117831, 107236",2,30,22,297.0
10109923SABINOM_2025-08-20_G33,10109923SABINOM,2025-08-20,141458,1,19,0,225.0
10109923SABINOM_2025-08-20_G34,10109923SABINOM,2025-08-20,109641,1,10,0,126.0
10109923SABINOM_2025-08-20_G35,10109923SABINOM,2025-08-20,118317,1,4,0,61.0
10109923SABINOM_2025-08-20_G36,10109923SABINOM,2025-08-20,108794,1,3,0,83.0
10109923SABINOM_2025-08-20_G37,10109923SABINOM,2025-08-20,117832,1,8,0,318.0
10109923SABINOM_2025-08-20_G38,10109923SABINOM,2025-08-20,107830,1,10,0,43.0
10109923SABINOM_2025-08-20_G39,10109923SABINOM,2025-08-20,117820,1,20,0,216.0
10109923SABINOM_2025-08-20_G40,10109923SABINOM,2025-08-20,111465,1,24,0,224.0
10109923SABINOM_2025-08-20_G41,10109923SABINOM,2025-08-20,118299,2,32,7,136.0
10109923SABINOM_2025-08-20_G42,10109923SABINOM,2025-08-20,117809,1,2,0,134.0
10109923SABINOM_2025-08-20_G43,10109923SABINOM,2025-08-20,110371,1,9,0,113.0
10109923SABINOM_2025-08-20_G44,10109923SABINOM,2025-08-20,117822,1,4,0,90.0
10109923SABINOM_2025-08-20_G45,10109923SABINOM,2025-08-20,141457,1,40,0,278.0
10109923SABINOM_2025-08-20_G46,10109923SABINOM,2025-08-20,117808,1,13,0,183.0
10109923SABINOM_2025-08-20_G47,10109923SABINOM,2025-08-20,"117830, 110373",2,21,15,88.0
10109923SABINOM_2025-08-20_G48,10109923SABINOM,2025-08-20,110372,1,18,0,171.0
10109923SABINOM_2025-08-20_G49,10109923SABINOM,2025-08-20,117820,1,39,0,400.0
10109923SABINOM_2025-08-20_G50,10109923SABINOM,2025-08-20,117808,1,22,0,125.0
10109923SABINOM_2025-08-20_G52,10109923SABINOM,2025-08-20,111469,1,8,0,89.0
10109923SABINOM_2025-08-20_G53,10109923SABINOM,2025-08-20,111466,1,16,0,314.0
10109923SABINOM_2025-08-20_G54,10109923SABINOM,2025-08-20,111469,1,20,0,159.0
10109923SABINOM_2025-08-20_G55,10109923SABINOM,2025-08-20,111466,1,20,0,159.0
10109923SABINOM_2025-08-20_G56,10109923SABINOM,2025-08-20,109640,1,4,0,135.0
10109923SABINOM_2025-08-20_G57,10109923SABINOM,2025-08-20,111602,1,10,0,1663.0
10109923SABINOM_2025-08-20_G58,10109923SABINOM,2025-08-20,110339,1,5,0,320.0
10109923SABINOM_2025-08-20_G59,10109923SABINOM,2025-08-20,118299,1,60,0,1904.0
10109923SABINOM_2025-08-20_G60,10109923SABINOM,2025-08-20,111634,1,60,0,696.0
10109923SABINOM_2025-08-21_G02,10109923SABINOM,2025-08-21,107892,1,8,0,1581.0
10109923SABINOM_2025-08-21_G03,10109923SABINOM,2025-08-21,110742,2,6,5,220.0
10109923SABINOM_2025-08-21_G04,10109923SABINOM,2025-08-21,110746,1,66,0,385.0
10109923SABINOM_2025-08-21_G05,10109923SABINOM,2025-08-21,109647,1,8,0,2021.0
10109923SABINOM_2025-08-21_G06,10109923SABINOM,2025-08-21,110753,1,10,0,119.0
10109923SABINOM_2025-08-21_G07,10109923SABINOM,2025-08-21,110373,1,38,0,927.0
10109923SABINOM_2025-08-21_G08,10109923SABINOM,2025-08-21,109641,1,24,0,415.0
10109923SABINOM_2025-08-21_G09,10109923SABINOM,2025-08-21,111468,1,72,0,446.0
10109923SABINOM_2025-08-21_G10,10109923SABINOM,2025-08-21,105894,1,4,0,329.0
10109923SABINOM_2025-08-21_G11,10109923SABINOM,2025-08-21,117786,1,8,0,827.0
10109923SABINOM_2025-08-21_G12,10109923SABINOM,2025-08-21,"107629, 117856",3,8,36,105.0
10109923SABINOM_2025-08-21_G13,10109923SABINOM,2025-08-21,110895,1,7,0,234.0
10109923SABINOM_2025-08-21_G14,10109923SABINOM,2025-08-21,109643,1,6,0,93.0
10109923SABINOM_2025-08-21_G15,10109923SABINOM,2025-08-21,111466,1,7,0,473.0
10109923SABINOM_2025-08-21_G16,10109923SABINOM,2025-08-21,111469,2,32,6,418.0
10109923SABINOM_2025-08-21_G17,10109923SABINOM,2025-08-21,110373,1,400,0,566.0
10109923SABINOM_2025-08-21_G18,10109923SABINOM,2025-08-21,117808,1,1000,0,62.0
10109923SABINOM_2025-08-21_G19,10109923SABINOM,2025-08-21,117820,1,100,0,329.0
10109923SABINOM_2025-08-21_G20,10109923SABINOM,2025-08-21,118299,1,300,0,660.0
10109923SABINOM_2025-08-21_G22,10109923SABINOM,2025-08-21,110372,1,350,0,199.0
10109923SABINOM_2025-08-21_G24,10109923SABINOM,2025-08-21,110711,1,4,0,457.0
10109923SABINOM_2025-08-21_G25,10109923SABINOM,2025-08-21,110740,1,8,0,336.0
10109923SABINOM_2025-08-21_G26,10109923SABINOM,2025-08-21,117830,1,4,0,147.0
10109923SABINOM_2025-08-21_G27,10109923SABINOM,2025-08-21,111430,1,6,0,316.0
10109923SABINOM_2025-08-21_G28,10109923SABINOM,2025-08-21,111430,1,3,0,642.0
10109923SABINOM_2025-08-21_G29,10109923SABINOM,2025-08-21,111466,1,15,0,383.0
10109923SABINOM_2025-08-21_G30,10109923SABINOM,2025-08-21,110895,1,4,0,476.0
10109923SABINOM_2025-08-21_G31,10109923SABINOM,2025-08-21,110787,1,8,0,340.0
10109923SABINOM_2025-08-21_G32,10109923SABINOM,2025-08-21,111182,1,3,0,424.0
10109923SABINOM_2025-08-21_G33,10109923SABINOM,2025-08-21,111330,1,3,0,290.0
10109923SABINOM_2025-08-21_G34,10109923SABINOM,2025-08-21,111462,1,4,0,88.0
10109923SABINOM_2025-08-21_G35,10109923SABINOM,2025-08-21,100334,1,2,0,188.0
10109923SABINOM_2025-08-21_G36,10109923SABINOM,2025-08-21,111569,1,2,0,111.0
10109923SABINOM_2025-08-21_G37,10109923SABINOM,2025-08-21,117856,1,4,0,170.0
10109923SABINOM_2025-08-21_G38,10109923SABINOM,2025-08-21,109647,1,2,0,104.0
10109923SABINOM_2025-08-21_G39,10109923SABINOM,2025-08-21,110515,1,2,0,315.0
10109923SABINOM_2025-08-22_G02,10109923SABINOM,2025-08-22,118283,1,20,0,197.0
10109923SABINOM_2025-08-22_G03,10109923SABINOM,2025-08-22,118280,1,12,0,483.0
10109923SABINOM_2025-08-22_G04,10109923SABINOM,2025-08-22,117855,1,20,0,796.0
10109923SABINOM_2025-08-22_G05,10109923SABINOM,2025-08-22,111463,1,50,0,428.0
10109923SABINOM_2025-08-22_G06,10109923SABINOM,2025-08-22,111418,1,20,0,423.0
10109923SABINOM_2025-08-22_G07,10109923SABINOM,2025-08-22,111442,1,4,0,193.0
10109923SABINOM_2025-08-22_G08,10109923SABINOM,2025-08-22,111462,1,50,0,792.0
10109923SABINOM_2025-08-22_G09,10109923SABINOM,2025-08-22,111532,1,100,0,505.0
10109923SABINOM_2025-08-22_G10,10109923SABINOM,2025-08-22,117820,1,106,0,624.0
10109923SABINOM_2025-08-22_G11,10109923SABINOM,2025-08-22,117809,1,50,0,1786.0
10109923SABINOM_2025-08-22_G12,10109923SABINOM,2025-08-22,110373,1,50,0,405.0
10109923SABINOM_2025-08-22_G13,10109923SABINOM,2025-08-22,110372,1,100,0,351.0
10109923SABINOM_2025-08-22_G14,10109923SABINOM,2025-08-22,118299,1,570,0,2029.0
10109923SABINOM_2025-08-22_G15,10109923SABINOM,2025-08-22,117830,1,10,0,189.0
10109923SABINOM_2025-08-22_G16,10109923SABINOM,2025-08-22,117808,1,570,0,1395.0
10109923SABINOM_2025-08-22_G17,10109923SABINOM,2025-08-22,117808,1,972,0,2281.0
10109923SABINOM_2025-08-22_G18,10109923SABINOM,2025-08-22,"118281, 117808",2,336,10,1489.0
10109923SABINOM_2025-08-22_G19,10109923SABINOM,2025-08-22,140957,1,18,0,363.0
10109923SABINOM_2025-08-22_G20,10109923SABINOM,2025-08-22,118416,1,16,0,394.0
10109923SABINOM_2025-08-22_G21,10109923SABINOM,2025-08-22,108361,1,9,0,250.0
10109923SABINOM_2025-08-22_G23,10109923SABINOM,2025-08-22,110895,1,27,0,483.0
10109923SABINOM_2025-08-22_G24,10109923SABINOM,2025-08-22,"118277, 118283",2,52,13,952.0
10109923SABINOM_2025-08-23_G02,10109923SABINOM,2025-08-23,110733,2,3,16,347.0
10109923SABINOM_2025-08-23_G03,10109923SABINOM,2025-08-23,"110339, 111467",2,6,13,219.0
10109923SABINOM_2025-08-23_G04,10109923SABINOM,2025-08-23,111532,1,3,0,1087.0
10109923SABINOM_2025-08-23_G05,10109923SABINOM,2025-08-23,110787,1,9,0,237.0
10109923SABINOM_2025-08-23_G06,10109923SABINOM,2025-08-23,111462,1,9,0,304.0
10109923SABINOM_2025-08-23_G07,10109923SABINOM,2025-08-23,111418,1,127,0,1436.0
10109923SABINOM_2025-08-23_G08,10109923SABINOM,2025-08-23,111466,1,24,0,582.0
10109923SABINOM_2025-08-23_G09,10109923SABINOM,2025-08-23,117808,1,155,0,915.0
10109923SABINOM_2025-08-23_G10,10109923SABINOM,2025-08-23,110374,1,8,0,132.0
10109923SABINOM_2025-08-23_G11,10109923SABINOM,2025-08-23,117809,1,8,0,224.0
10109923SABINOM_2025-08-23_G12,10109923SABINOM,2025-08-23,111634,1,119,0,1842.0
10109923SABINOM_2025-08-23_G13,10109923SABINOM,2025-08-23,111751,1,56,0,1383.0
10109923SABINOM_2025-08-23_G14,10109923SABINOM,2025-08-23,110372,1,281,0,1019.0
10109923SABINOM_2025-08-23_G15,10109923SABINOM,2025-08-23,111602,1,20,0,1012.0
10109923SABINOM_2025-08-23_G16,10109923SABINOM,2025-08-23,111466,1,30,0,1097.0
10109923SABINOM_2025-08-23_G17,10109923SABINOM,2025-08-23,111602,1,20,0,85.0
10109923SABINOM_2025-08-23_G18,10109923SABINOM,2025-08-23,110787,1,73,0,591.0
10109923SABINOM_2025-08-23_G19,10109923SABINOM,2025-08-23,110787,1,27,0,200.0
10109923SABINOM_2025-08-23_G20,10109923SABINOM,2025-08-23,110711,1,4,0,275.0
10109923SABINOM_2025-08-23_G22,10109923SABINOM,2025-08-23,111466,1,28,0,435.0
10109923SABINOM_2025-08-23_G23,10109923SABINOM,2025-08-23,110711,1,4,0,171.0
10109923SABINOM_2025-08-23_G24,10109923SABINOM,2025-08-23,110711,1,4,0,49.0
10109923SABINOM_2025-08-23_G25,10109923SABINOM,2025-08-23,117808,1,100,0,806.0
10109923SABINOM_2025-08-23_G26,10109923SABINOM,2025-08-23,111430,1,6,0,633.0
10109923SABINOM_2025-08-23_G27,10109923SABINOM,2025-08-23,115775,1,1,0,139.0
10109923SABINOM_2025-08-23_G28,10109923SABINOM,2025-08-23,110895,1,142,0,2146.0
10109923SABINOM_2025-08-25_G02,10109923SABINOM,2025-08-25,117836,1,4,0,1351.0
10109923SABINOM_2025-08-25_G03,10109923SABINOM,2025-08-25,141318,1,4,0,223.0
10109923SABINOM_2025-08-25_G04,10109923SABINOM,2025-08-25,110747,1,4,0,140.0
10109923SABINOM_2025-08-25_G05,10109923SABINOM,2025-08-25,117854,1,2,0,139.0
10109923SABINOM_2025-08-25_G06,10109923SABINOM,2025-08-25,117862,1,5,0,73.0
10109923SABINOM_2025-08-25_G07,10109923SABINOM,2025-08-25,117861,1,8,0,123.0
10109923SABINOM_2025-08-25_G08,10109923SABINOM,2025-08-25,141047,1,4,0,105.0
10109923SABINOM_2025-08-25_G09,10109923SABINOM,2025-08-25,110515,1,7,0,132.0
10109923SABINOM_2025-08-25_G10,10109923SABINOM,2025-08-25,111530,1,4,0,518.0
10109923SABINOM_2025-08-25_G11,10109923SABINOM,2025-08-25,111348,1,2,0,2226.0
10109923SABINOM_2025-08-25_G12,10109923SABINOM,2025-08-25,140922,1,8,0,113.0
10109923SABINOM_2025-08-25_G13,10109923SABINOM,2025-08-25,111532,1,4,0,432.0
10109923SABINOM_2025-08-25_G14,10109923SABINOM,2025-08-25,111431,1,4,0,88.0
10109923SABINOM_2025-08-25_G15,10109923SABINOM,2025-08-25,111418,1,24,0,272.0
10109923SABINOM_2025-08-25_G16,10109923SABINOM,2025-08-25,118140,1,10,0,549.0
10109923SABINOM_2025-08-25_G17,10109923SABINOM,2025-08-25,111466,1,8,0,41.0
10109923SABINOM_2025-08-25_G18,10109923SABINOM,2025-08-25,110787,1,8,0,256.0
10109923SABINOM_2025-08-25_G19,10109923SABINOM,2025-08-25,111462,1,4,0,147.0
10109923SABINOM_2025-08-25_G20,10109923SABINOM,2025-08-25,110740,1,4,0,155.0
10109923SABINOM_2025-08-25_G21,10109923SABINOM,2025-08-25,111463,1,10,0,691.0
10109923SABINOM_2025-08-25_G22,10109923SABINOM,2025-08-25,117785,1,4,0,499.0
10109923SABINOM_2025-08-25_G23,10109923SABINOM,2025-08-25,110372,1,30,0,1293.0
10109923SABINOM_2025-08-25_G24,10109923SABINOM,2025-08-25,118299,1,12,0,59.0
10109923SABINOM_2025-08-25_G25,10109923SABINOM,2025-08-25,117808,1,12,0,474.0
10109923SABINOM_2025-08-25_G26,10109923SABINOM,2025-08-25,110373,1,12,0,385.0
10109923SABINOM_2025-08-25_G27,10109923SABINOM,2025-08-25,110374,1,10,0,774.0
10109923SABINOM_2025-08-25_G28,10109923SABINOM,2025-08-25,109643,1,5,0,130.0
10109923SABINOM_2025-08-25_G29,10109923SABINOM,2025-08-25,111530,2,16,22,1379.0
10109923SABINOM_2025-08-25_G30,10109923SABINOM,2025-08-25,117862,1,8,0,606.0
10109923SABINOM_2025-08-25_G31,10109923SABINOM,2025-08-25,117861,1,3,0,182.0
10109923SABINOM_2025-08-25_G32,10109923SABINOM,2025-08-25,141047,1,4,0,99.0
10109923SABINOM_2025-08-25_G33,10109923SABINOM,2025-08-25,111602,1,4,0,133.0
10109923SABINOM_2025-08-25_G35,10109923SABINOM,2025-08-25,117855,1,10,0,246.0
10109923SABINOM_2025-08-25_G36,10109923SABINOM,2025-08-25,117856,1,4,0,56.0
10109923SABINOM_2025-08-25_G37,10109923SABINOM,2025-08-25,109647,1,3,0,81.0
10109923SABINOM_2025-08-25_G38,10109923SABINOM,2025-08-25,109640,1,10,0,456.0
10109923SABINOM_2025-08-25_G39,10109923SABINOM,2025-08-25,110371,1,10,0,249.0
10109923SABINOM_2025-08-25_G40,10109923SABINOM,2025-08-25,110374,1,14,0,80.0
10109923SABINOM_2025-08-25_G41,10109923SABINOM,2025-08-25,110325,1,10,0,87.0
10109923SABINOM_2025-08-25_G42,10109923SABINOM,2025-08-25,110375,1,4,0,195.0
10109923SABINOM_2025-08-25_G43,10109923SABINOM,2025-08-25,118299,1,12,0,152.0
10109923SABINOM_2025-08-25_G44,10109923SABINOM,2025-08-25,117830,1,10,0,34.0
10109923SABINOM_2025-08-25_G45,10109923SABINOM,2025-08-25,117808,1,30,0,310.0
10109923SABINOM_2025-08-25_G46,10109923SABINOM,2025-08-25,117820,2,28,13,120.0
10109923SABINOM_2025-08-25_G47,10109923SABINOM,2025-08-25,109643,1,16,0,183.0
10109923SABINOM_2025-08-25_G48,10109923SABINOM,2025-08-25,110372,1,50,0,467.0
10109923SABINOM_2025-08-25_G49,10109923SABINOM,2025-08-25,110373,1,75,0,123.0
10109923SABINOM_2025-08-25_G50,10109923SABINOM,2025-08-25,117855,1,1,0,893.0
10109923SABINOM_2025-08-25_G51,10109923SABINOM,2025-08-25,111602,1,2,0,225.0
10109923SABINOM_2025-08-25_G52,10109923SABINOM,2025-08-25,110752,1,1,0,135.0
10109923SABINOM_2025-08-25_G53,10109923SABINOM,2025-08-25,111463,1,6,0,461.0
10109923SABINOM_2025-08-25_G54,10109923SABINOM,2025-08-25,117787,1,4,0,95.0
10109923SABINOM_2025-08-25_G55,10109923SABINOM,2025-08-25,111418,1,4,0,356.0
10109923SABINOM_2025-08-25_G56,10109923SABINOM,2025-08-25,118140,1,4,0,85.0
10109923SABINOM_2025-08-25_G57,10109923SABINOM,2025-08-25,110787,1,4,0,255.0
10109923SABINOM_2025-08-25_G58,10109923SABINOM,2025-08-25,117820,1,4,0,365.0
10109923SABINOM_2025-08-25_G59,10109923SABINOM,2025-08-25,118299,1,4,0,113.0
10109923SABINOM_2025-08-25_G60,10109923SABINOM,2025-08-25,110371,1,4,0,37.0
10109923SABINOM_2025-08-27_G02,10109923SABINOM,2025-08-27,111530,1,4,0,285.0
10109923SABINOM_2025-08-27_G03,10109923SABINOM,2025-08-27,111469,1,2,0,398.0
10109923SABINOM_2025-08-27_G04,10109923SABINOM,2025-08-27,111743,1,2,0,60.0
10109923SABINOM_2025-08-27_G05,10109923SABINOM,2025-08-27,111468,1,2,0,130.0
10109923SABINOM_2025-08-27_G06,10109923SABINOM,2025-08-27,111418,2,12,6,82.0
10109923SABINOM_2025-08-27_G07,10109923SABINOM,2025-08-27,"107236, 109641",3,10,22,161.0
10109923SABINOM_2025-08-27_G08,10109923SABINOM,2025-08-27,110740,2,4,5,131.0
10109923SABINOM_2025-08-27_G09,10109923SABINOM,2025-08-27,110376,1,4,0,140.0
10109923SABINOM_2025-08-27_G10,10109923SABINOM,2025-08-27,117820,1,8,0,130.0
10109923SABINOM_2025-08-27_G11,10109923SABINOM,2025-08-27,141318,1,4,0,2126.0
10109923SABINOM_2025-08-27_G12,10109923SABINOM,2025-08-27,111660,1,1,0,121.0
10109923SABINOM_2025-08-27_G13,10109923SABINOM,2025-08-27,111467,1,6,0,193.0
10109923SABINOM_2025-08-27_G14,10109923SABINOM,2025-08-27,110515,1,4,0,190.0
10109923SABINOM_2025-08-27_G15,10109923SABINOM,2025-08-27,117785,1,6,0,252.0
10109923SABINOM_2025-08-27_G16,10109923SABINOM,2025-08-27,108711,1,6,0,217.0
10109923SABINOM_2025-08-27_G17,10109923SABINOM,2025-08-27,117833,1,2,0,240.0
10109923SABINOM_2025-08-27_G18,10109923SABINOM,2025-08-27,111743,1,10,0,108.0
10109923SABINOM_2025-08-27_G19,10109923SABINOM,2025-08-27,141823,1,4,0,668.0
10109923SABINOM_2025-08-27_G20,10109923SABINOM,2025-08-27,111418,1,12,0,289.0
10109923SABINOM_2025-08-27_G21,10109923SABINOM,2025-08-27,117831,1,6,0,147.0
10109923SABINOM_2025-08-27_G22,10109923SABINOM,2025-08-27,111462,1,6,0,142.0
10109923SABINOM_2025-08-27_G23,10109923SABINOM,2025-08-27,109641,1,2,0,54.0
10109923SABINOM_2025-08-27_G24,10109923SABINOM,2025-08-27,110372,1,20,0,1460.0
10109923SABINOM_2025-08-27_G25,10109923SABINOM,2025-08-27,117820,1,7,0,206.0
10109923SABINOM_2025-08-27_G26,10109923SABINOM,2025-08-27,110373,1,7,0,273.0
10109923SABINOM_2025-08-27_G27,10109923SABINOM,2025-08-27,"141035, 118416",2,5,19,170.0
10109923SABINOM_2025-08-27_G28,10109923SABINOM,2025-08-27,117854,1,5,0,128.0
10109923SABINOM_2025-08-27_G29,10109923SABINOM,2025-08-27,117788,1,12,0,168.0
10109923SABINOM_2025-08-27_G30,10109923SABINOM,2025-08-27,111879,1,6,0,402.0
10109923SABINOM_2025-08-27_G31,10109923SABINOM,2025-08-27,117935,1,20,0,486.0
10109923SABINOM_2025-08-27_G32,10109923SABINOM,2025-08-27,118298,1,7,0,122.0
10109923SABINOM_2025-08-27_G33,10109923SABINOM,2025-08-27,111446,1,1,0,147.0
10109923SABINOM_2025-08-27_G34,10109923SABINOM,2025-08-27,116241,1,6,0,174.0
10109923SABINOM_2025-08-27_G35,10109923SABINOM,2025-08-27,115209,1,3,0,251.0
10109923SABINOM_2025-08-27_G36,10109923SABINOM,2025-08-27,111182,1,8,0,257.0
10109923SABINOM_2025-08-27_G37,10109923SABINOM,2025-08-27,108795,1,40,0,296.0
10109923SABINOM_2025-08-27_G38,10109923SABINOM,2025-08-27,117833,1,17,0,112.0
10109923SABINOM_2025-08-27_G39,10109923SABINOM,2025-08-27,118140,1,72,0,532.0
10109923SABINOM_2025-08-27_G40,10109923SABINOM,2025-08-27,117831,1,50,0,268.0
10109923SABINOM_2025-08-27_G41,10109923SABINOM,2025-08-27,111433,1,8,0,171.0
10109923SABINOM_2025-08-27_G42,10109923SABINOM,2025-08-27,141458,1,20,0,267.0
10109923SABINOM_2025-08-27_G43,10109923SABINOM,2025-08-27,160055,1,4,0,1700.0
10109923SABINOM_2025-08-27_G44,10109923SABINOM,2025-08-27,118290,1,8,0,133.0
10109923SABINOM_2025-08-27_G45,10109923SABINOM,2025-08-27,111462,1,8,0,333.0
10109923SABINOM_2025-08-27_G46,10109923SABINOM,2025-08-27,160057,1,4,0,45.0
10109923SABINOM_2025-08-27_G47,10109923SABINOM,2025-08-27,160055,1,1,0,134.0
10109923SABINOM_2025-08-27_G48,10109923SABINOM,2025-08-27,160054,1,4,0,74.0
10109923SABINOM_2025-08-27_G49,10109923SABINOM,2025-08-27,160051,1,6,0,167.0
10109923SABINOM_2025-08-27_G50,10109923SABINOM,2025-08-27,117856,1,7,0,627.0
10109923SABINOM_2025-08-27_G51,10109923SABINOM,2025-08-27,118140,1,2,0,121.0
10109923SABINOM_2025-08-27_G52,10109923SABINOM,2025-08-27,111462,1,5,0,171.0
10109923SABINOM_2025-08-27_G53,10109923SABINOM,2025-08-27,111530,2,30,9,279.0
10109923SABINOM_2025-08-27_G54,10109923SABINOM,2025-08-27,160054,1,30,0,313.0
10109923SABINOM_2025-08-27_G55,10109923SABINOM,2025-08-27,118317,1,6,0,122.0
10109923SABINOM_2025-08-27_G56,10109923SABINOM,2025-08-27,117935,1,8,0,159.0
10109923SABINOM_2025-08-27_G57,10109923SABINOM,2025-08-27,160057,1,10,0,88.0
10109923SABINOM_2025-08-27_G58,10109923SABINOM,2025-08-27,111469,1,9,0,847.0
10109923SABINOM_2025-08-27_G59,10109923SABINOM,2025-08-27,111466,1,12,0,135.0
10109923SABINOM_2025-08-27_G60,10109923SABINOM,2025-08-27,111462,1,18,0,175.0
10109923SABINOM_2025-08-27_G61,10109923SABINOM,2025-08-27,111441,1,4,0,317.0
10109923SABINOM_2025-08-27_G62,10109923SABINOM,2025-08-27,111469,1,6,0,142.0
10109923SABINOM_2025-08-27_G63,10109923SABINOM,2025-08-27,111466,1,6,0,323.0
10109923SABINOM_2025-08-27_G64,10109923SABINOM,2025-08-27,111462,1,4,0,203.0
10109923SABINOM_2025-08-27_G66,10109923SABINOM,2025-08-27,107892,1,2,0,176.0
10109923SABINOM_2025-08-27_G67,10109923SABINOM,2025-08-27,108772,1,2,0,264.0
10109923SABINOM_2025-08-27_G68,10109923SABINOM,2025-08-27,109647,1,2,0,126.0
10109923SABINOM_2025-08-27_G69,10109923SABINOM,2025-08-27,111469,1,12,0,46.0
10109923SABINOM_2025-08-27_G70,10109923SABINOM,2025-08-27,117785,1,10,0,150.0
10109923SABINOM_2025-08-27_G71,10109923SABINOM,2025-08-27,140922,1,8,0,150.0
10109923SABINOM_2025-08-27_G72,10109923SABINOM,2025-08-27,111532,1,8,0,98.0
10109923SABINOM_2025-08-27_G73,10109923SABINOM,2025-08-27,111466,1,30,0,238.0
10109923SABINOM_2025-08-27_G74,10109923SABINOM,2025-08-27,111465,1,4,0,125.0
10109923SABINOM_2025-08-27_G75,10109923SABINOM,2025-08-27,117832,1,5,0,186.0
10109923SABINOM_2025-08-27_G76,10109923SABINOM,2025-08-27,118299,2,32,22,203.0
10109923SABINOM_2025-08-27_G77,10109923SABINOM,2025-08-27,117808,1,417,0,1439.0
10109923SABINOM_2025-08-28_G02,10109923SABINOM,2025-08-28,109640,1,9,0,225.0
10109923SABINOM_2025-08-28_G03,10109923SABINOM,2025-08-28,111438,1,110,0,999.0
10109923SABINOM_2025-08-28_G04,10109923SABINOM,2025-08-28,111463,1,16,0,623.0
10109923SABINOM_2025-08-28_G05,10109923SABINOM,2025-08-28,"111466, 110787",2,14,28,278.0
10109923SABINOM_2025-08-28_G06,10109923SABINOM,2025-08-28,117831,1,10,0,93.0
10109923SABINOM_2025-08-28_G07,10109923SABINOM,2025-08-28,110374,1,16,0,1539.0
10109923SABINOM_2025-08-28_G08,10109923SABINOM,2025-08-28,117808,1,20,0,86.0
10109923SABINOM_2025-08-28_G09,10109923SABINOM,2025-08-28,117820,1,11,0,147.0
10109923SABINOM_2025-08-28_G10,10109923SABINOM,2025-08-28,118299,1,30,0,737.0
10109923SABINOM_2025-08-28_G11,10109923SABINOM,2025-08-28,117830,1,8,0,193.0
10109923SABINOM_2025-08-28_G12,10109923SABINOM,2025-08-28,110371,1,50,0,791.0
10109923SABINOM_2025-08-28_G13,10109923SABINOM,2025-08-28,110372,1,40,0,176.0
10109923SABINOM_2025-08-28_G14,10109923SABINOM,2025-08-28,110373,1,30,0,400.0
10109923SABINOM_2025-08-28_G15,10109923SABINOM,2025-08-28,111466,1,18,0,646.0
10109923SABINOM_2025-08-28_G16,10109923SABINOM,2025-08-28,110711,1,8,0,370.0
10109923SABINOM_2025-08-28_G17,10109923SABINOM,2025-08-28,111466,1,12,0,226.0
10109923SABINOM_2025-08-28_G18,10109923SABINOM,2025-08-28,117935,1,6,0,313.0
10109923SABINOM_2025-08-28_G19,10109923SABINOM,2025-08-28,111462,1,6,0,107.0
10109923SABINOM_2025-08-28_G20,10109923SABINOM,2025-08-28,111462,1,8,0,316.0
10109923SABINOM_2025-08-28_G21,10109923SABINOM,2025-08-28,111530,1,8,0,352.0
10109923SABINOM_2025-08-28_G22,10109923SABINOM,2025-08-28,141823,1,16,0,171.0
10109923SABINOM_2025-08-28_G24,10109923SABINOM,2025-08-28,110371,1,30,0,319.0
10109923SABINOM_2025-08-28_G25,10109923SABINOM,2025-08-28,117830,1,25,0,557.0
10109923SABINOM_2025-08-28_G26,10109923SABINOM,2025-08-28,117808,1,200,0,455.0
10109923SABINOM_2025-08-28_G27,10109923SABINOM,2025-08-28,110372,1,200,0,659.0
10109923SABINOM_2025-08-28_G28,10109923SABINOM,2025-08-28,117820,1,50,0,854.0
10109923SABINOM_2025-08-28_G29,10109923SABINOM,2025-08-28,118299,1,150,0,229.0
10109923SABINOM_2025-08-28_G30,10109923SABINOM,2025-08-28,110373,1,150,0,273.0
10109923SABINOM_2025-08-28_G31,10109923SABINOM,2025-08-28,110374,1,50,0,256.0
10109923SABINOM_2025-08-29_G02,10109923SABINOM,2025-08-29,110895,2,10,7,720.0
10109923SABINOM_2025-08-29_G03,10109923SABINOM,2025-08-29,141352,1,12,0,937.0
10109923SABINOM_2025-08-29_G04,10109923SABINOM,2025-08-29,110711,1,1,0,76.0
10109923SABINOM_2025-08-29_G05,10109923SABINOM,2025-08-29,111530,1,13,0,205.0
10109923SABINOM_2025-08-29_G06,10109923SABINOM,2025-08-29,109640,2,3,6,152.0
10109923SABINOM_2025-08-29_G07,10109923SABINOM,2025-08-29,110515,1,12,0,168.0
10109923SABINOM_2025-08-29_G08,10109923SABINOM,2025-08-29,108795,1,2,0,416.0
10109923SABINOM_2025-08-29_G09,10109923SABINOM,2025-08-29,111532,1,4,0,102.0
10109923SABINOM_2025-08-29_G10,10109923SABINOM,2025-08-29,110787,1,8,0,116.0
10109923SABINOM_2025-08-29_G11,10109923SABINOM,2025-08-29,118140,1,10,0,204.0
10109923SABINOM_2025-08-29_G12,10109923SABINOM,2025-08-29,111172,1,4,0,128.0
10109923SABINOM_2025-08-29_G13,10109923SABINOM,2025-08-29,107236,1,4,0,79.0
10109923SABINOM_2025-08-29_G14,10109923SABINOM,2025-08-29,111468,1,5,0,84.0
10109923SABINOM_2025-08-29_G15,10109923SABINOM,2025-08-29,118317,1,8,0,119.0
10109923SABINOM_2025-08-29_G16,10109923SABINOM,2025-08-29,109643,1,8,0,91.0
10109923SABINOM_2025-08-29_G17,10109923SABINOM,2025-08-29,117809,1,10,0,93.0
10109923SABINOM_2025-08-29_G18,10109923SABINOM,2025-08-29,117830,1,8,0,239.0
10109923SABINOM_2025-08-29_G19,10109923SABINOM,2025-08-29,117832,1,21,0,733.0
10109923SABINOM_2025-08-29_G20,10109923SABINOM,2025-08-29,108795,1,2,0,437.0
10109923SABINOM_2025-08-29_G21,10109923SABINOM,2025-08-29,118140,1,1,0,148.0
10109923SABINOM_2025-08-29_G22,10109923SABINOM,2025-08-29,118299,1,100,0,356.0
10109923SABINOM_2025-08-29_G23,10109923SABINOM,2025-08-29,"117808, 111602",2,102,30,332.0
10109923SABINOM_2025-08-29_G24,10109923SABINOM,2025-08-29,110711,1,2,0,664.0
10109923SABINOM_2025-08-29_G25,10109923SABINOM,2025-08-29,117842,1,2,0,138.0
10109923SABINOM_2025-08-29_G26,10109923SABINOM,2025-08-29,141456,1,3,0,99.0
10109923SABINOM_2025-08-29_G27,10109923SABINOM,2025-08-29,141457,1,6,0,117.0
10109923SABINOM_2025-08-29_G28,10109923SABINOM,2025-08-29,117831,1,2,0,110.0
10109923SABINOM_2025-08-29_G29,10109923SABINOM,2025-08-29,110745,1,2,0,158.0
10109923SABINOM_2025-08-29_G30,10109923SABINOM,2025-08-29,117808,1,14,0,205.0
10109923SABINOM_2025-08-29_G31,10109923SABINOM,2025-08-29,118299,1,6,0,59.0
10109923SABINOM_2025-08-29_G32,10109923SABINOM,2025-08-29,117809,1,2,0,40.0
10109923SABINOM_2025-08-29_G33,10109923SABINOM,2025-08-29,117820,1,2,0,318.0
10109923SABINOM_2025-08-29_G34,10109923SABINOM,2025-08-29,110373,1,2,0,41.0
10109923SABINOM_2025-08-29_G35,10109923SABINOM,2025-08-29,110376,1,2,0,59.0
10109923SABINOM_2025-08-29_G36,10109923SABINOM,2025-08-29,118222,1,2,0,233.0
10109923SABINOM_2025-08-29_G37,10109923SABINOM,2025-08-29,141318,1,4,0,858.0
10109923SABINOM_2025-08-29_G38,10109923SABINOM,2025-08-29,141066,1,1,0,214.0
10109923SABINOM_2025-08-29_G39,10109923SABINOM,2025-08-29,110711,1,1,0,43.0
10109923SABINOM_2025-08-29_G40,10109923SABINOM,2025-08-29,117935,1,3,0,140.0
10109923SABINOM_2025-08-29_G41,10109923SABINOM,2025-08-29,141823,1,3,0,325.0
10109923SABINOM_2025-08-29_G42,10109923SABINOM,2025-08-29,111462,1,2,0,113.0
10109923SABINOM_2025-08-29_G43,10109923SABINOM,2025-08-29,105705,1,10,0,461.0
10109923SABINOM_2025-08-29_G45,10109923SABINOM,2025-08-29,110755,1,3,0,92.0
10109923SABINOM_2025-08-29_G46,10109923SABINOM,2025-08-29,111569,1,2,0,174.0
10109923SABINOM_2025-08-29_G47,10109923SABINOM,2025-08-29,118094,1,2,0,111.0
10109923SABINOM_2025-08-29_G48,10109923SABINOM,2025-08-29,"111530, 110733",2,25,29,145.0
10109923SABINOM_2025-08-29_G49,10109923SABINOM,2025-08-29,111602,1,12,0,306.0
10109923SABINOM_2025-08-29_G50,10109923SABINOM,2025-08-29,110515,1,2,0,296.0
10109923SABINOM_2025-08-29_G51,10109923SABINOM,2025-08-29,100334,1,8,0,279.0
10109923SABINOM_2025-08-29_G52,10109923SABINOM,2025-08-29,110711,1,20,0,105.0
10109923SABINOM_2025-08-29_G53,10109923SABINOM,2025-08-29,117935,1,23,0,304.0
10109923SABINOM_2025-08-29_G54,10109923SABINOM,2025-08-29,117861,1,20,0,480.0
10109923SABINOM_2025-08-29_G55,10109923SABINOM,2025-08-29,"111532, 110787",2,8,15,130.0
10109923SABINOM_2025-08-29_G56,10109923SABINOM,2025-08-29,111418,1,12,0,133.0
10109923SABINOM_2025-08-29_G57,10109923SABINOM,2025-08-29,118140,1,22,0,89.0
10109923SABINOM_2025-08-29_G58,10109923SABINOM,2025-08-29,118317,1,3,0,65.0
10109923SABINOM_2025-08-29_G59,10109923SABINOM,2025-08-29,110373,1,40,0,786.0
10109923SABINOM_2025-08-29_G60,10109923SABINOM,2025-08-29,141202,1,6,0,193.0
10109923SABINOM_2025-08-29_G61,10109923SABINOM,2025-08-29,117856,1,60,0,266.0
10109923SABINOM_2025-08-29_G62,10109923SABINOM,2025-08-29,117853,1,20,0,249.0
10109923SABINOM_2025-08-29_G63,10109923SABINOM,2025-08-29,110372,1,100,0,2267.0
10109923SABINOM_2025-08-30_G02,10109923SABINOM,2025-08-30,111462,2,9,5,126.0
10109923SABINOM_2025-08-30_G03,10109923SABINOM,2025-08-30,110372,1,8,0,652.0
10109923SABINOM_2025-08-30_G04,10109923SABINOM,2025-08-30,118299,1,40,0,512.0
10109923SABINOM_2025-08-30_G05,10109923SABINOM,2025-08-30,111466,1,50,0,1821.0
10109923SABINOM_2025-08-30_G06,10109923SABINOM,2025-08-30,111469,1,34,0,1391.0
10109923SABINOM_2025-08-30_G07,10109923SABINOM,2025-08-30,111469,1,4,0,302.0
10109923SABINOM_2025-08-30_G08,10109923SABINOM,2025-08-30,111530,1,30,0,1242.0
10109923SABINOM_2025-08-30_G09,10109923SABINOM,2025-08-30,117935,1,9,0,147.0
10109923SABINOM_2025-08-30_G10,10109923SABINOM,2025-08-30,111466,1,85,0,514.0
10109923SABINOM_2025-08-30_G11,10109923SABINOM,2025-08-30,109640,1,6,0,1071.0
10109923SABINOM_2025-08-30_G12,10109923SABINOM,2025-08-30,109645,2,14,6,102.0
10109923SABINOM_2025-08-30_G13,10109923SABINOM,2025-08-30,105705,1,2,0,124.0
10109923SABINOM_2025-08-30_G14,10109923SABINOM,2025-08-30,111469,1,4,0,62.0
10109923SABINOM_2025-08-30_G15,10109923SABINOM,2025-08-30,111466,1,5,0,55.0
10109923SABINOM_2025-08-30_G16,10109923SABINOM,2025-08-30,109641,1,12,0,229.0
10109923SABINOM_2025-08-30_G17,10109923SABINOM,2025-08-30,111330,1,4,0,190.0
10109923SABINOM_2025-08-30_G18,10109923SABINOM,2025-08-30,110740,1,4,0,217.0
10109923SABINOM_2025-08-30_G19,10109923SABINOM,2025-08-30,110373,1,8,0,920.0
10109923SABINOM_2025-08-30_G20,10109923SABINOM,2025-08-30,118299,1,4,0,103.0
10109923SABINOM_2025-08-30_G21,10109923SABINOM,2025-08-30,110371,1,4,0,35.0
10109923SABINOM_2025-08-30_G22,10109923SABINOM,2025-08-30,160057,1,2,0,119.0
10109923SABINOM_2025-08-30_G23,10109923SABINOM,2025-08-30,160055,1,4,0,195.0
10109923SABINOM_2025-08-30_G24,10109923SABINOM,2025-08-30,160054,1,4,0,103.0
10109923SABINOM_2025-08-30_G25,10109923SABINOM,2025-08-30,160051,1,2,0,233.0
10109923SABINOM_2025-08-30_G26,10109923SABINOM,2025-08-30,110515,1,4,0,72.0
10109923SABINOM_2025-08-30_G27,10109923SABINOM,2025-08-30,141823,1,4,0,691.0
10109923SABINOM_2025-08-30_G28,10109923SABINOM,2025-08-30,111465,1,8,0,261.0
10109923SABINOM_2025-08-30_G29,10109923SABINOM,2025-08-30,110374,1,4,0,178.0
10109923SABINOM_2025-08-30_G30,10109923SABINOM,2025-08-30,110515,1,8,0,71.0
10109923SABINOM_2025-08-30_G31,10109923SABINOM,2025-08-30,110313,1,10,0,1467.0
10109923SABINOM_2025-08-30_G32,10109923SABINOM,2025-08-30,110313,1,53,0,1074.0
10109923SABINOM_2025-08-30_G33,10109923SABINOM,2025-08-30,110711,1,130,0,1024.0
10109923SABINOM_2025-08-30_G34,10109923SABINOM,2025-08-30,110711,1,200,0,167.0
10109923SABINOM_2025-08-30_G35,10109923SABINOM,2025-08-30,110711,1,90,0,1114.0
10109923SABINOM_2025-08-30_G36,10109923SABINOM,2025-08-30,117935,3,221,31,800.0
10109923SABINOM_2025-08-30_G37,10109923SABINOM,2025-08-30,110711,1,39,0,673.0
10109923SABINOM_2025-08-30_G38,10109923SABINOM,2025-08-30,111330,1,5,0,64.0
10109923SABINOM_2025-08-30_G39,10109923SABINOM,2025-08-30,141823,1,82,0,1238.0
10109923SABINOM_2025-08-30_G40,10109923SABINOM,2025-08-30,141823,1,100,0,990.0
10109923SABINOM_2025-08-30_G41,10109923SABINOM,2025-08-30,141823,1,48,0,751.0
10109923SABINOM_2025-08-31_G02,10109923SABINOM,2025-08-31,110579,1,2,0,105.0
10109923SABINOM_2025-08-31_G03,10109923SABINOM,2025-08-31,118354,1,2,0,97.0
10109923SABINOM_2025-08-31_G04,10109923SABINOM,2025-08-31,111705,1,2,0,330.0
10109923SABINOM_2025-08-31_G05,10109923SABINOM,2025-08-31,110515,1,1,0,243.0
10109923SABINOM_2025-08-31_G06,10109923SABINOM,2025-08-31,141457,1,35,0,748.0
10109923SABINOM_2025-08-31_G07,10109923SABINOM,2025-08-31,111532,1,9,0,84.0
10109923SABINOM_2025-08-31_G08,10109923SABINOM,2025-08-31,117808,1,3,0,117.0
10109923SABINOM_2025-08-31_G09,10109923SABINOM,2025-08-31,118299,1,1,0,108.0
10109923SABINOM_2025-08-31_G10,10109923SABINOM,2025-08-31,111530,1,115,0,777.0
10109923SABINOM_2025-08-31_G11,10109923SABINOM,2025-08-31,110374,1,57,0,235.0
10109923SABINOM_2025-08-31_G12,10109923SABINOM,2025-08-31,111441,3,6,33,172.0
10109923SABINOM_2025-08-31_G13,10109923SABINOM,2025-08-31,111441,2,20,23,294.0
10109923SABINOM_2025-08-31_G14,10109923SABINOM,2025-08-31,160055,1,2,0,470.0
10109923SABINOM_2025-08-31_G15,10109923SABINOM,2025-08-31,111530,1,6,0,139.0
10109923SABINOM_2025-08-31_G16,10109923SABINOM,2025-08-31,117808,1,1,0,572.0
10109923SABINOM_2025-08-31_G17,10109923SABINOM,2025-08-31,160055,1,2,0,118.0
10109923SABINOM_2025-08-31_G18,10109923SABINOM,2025-08-31,160051,1,3,0,134.0
10109923SABINOM_2025-08-31_G19,10109923SABINOM,2025-08-31,109643,1,1,0,747.0
10109923SABINOM_2025-08-31_G20,10109923SABINOM,2025-08-31,111418,1,5,0,167.0
10109923SABINOM_2025-08-31_G21,10109923SABINOM,2025-08-31,111462,1,2,0,78.0
10109923SABINOM_2025-08-31_G22,10109923SABINOM,2025-08-31,111530,2,4,6,73.0
10109923SABINOM_2025-08-31_G23,10109923SABINOM,2025-08-31,111441,3,5,16,346.0
10109923SABINOM_2025-08-31_G24,10109923SABINOM,2025-08-31,110313,1,4,0,74.0
10109923SABINOM_2025-08-31_G25,10109923SABINOM,2025-08-31,110813,1,2,0,586.0
10109923SABINOM_2025-08-31_G26,10109923SABINOM,2025-08-31,111441,1,8,0,459.0
10109923SABINOM_2025-08-31_G28,10109923SABINOM,2025-08-31,141140,1,60,0,505.0
10109923SABINOM_2025-08-31_G29,10109923SABINOM,2025-08-31,109640,1,1,0,584.0
10109923SABINOM_2025-08-31_G30,10109923SABINOM,2025-08-31,109640,1,6,0,107.0
10109923SABINOM_2025-09-06_G02,10109923SABINOM,2025-09-06,110064,1,4,0,142.0
10109923SABINOM_2025-09-06_G03,10109923SABINOM,2025-09-06,140911,1,3,0,87.0
10109923SABINOM_2025-09-06_G04,10109923SABINOM,2025-09-06,109872,1,2,0,293.0
10109923SABINOM_2025-09-06_G05,10109923SABINOM,2025-09-06,109471,1,2,0,93.0
10109923SABINOM_2025-09-06_G07,10109923SABINOM,2025-09-06,111792,1,3,0,631.0
10109923SABINOM_2025-09-06_G08,10109923SABINOM,2025-09-06,111569,1,80,0,1083.0
10109923SABINOM_2025-09-06_G09,10109923SABINOM,2025-09-06,110747,1,20,0,1183.0
10109923SABINOM_2025-09-06_G10,10109923SABINOM,2025-09-06,111438,1,60,0,236.0
10109923SABINOM_2025-09-06_G11,10109923SABINOM,2025-09-06,118222,1,51,0,894.0
10109923SABINOM_2025-09-06_G12,10109923SABINOM,2025-09-06,141047,1,23,0,460.0
10109923SABINOM_2025-09-06_G13,10109923SABINOM,2025-09-06,108961,1,2,0,851.0
10109923SABINOM_2025-09-06_G14,10109923SABINOM,2025-09-06,105242,1,1,0,135.0
10109923SABINOM_2025-09-06_G15,10109923SABINOM,2025-09-06,110092,1,1,0,1459.0
10109923SABINOM_2025-09-06_G16,10109923SABINOM,2025-09-06,141035,1,5,0,61.0
10109923SABINOM_2025-09-06_G17,10109923SABINOM,2025-09-06,111876,1,33,0,2176.0
10109923SABINOM_2025-09-06_G18,10109923SABINOM,2025-09-06,117854,1,22,0,237.0
10109923SABINOM_2025-09-06_G20,10109923SABINOM,2025-09-06,118299,1,200,0,723.0
10109923SABINOM_2025-09-08_G02,10109923SABINOM,2025-09-08,110373,1,7,0,393.0
10109923SABINOM_2025-09-08_G03,10109923SABINOM,2025-09-08,117834,1,4,0,150.0
10109923SABINOM_2025-09-08_G04,10109923SABINOM,2025-09-08,100334,1,3,0,750.0
10109923SABINOM_2025-09-08_G05,10109923SABINOM,2025-09-08,117855,1,8,0,137.0
10109923SABINOM_2025-09-08_G06,10109923SABINOM,2025-09-08,110515,1,20,0,3202.0
10109923SABINOM_2025-09-08_G07,10109923SABINOM,2025-09-08,110372,1,30,0,514.0
10109923SABINOM_2025-09-08_G08,10109923SABINOM,2025-09-08,110371,1,20,0,639.0
10109923SABINOM_2025-09-08_G09,10109923SABINOM,2025-09-08,110373,1,20,0,66.0
10109923SABINOM_2025-09-08_G10,10109923SABINOM,2025-09-08,110375,1,4,0,181.0
10109923SABINOM_2025-09-08_G11,10109923SABINOM,2025-09-08,117830,1,4,0,95.0
10109923SABINOM_2025-09-08_G12,10109923SABINOM,2025-09-08,117808,1,12,0,1999.0
10109923SABINOM_2025-09-08_G13,10109923SABINOM,2025-09-08,117820,1,1,0,121.0
10109923SABINOM_2025-09-08_G14,10109923SABINOM,2025-09-08,118299,2,15,8,65.0
10109923SABINOM_2025-09-08_G15,10109923SABINOM,2025-09-08,117830,1,4,0,184.0
10109923SABINOM_2025-09-08_G16,10109923SABINOM,2025-09-08,111442,1,28,0,453.0
10109923SABINOM_2025-09-08_G17,10109923SABINOM,2025-09-08,110740,1,4,0,46.0
10109923SABINOM_2025-09-08_G18,10109923SABINOM,2025-09-08,140922,1,1,0,135.0
10109923SABINOM_2025-09-08_G19,10109923SABINOM,2025-09-08,111469,2,16,7,202.0
10109923SABINOM_2025-09-08_G20,10109923SABINOM,2025-09-08,110741,1,4,0,529.0
10109923SABINOM_2025-09-08_G21,10109923SABINOM,2025-09-08,118298,1,4,0,84.0
10109923SABINOM_2025-09-08_G22,10109923SABINOM,2025-09-08,118094,1,2,0,210.0
10109923SABINOM_2025-09-08_G23,10109923SABINOM,2025-09-08,108770,1,4,0,380.0
10109923SABINOM_2025-09-08_G24,10109923SABINOM,2025-09-08,110733,1,4,0,153.0
10109923SABINOM_2025-09-08_G25,10109923SABINOM,2025-09-08,118140,1,2,0,49.0
10109923SABINOM_2025-09-08_G26,10109923SABINOM,2025-09-08,141456,1,2,0,103.0
10109923SABINOM_2025-09-08_G27,10109923SABINOM,2025-09-08,117808,1,9,0,243.0
10109923SABINOM_2025-09-08_G28,10109923SABINOM,2025-09-08,117820,1,2,0,236.0
10109923SABINOM_2025-09-08_G29,10109923SABINOM,2025-09-08,110372,1,4,0,166.0
10109923SABINOM_2025-09-08_G30,10109923SABINOM,2025-09-08,118299,1,5,0,74.0
10109923SABINOM_2025-09-08_G31,10109923SABINOM,2025-09-08,111468,1,4,0,2458.0
10109923SABINOM_2025-09-08_G32,10109923SABINOM,2025-09-08,118418,1,2,0,170.0
10109923SABINOM_2025-09-08_G33,10109923SABINOM,2025-09-08,118222,1,1,0,152.0
10109923SABINOM_2025-09-08_G34,10109923SABINOM,2025-09-08,111660,1,4,0,402.0
10109923SABINOM_2025-09-08_G36,10109923SABINOM,2025-09-08,117856,1,2,0,1810.0
10109923SABINOM_2025-09-08_G37,10109923SABINOM,2025-09-08,118094,1,2,0,133.0
10109923SABINOM_2025-09-08_G38,10109923SABINOM,2025-09-08,"111469, 111466",2,3,11,728.0
10109923SABINOM_2025-09-08_G39,10109923SABINOM,2025-09-08,110745,1,2,0,133.0
10109923SABINOM_2025-09-08_G40,10109923SABINOM,2025-09-08,111442,1,6,0,92.0
10109923SABINOM_2025-09-08_G41,10109923SABINOM,2025-09-08,111348,1,8,0,131.0
10109923SABINOM_2025-09-08_G42,10109923SABINOM,2025-09-08,110371,1,8,0,84.0
10109923SABINOM_2025-09-08_G43,10109923SABINOM,2025-09-08,110373,1,4,0,113.0
10109923SABINOM_2025-09-08_G44,10109923SABINOM,2025-09-08,111112,1,1,0,233.0
10109923SABINOM_2025-09-08_G45,10109923SABINOM,2025-09-08,141313,1,2,0,190.0
10109923SABINOM_2025-09-08_G46,10109923SABINOM,2025-09-08,160057,1,6,0,154.0
10109923SABINOM_2025-09-08_G47,10109923SABINOM,2025-09-08,160051,1,6,0,896.0
10109923SABINOM_2025-09-08_G48,10109923SABINOM,2025-09-08,110552,1,4,0,370.0
10109923SABINOM_2025-09-08_G49,10109923SABINOM,2025-09-08,110752,1,4,0,280.0
10109923SABINOM_2025-09-08_G50,10109923SABINOM,2025-09-08,110373,1,2,0,150.0
10109923SABINOM_2025-09-08_G51,10109923SABINOM,2025-09-08,118222,1,4,0,262.0
10109923SABINOM_2025-09-08_G52,10109923SABINOM,2025-09-08,111469,1,4,0,189.0
10109923SABINOM_2025-09-08_G53,10109923SABINOM,2025-09-08,117853,1,4,0,332.0
10109923SABINOM_2025-09-08_G54,10109923SABINOM,2025-09-08,110373,1,4,0,87.0
10109923SABINOM_2025-09-09_G02,10109923SABINOM,2025-09-09,111463,1,2,0,99.0
10109923SABINOM_2025-09-09_G03,10109923SABINOM,2025-09-09,117821,1,2,0,113.0
10109923SABINOM_2025-09-09_G04,10109923SABINOM,2025-09-09,108794,1,6,0,146.0
10109923SABINOM_2025-09-09_G05,10109923SABINOM,2025-09-09,117785,1,6,0,245.0
10109923SABINOM_2025-09-09_G06,10109923SABINOM,2025-09-09,140922,1,9,0,36.0
10109923SABINOM_2025-09-09_G07,10109923SABINOM,2025-09-09,110740,1,7,0,108.0
10109923SABINOM_2025-09-09_G08,10109923SABINOM,2025-09-09,"110374, 117820",2,11,17,447.0
10109923SABINOM_2025-09-09_G09,10109923SABINOM,2025-09-09,110372,1,19,0,186.0
10109923SABINOM_2025-09-09_G10,10109923SABINOM,2025-09-09,110373,1,8,0,87.0
10109923SABINOM_2025-09-09_G11,10109923SABINOM,2025-09-09,117808,1,3,0,38.0
10109923SABINOM_2025-09-09_G12,10109923SABINOM,2025-09-09,117830,1,8,0,330.0
10109923SABINOM_2025-09-09_G13,10109923SABINOM,2025-09-09,111660,1,4,0,1550.0
10109923SABINOM_2025-09-09_G14,10109923SABINOM,2025-09-09,120002,1,2,0,174.0
10109923SABINOM_2025-09-09_G15,10109923SABINOM,2025-09-09,111602,1,2,0,118.0
10109923SABINOM_2025-09-09_G16,10109923SABINOM,2025-09-09,111530,1,4,0,244.0
10109923SABINOM_2025-09-09_G17,10109923SABINOM,2025-09-09,111467,1,2,0,988.0
10109923SABINOM_2025-09-09_G18,10109923SABINOM,2025-09-09,100334,1,6,0,1776.0
10109923SABINOM_2025-09-09_G19,10109923SABINOM,2025-09-09,111463,1,4,0,402.0
10109923SABINOM_2025-09-09_G20,10109923SABINOM,2025-09-09,117821,1,4,0,209.0
10109923SABINOM_2025-09-09_G21,10109923SABINOM,2025-09-09,108794,1,4,0,173.0
10109923SABINOM_2025-09-09_G22,10109923SABINOM,2025-09-09,140922,1,6,0,86.0
10109923SABINOM_2025-09-09_G23,10109923SABINOM,2025-09-09,111465,1,4,0,146.0
10109923SABINOM_2025-09-09_G24,10109923SABINOM,2025-09-09,110374,1,6,0,172.0
10109923SABINOM_2025-09-09_G25,10109923SABINOM,2025-09-09,117820,1,10,0,43.0
10109923SABINOM_2025-09-09_G26,10109923SABINOM,2025-09-09,118299,1,12,0,438.0
10109923SABINOM_2025-09-09_G27,10109923SABINOM,2025-09-09,"117832, 110371",2,21,6,165.0
10109923SABINOM_2025-09-09_G28,10109923SABINOM,2025-09-09,110373,1,3,0,48.0
10109923SABINOM_2025-09-09_G29,10109923SABINOM,2025-09-09,117830,1,3,0,310.0
10109923SABINOM_2025-09-09_G30,10109923SABINOM,2025-09-09,111467,1,4,0,461.0
10109923SABINOM_2025-09-09_G31,10109923SABINOM,2025-09-09,117853,1,2,0,240.0
10109923SABINOM_2025-09-09_G32,10109923SABINOM,2025-09-09,117821,1,2,0,101.0
10109923SABINOM_2025-09-09_G33,10109923SABINOM,2025-09-09,117808,1,6,0,608.0
10109923SABINOM_2025-09-09_G34,10109923SABINOM,2025-09-09,117820,1,4,0,99.0
10109923SABINOM_2025-09-09_G35,10109923SABINOM,2025-09-09,117832,1,4,0,149.0
10109923SABINOM_2025-09-09_G36,10109923SABINOM,2025-09-09,110373,1,3,0,78.0
10109923SABINOM_2025-09-09_G37,10109923SABINOM,2025-09-09,"111602, 111418",2,9,23,438.0
10109923SABINOM_2025-09-09_G38,10109923SABINOM,2025-09-09,111465,1,3,0,129.0
10109923SABINOM_2025-09-09_G39,10109923SABINOM,2025-09-09,110374,1,3,0,1025.0
10109923SABINOM_2025-09-09_G40,10109923SABINOM,2025-09-09,"110372, 110371",2,5,9,291.0
10109923SABINOM_2025-09-09_G41,10109923SABINOM,2025-09-09,160057,1,4,0,245.0
10109923SABINOM_2025-09-09_G42,10109923SABINOM,2025-09-09,160051,1,4,0,257.0
10109923SABINOM_2025-09-09_G43,10109923SABINOM,2025-09-09,111530,1,2,0,378.0
10109923SABINOM_2025-09-09_G44,10109923SABINOM,2025-09-09,111467,1,4,0,254.0
10109923SABINOM_2025-09-09_G45,10109923SABINOM,2025-09-09,117853,1,4,0,64.0
10109923SABINOM_2025-09-09_G46,10109923SABINOM,2025-09-09,117855,1,4,0,576.0
10109923SABINOM_2025-09-09_G47,10109923SABINOM,2025-09-09,111463,1,4,0,161.0
10109923SABINOM_2025-09-09_G48,10109923SABINOM,2025-09-09,117785,1,5,0,89.0
10109923SABINOM_2025-09-09_G49,10109923SABINOM,2025-09-09,140922,1,1,0,38.0
10109923SABINOM_2025-09-09_G50,10109923SABINOM,2025-09-09,"110740, 111465",2,6,23,131.0
10109923SABINOM_2025-09-09_G52,10109923SABINOM,2025-09-09,118299,1,4,0,60.0
10109923SABINOM_2025-09-09_G53,10109923SABINOM,2025-09-09,110372,1,6,0,65.0
10109923SABINOM_2025-09-09_G54,10109923SABINOM,2025-09-09,117832,1,4,0,65.0
10109923SABINOM_2025-09-09_G55,10109923SABINOM,2025-09-09,117830,1,4,0,119.0
10109923SABINOM_2025-09-09_G56,10109923SABINOM,2025-09-09,111602,1,1,0,346.0
10109923SABINOM_2025-09-09_G57,10109923SABINOM,2025-09-09,100334,1,4,0,76.0
10109923SABINOM_2025-09-09_G58,10109923SABINOM,2025-09-09,111530,1,2,0,133.0
10109923SABINOM_2025-09-09_G59,10109923SABINOM,2025-09-09,"117853, 117855",2,3,9,57.0
10109923SABINOM_2025-09-09_G60,10109923SABINOM,2025-09-09,111463,1,2,0,162.0
10109923SABINOM_2025-09-09_G61,10109923SABINOM,2025-09-09,118140,1,6,0,135.0
10109923SABINOM_2025-09-09_G62,10109923SABINOM,2025-09-09,110740,1,2,0,110.0
10109923SABINOM_2025-09-09_G63,10109923SABINOM,2025-09-09,117808,1,5,0,369.0
10109923SABINOM_2025-09-09_G64,10109923SABINOM,2025-09-09,117820,1,9,0,56.0
10109923SABINOM_2025-09-09_G65,10109923SABINOM,2025-09-09,118299,1,12,0,95.0
10109923SABINOM_2025-09-09_G66,10109923SABINOM,2025-09-09,110372,1,1,0,57.0
10109923SABINOM_2025-09-09_G67,10109923SABINOM,2025-09-09,117832,1,7,0,62.0
10109923SABINOM_2025-09-09_G68,10109923SABINOM,2025-09-09,110371,1,8,0,42.0
10109923SABINOM_2025-09-09_G69,10109923SABINOM,2025-09-09,110373,1,2,0,62.0
10109923SABINOM_2025-09-09_G70,10109923SABINOM,2025-09-09,"100334, 117855",2,6,24,692.0
10109923SABINOM_2025-09-09_G71,10109923SABINOM,2025-09-09,117821,1,2,0,115.0
10109923SABINOM_2025-09-09_G72,10109923SABINOM,2025-09-09,117785,1,2,0,68.0
10109923SABINOM_2025-09-09_G73,10109923SABINOM,2025-09-09,110740,1,3,0,85.0
10109923SABINOM_2025-09-09_G74,10109923SABINOM,2025-09-09,117808,1,17,0,156.0
10109923SABINOM_2025-09-09_G75,10109923SABINOM,2025-09-09,117820,1,1,0,76.0
10109923SABINOM_2025-09-09_G76,10109923SABINOM,2025-09-09,110372,1,13,0,184.0
10109923SABINOM_2025-09-09_G77,10109923SABINOM,2025-09-09,110371,1,7,0,36.0
10109923SABINOM_2025-09-09_G78,10109923SABINOM,2025-09-09,110373,1,2,0,37.0
10109923SABINOM_2025-09-09_G79,10109923SABINOM,2025-09-09,117830,1,7,0,88.0
10109923SABINOM_2025-09-09_G80,10109923SABINOM,2025-09-09,100334,1,3,0,324.0
10109923SABINOM_2025-09-09_G81,10109923SABINOM,2025-09-09,111463,1,4,0,300.0
10109923SABINOM_2025-09-09_G82,10109923SABINOM,2025-09-09,118140,1,2,0,63.0
10109923SABINOM_2025-09-09_G83,10109923SABINOM,2025-09-09,117821,1,2,0,92.0
10109923SABINOM_2025-09-09_G84,10109923SABINOM,2025-09-09,111418,1,10,0,119.0
10109923SABINOM_2025-09-09_G85,10109923SABINOM,2025-09-09,110740,1,2,0,104.0
10109923SABINOM_2025-09-09_G86,10109923SABINOM,2025-09-09,111465,1,3,0,43.0
10109923SABINOM_2025-09-09_G87,10109923SABINOM,2025-09-09,110374,1,4,0,125.0
10109923SABINOM_2025-09-09_G88,10109923SABINOM,2025-09-09,118299,1,5,0,81.0
10109923SABINOM_2025-09-09_G89,10109923SABINOM,2025-09-09,110372,1,1,0,72.0
10109923SABINOM_2025-09-09_G90,10109923SABINOM,2025-09-09,117832,1,8,0,46.0
10109923SABINOM_2025-09-09_G91,10109923SABINOM,2025-09-09,117830,1,7,0,99.0
10109923SABINOM_2025-09-09_G92,10109923SABINOM,2025-09-09,117808,1,32,0,406.0
10109923SABINOM_2025-09-09_G93,10109923SABINOM,2025-09-09,111467,1,3,0,353.0
10109923SABINOM_2025-09-11_G02,10109923SABINOM,2025-09-11,110787,2,9,7,1300.0
10109923SABINOM_2025-09-11_G03,10109923SABINOM,2025-09-11,"141066, 117786",2,8,14,305.0
10109923SABINOM_2025-09-11_G04,10109923SABINOM,2025-09-11,111876,1,2,0,129.0
10109923SABINOM_2025-09-11_G05,10109923SABINOM,2025-09-11,111530,1,14,0,253.0
10109923SABINOM_2025-09-11_G06,10109923SABINOM,2025-09-11,111650,1,2,0,196.0
10109923SABINOM_2025-09-11_G07,10109923SABINOM,2025-09-11,110733,1,7,0,104.0
10109923SABINOM_2025-09-11_G08,10109923SABINOM,2025-09-11,111879,1,4,0,602.0
10109923SABINOM_2025-09-11_G09,10109923SABINOM,2025-09-11,117855,1,11,0,147.0
10109923SABINOM_2025-09-11_G10,10109923SABINOM,2025-09-11,118094,1,14,0,183.0
10109923SABINOM_2025-09-11_G11,10109923SABINOM,2025-09-11,117837,1,4,0,61.0
10109923SABINOM_2025-09-11_G12,10109923SABINOM,2025-09-11,111463,1,87,0,159.0
10109923SABINOM_2025-09-11_G13,10109923SABINOM,2025-09-11,"118317, 111443",2,15,22,297.0
10109923SABINOM_2025-09-11_G14,10109923SABINOM,2025-09-11,117838,1,4,0,74.0
10109923SABINOM_2025-09-11_G15,10109923SABINOM,2025-09-11,111743,1,1,0,47.0
10109923SABINOM_2025-09-11_G16,10109923SABINOM,2025-09-11,108794,1,10,0,155.0
10109923SABINOM_2025-09-11_G17,10109923SABINOM,2025-09-11,105705,1,4,0,124.0
10109923SABINOM_2025-09-11_G18,10109923SABINOM,2025-09-11,110745,1,8,0,132.0
10109923SABINOM_2025-09-11_G19,10109923SABINOM,2025-09-11,111468,1,2,0,74.0
10109923SABINOM_2025-09-11_G20,10109923SABINOM,2025-09-11,111465,1,10,0,111.0
10109923SABINOM_2025-09-11_G21,10109923SABINOM,2025-09-11,"118140, 117821",2,58,25,675.0
10109923SABINOM_2025-09-11_G22,10109923SABINOM,2025-09-11,"111418, 111469, 117785, 117833, 117831, 111442, 111348, 140922",8,189,172,37.0
10109923SABINOM_2025-09-11_G24,10109923SABINOM,2025-09-11,110755,1,2,0,548.0
10109923SABINOM_2025-09-11_G25,10109923SABINOM,2025-09-11,111569,2,14,9,97.0
10109923SABINOM_2025-09-11_G26,10109923SABINOM,2025-09-11,110755,1,106,0,1126.0
10109923SABINOM_2025-09-11_G28,10109923SABINOM,2025-09-11,117855,1,5,0,489.0
10109923SABINOM_2025-09-11_G29,10109923SABINOM,2025-09-11,109640,1,2,0,93.0
10109923SABINOM_2025-09-11_G30,10109923SABINOM,2025-09-11,110313,1,7,0,49.0
10109923SABINOM_2025-09-11_G31,10109923SABINOM,2025-09-11,110752,1,4,0,62.0
10109923SABINOM_2025-09-11_G32,10109923SABINOM,2025-09-11,111443,1,3,0,176.0
10109923SABINOM_2025-09-11_G33,10109923SABINOM,2025-09-11,118223,1,4,0,168.0
10109923SABINOM_2025-09-11_G34,10109923SABINOM,2025-09-11,111469,1,2,0,44.0
10109923SABINOM_2025-09-11_G35,10109923SABINOM,2025-09-11,111466,1,1,0,35.0
10109923SABINOM_2025-09-11_G36,10109923SABINOM,2025-09-11,"111469, 111466",2,49,8,883.0
10109923SABINOM_2025-09-11_G37,10109923SABINOM,2025-09-11,111465,1,10,0,110.0
10109923SABINOM_2025-09-11_G38,10109923SABINOM,2025-09-11,111465,1,2,0,172.0
10109923SABINOM_2025-09-11_G39,10109923SABINOM,2025-09-11,111532,1,42,0,559.0
10109923SABINOM_2025-09-12_G02,10109923SABINOM,2025-09-12,118140,1,105,0,721.0
10109923SABINOM_2025-09-12_G03,10109923SABINOM,2025-09-12,108794,1,25,0,871.0
10109923SABINOM_2025-09-12_G04,10109923SABINOM,2025-09-12,141457,1,6,0,42.0
10109923SABINOM_2025-09-12_G05,10109923SABINOM,2025-09-12,110745,1,11,0,214.0
10109923SABINOM_2025-09-12_G06,10109923SABINOM,2025-09-12,111444,1,4,0,36.0
10109923SABINOM_2025-09-12_G07,10109923SABINOM,2025-09-12,141458,1,12,0,106.0
10109923SABINOM_2025-09-12_G08,10109923SABINOM,2025-09-12,111469,1,40,0,997.0
10109923SABINOM_2025-09-12_G09,10109923SABINOM,2025-09-12,110740,1,11,0,83.0
10109923SABINOM_2025-09-12_G10,10109923SABINOM,2025-09-12,111465,1,10,0,127.0
10109923SABINOM_2025-09-12_G11,10109923SABINOM,2025-09-12,105705,1,18,0,901.0
10109923SABINOM_2025-09-12_G12,10109923SABINOM,2025-09-12,118222,1,30,0,2055.0
10109923SABINOM_2025-09-12_G13,10109923SABINOM,2025-09-12,111430,1,5,0,380.0
10109923SABINOM_2025-09-12_G14,10109923SABINOM,2025-09-12,117834,1,4,0,166.0
10109923SABINOM_2025-09-12_G15,10109923SABINOM,2025-09-12,100334,1,3,0,183.0
10109923SABINOM_2025-09-12_G16,10109923SABINOM,2025-09-12,117835,1,6,0,656.0
10109923SABINOM_2025-09-12_G17,10109923SABINOM,2025-09-12,107892,1,4,0,1379.0
10109923SABINOM_2025-09-12_G18,10109923SABINOM,2025-09-12,111660,1,2,0,167.0
10109923SABINOM_2025-09-12_G19,10109923SABINOM,2025-09-12,111569,1,44,0,399.0
10109923SABINOM_2025-09-12_G20,10109923SABINOM,2025-09-12,111441,1,19,0,264.0
10109923SABINOM_2025-09-12_G21,10109923SABINOM,2025-09-12,118306,1,5,0,255.0
10109923SABINOM_2025-09-12_G22,10109923SABINOM,2025-09-12,110755,1,8,0,553.0
10109923SABINOM_2025-09-12_G23,10109923SABINOM,2025-09-12,110747,1,8,0,427.0
10109923SABINOM_2025-09-12_G24,10109923SABINOM,2025-09-12,111438,1,12,0,160.0
10109923SABINOM_2025-09-12_G25,10109923SABINOM,2025-09-12,117862,1,29,0,1652.0
10109923SABINOM_2025-09-12_G26,10109923SABINOM,2025-09-12,110741,1,8,0,284.0
10109923SABINOM_2025-09-12_G27,10109923SABINOM,2025-09-12,111467,1,7,0,417.0
10109923SABINOM_2025-09-12_G28,10109923SABINOM,2025-09-12,117935,1,6,0,71.0
10109923SABINOM_2025-09-12_G29,10109923SABINOM,2025-09-12,117861,1,6,0,46.0
10109923SABINOM_2025-09-12_G30,10109923SABINOM,2025-09-12,110733,1,4,0,71.0
10109923SABINOM_2025-09-12_G31,10109923SABINOM,2025-09-12,117853,1,2,0,32.0
10109923SABINOM_2025-09-12_G32,10109923SABINOM,2025-09-12,117855,1,8,0,585.0
10109923SABINOM_2025-09-12_G33,10109923SABINOM,2025-09-12,141047,1,8,0,78.0
10109923SABINOM_2025-09-12_G34,10109923SABINOM,2025-09-12,118094,1,6,0,119.0
10109923SABINOM_2025-09-12_G35,10109923SABINOM,2025-09-12,118299,1,115,0,197.0
10109923SABINOM_2025-09-12_G36,10109923SABINOM,2025-09-12,110374,1,76,0,499.0
10109923SABINOM_2025-09-12_G37,10109923SABINOM,2025-09-12,110373,1,173,0,1623.0
10109923SABINOM_2025-09-12_G38,10109923SABINOM,2025-09-12,110375,1,4,0,167.0
10109923SABINOM_2025-09-12_G39,10109923SABINOM,2025-09-12,117820,1,121,0,78.0
10109923SABINOM_2025-09-12_G40,10109923SABINOM,2025-09-12,110372,1,122,0,122.0
10109923SABINOM_2025-09-12_G41,10109923SABINOM,2025-09-12,"117832, 110371",2,49,29,517.0
10109923SABINOM_2025-09-12_G42,10109923SABINOM,2025-09-12,117830,1,25,0,663.0
10109923SABINOM_2025-09-12_G43,10109923SABINOM,2025-09-12,"110745, 111465",2,10,29,41.0
10109923SABINOM_2025-09-12_G44,10109923SABINOM,2025-09-12,111468,1,8,0,68.0
10109923SABINOM_2025-09-12_G45,10109923SABINOM,2025-09-12,115775,1,4,0,1063.0
10109923SABINOM_2025-09-13_G02,10109923SABINOM,2025-09-13,117808,1,94,0,572.0
10109923SABINOM_2025-09-13_G03,10109923SABINOM,2025-09-13,118222,1,14,0,431.0
10109923SABINOM_2025-09-13_G04,10109923SABINOM,2025-09-13,118306,1,12,0,976.0
10109923SABINOM_2025-09-13_G05,10109923SABINOM,2025-09-13,109645,1,3,0,473.0
10109923SABINOM_2025-09-13_G06,10109923SABINOM,2025-09-13,111469,1,21,0,1419.0
10109923SABINOM_2025-09-13_G07,10109923SABINOM,2025-09-13,110745,1,4,0,180.0
10109923SABINOM_2025-09-13_G08,10109923SABINOM,2025-09-13,111463,1,90,0,600.0
10109923SABINOM_2025-09-13_G09,10109923SABINOM,2025-09-13,111466,1,97,0,591.0
10109923SABINOM_2025-09-13_G10,10109923SABINOM,2025-09-13,117832,1,39,0,283.0
10109923SABINOM_2025-09-13_G11,10109923SABINOM,2025-09-13,117830,1,43,0,652.0
10109923SABINOM_2025-09-13_G13,10109923SABINOM,2025-09-13,111430,1,9,0,84.0
10109923SABINOM_2025-09-13_G14,10109923SABINOM,2025-09-13,110755,1,10,0,295.0
10109923SABINOM_2025-09-13_G15,10109923SABINOM,2025-09-13,117935,1,10,0,1480.0
10109923SABINOM_2025-09-13_G16,10109923SABINOM,2025-09-13,109647,1,6,0,233.0
10109923SABINOM_2025-09-13_G17,10109923SABINOM,2025-09-13,111876,1,8,0,132.0
10109923SABINOM_2025-09-13_G18,10109923SABINOM,2025-09-13,117853,1,10,0,100.0
10109923SABINOM_2025-09-13_G19,10109923SABINOM,2025-09-13,141047,1,6,0,256.0
10109923SABINOM_2025-09-13_G20,10109923SABINOM,2025-09-13,109641,1,3,0,162.0
10109923SABINOM_2025-09-13_G21,10109923SABINOM,2025-09-13,111431,1,6,0,94.0
10109923SABINOM_2025-09-13_G22,10109923SABINOM,2025-09-13,117855,1,16,0,348.0
10109923SABINOM_2025-09-13_G23,10109923SABINOM,2025-09-13,110313,1,12,0,130.0
10109923SABINOM_2025-09-13_G25,10109923SABINOM,2025-09-13,110373,1,50,0,373.0
10109923SABINOM_2025-09-13_G26,10109923SABINOM,2025-09-13,107830,1,13,0,477.0
10109923SABINOM_2025-09-13_G27,10109923SABINOM,2025-09-13,117832,1,20,0,218.0
10109923SABINOM_2025-09-13_G28,10109923SABINOM,2025-09-13,117840,1,18,0,456.0
10109923SABINOM_2025-09-13_G29,10109923SABINOM,2025-09-13,117820,1,41,0,180.0
10109923SABINOM_2025-09-13_G30,10109923SABINOM,2025-09-13,109643,1,20,0,34.0
10109923SABINOM_2025-09-13_G31,10109923SABINOM,2025-09-13,118299,1,200,0,384.0
10109923SABINOM_2025-09-13_G32,10109923SABINOM,2025-09-13,111469,1,60,0,614.0
10109923SABINOM_2025-09-13_G33,10109923SABINOM,2025-09-13,111466,1,60,0,234.0
10109923SABINOM_2025-09-13_G34,10109923SABINOM,2025-09-13,111462,1,30,0,262.0
10109923SABINOM_2025-09-13_G35,10109923SABINOM,2025-09-13,111463,1,50,0,1413.0
10109923SABINOM_2025-09-13_G36,10109923SABINOM,2025-09-13,117831,1,40,0,396.0
10109923SABINOM_2025-09-13_G37,10109923SABINOM,2025-09-13,108711,1,40,0,588.0
10109923SABINOM_2025-09-13_G38,10109923SABINOM,2025-09-13,141457,1,40,0,1302.0
10109923SABINOM_2025-09-15_G02,10109923SABINOM,2025-09-15,111418,1,12,0,157.0
10109923SABINOM_2025-09-15_G03,10109923SABINOM,2025-09-15,111463,1,4,0,142.0
10109923SABINOM_2025-09-15_G04,10109923SABINOM,2025-09-15,108711,1,3,0,67.0
10109923SABINOM_2025-09-15_G05,10109923SABINOM,2025-09-15,118317,1,2,0,66.0
10109923SABINOM_2025-09-15_G06,10109923SABINOM,2025-09-15,111532,1,2,0,43.0
10109923SABINOM_2025-09-15_G07,10109923SABINOM,2025-09-15,141823,1,3,0,145.0
10109923SABINOM_2025-09-15_G08,10109923SABINOM,2025-09-15,141456,1,6,0,106.0
10109923SABINOM_2025-09-15_G09,10109923SABINOM,2025-09-15,118140,1,8,0,185.0
10109923SABINOM_2025-09-15_G10,10109923SABINOM,2025-09-15,111469,1,10,0,182.0
10109923SABINOM_2025-09-15_G11,10109923SABINOM,2025-09-15,111466,1,8,0,361.0
10109923SABINOM_2025-09-15_G12,10109923SABINOM,2025-09-15,111462,1,8,0,136.0
10109923SABINOM_2025-09-15_G13,10109923SABINOM,2025-09-15,111348,1,2,0,73.0
10109923SABINOM_2025-09-15_G14,10109923SABINOM,2025-09-15,111468,1,3,0,66.0
10109923SABINOM_2025-09-15_G15,10109923SABINOM,2025-09-15,141458,1,6,0,325.0
10109923SABINOM_2025-09-15_G16,10109923SABINOM,2025-09-15,110740,1,2,0,125.0
10109923SABINOM_2025-09-15_G17,10109923SABINOM,2025-09-15,118169,1,4,0,1377.0
10109923SABINOM_2025-09-15_G18,10109923SABINOM,2025-09-15,111172,2,5,15,173.0
10109923SABINOM_2025-09-15_G19,10109923SABINOM,2025-09-15,110332,1,1,0,150.0
10109923SABINOM_2025-09-15_G20,10109923SABINOM,2025-09-15,117856,1,2,0,2430.0
10109923SABINOM_2025-09-15_G21,10109923SABINOM,2025-09-15,111467,1,4,0,141.0
10109923SABINOM_2025-09-15_G22,10109923SABINOM,2025-09-15,109640,1,2,0,73.0
10109923SABINOM_2025-09-15_G23,10109923SABINOM,2025-09-15,111466,1,2,0,330.0
10109923SABINOM_2025-09-15_G24,10109923SABINOM,2025-09-15,118299,1,16,0,227.0
10109923SABINOM_2025-09-15_G25,10109923SABINOM,2025-09-15,110372,1,16,0,60.0
10109923SABINOM_2025-09-15_G26,10109923SABINOM,2025-09-15,110747,1,4,0,591.0
10109923SABINOM_2025-09-15_G27,10109923SABINOM,2025-09-15,111438,1,2,0,460.0
10109923SABINOM_2025-09-15_G28,10109923SABINOM,2025-09-15,117935,1,8,0,910.0
10109923SABINOM_2025-09-15_G29,10109923SABINOM,2025-09-15,117854,1,4,0,58.0
10109923SABINOM_2025-09-15_G30,10109923SABINOM,2025-09-15,107629,1,4,0,447.0
10109923SABINOM_2025-09-15_G31,10109923SABINOM,2025-09-15,111467,1,5,0,61.0
10109923SABINOM_2025-09-15_G32,10109923SABINOM,2025-09-15,110733,1,7,0,128.0
10109923SABINOM_2025-09-15_G33,10109923SABINOM,2025-09-15,141047,1,2,0,69.0
10109923SABINOM_2025-09-15_G34,10109923SABINOM,2025-09-15,109640,1,1,0,194.0
10109923SABINOM_2025-09-15_G35,10109923SABINOM,2025-09-15,110313,1,2,0,182.0
10109923SABINOM_2025-09-15_G36,10109923SABINOM,2025-09-15,"117785, 111743",2,8,30,241.0
10109923SABINOM_2025-09-15_G37,10109923SABINOM,2025-09-15,111532,1,9,0,297.0
10109923SABINOM_2025-09-15_G38,10109923SABINOM,2025-09-15,141456,1,8,0,103.0
10109923SABINOM_2025-09-15_G39,10109923SABINOM,2025-09-15,141457,1,28,0,623.0
10109923SABINOM_2025-09-15_G40,10109923SABINOM,2025-09-15,117833,1,4,0,178.0
10109923SABINOM_2025-09-15_G41,10109923SABINOM,2025-09-15,111348,1,3,0,69.0
10109923SABINOM_2025-09-15_G42,10109923SABINOM,2025-09-15,140922,1,8,0,46.0
10109923SABINOM_2025-09-15_G43,10109923SABINOM,2025-09-15,111468,1,1,0,92.0
10109923SABINOM_2025-09-15_G44,10109923SABINOM,2025-09-15,110740,1,2,0,45.0
10109923SABINOM_2025-09-15_G45,10109923SABINOM,2025-09-15,109648,1,2,0,175.0
10109923SABINOM_2025-09-15_G46,10109923SABINOM,2025-09-15,110373,1,2,0,143.0
10109923SABINOM_2025-09-15_G47,10109923SABINOM,2025-09-15,118299,1,22,0,186.0
10109923SABINOM_2025-09-15_G48,10109923SABINOM,2025-09-15,117820,1,5,0,60.0
10109923SABINOM_2025-09-15_G49,10109923SABINOM,2025-09-15,117808,1,8,0,702.0
10109923SABINOM_2025-09-15_G50,10109923SABINOM,2025-09-15,"110747, 111438",2,8,10,295.0
10109923SABINOM_2025-09-15_G51,10109923SABINOM,2025-09-15,111532,1,8,0,465.0
10109923SABINOM_2025-09-15_G52,10109923SABINOM,2025-09-15,140922,1,4,0,118.0
10109923SABINOM_2025-09-15_G53,10109923SABINOM,2025-09-15,107830,1,3,0,163.0
10109923SABINOM_2025-09-15_G54,10109923SABINOM,2025-09-15,110372,1,4,0,65.0
10109923SABINOM_2025-09-15_G55,10109923SABINOM,2025-09-15,117820,1,7,0,106.0
10109923SABINOM_2025-09-15_G56,10109923SABINOM,2025-09-15,111441,1,4,0,356.0
10109923SABINOM_2025-09-15_G57,10109923SABINOM,2025-09-15,110733,1,2,0,66.0
10109923SABINOM_2025-09-15_G58,10109923SABINOM,2025-09-15,141352,1,4,0,72.0
10109923SABINOM_2025-09-15_G59,10109923SABINOM,2025-09-15,116241,1,4,0,368.0
10109923SABINOM_2025-09-15_G60,10109923SABINOM,2025-09-15,111532,1,2,0,50.0
10109923SABINOM_2025-09-15_G61,10109923SABINOM,2025-09-15,118140,1,4,0,96.0
10109923SABINOM_2025-09-15_G62,10109923SABINOM,2025-09-15,117833,1,3,0,99.0
10109923SABINOM_2025-09-15_G63,10109923SABINOM,2025-09-15,118299,1,12,0,146.0
10109923SABINOM_2025-09-15_G64,10109923SABINOM,2025-09-15,117832,1,2,0,85.0
10109923SABINOM_2025-09-15_G65,10109923SABINOM,2025-09-15,117808,1,8,0,67.0
10109923SABINOM_2025-09-15_G66,10109923SABINOM,2025-09-15,117809,1,2,0,70.0
10109923SABINOM_2025-09-15_G67,10109923SABINOM,2025-09-15,117830,1,4,0,81.0
10109923SABINOM_2025-09-15_G68,10109923SABINOM,2025-09-15,110895,1,3,0,605.0
10109923SABINOM_2025-09-15_G69,10109923SABINOM,2025-09-15,141047,1,1,0,550.0
10109923SABINOM_2025-09-15_G70,10109923SABINOM,2025-09-15,118094,1,2,0,111.0
10109923SABINOM_2025-09-15_G71,10109923SABINOM,2025-09-15,"108711, 118317",2,3,23,136.0
10109923SABINOM_2025-09-15_G72,10109923SABINOM,2025-09-15,117787,1,2,0,159.0
10109923SABINOM_2025-09-15_G73,10109923SABINOM,2025-09-15,141823,1,2,0,45.0
10109923SABINOM_2025-09-15_G74,10109923SABINOM,2025-09-15,117821,1,4,0,35.0
10109923SABINOM_2025-09-15_G75,10109923SABINOM,2025-09-15,141456,1,2,0,220.0
10109923SABINOM_2025-09-15_G76,10109923SABINOM,2025-09-15,108794,1,2,0,39.0
10109923SABINOM_2025-09-15_G77,10109923SABINOM,2025-09-15,141457,1,2,0,39.0
10109923SABINOM_2025-09-15_G78,10109923SABINOM,2025-09-15,111466,1,4,0,39.0
10109923SABINOM_2025-09-15_G79,10109923SABINOM,2025-09-15,117833,1,6,0,76.0
10109923SABINOM_2025-09-15_G80,10109923SABINOM,2025-09-15,111348,1,1,0,61.0
10109923SABINOM_2025-09-15_G81,10109923SABINOM,2025-09-15,111468,1,3,0,47.0
10109923SABINOM_2025-09-15_G82,10109923SABINOM,2025-09-15,117831,1,2,0,35.0
10109923SABINOM_2025-09-16_G02,10109923SABINOM,2025-09-16,111438,1,250,0,1926.0
10109923SABINOM_2025-09-16_G03,10109923SABINOM,2025-09-16,111438,1,50,0,391.0
10109923SABINOM_2025-09-16_G04,10109923SABINOM,2025-09-16,118140,1,326,0,669.0
10109923SABINOM_2025-09-16_G05,10109923SABINOM,2025-09-16,117809,1,50,0,736.0
10109923SABINOM_2025-09-16_G06,10109923SABINOM,2025-09-16,111469,1,50,0,2573.0
10109923SABINOM_2025-09-16_G07,10109923SABINOM,2025-09-16,111463,1,50,0,1313.0
10109923SABINOM_2025-09-16_G08,10109923SABINOM,2025-09-16,111418,1,100,0,267.0
10109923SABINOM_2025-09-16_G10,10109923SABINOM,2025-09-16,118306,1,12,0,176.0
10109923SABINOM_2025-09-16_G11,10109923SABINOM,2025-09-16,111430,1,2,0,87.0
10109923SABINOM_2025-09-16_G12,10109923SABINOM,2025-09-16,117836,1,1,0,92.0
10109923SABINOM_2025-09-16_G13,10109923SABINOM,2025-09-16,111655,1,4,0,92.0
10109923SABINOM_2025-09-16_G14,10109923SABINOM,2025-09-16,110754,1,2,0,107.0
10109923SABINOM_2025-09-16_G15,10109923SABINOM,2025-09-16,111660,1,20,0,209.0
10109923SABINOM_2025-09-16_G16,10109923SABINOM,2025-09-16,111438,2,32,7,364.0
10109923SABINOM_2025-09-16_G17,10109923SABINOM,2025-09-16,111655,1,20,0,224.0
10109923SABINOM_2025-09-16_G18,10109923SABINOM,2025-09-16,110747,1,30,0,326.0
10109923SABINOM_2025-09-16_G19,10109923SABINOM,2025-09-16,117855,1,20,0,502.0
10109923SABINOM_2025-09-16_G20,10109923SABINOM,2025-09-16,110741,1,8,0,47.0
10109923SABINOM_2025-09-16_G21,10109923SABINOM,2025-09-16,111530,1,18,0,88.0
10109923SABINOM_2025-09-16_G22,10109923SABINOM,2025-09-16,111467,1,6,0,92.0
10109923SABINOM_2025-09-16_G23,10109923SABINOM,2025-09-16,117861,1,4,0,64.0
10109923SABINOM_2025-09-16_G24,10109923SABINOM,2025-09-16,107830,1,4,0,1245.0
10109923SABINOM_2025-09-16_G25,10109923SABINOM,2025-09-16,110373,1,4,0,439.0
10109923SABINOM_2025-09-16_G26,10109923SABINOM,2025-09-16,117820,1,2,0,66.0
10109923SABINOM_2025-09-17_G02,10109923SABINOM,2025-09-17,118317,1,4,0,629.0
10109923SABINOM_2025-09-17_G03,10109923SABINOM,2025-09-17,118222,1,10,0,708.0
10109923SABINOM_2025-09-17_G04,10109923SABINOM,2025-09-17,110742,1,10,0,351.0
10109923SABINOM_2025-09-17_G05,10109923SABINOM,2025-09-17,117835,1,8,0,1747.0
10109923SABINOM_2025-09-17_G06,10109923SABINOM,2025-09-17,110747,1,4,0,574.0
10109923SABINOM_2025-09-17_G07,10109923SABINOM,2025-09-17,111467,1,6,0,216.0
10109923SABINOM_2025-09-17_G08,10109923SABINOM,2025-09-17,111431,1,3,0,286.0
10109923SABINOM_2025-09-17_G09,10109923SABINOM,2025-09-17,117855,1,8,0,329.0
10109923SABINOM_2025-09-17_G10,10109923SABINOM,2025-09-17,116241,1,7,0,171.0
10109923SABINOM_2025-09-17_G11,10109923SABINOM,2025-09-17,110745,1,8,0,196.0
10109923SABINOM_2025-09-17_G12,10109923SABINOM,2025-09-17,117830,1,12,0,261.0
10109923SABINOM_2025-09-17_G13,10109923SABINOM,2025-09-17,141141,1,4,0,1148.0
10109923SABINOM_2025-09-17_G14,10109923SABINOM,2025-09-17,111330,2,12,6,749.0
10109923SABINOM_2025-09-17_G15,10109923SABINOM,2025-09-17,"118140, 110743",2,4,19,392.0
10109923SABINOM_2025-09-17_G16,10109923SABINOM,2025-09-17,108794,1,2,0,169.0
10109923SABINOM_2025-09-17_G17,10109923SABINOM,2025-09-17,110740,1,2,0,61.0
10109923SABINOM_2025-09-17_G18,10109923SABINOM,2025-09-17,111172,1,4,0,167.0
10109923SABINOM_2025-09-17_G19,10109923SABINOM,2025-09-17,110373,1,4,0,202.0
10109923SABINOM_2025-09-17_G20,10109923SABINOM,2025-09-17,117820,1,4,0,335.0
10109923SABINOM_2025-09-17_G21,10109923SABINOM,2025-09-17,118299,1,100,0,1195.0
10109923SABINOM_2025-09-17_G22,10109923SABINOM,2025-09-17,160054,1,2,0,1183.0
10109923SABINOM_2025-09-17_G23,10109923SABINOM,2025-09-17,110374,1,6,0,89.0
10109923SABINOM_2025-09-17_G24,10109923SABINOM,2025-09-17,160052,1,2,0,187.0
10109923SABINOM_2025-09-17_G25,10109923SABINOM,2025-09-17,110373,1,4,0,140.0
10109923SABINOM_2025-09-17_G26,10109923SABINOM,2025-09-17,117808,2,8,7,92.0
10109923SABINOM_2025-09-17_G27,10109923SABINOM,2025-09-17,110371,1,3,0,497.0
10109923SABINOM_2025-09-17_G28,10109923SABINOM,2025-09-17,141457,2,6,6,498.0
10109923SABINOM_2025-09-17_G29,10109923SABINOM,2025-09-17,118140,1,8,0,42.0
10109923SABINOM_2025-09-17_G30,10109923SABINOM,2025-09-17,110751,1,2,0,103.0
10109923SABINOM_2025-09-17_G31,10109923SABINOM,2025-09-17,111463,1,5,0,35.0
10109923SABINOM_2025-09-17_G32,10109923SABINOM,2025-09-17,118317,1,1,0,33.0
10109923SABINOM_2025-09-17_G33,10109923SABINOM,2025-09-17,109645,2,6,9,46.0
10109923SABINOM_2025-09-17_G34,10109923SABINOM,2025-09-17,108711,1,4,0,65.0
10109923SABINOM_2025-09-17_G35,10109923SABINOM,2025-09-17,109641,2,6,7,50.0
10109923SABINOM_2025-09-17_G36,10109923SABINOM,2025-09-17,117841,1,4,0,104.0
10109923SABINOM_2025-09-17_G37,10109923SABINOM,2025-09-17,160055,1,2,0,50.0
10109923SABINOM_2025-09-17_G38,10109923SABINOM,2025-09-17,117787,1,6,0,242.0
10109923SABINOM_2025-09-17_G39,10109923SABINOM,2025-09-17,111532,1,2,0,52.0
10109923SABINOM_2025-09-17_G40,10109923SABINOM,2025-09-17,141456,2,8,6,129.0
10109923SABINOM_2025-09-17_G41,10109923SABINOM,2025-09-17,105705,1,4,0,126.0
10109923SABINOM_2025-09-17_G42,10109923SABINOM,2025-09-17,141202,1,10,0,116.0
10109923SABINOM_2025-09-17_G43,10109923SABINOM,2025-09-17,117833,1,4,0,125.0
10109923SABINOM_2025-09-17_G44,10109923SABINOM,2025-09-17,140922,1,4,0,317.0
10109923SABINOM_2025-09-17_G45,10109923SABINOM,2025-09-17,110372,1,12,0,546.0
10109923SABINOM_2025-09-17_G47,10109923SABINOM,2025-09-17,141458,1,6,0,143.0
10109923SABINOM_2025-09-17_G48,10109923SABINOM,2025-09-17,111465,1,8,0,42.0
10109923SABINOM_2025-09-17_G49,10109923SABINOM,2025-09-17,160051,1,2,0,1586.0
10109923SABINOM_2025-09-17_G50,10109923SABINOM,2025-09-17,111530,1,47,0,1331.0
10109923SABINOM_2025-09-17_G51,10109923SABINOM,2025-09-17,141456,1,96,0,521.0
10109923SABINOM_2025-09-17_G52,10109923SABINOM,2025-09-17,117831,1,84,0,275.0
10109923SABINOM_2025-09-17_G53,10109923SABINOM,2025-09-17,141458,1,10,0,488.0
10109923SABINOM_2025-09-17_G54,10109923SABINOM,2025-09-17,110787,1,9,0,210.0
10109923SABINOM_2025-09-18_G02,10109923SABINOM,2025-09-18,117836,1,179,0,830.0
10109923SABINOM_2025-09-18_G03,10109923SABINOM,2025-09-18,111442,1,119,0,742.0
10109923SABINOM_2025-09-18_G05,10109923SABINOM,2025-09-18,118140,1,2,0,174.0
10109923SABINOM_2025-09-18_G06,10109923SABINOM,2025-09-18,111430,1,6,0,131.0
10109923SABINOM_2025-09-18_G07,10109923SABINOM,2025-09-18,117834,1,4,0,135.0
10109923SABINOM_2025-09-18_G08,10109923SABINOM,2025-09-18,117862,1,3,0,303.0
10109923SABINOM_2025-09-18_G09,10109923SABINOM,2025-09-18,111530,1,5,0,232.0
10109923SABINOM_2025-09-18_G10,10109923SABINOM,2025-09-18,111602,1,3,0,265.0
10109923SABINOM_2025-09-18_G11,10109923SABINOM,2025-09-18,111467,1,6,0,198.0
10109923SABINOM_2025-09-18_G12,10109923SABINOM,2025-09-18,111418,1,3,0,2813.0
10109923SABINOM_2025-09-18_G13,10109923SABINOM,2025-09-18,111743,1,2,0,169.0
10109923SABINOM_2025-09-18_G14,10109923SABINOM,2025-09-18,110787,1,6,0,106.0
10109923SABINOM_2025-09-18_G15,10109923SABINOM,2025-09-18,118140,1,20,0,116.0
10109923SABINOM_2025-09-18_G16,10109923SABINOM,2025-09-18,111462,1,4,0,246.0
10109923SABINOM_2025-09-18_G17,10109923SABINOM,2025-09-18,110740,1,4,0,35.0
10109923SABINOM_2025-09-18_G18,10109923SABINOM,2025-09-18,"118299, 110374",2,13,29,519.0
10109923SABINOM_2025-09-18_G19,10109923SABINOM,2025-09-18,"117808, 117830",2,28,8,1095.0
10109923SABINOM_2025-09-18_G20,10109923SABINOM,2025-09-18,117831,1,100,0,1694.0
10109923SABINOM_2025-09-18_G21,10109923SABINOM,2025-09-18,117820,1,100,0,90.0
10109923SABINOM_2025-09-18_G22,10109923SABINOM,2025-09-18,109974,1,2,0,1038.0
10109923SABINOM_2025-09-18_G24,10109923SABINOM,2025-09-18,111466,1,10,0,187.0
10109923SABINOM_2025-09-18_G25,10109923SABINOM,2025-09-18,115775,1,4,0,571.0
10109923SABINOM_2025-09-18_G26,10109923SABINOM,2025-09-18,109649,1,3,0,127.0
10109923SABINOM_2025-09-18_G27,10109923SABINOM,2025-09-18,110516,1,2,0,828.0
10109923SABINOM_2025-09-18_G28,10109923SABINOM,2025-09-18,109640,1,40,0,496.0
10109923SABINOM_2025-09-18_G29,10109923SABINOM,2025-09-18,111467,1,8,0,172.0
10109923SABINOM_2025-09-18_G30,10109923SABINOM,2025-09-18,111737,1,4,0,257.0
10109923SABINOM_2025-09-18_G31,10109923SABINOM,2025-09-18,109649,1,7,0,274.0
10109923SABINOM_2025-09-18_G32,10109923SABINOM,2025-09-18,117821,1,8,0,192.0
10109923SABINOM_2025-09-18_G33,10109923SABINOM,2025-09-18,118299,1,2,0,131.0
10109923SABINOM_2025-09-18_G34,10109923SABINOM,2025-09-18,109648,1,4,0,56.0
10109923SABINOM_2025-09-18_G35,10109923SABINOM,2025-09-18,"117832, 118299",2,8,22,78.0
10109923SABINOM_2025-09-18_G36,10109923SABINOM,2025-09-18,140922,2,36,5,254.0
10109923SABINOM_2025-09-18_G37,10109923SABINOM,2025-09-18,117808,1,6,0,551.0
10109923SABINOM_2025-09-18_G38,10109923SABINOM,2025-09-18,117808,1,994,0,46.0
10109923SABINOM_2025-09-18_G39,10109923SABINOM,2025-09-18,115773,1,15,0,343.0
10109923SABINOM_2025-09-18_G40,10109923SABINOM,2025-09-18,115773,1,4,0,152.0
10109923SABINOM_2025-09-19_G02,10109923SABINOM,2025-09-19,111441,1,4,0,453.0
10109923SABINOM_2025-09-19_G03,10109923SABINOM,2025-09-19,117853,1,4,0,55.0
10109923SABINOM_2025-09-19_G04,10109923SABINOM,2025-09-19,118094,1,4,0,156.0
10109923SABINOM_2025-09-19_G05,10109923SABINOM,2025-09-19,111418,1,11,0,591.0
10109923SABINOM_2025-09-19_G06,10109923SABINOM,2025-09-19,105705,1,2,0,111.0
10109923SABINOM_2025-09-19_G07,10109923SABINOM,2025-09-19,111462,1,5,0,279.0
10109923SABINOM_2025-09-19_G08,10109923SABINOM,2025-09-19,110371,1,3,0,126.0
10109923SABINOM_2025-09-19_G09,10109923SABINOM,2025-09-19,117808,1,5,0,153.0
10109923SABINOM_2025-09-19_G10,10109923SABINOM,2025-09-19,118094,1,6,0,174.0
10109923SABINOM_2025-09-19_G11,10109923SABINOM,2025-09-19,117786,1,1,0,34.0
10109923SABINOM_2025-09-19_G12,10109923SABINOM,2025-09-19,118317,1,4,0,171.0
10109923SABINOM_2025-09-19_G13,10109923SABINOM,2025-09-19,111418,1,6,0,36.0
10109923SABINOM_2025-09-19_G14,10109923SABINOM,2025-09-19,118299,1,18,0,252.0
10109923SABINOM_2025-09-19_G15,10109923SABINOM,2025-09-19,110372,1,4,0,49.0
10109923SABINOM_2025-09-19_G16,10109923SABINOM,2025-09-19,117808,1,5,0,103.0
10109923SABINOM_2025-09-19_G17,10109923SABINOM,2025-09-19,118222,1,5,0,1041.0
10109923SABINOM_2025-09-19_G18,10109923SABINOM,2025-09-19,111441,1,11,0,539.0
10109923SABINOM_2025-09-19_G19,10109923SABINOM,2025-09-19,111441,1,12,0,58.0
10109923SABINOM_2025-09-19_G20,10109923SABINOM,2025-09-19,"118094, 160055",2,4,30,2113.0
10109923SABINOM_2025-09-19_G21,10109923SABINOM,2025-09-19,110787,1,2,0,257.0
10109923SABINOM_2025-09-19_G22,10109923SABINOM,2025-09-19,105705,1,6,0,73.0
10109923SABINOM_2025-09-19_G23,10109923SABINOM,2025-09-19,111462,1,5,0,74.0
10109923SABINOM_2025-09-19_G24,10109923SABINOM,2025-09-19,117820,1,14,0,421.0
10109923SABINOM_2025-09-19_G25,10109923SABINOM,2025-09-19,117808,1,2,0,102.0
10109923SABINOM_2025-09-19_G26,10109923SABINOM,2025-09-19,110372,1,9,0,109.0
10109923SABINOM_2025-09-19_G27,10109923SABINOM,2025-09-19,111463,1,12,0,104.0
10109923SABINOM_2025-09-19_G28,10109923SABINOM,2025-09-19,109640,1,2,0,1557.0
10109923SABINOM_2025-09-19_G29,10109923SABINOM,2025-09-19,109641,1,4,0,730.0
10109923SABINOM_2025-09-19_G30,10109923SABINOM,2025-09-19,"108711, 111418",2,12,26,422.0
10109923SABINOM_2025-09-19_G31,10109923SABINOM,2025-09-19,111462,1,6,0,190.0
10109923SABINOM_2025-09-19_G32,10109923SABINOM,2025-09-19,109643,1,8,0,1457.0
10109923SABINOM_2025-09-19_G33,10109923SABINOM,2025-09-19,110374,1,8,0,80.0
10109923SABINOM_2025-09-19_G34,10109923SABINOM,2025-09-19,110371,1,12,0,102.0
10109923SABINOM_2025-09-19_G35,10109923SABINOM,2025-09-19,110373,1,8,0,399.0
10109923SABINOM_2025-09-19_G36,10109923SABINOM,2025-09-19,117820,1,1,0,147.0
10109923SABINOM_2025-09-19_G37,10109923SABINOM,2025-09-19,117808,1,5,0,463.0
10109923SABINOM_2025-09-19_G38,10109923SABINOM,2025-09-19,110371,1,4,0,761.0
10109923SABINOM_2025-09-19_G39,10109923SABINOM,2025-09-19,110373,1,12,0,135.0
10109923SABINOM_2025-09-19_G40,10109923SABINOM,2025-09-19,111743,1,4,0,80.0
10109923SABINOM_2025-09-19_G41,10109923SABINOM,2025-09-19,111532,1,4,0,68.0
10109923SABINOM_2025-09-19_G42,10109923SABINOM,2025-09-19,141457,1,2,0,149.0
10109923SABINOM_2025-09-19_G43,10109923SABINOM,2025-09-19,118223,1,4,0,113.0
10109923SABINOM_2025-09-19_G44,10109923SABINOM,2025-09-19,111462,1,10,0,181.0
10109923SABINOM_2025-09-19_G45,10109923SABINOM,2025-09-19,111465,1,4,0,148.0
10109923SABINOM_2025-09-19_G46,10109923SABINOM,2025-09-19,117838,1,4,0,163.0
10109923SABINOM_2025-09-19_G47,10109923SABINOM,2025-09-19,140923,6,28,68,1217.0
10109923SABINOM_2025-09-19_G48,10109923SABINOM,2025-09-19,140923,1,2,0,32.0
10109923SABINOM_2025-09-19_G50,10109923SABINOM,2025-09-19,117862,1,2,0,129.0
10109923SABINOM_2025-09-19_G51,10109923SABINOM,2025-09-19,111876,1,4,0,53.0
10109923SABINOM_2025-09-19_G52,10109923SABINOM,2025-09-19,117855,1,6,0,111.0
10109923SABINOM_2025-09-19_G53,10109923SABINOM,2025-09-19,111602,1,4,0,120.0
10109923SABINOM_2025-09-19_G54,10109923SABINOM,2025-09-19,118094,1,2,0,99.0
10109923SABINOM_2025-09-19_G55,10109923SABINOM,2025-09-19,108759,1,4,0,278.0
10109923SABINOM_2025-09-19_G56,10109923SABINOM,2025-09-19,108711,1,4,0,815.0
10109923SABINOM_2025-09-19_G57,10109923SABINOM,2025-09-19,111530,1,8,0,100.0
10109923SABINOM_2025-09-19_G58,10109923SABINOM,2025-09-19,117855,1,4,0,287.0
10109923SABINOM_2025-09-19_G59,10109923SABINOM,2025-09-19,111602,1,1,0,137.0
10109923SABINOM_2025-09-19_G60,10109923SABINOM,2025-09-19,118094,1,2,0,43.0
10109923SABINOM_2025-09-19_G61,10109923SABINOM,2025-09-19,111433,1,4,0,133.0
10109923SABINOM_2025-09-19_G62,10109923SABINOM,2025-09-19,111463,1,4,0,134.0
10109923SABINOM_2025-09-19_G63,10109923SABINOM,2025-09-19,118317,1,1,0,66.0
10109923SABINOM_2025-09-19_G64,10109923SABINOM,2025-09-19,108711,1,4,0,132.0
10109923SABINOM_2025-09-19_G65,10109923SABINOM,2025-09-19,111418,1,4,0,59.0
10109923SABINOM_2025-09-19_G66,10109923SABINOM,2025-09-19,111743,1,2,0,71.0
10109923SABINOM_2025-09-19_G67,10109923SABINOM,2025-09-19,111532,1,6,0,119.0
10109923SABINOM_2025-09-19_G68,10109923SABINOM,2025-09-19,141457,1,1,0,150.0
10109923SABINOM_2025-09-19_G69,10109923SABINOM,2025-09-19,118223,1,2,0,98.0
10109923SABINOM_2025-09-19_G70,10109923SABINOM,2025-09-19,140922,1,1,0,343.0
10109923SABINOM_2025-09-19_G71,10109923SABINOM,2025-09-19,110740,1,2,0,205.0
10109923SABINOM_2025-09-19_G72,10109923SABINOM,2025-09-19,110372,1,12,0,230.0
10109923SABINOM_2025-09-19_G73,10109923SABINOM,2025-09-19,117808,1,8,0,49.0
10109923SABINOM_2025-09-19_G74,10109923SABINOM,2025-09-19,110373,1,12,0,100.0
10109923SABINOM_2025-09-19_G75,10109923SABINOM,2025-09-19,"141202, 118299",2,10,18,112.0
10109923SABINOM_2025-09-20_G02,10109923SABINOM,2025-09-20,110371,1,10,0,167.0
10109923SABINOM_2025-09-20_G03,10109923SABINOM,2025-09-20,111743,1,8,0,64.0
10109923SABINOM_2025-09-20_G04,10109923SABINOM,2025-09-20,110623,1,4,0,215.0
10109923SABINOM_2025-09-20_G05,10109923SABINOM,2025-09-20,118299,1,12,0,138.0
10109923SABINOM_2025-09-20_G06,10109923SABINOM,2025-09-20,117820,1,4,0,182.0
10109923SABINOM_2025-09-20_G07,10109923SABINOM,2025-09-20,117830,1,4,0,257.0
10109923SABINOM_2025-09-20_G08,10109923SABINOM,2025-09-20,141457,1,4,0,264.0
10109923SABINOM_2025-09-20_G09,10109923SABINOM,2025-09-20,111530,1,4,0,1033.0
10109923SABINOM_2025-09-20_G10,10109923SABINOM,2025-09-20,"140923, 111602",2,7,17,160.0
10109923SABINOM_2025-09-20_G11,10109923SABINOM,2025-09-20,111602,1,4,0,922.0
10109923SABINOM_2025-09-20_G12,10109923SABINOM,2025-09-20,118094,1,2,0,138.0
10109923SABINOM_2025-09-20_G13,10109923SABINOM,2025-09-20,141456,1,2,0,116.0
10109923SABINOM_2025-09-20_G14,10109923SABINOM,2025-09-20,108711,1,4,0,247.0
10109923SABINOM_2025-09-20_G15,10109923SABINOM,2025-09-20,105705,1,2,0,110.0
10109923SABINOM_2025-09-20_G16,10109923SABINOM,2025-09-20,109643,1,2,0,351.0
10109923SABINOM_2025-09-20_G17,10109923SABINOM,2025-09-20,111530,1,3,0,218.0
10109923SABINOM_2025-09-20_G18,10109923SABINOM,2025-09-20,111530,1,3,0,209.0
10109923SABINOM_2025-09-20_G19,10109923SABINOM,2025-09-20,110733,1,4,0,796.0
10109923SABINOM_2025-09-20_G20,10109923SABINOM,2025-09-20,141456,1,4,0,753.0
10109923SABINOM_2025-09-20_G21,10109923SABINOM,2025-09-20,108794,1,4,0,193.0
10109923SABINOM_2025-09-20_G22,10109923SABINOM,2025-09-20,140922,1,2,0,313.0
10109923SABINOM_2025-09-20_G23,10109923SABINOM,2025-09-20,117820,1,1,0,86.0
10109923SABINOM_2025-09-20_G24,10109923SABINOM,2025-09-20,118299,1,3,0,76.0
10109923SABINOM_2025-09-20_G25,10109923SABINOM,2025-09-20,140922,1,4,0,160.0
10109923SABINOM_2025-09-20_G26,10109923SABINOM,2025-09-20,111467,1,4,0,530.0
10109923SABINOM_2025-09-20_G27,10109923SABINOM,2025-09-20,111172,1,1,0,66.0
10109923SABINOM_2025-09-20_G28,10109923SABINOM,2025-09-20,111530,1,2,0,121.0
10109923SABINOM_2025-09-20_G29,10109923SABINOM,2025-09-20,"140923, 111530",2,8,14,1369.0
10109923SABINOM_2025-09-20_G30,10109923SABINOM,2025-09-20,111467,1,2,0,616.0
10109923SABINOM_2025-09-20_G31,10109923SABINOM,2025-09-20,111466,1,2,0,71.0
10109923SABINOM_2025-09-20_G32,10109923SABINOM,2025-09-20,110623,1,4,0,161.0
10109923SABINOM_2025-09-20_G33,10109923SABINOM,2025-09-20,110375,1,4,0,685.0
10109923SABINOM_2025-09-20_G34,10109923SABINOM,2025-09-20,117809,1,6,0,109.0
10109923SABINOM_2025-09-20_G35,10109923SABINOM,2025-09-20,118298,1,1,0,144.0
10109923SABINOM_2025-09-20_G36,10109923SABINOM,2025-09-20,111650,1,4,0,525.0
10109923SABINOM_2025-09-20_G38,10109923SABINOM,2025-09-20,110373,1,2,0,326.0
10109923SABINOM_2025-09-20_G39,10109923SABINOM,2025-09-20,118140,1,8,0,242.0
10109923SABINOM_2025-09-20_G40,10109923SABINOM,2025-09-20,140923,1,2,0,112.0
10109923SABINOM_2025-09-20_G41,10109923SABINOM,2025-09-20,110747,1,2,0,692.0
10109923SABINOM_2025-09-20_G42,10109923SABINOM,2025-09-20,111569,1,2,0,84.0
10109923SABINOM_2025-09-20_G43,10109923SABINOM,2025-09-20,118222,1,8,0,1072.0
10109923SABINOM_2025-09-20_G44,10109923SABINOM,2025-09-20,110747,1,7,0,861.0
10109923SABINOM_2025-09-20_G45,10109923SABINOM,2025-09-20,111569,1,6,0,144.0
10109923SABINOM_2025-09-20_G46,10109923SABINOM,2025-09-20,140923,1,2,0,248.0
10109923SABINOM_2025-09-23_G02,10109923SABINOM,2025-09-23,111330,2,4,10,461.0
10109923SABINOM_2025-09-23_G03,10109923SABINOM,2025-09-23,110895,1,19,0,381.0
10109923SABINOM_2025-09-23_G04,10109923SABINOM,2025-09-23,111602,1,3,0,2224.0
10109923SABINOM_2025-09-23_G05,10109923SABINOM,2025-09-23,118417,1,1,0,297.0
10109923SABINOM_2025-09-23_G06,10109923SABINOM,2025-09-23,118290,1,2,0,92.0
10109923SABINOM_2025-09-23_G07,10109923SABINOM,2025-09-23,111530,1,4,0,555.0
10109923SABINOM_2025-09-23_G08,10109923SABINOM,2025-09-23,110325,1,1,0,523.0
10109923SABINOM_2025-09-23_G09,10109923SABINOM,2025-09-23,111530,1,2,0,882.0
10109923SABINOM_2025-09-23_G10,10109923SABINOM,2025-09-23,111530,1,2,0,143.0
10109923SABINOM_2025-09-23_G11,10109923SABINOM,2025-09-23,110711,1,4,0,722.0
10109923SABINOM_2025-09-23_G12,10109923SABINOM,2025-09-23,117856,1,12,0,2048.0
10109923SABINOM_2025-09-23_G13,10109923SABINOM,2025-09-23,110623,1,4,0,1377.0
10109923SABINOM_2025-09-23_G14,10109923SABINOM,2025-09-23,109640,1,4,0,489.0
10109923SABINOM_2025-09-23_G15,10109923SABINOM,2025-09-23,141456,1,6,0,181.0
10109923SABINOM_2025-09-23_G16,10109923SABINOM,2025-09-23,111443,1,2,0,95.0
10109923SABINOM_2025-09-23_G17,10109923SABINOM,2025-09-23,109645,1,4,0,40.0
10109923SABINOM_2025-09-23_G18,10109923SABINOM,2025-09-23,140922,1,4,0,59.0
10109923SABINOM_2025-09-23_G19,10109923SABINOM,2025-09-23,141457,1,4,0,299.0
10109923SABINOM_2025-09-23_G20,10109923SABINOM,2025-09-23,111468,1,2,0,41.0
10109923SABINOM_2025-09-23_G21,10109923SABINOM,2025-09-23,117808,1,20,0,272.0
10109923SABINOM_2025-09-23_G22,10109923SABINOM,2025-09-23,109648,1,2,0,343.0
10109923SABINOM_2025-09-23_G23,10109923SABINOM,2025-09-23,118299,1,20,0,110.0
10109923SABINOM_2025-09-23_G24,10109923SABINOM,2025-09-23,117820,1,8,0,132.0
10109923SABINOM_2025-09-23_G25,10109923SABINOM,2025-09-23,110325,1,3,0,442.0
10109923SABINOM_2025-09-23_G26,10109923SABINOM,2025-09-23,111602,1,3,0,179.0
10109923SABINOM_2025-09-23_G27,10109923SABINOM,2025-09-23,111530,1,4,0,32.0
10109923SABINOM_2025-09-23_G28,10109923SABINOM,2025-09-23,110325,1,2,0,204.0
10109923SABINOM_2025-09-23_G29,10109923SABINOM,2025-09-23,110711,1,8,0,418.0
10109923SABINOM_2025-09-23_G30,10109923SABINOM,2025-09-23,117856,1,4,0,117.0
10109923SABINOM_2025-09-23_G31,10109923SABINOM,2025-09-23,111602,1,2,0,596.0
10109923SABINOM_2025-09-23_G32,10109923SABINOM,2025-09-23,111602,1,6,0,109.0
10109923SABINOM_2025-09-23_G33,10109923SABINOM,2025-09-23,111530,1,3,0,95.0
10109923SABINOM_2025-09-23_G34,10109923SABINOM,2025-09-23,108795,1,2,0,423.0
10109923SABINOM_2025-09-23_G35,10109923SABINOM,2025-09-23,"108711, 140922",2,4,9,45.0
10109923SABINOM_2025-09-23_G36,10109923SABINOM,2025-09-23,111418,1,2,0,71.0
10109923SABINOM_2025-09-23_G37,10109923SABINOM,2025-09-23,117808,1,20,0,100.0
10109923SABINOM_2025-09-23_G38,10109923SABINOM,2025-09-23,"118299, 117820",2,24,29,79.0
10109923SABINOM_2025-09-23_G39,10109923SABINOM,2025-09-23,117809,1,4,0,134.0
10109923SABINOM_2025-09-23_G41,10109923SABINOM,2025-09-23,111530,1,4,0,351.0
10109923SABINOM_2025-09-23_G42,10109923SABINOM,2025-09-23,111433,1,4,0,3033.0
10109923SABINOM_2025-09-24_G02,10109923SABINOM,2025-09-24,111532,1,4,0,261.0
10109923SABINOM_2025-09-24_G03,10109923SABINOM,2025-09-24,140923,1,12,0,190.0
10109923SABINOM_2025-09-24_G04,10109923SABINOM,2025-09-24,140923,1,6,0,125.0
10109923SABINOM_2025-09-24_G05,10109923SABINOM,2025-09-24,111602,1,2,0,162.0
10109923SABINOM_2025-09-24_G06,10109923SABINOM,2025-09-24,140923,1,8,0,731.0
10109923SABINOM_2025-09-24_G07,10109923SABINOM,2025-09-24,140923,1,5,0,198.0
10109923SABINOM_2025-09-24_G08,10109923SABINOM,2025-09-24,118222,1,2,0,2601.0
10109923SABINOM_2025-09-24_G09,10109923SABINOM,2025-09-24,117834,1,4,0,270.0
10109923SABINOM_2025-09-24_G10,10109923SABINOM,2025-09-24,"110755, 115234",2,3,14,1391.0
10109923SABINOM_2025-09-24_G11,10109923SABINOM,2025-09-24,117788,1,1,0,85.0
10109923SABINOM_2025-09-24_G12,10109923SABINOM,2025-09-24,117855,1,4,0,110.0
10109923SABINOM_2025-09-24_G13,10109923SABINOM,2025-09-24,141456,1,4,0,564.0
10109923SABINOM_2025-09-24_G14,10109923SABINOM,2025-09-24,118317,1,5,0,84.0
10109923SABINOM_2025-09-24_G15,10109923SABINOM,2025-09-24,118140,1,6,0,295.0
10109923SABINOM_2025-09-24_G16,10109923SABINOM,2025-09-24,110325,1,8,0,173.0
10109923SABINOM_2025-09-24_G17,10109923SABINOM,2025-09-24,140956,1,4,0,1425.0
10109923SABINOM_2025-09-24_G18,10109923SABINOM,2025-09-24,118417,1,6,0,143.0
10109923SABINOM_2025-09-24_G19,10109923SABINOM,2025-09-24,117862,1,10,0,214.0
10109923SABINOM_2025-09-24_G20,10109923SABINOM,2025-09-24,118299,2,400,21,151.0
10109923SABINOM_2025-09-24_G21,10109923SABINOM,2025-09-24,"140923, 117861",2,60,26,1147.0
10109923SABINOM_2025-09-24_G22,10109923SABINOM,2025-09-24,117853,1,10,0,200.0
10109923SABINOM_2025-09-24_G23,10109923SABINOM,2025-09-24,111532,1,30,0,2240.0
10109923SABINOM_2025-09-24_G24,10109923SABINOM,2025-09-24,111468,2,50,8,165.0
10109923SABINOM_2025-09-24_G25,10109923SABINOM,2025-09-24,118140,1,30,0,243.0
10109923SABINOM_2025-09-24_G27,10109923SABINOM,2025-09-24,140923,1,12,0,562.0
10109923SABINOM_2025-09-24_G28,10109923SABINOM,2025-09-24,108772,1,4,0,100.0
10109923SABINOM_2025-09-24_G29,10109923SABINOM,2025-09-24,140923,2,12,15,266.0
10109923SABINOM_2025-09-24_G30,10109923SABINOM,2025-09-24,111530,1,16,0,266.0
10109923SABINOM_2025-09-24_G31,10109923SABINOM,2025-09-24,110325,1,20,0,80.0
10109923SABINOM_2025-09-24_G32,10109923SABINOM,2025-09-24,111443,1,4,0,356.0
10109923SABINOM_2025-09-24_G33,10109923SABINOM,2025-09-24,117808,1,24,0,957.0
10109923SABINOM_2025-09-24_G34,10109923SABINOM,2025-09-24,108711,1,10,0,191.0
10109923SABINOM_2025-09-24_G35,10109923SABINOM,2025-09-24,111469,1,12,0,197.0
10109923SABINOM_2025-09-24_G36,10109923SABINOM,2025-09-24,111465,1,160,0,1672.0
10109923SABINOM_2025-09-25_G02,10109923SABINOM,2025-09-25,110895,1,21,0,563.0
10109923SABINOM_2025-09-25_G03,10109923SABINOM,2025-09-25,117856,2,33,19,1130.0
10109923SABINOM_2025-09-25_G04,10109923SABINOM,2025-09-25,111602,1,20,0,1098.0
10109923SABINOM_2025-09-25_G05,10109923SABINOM,2025-09-25,111602,1,20,0,131.0
10109923SABINOM_2025-09-25_G06,10109923SABINOM,2025-09-25,140923,1,30,0,212.0
10109923SABINOM_2025-09-25_G07,10109923SABINOM,2025-09-25,140923,1,40,0,41.0
10109923SABINOM_2025-09-25_G08,10109923SABINOM,2025-09-25,111530,2,90,5,125.0
10109923SABINOM_2025-09-25_G09,10109923SABINOM,2025-09-25,111532,1,80,0,732.0
10109923SABINOM_2025-09-25_G10,10109923SABINOM,2025-09-25,111172,1,48,0,725.0
10109923SABINOM_2025-09-25_G11,10109923SABINOM,2025-09-25,117820,1,70,0,177.0
10109923SABINOM_2025-09-25_G12,10109923SABINOM,2025-09-25,117809,1,70,0,407.0
10109923SABINOM_2025-09-25_G13,10109923SABINOM,2025-09-25,117830,1,12,0,348.0
10109923SABINOM_2025-09-25_G14,10109923SABINOM,2025-09-25,117808,1,500,0,342.0
10109923SABINOM_2025-09-25_G15,10109923SABINOM,2025-09-25,110372,1,30,0,258.0
10109923SABINOM_2025-09-25_G16,10109923SABINOM,2025-09-25,141202,1,30,0,460.0
10109923SABINOM_2025-09-26_G02,10109923SABINOM,2025-09-26,"140923, 111530",2,24,30,246.0
10109923SABINOM_2025-09-26_G03,10109923SABINOM,2025-09-26,118094,1,3,0,167.0
10109923SABINOM_2025-09-26_G04,10109923SABINOM,2025-09-26,141456,1,10,0,1100.0
10109923SABINOM_2025-09-26_G05,10109923SABINOM,2025-09-26,"111463, 108711",2,28,16,184.0
10109923SABINOM_2025-09-26_G06,10109923SABINOM,2025-09-26,110787,2,11,7,101.0
10109923SABINOM_2025-09-26_G07,10109923SABINOM,2025-09-26,111418,3,17,21,184.0
10109923SABINOM_2025-09-26_G08,10109923SABINOM,2025-09-26,111468,3,11,10,151.0
10109923SABINOM_2025-09-26_G09,10109923SABINOM,2025-09-26,117831,1,10,0,206.0
10109923SABINOM_2025-09-26_G10,10109923SABINOM,2025-09-26,117785,1,20,0,337.0
10109923SABINOM_2025-09-26_G11,10109923SABINOM,2025-09-26,109643,1,6,0,146.0
10109923SABINOM_2025-09-26_G12,10109923SABINOM,2025-09-26,110371,1,30,0,415.0
10109923SABINOM_2025-09-26_G13,10109923SABINOM,2025-09-26,118299,1,60,0,451.0
10109923SABINOM_2025-09-26_G14,10109923SABINOM,2025-09-26,110373,1,40,0,1827.0
10109923SABINOM_2025-09-26_G15,10109923SABINOM,2025-09-26,117808,1,150,0,680.0
10109923SABINOM_2025-09-26_G17,10109923SABINOM,2025-09-26,117856,1,6,0,270.0
10109923SABINOM_2025-09-26_G18,10109923SABINOM,2025-09-26,"140923, 117862",2,30,22,353.0
10109923SABINOM_2025-09-26_G19,10109923SABINOM,2025-09-26,118222,1,2,0,450.0
10109923SABINOM_2025-09-26_G20,10109923SABINOM,2025-09-26,111530,1,20,0,754.0
10109923SABINOM_2025-09-26_G21,10109923SABINOM,2025-09-26,141456,1,10,0,241.0
10109923SABINOM_2025-09-26_G22,10109923SABINOM,2025-09-26,111469,1,12,0,136.0
10109923SABINOM_2025-09-26_G23,10109923SABINOM,2025-09-26,111532,1,12,0,583.0
10109923SABINOM_2025-09-26_G24,10109923SABINOM,2025-09-26,111462,1,12,0,230.0
10109923SABINOM_2025-09-26_G25,10109923SABINOM,2025-09-26,111463,1,30,0,565.0
10109923SABINOM_2025-09-26_G26,10109923SABINOM,2025-09-26,111418,1,30,0,1720.0
10109923SABINOM_2025-09-26_G27,10109923SABINOM,2025-09-26,111466,1,20,0,257.0
10109923SABINOM_2025-09-26_G28,10109923SABINOM,2025-09-26,117785,1,20,0,915.0
10109923SABINOM_2025-09-26_G29,10109923SABINOM,2025-09-26,117833,1,15,0,109.0
10109923SABINOM_2025-09-26_G30,10109923SABINOM,2025-09-26,117821,1,20,0,236.0
10109923SABINOM_2025-09-26_G31,10109923SABINOM,2025-09-26,111465,1,8,0,91.0
10109923SABINOM_2025-09-26_G32,10109923SABINOM,2025-09-26,109641,1,1,0,155.0
10109923SABINOM_2025-09-26_G33,10109923SABINOM,2025-09-26,110374,1,20,0,995.0
10109923SABINOM_2025-09-26_G34,10109923SABINOM,2025-09-26,110371,1,20,0,184.0
10109923SABINOM_2025-09-26_G35,10109923SABINOM,2025-09-26,117820,1,30,0,326.0
10109923SABINOM_2025-09-26_G36,10109923SABINOM,2025-09-26,110372,1,50,0,297.0
10109923SABINOM_2025-09-26_G37,10109923SABINOM,2025-09-26,117832,1,12,0,387.0
10109923SABINOM_2025-09-26_G38,10109923SABINOM,2025-09-26,110373,1,30,0,91.0
10109923SABINOM_2025-09-26_G39,10109923SABINOM,2025-09-26,111850,2,8,27,590.0
10109923SABINOM_2025-09-26_G41,10109923SABINOM,2025-09-26,118299,2,20,30,83.0
10109923SABINOM_2025-09-26_G42,10109923SABINOM,2025-09-26,117809,1,12,0,206.0
10109923SABINOM_2025-09-29_G02,10109923SABINOM,2025-09-29,111469,1,2,0,48.0
10109923SABINOM_2025-09-29_G03,10109923SABINOM,2025-09-29,117785,1,20,0,99.0
10109923SABINOM_2025-09-29_G04,10109923SABINOM,2025-09-29,111466,1,8,0,241.0
10109923SABINOM_2025-09-29_G05,10109923SABINOM,2025-09-29,117833,1,8,0,98.0
10109923SABINOM_2025-09-29_G06,10109923SABINOM,2025-09-29,117821,1,12,0,409.0
10109923SABINOM_2025-09-29_G07,10109923SABINOM,2025-09-29,141457,1,27,0,36.0
10109923SABINOM_2025-09-29_G08,10109923SABINOM,2025-09-29,141457,1,33,0,411.0
10109923SABINOM_2025-09-29_G09,10109923SABINOM,2025-09-29,117838,1,8,0,91.0
10109923SABINOM_2025-09-29_G10,10109923SABINOM,2025-09-29,117808,1,180,0,170.0
10109923SABINOM_2025-09-29_G11,10109923SABINOM,2025-09-29,117830,1,16,0,295.0
10109923SABINOM_2025-09-29_G13,10109923SABINOM,2025-09-29,110733,1,4,0,97.0
10109923SABINOM_2025-09-29_G14,10109923SABINOM,2025-09-29,111602,1,4,0,192.0
10109923SABINOM_2025-09-29_G15,10109923SABINOM,2025-09-29,111182,1,18,0,1017.0
10109923SABINOM_2025-09-29_G16,10109923SABINOM,2025-09-29,110339,1,7,0,134.0
10109923SABINOM_2025-09-29_G17,10109923SABINOM,2025-09-29,111602,1,3,0,50.0
10109923SABINOM_2025-09-29_G18,10109923SABINOM,2025-09-29,111348,1,11,0,1048.0
10109923SABINOM_2025-09-29_G19,10109923SABINOM,2025-09-29,117856,1,12,0,417.0
10109923SABINOM_2025-09-29_G20,10109923SABINOM,2025-09-29,140923,2,8,7,125.0
10109923SABINOM_2025-09-29_G21,10109923SABINOM,2025-09-29,117861,1,2,0,77.0
10109923SABINOM_2025-09-29_G22,10109923SABINOM,2025-09-29,110733,1,4,0,35.0
10109923SABINOM_2025-09-29_G23,10109923SABINOM,2025-09-29,108772,3,4,15,131.0
10109923SABINOM_2025-09-29_G24,10109923SABINOM,2025-09-29,111439,1,4,0,103.0
10109923SABINOM_2025-09-29_G25,10109923SABINOM,2025-09-29,111463,1,10,0,204.0
10109923SABINOM_2025-09-29_G26,10109923SABINOM,2025-09-29,111443,1,2,0,89.0
10109923SABINOM_2025-09-29_G27,10109923SABINOM,2025-09-29,109645,1,4,0,169.0
10109923SABINOM_2025-09-29_G28,10109923SABINOM,2025-09-29,117838,1,1,0,126.0
10109923SABINOM_2025-09-29_G29,10109923SABINOM,2025-09-29,108794,1,2,0,68.0
10109923SABINOM_2025-09-29_G30,10109923SABINOM,2025-09-29,111442,1,2,0,123.0
10109923SABINOM_2025-09-29_G31,10109923SABINOM,2025-09-29,118140,1,6,0,672.0
10109923SABINOM_2025-09-29_G32,10109923SABINOM,2025-09-29,140911,1,4,0,317.0
10109923SABINOM_2025-09-29_G33,10109923SABINOM,2025-09-29,110755,1,2,0,718.0
10109923SABINOM_2025-09-29_G34,10109923SABINOM,2025-09-29,111569,1,10,0,263.0
10109923SABINOM_2025-09-29_G35,10109923SABINOM,2025-09-29,116241,1,4,0,108.0
10109923SABINOM_2025-09-30_G02,10109923SABINOM,2025-09-30,110373,1,20,0,891.0
10109923SABINOM_2025-09-30_G03,10109923SABINOM,2025-09-30,108794,1,4,0,1148.0
10109923SABINOM_2025-09-30_G04,10109923SABINOM,2025-09-30,110325,1,4,0,222.0
10109923SABINOM_2025-09-30_G05,10109923SABINOM,2025-09-30,110895,1,14,0,633.0
10109923SABINOM_2025-09-30_G06,10109923SABINOM,2025-09-30,110325,1,11,0,540.0
10109923SABINOM_2025-09-30_G07,10109923SABINOM,2025-09-30,110325,1,22,0,45.0
10109923SABINOM_2025-09-30_G08,10109923SABINOM,2025-09-30,117808,1,2,0,1400.0
10109923SABINOM_2025-09-30_G09,10109923SABINOM,2025-09-30,116241,1,2,0,282.0
10109923SABINOM_2025-09-30_G10,10109923SABINOM,2025-09-30,110325,1,2,0,489.0
10109923SABINOM_2025-09-30_G11,10109923SABINOM,2025-09-30,110325,1,6,0,1119.0
10109923SABINOM_2025-09-30_G12,10109923SABINOM,2025-09-30,111469,1,12,0,532.0
10109923SABINOM_2025-09-30_G13,10109923SABINOM,2025-09-30,111602,1,16,0,187.0
10109923SABINOM_2025-09-30_G14,10109923SABINOM,2025-09-30,108770,1,2,0,349.0
10109923SABINOM_2025-09-30_G15,10109923SABINOM,2025-09-30,110787,1,27,0,2358.0
10109923SABINOM_2025-09-30_G16,10109923SABINOM,2025-09-30,111330,1,4,0,106.0
10109923SABINOM_2025-09-30_G17,10109923SABINOM,2025-09-30,111182,1,2,0,453.0
10109923SABINOM_2025-09-30_G18,10109923SABINOM,2025-09-30,111182,1,2,0,32.0
10109923SABINOM_2025-09-30_G19,10109923SABINOM,2025-09-30,140911,1,12,0,923.0
10109923SABINOM_2025-09-30_G20,10109923SABINOM,2025-09-30,111530,1,1,0,1183.0
10109923SABINOM_2025-09-30_G21,10109923SABINOM,2025-09-30,110787,1,5,0,53.0
10109923SABINOM_2025-09-30_G22,10109923SABINOM,2025-09-30,111182,1,6,0,145.0
10109923SABINOM_2025-09-30_G23,10109923SABINOM,2025-09-30,"110373, 110325",2,7,7,487.0
10109923SABINOM_2025-09-30_G24,10109923SABINOM,2025-09-30,110371,1,12,0,597.0
10109923SABINOM_2025-09-30_G25,10109923SABINOM,2025-09-30,110372,1,30,0,325.0
10109923SABINOM_2025-09-30_G26,10109923SABINOM,2025-09-30,117832,1,4,0,144.0
10109923SABINOM_2025-09-30_G27,10109923SABINOM,2025-09-30,110373,1,20,0,509.0
10109923SABINOM_2025-09-30_G28,10109923SABINOM,2025-09-30,117809,1,4,0,73.0
10109923SABINOM_2025-09-30_G29,10109923SABINOM,2025-09-30,118299,1,10,0,492.0
10109923SABINOM_2025-09-30_G30,10109923SABINOM,2025-09-30,117808,1,20,0,165.0
10109923SABINOM_2025-09-30_G31,10109923SABINOM,2025-09-30,117808,1,20,0,365.0
10109923SABINOM_2025-09-30_G33,10109923SABINOM,2025-09-30,117830,1,30,0,1249.0
10109923SABINOM_2025-09-30_G34,10109923SABINOM,2025-09-30,109648,1,14,0,755.0
10109923SABINOM_2025-09-30_G35,10109923SABINOM,2025-09-30,"117808, 118299",2,410,20,2043.0
10109923SABINOM_2025-09-30_G36,10109923SABINOM,2025-09-30,117830,1,70,0,2128.0
10109923SABINOM_2025-10-04_G02,10109923SABINOM,2025-10-04,118140,1,12,0,148.0
10109923SABINOM_2025-10-04_G03,10109923SABINOM,2025-10-04,110711,1,2,0,98.0
10109923SABINOM_2025-10-04_G04,10109923SABINOM,2025-10-04,110339,1,6,0,192.0
10109923SABINOM_2025-10-04_G05,10109923SABINOM,2025-10-04,111602,1,19,0,751.0
10109923SABINOM_2025-10-04_G06,10109923SABINOM,2025-10-04,110711,2,5,7,285.0
10109923SABINOM_2025-10-04_G07,10109923SABINOM,2025-10-04,111532,1,21,0,310.0
10109940QUEIROZD_2025-07-16_G02,10109940QUEIROZD,2025-07-16,140911,1,8,0,66.0
10109940QUEIROZD_2025-07-16_G03,10109940QUEIROZD,2025-07-16,111463,1,10,0,277.0
10109940QUEIROZD_2025-07-16_G04,10109940QUEIROZD,2025-07-16,111463,1,8,0,67.0
10109940QUEIROZD_2025-07-16_G05,10109940QUEIROZD,2025-07-16,117820,1,61,0,518.0
10109940QUEIROZD_2025-07-16_G06,10109940QUEIROZD,2025-07-16,"140911, 107892",3,11,26,39.0
10109940QUEIROZD_2025-07-16_G07,10109940QUEIROZD,2025-07-16,124477,1,6,0,444.0
10109940QUEIROZD_2025-07-16_G09,10109940QUEIROZD,2025-07-16,118140,1,3,0,70.0
10109940QUEIROZD_2025-07-16_G10,10109940QUEIROZD,2025-07-16,118140,1,8,0,61.0
10109940QUEIROZD_2025-07-16_G11,10109940QUEIROZD,2025-07-16,118140,1,4,0,72.0
10109940QUEIROZD_2025-07-16_G12,10109940QUEIROZD,2025-07-16,118140,2,36,19,113.0
10109940QUEIROZD_2025-07-16_G13,10109940QUEIROZD,2025-07-16,118140,2,6,12,58.0
10109940QUEIROZD_2025-07-17_G02,10109940QUEIROZD,2025-07-17,118140,1,1,0,119.0
10109940QUEIROZD_2025-07-17_G03,10109940QUEIROZD,2025-07-17,118140,1,6,0,34.0
10109940QUEIROZD_2025-07-17_G04,10109940QUEIROZD,2025-07-17,117820,1,4,0,114.0
10109940QUEIROZD_2025-07-17_G05,10109940QUEIROZD,2025-07-17,"109649, 111463",2,47,12,86.0
10109940QUEIROZD_2025-07-17_G06,10109940QUEIROZD,2025-07-17,118140,1,1,0,131.0
10109940QUEIROZD_2025-07-17_G07,10109940QUEIROZD,2025-07-17,"118290, 118140",5,24,93,35.0
10109940QUEIROZD_2025-07-17_G08,10109940QUEIROZD,2025-07-17,117820,1,30,0,175.0
10109940QUEIROZD_2025-07-17_G09,10109940QUEIROZD,2025-07-17,122962,2,60,19,535.0
10109940QUEIROZD_2025-07-17_G11,10109940QUEIROZD,2025-07-17,118223,1,8,0,133.0
10109940QUEIROZD_2025-07-17_G12,10109940QUEIROZD,2025-07-17,111724,1,3,0,3431.0
10109940QUEIROZD_2025-07-17_G13,10109940QUEIROZD,2025-07-17,111724,1,14,0,140.0
10109940QUEIROZD_2025-07-22_G02,10109940QUEIROZD,2025-07-22,110092,1,2,0,58.0
10109940QUEIROZD_2025-07-22_G03,10109940QUEIROZD,2025-07-22,117935,2,20,6,78.0
10109940QUEIROZD_2025-07-22_G04,10109940QUEIROZD,2025-07-22,117935,1,6,0,38.0
10109940QUEIROZD_2025-07-22_G05,10109940QUEIROZD,2025-07-22,109649,1,2,0,357.0
10109940QUEIROZD_2025-07-23_G02,10109940QUEIROZD,2025-07-23,108770,1,8,0,279.0
10109940QUEIROZD_2025-07-23_G03,10109940QUEIROZD,2025-07-23,117935,2,2,20,41.0
10109940QUEIROZD_2025-07-23_G04,10109940QUEIROZD,2025-07-23,117935,1,2,0,67.0
10109940QUEIROZD_2025-07-23_G05,10109940QUEIROZD,2025-07-23,117935,2,3,23,35.0
10109940QUEIROZD_2025-07-23_G06,10109940QUEIROZD,2025-07-23,111463,1,10,0,138.0
10109940QUEIROZD_2025-07-23_G07,10109940QUEIROZD,2025-07-23,117935,2,17,7,104.0
10109940QUEIROZD_2025-07-23_G08,10109940QUEIROZD,2025-07-23,111743,1,20,0,452.0
10109940QUEIROZD_2025-07-23_G09,10109940QUEIROZD,2025-07-23,"110895, 109974",3,10,23,1179.0
10109940QUEIROZD_2025-07-23_G10,10109940QUEIROZD,2025-07-23,109649,1,4,0,55.0
10109940QUEIROZD_2025-07-23_G11,10109940QUEIROZD,2025-07-23,"109649, 110895",3,10,52,496.0
10109940QUEIROZD_2025-07-23_G13,10109940QUEIROZD,2025-07-23,111463,1,50,0,169.0
10109940QUEIROZD_2025-07-23_G14,10109940QUEIROZD,2025-07-23,111463,1,20,0,375.0
10109940QUEIROZD_2025-07-24_G02,10109940QUEIROZD,2025-07-24,108770,1,8,0,58.0
10109940QUEIROZD_2025-07-24_G03,10109940QUEIROZD,2025-07-24,111463,1,6,0,253.0
10109940QUEIROZD_2025-07-24_G04,10109940QUEIROZD,2025-07-24,111463,2,30,25,45.0
10109940QUEIROZD_2025-07-24_G06,10109940QUEIROZD,2025-07-24,120028,1,200,0,2604.0
10109940QUEIROZD_2025-07-28_G03,10109940QUEIROZD,2025-07-28,110515,1,5,0,65.0
10109940QUEIROZD_2025-07-28_G04,10109940QUEIROZD,2025-07-28,117785,1,80,0,1283.0
10109940QUEIROZD_2025-07-28_G05,10109940QUEIROZD,2025-07-28,111743,1,9,0,342.0
10109940QUEIROZD_2025-07-28_G06,10109940QUEIROZD,2025-07-28,111757,1,22,0,254.0
10109940QUEIROZD_2025-07-28_G07,10109940QUEIROZD,2025-07-28,"111729, 111743",2,11,28,76.0
10109940QUEIROZD_2025-07-28_G08,10109940QUEIROZD,2025-07-28,110313,1,10,0,33.0
10109940QUEIROZD_2025-07-28_G09,10109940QUEIROZD,2025-07-28,111463,1,16,0,473.0
10109940QUEIROZD_2025-07-28_G10,10109940QUEIROZD,2025-07-28,"118322, 109974",2,5,30,180.0
10109940QUEIROZD_2025-07-28_G11,10109940QUEIROZD,2025-07-28,111469,1,4,0,38.0
10109940QUEIROZD_2025-07-28_G12,10109940QUEIROZD,2025-07-28,108794,1,2,0,130.0
10109940QUEIROZD_2025-07-29_G02,10109940QUEIROZD,2025-07-29,122962,1,4,0,1354.0
10109940QUEIROZD_2025-07-29_G03,10109940QUEIROZD,2025-07-29,123562,1,1,0,273.0
10109940QUEIROZD_2025-07-29_G04,10109940QUEIROZD,2025-07-29,110515,1,2,0,63.0
10109940QUEIROZD_2025-07-29_G05,10109940QUEIROZD,2025-07-29,110515,1,3,0,179.0
10109940QUEIROZD_2025-07-29_G06,10109940QUEIROZD,2025-07-29,109640,1,10,0,40.0
10109940QUEIROZD_2025-07-29_G07,10109940QUEIROZD,2025-07-29,123562,1,4,0,913.0
10109940QUEIROZD_2025-07-29_G08,10109940QUEIROZD,2025-07-29,111761,1,100,0,73.0
10109940QUEIROZD_2025-07-31_G02,10109940QUEIROZD,2025-07-31,118311,1,4,0,46.0
10109940QUEIROZD_2025-07-31_G03,10109940QUEIROZD,2025-07-31,140911,1,2,0,52.0
10109940QUEIROZD_2025-07-31_G05,10109940QUEIROZD,2025-07-31,124371,1,22,0,66.0
10109940QUEIROZD_2025-07-31_G06,10109940QUEIROZD,2025-07-31,115773,1,4,0,51.0
10109940QUEIROZD_2025-07-31_G07,10109940QUEIROZD,2025-07-31,"111850, 110754",2,11,7,171.0
10109940QUEIROZD_2025-07-31_G08,10109940QUEIROZD,2025-07-31,122196,1,83,0,55.0
10109940QUEIROZD_2025-07-31_G09,10109940QUEIROZD,2025-07-31,140911,1,1,0,50.0
10109940QUEIROZD_2025-07-31_G10,10109940QUEIROZD,2025-07-31,105744,1,4,0,58.0
10109940QUEIROZD_2025-07-31_G11,10109940QUEIROZD,2025-07-31,118330,1,4,0,39.0
10109940QUEIROZD_2025-07-31_G12,10109940QUEIROZD,2025-07-31,108770,1,10,0,2125.0
10109940QUEIROZD_2025-07-31_G13,10109940QUEIROZD,2025-07-31,"110313, 117935",2,68,11,46.0
10109940QUEIROZD_2025-08-04_G02,10109940QUEIROZD,2025-08-04,"111330, 118290",2,6,15,746.0
10109940QUEIROZD_2025-08-05_G02,10109940QUEIROZD,2025-08-05,111530,1,8,0,36.0
10109940QUEIROZD_2025-08-05_G03,10109940QUEIROZD,2025-08-05,118222,1,2,0,2447.0
10109940QUEIROZD_2025-08-05_G04,10109940QUEIROZD,2025-08-05,118222,1,16,0,69.0
10109940QUEIROZD_2025-08-05_G05,10109940QUEIROZD,2025-08-05,110743,1,10,0,68.0
10109940QUEIROZD_2025-08-05_G06,10109940QUEIROZD,2025-08-05,122553,2,21,19,112.0
10109940QUEIROZD_2025-08-05_G07,10109940QUEIROZD,2025-08-05,118290,1,3,0,444.0
10109940QUEIROZD_2025-08-05_G08,10109940QUEIROZD,2025-08-05,110372,1,85,0,409.0
10109940QUEIROZD_2025-08-06_G02,10109940QUEIROZD,2025-08-06,"111463, 110787, 110372",3,20,29,38.0
10109940QUEIROZD_2025-08-06_G03,10109940QUEIROZD,2025-08-06,117837,1,4,0,66.0
10109940QUEIROZD_2025-08-06_G04,10109940QUEIROZD,2025-08-06,110313,1,2,0,64.0
10109940QUEIROZD_2025-08-06_G05,10109940QUEIROZD,2025-08-06,111120,1,1,0,2504.0
10109940QUEIROZD_2025-08-06_G06,10109940QUEIROZD,2025-08-06,110787,1,4,0,142.0
10109940QUEIROZD_2025-08-07_G02,10109940QUEIROZD,2025-08-07,117841,1,4,0,67.0
10109940QUEIROZD_2025-08-07_G03,10109940QUEIROZD,2025-08-07,110372,1,657,0,73.0
10109940QUEIROZD_2025-08-07_G04,10109940QUEIROZD,2025-08-07,110754,1,1,0,65.0
10109940QUEIROZD_2025-08-07_G05,10109940QUEIROZD,2025-08-07,117935,1,8,0,495.0
10109940QUEIROZD_2025-08-07_G07,10109940QUEIROZD,2025-08-07,117856,1,559,0,42.0
10109940QUEIROZD_2025-08-08_G02,10109940QUEIROZD,2025-08-08,111469,1,15,0,31.0
10109940QUEIROZD_2025-08-08_G03,10109940QUEIROZD,2025-08-08,117841,1,10,0,143.0
10109940QUEIROZD_2025-08-08_G04,10109940QUEIROZD,2025-08-08,111469,2,4,24,314.0
10109940QUEIROZD_2025-08-08_G05,10109940QUEIROZD,2025-08-08,111445,2,4,13,194.0
10109940QUEIROZD_2025-08-08_G06,10109940QUEIROZD,2025-08-08,122983,1,4,0,93.0
10109940QUEIROZD_2025-08-08_G07,10109940QUEIROZD,2025-08-08,118290,1,7,0,1208.0
10109940QUEIROZD_2025-08-08_G08,10109940QUEIROZD,2025-08-08,117838,1,6,0,205.0
10109940QUEIROZD_2025-08-09_G02,10109940QUEIROZD,2025-08-09,111466,1,2,0,420.0
10109940QUEIROZD_2025-08-09_G03,10109940QUEIROZD,2025-08-09,111466,1,1,0,552.0
10109940QUEIROZD_2025-08-09_G04,10109940QUEIROZD,2025-08-09,122962,1,5,0,72.0
10109940QUEIROZD_2025-08-09_G05,10109940QUEIROZD,2025-08-09,118271,1,4,0,70.0
10109940QUEIROZD_2025-08-09_G06,10109940QUEIROZD,2025-08-09,"111430, 117329",2,47,20,3080.0
10109940QUEIROZD_2025-08-09_G07,10109940QUEIROZD,2025-08-09,111430,1,5,0,841.0
10109940QUEIROZD_2025-08-12_G02,10109940QUEIROZD,2025-08-12,115234,1,4,0,172.0
10109940QUEIROZD_2025-08-12_G03,10109940QUEIROZD,2025-08-12,109974,1,1,0,299.0
10109940QUEIROZD_2025-08-12_G04,10109940QUEIROZD,2025-08-12,111120,1,1,0,76.0
10109940QUEIROZD_2025-08-12_G05,10109940QUEIROZD,2025-08-12,"110742, 117838, 107263",3,14,37,71.0
10109940QUEIROZD_2025-08-12_G06,10109940QUEIROZD,2025-08-12,111441,1,191,0,317.0
10109940QUEIROZD_2025-08-13_G03,10109940QUEIROZD,2025-08-13,140911,1,2,0,936.0
10109940QUEIROZD_2025-08-13_G04,10109940QUEIROZD,2025-08-13,110374,2,76,12,51.0
10109940QUEIROZD_2025-08-13_G05,10109940QUEIROZD,2025-08-13,115775,1,4,0,52.0
10109940QUEIROZD_2025-08-13_G06,10109940QUEIROZD,2025-08-13,115775,1,4,0,55.0
10109940QUEIROZD_2025-08-13_G07,10109940QUEIROZD,2025-08-13,"115775, 115234",6,24,91,55.0
10109940QUEIROZD_2025-08-14_G02,10109940QUEIROZD,2025-08-14,"115234, 118290",2,5,4,158.0
10109940QUEIROZD_2025-08-14_G03,10109940QUEIROZD,2025-08-14,118290,2,4,27,72.0
10109940QUEIROZD_2025-08-14_G04,10109940QUEIROZD,2025-08-14,115234,1,11,0,47.0
10109940QUEIROZD_2025-08-14_G05,10109940QUEIROZD,2025-08-14,111441,1,4,0,42.0
10109940QUEIROZD_2025-08-14_G06,10109940QUEIROZD,2025-08-14,124594,1,11,0,73.0
10109940QUEIROZD_2025-08-14_G07,10109940QUEIROZD,2025-08-14,124476,1,72,0,109.0
10109940QUEIROZD_2025-08-14_G08,10109940QUEIROZD,2025-08-14,"117809, 110325, 110742",3,7,23,56.0
10109940QUEIROZD_2025-08-14_G09,10109940QUEIROZD,2025-08-14,110372,1,83,0,234.0
10109940QUEIROZD_2025-08-14_G10,10109940QUEIROZD,2025-08-14,118140,1,13,0,1139.0
10109940QUEIROZD_2025-08-14_G11,10109940QUEIROZD,2025-08-14,118140,1,4,0,148.0
10109940QUEIROZD_2025-08-14_G12,10109940QUEIROZD,2025-08-14,118140,3,122,20,464.0
10109940QUEIROZD_2025-08-14_G13,10109940QUEIROZD,2025-08-14,118140,2,32,6,138.0
10109940QUEIROZD_2025-08-14_G14,10109940QUEIROZD,2025-08-14,118140,2,7,13,48.0
10109940QUEIROZD_2025-08-14_G15,10109940QUEIROZD,2025-08-14,118140,1,184,0,732.0
10109940QUEIROZD_2025-08-15_G02,10109940QUEIROZD,2025-08-15,"181057, 181056",2,103,11,33.0
10109940QUEIROZD_2025-08-15_G03,10109940QUEIROZD,2025-08-15,181887,1,43,0,93.0
10109940QUEIROZD_2025-08-15_G06,10109940QUEIROZD,2025-08-15,110372,1,12,0,103.0
10109940QUEIROZD_2025-08-15_G07,10109940QUEIROZD,2025-08-15,108770,1,1,0,53.0
10109940QUEIROZD_2025-08-15_G08,10109940QUEIROZD,2025-08-15,117856,1,5,0,37.0
10109940QUEIROZD_2025-08-15_G09,10109940QUEIROZD,2025-08-15,117856,1,8,0,33.0
10109940QUEIROZD_2025-08-16_G02,10109940QUEIROZD,2025-08-16,123908,1,2,0,90.0
10109940QUEIROZD_2025-08-16_G03,10109940QUEIROZD,2025-08-16,118140,1,6,0,76.0
10109940QUEIROZD_2025-08-21_G02,10109940QUEIROZD,2025-08-21,110374,1,160,0,718.0
10109940QUEIROZD_2025-08-22_G02,10109940QUEIROZD,2025-08-22,110833,1,2,0,73.0
10109940QUEIROZD_2025-08-25_G02,10109940QUEIROZD,2025-08-25,110374,1,8,0,1449.0
10109940QUEIROZD_2025-08-25_G03,10109940QUEIROZD,2025-08-25,111430,4,15,48,38.0
10109940QUEIROZD_2025-08-25_G04,10109940QUEIROZD,2025-08-25,111430,1,4,0,38.0
10109940QUEIROZD_2025-08-25_G05,10109940QUEIROZD,2025-08-25,"111430, 111755, 110374",5,18,71,58.0
10109940QUEIROZD_2025-08-25_G06,10109940QUEIROZD,2025-08-25,"110743, 110374",2,6,17,231.0
10109940QUEIROZD_2025-08-25_G07,10109940QUEIROZD,2025-08-25,110374,1,40,0,36.0
10109940QUEIROZD_2025-08-25_G08,10109940QUEIROZD,2025-08-25,"111330, 110374",2,62,18,34.0
10109940QUEIROZD_2025-08-25_G09,10109940QUEIROZD,2025-08-25,111530,1,1,0,97.0
10109940QUEIROZD_2025-08-25_G10,10109940QUEIROZD,2025-08-25,118140,1,12,0,32.0
10109940QUEIROZD_2025-08-25_G11,10109940QUEIROZD,2025-08-25,"111182, 110743, 111755",4,103,50,36.0
10109940QUEIROZD_2025-08-25_G12,10109940QUEIROZD,2025-08-25,110374,1,19,0,71.0
10109940QUEIROZD_2025-08-25_G13,10109940QUEIROZD,2025-08-25,110374,1,10,0,76.0
10109940QUEIROZD_2025-08-25_G14,10109940QUEIROZD,2025-08-25,110374,1,10,0,49.0
10109940QUEIROZD_2025-08-25_G15,10109940QUEIROZD,2025-08-25,110374,1,50,0,56.0
10109940QUEIROZD_2025-08-25_G16,10109940QUEIROZD,2025-08-25,118140,5,50,86,34.0
10109940QUEIROZD_2025-08-25_G17,10109940QUEIROZD,2025-08-25,"118403, 111439, 118140, 109649",5,53,71,128.0
10109940QUEIROZD_2025-08-25_G18,10109940QUEIROZD,2025-08-25,"118191, 110374",2,27,16,98.0
10109940QUEIROZD_2025-08-25_G19,10109940QUEIROZD,2025-08-25,111330,1,41,0,58.0
10109940QUEIROZD_2025-08-25_G20,10109940QUEIROZD,2025-08-25,111530,1,3,0,74.0
10109940QUEIROZD_2025-08-25_G21,10109940QUEIROZD,2025-08-25,111530,1,12,0,34.0
10109940QUEIROZD_2025-08-25_G22,10109940QUEIROZD,2025-08-25,111530,1,2,0,37.0
10109940QUEIROZD_2025-08-25_G23,10109940QUEIROZD,2025-08-25,110374,1,1,0,70.0
10109940QUEIROZD_2025-08-25_G24,10109940QUEIROZD,2025-08-25,117935,1,1,0,1405.0
10109940QUEIROZD_2025-08-25_G25,10109940QUEIROZD,2025-08-25,111330,1,5,0,73.0
10109940QUEIROZD_2025-08-25_G27,10109940QUEIROZD,2025-08-25,118094,1,4,0,2830.0
10109940QUEIROZD_2025-08-25_G28,10109940QUEIROZD,2025-08-25,"118094, 117862",3,11,33,97.0
10109940QUEIROZD_2025-08-25_G29,10109940QUEIROZD,2025-08-25,111850,1,11,0,121.0
10109940QUEIROZD_2025-08-25_G30,10109940QUEIROZD,2025-08-25,118094,1,2,0,338.0
10109940QUEIROZD_2025-08-25_G31,10109940QUEIROZD,2025-08-25,118094,1,3,0,1696.0
10109940QUEIROZD_2025-08-25_G32,10109940QUEIROZD,2025-08-25,118140,1,8,0,49.0
10109940QUEIROZD_2025-08-30_G03,10109940QUEIROZD,2025-08-30,"118191, 111753",2,9,18,32.0
10109940QUEIROZD_2025-08-30_G04,10109940QUEIROZD,2025-08-30,111761,1,4,0,34.0
10109940QUEIROZD_2025-08-30_G05,10109940QUEIROZD,2025-08-30,111172,1,20,0,859.0
10109940QUEIROZD_2025-08-31_G02,10109940QUEIROZD,2025-08-31,111754,1,1,0,237.0
10109940QUEIROZD_2025-09-02_G02,10109940QUEIROZD,2025-09-02,"111120, 109974, 107888, 110749, 110714, 118250, 110579, 110064, 110423, 115775, 141035, 108701",12,55,109,51.0
10109940QUEIROZD_2025-09-02_G03,10109940QUEIROZD,2025-09-02,"118403, 107263, 118330",3,34,42,61.0
10109940QUEIROZD_2025-09-02_G04,10109940QUEIROZD,2025-09-02,"110373, 118299, 110371",3,1870,37,428.0
10109940QUEIROZD_2025-09-02_G05,10109940QUEIROZD,2025-09-02,118299,1,1450,0,43.0
10109940QUEIROZD_2025-09-02_G06,10109940QUEIROZD,2025-09-02,122962,1,24,0,49.0
10109940QUEIROZD_2025-09-02_G07,10109940QUEIROZD,2025-09-02,111740,1,4,0,40.0
10109940QUEIROZD_2025-09-02_G08,10109940QUEIROZD,2025-09-02,118191,1,16,0,336.0
10109940QUEIROZD_2025-09-02_G09,10109940QUEIROZD,2025-09-02,"111754, 111740, 180590, 110746, 141262",11,62,134,518.0
10109940QUEIROZD_2025-09-02_G10,10109940QUEIROZD,2025-09-02,141262,1,18,0,94.0
10109940QUEIROZD_2025-09-03_G02,10109940QUEIROZD,2025-09-03,180054,1,1,0,68.0
10109940QUEIROZD_2025-09-03_G03,10109940QUEIROZD,2025-09-03,118191,1,926,0,42.0
10109940QUEIROZD_2025-09-03_G04,10109940QUEIROZD,2025-09-03,105894,1,15,0,46.0
10109940QUEIROZD_2025-09-03_G05,10109940QUEIROZD,2025-09-03,110746,1,6,0,72.0
10109940QUEIROZD_2025-09-03_G06,10109940QUEIROZD,2025-09-03,"110745, 110515, 109640, 111598, 111172, 109649",6,530,84,51.0
10109940QUEIROZD_2025-09-03_G07,10109940QUEIROZD,2025-09-03,111738,1,20,0,251.0
10109940QUEIROZD_2025-09-08_G02,10109940QUEIROZD,2025-09-08,118191,1,50,0,255.0
10109940QUEIROZD_2025-09-08_G03,10109940QUEIROZD,2025-09-08,"118191, 111467",2,53,24,36.0
10109940QUEIROZD_2025-09-08_G04,10109940QUEIROZD,2025-09-08,"110742, 100334",2,36,7,265.0
10109940QUEIROZD_2025-09-08_G05,10109940QUEIROZD,2025-09-08,"118140, 140922, 111443",3,125,48,71.0
10109940QUEIROZD_2025-09-08_G06,10109940QUEIROZD,2025-09-08,115234,1,4,0,129.0
10109940QUEIROZD_2025-09-08_G07,10109940QUEIROZD,2025-09-08,"124475, 124486, 124370",4,9,15,102.0
10109940QUEIROZD_2025-09-08_G08,10109940QUEIROZD,2025-09-08,124475,1,4,0,217.0
10109940QUEIROZD_2025-09-08_G09,10109940QUEIROZD,2025-09-08,"111467, 117837, 111532",3,36,35,177.0
10109940QUEIROZD_2025-09-08_G10,10109940QUEIROZD,2025-09-08,118299,1,28,0,57.0
10109940QUEIROZD_2025-09-08_G11,10109940QUEIROZD,2025-09-08,"108794, 109647",3,32,57,37.0
10109940QUEIROZD_2025-09-08_G12,10109940QUEIROZD,2025-09-08,"110841, 110500",2,5,24,48.0
10109940QUEIROZD_2025-09-08_G13,10109940QUEIROZD,2025-09-08,110753,1,2,0,51.0
10109940QUEIROZD_2025-09-08_G14,10109940QUEIROZD,2025-09-08,109648,1,2,0,63.0
10109940QUEIROZD_2025-09-08_G15,10109940QUEIROZD,2025-09-08,"111792, 111467",3,13,43,75.0
10109940QUEIROZD_2025-09-08_G16,10109940QUEIROZD,2025-09-08,111438,1,4,0,76.0
10109940QUEIROZD_2025-09-08_G17,10109940QUEIROZD,2025-09-08,"111467, 111750",2,9,26,38.0
10109940QUEIROZD_2025-09-08_G18,10109940QUEIROZD,2025-09-08,111724,1,19,0,88.0
10109940QUEIROZD_2025-09-08_G19,10109940QUEIROZD,2025-09-08,111755,1,50,0,38.0
10109940QUEIROZD_2025-09-08_G20,10109940QUEIROZD,2025-09-08,111759,1,30,0,58.0
10109940QUEIROZD_2025-09-08_G21,10109940QUEIROZD,2025-09-08,"111760, 111737, 111761",3,86,40,171.0
10109940QUEIROZD_2025-09-08_G22,10109940QUEIROZD,2025-09-08,"111751, 111741",2,56,19,55.0
10109940QUEIROZD_2025-09-08_G23,10109940QUEIROZD,2025-09-08,"111760, 111750",2,6,29,49.0
10109940QUEIROZD_2025-09-08_G24,10109940QUEIROZD,2025-09-08,124370,1,100,0,32.0
10109940QUEIROZD_2025-09-10_G02,10109940QUEIROZD,2025-09-10,"111724, 123822, 124486",3,58,26,52.0
10109940QUEIROZD_2025-09-10_G03,10109940QUEIROZD,2025-09-10,111760,1,6,0,44.0
10109940QUEIROZD_2025-09-10_G04,10109940QUEIROZD,2025-09-10,"111737, 111755, 141140",3,79,14,32.0
10109940QUEIROZD_2025-09-11_G02,10109940QUEIROZD,2025-09-11,111443,1,2,0,153.0
10109940QUEIROZD_2025-09-11_G03,10109940QUEIROZD,2025-09-11,118140,1,2,0,105.0
10109940QUEIROZD_2025-09-11_G04,10109940QUEIROZD,2025-09-11,109974,1,2,0,222.0
10109940QUEIROZD_2025-09-11_G05,10109940QUEIROZD,2025-09-11,111467,1,3,0,50.0
10109940QUEIROZD_2025-09-15_G03,10109940QUEIROZD,2025-09-15,121307,1,46,0,105.0
10109940QUEIROZD_2025-09-24_G02,10109940QUEIROZD,2025-09-24,"110743, 111532",2,32,7,264.0
10109940QUEIROZD_2025-10-06_G02,10109940QUEIROZD,2025-10-06,111792,1,1,0,187.0
10109940QUEIROZD_2025-10-07_G02,10109940QUEIROZD,2025-10-07,111431,1,15,0,90.0
10109952MAGALHAESM_2025-07-18_G03,10109952MAGALHAESM,2025-07-18,"111356, 110500, 109974, 110332, 124371, 109933, 110895",7,43,134,39.0
10109952MAGALHAESM_2025-07-18_G04,10109952MAGALHAESM,2025-07-18,109649,1,2,0,33.0
10109952MAGALHAESM_2025-07-21_G02,10109952MAGALHAESM,2025-07-21,117808,1,23,0,598.0
10109952MAGALHAESM_2025-07-21_G03,10109952MAGALHAESM,2025-07-21,"110754, 111463",2,16,17,32.0
10109952MAGALHAESM_2025-07-21_G04,10109952MAGALHAESM,2025-07-21,111463,1,10,0,36.0
10109952MAGALHAESM_2025-07-21_G05,10109952MAGALHAESM,2025-07-21,111463,2,42,21,250.0
10109952MAGALHAESM_2025-07-21_G06,10109952MAGALHAESM,2025-07-21,111463,1,11,0,32.0
10109952MAGALHAESM_2025-07-21_G07,10109952MAGALHAESM,2025-07-21,110754,1,15,0,35.0
10109952MAGALHAESM_2025-07-21_G08,10109952MAGALHAESM,2025-07-21,111759,1,8,0,42.0
10109952MAGALHAESM_2025-07-21_G09,10109952MAGALHAESM,2025-07-21,160050,1,2,0,35.0
10109952MAGALHAESM_2025-07-21_G10,10109952MAGALHAESM,2025-07-21,111463,1,2,0,42.0
10109952MAGALHAESM_2025-07-21_G11,10109952MAGALHAESM,2025-07-21,118317,1,20,0,103.0
10109952MAGALHAESM_2025-07-21_G12,10109952MAGALHAESM,2025-07-21,117820,1,2,0,248.0
10109952MAGALHAESM_2025-07-21_G15,10109952MAGALHAESM,2025-07-21,117820,1,50,0,527.0
10109952MAGALHAESM_2025-07-21_G16,10109952MAGALHAESM,2025-07-21,110733,1,1,0,574.0
10109952MAGALHAESM_2025-07-22_G02,10109952MAGALHAESM,2025-07-22,109640,1,21,0,96.0
10109952MAGALHAESM_2025-07-22_G03,10109952MAGALHAESM,2025-07-22,109649,1,8,0,279.0
10109952MAGALHAESM_2025-07-22_G04,10109952MAGALHAESM,2025-07-22,110500,1,1,0,155.0
10109952MAGALHAESM_2025-07-30_G02,10109952MAGALHAESM,2025-07-30,123343,2,22,6,109.0
10109952MAGALHAESM_2025-07-30_G03,10109952MAGALHAESM,2025-07-30,108770,1,2,0,126.0
10109952MAGALHAESM_2025-07-30_G04,10109952MAGALHAESM,2025-07-30,109649,1,5,0,186.0
10109952MAGALHAESM_2025-08-04_G02,10109952MAGALHAESM,2025-08-04,111466,1,18,0,49.0
10109952MAGALHAESM_2025-08-04_G03,10109952MAGALHAESM,2025-08-04,"111466, 124476",2,92,21,79.0
10109952MAGALHAESM_2025-08-04_G04,10109952MAGALHAESM,2025-08-04,180420,1,8,0,55.0
10109952MAGALHAESM_2025-08-04_G05,10109952MAGALHAESM,2025-08-04,180420,1,57,0,52.0
10109952MAGALHAESM_2025-08-04_G06,10109952MAGALHAESM,2025-08-04,111445,2,8,11,54.0
10109952MAGALHAESM_2025-08-04_G07,10109952MAGALHAESM,2025-08-04,110895,2,7,5,70.0
10109952MAGALHAESM_2025-08-04_G08,10109952MAGALHAESM,2025-08-04,"118403, 117935",3,18,13,336.0
10109952MAGALHAESM_2025-08-04_G09,10109952MAGALHAESM,2025-08-04,141456,3,99,17,80.0
10109952MAGALHAESM_2025-08-04_G10,10109952MAGALHAESM,2025-08-04,110711,1,32,0,293.0
10109952MAGALHAESM_2025-08-04_G11,10109952MAGALHAESM,2025-08-04,141456,1,44,0,200.0
10109952MAGALHAESM_2025-08-04_G12,10109952MAGALHAESM,2025-08-04,141456,1,20,0,72.0
10109952MAGALHAESM_2025-08-05_G02,10109952MAGALHAESM,2025-08-05,111466,1,12,0,112.0
10109952MAGALHAESM_2025-08-05_G03,10109952MAGALHAESM,2025-08-05,111761,1,5,0,64.0
10109952MAGALHAESM_2025-08-11_G02,10109952MAGALHAESM,2025-08-11,122984,1,5,0,596.0
10109952MAGALHAESM_2025-08-11_G03,10109952MAGALHAESM,2025-08-11,123562,1,13,0,1131.0
10109952MAGALHAESM_2025-08-11_G04,10109952MAGALHAESM,2025-08-11,110373,1,20,0,179.0
10109952MAGALHAESM_2025-08-13_G03,10109952MAGALHAESM,2025-08-13,118222,1,250,0,84.0
10109952MAGALHAESM_2025-08-13_G04,10109952MAGALHAESM,2025-08-13,111466,1,3,0,100.0
10109952MAGALHAESM_2025-08-13_G05,10109952MAGALHAESM,2025-08-13,"108759, 111418, 110374",4,137,53,47.0
10109952MAGALHAESM_2025-08-13_G06,10109952MAGALHAESM,2025-08-13,110740,1,4,0,344.0
10109952MAGALHAESM_2025-08-14_G02,10109952MAGALHAESM,2025-08-14,181237,1,6,0,59.0
10109952MAGALHAESM_2025-08-14_G03,10109952MAGALHAESM,2025-08-14,"122671, 124247",3,8,12,650.0
10109952MAGALHAESM_2025-08-15_G02,10109952MAGALHAESM,2025-08-15,110376,1,3,0,71.0
10109952MAGALHAESM_2025-08-15_G03,10109952MAGALHAESM,2025-08-15,118271,1,6,0,48.0
10109952MAGALHAESM_2025-08-15_G05,10109952MAGALHAESM,2025-08-15,110372,2,33,13,338.0
10109952MAGALHAESM_2025-08-15_G06,10109952MAGALHAESM,2025-08-15,"110372, 111463",4,197,51,48.0
10109952MAGALHAESM_2025-08-15_G07,10109952MAGALHAESM,2025-08-15,"111463, 110372",2,20,14,31.0
10109952MAGALHAESM_2025-08-15_G08,10109952MAGALHAESM,2025-08-15,"111463, 110372",2,48,15,49.0
10109952MAGALHAESM_2025-08-15_G09,10109952MAGALHAESM,2025-08-15,180332,1,2,0,88.0
10109952MAGALHAESM_2025-08-15_G10,10109952MAGALHAESM,2025-08-15,111620,1,4,0,108.0
10109952MAGALHAESM_2025-08-21_G02,10109952MAGALHAESM,2025-08-21,120287,1,60,0,132.0
10109952MAGALHAESM_2025-08-23_G02,10109952MAGALHAESM,2025-08-23,124370,1,12,0,396.0
10109952MAGALHAESM_2025-08-23_G03,10109952MAGALHAESM,2025-08-23,122647,1,3,0,192.0
10109952MAGALHAESM_2025-08-23_G04,10109952MAGALHAESM,2025-08-23,122983,1,8,0,281.0
10109952MAGALHAESM_2025-08-23_G05,10109952MAGALHAESM,2025-08-23,124475,1,13,0,153.0
10109952MAGALHAESM_2025-08-23_G06,10109952MAGALHAESM,2025-08-23,120271,1,1,0,161.0
10109952MAGALHAESM_2025-08-23_G07,10109952MAGALHAESM,2025-08-23,121923,1,3,0,240.0
10109952MAGALHAESM_2025-08-23_G08,10109952MAGALHAESM,2025-08-23,121651,1,14,0,584.0
10109952MAGALHAESM_2025-08-23_G09,10109952MAGALHAESM,2025-08-23,123521,1,2,0,114.0
10109952MAGALHAESM_2025-08-23_G10,10109952MAGALHAESM,2025-08-23,"123344, 123343",2,12,18,304.0
10109952MAGALHAESM_2025-08-23_G11,10109952MAGALHAESM,2025-08-23,123345,1,4,0,846.0
10109952MAGALHAESM_2025-08-23_G13,10109952MAGALHAESM,2025-08-23,124475,1,100,0,1539.0
10109952MAGALHAESM_2025-08-23_G14,10109952MAGALHAESM,2025-08-23,"124477, 124486",2,90,17,1974.0
10109952MAGALHAESM_2025-08-23_G15,10109952MAGALHAESM,2025-08-23,123344,1,150,0,305.0
10109952MAGALHAESM_2025-08-23_G16,10109952MAGALHAESM,2025-08-23,124486,1,17,0,1519.0
10109952MAGALHAESM_2025-08-23_G17,10109952MAGALHAESM,2025-08-23,122962,1,30,0,444.0
10109952MAGALHAESM_2025-08-23_G18,10109952MAGALHAESM,2025-08-23,124486,1,1,0,110.0
10109952MAGALHAESM_2025-08-25_G02,10109952MAGALHAESM,2025-08-25,110374,1,88,0,3139.0
10109952MAGALHAESM_2025-08-25_G03,10109952MAGALHAESM,2025-08-25,109974,1,1,0,58.0
10109952MAGALHAESM_2025-08-25_G04,10109952MAGALHAESM,2025-08-25,111330,1,3,0,43.0
10109952MAGALHAESM_2025-08-25_G05,10109952MAGALHAESM,2025-08-25,111330,1,2,0,55.0
10109952MAGALHAESM_2025-08-25_G06,10109952MAGALHAESM,2025-08-25,110743,1,4,0,40.0
10109952MAGALHAESM_2025-08-25_G07,10109952MAGALHAESM,2025-08-25,120028,1,4,0,180.0
10109952MAGALHAESM_2025-08-25_G08,10109952MAGALHAESM,2025-08-25,123908,1,2,0,327.0
10109952MAGALHAESM_2025-08-25_G09,10109952MAGALHAESM,2025-08-25,110374,1,14,0,156.0
10109952MAGALHAESM_2025-08-25_G10,10109952MAGALHAESM,2025-08-25,180420,1,2,0,801.0
10109952MAGALHAESM_2025-08-25_G11,10109952MAGALHAESM,2025-08-25,"181235, 181056",2,10,12,57.0
10109952MAGALHAESM_2025-08-25_G12,10109952MAGALHAESM,2025-08-25,111602,1,50,0,232.0
10109952MAGALHAESM_2025-08-25_G13,10109952MAGALHAESM,2025-08-25,110374,1,8,0,46.0
10109952MAGALHAESM_2025-08-25_G14,10109952MAGALHAESM,2025-08-25,"110733, 108711, 118140, 111466",4,62,32,204.0
10109952MAGALHAESM_2025-08-25_G15,10109952MAGALHAESM,2025-08-25,"109641, 110372",2,213,26,31.0
10109952MAGALHAESM_2025-08-25_G16,10109952MAGALHAESM,2025-08-25,124594,1,1,0,104.0
10109952MAGALHAESM_2025-08-25_G17,10109952MAGALHAESM,2025-08-25,117808,5,113,52,32.0
10109952MAGALHAESM_2025-08-25_G18,10109952MAGALHAESM,2025-08-25,"117808, 111754",2,14,11,326.0
10109952MAGALHAESM_2025-08-25_G19,10109952MAGALHAESM,2025-08-25,"118140, 110374",2,14,13,69.0
10109952MAGALHAESM_2025-08-25_G20,10109952MAGALHAESM,2025-08-25,180420,1,2,0,51.0
10109952MAGALHAESM_2025-08-25_G21,10109952MAGALHAESM,2025-08-25,110376,2,4,8,51.0
10109952MAGALHAESM_2025-08-25_G22,10109952MAGALHAESM,2025-08-25,120028,1,4,0,194.0
10109952MAGALHAESM_2025-08-25_G23,10109952MAGALHAESM,2025-08-25,"111759, 111739, 111758",3,61,9,64.0
10109952MAGALHAESM_2025-08-25_G24,10109952MAGALHAESM,2025-08-25,118306,1,6,0,1633.0
10109952MAGALHAESM_2025-08-25_G25,10109952MAGALHAESM,2025-08-25,"110313, 111445",2,11,15,42.0
10109952MAGALHAESM_2025-08-25_G26,10109952MAGALHAESM,2025-08-25,117935,1,5,0,87.0
10109952MAGALHAESM_2025-08-25_G27,10109952MAGALHAESM,2025-08-25,"117935, 110313, 110376",3,14,20,46.0
10109952MAGALHAESM_2025-08-25_G28,10109952MAGALHAESM,2025-08-25,"110374, 118306",2,8,10,38.0
10109952MAGALHAESM_2025-08-25_G29,10109952MAGALHAESM,2025-08-25,"118140, 110376",2,11,12,46.0
10109952MAGALHAESM_2025-08-25_G30,10109952MAGALHAESM,2025-08-25,"118140, 110313, 110374",3,30,31,54.0
10109952MAGALHAESM_2025-08-25_G31,10109952MAGALHAESM,2025-08-25,118403,1,3,0,77.0
10109952MAGALHAESM_2025-08-25_G32,10109952MAGALHAESM,2025-08-25,"109649, 110376",2,20,15,105.0
10109952MAGALHAESM_2025-08-25_G33,10109952MAGALHAESM,2025-08-25,110313,1,4,0,70.0
10109952MAGALHAESM_2025-08-25_G34,10109952MAGALHAESM,2025-08-25,"118306, 110313, 110376",3,12,33,60.0
10109952MAGALHAESM_2025-08-25_G35,10109952MAGALHAESM,2025-08-25,111738,1,40,0,1271.0
10109952MAGALHAESM_2025-09-01_G02,10109952MAGALHAESM,2025-09-01,124594,1,10,0,164.0
10109952MAGALHAESM_2025-09-01_G03,10109952MAGALHAESM,2025-09-01,118306,2,6,12,95.0
10109952MAGALHAESM_2025-09-01_G04,10109952MAGALHAESM,2025-09-01,109933,1,4,0,55.0
10109952MAGALHAESM_2025-09-01_G05,10109952MAGALHAESM,2025-09-01,111112,1,1,0,32.0
10109952MAGALHAESM_2025-09-01_G06,10109952MAGALHAESM,2025-09-01,180023,1,1,0,94.0
10109952MAGALHAESM_2025-09-01_G07,10109952MAGALHAESM,2025-09-01,118229,1,6,0,82.0
10109952MAGALHAESM_2025-09-01_G08,10109952MAGALHAESM,2025-09-01,118306,1,12,0,34.0
10109952MAGALHAESM_2025-09-01_G09,10109952MAGALHAESM,2025-09-01,115775,1,4,0,77.0
10109952MAGALHAESM_2025-09-01_G10,10109952MAGALHAESM,2025-09-01,181237,1,6,0,90.0
10109952MAGALHAESM_2025-09-01_G11,10109952MAGALHAESM,2025-09-01,"118229, 115775, 118271",3,51,25,293.0
10109952MAGALHAESM_2025-09-01_G12,10109952MAGALHAESM,2025-09-01,"118290, 109640",3,5,21,137.0
10109952MAGALHAESM_2025-09-01_G13,10109952MAGALHAESM,2025-09-01,118299,1,26,0,52.0
10109952MAGALHAESM_2025-09-01_G14,10109952MAGALHAESM,2025-09-01,122647,1,14,0,193.0
10109952MAGALHAESM_2025-09-01_G15,10109952MAGALHAESM,2025-09-01,118277,1,2,0,41.0
10109952MAGALHAESM_2025-09-01_G16,10109952MAGALHAESM,2025-09-01,111812,1,3,0,129.0
10109952MAGALHAESM_2025-09-01_G17,10109952MAGALHAESM,2025-09-01,118271,1,4,0,74.0
10109952MAGALHAESM_2025-09-01_G18,10109952MAGALHAESM,2025-09-01,124594,1,1,0,136.0
10109952MAGALHAESM_2025-09-01_G19,10109952MAGALHAESM,2025-09-01,122196,1,21,0,45.0
10109952MAGALHAESM_2025-09-01_G20,10109952MAGALHAESM,2025-09-01,"141352, 111441, 123081",3,34,29,47.0
10109952MAGALHAESM_2025-09-01_G21,10109952MAGALHAESM,2025-09-01,110313,1,4,0,189.0
10109952MAGALHAESM_2025-09-01_G22,10109952MAGALHAESM,2025-09-01,118283,1,2,0,50.0
10109952MAGALHAESM_2025-09-01_G23,10109952MAGALHAESM,2025-09-01,118191,1,16,0,189.0
10109952MAGALHAESM_2025-09-01_G24,10109952MAGALHAESM,2025-09-01,111737,1,10,0,270.0
10109952MAGALHAESM_2025-09-01_G25,10109952MAGALHAESM,2025-09-01,118191,2,54,27,230.0
10109952MAGALHAESM_2025-09-01_G26,10109952MAGALHAESM,2025-09-01,"111755, 111742, 141140, 111753",4,25,19,165.0
10109952MAGALHAESM_2025-09-01_G27,10109952MAGALHAESM,2025-09-01,"141140, 111742",2,10,19,79.0
10109952MAGALHAESM_2025-09-01_G28,10109952MAGALHAESM,2025-09-01,118191,1,20,0,196.0
10109952MAGALHAESM_2025-09-01_G30,10109952MAGALHAESM,2025-09-01,"118191, 141140, 111753",3,30,22,51.0
10109952MAGALHAESM_2025-09-01_G31,10109952MAGALHAESM,2025-09-01,"118191, 111751, 141140",3,40,19,37.0
10109952MAGALHAESM_2025-09-01_G32,10109952MAGALHAESM,2025-09-01,118191,1,16,0,38.0
10109952MAGALHAESM_2025-09-01_G33,10109952MAGALHAESM,2025-09-01,111723,1,4,0,42.0
10109952MAGALHAESM_2025-09-01_G34,10109952MAGALHAESM,2025-09-01,124594,2,4,10,226.0
10109952MAGALHAESM_2025-09-01_G35,10109952MAGALHAESM,2025-09-01,118311,1,4,0,46.0
10109952MAGALHAESM_2025-09-01_G36,10109952MAGALHAESM,2025-09-01,111634,1,6,0,46.0
10109952MAGALHAESM_2025-09-01_G37,10109952MAGALHAESM,2025-09-01,111755,1,6,0,67.0
10109952MAGALHAESM_2025-09-01_G38,10109952MAGALHAESM,2025-09-01,111761,2,10,14,122.0
10109952MAGALHAESM_2025-09-01_G39,10109952MAGALHAESM,2025-09-01,111761,1,4,0,55.0
10109952MAGALHAESM_2025-09-01_G40,10109952MAGALHAESM,2025-09-01,"111755, 111761",2,10,20,32.0
10109952MAGALHAESM_2025-09-01_G41,10109952MAGALHAESM,2025-09-01,"111755, 111634",2,14,10,104.0
10109952MAGALHAESM_2025-09-01_G42,10109952MAGALHAESM,2025-09-01,110372,1,1,0,105.0
10109952MAGALHAESM_2025-09-01_G43,10109952MAGALHAESM,2025-09-01,110895,1,6,0,183.0
10109952MAGALHAESM_2025-09-01_G44,10109952MAGALHAESM,2025-09-01,110711,1,2,0,35.0
10109952MAGALHAESM_2025-09-01_G45,10109952MAGALHAESM,2025-09-01,111761,1,12,0,122.0
10109952MAGALHAESM_2025-09-01_G46,10109952MAGALHAESM,2025-09-01,111598,1,1,0,82.0
10109952MAGALHAESM_2025-09-01_G47,10109952MAGALHAESM,2025-09-01,118191,3,26,32,3223.0
10109952MAGALHAESM_2025-09-04_G02,10109952MAGALHAESM,2025-09-04,"105242, 110580, 117329, 118277",4,121,37,55.0
10109952MAGALHAESM_2025-09-04_G03,10109952MAGALHAESM,2025-09-04,110325,1,1217,0,340.0
10109952MAGALHAESM_2025-09-04_G04,10109952MAGALHAESM,2025-09-04,"118191, 181056",2,104,30,331.0
10109952MAGALHAESM_2025-09-04_G05,10109952MAGALHAESM,2025-09-04,"110339, 111728",2,8,16,234.0
10109952MAGALHAESM_2025-09-04_G06,10109952MAGALHAESM,2025-09-04,"141140, 111757",2,99,27,142.0
10109952MAGALHAESM_2025-09-05_G03,10109952MAGALHAESM,2025-09-05,111467,1,10,0,311.0
10109952MAGALHAESM_2025-09-05_G04,10109952MAGALHAESM,2025-09-05,111751,1,17,0,2649.0
10109952MAGALHAESM_2025-09-05_G05,10109952MAGALHAESM,2025-09-05,"180026, 108759, 108711, 110787",4,11,32,93.0
10109952MAGALHAESM_2025-09-05_G06,10109952MAGALHAESM,2025-09-05,"117809, 110787, 110371, 181056",5,15,38,496.0
10109952MAGALHAESM_2025-09-05_G07,10109952MAGALHAESM,2025-09-05,108795,1,1,0,545.0
10109952MAGALHAESM_2025-09-05_G08,10109952MAGALHAESM,2025-09-05,"111466, 118317",2,6,7,35.0
10109952MAGALHAESM_2025-09-05_G10,10109952MAGALHAESM,2025-09-05,111113,1,2,0,1585.0
10109952MAGALHAESM_2025-09-05_G11,10109952MAGALHAESM,2025-09-05,"111466, 108795, 108711",3,12,11,132.0
10109952MAGALHAESM_2025-09-05_G12,10109952MAGALHAESM,2025-09-05,110325,1,2,0,47.0
10109952MAGALHAESM_2025-09-08_G02,10109952MAGALHAESM,2025-09-08,111620,1,1,0,41.0
10109952MAGALHAESM_2025-09-08_G03,10109952MAGALHAESM,2025-09-08,110841,1,2,0,301.0
10109952MAGALHAESM_2025-09-08_G04,10109952MAGALHAESM,2025-09-08,108771,1,2,0,40.0
10109952MAGALHAESM_2025-09-08_G05,10109952MAGALHAESM,2025-09-08,"111437, 110742",2,2,26,42.0
10109952MAGALHAESM_2025-09-08_G06,10109952MAGALHAESM,2025-09-08,"110753, 108701, 109647",3,28,11,77.0
10109952MAGALHAESM_2025-09-08_G07,10109952MAGALHAESM,2025-09-08,111758,1,2,0,176.0
10109952MAGALHAESM_2025-09-09_G02,10109952MAGALHAESM,2025-09-09,141262,1,24,0,76.0
10109952MAGALHAESM_2025-09-11_G02,10109952MAGALHAESM,2025-09-11,110681,1,4,0,59.0
10109952MAGALHAESM_2025-09-11_G03,10109952MAGALHAESM,2025-09-11,111437,1,12,0,117.0
10109952MAGALHAESM_2025-09-11_G04,10109952MAGALHAESM,2025-09-11,"110813, 109974, 108771",3,13,24,36.0
10109952MAGALHAESM_2025-09-13_G02,10109952MAGALHAESM,2025-09-13,"118322, 111723, 111759",3,21,24,78.0
10109952MAGALHAESM_2025-09-13_G03,10109952MAGALHAESM,2025-09-13,141249,1,3,0,43.0
10109952MAGALHAESM_2025-09-15_G03,10109952MAGALHAESM,2025-09-15,122671,1,2,0,39.0
10109952MAGALHAESM_2025-09-15_G04,10109952MAGALHAESM,2025-09-15,141262,1,2,0,272.0
10109952MAGALHAESM_2025-09-19_G02,10109952MAGALHAESM,2025-09-19,123909,1,28,0,226.0
10109952MAGALHAESM_2025-09-19_G03,10109952MAGALHAESM,2025-09-19,122671,1,8,0,100.0
10109952MAGALHAESM_2025-09-19_G04,10109952MAGALHAESM,2025-09-19,122671,1,4,0,44.0
10109952MAGALHAESM_2025-09-19_G05,10109952MAGALHAESM,2025-09-19,117289,1,2,0,2924.0
10109952MAGALHAESM_2025-09-19_G06,10109952MAGALHAESM,2025-09-19,108717,1,1,0,265.0
10109952MAGALHAESM_2025-09-19_G07,10109952MAGALHAESM,2025-09-19,117808,1,10,0,260.0
10109952MAGALHAESM_2025-09-22_G02,10109952MAGALHAESM,2025-09-22,111442,1,4,0,31.0
10109952MAGALHAESM_2025-09-22_G03,10109952MAGALHAESM,2025-09-22,"118253, 110750",2,12,28,55.0
10109952MAGALHAESM_2025-09-22_G04,10109952MAGALHAESM,2025-09-22,110740,1,4,0,51.0
10109952MAGALHAESM_2025-09-22_G05,10109952MAGALHAESM,2025-09-22,118322,1,1,0,55.0
10109954SILVAA_2025-07-18_G02,10109954SILVAA,2025-07-18,111569,2,10,22,955.0
10109954SILVAA_2025-07-18_G03,10109954SILVAA,2025-07-18,110747,1,16,0,2966.0
10109954SILVAA_2025-07-18_G04,10109954SILVAA,2025-07-18,108794,2,16,11,1134.0
10109954SILVAA_2025-07-18_G05,10109954SILVAA,2025-07-18,118140,1,40,0,174.0
10109954SILVAA_2025-07-18_G06,10109954SILVAA,2025-07-18,111182,1,4,0,203.0
10109954SILVAA_2025-07-18_G07,10109954SILVAA,2025-07-18,111182,1,4,0,97.0
10109954SILVAA_2025-07-18_G08,10109954SILVAA,2025-07-18,111431,1,4,0,921.0
10109954SILVAA_2025-07-18_G09,10109954SILVAA,2025-07-18,111431,1,6,0,247.0
10109954SILVAA_2025-07-18_G10,10109954SILVAA,2025-07-18,109645,1,4,0,238.0
10109954SILVAA_2025-07-18_G11,10109954SILVAA,2025-07-18,109645,1,4,0,365.0
10109954SILVAA_2025-07-18_G12,10109954SILVAA,2025-07-18,111463,1,12,0,87.0
10109954SILVAA_2025-07-18_G13,10109954SILVAA,2025-07-18,111418,1,30,0,3211.0
10109954SILVAA_2025-07-18_G14,10109954SILVAA,2025-07-18,111418,1,100,0,1639.0
10109954SILVAA_2025-07-18_G15,10109954SILVAA,2025-07-18,110733,1,5,0,1820.0
10109954SILVAA_2025-07-18_G17,10109954SILVAA,2025-07-18,110515,1,1,0,676.0
10109954SILVAA_2025-07-18_G18,10109954SILVAA,2025-07-18,111530,1,4,0,217.0
10109954SILVAA_2025-07-18_G19,10109954SILVAA,2025-07-18,117856,1,8,0,608.0
10109954SILVAA_2025-07-18_G20,10109954SILVAA,2025-07-18,117820,1,8,0,611.0
10109954SILVAA_2025-07-18_G21,10109954SILVAA,2025-07-18,117830,1,8,0,324.0
10109954SILVAA_2025-07-18_G22,10109954SILVAA,2025-07-18,117832,1,6,0,686.0
10109954SILVAA_2025-07-18_G23,10109954SILVAA,2025-07-18,117809,1,2,0,104.0
10109954SILVAA_2025-07-18_G24,10109954SILVAA,2025-07-18,117808,1,6,0,234.0
10109954SILVAA_2025-07-18_G25,10109954SILVAA,2025-07-18,110371,1,2,0,951.0
10109954SILVAA_2025-07-18_G26,10109954SILVAA,2025-07-18,110374,1,8,0,260.0
10109954SILVAA_2025-07-18_G27,10109954SILVAA,2025-07-18,110372,1,6,0,143.0
10109954SILVAA_2025-07-18_G28,10109954SILVAA,2025-07-18,107830,1,4,0,895.0
10109954SILVAA_2025-07-18_G29,10109954SILVAA,2025-07-18,110376,1,3,0,161.0
10109954SILVAA_2025-07-18_G30,10109954SILVAA,2025-07-18,117822,1,2,0,285.0
10109954SILVAA_2025-07-18_G31,10109954SILVAA,2025-07-18,117820,1,9,0,801.0
10109954SILVAA_2025-07-18_G32,10109954SILVAA,2025-07-18,117830,1,10,0,386.0
10109954SILVAA_2025-07-19_G02,10109954SILVAA,2025-07-19,110741,1,3,0,1310.0
10109954SILVAA_2025-07-19_G03,10109954SILVAA,2025-07-19,117854,1,12,0,274.0
10109954SILVAA_2025-07-19_G04,10109954SILVAA,2025-07-19,110580,1,2,0,154.0
10109954SILVAA_2025-07-19_G05,10109954SILVAA,2025-07-19,117788,1,4,0,121.0
10109954SILVAA_2025-07-19_G06,10109954SILVAA,2025-07-19,118094,1,8,0,334.0
10109954SILVAA_2025-07-19_G07,10109954SILVAA,2025-07-19,111876,1,4,0,314.0
10109954SILVAA_2025-07-19_G08,10109954SILVAA,2025-07-19,117786,1,12,0,328.0
10109954SILVAA_2025-07-19_G09,10109954SILVAA,2025-07-19,141047,1,20,0,1003.0
10109954SILVAA_2025-07-19_G10,10109954SILVAA,2025-07-19,109647,1,4,0,495.0
10109954SILVAA_2025-07-19_G11,10109954SILVAA,2025-07-19,111467,1,8,0,208.0
10109954SILVAA_2025-07-19_G12,10109954SILVAA,2025-07-19,111879,1,8,0,1195.0
10109954SILVAA_2025-07-19_G13,10109954SILVAA,2025-07-19,110711,1,8,0,296.0
10109954SILVAA_2025-07-19_G14,10109954SILVAA,2025-07-19,111602,1,20,0,1062.0
10109954SILVAA_2025-07-19_G15,10109954SILVAA,2025-07-19,110515,1,26,0,460.0
10109954SILVAA_2025-07-19_G16,10109954SILVAA,2025-07-19,105242,1,4,0,1054.0
10109954SILVAA_2025-07-19_G17,10109954SILVAA,2025-07-19,117856,1,12,0,1212.0
10109954SILVAA_2025-07-19_G18,10109954SILVAA,2025-07-19,101217,1,4,0,471.0
10109954SILVAA_2025-07-19_G19,10109954SILVAA,2025-07-19,117837,1,20,0,835.0
10109954SILVAA_2025-07-19_G20,10109954SILVAA,2025-07-19,111530,1,20,0,1255.0
10109954SILVAA_2025-07-19_G22,10109954SILVAA,2025-07-19,140922,1,8,0,296.0
10109954SILVAA_2025-07-19_G23,10109954SILVAA,2025-07-19,111443,1,4,0,144.0
10109954SILVAA_2025-07-19_G24,10109954SILVAA,2025-07-19,109641,1,4,0,147.0
10109954SILVAA_2025-07-19_G25,10109954SILVAA,2025-07-19,111418,1,4,0,237.0
10109954SILVAA_2025-07-19_G26,10109954SILVAA,2025-07-19,111330,1,4,0,185.0
10109954SILVAA_2025-07-19_G27,10109954SILVAA,2025-07-19,111466,1,8,0,174.0
10109954SILVAA_2025-07-19_G28,10109954SILVAA,2025-07-19,111466,1,4,0,75.0
10109954SILVAA_2025-07-19_G29,10109954SILVAA,2025-07-19,111463,1,4,0,727.0
10109954SILVAA_2025-07-19_G30,10109954SILVAA,2025-07-19,117830,1,5,0,1352.0
10109954SILVAA_2025-07-19_G31,10109954SILVAA,2025-07-19,118299,1,2,0,144.0
10109954SILVAA_2025-07-19_G32,10109954SILVAA,2025-07-19,117820,1,6,0,182.0
10109954SILVAA_2025-07-19_G33,10109954SILVAA,2025-07-19,117820,1,4,0,51.0
10109954SILVAA_2025-07-19_G34,10109954SILVAA,2025-07-19,109643,1,2,0,531.0
10109954SILVAA_2025-07-21_G02,10109954SILVAA,2025-07-21,117834,1,2,0,179.0
10109954SILVAA_2025-07-21_G03,10109954SILVAA,2025-07-21,111569,1,3,0,141.0
10109954SILVAA_2025-07-21_G04,10109954SILVAA,2025-07-21,118222,1,2,0,659.0
10109954SILVAA_2025-07-21_G05,10109954SILVAA,2025-07-21,111876,1,4,0,248.0
10109954SILVAA_2025-07-21_G06,10109954SILVAA,2025-07-21,111462,1,4,0,148.0
10109954SILVAA_2025-07-21_G07,10109954SILVAA,2025-07-21,117833,1,2,0,131.0
10109954SILVAA_2025-07-21_G08,10109954SILVAA,2025-07-21,111532,1,2,0,201.0
10109954SILVAA_2025-07-21_G09,10109954SILVAA,2025-07-21,118140,1,5,0,161.0
10109954SILVAA_2025-07-21_G10,10109954SILVAA,2025-07-21,108794,1,2,0,165.0
10109954SILVAA_2025-07-21_G11,10109954SILVAA,2025-07-21,117831,1,4,0,207.0
10109954SILVAA_2025-07-21_G12,10109954SILVAA,2025-07-21,111469,1,2,0,1100.0
10109954SILVAA_2025-07-21_G13,10109954SILVAA,2025-07-21,111466,1,6,0,136.0
10109954SILVAA_2025-07-21_G14,10109954SILVAA,2025-07-21,109643,1,4,0,1351.0
10109954SILVAA_2025-07-21_G15,10109954SILVAA,2025-07-21,117830,1,6,0,130.0
10109954SILVAA_2025-07-21_G16,10109954SILVAA,2025-07-21,117832,1,2,0,84.0
10109954SILVAA_2025-07-21_G17,10109954SILVAA,2025-07-21,117808,1,26,0,703.0
10109954SILVAA_2025-07-21_G18,10109954SILVAA,2025-07-21,110373,1,14,0,394.0
10109954SILVAA_2025-07-21_G19,10109954SILVAA,2025-07-21,110374,1,4,0,358.0
10109954SILVAA_2025-07-21_G20,10109954SILVAA,2025-07-21,109648,1,1,0,157.0
10109954SILVAA_2025-07-21_G21,10109954SILVAA,2025-07-21,110371,1,6,0,138.0
10109954SILVAA_2025-07-21_G22,10109954SILVAA,2025-07-21,141202,1,4,0,186.0
10109954SILVAA_2025-07-21_G23,10109954SILVAA,2025-07-21,118299,1,25,0,633.0
10109954SILVAA_2025-07-21_G24,10109954SILVAA,2025-07-21,110372,1,16,0,793.0
10109954SILVAA_2025-07-21_G25,10109954SILVAA,2025-07-21,118222,1,3,0,1321.0
10109954SILVAA_2025-07-21_G26,10109954SILVAA,2025-07-21,110742,1,2,0,221.0
10109954SILVAA_2025-07-21_G27,10109954SILVAA,2025-07-21,100334,1,2,0,164.0
10109954SILVAA_2025-07-21_G28,10109954SILVAA,2025-07-21,111441,1,2,0,140.0
10109954SILVAA_2025-07-21_G29,10109954SILVAA,2025-07-21,107892,1,2,0,341.0
10109954SILVAA_2025-07-21_G30,10109954SILVAA,2025-07-21,111120,1,2,0,183.0
10109954SILVAA_2025-07-21_G31,10109954SILVAA,2025-07-21,108759,1,4,0,151.0
10109954SILVAA_2025-07-21_G32,10109954SILVAA,2025-07-21,110753,1,2,0,383.0
10109954SILVAA_2025-07-21_G33,10109954SILVAA,2025-07-21,109647,1,2,0,116.0
10109954SILVAA_2025-07-21_G34,10109954SILVAA,2025-07-21,117855,1,6,0,242.0
10109954SILVAA_2025-07-21_G35,10109954SILVAA,2025-07-21,110711,1,1,0,94.0
10109954SILVAA_2025-07-21_G36,10109954SILVAA,2025-07-21,110515,1,1,0,96.0
10109954SILVAA_2025-07-21_G37,10109954SILVAA,2025-07-21,108772,1,2,0,526.0
10109954SILVAA_2025-07-21_G39,10109954SILVAA,2025-07-21,108795,1,1,0,154.0
10109954SILVAA_2025-07-21_G40,10109954SILVAA,2025-07-21,105705,1,2,0,1067.0
10109954SILVAA_2025-07-21_G41,10109954SILVAA,2025-07-21,111182,1,4,0,170.0
10109954SILVAA_2025-07-21_G42,10109954SILVAA,2025-07-21,110745,1,6,0,465.0
10109954SILVAA_2025-07-21_G43,10109954SILVAA,2025-07-21,111444,1,4,0,173.0
10109954SILVAA_2025-07-21_G44,10109954SILVAA,2025-07-21,118317,1,2,0,1542.0
10109954SILVAA_2025-07-21_G45,10109954SILVAA,2025-07-21,111463,1,4,0,35.0
10109954SILVAA_2025-07-21_G46,10109954SILVAA,2025-07-21,111463,1,1,0,58.0
10109954SILVAA_2025-07-22_G02,10109954SILVAA,2025-07-22,118223,1,4,0,548.0
10109954SILVAA_2025-07-22_G03,10109954SILVAA,2025-07-22,111467,1,2,0,1378.0
10109954SILVAA_2025-07-22_G04,10109954SILVAA,2025-07-22,117935,1,3,0,1620.0
10109954SILVAA_2025-07-22_G05,10109954SILVAA,2025-07-22,111172,1,3,0,446.0
10109954SILVAA_2025-07-22_G06,10109954SILVAA,2025-07-22,108711,1,1,0,107.0
10109954SILVAA_2025-07-22_G07,10109954SILVAA,2025-07-22,118140,1,8,0,189.0
10109954SILVAA_2025-07-22_G08,10109954SILVAA,2025-07-22,108794,1,5,0,136.0
10109954SILVAA_2025-07-22_G09,10109954SILVAA,2025-07-22,111530,1,4,0,212.0
10109954SILVAA_2025-07-22_G10,10109954SILVAA,2025-07-22,117808,1,12,0,1183.0
10109954SILVAA_2025-07-22_G11,10109954SILVAA,2025-07-22,110371,1,8,0,307.0
10109954SILVAA_2025-07-22_G12,10109954SILVAA,2025-07-22,114092,1,4,0,136.0
10109954SILVAA_2025-07-22_G13,10109954SILVAA,2025-07-22,117935,1,1,0,739.0
10109954SILVAA_2025-07-22_G14,10109954SILVAA,2025-07-22,110373,1,70,0,1658.0
10109954SILVAA_2025-07-22_G16,10109954SILVAA,2025-07-22,111443,1,9,0,187.0
10109954SILVAA_2025-07-22_G17,10109954SILVAA,2025-07-22,115817,1,5,0,212.0
10109954SILVAA_2025-07-22_G18,10109954SILVAA,2025-07-22,111433,1,8,0,201.0
10109954SILVAA_2025-07-22_G19,10109954SILVAA,2025-07-22,118326,1,26,0,1432.0
10109954SILVAA_2025-07-22_G21,10109954SILVAA,2025-07-22,111444,1,20,0,632.0
10109954SILVAA_2025-07-22_G22,10109954SILVAA,2025-07-22,111462,1,50,0,949.0
10109954SILVAA_2025-07-22_G23,10109954SILVAA,2025-07-22,117862,1,10,0,1104.0
10109954SILVAA_2025-07-22_G24,10109954SILVAA,2025-07-22,110711,1,5,0,146.0
10109954SILVAA_2025-07-22_G25,10109954SILVAA,2025-07-22,111530,1,30,0,713.0
10109954SILVAA_2025-07-22_G26,10109954SILVAA,2025-07-22,117935,1,1,0,396.0
10109954SILVAA_2025-07-23_G02,10109954SILVAA,2025-07-23,111443,1,41,0,613.0
10109954SILVAA_2025-07-23_G03,10109954SILVAA,2025-07-23,109645,1,18,0,609.0
10109954SILVAA_2025-07-23_G04,10109954SILVAA,2025-07-23,111418,1,100,0,2838.0
10109954SILVAA_2025-07-23_G05,10109954SILVAA,2025-07-23,111418,1,20,0,166.0
10109954SILVAA_2025-07-23_G06,10109954SILVAA,2025-07-23,108711,1,10,0,1019.0
10109954SILVAA_2025-07-23_G07,10109954SILVAA,2025-07-23,111468,1,10,0,371.0
10109954SILVAA_2025-07-23_G08,10109954SILVAA,2025-07-23,111462,1,30,0,1271.0
10109954SILVAA_2025-07-23_G09,10109954SILVAA,2025-07-23,117785,1,50,0,1487.0
10109954SILVAA_2025-07-23_G10,10109954SILVAA,2025-07-23,111469,1,50,0,752.0
10109954SILVAA_2025-07-23_G12,10109954SILVAA,2025-07-23,111438,1,2,0,103.0
10109954SILVAA_2025-07-23_G13,10109954SILVAA,2025-07-23,111441,1,4,0,209.0
10109954SILVAA_2025-07-23_G14,10109954SILVAA,2025-07-23,117862,1,4,0,112.0
10109954SILVAA_2025-07-23_G15,10109954SILVAA,2025-07-23,110711,1,1,0,80.0
10109954SILVAA_2025-07-23_G16,10109954SILVAA,2025-07-23,111530,1,1,0,87.0
10109954SILVAA_2025-07-23_G17,10109954SILVAA,2025-07-23,111172,1,4,0,185.0
10109954SILVAA_2025-07-23_G18,10109954SILVAA,2025-07-23,110751,1,4,0,107.0
10109954SILVAA_2025-07-23_G19,10109954SILVAA,2025-07-23,140922,1,1,0,65.0
10109954SILVAA_2025-07-23_G20,10109954SILVAA,2025-07-23,111418,1,4,0,99.0
10109954SILVAA_2025-07-23_G21,10109954SILVAA,2025-07-23,111443,1,4,0,97.0
10109954SILVAA_2025-07-23_G22,10109954SILVAA,2025-07-23,110745,1,4,0,67.0
10109954SILVAA_2025-07-23_G23,10109954SILVAA,2025-07-23,109641,1,2,0,139.0
10109954SILVAA_2025-07-23_G24,10109954SILVAA,2025-07-23,118140,1,3,0,101.0
10109954SILVAA_2025-07-23_G25,10109954SILVAA,2025-07-23,117786,1,4,0,163.0
10109954SILVAA_2025-07-23_G26,10109954SILVAA,2025-07-23,110740,1,2,0,156.0
10109954SILVAA_2025-07-23_G27,10109954SILVAA,2025-07-23,111466,1,10,0,120.0
10109954SILVAA_2025-07-23_G28,10109954SILVAA,2025-07-23,111465,1,11,0,177.0
10109954SILVAA_2025-07-23_G29,10109954SILVAA,2025-07-23,110376,1,1,0,371.0
10109954SILVAA_2025-07-23_G30,10109954SILVAA,2025-07-23,110371,1,5,0,130.0
10109954SILVAA_2025-07-23_G31,10109954SILVAA,2025-07-23,110373,1,10,0,154.0
10109954SILVAA_2025-07-23_G32,10109954SILVAA,2025-07-23,110372,1,24,0,270.0
10109954SILVAA_2025-07-23_G34,10109954SILVAA,2025-07-23,110711,1,3,0,94.0
10109954SILVAA_2025-07-23_G35,10109954SILVAA,2025-07-23,110313,1,8,0,167.0
10109954SILVAA_2025-07-23_G36,10109954SILVAA,2025-07-23,111602,1,5,0,242.0
10109954SILVAA_2025-07-23_G37,10109954SILVAA,2025-07-23,111466,1,10,0,749.0
10109954SILVAA_2025-07-23_G38,10109954SILVAA,2025-07-23,110787,1,10,0,423.0
10109954SILVAA_2025-07-23_G39,10109954SILVAA,2025-07-23,108794,1,10,0,152.0
10109954SILVAA_2025-07-23_G40,10109954SILVAA,2025-07-23,117820,1,10,0,270.0
10109954SILVAA_2025-07-24_G02,10109954SILVAA,2025-07-24,117935,1,1,0,194.0
10109954SILVAA_2025-07-24_G03,10109954SILVAA,2025-07-24,117935,1,1,0,36.0
10109954SILVAA_2025-07-24_G04,10109954SILVAA,2025-07-24,110515,1,21,0,501.0
10109954SILVAA_2025-07-24_G05,10109954SILVAA,2025-07-24,110339,1,9,0,497.0
10109954SILVAA_2025-07-24_G06,10109954SILVAA,2025-07-24,117862,1,4,0,232.0
10109954SILVAA_2025-07-24_G07,10109954SILVAA,2025-07-24,111467,1,6,0,212.0
10109954SILVAA_2025-07-24_G08,10109954SILVAA,2025-07-24,110711,1,1,0,75.0
10109954SILVAA_2025-07-24_G09,10109954SILVAA,2025-07-24,110374,1,1,0,380.0
10109954SILVAA_2025-07-24_G10,10109954SILVAA,2025-07-24,110374,1,4,0,76.0
10109954SILVAA_2025-07-24_G11,10109954SILVAA,2025-07-24,110371,1,4,0,177.0
10109954SILVAA_2025-07-24_G12,10109954SILVAA,2025-07-24,141202,1,2,0,580.0
10109954SILVAA_2025-07-24_G13,10109954SILVAA,2025-07-24,117808,1,59,0,1155.0
10109954SILVAA_2025-07-24_G14,10109954SILVAA,2025-07-24,110373,1,16,0,2213.0
10109954SILVAA_2025-07-24_G15,10109954SILVAA,2025-07-24,110372,1,6,0,1420.0
10109954SILVAA_2025-07-24_G16,10109954SILVAA,2025-07-24,110374,1,4,0,231.0
10109954SILVAA_2025-07-24_G17,10109954SILVAA,2025-07-24,117832,1,4,0,226.0
10109954SILVAA_2025-07-24_G18,10109954SILVAA,2025-07-24,118299,1,6,0,125.0
10109954SILVAA_2025-07-24_G19,10109954SILVAA,2025-07-24,110895,1,4,0,213.0
10109954SILVAA_2025-07-24_G20,10109954SILVAA,2025-07-24,118094,1,10,0,254.0
10109954SILVAA_2025-07-24_G21,10109954SILVAA,2025-07-24,117855,1,1,0,179.0
10109954SILVAA_2025-07-24_G22,10109954SILVAA,2025-07-24,111172,1,15,0,584.0
10109954SILVAA_2025-07-24_G23,10109954SILVAA,2025-07-24,111530,1,11,0,1910.0
10109954SILVAA_2025-07-24_G24,10109954SILVAA,2025-07-24,110325,1,1,0,93.0
10109954SILVAA_2025-07-24_G25,10109954SILVAA,2025-07-24,117830,1,5,0,37.0
10109954SILVAA_2025-07-24_G26,10109954SILVAA,2025-07-24,117832,1,10,0,117.0
10109954SILVAA_2025-07-24_G27,10109954SILVAA,2025-07-24,118299,1,25,0,197.0
10109954SILVAA_2025-07-24_G28,10109954SILVAA,2025-07-24,110373,1,4,0,405.0
10109954SILVAA_2025-07-24_G29,10109954SILVAA,2025-07-24,110372,1,13,0,1083.0
10109954SILVAA_2025-07-24_G30,10109954SILVAA,2025-07-24,110371,1,17,0,206.0
10109954SILVAA_2025-07-24_G31,10109954SILVAA,2025-07-24,110313,1,3,0,344.0
10109954SILVAA_2025-07-24_G32,10109954SILVAA,2025-07-24,117855,1,4,0,132.0
10109954SILVAA_2025-07-24_G33,10109954SILVAA,2025-07-24,111530,1,4,0,85.0
10109954SILVAA_2025-07-24_G34,10109954SILVAA,2025-07-24,109641,1,4,0,253.0
10109954SILVAA_2025-07-24_G35,10109954SILVAA,2025-07-24,110325,1,3,0,418.0
10109954SILVAA_2025-07-24_G36,10109954SILVAA,2025-07-24,117830,1,3,0,84.0
10109954SILVAA_2025-07-24_G37,10109954SILVAA,2025-07-24,117832,1,2,0,91.0
10109954SILVAA_2025-07-24_G38,10109954SILVAA,2025-07-24,110374,1,17,0,157.0
10109954SILVAA_2025-07-24_G40,10109954SILVAA,2025-07-24,110373,1,33,0,127.0
10109954SILVAA_2025-07-24_G41,10109954SILVAA,2025-07-24,110372,1,12,0,513.0
10109954SILVAA_2025-07-24_G42,10109954SILVAA,2025-07-24,111463,1,10,0,1315.0
10109954SILVAA_2025-07-24_G43,10109954SILVAA,2025-07-24,117965,1,8,0,853.0
10109954SILVAA_2025-07-24_G44,10109954SILVAA,2025-07-24,110741,1,7,0,118.0
10109954SILVAA_2025-07-24_G45,10109954SILVAA,2025-07-24,107629,1,9,0,150.0
10109954SILVAA_2025-07-24_G46,10109954SILVAA,2025-07-24,111876,1,4,0,96.0
10109954SILVAA_2025-07-24_G47,10109954SILVAA,2025-07-24,110339,1,16,0,67.0
10109954SILVAA_2025-07-24_G48,10109954SILVAA,2025-07-24,117786,1,2,0,287.0
10109954SILVAA_2025-07-24_G49,10109954SILVAA,2025-07-24,141047,1,2,0,140.0
10109954SILVAA_2025-07-24_G50,10109954SILVAA,2025-07-24,111467,1,2,0,80.0
10109954SILVAA_2025-07-24_G51,10109954SILVAA,2025-07-24,117855,1,4,0,133.0
10109954SILVAA_2025-07-24_G52,10109954SILVAA,2025-07-24,118094,1,47,0,869.0
10109954SILVAA_2025-07-24_G53,10109954SILVAA,2025-07-24,108772,1,8,0,368.0
10109954SILVAA_2025-07-24_G54,10109954SILVAA,2025-07-24,117935,1,1,0,61.0
10109954SILVAA_2025-07-24_G55,10109954SILVAA,2025-07-24,111530,1,7,0,264.0
10109954SILVAA_2025-07-25_G02,10109954SILVAA,2025-07-25,118299,1,4,0,947.0
10109954SILVAA_2025-07-25_G03,10109954SILVAA,2025-07-25,117840,1,2,0,175.0
10109954SILVAA_2025-07-25_G04,10109954SILVAA,2025-07-25,110372,1,7,0,140.0
10109954SILVAA_2025-07-25_G05,10109954SILVAA,2025-07-25,117820,1,6,0,142.0
10109954SILVAA_2025-07-25_G06,10109954SILVAA,2025-07-25,141202,1,1,0,58.0
10109954SILVAA_2025-07-25_G07,10109954SILVAA,2025-07-25,160051,1,20,0,769.0
10109954SILVAA_2025-07-25_G08,10109954SILVAA,2025-07-25,111876,1,4,0,247.0
10109954SILVAA_2025-07-25_G09,10109954SILVAA,2025-07-25,140915,1,4,0,384.0
10109954SILVAA_2025-07-25_G10,10109954SILVAA,2025-07-25,111530,1,8,0,1880.0
10109954SILVAA_2025-07-25_G11,10109954SILVAA,2025-07-25,111463,2,16,16,527.0
10109954SILVAA_2025-07-25_G12,10109954SILVAA,2025-07-25,105705,1,4,0,1071.0
10109954SILVAA_2025-07-25_G13,10109954SILVAA,2025-07-25,111182,1,10,0,247.0
10109954SILVAA_2025-07-25_G14,10109954SILVAA,2025-07-25,118094,1,4,0,837.0
10109954SILVAA_2025-07-25_G15,10109954SILVAA,2025-07-25,108711,1,20,0,105.0
10109954SILVAA_2025-07-25_G16,10109954SILVAA,2025-07-25,111442,1,6,0,401.0
10109954SILVAA_2025-07-25_G17,10109954SILVAA,2025-07-25,111466,1,4,0,203.0
10109954SILVAA_2025-07-25_G18,10109954SILVAA,2025-07-25,111438,1,1,0,137.0
10109954SILVAA_2025-07-25_G19,10109954SILVAA,2025-07-25,117862,1,4,0,136.0
10109954SILVAA_2025-07-25_G20,10109954SILVAA,2025-07-25,111602,1,2,0,105.0
10109954SILVAA_2025-07-25_G21,10109954SILVAA,2025-07-25,140922,1,3,0,307.0
10109954SILVAA_2025-07-25_G22,10109954SILVAA,2025-07-25,111418,1,7,0,31.0
10109954SILVAA_2025-07-25_G23,10109954SILVAA,2025-07-25,117821,1,2,0,1032.0
10109954SILVAA_2025-07-25_G24,10109954SILVAA,2025-07-25,111431,1,2,0,98.0
10109954SILVAA_2025-07-25_G25,10109954SILVAA,2025-07-25,111433,1,2,0,101.0
10109954SILVAA_2025-07-25_G26,10109954SILVAA,2025-07-25,111442,1,4,0,101.0
10109954SILVAA_2025-07-25_G27,10109954SILVAA,2025-07-25,111444,1,1,0,55.0
10109954SILVAA_2025-07-25_G28,10109954SILVAA,2025-07-25,111463,1,4,0,173.0
10109954SILVAA_2025-07-25_G29,10109954SILVAA,2025-07-25,118299,1,26,0,144.0
10109954SILVAA_2025-07-25_G30,10109954SILVAA,2025-07-25,110373,1,4,0,305.0
10109954SILVAA_2025-07-25_G31,10109954SILVAA,2025-07-25,117808,1,54,0,879.0
10109954SILVAA_2025-07-25_G32,10109954SILVAA,2025-07-25,108794,1,2,0,1539.0
10109954SILVAA_2025-07-25_G33,10109954SILVAA,2025-07-25,107892,1,4,0,293.0
10109954SILVAA_2025-07-25_G34,10109954SILVAA,2025-07-25,110325,1,2,0,475.0
10109954SILVAA_2025-07-25_G35,10109954SILVAA,2025-07-25,117830,1,4,0,83.0
10109954SILVAA_2025-07-25_G36,10109954SILVAA,2025-07-25,117832,1,3,0,59.0
10109954SILVAA_2025-07-25_G37,10109954SILVAA,2025-07-25,117809,1,1,0,58.0
10109954SILVAA_2025-07-25_G38,10109954SILVAA,2025-07-25,118299,1,4,0,69.0
10109954SILVAA_2025-07-25_G39,10109954SILVAA,2025-07-25,110374,1,8,0,133.0
10109954SILVAA_2025-07-25_G40,10109954SILVAA,2025-07-25,110371,1,9,0,142.0
10109954SILVAA_2025-07-25_G41,10109954SILVAA,2025-07-25,160051,1,4,0,163.0
10109954SILVAA_2025-07-25_G42,10109954SILVAA,2025-07-25,117808,1,12,0,257.0
10109954SILVAA_2025-07-26_G02,10109954SILVAA,2025-07-26,111660,1,20,0,965.0
10109954SILVAA_2025-07-26_G03,10109954SILVAA,2025-07-26,110895,6,82,47,1353.0
10109954SILVAA_2025-07-26_G04,10109954SILVAA,2025-07-26,110313,1,2,0,278.0
10109954SILVAA_2025-07-26_G05,10109954SILVAA,2025-07-26,160055,1,4,0,137.0
10109954SILVAA_2025-07-26_G06,10109954SILVAA,2025-07-26,160056,1,1,0,82.0
10109954SILVAA_2025-07-26_G07,10109954SILVAA,2025-07-26,160051,1,3,0,147.0
10109954SILVAA_2025-07-26_G08,10109954SILVAA,2025-07-26,110376,1,11,0,254.0
10109954SILVAA_2025-07-26_G09,10109954SILVAA,2025-07-26,110787,1,66,0,2239.0
10109954SILVAA_2025-07-26_G10,10109954SILVAA,2025-07-26,110375,1,150,0,1645.0
10109954SILVAA_2025-07-26_G11,10109954SILVAA,2025-07-26,117830,1,80,0,629.0
10109954SILVAA_2025-07-26_G12,10109954SILVAA,2025-07-26,117809,1,150,0,671.0
10109954SILVAA_2025-07-26_G13,10109954SILVAA,2025-07-26,110372,1,300,0,2573.0
10109954SILVAA_2025-07-26_G15,10109954SILVAA,2025-07-26,110534,1,4,0,217.0
10109954SILVAA_2025-07-28_G02,10109954SILVAA,2025-07-28,110787,1,29,0,2728.0
10109954SILVAA_2025-07-28_G04,10109954SILVAA,2025-07-28,110372,1,6,0,192.0
10109954SILVAA_2025-07-28_G05,10109954SILVAA,2025-07-28,108794,1,6,0,182.0
10109954SILVAA_2025-07-28_G06,10109954SILVAA,2025-07-28,108795,1,6,0,183.0
10109954SILVAA_2025-07-28_G07,10109954SILVAA,2025-07-28,108711,1,5,0,122.0
10109954SILVAA_2025-07-28_G08,10109954SILVAA,2025-07-28,140922,1,10,0,205.0
10109954SILVAA_2025-07-28_G09,10109954SILVAA,2025-07-28,110313,1,32,0,747.0
10109954SILVAA_2025-07-28_G10,10109954SILVAA,2025-07-28,111602,1,30,0,1541.0
10109954SILVAA_2025-07-28_G11,10109954SILVAA,2025-07-28,107629,1,2,0,1627.0
10109954SILVAA_2025-07-28_G12,10109954SILVAA,2025-07-28,110339,1,2,0,75.0
10109954SILVAA_2025-07-28_G13,10109954SILVAA,2025-07-28,117856,1,5,0,189.0
10109954SILVAA_2025-07-28_G14,10109954SILVAA,2025-07-28,118094,1,2,0,123.0
10109954SILVAA_2025-07-28_G15,10109954SILVAA,2025-07-28,117837,1,4,0,123.0
10109954SILVAA_2025-07-28_G16,10109954SILVAA,2025-07-28,110313,1,3,0,123.0
10109954SILVAA_2025-07-28_G17,10109954SILVAA,2025-07-28,111467,1,14,0,393.0
10109954SILVAA_2025-07-28_G19,10109954SILVAA,2025-07-28,111602,1,6,0,248.0
10109954SILVAA_2025-07-28_G20,10109954SILVAA,2025-07-28,108772,1,5,0,181.0
10109954SILVAA_2025-07-28_G21,10109954SILVAA,2025-07-28,110733,1,3,0,262.0
10109954SILVAA_2025-07-28_G22,10109954SILVAA,2025-07-28,105705,1,6,0,512.0
10109954SILVAA_2025-07-28_G23,10109954SILVAA,2025-07-28,117833,1,6,0,105.0
10109954SILVAA_2025-07-28_G24,10109954SILVAA,2025-07-28,140922,1,8,0,121.0
10109954SILVAA_2025-07-28_G25,10109954SILVAA,2025-07-28,118140,1,4,0,188.0
10109954SILVAA_2025-07-28_G26,10109954SILVAA,2025-07-28,141823,1,3,0,133.0
10109954SILVAA_2025-07-28_G27,10109954SILVAA,2025-07-28,141202,1,1,0,99.0
10109954SILVAA_2025-07-28_G28,10109954SILVAA,2025-07-28,110371,1,6,0,149.0
10109954SILVAA_2025-07-28_G29,10109954SILVAA,2025-07-28,110325,1,4,0,188.0
10109954SILVAA_2025-07-28_G30,10109954SILVAA,2025-07-28,110711,1,1,0,417.0
10109954SILVAA_2025-07-28_G31,10109954SILVAA,2025-07-28,110787,1,2,0,129.0
10109954SILVAA_2025-07-28_G32,10109954SILVAA,2025-07-28,110787,1,2,0,104.0
10109954SILVAA_2025-07-28_G33,10109954SILVAA,2025-07-28,111530,1,4,0,304.0
10109954SILVAA_2025-07-28_G34,10109954SILVAA,2025-07-28,111532,1,4,0,138.0
10109954SILVAA_2025-07-28_G35,10109954SILVAA,2025-07-28,141456,1,8,0,519.0
10109954SILVAA_2025-07-28_G36,10109954SILVAA,2025-07-28,110375,1,34,0,2423.0
10109954SILVAA_2025-07-28_G37,10109954SILVAA,2025-07-28,110374,1,120,0,863.0
10109954SILVAA_2025-07-29_G02,10109954SILVAA,2025-07-29,109641,1,20,0,336.0
10109954SILVAA_2025-07-29_G03,10109954SILVAA,2025-07-29,109645,1,10,0,146.0
10109954SILVAA_2025-07-29_G05,10109954SILVAA,2025-07-29,141457,1,8,0,191.0
10109954SILVAA_2025-07-29_G06,10109954SILVAA,2025-07-29,141458,1,8,0,95.0
10109954SILVAA_2025-07-29_G07,10109954SILVAA,2025-07-29,111330,1,4,0,234.0
10109954SILVAA_2025-07-29_G08,10109954SILVAA,2025-07-29,111330,1,7,0,128.0
10109954SILVAA_2025-07-29_G09,10109954SILVAA,2025-07-29,141458,1,4,0,547.0
10109954SILVAA_2025-07-29_G10,10109954SILVAA,2025-07-29,141457,1,4,0,134.0
10109954SILVAA_2025-07-29_G11,10109954SILVAA,2025-07-29,118094,1,6,0,332.0
10109954SILVAA_2025-07-29_G12,10109954SILVAA,2025-07-29,141458,1,6,0,332.0
10109954SILVAA_2025-07-29_G13,10109954SILVAA,2025-07-29,141457,1,6,0,145.0
10109954SILVAA_2025-07-29_G14,10109954SILVAA,2025-07-29,141457,1,8,0,338.0
10109954SILVAA_2025-07-29_G15,10109954SILVAA,2025-07-29,141458,1,4,0,127.0
10109954SILVAA_2025-07-29_G16,10109954SILVAA,2025-07-29,141458,1,4,0,106.0
10109954SILVAA_2025-07-29_G17,10109954SILVAA,2025-07-29,141457,1,12,0,180.0
10109954SILVAA_2025-07-29_G18,10109954SILVAA,2025-07-29,110733,1,6,0,151.0
10109954SILVAA_2025-07-29_G19,10109954SILVAA,2025-07-29,110711,1,4,0,170.0
10109954SILVAA_2025-07-29_G20,10109954SILVAA,2025-07-29,141457,1,8,0,166.0
10109954SILVAA_2025-07-29_G24,10109954SILVAA,2025-07-29,111602,1,8,0,188.0
10109954SILVAA_2025-07-29_G25,10109954SILVAA,2025-07-29,108795,1,4,0,194.0
10109954SILVAA_2025-07-29_G26,10109954SILVAA,2025-07-29,111466,1,4,0,118.0
10109954SILVAA_2025-07-29_G27,10109954SILVAA,2025-07-29,118140,1,4,0,100.0
10109954SILVAA_2025-07-29_G28,10109954SILVAA,2025-07-29,110372,1,4,0,177.0
10109954SILVAA_2025-07-29_G29,10109954SILVAA,2025-07-29,109640,1,3,0,271.0
10109954SILVAA_2025-07-29_G30,10109954SILVAA,2025-07-29,141456,1,4,0,117.0
10109954SILVAA_2025-07-29_G31,10109954SILVAA,2025-07-29,141458,1,4,0,139.0
10109954SILVAA_2025-07-29_G32,10109954SILVAA,2025-07-29,141457,1,4,0,97.0
10109954SILVAA_2025-07-29_G33,10109954SILVAA,2025-07-29,111463,1,4,0,229.0
10109954SILVAA_2025-07-30_G02,10109954SILVAA,2025-07-30,109648,1,2,0,199.0
10109954SILVAA_2025-07-30_G03,10109954SILVAA,2025-07-30,118299,1,2,0,77.0
10109954SILVAA_2025-07-30_G04,10109954SILVAA,2025-07-30,110515,1,8,0,218.0
10109954SILVAA_2025-07-30_G05,10109954SILVAA,2025-07-30,117808,1,8,0,1090.0
10109954SILVAA_2025-07-30_G06,10109954SILVAA,2025-07-30,110733,1,2,0,101.0
10109954SILVAA_2025-07-30_G07,10109954SILVAA,2025-07-30,105359,1,1,0,141.0
10109954SILVAA_2025-07-30_G08,10109954SILVAA,2025-07-30,109640,1,2,0,164.0
10109954SILVAA_2025-07-30_G09,10109954SILVAA,2025-07-30,110733,1,2,0,222.0
10109954SILVAA_2025-07-30_G10,10109954SILVAA,2025-07-30,109643,1,6,0,393.0
10109954SILVAA_2025-07-30_G11,10109954SILVAA,2025-07-30,105705,1,8,0,173.0
10109954SILVAA_2025-07-30_G12,10109954SILVAA,2025-07-30,111330,1,12,0,1144.0
10109954SILVAA_2025-07-30_G13,10109954SILVAA,2025-07-30,108759,1,7,0,649.0
10109954SILVAA_2025-07-30_G14,10109954SILVAA,2025-07-30,110741,1,4,0,150.0
10109954SILVAA_2025-07-30_G15,10109954SILVAA,2025-07-30,110313,1,1,0,73.0
10109954SILVAA_2025-07-30_G16,10109954SILVAA,2025-07-30,117855,1,20,0,363.0
10109954SILVAA_2025-07-30_G17,10109954SILVAA,2025-07-30,110711,1,8,0,138.0
10109954SILVAA_2025-07-30_G18,10109954SILVAA,2025-07-30,118632,1,4,0,1699.0
10109954SILVAA_2025-07-30_G19,10109954SILVAA,2025-07-30,100334,1,15,0,454.0
10109954SILVAA_2025-07-30_G20,10109954SILVAA,2025-07-30,108770,1,4,0,476.0
10109954SILVAA_2025-07-30_G21,10109954SILVAA,2025-07-30,110895,1,4,0,521.0
10109954SILVAA_2025-07-30_G22,10109954SILVAA,2025-07-30,118290,1,1,0,164.0
10109954SILVAA_2025-07-30_G23,10109954SILVAA,2025-07-30,117786,1,4,0,212.0
10109954SILVAA_2025-07-30_G24,10109954SILVAA,2025-07-30,110711,1,6,0,506.0
10109954SILVAA_2025-07-30_G25,10109954SILVAA,2025-07-30,110787,1,4,0,169.0
10109954SILVAA_2025-07-30_G26,10109954SILVAA,2025-07-30,111532,1,10,0,958.0
10109954SILVAA_2025-07-30_G27,10109954SILVAA,2025-07-30,109640,1,4,0,583.0
10109954SILVAA_2025-07-30_G28,10109954SILVAA,2025-07-30,110787,1,8,0,814.0
10109954SILVAA_2025-07-30_G29,10109954SILVAA,2025-07-30,141458,1,8,0,148.0
10109954SILVAA_2025-07-30_G30,10109954SILVAA,2025-07-30,117808,1,4,0,71.0
10109954SILVAA_2025-07-30_G31,10109954SILVAA,2025-07-30,117820,1,8,0,99.0
10109954SILVAA_2025-07-30_G32,10109954SILVAA,2025-07-30,117830,1,10,0,800.0
10109954SILVAA_2025-07-30_G33,10109954SILVAA,2025-07-30,109648,1,6,0,203.0
10109954SILVAA_2025-07-30_G34,10109954SILVAA,2025-07-30,107830,1,10,0,137.0
10109954SILVAA_2025-07-30_G35,10109954SILVAA,2025-07-30,110376,1,10,0,123.0
10109954SILVAA_2025-07-30_G36,10109954SILVAA,2025-07-30,110376,1,10,0,59.0
10109954SILVAA_2025-07-30_G37,10109954SILVAA,2025-07-30,110371,1,10,0,107.0
10109954SILVAA_2025-07-30_G38,10109954SILVAA,2025-07-30,110373,1,20,0,356.0
10109954SILVAA_2025-07-30_G39,10109954SILVAA,2025-07-30,110373,1,40,0,418.0
10109954SILVAA_2025-07-30_G40,10109954SILVAA,2025-07-30,117820,1,50,0,1102.0
10109954SILVAA_2025-07-30_G41,10109954SILVAA,2025-07-30,118299,1,200,0,880.0
10109954SILVAA_2025-07-30_G42,10109954SILVAA,2025-07-30,110372,1,100,0,794.0
10109954SILVAA_2025-07-30_G44,10109954SILVAA,2025-07-30,110733,1,4,0,251.0
10109954SILVAA_2025-07-30_G45,10109954SILVAA,2025-07-30,111463,1,10,0,190.0
10109954SILVAA_2025-07-30_G46,10109954SILVAA,2025-07-30,111469,1,16,0,308.0
10109954SILVAA_2025-07-30_G47,10109954SILVAA,2025-07-30,109643,1,8,0,167.0
10109954SILVAA_2025-07-30_G48,10109954SILVAA,2025-07-30,110787,2,34,16,1116.0
10109954SILVAA_2025-07-30_G49,10109954SILVAA,2025-07-30,141457,1,20,0,682.0
10109954SILVAA_2025-07-30_G50,10109954SILVAA,2025-07-30,141458,1,20,0,905.0
10109954SILVAA_2025-07-30_G51,10109954SILVAA,2025-07-30,141456,1,20,0,228.0
10109954SILVAA_2025-07-30_G52,10109954SILVAA,2025-07-30,109649,1,2,0,424.0
10109954SILVAA_2025-07-31_G02,10109954SILVAA,2025-07-31,141457,1,32,0,285.0
10109954SILVAA_2025-07-31_G03,10109954SILVAA,2025-07-31,141456,1,80,0,2026.0
10109954SILVAA_2025-07-31_G04,10109954SILVAA,2025-07-31,110787,1,3,0,138.0
10109954SILVAA_2025-07-31_G05,10109954SILVAA,2025-07-31,111469,1,20,0,1834.0
10109954SILVAA_2025-07-31_G06,10109954SILVAA,2025-07-31,111469,1,10,0,332.0
10109954SILVAA_2025-07-31_G07,10109954SILVAA,2025-07-31,118222,1,8,0,526.0
10109954SILVAA_2025-07-31_G08,10109954SILVAA,2025-07-31,141457,1,20,0,512.0
10109954SILVAA_2025-07-31_G09,10109954SILVAA,2025-07-31,141456,1,80,0,750.0
10109954SILVAA_2025-07-31_G10,10109954SILVAA,2025-07-31,141457,1,12,0,897.0
10109954SILVAA_2025-07-31_G11,10109954SILVAA,2025-07-31,141456,1,20,0,238.0
10109954SILVAA_2025-07-31_G12,10109954SILVAA,2025-07-31,118222,1,8,0,396.0
10109954SILVAA_2025-07-31_G13,10109954SILVAA,2025-07-31,110733,1,3,0,2790.0
10109954SILVAA_2025-07-31_G14,10109954SILVAA,2025-07-31,111530,1,1,0,202.0
10109954SILVAA_2025-07-31_G15,10109954SILVAA,2025-07-31,109640,1,1,0,74.0
10109954SILVAA_2025-07-31_G16,10109954SILVAA,2025-07-31,110787,1,3,0,82.0
10109954SILVAA_2025-07-31_G17,10109954SILVAA,2025-07-31,118299,1,2,0,110.0
10109954SILVAA_2025-07-31_G18,10109954SILVAA,2025-07-31,110373,1,1,0,97.0
10109954SILVAA_2025-07-31_G19,10109954SILVAA,2025-07-31,110374,1,1,0,45.0
10109954SILVAA_2025-07-31_G20,10109954SILVAA,2025-07-31,117820,1,3,0,71.0
10109954SILVAA_2025-07-31_G21,10109954SILVAA,2025-07-31,117808,1,5,0,343.0
10109954SILVAA_2025-07-31_G22,10109954SILVAA,2025-07-31,109640,1,2,0,172.0
10109954SILVAA_2025-07-31_G23,10109954SILVAA,2025-07-31,117808,1,13,0,196.0
10109954SILVAA_2025-07-31_G24,10109954SILVAA,2025-07-31,111530,1,4,0,378.0
10109954SILVAA_2025-07-31_G25,10109954SILVAA,2025-07-31,110733,1,1,0,159.0
10109954SILVAA_2025-07-31_G26,10109954SILVAA,2025-07-31,110325,1,3,0,131.0
10109954SILVAA_2025-07-31_G27,10109954SILVAA,2025-07-31,118299,1,4,0,136.0
10109954SILVAA_2025-07-31_G28,10109954SILVAA,2025-07-31,110374,1,1,0,76.0
10109954SILVAA_2025-07-31_G29,10109954SILVAA,2025-07-31,117808,1,8,0,134.0
10109954SILVAA_2025-07-31_G30,10109954SILVAA,2025-07-31,160051,1,2,0,39.0
10109954SILVAA_2025-07-31_G31,10109954SILVAA,2025-07-31,111441,1,4,0,475.0
10109954SILVAA_2025-07-31_G32,10109954SILVAA,2025-07-31,141458,1,8,0,185.0
10109954SILVAA_2025-07-31_G33,10109954SILVAA,2025-07-31,141457,1,4,0,68.0
10109954SILVAA_2025-07-31_G34,10109954SILVAA,2025-07-31,160055,1,2,0,480.0
10109954SILVAA_2025-07-31_G35,10109954SILVAA,2025-07-31,109640,1,3,0,112.0
10109954SILVAA_2025-07-31_G36,10109954SILVAA,2025-07-31,160051,1,4,0,139.0
10109954SILVAA_2025-07-31_G37,10109954SILVAA,2025-07-31,109640,1,5,0,114.0
10109954SILVAA_2025-07-31_G39,10109954SILVAA,2025-07-31,111602,1,4,0,113.0
10109954SILVAA_2025-07-31_G40,10109954SILVAA,2025-07-31,118094,1,8,0,91.0
10109954SILVAA_2025-07-31_G41,10109954SILVAA,2025-07-31,109647,1,16,0,166.0
10109954SILVAA_2025-07-31_G42,10109954SILVAA,2025-07-31,111439,1,8,0,243.0
10109954SILVAA_2025-07-31_G43,10109954SILVAA,2025-07-31,110711,1,1,0,144.0
10109954SILVAA_2025-07-31_G44,10109954SILVAA,2025-07-31,110752,1,4,0,107.0
10109954SILVAA_2025-07-31_G45,10109954SILVAA,2025-07-31,117830,1,4,0,1072.0
10109954SILVAA_2025-07-31_G46,10109954SILVAA,2025-07-31,110373,1,50,0,558.0
10109954SILVAA_2025-07-31_G47,10109954SILVAA,2025-07-31,110372,1,50,0,616.0
10109954SILVAA_2025-07-31_G48,10109954SILVAA,2025-07-31,117808,1,40,0,367.0
10109954SILVAA_2025-07-31_G49,10109954SILVAA,2025-07-31,110787,2,15,24,3200.0
10109954SILVAA_2025-07-31_G50,10109954SILVAA,2025-07-31,117831,1,6,0,273.0
10109954SILVAA_2025-07-31_G51,10109954SILVAA,2025-07-31,111418,1,6,0,94.0
10109954SILVAA_2025-08-04_G02,10109954SILVAA,2025-08-04,110372,1,163,0,1342.0
10109954SILVAA_2025-08-04_G03,10109954SILVAA,2025-08-04,117785,1,7,0,1175.0
10109954SILVAA_2025-08-04_G04,10109954SILVAA,2025-08-04,110373,1,1586,0,3580.0
10109954SILVAA_2025-08-06_G02,10109954SILVAA,2025-08-06,117855,1,20,0,111.0
10109954SILVAA_2025-08-06_G03,10109954SILVAA,2025-08-06,107629,1,10,0,299.0
10109954SILVAA_2025-08-06_G04,10109954SILVAA,2025-08-06,117861,1,10,0,1232.0
10109954SILVAA_2025-08-06_G05,10109954SILVAA,2025-08-06,117853,1,10,0,166.0
10109954SILVAA_2025-08-06_G06,10109954SILVAA,2025-08-06,111467,1,15,0,449.0
10109954SILVAA_2025-08-06_G07,10109954SILVAA,2025-08-06,110339,1,80,0,1550.0
10109954SILVAA_2025-08-06_G08,10109954SILVAA,2025-08-06,111602,1,24,0,1241.0
10109954SILVAA_2025-08-06_G09,10109954SILVAA,2025-08-06,117833,1,10,0,3202.0
10109954SILVAA_2025-08-06_G10,10109954SILVAA,2025-08-06,111182,1,4,0,95.0
10109954SILVAA_2025-08-06_G11,10109954SILVAA,2025-08-06,111442,1,12,0,130.0
10109954SILVAA_2025-08-06_G12,10109954SILVAA,2025-08-06,111465,1,10,0,201.0
10109954SILVAA_2025-08-06_G13,10109954SILVAA,2025-08-06,111172,1,10,0,148.0
10109954SILVAA_2025-08-06_G14,10109954SILVAA,2025-08-06,117821,1,24,0,317.0
10109954SILVAA_2025-08-06_G15,10109954SILVAA,2025-08-06,108711,1,10,0,318.0
10109954SILVAA_2025-08-06_G16,10109954SILVAA,2025-08-06,117831,1,4,0,130.0
10109954SILVAA_2025-08-06_G17,10109954SILVAA,2025-08-06,108798,1,4,0,64.0
10109954SILVAA_2025-08-06_G19,10109954SILVAA,2025-08-06,118094,1,2,0,74.0
10109954SILVAA_2025-08-06_G20,10109954SILVAA,2025-08-06,111172,1,4,0,241.0
10109954SILVAA_2025-08-06_G21,10109954SILVAA,2025-08-06,140922,1,5,0,109.0
10109954SILVAA_2025-08-06_G22,10109954SILVAA,2025-08-06,111418,1,14,0,68.0
10109954SILVAA_2025-08-06_G23,10109954SILVAA,2025-08-06,111468,1,4,0,197.0
10109954SILVAA_2025-08-06_G24,10109954SILVAA,2025-08-06,109645,1,6,0,55.0
10109954SILVAA_2025-08-06_G25,10109954SILVAA,2025-08-06,111462,1,8,0,117.0
10109954SILVAA_2025-08-06_G26,10109954SILVAA,2025-08-06,117785,3,34,48,590.0
10109954SILVAA_2025-08-06_G27,10109954SILVAA,2025-08-06,108794,1,2,0,131.0
10109954SILVAA_2025-08-06_G28,10109954SILVAA,2025-08-06,111743,1,6,0,342.0
10109954SILVAA_2025-08-06_G29,10109954SILVAA,2025-08-06,110325,1,8,0,674.0
10109954SILVAA_2025-08-06_G30,10109954SILVAA,2025-08-06,117809,1,7,0,104.0
10109954SILVAA_2025-08-06_G31,10109954SILVAA,2025-08-06,110371,1,4,0,94.0
10109954SILVAA_2025-08-06_G32,10109954SILVAA,2025-08-06,118299,1,7,0,152.0
10109954SILVAA_2025-08-06_G33,10109954SILVAA,2025-08-06,118299,1,24,0,220.0
10109954SILVAA_2025-08-06_G34,10109954SILVAA,2025-08-06,110374,1,3,0,357.0
10109954SILVAA_2025-08-06_G35,10109954SILVAA,2025-08-06,117822,1,2,0,145.0
10109954SILVAA_2025-08-06_G36,10109954SILVAA,2025-08-06,117820,3,59,24,123.0
10109954SILVAA_2025-08-06_G37,10109954SILVAA,2025-08-06,117830,2,16,11,906.0
10109954SILVAA_2025-08-06_G38,10109954SILVAA,2025-08-06,117808,1,20,0,283.0
10109954SILVAA_2025-08-06_G39,10109954SILVAA,2025-08-06,117808,1,38,0,32.0
10109954SILVAA_2025-08-06_G40,10109954SILVAA,2025-08-06,110375,1,6,0,96.0
10109954SILVAA_2025-08-07_G02,10109954SILVAA,2025-08-07,118418,1,27,0,167.0
10109954SILVAA_2025-08-07_G03,10109954SILVAA,2025-08-07,118250,1,4,0,444.0
10109954SILVAA_2025-08-07_G04,10109954SILVAA,2025-08-07,117855,1,4,0,167.0
10109954SILVAA_2025-08-07_G05,10109954SILVAA,2025-08-07,110339,1,4,0,368.0
10109954SILVAA_2025-08-07_G06,10109954SILVAA,2025-08-07,117862,1,8,0,281.0
10109954SILVAA_2025-08-07_G07,10109954SILVAA,2025-08-07,111467,1,12,0,165.0
10109954SILVAA_2025-08-07_G08,10109954SILVAA,2025-08-07,111532,1,8,0,148.0
10109954SILVAA_2025-08-07_G09,10109954SILVAA,2025-08-07,117821,1,10,0,147.0
10109954SILVAA_2025-08-07_G10,10109954SILVAA,2025-08-07,108711,1,4,0,125.0
10109954SILVAA_2025-08-07_G11,10109954SILVAA,2025-08-07,111348,1,4,0,87.0
10109954SILVAA_2025-08-07_G12,10109954SILVAA,2025-08-07,117831,1,4,0,124.0
10109954SILVAA_2025-08-07_G13,10109954SILVAA,2025-08-07,140922,1,8,0,72.0
10109954SILVAA_2025-08-07_G14,10109954SILVAA,2025-08-07,111468,1,4,0,728.0
10109954SILVAA_2025-08-07_G15,10109954SILVAA,2025-08-07,117785,1,20,0,373.0
10109954SILVAA_2025-08-07_G16,10109954SILVAA,2025-08-07,118317,1,4,0,107.0
10109954SILVAA_2025-08-07_G17,10109954SILVAA,2025-08-07,141823,1,4,0,73.0
10109954SILVAA_2025-08-07_G18,10109954SILVAA,2025-08-07,110325,1,10,0,181.0
10109954SILVAA_2025-08-07_G19,10109954SILVAA,2025-08-07,109643,1,4,0,84.0
10109954SILVAA_2025-08-07_G20,10109954SILVAA,2025-08-07,117832,1,10,0,65.0
10109954SILVAA_2025-08-07_G21,10109954SILVAA,2025-08-07,110374,1,10,0,190.0
10109954SILVAA_2025-08-07_G22,10109954SILVAA,2025-08-07,141202,1,4,0,124.0
10109954SILVAA_2025-08-07_G23,10109954SILVAA,2025-08-07,110371,1,20,0,487.0
10109954SILVAA_2025-08-07_G24,10109954SILVAA,2025-08-07,111743,1,20,0,233.0
10109954SILVAA_2025-08-07_G25,10109954SILVAA,2025-08-07,118222,1,10,0,994.0
10109954SILVAA_2025-08-07_G26,10109954SILVAA,2025-08-07,118417,1,4,0,166.0
10109954SILVAA_2025-08-07_G27,10109954SILVAA,2025-08-07,117855,1,6,0,283.0
10109954SILVAA_2025-08-07_G28,10109954SILVAA,2025-08-07,107629,1,2,0,146.0
10109954SILVAA_2025-08-07_G29,10109954SILVAA,2025-08-07,118094,1,2,0,148.0
10109954SILVAA_2025-08-07_G30,10109954SILVAA,2025-08-07,117862,1,9,0,60.0
10109954SILVAA_2025-08-07_G31,10109954SILVAA,2025-08-07,110515,1,20,0,482.0
10109954SILVAA_2025-08-07_G32,10109954SILVAA,2025-08-07,111602,1,20,0,326.0
10109954SILVAA_2025-08-07_G33,10109954SILVAA,2025-08-07,111467,1,10,0,280.0
10109954SILVAA_2025-08-07_G34,10109954SILVAA,2025-08-07,111532,1,5,0,164.0
10109954SILVAA_2025-08-07_G35,10109954SILVAA,2025-08-07,108711,1,11,0,282.0
10109954SILVAA_2025-08-07_G36,10109954SILVAA,2025-08-07,117833,1,2,0,195.0
10109954SILVAA_2025-08-07_G37,10109954SILVAA,2025-08-07,117831,1,6,0,54.0
10109954SILVAA_2025-08-07_G38,10109954SILVAA,2025-08-07,109645,1,6,0,134.0
10109954SILVAA_2025-08-07_G39,10109954SILVAA,2025-08-07,111418,1,11,0,98.0
10109954SILVAA_2025-08-07_G40,10109954SILVAA,2025-08-07,108794,1,10,0,158.0
10109954SILVAA_2025-08-07_G41,10109954SILVAA,2025-08-07,141823,1,3,0,105.0
10109954SILVAA_2025-08-07_G42,10109954SILVAA,2025-08-07,117820,1,9,0,784.0
10109954SILVAA_2025-08-07_G43,10109954SILVAA,2025-08-07,110376,1,2,0,133.0
10109954SILVAA_2025-08-07_G44,10109954SILVAA,2025-08-07,110373,1,11,0,92.0
10109954SILVAA_2025-08-07_G45,10109954SILVAA,2025-08-07,117855,1,2,0,395.0
10109954SILVAA_2025-08-07_G46,10109954SILVAA,2025-08-07,110515,1,4,0,159.0
10109954SILVAA_2025-08-07_G47,10109954SILVAA,2025-08-07,111532,1,4,0,161.0
10109954SILVAA_2025-08-07_G48,10109954SILVAA,2025-08-07,108711,1,6,0,77.0
10109954SILVAA_2025-08-07_G49,10109954SILVAA,2025-08-07,117833,1,2,0,135.0
10109954SILVAA_2025-08-07_G50,10109954SILVAA,2025-08-07,117831,1,8,0,55.0
10109954SILVAA_2025-08-07_G51,10109954SILVAA,2025-08-07,111418,1,12,0,141.0
10109954SILVAA_2025-08-07_G52,10109954SILVAA,2025-08-07,141823,1,4,0,220.0
10109954SILVAA_2025-08-07_G53,10109954SILVAA,2025-08-07,117820,1,7,0,203.0
10109954SILVAA_2025-08-07_G54,10109954SILVAA,2025-08-07,117832,1,7,0,148.0
10109954SILVAA_2025-08-07_G55,10109954SILVAA,2025-08-07,110373,1,11,0,261.0
10109954SILVAA_2025-08-07_G56,10109954SILVAA,2025-08-07,110374,1,4,0,100.0
10109954SILVAA_2025-08-07_G57,10109954SILVAA,2025-08-07,107888,1,2,0,375.0
10109954SILVAA_2025-08-07_G58,10109954SILVAA,2025-08-07,117855,1,4,0,86.0
10109954SILVAA_2025-08-07_G59,10109954SILVAA,2025-08-07,111876,1,20,0,74.0
10109954SILVAA_2025-08-07_G60,10109954SILVAA,2025-08-07,"110339, 111602",2,24,23,258.0
10109954SILVAA_2025-08-07_G61,10109954SILVAA,2025-08-07,117862,1,8,0,387.0
10109954SILVAA_2025-08-07_G62,10109954SILVAA,2025-08-07,111532,1,8,0,234.0
10109954SILVAA_2025-08-07_G63,10109954SILVAA,2025-08-07,117821,1,10,0,102.0
10109954SILVAA_2025-08-07_G64,10109954SILVAA,2025-08-07,108711,1,4,0,71.0
10109954SILVAA_2025-08-07_G65,10109954SILVAA,2025-08-07,117831,1,4,0,151.0
10109954SILVAA_2025-08-07_G66,10109954SILVAA,2025-08-07,140922,1,8,0,89.0
10109954SILVAA_2025-08-07_G67,10109954SILVAA,2025-08-07,118317,1,4,0,151.0
10109954SILVAA_2025-08-07_G68,10109954SILVAA,2025-08-07,111442,1,4,0,52.0
10109954SILVAA_2025-08-07_G69,10109954SILVAA,2025-08-07,141823,1,4,0,59.0
10109954SILVAA_2025-08-07_G70,10109954SILVAA,2025-08-07,117785,1,20,0,506.0
10109954SILVAA_2025-08-07_G71,10109954SILVAA,2025-08-07,109643,1,4,0,406.0
10109954SILVAA_2025-08-07_G72,10109954SILVAA,2025-08-07,117832,1,10,0,109.0
10109954SILVAA_2025-08-07_G73,10109954SILVAA,2025-08-07,110374,1,10,0,267.0
10109954SILVAA_2025-08-07_G74,10109954SILVAA,2025-08-07,141202,1,4,0,121.0
10109954SILVAA_2025-08-07_G76,10109954SILVAA,2025-08-07,117836,2,8,15,946.0
10109954SILVAA_2025-08-07_G77,10109954SILVAA,2025-08-07,118306,1,10,0,213.0
10109954SILVAA_2025-08-07_G78,10109954SILVAA,2025-08-07,117289,1,4,0,188.0
10109954SILVAA_2025-08-07_G79,10109954SILVAA,2025-08-07,117861,1,4,0,669.0
10109954SILVAA_2025-08-07_G80,10109954SILVAA,2025-08-07,111467,1,2,0,109.0
10109954SILVAA_2025-08-07_G81,10109954SILVAA,2025-08-07,109640,1,12,0,98.0
10109954SILVAA_2025-08-07_G82,10109954SILVAA,2025-08-07,111172,2,6,8,1383.0
10109954SILVAA_2025-08-07_G83,10109954SILVAA,2025-08-07,111532,1,4,0,68.0
10109954SILVAA_2025-08-07_G84,10109954SILVAA,2025-08-07,117821,1,4,0,79.0
10109954SILVAA_2025-08-07_G85,10109954SILVAA,2025-08-07,111348,1,4,0,53.0
10109954SILVAA_2025-08-07_G86,10109954SILVAA,2025-08-07,111330,1,8,0,71.0
10109954SILVAA_2025-08-07_G87,10109954SILVAA,2025-08-07,111466,1,2,0,116.0
10109954SILVAA_2025-08-07_G88,10109954SILVAA,2025-08-07,111182,1,2,0,94.0
10109954SILVAA_2025-08-07_G89,10109954SILVAA,2025-08-07,111442,1,4,0,153.0
10109954SILVAA_2025-08-07_G90,10109954SILVAA,2025-08-07,140922,1,24,0,893.0
10109954SILVAA_2025-08-08_G02,10109954SILVAA,2025-08-08,110755,1,2,0,87.0
10109954SILVAA_2025-08-08_G03,10109954SILVAA,2025-08-08,117835,1,23,0,133.0
10109954SILVAA_2025-08-08_G04,10109954SILVAA,2025-08-08,110339,1,20,0,953.0
10109954SILVAA_2025-08-08_G05,10109954SILVAA,2025-08-08,110733,1,12,0,966.0
10109954SILVAA_2025-08-08_G06,10109954SILVAA,2025-08-08,109647,1,19,0,99.0
10109954SILVAA_2025-08-08_G07,10109954SILVAA,2025-08-08,110515,1,2,0,635.0
10109954SILVAA_2025-08-08_G08,10109954SILVAA,2025-08-08,118094,1,20,0,1007.0
10109954SILVAA_2025-08-08_G09,10109954SILVAA,2025-08-08,108772,1,20,0,602.0
10109954SILVAA_2025-08-08_G10,10109954SILVAA,2025-08-08,108711,1,6,0,326.0
10109954SILVAA_2025-08-08_G11,10109954SILVAA,2025-08-08,111466,1,2,0,143.0
10109954SILVAA_2025-08-08_G12,10109954SILVAA,2025-08-08,111466,1,32,0,792.0
10109954SILVAA_2025-08-08_G13,10109954SILVAA,2025-08-08,111465,1,2,0,148.0
10109954SILVAA_2025-08-08_G14,10109954SILVAA,2025-08-08,111431,1,6,0,96.0
10109954SILVAA_2025-08-08_G15,10109954SILVAA,2025-08-08,109645,1,2,0,106.0
10109954SILVAA_2025-08-08_G16,10109954SILVAA,2025-08-08,110325,1,18,0,119.0
10109954SILVAA_2025-08-08_G17,10109954SILVAA,2025-08-08,110325,1,2,0,35.0
10109954SILVAA_2025-08-08_G18,10109954SILVAA,2025-08-08,110373,1,2,0,240.0
10109954SILVAA_2025-08-08_G19,10109954SILVAA,2025-08-08,110373,1,140,0,367.0
10109954SILVAA_2025-08-08_G20,10109954SILVAA,2025-08-08,117820,2,95,13,1256.0
10109954SILVAA_2025-08-08_G21,10109954SILVAA,2025-08-08,118299,1,124,0,802.0
10109954SILVAA_2025-08-08_G22,10109954SILVAA,2025-08-08,117808,1,250,0,1316.0
10109954SILVAA_2025-08-08_G23,10109954SILVAA,2025-08-08,110374,1,15,0,135.0
10109954SILVAA_2025-08-08_G24,10109954SILVAA,2025-08-08,111469,3,46,29,1330.0
10109954SILVAA_2025-08-08_G25,10109954SILVAA,2025-08-08,110373,1,4,0,1295.0
10109954SILVAA_2025-08-08_G26,10109954SILVAA,2025-08-08,117965,1,2,0,188.0
10109954SILVAA_2025-08-08_G27,10109954SILVAA,2025-08-08,117855,1,4,0,122.0
10109954SILVAA_2025-08-08_G28,10109954SILVAA,2025-08-08,117862,1,2,0,137.0
10109954SILVAA_2025-08-08_G29,10109954SILVAA,2025-08-08,140922,1,2,0,182.0
10109954SILVAA_2025-08-08_G30,10109954SILVAA,2025-08-08,118299,1,6,0,83.0
10109954SILVAA_2025-08-08_G31,10109954SILVAA,2025-08-08,117820,1,8,0,177.0
10109954SILVAA_2025-08-08_G32,10109954SILVAA,2025-08-08,111418,1,2,0,222.0
10109954SILVAA_2025-08-08_G33,10109954SILVAA,2025-08-08,108794,1,2,0,167.0
10109954SILVAA_2025-08-08_G34,10109954SILVAA,2025-08-08,111348,1,2,0,221.0
10109954SILVAA_2025-08-08_G36,10109954SILVAA,2025-08-08,160057,1,2,0,92.0
10109954SILVAA_2025-08-08_G37,10109954SILVAA,2025-08-08,111660,1,2,0,96.0
10109954SILVAA_2025-08-08_G38,10109954SILVAA,2025-08-08,110339,1,16,0,145.0
10109954SILVAA_2025-08-08_G39,10109954SILVAA,2025-08-08,111439,1,6,0,208.0
10109954SILVAA_2025-08-08_G40,10109954SILVAA,2025-08-08,110711,1,12,0,90.0
10109954SILVAA_2025-08-08_G41,10109954SILVAA,2025-08-08,111172,1,5,0,217.0
10109954SILVAA_2025-08-09_G02,10109954SILVAA,2025-08-09,117855,1,24,0,706.0
10109954SILVAA_2025-08-09_G03,10109954SILVAA,2025-08-09,111876,1,4,0,188.0
10109954SILVAA_2025-08-09_G04,10109954SILVAA,2025-08-09,118094,1,16,0,323.0
10109954SILVAA_2025-08-09_G05,10109954SILVAA,2025-08-09,110733,1,4,0,314.0
10109954SILVAA_2025-08-09_G06,10109954SILVAA,2025-08-09,117853,1,8,0,92.0
10109954SILVAA_2025-08-09_G07,10109954SILVAA,2025-08-09,141047,1,4,0,171.0
10109954SILVAA_2025-08-09_G08,10109954SILVAA,2025-08-09,110515,1,13,0,305.0
10109954SILVAA_2025-08-09_G09,10109954SILVAA,2025-08-09,109643,1,8,0,278.0
10109954SILVAA_2025-08-09_G10,10109954SILVAA,2025-08-09,117832,1,40,0,156.0
10109954SILVAA_2025-08-09_G11,10109954SILVAA,2025-08-09,118299,1,200,0,1028.0
10109954SILVAA_2025-08-09_G12,10109954SILVAA,2025-08-09,110371,1,60,0,646.0
10109954SILVAA_2025-08-09_G13,10109954SILVAA,2025-08-09,110374,1,20,0,476.0
10109954SILVAA_2025-08-09_G14,10109954SILVAA,2025-08-09,118222,1,42,0,2527.0
10109954SILVAA_2025-08-09_G15,10109954SILVAA,2025-08-09,108770,1,4,0,469.0
10109954SILVAA_2025-08-09_G16,10109954SILVAA,2025-08-09,110742,1,30,0,1071.0
10109954SILVAA_2025-08-09_G17,10109954SILVAA,2025-08-09,100334,1,8,0,356.0
10109954SILVAA_2025-08-09_G18,10109954SILVAA,2025-08-09,111438,1,13,0,738.0
10109954SILVAA_2025-08-09_G19,10109954SILVAA,2025-08-09,111569,1,3,0,188.0
10109954SILVAA_2025-08-09_G20,10109954SILVAA,2025-08-09,110743,1,10,0,1368.0
10109954SILVAA_2025-08-09_G21,10109954SILVAA,2025-08-09,111532,1,67,0,270.0
10109954SILVAA_2025-08-09_G22,10109954SILVAA,2025-08-09,140922,1,33,0,422.0
10109954SILVAA_2025-08-09_G23,10109954SILVAA,2025-08-09,111443,1,4,0,318.0
10109954SILVAA_2025-08-09_G24,10109954SILVAA,2025-08-09,111465,1,45,0,152.0
10109954SILVAA_2025-08-09_G25,10109954SILVAA,2025-08-09,111182,1,1,0,717.0
10109954SILVAA_2025-08-09_G26,10109954SILVAA,2025-08-09,108798,1,12,0,87.0
10109954SILVAA_2025-08-09_G27,10109954SILVAA,2025-08-09,118317,1,8,0,202.0
10109954SILVAA_2025-08-09_G28,10109954SILVAA,2025-08-09,110740,1,4,0,292.0
10109954SILVAA_2025-08-09_G30,10109954SILVAA,2025-08-09,117855,1,8,0,545.0
10109954SILVAA_2025-08-09_G31,10109954SILVAA,2025-08-09,110339,1,3,0,41.0
10109954SILVAA_2025-08-09_G32,10109954SILVAA,2025-08-09,111602,1,15,0,110.0
10109954SILVAA_2025-08-09_G33,10109954SILVAA,2025-08-09,117853,1,4,0,181.0
10109954SILVAA_2025-08-09_G34,10109954SILVAA,2025-08-09,109640,1,1,0,118.0
10109954SILVAA_2025-08-09_G35,10109954SILVAA,2025-08-09,110515,1,11,0,95.0
10109954SILVAA_2025-08-09_G36,10109954SILVAA,2025-08-09,140922,1,7,0,497.0
10109954SILVAA_2025-08-09_G37,10109954SILVAA,2025-08-09,111532,1,19,0,301.0
10109954SILVAA_2025-08-09_G38,10109954SILVAA,2025-08-09,110325,1,1,0,52.0
10109954SILVAA_2025-08-09_G39,10109954SILVAA,2025-08-09,109643,1,1,0,47.0
10109954SILVAA_2025-08-09_G40,10109954SILVAA,2025-08-09,110373,1,11,0,144.0
10109954SILVAA_2025-08-09_G41,10109954SILVAA,2025-08-09,110374,1,7,0,352.0
10109954SILVAA_2025-08-09_G42,10109954SILVAA,2025-08-09,117820,1,13,0,142.0
10109954SILVAA_2025-08-09_G43,10109954SILVAA,2025-08-09,117830,1,2,0,130.0
10109954SILVAA_2025-08-11_G02,10109954SILVAA,2025-08-11,110339,1,2,0,92.0
10109954SILVAA_2025-08-11_G03,10109954SILVAA,2025-08-11,141047,1,2,0,137.0
10109954SILVAA_2025-08-11_G04,10109954SILVAA,2025-08-11,108361,1,2,0,140.0
10109954SILVAA_2025-08-11_G05,10109954SILVAA,2025-08-11,117837,1,3,0,120.0
10109954SILVAA_2025-08-11_G06,10109954SILVAA,2025-08-11,110751,1,2,0,295.0
10109954SILVAA_2025-08-11_G07,10109954SILVAA,2025-08-11,110745,1,1,0,222.0
10109954SILVAA_2025-08-11_G08,10109954SILVAA,2025-08-11,117830,1,2,0,403.0
10109954SILVAA_2025-08-11_G09,10109954SILVAA,2025-08-11,118418,1,4,0,589.0
10109954SILVAA_2025-08-11_G10,10109954SILVAA,2025-08-11,118416,1,1,0,140.0
10109954SILVAA_2025-08-11_G11,10109954SILVAA,2025-08-11,111602,1,2,0,644.0
10109954SILVAA_2025-08-11_G12,10109954SILVAA,2025-08-11,110373,1,12,0,1460.0
10109954SILVAA_2025-08-11_G13,10109954SILVAA,2025-08-11,117855,1,2,0,573.0
10109954SILVAA_2025-08-11_G14,10109954SILVAA,2025-08-11,117786,1,2,0,65.0
10109954SILVAA_2025-08-11_G15,10109954SILVAA,2025-08-11,110515,1,2,0,124.0
10109954SILVAA_2025-08-11_G16,10109954SILVAA,2025-08-11,110751,1,4,0,160.0
10109954SILVAA_2025-08-11_G17,10109954SILVAA,2025-08-11,108711,1,1,0,58.0
10109954SILVAA_2025-08-11_G18,10109954SILVAA,2025-08-11,105705,1,2,0,42.0
10109954SILVAA_2025-08-11_G19,10109954SILVAA,2025-08-11,111348,1,2,0,93.0
10109954SILVAA_2025-08-11_G20,10109954SILVAA,2025-08-11,117833,1,2,0,330.0
10109954SILVAA_2025-08-11_G21,10109954SILVAA,2025-08-11,111468,1,6,0,76.0
10109954SILVAA_2025-08-11_G22,10109954SILVAA,2025-08-11,108794,1,2,0,196.0
10109954SILVAA_2025-08-11_G23,10109954SILVAA,2025-08-11,111172,1,4,0,96.0
10109954SILVAA_2025-08-11_G24,10109954SILVAA,2025-08-11,110740,1,5,0,400.0
10109954SILVAA_2025-08-11_G25,10109954SILVAA,2025-08-11,117832,1,6,0,421.0
10109954SILVAA_2025-08-11_G26,10109954SILVAA,2025-08-11,117809,1,6,0,101.0
10109954SILVAA_2025-08-11_G27,10109954SILVAA,2025-08-11,110371,1,2,0,95.0
10109954SILVAA_2025-08-11_G28,10109954SILVAA,2025-08-11,107830,1,1,0,110.0
10109954SILVAA_2025-08-11_G29,10109954SILVAA,2025-08-11,110373,1,4,0,78.0
10109954SILVAA_2025-08-11_G30,10109954SILVAA,2025-08-11,117820,1,4,0,213.0
10109954SILVAA_2025-08-11_G31,10109954SILVAA,2025-08-11,110755,1,20,0,2519.0
10109954SILVAA_2025-08-11_G32,10109954SILVAA,2025-08-11,110747,1,21,0,535.0
10109954SILVAA_2025-08-11_G33,10109954SILVAA,2025-08-11,111438,1,14,0,854.0
10109954SILVAA_2025-08-11_G34,10109954SILVAA,2025-08-11,117835,1,8,0,229.0
10109954SILVAA_2025-08-11_G35,10109954SILVAA,2025-08-11,111660,1,8,0,127.0
10109954SILVAA_2025-08-11_G36,10109954SILVAA,2025-08-11,117855,1,4,0,457.0
10109954SILVAA_2025-08-11_G37,10109954SILVAA,2025-08-11,107629,1,4,0,113.0
10109954SILVAA_2025-08-11_G38,10109954SILVAA,2025-08-11,110339,1,22,0,667.0
10109954SILVAA_2025-08-11_G39,10109954SILVAA,2025-08-11,111602,1,44,0,487.0
10109954SILVAA_2025-08-11_G40,10109954SILVAA,2025-08-11,141047,1,12,0,310.0
10109954SILVAA_2025-08-11_G41,10109954SILVAA,2025-08-11,110515,1,14,0,345.0
10109954SILVAA_2025-08-11_G42,10109954SILVAA,2025-08-11,117821,1,14,0,264.0
10109954SILVAA_2025-08-11_G43,10109954SILVAA,2025-08-11,108711,1,10,0,343.0
10109954SILVAA_2025-08-11_G44,10109954SILVAA,2025-08-11,105705,1,4,0,207.0
10109954SILVAA_2025-08-11_G45,10109954SILVAA,2025-08-11,111348,1,19,0,34.0
10109954SILVAA_2025-08-11_G46,10109954SILVAA,2025-08-11,111465,1,5,0,190.0
10109954SILVAA_2025-08-11_G47,10109954SILVAA,2025-08-11,111743,1,2,0,87.0
10109954SILVAA_2025-08-11_G48,10109954SILVAA,2025-08-11,111468,1,4,0,103.0
10109954SILVAA_2025-08-11_G49,10109954SILVAA,2025-08-11,109645,1,13,0,80.0
10109954SILVAA_2025-08-11_G50,10109954SILVAA,2025-08-11,110745,1,6,0,169.0
10109954SILVAA_2025-08-11_G51,10109954SILVAA,2025-08-11,117785,1,6,0,1484.0
10109954SILVAA_2025-08-11_G52,10109954SILVAA,2025-08-11,111418,1,61,0,209.0
10109954SILVAA_2025-08-11_G53,10109954SILVAA,2025-08-11,110740,1,2,0,354.0
10109954SILVAA_2025-08-11_G54,10109954SILVAA,2025-08-11,111532,1,23,0,400.0
10109954SILVAA_2025-08-11_G55,10109954SILVAA,2025-08-11,109643,1,4,0,209.0
10109954SILVAA_2025-08-11_G56,10109954SILVAA,2025-08-11,110325,1,15,0,131.0
10109954SILVAA_2025-08-11_G57,10109954SILVAA,2025-08-11,107830,1,5,0,180.0
10109954SILVAA_2025-08-11_G58,10109954SILVAA,2025-08-11,117820,1,54,0,615.0
10109954SILVAA_2025-08-11_G59,10109954SILVAA,2025-08-11,118299,1,54,0,276.0
10109954SILVAA_2025-08-11_G60,10109954SILVAA,2025-08-11,110374,1,102,0,508.0
10109954SILVAA_2025-08-11_G62,10109954SILVAA,2025-08-11,100334,1,3,0,758.0
10109954SILVAA_2025-08-11_G63,10109954SILVAA,2025-08-11,111438,1,14,0,439.0
10109954SILVAA_2025-08-11_G64,10109954SILVAA,2025-08-11,160057,1,5,0,772.0
10109954SILVAA_2025-08-11_G65,10109954SILVAA,2025-08-11,107629,1,2,0,89.0
10109954SILVAA_2025-08-11_G66,10109954SILVAA,2025-08-11,110515,1,63,0,475.0
10109954SILVAA_2025-08-12_G02,10109954SILVAA,2025-08-12,117835,1,1,0,151.0
10109954SILVAA_2025-08-12_G03,10109954SILVAA,2025-08-12,118222,1,39,0,1362.0
10109954SILVAA_2025-08-12_G04,10109954SILVAA,2025-08-12,111435,1,1,0,242.0
10109954SILVAA_2025-08-12_G05,10109954SILVAA,2025-08-12,105705,1,12,0,188.0
10109954SILVAA_2025-08-12_G06,10109954SILVAA,2025-08-12,111330,1,4,0,280.0
10109954SILVAA_2025-08-12_G07,10109954SILVAA,2025-08-12,117833,1,8,0,335.0
10109954SILVAA_2025-08-12_G08,10109954SILVAA,2025-08-12,117838,1,4,0,1320.0
10109954SILVAA_2025-08-12_G09,10109954SILVAA,2025-08-12,117787,1,12,0,71.0
10109954SILVAA_2025-08-12_G10,10109954SILVAA,2025-08-12,109645,1,5,0,172.0
10109954SILVAA_2025-08-12_G11,10109954SILVAA,2025-08-12,111172,1,10,0,200.0
10109954SILVAA_2025-08-12_G12,10109954SILVAA,2025-08-12,140922,1,16,0,340.0
10109954SILVAA_2025-08-12_G13,10109954SILVAA,2025-08-12,141456,1,40,0,426.0
10109954SILVAA_2025-08-12_G14,10109954SILVAA,2025-08-12,141458,1,32,0,311.0
10109954SILVAA_2025-08-12_G15,10109954SILVAA,2025-08-12,111532,1,43,0,396.0
10109954SILVAA_2025-08-12_G17,10109954SILVAA,2025-08-12,100334,1,24,0,382.0
10109954SILVAA_2025-08-12_G18,10109954SILVAA,2025-08-12,111569,1,22,0,293.0
10109954SILVAA_2025-08-12_G19,10109954SILVAA,2025-08-12,111660,1,4,0,253.0
10109954SILVAA_2025-08-12_G20,10109954SILVAA,2025-08-12,110339,1,13,0,559.0
10109954SILVAA_2025-08-12_G21,10109954SILVAA,2025-08-12,111602,1,60,0,402.0
10109954SILVAA_2025-08-12_G22,10109954SILVAA,2025-08-12,118094,1,4,0,398.0
10109954SILVAA_2025-08-12_G23,10109954SILVAA,2025-08-12,110733,1,5,0,100.0
10109954SILVAA_2025-08-12_G24,10109954SILVAA,2025-08-12,109647,1,11,0,169.0
10109954SILVAA_2025-08-12_G25,10109954SILVAA,2025-08-12,109640,1,42,0,538.0
10109954SILVAA_2025-08-12_G26,10109954SILVAA,2025-08-12,117855,1,150,0,745.0
10109954SILVAA_2025-08-12_G27,10109954SILVAA,2025-08-12,109643,1,30,0,527.0
10109954SILVAA_2025-08-12_G28,10109954SILVAA,2025-08-12,117832,1,10,0,108.0
10109954SILVAA_2025-08-12_G29,10109954SILVAA,2025-08-12,117820,1,19,0,195.0
10109954SILVAA_2025-08-12_G30,10109954SILVAA,2025-08-12,110325,1,12,0,293.0
10109954SILVAA_2025-08-12_G32,10109954SILVAA,2025-08-12,117832,1,145,0,639.0
10109954SILVAA_2025-08-13_G02,10109954SILVAA,2025-08-13,110895,1,4,0,341.0
10109954SILVAA_2025-08-13_G03,10109954SILVAA,2025-08-13,117855,1,2,0,168.0
10109954SILVAA_2025-08-13_G04,10109954SILVAA,2025-08-13,117786,1,4,0,318.0
10109954SILVAA_2025-08-13_G05,10109954SILVAA,2025-08-13,110581,1,2,0,53.0
10109954SILVAA_2025-08-13_G06,10109954SILVAA,2025-08-13,117837,1,4,0,137.0
10109954SILVAA_2025-08-13_G07,10109954SILVAA,2025-08-13,111444,1,2,0,674.0
10109954SILVAA_2025-08-13_G08,10109954SILVAA,2025-08-13,108711,1,6,0,149.0
10109954SILVAA_2025-08-13_G09,10109954SILVAA,2025-08-13,105705,1,2,0,118.0
10109954SILVAA_2025-08-13_G10,10109954SILVAA,2025-08-13,111463,1,2,0,45.0
10109954SILVAA_2025-08-13_G11,10109954SILVAA,2025-08-13,118140,1,2,0,40.0
10109954SILVAA_2025-08-13_G12,10109954SILVAA,2025-08-13,117787,1,3,0,92.0
10109954SILVAA_2025-08-13_G13,10109954SILVAA,2025-08-13,111532,1,2,0,59.0
10109954SILVAA_2025-08-13_G14,10109954SILVAA,2025-08-13,111468,1,2,0,127.0
10109954SILVAA_2025-08-13_G15,10109954SILVAA,2025-08-13,117831,1,2,0,63.0
10109954SILVAA_2025-08-13_G16,10109954SILVAA,2025-08-13,107236,1,6,0,91.0
10109954SILVAA_2025-08-13_G17,10109954SILVAA,2025-08-13,111172,1,4,0,143.0
10109954SILVAA_2025-08-13_G18,10109954SILVAA,2025-08-13,110372,1,38,0,1656.0
10109954SILVAA_2025-08-13_G19,10109954SILVAA,2025-08-13,109643,1,1,0,310.0
10109954SILVAA_2025-08-13_G20,10109954SILVAA,2025-08-13,117832,1,6,0,68.0
10109954SILVAA_2025-08-13_G21,10109954SILVAA,2025-08-13,110371,1,3,0,108.0
10109954SILVAA_2025-08-13_G22,10109954SILVAA,2025-08-13,117820,1,2,0,109.0
10109954SILVAA_2025-08-13_G23,10109954SILVAA,2025-08-13,110375,1,5,0,91.0
10109954SILVAA_2025-08-13_G24,10109954SILVAA,2025-08-13,110895,1,1,0,432.0
10109954SILVAA_2025-08-13_G25,10109954SILVAA,2025-08-13,110755,1,4,0,1564.0
10109954SILVAA_2025-08-13_G26,10109954SILVAA,2025-08-13,110372,1,3,0,153.0
10109954SILVAA_2025-08-13_G27,10109954SILVAA,2025-08-13,117808,1,7,0,69.0
10109954SILVAA_2025-08-13_G28,10109954SILVAA,2025-08-13,118299,1,1,0,86.0
10109954SILVAA_2025-08-13_G29,10109954SILVAA,2025-08-13,117820,1,2,0,91.0
10109954SILVAA_2025-08-13_G30,10109954SILVAA,2025-08-13,110374,1,4,0,143.0
10109954SILVAA_2025-08-13_G31,10109954SILVAA,2025-08-13,117830,1,2,0,93.0
10109954SILVAA_2025-08-13_G32,10109954SILVAA,2025-08-13,110373,1,8,0,139.0
10109954SILVAA_2025-08-13_G33,10109954SILVAA,2025-08-13,107629,1,2,0,918.0
10109954SILVAA_2025-08-13_G34,10109954SILVAA,2025-08-13,117821,1,1,0,70.0
10109954SILVAA_2025-08-13_G35,10109954SILVAA,2025-08-13,108711,1,3,0,48.0
10109954SILVAA_2025-08-13_G36,10109954SILVAA,2025-08-13,105705,1,2,0,63.0
10109954SILVAA_2025-08-13_G37,10109954SILVAA,2025-08-13,111418,1,2,0,96.0
10109954SILVAA_2025-08-13_G38,10109954SILVAA,2025-08-13,117787,1,2,0,175.0
10109954SILVAA_2025-08-13_G39,10109954SILVAA,2025-08-13,109645,1,1,0,131.0
10109954SILVAA_2025-08-13_G40,10109954SILVAA,2025-08-13,117785,1,2,0,100.0
10109954SILVAA_2025-08-13_G41,10109954SILVAA,2025-08-13,109643,1,2,0,59.0
10109954SILVAA_2025-08-13_G42,10109954SILVAA,2025-08-13,110373,1,2,0,1278.0
10109954SILVAA_2025-08-13_G43,10109954SILVAA,2025-08-13,117808,1,7,0,62.0
10109954SILVAA_2025-08-13_G44,10109954SILVAA,2025-08-13,117822,1,1,0,108.0
10109954SILVAA_2025-08-13_G45,10109954SILVAA,2025-08-13,117830,1,2,0,48.0
10109954SILVAA_2025-08-13_G46,10109954SILVAA,2025-08-13,105705,1,2,0,214.0
10109954SILVAA_2025-08-13_G47,10109954SILVAA,2025-08-13,110895,1,4,0,338.0
10109954SILVAA_2025-08-13_G48,10109954SILVAA,2025-08-13,140922,1,1,0,84.0
10109954SILVAA_2025-08-13_G49,10109954SILVAA,2025-08-13,111348,1,2,0,55.0
10109954SILVAA_2025-08-13_G50,10109954SILVAA,2025-08-13,111465,1,2,0,118.0
10109954SILVAA_2025-08-13_G51,10109954SILVAA,2025-08-13,117833,1,2,0,35.0
10109954SILVAA_2025-08-13_G52,10109954SILVAA,2025-08-13,111468,1,1,0,86.0
10109954SILVAA_2025-08-13_G53,10109954SILVAA,2025-08-13,117831,1,3,0,95.0
10109954SILVAA_2025-08-13_G54,10109954SILVAA,2025-08-13,117830,1,4,0,142.0
10109954SILVAA_2025-08-13_G55,10109954SILVAA,2025-08-13,118299,1,2,0,135.0
10109954SILVAA_2025-08-13_G56,10109954SILVAA,2025-08-13,117820,1,12,0,149.0
10109954SILVAA_2025-08-13_G57,10109954SILVAA,2025-08-13,110755,1,2,0,454.0
10109954SILVAA_2025-08-13_G58,10109954SILVAA,2025-08-13,111569,1,6,0,133.0
10109954SILVAA_2025-08-13_G59,10109954SILVAA,2025-08-13,110339,1,6,0,133.0
10109954SILVAA_2025-08-13_G60,10109954SILVAA,2025-08-13,141047,1,2,0,93.0
10109954SILVAA_2025-08-13_G61,10109954SILVAA,2025-08-13,111418,1,7,0,634.0
10109954SILVAA_2025-08-13_G62,10109954SILVAA,2025-08-13,111532,1,1,0,138.0
10109954SILVAA_2025-08-13_G63,10109954SILVAA,2025-08-13,110740,1,2,0,250.0
10109954SILVAA_2025-08-13_G64,10109954SILVAA,2025-08-13,117830,1,4,0,87.0
10109954SILVAA_2025-08-13_G67,10109954SILVAA,2025-08-13,111463,1,20,0,160.0
10109954SILVAA_2025-08-13_G68,10109954SILVAA,2025-08-13,141458,1,4,0,175.0
10109954SILVAA_2025-08-13_G69,10109954SILVAA,2025-08-13,110582,1,4,0,230.0
10109954SILVAA_2025-08-13_G70,10109954SILVAA,2025-08-13,117809,1,2,0,397.0
10109954SILVAA_2025-08-13_G71,10109954SILVAA,2025-08-13,118222,1,4,0,1201.0
10109954SILVAA_2025-08-13_G72,10109954SILVAA,2025-08-13,110740,1,4,0,497.0
10109954SILVAA_2025-08-13_G73,10109954SILVAA,2025-08-13,140922,1,3,0,136.0
10109954SILVAA_2025-08-13_G74,10109954SILVAA,2025-08-13,111418,1,5,0,62.0
10109954SILVAA_2025-08-13_G75,10109954SILVAA,2025-08-13,108794,1,2,0,76.0
10109954SILVAA_2025-08-13_G76,10109954SILVAA,2025-08-13,118317,1,3,0,139.0
10109954SILVAA_2025-08-13_G77,10109954SILVAA,2025-08-13,141823,1,4,0,71.0
10109954SILVAA_2025-08-14_G02,10109954SILVAA,2025-08-14,118253,1,1,0,291.0
10109954SILVAA_2025-08-14_G03,10109954SILVAA,2025-08-14,118418,1,4,0,152.0
10109954SILVAA_2025-08-14_G04,10109954SILVAA,2025-08-14,100334,1,1,0,91.0
10109954SILVAA_2025-08-14_G05,10109954SILVAA,2025-08-14,117835,1,2,0,125.0
10109954SILVAA_2025-08-14_G06,10109954SILVAA,2025-08-14,118222,1,64,0,930.0
10109954SILVAA_2025-08-14_G07,10109954SILVAA,2025-08-14,117855,1,29,0,502.0
10109954SILVAA_2025-08-14_G08,10109954SILVAA,2025-08-14,117862,1,10,0,991.0
10109954SILVAA_2025-08-14_G09,10109954SILVAA,2025-08-14,111876,1,2,0,299.0
10109954SILVAA_2025-08-14_G10,10109954SILVAA,2025-08-14,117786,1,1,0,66.0
10109954SILVAA_2025-08-14_G11,10109954SILVAA,2025-08-14,118094,1,2,0,61.0
10109954SILVAA_2025-08-14_G12,10109954SILVAA,2025-08-14,110733,1,3,0,112.0
10109954SILVAA_2025-08-14_G13,10109954SILVAA,2025-08-14,117853,1,7,0,126.0
10109954SILVAA_2025-08-14_G14,10109954SILVAA,2025-08-14,141047,1,4,0,192.0
10109954SILVAA_2025-08-14_G15,10109954SILVAA,2025-08-14,111439,1,2,0,49.0
10109954SILVAA_2025-08-14_G16,10109954SILVAA,2025-08-14,118094,1,18,0,155.0
10109954SILVAA_2025-08-14_G17,10109954SILVAA,2025-08-14,109640,1,8,0,178.0
10109954SILVAA_2025-08-14_G18,10109954SILVAA,2025-08-14,110515,1,42,0,488.0
10109954SILVAA_2025-08-14_G19,10109954SILVAA,2025-08-14,110740,1,8,0,428.0
10109954SILVAA_2025-08-14_G20,10109954SILVAA,2025-08-14,110129,1,7,0,186.0
10109954SILVAA_2025-08-14_G21,10109954SILVAA,2025-08-14,111435,1,12,0,246.0
10109954SILVAA_2025-08-14_G22,10109954SILVAA,2025-08-14,108711,1,2,0,141.0
10109954SILVAA_2025-08-14_G23,10109954SILVAA,2025-08-14,140922,1,22,0,73.0
10109954SILVAA_2025-08-14_G24,10109954SILVAA,2025-08-14,111418,1,5,0,136.0
10109954SILVAA_2025-08-14_G25,10109954SILVAA,2025-08-14,111418,1,55,0,36.0
10109954SILVAA_2025-08-14_G26,10109954SILVAA,2025-08-14,111443,1,7,0,107.0
10109954SILVAA_2025-08-14_G27,10109954SILVAA,2025-08-14,111743,1,7,0,118.0
10109954SILVAA_2025-08-14_G28,10109954SILVAA,2025-08-14,117821,1,19,0,61.0
10109954SILVAA_2025-08-14_G29,10109954SILVAA,2025-08-14,117787,1,2,0,147.0
10109954SILVAA_2025-08-14_G30,10109954SILVAA,2025-08-14,111468,1,2,0,105.0
10109954SILVAA_2025-08-14_G31,10109954SILVAA,2025-08-14,117831,1,1,0,97.0
10109954SILVAA_2025-08-14_G32,10109954SILVAA,2025-08-14,117785,1,8,0,63.0
10109954SILVAA_2025-08-14_G33,10109954SILVAA,2025-08-14,118317,1,15,0,477.0
10109954SILVAA_2025-08-14_G34,10109954SILVAA,2025-08-14,111465,2,18,7,89.0
10109954SILVAA_2025-08-14_G35,10109954SILVAA,2025-08-14,111532,1,89,0,951.0
10109954SILVAA_2025-08-14_G36,10109954SILVAA,2025-08-14,141456,1,36,0,389.0
10109954SILVAA_2025-08-14_G37,10109954SILVAA,2025-08-14,117785,1,16,0,310.0
10109954SILVAA_2025-08-14_G38,10109954SILVAA,2025-08-14,141458,1,40,0,478.0
10109954SILVAA_2025-08-14_G39,10109954SILVAA,2025-08-14,110371,1,7,0,2623.0
10109954SILVAA_2025-08-14_G40,10109954SILVAA,2025-08-14,107830,1,10,0,144.0
10109954SILVAA_2025-08-14_G41,10109954SILVAA,2025-08-14,117820,1,63,0,456.0
10109954SILVAA_2025-08-14_G42,10109954SILVAA,2025-08-14,117830,1,36,0,762.0
10109954SILVAA_2025-08-14_G43,10109954SILVAA,2025-08-14,110374,1,45,0,806.0
10109954SILVAA_2025-08-14_G44,10109954SILVAA,2025-08-14,110373,1,57,0,295.0
10109954SILVAA_2025-08-14_G46,10109954SILVAA,2025-08-14,117808,1,403,0,1188.0
10109954SILVAA_2025-08-15_G02,10109954SILVAA,2025-08-15,110313,1,2,0,1167.0
10109954SILVAA_2025-08-15_G03,10109954SILVAA,2025-08-15,110313,1,48,0,453.0
10109954SILVAA_2025-08-15_G04,10109954SILVAA,2025-08-15,111530,1,64,0,595.0
10109954SILVAA_2025-08-15_G05,10109954SILVAA,2025-08-15,110787,2,27,12,273.0
10109954SILVAA_2025-08-15_G06,10109954SILVAA,2025-08-15,111463,1,33,0,942.0
10109954SILVAA_2025-08-15_G07,10109954SILVAA,2025-08-15,110895,1,8,0,1728.0
10109954SILVAA_2025-08-15_G08,10109954SILVAA,2025-08-15,110464,1,4,0,226.0
10109954SILVAA_2025-08-15_G09,10109954SILVAA,2025-08-15,110733,1,3,0,137.0
10109954SILVAA_2025-08-15_G10,10109954SILVAA,2025-08-15,108795,1,4,0,57.0
10109954SILVAA_2025-08-15_G11,10109954SILVAA,2025-08-15,108711,1,12,0,255.0
10109954SILVAA_2025-08-15_G12,10109954SILVAA,2025-08-15,110895,1,8,0,769.0
10109954SILVAA_2025-08-15_G13,10109954SILVAA,2025-08-15,117786,1,3,0,112.0
10109954SILVAA_2025-08-15_G14,10109954SILVAA,2025-08-15,111439,1,8,0,225.0
10109954SILVAA_2025-08-15_G15,10109954SILVAA,2025-08-15,111530,1,15,0,82.0
10109954SILVAA_2025-08-15_G16,10109954SILVAA,2025-08-15,141202,1,4,0,1042.0
10109954SILVAA_2025-08-15_G17,10109954SILVAA,2025-08-15,110787,2,15,6,679.0
10109954SILVAA_2025-08-15_G18,10109954SILVAA,2025-08-15,111463,1,82,0,200.0
10109954SILVAA_2025-08-15_G19,10109954SILVAA,2025-08-15,118140,1,1,0,1389.0
10109954SILVAA_2025-08-15_G20,10109954SILVAA,2025-08-15,109641,1,2,0,168.0
10109954SILVAA_2025-08-15_G21,10109954SILVAA,2025-08-15,118140,1,41,0,598.0
10109954SILVAA_2025-08-15_G22,10109954SILVAA,2025-08-15,110895,1,4,0,2118.0
10109954SILVAA_2025-08-15_G23,10109954SILVAA,2025-08-15,117808,1,14,0,157.0
10109954SILVAA_2025-08-15_G24,10109954SILVAA,2025-08-15,109641,1,1,0,95.0
10109954SILVAA_2025-08-15_G25,10109954SILVAA,2025-08-15,118140,1,9,0,151.0
10109954SILVAA_2025-08-15_G26,10109954SILVAA,2025-08-15,117862,1,2,0,134.0
10109954SILVAA_2025-08-15_G27,10109954SILVAA,2025-08-15,117786,1,1,0,96.0
10109954SILVAA_2025-08-15_G28,10109954SILVAA,2025-08-15,117831,1,2,0,100.0
10109954SILVAA_2025-08-15_G29,10109954SILVAA,2025-08-15,117785,1,2,0,925.0
10109954SILVAA_2025-08-15_G30,10109954SILVAA,2025-08-15,110787,1,6,0,152.0
10109954SILVAA_2025-08-15_G31,10109954SILVAA,2025-08-15,107830,1,4,0,171.0
10109954SILVAA_2025-08-15_G32,10109954SILVAA,2025-08-15,109643,1,4,0,72.0
10109954SILVAA_2025-08-15_G33,10109954SILVAA,2025-08-15,117808,1,12,0,104.0
10109954SILVAA_2025-08-15_G34,10109954SILVAA,2025-08-15,117830,1,2,0,140.0
10109954SILVAA_2025-08-15_G35,10109954SILVAA,2025-08-15,108711,1,4,0,562.0
10109954SILVAA_2025-08-15_G36,10109954SILVAA,2025-08-15,110895,1,4,0,113.0
10109954SILVAA_2025-08-15_G37,10109954SILVAA,2025-08-15,141047,1,4,0,89.0
10109954SILVAA_2025-08-15_G38,10109954SILVAA,2025-08-15,110339,1,2,0,103.0
10109954SILVAA_2025-08-15_G39,10109954SILVAA,2025-08-15,111532,1,4,0,138.0
10109954SILVAA_2025-08-15_G40,10109954SILVAA,2025-08-15,117831,1,2,0,98.0
10109954SILVAA_2025-08-15_G41,10109954SILVAA,2025-08-15,117830,1,1,0,108.0
10109954SILVAA_2025-08-15_G42,10109954SILVAA,2025-08-15,111569,1,2,0,114.0
10109954SILVAA_2025-08-15_G43,10109954SILVAA,2025-08-15,117855,1,4,0,791.0
10109954SILVAA_2025-08-15_G44,10109954SILVAA,2025-08-15,111602,1,2,0,876.0
10109954SILVAA_2025-08-15_G45,10109954SILVAA,2025-08-15,110515,1,2,0,84.0
10109954SILVAA_2025-08-15_G46,10109954SILVAA,2025-08-15,108795,1,2,0,149.0
10109954SILVAA_2025-08-15_G47,10109954SILVAA,2025-08-15,110787,1,4,0,128.0
10109954SILVAA_2025-08-15_G48,10109954SILVAA,2025-08-15,109643,1,4,0,132.0
10109954SILVAA_2025-08-15_G49,10109954SILVAA,2025-08-15,110325,1,4,0,85.0
10109954SILVAA_2025-08-15_G51,10109954SILVAA,2025-08-15,109645,1,8,0,277.0
10109954SILVAA_2025-08-15_G52,10109954SILVAA,2025-08-15,118222,1,4,0,956.0
10109954SILVAA_2025-08-15_G53,10109954SILVAA,2025-08-15,110895,1,2,0,261.0
10109954SILVAA_2025-08-15_G54,10109954SILVAA,2025-08-15,100334,1,2,0,137.0
10109954SILVAA_2025-08-15_G55,10109954SILVAA,2025-08-15,111438,1,4,0,100.0
10109954SILVAA_2025-08-15_G56,10109954SILVAA,2025-08-15,118094,1,4,0,124.0
10109954SILVAA_2025-08-15_G57,10109954SILVAA,2025-08-15,117861,1,4,0,96.0
10109954SILVAA_2025-08-15_G58,10109954SILVAA,2025-08-15,110515,1,2,0,111.0
10109954SILVAA_2025-08-15_G59,10109954SILVAA,2025-08-15,108711,1,4,0,274.0
10109954SILVAA_2025-08-15_G60,10109954SILVAA,2025-08-15,105705,1,4,0,85.0
10109954SILVAA_2025-08-15_G61,10109954SILVAA,2025-08-15,160055,1,11,0,73.0
10109954SILVAA_2025-08-15_G62,10109954SILVAA,2025-08-15,117821,1,4,0,153.0
10109954SILVAA_2025-08-15_G63,10109954SILVAA,2025-08-15,111532,1,4,0,89.0
10109954SILVAA_2025-08-15_G64,10109954SILVAA,2025-08-15,109643,1,4,0,120.0
10109954SILVAA_2025-08-15_G65,10109954SILVAA,2025-08-15,117820,1,2,0,83.0
10109954SILVAA_2025-08-15_G66,10109954SILVAA,2025-08-15,117840,1,3,0,88.0
10109954SILVAA_2025-08-16_G02,10109954SILVAA,2025-08-16,111466,1,3,0,235.0
10109954SILVAA_2025-08-16_G03,10109954SILVAA,2025-08-16,111431,1,4,0,319.0
10109954SILVAA_2025-08-16_G04,10109954SILVAA,2025-08-16,117831,1,1,0,135.0
10109954SILVAA_2025-08-16_G05,10109954SILVAA,2025-08-16,110787,2,6,22,117.0
10109954SILVAA_2025-08-16_G06,10109954SILVAA,2025-08-16,110373,1,2,0,186.0
10109954SILVAA_2025-08-16_G07,10109954SILVAA,2025-08-16,107830,1,1,0,45.0
10109954SILVAA_2025-08-16_G08,10109954SILVAA,2025-08-16,110372,1,2,0,93.0
10109954SILVAA_2025-08-16_G09,10109954SILVAA,2025-08-16,118299,1,1,0,108.0
10109954SILVAA_2025-08-16_G10,10109954SILVAA,2025-08-16,110313,1,8,0,1133.0
10109954SILVAA_2025-08-16_G11,10109954SILVAA,2025-08-16,111463,1,13,0,181.0
10109954SILVAA_2025-08-16_G12,10109954SILVAA,2025-08-16,118140,1,1,0,178.0
10109954SILVAA_2025-08-16_G13,10109954SILVAA,2025-08-16,110313,1,6,0,324.0
10109954SILVAA_2025-08-16_G14,10109954SILVAA,2025-08-16,105705,1,6,0,754.0
10109954SILVAA_2025-08-16_G15,10109954SILVAA,2025-08-16,110372,1,12,0,180.0
10109954SILVAA_2025-08-16_G16,10109954SILVAA,2025-08-16,118094,1,4,0,2072.0
10109954SILVAA_2025-08-16_G17,10109954SILVAA,2025-08-16,111876,1,4,0,140.0
10109954SILVAA_2025-08-16_G18,10109954SILVAA,2025-08-16,110515,1,4,0,473.0
10109954SILVAA_2025-08-16_G19,10109954SILVAA,2025-08-16,141456,2,16,30,130.0
10109954SILVAA_2025-08-16_G20,10109954SILVAA,2025-08-16,118222,1,56,0,2268.0
10109954SILVAA_2025-08-16_G21,10109954SILVAA,2025-08-16,110582,1,4,0,1419.0
10109954SILVAA_2025-08-16_G22,10109954SILVAA,2025-08-16,117834,1,15,0,131.0
10109954SILVAA_2025-08-16_G23,10109954SILVAA,2025-08-16,111655,1,5,0,709.0
10109954SILVAA_2025-08-16_G24,10109954SILVAA,2025-08-16,100334,1,6,0,37.0
10109954SILVAA_2025-08-16_G25,10109954SILVAA,2025-08-16,111438,1,8,0,327.0
10109954SILVAA_2025-08-16_G26,10109954SILVAA,2025-08-16,111660,1,4,0,207.0
10109954SILVAA_2025-08-16_G27,10109954SILVAA,2025-08-16,109647,1,8,0,1762.0
10109954SILVAA_2025-08-16_G28,10109954SILVAA,2025-08-16,109640,1,8,0,339.0
10109954SILVAA_2025-08-16_G29,10109954SILVAA,2025-08-16,110339,1,8,0,194.0
10109954SILVAA_2025-08-16_G30,10109954SILVAA,2025-08-16,111467,1,9,0,107.0
10109954SILVAA_2025-08-16_G31,10109954SILVAA,2025-08-16,117837,1,5,0,162.0
10109954SILVAA_2025-08-16_G32,10109954SILVAA,2025-08-16,117862,1,28,0,816.0
10109954SILVAA_2025-08-16_G33,10109954SILVAA,2025-08-16,117855,1,28,0,180.0
10109954SILVAA_2025-08-16_G34,10109954SILVAA,2025-08-16,110515,1,20,0,383.0
10109954SILVAA_2025-08-16_G35,10109954SILVAA,2025-08-16,111876,1,14,0,460.0
10109954SILVAA_2025-08-16_G36,10109954SILVAA,2025-08-16,108795,1,6,0,172.0
10109954SILVAA_2025-08-16_G37,10109954SILVAA,2025-08-16,117785,1,42,0,271.0
10109954SILVAA_2025-08-16_G39,10109954SILVAA,2025-08-16,118285,1,24,0,327.0
10109954SILVAA_2025-08-16_G40,10109954SILVAA,2025-08-16,110751,1,19,0,1382.0
10109954SILVAA_2025-08-16_G41,10109954SILVAA,2025-08-16,111463,1,14,0,118.0
10109954SILVAA_2025-08-16_G42,10109954SILVAA,2025-08-16,111418,1,70,0,1097.0
10109954SILVAA_2025-08-19_G02,10109954SILVAA,2025-08-19,111466,1,4,0,213.0
10109954SILVAA_2025-08-19_G03,10109954SILVAA,2025-08-19,111466,1,34,0,41.0
10109954SILVAA_2025-08-19_G04,10109954SILVAA,2025-08-19,111466,1,40,0,48.0
10109954SILVAA_2025-08-19_G05,10109954SILVAA,2025-08-19,108711,1,12,0,78.0
10109954SILVAA_2025-08-19_G06,10109954SILVAA,2025-08-19,111743,1,15,0,145.0
10109954SILVAA_2025-08-19_G07,10109954SILVAA,2025-08-19,117787,1,6,0,196.0
10109954SILVAA_2025-08-19_G08,10109954SILVAA,2025-08-19,111468,1,5,0,1060.0
10109954SILVAA_2025-08-19_G09,10109954SILVAA,2025-08-19,111463,1,225,0,1062.0
10109954SILVAA_2025-08-19_G10,10109954SILVAA,2025-08-19,117821,1,100,0,1764.0
10109954SILVAA_2025-08-19_G11,10109954SILVAA,2025-08-19,117831,1,120,0,871.0
10109954SILVAA_2025-08-19_G12,10109954SILVAA,2025-08-19,107236,1,36,0,109.0
10109954SILVAA_2025-08-20_G02,10109954SILVAA,2025-08-20,109640,1,4,0,510.0
10109954SILVAA_2025-08-20_G03,10109954SILVAA,2025-08-20,109640,1,4,0,138.0
10109954SILVAA_2025-08-20_G04,10109954SILVAA,2025-08-20,117833,1,5,0,92.0
10109954SILVAA_2025-08-20_G05,10109954SILVAA,2025-08-20,117821,1,4,0,65.0
10109954SILVAA_2025-08-20_G06,10109954SILVAA,2025-08-20,109640,1,4,0,1003.0
10109954SILVAA_2025-08-20_G07,10109954SILVAA,2025-08-20,111530,2,40,14,186.0
10109954SILVAA_2025-08-20_G08,10109954SILVAA,2025-08-20,111530,1,20,0,553.0
10109954SILVAA_2025-08-20_G09,10109954SILVAA,2025-08-20,109640,1,4,0,154.0
10109954SILVAA_2025-08-20_G10,10109954SILVAA,2025-08-20,111532,1,100,0,1386.0
10109954SILVAA_2025-08-20_G11,10109954SILVAA,2025-08-20,118299,1,300,0,1300.0
10109954SILVAA_2025-08-20_G12,10109954SILVAA,2025-08-20,117809,1,100,0,109.0
10109954SILVAA_2025-08-20_G13,10109954SILVAA,2025-08-20,118299,1,500,0,363.0
10109954SILVAA_2025-08-20_G15,10109954SILVAA,2025-08-20,110313,1,8,0,306.0
10109954SILVAA_2025-08-20_G16,10109954SILVAA,2025-08-20,110372,1,4,0,207.0
10109954SILVAA_2025-08-20_G17,10109954SILVAA,2025-08-20,111602,1,16,0,871.0
10109954SILVAA_2025-08-20_G18,10109954SILVAA,2025-08-20,108795,1,4,0,670.0
10109954SILVAA_2025-08-20_G19,10109954SILVAA,2025-08-20,111466,1,8,0,109.0
10109954SILVAA_2025-08-20_G20,10109954SILVAA,2025-08-20,111743,1,4,0,131.0
10109954SILVAA_2025-08-20_G21,10109954SILVAA,2025-08-20,110313,1,4,0,235.0
10109954SILVAA_2025-08-20_G22,10109954SILVAA,2025-08-20,111182,1,8,0,884.0
10109954SILVAA_2025-08-20_G23,10109954SILVAA,2025-08-20,109640,1,4,0,222.0
10109954SILVAA_2025-08-20_G24,10109954SILVAA,2025-08-20,111466,1,6,0,192.0
10109954SILVAA_2025-08-20_G25,10109954SILVAA,2025-08-20,111532,1,6,0,286.0
10109954SILVAA_2025-08-20_G26,10109954SILVAA,2025-08-20,117808,1,80,0,497.0
10109954SILVAA_2025-08-20_G27,10109954SILVAA,2025-08-20,117830,1,12,0,220.0
10109954SILVAA_2025-08-21_G02,10109954SILVAA,2025-08-21,118253,1,4,0,2081.0
10109954SILVAA_2025-08-21_G03,10109954SILVAA,2025-08-21,141318,1,12,0,3138.0
10109954SILVAA_2025-08-21_G04,10109954SILVAA,2025-08-21,111469,1,15,0,331.0
10109954SILVAA_2025-08-21_G05,10109954SILVAA,2025-08-21,111469,2,210,15,32.0
10109954SILVAA_2025-08-21_G06,10109954SILVAA,2025-08-21,111466,1,10,0,54.0
10109954SILVAA_2025-08-21_G07,10109954SILVAA,2025-08-21,111466,1,200,0,36.0
10109954SILVAA_2025-08-21_G08,10109954SILVAA,2025-08-21,110787,1,2,0,134.0
10109954SILVAA_2025-08-21_G09,10109954SILVAA,2025-08-21,109641,1,12,0,64.0
10109954SILVAA_2025-08-21_G10,10109954SILVAA,2025-08-21,110372,1,100,0,559.0
10109954SILVAA_2025-08-21_G11,10109954SILVAA,2025-08-21,110373,1,50,0,300.0
10109954SILVAA_2025-08-21_G12,10109954SILVAA,2025-08-21,107830,1,24,0,262.0
10109954SILVAA_2025-08-21_G13,10109954SILVAA,2025-08-21,111418,1,50,0,1211.0
10109954SILVAA_2025-08-21_G14,10109954SILVAA,2025-08-21,109640,1,30,0,563.0
10109954SILVAA_2025-08-21_G16,10109954SILVAA,2025-08-21,111792,1,2,0,2521.0
10109954SILVAA_2025-08-21_G17,10109954SILVAA,2025-08-21,110081,1,2,0,146.0
10109954SILVAA_2025-08-21_G19,10109954SILVAA,2025-08-21,118418,1,4,0,51.0
10109954SILVAA_2025-08-21_G20,10109954SILVAA,2025-08-21,111832,1,6,0,49.0
10109954SILVAA_2025-08-21_G21,10109954SILVAA,2025-08-21,111440,1,1,0,129.0
10109954SILVAA_2025-08-21_G22,10109954SILVAA,2025-08-21,111793,1,3,0,85.0
10109954SILVAA_2025-08-21_G23,10109954SILVAA,2025-08-21,105359,1,1,0,138.0
10109954SILVAA_2025-08-21_G24,10109954SILVAA,2025-08-21,110448,1,2,0,90.0
10109954SILVAA_2025-08-21_G25,10109954SILVAA,2025-08-21,110580,1,2,0,118.0
10109954SILVAA_2025-08-21_G26,10109954SILVAA,2025-08-21,110753,1,1,0,384.0
10109954SILVAA_2025-08-21_G27,10109954SILVAA,2025-08-21,110711,1,80,0,466.0
10109954SILVAA_2025-08-21_G28,10109954SILVAA,2025-08-21,160055,1,14,0,488.0
10109954SILVAA_2025-08-21_G29,10109954SILVAA,2025-08-21,110787,1,18,0,321.0
10109954SILVAA_2025-08-21_G30,10109954SILVAA,2025-08-21,109649,1,4,0,471.0
10109954SILVAA_2025-08-21_G31,10109954SILVAA,2025-08-21,160053,1,1,0,66.0
10109954SILVAA_2025-08-21_G32,10109954SILVAA,2025-08-21,160054,1,3,0,209.0
10109954SILVAA_2025-08-21_G33,10109954SILVAA,2025-08-21,160051,1,16,0,225.0
10109954SILVAA_2025-08-21_G34,10109954SILVAA,2025-08-21,110371,1,500,0,1393.0
10109954SILVAA_2025-08-22_G02,10109954SILVAA,2025-08-22,111430,1,7,0,278.0
10109954SILVAA_2025-08-22_G03,10109954SILVAA,2025-08-22,109640,2,36,7,439.0
10109954SILVAA_2025-08-22_G04,10109954SILVAA,2025-08-22,141457,1,50,0,1367.0
10109954SILVAA_2025-08-22_G05,10109954SILVAA,2025-08-22,111469,3,95,24,637.0
10109954SILVAA_2025-08-22_G06,10109954SILVAA,2025-08-22,141458,1,50,0,1272.0
10109954SILVAA_2025-08-22_G07,10109954SILVAA,2025-08-22,111466,1,100,0,1515.0
10109954SILVAA_2025-08-22_G08,10109954SILVAA,2025-08-22,110787,1,40,0,276.0
10109954SILVAA_2025-08-22_G09,10109954SILVAA,2025-08-22,141456,1,50,0,323.0
10109954SILVAA_2025-08-22_G10,10109954SILVAA,2025-08-22,111418,1,180,0,1013.0
10109954SILVAA_2025-08-22_G11,10109954SILVAA,2025-08-22,110372,1,200,0,839.0
10109954SILVAA_2025-08-22_G12,10109954SILVAA,2025-08-22,110374,1,200,0,605.0
10109954SILVAA_2025-08-22_G13,10109954SILVAA,2025-08-22,117808,1,800,0,2377.0
10109954SILVAA_2025-08-22_G14,10109954SILVAA,2025-08-22,111434,1,4,0,1614.0
10109954SILVAA_2025-08-22_G15,10109954SILVAA,2025-08-22,110740,1,8,0,60.0
10109954SILVAA_2025-08-22_G16,10109954SILVAA,2025-08-22,118285,1,24,0,165.0
10109954SILVAA_2025-08-22_G17,10109954SILVAA,2025-08-22,"103149, 107254",2,9,23,283.0
10109954SILVAA_2025-08-22_G18,10109954SILVAA,2025-08-22,140915,1,1,0,135.0
10109954SILVAA_2025-08-22_G19,10109954SILVAA,2025-08-22,110423,1,8,0,465.0
10109954SILVAA_2025-08-22_G20,10109954SILVAA,2025-08-22,111851,1,1,0,129.0
10109954SILVAA_2025-08-22_G21,10109954SILVAA,2025-08-22,110742,1,2,0,373.0
10109954SILVAA_2025-08-22_G22,10109954SILVAA,2025-08-22,110080,1,1,0,71.0
10109954SILVAA_2025-08-22_G23,10109954SILVAA,2025-08-22,110755,1,5,0,165.0
10109954SILVAA_2025-08-22_G24,10109954SILVAA,2025-08-22,110895,1,4,0,87.0
10109954SILVAA_2025-08-23_G02,10109954SILVAA,2025-08-23,117808,1,4,0,114.0
10109954SILVAA_2025-08-23_G03,10109954SILVAA,2025-08-23,117832,1,4,0,88.0
10109954SILVAA_2025-08-23_G04,10109954SILVAA,2025-08-23,111530,2,24,7,715.0
10109954SILVAA_2025-08-23_G05,10109954SILVAA,2025-08-23,141066,1,3,0,210.0
10109954SILVAA_2025-08-23_G06,10109954SILVAA,2025-08-23,110711,1,9,0,52.0
10109954SILVAA_2025-08-23_G07,10109954SILVAA,2025-08-23,117856,1,13,0,125.0
10109954SILVAA_2025-08-23_G08,10109954SILVAA,2025-08-23,141047,1,4,0,175.0
10109954SILVAA_2025-08-23_G09,10109954SILVAA,2025-08-23,111469,1,44,0,253.0
10109954SILVAA_2025-08-23_G10,10109954SILVAA,2025-08-23,141456,1,14,0,457.0
10109954SILVAA_2025-08-23_G11,10109954SILVAA,2025-08-23,111466,1,20,0,294.0
10109954SILVAA_2025-08-23_G12,10109954SILVAA,2025-08-23,110787,1,26,0,225.0
10109954SILVAA_2025-08-23_G13,10109954SILVAA,2025-08-23,118140,1,70,0,2282.0
10109954SILVAA_2025-08-23_G14,10109954SILVAA,2025-08-23,118299,1,59,0,833.0
10109954SILVAA_2025-08-23_G15,10109954SILVAA,2025-08-23,117808,1,150,0,1015.0
10109954SILVAA_2025-08-23_G16,10109954SILVAA,2025-08-23,117820,1,100,0,798.0
10109954SILVAA_2025-08-23_G17,10109954SILVAA,2025-08-23,110373,1,120,0,629.0
10109954SILVAA_2025-08-23_G18,10109954SILVAA,2025-08-23,111466,1,30,0,2256.0
10109954SILVAA_2025-08-23_G19,10109954SILVAA,2025-08-23,111602,1,16,0,283.0
10109954SILVAA_2025-08-23_G20,10109954SILVAA,2025-08-23,110711,1,4,0,196.0
10109954SILVAA_2025-08-23_G21,10109954SILVAA,2025-08-23,110711,1,4,0,98.0
10109954SILVAA_2025-08-23_G22,10109954SILVAA,2025-08-23,111602,1,20,0,600.0
10109954SILVAA_2025-08-23_G23,10109954SILVAA,2025-08-23,111602,1,20,0,561.0
10109954SILVAA_2025-08-23_G24,10109954SILVAA,2025-08-23,111602,1,2,0,241.0
10109954SILVAA_2025-08-23_G26,10109954SILVAA,2025-08-23,111602,1,20,0,384.0
10109954SILVAA_2025-08-23_G27,10109954SILVAA,2025-08-23,117808,2,1092,29,3018.0
10109954SILVAA_2025-08-23_G28,10109954SILVAA,2025-08-23,110376,1,8,0,683.0
10109954SILVAA_2025-08-25_G02,10109954SILVAA,2025-08-25,100334,1,4,0,187.0
10109954SILVAA_2025-08-25_G03,10109954SILVAA,2025-08-25,116527,1,8,0,139.0
10109954SILVAA_2025-08-25_G04,10109954SILVAA,2025-08-25,110747,1,4,0,107.0
10109954SILVAA_2025-08-25_G05,10109954SILVAA,2025-08-25,111660,1,2,0,60.0
10109954SILVAA_2025-08-25_G06,10109954SILVAA,2025-08-25,111602,1,6,0,150.0
10109954SILVAA_2025-08-25_G07,10109954SILVAA,2025-08-25,109640,1,14,0,85.0
10109954SILVAA_2025-08-25_G08,10109954SILVAA,2025-08-25,110752,1,2,0,211.0
10109954SILVAA_2025-08-25_G09,10109954SILVAA,2025-08-25,110515,1,4,0,86.0
10109954SILVAA_2025-08-25_G10,10109954SILVAA,2025-08-25,111876,1,4,0,163.0
10109954SILVAA_2025-08-25_G11,10109954SILVAA,2025-08-25,110733,1,4,0,479.0
10109954SILVAA_2025-08-25_G12,10109954SILVAA,2025-08-25,111530,1,4,0,403.0
10109954SILVAA_2025-08-25_G13,10109954SILVAA,2025-08-25,111446,1,2,0,901.0
10109954SILVAA_2025-08-25_G14,10109954SILVAA,2025-08-25,111463,1,10,0,342.0
10109954SILVAA_2025-08-25_G15,10109954SILVAA,2025-08-25,116241,1,4,0,133.0
10109954SILVAA_2025-08-25_G16,10109954SILVAA,2025-08-25,111348,1,2,0,95.0
10109954SILVAA_2025-08-25_G17,10109954SILVAA,2025-08-25,140922,1,4,0,91.0
10109954SILVAA_2025-08-25_G18,10109954SILVAA,2025-08-25,111532,1,4,0,88.0
10109954SILVAA_2025-08-25_G19,10109954SILVAA,2025-08-25,111431,1,2,0,61.0
10109954SILVAA_2025-08-25_G20,10109954SILVAA,2025-08-25,118317,1,4,0,72.0
10109954SILVAA_2025-08-25_G21,10109954SILVAA,2025-08-25,105705,1,2,0,53.0
10109954SILVAA_2025-08-25_G22,10109954SILVAA,2025-08-25,118140,1,4,0,109.0
10109954SILVAA_2025-08-25_G23,10109954SILVAA,2025-08-25,111466,1,8,0,58.0
10109954SILVAA_2025-08-25_G24,10109954SILVAA,2025-08-25,111442,1,4,0,113.0
10109954SILVAA_2025-08-25_G25,10109954SILVAA,2025-08-25,111469,1,40,0,540.0
10109954SILVAA_2025-08-25_G26,10109954SILVAA,2025-08-25,111418,1,16,0,105.0
10109954SILVAA_2025-08-25_G27,10109954SILVAA,2025-08-25,111462,1,12,0,206.0
10109954SILVAA_2025-08-25_G28,10109954SILVAA,2025-08-25,109649,1,4,0,543.0
10109954SILVAA_2025-08-25_G29,10109954SILVAA,2025-08-25,109643,1,4,0,328.0
10109954SILVAA_2025-08-25_G30,10109954SILVAA,2025-08-25,117808,1,40,0,756.0
10109954SILVAA_2025-08-25_G31,10109954SILVAA,2025-08-25,110373,1,30,0,118.0
10109954SILVAA_2025-08-25_G32,10109954SILVAA,2025-08-25,117832,1,2,0,329.0
10109954SILVAA_2025-08-25_G33,10109954SILVAA,2025-08-25,117830,1,4,0,79.0
10109954SILVAA_2025-08-25_G34,10109954SILVAA,2025-08-25,110371,1,20,0,73.0
10109954SILVAA_2025-08-25_G35,10109954SILVAA,2025-08-25,110372,1,20,0,542.0
10109954SILVAA_2025-08-25_G36,10109954SILVAA,2025-08-25,118222,1,4,0,2233.0
10109954SILVAA_2025-08-25_G37,10109954SILVAA,2025-08-25,111430,1,8,0,889.0
10109954SILVAA_2025-08-25_G38,10109954SILVAA,2025-08-25,110755,1,5,0,904.0
10109954SILVAA_2025-08-25_G39,10109954SILVAA,2025-08-25,100334,1,4,0,107.0
10109954SILVAA_2025-08-25_G40,10109954SILVAA,2025-08-25,111655,1,4,0,139.0
10109954SILVAA_2025-08-25_G41,10109954SILVAA,2025-08-25,116527,1,4,0,71.0
10109954SILVAA_2025-08-25_G42,10109954SILVAA,2025-08-25,141318,1,4,0,120.0
10109954SILVAA_2025-08-25_G43,10109954SILVAA,2025-08-25,111438,1,4,0,123.0
10109954SILVAA_2025-08-25_G44,10109954SILVAA,2025-08-25,111660,1,4,0,394.0
10109954SILVAA_2025-08-25_G45,10109954SILVAA,2025-08-25,111569,1,8,0,174.0
10109954SILVAA_2025-08-25_G46,10109954SILVAA,2025-08-25,111532,1,4,0,680.0
10109954SILVAA_2025-08-25_G47,10109954SILVAA,2025-08-25,141048,1,4,0,90.0
10109954SILVAA_2025-08-25_G48,10109954SILVAA,2025-08-25,111431,1,4,0,35.0
10109954SILVAA_2025-08-25_G49,10109954SILVAA,2025-08-25,111468,1,4,0,112.0
10109954SILVAA_2025-08-25_G50,10109954SILVAA,2025-08-25,118317,1,5,0,62.0
10109954SILVAA_2025-08-25_G51,10109954SILVAA,2025-08-25,105705,1,8,0,100.0
10109954SILVAA_2025-08-25_G52,10109954SILVAA,2025-08-25,118223,1,4,0,145.0
10109954SILVAA_2025-08-25_G54,10109954SILVAA,2025-08-25,107236,1,8,0,297.0
10109954SILVAA_2025-08-25_G55,10109954SILVAA,2025-08-25,111462,1,20,0,149.0
10109954SILVAA_2025-08-25_G56,10109954SILVAA,2025-08-25,111444,1,4,0,288.0
10109954SILVAA_2025-08-25_G57,10109954SILVAA,2025-08-25,110740,1,4,0,86.0
10109954SILVAA_2025-08-25_G58,10109954SILVAA,2025-08-25,111435,1,2,0,160.0
10109954SILVAA_2025-08-25_G59,10109954SILVAA,2025-08-25,111469,1,24,0,132.0
10109954SILVAA_2025-08-25_G60,10109954SILVAA,2025-08-25,110743,1,4,0,163.0
10109954SILVAA_2025-08-25_G61,10109954SILVAA,2025-08-25,117785,1,4,0,332.0
10109954SILVAA_2025-08-25_G62,10109954SILVAA,2025-08-25,111463,1,20,0,143.0
10109954SILVAA_2025-08-25_G63,10109954SILVAA,2025-08-25,117821,1,7,0,293.0
10109954SILVAA_2025-08-25_G64,10109954SILVAA,2025-08-25,140922,1,8,0,82.0
10109954SILVAA_2025-08-25_G65,10109954SILVAA,2025-08-25,111466,1,24,0,116.0
10109954SILVAA_2025-08-25_G66,10109954SILVAA,2025-08-25,111418,1,30,0,463.0
10109954SILVAA_2025-08-25_G67,10109954SILVAA,2025-08-25,111469,2,22,8,847.0
10109954SILVAA_2025-08-25_G68,10109954SILVAA,2025-08-25,118299,1,2,0,222.0
10109954SILVAA_2025-08-25_G69,10109954SILVAA,2025-08-25,111430,1,2,0,912.0
10109954SILVAA_2025-08-25_G70,10109954SILVAA,2025-08-25,111602,1,9,0,91.0
10109954SILVAA_2025-08-25_G71,10109954SILVAA,2025-08-25,109640,1,4,0,116.0
10109954SILVAA_2025-08-25_G72,10109954SILVAA,2025-08-25,111469,1,2,0,150.0
10109954SILVAA_2025-08-25_G73,10109954SILVAA,2025-08-25,108794,1,6,0,113.0
10109954SILVAA_2025-08-25_G74,10109954SILVAA,2025-08-25,111418,1,4,0,390.0
10109954SILVAA_2025-08-25_G75,10109954SILVAA,2025-08-25,111462,1,6,0,121.0
10109954SILVAA_2025-08-25_G76,10109954SILVAA,2025-08-25,110374,1,3,0,698.0
10109954SILVAA_2025-08-26_G02,10109954SILVAA,2025-08-26,110755,1,2,0,92.0
10109954SILVAA_2025-08-26_G03,10109954SILVAA,2025-08-26,117836,1,4,0,119.0
10109954SILVAA_2025-08-26_G04,10109954SILVAA,2025-08-26,111438,1,2,0,372.0
10109954SILVAA_2025-08-26_G05,10109954SILVAA,2025-08-26,111660,1,2,0,175.0
10109954SILVAA_2025-08-26_G06,10109954SILVAA,2025-08-26,117862,1,4,0,301.0
10109954SILVAA_2025-08-26_G07,10109954SILVAA,2025-08-26,117856,1,4,0,81.0
10109954SILVAA_2025-08-26_G08,10109954SILVAA,2025-08-26,110733,1,4,0,119.0
10109954SILVAA_2025-08-26_G09,10109954SILVAA,2025-08-26,141047,1,2,0,79.0
10109954SILVAA_2025-08-26_G10,10109954SILVAA,2025-08-26,110752,1,3,0,114.0
10109954SILVAA_2025-08-26_G11,10109954SILVAA,2025-08-26,110515,1,3,0,87.0
10109954SILVAA_2025-08-26_G12,10109954SILVAA,2025-08-26,111446,1,4,0,413.0
10109954SILVAA_2025-08-26_G13,10109954SILVAA,2025-08-26,"111435, 111469",2,6,28,62.0
10109954SILVAA_2025-08-26_G14,10109954SILVAA,2025-08-26,111463,1,12,0,1043.0
10109954SILVAA_2025-08-26_G15,10109954SILVAA,2025-08-26,117821,1,4,0,173.0
10109954SILVAA_2025-08-26_G16,10109954SILVAA,2025-08-26,109645,1,4,0,97.0
10109954SILVAA_2025-08-26_G17,10109954SILVAA,2025-08-26,108794,1,4,0,58.0
10109954SILVAA_2025-08-26_G18,10109954SILVAA,2025-08-26,111418,1,10,0,37.0
10109954SILVAA_2025-08-26_G19,10109954SILVAA,2025-08-26,118140,1,6,0,89.0
10109954SILVAA_2025-08-26_G20,10109954SILVAA,2025-08-26,111466,1,4,0,96.0
10109954SILVAA_2025-08-26_G21,10109954SILVAA,2025-08-26,110787,1,4,0,124.0
10109954SILVAA_2025-08-26_G22,10109954SILVAA,2025-08-26,110740,1,2,0,141.0
10109954SILVAA_2025-08-26_G23,10109954SILVAA,2025-08-26,117808,1,12,0,441.0
10109954SILVAA_2025-08-26_G24,10109954SILVAA,2025-08-26,117809,1,4,0,410.0
10109954SILVAA_2025-08-26_G25,10109954SILVAA,2025-08-26,110373,1,12,0,42.0
10109954SILVAA_2025-08-26_G26,10109954SILVAA,2025-08-26,110372,1,10,0,262.0
10109954SILVAA_2025-08-26_G27,10109954SILVAA,2025-08-26,118299,1,12,0,631.0
10109954SILVAA_2025-08-26_G28,10109954SILVAA,2025-08-26,110371,1,10,0,164.0
10109954SILVAA_2025-08-26_G29,10109954SILVAA,2025-08-26,110374,1,4,0,160.0
10109954SILVAA_2025-08-26_G30,10109954SILVAA,2025-08-26,118306,2,4,7,1433.0
10109954SILVAA_2025-08-26_G31,10109954SILVAA,2025-08-26,111430,1,2,0,209.0
10109954SILVAA_2025-08-26_G32,10109954SILVAA,2025-08-26,110895,1,1,0,131.0
10109954SILVAA_2025-08-26_G33,10109954SILVAA,2025-08-26,110755,1,4,0,123.0
10109954SILVAA_2025-08-26_G34,10109954SILVAA,2025-08-26,117834,1,2,0,97.0
10109954SILVAA_2025-08-26_G35,10109954SILVAA,2025-08-26,117835,1,2,0,105.0
10109954SILVAA_2025-08-26_G36,10109954SILVAA,2025-08-26,"117862, 117855",2,12,29,101.0
10109954SILVAA_2025-08-26_G37,10109954SILVAA,2025-08-26,107629,1,4,0,116.0
10109954SILVAA_2025-08-26_G38,10109954SILVAA,2025-08-26,117856,1,2,0,66.0
10109954SILVAA_2025-08-26_G39,10109954SILVAA,2025-08-26,111602,3,8,14,71.0
10109954SILVAA_2025-08-26_G40,10109954SILVAA,2025-08-26,110339,1,6,0,207.0
10109954SILVAA_2025-08-26_G41,10109954SILVAA,2025-08-26,110515,2,8,9,177.0
10109954SILVAA_2025-08-26_G42,10109954SILVAA,2025-08-26,111469,1,3,0,328.0
10109954SILVAA_2025-08-26_G43,10109954SILVAA,2025-08-26,117785,1,2,0,92.0
10109954SILVAA_2025-08-26_G44,10109954SILVAA,2025-08-26,108711,1,2,0,49.0
10109954SILVAA_2025-08-26_G45,10109954SILVAA,2025-08-26,111463,3,14,15,39.0
10109954SILVAA_2025-08-26_G46,10109954SILVAA,2025-08-26,111431,1,1,0,145.0
10109954SILVAA_2025-08-26_G47,10109954SILVAA,2025-08-26,141456,1,6,0,65.0
10109954SILVAA_2025-08-26_G48,10109954SILVAA,2025-08-26,111418,1,20,0,441.0
10109954SILVAA_2025-08-26_G49,10109954SILVAA,2025-08-26,118140,3,16,26,184.0
10109954SILVAA_2025-08-26_G50,10109954SILVAA,2025-08-26,109641,2,6,7,258.0
10109954SILVAA_2025-08-26_G51,10109954SILVAA,2025-08-26,111433,1,2,0,129.0
10109954SILVAA_2025-08-26_G52,10109954SILVAA,2025-08-26,111462,3,12,13,306.0
10109954SILVAA_2025-08-26_G53,10109954SILVAA,2025-08-26,110740,1,2,0,119.0
10109954SILVAA_2025-08-26_G54,10109954SILVAA,2025-08-26,111465,1,2,0,67.0
10109954SILVAA_2025-08-26_G55,10109954SILVAA,2025-08-26,110374,1,4,0,107.0
10109954SILVAA_2025-08-26_G56,10109954SILVAA,2025-08-26,110375,1,2,0,113.0
10109954SILVAA_2025-08-26_G57,10109954SILVAA,2025-08-26,110374,1,4,0,97.0
10109954SILVAA_2025-08-26_G58,10109954SILVAA,2025-08-26,110372,1,5,0,97.0
10109954SILVAA_2025-08-26_G59,10109954SILVAA,2025-08-26,117820,1,30,0,1682.0
10109954SILVAA_2025-08-26_G60,10109954SILVAA,2025-08-26,141047,1,4,0,354.0
10109954SILVAA_2025-08-26_G61,10109954SILVAA,2025-08-26,117832,1,4,0,93.0
10109954SILVAA_2025-08-26_G62,10109954SILVAA,2025-08-26,117831,1,2,0,114.0
10109954SILVAA_2025-08-26_G63,10109954SILVAA,2025-08-26,"108795, 117785",2,6,21,90.0
10109954SILVAA_2025-08-26_G65,10109954SILVAA,2025-08-26,117836,1,2,0,292.0
10109954SILVAA_2025-08-26_G66,10109954SILVAA,2025-08-26,111530,3,36,17,416.0
10109954SILVAA_2025-08-26_G67,10109954SILVAA,2025-08-26,117854,3,13,26,428.0
10109954SILVAA_2025-08-26_G68,10109954SILVAA,2025-08-26,108772,1,14,0,600.0
10109954SILVAA_2025-08-26_G69,10109954SILVAA,2025-08-26,111446,1,4,0,122.0
10109954SILVAA_2025-08-26_G70,10109954SILVAA,2025-08-26,"111446, 111469",10,51,102,32.0
10109954SILVAA_2025-08-26_G71,10109954SILVAA,2025-08-26,111469,2,12,9,481.0
10109954SILVAA_2025-08-26_G72,10109954SILVAA,2025-08-26,111532,3,14,18,823.0
10109954SILVAA_2025-08-26_G73,10109954SILVAA,2025-08-26,110332,2,6,6,352.0
10109954SILVAA_2025-08-26_G74,10109954SILVAA,2025-08-26,117820,17,76,146,155.0
10109954SILVAA_2025-08-26_G75,10109954SILVAA,2025-08-26,117840,1,2,0,203.0
10109954SILVAA_2025-08-26_G76,10109954SILVAA,2025-08-26,117832,1,4,0,173.0
10109954SILVAA_2025-08-26_G77,10109954SILVAA,2025-08-26,109640,1,6,0,921.0
10109954SILVAA_2025-08-26_G78,10109954SILVAA,2025-08-26,109640,1,10,0,109.0
10109954SILVAA_2025-08-28_G02,10109954SILVAA,2025-08-28,110080,1,1,0,460.0
10109954SILVAA_2025-08-28_G03,10109954SILVAA,2025-08-28,118320,1,4,0,553.0
10109954SILVAA_2025-08-28_G04,10109954SILVAA,2025-08-28,118253,1,1,0,585.0
10109954SILVAA_2025-08-28_G05,10109954SILVAA,2025-08-28,118251,1,6,0,94.0
10109954SILVAA_2025-08-28_G06,10109954SILVAA,2025-08-28,141370,1,4,0,402.0
10109954SILVAA_2025-08-28_G07,10109954SILVAA,2025-08-28,118290,1,16,0,531.0
10109954SILVAA_2025-08-28_G08,10109954SILVAA,2025-08-28,117935,1,80,0,270.0
10109954SILVAA_2025-08-28_G09,10109954SILVAA,2025-08-28,110733,1,10,0,212.0
10109954SILVAA_2025-08-28_G10,10109954SILVAA,2025-08-28,117837,1,22,0,536.0
10109954SILVAA_2025-08-28_G11,10109954SILVAA,2025-08-28,115209,1,4,0,1320.0
10109954SILVAA_2025-08-28_G12,10109954SILVAA,2025-08-28,140922,1,8,0,86.0
10109954SILVAA_2025-08-28_G13,10109954SILVAA,2025-08-28,118317,1,60,0,250.0
10109954SILVAA_2025-08-28_G14,10109954SILVAA,2025-08-28,111418,1,30,0,670.0
10109954SILVAA_2025-08-28_G15,10109954SILVAA,2025-08-28,118140,1,40,0,515.0
10109954SILVAA_2025-08-28_G16,10109954SILVAA,2025-08-28,109649,1,16,0,545.0
10109954SILVAA_2025-08-28_G17,10109954SILVAA,2025-08-28,117808,1,682,0,162.0
10109954SILVAA_2025-08-28_G18,10109954SILVAA,2025-08-28,117822,1,6,0,671.0
10109954SILVAA_2025-08-28_G20,10109954SILVAA,2025-08-28,117856,1,2,0,116.0
10109954SILVAA_2025-08-28_G21,10109954SILVAA,2025-08-28,111602,1,6,0,133.0
10109954SILVAA_2025-08-28_G22,10109954SILVAA,2025-08-28,118140,1,11,0,98.0
10109954SILVAA_2025-08-28_G23,10109954SILVAA,2025-08-28,"111469, 111466",2,11,12,95.0
10109954SILVAA_2025-08-28_G24,10109954SILVAA,2025-08-28,111462,1,6,0,146.0
10109954SILVAA_2025-08-28_G25,10109954SILVAA,2025-08-28,110372,1,96,0,1010.0
10109954SILVAA_2025-08-28_G26,10109954SILVAA,2025-08-28,118306,1,3,0,448.0
10109954SILVAA_2025-08-28_G27,10109954SILVAA,2025-08-28,108759,1,4,0,87.0
10109954SILVAA_2025-08-28_G28,10109954SILVAA,2025-08-28,111430,1,8,0,151.0
10109954SILVAA_2025-08-28_G29,10109954SILVAA,2025-08-28,118290,1,4,0,151.0
10109954SILVAA_2025-08-28_G30,10109954SILVAA,2025-08-28,100334,1,8,0,82.0
10109954SILVAA_2025-08-28_G31,10109954SILVAA,2025-08-28,110754,1,7,0,150.0
10109954SILVAA_2025-08-28_G32,10109954SILVAA,2025-08-28,110756,1,10,0,345.0
10109954SILVAA_2025-08-28_G33,10109954SILVAA,2025-08-28,110313,1,15,0,219.0
10109954SILVAA_2025-08-28_G34,10109954SILVAA,2025-08-28,117935,4,52,47,344.0
10109954SILVAA_2025-08-28_G35,10109954SILVAA,2025-08-28,117854,1,19,0,437.0
10109954SILVAA_2025-08-28_G37,10109954SILVAA,2025-08-28,111530,1,20,0,130.0
10109954SILVAA_2025-08-28_G38,10109954SILVAA,2025-08-28,111435,1,7,0,393.0
10109954SILVAA_2025-08-28_G39,10109954SILVAA,2025-08-28,116241,1,5,0,106.0
10109954SILVAA_2025-08-28_G40,10109954SILVAA,2025-08-28,111431,1,3,0,119.0
10109954SILVAA_2025-08-28_G41,10109954SILVAA,2025-08-28,117842,1,4,0,64.0
10109954SILVAA_2025-08-28_G42,10109954SILVAA,2025-08-28,111443,1,14,0,124.0
10109954SILVAA_2025-08-28_G43,10109954SILVAA,2025-08-28,117840,1,10,0,529.0
10109954SILVAA_2025-08-28_G44,10109954SILVAA,2025-08-28,111444,1,13,0,77.0
10109954SILVAA_2025-08-29_G02,10109954SILVAA,2025-08-29,108772,1,4,0,123.0
10109954SILVAA_2025-08-29_G03,10109954SILVAA,2025-08-29,117935,1,18,0,111.0
10109954SILVAA_2025-08-29_G04,10109954SILVAA,2025-08-29,108772,1,4,0,1266.0
10109954SILVAA_2025-08-29_G05,10109954SILVAA,2025-08-29,110313,1,6,0,157.0
10109954SILVAA_2025-08-29_G06,10109954SILVAA,2025-08-29,117935,2,8,7,171.0
10109954SILVAA_2025-08-29_G07,10109954SILVAA,2025-08-29,108772,1,8,0,184.0
10109954SILVAA_2025-08-29_G08,10109954SILVAA,2025-08-29,111441,1,38,0,657.0
10109954SILVAA_2025-08-29_G09,10109954SILVAA,2025-08-29,111530,1,21,0,377.0
10109954SILVAA_2025-08-29_G10,10109954SILVAA,2025-08-29,111441,3,22,17,294.0
10109954SILVAA_2025-08-29_G11,10109954SILVAA,2025-08-29,118140,1,8,0,454.0
10109954SILVAA_2025-08-29_G12,10109954SILVAA,2025-08-29,110895,1,2,0,1784.0
10109954SILVAA_2025-08-29_G13,10109954SILVAA,2025-08-29,111530,1,4,0,110.0
10109954SILVAA_2025-08-29_G14,10109954SILVAA,2025-08-29,117853,1,2,0,108.0
10109954SILVAA_2025-08-29_G15,10109954SILVAA,2025-08-29,141457,1,5,0,123.0
10109954SILVAA_2025-08-29_G16,10109954SILVAA,2025-08-29,111466,1,1,0,64.0
10109954SILVAA_2025-08-29_G17,10109954SILVAA,2025-08-29,111465,1,6,0,80.0
10109954SILVAA_2025-08-29_G18,10109954SILVAA,2025-08-29,107830,1,2,0,126.0
10109954SILVAA_2025-08-29_G19,10109954SILVAA,2025-08-29,117808,1,4,0,57.0
10109954SILVAA_2025-08-29_G20,10109954SILVAA,2025-08-29,110325,1,6,0,269.0
10109954SILVAA_2025-08-29_G21,10109954SILVAA,2025-08-29,118299,1,4,0,127.0
10109954SILVAA_2025-08-29_G22,10109954SILVAA,2025-08-29,110372,1,3,0,65.0
10109954SILVAA_2025-08-29_G23,10109954SILVAA,2025-08-29,108772,1,1,0,210.0
10109954SILVAA_2025-08-29_G24,10109954SILVAA,2025-08-29,111462,1,10,0,108.0
10109954SILVAA_2025-08-29_G25,10109954SILVAA,2025-08-29,110376,1,4,0,198.0
10109954SILVAA_2025-08-29_G26,10109954SILVAA,2025-08-29,117785,1,20,0,134.0
10109954SILVAA_2025-08-29_G27,10109954SILVAA,2025-08-29,111530,1,40,0,1005.0
10109954SILVAA_2025-08-29_G28,10109954SILVAA,2025-08-29,111463,1,30,0,217.0
10109954SILVAA_2025-08-29_G29,10109954SILVAA,2025-08-29,110711,1,13,0,782.0
10109954SILVAA_2025-08-29_G30,10109954SILVAA,2025-08-29,111438,1,2,0,332.0
10109954SILVAA_2025-08-29_G31,10109954SILVAA,2025-08-29,110339,1,2,0,93.0
10109954SILVAA_2025-08-29_G32,10109954SILVAA,2025-08-29,109640,1,1,0,97.0
10109954SILVAA_2025-08-29_G33,10109954SILVAA,2025-08-29,107236,1,4,0,64.0
10109954SILVAA_2025-08-29_G34,10109954SILVAA,2025-08-29,111348,1,1,0,538.0
10109954SILVAA_2025-08-29_G35,10109954SILVAA,2025-08-29,117808,1,4,0,717.0
10109954SILVAA_2025-08-29_G36,10109954SILVAA,2025-08-29,118299,1,11,0,69.0
10109954SILVAA_2025-08-29_G37,10109954SILVAA,2025-08-29,110373,1,1,0,177.0
10109954SILVAA_2025-08-29_G38,10109954SILVAA,2025-08-29,110372,1,3,0,75.0
10109954SILVAA_2025-08-29_G40,10109954SILVAA,2025-08-29,111876,1,8,0,361.0
10109954SILVAA_2025-08-29_G41,10109954SILVAA,2025-08-29,117856,1,4,0,427.0
10109954SILVAA_2025-08-29_G42,10109954SILVAA,2025-08-29,108772,1,4,0,198.0
10109954SILVAA_2025-08-29_G43,10109954SILVAA,2025-08-29,109640,1,12,0,317.0
10109954SILVAA_2025-08-29_G44,10109954SILVAA,2025-08-29,111439,1,8,0,773.0
10109954SILVAA_2025-08-29_G45,10109954SILVAA,2025-08-29,110515,1,24,0,1293.0
10109954SILVAA_2025-08-29_G46,10109954SILVAA,2025-08-29,111602,1,20,0,298.0
10109954SILVAA_2025-08-29_G47,10109954SILVAA,2025-08-29,111530,1,16,0,545.0
10109954SILVAA_2025-08-30_G02,10109954SILVAA,2025-08-30,110313,1,2,0,167.0
10109954SILVAA_2025-08-30_G03,10109954SILVAA,2025-08-30,111530,1,9,0,130.0
10109954SILVAA_2025-08-30_G04,10109954SILVAA,2025-08-30,111330,1,2,0,88.0
10109954SILVAA_2025-08-30_G05,10109954SILVAA,2025-08-30,110313,1,4,0,225.0
10109954SILVAA_2025-08-30_G06,10109954SILVAA,2025-08-30,110711,1,4,0,123.0
10109954SILVAA_2025-08-30_G07,10109954SILVAA,2025-08-30,111466,1,30,0,352.0
10109954SILVAA_2025-08-30_G08,10109954SILVAA,2025-08-30,117808,1,100,0,549.0
10109954SILVAA_2025-08-30_G09,10109954SILVAA,2025-08-30,111740,1,51,0,2105.0
10109954SILVAA_2025-08-30_G10,10109954SILVAA,2025-08-30,110313,1,8,0,682.0
10109954SILVAA_2025-08-30_G11,10109954SILVAA,2025-08-30,110711,1,4,0,126.0
10109954SILVAA_2025-08-30_G12,10109954SILVAA,2025-08-30,111742,1,18,0,1127.0
10109954SILVAA_2025-08-30_G13,10109954SILVAA,2025-08-30,111469,1,10,0,477.0
10109954SILVAA_2025-08-30_G14,10109954SILVAA,2025-08-30,111462,1,20,0,132.0
10109954SILVAA_2025-08-30_G15,10109954SILVAA,2025-08-30,110313,1,8,0,297.0
10109954SILVAA_2025-08-30_G16,10109954SILVAA,2025-08-30,111462,1,20,0,630.0
10109954SILVAA_2025-08-30_G17,10109954SILVAA,2025-08-30,111469,1,10,0,278.0
10109954SILVAA_2025-08-30_G18,10109954SILVAA,2025-08-30,110313,1,8,0,208.0
10109954SILVAA_2025-08-30_G19,10109954SILVAA,2025-08-30,117808,1,50,0,1070.0
10109954SILVAA_2025-08-30_G20,10109954SILVAA,2025-08-30,110711,1,4,0,1098.0
10109954SILVAA_2025-08-30_G21,10109954SILVAA,2025-08-30,110313,1,4,0,179.0
10109954SILVAA_2025-08-30_G22,10109954SILVAA,2025-08-30,110711,1,4,0,391.0
10109954SILVAA_2025-08-30_G23,10109954SILVAA,2025-08-30,110313,1,4,0,43.0
10109954SILVAA_2025-08-30_G24,10109954SILVAA,2025-08-30,118299,1,24,0,320.0
10109954SILVAA_2025-08-30_G25,10109954SILVAA,2025-08-30,117832,1,4,0,143.0
10109954SILVAA_2025-08-30_G26,10109954SILVAA,2025-08-30,105705,1,3,0,170.0
10109954SILVAA_2025-08-30_G27,10109954SILVAA,2025-08-30,111330,1,10,0,154.0
10109954SILVAA_2025-08-30_G28,10109954SILVAA,2025-08-30,140922,1,16,0,731.0
10109954SILVAA_2025-08-30_G29,10109954SILVAA,2025-08-30,111418,1,18,0,320.0
10109954SILVAA_2025-08-30_G30,10109954SILVAA,2025-08-30,111462,1,30,0,401.0
10109954SILVAA_2025-08-30_G31,10109954SILVAA,2025-08-30,117808,1,99,0,484.0
10109954SILVAA_2025-08-30_G32,10109954SILVAA,2025-08-30,110374,1,50,0,407.0
10109954SILVAA_2025-08-30_G33,10109954SILVAA,2025-08-30,117830,1,3,0,1619.0
10109954SILVAA_2025-08-30_G34,10109954SILVAA,2025-08-30,117787,1,2,0,572.0
10109954SILVAA_2025-08-30_G35,10109954SILVAA,2025-08-30,117862,1,2,0,104.0
10109954SILVAA_2025-08-30_G36,10109954SILVAA,2025-08-30,140911,1,4,0,228.0
10109954SILVAA_2025-08-30_G37,10109954SILVAA,2025-08-30,111441,1,12,0,440.0
10109954SILVAA_2025-08-30_G38,10109954SILVAA,2025-08-30,111441,1,6,0,302.0
10109954SILVAA_2025-08-30_G39,10109954SILVAA,2025-08-30,118306,1,2,0,82.0
10109954SILVAA_2025-08-30_G40,10109954SILVAA,2025-08-30,110313,1,2,0,129.0
10109954SILVAA_2025-08-30_G41,10109954SILVAA,2025-08-30,110313,1,6,0,70.0
10109954SILVAA_2025-08-30_G43,10109954SILVAA,2025-08-30,111569,1,4,0,1219.0
10109954SILVAA_2025-08-31_G02,10109954SILVAA,2025-08-31,111469,1,4,0,180.0
10109954SILVAA_2025-08-31_G03,10109954SILVAA,2025-08-31,117831,1,8,0,105.0
10109954SILVAA_2025-08-31_G04,10109954SILVAA,2025-08-31,117832,1,2,0,129.0
10109954SILVAA_2025-08-31_G05,10109954SILVAA,2025-08-31,111602,1,8,0,985.0
10109954SILVAA_2025-08-31_G06,10109954SILVAA,2025-08-31,110313,1,3,0,246.0
10109954SILVAA_2025-08-31_G07,10109954SILVAA,2025-08-31,140922,1,11,0,107.0
10109954SILVAA_2025-08-31_G08,10109954SILVAA,2025-08-31,111743,1,8,0,198.0
10109954SILVAA_2025-08-31_G09,10109954SILVAA,2025-08-31,110373,1,4,0,40.0
10109954SILVAA_2025-08-31_G10,10109954SILVAA,2025-08-31,110325,1,2,0,151.0
10109954SILVAA_2025-08-31_G11,10109954SILVAA,2025-08-31,110372,1,12,0,377.0
10109954SILVAA_2025-08-31_G12,10109954SILVAA,2025-08-31,110372,1,14,0,103.0
10109954SILVAA_2025-08-31_G13,10109954SILVAA,2025-08-31,160051,1,6,0,1692.0
10109954SILVAA_2025-08-31_G14,10109954SILVAA,2025-08-31,160055,1,6,0,177.0
10109954SILVAA_2025-08-31_G15,10109954SILVAA,2025-08-31,111441,1,6,0,115.0
10109954SILVAA_2025-08-31_G16,10109954SILVAA,2025-08-31,111330,1,4,0,286.0
10109954SILVAA_2025-08-31_G17,10109954SILVAA,2025-08-31,160051,1,4,0,411.0
10109954SILVAA_2025-08-31_G18,10109954SILVAA,2025-08-31,160055,1,4,0,125.0
10109954SILVAA_2025-08-31_G19,10109954SILVAA,2025-08-31,117935,1,2,0,1310.0
10109954SILVAA_2025-08-31_G20,10109954SILVAA,2025-08-31,111441,1,10,0,120.0
10109954SILVAA_2025-08-31_G21,10109954SILVAA,2025-08-31,117835,1,2,0,206.0
10109954SILVAA_2025-08-31_G22,10109954SILVAA,2025-08-31,117935,1,1,0,121.0
10109954SILVAA_2025-08-31_G23,10109954SILVAA,2025-08-31,111441,2,19,17,751.0
10109954SILVAA_2025-08-31_G24,10109954SILVAA,2025-08-31,111602,1,3,0,626.0
10109954SILVAA_2025-08-31_G25,10109954SILVAA,2025-08-31,111418,2,10,7,60.0
10109954SILVAA_2025-08-31_G26,10109954SILVAA,2025-08-31,111469,1,7,0,75.0
10109954SILVAA_2025-08-31_G27,10109954SILVAA,2025-08-31,111462,1,2,0,114.0
10109954SILVAA_2025-08-31_G28,10109954SILVAA,2025-08-31,111348,1,4,0,49.0
10109954SILVAA_2025-08-31_G29,10109954SILVAA,2025-08-31,110373,1,4,0,157.0
10109954SILVAA_2025-08-31_G30,10109954SILVAA,2025-08-31,118299,1,3,0,74.0
10109954SILVAA_2025-08-31_G31,10109954SILVAA,2025-08-31,110371,1,8,0,68.0
10109954SILVAA_2025-08-31_G32,10109954SILVAA,2025-08-31,117808,1,18,0,123.0
10109954SILVAA_2025-08-31_G33,10109954SILVAA,2025-08-31,141202,1,3,0,188.0
10109954SILVAA_2025-08-31_G34,10109954SILVAA,2025-08-31,117809,1,2,0,41.0
10109954SILVAA_2025-08-31_G35,10109954SILVAA,2025-08-31,110372,1,8,0,518.0
10109954SILVAA_2025-08-31_G37,10109954SILVAA,2025-08-31,111530,1,2,0,751.0
10109954SILVAA_2025-08-31_G38,10109954SILVAA,2025-08-31,109640,1,2,0,89.0
10109954SILVAA_2025-08-31_G39,10109954SILVAA,2025-08-31,109640,1,2,0,82.0
10109954SILVAA_2025-08-31_G40,10109954SILVAA,2025-08-31,141140,1,6,0,601.0
10109954SILVAA_2025-09-04_G02,10109954SILVAA,2025-09-04,108759,1,4,0,253.0
10109954SILVAA_2025-09-04_G03,10109954SILVAA,2025-09-04,110747,1,10,0,1046.0
10109954SILVAA_2025-09-06_G02,10109954SILVAA,2025-09-06,111754,1,47,0,740.0
10109954SILVAA_2025-09-06_G04,10109954SILVAA,2025-09-06,111761,1,23,0,3061.0
10109954SILVAA_2025-09-06_G05,10109954SILVAA,2025-09-06,111742,2,32,5,848.0
10109954SILVAA_2025-09-06_G06,10109954SILVAA,2025-09-06,141249,1,8,0,1731.0
10109954SILVAA_2025-09-06_G07,10109954SILVAA,2025-09-06,109974,1,1,0,680.0
10109954SILVAA_2025-09-06_G08,10109954SILVAA,2025-09-06,100334,2,9,12,279.0
10109954SILVAA_2025-09-06_G09,10109954SILVAA,2025-09-06,117808,1,500,0,2261.0
10109954SILVAA_2025-09-06_G11,10109954SILVAA,2025-09-06,117830,1,18,0,235.0
10109954SILVAA_2025-09-06_G12,10109954SILVAA,2025-09-06,141202,1,14,0,97.0
10109954SILVAA_2025-09-06_G13,10109954SILVAA,2025-09-06,117840,1,10,0,190.0
10109954SILVAA_2025-09-06_G14,10109954SILVAA,2025-09-06,110372,1,131,0,348.0
10109954SILVAA_2025-09-06_G15,10109954SILVAA,2025-09-06,110371,1,21,0,178.0
10109954SILVAA_2025-09-06_G16,10109954SILVAA,2025-09-06,110373,1,45,0,351.0
10109954SILVAA_2025-09-08_G02,10109954SILVAA,2025-09-08,110515,1,3,0,146.0
10109954SILVAA_2025-09-08_G03,10109954SILVAA,2025-09-08,118140,2,29,14,1366.0
10109954SILVAA_2025-09-08_G04,10109954SILVAA,2025-09-08,140922,1,2,0,682.0
10109954SILVAA_2025-09-08_G05,10109954SILVAA,2025-09-08,108798,1,1,0,64.0
10109954SILVAA_2025-09-08_G06,10109954SILVAA,2025-09-08,110787,1,3,0,2071.0
10109954SILVAA_2025-09-08_G07,10109954SILVAA,2025-09-08,117821,2,5,11,96.0
10109954SILVAA_2025-09-08_G08,10109954SILVAA,2025-09-08,111532,1,6,0,119.0
10109954SILVAA_2025-09-08_G09,10109954SILVAA,2025-09-08,111469,1,1,0,74.0
10109954SILVAA_2025-09-08_G10,10109954SILVAA,2025-09-08,111466,1,7,0,43.0
10109954SILVAA_2025-09-08_G11,10109954SILVAA,2025-09-08,107236,2,8,6,570.0
10109954SILVAA_2025-09-08_G12,10109954SILVAA,2025-09-08,111330,1,4,0,83.0
10109954SILVAA_2025-09-08_G13,10109954SILVAA,2025-09-08,110740,1,2,0,88.0
10109954SILVAA_2025-09-08_G14,10109954SILVAA,2025-09-08,117808,1,8,0,461.0
10109954SILVAA_2025-09-08_G15,10109954SILVAA,2025-09-08,110374,2,10,10,65.0
10109954SILVAA_2025-09-08_G16,10109954SILVAA,2025-09-08,110371,2,28,20,189.0
10109954SILVAA_2025-09-08_G17,10109954SILVAA,2025-09-08,117822,1,4,0,208.0
10109954SILVAA_2025-09-08_G18,10109954SILVAA,2025-09-08,110755,1,8,0,1177.0
10109954SILVAA_2025-09-08_G19,10109954SILVAA,2025-09-08,141313,1,2,0,285.0
10109954SILVAA_2025-09-08_G20,10109954SILVAA,2025-09-08,110742,1,4,0,1103.0
10109954SILVAA_2025-09-08_G21,10109954SILVAA,2025-09-08,111430,1,4,0,134.0
10109954SILVAA_2025-09-08_G22,10109954SILVAA,2025-09-08,110747,1,4,0,114.0
10109954SILVAA_2025-09-08_G23,10109954SILVAA,2025-09-08,110752,1,6,0,311.0
10109954SILVAA_2025-09-08_G24,10109954SILVAA,2025-09-08,109640,1,2,0,210.0
10109954SILVAA_2025-09-08_G25,10109954SILVAA,2025-09-08,108711,1,4,0,76.0
10109954SILVAA_2025-09-08_G26,10109954SILVAA,2025-09-08,109645,1,1,0,161.0
10109954SILVAA_2025-09-08_G27,10109954SILVAA,2025-09-08,108794,1,4,0,59.0
10109954SILVAA_2025-09-08_G28,10109954SILVAA,2025-09-08,111462,1,5,0,122.0
10109954SILVAA_2025-09-08_G29,10109954SILVAA,2025-09-08,141823,1,2,0,61.0
10109954SILVAA_2025-09-08_G30,10109954SILVAA,2025-09-08,110374,1,4,0,107.0
10109954SILVAA_2025-09-08_G31,10109954SILVAA,2025-09-08,117820,1,4,0,45.0
10109954SILVAA_2025-09-08_G32,10109954SILVAA,2025-09-08,110371,1,14,0,411.0
10109954SILVAA_2025-09-08_G33,10109954SILVAA,2025-09-08,110373,1,20,0,102.0
10109954SILVAA_2025-09-08_G34,10109954SILVAA,2025-09-08,117809,1,1,0,260.0
10109954SILVAA_2025-09-08_G35,10109954SILVAA,2025-09-08,111438,1,2,0,495.0
10109954SILVAA_2025-09-08_G36,10109954SILVAA,2025-09-08,111441,1,4,0,133.0
10109954SILVAA_2025-09-08_G37,10109954SILVAA,2025-09-08,110339,1,1,0,159.0
10109954SILVAA_2025-09-08_G38,10109954SILVAA,2025-09-08,111463,2,10,7,74.0
10109954SILVAA_2025-09-08_G39,10109954SILVAA,2025-09-08,108711,1,4,0,128.0
10109954SILVAA_2025-09-08_G40,10109954SILVAA,2025-09-08,111418,1,4,0,144.0
10109954SILVAA_2025-09-08_G41,10109954SILVAA,2025-09-08,107236,1,2,0,236.0
10109954SILVAA_2025-09-08_G42,10109954SILVAA,2025-09-08,111330,1,4,0,186.0
10109954SILVAA_2025-09-08_G43,10109954SILVAA,2025-09-08,111468,1,2,0,114.0
10109954SILVAA_2025-09-08_G44,10109954SILVAA,2025-09-08,111465,1,4,0,66.0
10109954SILVAA_2025-09-08_G45,10109954SILVAA,2025-09-08,118299,1,5,0,50.0
10109954SILVAA_2025-09-08_G46,10109954SILVAA,2025-09-08,110372,1,11,0,633.0
10109954SILVAA_2025-09-08_G47,10109954SILVAA,2025-09-08,110373,1,10,0,197.0
10109954SILVAA_2025-09-08_G48,10109954SILVAA,2025-09-08,111441,1,2,0,595.0
10109954SILVAA_2025-09-08_G50,10109954SILVAA,2025-09-08,116241,1,14,0,1543.0
10109954SILVAA_2025-09-08_G51,10109954SILVAA,2025-09-08,108711,1,9,0,194.0
10109954SILVAA_2025-09-08_G52,10109954SILVAA,2025-09-08,111469,1,10,0,759.0
10109954SILVAA_2025-09-08_G53,10109954SILVAA,2025-09-08,111466,2,18,7,41.0
10109954SILVAA_2025-09-08_G54,10109954SILVAA,2025-09-08,107236,1,18,0,492.0
10109954SILVAA_2025-09-08_G55,10109954SILVAA,2025-09-08,111462,1,5,0,309.0
10109954SILVAA_2025-09-08_G56,10109954SILVAA,2025-09-08,117831,1,2,0,83.0
10109954SILVAA_2025-09-08_G57,10109954SILVAA,2025-09-08,111348,1,8,0,145.0
10109954SILVAA_2025-09-08_G58,10109954SILVAA,2025-09-08,141823,2,46,18,203.0
10109954SILVAA_2025-09-08_G59,10109954SILVAA,2025-09-08,107830,1,4,0,733.0
10109954SILVAA_2025-09-08_G60,10109954SILVAA,2025-09-08,109643,1,5,0,65.0
10109954SILVAA_2025-09-08_G61,10109954SILVAA,2025-09-08,110373,1,2,0,689.0
10109954SILVAA_2025-09-08_G62,10109954SILVAA,2025-09-08,117830,1,6,0,62.0
10109954SILVAA_2025-09-08_G63,10109954SILVAA,2025-09-08,110373,1,87,0,549.0
10109954SILVAA_2025-09-08_G64,10109954SILVAA,2025-09-08,118140,1,11,0,404.0
10109954SILVAA_2025-09-08_G65,10109954SILVAA,2025-09-08,111463,1,2,0,122.0
10109954SILVAA_2025-09-08_G66,10109954SILVAA,2025-09-08,109645,1,2,0,82.0
10109954SILVAA_2025-09-08_G67,10109954SILVAA,2025-09-08,111466,1,6,0,98.0
10109954SILVAA_2025-09-08_G68,10109954SILVAA,2025-09-08,111462,1,5,0,108.0
10109954SILVAA_2025-09-09_G02,10109954SILVAA,2025-09-09,111655,1,8,0,159.0
10109954SILVAA_2025-09-09_G03,10109954SILVAA,2025-09-09,111660,1,5,0,304.0
10109954SILVAA_2025-09-09_G04,10109954SILVAA,2025-09-09,110747,1,14,0,167.0
10109954SILVAA_2025-09-09_G05,10109954SILVAA,2025-09-09,118222,1,50,0,1149.0
10109954SILVAA_2025-09-09_G06,10109954SILVAA,2025-09-09,111438,1,22,0,425.0
10109954SILVAA_2025-09-09_G07,10109954SILVAA,2025-09-09,111569,1,52,0,562.0
10109954SILVAA_2025-09-09_G08,10109954SILVAA,2025-09-09,110741,1,8,0,1339.0
10109954SILVAA_2025-09-09_G09,10109954SILVAA,2025-09-09,107629,1,4,0,137.0
10109954SILVAA_2025-09-09_G10,10109954SILVAA,2025-09-09,117935,1,4,0,82.0
10109954SILVAA_2025-09-09_G11,10109954SILVAA,2025-09-09,110733,1,8,0,103.0
10109954SILVAA_2025-09-09_G12,10109954SILVAA,2025-09-09,118094,1,8,0,205.0
10109954SILVAA_2025-09-09_G13,10109954SILVAA,2025-09-09,110743,1,4,0,376.0
10109954SILVAA_2025-09-09_G14,10109954SILVAA,2025-09-09,111433,1,2,0,70.0
10109954SILVAA_2025-09-09_G15,10109954SILVAA,2025-09-09,118140,1,7,0,131.0
10109954SILVAA_2025-09-09_G16,10109954SILVAA,2025-09-09,117821,1,14,0,260.0
10109954SILVAA_2025-09-09_G17,10109954SILVAA,2025-09-09,105705,1,13,0,151.0
10109954SILVAA_2025-09-09_G18,10109954SILVAA,2025-09-09,141457,1,8,0,379.0
10109954SILVAA_2025-09-09_G19,10109954SILVAA,2025-09-09,111466,2,16,8,93.0
10109954SILVAA_2025-09-09_G20,10109954SILVAA,2025-09-09,117831,1,8,0,275.0
10109954SILVAA_2025-09-09_G21,10109954SILVAA,2025-09-09,111442,1,8,0,127.0
10109954SILVAA_2025-09-09_G22,10109954SILVAA,2025-09-09,140922,1,6,0,312.0
10109954SILVAA_2025-09-09_G23,10109954SILVAA,2025-09-09,118317,1,11,0,174.0
10109954SILVAA_2025-09-09_G24,10109954SILVAA,2025-09-09,111463,1,12,0,98.0
10109954SILVAA_2025-09-09_G25,10109954SILVAA,2025-09-09,111532,1,18,0,282.0
10109954SILVAA_2025-09-09_G26,10109954SILVAA,2025-09-09,111469,2,30,5,294.0
10109954SILVAA_2025-09-09_G27,10109954SILVAA,2025-09-09,117785,1,100,0,662.0
10109954SILVAA_2025-09-09_G28,10109954SILVAA,2025-09-09,109643,1,8,0,124.0
10109954SILVAA_2025-09-09_G29,10109954SILVAA,2025-09-09,117820,1,2,0,110.0
10109954SILVAA_2025-09-09_G30,10109954SILVAA,2025-09-09,117820,1,60,0,45.0
10109954SILVAA_2025-09-09_G31,10109954SILVAA,2025-09-09,110372,1,5,0,90.0
10109954SILVAA_2025-09-09_G32,10109954SILVAA,2025-09-09,117832,1,14,0,52.0
10109954SILVAA_2025-09-09_G33,10109954SILVAA,2025-09-09,117830,1,26,0,307.0
10109954SILVAA_2025-09-09_G34,10109954SILVAA,2025-09-09,110373,2,44,6,1056.0
10109954SILVAA_2025-09-09_G35,10109954SILVAA,2025-09-09,117808,1,323,0,2278.0
10109954SILVAA_2025-09-09_G36,10109954SILVAA,2025-09-09,118299,1,352,0,807.0
10109954SILVAA_2025-09-09_G37,10109954SILVAA,2025-09-09,111441,1,18,0,953.0
10109954SILVAA_2025-09-09_G38,10109954SILVAA,2025-09-09,108770,1,6,0,544.0
10109954SILVAA_2025-09-09_G39,10109954SILVAA,2025-09-09,111438,1,8,0,130.0
10109954SILVAA_2025-09-09_G40,10109954SILVAA,2025-09-09,118222,1,7,0,252.0
10109954SILVAA_2025-09-09_G42,10109954SILVAA,2025-09-09,117862,1,4,0,54.0
10109954SILVAA_2025-09-09_G43,10109954SILVAA,2025-09-09,111530,1,6,0,156.0
10109954SILVAA_2025-09-09_G44,10109954SILVAA,2025-09-09,111467,1,3,0,87.0
10109954SILVAA_2025-09-09_G45,10109954SILVAA,2025-09-09,111463,1,5,0,447.0
10109954SILVAA_2025-09-09_G46,10109954SILVAA,2025-09-09,118140,1,12,0,293.0
10109954SILVAA_2025-09-09_G47,10109954SILVAA,2025-09-09,111418,1,17,0,186.0
10109954SILVAA_2025-09-09_G48,10109954SILVAA,2025-09-09,111462,1,4,0,193.0
10109954SILVAA_2025-09-09_G49,10109954SILVAA,2025-09-09,110740,1,11,0,98.0
10109954SILVAA_2025-09-09_G50,10109954SILVAA,2025-09-09,118317,1,7,0,748.0
10109954SILVAA_2025-09-09_G51,10109954SILVAA,2025-09-09,117808,1,14,0,160.0
10109954SILVAA_2025-09-09_G52,10109954SILVAA,2025-09-09,110374,1,11,0,275.0
10109954SILVAA_2025-09-09_G53,10109954SILVAA,2025-09-09,118299,1,5,0,72.0
10109954SILVAA_2025-09-09_G54,10109954SILVAA,2025-09-09,110372,1,10,0,720.0
10109954SILVAA_2025-09-09_G55,10109954SILVAA,2025-09-09,117832,1,8,0,73.0
10109954SILVAA_2025-09-09_G56,10109954SILVAA,2025-09-09,110371,1,17,0,401.0
10109954SILVAA_2025-09-09_G57,10109954SILVAA,2025-09-09,110373,1,5,0,118.0
10109954SILVAA_2025-09-09_G58,10109954SILVAA,2025-09-09,141313,1,2,0,100.0
10109954SILVAA_2025-09-10_G02,10109954SILVAA,2025-09-10,107892,1,8,0,264.0
10109954SILVAA_2025-09-10_G03,10109954SILVAA,2025-09-10,110754,1,8,0,186.0
10109954SILVAA_2025-09-10_G04,10109954SILVAA,2025-09-10,118222,1,46,0,792.0
10109954SILVAA_2025-09-10_G05,10109954SILVAA,2025-09-10,117856,1,30,0,349.0
10109954SILVAA_2025-09-10_G06,10109954SILVAA,2025-09-10,110741,1,17,0,376.0
10109954SILVAA_2025-09-10_G07,10109954SILVAA,2025-09-10,111530,1,20,0,374.0
10109954SILVAA_2025-09-10_G08,10109954SILVAA,2025-09-10,110752,1,16,0,256.0
10109954SILVAA_2025-09-10_G09,10109954SILVAA,2025-09-10,110750,1,5,0,956.0
10109954SILVAA_2025-09-10_G10,10109954SILVAA,2025-09-10,110313,1,53,0,1393.0
10109954SILVAA_2025-09-10_G11,10109954SILVAA,2025-09-10,110753,1,11,0,200.0
10109954SILVAA_2025-09-10_G12,10109954SILVAA,2025-09-10,117809,1,30,0,463.0
10109954SILVAA_2025-09-10_G13,10109954SILVAA,2025-09-10,111418,1,175,0,1663.0
10109954SILVAA_2025-09-10_G15,10109954SILVAA,2025-09-10,100334,1,4,0,109.0
10109954SILVAA_2025-09-10_G16,10109954SILVAA,2025-09-10,110754,1,4,0,139.0
10109954SILVAA_2025-09-10_G17,10109954SILVAA,2025-09-10,109647,1,2,0,138.0
10109954SILVAA_2025-09-10_G18,10109954SILVAA,2025-09-10,117856,1,2,0,82.0
10109954SILVAA_2025-09-10_G19,10109954SILVAA,2025-09-10,110733,3,13,14,99.0
10109954SILVAA_2025-09-10_G20,10109954SILVAA,2025-09-10,111602,1,16,0,280.0
10109954SILVAA_2025-09-10_G21,10109954SILVAA,2025-09-10,111439,1,2,0,178.0
10109954SILVAA_2025-09-10_G22,10109954SILVAA,2025-09-10,111463,1,40,0,258.0
10109954SILVAA_2025-09-10_G23,10109954SILVAA,2025-09-10,118317,1,4,0,334.0
10109954SILVAA_2025-09-10_G24,10109954SILVAA,2025-09-10,117787,1,4,0,110.0
10109954SILVAA_2025-09-10_G25,10109954SILVAA,2025-09-10,108794,1,4,0,95.0
10109954SILVAA_2025-09-10_G26,10109954SILVAA,2025-09-10,105705,1,7,0,85.0
10109954SILVAA_2025-09-10_G27,10109954SILVAA,2025-09-10,111532,1,10,0,1293.0
10109954SILVAA_2025-09-10_G28,10109954SILVAA,2025-09-10,107236,1,2,0,150.0
10109954SILVAA_2025-09-10_G29,10109954SILVAA,2025-09-10,117831,1,20,0,302.0
10109954SILVAA_2025-09-10_G30,10109954SILVAA,2025-09-10,140922,1,12,0,152.0
10109954SILVAA_2025-09-10_G31,10109954SILVAA,2025-09-10,111465,1,8,0,121.0
10109954SILVAA_2025-09-10_G32,10109954SILVAA,2025-09-10,110376,1,2,0,132.0
10109954SILVAA_2025-09-10_G33,10109954SILVAA,2025-09-10,117822,1,1,0,81.0
10109954SILVAA_2025-09-10_G34,10109954SILVAA,2025-09-10,110371,1,14,0,156.0
10109954SILVAA_2025-09-10_G35,10109954SILVAA,2025-09-10,117808,1,30,0,401.0
10109954SILVAA_2025-09-10_G36,10109954SILVAA,2025-09-10,118299,1,30,0,401.0
10109954SILVAA_2025-09-10_G37,10109954SILVAA,2025-09-10,110372,1,40,0,570.0
10109954SILVAA_2025-09-10_G38,10109954SILVAA,2025-09-10,117830,1,18,0,411.0
10109954SILVAA_2025-09-10_G39,10109954SILVAA,2025-09-10,111441,1,1,0,1521.0
10109954SILVAA_2025-09-10_G40,10109954SILVAA,2025-09-10,108759,1,1,0,97.0
10109954SILVAA_2025-09-10_G41,10109954SILVAA,2025-09-10,111430,1,4,0,52.0
10109954SILVAA_2025-09-10_G42,10109954SILVAA,2025-09-10,110742,1,5,0,119.0
10109954SILVAA_2025-09-10_G43,10109954SILVAA,2025-09-10,117834,1,2,0,70.0
10109954SILVAA_2025-09-10_G44,10109954SILVAA,2025-09-10,110755,1,1,0,47.0
10109954SILVAA_2025-09-10_G45,10109954SILVAA,2025-09-10,111861,1,1,0,48.0
10109954SILVAA_2025-09-10_G46,10109954SILVAA,2025-09-10,108770,1,1,0,56.0
10109954SILVAA_2025-09-10_G47,10109954SILVAA,2025-09-10,110623,1,2,0,104.0
10109954SILVAA_2025-09-10_G48,10109954SILVAA,2025-09-10,140911,1,4,0,36.0
10109954SILVAA_2025-09-10_G50,10109954SILVAA,2025-09-10,111660,1,8,0,136.0
10109954SILVAA_2025-09-10_G51,10109954SILVAA,2025-09-10,109471,1,3,0,255.0
10109954SILVAA_2025-09-10_G52,10109954SILVAA,2025-09-10,118222,1,44,0,268.0
10109954SILVAA_2025-09-10_G53,10109954SILVAA,2025-09-10,118416,1,4,0,402.0
10109954SILVAA_2025-09-10_G54,10109954SILVAA,2025-09-10,141066,1,2,0,578.0
10109954SILVAA_2025-09-10_G55,10109954SILVAA,2025-09-10,118298,1,8,0,116.0
10109954SILVAA_2025-09-10_G56,10109954SILVAA,2025-09-10,111467,1,2,0,123.0
10109954SILVAA_2025-09-10_G57,10109954SILVAA,2025-09-10,117853,1,6,0,35.0
10109954SILVAA_2025-09-10_G58,10109954SILVAA,2025-09-10,117855,1,1,0,81.0
10109954SILVAA_2025-09-10_G59,10109954SILVAA,2025-09-10,101217,1,1,0,56.0
10109954SILVAA_2025-09-10_G60,10109954SILVAA,2025-09-10,111439,1,1,0,103.0
10109954SILVAA_2025-09-10_G61,10109954SILVAA,2025-09-10,117837,1,2,0,39.0
10109954SILVAA_2025-09-11_G02,10109954SILVAA,2025-09-11,111430,1,2,0,197.0
10109954SILVAA_2025-09-11_G03,10109954SILVAA,2025-09-11,110742,1,4,0,85.0
10109954SILVAA_2025-09-11_G04,10109954SILVAA,2025-09-11,111655,1,2,0,241.0
10109954SILVAA_2025-09-11_G05,10109954SILVAA,2025-09-11,117834,1,8,0,677.0
10109954SILVAA_2025-09-11_G06,10109954SILVAA,2025-09-11,110747,1,8,0,171.0
10109954SILVAA_2025-09-11_G07,10109954SILVAA,2025-09-11,111438,1,8,0,306.0
10109954SILVAA_2025-09-11_G08,10109954SILVAA,2025-09-11,111463,1,1,0,530.0
10109954SILVAA_2025-09-11_G09,10109954SILVAA,2025-09-11,111743,1,4,0,182.0
10109954SILVAA_2025-09-11_G10,10109954SILVAA,2025-09-11,111469,1,21,0,89.0
10109954SILVAA_2025-09-11_G11,10109954SILVAA,2025-09-11,111466,1,5,0,124.0
10109954SILVAA_2025-09-11_G12,10109954SILVAA,2025-09-11,117820,1,2,0,117.0
10109954SILVAA_2025-09-11_G13,10109954SILVAA,2025-09-11,110373,1,10,0,143.0
10109954SILVAA_2025-09-11_G14,10109954SILVAA,2025-09-11,117830,1,4,0,194.0
10109954SILVAA_2025-09-11_G16,10109954SILVAA,2025-09-11,110895,1,6,0,38.0
10109954SILVAA_2025-09-11_G17,10109954SILVAA,2025-09-11,111850,1,1,0,271.0
10109954SILVAA_2025-09-11_G18,10109954SILVAA,2025-09-11,117935,2,69,30,261.0
10109954SILVAA_2025-09-11_G19,10109954SILVAA,2025-09-11,108772,1,50,0,336.0
10109954SILVAA_2025-09-11_G20,10109954SILVAA,2025-09-11,117787,1,12,0,347.0
10109954SILVAA_2025-09-11_G21,10109954SILVAA,2025-09-11,110787,1,58,0,424.0
10109954SILVAA_2025-09-11_G22,10109954SILVAA,2025-09-11,111469,1,20,0,978.0
10109954SILVAA_2025-09-11_G23,10109954SILVAA,2025-09-11,111469,1,54,0,34.0
10109954SILVAA_2025-09-11_G24,10109954SILVAA,2025-09-11,110372,1,800,0,2174.0
10109954SILVAA_2025-09-11_G25,10109954SILVAA,2025-09-11,100334,1,7,0,1483.0
10109954SILVAA_2025-09-11_G26,10109954SILVAA,2025-09-11,116527,1,5,0,678.0
10109954SILVAA_2025-09-11_G27,10109954SILVAA,2025-09-11,111569,1,2,0,199.0
10109954SILVAA_2025-09-11_G28,10109954SILVAA,2025-09-11,111438,1,4,0,115.0
10109954SILVAA_2025-09-11_G29,10109954SILVAA,2025-09-11,110755,2,23,6,247.0
10109954SILVAA_2025-09-11_G30,10109954SILVAA,2025-09-11,110741,1,4,0,347.0
10109954SILVAA_2025-09-11_G31,10109954SILVAA,2025-09-11,107629,1,11,0,84.0
10109954SILVAA_2025-09-11_G32,10109954SILVAA,2025-09-11,111467,1,6,0,110.0
10109954SILVAA_2025-09-11_G33,10109954SILVAA,2025-09-11,118094,1,4,0,101.0
10109954SILVAA_2025-09-11_G34,10109954SILVAA,2025-09-11,111463,1,12,0,158.0
10109954SILVAA_2025-09-11_G36,10109954SILVAA,2025-09-11,110740,1,2,0,451.0
10109954SILVAA_2025-09-11_G37,10109954SILVAA,2025-09-11,111418,1,2,0,107.0
10109954SILVAA_2025-09-11_G38,10109954SILVAA,2025-09-11,110374,1,4,0,121.0
10109954SILVAA_2025-09-11_G39,10109954SILVAA,2025-09-11,110371,1,4,0,91.0
10109954SILVAA_2025-09-11_G40,10109954SILVAA,2025-09-11,111418,1,63,0,1642.0
10109954SILVAA_2025-09-11_G41,10109954SILVAA,2025-09-11,110787,1,4,0,381.0
10109954SILVAA_2025-09-11_G42,10109954SILVAA,2025-09-11,109645,1,4,0,123.0
10109954SILVAA_2025-09-12_G02,10109954SILVAA,2025-09-12,118222,1,100,0,783.0
10109954SILVAA_2025-09-12_G03,10109954SILVAA,2025-09-12,111437,1,4,0,2040.0
10109954SILVAA_2025-09-12_G04,10109954SILVAA,2025-09-12,107888,1,4,0,468.0
10109954SILVAA_2025-09-12_G05,10109954SILVAA,2025-09-12,109933,1,2,0,71.0
10109954SILVAA_2025-09-12_G06,10109954SILVAA,2025-09-12,110841,1,4,0,126.0
10109954SILVAA_2025-09-12_G07,10109954SILVAA,2025-09-12,118418,1,3,0,87.0
10109954SILVAA_2025-09-12_G08,10109954SILVAA,2025-09-12,118285,1,4,0,463.0
10109954SILVAA_2025-09-12_G09,10109954SILVAA,2025-09-12,117861,1,40,0,272.0
10109954SILVAA_2025-09-12_G10,10109954SILVAA,2025-09-12,110733,1,70,0,445.0
10109954SILVAA_2025-09-12_G11,10109954SILVAA,2025-09-12,110313,1,80,0,330.0
10109954SILVAA_2025-09-12_G12,10109954SILVAA,2025-09-12,117786,1,90,0,958.0
10109954SILVAA_2025-09-12_G13,10109954SILVAA,2025-09-12,117862,1,100,0,429.0
10109954SILVAA_2025-09-12_G14,10109954SILVAA,2025-09-12,107629,1,40,0,311.0
10109954SILVAA_2025-09-12_G15,10109954SILVAA,2025-09-12,111467,1,50,0,441.0
10109954SILVAA_2025-09-12_G16,10109954SILVAA,2025-09-12,117935,1,40,0,705.0
10109954SILVAA_2025-09-12_G17,10109954SILVAA,2025-09-12,141458,1,80,0,214.0
10109954SILVAA_2025-09-12_G18,10109954SILVAA,2025-09-12,111465,1,80,0,168.0
10109954SILVAA_2025-09-12_G19,10109954SILVAA,2025-09-12,111743,1,60,0,289.0
10109954SILVAA_2025-09-12_G20,10109954SILVAA,2025-09-12,141823,1,40,0,622.0
10109954SILVAA_2025-09-12_G21,10109954SILVAA,2025-09-12,117821,1,40,0,602.0
10109954SILVAA_2025-09-12_G22,10109954SILVAA,2025-09-12,108794,1,90,0,591.0
10109954SILVAA_2025-09-12_G23,10109954SILVAA,2025-09-12,117833,1,40,0,531.0
10109954SILVAA_2025-09-12_G24,10109954SILVAA,2025-09-12,111468,1,80,0,853.0
10109954SILVAA_2025-09-12_G25,10109954SILVAA,2025-09-12,117830,1,100,0,280.0
10109954SILVAA_2025-09-12_G26,10109954SILVAA,2025-09-12,117832,1,80,0,426.0
10109954SILVAA_2025-09-12_G27,10109954SILVAA,2025-09-12,141202,1,40,0,253.0
10109954SILVAA_2025-09-12_G28,10109954SILVAA,2025-09-12,117834,1,2,0,1684.0
10109954SILVAA_2025-09-12_G29,10109954SILVAA,2025-09-12,111438,1,4,0,152.0
10109954SILVAA_2025-09-12_G30,10109954SILVAA,2025-09-12,117837,1,8,0,106.0
10109954SILVAA_2025-09-12_G31,10109954SILVAA,2025-09-12,117861,1,4,0,175.0
10109954SILVAA_2025-09-12_G32,10109954SILVAA,2025-09-12,111467,1,4,0,36.0
10109954SILVAA_2025-09-12_G33,10109954SILVAA,2025-09-12,107629,1,4,0,81.0
10109954SILVAA_2025-09-12_G34,10109954SILVAA,2025-09-12,117841,1,4,0,89.0
10109954SILVAA_2025-09-12_G35,10109954SILVAA,2025-09-12,111431,1,2,0,105.0
10109954SILVAA_2025-09-12_G36,10109954SILVAA,2025-09-12,111444,1,4,0,97.0
10109954SILVAA_2025-09-12_G37,10109954SILVAA,2025-09-12,117854,1,2,0,142.0
10109954SILVAA_2025-09-12_G38,10109954SILVAA,2025-09-12,111753,1,8,0,462.0
10109954SILVAA_2025-09-12_G39,10109954SILVAA,2025-09-12,111738,1,8,0,256.0
10109954SILVAA_2025-09-12_G40,10109954SILVAA,2025-09-12,111742,1,10,0,698.0
10109954SILVAA_2025-09-13_G02,10109954SILVAA,2025-09-13,110313,1,2,0,1993.0
10109954SILVAA_2025-09-13_G03,10109954SILVAA,2025-09-13,110733,1,6,0,730.0
10109954SILVAA_2025-09-13_G04,10109954SILVAA,2025-09-13,118299,1,6,0,119.0
10109954SILVAA_2025-09-13_G05,10109954SILVAA,2025-09-13,118299,1,350,0,1341.0
10109954SILVAA_2025-09-13_G06,10109954SILVAA,2025-09-13,110376,1,10,0,233.0
10109954SILVAA_2025-09-13_G07,10109954SILVAA,2025-09-13,117820,1,24,0,248.0
10109954SILVAA_2025-09-13_G08,10109954SILVAA,2025-09-13,110373,1,1600,0,3405.0
10109954SILVAA_2025-09-13_G09,10109954SILVAA,2025-09-13,141047,1,20,0,1829.0
10109954SILVAA_2025-09-13_G10,10109954SILVAA,2025-09-13,117855,1,50,0,257.0
10109954SILVAA_2025-09-13_G11,10109954SILVAA,2025-09-13,101217,1,1,0,74.0
10109954SILVAA_2025-09-13_G12,10109954SILVAA,2025-09-13,110313,1,50,0,119.0
10109954SILVAA_2025-09-13_G13,10109954SILVAA,2025-09-13,118140,1,100,0,1500.0
10109954SILVAA_2025-09-13_G14,10109954SILVAA,2025-09-13,111172,1,14,0,1167.0
10109954SILVAA_2025-09-13_G15,10109954SILVAA,2025-09-13,111435,1,15,0,156.0
10109954SILVAA_2025-09-13_G16,10109954SILVAA,2025-09-13,140922,1,10,0,318.0
10109954SILVAA_2025-09-13_G17,10109954SILVAA,2025-09-13,111348,1,10,0,118.0
10109954SILVAA_2025-09-13_G19,10109954SILVAA,2025-09-13,111465,1,23,0,643.0
10109954SILVAA_2025-09-13_G20,10109954SILVAA,2025-09-13,111418,1,113,0,1098.0
10109954SILVAA_2025-09-13_G21,10109954SILVAA,2025-09-13,141823,1,20,0,1034.0
10109954SILVAA_2025-09-13_G22,10109954SILVAA,2025-09-13,111444,1,11,0,173.0
10109954SILVAA_2025-09-13_G23,10109954SILVAA,2025-09-13,111468,1,20,0,118.0
10109954SILVAA_2025-09-13_G24,10109954SILVAA,2025-09-13,107236,1,12,0,355.0
10109954SILVAA_2025-09-13_G25,10109954SILVAA,2025-09-13,108794,1,29,0,889.0
10109954SILVAA_2025-09-13_G26,10109954SILVAA,2025-09-13,141456,1,40,0,350.0
10109954SILVAA_2025-09-13_G27,10109954SILVAA,2025-09-13,109645,1,14,0,118.0
10109954SILVAA_2025-09-13_G28,10109954SILVAA,2025-09-13,117821,1,30,0,413.0
10109954SILVAA_2025-09-15_G02,10109954SILVAA,2025-09-15,110745,1,12,0,483.0
10109954SILVAA_2025-09-15_G03,10109954SILVAA,2025-09-15,111465,1,10,0,175.0
10109954SILVAA_2025-09-15_G04,10109954SILVAA,2025-09-15,110332,1,2,0,166.0
10109954SILVAA_2025-09-15_G05,10109954SILVAA,2025-09-15,118140,1,40,0,409.0
10109954SILVAA_2025-09-15_G06,10109954SILVAA,2025-09-15,117831,1,30,0,1133.0
10109954SILVAA_2025-09-15_G07,10109954SILVAA,2025-09-15,109974,1,2,0,669.0
10109954SILVAA_2025-09-15_G08,10109954SILVAA,2025-09-15,110582,1,2,0,259.0
10109954SILVAA_2025-09-15_G09,10109954SILVAA,2025-09-15,105272,1,1,0,1048.0
10109954SILVAA_2025-09-15_G10,10109954SILVAA,2025-09-15,110747,1,4,0,153.0
10109954SILVAA_2025-09-15_G11,10109954SILVAA,2025-09-15,110092,1,2,0,190.0
10109954SILVAA_2025-09-15_G12,10109954SILVAA,2025-09-15,111650,1,5,0,227.0
10109954SILVAA_2025-09-15_G13,10109954SILVAA,2025-09-15,117855,1,8,0,334.0
10109954SILVAA_2025-09-15_G14,10109954SILVAA,2025-09-15,117787,1,3,0,58.0
10109954SILVAA_2025-09-15_G15,10109954SILVAA,2025-09-15,141823,1,4,0,50.0
10109954SILVAA_2025-09-15_G16,10109954SILVAA,2025-09-15,111468,1,2,0,74.0
10109954SILVAA_2025-09-15_G17,10109954SILVAA,2025-09-15,108361,1,2,0,247.0
10109954SILVAA_2025-09-15_G18,10109954SILVAA,2025-09-15,111441,1,4,0,367.0
10109954SILVAA_2025-09-15_G19,10109954SILVAA,2025-09-15,111569,1,2,0,883.0
10109954SILVAA_2025-09-15_G20,10109954SILVAA,2025-09-15,109643,1,2,0,339.0
10109954SILVAA_2025-09-15_G21,10109954SILVAA,2025-09-15,117808,1,20,0,100.0
10109954SILVAA_2025-09-15_G22,10109954SILVAA,2025-09-15,118299,1,20,0,300.0
10109954SILVAA_2025-09-15_G23,10109954SILVAA,2025-09-15,109645,1,4,0,311.0
10109954SILVAA_2025-09-15_G24,10109954SILVAA,2025-09-15,141456,1,8,0,59.0
10109954SILVAA_2025-09-15_G25,10109954SILVAA,2025-09-15,118140,1,4,0,109.0
10109954SILVAA_2025-09-15_G26,10109954SILVAA,2025-09-15,141457,1,4,0,101.0
10109954SILVAA_2025-09-15_G27,10109954SILVAA,2025-09-15,110740,1,2,0,104.0
10109954SILVAA_2025-09-15_G28,10109954SILVAA,2025-09-15,111469,1,1,0,162.0
10109954SILVAA_2025-09-15_G29,10109954SILVAA,2025-09-15,108770,1,2,0,248.0
10109954SILVAA_2025-09-15_G30,10109954SILVAA,2025-09-15,111438,1,2,0,315.0
10109954SILVAA_2025-09-15_G31,10109954SILVAA,2025-09-15,117789,1,4,0,132.0
10109954SILVAA_2025-09-15_G32,10109954SILVAA,2025-09-15,141035,1,4,0,1091.0
10109954SILVAA_2025-09-15_G33,10109954SILVAA,2025-09-15,117854,1,4,0,253.0
10109954SILVAA_2025-09-15_G34,10109954SILVAA,2025-09-15,117786,1,2,0,148.0
10109954SILVAA_2025-09-15_G35,10109954SILVAA,2025-09-15,110741,1,1,0,69.0
10109954SILVAA_2025-09-15_G36,10109954SILVAA,2025-09-15,111467,1,5,0,89.0
10109954SILVAA_2025-09-15_G37,10109954SILVAA,2025-09-15,110733,1,3,0,160.0
10109954SILVAA_2025-09-15_G38,10109954SILVAA,2025-09-15,110313,1,2,0,104.0
10109954SILVAA_2025-09-15_G39,10109954SILVAA,2025-09-15,110743,1,4,0,1134.0
10109954SILVAA_2025-09-15_G40,10109954SILVAA,2025-09-15,117785,1,6,0,92.0
10109954SILVAA_2025-09-15_G41,10109954SILVAA,2025-09-15,108711,1,8,0,93.0
10109954SILVAA_2025-09-15_G42,10109954SILVAA,2025-09-15,109645,1,6,0,103.0
10109954SILVAA_2025-09-15_G43,10109954SILVAA,2025-09-15,109641,1,6,0,135.0
10109954SILVAA_2025-09-15_G44,10109954SILVAA,2025-09-15,111743,1,6,0,240.0
10109954SILVAA_2025-09-15_G45,10109954SILVAA,2025-09-15,117787,1,5,0,96.0
10109954SILVAA_2025-09-15_G46,10109954SILVAA,2025-09-15,117821,1,7,0,66.0
10109954SILVAA_2025-09-15_G47,10109954SILVAA,2025-09-15,141456,1,14,0,188.0
10109954SILVAA_2025-09-15_G48,10109954SILVAA,2025-09-15,105705,1,2,0,111.0
10109954SILVAA_2025-09-15_G49,10109954SILVAA,2025-09-15,118140,1,9,0,201.0
10109954SILVAA_2025-09-15_G50,10109954SILVAA,2025-09-15,118223,1,2,0,204.0
10109954SILVAA_2025-09-15_G51,10109954SILVAA,2025-09-15,107236,1,4,0,64.0
10109954SILVAA_2025-09-15_G52,10109954SILVAA,2025-09-15,141458,1,10,0,73.0
10109954SILVAA_2025-09-15_G53,10109954SILVAA,2025-09-15,110740,1,3,0,127.0
10109954SILVAA_2025-09-15_G54,10109954SILVAA,2025-09-15,110745,1,1,0,49.0
10109954SILVAA_2025-09-15_G55,10109954SILVAA,2025-09-15,111465,1,2,0,50.0
10109954SILVAA_2025-09-15_G56,10109954SILVAA,2025-09-15,141457,1,30,0,321.0
10109954SILVAA_2025-09-15_G57,10109954SILVAA,2025-09-15,140922,1,20,0,1005.0
10109954SILVAA_2025-09-15_G58,10109954SILVAA,2025-09-15,110373,1,2,0,164.0
10109954SILVAA_2025-09-15_G59,10109954SILVAA,2025-09-15,118299,1,17,0,31.0
10109954SILVAA_2025-09-15_G60,10109954SILVAA,2025-09-15,110372,1,8,0,185.0
10109954SILVAA_2025-09-15_G61,10109954SILVAA,2025-09-15,110375,1,8,0,244.0
10109954SILVAA_2025-09-15_G62,10109954SILVAA,2025-09-15,117820,1,9,0,233.0
10109954SILVAA_2025-09-15_G63,10109954SILVAA,2025-09-15,117808,1,16,0,119.0
10109954SILVAA_2025-09-15_G64,10109954SILVAA,2025-09-15,"141202, 117809",2,12,17,179.0
10109954SILVAA_2025-09-15_G65,10109954SILVAA,2025-09-15,110733,1,2,0,338.0
10109954SILVAA_2025-09-15_G66,10109954SILVAA,2025-09-15,117855,1,4,0,90.0
10109954SILVAA_2025-09-15_G67,10109954SILVAA,2025-09-15,109640,1,1,0,84.0
10109954SILVAA_2025-09-15_G68,10109954SILVAA,2025-09-15,110313,1,4,0,101.0
10109954SILVAA_2025-09-15_G69,10109954SILVAA,2025-09-15,118317,1,2,0,91.0
10109954SILVAA_2025-09-15_G70,10109954SILVAA,2025-09-15,109645,1,2,0,55.0
10109954SILVAA_2025-09-15_G71,10109954SILVAA,2025-09-15,141456,1,8,0,129.0
10109954SILVAA_2025-09-15_G72,10109954SILVAA,2025-09-15,105705,1,1,0,34.0
10109954SILVAA_2025-09-15_G73,10109954SILVAA,2025-09-15,111469,1,2,0,51.0
10109954SILVAA_2025-09-15_G74,10109954SILVAA,2025-09-15,111348,1,2,0,97.0
10109954SILVAA_2025-09-15_G75,10109954SILVAA,2025-09-15,111468,1,2,0,57.0
10109954SILVAA_2025-09-15_G76,10109954SILVAA,2025-09-15,111465,1,4,0,169.0
10109954SILVAA_2025-09-15_G77,10109954SILVAA,2025-09-15,117856,1,4,0,298.0
10109954SILVAA_2025-09-15_G78,10109954SILVAA,2025-09-15,111467,1,2,0,72.0
10109954SILVAA_2025-09-15_G79,10109954SILVAA,2025-09-15,141352,1,4,0,74.0
10109954SILVAA_2025-09-15_G80,10109954SILVAA,2025-09-15,118299,1,12,0,158.0
10109954SILVAA_2025-09-15_G81,10109954SILVAA,2025-09-15,117820,1,2,0,108.0
10109954SILVAA_2025-09-15_G82,10109954SILVAA,2025-09-15,117808,1,8,0,131.0
10109954SILVAA_2025-09-15_G83,10109954SILVAA,2025-09-15,140922,1,2,0,106.0
10109954SILVAA_2025-09-15_G84,10109954SILVAA,2025-09-15,111468,1,4,0,38.0
10109954SILVAA_2025-09-15_G85,10109954SILVAA,2025-09-15,117833,1,4,0,76.0
10109954SILVAA_2025-09-16_G02,10109954SILVAA,2025-09-16,110516,1,2,0,222.0
10109954SILVAA_2025-09-16_G03,10109954SILVAA,2025-09-16,117856,1,38,0,1096.0
10109954SILVAA_2025-09-16_G04,10109954SILVAA,2025-09-16,110515,1,29,0,666.0
10109954SILVAA_2025-09-16_G05,10109954SILVAA,2025-09-16,114100,1,6,0,1889.0
10109954SILVAA_2025-09-16_G06,10109954SILVAA,2025-09-16,117855,1,20,0,3183.0
10109954SILVAA_2025-09-16_G07,10109954SILVAA,2025-09-16,111876,1,16,0,485.0
10109954SILVAA_2025-09-16_G08,10109954SILVAA,2025-09-16,110372,1,100,0,232.0
10109954SILVAA_2025-09-16_G09,10109954SILVAA,2025-09-16,110373,1,100,0,272.0
10109954SILVAA_2025-09-16_G10,10109954SILVAA,2025-09-16,117808,1,300,0,624.0
10109954SILVAA_2025-09-16_G11,10109954SILVAA,2025-09-16,117820,1,100,0,283.0
10109954SILVAA_2025-09-16_G12,10109954SILVAA,2025-09-16,110371,1,100,0,489.0
10109954SILVAA_2025-09-16_G14,10109954SILVAA,2025-09-16,111418,1,100,0,1294.0
10109954SILVAA_2025-09-16_G15,10109954SILVAA,2025-09-16,118317,1,12,0,264.0
10109954SILVAA_2025-09-16_G17,10109954SILVAA,2025-09-16,118140,1,5,0,98.0
10109954SILVAA_2025-09-16_G18,10109954SILVAA,2025-09-16,111466,1,2,0,90.0
10109954SILVAA_2025-09-16_G19,10109954SILVAA,2025-09-16,117833,1,4,0,168.0
10109954SILVAA_2025-09-16_G20,10109954SILVAA,2025-09-16,111442,1,4,0,63.0
10109954SILVAA_2025-09-16_G21,10109954SILVAA,2025-09-16,111172,1,4,0,140.0
10109954SILVAA_2025-09-16_G22,10109954SILVAA,2025-09-16,140922,1,20,0,351.0
10109954SILVAA_2025-09-16_G23,10109954SILVAA,2025-09-16,111532,1,20,0,263.0
10109954SILVAA_2025-09-16_G24,10109954SILVAA,2025-09-16,111469,2,29,10,219.0
10109954SILVAA_2025-09-16_G25,10109954SILVAA,2025-09-16,111469,1,100,0,269.0
10109954SILVAA_2025-09-16_G26,10109954SILVAA,2025-09-16,"118299, 117808",2,200,18,197.0
10109954SILVAA_2025-09-16_G27,10109954SILVAA,2025-09-16,109649,1,4,0,135.0
10109954SILVAA_2025-09-16_G28,10109954SILVAA,2025-09-16,118140,1,30,0,308.0
10109954SILVAA_2025-09-16_G29,10109954SILVAA,2025-09-16,141457,1,30,0,233.0
10109954SILVAA_2025-09-16_G30,10109954SILVAA,2025-09-16,141456,1,40,0,402.0
10109954SILVAA_2025-09-16_G31,10109954SILVAA,2025-09-16,141458,1,50,0,405.0
10109954SILVAA_2025-09-16_G32,10109954SILVAA,2025-09-16,110374,1,20,0,346.0
10109954SILVAA_2025-09-16_G33,10109954SILVAA,2025-09-16,110371,1,20,0,421.0
10109954SILVAA_2025-09-17_G02,10109954SILVAA,2025-09-17,108770,1,4,0,657.0
10109954SILVAA_2025-09-17_G03,10109954SILVAA,2025-09-17,111569,1,8,0,148.0
10109954SILVAA_2025-09-17_G04,10109954SILVAA,2025-09-17,110747,1,6,0,123.0
10109954SILVAA_2025-09-17_G05,10109954SILVAA,2025-09-17,110742,1,6,0,149.0
10109954SILVAA_2025-09-17_G06,10109954SILVAA,2025-09-17,117965,1,8,0,109.0
10109954SILVAA_2025-09-17_G07,10109954SILVAA,2025-09-17,117855,1,7,0,196.0
10109954SILVAA_2025-09-17_G08,10109954SILVAA,2025-09-17,117837,1,6,0,694.0
10109954SILVAA_2025-09-17_G09,10109954SILVAA,2025-09-17,118094,1,6,0,90.0
10109954SILVAA_2025-09-17_G10,10109954SILVAA,2025-09-17,109640,1,9,0,409.0
10109954SILVAA_2025-09-17_G11,10109954SILVAA,2025-09-17,108795,1,8,0,204.0
10109954SILVAA_2025-09-17_G12,10109954SILVAA,2025-09-17,111433,1,5,0,79.0
10109954SILVAA_2025-09-17_G13,10109954SILVAA,2025-09-17,111418,1,62,0,1073.0
10109954SILVAA_2025-09-17_G14,10109954SILVAA,2025-09-17,108794,1,4,0,338.0
10109954SILVAA_2025-09-17_G15,10109954SILVAA,2025-09-17,141457,1,10,0,189.0
10109954SILVAA_2025-09-17_G16,10109954SILVAA,2025-09-17,118140,1,56,0,352.0
10109954SILVAA_2025-09-17_G17,10109954SILVAA,2025-09-17,117785,1,22,0,218.0
10109954SILVAA_2025-09-17_G18,10109954SILVAA,2025-09-17,118317,1,4,0,656.0
10109954SILVAA_2025-09-17_G19,10109954SILVAA,2025-09-17,109645,1,8,0,312.0
10109954SILVAA_2025-09-17_G20,10109954SILVAA,2025-09-17,111469,1,36,0,94.0
10109954SILVAA_2025-09-17_G21,10109954SILVAA,2025-09-17,111462,1,16,0,223.0
10109954SILVAA_2025-09-17_G22,10109954SILVAA,2025-09-17,111444,1,14,0,162.0
10109954SILVAA_2025-09-17_G23,10109954SILVAA,2025-09-17,117831,1,30,0,881.0
10109954SILVAA_2025-09-17_G24,10109954SILVAA,2025-09-17,141458,1,12,0,139.0
10109954SILVAA_2025-09-17_G25,10109954SILVAA,2025-09-17,107830,1,6,0,104.0
10109954SILVAA_2025-09-17_G26,10109954SILVAA,2025-09-17,141202,1,5,0,201.0
10109954SILVAA_2025-09-17_G27,10109954SILVAA,2025-09-17,117830,1,11,0,63.0
10109954SILVAA_2025-09-17_G28,10109954SILVAA,2025-09-17,118299,1,80,0,462.0
10109954SILVAA_2025-09-17_G29,10109954SILVAA,2025-09-17,110372,1,60,0,692.0
10109954SILVAA_2025-09-17_G30,10109954SILVAA,2025-09-17,111441,1,6,0,1480.0
10109954SILVAA_2025-09-17_G31,10109954SILVAA,2025-09-17,100334,1,1,0,228.0
10109954SILVAA_2025-09-17_G32,10109954SILVAA,2025-09-17,110747,1,2,0,117.0
10109954SILVAA_2025-09-17_G33,10109954SILVAA,2025-09-17,107892,1,4,0,80.0
10109954SILVAA_2025-09-17_G34,10109954SILVAA,2025-09-17,117856,1,5,0,563.0
10109954SILVAA_2025-09-17_G35,10109954SILVAA,2025-09-17,117853,1,4,0,405.0
10109954SILVAA_2025-09-17_G36,10109954SILVAA,2025-09-17,117855,2,11,6,74.0
10109954SILVAA_2025-09-17_G37,10109954SILVAA,2025-09-17,118140,1,8,0,360.0
10109954SILVAA_2025-09-17_G38,10109954SILVAA,2025-09-17,111435,1,2,0,113.0
10109954SILVAA_2025-09-17_G39,10109954SILVAA,2025-09-17,111532,1,10,0,205.0
10109954SILVAA_2025-09-17_G40,10109954SILVAA,2025-09-17,111330,1,6,0,155.0
10109954SILVAA_2025-09-17_G41,10109954SILVAA,2025-09-17,111348,1,4,0,58.0
10109954SILVAA_2025-09-17_G42,10109954SILVAA,2025-09-17,118222,1,1,0,753.0
10109954SILVAA_2025-09-17_G43,10109954SILVAA,2025-09-17,111530,1,4,0,171.0
10109954SILVAA_2025-09-17_G44,10109954SILVAA,2025-09-17,117853,1,2,0,70.0
10109954SILVAA_2025-09-17_G45,10109954SILVAA,2025-09-17,117855,1,2,0,78.0
10109954SILVAA_2025-09-17_G46,10109954SILVAA,2025-09-17,141457,1,1,0,189.0
10109954SILVAA_2025-09-17_G47,10109954SILVAA,2025-09-17,111418,1,4,0,139.0
10109954SILVAA_2025-09-17_G48,10109954SILVAA,2025-09-17,117787,1,2,0,123.0
10109954SILVAA_2025-09-17_G49,10109954SILVAA,2025-09-17,141823,1,2,0,69.0
10109954SILVAA_2025-09-17_G50,10109954SILVAA,2025-09-17,108794,1,2,0,117.0
10109954SILVAA_2025-09-17_G51,10109954SILVAA,2025-09-17,105705,1,1,0,65.0
10109954SILVAA_2025-09-17_G52,10109954SILVAA,2025-09-17,111462,1,1,0,69.0
10109954SILVAA_2025-09-17_G53,10109954SILVAA,2025-09-17,111348,1,2,0,57.0
10109954SILVAA_2025-09-17_G54,10109954SILVAA,2025-09-17,140922,1,2,0,197.0
10109954SILVAA_2025-09-17_G55,10109954SILVAA,2025-09-17,110371,1,2,0,319.0
10109954SILVAA_2025-09-17_G56,10109954SILVAA,2025-09-17,118299,1,10,0,218.0
10109954SILVAA_2025-09-17_G58,10109954SILVAA,2025-09-17,141457,1,14,0,145.0
10109954SILVAA_2025-09-17_G59,10109954SILVAA,2025-09-17,109645,1,2,0,97.0
10109954SILVAA_2025-09-17_G60,10109954SILVAA,2025-09-17,108798,1,8,0,163.0
10109954SILVAA_2025-09-17_G61,10109954SILVAA,2025-09-17,110372,1,14,0,59.0
10109954SILVAA_2025-09-17_G62,10109954SILVAA,2025-09-17,110373,1,10,0,203.0
10109954SILVAA_2025-09-17_G63,10109954SILVAA,2025-09-17,117808,1,9,0,183.0
10109954SILVAA_2025-09-17_G64,10109954SILVAA,2025-09-17,118299,1,19,0,144.0
10109954SILVAA_2025-09-17_G65,10109954SILVAA,2025-09-17,111530,1,16,0,518.0
10109954SILVAA_2025-09-17_G66,10109954SILVAA,2025-09-17,109640,1,8,0,233.0
10109954SILVAA_2025-09-17_G67,10109954SILVAA,2025-09-17,111462,2,8,6,162.0
10109954SILVAA_2025-09-17_G68,10109954SILVAA,2025-09-17,111172,1,2,0,132.0
10109954SILVAA_2025-09-17_G69,10109954SILVAA,2025-09-17,110787,1,8,0,113.0
10109954SILVAA_2025-09-17_G70,10109954SILVAA,2025-09-17,111530,1,28,0,367.0
10109954SILVAA_2025-09-17_G71,10109954SILVAA,2025-09-17,110787,1,3,0,379.0
10109954SILVAA_2025-09-17_G72,10109954SILVAA,2025-09-17,110373,1,6,0,76.0
10109954SILVAA_2025-09-18_G02,10109954SILVAA,2025-09-18,111441,1,8,0,273.0
10109954SILVAA_2025-09-18_G03,10109954SILVAA,2025-09-18,111438,1,4,0,237.0
10109954SILVAA_2025-09-18_G04,10109954SILVAA,2025-09-18,117862,1,12,0,503.0
10109954SILVAA_2025-09-18_G05,10109954SILVAA,2025-09-18,109640,1,12,0,246.0
10109954SILVAA_2025-09-18_G06,10109954SILVAA,2025-09-18,111442,1,2,0,1454.0
10109954SILVAA_2025-09-18_G07,10109954SILVAA,2025-09-18,111446,1,8,0,383.0
10109954SILVAA_2025-09-18_G08,10109954SILVAA,2025-09-18,111463,1,4,0,646.0
10109954SILVAA_2025-09-18_G09,10109954SILVAA,2025-09-18,109641,2,18,10,928.0
10109954SILVAA_2025-09-18_G10,10109954SILVAA,2025-09-18,105705,2,8,5,623.0
10109954SILVAA_2025-09-18_G11,10109954SILVAA,2025-09-18,"111469, 111466",3,10,33,129.0
10109954SILVAA_2025-09-18_G12,10109954SILVAA,2025-09-18,110740,1,4,0,151.0
10109954SILVAA_2025-09-18_G13,10109954SILVAA,2025-09-18,117809,1,4,0,123.0
10109954SILVAA_2025-09-18_G14,10109954SILVAA,2025-09-18,117832,1,8,0,80.0
10109954SILVAA_2025-09-18_G15,10109954SILVAA,2025-09-18,117820,1,4,0,115.0
10109954SILVAA_2025-09-18_G16,10109954SILVAA,2025-09-18,117820,1,10,0,43.0
10109954SILVAA_2025-09-18_G17,10109954SILVAA,2025-09-18,111763,1,4,0,184.0
10109954SILVAA_2025-09-18_G18,10109954SILVAA,2025-09-18,111172,1,4,0,153.0
10109954SILVAA_2025-09-18_G19,10109954SILVAA,2025-09-18,110733,1,1,0,617.0
10109954SILVAA_2025-09-18_G20,10109954SILVAA,2025-09-18,118140,1,2,0,122.0
10109954SILVAA_2025-09-18_G21,10109954SILVAA,2025-09-18,117832,1,8,0,395.0
10109954SILVAA_2025-09-18_G22,10109954SILVAA,2025-09-18,111418,1,12,0,112.0
10109954SILVAA_2025-09-18_G23,10109954SILVAA,2025-09-18,109640,1,20,0,2539.0
10109954SILVAA_2025-09-18_G24,10109954SILVAA,2025-09-18,141456,1,4,0,137.0
10109954SILVAA_2025-09-18_G25,10109954SILVAA,2025-09-18,111532,1,2,0,160.0
10109954SILVAA_2025-09-18_G26,10109954SILVAA,2025-09-18,111532,1,5,0,1793.0
10109954SILVAA_2025-09-18_G27,10109954SILVAA,2025-09-18,111743,1,4,0,187.0
10109954SILVAA_2025-09-18_G28,10109954SILVAA,2025-09-18,110515,1,3,0,256.0
10109954SILVAA_2025-09-18_G29,10109954SILVAA,2025-09-18,140911,1,4,0,157.0
10109954SILVAA_2025-09-18_G30,10109954SILVAA,2025-09-18,117832,1,4,0,94.0
10109954SILVAA_2025-09-18_G31,10109954SILVAA,2025-09-18,111743,1,4,0,112.0
10109954SILVAA_2025-09-18_G32,10109954SILVAA,2025-09-18,118140,1,2,0,98.0
10109954SILVAA_2025-09-18_G33,10109954SILVAA,2025-09-18,111330,1,8,0,396.0
10109954SILVAA_2025-09-18_G34,10109954SILVAA,2025-09-18,117833,1,75,0,929.0
10109954SILVAA_2025-09-18_G35,10109954SILVAA,2025-09-18,111468,1,18,0,493.0
10109954SILVAA_2025-09-18_G37,10109954SILVAA,2025-09-18,141458,1,242,0,764.0
10109954SILVAA_2025-09-18_G38,10109954SILVAA,2025-09-18,118140,1,377,0,1035.0
10109954SILVAA_2025-09-18_G39,10109954SILVAA,2025-09-18,"117833, 111444",2,5,29,1753.0
10109954SILVAA_2025-09-18_G40,10109954SILVAA,2025-09-18,110745,1,3,0,35.0
10109954SILVAA_2025-09-18_G41,10109954SILVAA,2025-09-18,107236,1,2,0,47.0
10109954SILVAA_2025-09-18_G42,10109954SILVAA,2025-09-18,"111348, 111468",2,11,22,678.0
10109954SILVAA_2025-09-19_G02,10109954SILVAA,2025-09-19,111463,1,4,0,100.0
10109954SILVAA_2025-09-19_G03,10109954SILVAA,2025-09-19,111172,1,12,0,141.0
10109954SILVAA_2025-09-19_G04,10109954SILVAA,2025-09-19,140911,2,14,8,797.0
10109954SILVAA_2025-09-19_G05,10109954SILVAA,2025-09-19,117820,1,5,0,223.0
10109954SILVAA_2025-09-19_G06,10109954SILVAA,2025-09-19,107830,1,1,0,142.0
10109954SILVAA_2025-09-19_G07,10109954SILVAA,2025-09-19,111469,1,4,0,116.0
10109954SILVAA_2025-09-19_G08,10109954SILVAA,2025-09-19,111602,1,25,0,163.0
10109954SILVAA_2025-09-19_G09,10109954SILVAA,2025-09-19,111172,1,6,0,352.0
10109954SILVAA_2025-09-19_G10,10109954SILVAA,2025-09-19,110733,1,4,0,343.0
10109954SILVAA_2025-09-19_G11,10109954SILVAA,2025-09-19,111463,1,4,0,120.0
10109954SILVAA_2025-09-19_G12,10109954SILVAA,2025-09-19,111418,1,7,0,67.0
10109954SILVAA_2025-09-19_G13,10109954SILVAA,2025-09-19,111532,1,10,0,85.0
10109954SILVAA_2025-09-19_G14,10109954SILVAA,2025-09-19,110787,1,2,0,263.0
10109954SILVAA_2025-09-19_G15,10109954SILVAA,2025-09-19,118140,1,6,0,147.0
10109954SILVAA_2025-09-19_G16,10109954SILVAA,2025-09-19,118299,1,4,0,125.0
10109954SILVAA_2025-09-19_G17,10109954SILVAA,2025-09-19,110374,1,4,0,66.0
10109954SILVAA_2025-09-19_G18,10109954SILVAA,2025-09-19,117808,1,4,0,145.0
10109954SILVAA_2025-09-19_G19,10109954SILVAA,2025-09-19,111330,1,6,0,499.0
10109954SILVAA_2025-09-19_G20,10109954SILVAA,2025-09-19,110787,1,2,0,78.0
10109954SILVAA_2025-09-19_G21,10109954SILVAA,2025-09-19,111441,1,2,0,980.0
10109954SILVAA_2025-09-19_G22,10109954SILVAA,2025-09-19,117786,1,6,0,126.0
10109954SILVAA_2025-09-19_G23,10109954SILVAA,2025-09-19,118140,1,3,0,113.0
10109954SILVAA_2025-09-19_G24,10109954SILVAA,2025-09-19,111462,1,8,0,169.0
10109954SILVAA_2025-09-19_G25,10109954SILVAA,2025-09-19,140911,1,2,0,269.0
10109954SILVAA_2025-09-19_G26,10109954SILVAA,2025-09-19,118299,1,6,0,130.0
10109954SILVAA_2025-09-19_G27,10109954SILVAA,2025-09-19,110371,1,3,0,86.0
10109954SILVAA_2025-09-19_G28,10109954SILVAA,2025-09-19,117808,1,4,0,255.0
10109954SILVAA_2025-09-19_G29,10109954SILVAA,2025-09-19,118222,1,4,0,926.0
10109954SILVAA_2025-09-19_G30,10109954SILVAA,2025-09-19,117862,1,4,0,982.0
10109954SILVAA_2025-09-19_G31,10109954SILVAA,2025-09-19,108711,1,1,0,147.0
10109954SILVAA_2025-09-19_G32,10109954SILVAA,2025-09-19,111743,1,4,0,75.0
10109954SILVAA_2025-09-19_G33,10109954SILVAA,2025-09-19,111435,1,4,0,74.0
10109954SILVAA_2025-09-19_G34,10109954SILVAA,2025-09-19,141456,1,4,0,354.0
10109954SILVAA_2025-09-19_G35,10109954SILVAA,2025-09-19,111462,1,1,0,121.0
10109954SILVAA_2025-09-19_G36,10109954SILVAA,2025-09-19,111465,1,2,0,165.0
10109954SILVAA_2025-09-19_G37,10109954SILVAA,2025-09-19,117830,1,2,0,90.0
10109954SILVAA_2025-09-19_G38,10109954SILVAA,2025-09-19,117832,1,2,0,166.0
10109954SILVAA_2025-09-19_G39,10109954SILVAA,2025-09-19,108759,1,4,0,209.0
10109954SILVAA_2025-09-19_G40,10109954SILVAA,2025-09-19,111430,1,4,0,194.0
10109954SILVAA_2025-09-19_G41,10109954SILVAA,2025-09-19,117862,1,1,0,2274.0
10109954SILVAA_2025-09-19_G42,10109954SILVAA,2025-09-19,117935,1,4,0,129.0
10109954SILVAA_2025-09-19_G43,10109954SILVAA,2025-09-19,117855,1,4,0,110.0
10109954SILVAA_2025-09-19_G44,10109954SILVAA,2025-09-19,111467,1,4,0,98.0
10109954SILVAA_2025-09-19_G45,10109954SILVAA,2025-09-19,109640,1,2,0,115.0
10109954SILVAA_2025-09-19_G46,10109954SILVAA,2025-09-19,110752,1,1,0,58.0
10109954SILVAA_2025-09-19_G47,10109954SILVAA,2025-09-19,111469,1,4,0,723.0
10109954SILVAA_2025-09-19_G48,10109954SILVAA,2025-09-19,109645,1,2,0,315.0
10109954SILVAA_2025-09-19_G49,10109954SILVAA,2025-09-19,111418,1,6,0,58.0
10109954SILVAA_2025-09-19_G50,10109954SILVAA,2025-09-19,111435,1,2,0,63.0
10109954SILVAA_2025-09-19_G51,10109954SILVAA,2025-09-19,110787,1,4,0,64.0
10109954SILVAA_2025-09-19_G52,10109954SILVAA,2025-09-19,110743,1,4,0,87.0
10109954SILVAA_2025-09-19_G53,10109954SILVAA,2025-09-19,"105705, 118140",2,5,14,164.0
10109954SILVAA_2025-09-19_G54,10109954SILVAA,2025-09-19,118223,1,1,0,84.0
10109954SILVAA_2025-09-19_G55,10109954SILVAA,2025-09-19,140922,1,5,0,82.0
10109954SILVAA_2025-09-19_G56,10109954SILVAA,2025-09-19,107236,1,4,0,127.0
10109954SILVAA_2025-09-19_G57,10109954SILVAA,2025-09-19,118299,1,3,0,462.0
10109954SILVAA_2025-09-19_G58,10109954SILVAA,2025-09-19,160051,1,2,0,204.0
10109954SILVAA_2025-09-19_G59,10109954SILVAA,2025-09-19,107830,1,4,0,358.0
10109954SILVAA_2025-09-19_G60,10109954SILVAA,2025-09-19,110372,1,8,0,85.0
10109954SILVAA_2025-09-19_G61,10109954SILVAA,2025-09-19,110373,1,10,0,185.0
10109954SILVAA_2025-09-19_G63,10109954SILVAA,2025-09-19,110755,1,2,0,50.0
10109954SILVAA_2025-09-19_G64,10109954SILVAA,2025-09-19,110371,1,4,0,863.0
10109954SILVAA_2025-09-19_G65,10109954SILVAA,2025-09-19,110375,1,3,0,304.0
10109954SILVAA_2025-09-19_G66,10109954SILVAA,2025-09-19,141202,1,4,0,115.0
10109954SILVAA_2025-09-19_G67,10109954SILVAA,2025-09-19,118299,1,1,0,37.0
10109954SILVAA_2025-09-19_G68,10109954SILVAA,2025-09-19,117809,1,1,0,35.0
10109954SILVAA_2025-09-19_G69,10109954SILVAA,2025-09-19,141313,1,2,0,186.0
10109954SILVAA_2025-09-19_G70,10109954SILVAA,2025-09-19,111469,1,6,0,701.0
10109954SILVAA_2025-09-19_G71,10109954SILVAA,2025-09-19,111463,1,4,0,196.0
10109954SILVAA_2025-09-19_G72,10109954SILVAA,2025-09-19,111418,1,4,0,189.0
10109954SILVAA_2025-09-19_G73,10109954SILVAA,2025-09-19,111435,1,4,0,64.0
10109954SILVAA_2025-09-19_G74,10109954SILVAA,2025-09-19,118140,1,2,0,275.0
10109954SILVAA_2025-09-19_G75,10109954SILVAA,2025-09-19,111466,1,1,0,43.0
10109954SILVAA_2025-09-19_G76,10109954SILVAA,2025-09-19,111444,1,4,0,134.0
10109954SILVAA_2025-09-19_G77,10109954SILVAA,2025-09-19,141456,1,2,0,241.0
10109954SILVAA_2025-09-19_G78,10109954SILVAA,2025-09-19,111469,1,4,0,271.0
10109954SILVAA_2025-09-19_G79,10109954SILVAA,2025-09-19,118140,1,2,0,85.0
10109954SILVAA_2025-09-19_G80,10109954SILVAA,2025-09-19,110313,2,8,17,662.0
10109954SILVAA_2025-09-19_G81,10109954SILVAA,2025-09-19,110742,1,4,0,386.0
10109954SILVAA_2025-09-20_G02,10109954SILVAA,2025-09-20,118299,1,151,0,477.0
10109954SILVAA_2025-09-20_G03,10109954SILVAA,2025-09-20,118417,1,2,0,1226.0
10109954SILVAA_2025-09-20_G04,10109954SILVAA,2025-09-20,111110,1,1,0,79.0
10109954SILVAA_2025-09-20_G05,10109954SILVAA,2025-09-20,117862,1,4,0,119.0
10109954SILVAA_2025-09-20_G06,10109954SILVAA,2025-09-20,107629,1,2,0,49.0
10109954SILVAA_2025-09-20_G07,10109954SILVAA,2025-09-20,117853,1,4,0,93.0
10109954SILVAA_2025-09-20_G08,10109954SILVAA,2025-09-20,141047,1,2,0,69.0
10109954SILVAA_2025-09-20_G09,10109954SILVAA,2025-09-20,109640,1,2,0,289.0
10109954SILVAA_2025-09-20_G10,10109954SILVAA,2025-09-20,118094,1,1,0,67.0
10109954SILVAA_2025-09-20_G11,10109954SILVAA,2025-09-20,117837,2,3,6,43.0
10109954SILVAA_2025-09-20_G12,10109954SILVAA,2025-09-20,141456,1,4,0,859.0
10109954SILVAA_2025-09-20_G13,10109954SILVAA,2025-09-20,111463,2,10,5,57.0
10109954SILVAA_2025-09-20_G14,10109954SILVAA,2025-09-20,118317,1,1,0,104.0
10109954SILVAA_2025-09-20_G15,10109954SILVAA,2025-09-20,109645,1,4,0,82.0
10109954SILVAA_2025-09-20_G16,10109954SILVAA,2025-09-20,141823,1,2,0,92.0
10109954SILVAA_2025-09-20_G17,10109954SILVAA,2025-09-20,109641,1,6,0,210.0
10109954SILVAA_2025-09-20_G18,10109954SILVAA,2025-09-20,141457,1,8,0,124.0
10109954SILVAA_2025-09-20_G19,10109954SILVAA,2025-09-20,111466,1,4,0,96.0
10109954SILVAA_2025-09-20_G20,10109954SILVAA,2025-09-20,"111462, 111444",2,4,24,90.0
10109954SILVAA_2025-09-20_G21,10109954SILVAA,2025-09-20,117821,1,2,0,63.0
10109954SILVAA_2025-09-20_G22,10109954SILVAA,2025-09-20,107236,1,2,0,92.0
10109954SILVAA_2025-09-20_G23,10109954SILVAA,2025-09-20,117809,1,2,0,34.0
10109954SILVAA_2025-09-20_G24,10109954SILVAA,2025-09-20,110375,1,1,0,84.0
10109954SILVAA_2025-09-20_G25,10109954SILVAA,2025-09-20,110742,1,4,0,1007.0
10109954SILVAA_2025-09-20_G26,10109954SILVAA,2025-09-20,110623,1,4,0,46.0
10109954SILVAA_2025-09-20_G27,10109954SILVAA,2025-09-20,111172,1,2,0,60.0
10109954SILVAA_2025-09-20_G28,10109954SILVAA,2025-09-20,110787,1,2,0,50.0
10109954SILVAA_2025-09-20_G29,10109954SILVAA,2025-09-20,111569,1,7,0,1624.0
10109954SILVAA_2025-09-20_G31,10109954SILVAA,2025-09-20,141458,1,12,0,203.0
10109954SILVAA_2025-09-20_G32,10109954SILVAA,2025-09-20,110787,1,4,0,212.0
10109954SILVAA_2025-09-20_G33,10109954SILVAA,2025-09-20,141457,1,9,0,66.0
10109954SILVAA_2025-09-20_G34,10109954SILVAA,2025-09-20,109933,1,5,0,663.0
10109954SILVAA_2025-09-20_G35,10109954SILVAA,2025-09-20,111602,1,3,0,98.0
10109954SILVAA_2025-09-20_G36,10109954SILVAA,2025-09-20,110374,1,2,0,124.0
10109954SILVAA_2025-09-20_G37,10109954SILVAA,2025-09-20,110372,1,2,0,51.0
10109954SILVAA_2025-09-20_G38,10109954SILVAA,2025-09-20,110373,1,1,0,87.0
10109954SILVAA_2025-09-20_G39,10109954SILVAA,2025-09-20,111465,1,1,0,218.0
10109954SILVAA_2025-09-20_G40,10109954SILVAA,2025-09-20,110374,1,4,0,76.0
10109954SILVAA_2025-09-20_G41,10109954SILVAA,2025-09-20,118299,1,17,0,56.0
10109954SILVAA_2025-09-20_G42,10109954SILVAA,2025-09-20,110372,1,4,0,155.0
10109954SILVAA_2025-09-20_G43,10109954SILVAA,2025-09-20,111330,1,4,0,149.0
10109954SILVAA_2025-09-20_G44,10109954SILVAA,2025-09-20,118222,1,8,0,288.0
10109954SILVAA_2025-09-20_G45,10109954SILVAA,2025-09-20,140923,1,73,0,1036.0
10109954SILVAA_2025-09-20_G46,10109954SILVAA,2025-09-20,111569,1,3,0,735.0
10109954SILVAA_2025-09-20_G47,10109954SILVAA,2025-09-20,111330,1,4,0,179.0
10109954SILVAA_2025-09-20_G48,10109954SILVAA,2025-09-20,111469,1,2,0,156.0
10109954SILVAA_2025-09-20_G49,10109954SILVAA,2025-09-20,111418,1,6,0,85.0
10109954SILVAA_2025-09-20_G50,10109954SILVAA,2025-09-20,111465,1,2,0,197.0
10109954SILVAA_2025-09-20_G51,10109954SILVAA,2025-09-20,140923,1,1,0,647.0
10109954SILVAA_2025-09-20_G52,10109954SILVAA,2025-09-20,110374,1,3,0,59.0
10109954SILVAA_2025-09-20_G53,10109954SILVAA,2025-09-20,118140,1,5,0,140.0
10109954SILVAA_2025-09-20_G54,10109954SILVAA,2025-09-20,111418,1,1,0,64.0
10109954SILVAA_2025-09-23_G02,10109954SILVAA,2025-09-23,111530,1,3,0,548.0
10109954SILVAA_2025-09-23_G03,10109954SILVAA,2025-09-23,111602,1,5,0,558.0
10109954SILVAA_2025-09-23_G04,10109954SILVAA,2025-09-23,110895,1,3,0,40.0
10109954SILVAA_2025-09-23_G05,10109954SILVAA,2025-09-23,118290,1,2,0,262.0
10109954SILVAA_2025-09-23_G06,10109954SILVAA,2025-09-23,111602,1,4,0,253.0
10109954SILVAA_2025-09-23_G07,10109954SILVAA,2025-09-23,111444,1,4,0,350.0
10109954SILVAA_2025-09-23_G08,10109954SILVAA,2025-09-23,117821,1,4,0,208.0
10109954SILVAA_2025-09-23_G09,10109954SILVAA,2025-09-23,117833,1,20,0,118.0
10109954SILVAA_2025-09-23_G10,10109954SILVAA,2025-09-23,110375,1,2,0,215.0
10109954SILVAA_2025-09-23_G11,10109954SILVAA,2025-09-23,111418,1,70,0,445.0
10109954SILVAA_2025-09-23_G12,10109954SILVAA,2025-09-23,110374,1,12,0,1533.0
10109954SILVAA_2025-09-23_G13,10109954SILVAA,2025-09-23,117808,1,50,0,193.0
10109954SILVAA_2025-09-23_G14,10109954SILVAA,2025-09-23,110373,1,30,0,237.0
10109954SILVAA_2025-09-23_G15,10109954SILVAA,2025-09-23,117820,1,80,0,692.0
10109954SILVAA_2025-09-23_G16,10109954SILVAA,2025-09-23,110372,1,60,0,489.0
10109954SILVAA_2025-09-23_G17,10109954SILVAA,2025-09-23,118299,1,100,0,604.0
10109954SILVAA_2025-09-23_G18,10109954SILVAA,2025-09-23,111602,1,12,0,286.0
10109954SILVAA_2025-09-23_G19,10109954SILVAA,2025-09-23,110711,1,6,0,109.0
10109954SILVAA_2025-09-23_G20,10109954SILVAA,2025-09-23,111602,1,2,0,162.0
10109954SILVAA_2025-09-23_G21,10109954SILVAA,2025-09-23,111602,1,4,0,62.0
10109954SILVAA_2025-09-23_G22,10109954SILVAA,2025-09-23,110740,1,2,0,1084.0
10109954SILVAA_2025-09-23_G23,10109954SILVAA,2025-09-23,118299,1,40,0,287.0
10109954SILVAA_2025-09-23_G24,10109954SILVAA,2025-09-23,110371,1,1,0,213.0
10109954SILVAA_2025-09-23_G25,10109954SILVAA,2025-09-23,110372,1,20,0,127.0
10109954SILVAA_2025-09-23_G26,10109954SILVAA,2025-09-23,117808,1,50,0,145.0
10109954SILVAA_2025-09-23_G27,10109954SILVAA,2025-09-23,111418,1,6,0,338.0
10109954SILVAA_2025-09-23_G28,10109954SILVAA,2025-09-23,118222,1,2,0,1384.0
10109954SILVAA_2025-09-23_G29,10109954SILVAA,2025-09-23,140923,1,2,0,494.0
10109954SILVAA_2025-09-23_G30,10109954SILVAA,2025-09-23,110747,1,4,0,176.0
10109954SILVAA_2025-09-23_G31,10109954SILVAA,2025-09-23,111418,1,12,0,126.0
10109954SILVAA_2025-09-23_G32,10109954SILVAA,2025-09-23,111468,1,4,0,843.0
10109954SILVAA_2025-09-23_G33,10109954SILVAA,2025-09-23,141458,1,4,0,91.0
10109954SILVAA_2025-09-23_G34,10109954SILVAA,2025-09-23,107236,1,2,0,542.0
10109954SILVAA_2025-09-23_G35,10109954SILVAA,2025-09-23,117808,1,9,0,80.0
10109954SILVAA_2025-09-23_G36,10109954SILVAA,2025-09-23,118299,1,14,0,94.0
10109954SILVAA_2025-09-23_G37,10109954SILVAA,2025-09-23,117809,1,1,0,284.0
10109954SILVAA_2025-09-23_G38,10109954SILVAA,2025-09-23,111530,1,1,0,522.0
10109954SILVAA_2025-09-23_G39,10109954SILVAA,2025-09-23,110711,1,2,0,149.0
10109954SILVAA_2025-09-23_G40,10109954SILVAA,2025-09-23,"110711, 111530",2,4,30,99.0
10109954SILVAA_2025-09-23_G41,10109954SILVAA,2025-09-23,118222,1,4,0,216.0
10109954SILVAA_2025-09-23_G42,10109954SILVAA,2025-09-23,110623,1,4,0,160.0
10109954SILVAA_2025-09-23_G43,10109954SILVAA,2025-09-23,111602,1,4,0,76.0
10109954SILVAA_2025-09-23_G45,10109954SILVAA,2025-09-23,118094,1,8,0,91.0
10109954SILVAA_2025-09-23_G46,10109954SILVAA,2025-09-23,111602,1,8,0,343.0
10109954SILVAA_2025-09-23_G47,10109954SILVAA,2025-09-23,111330,1,12,0,171.0
10109954SILVAA_2025-09-23_G48,10109954SILVAA,2025-09-23,117808,1,20,0,556.0
10109954SILVAA_2025-09-23_G49,10109954SILVAA,2025-09-23,117820,1,12,0,152.0
10109954SILVAA_2025-09-23_G50,10109954SILVAA,2025-09-23,117785,1,10,0,344.0
10109954SILVAA_2025-09-23_G51,10109954SILVAA,2025-09-23,109643,1,5,0,146.0
10109954SILVAA_2025-09-23_G52,10109954SILVAA,2025-09-23,117808,1,24,0,123.0
10109954SILVAA_2025-09-23_G53,10109954SILVAA,2025-09-23,111469,1,8,0,237.0
10109954SILVAA_2025-09-23_G54,10109954SILVAA,2025-09-23,111466,1,8,0,178.0
10109954SILVAA_2025-09-23_G55,10109954SILVAA,2025-09-23,111530,1,2,0,1680.0
10109954SILVAA_2025-09-24_G02,10109954SILVAA,2025-09-24,110752,1,142,0,669.0
10109954SILVAA_2025-09-24_G03,10109954SILVAA,2025-09-24,118140,1,80,0,1849.0
10109954SILVAA_2025-09-24_G04,10109954SILVAA,2025-09-24,111348,1,100,0,1085.0
10109954SILVAA_2025-09-24_G05,10109954SILVAA,2025-09-24,108711,1,50,0,519.0
10109954SILVAA_2025-09-24_G06,10109954SILVAA,2025-09-24,141456,1,60,0,3167.0
10109954SILVAA_2025-09-24_G07,10109954SILVAA,2025-09-24,111469,1,60,0,514.0
10109954SILVAA_2025-09-24_G08,10109954SILVAA,2025-09-24,118317,1,10,0,653.0
10109954SILVAA_2025-09-24_G09,10109954SILVAA,2025-09-24,111463,1,40,0,674.0
10109954SILVAA_2025-09-24_G10,10109954SILVAA,2025-09-24,141457,1,30,0,830.0
10109954SILVAA_2025-09-24_G11,10109954SILVAA,2025-09-24,118140,1,60,0,374.0
10109954SILVAA_2025-09-24_G12,10109954SILVAA,2025-09-24,117785,1,60,0,674.0
10109954SILVAA_2025-09-24_G13,10109954SILVAA,2025-09-24,117821,1,34,0,661.0
10109954SILVAA_2025-09-24_G14,10109954SILVAA,2025-09-24,141458,1,24,0,229.0
10109954SILVAA_2025-09-24_G15,10109954SILVAA,2025-09-24,110325,1,70,0,373.0
10109954SILVAA_2025-09-24_G16,10109954SILVAA,2025-09-24,110325,1,59,0,33.0
10109954SILVAA_2025-09-24_G18,10109954SILVAA,2025-09-24,111743,1,2,0,61.0
10109954SILVAA_2025-09-24_G19,10109954SILVAA,2025-09-24,141823,1,4,0,110.0
10109954SILVAA_2025-09-24_G20,10109954SILVAA,2025-09-24,118140,1,10,0,62.0
10109954SILVAA_2025-09-24_G21,10109954SILVAA,2025-09-24,110733,1,8,0,226.0
10109954SILVAA_2025-09-24_G22,10109954SILVAA,2025-09-24,110895,1,5,0,209.0
10109954SILVAA_2025-09-24_G23,10109954SILVAA,2025-09-24,117820,1,4,0,336.0
10109954SILVAA_2025-09-24_G24,10109954SILVAA,2025-09-24,110748,1,4,0,702.0
10109954SILVAA_2025-09-24_G25,10109954SILVAA,2025-09-24,111602,1,5,0,94.0
10109954SILVAA_2025-09-24_G26,10109954SILVAA,2025-09-24,117788,1,4,0,217.0
10109954SILVAA_2025-09-24_G27,10109954SILVAA,2025-09-24,140923,1,4,0,100.0
10109954SILVAA_2025-09-24_G28,10109954SILVAA,2025-09-24,111530,1,12,0,36.0
10109954SILVAA_2025-09-24_G29,10109954SILVAA,2025-09-24,118317,1,4,0,147.0
10109954SILVAA_2025-09-24_G30,10109954SILVAA,2025-09-24,141457,1,2,0,131.0
10109954SILVAA_2025-09-24_G31,10109954SILVAA,2025-09-24,117831,1,2,0,81.0
10109954SILVAA_2025-09-24_G32,10109954SILVAA,2025-09-24,109643,1,3,0,257.0
10109954SILVAA_2025-09-24_G33,10109954SILVAA,2025-09-24,117840,1,2,0,115.0
10109954SILVAA_2025-09-24_G34,10109954SILVAA,2025-09-24,110325,2,6,9,54.0
10109954SILVAA_2025-09-24_G35,10109954SILVAA,2025-09-24,117830,1,2,0,100.0
10109954SILVAA_2025-09-24_G36,10109954SILVAA,2025-09-24,117834,1,4,0,353.0
10109954SILVAA_2025-09-24_G37,10109954SILVAA,2025-09-24,111655,1,4,0,228.0
10109954SILVAA_2025-09-24_G38,10109954SILVAA,2025-09-24,111530,1,4,0,76.0
10109954SILVAA_2025-09-24_G39,10109954SILVAA,2025-09-24,117855,1,4,0,59.0
10109954SILVAA_2025-09-24_G40,10109954SILVAA,2025-09-24,111602,1,1,0,178.0
10109954SILVAA_2025-09-24_G41,10109954SILVAA,2025-09-24,"111467, 110313",2,12,20,81.0
10109954SILVAA_2025-09-24_G42,10109954SILVAA,2025-09-24,110325,1,4,0,96.0
10109954SILVAA_2025-09-24_G43,10109954SILVAA,2025-09-24,110373,1,20,0,46.0
10109954SILVAA_2025-09-25_G02,10109954SILVAA,2025-09-25,108759,1,2,0,621.0
10109954SILVAA_2025-09-25_G03,10109954SILVAA,2025-09-25,111440,2,8,10,77.0
10109954SILVAA_2025-09-25_G04,10109954SILVAA,2025-09-25,100334,1,2,0,130.0
10109954SILVAA_2025-09-25_G05,10109954SILVAA,2025-09-25,117856,1,8,0,450.0
10109954SILVAA_2025-09-25_G06,10109954SILVAA,2025-09-25,110741,1,2,0,78.0
10109954SILVAA_2025-09-25_G07,10109954SILVAA,2025-09-25,"117862, 107629",2,4,26,56.0
10109954SILVAA_2025-09-25_G08,10109954SILVAA,2025-09-25,111530,1,3,0,38.0
10109954SILVAA_2025-09-25_G09,10109954SILVAA,2025-09-25,117855,2,9,6,90.0
10109954SILVAA_2025-09-25_G10,10109954SILVAA,2025-09-25,111602,1,2,0,147.0
10109954SILVAA_2025-09-25_G11,10109954SILVAA,2025-09-25,111467,2,15,8,47.0
10109954SILVAA_2025-09-25_G12,10109954SILVAA,2025-09-25,118094,2,6,6,211.0
10109954SILVAA_2025-09-25_G13,10109954SILVAA,2025-09-25,141456,1,2,0,192.0
10109954SILVAA_2025-09-25_G14,10109954SILVAA,2025-09-25,108795,1,2,0,488.0
10109954SILVAA_2025-09-25_G15,10109954SILVAA,2025-09-25,110751,1,2,0,52.0
10109954SILVAA_2025-09-25_G16,10109954SILVAA,2025-09-25,118317,1,2,0,51.0
10109954SILVAA_2025-09-25_G17,10109954SILVAA,2025-09-25,111463,1,12,0,238.0
10109954SILVAA_2025-09-25_G18,10109954SILVAA,2025-09-25,109641,1,2,0,138.0
10109954SILVAA_2025-09-25_G19,10109954SILVAA,2025-09-25,111743,1,4,0,55.0
10109954SILVAA_2025-09-25_G20,10109954SILVAA,2025-09-25,111435,1,4,0,1691.0
10109954SILVAA_2025-09-25_G21,10109954SILVAA,2025-09-25,"108798, 111532",2,3,28,70.0
10109954SILVAA_2025-09-25_G22,10109954SILVAA,2025-09-25,111418,2,15,6,119.0
10109954SILVAA_2025-09-25_G23,10109954SILVAA,2025-09-25,118140,2,16,11,334.0
10109954SILVAA_2025-09-25_G24,10109954SILVAA,2025-09-25,117785,1,6,0,236.0
10109954SILVAA_2025-09-25_G25,10109954SILVAA,2025-09-25,111462,1,7,0,87.0
10109954SILVAA_2025-09-25_G26,10109954SILVAA,2025-09-25,111444,1,4,0,88.0
10109954SILVAA_2025-09-25_G27,10109954SILVAA,2025-09-25,117821,1,3,0,204.0
10109954SILVAA_2025-09-25_G28,10109954SILVAA,2025-09-25,"141458, 117831",2,8,19,51.0
10109954SILVAA_2025-09-25_G29,10109954SILVAA,2025-09-25,107236,1,4,0,71.0
10109954SILVAA_2025-09-25_G30,10109954SILVAA,2025-09-25,111465,1,1,0,59.0
10109954SILVAA_2025-09-25_G31,10109954SILVAA,2025-09-25,111466,1,21,0,49.0
10109954SILVAA_2025-09-25_G32,10109954SILVAA,2025-09-25,110374,1,13,0,194.0
10109954SILVAA_2025-09-25_G33,10109954SILVAA,2025-09-25,109643,1,8,0,79.0
10109954SILVAA_2025-09-25_G34,10109954SILVAA,2025-09-25,107830,1,6,0,214.0
10109954SILVAA_2025-09-25_G35,10109954SILVAA,2025-09-25,117832,1,3,0,200.0
10109954SILVAA_2025-09-25_G36,10109954SILVAA,2025-09-25,110372,2,21,9,65.0
10109954SILVAA_2025-09-25_G37,10109954SILVAA,2025-09-25,117808,2,9,5,188.0
10109954SILVAA_2025-09-25_G38,10109954SILVAA,2025-09-25,118299,2,15,11,79.0
10109954SILVAA_2025-09-25_G39,10109954SILVAA,2025-09-25,141202,1,1,0,128.0
10109954SILVAA_2025-09-25_G40,10109954SILVAA,2025-09-25,110325,2,10,5,43.0
10109954SILVAA_2025-09-25_G41,10109954SILVAA,2025-09-25,117809,1,3,0,69.0
10109954SILVAA_2025-09-25_G42,10109954SILVAA,2025-09-25,109643,1,9,0,120.0
10109954SILVAA_2025-09-25_G43,10109954SILVAA,2025-09-25,117820,1,14,0,353.0
10109954SILVAA_2025-09-25_G44,10109954SILVAA,2025-09-25,111330,1,8,0,2645.0
10109954SILVAA_2025-09-25_G45,10109954SILVAA,2025-09-25,111530,1,3,0,217.0
10109954SILVAA_2025-09-25_G46,10109954SILVAA,2025-09-25,111743,1,3,0,129.0
10109954SILVAA_2025-09-25_G47,10109954SILVAA,2025-09-25,118140,1,10,0,93.0
10109954SILVAA_2025-09-25_G48,10109954SILVAA,2025-09-25,118140,1,20,0,34.0
10109954SILVAA_2025-09-25_G49,10109954SILVAA,2025-09-25,140923,2,22,6,2841.0
10109954SILVAA_2025-09-25_G50,10109954SILVAA,2025-09-25,111530,2,12,9,128.0
10109954SILVAA_2025-09-25_G51,10109954SILVAA,2025-09-25,118290,1,1,0,403.0
10109954SILVAA_2025-09-25_G52,10109954SILVAA,2025-09-25,118140,2,32,9,192.0
10109954SILVAA_2025-09-25_G54,10109954SILVAA,2025-09-25,110373,2,38,14,2057.0
10109954SILVAA_2025-09-25_G55,10109954SILVAA,2025-09-25,140923,1,200,0,1636.0
10109954SILVAA_2025-09-26_G02,10109954SILVAA,2025-09-26,141047,1,14,0,172.0
10109954SILVAA_2025-09-26_G03,10109954SILVAA,2025-09-26,111876,1,12,0,885.0
10109954SILVAA_2025-09-26_G04,10109954SILVAA,2025-09-26,107629,1,10,0,320.0
10109954SILVAA_2025-09-26_G05,10109954SILVAA,2025-09-26,111650,1,4,0,235.0
10109954SILVAA_2025-09-26_G06,10109954SILVAA,2025-09-26,117965,2,28,12,64.0
10109954SILVAA_2025-09-26_G07,10109954SILVAA,2025-09-26,117935,1,18,0,334.0
10109954SILVAA_2025-09-26_G08,10109954SILVAA,2025-09-26,117861,1,20,0,290.0
10109954SILVAA_2025-09-26_G09,10109954SILVAA,2025-09-26,117853,1,4,0,201.0
10109954SILVAA_2025-09-26_G10,10109954SILVAA,2025-09-26,110733,1,12,0,403.0
10109954SILVAA_2025-09-26_G11,10109954SILVAA,2025-09-26,109647,1,8,0,88.0
10109954SILVAA_2025-09-26_G12,10109954SILVAA,2025-09-26,108772,2,10,8,172.0
10109954SILVAA_2025-09-26_G13,10109954SILVAA,2025-09-26,110063,1,3,0,1817.0
10109954SILVAA_2025-09-26_G14,10109954SILVAA,2025-09-26,140923,1,40,0,760.0
10109954SILVAA_2025-09-26_G15,10109954SILVAA,2025-09-26,111530,1,40,0,457.0
10109954SILVAA_2025-09-26_G16,10109954SILVAA,2025-09-26,117855,2,36,7,296.0
10109954SILVAA_2025-09-26_G17,10109954SILVAA,2025-09-26,141352,1,20,0,581.0
10109954SILVAA_2025-09-26_G18,10109954SILVAA,2025-09-26,109643,1,20,0,311.0
10109954SILVAA_2025-09-26_G19,10109954SILVAA,2025-09-26,110372,2,40,6,230.0
10109954SILVAA_2025-09-26_G20,10109954SILVAA,2025-09-26,118299,1,110,0,601.0
10109954SILVAA_2025-09-26_G21,10109954SILVAA,2025-09-26,110373,2,40,5,340.0
10109954SILVAA_2025-09-26_G22,10109954SILVAA,2025-09-26,117820,1,40,0,675.0
10109954SILVAA_2025-09-26_G23,10109954SILVAA,2025-09-26,141202,2,32,8,647.0
10109954SILVAA_2025-09-26_G24,10109954SILVAA,2025-09-26,117830,2,44,8,226.0
10109954SILVAA_2025-09-26_G25,10109954SILVAA,2025-09-26,110339,1,2,0,3157.0
10109954SILVAA_2025-09-26_G26,10109954SILVAA,2025-09-26,140923,1,12,0,1023.0
10109954SILVAA_2025-09-26_G27,10109954SILVAA,2025-09-26,110895,1,2,0,329.0
10109954SILVAA_2025-09-26_G28,10109954SILVAA,2025-09-26,118418,1,1,0,283.0
10109954SILVAA_2025-09-26_G29,10109954SILVAA,2025-09-26,109643,1,2,0,91.0
10109954SILVAA_2025-09-26_G30,10109954SILVAA,2025-09-26,"107629, 111530",2,3,13,101.0
10109954SILVAA_2025-09-26_G31,10109954SILVAA,2025-09-26,110733,1,2,0,87.0
10109954SILVAA_2025-09-26_G32,10109954SILVAA,2025-09-26,111467,1,4,0,130.0
10109954SILVAA_2025-09-26_G33,10109954SILVAA,2025-09-26,141458,1,4,0,122.0
10109954SILVAA_2025-09-26_G34,10109954SILVAA,2025-09-26,105705,1,1,0,209.0
10109954SILVAA_2025-09-26_G35,10109954SILVAA,2025-09-26,117838,1,4,0,486.0
10109954SILVAA_2025-09-26_G36,10109954SILVAA,2025-09-26,140922,1,2,0,67.0
10109954SILVAA_2025-09-26_G37,10109954SILVAA,2025-09-26,108798,1,2,0,151.0
10109954SILVAA_2025-09-26_G38,10109954SILVAA,2025-09-26,117787,1,2,0,344.0
10109954SILVAA_2025-09-26_G39,10109954SILVAA,2025-09-26,110787,1,6,0,450.0
10109954SILVAA_2025-09-26_G40,10109954SILVAA,2025-09-26,111418,1,3,0,104.0
10109954SILVAA_2025-09-26_G41,10109954SILVAA,2025-09-26,118140,1,8,0,214.0
10109954SILVAA_2025-09-26_G42,10109954SILVAA,2025-09-26,117821,1,2,0,163.0
10109954SILVAA_2025-09-26_G43,10109954SILVAA,2025-09-26,111468,1,6,0,62.0
10109954SILVAA_2025-09-26_G44,10109954SILVAA,2025-09-26,107236,1,2,0,112.0
10109954SILVAA_2025-09-26_G45,10109954SILVAA,2025-09-26,110745,1,2,0,34.0
10109954SILVAA_2025-09-26_G46,10109954SILVAA,2025-09-26,110895,1,5,0,472.0
10109954SILVAA_2025-09-26_G47,10109954SILVAA,2025-09-26,141066,1,1,0,242.0
10109954SILVAA_2025-09-26_G48,10109954SILVAA,2025-09-26,110754,1,2,0,350.0
10109954SILVAA_2025-09-26_G49,10109954SILVAA,2025-09-26,140923,1,4,0,127.0
10109954SILVAA_2025-09-26_G50,10109954SILVAA,2025-09-26,117862,1,1,0,47.0
10109954SILVAA_2025-09-26_G51,10109954SILVAA,2025-09-26,117855,1,4,0,90.0
10109954SILVAA_2025-09-26_G52,10109954SILVAA,2025-09-26,118094,1,2,0,114.0
10109954SILVAA_2025-09-26_G53,10109954SILVAA,2025-09-26,140922,1,2,0,124.0
10109954SILVAA_2025-09-26_G55,10109954SILVAA,2025-09-26,109640,1,2,0,972.0
10109954SILVAA_2025-09-26_G56,10109954SILVAA,2025-09-26,111602,1,1,0,954.0
10109954SILVAA_2025-09-26_G57,10109954SILVAA,2025-09-26,118140,1,8,0,497.0
10109954SILVAA_2025-09-27_G02,10109954SILVAA,2025-09-27,118283,1,30,0,364.0
10109954SILVAA_2025-09-27_G03,10109954SILVAA,2025-09-27,118285,1,60,0,480.0
10109954SILVAA_2025-09-27_G05,10109954SILVAA,2025-09-27,110895,1,2,0,327.0
10109954SILVAA_2025-09-27_G06,10109954SILVAA,2025-09-27,117786,1,13,0,993.0
10109954SILVAA_2025-09-27_G07,10109954SILVAA,2025-09-27,141047,1,8,0,642.0
10109954SILVAA_2025-09-27_G08,10109954SILVAA,2025-09-27,117856,1,23,0,284.0
10109954SILVAA_2025-09-27_G09,10109954SILVAA,2025-09-27,107629,1,4,0,478.0
10109954SILVAA_2025-09-27_G10,10109954SILVAA,2025-09-27,111530,1,18,0,446.0
10109954SILVAA_2025-09-27_G11,10109954SILVAA,2025-09-27,140923,1,6,0,335.0
10109954SILVAA_2025-09-27_G12,10109954SILVAA,2025-09-27,117861,1,12,0,118.0
10109954SILVAA_2025-09-27_G13,10109954SILVAA,2025-09-27,117853,1,2,0,150.0
10109954SILVAA_2025-09-27_G14,10109954SILVAA,2025-09-27,141456,1,60,0,485.0
10109954SILVAA_2025-09-27_G15,10109954SILVAA,2025-09-27,111469,1,1,0,234.0
10109954SILVAA_2025-09-27_G16,10109954SILVAA,2025-09-27,140922,1,4,0,464.0
10109954SILVAA_2025-09-27_G17,10109954SILVAA,2025-09-27,141823,1,20,0,238.0
10109954SILVAA_2025-09-27_G18,10109954SILVAA,2025-09-27,110787,1,11,0,1100.0
10109954SILVAA_2025-09-27_G19,10109954SILVAA,2025-09-27,118140,1,13,0,471.0
10109954SILVAA_2025-09-27_G20,10109954SILVAA,2025-09-27,141458,1,14,0,147.0
10109954SILVAA_2025-09-27_G21,10109954SILVAA,2025-09-27,117785,1,26,0,1301.0
10109954SILVAA_2025-09-27_G22,10109954SILVAA,2025-09-27,141456,1,11,0,1419.0
10109954SILVAA_2025-09-27_G23,10109954SILVAA,2025-09-27,111469,1,13,0,227.0
10109954SILVAA_2025-09-27_G24,10109954SILVAA,2025-09-27,111469,1,30,0,47.0
10109954SILVAA_2025-09-27_G25,10109954SILVAA,2025-09-27,111463,2,18,15,624.0
10109954SILVAA_2025-09-27_G26,10109954SILVAA,2025-09-27,108711,2,16,19,492.0
10109954SILVAA_2025-09-27_G27,10109954SILVAA,2025-09-27,109641,1,4,0,330.0
10109954SILVAA_2025-09-27_G28,10109954SILVAA,2025-09-27,160055,2,6,6,84.0
10109954SILVAA_2025-09-27_G29,10109954SILVAA,2025-09-27,111743,1,60,0,243.0
10109954SILVAA_2025-09-27_G30,10109954SILVAA,2025-09-27,111435,1,3,0,964.0
10109954SILVAA_2025-09-27_G32,10109954SILVAA,2025-09-27,117787,1,4,0,374.0
10109954SILVAA_2025-09-27_G33,10109954SILVAA,2025-09-27,111465,2,19,8,94.0
10109954SILVAA_2025-09-27_G34,10109954SILVAA,2025-09-27,111468,1,2,0,372.0
10109954SILVAA_2025-09-27_G35,10109954SILVAA,2025-09-27,118299,1,110,0,428.0
10109954SILVAA_2025-09-27_G36,10109954SILVAA,2025-09-27,111462,1,500,0,829.0
10109954SILVAA_2025-09-29_G02,10109954SILVAA,2025-09-29,111602,1,4,0,310.0
10109954SILVAA_2025-09-29_G03,10109954SILVAA,2025-09-29,118299,1,360,0,1426.0
10109954SILVAA_2025-09-29_G04,10109954SILVAA,2025-09-29,117809,1,30,0,306.0
10109954SILVAA_2025-09-29_G06,10109954SILVAA,2025-09-29,117856,1,10,0,1288.0
10109954SILVAA_2025-09-29_G07,10109954SILVAA,2025-09-29,110339,1,8,0,258.0
10109954SILVAA_2025-09-29_G08,10109954SILVAA,2025-09-29,141456,1,4,0,138.0
10109954SILVAA_2025-09-29_G09,10109954SILVAA,2025-09-29,117785,1,10,0,85.0
10109954SILVAA_2025-09-29_G10,10109954SILVAA,2025-09-29,108711,2,30,10,101.0
10109954SILVAA_2025-09-29_G11,10109954SILVAA,2025-09-29,111530,1,40,0,1611.0
10109954SILVAA_2025-09-29_G12,10109954SILVAA,2025-09-29,117855,1,50,0,312.0
10109954SILVAA_2025-09-29_G13,10109954SILVAA,2025-09-29,111602,1,34,0,139.0
10109954SILVAA_2025-09-29_G14,10109954SILVAA,2025-09-29,118299,1,30,0,344.0
10109954SILVAA_2025-09-29_G15,10109954SILVAA,2025-09-29,110372,2,120,7,265.0
10109954SILVAA_2025-09-29_G16,10109954SILVAA,2025-09-29,111532,2,60,21,299.0
10109954SILVAA_2025-09-29_G17,10109954SILVAA,2025-09-29,108794,1,30,0,335.0
10109954SILVAA_2025-09-29_G18,10109954SILVAA,2025-09-29,110373,1,60,0,258.0
10109954SILVAA_2025-09-29_G19,10109954SILVAA,2025-09-29,117808,1,110,0,789.0
10109954SILVAA_2025-09-29_G20,10109954SILVAA,2025-09-29,110371,1,60,0,268.0
10109954SILVAA_2025-09-30_G02,10109954SILVAA,2025-09-30,141456,1,4,0,84.0
10109954SILVAA_2025-09-30_G03,10109954SILVAA,2025-09-30,111435,1,2,0,191.0
10109954SILVAA_2025-09-30_G04,10109954SILVAA,2025-09-30,111418,1,10,0,46.0
10109954SILVAA_2025-09-30_G05,10109954SILVAA,2025-09-30,111462,1,2,0,166.0
10109954SILVAA_2025-09-30_G06,10109954SILVAA,2025-09-30,"117831, 118140",2,3,24,119.0
10109954SILVAA_2025-09-30_G07,10109954SILVAA,2025-09-30,117785,1,5,0,172.0
10109954SILVAA_2025-09-30_G08,10109954SILVAA,2025-09-30,110372,1,11,0,94.0
10109954SILVAA_2025-09-30_G09,10109954SILVAA,2025-09-30,117808,1,10,0,115.0
10109954SILVAA_2025-09-30_G10,10109954SILVAA,2025-09-30,110376,1,1,0,227.0
10109954SILVAA_2025-09-30_G11,10109954SILVAA,2025-09-30,141202,1,4,0,77.0
10109954SILVAA_2025-09-30_G12,10109954SILVAA,2025-09-30,110373,1,3,0,56.0
10109954SILVAA_2025-09-30_G13,10109954SILVAA,2025-09-30,117830,1,2,0,64.0
10109954SILVAA_2025-09-30_G14,10109954SILVAA,2025-09-30,118299,1,10,0,81.0
10109954SILVAA_2025-09-30_G15,10109954SILVAA,2025-09-30,110747,1,2,0,480.0
10109954SILVAA_2025-09-30_G16,10109954SILVAA,2025-09-30,140922,1,8,0,159.0
10109954SILVAA_2025-09-30_G17,10109954SILVAA,2025-09-30,110372,1,6,0,132.0
10109954SILVAA_2025-09-30_G18,10109954SILVAA,2025-09-30,110373,1,5,0,150.0
10109954SILVAA_2025-09-30_G19,10109954SILVAA,2025-09-30,117830,1,3,0,109.0
10109954SILVAA_2025-09-30_G20,10109954SILVAA,2025-09-30,118299,1,30,0,1426.0
10109954SILVAA_2025-09-30_G21,10109954SILVAA,2025-09-30,108794,1,6,0,159.0
10109954SILVAA_2025-09-30_G22,10109954SILVAA,2025-09-30,110371,1,2,0,927.0
10109954SILVAA_2025-09-30_G23,10109954SILVAA,2025-09-30,110372,1,10,0,91.0
10109954SILVAA_2025-09-30_G24,10109954SILVAA,2025-09-30,117808,1,20,0,229.0
10109954SILVAA_2025-09-30_G25,10109954SILVAA,2025-09-30,110373,1,2,0,125.0
10109954SILVAA_2025-09-30_G26,10109954SILVAA,2025-09-30,111182,1,8,0,1068.0
10109954SILVAA_2025-09-30_G27,10109954SILVAA,2025-09-30,110325,2,6,6,845.0
10109954SILVAA_2025-09-30_G28,10109954SILVAA,2025-09-30,108794,1,6,0,311.0
10109954SILVAA_2025-09-30_G29,10109954SILVAA,2025-09-30,110787,1,5,0,2275.0
10109954SILVAA_2025-09-30_G30,10109954SILVAA,2025-09-30,118140,1,2,0,157.0
10109954SILVAA_2025-09-30_G31,10109954SILVAA,2025-09-30,110325,1,6,0,162.0
10109954SILVAA_2025-09-30_G32,10109954SILVAA,2025-09-30,108772,1,2,0,166.0
10109954SILVAA_2025-09-30_G33,10109954SILVAA,2025-09-30,111354,2,2,9,238.0
10109954SILVAA_2025-09-30_G34,10109954SILVAA,2025-09-30,111182,1,2,0,547.0
10109954SILVAA_2025-09-30_G35,10109954SILVAA,2025-09-30,111530,1,1,0,2573.0
10109954SILVAA_2025-09-30_G36,10109954SILVAA,2025-09-30,141456,1,4,0,862.0
10109954SILVAA_2025-09-30_G37,10109954SILVAA,2025-09-30,111469,1,4,0,59.0
10109954SILVAA_2025-09-30_G38,10109954SILVAA,2025-09-30,110751,1,6,0,139.0
10109954SILVAA_2025-09-30_G39,10109954SILVAA,2025-09-30,110787,1,4,0,95.0
10109954SILVAA_2025-09-30_G40,10109954SILVAA,2025-09-30,140922,1,4,0,1383.0
10109954SILVAA_2025-09-30_G41,10109954SILVAA,2025-09-30,108711,1,5,0,81.0
10109954SILVAA_2025-09-30_G42,10109954SILVAA,2025-09-30,111465,1,2,0,87.0
10109954SILVAA_2025-09-30_G44,10109954SILVAA,2025-09-30,117855,1,120,0,717.0
10109954SILVAA_2025-09-30_G45,10109954SILVAA,2025-09-30,111569,1,25,0,587.0
10109954SILVAA_2025-09-30_G46,10109954SILVAA,2025-09-30,110895,1,45,0,720.0
10109954SILVAA_2025-10-02_G02,10109954SILVAA,2025-10-02,111569,1,12,0,178.0
10109954SILVAA_2025-10-02_G03,10109954SILVAA,2025-10-02,111447,1,117,0,872.0
10109954SILVAA_2025-10-02_G04,10109954SILVAA,2025-10-02,108759,1,16,0,829.0
10109954SILVAA_2025-10-02_G05,10109954SILVAA,2025-10-02,111655,1,17,0,408.0
10109954SILVAA_2025-10-02_G06,10109954SILVAA,2025-10-02,141047,1,14,0,558.0
10109954SILVAA_2025-10-02_G07,10109954SILVAA,2025-10-02,108798,1,75,0,618.0
10109954SILVAA_2025-10-02_G08,10109954SILVAA,2025-10-02,111172,1,11,0,254.0
10109954SILVAA_2025-10-04_G02,10109954SILVAA,2025-10-04,140922,1,12,0,142.0
10109954SILVAA_2025-10-04_G03,10109954SILVAA,2025-10-04,108794,1,4,0,195.0
10109954SILVAA_2025-10-04_G04,10109954SILVAA,2025-10-04,116527,1,1,0,257.0
10109954SILVAA_2025-10-04_G05,10109954SILVAA,2025-10-04,110895,1,6,0,64.0
10109954SILVAA_2025-10-04_G06,10109954SILVAA,2025-10-04,110711,1,14,0,159.0
10109954SILVAA_2025-10-04_G07,10109954SILVAA,2025-10-04,111602,1,5,0,153.0
10109954SILVAA_2025-10-04_G08,10109954SILVAA,2025-10-04,111463,1,12,0,109.0
10109954SILVAA_2025-10-04_G09,10109954SILVAA,2025-10-04,"111443, 110740",2,10,28,89.0
10109954SILVAA_2025-10-04_G10,10109954SILVAA,2025-10-04,140922,1,7,0,800.0
10109954SILVAA_2025-10-04_G11,10109954SILVAA,2025-10-04,117821,1,12,0,143.0
10109954SILVAA_2025-10-04_G12,10109954SILVAA,2025-10-04,117808,1,4,0,129.0
10109954SILVAA_2025-10-04_G13,10109954SILVAA,2025-10-04,117820,1,8,0,111.0
10109954SILVAA_2025-10-04_G14,10109954SILVAA,2025-10-04,110374,1,2,0,465.0
10109954SILVAA_2025-10-04_G15,10109954SILVAA,2025-10-04,107830,1,2,0,56.0
10109954SILVAA_2025-10-04_G16,10109954SILVAA,2025-10-04,117820,1,6,0,56.0
10109954SILVAA_2025-10-04_G17,10109954SILVAA,2025-10-04,141202,1,5,0,131.0
10109954SILVAA_2025-10-04_G18,10109954SILVAA,2025-10-04,117809,1,2,0,104.0
10109970SOARESW_2025-08-20_G02,10109970SOARESW,2025-08-20,117820,1,540,0,2451.0
10109970SOARESW_2025-08-20_G03,10109970SOARESW,2025-08-20,111430,1,30,0,1774.0
10109970SOARESW_2025-08-21_G02,10109970SOARESW,2025-08-21,108759,1,3,0,255.0
10109970SOARESW_2025-08-21_G03,10109970SOARESW,2025-08-21,110895,1,12,0,322.0
10109970SOARESW_2025-08-21_G04,10109970SOARESW,2025-08-21,118253,1,2,0,102.0
10109970SOARESW_2025-08-21_G05,10109970SOARESW,2025-08-21,109471,1,2,0,134.0
10109970SOARESW_2025-08-21_G06,10109970SOARESW,2025-08-21,111861,1,5,0,171.0
10109970SOARESW_2025-08-21_G07,10109970SOARESW,2025-08-21,111861,1,1,0,64.0
10109970SOARESW_2025-08-21_G08,10109970SOARESW,2025-08-21,111569,1,2,0,118.0
10109970SOARESW_2025-08-21_G09,10109970SOARESW,2025-08-21,107892,1,4,0,494.0
10109970SOARESW_2025-08-21_G10,10109970SOARESW,2025-08-21,110754,1,4,0,398.0
10109970SOARESW_2025-08-21_G11,10109970SOARESW,2025-08-21,110681,1,3,0,2331.0
10109970SOARESW_2025-08-21_G12,10109970SOARESW,2025-08-21,117854,1,10,0,1287.0
10109970SOARESW_2025-08-21_G13,10109970SOARESW,2025-08-21,141066,1,5,0,154.0
10109970SOARESW_2025-08-21_G14,10109970SOARESW,2025-08-21,117862,1,20,0,1172.0
10109970SOARESW_2025-08-21_G15,10109970SOARESW,2025-08-21,117855,1,10,0,281.0
10109970SOARESW_2025-08-21_G16,10109970SOARESW,2025-08-21,107629,1,5,0,127.0
10109970SOARESW_2025-08-21_G17,10109970SOARESW,2025-08-21,111876,1,4,0,84.0
10109970SOARESW_2025-08-21_G18,10109970SOARESW,2025-08-21,108361,1,10,0,945.0
10109970SOARESW_2025-08-21_G19,10109970SOARESW,2025-08-21,109640,1,10,0,148.0
10109970SOARESW_2025-08-21_G20,10109970SOARESW,2025-08-21,110339,1,12,0,216.0
10109970SOARESW_2025-08-21_G21,10109970SOARESW,2025-08-21,111467,1,15,0,382.0
10109970SOARESW_2025-08-21_G22,10109970SOARESW,2025-08-21,110752,1,10,0,565.0
10109970SOARESW_2025-08-21_G23,10109970SOARESW,2025-08-21,110313,1,7,0,214.0
10109970SOARESW_2025-08-21_G24,10109970SOARESW,2025-08-21,110515,1,16,0,197.0
10109970SOARESW_2025-08-21_G26,10109970SOARESW,2025-08-21,108711,1,5,0,191.0
10109970SOARESW_2025-08-21_G27,10109970SOARESW,2025-08-21,111463,1,12,0,152.0
10109970SOARESW_2025-08-21_G28,10109970SOARESW,2025-08-21,110787,1,6,0,237.0
10109970SOARESW_2025-08-21_G29,10109970SOARESW,2025-08-21,141202,1,4,0,623.0
10109970SOARESW_2025-08-21_G30,10109970SOARESW,2025-08-21,111469,1,6,0,162.0
10109970SOARESW_2025-08-21_G31,10109970SOARESW,2025-08-21,111466,1,2,0,145.0
10109970SOARESW_2025-08-21_G32,10109970SOARESW,2025-08-21,111466,1,23,0,469.0
10109970SOARESW_2025-08-21_G33,10109970SOARESW,2025-08-21,110787,1,4,0,164.0
10109970SOARESW_2025-08-21_G34,10109970SOARESW,2025-08-21,141823,1,8,0,406.0
10109970SOARESW_2025-08-21_G35,10109970SOARESW,2025-08-21,141823,1,8,0,311.0
10109970SOARESW_2025-08-21_G36,10109970SOARESW,2025-08-21,117809,1,10,0,801.0
10109970SOARESW_2025-08-21_G37,10109970SOARESW,2025-08-21,111469,1,4,0,165.0
10109970SOARESW_2025-08-21_G38,10109970SOARESW,2025-08-21,117856,1,4,0,248.0
10109970SOARESW_2025-08-21_G39,10109970SOARESW,2025-08-21,117856,1,4,0,85.0
10109970SOARESW_2025-08-21_G40,10109970SOARESW,2025-08-21,141047,1,2,0,119.0
10109970SOARESW_2025-08-21_G41,10109970SOARESW,2025-08-21,108794,1,4,0,281.0
10109970SOARESW_2025-08-21_G42,10109970SOARESW,2025-08-21,110733,1,8,0,380.0
10109970SOARESW_2025-08-21_G43,10109970SOARESW,2025-08-21,108795,1,3,0,125.0
10109970SOARESW_2025-08-21_G44,10109970SOARESW,2025-08-21,111743,1,2,0,96.0
10109970SOARESW_2025-08-21_G45,10109970SOARESW,2025-08-21,141823,1,3,0,175.0
10109970SOARESW_2025-08-21_G46,10109970SOARESW,2025-08-21,111466,1,12,0,1489.0
10109970SOARESW_2025-08-21_G47,10109970SOARESW,2025-08-21,117808,1,14,0,193.0
10109970SOARESW_2025-08-21_G48,10109970SOARESW,2025-08-21,110372,1,12,0,153.0
10109970SOARESW_2025-08-22_G02,10109970SOARESW,2025-08-22,117809,1,6,0,2202.0
10109970SOARESW_2025-08-22_G03,10109970SOARESW,2025-08-22,108711,1,2,0,281.0
10109970SOARESW_2025-08-22_G04,10109970SOARESW,2025-08-22,140922,1,3,0,180.0
10109970SOARESW_2025-08-22_G05,10109970SOARESW,2025-08-22,111468,1,1,0,1821.0
10109970SOARESW_2025-08-22_G06,10109970SOARESW,2025-08-22,117856,1,2,0,216.0
10109970SOARESW_2025-08-22_G07,10109970SOARESW,2025-08-22,117856,1,2,0,52.0
10109970SOARESW_2025-08-22_G08,10109970SOARESW,2025-08-22,110895,1,4,0,142.0
10109970SOARESW_2025-08-22_G09,10109970SOARESW,2025-08-22,111743,1,12,0,3087.0
10109970SOARESW_2025-08-22_G10,10109970SOARESW,2025-08-22,140922,1,2,0,102.0
10109970SOARESW_2025-08-22_G12,10109970SOARESW,2025-08-22,109471,1,2,0,133.0
10109970SOARESW_2025-08-22_G13,10109970SOARESW,2025-08-22,107830,1,6,0,169.0
10109970SOARESW_2025-08-22_G14,10109970SOARESW,2025-08-22,117808,1,25,0,857.0
10109970SOARESW_2025-08-22_G15,10109970SOARESW,2025-08-22,117820,1,4,0,181.0
10109970SOARESW_2025-08-22_G16,10109970SOARESW,2025-08-22,110325,1,4,0,84.0
10109970SOARESW_2025-08-22_G17,10109970SOARESW,2025-08-22,117809,1,6,0,211.0
10109970SOARESW_2025-08-22_G18,10109970SOARESW,2025-08-22,110373,1,2,0,79.0
10109970SOARESW_2025-08-22_G19,10109970SOARESW,2025-08-22,110372,1,25,0,517.0
10109970SOARESW_2025-08-22_G20,10109970SOARESW,2025-08-22,118299,1,20,0,323.0
10109970SOARESW_2025-08-22_G21,10109970SOARESW,2025-08-22,117830,1,1,0,33.0
10109970SOARESW_2025-08-22_G22,10109970SOARESW,2025-08-22,141202,1,2,0,59.0
10109970SOARESW_2025-08-22_G23,10109970SOARESW,2025-08-22,110371,1,6,0,346.0
10109970SOARESW_2025-08-22_G24,10109970SOARESW,2025-08-22,117788,1,1,0,117.0
10109970SOARESW_2025-08-22_G25,10109970SOARESW,2025-08-22,117856,1,8,0,253.0
10109970SOARESW_2025-08-22_G26,10109970SOARESW,2025-08-22,110339,1,4,0,223.0
10109970SOARESW_2025-08-22_G27,10109970SOARESW,2025-08-22,110753,1,2,0,223.0
10109970SOARESW_2025-08-22_G28,10109970SOARESW,2025-08-22,118222,1,1,0,758.0
10109970SOARESW_2025-08-22_G29,10109970SOARESW,2025-08-22,118418,1,2,0,135.0
10109970SOARESW_2025-08-22_G30,10109970SOARESW,2025-08-22,103149,1,2,0,179.0
10109970SOARESW_2025-08-22_G31,10109970SOARESW,2025-08-22,141318,1,4,0,180.0
10109970SOARESW_2025-08-22_G32,10109970SOARESW,2025-08-22,111660,1,4,0,94.0
10109970SOARESW_2025-08-22_G33,10109970SOARESW,2025-08-22,111530,1,8,0,265.0
10109970SOARESW_2025-08-22_G34,10109970SOARESW,2025-08-22,111530,1,4,0,112.0
10109970SOARESW_2025-08-22_G35,10109970SOARESW,2025-08-22,117855,1,5,0,304.0
10109970SOARESW_2025-08-22_G36,10109970SOARESW,2025-08-22,117856,1,8,0,125.0
10109970SOARESW_2025-08-22_G37,10109970SOARESW,2025-08-22,111602,1,4,0,280.0
10109970SOARESW_2025-08-22_G38,10109970SOARESW,2025-08-22,110515,1,3,0,225.0
10109970SOARESW_2025-08-22_G39,10109970SOARESW,2025-08-22,117837,1,4,0,125.0
10109970SOARESW_2025-08-23_G02,10109970SOARESW,2025-08-23,117808,1,9,0,271.0
10109970SOARESW_2025-08-23_G03,10109970SOARESW,2025-08-23,110374,1,1,0,52.0
10109970SOARESW_2025-08-23_G04,10109970SOARESW,2025-08-23,117809,1,3,0,247.0
10109970SOARESW_2025-08-23_G05,10109970SOARESW,2025-08-23,110372,1,4,0,78.0
10109970SOARESW_2025-08-23_G06,10109970SOARESW,2025-08-23,117832,1,2,0,56.0
10109970SOARESW_2025-08-23_G07,10109970SOARESW,2025-08-23,118299,1,20,0,429.0
10109970SOARESW_2025-08-23_G08,10109970SOARESW,2025-08-23,111463,1,4,0,287.0
10109970SOARESW_2025-08-23_G09,10109970SOARESW,2025-08-23,111602,1,16,0,377.0
10109970SOARESW_2025-08-23_G10,10109970SOARESW,2025-08-23,105705,1,1,0,1599.0
10109970SOARESW_2025-08-23_G11,10109970SOARESW,2025-08-23,117329,1,12,0,147.0
10109970SOARESW_2025-08-23_G12,10109970SOARESW,2025-08-23,118324,1,6,0,1329.0
10109970SOARESW_2025-08-23_G13,10109970SOARESW,2025-08-23,111430,1,17,0,477.0
10109970SOARESW_2025-08-23_G14,10109970SOARESW,2025-08-23,118320,1,8,0,733.0
10109970SOARESW_2025-08-23_G15,10109970SOARESW,2025-08-23,108759,1,8,0,1482.0
10109970SOARESW_2025-08-23_G16,10109970SOARESW,2025-08-23,111569,1,11,0,437.0
10109970SOARESW_2025-08-23_G17,10109970SOARESW,2025-08-23,110874,1,4,0,334.0
10109970SOARESW_2025-08-23_G18,10109970SOARESW,2025-08-23,110874,1,4,0,48.0
10109970SOARESW_2025-08-23_G19,10109970SOARESW,2025-08-23,118110,1,8,0,159.0
10109970SOARESW_2025-08-23_G20,10109970SOARESW,2025-08-23,140988,1,20,0,930.0
10109970SOARESW_2025-08-24_G02,10109970SOARESW,2025-08-24,111602,1,4,0,111.0
10109970SOARESW_2025-08-24_G03,10109970SOARESW,2025-08-24,111443,1,4,0,231.0
10109970SOARESW_2025-08-24_G04,10109970SOARESW,2025-08-24,141456,1,8,0,161.0
10109970SOARESW_2025-08-24_G05,10109970SOARESW,2025-08-24,141457,1,4,0,241.0
10109970SOARESW_2025-08-24_G06,10109970SOARESW,2025-08-24,141458,1,4,0,391.0
10109970SOARESW_2025-08-24_G07,10109970SOARESW,2025-08-24,110373,1,8,0,210.0
10109970SOARESW_2025-08-24_G08,10109970SOARESW,2025-08-24,118222,1,24,0,827.0
10109970SOARESW_2025-08-24_G09,10109970SOARESW,2025-08-24,117834,1,6,0,356.0
10109970SOARESW_2025-08-24_G10,10109970SOARESW,2025-08-24,108711,1,8,0,363.0
10109970SOARESW_2025-08-24_G11,10109970SOARESW,2025-08-24,117833,1,20,0,276.0
10109970SOARESW_2025-08-24_G12,10109970SOARESW,2025-08-24,117787,1,10,0,236.0
10109970SOARESW_2025-08-24_G13,10109970SOARESW,2025-08-24,111532,1,10,0,143.0
10109970SOARESW_2025-08-24_G14,10109970SOARESW,2025-08-24,141456,1,200,0,1434.0
10109970SOARESW_2025-08-24_G15,10109970SOARESW,2025-08-24,111468,1,10,0,211.0
10109970SOARESW_2025-08-24_G16,10109970SOARESW,2025-08-24,118140,1,30,0,1270.0
10109970SOARESW_2025-08-24_G17,10109970SOARESW,2025-08-24,111466,1,80,0,1006.0
10109970SOARESW_2025-08-25_G02,10109970SOARESW,2025-08-25,107236,1,6,0,132.0
10109970SOARESW_2025-08-25_G03,10109970SOARESW,2025-08-25,111462,1,58,0,621.0
10109970SOARESW_2025-08-25_G04,10109970SOARESW,2025-08-25,111462,1,2,0,64.0
10109970SOARESW_2025-08-25_G05,10109970SOARESW,2025-08-25,141458,1,18,0,1436.0
10109970SOARESW_2025-08-25_G06,10109970SOARESW,2025-08-25,118299,1,250,0,2270.0
10109970SOARESW_2025-08-25_G07,10109970SOARESW,2025-08-25,110376,1,9,0,1214.0
10109970SOARESW_2025-08-25_G08,10109970SOARESW,2025-08-25,141202,1,12,0,1732.0
10109970SOARESW_2025-08-25_G09,10109970SOARESW,2025-08-25,111466,1,6,0,1753.0
10109970SOARESW_2025-08-25_G10,10109970SOARESW,2025-08-25,110313,1,1,0,1240.0
10109970SOARESW_2025-08-25_G12,10109970SOARESW,2025-08-25,141202,1,10,0,197.0
10109970SOARESW_2025-08-25_G13,10109970SOARESW,2025-08-25,118306,1,3,0,1234.0
10109970SOARESW_2025-08-25_G14,10109970SOARESW,2025-08-25,108770,1,10,0,409.0
10109970SOARESW_2025-08-25_G15,10109970SOARESW,2025-08-25,118222,1,30,0,537.0
10109970SOARESW_2025-08-25_G16,10109970SOARESW,2025-08-25,110895,1,42,0,1168.0
10109970SOARESW_2025-08-25_G17,10109970SOARESW,2025-08-25,109933,1,2,0,275.0
10109970SOARESW_2025-08-25_G18,10109970SOARESW,2025-08-25,118283,1,6,0,187.0
10109970SOARESW_2025-08-25_G19,10109970SOARESW,2025-08-25,111440,1,6,0,306.0
10109970SOARESW_2025-08-25_G20,10109970SOARESW,2025-08-25,117836,1,4,0,100.0
10109970SOARESW_2025-08-25_G21,10109970SOARESW,2025-08-25,100334,1,4,0,429.0
10109970SOARESW_2025-08-25_G22,10109970SOARESW,2025-08-25,111655,1,4,0,199.0
10109970SOARESW_2025-08-25_G23,10109970SOARESW,2025-08-25,111569,1,10,0,336.0
10109970SOARESW_2025-08-25_G24,10109970SOARESW,2025-08-25,107892,1,4,0,206.0
10109970SOARESW_2025-08-25_G25,10109970SOARESW,2025-08-25,111660,1,4,0,96.0
10109970SOARESW_2025-08-26_G02,10109970SOARESW,2025-08-26,111462,1,2,0,225.0
10109970SOARESW_2025-08-26_G03,10109970SOARESW,2025-08-26,110711,1,8,0,1002.0
10109970SOARESW_2025-08-26_G04,10109970SOARESW,2025-08-26,118222,1,20,0,1680.0
10109970SOARESW_2025-08-26_G05,10109970SOARESW,2025-08-26,110374,1,4,0,470.0
10109970SOARESW_2025-08-26_G06,10109970SOARESW,2025-08-26,110325,1,4,0,104.0
10109970SOARESW_2025-08-26_G07,10109970SOARESW,2025-08-26,110372,1,2,0,120.0
10109970SOARESW_2025-08-26_G08,10109970SOARESW,2025-08-26,117862,1,2,0,3130.0
10109970SOARESW_2025-08-26_G09,10109970SOARESW,2025-08-26,118094,1,6,0,163.0
10109970SOARESW_2025-08-26_G10,10109970SOARESW,2025-08-26,110733,1,2,0,119.0
10109970SOARESW_2025-08-26_G11,10109970SOARESW,2025-08-26,111602,1,4,0,232.0
10109970SOARESW_2025-08-26_G12,10109970SOARESW,2025-08-26,110752,1,2,0,119.0
10109970SOARESW_2025-08-26_G13,10109970SOARESW,2025-08-26,110515,1,8,0,298.0
10109970SOARESW_2025-08-26_G14,10109970SOARESW,2025-08-26,108795,1,2,0,1501.0
10109970SOARESW_2025-08-26_G15,10109970SOARESW,2025-08-26,108711,1,4,0,49.0
10109970SOARESW_2025-08-26_G16,10109970SOARESW,2025-08-26,117787,1,2,0,147.0
10109970SOARESW_2025-08-26_G17,10109970SOARESW,2025-08-26,109645,1,4,0,138.0
10109970SOARESW_2025-08-26_G18,10109970SOARESW,2025-08-26,107236,1,4,0,133.0
10109970SOARESW_2025-08-26_G19,10109970SOARESW,2025-08-26,110325,1,4,0,234.0
10109970SOARESW_2025-08-26_G20,10109970SOARESW,2025-08-26,108772,1,2,0,360.0
10109970SOARESW_2025-08-26_G22,10109970SOARESW,2025-08-26,107830,1,21,0,1470.0
10109970SOARESW_2025-08-26_G23,10109970SOARESW,2025-08-26,109643,1,6,0,101.0
10109970SOARESW_2025-08-26_G24,10109970SOARESW,2025-08-26,110374,1,8,0,119.0
10109970SOARESW_2025-08-26_G25,10109970SOARESW,2025-08-26,110325,1,12,0,127.0
10109970SOARESW_2025-08-26_G26,10109970SOARESW,2025-08-26,117809,1,40,0,783.0
10109970SOARESW_2025-08-26_G27,10109970SOARESW,2025-08-26,110373,1,24,0,553.0
10109970SOARESW_2025-08-26_G28,10109970SOARESW,2025-08-26,110372,1,60,0,1498.0
10109970SOARESW_2025-08-26_G29,10109970SOARESW,2025-08-26,117830,1,57,0,330.0
10109970SOARESW_2025-08-26_G30,10109970SOARESW,2025-08-26,110371,1,28,0,352.0
10109970SOARESW_2025-08-26_G31,10109970SOARESW,2025-08-26,118277,1,100,0,590.0
10109970SOARESW_2025-08-26_G32,10109970SOARESW,2025-08-26,110756,1,16,0,1640.0
10109970SOARESW_2025-08-26_G33,10109970SOARESW,2025-08-26,118271,1,12,0,332.0
10109970SOARESW_2025-08-26_G34,10109970SOARESW,2025-08-26,110580,1,10,0,284.0
10109970SOARESW_2025-08-26_G35,10109970SOARESW,2025-08-26,117862,1,12,0,173.0
10109970SOARESW_2025-08-27_G02,10109970SOARESW,2025-08-27,111876,1,4,0,270.0
10109970SOARESW_2025-08-27_G03,10109970SOARESW,2025-08-27,118094,1,17,0,215.0
10109970SOARESW_2025-08-27_G04,10109970SOARESW,2025-08-27,117853,1,4,0,73.0
10109970SOARESW_2025-08-27_G05,10109970SOARESW,2025-08-27,117786,1,51,0,692.0
10109970SOARESW_2025-08-27_G06,10109970SOARESW,2025-08-27,111879,1,4,0,460.0
10109970SOARESW_2025-08-27_G07,10109970SOARESW,2025-08-27,111602,1,2,0,465.0
10109970SOARESW_2025-08-27_G08,10109970SOARESW,2025-08-27,110339,1,8,0,172.0
10109970SOARESW_2025-08-27_G09,10109970SOARESW,2025-08-27,111467,1,5,0,39.0
10109970SOARESW_2025-08-27_G10,10109970SOARESW,2025-08-27,105242,1,3,0,134.0
10109970SOARESW_2025-08-27_G11,10109970SOARESW,2025-08-27,109640,1,6,0,285.0
10109970SOARESW_2025-08-27_G12,10109970SOARESW,2025-08-27,110515,1,12,0,189.0
10109970SOARESW_2025-08-27_G13,10109970SOARESW,2025-08-27,108794,1,8,0,1090.0
10109970SOARESW_2025-08-27_G14,10109970SOARESW,2025-08-27,118140,1,4,0,206.0
10109970SOARESW_2025-08-27_G15,10109970SOARESW,2025-08-27,117935,1,4,0,1175.0
10109970SOARESW_2025-08-27_G16,10109970SOARESW,2025-08-27,117935,1,11,0,625.0
10109970SOARESW_2025-08-27_G17,10109970SOARESW,2025-08-27,117935,1,6,0,486.0
10109970SOARESW_2025-08-27_G18,10109970SOARESW,2025-08-27,111530,1,4,0,725.0
10109970SOARESW_2025-08-27_G19,10109970SOARESW,2025-08-27,117835,1,1,0,1150.0
10109970SOARESW_2025-08-27_G20,10109970SOARESW,2025-08-27,118140,1,6,0,141.0
10109970SOARESW_2025-08-27_G21,10109970SOARESW,2025-08-27,110787,1,10,0,152.0
10109970SOARESW_2025-08-27_G22,10109970SOARESW,2025-08-27,117808,1,52,0,578.0
10109970SOARESW_2025-08-28_G02,10109970SOARESW,2025-08-28,110743,1,14,0,506.0
10109970SOARESW_2025-08-28_G03,10109970SOARESW,2025-08-28,117833,1,60,0,725.0
10109970SOARESW_2025-08-28_G04,10109970SOARESW,2025-08-28,140922,1,20,0,2533.0
10109970SOARESW_2025-08-28_G05,10109970SOARESW,2025-08-28,111532,1,10,0,171.0
10109970SOARESW_2025-08-28_G06,10109970SOARESW,2025-08-28,117821,1,24,0,51.0
10109970SOARESW_2025-08-28_G07,10109970SOARESW,2025-08-28,111431,1,4,0,258.0
10109970SOARESW_2025-08-28_G08,10109970SOARESW,2025-08-28,109645,1,8,0,330.0
10109970SOARESW_2025-08-28_G09,10109970SOARESW,2025-08-28,118317,1,4,0,135.0
10109970SOARESW_2025-08-28_G10,10109970SOARESW,2025-08-28,118140,1,40,0,298.0
10109970SOARESW_2025-08-28_G11,10109970SOARESW,2025-08-28,111172,1,24,0,333.0
10109970SOARESW_2025-08-28_G12,10109970SOARESW,2025-08-28,110745,1,12,0,330.0
10109970SOARESW_2025-08-28_G13,10109970SOARESW,2025-08-28,109641,1,4,0,32.0
10109970SOARESW_2025-08-28_G14,10109970SOARESW,2025-08-28,111330,1,1,0,110.0
10109970SOARESW_2025-08-28_G15,10109970SOARESW,2025-08-28,111468,1,20,0,184.0
10109970SOARESW_2025-08-28_G16,10109970SOARESW,2025-08-28,110740,1,24,0,698.0
10109970SOARESW_2025-08-28_G17,10109970SOARESW,2025-08-28,111465,1,14,0,310.0
10109970SOARESW_2025-08-29_G02,10109970SOARESW,2025-08-29,117785,1,14,0,57.0
10109970SOARESW_2025-08-29_G03,10109970SOARESW,2025-08-29,117833,1,4,0,207.0
10109970SOARESW_2025-08-29_G04,10109970SOARESW,2025-08-29,111532,1,4,0,137.0
10109970SOARESW_2025-08-29_G05,10109970SOARESW,2025-08-29,141456,1,1,0,194.0
10109970SOARESW_2025-08-29_G06,10109970SOARESW,2025-08-29,141456,1,4,0,83.0
10109970SOARESW_2025-08-29_G07,10109970SOARESW,2025-08-29,141457,1,8,0,982.0
10109970SOARESW_2025-08-29_G08,10109970SOARESW,2025-08-29,111418,1,6,0,118.0
10109970SOARESW_2025-08-29_G09,10109970SOARESW,2025-08-29,111469,1,13,0,318.0
10109970SOARESW_2025-08-29_G10,10109970SOARESW,2025-08-29,111469,2,10,12,94.0
10109970SOARESW_2025-08-29_G11,10109970SOARESW,2025-08-29,111469,2,8,11,87.0
10109970SOARESW_2025-08-29_G12,10109970SOARESW,2025-08-29,111469,2,3,8,65.0
10109970SOARESW_2025-08-29_G13,10109970SOARESW,2025-08-29,111466,1,18,0,270.0
10109970SOARESW_2025-08-29_G14,10109970SOARESW,2025-08-29,111466,1,15,0,117.0
10109970SOARESW_2025-08-29_G15,10109970SOARESW,2025-08-29,117831,1,24,0,629.0
10109970SOARESW_2025-08-29_G16,10109970SOARESW,2025-08-29,107236,1,4,0,99.0
10109970SOARESW_2025-08-29_G17,10109970SOARESW,2025-08-29,141458,1,2,0,175.0
10109970SOARESW_2025-08-29_G18,10109970SOARESW,2025-08-29,110374,1,39,0,1511.0
10109970SOARESW_2025-08-29_G19,10109970SOARESW,2025-08-29,111530,1,41,0,2437.0
10109970SOARESW_2025-08-29_G20,10109970SOARESW,2025-08-29,111530,1,50,0,700.0
10109970SOARESW_2025-08-29_G21,10109970SOARESW,2025-08-29,111530,1,13,0,161.0
10109970SOARESW_2025-08-29_G22,10109970SOARESW,2025-08-29,111530,1,6,0,74.0
10109970SOARESW_2025-08-29_G24,10109970SOARESW,2025-08-29,117862,1,40,0,488.0
10109970SOARESW_2025-08-29_G25,10109970SOARESW,2025-08-29,117809,1,52,0,1974.0
10109970SOARESW_2025-08-29_G26,10109970SOARESW,2025-08-29,141261,1,8,0,2146.0
10109970SOARESW_2025-08-29_G27,10109970SOARESW,2025-08-29,111751,1,6,0,145.0
10109970SOARESW_2025-08-29_G28,10109970SOARESW,2025-08-29,111751,1,10,0,41.0
10109970SOARESW_2025-08-29_G29,10109970SOARESW,2025-08-29,111722,1,6,0,206.0
10109970SOARESW_2025-08-29_G30,10109970SOARESW,2025-08-29,111722,1,3,0,51.0
10109970SOARESW_2025-08-29_G31,10109970SOARESW,2025-08-29,141262,1,8,0,262.0
10109970SOARESW_2025-08-29_G32,10109970SOARESW,2025-08-29,141262,1,12,0,131.0
10109970SOARESW_2025-08-29_G33,10109970SOARESW,2025-08-29,118191,1,20,0,2399.0
10109970SOARESW_2025-08-29_G34,10109970SOARESW,2025-08-29,118191,1,16,0,121.0
10109970SOARESW_2025-08-29_G35,10109970SOARESW,2025-08-29,111634,1,4,0,427.0
10109970SOARESW_2025-08-29_G36,10109970SOARESW,2025-08-29,111634,1,4,0,116.0
10109970SOARESW_2025-08-30_G03,10109970SOARESW,2025-08-30,110751,1,2,0,125.0
10109970SOARESW_2025-08-30_G04,10109970SOARESW,2025-08-30,117821,1,20,0,430.0
10109970SOARESW_2025-08-30_G05,10109970SOARESW,2025-08-30,141457,1,40,0,920.0
10109970SOARESW_2025-08-30_G06,10109970SOARESW,2025-08-30,111469,1,24,0,440.0
10109970SOARESW_2025-08-30_G07,10109970SOARESW,2025-08-30,117785,1,12,0,203.0
10109970SOARESW_2025-08-30_G08,10109970SOARESW,2025-08-30,111468,1,8,0,205.0
10109970SOARESW_2025-08-30_G10,10109970SOARESW,2025-08-30,111722,1,4,0,198.0
10109970SOARESW_2025-08-30_G11,10109970SOARESW,2025-08-30,141262,1,8,0,110.0
10109970SOARESW_2025-08-30_G12,10109970SOARESW,2025-08-30,118191,1,30,0,1320.0
10109970SOARESW_2025-08-30_G13,10109970SOARESW,2025-08-30,118191,1,20,0,838.0
10109970SOARESW_2025-08-30_G14,10109970SOARESW,2025-08-30,111753,1,4,0,756.0
10109970SOARESW_2025-08-30_G15,10109970SOARESW,2025-08-30,118191,1,24,0,286.0
10109970SOARESW_2025-08-31_G02,10109970SOARESW,2025-08-31,110311,1,2,0,2163.0
10109970SOARESW_2025-08-31_G03,10109970SOARESW,2025-08-31,110310,1,2,0,180.0
10109970SOARESW_2025-08-31_G04,10109970SOARESW,2025-08-31,111463,1,40,0,727.0
10109970SOARESW_2025-08-31_G05,10109970SOARESW,2025-08-31,108794,1,16,0,305.0
10109970SOARESW_2025-08-31_G06,10109970SOARESW,2025-08-31,111418,1,180,0,1631.0
10109970SOARESW_2025-08-31_G07,10109970SOARESW,2025-08-31,111469,1,100,0,154.0
10109970SOARESW_2025-08-31_G08,10109970SOARESW,2025-08-31,111466,1,80,0,580.0
10109970SOARESW_2025-08-31_G09,10109970SOARESW,2025-08-31,117785,1,24,0,1879.0
10109970SOARESW_2025-08-31_G10,10109970SOARESW,2025-08-31,117831,1,24,0,363.0
10109970SOARESW_2025-09-02_G02,10109970SOARESW,2025-09-02,107236,2,100,8,554.0
10109970SOARESW_2025-09-02_G03,10109970SOARESW,2025-09-02,111655,1,39,0,825.0
10109970SOARESW_2025-09-02_G04,10109970SOARESW,2025-09-02,108770,1,20,0,1167.0
10109970SOARESW_2025-09-03_G03,10109970SOARESW,2025-09-03,109643,1,1,0,682.0
10109970SOARESW_2025-09-03_G04,10109970SOARESW,2025-09-03,110373,1,7,0,71.0
10109970SOARESW_2025-09-03_G05,10109970SOARESW,2025-09-03,117832,1,4,0,116.0
10109970SOARESW_2025-09-03_G06,10109970SOARESW,2025-09-03,118299,1,10,0,119.0
10109970SOARESW_2025-09-03_G07,10109970SOARESW,2025-09-03,117821,1,6,0,615.0
10109970SOARESW_2025-09-03_G08,10109970SOARESW,2025-09-03,109645,1,2,0,66.0
10109970SOARESW_2025-09-03_G09,10109970SOARESW,2025-09-03,105705,1,4,0,50.0
10109970SOARESW_2025-09-03_G10,10109970SOARESW,2025-09-03,111418,1,1,0,129.0
10109970SOARESW_2025-09-03_G11,10109970SOARESW,2025-09-03,117831,1,2,0,106.0
10109970SOARESW_2025-09-03_G12,10109970SOARESW,2025-09-03,111469,1,1,0,167.0
10109970SOARESW_2025-09-03_G13,10109970SOARESW,2025-09-03,110339,1,2,0,395.0
10109970SOARESW_2025-09-03_G14,10109970SOARESW,2025-09-03,117786,1,2,0,167.0
10109970SOARESW_2025-09-03_G15,10109970SOARESW,2025-09-03,117935,1,2,0,71.0
10109970SOARESW_2025-09-03_G16,10109970SOARESW,2025-09-03,110747,1,2,0,189.0
10109970SOARESW_2025-09-03_G17,10109970SOARESW,2025-09-03,109641,1,2,0,1020.0
10109970SOARESW_2025-09-03_G18,10109970SOARESW,2025-09-03,117787,1,2,0,84.0
10109970SOARESW_2025-09-03_G19,10109970SOARESW,2025-09-03,141457,1,2,0,247.0
10109970SOARESW_2025-09-03_G20,10109970SOARESW,2025-09-03,111444,1,2,0,107.0
10109970SOARESW_2025-09-03_G21,10109970SOARESW,2025-09-03,110740,1,6,0,102.0
10109970SOARESW_2025-09-03_G22,10109970SOARESW,2025-09-03,109640,1,2,0,140.0
10109970SOARESW_2025-09-03_G23,10109970SOARESW,2025-09-03,117855,1,2,0,143.0
10109970SOARESW_2025-09-03_G24,10109970SOARESW,2025-09-03,117853,1,2,0,128.0
10109970SOARESW_2025-09-03_G25,10109970SOARESW,2025-09-03,117861,1,2,0,167.0
10109970SOARESW_2025-09-03_G26,10109970SOARESW,2025-09-03,117862,1,2,0,78.0
10109970SOARESW_2025-09-03_G27,10109970SOARESW,2025-09-03,117965,1,2,0,472.0
10109970SOARESW_2025-09-03_G28,10109970SOARESW,2025-09-03,111569,1,4,0,725.0
10109970SOARESW_2025-09-04_G02,10109970SOARESW,2025-09-04,117809,1,17,0,2095.0
10109970SOARESW_2025-09-04_G03,10109970SOARESW,2025-09-04,117808,1,38,0,841.0
10109970SOARESW_2025-09-04_G04,10109970SOARESW,2025-09-04,110374,1,4,0,110.0
10109970SOARESW_2025-09-04_G05,10109970SOARESW,2025-09-04,117820,1,3,0,65.0
10109970SOARESW_2025-09-04_G06,10109970SOARESW,2025-09-04,110371,1,10,0,221.0
10109970SOARESW_2025-09-04_G07,10109970SOARESW,2025-09-04,110373,1,8,0,195.0
10109970SOARESW_2025-09-04_G08,10109970SOARESW,2025-09-04,110372,1,18,0,1831.0
10109970SOARESW_2025-09-04_G09,10109970SOARESW,2025-09-04,110375,1,2,0,295.0
10109970SOARESW_2025-09-04_G10,10109970SOARESW,2025-09-04,118299,1,13,0,160.0
10109970SOARESW_2025-09-04_G11,10109970SOARESW,2025-09-04,118140,1,3,0,278.0
10109970SOARESW_2025-09-04_G12,10109970SOARESW,2025-09-04,140922,1,4,0,257.0
10109970SOARESW_2025-09-04_G13,10109970SOARESW,2025-09-04,111743,1,3,0,145.0
10109970SOARESW_2025-09-04_G14,10109970SOARESW,2025-09-04,111469,1,10,0,131.0
10109970SOARESW_2025-09-04_G15,10109970SOARESW,2025-09-04,111462,1,4,0,115.0
10109970SOARESW_2025-09-04_G16,10109970SOARESW,2025-09-04,111418,1,6,0,118.0
10109970SOARESW_2025-09-04_G17,10109970SOARESW,2025-09-04,117856,1,6,0,174.0
10109970SOARESW_2025-09-04_G18,10109970SOARESW,2025-09-04,110747,1,6,0,109.0
10109970SOARESW_2025-09-05_G02,10109970SOARESW,2025-09-05,160051,1,4,0,226.0
10109970SOARESW_2025-09-05_G03,10109970SOARESW,2025-09-05,160055,1,2,0,244.0
10109970SOARESW_2025-09-05_G04,10109970SOARESW,2025-09-05,160055,1,2,0,86.0
10109970SOARESW_2025-09-05_G05,10109970SOARESW,2025-09-05,160057,1,2,0,419.0
10109970SOARESW_2025-09-05_G06,10109970SOARESW,2025-09-05,109640,1,4,0,133.0
10109970SOARESW_2025-09-05_G07,10109970SOARESW,2025-09-05,160051,1,2,0,380.0
10109970SOARESW_2025-09-05_G08,10109970SOARESW,2025-09-05,118222,1,20,0,1153.0
10109970SOARESW_2025-09-05_G09,10109970SOARESW,2025-09-05,108410,1,2,0,1184.0
10109970SOARESW_2025-09-05_G10,10109970SOARESW,2025-09-05,111441,1,4,0,374.0
10109970SOARESW_2025-09-05_G11,10109970SOARESW,2025-09-05,118306,1,8,0,421.0
10109970SOARESW_2025-09-05_G12,10109970SOARESW,2025-09-05,111430,1,8,0,225.0
10109970SOARESW_2025-09-05_G13,10109970SOARESW,2025-09-05,118418,1,2,0,150.0
10109970SOARESW_2025-09-05_G14,10109970SOARESW,2025-09-05,111440,1,3,0,59.0
10109970SOARESW_2025-09-05_G15,10109970SOARESW,2025-09-05,107254,1,2,0,95.0
10109970SOARESW_2025-09-05_G16,10109970SOARESW,2025-09-05,111655,1,4,0,109.0
10109970SOARESW_2025-09-05_G17,10109970SOARESW,2025-09-05,118417,1,2,0,53.0
10109970SOARESW_2025-09-05_G18,10109970SOARESW,2025-09-05,111779,1,2,0,195.0
10109970SOARESW_2025-09-05_G19,10109970SOARESW,2025-09-05,111861,1,1,0,37.0
10109970SOARESW_2025-09-05_G20,10109970SOARESW,2025-09-05,111861,1,2,0,41.0
10109970SOARESW_2025-09-05_G21,10109970SOARESW,2025-09-05,111569,1,2,0,551.0
10109970SOARESW_2025-09-05_G22,10109970SOARESW,2025-09-05,111850,1,4,0,155.0
10109970SOARESW_2025-09-05_G23,10109970SOARESW,2025-09-05,110623,1,2,0,99.0
10109970SOARESW_2025-09-05_G24,10109970SOARESW,2025-09-05,110747,1,2,0,90.0
10109970SOARESW_2025-09-05_G25,10109970SOARESW,2025-09-05,111438,1,4,0,93.0
10109970SOARESW_2025-09-05_G26,10109970SOARESW,2025-09-05,117789,1,3,0,92.0
10109970SOARESW_2025-09-05_G27,10109970SOARESW,2025-09-05,110834,1,2,0,213.0
10109970SOARESW_2025-09-05_G28,10109970SOARESW,2025-09-05,110313,1,4,0,740.0
10109970SOARESW_2025-09-05_G29,10109970SOARESW,2025-09-05,110313,1,16,0,175.0
10109970SOARESW_2025-09-05_G30,10109970SOARESW,2025-09-05,141066,1,4,0,138.0
10109970SOARESW_2025-09-05_G31,10109970SOARESW,2025-09-05,117786,1,20,0,178.0
10109970SOARESW_2025-09-05_G32,10109970SOARESW,2025-09-05,111876,1,10,0,223.0
10109970SOARESW_2025-09-06_G02,10109970SOARESW,2025-09-06,117853,1,12,0,271.0
10109970SOARESW_2025-09-06_G03,10109970SOARESW,2025-09-06,117855,1,6,0,273.0
10109970SOARESW_2025-09-06_G04,10109970SOARESW,2025-09-06,110515,1,30,0,313.0
10109970SOARESW_2025-09-06_G05,10109970SOARESW,2025-09-06,111439,1,8,0,324.0
10109970SOARESW_2025-09-06_G06,10109970SOARESW,2025-09-06,118277,1,2,0,1202.0
10109970SOARESW_2025-09-06_G07,10109970SOARESW,2025-09-06,105335,1,2,0,245.0
10109970SOARESW_2025-09-06_G08,10109970SOARESW,2025-09-06,118285,1,32,0,678.0
10109970SOARESW_2025-09-06_G09,10109970SOARESW,2025-09-06,140922,1,300,0,1477.0
10109970SOARESW_2025-09-06_G10,10109970SOARESW,2025-09-06,117787,1,32,0,433.0
10109970SOARESW_2025-09-06_G11,10109970SOARESW,2025-09-06,111431,1,1,0,65.0
10109970SOARESW_2025-09-06_G12,10109970SOARESW,2025-09-06,105705,1,23,0,1671.0
10109970SOARESW_2025-09-06_G13,10109970SOARESW,2025-09-06,111462,1,100,0,1222.0
10109970SOARESW_2025-09-06_G14,10109970SOARESW,2025-09-06,114100,1,11,0,219.0
10109970SOARESW_2025-09-06_G15,10109970SOARESW,2025-09-06,111330,1,43,0,601.0
10109970SOARESW_2025-09-06_G16,10109970SOARESW,2025-09-06,110740,1,29,0,638.0
10109970SOARESW_2025-09-06_G17,10109970SOARESW,2025-09-06,140957,1,2,0,539.0
10109970SOARESW_2025-09-06_G18,10109970SOARESW,2025-09-06,110741,1,1,0,301.0
10109970SOARESW_2025-09-06_G19,10109970SOARESW,2025-09-06,117935,1,62,0,432.0
10109970SOARESW_2025-09-06_G20,10109970SOARESW,2025-09-06,111650,1,10,0,175.0
10109970SOARESW_2025-09-07_G02,10109970SOARESW,2025-09-07,117820,1,4,0,76.0
10109970SOARESW_2025-09-07_G03,10109970SOARESW,2025-09-07,110371,1,8,0,177.0
10109970SOARESW_2025-09-07_G04,10109970SOARESW,2025-09-07,111463,1,2,0,107.0
10109970SOARESW_2025-09-07_G05,10109970SOARESW,2025-09-07,109645,1,2,0,192.0
10109970SOARESW_2025-09-07_G06,10109970SOARESW,2025-09-07,111569,1,4,0,156.0
10109970SOARESW_2025-09-07_G07,10109970SOARESW,2025-09-07,141457,1,2,0,75.0
10109970SOARESW_2025-09-07_G08,10109970SOARESW,2025-09-07,111418,1,8,0,115.0
10109970SOARESW_2025-09-07_G09,10109970SOARESW,2025-09-07,111532,1,4,0,98.0
10109970SOARESW_2025-09-07_G10,10109970SOARESW,2025-09-07,111462,1,4,0,163.0
10109970SOARESW_2025-09-07_G11,10109970SOARESW,2025-09-07,100334,1,2,0,177.0
10109970SOARESW_2025-09-07_G12,10109970SOARESW,2025-09-07,105705,1,4,0,1065.0
10109970SOARESW_2025-09-07_G13,10109970SOARESW,2025-09-07,111467,1,2,0,215.0
10109970SOARESW_2025-09-07_G14,10109970SOARESW,2025-09-07,141313,1,1,0,903.0
10109970SOARESW_2025-09-07_G15,10109970SOARESW,2025-09-07,141823,1,4,0,259.0
10109970SOARESW_2025-09-07_G16,10109970SOARESW,2025-09-07,110787,1,2,0,206.0
10109970SOARESW_2025-09-07_G17,10109970SOARESW,2025-09-07,118306,1,2,0,532.0
10109970SOARESW_2025-09-07_G18,10109970SOARESW,2025-09-07,111569,1,2,0,160.0
10109970SOARESW_2025-09-07_G19,10109970SOARESW,2025-09-07,117835,1,2,0,76.0
10109970SOARESW_2025-09-07_G20,10109970SOARESW,2025-09-07,117855,1,6,0,141.0
10109970SOARESW_2025-09-07_G21,10109970SOARESW,2025-09-07,117788,1,4,0,398.0
10109970SOARESW_2025-09-07_G22,10109970SOARESW,2025-09-07,111433,1,1,0,909.0
10109970SOARESW_2025-09-07_G23,10109970SOARESW,2025-09-07,117842,1,2,0,129.0
10109970SOARESW_2025-09-07_G24,10109970SOARESW,2025-09-07,141456,1,20,0,385.0
10109970SOARESW_2025-09-07_G25,10109970SOARESW,2025-09-07,109645,1,10,0,204.0
10109970SOARESW_2025-09-07_G26,10109970SOARESW,2025-09-07,141457,1,20,0,185.0
10109970SOARESW_2025-09-07_G27,10109970SOARESW,2025-09-07,117833,1,12,0,192.0
10109970SOARESW_2025-09-08_G02,10109970SOARESW,2025-09-08,118094,1,9,0,1555.0
10109970SOARESW_2025-09-08_G03,10109970SOARESW,2025-09-08,117808,1,10,0,426.0
10109970SOARESW_2025-09-08_G04,10109970SOARESW,2025-09-08,110372,1,6,0,185.0
10109970SOARESW_2025-09-08_G05,10109970SOARESW,2025-09-08,110373,1,6,0,143.0
10109970SOARESW_2025-09-08_G06,10109970SOARESW,2025-09-08,118299,1,12,0,338.0
10109970SOARESW_2025-09-08_G07,10109970SOARESW,2025-09-08,117830,1,4,0,185.0
10109970SOARESW_2025-09-08_G08,10109970SOARESW,2025-09-08,118140,1,8,0,2605.0
10109970SOARESW_2025-09-08_G09,10109970SOARESW,2025-09-08,108711,1,2,0,1257.0
10109970SOARESW_2025-09-08_G10,10109970SOARESW,2025-09-08,110787,1,4,0,167.0
10109970SOARESW_2025-09-08_G11,10109970SOARESW,2025-09-08,141456,1,12,0,169.0
10109970SOARESW_2025-09-08_G12,10109970SOARESW,2025-09-08,109645,1,2,0,106.0
10109970SOARESW_2025-09-08_G13,10109970SOARESW,2025-09-08,105705,1,6,0,173.0
10109970SOARESW_2025-09-08_G14,10109970SOARESW,2025-09-08,141457,1,10,0,281.0
10109970SOARESW_2025-09-08_G15,10109970SOARESW,2025-09-08,111418,1,20,0,664.0
10109970SOARESW_2025-09-08_G16,10109970SOARESW,2025-09-08,111532,1,6,0,1541.0
10109970SOARESW_2025-09-08_G17,10109970SOARESW,2025-09-08,111469,1,15,0,228.0
10109970SOARESW_2025-09-08_G18,10109970SOARESW,2025-09-08,110745,1,4,0,161.0
10109970SOARESW_2025-09-08_G19,10109970SOARESW,2025-09-08,107236,1,2,0,69.0
10109970SOARESW_2025-09-08_G20,10109970SOARESW,2025-09-08,111468,1,2,0,84.0
10109970SOARESW_2025-09-08_G22,10109970SOARESW,2025-09-08,111660,1,3,0,325.0
10109970SOARESW_2025-09-08_G23,10109970SOARESW,2025-09-08,111418,1,10,0,532.0
10109970SOARESW_2025-09-08_G24,10109970SOARESW,2025-09-08,111441,1,2,0,737.0
10109970SOARESW_2025-09-08_G25,10109970SOARESW,2025-09-08,118306,1,8,0,316.0
10109970SOARESW_2025-09-08_G26,10109970SOARESW,2025-09-08,111569,1,6,0,471.0
10109970SOARESW_2025-09-08_G27,10109970SOARESW,2025-09-08,118222,1,34,0,1448.0
10109970SOARESW_2025-09-08_G28,10109970SOARESW,2025-09-08,117786,1,5,0,156.0
10109970SOARESW_2025-09-08_G29,10109970SOARESW,2025-09-08,117785,1,6,0,228.0
10109970SOARESW_2025-09-08_G30,10109970SOARESW,2025-09-08,118317,1,17,0,808.0
10109970SOARESW_2025-09-08_G31,10109970SOARESW,2025-09-08,117820,1,4,0,127.0
10109970SOARESW_2025-09-08_G32,10109970SOARESW,2025-09-08,118299,1,10,0,116.0
10109970SOARESW_2025-09-08_G33,10109970SOARESW,2025-09-08,111602,1,4,0,1145.0
10109970SOARESW_2025-09-08_G34,10109970SOARESW,2025-09-08,111418,1,6,0,98.0
10109970SOARESW_2025-09-08_G35,10109970SOARESW,2025-09-08,111469,1,14,0,116.0
10109970SOARESW_2025-09-08_G36,10109970SOARESW,2025-09-08,110740,1,4,0,106.0
10109970SOARESW_2025-09-08_G37,10109970SOARESW,2025-09-08,118317,1,7,0,140.0
10109970SOARESW_2025-09-08_G38,10109970SOARESW,2025-09-08,118140,1,8,0,763.0
10109970SOARESW_2025-09-08_G39,10109970SOARESW,2025-09-08,111743,1,4,0,437.0
10109970SOARESW_2025-09-08_G40,10109970SOARESW,2025-09-08,111469,1,5,0,94.0
10109970SOARESW_2025-09-09_G02,10109970SOARESW,2025-09-09,118140,1,10,0,202.0
10109970SOARESW_2025-09-09_G04,10109970SOARESW,2025-09-09,110895,1,100,0,1697.0
10109970SOARESW_2025-09-09_G06,10109970SOARESW,2025-09-09,117856,1,16,0,363.0
10109970SOARESW_2025-09-09_G07,10109970SOARESW,2025-09-09,117856,1,64,0,268.0
10109970SOARESW_2025-09-09_G08,10109970SOARESW,2025-09-09,110756,1,48,0,949.0
10109970SOARESW_2025-09-09_G09,10109970SOARESW,2025-09-09,110756,1,18,0,137.0
10109970SOARESW_2025-09-09_G10,10109970SOARESW,2025-09-09,111446,1,30,0,700.0
10109970SOARESW_2025-09-09_G11,10109970SOARESW,2025-09-09,111469,1,64,0,639.0
10109970SOARESW_2025-09-09_G12,10109970SOARESW,2025-09-09,111466,1,120,0,545.0
10109970SOARESW_2025-09-10_G02,10109970SOARESW,2025-09-10,111433,1,3,0,161.0
10109970SOARESW_2025-09-10_G03,10109970SOARESW,2025-09-10,117841,1,12,0,198.0
10109970SOARESW_2025-09-10_G04,10109970SOARESW,2025-09-10,108798,1,1,0,85.0
10109970SOARESW_2025-09-10_G05,10109970SOARESW,2025-09-10,117787,1,4,0,57.0
10109970SOARESW_2025-09-10_G06,10109970SOARESW,2025-09-10,108794,1,14,0,208.0
10109970SOARESW_2025-09-10_G07,10109970SOARESW,2025-09-10,141457,1,8,0,86.0
10109970SOARESW_2025-09-10_G08,10109970SOARESW,2025-09-10,110745,1,9,0,130.0
10109970SOARESW_2025-09-10_G09,10109970SOARESW,2025-09-10,111468,1,7,0,145.0
10109970SOARESW_2025-09-10_G10,10109970SOARESW,2025-09-10,110743,1,25,0,809.0
10109970SOARESW_2025-09-10_G11,10109970SOARESW,2025-09-10,111435,1,144,0,929.0
10109970SOARESW_2025-09-10_G12,10109970SOARESW,2025-09-10,118317,1,84,0,508.0
10109970SOARESW_2025-09-10_G13,10109970SOARESW,2025-09-10,109641,1,135,0,528.0
10109970SOARESW_2025-09-10_G14,10109970SOARESW,2025-09-10,117821,1,52,0,1333.0
10109970SOARESW_2025-09-10_G16,10109970SOARESW,2025-09-10,111462,1,100,0,3170.0
10109970SOARESW_2025-09-10_G17,10109970SOARESW,2025-09-10,117831,1,100,0,625.0
10109970SOARESW_2025-09-10_G18,10109970SOARESW,2025-09-10,141458,1,16,0,212.0
10109970SOARESW_2025-09-10_G19,10109970SOARESW,2025-09-10,141458,1,50,0,721.0
10109970SOARESW_2025-09-10_G20,10109970SOARESW,2025-09-10,111469,1,50,0,521.0
10109970SOARESW_2025-09-10_G21,10109970SOARESW,2025-09-10,107236,1,30,0,247.0
10109970SOARESW_2025-09-10_G22,10109970SOARESW,2025-09-10,141458,1,84,0,704.0
10109970SOARESW_2025-09-11_G02,10109970SOARESW,2025-09-11,111435,1,9,0,314.0
10109970SOARESW_2025-09-11_G03,10109970SOARESW,2025-09-11,111434,1,8,0,590.0
10109970SOARESW_2025-09-11_G04,10109970SOARESW,2025-09-11,109645,1,30,0,1355.0
10109970SOARESW_2025-09-11_G05,10109970SOARESW,2025-09-11,108794,1,30,0,237.0
10109970SOARESW_2025-09-11_G06,10109970SOARESW,2025-09-11,105705,1,20,0,645.0
10109970SOARESW_2025-09-11_G07,10109970SOARESW,2025-09-11,118223,1,8,0,164.0
10109970SOARESW_2025-09-11_G08,10109970SOARESW,2025-09-11,115817,1,7,0,148.0
10109970SOARESW_2025-09-11_G09,10109970SOARESW,2025-09-11,118330,1,12,0,446.0
10109970SOARESW_2025-09-11_G10,10109970SOARESW,2025-09-11,110740,1,20,0,1085.0
10109970SOARESW_2025-09-11_G11,10109970SOARESW,2025-09-11,111446,1,1,0,270.0
10109970SOARESW_2025-09-11_G12,10109970SOARESW,2025-09-11,108795,1,20,0,493.0
10109970SOARESW_2025-09-11_G13,10109970SOARESW,2025-09-11,111433,1,2,0,125.0
10109970SOARESW_2025-09-11_G14,10109970SOARESW,2025-09-11,116241,1,10,0,271.0
10109970SOARESW_2025-09-11_G15,10109970SOARESW,2025-09-11,108711,1,50,0,804.0
10109970SOARESW_2025-09-11_G16,10109970SOARESW,2025-09-11,117838,1,16,0,332.0
10109970SOARESW_2025-09-11_G17,10109970SOARESW,2025-09-11,109641,1,20,0,840.0
10109970SOARESW_2025-09-11_G18,10109970SOARESW,2025-09-11,118140,1,80,0,984.0
10109970SOARESW_2025-09-11_G20,10109970SOARESW,2025-09-11,117808,1,20,0,227.0
10109970SOARESW_2025-09-11_G21,10109970SOARESW,2025-09-11,117830,1,2,0,131.0
10109970SOARESW_2025-09-11_G22,10109970SOARESW,2025-09-11,118299,1,20,0,332.0
10109970SOARESW_2025-09-11_G23,10109970SOARESW,2025-09-11,110748,1,4,0,709.0
10109970SOARESW_2025-09-11_G24,10109970SOARESW,2025-09-11,117833,1,2,0,246.0
10109970SOARESW_2025-09-11_G25,10109970SOARESW,2025-09-11,140922,1,2,0,157.0
10109970SOARESW_2025-09-11_G26,10109970SOARESW,2025-09-11,111468,1,2,0,76.0
10109970SOARESW_2025-09-11_G27,10109970SOARESW,2025-09-11,141352,1,4,0,601.0
10109970SOARESW_2025-09-11_G28,10109970SOARESW,2025-09-11,141047,1,2,0,342.0
10109970SOARESW_2025-09-11_G29,10109970SOARESW,2025-09-11,111569,1,2,0,593.0
10109970SOARESW_2025-09-11_G30,10109970SOARESW,2025-09-11,117862,1,2,0,330.0
10109970SOARESW_2025-09-11_G31,10109970SOARESW,2025-09-11,117861,1,1,0,109.0
10109970SOARESW_2025-09-11_G32,10109970SOARESW,2025-09-11,111467,1,2,0,331.0
10109970SOARESW_2025-09-11_G33,10109970SOARESW,2025-09-11,141352,1,4,0,67.0
10109970SOARESW_2025-09-11_G34,10109970SOARESW,2025-09-11,108795,1,2,0,183.0
10109970SOARESW_2025-09-11_G35,10109970SOARESW,2025-09-11,111418,1,2,0,68.0
10109970SOARESW_2025-09-11_G36,10109970SOARESW,2025-09-11,108711,1,2,0,59.0
10109970SOARESW_2025-09-11_G37,10109970SOARESW,2025-09-11,111743,1,4,0,155.0
10109970SOARESW_2025-09-11_G38,10109970SOARESW,2025-09-11,141456,1,4,0,228.0
10109970SOARESW_2025-09-11_G39,10109970SOARESW,2025-09-11,141457,1,4,0,76.0
10109970SOARESW_2025-09-11_G40,10109970SOARESW,2025-09-11,117833,1,2,0,111.0
10109970SOARESW_2025-09-11_G41,10109970SOARESW,2025-09-11,140922,1,2,0,123.0
10109970SOARESW_2025-09-11_G42,10109970SOARESW,2025-09-11,111444,1,2,0,64.0
10109970SOARESW_2025-09-11_G43,10109970SOARESW,2025-09-11,117808,1,20,0,382.0
10109970SOARESW_2025-09-11_G44,10109970SOARESW,2025-09-11,117809,1,2,0,138.0
10109970SOARESW_2025-09-11_G45,10109970SOARESW,2025-09-11,118299,1,20,0,260.0
10109970SOARESW_2025-09-11_G46,10109970SOARESW,2025-09-11,110755,1,2,0,906.0
10109970SOARESW_2025-09-11_G47,10109970SOARESW,2025-09-11,118229,1,4,0,289.0
10109970SOARESW_2025-09-11_G48,10109970SOARESW,2025-09-11,117786,1,5,0,274.0
10109970SOARESW_2025-09-11_G49,10109970SOARESW,2025-09-11,107629,1,7,0,160.0
10109970SOARESW_2025-09-11_G50,10109970SOARESW,2025-09-11,117855,1,4,0,144.0
10109970SOARESW_2025-09-11_G51,10109970SOARESW,2025-09-11,110313,1,2,0,202.0
10109970SOARESW_2025-09-11_G52,10109970SOARESW,2025-09-11,110752,1,4,0,141.0
10109970SOARESW_2025-09-11_G53,10109970SOARESW,2025-09-11,118094,1,2,0,102.0
10109970SOARESW_2025-09-11_G54,10109970SOARESW,2025-09-11,117837,1,2,0,76.0
10109970SOARESW_2025-09-12_G02,10109970SOARESW,2025-09-12,108795,1,2,0,141.0
10109970SOARESW_2025-09-12_G03,10109970SOARESW,2025-09-12,110743,1,4,0,104.0
10109970SOARESW_2025-09-12_G04,10109970SOARESW,2025-09-12,111463,1,8,0,154.0
10109970SOARESW_2025-09-12_G05,10109970SOARESW,2025-09-12,111532,1,4,0,162.0
10109970SOARESW_2025-09-12_G06,10109970SOARESW,2025-09-12,141457,1,9,0,670.0
10109970SOARESW_2025-09-12_G07,10109970SOARESW,2025-09-12,111466,1,14,0,296.0
10109970SOARESW_2025-09-12_G08,10109970SOARESW,2025-09-12,117833,1,2,0,166.0
10109970SOARESW_2025-09-12_G09,10109970SOARESW,2025-09-12,117831,1,5,0,131.0
10109970SOARESW_2025-09-12_G10,10109970SOARESW,2025-09-12,140922,1,6,0,100.0
10109970SOARESW_2025-09-12_G11,10109970SOARESW,2025-09-12,110740,1,8,0,372.0
10109970SOARESW_2025-09-12_G12,10109970SOARESW,2025-09-12,111465,1,6,0,303.0
10109970SOARESW_2025-09-12_G13,10109970SOARESW,2025-09-12,109643,1,4,0,136.0
10109970SOARESW_2025-09-12_G14,10109970SOARESW,2025-09-12,117820,1,25,0,576.0
10109970SOARESW_2025-09-12_G15,10109970SOARESW,2025-09-12,110372,1,23,0,377.0
10109970SOARESW_2025-09-12_G16,10109970SOARESW,2025-09-12,117832,1,3,0,54.0
10109970SOARESW_2025-09-12_G17,10109970SOARESW,2025-09-12,110373,1,4,0,83.0
10109970SOARESW_2025-09-12_G18,10109970SOARESW,2025-09-12,117830,1,8,0,204.0
10109970SOARESW_2025-09-12_G19,10109970SOARESW,2025-09-12,118299,1,60,0,937.0
10109970SOARESW_2025-09-12_G20,10109970SOARESW,2025-09-12,108711,1,2,0,791.0
10109970SOARESW_2025-09-12_G21,10109970SOARESW,2025-09-12,111743,1,2,0,103.0
10109970SOARESW_2025-09-12_G22,10109970SOARESW,2025-09-12,141456,1,4,0,257.0
10109970SOARESW_2025-09-12_G23,10109970SOARESW,2025-09-12,141457,1,4,0,71.0
10109970SOARESW_2025-09-12_G24,10109970SOARESW,2025-09-12,140922,1,1,0,71.0
10109970SOARESW_2025-09-12_G25,10109970SOARESW,2025-09-12,111444,1,4,0,72.0
10109970SOARESW_2025-09-12_G26,10109970SOARESW,2025-09-12,111468,1,2,0,61.0
10109970SOARESW_2025-09-12_G27,10109970SOARESW,2025-09-12,141458,1,4,0,56.0
10109970SOARESW_2025-09-12_G28,10109970SOARESW,2025-09-12,109643,1,8,0,1907.0
10109970SOARESW_2025-09-12_G29,10109970SOARESW,2025-09-12,110375,1,2,0,80.0
10109970SOARESW_2025-09-12_G30,10109970SOARESW,2025-09-12,110376,1,1,0,92.0
10109970SOARESW_2025-09-12_G31,10109970SOARESW,2025-09-12,141202,1,4,0,97.0
10109970SOARESW_2025-09-12_G32,10109970SOARESW,2025-09-12,117822,1,4,0,96.0
10109970SOARESW_2025-09-12_G33,10109970SOARESW,2025-09-12,110743,1,2,0,273.0
10109970SOARESW_2025-09-12_G34,10109970SOARESW,2025-09-12,111435,1,4,0,118.0
10109970SOARESW_2025-09-12_G35,10109970SOARESW,2025-09-12,110751,1,4,0,152.0
10109970SOARESW_2025-09-12_G36,10109970SOARESW,2025-09-12,116241,1,6,0,122.0
10109970SOARESW_2025-09-12_G37,10109970SOARESW,2025-09-12,117821,1,14,0,196.0
10109970SOARESW_2025-09-12_G38,10109970SOARESW,2025-09-12,109645,1,12,0,311.0
10109970SOARESW_2025-09-12_G40,10109970SOARESW,2025-09-12,117855,1,10,0,337.0
10109970SOARESW_2025-09-12_G41,10109970SOARESW,2025-09-12,141047,1,10,0,111.0
10109970SOARESW_2025-09-12_G42,10109970SOARESW,2025-09-12,110313,1,10,0,185.0
10109970SOARESW_2025-09-12_G43,10109970SOARESW,2025-09-12,117856,1,10,0,280.0
10109970SOARESW_2025-09-12_G44,10109970SOARESW,2025-09-12,110740,1,20,0,534.0
10109970SOARESW_2025-09-12_G45,10109970SOARESW,2025-09-12,111532,1,50,0,1293.0
10109970SOARESW_2025-09-12_G46,10109970SOARESW,2025-09-12,141456,1,50,0,955.0
10109970SOARESW_2025-09-12_G47,10109970SOARESW,2025-09-12,141457,1,50,0,716.0
10109970SOARESW_2025-09-12_G48,10109970SOARESW,2025-09-12,118281,1,30,0,920.0
10109970SOARESW_2025-09-12_G49,10109970SOARESW,2025-09-12,117789,1,10,0,129.0
10109970SOARESW_2025-09-13_G02,10109970SOARESW,2025-09-13,110833,1,2,0,772.0
10109970SOARESW_2025-09-13_G04,10109970SOARESW,2025-09-13,118281,1,60,0,2083.0
10109970SOARESW_2025-09-14_G02,10109970SOARESW,2025-09-14,110371,1,226,0,1088.0
10109970SOARESW_2025-09-14_G03,10109970SOARESW,2025-09-14,141202,1,15,0,241.0
10109970SOARESW_2025-09-14_G04,10109970SOARESW,2025-09-14,117809,1,8,0,280.0
10109970SOARESW_2025-09-14_G05,10109970SOARESW,2025-09-14,117854,1,8,0,552.0
10109970SOARESW_2025-09-14_G06,10109970SOARESW,2025-09-14,141066,1,15,0,168.0
10109970SOARESW_2025-09-14_G07,10109970SOARESW,2025-09-14,117786,1,4,0,65.0
10109970SOARESW_2025-09-14_G08,10109970SOARESW,2025-09-14,109647,1,21,0,912.0
10109970SOARESW_2025-09-14_G09,10109970SOARESW,2025-09-14,117856,1,2,0,78.0
10109970SOARESW_2025-09-14_G10,10109970SOARESW,2025-09-14,107629,1,12,0,536.0
10109970SOARESW_2025-09-14_G11,10109970SOARESW,2025-09-14,117861,1,4,0,264.0
10109970SOARESW_2025-09-14_G12,10109970SOARESW,2025-09-14,141047,1,16,0,952.0
10109970SOARESW_2025-09-14_G13,10109970SOARESW,2025-09-14,110313,1,8,0,647.0
10109970SOARESW_2025-09-14_G14,10109970SOARESW,2025-09-14,111532,1,12,0,1868.0
10109970SOARESW_2025-09-15_G02,10109970SOARESW,2025-09-15,108794,1,20,0,674.0
10109970SOARESW_2025-09-15_G03,10109970SOARESW,2025-09-15,111469,1,60,0,431.0
10109970SOARESW_2025-09-15_G04,10109970SOARESW,2025-09-15,111466,1,70,0,682.0
10109970SOARESW_2025-09-15_G05,10109970SOARESW,2025-09-15,140922,1,10,0,1312.0
10109970SOARESW_2025-09-15_G07,10109970SOARESW,2025-09-15,111463,1,50,0,1338.0
10109970SOARESW_2025-09-15_G08,10109970SOARESW,2025-09-15,116241,1,2,0,189.0
10109970SOARESW_2025-09-15_G09,10109970SOARESW,2025-09-15,108711,1,11,0,623.0
10109970SOARESW_2025-09-15_G10,10109970SOARESW,2025-09-15,118317,1,8,0,434.0
10109970SOARESW_2025-09-15_G11,10109970SOARESW,2025-09-15,109645,1,20,0,143.0
10109970SOARESW_2025-09-15_G12,10109970SOARESW,2025-09-15,111743,1,10,0,108.0
10109970SOARESW_2025-09-15_G13,10109970SOARESW,2025-09-15,117821,1,20,0,292.0
10109970SOARESW_2025-09-15_G14,10109970SOARESW,2025-09-15,111468,1,12,0,157.0
10109970SOARESW_2025-09-15_G15,10109970SOARESW,2025-09-15,110740,1,12,0,158.0
10109970SOARESW_2025-09-15_G17,10109970SOARESW,2025-09-15,109647,1,6,0,175.0
10109970SOARESW_2025-09-15_G18,10109970SOARESW,2025-09-15,117935,1,10,0,612.0
10109970SOARESW_2025-09-15_G19,10109970SOARESW,2025-09-15,110733,1,16,0,378.0
10109970SOARESW_2025-09-15_G20,10109970SOARESW,2025-09-15,141047,1,6,0,250.0
10109970SOARESW_2025-09-15_G21,10109970SOARESW,2025-09-15,109640,1,11,0,423.0
10109970SOARESW_2025-09-15_G22,10109970SOARESW,2025-09-15,110313,1,20,0,1241.0
10109970SOARESW_2025-09-15_G23,10109970SOARESW,2025-09-15,118222,1,10,0,549.0
10109970SOARESW_2025-09-15_G24,10109970SOARESW,2025-09-15,108759,1,4,0,272.0
10109970SOARESW_2025-09-15_G25,10109970SOARESW,2025-09-15,100334,1,11,0,483.0
10109970SOARESW_2025-09-15_G26,10109970SOARESW,2025-09-15,111569,1,6,0,460.0
10109970SOARESW_2025-09-16_G02,10109970SOARESW,2025-09-16,117820,1,75,0,1417.0
10109970SOARESW_2025-09-16_G03,10109970SOARESW,2025-09-16,117809,1,200,0,2069.0
10109970SOARESW_2025-09-16_G05,10109970SOARESW,2025-09-16,111463,1,2,0,110.0
10109970SOARESW_2025-09-16_G06,10109970SOARESW,2025-09-16,111418,1,1,0,50.0
10109970SOARESW_2025-09-16_G07,10109970SOARESW,2025-09-16,111532,1,4,0,283.0
10109970SOARESW_2025-09-16_G08,10109970SOARESW,2025-09-16,110787,1,1,0,42.0
10109970SOARESW_2025-09-16_G09,10109970SOARESW,2025-09-16,141456,1,2,0,76.0
10109970SOARESW_2025-09-16_G10,10109970SOARESW,2025-09-16,118140,1,1,0,43.0
10109970SOARESW_2025-09-16_G11,10109970SOARESW,2025-09-16,118222,1,11,0,284.0
10109970SOARESW_2025-09-16_G12,10109970SOARESW,2025-09-16,108771,2,4,25,161.0
10109970SOARESW_2025-09-16_G14,10109970SOARESW,2025-09-16,117808,1,100,0,578.0
10109970SOARESW_2025-09-16_G15,10109970SOARESW,2025-09-16,117820,1,30,0,560.0
10109970SOARESW_2025-09-16_G16,10109970SOARESW,2025-09-16,110376,1,8,0,151.0
10109970SOARESW_2025-09-16_G17,10109970SOARESW,2025-09-16,110376,1,8,0,559.0
10109970SOARESW_2025-09-16_G18,10109970SOARESW,2025-09-16,118299,1,100,0,459.0
10109970SOARESW_2025-09-16_G19,10109970SOARESW,2025-09-16,117809,1,20,0,451.0
10109970SOARESW_2025-09-18_G02,10109970SOARESW,2025-09-18,141318,1,24,0,1381.0
10109970SOARESW_2025-09-18_G03,10109970SOARESW,2025-09-18,107892,1,8,0,208.0
10109970SOARESW_2025-09-18_G04,10109970SOARESW,2025-09-18,118222,1,40,0,51.0
10109970SOARESW_2025-09-18_G05,10109970SOARESW,2025-09-18,111467,1,10,0,468.0
10109970SOARESW_2025-09-18_G06,10109970SOARESW,2025-09-18,109640,1,8,0,170.0
10109970SOARESW_2025-09-18_G07,10109970SOARESW,2025-09-18,111466,1,50,0,975.0
10109970SOARESW_2025-09-18_G08,10109970SOARESW,2025-09-18,140922,1,14,0,294.0
10109970SOARESW_2025-09-18_G09,10109970SOARESW,2025-09-18,109649,1,6,0,1500.0
10109970SOARESW_2025-09-18_G10,10109970SOARESW,2025-09-18,141457,1,165,0,800.0
10109970SOARESW_2025-09-18_G11,10109970SOARESW,2025-09-18,117785,1,78,0,571.0
10109970SOARESW_2025-09-18_G12,10109970SOARESW,2025-09-18,117834,1,60,0,1087.0
10109970SOARESW_2025-09-19_G02,10109970SOARESW,2025-09-19,117821,1,4,0,1883.0
10109970SOARESW_2025-09-19_G03,10109970SOARESW,2025-09-19,109640,1,2,0,2029.0
10109970SOARESW_2025-09-19_G04,10109970SOARESW,2025-09-19,141457,1,8,0,329.0
10109970SOARESW_2025-09-19_G05,10109970SOARESW,2025-09-19,118140,1,2,0,104.0
10109970SOARESW_2025-09-19_G06,10109970SOARESW,2025-09-19,111444,1,4,0,94.0
10109970SOARESW_2025-09-19_G07,10109970SOARESW,2025-09-19,117787,1,2,0,108.0
10109970SOARESW_2025-09-19_G08,10109970SOARESW,2025-09-19,110787,1,1,0,121.0
10109970SOARESW_2025-09-19_G09,10109970SOARESW,2025-09-19,141456,1,6,0,200.0
10109970SOARESW_2025-09-19_G10,10109970SOARESW,2025-09-19,118222,1,80,0,2202.0
10109970SOARESW_2025-09-19_G11,10109970SOARESW,2025-09-19,141286,1,2,0,883.0
10109970SOARESW_2025-09-19_G12,10109970SOARESW,2025-09-19,110080,1,3,0,291.0
10109970SOARESW_2025-09-19_G13,10109970SOARESW,2025-09-19,141312,1,4,0,229.0
10109970SOARESW_2025-09-19_G14,10109970SOARESW,2025-09-19,118418,1,28,0,1075.0
10109970SOARESW_2025-09-19_G15,10109970SOARESW,2025-09-19,111832,1,6,0,96.0
10109970SOARESW_2025-09-19_G16,10109970SOARESW,2025-09-19,118251,1,9,0,973.0
10109970SOARESW_2025-09-19_G17,10109970SOARESW,2025-09-19,117834,1,6,0,432.0
10109970SOARESW_2025-09-19_G18,10109970SOARESW,2025-09-19,111090,1,4,0,440.0
10109970SOARESW_2025-09-19_G19,10109970SOARESW,2025-09-19,110423,1,2,0,225.0
10109970SOARESW_2025-09-19_G20,10109970SOARESW,2025-09-19,140911,1,2,0,49.0
10109970SOARESW_2025-09-19_G21,10109970SOARESW,2025-09-19,110516,1,1,0,1064.0
10109970SOARESW_2025-09-19_G23,10109970SOARESW,2025-09-19,117935,1,1,0,34.0
10109970SOARESW_2025-09-19_G24,10109970SOARESW,2025-09-19,110787,1,4,0,116.0
10109970SOARESW_2025-09-19_G25,10109970SOARESW,2025-09-19,111444,1,10,0,249.0
10109970SOARESW_2025-09-19_G26,10109970SOARESW,2025-09-19,111468,1,10,0,112.0
10109970SOARESW_2025-09-19_G27,10109970SOARESW,2025-09-19,140922,1,12,0,148.0
10109970SOARESW_2025-09-19_G28,10109970SOARESW,2025-09-19,110745,1,1,0,100.0
10109970SOARESW_2025-09-19_G29,10109970SOARESW,2025-09-19,111465,1,5,0,101.0
10109970SOARESW_2025-09-19_G30,10109970SOARESW,2025-09-19,111172,1,6,0,273.0
10109970SOARESW_2025-09-19_G31,10109970SOARESW,2025-09-19,110372,1,40,0,758.0
10109970SOARESW_2025-09-19_G32,10109970SOARESW,2025-09-19,117832,1,20,0,135.0
10109970SOARESW_2025-09-19_G33,10109970SOARESW,2025-09-19,118222,1,8,0,302.0
10109970SOARESW_2025-09-19_G34,10109970SOARESW,2025-09-19,111447,1,2,0,339.0
10109970SOARESW_2025-09-19_G35,10109970SOARESW,2025-09-19,141456,1,16,0,370.0
10109970SOARESW_2025-09-19_G36,10109970SOARESW,2025-09-19,140923,1,10,0,646.0
10109970SOARESW_2025-09-19_G37,10109970SOARESW,2025-09-19,117935,1,4,0,77.0
10109970SOARESW_2025-09-19_G38,10109970SOARESW,2025-09-19,111602,1,6,0,158.0
10109970SOARESW_2025-09-19_G39,10109970SOARESW,2025-09-19,111439,1,10,0,279.0
10109970SOARESW_2025-09-19_G40,10109970SOARESW,2025-09-19,109648,1,8,0,237.0
10109970SOARESW_2025-09-19_G41,10109970SOARESW,2025-09-19,117808,1,16,0,332.0
10109970SOARESW_2025-09-19_G42,10109970SOARESW,2025-09-19,110373,1,36,0,533.0
10109970SOARESW_2025-09-19_G43,10109970SOARESW,2025-09-19,110371,1,25,0,1578.0
10109970SOARESW_2025-09-19_G44,10109970SOARESW,2025-09-19,110372,1,36,0,278.0
10109970SOARESW_2025-09-19_G45,10109970SOARESW,2025-09-19,140911,1,6,0,1285.0
10109970SOARESW_2025-09-21_G02,10109970SOARESW,2025-09-21,141456,1,30,0,239.0
10109970SOARESW_2025-09-21_G03,10109970SOARESW,2025-09-21,108795,1,20,0,154.0
10109970SOARESW_2025-09-21_G04,10109970SOARESW,2025-09-21,118317,1,20,0,754.0
10109970SOARESW_2025-09-21_G05,10109970SOARESW,2025-09-21,111463,1,20,0,241.0
10109970SOARESW_2025-09-21_G06,10109970SOARESW,2025-09-21,109645,1,17,0,361.0
10109970SOARESW_2025-09-21_G07,10109970SOARESW,2025-09-21,109641,1,44,0,642.0
10109970SOARESW_2025-09-21_G08,10109970SOARESW,2025-09-21,141457,1,16,0,464.0
10109970SOARESW_2025-09-21_G09,10109970SOARESW,2025-09-21,118140,1,10,0,138.0
10109970SOARESW_2025-09-21_G10,10109970SOARESW,2025-09-21,111418,1,20,0,425.0
10109970SOARESW_2025-09-21_G11,10109970SOARESW,2025-09-21,117785,1,30,0,563.0
10109970SOARESW_2025-09-21_G12,10109970SOARESW,2025-09-21,117833,1,25,0,219.0
10109970SOARESW_2025-09-21_G13,10109970SOARESW,2025-09-21,117821,1,22,0,380.0
10109970SOARESW_2025-09-21_G14,10109970SOARESW,2025-09-21,111468,1,35,0,285.0
10109970SOARESW_2025-09-21_G15,10109970SOARESW,2025-09-21,141458,1,26,0,375.0
10109970SOARESW_2025-09-21_G16,10109970SOARESW,2025-09-21,107236,1,39,0,493.0
10109970SOARESW_2025-09-21_G17,10109970SOARESW,2025-09-21,117835,1,14,0,172.0
10109970SOARESW_2025-09-22_G02,10109970SOARESW,2025-09-22,111469,1,30,0,377.0
10109970SOARESW_2025-09-22_G03,10109970SOARESW,2025-09-22,111463,1,36,0,356.0
10109970SOARESW_2025-09-22_G04,10109970SOARESW,2025-09-22,111348,1,8,0,114.0
10109970SOARESW_2025-09-22_G05,10109970SOARESW,2025-09-22,111435,1,3,0,552.0
10109970SOARESW_2025-09-22_G06,10109970SOARESW,2025-09-22,141823,1,12,0,108.0
10109970SOARESW_2025-09-22_G07,10109970SOARESW,2025-09-22,110748,1,2,0,177.0
10109970SOARESW_2025-09-22_G08,10109970SOARESW,2025-09-22,117785,1,25,0,277.0
10109970SOARESW_2025-09-22_G09,10109970SOARESW,2025-09-22,117785,1,25,0,72.0
10109970SOARESW_2025-09-22_G10,10109970SOARESW,2025-09-22,109641,1,4,0,276.0
10109970SOARESW_2025-09-22_G11,10109970SOARESW,2025-09-22,105705,1,8,0,587.0
10109970SOARESW_2025-09-22_G12,10109970SOARESW,2025-09-22,111466,1,16,0,406.0
10109970SOARESW_2025-09-22_G13,10109970SOARESW,2025-09-22,111462,1,4,0,211.0
10109970SOARESW_2025-09-22_G14,10109970SOARESW,2025-09-22,117821,2,16,20,131.0
10109970SOARESW_2025-09-22_G15,10109970SOARESW,2025-09-22,141458,1,8,0,214.0
10109970SOARESW_2025-09-22_G16,10109970SOARESW,2025-09-22,141458,1,30,0,211.0
10109970SOARESW_2025-09-22_G17,10109970SOARESW,2025-09-22,111465,1,15,0,430.0
10109970SOARESW_2025-09-22_G18,10109970SOARESW,2025-09-22,111442,2,16,29,846.0
10109970SOARESW_2025-09-22_G20,10109970SOARESW,2025-09-22,110787,1,100,0,587.0
10109970SOARESW_2025-09-22_G22,10109970SOARESW,2025-09-22,109640,1,15,0,837.0
10109970SOARESW_2025-09-22_G23,10109970SOARESW,2025-09-22,109640,1,9,0,438.0
10109970SOARESW_2025-09-22_G24,10109970SOARESW,2025-09-22,111469,1,12,0,193.0
10109970SOARESW_2025-09-22_G25,10109970SOARESW,2025-09-22,160054,1,6,0,187.0
10109970SOARESW_2025-09-22_G26,10109970SOARESW,2025-09-22,117808,1,10,0,94.0
10109970SOARESW_2025-09-22_G27,10109970SOARESW,2025-09-22,117862,1,8,0,1015.0
10109970SOARESW_2025-09-22_G28,10109970SOARESW,2025-09-22,111530,1,2,0,492.0
10109970SOARESW_2025-09-22_G29,10109970SOARESW,2025-09-22,140923,1,5,0,131.0
10109970SOARESW_2025-09-22_G30,10109970SOARESW,2025-09-22,109640,1,2,0,251.0
10109970SOARESW_2025-09-22_G31,10109970SOARESW,2025-09-22,118094,1,4,0,469.0
10109970SOARESW_2025-09-22_G32,10109970SOARESW,2025-09-22,109645,1,6,0,1145.0
10109970SOARESW_2025-09-22_G33,10109970SOARESW,2025-09-22,140922,1,4,0,284.0
10109970SOARESW_2025-09-22_G34,10109970SOARESW,2025-09-22,111532,1,4,0,179.0
10109970SOARESW_2025-09-22_G35,10109970SOARESW,2025-09-22,118140,1,4,0,309.0
10109970SOARESW_2025-09-22_G36,10109970SOARESW,2025-09-22,111466,1,6,0,404.0
10109970SOARESW_2025-09-22_G37,10109970SOARESW,2025-09-22,117785,1,8,0,226.0
10109970SOARESW_2025-09-22_G38,10109970SOARESW,2025-09-22,111462,1,4,0,188.0
10109970SOARESW_2025-09-22_G39,10109970SOARESW,2025-09-22,111442,1,4,0,130.0
10109970SOARESW_2025-09-22_G40,10109970SOARESW,2025-09-22,111444,1,2,0,235.0
10109970SOARESW_2025-09-22_G41,10109970SOARESW,2025-09-22,118299,1,14,0,517.0
10109970SOARESW_2025-09-22_G42,10109970SOARESW,2025-09-22,110373,1,20,0,255.0
10109970SOARESW_2025-09-22_G43,10109970SOARESW,2025-09-22,110375,1,4,0,138.0
10109970SOARESW_2025-09-22_G44,10109970SOARESW,2025-09-22,110325,1,4,0,122.0
10109970SOARESW_2025-09-22_G45,10109970SOARESW,2025-09-22,117809,1,8,0,79.0
10109970SOARESW_2025-09-23_G02,10109970SOARESW,2025-09-23,108759,1,8,0,585.0
10109970SOARESW_2025-09-23_G03,10109970SOARESW,2025-09-23,110129,1,5,0,3359.0
10109970SOARESW_2025-09-23_G04,10109970SOARESW,2025-09-23,110743,1,4,0,258.0
10109970SOARESW_2025-09-23_G05,10109970SOARESW,2025-09-23,111433,1,1,0,1194.0
10109970SOARESW_2025-09-23_G06,10109970SOARESW,2025-09-23,118317,1,13,0,489.0
10109970SOARESW_2025-09-23_G07,10109970SOARESW,2025-09-23,111463,1,64,0,1444.0
10109970SOARESW_2025-09-23_G08,10109970SOARESW,2025-09-23,117838,1,1,0,721.0
10109970SOARESW_2025-09-23_G09,10109970SOARESW,2025-09-23,111743,1,21,0,431.0
10109970SOARESW_2025-09-23_G10,10109970SOARESW,2025-09-23,111435,1,2,0,176.0
10109970SOARESW_2025-09-23_G11,10109970SOARESW,2025-09-23,117787,1,7,0,125.0
10109970SOARESW_2025-09-23_G12,10109970SOARESW,2025-09-23,108794,1,11,0,139.0
10109970SOARESW_2025-09-23_G13,10109970SOARESW,2025-09-23,141457,1,4,0,69.0
10109970SOARESW_2025-09-23_G14,10109970SOARESW,2025-09-23,111468,1,10,0,927.0
10109970SOARESW_2025-09-23_G15,10109970SOARESW,2025-09-23,117831,1,14,0,105.0
10109970SOARESW_2025-09-23_G16,10109970SOARESW,2025-09-23,111348,1,13,0,98.0
10109970SOARESW_2025-09-23_G17,10109970SOARESW,2025-09-23,141271,1,6,0,95.0
10109970SOARESW_2025-09-23_G18,10109970SOARESW,2025-09-23,110745,1,9,0,67.0
10109970SOARESW_2025-09-23_G19,10109970SOARESW,2025-09-23,118140,1,124,0,503.0
10109970SOARESW_2025-09-23_G21,10109970SOARESW,2025-09-23,140923,1,40,0,755.0
10109970SOARESW_2025-09-23_G22,10109970SOARESW,2025-09-23,111602,1,20,0,505.0
10109970SOARESW_2025-09-23_G23,10109970SOARESW,2025-09-23,108772,1,16,0,477.0
10109970SOARESW_2025-09-23_G24,10109970SOARESW,2025-09-23,110787,1,18,0,699.0
10109970SOARESW_2025-09-23_G25,10109970SOARESW,2025-09-23,118140,1,46,0,1766.0
10109970SOARESW_2025-09-23_G26,10109970SOARESW,2025-09-23,117785,1,46,0,824.0
10109970SOARESW_2025-09-23_G27,10109970SOARESW,2025-09-23,111462,1,30,0,350.0
10109970SOARESW_2025-09-24_G02,10109970SOARESW,2025-09-24,109641,1,711,0,1468.0
10109970SOARESW_2025-09-24_G04,10109970SOARESW,2025-09-24,110747,1,16,0,247.0
10109970SOARESW_2025-09-24_G05,10109970SOARESW,2025-09-24,118323,1,4,0,1247.0
10109970SOARESW_2025-09-24_G06,10109970SOARESW,2025-09-24,111112,1,2,0,584.0
10109970SOARESW_2025-09-24_G07,10109970SOARESW,2025-09-24,141458,1,31,0,1274.0
10109970SOARESW_2025-09-24_G08,10109970SOARESW,2025-09-24,110895,1,30,0,1479.0
10109970SOARESW_2025-09-24_G09,10109970SOARESW,2025-09-24,111602,1,30,0,1022.0
10109970SOARESW_2025-09-24_G10,10109970SOARESW,2025-09-24,140923,1,90,0,1258.0
10109970SOARESW_2025-09-25_G02,10109970SOARESW,2025-09-25,110747,1,24,0,1172.0
10109970SOARESW_2025-09-25_G03,10109970SOARESW,2025-09-25,118253,1,14,0,1075.0
10109970SOARESW_2025-09-25_G04,10109970SOARESW,2025-09-25,115821,1,8,0,1028.0
10109970SOARESW_2025-09-25_G05,10109970SOARESW,2025-09-25,110582,1,4,0,424.0
10109970SOARESW_2025-09-25_G06,10109970SOARESW,2025-09-25,118418,1,1,0,65.0
10109970SOARESW_2025-09-25_G07,10109970SOARESW,2025-09-25,117834,1,6,0,735.0
10109970SOARESW_2025-09-25_G08,10109970SOARESW,2025-09-25,118417,1,2,0,799.0
10109970SOARESW_2025-09-25_G09,10109970SOARESW,2025-09-25,111569,1,24,0,586.0
10109970SOARESW_2025-09-25_G10,10109970SOARESW,2025-09-25,111655,1,14,0,617.0
10109970SOARESW_2025-09-25_G11,10109970SOARESW,2025-09-25,107892,1,10,0,278.0
10109970SOARESW_2025-09-25_G12,10109970SOARESW,2025-09-25,117789,1,2,0,53.0
10109970SOARESW_2025-09-25_G14,10109970SOARESW,2025-09-25,110623,1,8,0,851.0
10109970SOARESW_2025-09-25_G15,10109970SOARESW,2025-09-25,109495,1,8,0,605.0
10109970SOARESW_2025-09-25_G16,10109970SOARESW,2025-09-25,111655,1,40,0,612.0
10109970SOARESW_2025-09-25_G17,10109970SOARESW,2025-09-25,111660,1,20,0,585.0
10109970SOARESW_2025-09-25_G18,10109970SOARESW,2025-09-25,105167,1,8,0,619.0
10109970SOARESW_2025-09-25_G19,10109970SOARESW,2025-09-25,108759,1,12,0,1436.0
10109970SOARESW_2025-09-25_G20,10109970SOARESW,2025-09-25,141456,1,40,0,1634.0
10109970SOARESW_2025-09-25_G21,10109970SOARESW,2025-09-25,111433,1,3,0,249.0
10109970SOARESW_2025-09-25_G22,10109970SOARESW,2025-09-25,118317,1,40,0,685.0
10109970SOARESW_2025-09-26_G02,10109970SOARESW,2025-09-26,111443,1,24,0,285.0
10109970SOARESW_2025-09-26_G03,10109970SOARESW,2025-09-26,109641,1,12,0,1651.0
10109970SOARESW_2025-09-26_G04,10109970SOARESW,2025-09-26,111743,1,20,0,275.0
10109970SOARESW_2025-09-26_G05,10109970SOARESW,2025-09-26,111435,1,12,0,438.0
10109970SOARESW_2025-09-26_G06,10109970SOARESW,2025-09-26,111418,1,50,0,932.0
10109970SOARESW_2025-09-26_G07,10109970SOARESW,2025-09-26,117785,1,50,0,629.0
10109970SOARESW_2025-09-26_G08,10109970SOARESW,2025-09-26,141458,1,50,0,559.0
10109970SOARESW_2025-09-26_G09,10109970SOARESW,2025-09-26,117831,1,40,0,1299.0
10109970SOARESW_2025-09-26_G11,10109970SOARESW,2025-09-26,109645,1,70,0,471.0
10109970SOARESW_2025-09-26_G12,10109970SOARESW,2025-09-26,140922,1,10,0,385.0
10109970SOARESW_2025-09-26_G13,10109970SOARESW,2025-09-26,111418,1,70,0,485.0
10109970SOARESW_2025-09-26_G14,10109970SOARESW,2025-09-26,141457,1,70,0,870.0
10109970SOARESW_2025-09-26_G15,10109970SOARESW,2025-09-26,111466,1,30,0,460.0
10109970SOARESW_2025-09-26_G16,10109970SOARESW,2025-09-26,141458,1,15,0,505.0
10109970SOARESW_2025-09-26_G17,10109970SOARESW,2025-09-26,117785,1,76,0,725.0
10109970SOARESW_2025-09-26_G18,10109970SOARESW,2025-09-26,111462,1,25,0,1095.0
10109970SOARESW_2025-09-26_G19,10109970SOARESW,2025-09-26,117821,1,8,0,274.0
10109970SOARESW_2025-09-26_G20,10109970SOARESW,2025-09-26,117831,1,50,0,945.0
10109970SOARESW_2025-09-27_G02,10109970SOARESW,2025-09-27,140922,1,5,0,3110.0
10109970SOARESW_2025-09-27_G03,10109970SOARESW,2025-09-27,118140,1,100,0,562.0
10109970SOARESW_2025-09-27_G04,10109970SOARESW,2025-09-27,111418,1,60,0,1349.0
10109970SOARESW_2025-09-27_G05,10109970SOARESW,2025-09-27,108794,1,10,0,93.0
10109970SOARESW_2025-09-27_G06,10109970SOARESW,2025-09-27,111462,1,16,0,601.0
10109970SOARESW_2025-09-27_G07,10109970SOARESW,2025-09-27,118222,1,20,0,288.0
10109970SOARESW_2025-09-27_G08,10109970SOARESW,2025-09-27,111660,1,11,0,524.0
10109970SOARESW_2025-09-27_G09,10109970SOARESW,2025-09-27,118418,1,4,0,222.0
10109970SOARESW_2025-09-28_G02,10109970SOARESW,2025-09-28,140923,1,5,0,96.0
10109970SOARESW_2025-09-28_G03,10109970SOARESW,2025-09-28,140923,1,4,0,45.0
10109970SOARESW_2025-09-28_G04,10109970SOARESW,2025-09-28,118140,1,10,0,435.0
10109970SOARESW_2025-09-28_G05,10109970SOARESW,2025-09-28,118140,1,9,0,90.0
10109970SOARESW_2025-09-28_G06,10109970SOARESW,2025-09-28,110895,1,2,0,764.0
10109970SOARESW_2025-09-28_G07,10109970SOARESW,2025-09-28,140923,1,25,0,940.0
10109970SOARESW_2025-09-28_G08,10109970SOARESW,2025-09-28,140923,1,15,0,424.0
10109970SOARESW_2025-09-28_G09,10109970SOARESW,2025-09-28,118140,1,20,0,428.0
10109970SOARESW_2025-09-28_G10,10109970SOARESW,2025-09-28,110895,1,2,0,526.0
10109970SOARESW_2025-09-28_G11,10109970SOARESW,2025-09-28,140923,1,4,0,655.0
10109970SOARESW_2025-09-28_G12,10109970SOARESW,2025-09-28,140923,1,12,0,68.0
10109970SOARESW_2025-09-28_G13,10109970SOARESW,2025-09-28,118140,1,2,0,971.0
10109970SOARESW_2025-09-28_G14,10109970SOARESW,2025-09-28,140923,2,34,17,386.0
10109970SOARESW_2025-09-28_G15,10109970SOARESW,2025-09-28,108772,1,4,0,731.0
10109970SOARESW_2025-09-28_G16,10109970SOARESW,2025-09-28,110752,1,6,0,80.0
10109970SOARESW_2025-09-29_G03,10109970SOARESW,2025-09-29,110787,1,3,0,684.0
10109970SOARESW_2025-09-29_G04,10109970SOARESW,2025-09-29,141823,1,8,0,172.0
10109970SOARESW_2025-09-29_G05,10109970SOARESW,2025-09-29,141458,1,30,0,797.0
10109970SOARESW_2025-09-29_G06,10109970SOARESW,2025-09-29,111182,1,3,0,103.0
10109970SOARESW_2025-09-29_G07,10109970SOARESW,2025-09-29,111530,1,15,0,2692.0
10109970SOARESW_2025-09-29_G08,10109970SOARESW,2025-09-29,111182,1,8,0,223.0
10109970SOARESW_2025-09-29_G09,10109970SOARESW,2025-09-29,118290,1,2,0,814.0
10109970SOARESW_2025-09-29_G10,10109970SOARESW,2025-09-29,107830,1,72,0,932.0
10109970SOARESW_2025-09-29_G12,10109970SOARESW,2025-09-29,110895,1,4,0,746.0
10109970SOARESW_2025-09-29_G13,10109970SOARESW,2025-09-29,110787,1,2,0,529.0
10109970SOARESW_2025-09-29_G14,10109970SOARESW,2025-09-29,111446,1,4,0,248.0
10109970SOARESW_2025-09-29_G15,10109970SOARESW,2025-09-29,111446,1,5,0,833.0
10109970SOARESW_2025-09-29_G16,10109970SOARESW,2025-09-29,111463,1,4,0,177.0
10109970SOARESW_2025-09-29_G17,10109970SOARESW,2025-09-29,111463,1,20,0,243.0
10109970SOARESW_2025-09-29_G18,10109970SOARESW,2025-09-29,111431,1,4,0,137.0
10109970SOARESW_2025-09-29_G19,10109970SOARESW,2025-09-29,111466,1,12,0,142.0
10109970SOARESW_2025-09-29_G20,10109970SOARESW,2025-09-29,110742,1,4,0,358.0
10109970SOARESW_2025-09-29_G21,10109970SOARESW,2025-09-29,110895,1,2,0,234.0
10109970SOARESW_2025-09-29_G22,10109970SOARESW,2025-09-29,111463,1,23,0,2513.0
10109970SOARESW_2025-09-29_G23,10109970SOARESW,2025-09-29,109641,1,2,0,285.0
10109970SOARESW_2025-09-29_G24,10109970SOARESW,2025-09-29,109641,1,2,0,74.0
10109970SOARESW_2025-09-29_G25,10109970SOARESW,2025-09-29,111435,1,2,0,120.0
10109970SOARESW_2025-09-29_G26,10109970SOARESW,2025-09-29,111435,1,2,0,34.0
10109970SOARESW_2025-09-29_G27,10109970SOARESW,2025-09-29,117787,1,4,0,674.0
10109970SOARESW_2025-09-29_G28,10109970SOARESW,2025-09-29,117787,1,8,0,91.0
10109970SOARESW_2025-09-30_G02,10109970SOARESW,2025-09-30,110787,1,1,0,153.0
10109970SOARESW_2025-09-30_G03,10109970SOARESW,2025-09-30,111466,1,8,0,408.0
10109970SOARESW_2025-09-30_G04,10109970SOARESW,2025-09-30,111466,1,40,0,46.0
10109970SOARESW_2025-09-30_G05,10109970SOARESW,2025-09-30,111462,1,9,0,474.0
10109970SOARESW_2025-09-30_G06,10109970SOARESW,2025-09-30,117833,1,2,0,44.0
10109970SOARESW_2025-09-30_G07,10109970SOARESW,2025-09-30,111465,1,4,0,101.0
10109970SOARESW_2025-09-30_G08,10109970SOARESW,2025-09-30,111465,1,2,0,44.0
10109970SOARESW_2025-09-30_G09,10109970SOARESW,2025-09-30,111465,1,2,0,37.0
10109970SOARESW_2025-09-30_G10,10109970SOARESW,2025-09-30,110743,1,4,0,320.0
10109970SOARESW_2025-09-30_G12,10109970SOARESW,2025-09-30,110745,1,41,0,1505.0
10109970SOARESW_2025-09-30_G13,10109970SOARESW,2025-09-30,111172,1,51,0,791.0
10109970SOARESW_2025-10-03_G02,10109970SOARESW,2025-10-03,100334,1,2,0,114.0
10109970SOARESW_2025-10-03_G03,10109970SOARESW,2025-10-03,111655,1,2,0,100.0
10109970SOARESW_2025-10-03_G04,10109970SOARESW,2025-10-03,117855,1,2,0,91.0
10109970SOARESW_2025-10-03_G05,10109970SOARESW,2025-10-03,117856,1,2,0,175.0
10109970SOARESW_2025-10-03_G06,10109970SOARESW,2025-10-03,110711,1,1,0,110.0
10109970SOARESW_2025-10-03_G07,10109970SOARESW,2025-10-03,117853,1,4,0,145.0
10109970SOARESW_2025-10-03_G08,10109970SOARESW,2025-10-03,109640,1,4,0,191.0
10109970SOARESW_2025-10-03_G09,10109970SOARESW,2025-10-03,111602,1,2,0,83.0
10109970SOARESW_2025-10-03_G10,10109970SOARESW,2025-10-03,105705,1,3,0,670.0
10109970SOARESW_2025-10-03_G11,10109970SOARESW,2025-10-03,110787,1,4,0,120.0
10109970SOARESW_2025-10-03_G12,10109970SOARESW,2025-10-03,109641,1,8,0,126.0
10109970SOARESW_2025-10-03_G13,10109970SOARESW,2025-10-03,111418,1,8,0,132.0
10109970SOARESW_2025-10-03_G14,10109970SOARESW,2025-10-03,111462,1,4,0,73.0
10109970SOARESW_2025-10-03_G15,10109970SOARESW,2025-10-03,111466,1,6,0,90.0
10109970SOARESW_2025-10-03_G16,10109970SOARESW,2025-10-03,111469,1,1,0,729.0
10109970SOARESW_2025-10-03_G17,10109970SOARESW,2025-10-03,110374,1,8,0,251.0
10109970SOARESW_2025-10-03_G18,10109970SOARESW,2025-10-03,110754,1,2,0,236.0
10109970SOARESW_2025-10-04_G02,10109970SOARESW,2025-10-04,111467,1,4,0,157.0
10109970SOARESW_2025-10-04_G03,10109970SOARESW,2025-10-04,105705,1,1,0,233.0
10109970SOARESW_2025-10-04_G04,10109970SOARESW,2025-10-04,111443,1,4,0,220.0
10109970SOARESW_2025-10-04_G05,10109970SOARESW,2025-10-04,140922,1,4,0,72.0
10109970SOARESW_2025-10-04_G06,10109970SOARESW,2025-10-04,110376,1,2,0,119.0
10109970SOARESW_2025-10-04_G07,10109970SOARESW,2025-10-04,110325,1,4,0,118.0
10109970SOARESW_2025-10-04_G08,10109970SOARESW,2025-10-04,111462,1,8,0,841.0
10109970SOARESW_2025-10-04_G09,10109970SOARESW,2025-10-04,111466,1,8,0,88.0
10109970SOARESW_2025-10-04_G10,10109970SOARESW,2025-10-04,110373,1,8,0,618.0
10109970SOARESW_2025-10-04_G11,10109970SOARESW,2025-10-04,140922,1,2,0,840.0
10109970SOARESW_2025-10-04_G12,10109970SOARESW,2025-10-04,111418,1,4,0,95.0
10109970SOARESW_2025-10-04_G13,10109970SOARESW,2025-10-04,111462,1,4,0,45.0
10109970SOARESW_2025-10-04_G14,10109970SOARESW,2025-10-04,111469,1,3,0,40.0
10109970SOARESW_2025-10-04_G15,10109970SOARESW,2025-10-04,111466,1,5,0,56.0
10109970SOARESW_2025-10-04_G16,10109970SOARESW,2025-10-04,117787,1,1,0,69.0
10109970SOARESW_2025-10-04_G17,10109970SOARESW,2025-10-04,118222,1,32,0,1686.0
10109970SOARESW_2025-10-04_G18,10109970SOARESW,2025-10-04,111441,1,20,0,459.0
10109970SOARESW_2025-10-04_G19,10109970SOARESW,2025-10-04,110895,1,12,0,359.0
10109970SOARESW_2025-10-04_G20,10109970SOARESW,2025-10-04,117856,1,20,0,370.0
10109970SOARESW_2025-10-04_G21,10109970SOARESW,2025-10-04,110741,1,8,0,90.0
10109970SOARESW_2025-10-04_G22,10109970SOARESW,2025-10-04,110711,1,8,0,462.0
10109970SOARESW_2025-10-04_G23,10109970SOARESW,2025-10-04,110339,1,24,0,375.0
10109970SOARESW_2025-10-04_G24,10109970SOARESW,2025-10-04,109640,1,12,0,341.0
10109970SOARESW_2025-10-04_G25,10109970SOARESW,2025-10-04,110313,1,16,0,1260.0
10109970SOARESW_2025-10-04_G26,10109970SOARESW,2025-10-04,111602,1,24,0,310.0
10109970SOARESW_2025-10-04_G27,10109970SOARESW,2025-10-04,117785,1,19,0,546.0
10109970SOARESW_2025-10-04_G28,10109970SOARESW,2025-10-04,110787,1,20,0,401.0
10109970SOARESW_2025-10-04_G29,10109970SOARESW,2025-10-04,110740,1,24,0,324.0
10109970SOARESW_2025-10-04_G30,10109970SOARESW,2025-10-04,111743,1,12,0,549.0
10109970SOARESW_2025-10-04_G31,10109970SOARESW,2025-10-04,111418,1,120,0,254.0
10109971SILVAB_2025-10-24_G02,10109971SILVAB,2025-10-24,"122962, 123909",2,28,21,55.0
10109971SILVAB_2025-10-24_G03,10109971SILVAB,2025-10-24,124486,1,20,0,52.0
10109971SILVAB_2025-10-24_G04,10109971SILVAB,2025-10-24,"122962, 123909, 124486, 120389, 120028",6,91,106,1830.0
10109971SILVAB_2025-10-24_G05,10109971SILVAB,2025-10-24,"122962, 124486",2,56,17,34.0
10109971SILVAB_2025-11-08_G02,10109971SILVAB,2025-11-08,123822,1,20,0,398.0
10109971SILVAB_2025-11-08_G03,10109971SILVAB,2025-11-08,120028,1,20,0,606.0
10109971SILVAB_2025-11-08_G04,10109971SILVAB,2025-11-08,124486,1,10,0,376.0
10109971SILVAB_2025-11-08_G05,10109971SILVAB,2025-11-08,124486,1,41,0,2548.0
10109971SILVAB_2025-11-08_G06,10109971SILVAB,2025-11-08,122673,1,6,0,1256.0
10109971SILVAB_2025-11-08_G07,10109971SILVAB,2025-11-08,122647,1,6,0,198.0
10109971SILVAB_2025-11-08_G08,10109971SILVAB,2025-11-08,124486,1,6,0,383.0
10109971SILVAB_2025-11-08_G09,10109971SILVAB,2025-11-08,124486,1,6,0,2613.0
10109971SILVAB_2025-11-08_G10,10109971SILVAB,2025-11-08,124486,1,20,0,421.0
10109971SILVAB_2025-11-14_G02,10109971SILVAB,2025-11-14,123909,1,55,0,549.0
10109971SILVAB_2025-11-14_G03,10109971SILVAB,2025-11-14,122983,1,57,0,787.0
10109971SILVAB_2025-11-14_G04,10109971SILVAB,2025-11-14,121760,1,56,0,707.0
10109971SILVAB_2025-11-14_G05,10109971SILVAB,2025-11-14,120339,1,43,0,856.0
10109971SILVAB_2025-11-14_G06,10109971SILVAB,2025-11-14,121760,1,20,0,480.0
10109979CORREAL_2025-08-22_G02,10109979CORREAL,2025-08-22,124247,1,30,0,966.0
10109979CORREAL_2025-08-22_G03,10109979CORREAL,2025-08-22,123822,1,17,0,876.0
10109979CORREAL_2025-08-22_G04,10109979CORREAL,2025-08-22,123822,1,47,0,1753.0
10109979CORREAL_2025-08-22_G05,10109979CORREAL,2025-08-22,123822,1,42,0,466.0
10109979CORREAL_2025-08-22_G07,10109979CORREAL,2025-08-22,120272,1,4,0,321.0
10109979CORREAL_2025-08-22_G08,10109979CORREAL,2025-08-22,120008,1,50,0,1643.0
10109979CORREAL_2025-08-22_G09,10109979CORREAL,2025-08-22,121760,1,4,0,960.0
10109979CORREAL_2025-08-22_G10,10109979CORREAL,2025-08-22,122195,1,8,0,494.0
10109979CORREAL_2025-08-22_G11,10109979CORREAL,2025-08-22,124433,1,30,0,1397.0
10109979CORREAL_2025-08-23_G02,10109979CORREAL,2025-08-23,120028,1,20,0,702.0
10109979CORREAL_2025-08-23_G03,10109979CORREAL,2025-08-23,122962,1,24,0,456.0
10109979CORREAL_2025-08-24_G02,10109979CORREAL,2025-08-24,124486,1,16,0,1055.0
10109979CORREAL_2025-08-24_G03,10109979CORREAL,2025-08-24,122962,1,20,0,854.0
10109979CORREAL_2025-08-24_G04,10109979CORREAL,2025-08-24,123492,1,2,0,243.0
10109979CORREAL_2025-08-24_G05,10109979CORREAL,2025-08-24,121651,1,4,0,191.0
10109979CORREAL_2025-08-24_G06,10109979CORREAL,2025-08-24,123521,1,2,0,118.0
10109979CORREAL_2025-08-24_G07,10109979CORREAL,2025-08-24,121760,1,2,0,283.0
10109979CORREAL_2025-08-24_G08,10109979CORREAL,2025-08-24,123822,1,1,0,287.0
10109979CORREAL_2025-08-24_G09,10109979CORREAL,2025-08-24,122673,1,4,0,992.0
10109979CORREAL_2025-08-24_G10,10109979CORREAL,2025-08-24,122673,1,6,0,50.0
10109979CORREAL_2025-08-24_G11,10109979CORREAL,2025-08-24,121651,1,4,0,726.0
10109979CORREAL_2025-08-24_G12,10109979CORREAL,2025-08-24,124248,1,8,0,938.0
10109979CORREAL_2025-08-24_G13,10109979CORREAL,2025-08-24,120272,1,4,0,416.0
10109979CORREAL_2025-08-24_G14,10109979CORREAL,2025-08-24,122983,1,40,0,1660.0
10109979CORREAL_2025-08-24_G15,10109979CORREAL,2025-08-24,123909,1,11,0,425.0
10109979CORREAL_2025-08-24_G16,10109979CORREAL,2025-08-24,124486,1,4,0,253.0
10109979CORREAL_2025-08-25_G02,10109979CORREAL,2025-08-25,122962,1,14,0,818.0
10109979CORREAL_2025-08-25_G03,10109979CORREAL,2025-08-25,124475,1,4,0,1713.0
10109979CORREAL_2025-08-25_G04,10109979CORREAL,2025-08-25,124248,1,1,0,362.0
10109979CORREAL_2025-08-25_G05,10109979CORREAL,2025-08-25,124486,1,4,0,242.0
10109979CORREAL_2025-08-25_G06,10109979CORREAL,2025-08-25,122962,1,4,0,519.0
10109979CORREAL_2025-08-25_G07,10109979CORREAL,2025-08-25,122671,1,8,0,420.0
10109979CORREAL_2025-08-25_G08,10109979CORREAL,2025-08-25,124248,1,1,0,456.0
10109979CORREAL_2025-08-25_G09,10109979CORREAL,2025-08-25,124486,1,4,0,164.0
10109979CORREAL_2025-08-25_G10,10109979CORREAL,2025-08-25,123343,1,14,0,907.0
10109979CORREAL_2025-08-25_G11,10109979CORREAL,2025-08-25,123345,1,8,0,382.0
10109979CORREAL_2025-08-25_G12,10109979CORREAL,2025-08-25,123345,1,4,0,209.0
10109979CORREAL_2025-08-25_G13,10109979CORREAL,2025-08-25,123909,1,15,0,1227.0
10109979CORREAL_2025-08-25_G14,10109979CORREAL,2025-08-25,120028,1,4,0,184.0
10109979CORREAL_2025-08-25_G15,10109979CORREAL,2025-08-25,124248,1,1,0,173.0
10109979CORREAL_2025-08-25_G16,10109979CORREAL,2025-08-25,124486,1,6,0,88.0
10109979CORREAL_2025-08-25_G17,10109979CORREAL,2025-08-25,122984,1,7,0,503.0
10109979CORREAL_2025-08-25_G18,10109979CORREAL,2025-08-25,123344,1,6,0,926.0
10109979CORREAL_2025-08-25_G19,10109979CORREAL,2025-08-25,124247,1,2,0,146.0
10109979CORREAL_2025-08-25_G20,10109979CORREAL,2025-08-25,122962,1,2,0,180.0
10109979CORREAL_2025-08-25_G21,10109979CORREAL,2025-08-25,123343,1,11,0,384.0
10109979CORREAL_2025-08-25_G23,10109979CORREAL,2025-08-25,121760,1,10,0,672.0
10109979CORREAL_2025-08-25_G24,10109979CORREAL,2025-08-25,123344,1,20,0,1464.0
10109979CORREAL_2025-08-25_G25,10109979CORREAL,2025-08-25,123153,1,30,0,1689.0
10109979CORREAL_2025-08-25_G26,10109979CORREAL,2025-08-25,123153,1,30,0,338.0
10109979CORREAL_2025-08-25_G27,10109979CORREAL,2025-08-25,120339,1,4,0,777.0
10109979CORREAL_2025-08-25_G28,10109979CORREAL,2025-08-25,122962,1,12,0,229.0
10109979CORREAL_2025-08-25_G29,10109979CORREAL,2025-08-25,124486,1,16,0,509.0
10109979CORREAL_2025-08-25_G30,10109979CORREAL,2025-08-25,120321,1,2,0,639.0
10109979CORREAL_2025-08-25_G31,10109979CORREAL,2025-08-25,123343,1,6,0,865.0
10109979CORREAL_2025-08-25_G32,10109979CORREAL,2025-08-25,123345,1,20,0,191.0
10109979CORREAL_2025-08-25_G33,10109979CORREAL,2025-08-25,122673,1,4,0,874.0
10109979CORREAL_2025-08-25_G34,10109979CORREAL,2025-08-25,122647,1,2,0,210.0
10109979CORREAL_2025-08-25_G35,10109979CORREAL,2025-08-25,122988,1,10,0,198.0
10109979CORREAL_2025-08-25_G36,10109979CORREAL,2025-08-25,122982,1,4,0,303.0
10109979CORREAL_2025-08-26_G02,10109979CORREAL,2025-08-26,124247,1,60,0,1275.0
10109979CORREAL_2025-08-26_G03,10109979CORREAL,2025-08-26,123343,1,2,0,249.0
10109979CORREAL_2025-08-26_G04,10109979CORREAL,2025-08-26,123909,1,4,0,104.0
10109979CORREAL_2025-08-26_G05,10109979CORREAL,2025-08-26,122962,1,22,0,771.0
10109979CORREAL_2025-08-26_G06,10109979CORREAL,2025-08-26,121760,1,5,0,281.0
10109979CORREAL_2025-08-26_G07,10109979CORREAL,2025-08-26,124486,1,20,0,262.0
10109979CORREAL_2025-08-26_G08,10109979CORREAL,2025-08-26,121651,1,33,0,1090.0
10109979CORREAL_2025-08-26_G09,10109979CORREAL,2025-08-26,121651,1,30,0,577.0
10109979CORREAL_2025-08-26_G10,10109979CORREAL,2025-08-26,122962,1,2,0,428.0
10109979CORREAL_2025-08-26_G11,10109979CORREAL,2025-08-26,122962,1,2,0,107.0
10109979CORREAL_2025-08-26_G12,10109979CORREAL,2025-08-26,124371,1,4,0,145.0
10109979CORREAL_2025-08-26_G13,10109979CORREAL,2025-08-26,121760,1,9,0,424.0
10109979CORREAL_2025-08-26_G14,10109979CORREAL,2025-08-26,122984,1,10,0,163.0
10109979CORREAL_2025-08-26_G15,10109979CORREAL,2025-08-26,122703,1,6,0,237.0
10109979CORREAL_2025-08-26_G16,10109979CORREAL,2025-08-26,122962,1,14,0,36.0
10109979CORREAL_2025-08-26_G17,10109979CORREAL,2025-08-26,124371,1,8,0,273.0
10109979CORREAL_2025-08-26_G18,10109979CORREAL,2025-08-26,121760,1,8,0,336.0
10109979CORREAL_2025-08-26_G19,10109979CORREAL,2025-08-26,124486,1,14,0,855.0
10109979CORREAL_2025-08-26_G20,10109979CORREAL,2025-08-26,120389,1,14,0,778.0
10109979CORREAL_2025-08-26_G21,10109979CORREAL,2025-08-26,124548,1,6,0,547.0
10109979CORREAL_2025-08-26_G22,10109979CORREAL,2025-08-26,180024,1,4,0,563.0
10109979CORREAL_2025-08-27_G02,10109979CORREAL,2025-08-27,122703,1,8,0,273.0
10109979CORREAL_2025-08-27_G03,10109979CORREAL,2025-08-27,122703,1,8,0,221.0
10109979CORREAL_2025-08-27_G04,10109979CORREAL,2025-08-27,121651,1,20,0,339.0
10109979CORREAL_2025-08-27_G05,10109979CORREAL,2025-08-27,122982,1,46,0,1681.0
10109979CORREAL_2025-08-27_G06,10109979CORREAL,2025-08-27,122703,1,16,0,1369.0
10109979CORREAL_2025-08-27_G07,10109979CORREAL,2025-08-27,122703,1,5,0,224.0
10109979CORREAL_2025-08-27_G08,10109979CORREAL,2025-08-27,123492,1,6,0,2521.0
10109979CORREAL_2025-08-27_G09,10109979CORREAL,2025-08-27,122962,1,50,0,1576.0
10109979CORREAL_2025-08-27_G10,10109979CORREAL,2025-08-27,122671,1,8,0,162.0
10109979CORREAL_2025-08-27_G11,10109979CORREAL,2025-08-27,123909,1,10,0,380.0
10109979CORREAL_2025-08-28_G02,10109979CORREAL,2025-08-28,120339,1,30,0,1462.0
10109979CORREAL_2025-08-28_G03,10109979CORREAL,2025-08-28,124624,1,6,0,217.0
10109979CORREAL_2025-08-28_G04,10109979CORREAL,2025-08-28,124486,1,60,0,1249.0
10109979CORREAL_2025-08-28_G05,10109979CORREAL,2025-08-28,122984,1,2,0,359.0
10109979CORREAL_2025-08-28_G06,10109979CORREAL,2025-08-28,122984,1,27,0,932.0
10109979CORREAL_2025-08-28_G07,10109979CORREAL,2025-08-28,123492,1,1,0,75.0
10109979CORREAL_2025-08-28_G08,10109979CORREAL,2025-08-28,123909,1,9,0,1004.0
10109979CORREAL_2025-08-28_G09,10109979CORREAL,2025-08-28,122671,1,20,0,582.0
10109979CORREAL_2025-08-28_G10,10109979CORREAL,2025-08-28,120008,1,3,0,340.0
10109979CORREAL_2025-08-28_G11,10109979CORREAL,2025-08-28,122962,1,50,0,1153.0
10109979CORREAL_2025-08-28_G12,10109979CORREAL,2025-08-28,122671,1,20,0,310.0
10109979CORREAL_2025-08-28_G13,10109979CORREAL,2025-08-28,123909,1,10,0,339.0
10109979CORREAL_2025-08-28_G14,10109979CORREAL,2025-08-28,122647,1,8,0,163.0
10109979CORREAL_2025-08-28_G15,10109979CORREAL,2025-08-28,124248,1,28,0,584.0
10109979CORREAL_2025-08-28_G16,10109979CORREAL,2025-08-28,124486,1,40,0,951.0
10109979CORREAL_2025-08-28_G17,10109979CORREAL,2025-08-28,"120028, 123343",2,54,24,755.0
10109979CORREAL_2025-08-28_G19,10109979CORREAL,2025-08-28,122673,1,2,0,55.0
10109979CORREAL_2025-08-28_G20,10109979CORREAL,2025-08-28,124370,1,6,0,349.0
10109979CORREAL_2025-08-28_G21,10109979CORREAL,2025-08-28,121651,1,12,0,318.0
10109979CORREAL_2025-08-28_G22,10109979CORREAL,2025-08-28,123080,1,10,0,384.0
10109979CORREAL_2025-08-28_G23,10109979CORREAL,2025-08-28,120028,1,4,0,270.0
10109979CORREAL_2025-08-28_G24,10109979CORREAL,2025-08-28,120028,1,6,0,158.0
10109979CORREAL_2025-08-28_G25,10109979CORREAL,2025-08-28,122673,1,4,0,1210.0
10109979CORREAL_2025-08-28_G26,10109979CORREAL,2025-08-28,124475,1,6,0,133.0
10109979CORREAL_2025-08-28_G27,10109979CORREAL,2025-08-28,123345,1,4,0,383.0
10109979CORREAL_2025-08-28_G28,10109979CORREAL,2025-08-28,180420,1,3,0,912.0
10109979CORREAL_2025-08-28_G29,10109979CORREAL,2025-08-28,122962,1,16,0,693.0
10109979CORREAL_2025-08-28_G30,10109979CORREAL,2025-08-28,122983,2,4,21,225.0
10109979CORREAL_2025-08-28_G31,10109979CORREAL,2025-08-28,121651,1,12,0,723.0
10109979CORREAL_2025-08-28_G32,10109979CORREAL,2025-08-28,120008,1,4,0,307.0
10109979CORREAL_2025-08-29_G03,10109979CORREAL,2025-08-29,123521,1,4,0,1175.0
10109979CORREAL_2025-08-29_G04,10109979CORREAL,2025-08-29,124371,1,60,0,1258.0
10109979CORREAL_2025-08-29_G05,10109979CORREAL,2025-08-29,124370,1,10,0,168.0
10109979CORREAL_2025-08-29_G06,10109979CORREAL,2025-08-29,124475,1,12,0,331.0
10109979CORREAL_2025-08-29_G07,10109979CORREAL,2025-08-29,123562,1,6,0,1310.0
10109979CORREAL_2025-08-29_G08,10109979CORREAL,2025-08-29,122671,1,12,0,125.0
10109979CORREAL_2025-08-29_G09,10109979CORREAL,2025-08-29,123909,1,12,0,364.0
10109979CORREAL_2025-08-29_G10,10109979CORREAL,2025-08-29,123521,1,12,0,625.0
10109979CORREAL_2025-08-29_G11,10109979CORREAL,2025-08-29,123562,1,5,0,98.0
10109979CORREAL_2025-08-29_G12,10109979CORREAL,2025-08-29,121760,1,12,0,290.0
10109979CORREAL_2025-08-29_G13,10109979CORREAL,2025-08-29,122984,1,12,0,336.0
10109979CORREAL_2025-08-29_G15,10109979CORREAL,2025-08-29,122983,1,2,0,574.0
10109979CORREAL_2025-08-29_G16,10109979CORREAL,2025-08-29,120271,1,4,0,152.0
10109979CORREAL_2025-08-29_G17,10109979CORREAL,2025-08-29,120389,1,6,0,410.0
10109979CORREAL_2025-08-29_G18,10109979CORREAL,2025-08-29,124486,1,20,0,714.0
10109979CORREAL_2025-08-29_G19,10109979CORREAL,2025-08-29,123080,1,2,0,114.0
10109979CORREAL_2025-08-29_G20,10109979CORREAL,2025-08-29,120028,1,4,0,179.0
10109979CORREAL_2025-08-29_G21,10109979CORREAL,2025-08-29,123344,1,10,0,438.0
10109979CORREAL_2025-08-29_G22,10109979CORREAL,2025-08-29,124548,1,30,0,1249.0
10109979CORREAL_2025-08-29_G23,10109979CORREAL,2025-08-29,124247,1,2,0,378.0
10109979CORREAL_2025-08-29_G24,10109979CORREAL,2025-08-29,123889,1,8,0,1351.0
10109979CORREAL_2025-08-29_G25,10109979CORREAL,2025-08-29,124371,1,20,0,1609.0
10109979CORREAL_2025-08-30_G02,10109979CORREAL,2025-08-30,121651,1,30,0,866.0
10109979CORREAL_2025-08-30_G03,10109979CORREAL,2025-08-30,120008,1,4,0,2138.0
10109979CORREAL_2025-08-30_G04,10109979CORREAL,2025-08-30,123345,1,24,0,1539.0
10109979CORREAL_2025-08-30_G05,10109979CORREAL,2025-08-30,123343,1,6,0,964.0
10109979CORREAL_2025-08-30_G06,10109979CORREAL,2025-08-30,123344,1,80,0,1787.0
10109979CORREAL_2025-08-30_G07,10109979CORREAL,2025-08-30,124486,1,25,0,1929.0
10109979CORREAL_2025-08-30_G08,10109979CORREAL,2025-08-30,123153,1,28,0,354.0
10109979CORREAL_2025-08-30_G09,10109979CORREAL,2025-08-30,122189,1,24,0,601.0
10109979CORREAL_2025-08-30_G10,10109979CORREAL,2025-08-30,122185,1,24,0,899.0
10109988CRUZG_2025-09-12_G02,10109988CRUZG,2025-09-12,100334,1,1,0,603.0
10109988CRUZG_2025-09-12_G03,10109988CRUZG,2025-09-12,110755,1,4,0,394.0
10109988CRUZG_2025-09-12_G04,10109988CRUZG,2025-09-12,108798,1,2,0,221.0
10109988CRUZG_2025-09-12_G05,10109988CRUZG,2025-09-12,111466,1,7,0,288.0
10109988CRUZG_2025-09-12_G06,10109988CRUZG,2025-09-12,111466,1,40,0,618.0
10109988CRUZG_2025-09-12_G07,10109988CRUZG,2025-09-12,111466,2,41,19,111.0
10109988CRUZG_2025-09-12_G08,10109988CRUZG,2025-09-12,117831,1,2,0,135.0
10109988CRUZG_2025-09-12_G09,10109988CRUZG,2025-09-12,111468,1,20,0,155.0
10109988CRUZG_2025-09-12_G10,10109988CRUZG,2025-09-12,111465,2,2,8,436.0
10109988CRUZG_2025-09-30_G02,10109988CRUZG,2025-09-30,110787,1,3,0,102.0
10109988CRUZG_2025-09-30_G03,10109988CRUZG,2025-09-30,111182,1,4,0,413.0
10109988CRUZG_2025-09-30_G04,10109988CRUZG,2025-09-30,111182,1,4,0,96.0
10109988CRUZG_2025-09-30_G05,10109988CRUZG,2025-09-30,111182,1,4,0,80.0
10109988CRUZG_2025-09-30_G06,10109988CRUZG,2025-09-30,111182,1,9,0,46.0
10109988CRUZG_2025-09-30_G07,10109988CRUZG,2025-09-30,111530,1,10,0,485.0
10109988CRUZG_2025-09-30_G08,10109988CRUZG,2025-09-30,118140,1,6,0,202.0
10109988CRUZG_2025-09-30_G09,10109988CRUZG,2025-09-30,111182,1,4,0,76.0
10109988CRUZG_2025-09-30_G10,10109988CRUZG,2025-09-30,110742,1,4,0,185.0
10109988CRUZG_2025-09-30_G11,10109988CRUZG,2025-09-30,118222,1,20,0,735.0
10109988CRUZG_2025-09-30_G12,10109988CRUZG,2025-09-30,118290,1,7,0,340.0
10109988CRUZG_2025-09-30_G13,10109988CRUZG,2025-09-30,111660,1,4,0,104.0
10109988CRUZG_2025-09-30_G14,10109988CRUZG,2025-09-30,118140,1,20,0,732.0
10109988CRUZG_2025-09-30_G16,10109988CRUZG,2025-09-30,111469,2,52,27,1108.0
10109988CRUZG_2025-09-30_G17,10109988CRUZG,2025-09-30,108795,1,14,0,527.0
10109988CRUZG_2025-09-30_G18,10109988CRUZG,2025-09-30,118317,1,10,0,185.0
10109988CRUZG_2025-09-30_G19,10109988CRUZG,2025-09-30,118317,1,70,0,531.0
10109988CRUZG_2025-09-30_G20,10109988CRUZG,2025-09-30,111330,1,18,0,514.0
10109988CRUZG_2025-09-30_G21,10109988CRUZG,2025-09-30,111468,1,12,0,49.0
10109996GODOYJ_2025-09-19_G02,10109996GODOYJ,2025-09-19,108711,1,2,0,111.0
10109996GODOYJ_2025-09-19_G03,10109996GODOYJ,2025-09-19,118140,1,4,0,203.0
10109996GODOYJ_2025-09-19_G04,10109996GODOYJ,2025-09-19,117831,1,8,0,287.0
10109996GODOYJ_2025-09-19_G05,10109996GODOYJ,2025-09-19,117820,1,6,0,156.0
10109996GODOYJ_2025-09-19_G06,10109996GODOYJ,2025-09-19,117809,1,2,0,134.0
10109996GODOYJ_2025-09-19_G07,10109996GODOYJ,2025-09-19,117830,1,2,0,63.0
10109996GODOYJ_2025-09-19_G08,10109996GODOYJ,2025-09-19,141823,1,8,0,370.0
10109996GODOYJ_2025-09-19_G09,10109996GODOYJ,2025-09-19,118416,1,4,0,233.0
10109996GODOYJ_2025-09-19_G10,10109996GODOYJ,2025-09-19,111330,1,4,0,783.0
10109996GODOYJ_2025-09-19_G11,10109996GODOYJ,2025-09-19,141823,1,8,0,345.0
10109996GODOYJ_2025-09-19_G13,10109996GODOYJ,2025-09-19,111467,1,2,0,169.0
10109996GODOYJ_2025-09-19_G14,10109996GODOYJ,2025-09-19,140922,1,2,0,148.0
10109996GODOYJ_2025-09-19_G15,10109996GODOYJ,2025-09-19,108711,1,2,0,271.0
10109996GODOYJ_2025-09-19_G16,10109996GODOYJ,2025-09-19,110743,1,2,0,230.0
10109996GODOYJ_2025-09-19_G17,10109996GODOYJ,2025-09-19,110371,1,2,0,138.0
10109996GODOYJ_2025-09-19_G18,10109996GODOYJ,2025-09-19,118299,1,10,0,162.0
10109996GODOYJ_2025-09-19_G19,10109996GODOYJ,2025-09-19,109640,1,3,0,684.0
10109996GODOYJ_2025-09-19_G20,10109996GODOYJ,2025-09-19,111532,1,5,0,238.0
10109996GODOYJ_2025-09-19_G21,10109996GODOYJ,2025-09-19,110371,1,4,0,806.0
10109996GODOYJ_2025-09-19_G22,10109996GODOYJ,2025-09-19,118299,1,20,0,511.0
10109996GODOYJ_2025-09-20_G02,10109996GODOYJ,2025-09-20,108759,1,4,0,149.0
10109996GODOYJ_2025-09-20_G03,10109996GODOYJ,2025-09-20,111442,1,2,0,729.0
10109996GODOYJ_2025-09-20_G04,10109996GODOYJ,2025-09-20,109647,1,4,0,519.0
10109996GODOYJ_2025-09-20_G05,10109996GODOYJ,2025-09-20,117862,1,5,0,223.0
10109996GODOYJ_2025-09-20_G06,10109996GODOYJ,2025-09-20,117861,1,8,0,258.0
10109996GODOYJ_2025-09-20_G07,10109996GODOYJ,2025-09-20,110516,1,2,0,3426.0
10109996GODOYJ_2025-09-20_G08,10109996GODOYJ,2025-09-20,111438,1,1,0,2007.0
10109996GODOYJ_2025-09-20_G09,10109996GODOYJ,2025-09-20,140922,1,7,0,297.0
10109996GODOYJ_2025-09-20_G10,10109996GODOYJ,2025-09-20,117785,1,2,0,318.0
10109996GODOYJ_2025-09-20_G11,10109996GODOYJ,2025-09-20,117830,1,6,0,146.0
10109996GODOYJ_2025-09-20_G12,10109996GODOYJ,2025-09-20,107830,1,2,0,146.0
10109996GODOYJ_2025-09-20_G13,10109996GODOYJ,2025-09-20,118299,1,10,0,262.0
10109996GODOYJ_2025-09-20_G14,10109996GODOYJ,2025-09-20,110372,1,1,0,56.0
10109996GODOYJ_2025-09-20_G15,10109996GODOYJ,2025-09-20,111530,1,4,0,217.0
10109996GODOYJ_2025-09-20_G16,10109996GODOYJ,2025-09-20,140923,1,4,0,166.0
10109996GODOYJ_2025-09-20_G17,10109996GODOYJ,2025-09-20,111602,1,6,0,207.0
10109996GODOYJ_2025-09-20_G18,10109996GODOYJ,2025-09-20,117808,1,12,0,1128.0
10109996GODOYJ_2025-09-20_G19,10109996GODOYJ,2025-09-20,110371,1,8,0,126.0
10109996GODOYJ_2025-09-22_G02,10109996GODOYJ,2025-09-22,111743,1,2,0,205.0
10109996GODOYJ_2025-09-22_G03,10109996GODOYJ,2025-09-22,110895,1,1,0,932.0
10109996GODOYJ_2025-09-22_G04,10109996GODOYJ,2025-09-22,160055,1,2,0,304.0
10109996GODOYJ_2025-09-22_G05,10109996GODOYJ,2025-09-22,110325,1,6,0,274.0
10109996GODOYJ_2025-09-22_G06,10109996GODOYJ,2025-09-22,110895,1,2,0,361.0
10109996GODOYJ_2025-09-22_G07,10109996GODOYJ,2025-09-22,111879,1,4,0,175.0
10109996GODOYJ_2025-09-22_G08,10109996GODOYJ,2025-09-22,118140,1,8,0,189.0
10109996GODOYJ_2025-09-22_G09,10109996GODOYJ,2025-09-22,141271,1,4,0,1225.0
10109996GODOYJ_2025-09-22_G10,10109996GODOYJ,2025-09-22,110325,1,4,0,520.0
10109996GODOYJ_2025-09-22_G11,10109996GODOYJ,2025-09-22,110325,1,7,0,139.0
10109996GODOYJ_2025-09-22_G12,10109996GODOYJ,2025-09-22,110895,1,4,0,733.0
10109996GODOYJ_2025-09-22_G13,10109996GODOYJ,2025-09-22,140923,1,4,0,248.0
10109996GODOYJ_2025-09-22_G14,10109996GODOYJ,2025-09-22,111602,1,1,0,139.0
10109996GODOYJ_2025-09-22_G15,10109996GODOYJ,2025-09-22,111743,1,1,0,152.0
10109996GODOYJ_2025-09-22_G16,10109996GODOYJ,2025-09-22,118140,1,10,0,204.0
10109996GODOYJ_2025-09-22_G17,10109996GODOYJ,2025-09-22,141271,1,2,0,134.0
10109996GODOYJ_2025-09-22_G18,10109996GODOYJ,2025-09-22,110325,1,1,0,59.0
10109996GODOYJ_2025-09-22_G19,10109996GODOYJ,2025-09-22,141066,1,2,0,794.0
10109996GODOYJ_2025-09-22_G20,10109996GODOYJ,2025-09-22,109645,1,2,0,368.0
10109996GODOYJ_2025-09-22_G21,10109996GODOYJ,2025-09-22,111743,1,2,0,80.0
10109996GODOYJ_2025-09-22_G22,10109996GODOYJ,2025-09-22,111532,1,4,0,270.0
10109996GODOYJ_2025-09-22_G23,10109996GODOYJ,2025-09-22,118140,1,2,0,111.0
10109996GODOYJ_2025-09-22_G24,10109996GODOYJ,2025-09-22,111418,1,4,0,118.0
10109996GODOYJ_2025-09-22_G25,10109996GODOYJ,2025-09-22,117833,1,2,0,154.0
10109996GODOYJ_2025-09-22_G26,10109996GODOYJ,2025-09-22,117821,1,2,0,104.0
10109996GODOYJ_2025-09-22_G27,10109996GODOYJ,2025-09-22,117832,1,8,0,1518.0
10109996GODOYJ_2025-09-22_G28,10109996GODOYJ,2025-09-22,117820,1,8,0,163.0
10109996GODOYJ_2025-09-22_G29,10109996GODOYJ,2025-09-22,117809,1,4,0,95.0
10109996GODOYJ_2025-09-22_G30,10109996GODOYJ,2025-09-22,117808,1,20,0,361.0
10109996GODOYJ_2025-09-22_G31,10109996GODOYJ,2025-09-22,118299,1,20,0,189.0
10109996GODOYJ_2025-09-22_G32,10109996GODOYJ,2025-09-22,110373,1,4,0,1070.0
10109996GODOYJ_2025-09-22_G33,10109996GODOYJ,2025-09-22,117935,1,4,0,2584.0
10109996GODOYJ_2025-09-22_G34,10109996GODOYJ,2025-09-22,108711,1,2,0,222.0
10109996GODOYJ_2025-09-22_G35,10109996GODOYJ,2025-09-22,111466,1,2,0,108.0
10109996GODOYJ_2025-09-22_G36,10109996GODOYJ,2025-09-22,111462,1,2,0,99.0
10109996GODOYJ_2025-09-22_G37,10109996GODOYJ,2025-09-22,117821,1,3,0,103.0
10109996GODOYJ_2025-09-22_G38,10109996GODOYJ,2025-09-22,117831,1,2,0,68.0
10109996GODOYJ_2025-09-22_G40,10109996GODOYJ,2025-09-22,141202,1,1,0,79.0
10109996GODOYJ_2025-09-22_G41,10109996GODOYJ,2025-09-22,117822,1,2,0,52.0
10109996GODOYJ_2025-09-22_G42,10109996GODOYJ,2025-09-22,117809,1,4,0,66.0
10109996GODOYJ_2025-09-22_G43,10109996GODOYJ,2025-09-22,110373,1,7,0,179.0
10109996GODOYJ_2025-09-22_G44,10109996GODOYJ,2025-09-22,110743,1,2,0,422.0
10109996GODOYJ_2025-09-22_G45,10109996GODOYJ,2025-09-22,111569,1,4,0,224.0
10109996GODOYJ_2025-09-22_G46,10109996GODOYJ,2025-09-22,111444,1,4,0,105.0
10109996GODOYJ_2025-09-22_G47,10109996GODOYJ,2025-09-22,109645,1,2,0,91.0
10109996GODOYJ_2025-09-22_G48,10109996GODOYJ,2025-09-22,110740,1,4,0,758.0
10109996GODOYJ_2025-09-22_G49,10109996GODOYJ,2025-09-22,117820,1,4,0,91.0
10109996GODOYJ_2025-09-22_G50,10109996GODOYJ,2025-09-22,117809,1,1,0,67.0
10109996GODOYJ_2025-09-22_G51,10109996GODOYJ,2025-09-22,117832,1,3,0,133.0
10109996GODOYJ_2025-09-22_G52,10109996GODOYJ,2025-09-22,117808,1,8,0,197.0
10109996GODOYJ_2025-09-22_G53,10109996GODOYJ,2025-09-22,118299,1,12,0,733.0
10109996GODOYJ_2025-09-22_G54,10109996GODOYJ,2025-09-22,111569,1,3,0,1070.0
10109996GODOYJ_2025-09-22_G55,10109996GODOYJ,2025-09-22,110747,1,2,0,278.0
10109996GODOYJ_2025-09-22_G56,10109996GODOYJ,2025-09-22,109640,1,2,0,142.0
10109996GODOYJ_2025-09-22_G57,10109996GODOYJ,2025-09-22,140923,1,4,0,166.0
10109996GODOYJ_2025-09-22_G58,10109996GODOYJ,2025-09-22,117935,1,4,0,183.0
10109996GODOYJ_2025-09-22_G59,10109996GODOYJ,2025-09-22,110733,1,1,0,49.0
10109996GODOYJ_2025-09-22_G60,10109996GODOYJ,2025-09-22,117855,1,2,0,169.0
10109996GODOYJ_2025-09-22_G61,10109996GODOYJ,2025-09-22,117831,1,8,0,270.0
10109996GODOYJ_2025-09-22_G62,10109996GODOYJ,2025-09-22,111469,1,4,0,196.0
10109996GODOYJ_2025-09-22_G63,10109996GODOYJ,2025-09-22,108795,1,2,0,95.0
10109996GODOYJ_2025-09-22_G64,10109996GODOYJ,2025-09-22,118317,1,2,0,92.0
10109996GODOYJ_2025-09-22_G65,10109996GODOYJ,2025-09-22,141457,1,2,0,96.0
10109996GODOYJ_2025-09-22_G66,10109996GODOYJ,2025-09-22,111466,1,12,0,190.0
10109996GODOYJ_2025-09-22_G67,10109996GODOYJ,2025-09-22,117821,1,2,0,272.0
10109996GODOYJ_2025-09-22_G68,10109996GODOYJ,2025-09-22,110743,1,2,0,249.0
10109996GODOYJ_2025-09-23_G02,10109996GODOYJ,2025-09-23,117853,1,4,0,127.0
10109996GODOYJ_2025-09-23_G03,10109996GODOYJ,2025-09-23,111462,1,3,0,175.0
10109996GODOYJ_2025-09-23_G04,10109996GODOYJ,2025-09-23,105705,1,4,0,416.0
10109996GODOYJ_2025-09-23_G05,10109996GODOYJ,2025-09-23,118317,1,2,0,176.0
10109996GODOYJ_2025-09-23_G06,10109996GODOYJ,2025-09-23,111463,1,5,0,106.0
10109996GODOYJ_2025-09-23_G07,10109996GODOYJ,2025-09-23,118140,1,3,0,638.0
10109996GODOYJ_2025-09-23_G08,10109996GODOYJ,2025-09-23,111418,1,9,0,752.0
10109996GODOYJ_2025-09-23_G09,10109996GODOYJ,2025-09-23,110372,1,2,0,119.0
10109996GODOYJ_2025-09-23_G10,10109996GODOYJ,2025-09-23,110373,1,4,0,252.0
10109996GODOYJ_2025-09-23_G11,10109996GODOYJ,2025-09-23,110895,1,4,0,288.0
10109996GODOYJ_2025-09-23_G12,10109996GODOYJ,2025-09-23,111602,1,12,0,315.0
10109996GODOYJ_2025-09-23_G13,10109996GODOYJ,2025-09-23,117786,1,1,0,1917.0
10109996GODOYJ_2025-09-23_G14,10109996GODOYJ,2025-09-23,118094,1,6,0,121.0
10109996GODOYJ_2025-09-23_G15,10109996GODOYJ,2025-09-23,111433,1,6,0,234.0
10109996GODOYJ_2025-09-23_G16,10109996GODOYJ,2025-09-23,118317,1,4,0,198.0
10109996GODOYJ_2025-09-23_G17,10109996GODOYJ,2025-09-23,111418,1,6,0,458.0
10109996GODOYJ_2025-09-23_G18,10109996GODOYJ,2025-09-23,110372,1,4,0,350.0
10109996GODOYJ_2025-09-23_G19,10109996GODOYJ,2025-09-23,117808,1,5,0,262.0
10109996GODOYJ_2025-09-23_G20,10109996GODOYJ,2025-09-23,118299,1,18,0,308.0
10109996GODOYJ_2025-09-23_G21,10109996GODOYJ,2025-09-23,118222,1,4,0,842.0
10109996GODOYJ_2025-09-23_G23,10109996GODOYJ,2025-09-23,110787,1,6,0,177.0
10109996GODOYJ_2025-09-23_G24,10109996GODOYJ,2025-09-23,118140,1,20,0,248.0
10109996GODOYJ_2025-09-23_G25,10109996GODOYJ,2025-09-23,117808,1,4,0,349.0
10109996GODOYJ_2025-09-23_G26,10109996GODOYJ,2025-09-23,111602,1,6,0,238.0
10109996GODOYJ_2025-09-23_G27,10109996GODOYJ,2025-09-23,111530,1,2,0,661.0
10109996GODOYJ_2025-09-23_G29,10109996GODOYJ,2025-09-23,111467,1,2,0,97.0
10109996GODOYJ_2025-09-23_G30,10109996GODOYJ,2025-09-23,111469,1,12,0,198.0
10109996GODOYJ_2025-09-23_G31,10109996GODOYJ,2025-09-23,111532,1,12,0,428.0
10109996GODOYJ_2025-09-23_G32,10109996GODOYJ,2025-09-23,111466,1,6,0,299.0
10109996GODOYJ_2025-09-23_G33,10109996GODOYJ,2025-09-23,117785,1,12,0,250.0
10109996GODOYJ_2025-09-23_G34,10109996GODOYJ,2025-09-23,111462,1,24,0,1908.0
10109996GODOYJ_2025-09-23_G35,10109996GODOYJ,2025-09-23,141458,1,12,0,247.0
10109996GODOYJ_2025-09-23_G36,10109996GODOYJ,2025-09-23,111463,1,12,0,324.0
10109996GODOYJ_2025-09-23_G37,10109996GODOYJ,2025-09-23,111418,1,12,0,229.0
10109996GODOYJ_2025-09-24_G02,10109996GODOYJ,2025-09-24,118281,1,2,0,196.0
10109996GODOYJ_2025-09-24_G03,10109996GODOYJ,2025-09-24,118277,1,2,0,440.0
10109996GODOYJ_2025-09-24_G04,10109996GODOYJ,2025-09-24,140923,1,22,0,896.0
10109996GODOYJ_2025-09-24_G05,10109996GODOYJ,2025-09-24,111466,1,26,0,495.0
10109996GODOYJ_2025-09-24_G06,10109996GODOYJ,2025-09-24,111466,1,11,0,182.0
10109996GODOYJ_2025-09-24_G07,10109996GODOYJ,2025-09-24,118290,1,1,0,225.0
10109996GODOYJ_2025-09-24_G08,10109996GODOYJ,2025-09-24,114650,1,4,0,2219.0
10109996GODOYJ_2025-09-24_G09,10109996GODOYJ,2025-09-24,115234,1,4,0,564.0
10109996GODOYJ_2025-09-24_G10,10109996GODOYJ,2025-09-24,115821,1,4,0,1209.0
10109996GODOYJ_2025-09-24_G11,10109996GODOYJ,2025-09-24,117834,1,2,0,286.0
10109996GODOYJ_2025-09-24_G12,10109996GODOYJ,2025-09-24,117788,1,2,0,312.0
10109996GODOYJ_2025-09-24_G13,10109996GODOYJ,2025-09-24,117855,1,4,0,302.0
10109996GODOYJ_2025-09-24_G14,10109996GODOYJ,2025-09-24,115775,1,8,0,728.0
10109996GODOYJ_2025-09-24_G15,10109996GODOYJ,2025-09-24,110372,1,100,0,1072.0
10109996GODOYJ_2025-09-24_G16,10109996GODOYJ,2025-09-24,117808,1,100,0,519.0
10109996GODOYJ_2025-09-24_G17,10109996GODOYJ,2025-09-24,110376,1,20,0,922.0
10109996GODOYJ_2025-09-24_G18,10109996GODOYJ,2025-09-24,141202,1,10,0,372.0
10109996GODOYJ_2025-09-24_G19,10109996GODOYJ,2025-09-24,117830,1,10,0,118.0
10109996GODOYJ_2025-09-24_G20,10109996GODOYJ,2025-09-24,117809,1,30,0,581.0
10109996GODOYJ_2025-09-24_G21,10109996GODOYJ,2025-09-24,117820,1,40,0,627.0
10109996GODOYJ_2025-09-24_G22,10109996GODOYJ,2025-09-24,117808,1,100,0,466.0
10109996GODOYJ_2025-09-24_G23,10109996GODOYJ,2025-09-24,110371,1,30,0,1068.0
10109996GODOYJ_2025-09-24_G24,10109996GODOYJ,2025-09-24,110895,1,40,0,1091.0
10109996GODOYJ_2025-09-24_G26,10109996GODOYJ,2025-09-24,111660,1,4,0,1906.0
10109996GODOYJ_2025-09-24_G27,10109996GODOYJ,2025-09-24,109640,1,2,0,147.0
10109996GODOYJ_2025-09-24_G28,10109996GODOYJ,2025-09-24,118140,1,7,0,199.0
10109996GODOYJ_2025-09-24_G29,10109996GODOYJ,2025-09-24,111532,1,4,0,494.0
10109996GODOYJ_2025-09-24_G30,10109996GODOYJ,2025-09-24,140911,1,4,0,337.0
10109996GODOYJ_2025-09-24_G31,10109996GODOYJ,2025-09-24,110313,1,4,0,525.0
10109996GODOYJ_2025-09-24_G32,10109996GODOYJ,2025-09-24,111532,1,4,0,493.0
10109996GODOYJ_2025-09-24_G33,10109996GODOYJ,2025-09-24,117808,1,5,0,138.0
10109996GODOYJ_2025-09-24_G34,10109996GODOYJ,2025-09-24,109640,1,3,0,241.0
10109996GODOYJ_2025-09-24_G35,10109996GODOYJ,2025-09-24,110313,1,2,0,55.0
10109996GODOYJ_2025-09-26_G02,10109996GODOYJ,2025-09-26,141066,1,4,0,484.0
10109996GODOYJ_2025-09-26_G03,10109996GODOYJ,2025-09-26,117862,1,50,0,905.0
10109996GODOYJ_2025-09-26_G04,10109996GODOYJ,2025-09-26,118298,1,3,0,600.0
10109996GODOYJ_2025-09-26_G05,10109996GODOYJ,2025-09-26,117861,1,10,0,260.0
10109996GODOYJ_2025-09-26_G06,10109996GODOYJ,2025-09-26,110733,1,10,0,553.0
10109996GODOYJ_2025-09-26_G07,10109996GODOYJ,2025-09-26,117855,1,12,0,597.0
10109996GODOYJ_2025-09-26_G08,10109996GODOYJ,2025-09-26,111467,1,4,0,199.0
10109996GODOYJ_2025-09-26_G09,10109996GODOYJ,2025-09-26,110752,1,10,0,259.0
10109996GODOYJ_2025-09-26_G10,10109996GODOYJ,2025-09-26,118094,1,10,0,1329.0
10109996GODOYJ_2025-09-26_G11,10109996GODOYJ,2025-09-26,111418,1,200,0,1426.0
10109996GODOYJ_2025-09-26_G13,10109996GODOYJ,2025-09-26,111430,1,4,0,123.0
10109996GODOYJ_2025-09-26_G14,10109996GODOYJ,2025-09-26,118290,1,4,0,249.0
10109996GODOYJ_2025-09-26_G15,10109996GODOYJ,2025-09-26,110747,1,4,0,213.0
10109996GODOYJ_2025-09-26_G16,10109996GODOYJ,2025-09-26,118222,1,4,0,1332.0
10109996GODOYJ_2025-09-26_G17,10109996GODOYJ,2025-09-26,110752,1,6,0,263.0
10109996GODOYJ_2025-09-26_G18,10109996GODOYJ,2025-09-26,141456,1,8,0,243.0
10109996GODOYJ_2025-09-26_G19,10109996GODOYJ,2025-09-26,117838,1,4,0,151.0
10109996GODOYJ_2025-09-26_G20,10109996GODOYJ,2025-09-26,111434,1,8,0,381.0
10109996GODOYJ_2025-09-26_G21,10109996GODOYJ,2025-09-26,110745,1,4,0,186.0
10109996GODOYJ_2025-09-26_G22,10109996GODOYJ,2025-09-26,111465,1,6,0,78.0
10109996GODOYJ_2025-09-26_G23,10109996GODOYJ,2025-09-26,118140,2,20,5,464.0
10109996GODOYJ_2025-09-26_G24,10109996GODOYJ,2025-09-26,110787,1,1,0,447.0
10109996GODOYJ_2025-09-26_G25,10109996GODOYJ,2025-09-26,111861,1,4,0,775.0
10109996GODOYJ_2025-09-26_G26,10109996GODOYJ,2025-09-26,109974,1,4,0,374.0
10109996GODOYJ_2025-09-26_G27,10109996GODOYJ,2025-09-26,117808,1,50,0,823.0
10109996GODOYJ_2025-09-26_G28,10109996GODOYJ,2025-09-26,118299,1,50,0,1254.0
10109996GODOYJ_2025-09-26_G30,10109996GODOYJ,2025-09-26,111530,1,12,0,602.0
10109996GODOYJ_2025-09-26_G31,10109996GODOYJ,2025-09-26,140923,1,12,0,286.0
10109996GODOYJ_2025-09-26_G32,10109996GODOYJ,2025-09-26,117856,1,4,0,169.0
10109996GODOYJ_2025-09-27_G02,10109996GODOYJ,2025-09-27,110623,1,20,0,280.0
10109996GODOYJ_2025-09-27_G03,10109996GODOYJ,2025-09-27,110623,1,12,0,331.0
10109996GODOYJ_2025-09-27_G04,10109996GODOYJ,2025-09-27,111463,1,10,0,1035.0
10109996GODOYJ_2025-09-27_G05,10109996GODOYJ,2025-09-27,108711,1,10,0,312.0
10109996GODOYJ_2025-09-27_G06,10109996GODOYJ,2025-09-27,110787,1,10,0,1306.0
10109996GODOYJ_2025-09-27_G07,10109996GODOYJ,2025-09-27,111418,1,30,0,370.0
10109996GODOYJ_2025-09-27_G08,10109996GODOYJ,2025-09-27,141458,1,20,0,554.0
10109996GODOYJ_2025-09-27_G09,10109996GODOYJ,2025-09-27,117833,1,10,0,176.0
10109996GODOYJ_2025-09-27_G10,10109996GODOYJ,2025-09-27,117831,1,20,0,301.0
10109996GODOYJ_2025-09-27_G11,10109996GODOYJ,2025-09-27,111462,1,30,0,168.0
10109996GODOYJ_2025-09-27_G12,10109996GODOYJ,2025-09-27,117785,1,100,0,1183.0
10109996GODOYJ_2025-09-27_G13,10109996GODOYJ,2025-09-27,110740,2,30,12,1092.0
10109996GODOYJ_2025-09-27_G14,10109996GODOYJ,2025-09-27,118306,1,4,0,1364.0
10109996GODOYJ_2025-09-27_G15,10109996GODOYJ,2025-09-27,111569,1,4,0,231.0
10109996GODOYJ_2025-09-27_G16,10109996GODOYJ,2025-09-27,117786,1,2,0,241.0
10109996GODOYJ_2025-09-27_G17,10109996GODOYJ,2025-09-27,117788,1,2,0,151.0
10109996GODOYJ_2025-09-27_G18,10109996GODOYJ,2025-09-27,117862,1,2,0,126.0
10109996GODOYJ_2025-09-27_G19,10109996GODOYJ,2025-09-27,111530,1,6,0,156.0
10109996GODOYJ_2025-09-27_G20,10109996GODOYJ,2025-09-27,110752,1,2,0,320.0
10109996GODOYJ_2025-09-27_G21,10109996GODOYJ,2025-09-27,110063,1,2,0,176.0
10109996GODOYJ_2025-09-27_G22,10109996GODOYJ,2025-09-27,110374,1,3,0,345.0
10109996GODOYJ_2025-09-27_G23,10109996GODOYJ,2025-09-27,110371,1,10,0,265.0
10109996GODOYJ_2025-09-27_G24,10109996GODOYJ,2025-09-27,110372,1,17,0,766.0
10109996GODOYJ_2025-09-27_G25,10109996GODOYJ,2025-09-27,109640,1,6,0,577.0
10109996GODOYJ_2025-09-27_G26,10109996GODOYJ,2025-09-27,110375,1,4,0,230.0
10109996GODOYJ_2025-09-27_G27,10109996GODOYJ,2025-09-27,110373,1,16,0,298.0
10109996GODOYJ_2025-09-27_G28,10109996GODOYJ,2025-09-27,141202,1,3,0,85.0
10109996GODOYJ_2025-09-27_G29,10109996GODOYJ,2025-09-27,118299,1,6,0,51.0
10109996GODOYJ_2025-09-27_G30,10109996GODOYJ,2025-09-27,110325,1,7,0,74.0
10109996GODOYJ_2025-09-27_G31,10109996GODOYJ,2025-09-27,117809,1,4,0,63.0
10109996GODOYJ_2025-09-27_G32,10109996GODOYJ,2025-09-27,111569,1,2,0,1847.0
10109996GODOYJ_2025-09-27_G33,10109996GODOYJ,2025-09-27,117835,1,15,0,185.0
10109996GODOYJ_2025-09-27_G34,10109996GODOYJ,2025-09-27,160057,1,3,0,120.0
10109996GODOYJ_2025-09-27_G35,10109996GODOYJ,2025-09-27,118290,1,7,0,201.0
10109996GODOYJ_2025-09-27_G36,10109996GODOYJ,2025-09-27,118290,1,3,0,101.0
10109996GODOYJ_2025-09-27_G37,10109996GODOYJ,2025-09-27,118290,1,4,0,136.0
10109996GODOYJ_2025-09-27_G38,10109996GODOYJ,2025-09-27,117789,1,2,0,105.0
10109996GODOYJ_2025-09-27_G39,10109996GODOYJ,2025-09-27,160054,1,2,0,745.0
10109996GODOYJ_2025-09-27_G40,10109996GODOYJ,2025-09-27,160054,1,4,0,46.0
10109996GODOYJ_2025-09-27_G41,10109996GODOYJ,2025-09-27,110374,1,23,0,406.0
10109996GODOYJ_2025-09-27_G42,10109996GODOYJ,2025-09-27,110374,1,2,0,65.0
10109996GODOYJ_2025-09-27_G43,10109996GODOYJ,2025-09-27,110374,1,14,0,136.0
10109996GODOYJ_2025-09-27_G44,10109996GODOYJ,2025-09-27,117808,1,94,0,541.0
10109996GODOYJ_2025-09-27_G45,10109996GODOYJ,2025-09-27,117808,1,21,0,424.0
10109996GODOYJ_2025-09-27_G46,10109996GODOYJ,2025-09-27,110371,1,20,0,271.0
10109996GODOYJ_2025-09-27_G47,10109996GODOYJ,2025-09-27,110371,1,2,0,35.0
10109996GODOYJ_2025-09-27_G49,10109996GODOYJ,2025-09-27,117833,1,3,0,45.0
10109996GODOYJ_2025-09-27_G50,10109996GODOYJ,2025-09-27,117821,1,6,0,79.0
10109996GODOYJ_2025-09-27_G51,10109996GODOYJ,2025-09-27,107236,1,6,0,248.0
10109996GODOYJ_2025-09-27_G52,10109996GODOYJ,2025-09-27,110374,1,20,0,804.0
10109996GODOYJ_2025-09-27_G53,10109996GODOYJ,2025-09-27,110372,1,32,0,470.0
10109996GODOYJ_2025-09-27_G54,10109996GODOYJ,2025-09-27,117830,1,20,0,992.0
10109996GODOYJ_2025-09-29_G02,10109996GODOYJ,2025-09-29,118299,1,2,0,90.0
10109996GODOYJ_2025-09-29_G03,10109996GODOYJ,2025-09-29,110372,1,93,0,1840.0
10109996GODOYJ_2025-09-29_G04,10109996GODOYJ,2025-09-29,117808,2,303,19,861.0
10109996GODOYJ_2025-09-29_G05,10109996GODOYJ,2025-09-29,110373,1,64,0,289.0
10109996GODOYJ_2025-09-29_G06,10109996GODOYJ,2025-09-29,110372,1,90,0,968.0
10109996GODOYJ_2025-09-29_G08,10109996GODOYJ,2025-09-29,100334,1,4,0,288.0
10109996GODOYJ_2025-09-29_G09,10109996GODOYJ,2025-09-29,111569,1,8,0,505.0
10109996GODOYJ_2025-09-29_G10,10109996GODOYJ,2025-09-29,111655,1,2,0,194.0
10109996GODOYJ_2025-09-29_G11,10109996GODOYJ,2025-09-29,110747,1,4,0,169.0
10109996GODOYJ_2025-09-29_G12,10109996GODOYJ,2025-09-29,117856,1,4,0,1369.0
10109996GODOYJ_2025-09-29_G13,10109996GODOYJ,2025-09-29,110741,1,2,0,150.0
10109996GODOYJ_2025-09-29_G14,10109996GODOYJ,2025-09-29,140923,1,4,0,136.0
10109996GODOYJ_2025-09-29_G16,10109996GODOYJ,2025-09-29,110313,1,3,0,228.0
10109996GODOYJ_2025-09-29_G17,10109996GODOYJ,2025-09-29,117837,1,2,0,343.0
10109996GODOYJ_2025-09-29_G18,10109996GODOYJ,2025-09-29,110372,1,10,0,243.0
10109996GODOYJ_2025-09-29_G19,10109996GODOYJ,2025-09-29,117808,1,10,0,158.0
10109996GODOYJ_2025-09-29_G20,10109996GODOYJ,2025-09-29,110373,1,10,0,235.0
10109996GODOYJ_2025-09-29_G21,10109996GODOYJ,2025-09-29,117820,1,12,0,1755.0
10109996GODOYJ_2025-09-29_G22,10109996GODOYJ,2025-09-29,141456,1,4,0,701.0
10109996GODOYJ_2025-09-29_G23,10109996GODOYJ,2025-09-29,118317,1,2,0,123.0
10109996GODOYJ_2025-09-29_G24,10109996GODOYJ,2025-09-29,117785,1,2,0,84.0
10109996GODOYJ_2025-09-29_G25,10109996GODOYJ,2025-09-29,109645,1,4,0,243.0
10109996GODOYJ_2025-09-29_G26,10109996GODOYJ,2025-09-29,110748,1,2,0,109.0
10109996GODOYJ_2025-09-29_G27,10109996GODOYJ,2025-09-29,111418,1,8,0,178.0
10109996GODOYJ_2025-09-29_G28,10109996GODOYJ,2025-09-29,118223,1,2,0,58.0
10109996GODOYJ_2025-09-29_G29,10109996GODOYJ,2025-09-29,116241,1,8,0,227.0
10109996GODOYJ_2025-09-29_G30,10109996GODOYJ,2025-09-29,141458,1,2,0,59.0
10109996GODOYJ_2025-09-29_G31,10109996GODOYJ,2025-09-29,111182,1,4,0,193.0
10109996GODOYJ_2025-09-29_G32,10109996GODOYJ,2025-09-29,110374,1,4,0,719.0
10109996GODOYJ_2025-09-29_G33,10109996GODOYJ,2025-09-29,110371,1,10,0,245.0
10109996GODOYJ_2025-09-29_G34,10109996GODOYJ,2025-09-29,110372,1,10,0,152.0
10109996GODOYJ_2025-09-29_G35,10109996GODOYJ,2025-09-29,117808,1,10,0,249.0
10109996GODOYJ_2025-09-29_G36,10109996GODOYJ,2025-09-29,110373,1,10,0,111.0
10109996GODOYJ_2025-09-30_G02,10109996GODOYJ,2025-09-30,110895,1,3,0,1180.0
10109996GODOYJ_2025-09-30_G03,10109996GODOYJ,2025-09-30,108711,1,4,0,181.0
10109996GODOYJ_2025-09-30_G04,10109996GODOYJ,2025-09-30,141823,1,6,0,196.0
10109996GODOYJ_2025-09-30_G05,10109996GODOYJ,2025-09-30,110787,1,3,0,148.0
10109996GODOYJ_2025-09-30_G06,10109996GODOYJ,2025-09-30,110325,1,4,0,257.0
10109996GODOYJ_2025-09-30_G07,10109996GODOYJ,2025-09-30,110373,1,4,0,208.0
10109996GODOYJ_2025-09-30_G08,10109996GODOYJ,2025-09-30,111446,1,12,0,531.0
10109996GODOYJ_2025-09-30_G09,10109996GODOYJ,2025-09-30,111743,1,5,0,960.0
10109996GODOYJ_2025-09-30_G11,10109996GODOYJ,2025-09-30,117862,1,24,0,414.0
10109996GODOYJ_2025-09-30_G12,10109996GODOYJ,2025-09-30,117965,1,15,0,331.0
10109996GODOYJ_2025-09-30_G13,10109996GODOYJ,2025-09-30,117861,1,48,0,746.0
10109996GODOYJ_2025-09-30_G14,10109996GODOYJ,2025-09-30,117853,1,24,0,1180.0
10109996GODOYJ_2025-09-30_G15,10109996GODOYJ,2025-09-30,110750,1,2,0,103.0
10109996GODOYJ_2025-09-30_G16,10109996GODOYJ,2025-09-30,111879,1,12,0,269.0
10109996GODOYJ_2025-09-30_G17,10109996GODOYJ,2025-09-30,110752,1,4,0,200.0
10109996GODOYJ_2025-09-30_G18,10109996GODOYJ,2025-09-30,111439,1,24,0,2091.0
10109996GODOYJ_2025-09-30_G19,10109996GODOYJ,2025-09-30,117837,1,8,0,478.0
10109996GODOYJ_2025-09-30_G20,10109996GODOYJ,2025-09-30,110753,1,4,0,185.0
10109996GODOYJ_2025-09-30_G21,10109996GODOYJ,2025-09-30,117808,1,90,0,1164.0
10109996GODOYJ_2025-09-30_G22,10109996GODOYJ,2025-09-30,117808,1,130,0,830.0
10109996GODOYJ_2025-09-30_G24,10109996GODOYJ,2025-09-30,109648,1,14,0,312.0
10109996GODOYJ_2025-09-30_G25,10109996GODOYJ,2025-09-30,108771,1,4,0,935.0
10109996GODOYJ_2025-09-30_G26,10109996GODOYJ,2025-09-30,111437,1,6,0,140.0
10109996GODOYJ_2025-09-30_G27,10109996GODOYJ,2025-09-30,111447,1,2,0,63.0
10109996GODOYJ_2025-09-30_G28,10109996GODOYJ,2025-09-30,118306,1,6,0,516.0
10109996GODOYJ_2025-09-30_G29,10109996GODOYJ,2025-09-30,111445,1,6,0,399.0
10109996GODOYJ_2025-09-30_G30,10109996GODOYJ,2025-09-30,111660,1,2,0,269.0
10109996GODOYJ_2025-09-30_G31,10109996GODOYJ,2025-09-30,107888,1,10,0,280.0
10109996GODOYJ_2025-09-30_G32,10109996GODOYJ,2025-09-30,118306,1,6,0,150.0
10109996GODOYJ_2025-09-30_G33,10109996GODOYJ,2025-09-30,117834,1,24,0,714.0
10109996GODOYJ_2025-09-30_G34,10109996GODOYJ,2025-09-30,110895,1,70,0,1318.0
10109996GODOYJ_2025-10-02_G03,10109996GODOYJ,2025-10-02,117786,1,885,0,120.0
10109996GODOYJ_2025-10-02_G04,10109996GODOYJ,2025-10-02,117786,1,885,0,86.0
10109996GODOYJ_2025-10-02_G05,10109996GODOYJ,2025-10-02,117786,1,879,0,112.0
10109996GODOYJ_2025-10-04_G02,10109996GODOYJ,2025-10-04,110454,1,2,0,142.0
10109996GODOYJ_2025-10-04_G03,10109996GODOYJ,2025-10-04,117836,1,4,0,747.0
10109996GODOYJ_2025-10-04_G04,10109996GODOYJ,2025-10-04,140911,1,2,0,149.0
10109996GODOYJ_2025-10-04_G05,10109996GODOYJ,2025-10-04,117855,1,2,0,882.0
10109996GODOYJ_2025-10-04_G06,10109996GODOYJ,2025-10-04,117856,1,2,0,102.0
10109996GODOYJ_2025-10-04_G07,10109996GODOYJ,2025-10-04,111876,1,2,0,548.0
10109996GODOYJ_2025-10-04_G08,10109996GODOYJ,2025-10-04,110711,1,2,0,590.0
10109996GODOYJ_2025-10-04_G09,10109996GODOYJ,2025-10-04,108772,1,2,0,142.0
10109996GODOYJ_2025-10-04_G10,10109996GODOYJ,2025-10-04,111467,1,1,0,62.0
10109996GODOYJ_2025-10-04_G11,10109996GODOYJ,2025-10-04,117786,1,3,0,134.0
10109996GODOYJ_2025-10-04_G12,10109996GODOYJ,2025-10-04,111602,1,6,0,133.0
10109996GODOYJ_2025-10-04_G13,10109996GODOYJ,2025-10-04,141456,1,2,0,141.0
10109996GODOYJ_2025-10-04_G14,10109996GODOYJ,2025-10-04,108795,1,2,0,42.0
10109996GODOYJ_2025-10-04_G15,10109996GODOYJ,2025-10-04,118285,1,3,0,88.0
10109996GODOYJ_2025-10-04_G16,10109996GODOYJ,2025-10-04,118317,1,2,0,120.0
10109996GODOYJ_2025-10-04_G17,10109996GODOYJ,2025-10-04,117785,1,1,0,31.0
10109996GODOYJ_2025-10-04_G18,10109996GODOYJ,2025-10-04,111463,1,2,0,83.0
10109996GODOYJ_2025-10-04_G19,10109996GODOYJ,2025-10-04,111532,1,3,0,126.0
10109996GODOYJ_2025-10-04_G20,10109996GODOYJ,2025-10-04,141823,1,3,0,47.0
10109996GODOYJ_2025-10-04_G21,10109996GODOYJ,2025-10-04,141457,2,10,13,108.0
10109996GODOYJ_2025-10-04_G22,10109996GODOYJ,2025-10-04,141458,1,2,0,345.0
10109996GODOYJ_2025-10-04_G23,10109996GODOYJ,2025-10-04,117833,1,2,0,131.0
10109996GODOYJ_2025-10-04_G24,10109996GODOYJ,2025-10-04,111468,1,2,0,106.0
10109996GODOYJ_2025-10-04_G25,10109996GODOYJ,2025-10-04,117831,1,2,0,103.0
10109996GODOYJ_2025-10-04_G26,10109996GODOYJ,2025-10-04,110332,1,2,0,331.0
10109996GODOYJ_2025-10-06_G02,10109996GODOYJ,2025-10-06,117808,1,110,0,425.0
10109996GODOYJ_2025-10-06_G03,10109996GODOYJ,2025-10-06,111754,1,14,0,568.0
10109996GODOYJ_2025-10-07_G02,10109996GODOYJ,2025-10-07,118306,1,36,0,1078.0
10109996GODOYJ_2025-10-07_G03,10109996GODOYJ,2025-10-07,111569,1,20,0,1976.0
10109996GODOYJ_2025-10-07_G05,10109996GODOYJ,2025-10-07,110371,1,8,0,52.0
10109996GODOYJ_2025-10-07_G06,10109996GODOYJ,2025-10-07,141262,1,106,0,1412.0
10109996GODOYJ_2025-10-07_G08,10109996GODOYJ,2025-10-07,111743,1,170,0,1111.0
10109996GODOYJ_2025-10-07_G09,10109996GODOYJ,2025-10-07,108794,1,150,0,853.0
10109996GODOYJ_2025-10-07_G10,10109996GODOYJ,2025-10-07,110372,1,500,0,1877.0
10109996GODOYJ_2025-10-08_G05,10109996GODOYJ,2025-10-08,111438,1,2,0,85.0
10109996GODOYJ_2025-10-08_G06,10109996GODOYJ,2025-10-08,111172,1,2,0,141.0
10109996GODOYJ_2025-10-08_G07,10109996GODOYJ,2025-10-08,110740,1,4,0,360.0
10109996GODOYJ_2025-10-08_G08,10109996GODOYJ,2025-10-08,110339,1,2,0,166.0
10109996GODOYJ_2025-10-08_G09,10109996GODOYJ,2025-10-08,140911,1,4,0,174.0
10109996GODOYJ_2025-10-08_G10,10109996GODOYJ,2025-10-08,111876,1,4,0,235.0
10109996GODOYJ_2025-10-08_G11,10109996GODOYJ,2025-10-08,118222,1,4,0,507.0
10109996GODOYJ_2025-10-08_G12,10109996GODOYJ,2025-10-08,110711,1,2,0,285.0
10109996GODOYJ_2025-10-08_G13,10109996GODOYJ,2025-10-08,110339,1,6,0,188.0
10109996GODOYJ_2025-10-08_G14,10109996GODOYJ,2025-10-08,111466,1,9,0,256.0
10109996GODOYJ_2025-10-09_G02,10109996GODOYJ,2025-10-09,111532,1,7,0,752.0
10109996GODOYJ_2025-10-09_G03,10109996GODOYJ,2025-10-09,111728,1,14,0,301.0
10109996GODOYJ_2025-10-09_G04,10109996GODOYJ,2025-10-09,140922,1,20,0,254.0
10109996GODOYJ_2025-10-09_G05,10109996GODOYJ,2025-10-09,111172,1,23,0,351.0
10109996GODOYJ_2025-10-09_G06,10109996GODOYJ,2025-10-09,118140,1,37,0,675.0
10109996GODOYJ_2025-10-09_G07,10109996GODOYJ,2025-10-09,111466,1,69,0,493.0
10109996GODOYJ_2025-10-09_G08,10109996GODOYJ,2025-10-09,117808,1,392,0,1922.0
10109996GODOYJ_2025-10-09_G09,10109996GODOYJ,2025-10-09,110372,1,558,0,2406.0
10109996GODOYJ_2025-10-09_G10,10109996GODOYJ,2025-10-09,118222,1,264,0,2019.0
10109996GODOYJ_2025-10-09_G11,10109996GODOYJ,2025-10-09,111430,1,4,0,1176.0
10109996GODOYJ_2025-10-09_G12,10109996GODOYJ,2025-10-09,117854,4,22,20,139.0
10109996GODOYJ_2025-10-09_G13,10109996GODOYJ,2025-10-09,111530,4,12,20,266.0
10109996GODOYJ_2025-10-09_G14,10109996GODOYJ,2025-10-09,109640,1,6,0,196.0
10109996GODOYJ_2025-10-09_G15,10109996GODOYJ,2025-10-09,117854,1,2,0,780.0
10109996GODOYJ_2025-10-09_G16,10109996GODOYJ,2025-10-09,140922,1,4,0,122.0
10109996GODOYJ_2025-10-09_G17,10109996GODOYJ,2025-10-09,111446,8,48,67,396.0
10109996GODOYJ_2025-10-09_G18,10109996GODOYJ,2025-10-09,117838,2,12,8,410.0
10109996GODOYJ_2025-10-09_G19,10109996GODOYJ,2025-10-09,111532,2,8,9,296.0
10109996GODOYJ_2025-10-09_G20,10109996GODOYJ,2025-10-09,111469,1,16,0,151.0
10109996GODOYJ_2025-10-09_G21,10109996GODOYJ,2025-10-09,111465,6,28,28,255.0
10109996GODOYJ_2025-10-09_G23,10109996GODOYJ,2025-10-09,111418,1,8,0,164.0
10109996GODOYJ_2025-10-09_G24,10109996GODOYJ,2025-10-09,110787,1,4,0,165.0
10109996GODOYJ_2025-10-09_G25,10109996GODOYJ,2025-10-09,110373,1,4,0,252.0
10109996GODOYJ_2025-10-09_G26,10109996GODOYJ,2025-10-09,118286,1,2,0,161.0
10109996GODOYJ_2025-10-09_G27,10109996GODOYJ,2025-10-09,110742,1,1,0,158.0
10109996GODOYJ_2025-10-09_G28,10109996GODOYJ,2025-10-09,110711,1,2,0,76.0
10109996GODOYJ_2025-10-09_G29,10109996GODOYJ,2025-10-09,111650,1,2,0,177.0
10109996GODOYJ_2025-10-09_G30,10109996GODOYJ,2025-10-09,117965,1,4,0,96.0
10109996GODOYJ_2025-10-09_G31,10109996GODOYJ,2025-10-09,111602,1,4,0,489.0
10109996GODOYJ_2025-10-09_G32,10109996GODOYJ,2025-10-09,118094,1,4,0,332.0
10109996GODOYJ_2025-10-09_G33,10109996GODOYJ,2025-10-09,"111463, 111418",2,4,13,236.0
10109996GODOYJ_2025-10-09_G34,10109996GODOYJ,2025-10-09,117838,1,4,0,302.0
10109996GODOYJ_2025-10-09_G35,10109996GODOYJ,2025-10-09,111532,1,2,0,276.0
10109996GODOYJ_2025-10-09_G36,10109996GODOYJ,2025-10-09,117833,1,4,0,285.0
10109996GODOYJ_2025-10-09_G37,10109996GODOYJ,2025-10-09,140922,1,2,0,53.0
10109996GODOYJ_2025-10-09_G38,10109996GODOYJ,2025-10-09,117808,1,4,0,185.0
10109996GODOYJ_2025-10-09_G39,10109996GODOYJ,2025-10-09,107830,1,2,0,70.0
10109996GODOYJ_2025-10-09_G40,10109996GODOYJ,2025-10-09,118299,1,8,0,826.0
10109996GODOYJ_2025-10-10_G02,10109996GODOYJ,2025-10-10,110755,1,18,0,109.0
10109996GODOYJ_2025-10-10_G03,10109996GODOYJ,2025-10-10,117835,1,3,0,673.0
10109996GODOYJ_2025-10-10_G04,10109996GODOYJ,2025-10-10,111569,1,2,0,173.0
10109996GODOYJ_2025-10-10_G05,10109996GODOYJ,2025-10-10,117855,1,4,0,650.0
10109996GODOYJ_2025-10-10_G06,10109996GODOYJ,2025-10-10,109647,1,4,0,92.0
10109996GODOYJ_2025-10-10_G07,10109996GODOYJ,2025-10-10,140923,1,3,0,120.0
10109996GODOYJ_2025-10-10_G08,10109996GODOYJ,2025-10-10,111530,1,14,0,556.0
10109996GODOYJ_2025-10-10_G09,10109996GODOYJ,2025-10-10,110339,1,4,0,101.0
10109996GODOYJ_2025-10-10_G10,10109996GODOYJ,2025-10-10,110339,1,6,0,77.0
10109996GODOYJ_2025-10-10_G11,10109996GODOYJ,2025-10-10,111602,1,8,0,259.0
10109996GODOYJ_2025-10-10_G12,10109996GODOYJ,2025-10-10,111463,1,11,0,484.0
10109996GODOYJ_2025-10-10_G13,10109996GODOYJ,2025-10-10,110740,1,3,0,200.0
10109996GODOYJ_2025-10-10_G14,10109996GODOYJ,2025-10-10,110740,1,18,0,2806.0
10109996GODOYJ_2025-10-10_G15,10109996GODOYJ,2025-10-10,111743,1,2,0,80.0
10109996GODOYJ_2025-10-10_G16,10109996GODOYJ,2025-10-10,111532,1,6,0,145.0
10109996GODOYJ_2025-10-10_G17,10109996GODOYJ,2025-10-10,111469,2,38,21,401.0
10109996GODOYJ_2025-10-10_G18,10109996GODOYJ,2025-10-10,111466,1,4,0,121.0
10109996GODOYJ_2025-10-10_G19,10109996GODOYJ,2025-10-10,109643,1,6,0,455.0
10109996GODOYJ_2025-10-10_G20,10109996GODOYJ,2025-10-10,110373,1,19,0,359.0
10109996GODOYJ_2025-10-10_G21,10109996GODOYJ,2025-10-10,118299,1,58,0,1197.0
10109996GODOYJ_2025-10-10_G22,10109996GODOYJ,2025-10-10,117820,1,14,0,224.0
10109996GODOYJ_2025-10-10_G23,10109996GODOYJ,2025-10-10,110372,2,24,5,1206.0
10109996GODOYJ_2025-10-10_G24,10109996GODOYJ,2025-10-10,105705,1,7,0,1492.0
10109996GODOYJ_2025-10-10_G25,10109996GODOYJ,2025-10-10,111433,1,2,0,57.0
10109996GODOYJ_2025-10-10_G26,10109996GODOYJ,2025-10-10,111463,1,14,0,335.0
10109996GODOYJ_2025-10-10_G27,10109996GODOYJ,2025-10-10,111463,1,4,0,32.0
10109996GODOYJ_2025-10-10_G28,10109996GODOYJ,2025-10-10,110787,1,3,0,78.0
10109996GODOYJ_2025-10-10_G29,10109996GODOYJ,2025-10-10,110740,1,10,0,92.0
10109996GODOYJ_2025-10-10_G30,10109996GODOYJ,2025-10-10,108711,1,10,0,125.0
10109996GODOYJ_2025-10-10_G31,10109996GODOYJ,2025-10-10,111348,1,8,0,176.0
10109996GODOYJ_2025-10-10_G32,10109996GODOYJ,2025-10-10,111743,1,10,0,133.0
10109996GODOYJ_2025-10-10_G33,10109996GODOYJ,2025-10-10,111435,1,20,0,548.0
10109996GODOYJ_2025-10-10_G34,10109996GODOYJ,2025-10-10,111532,1,70,0,730.0
10109996GODOYJ_2025-10-10_G35,10109996GODOYJ,2025-10-10,111466,1,2,0,208.0
10109996GODOYJ_2025-10-10_G36,10109996GODOYJ,2025-10-10,111466,1,5,0,50.0
10109996GODOYJ_2025-10-10_G37,10109996GODOYJ,2025-10-10,117787,1,4,0,91.0
10109996GODOYJ_2025-10-10_G38,10109996GODOYJ,2025-10-10,117821,1,6,0,258.0
10109996GODOYJ_2025-10-10_G39,10109996GODOYJ,2025-10-10,117831,1,22,0,226.0
10109996GODOYJ_2025-10-10_G40,10109996GODOYJ,2025-10-10,118140,1,4,0,81.0
10109996GODOYJ_2025-10-10_G41,10109996GODOYJ,2025-10-10,110745,1,7,0,88.0
10109996GODOYJ_2025-10-10_G42,10109996GODOYJ,2025-10-10,111431,1,14,0,334.0
10109996GODOYJ_2025-10-10_G43,10109996GODOYJ,2025-10-10,109641,1,47,0,668.0
10109996GODOYJ_2025-10-10_G44,10109996GODOYJ,2025-10-10,110743,1,48,0,3375.0
10109996GODOYJ_2025-10-10_G46,10109996GODOYJ,2025-10-10,110711,1,2,0,98.0
10109996GODOYJ_2025-10-10_G47,10109996GODOYJ,2025-10-10,111602,1,4,0,105.0
10109996GODOYJ_2025-10-10_G48,10109996GODOYJ,2025-10-10,141823,1,2,0,128.0
10109996GODOYJ_2025-10-10_G49,10109996GODOYJ,2025-10-10,111466,1,2,0,142.0
10109996GODOYJ_2025-10-10_G50,10109996GODOYJ,2025-10-10,111465,2,4,23,88.0
10109996GODOYJ_2025-10-10_G51,10109996GODOYJ,2025-10-10,117808,1,5,0,193.0
10109996GODOYJ_2025-10-10_G52,10109996GODOYJ,2025-10-10,110373,1,32,0,520.0
10109996GODOYJ_2025-10-10_G53,10109996GODOYJ,2025-10-10,110373,1,2,0,69.0
10109996GODOYJ_2025-10-10_G54,10109996GODOYJ,2025-10-10,110711,1,2,0,383.0
10109996GODOYJ_2025-10-10_G55,10109996GODOYJ,2025-10-10,111465,1,4,0,103.0
10109996GODOYJ_2025-10-10_G56,10109996GODOYJ,2025-10-10,117808,1,17,0,94.0
10109996GODOYJ_2025-10-10_G57,10109996GODOYJ,2025-10-10,110371,1,1,0,177.0
10109996GODOYJ_2025-10-10_G58,10109996GODOYJ,2025-10-10,110373,1,3,0,112.0
10109996GODOYJ_2025-10-10_G59,10109996GODOYJ,2025-10-10,117820,1,2,0,95.0
10109996GODOYJ_2025-10-11_G02,10109996GODOYJ,2025-10-11,117836,1,7,0,760.0
10109996GODOYJ_2025-10-11_G03,10109996GODOYJ,2025-10-11,117834,1,16,0,250.0
10109996GODOYJ_2025-10-11_G04,10109996GODOYJ,2025-10-11,109643,1,5,0,668.0
10109996GODOYJ_2025-10-11_G05,10109996GODOYJ,2025-10-11,110376,1,4,0,223.0
10109996GODOYJ_2025-10-11_G06,10109996GODOYJ,2025-10-11,110372,1,40,0,402.0
10109996GODOYJ_2025-10-11_G07,10109996GODOYJ,2025-10-11,110372,1,110,0,310.0
10109996GODOYJ_2025-10-11_G08,10109996GODOYJ,2025-10-11,118299,1,100,0,675.0
10109996GODOYJ_2025-10-11_G09,10109996GODOYJ,2025-10-11,117820,1,100,0,145.0
10109996GODOYJ_2025-10-11_G10,10109996GODOYJ,2025-10-11,110373,1,100,0,697.0
10109996GODOYJ_2025-10-11_G11,10109996GODOYJ,2025-10-11,117830,1,50,0,912.0
10109996GODOYJ_2025-10-11_G12,10109996GODOYJ,2025-10-11,110742,1,1,0,823.0
10109996GODOYJ_2025-10-11_G13,10109996GODOYJ,2025-10-11,118290,1,2,0,101.0
10109996GODOYJ_2025-10-11_G14,10109996GODOYJ,2025-10-11,117855,1,2,0,695.0
10109996GODOYJ_2025-10-11_G15,10109996GODOYJ,2025-10-11,107629,1,12,0,153.0
10109996GODOYJ_2025-10-11_G16,10109996GODOYJ,2025-10-11,111602,1,4,0,119.0
10109996GODOYJ_2025-10-11_G17,10109996GODOYJ,2025-10-11,118094,1,6,0,84.0
10109996GODOYJ_2025-10-11_G18,10109996GODOYJ,2025-10-11,117837,1,2,0,47.0
10109996GODOYJ_2025-10-11_G19,10109996GODOYJ,2025-10-11,107830,1,7,0,137.0
10109996GODOYJ_2025-10-11_G20,10109996GODOYJ,2025-10-11,109643,1,30,0,298.0
10109996GODOYJ_2025-10-11_G21,10109996GODOYJ,2025-10-11,118299,1,32,0,196.0
10109996GODOYJ_2025-10-11_G22,10109996GODOYJ,2025-10-11,117820,1,28,0,285.0
10109996GODOYJ_2025-10-11_G23,10109996GODOYJ,2025-10-11,110325,1,12,0,118.0
10109996GODOYJ_2025-10-11_G24,10109996GODOYJ,2025-10-11,117809,1,1,0,36.0
10109996GODOYJ_2025-10-11_G25,10109996GODOYJ,2025-10-11,110374,1,261,0,1113.0
10109996GODOYJ_2025-10-11_G26,10109996GODOYJ,2025-10-11,118222,1,190,0,84.0
10109996GODOYJ_2025-10-11_G27,10109996GODOYJ,2025-10-11,117808,1,558,0,1805.0
10109996GODOYJ_2025-10-11_G28,10109996GODOYJ,2025-10-11,111433,1,4,0,343.0
10109996GODOYJ_2025-10-11_G29,10109996GODOYJ,2025-10-11,110740,1,1,0,86.0
10109996GODOYJ_2025-10-11_G30,10109996GODOYJ,2025-10-11,111435,1,1,0,843.0
10109996GODOYJ_2025-10-11_G31,10109996GODOYJ,2025-10-11,108794,1,9,0,155.0
10109996GODOYJ_2025-10-11_G32,10109996GODOYJ,2025-10-11,117841,1,3,0,59.0
10109996GODOYJ_2025-10-11_G33,10109996GODOYJ,2025-10-11,116241,1,2,0,128.0
10109996GODOYJ_2025-10-11_G34,10109996GODOYJ,2025-10-11,117787,1,1,0,292.0
10109996GODOYJ_2025-10-11_G35,10109996GODOYJ,2025-10-11,117821,1,19,0,263.0
10109996GODOYJ_2025-10-11_G36,10109996GODOYJ,2025-10-11,111468,1,7,0,111.0
10109996GODOYJ_2025-10-11_G37,10109996GODOYJ,2025-10-11,111466,1,74,0,706.0
10109996GODOYJ_2025-10-11_G38,10109996GODOYJ,2025-10-11,111469,1,118,0,1180.0
10109996GODOYJ_2025-10-11_G39,10109996GODOYJ,2025-10-11,111463,1,38,0,49.0
10109996GODOYJ_2025-10-11_G40,10109996GODOYJ,2025-10-11,140922,1,140,0,589.0
10109996GODOYJ_2025-10-11_G42,10109996GODOYJ,2025-10-11,109643,1,20,0,395.0
10109996GODOYJ_2025-10-11_G43,10109996GODOYJ,2025-10-11,117840,1,10,0,244.0
10109996GODOYJ_2025-10-11_G44,10109996GODOYJ,2025-10-11,110376,1,5,0,81.0
10109996GODOYJ_2025-10-11_G45,10109996GODOYJ,2025-10-11,117820,1,120,0,757.0
10109996GODOYJ_2025-10-11_G46,10109996GODOYJ,2025-10-11,141457,1,80,0,681.0
10109996GODOYJ_2025-10-13_G02,10109996GODOYJ,2025-10-13,117820,1,22,0,495.0
10109996GODOYJ_2025-10-13_G03,10109996GODOYJ,2025-10-13,110373,1,2,0,107.0
10109996GODOYJ_2025-10-13_G04,10109996GODOYJ,2025-10-13,110787,1,7,0,1287.0
10109996GODOYJ_2025-10-13_G05,10109996GODOYJ,2025-10-13,110374,1,6,0,190.0
10109996GODOYJ_2025-10-13_G06,10109996GODOYJ,2025-10-13,117808,1,5,0,318.0
10109996GODOYJ_2025-10-13_G07,10109996GODOYJ,2025-10-13,141202,1,4,0,276.0
10109996GODOYJ_2025-10-13_G08,10109996GODOYJ,2025-10-13,118222,1,14,0,2534.0
10109996GODOYJ_2025-10-13_G09,10109996GODOYJ,2025-10-13,117855,1,2,0,172.0
10109996GODOYJ_2025-10-13_G10,10109996GODOYJ,2025-10-13,111530,1,9,0,229.0
10109996GODOYJ_2025-10-13_G11,10109996GODOYJ,2025-10-13,141456,1,10,0,258.0
10109996GODOYJ_2025-10-13_G12,10109996GODOYJ,2025-10-13,111433,1,2,0,74.0
10109996GODOYJ_2025-10-13_G13,10109996GODOYJ,2025-10-13,111532,1,4,0,106.0
10109996GODOYJ_2025-10-13_G14,10109996GODOYJ,2025-10-13,111466,1,2,0,217.0
10109996GODOYJ_2025-10-13_G15,10109996GODOYJ,2025-10-13,118317,1,4,0,174.0
10109996GODOYJ_2025-10-13_G16,10109996GODOYJ,2025-10-13,111442,1,8,0,85.0
10109996GODOYJ_2025-10-13_G17,10109996GODOYJ,2025-10-13,140922,1,8,0,1582.0
10109996GODOYJ_2025-10-13_G18,10109996GODOYJ,2025-10-13,110373,1,18,0,280.0
10109996GODOYJ_2025-10-13_G19,10109996GODOYJ,2025-10-13,117830,1,7,0,293.0
10109996GODOYJ_2025-10-13_G20,10109996GODOYJ,2025-10-13,118299,1,5,0,151.0
10109996GODOYJ_2025-10-13_G21,10109996GODOYJ,2025-10-13,117820,1,23,0,299.0
10109996GODOYJ_2025-10-13_G22,10109996GODOYJ,2025-10-13,117830,1,2,0,222.0
10109996GODOYJ_2025-10-13_G23,10109996GODOYJ,2025-10-13,111655,1,8,0,1785.0
10109996GODOYJ_2025-10-13_G24,10109996GODOYJ,2025-10-13,111660,1,36,0,742.0
10109996GODOYJ_2025-10-13_G25,10109996GODOYJ,2025-10-13,111569,1,60,0,957.0
10109996GODOYJ_2025-10-13_G26,10109996GODOYJ,2025-10-13,118222,1,15,0,1211.0
10109996GODOYJ_2025-10-13_G27,10109996GODOYJ,2025-10-13,110741,1,4,0,528.0
10109996GODOYJ_2025-10-13_G28,10109996GODOYJ,2025-10-13,110747,1,6,0,274.0
10109996GODOYJ_2025-10-13_G29,10109996GODOYJ,2025-10-13,141456,1,12,0,211.0
10109996GODOYJ_2025-10-13_G30,10109996GODOYJ,2025-10-13,117838,1,2,0,142.0
10109996GODOYJ_2025-10-13_G31,10109996GODOYJ,2025-10-13,141457,1,12,0,490.0
10109996GODOYJ_2025-10-13_G32,10109996GODOYJ,2025-10-13,118223,1,4,0,195.0
10109996GODOYJ_2025-10-13_G33,10109996GODOYJ,2025-10-13,117787,1,7,0,158.0
10109996GODOYJ_2025-10-13_G34,10109996GODOYJ,2025-10-13,117833,1,8,0,102.0
10109996GODOYJ_2025-10-13_G35,10109996GODOYJ,2025-10-13,117821,1,12,0,521.0
10109996GODOYJ_2025-10-13_G36,10109996GODOYJ,2025-10-13,110755,1,8,0,145.0
10109996GODOYJ_2025-10-13_G37,10109996GODOYJ,2025-10-13,111569,1,3,0,1238.0
10109996GODOYJ_2025-10-13_G38,10109996GODOYJ,2025-10-13,111438,1,6,0,293.0
10109996GODOYJ_2025-10-13_G39,10109996GODOYJ,2025-10-13,110740,1,2,0,90.0
10109996GODOYJ_2025-10-13_G40,10109996GODOYJ,2025-10-13,111418,1,9,0,164.0
10109996GODOYJ_2025-10-13_G41,10109996GODOYJ,2025-10-13,111466,1,6,0,135.0
10109996GODOYJ_2025-10-13_G42,10109996GODOYJ,2025-10-13,117808,1,2,0,157.0
10109996GODOYJ_2025-10-13_G43,10109996GODOYJ,2025-10-13,110371,1,5,0,165.0
10109996GODOYJ_2025-10-13_G44,10109996GODOYJ,2025-10-13,118299,1,7,0,135.0
10109996GODOYJ_2025-10-13_G45,10109996GODOYJ,2025-10-13,117808,1,5,0,246.0
10109996GODOYJ_2025-10-13_G46,10109996GODOYJ,2025-10-13,110372,1,23,0,1486.0
10109996GODOYJ_2025-10-13_G47,10109996GODOYJ,2025-10-13,110371,1,3,0,82.0
10109996GODOYJ_2025-10-13_G48,10109996GODOYJ,2025-10-13,110325,1,4,0,119.0
10109996GODOYJ_2025-10-13_G49,10109996GODOYJ,2025-10-13,111418,1,8,0,130.0
10109996GODOYJ_2025-10-13_G50,10109996GODOYJ,2025-10-13,118317,1,12,0,205.0
10109996GODOYJ_2025-10-13_G51,10109996GODOYJ,2025-10-13,111442,1,8,0,70.0
10109996GODOYJ_2025-10-13_G52,10109996GODOYJ,2025-10-13,111530,1,8,0,190.0
10109996GODOYJ_2025-10-13_G54,10109996GODOYJ,2025-10-13,117831,1,8,0,96.0
10109996GODOYJ_2025-10-13_G55,10109996GODOYJ,2025-10-13,111468,1,5,0,126.0
10109996GODOYJ_2025-10-13_G56,10109996GODOYJ,2025-10-13,117809,1,20,0,399.0
10109996GODOYJ_2025-10-13_G57,10109996GODOYJ,2025-10-13,110372,1,100,0,429.0
10109996GODOYJ_2025-10-14_G02,10109996GODOYJ,2025-10-14,108795,1,8,0,255.0
10109996GODOYJ_2025-10-14_G03,10109996GODOYJ,2025-10-14,118140,1,38,0,876.0
10109996GODOYJ_2025-10-14_G04,10109996GODOYJ,2025-10-14,111466,1,13,0,352.0
10109996GODOYJ_2025-10-14_G05,10109996GODOYJ,2025-10-14,111418,1,110,0,1525.0
10109996GODOYJ_2025-10-14_G06,10109996GODOYJ,2025-10-14,110740,1,2,0,218.0
10109996GODOYJ_2025-10-14_G07,10109996GODOYJ,2025-10-14,117838,1,4,0,147.0
10109996GODOYJ_2025-10-14_G08,10109996GODOYJ,2025-10-14,108711,1,3,0,59.0
10109996GODOYJ_2025-10-14_G09,10109996GODOYJ,2025-10-14,111743,1,18,0,227.0
10109996GODOYJ_2025-10-14_G10,10109996GODOYJ,2025-10-14,111463,1,9,0,225.0
10109996GODOYJ_2025-10-14_G11,10109996GODOYJ,2025-10-14,141457,1,18,0,1131.0
10109996GODOYJ_2025-10-14_G12,10109996GODOYJ,2025-10-14,111435,1,4,0,192.0
10109996GODOYJ_2025-10-14_G13,10109996GODOYJ,2025-10-14,108798,1,1,0,144.0
10109996GODOYJ_2025-10-14_G14,10109996GODOYJ,2025-10-14,111532,1,194,0,1202.0
10109996GODOYJ_2025-10-14_G15,10109996GODOYJ,2025-10-14,108794,1,23,0,284.0
10109996GODOYJ_2025-10-14_G16,10109996GODOYJ,2025-10-14,117841,1,4,0,142.0
10109996GODOYJ_2025-10-14_G17,10109996GODOYJ,2025-10-14,118223,1,2,0,62.0
10109996GODOYJ_2025-10-14_G18,10109996GODOYJ,2025-10-14,117833,1,8,0,113.0
10109996GODOYJ_2025-10-14_G19,10109996GODOYJ,2025-10-14,117821,1,5,0,102.0
10109996GODOYJ_2025-10-14_G20,10109996GODOYJ,2025-10-14,140922,1,16,0,625.0
10109996GODOYJ_2025-10-14_G21,10109996GODOYJ,2025-10-14,141458,1,4,0,85.0
10109996GODOYJ_2025-10-14_G22,10109996GODOYJ,2025-10-14,141456,1,42,0,564.0
10109996GODOYJ_2025-10-14_G23,10109996GODOYJ,2025-10-14,110372,1,20,0,1267.0
10109996GODOYJ_2025-10-14_G24,10109996GODOYJ,2025-10-14,109643,1,4,0,119.0
10109996GODOYJ_2025-10-14_G25,10109996GODOYJ,2025-10-14,110373,1,30,0,464.0
10109996GODOYJ_2025-10-14_G26,10109996GODOYJ,2025-10-14,117808,1,16,0,213.0
10109996GODOYJ_2025-10-14_G27,10109996GODOYJ,2025-10-14,110371,1,8,0,120.0
10109996GODOYJ_2025-10-14_G28,10109996GODOYJ,2025-10-14,118299,1,16,0,629.0
10109996GODOYJ_2025-10-14_G29,10109996GODOYJ,2025-10-14,117820,2,5,11,119.0
10109996GODOYJ_2025-10-14_G30,10109996GODOYJ,2025-10-14,117855,1,4,0,428.0
10109996GODOYJ_2025-10-14_G31,10109996GODOYJ,2025-10-14,111530,1,4,0,138.0
10109996GODOYJ_2025-10-14_G32,10109996GODOYJ,2025-10-14,117820,1,8,0,146.0
10109996GODOYJ_2025-10-14_G33,10109996GODOYJ,2025-10-14,118222,1,264,0,818.0
10109996GODOYJ_2025-10-14_G34,10109996GODOYJ,2025-10-14,110749,1,50,0,686.0
10109996GODOYJ_2025-10-14_G35,10109996GODOYJ,2025-10-14,110895,1,15,0,1143.0
10109996GODOYJ_2025-10-14_G36,10109996GODOYJ,2025-10-14,118094,1,20,0,348.0
10109996GODOYJ_2025-10-14_G37,10109996GODOYJ,2025-10-14,108772,1,50,0,687.0
10109996GODOYJ_2025-10-14_G38,10109996GODOYJ,2025-10-14,108772,1,50,0,208.0
10109996GODOYJ_2025-10-14_G39,10109996GODOYJ,2025-10-14,108795,1,364,0,2020.0
10109996GODOYJ_2025-10-14_G40,10109996GODOYJ,2025-10-14,111463,1,410,0,1179.0
10109996GODOYJ_2025-10-14_G41,10109996GODOYJ,2025-10-14,111469,1,12,0,345.0
10109996GODOYJ_2025-10-15_G02,10109996GODOYJ,2025-10-15,111463,1,5,0,684.0
10109996GODOYJ_2025-10-15_G03,10109996GODOYJ,2025-10-15,117831,1,8,0,280.0
10109996GODOYJ_2025-10-15_G04,10109996GODOYJ,2025-10-15,118250,1,8,0,1032.0
10109996GODOYJ_2025-10-15_G05,10109996GODOYJ,2025-10-15,110741,1,4,0,137.0
10109996GODOYJ_2025-10-15_G06,10109996GODOYJ,2025-10-15,141066,1,4,0,186.0
10109996GODOYJ_2025-10-15_G07,10109996GODOYJ,2025-10-15,117785,1,40,0,1782.0
10109996GODOYJ_2025-10-15_G08,10109996GODOYJ,2025-10-15,117785,1,8,0,173.0
10109996GODOYJ_2025-10-15_G09,10109996GODOYJ,2025-10-15,110787,1,8,0,569.0
10109996GODOYJ_2025-10-15_G10,10109996GODOYJ,2025-10-15,111435,1,6,0,145.0
10109996GODOYJ_2025-10-15_G11,10109996GODOYJ,2025-10-15,111442,1,2,0,118.0
10109996GODOYJ_2025-10-15_G12,10109996GODOYJ,2025-10-15,111438,1,8,0,998.0
10109996GODOYJ_2025-10-15_G13,10109996GODOYJ,2025-10-15,118222,2,60,6,74.0
10109996GODOYJ_2025-10-15_G14,10109996GODOYJ,2025-10-15,111660,1,6,0,444.0
10109996GODOYJ_2025-10-15_G15,10109996GODOYJ,2025-10-15,111569,1,48,0,1245.0
10109996GODOYJ_2025-10-15_G16,10109996GODOYJ,2025-10-15,118094,1,4,0,240.0
10109996GODOYJ_2025-10-15_G17,10109996GODOYJ,2025-10-15,110741,1,8,0,171.0
10109996GODOYJ_2025-10-15_G18,10109996GODOYJ,2025-10-15,107629,1,4,0,164.0
10109996GODOYJ_2025-10-15_G19,10109996GODOYJ,2025-10-15,111530,1,6,0,234.0
10109996GODOYJ_2025-10-15_G20,10109996GODOYJ,2025-10-15,117935,1,4,0,69.0
10109996GODOYJ_2025-10-15_G21,10109996GODOYJ,2025-10-15,111602,1,5,0,185.0
10109996GODOYJ_2025-10-15_G22,10109996GODOYJ,2025-10-15,117855,1,2,0,609.0
10109996GODOYJ_2025-10-15_G23,10109996GODOYJ,2025-10-15,110373,1,6,0,1287.0
10109996GODOYJ_2025-10-15_G24,10109996GODOYJ,2025-10-15,110371,1,8,0,92.0
10109996GODOYJ_2025-10-15_G25,10109996GODOYJ,2025-10-15,117808,1,140,0,807.0
10109996GODOYJ_2025-10-15_G26,10109996GODOYJ,2025-10-15,110372,1,6,0,87.0
10109996GODOYJ_2025-10-15_G27,10109996GODOYJ,2025-10-15,110325,1,3,0,121.0
10109996GODOYJ_2025-10-15_G28,10109996GODOYJ,2025-10-15,110325,1,7,0,57.0
10109996GODOYJ_2025-10-15_G29,10109996GODOYJ,2025-10-15,118299,1,2,0,428.0
10109996GODOYJ_2025-10-15_G30,10109996GODOYJ,2025-10-15,118299,1,217,0,447.0
10109996GODOYJ_2025-10-15_G31,10109996GODOYJ,2025-10-15,111418,1,65,0,2150.0
10109996GODOYJ_2025-10-15_G32,10109996GODOYJ,2025-10-15,111466,1,227,0,976.0
10109996GODOYJ_2025-10-15_G33,10109996GODOYJ,2025-10-15,116241,1,8,0,737.0
10109996GODOYJ_2025-10-15_G34,10109996GODOYJ,2025-10-15,110745,1,12,0,214.0
10109996GODOYJ_2025-10-15_G35,10109996GODOYJ,2025-10-15,118317,1,88,0,533.0
10109996GODOYJ_2025-10-15_G36,10109996GODOYJ,2025-10-15,111433,1,2,0,311.0
10109996GODOYJ_2025-10-15_G37,10109996GODOYJ,2025-10-15,111602,1,63,0,1043.0
10109996GODOYJ_2025-10-15_G38,10109996GODOYJ,2025-10-15,116611,1,4,0,235.0
10109996GODOYJ_2025-10-15_G40,10109996GODOYJ,2025-10-15,107830,1,12,0,243.0
10109996GODOYJ_2025-10-15_G41,10109996GODOYJ,2025-10-15,109643,1,29,0,289.0
10109996GODOYJ_2025-10-15_G42,10109996GODOYJ,2025-10-15,110376,1,7,0,151.0
10109996GODOYJ_2025-10-16_G02,10109996GODOYJ,2025-10-16,117808,1,20,0,298.0
10109996GODOYJ_2025-10-16_G03,10109996GODOYJ,2025-10-16,117808,1,816,0,3229.0
10109996GODOYJ_2025-10-16_G04,10109996GODOYJ,2025-10-16,117808,1,816,0,925.0
10109996GODOYJ_2025-10-16_G05,10109996GODOYJ,2025-10-16,107830,1,20,0,2073.0
10109996GODOYJ_2025-10-16_G06,10109996GODOYJ,2025-10-16,110371,1,12,0,196.0
10109996GODOYJ_2025-10-16_G07,10109996GODOYJ,2025-10-16,117820,2,105,13,2458.0
10109996GODOYJ_2025-10-16_G08,10109996GODOYJ,2025-10-16,117808,1,195,0,1363.0
10109996GODOYJ_2025-10-16_G09,10109996GODOYJ,2025-10-16,109643,1,2,0,436.0
10109996GODOYJ_2025-10-16_G10,10109996GODOYJ,2025-10-16,117832,1,8,0,123.0
10109996GODOYJ_2025-10-16_G11,10109996GODOYJ,2025-10-16,110375,1,5,0,150.0
10109996GODOYJ_2025-10-16_G12,10109996GODOYJ,2025-10-16,110373,1,120,0,152.0
10109996GODOYJ_2025-10-16_G13,10109996GODOYJ,2025-10-16,117809,1,4,0,123.0
10109996GODOYJ_2025-10-16_G14,10109996GODOYJ,2025-10-16,110325,1,1,0,47.0
10109996GODOYJ_2025-10-16_G15,10109996GODOYJ,2025-10-16,105705,1,6,0,219.0
10109996GODOYJ_2025-10-16_G16,10109996GODOYJ,2025-10-16,108711,1,12,0,1231.0
10109996GODOYJ_2025-10-16_G17,10109996GODOYJ,2025-10-16,141457,1,2,0,124.0
10109996GODOYJ_2025-10-16_G18,10109996GODOYJ,2025-10-16,141823,1,4,0,89.0
10109996GODOYJ_2025-10-16_G19,10109996GODOYJ,2025-10-16,111431,1,8,0,159.0
10109996GODOYJ_2025-10-16_G20,10109996GODOYJ,2025-10-16,108794,1,9,0,158.0
10109996GODOYJ_2025-10-16_G21,10109996GODOYJ,2025-10-16,111418,1,141,0,1208.0
10109996GODOYJ_2025-10-16_G22,10109996GODOYJ,2025-10-16,111465,1,1,0,297.0
10109996GODOYJ_2025-10-16_G23,10109996GODOYJ,2025-10-16,111182,1,3,0,86.0
10109996GODOYJ_2025-10-16_G24,10109996GODOYJ,2025-10-16,118317,1,16,0,408.0
10109996GODOYJ_2025-10-16_G25,10109996GODOYJ,2025-10-16,111442,1,12,0,190.0
10109996GODOYJ_2025-10-16_G26,10109996GODOYJ,2025-10-16,111444,1,12,0,149.0
10109996GODOYJ_2025-10-16_G27,10109996GODOYJ,2025-10-16,140922,1,15,0,284.0
10109996GODOYJ_2025-10-16_G28,10109996GODOYJ,2025-10-16,111172,1,3,0,88.0
10109996GODOYJ_2025-10-16_G29,10109996GODOYJ,2025-10-16,117831,1,6,0,115.0
10109996GODOYJ_2025-10-16_G30,10109996GODOYJ,2025-10-16,117821,2,30,7,617.0
10109996GODOYJ_2025-10-16_G31,10109996GODOYJ,2025-10-16,118140,2,32,5,412.0
10109996GODOYJ_2025-10-16_G33,10109996GODOYJ,2025-10-16,140911,1,1,0,181.0
10109996GODOYJ_2025-10-16_G34,10109996GODOYJ,2025-10-16,109648,1,8,0,1528.0
10109996GODOYJ_2025-10-16_G35,10109996GODOYJ,2025-10-16,109643,1,6,0,145.0
10109996GODOYJ_2025-10-16_G36,10109996GODOYJ,2025-10-16,117820,1,14,0,171.0
10109996GODOYJ_2025-10-16_G37,10109996GODOYJ,2025-10-16,117832,1,16,0,268.0
10109996GODOYJ_2025-10-16_G38,10109996GODOYJ,2025-10-16,110373,1,9,0,115.0
10109996GODOYJ_2025-10-16_G39,10109996GODOYJ,2025-10-16,118299,1,9,0,86.0
10109996GODOYJ_2025-10-17_G02,10109996GODOYJ,2025-10-17,117808,1,30,0,1040.0
10109996GODOYJ_2025-10-17_G03,10109996GODOYJ,2025-10-17,110371,1,30,0,632.0
10109996GODOYJ_2025-10-17_G04,10109996GODOYJ,2025-10-17,118140,1,20,0,451.0
10109996GODOYJ_2025-10-17_G05,10109996GODOYJ,2025-10-17,141456,1,20,0,287.0
10109996GODOYJ_2025-10-17_G06,10109996GODOYJ,2025-10-17,141457,1,20,0,344.0
10109996GODOYJ_2025-10-17_G07,10109996GODOYJ,2025-10-17,109641,1,20,0,1740.0
10109996GODOYJ_2025-10-17_G08,10109996GODOYJ,2025-10-17,117831,1,20,0,263.0
10109996GODOYJ_2025-10-17_G09,10109996GODOYJ,2025-10-17,111418,1,30,0,1492.0
10109996GODOYJ_2025-10-17_G10,10109996GODOYJ,2025-10-17,117855,1,8,0,752.0
10109996GODOYJ_2025-10-17_G11,10109996GODOYJ,2025-10-17,"111530, 117837",2,20,8,726.0
10109996GODOYJ_2025-10-17_G12,10109996GODOYJ,2025-10-17,117862,1,10,0,184.0
10109996GODOYJ_2025-10-17_G13,10109996GODOYJ,2025-10-17,117786,1,10,0,219.0
10109996GODOYJ_2025-10-17_G14,10109996GODOYJ,2025-10-17,117808,1,16,0,917.0
10109996GODOYJ_2025-10-17_G15,10109996GODOYJ,2025-10-17,105705,1,4,0,2061.0
10109996GODOYJ_2025-10-17_G16,10109996GODOYJ,2025-10-17,105705,3,34,16,143.0
10109996GODOYJ_2025-10-17_G17,10109996GODOYJ,2025-10-17,110373,4,40,27,716.0
10109996GODOYJ_2025-10-17_G18,10109996GODOYJ,2025-10-17,117785,1,7,0,1249.0
10109996GODOYJ_2025-10-17_G19,10109996GODOYJ,2025-10-17,140911,1,3,0,133.0
10109996GODOYJ_2025-10-17_G20,10109996GODOYJ,2025-10-17,110755,1,2,0,661.0
10109996GODOYJ_2025-10-17_G21,10109996GODOYJ,2025-10-17,110747,1,4,0,272.0
10109996GODOYJ_2025-10-17_G22,10109996GODOYJ,2025-10-17,118094,1,4,0,184.0
10109996GODOYJ_2025-10-17_G23,10109996GODOYJ,2025-10-17,110753,1,1,0,89.0
10109996GODOYJ_2025-10-17_G24,10109996GODOYJ,2025-10-17,117935,1,8,0,176.0
10109996GODOYJ_2025-10-17_G25,10109996GODOYJ,2025-10-17,110752,1,4,0,1869.0
10109996GODOYJ_2025-10-17_G26,10109996GODOYJ,2025-10-17,111530,1,4,0,126.0
10109996GODOYJ_2025-10-17_G27,10109996GODOYJ,2025-10-17,117855,1,2,0,353.0
10109996GODOYJ_2025-10-17_G28,10109996GODOYJ,2025-10-17,117787,1,2,0,738.0
10109996GODOYJ_2025-10-17_G30,10109996GODOYJ,2025-10-17,111463,1,20,0,154.0
10109996GODOYJ_2025-10-17_G31,10109996GODOYJ,2025-10-17,110740,1,10,0,160.0
10109996GODOYJ_2025-10-17_G32,10109996GODOYJ,2025-10-17,117821,1,2,0,89.0
10109996GODOYJ_2025-10-17_G33,10109996GODOYJ,2025-10-17,140922,1,24,0,337.0
10109996GODOYJ_2025-10-17_G34,10109996GODOYJ,2025-10-17,111418,1,18,0,456.0
10109996GODOYJ_2025-10-17_G35,10109996GODOYJ,2025-10-17,117820,1,350,0,3067.0
10109996GODOYJ_2025-10-18_G02,10109996GODOYJ,2025-10-18,117855,1,16,0,338.0
10109996GODOYJ_2025-10-18_G03,10109996GODOYJ,2025-10-18,111466,1,8,0,209.0
10109996GODOYJ_2025-10-18_G04,10109996GODOYJ,2025-10-18,141457,2,48,6,115.0
10109996GODOYJ_2025-10-18_G05,10109996GODOYJ,2025-10-18,107236,1,24,0,798.0
10109996GODOYJ_2025-10-18_G06,10109996GODOYJ,2025-10-18,118222,1,264,0,544.0
10109996GODOYJ_2025-10-18_G07,10109996GODOYJ,2025-10-18,117808,1,200,0,1993.0
10109996GODOYJ_2025-10-18_G08,10109996GODOYJ,2025-10-18,110373,1,150,0,1366.0
10109996GODOYJ_2025-10-18_G09,10109996GODOYJ,2025-10-18,110325,1,22,0,333.0
10109996GODOYJ_2025-10-18_G10,10109996GODOYJ,2025-10-18,109643,1,12,0,967.0
10109996GODOYJ_2025-10-18_G11,10109996GODOYJ,2025-10-18,110371,1,100,0,695.0
10109996GODOYJ_2025-10-18_G12,10109996GODOYJ,2025-10-18,117832,1,40,0,1354.0
10109996GODOYJ_2025-10-18_G13,10109996GODOYJ,2025-10-18,111569,1,14,0,330.0
10109996GODOYJ_2025-10-18_G14,10109996GODOYJ,2025-10-18,111438,1,4,0,222.0
10109996GODOYJ_2025-10-18_G15,10109996GODOYJ,2025-10-18,110755,1,4,0,188.0
10109996GODOYJ_2025-10-18_G16,10109996GODOYJ,2025-10-18,111602,1,12,0,405.0
10109996GODOYJ_2025-10-18_G17,10109996GODOYJ,2025-10-18,111602,3,36,37,42.0
10109996GODOYJ_2025-10-18_G18,10109996GODOYJ,2025-10-18,111530,1,8,0,872.0
10109996GODOYJ_2025-10-18_G19,10109996GODOYJ,2025-10-18,140923,1,18,0,1571.0
10109996GODOYJ_2025-10-18_G20,10109996GODOYJ,2025-10-18,110711,1,8,0,2188.0
10109996GODOYJ_2025-10-18_G21,10109996GODOYJ,2025-10-18,108772,1,8,0,243.0
10109996GODOYJ_2025-10-18_G22,10109996GODOYJ,2025-10-18,117786,1,10,0,194.0
10109996GODOYJ_2025-10-18_G23,10109996GODOYJ,2025-10-18,109640,1,12,0,1089.0
10109996GODOYJ_2025-10-18_G24,10109996GODOYJ,2025-10-18,109640,1,14,0,387.0
10109996GODOYJ_2025-10-18_G26,10109996GODOYJ,2025-10-18,110129,1,8,0,100.0
10109996GODOYJ_2025-10-18_G27,10109996GODOYJ,2025-10-18,111433,1,8,0,173.0
10109996GODOYJ_2025-10-18_G28,10109996GODOYJ,2025-10-18,110740,1,40,0,622.0
10109996GODOYJ_2025-10-18_G29,10109996GODOYJ,2025-10-18,111431,1,7,0,156.0
10109996GODOYJ_2025-10-18_G30,10109996GODOYJ,2025-10-18,116241,1,5,0,242.0
10109996GODOYJ_2025-10-18_G31,10109996GODOYJ,2025-10-18,118317,1,22,0,651.0
10109996GODOYJ_2025-10-18_G32,10109996GODOYJ,2025-10-18,118330,1,15,0,185.0
10109996GODOYJ_2025-10-18_G33,10109996GODOYJ,2025-10-18,107236,1,13,0,131.0
10109996GODOYJ_2025-10-20_G02,10109996GODOYJ,2025-10-20,117965,1,10,0,120.0
10109996GODOYJ_2025-10-20_G03,10109996GODOYJ,2025-10-20,110733,1,5,0,88.0
10109996GODOYJ_2025-10-20_G04,10109996GODOYJ,2025-10-20,117935,1,10,0,197.0
10109996GODOYJ_2025-10-20_G05,10109996GODOYJ,2025-10-20,108772,1,4,0,192.0
10109996GODOYJ_2025-10-20_G06,10109996GODOYJ,2025-10-20,117837,1,4,0,566.0
10109996GODOYJ_2025-10-20_G07,10109996GODOYJ,2025-10-20,118094,2,8,7,421.0
10109996GODOYJ_2025-10-20_G08,10109996GODOYJ,2025-10-20,110741,1,1,0,570.0
10109996GODOYJ_2025-10-20_G09,10109996GODOYJ,2025-10-20,107629,1,3,0,123.0
10109996GODOYJ_2025-10-20_G10,10109996GODOYJ,2025-10-20,107629,1,4,0,86.0
10109996GODOYJ_2025-10-20_G11,10109996GODOYJ,2025-10-20,110750,1,7,0,197.0
10109996GODOYJ_2025-10-20_G12,10109996GODOYJ,2025-10-20,141352,1,36,0,619.0
10109996GODOYJ_2025-10-20_G13,10109996GODOYJ,2025-10-20,141352,1,36,0,496.0
10109996GODOYJ_2025-10-20_G14,10109996GODOYJ,2025-10-20,109640,1,28,0,812.0
10109996GODOYJ_2025-10-20_G15,10109996GODOYJ,2025-10-20,117855,1,30,0,482.0
10109996GODOYJ_2025-10-20_G16,10109996GODOYJ,2025-10-20,117855,1,1,0,76.0
10109996GODOYJ_2025-10-20_G17,10109996GODOYJ,2025-10-20,109647,1,13,0,449.0
10109996GODOYJ_2025-10-20_G18,10109996GODOYJ,2025-10-20,141823,1,186,0,699.0
10109996GODOYJ_2025-10-20_G19,10109996GODOYJ,2025-10-20,141823,1,186,0,484.0
10109996GODOYJ_2025-10-20_G20,10109996GODOYJ,2025-10-20,141823,1,186,0,348.0
10109996GODOYJ_2025-10-20_G21,10109996GODOYJ,2025-10-20,118317,1,4,0,481.0
10109996GODOYJ_2025-10-20_G22,10109996GODOYJ,2025-10-20,117841,2,13,9,318.0
10109996GODOYJ_2025-10-20_G23,10109996GODOYJ,2025-10-20,116241,1,2,0,259.0
10109996GODOYJ_2025-10-20_G24,10109996GODOYJ,2025-10-20,111182,1,3,0,115.0
10109996GODOYJ_2025-10-20_G25,10109996GODOYJ,2025-10-20,117833,1,4,0,74.0
10109996GODOYJ_2025-10-20_G26,10109996GODOYJ,2025-10-20,111466,1,23,0,781.0
10109996GODOYJ_2025-10-20_G27,10109996GODOYJ,2025-10-20,115209,1,4,0,271.0
10109996GODOYJ_2025-10-21_G02,10109996GODOYJ,2025-10-21,111466,1,42,0,1141.0
10109996GODOYJ_2025-10-21_G03,10109996GODOYJ,2025-10-21,107236,1,2,0,82.0
10109996GODOYJ_2025-10-21_G04,10109996GODOYJ,2025-10-21,111465,1,5,0,121.0
10109996GODOYJ_2025-10-21_G05,10109996GODOYJ,2025-10-21,118326,1,8,0,586.0
10109996GODOYJ_2025-10-21_G07,10109996GODOYJ,2025-10-21,117833,1,30,0,424.0
10109996GODOYJ_2025-10-21_G08,10109996GODOYJ,2025-10-21,111743,1,31,0,884.0
10109996GODOYJ_2025-10-21_G09,10109996GODOYJ,2025-10-21,111463,1,45,0,712.0
10109996GODOYJ_2025-10-21_G10,10109996GODOYJ,2025-10-21,108361,1,20,0,1583.0
10109996GODOYJ_2025-10-21_G11,10109996GODOYJ,2025-10-21,105242,1,24,0,1545.0
10109996GODOYJ_2025-10-21_G13,10109996GODOYJ,2025-10-21,110623,1,12,0,1477.0
10109996GODOYJ_2025-10-21_G14,10109996GODOYJ,2025-10-21,117935,2,11,8,215.0
10109996GODOYJ_2025-10-21_G15,10109996GODOYJ,2025-10-21,109640,1,12,0,722.0
10109996GODOYJ_2025-10-21_G16,10109996GODOYJ,2025-10-21,111462,1,20,0,189.0
10109996GODOYJ_2025-10-21_G17,10109996GODOYJ,2025-10-21,117785,1,20,0,391.0
10109996GODOYJ_2025-10-21_G18,10109996GODOYJ,2025-10-21,160057,1,2,0,63.0
10109996GODOYJ_2025-10-21_G19,10109996GODOYJ,2025-10-21,160055,1,2,0,252.0
10109996GODOYJ_2025-10-21_G20,10109996GODOYJ,2025-10-21,160054,1,2,0,121.0
10109996GODOYJ_2025-10-21_G21,10109996GODOYJ,2025-10-21,160051,1,2,0,123.0
10109996GODOYJ_2025-10-21_G22,10109996GODOYJ,2025-10-21,118317,1,20,0,1114.0
10109996GODOYJ_2025-10-21_G23,10109996GODOYJ,2025-10-21,109641,1,6,0,354.0
10109996GODOYJ_2025-10-21_G24,10109996GODOYJ,2025-10-21,111466,1,12,0,234.0
10109996GODOYJ_2025-10-21_G25,10109996GODOYJ,2025-10-21,111172,1,8,0,353.0
10109996GODOYJ_2025-10-21_G26,10109996GODOYJ,2025-10-21,111465,1,8,0,190.0
10109996GODOYJ_2025-10-22_G02,10109996GODOYJ,2025-10-22,118140,1,2,0,469.0
10109996GODOYJ_2025-10-22_G03,10109996GODOYJ,2025-10-22,111463,2,9,6,1020.0
10109996GODOYJ_2025-10-22_G04,10109996GODOYJ,2025-10-22,140922,1,2,0,92.0
10109996GODOYJ_2025-10-22_G05,10109996GODOYJ,2025-10-22,141823,1,2,0,149.0
10109996GODOYJ_2025-10-22_G06,10109996GODOYJ,2025-10-22,108794,1,4,0,92.0
10109996GODOYJ_2025-10-22_G07,10109996GODOYJ,2025-10-22,117832,1,2,0,99.0
10109996GODOYJ_2025-10-22_G08,10109996GODOYJ,2025-10-22,110373,2,14,7,120.0
10109996GODOYJ_2025-10-22_G09,10109996GODOYJ,2025-10-22,117809,1,2,0,592.0
10109996GODOYJ_2025-10-22_G10,10109996GODOYJ,2025-10-22,110339,3,8,17,1633.0
10109996GODOYJ_2025-10-22_G11,10109996GODOYJ,2025-10-22,108701,1,2,0,171.0
10109996GODOYJ_2025-10-22_G12,10109996GODOYJ,2025-10-22,118094,1,1,0,124.0
10109996GODOYJ_2025-10-22_G13,10109996GODOYJ,2025-10-22,140923,1,9,0,92.0
10109996GODOYJ_2025-10-22_G14,10109996GODOYJ,2025-10-22,117965,1,2,0,98.0
10109996GODOYJ_2025-10-22_G15,10109996GODOYJ,2025-10-22,111462,1,96,0,704.0
10109996GODOYJ_2025-10-22_G16,10109996GODOYJ,2025-10-22,111433,1,6,0,312.0
10109996GODOYJ_2025-10-22_G17,10109996GODOYJ,2025-10-22,117831,1,16,0,343.0
10109996GODOYJ_2025-10-22_G18,10109996GODOYJ,2025-10-22,111348,1,21,0,902.0
10109996GODOYJ_2025-10-22_G19,10109996GODOYJ,2025-10-22,108798,1,7,0,297.0
10109996GODOYJ_2025-10-22_G20,10109996GODOYJ,2025-10-22,111444,1,6,0,229.0
10109996GODOYJ_2025-10-22_G21,10109996GODOYJ,2025-10-22,117821,1,2,0,296.0
10109996GODOYJ_2025-10-22_G22,10109996GODOYJ,2025-10-22,118330,1,6,0,114.0
10109996GODOYJ_2025-10-22_G23,10109996GODOYJ,2025-10-22,110745,1,2,0,96.0
10109996GODOYJ_2025-10-22_G24,10109996GODOYJ,2025-10-22,111465,1,3,0,73.0
10109996GODOYJ_2025-10-22_G25,10109996GODOYJ,2025-10-22,110751,1,6,0,276.0
10109996GODOYJ_2025-10-22_G26,10109996GODOYJ,2025-10-22,117838,1,5,0,137.0
10109996GODOYJ_2025-10-22_G27,10109996GODOYJ,2025-10-22,111435,1,2,0,125.0
10109996GODOYJ_2025-10-22_G28,10109996GODOYJ,2025-10-22,117842,1,5,0,193.0
10109996GODOYJ_2025-10-22_G29,10109996GODOYJ,2025-10-22,118223,1,8,0,956.0
10109996GODOYJ_2025-10-22_G30,10109996GODOYJ,2025-10-22,111468,1,18,0,1086.0
10109996GODOYJ_2025-10-22_G31,10109996GODOYJ,2025-10-22,141456,1,24,0,228.0
10109996GODOYJ_2025-10-22_G32,10109996GODOYJ,2025-10-22,110740,1,17,0,230.0
10109996GODOYJ_2025-10-22_G33,10109996GODOYJ,2025-10-22,117841,1,16,0,344.0
10109996GODOYJ_2025-10-22_G34,10109996GODOYJ,2025-10-22,117833,1,25,0,438.0
10109996GODOYJ_2025-10-22_G35,10109996GODOYJ,2025-10-22,117787,1,28,0,229.0
10109996GODOYJ_2025-10-22_G36,10109996GODOYJ,2025-10-22,118052,1,1,0,578.0
10109996GODOYJ_2025-10-22_G37,10109996GODOYJ,2025-10-22,117835,1,20,0,1172.0
10109996GODOYJ_2025-10-22_G38,10109996GODOYJ,2025-10-22,118306,1,8,0,159.0
10109996GODOYJ_2025-10-22_G39,10109996GODOYJ,2025-10-22,108759,1,3,0,70.0
10109996GODOYJ_2025-10-22_G40,10109996GODOYJ,2025-10-22,110742,1,10,0,168.0
10109996GODOYJ_2025-10-22_G41,10109996GODOYJ,2025-10-22,117836,1,2,0,95.0
10109996GODOYJ_2025-10-22_G42,10109996GODOYJ,2025-10-22,100334,1,1,0,75.0
10109996GODOYJ_2025-10-22_G43,10109996GODOYJ,2025-10-22,109495,1,2,0,334.0
10109996GODOYJ_2025-10-22_G44,10109996GODOYJ,2025-10-22,140911,1,3,0,68.0
10109996GODOYJ_2025-10-22_G45,10109996GODOYJ,2025-10-22,110747,1,16,0,150.0
10109996GODOYJ_2025-10-22_G47,10109996GODOYJ,2025-10-22,110755,1,9,0,443.0
10109996GODOYJ_2025-10-22_G48,10109996GODOYJ,2025-10-22,108770,1,11,0,209.0
10109996GODOYJ_2025-10-22_G49,10109996GODOYJ,2025-10-22,111418,1,14,0,1286.0
10109996GODOYJ_2025-10-22_G50,10109996GODOYJ,2025-10-22,111462,1,4,0,151.0
10109996GODOYJ_2025-10-22_G51,10109996GODOYJ,2025-10-22,110623,1,1,0,107.0
10109996GODOYJ_2025-10-22_G52,10109996GODOYJ,2025-10-22,110623,1,2,0,40.0
10109996GODOYJ_2025-10-22_G53,10109996GODOYJ,2025-10-22,141202,1,6,0,547.0
10109996GODOYJ_2025-10-22_G54,10109996GODOYJ,2025-10-22,111850,1,2,0,501.0
10109996GODOYJ_2025-10-22_G55,10109996GODOYJ,2025-10-22,117935,1,2,0,187.0
10109996GODOYJ_2025-10-22_G56,10109996GODOYJ,2025-10-22,110372,1,23,0,600.0
10109996GODOYJ_2025-10-22_G57,10109996GODOYJ,2025-10-22,111850,1,6,0,770.0
10109996GODOYJ_2025-10-22_G58,10109996GODOYJ,2025-10-22,111530,1,4,0,129.0
10109996GODOYJ_2025-10-22_G59,10109996GODOYJ,2025-10-22,110371,1,2,0,154.0
10109996GODOYJ_2025-10-22_G60,10109996GODOYJ,2025-10-22,111530,1,4,0,552.0
10109996GODOYJ_2025-10-22_G61,10109996GODOYJ,2025-10-22,"117830, 111466",2,14,30,204.0
10109996GODOYJ_2025-10-22_G62,10109996GODOYJ,2025-10-22,110372,1,7,0,220.0
10109996GODOYJ_2025-10-22_G63,10109996GODOYJ,2025-10-22,117830,1,4,0,854.0
10109996GODOYJ_2025-10-23_G02,10109996GODOYJ,2025-10-23,117856,1,80,0,1421.0
10109996GODOYJ_2025-10-23_G04,10109996GODOYJ,2025-10-23,111469,1,4,0,109.0
10109996GODOYJ_2025-10-23_G05,10109996GODOYJ,2025-10-23,117831,1,8,0,197.0
10109996GODOYJ_2025-10-23_G06,10109996GODOYJ,2025-10-23,117831,1,8,0,106.0
10109996GODOYJ_2025-10-23_G08,10109996GODOYJ,2025-10-23,110741,1,12,0,243.0
10109996GODOYJ_2025-10-23_G09,10109996GODOYJ,2025-10-23,110339,1,2,0,166.0
10109996GODOYJ_2025-10-23_G10,10109996GODOYJ,2025-10-23,108711,1,2,0,105.0
10109996GODOYJ_2025-10-23_G11,10109996GODOYJ,2025-10-23,141202,1,5,0,172.0
10109996GODOYJ_2025-10-23_G12,10109996GODOYJ,2025-10-23,111330,1,12,0,266.0
10109996GODOYJ_2025-10-23_G13,10109996GODOYJ,2025-10-23,111330,1,8,0,83.0
10109996GODOYJ_2025-10-23_G14,10109996GODOYJ,2025-10-23,117820,1,8,0,975.0
10109996GODOYJ_2025-10-23_G15,10109996GODOYJ,2025-10-23,117820,1,6,0,48.0
10109996GODOYJ_2025-10-23_G16,10109996GODOYJ,2025-10-23,117830,2,11,5,54.0
10109996GODOYJ_2025-10-23_G17,10109996GODOYJ,2025-10-23,117832,2,4,4,201.0
10109996GODOYJ_2025-10-23_G18,10109996GODOYJ,2025-10-23,117808,2,22,28,411.0
10109996GODOYJ_2025-10-23_G19,10109996GODOYJ,2025-10-23,"110372, 118299",4,38,44,351.0
10109996GODOYJ_2025-10-23_G20,10109996GODOYJ,2025-10-23,110376,1,1,0,187.0
10109996GODOYJ_2025-10-23_G21,10109996GODOYJ,2025-10-23,110373,1,3,0,203.0
10109996GODOYJ_2025-10-23_G22,10109996GODOYJ,2025-10-23,117822,1,2,0,94.0
10109996GODOYJ_2025-10-23_G23,10109996GODOYJ,2025-10-23,110371,1,2,0,58.0
10109996GODOYJ_2025-10-23_G24,10109996GODOYJ,2025-10-23,"110371, 110325",3,10,42,318.0
10109996GODOYJ_2025-10-23_G25,10109996GODOYJ,2025-10-23,111172,1,1,0,146.0
10109996GODOYJ_2025-10-23_G26,10109996GODOYJ,2025-10-23,117835,1,4,0,291.0
10109996GODOYJ_2025-10-23_G27,10109996GODOYJ,2025-10-23,118306,1,2,0,43.0
10109996GODOYJ_2025-10-23_G28,10109996GODOYJ,2025-10-23,118222,3,11,32,43.0
10109996GODOYJ_2025-10-23_G29,10109996GODOYJ,2025-10-23,117834,1,1,0,121.0
10109996GODOYJ_2025-10-23_G30,10109996GODOYJ,2025-10-23,"111660, 117789",2,4,10,467.0
10109996GODOYJ_2025-10-24_G02,10109996GODOYJ,2025-10-24,111743,1,2,0,249.0
10109996GODOYJ_2025-10-24_G03,10109996GODOYJ,2025-10-24,110372,1,10,0,366.0
10109996GODOYJ_2025-10-24_G04,10109996GODOYJ,2025-10-24,110371,1,12,0,247.0
10109996GODOYJ_2025-10-24_G05,10109996GODOYJ,2025-10-24,111330,1,4,0,269.0
10109996GODOYJ_2025-10-24_G06,10109996GODOYJ,2025-10-24,111602,1,20,0,485.0
10109996GODOYJ_2025-10-24_G07,10109996GODOYJ,2025-10-24,140911,1,5,0,603.0
10109996GODOYJ_2025-10-24_G08,10109996GODOYJ,2025-10-24,111602,1,4,0,197.0
10109996GODOYJ_2025-10-24_G10,10109996GODOYJ,2025-10-24,110582,1,2,0,148.0
10109996GODOYJ_2025-10-24_G11,10109996GODOYJ,2025-10-24,117856,1,20,0,1371.0
10109996GODOYJ_2025-10-24_G12,10109996GODOYJ,2025-10-24,110711,1,7,0,86.0
10109996GODOYJ_2025-10-24_G13,10109996GODOYJ,2025-10-24,117935,1,5,0,192.0
10109996GODOYJ_2025-10-24_G14,10109996GODOYJ,2025-10-24,111530,1,6,0,861.0
10109996GODOYJ_2025-10-24_G15,10109996GODOYJ,2025-10-24,117831,1,8,0,353.0
10109996GODOYJ_2025-10-24_G16,10109996GODOYJ,2025-10-24,111182,1,4,0,185.0
10109996GODOYJ_2025-10-24_G17,10109996GODOYJ,2025-10-24,118317,1,1,0,113.0
10109996GODOYJ_2025-10-24_G19,10109996GODOYJ,2025-10-24,110787,1,19,0,469.0
10109996GODOYJ_2025-10-24_G20,10109996GODOYJ,2025-10-24,111469,1,3,0,92.0
10109996GODOYJ_2025-10-24_G21,10109996GODOYJ,2025-10-24,117830,1,17,0,245.0
10109996GODOYJ_2025-10-24_G22,10109996GODOYJ,2025-10-24,118418,1,5,0,379.0
10109996GODOYJ_2025-10-24_G23,10109996GODOYJ,2025-10-24,118416,1,4,0,227.0
10109996GODOYJ_2025-10-24_G24,10109996GODOYJ,2025-10-24,111602,1,4,0,233.0
10109996GODOYJ_2025-10-24_G25,10109996GODOYJ,2025-10-24,118222,1,2,0,2089.0
10109996GODOYJ_2025-10-24_G26,10109996GODOYJ,2025-10-24,118140,1,1,0,839.0
10109996GODOYJ_2025-10-24_G27,10109996GODOYJ,2025-10-24,111466,1,5,0,128.0
10109996GODOYJ_2025-10-24_G28,10109996GODOYJ,2025-10-24,111463,1,4,0,94.0
10109996GODOYJ_2025-10-24_G29,10109996GODOYJ,2025-10-24,111463,1,4,0,48.0
10109996GODOYJ_2025-10-24_G30,10109996GODOYJ,2025-10-24,110740,1,3,0,231.0
10109996GODOYJ_2025-10-24_G31,10109996GODOYJ,2025-10-24,117808,1,6,0,142.0
10109996GODOYJ_2025-10-24_G32,10109996GODOYJ,2025-10-24,111438,1,14,0,579.0
10109996GODOYJ_2025-10-24_G33,10109996GODOYJ,2025-10-24,110711,1,2,0,151.0
10109996GODOYJ_2025-10-24_G34,10109996GODOYJ,2025-10-24,111467,1,4,0,106.0
10109996GODOYJ_2025-10-24_G35,10109996GODOYJ,2025-10-24,140923,1,2,0,62.0
10109996GODOYJ_2025-10-27_G02,10109996GODOYJ,2025-10-27,117835,1,5,0,148.0
10109996GODOYJ_2025-10-27_G03,10109996GODOYJ,2025-10-27,109640,1,2,0,121.0
10109996GODOYJ_2025-10-27_G04,10109996GODOYJ,2025-10-27,110373,1,2,0,225.0
10109996GODOYJ_2025-10-27_G05,10109996GODOYJ,2025-10-27,117808,1,24,0,348.0
10109996GODOYJ_2025-10-27_G06,10109996GODOYJ,2025-10-27,109640,1,2,0,120.0
10109996GODOYJ_2025-10-27_G07,10109996GODOYJ,2025-10-27,111418,1,4,0,194.0
10109996GODOYJ_2025-10-27_G08,10109996GODOYJ,2025-10-27,118299,1,2,0,134.0
10109996GODOYJ_2025-10-27_G09,10109996GODOYJ,2025-10-27,111443,1,4,0,197.0
10109996GODOYJ_2025-10-27_G10,10109996GODOYJ,2025-10-27,108772,1,4,0,375.0
10109996GODOYJ_2025-10-27_G11,10109996GODOYJ,2025-10-27,111462,1,4,0,111.0
10109996GODOYJ_2025-10-27_G12,10109996GODOYJ,2025-10-27,110325,1,4,0,105.0
10109996GODOYJ_2025-10-27_G13,10109996GODOYJ,2025-10-27,117820,1,24,0,184.0
10109996GODOYJ_2025-10-27_G14,10109996GODOYJ,2025-10-27,111462,1,8,0,2588.0
10109996GODOYJ_2025-10-27_G15,10109996GODOYJ,2025-10-27,108794,1,8,0,908.0
10109996GODOYJ_2025-10-27_G16,10109996GODOYJ,2025-10-27,117862,1,5,0,196.0
10109996GODOYJ_2025-10-27_G17,10109996GODOYJ,2025-10-27,108772,1,4,0,135.0
10109996GODOYJ_2025-10-27_G18,10109996GODOYJ,2025-10-27,141456,1,4,0,248.0
10109996GODOYJ_2025-10-27_G19,10109996GODOYJ,2025-10-27,111466,1,10,0,145.0
10109996GODOYJ_2025-10-27_G20,10109996GODOYJ,2025-10-27,111431,1,8,0,528.0
10109996GODOYJ_2025-10-27_G21,10109996GODOYJ,2025-10-27,111434,1,4,0,58.0
10109996GODOYJ_2025-10-27_G22,10109996GODOYJ,2025-10-27,110372,2,10,7,77.0
10109996GODOYJ_2025-10-27_G23,10109996GODOYJ,2025-10-27,140911,1,2,0,770.0
10109996GODOYJ_2025-10-27_G24,10109996GODOYJ,2025-10-27,111418,1,4,0,213.0
10109996GODOYJ_2025-10-27_G25,10109996GODOYJ,2025-10-27,111444,1,12,0,218.0
10109996GODOYJ_2025-10-27_G26,10109996GODOYJ,2025-10-27,110372,1,4,0,173.0
10109996GODOYJ_2025-10-27_G27,10109996GODOYJ,2025-10-27,118299,1,6,0,108.0
10109996GODOYJ_2025-10-27_G28,10109996GODOYJ,2025-10-27,117808,1,40,0,676.0
10109996GODOYJ_2025-10-28_G02,10109996GODOYJ,2025-10-28,118283,1,4,0,278.0
10109996GODOYJ_2025-10-28_G03,10109996GODOYJ,2025-10-28,117834,1,2,0,423.0
10109996GODOYJ_2025-10-28_G04,10109996GODOYJ,2025-10-28,110742,1,2,0,217.0
10109996GODOYJ_2025-10-28_G05,10109996GODOYJ,2025-10-28,111569,1,2,0,155.0
10109996GODOYJ_2025-10-28_G06,10109996GODOYJ,2025-10-28,117856,2,9,16,262.0
10109996GODOYJ_2025-10-28_G07,10109996GODOYJ,2025-10-28,118094,1,4,0,144.0
10109996GODOYJ_2025-10-28_G08,10109996GODOYJ,2025-10-28,110741,1,6,0,148.0
10109996GODOYJ_2025-10-28_G09,10109996GODOYJ,2025-10-28,"117862, 117853",2,15,29,206.0
10109996GODOYJ_2025-10-28_G10,10109996GODOYJ,2025-10-28,110733,1,6,0,1664.0
10109996GODOYJ_2025-10-28_G11,10109996GODOYJ,2025-10-28,117786,1,3,0,109.0
10109996GODOYJ_2025-10-28_G12,10109996GODOYJ,2025-10-28,111467,1,6,0,193.0
10109996GODOYJ_2025-10-28_G13,10109996GODOYJ,2025-10-28,109640,1,2,0,154.0
10109996GODOYJ_2025-10-28_G14,10109996GODOYJ,2025-10-28,140923,1,4,0,97.0
10109996GODOYJ_2025-10-28_G15,10109996GODOYJ,2025-10-28,111602,1,4,0,211.0
10109996GODOYJ_2025-10-28_G16,10109996GODOYJ,2025-10-28,111602,1,20,0,295.0
10109996GODOYJ_2025-10-28_G17,10109996GODOYJ,2025-10-28,110339,1,6,0,898.0
10109996GODOYJ_2025-10-28_G18,10109996GODOYJ,2025-10-28,110339,1,2,0,191.0
10109996GODOYJ_2025-10-28_G19,10109996GODOYJ,2025-10-28,118140,1,6,0,234.0
10109996GODOYJ_2025-10-28_G20,10109996GODOYJ,2025-10-28,105705,1,4,0,160.0
10109996GODOYJ_2025-10-28_G21,10109996GODOYJ,2025-10-28,111466,1,15,0,170.0
10109996GODOYJ_2025-10-28_G22,10109996GODOYJ,2025-10-28,117831,1,8,0,175.0
10109996GODOYJ_2025-10-28_G23,10109996GODOYJ,2025-10-28,111463,2,12,5,243.0
10109996GODOYJ_2025-10-28_G24,10109996GODOYJ,2025-10-28,111743,1,2,0,109.0
10109996GODOYJ_2025-10-28_G25,10109996GODOYJ,2025-10-28,108795,1,5,0,185.0
10109996GODOYJ_2025-10-28_G26,10109996GODOYJ,2025-10-28,110740,1,1,0,51.0
10109996GODOYJ_2025-10-28_G27,10109996GODOYJ,2025-10-28,141823,1,4,0,148.0
10109996GODOYJ_2025-10-28_G28,10109996GODOYJ,2025-10-28,140922,1,4,0,352.0
10109996GODOYJ_2025-10-28_G29,10109996GODOYJ,2025-10-28,141457,1,4,0,274.0
10109996GODOYJ_2025-10-28_G30,10109996GODOYJ,2025-10-28,110743,1,4,0,125.0
10109996GODOYJ_2025-10-28_G31,10109996GODOYJ,2025-10-28,108711,1,4,0,285.0
10109996GODOYJ_2025-10-28_G32,10109996GODOYJ,2025-10-28,109641,1,2,0,369.0
10109996GODOYJ_2025-10-28_G33,10109996GODOYJ,2025-10-28,111442,1,2,0,111.0
10109996GODOYJ_2025-10-28_G34,10109996GODOYJ,2025-10-28,117821,1,16,0,343.0
10109996GODOYJ_2025-10-28_G35,10109996GODOYJ,2025-10-28,"141458, 107236",2,12,23,210.0
10109996GODOYJ_2025-10-28_G36,10109996GODOYJ,2025-10-28,110745,1,8,0,154.0
10109996GODOYJ_2025-10-28_G37,10109996GODOYJ,2025-10-28,111465,1,2,0,44.0
10109996GODOYJ_2025-10-28_G38,10109996GODOYJ,2025-10-28,111468,1,2,0,144.0
10109996GODOYJ_2025-10-28_G39,10109996GODOYJ,2025-10-28,111430,1,5,0,2089.0
10109996GODOYJ_2025-10-28_G40,10109996GODOYJ,2025-10-28,118306,1,6,0,233.0
10109996GODOYJ_2025-10-28_G41,10109996GODOYJ,2025-10-28,110895,1,10,0,182.0
10109996GODOYJ_2025-10-28_G42,10109996GODOYJ,2025-10-28,111660,2,7,8,171.0
10109996GODOYJ_2025-10-28_G43,10109996GODOYJ,2025-10-28,110755,1,5,0,151.0
10109996GODOYJ_2025-10-28_G44,10109996GODOYJ,2025-10-28,115775,1,4,0,146.0
10109996GODOYJ_2025-10-28_G45,10109996GODOYJ,2025-10-28,117856,2,12,9,391.0
10109996GODOYJ_2025-10-28_G46,10109996GODOYJ,2025-10-28,117788,1,4,0,178.0
10109996GODOYJ_2025-10-28_G47,10109996GODOYJ,2025-10-28,109647,1,4,0,98.0
10109996GODOYJ_2025-10-28_G48,10109996GODOYJ,2025-10-28,110756,1,2,0,172.0
10109996GODOYJ_2025-10-28_G49,10109996GODOYJ,2025-10-28,111467,1,10,0,250.0
10109996GODOYJ_2025-10-28_G50,10109996GODOYJ,2025-10-28,111602,1,10,0,202.0
10109996GODOYJ_2025-10-28_G51,10109996GODOYJ,2025-10-28,117855,1,10,0,173.0
10109996GODOYJ_2025-10-28_G52,10109996GODOYJ,2025-10-28,109643,1,6,0,1032.0
10109996GODOYJ_2025-10-28_G53,10109996GODOYJ,2025-10-28,110374,1,30,0,624.0
10109996GODOYJ_2025-10-28_G54,10109996GODOYJ,2025-10-28,117820,1,40,0,345.0
10109996GODOYJ_2025-10-28_G56,10109996GODOYJ,2025-10-28,117830,1,20,0,681.0
10109996GODOYJ_2025-10-28_G57,10109996GODOYJ,2025-10-28,160052,1,1,0,68.0
10109996GODOYJ_2025-10-28_G58,10109996GODOYJ,2025-10-28,110373,2,40,23,295.0
10109996GODOYJ_2025-10-28_G59,10109996GODOYJ,2025-10-28,117832,1,10,0,208.0
10109996GODOYJ_2025-10-28_G60,10109996GODOYJ,2025-10-28,110375,1,10,0,243.0
10109996GODOYJ_2025-10-28_G61,10109996GODOYJ,2025-10-28,110372,1,80,0,244.0
10109996GODOYJ_2025-10-28_G62,10109996GODOYJ,2025-10-28,118299,2,40,6,1241.0
10109996GODOYJ_2025-10-28_G63,10109996GODOYJ,2025-10-28,141202,1,10,0,221.0
10109996GODOYJ_2025-10-28_G64,10109996GODOYJ,2025-10-28,117822,1,6,0,70.0
10109996GODOYJ_2025-10-28_G65,10109996GODOYJ,2025-10-28,118299,1,70,0,59.0
10109996GODOYJ_2025-10-28_G66,10109996GODOYJ,2025-10-28,118299,1,60,0,131.0
10109996GODOYJ_2025-10-28_G67,10109996GODOYJ,2025-10-28,110371,1,10,0,491.0
10109996GODOYJ_2025-10-28_G68,10109996GODOYJ,2025-10-28,117808,1,69,0,122.0
10109996GODOYJ_2025-10-28_G69,10109996GODOYJ,2025-10-28,117808,1,50,0,115.0
10109996GODOYJ_2025-10-28_G70,10109996GODOYJ,2025-10-28,160054,1,3,0,101.0
10109996GODOYJ_2025-10-28_G71,10109996GODOYJ,2025-10-28,160051,1,2,0,31.0
10109996GODOYJ_2025-10-29_G02,10109996GODOYJ,2025-10-29,140923,1,6,0,180.0
10109996GODOYJ_2025-10-29_G03,10109996GODOYJ,2025-10-29,117787,1,4,0,166.0
10109996GODOYJ_2025-10-29_G04,10109996GODOYJ,2025-10-29,117833,1,5,0,169.0
10109996GODOYJ_2025-10-29_G05,10109996GODOYJ,2025-10-29,141458,1,4,0,71.0
10109996GODOYJ_2025-10-29_G06,10109996GODOYJ,2025-10-29,111330,1,4,0,498.0
10109996GODOYJ_2025-10-29_G07,10109996GODOYJ,2025-10-29,111532,1,16,0,290.0
10109996GODOYJ_2025-10-29_G08,10109996GODOYJ,2025-10-29,111530,1,2,0,189.0
10109996GODOYJ_2025-10-29_G09,10109996GODOYJ,2025-10-29,117786,1,1,0,1274.0
10109996GODOYJ_2025-10-29_G10,10109996GODOYJ,2025-10-29,117856,1,2,0,1247.0
10109996GODOYJ_2025-10-29_G11,10109996GODOYJ,2025-10-29,117853,1,1,0,99.0
10109996GODOYJ_2025-10-29_G12,10109996GODOYJ,2025-10-29,108772,1,2,0,145.0
10109996GODOYJ_2025-10-29_G13,10109996GODOYJ,2025-10-29,140923,1,4,0,51.0
10109996GODOYJ_2025-10-29_G14,10109996GODOYJ,2025-10-29,111602,1,3,0,127.0
10109996GODOYJ_2025-10-29_G15,10109996GODOYJ,2025-10-29,117831,1,1,0,94.0
10109996GODOYJ_2025-10-29_G16,10109996GODOYJ,2025-10-29,141823,1,1,0,78.0
10109996GODOYJ_2025-10-29_G17,10109996GODOYJ,2025-10-29,111743,1,1,0,82.0
10109996GODOYJ_2025-10-29_G18,10109996GODOYJ,2025-10-29,111444,1,2,0,101.0
10109996GODOYJ_2025-10-29_G19,10109996GODOYJ,2025-10-29,111468,1,4,0,160.0
10109996GODOYJ_2025-10-29_G20,10109996GODOYJ,2025-10-29,110373,1,1,0,156.0
10109996GODOYJ_2025-10-29_G21,10109996GODOYJ,2025-10-29,117935,1,3,0,132.0
10109996GODOYJ_2025-10-29_G22,10109996GODOYJ,2025-10-29,107888,1,4,0,323.0
10109996GODOYJ_2025-10-29_G23,10109996GODOYJ,2025-10-29,111876,1,15,0,2511.0
10109996GODOYJ_2025-10-29_G24,10109996GODOYJ,2025-10-29,111879,1,2,0,57.0
10109996GODOYJ_2025-10-29_G25,10109996GODOYJ,2025-10-29,111650,1,4,0,176.0
10109996GODOYJ_2025-10-29_G26,10109996GODOYJ,2025-10-29,111467,1,20,0,228.0
10109996GODOYJ_2025-10-29_G27,10109996GODOYJ,2025-10-29,118280,1,7,0,364.0
10109996GODOYJ_2025-10-29_G28,10109996GODOYJ,2025-10-29,118222,1,200,0,2187.0
10109996GODOYJ_2025-10-29_G29,10109996GODOYJ,2025-10-29,111438,1,4,0,1304.0
10109996GODOYJ_2025-10-29_G30,10109996GODOYJ,2025-10-29,115821,1,3,0,158.0
10109996GODOYJ_2025-10-29_G31,10109996GODOYJ,2025-10-29,111832,1,4,0,249.0
10109996GODOYJ_2025-10-29_G32,10109996GODOYJ,2025-10-29,107254,1,8,0,179.0
10109996GODOYJ_2025-10-29_G33,10109996GODOYJ,2025-10-29,108411,1,2,0,647.0
10109996GODOYJ_2025-10-29_G34,10109996GODOYJ,2025-10-29,110311,1,2,0,77.0
10109996GODOYJ_2025-10-29_G35,10109996GODOYJ,2025-10-29,110742,1,6,0,102.0
10109996GODOYJ_2025-10-29_G36,10109996GODOYJ,2025-10-29,110534,1,2,0,54.0
10109996GODOYJ_2025-10-29_G37,10109996GODOYJ,2025-10-29,110755,1,8,0,98.0
10109996GODOYJ_2025-10-29_G38,10109996GODOYJ,2025-10-29,106865,1,2,0,139.0
10109996GODOYJ_2025-10-29_G39,10109996GODOYJ,2025-10-29,118198,1,2,0,55.0
10109996GODOYJ_2025-10-29_G40,10109996GODOYJ,2025-10-29,110582,1,21,0,299.0
10109996GODOYJ_2025-10-29_G41,10109996GODOYJ,2025-10-29,118290,1,11,0,215.0
10109996GODOYJ_2025-10-29_G42,10109996GODOYJ,2025-10-29,110747,1,10,0,315.0
10109996GODOYJ_2025-10-29_G43,10109996GODOYJ,2025-10-29,117856,1,30,0,1347.0
10109996GODOYJ_2025-10-29_G44,10109996GODOYJ,2025-10-29,110753,1,3,0,62.0
10109996GODOYJ_2025-10-29_G45,10109996GODOYJ,2025-10-29,111467,1,20,0,174.0
10109996GODOYJ_2025-10-29_G46,10109996GODOYJ,2025-10-29,111602,1,22,0,436.0
10109996GODOYJ_2025-10-29_G47,10109996GODOYJ,2025-10-29,110374,2,10,8,765.0
10109996GODOYJ_2025-10-29_G48,10109996GODOYJ,2025-10-29,110372,1,200,0,712.0
10109996GODOYJ_2025-10-29_G49,10109996GODOYJ,2025-10-29,110373,1,50,0,386.0
10109996GODOYJ_2025-10-29_G50,10109996GODOYJ,2025-10-29,110374,1,30,0,309.0
10109996GODOYJ_2025-10-29_G51,10109996GODOYJ,2025-10-29,109649,1,11,0,103.0
10109996GODOYJ_2025-10-29_G53,10109996GODOYJ,2025-10-29,109643,1,10,0,636.0
10109996GODOYJ_2025-10-30_G02,10109996GODOYJ,2025-10-30,111467,1,2,0,52.0
10109996GODOYJ_2025-10-30_G03,10109996GODOYJ,2025-10-30,109647,1,2,0,712.0
10109996GODOYJ_2025-10-30_G04,10109996GODOYJ,2025-10-30,111530,1,5,0,141.0
10109996GODOYJ_2025-10-30_G05,10109996GODOYJ,2025-10-30,117862,1,2,0,31.0
10109996GODOYJ_2025-10-30_G06,10109996GODOYJ,2025-10-30,110733,1,3,0,107.0
10109996GODOYJ_2025-10-30_G07,10109996GODOYJ,2025-10-30,140923,1,3,0,71.0
10109996GODOYJ_2025-10-30_G08,10109996GODOYJ,2025-10-30,111602,1,6,0,222.0
10109996GODOYJ_2025-10-30_G09,10109996GODOYJ,2025-10-30,109643,1,2,0,119.0
10109996GODOYJ_2025-10-30_G10,10109996GODOYJ,2025-10-30,110373,1,26,0,311.0
10109996GODOYJ_2025-10-30_G11,10109996GODOYJ,2025-10-30,117832,1,5,0,35.0
10109996GODOYJ_2025-10-30_G12,10109996GODOYJ,2025-10-30,110375,1,4,0,146.0
10109996GODOYJ_2025-10-30_G13,10109996GODOYJ,2025-10-30,141202,1,4,0,99.0
10109996GODOYJ_2025-10-30_G14,10109996GODOYJ,2025-10-30,110325,1,6,0,70.0
10109996GODOYJ_2025-10-30_G15,10109996GODOYJ,2025-10-30,117808,1,46,0,603.0
10109996GODOYJ_2025-10-30_G16,10109996GODOYJ,2025-10-30,110372,1,44,0,529.0
10109996GODOYJ_2025-10-30_G17,10109996GODOYJ,2025-10-30,110371,1,20,0,620.0
10109996GODOYJ_2025-10-30_G18,10109996GODOYJ,2025-10-30,118299,1,16,0,336.0
10109996GODOYJ_2025-10-30_G19,10109996GODOYJ,2025-10-30,111530,1,4,0,546.0
10109996GODOYJ_2025-10-30_G20,10109996GODOYJ,2025-10-30,117785,1,8,0,127.0
10109996GODOYJ_2025-10-30_G21,10109996GODOYJ,2025-10-30,117808,1,20,0,233.0
10109996GODOYJ_2025-10-30_G22,10109996GODOYJ,2025-10-30,118299,1,29,0,323.0
10109996GODOYJ_2025-10-30_G23,10109996GODOYJ,2025-10-30,111530,1,5,0,184.0
10109996GODOYJ_2025-10-30_G24,10109996GODOYJ,2025-10-30,109640,1,3,0,194.0
10109996GODOYJ_2025-10-30_G25,10109996GODOYJ,2025-10-30,111418,1,5,0,337.0
10109996GODOYJ_2025-10-30_G26,10109996GODOYJ,2025-10-30,117785,1,10,0,102.0
10109996GODOYJ_2025-10-30_G27,10109996GODOYJ,2025-10-30,117808,1,10,0,287.0
10109996GODOYJ_2025-10-30_G28,10109996GODOYJ,2025-10-30,110371,1,8,0,153.0
10109996GODOYJ_2025-10-30_G29,10109996GODOYJ,2025-10-30,118299,1,40,0,996.0
10109996GODOYJ_2025-10-30_G30,10109996GODOYJ,2025-10-30,110372,1,16,0,173.0
10109996GODOYJ_2025-10-30_G31,10109996GODOYJ,2025-10-30,118299,1,40,0,1182.0
10109996GODOYJ_2025-10-30_G32,10109996GODOYJ,2025-10-30,110376,1,4,0,734.0
10109996GODOYJ_2025-10-30_G33,10109996GODOYJ,2025-10-30,117808,1,24,0,225.0
10109996GODOYJ_2025-10-30_G34,10109996GODOYJ,2025-10-30,"141202, 117822",2,20,12,196.0
10109996GODOYJ_2025-10-30_G35,10109996GODOYJ,2025-10-30,110371,1,8,0,509.0
10109996GODOYJ_2025-10-30_G36,10109996GODOYJ,2025-10-30,110325,1,4,0,54.0
10109996GODOYJ_2025-10-30_G37,10109996GODOYJ,2025-10-30,117820,1,12,0,91.0
10109996GODOYJ_2025-10-30_G38,10109996GODOYJ,2025-10-30,117830,1,8,0,145.0
10109996GODOYJ_2025-10-30_G39,10109996GODOYJ,2025-10-30,117832,1,4,0,56.0
10109996GODOYJ_2025-10-30_G40,10109996GODOYJ,2025-10-30,110375,1,8,0,64.0
10109996GODOYJ_2025-10-30_G42,10109996GODOYJ,2025-10-30,111440,1,2,0,220.0
10109996GODOYJ_2025-10-30_G43,10109996GODOYJ,2025-10-30,117836,1,10,0,41.0
10109996GODOYJ_2025-10-30_G44,10109996GODOYJ,2025-10-30,111445,1,10,0,232.0
10109996GODOYJ_2025-10-30_G45,10109996GODOYJ,2025-10-30,110531,1,7,0,1068.0
10109996GODOYJ_2025-10-30_G46,10109996GODOYJ,2025-10-30,107888,1,90,0,989.0
10109996GODOYJ_2025-10-30_G47,10109996GODOYJ,2025-10-30,141202,1,29,0,820.0
10109996GODOYJ_2025-10-30_G48,10109996GODOYJ,2025-10-30,108701,1,9,0,266.0
10109996GODOYJ_2025-10-30_G49,10109996GODOYJ,2025-10-30,110741,1,8,0,75.0
10109996GODOYJ_2025-10-31_G02,10109996GODOYJ,2025-10-31,110895,1,8,0,245.0
10109996GODOYJ_2025-10-31_G03,10109996GODOYJ,2025-10-31,140922,2,6,29,168.0
10109996GODOYJ_2025-10-31_G04,10109996GODOYJ,2025-10-31,110787,1,3,0,389.0
10109996GODOYJ_2025-10-31_G05,10109996GODOYJ,2025-10-31,110895,1,5,0,1342.0
10109996GODOYJ_2025-10-31_G06,10109996GODOYJ,2025-10-31,110895,1,4,0,102.0
10109996GODOYJ_2025-10-31_G07,10109996GODOYJ,2025-10-31,141141,1,30,0,1129.0
10109996GODOYJ_2025-10-31_G08,10109996GODOYJ,2025-10-31,109645,1,9,0,3321.0
10109996GODOYJ_2025-10-31_G09,10109996GODOYJ,2025-10-31,110895,1,3,0,169.0
10109996GODOYJ_2025-10-31_G10,10109996GODOYJ,2025-10-31,109640,1,4,0,313.0
10109996GODOYJ_2025-10-31_G11,10109996GODOYJ,2025-10-31,109645,1,7,0,193.0
10109996GODOYJ_2025-10-31_G12,10109996GODOYJ,2025-10-31,110895,1,6,0,450.0
10109996GODOYJ_2025-10-31_G13,10109996GODOYJ,2025-10-31,109645,1,8,0,159.0
10109996GODOYJ_2025-10-31_G14,10109996GODOYJ,2025-10-31,111441,1,3,0,491.0
10109996GODOYJ_2025-10-31_G15,10109996GODOYJ,2025-10-31,109645,1,8,0,416.0
10109996GODOYJ_2025-10-31_G16,10109996GODOYJ,2025-10-31,111441,1,1,0,840.0
10109996GODOYJ_2025-10-31_G17,10109996GODOYJ,2025-10-31,111438,1,1,0,120.0
10109996GODOYJ_2025-10-31_G18,10109996GODOYJ,2025-10-31,110623,1,3,0,106.0
10109996GODOYJ_2025-10-31_G19,10109996GODOYJ,2025-10-31,105359,1,1,0,435.0
10109996GODOYJ_2025-10-31_G20,10109996GODOYJ,2025-10-31,160057,1,2,0,56.0
10109996GODOYJ_2025-10-31_G21,10109996GODOYJ,2025-10-31,"140911, 118290",3,7,22,112.0
10109996GODOYJ_2025-10-31_G22,10109996GODOYJ,2025-10-31,110747,1,2,0,324.0
10109996GODOYJ_2025-10-31_G23,10109996GODOYJ,2025-10-31,111569,2,3,7,46.0
10109996GODOYJ_2025-10-31_G24,10109996GODOYJ,2025-10-31,110895,1,5,0,144.0
10109996GODOYJ_2025-10-31_G25,10109996GODOYJ,2025-10-31,110895,3,7,16,41.0
10109996GODOYJ_2025-10-31_G26,10109996GODOYJ,2025-10-31,118222,2,35,21,92.0
10109996GODOYJ_2025-10-31_G27,10109996GODOYJ,2025-10-31,110372,2,30,25,1751.0
10109996GODOYJ_2025-10-31_G28,10109996GODOYJ,2025-10-31,110372,1,32,0,214.0
10109996GODOYJ_2025-10-31_G29,10109996GODOYJ,2025-10-31,118299,1,20,0,158.0
10109996GODOYJ_2025-10-31_G30,10109996GODOYJ,2025-10-31,110376,1,2,0,48.0
10109996GODOYJ_2025-10-31_G31,10109996GODOYJ,2025-10-31,117808,1,23,0,1031.0
10109996GODOYJ_2025-10-31_G32,10109996GODOYJ,2025-10-31,117822,1,4,0,57.0
10109996GODOYJ_2025-10-31_G33,10109996GODOYJ,2025-10-31,110371,1,8,0,48.0
10109996GODOYJ_2025-10-31_G34,10109996GODOYJ,2025-10-31,110373,1,23,0,213.0
10109996GODOYJ_2025-10-31_G35,10109996GODOYJ,2025-10-31,110325,1,6,0,44.0
10109996GODOYJ_2025-10-31_G36,10109996GODOYJ,2025-10-31,110374,1,8,0,174.0
10109996GODOYJ_2025-10-31_G37,10109996GODOYJ,2025-10-31,"110374, 107830",2,36,29,423.0
10109996GODOYJ_2025-10-31_G38,10109996GODOYJ,2025-10-31,117830,4,34,26,46.0
10109996GODOYJ_2025-10-31_G39,10109996GODOYJ,2025-10-31,160051,1,2,0,176.0
10109996GODOYJ_2025-10-31_G40,10109996GODOYJ,2025-10-31,110313,1,4,0,402.0
10109996GODOYJ_2025-10-31_G41,10109996GODOYJ,2025-10-31,"117856, 109647",2,8,29,162.0
10109996GODOYJ_2025-10-31_G43,10109996GODOYJ,2025-10-31,117786,1,4,0,118.0
10109996GODOYJ_2025-10-31_G44,10109996GODOYJ,2025-10-31,109640,2,7,6,96.0
10109996GODOYJ_2025-10-31_G45,10109996GODOYJ,2025-10-31,141066,1,2,0,196.0
10109996GODOYJ_2025-10-31_G46,10109996GODOYJ,2025-10-31,111467,1,3,0,116.0
10109996GODOYJ_2025-10-31_G47,10109996GODOYJ,2025-10-31,117855,1,4,0,177.0
10109996GODOYJ_2025-10-31_G48,10109996GODOYJ,2025-10-31,117820,2,30,7,180.0
10109996GODOYJ_2025-10-31_G49,10109996GODOYJ,2025-10-31,110733,1,4,0,1965.0
10109996GODOYJ_2025-10-31_G50,10109996GODOYJ,2025-10-31,110711,2,6,9,133.0
10109996GODOYJ_2025-10-31_G51,10109996GODOYJ,2025-10-31,141047,4,21,32,64.0
10109996GODOYJ_2025-10-31_G52,10109996GODOYJ,2025-10-31,111467,1,5,0,307.0
10109996GODOYJ_2025-10-31_G53,10109996GODOYJ,2025-10-31,140923,1,5,0,105.0
10109996GODOYJ_2025-10-31_G54,10109996GODOYJ,2025-10-31,111602,2,56,9,973.0
10109996GODOYJ_2025-10-31_G55,10109996GODOYJ,2025-10-31,117820,1,4,0,156.0
10109996GODOYJ_2025-11-06_G02,10109996GODOYJ,2025-11-06,110733,1,31,0,636.0
10109996GODOYJ_2025-11-06_G03,10109996GODOYJ,2025-11-06,110376,1,43,0,1131.0
10109996GODOYJ_2025-11-06_G04,10109996GODOYJ,2025-11-06,118222,1,8,0,2989.0
10109996GODOYJ_2025-11-06_G05,10109996GODOYJ,2025-11-06,117854,1,1,0,633.0
10109996GODOYJ_2025-11-06_G06,10109996GODOYJ,2025-11-06,117853,1,4,0,300.0
10109996GODOYJ_2025-11-06_G07,10109996GODOYJ,2025-11-06,117861,1,9,0,293.0
10109996GODOYJ_2025-11-06_G08,10109996GODOYJ,2025-11-06,111463,1,4,0,477.0
10109996GODOYJ_2025-11-06_G09,10109996GODOYJ,2025-11-06,111418,1,2,0,109.0
10109996GODOYJ_2025-11-06_G10,10109996GODOYJ,2025-11-06,140922,1,6,0,855.0
10109996GODOYJ_2025-11-06_G11,10109996GODOYJ,2025-11-06,110895,1,1,0,1139.0
10109996GODOYJ_2025-11-06_G12,10109996GODOYJ,2025-11-06,140923,1,4,0,3190.0
10109996GODOYJ_2025-11-06_G13,10109996GODOYJ,2025-11-06,110895,1,3,0,474.0
10109996GODOYJ_2025-11-06_G14,10109996GODOYJ,2025-11-06,141047,1,1,0,195.0
10109996GODOYJ_2025-11-06_G15,10109996GODOYJ,2025-11-06,140923,1,2,0,235.0
10109996GODOYJ_2025-11-06_G16,10109996GODOYJ,2025-11-06,111530,1,4,0,320.0
10109996GODOYJ_2025-11-06_G17,10109996GODOYJ,2025-11-06,110733,1,4,0,144.0
10109996GODOYJ_2025-11-06_G18,10109996GODOYJ,2025-11-06,141352,1,4,0,126.0
10109996GODOYJ_2025-11-06_G19,10109996GODOYJ,2025-11-06,111602,1,2,0,484.0
10109996GODOYJ_2025-11-06_G20,10109996GODOYJ,2025-11-06,117855,1,4,0,104.0
10109996GODOYJ_2025-11-06_G21,10109996GODOYJ,2025-11-06,110711,1,2,0,1726.0
10109996GODOYJ_2025-11-06_G22,10109996GODOYJ,2025-11-06,110339,1,2,0,99.0
10109996GODOYJ_2025-11-06_G23,10109996GODOYJ,2025-11-06,111433,1,2,0,289.0
10109996GODOYJ_2025-11-06_G24,10109996GODOYJ,2025-11-06,109645,2,8,8,87.0
10109996GODOYJ_2025-11-06_G25,10109996GODOYJ,2025-11-06,110751,1,2,0,33.0
10109996GODOYJ_2025-11-06_G26,10109996GODOYJ,2025-11-06,117831,1,8,0,124.0
10109996GODOYJ_2025-11-06_G28,10109996GODOYJ,2025-11-06,141823,1,1,0,73.0
10109996GODOYJ_2025-11-06_G29,10109996GODOYJ,2025-11-06,110787,2,14,7,122.0
10109996GODOYJ_2025-11-06_G30,10109996GODOYJ,2025-11-06,"111469, 111431",2,12,15,191.0
10109996GODOYJ_2025-11-06_G31,10109996GODOYJ,2025-11-06,108794,1,6,0,439.0
10109996GODOYJ_2025-11-06_G32,10109996GODOYJ,2025-11-06,111468,1,4,0,153.0
10109996GODOYJ_2025-11-06_G33,10109996GODOYJ,2025-11-06,117833,1,2,0,75.0
10109996GODOYJ_2025-11-06_G34,10109996GODOYJ,2025-11-06,117785,2,17,13,41.0
10109996GODOYJ_2025-11-06_G35,10109996GODOYJ,2025-11-06,110371,1,2,0,452.0
10109996GODOYJ_2025-11-07_G02,10109996GODOYJ,2025-11-07,111443,1,4,0,121.0
10109996GODOYJ_2025-11-07_G03,10109996GODOYJ,2025-11-07,110740,1,4,0,120.0
10109996GODOYJ_2025-11-07_G04,10109996GODOYJ,2025-11-07,118140,2,12,5,50.0
10109996GODOYJ_2025-11-07_G05,10109996GODOYJ,2025-11-07,140922,1,4,0,370.0
10109996GODOYJ_2025-11-07_G06,10109996GODOYJ,2025-11-07,110787,1,4,0,129.0
10109996GODOYJ_2025-11-07_G07,10109996GODOYJ,2025-11-07,141456,1,8,0,156.0
10109996GODOYJ_2025-11-07_G08,10109996GODOYJ,2025-11-07,111466,1,9,0,158.0
10109996GODOYJ_2025-11-07_G09,10109996GODOYJ,2025-11-07,109641,1,4,0,157.0
10109996GODOYJ_2025-11-07_G10,10109996GODOYJ,2025-11-07,111442,1,4,0,98.0
10109996GODOYJ_2025-11-07_G11,10109996GODOYJ,2025-11-07,111462,1,20,0,322.0
10109996GODOYJ_2025-11-07_G12,10109996GODOYJ,2025-11-07,111465,1,5,0,119.0
10109996GODOYJ_2025-11-07_G13,10109996GODOYJ,2025-11-07,118299,1,22,0,246.0
10109996GODOYJ_2025-11-07_G14,10109996GODOYJ,2025-11-07,160054,1,30,0,617.0
10109996GODOYJ_2025-11-07_G15,10109996GODOYJ,2025-11-07,160052,1,2,0,335.0
10109996GODOYJ_2025-11-07_G16,10109996GODOYJ,2025-11-07,160051,1,50,0,1151.0
10109996GODOYJ_2025-11-07_G17,10109996GODOYJ,2025-11-07,110372,1,200,0,615.0
10109996GODOYJ_2025-11-07_G18,10109996GODOYJ,2025-11-07,110373,1,100,0,485.0
10109996GODOYJ_2025-11-07_G19,10109996GODOYJ,2025-11-07,110373,2,97,17,338.0
10109996GODOYJ_2025-11-07_G20,10109996GODOYJ,2025-11-07,110373,1,20,0,38.0
10109996GODOYJ_2025-11-07_G22,10109996GODOYJ,2025-11-07,110374,1,55,0,849.0
10109996GODOYJ_2025-11-07_G23,10109996GODOYJ,2025-11-07,110895,1,2,0,309.0
10109996GODOYJ_2025-11-07_G24,10109996GODOYJ,2025-11-07,110313,2,9,9,31.0
10109996GODOYJ_2025-11-07_G25,10109996GODOYJ,2025-11-07,110787,3,6,15,233.0
10109996GODOYJ_2025-11-07_G26,10109996GODOYJ,2025-11-07,110374,1,4,0,162.0
10109996GODOYJ_2025-11-08_G02,10109996GODOYJ,2025-11-08,111441,1,4,0,132.0
10109996GODOYJ_2025-11-08_G03,10109996GODOYJ,2025-11-08,110742,1,4,0,75.0
10109996GODOYJ_2025-11-08_G04,10109996GODOYJ,2025-11-08,160057,1,8,0,492.0
10109996GODOYJ_2025-11-08_G05,10109996GODOYJ,2025-11-08,108711,1,7,0,101.0
10109996GODOYJ_2025-11-08_G06,10109996GODOYJ,2025-11-08,160053,1,4,0,352.0
10109996GODOYJ_2025-11-08_G07,10109996GODOYJ,2025-11-08,160051,1,6,0,667.0
10109996GODOYJ_2025-11-08_G08,10109996GODOYJ,2025-11-08,111120,1,2,0,1120.0
10109996GODOYJ_2025-11-08_G09,10109996GODOYJ,2025-11-08,111120,1,1,0,85.0
10109996GODOYJ_2025-11-08_G10,10109996GODOYJ,2025-11-08,111441,1,2,0,51.0
10109996GODOYJ_2025-11-08_G11,10109996GODOYJ,2025-11-08,118306,1,4,0,55.0
10109996GODOYJ_2025-11-08_G12,10109996GODOYJ,2025-11-08,117834,1,4,0,155.0
10109996GODOYJ_2025-11-08_G13,10109996GODOYJ,2025-11-08,110895,1,30,0,359.0
10109996GODOYJ_2025-11-08_G14,10109996GODOYJ,2025-11-08,107892,2,4,8,212.0
10109996GODOYJ_2025-11-08_G15,10109996GODOYJ,2025-11-08,110733,1,1,0,151.0
10109996GODOYJ_2025-11-08_G16,10109996GODOYJ,2025-11-08,109640,2,10,8,296.0
10109996GODOYJ_2025-11-08_G17,10109996GODOYJ,2025-11-08,111602,1,2,0,119.0
10109996GODOYJ_2025-11-08_G18,10109996GODOYJ,2025-11-08,110339,1,2,0,51.0
10109996GODOYJ_2025-11-08_G19,10109996GODOYJ,2025-11-08,117855,1,20,0,53.0
10109996GODOYJ_2025-11-08_G20,10109996GODOYJ,2025-11-08,110376,1,2,0,822.0
10109996GODOYJ_2025-11-08_G21,10109996GODOYJ,2025-11-08,117809,1,150,0,290.0
10109996GODOYJ_2025-11-08_G22,10109996GODOYJ,2025-11-08,110372,1,4,0,605.0
10109996GODOYJ_2025-11-08_G23,10109996GODOYJ,2025-11-08,110373,1,1,0,127.0
10109996GODOYJ_2025-11-08_G25,10109996GODOYJ,2025-11-08,140923,2,60,13,420.0
10109996GODOYJ_2025-11-08_G26,10109996GODOYJ,2025-11-08,110325,1,1,0,77.0
10109996GODOYJ_2025-11-08_G27,10109996GODOYJ,2025-11-08,141823,1,283,0,1543.0
10109996GODOYJ_2025-11-08_G28,10109996GODOYJ,2025-11-08,111469,1,22,0,527.0
10109996GODOYJ_2025-11-08_G30,10109996GODOYJ,2025-11-08,118140,1,4,0,83.0
10109996GODOYJ_2025-11-08_G31,10109996GODOYJ,2025-11-08,108711,1,4,0,107.0
10109996GODOYJ_2025-11-08_G32,10109996GODOYJ,2025-11-08,110895,1,8,0,241.0
10109996GODOYJ_2025-11-08_G33,10109996GODOYJ,2025-11-08,160054,1,2,0,123.0
10109996GODOYJ_2025-11-08_G34,10109996GODOYJ,2025-11-08,160051,1,4,0,76.0
10109996GODOYJ_2025-11-08_G35,10109996GODOYJ,2025-11-08,105705,1,6,0,643.0
10109996GODOYJ_2025-11-08_G36,10109996GODOYJ,2025-11-08,110373,1,6,0,174.0
10109996GODOYJ_2025-11-08_G37,10109996GODOYJ,2025-11-08,110895,2,8,6,233.0
10109996GODOYJ_2025-11-08_G38,10109996GODOYJ,2025-11-08,111569,1,2,0,206.0
10109996GODOYJ_2025-11-08_G39,10109996GODOYJ,2025-11-08,109640,1,2,0,153.0
10109996GODOYJ_2025-11-08_G40,10109996GODOYJ,2025-11-08,117855,1,4,0,107.0
10109996GODOYJ_2025-11-08_G41,10109996GODOYJ,2025-11-08,117821,1,4,0,160.0
10109996GODOYJ_2025-11-08_G42,10109996GODOYJ,2025-11-08,111466,1,6,0,182.0
10109996GODOYJ_2025-11-08_G43,10109996GODOYJ,2025-11-08,111442,1,4,0,101.0
10109996GODOYJ_2025-11-08_G44,10109996GODOYJ,2025-11-08,117830,1,3,0,167.0
10109996GODOYJ_2025-11-08_G45,10109996GODOYJ,2025-11-08,160051,1,7,0,175.0
10109996GODOYJ_2025-11-08_G46,10109996GODOYJ,2025-11-08,117840,1,4,0,116.0
10109996GODOYJ_2025-11-08_G47,10109996GODOYJ,2025-11-08,110711,1,6,0,355.0
10109996GODOYJ_2025-11-08_G48,10109996GODOYJ,2025-11-08,108711,1,4,0,121.0
10109996GODOYJ_2025-11-08_G49,10109996GODOYJ,2025-11-08,111442,1,4,0,106.0
10109996GODOYJ_2025-11-08_G50,10109996GODOYJ,2025-11-08,110373,1,4,0,82.0
10109996GODOYJ_2025-11-08_G51,10109996GODOYJ,2025-11-08,110750,1,1,0,257.0
10109996GODOYJ_2025-11-08_G52,10109996GODOYJ,2025-11-08,111602,1,8,0,115.0
10109996GODOYJ_2025-11-08_G53,10109996GODOYJ,2025-11-08,117855,1,1,0,98.0
10109996GODOYJ_2025-11-10_G02,10109996GODOYJ,2025-11-10,111430,1,24,0,386.0
10109996GODOYJ_2025-11-10_G03,10109996GODOYJ,2025-11-10,117856,1,30,0,1164.0
10109996GODOYJ_2025-11-10_G04,10109996GODOYJ,2025-11-10,110733,1,20,0,611.0
10109996GODOYJ_2025-11-10_G05,10109996GODOYJ,2025-11-10,111467,1,40,0,1895.0
10109996GODOYJ_2025-11-10_G06,10109996GODOYJ,2025-11-10,140923,1,100,0,136.0
10109996GODOYJ_2025-11-10_G08,10109996GODOYJ,2025-11-10,110895,1,8,0,136.0
10109996GODOYJ_2025-11-10_G09,10109996GODOYJ,2025-11-10,110755,1,9,0,216.0
10109996GODOYJ_2025-11-10_G10,10109996GODOYJ,2025-11-10,111569,1,36,0,616.0
10109996GODOYJ_2025-11-10_G11,10109996GODOYJ,2025-11-10,111439,1,5,0,432.0
10109996GODOYJ_2025-11-10_G12,10109996GODOYJ,2025-11-10,118094,1,5,0,93.0
10109996GODOYJ_2025-11-10_G13,10109996GODOYJ,2025-11-10,109647,1,4,0,72.0
10109996GODOYJ_2025-11-10_G14,10109996GODOYJ,2025-11-10,111530,1,40,0,445.0
10109996GODOYJ_2025-11-10_G15,10109996GODOYJ,2025-11-10,140923,1,24,0,215.0
10109996GODOYJ_2025-11-10_G16,10109996GODOYJ,2025-11-10,117831,1,8,0,677.0
10109996GODOYJ_2025-11-10_G17,10109996GODOYJ,2025-11-10,110740,1,11,0,234.0
10109996GODOYJ_2025-11-10_G18,10109996GODOYJ,2025-11-10,118140,1,8,0,104.0
10109996GODOYJ_2025-11-10_G19,10109996GODOYJ,2025-11-10,111469,1,4,0,311.0
10109996GODOYJ_2025-11-10_G20,10109996GODOYJ,2025-11-10,111466,2,20,8,239.0
10109996GODOYJ_2025-11-10_G21,10109996GODOYJ,2025-11-10,111418,1,47,0,1041.0
10109996GODOYJ_2025-11-10_G22,10109996GODOYJ,2025-11-10,117832,1,6,0,378.0
10109996GODOYJ_2025-11-10_G24,10109996GODOYJ,2025-11-10,117808,1,41,0,408.0
10109996GODOYJ_2025-11-10_G25,10109996GODOYJ,2025-11-10,118299,1,35,0,599.0
10109996GODOYJ_2025-11-10_G26,10109996GODOYJ,2025-11-10,117820,1,34,0,728.0
10109996GODOYJ_2025-11-10_G27,10109996GODOYJ,2025-11-10,110372,1,37,0,974.0
10109996GODOYJ_2025-11-10_G28,10109996GODOYJ,2025-11-10,117835,1,8,0,594.0
10109996GODOYJ_2025-11-10_G29,10109996GODOYJ,2025-11-10,110747,1,2,0,450.0
10109996GODOYJ_2025-11-10_G30,10109996GODOYJ,2025-11-10,111660,1,3,0,136.0
10109996GODOYJ_2025-11-10_G31,10109996GODOYJ,2025-11-10,117834,2,14,10,553.0
10109996GODOYJ_2025-11-10_G32,10109996GODOYJ,2025-11-10,111433,1,4,0,207.0
10109996GODOYJ_2025-11-10_G33,10109996GODOYJ,2025-11-10,117821,1,16,0,212.0
10109996GODOYJ_2025-11-10_G34,10109996GODOYJ,2025-11-10,110740,1,2,0,65.0
10109996GODOYJ_2025-11-10_G35,10109996GODOYJ,2025-11-10,111435,1,9,0,196.0
10109996GODOYJ_2025-11-10_G36,10109996GODOYJ,2025-11-10,116241,1,7,0,192.0
10109996GODOYJ_2025-11-10_G37,10109996GODOYJ,2025-11-10,108711,1,4,0,159.0
10109996GODOYJ_2025-11-10_G38,10109996GODOYJ,2025-11-10,109641,1,2,0,46.0
10109996GODOYJ_2025-11-11_G02,10109996GODOYJ,2025-11-11,118222,1,2,0,112.0
10109996GODOYJ_2025-11-11_G03,10109996GODOYJ,2025-11-11,110740,1,2,0,153.0
10109996GODOYJ_2025-11-11_G04,10109996GODOYJ,2025-11-11,141823,1,2,0,119.0
10109996GODOYJ_2025-11-11_G05,10109996GODOYJ,2025-11-11,118094,1,6,0,271.0
10109996GODOYJ_2025-11-11_G06,10109996GODOYJ,2025-11-11,117862,1,2,0,345.0
10109996GODOYJ_2025-11-11_G07,10109996GODOYJ,2025-11-11,140923,1,2,0,195.0
10109996GODOYJ_2025-11-11_G08,10109996GODOYJ,2025-11-11,117831,1,3,0,211.0
10109996GODOYJ_2025-11-11_G09,10109996GODOYJ,2025-11-11,117808,1,10,0,232.0
10109996GODOYJ_2025-11-11_G10,10109996GODOYJ,2025-11-11,118094,1,4,0,541.0
10109996GODOYJ_2025-11-11_G11,10109996GODOYJ,2025-11-11,108798,1,4,0,186.0
10109996GODOYJ_2025-11-11_G12,10109996GODOYJ,2025-11-11,117809,1,4,0,512.0
10109996GODOYJ_2025-11-11_G13,10109996GODOYJ,2025-11-11,117808,1,1,0,146.0
10109996GODOYJ_2025-11-11_G14,10109996GODOYJ,2025-11-11,110500,1,2,0,613.0
10109996GODOYJ_2025-11-11_G15,10109996GODOYJ,2025-11-11,141916,1,2,0,1373.0
10109996GODOYJ_2025-11-11_G16,10109996GODOYJ,2025-11-11,108772,1,2,0,65.0
10109996GODOYJ_2025-11-11_G17,10109996GODOYJ,2025-11-11,140923,1,4,0,118.0
10109996GODOYJ_2025-11-11_G18,10109996GODOYJ,2025-11-11,110748,1,2,0,147.0
10109996GODOYJ_2025-11-11_G19,10109996GODOYJ,2025-11-11,141457,1,2,0,116.0
10109996GODOYJ_2025-11-11_G20,10109996GODOYJ,2025-11-11,111444,1,4,0,89.0
10109996GODOYJ_2025-11-11_G21,10109996GODOYJ,2025-11-11,117830,1,4,0,255.0
10109996GODOYJ_2025-11-11_G22,10109996GODOYJ,2025-11-11,117808,1,8,0,234.0
10109996GODOYJ_2025-11-11_G23,10109996GODOYJ,2025-11-11,117861,2,5,8,110.0
10109996GODOYJ_2025-11-11_G24,10109996GODOYJ,2025-11-11,117854,1,4,0,769.0
10109996GODOYJ_2025-11-11_G25,10109996GODOYJ,2025-11-11,117861,1,2,0,180.0
10109996GODOYJ_2025-11-11_G26,10109996GODOYJ,2025-11-11,117861,1,12,0,213.0
10109996GODOYJ_2025-11-11_G27,10109996GODOYJ,2025-11-11,109647,1,3,0,1020.0
10109996GODOYJ_2025-11-11_G28,10109996GODOYJ,2025-11-11,117837,1,4,0,149.0
10109996GODOYJ_2025-11-11_G29,10109996GODOYJ,2025-11-11,117853,1,2,0,108.0
10109996GODOYJ_2025-11-11_G30,10109996GODOYJ,2025-11-11,110711,1,2,0,81.0
10109996GODOYJ_2025-11-11_G31,10109996GODOYJ,2025-11-11,140923,1,3,0,170.0
10109996GODOYJ_2025-11-11_G32,10109996GODOYJ,2025-11-11,111602,2,10,15,142.0
10109996GODOYJ_2025-11-11_G33,10109996GODOYJ,2025-11-11,111172,1,4,0,406.0
10109996GODOYJ_2025-11-11_G34,10109996GODOYJ,2025-11-11,105705,1,6,0,351.0
10109996GODOYJ_2025-11-11_G35,10109996GODOYJ,2025-11-11,111433,1,4,0,105.0
10109996GODOYJ_2025-11-11_G36,10109996GODOYJ,2025-11-11,109645,1,2,0,64.0
10109996GODOYJ_2025-11-11_G37,10109996GODOYJ,2025-11-11,110745,1,2,0,113.0
10109996GODOYJ_2025-11-11_G38,10109996GODOYJ,2025-11-11,111469,1,12,0,301.0
10109996GODOYJ_2025-11-11_G39,10109996GODOYJ,2025-11-11,111463,2,22,24,387.0
10109996GODOYJ_2025-11-11_G40,10109996GODOYJ,2025-11-11,111532,1,4,0,711.0
10109996GODOYJ_2025-11-11_G41,10109996GODOYJ,2025-11-11,110373,1,2,0,167.0
10109996GODOYJ_2025-11-11_G42,10109996GODOYJ,2025-11-11,117820,1,2,0,246.0
10109996GODOYJ_2025-11-11_G43,10109996GODOYJ,2025-11-11,117808,1,3,0,145.0
10109996GODOYJ_2025-11-11_G44,10109996GODOYJ,2025-11-11,118299,1,6,0,100.0
10109996GODOYJ_2025-11-11_G45,10109996GODOYJ,2025-11-11,110895,1,3,0,370.0
10109996GODOYJ_2025-11-11_G46,10109996GODOYJ,2025-11-11,118094,1,1,0,177.0
10109996GODOYJ_2025-11-11_G47,10109996GODOYJ,2025-11-11,117862,1,4,0,138.0
10109996GODOYJ_2025-11-11_G48,10109996GODOYJ,2025-11-11,110733,1,4,0,121.0
10109996GODOYJ_2025-11-11_G49,10109996GODOYJ,2025-11-11,117786,1,4,0,100.0
10109996GODOYJ_2025-11-11_G50,10109996GODOYJ,2025-11-11,108772,1,2,0,223.0
10109996GODOYJ_2025-11-11_G51,10109996GODOYJ,2025-11-11,111467,1,4,0,213.0
10109996GODOYJ_2025-11-11_G52,10109996GODOYJ,2025-11-11,140923,1,2,0,131.0
10109996GODOYJ_2025-11-11_G53,10109996GODOYJ,2025-11-11,110740,2,4,8,114.0
10109996GODOYJ_2025-11-11_G54,10109996GODOYJ,2025-11-11,141457,1,2,0,100.0
10109996GODOYJ_2025-11-11_G55,10109996GODOYJ,2025-11-11,"141456, 108794",2,4,29,115.0
10109996GODOYJ_2025-11-11_G56,10109996GODOYJ,2025-11-11,117833,1,2,0,83.0
10109996GODOYJ_2025-11-11_G57,10109996GODOYJ,2025-11-11,111743,1,2,0,91.0
10109996GODOYJ_2025-11-11_G58,10109996GODOYJ,2025-11-11,141458,1,2,0,81.0
10109996GODOYJ_2025-11-11_G59,10109996GODOYJ,2025-11-11,117820,1,2,0,284.0
10109996GODOYJ_2025-11-11_G60,10109996GODOYJ,2025-11-11,117830,1,4,0,64.0
10109996GODOYJ_2025-11-11_G61,10109996GODOYJ,2025-11-11,110313,1,7,0,218.0
10109996GODOYJ_2025-11-11_G62,10109996GODOYJ,2025-11-11,117861,1,16,0,253.0
10109996GODOYJ_2025-11-11_G64,10109996GODOYJ,2025-11-11,117830,1,20,0,384.0
10109996GODOYJ_2025-11-11_G65,10109996GODOYJ,2025-11-11,117840,1,6,0,69.0
10109996GODOYJ_2025-11-11_G66,10109996GODOYJ,2025-11-11,117808,1,600,0,1462.0
10109996GODOYJ_2025-11-11_G67,10109996GODOYJ,2025-11-11,110376,1,8,0,153.0
10109996GODOYJ_2025-11-11_G68,10109996GODOYJ,2025-11-11,117822,1,6,0,79.0
10109996GODOYJ_2025-11-11_G69,10109996GODOYJ,2025-11-11,110373,1,100,0,354.0
10109996GODOYJ_2025-11-11_G70,10109996GODOYJ,2025-11-11,118299,1,80,0,551.0
10109996GODOYJ_2025-11-11_G71,10109996GODOYJ,2025-11-11,110371,2,96,7,251.0
10109996GODOYJ_2025-11-11_G72,10109996GODOYJ,2025-11-11,110374,1,30,0,367.0
10109996GODOYJ_2025-11-11_G73,10109996GODOYJ,2025-11-11,117820,1,50,0,396.0
10109996GODOYJ_2025-11-12_G02,10109996GODOYJ,2025-11-12,100963,1,2,0,80.0
10109996GODOYJ_2025-11-12_G03,10109996GODOYJ,2025-11-12,117786,1,1,0,440.0
10109996GODOYJ_2025-11-12_G04,10109996GODOYJ,2025-11-12,105705,1,10,0,188.0
10109996GODOYJ_2025-11-12_G05,10109996GODOYJ,2025-11-12,108759,1,10,0,1061.0
10109996GODOYJ_2025-11-12_G06,10109996GODOYJ,2025-11-12,110895,1,9,0,374.0
10109996GODOYJ_2025-11-12_G07,10109996GODOYJ,2025-11-12,117789,1,4,0,76.0
10109996GODOYJ_2025-11-12_G08,10109996GODOYJ,2025-11-12,117861,1,8,0,1036.0
10109996GODOYJ_2025-11-12_G09,10109996GODOYJ,2025-11-12,108772,1,6,0,234.0
10109996GODOYJ_2025-11-12_G10,10109996GODOYJ,2025-11-12,110747,1,4,0,210.0
10109996GODOYJ_2025-11-12_G11,10109996GODOYJ,2025-11-12,118299,1,108,0,486.0
10109996GODOYJ_2025-11-12_G12,10109996GODOYJ,2025-11-12,110373,1,22,0,73.0
10109996GODOYJ_2025-11-12_G13,10109996GODOYJ,2025-11-12,117830,1,37,0,631.0
10109996GODOYJ_2025-11-12_G14,10109996GODOYJ,2025-11-12,117821,1,8,0,153.0
10109996GODOYJ_2025-11-12_G15,10109996GODOYJ,2025-11-12,108798,1,6,0,198.0
10109996GODOYJ_2025-11-12_G16,10109996GODOYJ,2025-11-12,111468,1,6,0,150.0
10109996GODOYJ_2025-11-12_G17,10109996GODOYJ,2025-11-12,117837,1,24,0,232.0
10109996GODOYJ_2025-11-12_G18,10109996GODOYJ,2025-11-12,117833,1,18,0,331.0
10109996GODOYJ_2025-11-12_G19,10109996GODOYJ,2025-11-12,117785,1,4,0,181.0
10109996GODOYJ_2025-11-12_G20,10109996GODOYJ,2025-11-12,111465,1,4,0,116.0
10109996GODOYJ_2025-11-12_G21,10109996GODOYJ,2025-11-12,111348,1,8,0,76.0
10109996GODOYJ_2025-11-12_G22,10109996GODOYJ,2025-11-12,118299,1,12,0,2015.0
10109996GODOYJ_2025-11-12_G23,10109996GODOYJ,2025-11-12,118299,1,3,0,118.0
10109996GODOYJ_2025-11-12_G24,10109996GODOYJ,2025-11-12,141916,1,1,0,80.0
10109996GODOYJ_2025-11-12_G25,10109996GODOYJ,2025-11-12,140911,1,2,0,267.0
10109996GODOYJ_2025-11-12_G26,10109996GODOYJ,2025-11-12,140911,1,2,0,74.0
10109996GODOYJ_2025-11-12_G27,10109996GODOYJ,2025-11-12,140911,1,2,0,56.0
10109996GODOYJ_2025-11-12_G28,10109996GODOYJ,2025-11-12,111879,1,2,0,613.0
10109996GODOYJ_2025-11-12_G29,10109996GODOYJ,2025-11-12,117861,1,4,0,205.0
10109996GODOYJ_2025-11-12_G30,10109996GODOYJ,2025-11-12,110733,1,1,0,51.0
10109996GODOYJ_2025-11-12_G31,10109996GODOYJ,2025-11-12,117856,1,6,0,111.0
10109996GODOYJ_2025-11-12_G32,10109996GODOYJ,2025-11-12,111353,1,4,0,179.0
10109996GODOYJ_2025-11-12_G33,10109996GODOYJ,2025-11-12,117862,1,6,0,102.0
10109996GODOYJ_2025-11-12_G34,10109996GODOYJ,2025-11-12,111602,1,1,0,142.0
10109996GODOYJ_2025-11-12_G35,10109996GODOYJ,2025-11-12,"118298, 117861",2,6,15,623.0
10109996GODOYJ_2025-11-12_G36,10109996GODOYJ,2025-11-12,117786,1,4,0,83.0
10109996GODOYJ_2025-11-12_G37,10109996GODOYJ,2025-11-12,117862,1,2,0,256.0
10109996GODOYJ_2025-11-12_G38,10109996GODOYJ,2025-11-12,111467,1,4,0,87.0
10109996GODOYJ_2025-11-12_G39,10109996GODOYJ,2025-11-12,110129,1,4,0,227.0
10109996GODOYJ_2025-11-12_G40,10109996GODOYJ,2025-11-12,109645,1,4,0,148.0
10109996GODOYJ_2025-11-12_G41,10109996GODOYJ,2025-11-12,141456,1,8,0,151.0
10109996GODOYJ_2025-11-12_G42,10109996GODOYJ,2025-11-12,111444,1,4,0,123.0
10109996GODOYJ_2025-11-12_G43,10109996GODOYJ,2025-11-12,111743,1,2,0,35.0
10109996GODOYJ_2025-11-12_G44,10109996GODOYJ,2025-11-12,110373,1,4,0,134.0
10109996GODOYJ_2025-11-12_G45,10109996GODOYJ,2025-11-12,117808,1,4,0,213.0
10109996GODOYJ_2025-11-12_G46,10109996GODOYJ,2025-11-12,117820,1,14,0,181.0
10109996GODOYJ_2025-11-12_G47,10109996GODOYJ,2025-11-12,118299,1,26,0,381.0
10109996GODOYJ_2025-11-12_G49,10109996GODOYJ,2025-11-12,118094,1,4,0,88.0
10109996GODOYJ_2025-11-12_G50,10109996GODOYJ,2025-11-12,118298,1,2,0,133.0
10109996GODOYJ_2025-11-12_G51,10109996GODOYJ,2025-11-12,117861,1,4,0,72.0
10109996GODOYJ_2025-11-12_G52,10109996GODOYJ,2025-11-12,117786,1,7,0,128.0
10109996GODOYJ_2025-11-12_G53,10109996GODOYJ,2025-11-12,110129,1,1,0,102.0
10109996GODOYJ_2025-11-12_G54,10109996GODOYJ,2025-11-12,105705,1,3,0,120.0
10109996GODOYJ_2025-11-12_G55,10109996GODOYJ,2025-11-12,117821,1,2,0,84.0
10109996GODOYJ_2025-11-12_G56,10109996GODOYJ,2025-11-12,140922,1,4,0,206.0
10109996GODOYJ_2025-11-12_G57,10109996GODOYJ,2025-11-12,141456,1,10,0,314.0
10109996GODOYJ_2025-11-12_G58,10109996GODOYJ,2025-11-12,141457,1,6,0,117.0
10109996GODOYJ_2025-11-12_G59,10109996GODOYJ,2025-11-12,111444,1,1,0,61.0
10109996GODOYJ_2025-11-12_G60,10109996GODOYJ,2025-11-12,141823,1,1,0,151.0
10109996GODOYJ_2025-11-12_G61,10109996GODOYJ,2025-11-12,110623,1,4,0,905.0
10109996GODOYJ_2025-11-12_G62,10109996GODOYJ,2025-11-12,117786,1,4,0,82.0
10109996GODOYJ_2025-11-12_G63,10109996GODOYJ,2025-11-12,110372,1,10,0,354.0
10109996GODOYJ_2025-11-12_G64,10109996GODOYJ,2025-11-12,140911,1,3,0,108.0
10109996GODOYJ_2025-11-12_G65,10109996GODOYJ,2025-11-12,109933,1,4,0,2067.0
10109996GODOYJ_2025-11-12_G66,10109996GODOYJ,2025-11-12,111172,1,1,0,137.0
10109996GODOYJ_2025-11-12_G67,10109996GODOYJ,2025-11-12,"110740, 111463",3,15,38,92.0
10109996GODOYJ_2025-11-14_G02,10109996GODOYJ,2025-11-14,105705,1,1,0,379.0
10109996GODOYJ_2025-11-14_G03,10109996GODOYJ,2025-11-14,109645,1,1,0,74.0
10109996GODOYJ_2025-11-14_G04,10109996GODOYJ,2025-11-14,117821,1,4,0,82.0
10109996GODOYJ_2025-11-14_G05,10109996GODOYJ,2025-11-14,108795,1,2,0,62.0
10109996GODOYJ_2025-11-14_G06,10109996GODOYJ,2025-11-14,110745,1,2,0,70.0
10109996GODOYJ_2025-11-14_G07,10109996GODOYJ,2025-11-14,108798,1,8,0,169.0
10109996GODOYJ_2025-11-14_G08,10109996GODOYJ,2025-11-14,110743,1,5,0,95.0
10109996GODOYJ_2025-11-14_G09,10109996GODOYJ,2025-11-14,118140,1,6,0,1074.0
10109996GODOYJ_2025-11-14_G10,10109996GODOYJ,2025-11-14,141823,1,8,0,228.0
10109996GODOYJ_2025-11-14_G11,10109996GODOYJ,2025-11-14,109643,1,4,0,340.0
10109996GODOYJ_2025-11-14_G12,10109996GODOYJ,2025-11-14,117809,1,6,0,144.0
10109996GODOYJ_2025-11-14_G13,10109996GODOYJ,2025-11-14,117832,1,4,0,106.0
10109996GODOYJ_2025-11-14_G14,10109996GODOYJ,2025-11-14,141202,1,6,0,182.0
10109996GODOYJ_2025-11-14_G15,10109996GODOYJ,2025-11-14,141456,1,5,0,281.0
10109996GODOYJ_2025-11-14_G16,10109996GODOYJ,2025-11-14,117820,1,10,0,203.0
10109996GODOYJ_2025-11-14_G17,10109996GODOYJ,2025-11-14,110373,1,8,0,407.0
10109996GODOYJ_2025-11-14_G18,10109996GODOYJ,2025-11-14,110740,1,8,0,174.0
10109996GODOYJ_2025-11-14_G19,10109996GODOYJ,2025-11-14,110740,1,4,0,56.0
10109996GODOYJ_2025-11-14_G20,10109996GODOYJ,2025-11-14,141457,1,1,0,110.0
10109996GODOYJ_2025-11-14_G21,10109996GODOYJ,2025-11-14,117820,1,4,0,189.0
10109996GODOYJ_2025-11-14_G22,10109996GODOYJ,2025-11-14,110787,1,4,0,263.0
10109996GODOYJ_2025-11-14_G23,10109996GODOYJ,2025-11-14,118418,1,1,0,1392.0
10109996GODOYJ_2025-11-14_G24,10109996GODOYJ,2025-11-14,118280,1,15,0,296.0
10109996GODOYJ_2025-11-14_G25,10109996GODOYJ,2025-11-14,111112,1,2,0,229.0
10109996GODOYJ_2025-11-14_G26,10109996GODOYJ,2025-11-14,111441,1,10,0,342.0
10109996GODOYJ_2025-11-14_G27,10109996GODOYJ,2025-11-14,115821,1,4,0,720.0
10109996GODOYJ_2025-11-14_G28,10109996GODOYJ,2025-11-14,118222,1,82,0,1267.0
10109996GODOYJ_2025-11-14_G29,10109996GODOYJ,2025-11-14,117856,1,80,0,569.0
10109996GODOYJ_2025-11-14_G30,10109996GODOYJ,2025-11-14,117786,1,82,0,736.0
10109996GODOYJ_2025-11-14_G31,10109996GODOYJ,2025-11-14,141457,1,75,0,1514.0
10109996GODOYJ_2025-11-14_G32,10109996GODOYJ,2025-11-14,111465,1,15,0,147.0
10109996GODOYJ_2025-11-14_G33,10109996GODOYJ,2025-11-14,107892,1,17,0,2853.0
10109996GODOYJ_2025-11-14_G34,10109996GODOYJ,2025-11-14,111569,1,10,0,372.0
10109996GODOYJ_2025-11-14_G35,10109996GODOYJ,2025-11-14,108759,1,15,0,973.0
10109996GODOYJ_2025-11-14_G36,10109996GODOYJ,2025-11-14,118283,1,16,0,291.0
10109996GODOYJ_2025-11-14_G37,10109996GODOYJ,2025-11-14,118298,1,19,0,164.0
10109996GODOYJ_2025-11-14_G38,10109996GODOYJ,2025-11-14,140923,1,150,0,188.0
10109996GODOYJ_2025-11-14_G39,10109996GODOYJ,2025-11-14,141066,1,10,0,323.0
10109996GODOYJ_2025-11-14_G40,10109996GODOYJ,2025-11-14,118094,1,49,0,145.0
10109996GODOYJ_2025-11-14_G41,10109996GODOYJ,2025-11-14,110339,1,14,0,346.0
10109996GODOYJ_2025-11-14_G42,10109996GODOYJ,2025-11-14,118285,1,12,0,212.0
10109996GODOYJ_2025-11-14_G43,10109996GODOYJ,2025-11-14,111330,1,7,0,194.0
10109996GODOYJ_2025-11-14_G44,10109996GODOYJ,2025-11-14,110743,1,12,0,122.0
10109996GODOYJ_2025-11-14_G45,10109996GODOYJ,2025-11-14,118279,1,2,0,590.0
10109996GODOYJ_2025-11-14_G46,10109996GODOYJ,2025-11-14,118271,1,8,0,96.0
10109996GODOYJ_2025-11-14_G47,10109996GODOYJ,2025-11-14,117820,1,235,0,174.0
10109996GODOYJ_2025-11-14_G48,10109996GODOYJ,2025-11-14,110373,1,12,0,278.0
10109996GODOYJ_2025-11-14_G49,10109996GODOYJ,2025-11-14,110375,1,16,0,143.0
10109996GODOYJ_2025-11-14_G50,10109996GODOYJ,2025-11-14,118281,1,18,0,217.0
10109996GODOYJ_2025-11-14_G52,10109996GODOYJ,2025-11-14,117832,1,54,0,545.0
10109996GODOYJ_2025-11-14_G53,10109996GODOYJ,2025-11-14,141823,1,19,0,812.0
10109996GODOYJ_2025-11-14_G54,10109996GODOYJ,2025-11-14,117787,1,33,0,343.0
10109996GODOYJ_2025-11-14_G55,10109996GODOYJ,2025-11-14,118330,1,14,0,293.0
10109996GODOYJ_2025-11-15_G02,10109996GODOYJ,2025-11-15,118306,1,2,0,126.0
10109996GODOYJ_2025-11-15_G03,10109996GODOYJ,2025-11-15,110755,1,3,0,126.0
10109996GODOYJ_2025-11-15_G04,10109996GODOYJ,2025-11-15,141916,1,3,0,103.0
10109996GODOYJ_2025-11-15_G05,10109996GODOYJ,2025-11-15,111569,1,5,0,119.0
10109996GODOYJ_2025-11-15_G06,10109996GODOYJ,2025-11-15,117809,2,12,7,149.0
10109996GODOYJ_2025-11-15_G07,10109996GODOYJ,2025-11-15,117820,1,10,0,84.0
10109996GODOYJ_2025-11-15_G08,10109996GODOYJ,2025-11-15,117830,1,12,0,237.0
10109996GODOYJ_2025-11-15_G09,10109996GODOYJ,2025-11-15,117840,1,2,0,101.0
10109996GODOYJ_2025-11-15_G10,10109996GODOYJ,2025-11-15,110375,1,8,0,152.0
10109996GODOYJ_2025-11-15_G11,10109996GODOYJ,2025-11-15,117832,1,4,0,64.0
10109996GODOYJ_2025-11-15_G12,10109996GODOYJ,2025-11-15,117822,1,6,0,147.0
10109996GODOYJ_2025-11-15_G13,10109996GODOYJ,2025-11-15,110373,1,30,0,349.0
10109996GODOYJ_2025-11-15_G14,10109996GODOYJ,2025-11-15,111430,1,7,0,1556.0
10109996GODOYJ_2025-11-15_G15,10109996GODOYJ,2025-11-15,111441,1,12,0,191.0
10109996GODOYJ_2025-11-15_G16,10109996GODOYJ,2025-11-15,110746,1,2,0,32.0
10109996GODOYJ_2025-11-15_G17,10109996GODOYJ,2025-11-15,110755,1,6,0,125.0
10109996GODOYJ_2025-11-15_G18,10109996GODOYJ,2025-11-15,"110895, 116527",2,7,29,302.0
10109996GODOYJ_2025-11-15_G19,10109996GODOYJ,2025-11-15,"118222, 111660",2,26,28,406.0
10109996GODOYJ_2025-11-15_G20,10109996GODOYJ,2025-11-15,111569,1,6,0,491.0
10109996GODOYJ_2025-11-15_G21,10109996GODOYJ,2025-11-15,110339,1,6,0,113.0
10109996GODOYJ_2025-11-15_G22,10109996GODOYJ,2025-11-15,110313,1,1,0,235.0
10109996GODOYJ_2025-11-15_G23,10109996GODOYJ,2025-11-15,108701,1,4,0,63.0
10109996GODOYJ_2025-11-15_G24,10109996GODOYJ,2025-11-15,"111439, 111876",2,6,30,249.0
10109996GODOYJ_2025-11-15_G25,10109996GODOYJ,2025-11-15,110733,1,4,0,159.0
10109996GODOYJ_2025-11-15_G26,10109996GODOYJ,2025-11-15,117856,1,6,0,119.0
10109996GODOYJ_2025-11-15_G27,10109996GODOYJ,2025-11-15,109640,1,6,0,233.0
10109996GODOYJ_2025-11-15_G28,10109996GODOYJ,2025-11-15,"141352, 140923",2,13,26,195.0
10109996GODOYJ_2025-11-15_G29,10109996GODOYJ,2025-11-15,110752,1,4,0,38.0
10109996GODOYJ_2025-11-15_G30,10109996GODOYJ,2025-11-15,108759,1,10,0,1414.0
10109996GODOYJ_2025-11-15_G31,10109996GODOYJ,2025-11-15,111441,1,9,0,583.0
10109996GODOYJ_2025-11-15_G32,10109996GODOYJ,2025-11-15,117854,1,7,0,300.0
10109996GODOYJ_2025-11-15_G33,10109996GODOYJ,2025-11-15,111469,1,2,0,253.0
10109996GODOYJ_2025-11-15_G34,10109996GODOYJ,2025-11-15,109640,1,25,0,533.0
10109996GODOYJ_2025-11-15_G35,10109996GODOYJ,2025-11-15,111172,1,17,0,1238.0
10109996GODOYJ_2025-11-15_G36,10109996GODOYJ,2025-11-15,118317,1,22,0,290.0
10109996GODOYJ_2025-11-15_G37,10109996GODOYJ,2025-11-15,141047,1,11,0,388.0
10109996GODOYJ_2025-11-17_G02,10109996GODOYJ,2025-11-17,110623,1,6,0,236.0
10109996GODOYJ_2025-11-17_G03,10109996GODOYJ,2025-11-17,108759,1,3,0,141.0
10109996GODOYJ_2025-11-17_G04,10109996GODOYJ,2025-11-17,110895,1,4,0,168.0
10109996GODOYJ_2025-11-17_G05,10109996GODOYJ,2025-11-17,110313,1,10,0,182.0
10109996GODOYJ_2025-11-17_G06,10109996GODOYJ,2025-11-17,110313,1,10,0,140.0
10109996GODOYJ_2025-11-17_G07,10109996GODOYJ,2025-11-17,110741,1,4,0,117.0
10109996GODOYJ_2025-11-17_G08,10109996GODOYJ,2025-11-17,110741,1,6,0,231.0
10109996GODOYJ_2025-11-17_G09,10109996GODOYJ,2025-11-17,111876,2,8,9,249.0
10109996GODOYJ_2025-11-17_G10,10109996GODOYJ,2025-11-17,117861,1,10,0,171.0
10109996GODOYJ_2025-11-17_G11,10109996GODOYJ,2025-11-17,111530,1,2,0,73.0
10109996GODOYJ_2025-11-17_G12,10109996GODOYJ,2025-11-17,117853,1,10,0,186.0
10109996GODOYJ_2025-11-17_G13,10109996GODOYJ,2025-11-17,117786,1,40,0,400.0
10109996GODOYJ_2025-11-17_G14,10109996GODOYJ,2025-11-17,107629,1,7,0,322.0
10109996GODOYJ_2025-11-17_G15,10109996GODOYJ,2025-11-17,109640,1,15,0,209.0
10109996GODOYJ_2025-11-17_G16,10109996GODOYJ,2025-11-17,110711,1,6,0,994.0
10109996GODOYJ_2025-11-17_G17,10109996GODOYJ,2025-11-17,117862,1,30,0,371.0
10109996GODOYJ_2025-11-17_G18,10109996GODOYJ,2025-11-17,111467,1,10,0,510.0
10109996GODOYJ_2025-11-17_G19,10109996GODOYJ,2025-11-17,111602,1,40,0,507.0
10109996GODOYJ_2025-11-17_G20,10109996GODOYJ,2025-11-17,141047,1,7,0,1331.0
10109996GODOYJ_2025-11-17_G22,10109996GODOYJ,2025-11-17,118306,2,7,7,316.0
10109996GODOYJ_2025-11-17_G23,10109996GODOYJ,2025-11-17,110747,1,8,0,233.0
10109996GODOYJ_2025-11-17_G24,10109996GODOYJ,2025-11-17,111569,1,6,0,107.0
10109996GODOYJ_2025-11-17_G25,10109996GODOYJ,2025-11-17,118222,2,19,8,422.0
10109996GODOYJ_2025-11-17_G26,10109996GODOYJ,2025-11-17,110313,1,14,0,1936.0
10109996GODOYJ_2025-11-17_G27,10109996GODOYJ,2025-11-17,111876,1,6,0,168.0
10109996GODOYJ_2025-11-17_G28,10109996GODOYJ,2025-11-17,117965,1,7,0,167.0
10109996GODOYJ_2025-11-17_G29,10109996GODOYJ,2025-11-17,108772,2,5,8,242.0
10109996GODOYJ_2025-11-18_G02,10109996GODOYJ,2025-11-18,109640,1,20,0,904.0
10109996GODOYJ_2025-11-18_G03,10109996GODOYJ,2025-11-18,110373,1,297,0,1423.0
10109996GODOYJ_2025-11-18_G04,10109996GODOYJ,2025-11-18,117830,1,49,0,790.0
10109996GODOYJ_2025-11-19_G02,10109996GODOYJ,2025-11-19,111182,1,2,0,83.0
10109996GODOYJ_2025-11-19_G03,10109996GODOYJ,2025-11-19,117830,1,2,0,228.0
10109996GODOYJ_2025-11-19_G04,10109996GODOYJ,2025-11-19,110371,1,2,0,139.0
10109996GODOYJ_2025-11-19_G05,10109996GODOYJ,2025-11-19,111182,1,6,0,196.0
10109996GODOYJ_2025-11-19_G06,10109996GODOYJ,2025-11-19,109640,1,8,0,449.0
10109996GODOYJ_2025-11-19_G07,10109996GODOYJ,2025-11-19,141456,1,4,0,86.0
10109996GODOYJ_2025-11-19_G08,10109996GODOYJ,2025-11-19,109643,1,2,0,140.0
10109996GODOYJ_2025-11-19_G09,10109996GODOYJ,2025-11-19,110373,1,2,0,184.0
10109996GODOYJ_2025-11-19_G10,10109996GODOYJ,2025-11-19,111354,1,1,0,253.0
10109996GODOYJ_2025-11-19_G11,10109996GODOYJ,2025-11-19,110733,1,4,0,316.0
10109996GODOYJ_2025-11-19_G12,10109996GODOYJ,2025-11-19,108772,1,4,0,174.0
10109996GODOYJ_2025-11-19_G13,10109996GODOYJ,2025-11-19,141456,1,4,0,120.0
10109996GODOYJ_2025-11-19_G14,10109996GODOYJ,2025-11-19,111348,1,2,0,59.0
10109996GODOYJ_2025-11-19_G15,10109996GODOYJ,2025-11-19,118317,1,6,0,448.0
10109996GODOYJ_2025-11-19_G16,10109996GODOYJ,2025-11-19,117820,1,30,0,823.0
10109996GODOYJ_2025-11-19_G17,10109996GODOYJ,2025-11-19,160052,1,2,0,67.0
10109996GODOYJ_2025-11-19_G18,10109996GODOYJ,2025-11-19,141456,1,4,0,163.0
10109996GODOYJ_2025-11-19_G19,10109996GODOYJ,2025-11-19,111182,1,6,0,230.0
10109996GODOYJ_2025-11-19_G20,10109996GODOYJ,2025-11-19,110371,1,50,0,626.0
10109996GODOYJ_2025-11-19_G21,10109996GODOYJ,2025-11-19,117809,1,52,0,2592.0
10109996GODOYJ_2025-11-19_G22,10109996GODOYJ,2025-11-19,"109640, 110733",2,32,25,1338.0
10109996GODOYJ_2025-11-19_G23,10109996GODOYJ,2025-11-19,117854,1,1,0,731.0
10109996GODOYJ_2025-11-19_G24,10109996GODOYJ,2025-11-19,118222,1,34,0,583.0
10109996GODOYJ_2025-11-19_G25,10109996GODOYJ,2025-11-19,111850,1,25,0,712.0
10109996GODOYJ_2025-11-19_G26,10109996GODOYJ,2025-11-19,111833,1,2,0,415.0
10109996GODOYJ_2025-11-19_G27,10109996GODOYJ,2025-11-19,110756,1,17,0,324.0
10109996GODOYJ_2025-11-19_G28,10109996GODOYJ,2025-11-19,141047,1,5,0,98.0
10109996GODOYJ_2025-11-19_G29,10109996GODOYJ,2025-11-19,117854,2,2,14,342.0
10109996GODOYJ_2025-11-19_G30,10109996GODOYJ,2025-11-19,117861,1,53,0,1410.0
10109996GODOYJ_2025-11-19_G31,10109996GODOYJ,2025-11-19,141047,1,35,0,964.0
10109996GODOYJ_2025-11-19_G33,10109996GODOYJ,2025-11-19,117788,1,7,0,162.0
10109996GODOYJ_2025-11-19_G34,10109996GODOYJ,2025-11-19,117788,1,7,0,76.0
10109996GODOYJ_2025-11-19_G35,10109996GODOYJ,2025-11-19,140957,1,8,0,51.0
10109996GODOYJ_2025-11-19_G36,10109996GODOYJ,2025-11-19,117837,2,10,10,93.0
10109996GODOYJ_2025-11-19_G37,10109996GODOYJ,2025-11-19,107629,1,4,0,420.0
10109996GODOYJ_2025-11-19_G38,10109996GODOYJ,2025-11-19,117856,1,7,0,91.0
10109996GODOYJ_2025-11-19_G39,10109996GODOYJ,2025-11-19,117856,1,13,0,560.0
10109996GODOYJ_2025-11-19_G40,10109996GODOYJ,2025-11-19,141456,1,12,0,793.0
10109996GODOYJ_2025-11-19_G41,10109996GODOYJ,2025-11-19,110751,1,4,0,255.0
10109996GODOYJ_2025-11-19_G42,10109996GODOYJ,2025-11-19,110740,1,12,0,222.0
10109996GODOYJ_2025-11-19_G43,10109996GODOYJ,2025-11-19,110740,1,10,0,100.0
10109996GODOYJ_2025-11-19_G44,10109996GODOYJ,2025-11-19,140922,2,22,8,133.0
10109996GODOYJ_2025-11-19_G45,10109996GODOYJ,2025-11-19,108711,1,4,0,133.0
10109996GODOYJ_2025-11-19_G46,10109996GODOYJ,2025-11-19,117787,1,8,0,174.0
10109996GODOYJ_2025-11-19_G47,10109996GODOYJ,2025-11-19,117787,1,8,0,399.0
10109996GODOYJ_2025-11-19_G48,10109996GODOYJ,2025-11-19,117785,1,4,0,657.0
10109996GODOYJ_2025-11-19_G49,10109996GODOYJ,2025-11-19,141456,1,16,0,641.0
10109996GODOYJ_2025-11-21_G02,10109996GODOYJ,2025-11-21,111469,1,8,0,158.0
10109996GODOYJ_2025-11-21_G03,10109996GODOYJ,2025-11-21,117821,1,3,0,130.0
10109996GODOYJ_2025-11-21_G04,10109996GODOYJ,2025-11-21,110375,1,8,0,268.0
10109996GODOYJ_2025-11-21_G05,10109996GODOYJ,2025-11-21,117808,1,24,0,260.0
10109996GODOYJ_2025-11-21_G06,10109996GODOYJ,2025-11-21,111569,1,8,0,452.0
10109996GODOYJ_2025-11-21_G07,10109996GODOYJ,2025-11-21,107629,1,8,0,195.0
10109996GODOYJ_2025-11-21_G08,10109996GODOYJ,2025-11-21,110787,1,9,0,207.0
10109996GODOYJ_2025-11-21_G09,10109996GODOYJ,2025-11-21,117820,1,10,0,115.0
10109996GODOYJ_2025-11-21_G10,10109996GODOYJ,2025-11-21,117808,1,20,0,318.0
10109996GODOYJ_2025-11-21_G11,10109996GODOYJ,2025-11-21,110740,1,12,0,388.0
10109996GODOYJ_2025-11-21_G12,10109996GODOYJ,2025-11-21,141047,1,4,0,376.0
10109996GODOYJ_2025-11-21_G13,10109996GODOYJ,2025-11-21,110787,1,6,0,139.0
10109996GODOYJ_2025-11-21_G14,10109996GODOYJ,2025-11-21,111330,1,2,0,103.0
10109996GODOYJ_2025-11-21_G15,10109996GODOYJ,2025-11-21,118094,1,8,0,1382.0
10109996GODOYJ_2025-11-21_G16,10109996GODOYJ,2025-11-21,108798,1,16,0,579.0
10109996GODOYJ_2025-11-21_G17,10109996GODOYJ,2025-11-21,111463,1,4,0,155.0
10109996GODOYJ_2025-11-21_G18,10109996GODOYJ,2025-11-21,111469,1,4,0,273.0
10109996GODOYJ_2025-11-21_G19,10109996GODOYJ,2025-11-21,109640,1,6,0,241.0
10109996GODOYJ_2025-11-21_G20,10109996GODOYJ,2025-11-21,110500,1,2,0,424.0
10109996GODOYJ_2025-11-21_G21,10109996GODOYJ,2025-11-21,118353,1,1,0,285.0
10109996GODOYJ_2025-11-21_G22,10109996GODOYJ,2025-11-21,111463,1,6,0,713.0
10109996GODOYJ_2025-11-21_G23,10109996GODOYJ,2025-11-21,110787,1,1,0,161.0
10109996GODOYJ_2025-11-21_G24,10109996GODOYJ,2025-11-21,111463,1,2,0,147.0
10109996GODOYJ_2025-11-21_G25,10109996GODOYJ,2025-11-21,111182,1,4,0,187.0
10109996GODOYJ_2025-11-21_G26,10109996GODOYJ,2025-11-21,111182,1,6,0,128.0
10109996GODOYJ_2025-11-21_G27,10109996GODOYJ,2025-11-21,109640,1,4,0,126.0
10109996GODOYJ_2025-11-21_G28,10109996GODOYJ,2025-11-21,111850,1,2,0,224.0
10109996GODOYJ_2025-11-21_G29,10109996GODOYJ,2025-11-21,117830,1,15,0,435.0
10109996GODOYJ_2025-11-21_G30,10109996GODOYJ,2025-11-21,111466,1,15,0,143.0
10109996GODOYJ_2025-11-21_G31,10109996GODOYJ,2025-11-21,140911,1,8,0,2858.0
10109996GODOYJ_2025-11-21_G32,10109996GODOYJ,2025-11-21,141916,1,20,0,397.0
10109996GODOYJ_2025-11-21_G33,10109996GODOYJ,2025-11-21,118094,1,6,0,173.0
10109996GODOYJ_2025-11-21_G34,10109996GODOYJ,2025-11-21,140957,1,8,0,116.0
10109996GODOYJ_2025-11-21_G35,10109996GODOYJ,2025-11-21,110339,1,7,0,185.0
10109996GODOYJ_2025-11-21_G36,10109996GODOYJ,2025-11-21,109640,1,4,0,161.0
10109996GODOYJ_2025-11-21_G37,10109996GODOYJ,2025-11-21,116241,1,8,0,1023.0
10109996GODOYJ_2025-11-21_G38,10109996GODOYJ,2025-11-21,140922,1,10,0,153.0
10109996GODOYJ_2025-11-21_G39,10109996GODOYJ,2025-11-21,111463,1,12,0,175.0
10109996GODOYJ_2025-11-21_G40,10109996GODOYJ,2025-11-21,117831,1,10,0,204.0
10109996GODOYJ_2025-11-21_G41,10109996GODOYJ,2025-11-21,118140,1,10,0,135.0
10109996GODOYJ_2025-11-21_G42,10109996GODOYJ,2025-11-21,141456,1,8,0,100.0
10109996GODOYJ_2025-11-21_G43,10109996GODOYJ,2025-11-21,141458,1,16,0,139.0
10109996GODOYJ_2025-11-21_G44,10109996GODOYJ,2025-11-21,111418,1,30,0,811.0
10109996GODOYJ_2025-11-21_G46,10109996GODOYJ,2025-11-21,105705,1,4,0,681.0
10109996GODOYJ_2025-11-21_G47,10109996GODOYJ,2025-11-21,108711,1,8,0,104.0
10109996GODOYJ_2025-11-21_G48,10109996GODOYJ,2025-11-21,118140,1,15,0,460.0
10109996GODOYJ_2025-11-21_G49,10109996GODOYJ,2025-11-21,141456,1,16,0,146.0
10109996GODOYJ_2025-11-21_G50,10109996GODOYJ,2025-11-21,141456,1,20,0,184.0
10109996GODOYJ_2025-11-21_G51,10109996GODOYJ,2025-11-21,117834,1,4,0,1164.0
10109996GODOYJ_2025-11-21_G52,10109996GODOYJ,2025-11-21,110747,1,4,0,339.0
10109996GODOYJ_2025-11-21_G53,10109996GODOYJ,2025-11-21,110754,1,4,0,134.0
10109996GODOYJ_2025-11-21_G54,10109996GODOYJ,2025-11-21,110751,1,2,0,136.0
10109996GODOYJ_2025-11-21_G55,10109996GODOYJ,2025-11-21,110743,1,4,0,194.0
10109996GODOYJ_2025-11-21_G56,10109996GODOYJ,2025-11-21,108711,1,8,0,251.0
10109996GODOYJ_2025-11-21_G57,10109996GODOYJ,2025-11-21,111444,1,2,0,336.0
10109996GODOYJ_2025-11-21_G58,10109996GODOYJ,2025-11-21,141823,1,4,0,93.0
10109996GODOYJ_2025-11-21_G59,10109996GODOYJ,2025-11-21,117837,1,4,0,134.0
10109996GODOYJ_2025-11-21_G60,10109996GODOYJ,2025-11-21,141047,1,3,0,178.0
10109996GODOYJ_2025-11-21_G61,10109996GODOYJ,2025-11-21,110733,1,8,0,67.0
10109996GODOYJ_2025-11-21_G62,10109996GODOYJ,2025-11-21,108772,1,1,0,83.0
10109996GODOYJ_2025-11-22_G02,10109996GODOYJ,2025-11-22,117841,1,2,0,348.0
10109996GODOYJ_2025-11-22_G03,10109996GODOYJ,2025-11-22,110755,1,6,0,202.0
10109996GODOYJ_2025-11-22_G04,10109996GODOYJ,2025-11-22,118222,1,5,0,100.0
10109996GODOYJ_2025-11-22_G05,10109996GODOYJ,2025-11-22,141047,1,4,0,201.0
10109996GODOYJ_2025-11-22_G06,10109996GODOYJ,2025-11-22,109640,1,12,0,717.0
10109996GODOYJ_2025-11-22_G07,10109996GODOYJ,2025-11-22,105705,1,10,0,191.0
10109996GODOYJ_2025-11-22_G08,10109996GODOYJ,2025-11-22,111182,1,10,0,195.0
10109996GODOYJ_2025-11-22_G09,10109996GODOYJ,2025-11-22,117821,1,12,0,128.0
10109996GODOYJ_2025-11-22_G10,10109996GODOYJ,2025-11-22,117832,1,12,0,212.0
10109996GODOYJ_2025-11-22_G11,10109996GODOYJ,2025-11-22,109643,1,4,0,235.0
10109996GODOYJ_2025-11-22_G12,10109996GODOYJ,2025-11-22,110755,2,16,9,2282.0
10109996GODOYJ_2025-11-22_G13,10109996GODOYJ,2025-11-22,108795,2,12,7,1054.0
10109996GODOYJ_2025-11-22_G14,10109996GODOYJ,2025-11-22,110740,1,4,0,182.0
10109996GODOYJ_2025-11-22_G15,10109996GODOYJ,2025-11-22,110740,2,20,8,277.0
10109996GODOYJ_2025-11-22_G16,10109996GODOYJ,2025-11-22,110745,2,12,14,1579.0
10109996GODOYJ_2025-11-22_G17,10109996GODOYJ,2025-11-22,110743,2,8,21,374.0
10109996GODOYJ_2025-11-22_G18,10109996GODOYJ,2025-11-22,111463,1,18,0,539.0
10109996GODOYJ_2025-11-22_G19,10109996GODOYJ,2025-11-22,111463,2,52,18,55.0
10109996GODOYJ_2025-11-22_G20,10109996GODOYJ,2025-11-22,140922,1,2,0,448.0
10109996GODOYJ_2025-11-22_G21,10109996GODOYJ,2025-11-22,"111431, 108711",2,5,25,170.0
10109996GODOYJ_2025-11-22_G22,10109996GODOYJ,2025-11-22,109641,1,2,0,399.0
10109996GODOYJ_2025-11-22_G23,10109996GODOYJ,2025-11-22,117787,1,2,0,47.0
10109996GODOYJ_2025-11-22_G24,10109996GODOYJ,2025-11-22,117833,2,30,13,349.0
10109996GODOYJ_2025-11-22_G25,10109996GODOYJ,2025-11-22,117785,1,10,0,371.0
10109996GODOYJ_2025-11-22_G26,10109996GODOYJ,2025-11-22,117821,2,8,7,181.0
10109996GODOYJ_2025-11-22_G27,10109996GODOYJ,2025-11-22,118140,1,12,0,97.0
10109996GODOYJ_2025-11-22_G28,10109996GODOYJ,2025-11-22,141823,2,10,7,138.0
10109996GODOYJ_2025-11-22_G29,10109996GODOYJ,2025-11-22,110787,1,4,0,137.0
10109996GODOYJ_2025-11-22_G31,10109996GODOYJ,2025-11-22,110373,2,24,8,514.0
10109996GODOYJ_2025-11-22_G32,10109996GODOYJ,2025-11-22,110372,1,10,0,304.0
10109996GODOYJ_2025-11-22_G33,10109996GODOYJ,2025-11-22,110372,1,2,0,121.0
10109996GODOYJ_2025-11-22_G34,10109996GODOYJ,2025-11-22,117832,1,4,0,291.0
10109996GODOYJ_2025-11-22_G35,10109996GODOYJ,2025-11-22,117808,1,8,0,406.0
10109996GODOYJ_2025-11-22_G36,10109996GODOYJ,2025-11-22,110371,1,10,0,122.0
10109996GODOYJ_2025-11-22_G37,10109996GODOYJ,2025-11-22,110372,2,18,7,149.0
10109996GODOYJ_2025-11-22_G38,10109996GODOYJ,2025-11-22,118140,2,8,10,767.0
10109996GODOYJ_2025-11-22_G39,10109996GODOYJ,2025-11-22,"111433, 111468",2,6,21,211.0
10109996GODOYJ_2025-11-22_G40,10109996GODOYJ,2025-11-22,111532,1,4,0,121.0
10109996GODOYJ_2025-11-22_G41,10109996GODOYJ,2025-11-22,109645,2,6,6,39.0
10109996GODOYJ_2025-11-22_G42,10109996GODOYJ,2025-11-22,116241,2,4,7,98.0
10109996GODOYJ_2025-11-22_G43,10109996GODOYJ,2025-11-22,"111182, 110740",3,7,43,143.0
10109996GODOYJ_2025-11-22_G44,10109996GODOYJ,2025-11-22,110745,1,4,0,98.0
10109996GODOYJ_2025-11-22_G45,10109996GODOYJ,2025-11-22,140922,1,2,0,112.0
10109996GODOYJ_2025-11-22_G46,10109996GODOYJ,2025-11-22,111348,1,4,0,71.0
10109996GODOYJ_2025-11-22_G47,10109996GODOYJ,2025-11-22,110787,1,7,0,257.0
10109996GODOYJ_2025-11-22_G48,10109996GODOYJ,2025-11-22,111418,2,16,7,138.0
10109996GODOYJ_2025-11-22_G49,10109996GODOYJ,2025-11-22,111463,1,10,0,211.0
10109996GODOYJ_2025-11-22_G50,10109996GODOYJ,2025-11-22,109641,1,2,0,140.0
10109996GODOYJ_2025-11-22_G51,10109996GODOYJ,2025-11-22,141457,2,3,9,54.0
10109996GODOYJ_2025-11-22_G52,10109996GODOYJ,2025-11-22,111442,1,4,0,62.0
10109996GODOYJ_2025-11-22_G53,10109996GODOYJ,2025-11-22,111466,1,10,0,175.0
10109996GODOYJ_2025-11-22_G54,10109996GODOYJ,2025-11-22,117821,1,4,0,58.0
10109996GODOYJ_2025-11-22_G55,10109996GODOYJ,2025-11-22,141823,1,2,0,43.0
10109996GODOYJ_2025-11-22_G56,10109996GODOYJ,2025-11-22,111465,1,5,0,36.0
10109996GODOYJ_2025-11-22_G57,10109996GODOYJ,2025-11-22,111469,1,30,0,609.0
10109996GODOYJ_2025-11-24_G02,10109996GODOYJ,2025-11-24,117855,1,1,0,675.0
10109996GODOYJ_2025-11-24_G03,10109996GODOYJ,2025-11-24,117855,1,10,0,155.0
10109996GODOYJ_2025-11-24_G04,10109996GODOYJ,2025-11-24,141823,1,4,0,82.0
10109996GODOYJ_2025-11-24_G05,10109996GODOYJ,2025-11-24,110372,1,50,0,912.0
10109996GODOYJ_2025-11-24_G06,10109996GODOYJ,2025-11-24,111466,2,49,7,764.0
10109996GODOYJ_2025-11-24_G07,10109996GODOYJ,2025-11-24,118299,1,7,0,1137.0
10109996GODOYJ_2025-11-24_G08,10109996GODOYJ,2025-11-24,115209,1,4,0,452.0
10109996GODOYJ_2025-11-24_G09,10109996GODOYJ,2025-11-24,117855,1,2,0,424.0
10109996GODOYJ_2025-11-24_G10,10109996GODOYJ,2025-11-24,117855,1,10,0,276.0
10109996GODOYJ_2025-11-24_G11,10109996GODOYJ,2025-11-24,111469,1,12,0,255.0
10109996GODOYJ_2025-11-24_G12,10109996GODOYJ,2025-11-24,110371,1,4,0,170.0
10109996GODOYJ_2025-11-24_G13,10109996GODOYJ,2025-11-24,110371,1,16,0,180.0
10109996GODOYJ_2025-11-24_G14,10109996GODOYJ,2025-11-24,118299,1,7,0,120.0
10109996GODOYJ_2025-11-24_G15,10109996GODOYJ,2025-11-24,110372,1,31,0,324.0
10109996GODOYJ_2025-11-24_G16,10109996GODOYJ,2025-11-24,111466,1,135,0,832.0
10109996GODOYJ_2025-11-24_G17,10109996GODOYJ,2025-11-24,110371,1,130,0,923.0
10109996GODOYJ_2025-11-24_G18,10109996GODOYJ,2025-11-24,111418,1,7,0,352.0
10109996GODOYJ_2025-11-24_G19,10109996GODOYJ,2025-11-24,118299,1,6,0,214.0
10109996GODOYJ_2025-11-24_G20,10109996GODOYJ,2025-11-24,111418,1,8,0,386.0
10109996GODOYJ_2025-11-24_G21,10109996GODOYJ,2025-11-24,111466,1,4,0,198.0
10109996GODOYJ_2025-11-24_G22,10109996GODOYJ,2025-11-24,118299,1,30,0,307.0
10109996GODOYJ_2025-11-24_G23,10109996GODOYJ,2025-11-24,118299,1,40,0,681.0
10109996GODOYJ_2025-11-24_G24,10109996GODOYJ,2025-11-24,117808,1,37,0,830.0
10109996GODOYJ_2025-11-24_G25,10109996GODOYJ,2025-11-24,110371,1,12,0,333.0
10109996GODOYJ_2025-11-24_G26,10109996GODOYJ,2025-11-24,118299,1,20,0,165.0
10109996GODOYJ_2025-11-24_G27,10109996GODOYJ,2025-11-24,110372,1,4,0,188.0
10109996GODOYJ_2025-11-24_G28,10109996GODOYJ,2025-11-24,111172,1,8,0,1659.0
10109996GODOYJ_2025-11-24_G29,10109996GODOYJ,2025-11-24,110787,1,6,0,114.0
10109996GODOYJ_2025-11-24_G30,10109996GODOYJ,2025-11-24,111469,1,8,0,176.0
10109996GODOYJ_2025-11-24_G31,10109996GODOYJ,2025-11-24,111463,2,26,10,134.0
10109996GODOYJ_2025-11-24_G32,10109996GODOYJ,2025-11-24,111466,1,13,0,361.0
10109996GODOYJ_2025-11-24_G33,10109996GODOYJ,2025-11-24,110895,1,4,0,125.0
10109996GODOYJ_2025-11-24_G35,10109996GODOYJ,2025-11-24,111418,1,50,0,85.0
10109996GODOYJ_2025-11-24_G36,10109996GODOYJ,2025-11-24,117785,1,22,0,607.0
10109996GODOYJ_2025-11-24_G37,10109996GODOYJ,2025-11-24,111466,1,40,0,678.0
10109996GODOYJ_2025-11-24_G38,10109996GODOYJ,2025-11-24,110711,1,4,0,1789.0
10109996GODOYJ_2025-11-24_G39,10109996GODOYJ,2025-11-24,160051,1,2,0,152.0
10109996GODOYJ_2025-11-25_G02,10109996GODOYJ,2025-11-25,111348,1,2,0,146.0
10109996GODOYJ_2025-11-25_G03,10109996GODOYJ,2025-11-25,111466,1,36,0,424.0
10109996GODOYJ_2025-11-25_G04,10109996GODOYJ,2025-11-25,111418,1,8,0,528.0
10109996GODOYJ_2025-11-25_G05,10109996GODOYJ,2025-11-25,118299,1,4,0,98.0
10109996GODOYJ_2025-11-25_G06,10109996GODOYJ,2025-11-25,110895,1,4,0,180.0
10109996GODOYJ_2025-11-25_G07,10109996GODOYJ,2025-11-25,117855,1,20,0,483.0
10109996GODOYJ_2025-11-25_G08,10109996GODOYJ,2025-11-25,111418,1,45,0,373.0
10109996GODOYJ_2025-11-25_G09,10109996GODOYJ,2025-11-25,117856,1,4,0,569.0
10109996GODOYJ_2025-11-25_G10,10109996GODOYJ,2025-11-25,117786,1,6,0,154.0
10109996GODOYJ_2025-11-25_G11,10109996GODOYJ,2025-11-25,110740,1,10,0,702.0
10109996GODOYJ_2025-11-25_G12,10109996GODOYJ,2025-11-25,117785,1,8,0,172.0
10109996GODOYJ_2025-11-25_G13,10109996GODOYJ,2025-11-25,118299,1,8,0,67.0
10109996GODOYJ_2025-11-25_G14,10109996GODOYJ,2025-11-25,111441,1,6,0,247.0
10109996GODOYJ_2025-11-25_G15,10109996GODOYJ,2025-11-25,111602,1,3,0,78.0
10109996GODOYJ_2025-11-25_G16,10109996GODOYJ,2025-11-25,110375,1,2,0,152.0
10109996GODOYJ_2025-11-25_G17,10109996GODOYJ,2025-11-25,117808,1,8,0,118.0
10109996GODOYJ_2025-11-25_G18,10109996GODOYJ,2025-11-25,110372,1,10,0,276.0
10109996GODOYJ_2025-11-25_G19,10109996GODOYJ,2025-11-25,118250,1,6,0,804.0
10109996GODOYJ_2025-11-25_G20,10109996GODOYJ,2025-11-25,117853,1,4,0,159.0
10109996GODOYJ_2025-11-25_G21,10109996GODOYJ,2025-11-25,118140,1,5,0,293.0
10109996GODOYJ_2025-11-25_G22,10109996GODOYJ,2025-11-25,111442,1,4,0,93.0
10109996GODOYJ_2025-11-25_G23,10109996GODOYJ,2025-11-25,117840,1,4,0,131.0
10109996GODOYJ_2025-11-25_G24,10109996GODOYJ,2025-11-25,117935,2,8,7,246.0
10109996GODOYJ_2025-11-25_G25,10109996GODOYJ,2025-11-25,111602,1,3,0,203.0
10109996GODOYJ_2025-11-25_G26,10109996GODOYJ,2025-11-25,160054,1,6,0,202.0
10109996GODOYJ_2025-11-25_G27,10109996GODOYJ,2025-11-25,"117830, 160052",2,12,21,99.0
10109996GODOYJ_2025-11-25_G28,10109996GODOYJ,2025-11-25,117855,1,21,0,679.0
10109996GODOYJ_2025-11-25_G29,10109996GODOYJ,2025-11-25,111742,1,12,0,231.0
10109996GODOYJ_2025-11-25_G30,10109996GODOYJ,2025-11-25,141141,1,10,0,156.0
10109996GODOYJ_2025-11-25_G31,10109996GODOYJ,2025-11-25,141155,1,8,0,189.0
10109996GODOYJ_2025-11-25_G32,10109996GODOYJ,2025-11-25,111759,1,10,0,132.0
10109996GODOYJ_2025-11-25_G33,10109996GODOYJ,2025-11-25,111634,1,10,0,1572.0
10109996GODOYJ_2025-11-25_G34,10109996GODOYJ,2025-11-25,141261,1,20,0,204.0
10109996GODOYJ_2025-11-25_G35,10109996GODOYJ,2025-11-25,111740,1,10,0,117.0
10109996GODOYJ_2025-11-25_G36,10109996GODOYJ,2025-11-25,118191,1,41,0,969.0
10109996GODOYJ_2025-11-25_G37,10109996GODOYJ,2025-11-25,111722,1,20,0,369.0
10109996GODOYJ_2025-11-25_G38,10109996GODOYJ,2025-11-25,141262,1,20,0,398.0
10109996GODOYJ_2025-11-25_G39,10109996GODOYJ,2025-11-25,111751,1,12,0,229.0
10109996GODOYJ_2025-11-25_G40,10109996GODOYJ,2025-11-25,118191,1,30,0,263.0
10109996GODOYJ_2025-11-25_G41,10109996GODOYJ,2025-11-25,111439,1,9,0,695.0
10109996GODOYJ_2025-11-25_G42,10109996GODOYJ,2025-11-25,110741,1,22,0,1465.0
10109996GODOYJ_2025-11-25_G43,10109996GODOYJ,2025-11-25,118094,1,6,0,95.0
10109996GODOYJ_2025-11-25_G44,10109996GODOYJ,2025-11-25,141457,1,225,0,2072.0
10109996GODOYJ_2025-11-25_G45,10109996GODOYJ,2025-11-25,141456,1,250,0,778.0
10109996GODOYJ_2025-11-25_G47,10109996GODOYJ,2025-11-25,117855,1,2,0,180.0
10109996GODOYJ_2025-11-25_G48,10109996GODOYJ,2025-11-25,140911,1,4,0,155.0
10109996GODOYJ_2025-11-25_G49,10109996GODOYJ,2025-11-25,140981,1,2,0,292.0
10109996GODOYJ_2025-11-25_G50,10109996GODOYJ,2025-11-25,110623,1,2,0,257.0
10109996GODOYJ_2025-11-25_G51,10109996GODOYJ,2025-11-25,108770,1,3,0,154.0
10109996GODOYJ_2025-11-25_G52,10109996GODOYJ,2025-11-25,111430,1,4,0,282.0
10109996GODOYJ_2025-11-25_G53,10109996GODOYJ,2025-11-25,117837,1,2,0,182.0
10109996GODOYJ_2025-11-25_G54,10109996GODOYJ,2025-11-25,111650,1,3,0,84.0
10109996GODOYJ_2025-11-25_G55,10109996GODOYJ,2025-11-25,110733,1,14,0,187.0
10109996GODOYJ_2025-11-25_G56,10109996GODOYJ,2025-11-25,117786,1,11,0,255.0
10109996GODOYJ_2025-11-25_G57,10109996GODOYJ,2025-11-25,110751,1,2,0,973.0
10109996GODOYJ_2025-11-25_G58,10109996GODOYJ,2025-11-25,117833,1,11,0,185.0
10109996GODOYJ_2025-11-25_G59,10109996GODOYJ,2025-11-25,117785,1,6,0,84.0
10109996GODOYJ_2025-11-25_G60,10109996GODOYJ,2025-11-25,141823,1,6,0,108.0
10109996GODOYJ_2025-11-25_G61,10109996GODOYJ,2025-11-25,117809,1,4,0,87.0
10109996GODOYJ_2025-11-25_G62,10109996GODOYJ,2025-11-25,110375,1,2,0,124.0
10109996GODOYJ_2025-11-25_G63,10109996GODOYJ,2025-11-25,117808,1,4,0,97.0
10109996GODOYJ_2025-11-25_G64,10109996GODOYJ,2025-11-25,110372,1,14,0,119.0
10109996GODOYJ_2025-11-25_G65,10109996GODOYJ,2025-11-25,118299,1,10,0,108.0
10109996GODOYJ_2025-11-25_G66,10109996GODOYJ,2025-11-25,110371,1,4,0,95.0
10109996GODOYJ_2025-11-25_G67,10109996GODOYJ,2025-11-25,141202,1,1,0,53.0
10109996GODOYJ_2025-11-26_G02,10109996GODOYJ,2025-11-26,140911,1,4,0,194.0
10109996GODOYJ_2025-11-26_G03,10109996GODOYJ,2025-11-26,111469,1,2,0,229.0
10109996GODOYJ_2025-11-26_G04,10109996GODOYJ,2025-11-26,111463,1,8,0,70.0
10109996GODOYJ_2025-11-26_G05,10109996GODOYJ,2025-11-26,140922,1,30,0,924.0
10109996GODOYJ_2025-11-26_G06,10109996GODOYJ,2025-11-26,111532,1,8,0,751.0
10109996GODOYJ_2025-11-26_G07,10109996GODOYJ,2025-11-26,111348,1,20,0,626.0
10109996GODOYJ_2025-11-26_G08,10109996GODOYJ,2025-11-26,110711,1,16,0,230.0
10109996GODOYJ_2025-11-26_G09,10109996GODOYJ,2025-11-26,110750,1,2,0,1304.0
10109996GODOYJ_2025-11-26_G10,10109996GODOYJ,2025-11-26,111602,1,11,0,224.0
10109996GODOYJ_2025-11-26_G11,10109996GODOYJ,2025-11-26,118317,1,7,0,409.0
10109996GODOYJ_2025-11-26_G12,10109996GODOYJ,2025-11-26,111532,1,8,0,286.0
10109996GODOYJ_2025-11-26_G13,10109996GODOYJ,2025-11-26,111532,3,86,25,51.0
10109996GODOYJ_2025-11-26_G14,10109996GODOYJ,2025-11-26,109641,1,12,0,918.0
10109996GODOYJ_2025-11-26_G15,10109996GODOYJ,2025-11-26,117830,1,153,0,833.0
10109996GODOYJ_2025-11-26_G16,10109996GODOYJ,2025-11-26,110372,1,262,0,879.0
10109996GODOYJ_2025-11-26_G17,10109996GODOYJ,2025-11-26,110372,1,191,0,1285.0
10109996GODOYJ_2025-11-26_G18,10109996GODOYJ,2025-11-26,110372,1,393,0,947.0
10109996GODOYJ_2025-11-26_G19,10109996GODOYJ,2025-11-26,109640,1,33,0,1207.0
10109996GODOYJ_2025-11-26_G20,10109996GODOYJ,2025-11-26,118140,1,35,0,656.0
10109996GODOYJ_2025-11-26_G21,10109996GODOYJ,2025-11-26,110371,1,50,0,324.0
10109996GODOYJ_2025-11-26_G22,10109996GODOYJ,2025-11-26,140911,1,5,0,2138.0
10109996GODOYJ_2025-11-26_G23,10109996GODOYJ,2025-11-26,117854,2,4,7,137.0
10109996GODOYJ_2025-11-26_G24,10109996GODOYJ,2025-11-26,111438,1,4,0,207.0
10109996GODOYJ_2025-11-26_G25,10109996GODOYJ,2025-11-26,111438,1,4,0,82.0
10109996GODOYJ_2025-11-26_G26,10109996GODOYJ,2025-11-26,111438,4,20,36,40.0
10109996GODOYJ_2025-11-26_G27,10109996GODOYJ,2025-11-26,117834,1,4,0,634.0
10109996GODOYJ_2025-11-26_G29,10109996GODOYJ,2025-11-26,140922,3,22,15,53.0
10109996GODOYJ_2025-11-26_G30,10109996GODOYJ,2025-11-26,140922,1,8,0,298.0
10109996GODOYJ_2025-11-26_G31,10109996GODOYJ,2025-11-26,111442,1,8,0,234.0
10109996GODOYJ_2025-11-26_G32,10109996GODOYJ,2025-11-26,111418,1,2,0,104.0
10109996GODOYJ_2025-11-26_G33,10109996GODOYJ,2025-11-26,111532,1,5,0,261.0
10109996GODOYJ_2025-11-26_G34,10109996GODOYJ,2025-11-26,141262,1,470,0,2077.0
10109996GODOYJ_2025-11-28_G02,10109996GODOYJ,2025-11-28,111602,1,20,0,268.0
10109996GODOYJ_2025-11-28_G03,10109996GODOYJ,2025-11-28,111602,1,32,0,1167.0
10109996GODOYJ_2025-11-28_G04,10109996GODOYJ,2025-11-28,111602,2,41,13,116.0
10109996GODOYJ_2025-11-28_G05,10109996GODOYJ,2025-11-28,111602,1,2,0,290.0
10109996GODOYJ_2025-11-28_G06,10109996GODOYJ,2025-11-28,111602,2,12,15,56.0
10109996GODOYJ_2025-11-28_G07,10109996GODOYJ,2025-11-28,140923,1,10,0,601.0
10109996GODOYJ_2025-11-28_G08,10109996GODOYJ,2025-11-28,111602,1,30,0,84.0
10109996GODOYJ_2025-11-28_G09,10109996GODOYJ,2025-11-28,118140,1,24,0,776.0
10109996GODOYJ_2025-11-28_G10,10109996GODOYJ,2025-11-28,111530,1,62,0,2273.0
10109996GODOYJ_2025-11-28_G11,10109996GODOYJ,2025-11-28,111530,1,6,0,64.0
10109996GODOYJ_2025-11-28_G12,10109996GODOYJ,2025-11-28,111530,2,8,9,486.0
10109996GODOYJ_2025-11-28_G13,10109996GODOYJ,2025-11-28,117855,1,24,0,892.0
10109996GODOYJ_2025-11-28_G14,10109996GODOYJ,2025-11-28,111569,1,6,0,1470.0
10109996GODOYJ_2025-11-28_G15,10109996GODOYJ,2025-11-28,118306,1,10,0,203.0
10109996GODOYJ_2025-11-28_G16,10109996GODOYJ,2025-11-28,118222,1,26,0,278.0
10109996GODOYJ_2025-11-28_G17,10109996GODOYJ,2025-11-28,118140,2,63,16,196.0
10109996GODOYJ_2025-11-28_G18,10109996GODOYJ,2025-11-28,109645,1,8,0,222.0
10109996GODOYJ_2025-11-28_G19,10109996GODOYJ,2025-11-28,116241,1,1,0,98.0
10109996GODOYJ_2025-11-28_G20,10109996GODOYJ,2025-11-28,110745,1,6,0,143.0
10109996GODOYJ_2025-11-28_G21,10109996GODOYJ,2025-11-28,115209,2,4,7,47.0
10109996GODOYJ_2025-11-28_G22,10109996GODOYJ,2025-11-28,140922,2,26,13,255.0
10109996GODOYJ_2025-11-28_G23,10109996GODOYJ,2025-11-28,108711,2,13,12,232.0
10109996GODOYJ_2025-11-28_G24,10109996GODOYJ,2025-11-28,110787,1,7,0,442.0
10109996GODOYJ_2025-11-28_G25,10109996GODOYJ,2025-11-28,110740,2,10,7,115.0
10109996GODOYJ_2025-11-28_G26,10109996GODOYJ,2025-11-28,107236,1,4,0,496.0
10109996GODOYJ_2025-11-28_G27,10109996GODOYJ,2025-11-28,109641,1,13,0,56.0
10109996GODOYJ_2025-11-28_G28,10109996GODOYJ,2025-11-28,117833,2,12,8,154.0
10109996GODOYJ_2025-11-28_G29,10109996GODOYJ,2025-11-28,141457,1,52,0,213.0
10109996GODOYJ_2025-11-28_G30,10109996GODOYJ,2025-11-28,117821,2,16,11,233.0
10109996GODOYJ_2025-11-28_G31,10109996GODOYJ,2025-11-28,141456,1,15,0,450.0
10109996GODOYJ_2025-11-28_G32,10109996GODOYJ,2025-11-28,111602,1,4,0,2266.0
10109996GODOYJ_2025-11-28_G33,10109996GODOYJ,2025-11-28,111530,1,56,0,128.0
10109996GODOYJ_2025-11-28_G35,10109996GODOYJ,2025-11-28,110313,1,5,0,377.0
10109996GODOYJ_2025-11-28_G36,10109996GODOYJ,2025-11-28,108795,1,2,0,252.0
10109996GODOYJ_2025-11-28_G37,10109996GODOYJ,2025-11-28,110711,1,5,0,525.0
10109996GODOYJ_2025-11-29_G02,10109996GODOYJ,2025-11-29,110313,2,16,8,284.0
10109996GODOYJ_2025-11-29_G03,10109996GODOYJ,2025-11-29,111530,1,16,0,324.0
10109996GODOYJ_2025-11-29_G04,10109996GODOYJ,2025-11-29,110753,1,6,0,331.0
10109996GODOYJ_2025-11-29_G05,10109996GODOYJ,2025-11-29,117856,1,17,0,337.0
10109996GODOYJ_2025-11-29_G06,10109996GODOYJ,2025-11-29,111879,2,2,6,156.0
10109996GODOYJ_2025-11-29_G07,10109996GODOYJ,2025-11-29,117855,1,11,0,163.0
10109996GODOYJ_2025-11-29_G08,10109996GODOYJ,2025-11-29,111602,1,14,0,196.0
10109996GODOYJ_2025-11-29_G09,10109996GODOYJ,2025-11-29,141318,1,1,0,782.0
10109996GODOYJ_2025-11-29_G10,10109996GODOYJ,2025-11-29,117935,1,4,0,488.0
10109996GODOYJ_2025-11-29_G11,10109996GODOYJ,2025-11-29,110752,1,4,0,277.0
10109996GODOYJ_2025-11-29_G12,10109996GODOYJ,2025-11-29,117855,1,6,0,80.0
10109996GODOYJ_2025-11-29_G13,10109996GODOYJ,2025-11-29,111602,1,4,0,324.0
10109996GODOYJ_2025-11-29_G14,10109996GODOYJ,2025-11-29,118140,1,16,0,325.0
10109996GODOYJ_2025-11-29_G15,10109996GODOYJ,2025-11-29,110740,1,10,0,136.0
10109996GODOYJ_2025-11-29_G16,10109996GODOYJ,2025-11-29,111530,1,30,0,1220.0
10109996GODOYJ_2025-11-29_G17,10109996GODOYJ,2025-11-29,111530,1,10,0,1610.0
10109996GODOYJ_2025-11-29_G18,10109996GODOYJ,2025-11-29,110374,1,12,0,225.0
10109996GODOYJ_2025-11-29_G19,10109996GODOYJ,2025-11-29,118094,1,4,0,208.0
10109996GODOYJ_2025-11-29_G20,10109996GODOYJ,2025-11-29,140923,1,6,0,194.0
10109996GODOYJ_2025-11-29_G21,10109996GODOYJ,2025-11-29,110339,1,5,0,137.0
10109996GODOYJ_2025-11-29_G22,10109996GODOYJ,2025-11-29,111530,1,8,0,209.0
10109996GODOYJ_2025-11-29_G23,10109996GODOYJ,2025-11-29,117786,1,4,0,82.0
10109996GODOYJ_2025-11-29_G24,10109996GODOYJ,2025-11-29,117855,1,10,0,169.0
10109996GODOYJ_2025-11-29_G25,10109996GODOYJ,2025-11-29,111602,1,5,0,543.0
10109996GODOYJ_2025-11-29_G26,10109996GODOYJ,2025-11-29,118140,1,7,0,177.0
10109996GODOYJ_2025-11-29_G27,10109996GODOYJ,2025-11-29,140922,1,7,0,200.0
10109996GODOYJ_2025-11-29_G28,10109996GODOYJ,2025-11-29,110787,1,14,0,167.0
10109996GODOYJ_2025-11-29_G29,10109996GODOYJ,2025-11-29,111469,1,9,0,137.0
10109996GODOYJ_2025-11-29_G30,10109996GODOYJ,2025-11-29,110740,1,7,0,99.0
10109996GODOYJ_2025-11-29_G31,10109996GODOYJ,2025-11-29,111418,1,12,0,1192.0
10109996GODOYJ_2025-11-29_G32,10109996GODOYJ,2025-11-29,117841,1,4,0,144.0
10109996GODOYJ_2025-11-29_G33,10109996GODOYJ,2025-11-29,117785,1,4,0,449.0
10109996GODOYJ_2025-11-29_G34,10109996GODOYJ,2025-11-29,111532,1,4,0,124.0
10109996GODOYJ_2025-11-29_G35,10109996GODOYJ,2025-11-29,111466,1,3,0,88.0
10109996GODOYJ_2025-11-29_G36,10109996GODOYJ,2025-11-29,117821,1,10,0,95.0
10109996GODOYJ_2025-11-29_G37,10109996GODOYJ,2025-11-29,117831,1,13,0,177.0
10109996GODOYJ_2025-11-29_G38,10109996GODOYJ,2025-11-29,118317,1,4,0,265.0
10109996GODOYJ_2025-11-29_G39,10109996GODOYJ,2025-11-29,110372,1,22,0,227.0
10109996GODOYJ_2025-11-29_G40,10109996GODOYJ,2025-11-29,110373,1,18,0,220.0
10109996GODOYJ_2025-11-29_G41,10109996GODOYJ,2025-11-29,117820,1,38,0,1199.0
10109996GODOYJ_2025-11-29_G42,10109996GODOYJ,2025-11-29,110374,1,40,0,425.0
10109996GODOYJ_2025-11-29_G43,10109996GODOYJ,2025-11-29,117808,1,43,0,662.0
10109996GODOYJ_2025-11-29_G45,10109996GODOYJ,2025-11-29,117820,1,4,0,84.0
10109996GODOYJ_2025-11-29_G46,10109996GODOYJ,2025-11-29,117822,1,2,0,232.0
10109996GODOYJ_2025-11-29_G47,10109996GODOYJ,2025-11-29,117808,1,6,0,56.0
10109996GODOYJ_2025-11-29_G48,10109996GODOYJ,2025-11-29,141202,1,1,0,108.0
10109996GODOYJ_2025-11-29_G49,10109996GODOYJ,2025-11-29,110711,2,3,7,140.0
10109996GODOYJ_2025-11-29_G50,10109996GODOYJ,2025-11-29,110755,1,2,0,218.0
10109996GODOYJ_2025-11-29_G51,10109996GODOYJ,2025-11-29,140923,2,7,7,133.0
10109996GODOYJ_2025-11-29_G52,10109996GODOYJ,2025-11-29,141047,1,2,0,142.0
10109996GODOYJ_2025-11-29_G53,10109996GODOYJ,2025-11-29,117862,1,1,0,117.0
10109996GODOYJ_2025-11-29_G54,10109996GODOYJ,2025-11-29,111602,2,2,7,58.0
10109996GODOYJ_2025-11-29_G55,10109996GODOYJ,2025-11-29,109640,1,4,0,788.0
10109996GODOYJ_2025-11-29_G56,10109996GODOYJ,2025-11-29,109645,1,2,0,157.0
10109996GODOYJ_2025-11-29_G57,10109996GODOYJ,2025-11-29,110751,1,4,0,47.0
10109996GODOYJ_2025-11-29_G58,10109996GODOYJ,2025-11-29,110787,1,1,0,69.0
10109996GODOYJ_2025-11-29_G59,10109996GODOYJ,2025-11-29,111469,1,4,0,117.0
10109996GODOYJ_2025-11-29_G60,10109996GODOYJ,2025-11-29,110740,1,4,0,88.0
10109996GODOYJ_2025-11-29_G61,10109996GODOYJ,2025-11-29,111418,1,1,0,65.0
10109996GODOYJ_2025-11-29_G62,10109996GODOYJ,2025-11-29,"141457, 111466",3,8,24,64.0
10109996GODOYJ_2025-11-29_G63,10109996GODOYJ,2025-11-29,117821,1,4,0,168.0
10109996GODOYJ_2025-11-29_G64,10109996GODOYJ,2025-11-29,111465,1,1,0,80.0
10109996GODOYJ_2025-11-29_G65,10109996GODOYJ,2025-11-29,117830,1,4,0,73.0
10109996GODOYJ_2025-11-29_G66,10109996GODOYJ,2025-11-29,"110372, 111532",2,20,25,299.0
10109996GODOYJ_2025-11-29_G67,10109996GODOYJ,2025-11-29,118306,1,4,0,1910.0
10109996GODOYJ_2025-11-29_G68,10109996GODOYJ,2025-11-29,110747,1,4,0,172.0
10109996GODOYJ_2025-11-29_G69,10109996GODOYJ,2025-11-29,117833,1,4,0,100.0
10109996GODOYJ_2025-11-29_G70,10109996GODOYJ,2025-11-29,110371,1,4,0,110.0
10109996GODOYJ_2025-11-29_G71,10109996GODOYJ,2025-11-29,110339,1,6,0,176.0
10109996GODOYJ_2025-11-29_G72,10109996GODOYJ,2025-11-29,117820,1,10,0,64.0
10109996GODOYJ_2025-11-29_G73,10109996GODOYJ,2025-11-29,117832,1,3,0,355.0
10109996GODOYJ_2025-11-30_G02,10109996GODOYJ,2025-11-30,141249,1,4,0,1999.0
10109996GODOYJ_2025-11-30_G03,10109996GODOYJ,2025-11-30,111602,1,4,0,177.0
10109996GODOYJ_2025-11-30_G04,10109996GODOYJ,2025-11-30,100334,1,11,0,1635.0
10109996GODOYJ_2025-11-30_G05,10109996GODOYJ,2025-11-30,100334,1,2,0,67.0
10109996GODOYJ_2025-11-30_G06,10109996GODOYJ,2025-11-30,110895,1,4,0,145.0
10109996GODOYJ_2025-11-30_G07,10109996GODOYJ,2025-11-30,111602,1,4,0,241.0
10109996GODOYJ_2025-11-30_G08,10109996GODOYJ,2025-11-30,110711,1,1,0,389.0
10109996GODOYJ_2025-11-30_G09,10109996GODOYJ,2025-11-30,111602,1,1,0,116.0
10109996GODOYJ_2025-11-30_G10,10109996GODOYJ,2025-11-30,110373,1,7,0,104.0
10109996GODOYJ_2025-11-30_G11,10109996GODOYJ,2025-11-30,111602,1,8,0,153.0
10109996GODOYJ_2025-11-30_G12,10109996GODOYJ,2025-11-30,110895,1,3,0,219.0
10109996GODOYJ_2025-11-30_G13,10109996GODOYJ,2025-11-30,111418,1,4,0,310.0
10109996GODOYJ_2025-11-30_G14,10109996GODOYJ,2025-11-30,111418,1,15,0,242.0
10109996GODOYJ_2025-11-30_G15,10109996GODOYJ,2025-11-30,110841,1,1,0,2610.0
10109996GODOYJ_2025-11-30_G16,10109996GODOYJ,2025-11-30,160055,1,2,0,115.0
10109996GODOYJ_2025-11-30_G17,10109996GODOYJ,2025-11-30,110371,1,12,0,281.0
10109996GODOYJ_2025-11-30_G18,10109996GODOYJ,2025-11-30,117832,1,12,0,176.0
10109996GODOYJ_2025-11-30_G19,10109996GODOYJ,2025-11-30,110373,1,12,0,201.0
10109996GODOYJ_2025-12-04_G02,10109996GODOYJ,2025-12-04,110747,1,7,0,152.0
10109996GODOYJ_2025-12-04_G03,10109996GODOYJ,2025-12-04,141369,1,8,0,1203.0
10109996GODOYJ_2025-12-04_G04,10109996GODOYJ,2025-12-04,110874,1,4,0,78.0
10109996GODOYJ_2025-12-04_G05,10109996GODOYJ,2025-12-04,111660,1,75,0,136.0
10109996GODOYJ_2025-12-05_G02,10109996GODOYJ,2025-12-05,140923,1,16,0,355.0
10109996GODOYJ_2025-12-05_G03,10109996GODOYJ,2025-12-05,110339,1,17,0,252.0
10109996GODOYJ_2025-12-05_G04,10109996GODOYJ,2025-12-05,110733,1,10,0,114.0
10109996GODOYJ_2025-12-05_G05,10109996GODOYJ,2025-12-05,111530,1,30,0,682.0
10109996GODOYJ_2025-12-05_G06,10109996GODOYJ,2025-12-05,109647,1,4,0,926.0
10109996GODOYJ_2025-12-05_G07,10109996GODOYJ,2025-12-05,117855,3,16,16,234.0
10109996GODOYJ_2025-12-05_G08,10109996GODOYJ,2025-12-05,109640,1,4,0,212.0
10109996GODOYJ_2025-12-05_G09,10109996GODOYJ,2025-12-05,110711,1,2,0,80.0
10109996GODOYJ_2025-12-05_G10,10109996GODOYJ,2025-12-05,111469,2,17,6,696.0
10109996GODOYJ_2025-12-05_G11,10109996GODOYJ,2025-12-05,118140,1,2,0,121.0
10109996GODOYJ_2025-12-05_G12,10109996GODOYJ,2025-12-05,110751,1,6,0,141.0
10109996GODOYJ_2025-12-05_G13,10109996GODOYJ,2025-12-05,111743,1,6,0,191.0
10109996GODOYJ_2025-12-05_G14,10109996GODOYJ,2025-12-05,110745,1,6,0,262.0
10109996GODOYJ_2025-12-05_G15,10109996GODOYJ,2025-12-05,111463,1,4,0,143.0
10109996GODOYJ_2025-12-05_G16,10109996GODOYJ,2025-12-05,111444,1,10,0,147.0
10109996GODOYJ_2025-12-05_G17,10109996GODOYJ,2025-12-05,111466,1,2,0,114.0
10109996GODOYJ_2025-12-05_G18,10109996GODOYJ,2025-12-05,118317,2,5,7,136.0
10109996GODOYJ_2025-12-05_G19,10109996GODOYJ,2025-12-05,111418,1,28,0,320.0
10109996GODOYJ_2025-12-05_G20,10109996GODOYJ,2025-12-05,117836,1,2,0,2064.0
10109996GODOYJ_2025-12-05_G21,10109996GODOYJ,2025-12-05,111660,1,2,0,231.0
10109996GODOYJ_2025-12-05_G22,10109996GODOYJ,2025-12-05,110754,1,2,0,79.0
10109996GODOYJ_2025-12-05_G23,10109996GODOYJ,2025-12-05,110374,1,2,0,396.0
10109996GODOYJ_2025-12-05_G24,10109996GODOYJ,2025-12-05,117809,1,13,0,767.0
10109996GODOYJ_2025-12-05_G25,10109996GODOYJ,2025-12-05,117820,1,4,0,69.0
10109996GODOYJ_2025-12-05_G26,10109996GODOYJ,2025-12-05,117830,1,10,0,116.0
10109996GODOYJ_2025-12-05_G27,10109996GODOYJ,2025-12-05,110371,1,11,0,217.0
10109996GODOYJ_2025-12-05_G28,10109996GODOYJ,2025-12-05,117808,1,13,0,141.0
10109996GODOYJ_2025-12-05_G29,10109996GODOYJ,2025-12-05,110375,1,12,0,233.0
10109996GODOYJ_2025-12-05_G30,10109996GODOYJ,2025-12-05,141202,1,6,0,152.0
10109996GODOYJ_2025-12-05_G31,10109996GODOYJ,2025-12-05,110372,1,30,0,295.0
10109996GODOYJ_2025-12-05_G32,10109996GODOYJ,2025-12-05,111530,1,20,0,1206.0
10109996GODOYJ_2025-12-05_G33,10109996GODOYJ,2025-12-05,111469,1,80,0,499.0
10109996GODOYJ_2025-12-05_G34,10109996GODOYJ,2025-12-05,109645,1,9,0,436.0
10109996GODOYJ_2025-12-05_G35,10109996GODOYJ,2025-12-05,110751,1,5,0,60.0
10109996GODOYJ_2025-12-05_G36,10109996GODOYJ,2025-12-05,111330,1,15,0,249.0
10109996GODOYJ_2025-12-05_G37,10109996GODOYJ,2025-12-05,111743,1,5,0,94.0
10109996GODOYJ_2025-12-05_G38,10109996GODOYJ,2025-12-05,109641,1,8,0,268.0
10109996GODOYJ_2025-12-05_G39,10109996GODOYJ,2025-12-05,140922,1,18,0,382.0
10109996GODOYJ_2025-12-05_G40,10109996GODOYJ,2025-12-05,111435,1,3,0,96.0
10109996GODOYJ_2025-12-05_G41,10109996GODOYJ,2025-12-05,111433,1,2,0,76.0
10109996GODOYJ_2025-12-05_G42,10109996GODOYJ,2025-12-05,117841,1,4,0,106.0
10109996GODOYJ_2025-12-05_G43,10109996GODOYJ,2025-12-05,111466,1,2,0,127.0
10109996GODOYJ_2025-12-05_G44,10109996GODOYJ,2025-12-05,111465,1,2,0,55.0
10109996GODOYJ_2025-12-05_G45,10109996GODOYJ,2025-12-05,111469,1,2,0,119.0
10109996GODOYJ_2025-12-05_G46,10109996GODOYJ,2025-12-05,110743,1,6,0,446.0
10109996GODOYJ_2025-12-05_G47,10109996GODOYJ,2025-12-05,111465,1,40,0,258.0
10109996GODOYJ_2025-12-05_G48,10109996GODOYJ,2025-12-05,111463,1,60,0,1126.0
10109996GODOYJ_2025-12-05_G50,10109996GODOYJ,2025-12-05,117808,1,20,0,139.0
10109996GODOYJ_2025-12-05_G51,10109996GODOYJ,2025-12-05,117832,1,16,0,280.0
10109996GODOYJ_2025-12-05_G52,10109996GODOYJ,2025-12-05,110372,1,20,0,205.0
10109996GODOYJ_2025-12-05_G53,10109996GODOYJ,2025-12-05,110373,1,3,0,139.0
10109996GODOYJ_2025-12-05_G54,10109996GODOYJ,2025-12-05,109643,1,10,0,279.0
10109996GODOYJ_2025-12-05_G55,10109996GODOYJ,2025-12-05,110325,1,20,0,161.0
10109996GODOYJ_2025-12-05_G56,10109996GODOYJ,2025-12-05,118094,1,2,0,808.0
10109996GODOYJ_2025-12-05_G57,10109996GODOYJ,2025-12-05,111530,1,3,0,758.0
10109996GODOYJ_2025-12-05_G58,10109996GODOYJ,2025-12-05,117786,1,4,0,75.0
10109996GODOYJ_2025-12-05_G59,10109996GODOYJ,2025-12-05,117855,1,4,0,162.0
10109996GODOYJ_2025-12-05_G60,10109996GODOYJ,2025-12-05,117855,1,13,0,154.0
10109996GODOYJ_2025-12-05_G61,10109996GODOYJ,2025-12-05,140923,1,18,0,525.0
10109996GODOYJ_2025-12-06_G02,10109996GODOYJ,2025-12-06,110747,1,48,0,1003.0
10109996GODOYJ_2025-12-06_G03,10109996GODOYJ,2025-12-06,111876,1,8,0,338.0
10109996GODOYJ_2025-12-06_G04,10109996GODOYJ,2025-12-06,117788,1,8,0,1093.0
10109996GODOYJ_2025-12-06_G05,10109996GODOYJ,2025-12-06,140957,1,3,0,80.0
10109996GODOYJ_2025-12-06_G06,10109996GODOYJ,2025-12-06,140923,1,253,0,1830.0
10109996GODOYJ_2025-12-06_G07,10109996GODOYJ,2025-12-06,110339,1,136,0,2014.0
10109996GODOYJ_2025-12-06_G08,10109996GODOYJ,2025-12-06,118298,1,6,0,112.0
10109996GODOYJ_2025-12-06_G09,10109996GODOYJ,2025-12-06,110733,1,21,0,187.0
10109996GODOYJ_2025-12-06_G10,10109996GODOYJ,2025-12-06,117853,1,12,0,179.0
10109996GODOYJ_2025-12-06_G11,10109996GODOYJ,2025-12-06,117854,1,15,0,1071.0
10109996GODOYJ_2025-12-06_G12,10109996GODOYJ,2025-12-06,141035,1,18,0,2444.0
10109996GODOYJ_2025-12-06_G13,10109996GODOYJ,2025-12-06,117788,1,20,0,323.0
10109996GODOYJ_2025-12-06_G14,10109996GODOYJ,2025-12-06,117935,1,21,0,414.0
10109996GODOYJ_2025-12-06_G15,10109996GODOYJ,2025-12-06,110753,1,8,0,349.0
10109996GODOYJ_2025-12-06_G16,10109996GODOYJ,2025-12-06,111650,1,12,0,128.0
10109996GODOYJ_2025-12-06_G17,10109996GODOYJ,2025-12-06,110733,1,8,0,152.0
10109996GODOYJ_2025-12-06_G18,10109996GODOYJ,2025-12-06,107629,1,35,0,743.0
10109996GODOYJ_2025-12-06_G19,10109996GODOYJ,2025-12-06,111530,1,31,0,1683.0
10109996GODOYJ_2025-12-06_G20,10109996GODOYJ,2025-12-06,108361,1,10,0,367.0
10109996GODOYJ_2025-12-06_G21,10109996GODOYJ,2025-12-06,111353,1,28,0,428.0
10109996GODOYJ_2025-12-06_G22,10109996GODOYJ,2025-12-06,111879,1,10,0,267.0
10109996GODOYJ_2025-12-06_G23,10109996GODOYJ,2025-12-06,109647,1,8,0,702.0
10109996GODOYJ_2025-12-06_G24,10109996GODOYJ,2025-12-06,111439,1,4,0,102.0
10109996GODOYJ_2025-12-06_G25,10109996GODOYJ,2025-12-06,141066,1,40,0,480.0
10109996GODOYJ_2025-12-06_G26,10109996GODOYJ,2025-12-06,118298,1,40,0,533.0
10109996GODOYJ_2025-12-06_G27,10109996GODOYJ,2025-12-06,110895,1,4,0,641.0
10109996GODOYJ_2025-12-06_G28,10109996GODOYJ,2025-12-06,118094,1,4,0,95.0
10109996GODOYJ_2025-12-06_G29,10109996GODOYJ,2025-12-06,140923,1,10,0,94.0
10109996GODOYJ_2025-12-06_G30,10109996GODOYJ,2025-12-06,141066,1,4,0,108.0
10109996GODOYJ_2025-12-06_G31,10109996GODOYJ,2025-12-06,117786,1,2,0,100.0
10109996GODOYJ_2025-12-06_G32,10109996GODOYJ,2025-12-06,140922,1,7,0,121.0
10109996GODOYJ_2025-12-06_G33,10109996GODOYJ,2025-12-06,107236,1,4,0,115.0
10109996GODOYJ_2025-12-06_G34,10109996GODOYJ,2025-12-06,110371,1,2,0,85.0
10109996GODOYJ_2025-12-06_G35,10109996GODOYJ,2025-12-06,141271,1,1,0,95.0
10109996GODOYJ_2025-12-06_G37,10109996GODOYJ,2025-12-06,110325,1,100,0,148.0
10109996GODOYJ_2025-12-12_G02,10109996GODOYJ,2025-12-12,141457,1,370,0,1685.0
10109996GODOYJ_2025-12-12_G03,10109996GODOYJ,2025-12-12,110740,1,108,0,686.0
10109996GODOYJ_2025-12-12_G04,10109996GODOYJ,2025-12-12,111182,1,10,0,263.0
10109996GODOYJ_2025-12-12_G05,10109996GODOYJ,2025-12-12,111879,1,5,0,2124.0
10109996GODOYJ_2025-12-12_G06,10109996GODOYJ,2025-12-12,108701,1,2,0,247.0
10109996GODOYJ_2025-12-12_G07,10109996GODOYJ,2025-12-12,117788,1,2,0,195.0
10109996GODOYJ_2025-12-12_G08,10109996GODOYJ,2025-12-12,117861,1,20,0,194.0
10109996GODOYJ_2025-12-12_G09,10109996GODOYJ,2025-12-12,110750,1,12,0,170.0
10109996GODOYJ_2025-12-12_G10,10109996GODOYJ,2025-12-12,110711,1,132,0,837.0
10109996GODOYJ_2025-12-12_G11,10109996GODOYJ,2025-12-12,117935,1,52,0,475.0
10109996GODOYJ_2025-12-12_G12,10109996GODOYJ,2025-12-12,111447,1,2,0,722.0
10109996GODOYJ_2025-12-12_G13,10109996GODOYJ,2025-12-12,110112,1,1,0,165.0
10109996GODOYJ_2025-12-12_G14,10109996GODOYJ,2025-12-12,116527,1,2,0,78.0
10109996GODOYJ_2025-12-12_G15,10109996GODOYJ,2025-12-12,"111776, 141318",2,12,27,357.0
10109996GODOYJ_2025-12-12_G16,10109996GODOYJ,2025-12-12,111569,1,10,0,106.0
10109996GODOYJ_2025-12-12_G17,10109996GODOYJ,2025-12-12,118290,1,26,0,3110.0
10109996GODOYJ_2025-12-12_G18,10109996GODOYJ,2025-12-12,118222,1,290,0,479.0
10109996GODOYJ_2025-12-12_G19,10109996GODOYJ,2025-12-12,110895,1,8,0,2409.0
10109996GODOYJ_2025-12-12_G20,10109996GODOYJ,2025-12-12,110711,1,8,0,172.0
10109996GODOYJ_2025-12-12_G21,10109996GODOYJ,2025-12-12,110733,1,8,0,119.0
10109996GODOYJ_2025-12-12_G22,10109996GODOYJ,2025-12-12,118140,1,8,0,212.0
10109996GODOYJ_2025-12-12_G23,10109996GODOYJ,2025-12-12,140922,1,12,0,118.0
10109996GODOYJ_2025-12-12_G24,10109996GODOYJ,2025-12-12,108711,1,8,0,170.0
10109996GODOYJ_2025-12-12_G25,10109996GODOYJ,2025-12-12,118094,1,8,0,188.0
10109996GODOYJ_2025-12-12_G26,10109996GODOYJ,2025-12-12,111172,1,3,0,974.0
10109996GODOYJ_2025-12-12_G27,10109996GODOYJ,2025-12-12,118140,1,16,0,204.0
10109996GODOYJ_2025-12-12_G28,10109996GODOYJ,2025-12-12,111182,1,1,0,114.0
10109996GODOYJ_2025-12-12_G29,10109996GODOYJ,2025-12-12,108711,1,12,0,137.0
10109996GODOYJ_2025-12-12_G30,10109996GODOYJ,2025-12-12,141271,1,4,0,67.0
10109996GODOYJ_2025-12-12_G31,10109996GODOYJ,2025-12-12,141457,1,11,0,130.0
10109996GODOYJ_2025-12-12_G32,10109996GODOYJ,2025-12-12,109641,1,2,0,43.0
10109996GODOYJ_2025-12-12_G33,10109996GODOYJ,2025-12-12,111418,1,104,0,749.0
10109996GODOYJ_2025-12-12_G34,10109996GODOYJ,2025-12-12,110740,1,12,0,1125.0
10109996GODOYJ_2025-12-13_G02,10109996GODOYJ,2025-12-13,111655,1,6,0,92.0
10109996GODOYJ_2025-12-13_G03,10109996GODOYJ,2025-12-13,110747,1,15,0,767.0
10109996GODOYJ_2025-12-13_G04,10109996GODOYJ,2025-12-13,118222,1,42,0,778.0
10109996GODOYJ_2025-12-13_G05,10109996GODOYJ,2025-12-13,140923,1,20,0,361.0
10109996GODOYJ_2025-12-13_G06,10109996GODOYJ,2025-12-13,111530,2,30,12,350.0
10109996GODOYJ_2025-12-13_G07,10109996GODOYJ,2025-12-13,118299,1,2,0,259.0
10109996GODOYJ_2025-12-13_G08,10109996GODOYJ,2025-12-13,110325,1,4,0,181.0
10109996GODOYJ_2025-12-13_G09,10109996GODOYJ,2025-12-13,117808,1,24,0,704.0
10109996GODOYJ_2025-12-13_G10,10109996GODOYJ,2025-12-13,118317,1,18,0,305.0
10109996GODOYJ_2025-12-13_G11,10109996GODOYJ,2025-12-13,111465,1,4,0,216.0
10109996GODOYJ_2025-12-13_G12,10109996GODOYJ,2025-12-13,118140,1,8,0,129.0
10109996GODOYJ_2025-12-13_G13,10109996GODOYJ,2025-12-13,111431,1,6,0,121.0
10109996GODOYJ_2025-12-13_G14,10109996GODOYJ,2025-12-13,110740,1,5,0,545.0
10109996GODOYJ_2025-12-13_G15,10109996GODOYJ,2025-12-13,141458,2,22,6,234.0
10109996GODOYJ_2025-12-13_G16,10109996GODOYJ,2025-12-13,109641,1,23,0,193.0
10109996GODOYJ_2025-12-13_G17,10109996GODOYJ,2025-12-13,111418,1,30,0,36.0
10109996GODOYJ_2025-12-13_G18,10109996GODOYJ,2025-12-13,117935,1,3,0,2517.0
10109996GODOYJ_2025-12-13_G19,10109996GODOYJ,2025-12-13,117853,1,9,0,159.0
10109996GODOYJ_2025-12-13_G20,10109996GODOYJ,2025-12-13,117808,1,5,0,50.0
10109996GODOYJ_2025-12-13_G21,10109996GODOYJ,2025-12-13,110372,1,14,0,238.0
10109996GODOYJ_2025-12-13_G22,10109996GODOYJ,2025-12-13,111465,1,6,0,464.0
10109996GODOYJ_2025-12-13_G23,10109996GODOYJ,2025-12-13,110374,1,4,0,99.0
10109996GODOYJ_2025-12-13_G25,10109996GODOYJ,2025-12-13,111650,1,8,0,162.0
10109996GODOYJ_2025-12-13_G27,10109996GODOYJ,2025-12-13,117808,1,730,0,2174.0
10109996GODOYJ_2025-12-13_G28,10109996GODOYJ,2025-12-13,110325,1,30,0,356.0
10109996GODOYJ_2025-12-13_G29,10109996GODOYJ,2025-12-13,117809,1,2,0,1412.0
10109996GODOYJ_2025-12-13_G30,10109996GODOYJ,2025-12-13,110372,1,21,0,207.0
10109996GODOYJ_2025-12-13_G31,10109996GODOYJ,2025-12-13,141202,1,2,0,86.0
10109996GODOYJ_2025-12-15_G02,10109996GODOYJ,2025-12-15,"117809, 117808",2,41,7,429.0
10109996GODOYJ_2025-12-15_G03,10109996GODOYJ,2025-12-15,117808,1,4,0,190.0
10109996GODOYJ_2025-12-15_G04,10109996GODOYJ,2025-12-15,110371,1,2,0,63.0
10109996GODOYJ_2025-12-15_G05,10109996GODOYJ,2025-12-15,117832,1,6,0,164.0
10109996GODOYJ_2025-12-15_G06,10109996GODOYJ,2025-12-15,117832,2,27,12,145.0
10109996GODOYJ_2025-12-15_G07,10109996GODOYJ,2025-12-15,118299,3,61,12,689.0
10109996GODOYJ_2025-12-15_G08,10109996GODOYJ,2025-12-15,118299,1,156,0,435.0
10109996GODOYJ_2025-12-15_G09,10109996GODOYJ,2025-12-15,110375,1,1,0,611.0
10109996GODOYJ_2025-12-15_G10,10109996GODOYJ,2025-12-15,109643,2,5,10,121.0
10109996GODOYJ_2025-12-15_G11,10109996GODOYJ,2025-12-15,110325,2,18,16,215.0
10109996GODOYJ_2025-12-15_G12,10109996GODOYJ,2025-12-15,117808,1,71,0,1126.0
10109996GODOYJ_2025-12-15_G13,10109996GODOYJ,2025-12-15,118299,2,14,8,1792.0
10109996GODOYJ_2025-12-15_G14,10109996GODOYJ,2025-12-15,118299,1,6,0,199.0
10109996GODOYJ_2025-12-15_G15,10109996GODOYJ,2025-12-15,118299,1,25,0,264.0
10109996GODOYJ_2025-12-15_G16,10109996GODOYJ,2025-12-15,118299,1,2,0,294.0
10109996GODOYJ_2025-12-15_G17,10109996GODOYJ,2025-12-15,140923,1,2,0,553.0
10109996GODOYJ_2025-12-15_G18,10109996GODOYJ,2025-12-15,110339,1,5,0,274.0
10109996GODOYJ_2025-12-15_G19,10109996GODOYJ,2025-12-15,111530,1,2,0,120.0
10109996GODOYJ_2025-12-15_G20,10109996GODOYJ,2025-12-15,117855,1,4,0,169.0
10109996GODOYJ_2025-12-15_G21,10109996GODOYJ,2025-12-15,111602,1,4,0,145.0
10109996GODOYJ_2025-12-15_G22,10109996GODOYJ,2025-12-15,108711,1,4,0,138.0
10109996GODOYJ_2025-12-15_G23,10109996GODOYJ,2025-12-15,111466,1,2,0,161.0
10109996GODOYJ_2025-12-15_G24,10109996GODOYJ,2025-12-15,110740,1,4,0,100.0
10109996GODOYJ_2025-12-15_G25,10109996GODOYJ,2025-12-15,110372,1,4,0,136.0
10109996GODOYJ_2025-12-15_G26,10109996GODOYJ,2025-12-15,117785,1,4,0,360.0
10109996GODOYJ_2025-12-15_G27,10109996GODOYJ,2025-12-15,"117853, 117935",2,16,19,1351.0
10109996GODOYJ_2025-12-15_G28,10109996GODOYJ,2025-12-15,140923,1,5,0,398.0
10109996GODOYJ_2025-12-15_G29,10109996GODOYJ,2025-12-15,111602,1,1,0,94.0
10109996GODOYJ_2025-12-15_G30,10109996GODOYJ,2025-12-15,111743,1,3,0,331.0
10109996GODOYJ_2025-12-15_G31,10109996GODOYJ,2025-12-15,117785,1,24,0,175.0
10109996GODOYJ_2025-12-15_G32,10109996GODOYJ,2025-12-15,118140,1,1,0,197.0
10109996GODOYJ_2025-12-15_G33,10109996GODOYJ,2025-12-15,110339,1,6,0,804.0
10109996GODOYJ_2025-12-15_G34,10109996GODOYJ,2025-12-15,117785,1,5,0,146.0
10109996GODOYJ_2025-12-15_G35,10109996GODOYJ,2025-12-15,108798,1,2,0,245.0
10109996GODOYJ_2025-12-15_G36,10109996GODOYJ,2025-12-15,118299,1,10,0,140.0
10109996GODOYJ_2025-12-15_G37,10109996GODOYJ,2025-12-15,118222,1,4,0,298.0
10109996GODOYJ_2025-12-15_G38,10109996GODOYJ,2025-12-15,118094,1,4,0,85.0
10109996GODOYJ_2025-12-15_G39,10109996GODOYJ,2025-12-15,110711,1,5,0,204.0
10109996GODOYJ_2025-12-15_G40,10109996GODOYJ,2025-12-15,141456,1,8,0,154.0
10109996GODOYJ_2025-12-15_G41,10109996GODOYJ,2025-12-15,110740,1,9,0,181.0
10109996GODOYJ_2025-12-15_G42,10109996GODOYJ,2025-12-15,111655,1,4,0,636.0
10109996GODOYJ_2025-12-15_G43,10109996GODOYJ,2025-12-15,141456,1,2,0,93.0
10109996GODOYJ_2025-12-15_G44,10109996GODOYJ,2025-12-15,110740,1,4,0,120.0
10109996GODOYJ_2025-12-15_G45,10109996GODOYJ,2025-12-15,111602,1,2,0,150.0
10109996GODOYJ_2025-12-15_G46,10109996GODOYJ,2025-12-15,117832,1,14,0,233.0
10109996GODOYJ_2025-12-15_G47,10109996GODOYJ,2025-12-15,117853,1,20,0,386.0
10109996GODOYJ_2025-12-15_G48,10109996GODOYJ,2025-12-15,111172,1,6,0,321.0
10109996GODOYJ_2025-12-15_G49,10109996GODOYJ,2025-12-15,108711,1,6,0,138.0
10109996GODOYJ_2025-12-15_G50,10109996GODOYJ,2025-12-15,117787,1,6,0,147.0
10109996GODOYJ_2025-12-15_G51,10109996GODOYJ,2025-12-15,141457,1,4,0,64.0
10109996GODOYJ_2025-12-15_G52,10109996GODOYJ,2025-12-15,117832,1,4,0,91.0
10109996GODOYJ_2025-12-15_G54,10109996GODOYJ,2025-12-15,110895,1,16,0,714.0
10109996GODOYJ_2025-12-15_G55,10109996GODOYJ,2025-12-15,141916,1,3,0,164.0
10109996GODOYJ_2025-12-15_G56,10109996GODOYJ,2025-12-15,111602,2,30,16,767.0
10109996GODOYJ_2025-12-15_G57,10109996GODOYJ,2025-12-15,111465,1,15,0,767.0
10109996GODOYJ_2025-12-15_G58,10109996GODOYJ,2025-12-15,111172,1,40,0,678.0
10109996GODOYJ_2025-12-15_G59,10109996GODOYJ,2025-12-15,140922,1,16,0,204.0
10109996GODOYJ_2025-12-15_G60,10109996GODOYJ,2025-12-15,110743,1,6,0,183.0
10109996GODOYJ_2025-12-16_G02,10109996GODOYJ,2025-12-16,111466,1,640,0,656.0
10109996GODOYJ_2025-12-16_G03,10109996GODOYJ,2025-12-16,141261,1,700,0,2050.0
10109996GODOYJ_2025-12-16_G04,10109996GODOYJ,2025-12-16,118222,1,2,0,2300.0
10109996GODOYJ_2025-12-16_G05,10109996GODOYJ,2025-12-16,110747,1,4,0,217.0
10109996GODOYJ_2025-12-16_G06,10109996GODOYJ,2025-12-16,117788,1,4,0,218.0
10109996GODOYJ_2025-12-16_G07,10109996GODOYJ,2025-12-16,118094,1,4,0,206.0
10109996GODOYJ_2025-12-16_G08,10109996GODOYJ,2025-12-16,140923,1,4,0,155.0
10109996GODOYJ_2025-12-16_G09,10109996GODOYJ,2025-12-16,117855,1,2,0,176.0
10109996GODOYJ_2025-12-16_G10,10109996GODOYJ,2025-12-16,111467,1,2,0,154.0
10109996GODOYJ_2025-12-16_G11,10109996GODOYJ,2025-12-16,111743,1,1,0,128.0
10109996GODOYJ_2025-12-16_G12,10109996GODOYJ,2025-12-16,117785,1,2,0,43.0
10109996GODOYJ_2025-12-16_G13,10109996GODOYJ,2025-12-16,111466,1,1,0,55.0
10109996GODOYJ_2025-12-16_G14,10109996GODOYJ,2025-12-16,108711,1,1,0,74.0
10109996GODOYJ_2025-12-16_G15,10109996GODOYJ,2025-12-16,105705,1,4,0,132.0
10109996GODOYJ_2025-12-16_G16,10109996GODOYJ,2025-12-16,107236,1,2,0,106.0
10109996GODOYJ_2025-12-16_G17,10109996GODOYJ,2025-12-16,118140,1,3,0,47.0
10109996GODOYJ_2025-12-16_G18,10109996GODOYJ,2025-12-16,110374,1,4,0,97.0
10109996GODOYJ_2025-12-16_G19,10109996GODOYJ,2025-12-16,117808,1,8,0,181.0
10109996GODOYJ_2025-12-16_G20,10109996GODOYJ,2025-12-16,103149,1,4,0,446.0
10109996GODOYJ_2025-12-16_G21,10109996GODOYJ,2025-12-16,111430,1,3,0,108.0
10109996GODOYJ_2025-12-16_G22,10109996GODOYJ,2025-12-16,111569,1,1,0,75.0
10109996GODOYJ_2025-12-16_G23,10109996GODOYJ,2025-12-16,110711,1,6,0,1534.0
10109996GODOYJ_2025-12-16_G24,10109996GODOYJ,2025-12-16,160053,1,3,0,373.0
10109996GODOYJ_2025-12-16_G25,10109996GODOYJ,2025-12-16,111602,1,8,0,337.0
10109996GODOYJ_2025-12-16_G26,10109996GODOYJ,2025-12-16,111602,1,24,0,400.0
10109996GODOYJ_2025-12-16_G27,10109996GODOYJ,2025-12-16,117853,2,10,8,772.0
10109996GODOYJ_2025-12-16_G28,10109996GODOYJ,2025-12-16,111530,1,7,0,856.0
10109996GODOYJ_2025-12-16_G29,10109996GODOYJ,2025-12-16,111530,1,9,0,242.0
10109996GODOYJ_2025-12-16_G30,10109996GODOYJ,2025-12-16,110373,1,10,0,197.0
10109996GODOYJ_2025-12-16_G31,10109996GODOYJ,2025-12-16,111602,1,5,0,476.0
10109996GODOYJ_2025-12-16_G32,10109996GODOYJ,2025-12-16,111530,1,4,0,47.0
10109996GODOYJ_2025-12-16_G33,10109996GODOYJ,2025-12-16,108711,1,2,0,142.0
10109996GODOYJ_2025-12-16_G34,10109996GODOYJ,2025-12-16,117830,1,1,0,76.0
10109996GODOYJ_2025-12-16_G35,10109996GODOYJ,2025-12-16,111602,1,24,0,257.0
10109996GODOYJ_2025-12-16_G36,10109996GODOYJ,2025-12-16,110373,1,6,0,203.0
10109996GODOYJ_2025-12-16_G38,10109996GODOYJ,2025-12-16,109645,1,2,0,57.0
10109996GODOYJ_2025-12-16_G39,10109996GODOYJ,2025-12-16,141456,1,2,0,55.0
10109996GODOYJ_2025-12-16_G40,10109996GODOYJ,2025-12-16,117838,1,2,0,96.0
10109996GODOYJ_2025-12-16_G41,10109996GODOYJ,2025-12-16,109641,1,2,0,93.0
10109996GODOYJ_2025-12-16_G42,10109996GODOYJ,2025-12-16,117831,1,2,0,79.0
10109996GODOYJ_2025-12-16_G43,10109996GODOYJ,2025-12-16,107236,1,2,0,52.0
10109996GODOYJ_2025-12-16_G44,10109996GODOYJ,2025-12-16,117787,1,2,0,49.0
10109996GODOYJ_2025-12-16_G45,10109996GODOYJ,2025-12-16,110740,1,4,0,67.0
10109996GODOYJ_2025-12-16_G46,10109996GODOYJ,2025-12-16,117821,1,1,0,75.0
10109996GODOYJ_2025-12-16_G47,10109996GODOYJ,2025-12-16,118222,1,4,0,162.0
10109996GODOYJ_2025-12-16_G48,10109996GODOYJ,2025-12-16,110895,1,1,0,88.0
10109996GODOYJ_2025-12-16_G49,10109996GODOYJ,2025-12-16,117809,1,2,0,59.0
10109996GODOYJ_2025-12-16_G50,10109996GODOYJ,2025-12-16,111430,1,2,0,499.0
10109996GODOYJ_2025-12-16_G51,10109996GODOYJ,2025-12-16,141318,1,4,0,128.0
10109996GODOYJ_2025-12-16_G52,10109996GODOYJ,2025-12-16,140923,1,2,0,115.0
10109996GODOYJ_2025-12-16_G53,10109996GODOYJ,2025-12-16,109647,1,4,0,156.0
10109996GODOYJ_2025-12-16_G54,10109996GODOYJ,2025-12-16,110374,1,6,0,123.0
10109996GODOYJ_2025-12-16_G55,10109996GODOYJ,2025-12-16,117830,1,6,0,176.0
10109996GODOYJ_2025-12-16_G56,10109996GODOYJ,2025-12-16,110376,1,2,0,49.0
10109996GODOYJ_2025-12-16_G57,10109996GODOYJ,2025-12-16,111172,1,4,0,187.0
10109996GODOYJ_2025-12-16_G58,10109996GODOYJ,2025-12-16,140922,1,12,0,144.0
10109996GODOYJ_2025-12-16_G59,10109996GODOYJ,2025-12-16,109645,1,4,0,101.0
10109996GODOYJ_2025-12-16_G60,10109996GODOYJ,2025-12-16,111466,1,8,0,282.0
10109996GODOYJ_2025-12-16_G61,10109996GODOYJ,2025-12-16,141271,1,2,0,73.0
10109996GODOYJ_2025-12-16_G62,10109996GODOYJ,2025-12-16,111468,1,5,0,35.0
10109996GODOYJ_2025-12-16_G63,10109996GODOYJ,2025-12-16,141458,1,10,0,211.0
10109996GODOYJ_2025-12-16_G64,10109996GODOYJ,2025-12-16,110374,1,6,0,1751.0
10109996GODOYJ_2025-12-16_G65,10109996GODOYJ,2025-12-16,117822,1,6,0,175.0
10109996GODOYJ_2025-12-16_G66,10109996GODOYJ,2025-12-16,110375,1,2,0,42.0
10109996GODOYJ_2025-12-16_G67,10109996GODOYJ,2025-12-16,111463,1,14,0,204.0
10109996GODOYJ_2025-12-16_G68,10109996GODOYJ,2025-12-16,140922,1,4,0,176.0
10109996GODOYJ_2025-12-16_G69,10109996GODOYJ,2025-12-16,"109645, 110751",2,8,12,124.0
10109996GODOYJ_2025-12-16_G70,10109996GODOYJ,2025-12-16,111743,1,15,0,135.0
10109996GODOYJ_2025-12-16_G71,10109996GODOYJ,2025-12-16,117785,1,2,0,32.0
10109996GODOYJ_2025-12-17_G02,10109996GODOYJ,2025-12-17,110745,1,4,0,70.0
10109996GODOYJ_2025-12-17_G03,10109996GODOYJ,2025-12-17,118140,1,23,0,381.0
10109996GODOYJ_2025-12-17_G04,10109996GODOYJ,2025-12-17,110376,1,17,0,386.0
10109996GODOYJ_2025-12-17_G06,10109996GODOYJ,2025-12-17,110375,1,4,0,344.0
10109996GODOYJ_2025-12-17_G07,10109996GODOYJ,2025-12-17,110325,1,12,0,121.0
10109996GODOYJ_2025-12-17_G08,10109996GODOYJ,2025-12-17,118299,1,356,0,196.0
10109996GODOYJ_2025-12-17_G09,10109996GODOYJ,2025-12-17,109640,1,20,0,1465.0
10109996GODOYJ_2025-12-17_G10,10109996GODOYJ,2025-12-17,110895,1,10,0,2453.0
10109996GODOYJ_2025-12-17_G11,10109996GODOYJ,2025-12-17,118290,1,1,0,128.0
10109996GODOYJ_2025-12-17_G12,10109996GODOYJ,2025-12-17,118094,1,4,0,183.0
10109996GODOYJ_2025-12-17_G13,10109996GODOYJ,2025-12-17,117861,1,2,0,116.0
10109996GODOYJ_2025-12-17_G14,10109996GODOYJ,2025-12-17,111602,1,12,0,284.0
10109996GODOYJ_2025-12-17_G15,10109996GODOYJ,2025-12-17,110339,1,4,0,228.0
10109996GODOYJ_2025-12-17_G16,10109996GODOYJ,2025-12-17,108361,1,4,0,170.0
10109996GODOYJ_2025-12-17_G18,10109996GODOYJ,2025-12-17,118222,1,3,0,2689.0
10109996GODOYJ_2025-12-17_G19,10109996GODOYJ,2025-12-17,110895,1,2,0,230.0
10109996GODOYJ_2025-12-17_G20,10109996GODOYJ,2025-12-17,110339,1,2,0,62.0
10109996GODOYJ_2025-12-17_G21,10109996GODOYJ,2025-12-17,117862,1,8,0,310.0
10109996GODOYJ_2025-12-17_G22,10109996GODOYJ,2025-12-17,108795,1,3,0,1535.0
10109996GODOYJ_2025-12-17_G23,10109996GODOYJ,2025-12-17,141456,1,9,0,188.0
10109996GODOYJ_2025-12-17_G24,10109996GODOYJ,2025-12-17,117785,1,12,0,79.0
10109996GODOYJ_2025-12-17_G25,10109996GODOYJ,2025-12-17,141823,1,7,0,482.0
10109996GODOYJ_2025-12-17_G26,10109996GODOYJ,2025-12-17,117831,1,2,0,72.0
10109996GODOYJ_2025-12-17_G27,10109996GODOYJ,2025-12-17,110740,1,10,0,114.0
10109996GODOYJ_2025-12-17_G28,10109996GODOYJ,2025-12-17,118317,1,1,0,502.0
10109996GODOYJ_2025-12-20_G02,10109996GODOYJ,2025-12-20,111441,2,22,15,91.0
10109996GODOYJ_2025-12-20_G03,10109996GODOYJ,2025-12-20,"118251, 117834",2,6,30,1086.0
10109996GODOYJ_2025-12-20_G04,10109996GODOYJ,2025-12-20,110747,1,12,0,407.0
10109996GODOYJ_2025-12-20_G05,10109996GODOYJ,2025-12-20,114650,1,2,0,870.0
10109996GODOYJ_2025-12-20_G06,10109996GODOYJ,2025-12-20,111876,1,4,0,294.0
10109996GODOYJ_2025-12-20_G07,10109996GODOYJ,2025-12-20,110374,1,7,0,626.0
10109996GODOYJ_2025-12-20_G08,10109996GODOYJ,2025-12-20,110372,1,20,0,302.0
10109996GODOYJ_2025-12-20_G09,10109996GODOYJ,2025-12-20,110371,1,8,0,187.0
10109996GODOYJ_2025-12-20_G10,10109996GODOYJ,2025-12-20,117808,1,4,0,100.0
10109996GODOYJ_2025-12-20_G11,10109996GODOYJ,2025-12-20,110372,1,378,0,3187.0
10109996GODOYJ_2025-12-20_G12,10109996GODOYJ,2025-12-20,111569,1,6,0,234.0
10109996GODOYJ_2025-12-20_G13,10109996GODOYJ,2025-12-20,108795,1,4,0,1791.0
10109996GODOYJ_2025-12-20_G14,10109996GODOYJ,2025-12-20,111463,1,4,0,224.0
10109996GODOYJ_2025-12-20_G15,10109996GODOYJ,2025-12-20,140922,2,6,6,59.0
10109996GODOYJ_2025-12-20_G16,10109996GODOYJ,2025-12-20,141456,1,1,0,114.0
10109996GODOYJ_2025-12-20_G17,10109996GODOYJ,2025-12-20,117785,2,6,7,31.0
10109996GODOYJ_2025-12-20_G18,10109996GODOYJ,2025-12-20,141823,4,11,23,151.0
10109996GODOYJ_2025-12-20_G19,10109996GODOYJ,2025-12-20,109641,2,10,8,102.0
10109996GODOYJ_2025-12-20_G20,10109996GODOYJ,2025-12-20,105705,1,2,0,153.0
10109996GODOYJ_2025-12-20_G21,10109996GODOYJ,2025-12-20,117831,2,4,8,86.0
10109996GODOYJ_2025-12-20_G22,10109996GODOYJ,2025-12-20,108711,2,3,7,54.0
10109996GODOYJ_2025-12-20_G23,10109996GODOYJ,2025-12-20,111431,1,4,0,54.0
10109996GODOYJ_2025-12-20_G24,10109996GODOYJ,2025-12-20,118140,1,4,0,156.0
10109996GODOYJ_2025-12-20_G25,10109996GODOYJ,2025-12-20,118140,2,28,13,519.0
10109996GODOYJ_2025-12-20_G26,10109996GODOYJ,2025-12-20,117787,1,4,0,872.0
10109996GODOYJ_2025-12-20_G27,10109996GODOYJ,2025-12-20,110740,1,4,0,61.0
10109996GODOYJ_2025-12-20_G28,10109996GODOYJ,2025-12-20,118317,1,2,0,113.0
10109996GODOYJ_2025-12-20_G29,10109996GODOYJ,2025-12-20,"111466, 117821",2,8,28,61.0
10109996GODOYJ_2025-12-20_G30,10109996GODOYJ,2025-12-20,117785,2,12,8,183.0
10109996GODOYJ_2025-12-20_G32,10109996GODOYJ,2025-12-20,117830,1,15,0,349.0
10109996GODOYJ_2025-12-20_G33,10109996GODOYJ,2025-12-20,117832,1,7,0,141.0
10109996GODOYJ_2025-12-20_G34,10109996GODOYJ,2025-12-20,117809,2,4,7,110.0
10109996GODOYJ_2025-12-20_G35,10109996GODOYJ,2025-12-20,111438,1,56,0,685.0
10109996GODOYJ_2025-12-20_G36,10109996GODOYJ,2025-12-20,118222,1,40,0,734.0
10109996GODOYJ_2025-12-20_G37,10109996GODOYJ,2025-12-20,118253,1,8,0,257.0
10109996GODOYJ_2025-12-20_G38,10109996GODOYJ,2025-12-20,110747,1,2,0,85.0
10109996GODOYJ_2025-12-23_G02,10109996GODOYJ,2025-12-23,109648,2,31,12,239.0
10109996GODOYJ_2025-12-23_G03,10109996GODOYJ,2025-12-23,117822,1,2,0,729.0
10109996GODOYJ_2025-12-23_G04,10109996GODOYJ,2025-12-23,110375,1,6,0,186.0
10109996GODOYJ_2025-12-23_G05,10109996GODOYJ,2025-12-23,117832,1,20,0,433.0
10109996GODOYJ_2025-12-23_G06,10109996GODOYJ,2025-12-23,110752,1,4,0,655.0
10109996GODOYJ_2025-12-23_G07,10109996GODOYJ,2025-12-23,110752,1,8,0,177.0
10109996GODOYJ_2025-12-23_G08,10109996GODOYJ,2025-12-23,140923,1,76,0,299.0
10109996GODOYJ_2025-12-23_G09,10109996GODOYJ,2025-12-23,110753,1,15,0,298.0
10109996GODOYJ_2025-12-23_G10,10109996GODOYJ,2025-12-23,110750,1,4,0,104.0
10109996GODOYJ_2025-12-23_G11,10109996GODOYJ,2025-12-23,107629,1,9,0,190.0
10109996GODOYJ_2025-12-23_G12,10109996GODOYJ,2025-12-23,"117786, 110756",3,31,26,1351.0
10109996GODOYJ_2025-12-23_G13,10109996GODOYJ,2025-12-23,109640,1,2,0,112.0
10109996GODOYJ_2025-12-23_G14,10109996GODOYJ,2025-12-23,110711,1,68,0,245.0
10109996GODOYJ_2025-12-23_G15,10109996GODOYJ,2025-12-23,111439,1,2,0,378.0
10109996GODOYJ_2025-12-23_G16,10109996GODOYJ,2025-12-23,111439,1,10,0,109.0
10109996GODOYJ_2025-12-23_G17,10109996GODOYJ,2025-12-23,117837,1,4,0,105.0
10109996GODOYJ_2025-12-23_G18,10109996GODOYJ,2025-12-23,107629,1,21,0,407.0
10109996GODOYJ_2025-12-23_G19,10109996GODOYJ,2025-12-23,110374,1,4,0,1297.0
10109996GODOYJ_2025-12-23_G20,10109996GODOYJ,2025-12-23,110372,1,20,0,196.0
10109996GODOYJ_2025-12-23_G21,10109996GODOYJ,2025-12-23,110371,1,3,0,90.0
10109996GODOYJ_2025-12-23_G22,10109996GODOYJ,2025-12-23,117820,1,100,0,418.0
10109996GODOYJ_2025-12-23_G23,10109996GODOYJ,2025-12-23,117830,2,23,9,460.0
10109996GODOYJ_2025-12-23_G24,10109996GODOYJ,2025-12-23,117832,2,28,9,376.0
10109996GODOYJ_2025-12-23_G25,10109996GODOYJ,2025-12-23,160053,1,6,0,1377.0
10109996GODOYJ_2025-12-23_G26,10109996GODOYJ,2025-12-23,109643,1,4,0,100.0
10109996GODOYJ_2025-12-23_G27,10109996GODOYJ,2025-12-23,117808,3,526,42,153.0
10109996GODOYJ_2025-12-23_G28,10109996GODOYJ,2025-12-23,110373,1,2,0,1313.0
10109996GODOYJ_2025-12-23_G29,10109996GODOYJ,2025-12-23,141202,1,8,0,41.0
10109996GODOYJ_2025-12-23_G32,10109996GODOYJ,2025-12-23,110745,1,36,0,429.0
10109996GODOYJ_2025-12-23_G33,10109996GODOYJ,2025-12-23,110376,1,435,0,967.0
10109996GODOYJ_2025-12-24_G02,10109996GODOYJ,2025-12-24,111418,2,59,23,721.0
10109996GODOYJ_2025-12-26_G02,10109996GODOYJ,2025-12-26,111438,1,2,0,101.0
10109996GODOYJ_2025-12-26_G03,10109996GODOYJ,2025-12-26,110755,1,2,0,265.0
10109996GODOYJ_2025-12-26_G04,10109996GODOYJ,2025-12-26,110747,1,8,0,209.0
10109996GODOYJ_2025-12-26_G05,10109996GODOYJ,2025-12-26,110372,1,81,0,881.0
10109996GODOYJ_2025-12-26_G06,10109996GODOYJ,2025-12-26,117822,1,4,0,197.0
10109996GODOYJ_2025-12-26_G07,10109996GODOYJ,2025-12-26,110371,1,22,0,150.0
10109996GODOYJ_2025-12-26_G08,10109996GODOYJ,2025-12-26,117830,3,56,22,555.0
10109996GODOYJ_2025-12-26_G09,10109996GODOYJ,2025-12-26,110375,1,4,0,347.0
10109996GODOYJ_2025-12-26_G10,10109996GODOYJ,2025-12-26,110325,1,2,0,97.0
10109996GODOYJ_2025-12-26_G11,10109996GODOYJ,2025-12-26,117832,4,30,20,116.0
10109996GODOYJ_2025-12-26_G13,10109996GODOYJ,2025-12-26,111441,1,2,0,176.0
10109996GODOYJ_2025-12-26_G14,10109996GODOYJ,2025-12-26,110747,1,6,0,50.0
10109996GODOYJ_2025-12-26_G15,10109996GODOYJ,2025-12-26,111462,1,8,0,292.0
10109996GODOYJ_2025-12-26_G16,10109996GODOYJ,2025-12-26,117808,1,4,0,129.0
10109996GODOYJ_2025-12-26_G17,10109996GODOYJ,2025-12-26,110373,1,4,0,107.0
10109996GODOYJ_2025-12-26_G18,10109996GODOYJ,2025-12-26,110755,1,5,0,585.0
10109996GODOYJ_2025-12-26_G19,10109996GODOYJ,2025-12-26,141916,1,2,0,258.0
10109996GODOYJ_2025-12-26_G20,10109996GODOYJ,2025-12-26,111441,2,4,8,195.0
10109996GODOYJ_2025-12-26_G21,10109996GODOYJ,2025-12-26,118140,1,8,0,142.0
10109996GODOYJ_2025-12-26_G22,10109996GODOYJ,2025-12-26,111443,1,4,0,67.0
10109996GODOYJ_2025-12-26_G23,10109996GODOYJ,2025-12-26,118222,1,8,0,1560.0
10109996GODOYJ_2025-12-26_G24,10109996GODOYJ,2025-12-26,110742,1,4,0,183.0
10109996GODOYJ_2025-12-26_G25,10109996GODOYJ,2025-12-26,111441,1,12,0,492.0
10109996GODOYJ_2025-12-26_G26,10109996GODOYJ,2025-12-26,111418,1,8,0,300.0
10109996GODOYJ_2025-12-26_G27,10109996GODOYJ,2025-12-26,110374,1,8,0,176.0
10109996GODOYJ_2025-12-26_G28,10109996GODOYJ,2025-12-26,110372,1,7,0,484.0
10109996GODOYJ_2025-12-26_G29,10109996GODOYJ,2025-12-26,117830,1,3,0,230.0
10109996GODOYJ_2025-12-26_G30,10109996GODOYJ,2025-12-26,110373,1,10,0,175.0
10109996GODOYJ_2025-12-26_G31,10109996GODOYJ,2025-12-26,111330,1,1,0,264.0
10109996GODOYJ_2025-12-26_G32,10109996GODOYJ,2025-12-26,117785,1,7,0,82.0
10109996GODOYJ_2025-12-26_G33,10109996GODOYJ,2025-12-26,110787,1,16,0,174.0
10109996GODOYJ_2025-12-26_G34,10109996GODOYJ,2025-12-26,141823,1,4,0,66.0
10109996GODOYJ_2025-12-26_G36,10109996GODOYJ,2025-12-26,117861,1,8,0,95.0
10109996GODOYJ_2025-12-26_G37,10109996GODOYJ,2025-12-26,117853,1,4,0,188.0
10109996GODOYJ_2025-12-26_G38,10109996GODOYJ,2025-12-26,117862,1,12,0,149.0
10109996GODOYJ_2025-12-26_G39,10109996GODOYJ,2025-12-26,117820,1,12,0,475.0
10109996GODOYJ_2025-12-26_G40,10109996GODOYJ,2025-12-26,110373,1,10,0,153.0
10109996GODOYJ_2025-12-26_G41,10109996GODOYJ,2025-12-26,111462,1,5,0,107.0
10109996GODOYJ_2025-12-27_G02,10109996GODOYJ,2025-12-27,111655,1,3,0,148.0
10109996GODOYJ_2025-12-27_G03,10109996GODOYJ,2025-12-27,100334,1,15,0,456.0
10109996GODOYJ_2025-12-27_G04,10109996GODOYJ,2025-12-27,118299,1,300,0,750.0
10109996GODOYJ_2025-12-27_G05,10109996GODOYJ,2025-12-27,117808,1,300,0,1052.0
10109996GODOYJ_2025-12-27_G06,10109996GODOYJ,2025-12-27,110373,1,200,0,467.0
10109996GODOYJ_2025-12-27_G07,10109996GODOYJ,2025-12-27,110373,1,57,0,602.0
10109996GODOYJ_2025-12-29_G02,10109996GODOYJ,2025-12-29,111463,1,16,0,275.0
10109996GODOYJ_2025-12-29_G03,10109996GODOYJ,2025-12-29,111469,1,22,0,80.0
10109996GODOYJ_2025-12-29_G04,10109996GODOYJ,2025-12-29,"111469, 117831",3,65,38,337.0
10109996GODOYJ_2025-12-29_G05,10109996GODOYJ,2025-12-29,117831,1,51,0,282.0
10109996GODOYJ_2025-12-29_G06,10109996GODOYJ,2025-12-29,117831,1,63,0,45.0
10109996GODOYJ_2025-12-29_G07,10109996GODOYJ,2025-12-29,108711,1,8,0,430.0
10109996GODOYJ_2025-12-29_G08,10109996GODOYJ,2025-12-29,107892,1,26,0,2309.0
10109996GODOYJ_2025-12-29_G09,10109996GODOYJ,2025-12-29,140922,1,30,0,749.0
10109996GODOYJ_2025-12-29_G10,10109996GODOYJ,2025-12-29,140922,1,100,0,688.0
10109996GODOYJ_2025-12-29_G11,10109996GODOYJ,2025-12-29,108711,1,10,0,170.0
10109996GODOYJ_2025-12-30_G02,10109996GODOYJ,2025-12-30,111462,1,87,0,314.0
10109996GODOYJ_2025-12-30_G03,10109996GODOYJ,2025-12-30,117808,1,432,0,738.0
10109996GODOYJ_2025-12-30_G04,10109996GODOYJ,2025-12-30,110373,1,487,0,1027.0
10109996GODOYJ_2025-12-30_G05,10109996GODOYJ,2025-12-30,118299,1,132,0,716.0
10109996GODOYJ_2025-12-30_G06,10109996GODOYJ,2025-12-30,107830,1,30,0,214.0
10109996GODOYJ_2025-12-30_G07,10109996GODOYJ,2025-12-30,111602,1,80,0,2026.0
10109996GODOYJ_2025-12-30_G08,10109996GODOYJ,2025-12-30,111530,1,20,0,407.0
10109996GODOYJ_2025-12-30_G09,10109996GODOYJ,2025-12-30,140922,1,80,0,477.0
10109996GODOYJ_2025-12-30_G10,10109996GODOYJ,2025-12-30,117808,1,756,0,2013.0
10109996GODOYJ_2025-12-30_G12,10109996GODOYJ,2025-12-30,111418,1,100,0,455.0
10109996GODOYJ_2025-12-30_G13,10109996GODOYJ,2025-12-30,111532,1,120,0,748.0
10109996GODOYJ_2025-12-30_G14,10109996GODOYJ,2025-12-30,111532,2,117,9,627.0
10109996GODOYJ_2025-12-30_G15,10109996GODOYJ,2025-12-30,110787,1,12,0,523.0
10109996GODOYJ_2025-12-30_G16,10109996GODOYJ,2025-12-30,117831,1,60,0,79.0
10109996GODOYJ_2025-12-30_G17,10109996GODOYJ,2025-12-30,108711,1,8,0,446.0
10109996GODOYJ_2025-12-30_G18,10109996GODOYJ,2025-12-30,117821,1,8,0,236.0
10109996GODOYJ_2025-12-30_G19,10109996GODOYJ,2025-12-30,141456,1,80,0,178.0
10109996GODOYJ_2025-12-30_G21,10109996GODOYJ,2025-12-30,117820,1,30,0,1636.0
10109996GODOYJ_2025-12-31_G02,10109996GODOYJ,2025-12-31,111532,1,20,0,370.0
10109996GODOYJ_2025-12-31_G03,10109996GODOYJ,2025-12-31,117837,1,2,0,132.0
10109996GODOYJ_2025-12-31_G04,10109996GODOYJ,2025-12-31,110751,1,4,0,157.0
10109996GODOYJ_2025-12-31_G05,10109996GODOYJ,2025-12-31,117831,1,8,0,230.0
10109996GODOYJ_2025-12-31_G06,10109996GODOYJ,2025-12-31,118140,1,6,0,127.0
10109996GODOYJ_2025-12-31_G07,10109996GODOYJ,2025-12-31,117822,1,2,0,329.0
10109996GODOYJ_2025-12-31_G08,10109996GODOYJ,2025-12-31,110742,1,4,0,160.0
10109996GODOYJ_2025-12-31_G09,10109996GODOYJ,2025-12-31,111462,1,4,0,183.0
10109996GODOYJ_2025-12-31_G10,10109996GODOYJ,2025-12-31,107830,1,4,0,102.0
10109996GODOYJ_2025-12-31_G11,10109996GODOYJ,2025-12-31,111442,1,29,0,356.0
10109996GODOYJ_2025-12-31_G12,10109996GODOYJ,2025-12-31,141155,1,6,0,321.0
10109996GODOYJ_2025-12-31_G13,10109996GODOYJ,2025-12-31,141262,1,7,0,161.0
10109996GODOYJ_2025-12-31_G14,10109996GODOYJ,2025-12-31,118191,1,16,0,196.0
10109996GODOYJ_2025-12-31_G15,10109996GODOYJ,2025-12-31,111532,1,4,0,78.0
10109996GODOYJ_2025-12-31_G16,10109996GODOYJ,2025-12-31,111442,1,16,0,165.0
10109996GODOYJ_2025-12-31_G17,10109996GODOYJ,2025-12-31,106326,1,2,0,1382.0
10109996GODOYJ_2025-12-31_G18,10109996GODOYJ,2025-12-31,111442,2,8,17,131.0
10109996GODOYJ_2025-12-31_G19,10109996GODOYJ,2025-12-31,111462,1,2,0,128.0
10109996GODOYJ_2025-12-31_G20,10109996GODOYJ,2025-12-31,107830,2,2,8,110.0
10109996GODOYJ_2025-12-31_G21,10109996GODOYJ,2025-12-31,111532,1,3,0,871.0
10109996GODOYJ_2025-12-31_G22,10109996GODOYJ,2025-12-31,111442,1,4,0,40.0
10109996GODOYJ_2025-12-31_G23,10109996GODOYJ,2025-12-31,110313,1,4,0,101.0
10109996GODOYJ_2025-12-31_G24,10109996GODOYJ,2025-12-31,111442,1,4,0,141.0
10109996GODOYJ_2026-01-07_G02,10109996GODOYJ,2026-01-07,110373,1,50,0,744.0
10109996GODOYJ_2026-01-07_G03,10109996GODOYJ,2026-01-07,118277,1,2,0,441.0
10109996GODOYJ_2026-01-07_G04,10109996GODOYJ,2026-01-07,118299,1,50,0,972.0
10109996GODOYJ_2026-01-07_G05,10109996GODOYJ,2026-01-07,110373,4,150,30,233.0
10109996GODOYJ_2026-01-07_G06,10109996GODOYJ,2026-01-07,118299,1,40,0,1406.0
10109996GODOYJ_2026-01-07_G07,10109996GODOYJ,2026-01-07,110371,1,30,0,341.0
10109996GODOYJ_2026-01-07_G08,10109996GODOYJ,2026-01-07,117820,1,37,0,299.0
10109996GODOYJ_2026-01-07_G09,10109996GODOYJ,2026-01-07,117785,1,10,0,3097.0
10109996GODOYJ_2026-01-07_G10,10109996GODOYJ,2026-01-07,111418,1,30,0,89.0
10109996GODOYJ_2026-01-07_G11,10109996GODOYJ,2026-01-07,111743,1,5,0,133.0
10109996GODOYJ_2026-01-07_G12,10109996GODOYJ,2026-01-07,110787,2,22,8,3381.0
10109996GODOYJ_2026-01-07_G13,10109996GODOYJ,2026-01-07,117831,1,20,0,315.0
10109996GODOYJ_2026-01-07_G14,10109996GODOYJ,2026-01-07,111465,1,10,0,1960.0
10109996GODOYJ_2026-01-07_G15,10109996GODOYJ,2026-01-07,111462,5,89,66,288.0
10109996GODOYJ_2026-01-10_G02,10109996GODOYJ,2026-01-10,111468,1,5,0,110.0
10109996GODOYJ_2026-01-10_G03,10109996GODOYJ,2026-01-10,111463,1,2,0,45.0
10109996GODOYJ_2026-01-10_G04,10109996GODOYJ,2026-01-10,111443,1,6,0,153.0
10109996GODOYJ_2026-01-10_G05,10109996GODOYJ,2026-01-10,118140,1,2,0,65.0
10109996GODOYJ_2026-01-10_G06,10109996GODOYJ,2026-01-10,141456,1,2,0,108.0
10109996GODOYJ_2026-01-10_G07,10109996GODOYJ,2026-01-10,117808,1,220,0,401.0
10109996GODOYJ_2026-01-10_G08,10109996GODOYJ,2026-01-10,110372,1,109,0,239.0
10109996GODOYJ_2026-01-10_G09,10109996GODOYJ,2026-01-10,118299,1,172,0,307.0
10109996GODOYJ_2026-01-10_G10,10109996GODOYJ,2026-01-10,110371,1,20,0,483.0
10109996GODOYJ_2026-01-10_G11,10109996GODOYJ,2026-01-10,111441,1,2,0,2245.0
10109996GODOYJ_2026-01-10_G12,10109996GODOYJ,2026-01-10,117856,1,7,0,324.0
10109996GODOYJ_2026-01-10_G13,10109996GODOYJ,2026-01-10,117853,1,7,0,382.0
10109996GODOYJ_2026-01-10_G14,10109996GODOYJ,2026-01-10,111532,1,7,0,759.0
10109996GODOYJ_2026-01-10_G15,10109996GODOYJ,2026-01-10,140922,1,2,0,60.0
10109996GODOYJ_2026-01-10_G16,10109996GODOYJ,2026-01-10,110372,1,3,0,300.0
10109996GODOYJ_2026-01-10_G17,10109996GODOYJ,2026-01-10,110373,1,3,0,304.0
10109996GODOYJ_2026-01-10_G18,10109996GODOYJ,2026-01-10,117830,1,6,0,170.0
10109996GODOYJ_2026-01-10_G19,10109996GODOYJ,2026-01-10,111569,1,2,0,733.0
10109996GODOYJ_2026-01-10_G20,10109996GODOYJ,2026-01-10,118290,1,2,0,166.0
10109996GODOYJ_2026-01-10_G21,10109996GODOYJ,2026-01-10,117856,1,4,0,123.0
10109996GODOYJ_2026-01-10_G22,10109996GODOYJ,2026-01-10,140923,1,7,0,183.0
10109996GODOYJ_2026-01-10_G23,10109996GODOYJ,2026-01-10,117853,1,4,0,231.0
10109996GODOYJ_2026-01-10_G24,10109996GODOYJ,2026-01-10,111532,1,6,0,479.0
10109996GODOYJ_2026-01-10_G25,10109996GODOYJ,2026-01-10,140922,1,4,0,72.0
10109996GODOYJ_2026-01-10_G26,10109996GODOYJ,2026-01-10,"110373, 117830",2,3,30,60.0
10109996GODOYJ_2026-01-10_G27,10109996GODOYJ,2026-01-10,108770,1,4,0,1612.0
10109996GODOYJ_2026-01-10_G28,10109996GODOYJ,2026-01-10,111441,1,6,0,162.0
10109996GODOYJ_2026-01-10_G29,10109996GODOYJ,2026-01-10,111438,1,2,0,182.0
10109996GODOYJ_2026-01-10_G30,10109996GODOYJ,2026-01-10,"100334, 111441",2,7,18,67.0
10109996GODOYJ_2026-01-10_G31,10109996GODOYJ,2026-01-10,140923,1,10,0,393.0
10109996GODOYJ_2026-01-10_G32,10109996GODOYJ,2026-01-10,110313,1,4,0,72.0
10109996GODOYJ_2026-01-10_G33,10109996GODOYJ,2026-01-10,111532,1,6,0,211.0
10109996GODOYJ_2026-01-10_G34,10109996GODOYJ,2026-01-10,140922,1,4,0,122.0
10109996GODOYJ_2026-01-10_G35,10109996GODOYJ,2026-01-10,141823,1,4,0,247.0
10109996GODOYJ_2026-01-10_G36,10109996GODOYJ,2026-01-10,"118140, 110740",2,5,24,127.0
10109996GODOYJ_2026-01-10_G37,10109996GODOYJ,2026-01-10,141456,1,2,0,109.0
10109996GODOYJ_2026-01-10_G38,10109996GODOYJ,2026-01-10,110372,2,14,6,349.0
10109996GODOYJ_2026-01-10_G39,10109996GODOYJ,2026-01-10,117830,1,6,0,127.0
10109996GODOYJ_2026-01-10_G40,10109996GODOYJ,2026-01-10,111441,1,4,0,1559.0
10109996GODOYJ_2026-01-10_G41,10109996GODOYJ,2026-01-10,100334,1,2,0,203.0
10109996GODOYJ_2026-01-10_G42,10109996GODOYJ,2026-01-10,111439,1,4,0,240.0
10109996GODOYJ_2026-01-10_G43,10109996GODOYJ,2026-01-10,140923,1,5,0,94.0
10109996GODOYJ_2026-01-10_G44,10109996GODOYJ,2026-01-10,"111532, 110372",2,13,28,144.0
10109996GODOYJ_2026-01-10_G45,10109996GODOYJ,2026-01-10,110373,1,8,0,234.0
10109996GODOYJ_2026-01-10_G46,10109996GODOYJ,2026-01-10,110371,1,6,0,239.0
10109996GODOYJ_2026-01-10_G48,10109996GODOYJ,2026-01-10,110373,2,15,7,110.0
10109996GODOYJ_2026-01-10_G49,10109996GODOYJ,2026-01-10,117830,2,8,8,158.0
10109996GODOYJ_2026-01-10_G50,10109996GODOYJ,2026-01-10,110371,1,9,0,317.0
10109996GODOYJ_2026-01-10_G51,10109996GODOYJ,2026-01-10,110371,1,6,0,386.0
10109996GODOYJ_2026-01-10_G52,10109996GODOYJ,2026-01-10,117840,1,2,0,108.0
10109996GODOYJ_2026-01-10_G53,10109996GODOYJ,2026-01-10,117820,2,14,9,534.0
10109996GODOYJ_2026-01-10_G54,10109996GODOYJ,2026-01-10,110375,1,1,0,172.0
10109996GODOYJ_2026-01-10_G55,10109996GODOYJ,2026-01-10,107830,1,2,0,95.0
10109996GODOYJ_2026-01-12_G02,10109996GODOYJ,2026-01-12,111532,1,6,0,168.0
10109996GODOYJ_2026-01-12_G03,10109996GODOYJ,2026-01-12,117821,1,24,0,109.0
10109996GODOYJ_2026-01-12_G04,10109996GODOYJ,2026-01-12,111172,1,12,0,398.0
10109996GODOYJ_2026-01-12_G05,10109996GODOYJ,2026-01-12,111443,1,4,0,513.0
10109996GODOYJ_2026-01-12_G06,10109996GODOYJ,2026-01-12,111463,2,203,10,1147.0
10109996GODOYJ_2026-01-12_G07,10109996GODOYJ,2026-01-12,111465,1,24,0,142.0
10109996GODOYJ_2026-01-12_G08,10109996GODOYJ,2026-01-12,110740,1,20,0,320.0
10109996GODOYJ_2026-01-12_G09,10109996GODOYJ,2026-01-12,107236,1,8,0,242.0
10109996GODOYJ_2026-01-12_G10,10109996GODOYJ,2026-01-12,111330,1,2,0,138.0
10109996GODOYJ_2026-01-12_G11,10109996GODOYJ,2026-01-12,105705,1,50,0,544.0
10109996GODOYJ_2026-01-12_G12,10109996GODOYJ,2026-01-12,117785,1,40,0,919.0
10109996GODOYJ_2026-01-12_G13,10109996GODOYJ,2026-01-12,111532,1,40,0,515.0
10109996GODOYJ_2026-01-12_G14,10109996GODOYJ,2026-01-12,117831,1,50,0,766.0
10109996GODOYJ_2026-01-12_G15,10109996GODOYJ,2026-01-12,142045,2,4,6,2390.0
10109996GODOYJ_2026-01-12_G16,10109996GODOYJ,2026-01-12,117862,1,2,0,104.0
10109996GODOYJ_2026-01-12_G17,10109996GODOYJ,2026-01-12,140923,1,2,0,67.0
10109996GODOYJ_2026-01-12_G18,10109996GODOYJ,2026-01-12,111530,2,8,7,167.0
10109996GODOYJ_2026-01-12_G19,10109996GODOYJ,2026-01-12,117855,1,2,0,160.0
10109996GODOYJ_2026-01-12_G20,10109996GODOYJ,2026-01-12,111532,1,7,0,116.0
10109996GODOYJ_2026-01-12_G21,10109996GODOYJ,2026-01-12,118140,1,8,0,100.0
10109996GODOYJ_2026-01-12_G22,10109996GODOYJ,2026-01-12,117831,1,4,0,161.0
10109996GODOYJ_2026-01-12_G23,10109996GODOYJ,2026-01-12,"111462, 140922",2,8,21,157.0
10109996GODOYJ_2026-01-12_G24,10109996GODOYJ,2026-01-12,111466,1,4,0,97.0
10109996GODOYJ_2026-01-12_G25,10109996GODOYJ,2026-01-12,141271,1,4,0,73.0
10109996GODOYJ_2026-01-12_G26,10109996GODOYJ,2026-01-12,141458,1,4,0,129.0
10109996GODOYJ_2026-01-12_G27,10109996GODOYJ,2026-01-12,141456,1,4,0,105.0
10109996GODOYJ_2026-01-12_G28,10109996GODOYJ,2026-01-12,117820,1,2,0,122.0
10109996GODOYJ_2026-01-12_G29,10109996GODOYJ,2026-01-12,110373,1,12,0,116.0
10109996GODOYJ_2026-01-12_G30,10109996GODOYJ,2026-01-12,117830,1,8,0,679.0
10109996GODOYJ_2026-01-12_G31,10109996GODOYJ,2026-01-12,142045,1,3,0,498.0
10109996GODOYJ_2026-01-12_G32,10109996GODOYJ,2026-01-12,111530,1,5,0,232.0
10109996GODOYJ_2026-01-12_G33,10109996GODOYJ,2026-01-12,117855,1,6,0,162.0
10109996GODOYJ_2026-01-12_G34,10109996GODOYJ,2026-01-12,117797,1,4,0,104.0
10109996GODOYJ_2026-01-12_G35,10109996GODOYJ,2026-01-12,142045,1,6,0,121.0
10109996GODOYJ_2026-01-12_G36,10109996GODOYJ,2026-01-12,117808,1,246,0,2901.0
10109996GODOYJ_2026-01-12_G38,10109996GODOYJ,2026-01-12,118299,1,88,0,453.0
10109996GODOYJ_2026-01-12_G39,10109996GODOYJ,2026-01-12,117832,1,8,0,375.0
10109996GODOYJ_2026-01-12_G40,10109996GODOYJ,2026-01-12,117820,1,30,0,227.0
10109996GODOYJ_2026-01-12_G41,10109996GODOYJ,2026-01-12,110325,1,8,0,1027.0
10109996GODOYJ_2026-01-12_G42,10109996GODOYJ,2026-01-12,118094,1,8,0,1560.0
10109996GODOYJ_2026-01-12_G43,10109996GODOYJ,2026-01-12,140923,1,30,0,89.0
10109996GODOYJ_2026-01-12_G44,10109996GODOYJ,2026-01-12,141047,1,2,0,255.0
10109996GODOYJ_2026-01-12_G45,10109996GODOYJ,2026-01-12,110711,1,4,0,132.0
10109996GODOYJ_2026-01-12_G46,10109996GODOYJ,2026-01-12,109640,1,2,0,141.0
10109996GODOYJ_2026-01-12_G47,10109996GODOYJ,2026-01-12,142045,1,3,0,118.0
10109996GODOYJ_2026-01-12_G48,10109996GODOYJ,2026-01-12,111569,1,2,0,63.0
10109996GODOYJ_2026-01-12_G49,10109996GODOYJ,2026-01-12,111438,1,8,0,531.0
10109996GODOYJ_2026-01-12_G50,10109996GODOYJ,2026-01-12,118306,1,2,0,117.0
10109996GODOYJ_2026-01-12_G51,10109996GODOYJ,2026-01-12,117834,1,6,0,77.0
10109996GODOYJ_2026-01-12_G52,10109996GODOYJ,2026-01-12,110747,1,8,0,146.0
10109996GODOYJ_2026-01-13_G02,10109996GODOYJ,2026-01-13,117809,1,40,0,1012.0
10109996GODOYJ_2026-01-13_G03,10109996GODOYJ,2026-01-13,117830,1,50,0,884.0
10109996GODOYJ_2026-01-13_G04,10109996GODOYJ,2026-01-13,142045,1,4,0,2222.0
10109996GODOYJ_2026-01-13_G05,10109996GODOYJ,2026-01-13,110733,1,2,0,247.0
10109996GODOYJ_2026-01-13_G06,10109996GODOYJ,2026-01-13,117855,1,4,0,97.0
10109996GODOYJ_2026-01-13_G07,10109996GODOYJ,2026-01-13,111530,1,1,0,158.0
10109996GODOYJ_2026-01-13_G08,10109996GODOYJ,2026-01-13,117862,1,2,0,330.0
10109996GODOYJ_2026-01-13_G09,10109996GODOYJ,2026-01-13,118140,1,2,0,114.0
10109996GODOYJ_2026-01-13_G10,10109996GODOYJ,2026-01-13,111418,1,5,0,144.0
10109996GODOYJ_2026-01-13_G11,10109996GODOYJ,2026-01-13,117821,1,6,0,106.0
10109996GODOYJ_2026-01-13_G12,10109996GODOYJ,2026-01-13,111466,1,1,0,126.0
10109996GODOYJ_2026-01-13_G13,10109996GODOYJ,2026-01-13,111468,1,2,0,56.0
10109996GODOYJ_2026-01-13_G14,10109996GODOYJ,2026-01-13,111463,1,5,0,419.0
10109996GODOYJ_2026-01-13_G15,10109996GODOYJ,2026-01-13,111469,1,20,0,130.0
10109996GODOYJ_2026-01-13_G16,10109996GODOYJ,2026-01-13,117808,1,2,0,1075.0
10109996GODOYJ_2026-01-13_G18,10109996GODOYJ,2026-01-13,111430,1,2,0,157.0
10109996GODOYJ_2026-01-13_G19,10109996GODOYJ,2026-01-13,117862,1,3,0,354.0
10109996GODOYJ_2026-01-13_G20,10109996GODOYJ,2026-01-13,110313,1,4,0,405.0
10109996GODOYJ_2026-01-13_G21,10109996GODOYJ,2026-01-13,111532,2,12,12,111.0
10109996GODOYJ_2026-01-13_G22,10109996GODOYJ,2026-01-13,118140,1,3,0,139.0
10109996GODOYJ_2026-01-13_G23,10109996GODOYJ,2026-01-13,111418,1,5,0,2103.0
10109996GODOYJ_2026-01-13_G24,10109996GODOYJ,2026-01-13,110372,2,6,6,205.0
10109996GODOYJ_2026-01-13_G25,10109996GODOYJ,2026-01-13,110373,1,2,0,62.0
10109996GODOYJ_2026-01-13_G26,10109996GODOYJ,2026-01-13,118299,2,5,8,51.0
10109996GODOYJ_2026-01-13_G27,10109996GODOYJ,2026-01-13,110371,1,3,0,189.0
10109996GODOYJ_2026-01-13_G28,10109996GODOYJ,2026-01-13,117830,1,1,0,87.0
10109996GODOYJ_2026-01-13_G29,10109996GODOYJ,2026-01-13,117808,2,23,5,47.0
10109996GODOYJ_2026-01-13_G30,10109996GODOYJ,2026-01-13,"111532, 117831",2,16,30,1306.0
10109996GODOYJ_2026-01-13_G31,10109996GODOYJ,2026-01-13,111418,1,15,0,146.0
10109996GODOYJ_2026-01-13_G32,10109996GODOYJ,2026-01-13,140922,1,1,0,157.0
10109996GODOYJ_2026-01-13_G33,10109996GODOYJ,2026-01-13,117821,1,2,0,55.0
10109996GODOYJ_2026-01-13_G34,10109996GODOYJ,2026-01-13,111468,1,4,0,104.0
10109996GODOYJ_2026-01-13_G35,10109996GODOYJ,2026-01-13,141458,1,4,0,107.0
10109996GODOYJ_2026-01-13_G36,10109996GODOYJ,2026-01-13,111469,1,2,0,62.0
10109996GODOYJ_2026-01-13_G38,10109996GODOYJ,2026-01-13,109643,1,2,0,190.0
10109996GODOYJ_2026-01-13_G39,10109996GODOYJ,2026-01-13,117820,1,8,0,297.0
10109996GODOYJ_2026-01-13_G40,10109996GODOYJ,2026-01-13,117830,1,2,0,161.0
10109996GODOYJ_2026-01-13_G41,10109996GODOYJ,2026-01-13,111743,1,2,0,658.0
10109996GODOYJ_2026-01-14_G02,10109996GODOYJ,2026-01-14,110372,1,50,0,3340.0
10109996GODOYJ_2026-01-14_G03,10109996GODOYJ,2026-01-14,117809,1,30,0,504.0
10109996GODOYJ_2026-01-14_G04,10109996GODOYJ,2026-01-14,118299,1,200,0,1468.0
10109996GODOYJ_2026-01-14_G05,10109996GODOYJ,2026-01-14,117820,1,100,0,346.0
10109996GODOYJ_2026-01-14_G06,10109996GODOYJ,2026-01-14,117808,1,400,0,1435.0
10109996GODOYJ_2026-01-14_G07,10109996GODOYJ,2026-01-14,110371,1,60,0,149.0
10109996GODOYJ_2026-01-14_G08,10109996GODOYJ,2026-01-14,117830,1,40,0,158.0
10109996GODOYJ_2026-01-14_G09,10109996GODOYJ,2026-01-14,110373,1,70,0,974.0
10109996GODOYJ_2026-01-14_G10,10109996GODOYJ,2026-01-14,110373,1,40,0,1997.0
10109996GODOYJ_2026-01-14_G11,10109996GODOYJ,2026-01-14,109643,1,4,0,98.0
10109996GODOYJ_2026-01-14_G12,10109996GODOYJ,2026-01-14,117830,1,18,0,283.0
10109996GODOYJ_2026-01-14_G13,10109996GODOYJ,2026-01-14,"109647, 140923",2,29,15,996.0
10109996GODOYJ_2026-01-14_G14,10109996GODOYJ,2026-01-14,110372,1,20,0,648.0
10109996GODOYJ_2026-01-14_G15,10109996GODOYJ,2026-01-14,117820,1,10,0,270.0
10109996GODOYJ_2026-01-14_G16,10109996GODOYJ,2026-01-14,110375,1,4,0,99.0
10109996GODOYJ_2026-01-14_G17,10109996GODOYJ,2026-01-14,107830,1,2,0,202.0
10109996GODOYJ_2026-01-14_G18,10109996GODOYJ,2026-01-14,110373,1,100,0,574.0
10109996GODOYJ_2026-01-14_G20,10109996GODOYJ,2026-01-14,111466,1,7,0,392.0
10109996GODOYJ_2026-01-14_G21,10109996GODOYJ,2026-01-14,111468,1,2,0,35.0
10109996GODOYJ_2026-01-14_G22,10109996GODOYJ,2026-01-14,118299,1,12,0,420.0
10109996GODOYJ_2026-01-14_G23,10109996GODOYJ,2026-01-14,"117820, 117808",2,18,27,383.0
10109996GODOYJ_2026-01-14_G24,10109996GODOYJ,2026-01-14,111438,1,2,0,895.0
10109996GODOYJ_2026-01-14_G25,10109996GODOYJ,2026-01-14,110747,1,1,0,452.0
10109996GODOYJ_2026-01-14_G26,10109996GODOYJ,2026-01-14,140923,1,3,0,201.0
10109996GODOYJ_2026-01-14_G27,10109996GODOYJ,2026-01-14,141066,1,4,0,48.0
10109996GODOYJ_2026-01-14_G28,10109996GODOYJ,2026-01-14,118140,1,2,0,336.0
10109996GODOYJ_2026-01-14_G29,10109996GODOYJ,2026-01-14,111418,1,4,0,210.0
10109996GODOYJ_2026-01-14_G30,10109996GODOYJ,2026-01-14,141458,1,4,0,89.0
10109996GODOYJ_2026-01-14_G31,10109996GODOYJ,2026-01-14,117809,1,2,0,136.0
10109996GODOYJ_2026-01-16_G02,10109996GODOYJ,2026-01-16,111443,1,10,0,555.0
10109996GODOYJ_2026-01-16_G03,10109996GODOYJ,2026-01-16,117833,1,18,0,205.0
10109996GODOYJ_2026-01-16_G04,10109996GODOYJ,2026-01-16,111469,1,40,0,1305.0
10109996GODOYJ_2026-01-16_G05,10109996GODOYJ,2026-01-16,110740,1,30,0,97.0
10109996GODOYJ_2026-01-16_G06,10109996GODOYJ,2026-01-16,108794,1,100,0,452.0
10109996GODOYJ_2026-01-16_G07,10109996GODOYJ,2026-01-16,141271,1,200,0,396.0
10109996GODOYJ_2026-01-16_G08,10109996GODOYJ,2026-01-16,141823,1,40,0,262.0
10109996GODOYJ_2026-01-16_G09,10109996GODOYJ,2026-01-16,109648,1,4,0,2455.0
10109996GODOYJ_2026-01-16_G10,10109996GODOYJ,2026-01-16,110372,1,150,0,493.0
10109996GODOYJ_2026-01-16_G11,10109996GODOYJ,2026-01-16,141202,1,15,0,244.0
10109996GODOYJ_2026-01-16_G12,10109996GODOYJ,2026-01-16,109643,1,13,0,204.0
10109996GODOYJ_2026-01-16_G13,10109996GODOYJ,2026-01-16,118281,1,40,0,245.0
10109996GODOYJ_2026-01-16_G14,10109996GODOYJ,2026-01-16,110375,1,22,0,309.0
10109996GODOYJ_2026-01-16_G15,10109996GODOYJ,2026-01-16,110373,1,200,0,331.0
10109996GODOYJ_2026-01-16_G16,10109996GODOYJ,2026-01-16,118277,1,40,0,322.0
10109996GODOYJ_2026-01-16_G17,10109996GODOYJ,2026-01-16,118280,1,25,0,350.0
10109996GODOYJ_2026-01-16_G18,10109996GODOYJ,2026-01-16,109974,1,16,0,316.0
10109996GODOYJ_2026-01-16_G19,10109996GODOYJ,2026-01-16,100334,1,24,0,1102.0
10109996GODOYJ_2026-01-16_G20,10109996GODOYJ,2026-01-16,110582,1,16,0,183.0
10109996GODOYJ_2026-01-16_G21,10109996GODOYJ,2026-01-16,111569,1,16,0,415.0
10109996GODOYJ_2026-01-16_G22,10109996GODOYJ,2026-01-16,109641,1,50,0,3429.0
10109996GODOYJ_2026-01-16_G23,10109996GODOYJ,2026-01-16,117787,1,60,0,738.0
10109996GODOYJ_2026-01-16_G24,10109996GODOYJ,2026-01-16,141458,1,150,0,832.0
10109996GODOYJ_2026-01-16_G25,10109996GODOYJ,2026-01-16,111348,1,100,0,1274.0
10109996GODOYJ_2026-01-16_G26,10109996GODOYJ,2026-01-16,109645,1,91,0,86.0
10109996GODOYJ_2026-01-16_G27,10109996GODOYJ,2026-01-16,141823,1,140,0,324.0
10109996GODOYJ_2026-01-16_G28,10109996GODOYJ,2026-01-16,111443,1,24,0,370.0
10109996GODOYJ_2026-01-16_G29,10109996GODOYJ,2026-01-16,118140,1,200,0,706.0
10109996GODOYJ_2026-01-16_G30,10109996GODOYJ,2026-01-16,109641,1,50,0,1313.0
10109996GODOYJ_2026-01-16_G31,10109996GODOYJ,2026-01-16,111468,1,20,0,462.0
10109996GODOYJ_2026-01-16_G32,10109996GODOYJ,2026-01-16,111430,1,178,0,748.0
10109996GODOYJ_2026-01-16_G33,10109996GODOYJ,2026-01-16,110895,1,295,0,1086.0
10109996GODOYJ_2026-01-16_G34,10109996GODOYJ,2026-01-16,110741,1,50,0,287.0
10109996GODOYJ_2026-01-16_G35,10109996GODOYJ,2026-01-16,110313,1,18,0,237.0
10109996GODOYJ_2026-01-19_G03,10109996GODOYJ,2026-01-19,110372,1,26,0,164.0
10109996GODOYJ_2026-01-19_G04,10109996GODOYJ,2026-01-19,110373,1,44,0,433.0
10109996GODOYJ_2026-01-19_G05,10109996GODOYJ,2026-01-19,107830,1,4,0,306.0
10109996GODOYJ_2026-01-19_G06,10109996GODOYJ,2026-01-19,111876,2,5,12,1199.0
10109996GODOYJ_2026-01-19_G07,10109996GODOYJ,2026-01-19,118094,1,12,0,552.0
10109996GODOYJ_2026-01-19_G08,10109996GODOYJ,2026-01-19,111467,2,5,7,126.0
10109996GODOYJ_2026-01-19_G09,10109996GODOYJ,2026-01-19,110753,1,4,0,103.0
10109996GODOYJ_2026-01-19_G10,10109996GODOYJ,2026-01-19,117788,1,2,0,61.0
10109996GODOYJ_2026-01-19_G11,10109996GODOYJ,2026-01-19,118298,1,2,0,129.0
10109996GODOYJ_2026-01-19_G12,10109996GODOYJ,2026-01-19,140923,1,3,0,57.0
10109996GODOYJ_2026-01-19_G13,10109996GODOYJ,2026-01-19,105470,1,1,0,97.0
10109996GODOYJ_2026-01-19_G14,10109996GODOYJ,2026-01-19,117856,1,6,0,50.0
10109996GODOYJ_2026-01-19_G15,10109996GODOYJ,2026-01-19,117786,1,2,0,106.0
10109996GODOYJ_2026-01-19_G16,10109996GODOYJ,2026-01-19,111602,2,16,6,241.0
10109996GODOYJ_2026-01-19_G17,10109996GODOYJ,2026-01-19,"109647, 105242",2,3,8,116.0
10109996GODOYJ_2026-01-19_G18,10109996GODOYJ,2026-01-19,111602,1,5,0,249.0
10109996GODOYJ_2026-01-19_G19,10109996GODOYJ,2026-01-19,111602,1,25,0,91.0
10109996GODOYJ_2026-01-19_G20,10109996GODOYJ,2026-01-19,110374,1,8,0,625.0
10109996GODOYJ_2026-01-19_G21,10109996GODOYJ,2026-01-19,110748,1,2,0,806.0
10109996GODOYJ_2026-01-19_G22,10109996GODOYJ,2026-01-19,111743,1,6,0,34.0
10109996GODOYJ_2026-01-19_G23,10109996GODOYJ,2026-01-19,105705,1,3,0,131.0
10109996GODOYJ_2026-01-19_G24,10109996GODOYJ,2026-01-19,117842,1,4,0,50.0
10109996GODOYJ_2026-01-19_G25,10109996GODOYJ,2026-01-19,108795,1,6,0,57.0
10109996GODOYJ_2026-01-19_G26,10109996GODOYJ,2026-01-19,111348,1,1,0,53.0
10109996GODOYJ_2026-01-19_G27,10109996GODOYJ,2026-01-19,140922,1,8,0,56.0
10109996GODOYJ_2026-01-19_G28,10109996GODOYJ,2026-01-19,"117831, 111462",3,19,23,398.0
10109996GODOYJ_2026-01-19_G29,10109996GODOYJ,2026-01-19,116241,1,11,0,384.0
10109996GODOYJ_2026-01-19_G30,10109996GODOYJ,2026-01-19,111182,1,3,0,125.0
10109996GODOYJ_2026-01-19_G31,10109996GODOYJ,2026-01-19,109645,1,6,0,62.0
10109996GODOYJ_2026-01-19_G32,10109996GODOYJ,2026-01-19,111466,1,6,0,91.0
10109996GODOYJ_2026-01-19_G33,10109996GODOYJ,2026-01-19,117841,1,4,0,131.0
10109996GODOYJ_2026-01-19_G34,10109996GODOYJ,2026-01-19,111532,1,1,0,32.0
10109996GODOYJ_2026-01-19_G35,10109996GODOYJ,2026-01-19,111435,2,8,7,81.0
10109996GODOYJ_2026-01-19_G36,10109996GODOYJ,2026-01-19,109641,2,10,9,98.0
10109996GODOYJ_2026-01-19_G37,10109996GODOYJ,2026-01-19,111442,1,2,0,1009.0
10109996GODOYJ_2026-01-19_G38,10109996GODOYJ,2026-01-19,108798,1,4,0,111.0
10109996GODOYJ_2026-01-19_G39,10109996GODOYJ,2026-01-19,"111418, 117833",2,36,19,364.0
10109996GODOYJ_2026-01-19_G40,10109996GODOYJ,2026-01-19,111469,1,4,0,67.0
10109996GODOYJ_2026-01-19_G41,10109996GODOYJ,2026-01-19,111465,1,4,0,66.0
10109996GODOYJ_2026-01-19_G42,10109996GODOYJ,2026-01-19,118140,1,5,0,94.0
10109996GODOYJ_2026-01-19_G43,10109996GODOYJ,2026-01-19,111330,1,4,0,70.0
10109996GODOYJ_2026-01-19_G44,10109996GODOYJ,2026-01-19,107263,1,6,0,68.0
10109996GODOYJ_2026-01-19_G46,10109996GODOYJ,2026-01-19,111602,1,4,0,120.0
10109996GODOYJ_2026-01-19_G47,10109996GODOYJ,2026-01-19,111172,1,8,0,451.0
10109996GODOYJ_2026-01-19_G48,10109996GODOYJ,2026-01-19,160057,1,6,0,499.0
10109996GODOYJ_2026-01-19_G49,10109996GODOYJ,2026-01-19,111172,1,4,0,254.0
10109996GODOYJ_2026-01-19_G50,10109996GODOYJ,2026-01-19,111466,1,31,0,564.0
10109996GODOYJ_2026-01-20_G02,10109996GODOYJ,2026-01-20,141271,1,12,0,210.0
10109996GODOYJ_2026-01-20_G03,10109996GODOYJ,2026-01-20,111876,1,8,0,509.0
10109996GODOYJ_2026-01-20_G04,10109996GODOYJ,2026-01-20,108794,1,8,0,354.0
10109996GODOYJ_2026-01-20_G05,10109996GODOYJ,2026-01-20,141457,1,8,0,116.0
10109996GODOYJ_2026-01-20_G06,10109996GODOYJ,2026-01-20,117861,1,4,0,1110.0
10109996GODOYJ_2026-01-20_G07,10109996GODOYJ,2026-01-20,141457,1,4,0,347.0
10109996GODOYJ_2026-01-20_G08,10109996GODOYJ,2026-01-20,140911,1,4,0,105.0
10109996GODOYJ_2026-01-20_G09,10109996GODOYJ,2026-01-20,141457,1,1,0,145.0
10109996GODOYJ_2026-01-20_G10,10109996GODOYJ,2026-01-20,140911,1,8,0,255.0
10109996GODOYJ_2026-01-20_G11,10109996GODOYJ,2026-01-20,117835,1,4,0,296.0
10109996GODOYJ_2026-01-20_G12,10109996GODOYJ,2026-01-20,111569,1,2,0,213.0
10109996GODOYJ_2026-01-20_G13,10109996GODOYJ,2026-01-20,117837,1,4,0,211.0
10109996GODOYJ_2026-01-20_G14,10109996GODOYJ,2026-01-20,141047,1,2,0,218.0
10109996GODOYJ_2026-01-20_G15,10109996GODOYJ,2026-01-20,117861,1,12,0,51.0
10109996GODOYJ_2026-01-20_G16,10109996GODOYJ,2026-01-20,107629,1,2,0,194.0
10109996GODOYJ_2026-01-20_G17,10109996GODOYJ,2026-01-20,110339,1,1,0,138.0
10109996GODOYJ_2026-01-20_G18,10109996GODOYJ,2026-01-20,117862,1,10,0,394.0
10109996GODOYJ_2026-01-20_G19,10109996GODOYJ,2026-01-20,117831,1,30,0,185.0
10109996GODOYJ_2026-01-20_G20,10109996GODOYJ,2026-01-20,117833,1,20,0,445.0
10109996GODOYJ_2026-01-20_G21,10109996GODOYJ,2026-01-20,118223,1,2,0,193.0
10109996GODOYJ_2026-01-20_G22,10109996GODOYJ,2026-01-20,141457,1,30,0,384.0
10109996GODOYJ_2026-01-20_G23,10109996GODOYJ,2026-01-20,111469,1,30,0,275.0
10109996GODOYJ_2026-01-20_G24,10109996GODOYJ,2026-01-20,117787,1,2,0,79.0
10109996GODOYJ_2026-01-20_G25,10109996GODOYJ,2026-01-20,140911,1,4,0,737.0
10109996GODOYJ_2026-01-20_G26,10109996GODOYJ,2026-01-20,111418,1,4,0,48.0
10109996GODOYJ_2026-01-23_G02,10109996GODOYJ,2026-01-23,118140,1,4,0,479.0
10109996GODOYJ_2026-01-23_G03,10109996GODOYJ,2026-01-23,111463,1,4,0,825.0
10109996GODOYJ_2026-01-23_G04,10109996GODOYJ,2026-01-23,111463,1,26,0,155.0
10109996GODOYJ_2026-01-23_G05,10109996GODOYJ,2026-01-23,110733,1,4,0,315.0
10109996GODOYJ_2026-01-23_G06,10109996GODOYJ,2026-01-23,108759,1,4,0,749.0
10109996GODOYJ_2026-01-23_G07,10109996GODOYJ,2026-01-23,115775,1,2,0,148.0
10109996GODOYJ_2026-01-23_G08,10109996GODOYJ,2026-01-23,109641,1,6,0,101.0
10109996GODOYJ_2026-01-23_G09,10109996GODOYJ,2026-01-23,111348,1,1,0,81.0
10109996GODOYJ_2026-01-23_G10,10109996GODOYJ,2026-01-23,111743,1,2,0,73.0
10109996GODOYJ_2026-01-23_G11,10109996GODOYJ,2026-01-23,141823,1,5,0,146.0
10109996GODOYJ_2026-01-23_G12,10109996GODOYJ,2026-01-23,110740,1,1,0,127.0
10109996GODOYJ_2026-01-23_G13,10109996GODOYJ,2026-01-23,118299,1,7,0,103.0
10109996GODOYJ_2026-01-23_G14,10109996GODOYJ,2026-01-23,117809,1,2,0,108.0
10109996GODOYJ_2026-01-23_G15,10109996GODOYJ,2026-01-23,117808,1,4,0,90.0
10109996GODOYJ_2026-01-23_G16,10109996GODOYJ,2026-01-23,141916,1,2,0,1811.0
10109996GODOYJ_2026-01-23_G17,10109996GODOYJ,2026-01-23,109640,1,2,0,385.0
10109996GODOYJ_2026-01-23_G18,10109996GODOYJ,2026-01-23,141271,1,4,0,80.0
10109996GODOYJ_2026-01-23_G19,10109996GODOYJ,2026-01-23,111418,1,4,0,90.0
10109996GODOYJ_2026-01-23_G20,10109996GODOYJ,2026-01-23,117785,1,6,0,335.0
10109996GODOYJ_2026-01-23_G21,10109996GODOYJ,2026-01-23,118299,1,7,0,117.0
10109996GODOYJ_2026-01-23_G22,10109996GODOYJ,2026-01-23,117808,1,3,0,153.0
10109996GODOYJ_2026-01-23_G23,10109996GODOYJ,2026-01-23,110313,1,2,0,1149.0
10109996GODOYJ_2026-01-23_G24,10109996GODOYJ,2026-01-23,117855,1,6,0,122.0
10109996GODOYJ_2026-01-23_G25,10109996GODOYJ,2026-01-23,111743,1,1,0,158.0
10109996GODOYJ_2026-01-23_G26,10109996GODOYJ,2026-01-23,111462,1,2,0,91.0
10109996GODOYJ_2026-01-23_G27,10109996GODOYJ,2026-01-23,111469,1,1,0,214.0
10109996GODOYJ_2026-01-23_G28,10109996GODOYJ,2026-01-23,118299,1,8,0,157.0
10109996GODOYJ_2026-01-23_G29,10109996GODOYJ,2026-01-23,110372,1,5,0,301.0
10109996GODOYJ_2026-01-23_G30,10109996GODOYJ,2026-01-23,110373,1,10,0,140.0
10109996GODOYJ_2026-01-23_G31,10109996GODOYJ,2026-01-23,117830,1,2,0,70.0
10109996GODOYJ_2026-01-23_G32,10109996GODOYJ,2026-01-23,107830,1,4,0,47.0
10109996GODOYJ_2026-01-23_G33,10109996GODOYJ,2026-01-23,111876,2,11,20,1106.0
10109996GODOYJ_2026-01-23_G34,10109996GODOYJ,2026-01-23,111330,1,4,0,214.0
10109996GODOYJ_2026-01-23_G35,10109996GODOYJ,2026-01-23,117856,1,12,0,246.0
10109996GODOYJ_2026-01-23_G36,10109996GODOYJ,2026-01-23,111468,1,4,0,246.0
10109996GODOYJ_2026-01-23_G37,10109996GODOYJ,2026-01-23,117833,1,2,0,216.0
10109996GODOYJ_2026-01-23_G38,10109996GODOYJ,2026-01-23,118094,1,6,0,220.0
10109996GODOYJ_2026-01-23_G39,10109996GODOYJ,2026-01-23,111468,1,4,0,245.0
10109996GODOYJ_2026-01-23_G40,10109996GODOYJ,2026-01-23,141997,1,1,0,86.0
10109996GODOYJ_2026-01-23_G41,10109996GODOYJ,2026-01-23,117856,1,2,0,211.0
10109996GODOYJ_2026-01-23_G42,10109996GODOYJ,2026-01-23,111463,1,2,0,56.0
10109996GODOYJ_2026-01-23_G43,10109996GODOYJ,2026-01-23,110374,1,3,0,405.0
10109996GODOYJ_2026-01-23_G44,10109996GODOYJ,2026-01-23,110742,1,2,0,123.0
10109996GODOYJ_2026-01-23_G45,10109996GODOYJ,2026-01-23,117856,1,20,0,278.0
10109996GODOYJ_2026-01-23_G46,10109996GODOYJ,2026-01-23,117832,2,17,15,202.0
10109996GODOYJ_2026-01-23_G47,10109996GODOYJ,2026-01-23,108759,1,5,0,1462.0
10109996GODOYJ_2026-01-23_G48,10109996GODOYJ,2026-01-23,140911,1,4,0,182.0
10109996GODOYJ_2026-01-23_G50,10109996GODOYJ,2026-01-23,117821,1,2,0,109.0
10109996GODOYJ_2026-01-23_G51,10109996GODOYJ,2026-01-23,111532,1,12,0,100.0
10109996GODOYJ_2026-01-23_G52,10109996GODOYJ,2026-01-23,117855,1,20,0,641.0
10109996GODOYJ_2026-01-23_G53,10109996GODOYJ,2026-01-23,111602,1,21,0,647.0
10109996GODOYJ_2026-01-24_G02,10109996GODOYJ,2026-01-24,110372,1,8,0,265.0
10109996GODOYJ_2026-01-24_G03,10109996GODOYJ,2026-01-24,110375,1,3,0,127.0
10109996GODOYJ_2026-01-24_G04,10109996GODOYJ,2026-01-24,118299,1,4,0,59.0
10109996GODOYJ_2026-01-24_G05,10109996GODOYJ,2026-01-24,107830,1,2,0,173.0
10109996GODOYJ_2026-01-24_G06,10109996GODOYJ,2026-01-24,117832,3,14,18,52.0
10109996GODOYJ_2026-01-24_G07,10109996GODOYJ,2026-01-24,110895,1,4,0,428.0
10109996GODOYJ_2026-01-24_G08,10109996GODOYJ,2026-01-24,110733,1,2,0,712.0
10109996GODOYJ_2026-01-24_G09,10109996GODOYJ,2026-01-24,111532,1,8,0,222.0
10109996GODOYJ_2026-01-24_G10,10109996GODOYJ,2026-01-24,111418,1,4,0,197.0
10109996GODOYJ_2026-01-24_G11,10109996GODOYJ,2026-01-24,111469,1,11,0,112.0
10109996GODOYJ_2026-01-24_G12,10109996GODOYJ,2026-01-24,111466,1,1,0,374.0
10109996GODOYJ_2026-01-24_G13,10109996GODOYJ,2026-01-24,110373,1,130,0,2467.0
10109996GODOYJ_2026-01-24_G14,10109996GODOYJ,2026-01-24,107830,1,27,0,51.0
10109996GODOYJ_2026-01-24_G15,10109996GODOYJ,2026-01-24,108795,1,11,0,383.0
10109996GODOYJ_2026-01-24_G16,10109996GODOYJ,2026-01-24,110751,1,4,0,567.0
10109996GODOYJ_2026-01-24_G17,10109996GODOYJ,2026-01-24,118416,1,2,0,446.0
10109996GODOYJ_2026-01-24_G18,10109996GODOYJ,2026-01-24,118094,1,19,0,70.0
10109996GODOYJ_2026-01-24_G19,10109996GODOYJ,2026-01-24,111467,1,11,0,193.0
10109996GODOYJ_2026-01-24_G20,10109996GODOYJ,2026-01-24,141047,1,9,0,150.0
10109996GODOYJ_2026-01-24_G21,10109996GODOYJ,2026-01-24,117854,1,10,0,293.0
10109996GODOYJ_2026-01-24_G22,10109996GODOYJ,2026-01-24,108759,1,21,0,594.0
10109996GODOYJ_2026-01-24_G23,10109996GODOYJ,2026-01-24,110895,1,50,0,316.0
10109996GODOYJ_2026-01-24_G24,10109996GODOYJ,2026-01-24,110747,1,1,0,63.0
10109996GODOYJ_2026-01-24_G25,10109996GODOYJ,2026-01-24,100334,1,5,0,1209.0
10109996GODOYJ_2026-01-24_G26,10109996GODOYJ,2026-01-24,140911,1,1,0,45.0
10109996GODOYJ_2026-01-24_G27,10109996GODOYJ,2026-01-24,118306,1,11,0,199.0
10109996GODOYJ_2026-01-24_G28,10109996GODOYJ,2026-01-24,117789,1,2,0,71.0
10109996GODOYJ_2026-01-24_G29,10109996GODOYJ,2026-01-24,111532,1,162,0,2260.0
10109996GODOYJ_2026-01-24_G30,10109996GODOYJ,2026-01-24,109649,1,3,0,179.0
10109996GODOYJ_2026-01-24_G31,10109996GODOYJ,2026-01-24,110740,1,60,0,291.0
10109996GODOYJ_2026-01-24_G32,10109996GODOYJ,2026-01-24,118140,1,140,0,735.0
10109996GODOYJ_2026-01-24_G33,10109996GODOYJ,2026-01-24,141458,1,100,0,343.0
10109996GODOYJ_2026-01-26_G02,10109996GODOYJ,2026-01-26,111467,1,2,0,1194.0
10109996GODOYJ_2026-01-26_G03,10109996GODOYJ,2026-01-26,140923,1,4,0,108.0
10109996GODOYJ_2026-01-26_G04,10109996GODOYJ,2026-01-26,110313,1,2,0,53.0
10109996GODOYJ_2026-01-26_G05,10109996GODOYJ,2026-01-26,117862,1,8,0,68.0
10109996GODOYJ_2026-01-26_G06,10109996GODOYJ,2026-01-26,111466,1,4,0,113.0
10109996GODOYJ_2026-01-26_G07,10109996GODOYJ,2026-01-26,111532,1,8,0,152.0
10109996GODOYJ_2026-01-26_G08,10109996GODOYJ,2026-01-26,111469,1,4,0,112.0
10109996GODOYJ_2026-01-26_G09,10109996GODOYJ,2026-01-26,110740,1,4,0,122.0
10109996GODOYJ_2026-01-26_G10,10109996GODOYJ,2026-01-26,117840,1,2,0,141.0
10109996GODOYJ_2026-01-26_G11,10109996GODOYJ,2026-01-26,117808,1,10,0,77.0
10109996GODOYJ_2026-01-26_G12,10109996GODOYJ,2026-01-26,117830,1,3,0,148.0
10109996GODOYJ_2026-01-26_G13,10109996GODOYJ,2026-01-26,111438,1,4,0,470.0
10109996GODOYJ_2026-01-26_G14,10109996GODOYJ,2026-01-26,111467,1,2,0,75.0
10109996GODOYJ_2026-01-26_G15,10109996GODOYJ,2026-01-26,110313,1,2,0,105.0
10109996GODOYJ_2026-01-26_G16,10109996GODOYJ,2026-01-26,111418,1,4,0,96.0
10109996GODOYJ_2026-01-26_G17,10109996GODOYJ,2026-01-26,111469,1,4,0,172.0
10109996GODOYJ_2026-01-26_G18,10109996GODOYJ,2026-01-26,110374,1,8,0,143.0
10109996GODOYJ_2026-01-26_G19,10109996GODOYJ,2026-01-26,117830,1,6,0,1531.0
10109996GODOYJ_2026-01-26_G20,10109996GODOYJ,2026-01-26,110895,1,4,0,112.0
10109996GODOYJ_2026-01-26_G21,10109996GODOYJ,2026-01-26,140923,1,1,0,243.0
10109996GODOYJ_2026-01-26_G22,10109996GODOYJ,2026-01-26,108794,1,2,0,85.0
10109996GODOYJ_2026-01-26_G23,10109996GODOYJ,2026-01-26,140922,1,1,0,59.0
10109996GODOYJ_2026-01-26_G24,10109996GODOYJ,2026-01-26,118140,1,2,0,284.0
10109996GODOYJ_2026-01-26_G25,10109996GODOYJ,2026-01-26,117830,1,6,0,415.0
10109996GODOYJ_2026-01-26_G26,10109996GODOYJ,2026-01-26,117831,1,2,0,689.0
10109996GODOYJ_2026-01-26_G27,10109996GODOYJ,2026-01-26,117830,1,6,0,211.0
10109996GODOYJ_2026-01-26_G28,10109996GODOYJ,2026-01-26,108772,1,4,0,474.0
10109996GODOYJ_2026-01-26_G29,10109996GODOYJ,2026-01-26,111532,1,13,0,194.0
10109996GODOYJ_2026-01-26_G30,10109996GODOYJ,2026-01-26,117832,1,6,0,54.0
10109996GODOYJ_2026-01-26_G31,10109996GODOYJ,2026-01-26,117808,1,8,0,214.0
10109996GODOYJ_2026-01-26_G32,10109996GODOYJ,2026-01-26,140911,1,2,0,1910.0
10109996GODOYJ_2026-01-26_G33,10109996GODOYJ,2026-01-26,117808,1,12,0,190.0
10109996GODOYJ_2026-01-26_G34,10109996GODOYJ,2026-01-26,110374,1,2,0,247.0
10109996GODOYJ_2026-01-26_G35,10109996GODOYJ,2026-01-26,117808,1,10,0,220.0
10109996GODOYJ_2026-01-26_G36,10109996GODOYJ,2026-01-26,118052,1,1,0,106.0
10109996GODOYJ_2026-01-26_G37,10109996GODOYJ,2026-01-26,111757,1,12,0,2541.0
10109996GODOYJ_2026-01-26_G38,10109996GODOYJ,2026-01-26,141155,1,3,0,197.0
10109996GODOYJ_2026-01-26_G39,10109996GODOYJ,2026-01-26,140923,1,12,0,1558.0
10109996GODOYJ_2026-01-26_G40,10109996GODOYJ,2026-01-26,111602,1,18,0,91.0
10109996GODOYJ_2026-01-26_G41,10109996GODOYJ,2026-01-26,109641,1,7,0,211.0
10109996GODOYJ_2026-01-26_G43,10109996GODOYJ,2026-01-26,111722,1,30,0,409.0
10109996GODOYJ_2026-01-26_G44,10109996GODOYJ,2026-01-26,118418,1,3,0,231.0
10109996GODOYJ_2026-01-26_G45,10109996GODOYJ,2026-01-26,110756,1,228,0,1840.0
10109996GODOYJ_2026-01-27_G02,10109996GODOYJ,2026-01-27,111602,1,9,0,943.0
10109996GODOYJ_2026-01-27_G03,10109996GODOYJ,2026-01-27,111463,1,5,0,106.0
10109996GODOYJ_2026-01-27_G04,10109996GODOYJ,2026-01-27,141457,1,7,0,143.0
10109996GODOYJ_2026-01-27_G05,10109996GODOYJ,2026-01-27,108772,1,10,0,480.0
10109996GODOYJ_2026-01-27_G06,10109996GODOYJ,2026-01-27,111602,1,20,0,62.0
10109996GODOYJ_2026-01-27_G07,10109996GODOYJ,2026-01-27,141166,1,10,0,300.0
10109996GODOYJ_2026-01-27_G08,10109996GODOYJ,2026-01-27,117808,1,50,0,413.0
10109996GODOYJ_2026-01-27_G09,10109996GODOYJ,2026-01-27,110787,1,6,0,184.0
10109996GODOYJ_2026-01-27_G10,10109996GODOYJ,2026-01-27,141166,1,1,0,415.0
10109996GODOYJ_2026-01-27_G11,10109996GODOYJ,2026-01-27,141823,1,4,0,303.0
10109996GODOYJ_2026-01-27_G12,10109996GODOYJ,2026-01-27,110371,1,4,0,79.0
10109996GODOYJ_2026-01-27_G13,10109996GODOYJ,2026-01-27,111463,1,2,0,153.0
10109996GODOYJ_2026-01-27_G14,10109996GODOYJ,2026-01-27,111602,1,4,0,152.0
10109996GODOYJ_2026-01-27_G15,10109996GODOYJ,2026-01-27,111433,1,1,0,60.0
10109996GODOYJ_2026-01-27_G16,10109996GODOYJ,2026-01-27,110371,1,2,0,108.0
10109996GODOYJ_2026-01-27_G17,10109996GODOYJ,2026-01-27,110475,1,1,0,209.0
10109996GODOYJ_2026-01-27_G18,10109996GODOYJ,2026-01-27,111439,1,4,0,81.0
10109996GODOYJ_2026-01-27_G19,10109996GODOYJ,2026-01-27,111602,1,3,0,1906.0
10109996GODOYJ_2026-01-27_G20,10109996GODOYJ,2026-01-27,110371,1,1,0,49.0
10109996GODOYJ_2026-01-27_G21,10109996GODOYJ,2026-01-27,111602,1,4,0,74.0
10109996GODOYJ_2026-01-27_G22,10109996GODOYJ,2026-01-27,110371,1,2,0,145.0
10109996GODOYJ_2026-01-27_G23,10109996GODOYJ,2026-01-27,111602,1,3,0,75.0
10109996GODOYJ_2026-01-27_G24,10109996GODOYJ,2026-01-27,141166,1,1,0,81.0
10109996GODOYJ_2026-01-27_G25,10109996GODOYJ,2026-01-27,111433,1,2,0,56.0
10109996GODOYJ_2026-01-27_G26,10109996GODOYJ,2026-01-27,111463,1,2,0,171.0
10109996GODOYJ_2026-01-27_G27,10109996GODOYJ,2026-01-27,110371,1,12,0,79.0
10109996GODOYJ_2026-01-27_G28,10109996GODOYJ,2026-01-27,141166,1,2,0,444.0
10109996GODOYJ_2026-01-27_G29,10109996GODOYJ,2026-01-27,111463,1,3,0,99.0
10109996GODOYJ_2026-01-27_G30,10109996GODOYJ,2026-01-27,111602,1,3,0,345.0
10109996GODOYJ_2026-01-27_G31,10109996GODOYJ,2026-01-27,141166,3,9,12,108.0
10109996GODOYJ_2026-01-27_G32,10109996GODOYJ,2026-01-27,110787,5,24,36,122.0
10109996GODOYJ_2026-01-27_G33,10109996GODOYJ,2026-01-27,111463,1,3,0,195.0
10109996GODOYJ_2026-01-27_G34,10109996GODOYJ,2026-01-27,110371,1,21,0,356.0
10109996GODOYJ_2026-01-27_G35,10109996GODOYJ,2026-01-27,111602,1,5,0,125.0
10109996GODOYJ_2026-01-27_G36,10109996GODOYJ,2026-01-27,110374,3,65,38,1704.0
10109996GODOYJ_2026-01-27_G37,10109996GODOYJ,2026-01-27,110372,1,100,0,482.0
10109996GODOYJ_2026-01-27_G38,10109996GODOYJ,2026-01-27,118299,1,88,0,362.0
10109996GODOYJ_2026-01-27_G39,10109996GODOYJ,2026-01-27,117830,1,20,0,90.0
10109996GODOYJ_2026-01-27_G40,10109996GODOYJ,2026-01-27,117832,1,40,0,67.0
10109996GODOYJ_2026-01-27_G41,10109996GODOYJ,2026-01-27,110371,3,100,36,559.0
10109996GODOYJ_2026-01-27_G42,10109996GODOYJ,2026-01-27,110787,2,23,10,957.0
10109996GODOYJ_2026-01-27_G43,10109996GODOYJ,2026-01-27,111172,1,14,0,229.0
10109996GODOYJ_2026-01-27_G44,10109996GODOYJ,2026-01-27,111463,1,31,0,151.0
10109996GODOYJ_2026-01-27_G45,10109996GODOYJ,2026-01-27,141457,1,40,0,324.0
10109996GODOYJ_2026-01-27_G46,10109996GODOYJ,2026-01-27,111433,1,4,0,563.0
10109996GODOYJ_2026-01-27_G47,10109996GODOYJ,2026-01-27,111532,1,4,0,177.0
10109996GODOYJ_2026-01-27_G49,10109996GODOYJ,2026-01-27,109641,1,10,0,67.0
10109996GODOYJ_2026-01-27_G50,10109996GODOYJ,2026-01-27,111348,1,10,0,134.0
10109996GODOYJ_2026-01-27_G51,10109996GODOYJ,2026-01-27,109645,1,4,0,181.0
10109996GODOYJ_2026-01-27_G52,10109996GODOYJ,2026-01-27,117787,1,4,0,130.0
10109996GODOYJ_2026-01-27_G53,10109996GODOYJ,2026-01-27,141458,1,24,0,130.0
10109996GODOYJ_2026-01-27_G54,10109996GODOYJ,2026-01-27,117785,1,146,0,779.0
10109996GODOYJ_2026-01-27_G55,10109996GODOYJ,2026-01-27,141458,1,10,0,54.0
10109996GODOYJ_2026-01-27_G56,10109996GODOYJ,2026-01-27,117833,1,50,0,926.0
10109996GODOYJ_2026-01-27_G57,10109996GODOYJ,2026-01-27,141457,1,60,0,443.0
10109996GODOYJ_2026-01-27_G58,10109996GODOYJ,2026-01-27,118140,1,37,0,137.0
10109996GODOYJ_2026-01-28_G02,10109996GODOYJ,2026-01-28,140911,1,2,0,255.0
10109996GODOYJ_2026-01-28_G03,10109996GODOYJ,2026-01-28,111441,1,1,0,113.0
10109996GODOYJ_2026-01-28_G04,10109996GODOYJ,2026-01-28,141456,1,1,0,104.0
10109996GODOYJ_2026-01-28_G05,10109996GODOYJ,2026-01-28,118140,1,6,0,136.0
10109996GODOYJ_2026-01-28_G06,10109996GODOYJ,2026-01-28,118283,1,2,0,1315.0
10109996GODOYJ_2026-01-28_G07,10109996GODOYJ,2026-01-28,111602,1,8,0,189.0
10109996GODOYJ_2026-01-28_G08,10109996GODOYJ,2026-01-28,118285,1,2,0,341.0
10109996GODOYJ_2026-01-28_G09,10109996GODOYJ,2026-01-28,110787,1,3,0,54.0
10109996GODOYJ_2026-01-28_G10,10109996GODOYJ,2026-01-28,111463,1,1,0,89.0
10109996GODOYJ_2026-01-28_G11,10109996GODOYJ,2026-01-28,141457,1,8,0,298.0
10109996GODOYJ_2026-01-28_G12,10109996GODOYJ,2026-01-28,110371,1,1,0,671.0
10109996GODOYJ_2026-01-28_G13,10109996GODOYJ,2026-01-28,111466,1,20,0,310.0
10109996GODOYJ_2026-01-28_G14,10109996GODOYJ,2026-01-28,140911,1,4,0,636.0
10109996GODOYJ_2026-01-28_G15,10109996GODOYJ,2026-01-28,141457,1,43,0,261.0
10109996GODOYJ_2026-01-28_G16,10109996GODOYJ,2026-01-28,117832,1,21,0,455.0
10109996GODOYJ_2026-01-28_G17,10109996GODOYJ,2026-01-28,110374,1,48,0,400.0
10109996GODOYJ_2026-01-28_G18,10109996GODOYJ,2026-01-28,141166,1,4,0,691.0
10109996GODOYJ_2026-01-28_G19,10109996GODOYJ,2026-01-28,110787,1,3,0,217.0
10109996GODOYJ_2026-01-28_G20,10109996GODOYJ,2026-01-28,111463,1,4,0,188.0
10109996GODOYJ_2026-01-28_G21,10109996GODOYJ,2026-01-28,110374,1,8,0,88.0
10109996GODOYJ_2026-01-28_G22,10109996GODOYJ,2026-01-28,110371,1,4,0,350.0
10109996GODOYJ_2026-01-29_G02,10109996GODOYJ,2026-01-29,111445,1,18,0,544.0
10109996GODOYJ_2026-01-29_G03,10109996GODOYJ,2026-01-29,"105705, 108794",2,8,18,2018.0
10109996GODOYJ_2026-01-29_G04,10109996GODOYJ,2026-01-29,117821,1,4,0,114.0
10109996GODOYJ_2026-01-29_G05,10109996GODOYJ,2026-01-29,109645,1,4,0,107.0
10109996GODOYJ_2026-01-29_G06,10109996GODOYJ,2026-01-29,111443,1,2,0,68.0
10109996GODOYJ_2026-01-29_G07,10109996GODOYJ,2026-01-29,111532,1,6,0,46.0
10109996GODOYJ_2026-01-29_G08,10109996GODOYJ,2026-01-29,111463,1,10,0,134.0
10109996GODOYJ_2026-01-29_G09,10109996GODOYJ,2026-01-29,141823,1,4,0,57.0
10109996GODOYJ_2026-01-29_G10,10109996GODOYJ,2026-01-29,141457,1,10,0,116.0
10109996GODOYJ_2026-01-29_G11,10109996GODOYJ,2026-01-29,111431,1,2,0,110.0
10109996GODOYJ_2026-01-29_G12,10109996GODOYJ,2026-01-29,110740,1,4,0,67.0
10109996GODOYJ_2026-01-29_G13,10109996GODOYJ,2026-01-29,117785,1,10,0,76.0
10109996GODOYJ_2026-01-29_G14,10109996GODOYJ,2026-01-29,111418,1,20,0,240.0
10109996GODOYJ_2026-01-29_G15,10109996GODOYJ,2026-01-29,110374,1,10,0,150.0
10109996GODOYJ_2026-01-29_G16,10109996GODOYJ,2026-01-29,117822,1,2,0,140.0
10109996GODOYJ_2026-01-29_G17,10109996GODOYJ,2026-01-29,160051,1,2,0,106.0
10109996GODOYJ_2026-01-29_G18,10109996GODOYJ,2026-01-29,117830,1,16,0,281.0
10109996GODOYJ_2026-01-29_G19,10109996GODOYJ,2026-01-29,117832,1,4,0,117.0
10109996GODOYJ_2026-01-29_G20,10109996GODOYJ,2026-01-29,110372,1,40,0,435.0
10109996GODOYJ_2026-01-29_G21,10109996GODOYJ,2026-01-29,110371,1,57,0,1084.0
10109996GODOYJ_2026-01-29_G22,10109996GODOYJ,2026-01-29,141202,1,17,0,329.0
10109996GODOYJ_2026-01-29_G23,10109996GODOYJ,2026-01-29,117830,1,60,0,1122.0
10109996GODOYJ_2026-01-29_G24,10109996GODOYJ,2026-01-29,111172,2,5,16,2033.0
10109996GODOYJ_2026-01-29_G25,10109996GODOYJ,2026-01-29,111172,1,2,0,100.0
10109996GODOYJ_2026-01-29_G26,10109996GODOYJ,2026-01-29,111602,1,50,0,238.0
10109996GODOYJ_2026-01-29_G27,10109996GODOYJ,2026-01-29,111532,1,4,0,242.0
10109996GODOYJ_2026-01-29_G28,10109996GODOYJ,2026-01-29,111530,1,2,0,59.0
10109996GODOYJ_2026-01-29_G29,10109996GODOYJ,2026-01-29,142045,1,7,0,262.0
10109996GODOYJ_2026-01-29_G30,10109996GODOYJ,2026-01-29,111602,1,8,0,312.0
10109996GODOYJ_2026-01-29_G31,10109996GODOYJ,2026-01-29,111443,1,2,0,86.0
10109996GODOYJ_2026-01-29_G32,10109996GODOYJ,2026-01-29,111172,1,3,0,71.0
10109996GODOYJ_2026-01-29_G33,10109996GODOYJ,2026-01-29,111602,1,8,0,354.0
10109996GODOYJ_2026-01-29_G34,10109996GODOYJ,2026-01-29,110787,1,4,0,130.0
10109996GODOYJ_2026-01-29_G35,10109996GODOYJ,2026-01-29,140923,1,2,0,364.0
10109996GODOYJ_2026-01-29_G36,10109996GODOYJ,2026-01-29,111743,1,4,0,68.0
10109996GODOYJ_2026-01-29_G37,10109996GODOYJ,2026-01-29,141271,1,2,0,104.0
10109996GODOYJ_2026-01-29_G38,10109996GODOYJ,2026-01-29,117787,1,2,0,143.0
10109996GODOYJ_2026-01-29_G39,10109996GODOYJ,2026-01-29,117785,1,2,0,111.0
10109996GODOYJ_2026-01-29_G40,10109996GODOYJ,2026-01-29,141202,1,4,0,75.0
10109996GODOYJ_2026-01-29_G41,10109996GODOYJ,2026-01-29,111172,1,2,0,84.0
10109996GODOYJ_2026-01-29_G42,10109996GODOYJ,2026-01-29,111532,1,6,0,94.0
10109996GODOYJ_2026-01-29_G43,10109996GODOYJ,2026-01-29,110787,1,4,0,109.0
10109996GODOYJ_2026-01-29_G44,10109996GODOYJ,2026-01-29,110787,1,2,0,1320.0
10109996GODOYJ_2026-01-29_G45,10109996GODOYJ,2026-01-29,110374,1,16,0,91.0
10109996GODOYJ_2026-01-29_G46,10109996GODOYJ,2026-01-29,110787,1,4,0,184.0
10109996GODOYJ_2026-01-29_G47,10109996GODOYJ,2026-01-29,110787,1,20,0,496.0
10109996GODOYJ_2026-01-29_G48,10109996GODOYJ,2026-01-29,111443,1,4,0,200.0
10109996GODOYJ_2026-01-29_G49,10109996GODOYJ,2026-01-29,110374,1,43,0,371.0
10109996GODOYJ_2026-01-29_G50,10109996GODOYJ,2026-01-29,117855,1,7,0,329.0
10109996GODOYJ_2026-01-29_G52,10109996GODOYJ,2026-01-29,111722,1,8,0,384.0
10109996GODOYJ_2026-01-29_G53,10109996GODOYJ,2026-01-29,141262,1,16,0,392.0
10109996GODOYJ_2026-01-29_G54,10109996GODOYJ,2026-01-29,111740,1,4,0,90.0
10109996GODOYJ_2026-01-29_G55,10109996GODOYJ,2026-01-29,111634,1,10,0,198.0
10109996GODOYJ_2026-01-29_G56,10109996GODOYJ,2026-01-29,111722,1,4,0,893.0
10109996GODOYJ_2026-01-29_G57,10109996GODOYJ,2026-01-29,118191,1,12,0,164.0
10109996GODOYJ_2026-01-29_G58,10109996GODOYJ,2026-01-29,111751,1,4,0,215.0
10109996GODOYJ_2026-01-29_G59,10109996GODOYJ,2026-01-29,141262,1,36,0,430.0
10109996GODOYJ_2026-01-29_G60,10109996GODOYJ,2026-01-29,118191,1,10,0,1099.0
10109996GODOYJ_2026-01-29_G61,10109996GODOYJ,2026-01-29,111740,1,6,0,68.0
10109996GODOYJ_2026-01-29_G62,10109996GODOYJ,2026-01-29,111634,1,10,0,144.0
10109996GODOYJ_2026-01-29_G63,10109996GODOYJ,2026-01-29,111751,1,8,0,200.0
10109996GODOYJ_2026-01-29_G64,10109996GODOYJ,2026-01-29,118191,1,16,0,161.0
10109996GODOYJ_2026-01-29_G65,10109996GODOYJ,2026-01-29,141262,1,10,0,201.0
10109996GODOYJ_2026-01-29_G66,10109996GODOYJ,2026-01-29,111751,1,4,0,126.0
10109996GODOYJ_2026-01-30_G02,10109996GODOYJ,2026-01-30,110895,1,16,0,212.0
10109996GODOYJ_2026-01-30_G03,10109996GODOYJ,2026-01-30,107254,1,4,0,203.0
10109996GODOYJ_2026-01-30_G04,10109996GODOYJ,2026-01-30,111356,1,2,0,88.0
10109996GODOYJ_2026-01-30_G05,10109996GODOYJ,2026-01-30,141318,1,10,0,308.0
10109996GODOYJ_2026-01-30_G06,10109996GODOYJ,2026-01-30,110742,1,2,0,33.0
10109996GODOYJ_2026-01-30_G07,10109996GODOYJ,2026-01-30,105359,1,2,0,47.0
10109996GODOYJ_2026-01-30_G08,10109996GODOYJ,2026-01-30,110579,1,2,0,91.0
10109996GODOYJ_2026-01-30_G09,10109996GODOYJ,2026-01-30,116616,1,2,0,100.0
10109996GODOYJ_2026-01-30_G10,10109996GODOYJ,2026-01-30,117809,1,40,0,587.0
10109996GODOYJ_2026-01-30_G11,10109996GODOYJ,2026-01-30,117820,1,30,0,292.0
10109996GODOYJ_2026-01-30_G12,10109996GODOYJ,2026-01-30,141202,1,15,0,89.0
10109996GODOYJ_2026-01-30_G13,10109996GODOYJ,2026-01-30,117808,1,100,0,304.0
10109996GODOYJ_2026-01-30_G14,10109996GODOYJ,2026-01-30,110373,1,65,0,338.0
10109996GODOYJ_2026-01-30_G15,10109996GODOYJ,2026-01-30,117830,1,40,0,491.0
10109996GODOYJ_2026-01-30_G16,10109996GODOYJ,2026-01-30,117832,1,25,0,470.0
10109996GODOYJ_2026-01-30_G17,10109996GODOYJ,2026-01-30,111530,1,3,0,1617.0
10109996GODOYJ_2026-01-30_G18,10109996GODOYJ,2026-01-30,111443,1,6,0,146.0
10109996GODOYJ_2026-01-30_G19,10109996GODOYJ,2026-01-30,111532,1,8,0,313.0
10109996GODOYJ_2026-01-30_G20,10109996GODOYJ,2026-01-30,110741,1,8,0,845.0
10109996GODOYJ_2026-01-30_G21,10109996GODOYJ,2026-01-30,111182,1,9,0,185.0
10109996GODOYJ_2026-01-30_G23,10109996GODOYJ,2026-01-30,110741,2,4,21,641.0
10109996GODOYJ_2026-01-30_G24,10109996GODOYJ,2026-01-30,141456,1,2,0,173.0
10109996GODOYJ_2026-01-30_G25,10109996GODOYJ,2026-01-30,111530,1,20,0,713.0
10109996GODOYJ_2026-01-30_G26,10109996GODOYJ,2026-01-30,111182,1,2,0,184.0
10109996GODOYJ_2026-01-30_G27,10109996GODOYJ,2026-01-30,109640,1,6,0,446.0
10109996GODOYJ_2026-01-30_G28,10109996GODOYJ,2026-01-30,110787,1,12,0,277.0
10109996GODOYJ_2026-01-30_G29,10109996GODOYJ,2026-01-30,111172,1,8,0,360.0
10109996GODOYJ_2026-01-30_G30,10109996GODOYJ,2026-01-30,110374,2,14,11,1407.0
10109996GODOYJ_2026-01-30_G31,10109996GODOYJ,2026-01-30,141202,1,8,0,228.0
10109996GODOYJ_2026-01-30_G32,10109996GODOYJ,2026-01-30,117830,1,4,0,177.0
10109996GODOYJ_2026-01-30_G33,10109996GODOYJ,2026-01-30,111465,1,6,0,490.0
10109996GODOYJ_2026-01-30_G34,10109996GODOYJ,2026-01-30,109641,1,5,0,55.0
10109996GODOYJ_2026-01-30_G35,10109996GODOYJ,2026-01-30,"108795, 108794",2,9,23,174.0
10109996GODOYJ_2026-01-30_G36,10109996GODOYJ,2026-01-30,110751,1,2,0,351.0
10109996GODOYJ_2026-01-30_G37,10109996GODOYJ,2026-01-30,"140922, 117821",2,18,14,181.0
10109996GODOYJ_2026-01-30_G38,10109996GODOYJ,2026-01-30,111469,1,4,0,84.0
10109996GODOYJ_2026-01-30_G39,10109996GODOYJ,2026-01-30,111743,1,4,0,89.0
10109996GODOYJ_2026-01-31_G02,10109996GODOYJ,2026-01-31,110313,1,8,0,206.0
10109996GODOYJ_2026-01-31_G03,10109996GODOYJ,2026-01-31,140922,1,20,0,90.0
10109996GODOYJ_2026-01-31_G04,10109996GODOYJ,2026-01-31,110895,1,4,0,689.0
10109996GODOYJ_2026-01-31_G05,10109996GODOYJ,2026-01-31,141916,1,2,0,343.0
10109996GODOYJ_2026-01-31_G06,10109996GODOYJ,2026-01-31,111602,1,40,0,133.0
10109996GODOYJ_2026-01-31_G07,10109996GODOYJ,2026-01-31,110339,1,6,0,698.0
10109996GODOYJ_2026-01-31_G08,10109996GODOYJ,2026-01-31,110787,1,3,0,1447.0
10109996GODOYJ_2026-01-31_G09,10109996GODOYJ,2026-01-31,141166,2,4,0,260.0
10109996GODOYJ_2026-01-31_G10,10109996GODOYJ,2026-01-31,110374,1,2,0,53.0
10109996GODOYJ_2026-01-31_G11,10109996GODOYJ,2026-01-31,118253,1,17,0,119.0
10109996GODOYJ_2026-01-31_G12,10109996GODOYJ,2026-01-31,118251,1,8,0,446.0
10109996GODOYJ_2026-01-31_G13,10109996GODOYJ,2026-01-31,110374,1,92,0,2295.0
10109996GODOYJ_2026-01-31_G14,10109996GODOYJ,2026-01-31,117808,1,170,0,1024.0
10109996GODOYJ_2026-01-31_G15,10109996GODOYJ,2026-01-31,110371,1,200,0,685.0
10109996GODOYJ_2026-01-31_G16,10109996GODOYJ,2026-01-31,117808,1,80,0,424.0
10109996GODOYJ_2026-01-31_G17,10109996GODOYJ,2026-01-31,117808,1,150,0,1526.0
10109996GODOYJ_2026-01-31_G18,10109996GODOYJ,2026-01-31,117808,1,567,0,42.0
10109996GODOYJ_2026-01-31_G19,10109996GODOYJ,2026-01-31,118191,1,48,0,639.0
10109996GODOYJ_2026-01-31_G20,10109996GODOYJ,2026-01-31,110372,1,284,0,635.0
10109996GODOYJ_2026-01-31_G21,10109996GODOYJ,2026-01-31,111602,1,49,0,731.0
10109996GODOYJ_2026-01-31_G22,10109996GODOYJ,2026-01-31,141166,1,80,0,1300.0
10109996GODOYJ_2026-01-31_G23,10109996GODOYJ,2026-01-31,110711,1,99,0,216.0
10109996GODOYJ_2026-01-31_G25,10109996GODOYJ,2026-01-31,111780,1,4,0,193.0
10109996GODOYJ_2026-02-06_G02,10109996GODOYJ,2026-02-06,105705,1,14,0,295.0
10109996GODOYJ_2026-02-06_G03,10109996GODOYJ,2026-02-06,108794,1,10,0,110.0
10109996GODOYJ_2026-02-06_G04,10109996GODOYJ,2026-02-06,"108711, 111743",2,22,17,152.0
10109996GODOYJ_2026-02-06_G05,10109996GODOYJ,2026-02-06,141456,1,50,0,207.0
10109996GODOYJ_2026-02-06_G06,10109996GODOYJ,2026-02-06,109645,1,6,0,312.0
10109996GODOYJ_2026-02-06_G07,10109996GODOYJ,2026-02-06,111443,1,6,0,55.0
10109996GODOYJ_2026-02-06_G08,10109996GODOYJ,2026-02-06,141457,1,20,0,133.0
10109996GODOYJ_2026-02-06_G09,10109996GODOYJ,2026-02-06,111433,1,4,0,246.0
10109996GODOYJ_2026-02-06_G10,10109996GODOYJ,2026-02-06,118140,1,40,0,253.0
10109996GODOYJ_2026-02-06_G11,10109996GODOYJ,2026-02-06,107263,1,2,0,101.0
10109996GODOYJ_2026-02-06_G12,10109996GODOYJ,2026-02-06,109643,2,11,7,589.0
10109996GODOYJ_2026-02-06_G13,10109996GODOYJ,2026-02-06,110371,2,24,7,149.0
10109996GODOYJ_2026-02-06_G14,10109996GODOYJ,2026-02-06,117833,2,14,9,875.0
10109996GODOYJ_2026-02-06_G15,10109996GODOYJ,2026-02-06,108795,2,40,9,109.0
10109996GODOYJ_2026-02-06_G16,10109996GODOYJ,2026-02-06,108794,2,40,7,428.0
10109996GODOYJ_2026-02-06_G17,10109996GODOYJ,2026-02-06,108711,2,30,7,635.0
10109996GODOYJ_2026-02-06_G18,10109996GODOYJ,2026-02-06,109645,1,5,0,63.0
10109996GODOYJ_2026-02-06_G19,10109996GODOYJ,2026-02-06,111466,1,27,0,98.0
10109996GODOYJ_2026-02-06_G20,10109996GODOYJ,2026-02-06,111172,2,12,7,214.0
10109996GODOYJ_2026-02-06_G21,10109996GODOYJ,2026-02-06,117831,1,20,0,786.0
10109996GODOYJ_2026-02-06_G22,10109996GODOYJ,2026-02-06,111463,1,22,0,40.0
10109996GODOYJ_2026-02-09_G02,10109996GODOYJ,2026-02-09,118317,1,2,0,166.0
10109996GODOYJ_2026-02-09_G03,10109996GODOYJ,2026-02-09,141456,1,5,0,96.0
10109996GODOYJ_2026-02-09_G04,10109996GODOYJ,2026-02-09,110325,1,2,0,142.0
10109996GODOYJ_2026-02-09_G05,10109996GODOYJ,2026-02-09,108770,1,4,0,92.0
10109996GODOYJ_2026-02-09_G06,10109996GODOYJ,2026-02-09,110325,1,2,0,144.0
10109996GODOYJ_2026-02-09_G07,10109996GODOYJ,2026-02-09,117836,1,2,0,154.0
10109996GODOYJ_2026-02-09_G08,10109996GODOYJ,2026-02-09,108794,1,8,0,151.0
10109996GODOYJ_2026-02-09_G09,10109996GODOYJ,2026-02-09,140923,1,4,0,573.0
10109996GODOYJ_2026-02-09_G10,10109996GODOYJ,2026-02-09,108794,1,4,0,109.0
10109996GODOYJ_2026-02-09_G11,10109996GODOYJ,2026-02-09,141047,1,4,0,245.0
10109996GODOYJ_2026-02-09_G12,10109996GODOYJ,2026-02-09,105705,1,18,0,396.0
10109996GODOYJ_2026-02-09_G13,10109996GODOYJ,2026-02-09,109641,1,18,0,1034.0
10109996GODOYJ_2026-02-09_G14,10109996GODOYJ,2026-02-09,110895,1,10,0,656.0
10109996GODOYJ_2026-02-09_G15,10109996GODOYJ,2026-02-09,110623,1,5,0,177.0
10109996GODOYJ_2026-02-09_G16,10109996GODOYJ,2026-02-09,110374,1,22,0,3461.0
10109996GODOYJ_2026-02-09_G17,10109996GODOYJ,2026-02-09,117809,1,5,0,296.0
10109996GODOYJ_2026-02-09_G18,10109996GODOYJ,2026-02-09,117820,1,35,0,125.0
10109996GODOYJ_2026-02-09_G19,10109996GODOYJ,2026-02-09,109643,1,16,0,484.0
10109996GODOYJ_2026-02-09_G20,10109996GODOYJ,2026-02-09,117808,1,30,0,835.0
10109996GODOYJ_2026-02-09_G21,10109996GODOYJ,2026-02-09,117832,1,20,0,451.0
10109996GODOYJ_2026-02-09_G22,10109996GODOYJ,2026-02-09,110373,1,107,0,392.0
10109996GODOYJ_2026-02-09_G23,10109996GODOYJ,2026-02-09,110372,1,68,0,469.0
10109996GODOYJ_2026-02-09_G24,10109996GODOYJ,2026-02-09,118299,1,52,0,1058.0
10109996GODOYJ_2026-02-09_G25,10109996GODOYJ,2026-02-09,111430,1,24,0,241.0
10109996GODOYJ_2026-02-09_G26,10109996GODOYJ,2026-02-09,110755,1,13,0,576.0
10109996GODOYJ_2026-02-09_G27,10109996GODOYJ,2026-02-09,111438,1,47,0,167.0
10109996GODOYJ_2026-02-09_G28,10109996GODOYJ,2026-02-09,110747,1,20,0,1348.0
10109996GODOYJ_2026-02-09_G29,10109996GODOYJ,2026-02-09,110742,1,30,0,128.0
10109996GODOYJ_2026-02-09_G30,10109996GODOYJ,2026-02-09,111569,1,20,0,364.0
10109996GODOYJ_2026-02-09_G32,10109996GODOYJ,2026-02-09,110374,1,12,0,214.0
10109996GODOYJ_2026-02-09_G33,10109996GODOYJ,2026-02-09,117809,1,14,0,155.0
10109996GODOYJ_2026-02-09_G34,10109996GODOYJ,2026-02-09,109643,1,8,0,156.0
10109996GODOYJ_2026-02-09_G35,10109996GODOYJ,2026-02-09,117822,1,4,0,300.0
10109996GODOYJ_2026-02-09_G36,10109996GODOYJ,2026-02-09,110371,1,18,0,140.0
10109996GODOYJ_2026-02-09_G37,10109996GODOYJ,2026-02-09,142045,1,2,0,628.0
10109996GODOYJ_2026-02-09_G38,10109996GODOYJ,2026-02-09,110755,1,4,0,206.0
10109996GODOYJ_2026-02-09_G39,10109996GODOYJ,2026-02-09,110895,1,5,0,101.0
10109996GODOYJ_2026-02-09_G40,10109996GODOYJ,2026-02-09,110747,1,2,0,127.0
10109996GODOYJ_2026-02-09_G41,10109996GODOYJ,2026-02-09,117797,1,1,0,150.0
10109996GODOYJ_2026-02-09_G42,10109996GODOYJ,2026-02-09,110787,1,8,0,1260.0
10109996GODOYJ_2026-02-09_G43,10109996GODOYJ,2026-02-09,108794,1,2,0,149.0
10109996GODOYJ_2026-02-09_G44,10109996GODOYJ,2026-02-09,117831,1,6,0,71.0
10109996GODOYJ_2026-02-09_G45,10109996GODOYJ,2026-02-09,111466,1,1,0,143.0
10109996GODOYJ_2026-02-09_G46,10109996GODOYJ,2026-02-09,111463,1,4,0,157.0
10109996GODOYJ_2026-02-09_G47,10109996GODOYJ,2026-02-09,141457,1,4,0,269.0
10109996GODOYJ_2026-02-09_G48,10109996GODOYJ,2026-02-09,117787,1,2,0,92.0
10109996GODOYJ_2026-02-09_G49,10109996GODOYJ,2026-02-09,117785,1,3,0,85.0
10109996GODOYJ_2026-02-10_G02,10109996GODOYJ,2026-02-10,117822,1,7,0,454.0
10109996GODOYJ_2026-02-10_G03,10109996GODOYJ,2026-02-10,110376,1,2,0,67.0
10109996GODOYJ_2026-02-10_G04,10109996GODOYJ,2026-02-10,117832,1,29,0,520.0
10109996GODOYJ_2026-02-10_G05,10109996GODOYJ,2026-02-10,110375,1,5,0,175.0
10109996GODOYJ_2026-02-10_G06,10109996GODOYJ,2026-02-10,117830,1,50,0,107.0
10109996GODOYJ_2026-02-10_G07,10109996GODOYJ,2026-02-10,110372,1,64,0,771.0
10109996GODOYJ_2026-02-10_G08,10109996GODOYJ,2026-02-10,117830,1,6,0,1174.0
10109996GODOYJ_2026-02-10_G09,10109996GODOYJ,2026-02-10,110895,1,4,0,1198.0
10109996GODOYJ_2026-02-10_G10,10109996GODOYJ,2026-02-10,108759,1,2,0,513.0
10109996GODOYJ_2026-02-10_G11,10109996GODOYJ,2026-02-10,107629,1,1,0,193.0
10109996GODOYJ_2026-02-10_G12,10109996GODOYJ,2026-02-10,117862,1,2,0,57.0
10109996GODOYJ_2026-02-10_G13,10109996GODOYJ,2026-02-10,111530,1,2,0,89.0
10109996GODOYJ_2026-02-10_G14,10109996GODOYJ,2026-02-10,110339,1,1,0,943.0
10109996GODOYJ_2026-02-10_G15,10109996GODOYJ,2026-02-10,141166,1,4,0,136.0
10109996GODOYJ_2026-02-10_G16,10109996GODOYJ,2026-02-10,107236,1,4,0,154.0
10109996GODOYJ_2026-02-10_G17,10109996GODOYJ,2026-02-10,110740,1,1,0,133.0
10109996GODOYJ_2026-02-10_G18,10109996GODOYJ,2026-02-10,111469,1,1,0,41.0
10109996GODOYJ_2026-02-10_G19,10109996GODOYJ,2026-02-10,111466,1,6,0,160.0
10109996GODOYJ_2026-02-10_G20,10109996GODOYJ,2026-02-10,111172,1,4,0,80.0
10109996GODOYJ_2026-02-10_G21,10109996GODOYJ,2026-02-10,118140,1,2,0,118.0
10109996GODOYJ_2026-02-10_G22,10109996GODOYJ,2026-02-10,111468,1,2,0,88.0
10109996GODOYJ_2026-02-10_G23,10109996GODOYJ,2026-02-10,117820,1,20,0,560.0
10109996GODOYJ_2026-02-10_G24,10109996GODOYJ,2026-02-10,110371,1,18,0,607.0
10109996GODOYJ_2026-02-10_G25,10109996GODOYJ,2026-02-10,"117808, 110376",2,101,28,474.0
10109996GODOYJ_2026-02-10_G26,10109996GODOYJ,2026-02-10,117830,1,30,0,50.0
10109996GODOYJ_2026-02-10_G27,10109996GODOYJ,2026-02-10,140923,2,7,22,421.0
10109996GODOYJ_2026-02-10_G28,10109996GODOYJ,2026-02-10,117786,1,6,0,152.0
10109996GODOYJ_2026-02-10_G29,10109996GODOYJ,2026-02-10,110711,1,4,0,134.0
10109996GODOYJ_2026-02-10_G30,10109996GODOYJ,2026-02-10,117856,2,8,13,115.0
10109996GODOYJ_2026-02-10_G31,10109996GODOYJ,2026-02-10,109647,1,4,0,152.0
10109996GODOYJ_2026-02-10_G32,10109996GODOYJ,2026-02-10,117837,1,4,0,116.0
10109996GODOYJ_2026-02-10_G33,10109996GODOYJ,2026-02-10,"110895, 117838",2,5,17,1230.0
10109996GODOYJ_2026-02-10_G34,10109996GODOYJ,2026-02-10,"117842, 108795",2,4,16,707.0
10109996GODOYJ_2026-02-10_G35,10109996GODOYJ,2026-02-10,110740,1,2,0,69.0
10109996GODOYJ_2026-02-10_G36,10109996GODOYJ,2026-02-10,"108711, 111743",2,4,30,274.0
10109996GODOYJ_2026-02-10_G37,10109996GODOYJ,2026-02-10,111418,1,4,0,256.0
10109996GODOYJ_2026-02-10_G38,10109996GODOYJ,2026-02-10,117830,1,3,0,188.0
10109996GODOYJ_2026-02-10_G39,10109996GODOYJ,2026-02-10,117862,1,2,0,191.0
10109996GODOYJ_2026-02-10_G40,10109996GODOYJ,2026-02-10,117856,1,4,0,125.0
10109996GODOYJ_2026-02-10_G41,10109996GODOYJ,2026-02-10,111418,1,2,0,269.0
10109996GODOYJ_2026-02-10_G42,10109996GODOYJ,2026-02-10,141457,1,5,0,123.0
10109996GODOYJ_2026-02-10_G43,10109996GODOYJ,2026-02-10,117820,1,2,0,121.0
10109996GODOYJ_2026-02-10_G44,10109996GODOYJ,2026-02-10,117830,1,2,0,98.0
10109996GODOYJ_2026-02-10_G45,10109996GODOYJ,2026-02-10,142045,1,4,0,1076.0
10109996GODOYJ_2026-02-10_G46,10109996GODOYJ,2026-02-10,140923,1,2,0,47.0
10109996GODOYJ_2026-02-10_G47,10109996GODOYJ,2026-02-10,117862,1,4,0,64.0
10109996GODOYJ_2026-02-10_G48,10109996GODOYJ,2026-02-10,117856,1,2,0,115.0
10109996GODOYJ_2026-02-10_G49,10109996GODOYJ,2026-02-10,109641,1,2,0,128.0
10109996GODOYJ_2026-02-10_G50,10109996GODOYJ,2026-02-10,117831,1,4,0,73.0
10109996GODOYJ_2026-02-10_G51,10109996GODOYJ,2026-02-10,110740,1,4,0,97.0
10109996GODOYJ_2026-02-10_G52,10109996GODOYJ,2026-02-10,116241,1,4,0,114.0
10109996GODOYJ_2026-02-10_G53,10109996GODOYJ,2026-02-10,141457,1,6,0,79.0
10109996GODOYJ_2026-02-10_G54,10109996GODOYJ,2026-02-10,117838,1,2,0,68.0
10109996GODOYJ_2026-02-10_G55,10109996GODOYJ,2026-02-10,109648,1,4,0,117.0
10109996GODOYJ_2026-02-10_G56,10109996GODOYJ,2026-02-10,117830,1,2,0,152.0
10109996GODOYJ_2026-02-10_G57,10109996GODOYJ,2026-02-10,110500,1,1,0,196.0
10109996GODOYJ_2026-02-10_G58,10109996GODOYJ,2026-02-10,"118283, 110841",2,5,27,289.0
10109996GODOYJ_2026-02-10_G59,10109996GODOYJ,2026-02-10,110582,1,1,0,180.0
10109996GODOYJ_2026-02-10_G60,10109996GODOYJ,2026-02-10,111650,1,4,0,276.0
10109996GODOYJ_2026-02-10_G61,10109996GODOYJ,2026-02-10,108361,1,2,0,90.0
10109996GODOYJ_2026-02-10_G62,10109996GODOYJ,2026-02-10,118285,1,2,0,312.0
10109996GODOYJ_2026-02-10_G63,10109996GODOYJ,2026-02-10,111348,1,4,0,44.0
10109996GODOYJ_2026-02-10_G64,10109996GODOYJ,2026-02-10,117833,1,6,0,98.0
10109996GODOYJ_2026-02-10_G65,10109996GODOYJ,2026-02-10,110740,1,1,0,69.0
10109996GODOYJ_2026-02-10_G66,10109996GODOYJ,2026-02-10,108711,1,3,0,62.0
10109996GODOYJ_2026-02-10_G67,10109996GODOYJ,2026-02-10,111463,1,6,0,84.0
10109996GODOYJ_2026-02-10_G68,10109996GODOYJ,2026-02-10,141823,1,8,0,95.0
10109996GODOYJ_2026-02-10_G69,10109996GODOYJ,2026-02-10,110325,1,10,0,127.0
10109996GODOYJ_2026-02-10_G70,10109996GODOYJ,2026-02-10,141202,1,6,0,122.0
10109996GODOYJ_2026-02-10_G72,10109996GODOYJ,2026-02-10,109643,1,4,0,182.0
10109996GODOYJ_2026-02-10_G73,10109996GODOYJ,2026-02-10,110325,1,1,0,140.0
10109996GODOYJ_2026-02-10_G74,10109996GODOYJ,2026-02-10,117808,1,34,0,327.0
10109996GODOYJ_2026-02-10_G75,10109996GODOYJ,2026-02-10,118299,1,44,0,422.0
10109996GODOYJ_2026-02-10_G76,10109996GODOYJ,2026-02-10,110372,1,35,0,254.0
10109996GODOYJ_2026-02-10_G77,10109996GODOYJ,2026-02-10,110373,1,5,0,816.0
10109996GODOYJ_2026-02-11_G02,10109996GODOYJ,2026-02-11,141047,1,18,0,245.0
10109996GODOYJ_2026-02-11_G03,10109996GODOYJ,2026-02-11,117854,1,2,0,247.0
10109996GODOYJ_2026-02-11_G04,10109996GODOYJ,2026-02-11,110339,1,110,0,625.0
10109996GODOYJ_2026-02-11_G05,10109996GODOYJ,2026-02-11,109641,1,98,0,714.0
10109996GODOYJ_2026-02-11_G06,10109996GODOYJ,2026-02-11,117831,1,10,0,98.0
10109996GODOYJ_2026-02-11_G07,10109996GODOYJ,2026-02-11,117841,1,29,0,533.0
10109996GODOYJ_2026-02-11_G08,10109996GODOYJ,2026-02-11,111465,1,41,0,170.0
10109996GODOYJ_2026-02-11_G09,10109996GODOYJ,2026-02-11,111435,1,42,0,329.0
10109996GODOYJ_2026-02-11_G10,10109996GODOYJ,2026-02-11,116241,1,67,0,606.0
10109996GODOYJ_2026-02-11_G11,10109996GODOYJ,2026-02-11,142080,1,1,0,2564.0
10109996GODOYJ_2026-02-11_G12,10109996GODOYJ,2026-02-11,141271,1,8,0,379.0
10109996GODOYJ_2026-02-11_G13,10109996GODOYJ,2026-02-11,118140,1,8,0,192.0
10109996GODOYJ_2026-02-11_G14,10109996GODOYJ,2026-02-11,141456,1,4,0,380.0
10109996GODOYJ_2026-02-11_G15,10109996GODOYJ,2026-02-11,141458,1,8,0,115.0
10109996GODOYJ_2026-02-11_G16,10109996GODOYJ,2026-02-11,118299,1,12,0,205.0
10109996GODOYJ_2026-02-11_G17,10109996GODOYJ,2026-02-11,117830,1,2,0,186.0
10109996GODOYJ_2026-02-11_G18,10109996GODOYJ,2026-02-11,117808,1,27,0,435.0
10109996GODOYJ_2026-02-11_G19,10109996GODOYJ,2026-02-11,141166,1,1,0,166.0
10109996GODOYJ_2026-02-11_G20,10109996GODOYJ,2026-02-11,141271,1,8,0,202.0
10109996GODOYJ_2026-02-11_G21,10109996GODOYJ,2026-02-11,111463,1,24,0,435.0
10109996GODOYJ_2026-02-11_G22,10109996GODOYJ,2026-02-11,141456,1,5,0,174.0
10109996GODOYJ_2026-02-11_G23,10109996GODOYJ,2026-02-11,141458,1,6,0,110.0
10109996GODOYJ_2026-02-11_G24,10109996GODOYJ,2026-02-11,110372,1,6,0,287.0
10109996GODOYJ_2026-02-11_G25,10109996GODOYJ,2026-02-11,117830,1,4,0,124.0
10109996GODOYJ_2026-02-11_G26,10109996GODOYJ,2026-02-11,110373,1,21,0,114.0
10109996GODOYJ_2026-02-11_G27,10109996GODOYJ,2026-02-11,111466,1,12,0,673.0
10109996GODOYJ_2026-02-11_G28,10109996GODOYJ,2026-02-11,111660,1,4,0,118.0
10109996GODOYJ_2026-02-11_G29,10109996GODOYJ,2026-02-11,117830,1,2,0,204.0
10109996GODOYJ_2026-02-11_G30,10109996GODOYJ,2026-02-11,141823,1,4,0,89.0
10109996GODOYJ_2026-02-11_G31,10109996GODOYJ,2026-02-11,141456,1,4,0,118.0
10109996GODOYJ_2026-02-11_G32,10109996GODOYJ,2026-02-11,141458,1,4,0,103.0
10109996GODOYJ_2026-02-11_G33,10109996GODOYJ,2026-02-11,117808,1,40,0,458.0
10109996GODOYJ_2026-02-11_G34,10109996GODOYJ,2026-02-11,118140,1,11,0,166.0
10109996GODOYJ_2026-02-11_G35,10109996GODOYJ,2026-02-11,117831,1,20,0,1657.0
10109996GODOYJ_2026-02-11_G36,10109996GODOYJ,2026-02-11,110752,1,185,0,588.0
10109996GODOYJ_2026-02-11_G37,10109996GODOYJ,2026-02-11,111469,1,359,0,635.0
10109996GODOYJ_2026-02-11_G39,10109996GODOYJ,2026-02-11,110751,2,10,6,135.0
10109996GODOYJ_2026-02-11_G40,10109996GODOYJ,2026-02-11,117821,1,10,0,101.0
10109996GODOYJ_2026-02-11_G41,10109996GODOYJ,2026-02-11,111743,2,13,13,119.0
10109996GODOYJ_2026-02-11_G42,10109996GODOYJ,2026-02-11,117841,1,4,0,133.0
10109996GODOYJ_2026-02-11_G43,10109996GODOYJ,2026-02-11,111172,1,6,0,62.0
10109996GODOYJ_2026-02-11_G44,10109996GODOYJ,2026-02-11,111418,2,43,22,97.0
10109996GODOYJ_2026-02-11_G45,10109996GODOYJ,2026-02-11,107236,2,28,23,37.0
10109996GODOYJ_2026-02-11_G46,10109996GODOYJ,2026-02-11,111463,1,20,0,66.0
10109996GODOYJ_2026-02-11_G47,10109996GODOYJ,2026-02-11,111463,2,30,8,277.0
10109996GODOYJ_2026-02-11_G48,10109996GODOYJ,2026-02-11,141823,1,8,0,258.0
10109996GODOYJ_2026-02-11_G49,10109996GODOYJ,2026-02-11,141456,3,60,17,238.0
10109996GODOYJ_2026-02-11_G50,10109996GODOYJ,2026-02-11,117838,1,1,0,78.0
10109996GODOYJ_2026-02-11_G51,10109996GODOYJ,2026-02-11,141457,2,12,7,98.0
10109996GODOYJ_2026-02-11_G52,10109996GODOYJ,2026-02-11,111433,1,4,0,92.0
10109996GODOYJ_2026-02-11_G53,10109996GODOYJ,2026-02-11,111431,1,4,0,59.0
10109996GODOYJ_2026-02-11_G54,10109996GODOYJ,2026-02-11,111465,1,5,0,634.0
10109996GODOYJ_2026-02-11_G55,10109996GODOYJ,2026-02-11,111435,1,6,0,119.0
10109996GODOYJ_2026-02-11_G56,10109996GODOYJ,2026-02-11,110129,1,7,0,94.0
10109996GODOYJ_2026-02-11_G57,10109996GODOYJ,2026-02-11,117785,2,16,10,58.0
10109996GODOYJ_2026-02-11_G58,10109996GODOYJ,2026-02-11,141066,1,2,0,2197.0
10109996GODOYJ_2026-02-11_G59,10109996GODOYJ,2026-02-11,141352,1,2,0,93.0
10109996GODOYJ_2026-02-11_G60,10109996GODOYJ,2026-02-11,110371,1,17,0,157.0
10109996GODOYJ_2026-02-11_G61,10109996GODOYJ,2026-02-11,117820,1,3,0,134.0
10109996GODOYJ_2026-02-11_G62,10109996GODOYJ,2026-02-11,110325,3,25,21,81.0
10109996GODOYJ_2026-02-12_G02,10109996GODOYJ,2026-02-12,118094,1,2,0,157.0
10109996GODOYJ_2026-02-12_G03,10109996GODOYJ,2026-02-12,108798,1,2,0,224.0
10109996GODOYJ_2026-02-12_G04,10109996GODOYJ,2026-02-12,111430,1,2,0,167.0
10109996GODOYJ_2026-02-12_G05,10109996GODOYJ,2026-02-12,111441,1,2,0,172.0
10109996GODOYJ_2026-02-12_G06,10109996GODOYJ,2026-02-12,142045,1,2,0,91.0
10109996GODOYJ_2026-02-12_G07,10109996GODOYJ,2026-02-12,111466,1,2,0,73.0
10109996GODOYJ_2026-02-12_G08,10109996GODOYJ,2026-02-12,118140,1,2,0,76.0
10109996GODOYJ_2026-02-12_G09,10109996GODOYJ,2026-02-12,141271,1,2,0,59.0
10109996GODOYJ_2026-02-12_G10,10109996GODOYJ,2026-02-12,141823,1,2,0,59.0
10109996GODOYJ_2026-02-12_G11,10109996GODOYJ,2026-02-12,111463,1,2,0,98.0
10109996GODOYJ_2026-02-12_G12,10109996GODOYJ,2026-02-12,109643,1,20,0,656.0
10109996GODOYJ_2026-02-12_G13,10109996GODOYJ,2026-02-12,111442,3,17,19,235.0
10109996GODOYJ_2026-02-12_G14,10109996GODOYJ,2026-02-12,142045,1,2,0,1330.0
10109996GODOYJ_2026-02-12_G15,10109996GODOYJ,2026-02-12,141166,1,1,0,113.0
10109996GODOYJ_2026-02-12_G16,10109996GODOYJ,2026-02-12,118140,1,4,0,148.0
10109996GODOYJ_2026-02-12_G17,10109996GODOYJ,2026-02-12,141271,1,2,0,88.0
10109996GODOYJ_2026-02-12_G18,10109996GODOYJ,2026-02-12,141823,1,2,0,110.0
10109996GODOYJ_2026-02-12_G19,10109996GODOYJ,2026-02-12,117862,1,4,0,94.0
10109996GODOYJ_2026-02-12_G20,10109996GODOYJ,2026-02-12,117786,1,2,0,74.0
10109996GODOYJ_2026-02-12_G21,10109996GODOYJ,2026-02-12,111172,1,2,0,66.0
10109996GODOYJ_2026-02-12_G22,10109996GODOYJ,2026-02-12,"118140, 141271",2,12,22,1039.0
10109996GODOYJ_2026-02-12_G23,10109996GODOYJ,2026-02-12,111463,1,2,0,118.0
10109996GODOYJ_2026-02-12_G24,10109996GODOYJ,2026-02-12,110371,1,2,0,127.0
10109996GODOYJ_2026-02-12_G25,10109996GODOYJ,2026-02-12,110325,1,2,0,107.0
10109996GODOYJ_2026-02-12_G26,10109996GODOYJ,2026-02-12,110373,1,5,0,131.0
10109996GODOYJ_2026-02-12_G27,10109996GODOYJ,2026-02-12,111441,1,2,0,505.0
10109996GODOYJ_2026-02-12_G28,10109996GODOYJ,2026-02-12,117862,1,2,0,80.0
10109996GODOYJ_2026-02-12_G29,10109996GODOYJ,2026-02-12,141166,1,2,0,110.0
10109996GODOYJ_2026-02-12_G30,10109996GODOYJ,2026-02-12,111330,1,2,0,332.0
10109996GODOYJ_2026-02-12_G31,10109996GODOYJ,2026-02-12,111466,2,3,8,215.0
10109996GODOYJ_2026-02-12_G32,10109996GODOYJ,2026-02-12,118140,2,10,8,91.0
10109996GODOYJ_2026-02-12_G33,10109996GODOYJ,2026-02-12,117808,1,6,0,137.0
10109996GODOYJ_2026-02-12_G34,10109996GODOYJ,2026-02-12,111441,1,2,0,76.0
10109996GODOYJ_2026-02-12_G35,10109996GODOYJ,2026-02-12,111466,1,4,0,194.0
10109996GODOYJ_2026-02-12_G36,10109996GODOYJ,2026-02-12,118140,1,2,0,116.0
10109996GODOYJ_2026-02-12_G37,10109996GODOYJ,2026-02-12,141823,1,2,0,77.0
10109996GODOYJ_2026-02-12_G38,10109996GODOYJ,2026-02-12,117820,1,2,0,109.0
10109996GODOYJ_2026-02-12_G39,10109996GODOYJ,2026-02-12,111602,1,10,0,775.0
10109996GODOYJ_2026-02-12_G40,10109996GODOYJ,2026-02-12,141456,2,10,10,334.0
10109996GODOYJ_2026-02-12_G41,10109996GODOYJ,2026-02-12,118317,1,19,0,1405.0
10109996GODOYJ_2026-02-12_G42,10109996GODOYJ,2026-02-12,109643,1,20,0,298.0
10109996GODOYJ_2026-02-12_G43,10109996GODOYJ,2026-02-12,110325,1,6,0,111.0
10109996GODOYJ_2026-02-12_G44,10109996GODOYJ,2026-02-12,118317,1,1,0,163.0
10109996GODOYJ_2026-02-12_G45,10109996GODOYJ,2026-02-12,141456,2,20,8,187.0
10109996GODOYJ_2026-02-12_G46,10109996GODOYJ,2026-02-12,111445,1,2,0,255.0
10109996GODOYJ_2026-02-12_G47,10109996GODOYJ,2026-02-12,141456,1,5,0,57.0
10109996GODOYJ_2026-02-12_G48,10109996GODOYJ,2026-02-12,118299,1,6,0,2269.0
10109996GODOYJ_2026-02-12_G49,10109996GODOYJ,2026-02-12,110325,1,6,0,187.0
10109996GODOYJ_2026-02-12_G50,10109996GODOYJ,2026-02-12,111655,2,6,8,240.0
10109996GODOYJ_2026-02-12_G51,10109996GODOYJ,2026-02-12,141456,1,4,0,245.0
10109996GODOYJ_2026-02-12_G52,10109996GODOYJ,2026-02-12,111445,1,15,0,694.0
10109996GODOYJ_2026-02-12_G53,10109996GODOYJ,2026-02-12,141456,1,4,0,125.0
10109996GODOYJ_2026-02-12_G54,10109996GODOYJ,2026-02-12,111434,1,4,0,836.0
10109996GODOYJ_2026-02-12_G56,10109996GODOYJ,2026-02-12,111443,1,12,0,214.0
10109996GODOYJ_2026-02-12_G57,10109996GODOYJ,2026-02-12,110751,1,14,0,31.0
10109996GODOYJ_2026-02-12_G58,10109996GODOYJ,2026-02-12,110743,1,4,0,152.0
10109996GODOYJ_2026-02-12_G59,10109996GODOYJ,2026-02-12,117841,1,8,0,87.0
10109996GODOYJ_2026-02-12_G60,10109996GODOYJ,2026-02-12,111172,1,60,0,653.0
10109996GODOYJ_2026-02-12_G61,10109996GODOYJ,2026-02-12,109645,1,19,0,251.0
10109996GODOYJ_2026-02-12_G62,10109996GODOYJ,2026-02-12,110371,1,30,0,1507.0
10109996GODOYJ_2026-02-12_G63,10109996GODOYJ,2026-02-12,110325,1,20,0,56.0
10109996GODOYJ_2026-02-12_G64,10109996GODOYJ,2026-02-12,118271,1,10,0,480.0
10109996GODOYJ_2026-02-12_G65,10109996GODOYJ,2026-02-12,118281,1,60,0,298.0
10109996GODOYJ_2026-02-12_G66,10109996GODOYJ,2026-02-12,110372,1,200,0,277.0
10109996GODOYJ_2026-02-12_G67,10109996GODOYJ,2026-02-12,118277,1,12,0,177.0
10109996GODOYJ_2026-02-12_G68,10109996GODOYJ,2026-02-12,111444,1,20,0,1593.0
10109996GODOYJ_2026-02-12_G69,10109996GODOYJ,2026-02-12,117785,1,100,0,277.0
10109996GODOYJ_2026-02-13_G02,10109996GODOYJ,2026-02-13,110740,1,6,0,200.0
10109996GODOYJ_2026-02-13_G03,10109996GODOYJ,2026-02-13,"141456, 141458",2,11,19,234.0
10109996GODOYJ_2026-02-13_G04,10109996GODOYJ,2026-02-13,111418,1,35,0,542.0
10109996GODOYJ_2026-02-13_G05,10109996GODOYJ,2026-02-13,111463,1,2,0,228.0
10109996GODOYJ_2026-02-13_G06,10109996GODOYJ,2026-02-13,107263,1,4,0,703.0
10109996GODOYJ_2026-02-13_G07,10109996GODOYJ,2026-02-13,109641,1,15,0,247.0
10109996GODOYJ_2026-02-13_G08,10109996GODOYJ,2026-02-13,117833,1,5,0,135.0
10109996GODOYJ_2026-02-13_G09,10109996GODOYJ,2026-02-13,108711,1,20,0,113.0
10109996GODOYJ_2026-02-13_G10,10109996GODOYJ,2026-02-13,111172,1,12,0,508.0
10109996GODOYJ_2026-02-13_G11,10109996GODOYJ,2026-02-13,117787,1,10,0,95.0
10109996GODOYJ_2026-02-13_G12,10109996GODOYJ,2026-02-13,117785,1,100,0,348.0
10109996GODOYJ_2026-02-13_G13,10109996GODOYJ,2026-02-13,110740,1,35,0,432.0
10109996GODOYJ_2026-02-13_G14,10109996GODOYJ,2026-02-13,118140,1,80,0,416.0
10109996GODOYJ_2026-02-13_G15,10109996GODOYJ,2026-02-13,107236,1,30,0,135.0
10109996GODOYJ_2026-02-13_G16,10109996GODOYJ,2026-02-13,107236,1,24,0,205.0
10109996GODOYJ_2026-02-13_G17,10109996GODOYJ,2026-02-13,111418,1,200,0,567.0
10109996GODOYJ_2026-02-13_G18,10109996GODOYJ,2026-02-13,117820,1,80,0,1261.0
10109996GODOYJ_2026-02-13_G19,10109996GODOYJ,2026-02-13,117832,1,60,0,457.0
10109996GODOYJ_2026-02-13_G20,10109996GODOYJ,2026-02-13,141202,1,12,0,582.0
10109996GODOYJ_2026-02-13_G22,10109996GODOYJ,2026-02-13,117822,1,4,0,324.0
10109996GODOYJ_2026-02-13_G23,10109996GODOYJ,2026-02-13,117833,1,22,0,590.0
10109996GODOYJ_2026-02-13_G24,10109996GODOYJ,2026-02-13,118317,1,4,0,629.0
10109996GODOYJ_2026-02-16_G02,10109996GODOYJ,2026-02-16,111438,1,4,0,159.0
10109996GODOYJ_2026-02-16_G03,10109996GODOYJ,2026-02-16,117821,1,2,0,149.0
10109996GODOYJ_2026-02-16_G04,10109996GODOYJ,2026-02-16,110787,1,2,0,91.0
10109996GODOYJ_2026-02-16_G05,10109996GODOYJ,2026-02-16,111466,1,8,0,64.0
10109996GODOYJ_2026-02-16_G06,10109996GODOYJ,2026-02-16,111465,1,3,0,191.0
10109996GODOYJ_2026-02-16_G07,10109996GODOYJ,2026-02-16,111463,1,4,0,88.0
10109996GODOYJ_2026-02-16_G08,10109996GODOYJ,2026-02-16,111442,1,52,0,501.0
10109996GODOYJ_2026-02-16_G09,10109996GODOYJ,2026-02-16,114650,1,1,0,342.0
10109996GODOYJ_2026-02-16_G10,10109996GODOYJ,2026-02-16,111569,1,3,0,146.0
10109996GODOYJ_2026-02-16_G11,10109996GODOYJ,2026-02-16,110741,1,2,0,230.0
10109996GODOYJ_2026-02-16_G12,10109996GODOYJ,2026-02-16,117862,1,4,0,80.0
10109996GODOYJ_2026-02-16_G13,10109996GODOYJ,2026-02-16,111530,1,4,0,252.0
10109996GODOYJ_2026-02-16_G14,10109996GODOYJ,2026-02-16,110711,1,6,0,86.0
10109996GODOYJ_2026-02-16_G15,10109996GODOYJ,2026-02-16,110787,1,3,0,298.0
10109996GODOYJ_2026-02-16_G16,10109996GODOYJ,2026-02-16,111466,1,8,0,84.0
10109996GODOYJ_2026-02-16_G17,10109996GODOYJ,2026-02-16,118317,1,4,0,92.0
10109996GODOYJ_2026-02-16_G18,10109996GODOYJ,2026-02-16,107236,1,4,0,165.0
10109996GODOYJ_2026-02-16_G19,10109996GODOYJ,2026-02-16,141823,1,3,0,90.0
10109996GODOYJ_2026-02-16_G20,10109996GODOYJ,2026-02-16,141456,1,6,0,174.0
10109996GODOYJ_2026-02-16_G21,10109996GODOYJ,2026-02-16,141166,1,4,0,94.0
10109996GODOYJ_2026-02-16_G22,10109996GODOYJ,2026-02-16,107830,1,1,0,101.0
10109996GODOYJ_2026-02-16_G23,10109996GODOYJ,2026-02-16,118299,1,7,0,159.0
10109996GODOYJ_2026-02-16_G24,10109996GODOYJ,2026-02-16,110371,1,6,0,50.0
10109996GODOYJ_2026-02-16_G25,10109996GODOYJ,2026-02-16,117822,1,1,0,137.0
10109996GODOYJ_2026-02-16_G26,10109996GODOYJ,2026-02-16,111466,1,8,0,407.0
10109996GODOYJ_2026-02-16_G27,10109996GODOYJ,2026-02-16,110755,1,4,0,2490.0
10109996GODOYJ_2026-02-16_G28,10109996GODOYJ,2026-02-16,111438,1,4,0,153.0
10109996GODOYJ_2026-02-16_G29,10109996GODOYJ,2026-02-16,111530,1,4,0,77.0
10109996GODOYJ_2026-02-16_G30,10109996GODOYJ,2026-02-16,117856,1,4,0,132.0
10109996GODOYJ_2026-02-16_G31,10109996GODOYJ,2026-02-16,111466,1,4,0,138.0
10109996GODOYJ_2026-02-16_G32,10109996GODOYJ,2026-02-16,"111530, 118317",2,11,26,759.0
10109996GODOYJ_2026-02-16_G33,10109996GODOYJ,2026-02-16,111530,1,6,0,156.0
10109996GODOYJ_2026-02-16_G34,10109996GODOYJ,2026-02-16,118317,1,3,0,76.0
10109996GODOYJ_2026-02-16_G35,10109996GODOYJ,2026-02-16,117785,1,8,0,2737.0
10109996GODOYJ_2026-02-16_G36,10109996GODOYJ,2026-02-16,141202,1,4,0,113.0
10109996GODOYJ_2026-02-16_G37,10109996GODOYJ,2026-02-16,110711,1,5,0,177.0
10109996GODOYJ_2026-02-16_G38,10109996GODOYJ,2026-02-16,142045,1,8,0,821.0
10109996GODOYJ_2026-02-16_G39,10109996GODOYJ,2026-02-16,111430,1,2,0,210.0
10109996GODOYJ_2026-02-16_G40,10109996GODOYJ,2026-02-16,110895,1,1,0,106.0
10109996GODOYJ_2026-02-16_G41,10109996GODOYJ,2026-02-16,111438,1,2,0,61.0
10109996GODOYJ_2026-02-16_G42,10109996GODOYJ,2026-02-16,111437,1,2,0,114.0
10109996GODOYJ_2026-02-16_G43,10109996GODOYJ,2026-02-16,111569,1,4,0,136.0
10109996GODOYJ_2026-02-16_G44,10109996GODOYJ,2026-02-16,111655,1,2,0,496.0
10109996GODOYJ_2026-02-16_G45,10109996GODOYJ,2026-02-16,111467,1,1,0,262.0
10109996GODOYJ_2026-02-16_G46,10109996GODOYJ,2026-02-16,140923,1,8,0,373.0
10109996GODOYJ_2026-02-16_G47,10109996GODOYJ,2026-02-16,117862,1,4,0,408.0
10109996GODOYJ_2026-02-16_G48,10109996GODOYJ,2026-02-16,117786,1,1,0,54.0
10109996GODOYJ_2026-02-16_G49,10109996GODOYJ,2026-02-16,111602,1,4,0,66.0
10109996GODOYJ_2026-02-16_G50,10109996GODOYJ,2026-02-16,117854,1,2,0,126.0
10109996GODOYJ_2026-02-16_G51,10109996GODOYJ,2026-02-16,141166,1,1,0,68.0
10109996GODOYJ_2026-02-16_G52,10109996GODOYJ,2026-02-16,111465,1,4,0,77.0
10109996GODOYJ_2026-02-16_G53,10109996GODOYJ,2026-02-16,117787,1,2,0,303.0
10109996GODOYJ_2026-02-16_G54,10109996GODOYJ,2026-02-16,110740,1,4,0,32.0
10109996GODOYJ_2026-02-16_G55,10109996GODOYJ,2026-02-16,110129,1,2,0,62.0
10109996GODOYJ_2026-02-16_G56,10109996GODOYJ,2026-02-16,111463,1,1,0,41.0
10109996GODOYJ_2026-02-16_G57,10109996GODOYJ,2026-02-16,110748,1,2,0,1093.0
10109996GODOYJ_2026-02-16_G59,10109996GODOYJ,2026-02-16,109641,1,2,0,137.0
10109996GODOYJ_2026-02-16_G60,10109996GODOYJ,2026-02-16,117842,1,4,0,45.0
10109996GODOYJ_2026-02-16_G61,10109996GODOYJ,2026-02-16,117833,1,1,0,86.0
10109996GODOYJ_2026-02-16_G62,10109996GODOYJ,2026-02-16,108711,1,2,0,45.0
10109996GODOYJ_2026-02-16_G63,10109996GODOYJ,2026-02-16,110743,1,4,0,44.0
10109996GODOYJ_2026-02-16_G64,10109996GODOYJ,2026-02-16,111469,1,8,0,83.0
10109996GODOYJ_2026-02-16_G65,10109996GODOYJ,2026-02-16,111743,1,4,0,108.0
10109996GODOYJ_2026-02-16_G66,10109996GODOYJ,2026-02-16,118140,3,28,24,87.0
10109996GODOYJ_2026-02-16_G67,10109996GODOYJ,2026-02-16,118330,1,2,0,402.0
10109996GODOYJ_2026-02-16_G68,10109996GODOYJ,2026-02-16,110787,1,2,0,49.0
10109996GODOYJ_2026-02-16_G69,10109996GODOYJ,2026-02-16,117841,1,4,0,1640.0
10109996GODOYJ_2026-02-16_G70,10109996GODOYJ,2026-02-16,"111466, 110332",2,28,16,1422.0
10109996GODOYJ_2026-02-16_G71,10109996GODOYJ,2026-02-16,117831,1,20,0,157.0
10109996GODOYJ_2026-02-16_G72,10109996GODOYJ,2026-02-16,141823,1,6,0,165.0
10109996GODOYJ_2026-02-17_G02,10109996GODOYJ,2026-02-17,141140,1,4,0,135.0
10109996GODOYJ_2026-02-17_G03,10109996GODOYJ,2026-02-17,111751,1,20,0,284.0
10109996GODOYJ_2026-02-17_G04,10109996GODOYJ,2026-02-17,111740,1,10,0,276.0
10109996GODOYJ_2026-02-17_G05,10109996GODOYJ,2026-02-17,111634,1,20,0,230.0
10109996GODOYJ_2026-02-17_G06,10109996GODOYJ,2026-02-17,118191,1,60,0,706.0
10109996GODOYJ_2026-02-17_G07,10109996GODOYJ,2026-02-17,111602,1,6,0,695.0
10109996GODOYJ_2026-02-17_G08,10109996GODOYJ,2026-02-17,110373,2,11,14,147.0
10109996GODOYJ_2026-02-17_G09,10109996GODOYJ,2026-02-17,111759,1,6,0,450.0
10109996GODOYJ_2026-02-17_G10,10109996GODOYJ,2026-02-17,141141,1,10,0,498.0
10109996GODOYJ_2026-02-17_G11,10109996GODOYJ,2026-02-17,111751,1,8,0,116.0
10109996GODOYJ_2026-02-17_G12,10109996GODOYJ,2026-02-17,111740,1,10,0,343.0
10109996GODOYJ_2026-02-17_G13,10109996GODOYJ,2026-02-17,111634,1,20,0,1239.0
10109996GODOYJ_2026-02-17_G14,10109996GODOYJ,2026-02-17,118191,1,100,0,302.0
10109996GODOYJ_2026-02-17_G15,10109996GODOYJ,2026-02-17,141262,1,20,0,343.0
10109996GODOYJ_2026-02-17_G16,10109996GODOYJ,2026-02-17,141458,1,6,0,1047.0
10109996GODOYJ_2026-02-17_G17,10109996GODOYJ,2026-02-17,110374,1,4,0,109.0
10109996GODOYJ_2026-02-17_G18,10109996GODOYJ,2026-02-17,110373,1,4,0,166.0
10109996GODOYJ_2026-02-17_G19,10109996GODOYJ,2026-02-17,111330,1,4,0,478.0
10109996GODOYJ_2026-02-17_G20,10109996GODOYJ,2026-02-17,111466,1,2,0,282.0
10109996GODOYJ_2026-02-17_G21,10109996GODOYJ,2026-02-17,110787,1,12,0,245.0
10109996GODOYJ_2026-02-17_G22,10109996GODOYJ,2026-02-17,111532,1,12,0,460.0
10109996GODOYJ_2026-02-17_G23,10109996GODOYJ,2026-02-17,110374,1,12,0,71.0
10109996GODOYJ_2026-02-17_G24,10109996GODOYJ,2026-02-17,118299,1,48,0,161.0
10109996GODOYJ_2026-02-17_G25,10109996GODOYJ,2026-02-17,110787,1,12,0,1654.0
10109996GODOYJ_2026-02-17_G26,10109996GODOYJ,2026-02-17,111418,1,4,0,132.0
10109996GODOYJ_2026-02-17_G27,10109996GODOYJ,2026-02-17,117808,1,40,0,179.0
10109996GODOYJ_2026-02-17_G28,10109996GODOYJ,2026-02-17,110373,1,4,0,433.0
10109996GODOYJ_2026-02-17_G29,10109996GODOYJ,2026-02-17,111439,1,2,0,901.0
10109996GODOYJ_2026-02-17_G30,10109996GODOYJ,2026-02-17,111330,1,4,0,82.0
10109996GODOYJ_2026-02-17_G31,10109996GODOYJ,2026-02-17,110787,1,1,0,83.0
10109996GODOYJ_2026-02-17_G32,10109996GODOYJ,2026-02-17,109641,1,2,0,73.0
10109996GODOYJ_2026-02-17_G33,10109996GODOYJ,2026-02-17,110373,1,101,0,461.0
10109996GODOYJ_2026-02-17_G35,10109996GODOYJ,2026-02-17,111442,1,60,0,198.0
10109996GODOYJ_2026-02-17_G36,10109996GODOYJ,2026-02-17,110374,1,11,0,519.0
10109996GODOYJ_2026-02-17_G37,10109996GODOYJ,2026-02-17,110373,1,9,0,181.0
10109996GODOYJ_2026-02-17_G38,10109996GODOYJ,2026-02-17,111759,1,10,0,1417.0
10109996GODOYJ_2026-02-17_G39,10109996GODOYJ,2026-02-17,111751,1,8,0,1599.0
10109996GODOYJ_2026-02-17_G40,10109996GODOYJ,2026-02-17,141262,1,30,0,65.0
10109996GODOYJ_2026-02-17_G41,10109996GODOYJ,2026-02-17,118191,1,20,0,429.0
10109996GODOYJ_2026-02-18_G02,10109996GODOYJ,2026-02-18,111602,1,2,0,1561.0
10109996GODOYJ_2026-02-18_G03,10109996GODOYJ,2026-02-18,117853,1,2,0,110.0
10109996GODOYJ_2026-02-18_G04,10109996GODOYJ,2026-02-18,110711,1,2,0,162.0
10109996GODOYJ_2026-02-18_G05,10109996GODOYJ,2026-02-18,111602,1,40,0,159.0
10109996GODOYJ_2026-02-18_G06,10109996GODOYJ,2026-02-18,117831,1,2,0,396.0
10109996GODOYJ_2026-02-18_G07,10109996GODOYJ,2026-02-18,109645,1,1,0,194.0
10109996GODOYJ_2026-02-18_G08,10109996GODOYJ,2026-02-18,141458,1,10,0,59.0
10109996GODOYJ_2026-02-18_G09,10109996GODOYJ,2026-02-18,118299,1,4,0,189.0
10109996GODOYJ_2026-02-18_G10,10109996GODOYJ,2026-02-18,117808,1,2,0,78.0
10109996GODOYJ_2026-02-18_G11,10109996GODOYJ,2026-02-18,110373,1,2,0,112.0
10109996GODOYJ_2026-02-18_G12,10109996GODOYJ,2026-02-18,110372,1,4,0,60.0
10109996GODOYJ_2026-02-18_G13,10109996GODOYJ,2026-02-18,117853,1,12,0,427.0
10109996GODOYJ_2026-02-18_G14,10109996GODOYJ,2026-02-18,117831,1,14,0,216.0
10109996GODOYJ_2026-02-18_G15,10109996GODOYJ,2026-02-18,107236,1,5,0,31.0
10109996GODOYJ_2026-02-18_G16,10109996GODOYJ,2026-02-18,141271,1,32,0,153.0
10109996GODOYJ_2026-02-18_G17,10109996GODOYJ,2026-02-18,141457,1,97,0,304.0
10109996GODOYJ_2026-02-18_G18,10109996GODOYJ,2026-02-18,110740,1,38,0,415.0
10109996GODOYJ_2026-02-18_G19,10109996GODOYJ,2026-02-18,111602,1,77,0,441.0
10109996GODOYJ_2026-02-18_G20,10109996GODOYJ,2026-02-18,111660,1,7,0,2063.0
10109996GODOYJ_2026-02-18_G21,10109996GODOYJ,2026-02-18,111445,1,8,0,382.0
10109996GODOYJ_2026-02-18_G22,10109996GODOYJ,2026-02-18,111655,1,5,0,289.0
10109996GODOYJ_2026-02-18_G23,10109996GODOYJ,2026-02-18,111876,1,40,0,836.0
10109996GODOYJ_2026-02-18_G24,10109996GODOYJ,2026-02-18,140923,1,50,0,453.0
10109996GODOYJ_2026-02-18_G25,10109996GODOYJ,2026-02-18,"109645, 109641",2,43,15,647.0
10109996GODOYJ_2026-02-18_G26,10109996GODOYJ,2026-02-18,118299,1,400,0,1327.0
10109996GODOYJ_2026-02-18_G27,10109996GODOYJ,2026-02-18,118299,1,217,0,979.0
10109996GODOYJ_2026-02-18_G28,10109996GODOYJ,2026-02-18,117820,1,2,0,93.0
10109996GODOYJ_2026-02-18_G29,10109996GODOYJ,2026-02-18,110373,1,197,0,610.0
10109996GODOYJ_2026-02-19_G02,10109996GODOYJ,2026-02-19,110752,1,4,0,85.0
10109996GODOYJ_2026-02-19_G03,10109996GODOYJ,2026-02-19,140923,1,2,0,96.0
10109996GODOYJ_2026-02-19_G04,10109996GODOYJ,2026-02-19,109647,1,2,0,116.0
10109996GODOYJ_2026-02-19_G05,10109996GODOYJ,2026-02-19,117862,1,4,0,51.0
10109996GODOYJ_2026-02-19_G06,10109996GODOYJ,2026-02-19,117809,1,2,0,95.0
10109996GODOYJ_2026-02-19_G07,10109996GODOYJ,2026-02-19,117830,1,4,0,117.0
10109996GODOYJ_2026-02-19_G08,10109996GODOYJ,2026-02-19,111463,1,2,0,49.0
10109996GODOYJ_2026-02-19_G09,10109996GODOYJ,2026-02-19,110740,1,4,0,87.0
10109996GODOYJ_2026-02-19_G10,10109996GODOYJ,2026-02-19,111466,1,4,0,1501.0
10109996GODOYJ_2026-02-19_G11,10109996GODOYJ,2026-02-19,108759,1,4,0,287.0
10109996GODOYJ_2026-02-19_G12,10109996GODOYJ,2026-02-19,109640,1,1,0,155.0
10109996GODOYJ_2026-02-19_G13,10109996GODOYJ,2026-02-19,111469,1,2,0,225.0
10109996GODOYJ_2026-02-19_G14,10109996GODOYJ,2026-02-19,109640,1,17,0,106.0
10109996GODOYJ_2026-02-19_G16,10109996GODOYJ,2026-02-19,117820,1,140,0,2989.0
10109996GODOYJ_2026-02-19_G17,10109996GODOYJ,2026-02-19,118299,1,1098,0,740.0
10109996GODOYJ_2026-02-19_G18,10109996GODOYJ,2026-02-19,118299,1,3,0,109.0
10109996GODOYJ_2026-02-19_G19,10109996GODOYJ,2026-02-19,117830,1,54,0,506.0
10109996GODOYJ_2026-02-19_G20,10109996GODOYJ,2026-02-19,110373,1,93,0,316.0
10109996GODOYJ_2026-02-19_G21,10109996GODOYJ,2026-02-19,118281,1,26,0,193.0
10109996GODOYJ_2026-02-19_G22,10109996GODOYJ,2026-02-19,108794,1,7,0,1335.0
10109996GODOYJ_2026-02-19_G23,10109996GODOYJ,2026-02-19,117821,2,13,12,132.0
10109996GODOYJ_2026-02-19_G24,10109996GODOYJ,2026-02-19,108711,1,3,0,148.0
10109996GODOYJ_2026-02-19_G25,10109996GODOYJ,2026-02-19,111743,1,9,0,77.0
10109996GODOYJ_2026-02-19_G26,10109996GODOYJ,2026-02-19,111466,4,49,38,791.0
10109996GODOYJ_2026-02-19_G27,10109996GODOYJ,2026-02-19,142093,3,22,13,886.0
10109996GODOYJ_2026-02-19_G28,10109996GODOYJ,2026-02-19,117831,1,30,0,325.0
10109996GODOYJ_2026-02-19_G29,10109996GODOYJ,2026-02-19,111442,2,14,7,201.0
10109996GODOYJ_2026-02-19_G31,10109996GODOYJ,2026-02-19,118299,1,12,0,122.0
10109996GODOYJ_2026-02-19_G32,10109996GODOYJ,2026-02-19,110372,1,10,0,147.0
10109996GODOYJ_2026-02-19_G33,10109996GODOYJ,2026-02-19,118632,1,16,0,1598.0
10109996GODOYJ_2026-02-19_G34,10109996GODOYJ,2026-02-19,118418,1,10,0,359.0
10109996GODOYJ_2026-02-19_G35,10109996GODOYJ,2026-02-19,111569,1,104,0,1347.0
10109996GODOYJ_2026-02-19_G36,10109996GODOYJ,2026-02-19,108770,1,56,0,356.0
10109996GODOYJ_2026-02-19_G37,10109996GODOYJ,2026-02-19,110714,1,12,0,1607.0
10109996GODOYJ_2026-02-21_G02,10109996GODOYJ,2026-02-21,111441,1,4,0,291.0
10109996GODOYJ_2026-02-21_G03,10109996GODOYJ,2026-02-21,118094,1,1,0,174.0
10109996GODOYJ_2026-02-21_G04,10109996GODOYJ,2026-02-21,110373,1,2,0,118.0
10109996GODOYJ_2026-02-21_G05,10109996GODOYJ,2026-02-21,111469,1,8,0,173.0
10109996GODOYJ_2026-02-21_G06,10109996GODOYJ,2026-02-21,111443,1,4,0,118.0
10109996GODOYJ_2026-02-21_G07,10109996GODOYJ,2026-02-21,111330,1,4,0,73.0
10109996GODOYJ_2026-02-21_G08,10109996GODOYJ,2026-02-21,109640,2,60,9,694.0
10109996GODOYJ_2026-02-21_G09,10109996GODOYJ,2026-02-21,109640,1,4,0,1418.0
10109996GODOYJ_2026-02-21_G10,10109996GODOYJ,2026-02-21,140957,1,2,0,151.0
10109996GODOYJ_2026-02-21_G11,10109996GODOYJ,2026-02-21,109640,1,3,0,91.0
10109996GODOYJ_2026-02-21_G12,10109996GODOYJ,2026-02-21,109640,1,4,0,119.0
10109996GODOYJ_2026-02-21_G13,10109996GODOYJ,2026-02-21,140957,1,2,0,117.0
10109996GODOYJ_2026-02-21_G14,10109996GODOYJ,2026-02-21,107236,1,4,0,158.0
10109996GODOYJ_2026-02-21_G15,10109996GODOYJ,2026-02-21,110787,1,6,0,122.0
10109996GODOYJ_2026-02-21_G16,10109996GODOYJ,2026-02-21,117785,1,4,0,143.0
10109996GODOYJ_2026-02-21_G17,10109996GODOYJ,2026-02-21,108711,1,4,0,151.0
10109996GODOYJ_2026-02-21_G18,10109996GODOYJ,2026-02-21,110325,1,2,0,39.0
10109996GODOYJ_2026-02-21_G19,10109996GODOYJ,2026-02-21,111438,1,4,0,376.0
10109996GODOYJ_2026-02-21_G20,10109996GODOYJ,2026-02-21,111466,1,4,0,1299.0
10109996GODOYJ_2026-02-21_G21,10109996GODOYJ,2026-02-21,107236,1,4,0,228.0
10109996GODOYJ_2026-02-21_G22,10109996GODOYJ,2026-02-21,111469,1,5,0,133.0
10109996GODOYJ_2026-02-21_G23,10109996GODOYJ,2026-02-21,110787,1,4,0,206.0
10109996GODOYJ_2026-02-21_G24,10109996GODOYJ,2026-02-21,110895,1,1,0,170.0
10109996GODOYJ_2026-02-21_G25,10109996GODOYJ,2026-02-21,117856,2,4,8,277.0
10109996GODOYJ_2026-02-21_G26,10109996GODOYJ,2026-02-21,111466,1,4,0,97.0
10109996GODOYJ_2026-02-21_G27,10109996GODOYJ,2026-02-21,118299,1,4,0,98.0
10109996GODOYJ_2026-02-21_G28,10109996GODOYJ,2026-02-21,117808,1,1,0,45.0
10109996GODOYJ_2026-02-21_G30,10109996GODOYJ,2026-02-21,142013,1,1,0,185.0
10109996GODOYJ_2026-02-21_G31,10109996GODOYJ,2026-02-21,110787,1,150,0,259.0
10109996GODOYJ_2026-02-21_G32,10109996GODOYJ,2026-02-21,118299,1,200,0,487.0
10109996GODOYJ_2026-02-21_G34,10109996GODOYJ,2026-02-21,117808,2,700,28,69.0
10109996GODOYJ_2026-02-21_G35,10109996GODOYJ,2026-02-21,109640,1,30,0,1042.0
10109996GODOYJ_2026-02-21_G36,10109996GODOYJ,2026-02-21,110787,1,6,0,367.0
10109996GODOYJ_2026-02-24_G02,10109996GODOYJ,2026-02-24,110895,1,4,0,199.0
10109996GODOYJ_2026-02-24_G03,10109996GODOYJ,2026-02-24,110755,1,8,0,262.0
10109996GODOYJ_2026-02-24_G04,10109996GODOYJ,2026-02-24,116527,1,1,0,139.0
10109996GODOYJ_2026-02-24_G05,10109996GODOYJ,2026-02-24,110754,1,2,0,101.0
10109996GODOYJ_2026-02-24_G06,10109996GODOYJ,2026-02-24,111439,1,4,0,93.0
10109996GODOYJ_2026-02-24_G07,10109996GODOYJ,2026-02-24,140923,1,12,0,205.0
10109996GODOYJ_2026-02-24_G08,10109996GODOYJ,2026-02-24,109647,1,8,0,830.0
10109996GODOYJ_2026-02-24_G09,10109996GODOYJ,2026-02-24,117862,1,4,0,31.0
10109996GODOYJ_2026-02-24_G10,10109996GODOYJ,2026-02-24,141047,1,4,0,122.0
10109996GODOYJ_2026-02-24_G11,10109996GODOYJ,2026-02-24,141066,1,2,0,131.0
10109996GODOYJ_2026-02-24_G12,10109996GODOYJ,2026-02-24,108794,1,4,0,138.0
10109996GODOYJ_2026-02-24_G13,10109996GODOYJ,2026-02-24,117833,1,2,0,181.0
10109996GODOYJ_2026-02-24_G14,10109996GODOYJ,2026-02-24,"110787, 160055",2,12,21,225.0
10109996GODOYJ_2026-02-24_G15,10109996GODOYJ,2026-02-24,142080,1,2,0,112.0
10109996GODOYJ_2026-02-24_G16,10109996GODOYJ,2026-02-24,141823,1,4,0,68.0
10109996GODOYJ_2026-02-24_G17,10109996GODOYJ,2026-02-24,111442,1,2,0,53.0
10109996GODOYJ_2026-02-24_G18,10109996GODOYJ,2026-02-24,109645,1,8,0,94.0
10109996GODOYJ_2026-02-24_G19,10109996GODOYJ,2026-02-24,111433,1,1,0,89.0
10109996GODOYJ_2026-02-24_G20,10109996GODOYJ,2026-02-24,117787,1,2,0,118.0
10109996GODOYJ_2026-02-24_G21,10109996GODOYJ,2026-02-24,111463,1,4,0,63.0
10109996GODOYJ_2026-02-24_G22,10109996GODOYJ,2026-02-24,111569,1,10,0,203.0
10109996GODOYJ_2026-02-24_G23,10109996GODOYJ,2026-02-24,116241,1,2,0,71.0
10109996GODOYJ_2026-02-24_G24,10109996GODOYJ,2026-02-24,110371,1,20,0,136.0
10109996GODOYJ_2026-02-24_G25,10109996GODOYJ,2026-02-24,110325,1,4,0,357.0
10109996GODOYJ_2026-02-24_G26,10109996GODOYJ,2026-02-24,160051,1,4,0,129.0
10109996GODOYJ_2026-02-24_G27,10109996GODOYJ,2026-02-24,110373,1,20,0,61.0
10109996GODOYJ_2026-02-24_G28,10109996GODOYJ,2026-02-24,117832,1,4,0,230.0
10109996GODOYJ_2026-02-24_G29,10109996GODOYJ,2026-02-24,117830,1,10,0,165.0
10109996GODOYJ_2026-02-24_G30,10109996GODOYJ,2026-02-24,117808,1,20,0,73.0
10109996GODOYJ_2026-02-24_G31,10109996GODOYJ,2026-02-24,"110372, 110374",2,50,18,527.0
10109996GODOYJ_2026-02-24_G32,10109996GODOYJ,2026-02-24,109640,1,6,0,776.0
10109996GODOYJ_2026-02-24_G33,10109996GODOYJ,2026-02-24,117855,1,10,0,172.0
10109996GODOYJ_2026-02-24_G34,10109996GODOYJ,2026-02-24,111462,1,17,0,171.0
10109996GODOYJ_2026-02-24_G35,10109996GODOYJ,2026-02-24,140922,1,2,0,109.0
10109996GODOYJ_2026-02-24_G38,10109996GODOYJ,2026-02-24,111532,2,25,13,31.0
10109996GODOYJ_2026-02-24_G39,10109996GODOYJ,2026-02-24,111602,2,12,6,1094.0
10109996GODOYJ_2026-02-24_G40,10109996GODOYJ,2026-02-24,117821,1,4,0,88.0
10109996GODOYJ_2026-02-24_G41,10109996GODOYJ,2026-02-24,141456,1,4,0,162.0
10109996GODOYJ_2026-02-24_G42,10109996GODOYJ,2026-02-24,110310,1,2,0,498.0
10109996GODOYJ_2026-02-24_G43,10109996GODOYJ,2026-02-24,111532,1,6,0,122.0
10109996GODOYJ_2026-02-24_G44,10109996GODOYJ,2026-02-24,111330,1,13,0,365.0
10109996GODOYJ_2026-02-24_G45,10109996GODOYJ,2026-02-24,110895,1,6,0,640.0
10109996GODOYJ_2026-02-24_G46,10109996GODOYJ,2026-02-24,118306,1,4,0,203.0
10109996GODOYJ_2026-02-24_G47,10109996GODOYJ,2026-02-24,141035,1,4,0,273.0
10109996GODOYJ_2026-02-24_G48,10109996GODOYJ,2026-02-24,118094,1,4,0,160.0
10109996GODOYJ_2026-02-24_G49,10109996GODOYJ,2026-02-24,117862,1,1,0,96.0
10109996GODOYJ_2026-02-24_G50,10109996GODOYJ,2026-02-24,141166,2,8,6,64.0
10109996GODOYJ_2026-02-24_G51,10109996GODOYJ,2026-02-24,108794,1,1,0,224.0
10109996GODOYJ_2026-02-24_G52,10109996GODOYJ,2026-02-24,111466,1,4,0,116.0
10109996GODOYJ_2026-02-24_G53,10109996GODOYJ,2026-02-24,111418,1,2,0,63.0
10109996GODOYJ_2026-02-24_G54,10109996GODOYJ,2026-02-24,117831,1,4,0,99.0
10109996GODOYJ_2026-02-24_G55,10109996GODOYJ,2026-02-24,108798,1,6,0,99.0
10109996GODOYJ_2026-02-24_G56,10109996GODOYJ,2026-02-24,111468,1,2,0,73.0
10109996GODOYJ_2026-02-24_G57,10109996GODOYJ,2026-02-24,141457,1,4,0,74.0
10109996GODOYJ_2026-02-24_G58,10109996GODOYJ,2026-02-24,110374,1,6,0,97.0
10109996GODOYJ_2026-02-24_G59,10109996GODOYJ,2026-02-24,118299,1,5,0,108.0
10109996GODOYJ_2026-02-24_G60,10109996GODOYJ,2026-02-24,110371,1,18,0,54.0
10109996GODOYJ_2026-02-24_G61,10109996GODOYJ,2026-02-24,117830,1,2,0,96.0
10109996GODOYJ_2026-02-25_G02,10109996GODOYJ,2026-02-25,117820,1,7,0,33.0
10109996GODOYJ_2026-02-25_G03,10109996GODOYJ,2026-02-25,117808,1,650,0,600.0
10109996GODOYJ_2026-02-25_G04,10109996GODOYJ,2026-02-25,118299,1,1079,0,1176.0
10109996GODOYJ_2026-02-25_G05,10109996GODOYJ,2026-02-25,140911,1,2,0,3481.0
10109996GODOYJ_2026-02-25_G06,10109996GODOYJ,2026-02-25,141313,2,6,9,317.0
10109996GODOYJ_2026-02-25_G07,10109996GODOYJ,2026-02-25,111469,1,30,0,270.0
10109996GODOYJ_2026-02-25_G08,10109996GODOYJ,2026-02-25,140922,1,50,0,859.0
10109996GODOYJ_2026-02-25_G09,10109996GODOYJ,2026-02-25,109645,1,8,0,214.0
10109996GODOYJ_2026-02-25_G10,10109996GODOYJ,2026-02-25,117809,1,3,0,173.0
10109996GODOYJ_2026-02-25_G11,10109996GODOYJ,2026-02-25,109641,1,8,0,879.0
10109996GODOYJ_2026-02-25_G12,10109996GODOYJ,2026-02-25,111330,1,16,0,389.0
10109996GODOYJ_2026-02-25_G13,10109996GODOYJ,2026-02-25,111743,1,4,0,321.0
10109996GODOYJ_2026-02-25_G14,10109996GODOYJ,2026-02-25,140922,1,4,0,50.0
10109996GODOYJ_2026-02-25_G15,10109996GODOYJ,2026-02-25,110371,1,2,0,113.0
10109996GODOYJ_2026-02-25_G16,10109996GODOYJ,2026-02-25,110373,1,9,0,269.0
10109996GODOYJ_2026-02-25_G17,10109996GODOYJ,2026-02-25,110372,1,95,0,1549.0
10109996GODOYJ_2026-02-25_G18,10109996GODOYJ,2026-02-25,110373,1,168,0,496.0
10109996GODOYJ_2026-02-25_G19,10109996GODOYJ,2026-02-25,140922,1,12,0,394.0
10109996GODOYJ_2026-02-26_G02,10109996GODOYJ,2026-02-26,108794,1,3,0,1692.0
10109996GODOYJ_2026-02-26_G03,10109996GODOYJ,2026-02-26,111743,1,4,0,350.0
10109996GODOYJ_2026-02-26_G04,10109996GODOYJ,2026-02-26,110787,1,19,0,157.0
10109996GODOYJ_2026-02-26_G05,10109996GODOYJ,2026-02-26,111172,2,4,6,200.0
10109996GODOYJ_2026-02-26_G06,10109996GODOYJ,2026-02-26,142093,2,46,19,200.0
10109996GODOYJ_2026-02-26_G07,10109996GODOYJ,2026-02-26,111418,1,12,0,1451.0
10109996GODOYJ_2026-02-26_G08,10109996GODOYJ,2026-02-26,140922,3,8,14,175.0
10109996GODOYJ_2026-02-26_G09,10109996GODOYJ,2026-02-26,111468,1,16,0,173.0
10109996GODOYJ_2026-02-26_G10,10109996GODOYJ,2026-02-26,111466,2,55,13,619.0
10109996GODOYJ_2026-02-26_G11,10109996GODOYJ,2026-02-26,110740,1,18,0,423.0
10109996GODOYJ_2026-02-26_G12,10109996GODOYJ,2026-02-26,141458,2,6,11,87.0
10109996GODOYJ_2026-02-26_G13,10109996GODOYJ,2026-02-26,117853,2,7,8,2054.0
10109996GODOYJ_2026-02-26_G14,10109996GODOYJ,2026-02-26,141166,1,7,0,217.0
10109996GODOYJ_2026-02-26_G15,10109996GODOYJ,2026-02-26,141166,1,25,0,53.0
10109996GODOYJ_2026-02-26_G16,10109996GODOYJ,2026-02-26,111530,1,45,0,1175.0
10109996GODOYJ_2026-02-26_G17,10109996GODOYJ,2026-02-26,141066,1,31,0,410.0
10109996GODOYJ_2026-02-26_G18,10109996GODOYJ,2026-02-26,"111467, 109640",2,102,22,466.0
10109996GODOYJ_2026-02-26_G19,10109996GODOYJ,2026-02-26,"109640, 117853",2,10,16,3098.0
10109996GODOYJ_2026-02-26_G20,10109996GODOYJ,2026-02-26,117855,1,1,0,195.0
10109996GODOYJ_2026-02-26_G21,10109996GODOYJ,2026-02-26,142093,1,8,0,216.0
10109996GODOYJ_2026-02-26_G22,10109996GODOYJ,2026-02-26,111442,1,4,0,102.0
10109996GODOYJ_2026-02-26_G23,10109996GODOYJ,2026-02-26,141458,1,8,0,135.0
10109996GODOYJ_2026-02-26_G24,10109996GODOYJ,2026-02-26,111330,1,7,0,372.0
10109996GODOYJ_2026-02-26_G25,10109996GODOYJ,2026-02-26,111330,1,8,0,351.0
10109996GODOYJ_2026-02-26_G26,10109996GODOYJ,2026-02-26,118290,1,2,0,213.0
10109996GODOYJ_2026-02-26_G27,10109996GODOYJ,2026-02-26,111532,2,14,17,89.0
10109996GODOYJ_2026-02-26_G28,10109996GODOYJ,2026-02-26,118094,1,4,0,275.0
10109996GODOYJ_2026-02-26_G29,10109996GODOYJ,2026-02-26,111468,1,4,0,141.0
10109996GODOYJ_2026-02-26_G30,10109996GODOYJ,2026-02-26,111463,1,4,0,147.0
10109996GODOYJ_2026-02-26_G32,10109996GODOYJ,2026-02-26,107892,1,2,0,105.0
10109996GODOYJ_2026-02-26_G33,10109996GODOYJ,2026-02-26,111469,1,4,0,201.0
10109996GODOYJ_2026-02-26_G34,10109996GODOYJ,2026-02-26,142093,1,14,0,240.0
10109996GODOYJ_2026-02-26_G35,10109996GODOYJ,2026-02-26,111442,1,4,0,413.0
10109996GODOYJ_2026-02-26_G36,10109996GODOYJ,2026-02-26,110313,1,8,0,243.0
10109996GODOYJ_2026-02-26_G37,10109996GODOYJ,2026-02-26,111530,1,8,0,148.0
10109996GODOYJ_2026-02-26_G38,10109996GODOYJ,2026-02-26,111330,1,4,0,122.0
10109996GODOYJ_2026-02-27_G02,10109996GODOYJ,2026-02-27,107892,1,19,0,524.0
10109996GODOYJ_2026-02-27_G03,10109996GODOYJ,2026-02-27,111532,1,136,0,397.0
10109996GODOYJ_2026-02-27_G04,10109996GODOYJ,2026-02-27,111532,1,140,0,162.0
10109996GODOYJ_2026-02-27_G05,10109996GODOYJ,2026-02-27,111469,1,84,0,289.0
10109996GODOYJ_2026-02-27_G06,10109996GODOYJ,2026-02-27,111532,1,124,0,771.0
10109996GODOYJ_2026-02-27_G07,10109996GODOYJ,2026-02-27,117808,1,300,0,1958.0
10109996GODOYJ_2026-02-27_G08,10109996GODOYJ,2026-02-27,111469,2,63,12,1250.0
10109996GODOYJ_2026-02-27_G09,10109996GODOYJ,2026-02-27,120002,1,2,0,397.0
10109996GODOYJ_2026-02-27_G10,10109996GODOYJ,2026-02-27,111469,1,6,0,434.0
10109996GODOYJ_2026-02-27_G11,10109996GODOYJ,2026-02-27,110374,2,8,5,599.0
10109996GODOYJ_2026-02-27_G12,10109996GODOYJ,2026-02-27,117809,2,3,6,102.0
10109996GODOYJ_2026-02-27_G13,10109996GODOYJ,2026-02-27,117820,2,5,7,47.0
10109996GODOYJ_2026-02-27_G14,10109996GODOYJ,2026-02-27,110325,1,2,0,110.0
10109996GODOYJ_2026-02-27_G15,10109996GODOYJ,2026-02-27,117822,1,2,0,51.0
10109996GODOYJ_2026-02-27_G16,10109996GODOYJ,2026-02-27,118299,2,3,9,46.0
10109996GODOYJ_2026-02-27_G17,10109996GODOYJ,2026-02-27,110376,1,3,0,127.0
10109996GODOYJ_2026-02-27_G18,10109996GODOYJ,2026-02-27,117808,2,8,6,99.0
10109996GODOYJ_2026-02-27_G19,10109996GODOYJ,2026-02-27,110373,1,9,0,68.0
10109996GODOYJ_2026-02-27_G20,10109996GODOYJ,2026-02-27,117832,2,7,8,102.0
10109996GODOYJ_2026-02-27_G21,10109996GODOYJ,2026-02-27,110372,2,27,29,94.0
10109996GODOYJ_2026-02-27_G22,10109996GODOYJ,2026-02-27,117830,1,3,0,187.0
10109996GODOYJ_2026-02-27_G23,10109996GODOYJ,2026-02-27,111348,1,2,0,1843.0
10109996GODOYJ_2026-02-27_G24,10109996GODOYJ,2026-02-27,111443,1,1,0,63.0
10109996GODOYJ_2026-02-27_G25,10109996GODOYJ,2026-02-27,111462,3,41,30,75.0
10109996GODOYJ_2026-02-27_G26,10109996GODOYJ,2026-02-27,118290,1,4,0,3333.0
10109996GODOYJ_2026-02-27_G27,10109996GODOYJ,2026-02-27,111602,3,48,37,202.0
10109996GODOYJ_2026-02-27_G28,10109996GODOYJ,2026-02-27,117855,1,20,0,658.0
10109996GODOYJ_2026-02-27_G29,10109996GODOYJ,2026-02-27,117855,1,30,0,37.0
10109996GODOYJ_2026-02-27_G30,10109996GODOYJ,2026-02-27,110745,1,4,0,930.0
10109996GODOYJ_2026-02-27_G31,10109996GODOYJ,2026-02-27,111532,1,17,0,82.0
10109996GODOYJ_2026-02-27_G33,10109996GODOYJ,2026-02-27,117809,1,8,0,54.0
10109996GODOYJ_2026-02-27_G34,10109996GODOYJ,2026-02-27,109648,1,1,0,80.0
10109996GODOYJ_2026-02-27_G35,10109996GODOYJ,2026-02-27,117820,3,23,22,238.0
10109996GODOYJ_2026-02-27_G36,10109996GODOYJ,2026-02-27,118299,7,104,70,236.0
10109996GODOYJ_2026-02-27_G37,10109996GODOYJ,2026-02-27,109643,2,3,9,116.0
10109996GODOYJ_2026-02-27_G38,10109996GODOYJ,2026-02-27,117808,2,15,10,83.0
10109996GODOYJ_2026-02-27_G39,10109996GODOYJ,2026-02-27,117808,5,38,39,48.0
10109996GODOYJ_2026-02-27_G40,10109996GODOYJ,2026-02-27,117832,2,11,7,139.0
10109996GODOYJ_2026-02-27_G41,10109996GODOYJ,2026-02-27,110372,3,53,16,154.0
10109996GODOYJ_2026-02-27_G42,10109996GODOYJ,2026-02-27,117830,2,8,6,158.0
10109996GODOYJ_2026-02-27_G44,10109996GODOYJ,2026-02-27,109647,2,4,7,102.0
10109996GODOYJ_2026-02-27_G45,10109996GODOYJ,2026-02-27,117862,1,2,0,68.0
10109996GODOYJ_2026-02-27_G46,10109996GODOYJ,2026-02-27,111602,2,3,6,107.0
10109996GODOYJ_2026-02-27_G47,10109996GODOYJ,2026-02-27,141352,2,4,5,127.0
10109996GODOYJ_2026-02-27_G48,10109996GODOYJ,2026-02-27,110339,1,3,0,80.0
10109996GODOYJ_2026-02-27_G49,10109996GODOYJ,2026-02-27,"141066, 140923",2,2,10,215.0
10109996GODOYJ_2026-03-05_G02,10109996GODOYJ,2026-03-05,117862,1,65,0,422.0
10109996GODOYJ_2026-03-05_G03,10109996GODOYJ,2026-03-05,111466,1,283,0,511.0
10109996GODOYJ_2026-03-05_G04,10109996GODOYJ,2026-03-05,111463,1,675,0,842.0
10109996GODOYJ_2026-03-05_G05,10109996GODOYJ,2026-03-05,111469,1,8,0,3132.0
10109996GODOYJ_2026-03-05_G06,10109996GODOYJ,2026-03-05,140923,1,4,0,213.0
10109996GODOYJ_2026-03-05_G07,10109996GODOYJ,2026-03-05,109643,1,1,0,140.0
10109996GODOYJ_2026-03-05_G08,10109996GODOYJ,2026-03-05,117835,1,8,0,442.0
10109996GODOYJ_2026-03-05_G09,10109996GODOYJ,2026-03-05,111569,1,12,0,36.0
10109996GODOYJ_2026-03-05_G10,10109996GODOYJ,2026-03-05,142045,1,8,0,131.0
10109996GODOYJ_2026-03-05_G11,10109996GODOYJ,2026-03-05,111462,1,4,0,659.0
10109996GODOYJ_2026-03-05_G12,10109996GODOYJ,2026-03-05,117820,1,16,0,253.0
10109996GODOYJ_2026-03-05_G13,10109996GODOYJ,2026-03-05,"110373, 117808",2,38,24,352.0
10109996GODOYJ_2026-03-05_G14,10109996GODOYJ,2026-03-05,117832,1,4,0,182.0
10109996GODOYJ_2026-03-05_G15,10109996GODOYJ,2026-03-05,110325,1,4,0,1907.0
10109996GODOYJ_2026-03-05_G16,10109996GODOYJ,2026-03-05,105705,1,6,0,125.0
10109996GODOYJ_2026-03-05_G17,10109996GODOYJ,2026-03-05,109643,1,5,0,105.0
10109996GODOYJ_2026-03-05_G18,10109996GODOYJ,2026-03-05,111442,1,10,0,147.0
10109996GODOYJ_2026-03-05_G19,10109996GODOYJ,2026-03-05,141823,1,20,0,183.0
10109996GODOYJ_2026-03-05_G20,10109996GODOYJ,2026-03-05,"111569, 141997",2,5,11,893.0
10109996GODOYJ_2026-03-05_G21,10109996GODOYJ,2026-03-05,141047,1,3,0,211.0
10109996GODOYJ_2026-03-05_G22,10109996GODOYJ,2026-03-05,141166,1,2,0,66.0
10109996GODOYJ_2026-03-05_G23,10109996GODOYJ,2026-03-05,111532,1,4,0,87.0
10109996GODOYJ_2026-03-05_G24,10109996GODOYJ,2026-03-05,108711,1,8,0,119.0
10109996GODOYJ_2026-03-05_G25,10109996GODOYJ,2026-03-05,111462,1,8,0,118.0
10109996GODOYJ_2026-03-05_G26,10109996GODOYJ,2026-03-05,111418,1,6,0,145.0
10109996GODOYJ_2026-03-05_G27,10109996GODOYJ,2026-03-05,108798,1,4,0,79.0
10109996GODOYJ_2026-03-05_G28,10109996GODOYJ,2026-03-05,109645,1,4,0,138.0
10109996GODOYJ_2026-03-05_G29,10109996GODOYJ,2026-03-05,105705,1,3,0,140.0
10109996GODOYJ_2026-03-05_G30,10109996GODOYJ,2026-03-05,141458,1,8,0,89.0
10109996GODOYJ_2026-03-05_G31,10109996GODOYJ,2026-03-05,117820,1,8,0,158.0
10109996GODOYJ_2026-03-05_G32,10109996GODOYJ,2026-03-05,117808,1,3,0,136.0
10109996GODOYJ_2026-03-05_G33,10109996GODOYJ,2026-03-05,140911,1,18,0,2669.0
10109996GODOYJ_2026-03-05_G35,10109996GODOYJ,2026-03-05,115775,1,4,0,63.0
10109996GODOYJ_2026-03-05_G36,10109996GODOYJ,2026-03-05,107629,1,2,0,88.0
10109996GODOYJ_2026-03-05_G37,10109996GODOYJ,2026-03-05,110733,1,2,0,115.0
10109996GODOYJ_2026-03-05_G38,10109996GODOYJ,2026-03-05,117786,1,4,0,81.0
10109996GODOYJ_2026-03-05_G39,10109996GODOYJ,2026-03-05,117842,1,2,0,132.0
10109996GODOYJ_2026-03-05_G40,10109996GODOYJ,2026-03-05,111348,1,2,0,56.0
10109996GODOYJ_2026-03-05_G41,10109996GODOYJ,2026-03-05,108794,1,1,0,53.0
10109996GODOYJ_2026-03-05_G42,10109996GODOYJ,2026-03-05,110751,1,1,0,43.0
10109996GODOYJ_2026-03-05_G43,10109996GODOYJ,2026-03-05,111463,1,6,0,121.0
10109996GODOYJ_2026-03-05_G44,10109996GODOYJ,2026-03-05,141457,1,4,0,110.0
10109996GODOYJ_2026-03-05_G45,10109996GODOYJ,2026-03-05,110325,1,4,0,325.0
10109996GODOYJ_2026-03-05_G46,10109996GODOYJ,2026-03-05,141202,1,4,0,79.0
10109996GODOYJ_2026-03-05_G47,10109996GODOYJ,2026-03-05,110376,1,5,0,82.0
10109996GODOYJ_2026-03-05_G48,10109996GODOYJ,2026-03-05,111742,1,8,0,690.0
10109996GODOYJ_2026-03-05_G49,10109996GODOYJ,2026-03-05,111759,1,12,0,300.0
10109996GODOYJ_2026-03-05_G50,10109996GODOYJ,2026-03-05,111723,1,8,0,172.0
10109996GODOYJ_2026-03-05_G51,10109996GODOYJ,2026-03-05,111634,1,12,0,355.0
10109996GODOYJ_2026-03-05_G52,10109996GODOYJ,2026-03-05,140923,1,4,0,912.0
10109996GODOYJ_2026-03-05_G53,10109996GODOYJ,2026-03-05,141141,1,16,0,202.0
10109996GODOYJ_2026-03-05_G54,10109996GODOYJ,2026-03-05,141155,1,8,0,352.0
10109996GODOYJ_2026-03-05_G55,10109996GODOYJ,2026-03-05,111759,1,12,0,295.0
10109996GODOYJ_2026-03-05_G56,10109996GODOYJ,2026-03-05,111723,1,8,0,92.0
10109996GODOYJ_2026-03-06_G02,10109996GODOYJ,2026-03-06,110733,1,8,0,85.0
10109996GODOYJ_2026-03-06_G03,10109996GODOYJ,2026-03-06,140911,1,12,0,299.0
10109996GODOYJ_2026-03-06_G04,10109996GODOYJ,2026-03-06,110755,1,2,0,260.0
10109996GODOYJ_2026-03-06_G05,10109996GODOYJ,2026-03-06,110516,1,2,0,152.0
10109996GODOYJ_2026-03-06_G06,10109996GODOYJ,2026-03-06,110372,1,2,0,55.0
10109996GODOYJ_2026-03-06_G07,10109996GODOYJ,2026-03-06,118299,1,2,0,173.0
10109996GODOYJ_2026-03-06_G08,10109996GODOYJ,2026-03-06,140923,1,4,0,184.0
10109996GODOYJ_2026-03-06_G09,10109996GODOYJ,2026-03-06,118094,1,16,0,339.0
10109996GODOYJ_2026-03-06_G10,10109996GODOYJ,2026-03-06,110733,1,8,0,1058.0
10109996GODOYJ_2026-03-06_G11,10109996GODOYJ,2026-03-06,140911,1,2,0,246.0
10109996GODOYJ_2026-03-06_G12,10109996GODOYJ,2026-03-06,110733,2,6,19,90.0
10109996GODOYJ_2026-03-06_G13,10109996GODOYJ,2026-03-06,140923,1,13,0,578.0
10109996GODOYJ_2026-03-06_G14,10109996GODOYJ,2026-03-06,140911,1,2,0,128.0
10109996GODOYJ_2026-03-06_G15,10109996GODOYJ,2026-03-06,100334,1,4,0,237.0
10109996GODOYJ_2026-03-06_G16,10109996GODOYJ,2026-03-06,111743,1,4,0,88.0
10109996GODOYJ_2026-03-06_G17,10109996GODOYJ,2026-03-06,160051,1,4,0,158.0
10109996GODOYJ_2026-03-06_G18,10109996GODOYJ,2026-03-06,118299,1,4,0,389.0
10109996GODOYJ_2026-03-06_G19,10109996GODOYJ,2026-03-06,140911,1,2,0,199.0
10109996GODOYJ_2026-03-06_G20,10109996GODOYJ,2026-03-06,110733,1,5,0,94.0
10109996GODOYJ_2026-03-06_G21,10109996GODOYJ,2026-03-06,111743,1,6,0,118.0
10109996GODOYJ_2026-03-06_G22,10109996GODOYJ,2026-03-06,141047,1,2,0,141.0
10109996GODOYJ_2026-03-06_G23,10109996GODOYJ,2026-03-06,140911,1,2,0,47.0
10109996GODOYJ_2026-03-06_G24,10109996GODOYJ,2026-03-06,110733,1,8,0,681.0
10109996GODOYJ_2026-03-06_G25,10109996GODOYJ,2026-03-06,118290,1,2,0,111.0
10109996GODOYJ_2026-03-06_G26,10109996GODOYJ,2026-03-06,111532,1,8,0,300.0
10109996GODOYJ_2026-03-06_G27,10109996GODOYJ,2026-03-06,100334,1,2,0,761.0
10109996GODOYJ_2026-03-06_G28,10109996GODOYJ,2026-03-06,117856,1,4,0,243.0
10109996GODOYJ_2026-03-06_G29,10109996GODOYJ,2026-03-06,141166,1,4,0,125.0
10109996GODOYJ_2026-03-06_G30,10109996GODOYJ,2026-03-06,140922,1,4,0,123.0
10109996GODOYJ_2026-03-06_G31,10109996GODOYJ,2026-03-06,110751,1,4,0,130.0
10109996GODOYJ_2026-03-06_G32,10109996GODOYJ,2026-03-06,118250,1,216,0,2340.0
10109996GODOYJ_2026-03-06_G33,10109996GODOYJ,2026-03-06,141141,1,10,0,1341.0
10109996GODOYJ_2026-03-06_G34,10109996GODOYJ,2026-03-06,111723,1,8,0,278.0
10109996GODOYJ_2026-03-06_G35,10109996GODOYJ,2026-03-06,111634,1,10,0,102.0
10109996GODOYJ_2026-03-06_G36,10109996GODOYJ,2026-03-06,118191,1,10,0,1017.0
10109996GODOYJ_2026-03-06_G38,10109996GODOYJ,2026-03-06,109648,1,20,0,127.0
10109996GODOYJ_2026-03-06_G39,10109996GODOYJ,2026-03-06,117820,1,60,0,242.0
10109996GODOYJ_2026-03-06_G40,10109996GODOYJ,2026-03-06,141202,1,40,0,623.0
10109996GODOYJ_2026-03-06_G41,10109996GODOYJ,2026-03-06,109643,1,10,0,275.0
10109996GODOYJ_2026-03-06_G42,10109996GODOYJ,2026-03-06,110372,1,200,0,444.0
10109996GODOYJ_2026-03-06_G43,10109996GODOYJ,2026-03-06,140923,1,100,0,779.0
10109996GODOYJ_2026-03-06_G44,10109996GODOYJ,2026-03-06,109647,1,10,0,264.0
10109996GODOYJ_2026-03-06_G45,10109996GODOYJ,2026-03-06,141035,1,2,0,286.0
10109996GODOYJ_2026-03-06_G46,10109996GODOYJ,2026-03-06,111441,1,7,0,1317.0
10109996GODOYJ_2026-03-06_G47,10109996GODOYJ,2026-03-06,111356,1,4,0,440.0
10109996GODOYJ_2026-03-06_G48,10109996GODOYJ,2026-03-06,111655,1,21,0,309.0
10109996GODOYJ_2026-03-09_G02,10109996GODOYJ,2026-03-09,140923,1,376,0,1243.0
10109996GODOYJ_2026-03-09_G03,10109996GODOYJ,2026-03-09,141066,1,76,0,727.0
10109996GODOYJ_2026-03-09_G04,10109996GODOYJ,2026-03-09,108794,1,20,0,239.0
10109996GODOYJ_2026-03-09_G05,10109996GODOYJ,2026-03-09,110743,1,9,0,156.0
10109996GODOYJ_2026-03-09_G06,10109996GODOYJ,2026-03-09,108795,1,10,0,148.0
10109996GODOYJ_2026-03-09_G07,10109996GODOYJ,2026-03-09,110740,1,228,0,651.0
10109996GODOYJ_2026-03-09_G08,10109996GODOYJ,2026-03-09,111468,1,50,0,830.0
10109996GODOYJ_2026-03-09_G09,10109996GODOYJ,2026-03-09,111418,1,286,0,982.0
10109996GODOYJ_2026-03-09_G10,10109996GODOYJ,2026-03-09,142080,1,2,0,1513.0
10109996GODOYJ_2026-03-09_G11,10109996GODOYJ,2026-03-09,142093,1,4,0,84.0
10109996GODOYJ_2026-03-09_G12,10109996GODOYJ,2026-03-09,110754,1,2,0,167.0
10109996GODOYJ_2026-03-09_G13,10109996GODOYJ,2026-03-09,117787,1,4,0,74.0
10109996GODOYJ_2026-03-09_G14,10109996GODOYJ,2026-03-09,142093,1,8,0,208.0
10109996GODOYJ_2026-03-09_G15,10109996GODOYJ,2026-03-09,111462,1,10,0,406.0
10109996GODOYJ_2026-03-09_G16,10109996GODOYJ,2026-03-09,111463,1,28,0,398.0
10109996GODOYJ_2026-03-09_G17,10109996GODOYJ,2026-03-09,111418,1,30,0,367.0
10109996GODOYJ_2026-03-09_G18,10109996GODOYJ,2026-03-09,110747,1,2,0,3066.0
10109996GODOYJ_2026-03-09_G19,10109996GODOYJ,2026-03-09,118299,1,46,0,295.0
10109996GODOYJ_2026-03-09_G20,10109996GODOYJ,2026-03-09,110747,1,27,0,554.0
10109996GODOYJ_2026-03-09_G21,10109996GODOYJ,2026-03-09,111462,1,20,0,481.0
10109996GODOYJ_2026-03-09_G22,10109996GODOYJ,2026-03-09,118299,1,126,0,611.0
10109996GODOYJ_2026-03-09_G24,10109996GODOYJ,2026-03-09,117808,1,12,0,33.0
10109996GODOYJ_2026-03-09_G25,10109996GODOYJ,2026-03-09,110374,1,4,0,107.0
10109996GODOYJ_2026-03-09_G26,10109996GODOYJ,2026-03-09,110371,1,4,0,106.0
10109996GODOYJ_2026-03-09_G27,10109996GODOYJ,2026-03-09,109643,1,6,0,188.0
10109996GODOYJ_2026-03-09_G28,10109996GODOYJ,2026-03-09,110373,2,18,8,112.0
10109996GODOYJ_2026-03-09_G29,10109996GODOYJ,2026-03-09,118299,1,10,0,129.0
10109996GODOYJ_2026-03-09_G30,10109996GODOYJ,2026-03-09,117830,1,4,0,280.0
10109996GODOYJ_2026-03-09_G31,10109996GODOYJ,2026-03-09,110372,3,24,16,294.0
10109996GODOYJ_2026-03-09_G32,10109996GODOYJ,2026-03-09,142093,1,8,0,895.0
10109996GODOYJ_2026-03-09_G33,10109996GODOYJ,2026-03-09,142045,1,20,0,101.0
10109996GODOYJ_2026-03-09_G34,10109996GODOYJ,2026-03-09,110313,1,4,0,538.0
10109996GODOYJ_2026-03-09_G35,10109996GODOYJ,2026-03-09,140923,1,24,0,57.0
10109996GODOYJ_2026-03-09_G36,10109996GODOYJ,2026-03-09,117856,1,4,0,328.0
10109996GODOYJ_2026-03-09_G37,10109996GODOYJ,2026-03-09,141047,1,4,0,277.0
10109996GODOYJ_2026-03-09_G38,10109996GODOYJ,2026-03-09,140922,1,2,0,88.0
10109996GODOYJ_2026-03-09_G39,10109996GODOYJ,2026-03-09,111532,1,4,0,239.0
10109996GODOYJ_2026-03-09_G40,10109996GODOYJ,2026-03-09,105705,1,4,0,125.0
10109996GODOYJ_2026-03-09_G41,10109996GODOYJ,2026-03-09,110374,1,1,0,542.0
10109996GODOYJ_2026-03-09_G42,10109996GODOYJ,2026-03-09,117820,1,5,0,83.0
10109996GODOYJ_2026-03-09_G43,10109996GODOYJ,2026-03-09,110325,1,7,0,120.0
10109996GODOYJ_2026-03-09_G44,10109996GODOYJ,2026-03-09,110371,1,4,0,122.0
10109996GODOYJ_2026-03-09_G45,10109996GODOYJ,2026-03-09,118299,1,4,0,132.0
10109996GODOYJ_2026-03-09_G46,10109996GODOYJ,2026-03-09,117832,1,5,0,82.0
10109996GODOYJ_2026-03-09_G47,10109996GODOYJ,2026-03-09,110372,1,7,0,92.0
10109996GODOYJ_2026-03-09_G48,10109996GODOYJ,2026-03-09,110373,1,33,0,581.0
10109996GODOYJ_2026-03-10_G02,10109996GODOYJ,2026-03-10,110374,1,10,0,95.0
10109996GODOYJ_2026-03-10_G03,10109996GODOYJ,2026-03-10,110371,1,7,0,323.0
10109996GODOYJ_2026-03-10_G04,10109996GODOYJ,2026-03-10,118299,1,2,0,161.0
10109996GODOYJ_2026-03-10_G05,10109996GODOYJ,2026-03-10,117832,1,6,0,90.0
10109996GODOYJ_2026-03-10_G06,10109996GODOYJ,2026-03-10,110372,4,48,20,248.0
10109996GODOYJ_2026-03-10_G07,10109996GODOYJ,2026-03-10,110372,1,47,0,186.0
10109996GODOYJ_2026-03-10_G08,10109996GODOYJ,2026-03-10,117820,1,50,0,480.0
10109996GODOYJ_2026-03-10_G09,10109996GODOYJ,2026-03-10,117808,1,257,0,61.0
10109996GODOYJ_2026-03-10_G10,10109996GODOYJ,2026-03-10,110332,1,8,0,2840.0
10109996GODOYJ_2026-03-10_G11,10109996GODOYJ,2026-03-10,140923,1,6,0,356.0
10109996GODOYJ_2026-03-10_G12,10109996GODOYJ,2026-03-10,117862,1,8,0,164.0
10109996GODOYJ_2026-03-10_G13,10109996GODOYJ,2026-03-10,110733,1,8,0,72.0
10109996GODOYJ_2026-03-10_G14,10109996GODOYJ,2026-03-10,110339,1,4,0,188.0
10109996GODOYJ_2026-03-10_G15,10109996GODOYJ,2026-03-10,111467,1,2,0,128.0
10109996GODOYJ_2026-03-10_G16,10109996GODOYJ,2026-03-10,140922,1,1,0,154.0
10109996GODOYJ_2026-03-10_G17,10109996GODOYJ,2026-03-10,117821,1,8,0,120.0
10109996GODOYJ_2026-03-10_G18,10109996GODOYJ,2026-03-10,142093,1,1,0,128.0
10109996GODOYJ_2026-03-10_G19,10109996GODOYJ,2026-03-10,111442,1,4,0,103.0
10109996GODOYJ_2026-03-10_G20,10109996GODOYJ,2026-03-10,109645,1,2,0,245.0
10109996GODOYJ_2026-03-10_G21,10109996GODOYJ,2026-03-10,105705,1,8,0,75.0
10109996GODOYJ_2026-03-10_G22,10109996GODOYJ,2026-03-10,111469,1,8,0,147.0
10109996GODOYJ_2026-03-10_G23,10109996GODOYJ,2026-03-10,117809,1,5,0,200.0
10109996GODOYJ_2026-03-10_G24,10109996GODOYJ,2026-03-10,110373,1,14,0,142.0
10109996GODOYJ_2026-03-10_G25,10109996GODOYJ,2026-03-10,111330,1,4,0,1064.0
10109996GODOYJ_2026-03-10_G26,10109996GODOYJ,2026-03-10,110747,1,4,0,2227.0
10109996GODOYJ_2026-03-10_G27,10109996GODOYJ,2026-03-10,110895,1,1,0,210.0
10109996GODOYJ_2026-03-10_G28,10109996GODOYJ,2026-03-10,142045,1,12,0,616.0
10109996GODOYJ_2026-03-10_G29,10109996GODOYJ,2026-03-10,140911,1,2,0,42.0
10109996GODOYJ_2026-03-10_G30,10109996GODOYJ,2026-03-10,110313,1,1,0,169.0
10109996GODOYJ_2026-03-10_G31,10109996GODOYJ,2026-03-10,140923,1,13,0,225.0
10109996GODOYJ_2026-03-10_G32,10109996GODOYJ,2026-03-10,141047,1,2,0,74.0
10109996GODOYJ_2026-03-10_G33,10109996GODOYJ,2026-03-10,142080,1,4,0,145.0
10109996GODOYJ_2026-03-10_G34,10109996GODOYJ,2026-03-10,109645,1,8,0,78.0
10109996GODOYJ_2026-03-10_G35,10109996GODOYJ,2026-03-10,105705,1,1,0,162.0
10109996GODOYJ_2026-03-10_G36,10109996GODOYJ,2026-03-10,117808,1,16,0,396.0
10109996GODOYJ_2026-03-10_G37,10109996GODOYJ,2026-03-10,110374,1,15,0,100.0
10109996GODOYJ_2026-03-10_G38,10109996GODOYJ,2026-03-10,110371,1,16,0,274.0
10109996GODOYJ_2026-03-10_G39,10109996GODOYJ,2026-03-10,109643,1,4,0,147.0
10109996GODOYJ_2026-03-10_G40,10109996GODOYJ,2026-03-10,117830,1,2,0,45.0
10109996GODOYJ_2026-03-10_G41,10109996GODOYJ,2026-03-10,110373,1,26,0,520.0
10109996GODOYJ_2026-03-10_G42,10109996GODOYJ,2026-03-10,110372,1,33,0,208.0
10109996GODOYJ_2026-03-10_G44,10109996GODOYJ,2026-03-10,111418,1,8,0,289.0
10109996GODOYJ_2026-03-10_G45,10109996GODOYJ,2026-03-10,117808,1,20,0,368.0
10109996GODOYJ_2026-03-10_G46,10109996GODOYJ,2026-03-10,111602,1,4,0,100.0
10109996GODOYJ_2026-03-10_G47,10109996GODOYJ,2026-03-10,141271,1,3,0,264.0
10109996GODOYJ_2026-03-10_G48,10109996GODOYJ,2026-03-10,142045,1,4,0,320.0
10109996GODOYJ_2026-03-10_G49,10109996GODOYJ,2026-03-10,140923,1,6,0,850.0
10109996GODOYJ_2026-03-10_G50,10109996GODOYJ,2026-03-10,117862,1,6,0,324.0
10109996GODOYJ_2026-03-10_G51,10109996GODOYJ,2026-03-10,117856,1,2,0,112.0
10109996GODOYJ_2026-03-10_G52,10109996GODOYJ,2026-03-10,110374,1,6,0,81.0
10109996GODOYJ_2026-03-10_G53,10109996GODOYJ,2026-03-10,110373,1,4,0,175.0
10109996GODOYJ_2026-03-10_G54,10109996GODOYJ,2026-03-10,110372,1,5,0,233.0
10109996GODOYJ_2026-03-10_G55,10109996GODOYJ,2026-03-10,"100334, 111569",2,3,12,1296.0
10109996GODOYJ_2026-03-10_G56,10109996GODOYJ,2026-03-10,110740,1,6,0,106.0
10109996GODOYJ_2026-03-10_G57,10109996GODOYJ,2026-03-10,117808,1,18,0,165.0
10109996GODOYJ_2026-03-10_G58,10109996GODOYJ,2026-03-10,110374,1,2,0,87.0
10109996GODOYJ_2026-03-10_G59,10109996GODOYJ,2026-03-10,117820,1,15,0,78.0
10109996GODOYJ_2026-03-10_G60,10109996GODOYJ,2026-03-10,110325,1,5,0,98.0
10109996GODOYJ_2026-03-10_G61,10109996GODOYJ,2026-03-10,110373,1,10,0,100.0
10109996GODOYJ_2026-03-10_G62,10109996GODOYJ,2026-03-10,110372,1,15,0,138.0
10109996GODOYJ_2026-03-11_G02,10109996GODOYJ,2026-03-11,110374,2,9,6,933.0
10109996GODOYJ_2026-03-11_G03,10109996GODOYJ,2026-03-11,109643,2,6,8,124.0
10109996GODOYJ_2026-03-11_G04,10109996GODOYJ,2026-03-11,117820,2,38,10,88.0
10109996GODOYJ_2026-03-11_G05,10109996GODOYJ,2026-03-11,110325,2,6,9,776.0
10109996GODOYJ_2026-03-11_G06,10109996GODOYJ,2026-03-11,141202,2,10,7,844.0
10109996GODOYJ_2026-03-11_G07,10109996GODOYJ,2026-03-11,110371,2,16,11,135.0
10109996GODOYJ_2026-03-11_G08,10109996GODOYJ,2026-03-11,110373,3,74,32,209.0
10109996GODOYJ_2026-03-11_G09,10109996GODOYJ,2026-03-11,110372,5,69,57,97.0
10109996GODOYJ_2026-03-11_G10,10109996GODOYJ,2026-03-11,117830,2,6,6,48.0
10109996GODOYJ_2026-03-11_G11,10109996GODOYJ,2026-03-11,142045,1,11,0,2497.0
10109996GODOYJ_2026-03-11_G12,10109996GODOYJ,2026-03-11,118094,1,14,0,689.0
10109996GODOYJ_2026-03-11_G13,10109996GODOYJ,2026-03-11,110733,1,4,0,84.0
10109996GODOYJ_2026-03-11_G14,10109996GODOYJ,2026-03-11,117862,1,10,0,158.0
10109996GODOYJ_2026-03-11_G15,10109996GODOYJ,2026-03-11,140922,1,10,0,1672.0
10109996GODOYJ_2026-03-11_G16,10109996GODOYJ,2026-03-11,117785,1,20,0,147.0
10109996GODOYJ_2026-03-11_G17,10109996GODOYJ,2026-03-11,117833,1,4,0,290.0
10109996GODOYJ_2026-03-11_G18,10109996GODOYJ,2026-03-11,142093,1,18,0,123.0
10109996GODOYJ_2026-03-11_G19,10109996GODOYJ,2026-03-11,117831,1,8,0,241.0
10109996GODOYJ_2026-03-11_G20,10109996GODOYJ,2026-03-11,141458,1,22,0,148.0
10109996GODOYJ_2026-03-11_G21,10109996GODOYJ,2026-03-11,"117808, 110325",2,95,13,207.0
10109996GODOYJ_2026-03-11_G22,10109996GODOYJ,2026-03-11,110747,1,10,0,1470.0
10109996GODOYJ_2026-03-11_G23,10109996GODOYJ,2026-03-11,106179,1,1,0,536.0
10109996GODOYJ_2026-03-11_G24,10109996GODOYJ,2026-03-11,117834,1,4,0,337.0
10109996GODOYJ_2026-03-11_G25,10109996GODOYJ,2026-03-11,110733,1,11,0,406.0
10109996GODOYJ_2026-03-11_G26,10109996GODOYJ,2026-03-11,111442,1,2,0,745.0
10109996GODOYJ_2026-03-11_G27,10109996GODOYJ,2026-03-11,111469,1,8,0,101.0
10109996GODOYJ_2026-03-11_G28,10109996GODOYJ,2026-03-11,115775,1,16,0,1304.0
10109996GODOYJ_2026-03-11_G29,10109996GODOYJ,2026-03-11,111418,1,79,0,313.0
10109996GODOYJ_2026-03-11_G30,10109996GODOYJ,2026-03-11,111469,1,69,0,501.0
10109996GODOYJ_2026-03-11_G31,10109996GODOYJ,2026-03-11,117808,1,400,0,967.0
10109996GODOYJ_2026-03-11_G33,10109996GODOYJ,2026-03-11,"110373, 118299",2,12,15,533.0
10109996GODOYJ_2026-03-11_G34,10109996GODOYJ,2026-03-11,110372,1,4,0,134.0
10109996GODOYJ_2026-03-11_G35,10109996GODOYJ,2026-03-11,110372,1,57,0,215.0
10109996GODOYJ_2026-03-11_G36,10109996GODOYJ,2026-03-11,160057,1,2,0,2122.0
10109996GODOYJ_2026-03-12_G02,10109996GODOYJ,2026-03-12,110373,1,40,0,805.0
10109996GODOYJ_2026-03-12_G03,10109996GODOYJ,2026-03-12,118299,1,100,0,178.0
10109996GODOYJ_2026-03-12_G04,10109996GODOYJ,2026-03-12,140922,1,18,0,882.0
10109996GODOYJ_2026-03-12_G05,10109996GODOYJ,2026-03-12,111462,1,11,0,48.0
10109996GODOYJ_2026-03-12_G06,10109996GODOYJ,2026-03-12,117833,1,1,0,358.0
10109996GODOYJ_2026-03-12_G07,10109996GODOYJ,2026-03-12,117821,1,13,0,51.0
10109996GODOYJ_2026-03-12_G08,10109996GODOYJ,2026-03-12,111743,1,1,0,217.0
10109996GODOYJ_2026-03-12_G09,10109996GODOYJ,2026-03-12,142093,1,8,0,54.0
10109996GODOYJ_2026-03-12_G10,10109996GODOYJ,2026-03-12,109641,1,4,0,108.0
10109996GODOYJ_2026-03-12_G11,10109996GODOYJ,2026-03-12,117831,1,8,0,112.0
10109996GODOYJ_2026-03-12_G12,10109996GODOYJ,2026-03-12,111418,1,10,0,151.0
10109996GODOYJ_2026-03-12_G13,10109996GODOYJ,2026-03-12,141823,2,17,18,330.0
10109996GODOYJ_2026-03-12_G14,10109996GODOYJ,2026-03-12,141458,2,18,14,403.0
10109996GODOYJ_2026-03-12_G15,10109996GODOYJ,2026-03-12,110740,1,26,0,468.0
10109996GODOYJ_2026-03-12_G16,10109996GODOYJ,2026-03-12,141271,1,20,0,614.0
10109996GODOYJ_2026-03-12_G17,10109996GODOYJ,2026-03-12,111469,1,4,0,129.0
10109996GODOYJ_2026-03-12_G18,10109996GODOYJ,2026-03-12,111469,1,27,0,663.0
10109996GODOYJ_2026-03-12_G19,10109996GODOYJ,2026-03-12,142093,1,40,0,584.0
10109996GODOYJ_2026-03-12_G20,10109996GODOYJ,2026-03-12,111418,1,74,0,266.0
10109996GODOYJ_2026-03-12_G21,10109996GODOYJ,2026-03-12,117837,1,30,0,1747.0
10109996GODOYJ_2026-03-12_G22,10109996GODOYJ,2026-03-12,109640,1,6,0,500.0
10109996GODOYJ_2026-03-12_G23,10109996GODOYJ,2026-03-12,111431,2,32,12,89.0
10109996GODOYJ_2026-03-12_G24,10109996GODOYJ,2026-03-12,111330,1,46,0,2726.0
10109996GODOYJ_2026-03-12_G25,10109996GODOYJ,2026-03-12,140922,1,7,0,822.0
10109996GODOYJ_2026-03-12_G26,10109996GODOYJ,2026-03-12,111462,1,6,0,48.0
10109996GODOYJ_2026-03-12_G27,10109996GODOYJ,2026-03-12,117821,2,30,18,113.0
10109996GODOYJ_2026-03-12_G28,10109996GODOYJ,2026-03-12,111743,1,4,0,99.0
10109996GODOYJ_2026-03-12_G29,10109996GODOYJ,2026-03-12,142093,2,14,6,105.0
10109996GODOYJ_2026-03-12_G30,10109996GODOYJ,2026-03-12,109641,1,8,0,126.0
10109996GODOYJ_2026-03-12_G31,10109996GODOYJ,2026-03-12,117831,2,26,21,77.0
10109996GODOYJ_2026-03-12_G32,10109996GODOYJ,2026-03-12,108798,2,3,8,62.0
10109996GODOYJ_2026-03-12_G33,10109996GODOYJ,2026-03-12,105705,1,3,0,145.0
10109996GODOYJ_2026-03-12_G34,10109996GODOYJ,2026-03-12,111469,1,12,0,64.0
10109996GODOYJ_2026-03-12_G35,10109996GODOYJ,2026-03-12,141458,2,36,14,83.0
10109996GODOYJ_2026-03-12_G36,10109996GODOYJ,2026-03-12,"142093, 117831",2,16,13,83.0
10109996GODOYJ_2026-03-12_G37,10109996GODOYJ,2026-03-12,110740,1,4,0,541.0
10109996GODOYJ_2026-03-12_G38,10109996GODOYJ,2026-03-12,110740,2,16,20,38.0
10109996GODOYJ_2026-03-12_G39,10109996GODOYJ,2026-03-12,110372,1,208,0,2668.0
10109996GODOYJ_2026-03-12_G40,10109996GODOYJ,2026-03-12,117785,1,86,0,689.0
10109996GODOYJ_2026-03-12_G41,10109996GODOYJ,2026-03-12,110373,1,94,0,467.0
10109996GODOYJ_2026-03-12_G42,10109996GODOYJ,2026-03-12,118281,1,37,0,104.0
10109996GODOYJ_2026-03-12_G44,10109996GODOYJ,2026-03-12,108798,1,2,0,97.0
10109996GODOYJ_2026-03-12_G45,10109996GODOYJ,2026-03-12,105705,2,38,22,175.0
10109996GODOYJ_2026-03-12_G46,10109996GODOYJ,2026-03-12,142093,2,118,10,253.0
10109996GODOYJ_2026-03-12_G47,10109996GODOYJ,2026-03-12,117831,1,21,0,954.0
10109996GODOYJ_2026-03-12_G48,10109996GODOYJ,2026-03-12,110740,1,10,0,61.0
10109996GODOYJ_2026-03-12_G49,10109996GODOYJ,2026-03-12,110332,2,4,7,312.0
10109996GODOYJ_2026-03-13_G02,10109996GODOYJ,2026-03-13,142080,1,24,0,1296.0
10109996GODOYJ_2026-03-13_G03,10109996GODOYJ,2026-03-13,111418,1,101,0,313.0
10109996GODOYJ_2026-03-13_G04,10109996GODOYJ,2026-03-13,111602,1,12,0,2956.0
10109996GODOYJ_2026-03-13_G05,10109996GODOYJ,2026-03-13,"141916, 118290",3,4,34,186.0
10109996GODOYJ_2026-03-13_G06,10109996GODOYJ,2026-03-13,110313,1,2,0,378.0
10109996GODOYJ_2026-03-13_G07,10109996GODOYJ,2026-03-13,110733,1,17,0,62.0
10109996GODOYJ_2026-03-13_G08,10109996GODOYJ,2026-03-13,140922,2,14,6,1334.0
10109996GODOYJ_2026-03-13_G09,10109996GODOYJ,2026-03-13,142093,1,42,0,665.0
10109996GODOYJ_2026-03-13_G10,10109996GODOYJ,2026-03-13,141202,1,10,0,296.0
10109996GODOYJ_2026-03-13_G11,10109996GODOYJ,2026-03-13,117820,1,4,0,151.0
10109996GODOYJ_2026-03-13_G12,10109996GODOYJ,2026-03-13,111445,1,8,0,497.0
10109996GODOYJ_2026-03-13_G13,10109996GODOYJ,2026-03-13,111439,1,4,0,660.0
10109996GODOYJ_2026-03-13_G14,10109996GODOYJ,2026-03-13,111532,1,4,0,151.0
10109996GODOYJ_2026-03-13_G15,10109996GODOYJ,2026-03-13,107236,1,2,0,146.0
10109996GODOYJ_2026-03-13_G16,10109996GODOYJ,2026-03-13,111466,1,2,0,41.0
10109996GODOYJ_2026-03-13_G17,10109996GODOYJ,2026-03-13,108794,1,2,0,106.0
10109996GODOYJ_2026-03-13_G18,10109996GODOYJ,2026-03-13,111469,2,22,7,218.0
10109996GODOYJ_2026-03-13_G19,10109996GODOYJ,2026-03-13,109641,1,6,0,212.0
10109996GODOYJ_2026-03-13_G20,10109996GODOYJ,2026-03-13,111466,1,12,0,127.0
10109996GODOYJ_2026-03-13_G21,10109996GODOYJ,2026-03-13,118299,1,18,0,99.0
10109996GODOYJ_2026-03-13_G22,10109996GODOYJ,2026-03-13,117820,1,100,0,3418.0
10109996GODOYJ_2026-03-13_G23,10109996GODOYJ,2026-03-13,117808,1,190,0,1110.0
10109996GODOYJ_2026-03-13_G24,10109996GODOYJ,2026-03-13,110373,1,80,0,603.0
10109996GODOYJ_2026-03-13_G25,10109996GODOYJ,2026-03-13,118299,2,70,7,581.0
10109996GODOYJ_2026-03-13_G26,10109996GODOYJ,2026-03-13,"110374, 117809",2,7,25,758.0
10109996GODOYJ_2026-03-13_G27,10109996GODOYJ,2026-03-13,110325,1,14,0,165.0
10109996GODOYJ_2026-03-13_G28,10109996GODOYJ,2026-03-13,110376,1,2,0,70.0
10109996GODOYJ_2026-03-13_G29,10109996GODOYJ,2026-03-13,110371,1,15,0,60.0
10109996GODOYJ_2026-03-13_G30,10109996GODOYJ,2026-03-13,117832,1,8,0,161.0
10109996GODOYJ_2026-03-13_G32,10109996GODOYJ,2026-03-13,117809,1,3,0,249.0
10109996GODOYJ_2026-03-13_G33,10109996GODOYJ,2026-03-13,110372,1,3,0,72.0
10109996GODOYJ_2026-03-13_G34,10109996GODOYJ,2026-03-13,110373,1,12,0,115.0
10109996GODOYJ_2026-03-13_G35,10109996GODOYJ,2026-03-13,118299,1,100,0,140.0
10109996GODOYJ_2026-03-14_G02,10109996GODOYJ,2026-03-14,111438,1,4,0,182.0
10109996GODOYJ_2026-03-14_G03,10109996GODOYJ,2026-03-14,111530,1,14,0,261.0
10109996GODOYJ_2026-03-14_G04,10109996GODOYJ,2026-03-14,117853,1,4,0,182.0
10109996GODOYJ_2026-03-14_G05,10109996GODOYJ,2026-03-14,118317,1,20,0,288.0
10109996GODOYJ_2026-03-14_G06,10109996GODOYJ,2026-03-14,111439,1,2,0,252.0
10109996GODOYJ_2026-03-14_G07,10109996GODOYJ,2026-03-14,109640,1,4,0,188.0
10109996GODOYJ_2026-03-14_G08,10109996GODOYJ,2026-03-14,111435,1,2,0,273.0
10109996GODOYJ_2026-03-14_G09,10109996GODOYJ,2026-03-14,110733,1,4,0,791.0
10109996GODOYJ_2026-03-14_G10,10109996GODOYJ,2026-03-14,140922,1,4,0,146.0
10109996GODOYJ_2026-03-14_G11,10109996GODOYJ,2026-03-14,111530,1,8,0,163.0
10109996GODOYJ_2026-03-14_G12,10109996GODOYJ,2026-03-14,117853,1,8,0,86.0
10109996GODOYJ_2026-03-14_G13,10109996GODOYJ,2026-03-14,118317,1,3,0,255.0
10109996GODOYJ_2026-03-14_G14,10109996GODOYJ,2026-03-14,160051,1,5,0,79.0
10109996GODOYJ_2026-03-14_G15,10109996GODOYJ,2026-03-14,140923,1,40,0,2224.0
10109996GODOYJ_2026-03-14_G16,10109996GODOYJ,2026-03-14,117855,1,5,0,180.0
10109996GODOYJ_2026-03-14_G17,10109996GODOYJ,2026-03-14,117862,1,8,0,102.0
10109996GODOYJ_2026-03-14_G18,10109996GODOYJ,2026-03-14,117856,1,4,0,205.0
10109996GODOYJ_2026-03-14_G19,10109996GODOYJ,2026-03-14,118299,1,100,0,204.0
10109996GODOYJ_2026-03-14_G20,10109996GODOYJ,2026-03-14,110371,1,120,0,213.0
10109996GODOYJ_2026-03-14_G21,10109996GODOYJ,2026-03-14,111466,3,52,18,2024.0
10109996GODOYJ_2026-03-14_G22,10109996GODOYJ,2026-03-14,117838,1,3,0,682.0
10109996GODOYJ_2026-03-14_G23,10109996GODOYJ,2026-03-14,117821,1,30,0,524.0
10109996GODOYJ_2026-03-14_G24,10109996GODOYJ,2026-03-14,110373,1,80,0,1372.0
10109996GODOYJ_2026-03-14_G25,10109996GODOYJ,2026-03-14,117830,1,200,0,488.0
10109996GODOYJ_2026-03-14_G26,10109996GODOYJ,2026-03-14,117809,1,10,0,619.0
10109996GODOYJ_2026-03-14_G27,10109996GODOYJ,2026-03-14,110325,1,20,0,60.0
10109996GODOYJ_2026-03-14_G28,10109996GODOYJ,2026-03-14,110371,1,20,0,349.0
10109996GODOYJ_2026-03-14_G29,10109996GODOYJ,2026-03-14,111743,1,12,0,1303.0
10109996GODOYJ_2026-03-14_G30,10109996GODOYJ,2026-03-14,111442,1,8,0,164.0
10109996GODOYJ_2026-03-14_G31,10109996GODOYJ,2026-03-14,141458,1,50,0,551.0
10109996GODOYJ_2026-03-14_G32,10109996GODOYJ,2026-03-14,111469,1,84,0,166.0
10109996GODOYJ_2026-03-14_G33,10109996GODOYJ,2026-03-14,109643,1,20,0,908.0
10109996GODOYJ_2026-03-14_G34,10109996GODOYJ,2026-03-14,140922,1,8,0,75.0
10109996GODOYJ_2026-03-14_G36,10109996GODOYJ,2026-03-14,142014,1,4,0,473.0
10109996GODOYJ_2026-03-14_G37,10109996GODOYJ,2026-03-14,109640,1,1,0,146.0
10109996GODOYJ_2026-03-14_G38,10109996GODOYJ,2026-03-14,118306,1,10,0,356.0
10109996GODOYJ_2026-03-14_G39,10109996GODOYJ,2026-03-14,110755,1,10,0,330.0
10109996GODOYJ_2026-03-14_G40,10109996GODOYJ,2026-03-14,110313,1,6,0,240.0
10109996GODOYJ_2026-03-14_G41,10109996GODOYJ,2026-03-14,140923,1,12,0,418.0
10109996GODOYJ_2026-03-14_G42,10109996GODOYJ,2026-03-14,140922,1,10,0,110.0
10109996GODOYJ_2026-03-16_G02,10109996GODOYJ,2026-03-16,142093,1,550,0,346.0
10109996GODOYJ_2026-03-16_G03,10109996GODOYJ,2026-03-16,141916,1,200,0,1725.0
10109996GODOYJ_2026-03-16_G04,10109996GODOYJ,2026-03-16,100334,1,8,0,2601.0
10109996GODOYJ_2026-03-16_G05,10109996GODOYJ,2026-03-16,110372,1,4,0,162.0
10109996GODOYJ_2026-03-16_G06,10109996GODOYJ,2026-03-16,110371,1,4,0,106.0
10109996GODOYJ_2026-03-16_G07,10109996GODOYJ,2026-03-16,111466,1,20,0,154.0
10109996GODOYJ_2026-03-16_G08,10109996GODOYJ,2026-03-16,118317,1,4,0,214.0
10109996GODOYJ_2026-03-16_G09,10109996GODOYJ,2026-03-16,111466,1,18,0,124.0
10109996GODOYJ_2026-03-16_G10,10109996GODOYJ,2026-03-16,111466,1,12,0,284.0
10109996GODOYJ_2026-03-16_G11,10109996GODOYJ,2026-03-16,140923,1,24,0,816.0
10109996GODOYJ_2026-03-16_G12,10109996GODOYJ,2026-03-16,111530,1,24,0,448.0
10109996GODOYJ_2026-03-16_G13,10109996GODOYJ,2026-03-16,111602,1,24,0,1788.0
10109996GODOYJ_2026-03-16_G14,10109996GODOYJ,2026-03-16,109640,1,16,0,284.0
10109996GODOYJ_2026-03-16_G15,10109996GODOYJ,2026-03-16,108772,1,8,0,177.0
10109996GODOYJ_2026-03-16_G16,10109996GODOYJ,2026-03-16,141066,1,24,0,329.0
10109996GODOYJ_2026-03-16_G17,10109996GODOYJ,2026-03-16,110711,1,11,0,453.0
10109996GODOYJ_2026-03-16_G18,10109996GODOYJ,2026-03-16,110895,2,10,11,1354.0
10109996GODOYJ_2026-03-16_G19,10109996GODOYJ,2026-03-16,141916,1,4,0,72.0
10109996GODOYJ_2026-03-16_G20,10109996GODOYJ,2026-03-16,111569,2,7,8,73.0
10109996GODOYJ_2026-03-16_G21,10109996GODOYJ,2026-03-16,111438,1,2,0,74.0
10109996GODOYJ_2026-03-16_G22,10109996GODOYJ,2026-03-16,117835,1,7,0,129.0
10109996GODOYJ_2026-03-16_G23,10109996GODOYJ,2026-03-16,118306,1,5,0,114.0
10109996GODOYJ_2026-03-16_G24,10109996GODOYJ,2026-03-16,111430,1,1,0,63.0
10109996GODOYJ_2026-03-16_G25,10109996GODOYJ,2026-03-16,110747,2,8,8,76.0
10109996GODOYJ_2026-03-16_G26,10109996GODOYJ,2026-03-16,142045,1,14,0,625.0
10109996GODOYJ_2026-03-16_G27,10109996GODOYJ,2026-03-16,111602,1,10,0,1583.0
10109996GODOYJ_2026-03-16_G28,10109996GODOYJ,2026-03-16,118251,1,8,0,456.0
10109996GODOYJ_2026-03-16_G30,10109996GODOYJ,2026-03-16,111469,1,4,0,221.0
10109996GODOYJ_2026-03-16_G31,10109996GODOYJ,2026-03-16,111465,2,7,12,475.0
10109996GODOYJ_2026-03-16_G32,10109996GODOYJ,2026-03-16,110339,1,4,0,428.0
10109996GODOYJ_2026-03-16_G33,10109996GODOYJ,2026-03-16,111602,1,1,0,102.0
10109996GODOYJ_2026-03-16_G34,10109996GODOYJ,2026-03-16,110339,1,4,0,50.0
10109996GODOYJ_2026-03-16_G35,10109996GODOYJ,2026-03-16,118317,1,5,0,769.0
10109996GODOYJ_2026-03-16_G36,10109996GODOYJ,2026-03-16,111602,1,4,0,104.0
10109996GODOYJ_2026-03-16_G37,10109996GODOYJ,2026-03-16,111330,1,4,0,494.0
10109996GODOYJ_2026-03-16_G38,10109996GODOYJ,2026-03-16,117809,1,4,0,1179.0
10109996GODOYJ_2026-03-16_G39,10109996GODOYJ,2026-03-16,117820,2,16,8,103.0
10109996GODOYJ_2026-03-16_G40,10109996GODOYJ,2026-03-16,117808,1,6,0,41.0
10109996GODOYJ_2026-03-16_G41,10109996GODOYJ,2026-03-16,117830,2,16,6,301.0
10109996GODOYJ_2026-03-16_G42,10109996GODOYJ,2026-03-16,110373,1,10,0,102.0
10109996GODOYJ_2026-03-18_G02,10109996GODOYJ,2026-03-18,109643,1,12,0,197.0
10109996GODOYJ_2026-03-18_G03,10109996GODOYJ,2026-03-18,117808,2,24,18,178.0
10109996GODOYJ_2026-03-18_G04,10109996GODOYJ,2026-03-18,117820,1,15,0,233.0
10109996GODOYJ_2026-03-18_G05,10109996GODOYJ,2026-03-18,110373,2,22,14,957.0
10109996GODOYJ_2026-03-18_G06,10109996GODOYJ,2026-03-18,141202,1,2,0,229.0
10109996GODOYJ_2026-03-18_G07,10109996GODOYJ,2026-03-18,110372,3,18,34,94.0
10109996GODOYJ_2026-03-18_G08,10109996GODOYJ,2026-03-18,110375,1,4,0,565.0
10109996GODOYJ_2026-03-18_G09,10109996GODOYJ,2026-03-18,118299,2,18,10,190.0
10109996GODOYJ_2026-03-18_G10,10109996GODOYJ,2026-03-18,110371,1,8,0,259.0
10109996GODOYJ_2026-03-18_G11,10109996GODOYJ,2026-03-18,117830,2,13,7,99.0
10109996GODOYJ_2026-03-18_G12,10109996GODOYJ,2026-03-18,117808,1,20,0,384.0
10109996GODOYJ_2026-03-18_G13,10109996GODOYJ,2026-03-18,110112,1,2,0,1006.0
10109996GODOYJ_2026-03-18_G14,10109996GODOYJ,2026-03-18,142045,2,6,8,170.0
10109996GODOYJ_2026-03-18_G15,10109996GODOYJ,2026-03-18,142045,1,20,0,307.0
10109996GODOYJ_2026-03-18_G16,10109996GODOYJ,2026-03-18,116527,1,24,0,194.0
10109996GODOYJ_2026-03-18_G17,10109996GODOYJ,2026-03-18,110752,1,2,0,755.0
10109996GODOYJ_2026-03-18_G18,10109996GODOYJ,2026-03-18,110313,1,2,0,52.0
10109996GODOYJ_2026-03-18_G19,10109996GODOYJ,2026-03-18,107629,1,4,0,72.0
10109996GODOYJ_2026-03-18_G20,10109996GODOYJ,2026-03-18,111530,2,10,6,1457.0
10109996GODOYJ_2026-03-18_G22,10109996GODOYJ,2026-03-18,117820,1,8,0,143.0
10109996GODOYJ_2026-03-18_G23,10109996GODOYJ,2026-03-18,110371,1,4,0,358.0
10109996GODOYJ_2026-03-18_G24,10109996GODOYJ,2026-03-18,111569,1,4,0,203.0
10109996GODOYJ_2026-03-18_G25,10109996GODOYJ,2026-03-18,111466,1,43,0,299.0
10109996GODOYJ_2026-03-18_G26,10109996GODOYJ,2026-03-18,"118191, 118299",2,364,22,1440.0
10109996GODOYJ_2026-03-18_G27,10109996GODOYJ,2026-03-18,111438,2,8,8,979.0
10109996GODOYJ_2026-03-18_G28,10109996GODOYJ,2026-03-18,111437,1,6,0,402.0
10109996GODOYJ_2026-03-18_G29,10109996GODOYJ,2026-03-18,110747,1,5,0,77.0
10109996GODOYJ_2026-03-18_G30,10109996GODOYJ,2026-03-18,118269,1,4,0,136.0
10109996GODOYJ_2026-03-18_G31,10109996GODOYJ,2026-03-18,117840,1,8,0,1074.0
10109996GODOYJ_2026-03-18_G32,10109996GODOYJ,2026-03-18,160051,1,1,0,57.0
10109996GODOYJ_2026-03-18_G33,10109996GODOYJ,2026-03-18,110375,1,10,0,104.0
10109996GODOYJ_2026-03-18_G34,10109996GODOYJ,2026-03-18,110371,1,15,0,172.0
10109996GODOYJ_2026-03-19_G02,10109996GODOYJ,2026-03-19,140922,1,8,0,607.0
10109996GODOYJ_2026-03-19_G03,10109996GODOYJ,2026-03-19,117821,1,16,0,1199.0
10109996GODOYJ_2026-03-19_G04,10109996GODOYJ,2026-03-19,160055,1,4,0,90.0
10109996GODOYJ_2026-03-19_G05,10109996GODOYJ,2026-03-19,107236,1,16,0,225.0
10109996GODOYJ_2026-03-19_G06,10109996GODOYJ,2026-03-19,111431,1,8,0,370.0
10109996GODOYJ_2026-03-19_G07,10109996GODOYJ,2026-03-19,117787,1,4,0,42.0
10109996GODOYJ_2026-03-19_G08,10109996GODOYJ,2026-03-19,111469,1,60,0,681.0
10109996GODOYJ_2026-03-19_G09,10109996GODOYJ,2026-03-19,142093,1,40,0,790.0
10109996GODOYJ_2026-03-19_G10,10109996GODOYJ,2026-03-19,111466,1,48,0,683.0
10109996GODOYJ_2026-03-19_G11,10109996GODOYJ,2026-03-19,117785,1,8,0,482.0
10109996GODOYJ_2026-03-19_G12,10109996GODOYJ,2026-03-19,140911,1,1,0,1705.0
10109996GODOYJ_2026-03-19_G13,10109996GODOYJ,2026-03-19,111530,1,16,0,305.0
10109996GODOYJ_2026-03-19_G14,10109996GODOYJ,2026-03-19,111439,1,4,0,550.0
10109996GODOYJ_2026-03-19_G15,10109996GODOYJ,2026-03-19,111602,1,8,0,1965.0
10109996GODOYJ_2026-03-19_G16,10109996GODOYJ,2026-03-19,111467,1,8,0,2167.0
10109996GODOYJ_2026-03-19_G18,10109996GODOYJ,2026-03-19,117856,1,23,0,544.0
10109996GODOYJ_2026-03-19_G19,10109996GODOYJ,2026-03-19,140922,1,45,0,316.0
10109996GODOYJ_2026-03-19_G20,10109996GODOYJ,2026-03-19,110743,1,8,0,334.0
10109996GODOYJ_2026-03-19_G21,10109996GODOYJ,2026-03-19,117833,1,266,0,1303.0
10109996GODOYJ_2026-03-19_G22,10109996GODOYJ,2026-03-19,111466,1,86,0,49.0
10109996GODOYJ_2026-03-19_G23,10109996GODOYJ,2026-03-19,110374,1,73,0,1181.0
10109996GODOYJ_2026-03-19_G24,10109996GODOYJ,2026-03-19,141261,1,152,0,383.0
10109996GODOYJ_2026-03-19_G25,10109996GODOYJ,2026-03-19,118191,1,351,0,408.0
10109996GODOYJ_2026-03-20_G02,10109996GODOYJ,2026-03-20,111439,1,6,0,1463.0
10109996GODOYJ_2026-03-20_G03,10109996GODOYJ,2026-03-20,111433,1,10,0,251.0
10109996GODOYJ_2026-03-20_G04,10109996GODOYJ,2026-03-20,111569,1,10,0,206.0
10109996GODOYJ_2026-03-20_G05,10109996GODOYJ,2026-03-20,110741,1,4,0,373.0
10109996GODOYJ_2026-03-20_G06,10109996GODOYJ,2026-03-20,111466,1,10,0,516.0
10109996GODOYJ_2026-03-20_G07,10109996GODOYJ,2026-03-20,110372,1,10,0,209.0
10109996GODOYJ_2026-03-20_G08,10109996GODOYJ,2026-03-20,117808,1,20,0,611.0
10109996GODOYJ_2026-03-20_G09,10109996GODOYJ,2026-03-20,111330,1,14,0,436.0
10109996GODOYJ_2026-03-20_G10,10109996GODOYJ,2026-03-20,100334,1,8,0,958.0
10109996GODOYJ_2026-03-20_G11,10109996GODOYJ,2026-03-20,160057,1,4,0,193.0
10109996GODOYJ_2026-03-20_G12,10109996GODOYJ,2026-03-20,110742,1,4,0,143.0
10109996GODOYJ_2026-03-20_G13,10109996GODOYJ,2026-03-20,142045,1,4,0,143.0
10109996GODOYJ_2026-03-20_G14,10109996GODOYJ,2026-03-20,110747,1,8,0,1185.0
10109996GODOYJ_2026-03-20_G15,10109996GODOYJ,2026-03-20,107629,1,4,0,1040.0
10109996GODOYJ_2026-03-20_G16,10109996GODOYJ,2026-03-20,118094,1,8,0,115.0
10109996GODOYJ_2026-03-20_G17,10109996GODOYJ,2026-03-20,117856,1,12,0,146.0
10109996GODOYJ_2026-03-20_G18,10109996GODOYJ,2026-03-20,141047,1,8,0,326.0
10109996GODOYJ_2026-03-20_G19,10109996GODOYJ,2026-03-20,110373,1,48,0,657.0
10109996GODOYJ_2026-03-20_G20,10109996GODOYJ,2026-03-20,"117830, 117820",2,60,17,431.0
10109996GODOYJ_2026-03-20_G21,10109996GODOYJ,2026-03-20,111433,1,6,0,654.0
10109996GODOYJ_2026-03-20_G22,10109996GODOYJ,2026-03-20,109640,1,14,0,1981.0
10109996GODOYJ_2026-03-20_G23,10109996GODOYJ,2026-03-20,118317,1,2,0,988.0
10109996GODOYJ_2026-03-20_G24,10109996GODOYJ,2026-03-20,111532,1,70,0,864.0
10109996GODOYJ_2026-03-20_G25,10109996GODOYJ,2026-03-20,"111418, 111465",2,110,24,582.0
10109996GODOYJ_2026-03-20_G26,10109996GODOYJ,2026-03-20,117785,1,50,0,119.0
10109996GODOYJ_2026-03-20_G28,10109996GODOYJ,2026-03-20,141271,1,10,0,137.0
10109996GODOYJ_2026-03-20_G29,10109996GODOYJ,2026-03-20,109641,1,4,0,117.0
10109996GODOYJ_2026-03-20_G30,10109996GODOYJ,2026-03-20,110740,1,7,0,520.0
10109996GODOYJ_2026-03-20_G31,10109996GODOYJ,2026-03-20,141458,1,10,0,208.0
10109996GODOYJ_2026-03-20_G32,10109996GODOYJ,2026-03-20,111436,1,38,0,570.0
10109996GODOYJ_2026-03-20_G33,10109996GODOYJ,2026-03-20,110373,1,20,0,564.0
10109996GODOYJ_2026-03-20_G34,10109996GODOYJ,2026-03-20,117832,1,10,0,264.0
10109996GODOYJ_2026-03-21_G02,10109996GODOYJ,2026-03-21,100334,1,2,0,183.0
10109996GODOYJ_2026-03-21_G03,10109996GODOYJ,2026-03-21,142045,1,2,0,664.0
10109996GODOYJ_2026-03-21_G04,10109996GODOYJ,2026-03-21,111430,1,4,0,124.0
10109996GODOYJ_2026-03-21_G05,10109996GODOYJ,2026-03-21,117855,1,1,0,1193.0
10109996GODOYJ_2026-03-21_G06,10109996GODOYJ,2026-03-21,"111530, 141166",2,3,19,143.0
10109996GODOYJ_2026-03-21_G07,10109996GODOYJ,2026-03-21,117856,1,4,0,321.0
10109996GODOYJ_2026-03-21_G08,10109996GODOYJ,2026-03-21,117853,1,4,0,64.0
10109996GODOYJ_2026-03-21_G09,10109996GODOYJ,2026-03-21,117862,1,2,0,154.0
10109996GODOYJ_2026-03-21_G10,10109996GODOYJ,2026-03-21,111876,1,4,0,296.0
10109996GODOYJ_2026-03-21_G11,10109996GODOYJ,2026-03-21,110787,1,32,0,3003.0
10109996GODOYJ_2026-03-21_G12,10109996GODOYJ,2026-03-21,118317,1,4,0,331.0
10109996GODOYJ_2026-03-21_G13,10109996GODOYJ,2026-03-21,111462,1,4,0,198.0
10109996GODOYJ_2026-03-21_G14,10109996GODOYJ,2026-03-21,142093,1,1,0,584.0
10109996GODOYJ_2026-03-21_G15,10109996GODOYJ,2026-03-21,111463,1,2,0,119.0
10109996GODOYJ_2026-03-21_G16,10109996GODOYJ,2026-03-21,110740,1,4,0,108.0
10109996GODOYJ_2026-03-21_G17,10109996GODOYJ,2026-03-21,111466,1,6,0,44.0
10109996GODOYJ_2026-03-21_G18,10109996GODOYJ,2026-03-21,111532,1,3,0,46.0
10109996GODOYJ_2026-03-21_G19,10109996GODOYJ,2026-03-21,141916,1,1,0,2850.0
10109996GODOYJ_2026-03-21_G20,10109996GODOYJ,2026-03-21,100334,3,12,22,48.0
10109996GODOYJ_2026-03-21_G21,10109996GODOYJ,2026-03-21,117835,1,2,0,227.0
10109996GODOYJ_2026-03-21_G22,10109996GODOYJ,2026-03-21,117855,1,4,0,219.0
10109996GODOYJ_2026-03-21_G23,10109996GODOYJ,2026-03-21,118094,1,2,0,136.0
10109996GODOYJ_2026-03-21_G24,10109996GODOYJ,2026-03-21,111530,1,4,0,42.0
10109996GODOYJ_2026-03-21_G25,10109996GODOYJ,2026-03-21,111602,1,5,0,93.0
10109996GODOYJ_2026-03-21_G26,10109996GODOYJ,2026-03-21,117856,1,2,0,64.0
10109996GODOYJ_2026-03-21_G27,10109996GODOYJ,2026-03-21,109640,2,13,8,281.0
10109996GODOYJ_2026-03-21_G28,10109996GODOYJ,2026-03-21,117862,1,3,0,213.0
10109996GODOYJ_2026-03-21_G29,10109996GODOYJ,2026-03-21,117821,1,4,0,790.0
10109996GODOYJ_2026-03-21_G30,10109996GODOYJ,2026-03-21,111418,2,41,21,111.0
10109996GODOYJ_2026-03-21_G31,10109996GODOYJ,2026-03-21,141271,1,1,0,63.0
10109996GODOYJ_2026-03-21_G32,10109996GODOYJ,2026-03-21,110787,1,16,0,138.0
10109996GODOYJ_2026-03-21_G33,10109996GODOYJ,2026-03-21,141823,1,1,0,139.0
10109996GODOYJ_2026-03-21_G34,10109996GODOYJ,2026-03-21,111469,1,14,0,82.0
10109996GODOYJ_2026-03-21_G35,10109996GODOYJ,2026-03-21,111466,2,7,12,139.0
10109996GODOYJ_2026-03-21_G36,10109996GODOYJ,2026-03-21,141458,1,8,0,87.0
10109996GODOYJ_2026-03-21_G37,10109996GODOYJ,2026-03-21,110787,1,13,0,376.0
10109996GODOYJ_2026-03-21_G38,10109996GODOYJ,2026-03-21,117820,1,2,0,336.0
10109996GODOYJ_2026-03-21_G39,10109996GODOYJ,2026-03-21,117808,1,7,0,94.0
10109996GODOYJ_2026-03-21_G40,10109996GODOYJ,2026-03-21,118299,1,10,0,117.0
10109996GODOYJ_2026-03-21_G41,10109996GODOYJ,2026-03-21,117832,1,4,0,59.0
10109996GODOYJ_2026-03-21_G42,10109996GODOYJ,2026-03-21,110371,1,19,0,58.0
10109996GODOYJ_2026-03-21_G43,10109996GODOYJ,2026-03-21,117830,1,4,0,142.0
10109996GODOYJ_2026-03-21_G45,10109996GODOYJ,2026-03-21,110325,1,56,0,66.0
10109996GODOYJ_2026-03-21_G46,10109996GODOYJ,2026-03-21,117840,1,30,0,674.0
10109996GODOYJ_2026-03-21_G47,10109996GODOYJ,2026-03-21,109643,1,50,0,104.0
10109996GODOYJ_2026-03-21_G48,10109996GODOYJ,2026-03-21,117842,1,16,0,1773.0
10109996GODOYJ_2026-03-21_G49,10109996GODOYJ,2026-03-21,111418,1,150,0,404.0
10109996GODOYJ_2026-03-21_G50,10109996GODOYJ,2026-03-21,111468,1,80,0,106.0
10109996GODOYJ_2026-03-21_G51,10109996GODOYJ,2026-03-21,111463,1,100,0,110.0
10109996GODOYJ_2026-03-21_G52,10109996GODOYJ,2026-03-21,111466,1,150,0,787.0
10109996GODOYJ_2026-03-24_G02,10109996GODOYJ,2026-03-24,111469,1,11,0,161.0
10109996GODOYJ_2026-03-24_G03,10109996GODOYJ,2026-03-24,107236,1,6,0,186.0
10109996GODOYJ_2026-03-24_G04,10109996GODOYJ,2026-03-24,108798,1,9,0,159.0
10109996GODOYJ_2026-03-24_G05,10109996GODOYJ,2026-03-24,117833,1,28,0,142.0
10109996GODOYJ_2026-03-24_G06,10109996GODOYJ,2026-03-24,111468,1,17,0,214.0
10109996GODOYJ_2026-03-24_G07,10109996GODOYJ,2026-03-24,110787,1,17,0,230.0
10109996GODOYJ_2026-03-24_G08,10109996GODOYJ,2026-03-24,109641,1,12,0,357.0
10109996GODOYJ_2026-03-24_G09,10109996GODOYJ,2026-03-24,141457,1,2,0,1725.0
10109996GODOYJ_2026-03-24_G10,10109996GODOYJ,2026-03-24,141457,1,2,0,73.0
10109996GODOYJ_2026-03-24_G11,10109996GODOYJ,2026-03-24,117832,2,4,18,204.0
10109996GODOYJ_2026-03-24_G12,10109996GODOYJ,2026-03-24,"110895, 141916",2,6,13,351.0
10109996GODOYJ_2026-03-24_G13,10109996GODOYJ,2026-03-24,111876,1,3,0,1123.0
10109996GODOYJ_2026-03-24_G14,10109996GODOYJ,2026-03-24,117855,1,2,0,245.0
10109996GODOYJ_2026-03-24_G15,10109996GODOYJ,2026-03-24,140923,1,3,0,258.0
10109996GODOYJ_2026-03-24_G16,10109996GODOYJ,2026-03-24,111602,1,2,0,105.0
10109996GODOYJ_2026-03-24_G17,10109996GODOYJ,2026-03-24,117856,1,10,0,452.0
10109996GODOYJ_2026-03-24_G18,10109996GODOYJ,2026-03-24,117853,1,4,0,174.0
10109996GODOYJ_2026-03-24_G19,10109996GODOYJ,2026-03-24,117861,1,10,0,125.0
10109996GODOYJ_2026-03-24_G20,10109996GODOYJ,2026-03-24,117862,1,8,0,589.0
10109996GODOYJ_2026-03-24_G21,10109996GODOYJ,2026-03-24,109649,1,2,0,342.0
10109996GODOYJ_2026-03-24_G22,10109996GODOYJ,2026-03-24,141457,1,18,0,336.0
10109996GODOYJ_2026-03-24_G23,10109996GODOYJ,2026-03-24,140922,1,8,0,344.0
10109996GODOYJ_2026-03-24_G24,10109996GODOYJ,2026-03-24,111466,1,3,0,118.0
10109996GODOYJ_2026-03-24_G25,10109996GODOYJ,2026-03-24,111532,1,4,0,74.0
10109996GODOYJ_2026-03-24_G26,10109996GODOYJ,2026-03-24,117785,1,9,0,82.0
10109996GODOYJ_2026-03-24_G27,10109996GODOYJ,2026-03-24,111462,1,3,0,374.0
10109996GODOYJ_2026-03-24_G28,10109996GODOYJ,2026-03-24,117821,1,3,0,85.0
10109996GODOYJ_2026-03-24_G29,10109996GODOYJ,2026-03-24,142093,1,2,0,66.0
10109996GODOYJ_2026-03-24_G30,10109996GODOYJ,2026-03-24,111743,1,2,0,690.0
10109996GODOYJ_2026-03-24_G31,10109996GODOYJ,2026-03-24,111418,1,1,0,150.0
10109996GODOYJ_2026-03-24_G32,10109996GODOYJ,2026-03-24,111469,1,8,0,301.0
10109996GODOYJ_2026-03-24_G33,10109996GODOYJ,2026-03-24,141271,1,9,0,60.0
10109996GODOYJ_2026-03-24_G34,10109996GODOYJ,2026-03-24,117838,1,2,0,135.0
10109996GODOYJ_2026-03-24_G35,10109996GODOYJ,2026-03-24,109641,1,1,0,51.0
10109996GODOYJ_2026-03-24_G36,10109996GODOYJ,2026-03-24,107236,1,2,0,140.0
10109996GODOYJ_2026-03-24_G37,10109996GODOYJ,2026-03-24,117833,1,3,0,77.0
10109996GODOYJ_2026-03-24_G38,10109996GODOYJ,2026-03-24,111463,1,7,0,66.0
10109996GODOYJ_2026-03-24_G39,10109996GODOYJ,2026-03-24,110787,1,5,0,207.0
10109996GODOYJ_2026-03-24_G40,10109996GODOYJ,2026-03-24,110740,1,4,0,100.0
10109996GODOYJ_2026-03-24_G41,10109996GODOYJ,2026-03-24,118317,1,1,0,100.0
10109996GODOYJ_2026-03-24_G42,10109996GODOYJ,2026-03-24,117831,1,4,0,59.0
10109996GODOYJ_2026-03-24_G43,10109996GODOYJ,2026-03-24,105705,1,2,0,121.0
10109996GODOYJ_2026-03-24_G44,10109996GODOYJ,2026-03-24,141458,1,1,0,69.0
10109996GODOYJ_2026-03-24_G45,10109996GODOYJ,2026-03-24,108795,1,1,0,113.0
10109996GODOYJ_2026-03-24_G46,10109996GODOYJ,2026-03-24,141456,1,32,0,359.0
10109996GODOYJ_2026-03-24_G47,10109996GODOYJ,2026-03-24,117797,1,1,0,758.0
10109996GODOYJ_2026-03-24_G48,10109996GODOYJ,2026-03-24,140923,1,6,0,108.0
10109996GODOYJ_2026-03-24_G49,10109996GODOYJ,2026-03-24,111602,1,3,0,102.0
10109996GODOYJ_2026-03-24_G50,10109996GODOYJ,2026-03-24,117856,1,6,0,66.0
10109996GODOYJ_2026-03-24_G51,10109996GODOYJ,2026-03-24,117862,1,4,0,158.0
10109996GODOYJ_2026-03-24_G52,10109996GODOYJ,2026-03-24,117837,1,1,0,351.0
10109996GODOYJ_2026-03-24_G53,10109996GODOYJ,2026-03-24,141457,1,4,0,1195.0
10109996GODOYJ_2026-03-24_G54,10109996GODOYJ,2026-03-24,140922,1,2,0,144.0
10109996GODOYJ_2026-03-24_G55,10109996GODOYJ,2026-03-24,111466,1,5,0,71.0
10109996GODOYJ_2026-03-24_G56,10109996GODOYJ,2026-03-24,117785,1,2,0,106.0
10109996GODOYJ_2026-03-24_G57,10109996GODOYJ,2026-03-24,117821,1,2,0,887.0
10109996GODOYJ_2026-03-24_G58,10109996GODOYJ,2026-03-24,111418,1,3,0,212.0
10109996GODOYJ_2026-03-24_G59,10109996GODOYJ,2026-03-24,141456,1,18,0,296.0
10109996GODOYJ_2026-03-24_G60,10109996GODOYJ,2026-03-24,108798,1,2,0,73.0
10109996GODOYJ_2026-03-24_G61,10109996GODOYJ,2026-03-24,117833,1,2,0,46.0
10109996GODOYJ_2026-03-24_G62,10109996GODOYJ,2026-03-24,111468,1,4,0,56.0
10109996GODOYJ_2026-03-24_G63,10109996GODOYJ,2026-03-24,"111463, 110787",2,9,14,126.0
10109996GODOYJ_2026-03-24_G64,10109996GODOYJ,2026-03-24,117831,1,9,0,159.0
10109996GODOYJ_2026-03-24_G65,10109996GODOYJ,2026-03-24,110374,1,4,0,642.0
10109996GODOYJ_2026-03-24_G66,10109996GODOYJ,2026-03-24,118299,1,16,0,389.0
10109996GODOYJ_2026-03-24_G67,10109996GODOYJ,2026-03-24,110373,1,4,0,111.0
10109996GODOYJ_2026-03-24_G68,10109996GODOYJ,2026-03-24,117820,1,12,0,75.0
10109996GODOYJ_2026-03-24_G69,10109996GODOYJ,2026-03-24,110372,1,12,0,143.0
10109996GODOYJ_2026-03-24_G70,10109996GODOYJ,2026-03-24,110376,1,6,0,136.0
10109996GODOYJ_2026-03-24_G71,10109996GODOYJ,2026-03-24,117808,1,20,0,139.0
10109996GODOYJ_2026-03-24_G72,10109996GODOYJ,2026-03-24,110375,1,4,0,148.0
10109996GODOYJ_2026-03-24_G73,10109996GODOYJ,2026-03-24,117830,1,4,0,218.0
10109996GODOYJ_2026-03-24_G75,10109996GODOYJ,2026-03-24,109471,1,2,0,100.0
10109996GODOYJ_2026-03-24_G76,10109996GODOYJ,2026-03-24,141318,1,2,0,162.0
10109996GODOYJ_2026-03-24_G77,10109996GODOYJ,2026-03-24,111430,1,2,0,117.0
10109996GODOYJ_2026-03-24_G78,10109996GODOYJ,2026-03-24,140923,1,1,0,83.0
10109996GODOYJ_2026-03-24_G79,10109996GODOYJ,2026-03-24,141352,1,2,0,109.0
10109996GODOYJ_2026-03-24_G80,10109996GODOYJ,2026-03-24,111443,1,2,0,288.0
10109996GODOYJ_2026-03-24_G81,10109996GODOYJ,2026-03-24,142093,1,2,0,169.0
10109996GODOYJ_2026-03-24_G82,10109996GODOYJ,2026-03-24,111469,1,2,0,115.0
10109996GODOYJ_2026-03-24_G83,10109996GODOYJ,2026-03-24,"141271, 117838",2,4,14,55.0
10109996GODOYJ_2026-03-24_G84,10109996GODOYJ,2026-03-24,111463,1,1,0,100.0
10109996GODOYJ_2026-03-24_G85,10109996GODOYJ,2026-03-24,110787,1,4,0,48.0
10109996GODOYJ_2026-03-24_G86,10109996GODOYJ,2026-03-24,110740,1,2,0,69.0
10109996GODOYJ_2026-03-24_G87,10109996GODOYJ,2026-03-24,117831,1,2,0,48.0
10109996GODOYJ_2026-03-24_G88,10109996GODOYJ,2026-03-24,117820,1,10,0,288.0
10109996GODOYJ_2026-03-24_G89,10109996GODOYJ,2026-03-24,110372,1,10,0,98.0
10109996GODOYJ_2026-03-24_G90,10109996GODOYJ,2026-03-24,141202,1,2,0,124.0
10109996GODOYJ_2026-03-24_G91,10109996GODOYJ,2026-03-24,110371,1,4,0,60.0
10109996GODOYJ_2026-03-24_G92,10109996GODOYJ,2026-03-24,110373,1,2,0,68.0
10109996GODOYJ_2026-03-25_G02,10109996GODOYJ,2026-03-25,141166,1,34,0,178.0
10109996GODOYJ_2026-03-25_G03,10109996GODOYJ,2026-03-25,141047,1,30,0,774.0
10109996GODOYJ_2026-03-25_G04,10109996GODOYJ,2026-03-25,141352,1,20,0,186.0
10109996GODOYJ_2026-03-25_G05,10109996GODOYJ,2026-03-25,111602,1,99,0,529.0
10109996GODOYJ_2026-03-25_G06,10109996GODOYJ,2026-03-25,111743,1,70,0,1257.0
10109996GODOYJ_2026-03-25_G07,10109996GODOYJ,2026-03-25,111468,1,20,0,893.0
10109996GODOYJ_2026-03-25_G08,10109996GODOYJ,2026-03-25,111443,1,23,0,3141.0
10109996GODOYJ_2026-03-25_G09,10109996GODOYJ,2026-03-25,108795,1,60,0,1015.0
10109996GODOYJ_2026-03-25_G10,10109996GODOYJ,2026-03-25,109649,1,27,0,581.0
10109996GODOYJ_2026-03-25_G11,10109996GODOYJ,2026-03-25,111418,1,100,0,350.0
10109996GODOYJ_2026-03-25_G12,10109996GODOYJ,2026-03-25,108711,1,18,0,839.0
10109996GODOYJ_2026-03-25_G13,10109996GODOYJ,2026-03-25,110787,1,80,0,525.0
10109996GODOYJ_2026-03-25_G14,10109996GODOYJ,2026-03-25,110373,1,80,0,2106.0
10109996GODOYJ_2026-03-25_G15,10109996GODOYJ,2026-03-25,118299,2,440,13,3451.0
10109996GODOYJ_2026-03-25_G16,10109996GODOYJ,2026-03-25,118299,1,200,0,235.0
10109996GODOYJ_2026-03-26_G02,10109996GODOYJ,2026-03-26,111443,1,8,0,532.0
10109996GODOYJ_2026-03-26_G03,10109996GODOYJ,2026-03-26,117841,2,8,9,332.0
10109996GODOYJ_2026-03-26_G04,10109996GODOYJ,2026-03-26,141456,1,12,0,275.0
10109996GODOYJ_2026-03-26_G05,10109996GODOYJ,2026-03-26,"117853, 111602",2,6,28,2219.0
10109996GODOYJ_2026-03-26_G06,10109996GODOYJ,2026-03-26,140911,1,4,0,511.0
10109996GODOYJ_2026-03-26_G07,10109996GODOYJ,2026-03-26,110895,1,7,0,347.0
10109996GODOYJ_2026-03-26_G08,10109996GODOYJ,2026-03-26,111530,1,8,0,174.0
10109996GODOYJ_2026-03-26_G09,10109996GODOYJ,2026-03-26,111602,1,4,0,299.0
10109996GODOYJ_2026-03-26_G10,10109996GODOYJ,2026-03-26,141457,2,12,9,259.0
10109996GODOYJ_2026-03-26_G11,10109996GODOYJ,2026-03-26,141271,1,5,0,647.0
10109996GODOYJ_2026-03-26_G12,10109996GODOYJ,2026-03-26,"108798, 111418",2,11,9,261.0
10109996GODOYJ_2026-03-26_G13,10109996GODOYJ,2026-03-26,111468,1,7,0,140.0
10109996GODOYJ_2026-03-26_G14,10109996GODOYJ,2026-03-26,110372,1,6,0,526.0
10109996GODOYJ_2026-03-26_G15,10109996GODOYJ,2026-03-26,118299,1,10,0,226.0
10109996GODOYJ_2026-03-26_G16,10109996GODOYJ,2026-03-26,110895,1,8,0,1296.0
10109996GODOYJ_2026-03-26_G17,10109996GODOYJ,2026-03-26,110841,1,4,0,153.0
10109996GODOYJ_2026-03-26_G18,10109996GODOYJ,2026-03-26,118323,1,4,0,142.0
10109996GODOYJ_2026-03-26_G19,10109996GODOYJ,2026-03-26,110582,1,4,0,66.0
10109996GODOYJ_2026-03-26_G20,10109996GODOYJ,2026-03-26,"140920, 140981, 110373",3,18,48,341.0
10109996GODOYJ_2026-03-26_G21,10109996GODOYJ,2026-03-26,110373,1,2,0,32.0
10109996GODOYJ_2026-03-26_G22,10109996GODOYJ,2026-03-26,117820,1,4,0,300.0
10109996GODOYJ_2026-03-26_G23,10109996GODOYJ,2026-03-26,141457,1,4,0,347.0
10109996GODOYJ_2026-03-26_G24,10109996GODOYJ,2026-03-26,141271,1,4,0,101.0
10109996GODOYJ_2026-03-26_G25,10109996GODOYJ,2026-03-26,111469,1,4,0,993.0
10109996GODOYJ_2026-03-26_G26,10109996GODOYJ,2026-03-26,111469,1,192,0,204.0
10109996GODOYJ_2026-03-26_G27,10109996GODOYJ,2026-03-26,"117820, 110374",2,12,13,434.0
10109996GODOYJ_2026-03-26_G28,10109996GODOYJ,2026-03-26,110373,1,8,0,111.0
10109996GODOYJ_2026-03-26_G29,10109996GODOYJ,2026-03-26,111330,1,5,0,2285.0
10109996GODOYJ_2026-03-26_G30,10109996GODOYJ,2026-03-26,111348,1,4,0,69.0
10109996GODOYJ_2026-03-26_G31,10109996GODOYJ,2026-03-26,110751,1,7,0,110.0
10109996GODOYJ_2026-03-27_G02,10109996GODOYJ,2026-03-27,"118299, 110374, 117808",3,674,39,3541.0
10109996GODOYJ_2026-03-27_G03,10109996GODOYJ,2026-03-27,141202,2,14,7,770.0
10109996GODOYJ_2026-03-27_G04,10109996GODOYJ,2026-03-27,117820,1,245,0,310.0
10109996GODOYJ_2026-03-27_G05,10109996GODOYJ,2026-03-27,"110374, 110373",2,184,25,311.0
10109996GODOYJ_2026-03-27_G06,10109996GODOYJ,2026-03-27,140922,2,16,13,1606.0
10109996GODOYJ_2026-03-27_G07,10109996GODOYJ,2026-03-27,110751,2,15,13,518.0
10109996GODOYJ_2026-03-27_G08,10109996GODOYJ,2026-03-27,117821,2,30,12,189.0
10109996GODOYJ_2026-03-27_G09,10109996GODOYJ,2026-03-27,111743,1,23,0,350.0
10109996GODOYJ_2026-03-27_G10,10109996GODOYJ,2026-03-27,111743,1,42,0,48.0
10109996GODOYJ_2026-03-27_G11,10109996GODOYJ,2026-03-27,111433,1,4,0,34.0
10109996GODOYJ_2026-03-27_G12,10109996GODOYJ,2026-03-27,109641,2,11,10,858.0
10109996GODOYJ_2026-03-27_G13,10109996GODOYJ,2026-03-27,111463,1,29,0,168.0
10109996GODOYJ_2026-03-27_G14,10109996GODOYJ,2026-03-27,111463,1,62,0,58.0
10109996GODOYJ_2026-03-27_G15,10109996GODOYJ,2026-03-27,117833,2,15,17,158.0
10109996GODOYJ_2026-03-27_G16,10109996GODOYJ,2026-03-27,111468,1,31,0,1228.0
10109996GODOYJ_2026-03-27_G17,10109996GODOYJ,2026-03-27,111468,1,43,0,214.0
10109996GODOYJ_2026-03-27_G18,10109996GODOYJ,2026-03-27,141823,1,12,0,348.0
10109996GODOYJ_2026-03-27_G19,10109996GODOYJ,2026-03-27,117841,2,12,6,393.0
10109996GODOYJ_2026-03-27_G20,10109996GODOYJ,2026-03-27,111443,1,42,0,297.0
10109996GODOYJ_2026-03-27_G21,10109996GODOYJ,2026-03-27,111462,1,50,0,668.0
10109996GODOYJ_2026-03-27_G22,10109996GODOYJ,2026-03-27,110755,1,2,0,2581.0
10109996GODOYJ_2026-03-27_G23,10109996GODOYJ,2026-03-27,142045,1,5,0,76.0
10109996GODOYJ_2026-03-27_G24,10109996GODOYJ,2026-03-27,110747,1,6,0,151.0
10109996GODOYJ_2026-03-27_G25,10109996GODOYJ,2026-03-27,111330,1,8,0,189.0
10109996GODOYJ_2026-03-27_G26,10109996GODOYJ,2026-03-27,141456,1,12,0,184.0
10109996GODOYJ_2026-03-27_G27,10109996GODOYJ,2026-03-27,105705,1,4,0,143.0
10109996GODOYJ_2026-03-27_G29,10109996GODOYJ,2026-03-27,110376,1,2,0,102.0
10109996GODOYJ_2026-03-27_G30,10109996GODOYJ,2026-03-27,110755,1,6,0,682.0
10109996GODOYJ_2026-03-27_G31,10109996GODOYJ,2026-03-27,110313,1,2,0,205.0
10109996GODOYJ_2026-03-27_G32,10109996GODOYJ,2026-03-27,141457,1,4,0,224.0
10109996GODOYJ_2026-03-27_G33,10109996GODOYJ,2026-03-27,110787,2,4,6,59.0
10109996GODOYJ_2026-03-27_G34,10109996GODOYJ,2026-03-27,141456,1,4,0,146.0
10109996GODOYJ_2026-03-27_G35,10109996GODOYJ,2026-03-27,117808,1,40,0,1007.0
10109996GODOYJ_2026-03-27_G36,10109996GODOYJ,2026-03-27,117830,1,20,0,447.0
10109996GODOYJ_2026-03-27_G37,10109996GODOYJ,2026-03-27,118223,1,4,0,617.0
10109996GODOYJ_2026-03-27_G38,10109996GODOYJ,2026-03-27,141318,1,4,0,185.0
10109996GODOYJ_2026-03-27_G39,10109996GODOYJ,2026-03-27,140915,1,24,0,1714.0
10109996GODOYJ_2026-03-29_G02,10109996GODOYJ,2026-03-29,118299,1,602,0,1010.0
10109996GODOYJ_2026-03-29_G03,10109996GODOYJ,2026-03-29,117820,1,4,0,1117.0
10109996GODOYJ_2026-03-29_G04,10109996GODOYJ,2026-03-29,110325,1,5,0,130.0
10109996GODOYJ_2026-03-29_G05,10109996GODOYJ,2026-03-29,110372,1,37,0,215.0
10109996GODOYJ_2026-03-29_G06,10109996GODOYJ,2026-03-29,117822,1,2,0,396.0
10109996GODOYJ_2026-03-29_G07,10109996GODOYJ,2026-03-29,117830,1,9,0,95.0
10109996GODOYJ_2026-03-29_G08,10109996GODOYJ,2026-03-29,110374,7,47,58,160.0
10109996GODOYJ_2026-03-29_G09,10109996GODOYJ,2026-03-29,118299,1,1,0,256.0
10109996GODOYJ_2026-03-29_G10,10109996GODOYJ,2026-03-29,110373,1,31,0,563.0
10109996GODOYJ_2026-03-29_G11,10109996GODOYJ,2026-03-29,117808,1,51,0,485.0
10109996GODOYJ_2026-03-29_G12,10109996GODOYJ,2026-03-29,110711,1,2,0,2492.0
10109996GODOYJ_2026-03-29_G13,10109996GODOYJ,2026-03-29,141916,1,4,0,254.0
10109996GODOYJ_2026-03-29_G14,10109996GODOYJ,2026-03-29,110372,1,24,0,407.0
10109996GODOYJ_2026-03-29_G15,10109996GODOYJ,2026-03-29,142093,1,6,0,585.0
10109996GODOYJ_2026-03-29_G16,10109996GODOYJ,2026-03-29,111602,1,12,0,282.0
10109996GODOYJ_2026-03-29_G17,10109996GODOYJ,2026-03-29,110711,1,3,0,1466.0
10109996GODOYJ_2026-03-29_G18,10109996GODOYJ,2026-03-29,108794,1,8,0,140.0
10109996GODOYJ_2026-03-29_G19,10109996GODOYJ,2026-03-29,110711,1,5,0,319.0
10109996GODOYJ_2026-03-29_G20,10109996GODOYJ,2026-03-29,111602,1,1,0,138.0
10109996GODOYJ_2026-03-29_G21,10109996GODOYJ,2026-03-29,110711,1,1,0,94.0
10109996GODOYJ_2026-03-29_G23,10109996GODOYJ,2026-03-29,110313,1,2,0,119.0
10109996GODOYJ_2026-03-29_G24,10109996GODOYJ,2026-03-29,"108794, 117786",2,6,18,498.0
10109996GODOYJ_2026-03-29_G25,10109996GODOYJ,2026-03-29,108795,1,4,0,119.0
10109996GODOYJ_2026-03-29_G26,10109996GODOYJ,2026-03-29,111530,1,6,0,1426.0
10109996GODOYJ_2026-03-29_G27,10109996GODOYJ,2026-03-29,111602,1,2,0,184.0
10109996GODOYJ_2026-03-29_G28,10109996GODOYJ,2026-03-29,110711,1,3,0,380.0
10109996GODOYJ_2026-03-29_G29,10109996GODOYJ,2026-03-29,110711,1,5,0,347.0
10109996GODOYJ_2026-03-29_G30,10109996GODOYJ,2026-03-29,111602,1,16,0,77.0
10109996GODOYJ_2026-03-29_G31,10109996GODOYJ,2026-03-29,110711,1,4,0,413.0
10109996GODOYJ_2026-03-29_G32,10109996GODOYJ,2026-03-29,111602,1,1,0,122.0
10109996GODOYJ_2026-03-29_G33,10109996GODOYJ,2026-03-29,110313,1,6,0,251.0
10109996GODOYJ_2026-03-29_G34,10109996GODOYJ,2026-03-29,108794,1,4,0,159.0
10109996GODOYJ_2026-03-29_G35,10109996GODOYJ,2026-03-29,111602,1,4,0,1602.0
10109996GODOYJ_2026-03-29_G36,10109996GODOYJ,2026-03-29,110313,1,4,0,93.0
10109996GODOYJ_2026-03-30_G02,10109996GODOYJ,2026-03-30,117820,1,8,0,126.0
10109996GODOYJ_2026-03-30_G03,10109996GODOYJ,2026-03-30,110373,1,14,0,167.0
10109996GODOYJ_2026-03-30_G04,10109996GODOYJ,2026-03-30,110325,1,4,0,283.0
10109996GODOYJ_2026-03-30_G05,10109996GODOYJ,2026-03-30,110372,1,16,0,431.0
10109996GODOYJ_2026-03-30_G06,10109996GODOYJ,2026-03-30,117808,1,26,0,1091.0
10109996GODOYJ_2026-03-30_G07,10109996GODOYJ,2026-03-30,110375,1,6,0,298.0
10109996GODOYJ_2026-03-30_G08,10109996GODOYJ,2026-03-30,117832,1,7,0,152.0
10109996GODOYJ_2026-03-30_G09,10109996GODOYJ,2026-03-30,118299,1,12,0,410.0
10109996GODOYJ_2026-03-30_G10,10109996GODOYJ,2026-03-30,140922,1,46,0,852.0
10109996GODOYJ_2026-03-30_G11,10109996GODOYJ,2026-03-30,140922,1,13,0,37.0
10109996GODOYJ_2026-03-30_G12,10109996GODOYJ,2026-03-30,111348,1,15,0,316.0
10109996GODOYJ_2026-03-30_G13,10109996GODOYJ,2026-03-30,117841,1,1,0,114.0
10109996GODOYJ_2026-03-30_G14,10109996GODOYJ,2026-03-30,109641,1,9,0,186.0
10109996GODOYJ_2026-03-30_G15,10109996GODOYJ,2026-03-30,111532,1,4,0,169.0
10109996GODOYJ_2026-03-30_G16,10109996GODOYJ,2026-03-30,141048,2,4,7,59.0
10109996GODOYJ_2026-03-30_G17,10109996GODOYJ,2026-03-30,111468,2,13,8,3591.0
10109996GODOYJ_2026-03-30_G18,10109996GODOYJ,2026-03-30,111431,2,4,6,187.0
10109996GODOYJ_2026-03-30_G19,10109996GODOYJ,2026-03-30,108794,3,63,12,140.0
10109996GODOYJ_2026-03-30_G20,10109996GODOYJ,2026-03-30,111348,1,10,0,176.0
10109996GODOYJ_2026-03-30_G21,10109996GODOYJ,2026-03-30,117821,1,12,0,82.0
10109996GODOYJ_2026-03-30_G22,10109996GODOYJ,2026-03-30,141456,1,26,0,382.0
10109996GODOYJ_2026-03-30_G23,10109996GODOYJ,2026-03-30,141456,1,67,0,34.0
10109996GODOYJ_2026-03-30_G24,10109996GODOYJ,2026-03-30,117831,1,41,0,678.0
10109996GODOYJ_2026-03-30_G25,10109996GODOYJ,2026-03-30,111569,1,4,0,1211.0
10109996GODOYJ_2026-03-30_G26,10109996GODOYJ,2026-03-30,111440,1,2,0,360.0
10109996GODOYJ_2026-03-30_G27,10109996GODOYJ,2026-03-30,109640,1,12,0,198.0
10109996GODOYJ_2026-03-30_G28,10109996GODOYJ,2026-03-30,140922,1,59,0,627.0
10109996GODOYJ_2026-03-30_G29,10109996GODOYJ,2026-03-30,117820,1,4,0,2034.0
10109996GODOYJ_2026-03-30_G30,10109996GODOYJ,2026-03-30,110373,2,18,11,80.0
10109996GODOYJ_2026-03-30_G31,10109996GODOYJ,2026-03-30,117808,1,4,0,318.0
10109996GODOYJ_2026-03-30_G32,10109996GODOYJ,2026-03-30,117830,1,4,0,140.0
10109996GODOYJ_2026-03-30_G34,10109996GODOYJ,2026-03-30,109640,3,22,37,63.0
10109996GODOYJ_2026-03-30_G35,10109996GODOYJ,2026-03-30,117862,1,4,0,109.0
10109996GODOYJ_2026-03-30_G36,10109996GODOYJ,2026-03-30,111330,1,2,0,259.0
10109996GODOYJ_2026-03-30_G37,10109996GODOYJ,2026-03-30,140922,1,2,0,320.0
10109996GODOYJ_2026-03-30_G38,10109996GODOYJ,2026-03-30,117842,1,4,0,126.0
10109996GODOYJ_2026-03-30_G39,10109996GODOYJ,2026-03-30,111463,6,96,53,101.0
10109996GODOYJ_2026-03-30_G40,10109996GODOYJ,2026-03-30,111443,1,4,0,509.0
10109996GODOYJ_2026-03-30_G41,10109996GODOYJ,2026-03-30,110711,1,3,0,2146.0
10109996GODOYJ_2026-03-30_G42,10109996GODOYJ,2026-03-30,111602,1,12,0,287.0
10109996GODOYJ_2026-03-30_G43,10109996GODOYJ,2026-03-30,110711,1,2,0,564.0
10109996GODOYJ_2026-03-30_G44,10109996GODOYJ,2026-03-30,109640,1,4,0,203.0
10109996GODOYJ_2026-03-30_G45,10109996GODOYJ,2026-03-30,109640,1,6,0,245.0
10109996GODOYJ_2026-03-30_G46,10109996GODOYJ,2026-03-30,109640,1,8,0,81.0
10109996GODOYJ_2026-03-30_G47,10109996GODOYJ,2026-03-30,111602,1,16,0,256.0
10109996GODOYJ_2026-03-30_G48,10109996GODOYJ,2026-03-30,109640,1,2,0,328.0
10109996GODOYJ_2026-03-31_G02,10109996GODOYJ,2026-03-31,111353,1,2,0,391.0
10109996GODOYJ_2026-03-31_G03,10109996GODOYJ,2026-03-31,111418,1,4,0,391.0
10109996GODOYJ_2026-03-31_G04,10109996GODOYJ,2026-03-31,141823,1,2,0,985.0
10109996GODOYJ_2026-03-31_G05,10109996GODOYJ,2026-03-31,111569,1,5,0,354.0
10109996GODOYJ_2026-03-31_G06,10109996GODOYJ,2026-03-31,142045,1,3,0,236.0
10109996GODOYJ_2026-03-31_G07,10109996GODOYJ,2026-03-31,117787,1,4,0,991.0
10109996GODOYJ_2026-03-31_G08,10109996GODOYJ,2026-03-31,105705,1,4,0,333.0
10109996GODOYJ_2026-03-31_G09,10109996GODOYJ,2026-03-31,108711,1,1,0,2913.0
10109996GODOYJ_2026-03-31_G10,10109996GODOYJ,2026-03-31,109645,1,3,0,125.0
10109996GODOYJ_2026-03-31_G11,10109996GODOYJ,2026-03-31,111532,1,20,0,188.0
10109996GODOYJ_2026-03-31_G12,10109996GODOYJ,2026-03-31,108711,1,2,0,573.0
10109996GODOYJ_2026-03-31_G13,10109996GODOYJ,2026-03-31,109645,2,14,14,3131.0
10109996GODOYJ_2026-03-31_G14,10109996GODOYJ,2026-03-31,111172,1,2,0,243.0
10109996GODOYJ_2026-03-31_G15,10109996GODOYJ,2026-03-31,117787,1,2,0,72.0
10109996GODOYJ_2026-03-31_G16,10109996GODOYJ,2026-03-31,111442,1,1,0,173.0
10109996GODOYJ_2026-03-31_G19,10109996GODOYJ,2026-03-31,111463,1,16,0,95.0
10109996GODOYJ_2026-03-31_G20,10109996GODOYJ,2026-03-31,111443,1,2,0,203.0
10109996GODOYJ_2026-03-31_G21,10109996GODOYJ,2026-03-31,108798,2,4,6,88.0
10109996GODOYJ_2026-03-31_G22,10109996GODOYJ,2026-03-31,111468,1,6,0,75.0
10109996GODOYJ_2026-03-31_G23,10109996GODOYJ,2026-03-31,110787,3,13,22,250.0
10109996GODOYJ_2026-03-31_G24,10109996GODOYJ,2026-03-31,110129,2,2,6,166.0
10109996GODOYJ_2026-03-31_G25,10109996GODOYJ,2026-03-31,141457,1,56,0,717.0
10109996GODOYJ_2026-03-31_G26,10109996GODOYJ,2026-03-31,141458,2,33,12,235.0
10109996GODOYJ_2026-03-31_G27,10109996GODOYJ,2026-03-31,117831,1,29,0,792.0
10109996GODOYJ_2026-03-31_G28,10109996GODOYJ,2026-03-31,140922,1,14,0,247.0
10109996GODOYJ_2026-03-31_G29,10109996GODOYJ,2026-03-31,142093,2,68,5,179.0
10109996GODOYJ_2026-04-08_G02,10109996GODOYJ,2026-04-08,117855,1,15,0,564.0
10109996GODOYJ_2026-04-08_G03,10109996GODOYJ,2026-04-08,111467,1,10,0,344.0
10109997PASSOSC_2025-09-26_G03,10109997PASSOSC,2025-09-26,123345,1,10,0,898.0
10109997PASSOSC_2025-09-26_G04,10109997PASSOSC,2025-09-26,123313,1,8,0,311.0
10109997PASSOSC_2025-09-26_G05,10109997PASSOSC,2025-09-26,123343,1,10,0,412.0
10109997PASSOSC_2025-09-26_G07,10109997PASSOSC,2025-09-26,124486,1,60,0,384.0
10109997PASSOSC_2025-09-26_G08,10109997PASSOSC,2025-09-26,124370,1,54,0,699.0
10109997PASSOSC_2025-09-26_G09,10109997PASSOSC,2025-09-26,124370,1,16,0,1243.0
10109997PASSOSC_2025-09-26_G10,10109997PASSOSC,2025-09-26,124370,1,100,0,792.0
10109997PASSOSC_2025-09-26_G11,10109997PASSOSC,2025-09-26,124371,1,80,0,1669.0
10109997PASSOSC_2025-09-26_G12,10109997PASSOSC,2025-09-26,123345,1,70,0,1402.0
10109997PASSOSC_2025-09-26_G13,10109997PASSOSC,2025-09-26,123343,1,40,0,880.0
10109997PASSOSC_2025-10-03_G02,10109997PASSOSC,2025-10-03,122962,1,8,0,612.0
10109997PASSOSC_2025-10-03_G03,10109997PASSOSC,2025-10-03,122962,1,4,0,99.0
10109997PASSOSC_2025-10-03_G04,10109997PASSOSC,2025-10-03,122673,1,20,0,1020.0
10109997PASSOSC_2025-10-03_G05,10109997PASSOSC,2025-10-03,123345,1,6,0,1116.0
10109997PASSOSC_2025-10-03_G06,10109997PASSOSC,2025-10-03,122984,1,8,0,1998.0
10109997PASSOSC_2025-10-03_G07,10109997PASSOSC,2025-10-03,122984,1,4,0,1522.0
10109997PASSOSC_2025-10-03_G08,10109997PASSOSC,2025-10-03,124248,1,12,0,68.0
10109997PASSOSC_2025-10-03_G09,10109997PASSOSC,2025-10-03,124247,1,18,0,839.0
10109997PASSOSC_2025-10-03_G10,10109997PASSOSC,2025-10-03,122983,1,12,0,838.0
10109997PASSOSC_2025-10-03_G11,10109997PASSOSC,2025-10-03,120008,1,5,0,383.0
10109997PASSOSC_2025-10-04_G02,10109997PASSOSC,2025-10-04,120028,1,30,0,354.0
10109997PASSOSC_2025-10-04_G03,10109997PASSOSC,2025-10-04,120028,1,12,0,605.0
10109997PASSOSC_2025-10-04_G04,10109997PASSOSC,2025-10-04,122962,1,20,0,513.0
10109997PASSOSC_2025-10-04_G05,10109997PASSOSC,2025-10-04,122962,1,20,0,696.0
10109997PASSOSC_2025-10-04_G06,10109997PASSOSC,2025-10-04,124548,1,12,0,795.0
10109997PASSOSC_2025-10-04_G07,10109997PASSOSC,2025-10-04,123909,1,20,0,622.0
10109997PASSOSC_2025-10-04_G08,10109997PASSOSC,2025-10-04,122962,1,60,0,1106.0
10109997PASSOSC_2025-10-04_G09,10109997PASSOSC,2025-10-04,122962,1,64,0,1456.0
10109997PASSOSC_2025-10-04_G10,10109997PASSOSC,2025-10-04,124486,1,18,0,306.0
10109997PASSOSC_2025-10-04_G11,10109997PASSOSC,2025-10-04,122647,1,2,0,580.0
10109997PASSOSC_2025-10-04_G12,10109997PASSOSC,2025-10-04,122673,1,20,0,684.0
10109997PASSOSC_2025-10-06_G02,10109997PASSOSC,2025-10-06,110711,1,10,0,1113.0
10109997PASSOSC_2025-10-06_G03,10109997PASSOSC,2025-10-06,117830,1,6,0,1452.0
10109997PASSOSC_2025-10-06_G04,10109997PASSOSC,2025-10-06,105705,1,5,0,650.0
10109997PASSOSC_2025-10-06_G05,10109997PASSOSC,2025-10-06,111463,1,2,0,417.0
10109997PASSOSC_2025-10-06_G06,10109997PASSOSC,2025-10-06,141823,1,7,0,188.0
10109997PASSOSC_2025-10-06_G07,10109997PASSOSC,2025-10-06,110741,1,3,0,522.0
10109997PASSOSC_2025-10-06_G08,10109997PASSOSC,2025-10-06,110711,1,4,0,161.0
10109997PASSOSC_2025-10-06_G09,10109997PASSOSC,2025-10-06,111602,1,2,0,154.0
10109997PASSOSC_2025-10-06_G10,10109997PASSOSC,2025-10-06,110742,1,5,0,265.0
10109997PASSOSC_2025-10-07_G03,10109997PASSOSC,2025-10-07,110787,1,64,0,248.0
10109997PASSOSC_2025-10-07_G04,10109997PASSOSC,2025-10-07,118140,1,16,0,761.0
10109997PASSOSC_2025-10-07_G05,10109997PASSOSC,2025-10-07,118140,1,16,0,1236.0
10109997PASSOSC_2025-10-07_G06,10109997PASSOSC,2025-10-07,110339,1,4,0,992.0
10109997PASSOSC_2025-10-07_G07,10109997PASSOSC,2025-10-07,140922,1,4,0,445.0
10109997PASSOSC_2025-10-07_G08,10109997PASSOSC,2025-10-07,111172,1,4,0,402.0
10109997PASSOSC_2025-10-07_G09,10109997PASSOSC,2025-10-07,110339,1,4,0,435.0
10109997PASSOSC_2025-10-07_G10,10109997PASSOSC,2025-10-07,111569,1,2,0,1442.0
10109997PASSOSC_2025-10-07_G11,10109997PASSOSC,2025-10-07,111441,1,4,0,359.0
10109997PASSOSC_2025-10-08_G02,10109997PASSOSC,2025-10-08,141457,1,1010,0,3363.0
10109997PASSOSC_2025-10-09_G02,10109997PASSOSC,2025-10-09,110711,1,1,0,216.0
10109997PASSOSC_2025-10-09_G03,10109997PASSOSC,2025-10-09,110339,1,4,0,201.0
10109997PASSOSC_2025-10-09_G04,10109997PASSOSC,2025-10-09,141456,1,10,0,408.0
10109997PASSOSC_2025-10-09_G05,10109997PASSOSC,2025-10-09,111469,1,7,0,364.0
10109997PASSOSC_2025-10-09_G06,10109997PASSOSC,2025-10-09,109641,1,4,0,214.0
10109997PASSOSC_2025-10-09_G07,10109997PASSOSC,2025-10-09,118222,1,8,0,1011.0
10109997PASSOSC_2025-10-09_G08,10109997PASSOSC,2025-10-09,111438,1,5,0,279.0
10109997PASSOSC_2025-10-09_G09,10109997PASSOSC,2025-10-09,110742,1,6,0,322.0
10109997PASSOSC_2025-10-09_G10,10109997PASSOSC,2025-10-09,117834,1,8,0,327.0
10109997PASSOSC_2025-10-09_G11,10109997PASSOSC,2025-10-09,110895,1,8,0,352.0
10109997PASSOSC_2025-10-09_G12,10109997PASSOSC,2025-10-09,110895,1,4,0,115.0
10109997PASSOSC_2025-10-09_G13,10109997PASSOSC,2025-10-09,117835,1,10,0,641.0
10109997PASSOSC_2025-10-09_G14,10109997PASSOSC,2025-10-09,111569,1,6,0,119.0
10109997PASSOSC_2025-10-09_G15,10109997PASSOSC,2025-10-09,117855,1,11,0,2856.0
10109997PASSOSC_2025-10-09_G16,10109997PASSOSC,2025-10-09,111876,1,4,0,409.0
10109997PASSOSC_2025-10-09_G17,10109997PASSOSC,2025-10-09,107629,1,5,0,140.0
10109997PASSOSC_2025-10-09_G18,10109997PASSOSC,2025-10-09,110711,1,10,0,481.0
10109997PASSOSC_2025-10-10_G02,10109997PASSOSC,2025-10-10,111467,1,8,0,420.0
10109997PASSOSC_2025-10-10_G03,10109997PASSOSC,2025-10-10,117786,1,10,0,602.0
10109997PASSOSC_2025-10-10_G04,10109997PASSOSC,2025-10-10,111602,1,12,0,319.0
10109997PASSOSC_2025-10-10_G05,10109997PASSOSC,2025-10-10,118094,1,6,0,189.0
10109997PASSOSC_2025-10-10_G06,10109997PASSOSC,2025-10-10,141419,1,2,0,1645.0
10109997PASSOSC_2025-10-10_G07,10109997PASSOSC,2025-10-10,108759,1,2,0,596.0
10109997PASSOSC_2025-10-10_G08,10109997PASSOSC,2025-10-10,110740,1,121,0,1579.0
10109997PASSOSC_2025-10-10_G09,10109997PASSOSC,2025-10-10,111435,1,75,0,643.0
10109997PASSOSC_2025-10-10_G10,10109997PASSOSC,2025-10-10,116241,1,121,0,1089.0
10109997PASSOSC_2025-10-10_G11,10109997PASSOSC,2025-10-10,111418,1,65,0,1234.0
10109997PASSOSC_2025-10-10_G13,10109997PASSOSC,2025-10-10,140922,1,40,0,731.0
10109997PASSOSC_2025-10-10_G14,10109997PASSOSC,2025-10-10,110129,1,8,0,432.0
10109997PASSOSC_2025-10-10_G15,10109997PASSOSC,2025-10-10,109641,1,20,0,1269.0
10109997PASSOSC_2025-10-10_G16,10109997PASSOSC,2025-10-10,141457,1,40,0,697.0
10109997PASSOSC_2025-10-10_G17,10109997PASSOSC,2025-10-10,141456,1,50,0,670.0
10109997PASSOSC_2025-10-10_G18,10109997PASSOSC,2025-10-10,108794,1,17,0,451.0
10109997PASSOSC_2025-10-10_G19,10109997PASSOSC,2025-10-10,111532,1,40,0,1423.0
10109997PASSOSC_2025-10-10_G20,10109997PASSOSC,2025-10-10,111463,1,50,0,681.0
10109997PASSOSC_2025-10-11_G02,10109997PASSOSC,2025-10-11,118140,1,20,0,547.0
10109997PASSOSC_2025-10-11_G03,10109997PASSOSC,2025-10-11,117855,1,12,0,672.0
10109997PASSOSC_2025-10-11_G04,10109997PASSOSC,2025-10-11,117855,1,11,0,298.0
10109997PASSOSC_2025-10-11_G05,10109997PASSOSC,2025-10-11,118298,1,14,0,367.0
10109997PASSOSC_2025-10-11_G06,10109997PASSOSC,2025-10-11,111650,1,8,0,437.0
10109997PASSOSC_2025-10-11_G07,10109997PASSOSC,2025-10-11,111879,1,8,0,279.0
10109997PASSOSC_2025-10-11_G08,10109997PASSOSC,2025-10-11,101217,1,1,0,100.0
10109997PASSOSC_2025-10-11_G09,10109997PASSOSC,2025-10-11,110063,1,2,0,300.0
10109997PASSOSC_2025-10-11_G10,10109997PASSOSC,2025-10-11,111430,1,2,0,559.0
10109997PASSOSC_2025-10-11_G11,10109997PASSOSC,2025-10-11,118417,1,1,0,335.0
10109997PASSOSC_2025-10-11_G12,10109997PASSOSC,2025-10-11,111861,1,2,0,114.0
10109997PASSOSC_2025-10-11_G13,10109997PASSOSC,2025-10-11,110354,1,1,0,109.0
10109997PASSOSC_2025-10-11_G14,10109997PASSOSC,2025-10-11,114102,1,6,0,224.0
10109997PASSOSC_2025-10-11_G15,10109997PASSOSC,2025-10-11,109495,1,1,0,138.0
10109997PASSOSC_2025-10-11_G16,10109997PASSOSC,2025-10-11,105272,1,3,0,162.0
10109997PASSOSC_2025-10-11_G17,10109997PASSOSC,2025-10-11,118290,1,7,0,197.0
10109997PASSOSC_2025-10-11_G18,10109997PASSOSC,2025-10-11,118229,1,4,0,249.0
10109997PASSOSC_2025-10-11_G19,10109997PASSOSC,2025-10-11,110310,1,1,0,58.0
10109997PASSOSC_2025-10-11_G20,10109997PASSOSC,2025-10-11,140923,1,36,0,2549.0
10109997PASSOSC_2025-10-11_G21,10109997PASSOSC,2025-10-11,111172,1,1,0,316.0
10109997PASSOSC_2025-10-11_G22,10109997PASSOSC,2025-10-11,111172,1,7,0,133.0
10109997PASSOSC_2025-10-11_G23,10109997PASSOSC,2025-10-11,111438,1,8,0,775.0
10109997PASSOSC_2025-10-11_G24,10109997PASSOSC,2025-10-11,111569,1,4,0,127.0
10109997PASSOSC_2025-10-11_G25,10109997PASSOSC,2025-10-11,116241,1,2,0,228.0
10109997PASSOSC_2025-10-11_G26,10109997PASSOSC,2025-10-11,111468,1,4,0,160.0
10109997PASSOSC_2025-10-11_G27,10109997PASSOSC,2025-10-11,110339,1,12,0,993.0
10109997PASSOSC_2025-10-11_G28,10109997PASSOSC,2025-10-11,118140,1,10,0,282.0
10109997PASSOSC_2025-10-12_G02,10109997PASSOSC,2025-10-12,141202,1,42,0,796.0
10109997PASSOSC_2025-10-12_G03,10109997PASSOSC,2025-10-12,110325,1,100,0,2138.0
10109997PASSOSC_2025-10-12_G04,10109997PASSOSC,2025-10-12,110129,1,40,0,747.0
10109997PASSOSC_2025-10-12_G05,10109997PASSOSC,2025-10-12,110740,1,60,0,1399.0
10109997PASSOSC_2025-10-12_G06,10109997PASSOSC,2025-10-12,108794,1,110,0,834.0
10109997PASSOSC_2025-10-12_G07,10109997PASSOSC,2025-10-12,111466,1,137,0,1244.0
10109997PASSOSC_2025-10-13_G02,10109997PASSOSC,2025-10-13,117855,1,20,0,1115.0
10109997PASSOSC_2025-10-13_G03,10109997PASSOSC,2025-10-13,141066,1,16,0,519.0
10109997PASSOSC_2025-10-13_G04,10109997PASSOSC,2025-10-13,117856,1,9,0,203.0
10109997PASSOSC_2025-10-13_G05,10109997PASSOSC,2025-10-13,117856,1,3,0,110.0
10109997PASSOSC_2025-10-13_G06,10109997PASSOSC,2025-10-13,111876,1,13,0,412.0
10109997PASSOSC_2025-10-13_G07,10109997PASSOSC,2025-10-13,107629,1,12,0,867.0
10109997PASSOSC_2025-10-13_G08,10109997PASSOSC,2025-10-13,111530,1,12,0,489.0
10109997PASSOSC_2025-10-13_G09,10109997PASSOSC,2025-10-13,110711,1,18,0,502.0
10109997PASSOSC_2025-10-13_G10,10109997PASSOSC,2025-10-13,110711,1,11,0,113.0
10109997PASSOSC_2025-10-13_G11,10109997PASSOSC,2025-10-13,110711,1,30,0,710.0
10109997PASSOSC_2025-10-13_G12,10109997PASSOSC,2025-10-13,110711,3,70,42,37.0
10109997PASSOSC_2025-10-13_G13,10109997PASSOSC,2025-10-13,117965,1,12,0,743.0
10109997PASSOSC_2025-10-13_G14,10109997PASSOSC,2025-10-13,110733,1,18,0,81.0
10109997PASSOSC_2025-10-13_G15,10109997PASSOSC,2025-10-13,117935,1,12,0,478.0
10109997PASSOSC_2025-10-13_G16,10109997PASSOSC,2025-10-13,110339,3,41,46,768.0
10109997PASSOSC_2025-10-13_G17,10109997PASSOSC,2025-10-13,117837,1,12,0,1054.0
10109997PASSOSC_2025-10-13_G18,10109997PASSOSC,2025-10-13,110580,1,4,0,346.0
10109997PASSOSC_2025-10-13_G19,10109997PASSOSC,2025-10-13,111602,1,34,0,874.0
10109997PASSOSC_2025-10-13_G21,10109997PASSOSC,2025-10-13,141457,1,56,0,2006.0
10109997PASSOSC_2025-10-13_G22,10109997PASSOSC,2025-10-13,160054,1,7,0,1197.0
10109997PASSOSC_2025-10-13_G23,10109997PASSOSC,2025-10-13,117840,1,4,0,126.0
10109997PASSOSC_2025-10-13_G24,10109997PASSOSC,2025-10-13,160051,1,6,0,405.0
10109997PASSOSC_2025-10-13_G25,10109997PASSOSC,2025-10-13,117820,1,300,0,2787.0
10109997PASSOSC_2025-10-13_G26,10109997PASSOSC,2025-10-13,107236,1,10,0,500.0
10109997PASSOSC_2025-10-13_G27,10109997PASSOSC,2025-10-13,160055,1,6,0,407.0
10109997PASSOSC_2025-10-13_G28,10109997PASSOSC,2025-10-13,111743,1,20,0,202.0
10109997PASSOSC_2025-10-13_G29,10109997PASSOSC,2025-10-13,111532,2,5,14,141.0
10109997PASSOSC_2025-10-14_G02,10109997PASSOSC,2025-10-14,117787,1,10,0,916.0
10109997PASSOSC_2025-10-14_G03,10109997PASSOSC,2025-10-14,100334,1,2,0,557.0
10109997PASSOSC_2025-10-14_G04,10109997PASSOSC,2025-10-14,111569,1,6,0,261.0
10109997PASSOSC_2025-10-14_G05,10109997PASSOSC,2025-10-14,110339,1,4,0,69.0
10109997PASSOSC_2025-10-14_G06,10109997PASSOSC,2025-10-14,111418,1,4,0,255.0
10109997PASSOSC_2025-10-14_G07,10109997PASSOSC,2025-10-14,111532,1,2,0,228.0
10109997PASSOSC_2025-10-14_G08,10109997PASSOSC,2025-10-14,111466,1,2,0,127.0
10109997PASSOSC_2025-10-14_G09,10109997PASSOSC,2025-10-14,111182,1,4,0,246.0
10109997PASSOSC_2025-10-14_G10,10109997PASSOSC,2025-10-14,110372,1,15,0,1466.0
10109997PASSOSC_2025-10-14_G12,10109997PASSOSC,2025-10-14,111779,1,4,0,603.0
10109997PASSOSC_2025-10-14_G13,10109997PASSOSC,2025-10-14,140911,1,8,0,166.0
10109997PASSOSC_2025-10-14_G14,10109997PASSOSC,2025-10-14,111530,1,290,0,1872.0
10109997PASSOSC_2025-10-14_G15,10109997PASSOSC,2025-10-14,111532,1,51,0,695.0
10109997PASSOSC_2025-10-14_G16,10109997PASSOSC,2025-10-14,140922,1,160,0,851.0
10109997PASSOSC_2025-10-14_G17,10109997PASSOSC,2025-10-14,111172,1,20,0,348.0
10109997PASSOSC_2025-10-14_G18,10109997PASSOSC,2025-10-14,117820,1,150,0,1661.0
10109997PASSOSC_2025-10-15_G02,10109997PASSOSC,2025-10-15,110373,1,590,0,731.0
10109997PASSOSC_2025-10-15_G05,10109997PASSOSC,2025-10-15,111182,1,5,0,420.0
10109997PASSOSC_2025-10-15_G07,10109997PASSOSC,2025-10-15,105705,1,6,0,1365.0
10109997PASSOSC_2025-10-15_G08,10109997PASSOSC,2025-10-15,111466,1,2,0,87.0
10109997PASSOSC_2025-10-15_G09,10109997PASSOSC,2025-10-15,117785,1,2,0,639.0
10109997PASSOSC_2025-10-15_G10,10109997PASSOSC,2025-10-15,140911,1,1,0,386.0
10109997PASSOSC_2025-10-16_G02,10109997PASSOSC,2025-10-16,117785,1,8,0,553.0
10109997PASSOSC_2025-10-16_G03,10109997PASSOSC,2025-10-16,109640,1,4,0,211.0
10109997PASSOSC_2025-10-16_G04,10109997PASSOSC,2025-10-16,140956,1,4,0,364.0
10109997PASSOSC_2025-10-16_G05,10109997PASSOSC,2025-10-16,118417,1,3,0,297.0
10109997PASSOSC_2025-10-16_G06,10109997PASSOSC,2025-10-16,118418,1,1,0,220.0
10109997PASSOSC_2025-10-16_G07,10109997PASSOSC,2025-10-16,117785,1,16,0,2008.0
10109997PASSOSC_2025-10-16_G08,10109997PASSOSC,2025-10-16,117855,1,343,0,3288.0
10109997PASSOSC_2025-10-16_G10,10109997PASSOSC,2025-10-16,110742,1,1,0,142.0
10109997PASSOSC_2025-10-16_G11,10109997PASSOSC,2025-10-16,110582,1,1,0,130.0
10109997PASSOSC_2025-10-16_G12,10109997PASSOSC,2025-10-16,118290,1,2,0,68.0
10109997PASSOSC_2025-10-16_G13,10109997PASSOSC,2025-10-16,111569,1,4,0,342.0
10109997PASSOSC_2025-10-16_G14,10109997PASSOSC,2025-10-16,111602,1,4,0,225.0
10109997PASSOSC_2025-10-16_G15,10109997PASSOSC,2025-10-16,117856,1,4,0,127.0
10109997PASSOSC_2025-10-16_G16,10109997PASSOSC,2025-10-16,111467,1,4,0,110.0
10109997PASSOSC_2025-10-16_G17,10109997PASSOSC,2025-10-16,110711,1,4,0,708.0
10109997PASSOSC_2025-10-16_G18,10109997PASSOSC,2025-10-16,117935,1,2,0,84.0
10109997PASSOSC_2025-10-16_G19,10109997PASSOSC,2025-10-16,117855,1,4,0,268.0
10109997PASSOSC_2025-10-16_G20,10109997PASSOSC,2025-10-16,111743,1,4,0,167.0
10109997PASSOSC_2025-10-16_G21,10109997PASSOSC,2025-10-16,110740,1,4,0,185.0
10109997PASSOSC_2025-10-16_G22,10109997PASSOSC,2025-10-16,111532,1,9,0,248.0
10109997PASSOSC_2025-10-16_G23,10109997PASSOSC,2025-10-16,108794,1,8,0,455.0
10109997PASSOSC_2025-10-16_G24,10109997PASSOSC,2025-10-16,117821,1,6,0,174.0
10109997PASSOSC_2025-10-16_G25,10109997PASSOSC,2025-10-16,140922,1,6,0,873.0
10109997PASSOSC_2025-10-16_G26,10109997PASSOSC,2025-10-16,111172,1,4,0,307.0
10109997PASSOSC_2025-10-16_G27,10109997PASSOSC,2025-10-16,117831,1,10,0,118.0
10109997PASSOSC_2025-10-16_G28,10109997PASSOSC,2025-10-16,111468,1,3,0,108.0
10109997PASSOSC_2025-10-16_G29,10109997PASSOSC,2025-10-16,117820,1,6,0,149.0
10109997PASSOSC_2025-10-16_G30,10109997PASSOSC,2025-10-16,117832,1,10,0,258.0
10109997PASSOSC_2025-10-16_G31,10109997PASSOSC,2025-10-16,110373,1,24,0,343.0
10109997PASSOSC_2025-10-16_G32,10109997PASSOSC,2025-10-16,118299,1,30,0,539.0
10109997PASSOSC_2025-10-16_G33,10109997PASSOSC,2025-10-16,117808,1,17,0,913.0
10109997PASSOSC_2025-10-16_G34,10109997PASSOSC,2025-10-16,117809,1,1,0,223.0
10109997PASSOSC_2025-10-16_G35,10109997PASSOSC,2025-10-16,118306,1,4,0,649.0
10109997PASSOSC_2025-10-16_G36,10109997PASSOSC,2025-10-16,110742,1,4,0,382.0
10109997PASSOSC_2025-10-16_G37,10109997PASSOSC,2025-10-16,100334,1,1,0,295.0
10109997PASSOSC_2025-10-16_G38,10109997PASSOSC,2025-10-16,110747,1,4,0,164.0
10109997PASSOSC_2025-10-17_G02,10109997PASSOSC,2025-10-17,110711,1,4,0,203.0
10109997PASSOSC_2025-10-17_G03,10109997PASSOSC,2025-10-17,117855,1,12,0,342.0
10109997PASSOSC_2025-10-17_G04,10109997PASSOSC,2025-10-17,118140,1,12,0,380.0
10109997PASSOSC_2025-10-17_G05,10109997PASSOSC,2025-10-17,111743,1,2,0,169.0
10109997PASSOSC_2025-10-17_G06,10109997PASSOSC,2025-10-17,111433,1,4,0,176.0
10109997PASSOSC_2025-10-17_G07,10109997PASSOSC,2025-10-17,111466,1,10,0,621.0
10109997PASSOSC_2025-10-17_G08,10109997PASSOSC,2025-10-17,110740,1,3,0,161.0
10109997PASSOSC_2025-10-17_G09,10109997PASSOSC,2025-10-17,108711,1,8,0,242.0
10109997PASSOSC_2025-10-17_G10,10109997PASSOSC,2025-10-17,111532,1,6,0,486.0
10109997PASSOSC_2025-10-17_G11,10109997PASSOSC,2025-10-17,108794,1,4,0,204.0
10109997PASSOSC_2025-10-17_G12,10109997PASSOSC,2025-10-17,116241,1,1,0,187.0
10109997PASSOSC_2025-10-17_G13,10109997PASSOSC,2025-10-17,111465,1,2,0,199.0
10109997PASSOSC_2025-10-17_G14,10109997PASSOSC,2025-10-17,107236,1,4,0,144.0
10109997PASSOSC_2025-10-17_G15,10109997PASSOSC,2025-10-17,107830,1,4,0,455.0
10109997PASSOSC_2025-10-17_G16,10109997PASSOSC,2025-10-17,117832,1,4,0,833.0
10109997PASSOSC_2025-10-17_G17,10109997PASSOSC,2025-10-17,118299,1,9,0,560.0
10109997PASSOSC_2025-10-17_G18,10109997PASSOSC,2025-10-17,117808,1,5,0,598.0
10109997PASSOSC_2025-10-17_G19,10109997PASSOSC,2025-10-17,117820,1,20,0,357.0
10109997PASSOSC_2025-10-17_G20,10109997PASSOSC,2025-10-17,110325,1,9,0,1086.0
10109997PASSOSC_2025-10-17_G21,10109997PASSOSC,2025-10-17,110372,1,48,0,709.0
10109997PASSOSC_2025-10-17_G22,10109997PASSOSC,2025-10-17,110373,1,36,0,379.0
10109997PASSOSC_2025-10-17_G23,10109997PASSOSC,2025-10-17,110371,1,19,0,226.0
10109997PASSOSC_2025-10-17_G25,10109997PASSOSC,2025-10-17,117789,1,12,0,882.0
10109997PASSOSC_2025-10-17_G26,10109997PASSOSC,2025-10-17,108795,1,20,0,401.0
10109997PASSOSC_2025-10-17_G27,10109997PASSOSC,2025-10-17,111443,1,8,0,149.0
10109997PASSOSC_2025-10-17_G28,10109997PASSOSC,2025-10-17,110740,1,11,0,434.0
10109997PASSOSC_2025-10-17_G29,10109997PASSOSC,2025-10-17,108711,1,40,0,355.0
10109997PASSOSC_2025-10-17_G30,10109997PASSOSC,2025-10-17,111348,1,20,0,445.0
10109997PASSOSC_2025-10-17_G31,10109997PASSOSC,2025-10-17,141457,1,40,0,507.0
10109997PASSOSC_2025-10-17_G32,10109997PASSOSC,2025-10-17,108798,1,17,0,1125.0
10109997PASSOSC_2025-10-17_G33,10109997PASSOSC,2025-10-17,108794,1,23,0,1153.0
10109997PASSOSC_2025-10-17_G34,10109997PASSOSC,2025-10-17,115817,1,6,0,217.0
10109997PASSOSC_2025-10-17_G35,10109997PASSOSC,2025-10-17,117787,1,50,0,589.0
10109997PASSOSC_2025-10-17_G36,10109997PASSOSC,2025-10-17,111182,1,8,0,216.0
10109997PASSOSC_2025-10-17_G37,10109997PASSOSC,2025-10-17,111442,1,10,0,194.0
10109997PASSOSC_2025-10-17_G38,10109997PASSOSC,2025-10-17,118330,1,11,0,345.0
10109997PASSOSC_2025-10-17_G39,10109997PASSOSC,2025-10-17,107236,1,8,0,1668.0
10109997PASSOSC_2025-10-17_G40,10109997PASSOSC,2025-10-17,110745,1,10,0,164.0
10109997PASSOSC_2025-10-17_G41,10109997PASSOSC,2025-10-17,111468,1,14,0,169.0
10109997PASSOSC_2025-10-18_G02,10109997PASSOSC,2025-10-18,117833,1,40,0,866.0
10109997PASSOSC_2025-10-18_G03,10109997PASSOSC,2025-10-18,111444,1,20,0,796.0
10109997PASSOSC_2025-10-18_G04,10109997PASSOSC,2025-10-18,110332,1,30,0,529.0
10109997PASSOSC_2025-10-18_G05,10109997PASSOSC,2025-10-18,118253,1,1,0,1164.0
10109997PASSOSC_2025-10-18_G06,10109997PASSOSC,2025-10-18,111602,1,4,0,836.0
10109997PASSOSC_2025-10-18_G07,10109997PASSOSC,2025-10-18,117935,1,49,0,1228.0
10109997PASSOSC_2025-10-18_G08,10109997PASSOSC,2025-10-18,109640,1,30,0,666.0
10109997PASSOSC_2025-10-18_G09,10109997PASSOSC,2025-10-18,111530,1,39,0,525.0
10109997PASSOSC_2025-10-19_G02,10109997PASSOSC,2025-10-19,117855,1,2,0,32.0
10109997PASSOSC_2025-10-19_G03,10109997PASSOSC,2025-10-19,108795,1,4,0,283.0
10109997PASSOSC_2025-10-19_G04,10109997PASSOSC,2025-10-19,108711,1,8,0,244.0
10109997PASSOSC_2025-10-19_G05,10109997PASSOSC,2025-10-19,118223,1,2,0,112.0
10109997PASSOSC_2025-10-19_G06,10109997PASSOSC,2025-10-19,118271,1,4,0,380.0
10109997PASSOSC_2025-10-19_G07,10109997PASSOSC,2025-10-19,109648,1,6,0,279.0
10109997PASSOSC_2025-10-19_G08,10109997PASSOSC,2025-10-19,105705,1,8,0,699.0
10109997PASSOSC_2025-10-19_G09,10109997PASSOSC,2025-10-19,140911,1,6,0,1234.0
10109997PASSOSC_2025-10-19_G10,10109997PASSOSC,2025-10-19,108361,1,2,0,488.0
10109997PASSOSC_2025-10-19_G11,10109997PASSOSC,2025-10-19,108770,1,4,0,376.0
10109997PASSOSC_2025-10-19_G12,10109997PASSOSC,2025-10-19,111743,1,2,0,342.0
10109997PASSOSC_2025-10-19_G13,10109997PASSOSC,2025-10-19,108711,1,4,0,201.0
10109997PASSOSC_2025-10-19_G14,10109997PASSOSC,2025-10-19,118140,1,4,0,313.0
10109997PASSOSC_2025-10-19_G15,10109997PASSOSC,2025-10-19,111466,1,2,0,107.0
10109997PASSOSC_2025-10-19_G16,10109997PASSOSC,2025-10-19,110373,1,2,0,141.0
10109997PASSOSC_2025-10-19_G17,10109997PASSOSC,2025-10-19,117808,1,4,0,142.0
10109997PASSOSC_2025-10-19_G18,10109997PASSOSC,2025-10-19,111110,1,3,0,517.0
10109997PASSOSC_2025-10-19_G19,10109997PASSOSC,2025-10-19,108770,1,3,0,648.0
10109997PASSOSC_2025-10-20_G02,10109997PASSOSC,2025-10-20,110787,1,4,0,167.0
10109997PASSOSC_2025-10-20_G04,10109997PASSOSC,2025-10-20,110313,1,25,0,498.0
10109997PASSOSC_2025-10-20_G05,10109997PASSOSC,2025-10-20,110313,1,5,0,76.0
10109997PASSOSC_2025-10-20_G06,10109997PASSOSC,2025-10-20,117856,1,20,0,755.0
10109997PASSOSC_2025-10-20_G07,10109997PASSOSC,2025-10-20,110711,1,20,0,402.0
10109997PASSOSC_2025-10-20_G08,10109997PASSOSC,2025-10-20,117862,1,10,0,501.0
10109997PASSOSC_2025-10-20_G09,10109997PASSOSC,2025-10-20,111650,1,2,0,90.0
10109997PASSOSC_2025-10-20_G10,10109997PASSOSC,2025-10-20,110733,1,10,0,312.0
10109997PASSOSC_2025-10-20_G11,10109997PASSOSC,2025-10-20,108772,1,4,0,245.0
10109997PASSOSC_2025-10-20_G12,10109997PASSOSC,2025-10-20,110339,1,20,0,538.0
10109997PASSOSC_2025-10-20_G13,10109997PASSOSC,2025-10-20,111530,1,10,0,434.0
10109997PASSOSC_2025-10-20_G14,10109997PASSOSC,2025-10-20,117837,1,20,0,400.0
10109997PASSOSC_2025-10-20_G16,10109997PASSOSC,2025-10-20,108770,2,15,27,724.0
10109997PASSOSC_2025-10-20_G17,10109997PASSOSC,2025-10-20,111447,1,1,0,374.0
10109997PASSOSC_2025-10-20_G18,10109997PASSOSC,2025-10-20,118222,1,20,0,502.0
10109997PASSOSC_2025-10-21_G02,10109997PASSOSC,2025-10-21,110743,1,4,0,2606.0
10109997PASSOSC_2025-10-21_G03,10109997PASSOSC,2025-10-21,140911,1,1,0,306.0
10109997PASSOSC_2025-10-21_G04,10109997PASSOSC,2025-10-21,109640,1,60,0,1129.0
10109997PASSOSC_2025-10-21_G05,10109997PASSOSC,2025-10-21,118317,1,4,0,538.0
10109997PASSOSC_2025-10-21_G06,10109997PASSOSC,2025-10-21,111462,1,12,0,123.0
10109997PASSOSC_2025-10-21_G07,10109997PASSOSC,2025-10-21,111172,1,4,0,227.0
10109997PASSOSC_2025-10-21_G08,10109997PASSOSC,2025-10-21,160054,1,3,0,330.0
10109997PASSOSC_2025-10-21_G09,10109997PASSOSC,2025-10-21,117809,1,2,0,539.0
10109997PASSOSC_2025-10-21_G10,10109997PASSOSC,2025-10-21,111463,1,60,0,2395.0
10109997PASSOSC_2025-10-21_G11,10109997PASSOSC,2025-10-21,110372,1,39,0,1623.0
10109997PASSOSC_2025-10-21_G12,10109997PASSOSC,2025-10-21,110372,1,40,0,197.0
10109997PASSOSC_2025-10-21_G14,10109997PASSOSC,2025-10-21,118094,1,80,0,2200.0
10109997PASSOSC_2025-10-21_G15,10109997PASSOSC,2025-10-21,110339,1,90,0,1358.0
10109997PASSOSC_2025-10-21_G16,10109997PASSOSC,2025-10-21,111602,1,160,0,1072.0
10109997PASSOSC_2025-10-21_G17,10109997PASSOSC,2025-10-21,117808,1,70,0,2618.0
10109997PASSOSC_2025-10-22_G02,10109997PASSOSC,2025-10-22,117820,1,306,0,1231.0
10109997PASSOSC_2025-10-22_G03,10109997PASSOSC,2025-10-22,141202,1,150,0,1248.0
10109997PASSOSC_2025-10-22_G04,10109997PASSOSC,2025-10-22,141202,1,4,0,214.0
10109997PASSOSC_2025-10-22_G05,10109997PASSOSC,2025-10-22,141202,1,8,0,250.0
10109997PASSOSC_2025-10-22_G06,10109997PASSOSC,2025-10-22,117835,1,2,0,572.0
10109997PASSOSC_2025-10-22_G07,10109997PASSOSC,2025-10-22,110755,1,4,0,905.0
10109997PASSOSC_2025-10-22_G08,10109997PASSOSC,2025-10-22,117862,1,2,0,166.0
10109997PASSOSC_2025-10-22_G09,10109997PASSOSC,2025-10-22,117855,1,6,0,293.0
10109997PASSOSC_2025-10-22_G10,10109997PASSOSC,2025-10-22,117837,1,4,0,274.0
10109997PASSOSC_2025-10-22_G11,10109997PASSOSC,2025-10-22,111466,1,2,0,416.0
10109997PASSOSC_2025-10-22_G12,10109997PASSOSC,2025-10-22,117831,1,2,0,109.0
10109997PASSOSC_2025-10-22_G13,10109997PASSOSC,2025-10-22,111463,3,11,30,53.0
10109997PASSOSC_2025-10-22_G14,10109997PASSOSC,2025-10-22,117787,1,2,0,205.0
10109997PASSOSC_2025-10-22_G15,10109997PASSOSC,2025-10-22,141458,1,4,0,112.0
10109997PASSOSC_2025-10-22_G16,10109997PASSOSC,2025-10-22,117820,1,16,0,218.0
10109997PASSOSC_2025-10-22_G17,10109997PASSOSC,2025-10-22,110339,2,8,15,707.0
10109997PASSOSC_2025-10-22_G18,10109997PASSOSC,2025-10-22,110373,1,4,0,616.0
10109997PASSOSC_2025-10-22_G19,10109997PASSOSC,2025-10-22,141202,1,4,0,170.0
10109997PASSOSC_2025-10-22_G20,10109997PASSOSC,2025-10-22,141202,1,4,0,586.0
10109997PASSOSC_2025-10-22_G21,10109997PASSOSC,2025-10-22,111850,1,4,0,169.0
10109997PASSOSC_2025-10-22_G22,10109997PASSOSC,2025-10-22,110313,1,2,0,663.0
10109997PASSOSC_2025-10-22_G23,10109997PASSOSC,2025-10-22,140923,1,2,0,59.0
10109997PASSOSC_2025-10-22_G24,10109997PASSOSC,2025-10-22,111469,1,4,0,99.0
10109997PASSOSC_2025-10-22_G25,10109997PASSOSC,2025-10-22,117830,1,2,0,335.0
10109997PASSOSC_2025-10-22_G27,10109997PASSOSC,2025-10-22,117808,1,94,0,527.0
10109997PASSOSC_2025-10-22_G28,10109997PASSOSC,2025-10-22,110373,1,27,0,531.0
10109997PASSOSC_2025-10-22_G29,10109997PASSOSC,2025-10-22,117822,1,2,0,206.0
10109997PASSOSC_2025-10-22_G30,10109997PASSOSC,2025-10-22,117809,1,2,0,153.0
10109997PASSOSC_2025-10-22_G31,10109997PASSOSC,2025-10-22,110371,1,7,0,74.0
10109997PASSOSC_2025-10-22_G32,10109997PASSOSC,2025-10-22,110755,1,2,0,252.0
10109997PASSOSC_2025-10-22_G33,10109997PASSOSC,2025-10-22,111569,1,29,0,368.0
10109997PASSOSC_2025-10-22_G34,10109997PASSOSC,2025-10-22,111462,1,8,0,827.0
10109997PASSOSC_2025-10-22_G35,10109997PASSOSC,2025-10-22,110372,1,11,0,201.0
10109997PASSOSC_2025-10-22_G36,10109997PASSOSC,2025-10-22,111438,1,10,0,385.0
10109997PASSOSC_2025-10-22_G37,10109997PASSOSC,2025-10-22,111348,1,2,0,190.0
10109997PASSOSC_2025-10-22_G38,10109997PASSOSC,2025-10-22,110372,1,2,0,308.0
10109997PASSOSC_2025-10-22_G39,10109997PASSOSC,2025-10-22,141202,1,4,0,247.0
10109997PASSOSC_2025-10-22_G40,10109997PASSOSC,2025-10-22,111876,1,4,0,732.0
10109997PASSOSC_2025-10-22_G41,10109997PASSOSC,2025-10-22,111602,1,3,0,226.0
10109997PASSOSC_2025-10-22_G42,10109997PASSOSC,2025-10-22,140923,1,4,0,239.0
10109997PASSOSC_2025-10-22_G43,10109997PASSOSC,2025-10-22,111469,1,4,0,391.0
10109997PASSOSC_2025-10-22_G44,10109997PASSOSC,2025-10-22,118222,1,10,0,382.0
10109997PASSOSC_2025-10-22_G45,10109997PASSOSC,2025-10-22,140923,1,6,0,272.0
10109997PASSOSC_2025-10-22_G46,10109997PASSOSC,2025-10-22,110313,1,7,0,139.0
10109997PASSOSC_2025-10-22_G47,10109997PASSOSC,2025-10-22,111462,1,2,0,213.0
10109997PASSOSC_2025-10-22_G48,10109997PASSOSC,2025-10-22,111462,1,4,0,1908.0
10109997PASSOSC_2025-10-23_G02,10109997PASSOSC,2025-10-23,110740,1,50,0,1220.0
10109997PASSOSC_2025-10-23_G03,10109997PASSOSC,2025-10-23,111435,1,30,0,1366.0
10109997PASSOSC_2025-10-23_G04,10109997PASSOSC,2025-10-23,111468,1,50,0,1874.0
10109997PASSOSC_2025-10-23_G05,10109997PASSOSC,2025-10-23,141271,1,298,0,439.0
10109997PASSOSC_2025-10-23_G06,10109997PASSOSC,2025-10-23,117820,1,100,0,687.0
10109997PASSOSC_2025-10-23_G07,10109997PASSOSC,2025-10-23,117830,1,100,0,1239.0
10109997PASSOSC_2025-10-23_G08,10109997PASSOSC,2025-10-23,110372,1,100,0,437.0
10109997PASSOSC_2025-10-23_G09,10109997PASSOSC,2025-10-23,110372,1,50,0,49.0
10109997PASSOSC_2025-10-23_G10,10109997PASSOSC,2025-10-23,118299,1,200,0,1555.0
10109997PASSOSC_2025-10-23_G11,10109997PASSOSC,2025-10-23,110373,1,150,0,1552.0
10109997PASSOSC_2025-10-23_G13,10109997PASSOSC,2025-10-23,117808,1,150,0,1061.0
10109997PASSOSC_2025-10-23_G14,10109997PASSOSC,2025-10-23,118299,1,9,0,96.0
10109997PASSOSC_2025-10-23_G15,10109997PASSOSC,2025-10-23,117822,1,4,0,152.0
10109997PASSOSC_2025-10-23_G16,10109997PASSOSC,2025-10-23,110741,1,2,0,204.0
10109997PASSOSC_2025-10-23_G17,10109997PASSOSC,2025-10-23,117862,1,4,0,140.0
10109997PASSOSC_2025-10-23_G18,10109997PASSOSC,2025-10-23,111530,3,6,23,122.0
10109997PASSOSC_2025-10-23_G19,10109997PASSOSC,2025-10-23,110751,1,12,0,869.0
10109997PASSOSC_2025-10-23_G20,10109997PASSOSC,2025-10-23,108772,1,59,0,641.0
10109997PASSOSC_2025-10-23_G21,10109997PASSOSC,2025-10-23,108770,1,4,0,435.0
10109997PASSOSC_2025-10-23_G22,10109997PASSOSC,2025-10-23,110711,2,8,30,836.0
10109997PASSOSC_2025-10-23_G23,10109997PASSOSC,2025-10-23,111602,1,16,0,180.0
10109997PASSOSC_2025-10-23_G24,10109997PASSOSC,2025-10-23,110787,1,8,0,256.0
10109997PASSOSC_2025-10-23_G25,10109997PASSOSC,2025-10-23,118299,1,8,0,580.0
10109997PASSOSC_2025-10-23_G26,10109997PASSOSC,2025-10-23,141202,1,4,0,212.0
10109997PASSOSC_2025-10-23_G27,10109997PASSOSC,2025-10-23,110748,1,4,0,413.0
10109997PASSOSC_2025-10-23_G28,10109997PASSOSC,2025-10-23,111469,1,8,0,466.0
10109997PASSOSC_2025-10-23_G29,10109997PASSOSC,2025-10-23,117841,1,6,0,136.0
10109997PASSOSC_2025-10-24_G02,10109997PASSOSC,2025-10-24,118140,1,16,0,331.0
10109997PASSOSC_2025-10-24_G03,10109997PASSOSC,2025-10-24,108795,1,3,0,138.0
10109997PASSOSC_2025-10-24_G04,10109997PASSOSC,2025-10-24,108711,1,8,0,143.0
10109997PASSOSC_2025-10-24_G05,10109997PASSOSC,2025-10-24,117808,1,12,0,148.0
10109997PASSOSC_2025-10-24_G06,10109997PASSOSC,2025-10-24,108759,1,4,0,1153.0
10109997PASSOSC_2025-10-24_G07,10109997PASSOSC,2025-10-24,111569,1,4,0,155.0
10109997PASSOSC_2025-10-24_G08,10109997PASSOSC,2025-10-24,117856,1,3,0,265.0
10109997PASSOSC_2025-10-24_G09,10109997PASSOSC,2025-10-24,118094,1,2,0,88.0
10109997PASSOSC_2025-10-24_G10,10109997PASSOSC,2025-10-24,117837,1,4,0,523.0
10109997PASSOSC_2025-10-24_G11,10109997PASSOSC,2025-10-24,118140,1,7,0,138.0
10109997PASSOSC_2025-10-24_G12,10109997PASSOSC,2025-10-24,111433,1,4,0,254.0
10109997PASSOSC_2025-10-24_G13,10109997PASSOSC,2025-10-24,117831,1,2,0,777.0
10109997PASSOSC_2025-10-24_G14,10109997PASSOSC,2025-10-24,111463,1,2,0,54.0
10109997PASSOSC_2025-10-24_G15,10109997PASSOSC,2025-10-24,111743,1,2,0,98.0
10109997PASSOSC_2025-10-24_G16,10109997PASSOSC,2025-10-24,108795,1,3,0,63.0
10109997PASSOSC_2025-10-24_G17,10109997PASSOSC,2025-10-24,141457,1,2,0,162.0
10109997PASSOSC_2025-10-24_G18,10109997PASSOSC,2025-10-24,109641,1,2,0,198.0
10109997PASSOSC_2025-10-24_G19,10109997PASSOSC,2025-10-24,117821,1,2,0,130.0
10109997PASSOSC_2025-10-24_G20,10109997PASSOSC,2025-10-24,117820,1,2,0,216.0
10109997PASSOSC_2025-10-24_G21,10109997PASSOSC,2025-10-24,107830,1,2,0,127.0
10109997PASSOSC_2025-10-24_G22,10109997PASSOSC,2025-10-24,110372,1,10,0,589.0
10109997PASSOSC_2025-10-24_G23,10109997PASSOSC,2025-10-24,110371,1,6,0,368.0
10109997PASSOSC_2025-10-24_G24,10109997PASSOSC,2025-10-24,110325,1,2,0,110.0
10109997PASSOSC_2025-10-24_G25,10109997PASSOSC,2025-10-24,111444,1,2,0,325.0
10109997PASSOSC_2025-10-24_G26,10109997PASSOSC,2025-10-24,117935,1,4,0,250.0
10109997PASSOSC_2025-10-24_G27,10109997PASSOSC,2025-10-24,109643,1,6,0,584.0
10109997PASSOSC_2025-10-24_G28,10109997PASSOSC,2025-10-24,117808,1,30,0,433.0
10109997PASSOSC_2025-10-24_G29,10109997PASSOSC,2025-10-24,110372,1,30,0,737.0
10109997PASSOSC_2025-10-24_G30,10109997PASSOSC,2025-10-24,110373,1,30,0,393.0
10109997PASSOSC_2025-10-24_G31,10109997PASSOSC,2025-10-24,110371,1,30,0,1012.0
10109997PASSOSC_2025-10-24_G33,10109997PASSOSC,2025-10-24,105705,1,23,0,910.0
10109997PASSOSC_2025-10-24_G34,10109997PASSOSC,2025-10-24,111182,1,10,0,321.0
10109997PASSOSC_2025-10-24_G35,10109997PASSOSC,2025-10-24,109641,1,50,0,587.0
10109997PASSOSC_2025-10-24_G36,10109997PASSOSC,2025-10-24,109647,1,10,0,1087.0
10109997PASSOSC_2025-10-24_G37,10109997PASSOSC,2025-10-24,109640,1,60,0,1575.0
10109997PASSOSC_2025-10-24_G38,10109997PASSOSC,2025-10-24,108794,1,1,0,794.0
10109997PASSOSC_2025-10-24_G39,10109997PASSOSC,2025-10-24,110374,1,20,0,406.0
10109997PASSOSC_2025-10-24_G40,10109997PASSOSC,2025-10-24,111602,1,8,0,2006.0
10109997PASSOSC_2025-10-24_G41,10109997PASSOSC,2025-10-24,110339,1,6,0,253.0
10109997PASSOSC_2025-10-24_G42,10109997PASSOSC,2025-10-24,117842,1,4,0,265.0
10109997PASSOSC_2025-10-25_G02,10109997PASSOSC,2025-10-25,109640,1,4,0,505.0
10109997PASSOSC_2025-10-25_G03,10109997PASSOSC,2025-10-25,110374,1,4,0,240.0
10109997PASSOSC_2025-10-25_G04,10109997PASSOSC,2025-10-25,111602,1,40,0,1076.0
10109997PASSOSC_2025-10-25_G05,10109997PASSOSC,2025-10-25,110373,1,4,0,655.0
10109997PASSOSC_2025-10-25_G06,10109997PASSOSC,2025-10-25,110787,1,1,0,305.0
10109997PASSOSC_2025-10-25_G07,10109997PASSOSC,2025-10-25,111602,1,4,0,340.0
10109997PASSOSC_2025-10-25_G08,10109997PASSOSC,2025-10-25,110374,1,9,0,451.0
10109997PASSOSC_2025-10-25_G09,10109997PASSOSC,2025-10-25,110841,1,4,0,735.0
10109997PASSOSC_2025-10-25_G10,10109997PASSOSC,2025-10-25,110582,1,4,0,306.0
10109997PASSOSC_2025-10-25_G11,10109997PASSOSC,2025-10-25,111569,1,4,0,243.0
10109997PASSOSC_2025-10-25_G12,10109997PASSOSC,2025-10-25,141035,1,6,0,1016.0
10109997PASSOSC_2025-10-25_G13,10109997PASSOSC,2025-10-25,141202,1,4,0,215.0
10109997PASSOSC_2025-10-25_G14,10109997PASSOSC,2025-10-25,110376,1,2,0,681.0
10109997PASSOSC_2025-10-26_G02,10109997PASSOSC,2025-10-26,111602,1,8,0,716.0
10109997PASSOSC_2025-10-26_G03,10109997PASSOSC,2025-10-26,118140,1,20,0,274.0
10109997PASSOSC_2025-10-26_G04,10109997PASSOSC,2025-10-26,109640,1,6,0,520.0
10109997PASSOSC_2025-10-26_G05,10109997PASSOSC,2025-10-26,110374,1,2,0,160.0
10109997PASSOSC_2025-10-26_G06,10109997PASSOSC,2025-10-26,111602,1,4,0,487.0
10109997PASSOSC_2025-10-26_G07,10109997PASSOSC,2025-10-26,108711,1,8,0,175.0
10109997PASSOSC_2025-10-26_G08,10109997PASSOSC,2025-10-26,109640,1,35,0,2024.0
10109997PASSOSC_2025-10-26_G09,10109997PASSOSC,2025-10-26,110787,1,7,0,343.0
10109997PASSOSC_2025-10-26_G10,10109997PASSOSC,2025-10-26,110374,1,3,0,76.0
10109997PASSOSC_2025-10-26_G11,10109997PASSOSC,2025-10-26,117830,1,3,0,168.0
10109997PASSOSC_2025-10-26_G12,10109997PASSOSC,2025-10-26,111443,1,20,0,799.0
10109997PASSOSC_2025-10-26_G13,10109997PASSOSC,2025-10-26,111441,1,2,0,348.0
10109997PASSOSC_2025-10-26_G14,10109997PASSOSC,2025-10-26,108759,1,4,0,221.0
10109997PASSOSC_2025-10-26_G15,10109997PASSOSC,2025-10-26,118290,1,2,0,194.0
10109997PASSOSC_2025-10-26_G16,10109997PASSOSC,2025-10-26,111467,1,4,0,625.0
10109997PASSOSC_2025-10-26_G17,10109997PASSOSC,2025-10-26,160055,1,2,0,102.0
10109997PASSOSC_2025-10-26_G18,10109997PASSOSC,2025-10-26,160054,1,2,0,98.0
10109997PASSOSC_2025-10-26_G19,10109997PASSOSC,2025-10-26,140922,1,2,0,700.0
10109997PASSOSC_2025-10-26_G20,10109997PASSOSC,2025-10-26,111430,1,1,0,68.0
10109997PASSOSC_2025-10-27_G02,10109997PASSOSC,2025-10-27,110754,1,4,0,177.0
10109997PASSOSC_2025-10-27_G03,10109997PASSOSC,2025-10-27,117862,1,4,0,135.0
10109997PASSOSC_2025-10-27_G04,10109997PASSOSC,2025-10-27,117965,1,8,0,60.0
10109997PASSOSC_2025-10-27_G05,10109997PASSOSC,2025-10-27,111182,1,6,0,1041.0
10109997PASSOSC_2025-10-27_G06,10109997PASSOSC,2025-10-27,140922,1,10,0,251.0
10109997PASSOSC_2025-10-27_G07,10109997PASSOSC,2025-10-27,109641,1,4,0,159.0
10109997PASSOSC_2025-10-27_G08,10109997PASSOSC,2025-10-27,117820,1,8,0,120.0
10109997PASSOSC_2025-10-27_G09,10109997PASSOSC,2025-10-27,111602,1,8,0,1383.0
10109997PASSOSC_2025-10-27_G10,10109997PASSOSC,2025-10-27,111602,1,5,0,324.0
10109997PASSOSC_2025-10-27_G11,10109997PASSOSC,2025-10-27,117834,1,4,0,252.0
10109997PASSOSC_2025-10-27_G12,10109997PASSOSC,2025-10-27,117862,1,2,0,173.0
10109997PASSOSC_2025-10-27_G13,10109997PASSOSC,2025-10-27,140911,3,8,29,695.0
10109997PASSOSC_2025-10-27_G14,10109997PASSOSC,2025-10-27,110787,1,2,0,239.0
10109997PASSOSC_2025-10-27_G15,10109997PASSOSC,2025-10-27,118299,1,4,0,349.0
10109997PASSOSC_2025-10-27_G16,10109997PASSOSC,2025-10-27,141202,1,4,0,343.0
10109997PASSOSC_2025-10-27_G17,10109997PASSOSC,2025-10-27,140922,2,24,28,1569.0
10109997PASSOSC_2025-10-27_G18,10109997PASSOSC,2025-10-27,111435,1,2,0,240.0
10109997PASSOSC_2025-10-27_G19,10109997PASSOSC,2025-10-27,111434,1,4,0,155.0
10109997PASSOSC_2025-10-27_G20,10109997PASSOSC,2025-10-27,111442,1,4,0,69.0
10109997PASSOSC_2025-10-27_G22,10109997PASSOSC,2025-10-27,110313,1,2,0,208.0
10109997PASSOSC_2025-10-27_G23,10109997PASSOSC,2025-10-27,111469,1,5,0,167.0
10109997PASSOSC_2025-10-28_G02,10109997PASSOSC,2025-10-28,140956,1,4,0,334.0
10109997PASSOSC_2025-10-28_G03,10109997PASSOSC,2025-10-28,110841,1,4,0,435.0
10109997PASSOSC_2025-10-28_G04,10109997PASSOSC,2025-10-28,107254,1,1,0,125.0
10109997PASSOSC_2025-10-28_G05,10109997PASSOSC,2025-10-28,108411,1,1,0,91.0
10109997PASSOSC_2025-10-28_G06,10109997PASSOSC,2025-10-28,118417,1,1,0,143.0
10109997PASSOSC_2025-10-28_G07,10109997PASSOSC,2025-10-28,111779,1,2,0,226.0
10109997PASSOSC_2025-10-28_G08,10109997PASSOSC,2025-10-28,105359,1,1,0,142.0
10109997PASSOSC_2025-10-28_G09,10109997PASSOSC,2025-10-28,141318,1,1,0,96.0
10109997PASSOSC_2025-10-28_G10,10109997PASSOSC,2025-10-28,109471,1,4,0,194.0
10109997PASSOSC_2025-10-28_G11,10109997PASSOSC,2025-10-28,109640,1,68,0,2470.0
10109997PASSOSC_2025-10-28_G12,10109997PASSOSC,2025-10-28,111469,1,169,0,1143.0
10109997PASSOSC_2025-10-28_G13,10109997PASSOSC,2025-10-28,111330,1,26,0,785.0
10109997PASSOSC_2025-10-28_G14,10109997PASSOSC,2025-10-28,117785,1,50,0,659.0
10109997PASSOSC_2025-10-28_G15,10109997PASSOSC,2025-10-28,118299,1,270,0,1709.0
10109997PASSOSC_2025-10-28_G16,10109997PASSOSC,2025-10-28,117820,1,72,0,560.0
10109997PASSOSC_2025-10-28_G17,10109997PASSOSC,2025-10-28,117830,1,58,0,797.0
10109997PASSOSC_2025-10-28_G19,10109997PASSOSC,2025-10-28,111530,1,40,0,753.0
10109997PASSOSC_2025-10-28_G20,10109997PASSOSC,2025-10-28,109640,2,82,18,1239.0
10109997PASSOSC_2025-10-28_G21,10109997PASSOSC,2025-10-28,140923,1,80,0,592.0
10109997PASSOSC_2025-10-28_G22,10109997PASSOSC,2025-10-28,108770,1,2,0,2772.0
10109997PASSOSC_2025-10-28_G23,10109997PASSOSC,2025-10-28,109647,1,1,0,67.0
10109997PASSOSC_2025-10-28_G24,10109997PASSOSC,2025-10-28,117853,1,2,0,109.0
10109997PASSOSC_2025-10-28_G25,10109997PASSOSC,2025-10-28,117786,1,1,0,57.0
10109997PASSOSC_2025-10-28_G26,10109997PASSOSC,2025-10-28,111467,1,2,0,90.0
10109997PASSOSC_2025-10-28_G27,10109997PASSOSC,2025-10-28,140923,1,2,0,107.0
10109997PASSOSC_2025-10-28_G28,10109997PASSOSC,2025-10-28,110339,1,2,0,88.0
10109997PASSOSC_2025-10-28_G29,10109997PASSOSC,2025-10-28,117855,1,2,0,52.0
10109997PASSOSC_2025-10-28_G30,10109997PASSOSC,2025-10-28,141456,1,4,0,173.0
10109997PASSOSC_2025-10-28_G31,10109997PASSOSC,2025-10-28,117831,1,2,0,72.0
10109997PASSOSC_2025-10-28_G32,10109997PASSOSC,2025-10-28,111418,1,1,0,62.0
10109997PASSOSC_2025-10-28_G33,10109997PASSOSC,2025-10-28,117785,1,2,0,144.0
10109997PASSOSC_2025-10-28_G34,10109997PASSOSC,2025-10-28,141458,1,4,0,92.0
10109997PASSOSC_2025-10-28_G35,10109997PASSOSC,2025-10-28,107830,1,2,0,161.0
10109997PASSOSC_2025-10-28_G36,10109997PASSOSC,2025-10-28,110373,1,5,0,179.0
10109997PASSOSC_2025-10-28_G37,10109997PASSOSC,2025-10-28,141202,1,2,0,125.0
10109997PASSOSC_2025-10-28_G38,10109997PASSOSC,2025-10-28,111532,1,12,0,518.0
10109997PASSOSC_2025-10-28_G39,10109997PASSOSC,2025-10-28,109640,1,1,0,101.0
10109997PASSOSC_2025-10-28_G40,10109997PASSOSC,2025-10-28,140923,1,2,0,85.0
10109997PASSOSC_2025-10-28_G41,10109997PASSOSC,2025-10-28,117855,1,2,0,102.0
10109997PASSOSC_2025-10-28_G42,10109997PASSOSC,2025-10-28,118140,1,2,0,138.0
10109997PASSOSC_2025-10-28_G43,10109997PASSOSC,2025-10-28,111466,1,1,0,56.0
10109997PASSOSC_2025-10-28_G44,10109997PASSOSC,2025-10-28,110740,1,2,0,143.0
10109997PASSOSC_2025-10-28_G45,10109997PASSOSC,2025-10-28,117820,1,6,0,1098.0
10109997PASSOSC_2025-10-29_G02,10109997PASSOSC,2025-10-29,111463,1,2,0,275.0
10109997PASSOSC_2025-10-29_G03,10109997PASSOSC,2025-10-29,117862,1,2,0,98.0
10109997PASSOSC_2025-10-29_G04,10109997PASSOSC,2025-10-29,111348,1,2,0,73.0
10109997PASSOSC_2025-10-29_G05,10109997PASSOSC,2025-10-29,141457,1,5,0,108.0
10109997PASSOSC_2025-10-29_G06,10109997PASSOSC,2025-10-29,108711,1,1,0,81.0
10109997PASSOSC_2025-10-29_G07,10109997PASSOSC,2025-10-29,118299,1,4,0,316.0
10109997PASSOSC_2025-10-29_G08,10109997PASSOSC,2025-10-29,117785,1,4,0,475.0
10109997PASSOSC_2025-10-29_G09,10109997PASSOSC,2025-10-29,111442,1,2,0,46.0
10109997PASSOSC_2025-10-29_G10,10109997PASSOSC,2025-10-29,110371,1,2,0,125.0
10109997PASSOSC_2025-10-29_G11,10109997PASSOSC,2025-10-29,111468,1,2,0,106.0
10109997PASSOSC_2025-10-29_G12,10109997PASSOSC,2025-10-29,111430,1,4,0,796.0
10109997PASSOSC_2025-10-29_G13,10109997PASSOSC,2025-10-29,118222,1,17,0,682.0
10109997PASSOSC_2025-10-29_G14,10109997PASSOSC,2025-10-29,117856,1,2,0,116.0
10109997PASSOSC_2025-10-29_G15,10109997PASSOSC,2025-10-29,111463,1,2,0,73.0
10109997PASSOSC_2025-10-29_G16,10109997PASSOSC,2025-10-29,117935,1,1,0,163.0
10109997PASSOSC_2025-10-29_G17,10109997PASSOSC,2025-10-29,110711,1,1,0,42.0
10109997PASSOSC_2025-10-29_G18,10109997PASSOSC,2025-10-29,111182,1,1,0,79.0
10109997PASSOSC_2025-10-29_G19,10109997PASSOSC,2025-10-29,118317,2,5,19,103.0
10109997PASSOSC_2025-10-29_G20,10109997PASSOSC,2025-10-29,111569,1,4,0,220.0
10109997PASSOSC_2025-10-29_G21,10109997PASSOSC,2025-10-29,111569,1,4,0,65.0
10109997PASSOSC_2025-10-29_G22,10109997PASSOSC,2025-10-29,118299,2,60,10,1000.0
10109997PASSOSC_2025-10-29_G24,10109997PASSOSC,2025-10-29,117832,1,12,0,429.0
10109997PASSOSC_2025-10-29_G25,10109997PASSOSC,2025-10-29,111634,1,17,0,207.0
10109997PASSOSC_2025-10-29_G26,10109997PASSOSC,2025-10-29,141262,1,52,0,636.0
10109997PASSOSC_2025-10-29_G27,10109997PASSOSC,2025-10-29,111172,1,2,0,743.0
10109997PASSOSC_2025-10-29_G28,10109997PASSOSC,2025-10-29,141140,1,6,0,603.0
10109997PASSOSC_2025-10-29_G29,10109997PASSOSC,2025-10-29,111759,1,8,0,147.0
10109997PASSOSC_2025-10-29_G30,10109997PASSOSC,2025-10-29,111759,1,8,0,279.0
10109997PASSOSC_2025-10-29_G31,10109997PASSOSC,2025-10-29,141140,1,4,0,121.0
10109997PASSOSC_2025-10-29_G32,10109997PASSOSC,2025-10-29,141262,2,30,13,1138.0
10109997PASSOSC_2025-10-29_G33,10109997PASSOSC,2025-10-29,111634,1,8,0,517.0
10109997PASSOSC_2025-10-29_G34,10109997PASSOSC,2025-10-29,111634,1,10,0,101.0
10109997PASSOSC_2025-10-29_G35,10109997PASSOSC,2025-10-29,141261,2,18,23,117.0
10109997PASSOSC_2025-10-29_G36,10109997PASSOSC,2025-10-29,111722,2,18,13,280.0
10109997PASSOSC_2025-10-29_G37,10109997PASSOSC,2025-10-29,118140,1,4,0,1971.0
10109997PASSOSC_2025-10-29_G38,10109997PASSOSC,2025-10-29,141823,1,4,0,97.0
10109997PASSOSC_2025-10-29_G39,10109997PASSOSC,2025-10-29,140922,1,4,0,61.0
10109997PASSOSC_2025-10-29_G40,10109997PASSOSC,2025-10-29,111743,1,4,0,88.0
10109997PASSOSC_2025-10-29_G41,10109997PASSOSC,2025-10-29,110787,1,4,0,299.0
10109997PASSOSC_2025-10-29_G42,10109997PASSOSC,2025-10-29,160055,1,10,0,185.0
10109997PASSOSC_2025-10-29_G43,10109997PASSOSC,2025-10-29,160054,1,10,0,198.0
10109997PASSOSC_2025-10-29_G44,10109997PASSOSC,2025-10-29,110374,1,6,0,147.0
10109997PASSOSC_2025-10-30_G02,10109997PASSOSC,2025-10-30,111602,1,4,0,1693.0
10109997PASSOSC_2025-10-30_G03,10109997PASSOSC,2025-10-30,118299,1,4,0,289.0
10109997PASSOSC_2025-10-30_G04,10109997PASSOSC,2025-10-30,111330,1,2,0,418.0
10109997PASSOSC_2025-10-30_G05,10109997PASSOSC,2025-10-30,111602,1,20,0,1715.0
10109997PASSOSC_2025-10-30_G06,10109997PASSOSC,2025-10-30,111330,1,4,0,182.0
10109997PASSOSC_2025-10-30_G07,10109997PASSOSC,2025-10-30,109640,1,6,0,239.0
10109997PASSOSC_2025-10-30_G08,10109997PASSOSC,2025-10-30,111443,2,10,23,333.0
10109997PASSOSC_2025-10-30_G09,10109997PASSOSC,2025-10-30,110374,1,10,0,250.0
10109997PASSOSC_2025-10-30_G10,10109997PASSOSC,2025-10-30,110374,1,7,0,199.0
10109997PASSOSC_2025-10-30_G11,10109997PASSOSC,2025-10-30,117785,1,8,0,187.0
10109997PASSOSC_2025-10-30_G12,10109997PASSOSC,2025-10-30,140923,1,6,0,131.0
10109997PASSOSC_2025-10-30_G13,10109997PASSOSC,2025-10-30,111602,1,5,0,271.0
10109997PASSOSC_2025-10-30_G14,10109997PASSOSC,2025-10-30,117785,1,4,0,159.0
10109997PASSOSC_2025-10-30_G15,10109997PASSOSC,2025-10-30,118299,1,10,0,153.0
10109997PASSOSC_2025-10-30_G17,10109997PASSOSC,2025-10-30,141261,1,12,0,449.0
10109997PASSOSC_2025-10-30_G18,10109997PASSOSC,2025-10-30,141261,1,20,0,108.0
10109997PASSOSC_2025-10-30_G19,10109997PASSOSC,2025-10-30,111722,2,48,23,895.0
10109997PASSOSC_2025-10-30_G20,10109997PASSOSC,2025-10-30,111751,2,28,23,410.0
10109997PASSOSC_2025-10-30_G21,10109997PASSOSC,2025-10-30,141262,1,50,0,973.0
10109997PASSOSC_2025-10-30_G22,10109997PASSOSC,2025-10-30,110374,1,2,0,315.0
10109997PASSOSC_2025-10-30_G23,10109997PASSOSC,2025-10-30,110374,2,30,10,62.0
10109997PASSOSC_2025-10-30_G24,10109997PASSOSC,2025-10-30,111751,2,30,23,2369.0
10109997PASSOSC_2025-10-30_G25,10109997PASSOSC,2025-10-30,111722,2,48,17,287.0
10109997PASSOSC_2025-10-30_G26,10109997PASSOSC,2025-10-30,117835,1,2,0,1146.0
10109997PASSOSC_2025-10-30_G27,10109997PASSOSC,2025-10-30,117834,1,5,0,184.0
10109997PASSOSC_2025-10-30_G28,10109997PASSOSC,2025-10-30,100334,1,2,0,779.0
10109997PASSOSC_2025-10-30_G29,10109997PASSOSC,2025-10-30,111569,1,7,0,179.0
10109997PASSOSC_2025-10-31_G02,10109997PASSOSC,2025-10-31,117837,1,5,0,181.0
10109997PASSOSC_2025-10-31_G03,10109997PASSOSC,2025-10-31,117862,1,8,0,254.0
10109997PASSOSC_2025-10-31_G04,10109997PASSOSC,2025-10-31,117965,1,20,0,774.0
10109997PASSOSC_2025-10-31_G05,10109997PASSOSC,2025-10-31,110733,1,8,0,436.0
10109997PASSOSC_2025-10-31_G06,10109997PASSOSC,2025-10-31,117786,1,4,0,608.0
10109997PASSOSC_2025-10-31_G07,10109997PASSOSC,2025-10-31,110756,1,2,0,102.0
10109997PASSOSC_2025-10-31_G08,10109997PASSOSC,2025-10-31,110711,1,8,0,223.0
10109997PASSOSC_2025-10-31_G09,10109997PASSOSC,2025-10-31,111467,1,4,0,141.0
10109997PASSOSC_2025-10-31_G10,10109997PASSOSC,2025-10-31,140923,1,30,0,397.0
10109997PASSOSC_2025-10-31_G11,10109997PASSOSC,2025-10-31,111602,1,47,0,683.0
10109997PASSOSC_2025-10-31_G12,10109997PASSOSC,2025-10-31,117855,1,10,0,449.0
10109997PASSOSC_2025-10-31_G13,10109997PASSOSC,2025-10-31,107830,1,55,0,1102.0
10109997PASSOSC_2025-10-31_G14,10109997PASSOSC,2025-10-31,117832,1,92,0,633.0
10109997PASSOSC_2025-10-31_G15,10109997PASSOSC,2025-10-31,110375,1,87,0,681.0
10109997PASSOSC_2025-10-31_G16,10109997PASSOSC,2025-10-31,110373,1,70,0,785.0
10109997PASSOSC_2025-10-31_G17,10109997PASSOSC,2025-10-31,110374,1,62,0,2918.0
10109997PASSOSC_2025-11-05_G02,10109997PASSOSC,2025-11-05,109647,1,71,0,801.0
10109997PASSOSC_2025-11-05_G03,10109997PASSOSC,2025-11-05,118317,1,50,0,979.0
10109997PASSOSC_2025-11-05_G04,10109997PASSOSC,2025-11-05,109649,1,9,0,336.0
10109997PASSOSC_2025-11-06_G04,10109997PASSOSC,2025-11-06,111441,1,4,0,114.0
10109997PASSOSC_2025-11-06_G05,10109997PASSOSC,2025-11-06,118222,1,1,0,344.0
10109997PASSOSC_2025-11-06_G06,10109997PASSOSC,2025-11-06,141047,1,2,0,363.0
10109997PASSOSC_2025-11-06_G07,10109997PASSOSC,2025-11-06,110733,1,2,0,158.0
10109997PASSOSC_2025-11-06_G08,10109997PASSOSC,2025-11-06,141352,1,2,0,127.0
10109997PASSOSC_2025-11-06_G09,10109997PASSOSC,2025-11-06,141066,1,1,0,74.0
10109997PASSOSC_2025-11-06_G10,10109997PASSOSC,2025-11-06,109645,1,4,0,203.0
10109997PASSOSC_2025-11-06_G11,10109997PASSOSC,2025-11-06,117821,1,2,0,62.0
10109997PASSOSC_2025-11-06_G12,10109997PASSOSC,2025-11-06,111418,1,4,0,91.0
10109997PASSOSC_2025-11-06_G13,10109997PASSOSC,2025-11-06,117809,1,4,0,95.0
10109997PASSOSC_2025-11-06_G14,10109997PASSOSC,2025-11-06,118140,1,4,0,183.0
10109997PASSOSC_2025-11-06_G15,10109997PASSOSC,2025-11-06,117832,1,2,0,107.0
10109997PASSOSC_2025-11-06_G16,10109997PASSOSC,2025-11-06,117808,1,11,0,136.0
10109997PASSOSC_2025-11-06_G17,10109997PASSOSC,2025-11-06,141456,1,8,0,122.0
10109997PASSOSC_2025-11-06_G18,10109997PASSOSC,2025-11-06,118299,1,11,0,112.0
10109997PASSOSC_2025-11-06_G19,10109997PASSOSC,2025-11-06,108711,1,2,0,42.0
10109997PASSOSC_2025-11-06_G20,10109997PASSOSC,2025-11-06,111444,1,2,0,149.0
10109997PASSOSC_2025-11-06_G21,10109997PASSOSC,2025-11-06,140923,1,1,0,445.0
10109997PASSOSC_2025-11-06_G22,10109997PASSOSC,2025-11-06,111172,1,2,0,100.0
10109997PASSOSC_2025-11-06_G23,10109997PASSOSC,2025-11-06,117809,1,4,0,123.0
10109997PASSOSC_2025-11-06_G24,10109997PASSOSC,2025-11-06,117831,1,8,0,166.0
10109997PASSOSC_2025-11-06_G25,10109997PASSOSC,2025-11-06,111418,1,2,0,76.0
10109997PASSOSC_2025-11-06_G26,10109997PASSOSC,2025-11-06,117830,1,4,0,87.0
10109997PASSOSC_2025-11-06_G27,10109997PASSOSC,2025-11-06,108795,1,1,0,80.0
10109997PASSOSC_2025-11-06_G28,10109997PASSOSC,2025-11-06,111530,1,2,0,74.0
10109997PASSOSC_2025-11-06_G29,10109997PASSOSC,2025-11-06,118140,1,4,0,408.0
10109997PASSOSC_2025-11-06_G30,10109997PASSOSC,2025-11-06,110787,1,1,0,137.0
10109997PASSOSC_2025-11-06_G31,10109997PASSOSC,2025-11-06,117832,1,4,0,122.0
10109997PASSOSC_2025-11-06_G32,10109997PASSOSC,2025-11-06,117808,1,12,0,172.0
10109997PASSOSC_2025-11-06_G33,10109997PASSOSC,2025-11-06,141456,1,6,0,113.0
10109997PASSOSC_2025-11-06_G34,10109997PASSOSC,2025-11-06,117841,1,2,0,88.0
10109997PASSOSC_2025-11-06_G35,10109997PASSOSC,2025-11-06,118299,1,14,0,134.0
10109997PASSOSC_2025-11-06_G36,10109997PASSOSC,2025-11-06,117787,1,2,0,55.0
10109997PASSOSC_2025-11-06_G37,10109997PASSOSC,2025-11-06,117855,1,2,0,636.0
10109997PASSOSC_2025-11-07_G02,10109997PASSOSC,2025-11-07,111172,1,4,0,292.0
10109997PASSOSC_2025-11-07_G03,10109997PASSOSC,2025-11-07,111441,1,4,0,234.0
10109997PASSOSC_2025-11-07_G04,10109997PASSOSC,2025-11-07,109647,1,2,0,68.0
10109997PASSOSC_2025-11-07_G05,10109997PASSOSC,2025-11-07,140923,1,2,0,79.0
10109997PASSOSC_2025-11-07_G06,10109997PASSOSC,2025-11-07,117809,1,4,0,103.0
10109997PASSOSC_2025-11-07_G07,10109997PASSOSC,2025-11-07,117830,1,2,0,64.0
10109997PASSOSC_2025-11-07_G08,10109997PASSOSC,2025-11-07,111530,1,2,0,88.0
10109997PASSOSC_2025-11-07_G09,10109997PASSOSC,2025-11-07,111418,1,4,0,132.0
10109997PASSOSC_2025-11-07_G10,10109997PASSOSC,2025-11-07,118140,1,2,0,88.0
10109997PASSOSC_2025-11-07_G11,10109997PASSOSC,2025-11-07,117838,1,2,0,66.0
10109997PASSOSC_2025-11-07_G12,10109997PASSOSC,2025-11-07,110787,1,4,0,116.0
10109997PASSOSC_2025-11-07_G13,10109997PASSOSC,2025-11-07,110711,1,3,0,178.0
10109997PASSOSC_2025-11-07_G14,10109997PASSOSC,2025-11-07,110742,1,2,0,77.0
10109997PASSOSC_2025-11-07_G15,10109997PASSOSC,2025-11-07,141456,1,4,0,123.0
10109997PASSOSC_2025-11-07_G16,10109997PASSOSC,2025-11-07,118299,1,12,0,244.0
10109997PASSOSC_2025-11-07_G17,10109997PASSOSC,2025-11-07,109640,1,1,0,132.0
10109997PASSOSC_2025-11-07_G18,10109997PASSOSC,2025-11-07,110747,1,2,0,123.0
10109997PASSOSC_2025-11-07_G19,10109997PASSOSC,2025-11-07,111602,1,4,0,119.0
10109997PASSOSC_2025-11-07_G20,10109997PASSOSC,2025-11-07,117809,1,3,0,1096.0
10109997PASSOSC_2025-11-07_G21,10109997PASSOSC,2025-11-07,117831,1,1,0,114.0
10109997PASSOSC_2025-11-07_G22,10109997PASSOSC,2025-11-07,111418,1,3,0,92.0
10109997PASSOSC_2025-11-07_G23,10109997PASSOSC,2025-11-07,110740,1,4,0,138.0
10109997PASSOSC_2025-11-07_G24,10109997PASSOSC,2025-11-07,118140,1,4,0,57.0
10109997PASSOSC_2025-11-07_G25,10109997PASSOSC,2025-11-07,117832,1,4,0,127.0
10109997PASSOSC_2025-11-07_G26,10109997PASSOSC,2025-11-07,110787,1,2,0,88.0
10109997PASSOSC_2025-11-07_G27,10109997PASSOSC,2025-11-07,141457,1,6,0,72.0
10109997PASSOSC_2025-11-07_G28,10109997PASSOSC,2025-11-07,118299,1,12,0,180.0
10109997PASSOSC_2025-11-07_G29,10109997PASSOSC,2025-11-07,111172,1,4,0,1299.0
10109997PASSOSC_2025-11-07_G30,10109997PASSOSC,2025-11-07,109645,1,4,0,219.0
10109997PASSOSC_2025-11-07_G31,10109997PASSOSC,2025-11-07,111418,1,11,0,186.0
10109997PASSOSC_2025-11-07_G32,10109997PASSOSC,2025-11-07,141823,1,4,0,329.0
10109997PASSOSC_2025-11-07_G33,10109997PASSOSC,2025-11-07,140922,1,1,0,49.0
10109997PASSOSC_2025-11-07_G34,10109997PASSOSC,2025-11-07,111348,1,4,0,600.0
10109997PASSOSC_2025-11-07_G35,10109997PASSOSC,2025-11-07,110787,1,6,0,1588.0
10109997PASSOSC_2025-11-07_G36,10109997PASSOSC,2025-11-07,108798,1,4,0,425.0
10109997PASSOSC_2025-11-07_G37,10109997PASSOSC,2025-11-07,111469,1,4,0,74.0
10109997PASSOSC_2025-11-07_G38,10109997PASSOSC,2025-11-07,141456,1,1,0,124.0
10109997PASSOSC_2025-11-07_G39,10109997PASSOSC,2025-11-07,111466,1,16,0,373.0
10109997PASSOSC_2025-11-07_G40,10109997PASSOSC,2025-11-07,117833,1,2,0,168.0
10109997PASSOSC_2025-11-07_G41,10109997PASSOSC,2025-11-07,117785,3,10,31,117.0
10109997PASSOSC_2025-11-07_G42,10109997PASSOSC,2025-11-07,111462,1,2,0,134.0
10109997PASSOSC_2025-11-07_G44,10109997PASSOSC,2025-11-07,109647,1,12,0,139.0
10109997PASSOSC_2025-11-07_G45,10109997PASSOSC,2025-11-07,111650,1,4,0,453.0
10109997PASSOSC_2025-11-07_G46,10109997PASSOSC,2025-11-07,117853,1,20,0,204.0
10109997PASSOSC_2025-11-07_G47,10109997PASSOSC,2025-11-07,111353,1,2,0,130.0
10109997PASSOSC_2025-11-07_G48,10109997PASSOSC,2025-11-07,111467,1,6,0,108.0
10109997PASSOSC_2025-11-07_G49,10109997PASSOSC,2025-11-07,109640,1,21,0,555.0
10109997PASSOSC_2025-11-07_G50,10109997PASSOSC,2025-11-07,111602,1,9,0,495.0
10109997PASSOSC_2025-11-07_G51,10109997PASSOSC,2025-11-07,117855,1,60,0,1003.0
10109997PASSOSC_2025-11-07_G52,10109997PASSOSC,2025-11-07,109643,1,8,0,819.0
10109997PASSOSC_2025-11-07_G53,10109997PASSOSC,2025-11-07,110531,1,4,0,604.0
10109997PASSOSC_2025-11-07_G54,10109997PASSOSC,2025-11-07,118290,1,12,0,254.0
10109997PASSOSC_2025-11-07_G55,10109997PASSOSC,2025-11-07,118306,1,12,0,792.0
10109997PASSOSC_2025-11-08_G02,10109997PASSOSC,2025-11-08,107830,1,13,0,501.0
10109997PASSOSC_2025-11-08_G03,10109997PASSOSC,2025-11-08,117830,1,20,0,171.0
10109997PASSOSC_2025-11-08_G04,10109997PASSOSC,2025-11-08,117808,1,200,0,499.0
10109997PASSOSC_2025-11-08_G05,10109997PASSOSC,2025-11-08,110372,1,46,0,589.0
10109997PASSOSC_2025-11-08_G06,10109997PASSOSC,2025-11-08,110371,1,38,0,555.0
10109997PASSOSC_2025-11-08_G07,10109997PASSOSC,2025-11-08,110373,1,22,0,167.0
10109997PASSOSC_2025-11-08_G08,10109997PASSOSC,2025-11-08,110373,1,64,0,582.0
10109997PASSOSC_2025-11-08_G09,10109997PASSOSC,2025-11-08,110325,1,24,0,155.0
10109997PASSOSC_2025-11-08_G10,10109997PASSOSC,2025-11-08,141202,1,7,0,139.0
10109997PASSOSC_2025-11-08_G11,10109997PASSOSC,2025-11-08,117854,1,8,0,1611.0
10109997PASSOSC_2025-11-08_G12,10109997PASSOSC,2025-11-08,111439,1,4,0,221.0
10109997PASSOSC_2025-11-08_G13,10109997PASSOSC,2025-11-08,117856,1,8,0,112.0
10109997PASSOSC_2025-11-08_G14,10109997PASSOSC,2025-11-08,118094,1,2,0,50.0
10109997PASSOSC_2025-11-08_G15,10109997PASSOSC,2025-11-08,110741,1,2,0,63.0
10109997PASSOSC_2025-11-08_G16,10109997PASSOSC,2025-11-08,111876,1,4,0,71.0
10109997PASSOSC_2025-11-08_G17,10109997PASSOSC,2025-11-08,111602,1,14,0,649.0
10109997PASSOSC_2025-11-08_G18,10109997PASSOSC,2025-11-08,110733,1,4,0,3141.0
10109997PASSOSC_2025-11-08_G19,10109997PASSOSC,2025-11-08,118140,1,4,0,147.0
10109997PASSOSC_2025-11-08_G20,10109997PASSOSC,2025-11-08,108711,1,10,0,843.0
10109997PASSOSC_2025-11-08_G21,10109997PASSOSC,2025-11-08,141202,1,8,0,497.0
10109997PASSOSC_2025-11-09_G02,10109997PASSOSC,2025-11-09,111532,1,6,0,350.0
10109997PASSOSC_2025-11-09_G03,10109997PASSOSC,2025-11-09,111467,1,1,0,819.0
10109997PASSOSC_2025-11-09_G04,10109997PASSOSC,2025-11-09,117821,1,1,0,107.0
10109997PASSOSC_2025-11-09_G05,10109997PASSOSC,2025-11-09,118140,1,5,0,258.0
10109997PASSOSC_2025-11-09_G06,10109997PASSOSC,2025-11-09,140922,1,4,0,64.0
10109997PASSOSC_2025-11-09_G07,10109997PASSOSC,2025-11-09,110339,1,2,0,242.0
10109997PASSOSC_2025-11-09_G08,10109997PASSOSC,2025-11-09,117854,1,6,0,499.0
10109997PASSOSC_2025-11-09_G09,10109997PASSOSC,2025-11-09,118140,1,60,0,652.0
10109997PASSOSC_2025-11-09_G10,10109997PASSOSC,2025-11-09,140922,1,4,0,108.0
10109997PASSOSC_2025-11-09_G11,10109997PASSOSC,2025-11-09,111442,1,30,0,814.0
10109997PASSOSC_2025-11-09_G12,10109997PASSOSC,2025-11-09,117841,1,4,0,185.0
10109997PASSOSC_2025-11-09_G13,10109997PASSOSC,2025-11-09,109471,1,4,0,210.0
10109997PASSOSC_2025-11-09_G14,10109997PASSOSC,2025-11-09,160051,1,2,0,602.0
10109997PASSOSC_2025-11-09_G15,10109997PASSOSC,2025-11-09,110733,1,8,0,847.0
10109997PASSOSC_2025-11-09_G16,10109997PASSOSC,2025-11-09,118140,1,4,0,199.0
10109997PASSOSC_2025-11-09_G17,10109997PASSOSC,2025-11-09,140922,1,4,0,292.0
10109997PASSOSC_2025-11-09_G18,10109997PASSOSC,2025-11-09,111532,1,6,0,211.0
10109997PASSOSC_2025-11-09_G19,10109997PASSOSC,2025-11-09,110733,1,4,0,1267.0
10109997PASSOSC_2025-11-09_G20,10109997PASSOSC,2025-11-09,108711,1,4,0,129.0
10109997PASSOSC_2025-11-09_G21,10109997PASSOSC,2025-11-09,141823,1,20,0,196.0
10109997PASSOSC_2025-11-09_G22,10109997PASSOSC,2025-11-09,141202,1,8,0,179.0
10109997PASSOSC_2025-11-10_G02,10109997PASSOSC,2025-11-10,117830,1,100,0,414.0
10109997PASSOSC_2025-11-10_G03,10109997PASSOSC,2025-11-10,117808,1,100,0,377.0
10109997PASSOSC_2025-11-10_G04,10109997PASSOSC,2025-11-10,110372,1,150,0,1268.0
10109997PASSOSC_2025-11-10_G05,10109997PASSOSC,2025-11-10,118299,1,200,0,745.0
10109997PASSOSC_2025-11-10_G06,10109997PASSOSC,2025-11-10,110373,1,100,0,254.0
10109997PASSOSC_2025-11-10_G07,10109997PASSOSC,2025-11-10,109645,1,8,0,626.0
10109997PASSOSC_2025-11-10_G08,10109997PASSOSC,2025-11-10,117831,1,30,0,336.0
10109997PASSOSC_2025-11-10_G09,10109997PASSOSC,2025-11-10,140922,1,12,0,382.0
10109997PASSOSC_2025-11-10_G10,10109997PASSOSC,2025-11-10,140922,1,12,0,579.0
10109997PASSOSC_2025-11-10_G11,10109997PASSOSC,2025-11-10,141457,1,30,0,486.0
10109997PASSOSC_2025-11-10_G12,10109997PASSOSC,2025-11-10,111418,1,20,0,1238.0
10109997PASSOSC_2025-11-10_G13,10109997PASSOSC,2025-11-10,141456,1,30,0,479.0
10109997PASSOSC_2025-11-10_G14,10109997PASSOSC,2025-11-10,117785,1,20,0,395.0
10109997PASSOSC_2025-11-10_G16,10109997PASSOSC,2025-11-10,118418,1,1,0,546.0
10109997PASSOSC_2025-11-10_G17,10109997PASSOSC,2025-11-10,117835,1,10,0,129.0
10109997PASSOSC_2025-11-10_G18,10109997PASSOSC,2025-11-10,118442,1,1,0,221.0
10109997PASSOSC_2025-11-10_G19,10109997PASSOSC,2025-11-10,118222,1,3,0,220.0
10109997PASSOSC_2025-11-10_G20,10109997PASSOSC,2025-11-10,111447,1,4,0,58.0
10109997PASSOSC_2025-11-10_G21,10109997PASSOSC,2025-11-10,118306,1,15,0,608.0
10109997PASSOSC_2025-11-10_G22,10109997PASSOSC,2025-11-10,117834,1,6,0,179.0
10109997PASSOSC_2025-11-10_G23,10109997PASSOSC,2025-11-10,110895,1,19,0,398.0
10109997PASSOSC_2025-11-10_G24,10109997PASSOSC,2025-11-10,110895,1,4,0,59.0
10109997PASSOSC_2025-11-10_G25,10109997PASSOSC,2025-11-10,111861,1,1,0,90.0
10109997PASSOSC_2025-11-10_G26,10109997PASSOSC,2025-11-10,105359,1,1,0,153.0
10109997PASSOSC_2025-11-10_G27,10109997PASSOSC,2025-11-10,110448,1,1,0,117.0
10109997PASSOSC_2025-11-10_G28,10109997PASSOSC,2025-11-10,110755,1,2,0,55.0
10109997PASSOSC_2025-11-10_G29,10109997PASSOSC,2025-11-10,110582,1,7,0,130.0
10109997PASSOSC_2025-11-10_G31,10109997PASSOSC,2025-11-10,110756,1,3,0,98.0
10109997PASSOSC_2025-11-11_G02,10109997PASSOSC,2025-11-11,117853,1,9,0,229.0
10109997PASSOSC_2025-11-11_G03,10109997PASSOSC,2025-11-11,110750,1,2,0,143.0
10109997PASSOSC_2025-11-11_G04,10109997PASSOSC,2025-11-11,117786,1,20,0,1130.0
10109997PASSOSC_2025-11-11_G05,10109997PASSOSC,2025-11-11,117856,1,70,0,53.0
10109997PASSOSC_2025-11-11_G06,10109997PASSOSC,2025-11-11,110733,1,10,0,161.0
10109997PASSOSC_2025-11-11_G07,10109997PASSOSC,2025-11-11,108410,1,2,0,424.0
10109997PASSOSC_2025-11-11_G08,10109997PASSOSC,2025-11-11,117830,1,40,0,469.0
10109997PASSOSC_2025-11-11_G09,10109997PASSOSC,2025-11-11,117820,1,50,0,462.0
10109997PASSOSC_2025-11-11_G10,10109997PASSOSC,2025-11-11,111532,1,2,0,1607.0
10109997PASSOSC_2025-11-11_G11,10109997PASSOSC,2025-11-11,111463,1,12,0,195.0
10109997PASSOSC_2025-11-11_G12,10109997PASSOSC,2025-11-11,111463,1,2,0,124.0
10109997PASSOSC_2025-11-11_G13,10109997PASSOSC,2025-11-11,111532,1,4,0,120.0
10109997PASSOSC_2025-11-11_G14,10109997PASSOSC,2025-11-11,111172,1,5,0,309.0
10109997PASSOSC_2025-11-11_G15,10109997PASSOSC,2025-11-11,110740,1,2,0,187.0
10109997PASSOSC_2025-11-11_G16,10109997PASSOSC,2025-11-11,111532,1,4,0,184.0
10109997PASSOSC_2025-11-11_G17,10109997PASSOSC,2025-11-11,110745,1,4,0,1348.0
10109997PASSOSC_2025-11-11_G18,10109997PASSOSC,2025-11-11,117861,1,8,0,172.0
10109997PASSOSC_2025-11-11_G19,10109997PASSOSC,2025-11-11,117861,1,2,0,75.0
10109997PASSOSC_2025-11-11_G20,10109997PASSOSC,2025-11-11,117861,1,1,0,99.0
10109997PASSOSC_2025-11-11_G21,10109997PASSOSC,2025-11-11,111532,1,6,0,409.0
10109997PASSOSC_2025-11-11_G22,10109997PASSOSC,2025-11-11,110733,1,4,0,151.0
10109997PASSOSC_2025-11-11_G23,10109997PASSOSC,2025-11-11,110711,1,6,0,223.0
10109997PASSOSC_2025-11-11_G24,10109997PASSOSC,2025-11-11,118140,1,12,0,201.0
10109997PASSOSC_2025-11-11_G25,10109997PASSOSC,2025-11-11,140922,1,8,0,143.0
10109997PASSOSC_2025-11-11_G26,10109997PASSOSC,2025-11-11,108711,1,8,0,201.0
10109997PASSOSC_2025-11-11_G27,10109997PASSOSC,2025-11-11,111743,1,6,0,253.0
10109997PASSOSC_2025-11-11_G29,10109997PASSOSC,2025-11-11,117854,1,10,0,162.0
10109997PASSOSC_2025-11-11_G30,10109997PASSOSC,2025-11-11,141916,1,4,0,486.0
10109997PASSOSC_2025-11-11_G31,10109997PASSOSC,2025-11-11,141916,1,8,0,176.0
10109997PASSOSC_2025-11-11_G32,10109997PASSOSC,2025-11-11,118279,1,6,0,822.0
10109997PASSOSC_2025-11-11_G33,10109997PASSOSC,2025-11-11,109645,1,20,0,174.0
10109997PASSOSC_2025-11-11_G34,10109997PASSOSC,2025-11-11,110374,1,40,0,713.0
10109997PASSOSC_2025-11-11_G35,10109997PASSOSC,2025-11-11,111441,1,6,0,263.0
10109997PASSOSC_2025-11-11_G36,10109997PASSOSC,2025-11-11,118352,1,2,0,251.0
10109997PASSOSC_2025-11-11_G37,10109997PASSOSC,2025-11-11,110895,1,20,0,890.0
10109997PASSOSC_2025-11-11_G38,10109997PASSOSC,2025-11-11,117832,1,19,0,1791.0
10109997PASSOSC_2025-11-11_G39,10109997PASSOSC,2025-11-11,117832,1,10,0,91.0
10109997PASSOSC_2025-11-11_G40,10109997PASSOSC,2025-11-11,110374,1,16,0,158.0
10109997PASSOSC_2025-11-11_G41,10109997PASSOSC,2025-11-11,117809,1,1,0,79.0
10109997PASSOSC_2025-11-11_G42,10109997PASSOSC,2025-11-11,110375,1,30,0,262.0
10109997PASSOSC_2025-11-11_G43,10109997PASSOSC,2025-11-11,110376,1,2,0,132.0
10109997PASSOSC_2025-11-11_G44,10109997PASSOSC,2025-11-11,117822,1,5,0,116.0
10109997PASSOSC_2025-11-11_G45,10109997PASSOSC,2025-11-11,108771,1,3,0,504.0
10109997PASSOSC_2025-11-11_G46,10109997PASSOSC,2025-11-11,107904,1,6,0,463.0
10109997PASSOSC_2025-11-11_G47,10109997PASSOSC,2025-11-11,111112,1,2,0,145.0
10109997PASSOSC_2025-11-11_G48,10109997PASSOSC,2025-11-11,118311,1,6,0,414.0
10109997PASSOSC_2025-11-11_G49,10109997PASSOSC,2025-11-11,117835,1,1,0,67.0
10109997PASSOSC_2025-11-11_G51,10109997PASSOSC,2025-11-11,117836,1,4,0,173.0
10109997PASSOSC_2025-11-11_G52,10109997PASSOSC,2025-11-11,111655,1,29,0,492.0
10109997PASSOSC_2025-11-11_G53,10109997PASSOSC,2025-11-11,110895,1,58,0,374.0
10109997PASSOSC_2025-11-12_G02,10109997PASSOSC,2025-11-12,110755,1,21,0,169.0
10109997PASSOSC_2025-11-12_G03,10109997PASSOSC,2025-11-12,110754,1,4,0,190.0
10109997PASSOSC_2025-11-12_G04,10109997PASSOSC,2025-11-12,110895,1,26,0,523.0
10109997PASSOSC_2025-11-12_G05,10109997PASSOSC,2025-11-12,110747,2,166,11,1416.0
10109997PASSOSC_2025-11-12_G06,10109997PASSOSC,2025-11-12,117832,1,34,0,3452.0
10109997PASSOSC_2025-11-12_G07,10109997PASSOSC,2025-11-12,110374,1,31,0,705.0
10109997PASSOSC_2025-11-12_G08,10109997PASSOSC,2025-11-12,117809,1,5,0,101.0
10109997PASSOSC_2025-11-12_G09,10109997PASSOSC,2025-11-12,117822,1,4,0,415.0
10109997PASSOSC_2025-11-12_G10,10109997PASSOSC,2025-11-12,110741,1,26,0,782.0
10109997PASSOSC_2025-11-12_G11,10109997PASSOSC,2025-11-12,109647,1,25,0,309.0
10109997PASSOSC_2025-11-12_G12,10109997PASSOSC,2025-11-12,118298,1,3,0,126.0
10109997PASSOSC_2025-11-12_G13,10109997PASSOSC,2025-11-12,117965,1,12,0,344.0
10109997PASSOSC_2025-11-12_G14,10109997PASSOSC,2025-11-12,110733,1,14,0,183.0
10109997PASSOSC_2025-11-12_G15,10109997PASSOSC,2025-11-12,111467,1,28,0,681.0
10109997PASSOSC_2025-11-12_G17,10109997PASSOSC,2025-11-12,117809,1,80,0,592.0
10109997PASSOSC_2025-11-12_G18,10109997PASSOSC,2025-11-12,117820,1,163,0,1415.0
10109997PASSOSC_2025-11-12_G19,10109997PASSOSC,2025-11-12,117832,1,70,0,760.0
10109997PASSOSC_2025-11-12_G20,10109997PASSOSC,2025-11-12,118299,1,12,0,739.0
10109997PASSOSC_2025-11-12_G21,10109997PASSOSC,2025-11-12,109641,1,20,0,255.0
10109997PASSOSC_2025-11-12_G22,10109997PASSOSC,2025-11-12,117809,1,250,0,2934.0
10109997PASSOSC_2025-11-13_G02,10109997PASSOSC,2025-11-13,117809,1,20,0,162.0
10109997PASSOSC_2025-11-13_G03,10109997PASSOSC,2025-11-13,117820,1,71,0,540.0
10109997PASSOSC_2025-11-13_G04,10109997PASSOSC,2025-11-13,117820,1,31,0,310.0
10109997PASSOSC_2025-11-13_G05,10109997PASSOSC,2025-11-13,117830,1,68,0,571.0
10109997PASSOSC_2025-11-13_G06,10109997PASSOSC,2025-11-13,110375,1,10,0,267.0
10109997PASSOSC_2025-11-13_G07,10109997PASSOSC,2025-11-13,110373,1,80,0,408.0
10109997PASSOSC_2025-11-13_G08,10109997PASSOSC,2025-11-13,105705,1,1,0,674.0
10109997PASSOSC_2025-11-13_G09,10109997PASSOSC,2025-11-13,111433,1,3,0,70.0
10109997PASSOSC_2025-11-13_G10,10109997PASSOSC,2025-11-13,109645,1,2,0,93.0
10109997PASSOSC_2025-11-13_G11,10109997PASSOSC,2025-11-13,110740,1,28,0,464.0
10109997PASSOSC_2025-11-13_G12,10109997PASSOSC,2025-11-13,110745,1,2,0,134.0
10109997PASSOSC_2025-11-13_G13,10109997PASSOSC,2025-11-13,140922,1,8,0,98.0
10109997PASSOSC_2025-11-13_G14,10109997PASSOSC,2025-11-13,111348,1,2,0,61.0
10109997PASSOSC_2025-11-13_G15,10109997PASSOSC,2025-11-13,118140,1,123,0,1236.0
10109997PASSOSC_2025-11-13_G16,10109997PASSOSC,2025-11-13,111435,1,12,0,536.0
10109997PASSOSC_2025-11-13_G17,10109997PASSOSC,2025-11-13,110743,1,4,0,211.0
10109997PASSOSC_2025-11-13_G18,10109997PASSOSC,2025-11-13,117842,1,1,0,108.0
10109997PASSOSC_2025-11-13_G19,10109997PASSOSC,2025-11-13,141456,1,16,0,183.0
10109997PASSOSC_2025-11-13_G20,10109997PASSOSC,2025-11-13,117841,1,1,0,70.0
10109997PASSOSC_2025-11-13_G21,10109997PASSOSC,2025-11-13,111463,1,74,0,595.0
10109997PASSOSC_2025-11-13_G22,10109997PASSOSC,2025-11-13,116241,1,4,0,485.0
10109997PASSOSC_2025-11-13_G23,10109997PASSOSC,2025-11-13,109641,1,2,0,74.0
10109997PASSOSC_2025-11-13_G24,10109997PASSOSC,2025-11-13,141457,1,24,0,189.0
10109997PASSOSC_2025-11-13_G25,10109997PASSOSC,2025-11-13,117821,1,24,0,827.0
10109997PASSOSC_2025-11-13_G27,10109997PASSOSC,2025-11-13,109643,1,12,0,159.0
10109997PASSOSC_2025-11-13_G28,10109997PASSOSC,2025-11-13,110372,1,14,0,210.0
10109997PASSOSC_2025-11-13_G29,10109997PASSOSC,2025-11-13,110373,1,2,0,140.0
10109997PASSOSC_2025-11-13_G30,10109997PASSOSC,2025-11-13,105705,1,12,0,228.0
10109997PASSOSC_2025-11-13_G31,10109997PASSOSC,2025-11-13,111330,1,20,0,1119.0
10109997PASSOSC_2025-11-13_G32,10109997PASSOSC,2025-11-13,118223,1,4,0,664.0
10109997PASSOSC_2025-11-13_G33,10109997PASSOSC,2025-11-13,110745,1,4,0,2729.0
10109997PASSOSC_2025-11-13_G34,10109997PASSOSC,2025-11-13,110373,1,2,0,130.0
10109997PASSOSC_2025-11-13_G35,10109997PASSOSC,2025-11-13,117809,1,38,0,580.0
10109997PASSOSC_2025-11-13_G36,10109997PASSOSC,2025-11-13,117832,1,28,0,217.0
10109997PASSOSC_2025-11-13_G37,10109997PASSOSC,2025-11-13,117822,1,28,0,518.0
10109997PASSOSC_2025-11-13_G38,10109997PASSOSC,2025-11-13,110373,1,67,0,480.0
10109997PASSOSC_2025-11-13_G39,10109997PASSOSC,2025-11-13,117831,1,40,0,763.0
10109997PASSOSC_2025-11-13_G40,10109997PASSOSC,2025-11-13,109645,1,14,0,106.0
10109997PASSOSC_2025-11-13_G42,10109997PASSOSC,2025-11-13,108795,1,24,0,744.0
10109997PASSOSC_2025-11-13_G43,10109997PASSOSC,2025-11-13,140922,1,40,0,361.0
10109997PASSOSC_2025-11-13_G44,10109997PASSOSC,2025-11-13,117785,1,86,0,638.0
10109997PASSOSC_2025-11-14_G02,10109997PASSOSC,2025-11-14,141823,1,16,0,267.0
10109997PASSOSC_2025-11-14_G03,10109997PASSOSC,2025-11-14,108711,1,20,0,847.0
10109997PASSOSC_2025-11-14_G04,10109997PASSOSC,2025-11-14,110376,1,518,0,2970.0
10109997PASSOSC_2025-11-14_G05,10109997PASSOSC,2025-11-14,111330,1,11,0,1198.0
10109997PASSOSC_2025-11-14_G06,10109997PASSOSC,2025-11-14,111465,1,561,0,1077.0
10109997PASSOSC_2025-11-14_G07,10109997PASSOSC,2025-11-14,117854,1,67,0,1370.0
10109997PASSOSC_2025-11-14_G09,10109997PASSOSC,2025-11-14,110787,1,9,0,254.0
10109997PASSOSC_2025-11-14_G10,10109997PASSOSC,2025-11-14,110787,1,3,0,38.0
10109997PASSOSC_2025-11-14_G11,10109997PASSOSC,2025-11-14,117808,1,4,0,670.0
10109997PASSOSC_2025-11-14_G12,10109997PASSOSC,2025-11-14,117808,1,4,0,438.0
10109997PASSOSC_2025-11-14_G13,10109997PASSOSC,2025-11-14,110313,1,4,0,354.0
10109997PASSOSC_2025-11-14_G14,10109997PASSOSC,2025-11-14,117854,1,4,0,161.0
10109997PASSOSC_2025-11-14_G15,10109997PASSOSC,2025-11-14,117854,1,4,0,68.0
10109997PASSOSC_2025-11-14_G16,10109997PASSOSC,2025-11-14,101228,1,10,0,1035.0
10109997PASSOSC_2025-11-14_G17,10109997PASSOSC,2025-11-14,117831,1,33,0,730.0
10109997PASSOSC_2025-11-14_G18,10109997PASSOSC,2025-11-14,111348,1,8,0,175.0
10109997PASSOSC_2025-11-14_G19,10109997PASSOSC,2025-11-14,110787,1,8,0,129.0
10109997PASSOSC_2025-11-14_G20,10109997PASSOSC,2025-11-14,110332,1,6,0,145.0
10109997PASSOSC_2025-11-14_G21,10109997PASSOSC,2025-11-14,117809,1,102,0,353.0
10109997PASSOSC_2025-11-14_G22,10109997PASSOSC,2025-11-14,117820,1,41,0,838.0
10109997PASSOSC_2025-11-14_G23,10109997PASSOSC,2025-11-14,117832,1,40,0,531.0
10109997PASSOSC_2025-11-14_G24,10109997PASSOSC,2025-11-14,117822,1,5,0,192.0
10109997PASSOSC_2025-11-14_G25,10109997PASSOSC,2025-11-14,117853,1,2,0,166.0
10109997PASSOSC_2025-11-15_G02,10109997PASSOSC,2025-11-15,110895,1,2,0,210.0
10109997PASSOSC_2025-11-15_G03,10109997PASSOSC,2025-11-15,118222,1,12,0,1390.0
10109997PASSOSC_2025-11-15_G04,10109997PASSOSC,2025-11-15,111569,1,43,0,477.0
10109997PASSOSC_2025-11-15_G05,10109997PASSOSC,2025-11-15,140923,1,25,0,761.0
10109997PASSOSC_2025-11-15_G06,10109997PASSOSC,2025-11-15,117854,1,3,0,176.0
10109997PASSOSC_2025-11-15_G07,10109997PASSOSC,2025-11-15,117854,1,5,0,168.0
10109997PASSOSC_2025-11-15_G08,10109997PASSOSC,2025-11-15,111754,1,4,0,592.0
10109997PASSOSC_2025-11-15_G09,10109997PASSOSC,2025-11-15,141456,1,10,0,351.0
10109997PASSOSC_2025-11-15_G10,10109997PASSOSC,2025-11-15,110740,1,3,0,246.0
10109997PASSOSC_2025-11-15_G11,10109997PASSOSC,2025-11-15,140922,1,6,0,238.0
10109997PASSOSC_2025-11-15_G12,10109997PASSOSC,2025-11-15,111431,1,6,0,238.0
10109997PASSOSC_2025-11-15_G13,10109997PASSOSC,2025-11-15,111463,1,30,0,867.0
10109997PASSOSC_2025-11-15_G14,10109997PASSOSC,2025-11-15,116241,1,3,0,106.0
10109997PASSOSC_2025-11-15_G15,10109997PASSOSC,2025-11-15,111444,1,10,0,190.0
10109997PASSOSC_2025-11-16_G02,10109997PASSOSC,2025-11-16,118306,1,4,0,125.0
10109997PASSOSC_2025-11-16_G03,10109997PASSOSC,2025-11-16,117834,1,4,0,1334.0
10109997PASSOSC_2025-11-16_G04,10109997PASSOSC,2025-11-16,111660,1,16,0,707.0
10109997PASSOSC_2025-11-16_G05,10109997PASSOSC,2025-11-16,160057,1,20,0,813.0
10109997PASSOSC_2025-11-16_G06,10109997PASSOSC,2025-11-16,110582,1,4,0,114.0
10109997PASSOSC_2025-11-16_G07,10109997PASSOSC,2025-11-16,109648,1,7,0,223.0
10109997PASSOSC_2025-11-16_G08,10109997PASSOSC,2025-11-16,160051,1,100,0,791.0
10109997PASSOSC_2025-11-16_G09,10109997PASSOSC,2025-11-16,109640,1,2,0,738.0
10109997PASSOSC_2025-11-16_G10,10109997PASSOSC,2025-11-16,111172,1,8,0,197.0
10109997PASSOSC_2025-11-16_G11,10109997PASSOSC,2025-11-16,111743,1,9,0,243.0
10109997PASSOSC_2025-11-16_G12,10109997PASSOSC,2025-11-16,110740,1,2,0,74.0
10109997PASSOSC_2025-11-16_G13,10109997PASSOSC,2025-11-16,109643,1,8,0,567.0
10109997PASSOSC_2025-11-16_G14,10109997PASSOSC,2025-11-16,109643,1,5,0,310.0
10109997PASSOSC_2025-11-16_G15,10109997PASSOSC,2025-11-16,141066,1,3,0,271.0
10109997PASSOSC_2025-11-16_G16,10109997PASSOSC,2025-11-16,110747,1,2,0,85.0
10109997PASSOSC_2025-11-16_G17,10109997PASSOSC,2025-11-16,111330,1,4,0,1122.0
10109997PASSOSC_2025-11-16_G18,10109997PASSOSC,2025-11-16,111467,1,2,0,87.0
10109997PASSOSC_2025-11-16_G19,10109997PASSOSC,2025-11-16,117861,1,4,0,119.0
10109997PASSOSC_2025-11-16_G21,10109997PASSOSC,2025-11-16,110313,1,2,0,97.0
10109997PASSOSC_2025-11-16_G22,10109997PASSOSC,2025-11-16,117862,1,2,0,234.0
10109997PASSOSC_2025-11-17_G02,10109997PASSOSC,2025-11-17,118299,1,12,0,858.0
10109997PASSOSC_2025-11-17_G03,10109997PASSOSC,2025-11-17,117808,1,12,0,207.0
10109997PASSOSC_2025-11-17_G04,10109997PASSOSC,2025-11-17,111532,1,4,0,136.0
10109997PASSOSC_2025-11-17_G05,10109997PASSOSC,2025-11-17,117862,1,10,0,224.0
10109997PASSOSC_2025-11-17_G06,10109997PASSOSC,2025-11-17,118299,1,50,0,691.0
10109997PASSOSC_2025-11-17_G07,10109997PASSOSC,2025-11-17,111532,1,20,0,518.0
10109997PASSOSC_2025-11-17_G08,10109997PASSOSC,2025-11-17,117785,1,20,0,633.0
10109997PASSOSC_2025-11-17_G09,10109997PASSOSC,2025-11-17,111441,1,4,0,1603.0
10109997PASSOSC_2025-11-17_G10,10109997PASSOSC,2025-11-17,118306,1,2,0,390.0
10109997PASSOSC_2025-11-17_G11,10109997PASSOSC,2025-11-17,110895,1,3,0,157.0
10109997PASSOSC_2025-11-17_G12,10109997PASSOSC,2025-11-17,109640,1,1,0,90.0
10109997PASSOSC_2025-11-17_G13,10109997PASSOSC,2025-11-17,140923,1,4,0,102.0
10109997PASSOSC_2025-11-17_G14,10109997PASSOSC,2025-11-17,117862,1,2,0,86.0
10109997PASSOSC_2025-11-17_G15,10109997PASSOSC,2025-11-17,111467,1,1,0,135.0
10109997PASSOSC_2025-11-17_G16,10109997PASSOSC,2025-11-17,111660,1,4,0,162.0
10109997PASSOSC_2025-11-17_G17,10109997PASSOSC,2025-11-17,111660,1,6,0,83.0
10109997PASSOSC_2025-11-17_G18,10109997PASSOSC,2025-11-17,117809,1,2,0,347.0
10109997PASSOSC_2025-11-17_G19,10109997PASSOSC,2025-11-17,110745,1,10,0,170.0
10109997PASSOSC_2025-11-17_G20,10109997PASSOSC,2025-11-17,140922,1,4,0,85.0
10109997PASSOSC_2025-11-17_G21,10109997PASSOSC,2025-11-17,110751,1,2,0,167.0
10109997PASSOSC_2025-11-17_G22,10109997PASSOSC,2025-11-17,110787,1,1,0,127.0
10109997PASSOSC_2025-11-17_G23,10109997PASSOSC,2025-11-17,110743,1,2,0,101.0
10109997PASSOSC_2025-11-17_G24,10109997PASSOSC,2025-11-17,108711,1,2,0,218.0
10109997PASSOSC_2025-11-17_G25,10109997PASSOSC,2025-11-17,117785,1,9,0,180.0
10109997PASSOSC_2025-11-17_G26,10109997PASSOSC,2025-11-17,117821,1,4,0,130.0
10109997PASSOSC_2025-11-17_G27,10109997PASSOSC,2025-11-17,118140,1,10,0,151.0
10109997PASSOSC_2025-11-17_G29,10109997PASSOSC,2025-11-17,109647,1,4,0,180.0
10109997PASSOSC_2025-11-17_G30,10109997PASSOSC,2025-11-17,117965,1,12,0,550.0
10109997PASSOSC_2025-11-17_G31,10109997PASSOSC,2025-11-17,117965,1,12,0,462.0
10109997PASSOSC_2025-11-17_G32,10109997PASSOSC,2025-11-17,118298,1,2,0,77.0
10109997PASSOSC_2025-11-17_G33,10109997PASSOSC,2025-11-17,118298,1,3,0,64.0
10109997PASSOSC_2025-11-17_G34,10109997PASSOSC,2025-11-17,117856,1,5,0,108.0
10109997PASSOSC_2025-11-17_G35,10109997PASSOSC,2025-11-17,117856,1,5,0,58.0
10109997PASSOSC_2025-11-17_G36,10109997PASSOSC,2025-11-17,109640,1,5,0,132.0
10109997PASSOSC_2025-11-17_G37,10109997PASSOSC,2025-11-17,108772,1,12,0,554.0
10109997PASSOSC_2025-11-17_G38,10109997PASSOSC,2025-11-17,110752,1,12,0,199.0
10109997PASSOSC_2025-11-17_G39,10109997PASSOSC,2025-11-17,111467,1,16,0,271.0
10109997PASSOSC_2025-11-17_G40,10109997PASSOSC,2025-11-17,140922,1,50,0,1468.0
10109997PASSOSC_2025-11-17_G41,10109997PASSOSC,2025-11-17,111463,1,400,0,1542.0
10109997PASSOSC_2025-11-17_G43,10109997PASSOSC,2025-11-17,109640,1,2,0,113.0
10109997PASSOSC_2025-11-17_G44,10109997PASSOSC,2025-11-17,141456,1,4,0,126.0
10109997PASSOSC_2025-11-17_G45,10109997PASSOSC,2025-11-17,109645,1,2,0,95.0
10109997PASSOSC_2025-11-17_G46,10109997PASSOSC,2025-11-17,110787,1,2,0,101.0
10109997PASSOSC_2025-11-17_G47,10109997PASSOSC,2025-11-17,141457,1,2,0,150.0
10109997PASSOSC_2025-11-18_G02,10109997PASSOSC,2025-11-18,141458,1,4,0,111.0
10109997PASSOSC_2025-11-18_G03,10109997PASSOSC,2025-11-18,109643,1,2,0,114.0
10109997PASSOSC_2025-11-18_G04,10109997PASSOSC,2025-11-18,111418,1,4,0,277.0
10109997PASSOSC_2025-11-18_G05,10109997PASSOSC,2025-11-18,111532,1,4,0,157.0
10109997PASSOSC_2025-11-18_G06,10109997PASSOSC,2025-11-18,111418,1,8,0,202.0
10109997PASSOSC_2025-11-18_G07,10109997PASSOSC,2025-11-18,109640,1,4,0,426.0
10109997PASSOSC_2025-11-18_G08,10109997PASSOSC,2025-11-18,117935,1,1,0,167.0
10109997PASSOSC_2025-11-18_G09,10109997PASSOSC,2025-11-18,109640,1,2,0,126.0
10109997PASSOSC_2025-11-18_G10,10109997PASSOSC,2025-11-18,110313,1,8,0,244.0
10109997PASSOSC_2025-11-18_G11,10109997PASSOSC,2025-11-18,110313,1,8,0,284.0
10109997PASSOSC_2025-11-18_G12,10109997PASSOSC,2025-11-18,110741,1,6,0,187.0
10109997PASSOSC_2025-11-18_G13,10109997PASSOSC,2025-11-18,117853,1,4,0,149.0
10109997PASSOSC_2025-11-18_G14,10109997PASSOSC,2025-11-18,117786,1,16,0,173.0
10109997PASSOSC_2025-11-18_G15,10109997PASSOSC,2025-11-18,140923,1,12,0,231.0
10109997PASSOSC_2025-11-18_G16,10109997PASSOSC,2025-11-18,108772,1,2,0,73.0
10109997PASSOSC_2025-11-18_G17,10109997PASSOSC,2025-11-18,117862,1,10,0,143.0
10109997PASSOSC_2025-11-18_G18,10109997PASSOSC,2025-11-18,109640,1,10,0,1278.0
10109997PASSOSC_2025-11-18_G19,10109997PASSOSC,2025-11-18,109645,1,8,0,742.0
10109997PASSOSC_2025-11-18_G20,10109997PASSOSC,2025-11-18,117830,1,12,0,204.0
10109997PASSOSC_2025-11-18_G21,10109997PASSOSC,2025-11-18,110740,1,10,0,275.0
10109997PASSOSC_2025-11-18_G22,10109997PASSOSC,2025-11-18,111348,1,1,0,117.0
10109997PASSOSC_2025-11-18_G23,10109997PASSOSC,2025-11-18,110743,1,4,0,132.0
10109997PASSOSC_2025-11-18_G24,10109997PASSOSC,2025-11-18,108711,1,12,0,149.0
10109997PASSOSC_2025-11-18_G25,10109997PASSOSC,2025-11-18,141457,1,12,0,545.0
10109997PASSOSC_2025-11-18_G26,10109997PASSOSC,2025-11-18,117785,1,20,0,586.0
10109997PASSOSC_2025-11-18_G27,10109997PASSOSC,2025-11-18,111462,1,10,0,515.0
10109997PASSOSC_2025-11-18_G28,10109997PASSOSC,2025-11-18,118140,1,12,0,630.0
10109997PASSOSC_2025-11-18_G29,10109997PASSOSC,2025-11-18,109643,1,6,0,196.0
10109997PASSOSC_2025-11-18_G30,10109997PASSOSC,2025-11-18,117808,1,30,0,490.0
10109997PASSOSC_2025-11-18_G31,10109997PASSOSC,2025-11-18,110373,1,30,0,221.0
10109997PASSOSC_2025-11-18_G33,10109997PASSOSC,2025-11-18,141047,1,27,0,295.0
10109997PASSOSC_2025-11-18_G34,10109997PASSOSC,2025-11-18,117786,1,27,0,389.0
10109997PASSOSC_2025-11-18_G35,10109997PASSOSC,2025-11-18,141456,1,206,0,587.0
10109997PASSOSC_2025-11-18_G36,10109997PASSOSC,2025-11-18,111469,1,33,0,309.0
10109997PASSOSC_2025-11-18_G37,10109997PASSOSC,2025-11-18,111469,1,65,0,625.0
10109997PASSOSC_2025-11-18_G38,10109997PASSOSC,2025-11-18,108711,1,56,0,416.0
10109997PASSOSC_2025-11-18_G39,10109997PASSOSC,2025-11-18,117785,1,221,0,889.0
10109997PASSOSC_2025-11-18_G40,10109997PASSOSC,2025-11-18,117835,1,4,0,2056.0
10109997PASSOSC_2025-11-18_G41,10109997PASSOSC,2025-11-18,109641,1,5,0,286.0
10109997PASSOSC_2025-11-18_G42,10109997PASSOSC,2025-11-18,117785,1,22,0,469.0
10109997PASSOSC_2025-11-18_G43,10109997PASSOSC,2025-11-18,117785,1,36,0,253.0
10109997PASSOSC_2025-11-18_G44,10109997PASSOSC,2025-11-18,117809,1,30,0,240.0
10109997PASSOSC_2025-11-18_G45,10109997PASSOSC,2025-11-18,117830,1,38,0,604.0
10109997PASSOSC_2025-11-18_G46,10109997PASSOSC,2025-11-18,110373,1,36,0,492.0
10109997PASSOSC_2025-11-18_G47,10109997PASSOSC,2025-11-18,117820,1,10,0,329.0
10109997PASSOSC_2025-11-18_G49,10109997PASSOSC,2025-11-18,110895,1,18,0,192.0
10109997PASSOSC_2025-11-18_G50,10109997PASSOSC,2025-11-18,111438,1,8,0,240.0
10109997PASSOSC_2025-11-18_G51,10109997PASSOSC,2025-11-18,110742,1,4,0,98.0
10109997PASSOSC_2025-11-18_G52,10109997PASSOSC,2025-11-18,110313,1,14,0,488.0
10109997PASSOSC_2025-11-19_G02,10109997PASSOSC,2025-11-19,110313,1,2,0,43.0
10109997PASSOSC_2025-11-19_G03,10109997PASSOSC,2025-11-19,110313,1,3,0,73.0
10109997PASSOSC_2025-11-19_G04,10109997PASSOSC,2025-11-19,117935,9,51,93,327.0
10109997PASSOSC_2025-11-19_G05,10109997PASSOSC,2025-11-19,111602,1,2,0,461.0
10109997PASSOSC_2025-11-19_G06,10109997PASSOSC,2025-11-19,109640,1,12,0,293.0
10109997PASSOSC_2025-11-19_G07,10109997PASSOSC,2025-11-19,109640,1,8,0,190.0
10109997PASSOSC_2025-11-19_G08,10109997PASSOSC,2025-11-19,110372,1,300,0,879.0
10109997PASSOSC_2025-11-19_G09,10109997PASSOSC,2025-11-19,110372,1,500,0,824.0
10109997PASSOSC_2025-11-19_G10,10109997PASSOSC,2025-11-19,110372,1,300,0,344.0
10109997PASSOSC_2025-11-19_G11,10109997PASSOSC,2025-11-19,110581,1,4,0,1218.0
10109997PASSOSC_2025-11-19_G12,10109997PASSOSC,2025-11-19,101217,1,6,0,155.0
10109997PASSOSC_2025-11-19_G13,10109997PASSOSC,2025-11-19,111467,1,30,0,438.0
10109997PASSOSC_2025-11-19_G14,10109997PASSOSC,2025-11-19,111467,1,10,0,180.0
10109997PASSOSC_2025-11-19_G15,10109997PASSOSC,2025-11-19,141066,1,43,0,924.0
10109997PASSOSC_2025-11-19_G16,10109997PASSOSC,2025-11-19,109640,1,7,0,219.0
10109997PASSOSC_2025-11-19_G17,10109997PASSOSC,2025-11-19,118317,2,24,24,361.0
10109997PASSOSC_2025-11-19_G18,10109997PASSOSC,2025-11-19,141457,1,21,0,2310.0
10109997PASSOSC_2025-11-19_G20,10109997PASSOSC,2025-11-19,109640,1,1,0,37.0
10109997PASSOSC_2025-11-19_G21,10109997PASSOSC,2025-11-19,110623,1,4,0,249.0
10109997PASSOSC_2025-11-19_G22,10109997PASSOSC,2025-11-19,117838,1,1,0,88.0
10109997PASSOSC_2025-11-19_G23,10109997PASSOSC,2025-11-19,117820,1,8,0,196.0
10109997PASSOSC_2025-11-19_G24,10109997PASSOSC,2025-11-19,140923,1,2,0,121.0
10109997PASSOSC_2025-11-19_G25,10109997PASSOSC,2025-11-19,117832,1,4,0,102.0
10109997PASSOSC_2025-11-19_G26,10109997PASSOSC,2025-11-19,117831,1,8,0,124.0
10109997PASSOSC_2025-11-19_G27,10109997PASSOSC,2025-11-19,117808,1,10,0,194.0
10109997PASSOSC_2025-11-19_G28,10109997PASSOSC,2025-11-19,109640,1,2,0,82.0
10109997PASSOSC_2025-11-19_G29,10109997PASSOSC,2025-11-19,141458,1,2,0,112.0
10109997PASSOSC_2025-11-19_G30,10109997PASSOSC,2025-11-19,109640,1,6,0,604.0
10109997PASSOSC_2025-11-19_G31,10109997PASSOSC,2025-11-19,110373,1,8,0,210.0
10109997PASSOSC_2025-11-19_G32,10109997PASSOSC,2025-11-19,111469,1,4,0,188.0
10109997PASSOSC_2025-11-19_G33,10109997PASSOSC,2025-11-19,111172,1,2,0,723.0
10109997PASSOSC_2025-11-19_G34,10109997PASSOSC,2025-11-19,110787,1,4,0,145.0
10109997PASSOSC_2025-11-19_G35,10109997PASSOSC,2025-11-19,111463,1,3,0,88.0
10109997PASSOSC_2025-11-19_G36,10109997PASSOSC,2025-11-19,111467,1,2,0,115.0
10109997PASSOSC_2025-11-19_G37,10109997PASSOSC,2025-11-19,111602,1,2,0,101.0
10109997PASSOSC_2025-11-19_G38,10109997PASSOSC,2025-11-19,110371,1,2,0,76.0
10109997PASSOSC_2025-11-19_G39,10109997PASSOSC,2025-11-19,117861,1,6,0,438.0
10109997PASSOSC_2025-11-19_G40,10109997PASSOSC,2025-11-19,110623,1,4,0,207.0
10109997PASSOSC_2025-11-19_G41,10109997PASSOSC,2025-11-19,109645,1,2,0,127.0
10109997PASSOSC_2025-11-19_G42,10109997PASSOSC,2025-11-19,117809,1,4,0,88.0
10109997PASSOSC_2025-11-19_G43,10109997PASSOSC,2025-11-19,117820,1,8,0,64.0
10109997PASSOSC_2025-11-19_G44,10109997PASSOSC,2025-11-19,110313,1,2,0,127.0
10109997PASSOSC_2025-11-19_G45,10109997PASSOSC,2025-11-19,140923,1,2,0,119.0
10109997PASSOSC_2025-11-19_G46,10109997PASSOSC,2025-11-19,108711,1,4,0,133.0
10109997PASSOSC_2025-11-19_G47,10109997PASSOSC,2025-11-19,117832,1,2,0,78.0
10109997PASSOSC_2025-11-19_G48,10109997PASSOSC,2025-11-19,117831,1,4,0,120.0
10109997PASSOSC_2025-11-19_G49,10109997PASSOSC,2025-11-19,141457,1,8,0,102.0
10109997PASSOSC_2025-11-19_G50,10109997PASSOSC,2025-11-19,110747,1,2,0,106.0
10109997PASSOSC_2025-11-19_G51,10109997PASSOSC,2025-11-19,117808,1,10,0,144.0
10109997PASSOSC_2025-11-19_G52,10109997PASSOSC,2025-11-19,109640,1,3,0,391.0
10109997PASSOSC_2025-11-19_G53,10109997PASSOSC,2025-11-19,118094,1,4,0,260.0
10109997PASSOSC_2025-11-19_G54,10109997PASSOSC,2025-11-19,110313,1,16,0,244.0
10109997PASSOSC_2025-11-19_G55,10109997PASSOSC,2025-11-19,117856,1,10,0,1330.0
10109997PASSOSC_2025-11-19_G56,10109997PASSOSC,2025-11-19,117786,1,16,0,167.0
10109997PASSOSC_2025-11-19_G57,10109997PASSOSC,2025-11-19,110313,1,10,0,184.0
10109997PASSOSC_2025-11-19_G58,10109997PASSOSC,2025-11-19,111602,1,15,0,263.0
10109997PASSOSC_2025-11-19_G59,10109997PASSOSC,2025-11-19,117830,1,2,0,305.0
10109997PASSOSC_2025-11-19_G60,10109997PASSOSC,2025-11-19,111468,1,24,0,478.0
10109997PASSOSC_2025-11-19_G61,10109997PASSOSC,2025-11-19,110740,1,8,0,145.0
10109997PASSOSC_2025-11-20_G02,10109997PASSOSC,2025-11-20,110895,1,1,0,921.0
10109997PASSOSC_2025-11-20_G03,10109997PASSOSC,2025-11-20,117856,1,4,0,514.0
10109997PASSOSC_2025-11-20_G04,10109997PASSOSC,2025-11-20,141352,1,2,0,155.0
10109997PASSOSC_2025-11-20_G05,10109997PASSOSC,2025-11-20,117862,1,1,0,104.0
10109997PASSOSC_2025-11-20_G06,10109997PASSOSC,2025-11-20,141456,1,2,0,114.0
10109997PASSOSC_2025-11-20_G07,10109997PASSOSC,2025-11-20,141456,1,4,0,59.0
10109997PASSOSC_2025-11-20_G08,10109997PASSOSC,2025-11-20,111569,1,1,0,88.0
10109997PASSOSC_2025-11-20_G09,10109997PASSOSC,2025-11-20,117808,1,4,0,101.0
10109997PASSOSC_2025-11-20_G10,10109997PASSOSC,2025-11-20,111463,1,2,0,116.0
10109997PASSOSC_2025-11-20_G11,10109997PASSOSC,2025-11-20,111441,1,56,0,2777.0
10109997PASSOSC_2025-11-20_G12,10109997PASSOSC,2025-11-20,110755,1,36,0,840.0
10109997PASSOSC_2025-11-20_G13,10109997PASSOSC,2025-11-20,111436,1,56,0,606.0
10109997PASSOSC_2025-11-20_G14,10109997PASSOSC,2025-11-20,110741,1,4,0,203.0
10109997PASSOSC_2025-11-20_G15,10109997PASSOSC,2025-11-20,109647,1,74,0,547.0
10109997PASSOSC_2025-11-20_G16,10109997PASSOSC,2025-11-20,109647,1,8,0,108.0
10109997PASSOSC_2025-11-20_G17,10109997PASSOSC,2025-11-20,109647,1,10,0,139.0
10109997PASSOSC_2025-11-20_G18,10109997PASSOSC,2025-11-20,111532,1,96,0,610.0
10109997PASSOSC_2025-11-21_G02,10109997PASSOSC,2025-11-21,111430,1,4,0,1306.0
10109997PASSOSC_2025-11-21_G03,10109997PASSOSC,2025-11-21,140922,1,2,0,130.0
10109997PASSOSC_2025-11-21_G04,10109997PASSOSC,2025-11-21,111463,1,13,0,269.0
10109997PASSOSC_2025-11-21_G05,10109997PASSOSC,2025-11-21,118140,1,4,0,147.0
10109997PASSOSC_2025-11-21_G06,10109997PASSOSC,2025-11-21,117809,1,20,0,1404.0
10109997PASSOSC_2025-11-21_G07,10109997PASSOSC,2025-11-21,117820,1,30,0,320.0
10109997PASSOSC_2025-11-21_G08,10109997PASSOSC,2025-11-21,117830,1,50,0,725.0
10109997PASSOSC_2025-11-21_G09,10109997PASSOSC,2025-11-21,110373,1,40,0,905.0
10109997PASSOSC_2025-11-21_G10,10109997PASSOSC,2025-11-21,110372,1,60,0,797.0
10109997PASSOSC_2025-11-21_G11,10109997PASSOSC,2025-11-21,109643,1,20,0,361.0
10109997PASSOSC_2025-11-21_G12,10109997PASSOSC,2025-11-21,117808,1,24,0,233.0
10109997PASSOSC_2025-11-22_G02,10109997PASSOSC,2025-11-22,118094,1,30,0,598.0
10109997PASSOSC_2025-11-22_G03,10109997PASSOSC,2025-11-22,118322,1,8,0,235.0
10109997PASSOSC_2025-11-22_G04,10109997PASSOSC,2025-11-22,117856,1,18,0,185.0
10109997PASSOSC_2025-11-22_G05,10109997PASSOSC,2025-11-22,141047,1,14,0,193.0
10109997PASSOSC_2025-11-22_G06,10109997PASSOSC,2025-11-22,117786,1,20,0,358.0
10109997PASSOSC_2025-11-22_G07,10109997PASSOSC,2025-11-22,140923,1,30,0,220.0
10109997PASSOSC_2025-11-22_G08,10109997PASSOSC,2025-11-22,110752,1,2,0,76.0
10109997PASSOSC_2025-11-22_G09,10109997PASSOSC,2025-11-22,110740,1,40,0,564.0
10109997PASSOSC_2025-11-22_G10,10109997PASSOSC,2025-11-22,111469,1,73,0,477.0
10109997PASSOSC_2025-11-22_G11,10109997PASSOSC,2025-11-22,111463,1,200,0,581.0
10109997PASSOSC_2025-11-22_G12,10109997PASSOSC,2025-11-22,117785,1,200,0,1273.0
10109997PASSOSC_2025-11-22_G13,10109997PASSOSC,2025-11-22,110332,1,10,0,189.0
10109997PASSOSC_2025-11-22_G14,10109997PASSOSC,2025-11-22,141456,1,60,0,1181.0
10109997PASSOSC_2025-11-22_G15,10109997PASSOSC,2025-11-22,141047,1,50,0,912.0
10109997PASSOSC_2025-11-22_G16,10109997PASSOSC,2025-11-22,110740,1,40,0,1241.0
10109997PASSOSC_2025-11-22_G17,10109997PASSOSC,2025-11-22,110787,1,80,0,259.0
10109997PASSOSC_2025-11-22_G18,10109997PASSOSC,2025-11-22,118094,1,40,0,1442.0
10109997PASSOSC_2025-11-23_G02,10109997PASSOSC,2025-11-23,110895,1,1,0,118.0
10109997PASSOSC_2025-11-23_G03,10109997PASSOSC,2025-11-23,111418,1,5,0,140.0
10109997PASSOSC_2025-11-23_G04,10109997PASSOSC,2025-11-23,117820,1,6,0,684.0
10109997PASSOSC_2025-11-23_G05,10109997PASSOSC,2025-11-23,118299,1,9,0,141.0
10109997PASSOSC_2025-11-23_G06,10109997PASSOSC,2025-11-23,117832,1,2,0,166.0
10109997PASSOSC_2025-11-23_G07,10109997PASSOSC,2025-11-23,117808,1,6,0,167.0
10109997PASSOSC_2025-11-23_G08,10109997PASSOSC,2025-11-23,117821,1,2,0,106.0
10109997PASSOSC_2025-11-23_G09,10109997PASSOSC,2025-11-23,110371,1,8,0,250.0
10109997PASSOSC_2025-11-23_G10,10109997PASSOSC,2025-11-23,118299,1,20,0,1085.0
10109997PASSOSC_2025-11-23_G11,10109997PASSOSC,2025-11-23,110372,1,12,0,115.0
10109997PASSOSC_2025-11-23_G12,10109997PASSOSC,2025-11-23,117808,1,8,0,121.0
10109997PASSOSC_2025-11-23_G13,10109997PASSOSC,2025-11-23,111418,1,8,0,201.0
10109997PASSOSC_2025-11-23_G14,10109997PASSOSC,2025-11-23,111569,1,2,0,742.0
10109997PASSOSC_2025-11-23_G15,10109997PASSOSC,2025-11-23,141916,1,4,0,217.0
10109997PASSOSC_2025-11-23_G16,10109997PASSOSC,2025-11-23,110754,1,4,0,278.0
10109997PASSOSC_2025-11-23_G17,10109997PASSOSC,2025-11-23,141035,1,1,0,118.0
10109997PASSOSC_2025-11-23_G18,10109997PASSOSC,2025-11-23,117797,1,4,0,103.0
10109997PASSOSC_2025-11-23_G19,10109997PASSOSC,2025-11-23,110339,1,4,0,223.0
10109997PASSOSC_2025-11-23_G20,10109997PASSOSC,2025-11-23,117856,1,7,0,190.0
10109997PASSOSC_2025-11-23_G21,10109997PASSOSC,2025-11-23,117786,1,4,0,463.0
10109997PASSOSC_2025-11-23_G23,10109997PASSOSC,2025-11-23,117855,1,8,0,245.0
10109997PASSOSC_2025-11-23_G24,10109997PASSOSC,2025-11-23,117855,1,4,0,56.0
10109997PASSOSC_2025-11-24_G02,10109997PASSOSC,2025-11-24,108798,1,1,0,77.0
10109997PASSOSC_2025-11-24_G03,10109997PASSOSC,2025-11-24,111418,1,18,0,225.0
10109997PASSOSC_2025-11-24_G04,10109997PASSOSC,2025-11-24,115817,1,4,0,490.0
10109997PASSOSC_2025-11-24_G05,10109997PASSOSC,2025-11-24,141457,1,6,0,181.0
10109997PASSOSC_2025-11-24_G06,10109997PASSOSC,2025-11-24,117785,1,6,0,454.0
10109997PASSOSC_2025-11-24_G07,10109997PASSOSC,2025-11-24,111466,1,9,0,222.0
10109997PASSOSC_2025-11-24_G08,10109997PASSOSC,2025-11-24,117821,1,2,0,45.0
10109997PASSOSC_2025-11-24_G09,10109997PASSOSC,2025-11-24,117831,1,2,0,66.0
10109997PASSOSC_2025-11-24_G10,10109997PASSOSC,2025-11-24,141456,1,8,0,1284.0
10109997PASSOSC_2025-11-24_G11,10109997PASSOSC,2025-11-24,110371,1,4,0,156.0
10109997PASSOSC_2025-11-24_G12,10109997PASSOSC,2025-11-24,117809,1,2,0,80.0
10109997PASSOSC_2025-11-24_G13,10109997PASSOSC,2025-11-24,118299,1,12,0,146.0
10109997PASSOSC_2025-11-24_G14,10109997PASSOSC,2025-11-24,117830,1,2,0,60.0
10109997PASSOSC_2025-11-24_G15,10109997PASSOSC,2025-11-24,111463,1,4,0,168.0
10109997PASSOSC_2025-11-24_G16,10109997PASSOSC,2025-11-24,117832,1,2,0,159.0
10109997PASSOSC_2025-11-24_G17,10109997PASSOSC,2025-11-24,117808,1,2,0,102.0
10109997PASSOSC_2025-11-24_G18,10109997PASSOSC,2025-11-24,141202,1,2,0,114.0
10109997PASSOSC_2025-11-24_G19,10109997PASSOSC,2025-11-24,117855,1,4,0,1011.0
10109997PASSOSC_2025-11-24_G20,10109997PASSOSC,2025-11-24,111469,1,8,0,270.0
10109997PASSOSC_2025-11-24_G21,10109997PASSOSC,2025-11-24,110371,1,8,0,352.0
10109997PASSOSC_2025-11-24_G22,10109997PASSOSC,2025-11-24,118299,1,4,0,95.0
10109997PASSOSC_2025-11-24_G23,10109997PASSOSC,2025-11-24,111532,1,5,0,375.0
10109997PASSOSC_2025-11-24_G24,10109997PASSOSC,2025-11-24,111418,1,4,0,310.0
10109997PASSOSC_2025-11-24_G25,10109997PASSOSC,2025-11-24,118299,1,4,0,156.0
10109997PASSOSC_2025-11-24_G26,10109997PASSOSC,2025-11-24,118299,1,7,0,473.0
10109997PASSOSC_2025-11-24_G27,10109997PASSOSC,2025-11-24,118299,1,1,0,103.0
10109997PASSOSC_2025-11-24_G28,10109997PASSOSC,2025-11-24,110372,1,1,0,74.0
10109997PASSOSC_2025-11-24_G29,10109997PASSOSC,2025-11-24,141047,1,2,0,519.0
10109997PASSOSC_2025-11-24_G30,10109997PASSOSC,2025-11-24,118140,1,2,0,876.0
10109997PASSOSC_2025-11-24_G31,10109997PASSOSC,2025-11-24,140922,1,2,0,72.0
10109997PASSOSC_2025-11-24_G32,10109997PASSOSC,2025-11-24,111418,1,6,0,165.0
10109997PASSOSC_2025-11-24_G33,10109997PASSOSC,2025-11-24,111469,1,2,0,65.0
10109997PASSOSC_2025-11-24_G34,10109997PASSOSC,2025-11-24,141457,1,5,0,122.0
10109997PASSOSC_2025-11-24_G35,10109997PASSOSC,2025-11-24,117831,1,2,0,118.0
10109997PASSOSC_2025-11-24_G36,10109997PASSOSC,2025-11-24,141456,1,10,0,106.0
10109997PASSOSC_2025-11-24_G37,10109997PASSOSC,2025-11-24,141458,1,2,0,51.0
10109997PASSOSC_2025-11-24_G38,10109997PASSOSC,2025-11-24,117809,1,8,0,157.0
10109997PASSOSC_2025-11-24_G39,10109997PASSOSC,2025-11-24,117820,1,4,0,75.0
10109997PASSOSC_2025-11-24_G40,10109997PASSOSC,2025-11-24,110373,1,4,0,143.0
10109997PASSOSC_2025-11-24_G41,10109997PASSOSC,2025-11-24,110372,1,10,0,165.0
10109997PASSOSC_2025-11-24_G43,10109997PASSOSC,2025-11-24,111418,1,200,0,1229.0
10109997PASSOSC_2025-11-24_G44,10109997PASSOSC,2025-11-24,118299,1,985,0,2437.0
10109997PASSOSC_2025-11-24_G45,10109997PASSOSC,2025-11-24,118299,1,480,0,2077.0
10109997PASSOSC_2025-11-24_G46,10109997PASSOSC,2025-11-24,118280,1,22,0,754.0
10109997PASSOSC_2025-11-24_G47,10109997PASSOSC,2025-11-24,111851,1,3,0,202.0
10109997PASSOSC_2025-11-24_G48,10109997PASSOSC,2025-11-24,110310,1,7,0,171.0
10109997PASSOSC_2025-11-24_G49,10109997PASSOSC,2025-11-24,111876,1,12,0,718.0
10109997PASSOSC_2025-11-24_G50,10109997PASSOSC,2025-11-24,109640,1,13,0,301.0
10109997PASSOSC_2025-11-24_G51,10109997PASSOSC,2025-11-24,118271,1,20,0,229.0
10109997PASSOSC_2025-11-25_G02,10109997PASSOSC,2025-11-25,118299,1,326,0,391.0
10109997PASSOSC_2025-11-25_G03,10109997PASSOSC,2025-11-25,117808,1,151,0,1224.0
10109997PASSOSC_2025-11-25_G04,10109997PASSOSC,2025-11-25,111530,1,19,0,1466.0
10109997PASSOSC_2025-11-25_G05,10109997PASSOSC,2025-11-25,110313,1,13,0,167.0
10109997PASSOSC_2025-11-25_G06,10109997PASSOSC,2025-11-25,117935,1,4,0,328.0
10109997PASSOSC_2025-11-25_G07,10109997PASSOSC,2025-11-25,117855,1,6,0,483.0
10109997PASSOSC_2025-11-25_G08,10109997PASSOSC,2025-11-25,117855,1,46,0,405.0
10109997PASSOSC_2025-11-25_G09,10109997PASSOSC,2025-11-25,117855,1,28,0,331.0
10109997PASSOSC_2025-11-25_G10,10109997PASSOSC,2025-11-25,107236,1,8,0,435.0
10109997PASSOSC_2025-11-25_G11,10109997PASSOSC,2025-11-25,111466,1,20,0,460.0
10109997PASSOSC_2025-11-25_G12,10109997PASSOSC,2025-11-25,111466,1,23,0,159.0
10109997PASSOSC_2025-11-25_G13,10109997PASSOSC,2025-11-25,111466,1,28,0,31.0
10109997PASSOSC_2025-11-25_G14,10109997PASSOSC,2025-11-25,117808,1,200,0,1369.0
10109997PASSOSC_2025-11-25_G15,10109997PASSOSC,2025-11-25,117808,1,533,0,1282.0
10109997PASSOSC_2025-11-25_G17,10109997PASSOSC,2025-11-25,111446,1,5,0,2284.0
10109997PASSOSC_2025-11-25_G18,10109997PASSOSC,2025-11-25,111348,1,1,0,90.0
10109997PASSOSC_2025-11-25_G19,10109997PASSOSC,2025-11-25,111469,1,20,0,234.0
10109997PASSOSC_2025-11-25_G20,10109997PASSOSC,2025-11-25,118223,1,2,0,277.0
10109997PASSOSC_2025-11-25_G21,10109997PASSOSC,2025-11-25,111418,1,16,0,206.0
10109997PASSOSC_2025-11-25_G22,10109997PASSOSC,2025-11-25,111418,1,15,0,571.0
10109997PASSOSC_2025-11-25_G23,10109997PASSOSC,2025-11-25,111466,1,20,0,231.0
10109997PASSOSC_2025-11-25_G24,10109997PASSOSC,2025-11-25,111465,1,4,0,104.0
10109997PASSOSC_2025-11-25_G25,10109997PASSOSC,2025-11-25,111465,1,2,0,55.0
10109997PASSOSC_2025-11-25_G26,10109997PASSOSC,2025-11-25,109643,1,9,0,3099.0
10109997PASSOSC_2025-11-25_G27,10109997PASSOSC,2025-11-25,"141202, 118299",2,11,20,61.0
10109997PASSOSC_2025-11-25_G28,10109997PASSOSC,2025-11-25,110371,1,6,0,149.0
10109997PASSOSC_2025-11-25_G30,10109997PASSOSC,2025-11-25,110751,1,2,0,80.0
10109997PASSOSC_2025-11-25_G31,10109997PASSOSC,2025-11-25,111330,1,1,0,54.0
10109997PASSOSC_2025-11-25_G32,10109997PASSOSC,2025-11-25,111182,1,2,0,73.0
10109997PASSOSC_2025-11-25_G33,10109997PASSOSC,2025-11-25,118317,1,8,0,266.0
10109997PASSOSC_2025-11-26_G02,10109997PASSOSC,2025-11-26,110740,1,50,0,750.0
10109997PASSOSC_2025-11-26_G03,10109997PASSOSC,2025-11-26,111469,1,4,0,75.0
10109997PASSOSC_2025-11-26_G04,10109997PASSOSC,2025-11-26,111463,1,18,0,252.0
10109997PASSOSC_2025-11-26_G05,10109997PASSOSC,2025-11-26,117785,1,100,0,785.0
10109997PASSOSC_2025-11-26_G06,10109997PASSOSC,2025-11-26,111466,1,159,0,741.0
10109997PASSOSC_2025-11-26_G07,10109997PASSOSC,2025-11-26,118317,1,13,0,714.0
10109997PASSOSC_2025-11-26_G08,10109997PASSOSC,2025-11-26,111743,1,16,0,242.0
10109997PASSOSC_2025-11-26_G09,10109997PASSOSC,2025-11-26,110787,1,80,0,215.0
10109997PASSOSC_2025-11-26_G10,10109997PASSOSC,2025-11-26,111418,1,80,0,1729.0
10109997PASSOSC_2025-11-26_G11,10109997PASSOSC,2025-11-26,117785,1,45,0,357.0
10109997PASSOSC_2025-11-26_G12,10109997PASSOSC,2025-11-26,117785,1,10,0,123.0
10109997PASSOSC_2025-11-26_G13,10109997PASSOSC,2025-11-26,111466,1,100,0,303.0
10109997PASSOSC_2025-11-26_G14,10109997PASSOSC,2025-11-26,111466,1,2,0,69.0
10109997PASSOSC_2025-11-26_G15,10109997PASSOSC,2025-11-26,111418,1,120,0,2510.0
10109997PASSOSC_2025-11-26_G17,10109997PASSOSC,2025-11-26,117836,1,12,0,257.0
10109997PASSOSC_2025-11-26_G18,10109997PASSOSC,2025-11-26,110747,1,18,0,423.0
10109997PASSOSC_2025-11-26_G19,10109997PASSOSC,2025-11-26,118222,1,15,0,698.0
10109997PASSOSC_2025-11-26_G20,10109997PASSOSC,2025-11-26,111660,1,14,0,494.0
10109997PASSOSC_2025-11-26_G21,10109997PASSOSC,2025-11-26,141916,1,14,0,1301.0
10109997PASSOSC_2025-11-26_G22,10109997PASSOSC,2025-11-26,117809,1,10,0,182.0
10109997PASSOSC_2025-11-26_G23,10109997PASSOSC,2025-11-26,117820,1,23,0,319.0
10109997PASSOSC_2025-11-26_G24,10109997PASSOSC,2025-11-26,117830,1,40,0,484.0
10109997PASSOSC_2025-11-26_G25,10109997PASSOSC,2025-11-26,110373,1,25,0,463.0
10109997PASSOSC_2025-11-26_G26,10109997PASSOSC,2025-11-26,117832,1,9,0,174.0
10109997PASSOSC_2025-11-26_G27,10109997PASSOSC,2025-11-26,110371,1,40,0,558.0
10109997PASSOSC_2025-11-26_G28,10109997PASSOSC,2025-11-26,117837,1,15,0,696.0
10109997PASSOSC_2025-11-26_G29,10109997PASSOSC,2025-11-26,111467,1,14,0,228.0
10109997PASSOSC_2025-11-26_G30,10109997PASSOSC,2025-11-26,117856,1,14,0,269.0
10109997PASSOSC_2025-11-26_G31,10109997PASSOSC,2025-11-26,109647,1,6,0,258.0
10109997PASSOSC_2025-11-27_G02,10109997PASSOSC,2025-11-27,141456,2,47,25,156.0
10109997PASSOSC_2025-11-27_G03,10109997PASSOSC,2025-11-27,141456,1,6,0,305.0
10109997PASSOSC_2025-11-27_G04,10109997PASSOSC,2025-11-27,111465,1,8,0,572.0
10109997PASSOSC_2025-11-27_G05,10109997PASSOSC,2025-11-27,117935,1,2,0,2558.0
10109997PASSOSC_2025-11-27_G06,10109997PASSOSC,2025-11-27,140923,1,8,0,177.0
10109997PASSOSC_2025-11-27_G07,10109997PASSOSC,2025-11-27,110339,1,6,0,369.0
10109997PASSOSC_2025-11-27_G08,10109997PASSOSC,2025-11-27,117786,1,4,0,132.0
10109997PASSOSC_2025-11-27_G09,10109997PASSOSC,2025-11-27,111532,1,20,0,2153.0
10109997PASSOSC_2025-11-27_G10,10109997PASSOSC,2025-11-27,111463,1,20,0,745.0
10109997PASSOSC_2025-11-27_G11,10109997PASSOSC,2025-11-27,111418,1,6,0,182.0
10109997PASSOSC_2025-11-27_G12,10109997PASSOSC,2025-11-27,111418,1,34,0,360.0
10109997PASSOSC_2025-11-27_G13,10109997PASSOSC,2025-11-27,117785,1,18,0,516.0
10109997PASSOSC_2025-11-28_G02,10109997PASSOSC,2025-11-28,111436,1,4,0,160.0
10109997PASSOSC_2025-11-28_G03,10109997PASSOSC,2025-11-28,110755,1,8,0,204.0
10109997PASSOSC_2025-11-28_G04,10109997PASSOSC,2025-11-28,141318,1,4,0,128.0
10109997PASSOSC_2025-11-28_G05,10109997PASSOSC,2025-11-28,111467,2,24,14,500.0
10109997PASSOSC_2025-11-28_G06,10109997PASSOSC,2025-11-28,117855,1,8,0,200.0
10109997PASSOSC_2025-11-28_G07,10109997PASSOSC,2025-11-28,117862,1,26,0,604.0
10109997PASSOSC_2025-11-28_G08,10109997PASSOSC,2025-11-28,117862,1,36,0,137.0
10109997PASSOSC_2025-11-28_G09,10109997PASSOSC,2025-11-28,111602,1,8,0,302.0
10109997PASSOSC_2025-11-28_G10,10109997PASSOSC,2025-11-28,111418,1,20,0,276.0
10109997PASSOSC_2025-11-28_G11,10109997PASSOSC,2025-11-28,111418,1,30,0,188.0
10109997PASSOSC_2025-11-28_G12,10109997PASSOSC,2025-11-28,107236,1,8,0,507.0
10109997PASSOSC_2025-11-28_G13,10109997PASSOSC,2025-11-28,109641,1,18,0,231.0
10109997PASSOSC_2025-11-28_G14,10109997PASSOSC,2025-11-28,117785,1,24,0,297.0
10109997PASSOSC_2025-11-28_G15,10109997PASSOSC,2025-11-28,111532,1,10,0,233.0
10109997PASSOSC_2025-11-28_G16,10109997PASSOSC,2025-11-28,110372,1,30,0,265.0
10109997PASSOSC_2025-11-28_G17,10109997PASSOSC,2025-11-28,118299,1,51,0,535.0
10109997PASSOSC_2025-11-28_G18,10109997PASSOSC,2025-11-28,110371,1,23,0,234.0
10109997PASSOSC_2025-11-28_G19,10109997PASSOSC,2025-11-28,110371,1,24,0,200.0
10109997PASSOSC_2025-11-28_G20,10109997PASSOSC,2025-11-28,141916,1,4,0,1798.0
10109997PASSOSC_2025-11-28_G21,10109997PASSOSC,2025-11-28,117935,2,8,9,444.0
10109997PASSOSC_2025-11-28_G22,10109997PASSOSC,2025-11-28,110745,1,8,0,198.0
10109997PASSOSC_2025-11-28_G23,10109997PASSOSC,2025-11-28,141457,1,8,0,502.0
10109997PASSOSC_2025-11-28_G25,10109997PASSOSC,2025-11-28,110371,1,7,0,239.0
10109997PASSOSC_2025-11-28_G26,10109997PASSOSC,2025-11-28,109647,1,3,0,314.0
10109997PASSOSC_2025-11-28_G27,10109997PASSOSC,2025-11-28,108770,1,3,0,235.0
10109997PASSOSC_2025-11-28_G28,10109997PASSOSC,2025-11-28,111330,1,4,0,164.0
10109997PASSOSC_2025-11-28_G29,10109997PASSOSC,2025-11-28,141916,1,4,0,206.0
10109997PASSOSC_2025-11-29_G02,10109997PASSOSC,2025-11-29,141457,1,10,0,239.0
10109997PASSOSC_2025-11-29_G03,10109997PASSOSC,2025-11-29,118222,1,10,0,546.0
10109997PASSOSC_2025-11-29_G04,10109997PASSOSC,2025-11-29,111660,1,2,0,130.0
10109997PASSOSC_2025-11-29_G05,10109997PASSOSC,2025-11-29,118298,1,8,0,182.0
10109997PASSOSC_2025-11-29_G06,10109997PASSOSC,2025-11-29,117786,1,12,0,232.0
10109997PASSOSC_2025-11-29_G07,10109997PASSOSC,2025-11-29,118140,1,6,0,455.0
10109997PASSOSC_2025-11-29_G08,10109997PASSOSC,2025-11-29,110740,1,10,0,239.0
10109997PASSOSC_2025-11-29_G09,10109997PASSOSC,2025-11-29,141457,1,10,0,155.0
10109997PASSOSC_2025-11-29_G10,10109997PASSOSC,2025-11-29,117821,1,10,0,178.0
10109997PASSOSC_2025-11-29_G11,10109997PASSOSC,2025-11-29,110371,1,14,0,703.0
10109997PASSOSC_2025-11-29_G12,10109997PASSOSC,2025-11-29,141456,1,10,0,205.0
10109997PASSOSC_2025-11-29_G13,10109997PASSOSC,2025-11-29,109645,1,4,0,295.0
10109997PASSOSC_2025-11-29_G14,10109997PASSOSC,2025-11-29,118290,1,4,0,2126.0
10109997PASSOSC_2025-11-29_G15,10109997PASSOSC,2025-11-29,118290,1,3,0,688.0
10109997PASSOSC_2025-11-29_G16,10109997PASSOSC,2025-11-29,108770,1,4,0,235.0
10109997PASSOSC_2025-11-29_G17,10109997PASSOSC,2025-11-29,140956,1,4,0,62.0
10109997PASSOSC_2025-11-29_G18,10109997PASSOSC,2025-11-29,111437,1,5,0,101.0
10109997PASSOSC_2025-11-29_G19,10109997PASSOSC,2025-11-29,117835,1,10,0,270.0
10109997PASSOSC_2025-11-29_G20,10109997PASSOSC,2025-11-29,111441,1,10,0,197.0
10109997PASSOSC_2025-11-29_G21,10109997PASSOSC,2025-11-29,111438,1,34,0,1168.0
10109997PASSOSC_2025-11-29_G22,10109997PASSOSC,2025-11-29,111438,1,16,0,392.0
10109997PASSOSC_2025-11-29_G23,10109997PASSOSC,2025-11-29,111462,1,1,0,123.0
10109997PASSOSC_2025-11-29_G24,10109997PASSOSC,2025-11-29,111172,1,4,0,87.0
10109997PASSOSC_2025-11-29_G25,10109997PASSOSC,2025-11-29,107236,3,36,37,549.0
10109997PASSOSC_2025-11-29_G26,10109997PASSOSC,2025-11-29,117787,1,16,0,740.0
10109997PASSOSC_2025-11-29_G27,10109997PASSOSC,2025-11-29,117862,1,9,0,442.0
10109997PASSOSC_2025-11-29_G29,10109997PASSOSC,2025-11-29,117786,1,2,0,45.0
10109997PASSOSC_2025-11-29_G30,10109997PASSOSC,2025-11-29,109647,1,2,0,128.0
10109997PASSOSC_2025-11-29_G31,10109997PASSOSC,2025-11-29,117855,1,2,0,63.0
10109997PASSOSC_2025-11-29_G32,10109997PASSOSC,2025-11-29,117855,2,16,10,102.0
10109997PASSOSC_2025-11-29_G33,10109997PASSOSC,2025-11-29,117855,2,20,12,208.0
10109997PASSOSC_2025-11-29_G34,10109997PASSOSC,2025-11-29,117855,2,17,8,178.0
10109997PASSOSC_2025-11-29_G35,10109997PASSOSC,2025-11-29,117862,1,19,0,600.0
10109997PASSOSC_2025-11-29_G36,10109997PASSOSC,2025-11-29,117862,1,9,0,60.0
10109997PASSOSC_2025-11-29_G37,10109997PASSOSC,2025-11-29,110711,3,13,21,145.0
10109997PASSOSC_2025-11-29_G38,10109997PASSOSC,2025-11-29,111602,1,3,0,127.0
10109997PASSOSC_2025-11-29_G39,10109997PASSOSC,2025-11-29,111602,1,8,0,60.0
10109997PASSOSC_2025-11-29_G40,10109997PASSOSC,2025-11-29,111602,2,26,14,540.0
10109997PASSOSC_2025-11-29_G41,10109997PASSOSC,2025-11-29,111602,2,14,13,38.0
10109997PASSOSC_2025-11-29_G42,10109997PASSOSC,2025-11-29,109640,1,2,0,918.0
10109997PASSOSC_2025-11-29_G43,10109997PASSOSC,2025-11-29,109640,1,3,0,96.0
10109997PASSOSC_2025-11-29_G44,10109997PASSOSC,2025-11-29,111418,1,32,0,505.0
10109997PASSOSC_2025-11-29_G45,10109997PASSOSC,2025-11-29,117808,1,50,0,1875.0
10109997PASSOSC_2025-11-29_G46,10109997PASSOSC,2025-11-29,108770,1,4,0,986.0
10109997PASSOSC_2025-11-29_G47,10109997PASSOSC,2025-11-29,111437,1,2,0,53.0
10109997PASSOSC_2025-11-29_G48,10109997PASSOSC,2025-11-29,111438,1,2,0,151.0
10109997PASSOSC_2025-11-29_G49,10109997PASSOSC,2025-11-29,111438,1,22,0,376.0
10109997PASSOSC_2025-11-29_G50,10109997PASSOSC,2025-11-29,117834,1,12,0,374.0
10109997PASSOSC_2025-11-29_G51,10109997PASSOSC,2025-11-29,117861,1,4,0,267.0
10109997PASSOSC_2025-11-29_G52,10109997PASSOSC,2025-11-29,117861,1,8,0,75.0
10109997PASSOSC_2025-11-30_G02,10109997PASSOSC,2025-11-30,117862,1,4,0,681.0
10109997PASSOSC_2025-11-30_G03,10109997PASSOSC,2025-11-30,111466,1,50,0,1004.0
10109997PASSOSC_2025-11-30_G04,10109997PASSOSC,2025-11-30,117821,1,4,0,83.0
10109997PASSOSC_2025-11-30_G05,10109997PASSOSC,2025-11-30,141456,1,50,0,239.0
10109997PASSOSC_2025-11-30_G06,10109997PASSOSC,2025-11-30,141456,1,50,0,31.0
10109997PASSOSC_2025-11-30_G07,10109997PASSOSC,2025-11-30,117785,1,80,0,648.0
10109997PASSOSC_2025-11-30_G08,10109997PASSOSC,2025-11-30,107236,1,12,0,679.0
10109997PASSOSC_2025-11-30_G09,10109997PASSOSC,2025-11-30,107236,1,4,0,43.0
10109997PASSOSC_2025-11-30_G10,10109997PASSOSC,2025-11-30,111438,1,2,0,1745.0
10109997PASSOSC_2025-11-30_G11,10109997PASSOSC,2025-11-30,111438,1,10,0,614.0
10109997PASSOSC_2025-11-30_G12,10109997PASSOSC,2025-11-30,111530,1,3,0,160.0
10109997PASSOSC_2025-11-30_G13,10109997PASSOSC,2025-11-30,111438,1,10,0,542.0
10109997PASSOSC_2025-12-04_G02,10109997PASSOSC,2025-12-04,110733,1,50,0,757.0
10109997PASSOSC_2025-12-04_G03,10109997PASSOSC,2025-12-04,117856,1,90,0,2784.0
10109997PASSOSC_2025-12-04_G04,10109997PASSOSC,2025-12-04,141047,1,50,0,711.0
10109997PASSOSC_2025-12-04_G05,10109997PASSOSC,2025-12-04,109640,1,55,0,475.0
10109997PASSOSC_2025-12-04_G06,10109997PASSOSC,2025-12-04,107236,1,60,0,725.0
10109997PASSOSC_2025-12-05_G02,10109997PASSOSC,2025-12-05,111532,1,116,0,1474.0
10109997PASSOSC_2025-12-05_G03,10109997PASSOSC,2025-12-05,107888,1,61,0,1563.0
10109997PASSOSC_2025-12-05_G04,10109997PASSOSC,2025-12-05,109641,1,689,0,3519.0
10109997PASSOSC_2025-12-05_G05,10109997PASSOSC,2025-12-05,117820,1,1,0,1615.0
10109997PASSOSC_2025-12-05_G06,10109997PASSOSC,2025-12-05,117830,1,2,0,58.0
10109997PASSOSC_2025-12-05_G07,10109997PASSOSC,2025-12-05,110325,1,2,0,121.0
10109997PASSOSC_2025-12-05_G09,10109997PASSOSC,2025-12-05,111759,1,10,0,554.0
10109997PASSOSC_2025-12-05_G10,10109997PASSOSC,2025-12-05,118191,1,40,0,371.0
10109997PASSOSC_2025-12-05_G11,10109997PASSOSC,2025-12-05,141262,1,24,0,199.0
10109997PASSOSC_2025-12-05_G12,10109997PASSOSC,2025-12-05,141261,1,10,0,170.0
10109997PASSOSC_2025-12-05_G13,10109997PASSOSC,2025-12-05,141155,1,10,0,3018.0
10109997PASSOSC_2025-12-05_G14,10109997PASSOSC,2025-12-05,111759,1,16,0,249.0
10109997PASSOSC_2025-12-05_G15,10109997PASSOSC,2025-12-05,111742,1,10,0,362.0
10109997PASSOSC_2025-12-05_G16,10109997PASSOSC,2025-12-05,118191,1,47,0,716.0
10109997PASSOSC_2025-12-05_G17,10109997PASSOSC,2025-12-05,141261,1,10,0,167.0
10109997PASSOSC_2025-12-05_G18,10109997PASSOSC,2025-12-05,111569,1,4,0,1994.0
10109997PASSOSC_2025-12-05_G19,10109997PASSOSC,2025-12-05,108759,1,4,0,216.0
10109997PASSOSC_2025-12-05_G20,10109997PASSOSC,2025-12-05,110747,1,9,0,248.0
10109997PASSOSC_2025-12-05_G21,10109997PASSOSC,2025-12-05,141916,1,5,0,110.0
10109997PASSOSC_2025-12-05_G22,10109997PASSOSC,2025-12-05,118222,1,40,0,1375.0
10109997PASSOSC_2025-12-06_G02,10109997PASSOSC,2025-12-06,117830,1,20,0,235.0
10109997PASSOSC_2025-12-06_G03,10109997PASSOSC,2025-12-06,110371,1,4,0,127.0
10109997PASSOSC_2025-12-06_G04,10109997PASSOSC,2025-12-06,110372,1,139,0,725.0
10109997PASSOSC_2025-12-06_G05,10109997PASSOSC,2025-12-06,110372,1,2,0,44.0
10109997PASSOSC_2025-12-06_G06,10109997PASSOSC,2025-12-06,118299,1,2,0,135.0
10109997PASSOSC_2025-12-06_G07,10109997PASSOSC,2025-12-06,109643,1,2,0,105.0
10109997PASSOSC_2025-12-06_G08,10109997PASSOSC,2025-12-06,117787,1,8,0,237.0
10109997PASSOSC_2025-12-06_G09,10109997PASSOSC,2025-12-06,117785,1,202,0,816.0
10109997PASSOSC_2025-12-06_G10,10109997PASSOSC,2025-12-06,117821,1,3,0,150.0
10109997PASSOSC_2025-12-06_G11,10109997PASSOSC,2025-12-06,111418,1,2,0,255.0
10109997PASSOSC_2025-12-06_G12,10109997PASSOSC,2025-12-06,111463,1,47,0,526.0
10109997PASSOSC_2025-12-06_G13,10109997PASSOSC,2025-12-06,117831,1,14,0,147.0
10109997PASSOSC_2025-12-06_G14,10109997PASSOSC,2025-12-06,141456,2,26,30,1654.0
10109997PASSOSC_2025-12-06_G15,10109997PASSOSC,2025-12-06,117809,1,30,0,1685.0
10109997PASSOSC_2025-12-06_G16,10109997PASSOSC,2025-12-06,109648,1,4,0,142.0
10109997PASSOSC_2025-12-06_G17,10109997PASSOSC,2025-12-06,117830,1,20,0,170.0
10109997PASSOSC_2025-12-06_G18,10109997PASSOSC,2025-12-06,117830,1,14,0,106.0
10109997PASSOSC_2025-12-06_G19,10109997PASSOSC,2025-12-06,117808,1,1,0,147.0
10109997PASSOSC_2025-12-06_G20,10109997PASSOSC,2025-12-06,109643,1,30,0,709.0
10109997PASSOSC_2025-12-06_G21,10109997PASSOSC,2025-12-06,110325,1,10,0,145.0
10109997PASSOSC_2025-12-06_G22,10109997PASSOSC,2025-12-06,141202,1,30,0,1383.0
10109997PASSOSC_2025-12-07_G02,10109997PASSOSC,2025-12-07,108711,1,8,0,178.0
10109997PASSOSC_2025-12-07_G03,10109997PASSOSC,2025-12-07,111466,1,2,0,384.0
10109997PASSOSC_2025-12-07_G04,10109997PASSOSC,2025-12-07,109641,1,6,0,299.0
10109997PASSOSC_2025-12-07_G05,10109997PASSOSC,2025-12-07,117820,1,10,0,284.0
10109997PASSOSC_2025-12-07_G06,10109997PASSOSC,2025-12-07,160051,1,8,0,159.0
10109997PASSOSC_2025-12-07_G07,10109997PASSOSC,2025-12-07,109643,1,8,0,183.0
10109997PASSOSC_2025-12-07_G08,10109997PASSOSC,2025-12-07,140923,1,420,0,2936.0
10109997PASSOSC_2025-12-07_G09,10109997PASSOSC,2025-12-07,117821,1,120,0,890.0
10109997PASSOSC_2025-12-07_G10,10109997PASSOSC,2025-12-07,118299,1,328,0,1855.0
10109997PASSOSC_2025-12-07_G11,10109997PASSOSC,2025-12-07,111430,1,4,0,950.0
10109997PASSOSC_2025-12-07_G13,10109997PASSOSC,2025-12-07,111569,1,8,0,264.0
10109997PASSOSC_2025-12-07_G14,10109997PASSOSC,2025-12-07,111440,1,4,0,389.0
10109997PASSOSC_2025-12-07_G15,10109997PASSOSC,2025-12-07,117834,1,4,0,97.0
10109997PASSOSC_2025-12-08_G02,10109997PASSOSC,2025-12-08,110747,1,6,0,472.0
10109997PASSOSC_2025-12-08_G03,10109997PASSOSC,2025-12-08,110747,1,20,0,375.0
10109997PASSOSC_2025-12-08_G04,10109997PASSOSC,2025-12-08,118222,1,200,0,1963.0
10109997PASSOSC_2025-12-08_G05,10109997PASSOSC,2025-12-08,109471,1,1,0,312.0
10109997PASSOSC_2025-12-08_G06,10109997PASSOSC,2025-12-08,117289,1,2,0,323.0
10109997PASSOSC_2025-12-08_G07,10109997PASSOSC,2025-12-08,100334,1,16,0,188.0
10109997PASSOSC_2025-12-08_G08,10109997PASSOSC,2025-12-08,111348,1,12,0,970.0
10109997PASSOSC_2025-12-08_G09,10109997PASSOSC,2025-12-08,111469,1,7,0,366.0
10109997PASSOSC_2025-12-08_G10,10109997PASSOSC,2025-12-08,118317,1,12,0,154.0
10109997PASSOSC_2025-12-08_G11,10109997PASSOSC,2025-12-08,141456,1,14,0,123.0
10109997PASSOSC_2025-12-08_G12,10109997PASSOSC,2025-12-08,141458,1,20,0,2926.0
10109997PASSOSC_2025-12-08_G13,10109997PASSOSC,2025-12-08,141458,1,120,0,490.0
10109997PASSOSC_2025-12-08_G15,10109997PASSOSC,2025-12-08,107888,1,8,0,129.0
10109997PASSOSC_2025-12-08_G16,10109997PASSOSC,2025-12-08,118222,1,40,0,869.0
10109997PASSOSC_2025-12-08_G17,10109997PASSOSC,2025-12-08,108759,1,3,0,262.0
10109997PASSOSC_2025-12-08_G18,10109997PASSOSC,2025-12-08,106865,1,14,0,768.0
10109997PASSOSC_2025-12-08_G19,10109997PASSOSC,2025-12-08,110741,1,8,0,1878.0
10109997PASSOSC_2025-12-08_G20,10109997PASSOSC,2025-12-08,110339,1,50,0,2117.0
10109997PASSOSC_2025-12-08_G21,10109997PASSOSC,2025-12-08,111439,1,20,0,325.0
10109997PASSOSC_2025-12-08_G22,10109997PASSOSC,2025-12-08,109643,1,7,0,296.0
10109997PASSOSC_2025-12-08_G23,10109997PASSOSC,2025-12-08,109645,2,30,17,543.0
10109997PASSOSC_2025-12-08_G24,10109997PASSOSC,2025-12-08,111435,1,12,0,360.0
10109997PASSOSC_2025-12-08_G25,10109997PASSOSC,2025-12-08,108798,1,8,0,268.0
10109997PASSOSC_2025-12-08_G26,10109997PASSOSC,2025-12-08,110743,1,11,0,221.0
10109997PASSOSC_2025-12-08_G27,10109997PASSOSC,2025-12-08,120002,1,36,0,877.0
10109997PASSOSC_2025-12-09_G02,10109997PASSOSC,2025-12-09,117856,1,4,0,183.0
10109997PASSOSC_2025-12-09_G03,10109997PASSOSC,2025-12-09,111530,1,1,0,100.0
10109997PASSOSC_2025-12-09_G04,10109997PASSOSC,2025-12-09,117855,1,2,0,144.0
10109997PASSOSC_2025-12-09_G05,10109997PASSOSC,2025-12-09,118094,1,4,0,150.0
10109997PASSOSC_2025-12-09_G06,10109997PASSOSC,2025-12-09,111602,1,3,0,112.0
10109997PASSOSC_2025-12-09_G07,10109997PASSOSC,2025-12-09,111172,1,2,0,202.0
10109997PASSOSC_2025-12-09_G08,10109997PASSOSC,2025-12-09,111468,1,2,0,120.0
10109997PASSOSC_2025-12-09_G09,10109997PASSOSC,2025-12-09,111532,1,4,0,248.0
10109997PASSOSC_2025-12-09_G10,10109997PASSOSC,2025-12-09,117808,1,4,0,238.0
10109997PASSOSC_2025-12-09_G11,10109997PASSOSC,2025-12-09,117832,1,4,0,120.0
10109997PASSOSC_2025-12-09_G12,10109997PASSOSC,2025-12-09,110373,1,4,0,152.0
10109997PASSOSC_2025-12-09_G13,10109997PASSOSC,2025-12-09,117831,1,2,0,104.0
10109997PASSOSC_2025-12-09_G14,10109997PASSOSC,2025-12-09,117785,1,4,0,617.0
10109997PASSOSC_2025-12-09_G15,10109997PASSOSC,2025-12-09,117821,1,2,0,129.0
10109997PASSOSC_2025-12-09_G16,10109997PASSOSC,2025-12-09,141457,1,8,0,725.0
10109997PASSOSC_2025-12-09_G17,10109997PASSOSC,2025-12-09,117830,1,3,0,572.0
10109997PASSOSC_2025-12-09_G18,10109997PASSOSC,2025-12-09,118222,1,2,0,616.0
10109997PASSOSC_2025-12-09_G19,10109997PASSOSC,2025-12-09,110313,1,2,0,236.0
10109997PASSOSC_2025-12-09_G20,10109997PASSOSC,2025-12-09,117935,1,5,0,130.0
10109997PASSOSC_2025-12-09_G21,10109997PASSOSC,2025-12-09,110741,1,2,0,74.0
10109997PASSOSC_2025-12-09_G22,10109997PASSOSC,2025-12-09,110753,1,1,0,68.0
10109997PASSOSC_2025-12-09_G23,10109997PASSOSC,2025-12-09,110733,1,2,0,66.0
10109997PASSOSC_2025-12-09_G24,10109997PASSOSC,2025-12-09,117856,1,4,0,156.0
10109997PASSOSC_2025-12-09_G25,10109997PASSOSC,2025-12-09,107629,1,2,0,115.0
10109997PASSOSC_2025-12-09_G26,10109997PASSOSC,2025-12-09,111530,1,1,0,54.0
10109997PASSOSC_2025-12-09_G27,10109997PASSOSC,2025-12-09,117855,1,4,0,139.0
10109997PASSOSC_2025-12-09_G28,10109997PASSOSC,2025-12-09,111602,1,3,0,209.0
10109997PASSOSC_2025-12-09_G29,10109997PASSOSC,2025-12-09,108772,1,2,0,121.0
10109997PASSOSC_2025-12-09_G30,10109997PASSOSC,2025-12-09,118094,1,4,0,546.0
10109997PASSOSC_2025-12-09_G31,10109997PASSOSC,2025-12-09,117820,1,11,0,1946.0
10109997PASSOSC_2025-12-09_G32,10109997PASSOSC,2025-12-09,117830,1,6,0,277.0
10109997PASSOSC_2025-12-09_G33,10109997PASSOSC,2025-12-09,117808,1,6,0,320.0
10109997PASSOSC_2025-12-09_G34,10109997PASSOSC,2025-12-09,117832,1,2,0,95.0
10109997PASSOSC_2025-12-09_G35,10109997PASSOSC,2025-12-09,110373,1,4,0,118.0
10109997PASSOSC_2025-12-10_G02,10109997PASSOSC,2025-12-10,117837,1,5,0,454.0
10109997PASSOSC_2025-12-10_G03,10109997PASSOSC,2025-12-10,110339,1,6,0,466.0
10109997PASSOSC_2025-12-10_G04,10109997PASSOSC,2025-12-10,110733,1,10,0,145.0
10109997PASSOSC_2025-12-10_G05,10109997PASSOSC,2025-12-10,117853,1,2,0,94.0
10109997PASSOSC_2025-12-10_G06,10109997PASSOSC,2025-12-10,117856,1,8,0,126.0
10109997PASSOSC_2025-12-10_G07,10109997PASSOSC,2025-12-10,141066,1,6,0,135.0
10109997PASSOSC_2025-12-10_G08,10109997PASSOSC,2025-12-10,141047,1,6,0,319.0
10109997PASSOSC_2025-12-10_G09,10109997PASSOSC,2025-12-10,111530,1,11,0,347.0
10109997PASSOSC_2025-12-10_G10,10109997PASSOSC,2025-12-10,117855,1,8,0,376.0
10109997PASSOSC_2025-12-10_G11,10109997PASSOSC,2025-12-10,141352,1,4,0,87.0
10109997PASSOSC_2025-12-10_G12,10109997PASSOSC,2025-12-10,105242,1,4,0,171.0
10109997PASSOSC_2025-12-10_G13,10109997PASSOSC,2025-12-10,117786,1,21,0,1073.0
10109997PASSOSC_2025-12-10_G14,10109997PASSOSC,2025-12-10,117862,1,12,0,239.0
10109997PASSOSC_2025-12-10_G15,10109997PASSOSC,2025-12-10,109640,1,7,0,580.0
10109997PASSOSC_2025-12-10_G16,10109997PASSOSC,2025-12-10,110711,1,4,0,84.0
10109997PASSOSC_2025-12-10_G17,10109997PASSOSC,2025-12-10,111602,1,12,0,936.0
10109997PASSOSC_2025-12-10_G18,10109997PASSOSC,2025-12-10,117854,1,4,0,82.0
10109997PASSOSC_2025-12-11_G02,10109997PASSOSC,2025-12-11,111445,1,10,0,637.0
10109997PASSOSC_2025-12-11_G03,10109997PASSOSC,2025-12-11,110755,1,8,0,594.0
10109997PASSOSC_2025-12-11_G04,10109997PASSOSC,2025-12-11,118094,1,2,0,163.0
10109997PASSOSC_2025-12-11_G05,10109997PASSOSC,2025-12-11,118317,1,16,0,294.0
10109997PASSOSC_2025-12-11_G06,10109997PASSOSC,2025-12-11,110740,1,8,0,288.0
10109997PASSOSC_2025-12-11_G07,10109997PASSOSC,2025-12-11,111443,1,4,0,145.0
10109997PASSOSC_2025-12-11_G08,10109997PASSOSC,2025-12-11,111602,1,4,0,2483.0
10109997PASSOSC_2025-12-11_G09,10109997PASSOSC,2025-12-11,141823,1,4,0,134.0
10109997PASSOSC_2025-12-11_G10,10109997PASSOSC,2025-12-11,118140,1,4,0,85.0
10109997PASSOSC_2025-12-11_G11,10109997PASSOSC,2025-12-11,111602,1,8,0,224.0
10109997PASSOSC_2025-12-11_G12,10109997PASSOSC,2025-12-11,118317,1,5,0,401.0
10109997PASSOSC_2025-12-11_G13,10109997PASSOSC,2025-12-11,111418,1,2,0,570.0
10109997PASSOSC_2025-12-11_G14,10109997PASSOSC,2025-12-11,111466,1,8,0,228.0
10109997PASSOSC_2025-12-11_G15,10109997PASSOSC,2025-12-11,111466,1,2,0,35.0
10109997PASSOSC_2025-12-11_G16,10109997PASSOSC,2025-12-11,110325,1,14,0,190.0
10109997PASSOSC_2025-12-11_G17,10109997PASSOSC,2025-12-11,111438,1,2,0,698.0
10109997PASSOSC_2025-12-11_G18,10109997PASSOSC,2025-12-11,140923,1,6,0,251.0
10109997PASSOSC_2025-12-11_G19,10109997PASSOSC,2025-12-11,111530,1,4,0,278.0
10109997PASSOSC_2025-12-11_G20,10109997PASSOSC,2025-12-11,117855,1,2,0,180.0
10109997PASSOSC_2025-12-11_G21,10109997PASSOSC,2025-12-11,111172,1,1,0,119.0
10109997PASSOSC_2025-12-11_G22,10109997PASSOSC,2025-12-11,141456,1,2,0,54.0
10109997PASSOSC_2025-12-11_G23,10109997PASSOSC,2025-12-11,118140,1,2,0,69.0
10109997PASSOSC_2025-12-11_G24,10109997PASSOSC,2025-12-11,109645,1,2,0,95.0
10109997PASSOSC_2025-12-11_G25,10109997PASSOSC,2025-12-11,111463,1,4,0,188.0
10109997PASSOSC_2025-12-11_G26,10109997PASSOSC,2025-12-11,117821,1,2,0,222.0
10109997PASSOSC_2025-12-11_G27,10109997PASSOSC,2025-12-11,111465,1,2,0,88.0
10109997PASSOSC_2025-12-11_G28,10109997PASSOSC,2025-12-11,117832,1,2,0,132.0
10109997PASSOSC_2025-12-11_G29,10109997PASSOSC,2025-12-11,109643,1,1,0,131.0
10109997PASSOSC_2025-12-12_G02,10109997PASSOSC,2025-12-12,141155,1,14,0,339.0
10109997PASSOSC_2025-12-12_G03,10109997PASSOSC,2025-12-12,111737,1,8,0,110.0
10109997PASSOSC_2025-12-12_G04,10109997PASSOSC,2025-12-12,111761,1,12,0,467.0
10109997PASSOSC_2025-12-12_G05,10109997PASSOSC,2025-12-12,111722,1,34,0,1225.0
10109997PASSOSC_2025-12-12_G06,10109997PASSOSC,2025-12-12,111634,1,12,0,260.0
10109997PASSOSC_2025-12-12_G07,10109997PASSOSC,2025-12-12,111655,1,3,0,630.0
10109997PASSOSC_2025-12-12_G08,10109997PASSOSC,2025-12-12,117855,1,2,0,728.0
10109997PASSOSC_2025-12-12_G09,10109997PASSOSC,2025-12-12,111467,1,2,0,157.0
10109997PASSOSC_2025-12-12_G10,10109997PASSOSC,2025-12-12,111418,1,65,0,866.0
10109997PASSOSC_2025-12-12_G11,10109997PASSOSC,2025-12-12,111466,1,4,0,751.0
10109997PASSOSC_2025-12-12_G13,10109997PASSOSC,2025-12-12,140923,1,80,0,712.0
10109997PASSOSC_2025-12-12_G14,10109997PASSOSC,2025-12-12,110711,1,30,0,346.0
10109997PASSOSC_2025-12-12_G15,10109997PASSOSC,2025-12-12,111530,1,100,0,623.0
10109997PASSOSC_2025-12-12_G16,10109997PASSOSC,2025-12-12,111353,1,2,0,74.0
10109997PASSOSC_2025-12-12_G17,10109997PASSOSC,2025-12-12,109647,1,4,0,89.0
10109997PASSOSC_2025-12-12_G18,10109997PASSOSC,2025-12-12,111467,1,14,0,737.0
10109997PASSOSC_2025-12-12_G19,10109997PASSOSC,2025-12-12,106860,1,2,0,160.0
10109997PASSOSC_2025-12-12_G20,10109997PASSOSC,2025-12-12,110129,1,2,0,296.0
10109997PASSOSC_2025-12-12_G21,10109997PASSOSC,2025-12-12,111172,1,24,0,271.0
10109997PASSOSC_2025-12-12_G22,10109997PASSOSC,2025-12-12,118140,1,30,0,494.0
10109997PASSOSC_2025-12-12_G23,10109997PASSOSC,2025-12-12,110740,1,9,0,177.0
10109997PASSOSC_2025-12-12_G24,10109997PASSOSC,2025-12-12,111431,1,8,0,146.0
10109997PASSOSC_2025-12-12_G25,10109997PASSOSC,2025-12-12,118326,1,8,0,113.0
10109997PASSOSC_2025-12-12_G26,10109997PASSOSC,2025-12-12,117787,1,10,0,159.0
10109997PASSOSC_2025-12-12_G27,10109997PASSOSC,2025-12-12,108795,1,7,0,136.0
10109997PASSOSC_2025-12-12_G28,10109997PASSOSC,2025-12-12,141456,1,6,0,1525.0
10109997PASSOSC_2025-12-12_G29,10109997PASSOSC,2025-12-12,141456,1,12,0,123.0
10109997PASSOSC_2025-12-12_G30,10109997PASSOSC,2025-12-12,111463,1,6,0,128.0
10109997PASSOSC_2025-12-12_G31,10109997PASSOSC,2025-12-12,111743,1,3,0,267.0
10109997PASSOSC_2025-12-12_G32,10109997PASSOSC,2025-12-12,108711,1,2,0,88.0
10109997PASSOSC_2025-12-12_G33,10109997PASSOSC,2025-12-12,141457,1,2,0,131.0
10109997PASSOSC_2025-12-12_G35,10109997PASSOSC,2025-12-12,117831,1,8,0,76.0
10109997PASSOSC_2025-12-12_G36,10109997PASSOSC,2025-12-12,107236,1,4,0,89.0
10109997PASSOSC_2025-12-12_G37,10109997PASSOSC,2025-12-12,110740,1,4,0,79.0
10109997PASSOSC_2025-12-12_G38,10109997PASSOSC,2025-12-12,117785,1,12,0,133.0
10109997PASSOSC_2025-12-12_G39,10109997PASSOSC,2025-12-12,117935,1,4,0,1315.0
10109997PASSOSC_2025-12-12_G40,10109997PASSOSC,2025-12-12,111530,1,4,0,153.0
10109997PASSOSC_2025-12-12_G41,10109997PASSOSC,2025-12-12,111418,1,1,0,96.0
10109997PASSOSC_2025-12-13_G02,10109997PASSOSC,2025-12-13,110711,1,4,0,335.0
10109997PASSOSC_2025-12-13_G03,10109997PASSOSC,2025-12-13,117935,1,4,0,562.0
10109997PASSOSC_2025-12-13_G04,10109997PASSOSC,2025-12-13,140923,1,2,0,54.0
10109997PASSOSC_2025-12-13_G05,10109997PASSOSC,2025-12-13,111418,1,2,0,103.0
10109997PASSOSC_2025-12-13_G06,10109997PASSOSC,2025-12-13,111463,1,2,0,68.0
10109997PASSOSC_2025-12-13_G07,10109997PASSOSC,2025-12-13,110374,1,4,0,96.0
10109997PASSOSC_2025-12-13_G08,10109997PASSOSC,2025-12-13,117832,1,2,0,92.0
10109997PASSOSC_2025-12-13_G09,10109997PASSOSC,2025-12-13,141457,1,2,0,104.0
10109997PASSOSC_2025-12-13_G10,10109997PASSOSC,2025-12-13,117785,1,4,0,96.0
10109997PASSOSC_2025-12-13_G11,10109997PASSOSC,2025-12-13,109643,1,2,0,88.0
10109997PASSOSC_2025-12-13_G12,10109997PASSOSC,2025-12-13,141456,1,2,0,421.0
10109997PASSOSC_2025-12-13_G13,10109997PASSOSC,2025-12-13,110740,1,2,0,160.0
10109997PASSOSC_2025-12-13_G14,10109997PASSOSC,2025-12-13,118222,1,4,0,280.0
10109997PASSOSC_2025-12-13_G15,10109997PASSOSC,2025-12-13,110339,1,2,0,156.0
10109997PASSOSC_2025-12-13_G16,10109997PASSOSC,2025-12-13,111530,1,2,0,121.0
10109997PASSOSC_2025-12-13_G17,10109997PASSOSC,2025-12-13,110371,1,1,0,123.0
10109997PASSOSC_2025-12-13_G18,10109997PASSOSC,2025-12-13,110372,1,2,0,178.0
10109997PASSOSC_2025-12-13_G19,10109997PASSOSC,2025-12-13,110325,1,2,0,91.0
10109997PASSOSC_2025-12-13_G20,10109997PASSOSC,2025-12-13,117935,1,2,0,306.0
10109997PASSOSC_2025-12-13_G21,10109997PASSOSC,2025-12-13,111530,1,8,0,91.0
10109997PASSOSC_2025-12-13_G22,10109997PASSOSC,2025-12-13,108772,1,4,0,104.0
10109997PASSOSC_2025-12-13_G23,10109997PASSOSC,2025-12-13,111418,1,2,0,83.0
10109997PASSOSC_2025-12-13_G24,10109997PASSOSC,2025-12-13,118222,1,28,0,631.0
10109997PASSOSC_2025-12-13_G25,10109997PASSOSC,2025-12-13,111438,1,8,0,821.0
10109997PASSOSC_2025-12-13_G26,10109997PASSOSC,2025-12-13,111569,1,2,0,84.0
10109997PASSOSC_2025-12-13_G27,10109997PASSOSC,2025-12-13,111430,1,2,0,55.0
10109997PASSOSC_2025-12-13_G28,10109997PASSOSC,2025-12-13,110895,1,4,0,83.0
10109997PASSOSC_2025-12-13_G29,10109997PASSOSC,2025-12-13,110755,1,16,0,378.0
10109997PASSOSC_2025-12-13_G30,10109997PASSOSC,2025-12-13,141318,1,4,0,234.0
10109997PASSOSC_2025-12-13_G31,10109997PASSOSC,2025-12-13,140911,1,2,0,50.0
10109997PASSOSC_2025-12-13_G32,10109997PASSOSC,2025-12-13,118290,1,2,0,84.0
10109997PASSOSC_2025-12-13_G33,10109997PASSOSC,2025-12-13,110747,1,2,0,137.0
10109997PASSOSC_2025-12-13_G34,10109997PASSOSC,2025-12-13,110374,1,8,0,171.0
10109997PASSOSC_2025-12-13_G35,10109997PASSOSC,2025-12-13,110371,1,5,0,128.0
10109997PASSOSC_2025-12-13_G36,10109997PASSOSC,2025-12-13,117832,1,6,0,90.0
10109997PASSOSC_2025-12-13_G37,10109997PASSOSC,2025-12-13,110325,1,27,0,1576.0
10109997PASSOSC_2025-12-13_G38,10109997PASSOSC,2025-12-13,110372,1,17,0,990.0
10109997PASSOSC_2025-12-14_G02,10109997PASSOSC,2025-12-14,117788,1,2,0,99.0
10109997PASSOSC_2025-12-14_G03,10109997PASSOSC,2025-12-14,118140,1,4,0,630.0
10109997PASSOSC_2025-12-14_G04,10109997PASSOSC,2025-12-14,117862,1,6,0,236.0
10109997PASSOSC_2025-12-14_G05,10109997PASSOSC,2025-12-14,111462,1,2,0,99.0
10109997PASSOSC_2025-12-14_G06,10109997PASSOSC,2025-12-14,141458,1,3,0,308.0
10109997PASSOSC_2025-12-14_G07,10109997PASSOSC,2025-12-14,118299,1,20,0,213.0
10109997PASSOSC_2025-12-14_G08,10109997PASSOSC,2025-12-14,100334,1,4,0,559.0
10109997PASSOSC_2025-12-14_G09,10109997PASSOSC,2025-12-14,110748,1,4,0,421.0
10109997PASSOSC_2025-12-14_G10,10109997PASSOSC,2025-12-14,141456,1,2,0,104.0
10109997PASSOSC_2025-12-14_G11,10109997PASSOSC,2025-12-14,111418,1,20,0,250.0
10109997PASSOSC_2025-12-14_G12,10109997PASSOSC,2025-12-14,117808,1,22,0,1153.0
10109997PASSOSC_2025-12-14_G13,10109997PASSOSC,2025-12-14,110373,1,22,0,554.0
10109997PASSOSC_2025-12-14_G14,10109997PASSOSC,2025-12-14,110373,1,6,0,59.0
10109997PASSOSC_2025-12-14_G15,10109997PASSOSC,2025-12-14,111530,1,2,0,609.0
10109997PASSOSC_2025-12-14_G16,10109997PASSOSC,2025-12-14,110325,1,2,0,104.0
10109997PASSOSC_2025-12-14_G17,10109997PASSOSC,2025-12-14,141823,1,6,0,165.0
10109997PASSOSC_2025-12-14_G18,10109997PASSOSC,2025-12-14,111438,1,4,0,167.0
10109997PASSOSC_2025-12-14_G19,10109997PASSOSC,2025-12-14,107888,1,20,0,2163.0
10109997PASSOSC_2025-12-14_G20,10109997PASSOSC,2025-12-14,115234,1,8,0,112.0
10109997PASSOSC_2025-12-14_G21,10109997PASSOSC,2025-12-14,111430,1,16,0,406.0
10109997PASSOSC_2025-12-14_G22,10109997PASSOSC,2025-12-14,115821,1,8,0,291.0
10109997PASSOSC_2025-12-15_G02,10109997PASSOSC,2025-12-15,117836,1,20,0,430.0
10109997PASSOSC_2025-12-15_G03,10109997PASSOSC,2025-12-15,111356,1,4,0,96.0
10109997PASSOSC_2025-12-15_G04,10109997PASSOSC,2025-12-15,110755,1,6,0,196.0
10109997PASSOSC_2025-12-15_G05,10109997PASSOSC,2025-12-15,141916,1,80,0,698.0
10109997PASSOSC_2025-12-15_G06,10109997PASSOSC,2025-12-15,118290,1,1,0,300.0
10109997PASSOSC_2025-12-15_G07,10109997PASSOSC,2025-12-15,110582,1,3,0,161.0
10109997PASSOSC_2025-12-15_G08,10109997PASSOSC,2025-12-15,110834,1,2,0,203.0
10109997PASSOSC_2025-12-15_G09,10109997PASSOSC,2025-12-15,111353,1,32,0,677.0
10109997PASSOSC_2025-12-15_G10,10109997PASSOSC,2025-12-15,110711,1,80,0,466.0
10109997PASSOSC_2025-12-15_G11,10109997PASSOSC,2025-12-15,140911,1,20,0,1508.0
10109997PASSOSC_2025-12-15_G12,10109997PASSOSC,2025-12-15,110582,1,5,0,537.0
10109997PASSOSC_2025-12-15_G13,10109997PASSOSC,2025-12-15,107892,1,9,0,186.0
10109997PASSOSC_2025-12-15_G14,10109997PASSOSC,2025-12-15,118418,1,5,0,207.0
10109997PASSOSC_2025-12-15_G15,10109997PASSOSC,2025-12-15,111438,1,99,0,696.0
10109997PASSOSC_2025-12-15_G16,10109997PASSOSC,2025-12-15,115234,1,2,0,819.0
10109997PASSOSC_2025-12-15_G17,10109997PASSOSC,2025-12-15,117834,1,8,0,181.0
10109997PASSOSC_2025-12-15_G18,10109997PASSOSC,2025-12-15,110311,1,2,0,447.0
10109997PASSOSC_2025-12-15_G19,10109997PASSOSC,2025-12-15,118417,1,12,0,139.0
10109997PASSOSC_2025-12-15_G20,10109997PASSOSC,2025-12-15,100334,1,6,0,136.0
10109997PASSOSC_2025-12-15_G22,10109997PASSOSC,2025-12-15,111569,1,4,0,163.0
10109997PASSOSC_2025-12-15_G23,10109997PASSOSC,2025-12-15,111466,1,10,0,230.0
10109997PASSOSC_2025-12-15_G24,10109997PASSOSC,2025-12-15,110374,1,4,0,226.0
10109997PASSOSC_2025-12-15_G25,10109997PASSOSC,2025-12-15,118222,1,1,0,898.0
10109997PASSOSC_2025-12-15_G26,10109997PASSOSC,2025-12-15,118222,1,4,0,356.0
10109997PASSOSC_2025-12-15_G27,10109997PASSOSC,2025-12-15,111438,1,38,0,198.0
10109997PASSOSC_2025-12-15_G28,10109997PASSOSC,2025-12-15,111438,1,38,0,909.0
10109997PASSOSC_2025-12-15_G29,10109997PASSOSC,2025-12-15,115234,1,4,0,470.0
10109997PASSOSC_2025-12-15_G30,10109997PASSOSC,2025-12-15,111569,2,16,17,324.0
10109997PASSOSC_2025-12-15_G31,10109997PASSOSC,2025-12-15,110895,1,2,0,194.0
10109997PASSOSC_2025-12-15_G32,10109997PASSOSC,2025-12-15,115775,1,10,0,406.0
10109997PASSOSC_2025-12-15_G33,10109997PASSOSC,2025-12-15,118290,1,5,0,435.0
10109997PASSOSC_2025-12-15_G34,10109997PASSOSC,2025-12-15,118290,1,10,0,197.0
10109997PASSOSC_2025-12-15_G35,10109997PASSOSC,2025-12-15,111445,2,14,11,934.0
10109997PASSOSC_2025-12-15_G37,10109997PASSOSC,2025-12-15,110325,1,8,0,185.0
10109997PASSOSC_2025-12-16_G02,10109997PASSOSC,2025-12-16,118222,1,22,0,2903.0
10109997PASSOSC_2025-12-16_G03,10109997PASSOSC,2025-12-16,110755,1,12,0,618.0
10109997PASSOSC_2025-12-16_G04,10109997PASSOSC,2025-12-16,100334,1,4,0,166.0
10109997PASSOSC_2025-12-16_G05,10109997PASSOSC,2025-12-16,110339,1,15,0,1384.0
10109997PASSOSC_2025-12-16_G06,10109997PASSOSC,2025-12-16,117853,1,20,0,225.0
10109997PASSOSC_2025-12-16_G07,10109997PASSOSC,2025-12-16,110711,1,28,0,439.0
10109997PASSOSC_2025-12-16_G08,10109997PASSOSC,2025-12-16,110374,1,50,0,621.0
10109997PASSOSC_2025-12-16_G09,10109997PASSOSC,2025-12-16,117808,1,333,0,695.0
10109997PASSOSC_2025-12-16_G10,10109997PASSOSC,2025-12-16,110371,1,175,0,668.0
10109997PASSOSC_2025-12-16_G11,10109997PASSOSC,2025-12-16,118299,1,508,0,1447.0
10109997PASSOSC_2025-12-16_G12,10109997PASSOSC,2025-12-16,110372,1,125,0,484.0
10109997PASSOSC_2025-12-16_G13,10109997PASSOSC,2025-12-16,118279,1,6,0,289.0
10109997PASSOSC_2025-12-16_G14,10109997PASSOSC,2025-12-16,111602,1,70,0,237.0
10109997PASSOSC_2025-12-18_G02,10109997PASSOSC,2025-12-18,111438,1,8,0,2008.0
10109997PASSOSC_2025-12-18_G03,10109997PASSOSC,2025-12-18,111430,1,10,0,179.0
10109997PASSOSC_2025-12-18_G04,10109997PASSOSC,2025-12-18,111876,1,7,0,209.0
10109997PASSOSC_2025-12-18_G05,10109997PASSOSC,2025-12-18,117935,1,4,0,87.0
10109997PASSOSC_2025-12-18_G06,10109997PASSOSC,2025-12-18,117856,1,4,0,262.0
10109997PASSOSC_2025-12-18_G07,10109997PASSOSC,2025-12-18,111530,1,4,0,176.0
10109997PASSOSC_2025-12-18_G08,10109997PASSOSC,2025-12-18,117855,1,4,0,139.0
10109997PASSOSC_2025-12-18_G09,10109997PASSOSC,2025-12-18,117862,1,20,0,221.0
10109997PASSOSC_2025-12-18_G10,10109997PASSOSC,2025-12-18,117862,1,30,0,271.0
10109997PASSOSC_2025-12-18_G11,10109997PASSOSC,2025-12-18,110711,1,4,0,667.0
10109997PASSOSC_2025-12-18_G12,10109997PASSOSC,2025-12-18,141823,1,12,0,1499.0
10109997PASSOSC_2025-12-18_G13,10109997PASSOSC,2025-12-18,117831,1,24,0,729.0
10109997PASSOSC_2025-12-18_G14,10109997PASSOSC,2025-12-18,118140,1,50,0,1965.0
10109997PASSOSC_2025-12-19_G02,10109997PASSOSC,2025-12-19,111466,1,16,0,302.0
10109997PASSOSC_2025-12-19_G03,10109997PASSOSC,2025-12-19,117821,1,12,0,104.0
10109997PASSOSC_2025-12-19_G04,10109997PASSOSC,2025-12-19,111468,1,4,0,119.0
10109997PASSOSC_2025-12-19_G05,10109997PASSOSC,2025-12-19,110374,1,1,0,146.0
10109997PASSOSC_2025-12-19_G06,10109997PASSOSC,2025-12-19,110372,1,400,0,1015.0
10109997PASSOSC_2025-12-19_G07,10109997PASSOSC,2025-12-19,117809,1,8,0,88.0
10109997PASSOSC_2025-12-19_G08,10109997PASSOSC,2025-12-19,110371,1,30,0,451.0
10109997PASSOSC_2025-12-19_G09,10109997PASSOSC,2025-12-19,110376,1,4,0,549.0
10109997PASSOSC_2025-12-19_G10,10109997PASSOSC,2025-12-19,109643,1,8,0,144.0
10109997PASSOSC_2025-12-19_G11,10109997PASSOSC,2025-12-19,117830,1,250,0,397.0
10109997PASSOSC_2025-12-19_G12,10109997PASSOSC,2025-12-19,118253,1,4,0,405.0
10109997PASSOSC_2025-12-19_G13,10109997PASSOSC,2025-12-19,110741,1,2,0,401.0
10109997PASSOSC_2025-12-19_G14,10109997PASSOSC,2025-12-19,141823,1,3,0,142.0
10109997PASSOSC_2025-12-19_G15,10109997PASSOSC,2025-12-19,117831,1,14,0,150.0
10109997PASSOSC_2025-12-19_G16,10109997PASSOSC,2025-12-19,109640,1,20,0,196.0
10109997PASSOSC_2025-12-19_G17,10109997PASSOSC,2025-12-19,117856,1,8,0,229.0
10109997PASSOSC_2025-12-19_G18,10109997PASSOSC,2025-12-19,118140,1,20,0,298.0
10109997PASSOSC_2025-12-19_G20,10109997PASSOSC,2025-12-19,117786,1,4,0,115.0
10109997PASSOSC_2025-12-19_G21,10109997PASSOSC,2025-12-19,110339,1,5,0,71.0
10109997PASSOSC_2025-12-19_G22,10109997PASSOSC,2025-12-19,110748,1,12,0,173.0
10109997PASSOSC_2025-12-19_G23,10109997PASSOSC,2025-12-19,105705,1,2,0,123.0
10109997PASSOSC_2025-12-19_G24,10109997PASSOSC,2025-12-19,110740,1,2,0,114.0
10109997PASSOSC_2025-12-19_G25,10109997PASSOSC,2025-12-19,110374,1,8,0,225.0
10109997PASSOSC_2025-12-19_G26,10109997PASSOSC,2025-12-19,117832,1,2,0,199.0
10109997PASSOSC_2025-12-19_G27,10109997PASSOSC,2025-12-19,117935,1,4,0,863.0
10109997PASSOSC_2025-12-19_G28,10109997PASSOSC,2025-12-19,111469,1,4,0,197.0
10109997PASSOSC_2025-12-19_G29,10109997PASSOSC,2025-12-19,118299,1,4,0,129.0
10109997PASSOSC_2025-12-19_G30,10109997PASSOSC,2025-12-19,110373,1,4,0,194.0
10109997PASSOSC_2025-12-19_G31,10109997PASSOSC,2025-12-19,111467,1,12,0,893.0
10109997PASSOSC_2025-12-19_G32,10109997PASSOSC,2025-12-19,117861,1,16,0,364.0
10109997PASSOSC_2025-12-19_G33,10109997PASSOSC,2025-12-19,118298,1,10,0,278.0
10109997PASSOSC_2025-12-19_G34,10109997PASSOSC,2025-12-19,117786,1,10,0,199.0
10109997PASSOSC_2025-12-19_G35,10109997PASSOSC,2025-12-19,117862,1,50,0,465.0
10109997PASSOSC_2025-12-19_G36,10109997PASSOSC,2025-12-19,110372,1,100,0,170.0
10109997PASSOSC_2025-12-19_G37,10109997PASSOSC,2025-12-19,110371,1,20,0,440.0
10109997PASSOSC_2025-12-19_G38,10109997PASSOSC,2025-12-19,117830,2,30,13,126.0
10109997PASSOSC_2025-12-19_G39,10109997PASSOSC,2025-12-19,117820,1,22,0,251.0
10109997PASSOSC_2025-12-19_G40,10109997PASSOSC,2025-12-19,117820,2,82,22,248.0
10109997PASSOSC_2025-12-19_G41,10109997PASSOSC,2025-12-19,117832,1,10,0,551.0
10109997PASSOSC_2025-12-19_G42,10109997PASSOSC,2025-12-19,118299,1,110,0,243.0
10109997PASSOSC_2025-12-19_G43,10109997PASSOSC,2025-12-19,110325,1,20,0,352.0
10109997PASSOSC_2025-12-19_G44,10109997PASSOSC,2025-12-19,117808,1,100,0,341.0
10109997PASSOSC_2025-12-19_G45,10109997PASSOSC,2025-12-19,110373,1,100,0,311.0
10109997PASSOSC_2025-12-19_G46,10109997PASSOSC,2025-12-19,110374,1,50,0,562.0
10109997PASSOSC_2025-12-20_G02,10109997PASSOSC,2025-12-20,111438,1,14,0,337.0
10109997PASSOSC_2025-12-20_G03,10109997PASSOSC,2025-12-20,111569,1,18,0,399.0
10109997PASSOSC_2025-12-20_G04,10109997PASSOSC,2025-12-20,107254,1,17,0,399.0
10109997PASSOSC_2025-12-20_G05,10109997PASSOSC,2025-12-20,108411,1,2,0,91.0
10109997PASSOSC_2025-12-20_G06,10109997PASSOSC,2025-12-20,110682,1,2,0,97.0
10109997PASSOSC_2025-12-20_G07,10109997PASSOSC,2025-12-20,110311,1,1,0,54.0
10109997PASSOSC_2025-12-20_G08,10109997PASSOSC,2025-12-20,105359,1,2,0,110.0
10109997PASSOSC_2025-12-20_G09,10109997PASSOSC,2025-12-20,111851,1,6,0,217.0
10109997PASSOSC_2025-12-20_G10,10109997PASSOSC,2025-12-20,109974,1,1,0,54.0
10109997PASSOSC_2025-12-20_G11,10109997PASSOSC,2025-12-20,110747,1,4,0,76.0
10109997PASSOSC_2025-12-20_G12,10109997PASSOSC,2025-12-20,110310,1,1,0,48.0
10109997PASSOSC_2025-12-20_G13,10109997PASSOSC,2025-12-20,111876,1,9,0,438.0
10109997PASSOSC_2025-12-20_G14,10109997PASSOSC,2025-12-20,110339,1,10,0,211.0
10109997PASSOSC_2025-12-20_G15,10109997PASSOSC,2025-12-20,117855,1,17,0,329.0
10109997PASSOSC_2025-12-20_G16,10109997PASSOSC,2025-12-20,117862,1,33,0,532.0
10109997PASSOSC_2025-12-20_G17,10109997PASSOSC,2025-12-20,117862,1,145,0,374.0
10109997PASSOSC_2025-12-20_G18,10109997PASSOSC,2025-12-20,109640,1,18,0,526.0
10109997PASSOSC_2025-12-20_G19,10109997PASSOSC,2025-12-20,117809,1,33,0,431.0
10109997PASSOSC_2025-12-20_G20,10109997PASSOSC,2025-12-20,110376,1,10,0,209.0
10109997PASSOSC_2025-12-20_G21,10109997PASSOSC,2025-12-20,117820,1,72,0,353.0
10109997PASSOSC_2025-12-20_G22,10109997PASSOSC,2025-12-20,118299,1,216,0,540.0
10109997PASSOSC_2025-12-20_G23,10109997PASSOSC,2025-12-20,118299,1,104,0,539.0
10109997PASSOSC_2025-12-20_G24,10109997PASSOSC,2025-12-20,118299,1,427,0,966.0
10109997PASSOSC_2025-12-20_G25,10109997PASSOSC,2025-12-20,110375,1,33,0,407.0
10109997PASSOSC_2025-12-20_G26,10109997PASSOSC,2025-12-20,117808,2,110,17,215.0
10109997PASSOSC_2025-12-20_G27,10109997PASSOSC,2025-12-20,117808,2,91,16,33.0
10109997PASSOSC_2025-12-21_G02,10109997PASSOSC,2025-12-21,110755,1,16,0,629.0
10109997PASSOSC_2025-12-21_G03,10109997PASSOSC,2025-12-21,110755,1,12,0,261.0
10109997PASSOSC_2025-12-21_G04,10109997PASSOSC,2025-12-21,117935,1,3,0,1056.0
10109997PASSOSC_2025-12-21_G05,10109997PASSOSC,2025-12-21,111602,1,25,0,592.0
10109997PASSOSC_2025-12-21_G06,10109997PASSOSC,2025-12-21,111530,1,23,0,223.0
10109997PASSOSC_2025-12-21_G07,10109997PASSOSC,2025-12-21,117862,1,3,0,167.0
10109997PASSOSC_2025-12-21_G08,10109997PASSOSC,2025-12-21,110743,1,4,0,378.0
10109997PASSOSC_2025-12-21_G09,10109997PASSOSC,2025-12-21,117785,1,13,0,139.0
10109997PASSOSC_2025-12-21_G10,10109997PASSOSC,2025-12-21,111532,1,20,0,308.0
10109997PASSOSC_2025-12-21_G11,10109997PASSOSC,2025-12-21,105705,1,1,0,668.0
10109997PASSOSC_2025-12-21_G12,10109997PASSOSC,2025-12-21,117831,1,7,0,76.0
10109997PASSOSC_2025-12-21_G13,10109997PASSOSC,2025-12-21,111443,1,4,0,131.0
10109997PASSOSC_2025-12-21_G14,10109997PASSOSC,2025-12-21,111466,1,29,0,207.0
10109997PASSOSC_2025-12-21_G15,10109997PASSOSC,2025-12-21,141458,1,4,0,132.0
10109997PASSOSC_2025-12-21_G16,10109997PASSOSC,2025-12-21,110372,1,17,0,1783.0
10109997PASSOSC_2025-12-21_G17,10109997PASSOSC,2025-12-21,117830,1,6,0,175.0
10109997PASSOSC_2025-12-21_G18,10109997PASSOSC,2025-12-21,110325,1,27,0,409.0
10109997PASSOSC_2025-12-21_G19,10109997PASSOSC,2025-12-21,110373,1,90,0,685.0
10109997PASSOSC_2025-12-22_G02,10109997PASSOSC,2025-12-22,117820,1,4,0,153.0
10109997PASSOSC_2025-12-22_G03,10109997PASSOSC,2025-12-22,117820,1,2,0,374.0
10109997PASSOSC_2025-12-22_G04,10109997PASSOSC,2025-12-22,111469,1,4,0,216.0
10109997PASSOSC_2025-12-22_G05,10109997PASSOSC,2025-12-22,117820,1,14,0,410.0
10109997PASSOSC_2025-12-22_G06,10109997PASSOSC,2025-12-22,111530,1,14,0,231.0
10109997PASSOSC_2025-12-22_G07,10109997PASSOSC,2025-12-22,111530,1,5,0,697.0
10109997PASSOSC_2025-12-22_G08,10109997PASSOSC,2025-12-22,110711,1,5,0,333.0
10109997PASSOSC_2025-12-22_G09,10109997PASSOSC,2025-12-22,110711,1,6,0,442.0
10109997PASSOSC_2025-12-22_G10,10109997PASSOSC,2025-12-22,117820,1,6,0,415.0
10109997PASSOSC_2025-12-22_G11,10109997PASSOSC,2025-12-22,111330,1,4,0,499.0
10109997PASSOSC_2025-12-22_G12,10109997PASSOSC,2025-12-22,111330,1,4,0,102.0
10109997PASSOSC_2025-12-22_G13,10109997PASSOSC,2025-12-22,111330,1,8,0,915.0
10109997PASSOSC_2025-12-22_G14,10109997PASSOSC,2025-12-22,111330,1,5,0,48.0
10109997PASSOSC_2025-12-22_G15,10109997PASSOSC,2025-12-22,111330,1,4,0,163.0
10109997PASSOSC_2025-12-22_G16,10109997PASSOSC,2025-12-22,141458,1,2,0,1235.0
10109997PASSOSC_2025-12-22_G17,10109997PASSOSC,2025-12-22,117809,1,2,0,1635.0
10109997PASSOSC_2025-12-22_G18,10109997PASSOSC,2025-12-22,117830,1,1,0,167.0
10109997PASSOSC_2025-12-22_G19,10109997PASSOSC,2025-12-22,117808,1,20,0,375.0
10109997PASSOSC_2025-12-22_G20,10109997PASSOSC,2025-12-22,140923,1,2,0,598.0
10109997PASSOSC_2025-12-22_G21,10109997PASSOSC,2025-12-22,117786,1,2,0,135.0
10109997PASSOSC_2025-12-22_G22,10109997PASSOSC,2025-12-22,141823,1,2,0,155.0
10109997PASSOSC_2025-12-22_G23,10109997PASSOSC,2025-12-22,109645,1,2,0,113.0
10109997PASSOSC_2025-12-22_G24,10109997PASSOSC,2025-12-22,141457,1,2,0,129.0
10109997PASSOSC_2025-12-22_G25,10109997PASSOSC,2025-12-22,117821,1,4,0,115.0
10109997PASSOSC_2025-12-22_G27,10109997PASSOSC,2025-12-22,141047,1,20,0,117.0
10109997PASSOSC_2025-12-22_G28,10109997PASSOSC,2025-12-22,110756,1,4,0,283.0
10109997PASSOSC_2025-12-22_G29,10109997PASSOSC,2025-12-22,110748,1,8,0,490.0
10109997PASSOSC_2025-12-22_G30,10109997PASSOSC,2025-12-22,117842,1,6,0,337.0
10109997PASSOSC_2025-12-22_G31,10109997PASSOSC,2025-12-22,111418,1,551,0,1375.0
10109997PASSOSC_2025-12-22_G32,10109997PASSOSC,2025-12-22,111182,1,6,0,247.0
10109997PASSOSC_2025-12-22_G33,10109997PASSOSC,2025-12-22,110129,1,20,0,67.0
10109997PASSOSC_2025-12-22_G34,10109997PASSOSC,2025-12-22,117833,1,87,0,1043.0
10109997PASSOSC_2025-12-22_G35,10109997PASSOSC,2025-12-22,111433,1,9,0,443.0
10109997PASSOSC_2025-12-22_G36,10109997PASSOSC,2025-12-22,111466,1,128,0,2568.0
10109997PASSOSC_2025-12-22_G37,10109997PASSOSC,2025-12-22,141458,1,50,0,551.0
10109997PASSOSC_2025-12-23_G02,10109997PASSOSC,2025-12-23,110747,1,10,0,655.0
10109997PASSOSC_2025-12-23_G03,10109997PASSOSC,2025-12-23,110747,1,12,0,183.0
10109997PASSOSC_2025-12-23_G04,10109997PASSOSC,2025-12-23,110372,1,100,0,283.0
10109997PASSOSC_2025-12-23_G05,10109997PASSOSC,2025-12-23,110371,1,8,0,233.0
10109997PASSOSC_2025-12-23_G06,10109997PASSOSC,2025-12-23,110371,1,8,0,316.0
10109997PASSOSC_2025-12-23_G07,10109997PASSOSC,2025-12-23,117820,1,50,0,426.0
10109997PASSOSC_2025-12-23_G08,10109997PASSOSC,2025-12-23,117820,1,112,0,386.0
10109997PASSOSC_2025-12-23_G09,10109997PASSOSC,2025-12-23,117830,1,50,0,448.0
10109997PASSOSC_2025-12-23_G10,10109997PASSOSC,2025-12-23,117832,1,3,0,1123.0
10109997PASSOSC_2025-12-23_G11,10109997PASSOSC,2025-12-23,118299,1,40,0,632.0
10109997PASSOSC_2025-12-23_G12,10109997PASSOSC,2025-12-23,118299,2,74,20,60.0
10109997PASSOSC_2025-12-23_G13,10109997PASSOSC,2025-12-23,118299,1,126,0,1193.0
10109997PASSOSC_2025-12-23_G14,10109997PASSOSC,2025-12-23,110325,1,3,0,667.0
10109997PASSOSC_2025-12-23_G15,10109997PASSOSC,2025-12-23,117820,2,48,14,962.0
10109997PASSOSC_2025-12-23_G16,10109997PASSOSC,2025-12-23,141457,1,80,0,1178.0
10109997PASSOSC_2025-12-23_G18,10109997PASSOSC,2025-12-23,111569,1,8,0,609.0
10109997PASSOSC_2025-12-23_G19,10109997PASSOSC,2025-12-23,108794,1,13,0,1304.0
10109997PASSOSC_2025-12-23_G20,10109997PASSOSC,2025-12-23,116241,1,8,0,272.0
10109997PASSOSC_2025-12-23_G21,10109997PASSOSC,2025-12-23,117785,1,24,0,260.0
10109997PASSOSC_2025-12-23_G22,10109997PASSOSC,2025-12-23,111463,1,40,0,507.0
10109997PASSOSC_2025-12-23_G23,10109997PASSOSC,2025-12-23,117841,1,10,0,299.0
10109997PASSOSC_2025-12-23_G24,10109997PASSOSC,2025-12-23,111469,1,32,0,235.0
10109997PASSOSC_2025-12-23_G25,10109997PASSOSC,2025-12-23,111418,1,32,0,461.0
10109997PASSOSC_2025-12-23_G26,10109997PASSOSC,2025-12-23,111418,1,70,0,393.0
10109997PASSOSC_2025-12-23_G27,10109997PASSOSC,2025-12-23,111468,1,14,0,201.0
10109997PASSOSC_2025-12-23_G28,10109997PASSOSC,2025-12-23,111468,1,8,0,43.0
10109997PASSOSC_2025-12-23_G29,10109997PASSOSC,2025-12-23,110129,1,5,0,316.0
10109997PASSOSC_2025-12-23_G30,10109997PASSOSC,2025-12-23,117808,1,212,0,311.0
10109997PASSOSC_2025-12-23_G31,10109997PASSOSC,2025-12-23,117808,1,409,0,406.0
10109997PASSOSC_2025-12-23_G32,10109997PASSOSC,2025-12-23,117808,1,352,0,512.0
10109997PASSOSC_2025-12-23_G33,10109997PASSOSC,2025-12-23,118299,1,108,0,1621.0
10109997PASSOSC_2025-12-23_G35,10109997PASSOSC,2025-12-23,110711,1,6,0,208.0
10109997PASSOSC_2025-12-23_G36,10109997PASSOSC,2025-12-23,111172,1,4,0,262.0
10109997PASSOSC_2025-12-23_G37,10109997PASSOSC,2025-12-23,110787,1,2,0,145.0
10109997PASSOSC_2025-12-23_G38,10109997PASSOSC,2025-12-23,110742,1,2,0,92.0
10109997PASSOSC_2025-12-24_G02,10109997PASSOSC,2025-12-24,110787,1,4,0,104.0
10109997PASSOSC_2025-12-24_G03,10109997PASSOSC,2025-12-24,118299,1,6,0,501.0
10109997PASSOSC_2025-12-24_G04,10109997PASSOSC,2025-12-24,110742,1,6,0,146.0
10109997PASSOSC_2025-12-24_G05,10109997PASSOSC,2025-12-24,117820,1,2,0,171.0
10109997PASSOSC_2025-12-24_G06,10109997PASSOSC,2025-12-24,110787,1,3,0,398.0
10109997PASSOSC_2025-12-24_G07,10109997PASSOSC,2025-12-24,111469,1,4,0,143.0
10109997PASSOSC_2025-12-24_G08,10109997PASSOSC,2025-12-24,117788,1,4,0,270.0
10109997PASSOSC_2025-12-24_G09,10109997PASSOSC,2025-12-24,110787,1,1,0,160.0
10109997PASSOSC_2025-12-24_G10,10109997PASSOSC,2025-12-24,110787,1,5,0,36.0
10109997PASSOSC_2025-12-24_G11,10109997PASSOSC,2025-12-24,110742,1,6,0,218.0
10109997PASSOSC_2025-12-24_G12,10109997PASSOSC,2025-12-24,110787,1,2,0,109.0
10109997PASSOSC_2025-12-24_G13,10109997PASSOSC,2025-12-24,110787,1,6,0,292.0
10109997PASSOSC_2025-12-24_G14,10109997PASSOSC,2025-12-24,111418,1,7,0,169.0
10109997PASSOSC_2025-12-24_G15,10109997PASSOSC,2025-12-24,117808,1,6,0,123.0
10109997PASSOSC_2025-12-24_G16,10109997PASSOSC,2025-12-24,118299,1,6,0,140.0
10109997PASSOSC_2025-12-24_G17,10109997PASSOSC,2025-12-24,117788,1,4,0,314.0
10109997PASSOSC_2025-12-24_G18,10109997PASSOSC,2025-12-24,110787,1,4,0,146.0
10109997PASSOSC_2025-12-24_G19,10109997PASSOSC,2025-12-24,118299,1,11,0,116.0
10109997PASSOSC_2025-12-24_G20,10109997PASSOSC,2025-12-24,117808,1,12,0,138.0
10109997PASSOSC_2025-12-24_G21,10109997PASSOSC,2025-12-24,141313,1,4,0,3342.0
10109997PASSOSC_2025-12-24_G22,10109997PASSOSC,2025-12-24,111172,1,4,0,159.0
10109997PASSOSC_2025-12-24_G23,10109997PASSOSC,2025-12-24,110787,1,4,0,112.0
10109997PASSOSC_2025-12-24_G24,10109997PASSOSC,2025-12-24,111418,1,8,0,176.0
10109997PASSOSC_2025-12-24_G25,10109997PASSOSC,2025-12-24,118299,1,3,0,79.0
10109997PASSOSC_2025-12-24_G26,10109997PASSOSC,2025-12-24,110742,1,6,0,251.0
10109997PASSOSC_2025-12-26_G02,10109997PASSOSC,2025-12-26,140923,1,2,0,79.0
10109997PASSOSC_2025-12-26_G03,10109997PASSOSC,2025-12-26,117856,1,6,0,113.0
10109997PASSOSC_2025-12-26_G04,10109997PASSOSC,2025-12-26,111602,1,2,0,256.0
10109997PASSOSC_2025-12-26_G05,10109997PASSOSC,2025-12-26,111467,1,2,0,165.0
10109997PASSOSC_2025-12-26_G06,10109997PASSOSC,2025-12-26,117833,1,1,0,85.0
10109997PASSOSC_2025-12-26_G07,10109997PASSOSC,2025-12-26,108795,1,2,0,144.0
10109997PASSOSC_2025-12-26_G08,10109997PASSOSC,2025-12-26,108798,1,2,0,138.0
10109997PASSOSC_2025-12-26_G09,10109997PASSOSC,2025-12-26,117831,1,4,0,190.0
10109997PASSOSC_2025-12-26_G10,10109997PASSOSC,2025-12-26,117821,1,2,0,99.0
10109997PASSOSC_2025-12-26_G11,10109997PASSOSC,2025-12-26,141458,1,4,0,220.0
10109997PASSOSC_2025-12-26_G12,10109997PASSOSC,2025-12-26,117820,1,4,0,213.0
10109997PASSOSC_2025-12-26_G13,10109997PASSOSC,2025-12-26,110373,1,4,0,189.0
10109997PASSOSC_2025-12-26_G14,10109997PASSOSC,2025-12-26,140923,1,1,0,656.0
10109997PASSOSC_2025-12-26_G15,10109997PASSOSC,2025-12-26,117856,1,8,0,98.0
10109997PASSOSC_2025-12-26_G16,10109997PASSOSC,2025-12-26,111602,1,6,0,149.0
10109997PASSOSC_2025-12-26_G17,10109997PASSOSC,2025-12-26,117786,1,5,0,128.0
10109997PASSOSC_2025-12-26_G18,10109997PASSOSC,2025-12-26,111467,1,2,0,114.0
10109997PASSOSC_2025-12-26_G19,10109997PASSOSC,2025-12-26,110711,1,3,0,117.0
10109997PASSOSC_2025-12-26_G20,10109997PASSOSC,2025-12-26,117833,1,4,0,213.0
10109997PASSOSC_2025-12-26_G21,10109997PASSOSC,2025-12-26,108795,1,2,0,157.0
10109997PASSOSC_2025-12-26_G22,10109997PASSOSC,2025-12-26,117785,1,4,0,103.0
10109997PASSOSC_2025-12-26_G23,10109997PASSOSC,2025-12-26,108798,1,2,0,75.0
10109997PASSOSC_2025-12-26_G24,10109997PASSOSC,2025-12-26,108711,1,1,0,80.0
10109997PASSOSC_2025-12-26_G25,10109997PASSOSC,2025-12-26,141456,1,2,0,106.0
10109997PASSOSC_2025-12-26_G26,10109997PASSOSC,2025-12-26,141458,1,6,0,119.0
10109997PASSOSC_2025-12-26_G27,10109997PASSOSC,2025-12-26,117833,1,4,0,1413.0
10109997PASSOSC_2025-12-26_G28,10109997PASSOSC,2025-12-26,111466,1,2,0,128.0
10109997PASSOSC_2025-12-26_G29,10109997PASSOSC,2025-12-26,141823,1,1,0,82.0
10109997PASSOSC_2025-12-26_G30,10109997PASSOSC,2025-12-26,111463,1,4,0,64.0
10109997PASSOSC_2025-12-26_G31,10109997PASSOSC,2025-12-26,111469,1,3,0,489.0
10109997PASSOSC_2025-12-26_G32,10109997PASSOSC,2025-12-26,117787,1,2,0,163.0
10109997PASSOSC_2025-12-26_G33,10109997PASSOSC,2025-12-26,110374,1,2,0,144.0
10109997PASSOSC_2025-12-26_G34,10109997PASSOSC,2025-12-26,110373,1,2,0,118.0
10109997PASSOSC_2025-12-26_G35,10109997PASSOSC,2025-12-26,141202,1,2,0,94.0
10109997PASSOSC_2025-12-26_G37,10109997PASSOSC,2025-12-26,111441,1,5,0,1038.0
10109997PASSOSC_2025-12-26_G38,10109997PASSOSC,2025-12-26,111650,1,4,0,141.0
10109997PASSOSC_2025-12-27_G02,10109997PASSOSC,2025-12-27,110787,1,16,0,262.0
10109997PASSOSC_2025-12-27_G03,10109997PASSOSC,2025-12-27,110787,2,36,26,38.0
10109997PASSOSC_2025-12-27_G04,10109997PASSOSC,2025-12-27,111469,1,120,0,983.0
10109997PASSOSC_2025-12-27_G05,10109997PASSOSC,2025-12-27,111418,1,90,0,1227.0
10109997PASSOSC_2025-12-27_G06,10109997PASSOSC,2025-12-27,111418,1,303,0,1621.0
10109998FERREIRAE_2025-09-17_G02,10109998FERREIRAE,2025-09-17,110112,1,4,0,359.0
10109998FERREIRAE_2025-09-17_G03,10109998FERREIRAE,2025-09-17,110374,1,4,0,354.0
10109998FERREIRAE_2025-09-17_G04,10109998FERREIRAE,2025-09-17,110373,1,4,0,287.0
10109998FERREIRAE_2025-09-17_G05,10109998FERREIRAE,2025-09-17,117820,1,4,0,398.0
10109998FERREIRAE_2025-09-17_G06,10109998FERREIRAE,2025-09-17,117820,1,20,0,163.0
10109998FERREIRAE_2025-09-17_G07,10109998FERREIRAE,2025-09-17,117830,1,8,0,1224.0
10109998FERREIRAE_2025-09-17_G08,10109998FERREIRAE,2025-09-17,141066,1,10,0,3487.0
10109998FERREIRAE_2025-09-17_G09,10109998FERREIRAE,2025-09-17,109640,1,30,0,1502.0
10109998FERREIRAE_2025-09-17_G10,10109998FERREIRAE,2025-09-17,141202,1,16,0,1092.0
10109998FERREIRAE_2025-09-17_G11,10109998FERREIRAE,2025-09-17,118299,2,406,24,589.0
10109998FERREIRAE_2025-09-17_G13,10109998FERREIRAE,2025-09-17,109645,1,4,0,801.0
10109998FERREIRAE_2025-09-17_G14,10109998FERREIRAE,2025-09-17,109645,1,2,0,67.0
10109998FERREIRAE_2025-09-17_G15,10109998FERREIRAE,2025-09-17,117842,1,4,0,762.0
10109998FERREIRAE_2025-09-17_G16,10109998FERREIRAE,2025-09-17,141456,1,10,0,264.0
10109998FERREIRAE_2025-09-17_G17,10109998FERREIRAE,2025-09-17,111466,1,10,0,200.0
10109998FERREIRAE_2025-09-17_G18,10109998FERREIRAE,2025-09-17,110745,1,10,0,356.0
10109998FERREIRAE_2025-09-18_G02,10109998FERREIRAE,2025-09-18,111879,1,4,0,149.0
10109998FERREIRAE_2025-09-18_G03,10109998FERREIRAE,2025-09-18,117855,1,23,0,1677.0
10109998FERREIRAE_2025-09-18_G04,10109998FERREIRAE,2025-09-18,108361,1,1,0,363.0
10109998FERREIRAE_2025-09-18_G05,10109998FERREIRAE,2025-09-18,111467,1,20,0,435.0
10109998FERREIRAE_2025-09-18_G06,10109998FERREIRAE,2025-09-18,109640,1,20,0,2612.0
10109998FERREIRAE_2025-09-18_G07,10109998FERREIRAE,2025-09-18,110753,1,1,0,165.0
10109998FERREIRAE_2025-09-18_G08,10109998FERREIRAE,2025-09-18,111441,1,12,0,1814.0
10109998FERREIRAE_2025-09-18_G09,10109998FERREIRAE,2025-09-18,110755,1,4,0,246.0
10109998FERREIRAE_2025-09-18_G11,10109998FERREIRAE,2025-09-18,110787,1,8,0,269.0
10109998FERREIRAE_2025-09-18_G12,10109998FERREIRAE,2025-09-18,111569,1,12,0,480.0
10109998FERREIRAE_2025-09-18_G13,10109998FERREIRAE,2025-09-18,108711,1,4,0,335.0
10109998FERREIRAE_2025-09-18_G14,10109998FERREIRAE,2025-09-18,109640,1,20,0,1803.0
10109998FERREIRAE_2025-09-18_G15,10109998FERREIRAE,2025-09-18,109645,1,4,0,2186.0
10109998FERREIRAE_2025-09-18_G16,10109998FERREIRAE,2025-09-18,"117838, 111418",2,8,7,282.0
10109998FERREIRAE_2025-09-18_G17,10109998FERREIRAE,2025-09-18,118140,1,4,0,619.0
10109998FERREIRAE_2025-09-18_G18,10109998FERREIRAE,2025-09-18,110740,1,4,0,168.0
10109998FERREIRAE_2025-09-18_G19,10109998FERREIRAE,2025-09-18,110313,1,4,0,625.0
10109998FERREIRAE_2025-09-18_G20,10109998FERREIRAE,2025-09-18,141066,1,4,0,174.0
10109998FERREIRAE_2025-09-18_G21,10109998FERREIRAE,2025-09-18,117862,1,4,0,425.0
10109998FERREIRAE_2025-09-18_G22,10109998FERREIRAE,2025-09-18,109647,1,4,0,270.0
10109998FERREIRAE_2025-09-18_G23,10109998FERREIRAE,2025-09-18,117861,1,4,0,180.0
10109998FERREIRAE_2025-09-18_G24,10109998FERREIRAE,2025-09-18,117853,1,4,0,119.0
10109998FERREIRAE_2025-09-18_G25,10109998FERREIRAE,2025-09-18,141047,1,4,0,211.0
10109998FERREIRAE_2025-09-18_G26,10109998FERREIRAE,2025-09-18,117855,1,4,0,658.0
10109998FERREIRAE_2025-09-18_G27,10109998FERREIRAE,2025-09-18,141352,1,4,0,152.0
10109998FERREIRAE_2025-09-18_G28,10109998FERREIRAE,2025-09-18,109640,1,4,0,311.0
10109998FERREIRAE_2025-09-19_G02,10109998FERREIRAE,2025-09-19,111438,1,10,0,386.0
10109998FERREIRAE_2025-09-19_G03,10109998FERREIRAE,2025-09-19,108759,1,10,0,375.0
10109998FERREIRAE_2025-09-19_G04,10109998FERREIRAE,2025-09-19,108759,1,3,0,69.0
10109998FERREIRAE_2025-09-19_G05,10109998FERREIRAE,2025-09-19,111430,1,2,0,219.0
10109998FERREIRAE_2025-09-19_G06,10109998FERREIRAE,2025-09-19,110582,1,4,0,370.0
10109998FERREIRAE_2025-09-19_G07,10109998FERREIRAE,2025-09-19,110582,1,5,0,171.0
10109998FERREIRAE_2025-09-19_G08,10109998FERREIRAE,2025-09-19,118418,1,6,0,280.0
10109998FERREIRAE_2025-09-19_G09,10109998FERREIRAE,2025-09-19,108770,1,4,0,520.0
10109998FERREIRAE_2025-09-19_G10,10109998FERREIRAE,2025-09-19,118222,1,84,0,2360.0
10109998FERREIRAE_2025-09-19_G12,10109998FERREIRAE,2025-09-19,107629,1,12,0,2114.0
10109998FERREIRAE_2025-09-19_G13,10109998FERREIRAE,2025-09-19,111418,1,20,0,111.0
10109998FERREIRAE_2025-09-19_G14,10109998FERREIRAE,2025-09-19,105705,1,12,0,318.0
10109998FERREIRAE_2025-09-19_G15,10109998FERREIRAE,2025-09-19,107236,1,6,0,166.0
10109998FERREIRAE_2025-09-19_G16,10109998FERREIRAE,2025-09-19,111465,1,12,0,302.0
10109998FERREIRAE_2025-09-19_G17,10109998FERREIRAE,2025-09-19,117861,1,6,0,422.0
10109998FERREIRAE_2025-09-19_G18,10109998FERREIRAE,2025-09-19,110733,1,8,0,208.0
10109998FERREIRAE_2025-09-19_G19,10109998FERREIRAE,2025-09-19,117853,1,8,0,154.0
10109998FERREIRAE_2025-09-19_G20,10109998FERREIRAE,2025-09-19,141047,1,12,0,437.0
10109998FERREIRAE_2025-09-19_G21,10109998FERREIRAE,2025-09-19,117786,1,8,0,173.0
10109998FERREIRAE_2025-09-19_G22,10109998FERREIRAE,2025-09-19,110747,1,40,0,1486.0
10109998FERREIRAE_2025-09-19_G23,10109998FERREIRAE,2025-09-19,118306,1,12,0,1185.0
10109998FERREIRAE_2025-09-19_G24,10109998FERREIRAE,2025-09-19,117862,1,60,0,1647.0
10109998FERREIRAE_2025-09-20_G02,10109998FERREIRAE,2025-09-20,111463,1,4,0,739.0
10109998FERREIRAE_2025-09-20_G03,10109998FERREIRAE,2025-09-20,111418,1,2,0,178.0
10109998FERREIRAE_2025-09-20_G04,10109998FERREIRAE,2025-09-20,117831,1,3,0,132.0
10109998FERREIRAE_2025-09-20_G05,10109998FERREIRAE,2025-09-20,118299,1,4,0,191.0
10109998FERREIRAE_2025-09-20_G06,10109998FERREIRAE,2025-09-20,110373,1,2,0,320.0
10109998FERREIRAE_2025-09-20_G07,10109998FERREIRAE,2025-09-20,117820,1,2,0,61.0
10109998FERREIRAE_2025-09-20_G08,10109998FERREIRAE,2025-09-20,111569,1,8,0,862.0
10109998FERREIRAE_2025-09-20_G09,10109998FERREIRAE,2025-09-20,111569,1,1,0,525.0
10109998FERREIRAE_2025-09-20_G10,10109998FERREIRAE,2025-09-20,111569,1,20,0,552.0
10109998FERREIRAE_2025-09-20_G11,10109998FERREIRAE,2025-09-20,111602,1,1,0,228.0
10109998FERREIRAE_2025-09-20_G12,10109998FERREIRAE,2025-09-20,111330,1,2,0,335.0
10109998FERREIRAE_2025-09-20_G13,10109998FERREIRAE,2025-09-20,110374,1,14,0,2126.0
10109998FERREIRAE_2025-09-20_G14,10109998FERREIRAE,2025-09-20,118299,1,1,0,87.0
10109998FERREIRAE_2025-09-20_G15,10109998FERREIRAE,2025-09-20,110372,1,1,0,54.0
10109998FERREIRAE_2025-09-20_G16,10109998FERREIRAE,2025-09-20,118222,1,8,0,1853.0
10109998FERREIRAE_2025-09-20_G17,10109998FERREIRAE,2025-09-20,111569,1,4,0,256.0
10109998FERREIRAE_2025-09-20_G18,10109998FERREIRAE,2025-09-20,110623,1,2,0,1121.0
10109998FERREIRAE_2025-09-20_G19,10109998FERREIRAE,2025-09-20,110623,1,4,0,74.0
10109998FERREIRAE_2025-09-20_G20,10109998FERREIRAE,2025-09-20,110733,1,1,0,137.0
10109998FERREIRAE_2025-09-20_G21,10109998FERREIRAE,2025-09-20,117855,1,4,0,149.0
10109998FERREIRAE_2025-09-20_G23,10109998FERREIRAE,2025-09-20,118317,1,30,0,1258.0
10109998FERREIRAE_2025-09-20_G24,10109998FERREIRAE,2025-09-20,117821,1,50,0,654.0
10109998FERREIRAE_2025-09-20_G25,10109998FERREIRAE,2025-09-20,108795,1,4,0,2145.0
10109998FERREIRAE_2025-09-20_G26,10109998FERREIRAE,2025-09-20,141823,1,2,0,196.0
10109998FERREIRAE_2025-09-20_G27,10109998FERREIRAE,2025-09-20,109641,1,2,0,121.0
10109998FERREIRAE_2025-09-20_G28,10109998FERREIRAE,2025-09-20,105705,1,2,0,310.0
10109998FERREIRAE_2025-09-20_G29,10109998FERREIRAE,2025-09-20,111418,1,6,0,110.0
10109998FERREIRAE_2025-09-20_G30,10109998FERREIRAE,2025-09-20,141458,1,2,0,131.0
10109998FERREIRAE_2025-09-20_G31,10109998FERREIRAE,2025-09-20,111441,1,4,0,409.0
10109998FERREIRAE_2025-09-20_G32,10109998FERREIRAE,2025-09-20,118222,1,4,0,949.0
10109998FERREIRAE_2025-09-20_G33,10109998FERREIRAE,2025-09-20,108794,1,2,0,311.0
10109998FERREIRAE_2025-09-20_G34,10109998FERREIRAE,2025-09-20,118222,1,2,0,1030.0
10109998FERREIRAE_2025-09-20_G35,10109998FERREIRAE,2025-09-20,117935,2,3,14,176.0
10109998FERREIRAE_2025-09-20_G36,10109998FERREIRAE,2025-09-20,141047,1,4,0,177.0
10109998FERREIRAE_2025-09-20_G37,10109998FERREIRAE,2025-09-20,141823,1,4,0,1513.0
10109998FERREIRAE_2025-09-20_G38,10109998FERREIRAE,2025-09-20,111348,1,2,0,804.0
10109998FERREIRAE_2025-09-22_G02,10109998FERREIRAE,2025-09-22,111467,1,1,0,118.0
10109998FERREIRAE_2025-09-22_G03,10109998FERREIRAE,2025-09-22,117786,1,2,0,125.0
10109998FERREIRAE_2025-09-22_G04,10109998FERREIRAE,2025-09-22,109640,1,3,0,114.0
10109998FERREIRAE_2025-09-22_G05,10109998FERREIRAE,2025-09-22,117837,1,4,0,372.0
10109998FERREIRAE_2025-09-22_G06,10109998FERREIRAE,2025-09-22,108711,1,2,0,208.0
10109998FERREIRAE_2025-09-22_G07,10109998FERREIRAE,2025-09-22,111743,1,2,0,118.0
10109998FERREIRAE_2025-09-22_G08,10109998FERREIRAE,2025-09-22,110787,1,3,0,112.0
10109998FERREIRAE_2025-09-22_G09,10109998FERREIRAE,2025-09-22,117785,1,7,0,154.0
10109998FERREIRAE_2025-09-22_G10,10109998FERREIRAE,2025-09-22,109641,1,4,0,352.0
10109998FERREIRAE_2025-09-22_G11,10109998FERREIRAE,2025-09-22,111418,1,4,0,350.0
10109998FERREIRAE_2025-09-22_G12,10109998FERREIRAE,2025-09-22,110745,1,4,0,160.0
10109998FERREIRAE_2025-09-22_G13,10109998FERREIRAE,2025-09-22,109643,1,2,0,324.0
10109998FERREIRAE_2025-09-22_G14,10109998FERREIRAE,2025-09-22,140922,1,1,0,962.0
10109998FERREIRAE_2025-09-22_G15,10109998FERREIRAE,2025-09-22,111743,1,4,0,146.0
10109998FERREIRAE_2025-09-22_G16,10109998FERREIRAE,2025-09-22,118140,1,4,0,149.0
10109998FERREIRAE_2025-09-22_G17,10109998FERREIRAE,2025-09-22,111418,1,2,0,81.0
10109998FERREIRAE_2025-09-22_G18,10109998FERREIRAE,2025-09-22,117820,1,6,0,268.0
10109998FERREIRAE_2025-09-22_G19,10109998FERREIRAE,2025-09-22,110325,1,1,0,66.0
10109998FERREIRAE_2025-09-22_G20,10109998FERREIRAE,2025-09-22,117830,1,2,0,409.0
10109998FERREIRAE_2025-09-22_G21,10109998FERREIRAE,2025-09-22,110325,1,3,0,70.0
10109998FERREIRAE_2025-09-22_G22,10109998FERREIRAE,2025-09-22,117855,1,261,0,3477.0
10109998FERREIRAE_2025-09-22_G23,10109998FERREIRAE,2025-09-22,111439,1,77,0,1342.0
10109998FERREIRAE_2025-09-22_G26,10109998FERREIRAE,2025-09-22,110749,1,6,0,2429.0
10109998FERREIRAE_2025-09-22_G27,10109998FERREIRAE,2025-09-22,110895,1,60,0,711.0
10109998FERREIRAE_2025-09-22_G28,10109998FERREIRAE,2025-09-22,105705,1,21,0,844.0
10109998FERREIRAE_2025-09-22_G29,10109998FERREIRAE,2025-09-22,109645,1,10,0,218.0
10109998FERREIRAE_2025-09-23_G02,10109998FERREIRAE,2025-09-23,118299,1,24,0,619.0
10109998FERREIRAE_2025-09-23_G03,10109998FERREIRAE,2025-09-23,110374,1,24,0,1029.0
10109998FERREIRAE_2025-09-23_G04,10109998FERREIRAE,2025-09-23,110372,1,24,0,1774.0
10109998FERREIRAE_2025-09-23_G05,10109998FERREIRAE,2025-09-23,118299,1,60,0,801.0
10109998FERREIRAE_2025-09-23_G06,10109998FERREIRAE,2025-09-23,117820,1,54,0,764.0
10109998FERREIRAE_2025-09-23_G07,10109998FERREIRAE,2025-09-23,111441,1,12,0,1838.0
10109998FERREIRAE_2025-09-23_G08,10109998FERREIRAE,2025-09-23,111438,1,5,0,156.0
10109998FERREIRAE_2025-09-23_G09,10109998FERREIRAE,2025-09-23,118253,1,8,0,237.0
10109998FERREIRAE_2025-09-23_G10,10109998FERREIRAE,2025-09-23,100334,1,8,0,466.0
10109998FERREIRAE_2025-09-23_G11,10109998FERREIRAE,2025-09-23,117833,1,5,0,1375.0
10109998FERREIRAE_2025-09-23_G12,10109998FERREIRAE,2025-09-23,111465,1,20,0,424.0
10109998FERREIRAE_2025-09-23_G15,10109998FERREIRAE,2025-09-23,111465,1,4,0,78.0
10109998FERREIRAE_2025-09-23_G16,10109998FERREIRAE,2025-09-23,120002,1,18,0,487.0
10109998FERREIRAE_2025-09-24_G02,10109998FERREIRAE,2025-09-24,111530,1,8,0,369.0
10109998FERREIRAE_2025-09-24_G03,10109998FERREIRAE,2025-09-24,111530,1,16,0,260.0
10109998FERREIRAE_2025-09-24_G04,10109998FERREIRAE,2025-09-24,140920,1,1,0,336.0
10109998FERREIRAE_2025-09-24_G05,10109998FERREIRAE,2025-09-24,108772,1,4,0,206.0
10109998FERREIRAE_2025-09-24_G06,10109998FERREIRAE,2025-09-24,140923,1,10,0,2494.0
10109998FERREIRAE_2025-09-24_G07,10109998FERREIRAE,2025-09-24,110841,1,1,0,2263.0
10109998FERREIRAE_2025-09-24_G08,10109998FERREIRAE,2025-09-24,111569,1,8,0,285.0
10109998FERREIRAE_2025-09-24_G09,10109998FERREIRAE,2025-09-24,110895,1,10,0,167.0
10109998FERREIRAE_2025-09-24_G10,10109998FERREIRAE,2025-09-24,140923,1,60,0,868.0
10109998FERREIRAE_2025-09-24_G11,10109998FERREIRAE,2025-09-24,111879,1,12,0,414.0
10109998FERREIRAE_2025-09-24_G13,10109998FERREIRAE,2025-09-24,111418,1,50,0,793.0
10109998FERREIRAE_2025-09-24_G14,10109998FERREIRAE,2025-09-24,140923,1,5,0,855.0
10109998FERREIRAE_2025-09-24_G15,10109998FERREIRAE,2025-09-24,140923,1,2,0,36.0
10109998FERREIRAE_2025-09-24_G16,10109998FERREIRAE,2025-09-24,140923,1,4,0,40.0
10109998FERREIRAE_2025-09-24_G17,10109998FERREIRAE,2025-09-24,140923,1,9,0,401.0
10109998FERREIRAE_2025-09-24_G18,10109998FERREIRAE,2025-09-24,111530,1,3,0,226.0
10109998FERREIRAE_2025-09-24_G19,10109998FERREIRAE,2025-09-24,111602,1,5,0,172.0
10109998FERREIRAE_2025-09-24_G20,10109998FERREIRAE,2025-09-24,111743,1,6,0,217.0
10109998FERREIRAE_2025-09-24_G21,10109998FERREIRAE,2025-09-24,118140,1,16,0,209.0
10109998FERREIRAE_2025-09-24_G22,10109998FERREIRAE,2025-09-24,118140,1,9,0,171.0
10109998FERREIRAE_2025-09-24_G23,10109998FERREIRAE,2025-09-24,140923,1,10,0,951.0
10109998FERREIRAE_2025-09-24_G24,10109998FERREIRAE,2025-09-24,140923,1,22,0,429.0
10109998FERREIRAE_2025-09-24_G25,10109998FERREIRAE,2025-09-24,118140,1,5,0,198.0
10109998FERREIRAE_2025-09-24_G26,10109998FERREIRAE,2025-09-24,118140,1,10,0,85.0
10109998FERREIRAE_2025-09-24_G27,10109998FERREIRAE,2025-09-24,111466,1,6,0,2525.0
10109998FERREIRAE_2025-09-24_G28,10109998FERREIRAE,2025-09-24,111465,1,2,0,44.0
10109998FERREIRAE_2025-09-24_G29,10109998FERREIRAE,2025-09-24,118223,1,5,0,3326.0
10109998FERREIRAE_2025-09-24_G30,10109998FERREIRAE,2025-09-24,111348,1,15,0,192.0
10109998FERREIRAE_2025-09-25_G02,10109998FERREIRAE,2025-09-25,117808,1,10,0,145.0
10109998FERREIRAE_2025-09-25_G03,10109998FERREIRAE,2025-09-25,118299,1,4,0,422.0
10109998FERREIRAE_2025-09-25_G04,10109998FERREIRAE,2025-09-25,117830,1,2,0,72.0
10109998FERREIRAE_2025-09-25_G05,10109998FERREIRAE,2025-09-25,117856,1,4,0,1044.0
10109998FERREIRAE_2025-09-25_G06,10109998FERREIRAE,2025-09-25,117862,1,3,0,140.0
10109998FERREIRAE_2025-09-25_G07,10109998FERREIRAE,2025-09-25,111530,1,4,0,128.0
10109998FERREIRAE_2025-09-25_G08,10109998FERREIRAE,2025-09-25,117861,1,5,0,1140.0
10109998FERREIRAE_2025-09-25_G09,10109998FERREIRAE,2025-09-25,111602,1,5,0,293.0
10109998FERREIRAE_2025-09-25_G10,10109998FERREIRAE,2025-09-25,109640,1,4,0,247.0
10109998FERREIRAE_2025-09-25_G11,10109998FERREIRAE,2025-09-25,117837,1,2,0,118.0
10109998FERREIRAE_2025-09-25_G12,10109998FERREIRAE,2025-09-25,117786,1,5,0,459.0
10109998FERREIRAE_2025-09-25_G13,10109998FERREIRAE,2025-09-25,111348,1,2,0,178.0
10109998FERREIRAE_2025-09-25_G14,10109998FERREIRAE,2025-09-25,111465,1,9,0,125.0
10109998FERREIRAE_2025-09-25_G15,10109998FERREIRAE,2025-09-25,110372,1,4,0,3160.0
10109998FERREIRAE_2025-09-25_G16,10109998FERREIRAE,2025-09-25,118299,1,4,0,110.0
10109998FERREIRAE_2025-09-25_G17,10109998FERREIRAE,2025-09-25,117820,1,4,0,170.0
10109998FERREIRAE_2025-09-25_G18,10109998FERREIRAE,2025-09-25,110756,1,4,0,340.0
10109998FERREIRAE_2025-09-25_G19,10109998FERREIRAE,2025-09-25,108795,1,4,0,190.0
10109998FERREIRAE_2025-09-25_G20,10109998FERREIRAE,2025-09-25,118140,1,4,0,196.0
10109998FERREIRAE_2025-09-25_G21,10109998FERREIRAE,2025-09-25,111466,1,2,0,81.0
10109998FERREIRAE_2025-09-25_G22,10109998FERREIRAE,2025-09-25,117831,1,4,0,357.0
10109998FERREIRAE_2025-09-25_G23,10109998FERREIRAE,2025-09-25,110325,1,9,0,787.0
10109998FERREIRAE_2025-09-25_G24,10109998FERREIRAE,2025-09-25,110787,1,4,0,1362.0
10109998FERREIRAE_2025-09-25_G26,10109998FERREIRAE,2025-09-25,111469,1,20,0,286.0
10109998FERREIRAE_2025-09-25_G27,10109998FERREIRAE,2025-09-25,109643,1,10,0,1236.0
10109998FERREIRAE_2025-09-25_G28,10109998FERREIRAE,2025-09-25,107830,1,3,0,365.0
10109998FERREIRAE_2025-09-25_G29,10109998FERREIRAE,2025-09-25,117832,1,24,0,544.0
10109998FERREIRAE_2025-09-25_G30,10109998FERREIRAE,2025-09-25,110372,1,50,0,1005.0
10109998FERREIRAE_2025-09-25_G31,10109998FERREIRAE,2025-09-25,118299,1,150,0,1958.0
10109998FERREIRAE_2025-09-25_G32,10109998FERREIRAE,2025-09-25,117820,1,59,0,878.0
10109998FERREIRAE_2025-09-25_G33,10109998FERREIRAE,2025-09-25,141823,1,200,0,3099.0
10109998FERREIRAE_2025-09-25_G34,10109998FERREIRAE,2025-09-25,118140,1,120,0,1515.0
10109998FERREIRAE_2025-09-26_G02,10109998FERREIRAE,2025-09-26,117854,1,4,0,189.0
10109998FERREIRAE_2025-09-26_G03,10109998FERREIRAE,2025-09-26,140923,1,8,0,484.0
10109998FERREIRAE_2025-09-26_G04,10109998FERREIRAE,2025-09-26,140923,1,10,0,167.0
10109998FERREIRAE_2025-09-26_G05,10109998FERREIRAE,2025-09-26,117855,1,4,0,966.0
10109998FERREIRAE_2025-09-26_G06,10109998FERREIRAE,2025-09-26,141352,1,5,0,447.0
10109998FERREIRAE_2025-09-26_G07,10109998FERREIRAE,2025-09-26,111467,1,5,0,348.0
10109998FERREIRAE_2025-09-26_G08,10109998FERREIRAE,2025-09-26,110374,1,10,0,259.0
10109998FERREIRAE_2025-09-26_G09,10109998FERREIRAE,2025-09-26,110372,1,20,0,308.0
10109998FERREIRAE_2025-09-26_G10,10109998FERREIRAE,2025-09-26,118299,1,20,0,326.0
10109998FERREIRAE_2025-09-26_G11,10109998FERREIRAE,2025-09-26,110325,1,10,0,179.0
10109998FERREIRAE_2025-09-26_G12,10109998FERREIRAE,2025-09-26,117809,1,10,0,875.0
10109998FERREIRAE_2025-09-26_G13,10109998FERREIRAE,2025-09-26,111182,1,6,0,1453.0
10109998FERREIRAE_2025-09-26_G14,10109998FERREIRAE,2025-09-26,141456,1,9,0,226.0
10109998FERREIRAE_2025-09-26_G15,10109998FERREIRAE,2025-09-26,111463,1,10,0,263.0
10109998FERREIRAE_2025-09-26_G16,10109998FERREIRAE,2025-09-26,109641,1,20,0,353.0
10109998FERREIRAE_2025-09-26_G17,10109998FERREIRAE,2025-09-26,118140,1,15,0,545.0
10109998FERREIRAE_2025-09-26_G18,10109998FERREIRAE,2025-09-26,111743,1,8,0,224.0
10109998FERREIRAE_2025-09-26_G19,10109998FERREIRAE,2025-09-26,111330,1,4,0,172.0
10109998FERREIRAE_2025-09-26_G20,10109998FERREIRAE,2025-09-26,141457,1,6,0,134.0
10109998FERREIRAE_2025-09-26_G21,10109998FERREIRAE,2025-09-26,111466,1,11,0,148.0
10109998FERREIRAE_2025-09-26_G22,10109998FERREIRAE,2025-09-26,117785,1,13,0,250.0
10109998FERREIRAE_2025-09-26_G23,10109998FERREIRAE,2025-09-26,110743,1,4,0,201.0
10109998FERREIRAE_2025-09-26_G24,10109998FERREIRAE,2025-09-26,105705,1,6,0,1470.0
10109998FERREIRAE_2025-09-26_G25,10109998FERREIRAE,2025-09-26,140911,1,5,0,290.0
10109998FERREIRAE_2025-09-26_G26,10109998FERREIRAE,2025-09-26,140911,1,4,0,131.0
10109998FERREIRAE_2025-09-26_G27,10109998FERREIRAE,2025-09-26,111602,1,4,0,262.0
10109998FERREIRAE_2025-09-26_G29,10109998FERREIRAE,2025-09-26,118418,1,4,0,249.0
10109998FERREIRAE_2025-09-26_G30,10109998FERREIRAE,2025-09-26,118417,1,2,0,106.0
10109998FERREIRAE_2025-09-26_G31,10109998FERREIRAE,2025-09-26,118416,1,3,0,182.0
10109998FERREIRAE_2025-09-26_G32,10109998FERREIRAE,2025-09-26,110755,1,4,0,264.0
10109998FERREIRAE_2025-09-26_G33,10109998FERREIRAE,2025-09-26,111330,1,6,0,300.0
10109998FERREIRAE_2025-09-26_G34,10109998FERREIRAE,2025-09-26,110129,1,10,0,2520.0
10109998FERREIRAE_2025-09-26_G35,10109998FERREIRAE,2025-09-26,109645,1,10,0,209.0
10109998FERREIRAE_2025-09-26_G36,10109998FERREIRAE,2025-09-26,141458,1,20,0,1966.0
10109998FERREIRAE_2025-09-26_G37,10109998FERREIRAE,2025-09-26,117831,1,50,0,1050.0
10109998FERREIRAE_2025-09-26_G38,10109998FERREIRAE,2025-09-26,111462,1,30,0,557.0
10109998FERREIRAE_2025-09-26_G39,10109998FERREIRAE,2025-09-26,110733,1,10,0,1112.0
10109998FERREIRAE_2025-09-26_G40,10109998FERREIRAE,2025-09-26,110313,1,2,0,184.0
10109998FERREIRAE_2025-09-26_G41,10109998FERREIRAE,2025-09-26,111602,1,10,0,432.0
10109998FERREIRAE_2025-09-26_G42,10109998FERREIRAE,2025-09-26,118140,1,6,0,798.0
10109998FERREIRAE_2025-09-26_G43,10109998FERREIRAE,2025-09-26,111743,1,11,0,476.0
10109998FERREIRAE_2025-09-27_G02,10109998FERREIRAE,2025-09-27,107830,1,20,0,1753.0
10109998FERREIRAE_2025-09-27_G03,10109998FERREIRAE,2025-09-27,117808,1,30,0,325.0
10109998FERREIRAE_2025-09-27_G04,10109998FERREIRAE,2025-09-27,110371,1,40,0,1025.0
10109998FERREIRAE_2025-09-27_G06,10109998FERREIRAE,2025-09-27,118299,1,28,0,554.0
10109998FERREIRAE_2025-09-27_G07,10109998FERREIRAE,2025-09-27,117809,1,20,0,132.0
10109998FERREIRAE_2025-09-27_G08,10109998FERREIRAE,2025-09-27,111462,1,12,0,617.0
10109998FERREIRAE_2025-09-27_G09,10109998FERREIRAE,2025-09-27,117785,1,12,0,1792.0
10109998FERREIRAE_2025-09-29_G02,10109998FERREIRAE,2025-09-29,110755,1,4,0,2062.0
10109998FERREIRAE_2025-09-29_G03,10109998FERREIRAE,2025-09-29,110582,1,3,0,264.0
10109998FERREIRAE_2025-09-29_G05,10109998FERREIRAE,2025-09-29,110749,1,2,0,176.0
10109998FERREIRAE_2025-09-29_G06,10109998FERREIRAE,2025-09-29,111440,1,4,0,154.0
10109998FERREIRAE_2025-09-29_G07,10109998FERREIRAE,2025-09-29,100334,1,5,0,1009.0
10109998FERREIRAE_2025-09-29_G08,10109998FERREIRAE,2025-09-29,110895,1,10,0,662.0
10109998FERREIRAE_2025-09-29_G09,10109998FERREIRAE,2025-09-29,109643,1,30,0,3311.0
10109998FERREIRAE_2025-09-29_G10,10109998FERREIRAE,2025-09-29,110374,1,10,0,124.0
10109998FERREIRAE_2025-09-29_G11,10109998FERREIRAE,2025-09-29,110325,1,10,0,812.0
10109998FERREIRAE_2025-09-29_G12,10109998FERREIRAE,2025-09-29,141202,1,20,0,665.0
10109998FERREIRAE_2025-09-29_G13,10109998FERREIRAE,2025-09-29,117830,1,50,0,715.0
10109998FERREIRAE_2025-09-29_G14,10109998FERREIRAE,2025-09-29,117833,1,20,0,418.0
10109998FERREIRAE_2025-09-29_G15,10109998FERREIRAE,2025-09-29,117808,1,1100,0,3487.0
10109998FERREIRAE_2025-09-30_G02,10109998FERREIRAE,2025-09-30,111469,1,36,0,803.0
10109998FERREIRAE_2025-09-30_G03,10109998FERREIRAE,2025-09-30,110751,1,6,0,149.0
10109998FERREIRAE_2025-09-30_G04,10109998FERREIRAE,2025-09-30,111463,1,50,0,900.0
10109998FERREIRAE_2025-09-30_G05,10109998FERREIRAE,2025-09-30,110787,1,23,0,296.0
10109998FERREIRAE_2025-09-30_G06,10109998FERREIRAE,2025-09-30,109645,1,6,0,687.0
10109998FERREIRAE_2025-09-30_G07,10109998FERREIRAE,2025-09-30,141458,1,20,0,250.0
10109998FERREIRAE_2025-09-30_G08,10109998FERREIRAE,2025-09-30,111462,1,16,0,228.0
10109998FERREIRAE_2025-09-30_G09,10109998FERREIRAE,2025-09-30,111172,1,1,0,96.0
10109998FERREIRAE_2025-09-30_G10,10109998FERREIRAE,2025-09-30,117831,1,50,0,300.0
10109998FERREIRAE_2025-09-30_G11,10109998FERREIRAE,2025-09-30,107236,1,4,0,230.0
10109998FERREIRAE_2025-09-30_G12,10109998FERREIRAE,2025-09-30,111348,1,6,0,844.0
10109998FERREIRAE_2025-09-30_G13,10109998FERREIRAE,2025-09-30,111348,1,12,0,949.0
10109998FERREIRAE_2025-09-30_G14,10109998FERREIRAE,2025-09-30,117853,1,8,0,314.0
10109998FERREIRAE_2025-09-30_G15,10109998FERREIRAE,2025-09-30,109647,1,6,0,153.0
10109998FERREIRAE_2025-09-30_G16,10109998FERREIRAE,2025-09-30,110313,1,7,0,328.0
10109998FERREIRAE_2025-09-30_G17,10109998FERREIRAE,2025-09-30,117856,1,11,0,1208.0
10109998FERREIRAE_2025-10-01_G02,10109998FERREIRAE,2025-10-01,109641,1,4,0,292.0
10109998FERREIRAE_2025-10-01_G03,10109998FERREIRAE,2025-10-01,110376,1,35,0,742.0
10109998FERREIRAE_2025-10-01_G05,10109998FERREIRAE,2025-10-01,111465,1,416,0,32.0
10109998FERREIRAE_2025-10-02_G02,10109998FERREIRAE,2025-10-02,117785,1,3,0,71.0
10109998FERREIRAE_2025-10-02_G03,10109998FERREIRAE,2025-10-02,111743,1,1,0,176.0
10109998FERREIRAE_2025-10-02_G04,10109998FERREIRAE,2025-10-02,111435,1,1,0,144.0
10109998FERREIRAE_2025-10-02_G05,10109998FERREIRAE,2025-10-02,117787,1,2,0,110.0
10109998FERREIRAE_2025-10-02_G06,10109998FERREIRAE,2025-10-02,117831,1,84,0,912.0
10109998FERREIRAE_2025-10-02_G07,10109998FERREIRAE,2025-10-02,110372,1,2,0,366.0
10109998FERREIRAE_2025-10-02_G08,10109998FERREIRAE,2025-10-02,117808,1,13,0,243.0
10109998FERREIRAE_2025-10-02_G09,10109998FERREIRAE,2025-10-02,117808,1,26,0,229.0
10109998FERREIRAE_2025-10-02_G10,10109998FERREIRAE,2025-10-02,117820,1,1,0,288.0
10109998FERREIRAE_2025-10-02_G11,10109998FERREIRAE,2025-10-02,117820,1,3,0,35.0
10109998FERREIRAE_2025-10-02_G12,10109998FERREIRAE,2025-10-02,110325,1,2,0,173.0
10109998FERREIRAE_2025-10-02_G13,10109998FERREIRAE,2025-10-02,110325,1,1,0,32.0
10109998FERREIRAE_2025-10-02_G14,10109998FERREIRAE,2025-10-02,117809,1,1,0,61.0
10109998FERREIRAE_2025-10-02_G15,10109998FERREIRAE,2025-10-02,118299,1,15,0,1807.0
10109998FERREIRAE_2025-10-02_G16,10109998FERREIRAE,2025-10-02,118299,1,6,0,88.0
10109998FERREIRAE_2025-10-03_G02,10109998FERREIRAE,2025-10-03,111443,1,2,0,104.0
10109998FERREIRAE_2025-10-03_G03,10109998FERREIRAE,2025-10-03,111532,1,2,0,282.0
10109998FERREIRAE_2025-10-03_G04,10109998FERREIRAE,2025-10-03,141457,1,20,0,1242.0
10109998FERREIRAE_2025-10-03_G05,10109998FERREIRAE,2025-10-03,118140,1,40,0,1088.0
10109998FERREIRAE_2025-10-03_G06,10109998FERREIRAE,2025-10-03,110372,1,20,0,364.0
10109998FERREIRAE_2025-10-03_G07,10109998FERREIRAE,2025-10-03,141047,1,6,0,1068.0
10109998FERREIRAE_2025-10-03_G08,10109998FERREIRAE,2025-10-03,117862,1,8,0,193.0
10109998FERREIRAE_2025-10-03_G09,10109998FERREIRAE,2025-10-03,111530,1,10,0,154.0
10109998FERREIRAE_2025-10-03_G10,10109998FERREIRAE,2025-10-03,110733,1,4,0,87.0
10109998FERREIRAE_2025-10-03_G11,10109998FERREIRAE,2025-10-03,110752,1,4,0,208.0
10109998FERREIRAE_2025-10-03_G12,10109998FERREIRAE,2025-10-03,110339,1,4,0,1104.0
10109998FERREIRAE_2025-10-03_G13,10109998FERREIRAE,2025-10-03,111467,1,6,0,129.0
10109998FERREIRAE_2025-10-03_G14,10109998FERREIRAE,2025-10-03,111602,1,7,0,502.0
10109998FERREIRAE_2025-10-03_G15,10109998FERREIRAE,2025-10-03,110372,1,150,0,2285.0
10109998FERREIRAE_2025-10-04_G02,10109998FERREIRAE,2025-10-04,108794,1,43,0,845.0
10109998FERREIRAE_2025-10-04_G03,10109998FERREIRAE,2025-10-04,111462,1,91,0,386.0
10109998FERREIRAE_2025-10-04_G04,10109998FERREIRAE,2025-10-04,110711,1,12,0,1069.0
10109998FERREIRAE_2025-10-04_G05,10109998FERREIRAE,2025-10-04,110711,1,4,0,343.0
10109998FERREIRAE_2025-10-04_G07,10109998FERREIRAE,2025-10-04,117862,1,4,0,757.0
10109998FERREIRAE_2025-10-04_G08,10109998FERREIRAE,2025-10-04,117862,1,20,0,147.0
10109998FERREIRAE_2025-10-04_G09,10109998FERREIRAE,2025-10-04,111602,1,1,0,117.0
10109998FERREIRAE_2025-10-04_G10,10109998FERREIRAE,2025-10-04,118094,1,2,0,107.0
10109998FERREIRAE_2025-10-04_G11,10109998FERREIRAE,2025-10-04,118094,1,4,0,41.0
10109998FERREIRAE_2025-10-04_G12,10109998FERREIRAE,2025-10-04,109645,1,4,0,276.0
10109998FERREIRAE_2025-10-04_G13,10109998FERREIRAE,2025-10-04,108794,1,4,0,160.0
10109998FERREIRAE_2025-10-04_G14,10109998FERREIRAE,2025-10-04,141457,1,2,0,77.0
10109998FERREIRAE_2025-10-04_G15,10109998FERREIRAE,2025-10-04,111462,1,3,0,115.0
10109998FERREIRAE_2025-10-04_G16,10109998FERREIRAE,2025-10-04,111469,1,1,0,585.0
10109998FERREIRAE_2025-10-04_G17,10109998FERREIRAE,2025-10-04,111469,1,4,0,59.0
10109998FERREIRAE_2025-10-04_G18,10109998FERREIRAE,2025-10-04,117831,1,5,0,526.0
10109998FERREIRAE_2025-10-04_G19,10109998FERREIRAE,2025-10-04,107236,1,2,0,85.0
10109998FERREIRAE_2025-10-04_G20,10109998FERREIRAE,2025-10-04,111466,1,1,0,457.0
10109998FERREIRAE_2025-10-04_G21,10109998FERREIRAE,2025-10-04,110745,1,2,0,174.0
10109998FERREIRAE_2025-10-04_G22,10109998FERREIRAE,2025-10-04,110372,1,8,0,603.0
10109998FERREIRAE_2025-10-04_G23,10109998FERREIRAE,2025-10-04,110372,1,3,0,65.0
10109998FERREIRAE_2025-10-04_G24,10109998FERREIRAE,2025-10-04,110373,1,15,0,225.0
10109998FERREIRAE_2025-10-04_G25,10109998FERREIRAE,2025-10-04,117809,1,6,0,107.0
10109998FERREIRAE_2025-10-04_G26,10109998FERREIRAE,2025-10-04,117808,1,40,0,1157.0
10109998FERREIRAE_2025-10-04_G27,10109998FERREIRAE,2025-10-04,117835,1,1,0,822.0
10109998FERREIRAE_2025-10-04_G28,10109998FERREIRAE,2025-10-04,117854,1,2,0,578.0
10109998FERREIRAE_2025-10-04_G29,10109998FERREIRAE,2025-10-04,117862,1,10,0,219.0
10109998FERREIRAE_2025-10-04_G30,10109998FERREIRAE,2025-10-04,107629,1,4,0,128.0
10109998FERREIRAE_2025-10-04_G31,10109998FERREIRAE,2025-10-04,117935,1,2,0,115.0
10109998FERREIRAE_2025-10-04_G32,10109998FERREIRAE,2025-10-04,117853,1,3,0,91.0
10109998FERREIRAE_2025-10-04_G33,10109998FERREIRAE,2025-10-04,109647,1,2,0,67.0
10109998FERREIRAE_2025-10-04_G34,10109998FERREIRAE,2025-10-04,110339,1,2,0,169.0
10109998FERREIRAE_2025-10-04_G35,10109998FERREIRAE,2025-10-04,111602,1,30,0,843.0
10109998FERREIRAE_2025-10-04_G36,10109998FERREIRAE,2025-10-04,111602,1,10,0,631.0
10109998FERREIRAE_2025-10-06_G02,10109998FERREIRAE,2025-10-06,117832,1,150,0,1691.0
10109998FERREIRAE_2025-10-06_G03,10109998FERREIRAE,2025-10-06,110375,1,100,0,938.0
10109998FERREIRAE_2025-10-06_G05,10109998FERREIRAE,2025-10-06,108772,1,80,0,811.0
10109998FERREIRAE_2025-10-07_G02,10109998FERREIRAE,2025-10-07,111437,1,8,0,592.0
10109998FERREIRAE_2025-10-07_G03,10109998FERREIRAE,2025-10-07,111438,1,4,0,178.0
10109998FERREIRAE_2025-10-07_G04,10109998FERREIRAE,2025-10-07,108759,1,4,0,137.0
10109998FERREIRAE_2025-10-07_G05,10109998FERREIRAE,2025-10-07,117834,1,6,0,265.0
10109998FERREIRAE_2025-10-07_G06,10109998FERREIRAE,2025-10-07,110755,1,8,0,238.0
10109998FERREIRAE_2025-10-07_G07,10109998FERREIRAE,2025-10-07,110064,1,3,0,367.0
10109998FERREIRAE_2025-10-07_G08,10109998FERREIRAE,2025-10-07,118290,1,3,0,105.0
10109998FERREIRAE_2025-10-07_G09,10109998FERREIRAE,2025-10-07,110578,1,4,0,914.0
10109998FERREIRAE_2025-10-07_G10,10109998FERREIRAE,2025-10-07,117785,1,90,0,736.0
10109998FERREIRAE_2025-10-07_G11,10109998FERREIRAE,2025-10-07,108772,1,9,0,1560.0
10109998FERREIRAE_2025-10-07_G12,10109998FERREIRAE,2025-10-07,110339,1,15,0,201.0
10109998FERREIRAE_2025-10-07_G13,10109998FERREIRAE,2025-10-07,111602,1,60,0,558.0
10109998FERREIRAE_2025-10-07_G14,10109998FERREIRAE,2025-10-07,111439,1,4,0,356.0
10109998FERREIRAE_2025-10-07_G15,10109998FERREIRAE,2025-10-07,117808,1,100,0,599.0
10109998FERREIRAE_2025-10-07_G16,10109998FERREIRAE,2025-10-07,110372,1,50,0,875.0
10109998FERREIRAE_2025-10-07_G17,10109998FERREIRAE,2025-10-07,117820,1,70,0,1130.0
10109998FERREIRAE_2025-10-07_G18,10109998FERREIRAE,2025-10-07,111348,1,8,0,931.0
10109998FERREIRAE_2025-10-07_G20,10109998FERREIRAE,2025-10-07,110755,1,6,0,738.0
10109998FERREIRAE_2025-10-07_G21,10109998FERREIRAE,2025-10-07,107892,1,5,0,182.0
10109998FERREIRAE_2025-10-07_G22,10109998FERREIRAE,2025-10-07,110787,1,30,0,2113.0
10109998FERREIRAE_2025-10-07_G23,10109998FERREIRAE,2025-10-07,110787,1,10,0,97.0
10109998FERREIRAE_2025-10-07_G24,10109998FERREIRAE,2025-10-07,111435,1,4,0,217.0
10109998FERREIRAE_2025-10-07_G25,10109998FERREIRAE,2025-10-07,108794,1,6,0,311.0
10109998FERREIRAE_2025-10-07_G26,10109998FERREIRAE,2025-10-07,111462,1,20,0,255.0
10109998FERREIRAE_2025-10-07_G27,10109998FERREIRAE,2025-10-07,111469,1,10,0,472.0
10109998FERREIRAE_2025-10-07_G28,10109998FERREIRAE,2025-10-07,107236,1,5,0,233.0
10109998FERREIRAE_2025-10-07_G29,10109998FERREIRAE,2025-10-07,110376,1,4,0,340.0
10109998FERREIRAE_2025-10-07_G30,10109998FERREIRAE,2025-10-07,117820,1,30,0,395.0
10109998FERREIRAE_2025-10-07_G31,10109998FERREIRAE,2025-10-07,118299,1,20,0,594.0
10109998FERREIRAE_2025-10-07_G32,10109998FERREIRAE,2025-10-07,115234,1,4,0,474.0
10109998FERREIRAE_2025-10-07_G33,10109998FERREIRAE,2025-10-07,115234,1,4,0,438.0
10109998FERREIRAE_2025-10-08_G02,10109998FERREIRAE,2025-10-08,118140,1,27,0,854.0
10109998FERREIRAE_2025-10-08_G03,10109998FERREIRAE,2025-10-08,118140,1,14,0,284.0
10109998FERREIRAE_2025-10-08_G05,10109998FERREIRAE,2025-10-08,108794,1,20,0,729.0
10109998FERREIRAE_2025-10-08_G06,10109998FERREIRAE,2025-10-08,118352,1,4,0,1467.0
10109998FERREIRAE_2025-10-08_G07,10109998FERREIRAE,2025-10-08,111851,1,4,0,246.0
10109998FERREIRAE_2025-10-08_G08,10109998FERREIRAE,2025-10-08,111437,1,3,0,419.0
10109998FERREIRAE_2025-10-08_G09,10109998FERREIRAE,2025-10-08,110841,1,4,0,173.0
10109998FERREIRAE_2025-10-08_G10,10109998FERREIRAE,2025-10-08,110533,1,1,0,126.0
10109998FERREIRAE_2025-10-09_G02,10109998FERREIRAE,2025-10-09,117854,1,4,0,292.0
10109998FERREIRAE_2025-10-09_G03,10109998FERREIRAE,2025-10-09,118290,1,4,0,283.0
10109998FERREIRAE_2025-10-09_G04,10109998FERREIRAE,2025-10-09,110711,1,4,0,797.0
10109998FERREIRAE_2025-10-09_G05,10109998FERREIRAE,2025-10-09,117808,1,61,0,1180.0
10109998FERREIRAE_2025-10-09_G06,10109998FERREIRAE,2025-10-09,110747,1,4,0,1626.0
10109998FERREIRAE_2025-10-09_G07,10109998FERREIRAE,2025-10-09,110752,1,5,0,556.0
10109998FERREIRAE_2025-10-09_G08,10109998FERREIRAE,2025-10-09,111465,1,10,0,224.0
10109998FERREIRAE_2025-10-09_G09,10109998FERREIRAE,2025-10-09,117820,1,7,0,117.0
10109998FERREIRAE_2025-10-09_G10,10109998FERREIRAE,2025-10-09,117832,1,2,0,110.0
10109998FERREIRAE_2025-10-09_G11,10109998FERREIRAE,2025-10-09,111530,1,8,0,2557.0
10109998FERREIRAE_2025-10-09_G12,10109998FERREIRAE,2025-10-09,110515,1,1,0,739.0
10109998FERREIRAE_2025-10-09_G13,10109998FERREIRAE,2025-10-09,110515,1,2,0,818.0
10109998FERREIRAE_2025-10-09_G14,10109998FERREIRAE,2025-10-09,111430,1,4,0,945.0
10109998FERREIRAE_2025-10-09_G15,10109998FERREIRAE,2025-10-09,111441,1,2,0,114.0
10109998FERREIRAE_2025-10-09_G16,10109998FERREIRAE,2025-10-09,141456,1,2,0,130.0
10109998FERREIRAE_2025-10-09_G17,10109998FERREIRAE,2025-10-09,108795,1,2,0,52.0
10109998FERREIRAE_2025-10-09_G18,10109998FERREIRAE,2025-10-09,110787,1,4,0,222.0
10109998FERREIRAE_2025-10-09_G19,10109998FERREIRAE,2025-10-09,111462,1,2,0,149.0
10109998FERREIRAE_2025-10-09_G20,10109998FERREIRAE,2025-10-09,111469,1,30,0,328.0
10109998FERREIRAE_2025-10-09_G22,10109998FERREIRAE,2025-10-09,141456,1,2,0,164.0
10109998FERREIRAE_2025-10-09_G23,10109998FERREIRAE,2025-10-09,141823,1,6,0,250.0
10109998FERREIRAE_2025-10-09_G24,10109998FERREIRAE,2025-10-09,111469,1,35,0,855.0
10109998FERREIRAE_2025-10-09_G25,10109998FERREIRAE,2025-10-09,111442,1,10,0,195.0
10109998FERREIRAE_2025-10-09_G26,10109998FERREIRAE,2025-10-09,140922,1,3,0,71.0
10109998FERREIRAE_2025-10-09_G27,10109998FERREIRAE,2025-10-09,117821,1,8,0,157.0
10109998FERREIRAE_2025-10-09_G28,10109998FERREIRAE,2025-10-09,118140,1,2,0,281.0
10109998FERREIRAE_2025-10-09_G29,10109998FERREIRAE,2025-10-09,110376,1,2,0,120.0
10109998FERREIRAE_2025-10-09_G30,10109998FERREIRAE,2025-10-09,111532,1,4,0,504.0
10109998FERREIRAE_2025-10-09_G31,10109998FERREIRAE,2025-10-09,110747,1,4,0,313.0
10109998FERREIRAE_2025-10-09_G32,10109998FERREIRAE,2025-10-09,110895,1,1,0,87.0
10109998FERREIRAE_2025-10-09_G33,10109998FERREIRAE,2025-10-09,111569,1,4,0,1051.0
10109998FERREIRAE_2025-10-09_G34,10109998FERREIRAE,2025-10-09,111467,1,2,0,217.0
10109998FERREIRAE_2025-10-09_G35,10109998FERREIRAE,2025-10-09,109640,1,4,0,262.0
10109998FERREIRAE_2025-10-09_G36,10109998FERREIRAE,2025-10-09,111442,1,5,0,912.0
10109998FERREIRAE_2025-10-09_G37,10109998FERREIRAE,2025-10-09,111469,1,4,0,176.0
10109998FERREIRAE_2025-10-09_G38,10109998FERREIRAE,2025-10-09,111876,1,2,0,1075.0
10109998FERREIRAE_2025-10-09_G39,10109998FERREIRAE,2025-10-09,107629,1,10,0,192.0
10109998FERREIRAE_2025-10-09_G40,10109998FERREIRAE,2025-10-09,118298,1,2,0,80.0
10109998FERREIRAE_2025-10-09_G41,10109998FERREIRAE,2025-10-09,111530,1,1,0,39.0
10109998FERREIRAE_2025-10-09_G42,10109998FERREIRAE,2025-10-09,117862,1,10,0,90.0
10109998FERREIRAE_2025-10-09_G43,10109998FERREIRAE,2025-10-09,111439,1,8,0,312.0
10109998FERREIRAE_2025-10-09_G44,10109998FERREIRAE,2025-10-09,117842,1,4,0,644.0
10109998FERREIRAE_2025-10-09_G45,10109998FERREIRAE,2025-10-09,108794,1,16,0,392.0
10109998FERREIRAE_2025-10-09_G46,10109998FERREIRAE,2025-10-09,117841,1,38,0,1551.0
10109998FERREIRAE_2025-10-09_G47,10109998FERREIRAE,2025-10-09,111468,1,15,0,342.0
10109998FERREIRAE_2025-10-09_G48,10109998FERREIRAE,2025-10-09,110745,1,18,0,396.0
10109998FERREIRAE_2025-10-10_G02,10109998FERREIRAE,2025-10-10,100334,1,2,0,847.0
10109998FERREIRAE_2025-10-10_G03,10109998FERREIRAE,2025-10-10,110747,1,6,0,693.0
10109998FERREIRAE_2025-10-10_G04,10109998FERREIRAE,2025-10-10,110747,1,2,0,70.0
10109998FERREIRAE_2025-10-10_G05,10109998FERREIRAE,2025-10-10,111569,1,4,0,156.0
10109998FERREIRAE_2025-10-10_G06,10109998FERREIRAE,2025-10-10,110373,1,2,0,142.0
10109998FERREIRAE_2025-10-10_G07,10109998FERREIRAE,2025-10-10,110373,1,24,0,484.0
10109998FERREIRAE_2025-10-10_G08,10109998FERREIRAE,2025-10-10,110711,1,2,0,1619.0
10109998FERREIRAE_2025-10-10_G09,10109998FERREIRAE,2025-10-10,111602,1,16,0,1724.0
10109998FERREIRAE_2025-10-10_G10,10109998FERREIRAE,2025-10-10,140922,1,7,0,413.0
10109998FERREIRAE_2025-10-10_G11,10109998FERREIRAE,2025-10-10,111172,1,8,0,253.0
10109998FERREIRAE_2025-10-10_G12,10109998FERREIRAE,2025-10-10,110742,1,2,0,548.0
10109998FERREIRAE_2025-10-10_G13,10109998FERREIRAE,2025-10-10,109640,1,3,0,210.0
10109998FERREIRAE_2025-10-10_G14,10109998FERREIRAE,2025-10-10,118299,1,16,0,222.0
10109998FERREIRAE_2025-10-10_G15,10109998FERREIRAE,2025-10-10,141202,1,4,0,194.0
10109998FERREIRAE_2025-10-10_G17,10109998FERREIRAE,2025-10-10,100334,1,4,0,207.0
10109998FERREIRAE_2025-10-10_G18,10109998FERREIRAE,2025-10-10,108711,1,2,0,249.0
10109998FERREIRAE_2025-10-10_G19,10109998FERREIRAE,2025-10-10,141823,1,6,0,435.0
10109998FERREIRAE_2025-10-10_G20,10109998FERREIRAE,2025-10-10,117821,1,4,0,172.0
10109998FERREIRAE_2025-10-10_G21,10109998FERREIRAE,2025-10-10,118140,1,22,0,880.0
10109998FERREIRAE_2025-10-10_G22,10109998FERREIRAE,2025-10-10,141456,1,8,0,944.0
10109998FERREIRAE_2025-10-10_G23,10109998FERREIRAE,2025-10-10,111463,1,7,0,139.0
10109998FERREIRAE_2025-10-10_G24,10109998FERREIRAE,2025-10-10,108711,1,2,0,120.0
10109998FERREIRAE_2025-10-10_G25,10109998FERREIRAE,2025-10-10,111532,1,6,0,157.0
10109998FERREIRAE_2025-10-10_G26,10109998FERREIRAE,2025-10-10,109645,1,1,0,92.0
10109998FERREIRAE_2025-10-10_G27,10109998FERREIRAE,2025-10-10,117841,1,3,0,255.0
10109998FERREIRAE_2025-10-10_G28,10109998FERREIRAE,2025-10-10,111418,1,20,0,279.0
10109998FERREIRAE_2025-10-10_G29,10109998FERREIRAE,2025-10-10,111466,1,6,0,134.0
10109998FERREIRAE_2025-10-10_G30,10109998FERREIRAE,2025-10-10,141458,1,15,0,560.0
10109998FERREIRAE_2025-10-10_G31,10109998FERREIRAE,2025-10-10,110373,1,10,0,263.0
10109998FERREIRAE_2025-10-10_G32,10109998FERREIRAE,2025-10-10,117832,1,8,0,143.0
10109998FERREIRAE_2025-10-10_G33,10109998FERREIRAE,2025-10-10,117820,1,24,0,277.0
10109998FERREIRAE_2025-10-10_G34,10109998FERREIRAE,2025-10-10,111430,1,13,0,2239.0
10109998FERREIRAE_2025-10-10_G35,10109998FERREIRAE,2025-10-10,111430,1,2,0,48.0
10109998FERREIRAE_2025-10-10_G36,10109998FERREIRAE,2025-10-10,110742,1,5,0,275.0
10109998FERREIRAE_2025-10-10_G37,10109998FERREIRAE,2025-10-10,110755,1,2,0,614.0
10109998FERREIRAE_2025-10-10_G38,10109998FERREIRAE,2025-10-10,160057,1,2,0,367.0
10109998FERREIRAE_2025-10-10_G39,10109998FERREIRAE,2025-10-10,111569,1,9,0,436.0
10109998FERREIRAE_2025-10-10_G40,10109998FERREIRAE,2025-10-10,111660,1,5,0,237.0
10109998FERREIRAE_2025-10-10_G41,10109998FERREIRAE,2025-10-10,111602,1,19,0,787.0
10109998FERREIRAE_2025-10-10_G42,10109998FERREIRAE,2025-10-10,110373,1,2,0,156.0
10109998FERREIRAE_2025-10-10_G43,10109998FERREIRAE,2025-10-10,109643,1,34,0,1494.0
10109998FERREIRAE_2025-10-11_G02,10109998FERREIRAE,2025-10-11,111438,1,8,0,745.0
10109998FERREIRAE_2025-10-11_G03,10109998FERREIRAE,2025-10-11,110755,1,12,0,371.0
10109998FERREIRAE_2025-10-11_G04,10109998FERREIRAE,2025-10-11,111569,1,14,0,244.0
10109998FERREIRAE_2025-10-11_G05,10109998FERREIRAE,2025-10-11,110747,1,2,0,285.0
10109998FERREIRAE_2025-10-11_G06,10109998FERREIRAE,2025-10-11,118222,1,2,0,369.0
10109998FERREIRAE_2025-10-11_G07,10109998FERREIRAE,2025-10-11,117853,1,1,0,245.0
10109998FERREIRAE_2025-10-11_G08,10109998FERREIRAE,2025-10-11,110339,1,8,0,189.0
10109998FERREIRAE_2025-10-11_G09,10109998FERREIRAE,2025-10-11,111602,1,3,0,159.0
10109998FERREIRAE_2025-10-11_G10,10109998FERREIRAE,2025-10-11,117821,1,4,0,499.0
10109998FERREIRAE_2025-10-11_G11,10109998FERREIRAE,2025-10-11,110745,1,4,0,130.0
10109998FERREIRAE_2025-10-11_G12,10109998FERREIRAE,2025-10-11,110742,1,4,0,3295.0
10109998FERREIRAE_2025-10-11_G14,10109998FERREIRAE,2025-10-11,118290,1,4,0,121.0
10109998FERREIRAE_2025-10-11_G15,10109998FERREIRAE,2025-10-11,118222,1,22,0,1077.0
10109998FERREIRAE_2025-10-11_G16,10109998FERREIRAE,2025-10-11,116527,1,6,0,1869.0
10109998FERREIRAE_2025-10-11_G18,10109998FERREIRAE,2025-10-11,111418,1,14,0,884.0
10109998FERREIRAE_2025-10-11_G19,10109998FERREIRAE,2025-10-11,109641,1,2,0,111.0
10109998FERREIRAE_2025-10-11_G20,10109998FERREIRAE,2025-10-11,111172,1,2,0,120.0
10109998FERREIRAE_2025-10-13_G02,10109998FERREIRAE,2025-10-13,110339,1,200,0,3293.0
10109998FERREIRAE_2025-10-13_G03,10109998FERREIRAE,2025-10-13,117855,1,14,0,1675.0
10109998FERREIRAE_2025-10-13_G04,10109998FERREIRAE,2025-10-13,117855,1,23,0,103.0
10109998FERREIRAE_2025-10-13_G05,10109998FERREIRAE,2025-10-13,141066,1,4,0,357.0
10109998FERREIRAE_2025-10-13_G06,10109998FERREIRAE,2025-10-13,117856,1,9,0,1707.0
10109998FERREIRAE_2025-10-13_G07,10109998FERREIRAE,2025-10-13,117856,1,8,0,105.0
10109998FERREIRAE_2025-10-13_G08,10109998FERREIRAE,2025-10-13,140923,1,90,0,1361.0
10109998FERREIRAE_2025-10-13_G10,10109998FERREIRAE,2025-10-13,111530,1,12,0,161.0
10109998FERREIRAE_2025-10-13_G11,10109998FERREIRAE,2025-10-13,111602,1,21,0,200.0
10109998FERREIRAE_2025-10-13_G13,10109998FERREIRAE,2025-10-13,100334,1,6,0,1899.0
10109998FERREIRAE_2025-10-13_G14,10109998FERREIRAE,2025-10-13,110742,1,1,0,122.0
10109998FERREIRAE_2025-10-13_G15,10109998FERREIRAE,2025-10-13,111569,1,8,0,516.0
10109998FERREIRAE_2025-10-13_G16,10109998FERREIRAE,2025-10-13,111655,1,4,0,234.0
10109998FERREIRAE_2025-10-14_G02,10109998FERREIRAE,2025-10-14,118299,1,6,0,181.0
10109998FERREIRAE_2025-10-14_G03,10109998FERREIRAE,2025-10-14,141823,1,8,0,217.0
10109998FERREIRAE_2025-10-14_G04,10109998FERREIRAE,2025-10-14,111418,1,4,0,1223.0
10109998FERREIRAE_2025-10-14_G05,10109998FERREIRAE,2025-10-14,117834,1,4,0,365.0
10109998FERREIRAE_2025-10-14_G06,10109998FERREIRAE,2025-10-14,116527,1,4,0,173.0
10109998FERREIRAE_2025-10-14_G07,10109998FERREIRAE,2025-10-14,110747,1,4,0,168.0
10109998FERREIRAE_2025-10-14_G08,10109998FERREIRAE,2025-10-14,111569,1,2,0,170.0
10109998FERREIRAE_2025-10-14_G09,10109998FERREIRAE,2025-10-14,107892,1,3,0,132.0
10109998FERREIRAE_2025-10-14_G10,10109998FERREIRAE,2025-10-14,117856,1,2,0,638.0
10109998FERREIRAE_2025-10-14_G11,10109998FERREIRAE,2025-10-14,107629,1,4,0,111.0
10109998FERREIRAE_2025-10-14_G12,10109998FERREIRAE,2025-10-14,111467,1,2,0,124.0
10109998FERREIRAE_2025-10-14_G13,10109998FERREIRAE,2025-10-14,117786,1,2,0,152.0
10109998FERREIRAE_2025-10-14_G14,10109998FERREIRAE,2025-10-14,111439,1,2,0,315.0
10109998FERREIRAE_2025-10-14_G15,10109998FERREIRAE,2025-10-14,111602,1,2,0,93.0
10109998FERREIRAE_2025-10-14_G16,10109998FERREIRAE,2025-10-14,111469,1,5,0,570.0
10109998FERREIRAE_2025-10-14_G18,10109998FERREIRAE,2025-10-14,117855,1,24,0,121.0
10109998FERREIRAE_2025-10-14_G19,10109998FERREIRAE,2025-10-14,111530,1,70,0,981.0
10109998FERREIRAE_2025-10-14_G21,10109998FERREIRAE,2025-10-14,110711,1,16,0,195.0
10109998FERREIRAE_2025-10-14_G22,10109998FERREIRAE,2025-10-14,110733,1,9,0,146.0
10109998FERREIRAE_2025-10-14_G23,10109998FERREIRAE,2025-10-14,117786,1,11,0,182.0
10109998FERREIRAE_2025-10-14_G24,10109998FERREIRAE,2025-10-14,111602,1,39,0,790.0
10109998FERREIRAE_2025-10-14_G25,10109998FERREIRAE,2025-10-14,110711,1,11,0,299.0
10109998FERREIRAE_2025-10-14_G26,10109998FERREIRAE,2025-10-14,118306,1,4,0,248.0
10109998FERREIRAE_2025-10-14_G27,10109998FERREIRAE,2025-10-14,118222,1,30,0,490.0
10109998FERREIRAE_2025-10-14_G28,10109998FERREIRAE,2025-10-14,110895,1,9,0,761.0
10109998FERREIRAE_2025-10-14_G29,10109998FERREIRAE,2025-10-14,110372,1,31,0,277.0
10109998FERREIRAE_2025-10-14_G31,10109998FERREIRAE,2025-10-14,111463,1,2,0,681.0
10109998FERREIRAE_2025-10-14_G32,10109998FERREIRAE,2025-10-14,111463,1,10,0,69.0
10109998FERREIRAE_2025-10-14_G33,10109998FERREIRAE,2025-10-14,141823,1,31,0,1212.0
10109998FERREIRAE_2025-10-14_G34,10109998FERREIRAE,2025-10-14,110748,1,4,0,121.0
10109998FERREIRAE_2025-10-14_G35,10109998FERREIRAE,2025-10-14,117831,1,32,0,1498.0
10109998FERREIRAE_2025-10-15_G02,10109998FERREIRAE,2025-10-15,100334,1,5,0,194.0
10109998FERREIRAE_2025-10-15_G03,10109998FERREIRAE,2025-10-15,111438,1,10,0,264.0
10109998FERREIRAE_2025-10-15_G04,10109998FERREIRAE,2025-10-15,111438,1,4,0,92.0
10109998FERREIRAE_2025-10-15_G05,10109998FERREIRAE,2025-10-15,118222,1,10,0,163.0
10109998FERREIRAE_2025-10-15_G06,10109998FERREIRAE,2025-10-15,110742,2,7,18,179.0
10109998FERREIRAE_2025-10-15_G07,10109998FERREIRAE,2025-10-15,110755,1,6,0,734.0
10109998FERREIRAE_2025-10-15_G08,10109998FERREIRAE,2025-10-15,118290,1,4,0,204.0
10109998FERREIRAE_2025-10-15_G09,10109998FERREIRAE,2025-10-15,107892,1,4,0,520.0
10109998FERREIRAE_2025-10-15_G10,10109998FERREIRAE,2025-10-15,111569,1,6,0,180.0
10109998FERREIRAE_2025-10-15_G11,10109998FERREIRAE,2025-10-15,111569,1,10,0,104.0
10109998FERREIRAE_2025-10-15_G12,10109998FERREIRAE,2025-10-15,117789,1,9,0,401.0
10109998FERREIRAE_2025-10-15_G13,10109998FERREIRAE,2025-10-15,111439,1,13,0,569.0
10109998FERREIRAE_2025-10-15_G14,10109998FERREIRAE,2025-10-15,118094,1,6,0,110.0
10109998FERREIRAE_2025-10-15_G15,10109998FERREIRAE,2025-10-15,140923,1,3,0,386.0
10109998FERREIRAE_2025-10-15_G16,10109998FERREIRAE,2025-10-15,107629,1,5,0,136.0
10109998FERREIRAE_2025-10-15_G17,10109998FERREIRAE,2025-10-15,118298,1,8,0,125.0
10109998FERREIRAE_2025-10-15_G18,10109998FERREIRAE,2025-10-15,110711,1,4,0,68.0
10109998FERREIRAE_2025-10-15_G19,10109998FERREIRAE,2025-10-15,117862,1,1,0,42.0
10109998FERREIRAE_2025-10-15_G20,10109998FERREIRAE,2025-10-15,117855,1,2,0,173.0
10109998FERREIRAE_2025-10-15_G21,10109998FERREIRAE,2025-10-15,117855,1,10,0,641.0
10109998FERREIRAE_2025-10-15_G22,10109998FERREIRAE,2025-10-15,108772,1,1,0,109.0
10109998FERREIRAE_2025-10-15_G23,10109998FERREIRAE,2025-10-15,117832,1,4,0,111.0
10109998FERREIRAE_2025-10-15_G24,10109998FERREIRAE,2025-10-15,117832,1,10,0,213.0
10109998FERREIRAE_2025-10-15_G25,10109998FERREIRAE,2025-10-15,160051,1,5,0,93.0
10109998FERREIRAE_2025-10-15_G26,10109998FERREIRAE,2025-10-15,110376,1,2,0,114.0
10109998FERREIRAE_2025-10-15_G27,10109998FERREIRAE,2025-10-15,117822,1,6,0,162.0
10109998FERREIRAE_2025-10-15_G28,10109998FERREIRAE,2025-10-15,117809,1,16,0,378.0
10109998FERREIRAE_2025-10-15_G29,10109998FERREIRAE,2025-10-15,110325,1,2,0,82.0
10109998FERREIRAE_2025-10-15_G31,10109998FERREIRAE,2025-10-15,111435,1,17,0,651.0
10109998FERREIRAE_2025-10-15_G32,10109998FERREIRAE,2025-10-15,117808,1,2,0,78.0
10109998FERREIRAE_2025-10-15_G33,10109998FERREIRAE,2025-10-15,118299,1,30,0,537.0
10109998FERREIRAE_2025-10-15_G34,10109998FERREIRAE,2025-10-15,111418,1,59,0,803.0
10109998FERREIRAE_2025-10-16_G02,10109998FERREIRAE,2025-10-16,118222,1,5,0,452.0
10109998FERREIRAE_2025-10-16_G03,10109998FERREIRAE,2025-10-16,141456,1,24,0,381.0
10109998FERREIRAE_2025-10-16_G04,10109998FERREIRAE,2025-10-16,141458,1,24,0,557.0
10109998FERREIRAE_2025-10-16_G05,10109998FERREIRAE,2025-10-16,111530,1,4,0,686.0
10109998FERREIRAE_2025-10-16_G06,10109998FERREIRAE,2025-10-16,110711,1,4,0,237.0
10109998FERREIRAE_2025-10-16_G07,10109998FERREIRAE,2025-10-16,141457,1,2,0,124.0
10109998FERREIRAE_2025-10-16_G08,10109998FERREIRAE,2025-10-16,117833,1,4,0,228.0
10109998FERREIRAE_2025-10-16_G09,10109998FERREIRAE,2025-10-16,107830,1,8,0,238.0
10109998FERREIRAE_2025-10-16_G10,10109998FERREIRAE,2025-10-16,117809,1,4,0,210.0
10109998FERREIRAE_2025-10-16_G11,10109998FERREIRAE,2025-10-16,110325,1,4,0,218.0
10109998FERREIRAE_2025-10-16_G12,10109998FERREIRAE,2025-10-16,118299,1,30,0,635.0
10109998FERREIRAE_2025-10-16_G13,10109998FERREIRAE,2025-10-16,117808,1,3,0,354.0
10109998FERREIRAE_2025-10-16_G14,10109998FERREIRAE,2025-10-16,110371,1,4,0,370.0
10109998FERREIRAE_2025-10-16_G15,10109998FERREIRAE,2025-10-16,110373,1,16,0,330.0
10109998FERREIRAE_2025-10-16_G16,10109998FERREIRAE,2025-10-16,111602,1,14,0,1761.0
10109998FERREIRAE_2025-10-16_G17,10109998FERREIRAE,2025-10-16,111602,1,8,0,100.0
10109998FERREIRAE_2025-10-16_G18,10109998FERREIRAE,2025-10-16,110733,1,4,0,229.0
10109998FERREIRAE_2025-10-16_G19,10109998FERREIRAE,2025-10-16,110733,1,5,0,44.0
10109998FERREIRAE_2025-10-16_G20,10109998FERREIRAE,2025-10-16,110733,2,9,23,88.0
10109998FERREIRAE_2025-10-16_G21,10109998FERREIRAE,2025-10-16,111530,1,4,0,129.0
10109998FERREIRAE_2025-10-16_G22,10109998FERREIRAE,2025-10-16,111348,1,4,0,383.0
10109998FERREIRAE_2025-10-16_G23,10109998FERREIRAE,2025-10-16,111418,1,40,0,1360.0
10109998FERREIRAE_2025-10-16_G24,10109998FERREIRAE,2025-10-16,118222,1,4,0,659.0
10109998FERREIRAE_2025-10-16_G25,10109998FERREIRAE,2025-10-16,111530,1,5,0,216.0
10109998FERREIRAE_2025-10-16_G26,10109998FERREIRAE,2025-10-16,111569,1,8,0,300.0
10109998FERREIRAE_2025-10-16_G27,10109998FERREIRAE,2025-10-16,111466,1,12,0,342.0
10109998FERREIRAE_2025-10-16_G28,10109998FERREIRAE,2025-10-16,107830,1,8,0,271.0
10109998FERREIRAE_2025-10-16_G29,10109998FERREIRAE,2025-10-16,110371,1,28,0,266.0
10109998FERREIRAE_2025-10-16_G31,10109998FERREIRAE,2025-10-16,110373,1,22,0,212.0
10109998FERREIRAE_2025-10-16_G32,10109998FERREIRAE,2025-10-16,118299,1,26,0,1286.0
10109998FERREIRAE_2025-10-16_G33,10109998FERREIRAE,2025-10-16,117808,1,13,0,1175.0
10109998FERREIRAE_2025-10-16_G34,10109998FERREIRAE,2025-10-16,117808,1,17,0,83.0
10109998FERREIRAE_2025-10-16_G35,10109998FERREIRAE,2025-10-16,141823,1,2,0,304.0
10109998FERREIRAE_2025-10-16_G36,10109998FERREIRAE,2025-10-16,105705,1,4,0,179.0
10109998FERREIRAE_2025-10-16_G37,10109998FERREIRAE,2025-10-16,110711,1,2,0,146.0
10109998FERREIRAE_2025-10-16_G38,10109998FERREIRAE,2025-10-16,140911,1,4,0,134.0
10109998FERREIRAE_2025-10-16_G39,10109998FERREIRAE,2025-10-16,110787,1,8,0,245.0
10109998FERREIRAE_2025-10-16_G40,10109998FERREIRAE,2025-10-16,117835,1,4,0,553.0
10109998FERREIRAE_2025-10-16_G41,10109998FERREIRAE,2025-10-16,140922,1,16,0,357.0
10109998FERREIRAE_2025-10-16_G42,10109998FERREIRAE,2025-10-16,140922,1,4,0,40.0
10109998FERREIRAE_2025-10-16_G43,10109998FERREIRAE,2025-10-16,140922,1,30,0,733.0
10109998FERREIRAE_2025-10-16_G44,10109998FERREIRAE,2025-10-16,111530,1,8,0,284.0
10109998FERREIRAE_2025-10-16_G45,10109998FERREIRAE,2025-10-16,108794,1,7,0,198.0
10109998FERREIRAE_2025-10-16_G46,10109998FERREIRAE,2025-10-16,110747,1,4,0,154.0
10109998FERREIRAE_2025-10-16_G47,10109998FERREIRAE,2025-10-16,109640,1,4,0,1009.0
10109998FERREIRAE_2025-10-16_G48,10109998FERREIRAE,2025-10-16,141823,1,8,0,253.0
10109998FERREIRAE_2025-10-16_G49,10109998FERREIRAE,2025-10-16,111466,1,12,0,191.0
10109998FERREIRAE_2025-10-16_G50,10109998FERREIRAE,2025-10-16,116241,1,4,0,534.0
10109998FERREIRAE_2025-10-16_G51,10109998FERREIRAE,2025-10-16,111463,1,96,0,1274.0
10109998FERREIRAE_2025-10-16_G52,10109998FERREIRAE,2025-10-16,107236,1,10,0,2207.0
10109998FERREIRAE_2025-10-16_G53,10109998FERREIRAE,2025-10-16,110745,1,8,0,94.0
10109998FERREIRAE_2025-10-16_G54,10109998FERREIRAE,2025-10-16,160055,1,4,0,198.0
10109998FERREIRAE_2025-10-17_G02,10109998FERREIRAE,2025-10-17,140923,1,4,0,566.0
10109998FERREIRAE_2025-10-17_G03,10109998FERREIRAE,2025-10-17,107830,1,4,0,148.0
10109998FERREIRAE_2025-10-17_G04,10109998FERREIRAE,2025-10-17,110372,1,9,0,163.0
10109998FERREIRAE_2025-10-17_G05,10109998FERREIRAE,2025-10-17,110373,1,2,0,57.0
10109998FERREIRAE_2025-10-17_G06,10109998FERREIRAE,2025-10-17,118299,1,20,0,196.0
10109998FERREIRAE_2025-10-17_G07,10109998FERREIRAE,2025-10-17,117808,1,3,0,89.0
10109998FERREIRAE_2025-10-17_G08,10109998FERREIRAE,2025-10-17,109643,1,3,0,394.0
10109998FERREIRAE_2025-10-17_G09,10109998FERREIRAE,2025-10-17,117832,1,2,0,127.0
10109998FERREIRAE_2025-10-17_G10,10109998FERREIRAE,2025-10-17,110375,1,2,0,96.0
10109998FERREIRAE_2025-10-17_G11,10109998FERREIRAE,2025-10-17,110372,1,13,0,169.0
10109998FERREIRAE_2025-10-17_G12,10109998FERREIRAE,2025-10-17,110373,1,10,0,98.0
10109998FERREIRAE_2025-10-17_G13,10109998FERREIRAE,2025-10-17,118299,1,27,0,252.0
10109998FERREIRAE_2025-10-17_G14,10109998FERREIRAE,2025-10-17,110733,1,4,0,1310.0
10109998FERREIRAE_2025-10-17_G15,10109998FERREIRAE,2025-10-17,111465,1,2,0,87.0
10109998FERREIRAE_2025-10-17_G16,10109998FERREIRAE,2025-10-17,118140,1,2,0,284.0
10109998FERREIRAE_2025-10-17_G17,10109998FERREIRAE,2025-10-17,141823,1,4,0,97.0
10109998FERREIRAE_2025-10-17_G18,10109998FERREIRAE,2025-10-17,110711,1,8,0,415.0
10109998FERREIRAE_2025-10-17_G19,10109998FERREIRAE,2025-10-17,118140,1,4,0,193.0
10109998FERREIRAE_2025-10-17_G20,10109998FERREIRAE,2025-10-17,117832,1,8,0,176.0
10109998FERREIRAE_2025-10-17_G21,10109998FERREIRAE,2025-10-17,110711,1,4,0,1104.0
10109998FERREIRAE_2025-10-17_G22,10109998FERREIRAE,2025-10-17,110733,1,2,0,114.0
10109998FERREIRAE_2025-10-17_G23,10109998FERREIRAE,2025-10-17,141823,1,8,0,167.0
10109998FERREIRAE_2025-10-17_G24,10109998FERREIRAE,2025-10-17,111466,1,8,0,247.0
10109998FERREIRAE_2025-10-17_G25,10109998FERREIRAE,2025-10-17,118330,1,4,0,209.0
10109998FERREIRAE_2025-10-17_G26,10109998FERREIRAE,2025-10-17,140922,1,5,0,336.0
10109998FERREIRAE_2025-10-17_G27,10109998FERREIRAE,2025-10-17,117832,1,2,0,1004.0
10109998FERREIRAE_2025-10-17_G28,10109998FERREIRAE,2025-10-17,110372,1,13,0,890.0
10109998FERREIRAE_2025-10-17_G29,10109998FERREIRAE,2025-10-17,110373,1,6,0,72.0
10109998FERREIRAE_2025-10-17_G30,10109998FERREIRAE,2025-10-17,118299,1,16,0,186.0
10109998FERREIRAE_2025-10-17_G31,10109998FERREIRAE,2025-10-17,117808,1,14,0,165.0
10109998FERREIRAE_2025-10-17_G32,10109998FERREIRAE,2025-10-17,110376,1,2,0,223.0
10109998FERREIRAE_2025-10-17_G33,10109998FERREIRAE,2025-10-17,110371,1,4,0,87.0
10109998FERREIRAE_2025-10-17_G34,10109998FERREIRAE,2025-10-17,117820,1,2,0,46.0
10109998FERREIRAE_2025-10-17_G35,10109998FERREIRAE,2025-10-17,118140,1,3,0,252.0
10109998FERREIRAE_2025-10-17_G36,10109998FERREIRAE,2025-10-17,110740,1,1,0,83.0
10109998FERREIRAE_2025-10-17_G37,10109998FERREIRAE,2025-10-17,117838,1,2,0,99.0
10109998FERREIRAE_2025-10-17_G38,10109998FERREIRAE,2025-10-17,111418,1,6,0,397.0
10109998FERREIRAE_2025-10-17_G39,10109998FERREIRAE,2025-10-17,116241,1,2,0,99.0
10109998FERREIRAE_2025-10-17_G40,10109998FERREIRAE,2025-10-17,117831,1,2,0,91.0
10109998FERREIRAE_2025-10-17_G41,10109998FERREIRAE,2025-10-17,141458,1,6,0,171.0
10109998FERREIRAE_2025-10-17_G43,10109998FERREIRAE,2025-10-17,117855,1,20,0,505.0
10109998FERREIRAE_2025-10-17_G44,10109998FERREIRAE,2025-10-17,109640,1,60,0,935.0
10109998FERREIRAE_2025-10-17_G45,10109998FERREIRAE,2025-10-17,118317,1,4,0,242.0
10109998FERREIRAE_2025-10-17_G46,10109998FERREIRAE,2025-10-17,141458,1,70,0,401.0
10109998FERREIRAE_2025-10-17_G47,10109998FERREIRAE,2025-10-17,117820,1,50,0,472.0
10109998FERREIRAE_2025-10-17_G48,10109998FERREIRAE,2025-10-17,110372,1,50,0,1531.0
10109998FERREIRAE_2025-10-17_G49,10109998FERREIRAE,2025-10-17,118140,1,100,0,2024.0
10109998FERREIRAE_2025-10-17_G50,10109998FERREIRAE,2025-10-17,111743,1,20,0,812.0
10109998FERREIRAE_2025-10-17_G51,10109998FERREIRAE,2025-10-17,117842,1,4,0,227.0
10109998FERREIRAE_2025-10-17_G52,10109998FERREIRAE,2025-10-17,111444,1,4,0,102.0
10109998FERREIRAE_2025-10-17_G53,10109998FERREIRAE,2025-10-17,117831,1,12,0,208.0
10109998FERREIRAE_2025-10-17_G54,10109998FERREIRAE,2025-10-17,141271,1,8,0,146.0
10109998FERREIRAE_2025-10-17_G55,10109998FERREIRAE,2025-10-17,110745,1,10,0,273.0
10109998FERREIRAE_2025-10-17_G56,10109998FERREIRAE,2025-10-17,107236,1,20,0,944.0
10109998FERREIRAE_2025-10-17_G57,10109998FERREIRAE,2025-10-17,111439,1,7,0,774.0
10109998FERREIRAE_2025-10-18_G02,10109998FERREIRAE,2025-10-18,110742,1,6,0,461.0
10109998FERREIRAE_2025-10-18_G03,10109998FERREIRAE,2025-10-18,118280,1,8,0,616.0
10109998FERREIRAE_2025-10-18_G04,10109998FERREIRAE,2025-10-18,118290,1,13,0,1122.0
10109998FERREIRAE_2025-10-18_G05,10109998FERREIRAE,2025-10-18,118271,1,20,0,958.0
10109998FERREIRAE_2025-10-18_G07,10109998FERREIRAE,2025-10-18,111433,1,6,0,200.0
10109998FERREIRAE_2025-10-18_G08,10109998FERREIRAE,2025-10-18,117831,1,10,0,127.0
10109998FERREIRAE_2025-10-18_G09,10109998FERREIRAE,2025-10-18,108711,1,10,0,651.0
10109998FERREIRAE_2025-10-18_G10,10109998FERREIRAE,2025-10-18,141457,1,10,0,240.0
10109998FERREIRAE_2025-10-18_G11,10109998FERREIRAE,2025-10-18,111431,1,4,0,174.0
10109998FERREIRAE_2025-10-18_G12,10109998FERREIRAE,2025-10-18,118317,1,8,0,1633.0
10109998FERREIRAE_2025-10-18_G13,10109998FERREIRAE,2025-10-18,109641,1,6,0,151.0
10109998FERREIRAE_2025-10-18_G14,10109998FERREIRAE,2025-10-18,117833,1,10,0,116.0
10109998FERREIRAE_2025-10-18_G16,10109998FERREIRAE,2025-10-18,117821,1,10,0,175.0
10109998FERREIRAE_2025-10-18_G17,10109998FERREIRAE,2025-10-18,107236,1,20,0,210.0
10109998FERREIRAE_2025-10-18_G18,10109998FERREIRAE,2025-10-18,110745,1,10,0,885.0
10109998FERREIRAE_2025-10-18_G19,10109998FERREIRAE,2025-10-18,109641,1,4,0,943.0
10109998FERREIRAE_2025-10-18_G20,10109998FERREIRAE,2025-10-18,110373,1,10,0,394.0
10109998FERREIRAE_2025-10-18_G21,10109998FERREIRAE,2025-10-18,117808,1,50,0,466.0
10109998FERREIRAE_2025-10-18_G22,10109998FERREIRAE,2025-10-18,111467,1,10,0,805.0
10109998FERREIRAE_2025-10-20_G02,10109998FERREIRAE,2025-10-20,117820,1,4,0,422.0
10109998FERREIRAE_2025-10-20_G03,10109998FERREIRAE,2025-10-20,117820,1,26,0,202.0
10109998FERREIRAE_2025-10-20_G04,10109998FERREIRAE,2025-10-20,117809,1,160,0,1251.0
10109998FERREIRAE_2025-10-20_G05,10109998FERREIRAE,2025-10-20,118299,1,64,0,878.0
10109998FERREIRAE_2025-10-20_G07,10109998FERREIRAE,2025-10-20,110747,1,4,0,1087.0
10109998FERREIRAE_2025-10-20_G08,10109998FERREIRAE,2025-10-20,118140,1,56,0,416.0
10109998FERREIRAE_2025-10-20_G09,10109998FERREIRAE,2025-10-20,111431,1,2,0,189.0
10109998FERREIRAE_2025-10-20_G10,10109998FERREIRAE,2025-10-20,117785,1,200,0,1929.0
10109998FERREIRAE_2025-10-20_G11,10109998FERREIRAE,2025-10-20,117821,1,20,0,1637.0
10109998FERREIRAE_2025-10-20_G12,10109998FERREIRAE,2025-10-20,118299,1,300,0,895.0
10109998FERREIRAE_2025-10-22_G02,10109998FERREIRAE,2025-10-22,107236,1,9,0,369.0
10109998FERREIRAE_2025-10-22_G04,10109998FERREIRAE,2025-10-22,141155,1,22,0,254.0
10109998FERREIRAE_2025-10-22_G05,10109998FERREIRAE,2025-10-22,141140,1,15,0,1984.0
10109998FERREIRAE_2025-10-23_G02,10109998FERREIRAE,2025-10-23,118140,1,12,0,297.0
10109998FERREIRAE_2025-10-23_G03,10109998FERREIRAE,2025-10-23,141823,1,5,0,156.0
10109998FERREIRAE_2025-10-23_G04,10109998FERREIRAE,2025-10-23,141457,1,3,0,181.0
10109998FERREIRAE_2025-10-23_G05,10109998FERREIRAE,2025-10-23,111462,1,2,0,143.0
10109998FERREIRAE_2025-10-23_G06,10109998FERREIRAE,2025-10-23,117820,1,8,0,530.0
10109998FERREIRAE_2025-10-23_G07,10109998FERREIRAE,2025-10-23,118281,1,4,0,482.0
10109998FERREIRAE_2025-10-23_G08,10109998FERREIRAE,2025-10-23,110373,1,60,0,644.0
10109998FERREIRAE_2025-10-23_G09,10109998FERREIRAE,2025-10-23,110371,1,6,0,316.0
10109998FERREIRAE_2025-10-23_G10,10109998FERREIRAE,2025-10-23,108770,1,3,0,2041.0
10109998FERREIRAE_2025-10-23_G11,10109998FERREIRAE,2025-10-23,118283,1,62,0,1915.0
10109998FERREIRAE_2025-10-23_G12,10109998FERREIRAE,2025-10-23,111861,1,2,0,306.0
10109998FERREIRAE_2025-10-23_G13,10109998FERREIRAE,2025-10-23,111660,1,2,0,134.0
10109998FERREIRAE_2025-10-23_G14,10109998FERREIRAE,2025-10-23,140911,1,4,0,262.0
10109998FERREIRAE_2025-10-23_G15,10109998FERREIRAE,2025-10-23,111850,1,21,0,719.0
10109998FERREIRAE_2025-10-23_G16,10109998FERREIRAE,2025-10-23,111569,1,14,0,682.0
10109998FERREIRAE_2025-10-23_G17,10109998FERREIRAE,2025-10-23,118418,1,2,0,160.0
10109998FERREIRAE_2025-10-23_G19,10109998FERREIRAE,2025-10-23,109647,1,7,0,115.0
10109998FERREIRAE_2025-10-23_G20,10109998FERREIRAE,2025-10-23,111876,1,6,0,507.0
10109998FERREIRAE_2025-10-23_G21,10109998FERREIRAE,2025-10-23,118298,1,4,0,594.0
10109998FERREIRAE_2025-10-23_G22,10109998FERREIRAE,2025-10-23,117862,1,138,0,597.0
10109998FERREIRAE_2025-10-23_G23,10109998FERREIRAE,2025-10-23,110733,1,22,0,273.0
10109998FERREIRAE_2025-10-23_G24,10109998FERREIRAE,2025-10-23,111467,1,3,0,143.0
10109998FERREIRAE_2025-10-23_G25,10109998FERREIRAE,2025-10-23,117786,1,7,0,124.0
10109998FERREIRAE_2025-10-23_G26,10109998FERREIRAE,2025-10-23,140923,1,255,0,1250.0
10109998FERREIRAE_2025-10-24_G02,10109998FERREIRAE,2025-10-24,117862,1,2,0,121.0
10109998FERREIRAE_2025-10-24_G03,10109998FERREIRAE,2025-10-24,117935,1,4,0,168.0
10109998FERREIRAE_2025-10-24_G04,10109998FERREIRAE,2025-10-24,117786,1,4,0,135.0
10109998FERREIRAE_2025-10-24_G05,10109998FERREIRAE,2025-10-24,117855,1,6,0,119.0
10109998FERREIRAE_2025-10-24_G06,10109998FERREIRAE,2025-10-24,111530,1,4,0,398.0
10109998FERREIRAE_2025-10-24_G07,10109998FERREIRAE,2025-10-24,118269,1,4,0,455.0
10109998FERREIRAE_2025-10-24_G08,10109998FERREIRAE,2025-10-24,110747,1,2,0,450.0
10109998FERREIRAE_2025-10-24_G09,10109998FERREIRAE,2025-10-24,118140,1,4,0,366.0
10109998FERREIRAE_2025-10-24_G10,10109998FERREIRAE,2025-10-24,110740,1,4,0,164.0
10109998FERREIRAE_2025-10-24_G11,10109998FERREIRAE,2025-10-24,141823,1,2,0,83.0
10109998FERREIRAE_2025-10-24_G12,10109998FERREIRAE,2025-10-24,117820,1,3,0,174.0
10109998FERREIRAE_2025-10-24_G13,10109998FERREIRAE,2025-10-24,110373,1,4,0,170.0
10109998FERREIRAE_2025-10-24_G14,10109998FERREIRAE,2025-10-24,117862,1,4,0,967.0
10109998FERREIRAE_2025-10-24_G15,10109998FERREIRAE,2025-10-24,117786,1,4,0,128.0
10109998FERREIRAE_2025-10-24_G16,10109998FERREIRAE,2025-10-24,110500,1,2,0,1541.0
10109998FERREIRAE_2025-10-24_G17,10109998FERREIRAE,2025-10-24,118417,1,8,0,265.0
10109998FERREIRAE_2025-10-24_G18,10109998FERREIRAE,2025-10-24,100334,1,10,0,470.0
10109998FERREIRAE_2025-10-24_G19,10109998FERREIRAE,2025-10-24,110534,1,1,0,52.0
10109998FERREIRAE_2025-10-24_G20,10109998FERREIRAE,2025-10-24,110582,1,8,0,512.0
10109998FERREIRAE_2025-10-24_G21,10109998FERREIRAE,2025-10-24,140911,1,2,0,96.0
10109998FERREIRAE_2025-10-24_G22,10109998FERREIRAE,2025-10-24,118290,1,1,0,45.0
10109998FERREIRAE_2025-10-24_G23,10109998FERREIRAE,2025-10-24,108770,1,10,0,611.0
10109998FERREIRAE_2025-10-24_G24,10109998FERREIRAE,2025-10-24,"107888, 108411",2,20,7,816.0
10109998FERREIRAE_2025-10-24_G25,10109998FERREIRAE,2025-10-24,140915,1,4,0,661.0
10109998FERREIRAE_2025-10-24_G26,10109998FERREIRAE,2025-10-24,117787,1,20,0,562.0
10109998FERREIRAE_2025-10-24_G27,10109998FERREIRAE,2025-10-24,111569,1,80,0,810.0
10109998FERREIRAE_2025-10-24_G29,10109998FERREIRAE,2025-10-24,110313,1,2,0,50.0
10109998FERREIRAE_2025-10-24_G30,10109998FERREIRAE,2025-10-24,111469,1,6,0,559.0
10109998FERREIRAE_2025-10-24_G31,10109998FERREIRAE,2025-10-24,111469,1,6,0,66.0
10109998FERREIRAE_2025-10-24_G32,10109998FERREIRAE,2025-10-24,111330,1,43,0,728.0
10109998FERREIRAE_2025-10-24_G33,10109998FERREIRAE,2025-10-24,111418,1,109,0,915.0
10109998FERREIRAE_2025-10-24_G34,10109998FERREIRAE,2025-10-24,111462,1,66,0,1563.0
10109998FERREIRAE_2025-10-24_G35,10109998FERREIRAE,2025-10-24,110375,1,10,0,1729.0
10109998FERREIRAE_2025-10-24_G36,10109998FERREIRAE,2025-10-24,118299,1,300,0,1618.0
10109998FERREIRAE_2025-10-24_G37,10109998FERREIRAE,2025-10-24,110371,1,100,0,1561.0
10109998FERREIRAE_2025-10-24_G38,10109998FERREIRAE,2025-10-24,108770,1,4,0,1105.0
10109998FERREIRAE_2025-10-24_G39,10109998FERREIRAE,2025-10-24,110623,1,12,0,331.0
10109998FERREIRAE_2025-10-24_G40,10109998FERREIRAE,2025-10-24,110582,1,3,0,234.0
10109998FERREIRAE_2025-10-24_G41,10109998FERREIRAE,2025-10-24,118094,1,2,0,291.0
10109998FERREIRAE_2025-10-27_G02,10109998FERREIRAE,2025-10-27,111876,1,8,0,166.0
10109998FERREIRAE_2025-10-27_G03,10109998FERREIRAE,2025-10-27,117786,1,20,0,215.0
10109998FERREIRAE_2025-10-27_G04,10109998FERREIRAE,2025-10-27,117935,1,2,0,106.0
10109998FERREIRAE_2025-10-27_G05,10109998FERREIRAE,2025-10-27,117935,1,14,0,493.0
10109998FERREIRAE_2025-10-27_G06,10109998FERREIRAE,2025-10-27,140923,1,40,0,1213.0
10109998FERREIRAE_2025-10-27_G08,10109998FERREIRAE,2025-10-27,110749,1,4,0,554.0
10109998FERREIRAE_2025-10-27_G09,10109998FERREIRAE,2025-10-27,111793,1,2,0,97.0
10109998FERREIRAE_2025-10-27_G10,10109998FERREIRAE,2025-10-27,111438,1,18,0,521.0
10109998FERREIRAE_2025-10-27_G11,10109998FERREIRAE,2025-10-27,118094,1,20,0,368.0
10109998FERREIRAE_2025-10-27_G12,10109998FERREIRAE,2025-10-27,111876,1,20,0,456.0
10109998FERREIRAE_2025-10-27_G13,10109998FERREIRAE,2025-10-27,141352,1,4,0,195.0
10109998FERREIRAE_2025-10-27_G14,10109998FERREIRAE,2025-10-27,110339,1,60,0,775.0
10109998FERREIRAE_2025-10-27_G15,10109998FERREIRAE,2025-10-27,117837,1,4,0,164.0
10109998FERREIRAE_2025-10-27_G16,10109998FERREIRAE,2025-10-27,117862,1,30,0,902.0
10109998FERREIRAE_2025-10-27_G17,10109998FERREIRAE,2025-10-27,108772,1,30,0,593.0
10109998FERREIRAE_2025-10-27_G18,10109998FERREIRAE,2025-10-27,118222,1,9,0,1172.0
10109998FERREIRAE_2025-10-27_G19,10109998FERREIRAE,2025-10-27,108759,1,3,0,89.0
10109998FERREIRAE_2025-10-27_G20,10109998FERREIRAE,2025-10-27,109640,1,4,0,477.0
10109998FERREIRAE_2025-10-27_G21,10109998FERREIRAE,2025-10-27,110787,1,4,0,399.0
10109998FERREIRAE_2025-10-27_G22,10109998FERREIRAE,2025-10-27,117830,1,6,0,241.0
10109998FERREIRAE_2025-10-27_G23,10109998FERREIRAE,2025-10-27,111602,1,8,0,207.0
10109998FERREIRAE_2025-10-27_G24,10109998FERREIRAE,2025-10-27,110787,1,4,0,221.0
10109998FERREIRAE_2025-10-27_G25,10109998FERREIRAE,2025-10-27,110374,1,56,0,1057.0
10109998FERREIRAE_2025-10-28_G02,10109998FERREIRAE,2025-10-28,118222,1,69,0,1556.0
10109998FERREIRAE_2025-10-28_G03,10109998FERREIRAE,2025-10-28,108759,1,3,0,351.0
10109998FERREIRAE_2025-10-29_G02,10109998FERREIRAE,2025-10-29,111569,1,16,0,257.0
10109998FERREIRAE_2025-10-29_G03,10109998FERREIRAE,2025-10-29,110578,1,4,0,368.0
10109998FERREIRAE_2025-10-29_G04,10109998FERREIRAE,2025-10-29,111602,1,10,0,2015.0
10109998FERREIRAE_2025-10-29_G05,10109998FERREIRAE,2025-10-29,111602,1,6,0,48.0
10109998FERREIRAE_2025-10-29_G06,10109998FERREIRAE,2025-10-29,118140,1,10,0,241.0
10109998FERREIRAE_2025-10-29_G07,10109998FERREIRAE,2025-10-29,118140,1,10,0,121.0
10109998FERREIRAE_2025-10-29_G08,10109998FERREIRAE,2025-10-29,110374,1,8,0,254.0
10109998FERREIRAE_2025-10-29_G09,10109998FERREIRAE,2025-10-29,110372,1,10,0,366.0
10109998FERREIRAE_2025-10-29_G10,10109998FERREIRAE,2025-10-29,111602,1,8,0,644.0
10109998FERREIRAE_2025-10-29_G11,10109998FERREIRAE,2025-10-29,110787,1,8,0,1244.0
10109998FERREIRAE_2025-10-29_G12,10109998FERREIRAE,2025-10-29,110313,1,8,0,444.0
10109998FERREIRAE_2025-10-29_G13,10109998FERREIRAE,2025-10-29,111602,1,2,0,655.0
10109998FERREIRAE_2025-10-29_G14,10109998FERREIRAE,2025-10-29,141916,2,6,5,246.0
10109998FERREIRAE_2025-10-29_G15,10109998FERREIRAE,2025-10-29,111602,1,16,0,908.0
10109998FERREIRAE_2025-10-29_G16,10109998FERREIRAE,2025-10-29,111530,1,4,0,551.0
10109998FERREIRAE_2025-10-29_G17,10109998FERREIRAE,2025-10-29,111602,1,20,0,538.0
10109998FERREIRAE_2025-10-29_G18,10109998FERREIRAE,2025-10-29,111182,1,3,0,198.0
10109998FERREIRAE_2025-10-29_G19,10109998FERREIRAE,2025-10-29,111602,1,4,0,298.0
10109998FERREIRAE_2025-10-29_G21,10109998FERREIRAE,2025-10-29,111418,1,100,0,1525.0
10109998FERREIRAE_2025-10-29_G22,10109998FERREIRAE,2025-10-29,141823,1,40,0,1810.0
10109998FERREIRAE_2025-10-29_G23,10109998FERREIRAE,2025-10-29,141457,1,84,0,916.0
10109998FERREIRAE_2025-10-29_G24,10109998FERREIRAE,2025-10-29,141456,1,100,0,398.0
10109998FERREIRAE_2025-10-29_G25,10109998FERREIRAE,2025-10-29,108794,1,20,0,606.0
10109998FERREIRAE_2025-10-29_G26,10109998FERREIRAE,2025-10-29,117787,1,10,0,247.0
10109998FERREIRAE_2025-10-29_G27,10109998FERREIRAE,2025-10-29,141458,1,70,0,644.0
10109998FERREIRAE_2025-10-29_G28,10109998FERREIRAE,2025-10-29,160054,1,6,0,689.0
10109998FERREIRAE_2025-10-29_G29,10109998FERREIRAE,2025-10-29,117830,1,190,0,995.0
10109998FERREIRAE_2025-10-29_G30,10109998FERREIRAE,2025-10-29,117808,1,4,0,131.0
10109998FERREIRAE_2025-10-29_G31,10109998FERREIRAE,2025-10-29,111793,1,2,0,141.0
10109998FERREIRAE_2025-10-29_G32,10109998FERREIRAE,2025-10-29,141318,1,12,0,266.0
10109998FERREIRAE_2025-10-29_G33,10109998FERREIRAE,2025-10-29,118416,1,1,0,142.0
10109998FERREIRAE_2025-10-29_G34,10109998FERREIRAE,2025-10-29,110313,1,76,0,863.0
10109998FERREIRAE_2025-10-30_G02,10109998FERREIRAE,2025-10-30,111444,1,57,0,891.0
10109998FERREIRAE_2025-10-30_G03,10109998FERREIRAE,2025-10-30,111530,1,27,0,2071.0
10109998FERREIRAE_2025-10-30_G04,10109998FERREIRAE,2025-10-30,111418,1,20,0,1357.0
10109998FERREIRAE_2025-10-30_G05,10109998FERREIRAE,2025-10-30,111465,1,10,0,517.0
10109998FERREIRAE_2025-10-30_G06,10109998FERREIRAE,2025-10-30,108711,1,6,0,710.0
10109998FERREIRAE_2025-10-30_G07,10109998FERREIRAE,2025-10-30,111443,1,2,0,237.0
10109998FERREIRAE_2025-10-30_G08,10109998FERREIRAE,2025-10-30,117856,1,15,0,1216.0
10109998FERREIRAE_2025-10-30_G09,10109998FERREIRAE,2025-10-30,117862,1,21,0,193.0
10109998FERREIRAE_2025-10-30_G10,10109998FERREIRAE,2025-10-30,110752,1,8,0,322.0
10109998FERREIRAE_2025-10-30_G11,10109998FERREIRAE,2025-10-30,109640,1,30,0,1535.0
10109998FERREIRAE_2025-10-30_G12,10109998FERREIRAE,2025-10-30,111602,1,29,0,893.0
10109998FERREIRAE_2025-10-30_G13,10109998FERREIRAE,2025-10-30,111602,1,21,0,167.0
10109998FERREIRAE_2025-10-30_G14,10109998FERREIRAE,2025-10-30,110339,1,12,0,233.0
10109998FERREIRAE_2025-10-30_G15,10109998FERREIRAE,2025-10-30,109640,1,6,0,1040.0
10109998FERREIRAE_2025-10-30_G16,10109998FERREIRAE,2025-10-30,140923,1,3,0,107.0
10109998FERREIRAE_2025-10-30_G17,10109998FERREIRAE,2025-10-30,110313,1,2,0,3036.0
10109998FERREIRAE_2025-10-30_G18,10109998FERREIRAE,2025-10-30,160051,1,1,0,141.0
10109998FERREIRAE_2025-10-30_G20,10109998FERREIRAE,2025-10-30,141140,1,4,0,79.0
10109998FERREIRAE_2025-10-30_G21,10109998FERREIRAE,2025-10-30,141141,1,10,0,185.0
10109998FERREIRAE_2025-10-30_G22,10109998FERREIRAE,2025-10-30,111742,1,8,0,270.0
10109998FERREIRAE_2025-10-30_G23,10109998FERREIRAE,2025-10-30,141262,1,60,0,2043.0
10109998FERREIRAE_2025-10-30_G24,10109998FERREIRAE,2025-10-30,141262,1,36,0,430.0
10109998FERREIRAE_2025-10-30_G25,10109998FERREIRAE,2025-10-30,111634,1,16,0,635.0
10109998FERREIRAE_2025-10-30_G26,10109998FERREIRAE,2025-10-30,111634,1,6,0,53.0
10109998FERREIRAE_2025-10-30_G27,10109998FERREIRAE,2025-10-30,118191,1,50,0,715.0
10109998FERREIRAE_2025-10-30_G28,10109998FERREIRAE,2025-10-30,141141,1,10,0,564.0
10109998FERREIRAE_2025-10-30_G29,10109998FERREIRAE,2025-10-30,141141,1,10,0,229.0
10109998FERREIRAE_2025-10-30_G30,10109998FERREIRAE,2025-10-30,111634,1,16,0,329.0
10109998FERREIRAE_2025-10-31_G02,10109998FERREIRAE,2025-10-31,141457,1,20,0,225.0
10109998FERREIRAE_2025-10-31_G03,10109998FERREIRAE,2025-10-31,111466,1,30,0,746.0
10109998FERREIRAE_2025-10-31_G04,10109998FERREIRAE,2025-10-31,117785,1,80,0,962.0
10109998FERREIRAE_2025-10-31_G05,10109998FERREIRAE,2025-10-31,117856,1,10,0,1973.0
10109998FERREIRAE_2025-10-31_G06,10109998FERREIRAE,2025-10-31,118094,1,10,0,114.0
10109998FERREIRAE_2025-10-31_G07,10109998FERREIRAE,2025-10-31,110741,1,11,0,273.0
10109998FERREIRAE_2025-10-31_G08,10109998FERREIRAE,2025-10-31,111876,1,5,0,315.0
10109998FERREIRAE_2025-10-31_G09,10109998FERREIRAE,2025-10-31,118298,1,7,0,363.0
10109998FERREIRAE_2025-10-31_G10,10109998FERREIRAE,2025-10-31,111530,1,8,0,156.0
10109998FERREIRAE_2025-10-31_G11,10109998FERREIRAE,2025-10-31,117862,1,10,0,714.0
10109998FERREIRAE_2025-10-31_G12,10109998FERREIRAE,2025-10-31,110756,1,2,0,143.0
10109998FERREIRAE_2025-10-31_G13,10109998FERREIRAE,2025-10-31,110711,1,10,0,139.0
10109998FERREIRAE_2025-10-31_G14,10109998FERREIRAE,2025-10-31,141047,1,3,0,47.0
10109998FERREIRAE_2025-10-31_G15,10109998FERREIRAE,2025-10-31,141352,1,12,0,117.0
10109998FERREIRAE_2025-10-31_G16,10109998FERREIRAE,2025-10-31,108361,1,10,0,105.0
10109998FERREIRAE_2025-10-31_G17,10109998FERREIRAE,2025-10-31,111467,1,9,0,335.0
10109998FERREIRAE_2025-10-31_G18,10109998FERREIRAE,2025-10-31,110733,1,16,0,326.0
10109998FERREIRAE_2025-10-31_G19,10109998FERREIRAE,2025-10-31,117786,1,30,0,407.0
10109998FERREIRAE_2025-10-31_G20,10109998FERREIRAE,2025-10-31,110623,1,8,0,145.0
10109998FERREIRAE_2025-10-31_G21,10109998FERREIRAE,2025-10-31,117834,1,1,0,95.0
10109998FERREIRAE_2025-10-31_G22,10109998FERREIRAE,2025-10-31,111569,1,5,0,367.0
10109998FERREIRAE_2025-10-31_G23,10109998FERREIRAE,2025-10-31,107830,1,10,0,226.0
10109998FERREIRAE_2025-10-31_G24,10109998FERREIRAE,2025-10-31,117808,1,100,0,606.0
10109998FERREIRAE_2025-10-31_G25,10109998FERREIRAE,2025-10-31,117808,1,100,0,359.0
10109998FERREIRAE_2025-10-31_G26,10109998FERREIRAE,2025-10-31,118299,1,150,0,642.0
10109998FERREIRAE_2025-10-31_G27,10109998FERREIRAE,2025-10-31,118299,1,50,0,355.0
10109998FERREIRAE_2025-10-31_G28,10109998FERREIRAE,2025-10-31,117820,1,20,0,1009.0
10109998FERREIRAE_2025-10-31_G29,10109998FERREIRAE,2025-10-31,111172,1,7,0,472.0
10109998FERREIRAE_2025-10-31_G30,10109998FERREIRAE,2025-10-31,111443,1,9,0,271.0
10109998FERREIRAE_2025-10-31_G31,10109998FERREIRAE,2025-10-31,110740,1,27,0,442.0
10109998FERREIRAE_2025-10-31_G33,10109998FERREIRAE,2025-10-31,111469,1,8,0,243.0
10109998FERREIRAE_2025-10-31_G34,10109998FERREIRAE,2025-10-31,111465,1,11,0,190.0
10109998FERREIRAE_2025-10-31_G35,10109998FERREIRAE,2025-10-31,111465,1,36,0,320.0
10109998FERREIRAE_2025-10-31_G36,10109998FERREIRAE,2025-10-31,111468,1,8,0,309.0
10109998FERREIRAE_2025-10-31_G37,10109998FERREIRAE,2025-10-31,109645,1,3,0,327.0
10109998FERREIRAE_2025-10-31_G38,10109998FERREIRAE,2025-10-31,111418,1,85,0,649.0
10109998FERREIRAE_2025-10-31_G39,10109998FERREIRAE,2025-10-31,108795,2,8,27,288.0
10109998FERREIRAE_2025-10-31_G40,10109998FERREIRAE,2025-10-31,110741,1,18,0,559.0
10109998FERREIRAE_2025-11-05_G03,10109998FERREIRAE,2025-11-05,111743,1,1078,0,2939.0
10109998FERREIRAE_2025-11-06_G02,10109998FERREIRAE,2025-11-06,121651,1,8,0,390.0
10109998FERREIRAE_2025-11-06_G03,10109998FERREIRAE,2025-11-06,122647,1,8,0,603.0
10109998FERREIRAE_2025-11-06_G04,10109998FERREIRAE,2025-11-06,122988,1,2,0,418.0
10109998FERREIRAE_2025-11-06_G05,10109998FERREIRAE,2025-11-06,122962,1,8,0,244.0
10109998FERREIRAE_2025-11-06_G06,10109998FERREIRAE,2025-11-06,122671,1,2,0,943.0
10109998FERREIRAE_2025-11-06_G07,10109998FERREIRAE,2025-11-06,120028,1,6,0,333.0
10109998FERREIRAE_2025-11-06_G08,10109998FERREIRAE,2025-11-06,122673,1,24,0,1209.0
10109998FERREIRAE_2025-11-06_G09,10109998FERREIRAE,2025-11-06,122647,1,8,0,390.0
10109998FERREIRAE_2025-11-06_G11,10109998FERREIRAE,2025-11-06,109648,1,26,0,621.0
10109998FERREIRAE_2025-11-06_G12,10109998FERREIRAE,2025-11-06,141202,1,16,0,270.0
10109998FERREIRAE_2025-11-06_G13,10109998FERREIRAE,2025-11-06,111879,1,22,0,527.0
10109998FERREIRAE_2025-11-06_G14,10109998FERREIRAE,2025-11-06,117837,1,24,0,621.0
10109998FERREIRAE_2025-11-06_G15,10109998FERREIRAE,2025-11-06,110733,1,23,0,709.0
10109998FERREIRAE_2025-11-06_G16,10109998FERREIRAE,2025-11-06,107629,1,34,0,448.0
10109998FERREIRAE_2025-11-06_G17,10109998FERREIRAE,2025-11-06,118322,1,26,0,744.0
10109998FERREIRAE_2025-11-06_G18,10109998FERREIRAE,2025-11-06,118140,1,20,0,1508.0
10109998FERREIRAE_2025-11-06_G19,10109998FERREIRAE,2025-11-06,117838,1,20,0,339.0
10109998FERREIRAE_2025-11-06_G20,10109998FERREIRAE,2025-11-06,110743,1,26,0,323.0
10109998FERREIRAE_2025-11-06_G21,10109998FERREIRAE,2025-11-06,141456,1,36,0,846.0
10109998FERREIRAE_2025-11-06_G22,10109998FERREIRAE,2025-11-06,141458,1,20,0,305.0
10109998FERREIRAE_2025-11-07_G02,10109998FERREIRAE,2025-11-07,111441,1,1,0,36.0
10109998FERREIRAE_2025-11-07_G03,10109998FERREIRAE,2025-11-07,111569,1,4,0,406.0
10109998FERREIRAE_2025-11-07_G04,10109998FERREIRAE,2025-11-07,111569,1,4,0,136.0
10109998FERREIRAE_2025-11-07_G05,10109998FERREIRAE,2025-11-07,111569,1,4,0,75.0
10109998FERREIRAE_2025-11-07_G06,10109998FERREIRAE,2025-11-07,107830,1,2,0,2003.0
10109998FERREIRAE_2025-11-07_G07,10109998FERREIRAE,2025-11-07,117832,1,8,0,161.0
10109998FERREIRAE_2025-11-07_G08,10109998FERREIRAE,2025-11-07,117822,1,6,0,103.0
10109998FERREIRAE_2025-11-07_G09,10109998FERREIRAE,2025-11-07,110373,1,30,0,501.0
10109998FERREIRAE_2025-11-07_G10,10109998FERREIRAE,2025-11-07,118299,1,20,0,1000.0
10109998FERREIRAE_2025-11-07_G11,10109998FERREIRAE,2025-11-07,111602,1,5,0,182.0
10109998FERREIRAE_2025-11-07_G12,10109998FERREIRAE,2025-11-07,117855,1,8,0,144.0
10109998FERREIRAE_2025-11-07_G13,10109998FERREIRAE,2025-11-07,117808,1,1120,0,2643.0
10109998FERREIRAE_2025-11-07_G14,10109998FERREIRAE,2025-11-07,110372,1,173,0,2019.0
10109998FERREIRAE_2025-11-07_G16,10109998FERREIRAE,2025-11-07,117821,1,30,0,447.0
10109998FERREIRAE_2025-11-07_G17,10109998FERREIRAE,2025-11-07,118140,1,50,0,654.0
10109998FERREIRAE_2025-11-07_G18,10109998FERREIRAE,2025-11-07,111348,1,13,0,132.0
10109998FERREIRAE_2025-11-07_G19,10109998FERREIRAE,2025-11-07,141457,1,15,0,309.0
10109998FERREIRAE_2025-11-07_G20,10109998FERREIRAE,2025-11-07,108798,1,3,0,61.0
10109998FERREIRAE_2025-11-07_G21,10109998FERREIRAE,2025-11-07,141456,1,10,0,241.0
10109998FERREIRAE_2025-11-07_G22,10109998FERREIRAE,2025-11-07,118223,1,15,0,152.0
10109998FERREIRAE_2025-11-07_G23,10109998FERREIRAE,2025-11-07,109641,1,12,0,163.0
10109998FERREIRAE_2025-11-07_G24,10109998FERREIRAE,2025-11-07,141458,1,40,0,461.0
10109998FERREIRAE_2025-11-07_G25,10109998FERREIRAE,2025-11-07,117830,1,110,0,1278.0
10109998FERREIRAE_2025-11-07_G26,10109998FERREIRAE,2025-11-07,117840,1,6,0,183.0
10109998FERREIRAE_2025-11-07_G27,10109998FERREIRAE,2025-11-07,140911,1,12,0,173.0
10109998FERREIRAE_2025-11-07_G28,10109998FERREIRAE,2025-11-07,141313,1,4,0,147.0
10109998FERREIRAE_2025-11-07_G29,10109998FERREIRAE,2025-11-07,141916,1,80,0,794.0
10109998FERREIRAE_2025-11-07_G30,10109998FERREIRAE,2025-11-07,117789,1,10,0,360.0
10109998FERREIRAE_2025-11-08_G02,10109998FERREIRAE,2025-11-08,111433,1,4,0,111.0
10109998FERREIRAE_2025-11-08_G03,10109998FERREIRAE,2025-11-08,118140,1,9,0,160.0
10109998FERREIRAE_2025-11-08_G04,10109998FERREIRAE,2025-11-08,118140,1,2,0,36.0
10109998FERREIRAE_2025-11-08_G05,10109998FERREIRAE,2025-11-08,141823,1,3,0,169.0
10109998FERREIRAE_2025-11-08_G06,10109998FERREIRAE,2025-11-08,141823,1,2,0,35.0
10109998FERREIRAE_2025-11-08_G07,10109998FERREIRAE,2025-11-08,110787,1,9,0,187.0
10109998FERREIRAE_2025-11-08_G08,10109998FERREIRAE,2025-11-08,110787,1,2,0,37.0
10109998FERREIRAE_2025-11-08_G09,10109998FERREIRAE,2025-11-08,110313,1,4,0,108.0
10109998FERREIRAE_2025-11-08_G10,10109998FERREIRAE,2025-11-08,110313,1,4,0,77.0
10109998FERREIRAE_2025-11-08_G11,10109998FERREIRAE,2025-11-08,117862,1,2,0,137.0
10109998FERREIRAE_2025-11-08_G12,10109998FERREIRAE,2025-11-08,117862,1,2,0,49.0
10109998FERREIRAE_2025-11-08_G13,10109998FERREIRAE,2025-11-08,110711,1,2,0,149.0
10109998FERREIRAE_2025-11-08_G14,10109998FERREIRAE,2025-11-08,111467,1,8,0,199.0
10109998FERREIRAE_2025-11-08_G15,10109998FERREIRAE,2025-11-08,111879,1,4,0,608.0
10109998FERREIRAE_2025-11-08_G16,10109998FERREIRAE,2025-11-08,117862,1,3,0,167.0
10109998FERREIRAE_2025-11-08_G17,10109998FERREIRAE,2025-11-08,117862,1,2,0,32.0
10109998FERREIRAE_2025-11-08_G18,10109998FERREIRAE,2025-11-08,110711,1,5,0,139.0
10109998FERREIRAE_2025-11-08_G19,10109998FERREIRAE,2025-11-08,110752,1,2,0,84.0
10109998FERREIRAE_2025-11-08_G20,10109998FERREIRAE,2025-11-08,140923,1,2,0,118.0
10109998FERREIRAE_2025-11-08_G22,10109998FERREIRAE,2025-11-08,117820,1,180,0,771.0
10109998FERREIRAE_2025-11-08_G23,10109998FERREIRAE,2025-11-08,110372,1,150,0,1166.0
10109998FERREIRAE_2025-11-08_G24,10109998FERREIRAE,2025-11-08,140922,1,4,0,488.0
10109998FERREIRAE_2025-11-08_G25,10109998FERREIRAE,2025-11-08,110313,1,2,0,204.0
10109998FERREIRAE_2025-11-08_G26,10109998FERREIRAE,2025-11-08,110313,1,8,0,929.0
10109998FERREIRAE_2025-11-08_G27,10109998FERREIRAE,2025-11-08,110748,1,2,0,146.0
10109998FERREIRAE_2025-11-08_G28,10109998FERREIRAE,2025-11-08,110112,1,4,0,231.0
10109998FERREIRAE_2025-11-08_G29,10109998FERREIRAE,2025-11-08,110733,1,4,0,150.0
10109998FERREIRAE_2025-11-08_G30,10109998FERREIRAE,2025-11-08,140922,1,4,0,175.0
10109998FERREIRAE_2025-11-08_G31,10109998FERREIRAE,2025-11-08,109640,1,4,0,380.0
10109998FERREIRAE_2025-11-08_G32,10109998FERREIRAE,2025-11-08,111532,1,4,0,134.0
10109998FERREIRAE_2025-11-08_G33,10109998FERREIRAE,2025-11-08,111463,1,14,0,260.0
10109998FERREIRAE_2025-11-10_G02,10109998FERREIRAE,2025-11-10,111418,1,4,0,162.0
10109998FERREIRAE_2025-11-10_G03,10109998FERREIRAE,2025-11-10,111418,1,6,0,81.0
10109998FERREIRAE_2025-11-10_G04,10109998FERREIRAE,2025-11-10,111469,1,1,0,63.0
10109998FERREIRAE_2025-11-10_G05,10109998FERREIRAE,2025-11-10,110374,1,1,0,263.0
10109998FERREIRAE_2025-11-10_G06,10109998FERREIRAE,2025-11-10,110372,1,11,0,185.0
10109998FERREIRAE_2025-11-10_G07,10109998FERREIRAE,2025-11-10,110373,1,8,0,300.0
10109998FERREIRAE_2025-11-10_G08,10109998FERREIRAE,2025-11-10,110895,1,4,0,889.0
10109998FERREIRAE_2025-11-10_G09,10109998FERREIRAE,2025-11-10,110747,1,4,0,103.0
10109998FERREIRAE_2025-11-10_G10,10109998FERREIRAE,2025-11-10,111441,1,4,0,373.0
10109998FERREIRAE_2025-11-10_G11,10109998FERREIRAE,2025-11-10,117862,1,3,0,112.0
10109998FERREIRAE_2025-11-10_G12,10109998FERREIRAE,2025-11-10,118140,1,2,0,60.0
10109998FERREIRAE_2025-11-10_G13,10109998FERREIRAE,2025-11-10,110787,1,2,0,113.0
10109998FERREIRAE_2025-11-10_G14,10109998FERREIRAE,2025-11-10,111418,1,8,0,377.0
10109998FERREIRAE_2025-11-10_G15,10109998FERREIRAE,2025-11-10,111469,1,2,0,48.0
10109998FERREIRAE_2025-11-10_G16,10109998FERREIRAE,2025-11-10,117832,1,1,0,134.0
10109998FERREIRAE_2025-11-10_G17,10109998FERREIRAE,2025-11-10,110374,2,3,22,168.0
10109998FERREIRAE_2025-11-10_G18,10109998FERREIRAE,2025-11-10,117820,1,2,0,86.0
10109998FERREIRAE_2025-11-10_G19,10109998FERREIRAE,2025-11-10,117808,1,2,0,88.0
10109998FERREIRAE_2025-11-10_G20,10109998FERREIRAE,2025-11-10,110373,1,3,0,95.0
10109998FERREIRAE_2025-11-10_G21,10109998FERREIRAE,2025-11-10,117832,1,4,0,1628.0
10109998FERREIRAE_2025-11-10_G22,10109998FERREIRAE,2025-11-10,110374,1,3,0,55.0
10109998FERREIRAE_2025-11-10_G23,10109998FERREIRAE,2025-11-10,117820,1,11,0,426.0
10109998FERREIRAE_2025-11-10_G24,10109998FERREIRAE,2025-11-10,117808,1,30,0,455.0
10109998FERREIRAE_2025-11-10_G25,10109998FERREIRAE,2025-11-10,110372,1,2,0,958.0
10109998FERREIRAE_2025-11-10_G26,10109998FERREIRAE,2025-11-10,118299,1,3,0,51.0
10109998FERREIRAE_2025-11-10_G27,10109998FERREIRAE,2025-11-10,110373,1,2,0,86.0
10109998FERREIRAE_2025-11-10_G28,10109998FERREIRAE,2025-11-10,110373,1,44,0,618.0
10109998FERREIRAE_2025-11-10_G29,10109998FERREIRAE,2025-11-10,140923,1,2,0,84.0
10109998FERREIRAE_2025-11-10_G30,10109998FERREIRAE,2025-11-10,111602,1,12,0,462.0
10109998FERREIRAE_2025-11-10_G31,10109998FERREIRAE,2025-11-10,118140,1,4,0,1851.0
10109998FERREIRAE_2025-11-10_G32,10109998FERREIRAE,2025-11-10,118306,1,6,0,239.0
10109998FERREIRAE_2025-11-10_G33,10109998FERREIRAE,2025-11-10,111569,1,2,0,559.0
10109998FERREIRAE_2025-11-10_G35,10109998FERREIRAE,2025-11-10,110747,1,4,0,425.0
10109998FERREIRAE_2025-11-10_G36,10109998FERREIRAE,2025-11-10,117831,1,5,0,1277.0
10109998FERREIRAE_2025-11-10_G37,10109998FERREIRAE,2025-11-10,141457,1,7,0,105.0
10109998FERREIRAE_2025-11-10_G38,10109998FERREIRAE,2025-11-10,111418,1,2,0,48.0
10109998FERREIRAE_2025-11-10_G39,10109998FERREIRAE,2025-11-10,111469,1,2,0,44.0
10109998FERREIRAE_2025-11-10_G40,10109998FERREIRAE,2025-11-10,111468,1,2,0,92.0
10109998FERREIRAE_2025-11-10_G41,10109998FERREIRAE,2025-11-10,117833,1,2,0,145.0
10109998FERREIRAE_2025-11-10_G42,10109998FERREIRAE,2025-11-10,117785,1,3,0,56.0
10109998FERREIRAE_2025-11-10_G43,10109998FERREIRAE,2025-11-10,111444,1,2,0,55.0
10109998FERREIRAE_2025-11-10_G44,10109998FERREIRAE,2025-11-10,111462,1,4,0,91.0
10109998FERREIRAE_2025-11-10_G45,10109998FERREIRAE,2025-11-10,117809,1,6,0,489.0
10109998FERREIRAE_2025-11-10_G46,10109998FERREIRAE,2025-11-10,110375,1,2,0,694.0
10109998FERREIRAE_2025-11-10_G47,10109998FERREIRAE,2025-11-10,117808,1,6,0,85.0
10109998FERREIRAE_2025-11-10_G48,10109998FERREIRAE,2025-11-10,110372,1,6,0,118.0
10109998FERREIRAE_2025-11-10_G49,10109998FERREIRAE,2025-11-10,118299,1,14,0,193.0
10109998FERREIRAE_2025-11-10_G50,10109998FERREIRAE,2025-11-10,117822,1,2,0,158.0
10109998FERREIRAE_2025-11-10_G51,10109998FERREIRAE,2025-11-10,110733,1,4,0,1823.0
10109998FERREIRAE_2025-11-10_G52,10109998FERREIRAE,2025-11-10,108711,1,4,0,494.0
10109998FERREIRAE_2025-11-10_G53,10109998FERREIRAE,2025-11-10,118140,1,18,0,292.0
10109998FERREIRAE_2025-11-10_G54,10109998FERREIRAE,2025-11-10,140923,1,8,0,342.0
10109998FERREIRAE_2025-11-10_G55,10109998FERREIRAE,2025-11-10,140922,1,4,0,255.0
10109998FERREIRAE_2025-11-10_G56,10109998FERREIRAE,2025-11-10,118140,1,11,0,1539.0
10109998FERREIRAE_2025-11-10_G57,10109998FERREIRAE,2025-11-10,105705,1,2,0,52.0
10109998FERREIRAE_2025-11-10_G58,10109998FERREIRAE,2025-11-10,111433,1,2,0,117.0
10109998FERREIRAE_2025-11-10_G59,10109998FERREIRAE,2025-11-10,117821,1,10,0,191.0
10109998FERREIRAE_2025-11-10_G60,10109998FERREIRAE,2025-11-10,110740,1,8,0,127.0
10109998FERREIRAE_2025-11-10_G61,10109998FERREIRAE,2025-11-10,140922,1,3,0,73.0
10109998FERREIRAE_2025-11-10_G62,10109998FERREIRAE,2025-11-10,110787,1,1,0,138.0
10109998FERREIRAE_2025-11-10_G63,10109998FERREIRAE,2025-11-10,111418,1,20,0,239.0
10109998FERREIRAE_2025-11-10_G64,10109998FERREIRAE,2025-11-10,111431,1,4,0,825.0
10109998FERREIRAE_2025-11-10_G65,10109998FERREIRAE,2025-11-10,108711,1,12,0,377.0
10109998FERREIRAE_2025-11-10_G66,10109998FERREIRAE,2025-11-10,111462,1,11,0,196.0
10109998FERREIRAE_2025-11-10_G67,10109998FERREIRAE,2025-11-10,141456,1,19,0,260.0
10109998FERREIRAE_2025-11-10_G68,10109998FERREIRAE,2025-11-10,141456,1,2,0,45.0
10109998FERREIRAE_2025-11-10_G69,10109998FERREIRAE,2025-11-10,111430,1,8,0,190.0
10109998FERREIRAE_2025-11-10_G70,10109998FERREIRAE,2025-11-10,111430,1,2,0,40.0
10109998FERREIRAE_2025-11-10_G71,10109998FERREIRAE,2025-11-10,110755,1,3,0,109.0
10109998FERREIRAE_2025-11-11_G02,10109998FERREIRAE,2025-11-11,117862,1,1,0,271.0
10109998FERREIRAE_2025-11-11_G03,10109998FERREIRAE,2025-11-11,118140,1,12,0,177.0
10109998FERREIRAE_2025-11-11_G04,10109998FERREIRAE,2025-11-11,111418,1,4,0,98.0
10109998FERREIRAE_2025-11-11_G05,10109998FERREIRAE,2025-11-11,111469,1,11,0,97.0
10109998FERREIRAE_2025-11-11_G06,10109998FERREIRAE,2025-11-11,117821,1,3,0,695.0
10109998FERREIRAE_2025-11-11_G07,10109998FERREIRAE,2025-11-11,117831,1,9,0,72.0
10109998FERREIRAE_2025-11-11_G08,10109998FERREIRAE,2025-11-11,141457,1,20,0,149.0
10109998FERREIRAE_2025-11-11_G09,10109998FERREIRAE,2025-11-11,111418,1,25,0,319.0
10109998FERREIRAE_2025-11-11_G10,10109998FERREIRAE,2025-11-11,111466,1,11,0,542.0
10109998FERREIRAE_2025-11-11_G11,10109998FERREIRAE,2025-11-11,111462,1,20,0,545.0
10109998FERREIRAE_2025-11-11_G12,10109998FERREIRAE,2025-11-11,141271,1,20,0,431.0
10109998FERREIRAE_2025-11-11_G13,10109998FERREIRAE,2025-11-11,109643,1,10,0,231.0
10109998FERREIRAE_2025-11-11_G14,10109998FERREIRAE,2025-11-11,117832,1,6,0,103.0
10109998FERREIRAE_2025-11-11_G15,10109998FERREIRAE,2025-11-11,117830,1,8,0,98.0
10109998FERREIRAE_2025-11-11_G16,10109998FERREIRAE,2025-11-11,117822,1,3,0,134.0
10109998FERREIRAE_2025-11-11_G17,10109998FERREIRAE,2025-11-11,141202,1,5,0,71.0
10109998FERREIRAE_2025-11-11_G18,10109998FERREIRAE,2025-11-11,111441,1,4,0,169.0
10109998FERREIRAE_2025-11-11_G19,10109998FERREIRAE,2025-11-11,110755,1,4,0,128.0
10109998FERREIRAE_2025-11-11_G20,10109998FERREIRAE,2025-11-11,111569,1,6,0,128.0
10109998FERREIRAE_2025-11-11_G21,10109998FERREIRAE,2025-11-11,118222,1,16,0,324.0
10109998FERREIRAE_2025-11-11_G22,10109998FERREIRAE,2025-11-11,118094,1,3,0,255.0
10109998FERREIRAE_2025-11-11_G23,10109998FERREIRAE,2025-11-11,117786,1,3,0,244.0
10109998FERREIRAE_2025-11-11_G24,10109998FERREIRAE,2025-11-11,140923,1,40,0,479.0
10109998FERREIRAE_2025-11-11_G25,10109998FERREIRAE,2025-11-11,110313,1,2,0,1627.0
10109998FERREIRAE_2025-11-11_G26,10109998FERREIRAE,2025-11-11,111172,1,8,0,136.0
10109998FERREIRAE_2025-11-11_G27,10109998FERREIRAE,2025-11-11,110740,1,2,0,110.0
10109998FERREIRAE_2025-11-11_G28,10109998FERREIRAE,2025-11-11,110787,1,14,0,171.0
10109998FERREIRAE_2025-11-11_G29,10109998FERREIRAE,2025-11-11,111569,1,4,0,262.0
10109998FERREIRAE_2025-11-11_G30,10109998FERREIRAE,2025-11-11,110895,1,1,0,111.0
10109998FERREIRAE_2025-11-11_G31,10109998FERREIRAE,2025-11-11,141318,1,4,0,178.0
10109998FERREIRAE_2025-11-11_G32,10109998FERREIRAE,2025-11-11,117830,1,2,0,549.0
10109998FERREIRAE_2025-11-11_G33,10109998FERREIRAE,2025-11-11,110372,1,11,0,208.0
10109998FERREIRAE_2025-11-11_G34,10109998FERREIRAE,2025-11-11,110373,1,16,0,192.0
10109998FERREIRAE_2025-11-11_G35,10109998FERREIRAE,2025-11-11,117831,1,6,0,150.0
10109998FERREIRAE_2025-11-11_G36,10109998FERREIRAE,2025-11-11,111418,1,40,0,411.0
10109998FERREIRAE_2025-11-11_G37,10109998FERREIRAE,2025-11-11,111469,1,32,0,570.0
10109998FERREIRAE_2025-11-11_G38,10109998FERREIRAE,2025-11-11,111463,1,2,0,129.0
10109998FERREIRAE_2025-11-11_G39,10109998FERREIRAE,2025-11-11,117785,1,4,0,134.0
10109998FERREIRAE_2025-11-11_G40,10109998FERREIRAE,2025-11-11,111462,1,4,0,153.0
10109998FERREIRAE_2025-11-11_G41,10109998FERREIRAE,2025-11-11,141271,1,4,0,91.0
10109998FERREIRAE_2025-11-11_G42,10109998FERREIRAE,2025-11-11,111441,1,3,0,152.0
10109998FERREIRAE_2025-11-11_G44,10109998FERREIRAE,2025-11-11,110740,1,9,0,262.0
10109998FERREIRAE_2025-11-11_G45,10109998FERREIRAE,2025-11-11,111469,1,28,0,503.0
10109998FERREIRAE_2025-11-11_G46,10109998FERREIRAE,2025-11-11,111469,1,2,0,45.0
10109998FERREIRAE_2025-11-11_G47,10109998FERREIRAE,2025-11-11,111330,1,8,0,564.0
10109998FERREIRAE_2025-11-11_G48,10109998FERREIRAE,2025-11-11,141456,1,8,0,81.0
10109998FERREIRAE_2025-11-11_G49,10109998FERREIRAE,2025-11-11,118223,1,2,0,48.0
10109998FERREIRAE_2025-11-11_G50,10109998FERREIRAE,2025-11-11,111466,1,2,0,40.0
10109998FERREIRAE_2025-11-11_G51,10109998FERREIRAE,2025-11-11,111462,1,3,0,128.0
10109998FERREIRAE_2025-11-11_G52,10109998FERREIRAE,2025-11-11,111462,1,5,0,33.0
10109998FERREIRAE_2025-11-11_G53,10109998FERREIRAE,2025-11-11,141458,1,11,0,124.0
10109998FERREIRAE_2025-11-11_G54,10109998FERREIRAE,2025-11-11,111182,1,35,0,989.0
10109998FERREIRAE_2025-11-11_G55,10109998FERREIRAE,2025-11-11,117856,1,20,0,372.0
10109998FERREIRAE_2025-11-11_G56,10109998FERREIRAE,2025-11-11,117856,1,30,0,1156.0
10109998FERREIRAE_2025-11-11_G57,10109998FERREIRAE,2025-11-11,160057,1,12,0,723.0
10109998FERREIRAE_2025-11-11_G58,10109998FERREIRAE,2025-11-11,110895,1,4,0,3124.0
10109998FERREIRAE_2025-11-11_G59,10109998FERREIRAE,2025-11-11,110895,1,1,0,33.0
10109998FERREIRAE_2025-11-11_G60,10109998FERREIRAE,2025-11-11,118222,1,8,0,164.0
10109998FERREIRAE_2025-11-11_G61,10109998FERREIRAE,2025-11-11,140923,1,14,0,134.0
10109998FERREIRAE_2025-11-12_G02,10109998FERREIRAE,2025-11-12,111418,1,44,0,694.0
10109998FERREIRAE_2025-11-12_G03,10109998FERREIRAE,2025-11-12,111462,1,5,0,145.0
10109998FERREIRAE_2025-11-12_G04,10109998FERREIRAE,2025-11-12,110372,1,8,0,329.0
10109998FERREIRAE_2025-11-12_G05,10109998FERREIRAE,2025-11-12,110373,1,20,0,469.0
10109998FERREIRAE_2025-11-12_G06,10109998FERREIRAE,2025-11-12,140922,1,14,0,630.0
10109998FERREIRAE_2025-11-12_G07,10109998FERREIRAE,2025-11-12,160055,1,4,0,94.0
10109998FERREIRAE_2025-11-12_G08,10109998FERREIRAE,2025-11-12,141456,1,12,0,175.0
10109998FERREIRAE_2025-11-12_G09,10109998FERREIRAE,2025-11-12,117841,1,4,0,122.0
10109998FERREIRAE_2025-11-12_G10,10109998FERREIRAE,2025-11-12,109641,1,14,0,282.0
10109998FERREIRAE_2025-11-12_G11,10109998FERREIRAE,2025-11-12,141823,1,6,0,107.0
10109998FERREIRAE_2025-11-12_G12,10109998FERREIRAE,2025-11-12,111465,1,2,0,92.0
10109998FERREIRAE_2025-11-12_G13,10109998FERREIRAE,2025-11-12,140923,1,7,0,207.0
10109998FERREIRAE_2025-11-12_G14,10109998FERREIRAE,2025-11-12,111660,1,3,0,167.0
10109998FERREIRAE_2025-11-12_G15,10109998FERREIRAE,2025-11-12,118222,1,20,0,907.0
10109998FERREIRAE_2025-11-12_G16,10109998FERREIRAE,2025-11-12,111172,1,7,0,1580.0
10109998FERREIRAE_2025-11-12_G17,10109998FERREIRAE,2025-11-12,108795,1,5,0,1437.0
10109998FERREIRAE_2025-11-12_G18,10109998FERREIRAE,2025-11-12,140922,1,31,0,1501.0
10109998FERREIRAE_2025-11-12_G19,10109998FERREIRAE,2025-11-12,108798,1,6,0,353.0
10109998FERREIRAE_2025-11-12_G20,10109998FERREIRAE,2025-11-12,110743,1,14,0,1024.0
10109998FERREIRAE_2025-11-12_G21,10109998FERREIRAE,2025-11-12,111468,1,5,0,1261.0
10109998FERREIRAE_2025-11-12_G22,10109998FERREIRAE,2025-11-12,117787,1,2,0,452.0
10109998FERREIRAE_2025-11-12_G23,10109998FERREIRAE,2025-11-12,109641,1,14,0,506.0
10109998FERREIRAE_2025-11-12_G24,10109998FERREIRAE,2025-11-12,111743,1,14,0,264.0
10109998FERREIRAE_2025-11-12_G25,10109998FERREIRAE,2025-11-12,117785,1,66,0,626.0
10109998FERREIRAE_2025-11-12_G26,10109998FERREIRAE,2025-11-12,105705,1,30,0,421.0
10109998FERREIRAE_2025-11-12_G27,10109998FERREIRAE,2025-11-12,111705,1,2,0,318.0
10109998FERREIRAE_2025-11-12_G28,10109998FERREIRAE,2025-11-12,118418,1,4,0,89.0
10109998FERREIRAE_2025-11-12_G29,10109998FERREIRAE,2025-11-12,111440,1,2,0,330.0
10109998FERREIRAE_2025-11-12_G30,10109998FERREIRAE,2025-11-12,118229,1,4,0,182.0
10109998FERREIRAE_2025-11-12_G31,10109998FERREIRAE,2025-11-12,118094,1,100,0,912.0
10109998FERREIRAE_2025-11-12_G33,10109998FERREIRAE,2025-11-12,111446,1,6,0,72.0
10109998FERREIRAE_2025-11-12_G34,10109998FERREIRAE,2025-11-12,110787,1,10,0,285.0
10109998FERREIRAE_2025-11-12_G35,10109998FERREIRAE,2025-11-12,110787,1,10,0,260.0
10109998FERREIRAE_2025-11-12_G36,10109998FERREIRAE,2025-11-12,110787,1,6,0,2363.0
10109998FERREIRAE_2025-11-12_G37,10109998FERREIRAE,2025-11-12,141456,1,10,0,145.0
10109998FERREIRAE_2025-11-12_G38,10109998FERREIRAE,2025-11-12,141456,1,4,0,52.0
10109998FERREIRAE_2025-11-12_G39,10109998FERREIRAE,2025-11-12,117833,1,4,0,110.0
10109998FERREIRAE_2025-11-12_G40,10109998FERREIRAE,2025-11-12,117785,1,10,0,122.0
10109998FERREIRAE_2025-11-12_G41,10109998FERREIRAE,2025-11-12,117831,1,15,0,381.0
10109998FERREIRAE_2025-11-12_G42,10109998FERREIRAE,2025-11-12,117785,1,12,0,169.0
10109998FERREIRAE_2025-11-12_G43,10109998FERREIRAE,2025-11-12,111462,1,10,0,163.0
10109998FERREIRAE_2025-11-12_G44,10109998FERREIRAE,2025-11-12,111462,1,8,0,79.0
10109998FERREIRAE_2025-11-12_G45,10109998FERREIRAE,2025-11-12,141458,1,10,0,141.0
10109998FERREIRAE_2025-11-12_G46,10109998FERREIRAE,2025-11-12,141823,1,10,0,121.0
10109998FERREIRAE_2025-11-12_G47,10109998FERREIRAE,2025-11-12,111465,1,10,0,170.0
10109998FERREIRAE_2025-11-13_G02,10109998FERREIRAE,2025-11-13,118299,1,7,0,131.0
10109998FERREIRAE_2025-11-13_G03,10109998FERREIRAE,2025-11-13,117808,1,5,0,106.0
10109998FERREIRAE_2025-11-13_G04,10109998FERREIRAE,2025-11-13,110373,1,4,0,129.0
10109998FERREIRAE_2025-11-13_G05,10109998FERREIRAE,2025-11-13,111441,1,8,0,286.0
10109998FERREIRAE_2025-11-13_G06,10109998FERREIRAE,2025-11-13,110747,1,4,0,206.0
10109998FERREIRAE_2025-11-13_G07,10109998FERREIRAE,2025-11-13,118222,1,4,0,84.0
10109998FERREIRAE_2025-11-13_G08,10109998FERREIRAE,2025-11-13,110787,2,6,26,205.0
10109998FERREIRAE_2025-11-13_G09,10109998FERREIRAE,2025-11-13,118140,1,4,0,85.0
10109998FERREIRAE_2025-11-13_G10,10109998FERREIRAE,2025-11-13,140923,1,1,0,1585.0
10109998FERREIRAE_2025-11-13_G11,10109998FERREIRAE,2025-11-13,117820,1,1,0,647.0
10109998FERREIRAE_2025-11-13_G12,10109998FERREIRAE,2025-11-13,110372,1,3,0,122.0
10109998FERREIRAE_2025-11-13_G13,10109998FERREIRAE,2025-11-13,111441,1,4,0,145.0
10109998FERREIRAE_2025-11-13_G14,10109998FERREIRAE,2025-11-13,117808,1,397,0,1450.0
10109998FERREIRAE_2025-11-13_G15,10109998FERREIRAE,2025-11-13,117809,1,4,0,906.0
10109998FERREIRAE_2025-11-13_G16,10109998FERREIRAE,2025-11-13,111441,1,6,0,757.0
10109998FERREIRAE_2025-11-13_G17,10109998FERREIRAE,2025-11-13,110895,1,10,0,1166.0
10109998FERREIRAE_2025-11-13_G18,10109998FERREIRAE,2025-11-13,110741,1,15,0,392.0
10109998FERREIRAE_2025-11-13_G19,10109998FERREIRAE,2025-11-13,108772,1,5,0,616.0
10109998FERREIRAE_2025-11-13_G20,10109998FERREIRAE,2025-11-13,111602,1,44,0,498.0
10109998FERREIRAE_2025-11-13_G21,10109998FERREIRAE,2025-11-13,118094,1,90,0,653.0
10109998FERREIRAE_2025-11-13_G23,10109998FERREIRAE,2025-11-13,117808,1,43,0,788.0
10109998FERREIRAE_2025-11-13_G24,10109998FERREIRAE,2025-11-13,117832,1,6,0,149.0
10109998FERREIRAE_2025-11-13_G25,10109998FERREIRAE,2025-11-13,111463,1,2,0,77.0
10109998FERREIRAE_2025-11-13_G26,10109998FERREIRAE,2025-11-13,118317,1,8,0,209.0
10109998FERREIRAE_2025-11-13_G27,10109998FERREIRAE,2025-11-13,118222,1,15,0,534.0
10109998FERREIRAE_2025-11-13_G28,10109998FERREIRAE,2025-11-13,111463,1,26,0,665.0
10109998FERREIRAE_2025-11-13_G29,10109998FERREIRAE,2025-11-13,140922,1,4,0,218.0
10109998FERREIRAE_2025-11-13_G30,10109998FERREIRAE,2025-11-13,118140,1,4,0,94.0
10109998FERREIRAE_2025-11-13_G31,10109998FERREIRAE,2025-11-13,111743,1,4,0,439.0
10109998FERREIRAE_2025-11-13_G32,10109998FERREIRAE,2025-11-13,141823,1,4,0,128.0
10109998FERREIRAE_2025-11-13_G33,10109998FERREIRAE,2025-11-13,118298,1,21,0,1358.0
10109998FERREIRAE_2025-11-13_G34,10109998FERREIRAE,2025-11-13,111650,1,2,0,70.0
10109998FERREIRAE_2025-11-13_G35,10109998FERREIRAE,2025-11-13,117965,1,6,0,79.0
10109998FERREIRAE_2025-11-13_G36,10109998FERREIRAE,2025-11-13,117786,1,30,0,776.0
10109998FERREIRAE_2025-11-13_G37,10109998FERREIRAE,2025-11-13,111467,1,10,0,408.0
10109998FERREIRAE_2025-11-13_G38,10109998FERREIRAE,2025-11-13,109471,1,1,0,151.0
10109998FERREIRAE_2025-11-13_G39,10109998FERREIRAE,2025-11-13,110373,1,100,0,720.0
10109998FERREIRAE_2025-11-13_G40,10109998FERREIRAE,2025-11-13,117808,1,111,0,428.0
10109998FERREIRAE_2025-11-14_G02,10109998FERREIRAE,2025-11-14,117830,1,69,0,996.0
10109998FERREIRAE_2025-11-14_G03,10109998FERREIRAE,2025-11-14,110740,1,10,0,471.0
10109998FERREIRAE_2025-11-14_G04,10109998FERREIRAE,2025-11-14,110740,1,11,0,104.0
10109998FERREIRAE_2025-11-14_G05,10109998FERREIRAE,2025-11-14,111444,1,13,0,567.0
10109998FERREIRAE_2025-11-14_G06,10109998FERREIRAE,2025-11-14,118140,1,100,0,673.0
10109998FERREIRAE_2025-11-14_G08,10109998FERREIRAE,2025-11-14,117831,1,16,0,337.0
10109998FERREIRAE_2025-11-14_G09,10109998FERREIRAE,2025-11-14,117821,1,40,0,425.0
10109998FERREIRAE_2025-11-14_G10,10109998FERREIRAE,2025-11-14,114100,1,12,0,197.0
10109998FERREIRAE_2025-11-14_G11,10109998FERREIRAE,2025-11-14,118317,1,8,0,382.0
10109998FERREIRAE_2025-11-14_G12,10109998FERREIRAE,2025-11-14,118140,1,100,0,1063.0
10109998FERREIRAE_2025-11-14_G13,10109998FERREIRAE,2025-11-14,141047,1,5,0,369.0
10109998FERREIRAE_2025-11-14_G14,10109998FERREIRAE,2025-11-14,117862,1,25,0,303.0
10109998FERREIRAE_2025-11-14_G15,10109998FERREIRAE,2025-11-14,111602,1,15,0,266.0
10109998FERREIRAE_2025-11-14_G16,10109998FERREIRAE,2025-11-14,111602,1,45,0,442.0
10109998FERREIRAE_2025-11-14_G17,10109998FERREIRAE,2025-11-14,111602,1,25,0,37.0
10109998FERREIRAE_2025-11-14_G18,10109998FERREIRAE,2025-11-14,111602,1,30,0,148.0
10109998FERREIRAE_2025-11-15_G02,10109998FERREIRAE,2025-11-15,108711,1,50,0,750.0
10109998FERREIRAE_2025-11-15_G03,10109998FERREIRAE,2025-11-15,110339,1,50,0,529.0
10109998FERREIRAE_2025-11-15_G04,10109998FERREIRAE,2025-11-15,110746,1,6,0,2179.0
10109998FERREIRAE_2025-11-15_G05,10109998FERREIRAE,2025-11-15,110454,1,2,0,111.0
10109998FERREIRAE_2025-11-15_G06,10109998FERREIRAE,2025-11-15,111356,1,4,0,357.0
10109998FERREIRAE_2025-11-15_G07,10109998FERREIRAE,2025-11-15,118417,1,2,0,97.0
10109998FERREIRAE_2025-11-15_G08,10109998FERREIRAE,2025-11-15,118364,1,4,0,387.0
10109998FERREIRAE_2025-11-15_G10,10109998FERREIRAE,2025-11-15,111348,1,29,0,342.0
10109998FERREIRAE_2025-11-15_G11,10109998FERREIRAE,2025-11-15,110371,1,20,0,260.0
10109998FERREIRAE_2025-11-15_G12,10109998FERREIRAE,2025-11-15,110733,1,29,0,487.0
10109998FERREIRAE_2025-11-15_G13,10109998FERREIRAE,2025-11-15,117787,1,51,0,305.0
10109998FERREIRAE_2025-11-15_G14,10109998FERREIRAE,2025-11-15,141823,1,59,0,386.0
10109998FERREIRAE_2025-11-18_G02,10109998FERREIRAE,2025-11-18,118222,1,230,0,2989.0
10109998FERREIRAE_2025-11-19_G02,10109998FERREIRAE,2025-11-19,117809,1,55,0,510.0
10109998FERREIRAE_2025-11-19_G03,10109998FERREIRAE,2025-11-19,109648,1,3,0,127.0
10109998FERREIRAE_2025-11-19_G04,10109998FERREIRAE,2025-11-19,110372,1,10,0,146.0
10109998FERREIRAE_2025-11-19_G05,10109998FERREIRAE,2025-11-19,117832,1,8,0,229.0
10109998FERREIRAE_2025-11-19_G06,10109998FERREIRAE,2025-11-19,117808,1,600,0,1254.0
10109998FERREIRAE_2025-11-19_G07,10109998FERREIRAE,2025-11-19,111172,1,2,0,1187.0
10109998FERREIRAE_2025-11-19_G08,10109998FERREIRAE,2025-11-19,111172,1,16,0,268.0
10109998FERREIRAE_2025-11-19_G09,10109998FERREIRAE,2025-11-19,111532,1,54,0,945.0
10109998FERREIRAE_2025-11-21_G02,10109998FERREIRAE,2025-11-21,140922,2,24,11,250.0
10109998FERREIRAE_2025-11-21_G03,10109998FERREIRAE,2025-11-21,140922,1,4,0,127.0
10109998FERREIRAE_2025-11-21_G04,10109998FERREIRAE,2025-11-21,140922,2,6,16,41.0
10109998FERREIRAE_2025-11-21_G05,10109998FERREIRAE,2025-11-21,140922,1,2,0,32.0
10109998FERREIRAE_2025-11-21_G06,10109998FERREIRAE,2025-11-21,140922,1,16,0,119.0
10109998FERREIRAE_2025-11-21_G07,10109998FERREIRAE,2025-11-21,140922,1,8,0,434.0
10109998FERREIRAE_2025-11-21_G08,10109998FERREIRAE,2025-11-21,117854,1,5,0,630.0
10109998FERREIRAE_2025-11-21_G09,10109998FERREIRAE,2025-11-21,117854,1,9,0,73.0
10109998FERREIRAE_2025-11-21_G10,10109998FERREIRAE,2025-11-21,140922,1,2,0,811.0
10109998FERREIRAE_2025-11-21_G11,10109998FERREIRAE,2025-11-21,110787,1,2,0,189.0
10109998FERREIRAE_2025-11-21_G12,10109998FERREIRAE,2025-11-21,108795,1,4,0,764.0
10109998FERREIRAE_2025-11-21_G13,10109998FERREIRAE,2025-11-21,110740,1,2,0,48.0
10109998FERREIRAE_2025-11-21_G14,10109998FERREIRAE,2025-11-21,140922,1,4,0,73.0
10109998FERREIRAE_2025-11-21_G15,10109998FERREIRAE,2025-11-21,110787,1,4,0,90.0
10109998FERREIRAE_2025-11-21_G16,10109998FERREIRAE,2025-11-21,108711,1,1,0,87.0
10109998FERREIRAE_2025-11-21_G17,10109998FERREIRAE,2025-11-21,117831,1,2,0,135.0
10109998FERREIRAE_2025-11-21_G18,10109998FERREIRAE,2025-11-21,117833,1,2,0,60.0
10109998FERREIRAE_2025-11-21_G19,10109998FERREIRAE,2025-11-21,118140,1,1,0,65.0
10109998FERREIRAE_2025-11-21_G20,10109998FERREIRAE,2025-11-21,141458,1,6,0,106.0
10109998FERREIRAE_2025-11-21_G21,10109998FERREIRAE,2025-11-21,111465,1,2,0,62.0
10109998FERREIRAE_2025-11-21_G22,10109998FERREIRAE,2025-11-21,111876,1,4,0,185.0
10109998FERREIRAE_2025-11-21_G23,10109998FERREIRAE,2025-11-21,117837,1,4,0,101.0
10109998FERREIRAE_2025-11-21_G24,10109998FERREIRAE,2025-11-21,117856,1,8,0,110.0
10109998FERREIRAE_2025-11-21_G25,10109998FERREIRAE,2025-11-21,117786,1,2,0,93.0
10109998FERREIRAE_2025-11-21_G26,10109998FERREIRAE,2025-11-21,140923,1,3,0,90.0
10109998FERREIRAE_2025-11-21_G27,10109998FERREIRAE,2025-11-21,110895,1,1,0,129.0
10109998FERREIRAE_2025-11-21_G28,10109998FERREIRAE,2025-11-21,118222,1,4,0,180.0
10109998FERREIRAE_2025-11-21_G29,10109998FERREIRAE,2025-11-21,110747,1,4,0,167.0
10109998FERREIRAE_2025-11-21_G30,10109998FERREIRAE,2025-11-21,107892,1,1,0,84.0
10109998FERREIRAE_2025-11-21_G31,10109998FERREIRAE,2025-11-21,117809,1,4,0,575.0
10109998FERREIRAE_2025-11-21_G32,10109998FERREIRAE,2025-11-21,117820,1,1,0,48.0
10109998FERREIRAE_2025-11-21_G33,10109998FERREIRAE,2025-11-21,110372,1,6,0,126.0
10109998FERREIRAE_2025-11-21_G34,10109998FERREIRAE,2025-11-21,110373,1,2,0,154.0
10109998FERREIRAE_2025-11-21_G35,10109998FERREIRAE,2025-11-21,141202,1,8,0,140.0
10109998FERREIRAE_2025-11-21_G36,10109998FERREIRAE,2025-11-21,140911,1,2,0,136.0
10109998FERREIRAE_2025-11-21_G37,10109998FERREIRAE,2025-11-21,110747,1,1,0,67.0
10109998FERREIRAE_2025-11-21_G38,10109998FERREIRAE,2025-11-21,110740,1,4,0,109.0
10109998FERREIRAE_2025-11-21_G39,10109998FERREIRAE,2025-11-21,118140,1,2,0,105.0
10109998FERREIRAE_2025-11-21_G40,10109998FERREIRAE,2025-11-21,140911,1,10,0,238.0
10109998FERREIRAE_2025-11-21_G41,10109998FERREIRAE,2025-11-21,110129,1,8,0,1259.0
10109998FERREIRAE_2025-11-21_G42,10109998FERREIRAE,2025-11-21,110751,1,4,0,161.0
10109998FERREIRAE_2025-11-21_G43,10109998FERREIRAE,2025-11-21,120389,1,24,0,2409.0
10109998FERREIRAE_2025-11-21_G44,10109998FERREIRAE,2025-11-21,121760,1,4,0,537.0
10109998FERREIRAE_2025-11-21_G45,10109998FERREIRAE,2025-11-21,123492,1,39,0,1750.0
10109998FERREIRAE_2025-11-21_G46,10109998FERREIRAE,2025-11-21,122982,1,4,0,1307.0
10109998FERREIRAE_2025-11-21_G47,10109998FERREIRAE,2025-11-21,124247,1,5,0,322.0
10109998FERREIRAE_2025-11-21_G49,10109998FERREIRAE,2025-11-21,110747,1,4,0,215.0
10109998FERREIRAE_2025-11-21_G50,10109998FERREIRAE,2025-11-21,110740,1,3,0,105.0
10109998FERREIRAE_2025-11-21_G51,10109998FERREIRAE,2025-11-21,140922,1,1,0,74.0
10109998FERREIRAE_2025-11-21_G52,10109998FERREIRAE,2025-11-21,110787,1,6,0,171.0
10109998FERREIRAE_2025-11-21_G53,10109998FERREIRAE,2025-11-21,117830,1,4,0,176.0
10109998FERREIRAE_2025-11-21_G54,10109998FERREIRAE,2025-11-21,117832,1,4,0,182.0
10109998FERREIRAE_2025-11-21_G55,10109998FERREIRAE,2025-11-21,111466,1,4,0,308.0
10109998FERREIRAE_2025-11-21_G56,10109998FERREIRAE,2025-11-21,111469,1,8,0,648.0
10109998FERREIRAE_2025-11-21_G57,10109998FERREIRAE,2025-11-21,111182,1,2,0,219.0
10109998FERREIRAE_2025-11-21_G58,10109998FERREIRAE,2025-11-21,117820,1,4,0,165.0
10109998FERREIRAE_2025-11-21_G59,10109998FERREIRAE,2025-11-21,110372,1,6,0,377.0
10109998FERREIRAE_2025-11-22_G02,10109998FERREIRAE,2025-11-22,117808,1,76,0,525.0
10109998FERREIRAE_2025-11-22_G03,10109998FERREIRAE,2025-11-22,118094,1,4,0,558.0
10109998FERREIRAE_2025-11-22_G04,10109998FERREIRAE,2025-11-22,110339,1,2,0,92.0
10109998FERREIRAE_2025-11-22_G05,10109998FERREIRAE,2025-11-22,141047,1,4,0,127.0
10109998FERREIRAE_2025-11-22_G06,10109998FERREIRAE,2025-11-22,108772,1,6,0,156.0
10109998FERREIRAE_2025-11-22_G07,10109998FERREIRAE,2025-11-22,109647,1,2,0,91.0
10109998FERREIRAE_2025-11-22_G08,10109998FERREIRAE,2025-11-22,141066,1,4,0,204.0
10109998FERREIRAE_2025-11-22_G09,10109998FERREIRAE,2025-11-22,109640,1,8,0,420.0
10109998FERREIRAE_2025-11-22_G10,10109998FERREIRAE,2025-11-22,111348,1,2,0,430.0
10109998FERREIRAE_2025-11-22_G11,10109998FERREIRAE,2025-11-22,110747,1,2,0,606.0
10109998FERREIRAE_2025-11-22_G12,10109998FERREIRAE,2025-11-22,110733,1,1,0,161.0
10109998FERREIRAE_2025-11-22_G13,10109998FERREIRAE,2025-11-22,140923,1,2,0,156.0
10109998FERREIRAE_2025-11-22_G14,10109998FERREIRAE,2025-11-22,117862,1,2,0,147.0
10109998FERREIRAE_2025-11-22_G15,10109998FERREIRAE,2025-11-22,141457,1,2,0,103.0
10109998FERREIRAE_2025-11-22_G16,10109998FERREIRAE,2025-11-22,117809,1,2,0,162.0
10109998FERREIRAE_2025-11-22_G17,10109998FERREIRAE,2025-11-22,118299,1,16,0,222.0
10109998FERREIRAE_2025-11-22_G18,10109998FERREIRAE,2025-11-22,117808,1,8,0,156.0
10109998FERREIRAE_2025-11-22_G19,10109998FERREIRAE,2025-11-22,110740,1,2,0,237.0
10109998FERREIRAE_2025-11-22_G20,10109998FERREIRAE,2025-11-22,117838,1,4,0,82.0
10109998FERREIRAE_2025-11-22_G21,10109998FERREIRAE,2025-11-22,111418,1,8,0,521.0
10109998FERREIRAE_2025-11-22_G22,10109998FERREIRAE,2025-11-22,141457,1,5,0,178.0
10109998FERREIRAE_2025-11-22_G23,10109998FERREIRAE,2025-11-22,118299,1,15,0,241.0
10109998FERREIRAE_2025-11-22_G24,10109998FERREIRAE,2025-11-22,117830,1,2,0,81.0
10109998FERREIRAE_2025-11-22_G25,10109998FERREIRAE,2025-11-22,117808,1,10,0,354.0
10109998FERREIRAE_2025-11-22_G26,10109998FERREIRAE,2025-11-22,118222,1,1,0,102.0
10109998FERREIRAE_2025-11-22_G27,10109998FERREIRAE,2025-11-22,117862,1,2,0,78.0
10109998FERREIRAE_2025-11-22_G28,10109998FERREIRAE,2025-11-22,118299,1,18,0,1185.0
10109998FERREIRAE_2025-11-22_G29,10109998FERREIRAE,2025-11-22,117808,1,2,0,59.0
10109998FERREIRAE_2025-11-22_G30,10109998FERREIRAE,2025-11-22,111418,1,6,0,108.0
10109998FERREIRAE_2025-11-22_G31,10109998FERREIRAE,2025-11-22,111466,1,4,0,174.0
10109998FERREIRAE_2025-11-25_G02,10109998FERREIRAE,2025-11-25,118140,1,3,0,104.0
10109998FERREIRAE_2025-11-25_G03,10109998FERREIRAE,2025-11-25,140922,1,3,0,289.0
10109998FERREIRAE_2025-11-25_G04,10109998FERREIRAE,2025-11-25,110787,1,2,0,141.0
10109998FERREIRAE_2025-11-25_G05,10109998FERREIRAE,2025-11-25,141457,1,8,0,216.0
10109998FERREIRAE_2025-11-25_G06,10109998FERREIRAE,2025-11-25,141456,1,2,0,157.0
10109998FERREIRAE_2025-11-25_G07,10109998FERREIRAE,2025-11-25,111530,1,2,0,382.0
10109998FERREIRAE_2025-11-25_G08,10109998FERREIRAE,2025-11-25,110711,1,1,0,132.0
10109998FERREIRAE_2025-11-25_G09,10109998FERREIRAE,2025-11-25,117822,1,2,0,110.0
10109998FERREIRAE_2025-11-25_G10,10109998FERREIRAE,2025-11-25,118299,1,20,0,571.0
10109998FERREIRAE_2025-11-25_G11,10109998FERREIRAE,2025-11-25,108701,1,2,0,887.0
10109998FERREIRAE_2025-11-25_G12,10109998FERREIRAE,2025-11-25,118094,1,2,0,107.0
10109998FERREIRAE_2025-11-25_G13,10109998FERREIRAE,2025-11-25,117853,1,1,0,80.0
10109998FERREIRAE_2025-11-25_G14,10109998FERREIRAE,2025-11-25,110750,1,2,0,50.0
10109998FERREIRAE_2025-11-25_G15,10109998FERREIRAE,2025-11-25,117856,1,6,0,86.0
10109998FERREIRAE_2025-11-25_G16,10109998FERREIRAE,2025-11-25,107629,1,8,0,177.0
10109998FERREIRAE_2025-11-25_G17,10109998FERREIRAE,2025-11-25,117935,1,5,0,296.0
10109998FERREIRAE_2025-11-25_G18,10109998FERREIRAE,2025-11-25,117786,1,8,0,391.0
10109998FERREIRAE_2025-11-25_G19,10109998FERREIRAE,2025-11-25,108772,1,6,0,142.0
10109998FERREIRAE_2025-11-25_G20,10109998FERREIRAE,2025-11-25,105242,1,8,0,163.0
10109998FERREIRAE_2025-11-25_G21,10109998FERREIRAE,2025-11-25,117862,1,6,0,136.0
10109998FERREIRAE_2025-11-25_G22,10109998FERREIRAE,2025-11-25,111602,1,16,0,543.0
10109998FERREIRAE_2025-11-25_G23,10109998FERREIRAE,2025-11-25,110372,1,12,0,174.0
10109998FERREIRAE_2025-11-25_G24,10109998FERREIRAE,2025-11-25,110371,1,6,0,119.0
10109998FERREIRAE_2025-11-25_G25,10109998FERREIRAE,2025-11-25,111466,1,4,0,1179.0
10109998FERREIRAE_2025-11-25_G26,10109998FERREIRAE,2025-11-25,111466,1,6,0,119.0
10109998FERREIRAE_2025-11-25_G27,10109998FERREIRAE,2025-11-25,111466,1,2,0,76.0
10109998FERREIRAE_2025-11-25_G28,10109998FERREIRAE,2025-11-25,118299,1,8,0,196.0
10109998FERREIRAE_2025-11-25_G29,10109998FERREIRAE,2025-11-25,111466,1,4,0,151.0
10109998FERREIRAE_2025-11-25_G30,10109998FERREIRAE,2025-11-25,111466,1,4,0,244.0
10109998FERREIRAE_2025-11-25_G31,10109998FERREIRAE,2025-11-25,117855,1,24,0,491.0
10109998FERREIRAE_2025-11-25_G32,10109998FERREIRAE,2025-11-25,108770,1,2,0,505.0
10109998FERREIRAE_2025-11-25_G33,10109998FERREIRAE,2025-11-25,110339,1,8,0,161.0
10109998FERREIRAE_2025-11-25_G34,10109998FERREIRAE,2025-11-25,110313,1,7,0,193.0
10109998FERREIRAE_2025-11-25_G35,10109998FERREIRAE,2025-11-25,109640,1,4,0,213.0
10109998FERREIRAE_2025-11-25_G36,10109998FERREIRAE,2025-11-25,111569,1,1,0,852.0
10109998FERREIRAE_2025-11-25_G37,10109998FERREIRAE,2025-11-25,118222,1,1,0,107.0
10109998FERREIRAE_2025-11-25_G38,10109998FERREIRAE,2025-11-25,111469,1,11,0,175.0
10109998FERREIRAE_2025-11-25_G39,10109998FERREIRAE,2025-11-25,111418,1,10,0,150.0
10109998FERREIRAE_2025-11-25_G40,10109998FERREIRAE,2025-11-25,111466,1,7,0,171.0
10109998FERREIRAE_2025-11-25_G41,10109998FERREIRAE,2025-11-25,140923,1,2,0,388.0
10109998FERREIRAE_2025-11-25_G42,10109998FERREIRAE,2025-11-25,109640,1,4,0,127.0
10109998FERREIRAE_2025-11-25_G43,10109998FERREIRAE,2025-11-25,110371,1,3,0,129.0
10109998FERREIRAE_2025-11-25_G45,10109998FERREIRAE,2025-11-25,111469,1,4,0,119.0
10109998FERREIRAE_2025-11-25_G46,10109998FERREIRAE,2025-11-25,111418,1,4,0,118.0
10109998FERREIRAE_2025-11-25_G47,10109998FERREIRAE,2025-11-25,111466,1,4,0,102.0
10109998FERREIRAE_2025-11-25_G48,10109998FERREIRAE,2025-11-25,117821,1,1,0,49.0
10109998FERREIRAE_2025-11-25_G49,10109998FERREIRAE,2025-11-25,117808,1,2,0,98.0
10109998FERREIRAE_2025-11-25_G50,10109998FERREIRAE,2025-11-25,110373,1,9,0,123.0
10109998FERREIRAE_2025-11-25_G51,10109998FERREIRAE,2025-11-25,110372,1,1,0,55.0
10109998FERREIRAE_2025-11-25_G52,10109998FERREIRAE,2025-11-25,110371,1,3,0,85.0
10109998FERREIRAE_2025-11-25_G53,10109998FERREIRAE,2025-11-25,105705,1,2,0,656.0
10109998FERREIRAE_2025-11-25_G54,10109998FERREIRAE,2025-11-25,111469,1,6,0,182.0
10109998FERREIRAE_2025-11-25_G55,10109998FERREIRAE,2025-11-25,111463,1,6,0,148.0
10109998FERREIRAE_2025-11-25_G56,10109998FERREIRAE,2025-11-25,141457,1,4,0,107.0
10109998FERREIRAE_2025-11-25_G57,10109998FERREIRAE,2025-11-25,117821,1,6,0,747.0
10109998FERREIRAE_2025-11-25_G58,10109998FERREIRAE,2025-11-25,141458,1,7,0,128.0
10109998FERREIRAE_2025-11-25_G59,10109998FERREIRAE,2025-11-25,117831,1,2,0,47.0
10109998FERREIRAE_2025-11-25_G60,10109998FERREIRAE,2025-11-25,141456,1,4,0,81.0
10109998FERREIRAE_2025-11-25_G61,10109998FERREIRAE,2025-11-25,141823,1,4,0,108.0
10109998FERREIRAE_2025-11-25_G62,10109998FERREIRAE,2025-11-25,118140,1,1,0,405.0
10109998FERREIRAE_2025-11-25_G63,10109998FERREIRAE,2025-11-25,110740,1,4,0,104.0
10109998FERREIRAE_2025-11-25_G64,10109998FERREIRAE,2025-11-25,160055,1,4,0,144.0
10109998FERREIRAE_2025-11-25_G65,10109998FERREIRAE,2025-11-25,117821,1,4,0,125.0
10109998FERREIRAE_2025-11-25_G67,10109998FERREIRAE,2025-11-25,110371,1,590,0,2180.0
10109998FERREIRAE_2025-11-26_G02,10109998FERREIRAE,2025-11-26,111879,1,52,0,1364.0
10109998FERREIRAE_2025-11-26_G03,10109998FERREIRAE,2025-11-26,110895,1,12,0,1116.0
10109998FERREIRAE_2025-11-26_G04,10109998FERREIRAE,2025-11-26,110895,1,4,0,47.0
10109998FERREIRAE_2025-11-26_G05,10109998FERREIRAE,2025-11-26,110841,1,3,0,185.0
10109998FERREIRAE_2025-11-26_G06,10109998FERREIRAE,2025-11-26,111861,1,4,0,205.0
10109998FERREIRAE_2025-11-26_G07,10109998FERREIRAE,2025-11-26,105359,1,1,0,152.0
10109998FERREIRAE_2025-11-26_G08,10109998FERREIRAE,2025-11-26,110372,1,100,0,386.0
10109998FERREIRAE_2025-11-26_G10,10109998FERREIRAE,2025-11-26,118299,1,32,0,190.0
10109998FERREIRAE_2025-11-26_G11,10109998FERREIRAE,2025-11-26,110371,1,4,0,124.0
10109998FERREIRAE_2025-11-26_G12,10109998FERREIRAE,2025-11-26,111743,1,6,0,246.0
10109998FERREIRAE_2025-11-26_G13,10109998FERREIRAE,2025-11-26,111463,1,2,0,121.0
10109998FERREIRAE_2025-11-26_G14,10109998FERREIRAE,2025-11-26,111463,1,95,0,326.0
10109998FERREIRAE_2025-11-26_G15,10109998FERREIRAE,2025-11-26,117861,1,1,0,1177.0
10109998FERREIRAE_2025-11-26_G16,10109998FERREIRAE,2025-11-26,110500,1,2,0,990.0
10109998FERREIRAE_2025-11-26_G17,10109998FERREIRAE,2025-11-26,111354,1,4,0,396.0
10109998FERREIRAE_2025-11-26_G18,10109998FERREIRAE,2025-11-26,111793,1,1,0,334.0
10109998FERREIRAE_2025-11-26_G19,10109998FERREIRAE,2025-11-26,110310,1,4,0,123.0
10109998FERREIRAE_2025-11-26_G20,10109998FERREIRAE,2025-11-26,107236,1,8,0,197.0
10109998FERREIRAE_2025-11-26_G21,10109998FERREIRAE,2025-11-26,111466,1,1,0,112.0
10109998FERREIRAE_2025-11-26_G22,10109998FERREIRAE,2025-11-26,141456,1,116,0,938.0
10109998FERREIRAE_2025-11-26_G23,10109998FERREIRAE,2025-11-26,117855,1,12,0,555.0
10109998FERREIRAE_2025-11-27_G02,10109998FERREIRAE,2025-11-27,111172,1,10,0,101.0
10109998FERREIRAE_2025-11-27_G03,10109998FERREIRAE,2025-11-27,118317,1,4,0,186.0
10109998FERREIRAE_2025-11-27_G04,10109998FERREIRAE,2025-11-27,110711,1,4,0,219.0
10109998FERREIRAE_2025-11-27_G05,10109998FERREIRAE,2025-11-27,110711,1,2,0,42.0
10109998FERREIRAE_2025-11-27_G06,10109998FERREIRAE,2025-11-27,118290,1,4,0,228.0
10109998FERREIRAE_2025-11-27_G07,10109998FERREIRAE,2025-11-27,111172,1,2,0,523.0
10109998FERREIRAE_2025-11-27_G08,10109998FERREIRAE,2025-11-27,107236,1,6,0,129.0
10109998FERREIRAE_2025-11-27_G09,10109998FERREIRAE,2025-11-27,111532,1,12,0,242.0
10109998FERREIRAE_2025-11-27_G10,10109998FERREIRAE,2025-11-27,117855,1,16,0,369.0
10109998FERREIRAE_2025-11-27_G11,10109998FERREIRAE,2025-11-27,111532,1,4,0,449.0
10109998FERREIRAE_2025-11-27_G12,10109998FERREIRAE,2025-11-27,117855,1,6,0,210.0
10109998FERREIRAE_2025-11-27_G13,10109998FERREIRAE,2025-11-27,118290,1,4,0,349.0
10109998FERREIRAE_2025-11-27_G14,10109998FERREIRAE,2025-11-27,141202,1,4,0,269.0
10109998FERREIRAE_2025-11-27_G15,10109998FERREIRAE,2025-11-27,108711,1,8,0,288.0
10109998FERREIRAE_2025-11-27_G16,10109998FERREIRAE,2025-11-27,111465,1,4,0,298.0
10109998FERREIRAE_2025-11-27_G17,10109998FERREIRAE,2025-11-27,110372,1,8,0,520.0
10109998FERREIRAE_2025-11-27_G18,10109998FERREIRAE,2025-11-27,118290,1,4,0,581.0
10109998FERREIRAE_2025-11-27_G19,10109998FERREIRAE,2025-11-27,118140,1,8,0,324.0
10109998FERREIRAE_2025-11-27_G20,10109998FERREIRAE,2025-11-27,108795,1,4,0,104.0
10109998FERREIRAE_2025-11-27_G21,10109998FERREIRAE,2025-11-27,140922,1,4,0,73.0
10109998FERREIRAE_2025-11-27_G22,10109998FERREIRAE,2025-11-27,108711,1,4,0,57.0
10109998FERREIRAE_2025-11-27_G23,10109998FERREIRAE,2025-11-27,117785,1,4,0,125.0
10109998FERREIRAE_2025-11-27_G24,10109998FERREIRAE,2025-11-27,110741,1,8,0,1892.0
10109998FERREIRAE_2025-11-27_G25,10109998FERREIRAE,2025-11-27,111876,1,8,0,212.0
10109998FERREIRAE_2025-11-27_G26,10109998FERREIRAE,2025-11-27,140923,1,39,0,749.0
10109998FERREIRAE_2025-11-27_G27,10109998FERREIRAE,2025-11-27,118298,1,20,0,317.0
10109998FERREIRAE_2025-11-27_G28,10109998FERREIRAE,2025-11-27,117856,1,20,0,257.0
10109998FERREIRAE_2025-11-27_G29,10109998FERREIRAE,2025-11-27,117786,1,43,0,725.0
10109998FERREIRAE_2025-11-27_G30,10109998FERREIRAE,2025-11-27,110752,1,16,0,257.0
10109998FERREIRAE_2025-11-27_G31,10109998FERREIRAE,2025-11-27,111602,1,117,0,967.0
10109998FERREIRAE_2025-11-27_G33,10109998FERREIRAE,2025-11-27,117808,1,237,0,459.0
10109998FERREIRAE_2025-11-27_G34,10109998FERREIRAE,2025-11-27,110372,1,400,0,1332.0
10109998FERREIRAE_2025-11-27_G35,10109998FERREIRAE,2025-11-27,117832,1,50,0,922.0
10109998FERREIRAE_2025-11-27_G36,10109998FERREIRAE,2025-11-27,110371,1,160,0,603.0
10109998FERREIRAE_2025-11-27_G37,10109998FERREIRAE,2025-11-27,110373,1,180,0,715.0
10109998FERREIRAE_2025-11-27_G38,10109998FERREIRAE,2025-11-27,109645,1,8,0,1842.0
10109998FERREIRAE_2025-11-27_G39,10109998FERREIRAE,2025-11-27,110751,1,8,0,165.0
10109998FERREIRAE_2025-11-27_G40,10109998FERREIRAE,2025-11-27,140922,1,12,0,237.0
10109998FERREIRAE_2025-11-27_G41,10109998FERREIRAE,2025-11-27,110740,1,24,0,1080.0
10109998FERREIRAE_2025-11-27_G42,10109998FERREIRAE,2025-11-27,111463,1,60,0,499.0
10109998FERREIRAE_2025-11-27_G43,10109998FERREIRAE,2025-11-27,111532,1,20,0,455.0
10109998FERREIRAE_2025-11-27_G44,10109998FERREIRAE,2025-11-27,117821,1,28,0,207.0
10109998FERREIRAE_2025-11-28_G02,10109998FERREIRAE,2025-11-28,122703,1,1,0,433.0
10109998FERREIRAE_2025-11-28_G03,10109998FERREIRAE,2025-11-28,124371,1,10,0,1992.0
10109998FERREIRAE_2025-11-28_G04,10109998FERREIRAE,2025-11-28,122962,1,4,0,716.0
10109998FERREIRAE_2025-11-28_G05,10109998FERREIRAE,2025-11-28,122962,1,20,0,1214.0
10109998FERREIRAE_2025-11-28_G06,10109998FERREIRAE,2025-11-28,122962,1,21,0,2644.0
10109998FERREIRAE_2025-11-28_G07,10109998FERREIRAE,2025-11-28,124486,1,11,0,931.0
10109998FERREIRAE_2025-11-28_G08,10109998FERREIRAE,2025-11-28,124370,1,40,0,3134.0
10109998FERREIRAE_2025-11-29_G02,10109998FERREIRAE,2025-11-29,117935,1,2,0,83.0
10109998FERREIRAE_2025-11-29_G03,10109998FERREIRAE,2025-11-29,110339,1,4,0,141.0
10109998FERREIRAE_2025-11-29_G04,10109998FERREIRAE,2025-11-29,117853,1,2,0,65.0
10109998FERREIRAE_2025-11-29_G05,10109998FERREIRAE,2025-11-29,117786,1,4,0,92.0
10109998FERREIRAE_2025-11-29_G06,10109998FERREIRAE,2025-11-29,117862,1,20,0,180.0
10109998FERREIRAE_2025-11-29_G07,10109998FERREIRAE,2025-11-29,109640,1,10,0,231.0
10109998FERREIRAE_2025-11-29_G08,10109998FERREIRAE,2025-11-29,141271,1,4,0,159.0
10109998FERREIRAE_2025-11-29_G09,10109998FERREIRAE,2025-11-29,111435,1,2,0,99.0
10109998FERREIRAE_2025-11-29_G10,10109998FERREIRAE,2025-11-29,111469,1,30,0,474.0
10109998FERREIRAE_2025-11-29_G11,10109998FERREIRAE,2025-11-29,110740,1,3,0,69.0
10109998FERREIRAE_2025-11-29_G12,10109998FERREIRAE,2025-11-29,117785,1,16,0,236.0
10109998FERREIRAE_2025-11-29_G13,10109998FERREIRAE,2025-11-29,111466,1,30,0,531.0
10109998FERREIRAE_2025-11-29_G14,10109998FERREIRAE,2025-11-29,110787,1,2,0,182.0
10109998FERREIRAE_2025-11-29_G15,10109998FERREIRAE,2025-11-29,105705,1,1,0,886.0
10109998FERREIRAE_2025-11-29_G16,10109998FERREIRAE,2025-11-29,109641,1,4,0,467.0
10109998FERREIRAE_2025-11-29_G17,10109998FERREIRAE,2025-11-29,110745,1,2,0,44.0
10109998FERREIRAE_2025-11-29_G18,10109998FERREIRAE,2025-11-29,111348,1,1,0,48.0
10109998FERREIRAE_2025-11-29_G19,10109998FERREIRAE,2025-11-29,108711,1,3,0,57.0
10109998FERREIRAE_2025-11-29_G20,10109998FERREIRAE,2025-11-29,110787,1,4,0,133.0
10109998FERREIRAE_2025-11-29_G21,10109998FERREIRAE,2025-11-29,111469,1,8,0,2322.0
10109998FERREIRAE_2025-11-29_G22,10109998FERREIRAE,2025-11-29,111463,1,9,0,252.0
10109998FERREIRAE_2025-11-29_G23,10109998FERREIRAE,2025-11-29,111465,1,1,0,846.0
10109998FERREIRAE_2025-11-29_G24,10109998FERREIRAE,2025-11-29,110313,1,2,0,634.0
10109998FERREIRAE_2025-11-29_G25,10109998FERREIRAE,2025-11-29,118094,1,4,0,123.0
10109998FERREIRAE_2025-11-29_G26,10109998FERREIRAE,2025-11-29,117935,1,4,0,110.0
10109998FERREIRAE_2025-11-29_G27,10109998FERREIRAE,2025-11-29,117856,1,3,0,138.0
10109998FERREIRAE_2025-11-29_G28,10109998FERREIRAE,2025-11-29,117786,1,8,0,147.0
10109998FERREIRAE_2025-11-29_G29,10109998FERREIRAE,2025-11-29,117862,1,1,0,91.0
10109998FERREIRAE_2025-11-29_G30,10109998FERREIRAE,2025-11-29,111602,1,8,0,603.0
10109998FERREIRAE_2025-11-29_G31,10109998FERREIRAE,2025-11-29,111569,1,4,0,159.0
10109998FERREIRAE_2025-11-29_G32,10109998FERREIRAE,2025-11-29,118306,1,2,0,153.0
10109998FERREIRAE_2025-11-29_G33,10109998FERREIRAE,2025-11-29,111441,1,4,0,128.0
10109998FERREIRAE_2025-11-29_G34,10109998FERREIRAE,2025-11-29,111660,1,6,0,1199.0
10109998FERREIRAE_2025-11-29_G36,10109998FERREIRAE,2025-11-29,110743,1,2,0,90.0
10109998FERREIRAE_2025-11-29_G37,10109998FERREIRAE,2025-11-29,141457,1,4,0,92.0
10109998FERREIRAE_2025-11-29_G38,10109998FERREIRAE,2025-11-29,111532,1,24,0,243.0
10109998FERREIRAE_2025-11-29_G39,10109998FERREIRAE,2025-11-29,141458,1,2,0,98.0
10109998FERREIRAE_2025-11-29_G40,10109998FERREIRAE,2025-11-29,110753,1,8,0,300.0
10109998FERREIRAE_2025-11-29_G41,10109998FERREIRAE,2025-11-29,117862,1,6,0,242.0
10109998FERREIRAE_2025-11-29_G42,10109998FERREIRAE,2025-11-29,110711,1,12,0,361.0
10109998FERREIRAE_2025-11-29_G43,10109998FERREIRAE,2025-11-29,111602,1,5,0,345.0
10109998FERREIRAE_2025-11-29_G44,10109998FERREIRAE,2025-11-29,110895,1,4,0,199.0
10109998FERREIRAE_2025-11-29_G45,10109998FERREIRAE,2025-11-29,110841,1,3,0,114.0
10109998FERREIRAE_2025-11-29_G46,10109998FERREIRAE,2025-11-29,141916,1,4,0,143.0
10109998FERREIRAE_2025-11-29_G47,10109998FERREIRAE,2025-11-29,118140,1,4,0,884.0
10109998FERREIRAE_2025-11-29_G48,10109998FERREIRAE,2025-11-29,111469,1,4,0,105.0
10109998FERREIRAE_2025-11-29_G49,10109998FERREIRAE,2025-11-29,117785,1,4,0,146.0
10109998FERREIRAE_2025-11-29_G50,10109998FERREIRAE,2025-11-29,141457,1,4,0,75.0
10109998FERREIRAE_2025-11-29_G51,10109998FERREIRAE,2025-11-29,141456,1,2,0,175.0
10109998FERREIRAE_2025-11-29_G52,10109998FERREIRAE,2025-11-29,110895,1,1,0,162.0
10109998FERREIRAE_2025-11-29_G53,10109998FERREIRAE,2025-11-29,111569,1,1,0,107.0
10109998FERREIRAE_2025-11-29_G54,10109998FERREIRAE,2025-11-29,118306,1,2,0,51.0
10109998FERREIRAE_2025-11-29_G55,10109998FERREIRAE,2025-11-29,141916,1,2,0,180.0
10109998FERREIRAE_2025-11-29_G56,10109998FERREIRAE,2025-11-29,110372,1,12,0,230.0
10109998FERREIRAE_2025-11-29_G57,10109998FERREIRAE,2025-11-29,118299,2,6,30,220.0
10109998FERREIRAE_2025-11-29_G58,10109998FERREIRAE,2025-11-29,110373,1,3,0,177.0
10109998FERREIRAE_2025-11-29_G59,10109998FERREIRAE,2025-11-29,117856,1,5,0,380.0
10109998FERREIRAE_2025-11-29_G60,10109998FERREIRAE,2025-11-29,117862,1,4,0,92.0
10109998FERREIRAE_2025-11-29_G61,10109998FERREIRAE,2025-11-29,110740,1,2,0,459.0
10109998FERREIRAE_2025-11-29_G62,10109998FERREIRAE,2025-11-29,107236,1,4,0,195.0
10109998FERREIRAE_2025-11-29_G63,10109998FERREIRAE,2025-11-29,117785,1,4,0,79.0
10109998FERREIRAE_2025-11-29_G64,10109998FERREIRAE,2025-11-29,141457,1,11,0,147.0
10109998FERREIRAE_2025-11-29_G65,10109998FERREIRAE,2025-11-29,111466,1,2,0,67.0
10109998FERREIRAE_2025-11-29_G66,10109998FERREIRAE,2025-11-29,141458,1,2,0,67.0
10109998FERREIRAE_2025-11-29_G67,10109998FERREIRAE,2025-11-29,141458,1,4,0,43.0
10109998FERREIRAE_2025-11-29_G68,10109998FERREIRAE,2025-11-29,141456,1,4,0,97.0
10109998FERREIRAE_2025-11-29_G69,10109998FERREIRAE,2025-11-29,111441,1,4,0,177.0
10109998FERREIRAE_2025-11-29_G70,10109998FERREIRAE,2025-11-29,117862,1,4,0,217.0
10109998FERREIRAE_2025-11-29_G71,10109998FERREIRAE,2025-11-29,107236,1,12,0,1869.0
10109998FERREIRAE_2025-11-29_G72,10109998FERREIRAE,2025-11-29,110325,1,32,0,591.0
10109998FERREIRAE_2025-11-29_G73,10109998FERREIRAE,2025-11-29,111330,1,8,0,832.0
10109998FERREIRAE_2025-11-29_G74,10109998FERREIRAE,2025-11-29,110895,1,4,0,190.0
10109998FERREIRAE_2025-11-29_G75,10109998FERREIRAE,2025-11-29,111602,1,4,0,339.0
10109998FERREIRAE_2025-11-29_G76,10109998FERREIRAE,2025-11-29,110313,1,2,0,253.0
10109998FERREIRAE_2025-11-29_G77,10109998FERREIRAE,2025-11-29,110711,1,1,0,133.0
10109998FERREIRAE_2025-12-02_G02,10109998FERREIRAE,2025-12-02,108701,1,2,0,301.0
10109998FERREIRAE_2025-12-02_G03,10109998FERREIRAE,2025-12-02,110741,1,1,0,117.0
10109998FERREIRAE_2025-12-02_G04,10109998FERREIRAE,2025-12-02,140923,1,8,0,230.0
10109998FERREIRAE_2025-12-02_G05,10109998FERREIRAE,2025-12-02,117837,1,4,0,122.0
10109998FERREIRAE_2025-12-02_G06,10109998FERREIRAE,2025-12-02,109640,1,3,0,165.0
10109998FERREIRAE_2025-12-02_G07,10109998FERREIRAE,2025-12-02,118140,1,4,0,353.0
10109998FERREIRAE_2025-12-02_G08,10109998FERREIRAE,2025-12-02,110745,1,6,0,203.0
10109998FERREIRAE_2025-12-02_G09,10109998FERREIRAE,2025-12-02,140922,1,2,0,93.0
10109998FERREIRAE_2025-12-02_G10,10109998FERREIRAE,2025-12-02,111466,1,8,0,173.0
10109998FERREIRAE_2025-12-02_G11,10109998FERREIRAE,2025-12-02,111441,1,4,0,261.0
10109998FERREIRAE_2025-12-02_G12,10109998FERREIRAE,2025-12-02,117832,1,2,0,179.0
10109998FERREIRAE_2025-12-02_G13,10109998FERREIRAE,2025-12-02,117855,1,2,0,398.0
10109998FERREIRAE_2025-12-02_G14,10109998FERREIRAE,2025-12-02,108711,1,8,0,468.0
10109998FERREIRAE_2025-12-02_G15,10109998FERREIRAE,2025-12-02,110745,1,16,0,381.0
10109998FERREIRAE_2025-12-02_G16,10109998FERREIRAE,2025-12-02,141035,1,4,0,497.0
10109998FERREIRAE_2025-12-02_G17,10109998FERREIRAE,2025-12-02,108361,1,1,0,98.0
10109998FERREIRAE_2025-12-02_G18,10109998FERREIRAE,2025-12-02,117862,1,5,0,94.0
10109998FERREIRAE_2025-12-02_G19,10109998FERREIRAE,2025-12-02,111602,1,2,0,128.0
10109998FERREIRAE_2025-12-02_G20,10109998FERREIRAE,2025-12-02,118140,1,4,0,245.0
10109998FERREIRAE_2025-12-02_G21,10109998FERREIRAE,2025-12-02,108798,1,4,0,130.0
10109998FERREIRAE_2025-12-02_G22,10109998FERREIRAE,2025-12-02,141457,1,8,0,139.0
10109998FERREIRAE_2025-12-02_G23,10109998FERREIRAE,2025-12-02,111466,1,2,0,67.0
10109998FERREIRAE_2025-12-02_G24,10109998FERREIRAE,2025-12-02,110374,1,4,0,248.0
10109998FERREIRAE_2025-12-02_G25,10109998FERREIRAE,2025-12-02,141202,1,4,0,83.0
10109998FERREIRAE_2025-12-02_G26,10109998FERREIRAE,2025-12-02,118290,1,4,0,194.0
10109998FERREIRAE_2025-12-02_G27,10109998FERREIRAE,2025-12-02,111466,1,6,0,494.0
10109998FERREIRAE_2025-12-02_G28,10109998FERREIRAE,2025-12-02,117832,1,8,0,187.0
10109998FERREIRAE_2025-12-02_G29,10109998FERREIRAE,2025-12-02,117832,1,12,0,300.0
10109998FERREIRAE_2025-12-03_G02,10109998FERREIRAE,2025-12-03,141456,1,6,0,1495.0
10109998FERREIRAE_2025-12-03_G03,10109998FERREIRAE,2025-12-03,111469,1,8,0,169.0
10109998FERREIRAE_2025-12-03_G04,10109998FERREIRAE,2025-12-03,111462,1,2,0,331.0
10109998FERREIRAE_2025-12-03_G05,10109998FERREIRAE,2025-12-03,111743,1,3,0,132.0
10109998FERREIRAE_2025-12-03_G06,10109998FERREIRAE,2025-12-03,140922,1,8,0,225.0
10109998FERREIRAE_2025-12-03_G07,10109998FERREIRAE,2025-12-03,118223,1,3,0,166.0
10109998FERREIRAE_2025-12-03_G08,10109998FERREIRAE,2025-12-03,117785,1,4,0,112.0
10109998FERREIRAE_2025-12-03_G09,10109998FERREIRAE,2025-12-03,111466,1,4,0,119.0
10109998FERREIRAE_2025-12-03_G10,10109998FERREIRAE,2025-12-03,118140,1,6,0,457.0
10109998FERREIRAE_2025-12-03_G11,10109998FERREIRAE,2025-12-03,118094,1,8,0,171.0
10109998FERREIRAE_2025-12-03_G12,10109998FERREIRAE,2025-12-03,117935,1,4,0,86.0
10109998FERREIRAE_2025-12-03_G13,10109998FERREIRAE,2025-12-03,140923,1,4,0,129.0
10109998FERREIRAE_2025-12-03_G14,10109998FERREIRAE,2025-12-03,117965,1,8,0,463.0
10109998FERREIRAE_2025-12-03_G15,10109998FERREIRAE,2025-12-03,110733,1,1,0,72.0
10109998FERREIRAE_2025-12-03_G16,10109998FERREIRAE,2025-12-03,111530,1,4,0,100.0
10109998FERREIRAE_2025-12-03_G17,10109998FERREIRAE,2025-12-03,117786,1,2,0,83.0
10109998FERREIRAE_2025-12-03_G18,10109998FERREIRAE,2025-12-03,110711,1,4,0,110.0
10109998FERREIRAE_2025-12-03_G19,10109998FERREIRAE,2025-12-03,117832,1,2,0,126.0
10109998FERREIRAE_2025-12-05_G02,10109998FERREIRAE,2025-12-05,117785,1,4,0,121.0
10109998FERREIRAE_2025-12-05_G03,10109998FERREIRAE,2025-12-05,141458,1,4,0,100.0
10109998FERREIRAE_2025-12-05_G04,10109998FERREIRAE,2025-12-05,117820,1,20,0,307.0
10109998FERREIRAE_2025-12-05_G05,10109998FERREIRAE,2025-12-05,117808,1,20,0,388.0
10109998FERREIRAE_2025-12-05_G06,10109998FERREIRAE,2025-12-05,110372,1,10,0,176.0
10109998FERREIRAE_2025-12-05_G07,10109998FERREIRAE,2025-12-05,118299,1,15,0,180.0
10109998FERREIRAE_2025-12-05_G08,10109998FERREIRAE,2025-12-05,118140,1,24,0,800.0
10109998FERREIRAE_2025-12-05_G09,10109998FERREIRAE,2025-12-05,108795,1,4,0,165.0
10109998FERREIRAE_2025-12-05_G10,10109998FERREIRAE,2025-12-05,108711,1,8,0,163.0
10109998FERREIRAE_2025-12-05_G11,10109998FERREIRAE,2025-12-05,110372,1,12,0,426.0
10109998FERREIRAE_2025-12-05_G12,10109998FERREIRAE,2025-12-05,110372,1,4,0,84.0
10109998FERREIRAE_2025-12-05_G13,10109998FERREIRAE,2025-12-05,111469,1,3,0,1567.0
10109998FERREIRAE_2025-12-05_G14,10109998FERREIRAE,2025-12-05,118140,1,20,0,243.0
10109998FERREIRAE_2025-12-05_G15,10109998FERREIRAE,2025-12-05,111182,1,8,0,242.0
10109998FERREIRAE_2025-12-05_G16,10109998FERREIRAE,2025-12-05,109641,1,12,0,219.0
10109998FERREIRAE_2025-12-05_G17,10109998FERREIRAE,2025-12-05,111433,1,2,0,415.0
10109998FERREIRAE_2025-12-05_G18,10109998FERREIRAE,2025-12-05,111442,1,4,0,86.0
10109998FERREIRAE_2025-12-05_G19,10109998FERREIRAE,2025-12-05,117831,1,28,0,987.0
10109998FERREIRAE_2025-12-05_G20,10109998FERREIRAE,2025-12-05,111466,1,2,0,106.0
10109998FERREIRAE_2025-12-05_G21,10109998FERREIRAE,2025-12-05,117821,1,4,0,64.0
10109998FERREIRAE_2025-12-05_G22,10109998FERREIRAE,2025-12-05,110741,1,32,0,196.0
10109998FERREIRAE_2025-12-05_G23,10109998FERREIRAE,2025-12-05,140923,1,29,0,623.0
10109998FERREIRAE_2025-12-05_G24,10109998FERREIRAE,2025-12-05,109647,1,20,0,673.0
10109998FERREIRAE_2025-12-05_G26,10109998FERREIRAE,2025-12-05,111434,1,4,0,137.0
10109998FERREIRAE_2025-12-05_G27,10109998FERREIRAE,2025-12-05,110750,1,4,0,305.0
10109998FERREIRAE_2025-12-05_G28,10109998FERREIRAE,2025-12-05,110747,1,19,0,462.0
10109998FERREIRAE_2025-12-05_G29,10109998FERREIRAE,2025-12-05,110752,1,50,0,805.0
10109998FERREIRAE_2025-12-05_G30,10109998FERREIRAE,2025-12-05,111569,1,60,0,2152.0
10109998FERREIRAE_2025-12-05_G31,10109998FERREIRAE,2025-12-05,100334,1,50,0,1758.0
10109998FERREIRAE_2025-12-05_G32,10109998FERREIRAE,2025-12-05,117289,1,4,0,659.0
10109998FERREIRAE_2025-12-06_G02,10109998FERREIRAE,2025-12-06,117808,1,300,0,1875.0
10109998FERREIRAE_2025-12-06_G03,10109998FERREIRAE,2025-12-06,140923,1,13,0,2468.0
10109998FERREIRAE_2025-12-06_G04,10109998FERREIRAE,2025-12-06,118191,1,24,0,3313.0
10109998FERREIRAE_2025-12-06_G05,10109998FERREIRAE,2025-12-06,141262,1,10,0,530.0
10109998FERREIRAE_2025-12-06_G06,10109998FERREIRAE,2025-12-06,111569,1,4,0,802.0
10109998FERREIRAE_2025-12-06_G07,10109998FERREIRAE,2025-12-06,111569,1,4,0,84.0
10109998FERREIRAE_2025-12-06_G08,10109998FERREIRAE,2025-12-06,111569,1,4,0,77.0
10109998FERREIRAE_2025-12-06_G09,10109998FERREIRAE,2025-12-06,111569,1,4,0,80.0
10109998FERREIRAE_2025-12-06_G10,10109998FERREIRAE,2025-12-06,111569,1,4,0,75.0
10109998FERREIRAE_2025-12-06_G11,10109998FERREIRAE,2025-12-06,111569,1,4,0,193.0
10109998FERREIRAE_2025-12-06_G12,10109998FERREIRAE,2025-12-06,111569,1,4,0,74.0
10109998FERREIRAE_2025-12-06_G13,10109998FERREIRAE,2025-12-06,108759,1,4,0,202.0
10109998FERREIRAE_2025-12-06_G14,10109998FERREIRAE,2025-12-06,"111438, 117836",2,12,30,820.0
10109998FERREIRAE_2025-12-06_G15,10109998FERREIRAE,2025-12-06,117834,1,2,0,156.0
10109998FERREIRAE_2025-12-06_G16,10109998FERREIRAE,2025-12-06,115775,1,7,0,300.0
10109998FERREIRAE_2025-12-06_G17,10109998FERREIRAE,2025-12-06,115821,1,2,0,591.0
10109998FERREIRAE_2025-12-06_G18,10109998FERREIRAE,2025-12-06,108759,1,5,0,119.0
10109998FERREIRAE_2025-12-06_G19,10109998FERREIRAE,2025-12-06,111438,1,50,0,976.0
10109998FERREIRAE_2025-12-06_G20,10109998FERREIRAE,2025-12-06,100334,1,1,0,638.0
10109998FERREIRAE_2025-12-06_G21,10109998FERREIRAE,2025-12-06,160057,1,8,0,305.0
10109998FERREIRAE_2025-12-06_G22,10109998FERREIRAE,2025-12-06,107892,1,8,0,710.0
10109998FERREIRAE_2025-12-06_G23,10109998FERREIRAE,2025-12-06,111466,1,2,0,164.0
10109998FERREIRAE_2025-12-06_G24,10109998FERREIRAE,2025-12-06,111465,1,30,0,740.0
10109998FERREIRAE_2025-12-06_G25,10109998FERREIRAE,2025-12-06,111466,1,80,0,633.0
10109998FERREIRAE_2025-12-08_G02,10109998FERREIRAE,2025-12-08,108759,1,4,0,155.0
10109998FERREIRAE_2025-12-08_G03,10109998FERREIRAE,2025-12-08,111438,1,8,0,484.0
10109998FERREIRAE_2025-12-08_G04,10109998FERREIRAE,2025-12-08,110755,1,12,0,819.0
10109998FERREIRAE_2025-12-09_G02,10109998FERREIRAE,2025-12-09,141457,1,200,0,626.0
10109998FERREIRAE_2025-12-09_G03,10109998FERREIRAE,2025-12-09,111418,1,150,0,620.0
10109998FERREIRAE_2025-12-09_G04,10109998FERREIRAE,2025-12-09,117785,1,50,0,828.0
10109998FERREIRAE_2025-12-09_G05,10109998FERREIRAE,2025-12-09,118094,1,40,0,903.0
10109998FERREIRAE_2025-12-09_G07,10109998FERREIRAE,2025-12-09,109645,1,5,0,201.0
10109998FERREIRAE_2025-12-09_G08,10109998FERREIRAE,2025-12-09,116241,1,1,0,51.0
10109998FERREIRAE_2025-12-09_G09,10109998FERREIRAE,2025-12-09,111435,3,3,53,132.0
10109998FERREIRAE_2025-12-09_G10,10109998FERREIRAE,2025-12-09,111435,1,2,0,37.0
10109998FERREIRAE_2025-12-09_G11,10109998FERREIRAE,2025-12-09,111431,1,2,0,447.0
10109998FERREIRAE_2025-12-09_G12,10109998FERREIRAE,2025-12-09,111462,1,22,0,276.0
10109998FERREIRAE_2025-12-09_G13,10109998FERREIRAE,2025-12-09,117831,1,34,0,428.0
10109998FERREIRAE_2025-12-09_G14,10109998FERREIRAE,2025-12-09,117787,1,7,0,347.0
10109998FERREIRAE_2025-12-09_G15,10109998FERREIRAE,2025-12-09,141458,1,34,0,288.0
10109998FERREIRAE_2025-12-09_G16,10109998FERREIRAE,2025-12-09,110332,1,2,0,157.0
10109998FERREIRAE_2025-12-09_G17,10109998FERREIRAE,2025-12-09,110129,1,3,0,269.0
10109998FERREIRAE_2025-12-09_G18,10109998FERREIRAE,2025-12-09,141930,1,4,0,1840.0
10109998FERREIRAE_2025-12-09_G19,10109998FERREIRAE,2025-12-09,118280,1,2,0,61.0
10109998FERREIRAE_2025-12-09_G20,10109998FERREIRAE,2025-12-09,140957,1,4,0,162.0
10109998FERREIRAE_2025-12-09_G21,10109998FERREIRAE,2025-12-09,109640,1,7,0,185.0
10109998FERREIRAE_2025-12-09_G22,10109998FERREIRAE,2025-12-09,111602,1,92,0,1538.0
10109998FERREIRAE_2025-12-09_G23,10109998FERREIRAE,2025-12-09,111172,1,91,0,1229.0
10109998FERREIRAE_2025-12-09_G24,10109998FERREIRAE,2025-12-09,111172,1,61,0,601.0
10109998FERREIRAE_2025-12-09_G25,10109998FERREIRAE,2025-12-09,111468,1,19,0,384.0
10109998FERREIRAE_2025-12-09_G26,10109998FERREIRAE,2025-12-09,111462,1,41,0,718.0
10109998FERREIRAE_2025-12-09_G27,10109998FERREIRAE,2025-12-09,110740,1,42,0,658.0
10109998FERREIRAE_2025-12-10_G02,10109998FERREIRAE,2025-12-10,141456,1,6,0,101.0
10109998FERREIRAE_2025-12-10_G03,10109998FERREIRAE,2025-12-10,111330,1,2,0,75.0
10109998FERREIRAE_2025-12-10_G04,10109998FERREIRAE,2025-12-10,111468,1,4,0,49.0
10109998FERREIRAE_2025-12-10_G05,10109998FERREIRAE,2025-12-10,140922,1,2,0,96.0
10109998FERREIRAE_2025-12-10_G06,10109998FERREIRAE,2025-12-10,141457,1,6,0,107.0
10109998FERREIRAE_2025-12-10_G07,10109998FERREIRAE,2025-12-10,105705,1,4,0,375.0
10109998FERREIRAE_2025-12-10_G08,10109998FERREIRAE,2025-12-10,111418,1,1,0,201.0
10109998FERREIRAE_2025-12-10_G09,10109998FERREIRAE,2025-12-10,111469,1,8,0,97.0
10109998FERREIRAE_2025-12-10_G10,10109998FERREIRAE,2025-12-10,117831,1,6,0,75.0
10109998FERREIRAE_2025-12-10_G11,10109998FERREIRAE,2025-12-10,117787,1,2,0,145.0
10109998FERREIRAE_2025-12-10_G12,10109998FERREIRAE,2025-12-10,141458,1,2,0,93.0
10109998FERREIRAE_2025-12-10_G13,10109998FERREIRAE,2025-12-10,111465,1,3,0,97.0
10109998FERREIRAE_2025-12-10_G14,10109998FERREIRAE,2025-12-10,118299,1,10,0,378.0
10109998FERREIRAE_2025-12-10_G15,10109998FERREIRAE,2025-12-10,110733,1,3,0,215.0
10109998FERREIRAE_2025-12-10_G16,10109998FERREIRAE,2025-12-10,117856,1,2,0,53.0
10109998FERREIRAE_2025-12-10_G17,10109998FERREIRAE,2025-12-10,117786,1,2,0,110.0
10109998FERREIRAE_2025-12-10_G18,10109998FERREIRAE,2025-12-10,108770,1,4,0,110.0
10109998FERREIRAE_2025-12-10_G19,10109998FERREIRAE,2025-12-10,110895,1,4,0,63.0
10109998FERREIRAE_2025-12-10_G20,10109998FERREIRAE,2025-12-10,111438,1,2,0,104.0
10109998FERREIRAE_2025-12-10_G21,10109998FERREIRAE,2025-12-10,111569,1,2,0,57.0
10109998FERREIRAE_2025-12-10_G22,10109998FERREIRAE,2025-12-10,141456,1,2,0,519.0
10109998FERREIRAE_2025-12-10_G23,10109998FERREIRAE,2025-12-10,111468,1,8,0,241.0
10109998FERREIRAE_2025-12-10_G24,10109998FERREIRAE,2025-12-10,117838,1,2,0,70.0
10109998FERREIRAE_2025-12-10_G25,10109998FERREIRAE,2025-12-10,141457,1,2,0,91.0
10109998FERREIRAE_2025-12-10_G26,10109998FERREIRAE,2025-12-10,111463,1,4,0,710.0
10109998FERREIRAE_2025-12-10_G27,10109998FERREIRAE,2025-12-10,107236,1,2,0,116.0
10109998FERREIRAE_2025-12-10_G28,10109998FERREIRAE,2025-12-10,110740,1,2,0,68.0
10109998FERREIRAE_2025-12-10_G29,10109998FERREIRAE,2025-12-10,117809,1,2,0,132.0
10109998FERREIRAE_2025-12-10_G30,10109998FERREIRAE,2025-12-10,117808,1,8,0,103.0
10109998FERREIRAE_2025-12-10_G31,10109998FERREIRAE,2025-12-10,110372,1,4,0,130.0
10109998FERREIRAE_2025-12-10_G32,10109998FERREIRAE,2025-12-10,117861,1,2,0,129.0
10109998FERREIRAE_2025-12-10_G33,10109998FERREIRAE,2025-12-10,109647,1,1,0,261.0
10109998FERREIRAE_2025-12-10_G34,10109998FERREIRAE,2025-12-10,140923,1,2,0,729.0
10109998FERREIRAE_2025-12-10_G35,10109998FERREIRAE,2025-12-10,111530,1,2,0,116.0
10109998FERREIRAE_2025-12-10_G36,10109998FERREIRAE,2025-12-10,117855,1,2,0,62.0
10109998FERREIRAE_2025-12-10_G37,10109998FERREIRAE,2025-12-10,110756,1,2,0,78.0
10109998FERREIRAE_2025-12-10_G38,10109998FERREIRAE,2025-12-10,108711,1,2,0,111.0
10109998FERREIRAE_2025-12-10_G39,10109998FERREIRAE,2025-12-10,141457,1,4,0,134.0
10109998FERREIRAE_2025-12-10_G40,10109998FERREIRAE,2025-12-10,117842,1,1,0,75.0
10109998FERREIRAE_2025-12-10_G41,10109998FERREIRAE,2025-12-10,117831,1,4,0,101.0
10109998FERREIRAE_2025-12-10_G42,10109998FERREIRAE,2025-12-10,117808,1,20,0,662.0
10109998FERREIRAE_2025-12-10_G43,10109998FERREIRAE,2025-12-10,118299,1,20,0,232.0
10109998FERREIRAE_2025-12-10_G44,10109998FERREIRAE,2025-12-10,118140,1,4,0,453.0
10109998FERREIRAE_2025-12-10_G45,10109998FERREIRAE,2025-12-10,108711,1,12,0,592.0
10109998FERREIRAE_2025-12-10_G46,10109998FERREIRAE,2025-12-10,111466,1,8,0,177.0
10109998FERREIRAE_2025-12-10_G47,10109998FERREIRAE,2025-12-10,109643,1,4,0,125.0
10109998FERREIRAE_2025-12-10_G48,10109998FERREIRAE,2025-12-10,141202,1,8,0,721.0
10109998FERREIRAE_2025-12-10_G49,10109998FERREIRAE,2025-12-10,110733,1,4,0,489.0
10109998FERREIRAE_2025-12-10_G50,10109998FERREIRAE,2025-12-10,118140,1,4,0,838.0
10109998FERREIRAE_2025-12-10_G51,10109998FERREIRAE,2025-12-10,108711,1,10,0,188.0
10109998FERREIRAE_2025-12-10_G53,10109998FERREIRAE,2025-12-10,111530,1,4,0,129.0
10109998FERREIRAE_2025-12-10_G54,10109998FERREIRAE,2025-12-10,105242,1,2,0,170.0
10109998FERREIRAE_2025-12-10_G55,10109998FERREIRAE,2025-12-10,108772,1,4,0,154.0
10109998FERREIRAE_2025-12-10_G56,10109998FERREIRAE,2025-12-10,111172,1,1,0,125.0
10109998FERREIRAE_2025-12-10_G57,10109998FERREIRAE,2025-12-10,111418,1,2,0,112.0
10109998FERREIRAE_2025-12-10_G58,10109998FERREIRAE,2025-12-10,110740,1,4,0,207.0
10109998FERREIRAE_2025-12-10_G59,10109998FERREIRAE,2025-12-10,117785,1,1,0,68.0
10109998FERREIRAE_2025-12-10_G60,10109998FERREIRAE,2025-12-10,111465,1,2,0,139.0
10109998FERREIRAE_2025-12-10_G61,10109998FERREIRAE,2025-12-10,118299,1,8,0,237.0
10109998FERREIRAE_2025-12-10_G62,10109998FERREIRAE,2025-12-10,117809,1,7,0,676.0
10109998FERREIRAE_2025-12-10_G63,10109998FERREIRAE,2025-12-10,117808,1,9,0,113.0
10109998FERREIRAE_2025-12-10_G64,10109998FERREIRAE,2025-12-10,110372,1,15,0,179.0
10109998FERREIRAE_2025-12-10_G65,10109998FERREIRAE,2025-12-10,110325,1,4,0,168.0
10109998FERREIRAE_2025-12-10_G66,10109998FERREIRAE,2025-12-10,111172,1,4,0,632.0
10109998FERREIRAE_2025-12-10_G67,10109998FERREIRAE,2025-12-10,141456,1,8,0,303.0
10109998FERREIRAE_2025-12-10_G68,10109998FERREIRAE,2025-12-10,118140,1,3,0,48.0
10109998FERREIRAE_2025-12-10_G69,10109998FERREIRAE,2025-12-10,140922,1,4,0,79.0
10109998FERREIRAE_2025-12-10_G70,10109998FERREIRAE,2025-12-10,111743,1,4,0,87.0
10109998FERREIRAE_2025-12-10_G71,10109998FERREIRAE,2025-12-10,108711,1,2,0,104.0
10109998FERREIRAE_2025-12-10_G72,10109998FERREIRAE,2025-12-10,141457,1,3,0,81.0
10109998FERREIRAE_2025-12-10_G73,10109998FERREIRAE,2025-12-10,108795,1,4,0,180.0
10109998FERREIRAE_2025-12-10_G74,10109998FERREIRAE,2025-12-10,117831,1,6,0,111.0
10109998FERREIRAE_2025-12-10_G75,10109998FERREIRAE,2025-12-10,110740,1,2,0,90.0
10109998FERREIRAE_2025-12-10_G76,10109998FERREIRAE,2025-12-10,141458,1,4,0,92.0
10109998FERREIRAE_2025-12-10_G77,10109998FERREIRAE,2025-12-10,114650,1,4,0,1369.0
10109998FERREIRAE_2025-12-10_G78,10109998FERREIRAE,2025-12-10,111569,1,9,0,180.0
10109998FERREIRAE_2025-12-10_G79,10109998FERREIRAE,2025-12-10,110454,1,2,0,612.0
10109998FERREIRAE_2025-12-10_G80,10109998FERREIRAE,2025-12-10,140911,1,11,0,559.0
10109998FERREIRAE_2025-12-10_G81,10109998FERREIRAE,2025-12-10,117837,1,14,0,3063.0
10109998FERREIRAE_2025-12-10_G82,10109998FERREIRAE,2025-12-10,110339,1,100,0,746.0
10109998FERREIRAE_2025-12-11_G02,10109998FERREIRAE,2025-12-11,105705,1,8,0,268.0
10109998FERREIRAE_2025-12-11_G03,10109998FERREIRAE,2025-12-11,107236,1,4,0,140.0
10109998FERREIRAE_2025-12-11_G04,10109998FERREIRAE,2025-12-11,107236,1,4,0,465.0
10109998FERREIRAE_2025-12-11_G05,10109998FERREIRAE,2025-12-11,111466,2,9,21,321.0
10109998FERREIRAE_2025-12-11_G06,10109998FERREIRAE,2025-12-11,111465,2,4,24,104.0
10109998FERREIRAE_2025-12-11_G07,10109998FERREIRAE,2025-12-11,110376,1,3,0,189.0
10109998FERREIRAE_2025-12-11_G08,10109998FERREIRAE,2025-12-11,110375,2,6,28,657.0
10109998FERREIRAE_2025-12-11_G09,10109998FERREIRAE,2025-12-11,110325,1,22,0,219.0
10109998FERREIRAE_2025-12-11_G10,10109998FERREIRAE,2025-12-11,111172,1,6,0,2776.0
10109998FERREIRAE_2025-12-11_G11,10109998FERREIRAE,2025-12-11,111469,1,6,0,109.0
10109998FERREIRAE_2025-12-11_G12,10109998FERREIRAE,2025-12-11,117831,1,9,0,89.0
10109998FERREIRAE_2025-12-11_G13,10109998FERREIRAE,2025-12-11,117785,1,20,0,207.0
10109998FERREIRAE_2025-12-11_G14,10109998FERREIRAE,2025-12-11,117832,1,6,0,127.0
10109998FERREIRAE_2025-12-11_G15,10109998FERREIRAE,2025-12-11,110372,1,16,0,198.0
10109998FERREIRAE_2025-12-11_G16,10109998FERREIRAE,2025-12-11,118317,1,6,0,342.0
10109998FERREIRAE_2025-12-11_G17,10109998FERREIRAE,2025-12-11,109645,1,2,0,114.0
10109998FERREIRAE_2025-12-11_G18,10109998FERREIRAE,2025-12-11,116241,1,1,0,37.0
10109998FERREIRAE_2025-12-11_G19,10109998FERREIRAE,2025-12-11,108711,1,3,0,81.0
10109998FERREIRAE_2025-12-11_G20,10109998FERREIRAE,2025-12-11,111418,1,20,0,179.0
10109998FERREIRAE_2025-12-11_G21,10109998FERREIRAE,2025-12-11,111463,1,12,0,110.0
10109998FERREIRAE_2025-12-11_G22,10109998FERREIRAE,2025-12-11,111469,1,4,0,67.0
10109998FERREIRAE_2025-12-11_G23,10109998FERREIRAE,2025-12-11,117831,1,4,0,59.0
10109998FERREIRAE_2025-12-11_G24,10109998FERREIRAE,2025-12-11,111466,1,8,0,382.0
10109998FERREIRAE_2025-12-11_G25,10109998FERREIRAE,2025-12-11,111465,1,6,0,119.0
10109998FERREIRAE_2025-12-11_G26,10109998FERREIRAE,2025-12-11,110374,1,10,0,341.0
10109998FERREIRAE_2025-12-11_G27,10109998FERREIRAE,2025-12-11,117808,1,53,0,297.0
10109998FERREIRAE_2025-12-11_G28,10109998FERREIRAE,2025-12-11,117832,1,12,0,120.0
10109998FERREIRAE_2025-12-11_G29,10109998FERREIRAE,2025-12-11,110372,1,52,0,539.0
10109998FERREIRAE_2025-12-11_G30,10109998FERREIRAE,2025-12-11,110741,1,3,0,174.0
10109998FERREIRAE_2025-12-11_G31,10109998FERREIRAE,2025-12-11,111602,1,12,0,104.0
10109998FERREIRAE_2025-12-11_G32,10109998FERREIRAE,2025-12-11,109647,1,5,0,197.0
10109998FERREIRAE_2025-12-11_G33,10109998FERREIRAE,2025-12-11,117821,1,6,0,94.0
10109998FERREIRAE_2025-12-11_G34,10109998FERREIRAE,2025-12-11,111530,1,5,0,912.0
10109998FERREIRAE_2025-12-11_G35,10109998FERREIRAE,2025-12-11,110740,1,2,0,460.0
10109998FERREIRAE_2025-12-11_G37,10109998FERREIRAE,2025-12-11,141823,1,2,0,57.0
10109998FERREIRAE_2025-12-11_G38,10109998FERREIRAE,2025-12-11,118140,1,19,0,334.0
10109998FERREIRAE_2025-12-11_G39,10109998FERREIRAE,2025-12-11,118140,1,4,0,36.0
10109998FERREIRAE_2025-12-11_G40,10109998FERREIRAE,2025-12-11,111463,1,13,0,658.0
10109998FERREIRAE_2025-12-11_G41,10109998FERREIRAE,2025-12-11,117831,1,2,0,77.0
10109998FERREIRAE_2025-12-11_G42,10109998FERREIRAE,2025-12-11,117785,1,5,0,147.0
10109998FERREIRAE_2025-12-11_G43,10109998FERREIRAE,2025-12-11,111443,1,4,0,91.0
10109998FERREIRAE_2025-12-11_G44,10109998FERREIRAE,2025-12-11,111443,1,2,0,47.0
10109998FERREIRAE_2025-12-11_G45,10109998FERREIRAE,2025-12-11,111466,1,28,0,492.0
10109998FERREIRAE_2025-12-11_G46,10109998FERREIRAE,2025-12-11,111466,1,4,0,55.0
10109998FERREIRAE_2025-12-11_G47,10109998FERREIRAE,2025-12-11,117821,1,4,0,62.0
10109998FERREIRAE_2025-12-11_G48,10109998FERREIRAE,2025-12-11,111465,1,2,0,131.0
10109998FERREIRAE_2025-12-11_G49,10109998FERREIRAE,2025-12-11,108770,1,4,0,220.0
10109998FERREIRAE_2025-12-11_G50,10109998FERREIRAE,2025-12-11,110895,1,4,0,145.0
10109998FERREIRAE_2025-12-11_G51,10109998FERREIRAE,2025-12-11,111430,1,2,0,208.0
10109998FERREIRAE_2025-12-11_G52,10109998FERREIRAE,2025-12-11,118222,1,4,0,198.0
10109998FERREIRAE_2025-12-11_G53,10109998FERREIRAE,2025-12-11,100334,1,4,0,126.0
10109998FERREIRAE_2025-12-11_G54,10109998FERREIRAE,2025-12-11,110747,1,2,0,110.0
10109998FERREIRAE_2025-12-11_G55,10109998FERREIRAE,2025-12-11,140923,1,9,0,273.0
10109998FERREIRAE_2025-12-11_G56,10109998FERREIRAE,2025-12-11,110339,1,4,0,128.0
10109998FERREIRAE_2025-12-11_G57,10109998FERREIRAE,2025-12-11,117856,1,3,0,101.0
10109998FERREIRAE_2025-12-11_G58,10109998FERREIRAE,2025-12-11,117855,1,3,0,282.0
10109998FERREIRAE_2025-12-11_G59,10109998FERREIRAE,2025-12-11,110711,1,3,0,119.0
10109998FERREIRAE_2025-12-11_G60,10109998FERREIRAE,2025-12-11,117808,1,16,0,275.0
10109998FERREIRAE_2025-12-11_G61,10109998FERREIRAE,2025-12-11,110372,1,15,0,596.0
10109998FERREIRAE_2025-12-11_G62,10109998FERREIRAE,2025-12-11,117785,1,5,0,931.0
10109998FERREIRAE_2025-12-11_G63,10109998FERREIRAE,2025-12-11,111466,1,3,0,109.0
10109998FERREIRAE_2025-12-11_G64,10109998FERREIRAE,2025-12-11,118140,1,6,0,183.0
10109998FERREIRAE_2025-12-12_G02,10109998FERREIRAE,2025-12-12,141458,1,75,0,568.0
10109998FERREIRAE_2025-12-12_G03,10109998FERREIRAE,2025-12-12,141456,1,32,0,674.0
10109998FERREIRAE_2025-12-12_G04,10109998FERREIRAE,2025-12-12,111433,1,6,0,167.0
10109998FERREIRAE_2025-12-12_G05,10109998FERREIRAE,2025-12-12,117831,1,22,0,532.0
10109998FERREIRAE_2025-12-12_G06,10109998FERREIRAE,2025-12-12,117856,1,20,0,273.0
10109998FERREIRAE_2025-12-12_G07,10109998FERREIRAE,2025-12-12,111467,1,8,0,300.0
10109998FERREIRAE_2025-12-12_G08,10109998FERREIRAE,2025-12-12,111439,1,3,0,87.0
10109998FERREIRAE_2025-12-12_G09,10109998FERREIRAE,2025-12-12,117854,1,2,0,70.0
10109998FERREIRAE_2025-12-12_G10,10109998FERREIRAE,2025-12-12,111463,1,51,0,833.0
10109998FERREIRAE_2025-12-12_G11,10109998FERREIRAE,2025-12-12,140922,1,4,0,1263.0
10109998FERREIRAE_2025-12-12_G12,10109998FERREIRAE,2025-12-12,111743,1,8,0,111.0
10109998FERREIRAE_2025-12-12_G13,10109998FERREIRAE,2025-12-12,110745,1,4,0,323.0
10109998FERREIRAE_2025-12-12_G14,10109998FERREIRAE,2025-12-12,111466,1,32,0,423.0
10109998FERREIRAE_2025-12-12_G15,10109998FERREIRAE,2025-12-12,111418,1,40,0,802.0
10109998FERREIRAE_2025-12-12_G16,10109998FERREIRAE,2025-12-12,118299,1,12,0,684.0
10109998FERREIRAE_2025-12-12_G17,10109998FERREIRAE,2025-12-12,117808,1,24,0,538.0
10109998FERREIRAE_2025-12-12_G18,10109998FERREIRAE,2025-12-12,111418,1,2,0,255.0
10109998FERREIRAE_2025-12-12_G19,10109998FERREIRAE,2025-12-12,110740,1,4,0,504.0
10109998FERREIRAE_2025-12-12_G20,10109998FERREIRAE,2025-12-12,108794,1,2,0,180.0
10109998FERREIRAE_2025-12-12_G21,10109998FERREIRAE,2025-12-12,118299,1,4,0,1387.0
10109998FERREIRAE_2025-12-12_G23,10109998FERREIRAE,2025-12-12,111467,1,1,0,124.0
10109998FERREIRAE_2025-12-12_G24,10109998FERREIRAE,2025-12-12,111172,1,3,0,209.0
10109998FERREIRAE_2025-12-12_G25,10109998FERREIRAE,2025-12-12,111418,1,2,0,46.0
10109998FERREIRAE_2025-12-12_G26,10109998FERREIRAE,2025-12-12,111418,1,12,0,118.0
10109998FERREIRAE_2025-12-12_G27,10109998FERREIRAE,2025-12-12,108794,1,7,0,272.0
10109998FERREIRAE_2025-12-12_G28,10109998FERREIRAE,2025-12-12,111602,1,11,0,498.0
10109998FERREIRAE_2025-12-12_G29,10109998FERREIRAE,2025-12-12,110711,1,10,0,114.0
10109998FERREIRAE_2025-12-12_G30,10109998FERREIRAE,2025-12-12,141066,1,2,0,175.0
10109998FERREIRAE_2025-12-12_G31,10109998FERREIRAE,2025-12-12,111530,1,4,0,97.0
10109998FERREIRAE_2025-12-12_G32,10109998FERREIRAE,2025-12-12,117855,1,12,0,406.0
10109998FERREIRAE_2025-12-12_G33,10109998FERREIRAE,2025-12-12,111467,1,3,0,110.0
10109998FERREIRAE_2025-12-12_G34,10109998FERREIRAE,2025-12-12,140923,1,25,0,684.0
10109998FERREIRAE_2025-12-12_G35,10109998FERREIRAE,2025-12-12,117935,1,2,0,1769.0
10109998FERREIRAE_2025-12-12_G36,10109998FERREIRAE,2025-12-12,111530,1,2,0,88.0
10109998FERREIRAE_2025-12-12_G37,10109998FERREIRAE,2025-12-12,111172,1,4,0,169.0
10109998FERREIRAE_2025-12-12_G38,10109998FERREIRAE,2025-12-12,117935,1,1,0,235.0
10109998FERREIRAE_2025-12-12_G39,10109998FERREIRAE,2025-12-12,111530,1,1,0,83.0
10109998FERREIRAE_2025-12-12_G40,10109998FERREIRAE,2025-12-12,111467,1,3,0,168.0
10109998FERREIRAE_2025-12-12_G41,10109998FERREIRAE,2025-12-12,110080,1,1,0,1112.0
10109998FERREIRAE_2025-12-12_G42,10109998FERREIRAE,2025-12-12,118222,1,90,0,1355.0
10109998FERREIRAE_2025-12-12_G43,10109998FERREIRAE,2025-12-12,111438,1,16,0,463.0
10109998FERREIRAE_2025-12-12_G44,10109998FERREIRAE,2025-12-12,111569,1,10,0,193.0
10109998FERREIRAE_2025-12-12_G45,10109998FERREIRAE,2025-12-12,110895,1,12,0,389.0
10109998FERREIRAE_2025-12-12_G46,10109998FERREIRAE,2025-12-12,111440,1,4,0,148.0
10109998FERREIRAE_2025-12-12_G47,10109998FERREIRAE,2025-12-12,115775,1,4,0,304.0
10109998FERREIRAE_2025-12-12_G48,10109998FERREIRAE,2025-12-12,108759,1,1,0,127.0
10109998FERREIRAE_2025-12-12_G49,10109998FERREIRAE,2025-12-12,108759,1,2,0,69.0
10109998FERREIRAE_2025-12-12_G50,10109998FERREIRAE,2025-12-12,110747,1,4,0,102.0
10109998FERREIRAE_2025-12-12_G51,10109998FERREIRAE,2025-12-12,107892,1,3,0,92.0
10109998FERREIRAE_2025-12-13_G02,10109998FERREIRAE,2025-12-13,118317,1,4,0,142.0
10109998FERREIRAE_2025-12-13_G03,10109998FERREIRAE,2025-12-13,111465,1,3,0,91.0
10109998FERREIRAE_2025-12-13_G04,10109998FERREIRAE,2025-12-13,141456,1,13,0,153.0
10109998FERREIRAE_2025-12-13_G05,10109998FERREIRAE,2025-12-13,118140,1,29,0,273.0
10109998FERREIRAE_2025-12-13_G06,10109998FERREIRAE,2025-12-13,140922,1,7,0,100.0
10109998FERREIRAE_2025-12-13_G07,10109998FERREIRAE,2025-12-13,110787,1,6,0,182.0
10109998FERREIRAE_2025-12-13_G08,10109998FERREIRAE,2025-12-13,141823,1,8,0,67.0
10109998FERREIRAE_2025-12-13_G09,10109998FERREIRAE,2025-12-13,109641,1,14,0,446.0
10109998FERREIRAE_2025-12-13_G10,10109998FERREIRAE,2025-12-13,117831,1,9,0,386.0
10109998FERREIRAE_2025-12-13_G11,10109998FERREIRAE,2025-12-13,141458,1,6,0,850.0
10109998FERREIRAE_2025-12-13_G12,10109998FERREIRAE,2025-12-13,116241,1,8,0,241.0
10109998FERREIRAE_2025-12-13_G13,10109998FERREIRAE,2025-12-13,117785,1,41,0,428.0
10109998FERREIRAE_2025-12-13_G14,10109998FERREIRAE,2025-12-13,111418,1,42,0,716.0
10109998FERREIRAE_2025-12-13_G16,10109998FERREIRAE,2025-12-13,118140,1,12,0,86.0
10109998FERREIRAE_2025-12-13_G17,10109998FERREIRAE,2025-12-13,140922,1,7,0,101.0
10109998FERREIRAE_2025-12-13_G18,10109998FERREIRAE,2025-12-13,117785,1,2,0,86.0
10109998FERREIRAE_2025-12-13_G19,10109998FERREIRAE,2025-12-13,105705,1,3,0,106.0
10109998FERREIRAE_2025-12-13_G20,10109998FERREIRAE,2025-12-13,110740,1,4,0,118.0
10109998FERREIRAE_2025-12-13_G21,10109998FERREIRAE,2025-12-13,111463,1,26,0,352.0
10109998FERREIRAE_2025-12-13_G22,10109998FERREIRAE,2025-12-13,111418,1,40,0,568.0
10109998FERREIRAE_2025-12-13_G23,10109998FERREIRAE,2025-12-13,111530,1,10,0,549.0
10109998FERREIRAE_2025-12-13_G25,10109998FERREIRAE,2025-12-13,109641,1,2,0,144.0
10109998FERREIRAE_2025-12-13_G26,10109998FERREIRAE,2025-12-13,117935,1,1,0,154.0
10109998FERREIRAE_2025-12-13_G27,10109998FERREIRAE,2025-12-13,111532,1,4,0,216.0
10109998FERREIRAE_2025-12-13_G28,10109998FERREIRAE,2025-12-13,118299,1,37,0,370.0
10109998FERREIRAE_2025-12-13_G29,10109998FERREIRAE,2025-12-13,160055,1,4,0,686.0
10109998FERREIRAE_2025-12-13_G30,10109998FERREIRAE,2025-12-13,117841,1,10,0,513.0
10109998FERREIRAE_2025-12-13_G31,10109998FERREIRAE,2025-12-13,117831,1,4,0,68.0
10109998FERREIRAE_2025-12-13_G32,10109998FERREIRAE,2025-12-13,141458,1,2,0,93.0
10109998FERREIRAE_2025-12-13_G33,10109998FERREIRAE,2025-12-13,160053,1,4,0,295.0
10109998FERREIRAE_2025-12-13_G34,10109998FERREIRAE,2025-12-13,160054,1,16,0,625.0
10109998FERREIRAE_2025-12-13_G35,10109998FERREIRAE,2025-12-13,111463,1,54,0,2186.0
10109998FERREIRAE_2025-12-13_G36,10109998FERREIRAE,2025-12-13,140922,1,66,0,1328.0
10109998FERREIRAE_2025-12-13_G37,10109998FERREIRAE,2025-12-13,109641,1,68,0,332.0
10109998FERREIRAE_2025-12-15_G02,10109998FERREIRAE,2025-12-15,109648,1,2,0,73.0
10109998FERREIRAE_2025-12-15_G03,10109998FERREIRAE,2025-12-15,110371,1,2,0,101.0
10109998FERREIRAE_2025-12-15_G04,10109998FERREIRAE,2025-12-15,117830,1,12,0,260.0
10109998FERREIRAE_2025-12-15_G05,10109998FERREIRAE,2025-12-15,118299,1,40,0,681.0
10109998FERREIRAE_2025-12-15_G06,10109998FERREIRAE,2025-12-15,110375,1,2,0,124.0
10109998FERREIRAE_2025-12-15_G07,10109998FERREIRAE,2025-12-15,110372,1,21,0,743.0
10109998FERREIRAE_2025-12-15_G08,10109998FERREIRAE,2025-12-15,117808,1,20,0,281.0
10109998FERREIRAE_2025-12-15_G09,10109998FERREIRAE,2025-12-15,110325,1,2,0,103.0
10109998FERREIRAE_2025-12-15_G10,10109998FERREIRAE,2025-12-15,140923,1,3,0,1642.0
10109998FERREIRAE_2025-12-15_G11,10109998FERREIRAE,2025-12-15,111602,1,5,0,98.0
10109998FERREIRAE_2025-12-15_G12,10109998FERREIRAE,2025-12-15,117788,1,1,0,1189.0
10109998FERREIRAE_2025-12-15_G13,10109998FERREIRAE,2025-12-15,117788,1,1,0,37.0
10109998FERREIRAE_2025-12-15_G14,10109998FERREIRAE,2025-12-15,117861,1,2,0,89.0
10109998FERREIRAE_2025-12-15_G15,10109998FERREIRAE,2025-12-15,117861,1,10,0,77.0
10109998FERREIRAE_2025-12-15_G16,10109998FERREIRAE,2025-12-15,140923,1,12,0,329.0
10109998FERREIRAE_2025-12-15_G17,10109998FERREIRAE,2025-12-15,110339,1,19,0,509.0
10109998FERREIRAE_2025-12-15_G18,10109998FERREIRAE,2025-12-15,141047,1,4,0,92.0
10109998FERREIRAE_2025-12-15_G19,10109998FERREIRAE,2025-12-15,117786,1,8,0,190.0
10109998FERREIRAE_2025-12-15_G20,10109998FERREIRAE,2025-12-15,110756,1,1,0,56.0
10109998FERREIRAE_2025-12-15_G21,10109998FERREIRAE,2025-12-15,110756,1,1,0,53.0
10109998FERREIRAE_2025-12-15_G22,10109998FERREIRAE,2025-12-15,109647,1,4,0,1449.0
10109998FERREIRAE_2025-12-15_G23,10109998FERREIRAE,2025-12-15,109647,1,2,0,41.0
10109998FERREIRAE_2025-12-15_G24,10109998FERREIRAE,2025-12-15,117855,1,20,0,272.0
10109998FERREIRAE_2025-12-15_G25,10109998FERREIRAE,2025-12-15,111467,1,8,0,121.0
10109998FERREIRAE_2025-12-15_G26,10109998FERREIRAE,2025-12-15,108772,1,9,0,234.0
10109998FERREIRAE_2025-12-15_G27,10109998FERREIRAE,2025-12-15,140923,1,48,0,1007.0
10109998FERREIRAE_2025-12-15_G28,10109998FERREIRAE,2025-12-15,140923,1,20,0,528.0
10109998FERREIRAE_2025-12-15_G29,10109998FERREIRAE,2025-12-15,111438,1,4,0,620.0
10109998FERREIRAE_2025-12-15_G30,10109998FERREIRAE,2025-12-15,110895,1,6,0,477.0
10109998FERREIRAE_2025-12-15_G31,10109998FERREIRAE,2025-12-15,110755,1,2,0,109.0
10109998FERREIRAE_2025-12-15_G33,10109998FERREIRAE,2025-12-15,111418,1,144,0,989.0
10109998FERREIRAE_2025-12-15_G34,10109998FERREIRAE,2025-12-15,117837,1,2,0,507.0
10109998FERREIRAE_2025-12-15_G35,10109998FERREIRAE,2025-12-15,117861,1,4,0,450.0
10109998FERREIRAE_2025-12-15_G36,10109998FERREIRAE,2025-12-15,140923,1,8,0,124.0
10109998FERREIRAE_2025-12-15_G37,10109998FERREIRAE,2025-12-15,117856,1,14,0,565.0
10109998FERREIRAE_2025-12-15_G38,10109998FERREIRAE,2025-12-15,117853,1,4,0,183.0
10109998FERREIRAE_2025-12-15_G39,10109998FERREIRAE,2025-12-15,107629,1,2,0,136.0
10109998FERREIRAE_2025-12-15_G40,10109998FERREIRAE,2025-12-15,111530,1,8,0,111.0
10109998FERREIRAE_2025-12-15_G41,10109998FERREIRAE,2025-12-15,111530,1,2,0,35.0
10109998FERREIRAE_2025-12-15_G42,10109998FERREIRAE,2025-12-15,141352,1,4,0,112.0
10109998FERREIRAE_2025-12-15_G43,10109998FERREIRAE,2025-12-15,117855,1,8,0,709.0
10109998FERREIRAE_2025-12-15_G44,10109998FERREIRAE,2025-12-15,111467,1,3,0,147.0
10109998FERREIRAE_2025-12-15_G45,10109998FERREIRAE,2025-12-15,109640,1,4,0,96.0
10109998FERREIRAE_2025-12-15_G46,10109998FERREIRAE,2025-12-15,110748,1,2,0,841.0
10109998FERREIRAE_2025-12-15_G47,10109998FERREIRAE,2025-12-15,111462,1,12,0,184.0
10109998FERREIRAE_2025-12-15_G48,10109998FERREIRAE,2025-12-15,109645,1,3,0,302.0
10109998FERREIRAE_2025-12-15_G49,10109998FERREIRAE,2025-12-15,141456,1,8,0,357.0
10109998FERREIRAE_2025-12-15_G50,10109998FERREIRAE,2025-12-15,110745,1,4,0,185.0
10109998FERREIRAE_2025-12-15_G51,10109998FERREIRAE,2025-12-15,160055,1,4,0,122.0
10109998FERREIRAE_2025-12-15_G52,10109998FERREIRAE,2025-12-15,108794,1,2,0,82.0
10109998FERREIRAE_2025-12-15_G53,10109998FERREIRAE,2025-12-15,109641,1,4,0,104.0
10109998FERREIRAE_2025-12-15_G54,10109998FERREIRAE,2025-12-15,105705,1,4,0,128.0
10109998FERREIRAE_2025-12-15_G55,10109998FERREIRAE,2025-12-15,118223,1,2,0,104.0
10109998FERREIRAE_2025-12-15_G56,10109998FERREIRAE,2025-12-15,117831,1,4,0,206.0
10109998FERREIRAE_2025-12-15_G57,10109998FERREIRAE,2025-12-15,111443,1,4,0,160.0
10109998FERREIRAE_2025-12-15_G58,10109998FERREIRAE,2025-12-15,111348,1,2,0,369.0
10109998FERREIRAE_2025-12-15_G59,10109998FERREIRAE,2025-12-15,111438,1,4,0,1427.0
10109998FERREIRAE_2025-12-15_G60,10109998FERREIRAE,2025-12-15,110746,1,2,0,104.0
10109998FERREIRAE_2025-12-15_G61,10109998FERREIRAE,2025-12-15,100334,1,1,0,104.0
10109998FERREIRAE_2025-12-15_G62,10109998FERREIRAE,2025-12-15,110747,1,4,0,113.0
10109998FERREIRAE_2025-12-15_G63,10109998FERREIRAE,2025-12-15,108772,1,4,0,163.0
10109998FERREIRAE_2025-12-16_G02,10109998FERREIRAE,2025-12-16,110112,1,6,0,135.0
10109998FERREIRAE_2025-12-16_G03,10109998FERREIRAE,2025-12-16,110711,2,12,30,140.0
10109998FERREIRAE_2025-12-16_G04,10109998FERREIRAE,2025-12-16,140922,1,10,0,168.0
10109998FERREIRAE_2025-12-16_G05,10109998FERREIRAE,2025-12-16,108711,1,8,0,158.0
10109998FERREIRAE_2025-12-16_G06,10109998FERREIRAE,2025-12-16,141823,1,4,0,281.0
10109998FERREIRAE_2025-12-16_G07,10109998FERREIRAE,2025-12-16,118140,1,4,0,121.0
10109998FERREIRAE_2025-12-16_G08,10109998FERREIRAE,2025-12-16,140923,1,8,0,903.0
10109998FERREIRAE_2025-12-16_G09,10109998FERREIRAE,2025-12-16,108711,1,4,0,202.0
10109998FERREIRAE_2025-12-16_G10,10109998FERREIRAE,2025-12-16,118140,1,8,0,131.0
10109998FERREIRAE_2025-12-16_G11,10109998FERREIRAE,2025-12-16,117808,1,4,0,165.0
10109998FERREIRAE_2025-12-16_G12,10109998FERREIRAE,2025-12-16,110733,1,4,0,334.0
10109998FERREIRAE_2025-12-16_G13,10109998FERREIRAE,2025-12-16,110711,1,8,0,143.0
10109998FERREIRAE_2025-12-16_G14,10109998FERREIRAE,2025-12-16,111466,1,8,0,216.0
10109998FERREIRAE_2025-12-16_G15,10109998FERREIRAE,2025-12-16,117831,1,8,0,765.0
10109998FERREIRAE_2025-12-16_G16,10109998FERREIRAE,2025-12-16,117836,1,2,0,1047.0
10109998FERREIRAE_2025-12-16_G17,10109998FERREIRAE,2025-12-16,111463,1,8,0,101.0
10109998FERREIRAE_2025-12-16_G18,10109998FERREIRAE,2025-12-16,140922,1,12,0,98.0
10109998FERREIRAE_2025-12-16_G19,10109998FERREIRAE,2025-12-16,140922,1,12,0,94.0
10109998FERREIRAE_2025-12-16_G20,10109998FERREIRAE,2025-12-16,117785,1,4,0,96.0
10109998FERREIRAE_2025-12-16_G21,10109998FERREIRAE,2025-12-16,111431,1,2,0,160.0
10109998FERREIRAE_2025-12-16_G22,10109998FERREIRAE,2025-12-16,111569,1,8,0,481.0
10109998FERREIRAE_2025-12-16_G23,10109998FERREIRAE,2025-12-16,117862,1,4,0,502.0
10109998FERREIRAE_2025-12-16_G24,10109998FERREIRAE,2025-12-16,117830,1,8,0,85.0
10109998FERREIRAE_2025-12-16_G25,10109998FERREIRAE,2025-12-16,110373,1,50,0,630.0
10109998FERREIRAE_2025-12-16_G26,10109998FERREIRAE,2025-12-16,118299,1,60,0,736.0
10109998FERREIRAE_2025-12-16_G27,10109998FERREIRAE,2025-12-16,110711,1,4,0,375.0
10109998FERREIRAE_2025-12-16_G28,10109998FERREIRAE,2025-12-16,111602,1,36,0,465.0
10109998FERREIRAE_2025-12-16_G29,10109998FERREIRAE,2025-12-16,111569,1,4,0,389.0
10109998FERREIRAE_2025-12-16_G30,10109998FERREIRAE,2025-12-16,109640,1,2,0,137.0
10109998FERREIRAE_2025-12-16_G31,10109998FERREIRAE,2025-12-16,111443,1,2,0,173.0
10109998FERREIRAE_2025-12-16_G33,10109998FERREIRAE,2025-12-16,110374,1,15,0,84.0
10109998FERREIRAE_2025-12-16_G34,10109998FERREIRAE,2025-12-16,117809,1,10,0,102.0
10109998FERREIRAE_2025-12-16_G35,10109998FERREIRAE,2025-12-16,110371,1,40,0,608.0
10109998FERREIRAE_2025-12-16_G36,10109998FERREIRAE,2025-12-16,160051,1,2,0,136.0
10109998FERREIRAE_2025-12-16_G37,10109998FERREIRAE,2025-12-16,160051,1,2,0,35.0
10109998FERREIRAE_2025-12-16_G38,10109998FERREIRAE,2025-12-16,110372,1,10,0,371.0
10109998FERREIRAE_2025-12-16_G39,10109998FERREIRAE,2025-12-16,110372,1,20,0,322.0
10109998FERREIRAE_2025-12-16_G40,10109998FERREIRAE,2025-12-16,109643,1,4,0,156.0
10109998FERREIRAE_2025-12-16_G41,10109998FERREIRAE,2025-12-16,117808,1,116,0,472.0
10109998FERREIRAE_2025-12-16_G42,10109998FERREIRAE,2025-12-16,117808,1,50,0,123.0
10109998FERREIRAE_2025-12-16_G43,10109998FERREIRAE,2025-12-16,117808,1,30,0,63.0
10109998FERREIRAE_2025-12-16_G44,10109998FERREIRAE,2025-12-16,117808,1,50,0,69.0
10109998FERREIRAE_2025-12-16_G45,10109998FERREIRAE,2025-12-16,117808,1,30,0,119.0
10109998FERREIRAE_2025-12-16_G46,10109998FERREIRAE,2025-12-16,117808,1,30,0,169.0
10109998FERREIRAE_2025-12-16_G47,10109998FERREIRAE,2025-12-16,117808,1,100,0,434.0
10109998FERREIRAE_2025-12-16_G48,10109998FERREIRAE,2025-12-16,117808,1,50,0,158.0
10109998FERREIRAE_2025-12-16_G50,10109998FERREIRAE,2025-12-16,117935,1,9,0,143.0
10109998FERREIRAE_2025-12-16_G51,10109998FERREIRAE,2025-12-16,111602,1,40,0,416.0
10109998FERREIRAE_2025-12-16_G52,10109998FERREIRAE,2025-12-16,117808,1,500,0,1346.0
10109998FERREIRAE_2025-12-17_G02,10109998FERREIRAE,2025-12-17,111602,1,5,0,260.0
10109998FERREIRAE_2025-12-17_G03,10109998FERREIRAE,2025-12-17,140911,1,12,0,328.0
10109998FERREIRAE_2025-12-17_G04,10109998FERREIRAE,2025-12-17,111743,1,100,0,1239.0
10109998FERREIRAE_2025-12-17_G05,10109998FERREIRAE,2025-12-17,141456,1,100,0,557.0
10109998FERREIRAE_2025-12-17_G06,10109998FERREIRAE,2025-12-17,110371,1,400,0,1278.0
10109998FERREIRAE_2025-12-17_G07,10109998FERREIRAE,2025-12-17,117832,1,100,0,355.0
10109998FERREIRAE_2025-12-17_G08,10109998FERREIRAE,2025-12-17,118253,1,11,0,1145.0
10109998FERREIRAE_2025-12-17_G09,10109998FERREIRAE,2025-12-17,111569,1,20,0,844.0
10109998FERREIRAE_2025-12-17_G10,10109998FERREIRAE,2025-12-17,110895,1,50,0,563.0
10109998FERREIRAE_2025-12-17_G11,10109998FERREIRAE,2025-12-17,100334,1,8,0,454.0
10109998FERREIRAE_2025-12-17_G13,10109998FERREIRAE,2025-12-17,110755,1,2,0,536.0
10109998FERREIRAE_2025-12-17_G14,10109998FERREIRAE,2025-12-17,141916,1,2,0,130.0
10109998FERREIRAE_2025-12-17_G15,10109998FERREIRAE,2025-12-17,117861,1,4,0,113.0
10109998FERREIRAE_2025-12-17_G16,10109998FERREIRAE,2025-12-17,117856,1,1,0,64.0
10109998FERREIRAE_2025-12-17_G17,10109998FERREIRAE,2025-12-17,117855,1,1,0,126.0
10109998FERREIRAE_2025-12-17_G18,10109998FERREIRAE,2025-12-17,117838,1,2,0,148.0
10109998FERREIRAE_2025-12-17_G19,10109998FERREIRAE,2025-12-17,108711,1,3,0,483.0
10109998FERREIRAE_2025-12-17_G20,10109998FERREIRAE,2025-12-17,111468,1,3,0,200.0
10109998FERREIRAE_2025-12-17_G21,10109998FERREIRAE,2025-12-17,118299,1,14,0,176.0
10109998FERREIRAE_2025-12-17_G22,10109998FERREIRAE,2025-12-17,110373,1,4,0,120.0
10109998FERREIRAE_2025-12-17_G23,10109998FERREIRAE,2025-12-17,111441,1,4,0,386.0
10109998FERREIRAE_2025-12-17_G24,10109998FERREIRAE,2025-12-17,117837,1,4,0,297.0
10109998FERREIRAE_2025-12-17_G25,10109998FERREIRAE,2025-12-17,116241,1,6,0,284.0
10109998FERREIRAE_2025-12-17_G26,10109998FERREIRAE,2025-12-17,110745,1,4,0,160.0
10109998FERREIRAE_2025-12-17_G27,10109998FERREIRAE,2025-12-17,107236,1,8,0,228.0
10109998FERREIRAE_2025-12-17_G28,10109998FERREIRAE,2025-12-17,110740,1,4,0,109.0
10109998FERREIRAE_2025-12-17_G29,10109998FERREIRAE,2025-12-17,118222,1,9,0,552.0
10109998FERREIRAE_2025-12-17_G30,10109998FERREIRAE,2025-12-17,117935,1,1,0,2628.0
10109998FERREIRAE_2025-12-17_G31,10109998FERREIRAE,2025-12-17,117861,1,4,0,57.0
10109998FERREIRAE_2025-12-17_G32,10109998FERREIRAE,2025-12-17,140923,1,12,0,125.0
10109998FERREIRAE_2025-12-17_G33,10109998FERREIRAE,2025-12-17,141047,1,4,0,132.0
10109998FERREIRAE_2025-12-17_G34,10109998FERREIRAE,2025-12-17,110752,1,4,0,135.0
10109998FERREIRAE_2025-12-17_G35,10109998FERREIRAE,2025-12-17,110711,1,4,0,306.0
10109998FERREIRAE_2025-12-17_G36,10109998FERREIRAE,2025-12-17,110373,1,1,0,180.0
10109998FERREIRAE_2025-12-17_G37,10109998FERREIRAE,2025-12-17,109640,1,1,0,188.0
10109998FERREIRAE_2025-12-18_G02,10109998FERREIRAE,2025-12-18,117862,1,4,0,126.0
10109998FERREIRAE_2025-12-18_G03,10109998FERREIRAE,2025-12-18,111467,1,8,0,476.0
10109998FERREIRAE_2025-12-18_G04,10109998FERREIRAE,2025-12-18,110373,1,20,0,256.0
10109998FERREIRAE_2025-12-18_G05,10109998FERREIRAE,2025-12-18,117862,1,46,0,731.0
10109998FERREIRAE_2025-12-18_G06,10109998FERREIRAE,2025-12-18,111418,1,4,0,983.0
10109998FERREIRAE_2025-12-18_G07,10109998FERREIRAE,2025-12-18,108711,1,4,0,130.0
10109998FERREIRAE_2025-12-18_G08,10109998FERREIRAE,2025-12-18,141823,1,4,0,78.0
10109998FERREIRAE_2025-12-18_G09,10109998FERREIRAE,2025-12-18,118140,1,4,0,102.0
10109998FERREIRAE_2025-12-18_G10,10109998FERREIRAE,2025-12-18,118299,1,4,0,300.0
10109998FERREIRAE_2025-12-18_G11,10109998FERREIRAE,2025-12-18,111530,1,5,0,637.0
10109998FERREIRAE_2025-12-18_G12,10109998FERREIRAE,2025-12-18,111418,1,20,0,697.0
10109998FERREIRAE_2025-12-18_G13,10109998FERREIRAE,2025-12-18,110373,1,10,0,180.0
10109998FERREIRAE_2025-12-18_G14,10109998FERREIRAE,2025-12-18,117808,1,30,0,526.0
10109998FERREIRAE_2025-12-18_G15,10109998FERREIRAE,2025-12-18,118299,1,20,0,468.0
10109998FERREIRAE_2025-12-18_G16,10109998FERREIRAE,2025-12-18,110374,1,4,0,1068.0
10109998FERREIRAE_2025-12-18_G17,10109998FERREIRAE,2025-12-18,117822,1,1,0,88.0
10109998FERREIRAE_2025-12-18_G18,10109998FERREIRAE,2025-12-18,117830,1,6,0,140.0
10109998FERREIRAE_2025-12-18_G19,10109998FERREIRAE,2025-12-18,117830,1,4,0,69.0
10109998FERREIRAE_2025-12-18_G20,10109998FERREIRAE,2025-12-18,109643,1,4,0,809.0
10109998FERREIRAE_2025-12-18_G21,10109998FERREIRAE,2025-12-18,110373,1,7,0,173.0
10109998FERREIRAE_2025-12-18_G22,10109998FERREIRAE,2025-12-18,110373,1,12,0,95.0
10109998FERREIRAE_2025-12-18_G23,10109998FERREIRAE,2025-12-18,160054,1,2,0,110.0
10109998FERREIRAE_2025-12-18_G24,10109998FERREIRAE,2025-12-18,117856,1,4,0,161.0
10109998FERREIRAE_2025-12-18_G25,10109998FERREIRAE,2025-12-18,111602,1,1,0,57.0
10109998FERREIRAE_2025-12-18_G26,10109998FERREIRAE,2025-12-18,107629,1,1,0,77.0
10109998FERREIRAE_2025-12-18_G27,10109998FERREIRAE,2025-12-18,111467,1,4,0,127.0
10109998FERREIRAE_2025-12-18_G28,10109998FERREIRAE,2025-12-18,110711,1,3,0,2385.0
10109998FERREIRAE_2025-12-18_G29,10109998FERREIRAE,2025-12-18,111418,1,7,0,213.0
10109998FERREIRAE_2025-12-18_G30,10109998FERREIRAE,2025-12-18,111743,1,6,0,79.0
10109998FERREIRAE_2025-12-18_G31,10109998FERREIRAE,2025-12-18,105705,1,1,0,81.0
10109998FERREIRAE_2025-12-18_G32,10109998FERREIRAE,2025-12-18,160057,1,2,0,372.0
10109998FERREIRAE_2025-12-18_G34,10109998FERREIRAE,2025-12-18,117862,1,1,0,369.0
10109998FERREIRAE_2025-12-18_G35,10109998FERREIRAE,2025-12-18,111467,1,4,0,63.0
10109998FERREIRAE_2025-12-18_G36,10109998FERREIRAE,2025-12-18,110711,1,8,0,100.0
10109998FERREIRAE_2025-12-18_G37,10109998FERREIRAE,2025-12-18,118317,1,4,0,363.0
10109998FERREIRAE_2025-12-18_G38,10109998FERREIRAE,2025-12-18,110745,1,3,0,109.0
10109998FERREIRAE_2025-12-18_G39,10109998FERREIRAE,2025-12-18,117830,1,1,0,126.0
10109998FERREIRAE_2025-12-18_G40,10109998FERREIRAE,2025-12-18,111532,1,38,0,2019.0
10109998FERREIRAE_2025-12-18_G41,10109998FERREIRAE,2025-12-18,109641,1,10,0,877.0
10109998FERREIRAE_2025-12-18_G42,10109998FERREIRAE,2025-12-18,109645,1,1,0,119.0
10109998FERREIRAE_2025-12-18_G43,10109998FERREIRAE,2025-12-18,141202,1,5,0,236.0
10109998FERREIRAE_2025-12-18_G44,10109998FERREIRAE,2025-12-18,140922,1,13,0,178.0
10109998FERREIRAE_2025-12-18_G45,10109998FERREIRAE,2025-12-18,111418,1,37,0,657.0
10109998FERREIRAE_2025-12-18_G46,10109998FERREIRAE,2025-12-18,111441,1,14,0,275.0
10109998FERREIRAE_2025-12-18_G47,10109998FERREIRAE,2025-12-18,117835,1,2,0,95.0
10109998FERREIRAE_2025-12-18_G48,10109998FERREIRAE,2025-12-18,118222,1,22,0,493.0
10109998FERREIRAE_2025-12-18_G49,10109998FERREIRAE,2025-12-18,111438,1,1,0,223.0
10109998FERREIRAE_2025-12-18_G50,10109998FERREIRAE,2025-12-18,111569,1,16,0,223.0
10109998FERREIRAE_2025-12-18_G51,10109998FERREIRAE,2025-12-18,110895,1,11,0,175.0
10109998FERREIRAE_2025-12-19_G02,10109998FERREIRAE,2025-12-19,117809,1,24,0,484.0
10109998FERREIRAE_2025-12-19_G03,10109998FERREIRAE,2025-12-19,117822,1,12,0,133.0
10109998FERREIRAE_2025-12-19_G04,10109998FERREIRAE,2025-12-19,117830,1,36,0,451.0
10109998FERREIRAE_2025-12-19_G05,10109998FERREIRAE,2025-12-19,117830,1,12,0,140.0
10109998FERREIRAE_2025-12-19_G06,10109998FERREIRAE,2025-12-19,117830,1,84,0,567.0
10109998FERREIRAE_2025-12-19_G07,10109998FERREIRAE,2025-12-19,117832,1,50,0,660.0
10109998FERREIRAE_2025-12-19_G08,10109998FERREIRAE,2025-12-19,118299,1,200,0,293.0
10109998FERREIRAE_2025-12-19_G09,10109998FERREIRAE,2025-12-19,110374,1,4,0,2648.0
10109998FERREIRAE_2025-12-19_G10,10109998FERREIRAE,2025-12-19,110372,1,4,0,151.0
10109998FERREIRAE_2025-12-19_G11,10109998FERREIRAE,2025-12-19,110372,1,8,0,51.0
10109998FERREIRAE_2025-12-19_G12,10109998FERREIRAE,2025-12-19,110371,1,3,0,134.0
10109998FERREIRAE_2025-12-19_G13,10109998FERREIRAE,2025-12-19,110371,1,10,0,77.0
10109998FERREIRAE_2025-12-19_G14,10109998FERREIRAE,2025-12-19,117830,1,8,0,127.0
10109998FERREIRAE_2025-12-19_G15,10109998FERREIRAE,2025-12-19,117830,1,4,0,33.0
10109998FERREIRAE_2025-12-19_G16,10109998FERREIRAE,2025-12-19,117832,1,2,0,370.0
10109998FERREIRAE_2025-12-19_G17,10109998FERREIRAE,2025-12-19,110375,1,1,0,190.0
10109998FERREIRAE_2025-12-19_G18,10109998FERREIRAE,2025-12-19,109643,1,4,0,275.0
10109998FERREIRAE_2025-12-19_G19,10109998FERREIRAE,2025-12-19,109643,1,4,0,33.0
10109998FERREIRAE_2025-12-19_G20,10109998FERREIRAE,2025-12-19,117808,1,16,0,168.0
10109998FERREIRAE_2025-12-19_G21,10109998FERREIRAE,2025-12-19,117808,1,4,0,37.0
10109998FERREIRAE_2025-12-19_G22,10109998FERREIRAE,2025-12-19,100334,1,8,0,437.0
10109998FERREIRAE_2025-12-19_G23,10109998FERREIRAE,2025-12-19,111463,1,4,0,888.0
10109998FERREIRAE_2025-12-19_G24,10109998FERREIRAE,2025-12-19,141456,1,4,0,113.0
10109998FERREIRAE_2025-12-19_G25,10109998FERREIRAE,2025-12-19,111743,1,4,0,59.0
10109998FERREIRAE_2025-12-19_G26,10109998FERREIRAE,2025-12-19,108798,1,4,0,388.0
10109998FERREIRAE_2025-12-19_G27,10109998FERREIRAE,2025-12-19,141457,1,6,0,122.0
10109998FERREIRAE_2025-12-19_G28,10109998FERREIRAE,2025-12-19,111441,1,2,0,211.0
10109998FERREIRAE_2025-12-19_G29,10109998FERREIRAE,2025-12-19,117935,1,2,0,102.0
10109998FERREIRAE_2025-12-19_G30,10109998FERREIRAE,2025-12-19,111172,1,2,0,611.0
10109998FERREIRAE_2025-12-19_G31,10109998FERREIRAE,2025-12-19,117808,1,10,0,186.0
10109998FERREIRAE_2025-12-20_G02,10109998FERREIRAE,2025-12-20,110373,1,43,0,613.0
10109998FERREIRAE_2025-12-22_G02,10109998FERREIRAE,2025-12-22,108794,1,5,0,64.0
10109998FERREIRAE_2025-12-22_G03,10109998FERREIRAE,2025-12-22,108794,1,6,0,69.0
10109998FERREIRAE_2025-12-22_G04,10109998FERREIRAE,2025-12-22,108794,1,10,0,537.0
10109998FERREIRAE_2025-12-22_G05,10109998FERREIRAE,2025-12-22,140922,1,10,0,684.0
10109998FERREIRAE_2025-12-22_G06,10109998FERREIRAE,2025-12-22,111418,1,52,0,687.0
10109998FERREIRAE_2025-12-22_G07,10109998FERREIRAE,2025-12-22,111418,1,8,0,100.0
10109998FERREIRAE_2025-12-22_G08,10109998FERREIRAE,2025-12-22,111418,1,2,0,46.0
10109998FERREIRAE_2025-12-22_G09,10109998FERREIRAE,2025-12-22,111418,1,40,0,494.0
10109998FERREIRAE_2025-12-22_G10,10109998FERREIRAE,2025-12-22,117785,1,10,0,888.0
10109998FERREIRAE_2025-12-22_G11,10109998FERREIRAE,2025-12-22,111172,1,6,0,651.0
10109998FERREIRAE_2025-12-22_G12,10109998FERREIRAE,2025-12-22,111172,1,4,0,1491.0
10109998FERREIRAE_2025-12-22_G13,10109998FERREIRAE,2025-12-22,141823,1,6,0,76.0
10109998FERREIRAE_2025-12-22_G14,10109998FERREIRAE,2025-12-22,111444,1,8,0,179.0
10109998FERREIRAE_2025-12-22_G15,10109998FERREIRAE,2025-12-22,108711,1,10,0,85.0
10109998FERREIRAE_2025-12-22_G16,10109998FERREIRAE,2025-12-22,107236,1,10,0,177.0
10109998FERREIRAE_2025-12-22_G17,10109998FERREIRAE,2025-12-22,118140,1,20,0,210.0
10109998FERREIRAE_2025-12-22_G18,10109998FERREIRAE,2025-12-22,117787,1,10,0,155.0
10109998FERREIRAE_2025-12-22_G19,10109998FERREIRAE,2025-12-22,111466,2,16,9,335.0
10109998FERREIRAE_2025-12-22_G20,10109998FERREIRAE,2025-12-22,117821,1,10,0,103.0
10109998FERREIRAE_2025-12-22_G21,10109998FERREIRAE,2025-12-22,141458,1,10,0,163.0
10109998FERREIRAE_2025-12-22_G22,10109998FERREIRAE,2025-12-22,141458,1,5,0,69.0
10109998FERREIRAE_2025-12-22_G23,10109998FERREIRAE,2025-12-22,108794,1,4,0,426.0
10109998FERREIRAE_2025-12-22_G24,10109998FERREIRAE,2025-12-22,117831,1,5,0,249.0
10109998FERREIRAE_2025-12-22_G25,10109998FERREIRAE,2025-12-22,110129,1,5,0,239.0
10109998FERREIRAE_2025-12-22_G27,10109998FERREIRAE,2025-12-22,111530,1,10,0,3140.0
10109998FERREIRAE_2025-12-22_G28,10109998FERREIRAE,2025-12-22,140922,1,4,0,191.0
10109998FERREIRAE_2025-12-22_G29,10109998FERREIRAE,2025-12-22,109641,1,20,0,432.0
10109998FERREIRAE_2025-12-23_G02,10109998FERREIRAE,2025-12-23,111441,1,8,0,1849.0
10109998FERREIRAE_2025-12-23_G03,10109998FERREIRAE,2025-12-23,111330,1,10,0,390.0
10109998FERREIRAE_2025-12-23_G04,10109998FERREIRAE,2025-12-23,117833,1,8,0,360.0
10109998FERREIRAE_2025-12-23_G05,10109998FERREIRAE,2025-12-23,118299,1,497,0,1586.0
10109998FERREIRAE_2025-12-23_G06,10109998FERREIRAE,2025-12-23,109647,1,2,0,1695.0
10109998FERREIRAE_2025-12-23_G07,10109998FERREIRAE,2025-12-23,118094,1,10,0,1783.0
10109998FERREIRAE_2025-12-23_G08,10109998FERREIRAE,2025-12-23,117935,1,2,0,123.0
10109998FERREIRAE_2025-12-23_G09,10109998FERREIRAE,2025-12-23,140957,1,6,0,736.0
10109998FERREIRAE_2025-12-23_G10,10109998FERREIRAE,2025-12-23,118298,1,2,0,151.0
10109998FERREIRAE_2025-12-23_G11,10109998FERREIRAE,2025-12-23,141066,2,6,28,88.0
10109998FERREIRAE_2025-12-23_G12,10109998FERREIRAE,2025-12-23,141047,1,2,0,61.0
10109998FERREIRAE_2025-12-23_G13,10109998FERREIRAE,2025-12-23,141047,1,5,0,55.0
10109998FERREIRAE_2025-12-23_G14,10109998FERREIRAE,2025-12-23,117786,1,8,0,117.0
10109998FERREIRAE_2025-12-23_G15,10109998FERREIRAE,2025-12-23,117786,1,3,0,114.0
10109998FERREIRAE_2025-12-23_G16,10109998FERREIRAE,2025-12-23,141352,1,4,0,105.0
10109998FERREIRAE_2025-12-23_G17,10109998FERREIRAE,2025-12-23,117862,1,2,0,396.0
10109998FERREIRAE_2025-12-23_G18,10109998FERREIRAE,2025-12-23,117862,1,7,0,106.0
10109998FERREIRAE_2025-12-23_G19,10109998FERREIRAE,2025-12-23,109640,1,8,0,882.0
10109998FERREIRAE_2025-12-23_G20,10109998FERREIRAE,2025-12-23,117856,2,44,7,534.0
10109998FERREIRAE_2025-12-23_G22,10109998FERREIRAE,2025-12-23,110372,1,117,0,658.0
10109998FERREIRAE_2025-12-23_G23,10109998FERREIRAE,2025-12-23,117808,1,48,0,366.0
10109998FERREIRAE_2025-12-23_G24,10109998FERREIRAE,2025-12-23,111462,1,8,0,1983.0
10109998FERREIRAE_2025-12-23_G25,10109998FERREIRAE,2025-12-23,110751,1,1,0,191.0
10109998FERREIRAE_2025-12-23_G26,10109998FERREIRAE,2025-12-23,117785,1,4,0,87.0
10109998FERREIRAE_2025-12-23_G27,10109998FERREIRAE,2025-12-23,111182,1,2,0,90.0
10109998FERREIRAE_2025-12-23_G28,10109998FERREIRAE,2025-12-23,111182,1,2,0,52.0
10109998FERREIRAE_2025-12-23_G29,10109998FERREIRAE,2025-12-23,110787,1,4,0,124.0
10109998FERREIRAE_2025-12-23_G30,10109998FERREIRAE,2025-12-23,111463,1,2,0,79.0
10109998FERREIRAE_2025-12-23_G31,10109998FERREIRAE,2025-12-23,111444,1,4,0,220.0
10109998FERREIRAE_2025-12-23_G32,10109998FERREIRAE,2025-12-23,107236,1,2,0,60.0
10109998FERREIRAE_2025-12-23_G33,10109998FERREIRAE,2025-12-23,118140,1,1,0,42.0
10109998FERREIRAE_2025-12-23_G34,10109998FERREIRAE,2025-12-23,141457,1,2,0,54.0
10109998FERREIRAE_2025-12-23_G35,10109998FERREIRAE,2025-12-23,141458,1,1,0,105.0
10109998FERREIRAE_2025-12-23_G36,10109998FERREIRAE,2025-12-23,111530,1,2,0,410.0
10109998FERREIRAE_2025-12-23_G37,10109998FERREIRAE,2025-12-23,118094,1,2,0,201.0
10109998FERREIRAE_2025-12-23_G38,10109998FERREIRAE,2025-12-23,140923,1,1,0,83.0
10109998FERREIRAE_2025-12-23_G39,10109998FERREIRAE,2025-12-23,117856,1,2,0,56.0
10109998FERREIRAE_2025-12-23_G40,10109998FERREIRAE,2025-12-23,118298,1,4,0,135.0
10109998FERREIRAE_2025-12-23_G41,10109998FERREIRAE,2025-12-23,117786,1,1,0,87.0
10109998FERREIRAE_2025-12-23_G42,10109998FERREIRAE,2025-12-23,117862,1,2,0,115.0
10109998FERREIRAE_2025-12-23_G43,10109998FERREIRAE,2025-12-23,111438,1,4,0,224.0
10109998FERREIRAE_2025-12-23_G44,10109998FERREIRAE,2025-12-23,111430,1,6,0,399.0
10109998FERREIRAE_2025-12-23_G45,10109998FERREIRAE,2025-12-23,110895,1,4,0,159.0
10109998FERREIRAE_2025-12-23_G46,10109998FERREIRAE,2025-12-23,116527,1,4,0,148.0
10109998FERREIRAE_2025-12-23_G47,10109998FERREIRAE,2025-12-23,110747,1,2,0,154.0
10109998FERREIRAE_2025-12-23_G48,10109998FERREIRAE,2025-12-23,110787,1,4,0,401.0
10109998FERREIRAE_2025-12-23_G49,10109998FERREIRAE,2025-12-23,140922,1,10,0,877.0
10109998FERREIRAE_2025-12-23_G50,10109998FERREIRAE,2025-12-23,110743,1,2,0,74.0
10109998FERREIRAE_2025-12-23_G51,10109998FERREIRAE,2025-12-23,110787,1,4,0,470.0
10109998FERREIRAE_2025-12-23_G52,10109998FERREIRAE,2025-12-23,111463,1,6,0,145.0
10109998FERREIRAE_2025-12-23_G53,10109998FERREIRAE,2025-12-23,118140,1,10,0,212.0
10109998FERREIRAE_2025-12-23_G54,10109998FERREIRAE,2025-12-23,110740,1,4,0,119.0
10109998FERREIRAE_2025-12-23_G55,10109998FERREIRAE,2025-12-23,111466,1,6,0,222.0
10109998FERREIRAE_2025-12-23_G56,10109998FERREIRAE,2025-12-23,117821,1,2,0,345.0
10109998FERREIRAE_2025-12-23_G57,10109998FERREIRAE,2025-12-23,110581,1,2,0,431.0
10109998FERREIRAE_2025-12-23_G58,10109998FERREIRAE,2025-12-23,141047,1,4,0,345.0
10109998FERREIRAE_2025-12-23_G59,10109998FERREIRAE,2025-12-23,110747,1,1,0,180.0
10109998FERREIRAE_2025-12-23_G60,10109998FERREIRAE,2025-12-23,140911,1,2,0,271.0
10109998FERREIRAE_2025-12-23_G61,10109998FERREIRAE,2025-12-23,111468,1,1,0,138.0
10109998FERREIRAE_2025-12-26_G02,10109998FERREIRAE,2025-12-26,117808,1,50,0,887.0
10109998FERREIRAE_2025-12-26_G03,10109998FERREIRAE,2025-12-26,111330,1,7,0,1465.0
10109998FERREIRAE_2025-12-26_G04,10109998FERREIRAE,2025-12-26,111530,1,22,0,552.0
10109998FERREIRAE_2025-12-26_G05,10109998FERREIRAE,2025-12-26,108772,1,2,0,650.0
10109998FERREIRAE_2025-12-26_G06,10109998FERREIRAE,2025-12-26,110711,1,3,0,163.0
10109998FERREIRAE_2025-12-26_G07,10109998FERREIRAE,2025-12-26,111434,1,50,0,949.0
10109998FERREIRAE_2025-12-26_G08,10109998FERREIRAE,2025-12-26,107830,1,42,0,710.0
10109998FERREIRAE_2025-12-26_G09,10109998FERREIRAE,2025-12-26,110787,1,8,0,691.0
10109998FERREIRAE_2025-12-26_G10,10109998FERREIRAE,2025-12-26,110742,1,2,0,115.0
10109998FERREIRAE_2025-12-26_G11,10109998FERREIRAE,2025-12-26,111602,1,3,0,225.0
10109998FERREIRAE_2025-12-26_G12,10109998FERREIRAE,2025-12-26,110325,1,4,0,201.0
10109998FERREIRAE_2025-12-26_G13,10109998FERREIRAE,2025-12-26,110787,1,5,0,555.0
10109998FERREIRAE_2025-12-26_G14,10109998FERREIRAE,2025-12-26,111430,1,4,0,942.0
10109998FERREIRAE_2025-12-26_G15,10109998FERREIRAE,2025-12-26,117935,1,4,0,85.0
10109998FERREIRAE_2025-12-26_G16,10109998FERREIRAE,2025-12-26,111602,1,10,0,191.0
10109998FERREIRAE_2025-12-26_G17,10109998FERREIRAE,2025-12-26,111602,1,5,0,106.0
10109998FERREIRAE_2025-12-26_G19,10109998FERREIRAE,2025-12-26,107888,1,10,0,348.0
10109998FERREIRAE_2025-12-26_G20,10109998FERREIRAE,2025-12-26,110841,1,2,0,247.0
10109998FERREIRAE_2025-12-26_G21,10109998FERREIRAE,2025-12-26,118417,1,1,0,85.0
10109998FERREIRAE_2025-12-26_G22,10109998FERREIRAE,2025-12-26,141286,1,2,0,335.0
10109998FERREIRAE_2025-12-26_G23,10109998FERREIRAE,2025-12-26,141035,1,10,0,387.0
10109998FERREIRAE_2025-12-26_G24,10109998FERREIRAE,2025-12-26,140923,1,100,0,660.0
10109998FERREIRAE_2025-12-26_G25,10109998FERREIRAE,2025-12-26,140923,1,20,0,214.0
10109998FERREIRAE_2025-12-26_G26,10109998FERREIRAE,2025-12-26,117862,1,140,0,558.0
10109998FERREIRAE_2025-12-26_G27,10109998FERREIRAE,2025-12-26,106860,1,1,0,398.0
10109998FERREIRAE_2025-12-26_G28,10109998FERREIRAE,2025-12-26,111530,2,40,27,621.0
10109998FERREIRAE_2025-12-26_G29,10109998FERREIRAE,2025-12-26,103148,1,3,0,520.0
10109998FERREIRAE_2025-12-26_G30,10109998FERREIRAE,2025-12-26,117833,1,2,0,933.0
10109998FERREIRAE_2025-12-26_G31,10109998FERREIRAE,2025-12-26,111469,1,25,0,261.0
10109998FERREIRAE_2025-12-26_G32,10109998FERREIRAE,2025-12-26,111469,1,24,0,217.0
10109998FERREIRAE_2025-12-26_G33,10109998FERREIRAE,2025-12-26,111418,1,64,0,426.0
10109998FERREIRAE_2025-12-26_G34,10109998FERREIRAE,2025-12-26,111469,1,4,0,532.0
10109998FERREIRAE_2025-12-26_G35,10109998FERREIRAE,2025-12-26,117820,1,50,0,511.0
10109998FERREIRAE_2025-12-26_G36,10109998FERREIRAE,2025-12-26,108798,1,3,0,261.0
10109998FERREIRAE_2025-12-26_G37,10109998FERREIRAE,2025-12-26,118140,1,4,0,188.0
10109998FERREIRAE_2025-12-26_G38,10109998FERREIRAE,2025-12-26,117808,1,16,0,800.0
10109998FERREIRAE_2025-12-26_G39,10109998FERREIRAE,2025-12-26,110742,1,8,0,391.0
10109998FERREIRAE_2025-12-26_G40,10109998FERREIRAE,2025-12-26,140922,1,4,0,109.0
10109998FERREIRAE_2025-12-26_G41,10109998FERREIRAE,2025-12-26,118222,1,4,0,557.0
10109998FERREIRAE_2025-12-26_G42,10109998FERREIRAE,2025-12-26,110742,1,1,0,104.0
10109998FERREIRAE_2025-12-26_G43,10109998FERREIRAE,2025-12-26,117808,1,20,0,249.0
10109998FERREIRAE_2025-12-27_G03,10109998FERREIRAE,2025-12-27,120008,1,32,0,1043.0
10109998FERREIRAE_2025-12-27_G04,10109998FERREIRAE,2025-12-27,120008,1,16,0,611.0
10109998FERREIRAE_2025-12-27_G05,10109998FERREIRAE,2025-12-27,122962,1,1,0,191.0
10109998FERREIRAE_2025-12-27_G07,10109998FERREIRAE,2025-12-27,124247,1,4,0,316.0
10109998FERREIRAE_2025-12-27_G08,10109998FERREIRAE,2025-12-27,122962,1,33,0,1409.0
10109998FERREIRAE_2025-12-27_G09,10109998FERREIRAE,2025-12-27,124475,1,12,0,654.0
10109998FERREIRAE_2025-12-27_G10,10109998FERREIRAE,2025-12-27,122984,1,12,0,411.0
10109998FERREIRAE_2025-12-27_G11,10109998FERREIRAE,2025-12-27,121928,1,2,0,239.0
10109998FERREIRAE_2025-12-27_G12,10109998FERREIRAE,2025-12-27,124486,1,17,0,680.0
10109998FERREIRAE_2025-12-29_G03,10109998FERREIRAE,2025-12-29,123344,1,4,0,526.0
10109998FERREIRAE_2025-12-29_G04,10109998FERREIRAE,2025-12-29,122647,1,1,0,335.0
10109998FERREIRAE_2025-12-29_G05,10109998FERREIRAE,2025-12-29,124371,1,1,0,171.0
10109998FERREIRAE_2025-12-29_G06,10109998FERREIRAE,2025-12-29,124476,1,4,0,227.0
10109998FERREIRAE_2025-12-29_G07,10109998FERREIRAE,2025-12-29,123562,1,1,0,170.0
10109998FERREIRAE_2025-12-29_G08,10109998FERREIRAE,2025-12-29,124475,1,2,0,185.0
10109998FERREIRAE_2025-12-29_G09,10109998FERREIRAE,2025-12-29,122673,1,4,0,190.0
10109998FERREIRAE_2025-12-29_G10,10109998FERREIRAE,2025-12-29,123521,1,1,0,142.0
10109998FERREIRAE_2025-12-29_G11,10109998FERREIRAE,2025-12-29,123343,1,4,0,314.0
10109998FERREIRAE_2025-12-29_G13,10109998FERREIRAE,2025-12-29,123153,1,20,0,2226.0
10109998FERREIRAE_2025-12-29_G14,10109998FERREIRAE,2025-12-29,124247,1,5,0,366.0
10109998FERREIRAE_2025-12-29_G15,10109998FERREIRAE,2025-12-29,122982,1,1,0,199.0
10109998FERREIRAE_2025-12-29_G16,10109998FERREIRAE,2025-12-29,122962,1,20,0,832.0
10109998FERREIRAE_2025-12-29_G17,10109998FERREIRAE,2025-12-29,"124486, 123343",2,24,14,459.0
10109998FERREIRAE_2025-12-29_G18,10109998FERREIRAE,2025-12-29,120028,1,24,0,1088.0
10109998FERREIRAE_2025-12-29_G19,10109998FERREIRAE,2025-12-29,122982,1,12,0,518.0
10109998FERREIRAE_2025-12-30_G02,10109998FERREIRAE,2025-12-30,111442,1,2,0,158.0
10109998FERREIRAE_2025-12-30_G03,10109998FERREIRAE,2025-12-30,117820,1,15,0,589.0
10109998FERREIRAE_2025-12-30_G04,10109998FERREIRAE,2025-12-30,110313,1,5,0,219.0
10109998FERREIRAE_2025-12-30_G05,10109998FERREIRAE,2025-12-30,117820,1,17,0,129.0
10109998FERREIRAE_2025-12-30_G06,10109998FERREIRAE,2025-12-30,110313,1,18,0,1266.0
10109998FERREIRAE_2025-12-30_G07,10109998FERREIRAE,2025-12-30,111172,1,6,0,109.0
10109998FERREIRAE_2025-12-30_G08,10109998FERREIRAE,2025-12-30,117808,1,450,0,2545.0
10109998FERREIRAE_2025-12-30_G09,10109998FERREIRAE,2025-12-30,110373,1,100,0,415.0
10109998FERREIRAE_2025-12-30_G10,10109998FERREIRAE,2025-12-30,110787,1,4,0,769.0
10109998FERREIRAE_2025-12-30_G11,10109998FERREIRAE,2025-12-30,111330,1,4,0,97.0
10109998FERREIRAE_2025-12-30_G12,10109998FERREIRAE,2025-12-30,110742,1,4,0,170.0
10109998FERREIRAE_2025-12-30_G13,10109998FERREIRAE,2025-12-30,110313,1,1,0,198.0
10109998FERREIRAE_2025-12-30_G14,10109998FERREIRAE,2025-12-30,110313,1,2,0,108.0
10109998FERREIRAE_2025-12-30_G15,10109998FERREIRAE,2025-12-30,111442,1,2,0,260.0
10109998FERREIRAE_2025-12-30_G16,10109998FERREIRAE,2025-12-30,117808,1,74,0,875.0
10109998FERREIRAE_2025-12-30_G17,10109998FERREIRAE,2025-12-30,107830,1,8,0,341.0
10109998FERREIRAE_2025-12-30_G18,10109998FERREIRAE,2025-12-30,111462,1,6,0,1117.0
10109998FERREIRAE_2025-12-30_G19,10109998FERREIRAE,2025-12-30,111462,1,6,0,38.0
10109998FERREIRAE_2025-12-30_G20,10109998FERREIRAE,2025-12-30,111348,1,4,0,315.0
10109998FERREIRAE_2025-12-30_G21,10109998FERREIRAE,2025-12-30,118306,1,1,0,122.0
10109998FERREIRAE_2025-12-30_G22,10109998FERREIRAE,2025-12-30,110313,1,20,0,464.0
10109998FERREIRAE_2025-12-30_G23,10109998FERREIRAE,2025-12-30,117820,1,6,0,355.0
10109998FERREIRAE_2025-12-30_G24,10109998FERREIRAE,2025-12-30,118299,1,6,0,108.0
10109998FERREIRAE_2025-12-30_G25,10109998FERREIRAE,2025-12-30,107830,1,2,0,100.0
10109998FERREIRAE_2025-12-30_G26,10109998FERREIRAE,2025-12-30,117820,1,16,0,400.0
10109998FERREIRAE_2025-12-30_G27,10109998FERREIRAE,2025-12-30,118299,1,6,0,161.0
10109998FERREIRAE_2025-12-30_G29,10109998FERREIRAE,2025-12-30,118299,1,11,0,152.0
10109998FERREIRAE_2025-12-30_G30,10109998FERREIRAE,2025-12-30,111441,1,2,0,484.0
10109998FERREIRAE_2025-12-30_G31,10109998FERREIRAE,2025-12-30,111469,1,6,0,149.0
10109998FERREIRAE_2025-12-30_G32,10109998FERREIRAE,2025-12-30,111469,1,3,0,34.0
10109998FERREIRAE_2025-12-30_G33,10109998FERREIRAE,2025-12-30,117820,1,7,0,145.0
10109998FERREIRAE_2025-12-30_G34,10109998FERREIRAE,2025-12-30,118299,1,3,0,173.0
10109998FERREIRAE_2025-12-30_G35,10109998FERREIRAE,2025-12-30,117820,1,8,0,166.0
10109998FERREIRAE_2025-12-30_G36,10109998FERREIRAE,2025-12-30,111348,1,4,0,587.0
10109998FERREIRAE_2025-12-30_G37,10109998FERREIRAE,2025-12-30,111469,1,2,0,180.0
10109998FERREIRAE_2025-12-30_G38,10109998FERREIRAE,2025-12-30,111462,1,4,0,106.0
10109998FERREIRAE_2025-12-30_G39,10109998FERREIRAE,2025-12-30,117820,1,12,0,235.0
10109998FERREIRAE_2025-12-30_G40,10109998FERREIRAE,2025-12-30,118299,1,10,0,145.0
10109998FERREIRAE_2025-12-30_G41,10109998FERREIRAE,2025-12-30,107830,1,7,0,944.0
10109998FERREIRAE_2025-12-30_G42,10109998FERREIRAE,2025-12-30,107830,1,6,0,48.0
10109998FERREIRAE_2025-12-30_G43,10109998FERREIRAE,2025-12-30,107830,2,6,21,36.0
10109998FERREIRAE_2025-12-30_G44,10109998FERREIRAE,2025-12-30,110373,1,32,0,267.0
10109998FERREIRAE_2025-12-30_G45,10109998FERREIRAE,2025-12-30,110373,1,20,0,267.0
10109998FERREIRAE_2025-12-30_G46,10109998FERREIRAE,2025-12-30,110373,1,8,0,96.0
10109998FERREIRAE_2025-12-30_G47,10109998FERREIRAE,2025-12-30,110373,1,11,0,109.0
10109998FERREIRAE_2025-12-30_G48,10109998FERREIRAE,2025-12-30,111348,1,5,0,1613.0
10109998FERREIRAE_2025-12-30_G49,10109998FERREIRAE,2025-12-30,110787,1,8,0,127.0
10109998FERREIRAE_2025-12-30_G50,10109998FERREIRAE,2025-12-30,110742,1,12,0,173.0
10109998FERREIRAE_2025-12-30_G51,10109998FERREIRAE,2025-12-30,117820,1,27,0,1711.0
10109998FERREIRAE_2025-12-30_G52,10109998FERREIRAE,2025-12-30,110313,1,8,0,1764.0
10109998FERREIRAE_2025-12-30_G53,10109998FERREIRAE,2025-12-30,111442,1,40,0,627.0
10109998FERREIRAE_2026-01-02_G02,10109998FERREIRAE,2026-01-02,124264,1,50,0,1439.0
10109998FERREIRAE_2026-01-02_G03,10109998FERREIRAE,2026-01-02,124486,1,80,0,2447.0
10109998FERREIRAE_2026-01-02_G04,10109998FERREIRAE,2026-01-02,122962,1,8,0,650.0
10109998FERREIRAE_2026-01-02_G05,10109998FERREIRAE,2026-01-02,124486,1,24,0,501.0
10109998FERREIRAE_2026-01-07_G03,10109998FERREIRAE,2026-01-07,122962,1,30,0,1152.0
10109998FERREIRAE_2026-01-07_G04,10109998FERREIRAE,2026-01-07,122962,1,70,0,2652.0
10109998FERREIRAE_2026-01-07_G05,10109998FERREIRAE,2026-01-07,122647,1,20,0,699.0
10109998FERREIRAE_2026-01-07_G06,10109998FERREIRAE,2026-01-07,122671,1,20,0,693.0
10109998FERREIRAE_2026-01-07_G07,10109998FERREIRAE,2026-01-07,121651,1,10,0,358.0
10109998FERREIRAE_2026-01-07_G08,10109998FERREIRAE,2026-01-07,124486,1,20,0,345.0
10109998FERREIRAE_2026-01-07_G09,10109998FERREIRAE,2026-01-07,120028,1,25,0,62.0
10109998FERREIRAE_2026-01-08_G02,10109998FERREIRAE,2026-01-08,124486,1,4,0,205.0
10109998FERREIRAE_2026-01-08_G03,10109998FERREIRAE,2026-01-08,120389,1,10,0,656.0
10109998FERREIRAE_2026-01-08_G04,10109998FERREIRAE,2026-01-08,122962,1,8,0,318.0
10109998FERREIRAE_2026-01-08_G05,10109998FERREIRAE,2026-01-08,123909,1,2,0,192.0
10109998FERREIRAE_2026-01-08_G06,10109998FERREIRAE,2026-01-08,122673,1,2,0,327.0
10109998FERREIRAE_2026-01-08_G07,10109998FERREIRAE,2026-01-08,124486,1,10,0,385.0
10109998FERREIRAE_2026-01-08_G08,10109998FERREIRAE,2026-01-08,122962,1,4,0,214.0
10109998FERREIRAE_2026-01-08_G09,10109998FERREIRAE,2026-01-08,123822,1,40,0,1796.0
10109998FERREIRAE_2026-01-08_G10,10109998FERREIRAE,2026-01-08,124486,1,8,0,383.0
10109998FERREIRAE_2026-01-09_G02,10109998FERREIRAE,2026-01-09,141352,1,4,0,192.0
10109998FERREIRAE_2026-01-09_G03,10109998FERREIRAE,2026-01-09,117785,1,9,0,148.0
10109998FERREIRAE_2026-01-09_G04,10109998FERREIRAE,2026-01-09,111418,1,4,0,86.0
10109998FERREIRAE_2026-01-09_G05,10109998FERREIRAE,2026-01-09,110751,1,4,0,56.0
10109998FERREIRAE_2026-01-09_G06,10109998FERREIRAE,2026-01-09,110372,1,4,0,96.0
10109998FERREIRAE_2026-01-09_G07,10109998FERREIRAE,2026-01-09,110371,1,2,0,118.0
10109998FERREIRAE_2026-01-09_G08,10109998FERREIRAE,2026-01-09,111438,1,6,0,588.0
10109998FERREIRAE_2026-01-09_G09,10109998FERREIRAE,2026-01-09,117785,1,4,0,106.0
10109998FERREIRAE_2026-01-09_G10,10109998FERREIRAE,2026-01-09,111463,1,10,0,274.0
10109998FERREIRAE_2026-01-09_G11,10109998FERREIRAE,2026-01-09,111469,1,2,0,271.0
10109998FERREIRAE_2026-01-09_G12,10109998FERREIRAE,2026-01-09,111465,1,2,0,104.0
10109998FERREIRAE_2026-01-09_G13,10109998FERREIRAE,2026-01-09,110740,1,2,0,88.0
10109998FERREIRAE_2026-01-09_G14,10109998FERREIRAE,2026-01-09,118299,1,6,0,266.0
10109998FERREIRAE_2026-01-09_G15,10109998FERREIRAE,2026-01-09,110747,1,4,0,365.0
10109998FERREIRAE_2026-01-09_G16,10109998FERREIRAE,2026-01-09,141352,1,4,0,127.0
10109998FERREIRAE_2026-01-09_G17,10109998FERREIRAE,2026-01-09,117785,1,8,0,220.0
10109998FERREIRAE_2026-01-09_G18,10109998FERREIRAE,2026-01-09,110751,1,4,0,97.0
10109998FERREIRAE_2026-01-09_G19,10109998FERREIRAE,2026-01-09,110747,1,7,0,256.0
10109998FERREIRAE_2026-01-09_G20,10109998FERREIRAE,2026-01-09,141352,1,4,0,133.0
10109998FERREIRAE_2026-01-09_G21,10109998FERREIRAE,2026-01-09,110751,1,2,0,972.0
10109998FERREIRAE_2026-01-09_G22,10109998FERREIRAE,2026-01-09,141352,1,4,0,279.0
10109998FERREIRAE_2026-01-09_G23,10109998FERREIRAE,2026-01-09,111438,1,6,0,919.0
10109998FERREIRAE_2026-01-09_G24,10109998FERREIRAE,2026-01-09,140923,1,5,0,82.0
10109998FERREIRAE_2026-01-09_G25,10109998FERREIRAE,2026-01-09,110313,1,7,0,285.0
10109998FERREIRAE_2026-01-09_G27,10109998FERREIRAE,2026-01-09,118290,1,3,0,120.0
10109998FERREIRAE_2026-01-09_G28,10109998FERREIRAE,2026-01-09,100334,1,26,0,628.0
10109998FERREIRAE_2026-01-09_G29,10109998FERREIRAE,2026-01-09,110755,1,13,0,209.0
10109998FERREIRAE_2026-01-09_G30,10109998FERREIRAE,2026-01-09,111438,1,34,0,1022.0
10109998FERREIRAE_2026-01-09_G31,10109998FERREIRAE,2026-01-09,110747,1,30,0,662.0
10109998FERREIRAE_2026-01-09_G32,10109998FERREIRAE,2026-01-09,108794,1,110,0,1163.0
10109998FERREIRAE_2026-01-09_G33,10109998FERREIRAE,2026-01-09,111468,1,116,0,817.0
10109998FERREIRAE_2026-01-09_G34,10109998FERREIRAE,2026-01-09,108798,1,11,0,198.0
10109998FERREIRAE_2026-01-09_G35,10109998FERREIRAE,2026-01-09,117833,1,39,0,572.0
10109998FERREIRAE_2026-01-09_G36,10109998FERREIRAE,2026-01-09,111465,1,40,0,280.0
10109998FERREIRAE_2026-01-09_G37,10109998FERREIRAE,2026-01-09,118140,1,5,0,1430.0
10109998FERREIRAE_2026-01-09_G38,10109998FERREIRAE,2026-01-09,141066,1,4,0,220.0
10109998FERREIRAE_2026-01-09_G39,10109998FERREIRAE,2026-01-09,140923,1,4,0,222.0
10109998FERREIRAE_2026-01-09_G40,10109998FERREIRAE,2026-01-09,110339,1,4,0,135.0
10109998FERREIRAE_2026-01-09_G41,10109998FERREIRAE,2026-01-09,117853,1,20,0,234.0
10109998FERREIRAE_2026-01-10_G02,10109998FERREIRAE,2026-01-10,117835,1,2,0,179.0
10109998FERREIRAE_2026-01-10_G03,10109998FERREIRAE,2026-01-10,110747,1,2,0,110.0
10109998FERREIRAE_2026-01-10_G04,10109998FERREIRAE,2026-01-10,100334,1,1,0,245.0
10109998FERREIRAE_2026-01-10_G05,10109998FERREIRAE,2026-01-10,111569,1,6,0,529.0
10109998FERREIRAE_2026-01-10_G06,10109998FERREIRAE,2026-01-10,100334,1,2,0,488.0
10109998FERREIRAE_2026-01-10_G07,10109998FERREIRAE,2026-01-10,110755,1,4,0,252.0
10109998FERREIRAE_2026-01-10_G08,10109998FERREIRAE,2026-01-10,111532,1,20,0,1287.0
10109998FERREIRAE_2026-01-10_G09,10109998FERREIRAE,2026-01-10,111743,1,18,0,495.0
10109998FERREIRAE_2026-01-10_G10,10109998FERREIRAE,2026-01-10,111418,1,140,0,1227.0
10109998FERREIRAE_2026-01-10_G11,10109998FERREIRAE,2026-01-10,140922,1,8,0,2207.0
10109998FERREIRAE_2026-01-10_G12,10109998FERREIRAE,2026-01-10,111468,1,3,0,95.0
10109998FERREIRAE_2026-01-10_G13,10109998FERREIRAE,2026-01-10,111443,1,4,0,131.0
10109998FERREIRAE_2026-01-10_G14,10109998FERREIRAE,2026-01-10,141458,1,10,0,331.0
10109998FERREIRAE_2026-01-10_G15,10109998FERREIRAE,2026-01-10,110745,1,4,0,94.0
10109998FERREIRAE_2026-01-10_G16,10109998FERREIRAE,2026-01-10,111444,1,10,0,114.0
10109998FERREIRAE_2026-01-10_G17,10109998FERREIRAE,2026-01-10,117831,1,24,0,567.0
10109998FERREIRAE_2026-01-10_G18,10109998FERREIRAE,2026-01-10,117840,1,21,0,424.0
10109998FERREIRAE_2026-01-10_G19,10109998FERREIRAE,2026-01-10,117832,1,14,0,142.0
10109998FERREIRAE_2026-01-10_G20,10109998FERREIRAE,2026-01-10,117820,1,60,0,782.0
10109998FERREIRAE_2026-01-10_G21,10109998FERREIRAE,2026-01-10,117837,1,7,0,1140.0
10109998FERREIRAE_2026-01-10_G22,10109998FERREIRAE,2026-01-10,117856,1,8,0,108.0
10109998FERREIRAE_2026-01-10_G23,10109998FERREIRAE,2026-01-10,140923,1,20,0,250.0
10109998FERREIRAE_2026-01-10_G24,10109998FERREIRAE,2026-01-10,117788,1,4,0,53.0
10109998FERREIRAE_2026-01-10_G25,10109998FERREIRAE,2026-01-10,107629,1,10,0,334.0
10109998FERREIRAE_2026-01-10_G26,10109998FERREIRAE,2026-01-10,117786,1,8,0,936.0
10109998FERREIRAE_2026-01-10_G27,10109998FERREIRAE,2026-01-10,117853,1,12,0,255.0
10109998FERREIRAE_2026-01-10_G28,10109998FERREIRAE,2026-01-10,109640,1,3,0,89.0
10109998FERREIRAE_2026-01-10_G29,10109998FERREIRAE,2026-01-10,117965,1,7,0,223.0
10109998FERREIRAE_2026-01-10_G30,10109998FERREIRAE,2026-01-10,117862,1,20,0,588.0
10109998FERREIRAE_2026-01-10_G31,10109998FERREIRAE,2026-01-10,110313,1,28,0,442.0
10109998FERREIRAE_2026-01-10_G32,10109998FERREIRAE,2026-01-10,118299,1,120,0,865.0
10109998FERREIRAE_2026-01-10_G34,10109998FERREIRAE,2026-01-10,117840,1,18,0,249.0
10109998FERREIRAE_2026-01-10_G35,10109998FERREIRAE,2026-01-10,107830,1,11,0,142.0
10109998FERREIRAE_2026-01-10_G37,10109998FERREIRAE,2026-01-10,140922,1,9,0,280.0
10109998FERREIRAE_2026-01-10_G38,10109998FERREIRAE,2026-01-10,117821,1,7,0,72.0
10109998FERREIRAE_2026-01-10_G39,10109998FERREIRAE,2026-01-10,111442,1,1,0,262.0
10109998FERREIRAE_2026-01-10_G40,10109998FERREIRAE,2026-01-10,111443,1,2,0,187.0
10109998FERREIRAE_2026-01-10_G41,10109998FERREIRAE,2026-01-10,108798,1,4,0,145.0
10109998FERREIRAE_2026-01-10_G42,10109998FERREIRAE,2026-01-10,111444,1,2,0,135.0
10109998FERREIRAE_2026-01-10_G43,10109998FERREIRAE,2026-01-10,108794,1,6,0,506.0
10109998FERREIRAE_2026-01-13_G02,10109998FERREIRAE,2026-01-13,110733,1,2,0,73.0
10109998FERREIRAE_2026-01-13_G03,10109998FERREIRAE,2026-01-13,118094,1,2,0,95.0
10109998FERREIRAE_2026-01-13_G04,10109998FERREIRAE,2026-01-13,117862,1,3,0,97.0
10109998FERREIRAE_2026-01-13_G05,10109998FERREIRAE,2026-01-13,118140,1,3,0,124.0
10109998FERREIRAE_2026-01-13_G06,10109998FERREIRAE,2026-01-13,111462,1,2,0,64.0
10109998FERREIRAE_2026-01-13_G07,10109998FERREIRAE,2026-01-13,111466,1,4,0,173.0
10109998FERREIRAE_2026-01-13_G08,10109998FERREIRAE,2026-01-13,111468,1,4,0,403.0
10109998FERREIRAE_2026-01-13_G09,10109998FERREIRAE,2026-01-13,141271,1,6,0,99.0
10109998FERREIRAE_2026-01-13_G10,10109998FERREIRAE,2026-01-13,111463,1,4,0,76.0
10109998FERREIRAE_2026-01-13_G11,10109998FERREIRAE,2026-01-13,111469,1,9,0,121.0
10109998FERREIRAE_2026-01-13_G12,10109998FERREIRAE,2026-01-13,117808,1,10,0,627.0
10109998FERREIRAE_2026-01-13_G13,10109998FERREIRAE,2026-01-13,142045,1,4,0,339.0
10109998FERREIRAE_2026-01-13_G14,10109998FERREIRAE,2026-01-13,110733,1,4,0,149.0
10109998FERREIRAE_2026-01-13_G15,10109998FERREIRAE,2026-01-13,117855,1,2,0,57.0
10109998FERREIRAE_2026-01-13_G16,10109998FERREIRAE,2026-01-13,117855,1,21,0,210.0
10109998FERREIRAE_2026-01-13_G17,10109998FERREIRAE,2026-01-13,118094,1,4,0,113.0
10109998FERREIRAE_2026-01-13_G18,10109998FERREIRAE,2026-01-13,117862,1,8,0,157.0
10109998FERREIRAE_2026-01-13_G19,10109998FERREIRAE,2026-01-13,142045,1,39,0,971.0
10109998FERREIRAE_2026-01-13_G20,10109998FERREIRAE,2026-01-13,111530,1,21,0,302.0
10109998FERREIRAE_2026-01-13_G21,10109998FERREIRAE,2026-01-13,117786,1,4,0,116.0
10109998FERREIRAE_2026-01-13_G22,10109998FERREIRAE,2026-01-13,108794,1,4,0,138.0
10109998FERREIRAE_2026-01-13_G23,10109998FERREIRAE,2026-01-13,118140,1,20,0,294.0
10109998FERREIRAE_2026-01-13_G24,10109998FERREIRAE,2026-01-13,111462,1,16,0,412.0
10109998FERREIRAE_2026-01-13_G25,10109998FERREIRAE,2026-01-13,111418,1,40,0,477.0
10109998FERREIRAE_2026-01-13_G26,10109998FERREIRAE,2026-01-13,111466,2,17,25,176.0
10109998FERREIRAE_2026-01-13_G27,10109998FERREIRAE,2026-01-13,111468,1,4,0,1006.0
10109998FERREIRAE_2026-01-13_G28,10109998FERREIRAE,2026-01-13,111463,1,12,0,597.0
10109998FERREIRAE_2026-01-13_G29,10109998FERREIRAE,2026-01-13,141271,1,6,0,105.0
10109998FERREIRAE_2026-01-13_G30,10109998FERREIRAE,2026-01-13,117808,1,50,0,474.0
10109998FERREIRAE_2026-01-13_G32,10109998FERREIRAE,2026-01-13,111438,1,8,0,248.0
10109998FERREIRAE_2026-01-13_G33,10109998FERREIRAE,2026-01-13,110895,1,4,0,371.0
10109998FERREIRAE_2026-01-13_G34,10109998FERREIRAE,2026-01-13,117855,1,10,0,590.0
10109998FERREIRAE_2026-01-13_G35,10109998FERREIRAE,2026-01-13,118094,1,10,0,293.0
10109998FERREIRAE_2026-01-13_G36,10109998FERREIRAE,2026-01-13,140923,1,10,0,158.0
10109998FERREIRAE_2026-01-13_G38,10109998FERREIRAE,2026-01-13,141823,1,14,0,562.0
10109998FERREIRAE_2026-01-13_G39,10109998FERREIRAE,2026-01-13,111442,1,2,0,61.0
10109998FERREIRAE_2026-01-13_G40,10109998FERREIRAE,2026-01-13,108798,1,8,0,145.0
10109998FERREIRAE_2026-01-13_G41,10109998FERREIRAE,2026-01-13,141458,1,72,0,561.0
10109998FERREIRAE_2026-01-13_G42,10109998FERREIRAE,2026-01-13,117787,1,6,0,745.0
10109998FERREIRAE_2026-01-13_G43,10109998FERREIRAE,2026-01-13,140922,1,151,0,1529.0
10109998FERREIRAE_2026-01-13_G44,10109998FERREIRAE,2026-01-13,117821,1,55,0,788.0
10109998FERREIRAE_2026-01-13_G45,10109998FERREIRAE,2026-01-13,111435,1,14,0,597.0
10109998FERREIRAE_2026-01-13_G46,10109998FERREIRAE,2026-01-13,111463,1,30,0,853.0
10109998FERREIRAE_2026-01-13_G47,10109998FERREIRAE,2026-01-13,141458,1,68,0,570.0
10109998FERREIRAE_2026-01-14_G02,10109998FERREIRAE,2026-01-14,111182,1,4,0,219.0
10109998FERREIRAE_2026-01-14_G03,10109998FERREIRAE,2026-01-14,111532,1,2,0,49.0
10109998FERREIRAE_2026-01-14_G04,10109998FERREIRAE,2026-01-14,141458,1,4,0,107.0
10109998FERREIRAE_2026-01-14_G05,10109998FERREIRAE,2026-01-14,110740,1,2,0,116.0
10109998FERREIRAE_2026-01-14_G06,10109998FERREIRAE,2026-01-14,110733,1,2,0,271.0
10109998FERREIRAE_2026-01-14_G07,10109998FERREIRAE,2026-01-14,140923,1,3,0,97.0
10109998FERREIRAE_2026-01-14_G08,10109998FERREIRAE,2026-01-14,110313,1,2,0,87.0
10109998FERREIRAE_2026-01-14_G09,10109998FERREIRAE,2026-01-14,117856,1,2,0,167.0
10109998FERREIRAE_2026-01-14_G10,10109998FERREIRAE,2026-01-14,117855,1,4,0,146.0
10109998FERREIRAE_2026-01-14_G11,10109998FERREIRAE,2026-01-14,117797,1,1,0,89.0
10109998FERREIRAE_2026-01-14_G12,10109998FERREIRAE,2026-01-14,109643,1,4,0,162.0
10109998FERREIRAE_2026-01-14_G13,10109998FERREIRAE,2026-01-14,118140,1,2,0,473.0
10109998FERREIRAE_2026-01-14_G14,10109998FERREIRAE,2026-01-14,117831,1,4,0,88.0
10109998FERREIRAE_2026-01-14_G15,10109998FERREIRAE,2026-01-14,111418,1,4,0,54.0
10109998FERREIRAE_2026-01-14_G16,10109998FERREIRAE,2026-01-14,140922,1,3,0,64.0
10109998FERREIRAE_2026-01-14_G17,10109998FERREIRAE,2026-01-14,117821,1,2,0,83.0
10109998FERREIRAE_2026-01-14_G18,10109998FERREIRAE,2026-01-14,117838,1,4,0,254.0
10109998FERREIRAE_2026-01-14_G19,10109998FERREIRAE,2026-01-14,141458,1,4,0,182.0
10109998FERREIRAE_2026-01-14_G20,10109998FERREIRAE,2026-01-14,117787,1,3,0,90.0
10109998FERREIRAE_2026-01-14_G21,10109998FERREIRAE,2026-01-14,117862,1,4,0,220.0
10109998FERREIRAE_2026-01-14_G22,10109998FERREIRAE,2026-01-14,140923,1,4,0,167.0
10109998FERREIRAE_2026-01-14_G23,10109998FERREIRAE,2026-01-14,110313,1,1,0,62.0
10109998FERREIRAE_2026-01-14_G24,10109998FERREIRAE,2026-01-14,117855,1,4,0,463.0
10109998FERREIRAE_2026-01-14_G25,10109998FERREIRAE,2026-01-14,111569,1,4,0,186.0
10109998FERREIRAE_2026-01-14_G26,10109998FERREIRAE,2026-01-14,110895,1,2,0,118.0
10109998FERREIRAE_2026-01-14_G27,10109998FERREIRAE,2026-01-14,141916,1,4,0,212.0
10109998FERREIRAE_2026-01-14_G28,10109998FERREIRAE,2026-01-14,117809,1,3,0,200.0
10109998FERREIRAE_2026-01-14_G29,10109998FERREIRAE,2026-01-14,117820,1,12,0,172.0
10109998FERREIRAE_2026-01-14_G30,10109998FERREIRAE,2026-01-14,117808,1,15,0,775.0
10109998FERREIRAE_2026-01-14_G31,10109998FERREIRAE,2026-01-14,117830,1,2,0,128.0
10109998FERREIRAE_2026-01-14_G32,10109998FERREIRAE,2026-01-14,110733,1,1,0,1127.0
10109998FERREIRAE_2026-01-14_G33,10109998FERREIRAE,2026-01-14,117853,1,2,0,149.0
10109998FERREIRAE_2026-01-14_G34,10109998FERREIRAE,2026-01-14,142045,1,4,0,175.0
10109998FERREIRAE_2026-01-14_G35,10109998FERREIRAE,2026-01-14,108794,1,2,0,61.0
10109998FERREIRAE_2026-01-14_G36,10109998FERREIRAE,2026-01-14,111468,1,4,0,151.0
10109998FERREIRAE_2026-01-14_G37,10109998FERREIRAE,2026-01-14,118299,1,6,0,207.0
10109998FERREIRAE_2026-01-14_G38,10109998FERREIRAE,2026-01-14,118299,1,8,0,122.0
10109998FERREIRAE_2026-01-14_G39,10109998FERREIRAE,2026-01-14,117820,1,8,0,136.0
10109998FERREIRAE_2026-01-14_G40,10109998FERREIRAE,2026-01-14,117808,1,2,0,57.0
10109998FERREIRAE_2026-01-14_G41,10109998FERREIRAE,2026-01-14,111418,1,4,0,643.0
10109998FERREIRAE_2026-01-14_G42,10109998FERREIRAE,2026-01-14,117821,1,2,0,47.0
10109998FERREIRAE_2026-01-14_G43,10109998FERREIRAE,2026-01-14,141458,1,2,0,114.0
10109998FERREIRAE_2026-01-14_G44,10109998FERREIRAE,2026-01-14,110740,1,4,0,129.0
10109998FERREIRAE_2026-01-14_G45,10109998FERREIRAE,2026-01-14,110895,1,1,0,153.0
10109998FERREIRAE_2026-01-14_G46,10109998FERREIRAE,2026-01-14,141916,1,2,0,241.0
10109998FERREIRAE_2026-01-14_G47,10109998FERREIRAE,2026-01-14,117808,1,11,0,1011.0
10109998FERREIRAE_2026-01-14_G48,10109998FERREIRAE,2026-01-14,117856,1,4,0,373.0
10109998FERREIRAE_2026-01-14_G49,10109998FERREIRAE,2026-01-14,141352,1,2,0,80.0
10109998FERREIRAE_2026-01-14_G51,10109998FERREIRAE,2026-01-14,110895,1,10,0,404.0
10109998FERREIRAE_2026-01-14_G52,10109998FERREIRAE,2026-01-14,110895,1,6,0,74.0
10109998FERREIRAE_2026-01-14_G53,10109998FERREIRAE,2026-01-14,110747,1,2,0,177.0
10109998FERREIRAE_2026-01-14_G54,10109998FERREIRAE,2026-01-14,111182,1,3,0,108.0
10109998FERREIRAE_2026-01-14_G55,10109998FERREIRAE,2026-01-14,140922,1,17,0,428.0
10109998FERREIRAE_2026-01-14_G56,10109998FERREIRAE,2026-01-14,117785,1,20,0,1450.0
10109998FERREIRAE_2026-01-14_G57,10109998FERREIRAE,2026-01-14,111469,1,9,0,776.0
10109998FERREIRAE_2026-01-14_G58,10109998FERREIRAE,2026-01-14,108770,1,2,0,2590.0
10109998FERREIRAE_2026-01-14_G59,10109998FERREIRAE,2026-01-14,111569,1,4,0,268.0
10109998FERREIRAE_2026-01-14_G60,10109998FERREIRAE,2026-01-14,111430,1,6,0,108.0
10109998FERREIRAE_2026-01-14_G61,10109998FERREIRAE,2026-01-14,111438,1,4,0,64.0
10109998FERREIRAE_2026-01-14_G62,10109998FERREIRAE,2026-01-14,118306,1,4,0,99.0
10109998FERREIRAE_2026-01-14_G63,10109998FERREIRAE,2026-01-14,110895,1,5,0,324.0
10109998FERREIRAE_2026-01-14_G64,10109998FERREIRAE,2026-01-14,117836,1,5,0,521.0
10109998FERREIRAE_2026-01-14_G65,10109998FERREIRAE,2026-01-14,141318,1,8,0,965.0
10109998FERREIRAE_2026-01-14_G66,10109998FERREIRAE,2026-01-14,110755,1,10,0,292.0
10109998FERREIRAE_2026-01-14_G67,10109998FERREIRAE,2026-01-14,117856,1,4,0,184.0
10109998FERREIRAE_2026-01-14_G68,10109998FERREIRAE,2026-01-14,117856,1,4,0,50.0
10109998FERREIRAE_2026-01-14_G69,10109998FERREIRAE,2026-01-14,117855,2,30,24,418.0
10109998FERREIRAE_2026-01-14_G70,10109998FERREIRAE,2026-01-14,110339,1,10,0,786.0
10109998FERREIRAE_2026-01-15_G02,10109998FERREIRAE,2026-01-15,110733,1,14,0,467.0
10109998FERREIRAE_2026-01-15_G03,10109998FERREIRAE,2026-01-15,117855,1,30,0,369.0
10109998FERREIRAE_2026-01-15_G04,10109998FERREIRAE,2026-01-15,109643,1,1,0,253.0
10109998FERREIRAE_2026-01-15_G05,10109998FERREIRAE,2026-01-15,117830,1,20,0,192.0
10109998FERREIRAE_2026-01-15_G06,10109998FERREIRAE,2026-01-15,107830,1,3,0,108.0
10109998FERREIRAE_2026-01-15_G07,10109998FERREIRAE,2026-01-15,110372,1,28,0,519.0
10109998FERREIRAE_2026-01-15_G08,10109998FERREIRAE,2026-01-15,117822,1,14,0,239.0
10109998FERREIRAE_2026-01-15_G09,10109998FERREIRAE,2026-01-15,110373,1,20,0,272.0
10109998FERREIRAE_2026-01-15_G10,10109998FERREIRAE,2026-01-15,111743,1,2,0,1254.0
10109998FERREIRAE_2026-01-15_G11,10109998FERREIRAE,2026-01-15,108794,1,2,0,101.0
10109998FERREIRAE_2026-01-15_G12,10109998FERREIRAE,2026-01-15,118140,1,4,0,1517.0
10109998FERREIRAE_2026-01-15_G13,10109998FERREIRAE,2026-01-15,140922,1,4,0,163.0
10109998FERREIRAE_2026-01-15_G14,10109998FERREIRAE,2026-01-15,111532,1,14,0,1156.0
10109998FERREIRAE_2026-01-15_G15,10109998FERREIRAE,2026-01-15,111532,1,2,0,124.0
10109998FERREIRAE_2026-01-15_G16,10109998FERREIRAE,2026-01-15,117838,1,3,0,68.0
10109998FERREIRAE_2026-01-15_G17,10109998FERREIRAE,2026-01-15,111442,1,4,0,107.0
10109998FERREIRAE_2026-01-15_G18,10109998FERREIRAE,2026-01-15,110740,1,2,0,1324.0
10109998FERREIRAE_2026-01-15_G19,10109998FERREIRAE,2026-01-15,111443,1,4,0,157.0
10109998FERREIRAE_2026-01-15_G20,10109998FERREIRAE,2026-01-15,111418,1,44,0,262.0
10109998FERREIRAE_2026-01-15_G21,10109998FERREIRAE,2026-01-15,111462,1,214,0,1894.0
10109998FERREIRAE_2026-01-15_G22,10109998FERREIRAE,2026-01-15,111466,1,97,0,965.0
10109998FERREIRAE_2026-01-15_G23,10109998FERREIRAE,2026-01-15,111172,1,56,0,706.0
10109998FERREIRAE_2026-01-15_G24,10109998FERREIRAE,2026-01-15,140922,1,55,0,394.0
10109998FERREIRAE_2026-01-15_G25,10109998FERREIRAE,2026-01-15,117833,1,136,0,644.0
10109998FERREIRAE_2026-01-15_G27,10109998FERREIRAE,2026-01-15,111442,1,4,0,247.0
10109998FERREIRAE_2026-01-15_G28,10109998FERREIRAE,2026-01-15,108794,1,4,0,863.0
10109998FERREIRAE_2026-01-15_G29,10109998FERREIRAE,2026-01-15,118140,1,16,0,514.0
10109998FERREIRAE_2026-01-15_G30,10109998FERREIRAE,2026-01-15,140922,1,2,0,147.0
10109998FERREIRAE_2026-01-15_G31,10109998FERREIRAE,2026-01-15,117831,1,12,0,108.0
10109998FERREIRAE_2026-01-15_G32,10109998FERREIRAE,2026-01-15,111468,1,4,0,117.0
10109998FERREIRAE_2026-01-15_G33,10109998FERREIRAE,2026-01-15,111418,1,8,0,151.0
10109998FERREIRAE_2026-01-15_G34,10109998FERREIRAE,2026-01-15,118223,1,2,0,117.0
10109998FERREIRAE_2026-01-15_G35,10109998FERREIRAE,2026-01-15,141458,1,5,0,96.0
10109998FERREIRAE_2026-01-15_G36,10109998FERREIRAE,2026-01-15,111469,1,5,0,99.0
10109998FERREIRAE_2026-01-15_G37,10109998FERREIRAE,2026-01-15,111465,1,5,0,137.0
10109998FERREIRAE_2026-01-15_G38,10109998FERREIRAE,2026-01-15,105705,1,11,0,1288.0
10109998FERREIRAE_2026-01-15_G39,10109998FERREIRAE,2026-01-15,111348,1,4,0,71.0
10109998FERREIRAE_2026-01-15_G40,10109998FERREIRAE,2026-01-15,109641,1,1,0,225.0
10109998FERREIRAE_2026-01-15_G41,10109998FERREIRAE,2026-01-15,118223,1,3,0,94.0
10109998FERREIRAE_2026-01-15_G42,10109998FERREIRAE,2026-01-15,117862,1,38,0,627.0
10109998FERREIRAE_2026-01-15_G43,10109998FERREIRAE,2026-01-15,110373,1,7,0,502.0
10109998FERREIRAE_2026-01-15_G44,10109998FERREIRAE,2026-01-15,118223,1,2,0,161.0
10109998FERREIRAE_2026-01-15_G45,10109998FERREIRAE,2026-01-15,108795,1,3,0,613.0
10109998FERREIRAE_2026-01-15_G46,10109998FERREIRAE,2026-01-15,108794,1,4,0,87.0
10109998FERREIRAE_2026-01-15_G47,10109998FERREIRAE,2026-01-15,140922,1,4,0,82.0
10109998FERREIRAE_2026-01-15_G48,10109998FERREIRAE,2026-01-15,111462,1,16,0,102.0
10109998FERREIRAE_2026-01-15_G49,10109998FERREIRAE,2026-01-15,111468,1,2,0,128.0
10109998FERREIRAE_2026-01-15_G50,10109998FERREIRAE,2026-01-15,111418,1,10,0,169.0
10109998FERREIRAE_2026-01-15_G51,10109998FERREIRAE,2026-01-15,111469,1,8,0,451.0
10109998FERREIRAE_2026-01-15_G52,10109998FERREIRAE,2026-01-15,111465,1,1,0,127.0
10109998FERREIRAE_2026-01-16_G02,10109998FERREIRAE,2026-01-16,140920,1,1,0,660.0
10109998FERREIRAE_2026-01-16_G03,10109998FERREIRAE,2026-01-16,110372,1,20,0,253.0
10109998FERREIRAE_2026-01-16_G04,10109998FERREIRAE,2026-01-16,117820,1,11,0,158.0
10109998FERREIRAE_2026-01-16_G05,10109998FERREIRAE,2026-01-16,110373,1,40,0,470.0
10109998FERREIRAE_2026-01-16_G06,10109998FERREIRAE,2026-01-16,110895,1,9,0,619.0
10109998FERREIRAE_2026-01-16_G07,10109998FERREIRAE,2026-01-16,111172,1,10,0,395.0
10109998FERREIRAE_2026-01-16_G08,10109998FERREIRAE,2026-01-16,117832,1,1,0,85.0
10109998FERREIRAE_2026-01-16_G09,10109998FERREIRAE,2026-01-16,117832,1,8,0,89.0
10109998FERREIRAE_2026-01-16_G10,10109998FERREIRAE,2026-01-16,111530,1,114,0,600.0
10109998FERREIRAE_2026-01-16_G11,10109998FERREIRAE,2026-01-16,108795,1,4,0,1471.0
10109998FERREIRAE_2026-01-16_G12,10109998FERREIRAE,2026-01-16,108794,1,4,0,64.0
10109998FERREIRAE_2026-01-16_G13,10109998FERREIRAE,2026-01-16,140922,1,2,0,58.0
10109998FERREIRAE_2026-01-16_G14,10109998FERREIRAE,2026-01-16,117831,1,4,0,103.0
10109998FERREIRAE_2026-01-16_G15,10109998FERREIRAE,2026-01-16,118330,1,4,0,161.0
10109998FERREIRAE_2026-01-16_G16,10109998FERREIRAE,2026-01-16,141823,1,4,0,286.0
10109998FERREIRAE_2026-01-16_G17,10109998FERREIRAE,2026-01-16,118223,1,4,0,103.0
10109998FERREIRAE_2026-01-16_G18,10109998FERREIRAE,2026-01-16,111469,1,4,0,63.0
10109998FERREIRAE_2026-01-16_G19,10109998FERREIRAE,2026-01-16,118140,1,2,0,66.0
10109998FERREIRAE_2026-01-16_G20,10109998FERREIRAE,2026-01-16,117787,1,1,0,50.0
10109998FERREIRAE_2026-01-16_G21,10109998FERREIRAE,2026-01-16,117809,1,8,0,182.0
10109998FERREIRAE_2026-01-16_G22,10109998FERREIRAE,2026-01-16,141202,1,4,0,104.0
10109998FERREIRAE_2026-01-16_G23,10109998FERREIRAE,2026-01-16,117840,1,2,0,78.0
10109998FERREIRAE_2026-01-16_G24,10109998FERREIRAE,2026-01-16,109643,1,2,0,41.0
10109998FERREIRAE_2026-01-16_G25,10109998FERREIRAE,2026-01-16,110373,1,10,0,299.0
10109998FERREIRAE_2026-01-16_G26,10109998FERREIRAE,2026-01-16,118094,1,4,0,144.0
10109998FERREIRAE_2026-01-16_G27,10109998FERREIRAE,2026-01-16,117862,1,3,0,266.0
10109998FERREIRAE_2026-01-16_G28,10109998FERREIRAE,2026-01-16,140923,1,3,0,120.0
10109998FERREIRAE_2026-01-16_G29,10109998FERREIRAE,2026-01-16,110733,1,2,0,98.0
10109998FERREIRAE_2026-01-16_G30,10109998FERREIRAE,2026-01-16,141318,1,4,0,260.0
10109998FERREIRAE_2026-01-16_G31,10109998FERREIRAE,2026-01-16,117808,1,4,0,782.0
10109998FERREIRAE_2026-01-16_G32,10109998FERREIRAE,2026-01-16,110373,1,2,0,184.0
10109998FERREIRAE_2026-01-16_G33,10109998FERREIRAE,2026-01-16,117808,1,4,0,297.0
10109998FERREIRAE_2026-01-16_G34,10109998FERREIRAE,2026-01-16,117838,1,4,0,260.0
10109998FERREIRAE_2026-01-16_G35,10109998FERREIRAE,2026-01-16,111418,1,6,0,1100.0
10109998FERREIRAE_2026-01-16_G36,10109998FERREIRAE,2026-01-16,117787,1,2,0,100.0
10109998FERREIRAE_2026-01-16_G37,10109998FERREIRAE,2026-01-16,117785,1,4,0,374.0
10109998FERREIRAE_2026-01-16_G39,10109998FERREIRAE,2026-01-16,110372,1,4,0,92.0
10109998FERREIRAE_2026-01-16_G40,10109998FERREIRAE,2026-01-16,117820,1,8,0,144.0
10109998FERREIRAE_2026-01-16_G41,10109998FERREIRAE,2026-01-16,117808,1,17,0,219.0
10109998FERREIRAE_2026-01-16_G42,10109998FERREIRAE,2026-01-16,118299,1,41,0,529.0
10109998FERREIRAE_2026-01-16_G43,10109998FERREIRAE,2026-01-16,110373,1,4,0,100.0
10109998FERREIRAE_2026-01-16_G44,10109998FERREIRAE,2026-01-16,117830,1,7,0,111.0
10109998FERREIRAE_2026-01-16_G45,10109998FERREIRAE,2026-01-16,142045,1,4,0,463.0
10109998FERREIRAE_2026-01-16_G46,10109998FERREIRAE,2026-01-16,110895,1,2,0,98.0
10109998FERREIRAE_2026-01-16_G47,10109998FERREIRAE,2026-01-16,141318,1,2,0,134.0
10109998FERREIRAE_2026-01-16_G48,10109998FERREIRAE,2026-01-16,160055,1,1,0,920.0
10109998FERREIRAE_2026-01-16_G49,10109998FERREIRAE,2026-01-16,160051,1,2,0,174.0
10109998FERREIRAE_2026-01-16_G50,10109998FERREIRAE,2026-01-16,118140,1,30,0,694.0
10109998FERREIRAE_2026-01-16_G51,10109998FERREIRAE,2026-01-16,141202,1,20,0,1526.0
10109998FERREIRAE_2026-01-16_G52,10109998FERREIRAE,2026-01-16,117809,2,6,25,1050.0
10109998FERREIRAE_2026-01-16_G53,10109998FERREIRAE,2026-01-16,110372,1,20,0,228.0
10109998FERREIRAE_2026-01-16_G54,10109998FERREIRAE,2026-01-16,110372,1,20,0,88.0
10109998FERREIRAE_2026-01-16_G55,10109998FERREIRAE,2026-01-16,117822,1,4,0,82.0
10109998FERREIRAE_2026-01-16_G56,10109998FERREIRAE,2026-01-16,117820,3,16,56,81.0
10109998FERREIRAE_2026-01-16_G57,10109998FERREIRAE,2026-01-16,117808,1,4,0,94.0
10109998FERREIRAE_2026-01-16_G58,10109998FERREIRAE,2026-01-16,117808,1,8,0,56.0
10109998FERREIRAE_2026-01-16_G59,10109998FERREIRAE,2026-01-16,141202,1,4,0,149.0
10109998FERREIRAE_2026-01-16_G60,10109998FERREIRAE,2026-01-16,110371,1,8,0,76.0
10109998FERREIRAE_2026-01-16_G61,10109998FERREIRAE,2026-01-16,110375,2,3,25,75.0
10109998FERREIRAE_2026-01-16_G62,10109998FERREIRAE,2026-01-16,118299,1,2,0,41.0
10109998FERREIRAE_2026-01-16_G63,10109998FERREIRAE,2026-01-16,118299,1,5,0,85.0
10109998FERREIRAE_2026-01-16_G64,10109998FERREIRAE,2026-01-16,110373,1,12,0,251.0
10109998FERREIRAE_2026-01-16_G65,10109998FERREIRAE,2026-01-16,110373,1,32,0,34.0
10109998FERREIRAE_2026-01-16_G66,10109998FERREIRAE,2026-01-16,107830,1,2,0,150.0
10109998FERREIRAE_2026-01-16_G67,10109998FERREIRAE,2026-01-16,140922,1,65,0,903.0
10109998FERREIRAE_2026-01-17_G02,10109998FERREIRAE,2026-01-17,124475,1,8,0,333.0
10109998FERREIRAE_2026-01-17_G03,10109998FERREIRAE,2026-01-17,122962,1,4,0,195.0
10109998FERREIRAE_2026-01-17_G04,10109998FERREIRAE,2026-01-17,122962,1,2,0,54.0
10109998FERREIRAE_2026-01-17_G05,10109998FERREIRAE,2026-01-17,124548,1,4,0,237.0
10109998FERREIRAE_2026-01-17_G06,10109998FERREIRAE,2026-01-17,123909,1,3,0,169.0
10109998FERREIRAE_2026-01-17_G07,10109998FERREIRAE,2026-01-17,123313,1,2,0,521.0
10109998FERREIRAE_2026-01-17_G08,10109998FERREIRAE,2026-01-17,123345,1,14,0,1733.0
10109998FERREIRAE_2026-01-17_G10,10109998FERREIRAE,2026-01-17,111602,1,2,0,31.0
10109998FERREIRAE_2026-01-17_G11,10109998FERREIRAE,2026-01-17,111602,1,4,0,45.0
10109998FERREIRAE_2026-01-17_G12,10109998FERREIRAE,2026-01-17,111602,1,6,0,44.0
10109998FERREIRAE_2026-01-17_G13,10109998FERREIRAE,2026-01-17,111602,1,6,0,52.0
10109998FERREIRAE_2026-01-17_G14,10109998FERREIRAE,2026-01-17,117856,1,4,0,94.0
10109998FERREIRAE_2026-01-17_G15,10109998FERREIRAE,2026-01-17,117786,1,10,0,176.0
10109998FERREIRAE_2026-01-17_G16,10109998FERREIRAE,2026-01-17,110733,1,4,0,65.0
10109998FERREIRAE_2026-01-17_G17,10109998FERREIRAE,2026-01-17,117855,1,6,0,121.0
10109998FERREIRAE_2026-01-17_G18,10109998FERREIRAE,2026-01-17,117808,1,150,0,390.0
10109998FERREIRAE_2026-01-17_G19,10109998FERREIRAE,2026-01-17,110374,1,4,0,574.0
10109998FERREIRAE_2026-01-17_G20,10109998FERREIRAE,2026-01-17,117820,1,50,0,571.0
10109998FERREIRAE_2026-01-17_G21,10109998FERREIRAE,2026-01-17,118299,2,48,28,364.0
10109998FERREIRAE_2026-01-17_G22,10109998FERREIRAE,2026-01-17,107830,1,3,0,215.0
10109998FERREIRAE_2026-01-17_G24,10109998FERREIRAE,2026-01-17,111348,1,5,0,114.0
10109998FERREIRAE_2026-01-17_G25,10109998FERREIRAE,2026-01-17,140922,1,3,0,80.0
10109998FERREIRAE_2026-01-17_G26,10109998FERREIRAE,2026-01-17,111532,1,8,0,154.0
10109998FERREIRAE_2026-01-17_G27,10109998FERREIRAE,2026-01-17,111532,1,4,0,41.0
10109998FERREIRAE_2026-01-17_G28,10109998FERREIRAE,2026-01-17,141271,1,4,0,79.0
10109998FERREIRAE_2026-01-17_G29,10109998FERREIRAE,2026-01-17,111418,1,6,0,177.0
10109998FERREIRAE_2026-01-17_G30,10109998FERREIRAE,2026-01-17,117833,1,8,0,71.0
10109998FERREIRAE_2026-01-17_G31,10109998FERREIRAE,2026-01-17,110740,1,4,0,84.0
10109998FERREIRAE_2026-01-17_G32,10109998FERREIRAE,2026-01-17,118140,1,4,0,63.0
10109998FERREIRAE_2026-01-17_G33,10109998FERREIRAE,2026-01-17,118140,1,4,0,43.0
10109998FERREIRAE_2026-01-17_G34,10109998FERREIRAE,2026-01-17,117785,1,4,0,336.0
10109998FERREIRAE_2026-01-17_G35,10109998FERREIRAE,2026-01-17,117785,1,8,0,63.0
10109998FERREIRAE_2026-01-19_G02,10109998FERREIRAE,2026-01-19,117785,1,30,0,352.0
10109998FERREIRAE_2026-01-19_G03,10109998FERREIRAE,2026-01-19,111418,1,5,0,147.0
10109998FERREIRAE_2026-01-19_G04,10109998FERREIRAE,2026-01-19,111418,1,10,0,370.0
10109998FERREIRAE_2026-01-19_G05,10109998FERREIRAE,2026-01-19,118140,1,40,0,381.0
10109998FERREIRAE_2026-01-19_G06,10109998FERREIRAE,2026-01-19,118140,1,20,0,257.0
10109998FERREIRAE_2026-01-19_G09,10109998FERREIRAE,2026-01-19,108794,1,20,0,223.0
10109998FERREIRAE_2026-01-19_G10,10109998FERREIRAE,2026-01-19,111462,1,12,0,84.0
10109998FERREIRAE_2026-01-19_G11,10109998FERREIRAE,2026-01-19,117821,1,8,0,77.0
10109998FERREIRAE_2026-01-19_G12,10109998FERREIRAE,2026-01-19,111468,1,10,0,169.0
10109998FERREIRAE_2026-01-19_G13,10109998FERREIRAE,2026-01-19,111172,1,40,0,812.0
10109998FERREIRAE_2026-01-19_G14,10109998FERREIRAE,2026-01-19,109641,1,10,0,137.0
10109998FERREIRAE_2026-01-19_G15,10109998FERREIRAE,2026-01-19,111418,1,12,0,137.0
10109998FERREIRAE_2026-01-19_G16,10109998FERREIRAE,2026-01-19,141457,1,30,0,644.0
10109998FERREIRAE_2026-01-19_G17,10109998FERREIRAE,2026-01-19,111469,1,16,0,109.0
10109998FERREIRAE_2026-01-19_G18,10109998FERREIRAE,2026-01-19,118140,1,40,0,231.0
10109998FERREIRAE_2026-01-19_G19,10109998FERREIRAE,2026-01-19,111466,1,30,0,754.0
10109998FERREIRAE_2026-01-19_G20,10109998FERREIRAE,2026-01-19,110740,1,24,0,680.0
10109998FERREIRAE_2026-01-19_G21,10109998FERREIRAE,2026-01-19,117785,1,12,0,127.0
10109998FERREIRAE_2026-01-19_G22,10109998FERREIRAE,2026-01-19,117833,1,12,0,612.0
10109998FERREIRAE_2026-01-20_G02,10109998FERREIRAE,2026-01-20,110753,1,2,0,108.0
10109998FERREIRAE_2026-01-20_G03,10109998FERREIRAE,2026-01-20,140923,1,50,0,447.0
10109998FERREIRAE_2026-01-20_G04,10109998FERREIRAE,2026-01-20,117861,1,22,0,324.0
10109998FERREIRAE_2026-01-20_G05,10109998FERREIRAE,2026-01-20,107629,1,16,0,193.0
10109998FERREIRAE_2026-01-20_G06,10109998FERREIRAE,2026-01-20,117856,1,20,0,412.0
10109998FERREIRAE_2026-01-20_G07,10109998FERREIRAE,2026-01-20,110752,1,15,0,214.0
10109998FERREIRAE_2026-01-20_G08,10109998FERREIRAE,2026-01-20,117862,1,49,0,405.0
10109998FERREIRAE_2026-01-20_G09,10109998FERREIRAE,2026-01-20,117786,1,14,0,234.0
10109998FERREIRAE_2026-01-20_G11,10109998FERREIRAE,2026-01-20,140922,1,9,0,104.0
10109998FERREIRAE_2026-01-20_G12,10109998FERREIRAE,2026-01-20,140922,1,9,0,88.0
10109998FERREIRAE_2026-01-20_G13,10109998FERREIRAE,2026-01-20,111462,1,14,0,101.0
10109998FERREIRAE_2026-01-20_G14,10109998FERREIRAE,2026-01-20,110743,1,2,0,397.0
10109998FERREIRAE_2026-01-20_G15,10109998FERREIRAE,2026-01-20,111532,1,4,0,123.0
10109998FERREIRAE_2026-01-20_G16,10109998FERREIRAE,2026-01-20,111469,1,2,0,76.0
10109998FERREIRAE_2026-01-20_G17,10109998FERREIRAE,2026-01-20,118140,1,4,0,326.0
10109998FERREIRAE_2026-01-20_G18,10109998FERREIRAE,2026-01-20,110753,2,2,28,800.0
10109998FERREIRAE_2026-01-20_G19,10109998FERREIRAE,2026-01-20,110313,1,17,0,297.0
10109998FERREIRAE_2026-01-20_G20,10109998FERREIRAE,2026-01-20,140923,1,21,0,466.0
10109998FERREIRAE_2026-01-20_G21,10109998FERREIRAE,2026-01-20,141047,1,1,0,807.0
10109998FERREIRAE_2026-01-20_G22,10109998FERREIRAE,2026-01-20,107629,1,3,0,67.0
10109998FERREIRAE_2026-01-20_G23,10109998FERREIRAE,2026-01-20,111650,2,2,29,352.0
10109998FERREIRAE_2026-01-21_G02,10109998FERREIRAE,2026-01-21,111602,1,4,0,155.0
10109998FERREIRAE_2026-01-21_G03,10109998FERREIRAE,2026-01-21,111602,1,8,0,56.0
10109998FERREIRAE_2026-01-21_G04,10109998FERREIRAE,2026-01-21,117855,1,4,0,352.0
10109998FERREIRAE_2026-01-21_G05,10109998FERREIRAE,2026-01-21,109640,1,204,0,1532.0
10109998FERREIRAE_2026-01-21_G06,10109998FERREIRAE,2026-01-21,110313,1,8,0,932.0
10109998FERREIRAE_2026-01-21_G07,10109998FERREIRAE,2026-01-21,111876,1,4,0,93.0
10109998FERREIRAE_2026-01-21_G08,10109998FERREIRAE,2026-01-21,111532,1,6,0,130.0
10109998FERREIRAE_2026-01-21_G09,10109998FERREIRAE,2026-01-21,118299,1,18,0,155.0
10109998FERREIRAE_2026-01-21_G10,10109998FERREIRAE,2026-01-21,118299,1,42,0,819.0
10109998FERREIRAE_2026-01-21_G11,10109998FERREIRAE,2026-01-21,110371,1,30,0,641.0
10109998FERREIRAE_2026-01-21_G12,10109998FERREIRAE,2026-01-21,117808,1,60,0,577.0
10109998FERREIRAE_2026-01-21_G13,10109998FERREIRAE,2026-01-21,111876,1,8,0,296.0
10109998FERREIRAE_2026-01-21_G14,10109998FERREIRAE,2026-01-21,118094,1,4,0,236.0
10109998FERREIRAE_2026-01-21_G15,10109998FERREIRAE,2026-01-21,109640,1,25,0,356.0
10109998FERREIRAE_2026-01-21_G16,10109998FERREIRAE,2026-01-21,109640,1,2,0,35.0
10109998FERREIRAE_2026-01-21_G17,10109998FERREIRAE,2026-01-21,109640,1,8,0,123.0
10109998FERREIRAE_2026-01-21_G18,10109998FERREIRAE,2026-01-21,105705,1,4,0,255.0
10109998FERREIRAE_2026-01-21_G19,10109998FERREIRAE,2026-01-21,117841,1,5,0,108.0
10109998FERREIRAE_2026-01-21_G20,10109998FERREIRAE,2026-01-21,111462,1,4,0,102.0
10109998FERREIRAE_2026-01-21_G21,10109998FERREIRAE,2026-01-21,111462,1,2,0,215.0
10109998FERREIRAE_2026-01-21_G22,10109998FERREIRAE,2026-01-21,111468,1,2,0,81.0
10109998FERREIRAE_2026-01-21_G23,10109998FERREIRAE,2026-01-21,111469,1,4,0,106.0
10109998FERREIRAE_2026-01-21_G24,10109998FERREIRAE,2026-01-21,110740,1,2,0,81.0
10109998FERREIRAE_2026-01-21_G25,10109998FERREIRAE,2026-01-21,111876,1,6,0,202.0
10109998FERREIRAE_2026-01-21_G26,10109998FERREIRAE,2026-01-21,117862,1,1,0,105.0
10109998FERREIRAE_2026-01-21_G27,10109998FERREIRAE,2026-01-21,117820,1,7,0,165.0
10109998FERREIRAE_2026-01-21_G28,10109998FERREIRAE,2026-01-21,109643,1,5,0,312.0
10109998FERREIRAE_2026-01-21_G29,10109998FERREIRAE,2026-01-21,141318,1,4,0,128.0
10109998FERREIRAE_2026-01-21_G30,10109998FERREIRAE,2026-01-21,111466,1,16,0,392.0
10109998FERREIRAE_2026-01-21_G31,10109998FERREIRAE,2026-01-21,140923,1,4,0,969.0
10109998FERREIRAE_2026-01-21_G32,10109998FERREIRAE,2026-01-21,110749,1,10,0,616.0
10109998FERREIRAE_2026-01-21_G33,10109998FERREIRAE,2026-01-21,105705,1,26,0,683.0
10109998FERREIRAE_2026-01-21_G35,10109998FERREIRAE,2026-01-21,108794,1,1,0,42.0
10109998FERREIRAE_2026-01-21_G36,10109998FERREIRAE,2026-01-21,140922,1,4,0,100.0
10109998FERREIRAE_2026-01-21_G37,10109998FERREIRAE,2026-01-21,140922,1,5,0,139.0
10109998FERREIRAE_2026-01-21_G38,10109998FERREIRAE,2026-01-21,117831,1,6,0,90.0
10109998FERREIRAE_2026-01-21_G39,10109998FERREIRAE,2026-01-21,117821,1,2,0,74.0
10109998FERREIRAE_2026-01-21_G40,10109998FERREIRAE,2026-01-21,111743,1,6,0,129.0
10109998FERREIRAE_2026-01-21_G41,10109998FERREIRAE,2026-01-21,111462,1,8,0,139.0
10109998FERREIRAE_2026-01-21_G42,10109998FERREIRAE,2026-01-21,111418,2,8,23,154.0
10109998FERREIRAE_2026-01-21_G43,10109998FERREIRAE,2026-01-21,118140,1,3,0,116.0
10109998FERREIRAE_2026-01-21_G44,10109998FERREIRAE,2026-01-21,117785,1,2,0,66.0
10109998FERREIRAE_2026-01-21_G45,10109998FERREIRAE,2026-01-21,111602,1,4,0,1260.0
10109998FERREIRAE_2026-01-21_G46,10109998FERREIRAE,2026-01-21,141457,1,10,0,341.0
10109998FERREIRAE_2026-01-21_G47,10109998FERREIRAE,2026-01-21,141458,1,5,0,117.0
10109998FERREIRAE_2026-01-21_G48,10109998FERREIRAE,2026-01-21,111441,1,2,0,138.0
10109998FERREIRAE_2026-01-21_G49,10109998FERREIRAE,2026-01-21,109640,1,6,0,473.0
10109998FERREIRAE_2026-01-21_G50,10109998FERREIRAE,2026-01-21,140922,1,3,0,139.0
10109998FERREIRAE_2026-01-21_G51,10109998FERREIRAE,2026-01-21,117842,1,2,0,1082.0
10109998FERREIRAE_2026-01-21_G52,10109998FERREIRAE,2026-01-21,108795,1,4,0,98.0
10109998FERREIRAE_2026-01-21_G53,10109998FERREIRAE,2026-01-21,140922,1,2,0,72.0
10109998FERREIRAE_2026-01-21_G54,10109998FERREIRAE,2026-01-21,111418,1,4,0,122.0
10109998FERREIRAE_2026-01-21_G55,10109998FERREIRAE,2026-01-21,141457,1,2,0,326.0
10109998FERREIRAE_2026-01-21_G56,10109998FERREIRAE,2026-01-21,118140,1,3,0,190.0
10109998FERREIRAE_2026-01-21_G57,10109998FERREIRAE,2026-01-21,117787,1,2,0,73.0
10109998FERREIRAE_2026-01-21_G58,10109998FERREIRAE,2026-01-21,141458,1,4,0,150.0
10109998FERREIRAE_2026-01-21_G59,10109998FERREIRAE,2026-01-21,111441,1,4,0,697.0
10109998FERREIRAE_2026-01-21_G60,10109998FERREIRAE,2026-01-21,111438,1,4,0,116.0
10109998FERREIRAE_2026-01-21_G61,10109998FERREIRAE,2026-01-21,110313,1,13,0,579.0
10109998FERREIRAE_2026-01-21_G62,10109998FERREIRAE,2026-01-21,117809,1,2,0,412.0
10109998FERREIRAE_2026-01-21_G63,10109998FERREIRAE,2026-01-21,117820,1,4,0,112.0
10109998FERREIRAE_2026-01-21_G64,10109998FERREIRAE,2026-01-21,117830,1,1,0,97.0
10109998FERREIRAE_2026-01-21_G65,10109998FERREIRAE,2026-01-21,140922,1,2,0,1107.0
10109998FERREIRAE_2026-01-21_G66,10109998FERREIRAE,2026-01-21,109645,1,4,0,137.0
10109998FERREIRAE_2026-01-21_G67,10109998FERREIRAE,2026-01-21,111418,1,4,0,92.0
10109998FERREIRAE_2026-01-21_G68,10109998FERREIRAE,2026-01-21,117833,1,1,0,47.0
10109998FERREIRAE_2026-01-21_G69,10109998FERREIRAE,2026-01-21,141457,1,2,0,78.0
10109998FERREIRAE_2026-01-21_G70,10109998FERREIRAE,2026-01-21,111444,1,4,0,67.0
10109998FERREIRAE_2026-01-21_G71,10109998FERREIRAE,2026-01-21,110740,1,4,0,128.0
10109998FERREIRAE_2026-01-21_G72,10109998FERREIRAE,2026-01-21,141458,1,2,0,145.0
10109998FERREIRAE_2026-01-22_G02,10109998FERREIRAE,2026-01-22,108772,1,2,0,174.0
10109998FERREIRAE_2026-01-22_G03,10109998FERREIRAE,2026-01-22,108759,1,2,0,358.0
10109998FERREIRAE_2026-01-22_G04,10109998FERREIRAE,2026-01-22,108772,1,1,0,89.0
10109998FERREIRAE_2026-01-22_G05,10109998FERREIRAE,2026-01-22,141047,1,1,0,214.0
10109998FERREIRAE_2026-01-22_G06,10109998FERREIRAE,2026-01-22,117855,1,4,0,160.0
10109998FERREIRAE_2026-01-22_G07,10109998FERREIRAE,2026-01-22,108794,1,2,0,132.0
10109998FERREIRAE_2026-01-22_G08,10109998FERREIRAE,2026-01-22,111743,1,2,0,81.0
10109998FERREIRAE_2026-01-22_G09,10109998FERREIRAE,2026-01-22,110332,1,2,0,82.0
10109998FERREIRAE_2026-01-22_G10,10109998FERREIRAE,2026-01-22,117833,1,1,0,99.0
10109998FERREIRAE_2026-01-22_G11,10109998FERREIRAE,2026-01-22,118140,1,5,0,128.0
10109998FERREIRAE_2026-01-22_G12,10109998FERREIRAE,2026-01-22,117785,1,2,0,78.0
10109998FERREIRAE_2026-01-22_G13,10109998FERREIRAE,2026-01-22,117809,1,4,0,153.0
10109998FERREIRAE_2026-01-22_G14,10109998FERREIRAE,2026-01-22,117822,1,2,0,116.0
10109998FERREIRAE_2026-01-22_G15,10109998FERREIRAE,2026-01-22,141202,1,2,0,86.0
10109998FERREIRAE_2026-01-22_G16,10109998FERREIRAE,2026-01-22,109643,1,2,0,84.0
10109998FERREIRAE_2026-01-22_G17,10109998FERREIRAE,2026-01-22,110375,1,2,0,82.0
10109998FERREIRAE_2026-01-22_G18,10109998FERREIRAE,2026-01-22,110339,1,2,0,238.0
10109998FERREIRAE_2026-01-22_G19,10109998FERREIRAE,2026-01-22,109640,1,4,0,154.0
10109998FERREIRAE_2026-01-22_G20,10109998FERREIRAE,2026-01-22,109640,1,16,0,302.0
10109998FERREIRAE_2026-01-22_G21,10109998FERREIRAE,2026-01-22,117831,1,10,0,665.0
10109998FERREIRAE_2026-01-22_G22,10109998FERREIRAE,2026-01-22,117831,1,20,0,146.0
10109998FERREIRAE_2026-01-22_G23,10109998FERREIRAE,2026-01-22,117821,1,10,0,100.0
10109998FERREIRAE_2026-01-22_G24,10109998FERREIRAE,2026-01-22,111743,1,5,0,133.0
10109998FERREIRAE_2026-01-22_G25,10109998FERREIRAE,2026-01-22,111434,1,5,0,116.0
10109998FERREIRAE_2026-01-22_G26,10109998FERREIRAE,2026-01-22,111465,1,7,0,115.0
10109998FERREIRAE_2026-01-22_G27,10109998FERREIRAE,2026-01-22,141823,1,10,0,398.0
10109998FERREIRAE_2026-01-22_G28,10109998FERREIRAE,2026-01-22,111418,1,10,0,289.0
10109998FERREIRAE_2026-01-22_G29,10109998FERREIRAE,2026-01-22,111418,1,20,0,170.0
10109998FERREIRAE_2026-01-22_G30,10109998FERREIRAE,2026-01-22,141458,1,15,0,388.0
10109998FERREIRAE_2026-01-22_G31,10109998FERREIRAE,2026-01-22,109640,1,7,0,191.0
10109998FERREIRAE_2026-01-22_G32,10109998FERREIRAE,2026-01-22,117861,1,5,0,106.0
10109998FERREIRAE_2026-01-22_G33,10109998FERREIRAE,2026-01-22,117861,1,5,0,195.0
10109998FERREIRAE_2026-01-22_G34,10109998FERREIRAE,2026-01-22,110373,1,40,0,328.0
10109998FERREIRAE_2026-01-22_G35,10109998FERREIRAE,2026-01-22,117830,1,10,0,406.0
10109998FERREIRAE_2026-01-22_G36,10109998FERREIRAE,2026-01-22,111467,1,300,0,1689.0
10109998FERREIRAE_2026-01-22_G37,10109998FERREIRAE,2026-01-22,111418,1,691,0,1777.0
10109998FERREIRAE_2026-01-22_G39,10109998FERREIRAE,2026-01-22,107629,1,28,0,1066.0
10109998FERREIRAE_2026-01-22_G40,10109998FERREIRAE,2026-01-22,111876,1,10,0,264.0
10109998FERREIRAE_2026-01-22_G41,10109998FERREIRAE,2026-01-22,108361,1,1,0,107.0
10109998FERREIRAE_2026-01-22_G42,10109998FERREIRAE,2026-01-22,109640,1,5,0,95.0
10109998FERREIRAE_2026-01-22_G43,10109998FERREIRAE,2026-01-22,117862,1,2,0,326.0
10109998FERREIRAE_2026-01-22_G44,10109998FERREIRAE,2026-01-22,109649,1,1,0,705.0
10109998FERREIRAE_2026-01-22_G45,10109998FERREIRAE,2026-01-22,141457,1,96,0,173.0
10109998FERREIRAE_2026-01-22_G46,10109998FERREIRAE,2026-01-22,111330,1,2,0,955.0
10109998FERREIRAE_2026-01-22_G47,10109998FERREIRAE,2026-01-22,110374,1,108,0,1521.0
10109998FERREIRAE_2026-01-22_G48,10109998FERREIRAE,2026-01-22,118299,1,79,0,820.0
10109998FERREIRAE_2026-01-22_G49,10109998FERREIRAE,2026-01-22,118299,1,345,0,1273.0
10109998FERREIRAE_2026-01-22_G50,10109998FERREIRAE,2026-01-22,117820,1,270,0,628.0
10109998FERREIRAE_2026-01-23_G02,10109998FERREIRAE,2026-01-23,118169,1,4,0,224.0
10109998FERREIRAE_2026-01-23_G03,10109998FERREIRAE,2026-01-23,108759,1,7,0,1153.0
10109998FERREIRAE_2026-01-23_G04,10109998FERREIRAE,2026-01-23,118283,1,8,0,216.0
10109998FERREIRAE_2026-01-23_G05,10109998FERREIRAE,2026-01-23,100334,1,1,0,118.0
10109998FERREIRAE_2026-01-23_G06,10109998FERREIRAE,2026-01-23,140918,1,3,0,108.0
10109998FERREIRAE_2026-01-23_G07,10109998FERREIRAE,2026-01-23,117789,1,3,0,122.0
10109998FERREIRAE_2026-01-23_G08,10109998FERREIRAE,2026-01-23,140920,1,2,0,95.0
10109998FERREIRAE_2026-01-23_G09,10109998FERREIRAE,2026-01-23,110339,1,40,0,608.0
10109998FERREIRAE_2026-01-23_G10,10109998FERREIRAE,2026-01-23,109647,1,5,0,207.0
10109998FERREIRAE_2026-01-23_G11,10109998FERREIRAE,2026-01-23,117854,1,8,0,194.0
10109998FERREIRAE_2026-01-26_G03,10109998FERREIRAE,2026-01-26,111463,1,300,0,761.0
10109998FERREIRAE_2026-01-26_G04,10109998FERREIRAE,2026-01-26,141166,1,98,0,677.0
10109998FERREIRAE_2026-01-26_G06,10109998FERREIRAE,2026-01-26,111348,1,10,0,1147.0
10109998FERREIRAE_2026-01-26_G07,10109998FERREIRAE,2026-01-26,108794,1,10,0,112.0
10109998FERREIRAE_2026-01-26_G08,10109998FERREIRAE,2026-01-26,110751,1,5,0,239.0
10109998FERREIRAE_2026-01-26_G09,10109998FERREIRAE,2026-01-26,111743,1,100,0,624.0
10109998FERREIRAE_2026-01-26_G10,10109998FERREIRAE,2026-01-26,109645,1,10,0,85.0
10109998FERREIRAE_2026-01-26_G11,10109998FERREIRAE,2026-01-26,110787,1,49,0,652.0
10109998FERREIRAE_2026-01-26_G12,10109998FERREIRAE,2026-01-26,117841,1,4,0,57.0
10109998FERREIRAE_2026-01-26_G13,10109998FERREIRAE,2026-01-26,111466,1,10,0,105.0
10109998FERREIRAE_2026-01-26_G14,10109998FERREIRAE,2026-01-26,111463,1,20,0,175.0
10109998FERREIRAE_2026-01-26_G15,10109998FERREIRAE,2026-01-26,111532,1,44,0,776.0
10109998FERREIRAE_2026-01-26_G16,10109998FERREIRAE,2026-01-26,111468,1,30,0,372.0
10109998FERREIRAE_2026-01-26_G17,10109998FERREIRAE,2026-01-26,117785,1,50,0,1045.0
10109998FERREIRAE_2026-01-26_G18,10109998FERREIRAE,2026-01-26,105705,1,50,0,732.0
10109998FERREIRAE_2026-01-27_G02,10109998FERREIRAE,2026-01-27,111466,1,18,0,416.0
10109998FERREIRAE_2026-01-27_G03,10109998FERREIRAE,2026-01-27,117831,1,2,0,222.0
10109998FERREIRAE_2026-01-27_G04,10109998FERREIRAE,2026-01-27,141823,1,2,0,55.0
10109998FERREIRAE_2026-01-27_G05,10109998FERREIRAE,2026-01-27,111418,1,7,0,130.0
10109998FERREIRAE_2026-01-27_G06,10109998FERREIRAE,2026-01-27,111469,1,11,0,235.0
10109998FERREIRAE_2026-01-27_G07,10109998FERREIRAE,2026-01-27,118140,1,8,0,161.0
10109998FERREIRAE_2026-01-27_G08,10109998FERREIRAE,2026-01-27,117785,1,4,0,255.0
10109998FERREIRAE_2026-01-27_G09,10109998FERREIRAE,2026-01-27,117861,1,3,0,150.0
10109998FERREIRAE_2026-01-27_G10,10109998FERREIRAE,2026-01-27,140923,1,2,0,118.0
10109998FERREIRAE_2026-01-27_G11,10109998FERREIRAE,2026-01-27,117856,1,3,0,122.0
10109998FERREIRAE_2026-01-27_G12,10109998FERREIRAE,2026-01-27,141166,1,2,0,274.0
10109998FERREIRAE_2026-01-27_G13,10109998FERREIRAE,2026-01-27,110374,1,2,0,160.0
10109998FERREIRAE_2026-01-27_G14,10109998FERREIRAE,2026-01-27,110373,1,3,0,117.0
10109998FERREIRAE_2026-01-27_G15,10109998FERREIRAE,2026-01-27,117830,1,4,0,91.0
10109998FERREIRAE_2026-01-27_G16,10109998FERREIRAE,2026-01-27,110371,1,3,0,107.0
10109998FERREIRAE_2026-01-27_G17,10109998FERREIRAE,2026-01-27,142045,1,2,0,424.0
10109998FERREIRAE_2026-01-27_G18,10109998FERREIRAE,2026-01-27,111742,1,30,0,1392.0
10109998FERREIRAE_2026-01-27_G19,10109998FERREIRAE,2026-01-27,111759,1,12,0,374.0
10109998FERREIRAE_2026-01-27_G20,10109998FERREIRAE,2026-01-27,111761,1,20,0,687.0
10109998FERREIRAE_2026-01-27_G21,10109998FERREIRAE,2026-01-27,111463,1,6,0,732.0
10109998FERREIRAE_2026-01-27_G22,10109998FERREIRAE,2026-01-27,111723,1,100,0,915.0
10109998FERREIRAE_2026-01-27_G23,10109998FERREIRAE,2026-01-27,141140,1,150,0,1389.0
10109998FERREIRAE_2026-01-28_G02,10109998FERREIRAE,2026-01-28,117856,1,8,0,100.0
10109998FERREIRAE_2026-01-28_G03,10109998FERREIRAE,2026-01-28,111602,1,10,0,385.0
10109998FERREIRAE_2026-01-28_G05,10109998FERREIRAE,2026-01-28,111532,1,58,0,578.0
10109998FERREIRAE_2026-01-28_G06,10109998FERREIRAE,2026-01-28,110064,1,2,0,346.0
10109998FERREIRAE_2026-01-28_G08,10109998FERREIRAE,2026-01-28,110374,1,4,0,82.0
10109998FERREIRAE_2026-01-29_G02,10109998FERREIRAE,2026-01-29,108794,1,4,0,95.0
10109998FERREIRAE_2026-01-29_G03,10109998FERREIRAE,2026-01-29,111743,1,2,0,92.0
10109998FERREIRAE_2026-01-29_G04,10109998FERREIRAE,2026-01-29,111466,1,4,0,99.0
10109998FERREIRAE_2026-01-29_G05,10109998FERREIRAE,2026-01-29,111532,1,2,0,46.0
10109998FERREIRAE_2026-01-29_G06,10109998FERREIRAE,2026-01-29,111172,1,2,0,94.0
10109998FERREIRAE_2026-01-29_G07,10109998FERREIRAE,2026-01-29,117831,1,2,0,65.0
10109998FERREIRAE_2026-01-29_G08,10109998FERREIRAE,2026-01-29,111463,1,4,0,65.0
10109998FERREIRAE_2026-01-29_G09,10109998FERREIRAE,2026-01-29,141823,1,3,0,60.0
10109998FERREIRAE_2026-01-29_G10,10109998FERREIRAE,2026-01-29,141823,1,4,0,31.0
10109998FERREIRAE_2026-01-29_G11,10109998FERREIRAE,2026-01-29,117785,1,2,0,117.0
10109998FERREIRAE_2026-01-29_G12,10109998FERREIRAE,2026-01-29,111602,1,44,0,1017.0
10109998FERREIRAE_2026-01-29_G13,10109998FERREIRAE,2026-01-29,117862,1,4,0,829.0
10109998FERREIRAE_2026-01-29_G14,10109998FERREIRAE,2026-01-29,117862,1,4,0,40.0
10109998FERREIRAE_2026-01-29_G15,10109998FERREIRAE,2026-01-29,109640,1,3,0,138.0
10109998FERREIRAE_2026-01-29_G16,10109998FERREIRAE,2026-01-29,111463,1,4,0,139.0
10109998FERREIRAE_2026-01-29_G17,10109998FERREIRAE,2026-01-29,110374,1,2,0,137.0
10109998FERREIRAE_2026-01-29_G18,10109998FERREIRAE,2026-01-29,110374,1,7,0,104.0
10109998FERREIRAE_2026-01-29_G19,10109998FERREIRAE,2026-01-29,110374,1,10,0,105.0
10109998FERREIRAE_2026-01-29_G20,10109998FERREIRAE,2026-01-29,117808,1,20,0,308.0
10109998FERREIRAE_2026-01-29_G21,10109998FERREIRAE,2026-01-29,110787,1,16,0,2707.0
10109998FERREIRAE_2026-01-29_G22,10109998FERREIRAE,2026-01-29,124486,1,38,0,3120.0
10109998FERREIRAE_2026-01-29_G24,10109998FERREIRAE,2026-01-29,107830,1,2,0,106.0
10109998FERREIRAE_2026-01-29_G25,10109998FERREIRAE,2026-01-29,110372,1,4,0,297.0
10109998FERREIRAE_2026-01-29_G26,10109998FERREIRAE,2026-01-29,118299,1,18,0,710.0
10109998FERREIRAE_2026-01-29_G27,10109998FERREIRAE,2026-01-29,111330,1,7,0,185.0
10109998FERREIRAE_2026-01-29_G28,10109998FERREIRAE,2026-01-29,118306,1,4,0,977.0
10109998FERREIRAE_2026-01-29_G29,10109998FERREIRAE,2026-01-29,117789,1,8,0,192.0
10109998FERREIRAE_2026-01-29_G30,10109998FERREIRAE,2026-01-29,117820,1,56,0,316.0
10109998FERREIRAE_2026-01-29_G31,10109998FERREIRAE,2026-01-29,141202,1,1,0,83.0
10109998FERREIRAE_2026-01-29_G32,10109998FERREIRAE,2026-01-29,110375,1,8,0,99.0
10109998FERREIRAE_2026-01-29_G33,10109998FERREIRAE,2026-01-29,117832,1,7,0,224.0
10109998FERREIRAE_2026-01-29_G34,10109998FERREIRAE,2026-01-29,109643,1,34,0,954.0
10109998FERREIRAE_2026-01-29_G35,10109998FERREIRAE,2026-01-29,141166,1,2,0,649.0
10109998FERREIRAE_2026-01-29_G36,10109998FERREIRAE,2026-01-29,141166,1,2,0,34.0
10109998FERREIRAE_2026-01-29_G37,10109998FERREIRAE,2026-01-29,110751,1,4,0,172.0
10109998FERREIRAE_2026-01-29_G38,10109998FERREIRAE,2026-01-29,111861,1,1,0,302.0
10109998FERREIRAE_2026-02-03_G02,10109998FERREIRAE,2026-02-03,110372,1,500,0,1784.0
10109998FERREIRAE_2026-02-06_G02,10109998FERREIRAE,2026-02-06,117838,1,19,0,614.0
10109998FERREIRAE_2026-02-06_G03,10109998FERREIRAE,2026-02-06,117842,1,3,0,665.0
10109998FERREIRAE_2026-02-06_G04,10109998FERREIRAE,2026-02-06,118285,1,6,0,146.0
10109998FERREIRAE_2026-02-06_G05,10109998FERREIRAE,2026-02-06,110751,1,2,0,84.0
10109998FERREIRAE_2026-02-06_G06,10109998FERREIRAE,2026-02-06,118330,1,1,0,80.0
10109998FERREIRAE_2026-02-06_G07,10109998FERREIRAE,2026-02-06,117841,1,2,0,61.0
10109998FERREIRAE_2026-02-06_G08,10109998FERREIRAE,2026-02-06,111446,1,3,0,129.0
10109998FERREIRAE_2026-02-06_G09,10109998FERREIRAE,2026-02-06,108798,1,1,0,92.0
10109998FERREIRAE_2026-02-06_G10,10109998FERREIRAE,2026-02-06,111433,1,30,0,539.0
10109998FERREIRAE_2026-02-06_G11,10109998FERREIRAE,2026-02-06,111431,1,20,0,260.0
10109998FERREIRAE_2026-02-06_G12,10109998FERREIRAE,2026-02-06,118326,1,4,0,132.0
10109998FERREIRAE_2026-02-06_G13,10109998FERREIRAE,2026-02-06,111435,1,8,0,333.0
10109998FERREIRAE_2026-02-06_G14,10109998FERREIRAE,2026-02-06,111348,1,19,0,520.0
10109998FERREIRAE_2026-02-06_G15,10109998FERREIRAE,2026-02-06,160055,1,10,0,400.0
10109998FERREIRAE_2026-02-06_G16,10109998FERREIRAE,2026-02-06,110743,1,24,0,616.0
10109998FERREIRAE_2026-02-06_G17,10109998FERREIRAE,2026-02-06,108795,1,45,0,537.0
10109998FERREIRAE_2026-02-06_G18,10109998FERREIRAE,2026-02-06,116241,1,20,0,289.0
10109998FERREIRAE_2026-02-06_G19,10109998FERREIRAE,2026-02-06,107263,1,5,0,1811.0
10109998FERREIRAE_2026-02-06_G20,10109998FERREIRAE,2026-02-06,107830,1,60,0,2325.0
10109998FERREIRAE_2026-02-06_G22,10109998FERREIRAE,2026-02-06,141286,1,2,0,219.0
10109998FERREIRAE_2026-02-06_G23,10109998FERREIRAE,2026-02-06,111660,1,16,0,576.0
10109998FERREIRAE_2026-02-06_G24,10109998FERREIRAE,2026-02-06,111655,1,20,0,680.0
10109998FERREIRAE_2026-02-06_G25,10109998FERREIRAE,2026-02-06,142045,1,20,0,431.0
10109998FERREIRAE_2026-02-06_G26,10109998FERREIRAE,2026-02-06,111418,1,200,0,1604.0
10109998FERREIRAE_2026-02-06_G27,10109998FERREIRAE,2026-02-06,108711,1,10,0,253.0
10109998FERREIRAE_2026-02-06_G28,10109998FERREIRAE,2026-02-06,141823,1,16,0,276.0
10109998FERREIRAE_2026-02-06_G29,10109998FERREIRAE,2026-02-06,110129,1,4,0,159.0
10109998FERREIRAE_2026-02-06_G30,10109998FERREIRAE,2026-02-06,110787,1,4,0,442.0
10109998FERREIRAE_2026-02-06_G31,10109998FERREIRAE,2026-02-06,109641,1,20,0,309.0
10109998FERREIRAE_2026-02-06_G32,10109998FERREIRAE,2026-02-06,111418,1,50,0,857.0
10109998FERREIRAE_2026-02-06_G33,10109998FERREIRAE,2026-02-06,140923,1,50,0,961.0
10109998FERREIRAE_2026-02-06_G34,10109998FERREIRAE,2026-02-06,141047,1,11,0,371.0
10109998FERREIRAE_2026-02-06_G35,10109998FERREIRAE,2026-02-06,108961,1,12,0,1342.0
10109998FERREIRAE_2026-02-06_G36,10109998FERREIRAE,2026-02-06,110747,1,10,0,626.0
10109998FERREIRAE_2026-02-06_G37,10109998FERREIRAE,2026-02-06,141318,1,10,0,243.0
10109998FERREIRAE_2026-02-06_G38,10109998FERREIRAE,2026-02-06,117840,1,23,0,613.0
10109998FERREIRAE_2026-02-06_G39,10109998FERREIRAE,2026-02-06,111655,1,3,0,170.0
10109998FERREIRAE_2026-02-07_G02,10109998FERREIRAE,2026-02-07,110500,1,8,0,346.0
10109998FERREIRAE_2026-02-07_G03,10109998FERREIRAE,2026-02-07,110841,1,3,0,159.0
10109998FERREIRAE_2026-02-07_G04,10109998FERREIRAE,2026-02-07,110895,1,10,0,118.0
10109998FERREIRAE_2026-02-07_G05,10109998FERREIRAE,2026-02-07,110895,1,15,0,134.0
10109998FERREIRAE_2026-02-07_G06,10109998FERREIRAE,2026-02-07,110749,1,6,0,110.0
10109998FERREIRAE_2026-02-07_G07,10109998FERREIRAE,2026-02-07,117836,1,5,0,122.0
10109998FERREIRAE_2026-02-07_G08,10109998FERREIRAE,2026-02-07,141318,1,9,0,417.0
10109998FERREIRAE_2026-02-07_G09,10109998FERREIRAE,2026-02-07,110742,1,10,0,312.0
10109998FERREIRAE_2026-02-07_G10,10109998FERREIRAE,2026-02-07,110754,1,10,0,171.0
10109998FERREIRAE_2026-02-07_G11,10109998FERREIRAE,2026-02-07,109471,1,12,0,245.0
10109998FERREIRAE_2026-02-07_G12,10109998FERREIRAE,2026-02-07,111655,1,8,0,581.0
10109998FERREIRAE_2026-02-07_G13,10109998FERREIRAE,2026-02-07,108759,1,4,0,263.0
10109998FERREIRAE_2026-02-07_G14,10109998FERREIRAE,2026-02-07,141696,1,3,0,205.0
10109998FERREIRAE_2026-02-07_G15,10109998FERREIRAE,2026-02-07,111530,1,8,0,504.0
10109998FERREIRAE_2026-02-07_G16,10109998FERREIRAE,2026-02-07,141047,1,10,0,227.0
10109998FERREIRAE_2026-02-07_G17,10109998FERREIRAE,2026-02-07,110711,1,20,0,2688.0
10109998FERREIRAE_2026-02-07_G18,10109998FERREIRAE,2026-02-07,117856,1,20,0,221.0
10109998FERREIRAE_2026-02-07_G19,10109998FERREIRAE,2026-02-07,141352,1,15,0,774.0
10109998FERREIRAE_2026-02-07_G20,10109998FERREIRAE,2026-02-07,117837,1,14,0,383.0
10109998FERREIRAE_2026-02-07_G21,10109998FERREIRAE,2026-02-07,116611,1,3,0,1180.0
10109998FERREIRAE_2026-02-07_G22,10109998FERREIRAE,2026-02-07,110752,1,12,0,140.0
10109998FERREIRAE_2026-02-07_G23,10109998FERREIRAE,2026-02-07,110741,1,17,0,496.0
10109998FERREIRAE_2026-02-07_G24,10109998FERREIRAE,2026-02-07,111467,1,50,0,768.0
10109998FERREIRAE_2026-02-07_G25,10109998FERREIRAE,2026-02-07,110753,1,26,0,563.0
10109998FERREIRAE_2026-02-07_G27,10109998FERREIRAE,2026-02-07,110833,1,4,0,328.0
10109998FERREIRAE_2026-02-07_G28,10109998FERREIRAE,2026-02-07,106179,1,2,0,252.0
10109998FERREIRAE_2026-02-07_G29,10109998FERREIRAE,2026-02-07,111660,1,2,0,124.0
10109998FERREIRAE_2026-02-07_G30,10109998FERREIRAE,2026-02-07,111441,1,30,0,1310.0
10109998FERREIRAE_2026-02-07_G31,10109998FERREIRAE,2026-02-07,142045,1,10,0,385.0
10109998FERREIRAE_2026-02-07_G32,10109998FERREIRAE,2026-02-07,110755,1,6,0,293.0
10109998FERREIRAE_2026-02-07_G33,10109998FERREIRAE,2026-02-07,110747,1,24,0,283.0
10109998FERREIRAE_2026-02-07_G34,10109998FERREIRAE,2026-02-07,111779,1,2,0,461.0
10109998FERREIRAE_2026-02-07_G35,10109998FERREIRAE,2026-02-07,141916,1,20,0,363.0
10109998FERREIRAE_2026-02-07_G36,10109998FERREIRAE,2026-02-07,141318,1,10,0,393.0
10109998FERREIRAE_2026-02-07_G37,10109998FERREIRAE,2026-02-07,110742,1,4,0,131.0
10109998FERREIRAE_2026-02-07_G38,10109998FERREIRAE,2026-02-07,111851,1,4,0,415.0
10109998FERREIRAE_2026-02-07_G39,10109998FERREIRAE,2026-02-07,111569,1,13,0,386.0
10109998FERREIRAE_2026-02-07_G40,10109998FERREIRAE,2026-02-07,110582,1,4,0,76.0
10109998FERREIRAE_2026-02-07_G41,10109998FERREIRAE,2026-02-07,117789,1,4,0,163.0
10109998FERREIRAE_2026-02-09_G02,10109998FERREIRAE,2026-02-09,111348,1,11,0,170.0
10109998FERREIRAE_2026-02-09_G03,10109998FERREIRAE,2026-02-09,117821,1,65,0,693.0
10109998FERREIRAE_2026-02-09_G04,10109998FERREIRAE,2026-02-09,108711,1,50,0,611.0
10109998FERREIRAE_2026-02-09_G05,10109998FERREIRAE,2026-02-09,111469,1,70,0,447.0
10109998FERREIRAE_2026-02-09_G06,10109998FERREIRAE,2026-02-09,105705,1,39,0,643.0
10109998FERREIRAE_2026-02-09_G07,10109998FERREIRAE,2026-02-09,109645,1,50,0,982.0
10109998FERREIRAE_2026-02-09_G08,10109998FERREIRAE,2026-02-09,118223,1,7,0,89.0
10109998FERREIRAE_2026-02-09_G09,10109998FERREIRAE,2026-02-09,108794,1,80,0,451.0
10109998FERREIRAE_2026-02-09_G10,10109998FERREIRAE,2026-02-09,117831,1,4,0,561.0
10109998FERREIRAE_2026-02-09_G11,10109998FERREIRAE,2026-02-09,110740,1,2,0,72.0
10109998FERREIRAE_2026-02-09_G12,10109998FERREIRAE,2026-02-09,117821,1,8,0,103.0
10109998FERREIRAE_2026-02-09_G13,10109998FERREIRAE,2026-02-09,111743,1,2,0,129.0
10109998FERREIRAE_2026-02-09_G14,10109998FERREIRAE,2026-02-09,111466,1,6,0,191.0
10109998FERREIRAE_2026-02-09_G15,10109998FERREIRAE,2026-02-09,118140,1,3,0,116.0
10109998FERREIRAE_2026-02-09_G16,10109998FERREIRAE,2026-02-09,111463,1,4,0,111.0
10109998FERREIRAE_2026-02-09_G17,10109998FERREIRAE,2026-02-09,111418,1,13,0,209.0
10109998FERREIRAE_2026-02-09_G18,10109998FERREIRAE,2026-02-09,141457,1,22,0,356.0
10109998FERREIRAE_2026-02-09_G19,10109998FERREIRAE,2026-02-09,111444,1,2,0,50.0
10109998FERREIRAE_2026-02-09_G20,10109998FERREIRAE,2026-02-09,141458,1,7,0,1072.0
10109998FERREIRAE_2026-02-09_G21,10109998FERREIRAE,2026-02-09,141458,1,94,0,451.0
10109998FERREIRAE_2026-02-09_G22,10109998FERREIRAE,2026-02-09,141458,1,2,0,34.0
10109998FERREIRAE_2026-02-09_G23,10109998FERREIRAE,2026-02-09,117785,1,40,0,972.0
10109998FERREIRAE_2026-02-09_G24,10109998FERREIRAE,2026-02-09,116241,1,29,0,913.0
10109998FERREIRAE_2026-02-09_G25,10109998FERREIRAE,2026-02-09,111532,1,11,0,580.0
10109998FERREIRAE_2026-02-09_G27,10109998FERREIRAE,2026-02-09,142045,1,80,0,537.0
10109998FERREIRAE_2026-02-09_G28,10109998FERREIRAE,2026-02-09,111438,1,20,0,343.0
10109998FERREIRAE_2026-02-09_G29,10109998FERREIRAE,2026-02-09,110742,1,6,0,413.0
10109998FERREIRAE_2026-02-09_G30,10109998FERREIRAE,2026-02-09,110742,1,6,0,49.0
10109998FERREIRAE_2026-02-09_G31,10109998FERREIRAE,2026-02-09,111330,1,4,0,875.0
10109998FERREIRAE_2026-02-09_G32,10109998FERREIRAE,2026-02-09,118140,1,17,0,556.0
10109998FERREIRAE_2026-02-09_G33,10109998FERREIRAE,2026-02-09,111463,1,26,0,162.0
10109998FERREIRAE_2026-02-09_G34,10109998FERREIRAE,2026-02-09,111463,1,2,0,43.0
10109998FERREIRAE_2026-02-09_G35,10109998FERREIRAE,2026-02-09,111465,1,2,0,121.0
10109998FERREIRAE_2026-02-09_G36,10109998FERREIRAE,2026-02-09,141458,1,4,0,243.0
10109998FERREIRAE_2026-02-09_G37,10109998FERREIRAE,2026-02-09,117785,1,53,0,278.0
10109998FERREIRAE_2026-02-09_G38,10109998FERREIRAE,2026-02-09,109641,1,19,0,1525.0
10109998FERREIRAE_2026-02-09_G39,10109998FERREIRAE,2026-02-09,108795,1,2,0,1649.0
10109998FERREIRAE_2026-02-09_G40,10109998FERREIRAE,2026-02-09,108711,1,13,0,359.0
10109998FERREIRAE_2026-02-09_G41,10109998FERREIRAE,2026-02-09,111443,1,2,0,149.0
10109998FERREIRAE_2026-02-09_G42,10109998FERREIRAE,2026-02-09,107236,1,2,0,138.0
10109998FERREIRAE_2026-02-09_G43,10109998FERREIRAE,2026-02-09,107236,1,2,0,103.0
10109998FERREIRAE_2026-02-09_G44,10109998FERREIRAE,2026-02-09,107236,1,4,0,98.0
10109998FERREIRAE_2026-02-09_G45,10109998FERREIRAE,2026-02-09,111532,1,80,0,491.0
10109998FERREIRAE_2026-02-09_G46,10109998FERREIRAE,2026-02-09,111532,1,50,0,308.0
10109998FERREIRAE_2026-02-09_G47,10109998FERREIRAE,2026-02-09,117856,1,55,0,1307.0
10109998FERREIRAE_2026-02-10_G02,10109998FERREIRAE,2026-02-10,117831,1,4,0,90.0
10109998FERREIRAE_2026-02-10_G03,10109998FERREIRAE,2026-02-10,111743,1,8,0,151.0
10109998FERREIRAE_2026-02-10_G04,10109998FERREIRAE,2026-02-10,111172,1,8,0,1089.0
10109998FERREIRAE_2026-02-10_G05,10109998FERREIRAE,2026-02-10,111532,1,4,0,201.0
10109998FERREIRAE_2026-02-10_G06,10109998FERREIRAE,2026-02-10,111465,1,8,0,291.0
10109998FERREIRAE_2026-02-10_G07,10109998FERREIRAE,2026-02-10,118299,1,13,0,288.0
10109998FERREIRAE_2026-02-10_G08,10109998FERREIRAE,2026-02-10,118299,1,7,0,95.0
10109998FERREIRAE_2026-02-10_G09,10109998FERREIRAE,2026-02-10,110372,1,6,0,91.0
10109998FERREIRAE_2026-02-10_G10,10109998FERREIRAE,2026-02-10,110373,1,7,0,150.0
10109998FERREIRAE_2026-02-10_G11,10109998FERREIRAE,2026-02-10,117855,1,8,0,530.0
10109998FERREIRAE_2026-02-10_G12,10109998FERREIRAE,2026-02-10,111530,1,8,0,278.0
10109998FERREIRAE_2026-02-10_G13,10109998FERREIRAE,2026-02-10,111602,1,7,0,432.0
10109998FERREIRAE_2026-02-10_G14,10109998FERREIRAE,2026-02-10,117861,1,4,0,1469.0
10109998FERREIRAE_2026-02-10_G15,10109998FERREIRAE,2026-02-10,140923,1,8,0,242.0
10109998FERREIRAE_2026-02-10_G16,10109998FERREIRAE,2026-02-10,117862,1,1,0,82.0
10109998FERREIRAE_2026-02-10_G17,10109998FERREIRAE,2026-02-10,111530,1,1,0,60.0
10109998FERREIRAE_2026-02-10_G18,10109998FERREIRAE,2026-02-10,141047,1,2,0,124.0
10109998FERREIRAE_2026-02-10_G19,10109998FERREIRAE,2026-02-10,111602,1,2,0,110.0
10109998FERREIRAE_2026-02-10_G20,10109998FERREIRAE,2026-02-10,117856,1,4,0,95.0
10109998FERREIRAE_2026-02-10_G21,10109998FERREIRAE,2026-02-10,109640,1,4,0,149.0
10109998FERREIRAE_2026-02-10_G22,10109998FERREIRAE,2026-02-10,110339,1,5,0,95.0
10109998FERREIRAE_2026-02-10_G23,10109998FERREIRAE,2026-02-10,117837,1,2,0,184.0
10109998FERREIRAE_2026-02-10_G24,10109998FERREIRAE,2026-02-10,110752,1,1,0,1278.0
10109998FERREIRAE_2026-02-10_G25,10109998FERREIRAE,2026-02-10,140923,1,6,0,1648.0
10109998FERREIRAE_2026-02-10_G26,10109998FERREIRAE,2026-02-10,111876,1,4,0,113.0
10109998FERREIRAE_2026-02-10_G27,10109998FERREIRAE,2026-02-10,117861,1,2,0,78.0
10109998FERREIRAE_2026-02-10_G28,10109998FERREIRAE,2026-02-10,111467,1,4,0,516.0
10109998FERREIRAE_2026-02-10_G29,10109998FERREIRAE,2026-02-10,107629,1,4,0,90.0
10109998FERREIRAE_2026-02-10_G30,10109998FERREIRAE,2026-02-10,111530,1,2,0,122.0
10109998FERREIRAE_2026-02-10_G31,10109998FERREIRAE,2026-02-10,141047,1,1,0,104.0
10109998FERREIRAE_2026-02-10_G32,10109998FERREIRAE,2026-02-10,117856,1,4,0,101.0
10109998FERREIRAE_2026-02-10_G33,10109998FERREIRAE,2026-02-10,110339,1,10,0,133.0
10109998FERREIRAE_2026-02-10_G34,10109998FERREIRAE,2026-02-10,141166,1,4,0,178.0
10109998FERREIRAE_2026-02-10_G35,10109998FERREIRAE,2026-02-10,110895,1,2,0,476.0
10109998FERREIRAE_2026-02-10_G36,10109998FERREIRAE,2026-02-10,141916,1,4,0,151.0
10109998FERREIRAE_2026-02-10_G38,10109998FERREIRAE,2026-02-10,111569,1,6,0,135.0
10109998FERREIRAE_2026-02-10_G39,10109998FERREIRAE,2026-02-10,117838,1,2,0,1005.0
10109998FERREIRAE_2026-02-10_G40,10109998FERREIRAE,2026-02-10,107236,1,3,0,426.0
10109998FERREIRAE_2026-02-10_G41,10109998FERREIRAE,2026-02-10,110787,1,2,0,213.0
10109998FERREIRAE_2026-02-10_G42,10109998FERREIRAE,2026-02-10,108795,1,6,0,101.0
10109998FERREIRAE_2026-02-10_G43,10109998FERREIRAE,2026-02-10,111348,1,4,0,92.0
10109998FERREIRAE_2026-02-10_G44,10109998FERREIRAE,2026-02-10,117831,1,2,0,82.0
10109998FERREIRAE_2026-02-10_G45,10109998FERREIRAE,2026-02-10,117833,1,2,0,65.0
10109998FERREIRAE_2026-02-10_G46,10109998FERREIRAE,2026-02-10,111469,1,2,0,65.0
10109998FERREIRAE_2026-02-10_G47,10109998FERREIRAE,2026-02-10,111743,1,1,0,68.0
10109998FERREIRAE_2026-02-10_G48,10109998FERREIRAE,2026-02-10,141271,1,10,0,413.0
10109998FERREIRAE_2026-02-10_G49,10109998FERREIRAE,2026-02-10,118140,1,8,0,269.0
10109998FERREIRAE_2026-02-10_G50,10109998FERREIRAE,2026-02-10,105705,1,2,0,336.0
10109998FERREIRAE_2026-02-10_G51,10109998FERREIRAE,2026-02-10,111463,1,1,0,153.0
10109998FERREIRAE_2026-02-10_G52,10109998FERREIRAE,2026-02-10,109645,1,2,0,263.0
10109998FERREIRAE_2026-02-10_G53,10109998FERREIRAE,2026-02-10,111532,1,2,0,231.0
10109998FERREIRAE_2026-02-10_G54,10109998FERREIRAE,2026-02-10,118223,1,2,0,94.0
10109998FERREIRAE_2026-02-10_G55,10109998FERREIRAE,2026-02-10,111465,1,2,0,96.0
10109998FERREIRAE_2026-02-10_G56,10109998FERREIRAE,2026-02-10,111441,1,4,0,573.0
10109998FERREIRAE_2026-02-10_G57,10109998FERREIRAE,2026-02-10,110895,1,8,0,203.0
10109998FERREIRAE_2026-02-10_G58,10109998FERREIRAE,2026-02-10,111438,1,8,0,221.0
10109998FERREIRAE_2026-02-10_G59,10109998FERREIRAE,2026-02-10,141916,1,2,0,115.0
10109998FERREIRAE_2026-02-10_G60,10109998FERREIRAE,2026-02-10,110751,1,5,0,898.0
10109998FERREIRAE_2026-02-10_G61,10109998FERREIRAE,2026-02-10,111469,1,14,0,275.0
10109998FERREIRAE_2026-02-10_G62,10109998FERREIRAE,2026-02-10,141456,1,10,0,206.0
10109998FERREIRAE_2026-02-10_G63,10109998FERREIRAE,2026-02-10,111532,1,4,0,128.0
10109998FERREIRAE_2026-02-10_G64,10109998FERREIRAE,2026-02-10,111465,1,4,0,108.0
10109998FERREIRAE_2026-02-10_G65,10109998FERREIRAE,2026-02-10,107830,1,2,0,240.0
10109998FERREIRAE_2026-02-10_G66,10109998FERREIRAE,2026-02-10,117831,1,24,0,2417.0
10109998FERREIRAE_2026-02-10_G67,10109998FERREIRAE,2026-02-10,111418,1,30,0,422.0
10109998FERREIRAE_2026-02-10_G68,10109998FERREIRAE,2026-02-10,141456,1,20,0,399.0
10109998FERREIRAE_2026-02-10_G69,10109998FERREIRAE,2026-02-10,141457,1,30,0,380.0
10109998FERREIRAE_2026-02-11_G02,10109998FERREIRAE,2026-02-11,140923,1,7,0,526.0
10109998FERREIRAE_2026-02-11_G03,10109998FERREIRAE,2026-02-11,109641,1,2,0,886.0
10109998FERREIRAE_2026-02-11_G04,10109998FERREIRAE,2026-02-11,117833,1,2,0,127.0
10109998FERREIRAE_2026-02-11_G05,10109998FERREIRAE,2026-02-11,111463,1,2,0,113.0
10109998FERREIRAE_2026-02-11_G06,10109998FERREIRAE,2026-02-11,141456,1,2,0,207.0
10109998FERREIRAE_2026-02-11_G07,10109998FERREIRAE,2026-02-11,117838,1,2,0,266.0
10109998FERREIRAE_2026-02-11_G08,10109998FERREIRAE,2026-02-11,117785,1,2,0,168.0
10109998FERREIRAE_2026-02-11_G10,10109998FERREIRAE,2026-02-11,117831,1,20,0,657.0
10109998FERREIRAE_2026-02-11_G11,10109998FERREIRAE,2026-02-11,108798,1,2,0,374.0
10109998FERREIRAE_2026-02-11_G12,10109998FERREIRAE,2026-02-11,108798,1,2,0,46.0
10109998FERREIRAE_2026-02-11_G13,10109998FERREIRAE,2026-02-11,111763,1,1,0,66.0
10109998FERREIRAE_2026-02-11_G14,10109998FERREIRAE,2026-02-11,117787,1,5,0,1036.0
10109998FERREIRAE_2026-02-11_G15,10109998FERREIRAE,2026-02-11,117787,1,5,0,117.0
10109998FERREIRAE_2026-02-11_G16,10109998FERREIRAE,2026-02-11,111602,1,70,0,1685.0
10109998FERREIRAE_2026-02-12_G02,10109998FERREIRAE,2026-02-12,115817,1,10,0,384.0
10109998FERREIRAE_2026-02-12_G03,10109998FERREIRAE,2026-02-12,108795,1,20,0,276.0
10109998FERREIRAE_2026-02-12_G04,10109998FERREIRAE,2026-02-12,108794,1,50,0,1438.0
10109998FERREIRAE_2026-02-12_G05,10109998FERREIRAE,2026-02-12,117831,1,20,0,363.0
10109998FERREIRAE_2026-02-12_G06,10109998FERREIRAE,2026-02-12,116241,1,6,0,378.0
10109998FERREIRAE_2026-02-12_G07,10109998FERREIRAE,2026-02-12,115209,1,12,0,586.0
10109998FERREIRAE_2026-02-12_G08,10109998FERREIRAE,2026-02-12,141271,1,20,0,398.0
10109998FERREIRAE_2026-02-12_G09,10109998FERREIRAE,2026-02-12,141048,1,2,0,224.0
10109998FERREIRAE_2026-02-12_G10,10109998FERREIRAE,2026-02-12,108798,1,10,0,379.0
10109998FERREIRAE_2026-02-12_G11,10109998FERREIRAE,2026-02-12,117838,1,50,0,592.0
10109998FERREIRAE_2026-02-12_G12,10109998FERREIRAE,2026-02-12,141457,1,50,0,593.0
10109998FERREIRAE_2026-02-12_G13,10109998FERREIRAE,2026-02-12,141457,2,100,27,313.0
10109998FERREIRAE_2026-02-12_G14,10109998FERREIRAE,2026-02-12,117787,1,30,0,730.0
10109998FERREIRAE_2026-02-12_G15,10109998FERREIRAE,2026-02-12,107236,1,40,0,415.0
10109998FERREIRAE_2026-02-12_G16,10109998FERREIRAE,2026-02-12,117832,1,200,0,721.0
10109998FERREIRAE_2026-02-12_G17,10109998FERREIRAE,2026-02-12,117831,1,16,0,1006.0
10109998FERREIRAE_2026-02-12_G18,10109998FERREIRAE,2026-02-12,111743,1,4,0,323.0
10109998FERREIRAE_2026-02-12_G19,10109998FERREIRAE,2026-02-12,111466,1,48,0,226.0
10109998FERREIRAE_2026-02-12_G20,10109998FERREIRAE,2026-02-12,160055,1,6,0,373.0
10109998FERREIRAE_2026-02-12_G21,10109998FERREIRAE,2026-02-12,107236,1,20,0,234.0
10109998FERREIRAE_2026-02-12_G22,10109998FERREIRAE,2026-02-12,141456,1,8,0,149.0
10109998FERREIRAE_2026-02-12_G23,10109998FERREIRAE,2026-02-12,118223,1,1,0,84.0
10109998FERREIRAE_2026-02-12_G24,10109998FERREIRAE,2026-02-12,111433,1,8,0,335.0
10109998FERREIRAE_2026-02-12_G25,10109998FERREIRAE,2026-02-12,111444,1,4,0,108.0
10109998FERREIRAE_2026-02-12_G26,10109998FERREIRAE,2026-02-12,111465,1,8,0,113.0
10109998FERREIRAE_2026-02-12_G27,10109998FERREIRAE,2026-02-12,117787,1,4,0,103.0
10109998FERREIRAE_2026-02-12_G28,10109998FERREIRAE,2026-02-12,141458,1,8,0,139.0
10109998FERREIRAE_2026-02-12_G30,10109998FERREIRAE,2026-02-12,117820,1,32,0,476.0
10109998FERREIRAE_2026-02-12_G31,10109998FERREIRAE,2026-02-12,110325,1,20,0,407.0
10109998FERREIRAE_2026-02-12_G32,10109998FERREIRAE,2026-02-12,160051,1,8,0,129.0
10109998FERREIRAE_2026-02-12_G33,10109998FERREIRAE,2026-02-12,110372,1,60,0,601.0
10109998FERREIRAE_2026-02-12_G34,10109998FERREIRAE,2026-02-12,117832,1,12,0,169.0
10109998FERREIRAE_2026-02-12_G35,10109998FERREIRAE,2026-02-12,110371,1,48,0,425.0
10109998FERREIRAE_2026-02-12_G36,10109998FERREIRAE,2026-02-12,108770,1,2,0,539.0
10109998FERREIRAE_2026-02-12_G37,10109998FERREIRAE,2026-02-12,110895,1,1,0,55.0
10109998FERREIRAE_2026-02-12_G38,10109998FERREIRAE,2026-02-12,111438,1,4,0,107.0
10109998FERREIRAE_2026-02-12_G39,10109998FERREIRAE,2026-02-12,118251,1,4,0,164.0
10109998FERREIRAE_2026-02-12_G40,10109998FERREIRAE,2026-02-12,110747,1,4,0,169.0
10109998FERREIRAE_2026-02-12_G41,10109998FERREIRAE,2026-02-12,111418,1,10,0,679.0
10109998FERREIRAE_2026-02-12_G42,10109998FERREIRAE,2026-02-12,141456,1,8,0,126.0
10109998FERREIRAE_2026-02-12_G43,10109998FERREIRAE,2026-02-12,111463,1,5,0,139.0
10109998FERREIRAE_2026-02-12_G44,10109998FERREIRAE,2026-02-12,141458,1,8,0,113.0
10109998FERREIRAE_2026-02-12_G46,10109998FERREIRAE,2026-02-12,107830,1,4,0,42.0
10109998FERREIRAE_2026-02-12_G47,10109998FERREIRAE,2026-02-12,118251,1,8,0,407.0
10109998FERREIRAE_2026-02-12_G48,10109998FERREIRAE,2026-02-12,111442,1,2,0,132.0
10109998FERREIRAE_2026-02-12_G49,10109998FERREIRAE,2026-02-12,111172,1,1,0,199.0
10109998FERREIRAE_2026-02-12_G50,10109998FERREIRAE,2026-02-12,142080,1,4,0,884.0
10109998FERREIRAE_2026-02-12_G51,10109998FERREIRAE,2026-02-12,111466,1,5,0,131.0
10109998FERREIRAE_2026-02-12_G52,10109998FERREIRAE,2026-02-12,141456,1,2,0,114.0
10109998FERREIRAE_2026-02-12_G53,10109998FERREIRAE,2026-02-12,141456,1,8,0,82.0
10109998FERREIRAE_2026-02-12_G54,10109998FERREIRAE,2026-02-12,109643,1,3,0,109.0
10109998FERREIRAE_2026-02-13_G02,10109998FERREIRAE,2026-02-13,117862,1,48,0,461.0
10109998FERREIRAE_2026-02-13_G03,10109998FERREIRAE,2026-02-13,117786,1,111,0,1158.0
10109998FERREIRAE_2026-02-13_G04,10109998FERREIRAE,2026-02-13,117856,1,70,0,764.0
10109998FERREIRAE_2026-02-13_G05,10109998FERREIRAE,2026-02-13,110339,1,110,0,1900.0
10109998FERREIRAE_2026-02-13_G06,10109998FERREIRAE,2026-02-13,117830,1,150,0,1296.0
10109998FERREIRAE_2026-02-14_G02,10109998FERREIRAE,2026-02-14,110740,1,140,0,2246.0
10109998FERREIRAE_2026-02-14_G04,10109998FERREIRAE,2026-02-14,110787,1,30,0,198.0
10109998FERREIRAE_2026-02-14_G05,10109998FERREIRAE,2026-02-14,111442,1,2,0,239.0
10109998FERREIRAE_2026-02-14_G06,10109998FERREIRAE,2026-02-14,109645,1,16,0,261.0
10109998FERREIRAE_2026-02-14_G07,10109998FERREIRAE,2026-02-14,117838,1,9,0,140.0
10109998FERREIRAE_2026-02-14_G08,10109998FERREIRAE,2026-02-14,110740,1,20,0,386.0
10109998FERREIRAE_2026-02-14_G09,10109998FERREIRAE,2026-02-14,117785,1,100,0,1095.0
10109998FERREIRAE_2026-02-14_G10,10109998FERREIRAE,2026-02-14,142045,1,30,0,515.0
10109998FERREIRAE_2026-02-14_G11,10109998FERREIRAE,2026-02-14,111430,1,2,0,250.0
10109998FERREIRAE_2026-02-14_G12,10109998FERREIRAE,2026-02-14,117835,1,2,0,235.0
10109998FERREIRAE_2026-02-14_G13,10109998FERREIRAE,2026-02-14,108770,1,6,0,131.0
10109998FERREIRAE_2026-02-14_G14,10109998FERREIRAE,2026-02-14,110895,1,30,0,342.0
10109998FERREIRAE_2026-02-14_G15,10109998FERREIRAE,2026-02-14,110747,1,10,0,231.0
10109998FERREIRAE_2026-02-14_G16,10109998FERREIRAE,2026-02-14,141916,1,9,0,792.0
10109998FERREIRAE_2026-02-14_G17,10109998FERREIRAE,2026-02-14,110372,1,100,0,498.0
10109998FERREIRAE_2026-02-14_G18,10109998FERREIRAE,2026-02-14,109643,1,22,0,322.0
10109998FERREIRAE_2026-02-16_G02,10109998FERREIRAE,2026-02-16,110787,1,4,0,319.0
10109998FERREIRAE_2026-02-16_G03,10109998FERREIRAE,2026-02-16,111418,1,3,0,108.0
10109998FERREIRAE_2026-02-16_G04,10109998FERREIRAE,2026-02-16,110740,1,4,0,129.0
10109998FERREIRAE_2026-02-16_G05,10109998FERREIRAE,2026-02-16,111876,1,4,0,215.0
10109998FERREIRAE_2026-02-16_G06,10109998FERREIRAE,2026-02-16,140923,1,3,0,75.0
10109998FERREIRAE_2026-02-16_G07,10109998FERREIRAE,2026-02-16,117862,1,3,0,88.0
10109998FERREIRAE_2026-02-16_G08,10109998FERREIRAE,2026-02-16,117856,1,4,0,118.0
10109998FERREIRAE_2026-02-16_G09,10109998FERREIRAE,2026-02-16,117842,1,4,0,453.0
10109998FERREIRAE_2026-02-16_G10,10109998FERREIRAE,2026-02-16,108795,1,2,0,78.0
10109998FERREIRAE_2026-02-16_G11,10109998FERREIRAE,2026-02-16,107236,1,2,0,81.0
10109998FERREIRAE_2026-02-16_G12,10109998FERREIRAE,2026-02-16,141271,1,8,0,101.0
10109998FERREIRAE_2026-02-16_G13,10109998FERREIRAE,2026-02-16,117809,1,2,0,182.0
10109998FERREIRAE_2026-02-16_G14,10109998FERREIRAE,2026-02-16,111532,1,4,0,560.0
10109998FERREIRAE_2026-02-16_G15,10109998FERREIRAE,2026-02-16,117842,1,2,0,289.0
10109998FERREIRAE_2026-02-16_G16,10109998FERREIRAE,2026-02-16,116241,1,2,0,98.0
10109998FERREIRAE_2026-02-16_G17,10109998FERREIRAE,2026-02-16,110743,1,2,0,59.0
10109998FERREIRAE_2026-02-16_G18,10109998FERREIRAE,2026-02-16,118140,1,4,0,97.0
10109998FERREIRAE_2026-02-16_G19,10109998FERREIRAE,2026-02-16,110787,1,2,0,133.0
10109998FERREIRAE_2026-02-16_G20,10109998FERREIRAE,2026-02-16,111466,1,4,0,82.0
10109998FERREIRAE_2026-02-16_G21,10109998FERREIRAE,2026-02-16,111418,1,14,0,178.0
10109998FERREIRAE_2026-02-16_G22,10109998FERREIRAE,2026-02-16,141271,1,14,0,201.0
10109998FERREIRAE_2026-02-16_G23,10109998FERREIRAE,2026-02-16,117831,1,11,0,178.0
10109998FERREIRAE_2026-02-16_G24,10109998FERREIRAE,2026-02-16,141456,1,13,0,1306.0
10109998FERREIRAE_2026-02-16_G25,10109998FERREIRAE,2026-02-16,111467,2,4,26,454.0
10109998FERREIRAE_2026-02-16_G26,10109998FERREIRAE,2026-02-16,140923,1,2,0,138.0
10109998FERREIRAE_2026-02-16_G27,10109998FERREIRAE,2026-02-16,117862,1,2,0,91.0
10109998FERREIRAE_2026-02-16_G28,10109998FERREIRAE,2026-02-16,117856,1,2,0,110.0
10109998FERREIRAE_2026-02-16_G29,10109998FERREIRAE,2026-02-16,110339,1,2,0,120.0
10109998FERREIRAE_2026-02-16_G30,10109998FERREIRAE,2026-02-16,111466,1,9,0,1763.0
10109998FERREIRAE_2026-02-16_G31,10109998FERREIRAE,2026-02-16,117785,1,2,0,184.0
10109998FERREIRAE_2026-02-16_G32,10109998FERREIRAE,2026-02-16,108711,1,2,0,139.0
10109998FERREIRAE_2026-02-16_G33,10109998FERREIRAE,2026-02-16,111469,1,4,0,818.0
10109998FERREIRAE_2026-02-16_G34,10109998FERREIRAE,2026-02-16,111743,1,1,0,40.0
10109998FERREIRAE_2026-02-16_G35,10109998FERREIRAE,2026-02-16,111172,1,6,0,165.0
10109998FERREIRAE_2026-02-16_G36,10109998FERREIRAE,2026-02-16,111418,1,6,0,127.0
10109998FERREIRAE_2026-02-16_G37,10109998FERREIRAE,2026-02-16,141271,1,4,0,331.0
10109998FERREIRAE_2026-02-16_G38,10109998FERREIRAE,2026-02-16,117831,1,8,0,149.0
10109998FERREIRAE_2026-02-16_G39,10109998FERREIRAE,2026-02-16,117842,1,2,0,489.0
10109998FERREIRAE_2026-02-16_G40,10109998FERREIRAE,2026-02-16,108794,1,4,0,57.0
10109998FERREIRAE_2026-02-16_G41,10109998FERREIRAE,2026-02-16,110743,1,4,0,111.0
10109998FERREIRAE_2026-02-16_G42,10109998FERREIRAE,2026-02-16,118317,1,1,0,121.0
10109998FERREIRAE_2026-02-16_G43,10109998FERREIRAE,2026-02-16,117831,1,16,0,338.0
10109998FERREIRAE_2026-02-16_G44,10109998FERREIRAE,2026-02-16,117838,1,4,0,121.0
10109998FERREIRAE_2026-02-16_G45,10109998FERREIRAE,2026-02-16,111433,1,2,0,71.0
10109998FERREIRAE_2026-02-16_G46,10109998FERREIRAE,2026-02-16,111465,1,5,0,133.0
10109998FERREIRAE_2026-02-16_G47,10109998FERREIRAE,2026-02-16,111463,1,30,0,658.0
10109998FERREIRAE_2026-02-16_G49,10109998FERREIRAE,2026-02-16,111348,1,2,0,534.0
10109998FERREIRAE_2026-02-16_G50,10109998FERREIRAE,2026-02-16,108794,1,20,0,522.0
10109998FERREIRAE_2026-02-16_G51,10109998FERREIRAE,2026-02-16,117821,1,2,0,88.0
10109998FERREIRAE_2026-02-16_G52,10109998FERREIRAE,2026-02-16,117841,1,4,0,147.0
10109998FERREIRAE_2026-02-16_G53,10109998FERREIRAE,2026-02-16,118317,1,4,0,101.0
10109998FERREIRAE_2026-02-16_G54,10109998FERREIRAE,2026-02-16,141271,1,20,0,393.0
10109998FERREIRAE_2026-02-16_G55,10109998FERREIRAE,2026-02-16,111442,1,2,0,354.0
10109998FERREIRAE_2026-02-16_G56,10109998FERREIRAE,2026-02-16,117838,1,4,0,156.0
10109998FERREIRAE_2026-02-16_G57,10109998FERREIRAE,2026-02-16,111433,1,6,0,346.0
10109998FERREIRAE_2026-02-16_G58,10109998FERREIRAE,2026-02-16,141457,1,16,0,204.0
10109998FERREIRAE_2026-02-16_G59,10109998FERREIRAE,2026-02-16,141456,1,20,0,920.0
10109998FERREIRAE_2026-02-16_G60,10109998FERREIRAE,2026-02-16,107629,1,4,0,181.0
10109998FERREIRAE_2026-02-16_G61,10109998FERREIRAE,2026-02-16,117862,1,4,0,121.0
10109998FERREIRAE_2026-02-16_G62,10109998FERREIRAE,2026-02-16,141352,1,4,0,510.0
10109998FERREIRAE_2026-02-16_G63,10109998FERREIRAE,2026-02-16,117837,1,4,0,239.0
10109998FERREIRAE_2026-02-16_G64,10109998FERREIRAE,2026-02-16,117786,1,24,0,451.0
10109998FERREIRAE_2026-02-16_G65,10109998FERREIRAE,2026-02-16,117856,1,28,0,459.0
10109998FERREIRAE_2026-02-16_G66,10109998FERREIRAE,2026-02-16,111655,1,4,0,509.0
10109998FERREIRAE_2026-02-16_G67,10109998FERREIRAE,2026-02-16,111430,1,6,0,184.0
10109998FERREIRAE_2026-02-16_G68,10109998FERREIRAE,2026-02-16,108770,1,4,0,196.0
10109998FERREIRAE_2026-02-16_G69,10109998FERREIRAE,2026-02-16,110895,1,1,0,254.0
10109998FERREIRAE_2026-02-16_G70,10109998FERREIRAE,2026-02-16,110747,1,4,0,370.0
10109998FERREIRAE_2026-02-16_G71,10109998FERREIRAE,2026-02-16,141916,1,3,0,644.0
10109998FERREIRAE_2026-02-16_G72,10109998FERREIRAE,2026-02-16,100334,1,4,0,146.0
10109998FERREIRAE_2026-02-16_G73,10109998FERREIRAE,2026-02-16,117808,1,300,0,1942.0
10109998FERREIRAE_2026-02-16_G74,10109998FERREIRAE,2026-02-16,110376,1,11,0,436.0
10109998FERREIRAE_2026-02-16_G75,10109998FERREIRAE,2026-02-16,110372,1,40,0,895.0
10109998FERREIRAE_2026-02-20_G02,10109998FERREIRAE,2026-02-20,123822,1,150,0,1970.0
10109998FERREIRAE_2026-02-21_G02,10109998FERREIRAE,2026-02-21,141166,1,17,0,517.0
10109998FERREIRAE_2026-02-21_G03,10109998FERREIRAE,2026-02-21,117832,1,9,0,404.0
10109998FERREIRAE_2026-02-21_G04,10109998FERREIRAE,2026-02-21,107830,1,4,0,232.0
10109998FERREIRAE_2026-02-21_G05,10109998FERREIRAE,2026-02-21,111462,1,6,0,734.0
10109998FERREIRAE_2026-02-21_G06,10109998FERREIRAE,2026-02-21,111443,1,6,0,173.0
10109998FERREIRAE_2026-02-21_G07,10109998FERREIRAE,2026-02-21,117853,1,28,0,706.0
10109998FERREIRAE_2026-02-21_G08,10109998FERREIRAE,2026-02-21,111569,1,4,0,166.0
10109998FERREIRAE_2026-02-21_G10,10109998FERREIRAE,2026-02-21,140923,1,118,0,1245.0
10109998FERREIRAE_2026-02-21_G11,10109998FERREIRAE,2026-02-21,107629,1,6,0,261.0
10109998FERREIRAE_2026-02-21_G12,10109998FERREIRAE,2026-02-21,111602,1,9,0,99.0
10109998FERREIRAE_2026-02-21_G13,10109998FERREIRAE,2026-02-21,141166,1,6,0,127.0
10109998FERREIRAE_2026-02-21_G14,10109998FERREIRAE,2026-02-21,110374,1,8,0,193.0
10109998FERREIRAE_2026-02-21_G15,10109998FERREIRAE,2026-02-21,117809,1,25,0,174.0
10109998FERREIRAE_2026-02-21_G16,10109998FERREIRAE,2026-02-21,110372,1,201,0,650.0
10109998FERREIRAE_2026-02-21_G17,10109998FERREIRAE,2026-02-21,111532,1,4,0,644.0
10109998FERREIRAE_2026-02-21_G18,10109998FERREIRAE,2026-02-21,117785,1,4,0,62.0
10109998FERREIRAE_2026-02-21_G19,10109998FERREIRAE,2026-02-21,117833,1,4,0,126.0
10109998FERREIRAE_2026-02-21_G20,10109998FERREIRAE,2026-02-21,108711,1,2,0,74.0
10109998FERREIRAE_2026-02-21_G21,10109998FERREIRAE,2026-02-21,111469,1,4,0,276.0
10109998FERREIRAE_2026-02-21_G22,10109998FERREIRAE,2026-02-21,110787,1,4,0,116.0
10109998FERREIRAE_2026-02-21_G23,10109998FERREIRAE,2026-02-21,107236,1,1,0,103.0
10109998FERREIRAE_2026-02-21_G24,10109998FERREIRAE,2026-02-21,141823,1,4,0,89.0
10109998FERREIRAE_2026-02-21_G25,10109998FERREIRAE,2026-02-21,111442,1,2,0,66.0
10109998FERREIRAE_2026-02-21_G26,10109998FERREIRAE,2026-02-21,108798,1,6,0,154.0
10109998FERREIRAE_2026-02-21_G27,10109998FERREIRAE,2026-02-21,111465,1,4,0,137.0
10109998FERREIRAE_2026-02-21_G28,10109998FERREIRAE,2026-02-21,111463,1,5,0,206.0
10109998FERREIRAE_2026-02-21_G29,10109998FERREIRAE,2026-02-21,109648,1,10,0,328.0
10109998FERREIRAE_2026-02-21_G30,10109998FERREIRAE,2026-02-21,118299,1,10,0,102.0
10109998FERREIRAE_2026-02-21_G31,10109998FERREIRAE,2026-02-21,110374,1,4,0,246.0
10109998FERREIRAE_2026-02-21_G32,10109998FERREIRAE,2026-02-21,160055,1,10,0,241.0
10109998FERREIRAE_2026-02-25_G02,10109998FERREIRAE,2026-02-25,107254,1,6,0,547.0
10109998FERREIRAE_2026-02-25_G03,10109998FERREIRAE,2026-02-25,118306,1,20,0,407.0
10109998FERREIRAE_2026-02-25_G04,10109998FERREIRAE,2026-02-25,141318,1,20,0,1074.0
10109998FERREIRAE_2026-02-25_G06,10109998FERREIRAE,2026-02-25,118269,1,4,0,183.0
10109998FERREIRAE_2026-02-25_G07,10109998FERREIRAE,2026-02-25,111832,1,2,0,323.0
10109998FERREIRAE_2026-02-25_G08,10109998FERREIRAE,2026-02-25,111444,1,8,0,1120.0
10109998FERREIRAE_2026-02-25_G09,10109998FERREIRAE,2026-02-25,117821,1,30,0,1311.0
10109998FERREIRAE_2026-02-25_G10,10109998FERREIRAE,2026-02-25,108711,1,30,0,2125.0
10109998FERREIRAE_2026-02-25_G11,10109998FERREIRAE,2026-02-25,110895,1,1,0,773.0
10109998FERREIRAE_2026-02-25_G12,10109998FERREIRAE,2026-02-25,117820,1,10,0,925.0
10109998FERREIRAE_2026-02-25_G13,10109998FERREIRAE,2026-02-25,117820,1,10,0,221.0
10109998FERREIRAE_2026-02-25_G14,10109998FERREIRAE,2026-02-25,141202,1,2,0,106.0
10109998FERREIRAE_2026-02-25_G15,10109998FERREIRAE,2026-02-25,118094,1,2,0,332.0
10109998FERREIRAE_2026-02-25_G16,10109998FERREIRAE,2026-02-25,108770,1,13,0,1861.0
10109998FERREIRAE_2026-02-25_G17,10109998FERREIRAE,2026-02-25,108770,1,4,0,95.0
10109998FERREIRAE_2026-02-25_G18,10109998FERREIRAE,2026-02-25,110841,1,2,0,244.0
10109998FERREIRAE_2026-02-25_G19,10109998FERREIRAE,2026-02-25,116527,1,4,0,171.0
10109998FERREIRAE_2026-02-25_G20,10109998FERREIRAE,2026-02-25,140911,1,2,0,444.0
10109998FERREIRAE_2026-02-25_G21,10109998FERREIRAE,2026-02-25,109648,1,2,0,384.0
10109998FERREIRAE_2026-02-25_G22,10109998FERREIRAE,2026-02-25,117808,1,127,0,1143.0
10109998FERREIRAE_2026-03-03_G02,10109998FERREIRAE,2026-03-03,122671,1,100,0,3064.0
10109998FERREIRAE_2026-03-03_G03,10109998FERREIRAE,2026-03-03,123822,1,17,0,827.0
10110003PEREIRAG_2025-09-12_G02,10110003PEREIRAG,2025-09-12,118250,1,18,0,663.0
10110003PEREIRAG_2025-09-15_G02,10110003PEREIRAG,2025-09-15,111172,1,71,0,62.0
10110003PEREIRAG_2025-09-15_G03,10110003PEREIRAG,2025-09-15,111172,1,29,0,66.0
10110003PEREIRAG_2025-09-15_G04,10110003PEREIRAG,2025-09-15,111761,1,15,0,114.0
10110003PEREIRAG_2025-09-15_G05,10110003PEREIRAG,2025-09-15,124476,1,7,0,218.0
10110003PEREIRAG_2025-09-15_G06,10110003PEREIRAG,2025-09-15,120995,1,1,0,54.0
10110003PEREIRAG_2025-09-15_G07,10110003PEREIRAG,2025-09-15,118290,1,3,0,39.0
10110003PEREIRAG_2025-09-15_G08,10110003PEREIRAG,2025-09-15,111724,1,1,0,87.0
10110003PEREIRAG_2025-09-15_G09,10110003PEREIRAG,2025-09-15,111739,1,7,0,98.0
10110003PEREIRAG_2025-09-15_G10,10110003PEREIRAG,2025-09-15,124594,1,4,0,220.0
10110003PEREIRAG_2025-09-15_G11,10110003PEREIRAG,2025-09-15,111758,1,4,0,117.0
10110003PEREIRAG_2025-09-15_G12,10110003PEREIRAG,2025-09-15,109648,1,2,0,64.0
10110003PEREIRAG_2025-09-15_G13,10110003PEREIRAG,2025-09-15,111437,1,4,0,819.0
10110003PEREIRAG_2025-09-15_G14,10110003PEREIRAG,2025-09-15,"111750, 111761",2,25,24,53.0
10110003PEREIRAG_2025-09-15_G15,10110003PEREIRAG,2025-09-15,111755,1,50,0,62.0
10110003PEREIRAG_2025-09-15_G16,10110003PEREIRAG,2025-09-15,"110813, 118281",2,34,17,62.0
10110003PEREIRAG_2025-09-15_G17,10110003PEREIRAG,2025-09-15,115775,1,4,0,47.0
10110003PEREIRAG_2025-09-15_G18,10110003PEREIRAG,2025-09-15,123344,1,4,0,131.0
10110003PEREIRAG_2025-09-15_G19,10110003PEREIRAG,2025-09-15,121760,1,4,0,53.0
10110003PEREIRAG_2025-09-15_G20,10110003PEREIRAG,2025-09-15,111172,1,5,0,47.0
10110003PEREIRAG_2025-09-15_G21,10110003PEREIRAG,2025-09-15,118326,1,1,0,189.0
10110003PEREIRAG_2025-09-15_G22,10110003PEREIRAG,2025-09-15,117837,1,22,0,45.0
10110003PEREIRAG_2025-09-15_G23,10110003PEREIRAG,2025-09-15,115234,1,4,0,47.0
10110003PEREIRAG_2025-09-15_G24,10110003PEREIRAG,2025-09-15,118140,1,37,0,56.0
10110003PEREIRAG_2025-09-15_G26,10110003PEREIRAG,2025-09-15,111172,1,12,0,33.0
10110003PEREIRAG_2025-09-15_G27,10110003PEREIRAG,2025-09-15,117935,1,3,0,847.0
10110003PEREIRAG_2025-09-18_G02,10110003PEREIRAG,2025-09-18,118191,1,1,0,70.0
10110003PEREIRAG_2025-09-18_G03,10110003PEREIRAG,2025-09-18,118326,1,2,0,154.0
10110003PEREIRAG_2025-09-18_G04,10110003PEREIRAG,2025-09-18,141249,1,4,0,56.0
10110003PEREIRAG_2025-09-18_G05,10110003PEREIRAG,2025-09-18,118322,1,6,0,52.0
10110003PEREIRAG_2025-09-18_G06,10110003PEREIRAG,2025-09-18,118290,1,4,0,158.0
10110003PEREIRAG_2025-09-19_G02,10110003PEREIRAG,2025-09-19,118140,1,17,0,360.0
10110003PEREIRAG_2025-09-19_G03,10110003PEREIRAG,2025-09-19,118191,1,47,0,83.0
10110003PEREIRAG_2025-09-26_G02,10110003PEREIRAG,2025-09-26,111634,1,8,0,533.0
10110003PEREIRAG_2025-09-26_G03,10110003PEREIRAG,2025-09-26,117837,1,2,0,167.0
10110003PEREIRAG_2025-09-26_G04,10110003PEREIRAG,2025-09-26,118322,1,3,0,133.0
10110003PEREIRAG_2025-09-26_G05,10110003PEREIRAG,2025-09-26,117820,1,8,0,212.0
10110003PEREIRAG_2025-09-26_G06,10110003PEREIRAG,2025-09-26,111530,2,13,19,61.0
10110003PEREIRAG_2025-09-26_G07,10110003PEREIRAG,2025-09-26,110313,1,12,0,523.0
10110003PEREIRAG_2025-09-26_G08,10110003PEREIRAG,2025-09-26,109649,1,70,0,105.0
10110003PEREIRAG_2025-09-26_G09,10110003PEREIRAG,2025-09-26,110313,1,6,0,1109.0
10110003PEREIRAG_2025-09-26_G10,10110003PEREIRAG,2025-09-26,"117832, 118299",2,26,15,37.0
10110003PEREIRAG_2025-09-26_G11,10110003PEREIRAG,2025-09-26,"160051, 117832",2,10,8,122.0
10110003PEREIRAG_2025-09-29_G02,10110003PEREIRAG,2025-09-29,"111620, 110711",3,47,21,111.0
10110003PEREIRAG_2025-09-30_G02,10110003PEREIRAG,2025-09-30,"110740, 117797",2,11,12,50.0
10110003PEREIRAG_2025-09-30_G03,10110003PEREIRAG,2025-09-30,"117935, 110740",2,11,11,60.0
10110003PEREIRAG_2025-09-30_G04,10110003PEREIRAG,2025-09-30,110515,1,20,0,321.0
10110003PEREIRAG_2025-09-30_G05,10110003PEREIRAG,2025-09-30,118224,1,4,0,89.0
10110003PEREIRAG_2025-09-30_G06,10110003PEREIRAG,2025-09-30,118322,1,2,0,55.0
10110003PEREIRAG_2025-09-30_G07,10110003PEREIRAG,2025-09-30,108770,2,6,7,117.0
10110003PEREIRAG_2025-09-30_G08,10110003PEREIRAG,2025-09-30,111724,1,8,0,100.0
10110003PEREIRAG_2025-09-30_G09,10110003PEREIRAG,2025-09-30,"141141, 111739",2,36,5,190.0
10110003PEREIRAG_2025-09-30_G10,10110003PEREIRAG,2025-09-30,111634,1,8,0,48.0
10110003PEREIRAG_2025-09-30_G11,10110003PEREIRAG,2025-09-30,"110746, 106179, 117935",3,30,32,100.0
10110003PEREIRAG_2025-09-30_G12,10110003PEREIRAG,2025-09-30,117935,1,4,0,3076.0
10110003PEREIRAG_2025-09-30_G14,10110003PEREIRAG,2025-09-30,111723,1,20,0,450.0
10110003PEREIRAG_2025-09-30_G15,10110003PEREIRAG,2025-09-30,"141262, 110740, 108770, 117797, 117820",8,22,105,38.0
10110003PEREIRAG_2025-10-01_G02,10110003PEREIRAG,2025-10-01,110895,1,13,0,84.0
10110003PEREIRAG_2025-10-01_G03,10110003PEREIRAG,2025-10-01,"122962, 124248",2,44,15,38.0
10110003PEREIRAG_2025-10-01_G04,10110003PEREIRAG,2025-10-01,117935,1,30,0,481.0
10110003PEREIRAG_2025-10-01_G05,10110003PEREIRAG,2025-10-01,"110742, 123561",2,7,29,238.0
10110003PEREIRAG_2025-10-01_G06,10110003PEREIRAG,2025-10-01,"110742, 110711",3,19,26,40.0
10110003PEREIRAG_2025-10-01_G07,10110003PEREIRAG,2025-10-01,111775,1,2,0,45.0
10110003PEREIRAG_2025-10-01_G08,10110003PEREIRAG,2025-10-01,111740,1,30,0,155.0
10110003PEREIRAG_2025-10-01_G09,10110003PEREIRAG,2025-10-01,118277,1,40,0,97.0
10110003PEREIRAG_2025-10-01_G10,10110003PEREIRAG,2025-10-01,"117786, 111356, 110740",5,21,54,62.0
10110003PEREIRAG_2025-10-01_G11,10110003PEREIRAG,2025-10-01,110325,1,2,0,57.0
10110003PEREIRAG_2025-10-01_G12,10110003PEREIRAG,2025-10-01,"111172, 124624",3,12,45,64.0
10110003PEREIRAG_2025-10-01_G13,10110003PEREIRAG,2025-10-01,"117797, 111723",2,12,14,132.0
10110003PEREIRAG_2025-10-01_G14,10110003PEREIRAG,2025-10-01,111723,1,7,0,70.0
10110003PEREIRAG_2025-10-01_G15,10110003PEREIRAG,2025-10-01,111602,1,80,0,143.0
10110003PEREIRAG_2025-10-01_G16,10110003PEREIRAG,2025-10-01,124624,1,2,0,215.0
10110003PEREIRAG_2025-10-01_G17,10110003PEREIRAG,2025-10-01,"111602, 111182",3,38,20,47.0
10110003PEREIRAG_2025-10-01_G18,10110003PEREIRAG,2025-10-01,118140,2,32,19,115.0
10110003PEREIRAG_2025-10-01_G19,10110003PEREIRAG,2025-10-01,111602,1,12,0,62.0
10110003PEREIRAG_2025-10-01_G20,10110003PEREIRAG,2025-10-01,110371,3,12,29,65.0
10110003PEREIRAG_2025-10-01_G21,10110003PEREIRAG,2025-10-01,"117797, 111602",2,7,11,64.0
10110003PEREIRAG_2025-10-01_G22,10110003PEREIRAG,2025-10-01,"108770, 117820",3,54,29,99.0
10110003PEREIRAG_2025-10-01_G23,10110003PEREIRAG,2025-10-01,123822,1,6,0,40.0
10110003PEREIRAG_2025-10-01_G24,10110003PEREIRAG,2025-10-01,"118280, 117853, 118277",3,28,27,42.0
10110003PEREIRAG_2025-10-01_G25,10110003PEREIRAG,2025-10-01,110373,1,2,0,54.0
10110003PEREIRAG_2025-10-01_G26,10110003PEREIRAG,2025-10-01,110895,1,14,0,1007.0
10110003PEREIRAG_2025-10-01_G27,10110003PEREIRAG,2025-10-01,110373,1,25,0,177.0
10110003PEREIRAG_2025-10-01_G28,10110003PEREIRAG,2025-10-01,114647,1,8,0,75.0
10110003PEREIRAG_2025-10-01_G29,10110003PEREIRAG,2025-10-01,117832,1,4,0,45.0
10110003PEREIRAG_2025-10-01_G30,10110003PEREIRAG,2025-10-01,"110833, 110500",2,3,6,49.0
10110003PEREIRAG_2025-10-02_G03,10110003PEREIRAG,2025-10-02,111436,1,2,0,102.0
10110003PEREIRAG_2025-10-03_G02,10110003PEREIRAG,2025-10-03,123153,1,12,0,709.0
10110003PEREIRAG_2025-10-03_G03,10110003PEREIRAG,2025-10-03,117822,1,4,0,72.0
10110003PEREIRAG_2025-10-03_G05,10110003PEREIRAG,2025-10-03,109649,1,37,0,65.0
10110003PEREIRAG_2025-10-04_G02,10110003PEREIRAG,2025-10-04,"111430, 111445, 111813, 111532, 111172",6,156,71,60.0
10110003PEREIRAG_2025-10-04_G03,10110003PEREIRAG,2025-10-04,"118140, 111602, 111439",3,140,27,71.0
10110003PEREIRAG_2025-10-06_G02,10110003PEREIRAG,2025-10-06,111792,1,1,0,144.0
10110003PEREIRAG_2025-10-06_G03,10110003PEREIRAG,2025-10-06,110371,1,50,0,1299.0
10110003PEREIRAG_2025-10-06_G04,10110003PEREIRAG,2025-10-06,116611,1,1,0,337.0
10110003PEREIRAG_2025-10-07_G02,10110003PEREIRAG,2025-10-07,118289,1,4,0,117.0
10110003PEREIRAG_2025-10-07_G03,10110003PEREIRAG,2025-10-07,120028,1,20,0,2423.0
10110003PEREIRAG_2025-10-07_G04,10110003PEREIRAG,2025-10-07,124486,1,34,0,43.0
10110003PEREIRAG_2025-10-07_G05,10110003PEREIRAG,2025-10-07,117785,1,17,0,91.0
10110003PEREIRAG_2025-10-07_G06,10110003PEREIRAG,2025-10-07,117785,3,15,15,39.0
10110003PEREIRAG_2025-10-07_G07,10110003PEREIRAG,2025-10-07,117785,2,7,13,62.0
10110003PEREIRAG_2025-10-10_G02,10110003PEREIRAG,2025-10-10,110534,1,8,0,54.0
10110003PEREIRAG_2025-10-10_G03,10110003PEREIRAG,2025-10-10,111740,1,1,0,292.0
10110003PEREIRAG_2025-10-14_G02,10110003PEREIRAG,2025-10-14,118317,1,9,0,35.0
10110003PEREIRAG_2025-10-14_G03,10110003PEREIRAG,2025-10-14,111751,1,2,0,239.0
10110003PEREIRAG_2025-10-14_G04,10110003PEREIRAG,2025-10-14,110332,1,8,0,603.0
10110003PEREIRAG_2025-10-14_G05,10110003PEREIRAG,2025-10-14,117785,1,1,0,130.0
10110003PEREIRAG_2025-10-14_G06,10110003PEREIRAG,2025-10-14,117820,1,45,0,470.0
10110003PEREIRAG_2025-10-14_G08,10110003PEREIRAG,2025-10-14,120272,1,4,0,47.0
10110003PEREIRAG_2025-10-14_G09,10110003PEREIRAG,2025-10-14,117820,1,18,0,53.0
10110003PEREIRAG_2025-10-14_G10,10110003PEREIRAG,2025-10-14,117820,1,21,0,40.0
10110003PEREIRAG_2025-10-14_G11,10110003PEREIRAG,2025-10-14,110372,1,74,0,222.0
10110003PEREIRAG_2025-10-14_G12,10110003PEREIRAG,2025-10-14,118283,1,4,0,176.0
10110003PEREIRAG_2025-10-14_G13,10110003PEREIRAG,2025-10-14,"108701, 110372",2,7,29,180.0
10110003PEREIRAG_2025-10-14_G14,10110003PEREIRAG,2025-10-14,118222,2,528,30,3307.0
10110003PEREIRAG_2025-10-15_G02,10110003PEREIRAG,2025-10-15,110339,1,41,0,233.0
10110003PEREIRAG_2025-10-15_G03,10110003PEREIRAG,2025-10-15,115773,1,1,0,349.0
10110003PEREIRAG_2025-10-15_G04,10110003PEREIRAG,2025-10-15,"111348, 111443",2,9,8,74.0
10110003PEREIRAG_2025-10-15_G05,10110003PEREIRAG,2025-10-15,118311,1,6,0,87.0
10110003PEREIRAG_2025-10-15_G06,10110003PEREIRAG,2025-10-15,118322,1,2,0,69.0
10110003PEREIRAG_2025-10-15_G07,10110003PEREIRAG,2025-10-15,"118322, 141047",2,9,13,41.0
10110003PEREIRAG_2025-10-15_G08,10110003PEREIRAG,2025-10-15,124486,1,6,0,84.0
10110003PEREIRAG_2025-10-15_G09,10110003PEREIRAG,2025-10-15,"118222, 100334",2,14,6,36.0
10110003PEREIRAG_2025-10-15_G10,10110003PEREIRAG,2025-10-15,111348,1,2,0,126.0
10110003PEREIRAG_2025-10-15_G11,10110003PEREIRAG,2025-10-15,118140,2,34,13,1185.0
10110003PEREIRAG_2025-10-15_G12,10110003PEREIRAG,2025-10-15,118140,1,6,0,62.0
10110003PEREIRAG_2025-10-15_G13,10110003PEREIRAG,2025-10-15,117797,1,1,0,145.0
10110003PEREIRAG_2025-10-15_G14,10110003PEREIRAG,2025-10-15,118140,1,12,0,43.0
10110003PEREIRAG_2025-10-18_G02,10110003PEREIRAG,2025-10-18,111172,1,8,0,34.0
10110003PEREIRAG_2025-10-18_G03,10110003PEREIRAG,2025-10-18,109640,1,24,0,71.0
10110003PEREIRAG_2025-10-18_G04,10110003PEREIRAG,2025-10-18,"109641, 111442, 111465",3,16,11,41.0
10110003PEREIRAG_2025-10-18_G05,10110003PEREIRAG,2025-10-18,111172,1,5,0,89.0
10110003PEREIRAG_2025-10-18_G06,10110003PEREIRAG,2025-10-18,111172,1,5,0,54.0
10110003PEREIRAG_2025-10-18_G07,10110003PEREIRAG,2025-10-18,111172,2,12,5,47.0
10110003PEREIRAG_2025-10-18_G08,10110003PEREIRAG,2025-10-18,111172,1,1,0,194.0
10110003PEREIRAG_2025-10-18_G09,10110003PEREIRAG,2025-10-18,118253,1,17,0,54.0
10110003PEREIRAG_2025-10-18_G10,10110003PEREIRAG,2025-10-18,111172,2,60,11,34.0
10110003PEREIRAG_2025-10-18_G11,10110003PEREIRAG,2025-10-18,109933,1,4,0,74.0
10110003PEREIRAG_2025-10-18_G12,10110003PEREIRAG,2025-10-18,111172,1,11,0,39.0
10110003PEREIRAG_2025-10-18_G14,10110003PEREIRAG,2025-10-18,123344,1,8,0,680.0
10110003PEREIRAG_2025-10-18_G15,10110003PEREIRAG,2025-10-18,"118283, 141249, 115775",3,7,9,66.0
10110003PEREIRAG_2025-10-21_G02,10110003PEREIRAG,2025-10-21,111348,1,4,0,74.0
10110003PEREIRAG_2025-10-21_G03,10110003PEREIRAG,2025-10-21,124548,1,35,0,40.0
10110003PEREIRAG_2025-10-21_G04,10110003PEREIRAG,2025-10-21,110313,1,18,0,89.0
10110003PEREIRAG_2025-10-21_G05,10110003PEREIRAG,2025-10-21,120028,1,9,0,80.0
10110003PEREIRAG_2025-10-21_G06,10110003PEREIRAG,2025-10-21,"141456, 111463",2,11,8,219.0
10110003PEREIRAG_2025-10-21_G07,10110003PEREIRAG,2025-10-21,110787,1,1,0,632.0
10110003PEREIRAG_2025-10-21_G08,10110003PEREIRAG,2025-10-21,110787,1,2,0,36.0
10110003PEREIRAG_2025-10-21_G09,10110003PEREIRAG,2025-10-21,111469,1,6,0,384.0
10110003PEREIRAG_2025-10-21_G10,10110003PEREIRAG,2025-10-21,109643,1,16,0,46.0
10110003PEREIRAG_2025-10-21_G11,10110003PEREIRAG,2025-10-21,110374,1,22,0,63.0
10110003PEREIRAG_2025-10-21_G12,10110003PEREIRAG,2025-10-21,"110374, 114100, 141458",3,17,28,236.0
10110003PEREIRAG_2025-10-21_G13,10110003PEREIRAG,2025-10-21,110339,1,10,0,75.0
10110003PEREIRAG_2025-10-21_G14,10110003PEREIRAG,2025-10-21,111532,1,8,0,51.0
10110003PEREIRAG_2025-10-21_G15,10110003PEREIRAG,2025-10-21,111728,1,66,0,362.0
10110003PEREIRAG_2025-10-21_G16,10110003PEREIRAG,2025-10-21,"111752, 109640",2,5,23,92.0
10110003PEREIRAG_2025-10-21_G17,10110003PEREIRAG,2025-10-21,"118317, 111418",2,57,12,90.0
10110003PEREIRAG_2025-10-21_G18,10110003PEREIRAG,2025-10-21,111418,1,4,0,55.0
10110003PEREIRAG_2025-10-21_G19,10110003PEREIRAG,2025-10-21,118353,1,1,0,93.0
10110003PEREIRAG_2025-10-21_G20,10110003PEREIRAG,2025-10-21,117289,1,3,0,97.0
10110003PEREIRAG_2025-10-21_G21,10110003PEREIRAG,2025-10-21,"111532, 111172",3,12,27,65.0
10110003PEREIRAG_2025-10-21_G22,10110003PEREIRAG,2025-10-21,140922,1,4,0,981.0
10110003PEREIRAG_2025-10-21_G23,10110003PEREIRAG,2025-10-21,140922,2,8,13,56.0
10110003PEREIRAG_2025-10-21_G24,10110003PEREIRAG,2025-10-21,"140922, 123345, 123343",3,34,30,47.0
10110003PEREIRAG_2025-10-21_G25,10110003PEREIRAG,2025-10-21,"122647, 140922",2,22,19,55.0
10110003PEREIRAG_2025-10-21_G26,10110003PEREIRAG,2025-10-21,110895,1,1,0,409.0
10110003PEREIRAG_2025-10-21_G27,10110003PEREIRAG,2025-10-21,140922,1,2,0,274.0
10110003PEREIRAG_2025-10-21_G28,10110003PEREIRAG,2025-10-21,111723,1,20,0,238.0
10110003PEREIRAG_2025-10-21_G29,10110003PEREIRAG,2025-10-21,140922,1,4,0,63.0
10110003PEREIRAG_2025-10-21_G30,10110003PEREIRAG,2025-10-21,111723,1,15,0,93.0
10110003PEREIRAG_2025-10-21_G31,10110003PEREIRAG,2025-10-21,140922,2,8,13,123.0
10110003PEREIRAG_2025-10-21_G32,10110003PEREIRAG,2025-10-21,140922,2,12,26,84.0
10110003PEREIRAG_2025-10-21_G33,10110003PEREIRAG,2025-10-21,117289,2,6,15,506.0
10110003PEREIRAG_2025-10-21_G34,10110003PEREIRAG,2025-10-21,"124486, 110475, 140922, 111469",4,67,45,131.0
10110003PEREIRAG_2025-10-21_G35,10110003PEREIRAG,2025-10-21,"111469, 180166, 111353",3,29,27,122.0
10110003PEREIRAG_2025-10-21_G36,10110003PEREIRAG,2025-10-21,114647,1,2,0,231.0
10110003PEREIRAG_2025-10-21_G37,10110003PEREIRAG,2025-10-21,140922,1,4,0,326.0
10110003PEREIRAG_2025-10-21_G38,10110003PEREIRAG,2025-10-21,"111441, 140922, 111418",4,61,44,83.0
10110003PEREIRAG_2025-10-21_G39,10110003PEREIRAG,2025-10-21,"140922, 117809",2,54,13,128.0
10110003PEREIRAG_2025-10-21_G40,10110003PEREIRAG,2025-10-21,111532,2,3,7,816.0
10110003PEREIRAG_2025-10-21_G41,10110003PEREIRAG,2025-10-21,111532,1,4,0,239.0
10110003PEREIRAG_2025-10-23_G02,10110003PEREIRAG,2025-10-23,"118281, 110746",2,120,13,62.0
10110003PEREIRAG_2025-10-23_G03,10110003PEREIRAG,2025-10-23,111620,1,1,0,48.0
10110003PEREIRAG_2025-10-23_G04,10110003PEREIRAG,2025-10-23,"110339, 107263, 110372, 111462",4,48,45,82.0
10110003PEREIRAG_2025-10-23_G05,10110003PEREIRAG,2025-10-23,"118222, 115775, 115209, 111462, 124370, 118140",6,158,67,71.0
10110003PEREIRAG_2025-10-23_G06,10110003PEREIRAG,2025-10-23,"111757, 124370",3,66,44,80.0
10110003PEREIRAG_2025-10-23_G07,10110003PEREIRAG,2025-10-23,122962,1,8,0,59.0
10110003PEREIRAG_2025-10-23_G08,10110003PEREIRAG,2025-10-23,"122962, 140922, 117820",4,193,49,112.0
10110003PEREIRAG_2025-10-23_G09,10110003PEREIRAG,2025-10-23,140922,1,2,0,70.0
10110003PEREIRAG_2025-10-23_G10,10110003PEREIRAG,2025-10-23,"111469, 140922",3,13,24,138.0
10110003PEREIRAG_2025-10-23_G11,10110003PEREIRAG,2025-10-23,"111469, 122962",2,42,28,67.0
10110003PEREIRAG_2025-10-23_G12,10110003PEREIRAG,2025-10-23,122962,1,8,0,48.0
10110003PEREIRAG_2025-10-23_G13,10110003PEREIRAG,2025-10-23,122962,1,4,0,98.0
10110003PEREIRAG_2025-10-23_G14,10110003PEREIRAG,2025-10-23,122962,3,56,31,94.0
10110003PEREIRAG_2025-10-23_G15,10110003PEREIRAG,2025-10-23,122962,2,16,17,274.0
10110003PEREIRAG_2025-10-23_G16,10110003PEREIRAG,2025-10-23,122962,1,40,0,332.0
10110003PEREIRAG_2025-10-23_G17,10110003PEREIRAG,2025-10-23,122962,2,104,17,192.0
10110003PEREIRAG_2025-10-23_G18,10110003PEREIRAG,2025-10-23,140922,6,30,46,286.0
10110003PEREIRAG_2025-10-23_G19,10110003PEREIRAG,2025-10-23,"122962, 124486",2,68,11,774.0
10110003PEREIRAG_2025-10-24_G02,10110003PEREIRAG,2025-10-24,"111723, 110030",2,14,29,97.0
10110003PEREIRAG_2025-10-24_G03,10110003PEREIRAG,2025-10-24,110339,1,2,0,55.0
10110003PEREIRAG_2025-10-24_G04,10110003PEREIRAG,2025-10-24,"111441, 141047",2,2,20,1558.0
10110003PEREIRAG_2025-10-24_G05,10110003PEREIRAG,2025-10-24,123564,1,2,0,328.0
10110003PEREIRAG_2025-10-24_G06,10110003PEREIRAG,2025-10-24,"122962, 124370",2,172,21,65.0
10110003PEREIRAG_2025-10-24_G07,10110003PEREIRAG,2025-10-24,122962,1,2,0,1581.0
10110003PEREIRAG_2025-10-24_G08,10110003PEREIRAG,2025-10-24,124370,3,24,14,44.0
10110003PEREIRAG_2025-10-24_G09,10110003PEREIRAG,2025-10-24,180168,1,1,0,193.0
10110003PEREIRAG_2025-10-24_G10,10110003PEREIRAG,2025-10-24,180168,1,3,0,257.0
10110003PEREIRAG_2025-10-24_G11,10110003PEREIRAG,2025-10-24,"123909, 123345",2,10,14,70.0
10110003PEREIRAG_2025-10-24_G12,10110003PEREIRAG,2025-10-24,"114647, 121760, 123345",3,74,24,93.0
10110003PEREIRAG_2025-10-24_G13,10110003PEREIRAG,2025-10-24,111172,1,21,0,68.0
10110003PEREIRAG_2025-10-24_G14,10110003PEREIRAG,2025-10-24,118222,1,30,0,42.0
10110003PEREIRAG_2025-10-24_G15,10110003PEREIRAG,2025-10-24,122962,1,50,0,90.0
10110003PEREIRAG_2025-10-24_G16,10110003PEREIRAG,2025-10-24,124370,1,16,0,45.0
10110003PEREIRAG_2025-10-24_G17,10110003PEREIRAG,2025-10-24,"118281, 116611",2,52,13,151.0
10110003PEREIRAG_2025-10-24_G18,10110003PEREIRAG,2025-10-24,110374,1,6,0,214.0
10110003PEREIRAG_2025-10-24_G19,10110003PEREIRAG,2025-10-24,122962,1,16,0,163.0
10110003PEREIRAG_2025-10-24_G20,10110003PEREIRAG,2025-10-24,117809,1,2,0,649.0
10110003PEREIRAG_2025-10-24_G21,10110003PEREIRAG,2025-10-24,117809,1,21,0,210.0
10110003PEREIRAG_2025-10-24_G22,10110003PEREIRAG,2025-10-24,118269,1,24,0,42.0
10110003PEREIRAG_2025-10-24_G23,10110003PEREIRAG,2025-10-24,118269,1,4,0,44.0
10110003PEREIRAG_2025-10-24_G24,10110003PEREIRAG,2025-10-24,117809,3,79,45,148.0
10110003PEREIRAG_2025-10-24_G26,10110003PEREIRAG,2025-10-24,124624,1,12,0,1589.0
10110003PEREIRAG_2025-10-24_G27,10110003PEREIRAG,2025-10-24,124624,1,20,0,138.0
10110003PEREIRAG_2025-10-24_G28,10110003PEREIRAG,2025-10-24,118311,1,2,0,2385.0
10110003PEREIRAG_2025-10-24_G29,10110003PEREIRAG,2025-10-24,118322,1,5,0,127.0
10110003PEREIRAG_2025-10-24_G30,10110003PEREIRAG,2025-10-24,118322,1,2,0,33.0
10110003PEREIRAG_2025-10-24_G31,10110003PEREIRAG,2025-10-24,"118279, 110373, 111530",3,12,28,55.0
10110003PEREIRAG_2025-10-24_G32,10110003PEREIRAG,2025-10-24,"111530, 111757",2,8,22,518.0
10110003PEREIRAG_2025-10-27_G02,10110003PEREIRAG,2025-10-27,117820,1,4,0,361.0
10110003PEREIRAG_2025-10-27_G03,10110003PEREIRAG,2025-10-27,"111530, 107629, 111418",4,40,40,62.0
10110003PEREIRAG_2025-10-27_G04,10110003PEREIRAG,2025-10-27,"123345, 111532",5,38,41,435.0
10110003PEREIRAG_2025-10-27_G05,10110003PEREIRAG,2025-10-27,110787,1,46,0,144.0
10110003PEREIRAG_2025-10-27_G06,10110003PEREIRAG,2025-10-27,"111634, 110895, 111441",4,52,23,92.0
10110003PEREIRAG_2025-10-27_G07,10110003PEREIRAG,2025-10-27,110787,2,27,13,50.0
10110003PEREIRAG_2025-10-27_G09,10110003PEREIRAG,2025-10-27,117809,3,16,26,74.0
10110003PEREIRAG_2025-10-27_G10,10110003PEREIRAG,2025-10-27,117809,1,1,0,82.0
10110003PEREIRAG_2025-10-27_G11,10110003PEREIRAG,2025-10-27,117809,1,39,0,172.0
10110003PEREIRAG_2025-10-27_G12,10110003PEREIRAG,2025-10-27,117809,1,7,0,115.0
10110003PEREIRAG_2025-10-27_G13,10110003PEREIRAG,2025-10-27,111655,1,1,0,42.0
10110003PEREIRAG_2025-10-27_G14,10110003PEREIRAG,2025-10-27,117809,1,34,0,41.0
10110003PEREIRAG_2025-10-27_G16,10110003PEREIRAG,2025-10-27,"111655, 108770",2,5,24,48.0
10110003PEREIRAG_2025-10-27_G17,10110003PEREIRAG,2025-10-27,"110313, 117855, 117809",6,81,84,66.0
10110003PEREIRAG_2025-10-27_G18,10110003PEREIRAG,2025-10-27,"111172, 124548",2,46,26,72.0
10110003PEREIRAG_2025-10-27_G19,10110003PEREIRAG,2025-10-27,111530,1,4,0,517.0
10110003PEREIRAG_2025-10-27_G20,10110003PEREIRAG,2025-10-27,111172,2,9,25,74.0
10110003PEREIRAG_2025-10-27_G21,10110003PEREIRAG,2025-10-27,"110372, 141047, 181235",3,18,28,74.0
10110003PEREIRAG_2025-10-27_G22,10110003PEREIRAG,2025-10-27,"141202, 111172, 111532",3,21,31,108.0
10110003PEREIRAG_2025-10-28_G02,10110003PEREIRAG,2025-10-28,180560,1,1,0,2973.0
10110003PEREIRAG_2025-10-28_G03,10110003PEREIRAG,2025-10-28,111759,1,3,0,95.0
10110003PEREIRAG_2025-10-29_G02,10110003PEREIRAG,2025-10-29,122673,1,2,0,38.0
10110003PEREIRAG_2025-10-29_G03,10110003PEREIRAG,2025-10-29,111532,1,8,0,53.0
10110003PEREIRAG_2025-10-29_G04,10110003PEREIRAG,2025-10-29,123343,1,4,0,2520.0
10110003PEREIRAG_2025-10-29_G05,10110003PEREIRAG,2025-10-29,110448,1,1,0,107.0
10110003PEREIRAG_2025-10-29_G06,10110003PEREIRAG,2025-10-29,"140988, 108771",2,8,12,61.0
10110003PEREIRAG_2025-10-29_G07,10110003PEREIRAG,2025-10-29,111110,1,2,0,75.0
10110003PEREIRAG_2025-10-29_G08,10110003PEREIRAG,2025-10-29,181056,1,1,0,3151.0
10110003PEREIRAG_2025-10-29_G09,10110003PEREIRAG,2025-10-29,123343,1,5,0,195.0
10110003PEREIRAG_2025-10-29_G10,10110003PEREIRAG,2025-10-29,123343,2,8,6,49.0
10110003PEREIRAG_2025-10-29_G11,10110003PEREIRAG,2025-10-29,111172,1,17,0,306.0
10110003PEREIRAG_2025-10-29_G12,10110003PEREIRAG,2025-10-29,111172,1,1,0,90.0
10110003PEREIRAG_2025-10-29_G13,10110003PEREIRAG,2025-10-29,123343,2,20,16,247.0
10110003PEREIRAG_2025-10-29_G14,10110003PEREIRAG,2025-10-29,114100,1,9,0,734.0
10110003PEREIRAG_2025-10-29_G15,10110003PEREIRAG,2025-10-29,118279,1,5,0,49.0
10110003PEREIRAG_2025-10-29_G16,10110003PEREIRAG,2025-10-29,118279,1,3,0,62.0
10110003PEREIRAG_2025-10-29_G17,10110003PEREIRAG,2025-10-29,110580,1,7,0,213.0
10110003PEREIRAG_2025-10-29_G18,10110003PEREIRAG,2025-10-29,114102,1,9,0,248.0
10110003PEREIRAG_2025-10-29_G19,10110003PEREIRAG,2025-10-29,123343,1,8,0,121.0
10110003PEREIRAG_2025-10-29_G20,10110003PEREIRAG,2025-10-29,123343,1,20,0,34.0
10110003PEREIRAG_2025-10-29_G21,10110003PEREIRAG,2025-10-29,123343,1,1,0,32.0
10110003PEREIRAG_2025-10-31_G02,10110003PEREIRAG,2025-10-31,111172,2,16,14,81.0
10110003PEREIRAG_2025-10-31_G03,10110003PEREIRAG,2025-10-31,"111172, 117820",2,24,30,55.0
10110003PEREIRAG_2025-10-31_G04,10110003PEREIRAG,2025-10-31,"117820, 108957, 108993, 110833",4,121,57,169.0
10110003PEREIRAG_2025-10-31_G05,10110003PEREIRAG,2025-10-31,"111353, 111172",2,10,12,82.0
10110003PEREIRAG_2025-10-31_G06,10110003PEREIRAG,2025-10-31,110895,1,24,0,1033.0
10110003PEREIRAG_2025-10-31_G07,10110003PEREIRAG,2025-10-31,"118324, 141047",2,7,15,51.0
10110003PEREIRAG_2025-10-31_G08,10110003PEREIRAG,2025-10-31,123343,1,45,0,329.0
10110003PEREIRAG_2025-10-31_G09,10110003PEREIRAG,2025-10-31,"111110, 110313",2,25,16,105.0
10110003PEREIRAG_2025-10-31_G10,10110003PEREIRAG,2025-10-31,117830,1,15,0,270.0
10110003PEREIRAG_2025-10-31_G11,10110003PEREIRAG,2025-10-31,118299,1,150,0,31.0
10110003PEREIRAG_2025-10-31_G12,10110003PEREIRAG,2025-10-31,111740,1,10,0,78.0
10110003PEREIRAG_2025-10-31_G13,10110003PEREIRAG,2025-10-31,"111740, 111438",4,36,47,434.0
10110003PEREIRAG_2025-10-31_G14,10110003PEREIRAG,2025-10-31,"107236, 111438",3,9,40,182.0
10110003PEREIRAG_2025-10-31_G15,10110003PEREIRAG,2025-10-31,111172,1,4,0,102.0
10110003PEREIRAG_2025-10-31_G16,10110003PEREIRAG,2025-10-31,117820,1,4,0,142.0
10110003PEREIRAG_2025-10-31_G17,10110003PEREIRAG,2025-10-31,117820,1,76,0,50.0
10110003PEREIRAG_2025-10-31_G18,10110003PEREIRAG,2025-10-31,"107236, 117820, 111436, 111759, 111740, 141249",10,71,146,65.0
10110003PEREIRAG_2025-10-31_G19,10110003PEREIRAG,2025-10-31,"111740, 118191",6,74,59,135.0
10110003PEREIRAG_2025-10-31_G20,10110003PEREIRAG,2025-10-31,"111740, 110833",2,7,13,46.0
10110003PEREIRAG_2025-10-31_G21,10110003PEREIRAG,2025-10-31,"107236, 117820, 140922, 111759, 101228",11,245,133,264.0
10110003PEREIRAG_2025-10-31_G22,10110003PEREIRAG,2025-10-31,"107236, 111755",2,4,14,32.0
10110003PEREIRAG_2025-10-31_G23,10110003PEREIRAG,2025-10-31,117809,1,2,0,46.0
10110003PEREIRAG_2025-10-31_G24,10110003PEREIRAG,2025-10-31,110743,1,4,0,564.0
10110003PEREIRAG_2025-10-31_G25,10110003PEREIRAG,2025-10-31,110743,1,8,0,41.0
10110003PEREIRAG_2025-10-31_G26,10110003PEREIRAG,2025-10-31,124511,1,50,0,36.0
10110003PEREIRAG_2025-10-31_G27,10110003PEREIRAG,2025-10-31,110743,1,4,0,41.0
10110003PEREIRAG_2025-10-31_G28,10110003PEREIRAG,2025-10-31,124486,1,12,0,31.0
10110003PEREIRAG_2025-11-03_G02,10110003PEREIRAG,2025-11-03,110895,1,24,0,141.0
10110003PEREIRAG_2025-11-05_G02,10110003PEREIRAG,2025-11-05,"111724, 111655",2,2,15,229.0
10110003PEREIRAG_2025-11-05_G03,10110003PEREIRAG,2025-11-05,110743,1,2,0,105.0
10110003PEREIRAG_2025-11-05_G04,10110003PEREIRAG,2025-11-05,181235,1,2,0,83.0
10110003PEREIRAG_2025-11-05_G05,10110003PEREIRAG,2025-11-05,"110332, 109645",2,4,6,186.0
10110003PEREIRAG_2025-11-05_G06,10110003PEREIRAG,2025-11-05,180054,1,2,0,55.0
10110003PEREIRAG_2025-11-05_G07,10110003PEREIRAG,2025-11-05,"122185, 120028",2,11,14,73.0
10110003PEREIRAG_2025-11-05_G08,10110003PEREIRAG,2025-11-05,120272,1,4,0,2865.0
10110003PEREIRAG_2025-11-05_G10,10110003PEREIRAG,2025-11-05,123822,1,1,0,87.0
10110003PEREIRAG_2025-11-10_G02,10110003PEREIRAG,2025-11-10,110313,1,16,0,763.0
10110003PEREIRAG_2025-11-10_G03,10110003PEREIRAG,2025-11-10,101217,1,1,0,59.0
10110003PEREIRAG_2025-11-10_G04,10110003PEREIRAG,2025-11-10,"118198, 124486",2,282,20,92.0
10110003PEREIRAG_2025-11-10_G05,10110003PEREIRAG,2025-11-10,"124371, 110313",5,114,79,31.0
10110003PEREIRAG_2025-11-10_G06,10110003PEREIRAG,2025-11-10,110313,1,1,0,53.0
10110003PEREIRAG_2025-11-10_G07,10110003PEREIRAG,2025-11-10,117854,1,4,0,82.0
10110003PEREIRAG_2025-11-10_G08,10110003PEREIRAG,2025-11-10,140923,3,14,37,967.0
10110003PEREIRAG_2025-11-10_G09,10110003PEREIRAG,2025-11-10,117820,1,12,0,896.0
10110003PEREIRAG_2025-11-10_G10,10110003PEREIRAG,2025-11-10,140923,1,8,0,44.0
10110003PEREIRAG_2025-11-10_G11,10110003PEREIRAG,2025-11-10,110580,1,4,0,601.0
10110003PEREIRAG_2025-11-11_G02,10110003PEREIRAG,2025-11-11,118224,1,4,0,86.0
10110003PEREIRAG_2025-11-12_G02,10110003PEREIRAG,2025-11-12,141047,4,34,67,231.0
10110003PEREIRAG_2025-11-12_G03,10110003PEREIRAG,2025-11-12,"141047, 118222",5,15,65,37.0
10110003PEREIRAG_2025-11-12_G06,10110003PEREIRAG,2025-11-12,111466,1,50,0,78.0
10110003PEREIRAG_2025-11-13_G02,10110003PEREIRAG,2025-11-13,111438,1,12,0,32.0
10110003PEREIRAG_2025-11-13_G03,10110003PEREIRAG,2025-11-13,111438,1,30,0,51.0
10110003PEREIRAG_2025-11-13_G04,10110003PEREIRAG,2025-11-13,111728,1,1,0,86.0
10110003PEREIRAG_2025-11-14_G02,10110003PEREIRAG,2025-11-14,123345,1,12,0,32.0
10110003PEREIRAG_2025-11-17_G02,10110003PEREIRAG,2025-11-17,111655,1,1,0,153.0
10110003PEREIRAG_2025-11-17_G03,10110003PEREIRAG,2025-11-17,116611,1,1,0,73.0
10110003PEREIRAG_2025-11-17_G04,10110003PEREIRAG,2025-11-17,110373,1,22,0,48.0
10110003PEREIRAG_2025-11-21_G02,10110003PEREIRAG,2025-11-21,"141456, 123345, 117861",3,10,32,75.0
10110003PEREIRAG_2025-11-21_G03,10110003PEREIRAG,2025-11-21,109471,1,4,0,131.0
10110003PEREIRAG_2025-11-21_G04,10110003PEREIRAG,2025-11-21,"111792, 117854",4,14,53,47.0
10110003PEREIRAG_2025-11-21_G05,10110003PEREIRAG,2025-11-21,117820,2,22,15,52.0
10110003PEREIRAG_2025-11-21_G06,10110003PEREIRAG,2025-11-21,"117854, 117935, 117831, 141456",6,216,75,41.0
10110003PEREIRAG_2025-11-25_G02,10110003PEREIRAG,2025-11-25,"120028, 118222",3,58,33,188.0
10110003PEREIRAG_2025-11-25_G03,10110003PEREIRAG,2025-11-25,"118250, 117862",2,6,17,44.0
10110003PEREIRAG_2025-11-25_G04,10110003PEREIRAG,2025-11-25,117862,1,2,0,48.0
10110003PEREIRAG_2025-11-26_G02,10110003PEREIRAG,2025-11-26,"111418, 141140, 111761, 140911",7,733,99,118.0
10110003PEREIRAG_2025-11-26_G03,10110003PEREIRAG,2025-11-26,111462,1,7,0,64.0
10110003PEREIRAG_2025-11-26_G04,10110003PEREIRAG,2025-11-26,"108711, 111740",2,10,14,41.0
10110003PEREIRAG_2025-11-26_G05,10110003PEREIRAG,2025-11-26,118222,1,20,0,929.0
10110003PEREIRAG_2025-11-27_G03,10110003PEREIRAG,2025-11-27,109974,2,3,16,325.0
10110003PEREIRAG_2025-11-28_G02,10110003PEREIRAG,2025-11-28,"108711, 118317",2,6,13,66.0
10110003PEREIRAG_2025-11-28_G03,10110003PEREIRAG,2025-11-28,110756,1,1,0,41.0
10110003PEREIRAG_2025-11-28_G04,10110003PEREIRAG,2025-11-28,124248,1,100,0,133.0
10110003PEREIRAG_2025-11-30_G02,10110003PEREIRAG,2025-11-30,141823,1,4,0,35.0
10110003PEREIRAG_2025-11-30_G03,10110003PEREIRAG,2025-11-30,118403,1,12,0,108.0
10110003PEREIRAG_2025-11-30_G04,10110003PEREIRAG,2025-11-30,124511,1,2,0,66.0
10110003PEREIRAG_2025-11-30_G05,10110003PEREIRAG,2025-11-30,109974,1,1,0,227.0
10110003PEREIRAG_2025-11-30_G06,10110003PEREIRAG,2025-11-30,141318,1,20,0,32.0
10110003PEREIRAG_2025-11-30_G07,10110003PEREIRAG,2025-11-30,108711,3,7,28,52.0
10110003PEREIRAG_2025-11-30_G08,10110003PEREIRAG,2025-11-30,117831,3,15,19,49.0
10110003PEREIRAG_2025-11-30_G10,10110003PEREIRAG,2025-11-30,"180057, 110895, 111467, 110374, 111172",9,74,97,57.0
10110003PEREIRAG_2025-12-02_G03,10110003PEREIRAG,2025-12-02,118281,1,4,0,69.0
10110003PEREIRAG_2025-12-02_G04,10110003PEREIRAG,2025-12-02,122984,1,100,0,3589.0
10110003PEREIRAG_2025-12-02_G05,10110003PEREIRAG,2025-12-02,110756,1,1,0,293.0
10110003PEREIRAG_2025-12-05_G02,10110003PEREIRAG,2025-12-05,"124624, 123345, 123313",3,3,31,1377.0
10110003PEREIRAG_2025-12-08_G02,10110003PEREIRAG,2025-12-08,"141456, 141457",2,6,18,99.0
10110003PEREIRAG_2025-12-08_G03,10110003PEREIRAG,2025-12-08,"141456, 141457",2,6,8,42.0
10110003PEREIRAG_2025-12-08_G05,10110003PEREIRAG,2025-12-08,111722,1,8,0,205.0
10110003PEREIRAG_2025-12-08_G06,10110003PEREIRAG,2025-12-08,"141457, 111722",3,38,26,137.0
10110003PEREIRAG_2025-12-08_G07,10110003PEREIRAG,2025-12-08,141457,1,8,0,38.0
10110003PEREIRAG_2025-12-08_G08,10110003PEREIRAG,2025-12-08,"111879, 111740, 111876, 110372, 109643",5,39,58,42.0
10110003PEREIRAG_2025-12-10_G02,10110003PEREIRAG,2025-12-10,110747,1,4,0,114.0
10110003PEREIRAG_2025-12-10_G03,10110003PEREIRAG,2025-12-10,117833,1,2,0,169.0
10110003PEREIRAG_2025-12-10_G04,10110003PEREIRAG,2025-12-10,117833,1,4,0,34.0
10110003PEREIRAG_2025-12-10_G05,10110003PEREIRAG,2025-12-10,"114647, 120028",2,252,18,410.0
10110003PEREIRAG_2025-12-10_G06,10110003PEREIRAG,2025-12-10,111466,1,166,0,183.0
10110003PEREIRAG_2025-12-10_G07,10110003PEREIRAG,2025-12-10,111466,1,31,0,2509.0
10110003PEREIRAG_2025-12-10_G08,10110003PEREIRAG,2025-12-10,111466,1,50,0,95.0
10110003PEREIRAG_2025-12-10_G09,10110003PEREIRAG,2025-12-10,111466,1,4,0,1722.0
10110003PEREIRAG_2025-12-10_G11,10110003PEREIRAG,2025-12-10,180554,3,11,40,63.0
10110003PEREIRAG_2025-12-12_G02,10110003PEREIRAG,2025-12-12,117820,1,59,0,34.0
10110003PEREIRAG_2025-12-12_G03,10110003PEREIRAG,2025-12-12,111466,1,4,0,45.0
10110003PEREIRAG_2025-12-12_G04,10110003PEREIRAG,2025-12-12,111466,3,11,40,71.0
10110003PEREIRAG_2025-12-12_G05,10110003PEREIRAG,2025-12-12,111466,1,2,0,71.0
10110003PEREIRAG_2025-12-12_G06,10110003PEREIRAG,2025-12-12,141997,1,2,0,128.0
10110003PEREIRAG_2025-12-12_G07,10110003PEREIRAG,2025-12-12,111466,1,10,0,82.0
10110003PEREIRAG_2025-12-12_G08,10110003PEREIRAG,2025-12-12,111466,2,32,21,34.0
10110003PEREIRAG_2025-12-12_G09,10110003PEREIRAG,2025-12-12,117833,1,31,0,1790.0
10110003PEREIRAG_2025-12-12_G10,10110003PEREIRAG,2025-12-12,"141992, 110747, 122982",3,20,37,160.0
10110003PEREIRAG_2025-12-12_G11,10110003PEREIRAG,2025-12-12,117833,1,1,0,50.0
10110003PEREIRAG_2025-12-12_G12,10110003PEREIRAG,2025-12-12,117833,1,2,0,148.0
10110003PEREIRAG_2025-12-12_G13,10110003PEREIRAG,2025-12-12,117833,1,2,0,44.0
10110003PEREIRAG_2025-12-12_G14,10110003PEREIRAG,2025-12-12,117833,2,6,19,513.0
10110003PEREIRAG_2025-12-15_G02,10110003PEREIRAG,2025-12-15,122982,1,2,0,57.0
10110003PEREIRAG_2025-12-15_G03,10110003PEREIRAG,2025-12-15,180054,1,4,0,205.0
10110003PEREIRAG_2025-12-16_G02,10110003PEREIRAG,2025-12-16,"111722, 108795, 110581",3,10,37,53.0
10110003PEREIRAG_2025-12-16_G03,10110003PEREIRAG,2025-12-16,111466,1,20,0,90.0
10110003PEREIRAG_2025-12-16_G04,10110003PEREIRAG,2025-12-16,124486,1,12,0,178.0
10110003PEREIRAG_2025-12-16_G05,10110003PEREIRAG,2025-12-16,111466,3,12,21,38.0
10110003PEREIRAG_2025-12-16_G06,10110003PEREIRAG,2025-12-16,111466,1,30,0,84.0
10110003PEREIRAG_2025-12-16_G07,10110003PEREIRAG,2025-12-16,108795,1,12,0,36.0
10110003PEREIRAG_2025-12-16_G08,10110003PEREIRAG,2025-12-16,111466,1,31,0,232.0
10110003PEREIRAG_2025-12-16_G09,10110003PEREIRAG,2025-12-16,111466,2,24,7,35.0
10110003PEREIRAG_2025-12-16_G10,10110003PEREIRAG,2025-12-16,111466,1,1,0,65.0
10110003PEREIRAG_2025-12-16_G11,10110003PEREIRAG,2025-12-16,111466,3,12,24,96.0
10110003PEREIRAG_2025-12-16_G14,10110003PEREIRAG,2025-12-16,117837,1,3,0,40.0
10110003PEREIRAG_2025-12-18_G02,10110003PEREIRAG,2025-12-18,141456,1,90,0,173.0
10110003PEREIRAG_2025-12-18_G03,10110003PEREIRAG,2025-12-18,"141456, 111466, 110325, 118311, 111532",5,90,67,52.0
10110003PEREIRAG_2025-12-18_G04,10110003PEREIRAG,2025-12-18,"111330, 111532, 110313",4,26,39,77.0
10110003PEREIRAG_2025-12-18_G05,10110003PEREIRAG,2025-12-18,118299,1,8,0,42.0
10110003PEREIRAG_2025-12-18_G06,10110003PEREIRAG,2025-12-18,"118299, 111532, 110313",7,99,72,31.0
10110003PEREIRAG_2025-12-19_G02,10110003PEREIRAG,2025-12-19,111876,1,35,0,34.0
10110003PEREIRAG_2025-12-19_G03,10110003PEREIRAG,2025-12-19,118317,1,2,0,42.0
10110003PEREIRAG_2025-12-19_G04,10110003PEREIRAG,2025-12-19,111759,1,6,0,35.0
10110003PEREIRAG_2025-12-19_G05,10110003PEREIRAG,2025-12-19,"118317, 118299, 109937",3,7,36,35.0
10110003PEREIRAG_2025-12-19_G06,10110003PEREIRAG,2025-12-19,110787,1,14,0,2143.0
10110003PEREIRAG_2025-12-22_G02,10110003PEREIRAG,2025-12-22,"111465, 110374",4,19,48,68.0
10110003PEREIRAG_2025-12-22_G03,10110003PEREIRAG,2025-12-22,111650,1,8,0,203.0
10110003PEREIRAG_2025-12-22_G04,10110003PEREIRAG,2025-12-22,111437,1,6,0,62.0
10110003PEREIRAG_2025-12-22_G05,10110003PEREIRAG,2025-12-22,111739,1,120,0,222.0
10110003PEREIRAG_2025-12-22_G06,10110003PEREIRAG,2025-12-22,124486,1,18,0,49.0
10110003PEREIRAG_2025-12-22_G07,10110003PEREIRAG,2025-12-22,110787,1,16,0,38.0
10110003PEREIRAG_2025-12-22_G08,10110003PEREIRAG,2025-12-22,111465,1,4,0,102.0
10110003PEREIRAG_2025-12-26_G03,10110003PEREIRAG,2025-12-26,123344,1,12,0,1991.0
10110003PEREIRAG_2026-01-07_G02,10110003PEREIRAG,2026-01-07,111430,1,4,0,76.0
10110003PEREIRAG_2026-01-07_G03,10110003PEREIRAG,2026-01-07,122647,1,240,0,39.0
10110003PEREIRAG_2026-01-07_G04,10110003PEREIRAG,2026-01-07,111442,1,20,0,128.0
10110003PEREIRAG_2026-01-07_G05,10110003PEREIRAG,2026-01-07,111728,1,100,0,2359.0
10110003PEREIRAG_2026-01-07_G06,10110003PEREIRAG,2026-01-07,110711,1,20,0,74.0
10110003PEREIRAG_2026-01-14_G02,10110003PEREIRAG,2026-01-14,141458,1,20,0,2784.0
10110003PEREIRAG_2026-01-14_G03,10110003PEREIRAG,2026-01-14,117820,2,12,17,1049.0
10110003PEREIRAG_2026-01-14_G04,10110003PEREIRAG,2026-01-14,109643,1,10,0,505.0
10110003PEREIRAG_2026-01-14_G05,10110003PEREIRAG,2026-01-14,110375,1,20,0,779.0
10110003PEREIRAG_2026-01-14_G06,10110003PEREIRAG,2026-01-14,110313,1,5,0,1787.0
10110003PEREIRAG_2026-01-14_G07,10110003PEREIRAG,2026-01-14,117861,1,10,0,910.0
10110003PEREIRAG_2026-01-14_G08,10110003PEREIRAG,2026-01-14,117797,1,12,0,1761.0
10110003PEREIRAG_2026-01-15_G02,10110003PEREIRAG,2026-01-15,141202,1,10,0,335.0
10110003PEREIRAG_2026-01-15_G03,10110003PEREIRAG,2026-01-15,110371,1,20,0,1051.0
10110003PEREIRAG_2026-01-15_G04,10110003PEREIRAG,2026-01-15,108770,1,2,0,1626.0
10110003PEREIRAG_2026-01-15_G05,10110003PEREIRAG,2026-01-15,142045,1,4,0,1151.0
10110003PEREIRAG_2026-01-15_G06,10110003PEREIRAG,2026-01-15,111569,1,16,0,347.0
10110003PEREIRAG_2026-01-15_G07,10110003PEREIRAG,2026-01-15,110895,1,4,0,244.0
10110003PEREIRAG_2026-01-15_G08,10110003PEREIRAG,2026-01-15,117834,1,2,0,115.0
10110003PEREIRAG_2026-01-15_G09,10110003PEREIRAG,2026-01-15,110313,1,2,0,789.0
10110003PEREIRAG_2026-01-15_G10,10110003PEREIRAG,2026-01-15,117853,1,2,0,158.0
10110003PEREIRAG_2026-01-15_G11,10110003PEREIRAG,2026-01-15,105242,1,4,0,137.0
10110003PEREIRAG_2026-01-15_G12,10110003PEREIRAG,2026-01-15,117855,1,4,0,112.0
10110003PEREIRAG_2026-01-15_G13,10110003PEREIRAG,2026-01-15,111463,1,10,0,887.0
10110003PEREIRAG_2026-01-15_G14,10110003PEREIRAG,2026-01-15,111469,1,10,0,147.0
10110003PEREIRAG_2026-01-15_G15,10110003PEREIRAG,2026-01-15,110740,1,6,0,127.0
10110003PEREIRAG_2026-01-15_G16,10110003PEREIRAG,2026-01-15,111418,1,100,0,809.0
10110003PEREIRAG_2026-01-15_G17,10110003PEREIRAG,2026-01-15,108795,1,50,0,2465.0
10110003PEREIRAG_2026-01-15_G18,10110003PEREIRAG,2026-01-15,117833,1,33,0,1127.0
10110003PEREIRAG_2026-01-15_G20,10110003PEREIRAG,2026-01-15,141318,1,2,0,112.0
10110003PEREIRAG_2026-01-15_G21,10110003PEREIRAG,2026-01-15,118094,1,3,0,349.0
10110003PEREIRAG_2026-01-15_G22,10110003PEREIRAG,2026-01-15,117862,1,4,0,138.0
10110003PEREIRAG_2026-01-15_G23,10110003PEREIRAG,2026-01-15,140923,1,4,0,71.0
10110003PEREIRAG_2026-01-15_G24,10110003PEREIRAG,2026-01-15,110313,1,2,0,135.0
10110003PEREIRAG_2026-01-15_G25,10110003PEREIRAG,2026-01-15,117786,1,4,0,126.0
10110003PEREIRAG_2026-01-15_G26,10110003PEREIRAG,2026-01-15,110374,1,3,0,164.0
10110003PEREIRAG_2026-01-15_G27,10110003PEREIRAG,2026-01-15,117809,1,2,0,91.0
10110003PEREIRAG_2026-01-15_G28,10110003PEREIRAG,2026-01-15,110372,1,8,0,114.0
10110003PEREIRAG_2026-01-15_G29,10110003PEREIRAG,2026-01-15,118299,1,9,0,124.0
10110003PEREIRAG_2026-01-15_G30,10110003PEREIRAG,2026-01-15,117808,1,8,0,240.0
10110003PEREIRAG_2026-01-15_G31,10110003PEREIRAG,2026-01-15,141202,1,2,0,109.0
10110003PEREIRAG_2026-01-15_G32,10110003PEREIRAG,2026-01-15,111569,1,8,0,1257.0
10110003PEREIRAG_2026-01-15_G33,10110003PEREIRAG,2026-01-15,111430,1,4,0,2361.0
10110003PEREIRAG_2026-01-15_G34,10110003PEREIRAG,2026-01-15,110313,1,4,0,933.0
10110003PEREIRAG_2026-01-15_G35,10110003PEREIRAG,2026-01-15,111434,1,4,0,1033.0
10110003PEREIRAG_2026-01-15_G36,10110003PEREIRAG,2026-01-15,117820,1,25,0,696.0
10110003PEREIRAG_2026-01-15_G37,10110003PEREIRAG,2026-01-15,110371,1,40,0,745.0
10110003PEREIRAG_2026-01-16_G02,10110003PEREIRAG,2026-01-16,117820,1,8,0,483.0
10110003PEREIRAG_2026-01-16_G03,10110003PEREIRAG,2026-01-16,111569,1,4,0,756.0
10110003PEREIRAG_2026-01-16_G04,10110003PEREIRAG,2026-01-16,110313,1,4,0,1527.0
10110003PEREIRAG_2026-01-16_G05,10110003PEREIRAG,2026-01-16,118299,1,45,0,506.0
10110003PEREIRAG_2026-01-16_G06,10110003PEREIRAG,2026-01-16,117832,1,8,0,468.0
10110003PEREIRAG_2026-01-16_G07,10110003PEREIRAG,2026-01-16,109640,1,3,0,310.0
10110003PEREIRAG_2026-01-16_G08,10110003PEREIRAG,2026-01-16,140923,1,3,0,1351.0
10110003PEREIRAG_2026-01-16_G09,10110003PEREIRAG,2026-01-16,117856,1,4,0,141.0
10110003PEREIRAG_2026-01-16_G10,10110003PEREIRAG,2026-01-16,117786,1,2,0,80.0
10110003PEREIRAG_2026-01-16_G11,10110003PEREIRAG,2026-01-16,110339,1,1,0,82.0
10110003PEREIRAG_2026-01-16_G12,10110003PEREIRAG,2026-01-16,117855,1,4,0,97.0
10110003PEREIRAG_2026-01-16_G13,10110003PEREIRAG,2026-01-16,118299,1,20,0,611.0
10110003PEREIRAG_2026-01-16_G15,10110003PEREIRAG,2026-01-16,118306,1,2,0,143.0
10110003PEREIRAG_2026-01-16_G16,10110003PEREIRAG,2026-01-16,141318,1,4,0,136.0
10110003PEREIRAG_2026-01-16_G17,10110003PEREIRAG,2026-01-16,109974,1,1,0,239.0
10110003PEREIRAG_2026-01-16_G18,10110003PEREIRAG,2026-01-16,110313,1,1,0,101.0
10110003PEREIRAG_2026-01-16_G19,10110003PEREIRAG,2026-01-16,117862,1,5,0,106.0
10110003PEREIRAG_2026-01-16_G20,10110003PEREIRAG,2026-01-16,117786,1,4,0,150.0
10110003PEREIRAG_2026-01-16_G21,10110003PEREIRAG,2026-01-16,110733,1,2,0,76.0
10110003PEREIRAG_2026-01-16_G22,10110003PEREIRAG,2026-01-16,117797,1,1,0,110.0
10110003PEREIRAG_2026-01-16_G23,10110003PEREIRAG,2026-01-16,118094,1,2,0,552.0
10110003PEREIRAG_2026-01-16_G24,10110003PEREIRAG,2026-01-16,117837,1,4,0,103.0
10110003PEREIRAG_2026-01-16_G25,10110003PEREIRAG,2026-01-16,140923,1,4,0,128.0
10110003PEREIRAG_2026-01-16_G26,10110003PEREIRAG,2026-01-16,117786,1,6,0,101.0
10110003PEREIRAG_2026-01-16_G27,10110003PEREIRAG,2026-01-16,110313,1,3,0,444.0
10110003PEREIRAG_2026-01-16_G28,10110003PEREIRAG,2026-01-16,110339,1,2,0,96.0
10110003PEREIRAG_2026-01-16_G29,10110003PEREIRAG,2026-01-16,140922,1,81,0,1891.0
10110003PEREIRAG_2026-01-16_G31,10110003PEREIRAG,2026-01-16,110325,1,18,0,33.0
10110003PEREIRAG_2026-01-16_G32,10110003PEREIRAG,2026-01-16,124624,1,80,0,43.0
10110003PEREIRAG_2026-01-16_G33,10110003PEREIRAG,2026-01-16,"111442, 117808, 110374",3,179,45,48.0
10110003PEREIRAG_2026-01-16_G34,10110003PEREIRAG,2026-01-16,"105705, 110746, 111445",3,17,35,47.0
10110003PEREIRAG_2026-01-17_G03,10110003PEREIRAG,2026-01-17,160054,1,4,0,192.0
10110003PEREIRAG_2026-01-17_G04,10110003PEREIRAG,2026-01-17,111330,1,4,0,285.0
10110003PEREIRAG_2026-01-19_G02,10110003PEREIRAG,2026-01-19,117965,1,1,0,40.0
10110003PEREIRAG_2026-01-19_G03,10110003PEREIRAG,2026-01-19,111777,1,2,0,33.0
10110003PEREIRAG_2026-01-19_G04,10110003PEREIRAG,2026-01-19,"111199, 110745",2,20,15,44.0
10110003PEREIRAG_2026-01-19_G05,10110003PEREIRAG,2026-01-19,"117935, 111602",2,22,14,35.0
10110003PEREIRAG_2026-01-19_G06,10110003PEREIRAG,2026-01-19,108770,1,3,0,343.0
10110003PEREIRAG_2026-01-19_G07,10110003PEREIRAG,2026-01-19,111330,1,4,0,37.0
10110003PEREIRAG_2026-01-19_G08,10110003PEREIRAG,2026-01-19,"117935, 117842, 111466, 111445, 111330",5,30,87,66.0
10110003PEREIRAG_2026-01-19_G10,10110003PEREIRAG,2026-01-19,117935,1,2,0,36.0
10110003PEREIRAG_2026-01-19_G11,10110003PEREIRAG,2026-01-19,108711,1,36,0,2528.0
10110003PEREIRAG_2026-01-20_G02,10110003PEREIRAG,2026-01-20,"108770, 141458",2,8,20,54.0
10110003PEREIRAG_2026-01-20_G03,10110003PEREIRAG,2026-01-20,"111792, 141456, 117832",3,100,46,83.0
10110003PEREIRAG_2026-01-20_G04,10110003PEREIRAG,2026-01-20,111463,1,50,0,183.0
10110003PEREIRAG_2026-01-20_G05,10110003PEREIRAG,2026-01-20,141419,1,2,0,904.0
10110003PEREIRAG_2026-01-20_G06,10110003PEREIRAG,2026-01-20,"124586, 111433, 110373",3,5,38,39.0
10110003PEREIRAG_2026-01-20_G07,10110003PEREIRAG,2026-01-20,117853,1,20,0,1306.0
10110003PEREIRAG_2026-01-20_G08,10110003PEREIRAG,2026-01-20,108770,1,2,0,981.0
10110003PEREIRAG_2026-01-21_G04,10110003PEREIRAG,2026-01-21,"117853, 117935",3,8,33,58.0
10110003PEREIRAG_2026-01-27_G02,10110003PEREIRAG,2026-01-27,118269,1,8,0,69.0
10110003PEREIRAG_2026-01-27_G03,10110003PEREIRAG,2026-01-27,124247,1,30,0,101.0
10110003PEREIRAG_2026-01-27_G04,10110003PEREIRAG,2026-01-27,108770,1,4,0,42.0
10110003PEREIRAG_2026-01-27_G05,10110003PEREIRAG,2026-01-27,108770,1,8,0,44.0
10110003PEREIRAG_2026-01-27_G06,10110003PEREIRAG,2026-01-27,"107888, 111463, 115234",4,20,49,35.0
10110003PEREIRAG_2026-01-27_G07,10110003PEREIRAG,2026-01-27,"110376, 141066, 141458, 110371",5,37,51,35.0
10110003PEREIRAG_2026-01-27_G08,10110003PEREIRAG,2026-01-27,"110733, 117935",4,18,37,37.0
10110003PEREIRAG_2026-01-27_G09,10110003PEREIRAG,2026-01-27,108770,2,3,28,37.0
10110003PEREIRAG_2026-01-27_G10,10110003PEREIRAG,2026-01-27,"108770, 117853, 160054, 109640, 110374",6,38,63,46.0
10110003PEREIRAG_2026-01-27_G11,10110003PEREIRAG,2026-01-27,"110711, 110733, 117856, 117838",6,22,82,31.0
10110003PEREIRAG_2026-01-27_G12,10110003PEREIRAG,2026-01-27,"118353, 111650, 111443, 123153, 111433, 110787, 111879",9,25,114,35.0
10110003PEREIRAG_2026-01-27_G13,10110003PEREIRAG,2026-01-27,110080,1,1,0,61.0
10110003PEREIRAG_2026-01-27_G14,10110003PEREIRAG,2026-01-27,111330,1,33,0,38.0
10110003PEREIRAG_2026-01-27_G15,10110003PEREIRAG,2026-01-27,111443,1,2,0,218.0
10110003PEREIRAG_2026-01-27_G16,10110003PEREIRAG,2026-01-27,141166,1,3,0,39.0
10110003PEREIRAG_2026-01-27_G17,10110003PEREIRAG,2026-01-27,123822,1,8,0,129.0
10110003PEREIRAG_2026-01-29_G02,10110003PEREIRAG,2026-01-29,"122967, 118299, 111435, 141155",4,29,47,32.0
10110003PEREIRAG_2026-01-29_G03,10110003PEREIRAG,2026-01-29,"141261, 117855, 141155",3,54,38,140.0
10110003PEREIRAG_2026-01-29_G04,10110003PEREIRAG,2026-01-29,"141141, 141155, 141261",3,25,21,36.0
10110003PEREIRAG_2026-01-29_G05,10110003PEREIRAG,2026-01-29,"141141, 141155",2,10,13,34.0
10110003PEREIRAG_2026-01-30_G02,10110003PEREIRAG,2026-01-30,160054,1,3,0,644.0
10110003PEREIRAG_2026-01-31_G02,10110003PEREIRAG,2026-01-31,"141141, 141155, 110741, 117855, 111438, 117821, 117833, 141140, 111742",10,85,131,57.0
10110003PEREIRAG_2026-01-31_G03,10110003PEREIRAG,2026-01-31,"111759, 111751, 141262, 124433",4,35,61,34.0
10110003PEREIRAG_2026-01-31_G04,10110003PEREIRAG,2026-01-31,141155,1,10,0,191.0
10110003PEREIRAG_2026-01-31_G05,10110003PEREIRAG,2026-01-31,"141155, 111759, 111742",3,10,40,40.0
10110003PEREIRAG_2026-01-31_G06,10110003PEREIRAG,2026-01-31,"122185, 108711, 117833",5,70,49,50.0
10110003PEREIRAG_2026-01-31_G07,10110003PEREIRAG,2026-01-31,116611,2,6,22,88.0
10110003PEREIRAG_2026-01-31_G08,10110003PEREIRAG,2026-01-31,141141,1,20,0,39.0
10110003PEREIRAG_2026-01-31_G09,10110003PEREIRAG,2026-01-31,"122185, 141141",4,23,54,246.0
10110003PEREIRAG_2026-01-31_G10,10110003PEREIRAG,2026-01-31,"141066, 122185",3,6,21,179.0
10110003PEREIRAG_2026-01-31_G11,10110003PEREIRAG,2026-01-31,141261,1,10,0,109.0
10110003PEREIRAG_2026-01-31_G12,10110003PEREIRAG,2026-01-31,122185,1,20,0,57.0
10110003PEREIRAG_2026-01-31_G13,10110003PEREIRAG,2026-01-31,"111435, 118320",3,6,30,46.0
10110003PEREIRAG_2026-01-31_G14,10110003PEREIRAG,2026-01-31,111446,1,4,0,92.0
10110003PEREIRAG_2026-01-31_G15,10110003PEREIRAG,2026-01-31,141261,1,16,0,132.0
10110003PEREIRAG_2026-01-31_G16,10110003PEREIRAG,2026-01-31,122185,1,44,0,64.0
10110003PEREIRAG_2026-01-31_G17,10110003PEREIRAG,2026-01-31,111530,1,34,0,71.0
10110003PEREIRAG_2026-01-31_G18,10110003PEREIRAG,2026-01-31,"122185, 141261, 110711",4,32,39,71.0
10110003PEREIRAG_2026-02-07_G02,10110003PEREIRAG,2026-02-07,118279,1,20,0,32.0
10110003PEREIRAG_2026-02-07_G03,10110003PEREIRAG,2026-02-07,109641,1,1,0,45.0
10110003PEREIRAG_2026-02-10_G02,10110003PEREIRAG,2026-02-10,118317,1,2,0,31.0
10110003PEREIRAG_2026-02-10_G03,10110003PEREIRAG,2026-02-10,118317,2,17,28,34.0
10110003PEREIRAG_2026-02-16_G02,10110003PEREIRAG,2026-02-16,117838,1,1,0,82.0
10110003PEREIRAG_2026-02-16_G03,10110003PEREIRAG,2026-02-16,110373,1,180,0,2350.0
10110003PEREIRAG_2026-02-16_G04,10110003PEREIRAG,2026-02-16,118094,1,6,0,47.0
10110003PEREIRAG_2026-02-16_G05,10110003PEREIRAG,2026-02-16,"141155, 111751",3,18,30,55.0
10110003PEREIRAG_2026-02-16_G06,10110003PEREIRAG,2026-02-16,"110080, 111879, 111876, 110325, 140923",7,56,119,42.0
10110003PEREIRAG_2026-02-16_G07,10110003PEREIRAG,2026-02-16,"108759, 111330, 101217, 111879, 141997",5,24,77,42.0
10110003PEREIRAG_2026-02-16_G08,10110003PEREIRAG,2026-02-16,"107236, 111330",3,21,32,31.0
10110003PEREIRAG_2026-02-16_G09,10110003PEREIRAG,2026-02-16,"117808, 122983, 118317, 111532, 116611, 141823",6,83,106,33.0
10110003PEREIRAG_2026-02-16_G10,10110003PEREIRAG,2026-02-16,111463,1,40,0,142.0
10110003PEREIRAG_2026-02-16_G11,10110003PEREIRAG,2026-02-16,141997,1,4,0,35.0
10110003PEREIRAG_2026-02-16_G12,10110003PEREIRAG,2026-02-16,"123560, 124475",2,12,10,71.0
10110003PEREIRAG_2026-02-16_G13,10110003PEREIRAG,2026-02-16,122647,2,42,15,47.0
10110003PEREIRAG_2026-02-16_G14,10110003PEREIRAG,2026-02-16,"124475, 118317, 117809",3,25,41,38.0
10110003PEREIRAG_2026-02-16_G15,10110003PEREIRAG,2026-02-16,111330,1,10,0,110.0
10110003PEREIRAG_2026-02-16_G16,10110003PEREIRAG,2026-02-16,111330,4,13,65,45.0
10110003PEREIRAG_2026-02-16_G17,10110003PEREIRAG,2026-02-16,"141141, 120389",2,63,17,31.0
10110003PEREIRAG_2026-02-16_G18,10110003PEREIRAG,2026-02-16,120339,1,47,0,63.0
10110003PEREIRAG_2026-02-16_G19,10110003PEREIRAG,2026-02-16,109643,2,4,21,75.0
10110003PEREIRAG_2026-02-16_G20,10110003PEREIRAG,2026-02-16,109643,3,20,34,33.0
10110003PEREIRAG_2026-02-18_G03,10110003PEREIRAG,2026-02-18,118191,1,1800,0,48.0
10110003PEREIRAG_2026-02-18_G04,10110003PEREIRAG,2026-02-18,"117832, 140923",2,740,30,31.0
10110003PEREIRAG_2026-02-18_G05,10110003PEREIRAG,2026-02-18,"111463, 124475",2,88,24,108.0
10110003PEREIRAG_2026-02-18_G06,10110003PEREIRAG,2026-02-18,111462,1,21,0,110.0
10110003PEREIRAG_2026-02-18_G07,10110003PEREIRAG,2026-02-18,109643,1,3,0,45.0
10110003PEREIRAG_2026-02-18_G08,10110003PEREIRAG,2026-02-18,118094,1,4,0,35.0
10110003PEREIRAG_2026-02-18_G09,10110003PEREIRAG,2026-02-18,109643,1,8,0,50.0
10110003PEREIRAG_2026-02-18_G10,10110003PEREIRAG,2026-02-18,109643,1,2,0,35.0
10110003PEREIRAG_2026-02-18_G11,10110003PEREIRAG,2026-02-18,"141708, 118094, 110711",3,18,27,32.0
10110003PEREIRAG_2026-02-18_G12,10110003PEREIRAG,2026-02-18,141155,1,6,0,101.0
10110003PEREIRAG_2026-02-18_G13,10110003PEREIRAG,2026-02-18,109643,1,4,0,58.0
10110003PEREIRAG_2026-02-18_G14,10110003PEREIRAG,2026-02-18,118094,2,36,20,41.0
10110003PEREIRAG_2026-02-18_G15,10110003PEREIRAG,2026-02-18,118094,1,8,0,32.0
10110003PEREIRAG_2026-02-19_G03,10110003PEREIRAG,2026-02-19,111462,1,11,0,341.0
10110003PEREIRAG_2026-02-19_G04,10110003PEREIRAG,2026-02-19,111469,1,12,0,1171.0
10110003PEREIRAG_2026-02-19_G05,10110003PEREIRAG,2026-02-19,109640,1,16,0,965.0
10110003PEREIRAG_2026-02-19_G06,10110003PEREIRAG,2026-02-19,118094,1,2,0,1047.0
10110003PEREIRAG_2026-02-19_G07,10110003PEREIRAG,2026-02-19,109640,1,1,0,145.0
10110003PEREIRAG_2026-02-19_G08,10110003PEREIRAG,2026-02-19,109640,1,226,0,1243.0
10110003PEREIRAG_2026-02-19_G09,10110003PEREIRAG,2026-02-19,117834,1,2,0,1820.0
10110003PEREIRAG_2026-02-19_G10,10110003PEREIRAG,2026-02-19,108770,1,4,0,304.0
10110003PEREIRAG_2026-02-20_G02,10110003PEREIRAG,2026-02-20,111438,1,8,0,2432.0
10110003PEREIRAG_2026-02-20_G03,10110003PEREIRAG,2026-02-20,109640,1,6,0,355.0
10110003PEREIRAG_2026-02-28_G02,10110003PEREIRAG,2026-02-28,"105705, 140922",6,40,31,89.0
10110003PEREIRAG_2026-02-28_G03,10110003PEREIRAG,2026-02-28,141419,1,1,0,368.0
10110003PEREIRAG_2026-02-28_G04,10110003PEREIRAG,2026-02-28,122967,1,3,0,36.0
10110003PEREIRAG_2026-02-28_G05,10110003PEREIRAG,2026-02-28,"114647, 122647",2,24,16,60.0
10110003PEREIRAG_2026-02-28_G06,10110003PEREIRAG,2026-02-28,"122647, 141140",3,16,44,87.0
10110003PEREIRAG_2026-02-28_G07,10110003PEREIRAG,2026-02-28,124370,2,50,23,96.0
10110003PEREIRAG_2026-02-28_G08,10110003PEREIRAG,2026-02-28,124370,1,70,0,31.0
10110003PEREIRAG_2026-02-28_G09,10110003PEREIRAG,2026-02-28,122647,1,30,0,68.0
10110003PEREIRAG_2026-02-28_G10,10110003PEREIRAG,2026-02-28,141155,1,4,0,68.0
10110003PEREIRAG_2026-02-28_G11,10110003PEREIRAG,2026-02-28,109643,2,5,25,54.0
10110003PEREIRAG_2026-02-28_G12,10110003PEREIRAG,2026-02-28,"109643, 124483, 124370, 122647, 117786",5,110,90,36.0
10110003PEREIRAG_2026-02-28_G13,10110003PEREIRAG,2026-02-28,114647,1,8,0,87.0
10110003PEREIRAG_2026-02-28_G14,10110003PEREIRAG,2026-02-28,141458,1,40,0,35.0
10110003PEREIRAG_2026-02-28_G15,10110003PEREIRAG,2026-02-28,"110711, 105705, 107263, 124483",5,14,80,113.0
10110003PEREIRAG_2026-02-28_G16,10110003PEREIRAG,2026-02-28,"118299, 142093",2,84,18,67.0
10110003PEREIRAG_2026-02-28_G17,10110003PEREIRAG,2026-02-28,124486,1,10,0,37.0
10110003PEREIRAG_2026-02-28_G18,10110003PEREIRAG,2026-02-28,"118418, 122647, 120028, 124486, 122962, 105705",12,88,134,140.0
10110003PEREIRAG_2026-02-28_G19,10110003PEREIRAG,2026-02-28,117841,1,1,0,43.0
10110003PEREIRAG_2026-02-28_G20,10110003PEREIRAG,2026-02-28,105705,1,9,0,66.0
10110003PEREIRAG_2026-02-28_G21,10110003PEREIRAG,2026-02-28,111330,1,7,0,93.0
10110003PEREIRAG_2026-02-28_G22,10110003PEREIRAG,2026-02-28,"124370, 122647, 141997, 117861, 118140, 140911",8,176,113,170.0
10110003PEREIRAG_2026-02-28_G23,10110003PEREIRAG,2026-02-28,124370,1,100,0,72.0
10110003PEREIRAG_2026-02-28_G24,10110003PEREIRAG,2026-02-28,111467,1,73,0,36.0
10110003PEREIRAG_2026-02-28_G25,10110003PEREIRAG,2026-02-28,111462,3,40,30,34.0
10110003PEREIRAG_2026-02-28_G26,10110003PEREIRAG,2026-02-28,"111462, 124483",2,39,16,63.0
10110003PEREIRAG_2026-02-28_G27,10110003PEREIRAG,2026-02-28,"107236, 140922",3,16,41,82.0
10110003PEREIRAG_2026-02-28_G28,10110003PEREIRAG,2026-02-28,"140922, 107263",3,27,32,53.0
10110003PEREIRAG_2026-02-28_G30,10110003PEREIRAG,2026-02-28,181056,1,4,0,33.0
10110003PEREIRAG_2026-02-28_G31,10110003PEREIRAG,2026-02-28,"122673, 181056",7,33,100,164.0
10110003PEREIRAG_2026-03-02_G02,10110003PEREIRAG,2026-03-02,181056,1,2,0,1404.0
10110003PEREIRAG_2026-03-02_G03,10110003PEREIRAG,2026-03-02,"109643, 107263, 110711, 111462, 118299",5,24,69,55.0
10110003PEREIRAG_2026-03-02_G04,10110003PEREIRAG,2026-03-02,124586,1,16,0,57.0
10110003PEREIRAG_2026-03-02_G05,10110003PEREIRAG,2026-03-02,117841,1,1,0,40.0
10110003PEREIRAG_2026-03-02_G06,10110003PEREIRAG,2026-03-02,124483,1,1,0,53.0
10110003PEREIRAG_2026-03-02_G07,10110003PEREIRAG,2026-03-02,140922,1,2,0,62.0
10110003PEREIRAG_2026-03-02_G08,10110003PEREIRAG,2026-03-02,109640,1,14,0,44.0
10110003PEREIRAG_2026-03-02_G09,10110003PEREIRAG,2026-03-02,107236,1,1,0,179.0
10110003PEREIRAG_2026-03-02_G10,10110003PEREIRAG,2026-03-02,"111879, 124486, 124370, 105705, 111850",23,340,328,67.0
10110003PEREIRAG_2026-03-02_G11,10110003PEREIRAG,2026-03-02,"123345, 105705",2,4,16,55.0
10110003PEREIRAG_2026-03-02_G12,10110003PEREIRAG,2026-03-02,"122671, 122703, 124247, 120389, 124476, 124486, 124371, 120339",8,42,48,52.0
10110003PEREIRAG_2026-03-02_G13,10110003PEREIRAG,2026-03-02,"122647, 111759, 108759, 111530, 117785, 117821, 124370",8,86,137,69.0
10110003PEREIRAG_2026-03-02_G14,10110003PEREIRAG,2026-03-02,"114647, 120321, 122647, 118281",4,132,56,55.0
10110003PEREIRAG_2026-03-02_G15,10110003PEREIRAG,2026-03-02,"114647, 141155, 181057, 118317, 141249, 111742, 111876, 111879, 117861, 109649",13,49,191,34.0
10110003PEREIRAG_2026-03-02_G16,10110003PEREIRAG,2026-03-02,110711,1,10,0,60.0
10110003PEREIRAG_2026-03-02_G17,10110003PEREIRAG,2026-03-02,"107830, 160055, 122984, 140922, 122647, 118416, 118326, 111876, 124370, 111759, 124486",20,209,324,49.0
10110003PEREIRAG_2026-03-02_G18,10110003PEREIRAG,2026-03-02,"111876, 140922",3,17,34,72.0
10110003PEREIRAG_2026-03-02_G19,10110003PEREIRAG,2026-03-02,140922,1,50,0,32.0
10110003PEREIRAG_2026-03-02_G20,10110003PEREIRAG,2026-03-02,105705,1,4,0,31.0
10110003PEREIRAG_2026-03-02_G21,10110003PEREIRAG,2026-03-02,"142013, 105705, 141262, 118317, 141155, 111759",11,47,134,41.0
10110003PEREIRAG_2026-03-02_G22,10110003PEREIRAG,2026-03-02,118326,1,6,0,43.0
10110003PEREIRAG_2026-03-05_G02,10110003PEREIRAG,2026-03-05,120287,1,200,0,36.0
10110003PEREIRAG_2026-03-05_G03,10110003PEREIRAG,2026-03-05,111722,2,22,19,71.0
10110003PEREIRAG_2026-03-05_G04,10110003PEREIRAG,2026-03-05,"141141, 122962, 142028",3,56,33,57.0
10110003PEREIRAG_2026-03-05_G06,10110003PEREIRAG,2026-03-05,124728,1,8,0,41.0
10110003PEREIRAG_2026-03-05_G07,10110003PEREIRAG,2026-03-05,"124728, 105705, 141140",9,149,144,163.0
10110003PEREIRAG_2026-03-05_G08,10110003PEREIRAG,2026-03-05,"122984, 124728, 121928, 122647, 110711, 110756",7,212,105,31.0
10110003PEREIRAG_2026-03-05_G10,10110003PEREIRAG,2026-03-05,"122962, 124594",2,66,27,207.0
10110003PEREIRAG_2026-03-05_G11,10110003PEREIRAG,2026-03-05,"122981, 122984, 120389, 122982, 120272, 120008, 122988, 124476, 124248",9,190,189,31.0
10110003PEREIRAG_2026-03-05_G12,10110003PEREIRAG,2026-03-05,"124371, 122986, 122196",3,31,44,95.0
10110003PEREIRAG_2026-03-05_G13,10110003PEREIRAG,2026-03-05,"123822, 122962, 122647",3,64,42,144.0
10110003PEREIRAG_2026-03-05_G14,10110003PEREIRAG,2026-03-05,124486,1,10,0,48.0
10110003PEREIRAG_2026-03-05_G15,10110003PEREIRAG,2026-03-05,"122984, 124370",2,6,24,58.0
10110003PEREIRAG_2026-03-05_G16,10110003PEREIRAG,2026-03-05,122962,1,60,0,51.0
10110003PEREIRAG_2026-03-06_G02,10110003PEREIRAG,2026-03-06,118416,1,5,0,37.0
10110003PEREIRAG_2026-03-06_G04,10110003PEREIRAG,2026-03-06,"122962, 123822",2,128,8,59.0
10110003PEREIRAG_2026-03-06_G05,10110003PEREIRAG,2026-03-06,122962,1,80,0,38.0
10110003PEREIRAG_2026-03-06_G06,10110003PEREIRAG,2026-03-06,"122962, 124486",2,56,8,33.0
10110003PEREIRAG_2026-03-06_G07,10110003PEREIRAG,2026-03-06,"123492, 124728",2,21,18,54.0
10110003PEREIRAG_2026-03-06_G08,10110003PEREIRAG,2026-03-06,118299,1,66,0,1013.0
10110003PEREIRAG_2026-03-06_G09,10110003PEREIRAG,2026-03-06,"124624, 123344",2,19,7,49.0
10110003PEREIRAG_2026-03-07_G02,10110003PEREIRAG,2026-03-07,117841,1,5,0,44.0
10110003PEREIRAG_2026-03-07_G03,10110003PEREIRAG,2026-03-07,"111172, 180026",2,117,14,426.0
10110003PEREIRAG_2026-03-09_G02,10110003PEREIRAG,2026-03-09,"124586, 124728",2,26,29,123.0
10110003PEREIRAG_2026-03-09_G03,10110003PEREIRAG,2026-03-09,122983,2,6,19,260.0
10110003PEREIRAG_2026-03-09_G04,10110003PEREIRAG,2026-03-09,"141261, 111722",3,28,23,1258.0
10110003PEREIRAG_2026-03-09_G05,10110003PEREIRAG,2026-03-09,120389,1,50,0,3378.0
10110003PEREIRAG_2026-03-09_G06,10110003PEREIRAG,2026-03-09,124486,1,5,0,269.0
10110003PEREIRAG_2026-03-09_G07,10110003PEREIRAG,2026-03-09,122962,1,14,0,358.0
10110003PEREIRAG_2026-03-09_G08,10110003PEREIRAG,2026-03-09,122984,1,1,0,220.0
10110003PEREIRAG_2026-03-09_G09,10110003PEREIRAG,2026-03-09,124486,1,10,0,92.0
10110003PEREIRAG_2026-03-09_G10,10110003PEREIRAG,2026-03-09,124247,1,10,0,143.0
10110003PEREIRAG_2026-03-09_G11,10110003PEREIRAG,2026-03-09,122962,1,16,0,425.0
10110003PEREIRAG_2026-03-09_G12,10110003PEREIRAG,2026-03-09,122673,1,16,0,303.0
10110003PEREIRAG_2026-03-09_G13,10110003PEREIRAG,2026-03-09,"124486, 122984, 124624",3,46,53,484.0
10110003PEREIRAG_2026-03-09_G14,10110003PEREIRAG,2026-03-09,"122986, 122984, 123345",4,26,60,101.0
10110003PEREIRAG_2026-03-09_G15,10110003PEREIRAG,2026-03-09,122673,1,15,0,523.0
10110003PEREIRAG_2026-03-10_G02,10110003PEREIRAG,2026-03-10,"111722, 141261",6,92,56,114.0
10110003PEREIRAG_2026-03-10_G03,10110003PEREIRAG,2026-03-10,111722,2,70,19,63.0
10110003PEREIRAG_2026-03-10_G04,10110003PEREIRAG,2026-03-10,"141261, 111722",4,52,43,44.0
10110003PEREIRAG_2026-03-10_G05,10110003PEREIRAG,2026-03-10,111722,1,10,0,744.0
10110003PEREIRAG_2026-03-10_G06,10110003PEREIRAG,2026-03-10,"111722, 141261",4,38,35,38.0
10110003PEREIRAG_2026-03-10_G07,10110003PEREIRAG,2026-03-10,"141318, 105359, 110753",3,17,24,50.0
10110003PEREIRAG_2026-03-10_G08,10110003PEREIRAG,2026-03-10,"140922, 123343, 111722, 141261, 111330, 122962, 140911, 142027, 122984, 120389, 120028",16,127,219,37.0
10110003PEREIRAG_2026-03-10_G09,10110003PEREIRAG,2026-03-10,124728,1,250,0,361.0
10110003PEREIRAG_2026-03-10_G10,10110003PEREIRAG,2026-03-10,"124728, 121760",2,5,5,45.0
10110003PEREIRAG_2026-03-10_G11,10110003PEREIRAG,2026-03-10,"122967, 111722",3,73,32,42.0
10110003PEREIRAG_2026-03-10_G12,10110003PEREIRAG,2026-03-10,"124728, 122983",2,88,6,32.0
10110003PEREIRAG_2026-03-10_G13,10110003PEREIRAG,2026-03-10,"124728, 122647, 122984, 122986, 111722, 141261, 124594",13,286,185,105.0
10110003PEREIRAG_2026-03-10_G15,10110003PEREIRAG,2026-03-10,"111723, 111634, 111751",3,30,31,46.0
10110003PEREIRAG_2026-03-10_G16,10110003PEREIRAG,2026-03-10,123345,2,14,24,56.0
10110003PEREIRAG_2026-03-10_G17,10110003PEREIRAG,2026-03-10,"123344, 123345",3,17,43,35.0
10110003PEREIRAG_2026-03-10_G18,10110003PEREIRAG,2026-03-10,123345,1,14,0,37.0
10110003PEREIRAG_2026-03-10_G19,10110003PEREIRAG,2026-03-10,123345,2,10,11,95.0
10110003PEREIRAG_2026-03-10_G20,10110003PEREIRAG,2026-03-10,123344,2,11,10,39.0
10110003PEREIRAG_2026-03-11_G02,10110003PEREIRAG,2026-03-11,141261,1,20,0,229.0
10110003PEREIRAG_2026-03-11_G03,10110003PEREIRAG,2026-03-11,"110711, 105705",2,21,14,37.0
10110003PEREIRAG_2026-03-11_G04,10110003PEREIRAG,2026-03-11,124248,1,12,0,49.0
10110003PEREIRAG_2026-03-11_G05,10110003PEREIRAG,2026-03-11,110711,1,5,0,108.0
10110003PEREIRAG_2026-03-11_G06,10110003PEREIRAG,2026-03-11,122962,1,36,0,700.0
10110003PEREIRAG_2026-03-11_G07,10110003PEREIRAG,2026-03-11,124728,1,8,0,41.0
10110003PEREIRAG_2026-03-11_G08,10110003PEREIRAG,2026-03-11,124728,1,40,0,51.0
10110003PEREIRAG_2026-03-11_G09,10110003PEREIRAG,2026-03-11,124728,1,16,0,40.0
10110003PEREIRAG_2026-03-11_G10,10110003PEREIRAG,2026-03-11,"122967, 111722, 141261",8,128,101,66.0
10110003PEREIRAG_2026-03-11_G11,10110003PEREIRAG,2026-03-11,"123345, 123343, 111440, 111722, 110375, 123313",7,86,90,175.0
10110003PEREIRAG_2026-03-11_G12,10110003PEREIRAG,2026-03-11,"124728, 111447, 122967",5,220,85,69.0
10110003PEREIRAG_2026-03-11_G13,10110003PEREIRAG,2026-03-11,107236,1,18,0,71.0
10110003PEREIRAG_2026-03-11_G14,10110003PEREIRAG,2026-03-11,"117837, 110747",3,66,36,75.0
10110003PEREIRAG_2026-03-11_G15,10110003PEREIRAG,2026-03-11,124728,1,16,0,40.0
10110003PEREIRAG_2026-03-11_G16,10110003PEREIRAG,2026-03-11,111441,1,60,0,92.0
10110003PEREIRAG_2026-03-11_G17,10110003PEREIRAG,2026-03-11,"111876, 117837",2,14,20,31.0
10110003PEREIRAG_2026-03-11_G18,10110003PEREIRAG,2026-03-11,"117837, 141166, 124728, 110816",4,49,61,52.0
10110003PEREIRAG_2026-03-11_G19,10110003PEREIRAG,2026-03-11,123560,1,9,0,92.0
10110003PEREIRAG_2026-03-11_G20,10110003PEREIRAG,2026-03-11,123560,1,12,0,114.0
10110003PEREIRAG_2026-03-11_G21,10110003PEREIRAG,2026-03-11,123153,1,18,0,537.0
10110003PEREIRAG_2026-03-11_G22,10110003PEREIRAG,2026-03-11,"111462, 123153, 141261, 111722",8,104,93,530.0
10110003PEREIRAG_2026-03-11_G23,10110003PEREIRAG,2026-03-11,"141261, 111722, 124728, 120339",5,70,49,798.0
10110003PEREIRAG_2026-03-11_G24,10110003PEREIRAG,2026-03-11,"141261, 107236",2,22,17,51.0
10110003PEREIRAG_2026-03-11_G25,10110003PEREIRAG,2026-03-11,141261,1,10,0,52.0
10110003PEREIRAG_2026-03-11_G26,10110003PEREIRAG,2026-03-11,"111722, 141261, 122983, 124247, 124486, 124484, 123153, 141140, 123560, 110787",15,189,199,1703.0
10110003PEREIRAG_2026-03-11_G27,10110003PEREIRAG,2026-03-11,117837,1,2,0,37.0
10110003PEREIRAG_2026-03-11_G28,10110003PEREIRAG,2026-03-11,"123153, 111742",2,12,13,31.0
10110003PEREIRAG_2026-03-11_G29,10110003PEREIRAG,2026-03-11,141140,1,8,0,33.0
10110003PEREIRAG_2026-03-11_G30,10110003PEREIRAG,2026-03-11,"117837, 117822",4,25,77,47.0
10110003PEREIRAG_2026-03-11_G31,10110003PEREIRAG,2026-03-11,117841,1,1,0,45.0
10110003PEREIRAG_2026-03-11_G32,10110003PEREIRAG,2026-03-11,"107263, 124728, 124476, 110787",4,29,65,132.0
10110003PEREIRAG_2026-03-11_G33,10110003PEREIRAG,2026-03-11,120995,1,50,0,103.0
10110003PEREIRAG_2026-03-11_G34,10110003PEREIRAG,2026-03-11,111112,1,1,0,196.0
10110003PEREIRAG_2026-03-11_G35,10110003PEREIRAG,2026-03-11,123345,1,40,0,87.0
10110003PEREIRAG_2026-03-11_G36,10110003PEREIRAG,2026-03-11,124248,1,203,0,802.0
10110003PEREIRAG_2026-03-11_G37,10110003PEREIRAG,2026-03-11,117834,1,6,0,42.0
10110003PEREIRAG_2026-03-11_G38,10110003PEREIRAG,2026-03-11,110372,1,2,0,50.0
10110003PEREIRAG_2026-03-16_G02,10110003PEREIRAG,2026-03-16,111466,1,24,0,243.0
10110003PEREIRAG_2026-03-17_G02,10110003PEREIRAG,2026-03-17,111441,1,1,0,1643.0
10110003PEREIRAG_2026-03-17_G03,10110003PEREIRAG,2026-03-17,141166,1,2,0,236.0
10110003PEREIRAG_2026-03-17_G04,10110003PEREIRAG,2026-03-17,111112,1,4,0,38.0
10110003PEREIRAG_2026-03-17_G05,10110003PEREIRAG,2026-03-17,"111447, 111876",2,92,29,40.0
10110003PEREIRAG_2026-03-17_G06,10110003PEREIRAG,2026-03-17,"117837, 111530, 122984, 123344, 124594",6,18,86,141.0
10110003PEREIRAG_2026-03-17_G07,10110003PEREIRAG,2026-03-17,110080,1,3,0,76.0
10110003PEREIRAG_2026-03-17_G08,10110003PEREIRAG,2026-03-17,121307,1,26,0,117.0
10110003PEREIRAG_2026-03-17_G09,10110003PEREIRAG,2026-03-17,124624,1,120,0,33.0
10110003PEREIRAG_2026-03-17_G10,10110003PEREIRAG,2026-03-17,"123343, 123822, 110740",4,328,59,41.0
10110003PEREIRAG_2026-03-17_G11,10110003PEREIRAG,2026-03-17,"123822, 111330, 123343, 124728",4,108,40,44.0
10110003PEREIRAG_2026-03-17_G12,10110003PEREIRAG,2026-03-17,"141458, 122673",2,7,16,36.0
10110003PEREIRAG_2026-03-17_G13,10110003PEREIRAG,2026-03-17,"124248, 111737, 111876, 111530, 111436, 111435, 111463",9,269,148,32.0
10110003PEREIRAG_2026-03-17_G14,10110003PEREIRAG,2026-03-17,111793,1,3,0,81.0
10110003PEREIRAG_2026-03-17_G15,10110003PEREIRAG,2026-03-17,"111793, 111876, 110787",6,22,73,34.0
10110003PEREIRAG_2026-03-17_G16,10110003PEREIRAG,2026-03-17,110832,1,50,0,133.0
10110003PEREIRAG_2026-03-17_G17,10110003PEREIRAG,2026-03-17,110313,1,50,0,33.0
10110003PEREIRAG_2026-03-17_G18,10110003PEREIRAG,2026-03-17,110313,1,6,0,35.0
10110003PEREIRAG_2026-03-17_G19,10110003PEREIRAG,2026-03-17,117837,1,4,0,39.0
10110003PEREIRAG_2026-03-17_G20,10110003PEREIRAG,2026-03-17,"111876, 124486, 123343",4,41,52,33.0
10110003PEREIRAG_2026-03-17_G21,10110003PEREIRAG,2026-03-17,123343,1,5,0,41.0
10110003PEREIRAG_2026-03-17_G22,10110003PEREIRAG,2026-03-17,123822,1,100,0,669.0
10110003PEREIRAG_2026-03-17_G24,10110003PEREIRAG,2026-03-17,110339,1,39,0,345.0
10110003PEREIRAG_2026-03-17_G25,10110003PEREIRAG,2026-03-17,124728,1,2,0,115.0
10110003PEREIRAG_2026-03-17_G27,10110003PEREIRAG,2026-03-17,124484,1,100,0,788.0
10110003PEREIRAG_2026-03-17_G28,10110003PEREIRAG,2026-03-17,124264,1,50,0,490.0
10110003PEREIRAG_2026-03-17_G29,10110003PEREIRAG,2026-03-17,120339,1,37,0,880.0
10110003PEREIRAG_2026-03-19_G02,10110003PEREIRAG,2026-03-19,111722,1,310,0,321.0
10110003PEREIRAG_2026-03-19_G03,10110003PEREIRAG,2026-03-19,"110740, 118094",3,24,44,128.0
10110003PEREIRAG_2026-03-19_G04,10110003PEREIRAG,2026-03-19,"118094, 110753, 110313, 124247, 123344, 123345",7,27,90,53.0
10110003PEREIRAG_2026-03-19_G05,10110003PEREIRAG,2026-03-19,124624,1,19,0,70.0
10110003PEREIRAG_2026-03-19_G06,10110003PEREIRAG,2026-03-19,"123345, 110313, 117862",3,24,39,47.0
10110003PEREIRAG_2026-03-19_G07,10110003PEREIRAG,2026-03-19,"122984, 111876, 124248, 123344, 124594",5,66,66,79.0
10110003PEREIRAG_2026-03-19_G08,10110003PEREIRAG,2026-03-19,123343,1,4,0,48.0
10110003PEREIRAG_2026-03-19_G09,10110003PEREIRAG,2026-03-19,124248,1,3,0,66.0
10110003PEREIRAG_2026-03-19_G10,10110003PEREIRAG,2026-03-19,124548,1,5,0,55.0
10110003PEREIRAG_2026-03-19_G11,10110003PEREIRAG,2026-03-19,118290,1,2,0,41.0
10110003PEREIRAG_2026-03-19_G12,10110003PEREIRAG,2026-03-19,"118290, 124248, 123313",3,18,52,73.0
10110003PEREIRAG_2026-03-19_G13,10110003PEREIRAG,2026-03-19,181052,1,4,0,48.0
10110003PEREIRAG_2026-03-19_G14,10110003PEREIRAG,2026-03-19,124248,1,2,0,788.0
10110003PEREIRAG_2026-03-19_G15,10110003PEREIRAG,2026-03-19,124248,1,2,0,41.0
10110003PEREIRAG_2026-03-19_G16,10110003PEREIRAG,2026-03-19,111436,1,2,0,219.0
10110003PEREIRAG_2026-03-19_G17,10110003PEREIRAG,2026-03-19,111660,1,2,0,184.0
10110003PEREIRAG_2026-03-19_G19,10110003PEREIRAG,2026-03-19,121307,1,12,0,173.0
10110003PEREIRAG_2026-03-19_G20,10110003PEREIRAG,2026-03-19,"118094, 111634",3,10,28,90.0
10110003PEREIRAG_2026-03-19_G21,10110003PEREIRAG,2026-03-19,111436,1,55,0,44.0
10110003PEREIRAG_2026-03-19_G22,10110003PEREIRAG,2026-03-19,124728,1,26,0,38.0
10110003PEREIRAG_2026-03-19_G23,10110003PEREIRAG,2026-03-19,124586,1,4,0,106.0
10110003PEREIRAG_2026-03-19_G24,10110003PEREIRAG,2026-03-19,118094,1,40,0,59.0
10110003PEREIRAG_2026-03-19_G25,10110003PEREIRAG,2026-03-19,118094,1,4,0,50.0
10110003PEREIRAG_2026-03-19_G26,10110003PEREIRAG,2026-03-19,122967,1,7,0,246.0
10110003PEREIRAG_2026-03-19_G27,10110003PEREIRAG,2026-03-19,123081,1,32,0,125.0
10110003PEREIRAG_2026-03-19_G28,10110003PEREIRAG,2026-03-19,118094,1,8,0,76.0
10110003PEREIRAG_2026-03-19_G29,10110003PEREIRAG,2026-03-19,118094,3,108,34,43.0
10110003PEREIRAG_2026-03-19_G30,10110003PEREIRAG,2026-03-19,118094,1,2,0,87.0
10110003PEREIRAG_2026-03-19_G32,10110003PEREIRAG,2026-03-19,122185,1,44,0,59.0
10110003PEREIRAG_2026-03-19_G33,10110003PEREIRAG,2026-03-19,"124247, 124484, 124248, 111876",6,34,71,81.0
10110003PEREIRAG_2026-03-19_G34,10110003PEREIRAG,2026-03-19,"124248, 123081",3,22,34,58.0
10110003PEREIRAG_2026-03-20_G02,10110003PEREIRAG,2026-03-20,141262,1,1028,0,124.0
10110003PEREIRAG_2026-03-23_G02,10110003PEREIRAG,2026-03-23,124728,1,4,0,2117.0
10110003PEREIRAG_2026-03-23_G03,10110003PEREIRAG,2026-03-23,124728,3,12,30,42.0
10110003PEREIRAG_2026-03-23_G04,10110003PEREIRAG,2026-03-23,123560,1,3,0,35.0
10110003PEREIRAG_2026-03-23_G05,10110003PEREIRAG,2026-03-23,"122673, 118094, 124624, 124248, 111436, 117822",14,285,165,49.0
10110003PEREIRAG_2026-03-23_G06,10110003PEREIRAG,2026-03-23,111182,1,2,0,117.0
10110003PEREIRAG_2026-03-23_G07,10110003PEREIRAG,2026-03-23,"122967, 124248",2,18,15,44.0
10110003PEREIRAG_2026-03-23_G08,10110003PEREIRAG,2026-03-23,"124248, 122967",2,56,11,31.0
10110003PEREIRAG_2026-03-23_G09,10110003PEREIRAG,2026-03-23,"122967, 141155, 111739, 141141, 123343, 124624, 111436, 124248, 124548, 110080, 142093, 105894",17,451,255,32.0
10110003PEREIRAG_2026-03-23_G10,10110003PEREIRAG,2026-03-23,"123345, 123343",2,13,15,67.0
10110003PEREIRAG_2026-03-23_G11,10110003PEREIRAG,2026-03-23,"142093, 111112, 111861",6,17,61,76.0
10110003PEREIRAG_2026-03-23_G12,10110003PEREIRAG,2026-03-23,124725,1,4,0,192.0
10110003PEREIRAG_2026-03-23_G13,10110003PEREIRAG,2026-03-23,"110313, 140923, 122984, 111443, 142093",7,35,82,50.0
10110003PEREIRAG_2026-03-23_G14,10110003PEREIRAG,2026-03-23,111467,1,6,0,63.0
10110003PEREIRAG_2026-03-23_G15,10110003PEREIRAG,2026-03-23,"111467, 117820, 117808, 117830, 140922, 111532, 111462, 111465, 111418, 111466, 117855, 118094, 111530, 141047, 109640, 111438, 140911",19,120,194,35.0
10110003PEREIRAG_2026-03-23_G16,10110003PEREIRAG,2026-03-23,122647,2,12,16,34.0
10110003PEREIRAG_2026-03-23_G17,10110003PEREIRAG,2026-03-23,"111441, 123343",2,14,18,86.0
10110003PEREIRAG_2026-03-23_G18,10110003PEREIRAG,2026-03-23,123345,1,8,0,34.0
10110003PEREIRAG_2026-03-23_G19,10110003PEREIRAG,2026-03-23,118290,1,1,0,58.0
10110003PEREIRAG_2026-03-23_G21,10110003PEREIRAG,2026-03-23,111793,1,2,0,44.0
10110003PEREIRAG_2026-03-24_G02,10110003PEREIRAG,2026-03-24,123560,2,8,19,150.0
10110003PEREIRAG_2026-03-24_G03,10110003PEREIRAG,2026-03-24,"110313, 140923, 117822, 111740",6,17,78,96.0
10110003PEREIRAG_2026-03-24_G04,10110003PEREIRAG,2026-03-24,"141456, 110753, 108759, 111466, 124624, 111876",7,258,89,90.0
10110003PEREIRAG_2026-03-24_G05,10110003PEREIRAG,2026-03-24,123822,1,300,0,39.0
10110003PEREIRAG_2026-03-24_G06,10110003PEREIRAG,2026-03-24,"111445, 117785, 111418, 111442",4,357,35,107.0
10110003PEREIRAG_2026-03-24_G07,10110003PEREIRAG,2026-03-24,"141823, 118299, 117820, 110373, 110372, 141202, 117808, 123344, 122981, 124370, 124486, 121760, 124247, 122647, 124582, 124248, 123345, 123343, 105242, 111650",22,1139,210,84.0
10110003PEREIRAG_2026-03-24_G08,10110003PEREIRAG,2026-03-24,"118271, 141456, 110325",3,48,34,304.0
10110003PEREIRAG_2026-03-24_G09,10110003PEREIRAG,2026-03-24,141456,5,30,51,91.0
10110003PEREIRAG_2026-03-24_G10,10110003PEREIRAG,2026-03-24,"141456, 111353",7,60,104,578.0
10110003PEREIRAG_2026-03-27_G02,10110003PEREIRAG,2026-03-27,141166,1,8,0,388.0
10110003PEREIRAG_2026-03-27_G03,10110003PEREIRAG,2026-03-27,110787,1,2,0,119.0
10110003PEREIRAG_2026-03-27_G04,10110003PEREIRAG,2026-03-27,110733,1,2,0,140.0
10110003PEREIRAG_2026-03-27_G05,10110003PEREIRAG,2026-03-27,142093,1,6,0,289.0
10110003PEREIRAG_2026-03-27_G06,10110003PEREIRAG,2026-03-27,141166,1,2,0,166.0
10110003PEREIRAG_2026-03-30_G02,10110003PEREIRAG,2026-03-30,122986,2,28,19,43.0
10110003PEREIRAG_2026-03-30_G03,10110003PEREIRAG,2026-03-30,122986,1,4,0,32.0
10110003PEREIRAG_2026-03-30_G04,10110003PEREIRAG,2026-03-30,111112,1,2,0,112.0
10110003PEREIRAG_2026-03-30_G05,10110003PEREIRAG,2026-03-30,122986,3,12,36,78.0
10110003PEREIRAG_2026-03-30_G06,10110003PEREIRAG,2026-03-30,122986,2,20,17,413.0
10110003PEREIRAG_2026-03-30_G07,10110003PEREIRAG,2026-03-30,"114647, 111443, 111876, 123909, 117830, 117837, 122185, 124728, 108772, 142093",10,368,140,49.0
10110003PEREIRAG_2026-03-30_G08,10110003PEREIRAG,2026-03-30,142093,1,100,0,92.0
10110003PEREIRAG_2026-03-30_G09,10110003PEREIRAG,2026-03-30,"111775, 117837, 142093, 117830",4,103,42,183.0
10110003PEREIRAG_2026-03-30_G10,10110003PEREIRAG,2026-03-30,"108759, 142093, 110325",3,5,27,41.0
10110003PEREIRAG_2026-03-30_G11,10110003PEREIRAG,2026-03-30,110325,1,1,0,56.0
10110003PEREIRAG_2026-03-30_G12,10110003PEREIRAG,2026-03-30,"111467, 141140, 122673, 124475, 121760, 124371, 123343, 117855, 117837, 111532, 117821, 110371, 110325",14,526,189,36.0
10110003PEREIRAG_2026-03-30_G13,10110003PEREIRAG,2026-03-30,"118298, 111442",2,10,15,58.0
10110003PEREIRAG_2026-03-30_G14,10110003PEREIRAG,2026-03-30,122967,1,16,0,92.0
10110003PEREIRAG_2026-03-30_G15,10110003PEREIRAG,2026-03-30,105705,1,3,0,34.0
10110003PEREIRAG_2026-03-30_G16,10110003PEREIRAG,2026-03-30,"110749, 123344, 117842, 111532, 117841, 141166",6,23,69,35.0
10110003PEREIRAG_2026-03-30_G17,10110003PEREIRAG,2026-03-30,"141458, 118223",2,17,14,34.0
10110003PEREIRAG_2026-03-30_G18,10110003PEREIRAG,2026-03-30,111442,1,2,0,35.0
10110003PEREIRAG_2026-03-30_G19,10110003PEREIRAG,2026-03-30,"111467, 141166, 117841",3,9,30,79.0
10110003PEREIRAG_2026-03-30_G20,10110003PEREIRAG,2026-03-30,"123344, 105705",2,3,16,922.0
10110003PEREIRAG_2026-03-30_G21,10110003PEREIRAG,2026-03-30,"110320, 111172, 105705",3,15,36,158.0
10110003PEREIRAG_2026-03-30_G23,10110003PEREIRAG,2026-03-30,"118281, 109645",2,12,18,274.0
10110003PEREIRAG_2026-03-30_G24,10110003PEREIRAG,2026-03-30,"124729, 122984, 181057, 141166, 111775",5,10,39,44.0
10110003PEREIRAG_2026-03-30_G25,10110003PEREIRAG,2026-03-30,140911,1,2,0,40.0
10110003PEREIRAG_2026-03-30_G26,10110003PEREIRAG,2026-03-30,118299,1,430,0,117.0
10110003PEREIRAG_2026-03-30_G27,10110003PEREIRAG,2026-03-30,142080,1,53,0,313.0
10110003PEREIRAG_2026-03-30_G28,10110003PEREIRAG,2026-03-30,110371,1,9,0,73.0
10110003PEREIRAG_2026-03-30_G29,10110003PEREIRAG,2026-03-30,110371,1,4,0,50.0
10110003PEREIRAG_2026-03-30_G30,10110003PEREIRAG,2026-03-30,"110371, 122673",3,72,56,32.0
10110003PEREIRAG_2026-03-30_G31,10110003PEREIRAG,2026-03-30,"110320, 111120",3,5,36,43.0
10110003PEREIRAG_2026-03-30_G32,10110003PEREIRAG,2026-03-30,122967,1,19,0,104.0
10110003PEREIRAG_2026-03-30_G33,10110003PEREIRAG,2026-03-30,142080,1,1,0,67.0
10110003PEREIRAG_2026-03-30_G34,10110003PEREIRAG,2026-03-30,122647,1,60,0,45.0
10110009FLORENTINOR_2026-02-27_G02,10110009FLORENTINOR,2026-02-27,122984,1,60,0,689.0
10110009FLORENTINOR_2026-02-27_G03,10110009FLORENTINOR,2026-02-27,122984,1,8,0,307.0
10110009FLORENTINOR_2026-02-27_G04,10110009FLORENTINOR,2026-02-27,114671,2,4,16,753.0
10110009FLORENTINOR_2026-02-27_G05,10110009FLORENTINOR,2026-02-27,124486,1,8,0,1481.0
10110009FLORENTINOR_2026-02-27_G06,10110009FLORENTINOR,2026-02-27,122185,1,4,0,179.0
10110009FLORENTINOR_2026-03-12_G02,10110009FLORENTINOR,2026-03-12,123889,1,2,0,78.0
10110009FLORENTINOR_2026-03-12_G03,10110009FLORENTINOR,2026-03-12,"122962, 122647",2,34,28,615.0
10110009FLORENTINOR_2026-03-12_G04,10110009FLORENTINOR,2026-03-12,122671,1,6,0,89.0
10110009FLORENTINOR_2026-03-12_G05,10110009FLORENTINOR,2026-03-12,122647,1,2,0,36.0
10110009FLORENTINOR_2026-03-12_G06,10110009FLORENTINOR,2026-03-12,124247,1,2,0,108.0
10110009FLORENTINOR_2026-03-12_G07,10110009FLORENTINOR,2026-03-12,123889,1,4,0,42.0
10110009FLORENTINOR_2026-03-16_G02,10110009FLORENTINOR,2026-03-16,122185,1,30,0,501.0
10110009FLORENTINOR_2026-03-16_G03,10110009FLORENTINOR,2026-03-16,122962,1,32,0,563.0
10110009FLORENTINOR_2026-03-16_G04,10110009FLORENTINOR,2026-03-16,124486,1,96,0,1449.0
10110009FLORENTINOR_2026-03-16_G05,10110009FLORENTINOR,2026-03-16,122962,1,56,0,823.0
10110009FLORENTINOR_2026-03-17_G02,10110009FLORENTINOR,2026-03-17,123313,1,2,0,509.0
10110009FLORENTINOR_2026-03-17_G03,10110009FLORENTINOR,2026-03-17,123344,1,4,0,419.0
10110009FLORENTINOR_2026-03-17_G04,10110009FLORENTINOR,2026-03-17,124729,1,2,0,158.0
10110009FLORENTINOR_2026-03-17_G05,10110009FLORENTINOR,2026-03-17,122703,1,6,0,241.0
10110009FLORENTINOR_2026-03-17_G06,10110009FLORENTINOR,2026-03-17,124486,1,1,0,40.0
10110009FLORENTINOR_2026-03-17_G07,10110009FLORENTINOR,2026-03-17,124248,1,63,0,1252.0
10110009FLORENTINOR_2026-03-17_G10,10110009FLORENTINOR,2026-03-17,122671,1,40,0,359.0
10110009FLORENTINOR_2026-03-17_G11,10110009FLORENTINOR,2026-03-17,120028,1,30,0,824.0
10110009FLORENTINOR_2026-03-18_G02,10110009FLORENTINOR,2026-03-18,122647,1,2,0,44.0
10110009FLORENTINOR_2026-03-18_G03,10110009FLORENTINOR,2026-03-18,122981,1,1,0,58.0
10110009FLORENTINOR_2026-03-18_G04,10110009FLORENTINOR,2026-03-18,122982,1,8,0,247.0
10110009FLORENTINOR_2026-03-18_G05,10110009FLORENTINOR,2026-03-18,122988,1,2,0,151.0
10110009FLORENTINOR_2026-03-18_G06,10110009FLORENTINOR,2026-03-18,124582,1,18,0,338.0
10110009FLORENTINOR_2026-03-18_G07,10110009FLORENTINOR,2026-03-18,124486,1,20,0,216.0
10110009FLORENTINOR_2026-03-18_G08,10110009FLORENTINOR,2026-03-18,122983,1,4,0,147.0
10110009FLORENTINOR_2026-03-18_G09,10110009FLORENTINOR,2026-03-18,124729,1,2,0,74.0
10110009FLORENTINOR_2026-03-18_G10,10110009FLORENTINOR,2026-03-18,181057,1,6,0,221.0
10110009FLORENTINOR_2026-03-18_G11,10110009FLORENTINOR,2026-03-18,123344,1,2,0,141.0
10110009FLORENTINOR_2026-03-18_G12,10110009FLORENTINOR,2026-03-18,120272,1,11,0,336.0
10110009FLORENTINOR_2026-03-18_G13,10110009FLORENTINOR,2026-03-18,124486,1,4,0,46.0
10110009FLORENTINOR_2026-03-18_G14,10110009FLORENTINOR,2026-03-18,124729,1,2,0,145.0
10110009FLORENTINOR_2026-03-18_G15,10110009FLORENTINOR,2026-03-18,123313,1,4,0,662.0
10110009FLORENTINOR_2026-03-18_G17,10110009FLORENTINOR,2026-03-18,181906,1,2,0,384.0
10110009FLORENTINOR_2026-03-18_G18,10110009FLORENTINOR,2026-03-18,122962,1,40,0,573.0
10110009FLORENTINOR_2026-03-18_G19,10110009FLORENTINOR,2026-03-18,122982,1,20,0,254.0
10110009FLORENTINOR_2026-03-18_G20,10110009FLORENTINOR,2026-03-18,122988,1,6,0,104.0
10110009FLORENTINOR_2026-03-18_G21,10110009FLORENTINOR,2026-03-18,124582,1,40,0,635.0
10110009FLORENTINOR_2026-03-18_G22,10110009FLORENTINOR,2026-03-18,124486,1,20,0,314.0
10110009FLORENTINOR_2026-03-18_G23,10110009FLORENTINOR,2026-03-18,123344,1,4,0,164.0
10110009FLORENTINOR_2026-03-18_G24,10110009FLORENTINOR,2026-03-18,124371,1,13,0,293.0
10110009FLORENTINOR_2026-03-18_G25,10110009FLORENTINOR,2026-03-18,124486,1,4,0,120.0
10110009FLORENTINOR_2026-03-18_G26,10110009FLORENTINOR,2026-03-18,124729,1,2,0,167.0
10110009FLORENTINOR_2026-03-18_G27,10110009FLORENTINOR,2026-03-18,123909,1,4,0,447.0
10110009FLORENTINOR_2026-03-18_G28,10110009FLORENTINOR,2026-03-18,123343,1,3,0,130.0
10110009FLORENTINOR_2026-03-18_G29,10110009FLORENTINOR,2026-03-18,120028,1,22,0,276.0
10110009FLORENTINOR_2026-03-18_G30,10110009FLORENTINOR,2026-03-18,124486,1,10,0,331.0
10110009FLORENTINOR_2026-03-20_G02,10110009FLORENTINOR,2026-03-20,124247,1,40,0,414.0
10110009FLORENTINOR_2026-03-20_G03,10110009FLORENTINOR,2026-03-20,122962,1,40,0,306.0
10110009FLORENTINOR_2026-03-20_G04,10110009FLORENTINOR,2026-03-20,122962,1,8,0,282.0
10110009FLORENTINOR_2026-03-20_G05,10110009FLORENTINOR,2026-03-20,"124486, 120028",2,12,26,254.0
10110009FLORENTINOR_2026-03-20_G06,10110009FLORENTINOR,2026-03-20,124486,1,20,0,2585.0
10110009FLORENTINOR_2026-03-20_G07,10110009FLORENTINOR,2026-03-20,124594,1,2,0,49.0
10110009FLORENTINOR_2026-03-20_G08,10110009FLORENTINOR,2026-03-20,124247,1,8,0,51.0
10110009FLORENTINOR_2026-03-20_G09,10110009FLORENTINOR,2026-03-20,124484,1,8,0,219.0
10110009FLORENTINOR_2026-03-26_G02,10110009FLORENTINOR,2026-03-26,123909,1,4,0,274.0
10110009FLORENTINOR_2026-03-26_G03,10110009FLORENTINOR,2026-03-26,124624,1,6,0,212.0
10110009FLORENTINOR_2026-03-26_G04,10110009FLORENTINOR,2026-03-26,123344,1,1,0,114.0
10110009FLORENTINOR_2026-03-26_G05,10110009FLORENTINOR,2026-03-26,124477,1,4,0,74.0
10110009FLORENTINOR_2026-03-26_G07,10110009FLORENTINOR,2026-03-26,123561,1,8,0,146.0
10110009FLORENTINOR_2026-03-26_G08,10110009FLORENTINOR,2026-03-26,124486,1,10,0,162.0
10110009FLORENTINOR_2026-03-26_G09,10110009FLORENTINOR,2026-03-26,120028,3,6,19,81.0
10110009FLORENTINOR_2026-03-26_G10,10110009FLORENTINOR,2026-03-26,120028,1,2,0,113.0
10110009FLORENTINOR_2026-03-26_G11,10110009FLORENTINOR,2026-03-26,121760,6,11,43,196.0
10110009FLORENTINOR_2026-03-26_G12,10110009FLORENTINOR,2026-03-26,124371,1,4,0,189.0
10110009FLORENTINOR_2026-03-26_G13,10110009FLORENTINOR,2026-03-26,124371,1,2,0,43.0
10110009FLORENTINOR_2026-03-26_G14,10110009FLORENTINOR,2026-03-26,122185,2,8,9,189.0
10110009FLORENTINOR_2026-03-26_G15,10110009FLORENTINOR,2026-03-26,122185,1,2,0,70.0
10110009FLORENTINOR_2026-03-26_G16,10110009FLORENTINOR,2026-03-26,122983,1,4,0,94.0
10110009FLORENTINOR_2026-03-26_G17,10110009FLORENTINOR,2026-03-26,124729,1,72,0,1230.0
10110009FLORENTINOR_2026-03-26_G18,10110009FLORENTINOR,2026-03-26,124548,4,7,26,76.0
10110009FLORENTINOR_2026-03-26_G19,10110009FLORENTINOR,2026-03-26,124548,1,8,0,151.0
10110009FLORENTINOR_2026-03-26_G20,10110009FLORENTINOR,2026-03-26,124548,1,8,0,143.0
10110009FLORENTINOR_2026-03-26_G21,10110009FLORENTINOR,2026-03-26,124548,1,2,0,431.0
10110009FLORENTINOR_2026-03-26_G22,10110009FLORENTINOR,2026-03-26,124484,1,30,0,287.0
10110009FLORENTINOR_2026-03-26_G23,10110009FLORENTINOR,2026-03-26,123313,1,5,0,164.0
10110009FLORENTINOR_2026-03-26_G24,10110009FLORENTINOR,2026-03-26,123343,2,4,7,351.0
10110009FLORENTINOR_2026-03-26_G25,10110009FLORENTINOR,2026-03-26,124582,1,50,0,2002.0
10110009FLORENTINOR_2026-03-26_G26,10110009FLORENTINOR,2026-03-26,124370,1,64,0,1965.0
10110009FLORENTINOR_2026-03-26_G27,10110009FLORENTINOR,2026-03-26,124725,1,41,0,1956.0
10110009FLORENTINOR_2026-03-26_G28,10110009FLORENTINOR,2026-03-26,124729,1,54,0,569.0
10110009FLORENTINOR_2026-03-26_G29,10110009FLORENTINOR,2026-03-26,122967,1,40,0,45.0
10110009FLORENTINOR_2026-03-26_G30,10110009FLORENTINOR,2026-03-26,123345,1,29,0,570.0
10110009FLORENTINOR_2026-03-28_G02,10110009FLORENTINOR,2026-03-28,120028,1,100,0,1048.0
10110009FLORENTINOR_2026-03-28_G03,10110009FLORENTINOR,2026-03-28,122962,1,50,0,326.0
10110009FLORENTINOR_2026-03-28_G04,10110009FLORENTINOR,2026-03-28,122647,1,100,0,1283.0
10110010SILVAP_2025-09-25_G02,10110010SILVAP,2025-09-25,117842,1,4,0,239.0
10110010SILVAP_2025-09-25_G03,10110010SILVAP,2025-09-25,118140,1,125,0,2024.0
10110010SILVAP_2025-09-25_G04,10110010SILVAP,2025-09-25,117821,1,4,0,113.0
10110010SILVAP_2025-09-29_G02,10110010SILVAP,2025-09-29,110371,1,300,0,1611.0
10110010SILVAP_2025-09-29_G03,10110010SILVAP,2025-09-29,117820,1,200,0,3113.0
10110010SILVAP_2025-09-29_G05,10110010SILVAP,2025-09-29,111813,1,2,0,1878.0
10110010SILVAP_2025-09-29_G06,10110010SILVAP,2025-09-29,111438,1,60,0,2375.0
10110010SILVAP_2025-09-29_G07,10110010SILVAP,2025-09-29,111430,1,10,0,406.0
10110010SILVAP_2025-09-29_G08,10110010SILVAP,2025-09-29,116527,1,24,0,983.0
10110010SILVAP_2025-09-29_G09,10110010SILVAP,2025-09-29,111569,2,100,17,1119.0
10110010SILVAP_2025-10-03_G02,10110010SILVAP,2025-10-03,"110373, 110371",2,14,18,2002.0
10110010SILVAP_2025-10-03_G03,10110010SILVAP,2025-10-03,111469,1,4,0,2173.0
10110010SILVAP_2025-10-03_G04,10110010SILVAP,2025-10-03,111602,1,2,0,274.0
10110010SILVAP_2025-10-03_G05,10110010SILVAP,2025-10-03,111569,1,4,0,392.0
10110010SILVAP_2025-10-03_G06,10110010SILVAP,2025-10-03,110740,1,4,0,812.0
10110010SILVAP_2025-10-03_G07,10110010SILVAP,2025-10-03,100334,1,8,0,308.0
10110010SILVAP_2025-10-03_G08,10110010SILVAP,2025-10-03,110895,1,2,0,635.0
10110010SILVAP_2025-10-03_G09,10110010SILVAP,2025-10-03,110895,1,4,0,129.0
10110010SILVAP_2025-10-03_G10,10110010SILVAP,2025-10-03,118299,1,8,0,478.0
10110010SILVAP_2025-10-04_G02,10110010SILVAP,2025-10-04,107830,1,2,0,76.0
10110010SILVAP_2025-10-04_G03,10110010SILVAP,2025-10-04,110372,1,8,0,155.0
10110010SILVAP_2025-10-04_G04,10110010SILVAP,2025-10-04,117808,1,12,0,186.0
10110010SILVAP_2025-10-04_G05,10110010SILVAP,2025-10-04,110373,1,12,0,263.0
10110010SILVAP_2025-10-04_G06,10110010SILVAP,2025-10-04,110711,2,6,12,449.0
10110010SILVAP_2025-10-04_G07,10110010SILVAP,2025-10-04,117935,1,1,0,1570.0
10110010SILVAP_2025-10-04_G08,10110010SILVAP,2025-10-04,110339,1,2,0,185.0
10110010SILVAP_2025-10-04_G09,10110010SILVAP,2025-10-04,111602,1,6,0,206.0
10110010SILVAP_2025-10-04_G10,10110010SILVAP,2025-10-04,118094,1,2,0,74.0
10110010SILVAP_2025-10-04_G11,10110010SILVAP,2025-10-04,100334,1,2,0,1754.0
10110010SILVAP_2025-10-04_G12,10110010SILVAP,2025-10-04,118290,1,2,0,136.0
10110010SILVAP_2025-10-04_G13,10110010SILVAP,2025-10-04,141047,1,6,0,282.0
10110010SILVAP_2025-10-04_G14,10110010SILVAP,2025-10-04,141066,1,2,0,89.0
10110010SILVAP_2025-10-04_G15,10110010SILVAP,2025-10-04,110711,2,8,10,181.0
10110010SILVAP_2025-10-04_G16,10110010SILVAP,2025-10-04,110733,1,3,0,129.0
10110010SILVAP_2025-10-04_G17,10110010SILVAP,2025-10-04,110752,1,6,0,439.0
10110010SILVAP_2025-10-04_G18,10110010SILVAP,2025-10-04,111467,1,3,0,116.0
10110010SILVAP_2025-10-04_G19,10110010SILVAP,2025-10-04,110313,1,5,0,235.0
10110010SILVAP_2025-10-04_G20,10110010SILVAP,2025-10-04,118094,1,2,0,116.0
10110010SILVAP_2025-10-04_G21,10110010SILVAP,2025-10-04,107830,1,1,0,172.0
10110010SILVAP_2025-10-04_G22,10110010SILVAP,2025-10-04,117820,1,19,0,271.0
10110010SILVAP_2025-10-04_G23,10110010SILVAP,2025-10-04,111446,1,4,0,652.0
10110010SILVAP_2025-10-04_G24,10110010SILVAP,2025-10-04,141456,1,30,0,616.0
10110010SILVAP_2025-10-04_G25,10110010SILVAP,2025-10-04,105705,1,7,0,170.0
10110010SILVAP_2025-10-04_G26,10110010SILVAP,2025-10-04,110787,1,8,0,138.0
10110010SILVAP_2025-10-04_G27,10110010SILVAP,2025-10-04,110740,1,6,0,108.0
10110010SILVAP_2025-10-04_G28,10110010SILVAP,2025-10-04,110740,1,4,0,71.0
10110010SILVAP_2025-10-04_G29,10110010SILVAP,2025-10-04,140922,1,4,0,174.0
10110010SILVAP_2025-10-04_G30,10110010SILVAP,2025-10-04,141823,1,6,0,367.0
10110010SILVAP_2025-10-04_G31,10110010SILVAP,2025-10-04,117842,1,1,0,74.0
10110010SILVAP_2025-10-04_G32,10110010SILVAP,2025-10-04,141457,1,20,0,167.0
10110010SILVAP_2025-10-04_G33,10110010SILVAP,2025-10-04,111462,1,11,0,94.0
10110010SILVAP_2025-10-04_G34,10110010SILVAP,2025-10-04,111466,1,15,0,134.0
10110010SILVAP_2025-10-04_G35,10110010SILVAP,2025-10-04,141458,1,4,0,59.0
10110010SILVAP_2025-10-04_G36,10110010SILVAP,2025-10-04,117787,1,8,0,101.0
10110010SILVAP_2025-10-04_G37,10110010SILVAP,2025-10-04,111442,1,1,0,52.0
10110010SILVAP_2025-10-04_G38,10110010SILVAP,2025-10-04,117821,1,10,0,137.0
10110010SILVAP_2025-10-04_G39,10110010SILVAP,2025-10-04,117831,1,20,0,365.0
10110010SILVAP_2025-10-04_G40,10110010SILVAP,2025-10-04,117831,1,15,0,117.0
10110010SILVAP_2025-10-04_G41,10110010SILVAP,2025-10-04,110745,1,4,0,82.0
10110010SILVAP_2025-10-04_G42,10110010SILVAP,2025-10-04,118140,1,6,0,54.0
10110010SILVAP_2025-10-04_G43,10110010SILVAP,2025-10-04,111348,1,4,0,279.0
10110010SILVAP_2025-10-06_G02,10110010SILVAP,2025-10-06,110371,1,10,0,253.0
10110010SILVAP_2025-10-06_G03,10110010SILVAP,2025-10-06,110371,1,10,0,136.0
10110010SILVAP_2025-10-06_G04,10110010SILVAP,2025-10-06,117808,1,40,0,516.0
10110010SILVAP_2025-10-06_G05,10110010SILVAP,2025-10-06,117808,1,20,0,777.0
10110010SILVAP_2025-10-06_G06,10110010SILVAP,2025-10-06,117820,1,10,0,226.0
10110010SILVAP_2025-10-06_G07,10110010SILVAP,2025-10-06,117820,1,10,0,189.0
10110010SILVAP_2025-10-06_G08,10110010SILVAP,2025-10-06,110373,2,8,7,388.0
10110010SILVAP_2025-10-06_G09,10110010SILVAP,2025-10-06,141202,2,4,7,123.0
10110010SILVAP_2025-10-06_G10,10110010SILVAP,2025-10-06,118299,1,38,0,545.0
10110010SILVAP_2025-10-06_G11,10110010SILVAP,2025-10-06,118299,1,38,0,412.0
10110010SILVAP_2025-10-06_G12,10110010SILVAP,2025-10-06,110841,1,2,0,324.0
10110010SILVAP_2025-10-06_G13,10110010SILVAP,2025-10-06,110841,1,2,0,75.0
10110010SILVAP_2025-10-06_G14,10110010SILVAP,2025-10-06,111569,1,4,0,89.0
10110010SILVAP_2025-10-06_G15,10110010SILVAP,2025-10-06,111569,1,4,0,131.0
10110010SILVAP_2025-10-06_G16,10110010SILVAP,2025-10-06,110623,1,2,0,89.0
10110010SILVAP_2025-10-06_G17,10110010SILVAP,2025-10-06,110623,1,2,0,63.0
10110010SILVAP_2025-10-06_G18,10110010SILVAP,2025-10-06,117855,1,4,0,621.0
10110010SILVAP_2025-10-06_G19,10110010SILVAP,2025-10-06,111530,1,4,0,191.0
10110010SILVAP_2025-10-06_G20,10110010SILVAP,2025-10-06,111530,1,4,0,87.0
10110010SILVAP_2025-10-06_G21,10110010SILVAP,2025-10-06,111530,1,45,0,1052.0
10110010SILVAP_2025-10-06_G22,10110010SILVAP,2025-10-06,110711,1,6,0,508.0
10110010SILVAP_2025-10-06_G23,10110010SILVAP,2025-10-06,110711,1,6,0,106.0
10110010SILVAP_2025-10-06_G24,10110010SILVAP,2025-10-06,110711,1,25,0,904.0
10110010SILVAP_2025-10-07_G02,10110010SILVAP,2025-10-07,110752,2,4,15,260.0
10110010SILVAP_2025-10-07_G03,10110010SILVAP,2025-10-07,111467,2,4,6,115.0
10110010SILVAP_2025-10-07_G04,10110010SILVAP,2025-10-07,110313,1,40,0,903.0
10110010SILVAP_2025-10-07_G05,10110010SILVAP,2025-10-07,111602,1,14,0,610.0
10110010SILVAP_2025-10-07_G06,10110010SILVAP,2025-10-07,111602,1,64,0,505.0
10110010SILVAP_2025-10-07_G08,10110010SILVAP,2025-10-07,110311,1,3,0,207.0
10110010SILVAP_2025-10-07_G09,10110010SILVAP,2025-10-07,118418,1,4,0,262.0
10110010SILVAP_2025-10-07_G10,10110010SILVAP,2025-10-07,111532,1,2,0,337.0
10110010SILVAP_2025-10-07_G11,10110010SILVAP,2025-10-07,118140,1,8,0,704.0
10110010SILVAP_2025-10-07_G12,10110010SILVAP,2025-10-07,117855,1,4,0,241.0
10110010SILVAP_2025-10-07_G13,10110010SILVAP,2025-10-07,107629,1,4,0,221.0
10110010SILVAP_2025-10-07_G14,10110010SILVAP,2025-10-07,110711,1,3,0,124.0
10110010SILVAP_2025-10-07_G15,10110010SILVAP,2025-10-07,117861,1,2,0,41.0
10110010SILVAP_2025-10-07_G16,10110010SILVAP,2025-10-07,110339,1,4,0,175.0
10110010SILVAP_2025-10-07_G17,10110010SILVAP,2025-10-07,111602,1,4,0,99.0
10110010SILVAP_2025-10-07_G19,10110010SILVAP,2025-10-07,111438,1,50,0,711.0
10110010SILVAP_2025-10-08_G02,10110010SILVAP,2025-10-08,117855,1,12,0,418.0
10110010SILVAP_2025-10-08_G03,10110010SILVAP,2025-10-08,111569,1,4,0,222.0
10110010SILVAP_2025-10-08_G04,10110010SILVAP,2025-10-08,110711,1,8,0,1182.0
10110010SILVAP_2025-10-09_G02,10110010SILVAP,2025-10-09,118253,1,16,0,339.0
10110010SILVAP_2025-10-09_G03,10110010SILVAP,2025-10-09,117834,1,32,0,564.0
10110010SILVAP_2025-10-09_G04,10110010SILVAP,2025-10-09,110755,1,41,0,1516.0
10110010SILVAP_2025-10-09_G05,10110010SILVAP,2025-10-09,114102,1,20,0,554.0
10110010SILVAP_2025-10-09_G06,10110010SILVAP,2025-10-09,111655,1,2,0,514.0
10110010SILVAP_2025-10-09_G07,10110010SILVAP,2025-10-09,110747,1,16,0,350.0
10110010SILVAP_2025-10-09_G08,10110010SILVAP,2025-10-09,117835,1,2,0,198.0
10110010SILVAP_2025-10-09_G09,10110010SILVAP,2025-10-09,118364,1,9,0,855.0
10110010SILVAP_2025-10-09_G10,10110010SILVAP,2025-10-09,110742,1,28,0,1772.0
10110010SILVAP_2025-10-09_G11,10110010SILVAP,2025-10-09,100334,1,28,0,600.0
10110010SILVAP_2025-10-10_G02,10110010SILVAP,2025-10-10,141456,1,250,0,623.0
10110010SILVAP_2025-10-10_G03,10110010SILVAP,2025-10-10,118285,1,20,0,360.0
10110010SILVAP_2025-10-10_G04,10110010SILVAP,2025-10-10,117855,1,108,0,1220.0
10110010SILVAP_2025-10-10_G05,10110010SILVAP,2025-10-10,140923,1,96,0,898.0
10110010SILVAP_2025-10-10_G06,10110010SILVAP,2025-10-10,111602,1,215,0,1057.0
10110010SILVAP_2025-10-10_G07,10110010SILVAP,2025-10-10,118094,1,99,0,1471.0
10110010SILVAP_2025-10-10_G09,10110010SILVAP,2025-10-10,111438,1,8,0,589.0
10110010SILVAP_2025-10-10_G10,10110010SILVAP,2025-10-10,108759,1,8,0,279.0
10110010SILVAP_2025-10-10_G11,10110010SILVAP,2025-10-10,110742,1,2,0,180.0
10110010SILVAP_2025-10-10_G12,10110010SILVAP,2025-10-10,117835,1,2,0,230.0
10110010SILVAP_2025-10-10_G13,10110010SILVAP,2025-10-10,110747,1,14,0,508.0
10110010SILVAP_2025-10-10_G14,10110010SILVAP,2025-10-10,"118222, 117820",2,86,22,2171.0
10110010SILVAP_2025-10-10_G15,10110010SILVAP,2025-10-10,111430,2,3,9,1586.0
10110010SILVAP_2025-10-10_G16,10110010SILVAP,2025-10-10,117855,1,4,0,68.0
10110010SILVAP_2025-10-10_G17,10110010SILVAP,2025-10-10,111530,1,2,0,175.0
10110010SILVAP_2025-10-10_G18,10110010SILVAP,2025-10-10,110711,2,16,9,194.0
10110010SILVAP_2025-10-10_G19,10110010SILVAP,2025-10-10,111463,1,8,0,572.0
10110010SILVAP_2025-10-10_G20,10110010SILVAP,2025-10-10,111443,1,2,0,146.0
10110010SILVAP_2025-10-10_G21,10110010SILVAP,2025-10-10,111532,1,10,0,242.0
10110010SILVAP_2025-10-10_G22,10110010SILVAP,2025-10-10,141823,1,2,0,57.0
10110010SILVAP_2025-10-10_G23,10110010SILVAP,2025-10-10,108794,1,4,0,205.0
10110010SILVAP_2025-10-10_G24,10110010SILVAP,2025-10-10,111466,1,2,0,105.0
10110010SILVAP_2025-10-10_G25,10110010SILVAP,2025-10-10,111465,2,6,7,139.0
10110010SILVAP_2025-10-10_G26,10110010SILVAP,2025-10-10,118140,1,2,0,140.0
10110010SILVAP_2025-10-11_G02,10110010SILVAP,2025-10-11,110371,1,9,0,134.0
10110010SILVAP_2025-10-11_G03,10110010SILVAP,2025-10-11,110373,2,4,6,68.0
10110010SILVAP_2025-10-11_G04,10110010SILVAP,2025-10-11,117808,1,21,0,289.0
10110010SILVAP_2025-10-11_G05,10110010SILVAP,2025-10-11,117832,1,4,0,76.0
10110010SILVAP_2025-10-11_G06,10110010SILVAP,2025-10-11,117820,1,2,0,119.0
10110010SILVAP_2025-10-11_G07,10110010SILVAP,2025-10-11,110325,1,6,0,110.0
10110010SILVAP_2025-10-11_G08,10110010SILVAP,2025-10-11,111430,1,4,0,1373.0
10110010SILVAP_2025-10-11_G09,10110010SILVAP,2025-10-11,110711,2,3,10,110.0
10110010SILVAP_2025-10-11_G10,10110010SILVAP,2025-10-11,111463,1,4,0,147.0
10110010SILVAP_2025-10-11_G11,10110010SILVAP,2025-10-11,111443,1,6,0,180.0
10110010SILVAP_2025-10-11_G12,10110010SILVAP,2025-10-11,111465,1,1,0,253.0
10110010SILVAP_2025-10-11_G13,10110010SILVAP,2025-10-11,140922,1,4,0,182.0
10110010SILVAP_2025-10-11_G14,10110010SILVAP,2025-10-11,118140,1,6,0,162.0
10110010SILVAP_2025-10-11_G15,10110010SILVAP,2025-10-11,110371,1,2,0,148.0
10110010SILVAP_2025-10-11_G16,10110010SILVAP,2025-10-11,117808,1,12,0,126.0
10110010SILVAP_2025-10-11_G17,10110010SILVAP,2025-10-11,117832,1,4,0,204.0
10110010SILVAP_2025-10-11_G18,10110010SILVAP,2025-10-11,111438,1,8,0,1724.0
10110010SILVAP_2025-10-11_G19,10110010SILVAP,2025-10-11,108759,1,2,0,93.0
10110010SILVAP_2025-10-11_G20,10110010SILVAP,2025-10-11,117834,1,2,0,122.0
10110010SILVAP_2025-10-11_G21,10110010SILVAP,2025-10-11,111445,1,5,0,166.0
10110010SILVAP_2025-10-11_G22,10110010SILVAP,2025-10-11,118290,1,1,0,158.0
10110010SILVAP_2025-10-11_G23,10110010SILVAP,2025-10-11,110747,1,5,0,107.0
10110010SILVAP_2025-10-11_G24,10110010SILVAP,2025-10-11,108795,1,2,0,404.0
10110010SILVAP_2025-10-11_G25,10110010SILVAP,2025-10-11,111743,1,9,0,414.0
10110010SILVAP_2025-10-11_G26,10110010SILVAP,2025-10-11,116241,1,2,0,258.0
10110010SILVAP_2025-10-11_G27,10110010SILVAP,2025-10-11,117833,1,4,0,162.0
10110010SILVAP_2025-10-11_G28,10110010SILVAP,2025-10-11,111172,1,6,0,232.0
10110010SILVAP_2025-10-11_G29,10110010SILVAP,2025-10-11,118140,1,60,0,722.0
10110010SILVAP_2025-10-11_G30,10110010SILVAP,2025-10-11,110745,1,5,0,192.0
10110010SILVAP_2025-10-11_G31,10110010SILVAP,2025-10-11,111602,3,57,14,828.0
10110010SILVAP_2025-10-11_G32,10110010SILVAP,2025-10-11,117837,1,3,0,474.0
10110010SILVAP_2025-10-13_G02,10110010SILVAP,2025-10-13,117808,1,845,0,2801.0
10110010SILVAP_2025-10-13_G03,10110010SILVAP,2025-10-13,"110371, 110373",2,167,8,2501.0
10110010SILVAP_2025-10-13_G04,10110010SILVAP,2025-10-13,118317,1,10,0,2618.0
10110010SILVAP_2025-10-13_G05,10110010SILVAP,2025-10-13,141458,1,30,0,448.0
10110010SILVAP_2025-10-13_G06,10110010SILVAP,2025-10-13,109641,1,10,0,288.0
10110010SILVAP_2025-10-13_G07,10110010SILVAP,2025-10-13,141456,1,100,0,436.0
10110010SILVAP_2025-10-14_G02,10110010SILVAP,2025-10-14,118317,1,2,0,116.0
10110010SILVAP_2025-10-14_G03,10110010SILVAP,2025-10-14,111172,1,3,0,114.0
10110010SILVAP_2025-10-14_G04,10110010SILVAP,2025-10-14,110372,1,5,0,1135.0
10110010SILVAP_2025-10-14_G05,10110010SILVAP,2025-10-14,117853,1,4,0,473.0
10110010SILVAP_2025-10-14_G06,10110010SILVAP,2025-10-14,141456,1,8,0,77.0
10110010SILVAP_2025-10-14_G07,10110010SILVAP,2025-10-14,111465,1,1,0,157.0
10110010SILVAP_2025-10-14_G08,10110010SILVAP,2025-10-14,117821,1,1,0,126.0
10110010SILVAP_2025-10-14_G09,10110010SILVAP,2025-10-14,117831,1,6,0,111.0
10110010SILVAP_2025-10-14_G10,10110010SILVAP,2025-10-14,141458,1,10,0,115.0
10110010SILVAP_2025-10-14_G11,10110010SILVAP,2025-10-14,117832,1,4,0,178.0
10110010SILVAP_2025-10-14_G12,10110010SILVAP,2025-10-14,117820,1,7,0,130.0
10110010SILVAP_2025-10-14_G13,10110010SILVAP,2025-10-14,110325,1,4,0,115.0
10110010SILVAP_2025-10-14_G14,10110010SILVAP,2025-10-14,117821,1,2,0,647.0
10110010SILVAP_2025-10-14_G15,10110010SILVAP,2025-10-14,118222,1,2,0,1102.0
10110010SILVAP_2025-10-14_G16,10110010SILVAP,2025-10-14,111602,1,1,0,129.0
10110010SILVAP_2025-10-14_G17,10110010SILVAP,2025-10-14,111602,1,11,0,247.0
10110010SILVAP_2025-10-14_G18,10110010SILVAP,2025-10-14,111418,1,9,0,272.0
10110010SILVAP_2025-10-14_G19,10110010SILVAP,2025-10-14,110372,2,4,19,115.0
10110010SILVAP_2025-10-14_G20,10110010SILVAP,2025-10-14,118299,2,47,10,873.0
10110010SILVAP_2025-10-14_G21,10110010SILVAP,2025-10-14,118222,1,8,0,403.0
10110010SILVAP_2025-10-14_G22,10110010SILVAP,2025-10-14,111418,1,15,0,369.0
10110010SILVAP_2025-10-14_G23,10110010SILVAP,2025-10-14,"110372, 118299",2,18,8,33.0
10110010SILVAP_2025-10-14_G24,10110010SILVAP,2025-10-14,117820,1,18,0,338.0
10110010SILVAP_2025-10-14_G26,10110010SILVAP,2025-10-14,108794,1,20,0,604.0
10110010SILVAP_2025-10-14_G27,10110010SILVAP,2025-10-14,118317,1,4,0,195.0
10110010SILVAP_2025-10-14_G28,10110010SILVAP,2025-10-14,117785,1,40,0,844.0
10110010SILVAP_2025-10-14_G29,10110010SILVAP,2025-10-14,111466,1,20,0,299.0
10110010SILVAP_2025-10-14_G30,10110010SILVAP,2025-10-14,111468,1,30,0,750.0
10110010SILVAP_2025-10-14_G31,10110010SILVAP,2025-10-14,111463,1,30,0,1128.0
10110010SILVAP_2025-10-14_G32,10110010SILVAP,2025-10-14,117831,1,50,0,667.0
10110010SILVAP_2025-10-14_G33,10110010SILVAP,2025-10-14,110895,1,25,0,1239.0
10110010SILVAP_2025-10-14_G34,10110010SILVAP,2025-10-14,100334,1,6,0,672.0
10110010SILVAP_2025-10-14_G35,10110010SILVAP,2025-10-14,110749,1,4,0,106.0
10110010SILVAP_2025-10-14_G36,10110010SILVAP,2025-10-14,117855,1,20,0,1406.0
10110010SILVAP_2025-10-15_G02,10110010SILVAP,2025-10-15,117838,1,4,0,272.0
10110010SILVAP_2025-10-15_G03,10110010SILVAP,2025-10-15,108711,1,3,0,95.0
10110010SILVAP_2025-10-15_G04,10110010SILVAP,2025-10-15,141457,1,18,0,298.0
10110010SILVAP_2025-10-15_G05,10110010SILVAP,2025-10-15,111466,1,48,0,463.0
10110010SILVAP_2025-10-15_G06,10110010SILVAP,2025-10-15,109641,1,2,0,647.0
10110010SILVAP_2025-10-15_G07,10110010SILVAP,2025-10-15,141458,1,12,0,359.0
10110010SILVAP_2025-10-15_G08,10110010SILVAP,2025-10-15,117831,1,26,0,284.0
10110010SILVAP_2025-10-15_G09,10110010SILVAP,2025-10-15,140911,1,2,0,1361.0
10110010SILVAP_2025-10-15_G10,10110010SILVAP,2025-10-15,110339,1,2,0,162.0
10110010SILVAP_2025-10-15_G11,10110010SILVAP,2025-10-15,111602,1,5,0,238.0
10110010SILVAP_2025-10-15_G12,10110010SILVAP,2025-10-15,118299,2,7,8,263.0
10110010SILVAP_2025-10-15_G13,10110010SILVAP,2025-10-15,110373,1,2,0,1682.0
10110010SILVAP_2025-10-15_G15,10110010SILVAP,2025-10-15,111466,1,67,0,327.0
10110010SILVAP_2025-10-15_G16,10110010SILVAP,2025-10-15,108795,1,60,0,406.0
10110010SILVAP_2025-10-15_G17,10110010SILVAP,2025-10-15,109641,1,8,0,724.0
10110010SILVAP_2025-10-15_G18,10110010SILVAP,2025-10-15,111465,1,80,0,55.0
10110010SILVAP_2025-10-15_G19,10110010SILVAP,2025-10-15,111468,1,140,0,535.0
10110010SILVAP_2025-10-15_G20,10110010SILVAP,2025-10-15,110582,1,24,0,1256.0
10110010SILVAP_2025-10-15_G21,10110010SILVAP,2025-10-15,117820,1,80,0,707.0
10110010SILVAP_2025-10-15_G22,10110010SILVAP,2025-10-15,118222,1,11,0,383.0
10110010SILVAP_2025-10-15_G23,10110010SILVAP,2025-10-15,117787,1,69,0,1066.0
10110010SILVAP_2025-10-15_G24,10110010SILVAP,2025-10-15,117821,1,180,0,694.0
10110010SILVAP_2025-10-15_G25,10110010SILVAP,2025-10-15,117831,1,300,0,1586.0
10110010SILVAP_2025-10-16_G02,10110010SILVAP,2025-10-16,111467,1,160,0,695.0
10110010SILVAP_2025-10-16_G03,10110010SILVAP,2025-10-16,140922,3,8,14,1512.0
10110010SILVAP_2025-10-16_G04,10110010SILVAP,2025-10-16,117831,1,8,0,189.0
10110010SILVAP_2025-10-16_G05,10110010SILVAP,2025-10-16,117831,1,30,0,367.0
10110010SILVAP_2025-10-16_G06,10110010SILVAP,2025-10-16,141458,3,22,23,161.0
10110010SILVAP_2025-10-16_G07,10110010SILVAP,2025-10-16,107236,1,2,0,210.0
10110010SILVAP_2025-10-16_G08,10110010SILVAP,2025-10-16,107236,1,8,0,628.0
10110010SILVAP_2025-10-16_G09,10110010SILVAP,2025-10-16,111468,1,10,0,484.0
10110010SILVAP_2025-10-16_G10,10110010SILVAP,2025-10-16,141457,2,48,15,345.0
10110010SILVAP_2025-10-16_G11,10110010SILVAP,2025-10-16,141823,1,1,0,719.0
10110010SILVAP_2025-10-16_G12,10110010SILVAP,2025-10-16,117821,1,8,0,74.0
10110010SILVAP_2025-10-16_G13,10110010SILVAP,2025-10-16,140922,1,1,0,100.0
10110010SILVAP_2025-10-16_G15,10110010SILVAP,2025-10-16,160057,1,5,0,429.0
10110010SILVAP_2025-10-16_G16,10110010SILVAP,2025-10-16,110741,1,4,0,191.0
10110010SILVAP_2025-10-16_G17,10110010SILVAP,2025-10-16,111463,1,33,0,902.0
10110010SILVAP_2025-10-16_G18,10110010SILVAP,2025-10-16,108794,1,2,0,484.0
10110010SILVAP_2025-10-16_G19,10110010SILVAP,2025-10-16,117833,1,4,0,185.0
10110010SILVAP_2025-10-16_G20,10110010SILVAP,2025-10-16,111172,1,8,0,530.0
10110010SILVAP_2025-10-16_G21,10110010SILVAP,2025-10-16,110745,1,6,0,206.0
10110010SILVAP_2025-10-16_G22,10110010SILVAP,2025-10-16,111466,1,30,0,403.0
10110010SILVAP_2025-10-16_G23,10110010SILVAP,2025-10-16,141823,1,47,0,2609.0
10110010SILVAP_2025-10-16_G24,10110010SILVAP,2025-10-16,160054,1,16,0,1453.0
10110010SILVAP_2025-10-16_G25,10110010SILVAP,2025-10-16,107830,1,3,0,290.0
10110010SILVAP_2025-10-16_G26,10110010SILVAP,2025-10-16,117820,1,10,0,190.0
10110010SILVAP_2025-10-17_G02,10110010SILVAP,2025-10-17,117808,1,30,0,689.0
10110010SILVAP_2025-10-17_G03,10110010SILVAP,2025-10-17,110325,1,2,0,195.0
10110010SILVAP_2025-10-17_G04,10110010SILVAP,2025-10-17,118299,1,152,0,1422.0
10110010SILVAP_2025-10-17_G05,10110010SILVAP,2025-10-17,109643,1,25,0,346.0
10110010SILVAP_2025-10-17_G06,10110010SILVAP,2025-10-17,111418,1,44,0,2363.0
10110010SILVAP_2025-10-17_G07,10110010SILVAP,2025-10-17,118222,1,8,0,201.0
10110010SILVAP_2025-10-19_G02,10110010SILVAP,2025-10-19,117785,1,78,0,550.0
10110010SILVAP_2025-10-19_G03,10110010SILVAP,2025-10-19,117785,1,6,0,617.0
10110010SILVAP_2025-10-19_G04,10110010SILVAP,2025-10-19,111468,1,4,0,242.0
10110010SILVAP_2025-10-19_G05,10110010SILVAP,2025-10-19,110372,1,8,0,212.0
10110010SILVAP_2025-10-19_G06,10110010SILVAP,2025-10-19,109640,1,18,0,749.0
10110010SILVAP_2025-10-19_G07,10110010SILVAP,2025-10-19,110313,1,2,0,983.0
10110010SILVAP_2025-10-19_G08,10110010SILVAP,2025-10-19,111172,1,2,0,211.0
10110010SILVAP_2025-10-19_G09,10110010SILVAP,2025-10-19,111418,1,4,0,123.0
10110010SILVAP_2025-10-19_G10,10110010SILVAP,2025-10-19,110313,1,5,0,126.0
10110010SILVAP_2025-10-19_G11,10110010SILVAP,2025-10-19,110339,1,10,0,203.0
10110010SILVAP_2025-10-19_G12,10110010SILVAP,2025-10-19,117785,1,5,0,651.0
10110010SILVAP_2025-10-19_G13,10110010SILVAP,2025-10-19,110313,1,2,0,259.0
10110010SILVAP_2025-10-20_G02,10110010SILVAP,2025-10-20,111743,1,2,0,134.0
10110010SILVAP_2025-10-20_G03,10110010SILVAP,2025-10-20,111462,1,22,0,660.0
10110010SILVAP_2025-10-20_G04,10110010SILVAP,2025-10-20,111172,1,4,0,238.0
10110010SILVAP_2025-10-20_G05,10110010SILVAP,2025-10-20,111465,1,5,0,372.0
10110010SILVAP_2025-10-20_G06,10110010SILVAP,2025-10-20,109643,1,2,0,433.0
10110010SILVAP_2025-10-20_G07,10110010SILVAP,2025-10-20,117808,1,3,0,683.0
10110010SILVAP_2025-10-20_G08,10110010SILVAP,2025-10-20,110371,1,8,0,209.0
10110010SILVAP_2025-10-20_G09,10110010SILVAP,2025-10-20,110313,1,9,0,682.0
10110010SILVAP_2025-10-20_G10,10110010SILVAP,2025-10-20,109640,1,5,0,632.0
10110010SILVAP_2025-10-20_G11,10110010SILVAP,2025-10-20,111530,1,13,0,667.0
10110010SILVAP_2025-10-20_G12,10110010SILVAP,2025-10-20,109641,1,2,0,257.0
10110010SILVAP_2025-10-20_G13,10110010SILVAP,2025-10-20,110325,1,5,0,168.0
10110010SILVAP_2025-10-20_G14,10110010SILVAP,2025-10-20,110755,1,8,0,707.0
10110010SILVAP_2025-10-20_G15,10110010SILVAP,2025-10-20,111660,1,4,0,58.0
10110010SILVAP_2025-10-20_G16,10110010SILVAP,2025-10-20,118094,1,2,0,629.0
10110010SILVAP_2025-10-20_G17,10110010SILVAP,2025-10-20,117853,1,4,0,223.0
10110010SILVAP_2025-10-20_G18,10110010SILVAP,2025-10-20,117855,1,4,0,156.0
10110010SILVAP_2025-10-20_G19,10110010SILVAP,2025-10-20,111462,1,3,0,123.0
10110010SILVAP_2025-10-20_G20,10110010SILVAP,2025-10-20,117808,1,2,0,63.0
10110010SILVAP_2025-10-20_G21,10110010SILVAP,2025-10-20,110371,1,3,0,50.0
10110010SILVAP_2025-10-20_G23,10110010SILVAP,2025-10-20,108711,1,10,0,122.0
10110010SILVAP_2025-10-20_G24,10110010SILVAP,2025-10-20,111431,1,2,0,116.0
10110010SILVAP_2025-10-20_G25,10110010SILVAP,2025-10-20,111418,1,30,0,864.0
10110010SILVAP_2025-10-20_G26,10110010SILVAP,2025-10-20,111418,1,20,0,186.0
10110010SILVAP_2025-10-20_G27,10110010SILVAP,2025-10-20,117785,1,20,0,1102.0
10110010SILVAP_2025-10-20_G28,10110010SILVAP,2025-10-20,117821,1,10,0,118.0
10110010SILVAP_2025-10-20_G29,10110010SILVAP,2025-10-20,109641,1,4,0,396.0
10110010SILVAP_2025-10-20_G30,10110010SILVAP,2025-10-20,111172,1,20,0,789.0
10110010SILVAP_2025-10-20_G31,10110010SILVAP,2025-10-20,111466,1,40,0,2572.0
10110010SILVAP_2025-10-20_G32,10110010SILVAP,2025-10-20,111469,1,40,0,261.0
10110010SILVAP_2025-10-20_G33,10110010SILVAP,2025-10-20,110372,1,30,0,1200.0
10110010SILVAP_2025-10-20_G34,10110010SILVAP,2025-10-20,110372,1,80,0,231.0
10110010SILVAP_2025-10-21_G02,10110010SILVAP,2025-10-21,117808,1,150,0,332.0
10110010SILVAP_2025-10-21_G03,10110010SILVAP,2025-10-21,117808,1,83,0,230.0
10110010SILVAP_2025-10-21_G04,10110010SILVAP,2025-10-21,117809,1,30,0,488.0
10110010SILVAP_2025-10-21_G05,10110010SILVAP,2025-10-21,117830,1,52,0,1421.0
10110010SILVAP_2025-10-21_G06,10110010SILVAP,2025-10-21,110313,1,5,0,725.0
10110010SILVAP_2025-10-21_G07,10110010SILVAP,2025-10-21,111469,1,10,0,248.0
10110010SILVAP_2025-10-21_G08,10110010SILVAP,2025-10-21,111462,2,6,9,197.0
10110010SILVAP_2025-10-21_G09,10110010SILVAP,2025-10-21,108770,1,6,0,1068.0
10110010SILVAP_2025-10-21_G10,10110010SILVAP,2025-10-21,110372,1,9,0,640.0
10110010SILVAP_2025-10-21_G11,10110010SILVAP,2025-10-21,117820,1,200,0,1641.0
10110010SILVAP_2025-10-21_G12,10110010SILVAP,2025-10-21,111530,1,100,0,1019.0
10110010SILVAP_2025-10-21_G14,10110010SILVAP,2025-10-21,117831,1,11,0,506.0
10110010SILVAP_2025-10-21_G15,10110010SILVAP,2025-10-21,111463,1,14,0,132.0
10110010SILVAP_2025-10-21_G16,10110010SILVAP,2025-10-21,110740,1,3,0,104.0
10110010SILVAP_2025-10-21_G17,10110010SILVAP,2025-10-21,110740,1,16,0,312.0
10110010SILVAP_2025-10-21_G18,10110010SILVAP,2025-10-21,117838,1,2,0,1149.0
10110010SILVAP_2025-10-21_G19,10110010SILVAP,2025-10-21,140922,1,15,0,692.0
10110010SILVAP_2025-10-21_G20,10110010SILVAP,2025-10-21,140922,1,19,0,480.0
10110010SILVAP_2025-10-21_G21,10110010SILVAP,2025-10-21,111435,1,2,0,137.0
10110010SILVAP_2025-10-21_G22,10110010SILVAP,2025-10-21,141823,2,6,5,136.0
10110010SILVAP_2025-10-21_G23,10110010SILVAP,2025-10-21,110787,1,1,0,80.0
10110010SILVAP_2025-10-21_G24,10110010SILVAP,2025-10-21,111330,1,1,0,110.0
10110010SILVAP_2025-10-21_G25,10110010SILVAP,2025-10-21,117842,1,1,0,53.0
10110010SILVAP_2025-10-21_G26,10110010SILVAP,2025-10-21,109641,1,7,0,213.0
10110010SILVAP_2025-10-21_G27,10110010SILVAP,2025-10-21,111462,1,12,0,211.0
10110010SILVAP_2025-10-21_G28,10110010SILVAP,2025-10-21,111442,1,1,0,105.0
10110010SILVAP_2025-10-22_G02,10110010SILVAP,2025-10-22,110623,2,12,12,240.0
10110010SILVAP_2025-10-22_G03,10110010SILVAP,2025-10-22,111356,1,4,0,291.0
10110010SILVAP_2025-10-22_G04,10110010SILVAP,2025-10-22,111438,1,4,0,96.0
10110010SILVAP_2025-10-22_G05,10110010SILVAP,2025-10-22,117834,1,4,0,298.0
10110010SILVAP_2025-10-22_G06,10110010SILVAP,2025-10-22,160053,1,8,0,1203.0
10110010SILVAP_2025-10-22_G07,10110010SILVAP,2025-10-22,"141202, 117832",2,24,26,375.0
10110010SILVAP_2025-10-22_G08,10110010SILVAP,2025-10-22,110372,1,150,0,1519.0
10110010SILVAP_2025-10-22_G09,10110010SILVAP,2025-10-22,110371,1,100,0,1572.0
10110010SILVAP_2025-10-22_G10,10110010SILVAP,2025-10-22,117808,1,700,0,1068.0
10110010SILVAP_2025-10-22_G11,10110010SILVAP,2025-10-22,117820,1,100,0,366.0
10110010SILVAP_2025-10-22_G13,10110010SILVAP,2025-10-22,110751,1,5,0,85.0
10110010SILVAP_2025-10-22_G14,10110010SILVAP,2025-10-22,108794,1,3,0,676.0
10110010SILVAP_2025-10-22_G15,10110010SILVAP,2025-10-22,118317,1,24,0,660.0
10110010SILVAP_2025-10-22_G16,10110010SILVAP,2025-10-22,117841,1,4,0,431.0
10110010SILVAP_2025-10-22_G17,10110010SILVAP,2025-10-22,116241,1,6,0,341.0
10110010SILVAP_2025-10-22_G18,10110010SILVAP,2025-10-22,108711,1,9,0,162.0
10110010SILVAP_2025-10-22_G19,10110010SILVAP,2025-10-22,117787,1,3,0,236.0
10110010SILVAP_2025-10-22_G20,10110010SILVAP,2025-10-22,117833,1,1,0,87.0
10110010SILVAP_2025-10-22_G21,10110010SILVAP,2025-10-22,111444,1,6,0,273.0
10110010SILVAP_2025-10-22_G22,10110010SILVAP,2025-10-22,111444,1,20,0,370.0
10110010SILVAP_2025-10-22_G23,10110010SILVAP,2025-10-22,117821,1,5,0,121.0
10110010SILVAP_2025-10-22_G24,10110010SILVAP,2025-10-22,141458,1,6,0,86.0
10110010SILVAP_2025-10-22_G25,10110010SILVAP,2025-10-22,110745,1,4,0,68.0
10110010SILVAP_2025-10-22_G26,10110010SILVAP,2025-10-22,111465,1,13,0,177.0
10110010SILVAP_2025-10-22_G27,10110010SILVAP,2025-10-22,111468,1,12,0,152.0
10110010SILVAP_2025-10-22_G28,10110010SILVAP,2025-10-22,110740,1,26,0,156.0
10110010SILVAP_2025-10-22_G29,10110010SILVAP,2025-10-22,111442,1,27,0,232.0
10110010SILVAP_2025-10-22_G30,10110010SILVAP,2025-10-22,141823,1,186,0,1150.0
10110010SILVAP_2025-10-22_G31,10110010SILVAP,2025-10-22,118281,1,4,0,2649.0
10110010SILVAP_2025-10-22_G32,10110010SILVAP,2025-10-22,109643,1,10,0,246.0
10110010SILVAP_2025-10-22_G33,10110010SILVAP,2025-10-22,117822,1,5,0,645.0
10110010SILVAP_2025-10-22_G34,10110010SILVAP,2025-10-22,110325,1,10,0,462.0
10110010SILVAP_2025-10-23_G02,10110010SILVAP,2025-10-23,117808,1,98,0,412.0
10110010SILVAP_2025-10-23_G03,10110010SILVAP,2025-10-23,110373,1,51,0,237.0
10110010SILVAP_2025-10-23_G04,10110010SILVAP,2025-10-23,"118326, 141458",2,14,23,444.0
10110010SILVAP_2025-10-23_G05,10110010SILVAP,2025-10-23,"111463, 111743, 108794",3,42,22,1834.0
10110010SILVAP_2025-10-23_G06,10110010SILVAP,2025-10-23,111463,1,17,0,158.0
10110010SILVAP_2025-10-23_G07,10110010SILVAP,2025-10-23,111463,1,30,0,95.0
10110010SILVAP_2025-10-23_G08,10110010SILVAP,2025-10-23,115817,1,4,0,92.0
10110010SILVAP_2025-10-23_G10,10110010SILVAP,2025-10-23,111602,1,12,0,314.0
10110010SILVAP_2025-10-23_G11,10110010SILVAP,2025-10-23,110339,1,3,0,49.0
10110010SILVAP_2025-10-23_G12,10110010SILVAP,2025-10-23,110787,1,5,0,3108.0
10110010SILVAP_2025-10-23_G13,10110010SILVAP,2025-10-23,117830,1,10,0,197.0
10110010SILVAP_2025-10-23_G14,10110010SILVAP,2025-10-23,118140,1,14,0,554.0
10110010SILVAP_2025-10-23_G15,10110010SILVAP,2025-10-23,111463,1,6,0,102.0
10110010SILVAP_2025-10-23_G16,10110010SILVAP,2025-10-23,110740,1,4,0,444.0
10110010SILVAP_2025-10-23_G17,10110010SILVAP,2025-10-23,108711,1,6,0,188.0
10110010SILVAP_2025-10-23_G18,10110010SILVAP,2025-10-23,111438,1,4,0,693.0
10110010SILVAP_2025-10-23_G19,10110010SILVAP,2025-10-23,118222,1,10,0,352.0
10110010SILVAP_2025-10-23_G20,10110010SILVAP,2025-10-23,100334,1,4,0,170.0
10110010SILVAP_2025-10-23_G21,10110010SILVAP,2025-10-23,110747,1,8,0,287.0
10110010SILVAP_2025-10-23_G22,10110010SILVAP,2025-10-23,110339,1,1,0,37.0
10110010SILVAP_2025-10-23_G23,10110010SILVAP,2025-10-23,117855,1,4,0,147.0
10110010SILVAP_2025-10-23_G24,10110010SILVAP,2025-10-23,111530,1,6,0,242.0
10110010SILVAP_2025-10-24_G02,10110010SILVAP,2025-10-24,111602,1,6,0,181.0
10110010SILVAP_2025-10-24_G03,10110010SILVAP,2025-10-24,110711,2,10,6,384.0
10110010SILVAP_2025-10-24_G04,10110010SILVAP,2025-10-24,118140,1,4,0,170.0
10110010SILVAP_2025-10-24_G05,10110010SILVAP,2025-10-24,140922,1,6,0,329.0
10110010SILVAP_2025-10-24_G06,10110010SILVAP,2025-10-24,141823,1,4,0,76.0
10110010SILVAP_2025-10-24_G07,10110010SILVAP,2025-10-24,108711,1,6,0,260.0
10110010SILVAP_2025-10-24_G08,10110010SILVAP,2025-10-24,107892,1,4,0,513.0
10110010SILVAP_2025-10-24_G09,10110010SILVAP,2025-10-24,117856,1,2,0,207.0
10110010SILVAP_2025-10-24_G10,10110010SILVAP,2025-10-24,118094,1,2,0,206.0
10110010SILVAP_2025-10-24_G11,10110010SILVAP,2025-10-24,110711,1,1,0,140.0
10110010SILVAP_2025-10-24_G12,10110010SILVAP,2025-10-24,141456,1,4,0,137.0
10110010SILVAP_2025-10-24_G13,10110010SILVAP,2025-10-24,118317,1,2,0,123.0
10110010SILVAP_2025-10-24_G14,10110010SILVAP,2025-10-24,117842,1,4,0,161.0
10110010SILVAP_2025-10-24_G15,10110010SILVAP,2025-10-24,109641,1,4,0,180.0
10110010SILVAP_2025-10-24_G16,10110010SILVAP,2025-10-24,117820,1,4,0,172.0
10110010SILVAP_2025-10-24_G17,10110010SILVAP,2025-10-24,107830,1,2,0,60.0
10110010SILVAP_2025-10-24_G18,10110010SILVAP,2025-10-24,118094,1,4,0,2038.0
10110010SILVAP_2025-10-24_G19,10110010SILVAP,2025-10-24,111467,1,4,0,198.0
10110010SILVAP_2025-10-24_G20,10110010SILVAP,2025-10-24,118140,1,8,0,153.0
10110010SILVAP_2025-10-24_G21,10110010SILVAP,2025-10-24,111466,1,16,0,157.0
10110010SILVAP_2025-10-24_G22,10110010SILVAP,2025-10-24,109641,1,6,0,379.0
10110010SILVAP_2025-10-24_G23,10110010SILVAP,2025-10-24,107236,1,6,0,213.0
10110010SILVAP_2025-10-24_G24,10110010SILVAP,2025-10-24,111465,1,2,0,45.0
10110010SILVAP_2025-10-24_G25,10110010SILVAP,2025-10-24,111463,1,20,0,629.0
10110010SILVAP_2025-10-24_G26,10110010SILVAP,2025-10-24,110325,1,12,0,617.0
10110010SILVAP_2025-10-24_G28,10110010SILVAP,2025-10-24,110623,1,2,0,305.0
10110010SILVAP_2025-10-24_G29,10110010SILVAP,2025-10-24,117834,1,8,0,262.0
10110010SILVAP_2025-10-24_G30,10110010SILVAP,2025-10-24,108701,1,12,0,744.0
10110010SILVAP_2025-10-24_G31,10110010SILVAP,2025-10-24,118094,2,18,7,198.0
10110010SILVAP_2025-10-24_G32,10110010SILVAP,2025-10-24,110711,1,16,0,459.0
10110010SILVAP_2025-10-24_G33,10110010SILVAP,2025-10-24,110733,1,6,0,59.0
10110010SILVAP_2025-10-24_G34,10110010SILVAP,2025-10-24,105470,1,4,0,171.0
10110010SILVAP_2025-10-24_G35,10110010SILVAP,2025-10-24,111467,1,12,0,733.0
10110010SILVAP_2025-10-24_G36,10110010SILVAP,2025-10-24,117786,1,6,0,652.0
10110010SILVAP_2025-10-24_G37,10110010SILVAP,2025-10-24,140923,1,21,0,324.0
10110010SILVAP_2025-10-24_G38,10110010SILVAP,2025-10-24,118289,1,4,0,288.0
10110010SILVAP_2025-10-24_G39,10110010SILVAP,2025-10-24,110339,1,18,0,666.0
10110010SILVAP_2025-10-24_G40,10110010SILVAP,2025-10-24,117855,1,12,0,324.0
10110010SILVAP_2025-10-24_G41,10110010SILVAP,2025-10-24,117840,1,10,0,670.0
10110010SILVAP_2025-10-24_G42,10110010SILVAP,2025-10-24,110376,2,22,10,407.0
10110010SILVAP_2025-10-24_G43,10110010SILVAP,2025-10-24,109648,1,2,0,135.0
10110010SILVAP_2025-10-24_G44,10110010SILVAP,2025-10-24,110373,1,35,0,265.0
10110010SILVAP_2025-10-24_G45,10110010SILVAP,2025-10-24,160054,1,2,0,326.0
10110010SILVAP_2025-10-25_G02,10110010SILVAP,2025-10-25,109643,1,50,0,271.0
10110010SILVAP_2025-10-25_G03,10110010SILVAP,2025-10-25,141456,1,53,0,1048.0
10110010SILVAP_2025-10-25_G04,10110010SILVAP,2025-10-25,111466,1,2,0,78.0
10110010SILVAP_2025-10-25_G05,10110010SILVAP,2025-10-25,108795,2,14,8,177.0
10110010SILVAP_2025-10-25_G06,10110010SILVAP,2025-10-25,140922,1,12,0,161.0
10110010SILVAP_2025-10-25_G07,10110010SILVAP,2025-10-25,111348,1,6,0,104.0
10110010SILVAP_2025-10-25_G08,10110010SILVAP,2025-10-25,141457,2,84,9,767.0
10110010SILVAP_2025-10-25_G09,10110010SILVAP,2025-10-25,141457,1,54,0,259.0
10110010SILVAP_2025-10-25_G10,10110010SILVAP,2025-10-25,118317,1,10,0,220.0
10110010SILVAP_2025-10-25_G11,10110010SILVAP,2025-10-25,116241,1,4,0,313.0
10110010SILVAP_2025-10-25_G12,10110010SILVAP,2025-10-25,117833,1,20,0,1117.0
10110010SILVAP_2025-10-25_G13,10110010SILVAP,2025-10-25,118140,1,6,0,554.0
10110010SILVAP_2025-10-25_G14,10110010SILVAP,2025-10-25,141458,1,11,0,244.0
10110010SILVAP_2025-10-26_G02,10110010SILVAP,2025-10-26,111602,1,14,0,493.0
10110010SILVAP_2025-10-26_G03,10110010SILVAP,2025-10-26,118140,1,4,0,163.0
10110010SILVAP_2025-10-26_G04,10110010SILVAP,2025-10-26,111466,1,12,0,188.0
10110010SILVAP_2025-10-26_G05,10110010SILVAP,2025-10-26,111463,1,60,0,1080.0
10110010SILVAP_2025-10-26_G06,10110010SILVAP,2025-10-26,117833,1,12,0,388.0
10110010SILVAP_2025-10-26_G07,10110010SILVAP,2025-10-26,109974,1,2,0,350.0
10110010SILVAP_2025-10-27_G02,10110010SILVAP,2025-10-27,111602,1,12,0,3065.0
10110010SILVAP_2025-10-27_G03,10110010SILVAP,2025-10-27,111660,1,3,0,335.0
10110010SILVAP_2025-10-27_G04,10110010SILVAP,2025-10-27,117965,1,3,0,355.0
10110010SILVAP_2025-10-27_G05,10110010SILVAP,2025-10-27,111418,1,12,0,549.0
10110010SILVAP_2025-10-27_G06,10110010SILVAP,2025-10-27,108711,1,3,0,179.0
10110010SILVAP_2025-10-27_G07,10110010SILVAP,2025-10-27,109641,1,6,0,178.0
10110010SILVAP_2025-10-27_G08,10110010SILVAP,2025-10-27,117832,1,10,0,597.0
10110010SILVAP_2025-10-27_G09,10110010SILVAP,2025-10-27,110375,1,3,0,33.0
10110010SILVAP_2025-10-27_G10,10110010SILVAP,2025-10-27,110372,1,10,0,168.0
10110010SILVAP_2025-10-27_G11,10110010SILVAP,2025-10-27,118299,1,8,0,31.0
10110010SILVAP_2025-10-27_G12,10110010SILVAP,2025-10-27,111438,1,2,0,190.0
10110010SILVAP_2025-10-27_G14,10110010SILVAP,2025-10-27,110741,1,4,0,221.0
10110010SILVAP_2025-10-27_G15,10110010SILVAP,2025-10-27,111879,2,8,8,212.0
10110010SILVAP_2025-10-27_G16,10110010SILVAP,2025-10-27,141456,1,30,0,1363.0
10110010SILVAP_2025-10-27_G17,10110010SILVAP,2025-10-27,"111182, 110740",2,9,23,145.0
10110010SILVAP_2025-10-27_G18,10110010SILVAP,2025-10-27,117838,1,4,0,105.0
10110010SILVAP_2025-10-27_G19,10110010SILVAP,2025-10-27,110787,1,12,0,1361.0
10110010SILVAP_2025-10-27_G20,10110010SILVAP,2025-10-27,118317,1,20,0,1072.0
10110010SILVAP_2025-10-27_G21,10110010SILVAP,2025-10-27,117842,1,4,0,138.0
10110010SILVAP_2025-10-27_G22,10110010SILVAP,2025-10-27,108794,1,4,0,94.0
10110010SILVAP_2025-10-27_G23,10110010SILVAP,2025-10-27,108794,1,8,0,290.0
10110010SILVAP_2025-10-27_G24,10110010SILVAP,2025-10-27,111462,1,12,0,290.0
10110010SILVAP_2025-10-27_G25,10110010SILVAP,2025-10-27,111465,1,4,0,82.0
10110010SILVAP_2025-10-27_G26,10110010SILVAP,2025-10-27,118317,1,20,0,533.0
10110010SILVAP_2025-10-27_G27,10110010SILVAP,2025-10-27,141457,2,50,7,819.0
10110010SILVAP_2025-10-27_G28,10110010SILVAP,2025-10-27,110374,2,28,8,537.0
10110010SILVAP_2025-10-27_G29,10110010SILVAP,2025-10-27,110374,1,4,0,31.0
10110010SILVAP_2025-10-27_G30,10110010SILVAP,2025-10-27,107830,2,12,17,399.0
10110010SILVAP_2025-10-28_G02,10110010SILVAP,2025-10-28,111569,1,1,0,176.0
10110010SILVAP_2025-10-28_G03,10110010SILVAP,2025-10-28,117786,1,2,0,98.0
10110010SILVAP_2025-10-28_G04,10110010SILVAP,2025-10-28,111879,1,4,0,61.0
10110010SILVAP_2025-10-28_G05,10110010SILVAP,2025-10-28,111602,1,4,0,489.0
10110010SILVAP_2025-10-28_G06,10110010SILVAP,2025-10-28,110339,1,3,0,59.0
10110010SILVAP_2025-10-28_G07,10110010SILVAP,2025-10-28,"141456, 118140",2,13,12,381.0
10110010SILVAP_2025-10-28_G08,10110010SILVAP,2025-10-28,105705,1,2,0,59.0
10110010SILVAP_2025-10-28_G09,10110010SILVAP,2025-10-28,117831,1,8,0,195.0
10110010SILVAP_2025-10-28_G10,10110010SILVAP,2025-10-28,111743,1,6,0,514.0
10110010SILVAP_2025-10-28_G11,10110010SILVAP,2025-10-28,117838,1,2,0,61.0
10110010SILVAP_2025-10-28_G12,10110010SILVAP,2025-10-28,141457,1,4,0,98.0
10110010SILVAP_2025-10-28_G13,10110010SILVAP,2025-10-28,118223,1,1,0,125.0
10110010SILVAP_2025-10-28_G14,10110010SILVAP,2025-10-28,118330,1,4,0,137.0
10110010SILVAP_2025-10-28_G15,10110010SILVAP,2025-10-28,141458,1,2,0,109.0
10110010SILVAP_2025-10-28_G16,10110010SILVAP,2025-10-28,110500,1,2,0,252.0
10110010SILVAP_2025-10-28_G17,10110010SILVAP,2025-10-28,117820,1,8,0,318.0
10110010SILVAP_2025-10-28_G18,10110010SILVAP,2025-10-28,107830,1,1,0,85.0
10110010SILVAP_2025-10-28_G19,10110010SILVAP,2025-10-28,117832,1,2,0,77.0
10110010SILVAP_2025-10-28_G21,10110010SILVAP,2025-10-28,109640,1,18,0,1370.0
10110010SILVAP_2025-10-28_G22,10110010SILVAP,2025-10-28,111418,1,60,0,916.0
10110010SILVAP_2025-10-28_G23,10110010SILVAP,2025-10-28,118140,1,55,0,358.0
10110010SILVAP_2025-10-28_G24,10110010SILVAP,2025-10-28,117830,1,12,0,783.0
10110010SILVAP_2025-10-28_G25,10110010SILVAP,2025-10-28,117830,1,46,0,826.0
10110010SILVAP_2025-10-28_G26,10110010SILVAP,2025-10-28,117830,1,25,0,414.0
10110010SILVAP_2025-10-28_G27,10110010SILVAP,2025-10-28,110373,1,85,0,1077.0
10110010SILVAP_2025-10-28_G28,10110010SILVAP,2025-10-28,110372,1,485,0,1521.0
10110010SILVAP_2025-10-28_G29,10110010SILVAP,2025-10-28,118299,1,50,0,1231.0
10110010SILVAP_2025-10-28_G30,10110010SILVAP,2025-10-28,110371,1,100,0,347.0
10110010SILVAP_2025-10-29_G02,10110010SILVAP,2025-10-29,118094,1,3,0,2594.0
10110010SILVAP_2025-10-29_G03,10110010SILVAP,2025-10-29,117832,1,4,0,129.0
10110010SILVAP_2025-10-29_G04,10110010SILVAP,2025-10-29,141456,1,6,0,397.0
10110010SILVAP_2025-10-29_G05,10110010SILVAP,2025-10-29,111743,1,1,0,89.0
10110010SILVAP_2025-10-29_G06,10110010SILVAP,2025-10-29,141457,1,1,0,100.0
10110010SILVAP_2025-10-29_G07,10110010SILVAP,2025-10-29,108798,1,4,0,69.0
10110010SILVAP_2025-10-29_G08,10110010SILVAP,2025-10-29,111468,1,4,0,185.0
10110010SILVAP_2025-10-29_G09,10110010SILVAP,2025-10-29,118094,1,2,0,195.0
10110010SILVAP_2025-10-29_G10,10110010SILVAP,2025-10-29,117853,1,2,0,219.0
10110010SILVAP_2025-10-29_G11,10110010SILVAP,2025-10-29,140923,1,6,0,288.0
10110010SILVAP_2025-10-29_G12,10110010SILVAP,2025-10-29,117787,1,2,0,54.0
10110010SILVAP_2025-10-29_G13,10110010SILVAP,2025-10-29,117833,1,6,0,57.0
10110010SILVAP_2025-10-29_G14,10110010SILVAP,2025-10-29,107830,1,1,0,178.0
10110010SILVAP_2025-10-29_G15,10110010SILVAP,2025-10-29,117820,1,5,0,597.0
10110010SILVAP_2025-10-29_G17,10110010SILVAP,2025-10-29,110374,3,11,14,806.0
10110010SILVAP_2025-10-29_G18,10110010SILVAP,2025-10-29,111530,1,4,0,171.0
10110010SILVAP_2025-10-29_G19,10110010SILVAP,2025-10-29,110374,1,43,0,1421.0
10110010SILVAP_2025-10-29_G20,10110010SILVAP,2025-10-29,117830,1,15,0,127.0
10110010SILVAP_2025-10-29_G21,10110010SILVAP,2025-10-29,117830,1,10,0,485.0
10110010SILVAP_2025-10-29_G22,10110010SILVAP,2025-10-29,111602,1,4,0,497.0
10110010SILVAP_2025-10-29_G23,10110010SILVAP,2025-10-29,118140,1,4,0,140.0
10110010SILVAP_2025-10-29_G24,10110010SILVAP,2025-10-29,141823,1,4,0,96.0
10110010SILVAP_2025-10-29_G25,10110010SILVAP,2025-10-29,109640,1,10,0,772.0
10110010SILVAP_2025-10-29_G26,10110010SILVAP,2025-10-29,140923,1,4,0,225.0
10110010SILVAP_2025-10-29_G27,10110010SILVAP,2025-10-29,111469,1,4,0,723.0
10110010SILVAP_2025-10-29_G28,10110010SILVAP,2025-10-29,111532,1,4,0,166.0
10110010SILVAP_2025-10-29_G29,10110010SILVAP,2025-10-29,110374,1,40,0,559.0
10110010SILVAP_2025-10-29_G30,10110010SILVAP,2025-10-29,117862,1,8,0,297.0
10110010SILVAP_2025-10-29_G31,10110010SILVAP,2025-10-29,105705,1,8,0,95.0
10110010SILVAP_2025-10-29_G32,10110010SILVAP,2025-10-29,111463,1,6,0,1376.0
10110010SILVAP_2025-10-29_G33,10110010SILVAP,2025-10-29,111443,1,1,0,95.0
10110010SILVAP_2025-10-30_G02,10110010SILVAP,2025-10-30,108794,1,6,0,134.0
10110010SILVAP_2025-10-30_G03,10110010SILVAP,2025-10-30,"108711, 111465",2,4,8,98.0
10110010SILVAP_2025-10-30_G04,10110010SILVAP,2025-10-30,117830,1,3,0,348.0
10110010SILVAP_2025-10-30_G05,10110010SILVAP,2025-10-30,110373,1,7,0,147.0
10110010SILVAP_2025-10-30_G06,10110010SILVAP,2025-10-30,117822,1,4,0,72.0
10110010SILVAP_2025-10-30_G07,10110010SILVAP,2025-10-30,117830,1,8,0,1698.0
10110010SILVAP_2025-10-30_G08,10110010SILVAP,2025-10-30,140923,1,7,0,172.0
10110010SILVAP_2025-10-30_G09,10110010SILVAP,2025-10-30,140911,1,4,0,47.0
10110010SILVAP_2025-10-30_G10,10110010SILVAP,2025-10-30,111530,1,16,0,1792.0
10110010SILVAP_2025-10-30_G11,10110010SILVAP,2025-10-30,111467,1,12,0,655.0
10110010SILVAP_2025-10-30_G12,10110010SILVAP,2025-10-30,111602,1,12,0,238.0
10110010SILVAP_2025-10-30_G13,10110010SILVAP,2025-10-30,111433,1,4,0,564.0
10110010SILVAP_2025-10-30_G14,10110010SILVAP,2025-10-30,111743,1,12,0,137.0
10110010SILVAP_2025-10-30_G15,10110010SILVAP,2025-10-30,117785,1,20,0,547.0
10110010SILVAP_2025-10-30_G16,10110010SILVAP,2025-10-30,110373,1,16,0,262.0
10110010SILVAP_2025-10-30_G17,10110010SILVAP,2025-10-30,118299,1,20,0,329.0
10110010SILVAP_2025-10-30_G18,10110010SILVAP,2025-10-30,110733,1,5,0,530.0
10110010SILVAP_2025-10-30_G19,10110010SILVAP,2025-10-30,110711,1,6,0,92.0
10110010SILVAP_2025-10-30_G20,10110010SILVAP,2025-10-30,111602,1,7,0,114.0
10110010SILVAP_2025-10-30_G21,10110010SILVAP,2025-10-30,141823,1,4,0,133.0
10110010SILVAP_2025-10-30_G22,10110010SILVAP,2025-10-30,140922,1,2,0,89.0
10110010SILVAP_2025-10-30_G24,10110010SILVAP,2025-10-30,141155,1,6,0,85.0
10110010SILVAP_2025-10-30_G25,10110010SILVAP,2025-10-30,141141,2,14,6,218.0
10110010SILVAP_2025-10-30_G26,10110010SILVAP,2025-10-30,111742,1,6,0,107.0
10110010SILVAP_2025-10-30_G27,10110010SILVAP,2025-10-30,111759,1,8,0,763.0
10110010SILVAP_2025-10-30_G28,10110010SILVAP,2025-10-30,141140,2,14,12,713.0
10110010SILVAP_2025-10-30_G29,10110010SILVAP,2025-10-30,141141,1,20,0,327.0
10110010SILVAP_2025-10-30_G30,10110010SILVAP,2025-10-30,141141,1,10,0,660.0
10110010SILVAP_2025-10-30_G31,10110010SILVAP,2025-10-30,111742,1,4,0,90.0
10110010SILVAP_2025-10-30_G32,10110010SILVAP,2025-10-30,111634,1,8,0,705.0
10110010SILVAP_2025-10-30_G33,10110010SILVAP,2025-10-30,111740,2,26,8,683.0
10110010SILVAP_2025-10-30_G34,10110010SILVAP,2025-10-30,141261,2,30,6,320.0
10110010SILVAP_2025-10-30_G35,10110010SILVAP,2025-10-30,118191,2,60,9,782.0
10110010SILVAP_2025-10-30_G36,10110010SILVAP,2025-10-30,141262,1,60,0,595.0
10110010SILVAP_2025-10-31_G02,10110010SILVAP,2025-10-31,110374,1,20,0,247.0
10110010SILVAP_2025-10-31_G03,10110010SILVAP,2025-10-31,107830,1,4,0,46.0
10110010SILVAP_2025-10-31_G04,10110010SILVAP,2025-10-31,117830,1,16,0,187.0
10110010SILVAP_2025-10-31_G05,10110010SILVAP,2025-10-31,110375,1,16,0,238.0
10110010SILVAP_2025-10-31_G06,10110010SILVAP,2025-10-31,110372,1,110,0,391.0
10110010SILVAP_2025-10-31_G07,10110010SILVAP,2025-10-31,110373,1,100,0,247.0
10110010SILVAP_2025-10-31_G08,10110010SILVAP,2025-10-31,118299,1,50,0,464.0
10110010SILVAP_2025-10-31_G09,10110010SILVAP,2025-10-31,110376,1,8,0,247.0
10110010SILVAP_2025-10-31_G10,10110010SILVAP,2025-10-31,110325,1,30,0,1056.0
10110010SILVAP_2025-10-31_G11,10110010SILVAP,2025-10-31,117832,1,40,0,468.0
10110010SILVAP_2025-10-31_G12,10110010SILVAP,2025-10-31,117808,1,50,0,1220.0
10110010SILVAP_2025-10-31_G13,10110010SILVAP,2025-10-31,141202,1,30,0,107.0
10110010SILVAP_2025-10-31_G14,10110010SILVAP,2025-10-31,110371,1,50,0,768.0
10110010SILVAP_2025-10-31_G15,10110010SILVAP,2025-10-31,111655,1,1,0,780.0
10110010SILVAP_2025-10-31_G16,10110010SILVAP,2025-10-31,110895,1,2,0,315.0
10110010SILVAP_2025-10-31_G17,10110010SILVAP,2025-10-31,141916,1,4,0,225.0
10110010SILVAP_2025-10-31_G18,10110010SILVAP,2025-10-31,118290,1,1,0,47.0
10110010SILVAP_2025-10-31_G19,10110010SILVAP,2025-10-31,111469,1,13,0,221.0
10110010SILVAP_2025-10-31_G20,10110010SILVAP,2025-10-31,109645,1,25,0,772.0
10110010SILVAP_2025-10-31_G21,10110010SILVAP,2025-10-31,111418,1,10,0,530.0
10110010SILVAP_2025-10-31_G22,10110010SILVAP,2025-10-31,110711,1,4,0,388.0
10110010SILVAP_2025-10-31_G23,10110010SILVAP,2025-10-31,118140,1,4,0,149.0
10110010SILVAP_2025-10-31_G24,10110010SILVAP,2025-10-31,111466,1,4,0,72.0
10110010SILVAP_2025-10-31_G25,10110010SILVAP,2025-10-31,118290,1,8,0,227.0
10110010SILVAP_2025-10-31_G26,10110010SILVAP,2025-10-31,109645,1,3,0,523.0
10110010SILVAP_2025-10-31_G27,10110010SILVAP,2025-10-31,111469,1,3,0,41.0
10110010SILVAP_2025-10-31_G28,10110010SILVAP,2025-10-31,111462,1,15,0,168.0
10110010SILVAP_2025-10-31_G29,10110010SILVAP,2025-10-31,111438,1,4,0,173.0
10110010SILVAP_2025-10-31_G30,10110010SILVAP,2025-10-31,111569,1,4,0,152.0
10110010SILVAP_2025-10-31_G31,10110010SILVAP,2025-10-31,117965,1,4,0,136.0
10110010SILVAP_2025-10-31_G32,10110010SILVAP,2025-10-31,107830,1,4,0,98.0
10110010SILVAP_2025-11-06_G02,10110010SILVAP,2025-11-06,141916,1,2,0,167.0
10110010SILVAP_2025-11-06_G03,10110010SILVAP,2025-11-06,107629,1,2,0,203.0
10110010SILVAP_2025-11-06_G04,10110010SILVAP,2025-11-06,117809,1,2,0,638.0
10110010SILVAP_2025-11-06_G05,10110010SILVAP,2025-11-06,117856,1,4,0,219.0
10110010SILVAP_2025-11-06_G06,10110010SILVAP,2025-11-06,140923,1,4,0,187.0
10110010SILVAP_2025-11-06_G07,10110010SILVAP,2025-11-06,111602,1,2,0,60.0
10110010SILVAP_2025-11-06_G08,10110010SILVAP,2025-11-06,111172,1,2,0,168.0
10110010SILVAP_2025-11-06_G09,10110010SILVAP,2025-11-06,109645,1,2,0,163.0
10110010SILVAP_2025-11-06_G10,10110010SILVAP,2025-11-06,117831,1,4,0,124.0
10110010SILVAP_2025-11-06_G11,10110010SILVAP,2025-11-06,118140,1,4,0,150.0
10110010SILVAP_2025-11-06_G12,10110010SILVAP,2025-11-06,141456,1,4,0,64.0
10110010SILVAP_2025-11-06_G13,10110010SILVAP,2025-11-06,117809,1,4,0,170.0
10110010SILVAP_2025-11-06_G14,10110010SILVAP,2025-11-06,117830,1,2,0,129.0
10110010SILVAP_2025-11-06_G15,10110010SILVAP,2025-11-06,117832,1,4,0,559.0
10110010SILVAP_2025-11-06_G16,10110010SILVAP,2025-11-06,117808,1,10,0,92.0
10110010SILVAP_2025-11-06_G17,10110010SILVAP,2025-11-06,118299,1,12,0,197.0
10110010SILVAP_2025-11-06_G18,10110010SILVAP,2025-11-06,110895,1,1,0,147.0
10110010SILVAP_2025-11-06_G19,10110010SILVAP,2025-11-06,110895,1,1,0,84.0
10110010SILVAP_2025-11-06_G20,10110010SILVAP,2025-11-06,111437,1,2,0,298.0
10110010SILVAP_2025-11-06_G21,10110010SILVAP,2025-11-06,111438,1,2,0,207.0
10110010SILVAP_2025-11-06_G22,10110010SILVAP,2025-11-06,141318,1,4,0,192.0
10110010SILVAP_2025-11-06_G23,10110010SILVAP,2025-11-06,117862,1,10,0,280.0
10110010SILVAP_2025-11-06_G24,10110010SILVAP,2025-11-06,117853,1,10,0,386.0
10110010SILVAP_2025-11-06_G25,10110010SILVAP,2025-11-06,110752,1,4,0,107.0
10110010SILVAP_2025-11-06_G26,10110010SILVAP,2025-11-06,110129,1,3,0,134.0
10110010SILVAP_2025-11-06_G27,10110010SILVAP,2025-11-06,111172,1,8,0,150.0
10110010SILVAP_2025-11-06_G28,10110010SILVAP,2025-11-06,109645,1,3,0,83.0
10110010SILVAP_2025-11-06_G29,10110010SILVAP,2025-11-06,110740,1,8,0,435.0
10110010SILVAP_2025-11-06_G30,10110010SILVAP,2025-11-06,117787,1,5,0,137.0
10110010SILVAP_2025-11-06_G31,10110010SILVAP,2025-11-06,117785,1,10,0,169.0
10110010SILVAP_2025-11-06_G32,10110010SILVAP,2025-11-06,111418,1,30,0,239.0
10110010SILVAP_2025-11-06_G33,10110010SILVAP,2025-11-06,109643,1,6,0,114.0
10110010SILVAP_2025-11-06_G34,10110010SILVAP,2025-11-06,110371,1,6,0,211.0
10110010SILVAP_2025-11-07_G02,10110010SILVAP,2025-11-07,110372,1,50,0,326.0
10110010SILVAP_2025-11-07_G03,10110010SILVAP,2025-11-07,118299,1,50,0,680.0
10110010SILVAP_2025-11-07_G04,10110010SILVAP,2025-11-07,111569,1,4,0,1346.0
10110010SILVAP_2025-11-07_G05,10110010SILVAP,2025-11-07,110895,1,3,0,473.0
10110010SILVAP_2025-11-07_G06,10110010SILVAP,2025-11-07,111569,1,1,0,98.0
10110010SILVAP_2025-11-07_G07,10110010SILVAP,2025-11-07,140923,1,4,0,166.0
10110010SILVAP_2025-11-07_G08,10110010SILVAP,2025-11-07,111530,1,2,0,57.0
10110010SILVAP_2025-11-07_G09,10110010SILVAP,2025-11-07,110733,1,1,0,58.0
10110010SILVAP_2025-11-07_G10,10110010SILVAP,2025-11-07,111602,1,4,0,85.0
10110010SILVAP_2025-11-07_G11,10110010SILVAP,2025-11-07,117808,1,12,0,490.0
10110010SILVAP_2025-11-07_G12,10110010SILVAP,2025-11-07,141456,1,2,0,48.0
10110010SILVAP_2025-11-07_G13,10110010SILVAP,2025-11-07,111444,1,2,0,158.0
10110010SILVAP_2025-11-07_G14,10110010SILVAP,2025-11-07,111743,1,4,0,65.0
10110010SILVAP_2025-11-07_G15,10110010SILVAP,2025-11-07,111532,1,2,0,69.0
10110010SILVAP_2025-11-07_G16,10110010SILVAP,2025-11-07,117808,1,740,0,2063.0
10110010SILVAP_2025-11-07_G17,10110010SILVAP,2025-11-07,110373,1,489,0,1736.0
10110010SILVAP_2025-11-07_G18,10110010SILVAP,2025-11-07,117820,1,425,0,813.0
10110010SILVAP_2025-11-07_G19,10110010SILVAP,2025-11-07,110339,1,93,0,601.0
10110010SILVAP_2025-11-07_G21,10110010SILVAP,2025-11-07,111182,1,5,0,827.0
10110010SILVAP_2025-11-07_G22,10110010SILVAP,2025-11-07,110740,1,20,0,289.0
10110010SILVAP_2025-11-07_G23,10110010SILVAP,2025-11-07,118317,1,10,0,66.0
10110010SILVAP_2025-11-07_G24,10110010SILVAP,2025-11-07,117842,1,7,0,110.0
10110010SILVAP_2025-11-07_G25,10110010SILVAP,2025-11-07,117841,1,10,0,148.0
10110010SILVAP_2025-11-07_G26,10110010SILVAP,2025-11-07,111444,1,4,0,222.0
10110010SILVAP_2025-11-07_G27,10110010SILVAP,2025-11-07,111462,1,50,0,744.0
10110010SILVAP_2025-11-07_G28,10110010SILVAP,2025-11-07,105705,1,40,0,1690.0
10110010SILVAP_2025-11-08_G02,10110010SILVAP,2025-11-08,111433,1,9,0,100.0
10110010SILVAP_2025-11-08_G03,10110010SILVAP,2025-11-08,110787,1,7,0,225.0
10110010SILVAP_2025-11-08_G04,10110010SILVAP,2025-11-08,111469,1,16,0,542.0
10110010SILVAP_2025-11-08_G05,10110010SILVAP,2025-11-08,118317,1,19,0,667.0
10110010SILVAP_2025-11-08_G06,10110010SILVAP,2025-11-08,"117842, 111434",2,4,18,134.0
10110010SILVAP_2025-11-08_G07,10110010SILVAP,2025-11-08,117841,1,5,0,90.0
10110010SILVAP_2025-11-08_G08,10110010SILVAP,2025-11-08,108794,1,12,0,69.0
10110010SILVAP_2025-11-08_G09,10110010SILVAP,2025-11-08,117787,1,11,0,183.0
10110010SILVAP_2025-11-08_G10,10110010SILVAP,2025-11-08,117833,1,3,0,124.0
10110010SILVAP_2025-11-08_G11,10110010SILVAP,2025-11-08,141458,1,11,0,238.0
10110010SILVAP_2025-11-08_G12,10110010SILVAP,2025-11-08,111532,1,25,0,1064.0
10110010SILVAP_2025-11-08_G13,10110010SILVAP,2025-11-08,117831,1,29,0,422.0
10110010SILVAP_2025-11-08_G14,10110010SILVAP,2025-11-08,116241,1,18,0,1002.0
10110010SILVAP_2025-11-08_G15,10110010SILVAP,2025-11-08,117785,1,22,0,60.0
10110010SILVAP_2025-11-08_G16,10110010SILVAP,2025-11-08,117785,1,8,0,354.0
10110010SILVAP_2025-11-08_G17,10110010SILVAP,2025-11-08,111418,1,60,0,372.0
10110010SILVAP_2025-11-08_G18,10110010SILVAP,2025-11-08,141457,1,30,0,442.0
10110010SILVAP_2025-11-08_G19,10110010SILVAP,2025-11-08,111463,1,8,0,989.0
10110010SILVAP_2025-11-08_G20,10110010SILVAP,2025-11-08,117831,1,6,0,54.0
10110010SILVAP_2025-11-08_G21,10110010SILVAP,2025-11-08,117820,1,8,0,120.0
10110010SILVAP_2025-11-08_G22,10110010SILVAP,2025-11-08,117808,1,11,0,137.0
10110010SILVAP_2025-11-08_G23,10110010SILVAP,2025-11-08,110372,1,5,0,65.0
10110010SILVAP_2025-11-08_G24,10110010SILVAP,2025-11-08,118299,1,24,0,179.0
10110010SILVAP_2025-11-08_G25,10110010SILVAP,2025-11-08,110373,1,5,0,137.0
10110010SILVAP_2025-11-08_G26,10110010SILVAP,2025-11-08,110373,1,4,0,222.0
10110010SILVAP_2025-11-08_G27,10110010SILVAP,2025-11-08,118140,1,8,0,174.0
10110010SILVAP_2025-11-08_G28,10110010SILVAP,2025-11-08,108711,1,8,0,247.0
10110010SILVAP_2025-11-08_G29,10110010SILVAP,2025-11-08,111442,1,4,0,75.0
10110010SILVAP_2025-11-08_G30,10110010SILVAP,2025-11-08,118140,1,4,0,153.0
10110010SILVAP_2025-11-08_G31,10110010SILVAP,2025-11-08,141202,1,150,0,669.0
10110010SILVAP_2025-11-09_G02,10110010SILVAP,2025-11-09,110747,1,2,0,91.0
10110010SILVAP_2025-11-09_G03,10110010SILVAP,2025-11-09,111467,1,1,0,124.0
10110010SILVAP_2025-11-09_G04,10110010SILVAP,2025-11-09,141066,1,2,0,219.0
10110010SILVAP_2025-11-09_G05,10110010SILVAP,2025-11-09,117831,1,2,0,108.0
10110010SILVAP_2025-11-09_G06,10110010SILVAP,2025-11-09,141457,1,2,0,116.0
10110010SILVAP_2025-11-09_G07,10110010SILVAP,2025-11-09,110373,1,2,0,187.0
10110010SILVAP_2025-11-09_G08,10110010SILVAP,2025-11-09,110895,1,4,0,393.0
10110010SILVAP_2025-11-09_G09,10110010SILVAP,2025-11-09,110755,1,2,0,87.0
10110010SILVAP_2025-11-09_G10,10110010SILVAP,2025-11-09,110092,1,2,0,701.0
10110010SILVAP_2025-11-09_G11,10110010SILVAP,2025-11-09,117837,1,2,0,2981.0
10110010SILVAP_2025-11-09_G12,10110010SILVAP,2025-11-09,117862,1,2,0,105.0
10110010SILVAP_2025-11-09_G13,10110010SILVAP,2025-11-09,105705,1,1,0,243.0
10110010SILVAP_2025-11-09_G14,10110010SILVAP,2025-11-09,117831,1,8,0,85.0
10110010SILVAP_2025-11-09_G15,10110010SILVAP,2025-11-09,140922,1,4,0,135.0
10110010SILVAP_2025-11-09_G16,10110010SILVAP,2025-11-09,108798,1,1,0,115.0
10110010SILVAP_2025-11-09_G17,10110010SILVAP,2025-11-09,111418,1,1,0,50.0
10110010SILVAP_2025-11-09_G18,10110010SILVAP,2025-11-09,111444,1,2,0,74.0
10110010SILVAP_2025-11-09_G19,10110010SILVAP,2025-11-09,111462,1,6,0,94.0
10110010SILVAP_2025-11-09_G20,10110010SILVAP,2025-11-09,141458,1,4,0,76.0
10110010SILVAP_2025-11-09_G21,10110010SILVAP,2025-11-09,111465,1,4,0,309.0
10110010SILVAP_2025-11-09_G22,10110010SILVAP,2025-11-09,110376,1,2,0,316.0
10110010SILVAP_2025-11-09_G23,10110010SILVAP,2025-11-09,117832,1,1,0,155.0
10110010SILVAP_2025-11-09_G24,10110010SILVAP,2025-11-09,117808,1,12,0,184.0
10110010SILVAP_2025-11-09_G25,10110010SILVAP,2025-11-09,110372,1,9,0,102.0
10110010SILVAP_2025-11-09_G26,10110010SILVAP,2025-11-09,118299,1,20,0,847.0
10110010SILVAP_2025-11-09_G27,10110010SILVAP,2025-11-09,141202,1,1,0,111.0
10110010SILVAP_2025-11-09_G28,10110010SILVAP,2025-11-09,110733,1,4,0,135.0
10110010SILVAP_2025-11-09_G29,10110010SILVAP,2025-11-09,118140,1,2,0,42.0
10110010SILVAP_2025-11-09_G30,10110010SILVAP,2025-11-09,141823,1,4,0,119.0
10110010SILVAP_2025-11-09_G31,10110010SILVAP,2025-11-09,111465,1,2,0,38.0
10110010SILVAP_2025-11-10_G02,10110010SILVAP,2025-11-10,141916,1,4,0,331.0
10110010SILVAP_2025-11-10_G03,10110010SILVAP,2025-11-10,117862,1,2,0,110.0
10110010SILVAP_2025-11-10_G04,10110010SILVAP,2025-11-10,117833,1,2,0,147.0
10110010SILVAP_2025-11-10_G05,10110010SILVAP,2025-11-10,"117809, 117820",2,5,30,107.0
10110010SILVAP_2025-11-10_G06,10110010SILVAP,2025-11-10,111465,1,2,0,158.0
10110010SILVAP_2025-11-10_G07,10110010SILVAP,2025-11-10,141202,1,2,0,51.0
10110010SILVAP_2025-11-10_G08,10110010SILVAP,2025-11-10,110755,1,2,0,1370.0
10110010SILVAP_2025-11-10_G09,10110010SILVAP,2025-11-10,110733,1,8,0,133.0
10110010SILVAP_2025-11-10_G10,10110010SILVAP,2025-11-10,110711,1,8,0,153.0
10110010SILVAP_2025-11-10_G11,10110010SILVAP,2025-11-10,118140,1,12,0,137.0
10110010SILVAP_2025-11-10_G12,10110010SILVAP,2025-11-10,140922,1,8,0,477.0
10110010SILVAP_2025-11-10_G13,10110010SILVAP,2025-11-10,111743,1,4,0,39.0
10110010SILVAP_2025-11-10_G14,10110010SILVAP,2025-11-10,110895,1,2,0,610.0
10110010SILVAP_2025-11-10_G15,10110010SILVAP,2025-11-10,107892,1,4,0,140.0
10110010SILVAP_2025-11-10_G16,10110010SILVAP,2025-11-10,110711,1,8,0,143.0
10110010SILVAP_2025-11-10_G17,10110010SILVAP,2025-11-10,140922,1,4,0,220.0
10110010SILVAP_2025-11-10_G18,10110010SILVAP,2025-11-10,118140,1,28,0,385.0
10110010SILVAP_2025-11-10_G19,10110010SILVAP,2025-11-10,141456,1,4,0,324.0
10110010SILVAP_2025-11-10_G20,10110010SILVAP,2025-11-10,111172,1,20,0,382.0
10110010SILVAP_2025-11-10_G21,10110010SILVAP,2025-11-10,109645,1,4,0,134.0
10110010SILVAP_2025-11-10_G22,10110010SILVAP,2025-11-10,141456,1,40,0,605.0
10110010SILVAP_2025-11-10_G23,10110010SILVAP,2025-11-10,118298,1,4,0,1239.0
10110010SILVAP_2025-11-10_G24,10110010SILVAP,2025-11-10,117837,1,4,0,204.0
10110010SILVAP_2025-11-10_G25,10110010SILVAP,2025-11-10,117853,1,10,0,213.0
10110010SILVAP_2025-11-10_G26,10110010SILVAP,2025-11-10,108772,1,5,0,146.0
10110010SILVAP_2025-11-10_G28,10110010SILVAP,2025-11-10,111439,1,7,0,324.0
10110010SILVAP_2025-11-10_G29,10110010SILVAP,2025-11-10,118094,1,10,0,66.0
10110010SILVAP_2025-11-10_G30,10110010SILVAP,2025-11-10,140923,1,8,0,617.0
10110010SILVAP_2025-11-10_G31,10110010SILVAP,2025-11-10,110339,1,5,0,61.0
10110010SILVAP_2025-11-10_G32,10110010SILVAP,2025-11-10,111443,1,3,0,131.0
10110010SILVAP_2025-11-10_G33,10110010SILVAP,2025-11-10,140922,2,24,15,82.0
10110010SILVAP_2025-11-10_G34,10110010SILVAP,2025-11-10,111435,1,8,0,1412.0
10110010SILVAP_2025-11-10_G35,10110010SILVAP,2025-11-10,117832,1,4,0,283.0
10110010SILVAP_2025-11-10_G36,10110010SILVAP,2025-11-10,110374,1,12,0,75.0
10110010SILVAP_2025-11-10_G37,10110010SILVAP,2025-11-10,117830,1,4,0,143.0
10110010SILVAP_2025-11-10_G38,10110010SILVAP,2025-11-10,117808,1,10,0,240.0
10110010SILVAP_2025-11-10_G39,10110010SILVAP,2025-11-10,117820,1,32,0,405.0
10110010SILVAP_2025-11-10_G40,10110010SILVAP,2025-11-10,110373,1,39,0,936.0
10110010SILVAP_2025-11-10_G41,10110010SILVAP,2025-11-10,110376,1,9,0,1979.0
10110010SILVAP_2025-11-10_G42,10110010SILVAP,2025-11-10,109648,1,4,0,618.0
10110010SILVAP_2025-11-10_G43,10110010SILVAP,2025-11-10,118299,1,200,0,779.0
10110010SILVAP_2025-11-11_G02,10110010SILVAP,2025-11-11,110372,1,100,0,1047.0
10110010SILVAP_2025-11-11_G03,10110010SILVAP,2025-11-11,117809,1,40,0,806.0
10110010SILVAP_2025-11-11_G04,10110010SILVAP,2025-11-11,117832,1,30,0,540.0
10110010SILVAP_2025-11-11_G05,10110010SILVAP,2025-11-11,117861,1,6,0,1993.0
10110010SILVAP_2025-11-11_G06,10110010SILVAP,2025-11-11,111172,1,4,0,99.0
10110010SILVAP_2025-11-11_G07,10110010SILVAP,2025-11-11,111463,1,4,0,200.0
10110010SILVAP_2025-11-11_G08,10110010SILVAP,2025-11-11,111532,1,4,0,283.0
10110010SILVAP_2025-11-11_G09,10110010SILVAP,2025-11-11,111463,1,1,0,113.0
10110010SILVAP_2025-11-11_G10,10110010SILVAP,2025-11-11,111172,1,6,0,145.0
10110010SILVAP_2025-11-11_G11,10110010SILVAP,2025-11-11,108794,1,6,0,137.0
10110010SILVAP_2025-11-11_G12,10110010SILVAP,2025-11-11,111532,1,1,0,92.0
10110010SILVAP_2025-11-11_G13,10110010SILVAP,2025-11-11,111172,1,8,0,785.0
10110010SILVAP_2025-11-11_G14,10110010SILVAP,2025-11-11,110740,1,2,0,106.0
10110010SILVAP_2025-11-11_G15,10110010SILVAP,2025-11-11,111463,1,2,0,91.0
10110010SILVAP_2025-11-11_G16,10110010SILVAP,2025-11-11,111532,1,1,0,81.0
10110010SILVAP_2025-11-11_G17,10110010SILVAP,2025-11-11,110787,1,16,0,242.0
10110010SILVAP_2025-11-11_G18,10110010SILVAP,2025-11-11,117861,1,29,0,419.0
10110010SILVAP_2025-11-11_G19,10110010SILVAP,2025-11-11,117841,1,4,0,346.0
10110010SILVAP_2025-11-11_G20,10110010SILVAP,2025-11-11,110733,1,8,0,138.0
10110010SILVAP_2025-11-11_G21,10110010SILVAP,2025-11-11,118140,1,4,0,108.0
10110010SILVAP_2025-11-11_G22,10110010SILVAP,2025-11-11,140922,1,4,0,87.0
10110010SILVAP_2025-11-11_G23,10110010SILVAP,2025-11-11,118222,1,36,0,829.0
10110010SILVAP_2025-11-11_G25,10110010SILVAP,2025-11-11,141916,1,2,0,329.0
10110010SILVAP_2025-11-11_G26,10110010SILVAP,2025-11-11,118094,1,2,0,445.0
10110010SILVAP_2025-11-11_G27,10110010SILVAP,2025-11-11,110741,1,4,0,68.0
10110010SILVAP_2025-11-11_G28,10110010SILVAP,2025-11-11,117786,1,2,0,145.0
10110010SILVAP_2025-11-11_G29,10110010SILVAP,2025-11-11,117862,1,2,0,81.0
10110010SILVAP_2025-11-11_G30,10110010SILVAP,2025-11-11,111465,1,1,0,103.0
10110010SILVAP_2025-11-11_G31,10110010SILVAP,2025-11-11,117820,1,14,0,125.0
10110010SILVAP_2025-11-11_G32,10110010SILVAP,2025-11-11,117808,1,14,0,134.0
10110010SILVAP_2025-11-11_G33,10110010SILVAP,2025-11-11,141916,1,76,0,607.0
10110010SILVAP_2025-11-11_G34,10110010SILVAP,2025-11-11,117821,1,4,0,1166.0
10110010SILVAP_2025-11-11_G35,10110010SILVAP,2025-11-11,111348,1,37,0,1017.0
10110010SILVAP_2025-11-11_G36,10110010SILVAP,2025-11-11,111435,1,2,0,82.0
10110010SILVAP_2025-11-11_G37,10110010SILVAP,2025-11-11,108798,1,4,0,82.0
10110010SILVAP_2025-11-11_G38,10110010SILVAP,2025-11-11,111431,1,11,0,68.0
10110010SILVAP_2025-11-11_G39,10110010SILVAP,2025-11-11,111330,1,9,0,158.0
10110010SILVAP_2025-11-11_G40,10110010SILVAP,2025-11-11,141456,1,23,0,270.0
10110010SILVAP_2025-11-11_G41,10110010SILVAP,2025-11-11,141456,1,8,0,58.0
10110010SILVAP_2025-11-11_G42,10110010SILVAP,2025-11-11,118223,1,4,0,224.0
10110010SILVAP_2025-11-11_G43,10110010SILVAP,2025-11-11,117787,1,2,0,110.0
10110010SILVAP_2025-11-11_G44,10110010SILVAP,2025-11-11,109641,1,9,0,51.0
10110010SILVAP_2025-11-11_G45,10110010SILVAP,2025-11-11,141457,1,10,0,215.0
10110010SILVAP_2025-11-11_G46,10110010SILVAP,2025-11-11,141457,1,6,0,424.0
10110010SILVAP_2025-11-11_G47,10110010SILVAP,2025-11-11,111172,1,3,0,263.0
10110010SILVAP_2025-11-11_G48,10110010SILVAP,2025-11-11,118140,1,17,0,239.0
10110010SILVAP_2025-11-11_G49,10110010SILVAP,2025-11-11,105705,1,12,0,406.0
10110010SILVAP_2025-11-11_G50,10110010SILVAP,2025-11-11,111443,1,44,0,161.0
10110010SILVAP_2025-11-11_G51,10110010SILVAP,2025-11-11,118094,1,2,0,783.0
10110010SILVAP_2025-11-11_G52,10110010SILVAP,2025-11-11,117788,1,2,0,36.0
10110010SILVAP_2025-11-11_G53,10110010SILVAP,2025-11-11,111879,1,4,0,87.0
10110010SILVAP_2025-11-11_G54,10110010SILVAP,2025-11-11,118298,2,6,10,106.0
10110010SILVAP_2025-11-11_G55,10110010SILVAP,2025-11-11,117853,1,19,0,182.0
10110010SILVAP_2025-11-11_G56,10110010SILVAP,2025-11-11,117786,1,4,0,159.0
10110010SILVAP_2025-11-11_G57,10110010SILVAP,2025-11-11,111467,1,4,0,108.0
10110010SILVAP_2025-11-11_G58,10110010SILVAP,2025-11-11,140923,1,2,0,84.0
10110010SILVAP_2025-11-11_G59,10110010SILVAP,2025-11-11,117797,1,1,0,454.0
10110010SILVAP_2025-11-12_G02,10110010SILVAP,2025-11-12,108772,1,9,0,346.0
10110010SILVAP_2025-11-12_G03,10110010SILVAP,2025-11-12,110752,1,18,0,55.0
10110010SILVAP_2025-11-12_G04,10110010SILVAP,2025-11-12,107629,1,47,0,353.0
10110010SILVAP_2025-11-12_G05,10110010SILVAP,2025-11-12,110748,1,2,0,3010.0
10110010SILVAP_2025-11-12_G06,10110010SILVAP,2025-11-12,105705,1,4,0,111.0
10110010SILVAP_2025-11-12_G07,10110010SILVAP,2025-11-12,111433,1,9,0,38.0
10110010SILVAP_2025-11-12_G08,10110010SILVAP,2025-11-12,117841,1,16,0,410.0
10110010SILVAP_2025-11-12_G09,10110010SILVAP,2025-11-12,117787,1,2,0,256.0
10110010SILVAP_2025-11-12_G10,10110010SILVAP,2025-11-12,117833,1,2,0,35.0
10110010SILVAP_2025-11-12_G11,10110010SILVAP,2025-11-12,111465,1,37,0,308.0
10110010SILVAP_2025-11-12_G12,10110010SILVAP,2025-11-12,109645,1,90,0,751.0
10110010SILVAP_2025-11-12_G13,10110010SILVAP,2025-11-12,117831,1,53,0,279.0
10110010SILVAP_2025-11-12_G14,10110010SILVAP,2025-11-12,116241,1,48,0,662.0
10110010SILVAP_2025-11-12_G15,10110010SILVAP,2025-11-12,111743,1,47,0,586.0
10110010SILVAP_2025-11-12_G16,10110010SILVAP,2025-11-12,111435,1,78,0,839.0
10110010SILVAP_2025-11-12_G17,10110010SILVAP,2025-11-12,141456,1,168,0,627.0
10110010SILVAP_2025-11-12_G18,10110010SILVAP,2025-11-12,117786,1,13,0,249.0
10110010SILVAP_2025-11-12_G20,10110010SILVAP,2025-11-12,105705,1,10,0,87.0
10110010SILVAP_2025-11-12_G21,10110010SILVAP,2025-11-12,109645,1,10,0,454.0
10110010SILVAP_2025-11-12_G22,10110010SILVAP,2025-11-12,111330,1,3,0,101.0
10110010SILVAP_2025-11-12_G23,10110010SILVAP,2025-11-12,110745,1,20,0,212.0
10110010SILVAP_2025-11-12_G24,10110010SILVAP,2025-11-12,117838,1,16,0,180.0
10110010SILVAP_2025-11-12_G25,10110010SILVAP,2025-11-12,111348,1,12,0,151.0
10110010SILVAP_2025-11-12_G26,10110010SILVAP,2025-11-12,111435,1,13,0,923.0
10110010SILVAP_2025-11-12_G27,10110010SILVAP,2025-11-12,108798,1,10,0,174.0
10110010SILVAP_2025-11-12_G28,10110010SILVAP,2025-11-12,110743,2,20,10,118.0
10110010SILVAP_2025-11-12_G29,10110010SILVAP,2025-11-12,117787,1,30,0,565.0
10110010SILVAP_2025-11-12_G30,10110010SILVAP,2025-11-12,111444,1,20,0,521.0
10110010SILVAP_2025-11-12_G31,10110010SILVAP,2025-11-12,118330,1,12,0,200.0
10110010SILVAP_2025-11-12_G32,10110010SILVAP,2025-11-12,141823,1,30,0,281.0
10110010SILVAP_2025-11-12_G33,10110010SILVAP,2025-11-12,110332,1,3,0,352.0
10110010SILVAP_2025-11-12_G34,10110010SILVAP,2025-11-12,108711,1,36,0,169.0
10110010SILVAP_2025-11-12_G35,10110010SILVAP,2025-11-12,108711,1,54,0,52.0
10110010SILVAP_2025-11-12_G36,10110010SILVAP,2025-11-12,109641,1,40,0,571.0
10110010SILVAP_2025-11-12_G37,10110010SILVAP,2025-11-12,141271,1,50,0,768.0
10110010SILVAP_2025-11-12_G38,10110010SILVAP,2025-11-12,111465,1,30,0,339.0
10110010SILVAP_2025-11-13_G02,10110010SILVAP,2025-11-13,124486,1,6,0,143.0
10110010SILVAP_2025-11-13_G03,10110010SILVAP,2025-11-13,123153,1,10,0,251.0
10110010SILVAP_2025-11-13_G04,10110010SILVAP,2025-11-13,123153,1,68,0,1376.0
10110010SILVAP_2025-11-13_G05,10110010SILVAP,2025-11-13,124370,1,20,0,671.0
10110010SILVAP_2025-11-13_G06,10110010SILVAP,2025-11-13,124370,1,20,0,621.0
10110010SILVAP_2025-11-13_G07,10110010SILVAP,2025-11-13,122962,1,8,0,126.0
10110010SILVAP_2025-11-13_G08,10110010SILVAP,2025-11-13,121760,1,30,0,660.0
10110010SILVAP_2025-11-13_G09,10110010SILVAP,2025-11-13,122673,1,50,0,794.0
10110010SILVAP_2025-11-13_G10,10110010SILVAP,2025-11-13,124475,1,16,0,382.0
10110010SILVAP_2025-11-13_G11,10110010SILVAP,2025-11-13,124475,1,24,0,459.0
10110010SILVAP_2025-11-13_G12,10110010SILVAP,2025-11-13,124475,1,8,0,208.0
10110010SILVAP_2025-11-13_G13,10110010SILVAP,2025-11-13,123343,1,2,0,322.0
10110010SILVAP_2025-11-14_G02,10110010SILVAP,2025-11-14,120028,1,30,0,1932.0
10110010SILVAP_2025-11-14_G03,10110010SILVAP,2025-11-14,123345,1,6,0,165.0
10110010SILVAP_2025-11-14_G04,10110010SILVAP,2025-11-14,120028,1,20,0,439.0
10110010SILVAP_2025-11-14_G05,10110010SILVAP,2025-11-14,122962,1,4,0,70.0
10110010SILVAP_2025-11-14_G06,10110010SILVAP,2025-11-14,124486,1,36,0,970.0
10110010SILVAP_2025-11-14_G07,10110010SILVAP,2025-11-14,123345,1,2,0,314.0
10110010SILVAP_2025-11-14_G08,10110010SILVAP,2025-11-14,123520,1,12,0,406.0
10110010SILVAP_2025-11-14_G09,10110010SILVAP,2025-11-14,122671,1,12,0,340.0
10110010SILVAP_2025-11-14_G10,10110010SILVAP,2025-11-14,122962,1,12,0,390.0
10110010SILVAP_2025-11-14_G11,10110010SILVAP,2025-11-14,120028,1,16,0,279.0
10110010SILVAP_2025-11-14_G12,10110010SILVAP,2025-11-14,123344,1,1,0,489.0
10110010SILVAP_2025-11-14_G13,10110010SILVAP,2025-11-14,123562,1,4,0,716.0
10110010SILVAP_2025-11-14_G14,10110010SILVAP,2025-11-14,121760,1,8,0,77.0
10110010SILVAP_2025-11-14_G15,10110010SILVAP,2025-11-14,120339,1,1,0,168.0
10110010SILVAP_2025-11-14_G16,10110010SILVAP,2025-11-14,123343,1,2,0,455.0
10110010SILVAP_2025-11-14_G17,10110010SILVAP,2025-11-14,123345,1,4,0,150.0
10110010SILVAP_2025-11-14_G18,10110010SILVAP,2025-11-14,124486,1,4,0,190.0
10110010SILVAP_2025-11-14_G19,10110010SILVAP,2025-11-14,120028,1,20,0,586.0
10110010SILVAP_2025-11-14_G20,10110010SILVAP,2025-11-14,122983,1,4,0,1452.0
10110010SILVAP_2025-11-14_G21,10110010SILVAP,2025-11-14,124247,1,2,0,99.0
10110010SILVAP_2025-11-14_G23,10110010SILVAP,2025-11-14,117788,1,2,0,128.0
10110010SILVAP_2025-11-14_G24,10110010SILVAP,2025-11-14,117861,1,2,0,113.0
10110010SILVAP_2025-11-14_G25,10110010SILVAP,2025-11-14,118298,1,1,0,53.0
10110010SILVAP_2025-11-14_G26,10110010SILVAP,2025-11-14,110733,1,2,0,70.0
10110010SILVAP_2025-11-14_G27,10110010SILVAP,2025-11-14,107629,1,2,0,63.0
10110010SILVAP_2025-11-14_G28,10110010SILVAP,2025-11-14,111172,1,1,0,155.0
10110010SILVAP_2025-11-14_G29,10110010SILVAP,2025-11-14,111442,1,2,0,110.0
10110010SILVAP_2025-11-14_G30,10110010SILVAP,2025-11-14,117832,1,4,0,129.0
10110010SILVAP_2025-11-14_G31,10110010SILVAP,2025-11-14,141202,1,2,0,105.0
10110010SILVAP_2025-11-14_G32,10110010SILVAP,2025-11-14,111569,1,3,0,878.0
10110010SILVAP_2025-11-14_G33,10110010SILVAP,2025-11-14,118222,1,6,0,805.0
10110010SILVAP_2025-11-14_G34,10110010SILVAP,2025-11-14,111439,1,2,0,100.0
10110010SILVAP_2025-11-14_G35,10110010SILVAP,2025-11-14,117861,1,2,0,155.0
10110010SILVAP_2025-11-14_G36,10110010SILVAP,2025-11-14,110339,1,2,0,110.0
10110010SILVAP_2025-11-14_G37,10110010SILVAP,2025-11-14,111172,1,3,0,132.0
10110010SILVAP_2025-11-14_G38,10110010SILVAP,2025-11-14,117831,1,6,0,167.0
10110010SILVAP_2025-11-14_G39,10110010SILVAP,2025-11-14,111469,1,2,0,496.0
10110010SILVAP_2025-11-14_G40,10110010SILVAP,2025-11-14,111463,1,2,0,58.0
10110010SILVAP_2025-11-14_G41,10110010SILVAP,2025-11-14,141458,1,2,0,321.0
10110010SILVAP_2025-11-14_G42,10110010SILVAP,2025-11-14,110787,1,400,0,1648.0
10110010SILVAP_2025-11-14_G43,10110010SILVAP,2025-11-14,100334,1,20,0,1376.0
10110010SILVAP_2025-11-14_G44,10110010SILVAP,2025-11-14,107830,1,1100,0,1644.0
10110010SILVAP_2025-11-15_G02,10110010SILVAP,2025-11-15,118317,1,6,0,131.0
10110010SILVAP_2025-11-15_G03,10110010SILVAP,2025-11-15,108759,1,1,0,175.0
10110010SILVAP_2025-11-15_G04,10110010SILVAP,2025-11-15,110755,1,8,0,190.0
10110010SILVAP_2025-11-15_G05,10110010SILVAP,2025-11-15,111569,1,15,0,1326.0
10110010SILVAP_2025-11-15_G06,10110010SILVAP,2025-11-15,111467,1,4,0,328.0
10110010SILVAP_2025-11-15_G07,10110010SILVAP,2025-11-15,118094,1,2,0,132.0
10110010SILVAP_2025-11-15_G08,10110010SILVAP,2025-11-15,110740,1,4,0,980.0
10110010SILVAP_2025-11-15_G09,10110010SILVAP,2025-11-15,110787,1,2,0,167.0
10110010SILVAP_2025-11-15_G10,10110010SILVAP,2025-11-15,111463,1,6,0,97.0
10110010SILVAP_2025-11-15_G11,10110010SILVAP,2025-11-15,"109641, 118317",2,6,18,170.0
10110010SILVAP_2025-11-15_G12,10110010SILVAP,2025-11-15,111442,1,5,0,62.0
10110010SILVAP_2025-11-15_G13,10110010SILVAP,2025-11-15,118140,1,8,0,284.0
10110010SILVAP_2025-11-15_G14,10110010SILVAP,2025-11-15,111743,1,4,0,60.0
10110010SILVAP_2025-11-15_G15,10110010SILVAP,2025-11-15,111465,1,4,0,74.0
10110010SILVAP_2025-11-15_G16,10110010SILVAP,2025-11-15,111465,1,2,0,33.0
10110010SILVAP_2025-11-15_G17,10110010SILVAP,2025-11-15,110339,1,40,0,826.0
10110010SILVAP_2025-11-15_G18,10110010SILVAP,2025-11-15,110373,1,20,0,296.0
10110010SILVAP_2025-11-15_G19,10110010SILVAP,2025-11-15,110374,1,2,0,124.0
10110010SILVAP_2025-11-15_G20,10110010SILVAP,2025-11-15,110372,1,8,0,124.0
10110010SILVAP_2025-11-15_G21,10110010SILVAP,2025-11-15,117808,1,12,0,80.0
10110010SILVAP_2025-11-16_G02,10110010SILVAP,2025-11-16,109647,1,13,0,215.0
10110010SILVAP_2025-11-16_G03,10110010SILVAP,2025-11-16,110733,1,4,0,276.0
10110010SILVAP_2025-11-16_G04,10110010SILVAP,2025-11-16,118094,1,2,0,120.0
10110010SILVAP_2025-11-16_G05,10110010SILVAP,2025-11-16,141202,1,4,0,257.0
10110010SILVAP_2025-11-16_G06,10110010SILVAP,2025-11-16,108795,1,23,0,430.0
10110010SILVAP_2025-11-16_G07,10110010SILVAP,2025-11-16,117935,1,6,0,1623.0
10110010SILVAP_2025-11-16_G08,10110010SILVAP,2025-11-16,109643,1,5,0,854.0
10110010SILVAP_2025-11-16_G09,10110010SILVAP,2025-11-16,117861,1,4,0,144.0
10110010SILVAP_2025-11-16_G10,10110010SILVAP,2025-11-16,111532,1,4,0,181.0
10110010SILVAP_2025-11-16_G11,10110010SILVAP,2025-11-16,109643,1,16,0,225.0
10110010SILVAP_2025-11-16_G12,10110010SILVAP,2025-11-16,141066,1,8,0,88.0
10110010SILVAP_2025-11-16_G13,10110010SILVAP,2025-11-16,111441,1,2,0,460.0
10110010SILVAP_2025-11-16_G14,10110010SILVAP,2025-11-16,111532,1,5,0,112.0
10110010SILVAP_2025-11-17_G02,10110010SILVAP,2025-11-17,109640,1,4,0,170.0
10110010SILVAP_2025-11-17_G03,10110010SILVAP,2025-11-17,111172,1,2,0,112.0
10110010SILVAP_2025-11-17_G04,10110010SILVAP,2025-11-17,141456,1,2,0,58.0
10110010SILVAP_2025-11-17_G05,10110010SILVAP,2025-11-17,140922,1,4,0,73.0
10110010SILVAP_2025-11-17_G06,10110010SILVAP,2025-11-17,109643,1,4,0,208.0
10110010SILVAP_2025-11-17_G07,10110010SILVAP,2025-11-17,111532,1,60,0,390.0
10110010SILVAP_2025-11-17_G08,10110010SILVAP,2025-11-17,117935,1,8,0,724.0
10110010SILVAP_2025-11-17_G09,10110010SILVAP,2025-11-17,109640,1,18,0,387.0
10110010SILVAP_2025-11-17_G10,10110010SILVAP,2025-11-17,110740,1,3,0,263.0
10110010SILVAP_2025-11-17_G11,10110010SILVAP,2025-11-17,111743,1,4,0,465.0
10110010SILVAP_2025-11-17_G12,10110010SILVAP,2025-11-17,111532,1,12,0,149.0
10110010SILVAP_2025-11-17_G13,10110010SILVAP,2025-11-17,141456,1,4,0,165.0
10110010SILVAP_2025-11-17_G14,10110010SILVAP,2025-11-17,117935,1,4,0,134.0
10110010SILVAP_2025-11-17_G15,10110010SILVAP,2025-11-17,110374,1,13,0,197.0
10110010SILVAP_2025-11-17_G16,10110010SILVAP,2025-11-17,111172,1,4,0,281.0
10110010SILVAP_2025-11-17_G17,10110010SILVAP,2025-11-17,111532,1,60,0,366.0
10110010SILVAP_2025-11-17_G18,10110010SILVAP,2025-11-17,110373,5,190,45,1517.0
10110010SILVAP_2025-11-17_G20,10110010SILVAP,2025-11-17,110313,1,4,0,197.0
10110010SILVAP_2025-11-17_G21,10110010SILVAP,2025-11-17,110711,1,10,0,414.0
10110010SILVAP_2025-11-17_G22,10110010SILVAP,2025-11-17,140922,1,8,0,380.0
10110010SILVAP_2025-11-17_G23,10110010SILVAP,2025-11-17,108711,1,4,0,97.0
10110010SILVAP_2025-11-17_G24,10110010SILVAP,2025-11-17,118140,1,4,0,201.0
10110010SILVAP_2025-11-17_G25,10110010SILVAP,2025-11-17,141823,1,4,0,264.0
10110010SILVAP_2025-11-17_G26,10110010SILVAP,2025-11-17,140923,1,4,0,302.0
10110010SILVAP_2025-11-17_G27,10110010SILVAP,2025-11-17,141823,1,4,0,143.0
10110010SILVAP_2025-11-17_G28,10110010SILVAP,2025-11-17,117856,1,2,0,234.0
10110010SILVAP_2025-11-17_G29,10110010SILVAP,2025-11-17,111441,1,21,0,3291.0
10110010SILVAP_2025-11-17_G30,10110010SILVAP,2025-11-17,111441,1,11,0,413.0
10110010SILVAP_2025-11-17_G31,10110010SILVAP,2025-11-17,110895,1,27,0,450.0
10110010SILVAP_2025-11-17_G32,10110010SILVAP,2025-11-17,110895,4,25,22,1022.0
10110010SILVAP_2025-11-17_G33,10110010SILVAP,2025-11-17,109645,1,10,0,1450.0
10110010SILVAP_2025-11-17_G34,10110010SILVAP,2025-11-17,110751,1,30,0,252.0
10110010SILVAP_2025-11-17_G35,10110010SILVAP,2025-11-17,108795,1,13,0,271.0
10110010SILVAP_2025-11-17_G36,10110010SILVAP,2025-11-17,110745,1,4,0,104.0
10110010SILVAP_2025-11-17_G38,10110010SILVAP,2025-11-17,111418,1,1,0,77.0
10110010SILVAP_2025-11-18_G02,10110010SILVAP,2025-11-18,111418,1,49,0,1177.0
10110010SILVAP_2025-11-18_G03,10110010SILVAP,2025-11-18,111418,2,82,12,65.0
10110010SILVAP_2025-11-18_G04,10110010SILVAP,2025-11-18,111443,1,1,0,44.0
10110010SILVAP_2025-11-18_G05,10110010SILVAP,2025-11-18,111469,1,2,0,191.0
10110010SILVAP_2025-11-18_G06,10110010SILVAP,2025-11-18,117841,1,2,0,272.0
10110010SILVAP_2025-11-18_G07,10110010SILVAP,2025-11-18,110129,1,50,0,61.0
10110010SILVAP_2025-11-18_G08,10110010SILVAP,2025-11-18,117833,1,4,0,60.0
10110010SILVAP_2025-11-18_G09,10110010SILVAP,2025-11-18,118317,1,12,0,403.0
10110010SILVAP_2025-11-18_G10,10110010SILVAP,2025-11-18,118317,1,42,0,65.0
10110010SILVAP_2025-11-18_G11,10110010SILVAP,2025-11-18,118299,2,86,22,196.0
10110010SILVAP_2025-11-18_G12,10110010SILVAP,2025-11-18,118140,1,127,0,519.0
10110010SILVAP_2025-11-18_G13,10110010SILVAP,2025-11-18,117820,1,24,0,1482.0
10110010SILVAP_2025-11-18_G14,10110010SILVAP,2025-11-18,140981,1,2,0,1672.0
10110010SILVAP_2025-11-18_G15,10110010SILVAP,2025-11-18,109640,1,20,0,364.0
10110010SILVAP_2025-11-18_G16,10110010SILVAP,2025-11-18,117786,1,2,0,353.0
10110010SILVAP_2025-11-18_G17,10110010SILVAP,2025-11-18,117785,1,6,0,103.0
10110010SILVAP_2025-11-18_G18,10110010SILVAP,2025-11-18,111532,1,6,0,200.0
10110010SILVAP_2025-11-18_G19,10110010SILVAP,2025-11-18,110372,1,4,0,67.0
10110010SILVAP_2025-11-18_G20,10110010SILVAP,2025-11-18,117808,1,8,0,88.0
10110010SILVAP_2025-11-18_G21,10110010SILVAP,2025-11-18,111532,1,3,0,363.0
10110010SILVAP_2025-11-18_G22,10110010SILVAP,2025-11-18,117935,1,1,0,158.0
10110010SILVAP_2025-11-18_G23,10110010SILVAP,2025-11-18,"109640, 111532",2,4,26,116.0
10110010SILVAP_2025-11-18_G24,10110010SILVAP,2025-11-18,110895,1,1,0,278.0
10110010SILVAP_2025-11-18_G25,10110010SILVAP,2025-11-18,118222,1,2,0,135.0
10110010SILVAP_2025-11-18_G26,10110010SILVAP,2025-11-18,117862,1,2,0,131.0
10110010SILVAP_2025-11-18_G27,10110010SILVAP,2025-11-18,141456,1,2,0,55.0
10110010SILVAP_2025-11-18_G28,10110010SILVAP,2025-11-18,111743,1,4,0,69.0
10110010SILVAP_2025-11-18_G29,10110010SILVAP,2025-11-18,110740,1,2,0,69.0
10110010SILVAP_2025-11-18_G30,10110010SILVAP,2025-11-18,110787,1,2,0,90.0
10110010SILVAP_2025-11-18_G31,10110010SILVAP,2025-11-18,117831,1,2,0,63.0
10110010SILVAP_2025-11-18_G32,10110010SILVAP,2025-11-18,118140,1,3,0,109.0
10110010SILVAP_2025-11-18_G34,10110010SILVAP,2025-11-18,111444,1,150,0,790.0
10110010SILVAP_2025-11-18_G35,10110010SILVAP,2025-11-18,105705,1,80,0,689.0
10110010SILVAP_2025-11-18_G36,10110010SILVAP,2025-11-18,117834,1,176,0,1209.0
10110010SILVAP_2025-11-18_G37,10110010SILVAP,2025-11-18,107892,1,80,0,1581.0
10110010SILVAP_2025-11-18_G38,10110010SILVAP,2025-11-18,108759,1,2,0,1859.0
10110010SILVAP_2025-11-18_G39,10110010SILVAP,2025-11-18,107629,1,3,0,186.0
10110010SILVAP_2025-11-18_G40,10110010SILVAP,2025-11-18,140923,1,4,0,106.0
10110010SILVAP_2025-11-18_G41,10110010SILVAP,2025-11-18,108772,1,2,0,93.0
10110010SILVAP_2025-11-18_G42,10110010SILVAP,2025-11-18,110339,1,4,0,99.0
10110010SILVAP_2025-11-18_G43,10110010SILVAP,2025-11-18,141456,1,12,0,1484.0
10110010SILVAP_2025-11-18_G44,10110010SILVAP,2025-11-18,109645,1,2,0,70.0
10110010SILVAP_2025-11-18_G45,10110010SILVAP,2025-11-18,140922,1,4,0,66.0
10110010SILVAP_2025-11-18_G46,10110010SILVAP,2025-11-18,117787,1,4,0,175.0
10110010SILVAP_2025-11-18_G47,10110010SILVAP,2025-11-18,111442,1,6,0,44.0
10110010SILVAP_2025-11-18_G48,10110010SILVAP,2025-11-18,117809,1,1,0,135.0
10110010SILVAP_2025-11-18_G49,10110010SILVAP,2025-11-18,110372,1,16,0,1025.0
10110010SILVAP_2025-11-18_G50,10110010SILVAP,2025-11-18,117808,1,3,0,33.0
10110010SILVAP_2025-11-19_G02,10110010SILVAP,2025-11-19,117820,1,14,0,285.0
10110010SILVAP_2025-11-19_G03,10110010SILVAP,2025-11-19,111743,1,6,0,860.0
10110010SILVAP_2025-11-19_G04,10110010SILVAP,2025-11-19,111182,1,4,0,89.0
10110010SILVAP_2025-11-19_G05,10110010SILVAP,2025-11-19,110371,1,4,0,182.0
10110010SILVAP_2025-11-19_G06,10110010SILVAP,2025-11-19,117935,1,21,0,474.0
10110010SILVAP_2025-11-19_G07,10110010SILVAP,2025-11-19,111182,1,2,0,96.0
10110010SILVAP_2025-11-19_G08,10110010SILVAP,2025-11-19,110371,1,7,0,178.0
10110010SILVAP_2025-11-19_G09,10110010SILVAP,2025-11-19,118311,1,4,0,968.0
10110010SILVAP_2025-11-19_G10,10110010SILVAP,2025-11-19,110372,1,188,0,2534.0
10110010SILVAP_2025-11-19_G11,10110010SILVAP,2025-11-19,110372,1,407,0,1730.0
10110010SILVAP_2025-11-19_G12,10110010SILVAP,2025-11-19,117820,1,29,0,497.0
10110010SILVAP_2025-11-19_G14,10110010SILVAP,2025-11-19,140923,1,4,0,154.0
10110010SILVAP_2025-11-19_G15,10110010SILVAP,2025-11-19,111172,1,2,0,625.0
10110010SILVAP_2025-11-19_G16,10110010SILVAP,2025-11-19,111463,1,4,0,93.0
10110010SILVAP_2025-11-19_G17,10110010SILVAP,2025-11-19,140923,1,1,0,492.0
10110010SILVAP_2025-11-19_G18,10110010SILVAP,2025-11-19,110745,1,4,0,310.0
10110010SILVAP_2025-11-19_G19,10110010SILVAP,2025-11-19,117821,1,8,0,258.0
10110010SILVAP_2025-11-19_G20,10110010SILVAP,2025-11-19,110373,1,6,0,490.0
10110010SILVAP_2025-11-19_G21,10110010SILVAP,2025-11-19,117820,1,6,0,668.0
10110010SILVAP_2025-11-19_G22,10110010SILVAP,2025-11-19,117785,1,1,0,660.0
10110010SILVAP_2025-11-19_G23,10110010SILVAP,2025-11-19,109640,2,3,27,37.0
10110010SILVAP_2025-11-19_G24,10110010SILVAP,2025-11-19,111463,1,6,0,675.0
10110010SILVAP_2025-11-19_G25,10110010SILVAP,2025-11-19,111463,1,4,0,548.0
10110010SILVAP_2025-11-19_G26,10110010SILVAP,2025-11-19,117785,1,16,0,414.0
10110010SILVAP_2025-11-19_G27,10110010SILVAP,2025-11-19,117808,1,40,0,397.0
10110010SILVAP_2025-11-19_G28,10110010SILVAP,2025-11-19,117797,1,8,0,834.0
10110010SILVAP_2025-11-19_G29,10110010SILVAP,2025-11-19,117797,1,4,0,54.0
10110010SILVAP_2025-11-19_G30,10110010SILVAP,2025-11-19,111602,1,150,0,2269.0
10110010SILVAP_2025-11-20_G02,10110010SILVAP,2025-11-20,110745,1,14,0,500.0
10110010SILVAP_2025-11-20_G03,10110010SILVAP,2025-11-20,110742,1,7,0,919.0
10110010SILVAP_2025-11-20_G04,10110010SILVAP,2025-11-20,110743,1,152,0,878.0
10110010SILVAP_2025-11-20_G05,10110010SILVAP,2025-11-20,117797,1,4,0,1936.0
10110010SILVAP_2025-11-20_G06,10110010SILVAP,2025-11-20,140923,1,5,0,315.0
10110010SILVAP_2025-11-20_G07,10110010SILVAP,2025-11-20,110372,1,4,0,567.0
10110010SILVAP_2025-11-20_G08,10110010SILVAP,2025-11-20,117808,2,10,11,136.0
10110010SILVAP_2025-11-20_G09,10110010SILVAP,2025-11-20,141458,1,4,0,333.0
10110010SILVAP_2025-11-20_G10,10110010SILVAP,2025-11-20,115775,1,8,0,529.0
10110010SILVAP_2025-11-20_G11,10110010SILVAP,2025-11-20,117797,1,4,0,314.0
10110010SILVAP_2025-11-20_G12,10110010SILVAP,2025-11-20,111330,1,9,0,497.0
10110010SILVAP_2025-11-20_G13,10110010SILVAP,2025-11-20,117809,1,3,0,66.0
10110010SILVAP_2025-11-20_G14,10110010SILVAP,2025-11-20,116527,1,3,0,112.0
10110010SILVAP_2025-11-20_G15,10110010SILVAP,2025-11-20,109641,1,4,0,119.0
10110010SILVAP_2025-11-21_G02,10110010SILVAP,2025-11-21,117856,1,10,0,125.0
10110010SILVAP_2025-11-21_G03,10110010SILVAP,2025-11-21,117820,1,5,0,648.0
10110010SILVAP_2025-11-21_G04,10110010SILVAP,2025-11-21,117832,1,4,0,149.0
10110010SILVAP_2025-11-21_G05,10110010SILVAP,2025-11-21,111469,1,35,0,1637.0
10110010SILVAP_2025-11-21_G06,10110010SILVAP,2025-11-21,117787,1,33,0,653.0
10110010SILVAP_2025-11-21_G07,10110010SILVAP,2025-11-21,111463,1,58,0,1289.0
10110010SILVAP_2025-11-21_G08,10110010SILVAP,2025-11-21,110733,1,29,0,490.0
10110010SILVAP_2025-11-21_G09,10110010SILVAP,2025-11-21,107629,1,22,0,2366.0
10110010SILVAP_2025-11-21_G10,10110010SILVAP,2025-11-21,117862,1,23,0,517.0
10110010SILVAP_2025-11-21_G11,10110010SILVAP,2025-11-21,118298,1,10,0,341.0
10110010SILVAP_2025-11-21_G12,10110010SILVAP,2025-11-21,118094,1,25,0,397.0
10110010SILVAP_2025-11-22_G02,10110010SILVAP,2025-11-22,109643,1,40,0,489.0
10110010SILVAP_2025-11-22_G03,10110010SILVAP,2025-11-22,"118322, 110733",2,8,29,1054.0
10110010SILVAP_2025-11-22_G04,10110010SILVAP,2025-11-22,140923,1,14,0,249.0
10110010SILVAP_2025-11-22_G05,10110010SILVAP,2025-11-22,141066,1,6,0,170.0
10110010SILVAP_2025-11-22_G06,10110010SILVAP,2025-11-22,109645,1,8,0,544.0
10110010SILVAP_2025-11-22_G07,10110010SILVAP,2025-11-22,108795,1,4,0,331.0
10110010SILVAP_2025-11-22_G08,10110010SILVAP,2025-11-22,117833,1,2,0,131.0
10110010SILVAP_2025-11-22_G09,10110010SILVAP,2025-11-22,118140,1,12,0,81.0
10110010SILVAP_2025-11-22_G10,10110010SILVAP,2025-11-22,117820,1,16,0,428.0
10110010SILVAP_2025-11-22_G11,10110010SILVAP,2025-11-22,110373,1,7,0,258.0
10110010SILVAP_2025-11-22_G12,10110010SILVAP,2025-11-22,117832,1,2,0,176.0
10110010SILVAP_2025-11-22_G13,10110010SILVAP,2025-11-22,141202,1,2,0,105.0
10110010SILVAP_2025-11-22_G14,10110010SILVAP,2025-11-22,141249,1,20,0,1551.0
10110010SILVAP_2025-11-22_G15,10110010SILVAP,2025-11-22,110448,1,1,0,133.0
10110010SILVAP_2025-11-22_G16,10110010SILVAP,2025-11-22,109648,1,13,0,645.0
10110010SILVAP_2025-11-22_G17,10110010SILVAP,2025-11-22,109643,1,20,0,544.0
10110010SILVAP_2025-11-22_G18,10110010SILVAP,2025-11-22,110332,1,5,0,278.0
10110010SILVAP_2025-11-22_G19,10110010SILVAP,2025-11-22,141048,1,6,0,77.0
10110010SILVAP_2025-11-22_G20,10110010SILVAP,2025-11-22,108711,1,40,0,559.0
10110010SILVAP_2025-11-22_G21,10110010SILVAP,2025-11-22,109641,1,30,0,356.0
10110010SILVAP_2025-11-22_G22,10110010SILVAP,2025-11-22,111444,1,20,0,245.0
10110010SILVAP_2025-11-25_G02,10110010SILVAP,2025-11-25,111879,1,2,0,52.0
10110010SILVAP_2025-11-25_G03,10110010SILVAP,2025-11-25,110711,1,24,0,357.0
10110010SILVAP_2025-11-25_G04,10110010SILVAP,2025-11-25,111532,1,22,0,574.0
10110010SILVAP_2025-11-25_G05,10110010SILVAP,2025-11-25,111466,1,35,0,479.0
10110010SILVAP_2025-11-25_G06,10110010SILVAP,2025-11-25,111439,1,4,0,163.0
10110010SILVAP_2025-11-25_G07,10110010SILVAP,2025-11-25,111532,1,4,0,71.0
10110010SILVAP_2025-11-25_G08,10110010SILVAP,2025-11-25,111418,1,1,0,90.0
10110010SILVAP_2025-11-25_G09,10110010SILVAP,2025-11-25,117935,1,4,0,218.0
10110010SILVAP_2025-11-25_G10,10110010SILVAP,2025-11-25,"111441, 110746",2,6,24,953.0
10110010SILVAP_2025-11-25_G11,10110010SILVAP,2025-11-25,116527,1,8,0,509.0
10110010SILVAP_2025-11-25_G12,10110010SILVAP,2025-11-25,110063,1,1,0,158.0
10110010SILVAP_2025-11-25_G13,10110010SILVAP,2025-11-25,118094,1,4,0,87.0
10110010SILVAP_2025-11-25_G14,10110010SILVAP,2025-11-25,117837,1,4,0,100.0
10110010SILVAP_2025-11-25_G15,10110010SILVAP,2025-11-25,110733,1,4,0,60.0
10110010SILVAP_2025-11-25_G16,10110010SILVAP,2025-11-25,117854,1,4,0,95.0
10110010SILVAP_2025-11-25_G17,10110010SILVAP,2025-11-25,117808,1,17,0,335.0
10110010SILVAP_2025-11-25_G18,10110010SILVAP,2025-11-25,117808,1,33,0,124.0
10110010SILVAP_2025-11-25_G19,10110010SILVAP,2025-11-25,110372,1,60,0,109.0
10110010SILVAP_2025-11-25_G20,10110010SILVAP,2025-11-25,118299,1,200,0,43.0
10110010SILVAP_2025-11-25_G21,10110010SILVAP,2025-11-25,118299,1,62,0,1271.0
10110010SILVAP_2025-11-25_G22,10110010SILVAP,2025-11-25,110371,1,16,0,465.0
10110010SILVAP_2025-11-25_G23,10110010SILVAP,2025-11-25,110841,1,1,0,1443.0
10110010SILVAP_2025-11-25_G24,10110010SILVAP,2025-11-25,117786,1,40,0,439.0
10110010SILVAP_2025-11-25_G25,10110010SILVAP,2025-11-25,117820,1,21,0,867.0
10110010SILVAP_2025-11-26_G02,10110010SILVAP,2025-11-26,110371,1,6,0,57.0
10110010SILVAP_2025-11-26_G03,10110010SILVAP,2025-11-26,117830,1,60,0,532.0
10110010SILVAP_2025-11-26_G04,10110010SILVAP,2025-11-26,111441,1,19,0,1132.0
10110010SILVAP_2025-11-26_G05,10110010SILVAP,2025-11-26,109640,1,41,0,566.0
10110010SILVAP_2025-11-26_G06,10110010SILVAP,2025-11-26,110339,1,17,0,1618.0
10110010SILVAP_2025-11-26_G07,10110010SILVAP,2025-11-26,117855,1,40,0,423.0
10110010SILVAP_2025-11-26_G08,10110010SILVAP,2025-11-26,110373,1,400,0,1031.0
10110010SILVAP_2025-11-26_G09,10110010SILVAP,2025-11-26,110372,1,300,0,676.0
10110010SILVAP_2025-11-26_G10,10110010SILVAP,2025-11-26,110371,1,268,0,2033.0
10110010SILVAP_2025-11-26_G12,10110010SILVAP,2025-11-26,110623,1,2,0,168.0
10110010SILVAP_2025-11-26_G13,10110010SILVAP,2025-11-26,117834,1,15,0,786.0
10110010SILVAP_2025-11-26_G14,10110010SILVAP,2025-11-26,118140,1,50,0,717.0
10110010SILVAP_2025-11-26_G15,10110010SILVAP,2025-11-26,111743,2,16,9,346.0
10110010SILVAP_2025-11-26_G16,10110010SILVAP,2025-11-26,141271,1,20,0,598.0
10110010SILVAP_2025-11-26_G17,10110010SILVAP,2025-11-26,111442,1,8,0,318.0
10110010SILVAP_2025-11-26_G18,10110010SILVAP,2025-11-26,117785,1,12,0,213.0
10110010SILVAP_2025-11-26_G19,10110010SILVAP,2025-11-26,117821,1,8,0,107.0
10110010SILVAP_2025-11-26_G20,10110010SILVAP,2025-11-26,111532,1,18,0,55.0
10110010SILVAP_2025-11-26_G21,10110010SILVAP,2025-11-26,141458,1,20,0,937.0
10110010SILVAP_2025-11-26_G22,10110010SILVAP,2025-11-26,141456,1,12,0,97.0
10110010SILVAP_2025-11-26_G23,10110010SILVAP,2025-11-26,141202,1,9,0,248.0
10110010SILVAP_2025-11-26_G24,10110010SILVAP,2025-11-26,111462,1,9,0,2584.0
10110010SILVAP_2025-11-26_G25,10110010SILVAP,2025-11-26,111172,2,16,14,542.0
10110010SILVAP_2025-11-26_G26,10110010SILVAP,2025-11-26,111532,4,24,52,136.0
10110010SILVAP_2025-11-26_G27,10110010SILVAP,2025-11-26,109645,1,8,0,143.0
10110010SILVAP_2025-11-26_G28,10110010SILVAP,2025-11-26,111743,1,15,0,595.0
10110010SILVAP_2025-11-26_G29,10110010SILVAP,2025-11-26,140922,1,11,0,363.0
10110010SILVAP_2025-11-26_G30,10110010SILVAP,2025-11-26,110740,1,15,0,246.0
10110010SILVAP_2025-11-26_G31,10110010SILVAP,2025-11-26,118223,1,4,0,77.0
10110010SILVAP_2025-11-27_G02,10110010SILVAP,2025-11-27,117785,1,50,0,181.0
10110010SILVAP_2025-11-27_G03,10110010SILVAP,2025-11-27,111532,1,18,0,68.0
10110010SILVAP_2025-11-27_G04,10110010SILVAP,2025-11-27,141457,3,55,43,64.0
10110010SILVAP_2025-11-27_G06,10110010SILVAP,2025-11-27,141457,1,18,0,249.0
10110010SILVAP_2025-11-27_G07,10110010SILVAP,2025-11-27,111466,1,10,0,107.0
10110010SILVAP_2025-11-27_G08,10110010SILVAP,2025-11-27,117821,1,8,0,89.0
10110010SILVAP_2025-11-27_G09,10110010SILVAP,2025-11-27,141318,1,20,0,1088.0
10110010SILVAP_2025-11-27_G10,10110010SILVAP,2025-11-27,117862,1,24,0,367.0
10110010SILVAP_2025-11-27_G11,10110010SILVAP,2025-11-27,117855,1,28,0,339.0
10110010SILVAP_2025-11-27_G12,10110010SILVAP,2025-11-27,110371,2,34,8,534.0
10110010SILVAP_2025-11-27_G13,10110010SILVAP,2025-11-27,110371,1,40,0,155.0
10110010SILVAP_2025-11-27_G15,10110010SILVAP,2025-11-27,111530,1,4,0,980.0
10110010SILVAP_2025-11-27_G16,10110010SILVAP,2025-11-27,111602,2,14,13,737.0
10110010SILVAP_2025-11-27_G17,10110010SILVAP,2025-11-27,111530,1,16,0,968.0
10110010SILVAP_2025-11-27_G18,10110010SILVAP,2025-11-27,141456,1,2,0,172.0
10110010SILVAP_2025-11-27_G19,10110010SILVAP,2025-11-27,109645,1,5,0,648.0
10110010SILVAP_2025-11-27_G20,10110010SILVAP,2025-11-27,111466,1,2,0,176.0
10110010SILVAP_2025-11-27_G21,10110010SILVAP,2025-11-27,111602,1,8,0,174.0
10110010SILVAP_2025-11-27_G22,10110010SILVAP,2025-11-27,110129,1,10,0,3439.0
10110010SILVAP_2025-11-27_G23,10110010SILVAP,2025-11-27,160055,1,2,0,101.0
10110010SILVAP_2025-11-27_G24,10110010SILVAP,2025-11-27,110787,1,10,0,174.0
10110010SILVAP_2025-11-27_G25,10110010SILVAP,2025-11-27,111418,4,110,50,67.0
10110010SILVAP_2025-11-27_G26,10110010SILVAP,2025-11-27,111469,5,54,64,99.0
10110010SILVAP_2025-11-27_G27,10110010SILVAP,2025-11-27,110740,1,30,0,504.0
10110010SILVAP_2025-11-27_G28,10110010SILVAP,2025-11-27,111442,1,10,0,700.0
10110010SILVAP_2025-11-27_G29,10110010SILVAP,2025-11-27,111532,2,26,20,252.0
10110010SILVAP_2025-11-27_G30,10110010SILVAP,2025-11-27,111463,3,22,21,303.0
10110010SILVAP_2025-11-28_G02,10110010SILVAP,2025-11-28,117853,1,4,0,1048.0
10110010SILVAP_2025-11-28_G03,10110010SILVAP,2025-11-28,111530,1,20,0,827.0
10110010SILVAP_2025-11-28_G04,10110010SILVAP,2025-11-28,118290,1,4,0,253.0
10110010SILVAP_2025-11-28_G05,10110010SILVAP,2025-11-28,105705,1,4,0,67.0
10110010SILVAP_2025-11-28_G06,10110010SILVAP,2025-11-28,107236,1,4,0,1346.0
10110010SILVAP_2025-11-28_G07,10110010SILVAP,2025-11-28,111602,1,4,0,150.0
10110010SILVAP_2025-11-28_G08,10110010SILVAP,2025-11-28,116527,1,4,0,289.0
10110010SILVAP_2025-11-28_G09,10110010SILVAP,2025-11-28,111530,1,11,0,98.0
10110010SILVAP_2025-11-28_G10,10110010SILVAP,2025-11-28,111467,1,8,0,130.0
10110010SILVAP_2025-11-28_G11,10110010SILVAP,2025-11-28,117841,1,4,0,155.0
10110010SILVAP_2025-11-28_G12,10110010SILVAP,2025-11-28,107236,1,10,0,149.0
10110010SILVAP_2025-11-28_G13,10110010SILVAP,2025-11-28,111330,1,8,0,181.0
10110010SILVAP_2025-11-28_G14,10110010SILVAP,2025-11-28,111182,1,9,0,204.0
10110010SILVAP_2025-11-28_G15,10110010SILVAP,2025-11-28,140923,1,843,0,3561.0
10110010SILVAP_2025-11-28_G17,10110010SILVAP,2025-11-28,111530,1,61,0,454.0
10110010SILVAP_2025-11-28_G18,10110010SILVAP,2025-11-28,109640,1,21,0,871.0
10110010SILVAP_2025-11-28_G19,10110010SILVAP,2025-11-28,111602,1,16,0,612.0
10110010SILVAP_2025-11-28_G20,10110010SILVAP,2025-11-28,110787,1,11,0,149.0
10110010SILVAP_2025-11-28_G21,10110010SILVAP,2025-11-28,111469,2,35,25,251.0
10110010SILVAP_2025-11-28_G22,10110010SILVAP,2025-11-28,111418,2,101,15,535.0
10110010SILVAP_2025-11-28_G23,10110010SILVAP,2025-11-28,111532,1,14,0,189.0
10110010SILVAP_2025-11-28_G24,10110010SILVAP,2025-11-28,118317,1,18,0,816.0
10110010SILVAP_2025-11-28_G25,10110010SILVAP,2025-11-28,110374,1,10,0,2573.0
10110010SILVAP_2025-11-28_G26,10110010SILVAP,2025-11-28,110371,1,20,0,398.0
10110010SILVAP_2025-11-29_G02,10110010SILVAP,2025-11-29,109645,1,5,0,167.0
10110010SILVAP_2025-11-29_G03,10110010SILVAP,2025-11-29,109641,1,4,0,908.0
10110010SILVAP_2025-11-29_G04,10110010SILVAP,2025-11-29,141456,1,2,0,82.0
10110010SILVAP_2025-11-29_G05,10110010SILVAP,2025-11-29,108770,1,4,0,379.0
10110010SILVAP_2025-11-29_G06,10110010SILVAP,2025-11-29,118306,1,4,0,115.0
10110010SILVAP_2025-11-29_G07,10110010SILVAP,2025-11-29,111876,1,4,0,50.0
10110010SILVAP_2025-11-29_G08,10110010SILVAP,2025-11-29,117856,1,5,0,98.0
10110010SILVAP_2025-11-29_G09,10110010SILVAP,2025-11-29,111602,1,3,0,215.0
10110010SILVAP_2025-11-29_G10,10110010SILVAP,2025-11-29,109640,1,5,0,86.0
10110010SILVAP_2025-11-29_G11,10110010SILVAP,2025-11-29,118140,1,4,0,722.0
10110010SILVAP_2025-11-29_G12,10110010SILVAP,2025-11-29,110787,1,3,0,295.0
10110010SILVAP_2025-11-29_G13,10110010SILVAP,2025-11-29,141457,1,4,0,128.0
10110010SILVAP_2025-11-29_G14,10110010SILVAP,2025-11-29,118317,1,4,0,80.0
10110010SILVAP_2025-11-29_G15,10110010SILVAP,2025-11-29,109643,1,3,0,108.0
10110010SILVAP_2025-11-29_G16,10110010SILVAP,2025-11-29,117830,1,20,0,1509.0
10110010SILVAP_2025-11-29_G17,10110010SILVAP,2025-11-29,160054,1,16,0,577.0
10110010SILVAP_2025-11-29_G18,10110010SILVAP,2025-11-29,111467,1,44,0,2571.0
10110010SILVAP_2025-11-29_G19,10110010SILVAP,2025-11-29,117786,1,41,0,772.0
10110010SILVAP_2025-11-29_G20,10110010SILVAP,2025-11-29,111467,1,2,0,562.0
10110010SILVAP_2025-11-29_G21,10110010SILVAP,2025-11-29,117855,1,60,0,498.0
10110010SILVAP_2025-11-29_G22,10110010SILVAP,2025-11-29,117862,1,40,0,126.0
10110010SILVAP_2025-11-29_G23,10110010SILVAP,2025-11-29,110711,1,12,0,343.0
10110010SILVAP_2025-11-29_G24,10110010SILVAP,2025-11-29,111602,1,60,0,312.0
10110010SILVAP_2025-12-04_G02,10110010SILVAP,2025-12-04,108794,1,90,0,199.0
10110010SILVAP_2025-12-04_G03,10110010SILVAP,2025-12-04,111465,1,100,0,821.0
10110010SILVAP_2025-12-04_G04,10110010SILVAP,2025-12-04,"118299, 110325",2,702,14,1888.0
10110010SILVAP_2025-12-04_G05,10110010SILVAP,2025-12-04,110375,1,110,0,1901.0
10110010SILVAP_2025-12-04_G06,10110010SILVAP,2025-12-04,117830,1,73,0,1346.0
10110010SILVAP_2025-12-04_G07,10110010SILVAP,2025-12-04,141823,1,70,0,1541.0
10110010SILVAP_2025-12-05_G02,10110010SILVAP,2025-12-05,110475,1,4,0,67.0
10110010SILVAP_2025-12-05_G03,10110010SILVAP,2025-12-05,118418,1,3,0,31.0
10110010SILVAP_2025-12-05_G04,10110010SILVAP,2025-12-05,110080,1,2,0,72.0
10110010SILVAP_2025-12-05_G05,10110010SILVAP,2025-12-05,111437,1,12,0,206.0
10110010SILVAP_2025-12-05_G06,10110010SILVAP,2025-12-05,141992,1,7,0,256.0
10110010SILVAP_2025-12-05_G07,10110010SILVAP,2025-12-05,107888,1,2,0,266.0
10110010SILVAP_2025-12-05_G08,10110010SILVAP,2025-12-05,118306,1,1,0,96.0
10110010SILVAP_2025-12-05_G09,10110010SILVAP,2025-12-05,118283,1,34,0,1342.0
10110010SILVAP_2025-12-05_G10,10110010SILVAP,2025-12-05,110841,1,6,0,214.0
10110010SILVAP_2025-12-05_G11,10110010SILVAP,2025-12-05,118363,1,4,0,45.0
10110010SILVAP_2025-12-05_G12,10110010SILVAP,2025-12-05,111832,1,2,0,96.0
10110010SILVAP_2025-12-05_G13,10110010SILVAP,2025-12-05,110112,1,2,0,82.0
10110010SILVAP_2025-12-05_G14,10110010SILVAP,2025-12-05,118253,1,32,0,414.0
10110010SILVAP_2025-12-05_G15,10110010SILVAP,2025-12-05,118417,1,12,0,549.0
10110010SILVAP_2025-12-05_G16,10110010SILVAP,2025-12-05,111793,1,2,0,50.0
10110010SILVAP_2025-12-05_G17,10110010SILVAP,2025-12-05,110354,1,2,0,50.0
10110010SILVAP_2025-12-05_G18,10110010SILVAP,2025-12-05,141318,1,3,0,52.0
10110010SILVAP_2025-12-05_G19,10110010SILVAP,2025-12-05,118323,1,2,0,54.0
10110010SILVAP_2025-12-05_G20,10110010SILVAP,2025-12-05,110582,1,4,0,92.0
10110010SILVAP_2025-12-05_G21,10110010SILVAP,2025-12-05,140911,1,7,0,119.0
10110010SILVAP_2025-12-05_G22,10110010SILVAP,2025-12-05,117789,1,8,0,192.0
10110010SILVAP_2025-12-05_G23,10110010SILVAP,2025-12-05,110754,1,4,0,141.0
10110010SILVAP_2025-12-05_G24,10110010SILVAP,2025-12-05,111833,1,2,0,116.0
10110010SILVAP_2025-12-05_G25,10110010SILVAP,2025-12-05,118277,1,4,0,421.0
10110010SILVAP_2025-12-05_G26,10110010SILVAP,2025-12-05,118271,1,2,0,42.0
10110010SILVAP_2025-12-05_G27,10110010SILVAP,2025-12-05,117840,1,4,0,73.0
10110010SILVAP_2025-12-05_G28,10110010SILVAP,2025-12-05,118281,1,40,0,727.0
10110010SILVAP_2025-12-05_G29,10110010SILVAP,2025-12-05,108031,1,4,0,513.0
10110010SILVAP_2025-12-05_G30,10110010SILVAP,2025-12-05,111462,3,17,23,728.0
10110010SILVAP_2025-12-05_G31,10110010SILVAP,2025-12-05,141823,1,2,0,368.0
10110010SILVAP_2025-12-05_G32,10110010SILVAP,2025-12-05,111348,1,2,0,70.0
10110010SILVAP_2025-12-05_G33,10110010SILVAP,2025-12-05,108794,4,33,44,80.0
10110010SILVAP_2025-12-05_G34,10110010SILVAP,2025-12-05,111433,1,2,0,334.0
10110010SILVAP_2025-12-05_G35,10110010SILVAP,2025-12-05,110740,1,2,0,48.0
10110010SILVAP_2025-12-05_G36,10110010SILVAP,2025-12-05,111463,1,2,0,98.0
10110010SILVAP_2025-12-05_G37,10110010SILVAP,2025-12-05,107236,4,18,30,70.0
10110010SILVAP_2025-12-05_G38,10110010SILVAP,2025-12-05,111465,1,8,0,331.0
10110010SILVAP_2025-12-05_G39,10110010SILVAP,2025-12-05,110332,1,2,0,72.0
10110010SILVAP_2025-12-05_G41,10110010SILVAP,2025-12-05,111759,1,10,0,324.0
10110010SILVAP_2025-12-05_G42,10110010SILVAP,2025-12-05,141140,1,10,0,534.0
10110010SILVAP_2025-12-05_G43,10110010SILVAP,2025-12-05,118191,1,24,0,95.0
10110010SILVAP_2025-12-05_G44,10110010SILVAP,2025-12-05,141262,1,10,0,328.0
10110010SILVAP_2025-12-05_G45,10110010SILVAP,2025-12-05,141261,1,10,0,200.0
10110010SILVAP_2025-12-05_G46,10110010SILVAP,2025-12-05,141155,1,12,0,2739.0
10110010SILVAP_2025-12-05_G47,10110010SILVAP,2025-12-05,141140,1,10,0,283.0
10110010SILVAP_2025-12-05_G48,10110010SILVAP,2025-12-05,111759,1,10,0,481.0
10110010SILVAP_2025-12-05_G49,10110010SILVAP,2025-12-05,111742,1,8,0,194.0
10110010SILVAP_2025-12-05_G50,10110010SILVAP,2025-12-05,118191,1,30,0,1063.0
10110010SILVAP_2025-12-05_G51,10110010SILVAP,2025-12-05,141262,1,20,0,1198.0
10110010SILVAP_2025-12-05_G52,10110010SILVAP,2025-12-05,141261,1,10,0,515.0
10110010SILVAP_2025-12-05_G53,10110010SILVAP,2025-12-05,140923,1,114,0,541.0
10110010SILVAP_2025-12-05_G54,10110010SILVAP,2025-12-05,141066,1,5,0,299.0
10110010SILVAP_2025-12-06_G02,10110010SILVAP,2025-12-06,110741,1,7,0,37.0
10110010SILVAP_2025-12-06_G03,10110010SILVAP,2025-12-06,110339,1,4,0,87.0
10110010SILVAP_2025-12-06_G04,10110010SILVAP,2025-12-06,110733,1,10,0,160.0
10110010SILVAP_2025-12-06_G05,10110010SILVAP,2025-12-06,111469,2,22,9,315.0
10110010SILVAP_2025-12-06_G06,10110010SILVAP,2025-12-06,141823,1,34,0,825.0
10110010SILVAP_2025-12-06_G07,10110010SILVAP,2025-12-06,118140,1,65,0,381.0
10110010SILVAP_2025-12-06_G08,10110010SILVAP,2025-12-06,111465,2,12,7,76.0
10110010SILVAP_2025-12-06_G09,10110010SILVAP,2025-12-06,118140,1,2,0,98.0
10110010SILVAP_2025-12-06_G10,10110010SILVAP,2025-12-06,110751,1,6,0,94.0
10110010SILVAP_2025-12-06_G11,10110010SILVAP,2025-12-06,111743,1,20,0,200.0
10110010SILVAP_2025-12-06_G12,10110010SILVAP,2025-12-06,109641,1,2,0,528.0
10110010SILVAP_2025-12-06_G13,10110010SILVAP,2025-12-06,108795,1,4,0,40.0
10110010SILVAP_2025-12-06_G14,10110010SILVAP,2025-12-06,117831,1,4,0,612.0
10110010SILVAP_2025-12-06_G15,10110010SILVAP,2025-12-06,108794,1,36,0,79.0
10110010SILVAP_2025-12-06_G16,10110010SILVAP,2025-12-06,140922,1,40,0,674.0
10110010SILVAP_2025-12-06_G17,10110010SILVAP,2025-12-06,141155,1,8,0,2597.0
10110010SILVAP_2025-12-06_G18,10110010SILVAP,2025-12-06,111759,1,8,0,213.0
10110010SILVAP_2025-12-06_G19,10110010SILVAP,2025-12-06,141141,1,8,0,223.0
10110010SILVAP_2025-12-06_G20,10110010SILVAP,2025-12-06,141140,1,8,0,302.0
10110010SILVAP_2025-12-06_G21,10110010SILVAP,2025-12-06,111742,1,8,0,355.0
10110010SILVAP_2025-12-06_G22,10110010SILVAP,2025-12-06,118191,1,20,0,267.0
10110010SILVAP_2025-12-06_G23,10110010SILVAP,2025-12-06,141262,1,20,0,33.0
10110010SILVAP_2025-12-06_G24,10110010SILVAP,2025-12-06,141261,1,12,0,141.0
10110010SILVAP_2025-12-06_G25,10110010SILVAP,2025-12-06,111740,1,10,0,436.0
10110010SILVAP_2025-12-06_G26,10110010SILVAP,2025-12-06,111634,1,10,0,257.0
10110010SILVAP_2025-12-06_G27,10110010SILVAP,2025-12-06,111722,1,10,0,213.0
10110010SILVAP_2025-12-06_G28,10110010SILVAP,2025-12-06,111751,1,10,0,132.0
10110010SILVAP_2025-12-07_G02,10110010SILVAP,2025-12-07,109641,1,16,0,410.0
10110010SILVAP_2025-12-07_G03,10110010SILVAP,2025-12-07,141456,1,16,0,172.0
10110010SILVAP_2025-12-07_G04,10110010SILVAP,2025-12-07,109645,1,4,0,245.0
10110010SILVAP_2025-12-07_G05,10110010SILVAP,2025-12-07,111182,1,10,0,187.0
10110010SILVAP_2025-12-07_G06,10110010SILVAP,2025-12-07,141457,1,10,0,147.0
10110010SILVAP_2025-12-07_G07,10110010SILVAP,2025-12-07,111462,1,7,0,58.0
10110010SILVAP_2025-12-07_G08,10110010SILVAP,2025-12-07,111418,1,8,0,1664.0
10110010SILVAP_2025-12-07_G09,10110010SILVAP,2025-12-07,117831,1,9,0,74.0
10110010SILVAP_2025-12-07_G10,10110010SILVAP,2025-12-07,117785,1,8,0,220.0
10110010SILVAP_2025-12-07_G11,10110010SILVAP,2025-12-07,111466,1,20,0,219.0
10110010SILVAP_2025-12-07_G12,10110010SILVAP,2025-12-07,111569,1,4,0,1910.0
10110010SILVAP_2025-12-07_G13,10110010SILVAP,2025-12-07,108759,1,4,0,460.0
10110010SILVAP_2025-12-07_G14,10110010SILVAP,2025-12-07,110339,1,4,0,198.0
10110010SILVAP_2025-12-07_G15,10110010SILVAP,2025-12-07,109640,1,4,0,245.0
10110010SILVAP_2025-12-07_G16,10110010SILVAP,2025-12-07,117785,1,6,0,120.0
10110010SILVAP_2025-12-07_G17,10110010SILVAP,2025-12-07,111466,1,2,0,158.0
10110010SILVAP_2025-12-07_G18,10110010SILVAP,2025-12-07,117821,1,14,0,119.0
10110010SILVAP_2025-12-07_G19,10110010SILVAP,2025-12-07,117808,1,6,0,68.0
10110010SILVAP_2025-12-07_G20,10110010SILVAP,2025-12-07,118299,1,9,0,151.0
10110010SILVAP_2025-12-07_G21,10110010SILVAP,2025-12-07,111438,1,10,0,1286.0
10110010SILVAP_2025-12-07_G22,10110010SILVAP,2025-12-07,118222,1,21,0,1248.0
10110010SILVAP_2025-12-07_G23,10110010SILVAP,2025-12-07,140923,1,4,0,344.0
10110010SILVAP_2025-12-07_G24,10110010SILVAP,2025-12-07,117855,1,2,0,131.0
10110010SILVAP_2025-12-07_G25,10110010SILVAP,2025-12-07,141456,1,6,0,368.0
10110010SILVAP_2025-12-07_G26,10110010SILVAP,2025-12-07,118140,1,2,0,67.0
10110010SILVAP_2025-12-07_G27,10110010SILVAP,2025-12-07,140922,1,14,0,116.0
10110010SILVAP_2025-12-07_G28,10110010SILVAP,2025-12-07,117808,1,4,0,36.0
10110010SILVAP_2025-12-07_G29,10110010SILVAP,2025-12-07,118299,1,2,0,114.0
10110010SILVAP_2025-12-08_G02,10110010SILVAP,2025-12-08,109640,1,6,0,232.0
10110010SILVAP_2025-12-08_G03,10110010SILVAP,2025-12-08,140923,1,5,0,269.0
10110010SILVAP_2025-12-08_G04,10110010SILVAP,2025-12-08,118140,1,2,0,176.0
10110010SILVAP_2025-12-08_G05,10110010SILVAP,2025-12-08,109641,1,8,0,426.0
10110010SILVAP_2025-12-08_G06,10110010SILVAP,2025-12-08,111463,1,2,0,112.0
10110010SILVAP_2025-12-08_G07,10110010SILVAP,2025-12-08,110374,1,10,0,510.0
10110010SILVAP_2025-12-08_G08,10110010SILVAP,2025-12-08,141456,1,4,0,242.0
10110010SILVAP_2025-12-08_G09,10110010SILVAP,2025-12-08,141823,1,8,0,102.0
10110010SILVAP_2025-12-08_G10,10110010SILVAP,2025-12-08,108711,1,4,0,144.0
10110010SILVAP_2025-12-08_G11,10110010SILVAP,2025-12-08,110374,2,100,12,1426.0
10110010SILVAP_2025-12-08_G12,10110010SILVAP,2025-12-08,118299,1,450,0,1529.0
10110010SILVAP_2025-12-08_G13,10110010SILVAP,2025-12-08,110325,1,8,0,99.0
10110010SILVAP_2025-12-08_G14,10110010SILVAP,2025-12-08,118140,1,7,0,926.0
10110010SILVAP_2025-12-08_G15,10110010SILVAP,2025-12-08,116241,1,24,0,874.0
10110010SILVAP_2025-12-08_G16,10110010SILVAP,2025-12-08,111465,1,6,0,439.0
10110010SILVAP_2025-12-08_G17,10110010SILVAP,2025-12-08,118223,1,5,0,102.0
10110010SILVAP_2025-12-08_G18,10110010SILVAP,2025-12-08,117831,1,2,0,62.0
10110010SILVAP_2025-12-08_G20,10110010SILVAP,2025-12-08,101217,1,10,0,249.0
10110010SILVAP_2025-12-08_G21,10110010SILVAP,2025-12-08,117822,1,30,0,104.0
10110010SILVAP_2025-12-08_G23,10110010SILVAP,2025-12-08,"141202, 117840",2,42,17,112.0
10110010SILVAP_2025-12-08_G24,10110010SILVAP,2025-12-08,109643,1,70,0,446.0
10110010SILVAP_2025-12-08_G25,10110010SILVAP,2025-12-08,111532,1,82,0,1816.0
10110010SILVAP_2025-12-08_G26,10110010SILVAP,2025-12-08,111743,1,80,0,574.0
10110010SILVAP_2025-12-08_G27,10110010SILVAP,2025-12-08,110895,1,4,0,1200.0
10110010SILVAP_2025-12-08_G28,10110010SILVAP,2025-12-08,140923,1,5,0,207.0
10110010SILVAP_2025-12-08_G29,10110010SILVAP,2025-12-08,110733,1,6,0,156.0
10110010SILVAP_2025-12-08_G30,10110010SILVAP,2025-12-08,117856,1,12,0,186.0
10110010SILVAP_2025-12-08_G31,10110010SILVAP,2025-12-08,141066,1,1,0,48.0
10110010SILVAP_2025-12-08_G32,10110010SILVAP,2025-12-08,111530,1,11,0,125.0
10110010SILVAP_2025-12-08_G33,10110010SILVAP,2025-12-08,117862,1,8,0,101.0
10110010SILVAP_2025-12-09_G02,10110010SILVAP,2025-12-09,110711,1,6,0,222.0
10110010SILVAP_2025-12-09_G03,10110010SILVAP,2025-12-09,111602,1,5,0,329.0
10110010SILVAP_2025-12-09_G04,10110010SILVAP,2025-12-09,117854,1,2,0,111.0
10110010SILVAP_2025-12-09_G05,10110010SILVAP,2025-12-09,110129,1,2,0,285.0
10110010SILVAP_2025-12-09_G06,10110010SILVAP,2025-12-09,111172,1,7,0,217.0
10110010SILVAP_2025-12-09_G07,10110010SILVAP,2025-12-09,141456,1,21,0,85.0
10110010SILVAP_2025-12-09_G08,10110010SILVAP,2025-12-09,105705,1,4,0,184.0
10110010SILVAP_2025-12-09_G09,10110010SILVAP,2025-12-09,109645,1,4,0,33.0
10110010SILVAP_2025-12-09_G10,10110010SILVAP,2025-12-09,110751,1,4,0,89.0
10110010SILVAP_2025-12-09_G11,10110010SILVAP,2025-12-09,111743,1,7,0,31.0
10110010SILVAP_2025-12-09_G12,10110010SILVAP,2025-12-09,110745,1,2,0,80.0
10110010SILVAP_2025-12-09_G13,10110010SILVAP,2025-12-09,117838,1,2,0,44.0
10110010SILVAP_2025-12-09_G14,10110010SILVAP,2025-12-09,140922,1,4,0,33.0
10110010SILVAP_2025-12-09_G15,10110010SILVAP,2025-12-09,141457,1,28,0,376.0
10110010SILVAP_2025-12-09_G16,10110010SILVAP,2025-12-09,111463,1,10,0,669.0
10110010SILVAP_2025-12-09_G17,10110010SILVAP,2025-12-09,117831,1,23,0,388.0
10110010SILVAP_2025-12-09_G18,10110010SILVAP,2025-12-09,117821,1,4,0,385.0
10110010SILVAP_2025-12-09_G19,10110010SILVAP,2025-12-09,141458,1,12,0,64.0
10110010SILVAP_2025-12-09_G20,10110010SILVAP,2025-12-09,110374,1,3,0,263.0
10110010SILVAP_2025-12-09_G21,10110010SILVAP,2025-12-09,117809,1,8,0,46.0
10110010SILVAP_2025-12-09_G22,10110010SILVAP,2025-12-09,117832,1,2,0,114.0
10110010SILVAP_2025-12-09_G23,10110010SILVAP,2025-12-09,110375,1,4,0,289.0
10110010SILVAP_2025-12-09_G24,10110010SILVAP,2025-12-09,141202,1,8,0,109.0
10110010SILVAP_2025-12-09_G25,10110010SILVAP,2025-12-09,141047,1,4,0,528.0
10110010SILVAP_2025-12-09_G26,10110010SILVAP,2025-12-09,109647,1,2,0,95.0
10110010SILVAP_2025-12-09_G27,10110010SILVAP,2025-12-09,117862,1,2,0,54.0
10110010SILVAP_2025-12-09_G28,10110010SILVAP,2025-12-09,109640,1,1,0,52.0
10110010SILVAP_2025-12-09_G29,10110010SILVAP,2025-12-09,117854,1,4,0,88.0
10110010SILVAP_2025-12-09_G30,10110010SILVAP,2025-12-09,111172,1,2,0,287.0
10110010SILVAP_2025-12-09_G31,10110010SILVAP,2025-12-09,141456,1,12,0,158.0
10110010SILVAP_2025-12-09_G32,10110010SILVAP,2025-12-09,"118140, 105705",2,6,14,53.0
10110010SILVAP_2025-12-09_G33,10110010SILVAP,2025-12-09,109645,1,2,0,116.0
10110010SILVAP_2025-12-09_G34,10110010SILVAP,2025-12-09,111743,1,4,0,77.0
10110010SILVAP_2025-12-09_G35,10110010SILVAP,2025-12-09,111468,1,2,0,78.0
10110010SILVAP_2025-12-09_G36,10110010SILVAP,2025-12-09,111462,1,2,0,107.0
10110010SILVAP_2025-12-09_G37,10110010SILVAP,2025-12-09,117831,1,2,0,37.0
10110010SILVAP_2025-12-09_G38,10110010SILVAP,2025-12-09,117785,1,10,0,106.0
10110010SILVAP_2025-12-09_G39,10110010SILVAP,2025-12-09,111466,1,4,0,210.0
10110010SILVAP_2025-12-09_G40,10110010SILVAP,2025-12-09,108794,1,4,0,147.0
10110010SILVAP_2025-12-09_G42,10110010SILVAP,2025-12-09,108770,1,4,0,107.0
10110010SILVAP_2025-12-09_G43,10110010SILVAP,2025-12-09,141457,1,400,0,1661.0
10110010SILVAP_2025-12-09_G44,10110010SILVAP,2025-12-09,141456,1,250,0,1160.0
10110010SILVAP_2025-12-09_G45,10110010SILVAP,2025-12-09,117834,1,16,0,1540.0
10110010SILVAP_2025-12-09_G46,10110010SILVAP,2025-12-09,110081,1,4,0,62.0
10110010SILVAP_2025-12-09_G47,10110010SILVAP,2025-12-09,109495,1,4,0,122.0
10110010SILVAP_2025-12-09_G48,10110010SILVAP,2025-12-09,118289,1,4,0,291.0
10110010SILVAP_2025-12-09_G49,10110010SILVAP,2025-12-09,107629,1,25,0,499.0
10110010SILVAP_2025-12-10_G02,10110010SILVAP,2025-12-10,117786,1,120,0,1757.0
10110010SILVAP_2025-12-10_G03,10110010SILVAP,2025-12-10,117837,1,50,0,871.0
10110010SILVAP_2025-12-10_G04,10110010SILVAP,2025-12-10,111330,2,4,9,385.0
10110010SILVAP_2025-12-10_G05,10110010SILVAP,2025-12-10,109641,1,20,0,236.0
10110010SILVAP_2025-12-10_G06,10110010SILVAP,2025-12-10,117785,1,200,0,846.0
10110010SILVAP_2025-12-10_G07,10110010SILVAP,2025-12-10,110733,1,124,0,2016.0
10110010SILVAP_2025-12-10_G08,10110010SILVAP,2025-12-10,111463,1,634,0,2299.0
10110010SILVAP_2025-12-10_G09,10110010SILVAP,2025-12-10,109643,1,354,0,1173.0
10110011SILVAO_2025-09-26_G02,10110011SILVAO,2025-09-26,108759,1,2,0,54.0
10110011SILVAO_2025-09-26_G03,10110011SILVAO,2025-09-26,110841,1,3,0,73.0
10110011SILVAO_2025-09-26_G04,10110011SILVAO,2025-09-26,118222,1,7,0,143.0
10110011SILVAO_2025-09-26_G05,10110011SILVAO,2025-09-26,110112,1,1,0,40.0
10110011SILVAO_2025-09-26_G06,10110011SILVAO,2025-09-26,117834,1,6,0,96.0
10110011SILVAO_2025-09-26_G07,10110011SILVAO,2025-09-26,100334,1,4,0,102.0
10110011SILVAO_2025-09-26_G08,10110011SILVAO,2025-09-26,105359,1,3,0,108.0
10110011SILVAO_2025-09-26_G09,10110011SILVAO,2025-09-26,110754,1,6,0,97.0
10110011SILVAO_2025-09-26_G10,10110011SILVAO,2025-09-26,111660,1,4,0,71.0
10110011SILVAO_2025-09-26_G11,10110011SILVAO,2025-09-26,110747,1,5,0,142.0
10110011SILVAO_2025-09-26_G12,10110011SILVAO,2025-09-26,111469,1,20,0,756.0
10110011SILVAO_2025-09-26_G13,10110011SILVAO,2025-09-26,111469,1,20,0,99.0
10110011SILVAO_2025-09-26_G14,10110011SILVAO,2025-09-26,105705,1,6,0,69.0
10110011SILVAO_2025-09-26_G15,10110011SILVAO,2025-09-26,108795,1,12,0,100.0
10110011SILVAO_2025-09-26_G16,10110011SILVAO,2025-09-26,110751,1,6,0,131.0
10110011SILVAO_2025-09-26_G17,10110011SILVAO,2025-09-26,118317,1,6,0,73.0
10110011SILVAO_2025-09-26_G18,10110011SILVAO,2025-09-26,111463,2,50,7,547.0
10110011SILVAO_2025-09-26_G19,10110011SILVAO,2025-09-26,111443,1,4,0,77.0
10110011SILVAO_2025-09-26_G20,10110011SILVAO,2025-09-26,109645,1,20,0,301.0
10110011SILVAO_2025-09-26_G21,10110011SILVAO,2025-09-26,109645,1,20,0,1014.0
10110011SILVAO_2025-09-26_G22,10110011SILVAO,2025-09-26,117838,1,24,0,335.0
10110011SILVAO_2025-09-26_G23,10110011SILVAO,2025-09-26,109641,1,14,0,153.0
10110011SILVAO_2025-09-26_G24,10110011SILVAO,2025-09-26,111743,1,20,0,222.0
10110011SILVAO_2025-09-26_G25,10110011SILVAO,2025-09-26,111743,1,20,0,155.0
10110011SILVAO_2025-09-26_G26,10110011SILVAO,2025-09-26,141823,1,8,0,213.0
10110011SILVAO_2025-09-26_G27,10110011SILVAO,2025-09-26,111330,1,9,0,97.0
10110011SILVAO_2025-09-26_G28,10110011SILVAO,2025-09-26,111418,1,20,0,150.0
10110011SILVAO_2025-09-26_G29,10110011SILVAO,2025-09-26,111418,1,20,0,231.0
10110011SILVAO_2025-09-26_G30,10110011SILVAO,2025-09-26,111466,1,20,0,615.0
10110011SILVAO_2025-09-26_G31,10110011SILVAO,2025-09-26,111466,1,20,0,126.0
10110011SILVAO_2025-09-26_G32,10110011SILVAO,2025-09-26,111462,1,20,0,253.0
10110011SILVAO_2025-09-26_G33,10110011SILVAO,2025-09-26,111468,1,12,0,243.0
10110011SILVAO_2025-09-26_G34,10110011SILVAO,2025-09-26,111468,1,12,0,206.0
10110011SILVAO_2025-09-26_G35,10110011SILVAO,2025-09-26,117831,1,20,0,274.0
10110011SILVAO_2025-09-26_G36,10110011SILVAO,2025-09-26,111348,1,15,0,290.0
10110011SILVAO_2025-09-26_G37,10110011SILVAO,2025-09-26,111348,1,15,0,131.0
10110011SILVAO_2025-09-26_G38,10110011SILVAO,2025-09-26,141457,1,70,0,322.0
10110011SILVAO_2025-09-26_G39,10110011SILVAO,2025-09-26,118140,1,40,0,761.0
10110011SILVAO_2025-09-26_G40,10110011SILVAO,2025-09-26,110332,1,8,0,187.0
10110011SILVAO_2025-09-26_G41,10110011SILVAO,2025-09-26,"108770, 106179, 110746, 111851, 111112, 110500",7,25,73,2563.0
10110011SILVAO_2025-09-26_G42,10110011SILVAO,2025-09-26,109471,1,3,0,301.0
10110011SILVAO_2025-09-26_G44,10110011SILVAO,2025-09-26,140923,1,25,0,759.0
10110011SILVAO_2025-09-26_G45,10110011SILVAO,2025-09-26,108772,1,2,0,167.0
10110011SILVAO_2025-09-26_G46,10110011SILVAO,2025-09-26,111330,1,8,0,224.0
10110011SILVAO_2025-09-26_G47,10110011SILVAO,2025-09-26,140923,1,10,0,192.0
10110011SILVAO_2025-09-26_G48,10110011SILVAO,2025-09-26,110733,1,7,0,119.0
10110011SILVAO_2025-09-26_G49,10110011SILVAO,2025-09-26,108711,1,12,0,255.0
10110011SILVAO_2025-09-26_G50,10110011SILVAO,2025-09-26,111743,1,6,0,224.0
10110011SILVAO_2025-09-26_G51,10110011SILVAO,2025-09-26,141457,1,24,0,156.0
10110011SILVAO_2025-09-26_G52,10110011SILVAO,2025-09-26,109643,1,3,0,128.0
10110011SILVAO_2025-09-26_G53,10110011SILVAO,2025-09-26,110375,1,4,0,97.0
10110011SILVAO_2025-09-26_G54,10110011SILVAO,2025-09-26,117809,1,20,0,168.0
10110011SILVAO_2025-09-26_G55,10110011SILVAO,2025-09-26,111743,1,8,0,164.0
10110011SILVAO_2025-09-26_G56,10110011SILVAO,2025-09-26,108770,1,2,0,169.0
10110011SILVAO_2025-09-26_G57,10110011SILVAO,2025-09-26,108772,1,4,0,187.0
10110011SILVAO_2025-09-26_G58,10110011SILVAO,2025-09-26,108772,1,3,0,236.0
10110011SILVAO_2025-09-26_G60,10110011SILVAO,2025-09-26,110372,1,20,0,280.0
10110011SILVAO_2025-09-26_G61,10110011SILVAO,2025-09-26,117832,1,4,0,40.0
10110011SILVAO_2025-09-26_G62,10110011SILVAO,2025-09-26,111466,1,12,0,158.0
10110011SILVAO_2025-09-26_G63,10110011SILVAO,2025-09-26,111462,1,4,0,278.0
10110011SILVAO_2025-09-26_G64,10110011SILVAO,2025-09-26,117821,1,2,0,64.0
10110011SILVAO_2025-09-26_G65,10110011SILVAO,2025-09-26,117831,1,8,0,133.0
10110011SILVAO_2025-09-26_G66,10110011SILVAO,2025-09-26,117808,1,36,0,519.0
10110011SILVAO_2025-09-26_G67,10110011SILVAO,2025-09-26,118299,1,4,0,236.0
10110011SILVAO_2025-09-26_G68,10110011SILVAO,2025-09-26,110373,1,2,0,77.0
10110011SILVAO_2025-09-26_G69,10110011SILVAO,2025-09-26,"110325, 117809, 117830",3,8,57,100.0
10110011SILVAO_2025-09-26_G70,10110011SILVAO,2025-09-26,117831,1,2,0,111.0
10110011SILVAO_2025-09-26_G71,10110011SILVAO,2025-09-26,107236,1,2,0,43.0
10110011SILVAO_2025-09-26_G72,10110011SILVAO,2025-09-26,110374,1,4,0,118.0
10110011SILVAO_2025-09-26_G73,10110011SILVAO,2025-09-26,110372,1,4,0,126.0
10110011SILVAO_2025-09-26_G74,10110011SILVAO,2025-09-26,117832,1,2,0,35.0
10110011SILVAO_2025-09-26_G75,10110011SILVAO,2025-09-26,110375,1,2,0,75.0
10110011SILVAO_2025-09-26_G76,10110011SILVAO,2025-09-26,118299,1,2,0,67.0
10110011SILVAO_2025-09-26_G77,10110011SILVAO,2025-09-26,110373,1,2,0,108.0
10110011SILVAO_2025-09-26_G78,10110011SILVAO,2025-09-26,141202,1,2,0,48.0
10110011SILVAO_2025-09-26_G79,10110011SILVAO,2025-09-26,117809,1,2,0,35.0
10110011SILVAO_2025-09-27_G02,10110011SILVAO,2025-09-27,110372,1,100,0,259.0
10110011SILVAO_2025-09-27_G03,10110011SILVAO,2025-09-27,118299,1,180,0,808.0
10110011SILVAO_2025-09-27_G04,10110011SILVAO,2025-09-27,118299,1,200,0,808.0
10110011SILVAO_2025-09-27_G05,10110011SILVAO,2025-09-27,110373,1,60,0,784.0
10110011SILVAO_2025-09-27_G06,10110011SILVAO,2025-09-27,117820,1,40,0,360.0
10110011SILVAO_2025-09-27_G07,10110011SILVAO,2025-09-27,117809,1,20,0,142.0
10110011SILVAO_2025-09-27_G08,10110011SILVAO,2025-09-27,117832,1,20,0,223.0
10110011SILVAO_2025-09-27_G09,10110011SILVAO,2025-09-27,141457,1,50,0,1013.0
10110011SILVAO_2025-09-27_G10,10110011SILVAO,2025-09-27,111466,1,10,0,135.0
10110011SILVAO_2025-09-27_G11,10110011SILVAO,2025-09-27,111182,1,8,0,175.0
10110011SILVAO_2025-09-27_G12,10110011SILVAO,2025-09-27,140911,1,2,0,2707.0
10110011SILVAO_2025-09-27_G13,10110011SILVAO,2025-09-27,118229,1,4,0,86.0
10110011SILVAO_2025-09-27_G14,10110011SILVAO,2025-09-27,117786,1,3,0,138.0
10110011SILVAO_2025-09-27_G15,10110011SILVAO,2025-09-27,117855,1,4,0,127.0
10110011SILVAO_2025-09-27_G16,10110011SILVAO,2025-09-27,111602,1,2,0,85.0
10110011SILVAO_2025-09-27_G17,10110011SILVAO,2025-09-27,118094,1,1,0,53.0
10110011SILVAO_2025-09-27_G18,10110011SILVAO,2025-09-27,111463,1,6,0,158.0
10110011SILVAO_2025-09-27_G19,10110011SILVAO,2025-09-27,108711,1,2,0,54.0
10110011SILVAO_2025-09-27_G20,10110011SILVAO,2025-09-27,141823,1,2,0,110.0
10110011SILVAO_2025-09-27_G21,10110011SILVAO,2025-09-27,108794,1,2,0,68.0
10110011SILVAO_2025-09-27_G22,10110011SILVAO,2025-09-27,108794,1,8,0,115.0
10110011SILVAO_2025-09-27_G23,10110011SILVAO,2025-09-27,"111462, 117833",2,6,29,149.0
10110011SILVAO_2025-09-27_G24,10110011SILVAO,2025-09-27,117821,1,1,0,64.0
10110011SILVAO_2025-09-27_G25,10110011SILVAO,2025-09-27,117831,1,4,0,66.0
10110011SILVAO_2025-09-27_G26,10110011SILVAO,2025-09-27,111465,1,2,0,50.0
10110011SILVAO_2025-09-27_G27,10110011SILVAO,2025-09-27,141202,1,3,0,127.0
10110011SILVAO_2025-09-27_G28,10110011SILVAO,2025-09-27,110372,1,8,0,119.0
10110011SILVAO_2025-09-27_G29,10110011SILVAO,2025-09-27,109643,1,4,0,97.0
10110011SILVAO_2025-09-27_G30,10110011SILVAO,2025-09-27,140923,1,8,0,216.0
10110011SILVAO_2025-09-27_G31,10110011SILVAO,2025-09-27,110740,1,2,0,1261.0
10110011SILVAO_2025-09-27_G32,10110011SILVAO,2025-09-27,105705,1,2,0,117.0
10110011SILVAO_2025-09-27_G33,10110011SILVAO,2025-09-27,111433,1,2,0,44.0
10110011SILVAO_2025-09-27_G34,10110011SILVAO,2025-09-27,111443,1,8,0,92.0
10110011SILVAO_2025-09-27_G35,10110011SILVAO,2025-09-27,109645,1,2,0,37.0
10110011SILVAO_2025-09-27_G36,10110011SILVAO,2025-09-27,108711,1,3,0,41.0
10110011SILVAO_2025-09-27_G37,10110011SILVAO,2025-09-27,140922,1,4,0,39.0
10110011SILVAO_2025-09-27_G38,10110011SILVAO,2025-09-27,"117841, 111743",2,4,27,39.0
10110011SILVAO_2025-09-27_G39,10110011SILVAO,2025-09-27,"110787, 111330",2,7,15,247.0
10110011SILVAO_2025-09-27_G40,10110011SILVAO,2025-09-27,"111418, 108794",2,6,30,51.0
10110011SILVAO_2025-09-27_G41,10110011SILVAO,2025-09-27,111462,1,6,0,81.0
10110011SILVAO_2025-09-27_G42,10110011SILVAO,2025-09-27,117831,1,6,0,108.0
10110011SILVAO_2025-09-27_G43,10110011SILVAO,2025-09-27,107236,1,2,0,43.0
10110011SILVAO_2025-09-27_G44,10110011SILVAO,2025-09-27,111465,1,6,0,52.0
10110011SILVAO_2025-09-27_G45,10110011SILVAO,2025-09-27,110748,1,2,0,124.0
10110011SILVAO_2025-09-27_G46,10110011SILVAO,2025-09-27,105705,1,12,0,1828.0
10110011SILVAO_2025-09-27_G47,10110011SILVAO,2025-09-27,109641,1,10,0,170.0
10110011SILVAO_2025-09-27_G48,10110011SILVAO,2025-09-27,109640,1,20,0,280.0
10110011SILVAO_2025-09-27_G49,10110011SILVAO,2025-09-27,111182,1,54,0,589.0
10110011SILVAO_2025-09-27_G50,10110011SILVAO,2025-09-27,117786,1,12,0,419.0
10110011SILVAO_2025-09-27_G51,10110011SILVAO,2025-09-27,141047,1,4,0,49.0
10110011SILVAO_2025-09-27_G52,10110011SILVAO,2025-09-27,117856,1,4,0,91.0
10110011SILVAO_2025-09-27_G53,10110011SILVAO,2025-09-27,117856,1,8,0,66.0
10110011SILVAO_2025-09-27_G54,10110011SILVAO,2025-09-27,117856,1,21,0,1080.0
10110011SILVAO_2025-09-27_G55,10110011SILVAO,2025-09-27,117862,2,32,11,93.0
10110011SILVAO_2025-09-27_G56,10110011SILVAO,2025-09-27,118298,1,3,0,452.0
10110011SILVAO_2025-09-27_G57,10110011SILVAO,2025-09-27,117935,1,17,0,157.0
10110011SILVAO_2025-09-27_G58,10110011SILVAO,2025-09-27,140923,1,8,0,105.0
10110011SILVAO_2025-09-27_G59,10110011SILVAO,2025-09-27,140923,1,19,0,139.0
10110011SILVAO_2025-09-27_G60,10110011SILVAO,2025-09-27,117861,1,6,0,253.0
10110011SILVAO_2025-09-27_G61,10110011SILVAO,2025-09-27,110733,1,6,0,59.0
10110011SILVAO_2025-09-27_G62,10110011SILVAO,2025-09-27,110733,1,10,0,74.0
10110011SILVAO_2025-09-27_G63,10110011SILVAO,2025-09-27,117855,1,9,0,99.0
10110011SILVAO_2025-09-27_G64,10110011SILVAO,2025-09-27,111467,2,5,27,97.0
10110011SILVAO_2025-09-27_G65,10110011SILVAO,2025-09-27,109640,1,14,0,114.0
10110011SILVAO_2025-09-27_G67,10110011SILVAO,2025-09-27,110752,1,2,0,37.0
10110011SILVAO_2025-09-27_G68,10110011SILVAO,2025-09-27,117856,1,11,0,772.0
10110011SILVAO_2025-09-27_G69,10110011SILVAO,2025-09-27,117856,1,13,0,104.0
10110011SILVAO_2025-09-27_G70,10110011SILVAO,2025-09-27,111602,1,10,0,597.0
10110011SILVAO_2025-09-29_G02,10110011SILVAO,2025-09-29,111530,1,25,0,234.0
10110011SILVAO_2025-09-29_G03,10110011SILVAO,2025-09-29,109647,1,1,0,104.0
10110011SILVAO_2025-09-29_G04,10110011SILVAO,2025-09-29,110787,1,12,0,141.0
10110011SILVAO_2025-09-29_G05,10110011SILVAO,2025-09-29,140923,1,30,0,247.0
10110011SILVAO_2025-09-29_G06,10110011SILVAO,2025-09-29,110339,1,15,0,570.0
10110011SILVAO_2025-09-29_G07,10110011SILVAO,2025-09-29,111602,1,1,0,76.0
10110011SILVAO_2025-09-29_G09,10110011SILVAO,2025-09-29,111438,1,6,0,357.0
10110011SILVAO_2025-09-29_G10,10110011SILVAO,2025-09-29,109649,1,5,0,849.0
10110011SILVAO_2025-09-29_G11,10110011SILVAO,2025-09-29,105705,1,6,0,100.0
10110011SILVAO_2025-09-29_G12,10110011SILVAO,2025-09-29,105705,1,3,0,34.0
10110011SILVAO_2025-09-29_G13,10110011SILVAO,2025-09-29,105705,1,9,0,99.0
10110011SILVAO_2025-09-29_G14,10110011SILVAO,2025-09-29,108795,1,20,0,83.0
10110011SILVAO_2025-09-29_G15,10110011SILVAO,2025-09-29,111433,1,8,0,82.0
10110011SILVAO_2025-09-29_G16,10110011SILVAO,2025-09-29,109645,1,16,0,220.0
10110011SILVAO_2025-09-29_G17,10110011SILVAO,2025-09-29,109645,1,25,0,519.0
10110011SILVAO_2025-09-29_G18,10110011SILVAO,2025-09-29,140922,1,30,0,340.0
10110011SILVAO_2025-09-29_G19,10110011SILVAO,2025-09-29,111348,1,10,0,434.0
10110011SILVAO_2025-09-29_G20,10110011SILVAO,2025-09-29,111348,1,10,0,104.0
10110011SILVAO_2025-09-29_G21,10110011SILVAO,2025-09-29,111348,1,20,0,351.0
10110011SILVAO_2025-09-29_G22,10110011SILVAO,2025-09-29,111743,1,4,0,51.0
10110011SILVAO_2025-09-29_G23,10110011SILVAO,2025-09-29,108798,1,40,0,321.0
10110011SILVAO_2025-09-29_G24,10110011SILVAO,2025-09-29,111330,1,10,0,898.0
10110011SILVAO_2025-09-29_G25,10110011SILVAO,2025-09-29,111330,1,6,0,64.0
10110011SILVAO_2025-09-29_G26,10110011SILVAO,2025-09-29,111434,1,12,0,90.0
10110011SILVAO_2025-09-29_G27,10110011SILVAO,2025-09-29,108794,1,20,0,160.0
10110011SILVAO_2025-09-30_G02,10110011SILVAO,2025-09-30,110755,1,12,0,180.0
10110011SILVAO_2025-09-30_G03,10110011SILVAO,2025-09-30,117786,1,12,0,179.0
10110011SILVAO_2025-09-30_G04,10110011SILVAO,2025-09-30,117862,1,24,0,460.0
10110011SILVAO_2025-09-30_G05,10110011SILVAO,2025-09-30,111530,1,20,0,196.0
10110011SILVAO_2025-09-30_G06,10110011SILVAO,2025-09-30,140923,1,32,0,415.0
10110011SILVAO_2025-09-30_G07,10110011SILVAO,2025-09-30,117855,1,12,0,641.0
10110011SILVAO_2025-09-30_G08,10110011SILVAO,2025-09-30,108772,1,6,0,122.0
10110011SILVAO_2025-09-30_G09,10110011SILVAO,2025-09-30,108795,1,16,0,207.0
10110011SILVAO_2025-09-30_G10,10110011SILVAO,2025-09-30,160055,1,12,0,463.0
10110011SILVAO_2025-09-30_G11,10110011SILVAO,2025-09-30,117842,1,8,0,359.0
10110011SILVAO_2025-09-30_G12,10110011SILVAO,2025-09-30,116241,1,12,0,246.0
10110011SILVAO_2025-09-30_G13,10110011SILVAO,2025-09-30,111182,1,8,0,146.0
10110011SILVAO_2025-09-30_G14,10110011SILVAO,2025-09-30,111442,1,28,0,250.0
10110011SILVAO_2025-09-30_G15,10110011SILVAO,2025-09-30,117821,1,20,0,435.0
10110011SILVAO_2025-09-30_G16,10110011SILVAO,2025-09-30,110745,1,20,0,322.0
10110011SILVAO_2025-09-30_G17,10110011SILVAO,2025-09-30,118140,1,60,0,1068.0
10110011SILVAO_2025-09-30_G18,10110011SILVAO,2025-09-30,111465,1,8,0,120.0
10110011SILVAO_2025-09-30_G19,10110011SILVAO,2025-09-30,111447,1,2,0,2104.0
10110011SILVAO_2025-09-30_G20,10110011SILVAO,2025-09-30,108771,1,4,0,531.0
10110011SILVAO_2025-09-30_G21,10110011SILVAO,2025-09-30,111436,1,4,0,161.0
10110011SILVAO_2025-09-30_G22,10110011SILVAO,2025-09-30,110746,1,2,0,181.0
10110011SILVAO_2025-09-30_G23,10110011SILVAO,2025-09-30,111437,1,6,0,159.0
10110011SILVAO_2025-09-30_G24,10110011SILVAO,2025-09-30,107888,1,10,0,203.0
10110011SILVAO_2025-09-30_G25,10110011SILVAO,2025-09-30,110742,1,4,0,172.0
10110011SILVAO_2025-09-30_G26,10110011SILVAO,2025-09-30,117834,1,24,0,215.0
10110011SILVAO_2025-09-30_G27,10110011SILVAO,2025-09-30,111445,1,6,0,90.0
10110011SILVAO_2025-09-30_G28,10110011SILVAO,2025-09-30,117835,1,16,0,1011.0
10110011SILVAO_2025-09-30_G29,10110011SILVAO,2025-09-30,111660,1,2,0,124.0
10110011SILVAO_2025-09-30_G30,10110011SILVAO,2025-09-30,117842,1,4,0,111.0
10110011SILVAO_2025-09-30_G31,10110011SILVAO,2025-09-30,111434,1,24,0,220.0
10110011SILVAO_2025-09-30_G32,10110011SILVAO,2025-09-30,117841,1,2,0,48.0
10110011SILVAO_2025-09-30_G33,10110011SILVAO,2025-09-30,116241,1,24,0,632.0
10110011SILVAO_2025-09-30_G34,10110011SILVAO,2025-09-30,141458,1,60,0,115.0
10110011SILVAO_2025-09-30_G35,10110011SILVAO,2025-09-30,141458,1,60,0,123.0
10110011SILVAO_2025-09-30_G37,10110011SILVAO,2025-09-30,110741,1,10,0,142.0
10110011SILVAO_2025-09-30_G38,10110011SILVAO,2025-09-30,117965,1,15,0,430.0
10110011SILVAO_2025-09-30_G40,10110011SILVAO,2025-09-30,110750,1,2,0,47.0
10110011SILVAO_2025-09-30_G41,10110011SILVAO,2025-09-30,111879,1,12,0,180.0
10110011SILVAO_2025-09-30_G42,10110011SILVAO,2025-09-30,117855,1,20,0,158.0
10110011SILVAO_2025-09-30_G43,10110011SILVAO,2025-09-30,108772,1,2,0,98.0
10110011SILVAO_2025-09-30_G44,10110011SILVAO,2025-09-30,108772,1,2,0,43.0
10110011SILVAO_2025-09-30_G45,10110011SILVAO,2025-09-30,111467,1,20,0,364.0
10110011SILVAO_2025-09-30_G46,10110011SILVAO,2025-09-30,109640,1,15,0,57.0
10110011SILVAO_2025-09-30_G47,10110011SILVAO,2025-09-30,110752,1,4,0,289.0
10110011SILVAO_2025-09-30_G48,10110011SILVAO,2025-09-30,111439,1,24,0,368.0
10110011SILVAO_2025-09-30_G49,10110011SILVAO,2025-09-30,117837,1,8,0,147.0
10110011SILVAO_2025-09-30_G50,10110011SILVAO,2025-09-30,110753,1,4,0,96.0
10110011SILVAO_2025-09-30_G51,10110011SILVAO,2025-09-30,109647,1,30,0,377.0
10110011SILVAO_2025-09-30_G52,10110011SILVAO,2025-09-30,110742,1,4,0,181.0
10110011SILVAO_2025-09-30_G53,10110011SILVAO,2025-09-30,117835,1,16,0,87.0
10110011SILVAO_2025-09-30_G54,10110011SILVAO,2025-09-30,111462,1,20,0,956.0
10110011SILVAO_2025-09-30_G55,10110011SILVAO,2025-09-30,118140,1,70,0,463.0
10110011SILVAO_2025-09-30_G56,10110011SILVAO,2025-09-30,117833,1,50,0,596.0
10110011SILVAO_2025-10-01_G02,10110011SILVAO,2025-10-01,111569,1,27,0,281.0
10110011SILVAO_2025-10-01_G03,10110011SILVAO,2025-10-01,110754,1,80,0,313.0
10110011SILVAO_2025-10-01_G04,10110011SILVAO,2025-10-01,110895,1,49,0,417.0
10110011SILVAO_2025-10-01_G05,10110011SILVAO,2025-10-01,110756,1,21,0,283.0
10110011SILVAO_2025-10-01_G06,10110011SILVAO,2025-10-01,111439,1,34,0,582.0
10110011SILVAO_2025-10-01_G07,10110011SILVAO,2025-10-01,111469,1,60,0,372.0
10110011SILVAO_2025-10-01_G08,10110011SILVAO,2025-10-01,111469,1,17,0,162.0
10110011SILVAO_2025-10-01_G09,10110011SILVAO,2025-10-01,111466,1,24,0,105.0
10110011SILVAO_2025-10-01_G10,10110011SILVAO,2025-10-01,117832,1,19,0,190.0
10110011SILVAO_2025-10-01_G11,10110011SILVAO,2025-10-01,110376,1,40,0,285.0
10110011SILVAO_2025-10-02_G02,10110011SILVAO,2025-10-02,111876,1,20,0,287.0
10110011SILVAO_2025-10-02_G03,10110011SILVAO,2025-10-02,110750,1,18,0,324.0
10110011SILVAO_2025-10-02_G04,10110011SILVAO,2025-10-02,111330,1,8,0,138.0
10110011SILVAO_2025-10-02_G05,10110011SILVAO,2025-10-02,111433,1,12,0,166.0
10110011SILVAO_2025-10-02_G06,10110011SILVAO,2025-10-02,111441,1,173,0,2884.0
10110011SILVAO_2025-10-02_G07,10110011SILVAO,2025-10-02,111569,1,11,0,137.0
10110011SILVAO_2025-10-06_G02,10110011SILVAO,2025-10-06,111754,1,5,0,2027.0
10110011SILVAO_2025-10-07_G02,10110011SILVAO,2025-10-07,110743,1,1,0,423.0
10110011SILVAO_2025-10-07_G03,10110011SILVAO,2025-10-07,117785,1,6,0,1936.0
10110011SILVAO_2025-10-07_G04,10110011SILVAO,2025-10-07,111443,1,4,0,1313.0
10110011SILVAO_2025-10-07_G05,10110011SILVAO,2025-10-07,110372,1,8,0,161.0
10110011SILVAO_2025-10-07_G06,10110011SILVAO,2025-10-07,111172,1,1,0,167.0
10110011SILVAO_2025-10-07_G08,10110011SILVAO,2025-10-07,111530,1,200,0,2307.0
10110011SILVAO_2025-10-07_G09,10110011SILVAO,2025-10-07,110733,1,50,0,360.0
10110011SILVAO_2025-10-07_G10,10110011SILVAO,2025-10-07,111418,1,80,0,236.0
10110011SILVAO_2025-10-07_G11,10110011SILVAO,2025-10-07,111462,1,165,0,478.0
10110011SILVAO_2025-10-07_G12,10110011SILVAO,2025-10-07,111466,1,200,0,363.0
10110011SILVAO_2025-10-07_G14,10110011SILVAO,2025-10-07,111441,1,24,0,326.0
10110011SILVAO_2025-10-07_G15,10110011SILVAO,2025-10-07,111441,1,24,0,117.0
10110011SILVAO_2025-10-07_G16,10110011SILVAO,2025-10-07,105705,1,40,0,2435.0
10110011SILVAO_2025-10-07_G17,10110011SILVAO,2025-10-07,111433,1,5,0,124.0
10110011SILVAO_2025-10-07_G18,10110011SILVAO,2025-10-07,110751,1,4,0,79.0
10110011SILVAO_2025-10-07_G19,10110011SILVAO,2025-10-07,111463,1,60,0,1006.0
10110011SILVAO_2025-10-07_G20,10110011SILVAO,2025-10-07,110740,1,4,0,191.0
10110011SILVAO_2025-10-07_G21,10110011SILVAO,2025-10-07,109641,1,16,0,184.0
10110011SILVAO_2025-10-07_G22,10110011SILVAO,2025-10-07,111743,1,16,0,214.0
10110011SILVAO_2025-10-07_G23,10110011SILVAO,2025-10-07,110748,1,6,0,219.0
10110011SILVAO_2025-10-08_G03,10110011SILVAO,2025-10-08,110895,1,2,0,201.0
10110011SILVAO_2025-10-08_G04,10110011SILVAO,2025-10-08,110787,1,4,0,114.0
10110011SILVAO_2025-10-08_G05,10110011SILVAO,2025-10-08,111348,1,2,0,106.0
10110011SILVAO_2025-10-08_G06,10110011SILVAO,2025-10-08,111466,1,2,0,67.0
10110011SILVAO_2025-10-08_G07,10110011SILVAO,2025-10-08,109643,1,12,0,349.0
10110011SILVAO_2025-10-08_G08,10110011SILVAO,2025-10-08,117808,1,2,0,104.0
10110011SILVAO_2025-10-08_G09,10110011SILVAO,2025-10-08,110711,1,6,0,581.0
10110011SILVAO_2025-10-08_G10,10110011SILVAO,2025-10-08,111442,1,4,0,1534.0
10110011SILVAO_2025-10-08_G11,10110011SILVAO,2025-10-08,111442,1,4,0,147.0
10110011SILVAO_2025-10-08_G12,10110011SILVAO,2025-10-08,109640,1,4,0,1614.0
10110011SILVAO_2025-10-08_G13,10110011SILVAO,2025-10-08,110711,1,16,0,243.0
10110011SILVAO_2025-10-08_G14,10110011SILVAO,2025-10-08,117935,1,50,0,533.0
10110011SILVAO_2025-10-08_G16,10110011SILVAO,2025-10-08,111530,1,18,0,206.0
10110011SILVAO_2025-10-08_G17,10110011SILVAO,2025-10-08,110711,1,12,0,147.0
10110011SILVAO_2025-10-08_G18,10110011SILVAO,2025-10-08,110733,1,11,0,133.0
10110011SILVAO_2025-10-08_G19,10110011SILVAO,2025-10-08,108772,1,12,0,261.0
10110011SILVAO_2025-10-08_G20,10110011SILVAO,2025-10-08,110752,1,4,0,84.0
10110011SILVAO_2025-10-08_G21,10110011SILVAO,2025-10-08,110339,1,10,0,302.0
10110011SILVAO_2025-10-08_G22,10110011SILVAO,2025-10-08,117786,1,18,0,222.0
10110011SILVAO_2025-10-08_G23,10110011SILVAO,2025-10-08,111439,1,7,0,119.0
10110011SILVAO_2025-10-08_G24,10110011SILVAO,2025-10-08,118094,1,3,0,74.0
10110011SILVAO_2025-10-08_G25,10110011SILVAO,2025-10-08,109643,1,12,0,159.0
10110011SILVAO_2025-10-08_G26,10110011SILVAO,2025-10-08,110374,1,40,0,250.0
10110011SILVAO_2025-10-08_G27,10110011SILVAO,2025-10-08,107830,1,16,0,165.0
10110011SILVAO_2025-10-08_G28,10110011SILVAO,2025-10-08,110371,1,100,0,319.0
10110011SILVAO_2025-10-08_G29,10110011SILVAO,2025-10-08,117840,1,4,0,91.0
10110011SILVAO_2025-10-08_G30,10110011SILVAO,2025-10-08,110373,1,50,0,779.0
10110011SILVAO_2025-10-08_G31,10110011SILVAO,2025-10-08,117808,1,200,0,708.0
10110011SILVAO_2025-10-09_G02,10110011SILVAO,2025-10-09,141456,1,2,0,49.0
10110011SILVAO_2025-10-09_G03,10110011SILVAO,2025-10-09,110740,1,2,0,95.0
10110011SILVAO_2025-10-09_G04,10110011SILVAO,2025-10-09,111743,1,2,0,72.0
10110011SILVAO_2025-10-09_G05,10110011SILVAO,2025-10-09,117831,1,2,0,82.0
10110011SILVAO_2025-10-09_G06,10110011SILVAO,2025-10-09,118140,1,1,0,54.0
10110011SILVAO_2025-10-09_G07,10110011SILVAO,2025-10-09,110745,1,2,0,53.0
10110011SILVAO_2025-10-09_G08,10110011SILVAO,2025-10-09,110371,1,4,0,151.0
10110011SILVAO_2025-10-09_G09,10110011SILVAO,2025-10-09,117808,1,6,0,111.0
10110011SILVAO_2025-10-09_G10,10110011SILVAO,2025-10-09,117820,1,6,0,122.0
10110011SILVAO_2025-10-09_G11,10110011SILVAO,2025-10-09,111660,1,2,0,132.0
10110011SILVAO_2025-10-09_G12,10110011SILVAO,2025-10-09,111655,1,4,0,251.0
10110011SILVAO_2025-10-09_G13,10110011SILVAO,2025-10-09,107892,1,4,0,182.0
10110011SILVAO_2025-10-09_G14,10110011SILVAO,2025-10-09,110711,1,7,0,141.0
10110011SILVAO_2025-10-09_G15,10110011SILVAO,2025-10-09,110733,1,4,0,82.0
10110011SILVAO_2025-10-09_G16,10110011SILVAO,2025-10-09,111602,1,6,0,172.0
10110011SILVAO_2025-10-09_G17,10110011SILVAO,2025-10-09,111879,1,8,0,1024.0
10110011SILVAO_2025-10-09_G18,10110011SILVAO,2025-10-09,105705,1,4,0,153.0
10110011SILVAO_2025-10-09_G19,10110011SILVAO,2025-10-09,110372,1,14,0,485.0
10110011SILVAO_2025-10-09_G20,10110011SILVAO,2025-10-09,111438,1,4,0,587.0
10110011SILVAO_2025-10-09_G21,10110011SILVAO,2025-10-09,117834,1,2,0,89.0
10110011SILVAO_2025-10-09_G22,10110011SILVAO,2025-10-09,116527,1,4,0,92.0
10110011SILVAO_2025-10-09_G23,10110011SILVAO,2025-10-09,110747,1,4,0,90.0
10110011SILVAO_2025-10-09_G24,10110011SILVAO,2025-10-09,111876,1,4,0,120.0
10110011SILVAO_2025-10-09_G25,10110011SILVAO,2025-10-09,111530,1,3,0,84.0
10110011SILVAO_2025-10-09_G26,10110011SILVAO,2025-10-09,117853,1,4,0,67.0
10110011SILVAO_2025-10-09_G27,10110011SILVAO,2025-10-09,106860,1,2,0,234.0
10110011SILVAO_2025-10-09_G28,10110011SILVAO,2025-10-09,141456,1,2,0,54.0
10110011SILVAO_2025-10-09_G29,10110011SILVAO,2025-10-09,111463,1,8,0,63.0
10110011SILVAO_2025-10-09_G30,10110011SILVAO,2025-10-09,111418,1,5,0,67.0
10110011SILVAO_2025-10-09_G31,10110011SILVAO,2025-10-09,111443,1,4,0,83.0
10110011SILVAO_2025-10-09_G32,10110011SILVAO,2025-10-09,160055,1,4,0,86.0
10110011SILVAO_2025-10-09_G33,10110011SILVAO,2025-10-09,111435,1,4,0,91.0
10110011SILVAO_2025-10-09_G34,10110011SILVAO,2025-10-09,108794,1,10,0,178.0
10110011SILVAO_2025-10-09_G35,10110011SILVAO,2025-10-09,111466,1,8,0,170.0
10110011SILVAO_2025-10-09_G36,10110011SILVAO,2025-10-09,117833,1,6,0,320.0
10110011SILVAO_2025-10-09_G37,10110011SILVAO,2025-10-09,141457,1,6,0,39.0
10110011SILVAO_2025-10-09_G38,10110011SILVAO,2025-10-09,120002,1,4,0,67.0
10110011SILVAO_2025-10-09_G39,10110011SILVAO,2025-10-09,141458,1,6,0,82.0
10110011SILVAO_2025-10-09_G40,10110011SILVAO,2025-10-09,160054,1,4,0,109.0
10110011SILVAO_2025-10-09_G41,10110011SILVAO,2025-10-09,117808,1,16,0,128.0
10110011SILVAO_2025-10-09_G42,10110011SILVAO,2025-10-09,117820,1,2,0,1173.0
10110011SILVAO_2025-10-09_G43,10110011SILVAO,2025-10-09,110373,1,28,0,259.0
10110011SILVAO_2025-10-09_G44,10110011SILVAO,2025-10-09,111439,1,175,0,1895.0
10110011SILVAO_2025-10-09_G45,10110011SILVAO,2025-10-09,118140,1,679,0,1743.0
10110011SILVAO_2025-10-09_G46,10110011SILVAO,2025-10-09,141458,1,46,0,1077.0
10110011SILVAO_2025-10-09_G47,10110011SILVAO,2025-10-09,109643,1,6,0,716.0
10110011SILVAO_2025-10-09_G48,10110011SILVAO,2025-10-09,117832,1,2,0,78.0
10110011SILVAO_2025-10-09_G49,10110011SILVAO,2025-10-09,117832,2,6,22,44.0
10110011SILVAO_2025-10-09_G50,10110011SILVAO,2025-10-09,117820,1,16,0,113.0
10110011SILVAO_2025-10-09_G51,10110011SILVAO,2025-10-09,117820,1,10,0,56.0
10110011SILVAO_2025-10-09_G52,10110011SILVAO,2025-10-09,117820,3,29,53,141.0
10110011SILVAO_2025-10-09_G53,10110011SILVAO,2025-10-09,117820,1,4,0,61.0
10110011SILVAO_2025-10-09_G54,10110011SILVAO,2025-10-09,117820,1,12,0,66.0
10110011SILVAO_2025-10-09_G55,10110011SILVAO,2025-10-09,118299,1,4,0,207.0
10110011SILVAO_2025-10-09_G56,10110011SILVAO,2025-10-09,111532,1,8,0,168.0
10110011SILVAO_2025-10-09_G57,10110011SILVAO,2025-10-09,111532,1,8,0,113.0
10110011SILVAO_2025-10-09_G58,10110011SILVAO,2025-10-09,111532,1,4,0,61.0
10110011SILVAO_2025-10-09_G59,10110011SILVAO,2025-10-09,111465,1,4,0,1344.0
10110011SILVAO_2025-10-09_G60,10110011SILVAO,2025-10-09,111465,1,4,0,59.0
10110011SILVAO_2025-10-09_G61,10110011SILVAO,2025-10-09,109641,1,25,0,235.0
10110011SILVAO_2025-10-09_G62,10110011SILVAO,2025-10-09,111182,1,6,0,128.0
10110011SILVAO_2025-10-09_G64,10110011SILVAO,2025-10-09,111430,1,4,0,223.0
10110011SILVAO_2025-10-09_G65,10110011SILVAO,2025-10-09,100334,1,2,0,101.0
10110011SILVAO_2025-10-09_G66,10110011SILVAO,2025-10-09,110741,1,2,0,85.0
10110011SILVAO_2025-10-09_G67,10110011SILVAO,2025-10-09,111530,1,6,0,95.0
10110011SILVAO_2025-10-09_G68,10110011SILVAO,2025-10-09,111879,1,4,0,109.0
10110011SILVAO_2025-10-09_G69,10110011SILVAO,2025-10-09,111463,1,1,0,91.0
10110011SILVAO_2025-10-09_G70,10110011SILVAO,2025-10-09,110740,1,4,0,80.0
10110011SILVAO_2025-10-09_G71,10110011SILVAO,2025-10-09,111743,1,4,0,70.0
10110011SILVAO_2025-10-09_G72,10110011SILVAO,2025-10-09,108798,1,6,0,96.0
10110011SILVAO_2025-10-09_G73,10110011SILVAO,2025-10-09,111466,1,3,0,171.0
10110011SILVAO_2025-10-09_G74,10110011SILVAO,2025-10-09,140922,1,2,0,132.0
10110011SILVAO_2025-10-09_G75,10110011SILVAO,2025-10-09,117821,1,2,0,48.0
10110011SILVAO_2025-10-09_G76,10110011SILVAO,2025-10-09,107830,1,4,0,132.0
10110011SILVAO_2025-10-09_G77,10110011SILVAO,2025-10-09,110373,1,10,0,138.0
10110011SILVAO_2025-10-09_G78,10110011SILVAO,2025-10-09,108759,1,4,0,334.0
10110011SILVAO_2025-10-09_G79,10110011SILVAO,2025-10-09,117855,1,12,0,169.0
10110011SILVAO_2025-10-09_G80,10110011SILVAO,2025-10-09,110711,1,1,0,66.0
10110011SILVAO_2025-10-09_G81,10110011SILVAO,2025-10-09,111467,1,20,0,183.0
10110011SILVAO_2025-10-09_G82,10110011SILVAO,2025-10-09,110740,1,10,0,175.0
10110011SILVAO_2025-10-09_G83,10110011SILVAO,2025-10-09,111743,1,10,0,106.0
10110011SILVAO_2025-10-09_G84,10110011SILVAO,2025-10-09,108794,1,10,0,285.0
10110011SILVAO_2025-10-09_G85,10110011SILVAO,2025-10-09,109643,1,12,0,167.0
10110011SILVAO_2025-10-09_G86,10110011SILVAO,2025-10-09,110325,1,20,0,299.0
10110011SILVAO_2025-10-09_G87,10110011SILVAO,2025-10-09,110745,1,12,0,118.0
10110011SILVAO_2025-10-09_G88,10110011SILVAO,2025-10-09,109647,1,1,0,1132.0
10110011SILVAO_2025-10-09_G89,10110011SILVAO,2025-10-09,160057,1,2,0,205.0
10110011SILVAO_2025-10-09_G90,10110011SILVAO,2025-10-09,110582,1,4,0,60.0
10110011SILVAO_2025-10-09_G91,10110011SILVAO,2025-10-09,111530,1,20,0,197.0
10110011SILVAO_2025-10-09_G92,10110011SILVAO,2025-10-09,141456,1,10,0,121.0
10110011SILVAO_2025-10-09_G93,10110011SILVAO,2025-10-09,111418,1,20,0,123.0
10110011SILVAO_2025-10-09_G94,10110011SILVAO,2025-10-09,141457,1,30,0,524.0
10110011SILVAO_2025-10-09_G95,10110011SILVAO,2025-10-09,118140,1,4,0,92.0
10110011SILVAO_2025-10-09_G96,10110011SILVAO,2025-10-09,110371,1,20,0,143.0
10110011SILVAO_2025-10-10_G02,10110011SILVAO,2025-10-10,108798,1,10,0,193.0
10110011SILVAO_2025-10-10_G03,10110011SILVAO,2025-10-10,111532,1,22,0,322.0
10110011SILVAO_2025-10-10_G04,10110011SILVAO,2025-10-10,111532,1,22,0,303.0
10110011SILVAO_2025-10-10_G05,10110011SILVAO,2025-10-10,141823,1,10,0,129.0
10110011SILVAO_2025-10-10_G06,10110011SILVAO,2025-10-10,108794,1,10,0,148.0
10110011SILVAO_2025-10-10_G07,10110011SILVAO,2025-10-10,111418,1,40,0,240.0
10110011SILVAO_2025-10-10_G08,10110011SILVAO,2025-10-10,118223,1,4,0,100.0
10110011SILVAO_2025-10-10_G09,10110011SILVAO,2025-10-10,111466,1,50,0,346.0
10110011SILVAO_2025-10-10_G10,10110011SILVAO,2025-10-10,116241,1,2,0,89.0
10110011SILVAO_2025-10-10_G11,10110011SILVAO,2025-10-10,117787,1,20,0,274.0
10110011SILVAO_2025-10-10_G12,10110011SILVAO,2025-10-10,109641,1,5,0,137.0
10110011SILVAO_2025-10-10_G13,10110011SILVAO,2025-10-10,111442,1,2,0,87.0
10110011SILVAO_2025-10-10_G14,10110011SILVAO,2025-10-10,111442,1,10,0,233.0
10110011SILVAO_2025-10-10_G15,10110011SILVAO,2025-10-10,111444,1,5,0,395.0
10110011SILVAO_2025-10-10_G16,10110011SILVAO,2025-10-10,117821,1,20,0,134.0
10110011SILVAO_2025-10-10_G17,10110011SILVAO,2025-10-10,117831,1,50,0,454.0
10110011SILVAO_2025-10-10_G18,10110011SILVAO,2025-10-10,118140,1,24,0,317.0
10110011SILVAO_2025-10-10_G19,10110011SILVAO,2025-10-10,141458,1,30,0,1799.0
10110011SILVAO_2025-10-10_G20,10110011SILVAO,2025-10-10,110332,1,2,0,434.0
10110011SILVAO_2025-10-10_G21,10110011SILVAO,2025-10-10,110129,1,6,0,108.0
10110011SILVAO_2025-10-10_G22,10110011SILVAO,2025-10-10,105705,1,2,0,88.0
10110011SILVAO_2025-10-10_G23,10110011SILVAO,2025-10-10,110751,1,5,0,70.0
10110011SILVAO_2025-10-10_G24,10110011SILVAO,2025-10-10,117838,1,20,0,270.0
10110011SILVAO_2025-10-10_G25,10110011SILVAO,2025-10-10,111463,1,70,0,404.0
10110011SILVAO_2025-10-10_G26,10110011SILVAO,2025-10-10,110374,1,30,0,830.0
10110011SILVAO_2025-10-10_G27,10110011SILVAO,2025-10-10,109648,1,6,0,96.0
10110011SILVAO_2025-10-10_G28,10110011SILVAO,2025-10-10,107830,1,12,0,98.0
10110011SILVAO_2025-10-10_G29,10110011SILVAO,2025-10-10,109643,1,30,0,302.0
10110011SILVAO_2025-10-10_G30,10110011SILVAO,2025-10-10,117820,1,5,0,132.0
10110011SILVAO_2025-10-10_G31,10110011SILVAO,2025-10-10,141202,1,10,0,201.0
10110011SILVAO_2025-10-10_G32,10110011SILVAO,2025-10-10,110373,1,50,0,852.0
10110011SILVAO_2025-10-10_G33,10110011SILVAO,2025-10-10,117832,1,20,0,188.0
10110011SILVAO_2025-10-10_G34,10110011SILVAO,2025-10-10,"117786, 117855",2,80,29,1026.0
10110011SILVAO_2025-10-10_G35,10110011SILVAO,2025-10-10,110741,1,1,0,1671.0
10110011SILVAO_2025-10-10_G36,10110011SILVAO,2025-10-10,110711,1,4,0,56.0
10110011SILVAO_2025-10-10_G37,10110011SILVAO,2025-10-10,110751,1,3,0,76.0
10110011SILVAO_2025-10-10_G38,10110011SILVAO,2025-10-10,107830,1,2,0,47.0
10110011SILVAO_2025-10-10_G39,10110011SILVAO,2025-10-10,117830,1,3,0,69.0
10110011SILVAO_2025-10-10_G40,10110011SILVAO,2025-10-10,141202,1,4,0,94.0
10110011SILVAO_2025-10-10_G41,10110011SILVAO,2025-10-10,111602,1,11,0,101.0
10110011SILVAO_2025-10-10_G42,10110011SILVAO,2025-10-10,111439,1,2,0,57.0
10110011SILVAO_2025-10-10_G43,10110011SILVAO,2025-10-10,111660,1,5,0,96.0
10110011SILVAO_2025-10-10_G44,10110011SILVAO,2025-10-10,117820,2,65,23,1491.0
10110011SILVAO_2025-10-10_G45,10110011SILVAO,2025-10-10,111602,1,26,0,517.0
10110011SILVAO_2025-10-10_G46,10110011SILVAO,2025-10-10,118094,1,7,0,380.0
10110011SILVAO_2025-10-10_G47,10110011SILVAO,2025-10-10,111530,1,90,0,643.0
10110011SILVAO_2025-10-10_G48,10110011SILVAO,2025-10-10,140923,1,44,0,408.0
10110011SILVAO_2025-10-10_G49,10110011SILVAO,2025-10-10,110375,1,82,0,721.0
10110011SILVAO_2025-10-10_G50,10110011SILVAO,2025-10-10,110787,1,143,0,780.0
10110011SILVAO_2025-10-10_G51,10110011SILVAO,2025-10-10,111418,1,751,0,1447.0
10110011SILVAO_2025-10-10_G52,10110011SILVAO,2025-10-10,111172,1,92,0,361.0
10110011SILVAO_2025-10-10_G53,10110011SILVAO,2025-10-10,110374,1,52,0,359.0
10110011SILVAO_2025-10-10_G55,10110011SILVAO,2025-10-10,117786,1,2,0,60.0
10110011SILVAO_2025-10-10_G56,10110011SILVAO,2025-10-10,109640,1,4,0,46.0
10110011SILVAO_2025-10-10_G57,10110011SILVAO,2025-10-10,111569,1,2,0,78.0
10110011SILVAO_2025-10-10_G58,10110011SILVAO,2025-10-10,108794,1,2,0,74.0
10110011SILVAO_2025-10-10_G59,10110011SILVAO,2025-10-10,111466,1,6,0,68.0
10110011SILVAO_2025-10-10_G60,10110011SILVAO,2025-10-10,111465,1,1,0,36.0
10110011SILVAO_2025-10-10_G61,10110011SILVAO,2025-10-10,109643,1,3,0,260.0
10110011SILVAO_2025-10-10_G62,10110011SILVAO,2025-10-10,110373,1,9,0,104.0
10110011SILVAO_2025-10-10_G63,10110011SILVAO,2025-10-10,110325,1,4,0,85.0
10110011SILVAO_2025-10-10_G64,10110011SILVAO,2025-10-10,111660,1,4,0,82.0
10110011SILVAO_2025-10-13_G02,10110011SILVAO,2025-10-13,116611,1,24,0,319.0
10110011SILVAO_2025-10-13_G03,10110011SILVAO,2025-10-13,116611,1,4,0,46.0
10110011SILVAO_2025-10-13_G04,10110011SILVAO,2025-10-13,110895,1,20,0,763.0
10110011SILVAO_2025-10-13_G05,10110011SILVAO,2025-10-13,110895,1,20,0,267.0
10110011SILVAO_2025-10-13_G06,10110011SILVAO,2025-10-13,117820,1,40,0,675.0
10110011SILVAO_2025-10-13_G07,10110011SILVAO,2025-10-13,111172,1,2,0,822.0
10110011SILVAO_2025-10-13_G08,10110011SILVAO,2025-10-13,117808,1,8,0,98.0
10110011SILVAO_2025-10-13_G09,10110011SILVAO,2025-10-13,118317,1,3,0,418.0
10110011SILVAO_2025-10-13_G10,10110011SILVAO,2025-10-13,110740,1,6,0,302.0
10110011SILVAO_2025-10-13_G11,10110011SILVAO,2025-10-13,160055,1,20,0,354.0
10110011SILVAO_2025-10-13_G12,10110011SILVAO,2025-10-13,100334,1,4,0,404.0
10110011SILVAO_2025-10-13_G13,10110011SILVAO,2025-10-13,111438,1,12,0,178.0
10110011SILVAO_2025-10-13_G14,10110011SILVAO,2025-10-13,110755,1,12,0,962.0
10110011SILVAO_2025-10-13_G15,10110011SILVAO,2025-10-13,111569,1,12,0,200.0
10110011SILVAO_2025-10-13_G16,10110011SILVAO,2025-10-13,117855,1,4,0,147.0
10110011SILVAO_2025-10-13_G17,10110011SILVAO,2025-10-13,117856,1,5,0,112.0
10110011SILVAO_2025-10-13_G18,10110011SILVAO,2025-10-13,140923,1,17,0,335.0
10110011SILVAO_2025-10-13_G19,10110011SILVAO,2025-10-13,111530,1,6,0,147.0
10110011SILVAO_2025-10-13_G20,10110011SILVAO,2025-10-13,111467,1,4,0,102.0
10110011SILVAO_2025-10-13_G21,10110011SILVAO,2025-10-13,109640,1,2,0,78.0
10110011SILVAO_2025-10-13_G22,10110011SILVAO,2025-10-13,111439,1,4,0,100.0
10110011SILVAO_2025-10-13_G23,10110011SILVAO,2025-10-13,118094,1,8,0,90.0
10110011SILVAO_2025-10-13_G24,10110011SILVAO,2025-10-13,111463,1,5,0,180.0
10110011SILVAO_2025-10-13_G25,10110011SILVAO,2025-10-13,110740,1,3,0,124.0
10110011SILVAO_2025-10-13_G26,10110011SILVAO,2025-10-13,111466,2,14,24,264.0
10110011SILVAO_2025-10-13_G27,10110011SILVAO,2025-10-13,117821,1,4,0,260.0
10110011SILVAO_2025-10-13_G28,10110011SILVAO,2025-10-13,118140,1,8,0,139.0
10110011SILVAO_2025-10-13_G29,10110011SILVAO,2025-10-13,110373,1,4,0,130.0
10110011SILVAO_2025-10-13_G30,10110011SILVAO,2025-10-13,111418,1,34,0,809.0
10110011SILVAO_2025-10-13_G31,10110011SILVAO,2025-10-13,111441,1,8,0,391.0
10110011SILVAO_2025-10-13_G32,10110011SILVAO,2025-10-13,117808,1,8,0,180.0
10110011SILVAO_2025-10-13_G33,10110011SILVAO,2025-10-13,110371,1,2,0,74.0
10110011SILVAO_2025-10-13_G34,10110011SILVAO,2025-10-13,110747,1,6,0,143.0
10110011SILVAO_2025-10-13_G35,10110011SILVAO,2025-10-13,115234,1,4,0,530.0
10110011SILVAO_2025-10-13_G36,10110011SILVAO,2025-10-13,111430,1,2,0,1716.0
10110011SILVAO_2025-10-13_G37,10110011SILVAO,2025-10-13,111430,1,2,0,38.0
10110011SILVAO_2025-10-13_G38,10110011SILVAO,2025-10-13,118306,1,2,0,88.0
10110011SILVAO_2025-10-13_G39,10110011SILVAO,2025-10-13,111438,1,9,0,99.0
10110011SILVAO_2025-10-13_G40,10110011SILVAO,2025-10-13,118253,1,2,0,89.0
10110011SILVAO_2025-10-13_G41,10110011SILVAO,2025-10-13,110755,1,20,0,163.0
10110011SILVAO_2025-10-13_G42,10110011SILVAO,2025-10-13,118290,1,3,0,76.0
10110011SILVAO_2025-10-13_G43,10110011SILVAO,2025-10-13,117855,1,8,0,423.0
10110011SILVAO_2025-10-13_G44,10110011SILVAO,2025-10-13,110741,1,4,0,98.0
10110011SILVAO_2025-10-13_G45,10110011SILVAO,2025-10-13,107629,1,1,0,136.0
10110011SILVAO_2025-10-13_G46,10110011SILVAO,2025-10-13,110733,1,4,0,83.0
10110011SILVAO_2025-10-13_G47,10110011SILVAO,2025-10-13,117786,1,3,0,101.0
10110011SILVAO_2025-10-13_G48,10110011SILVAO,2025-10-13,109640,1,7,0,124.0
10110011SILVAO_2025-10-13_G49,10110011SILVAO,2025-10-13,111602,1,6,0,102.0
10110011SILVAO_2025-10-13_G50,10110011SILVAO,2025-10-13,111439,1,4,0,53.0
10110011SILVAO_2025-10-13_G51,10110011SILVAO,2025-10-13,118094,1,9,0,138.0
10110011SILVAO_2025-10-13_G52,10110011SILVAO,2025-10-13,109643,1,15,0,185.0
10110011SILVAO_2025-10-13_G53,10110011SILVAO,2025-10-13,110373,1,19,0,599.0
10110011SILVAO_2025-10-13_G54,10110011SILVAO,2025-10-13,117832,1,5,0,53.0
10110011SILVAO_2025-10-13_G55,10110011SILVAO,2025-10-13,110372,1,12,0,109.0
10110011SILVAO_2025-10-13_G56,10110011SILVAO,2025-10-13,110371,1,6,0,61.0
10110011SILVAO_2025-10-13_G57,10110011SILVAO,2025-10-13,118299,1,52,0,194.0
10110011SILVAO_2025-10-13_G58,10110011SILVAO,2025-10-13,110325,1,3,0,96.0
10110011SILVAO_2025-10-13_G59,10110011SILVAO,2025-10-13,117820,2,190,11,1564.0
10110011SILVAO_2025-10-13_G60,10110011SILVAO,2025-10-13,100334,1,19,0,396.0
10110011SILVAO_2025-10-13_G61,10110011SILVAO,2025-10-13,118222,3,72,13,1491.0
10110011SILVAO_2025-10-13_G62,10110011SILVAO,2025-10-13,111532,1,20,0,383.0
10110011SILVAO_2025-10-13_G63,10110011SILVAO,2025-10-13,109645,1,4,0,111.0
10110011SILVAO_2025-10-13_G64,10110011SILVAO,2025-10-13,"111418, 111466",2,16,28,146.0
10110011SILVAO_2025-10-13_G65,10110011SILVAO,2025-10-13,111466,1,15,0,73.0
10110011SILVAO_2025-10-13_G66,10110011SILVAO,2025-10-13,116241,1,56,0,678.0
10110011SILVAO_2025-10-13_G67,10110011SILVAO,2025-10-13,109641,1,8,0,162.0
10110011SILVAO_2025-10-13_G68,10110011SILVAO,2025-10-13,111182,1,8,0,70.0
10110011SILVAO_2025-10-13_G69,10110011SILVAO,2025-10-13,111469,1,2,0,63.0
10110011SILVAO_2025-10-13_G70,10110011SILVAO,2025-10-13,141458,1,63,0,320.0
10110011SILVAO_2025-10-13_G71,10110011SILVAO,2025-10-13,141458,1,4,0,58.0
10110011SILVAO_2025-10-13_G72,10110011SILVAO,2025-10-13,117808,1,244,0,305.0
10110011SILVAO_2025-10-14_G02,10110011SILVAO,2025-10-14,117862,1,18,0,190.0
10110011SILVAO_2025-10-14_G03,10110011SILVAO,2025-10-14,117853,1,4,0,99.0
10110011SILVAO_2025-10-14_G04,10110011SILVAO,2025-10-14,110733,1,2,0,41.0
10110011SILVAO_2025-10-14_G05,10110011SILVAO,2025-10-14,111879,1,4,0,42.0
10110011SILVAO_2025-10-14_G06,10110011SILVAO,2025-10-14,117935,1,1,0,60.0
10110011SILVAO_2025-10-14_G07,10110011SILVAO,2025-10-14,110752,1,4,0,85.0
10110011SILVAO_2025-10-14_G08,10110011SILVAO,2025-10-14,111467,1,2,0,48.0
10110011SILVAO_2025-10-14_G09,10110011SILVAO,2025-10-14,117786,1,5,0,78.0
10110011SILVAO_2025-10-14_G10,10110011SILVAO,2025-10-14,117837,1,4,0,101.0
10110011SILVAO_2025-10-14_G11,10110011SILVAO,2025-10-14,111602,1,49,0,535.0
10110011SILVAO_2025-10-14_G12,10110011SILVAO,2025-10-14,109643,1,17,0,472.0
10110011SILVAO_2025-10-14_G13,10110011SILVAO,2025-10-14,117840,1,4,0,856.0
10110011SILVAO_2025-10-14_G14,10110011SILVAO,2025-10-14,"141202, 117822",2,19,27,197.0
10110011SILVAO_2025-10-14_G15,10110011SILVAO,2025-10-14,110325,1,21,0,108.0
10110011SILVAO_2025-10-14_G16,10110011SILVAO,2025-10-14,117809,1,6,0,113.0
10110011SILVAO_2025-10-14_G17,10110011SILVAO,2025-10-14,117808,1,500,0,984.0
10110011SILVAO_2025-10-14_G18,10110011SILVAO,2025-10-14,110373,1,60,0,1716.0
10110011SILVAO_2025-10-14_G19,10110011SILVAO,2025-10-14,110371,1,112,0,94.0
10110011SILVAO_2025-10-14_G20,10110011SILVAO,2025-10-14,110372,1,66,0,1551.0
10110011SILVAO_2025-10-14_G21,10110011SILVAO,2025-10-14,110112,1,7,0,481.0
10110011SILVAO_2025-10-14_G22,10110011SILVAO,2025-10-14,110895,1,4,0,97.0
10110011SILVAO_2025-10-14_G23,10110011SILVAO,2025-10-14,110895,4,85,20,1057.0
10110011SILVAO_2025-10-14_G24,10110011SILVAO,2025-10-14,111850,1,1,0,188.0
10110011SILVAO_2025-10-14_G25,10110011SILVAO,2025-10-14,110339,1,15,0,1093.0
10110011SILVAO_2025-10-14_G26,10110011SILVAO,2025-10-14,110339,1,30,0,337.0
10110011SILVAO_2025-10-14_G27,10110011SILVAO,2025-10-14,110339,2,39,5,279.0
10110011SILVAO_2025-10-14_G28,10110011SILVAO,2025-10-14,107830,1,7,0,1419.0
10110011SILVAO_2025-10-14_G29,10110011SILVAO,2025-10-14,118277,1,4,0,90.0
10110011SILVAO_2025-10-14_G30,10110011SILVAO,2025-10-14,117822,1,11,0,200.0
10110011SILVAO_2025-10-14_G31,10110011SILVAO,2025-10-14,110325,1,44,0,227.0
10110011SILVAO_2025-10-14_G32,10110011SILVAO,2025-10-14,117808,1,375,0,1200.0
10110011SILVAO_2025-10-14_G33,10110011SILVAO,2025-10-14,117808,1,250,0,516.0
10110011SILVAO_2025-10-14_G34,10110011SILVAO,2025-10-14,110373,1,50,0,321.0
10110011SILVAO_2025-10-14_G35,10110011SILVAO,2025-10-14,118299,1,250,0,862.0
10110011SILVAO_2025-10-14_G36,10110011SILVAO,2025-10-14,117820,1,66,0,294.0
10110011SILVAO_2025-10-14_G37,10110011SILVAO,2025-10-14,117862,1,23,0,582.0
10110011SILVAO_2025-10-14_G38,10110011SILVAO,2025-10-14,111602,1,120,0,1286.0
10110011SILVAO_2025-10-14_G39,10110011SILVAO,2025-10-14,117837,1,6,0,108.0
10110011SILVAO_2025-10-14_G40,10110011SILVAO,2025-10-14,108701,1,8,0,161.0
10110011SILVAO_2025-10-14_G41,10110011SILVAO,2025-10-14,109647,1,5,0,198.0
10110011SILVAO_2025-10-14_G43,10110011SILVAO,2025-10-14,117965,1,12,0,182.0
10110011SILVAO_2025-10-14_G44,10110011SILVAO,2025-10-14,108772,1,4,0,206.0
10110011SILVAO_2025-10-14_G45,10110011SILVAO,2025-10-14,105242,1,5,0,87.0
10110011SILVAO_2025-10-14_G46,10110011SILVAO,2025-10-14,110711,2,89,7,574.0
10110011SILVAO_2025-10-14_G47,10110011SILVAO,2025-10-14,117935,1,23,0,402.0
10110011SILVAO_2025-10-14_G48,10110011SILVAO,2025-10-14,111467,1,20,0,177.0
10110011SILVAO_2025-10-14_G49,10110011SILVAO,2025-10-14,106865,1,2,0,238.0
10110011SILVAO_2025-10-14_G50,10110011SILVAO,2025-10-14,140911,1,8,0,92.0
10110011SILVAO_2025-10-14_G51,10110011SILVAO,2025-10-14,100334,1,20,0,304.0
10110011SILVAO_2025-10-14_G52,10110011SILVAO,2025-10-14,117855,1,30,0,1496.0
10110011SILVAO_2025-10-16_G02,10110011SILVAO,2025-10-16,107892,1,235,0,2534.0
10110011SILVAO_2025-10-16_G03,10110011SILVAO,2025-10-16,110747,1,15,0,1147.0
10110011SILVAO_2025-10-16_G04,10110011SILVAO,2025-10-16,118222,1,264,0,474.0
10110011SILVAO_2025-10-16_G06,10110011SILVAO,2025-10-16,118094,1,5,0,58.0
10110011SILVAO_2025-10-16_G07,10110011SILVAO,2025-10-16,111467,1,4,0,136.0
10110011SILVAO_2025-10-16_G08,10110011SILVAO,2025-10-16,108361,1,3,0,648.0
10110011SILVAO_2025-10-16_G09,10110011SILVAO,2025-10-16,109640,1,4,0,94.0
10110011SILVAO_2025-10-16_G10,10110011SILVAO,2025-10-16,111530,1,19,0,196.0
10110011SILVAO_2025-10-16_G11,10110011SILVAO,2025-10-16,117837,1,2,0,101.0
10110011SILVAO_2025-10-16_G12,10110011SILVAO,2025-10-16,110711,1,21,0,380.0
10110011SILVAO_2025-10-16_G13,10110011SILVAO,2025-10-16,117855,1,10,0,412.0
10110011SILVAO_2025-10-16_G14,10110011SILVAO,2025-10-16,140923,1,9,0,180.0
10110011SILVAO_2025-10-16_G15,10110011SILVAO,2025-10-16,111430,1,4,0,284.0
10110011SILVAO_2025-10-16_G16,10110011SILVAO,2025-10-16,118253,1,4,0,295.0
10110011SILVAO_2025-10-16_G17,10110011SILVAO,2025-10-16,111445,1,4,0,141.0
10110011SILVAO_2025-10-16_G18,10110011SILVAO,2025-10-16,116527,1,4,0,90.0
10110011SILVAO_2025-10-16_G19,10110011SILVAO,2025-10-16,111655,1,7,0,506.0
10110011SILVAO_2025-10-16_G20,10110011SILVAO,2025-10-16,110747,1,10,0,209.0
10110011SILVAO_2025-10-16_G21,10110011SILVAO,2025-10-16,110747,1,6,0,62.0
10110011SILVAO_2025-10-16_G22,10110011SILVAO,2025-10-16,110747,1,5,0,58.0
10110011SILVAO_2025-10-16_G23,10110011SILVAO,2025-10-16,111660,1,4,0,285.0
10110011SILVAO_2025-10-16_G24,10110011SILVAO,2025-10-16,111438,2,27,6,206.0
10110011SILVAO_2025-10-16_G25,10110011SILVAO,2025-10-16,115234,1,5,0,504.0
10110011SILVAO_2025-10-16_G26,10110011SILVAO,2025-10-16,115775,1,10,0,437.0
10110011SILVAO_2025-10-16_G27,10110011SILVAO,2025-10-16,111569,1,50,0,495.0
10110011SILVAO_2025-10-16_G28,10110011SILVAO,2025-10-16,111463,1,50,0,996.0
10110011SILVAO_2025-10-16_G29,10110011SILVAO,2025-10-16,111466,2,35,8,297.0
10110011SILVAO_2025-10-16_G31,10110011SILVAO,2025-10-16,140923,1,16,0,165.0
10110011SILVAO_2025-10-16_G32,10110011SILVAO,2025-10-16,110711,1,12,0,146.0
10110011SILVAO_2025-10-16_G33,10110011SILVAO,2025-10-16,117935,1,5,0,121.0
10110011SILVAO_2025-10-16_G34,10110011SILVAO,2025-10-16,108772,1,3,0,157.0
10110011SILVAO_2025-10-16_G35,10110011SILVAO,2025-10-16,110752,1,4,0,77.0
10110011SILVAO_2025-10-16_G36,10110011SILVAO,2025-10-16,109640,1,4,0,132.0
10110011SILVAO_2025-10-17_G02,10110011SILVAO,2025-10-17,110371,1,2,0,226.0
10110011SILVAO_2025-10-17_G03,10110011SILVAO,2025-10-17,117808,1,42,0,276.0
10110011SILVAO_2025-10-17_G04,10110011SILVAO,2025-10-17,110372,1,40,0,340.0
10110011SILVAO_2025-10-17_G05,10110011SILVAO,2025-10-17,"110371, 117808",2,125,15,898.0
10110011SILVAO_2025-10-17_G06,10110011SILVAO,2025-10-17,105705,1,4,0,240.0
10110011SILVAO_2025-10-17_G07,10110011SILVAO,2025-10-17,118317,1,8,0,148.0
10110011SILVAO_2025-10-17_G08,10110011SILVAO,2025-10-17,117785,1,16,0,123.0
10110011SILVAO_2025-10-17_G09,10110011SILVAO,2025-10-17,117831,1,8,0,492.0
10110011SILVAO_2025-10-17_G10,10110011SILVAO,2025-10-17,109640,1,8,0,191.0
10110011SILVAO_2025-10-17_G11,10110011SILVAO,2025-10-17,111182,1,3,0,889.0
10110011SILVAO_2025-10-17_G12,10110011SILVAO,2025-10-17,117785,1,7,0,104.0
10110011SILVAO_2025-10-17_G13,10110011SILVAO,2025-10-17,111182,1,9,0,568.0
10110011SILVAO_2025-10-17_G14,10110011SILVAO,2025-10-17,140911,1,2,0,145.0
10110011SILVAO_2025-10-17_G15,10110011SILVAO,2025-10-17,118222,1,264,0,1198.0
10110011SILVAO_2025-10-17_G16,10110011SILVAO,2025-10-17,117832,1,5,0,359.0
10110011SILVAO_2025-10-17_G17,10110011SILVAO,2025-10-17,117832,1,9,0,71.0
10110011SILVAO_2025-10-17_G18,10110011SILVAO,2025-10-17,110375,1,2,0,65.0
10110011SILVAO_2025-10-17_G19,10110011SILVAO,2025-10-17,110375,1,6,0,41.0
10110011SILVAO_2025-10-17_G20,10110011SILVAO,2025-10-17,110373,1,16,0,144.0
10110011SILVAO_2025-10-17_G21,10110011SILVAO,2025-10-17,117820,1,4,0,128.0
10110011SILVAO_2025-10-17_G22,10110011SILVAO,2025-10-17,117809,1,2,0,75.0
10110011SILVAO_2025-10-17_G23,10110011SILVAO,2025-10-17,117809,1,8,0,61.0
10110011SILVAO_2025-10-17_G24,10110011SILVAO,2025-10-17,118094,1,4,0,135.0
10110011SILVAO_2025-10-17_G25,10110011SILVAO,2025-10-17,118094,1,8,0,67.0
10110011SILVAO_2025-10-17_G26,10110011SILVAO,2025-10-17,140923,1,3,0,70.0
10110011SILVAO_2025-10-17_G27,10110011SILVAO,2025-10-17,117786,1,2,0,117.0
10110011SILVAO_2025-10-17_G28,10110011SILVAO,2025-10-17,117786,1,2,0,37.0
10110011SILVAO_2025-10-17_G29,10110011SILVAO,2025-10-17,117855,1,10,0,182.0
10110011SILVAO_2025-10-17_G30,10110011SILVAO,2025-10-17,117855,1,15,0,1680.0
10110011SILVAO_2025-10-17_G31,10110011SILVAO,2025-10-17,118140,1,3,0,304.0
10110011SILVAO_2025-10-17_G32,10110011SILVAO,2025-10-17,111433,1,4,0,112.0
10110011SILVAO_2025-10-17_G33,10110011SILVAO,2025-10-17,108795,1,4,0,89.0
10110011SILVAO_2025-10-17_G34,10110011SILVAO,2025-10-17,108795,1,6,0,42.0
10110011SILVAO_2025-10-17_G35,10110011SILVAO,2025-10-17,108798,2,2,26,54.0
10110011SILVAO_2025-10-17_G36,10110011SILVAO,2025-10-17,109641,1,1,0,77.0
10110011SILVAO_2025-10-17_G37,10110011SILVAO,2025-10-17,117831,1,12,0,261.0
10110011SILVAO_2025-10-17_G38,10110011SILVAO,2025-10-17,107236,1,3,0,70.0
10110011SILVAO_2025-10-17_G39,10110011SILVAO,2025-10-17,107236,1,3,0,38.0
10110011SILVAO_2025-10-17_G40,10110011SILVAO,2025-10-17,111465,1,2,0,757.0
10110011SILVAO_2025-10-17_G41,10110011SILVAO,2025-10-17,140922,1,4,0,403.0
10110011SILVAO_2025-10-17_G43,10110011SILVAO,2025-10-17,111468,1,32,0,224.0
10110011SILVAO_2025-10-17_G44,10110011SILVAO,2025-10-17,109643,1,90,0,1230.0
10110011SILVAO_2025-10-17_G45,10110011SILVAO,2025-10-17,117832,1,150,0,590.0
10110011SILVAO_2025-10-17_G47,10110011SILVAO,2025-10-17,110325,1,100,0,244.0
10110011SILVAO_2025-10-17_G48,10110011SILVAO,2025-10-17,111438,1,80,0,721.0
10110011SILVAO_2025-10-17_G49,10110011SILVAO,2025-10-17,118251,1,4,0,205.0
10110011SILVAO_2025-10-17_G50,10110011SILVAO,2025-10-17,118250,1,8,0,236.0
10110011SILVAO_2025-10-17_G51,10110011SILVAO,2025-10-17,118094,1,90,0,448.0
10110011SILVAO_2025-10-17_G52,10110011SILVAO,2025-10-17,117862,1,80,0,338.0
10110011SILVAO_2025-10-17_G53,10110011SILVAO,2025-10-17,110832,1,1,0,194.0
10110011SILVAO_2025-10-17_G54,10110011SILVAO,2025-10-17,110711,1,19,0,146.0
10110011SILVAO_2025-10-17_G55,10110011SILVAO,2025-10-17,141456,1,250,0,450.0
10110011SILVAO_2025-10-17_G56,10110011SILVAO,2025-10-17,141457,1,250,0,545.0
10110011SILVAO_2025-10-17_G57,10110011SILVAO,2025-10-17,117785,1,16,0,158.0
10110011SILVAO_2025-10-18_G02,10110011SILVAO,2025-10-18,117935,1,100,0,915.0
10110011SILVAO_2025-10-18_G03,10110011SILVAO,2025-10-18,117855,1,2,0,285.0
10110011SILVAO_2025-10-18_G05,10110011SILVAO,2025-10-18,110373,1,40,0,288.0
10110011SILVAO_2025-10-18_G06,10110011SILVAO,2025-10-18,110371,1,4,0,194.0
10110011SILVAO_2025-10-18_G07,10110011SILVAO,2025-10-18,109640,1,9,0,230.0
10110011SILVAO_2025-10-18_G08,10110011SILVAO,2025-10-18,117808,1,265,0,778.0
10110011SILVAO_2025-10-18_G09,10110011SILVAO,2025-10-18,110373,1,6,0,1205.0
10110011SILVAO_2025-10-18_G10,10110011SILVAO,2025-10-18,117809,1,2,0,78.0
10110011SILVAO_2025-10-18_G11,10110011SILVAO,2025-10-18,118290,1,4,0,171.0
10110011SILVAO_2025-10-18_G12,10110011SILVAO,2025-10-18,111182,1,6,0,86.0
10110011SILVAO_2025-10-18_G13,10110011SILVAO,2025-10-18,141457,1,4,0,94.0
10110011SILVAO_2025-10-18_G14,10110011SILVAO,2025-10-18,117831,1,6,0,110.0
10110011SILVAO_2025-10-18_G15,10110011SILVAO,2025-10-18,111182,1,6,0,249.0
10110011SILVAO_2025-10-18_G16,10110011SILVAO,2025-10-18,117808,1,197,0,313.0
10110011SILVAO_2025-10-18_G17,10110011SILVAO,2025-10-18,117809,1,187,0,1678.0
10110011SILVAO_2025-10-18_G18,10110011SILVAO,2025-10-18,118299,1,87,0,587.0
10110011SILVAO_2025-10-18_G19,10110011SILVAO,2025-10-18,141202,1,84,0,328.0
10110011SILVAO_2025-10-18_G20,10110011SILVAO,2025-10-18,110733,1,12,0,1402.0
10110011SILVAO_2025-10-18_G21,10110011SILVAO,2025-10-18,141823,1,30,0,592.0
10110011SILVAO_2025-10-18_G22,10110011SILVAO,2025-10-18,118140,1,30,0,237.0
10110011SILVAO_2025-10-18_G23,10110011SILVAO,2025-10-18,118140,1,12,0,520.0
10110011SILVAO_2025-10-18_G24,10110011SILVAO,2025-10-18,118140,1,20,0,168.0
10110011SILVAO_2025-10-18_G25,10110011SILVAO,2025-10-18,108711,1,2,0,95.0
10110011SILVAO_2025-10-18_G26,10110011SILVAO,2025-10-18,141823,1,4,0,89.0
10110011SILVAO_2025-10-18_G27,10110011SILVAO,2025-10-18,111466,1,30,0,386.0
10110011SILVAO_2025-10-18_G28,10110011SILVAO,2025-10-18,141457,1,10,0,129.0
10110011SILVAO_2025-10-18_G29,10110011SILVAO,2025-10-18,110733,1,8,0,271.0
10110011SILVAO_2025-10-18_G30,10110011SILVAO,2025-10-18,111463,1,4,0,117.0
10110011SILVAO_2025-10-18_G31,10110011SILVAO,2025-10-18,108795,1,1,0,62.0
10110011SILVAO_2025-10-18_G32,10110011SILVAO,2025-10-18,118140,1,7,0,173.0
10110011SILVAO_2025-10-18_G33,10110011SILVAO,2025-10-18,140922,1,10,0,394.0
10110011SILVAO_2025-10-18_G34,10110011SILVAO,2025-10-18,110373,1,2,0,118.0
10110011SILVAO_2025-10-18_G35,10110011SILVAO,2025-10-18,110372,1,4,0,108.0
10110011SILVAO_2025-10-18_G36,10110011SILVAO,2025-10-18,109643,1,4,0,178.0
10110011SILVAO_2025-10-18_G37,10110011SILVAO,2025-10-18,111348,1,16,0,178.0
10110011SILVAO_2025-10-18_G39,10110011SILVAO,2025-10-18,110733,1,4,0,62.0
10110011SILVAO_2025-10-18_G40,10110011SILVAO,2025-10-18,111743,1,6,0,86.0
10110011SILVAO_2025-10-18_G41,10110011SILVAO,2025-10-18,108711,1,8,0,130.0
10110011SILVAO_2025-10-18_G42,10110011SILVAO,2025-10-18,118140,1,12,0,138.0
10110011SILVAO_2025-10-18_G43,10110011SILVAO,2025-10-18,111466,1,8,0,194.0
10110011SILVAO_2025-10-18_G44,10110011SILVAO,2025-10-18,140922,1,8,0,92.0
10110011SILVAO_2025-10-18_G45,10110011SILVAO,2025-10-18,118283,1,7,0,600.0
10110011SILVAO_2025-10-18_G46,10110011SILVAO,2025-10-18,110325,1,8,0,307.0
10110011SILVAO_2025-10-18_G47,10110011SILVAO,2025-10-18,108711,1,4,0,181.0
10110011SILVAO_2025-10-18_G48,10110011SILVAO,2025-10-18,140911,1,4,0,227.0
10110011SILVAO_2025-10-18_G49,10110011SILVAO,2025-10-18,118222,1,264,0,309.0
10110011SILVAO_2025-10-18_G50,10110011SILVAO,2025-10-18,109640,1,4,0,248.0
10110011SILVAO_2025-10-18_G51,10110011SILVAO,2025-10-18,160057,1,4,0,97.0
10110011SILVAO_2025-10-18_G52,10110011SILVAO,2025-10-18,160057,1,10,0,95.0
10110011SILVAO_2025-10-18_G53,10110011SILVAO,2025-10-18,109640,1,2,0,53.0
10110011SILVAO_2025-10-18_G54,10110011SILVAO,2025-10-18,160054,1,4,0,118.0
10110011SILVAO_2025-10-18_G55,10110011SILVAO,2025-10-18,160051,1,16,0,686.0
10110011SILVAO_2025-10-20_G02,10110011SILVAO,2025-10-20,117840,1,40,0,760.0
10110011SILVAO_2025-10-20_G03,10110011SILVAO,2025-10-20,110372,1,188,0,583.0
10110011SILVAO_2025-10-20_G04,10110011SILVAO,2025-10-20,110376,1,4,0,200.0
10110011SILVAO_2025-10-20_G05,10110011SILVAO,2025-10-20,141456,1,150,0,717.0
10110011SILVAO_2025-10-20_G06,10110011SILVAO,2025-10-20,105705,1,40,0,446.0
10110011SILVAO_2025-10-20_G07,10110011SILVAO,2025-10-20,117831,1,100,0,508.0
10110011SILVAO_2025-10-20_G08,10110011SILVAO,2025-10-20,117831,1,4,0,54.0
10110011SILVAO_2025-10-20_G09,10110011SILVAO,2025-10-20,111463,1,55,0,382.0
10110011SILVAO_2025-10-20_G10,10110011SILVAO,2025-10-20,111463,1,7,0,68.0
10110011SILVAO_2025-10-20_G11,10110011SILVAO,2025-10-20,110751,1,40,0,1296.0
10110011SILVAO_2025-10-20_G12,10110011SILVAO,2025-10-20,111348,1,19,0,207.0
10110011SILVAO_2025-10-20_G13,10110011SILVAO,2025-10-20,111418,1,18,0,189.0
10110011SILVAO_2025-10-20_G14,10110011SILVAO,2025-10-20,118140,1,140,0,590.0
10110011SILVAO_2025-10-20_G15,10110011SILVAO,2025-10-20,109641,1,18,0,276.0
10110011SILVAO_2025-10-20_G16,10110011SILVAO,2025-10-20,111182,1,13,0,481.0
10110011SILVAO_2025-10-20_G17,10110011SILVAO,2025-10-20,111442,1,20,0,115.0
10110011SILVAO_2025-10-20_G18,10110011SILVAO,2025-10-20,111466,1,9,0,117.0
10110011SILVAO_2025-10-20_G19,10110011SILVAO,2025-10-20,111465,1,40,0,367.0
10110011SILVAO_2025-10-20_G20,10110011SILVAO,2025-10-20,111182,1,5,0,77.0
10110011SILVAO_2025-10-20_G21,10110011SILVAO,2025-10-20,111444,1,22,0,131.0
10110011SILVAO_2025-10-20_G22,10110011SILVAO,2025-10-20,108794,1,126,0,678.0
10110011SILVAO_2025-10-20_G23,10110011SILVAO,2025-10-20,109640,1,10,0,1399.0
10110011SILVAO_2025-10-20_G24,10110011SILVAO,2025-10-20,110711,1,8,0,162.0
10110011SILVAO_2025-10-20_G25,10110011SILVAO,2025-10-20,117965,1,4,0,82.0
10110011SILVAO_2025-10-20_G26,10110011SILVAO,2025-10-20,110339,1,4,0,180.0
10110011SILVAO_2025-10-20_G27,10110011SILVAO,2025-10-20,160057,1,4,0,104.0
10110011SILVAO_2025-10-20_G28,10110011SILVAO,2025-10-20,117855,1,4,0,150.0
10110011SILVAO_2025-10-20_G29,10110011SILVAO,2025-10-20,160057,1,4,0,713.0
10110011SILVAO_2025-10-20_G30,10110011SILVAO,2025-10-20,109933,2,8,14,454.0
10110011SILVAO_2025-10-20_G31,10110011SILVAO,2025-10-20,111462,1,12,0,213.0
10110011SILVAO_2025-10-20_G32,10110011SILVAO,2025-10-20,109640,1,8,0,1778.0
10110011SILVAO_2025-10-20_G33,10110011SILVAO,2025-10-20,117785,1,2,0,72.0
10110011SILVAO_2025-10-20_G34,10110011SILVAO,2025-10-20,110711,1,2,0,90.0
10110011SILVAO_2025-10-20_G35,10110011SILVAO,2025-10-20,107830,1,2,0,89.0
10110011SILVAO_2025-10-20_G36,10110011SILVAO,2025-10-20,117832,1,4,0,63.0
10110011SILVAO_2025-10-20_G37,10110011SILVAO,2025-10-20,110371,1,4,0,66.0
10110011SILVAO_2025-10-20_G38,10110011SILVAO,2025-10-20,117822,1,6,0,62.0
10110011SILVAO_2025-10-20_G39,10110011SILVAO,2025-10-20,111743,1,3,0,110.0
10110011SILVAO_2025-10-20_G40,10110011SILVAO,2025-10-20,160055,1,6,0,80.0
10110011SILVAO_2025-10-20_G41,10110011SILVAO,2025-10-20,111462,1,6,0,148.0
10110011SILVAO_2025-10-20_G42,10110011SILVAO,2025-10-20,111439,1,4,0,115.0
10110011SILVAO_2025-10-20_G43,10110011SILVAO,2025-10-20,140923,1,3,0,69.0
10110011SILVAO_2025-10-20_G44,10110011SILVAO,2025-10-20,111467,1,7,0,79.0
10110011SILVAO_2025-10-20_G45,10110011SILVAO,2025-10-20,110711,1,2,0,54.0
10110011SILVAO_2025-10-20_G46,10110011SILVAO,2025-10-20,117786,1,3,0,94.0
10110011SILVAO_2025-10-20_G47,10110011SILVAO,2025-10-20,111602,1,3,0,87.0
10110011SILVAO_2025-10-20_G48,10110011SILVAO,2025-10-20,116527,1,2,0,162.0
10110011SILVAO_2025-10-20_G49,10110011SILVAO,2025-10-20,110742,1,4,0,108.0
10110011SILVAO_2025-10-20_G50,10110011SILVAO,2025-10-20,140956,1,4,0,137.0
10110011SILVAO_2025-10-20_G51,10110011SILVAO,2025-10-20,111463,1,41,0,611.0
10110011SILVAO_2025-10-20_G52,10110011SILVAO,2025-10-20,109640,1,14,0,307.0
10110011SILVAO_2025-10-20_G53,10110011SILVAO,2025-10-20,108798,1,4,0,106.0
10110011SILVAO_2025-10-20_G54,10110011SILVAO,2025-10-20,111172,1,4,0,229.0
10110011SILVAO_2025-10-20_G56,10110011SILVAO,2025-10-20,110339,2,4,22,983.0
10110011SILVAO_2025-10-20_G57,10110011SILVAO,2025-10-20,110711,1,12,0,325.0
10110011SILVAO_2025-10-20_G58,10110011SILVAO,2025-10-20,110339,1,4,0,120.0
10110011SILVAO_2025-10-20_G59,10110011SILVAO,2025-10-20,110711,1,4,0,151.0
10110011SILVAO_2025-10-20_G60,10110011SILVAO,2025-10-20,141823,1,12,0,148.0
10110011SILVAO_2025-10-20_G61,10110011SILVAO,2025-10-20,117831,1,4,0,174.0
10110011SILVAO_2025-10-20_G62,10110011SILVAO,2025-10-20,108711,1,4,0,80.0
10110011SILVAO_2025-10-20_G63,10110011SILVAO,2025-10-20,118140,1,4,0,378.0
10110011SILVAO_2025-10-20_G64,10110011SILVAO,2025-10-20,118140,1,4,0,921.0
10110011SILVAO_2025-10-20_G65,10110011SILVAO,2025-10-20,111442,1,4,0,109.0
10110011SILVAO_2025-10-20_G66,10110011SILVAO,2025-10-20,118140,1,8,0,133.0
10110011SILVAO_2025-10-20_G67,10110011SILVAO,2025-10-20,108711,1,8,0,96.0
10110011SILVAO_2025-10-20_G68,10110011SILVAO,2025-10-20,110711,1,6,0,149.0
10110011SILVAO_2025-10-20_G69,10110011SILVAO,2025-10-20,110373,1,20,0,191.0
10110011SILVAO_2025-10-20_G70,10110011SILVAO,2025-10-20,107236,1,4,0,76.0
10110011SILVAO_2025-10-20_G71,10110011SILVAO,2025-10-20,111660,1,4,0,143.0
10110011SILVAO_2025-10-20_G72,10110011SILVAO,2025-10-20,110711,1,4,0,143.0
10110011SILVAO_2025-10-20_G73,10110011SILVAO,2025-10-20,118140,1,4,0,80.0
10110011SILVAO_2025-10-20_G74,10110011SILVAO,2025-10-20,118140,1,4,0,392.0
10110011SILVAO_2025-10-20_G75,10110011SILVAO,2025-10-20,110711,1,4,0,73.0
10110011SILVAO_2025-10-20_G76,10110011SILVAO,2025-10-20,110373,1,16,0,538.0
10110011SILVAO_2025-10-20_G77,10110011SILVAO,2025-10-20,118299,1,10,0,124.0
10110011SILVAO_2025-10-20_G78,10110011SILVAO,2025-10-20,117831,1,1,0,106.0
10110011SILVAO_2025-10-20_G79,10110011SILVAO,2025-10-20,111462,1,19,0,194.0
10110011SILVAO_2025-10-20_G80,10110011SILVAO,2025-10-20,141458,1,12,0,142.0
10110011SILVAO_2025-10-20_G81,10110011SILVAO,2025-10-20,118094,1,4,0,108.0
10110011SILVAO_2025-10-20_G82,10110011SILVAO,2025-10-20,110711,1,10,0,152.0
10110011SILVAO_2025-10-22_G02,10110011SILVAO,2025-10-22,111430,1,10,0,1038.0
10110011SILVAO_2025-10-22_G03,10110011SILVAO,2025-10-22,118306,1,14,0,246.0
10110011SILVAO_2025-10-22_G04,10110011SILVAO,2025-10-22,110749,1,4,0,131.0
10110011SILVAO_2025-10-22_G05,10110011SILVAO,2025-10-22,110623,1,3,0,193.0
10110011SILVAO_2025-10-22_G06,10110011SILVAO,2025-10-22,110754,1,20,0,642.0
10110011SILVAO_2025-10-22_G07,10110011SILVAO,2025-10-22,111569,1,26,0,97.0
10110011SILVAO_2025-10-22_G08,10110011SILVAO,2025-10-22,100334,1,23,0,385.0
10110011SILVAO_2025-10-22_G09,10110011SILVAO,2025-10-22,110755,1,30,0,341.0
10110011SILVAO_2025-10-22_G10,10110011SILVAO,2025-10-22,118269,1,16,0,323.0
10110011SILVAO_2025-10-22_G11,10110011SILVAO,2025-10-22,110741,1,16,0,1329.0
10110011SILVAO_2025-10-22_G12,10110011SILVAO,2025-10-22,117853,1,22,0,366.0
10110011SILVAO_2025-10-22_G13,10110011SILVAO,2025-10-22,111879,1,12,0,123.0
10110011SILVAO_2025-10-22_G14,10110011SILVAO,2025-10-22,117855,1,16,0,300.0
10110011SILVAO_2025-10-22_G15,10110011SILVAO,2025-10-22,117837,1,14,0,438.0
10110011SILVAO_2025-10-22_G16,10110011SILVAO,2025-10-22,111530,1,70,0,213.0
10110011SILVAO_2025-10-22_G17,10110011SILVAO,2025-10-22,109643,1,4,0,633.0
10110011SILVAO_2025-10-22_G18,10110011SILVAO,2025-10-22,107830,1,100,0,407.0
10110011SILVAO_2025-10-22_G19,10110011SILVAO,2025-10-22,110372,1,100,0,573.0
10110011SILVAO_2025-10-22_G20,10110011SILVAO,2025-10-22,110373,1,100,0,216.0
10110011SILVAO_2025-10-22_G21,10110011SILVAO,2025-10-22,110371,1,60,0,837.0
10110011SILVAO_2025-10-22_G22,10110011SILVAO,2025-10-22,141202,1,40,0,287.0
10110011SILVAO_2025-10-22_G23,10110011SILVAO,2025-10-22,108794,1,155,0,844.0
10110011SILVAO_2025-10-22_G24,10110011SILVAO,2025-10-22,111418,1,120,0,608.0
10110011SILVAO_2025-10-22_G25,10110011SILVAO,2025-10-22,111182,1,4,0,142.0
10110011SILVAO_2025-10-22_G26,10110011SILVAO,2025-10-22,141066,1,40,0,491.0
10110011SILVAO_2025-10-22_G27,10110011SILVAO,2025-10-22,111467,1,20,0,258.0
10110011SILVAO_2025-10-22_G28,10110011SILVAO,2025-10-22,141313,1,20,0,2115.0
10110011SILVAO_2025-10-22_G29,10110011SILVAO,2025-10-22,110742,1,12,0,296.0
10110011SILVAO_2025-10-22_G30,10110011SILVAO,2025-10-22,111445,1,8,0,224.0
10110011SILVAO_2025-10-22_G31,10110011SILVAO,2025-10-22,140911,1,17,0,266.0
10110011SILVAO_2025-10-22_G32,10110011SILVAO,2025-10-22,118418,1,10,0,80.0
10110011SILVAO_2025-10-22_G34,10110011SILVAO,2025-10-22,140922,1,11,0,188.0
10110011SILVAO_2025-10-22_G35,10110011SILVAO,2025-10-22,117785,1,4,0,142.0
10110011SILVAO_2025-10-22_G36,10110011SILVAO,2025-10-22,110313,1,8,0,160.0
10110011SILVAO_2025-10-22_G37,10110011SILVAO,2025-10-22,111462,1,6,0,227.0
10110011SILVAO_2025-10-22_G38,10110011SILVAO,2025-10-22,110372,1,50,0,345.0
10110011SILVAO_2025-10-22_G39,10110011SILVAO,2025-10-22,111462,1,12,0,637.0
10110011SILVAO_2025-10-22_G40,10110011SILVAO,2025-10-22,110313,1,11,0,129.0
10110011SILVAO_2025-10-22_G41,10110011SILVAO,2025-10-22,141202,1,8,0,179.0
10110011SILVAO_2025-10-22_G42,10110011SILVAO,2025-10-22,110711,1,4,0,627.0
10110011SILVAO_2025-10-22_G43,10110011SILVAO,2025-10-22,110372,1,26,0,229.0
10110011SILVAO_2025-10-22_G44,10110011SILVAO,2025-10-22,111462,1,16,0,147.0
10110011SILVAO_2025-10-22_G45,10110011SILVAO,2025-10-22,140923,1,9,0,223.0
10110011SILVAO_2025-10-22_G46,10110011SILVAO,2025-10-22,110711,1,4,0,119.0
10110011SILVAO_2025-10-22_G47,10110011SILVAO,2025-10-22,110711,1,4,0,36.0
10110011SILVAO_2025-10-22_G48,10110011SILVAO,2025-10-22,110711,1,4,0,75.0
10110011SILVAO_2025-10-22_G49,10110011SILVAO,2025-10-22,111469,1,4,0,154.0
10110011SILVAO_2025-10-22_G50,10110011SILVAO,2025-10-22,110711,1,2,0,100.0
10110011SILVAO_2025-10-22_G51,10110011SILVAO,2025-10-22,141202,1,4,0,173.0
10110011SILVAO_2025-10-22_G52,10110011SILVAO,2025-10-22,110711,1,4,0,179.0
10110011SILVAO_2025-10-22_G53,10110011SILVAO,2025-10-22,141202,1,2,0,877.0
10110011SILVAO_2025-10-24_G02,10110011SILVAO,2025-10-24,140922,1,7,0,226.0
10110011SILVAO_2025-10-24_G03,10110011SILVAO,2025-10-24,141823,1,4,0,111.0
10110011SILVAO_2025-10-24_G04,10110011SILVAO,2025-10-24,117786,1,4,0,131.0
10110011SILVAO_2025-10-24_G05,10110011SILVAO,2025-10-24,117808,1,5,0,99.0
10110011SILVAO_2025-10-24_G06,10110011SILVAO,2025-10-24,110373,1,13,0,140.0
10110011SILVAO_2025-10-24_G07,10110011SILVAO,2025-10-24,100334,1,2,0,138.0
10110011SILVAO_2025-10-24_G08,10110011SILVAO,2025-10-24,111602,1,24,0,191.0
10110011SILVAO_2025-10-24_G09,10110011SILVAO,2025-10-24,110787,1,4,0,160.0
10110011SILVAO_2025-10-24_G10,10110011SILVAO,2025-10-24,111602,1,24,0,281.0
10110011SILVAO_2025-10-24_G11,10110011SILVAO,2025-10-24,107830,1,2,0,339.0
10110011SILVAO_2025-10-24_G12,10110011SILVAO,2025-10-24,117808,1,5,0,81.0
10110011SILVAO_2025-10-24_G13,10110011SILVAO,2025-10-24,118299,1,4,0,72.0
10110011SILVAO_2025-10-24_G14,10110011SILVAO,2025-10-24,141202,1,3,0,79.0
10110011SILVAO_2025-10-24_G15,10110011SILVAO,2025-10-24,110371,1,4,0,63.0
10110011SILVAO_2025-10-24_G16,10110011SILVAO,2025-10-24,110325,1,2,0,57.0
10110011SILVAO_2025-10-24_G17,10110011SILVAO,2025-10-24,118140,1,8,0,157.0
10110011SILVAO_2025-10-24_G18,10110011SILVAO,2025-10-24,111466,1,3,0,47.0
10110011SILVAO_2025-10-24_G19,10110011SILVAO,2025-10-24,117831,1,2,0,52.0
10110011SILVAO_2025-10-24_G20,10110011SILVAO,2025-10-24,141458,1,4,0,122.0
10110011SILVAO_2025-10-24_G21,10110011SILVAO,2025-10-24,110733,1,3,0,140.0
10110011SILVAO_2025-10-24_G22,10110011SILVAO,2025-10-24,117935,1,4,0,96.0
10110011SILVAO_2025-10-24_G23,10110011SILVAO,2025-10-24,111430,1,8,0,172.0
10110011SILVAO_2025-10-24_G24,10110011SILVAO,2025-10-24,118222,1,4,0,722.0
10110011SILVAO_2025-10-24_G25,10110011SILVAO,2025-10-24,110747,1,4,0,92.0
10110011SILVAO_2025-10-24_G26,10110011SILVAO,2025-10-24,111569,1,8,0,122.0
10110011SILVAO_2025-10-24_G27,10110011SILVAO,2025-10-24,111602,1,28,0,528.0
10110011SILVAO_2025-10-24_G28,10110011SILVAO,2025-10-24,107830,1,4,0,285.0
10110011SILVAO_2025-10-24_G29,10110011SILVAO,2025-10-24,117832,1,6,0,67.0
10110011SILVAO_2025-10-24_G30,10110011SILVAO,2025-10-24,110373,1,7,0,84.0
10110011SILVAO_2025-10-24_G31,10110011SILVAO,2025-10-24,118140,1,7,0,143.0
10110011SILVAO_2025-10-24_G32,10110011SILVAO,2025-10-24,105705,1,1,0,44.0
10110011SILVAO_2025-10-24_G33,10110011SILVAO,2025-10-24,111466,1,1,0,33.0
10110011SILVAO_2025-10-24_G34,10110011SILVAO,2025-10-24,117831,1,4,0,51.0
10110011SILVAO_2025-10-24_G35,10110011SILVAO,2025-10-24,111743,1,2,0,61.0
10110011SILVAO_2025-10-24_G36,10110011SILVAO,2025-10-24,140922,1,4,0,100.0
10110011SILVAO_2025-10-24_G37,10110011SILVAO,2025-10-24,141457,1,4,0,77.0
10110011SILVAO_2025-10-24_G38,10110011SILVAO,2025-10-24,117821,1,2,0,96.0
10110011SILVAO_2025-10-24_G39,10110011SILVAO,2025-10-24,107236,1,4,0,102.0
10110011SILVAO_2025-10-24_G40,10110011SILVAO,2025-10-24,110745,1,2,0,42.0
10110011SILVAO_2025-10-24_G41,10110011SILVAO,2025-10-24,111465,1,4,0,48.0
10110011SILVAO_2025-10-24_G42,10110011SILVAO,2025-10-24,111467,1,2,0,86.0
10110011SILVAO_2025-10-24_G43,10110011SILVAO,2025-10-24,110711,1,3,0,255.0
10110011SILVAO_2025-10-24_G44,10110011SILVAO,2025-10-24,"117862, 117856",2,3,21,31.0
10110011SILVAO_2025-10-24_G45,10110011SILVAO,2025-10-24,110755,1,2,0,114.0
10110011SILVAO_2025-10-24_G46,10110011SILVAO,2025-10-24,111569,1,4,0,122.0
10110011SILVAO_2025-10-24_G47,10110011SILVAO,2025-10-24,108770,1,4,0,125.0
10110011SILVAO_2025-10-24_G48,10110011SILVAO,2025-10-24,111430,1,4,0,198.0
10110011SILVAO_2025-10-24_G49,10110011SILVAO,2025-10-24,117820,1,8,0,1236.0
10110011SILVAO_2025-10-24_G50,10110011SILVAO,2025-10-24,111602,1,32,0,327.0
10110011SILVAO_2025-10-24_G51,10110011SILVAO,2025-10-24,118222,1,3,0,1418.0
10110011SILVAO_2025-10-24_G52,10110011SILVAO,2025-10-24,110372,1,7,0,148.0
10110011SILVAO_2025-10-24_G53,10110011SILVAO,2025-10-24,110372,1,4,0,52.0
10110011SILVAO_2025-10-24_G54,10110011SILVAO,2025-10-24,111469,1,1,0,77.0
10110011SILVAO_2025-10-24_G55,10110011SILVAO,2025-10-24,110372,1,1,0,112.0
10110011SILVAO_2025-10-24_G56,10110011SILVAO,2025-10-24,109643,1,8,0,1338.0
10110011SILVAO_2025-10-24_G57,10110011SILVAO,2025-10-24,110373,1,15,0,222.0
10110011SILVAO_2025-10-24_G58,10110011SILVAO,2025-10-24,110325,1,7,0,83.0
10110011SILVAO_2025-10-24_G59,10110011SILVAO,2025-10-24,118140,1,5,0,96.0
10110011SILVAO_2025-10-24_G60,10110011SILVAO,2025-10-24,110711,1,3,0,149.0
10110011SILVAO_2025-10-24_G61,10110011SILVAO,2025-10-24,110733,1,3,0,105.0
10110011SILVAO_2025-10-24_G62,10110011SILVAO,2025-10-24,117935,1,7,0,135.0
10110011SILVAO_2025-10-24_G63,10110011SILVAO,2025-10-24,111438,1,4,0,258.0
10110011SILVAO_2025-10-24_G64,10110011SILVAO,2025-10-24,118299,1,4,0,180.0
10110011SILVAO_2025-10-24_G65,10110011SILVAO,2025-10-24,110787,1,12,0,141.0
10110011SILVAO_2025-10-24_G66,10110011SILVAO,2025-10-24,111462,1,4,0,95.0
10110011SILVAO_2025-10-24_G67,10110011SILVAO,2025-10-24,110371,1,165,0,657.0
10110011SILVAO_2025-10-24_G68,10110011SILVAO,2025-10-24,110741,1,2,0,225.0
10110011SILVAO_2025-10-24_G69,10110011SILVAO,2025-10-24,118298,1,15,0,107.0
10110011SILVAO_2025-10-24_G70,10110011SILVAO,2025-10-24,108772,1,10,0,117.0
10110011SILVAO_2025-10-24_G71,10110011SILVAO,2025-10-24,111602,1,25,0,364.0
10110011SILVAO_2025-10-24_G72,10110011SILVAO,2025-10-24,110711,1,80,0,266.0
10110011SILVAO_2025-10-24_G73,10110011SILVAO,2025-10-24,110746,1,10,0,404.0
10110011SILVAO_2025-10-24_G74,10110011SILVAO,2025-10-24,117834,1,2,0,96.0
10110011SILVAO_2025-10-24_G75,10110011SILVAO,2025-10-24,117789,1,5,0,103.0
10110011SILVAO_2025-10-24_G77,10110011SILVAO,2025-10-24,111602,1,20,0,212.0
10110011SILVAO_2025-10-24_G78,10110011SILVAO,2025-10-24,111602,1,12,0,170.0
10110011SILVAO_2025-10-24_G79,10110011SILVAO,2025-10-24,109643,1,2,0,132.0
10110011SILVAO_2025-10-24_G80,10110011SILVAO,2025-10-24,110373,1,2,0,97.0
10110011SILVAO_2025-10-24_G81,10110011SILVAO,2025-10-24,118140,1,5,0,164.0
10110011SILVAO_2025-10-24_G82,10110011SILVAO,2025-10-24,117831,1,2,0,59.0
10110011SILVAO_2025-10-24_G83,10110011SILVAO,2025-10-24,108798,1,2,0,82.0
10110011SILVAO_2025-10-24_G84,10110011SILVAO,2025-10-24,110743,1,4,0,78.0
10110011SILVAO_2025-10-24_G85,10110011SILVAO,2025-10-24,111462,1,1,0,66.0
10110011SILVAO_2025-10-24_G86,10110011SILVAO,2025-10-24,108711,1,1,0,34.0
10110011SILVAO_2025-10-24_G87,10110011SILVAO,2025-10-24,117833,1,2,0,110.0
10110011SILVAO_2025-10-24_G88,10110011SILVAO,2025-10-24,117785,1,1,0,42.0
10110011SILVAO_2025-10-24_G89,10110011SILVAO,2025-10-24,141458,1,4,0,164.0
10110011SILVAO_2025-10-24_G90,10110011SILVAO,2025-10-24,117862,1,2,0,188.0
10110011SILVAO_2025-10-24_G91,10110011SILVAO,2025-10-24,140923,1,3,0,101.0
10110011SILVAO_2025-10-24_G92,10110011SILVAO,2025-10-24,140923,1,2,0,32.0
10110011SILVAO_2025-10-24_G93,10110011SILVAO,2025-10-24,140923,1,4,0,43.0
10110011SILVAO_2025-10-24_G94,10110011SILVAO,2025-10-24,140923,1,12,0,430.0
10110011SILVAO_2025-10-24_G95,10110011SILVAO,2025-10-24,111602,1,16,0,182.0
10110011SILVAO_2025-10-24_G96,10110011SILVAO,2025-10-24,111602,1,4,0,66.0
10110011SILVAO_2025-10-24_G97,10110011SILVAO,2025-10-24,111602,1,60,0,500.0
10110011SILVAO_2025-10-25_G02,10110011SILVAO,2025-10-25,111469,1,31,0,136.0
10110011SILVAO_2025-10-25_G03,10110011SILVAO,2025-10-25,111462,1,1,0,79.0
10110011SILVAO_2025-10-25_G04,10110011SILVAO,2025-10-25,117830,1,36,0,276.0
10110011SILVAO_2025-10-25_G05,10110011SILVAO,2025-10-25,117830,1,6,0,40.0
10110011SILVAO_2025-10-25_G06,10110011SILVAO,2025-10-25,117830,1,4,0,32.0
10110011SILVAO_2025-10-25_G07,10110011SILVAO,2025-10-25,110711,1,7,0,314.0
10110011SILVAO_2025-10-25_G08,10110011SILVAO,2025-10-25,118140,1,24,0,209.0
10110011SILVAO_2025-10-25_G09,10110011SILVAO,2025-10-25,141823,1,5,0,83.0
10110011SILVAO_2025-10-25_G10,10110011SILVAO,2025-10-25,140922,1,3,0,50.0
10110011SILVAO_2025-10-25_G11,10110011SILVAO,2025-10-25,110711,1,6,0,91.0
10110011SILVAO_2025-10-25_G12,10110011SILVAO,2025-10-25,118140,1,12,0,115.0
10110011SILVAO_2025-10-25_G13,10110011SILVAO,2025-10-25,141823,1,2,0,49.0
10110011SILVAO_2025-10-25_G14,10110011SILVAO,2025-10-25,108711,1,3,0,82.0
10110011SILVAO_2025-10-25_G15,10110011SILVAO,2025-10-25,111530,1,12,0,389.0
10110011SILVAO_2025-10-25_G16,10110011SILVAO,2025-10-25,117855,1,2,0,127.0
10110011SILVAO_2025-10-25_G17,10110011SILVAO,2025-10-25,111330,1,8,0,142.0
10110011SILVAO_2025-10-25_G18,10110011SILVAO,2025-10-25,111330,1,3,0,64.0
10110011SILVAO_2025-10-25_G19,10110011SILVAO,2025-10-25,111330,1,7,0,105.0
10110011SILVAO_2025-10-25_G20,10110011SILVAO,2025-10-25,117830,1,12,0,215.0
10110011SILVAO_2025-10-25_G21,10110011SILVAO,2025-10-25,110373,1,20,0,173.0
10110011SILVAO_2025-10-25_G22,10110011SILVAO,2025-10-25,141457,1,4,0,267.0
10110011SILVAO_2025-10-25_G23,10110011SILVAO,2025-10-25,111330,1,4,0,101.0
10110011SILVAO_2025-10-25_G24,10110011SILVAO,2025-10-25,117830,1,4,0,58.0
10110011SILVAO_2025-10-25_G25,10110011SILVAO,2025-10-25,117808,1,44,0,224.0
10110011SILVAO_2025-10-25_G26,10110011SILVAO,2025-10-25,110373,1,4,0,34.0
10110011SILVAO_2025-10-25_G27,10110011SILVAO,2025-10-25,117820,1,4,0,1323.0
10110011SILVAO_2025-10-25_G28,10110011SILVAO,2025-10-25,117808,1,14,0,137.0
10110011SILVAO_2025-10-25_G29,10110011SILVAO,2025-10-25,111602,1,4,0,81.0
10110011SILVAO_2025-10-25_G30,10110011SILVAO,2025-10-25,110339,1,6,0,58.0
10110011SILVAO_2025-10-25_G31,10110011SILVAO,2025-10-25,117855,1,2,0,51.0
10110011SILVAO_2025-10-25_G32,10110011SILVAO,2025-10-25,111438,1,2,0,127.0
10110011SILVAO_2025-10-25_G33,10110011SILVAO,2025-10-25,111463,1,1,0,69.0
10110011SILVAO_2025-10-25_G34,10110011SILVAO,2025-10-25,110740,1,8,0,142.0
10110011SILVAO_2025-10-25_G35,10110011SILVAO,2025-10-25,108711,1,4,0,106.0
10110011SILVAO_2025-10-25_G36,10110011SILVAO,2025-10-25,117820,1,4,0,149.0
10110011SILVAO_2025-10-25_G37,10110011SILVAO,2025-10-25,118140,1,3,0,82.0
10110011SILVAO_2025-10-25_G38,10110011SILVAO,2025-10-25,111438,1,4,0,125.0
10110011SILVAO_2025-10-25_G39,10110011SILVAO,2025-10-25,117808,1,4,0,138.0
10110011SILVAO_2025-10-25_G40,10110011SILVAO,2025-10-25,111602,1,3,0,38.0
10110011SILVAO_2025-10-25_G41,10110011SILVAO,2025-10-25,110787,1,2,0,110.0
10110011SILVAO_2025-10-25_G42,10110011SILVAO,2025-10-25,111438,1,4,0,329.0
10110011SILVAO_2025-10-25_G43,10110011SILVAO,2025-10-25,100334,1,4,0,137.0
10110011SILVAO_2025-10-25_G44,10110011SILVAO,2025-10-25,110747,1,2,0,82.0
10110011SILVAO_2025-10-25_G45,10110011SILVAO,2025-10-25,111530,1,5,0,97.0
10110011SILVAO_2025-10-25_G46,10110011SILVAO,2025-10-25,117830,1,14,0,163.0
10110011SILVAO_2025-10-25_G47,10110011SILVAO,2025-10-25,111469,1,8,0,143.0
10110011SILVAO_2025-10-25_G48,10110011SILVAO,2025-10-25,117820,1,3,0,111.0
10110011SILVAO_2025-10-25_G49,10110011SILVAO,2025-10-25,111530,1,1,0,60.0
10110011SILVAO_2025-10-25_G50,10110011SILVAO,2025-10-25,111602,1,1,0,91.0
10110011SILVAO_2025-10-25_G51,10110011SILVAO,2025-10-25,111438,1,7,0,180.0
10110011SILVAO_2025-10-25_G52,10110011SILVAO,2025-10-25,100334,1,1,0,130.0
10110011SILVAO_2025-10-25_G53,10110011SILVAO,2025-10-25,111569,1,7,0,137.0
10110011SILVAO_2025-10-25_G54,10110011SILVAO,2025-10-25,110787,1,16,0,228.0
10110011SILVAO_2025-10-25_G55,10110011SILVAO,2025-10-25,118222,1,1,0,352.0
10110011SILVAO_2025-10-25_G56,10110011SILVAO,2025-10-25,117820,1,4,0,76.0
10110011SILVAO_2025-10-25_G57,10110011SILVAO,2025-10-25,111530,1,1,0,100.0
10110011SILVAO_2025-10-25_G58,10110011SILVAO,2025-10-25,111602,1,4,0,54.0
10110011SILVAO_2025-10-25_G59,10110011SILVAO,2025-10-25,117855,1,2,0,73.0
10110011SILVAO_2025-10-25_G60,10110011SILVAO,2025-10-25,111569,1,4,0,69.0
10110011SILVAO_2025-10-25_G61,10110011SILVAO,2025-10-25,111438,1,4,0,136.0
10110011SILVAO_2025-10-25_G62,10110011SILVAO,2025-10-25,100334,1,3,0,119.0
10110011SILVAO_2025-10-25_G63,10110011SILVAO,2025-10-25,110747,1,2,0,73.0
10110011SILVAO_2025-10-25_G64,10110011SILVAO,2025-10-25,111530,1,8,0,141.0
10110011SILVAO_2025-10-25_G65,10110011SILVAO,2025-10-25,117855,1,4,0,116.0
10110011SILVAO_2025-10-25_G66,10110011SILVAO,2025-10-25,111463,1,3,0,628.0
10110011SILVAO_2025-10-25_G67,10110011SILVAO,2025-10-25,110740,1,2,0,102.0
10110011SILVAO_2025-10-25_G68,10110011SILVAO,2025-10-25,117785,1,4,0,87.0
10110011SILVAO_2025-10-25_G69,10110011SILVAO,2025-10-25,117820,1,4,0,97.0
10110011SILVAO_2025-10-25_G70,10110011SILVAO,2025-10-25,117808,1,4,0,124.0
10110011SILVAO_2025-10-25_G71,10110011SILVAO,2025-10-25,111438,1,11,0,867.0
10110011SILVAO_2025-10-25_G72,10110011SILVAO,2025-10-25,118222,1,7,0,127.0
10110011SILVAO_2025-10-25_G73,10110011SILVAO,2025-10-25,100334,1,4,0,149.0
10110011SILVAO_2025-10-25_G74,10110011SILVAO,2025-10-25,111569,1,2,0,114.0
10110011SILVAO_2025-10-25_G75,10110011SILVAO,2025-10-25,117820,1,3,0,134.0
10110011SILVAO_2025-10-25_G76,10110011SILVAO,2025-10-25,118140,1,7,0,90.0
10110011SILVAO_2025-10-25_G77,10110011SILVAO,2025-10-25,110740,1,8,0,144.0
10110011SILVAO_2025-10-25_G78,10110011SILVAO,2025-10-25,100334,1,2,0,292.0
10110011SILVAO_2025-10-25_G79,10110011SILVAO,2025-10-25,118222,1,2,0,341.0
10110011SILVAO_2025-10-25_G80,10110011SILVAO,2025-10-25,111530,1,3,0,81.0
10110011SILVAO_2025-10-25_G81,10110011SILVAO,2025-10-25,117820,1,4,0,130.0
10110011SILVAO_2025-10-25_G82,10110011SILVAO,2025-10-25,117808,1,11,0,158.0
10110011SILVAO_2025-10-25_G83,10110011SILVAO,2025-10-25,111182,1,8,0,160.0
10110011SILVAO_2025-10-25_G84,10110011SILVAO,2025-10-25,117785,1,2,0,354.0
10110011SILVAO_2025-10-25_G86,10110011SILVAO,2025-10-25,109640,1,14,0,237.0
10110011SILVAO_2025-10-25_G87,10110011SILVAO,2025-10-25,141823,1,20,0,150.0
10110011SILVAO_2025-10-25_G88,10110011SILVAO,2025-10-25,111469,1,3,0,64.0
10110011SILVAO_2025-10-25_G89,10110011SILVAO,2025-10-25,111330,1,5,0,89.0
10110011SILVAO_2025-10-25_G90,10110011SILVAO,2025-10-25,111330,1,8,0,56.0
10110011SILVAO_2025-10-25_G91,10110011SILVAO,2025-10-25,111462,1,4,0,54.0
10110011SILVAO_2025-10-25_G92,10110011SILVAO,2025-10-25,111438,1,2,0,1090.0
10110011SILVAO_2025-10-25_G93,10110011SILVAO,2025-10-25,110742,1,2,0,179.0
10110011SILVAO_2025-10-25_G94,10110011SILVAO,2025-10-25,116527,1,2,0,66.0
10110011SILVAO_2025-10-25_G95,10110011SILVAO,2025-10-25,111660,1,4,0,121.0
10110011SILVAO_2025-10-25_G96,10110011SILVAO,2025-10-25,111530,1,6,0,156.0
10110011SILVAO_2025-10-25_G97,10110011SILVAO,2025-10-25,117862,1,2,0,47.0
10110011SILVAO_2025-10-25_G98,10110011SILVAO,2025-10-25,117853,1,3,0,63.0
10110011SILVAO_2025-10-25_G99,10110011SILVAO,2025-10-25,117935,1,4,0,81.0
10110011SILVAO_2025-10-25_G100,10110011SILVAO,2025-10-25,108772,1,2,0,88.0
10110011SILVAO_2025-10-25_G101,10110011SILVAO,2025-10-25,110752,1,4,0,45.0
10110011SILVAO_2025-10-25_G102,10110011SILVAO,2025-10-25,111467,1,4,0,59.0
10110011SILVAO_2025-10-25_G103,10110011SILVAO,2025-10-25,140923,1,8,0,122.0
10110011SILVAO_2025-10-25_G104,10110011SILVAO,2025-10-25,117831,1,4,0,99.0
10110011SILVAO_2025-10-25_G105,10110011SILVAO,2025-10-25,111418,1,12,0,121.0
10110011SILVAO_2025-10-25_G106,10110011SILVAO,2025-10-25,111182,1,4,0,86.0
10110011SILVAO_2025-10-25_G107,10110011SILVAO,2025-10-25,110740,1,8,0,406.0
10110011SILVAO_2025-10-25_G108,10110011SILVAO,2025-10-25,141823,1,3,0,55.0
10110011SILVAO_2025-10-25_G109,10110011SILVAO,2025-10-25,108794,1,1,0,77.0
10110011SILVAO_2025-10-25_G110,10110011SILVAO,2025-10-25,111431,1,4,0,52.0
10110011SILVAO_2025-10-25_G111,10110011SILVAO,2025-10-25,116241,1,2,0,97.0
10110011SILVAO_2025-10-25_G112,10110011SILVAO,2025-10-25,111462,1,8,0,254.0
10110011SILVAO_2025-10-25_G113,10110011SILVAO,2025-10-25,141458,1,2,0,81.0
10110011SILVAO_2025-10-25_G114,10110011SILVAO,2025-10-25,109643,1,6,0,140.0
10110011SILVAO_2025-10-25_G115,10110011SILVAO,2025-10-25,110374,1,12,0,106.0
10110011SILVAO_2025-10-25_G116,10110011SILVAO,2025-10-25,117820,1,7,0,80.0
10110011SILVAO_2025-10-25_G117,10110011SILVAO,2025-10-25,110375,1,4,0,206.0
10110011SILVAO_2025-10-25_G118,10110011SILVAO,2025-10-25,110373,1,30,0,510.0
10110011SILVAO_2025-10-27_G02,10110011SILVAO,2025-10-27,111743,1,4,0,103.0
10110011SILVAO_2025-10-27_G03,10110011SILVAO,2025-10-27,108795,1,4,0,65.0
10110011SILVAO_2025-10-27_G04,10110011SILVAO,2025-10-27,141823,1,4,0,60.0
10110011SILVAO_2025-10-27_G05,10110011SILVAO,2025-10-27,109647,1,3,0,91.0
10110011SILVAO_2025-10-27_G06,10110011SILVAO,2025-10-27,110711,1,4,0,80.0
10110011SILVAO_2025-10-27_G07,10110011SILVAO,2025-10-27,108798,1,4,0,89.0
10110011SILVAO_2025-10-27_G08,10110011SILVAO,2025-10-27,108711,1,4,0,110.0
10110011SILVAO_2025-10-27_G09,10110011SILVAO,2025-10-27,108772,1,4,0,86.0
10110011SILVAO_2025-10-27_G10,10110011SILVAO,2025-10-27,109640,1,2,0,85.0
10110011SILVAO_2025-10-27_G11,10110011SILVAO,2025-10-27,141271,1,4,0,91.0
10110011SILVAO_2025-10-27_G12,10110011SILVAO,2025-10-27,111602,1,2,0,70.0
10110011SILVAO_2025-10-27_G13,10110011SILVAO,2025-10-27,110339,1,4,0,44.0
10110011SILVAO_2025-10-27_G14,10110011SILVAO,2025-10-27,117837,1,4,0,69.0
10110011SILVAO_2025-10-27_G15,10110011SILVAO,2025-10-27,108794,1,5,0,132.0
10110011SILVAO_2025-10-27_G16,10110011SILVAO,2025-10-27,118317,1,4,0,48.0
10110011SILVAO_2025-10-27_G17,10110011SILVAO,2025-10-27,117820,1,12,0,584.0
10110011SILVAO_2025-10-27_G18,10110011SILVAO,2025-10-27,117808,1,24,0,191.0
10110011SILVAO_2025-10-27_G19,10110011SILVAO,2025-10-27,111757,1,4,0,288.0
10110011SILVAO_2025-10-27_G20,10110011SILVAO,2025-10-27,111530,1,4,0,75.0
10110011SILVAO_2025-10-27_G21,10110011SILVAO,2025-10-27,117830,1,10,0,345.0
10110011SILVAO_2025-10-27_G22,10110011SILVAO,2025-10-27,116241,1,4,0,124.0
10110011SILVAO_2025-10-27_G23,10110011SILVAO,2025-10-27,117787,1,4,0,54.0
10110011SILVAO_2025-10-27_G24,10110011SILVAO,2025-10-27,111465,1,10,0,89.0
10110011SILVAO_2025-10-27_G25,10110011SILVAO,2025-10-27,111468,1,10,0,52.0
10110011SILVAO_2025-10-27_G26,10110011SILVAO,2025-10-27,118094,1,1,0,91.0
10110011SILVAO_2025-10-27_G27,10110011SILVAO,2025-10-27,110733,1,2,0,63.0
10110011SILVAO_2025-10-27_G28,10110011SILVAO,2025-10-27,100334,1,4,0,133.0
10110011SILVAO_2025-10-27_G29,10110011SILVAO,2025-10-27,111602,1,10,0,123.0
10110011SILVAO_2025-10-27_G30,10110011SILVAO,2025-10-27,118140,1,50,0,396.0
10110011SILVAO_2025-10-27_G31,10110011SILVAO,2025-10-27,118299,1,12,0,287.0
10110011SILVAO_2025-10-27_G32,10110011SILVAO,2025-10-27,117808,1,20,0,122.0
10110011SILVAO_2025-10-27_G33,10110011SILVAO,2025-10-27,111462,1,4,0,81.0
10110011SILVAO_2025-10-27_G34,10110011SILVAO,2025-10-27,117862,1,4,0,94.0
10110011SILVAO_2025-10-27_G35,10110011SILVAO,2025-10-27,111602,1,4,0,94.0
10110011SILVAO_2025-10-27_G36,10110011SILVAO,2025-10-27,118222,1,4,0,180.0
10110011SILVAO_2025-10-27_G37,10110011SILVAO,2025-10-27,117820,1,7,0,104.0
10110011SILVAO_2025-10-27_G38,10110011SILVAO,2025-10-27,111435,1,4,0,101.0
10110011SILVAO_2025-10-27_G39,10110011SILVAO,2025-10-27,117808,1,36,0,282.0
10110011SILVAO_2025-10-27_G40,10110011SILVAO,2025-10-27,109643,1,12,0,765.0
10110011SILVAO_2025-10-27_G41,10110011SILVAO,2025-10-27,117820,1,10,0,179.0
10110011SILVAO_2025-10-27_G42,10110011SILVAO,2025-10-27,111468,1,4,0,116.0
10110011SILVAO_2025-10-27_G43,10110011SILVAO,2025-10-27,117808,1,40,0,208.0
10110011SILVAO_2025-10-27_G44,10110011SILVAO,2025-10-27,117808,1,36,0,446.0
10110011SILVAO_2025-10-27_G45,10110011SILVAO,2025-10-27,110374,1,2,0,140.0
10110011SILVAO_2025-10-27_G46,10110011SILVAO,2025-10-27,117830,1,2,0,76.0
10110011SILVAO_2025-10-27_G47,10110011SILVAO,2025-10-27,111443,1,2,0,112.0
10110011SILVAO_2025-10-27_G48,10110011SILVAO,2025-10-27,111418,1,1,0,78.0
10110011SILVAO_2025-10-27_G49,10110011SILVAO,2025-10-27,111469,1,4,0,58.0
10110011SILVAO_2025-10-27_G50,10110011SILVAO,2025-10-27,111462,1,2,0,67.0
10110011SILVAO_2025-10-27_G51,10110011SILVAO,2025-10-27,109640,1,2,0,112.0
10110011SILVAO_2025-10-27_G52,10110011SILVAO,2025-10-27,109643,1,8,0,223.0
10110011SILVAO_2025-10-27_G53,10110011SILVAO,2025-10-27,141456,1,8,0,63.0
10110011SILVAO_2025-10-27_G54,10110011SILVAO,2025-10-27,141457,1,24,0,150.0
10110011SILVAO_2025-10-27_G55,10110011SILVAO,2025-10-27,108798,1,4,0,78.0
10110011SILVAO_2025-10-27_G56,10110011SILVAO,2025-10-27,117808,1,40,0,514.0
10110011SILVAO_2025-10-27_G57,10110011SILVAO,2025-10-27,110325,1,4,0,135.0
10110011SILVAO_2025-10-27_G58,10110011SILVAO,2025-10-27,141458,1,12,0,94.0
10110011SILVAO_2025-10-27_G59,10110011SILVAO,2025-10-27,117820,1,24,0,234.0
10110011SILVAO_2025-10-27_G60,10110011SILVAO,2025-10-27,141456,1,4,0,120.0
10110011SILVAO_2025-10-27_G61,10110011SILVAO,2025-10-27,110372,1,4,0,87.0
10110011SILVAO_2025-10-27_G62,10110011SILVAO,2025-10-27,111330,1,8,0,104.0
10110011SILVAO_2025-10-27_G63,10110011SILVAO,2025-10-27,118299,1,12,0,219.0
10110011SILVAO_2025-10-27_G64,10110011SILVAO,2025-10-27,141458,1,12,0,113.0
10110011SILVAO_2025-10-28_G02,10110011SILVAO,2025-10-28,110747,1,2,0,116.0
10110011SILVAO_2025-10-28_G03,10110011SILVAO,2025-10-28,117856,1,6,0,147.0
10110011SILVAO_2025-10-28_G04,10110011SILVAO,2025-10-28,117856,1,8,0,107.0
10110011SILVAO_2025-10-28_G05,10110011SILVAO,2025-10-28,111467,1,1,0,442.0
10110011SILVAO_2025-10-28_G06,10110011SILVAO,2025-10-28,140923,1,5,0,101.0
10110011SILVAO_2025-10-28_G07,10110011SILVAO,2025-10-28,117855,1,4,0,84.0
10110011SILVAO_2025-10-28_G08,10110011SILVAO,2025-10-28,118140,1,11,0,118.0
10110011SILVAO_2025-10-28_G09,10110011SILVAO,2025-10-28,111463,1,13,0,119.0
10110011SILVAO_2025-10-28_G10,10110011SILVAO,2025-10-28,110740,1,2,0,75.0
10110011SILVAO_2025-10-28_G11,10110011SILVAO,2025-10-28,141823,1,2,0,49.0
10110011SILVAO_2025-10-28_G12,10110011SILVAO,2025-10-28,140922,1,4,0,48.0
10110011SILVAO_2025-10-28_G13,10110011SILVAO,2025-10-28,117820,1,8,0,175.0
10110011SILVAO_2025-10-28_G14,10110011SILVAO,2025-10-28,110373,1,18,0,137.0
10110011SILVAO_2025-10-28_G15,10110011SILVAO,2025-10-28,117808,1,6,0,126.0
10110011SILVAO_2025-10-28_G16,10110011SILVAO,2025-10-28,111602,1,60,0,515.0
10110011SILVAO_2025-10-28_G17,10110011SILVAO,2025-10-28,111602,1,4,0,378.0
10110011SILVAO_2025-10-28_G18,10110011SILVAO,2025-10-28,117808,1,6,0,562.0
10110011SILVAO_2025-10-28_G19,10110011SILVAO,2025-10-28,110740,1,2,0,114.0
10110011SILVAO_2025-10-28_G20,10110011SILVAO,2025-10-28,117856,1,4,0,151.0
10110011SILVAO_2025-10-28_G21,10110011SILVAO,2025-10-28,111530,1,1,0,72.0
10110011SILVAO_2025-10-28_G22,10110011SILVAO,2025-10-28,110711,1,4,0,126.0
10110011SILVAO_2025-10-28_G23,10110011SILVAO,2025-10-28,140923,1,2,0,72.0
10110011SILVAO_2025-10-28_G24,10110011SILVAO,2025-10-28,118222,1,3,0,127.0
10110011SILVAO_2025-10-28_G25,10110011SILVAO,2025-10-28,117856,1,6,0,125.0
10110011SILVAO_2025-10-28_G26,10110011SILVAO,2025-10-28,118140,1,6,0,131.0
10110011SILVAO_2025-10-28_G27,10110011SILVAO,2025-10-28,111463,1,4,0,60.0
10110011SILVAO_2025-10-28_G28,10110011SILVAO,2025-10-28,111418,1,4,0,66.0
10110011SILVAO_2025-10-28_G29,10110011SILVAO,2025-10-28,110740,1,4,0,84.0
10110011SILVAO_2025-10-28_G30,10110011SILVAO,2025-10-28,141823,1,3,0,67.0
10110011SILVAO_2025-10-28_G31,10110011SILVAO,2025-10-28,140922,1,2,0,41.0
10110011SILVAO_2025-10-28_G32,10110011SILVAO,2025-10-28,117856,1,4,0,83.0
10110011SILVAO_2025-10-28_G33,10110011SILVAO,2025-10-28,111530,1,6,0,147.0
10110011SILVAO_2025-10-28_G34,10110011SILVAO,2025-10-28,117862,1,4,0,64.0
10110011SILVAO_2025-10-28_G35,10110011SILVAO,2025-10-28,117786,1,4,0,68.0
10110011SILVAO_2025-10-28_G36,10110011SILVAO,2025-10-28,140923,1,8,0,160.0
10110011SILVAO_2025-10-28_G37,10110011SILVAO,2025-10-28,117855,1,4,0,222.0
10110011SILVAO_2025-10-28_G38,10110011SILVAO,2025-10-28,109640,1,5,0,1211.0
10110011SILVAO_2025-10-28_G39,10110011SILVAO,2025-10-28,118281,1,2,0,121.0
10110011SILVAO_2025-10-28_G40,10110011SILVAO,2025-10-28,118317,1,4,0,182.0
10110011SILVAO_2025-10-28_G41,10110011SILVAO,2025-10-28,117856,1,9,0,148.0
10110011SILVAO_2025-10-28_G42,10110011SILVAO,2025-10-28,110080,1,1,0,86.0
10110011SILVAO_2025-10-28_G43,10110011SILVAO,2025-10-28,140923,1,1,0,91.0
10110011SILVAO_2025-10-28_G44,10110011SILVAO,2025-10-28,111851,1,2,0,56.0
10110011SILVAO_2025-10-28_G45,10110011SILVAO,2025-10-28,"110582, 118290",2,5,11,69.0
10110011SILVAO_2025-10-28_G46,10110011SILVAO,2025-10-28,111172,1,1,0,126.0
10110011SILVAO_2025-10-28_G47,10110011SILVAO,2025-10-28,109643,1,4,0,306.0
10110011SILVAO_2025-10-28_G48,10110011SILVAO,2025-10-28,117820,1,25,0,191.0
10110011SILVAO_2025-10-28_G49,10110011SILVAO,2025-10-28,107830,1,2,0,39.0
10110011SILVAO_2025-10-28_G50,10110011SILVAO,2025-10-28,117832,1,4,0,64.0
10110011SILVAO_2025-10-28_G51,10110011SILVAO,2025-10-28,141202,1,4,0,105.0
10110011SILVAO_2025-10-28_G52,10110011SILVAO,2025-10-28,110371,1,40,0,176.0
10110011SILVAO_2025-10-28_G53,10110011SILVAO,2025-10-28,110325,1,6,0,80.0
10110011SILVAO_2025-10-28_G54,10110011SILVAO,2025-10-28,117808,1,20,0,127.0
10110011SILVAO_2025-10-28_G55,10110011SILVAO,2025-10-28,110373,1,50,0,632.0
10110011SILVAO_2025-10-29_G02,10110011SILVAO,2025-10-29,118140,1,8,0,84.0
10110011SILVAO_2025-10-29_G03,10110011SILVAO,2025-10-29,105705,1,4,0,56.0
10110011SILVAO_2025-10-29_G04,10110011SILVAO,2025-10-29,111466,1,8,0,110.0
10110011SILVAO_2025-10-29_G05,10110011SILVAO,2025-10-29,110751,1,4,0,105.0
10110011SILVAO_2025-10-29_G06,10110011SILVAO,2025-10-29,111418,1,12,0,110.0
10110011SILVAO_2025-10-29_G07,10110011SILVAO,2025-10-29,117838,1,4,0,70.0
10110011SILVAO_2025-10-29_G08,10110011SILVAO,2025-10-29,110740,1,8,0,72.0
10110011SILVAO_2025-10-29_G09,10110011SILVAO,2025-10-29,141823,1,4,0,81.0
10110011SILVAO_2025-10-29_G10,10110011SILVAO,2025-10-29,111348,1,4,0,346.0
10110011SILVAO_2025-10-29_G11,10110011SILVAO,2025-10-29,117787,1,8,0,123.0
10110011SILVAO_2025-10-29_G12,10110011SILVAO,2025-10-29,109641,1,4,0,49.0
10110011SILVAO_2025-10-29_G13,10110011SILVAO,2025-10-29,111444,1,4,0,1101.0
10110011SILVAO_2025-10-29_G14,10110011SILVAO,2025-10-29,118330,1,4,0,72.0
10110011SILVAO_2025-10-29_G15,10110011SILVAO,2025-10-29,110745,1,4,0,64.0
10110011SILVAO_2025-10-29_G16,10110011SILVAO,2025-10-29,141035,1,4,0,184.0
10110011SILVAO_2025-10-29_G17,10110011SILVAO,2025-10-29,117856,1,12,0,133.0
10110011SILVAO_2025-10-29_G18,10110011SILVAO,2025-10-29,118094,1,8,0,106.0
10110011SILVAO_2025-10-29_G19,10110011SILVAO,2025-10-29,118298,1,4,0,138.0
10110011SILVAO_2025-10-29_G20,10110011SILVAO,2025-10-29,110753,1,4,0,52.0
10110011SILVAO_2025-10-29_G21,10110011SILVAO,2025-10-29,117862,1,8,0,98.0
10110011SILVAO_2025-10-29_G22,10110011SILVAO,2025-10-29,110733,1,8,0,102.0
10110011SILVAO_2025-10-29_G23,10110011SILVAO,2025-10-29,117786,1,8,0,257.0
10110011SILVAO_2025-10-29_G24,10110011SILVAO,2025-10-29,117935,1,4,0,61.0
10110011SILVAO_2025-10-29_G25,10110011SILVAO,2025-10-29,108772,1,4,0,62.0
10110011SILVAO_2025-10-29_G26,10110011SILVAO,2025-10-29,111467,1,4,0,45.0
10110011SILVAO_2025-10-29_G27,10110011SILVAO,2025-10-29,109640,1,4,0,86.0
10110011SILVAO_2025-10-29_G28,10110011SILVAO,2025-10-29,111602,1,12,0,105.0
10110011SILVAO_2025-10-29_G29,10110011SILVAO,2025-10-29,141066,1,8,0,73.0
10110011SILVAO_2025-10-29_G30,10110011SILVAO,2025-10-29,117855,1,4,0,43.0
10110011SILVAO_2025-10-29_G31,10110011SILVAO,2025-10-29,117837,1,4,0,54.0
10110011SILVAO_2025-10-29_G32,10110011SILVAO,2025-10-29,110325,1,2,0,1040.0
10110011SILVAO_2025-10-29_G33,10110011SILVAO,2025-10-29,105705,1,2,0,93.0
10110011SILVAO_2025-10-29_G34,10110011SILVAO,2025-10-29,117831,1,1,0,40.0
10110011SILVAO_2025-10-29_G35,10110011SILVAO,2025-10-29,141457,1,2,0,82.0
10110011SILVAO_2025-10-29_G36,10110011SILVAO,2025-10-29,108711,1,4,0,85.0
10110011SILVAO_2025-10-29_G37,10110011SILVAO,2025-10-29,111468,1,2,0,55.0
10110011SILVAO_2025-10-29_G38,10110011SILVAO,2025-10-29,118094,1,4,0,231.0
10110011SILVAO_2025-10-29_G39,10110011SILVAO,2025-10-29,105705,1,2,0,85.0
10110011SILVAO_2025-10-29_G40,10110011SILVAO,2025-10-29,117831,1,2,0,46.0
10110011SILVAO_2025-10-29_G41,10110011SILVAO,2025-10-29,117862,1,2,0,103.0
10110011SILVAO_2025-10-29_G42,10110011SILVAO,2025-10-29,117786,1,2,0,55.0
10110011SILVAO_2025-10-29_G43,10110011SILVAO,2025-10-29,110373,1,4,0,90.0
10110011SILVAO_2025-10-29_G44,10110011SILVAO,2025-10-29,117832,1,4,0,62.0
10110011SILVAO_2025-10-29_G45,10110011SILVAO,2025-10-29,110375,1,2,0,40.0
10110011SILVAO_2025-10-29_G46,10110011SILVAO,2025-10-29,110752,1,1,0,46.0
10110011SILVAO_2025-10-29_G47,10110011SILVAO,2025-10-29,117837,1,2,0,68.0
10110011SILVAO_2025-10-29_G48,10110011SILVAO,2025-10-29,111602,1,3,0,88.0
10110011SILVAO_2025-10-29_G49,10110011SILVAO,2025-10-29,118140,1,29,0,1181.0
10110011SILVAO_2025-10-29_G50,10110011SILVAO,2025-10-29,118285,1,30,0,419.0
10110011SILVAO_2025-10-29_G51,10110011SILVAO,2025-10-29,111743,1,109,0,969.0
10110011SILVAO_2025-10-29_G52,10110011SILVAO,2025-10-29,111431,1,4,0,90.0
10110011SILVAO_2025-10-29_G53,10110011SILVAO,2025-10-29,118317,1,12,0,81.0
10110011SILVAO_2025-10-29_G54,10110011SILVAO,2025-10-29,118317,1,8,0,105.0
10110011SILVAO_2025-10-29_G55,10110011SILVAO,2025-10-29,111330,1,20,0,171.0
10110011SILVAO_2025-10-29_G56,10110011SILVAO,2025-10-29,"117841, 108794",2,11,23,159.0
10110011SILVAO_2025-10-29_G57,10110011SILVAO,2025-10-29,108794,1,28,0,96.0
10110011SILVAO_2025-10-29_G58,10110011SILVAO,2025-10-29,116241,1,7,0,133.0
10110011SILVAO_2025-10-29_G59,10110011SILVAO,2025-10-29,117329,1,4,0,89.0
10110011SILVAO_2025-10-29_G60,10110011SILVAO,2025-10-29,109641,1,10,0,104.0
10110011SILVAO_2025-10-29_G61,10110011SILVAO,2025-10-29,118330,1,24,0,175.0
10110011SILVAO_2025-10-29_G62,10110011SILVAO,2025-10-29,111466,1,65,0,557.0
10110011SILVAO_2025-10-29_G63,10110011SILVAO,2025-10-29,108711,1,45,0,434.0
10110011SILVAO_2025-10-29_G64,10110011SILVAO,2025-10-29,107236,1,27,0,119.0
10110011SILVAO_2025-10-29_G65,10110011SILVAO,2025-10-29,117808,1,101,0,1545.0
10110011SILVAO_2025-10-29_G66,10110011SILVAO,2025-10-29,110289,1,1,0,1651.0
10110011SILVAO_2025-10-29_G67,10110011SILVAO,2025-10-29,141286,1,2,0,311.0
10110011SILVAO_2025-10-29_G68,10110011SILVAO,2025-10-29,141420,1,2,0,666.0
10110011SILVAO_2025-10-29_G69,10110011SILVAO,2025-10-29,141420,1,2,0,89.0
10110011SILVAO_2025-10-29_G70,10110011SILVAO,2025-10-29,118269,1,3,0,165.0
10110011SILVAO_2025-10-29_G71,10110011SILVAO,2025-10-29,110623,1,100,0,1189.0
10110011SILVAO_2025-10-29_G72,10110011SILVAO,2025-10-29,115821,1,6,0,264.0
10110011SILVAO_2025-10-29_G73,10110011SILVAO,2025-10-29,118283,1,40,0,344.0
10110011SILVAO_2025-10-29_G74,10110011SILVAO,2025-10-29,100334,1,14,0,387.0
10110011SILVAO_2025-10-29_G75,10110011SILVAO,2025-10-29,111779,1,4,0,138.0
10110011SILVAO_2025-10-29_G76,10110011SILVAO,2025-10-29,110582,1,20,0,402.0
10110011SILVAO_2025-10-29_G77,10110011SILVAO,2025-10-29,140911,1,14,0,181.0
10110011SILVAO_2025-10-29_G78,10110011SILVAO,2025-10-29,141456,1,50,0,432.0
10110011SILVAO_2025-10-29_G79,10110011SILVAO,2025-10-29,110787,1,11,0,152.0
10110011SILVAO_2025-10-29_G80,10110011SILVAO,2025-10-29,141457,1,50,0,612.0
10110011SILVAO_2025-10-29_G81,10110011SILVAO,2025-10-29,111431,1,12,0,302.0
10110011SILVAO_2025-10-29_G82,10110011SILVAO,2025-10-29,111532,3,100,9,660.0
10110011SILVAO_2025-10-29_G83,10110011SILVAO,2025-10-29,117833,1,20,0,235.0
10110011SILVAO_2025-10-30_G02,10110011SILVAO,2025-10-30,140923,1,2,0,98.0
10110011SILVAO_2025-10-30_G03,10110011SILVAO,2025-10-30,111602,1,4,0,135.0
10110011SILVAO_2025-10-30_G04,10110011SILVAO,2025-10-30,110374,1,8,0,136.0
10110011SILVAO_2025-10-30_G05,10110011SILVAO,2025-10-30,110374,1,8,0,39.0
10110011SILVAO_2025-10-30_G06,10110011SILVAO,2025-10-30,111469,1,3,0,162.0
10110011SILVAO_2025-10-30_G07,10110011SILVAO,2025-10-30,111569,1,4,0,129.0
10110011SILVAO_2025-10-30_G08,10110011SILVAO,2025-10-30,110374,1,1,0,47.0
10110011SILVAO_2025-10-30_G09,10110011SILVAO,2025-10-30,"160057, 140923",2,4,22,80.0
10110011SILVAO_2025-10-30_G10,10110011SILVAO,2025-10-30,110733,1,6,0,153.0
10110011SILVAO_2025-10-30_G11,10110011SILVAO,2025-10-30,140923,1,1,0,99.0
10110011SILVAO_2025-10-30_G12,10110011SILVAO,2025-10-30,118094,1,6,0,1020.0
10110011SILVAO_2025-10-30_G13,10110011SILVAO,2025-10-30,111172,1,3,0,118.0
10110011SILVAO_2025-10-30_G14,10110011SILVAO,2025-10-30,111463,1,10,0,104.0
10110011SILVAO_2025-10-30_G15,10110011SILVAO,2025-10-30,117831,1,4,0,48.0
10110011SILVAO_2025-10-30_G16,10110011SILVAO,2025-10-30,111418,1,10,0,69.0
10110011SILVAO_2025-10-30_G17,10110011SILVAO,2025-10-30,110740,1,4,0,80.0
10110011SILVAO_2025-10-30_G18,10110011SILVAO,2025-10-30,140922,1,5,0,48.0
10110011SILVAO_2025-10-30_G19,10110011SILVAO,2025-10-30,141456,1,2,0,79.0
10110011SILVAO_2025-10-30_G20,10110011SILVAO,2025-10-30,111466,1,7,0,72.0
10110011SILVAO_2025-10-30_G21,10110011SILVAO,2025-10-30,111444,1,3,0,81.0
10110011SILVAO_2025-10-30_G22,10110011SILVAO,2025-10-30,111462,1,6,0,55.0
10110011SILVAO_2025-10-30_G23,10110011SILVAO,2025-10-30,111532,1,18,0,250.0
10110011SILVAO_2025-10-30_G24,10110011SILVAO,2025-10-30,111468,1,3,0,62.0
10110011SILVAO_2025-10-30_G25,10110011SILVAO,2025-10-30,108770,1,4,0,325.0
10110011SILVAO_2025-10-30_G26,10110011SILVAO,2025-10-30,118306,1,2,0,52.0
10110011SILVAO_2025-10-30_G27,10110011SILVAO,2025-10-30,110733,1,5,0,146.0
10110011SILVAO_2025-10-30_G28,10110011SILVAO,2025-10-30,111467,1,2,0,66.0
10110011SILVAO_2025-10-30_G29,10110011SILVAO,2025-10-30,111602,1,4,0,85.0
10110011SILVAO_2025-10-30_G30,10110011SILVAO,2025-10-30,141066,1,8,0,71.0
10110011SILVAO_2025-10-30_G31,10110011SILVAO,2025-10-30,117855,1,2,0,47.0
10110011SILVAO_2025-10-30_G32,10110011SILVAO,2025-10-30,117837,1,1,0,45.0
10110011SILVAO_2025-10-30_G33,10110011SILVAO,2025-10-30,110129,1,2,0,253.0
10110011SILVAO_2025-10-30_G34,10110011SILVAO,2025-10-30,110740,1,2,0,536.0
10110011SILVAO_2025-10-30_G35,10110011SILVAO,2025-10-30,108798,1,3,0,81.0
10110011SILVAO_2025-10-30_G36,10110011SILVAO,2025-10-30,116241,1,3,0,114.0
10110011SILVAO_2025-10-30_G37,10110011SILVAO,2025-10-30,117785,1,22,0,160.0
10110011SILVAO_2025-10-30_G38,10110011SILVAO,2025-10-30,110373,1,4,0,115.0
10110011SILVAO_2025-10-30_G39,10110011SILVAO,2025-10-30,110375,1,2,0,57.0
10110011SILVAO_2025-10-30_G40,10110011SILVAO,2025-10-30,110372,1,20,0,327.0
10110011SILVAO_2025-10-30_G41,10110011SILVAO,2025-10-30,118299,1,50,0,237.0
10110011SILVAO_2025-10-30_G42,10110011SILVAO,2025-10-30,141202,1,8,0,124.0
10110011SILVAO_2025-10-30_G43,10110011SILVAO,2025-10-30,110374,1,4,0,269.0
10110011SILVAO_2025-10-30_G44,10110011SILVAO,2025-10-30,117830,1,2,0,70.0
10110011SILVAO_2025-10-30_G45,10110011SILVAO,2025-10-30,117808,1,1,0,50.0
10110011SILVAO_2025-10-30_G46,10110011SILVAO,2025-10-30,118299,1,20,0,145.0
10110011SILVAO_2025-10-30_G47,10110011SILVAO,2025-10-30,111469,1,2,0,93.0
10110011SILVAO_2025-10-30_G48,10110011SILVAO,2025-10-30,111532,1,6,0,133.0
10110011SILVAO_2025-10-30_G49,10110011SILVAO,2025-10-30,110374,1,3,0,74.0
10110011SILVAO_2025-10-30_G50,10110011SILVAO,2025-10-30,118299,1,10,0,92.0
10110011SILVAO_2025-10-30_G51,10110011SILVAO,2025-10-30,110371,1,2,0,66.0
10110011SILVAO_2025-10-30_G52,10110011SILVAO,2025-10-30,111418,1,3,0,96.0
10110011SILVAO_2025-10-30_G53,10110011SILVAO,2025-10-30,111469,1,6,0,78.0
10110011SILVAO_2025-10-30_G54,10110011SILVAO,2025-10-30,110374,1,10,0,931.0
10110011SILVAO_2025-10-30_G55,10110011SILVAO,2025-10-30,110372,1,8,0,113.0
10110011SILVAO_2025-10-30_G56,10110011SILVAO,2025-10-30,118299,1,4,0,284.0
10110011SILVAO_2025-10-30_G57,10110011SILVAO,2025-10-30,117808,1,31,0,426.0
10110011SILVAO_2025-10-30_G58,10110011SILVAO,2025-10-30,111469,1,10,0,202.0
10110011SILVAO_2025-10-30_G59,10110011SILVAO,2025-10-30,109649,1,9,0,124.0
10110011SILVAO_2025-10-30_G60,10110011SILVAO,2025-10-30,117830,1,8,0,332.0
10110011SILVAO_2025-10-30_G61,10110011SILVAO,2025-10-30,110372,1,2,0,87.0
10110011SILVAO_2025-10-30_G62,10110011SILVAO,2025-10-30,118299,1,8,0,108.0
10110011SILVAO_2025-10-30_G63,10110011SILVAO,2025-10-30,117808,1,3,0,96.0
10110011SILVAO_2025-10-30_G64,10110011SILVAO,2025-10-30,111532,1,4,0,88.0
10110011SILVAO_2025-10-30_G65,10110011SILVAO,2025-10-30,110623,1,4,0,327.0
10110011SILVAO_2025-10-30_G66,10110011SILVAO,2025-10-30,108794,1,3,0,1493.0
10110011SILVAO_2025-10-30_G67,10110011SILVAO,2025-10-30,111532,1,8,0,107.0
10110011SILVAO_2025-10-30_G68,10110011SILVAO,2025-10-30,111462,1,2,0,89.0
10110011SILVAO_2025-10-30_G69,10110011SILVAO,2025-10-30,118094,1,5,0,247.0
10110011SILVAO_2025-10-30_G70,10110011SILVAO,2025-10-30,105705,1,2,0,135.0
10110011SILVAO_2025-10-30_G71,10110011SILVAO,2025-10-30,141823,1,10,0,88.0
10110011SILVAO_2025-10-30_G72,10110011SILVAO,2025-10-30,141457,1,10,0,154.0
10110011SILVAO_2025-10-30_G73,10110011SILVAO,2025-10-30,117822,1,9,0,170.0
10110011SILVAO_2025-10-30_G74,10110011SILVAO,2025-10-30,118094,1,5,0,165.0
10110011SILVAO_2025-10-30_G75,10110011SILVAO,2025-10-30,110741,1,2,0,63.0
10110011SILVAO_2025-10-30_G76,10110011SILVAO,2025-10-30,140920,1,4,0,107.0
10110011SILVAO_2025-10-30_G77,10110011SILVAO,2025-10-30,118094,1,13,0,226.0
10110011SILVAO_2025-10-30_G78,10110011SILVAO,2025-10-30,140923,1,4,0,182.0
10110011SILVAO_2025-10-30_G79,10110011SILVAO,2025-10-30,111418,1,4,0,144.0
10110011SILVAO_2025-10-30_G80,10110011SILVAO,2025-10-30,118299,1,6,0,111.0
10110011SILVAO_2025-10-30_G81,10110011SILVAO,2025-10-30,117785,1,4,0,87.0
10110011SILVAO_2025-10-30_G82,10110011SILVAO,2025-10-30,111462,1,2,0,88.0
10110011SILVAO_2025-10-30_G83,10110011SILVAO,2025-10-30,117808,1,4,0,89.0
10110011SILVAO_2025-10-30_G84,10110011SILVAO,2025-10-30,140923,1,5,0,608.0
10110011SILVAO_2025-10-30_G85,10110011SILVAO,2025-10-30,111463,1,4,0,198.0
10110011SILVAO_2025-10-30_G86,10110011SILVAO,2025-10-30,111418,1,4,0,69.0
10110011SILVAO_2025-10-30_G87,10110011SILVAO,2025-10-30,111418,1,23,0,159.0
10110011SILVAO_2025-10-30_G88,10110011SILVAO,2025-10-30,111418,1,3,0,33.0
10110011SILVAO_2025-10-30_G89,10110011SILVAO,2025-10-30,110740,1,2,0,72.0
10110011SILVAO_2025-10-30_G90,10110011SILVAO,2025-10-30,141823,1,4,0,120.0
10110011SILVAO_2025-10-30_G91,10110011SILVAO,2025-10-30,111469,1,2,0,86.0
10110011SILVAO_2025-10-30_G92,10110011SILVAO,2025-10-30,111434,1,4,0,78.0
10110011SILVAO_2025-10-30_G93,10110011SILVAO,2025-10-30,107830,1,8,0,772.0
10110011SILVAO_2025-10-30_G94,10110011SILVAO,2025-10-30,110373,1,1,0,115.0
10110011SILVAO_2025-10-30_G95,10110011SILVAO,2025-10-30,110371,1,6,0,88.0
10110011SILVAO_2025-10-30_G96,10110011SILVAO,2025-10-30,110325,1,4,0,47.0
10110011SILVAO_2025-10-30_G97,10110011SILVAO,2025-10-30,117820,1,16,0,653.0
10110011SILVAO_2025-10-30_G99,10110011SILVAO,2025-10-30,141262,1,8,0,60.0
10110011SILVAO_2025-10-30_G100,10110011SILVAO,2025-10-30,118191,1,10,0,169.0
10110011SILVAO_2025-10-30_G101,10110011SILVAO,2025-10-30,118191,1,4,0,60.0
10110011SILVAO_2025-10-30_G102,10110011SILVAO,2025-10-30,111634,1,4,0,97.0
10110011SILVAO_2025-10-30_G103,10110011SILVAO,2025-10-30,111634,1,8,0,41.0
10110011SILVAO_2025-10-30_G104,10110011SILVAO,2025-10-30,111722,1,4,0,101.0
10110011SILVAO_2025-10-30_G105,10110011SILVAO,2025-10-30,111751,1,4,0,252.0
10110011SILVAO_2025-10-30_G106,10110011SILVAO,2025-10-30,111751,1,6,0,120.0
10110011SILVAO_2025-10-30_G107,10110011SILVAO,2025-10-30,141155,1,4,0,325.0
10110011SILVAO_2025-10-30_G108,10110011SILVAO,2025-10-30,111742,1,8,0,99.0
10110011SILVAO_2025-10-30_G109,10110011SILVAO,2025-10-30,141262,1,10,0,388.0
10110011SILVAO_2025-10-30_G110,10110011SILVAO,2025-10-30,141262,1,10,0,51.0
10110011SILVAO_2025-10-30_G111,10110011SILVAO,2025-10-30,111634,1,4,0,60.0
10110011SILVAO_2025-10-30_G112,10110011SILVAO,2025-10-30,118191,1,10,0,148.0
10110011SILVAO_2025-10-30_G113,10110011SILVAO,2025-10-30,118191,1,4,0,72.0
10110011SILVAO_2025-10-30_G114,10110011SILVAO,2025-10-30,141261,1,8,0,314.0
10110011SILVAO_2025-10-30_G115,10110011SILVAO,2025-10-30,141261,1,6,0,33.0
10110011SILVAO_2025-10-30_G116,10110011SILVAO,2025-10-30,111722,1,10,0,140.0
10110011SILVAO_2025-10-30_G117,10110011SILVAO,2025-10-30,111722,1,12,0,76.0
10110011SILVAO_2025-10-30_G118,10110011SILVAO,2025-10-30,141140,1,6,0,124.0
10110011SILVAO_2025-10-30_G119,10110011SILVAO,2025-10-30,141140,1,4,0,46.0
10110011SILVAO_2025-10-30_G120,10110011SILVAO,2025-10-30,141141,1,8,0,132.0
10110011SILVAO_2025-10-30_G121,10110011SILVAO,2025-10-30,111742,1,6,0,64.0
10110011SILVAO_2025-10-30_G122,10110011SILVAO,2025-10-30,117830,1,46,0,809.0
10110011SILVAO_2025-10-30_G123,10110011SILVAO,2025-10-30,111469,2,13,23,118.0
10110011SILVAO_2025-10-30_G124,10110011SILVAO,2025-10-30,111462,1,16,0,162.0
10110011SILVAO_2025-10-31_G02,10110011SILVAO,2025-10-31,111418,1,32,0,487.0
10110011SILVAO_2025-10-31_G03,10110011SILVAO,2025-10-31,141456,1,30,0,543.0
10110011SILVAO_2025-10-31_G04,10110011SILVAO,2025-10-31,111532,2,74,9,337.0
10110011SILVAO_2025-10-31_G05,10110011SILVAO,2025-10-31,111469,2,164,13,632.0
10110011SILVAO_2025-10-31_G06,10110011SILVAO,2025-10-31,111466,1,60,0,148.0
10110011SILVAO_2025-10-31_G07,10110011SILVAO,2025-10-31,140957,1,16,0,263.0
10110011SILVAO_2025-10-31_G08,10110011SILVAO,2025-10-31,140923,1,80,0,448.0
10110011SILVAO_2025-10-31_G09,10110011SILVAO,2025-10-31,118281,1,20,0,1113.0
10110011SILVAO_2025-10-31_G10,10110011SILVAO,2025-10-31,140911,1,8,0,177.0
10110011SILVAO_2025-10-31_G11,10110011SILVAO,2025-10-31,118140,1,100,0,2070.0
10110011SILVAO_2025-10-31_G12,10110011SILVAO,2025-10-31,109645,1,4,0,1234.0
10110011SILVAO_2025-10-31_G13,10110011SILVAO,2025-10-31,111438,1,6,0,460.0
10110011SILVAO_2025-10-31_G14,10110011SILVAO,2025-10-31,110787,2,4,30,598.0
10110011SILVAO_2025-10-31_G15,10110011SILVAO,2025-10-31,111463,1,21,0,247.0
10110011SILVAO_2025-10-31_G16,10110011SILVAO,2025-10-31,109645,1,9,0,154.0
10110011SILVAO_2025-10-31_G17,10110011SILVAO,2025-10-31,109645,1,2,0,75.0
10110011SILVAO_2025-10-31_G18,10110011SILVAO,2025-10-31,109645,1,8,0,139.0
10110011SILVAO_2025-10-31_G19,10110011SILVAO,2025-10-31,109645,1,1,0,32.0
10110011SILVAO_2025-10-31_G20,10110011SILVAO,2025-10-31,109645,1,6,0,72.0
10110011SILVAO_2025-10-31_G21,10110011SILVAO,2025-10-31,111418,1,5,0,113.0
10110011SILVAO_2025-10-31_G22,10110011SILVAO,2025-10-31,111418,2,69,11,33.0
10110011SILVAO_2025-10-31_G23,10110011SILVAO,2025-10-31,141823,1,1,0,653.0
10110011SILVAO_2025-10-31_G24,10110011SILVAO,2025-10-31,141823,1,3,0,71.0
10110011SILVAO_2025-10-31_G25,10110011SILVAO,2025-10-31,160055,1,4,0,661.0
10110011SILVAO_2025-10-31_G26,10110011SILVAO,2025-10-31,141457,1,30,0,310.0
10110011SILVAO_2025-10-31_G27,10110011SILVAO,2025-10-31,111469,1,26,0,577.0
10110011SILVAO_2025-10-31_G28,10110011SILVAO,2025-10-31,111469,2,24,4,524.0
10110011SILVAO_2025-10-31_G29,10110011SILVAO,2025-10-31,111469,1,14,0,80.0
10110011SILVAO_2025-10-31_G30,10110011SILVAO,2025-10-31,118317,1,3,0,42.0
10110011SILVAO_2025-10-31_G31,10110011SILVAO,2025-10-31,111330,1,6,0,85.0
10110011SILVAO_2025-10-31_G32,10110011SILVAO,2025-10-31,111330,1,3,0,50.0
10110011SILVAO_2025-10-31_G33,10110011SILVAO,2025-10-31,111466,1,14,0,160.0
10110011SILVAO_2025-10-31_G34,10110011SILVAO,2025-10-31,108711,1,7,0,82.0
10110011SILVAO_2025-10-31_G35,10110011SILVAO,2025-10-31,117785,1,5,0,60.0
10110011SILVAO_2025-10-31_G36,10110011SILVAO,2025-10-31,111442,2,5,28,58.0
10110011SILVAO_2025-10-31_G37,10110011SILVAO,2025-10-31,111444,2,6,22,91.0
10110011SILVAO_2025-10-31_G38,10110011SILVAO,2025-10-31,111462,1,6,0,420.0
10110011SILVAO_2025-10-31_G39,10110011SILVAO,2025-10-31,111462,1,12,0,253.0
10110011SILVAO_2025-10-31_G40,10110011SILVAO,2025-10-31,111462,1,13,0,33.0
10110011SILVAO_2025-10-31_G41,10110011SILVAO,2025-10-31,117821,2,35,28,127.0
10110011SILVAO_2025-10-31_G42,10110011SILVAO,2025-10-31,"141458, 110745",2,22,28,421.0
10110011SILVAO_2025-10-31_G43,10110011SILVAO,2025-10-31,111532,4,27,35,887.0
10110011SILVAO_2025-10-31_G44,10110011SILVAO,2025-10-31,111465,2,25,11,132.0
10110011SILVAO_2025-10-31_G45,10110011SILVAO,2025-10-31,"140922, 111348",3,22,11,290.0
10110011SILVAO_2025-10-31_G46,10110011SILVAO,2025-10-31,141456,1,40,0,389.0
10110011SILVAO_2025-10-31_G47,10110011SILVAO,2025-10-31,110313,1,2,0,238.0
10110011SILVAO_2025-10-31_G48,10110011SILVAO,2025-10-31,110313,1,5,0,38.0
10110011SILVAO_2025-10-31_G49,10110011SILVAO,2025-10-31,111530,1,13,0,171.0
10110011SILVAO_2025-10-31_G50,10110011SILVAO,2025-10-31,117862,1,7,0,95.0
10110011SILVAO_2025-10-31_G51,10110011SILVAO,2025-10-31,110756,1,1,0,61.0
10110011SILVAO_2025-10-31_G52,10110011SILVAO,2025-10-31,117935,3,10,57,78.0
10110011SILVAO_2025-10-31_G53,10110011SILVAO,2025-10-31,117935,1,4,0,62.0
10110011SILVAO_2025-10-31_G55,10110011SILVAO,2025-10-31,110374,1,2,0,1780.0
10110011SILVAO_2025-10-31_G56,10110011SILVAO,2025-10-31,110374,1,6,0,33.0
10110011SILVAO_2025-10-31_G57,10110011SILVAO,2025-10-31,110374,1,8,0,57.0
10110011SILVAO_2025-10-31_G58,10110011SILVAO,2025-10-31,111741,1,2,0,237.0
10110011SILVAO_2025-10-31_G59,10110011SILVAO,2025-10-31,110372,1,9,0,60.0
10110011SILVAO_2025-10-31_G60,10110011SILVAO,2025-10-31,118299,1,6,0,84.0
10110011SILVAO_2025-10-31_G61,10110011SILVAO,2025-10-31,117830,1,4,0,269.0
10110011SILVAO_2025-10-31_G62,10110011SILVAO,2025-10-31,118299,1,5,0,431.0
10110011SILVAO_2025-10-31_G63,10110011SILVAO,2025-10-31,118299,2,223,6,86.0
10110011SILVAO_2025-10-31_G64,10110011SILVAO,2025-10-31,117808,2,10,10,172.0
10110011SILVAO_2025-10-31_G65,10110011SILVAO,2025-10-31,110325,1,5,0,114.0
10110011SILVAO_2025-10-31_G66,10110011SILVAO,2025-10-31,117835,1,20,0,435.0
10110011SILVAO_2025-10-31_G67,10110011SILVAO,2025-10-31,111441,1,4,0,332.0
10110011SILVAO_2025-10-31_G68,10110011SILVAO,2025-10-31,141313,1,2,0,126.0
10110011SILVAO_2025-10-31_G69,10110011SILVAO,2025-10-31,110895,1,1,0,194.0
10110011SILVAO_2025-10-31_G70,10110011SILVAO,2025-10-31,110895,1,4,0,38.0
10110011SILVAO_2025-11-06_G02,10110011SILVAO,2025-11-06,141249,1,2,0,113.0
10110011SILVAO_2025-11-06_G03,10110011SILVAO,2025-11-06,118222,1,2,0,84.0
10110011SILVAO_2025-11-06_G04,10110011SILVAO,2025-11-06,117785,1,3,0,742.0
10110011SILVAO_2025-11-06_G05,10110011SILVAO,2025-11-06,117809,3,6,42,533.0
10110011SILVAO_2025-11-06_G06,10110011SILVAO,2025-11-06,108770,1,6,0,379.0
10110011SILVAO_2025-11-06_G07,10110011SILVAO,2025-11-06,111441,1,7,0,147.0
10110011SILVAO_2025-11-06_G08,10110011SILVAO,2025-11-06,118222,1,2,0,33.0
10110011SILVAO_2025-11-06_G10,10110011SILVAO,2025-11-06,110755,1,4,0,174.0
10110011SILVAO_2025-11-06_G11,10110011SILVAO,2025-11-06,117786,1,2,0,248.0
10110011SILVAO_2025-11-06_G12,10110011SILVAO,2025-11-06,117856,1,6,0,132.0
10110011SILVAO_2025-11-06_G13,10110011SILVAO,2025-11-06,111530,1,5,0,117.0
10110011SILVAO_2025-11-06_G14,10110011SILVAO,2025-11-06,117862,1,5,0,59.0
10110011SILVAO_2025-11-06_G15,10110011SILVAO,2025-11-06,110733,1,4,0,64.0
10110011SILVAO_2025-11-06_G16,10110011SILVAO,2025-11-06,111467,1,4,0,91.0
10110011SILVAO_2025-11-06_G17,10110011SILVAO,2025-11-06,109640,1,2,0,40.0
10110011SILVAO_2025-11-06_G18,10110011SILVAO,2025-11-06,111602,1,2,0,92.0
10110011SILVAO_2025-11-06_G19,10110011SILVAO,2025-11-06,117855,1,2,0,56.0
10110011SILVAO_2025-11-06_G20,10110011SILVAO,2025-11-06,117830,1,2,0,299.0
10110011SILVAO_2025-11-06_G21,10110011SILVAO,2025-11-06,117808,1,36,0,543.0
10110011SILVAO_2025-11-06_G22,10110011SILVAO,2025-11-06,110372,1,28,0,175.0
10110011SILVAO_2025-11-06_G23,10110011SILVAO,2025-11-06,118299,1,18,0,115.0
10110011SILVAO_2025-11-06_G24,10110011SILVAO,2025-11-06,110371,1,5,0,98.0
10110011SILVAO_2025-11-06_G25,10110011SILVAO,2025-11-06,110373,1,10,0,62.0
10110011SILVAO_2025-11-06_G26,10110011SILVAO,2025-11-06,110325,1,2,0,48.0
10110011SILVAO_2025-11-06_G27,10110011SILVAO,2025-11-06,110895,1,3,0,397.0
10110011SILVAO_2025-11-07_G02,10110011SILVAO,2025-11-07,117830,1,18,0,295.0
10110011SILVAO_2025-11-07_G03,10110011SILVAO,2025-11-07,118299,1,60,0,1072.0
10110011SILVAO_2025-11-07_G04,10110011SILVAO,2025-11-07,118283,1,5,0,390.0
10110011SILVAO_2025-11-07_G05,10110011SILVAO,2025-11-07,160057,1,10,0,182.0
10110011SILVAO_2025-11-07_G06,10110011SILVAO,2025-11-07,118290,1,2,0,65.0
10110011SILVAO_2025-11-07_G07,10110011SILVAO,2025-11-07,117856,1,7,0,405.0
10110011SILVAO_2025-11-07_G08,10110011SILVAO,2025-11-07,140923,1,1,0,42.0
10110011SILVAO_2025-11-07_G09,10110011SILVAO,2025-11-07,111602,2,7,24,136.0
10110011SILVAO_2025-11-07_G10,10110011SILVAO,2025-11-07,111433,1,3,0,164.0
10110011SILVAO_2025-11-07_G11,10110011SILVAO,2025-11-07,111443,1,4,0,109.0
10110011SILVAO_2025-11-07_G12,10110011SILVAO,2025-11-07,110740,1,1,0,47.0
10110011SILVAO_2025-11-07_G13,10110011SILVAO,2025-11-07,110787,2,4,29,69.0
10110011SILVAO_2025-11-07_G14,10110011SILVAO,2025-11-07,111466,1,4,0,75.0
10110011SILVAO_2025-11-07_G15,10110011SILVAO,2025-11-07,111466,1,5,0,68.0
10110011SILVAO_2025-11-07_G16,10110011SILVAO,2025-11-07,117785,1,9,0,114.0
10110011SILVAO_2025-11-07_G17,10110011SILVAO,2025-11-07,111418,1,140,0,776.0
10110011SILVAO_2025-11-07_G18,10110011SILVAO,2025-11-07,111463,1,90,0,375.0
10110011SILVAO_2025-11-07_G19,10110011SILVAO,2025-11-07,117832,1,150,0,1890.0
10110011SILVAO_2025-11-07_G20,10110011SILVAO,2025-11-07,110325,1,100,0,323.0
10110011SILVAO_2025-11-07_G21,10110011SILVAO,2025-11-07,141271,1,100,0,261.0
10110011SILVAO_2025-11-07_G22,10110011SILVAO,2025-11-07,109641,1,55,0,504.0
10110011SILVAO_2025-11-07_G23,10110011SILVAO,2025-11-07,141458,1,200,0,477.0
10110011SILVAO_2025-11-07_G24,10110011SILVAO,2025-11-07,110895,1,4,0,2723.0
10110011SILVAO_2025-11-07_G25,10110011SILVAO,2025-11-07,140911,1,2,0,146.0
10110011SILVAO_2025-11-07_G26,10110011SILVAO,2025-11-07,111330,1,4,0,131.0
10110011SILVAO_2025-11-07_G27,10110011SILVAO,2025-11-07,140923,1,6,0,127.0
10110011SILVAO_2025-11-07_G28,10110011SILVAO,2025-11-07,118140,1,4,0,140.0
10110011SILVAO_2025-11-07_G29,10110011SILVAO,2025-11-07,111466,1,2,0,82.0
10110011SILVAO_2025-11-07_G30,10110011SILVAO,2025-11-07,110373,1,2,0,82.0
10110011SILVAO_2025-11-07_G31,10110011SILVAO,2025-11-07,117854,1,1,0,299.0
10110011SILVAO_2025-11-07_G32,10110011SILVAO,2025-11-07,110374,1,2,0,180.0
10110011SILVAO_2025-11-07_G33,10110011SILVAO,2025-11-07,117809,1,8,0,73.0
10110011SILVAO_2025-11-07_G34,10110011SILVAO,2025-11-07,110375,1,8,0,101.0
10110011SILVAO_2025-11-07_G35,10110011SILVAO,2025-11-07,105705,1,2,0,166.0
10110011SILVAO_2025-11-07_G36,10110011SILVAO,2025-11-07,109645,1,2,0,51.0
10110011SILVAO_2025-11-07_G37,10110011SILVAO,2025-11-07,108795,1,4,0,99.0
10110011SILVAO_2025-11-07_G38,10110011SILVAO,2025-11-07,118140,1,5,0,194.0
10110011SILVAO_2025-11-07_G39,10110011SILVAO,2025-11-07,141457,1,6,0,107.0
10110011SILVAO_2025-11-07_G40,10110011SILVAO,2025-11-07,108798,1,2,0,43.0
10110011SILVAO_2025-11-07_G41,10110011SILVAO,2025-11-07,108711,1,4,0,193.0
10110011SILVAO_2025-11-07_G42,10110011SILVAO,2025-11-07,111462,1,2,0,176.0
10110011SILVAO_2025-11-07_G43,10110011SILVAO,2025-11-07,111532,1,16,0,138.0
10110011SILVAO_2025-11-07_G44,10110011SILVAO,2025-11-07,117853,1,2,0,222.0
10110011SILVAO_2025-11-07_G45,10110011SILVAO,2025-11-07,110733,1,2,0,43.0
10110011SILVAO_2025-11-07_G46,10110011SILVAO,2025-11-07,160055,1,4,0,386.0
10110011SILVAO_2025-11-07_G47,10110011SILVAO,2025-11-07,140911,1,3,0,109.0
10110011SILVAO_2025-11-07_G49,10110011SILVAO,2025-11-07,118140,1,4,0,153.0
10110011SILVAO_2025-11-08_G02,10110011SILVAO,2025-11-08,110313,1,4,0,136.0
10110011SILVAO_2025-11-08_G03,10110011SILVAO,2025-11-08,111650,1,4,0,175.0
10110011SILVAO_2025-11-08_G04,10110011SILVAO,2025-11-08,110733,1,4,0,117.0
10110011SILVAO_2025-11-08_G05,10110011SILVAO,2025-11-08,111418,1,15,0,690.0
10110011SILVAO_2025-11-08_G06,10110011SILVAO,2025-11-08,117820,1,60,0,1854.0
10110011SILVAO_2025-11-08_G07,10110011SILVAO,2025-11-08,141458,1,16,0,72.0
10110011SILVAO_2025-11-08_G08,10110011SILVAO,2025-11-08,109643,1,8,0,1076.0
10110011SILVAO_2025-11-08_G09,10110011SILVAO,2025-11-08,117830,1,9,0,148.0
10110011SILVAO_2025-11-08_G10,10110011SILVAO,2025-11-08,117808,1,24,0,355.0
10110011SILVAO_2025-11-08_G11,10110011SILVAO,2025-11-08,117831,1,2,0,103.0
10110011SILVAO_2025-11-08_G12,10110011SILVAO,2025-11-08,118140,1,2,0,93.0
10110011SILVAO_2025-11-08_G13,10110011SILVAO,2025-11-08,141823,1,2,0,49.0
10110011SILVAO_2025-11-08_G14,10110011SILVAO,2025-11-08,141457,1,4,0,81.0
10110011SILVAO_2025-11-08_G15,10110011SILVAO,2025-11-08,141456,1,4,0,143.0
10110011SILVAO_2025-11-08_G16,10110011SILVAO,2025-11-08,108711,1,7,0,79.0
10110011SILVAO_2025-11-08_G17,10110011SILVAO,2025-11-08,111462,1,7,0,127.0
10110011SILVAO_2025-11-08_G18,10110011SILVAO,2025-11-08,141458,1,4,0,73.0
10110011SILVAO_2025-11-08_G19,10110011SILVAO,2025-11-08,111879,1,4,0,167.0
10110011SILVAO_2025-11-08_G20,10110011SILVAO,2025-11-08,110711,1,3,0,151.0
10110011SILVAO_2025-11-08_G21,10110011SILVAO,2025-11-08,111467,1,3,0,151.0
10110011SILVAO_2025-11-08_G22,10110011SILVAO,2025-11-08,111441,1,12,0,1046.0
10110011SILVAO_2025-11-08_G23,10110011SILVAO,2025-11-08,117785,1,62,0,631.0
10110011SILVAO_2025-11-08_G25,10110011SILVAO,2025-11-08,111430,1,4,0,193.0
10110011SILVAO_2025-11-08_G26,10110011SILVAO,2025-11-08,118418,1,2,0,159.0
10110011SILVAO_2025-11-08_G27,10110011SILVAO,2025-11-08,141262,1,6,0,226.0
10110011SILVAO_2025-11-08_G28,10110011SILVAO,2025-11-08,111634,1,7,0,144.0
10110011SILVAO_2025-11-08_G29,10110011SILVAO,2025-11-08,111759,1,3,0,166.0
10110011SILVAO_2025-11-08_G30,10110011SILVAO,2025-11-08,111760,1,1,0,31.0
10110011SILVAO_2025-11-08_G31,10110011SILVAO,2025-11-08,111752,1,3,0,382.0
10110011SILVAO_2025-11-08_G32,10110011SILVAO,2025-11-08,105705,1,6,0,193.0
10110011SILVAO_2025-11-08_G33,10110011SILVAO,2025-11-08,110373,1,4,0,134.0
10110011SILVAO_2025-11-08_G34,10110011SILVAO,2025-11-08,117854,1,1,0,1259.0
10110011SILVAO_2025-11-08_G36,10110011SILVAO,2025-11-08,140911,1,10,0,321.0
10110011SILVAO_2025-11-08_G37,10110011SILVAO,2025-11-08,111441,1,10,0,458.0
10110011SILVAO_2025-11-08_G38,10110011SILVAO,2025-11-08,117830,1,4,0,139.0
10110011SILVAO_2025-11-08_G39,10110011SILVAO,2025-11-08,117831,1,4,0,121.0
10110011SILVAO_2025-11-08_G40,10110011SILVAO,2025-11-08,118140,1,8,0,109.0
10110011SILVAO_2025-11-08_G41,10110011SILVAO,2025-11-08,141823,1,4,0,75.0
10110011SILVAO_2025-11-08_G42,10110011SILVAO,2025-11-08,110313,1,4,0,322.0
10110011SILVAO_2025-11-08_G43,10110011SILVAO,2025-11-08,110313,1,8,0,94.0
10110011SILVAO_2025-11-08_G44,10110011SILVAO,2025-11-08,118094,1,6,0,98.0
10110011SILVAO_2025-11-08_G45,10110011SILVAO,2025-11-08,111879,1,4,0,96.0
10110011SILVAO_2025-11-08_G46,10110011SILVAO,2025-11-08,117862,1,7,0,98.0
10110011SILVAO_2025-11-08_G47,10110011SILVAO,2025-11-08,110733,1,4,0,74.0
10110011SILVAO_2025-11-08_G48,10110011SILVAO,2025-11-08,105705,1,3,0,167.0
10110011SILVAO_2025-11-08_G49,10110011SILVAO,2025-11-08,118140,1,16,0,193.0
10110011SILVAO_2025-11-08_G50,10110011SILVAO,2025-11-08,141823,1,4,0,58.0
10110011SILVAO_2025-11-08_G51,10110011SILVAO,2025-11-08,110787,1,3,0,85.0
10110011SILVAO_2025-11-08_G52,10110011SILVAO,2025-11-08,141457,1,4,0,50.0
10110011SILVAO_2025-11-08_G53,10110011SILVAO,2025-11-08,111330,1,4,0,153.0
10110011SILVAO_2025-11-08_G54,10110011SILVAO,2025-11-08,141456,1,4,0,82.0
10110011SILVAO_2025-11-08_G55,10110011SILVAO,2025-11-08,111462,1,4,0,147.0
10110011SILVAO_2025-11-08_G56,10110011SILVAO,2025-11-08,141271,1,8,0,216.0
10110011SILVAO_2025-11-08_G57,10110011SILVAO,2025-11-08,118140,1,12,0,544.0
10110011SILVAO_2025-11-08_G58,10110011SILVAO,2025-11-08,141823,1,12,0,138.0
10110011SILVAO_2025-11-08_G59,10110011SILVAO,2025-11-08,108711,1,2,0,90.0
10110011SILVAO_2025-11-08_G60,10110011SILVAO,2025-11-08,118222,1,2,0,135.0
10110011SILVAO_2025-11-08_G61,10110011SILVAO,2025-11-08,111441,1,6,0,115.0
10110011SILVAO_2025-11-08_G62,10110011SILVAO,2025-11-08,141318,1,4,0,124.0
10110011SILVAO_2025-11-08_G63,10110011SILVAO,2025-11-08,118290,1,2,0,97.0
10110011SILVAO_2025-11-08_G64,10110011SILVAO,2025-11-08,110313,1,4,0,136.0
10110011SILVAO_2025-11-08_G65,10110011SILVAO,2025-11-08,118094,1,4,0,104.0
10110011SILVAO_2025-11-08_G66,10110011SILVAO,2025-11-08,117862,1,6,0,85.0
10110011SILVAO_2025-11-08_G67,10110011SILVAO,2025-11-08,110733,1,2,0,114.0
10110011SILVAO_2025-11-08_G68,10110011SILVAO,2025-11-08,118140,1,7,0,411.0
10110011SILVAO_2025-11-08_G69,10110011SILVAO,2025-11-08,111462,1,14,0,163.0
10110011SILVAO_2025-11-08_G70,10110011SILVAO,2025-11-08,141271,1,4,0,88.0
10110011SILVAO_2025-11-08_G71,10110011SILVAO,2025-11-08,111441,1,5,0,133.0
10110011SILVAO_2025-11-08_G72,10110011SILVAO,2025-11-08,100334,1,6,0,148.0
10110011SILVAO_2025-11-08_G73,10110011SILVAO,2025-11-08,108795,1,4,0,1790.0
10110011SILVAO_2025-11-08_G74,10110011SILVAO,2025-11-08,118140,1,16,0,115.0
10110011SILVAO_2025-11-08_G75,10110011SILVAO,2025-11-08,141823,1,8,0,80.0
10110011SILVAO_2025-11-08_G76,10110011SILVAO,2025-11-08,140922,1,4,0,49.0
10110011SILVAO_2025-11-08_G77,10110011SILVAO,2025-11-08,118299,1,4,0,83.0
10110011SILVAO_2025-11-10_G02,10110011SILVAO,2025-11-10,117834,1,10,0,155.0
10110011SILVAO_2025-11-10_G03,10110011SILVAO,2025-11-10,111445,1,4,0,79.0
10110011SILVAO_2025-11-10_G04,10110011SILVAO,2025-11-10,110895,1,10,0,102.0
10110011SILVAO_2025-11-10_G05,10110011SILVAO,2025-11-10,141318,1,8,0,117.0
10110011SILVAO_2025-11-10_G06,10110011SILVAO,2025-11-10,107892,1,1,0,158.0
10110011SILVAO_2025-11-10_G07,10110011SILVAO,2025-11-10,111569,1,100,0,1160.0
10110011SILVAO_2025-11-10_G08,10110011SILVAO,2025-11-10,110755,1,50,0,812.0
10110011SILVAO_2025-11-10_G09,10110011SILVAO,2025-11-10,110747,1,50,0,852.0
10110011SILVAO_2025-11-10_G10,10110011SILVAO,2025-11-10,111433,1,20,0,232.0
10110011SILVAO_2025-11-10_G11,10110011SILVAO,2025-11-10,117821,1,30,0,242.0
10110011SILVAO_2025-11-10_G12,10110011SILVAO,2025-11-10,118140,1,60,0,271.0
10110011SILVAO_2025-11-10_G13,10110011SILVAO,2025-11-10,111469,1,34,0,259.0
10110011SILVAO_2025-11-10_G14,10110011SILVAO,2025-11-10,109643,1,10,0,339.0
10110011SILVAO_2025-11-10_G15,10110011SILVAO,2025-11-10,117832,1,10,0,78.0
10110011SILVAO_2025-11-10_G16,10110011SILVAO,2025-11-10,117822,1,4,0,130.0
10110011SILVAO_2025-11-11_G02,10110011SILVAO,2025-11-11,109471,1,5,0,140.0
10110011SILVAO_2025-11-11_G03,10110011SILVAO,2025-11-11,108410,1,1,0,278.0
10110011SILVAO_2025-11-11_G04,10110011SILVAO,2025-11-11,141318,1,27,0,457.0
10110011SILVAO_2025-11-11_G05,10110011SILVAO,2025-11-11,111660,1,13,0,558.0
10110011SILVAO_2025-11-11_G06,10110011SILVAO,2025-11-11,110582,1,12,0,149.0
10110011SILVAO_2025-11-11_G07,10110011SILVAO,2025-11-11,118222,1,48,0,343.0
10110011SILVAO_2025-11-11_G08,10110011SILVAO,2025-11-11,140915,1,4,0,1115.0
10110011SILVAO_2025-11-11_G09,10110011SILVAO,2025-11-11,160057,1,2,0,543.0
10110011SILVAO_2025-11-11_G10,10110011SILVAO,2025-11-11,110747,1,4,0,68.0
10110011SILVAO_2025-11-11_G11,10110011SILVAO,2025-11-11,117853,1,4,0,108.0
10110011SILVAO_2025-11-11_G12,10110011SILVAO,2025-11-11,140923,1,3,0,90.0
10110011SILVAO_2025-11-11_G13,10110011SILVAO,2025-11-11,111602,1,5,0,102.0
10110011SILVAO_2025-11-11_G14,10110011SILVAO,2025-11-11,117821,1,2,0,132.0
10110011SILVAO_2025-11-11_G15,10110011SILVAO,2025-11-11,111443,1,4,0,77.0
10110011SILVAO_2025-11-11_G16,10110011SILVAO,2025-11-11,111469,1,12,0,117.0
10110011SILVAO_2025-11-11_G17,10110011SILVAO,2025-11-11,141456,1,2,0,68.0
10110011SILVAO_2025-11-11_G18,10110011SILVAO,2025-11-11,117832,1,2,0,240.0
10110011SILVAO_2025-11-11_G19,10110011SILVAO,2025-11-11,117820,1,8,0,76.0
10110011SILVAO_2025-11-11_G20,10110011SILVAO,2025-11-11,117808,1,12,0,116.0
10110011SILVAO_2025-11-11_G21,10110011SILVAO,2025-11-11,110372,1,8,0,57.0
10110011SILVAO_2025-11-11_G22,10110011SILVAO,2025-11-11,118299,1,7,0,81.0
10110011SILVAO_2025-11-11_G23,10110011SILVAO,2025-11-11,111430,1,3,0,262.0
10110011SILVAO_2025-11-11_G24,10110011SILVAO,2025-11-11,141916,1,2,0,88.0
10110011SILVAO_2025-11-11_G25,10110011SILVAO,2025-11-11,107892,1,4,0,148.0
10110011SILVAO_2025-11-11_G26,10110011SILVAO,2025-11-11,118094,1,4,0,620.0
10110011SILVAO_2025-11-11_G27,10110011SILVAO,2025-11-11,110733,1,2,0,64.0
10110011SILVAO_2025-11-11_G28,10110011SILVAO,2025-11-11,111602,1,4,0,88.0
10110011SILVAO_2025-11-11_G29,10110011SILVAO,2025-11-11,105705,1,4,0,128.0
10110011SILVAO_2025-11-11_G30,10110011SILVAO,2025-11-11,108795,1,4,0,106.0
10110011SILVAO_2025-11-11_G31,10110011SILVAO,2025-11-11,111348,1,4,0,64.0
10110011SILVAO_2025-11-11_G32,10110011SILVAO,2025-11-11,111469,1,8,0,108.0
10110011SILVAO_2025-11-11_G33,10110011SILVAO,2025-11-11,117785,1,2,0,74.0
10110011SILVAO_2025-11-11_G34,10110011SILVAO,2025-11-11,111743,1,4,0,100.0
10110011SILVAO_2025-11-11_G35,10110011SILVAO,2025-11-11,141458,1,2,0,50.0
10110011SILVAO_2025-11-11_G36,10110011SILVAO,2025-11-11,141823,1,1,0,33.0
10110011SILVAO_2025-11-11_G37,10110011SILVAO,2025-11-11,109643,1,6,0,128.0
10110011SILVAO_2025-11-11_G38,10110011SILVAO,2025-11-11,110372,1,10,0,334.0
10110011SILVAO_2025-11-11_G39,10110011SILVAO,2025-11-11,110373,1,24,0,376.0
10110011SILVAO_2025-11-11_G40,10110011SILVAO,2025-11-11,141202,1,2,0,68.0
10110011SILVAO_2025-11-11_G41,10110011SILVAO,2025-11-11,110895,1,4,0,141.0
10110011SILVAO_2025-11-11_G42,10110011SILVAO,2025-11-11,"117861, 111602",2,2,24,39.0
10110011SILVAO_2025-11-11_G43,10110011SILVAO,2025-11-11,105705,1,1,0,153.0
10110011SILVAO_2025-11-11_G44,10110011SILVAO,2025-11-11,117831,1,2,0,75.0
10110011SILVAO_2025-11-11_G45,10110011SILVAO,2025-11-11,140922,1,10,0,105.0
10110011SILVAO_2025-11-11_G46,10110011SILVAO,2025-11-11,111469,1,12,0,110.0
10110011SILVAO_2025-11-11_G47,10110011SILVAO,2025-11-11,117820,1,2,0,71.0
10110011SILVAO_2025-11-11_G48,10110011SILVAO,2025-11-11,117808,1,3,0,87.0
10110011SILVAO_2025-11-11_G49,10110011SILVAO,2025-11-11,111441,1,1,0,305.0
10110011SILVAO_2025-11-11_G50,10110011SILVAO,2025-11-11,110313,2,4,30,186.0
10110011SILVAO_2025-11-11_G51,10110011SILVAO,2025-11-11,118094,1,2,0,74.0
10110011SILVAO_2025-11-11_G52,10110011SILVAO,2025-11-11,109647,1,2,0,42.0
10110011SILVAO_2025-11-11_G53,10110011SILVAO,2025-11-11,117861,1,2,0,67.0
10110011SILVAO_2025-11-11_G54,10110011SILVAO,2025-11-11,111443,1,4,0,64.0
10110011SILVAO_2025-11-11_G55,10110011SILVAO,2025-11-11,111418,1,4,0,75.0
10110011SILVAO_2025-11-11_G56,10110011SILVAO,2025-11-11,111418,1,7,0,39.0
10110011SILVAO_2025-11-11_G57,10110011SILVAO,2025-11-11,111469,1,6,0,91.0
10110011SILVAO_2025-11-11_G58,10110011SILVAO,2025-11-11,141456,1,4,0,78.0
10110011SILVAO_2025-11-11_G59,10110011SILVAO,2025-11-11,111463,1,2,0,61.0
10110011SILVAO_2025-11-11_G60,10110011SILVAO,2025-11-11,141823,1,2,0,91.0
10110011SILVAO_2025-11-11_G61,10110011SILVAO,2025-11-11,117840,1,2,0,88.0
10110011SILVAO_2025-11-11_G62,10110011SILVAO,2025-11-11,117808,1,5,0,96.0
10110011SILVAO_2025-11-11_G63,10110011SILVAO,2025-11-11,118299,1,8,0,80.0
10110011SILVAO_2025-11-11_G64,10110011SILVAO,2025-11-11,118222,1,1,0,96.0
10110011SILVAO_2025-11-11_G65,10110011SILVAO,2025-11-11,108795,1,2,0,173.0
10110011SILVAO_2025-11-11_G66,10110011SILVAO,2025-11-11,118140,1,4,0,153.0
10110011SILVAO_2025-11-11_G67,10110011SILVAO,2025-11-11,105705,1,2,0,40.0
10110011SILVAO_2025-11-11_G68,10110011SILVAO,2025-11-11,117838,1,4,0,146.0
10110011SILVAO_2025-11-11_G69,10110011SILVAO,2025-11-11,140922,1,1,0,70.0
10110011SILVAO_2025-11-11_G70,10110011SILVAO,2025-11-11,111348,1,2,0,79.0
10110011SILVAO_2025-11-11_G71,10110011SILVAO,2025-11-11,141457,1,2,0,343.0
10110011SILVAO_2025-11-11_G72,10110011SILVAO,2025-11-11,118223,1,4,0,211.0
10110011SILVAO_2025-11-11_G73,10110011SILVAO,2025-11-11,117833,1,2,0,51.0
10110011SILVAO_2025-11-11_G74,10110011SILVAO,2025-11-11,141458,1,2,0,102.0
10110011SILVAO_2025-11-11_G75,10110011SILVAO,2025-11-11,109647,1,2,0,99.0
10110011SILVAO_2025-11-11_G76,10110011SILVAO,2025-11-11,117832,1,4,0,50.0
10110011SILVAO_2025-11-11_G77,10110011SILVAO,2025-11-11,111441,1,4,0,1623.0
10110011SILVAO_2025-11-11_G78,10110011SILVAO,2025-11-11,110895,1,1,0,99.0
10110011SILVAO_2025-11-11_G79,10110011SILVAO,2025-11-11,111602,1,1,0,89.0
10110011SILVAO_2025-11-11_G80,10110011SILVAO,2025-11-11,111172,1,1,0,118.0
10110011SILVAO_2025-11-11_G81,10110011SILVAO,2025-11-11,118140,1,6,0,112.0
10110011SILVAO_2025-11-11_G82,10110011SILVAO,2025-11-11,111418,1,4,0,153.0
10110011SILVAO_2025-11-11_G83,10110011SILVAO,2025-11-11,111463,1,4,0,92.0
10110011SILVAO_2025-11-11_G84,10110011SILVAO,2025-11-11,111532,1,4,0,112.0
10110011SILVAO_2025-11-11_G85,10110011SILVAO,2025-11-11,110374,1,2,0,95.0
10110011SILVAO_2025-11-11_G86,10110011SILVAO,2025-11-11,110372,1,11,0,117.0
10110011SILVAO_2025-11-11_G87,10110011SILVAO,2025-11-11,110373,1,8,0,126.0
10110011SILVAO_2025-11-11_G88,10110011SILVAO,2025-11-11,111650,1,4,0,1468.0
10110011SILVAO_2025-11-11_G89,10110011SILVAO,2025-11-11,108711,1,2,0,115.0
10110011SILVAO_2025-11-11_G90,10110011SILVAO,2025-11-11,140923,1,10,0,118.0
10110011SILVAO_2025-11-11_G91,10110011SILVAO,2025-11-11,117820,1,4,0,120.0
10110011SILVAO_2025-11-11_G92,10110011SILVAO,2025-11-11,140922,1,4,0,103.0
10110011SILVAO_2025-11-11_G93,10110011SILVAO,2025-11-11,118140,1,8,0,144.0
10110011SILVAO_2025-11-11_G94,10110011SILVAO,2025-11-11,140922,1,4,0,87.0
10110011SILVAO_2025-11-11_G95,10110011SILVAO,2025-11-11,141823,1,8,0,142.0
10110011SILVAO_2025-11-11_G96,10110011SILVAO,2025-11-11,140923,1,4,0,117.0
10110011SILVAO_2025-11-11_G97,10110011SILVAO,2025-11-11,111743,1,4,0,119.0
10110011SILVAO_2025-11-11_G98,10110011SILVAO,2025-11-11,141823,1,4,0,69.0
10110011SILVAO_2025-11-11_G99,10110011SILVAO,2025-11-11,118140,1,4,0,123.0
10110011SILVAO_2025-11-11_G100,10110011SILVAO,2025-11-11,117831,1,4,0,86.0
10110011SILVAO_2025-11-11_G101,10110011SILVAO,2025-11-11,140923,1,12,0,270.0
10110011SILVAO_2025-11-11_G102,10110011SILVAO,2025-11-11,117832,1,4,0,314.0
10110011SILVAO_2025-11-11_G103,10110011SILVAO,2025-11-11,140922,1,4,0,70.0
10110011SILVAO_2025-11-11_G104,10110011SILVAO,2025-11-11,110733,1,2,0,52.0
10110011SILVAO_2025-11-11_G105,10110011SILVAO,2025-11-11,141823,1,6,0,105.0
10110011SILVAO_2025-11-11_G106,10110011SILVAO,2025-11-11,110372,1,12,0,105.0
10110011SILVAO_2025-11-11_G107,10110011SILVAO,2025-11-11,118140,1,4,0,145.0
10110011SILVAO_2025-11-11_G108,10110011SILVAO,2025-11-11,140922,1,2,0,63.0
10110011SILVAO_2025-11-11_G109,10110011SILVAO,2025-11-11,110711,1,5,0,120.0
10110011SILVAO_2025-11-11_G111,10110011SILVAO,2025-11-11,117329,1,4,0,193.0
10110011SILVAO_2025-11-11_G112,10110011SILVAO,2025-11-11,117808,1,23,0,352.0
10110011SILVAO_2025-11-11_G113,10110011SILVAO,2025-11-11,117820,1,20,0,119.0
10110011SILVAO_2025-11-11_G114,10110011SILVAO,2025-11-11,117830,1,4,0,62.0
10110011SILVAO_2025-11-11_G115,10110011SILVAO,2025-11-11,110372,1,31,0,334.0
10110011SILVAO_2025-11-11_G116,10110011SILVAO,2025-11-11,118299,1,8,0,78.0
10110011SILVAO_2025-11-11_G117,10110011SILVAO,2025-11-11,110376,1,4,0,115.0
10110011SILVAO_2025-11-11_G118,10110011SILVAO,2025-11-11,110373,1,26,0,408.0
10110011SILVAO_2025-11-11_G119,10110011SILVAO,2025-11-11,111172,1,8,0,170.0
10110011SILVAO_2025-11-11_G120,10110011SILVAO,2025-11-11,110740,1,2,0,120.0
10110011SILVAO_2025-11-11_G121,10110011SILVAO,2025-11-11,110787,1,6,0,108.0
10110011SILVAO_2025-11-11_G122,10110011SILVAO,2025-11-11,111418,1,21,0,150.0
10110011SILVAO_2025-11-11_G123,10110011SILVAO,2025-11-11,111469,1,14,0,96.0
10110011SILVAO_2025-11-11_G124,10110011SILVAO,2025-11-11,111463,1,5,0,86.0
10110011SILVAO_2025-11-11_G125,10110011SILVAO,2025-11-11,111466,1,8,0,94.0
10110011SILVAO_2025-11-11_G126,10110011SILVAO,2025-11-11,111441,1,12,0,456.0
10110011SILVAO_2025-11-11_G127,10110011SILVAO,2025-11-11,110374,1,2,0,205.0
10110011SILVAO_2025-11-11_G128,10110011SILVAO,2025-11-11,117820,1,6,0,82.0
10110011SILVAO_2025-11-11_G129,10110011SILVAO,2025-11-11,117830,1,4,0,55.0
10110011SILVAO_2025-11-11_G130,10110011SILVAO,2025-11-11,117808,1,32,0,160.0
10110011SILVAO_2025-11-11_G131,10110011SILVAO,2025-11-11,110372,1,4,0,58.0
10110011SILVAO_2025-11-11_G132,10110011SILVAO,2025-11-11,118299,1,5,0,74.0
10110011SILVAO_2025-11-11_G133,10110011SILVAO,2025-11-11,110373,1,13,0,97.0
10110011SILVAO_2025-11-11_G134,10110011SILVAO,2025-11-11,117785,1,8,0,152.0
10110011SILVAO_2025-11-11_G135,10110011SILVAO,2025-11-11,111469,1,10,0,190.0
10110011SILVAO_2025-11-11_G136,10110011SILVAO,2025-11-11,111418,1,20,0,161.0
10110011SILVAO_2025-11-12_G02,10110011SILVAO,2025-11-12,110313,1,9,0,866.0
10110011SILVAO_2025-11-12_G03,10110011SILVAO,2025-11-12,109645,1,8,0,365.0
10110011SILVAO_2025-11-12_G04,10110011SILVAO,2025-11-12,117821,1,9,0,156.0
10110011SILVAO_2025-11-12_G05,10110011SILVAO,2025-11-12,111330,1,13,0,125.0
10110011SILVAO_2025-11-12_G06,10110011SILVAO,2025-11-12,111348,1,3,0,112.0
10110011SILVAO_2025-11-12_G07,10110011SILVAO,2025-11-12,141456,1,10,0,163.0
10110011SILVAO_2025-11-12_G08,10110011SILVAO,2025-11-12,117841,1,6,0,77.0
10110011SILVAO_2025-11-12_G09,10110011SILVAO,2025-11-12,111463,1,21,0,223.0
10110011SILVAO_2025-11-12_G10,10110011SILVAO,2025-11-12,118223,1,6,0,60.0
10110011SILVAO_2025-11-12_G11,10110011SILVAO,2025-11-12,109641,1,9,0,120.0
10110011SILVAO_2025-11-12_G12,10110011SILVAO,2025-11-12,141457,1,10,0,86.0
10110011SILVAO_2025-11-12_G13,10110011SILVAO,2025-11-12,111462,1,13,0,166.0
10110011SILVAO_2025-11-12_G14,10110011SILVAO,2025-11-12,111532,1,16,0,197.0
10110011SILVAO_2025-11-12_G15,10110011SILVAO,2025-11-12,117831,1,40,0,319.0
10110011SILVAO_2025-11-12_G16,10110011SILVAO,2025-11-12,118140,1,101,0,705.0
10110011SILVAO_2025-11-12_G17,10110011SILVAO,2025-11-12,111743,1,21,0,232.0
10110011SILVAO_2025-11-12_G18,10110011SILVAO,2025-11-12,117785,1,71,0,382.0
10110011SILVAO_2025-11-12_G19,10110011SILVAO,2025-11-12,117820,1,101,0,298.0
10110011SILVAO_2025-11-12_G20,10110011SILVAO,2025-11-12,117830,1,9,0,181.0
10110011SILVAO_2025-11-12_G21,10110011SILVAO,2025-11-12,110372,1,111,0,357.0
10110011SILVAO_2025-11-12_G22,10110011SILVAO,2025-11-12,110373,1,130,0,674.0
10110011SILVAO_2025-11-12_G23,10110011SILVAO,2025-11-12,141202,1,11,0,669.0
10110011SILVAO_2025-11-12_G25,10110011SILVAO,2025-11-12,110755,1,4,0,110.0
10110011SILVAO_2025-11-12_G26,10110011SILVAO,2025-11-12,110895,1,2,0,42.0
10110011SILVAO_2025-11-12_G27,10110011SILVAO,2025-11-12,110895,1,2,0,34.0
10110011SILVAO_2025-11-12_G28,10110011SILVAO,2025-11-12,118222,1,8,0,123.0
10110011SILVAO_2025-11-12_G29,10110011SILVAO,2025-11-12,111569,1,6,0,205.0
10110011SILVAO_2025-11-12_G30,10110011SILVAO,2025-11-12,118094,1,2,0,97.0
10110011SILVAO_2025-11-12_G31,10110011SILVAO,2025-11-12,109647,1,2,0,38.0
10110011SILVAO_2025-11-12_G32,10110011SILVAO,2025-11-12,117861,1,2,0,71.0
10110011SILVAO_2025-11-12_G33,10110011SILVAO,2025-11-12,110711,1,2,0,62.0
10110011SILVAO_2025-11-12_G34,10110011SILVAO,2025-11-12,117862,1,6,0,100.0
10110011SILVAO_2025-11-12_G35,10110011SILVAO,2025-11-12,140923,1,2,0,61.0
10110011SILVAO_2025-11-12_G36,10110011SILVAO,2025-11-12,111602,1,2,0,83.0
10110011SILVAO_2025-11-12_G37,10110011SILVAO,2025-11-12,110339,1,4,0,191.0
10110011SILVAO_2025-11-12_G38,10110011SILVAO,2025-11-12,111433,1,4,0,127.0
10110011SILVAO_2025-11-12_G39,10110011SILVAO,2025-11-12,110751,1,4,0,86.0
10110011SILVAO_2025-11-12_G40,10110011SILVAO,2025-11-12,140922,1,2,0,352.0
10110011SILVAO_2025-11-12_G41,10110011SILVAO,2025-11-12,118140,1,13,0,126.0
10110011SILVAO_2025-11-12_G42,10110011SILVAO,2025-11-12,111435,1,2,0,42.0
10110011SILVAO_2025-11-12_G43,10110011SILVAO,2025-11-12,111418,1,7,0,86.0
10110011SILVAO_2025-11-12_G44,10110011SILVAO,2025-11-12,111469,1,4,0,52.0
10110011SILVAO_2025-11-12_G45,10110011SILVAO,2025-11-12,111431,1,4,0,53.0
10110011SILVAO_2025-11-12_G46,10110011SILVAO,2025-11-12,111466,1,8,0,176.0
10110011SILVAO_2025-11-12_G47,10110011SILVAO,2025-11-12,109641,1,2,0,81.0
10110011SILVAO_2025-11-12_G48,10110011SILVAO,2025-11-12,117785,1,3,0,52.0
10110011SILVAO_2025-11-12_G49,10110011SILVAO,2025-11-12,111462,1,8,0,83.0
10110011SILVAO_2025-11-12_G50,10110011SILVAO,2025-11-12,141458,1,6,0,82.0
10110011SILVAO_2025-11-12_G51,10110011SILVAO,2025-11-12,109643,1,4,0,132.0
10110011SILVAO_2025-11-12_G52,10110011SILVAO,2025-11-12,117809,2,4,22,73.0
10110011SILVAO_2025-11-12_G53,10110011SILVAO,2025-11-12,110372,1,2,0,90.0
10110011SILVAO_2025-11-12_G54,10110011SILVAO,2025-11-12,118299,1,2,0,59.0
10110011SILVAO_2025-11-12_G55,10110011SILVAO,2025-11-12,110373,1,21,0,259.0
10110011SILVAO_2025-11-12_G56,10110011SILVAO,2025-11-12,117808,1,36,0,515.0
10110011SILVAO_2025-11-12_G58,10110011SILVAO,2025-11-12,117830,1,5,0,97.0
10110011SILVAO_2025-11-12_G59,10110011SILVAO,2025-11-12,117808,1,9,0,181.0
10110011SILVAO_2025-11-12_G60,10110011SILVAO,2025-11-12,110372,1,42,0,203.0
10110011SILVAO_2025-11-12_G61,10110011SILVAO,2025-11-12,118299,1,30,0,223.0
10110011SILVAO_2025-11-12_G62,10110011SILVAO,2025-11-12,117832,1,2,0,176.0
10110011SILVAO_2025-11-12_G63,10110011SILVAO,2025-11-12,110373,1,2,0,77.0
10110011SILVAO_2025-11-12_G64,10110011SILVAO,2025-11-12,110745,1,4,0,117.0
10110011SILVAO_2025-11-12_G65,10110011SILVAO,2025-11-12,140922,1,9,0,89.0
10110011SILVAO_2025-11-12_G66,10110011SILVAO,2025-11-12,111463,1,23,0,189.0
10110011SILVAO_2025-11-12_G67,10110011SILVAO,2025-11-12,111462,1,4,0,92.0
10110011SILVAO_2025-11-12_G68,10110011SILVAO,2025-11-12,111743,1,8,0,70.0
10110011SILVAO_2025-11-12_G69,10110011SILVAO,2025-11-12,111439,1,5,0,138.0
10110011SILVAO_2025-11-12_G70,10110011SILVAO,2025-11-12,118094,1,6,0,56.0
10110011SILVAO_2025-11-12_G71,10110011SILVAO,2025-11-12,111467,1,7,0,130.0
10110011SILVAO_2025-11-12_G72,10110011SILVAO,2025-11-12,110747,1,14,0,372.0
10110011SILVAO_2025-11-12_G73,10110011SILVAO,2025-11-12,110754,1,4,0,111.0
10110011SILVAO_2025-11-12_G74,10110011SILVAO,2025-11-12,160054,1,2,0,115.0
10110011SILVAO_2025-11-12_G75,10110011SILVAO,2025-11-12,160053,1,2,0,126.0
10110011SILVAO_2025-11-12_G76,10110011SILVAO,2025-11-12,160051,1,2,0,33.0
10110011SILVAO_2025-11-12_G77,10110011SILVAO,2025-11-12,117808,1,13,0,97.0
10110011SILVAO_2025-11-12_G78,10110011SILVAO,2025-11-12,118299,1,3,0,74.0
10110011SILVAO_2025-11-13_G02,10110011SILVAO,2025-11-13,111462,1,366,0,557.0
10110011SILVAO_2025-11-13_G03,10110011SILVAO,2025-11-13,111743,1,90,0,719.0
10110011SILVAO_2025-11-13_G04,10110011SILVAO,2025-11-13,111435,1,100,0,995.0
10110011SILVAO_2025-11-13_G05,10110011SILVAO,2025-11-13,109641,1,44,0,290.0
10110011SILVAO_2025-11-13_G06,10110011SILVAO,2025-11-13,117841,1,5,0,209.0
10110011SILVAO_2025-11-13_G07,10110011SILVAO,2025-11-13,110755,1,30,0,454.0
10110011SILVAO_2025-11-13_G08,10110011SILVAO,2025-11-13,109643,1,2,0,1472.0
10110011SILVAO_2025-11-13_G09,10110011SILVAO,2025-11-13,117809,1,14,0,102.0
10110011SILVAO_2025-11-13_G10,10110011SILVAO,2025-11-13,117832,1,4,0,122.0
10110011SILVAO_2025-11-13_G11,10110011SILVAO,2025-11-13,117822,1,6,0,97.0
10110011SILVAO_2025-11-13_G12,10110011SILVAO,2025-11-13,141202,1,4,0,78.0
10110011SILVAO_2025-11-13_G13,10110011SILVAO,2025-11-13,105705,1,2,0,82.0
10110011SILVAO_2025-11-13_G14,10110011SILVAO,2025-11-13,109645,1,4,0,66.0
10110011SILVAO_2025-11-13_G15,10110011SILVAO,2025-11-13,117831,1,6,0,62.0
10110011SILVAO_2025-11-13_G16,10110011SILVAO,2025-11-13,108795,1,4,0,86.0
10110011SILVAO_2025-11-13_G17,10110011SILVAO,2025-11-13,110745,1,2,0,73.0
10110011SILVAO_2025-11-13_G18,10110011SILVAO,2025-11-13,118140,1,2,0,64.0
10110011SILVAO_2025-11-13_G19,10110011SILVAO,2025-11-13,108798,1,4,0,52.0
10110011SILVAO_2025-11-13_G20,10110011SILVAO,2025-11-13,109641,1,2,0,90.0
10110011SILVAO_2025-11-13_G21,10110011SILVAO,2025-11-13,141458,1,2,0,68.0
10110011SILVAO_2025-11-13_G22,10110011SILVAO,2025-11-13,111465,1,3,0,59.0
10110011SILVAO_2025-11-13_G23,10110011SILVAO,2025-11-13,117809,1,4,0,644.0
10110011SILVAO_2025-11-13_G24,10110011SILVAO,2025-11-13,117820,1,2,0,39.0
10110011SILVAO_2025-11-13_G25,10110011SILVAO,2025-11-13,118299,1,8,0,77.0
10110011SILVAO_2025-11-13_G26,10110011SILVAO,2025-11-13,117808,1,8,0,90.0
10110011SILVAO_2025-11-13_G27,10110011SILVAO,2025-11-13,117832,1,4,0,67.0
10110011SILVAO_2025-11-13_G28,10110011SILVAO,2025-11-13,110740,1,4,0,139.0
10110011SILVAO_2025-11-13_G29,10110011SILVAO,2025-11-13,118140,1,1,0,76.0
10110011SILVAO_2025-11-13_G30,10110011SILVAO,2025-11-13,108798,1,2,0,51.0
10110011SILVAO_2025-11-13_G31,10110011SILVAO,2025-11-13,111418,1,4,0,40.0
10110011SILVAO_2025-11-13_G32,10110011SILVAO,2025-11-13,108794,1,2,0,76.0
10110011SILVAO_2025-11-13_G33,10110011SILVAO,2025-11-13,117833,1,2,0,93.0
10110011SILVAO_2025-11-13_G34,10110011SILVAO,2025-11-13,141457,1,2,0,45.0
10110011SILVAO_2025-11-13_G35,10110011SILVAO,2025-11-13,141458,1,2,0,102.0
10110011SILVAO_2025-11-13_G36,10110011SILVAO,2025-11-13,110313,1,2,0,383.0
10110011SILVAO_2025-11-13_G37,10110011SILVAO,2025-11-13,117837,1,4,0,110.0
10110011SILVAO_2025-11-13_G38,10110011SILVAO,2025-11-13,110733,1,2,0,53.0
10110011SILVAO_2025-11-13_G39,10110011SILVAO,2025-11-13,117853,1,2,0,54.0
10110011SILVAO_2025-11-13_G40,10110011SILVAO,2025-11-13,117862,1,4,0,67.0
10110011SILVAO_2025-11-13_G41,10110011SILVAO,2025-11-13,111602,1,3,0,97.0
10110011SILVAO_2025-11-13_G42,10110011SILVAO,2025-11-13,110787,1,2,0,215.0
10110011SILVAO_2025-11-13_G43,10110011SILVAO,2025-11-13,117809,1,4,0,113.0
10110011SILVAO_2025-11-13_G44,10110011SILVAO,2025-11-13,117820,1,3,0,45.0
10110011SILVAO_2025-11-13_G45,10110011SILVAO,2025-11-13,118299,1,20,0,117.0
10110011SILVAO_2025-11-13_G46,10110011SILVAO,2025-11-13,117808,1,2,0,61.0
10110011SILVAO_2025-11-13_G47,10110011SILVAO,2025-11-13,117831,1,4,0,92.0
10110011SILVAO_2025-11-13_G48,10110011SILVAO,2025-11-13,110740,1,4,0,158.0
10110011SILVAO_2025-11-13_G49,10110011SILVAO,2025-11-13,140922,1,3,0,53.0
10110011SILVAO_2025-11-13_G50,10110011SILVAO,2025-11-13,110787,1,1,0,51.0
10110011SILVAO_2025-11-13_G51,10110011SILVAO,2025-11-13,111418,1,2,0,51.0
10110011SILVAO_2025-11-13_G52,10110011SILVAO,2025-11-13,141456,1,2,0,64.0
10110011SILVAO_2025-11-13_G53,10110011SILVAO,2025-11-13,117833,1,2,0,133.0
10110011SILVAO_2025-11-13_G54,10110011SILVAO,2025-11-13,117785,1,4,0,66.0
10110011SILVAO_2025-11-13_G55,10110011SILVAO,2025-11-13,110895,1,3,0,165.0
10110011SILVAO_2025-11-13_G56,10110011SILVAO,2025-11-13,110313,1,4,0,1764.0
10110011SILVAO_2025-11-13_G57,10110011SILVAO,2025-11-13,118140,1,4,0,113.0
10110011SILVAO_2025-11-13_G58,10110011SILVAO,2025-11-13,110332,1,2,0,73.0
10110011SILVAO_2025-11-13_G59,10110011SILVAO,2025-11-13,118317,1,2,0,260.0
10110011SILVAO_2025-11-13_G60,10110011SILVAO,2025-11-13,110313,1,4,0,127.0
10110011SILVAO_2025-11-13_G61,10110011SILVAO,2025-11-13,140922,1,8,0,109.0
10110011SILVAO_2025-11-13_G62,10110011SILVAO,2025-11-13,118140,1,24,0,193.0
10110011SILVAO_2025-11-13_G63,10110011SILVAO,2025-11-13,108711,1,20,0,775.0
10110011SILVAO_2025-11-13_G64,10110011SILVAO,2025-11-13,111433,1,2,0,260.0
10110011SILVAO_2025-11-13_G65,10110011SILVAO,2025-11-13,109645,1,4,0,66.0
10110011SILVAO_2025-11-13_G66,10110011SILVAO,2025-11-13,111330,1,3,0,49.0
10110011SILVAO_2025-11-13_G67,10110011SILVAO,2025-11-13,110745,1,2,0,57.0
10110011SILVAO_2025-11-13_G68,10110011SILVAO,2025-11-13,140922,1,2,0,46.0
10110011SILVAO_2025-11-13_G69,10110011SILVAO,2025-11-13,110787,1,27,0,229.0
10110011SILVAO_2025-11-13_G70,10110011SILVAO,2025-11-13,111435,1,4,0,77.0
10110011SILVAO_2025-11-13_G71,10110011SILVAO,2025-11-13,108798,1,1,0,40.0
10110011SILVAO_2025-11-13_G72,10110011SILVAO,2025-11-13,110743,1,4,0,82.0
10110011SILVAO_2025-11-13_G73,10110011SILVAO,2025-11-13,141456,1,6,0,88.0
10110011SILVAO_2025-11-13_G74,10110011SILVAO,2025-11-13,108711,1,14,0,98.0
10110011SILVAO_2025-11-13_G75,10110011SILVAO,2025-11-13,118317,1,16,0,153.0
10110011SILVAO_2025-11-13_G76,10110011SILVAO,2025-11-13,117833,1,4,0,174.0
10110011SILVAO_2025-11-13_G77,10110011SILVAO,2025-11-13,141457,1,4,0,43.0
10110011SILVAO_2025-11-13_G78,10110011SILVAO,2025-11-13,111444,1,6,0,62.0
10110011SILVAO_2025-11-13_G79,10110011SILVAO,2025-11-13,141458,1,11,0,217.0
10110011SILVAO_2025-11-13_G80,10110011SILVAO,2025-11-13,111465,1,3,0,45.0
10110011SILVAO_2025-11-13_G81,10110011SILVAO,2025-11-13,109643,1,4,0,124.0
10110011SILVAO_2025-11-13_G82,10110011SILVAO,2025-11-13,117832,1,6,0,78.0
10110011SILVAO_2025-11-13_G83,10110011SILVAO,2025-11-13,118094,1,6,0,118.0
10110011SILVAO_2025-11-13_G84,10110011SILVAO,2025-11-13,110741,1,6,0,55.0
10110011SILVAO_2025-11-13_G85,10110011SILVAO,2025-11-13,117837,1,6,0,113.0
10110011SILVAO_2025-11-13_G86,10110011SILVAO,2025-11-13,117853,1,8,0,103.0
10110011SILVAO_2025-11-13_G87,10110011SILVAO,2025-11-13,117862,1,4,0,91.0
10110011SILVAO_2025-11-13_G88,10110011SILVAO,2025-11-13,117856,1,22,0,388.0
10110011SILVAO_2025-11-13_G89,10110011SILVAO,2025-11-13,110373,1,51,0,415.0
10110011SILVAO_2025-11-13_G90,10110011SILVAO,2025-11-13,118140,1,50,0,425.0
10110011SILVAO_2025-11-13_G92,10110011SILVAO,2025-11-13,111441,1,3,0,57.0
10110011SILVAO_2025-11-13_G93,10110011SILVAO,2025-11-13,141318,1,4,0,99.0
10110011SILVAO_2025-11-13_G94,10110011SILVAO,2025-11-13,117786,1,1,0,78.0
10110011SILVAO_2025-11-13_G95,10110011SILVAO,2025-11-13,110711,1,1,0,99.0
10110011SILVAO_2025-11-13_G96,10110011SILVAO,2025-11-13,117862,1,4,0,100.0
10110011SILVAO_2025-11-13_G97,10110011SILVAO,2025-11-13,140923,1,5,0,80.0
10110011SILVAO_2025-11-13_G98,10110011SILVAO,2025-11-13,111602,1,1,0,73.0
10110011SILVAO_2025-11-13_G99,10110011SILVAO,2025-11-13,111172,1,2,0,123.0
10110011SILVAO_2025-11-13_G100,10110011SILVAO,2025-11-13,111172,1,2,0,45.0
10110011SILVAO_2025-11-13_G101,10110011SILVAO,2025-11-13,111418,1,13,0,125.0
10110011SILVAO_2025-11-13_G102,10110011SILVAO,2025-11-13,111469,1,13,0,87.0
10110011SILVAO_2025-11-13_G103,10110011SILVAO,2025-11-13,118317,1,1,0,74.0
10110011SILVAO_2025-11-13_G104,10110011SILVAO,2025-11-13,141271,1,4,0,79.0
10110011SILVAO_2025-11-13_G105,10110011SILVAO,2025-11-13,111532,2,4,20,48.0
10110011SILVAO_2025-11-13_G106,10110011SILVAO,2025-11-13,110787,1,23,0,248.0
10110011SILVAO_2025-11-13_G107,10110011SILVAO,2025-11-13,110787,1,6,0,98.0
10110011SILVAO_2025-11-13_G108,10110011SILVAO,2025-11-13,118317,1,5,0,154.0
10110011SILVAO_2025-11-13_G109,10110011SILVAO,2025-11-13,110374,1,3,0,143.0
10110011SILVAO_2025-11-13_G110,10110011SILVAO,2025-11-13,110374,1,3,0,44.0
10110011SILVAO_2025-11-13_G111,10110011SILVAO,2025-11-13,117820,1,3,0,50.0
10110011SILVAO_2025-11-13_G112,10110011SILVAO,2025-11-13,118299,1,5,0,80.0
10110011SILVAO_2025-11-13_G113,10110011SILVAO,2025-11-13,117808,1,12,0,108.0
10110011SILVAO_2025-11-13_G114,10110011SILVAO,2025-11-13,117832,1,4,0,72.0
10110011SILVAO_2025-11-13_G115,10110011SILVAO,2025-11-13,107830,1,4,0,1012.0
10110011SILVAO_2025-11-13_G116,10110011SILVAO,2025-11-13,140922,1,4,0,93.0
10110011SILVAO_2025-11-13_G117,10110011SILVAO,2025-11-13,111466,1,2,0,60.0
10110011SILVAO_2025-11-13_G118,10110011SILVAO,2025-11-13,111442,1,8,0,101.0
10110011SILVAO_2025-11-13_G119,10110011SILVAO,2025-11-13,111441,1,4,0,251.0
10110011SILVAO_2025-11-13_G120,10110011SILVAO,2025-11-13,118317,1,4,0,117.0
10110011SILVAO_2025-11-13_G121,10110011SILVAO,2025-11-13,110787,1,2,0,97.0
10110011SILVAO_2025-11-13_G122,10110011SILVAO,2025-11-13,111602,1,3,0,152.0
10110011SILVAO_2025-11-13_G123,10110011SILVAO,2025-11-13,117809,1,8,0,126.0
10110011SILVAO_2025-11-13_G124,10110011SILVAO,2025-11-13,117821,1,8,0,70.0
10110011SILVAO_2025-11-13_G125,10110011SILVAO,2025-11-13,110129,1,6,0,143.0
10110011SILVAO_2025-11-13_G126,10110011SILVAO,2025-11-13,108795,1,2,0,94.0
10110011SILVAO_2025-11-13_G127,10110011SILVAO,2025-11-13,140922,1,14,0,104.0
10110011SILVAO_2025-11-13_G128,10110011SILVAO,2025-11-13,117833,1,8,0,1056.0
10110011SILVAO_2025-11-18_G02,10110011SILVAO,2025-11-18,109647,1,50,0,425.0
10110011SILVAO_2025-11-18_G03,10110011SILVAO,2025-11-18,110733,1,20,0,234.0
10110011SILVAO_2025-11-18_G04,10110011SILVAO,2025-11-18,117935,1,62,0,435.0
10110011SILVAO_2025-11-18_G05,10110011SILVAO,2025-11-18,108772,1,31,0,308.0
10110011SILVAO_2025-11-18_G06,10110011SILVAO,2025-11-18,111660,1,35,0,662.0
10110011SILVAO_2025-11-21_G02,10110011SILVAO,2025-11-21,118299,1,108,0,371.0
10110011SILVAO_2025-11-21_G03,10110011SILVAO,2025-11-21,118299,1,768,0,485.0
10110011SILVAO_2025-11-21_G04,10110011SILVAO,2025-11-21,118299,1,219,0,305.0
10110011SILVAO_2025-11-21_G05,10110011SILVAO,2025-11-21,110371,1,5,0,145.0
10110011SILVAO_2025-11-21_G06,10110011SILVAO,2025-11-21,118317,1,10,0,493.0
10110011SILVAO_2025-11-21_G07,10110011SILVAO,2025-11-21,117820,1,30,0,729.0
10110011SILVAO_2025-11-21_G08,10110011SILVAO,2025-11-21,109643,1,12,0,110.0
10110011SILVAO_2025-11-21_G09,10110011SILVAO,2025-11-21,117808,1,300,0,1672.0
10110011SILVAO_2025-11-21_G10,10110011SILVAO,2025-11-21,110371,1,70,0,532.0
10110011SILVAO_2025-11-21_G11,10110011SILVAO,2025-11-21,110373,1,50,0,300.0
10110011SILVAO_2025-11-21_G12,10110011SILVAO,2025-11-21,110372,1,40,0,285.0
10110011SILVAO_2025-11-21_G13,10110011SILVAO,2025-11-21,110372,1,80,0,116.0
10110011SILVAO_2025-11-21_G15,10110011SILVAO,2025-11-21,140911,1,1,0,146.0
10110011SILVAO_2025-11-21_G16,10110011SILVAO,2025-11-21,110313,1,12,0,323.0
10110011SILVAO_2025-11-21_G17,10110011SILVAO,2025-11-21,111743,1,6,0,84.0
10110011SILVAO_2025-11-21_G18,10110011SILVAO,2025-11-21,118140,1,12,0,117.0
10110011SILVAO_2025-11-21_G19,10110011SILVAO,2025-11-21,117832,1,4,0,106.0
10110011SILVAO_2025-11-21_G20,10110011SILVAO,2025-11-21,117788,1,1,0,332.0
10110011SILVAO_2025-11-21_G21,10110011SILVAO,2025-11-21,118094,1,4,0,53.0
10110011SILVAO_2025-11-21_G22,10110011SILVAO,2025-11-21,110733,1,2,0,113.0
10110011SILVAO_2025-11-21_G23,10110011SILVAO,2025-11-21,141047,1,4,0,87.0
10110011SILVAO_2025-11-21_G24,10110011SILVAO,2025-11-21,140923,1,8,0,165.0
10110011SILVAO_2025-11-21_G25,10110011SILVAO,2025-11-21,110752,1,4,0,113.0
10110011SILVAO_2025-11-21_G26,10110011SILVAO,2025-11-21,111602,1,5,0,300.0
10110011SILVAO_2025-11-21_G27,10110011SILVAO,2025-11-21,117830,1,12,0,154.0
10110011SILVAO_2025-11-21_G28,10110011SILVAO,2025-11-21,110371,1,8,0,171.0
10110011SILVAO_2025-11-21_G29,10110011SILVAO,2025-11-21,117832,1,4,0,458.0
10110011SILVAO_2025-11-21_G30,10110011SILVAO,2025-11-21,140922,1,6,0,92.0
10110011SILVAO_2025-11-21_G31,10110011SILVAO,2025-11-21,110313,1,4,0,111.0
10110011SILVAO_2025-11-21_G32,10110011SILVAO,2025-11-21,118140,1,8,0,101.0
10110011SILVAO_2025-11-21_G33,10110011SILVAO,2025-11-21,111743,1,12,0,125.0
10110011SILVAO_2025-11-21_G34,10110011SILVAO,2025-11-21,140922,1,2,0,175.0
10110011SILVAO_2025-11-21_G35,10110011SILVAO,2025-11-21,118140,1,10,0,478.0
10110011SILVAO_2025-11-21_G36,10110011SILVAO,2025-11-21,141823,1,6,0,82.0
10110011SILVAO_2025-11-21_G37,10110011SILVAO,2025-11-21,110733,1,2,0,105.0
10110011SILVAO_2025-11-21_G38,10110011SILVAO,2025-11-21,110313,1,8,0,163.0
10110011SILVAO_2025-11-21_G39,10110011SILVAO,2025-11-21,110740,1,4,0,221.0
10110011SILVAO_2025-11-21_G40,10110011SILVAO,2025-11-21,111463,1,4,0,96.0
10110011SILVAO_2025-11-21_G41,10110011SILVAO,2025-11-21,111463,1,8,0,50.0
10110011SILVAO_2025-11-21_G42,10110011SILVAO,2025-11-21,110371,1,8,0,142.0
10110011SILVAO_2025-11-21_G43,10110011SILVAO,2025-11-21,140911,1,1,0,114.0
10110011SILVAO_2025-11-22_G02,10110011SILVAO,2025-11-22,117830,1,50,0,579.0
10110011SILVAO_2025-11-22_G03,10110011SILVAO,2025-11-22,117832,1,40,0,277.0
10110011SILVAO_2025-11-22_G04,10110011SILVAO,2025-11-22,141202,1,40,0,249.0
10110011SILVAO_2025-11-22_G05,10110011SILVAO,2025-11-22,111569,1,42,0,366.0
10110011SILVAO_2025-11-22_G06,10110011SILVAO,2025-11-22,117787,1,50,0,1104.0
10110011SILVAO_2025-11-22_G07,10110011SILVAO,2025-11-22,117821,1,40,0,725.0
10110011SILVAO_2025-11-22_G08,10110011SILVAO,2025-11-22,109645,1,60,0,471.0
10110011SILVAO_2025-11-22_G09,10110011SILVAO,2025-11-22,141823,1,80,0,272.0
10110011SILVAO_2025-11-22_G10,10110011SILVAO,2025-11-22,111469,1,40,0,354.0
10110011SILVAO_2025-11-22_G11,10110011SILVAO,2025-11-22,108711,1,40,0,490.0
10110011SILVAO_2025-11-22_G12,10110011SILVAO,2025-11-22,117787,1,40,0,294.0
10110011SILVAO_2025-11-22_G13,10110011SILVAO,2025-11-22,117821,1,40,0,31.0
10110011SILVAO_2025-11-22_G14,10110011SILVAO,2025-11-22,160054,1,2,0,2157.0
10110011SILVAO_2025-11-22_G15,10110011SILVAO,2025-11-22,118222,1,10,0,149.0
10110011SILVAO_2025-11-22_G16,10110011SILVAO,2025-11-22,110747,1,4,0,109.0
10110011SILVAO_2025-11-22_G17,10110011SILVAO,2025-11-22,140923,1,3,0,100.0
10110011SILVAO_2025-11-22_G18,10110011SILVAO,2025-11-22,108711,1,2,0,93.0
10110011SILVAO_2025-11-22_G19,10110011SILVAO,2025-11-22,118140,1,6,0,109.0
10110011SILVAO_2025-11-22_G20,10110011SILVAO,2025-11-22,111569,1,2,0,212.0
10110011SILVAO_2025-11-22_G21,10110011SILVAO,2025-11-22,117856,1,6,0,104.0
10110011SILVAO_2025-11-22_G22,10110011SILVAO,2025-11-22,140923,1,7,0,158.0
10110011SILVAO_2025-11-22_G23,10110011SILVAO,2025-11-22,111182,1,2,0,97.0
10110011SILVAO_2025-11-22_G24,10110011SILVAO,2025-11-22,110740,1,8,0,78.0
10110011SILVAO_2025-11-22_G25,10110011SILVAO,2025-11-22,111463,1,12,0,306.0
10110011SILVAO_2025-11-22_G26,10110011SILVAO,2025-11-22,111463,1,27,0,359.0
10110011SILVAO_2025-11-22_G27,10110011SILVAO,2025-11-22,108711,1,5,0,147.0
10110011SILVAO_2025-11-22_G28,10110011SILVAO,2025-11-22,117821,1,2,0,105.0
10110011SILVAO_2025-11-22_G29,10110011SILVAO,2025-11-22,111465,1,4,0,93.0
10110011SILVAO_2025-11-22_G30,10110011SILVAO,2025-11-22,160054,1,4,0,177.0
10110011SILVAO_2025-11-22_G31,10110011SILVAO,2025-11-22,160051,1,4,0,109.0
10110011SILVAO_2025-11-22_G32,10110011SILVAO,2025-11-22,160055,1,4,0,137.0
10110011SILVAO_2025-11-22_G33,10110011SILVAO,2025-11-22,118094,1,10,0,145.0
10110011SILVAO_2025-11-22_G34,10110011SILVAO,2025-11-22,117830,1,79,0,388.0
10110011SILVAO_2025-11-22_G35,10110011SILVAO,2025-11-22,118222,1,12,0,373.0
10110011SILVAO_2025-11-22_G36,10110011SILVAO,2025-11-22,110755,1,5,0,153.0
10110011SILVAO_2025-11-22_G37,10110011SILVAO,2025-11-22,111430,1,1,0,1341.0
10110011SILVAO_2025-11-22_G38,10110011SILVAO,2025-11-22,141916,1,1,0,99.0
10110011SILVAO_2025-11-22_G39,10110011SILVAO,2025-11-22,141916,1,2,0,38.0
10110011SILVAO_2025-11-22_G40,10110011SILVAO,2025-11-22,111660,1,2,0,66.0
10110011SILVAO_2025-11-22_G41,10110011SILVAO,2025-11-22,110754,1,4,0,122.0
10110011SILVAO_2025-11-22_G42,10110011SILVAO,2025-11-22,110741,1,2,0,93.0
10110011SILVAO_2025-11-22_G43,10110011SILVAO,2025-11-22,118094,1,4,0,58.0
10110011SILVAO_2025-11-22_G44,10110011SILVAO,2025-11-22,111876,1,2,0,108.0
10110011SILVAO_2025-11-22_G45,10110011SILVAO,2025-11-22,111876,1,1,0,36.0
10110011SILVAO_2025-11-22_G46,10110011SILVAO,2025-11-22,111879,1,1,0,43.0
10110011SILVAO_2025-11-22_G47,10110011SILVAO,2025-11-22,110750,1,2,0,122.0
10110011SILVAO_2025-11-22_G48,10110011SILVAO,2025-11-22,141047,1,4,0,100.0
10110011SILVAO_2025-11-22_G49,10110011SILVAO,2025-11-22,110313,1,1,0,83.0
10110011SILVAO_2025-11-22_G50,10110011SILVAO,2025-11-22,117935,1,4,0,54.0
10110011SILVAO_2025-11-22_G51,10110011SILVAO,2025-11-22,140923,1,12,0,141.0
10110011SILVAO_2025-11-22_G52,10110011SILVAO,2025-11-22,110752,1,4,0,54.0
10110011SILVAO_2025-11-22_G53,10110011SILVAO,2025-11-22,110752,1,4,0,31.0
10110011SILVAO_2025-11-22_G54,10110011SILVAO,2025-11-22,117862,1,2,0,75.0
10110011SILVAO_2025-11-22_G55,10110011SILVAO,2025-11-22,111467,1,8,0,192.0
10110011SILVAO_2025-11-22_G57,10110011SILVAO,2025-11-22,118140,1,8,0,91.0
10110011SILVAO_2025-11-22_G58,10110011SILVAO,2025-11-22,118140,1,4,0,36.0
10110011SILVAO_2025-11-22_G59,10110011SILVAO,2025-11-22,111532,2,4,18,96.0
10110011SILVAO_2025-11-22_G60,10110011SILVAO,2025-11-22,109645,1,4,0,70.0
10110011SILVAO_2025-11-22_G61,10110011SILVAO,2025-11-22,111182,1,4,0,74.0
10110011SILVAO_2025-11-22_G62,10110011SILVAO,2025-11-22,110740,1,4,0,42.0
10110011SILVAO_2025-11-22_G63,10110011SILVAO,2025-11-22,110745,1,2,0,43.0
10110011SILVAO_2025-11-22_G64,10110011SILVAO,2025-11-22,111348,1,2,0,47.0
10110011SILVAO_2025-11-22_G65,10110011SILVAO,2025-11-22,110787,1,5,0,108.0
10110011SILVAO_2025-11-22_G66,10110011SILVAO,2025-11-22,111418,1,12,0,475.0
10110011SILVAO_2025-11-22_G67,10110011SILVAO,2025-11-22,111418,1,12,0,80.0
10110011SILVAO_2025-11-22_G68,10110011SILVAO,2025-11-22,111469,1,12,0,110.0
10110011SILVAO_2025-11-22_G69,10110011SILVAO,2025-11-22,111431,1,3,0,68.0
10110011SILVAO_2025-11-22_G70,10110011SILVAO,2025-11-22,111463,1,10,0,260.0
10110011SILVAO_2025-11-22_G71,10110011SILVAO,2025-11-22,117831,1,4,0,77.0
10110011SILVAO_2025-11-22_G72,10110011SILVAO,2025-11-22,117821,1,2,0,71.0
10110011SILVAO_2025-11-22_G73,10110011SILVAO,2025-11-22,141456,2,4,21,50.0
10110011SILVAO_2025-11-22_G74,10110011SILVAO,2025-11-22,111439,1,4,0,212.0
10110011SILVAO_2025-11-22_G75,10110011SILVAO,2025-11-22,110741,1,2,0,41.0
10110011SILVAO_2025-11-22_G76,10110011SILVAO,2025-11-22,118094,1,3,0,38.0
10110011SILVAO_2025-11-22_G77,10110011SILVAO,2025-11-22,111876,1,4,0,53.0
10110011SILVAO_2025-11-22_G78,10110011SILVAO,2025-11-22,110733,1,3,0,75.0
10110011SILVAO_2025-11-22_G79,10110011SILVAO,2025-11-22,117856,1,12,0,101.0
10110011SILVAO_2025-11-22_G80,10110011SILVAO,2025-11-22,141047,1,2,0,56.0
10110011SILVAO_2025-11-22_G81,10110011SILVAO,2025-11-22,107629,2,4,27,39.0
10110011SILVAO_2025-11-22_G82,10110011SILVAO,2025-11-22,110313,1,1,0,31.0
10110011SILVAO_2025-11-22_G83,10110011SILVAO,2025-11-22,140923,2,4,26,65.0
10110011SILVAO_2025-11-22_G84,10110011SILVAO,2025-11-22,117855,1,8,0,91.0
10110011SILVAO_2025-11-22_G85,10110011SILVAO,2025-11-22,111467,1,1,0,90.0
10110011SILVAO_2025-11-22_G86,10110011SILVAO,2025-11-22,109640,1,2,0,89.0
10110011SILVAO_2025-11-24_G02,10110011SILVAO,2025-11-24,117855,1,8,0,172.0
10110011SILVAO_2025-11-24_G03,10110011SILVAO,2025-11-24,118140,1,5,0,175.0
10110011SILVAO_2025-11-24_G04,10110011SILVAO,2025-11-24,111469,1,6,0,186.0
10110011SILVAO_2025-11-24_G05,10110011SILVAO,2025-11-24,110371,1,1,0,155.0
10110011SILVAO_2025-11-24_G06,10110011SILVAO,2025-11-24,110371,1,3,0,61.0
10110011SILVAO_2025-11-24_G07,10110011SILVAO,2025-11-24,117830,1,4,0,96.0
10110011SILVAO_2025-11-24_G08,10110011SILVAO,2025-11-24,110373,1,5,0,110.0
10110011SILVAO_2025-11-24_G09,10110011SILVAO,2025-11-24,117808,1,9,0,699.0
10110011SILVAO_2025-11-24_G10,10110011SILVAO,2025-11-24,111466,1,1,0,119.0
10110011SILVAO_2025-11-24_G11,10110011SILVAO,2025-11-24,110371,1,11,0,1395.0
10110011SILVAO_2025-11-24_G12,10110011SILVAO,2025-11-24,111469,1,24,0,356.0
10110011SILVAO_2025-11-24_G13,10110011SILVAO,2025-11-24,111466,1,29,0,262.0
10110011SILVAO_2025-11-24_G14,10110011SILVAO,2025-11-24,111418,1,155,0,907.0
10110011SILVAO_2025-11-24_G15,10110011SILVAO,2025-11-24,117935,1,27,0,210.0
10110011SILVAO_2025-11-24_G16,10110011SILVAO,2025-11-24,109640,1,22,0,235.0
10110011SILVAO_2025-11-24_G17,10110011SILVAO,2025-11-24,118222,1,4,0,202.0
10110011SILVAO_2025-11-24_G18,10110011SILVAO,2025-11-24,117855,1,4,0,134.0
10110011SILVAO_2025-11-24_G19,10110011SILVAO,2025-11-24,108711,1,8,0,70.0
10110011SILVAO_2025-11-24_G20,10110011SILVAO,2025-11-24,110371,1,10,0,126.0
10110011SILVAO_2025-11-24_G21,10110011SILVAO,2025-11-24,118299,1,9,0,77.0
10110011SILVAO_2025-11-24_G22,10110011SILVAO,2025-11-24,117830,1,4,0,46.0
10110011SILVAO_2025-11-24_G23,10110011SILVAO,2025-11-24,110372,1,6,0,70.0
10110011SILVAO_2025-11-24_G24,10110011SILVAO,2025-11-24,117808,1,17,0,89.0
10110011SILVAO_2025-11-24_G25,10110011SILVAO,2025-11-24,118140,1,5,0,1509.0
10110011SILVAO_2025-11-24_G26,10110011SILVAO,2025-11-24,111433,1,2,0,117.0
10110011SILVAO_2025-11-24_G27,10110011SILVAO,2025-11-24,109645,1,2,0,47.0
10110011SILVAO_2025-11-24_G28,10110011SILVAO,2025-11-24,110740,1,4,0,72.0
10110011SILVAO_2025-11-24_G29,10110011SILVAO,2025-11-24,111431,1,2,0,163.0
10110011SILVAO_2025-11-24_G30,10110011SILVAO,2025-11-24,111463,2,10,26,101.0
10110011SILVAO_2025-11-24_G31,10110011SILVAO,2025-11-24,108711,1,2,0,47.0
10110011SILVAO_2025-11-24_G32,10110011SILVAO,2025-11-24,109641,1,2,0,69.0
10110011SILVAO_2025-11-24_G33,10110011SILVAO,2025-11-24,117785,1,2,0,49.0
10110011SILVAO_2025-11-24_G34,10110011SILVAO,2025-11-24,111466,1,5,0,83.0
10110011SILVAO_2025-11-24_G35,10110011SILVAO,2025-11-24,111418,1,12,0,125.0
10110011SILVAO_2025-11-24_G36,10110011SILVAO,2025-11-24,117855,1,4,0,106.0
10110011SILVAO_2025-11-24_G37,10110011SILVAO,2025-11-24,110711,1,4,0,153.0
10110011SILVAO_2025-11-24_G38,10110011SILVAO,2025-11-24,141047,1,4,0,86.0
10110011SILVAO_2025-11-24_G39,10110011SILVAO,2025-11-24,110711,1,4,0,100.0
10110011SILVAO_2025-11-24_G40,10110011SILVAO,2025-11-24,110711,1,4,0,76.0
10110011SILVAO_2025-11-24_G41,10110011SILVAO,2025-11-24,117855,1,2,0,362.0
10110011SILVAO_2025-11-24_G42,10110011SILVAO,2025-11-24,118140,1,34,0,241.0
10110011SILVAO_2025-11-24_G43,10110011SILVAO,2025-11-24,105705,1,6,0,70.0
10110011SILVAO_2025-11-24_G44,10110011SILVAO,2025-11-24,109645,1,4,0,65.0
10110011SILVAO_2025-11-24_G45,10110011SILVAO,2025-11-24,111330,1,4,0,70.0
10110011SILVAO_2025-11-24_G46,10110011SILVAO,2025-11-24,111743,1,15,0,118.0
10110011SILVAO_2025-11-24_G47,10110011SILVAO,2025-11-24,111182,1,6,0,121.0
10110011SILVAO_2025-11-24_G48,10110011SILVAO,2025-11-24,110740,1,10,0,906.0
10110011SILVAO_2025-11-24_G49,10110011SILVAO,2025-11-24,110740,1,4,0,65.0
10110011SILVAO_2025-11-24_G50,10110011SILVAO,2025-11-24,140922,1,3,0,47.0
10110011SILVAO_2025-11-24_G51,10110011SILVAO,2025-11-24,140922,1,4,0,948.0
10110011SILVAO_2025-11-24_G52,10110011SILVAO,2025-11-24,110787,1,13,0,97.0
10110011SILVAO_2025-11-24_G53,10110011SILVAO,2025-11-24,111418,1,21,0,394.0
10110011SILVAO_2025-11-24_G54,10110011SILVAO,2025-11-24,111469,1,12,0,124.0
10110011SILVAO_2025-11-24_G55,10110011SILVAO,2025-11-24,111463,1,15,0,189.0
10110011SILVAO_2025-11-24_G56,10110011SILVAO,2025-11-24,111463,1,8,0,58.0
10110011SILVAO_2025-11-24_G57,10110011SILVAO,2025-11-24,141457,1,8,0,218.0
10110011SILVAO_2025-11-24_G58,10110011SILVAO,2025-11-24,117821,1,12,0,119.0
10110011SILVAO_2025-11-24_G59,10110011SILVAO,2025-11-24,117831,1,31,0,192.0
10110011SILVAO_2025-11-24_G60,10110011SILVAO,2025-11-24,141456,1,18,0,89.0
10110011SILVAO_2025-11-24_G61,10110011SILVAO,2025-11-24,141458,1,8,0,69.0
10110011SILVAO_2025-11-24_G63,10110011SILVAO,2025-11-24,110733,1,8,0,104.0
10110011SILVAO_2025-11-24_G64,10110011SILVAO,2025-11-24,117862,1,5,0,123.0
10110011SILVAO_2025-11-24_G65,10110011SILVAO,2025-11-24,109640,1,4,0,321.0
10110011SILVAO_2025-11-24_G66,10110011SILVAO,2025-11-24,109641,1,5,0,1214.0
10110011SILVAO_2025-11-24_G67,10110011SILVAO,2025-11-24,141458,1,20,0,170.0
10110011SILVAO_2025-11-24_G68,10110011SILVAO,2025-11-24,117862,1,2,0,79.0
10110011SILVAO_2025-11-24_G69,10110011SILVAO,2025-11-24,117862,1,12,0,89.0
10110011SILVAO_2025-11-24_G70,10110011SILVAO,2025-11-24,141456,1,50,0,493.0
10110011SILVAO_2025-11-24_G71,10110011SILVAO,2025-11-24,110373,1,40,0,378.0
10110011SILVAO_2025-11-24_G72,10110011SILVAO,2025-11-24,110373,1,43,0,122.0
10110011SILVAO_2025-11-24_G73,10110011SILVAO,2025-11-24,141202,1,1,0,154.0
10110011SILVAO_2025-11-24_G74,10110011SILVAO,2025-11-24,141202,1,8,0,87.0
10110011SILVAO_2025-11-25_G02,10110011SILVAO,2025-11-25,111441,1,1,0,135.0
10110011SILVAO_2025-11-25_G03,10110011SILVAO,2025-11-25,111602,1,9,0,311.0
10110011SILVAO_2025-11-25_G04,10110011SILVAO,2025-11-25,111469,1,14,0,187.0
10110011SILVAO_2025-11-25_G05,10110011SILVAO,2025-11-25,117831,1,8,0,144.0
10110011SILVAO_2025-11-25_G06,10110011SILVAO,2025-11-25,110372,1,22,0,215.0
10110011SILVAO_2025-11-25_G07,10110011SILVAO,2025-11-25,117808,2,7,30,270.0
10110011SILVAO_2025-11-25_G08,10110011SILVAO,2025-11-25,110371,1,6,0,127.0
10110011SILVAO_2025-11-25_G09,10110011SILVAO,2025-11-25,110371,1,2,0,34.0
10110011SILVAO_2025-11-25_G10,10110011SILVAO,2025-11-25,110371,1,40,0,483.0
10110011SILVAO_2025-11-25_G11,10110011SILVAO,2025-11-25,117808,1,36,0,244.0
10110011SILVAO_2025-11-25_G12,10110011SILVAO,2025-11-25,110372,1,146,0,1112.0
10110011SILVAO_2025-11-25_G13,10110011SILVAO,2025-11-25,111418,2,53,12,353.0
10110011SILVAO_2025-11-25_G14,10110011SILVAO,2025-11-25,110623,1,5,0,740.0
10110011SILVAO_2025-11-25_G15,10110011SILVAO,2025-11-25,111430,1,2,0,955.0
10110011SILVAO_2025-11-25_G16,10110011SILVAO,2025-11-25,111569,1,16,0,164.0
10110011SILVAO_2025-11-25_G17,10110011SILVAO,2025-11-25,111441,1,4,0,95.0
10110011SILVAO_2025-11-25_G18,10110011SILVAO,2025-11-25,110895,1,6,0,248.0
10110011SILVAO_2025-11-25_G19,10110011SILVAO,2025-11-25,116527,1,6,0,126.0
10110011SILVAO_2025-11-25_G20,10110011SILVAO,2025-11-25,141916,1,4,0,121.0
10110011SILVAO_2025-11-25_G21,10110011SILVAO,2025-11-25,118222,1,16,0,375.0
10110011SILVAO_2025-11-25_G22,10110011SILVAO,2025-11-25,140911,1,8,0,196.0
10110011SILVAO_2025-11-25_G23,10110011SILVAO,2025-11-25,111660,1,3,0,157.0
10110011SILVAO_2025-11-25_G24,10110011SILVAO,2025-11-25,107892,1,4,0,85.0
10110011SILVAO_2025-11-25_G25,10110011SILVAO,2025-11-25,111569,1,34,0,494.0
10110011SILVAO_2025-11-25_G26,10110011SILVAO,2025-11-25,109933,1,30,0,318.0
10110011SILVAO_2025-11-25_G27,10110011SILVAO,2025-11-25,110755,1,14,0,198.0
10110011SILVAO_2025-11-25_G28,10110011SILVAO,2025-11-25,118222,1,40,0,357.0
10110011SILVAO_2025-11-25_G29,10110011SILVAO,2025-11-25,110748,1,14,0,228.0
10110011SILVAO_2025-11-25_G30,10110011SILVAO,2025-11-25,118317,1,6,0,255.0
10110011SILVAO_2025-11-25_G31,10110011SILVAO,2025-11-25,111172,1,2,0,76.0
10110011SILVAO_2025-11-25_G32,10110011SILVAO,2025-11-25,118140,1,20,0,249.0
10110011SILVAO_2025-11-25_G33,10110011SILVAO,2025-11-25,111433,1,6,0,107.0
10110011SILVAO_2025-11-25_G34,10110011SILVAO,2025-11-25,110751,1,40,0,286.0
10110011SILVAO_2025-11-25_G35,10110011SILVAO,2025-11-25,116241,1,6,0,1302.0
10110011SILVAO_2025-11-25_G36,10110011SILVAO,2025-11-25,111743,1,4,0,47.0
10110011SILVAO_2025-11-25_G37,10110011SILVAO,2025-11-25,110745,1,24,0,186.0
10110011SILVAO_2025-11-25_G38,10110011SILVAO,2025-11-25,117838,1,14,0,106.0
10110011SILVAO_2025-11-25_G39,10110011SILVAO,2025-11-25,140922,1,7,0,178.0
10110011SILVAO_2025-11-25_G40,10110011SILVAO,2025-11-25,110787,1,2,0,74.0
10110011SILVAO_2025-11-25_G41,10110011SILVAO,2025-11-25,111435,1,6,0,81.0
10110011SILVAO_2025-11-25_G42,10110011SILVAO,2025-11-25,111435,1,21,0,324.0
10110011SILVAO_2025-11-25_G43,10110011SILVAO,2025-11-25,111469,1,20,0,143.0
10110011SILVAO_2025-11-25_G44,10110011SILVAO,2025-11-25,111431,1,15,0,223.0
10110011SILVAO_2025-11-25_G45,10110011SILVAO,2025-11-25,117842,1,5,0,87.0
10110011SILVAO_2025-11-25_G46,10110011SILVAO,2025-11-25,117841,1,7,0,121.0
10110011SILVAO_2025-11-25_G47,10110011SILVAO,2025-11-25,111463,1,4,0,272.0
10110011SILVAO_2025-11-25_G48,10110011SILVAO,2025-11-25,141457,1,8,0,123.0
10110011SILVAO_2025-11-25_G49,10110011SILVAO,2025-11-25,117785,1,26,0,179.0
10110011SILVAO_2025-11-25_G50,10110011SILVAO,2025-11-25,111442,1,6,0,78.0
10110011SILVAO_2025-11-25_G51,10110011SILVAO,2025-11-25,111444,1,33,0,324.0
10110011SILVAO_2025-11-25_G52,10110011SILVAO,2025-11-25,111466,1,4,0,447.0
10110011SILVAO_2025-11-25_G53,10110011SILVAO,2025-11-25,117821,1,8,0,57.0
10110011SILVAO_2025-11-25_G54,10110011SILVAO,2025-11-25,141456,1,16,0,107.0
10110011SILVAO_2025-11-25_G55,10110011SILVAO,2025-11-25,111442,1,41,0,466.0
10110011SILVAO_2025-11-25_G56,10110011SILVAO,2025-11-25,110740,1,40,0,492.0
10110011SILVAO_2025-11-25_G57,10110011SILVAO,2025-11-25,140922,1,41,0,304.0
10110011SILVAO_2025-11-25_G58,10110011SILVAO,2025-11-25,111469,1,74,0,392.0
10110011SILVAO_2025-11-25_G59,10110011SILVAO,2025-11-25,118277,1,4,0,94.0
10110011SILVAO_2025-11-25_G60,10110011SILVAO,2025-11-25,110372,1,531,0,1479.0
10110011SILVAO_2025-11-25_G62,10110011SILVAO,2025-11-25,110895,1,5,0,166.0
10110011SILVAO_2025-11-25_G63,10110011SILVAO,2025-11-25,110313,1,5,0,95.0
10110011SILVAO_2025-11-25_G64,10110011SILVAO,2025-11-25,117786,1,10,0,106.0
10110011SILVAO_2025-11-25_G65,10110011SILVAO,2025-11-25,111602,1,4,0,86.0
10110011SILVAO_2025-11-25_G66,10110011SILVAO,2025-11-25,111172,1,3,0,198.0
10110011SILVAO_2025-11-25_G67,10110011SILVAO,2025-11-25,111532,1,11,0,93.0
10110011SILVAO_2025-11-25_G68,10110011SILVAO,2025-11-25,110740,1,4,0,81.0
10110011SILVAO_2025-11-25_G69,10110011SILVAO,2025-11-25,111418,1,4,0,101.0
10110011SILVAO_2025-11-25_G70,10110011SILVAO,2025-11-25,118299,1,8,0,98.0
10110011SILVAO_2025-11-25_G71,10110011SILVAO,2025-11-25,110711,1,4,0,108.0
10110011SILVAO_2025-11-25_G72,10110011SILVAO,2025-11-25,110711,1,4,0,78.0
10110011SILVAO_2025-11-25_G73,10110011SILVAO,2025-11-25,111418,1,20,0,458.0
10110011SILVAO_2025-11-25_G74,10110011SILVAO,2025-11-25,111532,1,30,0,320.0
10110011SILVAO_2025-11-25_G75,10110011SILVAO,2025-11-25,111530,1,12,0,242.0
10110011SILVAO_2025-11-25_G76,10110011SILVAO,2025-11-25,117855,1,10,0,144.0
10110011SILVAO_2025-11-25_G77,10110011SILVAO,2025-11-25,108770,1,6,0,395.0
10110011SILVAO_2025-11-25_G78,10110011SILVAO,2025-11-25,118299,1,50,0,226.0
10110011SILVAO_2025-11-25_G79,10110011SILVAO,2025-11-25,118299,1,10,0,243.0
10110011SILVAO_2025-11-25_G80,10110011SILVAO,2025-11-25,118299,1,30,0,200.0
10110011SILVAO_2025-11-25_G81,10110011SILVAO,2025-11-25,110371,1,5,0,73.0
10110011SILVAO_2025-11-25_G82,10110011SILVAO,2025-11-25,118094,1,2,0,117.0
10110011SILVAO_2025-11-25_G83,10110011SILVAO,2025-11-25,110339,1,7,0,140.0
10110011SILVAO_2025-11-25_G84,10110011SILVAO,2025-11-25,111602,1,7,0,148.0
10110011SILVAO_2025-11-25_G85,10110011SILVAO,2025-11-25,117820,1,8,0,231.0
10110011SILVAO_2025-11-25_G86,10110011SILVAO,2025-11-25,111172,1,1,0,103.0
10110011SILVAO_2025-11-25_G87,10110011SILVAO,2025-11-25,118140,1,2,0,44.0
10110011SILVAO_2025-11-25_G88,10110011SILVAO,2025-11-25,140922,1,3,0,65.0
10110011SILVAO_2025-11-25_G89,10110011SILVAO,2025-11-25,111530,1,2,0,219.0
10110011SILVAO_2025-11-25_G90,10110011SILVAO,2025-11-25,110313,1,1,0,52.0
10110011SILVAO_2025-11-25_G91,10110011SILVAO,2025-11-25,110787,1,2,0,69.0
10110011SILVAO_2025-11-25_G92,10110011SILVAO,2025-11-25,108711,1,2,0,52.0
10110011SILVAO_2025-11-25_G93,10110011SILVAO,2025-11-25,108361,1,2,0,99.0
10110011SILVAO_2025-11-25_G94,10110011SILVAO,2025-11-25,141457,1,3,0,76.0
10110011SILVAO_2025-11-25_G95,10110011SILVAO,2025-11-25,110373,1,4,0,97.0
10110011SILVAO_2025-11-25_G96,10110011SILVAO,2025-11-25,118299,1,12,0,74.0
10110011SILVAO_2025-11-25_G97,10110011SILVAO,2025-11-25,117821,1,4,0,118.0
10110011SILVAO_2025-11-25_G98,10110011SILVAO,2025-11-25,117831,1,4,0,46.0
10110011SILVAO_2025-11-25_G99,10110011SILVAO,2025-11-25,141456,1,4,0,31.0
10110011SILVAO_2025-11-25_G100,10110011SILVAO,2025-11-25,111465,1,1,0,49.0
10110011SILVAO_2025-11-25_G101,10110011SILVAO,2025-11-25,110711,1,1,0,60.0
10110011SILVAO_2025-11-25_G102,10110011SILVAO,2025-11-25,110895,1,1,0,82.0
10110011SILVAO_2025-11-27_G02,10110011SILVAO,2025-11-27,110313,1,7,0,396.0
10110011SILVAO_2025-11-27_G03,10110011SILVAO,2025-11-27,111467,1,2,0,93.0
10110011SILVAO_2025-11-27_G04,10110011SILVAO,2025-11-27,117808,1,20,0,155.0
10110011SILVAO_2025-11-27_G05,10110011SILVAO,2025-11-27,118299,1,8,0,76.0
10110011SILVAO_2025-11-27_G06,10110011SILVAO,2025-11-27,118299,1,2,0,32.0
10110011SILVAO_2025-11-27_G07,10110011SILVAO,2025-11-27,110371,1,16,0,97.0
10110011SILVAO_2025-11-27_G08,10110011SILVAO,2025-11-27,111467,1,4,0,133.0
10110011SILVAO_2025-11-27_G09,10110011SILVAO,2025-11-27,117855,1,12,0,157.0
10110011SILVAO_2025-11-27_G10,10110011SILVAO,2025-11-27,110372,1,4,0,112.0
10110011SILVAO_2025-11-27_G11,10110011SILVAO,2025-11-27,140922,1,2,0,105.0
10110011SILVAO_2025-11-27_G12,10110011SILVAO,2025-11-27,109641,1,4,0,140.0
10110011SILVAO_2025-11-27_G13,10110011SILVAO,2025-11-27,111466,1,4,0,84.0
10110011SILVAO_2025-11-27_G14,10110011SILVAO,2025-11-27,117861,1,8,0,1083.0
10110011SILVAO_2025-11-27_G15,10110011SILVAO,2025-11-27,111602,1,2,0,1157.0
10110011SILVAO_2025-11-27_G16,10110011SILVAO,2025-11-27,107236,1,4,0,78.0
10110011SILVAO_2025-11-27_G17,10110011SILVAO,2025-11-27,107236,1,2,0,78.0
10110011SILVAO_2025-11-27_G18,10110011SILVAO,2025-11-27,111532,1,1,0,62.0
10110011SILVAO_2025-11-27_G19,10110011SILVAO,2025-11-27,111467,1,1,0,76.0
10110011SILVAO_2025-11-27_G20,10110011SILVAO,2025-11-27,111602,1,2,0,86.0
10110011SILVAO_2025-11-27_G21,10110011SILVAO,2025-11-27,110787,1,1,0,135.0
10110011SILVAO_2025-11-27_G22,10110011SILVAO,2025-11-27,107236,1,4,0,75.0
10110011SILVAO_2025-11-27_G23,10110011SILVAO,2025-11-27,111532,1,2,0,61.0
10110011SILVAO_2025-11-27_G24,10110011SILVAO,2025-11-27,141456,1,4,0,77.0
10110011SILVAO_2025-11-27_G25,10110011SILVAO,2025-11-27,110313,1,4,0,170.0
10110011SILVAO_2025-11-27_G26,10110011SILVAO,2025-11-27,140923,1,2,0,95.0
10110011SILVAO_2025-11-27_G27,10110011SILVAO,2025-11-27,117856,1,2,0,91.0
10110011SILVAO_2025-11-27_G28,10110011SILVAO,2025-11-27,117862,1,2,0,70.0
10110011SILVAO_2025-11-27_G29,10110011SILVAO,2025-11-27,111602,1,4,0,136.0
10110011SILVAO_2025-11-27_G30,10110011SILVAO,2025-11-27,111172,1,2,0,297.0
10110011SILVAO_2025-11-27_G31,10110011SILVAO,2025-11-27,111532,1,4,0,179.0
10110011SILVAO_2025-11-27_G32,10110011SILVAO,2025-11-27,111602,1,6,0,66.0
10110011SILVAO_2025-11-27_G33,10110011SILVAO,2025-11-27,110711,1,2,0,130.0
10110011SILVAO_2025-11-27_G34,10110011SILVAO,2025-11-27,117786,1,30,0,1001.0
10110011SILVAO_2025-11-27_G35,10110011SILVAO,2025-11-27,117862,1,20,0,189.0
10110011SILVAO_2025-11-27_G36,10110011SILVAO,2025-11-27,110313,1,20,0,316.0
10110011SILVAO_2025-11-27_G37,10110011SILVAO,2025-11-27,117856,1,20,0,363.0
10110011SILVAO_2025-11-27_G38,10110011SILVAO,2025-11-27,110740,1,20,0,220.0
10110011SILVAO_2025-11-27_G39,10110011SILVAO,2025-11-27,117833,1,10,0,97.0
10110011SILVAO_2025-11-27_G40,10110011SILVAO,2025-11-27,141457,1,20,0,140.0
10110011SILVAO_2025-11-27_G41,10110011SILVAO,2025-11-27,111532,1,30,0,188.0
10110011SILVAO_2025-11-27_G42,10110011SILVAO,2025-11-27,110375,1,30,0,155.0
10110011SILVAO_2025-11-27_G43,10110011SILVAO,2025-11-27,110371,1,20,0,217.0
10110011SILVAO_2025-11-27_G44,10110011SILVAO,2025-11-27,110373,2,70,10,213.0
10110011SILVAO_2025-11-27_G45,10110011SILVAO,2025-11-27,110372,1,200,0,382.0
10110011SILVAO_2025-11-27_G46,10110011SILVAO,2025-11-27,110372,1,50,0,294.0
10110011SILVAO_2025-11-27_G47,10110011SILVAO,2025-11-27,110733,1,1,0,221.0
10110011SILVAO_2025-11-27_G48,10110011SILVAO,2025-11-27,111602,1,3,0,128.0
10110011SILVAO_2025-11-27_G49,10110011SILVAO,2025-11-27,118140,1,4,0,119.0
10110011SILVAO_2025-11-27_G50,10110011SILVAO,2025-11-27,111743,1,2,0,73.0
10110011SILVAO_2025-11-27_G51,10110011SILVAO,2025-11-27,141457,1,4,0,81.0
10110011SILVAO_2025-11-27_G52,10110011SILVAO,2025-11-27,111444,1,2,0,49.0
10110011SILVAO_2025-11-27_G53,10110011SILVAO,2025-11-27,"141456, 111532",2,8,17,197.0
10110011SILVAO_2025-11-27_G54,10110011SILVAO,2025-11-27,117809,1,4,0,121.0
10110011SILVAO_2025-11-27_G55,10110011SILVAO,2025-11-27,117820,1,8,0,62.0
10110011SILVAO_2025-11-27_G56,10110011SILVAO,2025-11-27,111532,1,8,0,202.0
10110011SILVAO_2025-11-27_G57,10110011SILVAO,2025-11-27,141352,1,4,0,64.0
10110011SILVAO_2025-11-27_G58,10110011SILVAO,2025-11-27,111602,1,6,0,209.0
10110011SILVAO_2025-11-27_G59,10110011SILVAO,2025-11-27,111743,1,2,0,91.0
10110011SILVAO_2025-11-27_G60,10110011SILVAO,2025-11-27,141457,1,4,0,74.0
10110011SILVAO_2025-11-27_G61,10110011SILVAO,2025-11-27,111532,1,4,0,49.0
10110011SILVAO_2025-11-27_G62,10110011SILVAO,2025-11-27,117820,1,8,0,121.0
10110011SILVAO_2025-11-27_G64,10110011SILVAO,2025-11-27,108795,1,3,0,83.0
10110011SILVAO_2025-11-27_G65,10110011SILVAO,2025-11-27,140922,1,3,0,76.0
10110011SILVAO_2025-11-27_G66,10110011SILVAO,2025-11-27,110787,1,4,0,71.0
10110011SILVAO_2025-11-27_G67,10110011SILVAO,2025-11-27,108798,1,3,0,77.0
10110011SILVAO_2025-11-27_G68,10110011SILVAO,2025-11-27,111463,1,5,0,87.0
10110011SILVAO_2025-11-27_G69,10110011SILVAO,2025-11-27,117821,1,1,0,93.0
10110011SILVAO_2025-11-27_G70,10110011SILVAO,2025-11-27,110332,1,2,0,144.0
10110011SILVAO_2025-11-27_G72,10110011SILVAO,2025-11-27,111660,1,4,0,147.0
10110011SILVAO_2025-11-27_G73,10110011SILVAO,2025-11-27,117853,1,4,0,176.0
10110011SILVAO_2025-11-27_G74,10110011SILVAO,2025-11-27,141047,1,4,0,430.0
10110011SILVAO_2025-11-27_G75,10110011SILVAO,2025-11-27,110752,1,4,0,149.0
10110011SILVAO_2025-11-27_G76,10110011SILVAO,2025-11-27,111433,1,4,0,162.0
10110011SILVAO_2025-11-27_G77,10110011SILVAO,2025-11-27,117838,1,4,0,140.0
10110011SILVAO_2025-11-27_G78,10110011SILVAO,2025-11-27,111442,1,4,0,144.0
10110011SILVAO_2025-11-27_G79,10110011SILVAO,2025-11-27,117841,1,4,0,80.0
10110011SILVAO_2025-11-27_G80,10110011SILVAO,2025-11-27,109640,1,25,0,612.0
10110011SILVAO_2025-11-27_G81,10110011SILVAO,2025-11-27,118299,1,8,0,156.0
10110011SILVAO_2025-11-27_G82,10110011SILVAO,2025-11-27,107236,1,4,0,66.0
10110011SILVAO_2025-11-27_G83,10110011SILVAO,2025-11-27,111532,1,8,0,96.0
10110011SILVAO_2025-11-27_G84,10110011SILVAO,2025-11-27,111466,1,8,0,77.0
10110011SILVAO_2025-11-27_G85,10110011SILVAO,2025-11-27,110711,1,3,0,128.0
10110011SILVAO_2025-11-27_G86,10110011SILVAO,2025-11-27,118290,1,1,0,128.0
10110011SILVAO_2025-11-27_G87,10110011SILVAO,2025-11-27,109640,1,4,0,178.0
10110011SILVAO_2025-11-27_G88,10110011SILVAO,2025-11-27,117820,1,8,0,195.0
10110011SILVAO_2025-11-27_G89,10110011SILVAO,2025-11-27,141457,1,8,0,122.0
10110011SILVAO_2025-11-27_G90,10110011SILVAO,2025-11-27,141458,1,2,0,60.0
10110011SILVAO_2025-11-27_G91,10110011SILVAO,2025-11-27,141456,1,3,0,47.0
10110011SILVAO_2025-11-27_G92,10110011SILVAO,2025-11-27,115821,1,4,0,1464.0
10110011SILVAO_2025-11-27_G93,10110011SILVAO,2025-11-27,117808,1,4,0,94.0
10110011SILVAO_2025-11-27_G94,10110011SILVAO,2025-11-27,110372,1,6,0,84.0
10110011SILVAO_2025-11-27_G95,10110011SILVAO,2025-11-27,118299,1,8,0,81.0
10110011SILVAO_2025-11-27_G96,10110011SILVAO,2025-11-27,110740,1,4,0,122.0
10110011SILVAO_2025-11-27_G97,10110011SILVAO,2025-11-27,111418,1,4,0,103.0
10110011SILVAO_2025-11-27_G98,10110011SILVAO,2025-11-27,117785,1,3,0,71.0
10110011SILVAO_2025-11-27_G99,10110011SILVAO,2025-11-27,110313,1,3,0,137.0
10110011SILVAO_2025-11-27_G100,10110011SILVAO,2025-11-27,111172,1,3,0,96.0
10110011SILVAO_2025-11-27_G101,10110011SILVAO,2025-11-27,141271,1,4,0,81.0
10110011SILVAO_2025-11-27_G102,10110011SILVAO,2025-11-27,111467,1,2,0,98.0
10110011SILVAO_2025-11-27_G103,10110011SILVAO,2025-11-27,108772,1,3,0,87.0
10110011SILVAO_2025-11-27_G104,10110011SILVAO,2025-11-27,110711,1,1,0,66.0
10110011SILVAO_2025-11-27_G105,10110011SILVAO,2025-11-27,111438,1,4,0,128.0
10110011SILVAO_2025-11-27_G106,10110011SILVAO,2025-11-27,140911,1,2,0,125.0
10110011SILVAO_2025-11-27_G107,10110011SILVAO,2025-11-27,117855,1,16,0,379.0
10110011SILVAO_2025-11-27_G108,10110011SILVAO,2025-11-27,111532,1,2,0,191.0
10110011SILVAO_2025-11-28_G02,10110011SILVAO,2025-11-28,116241,1,2,0,80.0
10110011SILVAO_2025-11-28_G03,10110011SILVAO,2025-11-28,118326,1,10,0,199.0
10110011SILVAO_2025-11-28_G04,10110011SILVAO,2025-11-28,111444,1,4,0,171.0
10110011SILVAO_2025-11-28_G05,10110011SILVAO,2025-11-28,141458,1,20,0,416.0
10110011SILVAO_2025-11-28_G06,10110011SILVAO,2025-11-28,118317,1,2,0,150.0
10110011SILVAO_2025-11-28_G07,10110011SILVAO,2025-11-28,118317,1,2,0,68.0
10110011SILVAO_2025-11-28_G08,10110011SILVAO,2025-11-28,110030,1,1,0,312.0
10110011SILVAO_2025-11-28_G09,10110011SILVAO,2025-11-28,108771,1,3,0,300.0
10110011SILVAO_2025-11-29_G02,10110011SILVAO,2025-11-29,111530,1,1,0,77.0
10110011SILVAO_2025-11-29_G03,10110011SILVAO,2025-11-29,111418,1,30,0,544.0
10110011SILVAO_2025-11-29_G04,10110011SILVAO,2025-11-29,117808,1,50,0,470.0
10110011SILVAO_2025-11-29_G05,10110011SILVAO,2025-11-29,117820,1,1,0,172.0
10110011SILVAO_2025-11-29_G06,10110011SILVAO,2025-11-29,110375,1,2,0,451.0
10110011SILVAO_2025-11-29_G07,10110011SILVAO,2025-11-29,110372,1,12,0,108.0
10110011SILVAO_2025-11-29_G08,10110011SILVAO,2025-11-29,118299,1,10,0,130.0
10110011SILVAO_2025-11-29_G09,10110011SILVAO,2025-11-29,117832,1,2,0,61.0
10110011SILVAO_2025-11-29_G10,10110011SILVAO,2025-11-29,110373,1,8,0,570.0
10110011SILVAO_2025-11-29_G11,10110011SILVAO,2025-11-29,111435,1,2,0,1351.0
10110011SILVAO_2025-11-29_G12,10110011SILVAO,2025-11-29,110740,1,4,0,99.0
10110011SILVAO_2025-11-29_G13,10110011SILVAO,2025-11-29,111418,1,7,0,172.0
10110011SILVAO_2025-11-29_G14,10110011SILVAO,2025-11-29,111444,1,2,0,86.0
10110011SILVAO_2025-11-29_G15,10110011SILVAO,2025-11-29,111532,1,6,0,325.0
10110011SILVAO_2025-11-29_G16,10110011SILVAO,2025-11-29,111466,1,8,0,137.0
10110011SILVAO_2025-12-05_G02,10110011SILVAO,2025-12-05,118306,1,6,0,105.0
10110011SILVAO_2025-12-05_G03,10110011SILVAO,2025-12-05,111438,1,2,0,104.0
10110011SILVAO_2025-12-05_G04,10110011SILVAO,2025-12-05,111660,1,14,0,359.0
10110011SILVAO_2025-12-05_G05,10110011SILVAO,2025-12-05,111660,1,4,0,55.0
10110011SILVAO_2025-12-05_G06,10110011SILVAO,2025-12-05,110755,2,24,6,215.0
10110011SILVAO_2025-12-05_G07,10110011SILVAO,2025-12-05,110374,1,40,0,379.0
10110011SILVAO_2025-12-05_G08,10110011SILVAO,2025-12-05,110371,1,7,0,179.0
10110011SILVAO_2025-12-05_G09,10110011SILVAO,2025-12-05,117808,1,25,0,117.0
10110011SILVAO_2025-12-05_G10,10110011SILVAO,2025-12-05,110372,1,24,0,198.0
10110011SILVAO_2025-12-05_G11,10110011SILVAO,2025-12-05,109643,1,4,0,110.0
10110011SILVAO_2025-12-05_G12,10110011SILVAO,2025-12-05,111438,1,4,0,141.0
10110011SILVAO_2025-12-05_G13,10110011SILVAO,2025-12-05,110755,1,6,0,231.0
10110011SILVAO_2025-12-05_G14,10110011SILVAO,2025-12-05,118094,1,2,0,241.0
10110011SILVAO_2025-12-05_G15,10110011SILVAO,2025-12-05,140923,1,40,0,467.0
10110011SILVAO_2025-12-05_G16,10110011SILVAO,2025-12-05,117855,1,2,0,101.0
10110011SILVAO_2025-12-05_G17,10110011SILVAO,2025-12-05,110374,1,3,0,71.0
10110011SILVAO_2025-12-05_G18,10110011SILVAO,2025-12-05,109643,1,8,0,121.0
10110011SILVAO_2025-12-05_G19,10110011SILVAO,2025-12-05,110325,1,4,0,98.0
10110011SILVAO_2025-12-05_G20,10110011SILVAO,2025-12-05,110372,1,26,0,356.0
10110011SILVAO_2025-12-05_G21,10110011SILVAO,2025-12-05,118299,1,20,0,103.0
10110011SILVAO_2025-12-05_G22,10110011SILVAO,2025-12-05,118140,1,4,0,1695.0
10110011SILVAO_2025-12-05_G23,10110011SILVAO,2025-12-05,108711,1,4,0,62.0
10110011SILVAO_2025-12-05_G24,10110011SILVAO,2025-12-05,111466,1,4,0,105.0
10110011SILVAO_2025-12-05_G25,10110011SILVAO,2025-12-05,111602,1,6,0,63.0
10110011SILVAO_2025-12-05_G26,10110011SILVAO,2025-12-05,118140,1,4,0,170.0
10110011SILVAO_2025-12-05_G27,10110011SILVAO,2025-12-05,140922,1,4,0,67.0
10110011SILVAO_2025-12-05_G28,10110011SILVAO,2025-12-05,108711,1,4,0,52.0
10110011SILVAO_2025-12-05_G29,10110011SILVAO,2025-12-05,110733,1,4,0,73.0
10110011SILVAO_2025-12-05_G30,10110011SILVAO,2025-12-05,110711,1,4,0,99.0
10110011SILVAO_2025-12-05_G31,10110011SILVAO,2025-12-05,111438,1,10,0,448.0
10110011SILVAO_2025-12-05_G32,10110011SILVAO,2025-12-05,140923,1,4,0,941.0
10110011SILVAO_2025-12-05_G33,10110011SILVAO,2025-12-05,110752,1,2,0,95.0
10110011SILVAO_2025-12-05_G34,10110011SILVAO,2025-12-05,117786,1,4,0,81.0
10110011SILVAO_2025-12-05_G35,10110011SILVAO,2025-12-05,117862,1,4,0,88.0
10110011SILVAO_2025-12-05_G36,10110011SILVAO,2025-12-05,111469,1,7,0,234.0
10110011SILVAO_2025-12-05_G37,10110011SILVAO,2025-12-05,111462,1,12,0,60.0
10110011SILVAO_2025-12-05_G38,10110011SILVAO,2025-12-05,141823,1,12,0,76.0
10110011SILVAO_2025-12-05_G39,10110011SILVAO,2025-12-05,118140,1,10,0,69.0
10110011SILVAO_2025-12-05_G40,10110011SILVAO,2025-12-05,111743,1,3,0,65.0
10110011SILVAO_2025-12-05_G41,10110011SILVAO,2025-12-05,108795,1,10,0,108.0
10110011SILVAO_2025-12-05_G42,10110011SILVAO,2025-12-05,110745,1,4,0,61.0
10110011SILVAO_2025-12-05_G43,10110011SILVAO,2025-12-05,140922,1,8,0,67.0
10110011SILVAO_2025-12-05_G44,10110011SILVAO,2025-12-05,108711,1,4,0,54.0
10110011SILVAO_2025-12-05_G45,10110011SILVAO,2025-12-05,108798,1,10,0,94.0
10110011SILVAO_2025-12-05_G46,10110011SILVAO,2025-12-05,110740,1,4,0,64.0
10110011SILVAO_2025-12-05_G47,10110011SILVAO,2025-12-05,110743,1,4,0,61.0
10110011SILVAO_2025-12-05_G48,10110011SILVAO,2025-12-05,111418,1,8,0,361.0
10110011SILVAO_2025-12-05_G49,10110011SILVAO,2025-12-05,111463,1,7,0,138.0
10110011SILVAO_2025-12-05_G50,10110011SILVAO,2025-12-05,117831,1,10,0,82.0
10110011SILVAO_2025-12-05_G51,10110011SILVAO,2025-12-05,117787,1,1,0,53.0
10110011SILVAO_2025-12-05_G52,10110011SILVAO,2025-12-05,111466,1,4,0,74.0
10110011SILVAO_2025-12-05_G53,10110011SILVAO,2025-12-05,117821,1,4,0,48.0
10110011SILVAO_2025-12-05_G54,10110011SILVAO,2025-12-05,141456,1,8,0,1315.0
10110011SILVAO_2025-12-05_G55,10110011SILVAO,2025-12-05,111469,2,8,29,72.0
10110011SILVAO_2025-12-05_G56,10110011SILVAO,2025-12-05,105705,1,8,0,175.0
10110011SILVAO_2025-12-05_G57,10110011SILVAO,2025-12-05,109645,1,2,0,60.0
10110011SILVAO_2025-12-05_G58,10110011SILVAO,2025-12-05,140922,1,19,0,171.0
10110011SILVAO_2025-12-05_G59,10110011SILVAO,2025-12-05,111348,1,16,0,106.0
10110011SILVAO_2025-12-05_G60,10110011SILVAO,2025-12-05,108794,1,4,0,76.0
10110011SILVAO_2025-12-05_G61,10110011SILVAO,2025-12-05,111463,1,10,0,147.0
10110011SILVAO_2025-12-05_G62,10110011SILVAO,2025-12-05,111466,1,2,0,100.0
10110011SILVAO_2025-12-05_G63,10110011SILVAO,2025-12-05,111465,1,4,0,84.0
10110011SILVAO_2025-12-05_G64,10110011SILVAO,2025-12-05,110374,1,14,0,311.0
10110011SILVAO_2025-12-05_G65,10110011SILVAO,2025-12-05,117809,1,5,0,73.0
10110011SILVAO_2025-12-05_G66,10110011SILVAO,2025-12-05,110372,1,32,0,257.0
10110011SILVAO_2025-12-05_G67,10110011SILVAO,2025-12-05,141202,1,3,0,82.0
10110011SILVAO_2025-12-05_G68,10110011SILVAO,2025-12-05,117808,1,52,0,289.0
10110011SILVAO_2025-12-05_G69,10110011SILVAO,2025-12-05,117808,1,318,0,905.0
10110011SILVAO_2025-12-05_G70,10110011SILVAO,2025-12-05,118299,1,51,0,561.0
10110011SILVAO_2025-12-05_G72,10110011SILVAO,2025-12-05,111418,1,10,0,135.0
10110011SILVAO_2025-12-05_G73,10110011SILVAO,2025-12-05,107236,1,4,0,97.0
10110011SILVAO_2025-12-05_G74,10110011SILVAO,2025-12-05,111466,1,20,0,190.0
10110011SILVAO_2025-12-05_G75,10110011SILVAO,2025-12-05,118317,1,2,0,125.0
10110011SILVAO_2025-12-05_G76,10110011SILVAO,2025-12-05,118140,1,9,0,472.0
10110011SILVAO_2025-12-05_G77,10110011SILVAO,2025-12-05,111743,1,2,0,73.0
10110011SILVAO_2025-12-05_G78,10110011SILVAO,2025-12-05,140922,1,2,0,70.0
10110011SILVAO_2025-12-05_G79,10110011SILVAO,2025-12-05,111348,1,8,0,73.0
10110011SILVAO_2025-12-05_G80,10110011SILVAO,2025-12-05,111433,1,2,0,91.0
10110011SILVAO_2025-12-05_G81,10110011SILVAO,2025-12-05,111418,1,23,0,128.0
10110011SILVAO_2025-12-05_G82,10110011SILVAO,2025-12-05,111463,1,2,0,64.0
10110011SILVAO_2025-12-05_G83,10110011SILVAO,2025-12-05,117785,1,4,0,102.0
10110011SILVAO_2025-12-05_G84,10110011SILVAO,2025-12-05,111466,1,2,0,54.0
10110011SILVAO_2025-12-05_G85,10110011SILVAO,2025-12-05,141458,1,5,0,79.0
10110011SILVAO_2025-12-05_G86,10110011SILVAO,2025-12-05,118317,1,3,0,83.0
10110011SILVAO_2025-12-05_G87,10110011SILVAO,2025-12-05,111430,1,8,0,241.0
10110011SILVAO_2025-12-05_G88,10110011SILVAO,2025-12-05,111569,1,6,0,98.0
10110011SILVAO_2025-12-05_G89,10110011SILVAO,2025-12-05,110755,1,12,0,155.0
10110011SILVAO_2025-12-05_G90,10110011SILVAO,2025-12-05,116527,1,10,0,114.0
10110011SILVAO_2025-12-05_G91,10110011SILVAO,2025-12-05,111469,1,5,0,287.0
10110011SILVAO_2025-12-05_G92,10110011SILVAO,2025-12-05,118140,1,5,0,99.0
10110011SILVAO_2025-12-05_G93,10110011SILVAO,2025-12-05,109645,1,6,0,111.0
10110011SILVAO_2025-12-05_G94,10110011SILVAO,2025-12-05,111418,1,12,0,895.0
10110011SILVAO_2025-12-05_G95,10110011SILVAO,2025-12-05,117809,1,4,0,1160.0
10110011SILVAO_2025-12-05_G96,10110011SILVAO,2025-12-05,110371,1,4,0,108.0
10110011SILVAO_2025-12-05_G97,10110011SILVAO,2025-12-05,110372,2,37,19,243.0
10110011SILVAO_2025-12-05_G98,10110011SILVAO,2025-12-05,118299,1,10,0,309.0
10110011SILVAO_2025-12-05_G99,10110011SILVAO,2025-12-05,141456,1,3,0,1528.0
10110011SILVAO_2025-12-23_G02,10110011SILVAO,2025-12-23,107263,1,30,0,590.0
10110011SILVAO_2025-12-23_G03,10110011SILVAO,2025-12-23,110743,1,23,0,273.0
10110011SILVAO_2025-12-23_G04,10110011SILVAO,2025-12-23,111743,1,10,0,101.0
10110011SILVAO_2025-12-23_G05,10110011SILVAO,2025-12-23,141823,1,160,0,614.0
10110011SILVAO_2025-12-23_G06,10110011SILVAO,2025-12-23,111435,1,4,0,146.0
10110011SILVAO_2025-12-23_G07,10110011SILVAO,2025-12-23,109641,1,10,0,180.0
10110011SILVAO_2025-12-23_G08,10110011SILVAO,2025-12-23,109641,1,16,0,168.0
10110011SILVAO_2025-12-23_G09,10110011SILVAO,2025-12-23,108798,1,33,0,194.0
10110011SILVAO_2025-12-23_G10,10110011SILVAO,2025-12-23,108798,1,18,0,172.0
10110011SILVAO_2025-12-23_G11,10110011SILVAO,2025-12-23,111433,1,10,0,171.0
10110011SILVAO_2025-12-23_G12,10110011SILVAO,2025-12-23,109645,1,6,0,109.0
10110011SILVAO_2025-12-23_G13,10110011SILVAO,2025-12-23,109645,1,22,0,149.0
10110011SILVAO_2025-12-23_G14,10110011SILVAO,2025-12-23,107236,1,15,0,122.0
10110011SILVAO_2025-12-23_G15,10110011SILVAO,2025-12-23,107236,1,80,0,305.0
10110011SILVAO_2025-12-23_G16,10110011SILVAO,2025-12-23,117787,1,50,0,593.0
10110011SILVAO_2025-12-23_G17,10110011SILVAO,2025-12-23,117787,1,60,0,407.0
10110011SILVAO_2025-12-23_G18,10110011SILVAO,2025-12-23,111443,1,20,0,117.0
10110011SILVAO_2025-12-23_G19,10110011SILVAO,2025-12-23,111443,1,40,0,166.0
10110011SILVAO_2025-12-23_G20,10110011SILVAO,2025-12-23,108795,1,50,0,444.0
10110011SILVAO_2025-12-23_G21,10110011SILVAO,2025-12-23,111463,1,144,0,569.0
10110011SILVAO_2025-12-23_G22,10110011SILVAO,2025-12-23,108770,1,1,0,144.0
10110011SILVAO_2025-12-23_G23,10110011SILVAO,2025-12-23,108770,1,5,0,53.0
10110011SILVAO_2025-12-23_G24,10110011SILVAO,2025-12-23,107888,1,5,0,295.0
10110011SILVAO_2025-12-23_G25,10110011SILVAO,2025-12-23,117836,1,5,0,156.0
10110011SILVAO_2025-12-23_G26,10110011SILVAO,2025-12-23,100334,1,11,0,131.0
10110011SILVAO_2025-12-23_G27,10110011SILVAO,2025-12-23,100334,1,10,0,422.0
10110011SILVAO_2025-12-23_G28,10110011SILVAO,2025-12-23,111462,1,4,0,826.0
10110011SILVAO_2025-12-23_G29,10110011SILVAO,2025-12-23,140922,1,8,0,126.0
10110011SILVAO_2025-12-23_G30,10110011SILVAO,2025-12-23,111418,1,4,0,113.0
10110011SILVAO_2025-12-23_G31,10110011SILVAO,2025-12-23,111743,1,8,0,83.0
10110011SILVAO_2025-12-23_G32,10110011SILVAO,2025-12-23,117785,1,8,0,78.0
10110011SILVAO_2025-12-23_G33,10110011SILVAO,2025-12-23,111172,1,8,0,118.0
10110011SILVAO_2025-12-23_G34,10110011SILVAO,2025-12-23,111172,1,18,0,153.0
10110011SILVAO_2025-12-23_G35,10110011SILVAO,2025-12-23,110787,1,17,0,146.0
10110011SILVAO_2025-12-23_G36,10110011SILVAO,2025-12-23,141823,1,4,0,43.0
10110011SILVAO_2025-12-23_G37,10110011SILVAO,2025-12-23,108798,1,4,0,222.0
10110011SILVAO_2025-12-23_G38,10110011SILVAO,2025-12-23,141048,1,12,0,116.0
10110011SILVAO_2025-12-23_G39,10110011SILVAO,2025-12-23,111463,1,8,0,83.0
10110011SILVAO_2025-12-23_G40,10110011SILVAO,2025-12-23,117833,1,20,0,172.0
10110011SILVAO_2025-12-23_G41,10110011SILVAO,2025-12-23,117833,1,18,0,132.0
10110011SILVAO_2025-12-23_G42,10110011SILVAO,2025-12-23,108711,1,4,0,62.0
10110011SILVAO_2025-12-23_G43,10110011SILVAO,2025-12-23,118140,1,30,0,219.0
10110011SILVAO_2025-12-23_G44,10110011SILVAO,2025-12-23,141457,1,8,0,317.0
10110011SILVAO_2025-12-23_G45,10110011SILVAO,2025-12-23,118317,1,4,0,57.0
10110011SILVAO_2025-12-23_G46,10110011SILVAO,2025-12-23,141456,1,4,0,80.0
10110011SILVAO_2025-12-23_G47,10110011SILVAO,2025-12-23,141458,1,4,0,57.0
10110011SILVAO_2025-12-23_G48,10110011SILVAO,2025-12-23,140923,1,20,0,239.0
10110011SILVAO_2025-12-23_G49,10110011SILVAO,2025-12-23,117856,1,4,0,47.0
10110011SILVAO_2025-12-23_G50,10110011SILVAO,2025-12-23,117786,1,8,0,100.0
10110011SILVAO_2025-12-23_G51,10110011SILVAO,2025-12-23,117862,1,8,0,127.0
10110011SILVAO_2025-12-23_G52,10110011SILVAO,2025-12-23,117862,1,28,0,238.0
10110011SILVAO_2025-12-23_G53,10110011SILVAO,2025-12-23,118418,1,5,0,164.0
10110011SILVAO_2025-12-23_G54,10110011SILVAO,2025-12-23,118418,1,26,0,255.0
10110011SILVAO_2025-12-23_G55,10110011SILVAO,2025-12-23,111441,1,3,0,107.0
10110011SILVAO_2025-12-23_G56,10110011SILVAO,2025-12-23,141696,1,2,0,98.0
10110011SILVAO_2025-12-23_G57,10110011SILVAO,2025-12-23,111438,1,8,0,353.0
10110011SILVAO_2025-12-23_G58,10110011SILVAO,2025-12-23,110081,1,12,0,663.0
10110011SILVAO_2025-12-23_G59,10110011SILVAO,2025-12-23,118222,1,8,0,131.0
10110011SILVAO_2025-12-23_G60,10110011SILVAO,2025-12-23,111530,1,40,0,754.0
10110011SILVAO_2025-12-23_G61,10110011SILVAO,2025-12-23,141318,1,197,0,1365.0
10110011SILVAO_2025-12-23_G62,10110011SILVAO,2025-12-23,111743,1,270,0,2076.0
10110011SILVAO_2025-12-23_G64,10110011SILVAO,2025-12-23,111418,1,100,0,2371.0
10110011SILVAO_2025-12-23_G65,10110011SILVAO,2025-12-23,111740,1,199,0,662.0
10110011SILVAO_2025-12-23_G66,10110011SILVAO,2025-12-23,111739,1,60,0,1757.0
10110011SILVAO_2025-12-23_G67,10110011SILVAO,2025-12-23,141262,1,700,0,1186.0
10110011SILVAO_2025-12-24_G02,10110011SILVAO,2025-12-24,117820,1,6,0,45.0
10110011SILVAO_2025-12-24_G03,10110011SILVAO,2025-12-24,117820,2,22,26,178.0
10110011SILVAO_2025-12-24_G04,10110011SILVAO,2025-12-24,118299,1,50,0,696.0
10110011SILVAO_2025-12-24_G05,10110011SILVAO,2025-12-24,118299,1,183,0,314.0
10110011SILVAO_2025-12-24_G06,10110011SILVAO,2025-12-24,118299,2,157,13,168.0
10110011SILVAO_2025-12-24_G07,10110011SILVAO,2025-12-24,"117820, 118299",2,382,7,2121.0
10110011SILVAO_2025-12-24_G08,10110011SILVAO,2025-12-24,118299,1,73,0,352.0
10110011SILVAO_2025-12-24_G09,10110011SILVAO,2025-12-24,117808,1,36,0,366.0
10110011SILVAO_2025-12-24_G10,10110011SILVAO,2025-12-24,110373,2,107,8,297.0
10110011SILVAO_2025-12-26_G02,10110011SILVAO,2025-12-26,111602,2,28,23,311.0
10110011SILVAO_2025-12-26_G03,10110011SILVAO,2025-12-26,111602,1,11,0,94.0
10110011SILVAO_2025-12-26_G04,10110011SILVAO,2025-12-26,111602,1,26,0,250.0
10110011SILVAO_2025-12-26_G05,10110011SILVAO,2025-12-26,107629,1,4,0,129.0
10110011SILVAO_2025-12-26_G06,10110011SILVAO,2025-12-26,117786,1,2,0,84.0
10110011SILVAO_2025-12-26_G07,10110011SILVAO,2025-12-26,110339,1,2,0,47.0
10110011SILVAO_2025-12-26_G08,10110011SILVAO,2025-12-26,109640,1,2,0,107.0
10110011SILVAO_2025-12-26_G09,10110011SILVAO,2025-12-26,117837,1,2,0,92.0
10110011SILVAO_2025-12-26_G10,10110011SILVAO,2025-12-26,107263,1,2,0,415.0
10110011SILVAO_2025-12-26_G11,10110011SILVAO,2025-12-26,117785,1,9,0,121.0
10110011SILVAO_2025-12-26_G12,10110011SILVAO,2025-12-26,108798,1,3,0,147.0
10110011SILVAO_2025-12-26_G13,10110011SILVAO,2025-12-26,111463,1,21,0,195.0
10110011SILVAO_2025-12-26_G14,10110011SILVAO,2025-12-26,111444,1,4,0,156.0
10110011SILVAO_2025-12-26_G15,10110011SILVAO,2025-12-26,108711,1,17,0,149.0
10110011SILVAO_2025-12-26_G16,10110011SILVAO,2025-12-26,111431,1,6,0,94.0
10110011SILVAO_2025-12-26_G17,10110011SILVAO,2025-12-26,118140,1,16,0,889.0
10110011SILVAO_2025-12-26_G18,10110011SILVAO,2025-12-26,118317,1,4,0,250.0
10110011SILVAO_2025-12-26_G19,10110011SILVAO,2025-12-26,117821,1,4,0,74.0
10110011SILVAO_2026-01-07_G02,10110011SILVAO,2026-01-07,141823,1,8,0,500.0
10110011SILVAO_2026-01-07_G03,10110011SILVAO,2026-01-07,111182,1,8,0,93.0
10110011SILVAO_2026-01-08_G02,10110011SILVAO,2026-01-08,117820,1,4,0,82.0
10110011SILVAO_2026-01-08_G03,10110011SILVAO,2026-01-08,111418,1,8,0,872.0
10110011SILVAO_2026-01-08_G04,10110011SILVAO,2026-01-08,111466,1,5,0,99.0
10110011SILVAO_2026-01-08_G05,10110011SILVAO,2026-01-08,110373,1,4,0,110.0
10110011SILVAO_2026-01-08_G06,10110011SILVAO,2026-01-08,107830,1,4,0,111.0
10110011SILVAO_2026-01-08_G07,10110011SILVAO,2026-01-08,117830,1,250,0,3275.0
10110011SILVAO_2026-01-09_G02,10110011SILVAO,2026-01-09,111462,1,8,0,101.0
10110011SILVAO_2026-01-09_G03,10110011SILVAO,2026-01-09,111182,1,8,0,103.0
10110011SILVAO_2026-01-09_G04,10110011SILVAO,2026-01-09,111466,1,5,0,66.0
10110011SILVAO_2026-01-09_G05,10110011SILVAO,2026-01-09,141271,1,12,0,93.0
10110011SILVAO_2026-01-09_G06,10110011SILVAO,2026-01-09,111463,1,8,0,90.0
10110011SILVAO_2026-01-09_G07,10110011SILVAO,2026-01-09,111469,1,12,0,108.0
10110011SILVAO_2026-01-09_G08,10110011SILVAO,2026-01-09,141456,1,10,0,108.0
10110011SILVAO_2026-01-09_G09,10110011SILVAO,2026-01-09,110372,1,11,0,297.0
10110011SILVAO_2026-01-09_G10,10110011SILVAO,2026-01-09,110373,1,8,0,66.0
10110011SILVAO_2026-01-09_G11,10110011SILVAO,2026-01-09,118299,1,51,0,226.0
10110011SILVAO_2026-01-09_G12,10110011SILVAO,2026-01-09,117820,1,30,0,201.0
10110011SILVAO_2026-01-09_G13,10110011SILVAO,2026-01-09,117830,1,2,0,37.0
10110011SILVAO_2026-01-09_G14,10110011SILVAO,2026-01-09,110733,1,3,0,483.0
10110011SILVAO_2026-01-09_G15,10110011SILVAO,2026-01-09,140923,1,20,0,244.0
10110011SILVAO_2026-01-09_G16,10110011SILVAO,2026-01-09,111442,1,6,0,91.0
10110011SILVAO_2026-01-09_G17,10110011SILVAO,2026-01-09,108798,1,2,0,163.0
10110011SILVAO_2026-01-09_G18,10110011SILVAO,2026-01-09,117833,1,5,0,56.0
10110011SILVAO_2026-01-09_G19,10110011SILVAO,2026-01-09,118140,1,22,0,377.0
10110011SILVAO_2026-01-09_G20,10110011SILVAO,2026-01-09,117787,1,2,0,46.0
10110011SILVAO_2026-01-09_G21,10110011SILVAO,2026-01-09,110740,1,10,0,113.0
10110011SILVAO_2026-01-09_G22,10110011SILVAO,2026-01-09,141456,1,15,0,216.0
10110011SILVAO_2026-01-09_G23,10110011SILVAO,2026-01-09,117809,1,4,0,1652.0
10110011SILVAO_2026-01-09_G24,10110011SILVAO,2026-01-09,110373,1,36,0,175.0
10110011SILVAO_2026-01-09_G25,10110011SILVAO,2026-01-09,110375,1,1,0,163.0
10110011SILVAO_2026-01-09_G26,10110011SILVAO,2026-01-09,110372,1,122,0,345.0
10110011SILVAO_2026-01-09_G27,10110011SILVAO,2026-01-09,117820,1,48,0,368.0
10110011SILVAO_2026-01-09_G28,10110011SILVAO,2026-01-09,105705,1,4,0,141.0
10110011SILVAO_2026-01-09_G29,10110011SILVAO,2026-01-09,108794,1,2,0,32.0
10110011SILVAO_2026-01-09_G30,10110011SILVAO,2026-01-09,117785,1,33,0,160.0
10110011SILVAO_2026-01-09_G31,10110011SILVAO,2026-01-09,111462,1,18,0,262.0
10110011SILVAO_2026-01-09_G32,10110011SILVAO,2026-01-09,140922,1,19,0,145.0
10110011SILVAO_2026-01-09_G33,10110011SILVAO,2026-01-09,117821,1,61,0,440.0
10110011SILVAO_2026-01-09_G34,10110011SILVAO,2026-01-09,111172,1,4,0,105.0
10110011SILVAO_2026-01-09_G35,10110011SILVAO,2026-01-09,141823,1,2,0,164.0
10110011SILVAO_2026-01-09_G36,10110011SILVAO,2026-01-09,111442,1,5,0,72.0
10110011SILVAO_2026-01-09_G37,10110011SILVAO,2026-01-09,111443,1,4,0,82.0
10110011SILVAO_2026-01-09_G38,10110011SILVAO,2026-01-09,117833,1,5,0,55.0
10110011SILVAO_2026-01-09_G39,10110011SILVAO,2026-01-09,111444,1,16,0,210.0
10110011SILVAO_2026-01-09_G40,10110011SILVAO,2026-01-09,111463,1,51,0,717.0
10110011SILVAO_2026-01-09_G41,10110011SILVAO,2026-01-09,111469,1,53,0,420.0
10110011SILVAO_2026-01-09_G42,10110011SILVAO,2026-01-09,117831,1,22,0,408.0
10110011SILVAO_2026-01-09_G43,10110011SILVAO,2026-01-09,111431,1,9,0,68.0
10110011SILVAO_2026-01-09_G44,10110011SILVAO,2026-01-09,111465,1,30,0,219.0
10110011SILVAO_2026-01-09_G45,10110011SILVAO,2026-01-09,110740,1,5,0,99.0
10110011SILVAO_2026-01-09_G46,10110011SILVAO,2026-01-09,107263,1,5,0,2042.0
10110011SILVAO_2026-01-09_G47,10110011SILVAO,2026-01-09,110129,1,25,0,501.0
10110011SILVAO_2026-01-09_G48,10110011SILVAO,2026-01-09,111348,1,10,0,466.0
10110011SILVAO_2026-01-09_G49,10110011SILVAO,2026-01-09,111348,1,8,0,64.0
10110011SILVAO_2026-01-09_G50,10110011SILVAO,2026-01-09,108794,1,15,0,113.0
10110011SILVAO_2026-01-09_G51,10110011SILVAO,2026-01-09,140922,1,20,0,228.0
10110011SILVAO_2026-01-09_G52,10110011SILVAO,2026-01-09,111182,1,4,0,123.0
10110011SILVAO_2026-01-09_G53,10110011SILVAO,2026-01-09,111172,1,7,0,108.0
10110011SILVAO_2026-01-09_G54,10110011SILVAO,2026-01-09,109641,1,12,0,89.0
10110011SILVAO_2026-01-09_G55,10110011SILVAO,2026-01-09,141823,1,8,0,61.0
10110011SILVAO_2026-01-09_G56,10110011SILVAO,2026-01-09,111442,1,20,0,123.0
10110011SILVAO_2026-01-09_G57,10110011SILVAO,2026-01-09,111442,1,40,0,199.0
10110011SILVAO_2026-01-09_G58,10110011SILVAO,2026-01-09,111433,1,20,0,184.0
10110011SILVAO_2026-01-09_G59,10110011SILVAO,2026-01-09,111443,1,42,0,460.0
10110011SILVAO_2026-01-09_G60,10110011SILVAO,2026-01-09,117833,1,15,0,142.0
10110011SILVAO_2026-01-09_G61,10110011SILVAO,2026-01-09,118223,1,6,0,88.0
10110011SILVAO_2026-01-09_G62,10110011SILVAO,2026-01-09,110745,1,24,0,266.0
10110011SILVAO_2026-01-09_G63,10110011SILVAO,2026-01-09,111444,1,5,0,47.0
10110011SILVAO_2026-01-09_G64,10110011SILVAO,2026-01-09,111431,1,12,0,97.0
10110011SILVAO_2026-01-09_G65,10110011SILVAO,2026-01-09,111330,1,4,0,68.0
10110011SILVAO_2026-01-09_G66,10110011SILVAO,2026-01-09,116241,1,30,0,928.0
10110011SILVAO_2026-01-09_G67,10110011SILVAO,2026-01-09,110740,1,60,0,383.0
10110011SILVAO_2026-01-09_G68,10110011SILVAO,2026-01-09,117809,1,40,0,753.0
10110011SILVAO_2026-01-09_G69,10110011SILVAO,2026-01-09,141202,1,10,0,146.0
10110011SILVAO_2026-01-09_G70,10110011SILVAO,2026-01-09,117820,1,150,0,616.0
10110011SILVAO_2026-01-09_G71,10110011SILVAO,2026-01-09,117830,1,60,0,1044.0
10110011SILVAO_2026-01-12_G02,10110011SILVAO,2026-01-12,117834,1,8,0,182.0
10110011SILVAO_2026-01-12_G03,10110011SILVAO,2026-01-12,118290,1,8,0,108.0
10110011SILVAO_2026-01-12_G04,10110011SILVAO,2026-01-12,110755,1,1,0,59.0
10110011SILVAO_2026-01-12_G05,10110011SILVAO,2026-01-12,140923,1,24,0,273.0
10110011SILVAO_2026-01-12_G06,10110011SILVAO,2026-01-12,141047,1,5,0,99.0
10110011SILVAO_2026-01-12_G07,10110011SILVAO,2026-01-12,117855,1,8,0,111.0
10110011SILVAO_2026-01-12_G08,10110011SILVAO,2026-01-12,108795,1,2,0,103.0
10110011SILVAO_2026-01-12_G09,10110011SILVAO,2026-01-12,108794,1,4,0,56.0
10110011SILVAO_2026-01-12_G10,10110011SILVAO,2026-01-12,118140,1,8,0,52.0
10110011SILVAO_2026-01-12_G11,10110011SILVAO,2026-01-12,140922,1,4,0,100.0
10110011SILVAO_2026-01-12_G12,10110011SILVAO,2026-01-12,117838,1,4,0,159.0
10110011SILVAO_2026-01-12_G13,10110011SILVAO,2026-01-12,141823,1,12,0,164.0
10110011SILVAO_2026-01-12_G14,10110011SILVAO,2026-01-12,111443,1,8,0,231.0
10110011SILVAO_2026-01-12_G15,10110011SILVAO,2026-01-12,141458,1,3,0,59.0
10110011SILVAO_2026-01-12_G16,10110011SILVAO,2026-01-12,111469,1,2,0,78.0
10110011SILVAO_2026-01-12_G17,10110011SILVAO,2026-01-12,111431,1,8,0,188.0
10110011SILVAO_2026-01-12_G18,10110011SILVAO,2026-01-12,110373,1,38,0,265.0
10110011SILVAO_2026-01-12_G19,10110011SILVAO,2026-01-12,141202,1,8,0,99.0
10110011SILVAO_2026-01-12_G20,10110011SILVAO,2026-01-12,116241,1,8,0,177.0
10110011SILVAO_2026-01-12_G21,10110011SILVAO,2026-01-12,117830,1,62,0,251.0
10110011SILVAO_2026-01-12_G22,10110011SILVAO,2026-01-12,117820,1,72,0,392.0
10110011SILVAO_2026-01-12_G23,10110011SILVAO,2026-01-12,142045,1,3,0,521.0
10110011SILVAO_2026-01-12_G24,10110011SILVAO,2026-01-12,110733,1,2,0,62.0
10110011SILVAO_2026-01-12_G25,10110011SILVAO,2026-01-12,118094,1,4,0,100.0
10110011SILVAO_2026-01-12_G26,10110011SILVAO,2026-01-12,111530,1,4,0,103.0
10110011SILVAO_2026-01-12_G27,10110011SILVAO,2026-01-12,118140,1,4,0,112.0
10110011SILVAO_2026-01-12_G28,10110011SILVAO,2026-01-12,111418,1,16,0,101.0
10110011SILVAO_2026-01-12_G29,10110011SILVAO,2026-01-12,111468,1,2,0,89.0
10110011SILVAO_2026-01-12_G30,10110011SILVAO,2026-01-12,111463,1,4,0,168.0
10110011SILVAO_2026-01-12_G31,10110011SILVAO,2026-01-12,111469,1,6,0,75.0
10110011SILVAO_2026-01-12_G32,10110011SILVAO,2026-01-12,142045,1,81,0,2045.0
10110011SILVAO_2026-01-12_G33,10110011SILVAO,2026-01-12,142045,1,4,0,84.0
10110011SILVAO_2026-01-12_G34,10110011SILVAO,2026-01-12,111430,1,8,0,92.0
10110011SILVAO_2026-01-12_G35,10110011SILVAO,2026-01-12,111438,1,14,0,136.0
10110011SILVAO_2026-01-12_G36,10110011SILVAO,2026-01-12,110895,1,6,0,106.0
10110011SILVAO_2026-01-12_G37,10110011SILVAO,2026-01-12,110747,1,4,0,91.0
10110011SILVAO_2026-01-12_G38,10110011SILVAO,2026-01-12,118290,1,14,0,363.0
10110011SILVAO_2026-01-12_G39,10110011SILVAO,2026-01-12,141318,1,4,0,50.0
10110011SILVAO_2026-01-12_G40,10110011SILVAO,2026-01-12,110582,1,2,0,86.0
10110011SILVAO_2026-01-12_G41,10110011SILVAO,2026-01-12,142045,1,17,0,452.0
10110011SILVAO_2026-01-12_G42,10110011SILVAO,2026-01-12,110129,1,7,0,371.0
10110011SILVAO_2026-01-12_G43,10110011SILVAO,2026-01-12,111462,1,6,0,93.0
10110011SILVAO_2026-01-12_G44,10110011SILVAO,2026-01-12,111418,1,5,0,41.0
10110011SILVAO_2026-01-12_G45,10110011SILVAO,2026-01-12,140922,1,16,0,90.0
10110011SILVAO_2026-01-12_G46,10110011SILVAO,2026-01-12,111466,2,6,25,620.0
10110011SILVAO_2026-01-12_G47,10110011SILVAO,2026-01-12,111468,1,3,0,41.0
10110011SILVAO_2026-01-12_G48,10110011SILVAO,2026-01-12,141271,2,7,23,63.0
10110011SILVAO_2026-01-12_G49,10110011SILVAO,2026-01-12,108798,1,1,0,72.0
10110011SILVAO_2026-01-12_G50,10110011SILVAO,2026-01-12,110740,1,16,0,1005.0
10110011SILVAO_2026-01-12_G51,10110011SILVAO,2026-01-12,111532,1,115,0,518.0
10110011SILVAO_2026-01-12_G52,10110011SILVAO,2026-01-12,118094,1,5,0,2245.0
10110011SILVAO_2026-01-12_G53,10110011SILVAO,2026-01-12,110741,1,6,0,160.0
10110011SILVAO_2026-01-12_G54,10110011SILVAO,2026-01-12,140923,1,15,0,102.0
10110011SILVAO_2026-01-12_G55,10110011SILVAO,2026-01-12,110313,1,9,0,102.0
10110011SILVAO_2026-01-12_G56,10110011SILVAO,2026-01-12,141047,1,7,0,81.0
10110011SILVAO_2026-01-12_G57,10110011SILVAO,2026-01-12,117855,1,4,0,76.0
10110011SILVAO_2026-01-12_G58,10110011SILVAO,2026-01-12,117809,1,4,0,135.0
10110011SILVAO_2026-01-12_G59,10110011SILVAO,2026-01-12,110373,1,24,0,168.0
10110011SILVAO_2026-01-12_G60,10110011SILVAO,2026-01-12,110371,1,7,0,127.0
10110011SILVAO_2026-01-12_G61,10110011SILVAO,2026-01-12,117820,1,19,0,306.0
10110011SILVAO_2026-01-12_G62,10110011SILVAO,2026-01-12,110372,1,64,0,749.0
10110011SILVAO_2026-01-12_G63,10110011SILVAO,2026-01-12,110372,1,2,0,52.0
10110011SILVAO_2026-01-12_G64,10110011SILVAO,2026-01-12,160055,1,2,0,233.0
10110011SILVAO_2026-01-12_G65,10110011SILVAO,2026-01-12,110623,1,4,0,150.0
10110011SILVAO_2026-01-12_G66,10110011SILVAO,2026-01-12,111182,1,12,0,117.0
10110011SILVAO_2026-01-12_G67,10110011SILVAO,2026-01-12,109640,1,12,0,176.0
10110011SILVAO_2026-01-12_G69,10110011SILVAO,2026-01-12,118140,1,12,0,76.0
10110011SILVAO_2026-01-12_G70,10110011SILVAO,2026-01-12,111462,1,3,0,51.0
10110011SILVAO_2026-01-12_G71,10110011SILVAO,2026-01-12,111418,1,16,0,101.0
10110011SILVAO_2026-01-12_G72,10110011SILVAO,2026-01-12,"110751, 140922",2,5,28,54.0
10110011SILVAO_2026-01-12_G73,10110011SILVAO,2026-01-12,117821,1,4,0,56.0
10110011SILVAO_2026-01-12_G74,10110011SILVAO,2026-01-12,110743,1,2,0,36.0
10110011SILVAO_2026-01-12_G75,10110011SILVAO,2026-01-12,109645,1,2,0,83.0
10110011SILVAO_2026-01-12_G76,10110011SILVAO,2026-01-12,111172,1,3,0,98.0
10110011SILVAO_2026-01-12_G77,10110011SILVAO,2026-01-12,117785,1,2,0,81.0
10110011SILVAO_2026-01-12_G78,10110011SILVAO,2026-01-12,111463,1,5,0,182.0
10110011SILVAO_2026-01-12_G79,10110011SILVAO,2026-01-12,141458,1,4,0,46.0
10110011SILVAO_2026-01-12_G80,10110011SILVAO,2026-01-12,110745,1,6,0,175.0
10110011SILVAO_2026-01-12_G81,10110011SILVAO,2026-01-12,111469,1,10,0,63.0
10110011SILVAO_2026-01-12_G82,10110011SILVAO,2026-01-12,111465,1,6,0,96.0
10110011SILVAO_2026-01-12_G83,10110011SILVAO,2026-01-12,110895,1,4,0,249.0
10110011SILVAO_2026-01-12_G84,10110011SILVAO,2026-01-12,118094,1,6,0,249.0
10110011SILVAO_2026-01-12_G85,10110011SILVAO,2026-01-12,117856,1,6,0,65.0
10110011SILVAO_2026-01-12_G86,10110011SILVAO,2026-01-12,111467,1,2,0,36.0
10110011SILVAO_2026-01-12_G87,10110011SILVAO,2026-01-12,140923,1,4,0,66.0
10110011SILVAO_2026-01-12_G88,10110011SILVAO,2026-01-12,110339,1,2,0,66.0
10110011SILVAO_2026-01-12_G89,10110011SILVAO,2026-01-12,109647,1,1,0,63.0
10110011SILVAO_2026-01-12_G90,10110011SILVAO,2026-01-12,110752,1,4,0,75.0
10110011SILVAO_2026-01-12_G91,10110011SILVAO,2026-01-12,110372,1,20,0,171.0
10110011SILVAO_2026-01-12_G92,10110011SILVAO,2026-01-12,110373,1,4,0,59.0
10110011SILVAO_2026-01-12_G93,10110011SILVAO,2026-01-12,118299,1,20,0,189.0
10110011SILVAO_2026-01-12_G94,10110011SILVAO,2026-01-12,117820,1,9,0,145.0
10110011SILVAO_2026-01-12_G95,10110011SILVAO,2026-01-12,110372,1,4,0,347.0
10110011SILVAO_2026-01-12_G96,10110011SILVAO,2026-01-12,117809,1,7,0,46.0
10110011SILVAO_2026-01-12_G97,10110011SILVAO,2026-01-12,110371,1,6,0,143.0
10110011SILVAO_2026-01-12_G98,10110011SILVAO,2026-01-12,109643,1,10,0,90.0
10110011SILVAO_2026-01-12_G99,10110011SILVAO,2026-01-12,107830,1,14,0,131.0
10110011SILVAO_2026-01-12_G100,10110011SILVAO,2026-01-12,110373,2,62,24,802.0
10110011SILVAO_2026-01-13_G02,10110011SILVAO,2026-01-13,141066,1,6,0,202.0
10110011SILVAO_2026-01-13_G03,10110011SILVAO,2026-01-13,110733,1,20,0,198.0
10110011SILVAO_2026-01-13_G04,10110011SILVAO,2026-01-13,117855,1,16,0,128.0
10110011SILVAO_2026-01-13_G05,10110011SILVAO,2026-01-13,118094,1,10,0,163.0
10110011SILVAO_2026-01-13_G06,10110011SILVAO,2026-01-13,110753,1,3,0,93.0
10110011SILVAO_2026-01-13_G07,10110011SILVAO,2026-01-13,118298,1,8,0,111.0
10110011SILVAO_2026-01-13_G08,10110011SILVAO,2026-01-13,117856,1,30,0,444.0
10110011SILVAO_2026-01-13_G09,10110011SILVAO,2026-01-13,110313,1,10,0,283.0
10110011SILVAO_2026-01-13_G10,10110011SILVAO,2026-01-13,110756,1,3,0,108.0
10110011SILVAO_2026-01-13_G11,10110011SILVAO,2026-01-13,111530,1,60,0,603.0
10110011SILVAO_2026-01-13_G12,10110011SILVAO,2026-01-13,140923,1,40,0,310.0
10110011SILVAO_2026-01-13_G13,10110011SILVAO,2026-01-13,117808,1,204,0,678.0
10110011SILVAO_2026-01-13_G14,10110011SILVAO,2026-01-13,110372,1,140,0,2866.0
10110011SILVAO_2026-01-13_G15,10110011SILVAO,2026-01-13,117809,1,40,0,542.0
10110011SILVAO_2026-01-13_G16,10110011SILVAO,2026-01-13,110373,1,40,0,388.0
10110011SILVAO_2026-01-13_G17,10110011SILVAO,2026-01-13,110371,1,30,0,260.0
10110011SILVAO_2026-01-13_G18,10110011SILVAO,2026-01-13,110748,1,4,0,1519.0
10110011SILVAO_2026-01-13_G19,10110011SILVAO,2026-01-13,111743,1,16,0,115.0
10110011SILVAO_2026-01-13_G20,10110011SILVAO,2026-01-13,105705,1,8,0,155.0
10110011SILVAO_2026-01-13_G21,10110011SILVAO,2026-01-13,108795,1,8,0,87.0
10110011SILVAO_2026-01-13_G22,10110011SILVAO,2026-01-13,111348,1,3,0,51.0
10110011SILVAO_2026-01-13_G23,10110011SILVAO,2026-01-13,111532,1,10,0,172.0
10110011SILVAO_2026-01-13_G24,10110011SILVAO,2026-01-13,118140,1,40,0,322.0
10110011SILVAO_2026-01-13_G25,10110011SILVAO,2026-01-13,117831,1,30,0,252.0
10110011SILVAO_2026-01-13_G26,10110011SILVAO,2026-01-13,111462,1,15,0,94.0
10110011SILVAO_2026-01-13_G27,10110011SILVAO,2026-01-13,111418,1,50,0,390.0
10110011SILVAO_2026-01-13_G28,10110011SILVAO,2026-01-13,117821,1,7,0,63.0
10110011SILVAO_2026-01-13_G29,10110011SILVAO,2026-01-13,109645,1,4,0,77.0
10110011SILVAO_2026-01-13_G30,10110011SILVAO,2026-01-13,111466,1,14,0,86.0
10110011SILVAO_2026-01-13_G31,10110011SILVAO,2026-01-13,111468,1,6,0,65.0
10110011SILVAO_2026-01-13_G32,10110011SILVAO,2026-01-13,141271,1,14,0,986.0
10110011SILVAO_2026-01-13_G33,10110011SILVAO,2026-01-13,141823,1,14,0,257.0
10110011SILVAO_2026-01-13_G34,10110011SILVAO,2026-01-13,117785,1,14,0,111.0
10110011SILVAO_2026-01-13_G35,10110011SILVAO,2026-01-13,111463,1,15,0,100.0
10110011SILVAO_2026-01-13_G36,10110011SILVAO,2026-01-13,141458,1,30,0,276.0
10110011SILVAO_2026-01-13_G37,10110011SILVAO,2026-01-13,110745,1,12,0,75.0
10110011SILVAO_2026-01-13_G38,10110011SILVAO,2026-01-13,111469,1,30,0,316.0
10110011SILVAO_2026-01-13_G39,10110011SILVAO,2026-01-13,111444,1,6,0,63.0
10110011SILVAO_2026-01-13_G40,10110011SILVAO,2026-01-13,111431,1,3,0,59.0
10110011SILVAO_2026-01-13_G41,10110011SILVAO,2026-01-13,111465,1,7,0,83.0
10110011SILVAO_2026-01-13_G42,10110011SILVAO,2026-01-13,117787,1,4,0,50.0
10110011SILVAO_2026-01-13_G43,10110011SILVAO,2026-01-13,110740,1,12,0,85.0
10110011SILVAO_2026-01-13_G44,10110011SILVAO,2026-01-13,111330,1,6,0,99.0
10110011SILVAO_2026-01-13_G45,10110011SILVAO,2026-01-13,117855,1,4,0,3433.0
10110011SILVAO_2026-01-13_G46,10110011SILVAO,2026-01-13,140923,1,2,0,102.0
10110011SILVAO_2026-01-13_G47,10110011SILVAO,2026-01-13,111743,1,1,0,76.0
10110011SILVAO_2026-01-13_G48,10110011SILVAO,2026-01-13,105705,1,2,0,71.0
10110011SILVAO_2026-01-13_G49,10110011SILVAO,2026-01-13,111418,1,4,0,80.0
10110011SILVAO_2026-01-13_G50,10110011SILVAO,2026-01-13,140922,1,3,0,76.0
10110011SILVAO_2026-01-13_G51,10110011SILVAO,2026-01-13,117838,1,2,0,99.0
10110011SILVAO_2026-01-13_G52,10110011SILVAO,2026-01-13,117785,1,2,0,86.0
10110011SILVAO_2026-01-13_G53,10110011SILVAO,2026-01-13,108798,1,2,0,35.0
10110011SILVAO_2026-01-13_G54,10110011SILVAO,2026-01-13,111463,1,2,0,47.0
10110011SILVAO_2026-01-13_G55,10110011SILVAO,2026-01-13,111469,1,4,0,53.0
10110011SILVAO_2026-01-13_G56,10110011SILVAO,2026-01-13,111465,1,4,0,57.0
10110011SILVAO_2026-01-13_G57,10110011SILVAO,2026-01-13,110373,1,2,0,97.0
10110011SILVAO_2026-01-13_G58,10110011SILVAO,2026-01-13,110375,1,2,0,106.0
10110011SILVAO_2026-01-13_G59,10110011SILVAO,2026-01-13,110895,1,2,0,375.0
10110011SILVAO_2026-01-13_G60,10110011SILVAO,2026-01-13,141066,1,2,0,233.0
10110011SILVAO_2026-01-13_G61,10110011SILVAO,2026-01-13,110733,1,2,0,50.0
10110011SILVAO_2026-01-13_G62,10110011SILVAO,2026-01-13,117855,1,2,0,40.0
10110011SILVAO_2026-01-13_G63,10110011SILVAO,2026-01-13,"110753, 140923",2,3,29,84.0
10110011SILVAO_2026-01-13_G64,10110011SILVAO,2026-01-13,117856,1,8,0,95.0
10110011SILVAO_2026-01-13_G65,10110011SILVAO,2026-01-13,111743,1,2,0,105.0
10110011SILVAO_2026-01-13_G66,10110011SILVAO,2026-01-13,105705,1,2,0,81.0
10110011SILVAO_2026-01-13_G67,10110011SILVAO,2026-01-13,"108795, 108794",2,5,30,49.0
10110011SILVAO_2026-01-13_G68,10110011SILVAO,2026-01-13,117831,1,3,0,49.0
10110011SILVAO_2026-01-13_G69,10110011SILVAO,2026-01-13,111418,1,2,0,65.0
10110011SILVAO_2026-01-13_G70,10110011SILVAO,2026-01-13,117838,1,2,0,143.0
10110011SILVAO_2026-01-13_G71,10110011SILVAO,2026-01-13,117785,1,4,0,145.0
10110011SILVAO_2026-01-13_G72,10110011SILVAO,2026-01-13,108798,1,4,0,60.0
10110011SILVAO_2026-01-13_G73,10110011SILVAO,2026-01-13,111463,1,4,0,94.0
10110011SILVAO_2026-01-13_G74,10110011SILVAO,2026-01-13,111465,1,2,0,78.0
10110011SILVAO_2026-01-13_G75,10110011SILVAO,2026-01-13,110372,1,8,0,283.0
10110011SILVAO_2026-01-13_G76,10110011SILVAO,2026-01-13,110373,1,2,0,37.0
10110011SILVAO_2026-01-13_G77,10110011SILVAO,2026-01-13,141202,1,1,0,382.0
10110011SILVAO_2026-01-13_G78,10110011SILVAO,2026-01-13,117830,1,2,0,152.0
10110011SILVAO_2026-01-13_G80,10110011SILVAO,2026-01-13,141066,1,1,0,153.0
10110011SILVAO_2026-01-13_G81,10110011SILVAO,2026-01-13,117855,1,2,0,100.0
10110011SILVAO_2026-01-13_G82,10110011SILVAO,2026-01-13,117837,1,4,0,76.0
10110011SILVAO_2026-01-13_G83,10110011SILVAO,2026-01-13,140923,1,2,0,74.0
10110011SILVAO_2026-01-13_G84,10110011SILVAO,2026-01-13,141047,1,2,0,81.0
10110011SILVAO_2026-01-13_G85,10110011SILVAO,2026-01-13,117861,1,2,0,40.0
10110011SILVAO_2026-01-13_G86,10110011SILVAO,2026-01-13,117856,1,1,0,46.0
10110011SILVAO_2026-01-13_G87,10110011SILVAO,2026-01-13,111743,1,2,0,82.0
10110011SILVAO_2026-01-13_G88,10110011SILVAO,2026-01-13,108795,1,2,0,72.0
10110011SILVAO_2026-01-13_G89,10110011SILVAO,2026-01-13,111532,1,8,0,72.0
10110011SILVAO_2026-01-13_G90,10110011SILVAO,2026-01-13,111418,1,2,0,52.0
10110011SILVAO_2026-01-13_G91,10110011SILVAO,2026-01-13,117785,1,8,0,128.0
10110011SILVAO_2026-01-13_G92,10110011SILVAO,2026-01-13,117787,1,2,0,85.0
10110011SILVAO_2026-01-13_G93,10110011SILVAO,2026-01-13,117809,1,4,0,222.0
10110011SILVAO_2026-01-13_G94,10110011SILVAO,2026-01-13,110373,1,2,0,68.0
10110011SILVAO_2026-01-13_G95,10110011SILVAO,2026-01-13,111569,1,2,0,335.0
10110011SILVAO_2026-01-13_G96,10110011SILVAO,2026-01-13,117855,1,4,0,76.0
10110011SILVAO_2026-01-13_G97,10110011SILVAO,2026-01-13,140923,1,4,0,85.0
10110011SILVAO_2026-01-13_G98,10110011SILVAO,2026-01-13,110313,1,1,0,56.0
10110011SILVAO_2026-01-13_G99,10110011SILVAO,2026-01-13,111532,1,2,0,67.0
10110011SILVAO_2026-01-13_G100,10110011SILVAO,2026-01-13,117831,1,6,0,47.0
10110011SILVAO_2026-01-13_G101,10110011SILVAO,2026-01-13,140922,1,3,0,42.0
10110011SILVAO_2026-01-13_G102,10110011SILVAO,2026-01-13,110740,1,4,0,94.0
10110011SILVAO_2026-01-13_G103,10110011SILVAO,2026-01-13,117809,1,4,0,114.0
10110011SILVAO_2026-01-13_G104,10110011SILVAO,2026-01-13,117830,1,1,0,90.0
10110011SILVAO_2026-01-14_G02,10110011SILVAO,2026-01-14,117808,1,569,0,1280.0
10110011SILVAO_2026-01-14_G03,10110011SILVAO,2026-01-14,111465,1,18,0,1670.0
10110011SILVAO_2026-01-14_G04,10110011SILVAO,2026-01-14,111466,1,781,0,519.0
10110011SILVAO_2026-01-14_G05,10110011SILVAO,2026-01-14,110755,1,4,0,1264.0
10110011SILVAO_2026-01-14_G06,10110011SILVAO,2026-01-14,117862,1,12,0,156.0
10110011SILVAO_2026-01-14_G07,10110011SILVAO,2026-01-14,111530,1,10,0,169.0
10110011SILVAO_2026-01-14_G08,10110011SILVAO,2026-01-14,117862,1,5,0,117.0
10110011SILVAO_2026-01-14_G09,10110011SILVAO,2026-01-14,118299,1,33,0,300.0
10110011SILVAO_2026-01-14_G10,10110011SILVAO,2026-01-14,117785,1,6,0,188.0
10110011SILVAO_2026-01-14_G11,10110011SILVAO,2026-01-14,110747,1,4,0,95.0
10110011SILVAO_2026-01-14_G12,10110011SILVAO,2026-01-14,110371,1,4,0,102.0
10110011SILVAO_2026-01-14_G13,10110011SILVAO,2026-01-14,117808,1,73,0,442.0
10110011SILVAO_2026-01-14_G14,10110011SILVAO,2026-01-14,111418,1,32,0,331.0
10110011SILVAO_2026-01-14_G15,10110011SILVAO,2026-01-14,111438,1,35,0,691.0
10110011SILVAO_2026-01-14_G16,10110011SILVAO,2026-01-14,117855,1,84,0,2319.0
10110011SILVAO_2026-01-14_G17,10110011SILVAO,2026-01-14,109643,1,15,0,150.0
10110011SILVAO_2026-01-14_G18,10110011SILVAO,2026-01-14,142045,1,6,0,605.0
10110011SILVAO_2026-01-14_G19,10110011SILVAO,2026-01-14,111438,1,26,0,388.0
10110011SILVAO_2026-01-14_G20,10110011SILVAO,2026-01-14,111438,1,20,0,255.0
10110011SILVAO_2026-01-14_G21,10110011SILVAO,2026-01-14,111438,1,4,0,65.0
10110011SILVAO_2026-01-14_G22,10110011SILVAO,2026-01-14,110742,1,4,0,194.0
10110011SILVAO_2026-01-14_G23,10110011SILVAO,2026-01-14,110747,1,6,0,97.0
10110011SILVAO_2026-01-14_G24,10110011SILVAO,2026-01-14,110129,1,16,0,412.0
10110011SILVAO_2026-01-14_G25,10110011SILVAO,2026-01-14,111743,1,8,0,126.0
10110011SILVAO_2026-01-14_G26,10110011SILVAO,2026-01-14,108794,1,10,0,100.0
10110011SILVAO_2026-01-14_G27,10110011SILVAO,2026-01-14,118140,1,30,0,207.0
10110011SILVAO_2026-01-14_G28,10110011SILVAO,2026-01-14,111418,1,20,0,126.0
10110011SILVAO_2026-01-14_G29,10110011SILVAO,2026-01-14,140922,1,12,0,409.0
10110011SILVAO_2026-01-14_G30,10110011SILVAO,2026-01-14,111468,1,4,0,107.0
10110011SILVAO_2026-01-14_G31,10110011SILVAO,2026-01-14,109641,1,12,0,137.0
10110011SILVAO_2026-01-14_G32,10110011SILVAO,2026-01-14,141823,1,8,0,75.0
10110011SILVAO_2026-01-14_G33,10110011SILVAO,2026-01-14,141458,1,4,0,100.0
10110011SILVAO_2026-01-14_G34,10110011SILVAO,2026-01-14,110745,1,2,0,34.0
10110011SILVAO_2026-01-14_G35,10110011SILVAO,2026-01-14,111469,1,10,0,54.0
10110011SILVAO_2026-01-14_G36,10110011SILVAO,2026-01-14,111431,1,6,0,82.0
10110011SILVAO_2026-01-14_G37,10110011SILVAO,2026-01-14,117834,1,4,0,1322.0
10110011SILVAO_2026-01-14_G38,10110011SILVAO,2026-01-14,111530,1,2,0,74.0
10110011SILVAO_2026-01-14_G39,10110011SILVAO,2026-01-14,109647,1,4,0,92.0
10110011SILVAO_2026-01-14_G40,10110011SILVAO,2026-01-14,111446,1,8,0,175.0
10110011SILVAO_2026-01-14_G41,10110011SILVAO,2026-01-14,"140922, 117821",2,10,30,84.0
10110011SILVAO_2026-01-14_G42,10110011SILVAO,2026-01-14,111466,1,4,0,70.0
10110011SILVAO_2026-01-14_G43,10110011SILVAO,2026-01-14,111466,1,15,0,62.0
10110011SILVAO_2026-01-14_G44,10110011SILVAO,2026-01-14,111443,1,2,0,141.0
10110011SILVAO_2026-01-14_G45,10110011SILVAO,2026-01-14,111463,1,2,0,54.0
10110011SILVAO_2026-01-14_G46,10110011SILVAO,2026-01-14,111330,1,8,0,98.0
10110011SILVAO_2026-01-14_G47,10110011SILVAO,2026-01-14,117820,1,12,0,159.0
10110011SILVAO_2026-01-14_G48,10110011SILVAO,2026-01-14,117808,1,4,0,49.0
10110011SILVAO_2026-01-14_G50,10110011SILVAO,2026-01-14,141916,1,2,0,166.0
10110011SILVAO_2026-01-14_G51,10110011SILVAO,2026-01-14,141066,1,1,0,225.0
10110011SILVAO_2026-01-14_G52,10110011SILVAO,2026-01-14,110733,1,2,0,84.0
10110011SILVAO_2026-01-14_G53,10110011SILVAO,2026-01-14,117862,1,4,0,77.0
10110011SILVAO_2026-01-14_G54,10110011SILVAO,2026-01-14,140923,1,2,0,52.0
10110011SILVAO_2026-01-14_G55,10110011SILVAO,2026-01-14,110313,1,1,0,37.0
10110011SILVAO_2026-01-14_G56,10110011SILVAO,2026-01-14,111743,1,2,0,118.0
10110011SILVAO_2026-01-14_G57,10110011SILVAO,2026-01-14,108795,1,1,0,73.0
10110011SILVAO_2026-01-14_G58,10110011SILVAO,2026-01-14,118140,1,2,0,43.0
10110011SILVAO_2026-01-14_G59,10110011SILVAO,2026-01-14,117831,1,2,0,43.0
10110011SILVAO_2026-01-14_G60,10110011SILVAO,2026-01-14,140922,1,1,0,36.0
10110011SILVAO_2026-01-14_G61,10110011SILVAO,2026-01-14,117838,1,4,0,242.0
10110011SILVAO_2026-01-14_G62,10110011SILVAO,2026-01-14,141458,1,4,0,81.0
10110011SILVAO_2026-01-14_G63,10110011SILVAO,2026-01-14,117809,1,2,0,338.0
10110011SILVAO_2026-01-14_G64,10110011SILVAO,2026-01-14,109648,1,2,0,43.0
10110011SILVAO_2026-01-14_G65,10110011SILVAO,2026-01-14,118299,1,14,0,78.0
10110011SILVAO_2026-01-14_G66,10110011SILVAO,2026-01-14,117820,1,8,0,736.0
10110011SILVAO_2026-01-14_G67,10110011SILVAO,2026-01-14,117830,1,2,0,100.0
10110011SILVAO_2026-01-14_G68,10110011SILVAO,2026-01-14,110733,1,2,0,877.0
10110011SILVAO_2026-01-14_G69,10110011SILVAO,2026-01-14,117862,1,1,0,60.0
10110011SILVAO_2026-01-14_G70,10110011SILVAO,2026-01-14,140923,1,4,0,43.0
10110011SILVAO_2026-01-14_G71,10110011SILVAO,2026-01-14,110313,1,4,0,47.0
10110011SILVAO_2026-01-14_G72,10110011SILVAO,2026-01-14,117856,1,2,0,67.0
10110011SILVAO_2026-01-14_G73,10110011SILVAO,2026-01-14,111743,1,2,0,125.0
10110011SILVAO_2026-01-14_G74,10110011SILVAO,2026-01-14,111418,1,4,0,59.0
10110011SILVAO_2026-01-14_G75,10110011SILVAO,2026-01-14,111532,1,4,0,117.0
10110011SILVAO_2026-01-14_G76,10110011SILVAO,2026-01-14,117820,1,8,0,60.0
10110011SILVAO_2026-01-14_G77,10110011SILVAO,2026-01-14,109643,1,2,0,80.0
10110011SILVAO_2026-01-14_G78,10110011SILVAO,2026-01-14,117830,1,4,0,80.0
10110011SILVAO_2026-01-15_G02,10110011SILVAO,2026-01-15,117785,1,272,0,628.0
10110011SILVAO_2026-01-15_G03,10110011SILVAO,2026-01-15,140922,1,142,0,1125.0
10110011SILVAO_2026-01-15_G04,10110011SILVAO,2026-01-15,111743,1,34,0,682.0
10110011SILVAO_2026-01-15_G05,10110011SILVAO,2026-01-15,108795,1,20,0,180.0
10110011SILVAO_2026-01-15_G06,10110011SILVAO,2026-01-15,108794,1,8,0,74.0
10110011SILVAO_2026-01-15_G07,10110011SILVAO,2026-01-15,111462,1,40,0,2027.0
10110011SILVAO_2026-01-15_G08,10110011SILVAO,2026-01-15,111462,1,27,0,161.0
10110011SILVAO_2026-01-15_G09,10110011SILVAO,2026-01-15,111418,1,65,0,264.0
10110011SILVAO_2026-01-15_G10,10110011SILVAO,2026-01-15,111466,1,50,0,408.0
10110011SILVAO_2026-01-15_G11,10110011SILVAO,2026-01-15,"141458, 111469",2,90,10,441.0
10110011SILVAO_2026-01-15_G12,10110011SILVAO,2026-01-15,117785,1,40,0,325.0
10110011SILVAO_2026-01-15_G13,10110011SILVAO,2026-01-15,111463,1,60,0,515.0
10110011SILVAO_2026-01-15_G14,10110011SILVAO,2026-01-15,111433,1,93,0,2034.0
10110011SILVAO_2026-01-15_G15,10110011SILVAO,2026-01-15,108770,1,60,0,1130.0
10110011SILVAO_2026-01-15_G16,10110011SILVAO,2026-01-15,111436,1,35,0,388.0
10110011SILVAO_2026-01-15_G17,10110011SILVAO,2026-01-15,110313,1,61,0,409.0
10110011SILVAO_2026-01-15_G18,10110011SILVAO,2026-01-15,110339,1,140,0,1144.0
10110011SILVAO_2026-01-15_G19,10110011SILVAO,2026-01-15,117854,1,34,0,322.0
10110011SILVAO_2026-01-15_G20,10110011SILVAO,2026-01-15,111446,1,87,0,742.0
10110011SILVAO_2026-01-15_G21,10110011SILVAO,2026-01-15,111441,1,8,0,1094.0
10110011SILVAO_2026-01-15_G22,10110011SILVAO,2026-01-15,107888,1,4,0,229.0
10110011SILVAO_2026-01-15_G23,10110011SILVAO,2026-01-15,142045,1,20,0,311.0
10110011SILVAO_2026-01-15_G24,10110011SILVAO,2026-01-15,118306,1,8,0,158.0
10110011SILVAO_2026-01-15_G25,10110011SILVAO,2026-01-15,110895,1,11,0,265.0
10110011SILVAO_2026-01-15_G26,10110011SILVAO,2026-01-15,110747,1,4,0,88.0
10110011SILVAO_2026-01-15_G27,10110011SILVAO,2026-01-15,111437,1,2,0,64.0
10110011SILVAO_2026-01-15_G28,10110011SILVAO,2026-01-15,110754,1,6,0,106.0
10110011SILVAO_2026-01-15_G29,10110011SILVAO,2026-01-15,105705,1,16,0,164.0
10110011SILVAO_2026-01-15_G30,10110011SILVAO,2026-01-15,140922,1,38,0,322.0
10110011SILVAO_2026-01-15_G31,10110011SILVAO,2026-01-15,117831,1,9,0,77.0
10110011SILVAO_2026-01-15_G32,10110011SILVAO,2026-01-15,111462,1,32,0,122.0
10110011SILVAO_2026-01-15_G33,10110011SILVAO,2026-01-15,110751,1,12,0,113.0
10110011SILVAO_2026-01-15_G34,10110011SILVAO,2026-01-15,117821,1,9,0,267.0
10110011SILVAO_2026-01-15_G35,10110011SILVAO,2026-01-15,117841,1,5,0,80.0
10110011SILVAO_2026-01-15_G36,10110011SILVAO,2026-01-15,111466,1,41,0,233.0
10110011SILVAO_2026-01-15_G37,10110011SILVAO,2026-01-15,111468,1,9,0,125.0
10110011SILVAO_2026-01-15_G38,10110011SILVAO,2026-01-15,117838,1,6,0,53.0
10110011SILVAO_2026-01-15_G39,10110011SILVAO,2026-01-15,111172,1,2,0,52.0
10110011SILVAO_2026-01-15_G40,10110011SILVAO,2026-01-15,109641,1,4,0,81.0
10110011SILVAO_2026-01-15_G41,10110011SILVAO,2026-01-15,117833,1,3,0,76.0
10110011SILVAO_2026-01-15_G42,10110011SILVAO,2026-01-15,111469,1,16,0,163.0
10110011SILVAO_2026-01-15_G43,10110011SILVAO,2026-01-15,110740,1,32,0,228.0
10110011SILVAO_2026-01-15_G44,10110011SILVAO,2026-01-15,141456,1,3,0,114.0
10110011SILVAO_2026-01-15_G45,10110011SILVAO,2026-01-15,141458,1,32,0,208.0
10110011SILVAO_2026-01-15_G46,10110011SILVAO,2026-01-15,110745,1,22,0,151.0
10110011SILVAO_2026-01-15_G47,10110011SILVAO,2026-01-15,111418,1,95,0,271.0
10110011SILVAO_2026-01-15_G49,10110011SILVAO,2026-01-15,110623,1,12,0,223.0
10110011SILVAO_2026-01-15_G50,10110011SILVAO,2026-01-15,117862,1,100,0,630.0
10110011SILVAO_2026-01-15_G51,10110011SILVAO,2026-01-15,117862,1,50,0,257.0
10110011SILVAO_2026-01-15_G52,10110011SILVAO,2026-01-15,111530,1,2,0,158.0
10110011SILVAO_2026-01-15_G53,10110011SILVAO,2026-01-15,111530,1,50,0,632.0
10110011SILVAO_2026-01-15_G54,10110011SILVAO,2026-01-15,117855,1,40,0,216.0
10110011SILVAO_2026-01-16_G02,10110011SILVAO,2026-01-16,110740,1,140,0,767.0
10110011SILVAO_2026-01-16_G03,10110011SILVAO,2026-01-16,110372,1,400,0,1657.0
10110011SILVAO_2026-01-16_G04,10110011SILVAO,2026-01-16,117820,1,85,0,330.0
10110011SILVAO_2026-01-16_G05,10110011SILVAO,2026-01-16,111112,1,1,0,1334.0
10110011SILVAO_2026-01-16_G06,10110011SILVAO,2026-01-16,118306,1,10,0,325.0
10110011SILVAO_2026-01-16_G07,10110011SILVAO,2026-01-16,115821,1,2,0,97.0
10110011SILVAO_2026-01-16_G08,10110011SILVAO,2026-01-16,114650,1,8,0,168.0
10110011SILVAO_2026-01-16_G09,10110011SILVAO,2026-01-16,118253,1,16,0,423.0
10110011SILVAO_2026-01-16_G10,10110011SILVAO,2026-01-16,111356,1,4,0,132.0
10110011SILVAO_2026-01-16_G11,10110011SILVAO,2026-01-16,116527,1,5,0,183.0
10110011SILVAO_2026-01-16_G12,10110011SILVAO,2026-01-16,111793,1,9,0,189.0
10110011SILVAO_2026-01-16_G13,10110011SILVAO,2026-01-16,118290,1,28,0,368.0
10110011SILVAO_2026-01-16_G14,10110011SILVAO,2026-01-16,141318,1,8,0,362.0
10110011SILVAO_2026-01-16_G15,10110011SILVAO,2026-01-16,140911,1,35,0,201.0
10110011SILVAO_2026-01-16_G16,10110011SILVAO,2026-01-16,111851,1,7,0,108.0
10110011SILVAO_2026-01-16_G17,10110011SILVAO,2026-01-16,141313,1,5,0,96.0
10110011SILVAO_2026-01-16_G18,10110011SILVAO,2026-01-16,141249,1,16,0,316.0
10110011SILVAO_2026-01-16_G19,10110011SILVAO,2026-01-16,111743,1,60,0,1180.0
10110011SILVAO_2026-01-16_G20,10110011SILVAO,2026-01-16,111446,1,2,0,85.0
10110011SILVAO_2026-01-16_G21,10110011SILVAO,2026-01-16,108795,1,13,0,126.0
10110011SILVAO_2026-01-16_G22,10110011SILVAO,2026-01-16,108794,1,24,0,162.0
10110011SILVAO_2026-01-16_G23,10110011SILVAO,2026-01-16,117841,1,8,0,204.0
10110011SILVAO_2026-01-16_G24,10110011SILVAO,2026-01-16,117838,1,21,0,293.0
10110011SILVAO_2026-01-16_G25,10110011SILVAO,2026-01-16,141271,1,22,0,225.0
10110011SILVAO_2026-01-16_G26,10110011SILVAO,2026-01-16,115209,1,12,0,283.0
10110011SILVAO_2026-01-16_G27,10110011SILVAO,2026-01-16,117833,1,60,0,655.0
10110011SILVAO_2026-01-16_G28,10110011SILVAO,2026-01-16,115817,1,16,0,237.0
10110011SILVAO_2026-01-16_G29,10110011SILVAO,2026-01-16,117785,1,100,0,106.0
10110011SILVAO_2026-01-16_G30,10110011SILVAO,2026-01-16,142045,1,12,0,2400.0
10110011SILVAO_2026-01-16_G31,10110011SILVAO,2026-01-16,111438,1,17,0,286.0
10110011SILVAO_2026-01-16_G32,10110011SILVAO,2026-01-16,118306,1,2,0,67.0
10110011SILVAO_2026-01-16_G33,10110011SILVAO,2026-01-16,110747,1,12,0,142.0
10110011SILVAO_2026-01-16_G34,10110011SILVAO,2026-01-16,141916,1,4,0,92.0
10110011SILVAO_2026-01-16_G35,10110011SILVAO,2026-01-16,110755,2,22,30,655.0
10110011SILVAO_2026-01-16_G36,10110011SILVAO,2026-01-16,111743,1,3,0,180.0
10110011SILVAO_2026-01-16_G37,10110011SILVAO,2026-01-16,111462,1,16,0,277.0
10110011SILVAO_2026-01-16_G38,10110011SILVAO,2026-01-16,110751,1,8,0,99.0
10110011SILVAO_2026-01-16_G39,10110011SILVAO,2026-01-16,117821,1,5,0,50.0
10110011SILVAO_2026-01-16_G40,10110011SILVAO,2026-01-16,116241,1,6,0,113.0
10110011SILVAO_2026-01-16_G41,10110011SILVAO,2026-01-16,111466,1,2,0,59.0
10110011SILVAO_2026-01-16_G42,10110011SILVAO,2026-01-16,111468,1,3,0,39.0
10110011SILVAO_2026-01-16_G43,10110011SILVAO,2026-01-16,111532,1,9,0,106.0
10110011SILVAO_2026-01-16_G44,10110011SILVAO,2026-01-16,109641,1,2,0,102.0
10110011SILVAO_2026-01-16_G45,10110011SILVAO,2026-01-16,141823,1,8,0,60.0
10110011SILVAO_2026-01-16_G46,10110011SILVAO,2026-01-16,111418,1,80,0,286.0
10110011SILVAO_2026-01-16_G47,10110011SILVAO,2026-01-16,"111463, 111469",2,13,30,1076.0
10110011SILVAO_2026-01-16_G48,10110011SILVAO,2026-01-16,110740,2,32,5,344.0
10110011SILVAO_2026-01-16_G49,10110011SILVAO,2026-01-16,105705,1,10,0,386.0
10110011SILVAO_2026-01-16_G50,10110011SILVAO,2026-01-16,160057,1,10,0,210.0
10110011SILVAO_2026-01-16_G51,10110011SILVAO,2026-01-16,117837,1,8,0,200.0
10110011SILVAO_2026-01-16_G52,10110011SILVAO,2026-01-16,111530,1,8,0,104.0
10110011SILVAO_2026-01-16_G53,10110011SILVAO,2026-01-16,111443,1,8,0,152.0
10110011SILVAO_2026-01-16_G54,10110011SILVAO,2026-01-16,111467,1,6,0,213.0
10110011SILVAO_2026-01-16_G55,10110011SILVAO,2026-01-16,117862,1,20,0,146.0
10110011SILVAO_2026-01-16_G56,10110011SILVAO,2026-01-16,110339,1,8,0,166.0
10110011SILVAO_2026-01-16_G57,10110011SILVAO,2026-01-16,117855,1,6,0,79.0
10110011SILVAO_2026-01-16_G58,10110011SILVAO,2026-01-16,110755,1,20,0,122.0
10110011SILVAO_2026-01-16_G59,10110011SILVAO,2026-01-16,109645,1,10,0,259.0
10110011SILVAO_2026-01-16_G60,10110011SILVAO,2026-01-16,117838,1,4,0,113.0
10110011SILVAO_2026-01-16_G61,10110011SILVAO,2026-01-16,111418,1,20,0,142.0
10110011SILVAO_2026-01-16_G62,10110011SILVAO,2026-01-16,117785,1,30,0,237.0
10110011SILVAO_2026-01-16_G63,10110011SILVAO,2026-01-16,118299,1,20,0,167.0
10110011SILVAO_2026-01-16_G64,10110011SILVAO,2026-01-16,117820,1,40,0,416.0
10110011SILVAO_2026-01-16_G65,10110011SILVAO,2026-01-16,117808,1,40,0,182.0
10110011SILVAO_2026-01-16_G66,10110011SILVAO,2026-01-16,110373,1,30,0,221.0
10110011SILVAO_2026-01-16_G67,10110011SILVAO,2026-01-16,117830,1,20,0,214.0
10110011SILVAO_2026-01-16_G68,10110011SILVAO,2026-01-16,110372,1,15,0,361.0
10110011SILVAO_2026-01-16_G69,10110011SILVAO,2026-01-16,117808,1,2,0,89.0
10110011SILVAO_2026-01-16_G70,10110011SILVAO,2026-01-16,141202,1,6,0,63.0
10110011SILVAO_2026-01-16_G71,10110011SILVAO,2026-01-16,110371,1,8,0,71.0
10110011SILVAO_2026-01-16_G72,10110011SILVAO,2026-01-16,110373,1,14,0,117.0
10110011SILVAO_2026-01-16_G73,10110011SILVAO,2026-01-16,142045,1,16,0,262.0
10110011SILVAO_2026-01-16_G74,10110011SILVAO,2026-01-16,111430,1,2,0,74.0
10110011SILVAO_2026-01-16_G75,10110011SILVAO,2026-01-16,118306,1,2,0,51.0
10110011SILVAO_2026-01-16_G76,10110011SILVAO,2026-01-16,110895,1,1,0,45.0
10110011SILVAO_2026-01-16_G77,10110011SILVAO,2026-01-16,111569,1,4,0,114.0
10110011SILVAO_2026-01-16_G78,10110011SILVAO,2026-01-16,116527,1,2,0,56.0
10110011SILVAO_2026-01-16_G79,10110011SILVAO,2026-01-16,110747,1,2,0,43.0
10110011SILVAO_2026-01-16_G80,10110011SILVAO,2026-01-16,141318,1,2,0,80.0
10110011SILVAO_2026-01-16_G81,10110011SILVAO,2026-01-16,100334,1,1,0,82.0
10110011SILVAO_2026-01-16_G82,10110011SILVAO,2026-01-16,110754,1,2,0,314.0
10110011SILVAO_2026-01-16_G83,10110011SILVAO,2026-01-16,117837,1,2,0,198.0
10110011SILVAO_2026-01-16_G84,10110011SILVAO,2026-01-16,117862,1,9,0,113.0
10110011SILVAO_2026-01-16_G85,10110011SILVAO,2026-01-16,140923,1,5,0,51.0
10110011SILVAO_2026-01-16_G86,10110011SILVAO,2026-01-16,117861,1,4,0,67.0
10110011SILVAO_2026-01-16_G87,10110011SILVAO,2026-01-16,117856,1,1,0,38.0
10110011SILVAO_2026-01-16_G88,10110011SILVAO,2026-01-16,117853,1,2,0,67.0
10110011SILVAO_2026-01-16_G89,10110011SILVAO,2026-01-16,117855,1,2,0,51.0
10110011SILVAO_2026-01-16_G90,10110011SILVAO,2026-01-16,117854,1,2,0,82.0
10110011SILVAO_2026-01-16_G91,10110011SILVAO,2026-01-16,"140922, 111462",2,4,26,96.0
10110011SILVAO_2026-01-16_G92,10110011SILVAO,2026-01-16,117821,1,10,0,64.0
10110011SILVAO_2026-01-16_G93,10110011SILVAO,2026-01-16,111182,1,2,0,75.0
10110011SILVAO_2026-01-16_G94,10110011SILVAO,2026-01-16,109645,1,3,0,40.0
10110011SILVAO_2026-01-16_G95,10110011SILVAO,2026-01-16,111466,1,3,0,111.0
10110011SILVAO_2026-01-16_G96,10110011SILVAO,2026-01-16,111532,1,2,0,32.0
10110011SILVAO_2026-01-16_G97,10110011SILVAO,2026-01-16,141271,1,1,0,78.0
10110011SILVAO_2026-01-16_G98,10110011SILVAO,2026-01-16,111172,1,3,0,36.0
10110011SILVAO_2026-01-16_G99,10110011SILVAO,2026-01-16,109641,1,3,0,163.0
10110011SILVAO_2026-01-16_G100,10110011SILVAO,2026-01-16,111418,1,7,0,49.0
10110011SILVAO_2026-01-16_G101,10110011SILVAO,2026-01-16,110745,1,2,0,72.0
10110011SILVAO_2026-01-16_G102,10110011SILVAO,2026-01-16,111469,1,6,0,172.0
10110011SILVAO_2026-01-16_G103,10110011SILVAO,2026-01-16,110740,1,4,0,83.0
10110011SILVAO_2026-01-16_G104,10110011SILVAO,2026-01-16,118140,1,4,0,68.0
10110011SILVAO_2026-01-16_G105,10110011SILVAO,2026-01-16,117809,1,3,0,114.0
10110011SILVAO_2026-01-16_G106,10110011SILVAO,2026-01-16,118299,1,2,0,41.0
10110011SILVAO_2026-01-17_G02,10110011SILVAO,2026-01-17,110746,1,20,0,352.0
10110011SILVAO_2026-01-17_G03,10110011SILVAO,2026-01-17,111441,1,6,0,89.0
10110011SILVAO_2026-01-17_G04,10110011SILVAO,2026-01-17,117789,1,2,0,123.0
10110011SILVAO_2026-01-17_G05,10110011SILVAO,2026-01-17,111430,1,72,0,1334.0
10110011SILVAO_2026-01-17_G06,10110011SILVAO,2026-01-17,111438,1,50,0,308.0
10110011SILVAO_2026-01-17_G07,10110011SILVAO,2026-01-17,111441,1,20,0,408.0
10110011SILVAO_2026-01-17_G08,10110011SILVAO,2026-01-17,142045,1,35,0,623.0
10110011SILVAO_2026-01-17_G09,10110011SILVAO,2026-01-17,111430,1,227,0,795.0
10110011SILVAO_2026-01-17_G10,10110011SILVAO,2026-01-17,118094,1,31,0,1285.0
10110011SILVAO_2026-01-17_G11,10110011SILVAO,2026-01-17,108361,1,29,0,358.0
10110011SILVAO_2026-01-17_G12,10110011SILVAO,2026-01-17,110063,1,50,0,723.0
10110011SILVAO_2026-01-17_G13,10110011SILVAO,2026-01-17,111467,1,50,0,491.0
10110011SILVAO_2026-01-17_G14,10110011SILVAO,2026-01-17,107830,1,150,0,640.0
10110011SILVAO_2026-01-17_G15,10110011SILVAO,2026-01-17,111441,2,8,27,1536.0
10110011SILVAO_2026-01-17_G16,10110011SILVAO,2026-01-17,111438,1,13,0,169.0
10110011SILVAO_2026-01-17_G17,10110011SILVAO,2026-01-17,110747,1,6,0,140.0
10110011SILVAO_2026-01-17_G18,10110011SILVAO,2026-01-17,"118229, 100334",2,8,19,255.0
10110011SILVAO_2026-01-17_G19,10110011SILVAO,2026-01-17,110755,1,10,0,192.0
10110011SILVAO_2026-01-17_G20,10110011SILVAO,2026-01-17,140923,1,9,0,166.0
10110011SILVAO_2026-01-17_G21,10110011SILVAO,2026-01-17,109647,1,4,0,134.0
10110011SILVAO_2026-01-17_G22,10110011SILVAO,2026-01-17,117854,1,6,0,117.0
10110011SILVAO_2026-01-17_G23,10110011SILVAO,2026-01-17,"110373, 160051",2,26,21,329.0
10110011SILVAO_2026-01-17_G24,10110011SILVAO,2026-01-17,117808,1,35,0,307.0
10110011SILVAO_2026-01-17_G25,10110011SILVAO,2026-01-17,108794,1,4,0,257.0
10110011SILVAO_2026-01-17_G26,10110011SILVAO,2026-01-17,111462,1,8,0,97.0
10110011SILVAO_2026-01-17_G27,10110011SILVAO,2026-01-17,111532,1,11,0,126.0
10110011SILVAO_2026-01-17_G28,10110011SILVAO,2026-01-17,109641,1,9,0,148.0
10110011SILVAO_2026-01-17_G29,10110011SILVAO,2026-01-17,141823,1,2,0,38.0
10110011SILVAO_2026-01-17_G30,10110011SILVAO,2026-01-17,111463,1,3,0,84.0
10110011SILVAO_2026-01-17_G31,10110011SILVAO,2026-01-17,111465,2,8,24,70.0
10110011SILVAO_2026-01-17_G32,10110011SILVAO,2026-01-17,110740,1,6,0,54.0
10110011SILVAO_2026-01-17_G33,10110011SILVAO,2026-01-17,117785,1,9,0,95.0
10110011SILVAO_2026-01-17_G34,10110011SILVAO,2026-01-17,117830,1,2,0,144.0
10110011SILVAO_2026-01-17_G35,10110011SILVAO,2026-01-17,117808,1,26,0,180.0
10110011SILVAO_2026-01-20_G02,10110011SILVAO,2026-01-20,111602,2,5,21,35.0
10110011SILVAO_2026-01-20_G03,10110011SILVAO,2026-01-20,111466,1,16,0,136.0
10110011SILVAO_2026-01-20_G04,10110011SILVAO,2026-01-20,111466,1,3,0,33.0
10110011SILVAO_2026-01-20_G05,10110011SILVAO,2026-01-20,111466,1,7,0,50.0
10110011SILVAO_2026-01-20_G06,10110011SILVAO,2026-01-20,141457,2,6,26,98.0
10110011SILVAO_2026-01-20_G07,10110011SILVAO,2026-01-20,111469,1,8,0,161.0
10110011SILVAO_2026-01-20_G08,10110011SILVAO,2026-01-20,111743,1,10,0,673.0
10110011SILVAO_2026-01-20_G09,10110011SILVAO,2026-01-20,108795,1,6,0,128.0
10110011SILVAO_2026-01-20_G10,10110011SILVAO,2026-01-20,117831,1,20,0,120.0
10110011SILVAO_2026-01-20_G11,10110011SILVAO,2026-01-20,111462,1,20,0,139.0
10110011SILVAO_2026-01-20_G12,10110011SILVAO,2026-01-20,110751,1,2,0,56.0
10110011SILVAO_2026-01-20_G13,10110011SILVAO,2026-01-20,117821,1,10,0,72.0
10110011SILVAO_2026-01-20_G14,10110011SILVAO,2026-01-20,111182,1,7,0,125.0
10110011SILVAO_2026-01-20_G15,10110011SILVAO,2026-01-20,111466,1,30,0,439.0
10110011SILVAO_2026-01-20_G16,10110011SILVAO,2026-01-20,111468,1,5,0,165.0
10110011SILVAO_2026-01-20_G17,10110011SILVAO,2026-01-20,117838,1,4,0,65.0
10110011SILVAO_2026-01-20_G18,10110011SILVAO,2026-01-20,111435,1,8,0,119.0
10110011SILVAO_2026-01-20_G19,10110011SILVAO,2026-01-20,109641,1,2,0,52.0
10110011SILVAO_2026-01-20_G20,10110011SILVAO,2026-01-20,141823,1,4,0,51.0
10110011SILVAO_2026-01-20_G21,10110011SILVAO,2026-01-20,111469,1,10,0,154.0
10110011SILVAO_2026-01-20_G22,10110011SILVAO,2026-01-20,111465,1,2,0,56.0
10110011SILVAO_2026-01-20_G23,10110011SILVAO,2026-01-20,110740,1,8,0,72.0
10110011SILVAO_2026-01-20_G24,10110011SILVAO,2026-01-20,118140,1,16,0,430.0
10110011SILVAO_2026-01-20_G25,10110011SILVAO,2026-01-20,141458,1,16,0,150.0
10110011SILVAO_2026-01-20_G26,10110011SILVAO,2026-01-20,117840,1,2,0,138.0
10110011SILVAO_2026-01-20_G27,10110011SILVAO,2026-01-20,110375,1,8,0,107.0
10110011SILVAO_2026-01-20_G28,10110011SILVAO,2026-01-20,118094,1,7,0,1061.0
10110011SILVAO_2026-01-20_G29,10110011SILVAO,2026-01-20,111467,1,21,0,156.0
10110011SILVAO_2026-01-20_G30,10110011SILVAO,2026-01-20,140923,1,20,0,368.0
10110011SILVAO_2026-01-20_G31,10110011SILVAO,2026-01-20,141047,1,5,0,117.0
10110011SILVAO_2026-01-20_G32,10110011SILVAO,2026-01-20,117861,1,8,0,217.0
10110011SILVAO_2026-01-20_G33,10110011SILVAO,2026-01-20,107629,1,4,0,128.0
10110011SILVAO_2026-01-20_G34,10110011SILVAO,2026-01-20,110733,1,6,0,68.0
10110011SILVAO_2026-01-20_G35,10110011SILVAO,2026-01-20,117862,1,12,0,170.0
10110011SILVAO_2026-01-20_G36,10110011SILVAO,2026-01-20,111441,1,4,0,90.0
10110011SILVAO_2026-01-20_G37,10110011SILVAO,2026-01-20,111438,1,8,0,154.0
10110011SILVAO_2026-01-20_G38,10110011SILVAO,2026-01-20,110895,1,5,0,518.0
10110011SILVAO_2026-01-20_G39,10110011SILVAO,2026-01-20,110747,1,4,0,110.0
10110011SILVAO_2026-01-20_G40,10110011SILVAO,2026-01-20,111569,1,4,0,62.0
10110011SILVAO_2026-01-20_G41,10110011SILVAO,2026-01-20,110372,1,60,0,403.0
10110011SILVAO_2026-01-20_G42,10110011SILVAO,2026-01-20,117820,1,40,0,247.0
10110011SILVAO_2026-01-20_G43,10110011SILVAO,2026-01-20,110373,1,50,0,349.0
10110011SILVAO_2026-01-20_G44,10110011SILVAO,2026-01-20,142045,1,1,0,1981.0
10110011SILVAO_2026-01-20_G45,10110011SILVAO,2026-01-20,110895,1,3,0,63.0
10110011SILVAO_2026-01-20_G46,10110011SILVAO,2026-01-20,111467,1,2,0,96.0
10110011SILVAO_2026-01-20_G47,10110011SILVAO,2026-01-20,117831,1,4,0,66.0
10110011SILVAO_2026-01-20_G48,10110011SILVAO,2026-01-20,111466,1,46,0,259.0
10110011SILVAO_2026-01-20_G49,10110011SILVAO,2026-01-20,109641,1,2,0,71.0
10110011SILVAO_2026-01-20_G50,10110011SILVAO,2026-01-20,117830,1,4,0,104.0
10110011SILVAO_2026-01-20_G51,10110011SILVAO,2026-01-20,111466,1,2,0,297.0
10110011SILVAO_2026-01-20_G52,10110011SILVAO,2026-01-20,107629,1,3,0,85.0
10110011SILVAO_2026-01-20_G53,10110011SILVAO,2026-01-20,160054,1,8,0,179.0
10110011SILVAO_2026-01-20_G54,10110011SILVAO,2026-01-20,160051,1,4,0,138.0
10110011SILVAO_2026-01-20_G55,10110011SILVAO,2026-01-20,111466,1,14,0,129.0
10110011SILVAO_2026-01-20_G56,10110011SILVAO,2026-01-20,118094,1,4,0,115.0
10110011SILVAO_2026-01-20_G57,10110011SILVAO,2026-01-20,109641,1,4,0,148.0
10110011SILVAO_2026-01-20_G58,10110011SILVAO,2026-01-20,141458,1,11,0,213.0
10110011SILVAO_2026-01-20_G59,10110011SILVAO,2026-01-20,111602,1,9,0,155.0
10110011SILVAO_2026-01-20_G60,10110011SILVAO,2026-01-20,110733,1,8,0,136.0
10110011SILVAO_2026-01-20_G61,10110011SILVAO,2026-01-20,117834,1,2,0,95.0
10110011SILVAO_2026-01-20_G62,10110011SILVAO,2026-01-20,141457,1,30,0,333.0
10110011SILVAO_2026-01-20_G63,10110011SILVAO,2026-01-20,140911,1,2,0,359.0
10110011SILVAO_2026-01-20_G64,10110011SILVAO,2026-01-20,141313,1,2,0,83.0
10110011SILVAO_2026-01-20_G65,10110011SILVAO,2026-01-20,111743,1,6,0,113.0
10110011SILVAO_2026-01-20_G66,10110011SILVAO,2026-01-20,105705,1,10,0,116.0
10110011SILVAO_2026-01-20_G67,10110011SILVAO,2026-01-20,111348,1,4,0,44.0
10110011SILVAO_2026-01-20_G68,10110011SILVAO,2026-01-20,141457,1,18,0,132.0
10110011SILVAO_2026-01-20_G69,10110011SILVAO,2026-01-20,110740,1,7,0,120.0
10110011SILVAO_2026-01-20_G70,10110011SILVAO,2026-01-20,117787,1,4,0,58.0
10110011SILVAO_2026-01-20_G71,10110011SILVAO,2026-01-20,111443,1,108,0,2639.0
10110011SILVAO_2026-01-20_G72,10110011SILVAO,2026-01-20,109648,1,24,0,285.0
10110011SILVAO_2026-01-20_G73,10110011SILVAO,2026-01-20,110753,1,60,0,294.0
10110011SILVAO_2026-01-20_G74,10110011SILVAO,2026-01-20,140923,1,160,0,486.0
10110011SILVAO_2026-01-20_G75,10110011SILVAO,2026-01-20,117854,1,38,0,302.0
10110011SILVAO_2026-01-20_G77,10110011SILVAO,2026-01-20,141202,1,3,0,124.0
10110011SILVAO_2026-01-20_G78,10110011SILVAO,2026-01-20,110373,1,7,0,127.0
10110011SILVAO_2026-01-20_G79,10110011SILVAO,2026-01-20,117830,1,2,0,45.0
10110011SILVAO_2026-01-20_G80,10110011SILVAO,2026-01-20,108795,1,4,0,139.0
10110011SILVAO_2026-01-20_G81,10110011SILVAO,2026-01-20,117787,1,4,0,259.0
10110011SILVAO_2026-01-20_G82,10110011SILVAO,2026-01-20,141458,1,4,0,130.0
10110011SILVAO_2026-01-20_G83,10110011SILVAO,2026-01-20,111602,1,7,0,124.0
10110011SILVAO_2026-01-20_G84,10110011SILVAO,2026-01-20,107629,1,2,0,70.0
10110011SILVAO_2026-01-20_G85,10110011SILVAO,2026-01-20,141457,1,33,0,323.0
10110011SILVAO_2026-01-20_G86,10110011SILVAO,2026-01-20,118299,1,1,0,165.0
10110011SILVAO_2026-01-20_G87,10110011SILVAO,2026-01-20,118299,1,32,0,180.0
10110011SILVAO_2026-01-20_G88,10110011SILVAO,2026-01-20,111466,1,15,0,105.0
10110011SILVAO_2026-01-20_G89,10110011SILVAO,2026-01-20,109641,1,4,0,316.0
10110011SILVAO_2026-01-20_G90,10110011SILVAO,2026-01-20,111442,1,4,0,55.0
10110011SILVAO_2026-01-20_G91,10110011SILVAO,2026-01-20,110339,1,5,0,86.0
10110011SILVAO_2026-01-20_G92,10110011SILVAO,2026-01-20,111441,1,14,0,472.0
10110011SILVAO_2026-01-20_G93,10110011SILVAO,2026-01-20,111602,1,8,0,93.0
10110011SILVAO_2026-01-20_G94,10110011SILVAO,2026-01-20,117820,1,4,0,790.0
10110011SILVAO_2026-01-20_G95,10110011SILVAO,2026-01-20,111462,1,8,0,341.0
10110011SILVAO_2026-01-20_G96,10110011SILVAO,2026-01-20,117821,1,4,0,51.0
10110011SILVAO_2026-01-20_G97,10110011SILVAO,2026-01-20,110733,1,4,0,93.0
10110011SILVAO_2026-01-20_G98,10110011SILVAO,2026-01-20,140911,1,12,0,173.0
10110011SILVAO_2026-01-20_G99,10110011SILVAO,2026-01-20,140911,1,8,0,211.0
10110011SILVAO_2026-01-20_G100,10110011SILVAO,2026-01-20,111441,1,6,0,125.0
10110011SILVAO_2026-01-20_G101,10110011SILVAO,2026-01-20,117855,1,4,0,86.0
10110011SILVAO_2026-01-20_G102,10110011SILVAO,2026-01-20,141457,1,22,0,134.0
10110011SILVAO_2026-01-20_G103,10110011SILVAO,2026-01-20,141458,1,4,0,86.0
10110011SILVAO_2026-01-20_G104,10110011SILVAO,2026-01-20,111330,1,1,0,44.0
10110011SILVAO_2026-01-20_G105,10110011SILVAO,2026-01-20,110373,1,8,0,124.0
10110011SILVAO_2026-01-20_G106,10110011SILVAO,2026-01-20,117830,1,10,0,69.0
10110011SILVAO_2026-01-21_G02,10110011SILVAO,2026-01-21,110373,1,1058,0,2135.0
10110011SILVAO_2026-01-21_G03,10110011SILVAO,2026-01-21,111441,1,2,0,1740.0
10110011SILVAO_2026-01-21_G04,10110011SILVAO,2026-01-21,111438,1,2,0,57.0
10110011SILVAO_2026-01-21_G05,10110011SILVAO,2026-01-21,118306,1,2,0,432.0
10110011SILVAO_2026-01-21_G06,10110011SILVAO,2026-01-21,118094,1,4,0,158.0
10110011SILVAO_2026-01-21_G07,10110011SILVAO,2026-01-21,111467,1,3,0,68.0
10110011SILVAO_2026-01-21_G08,10110011SILVAO,2026-01-21,140923,1,2,0,76.0
10110011SILVAO_2026-01-21_G09,10110011SILVAO,2026-01-21,110733,1,3,0,236.0
10110011SILVAO_2026-01-21_G10,10110011SILVAO,2026-01-21,111743,1,2,0,222.0
10110011SILVAO_2026-01-21_G11,10110011SILVAO,2026-01-21,105705,1,2,0,160.0
10110011SILVAO_2026-01-21_G12,10110011SILVAO,2026-01-21,108795,1,1,0,33.0
10110011SILVAO_2026-01-21_G13,10110011SILVAO,2026-01-21,108794,1,4,0,96.0
10110011SILVAO_2026-01-21_G14,10110011SILVAO,2026-01-21,140922,1,2,0,38.0
10110011SILVAO_2026-01-21_G15,10110011SILVAO,2026-01-21,110751,1,4,0,47.0
10110011SILVAO_2026-01-21_G16,10110011SILVAO,2026-01-21,111462,1,10,0,145.0
10110011SILVAO_2026-01-21_G17,10110011SILVAO,2026-01-21,111469,1,11,0,130.0
10110011SILVAO_2026-01-21_G18,10110011SILVAO,2026-01-21,117785,1,13,0,197.0
10110011SILVAO_2026-01-21_G19,10110011SILVAO,2026-01-21,117822,1,2,0,146.0
10110011SILVAO_2026-01-21_G20,10110011SILVAO,2026-01-21,117820,1,22,0,461.0
10110011SILVAO_2026-01-21_G21,10110011SILVAO,2026-01-21,110373,1,4,0,100.0
10110011SILVAO_2026-01-21_G22,10110011SILVAO,2026-01-21,107830,1,2,0,61.0
10110011SILVAO_2026-01-21_G23,10110011SILVAO,2026-01-21,111441,1,2,0,1778.0
10110011SILVAO_2026-01-21_G24,10110011SILVAO,2026-01-21,140923,1,1,0,73.0
10110011SILVAO_2026-01-21_G25,10110011SILVAO,2026-01-21,117855,1,2,0,63.0
10110011SILVAO_2026-01-21_G26,10110011SILVAO,2026-01-21,111743,1,2,0,91.0
10110011SILVAO_2026-01-21_G27,10110011SILVAO,2026-01-21,117821,1,4,0,61.0
10110011SILVAO_2026-01-21_G28,10110011SILVAO,2026-01-21,141457,1,6,0,110.0
10110011SILVAO_2026-01-21_G29,10110011SILVAO,2026-01-21,118140,1,2,0,58.0
10110011SILVAO_2026-01-21_G30,10110011SILVAO,2026-01-21,117809,1,2,0,230.0
10110011SILVAO_2026-01-21_G31,10110011SILVAO,2026-01-21,117808,1,12,0,131.0
10110011SILVAO_2026-01-21_G32,10110011SILVAO,2026-01-21,140922,1,4,0,347.0
10110011SILVAO_2026-01-21_G33,10110011SILVAO,2026-01-21,118140,1,4,0,101.0
10110011SILVAO_2026-01-21_G34,10110011SILVAO,2026-01-21,110733,1,4,0,155.0
10110011SILVAO_2026-01-21_G35,10110011SILVAO,2026-01-21,110895,1,4,0,101.0
10110011SILVAO_2026-01-21_G36,10110011SILVAO,2026-01-21,111439,1,4,0,337.0
10110011SILVAO_2026-01-21_G37,10110011SILVAO,2026-01-21,"117861, 109640",2,10,16,242.0
10110011SILVAO_2026-01-21_G38,10110011SILVAO,2026-01-21,141457,1,12,0,709.0
10110011SILVAO_2026-01-21_G39,10110011SILVAO,2026-01-21,110895,1,2,0,778.0
10110011SILVAO_2026-01-21_G40,10110011SILVAO,2026-01-21,110895,1,8,0,57.0
10110011SILVAO_2026-01-21_G41,10110011SILVAO,2026-01-21,111569,1,2,0,122.0
10110011SILVAO_2026-01-21_G42,10110011SILVAO,2026-01-21,110753,1,3,0,398.0
10110011SILVAO_2026-01-21_G43,10110011SILVAO,2026-01-21,111602,1,12,0,161.0
10110011SILVAO_2026-01-21_G44,10110011SILVAO,2026-01-21,111602,1,8,0,65.0
10110011SILVAO_2026-01-21_G45,10110011SILVAO,2026-01-21,111876,1,4,0,204.0
10110011SILVAO_2026-01-21_G46,10110011SILVAO,2026-01-21,110733,1,10,0,182.0
10110011SILVAO_2026-01-21_G47,10110011SILVAO,2026-01-21,110129,1,4,0,196.0
10110011SILVAO_2026-01-21_G48,10110011SILVAO,2026-01-21,111743,1,2,0,68.0
10110011SILVAO_2026-01-21_G49,10110011SILVAO,2026-01-21,111348,1,3,0,219.0
10110011SILVAO_2026-01-21_G50,10110011SILVAO,2026-01-21,108794,1,3,0,45.0
10110011SILVAO_2026-01-21_G51,10110011SILVAO,2026-01-21,110751,1,2,0,122.0
10110011SILVAO_2026-01-21_G52,10110011SILVAO,2026-01-21,117821,1,4,0,52.0
10110011SILVAO_2026-01-21_G53,10110011SILVAO,2026-01-21,110743,1,4,0,68.0
10110011SILVAO_2026-01-21_G54,10110011SILVAO,2026-01-21,117837,1,12,0,305.0
10110011SILVAO_2026-01-21_G55,10110011SILVAO,2026-01-21,111468,2,14,19,649.0
10110011SILVAO_2026-01-21_G56,10110011SILVAO,2026-01-21,111468,1,20,0,87.0
10110011SILVAO_2026-01-21_G57,10110011SILVAO,2026-01-21,141271,1,12,0,162.0
10110011SILVAO_2026-01-21_G58,10110011SILVAO,2026-01-21,111172,1,2,0,39.0
10110011SILVAO_2026-01-21_G59,10110011SILVAO,2026-01-21,109641,1,1,0,63.0
10110011SILVAO_2026-01-21_G60,10110011SILVAO,2026-01-21,111465,1,6,0,105.0
10110011SILVAO_2026-01-21_G61,10110011SILVAO,2026-01-21,118140,1,24,0,422.0
10110011SILVAO_2026-01-21_G62,10110011SILVAO,2026-01-21,117856,1,30,0,280.0
10110011SILVAO_2026-01-21_G63,10110011SILVAO,2026-01-21,107236,1,4,0,126.0
10110011SILVAO_2026-01-21_G64,10110011SILVAO,2026-01-21,141458,1,1,0,101.0
10110011SILVAO_2026-01-21_G65,10110011SILVAO,2026-01-21,110372,1,50,0,722.0
10110011SILVAO_2026-01-21_G66,10110011SILVAO,2026-01-21,117822,1,2,0,86.0
10110011SILVAO_2026-01-21_G67,10110011SILVAO,2026-01-21,117820,1,4,0,52.0
10110011SILVAO_2026-01-21_G68,10110011SILVAO,2026-01-21,141202,1,2,0,48.0
10110011SILVAO_2026-01-21_G69,10110011SILVAO,2026-01-21,109643,1,4,0,98.0
10110011SILVAO_2026-01-21_G70,10110011SILVAO,2026-01-21,117808,1,10,0,345.0
10110011SILVAO_2026-01-21_G71,10110011SILVAO,2026-01-21,110895,1,4,0,416.0
10110011SILVAO_2026-01-21_G72,10110011SILVAO,2026-01-21,110313,1,2,0,46.0
10110011SILVAO_2026-01-21_G73,10110011SILVAO,2026-01-21,111602,1,3,0,194.0
10110011SILVAO_2026-01-21_G74,10110011SILVAO,2026-01-21,109647,1,2,0,70.0
10110011SILVAO_2026-01-21_G75,10110011SILVAO,2026-01-21,109640,1,4,0,135.0
10110011SILVAO_2026-01-21_G76,10110011SILVAO,2026-01-21,111743,1,4,0,149.0
10110011SILVAO_2026-01-21_G77,10110011SILVAO,2026-01-21,141457,1,3,0,368.0
10110011SILVAO_2026-01-21_G78,10110011SILVAO,2026-01-21,118140,1,3,0,74.0
10110011SILVAO_2026-01-22_G02,10110011SILVAO,2026-01-22,109643,1,12,0,111.0
10110011SILVAO_2026-01-22_G03,10110011SILVAO,2026-01-22,117808,1,340,0,1072.0
10110011SILVAO_2026-01-22_G04,10110011SILVAO,2026-01-22,111441,1,2,0,353.0
10110011SILVAO_2026-01-22_G05,10110011SILVAO,2026-01-22,111438,1,6,0,75.0
10110011SILVAO_2026-01-22_G06,10110011SILVAO,2026-01-22,142045,1,8,0,70.0
10110011SILVAO_2026-01-22_G07,10110011SILVAO,2026-01-22,116527,1,2,0,79.0
10110011SILVAO_2026-01-22_G08,10110011SILVAO,2026-01-22,141916,1,2,0,128.0
10110011SILVAO_2026-01-22_G09,10110011SILVAO,2026-01-22,111569,1,4,0,135.0
10110011SILVAO_2026-01-22_G10,10110011SILVAO,2026-01-22,117837,1,3,0,107.0
10110011SILVAO_2026-01-22_G11,10110011SILVAO,2026-01-22,111467,1,4,0,46.0
10110011SILVAO_2026-01-22_G12,10110011SILVAO,2026-01-22,110313,1,2,0,46.0
10110011SILVAO_2026-01-22_G13,10110011SILVAO,2026-01-22,141047,1,4,0,83.0
10110011SILVAO_2026-01-22_G14,10110011SILVAO,2026-01-22,111876,1,2,0,45.0
10110011SILVAO_2026-01-22_G15,10110011SILVAO,2026-01-22,141352,1,4,0,68.0
10110011SILVAO_2026-01-22_G16,10110011SILVAO,2026-01-22,109647,1,2,0,70.0
10110011SILVAO_2026-01-22_G17,10110011SILVAO,2026-01-22,109640,1,12,0,164.0
10110011SILVAO_2026-01-22_G18,10110011SILVAO,2026-01-22,117861,1,1,0,45.0
10110011SILVAO_2026-01-22_G19,10110011SILVAO,2026-01-22,117855,1,6,0,130.0
10110011SILVAO_2026-01-22_G20,10110011SILVAO,2026-01-22,117854,1,4,0,50.0
10110011SILVAO_2026-01-22_G21,10110011SILVAO,2026-01-22,110748,1,2,0,2104.0
10110011SILVAO_2026-01-22_G22,10110011SILVAO,2026-01-22,108795,1,3,0,71.0
10110011SILVAO_2026-01-22_G23,10110011SILVAO,2026-01-22,140922,1,4,0,138.0
10110011SILVAO_2026-01-22_G24,10110011SILVAO,2026-01-22,117821,1,8,0,70.0
10110011SILVAO_2026-01-22_G25,10110011SILVAO,2026-01-22,110743,1,4,0,40.0
10110011SILVAO_2026-01-22_G26,10110011SILVAO,2026-01-22,109645,1,4,0,65.0
10110011SILVAO_2026-01-22_G27,10110011SILVAO,2026-01-22,111462,1,8,0,89.0
10110011SILVAO_2026-01-22_G28,10110011SILVAO,2026-01-22,111468,1,4,0,109.0
10110011SILVAO_2026-01-22_G29,10110011SILVAO,2026-01-22,111418,1,12,0,109.0
10110011SILVAO_2026-01-22_G30,10110011SILVAO,2026-01-22,117833,1,2,0,35.0
10110011SILVAO_2026-01-22_G31,10110011SILVAO,2026-01-22,111469,1,8,0,81.0
10110011SILVAO_2026-01-22_G32,10110011SILVAO,2026-01-22,110740,1,4,0,71.0
10110011SILVAO_2026-01-22_G33,10110011SILVAO,2026-01-22,"118140, 109641",2,7,17,63.0
10110011SILVAO_2026-01-22_G34,10110011SILVAO,2026-01-22,110748,1,3,0,386.0
10110011SILVAO_2026-01-22_G35,10110011SILVAO,2026-01-22,140922,1,5,0,100.0
10110011SILVAO_2026-01-22_G36,10110011SILVAO,2026-01-22,117821,1,8,0,72.0
10110011SILVAO_2026-01-22_G37,10110011SILVAO,2026-01-22,116241,1,4,0,70.0
10110011SILVAO_2026-01-22_G38,10110011SILVAO,2026-01-22,111466,1,8,0,90.0
10110011SILVAO_2026-01-22_G39,10110011SILVAO,2026-01-22,111462,1,8,0,105.0
10110011SILVAO_2026-01-22_G40,10110011SILVAO,2026-01-22,109641,1,6,0,92.0
10110011SILVAO_2026-01-22_G41,10110011SILVAO,2026-01-22,111468,1,4,0,47.0
10110011SILVAO_2026-01-22_G42,10110011SILVAO,2026-01-22,117833,1,2,0,63.0
10110011SILVAO_2026-01-22_G43,10110011SILVAO,2026-01-22,111469,1,12,0,101.0
10110011SILVAO_2026-01-22_G44,10110011SILVAO,2026-01-22,110740,1,10,0,99.0
10110011SILVAO_2026-01-22_G45,10110011SILVAO,2026-01-22,118140,1,12,0,184.0
10110011SILVAO_2026-01-22_G46,10110011SILVAO,2026-01-22,108794,1,60,0,3092.0
10110011SILVAO_2026-01-22_G47,10110011SILVAO,2026-01-22,117821,1,100,0,375.0
10110011SILVAO_2026-01-22_G48,10110011SILVAO,2026-01-22,111743,1,75,0,267.0
10110011SILVAO_2026-01-22_G49,10110011SILVAO,2026-01-22,111532,1,20,0,253.0
10110011SILVAO_2026-01-22_G50,10110011SILVAO,2026-01-22,111172,1,50,0,259.0
10110011SILVAO_2026-01-22_G51,10110011SILVAO,2026-01-22,111442,1,30,0,266.0
10110011SILVAO_2026-01-22_G52,10110011SILVAO,2026-01-22,108759,1,11,0,1811.0
10110011SILVAO_2026-01-22_G53,10110011SILVAO,2026-01-22,"108759, 111441",2,5,14,75.0
10110011SILVAO_2026-01-22_G54,10110011SILVAO,2026-01-22,111441,1,19,0,308.0
10110011SILVAO_2026-01-22_G55,10110011SILVAO,2026-01-22,109640,1,20,0,342.0
10110011SILVAO_2026-01-22_G56,10110011SILVAO,2026-01-22,109640,1,37,0,334.0
10110011SILVAO_2026-01-22_G58,10110011SILVAO,2026-01-22,111418,1,4,0,160.0
10110011SILVAO_2026-01-22_G59,10110011SILVAO,2026-01-22,111468,1,8,0,134.0
10110011SILVAO_2026-01-22_G60,10110011SILVAO,2026-01-22,140923,1,8,0,135.0
10110011SILVAO_2026-01-22_G61,10110011SILVAO,2026-01-22,110313,1,12,0,351.0
10110011SILVAO_2026-01-22_G62,10110011SILVAO,2026-01-22,111532,1,1,0,982.0
10110011SILVAO_2026-01-22_G63,10110011SILVAO,2026-01-22,118094,1,5,0,168.0
10110011SILVAO_2026-01-22_G64,10110011SILVAO,2026-01-22,111418,1,1,0,127.0
10110011SILVAO_2026-01-22_G65,10110011SILVAO,2026-01-22,111469,1,12,0,112.0
10110011SILVAO_2026-01-22_G66,10110011SILVAO,2026-01-22,110313,1,16,0,226.0
10110011SILVAO_2026-01-22_G67,10110011SILVAO,2026-01-22,140911,1,4,0,151.0
10110011SILVAO_2026-01-22_G68,10110011SILVAO,2026-01-22,117822,1,8,0,865.0
10110011SILVAO_2026-01-22_G69,10110011SILVAO,2026-01-22,109643,1,5,0,93.0
10110011SILVAO_2026-01-22_G70,10110011SILVAO,2026-01-22,111348,1,2,0,68.0
10110011SILVAO_2026-01-22_G71,10110011SILVAO,2026-01-22,117833,1,1,0,72.0
10110011SILVAO_2026-01-22_G72,10110011SILVAO,2026-01-22,110740,1,6,0,127.0
10110011SILVAO_2026-01-22_G73,10110011SILVAO,2026-01-22,118140,1,4,0,47.0
10110011SILVAO_2026-01-22_G74,10110011SILVAO,2026-01-22,117837,1,2,0,96.0
10110011SILVAO_2026-01-22_G75,10110011SILVAO,2026-01-22,111467,1,2,0,100.0
10110011SILVAO_2026-01-22_G76,10110011SILVAO,2026-01-22,117855,1,4,0,105.0
10110011SILVAO_2026-01-22_G77,10110011SILVAO,2026-01-22,118299,1,8,0,190.0
10110011SILVAO_2026-01-22_G78,10110011SILVAO,2026-01-22,117808,1,5,0,101.0
10110011SILVAO_2026-01-22_G79,10110011SILVAO,2026-01-22,111418,1,4,0,55.0
10110011SILVAO_2026-01-22_G80,10110011SILVAO,2026-01-22,117862,1,2,0,102.0
10110011SILVAO_2026-01-22_G81,10110011SILVAO,2026-01-22,111418,1,4,0,138.0
10110011SILVAO_2026-01-22_G82,10110011SILVAO,2026-01-22,140923,1,4,0,152.0
10110011SILVAO_2026-01-22_G83,10110011SILVAO,2026-01-22,111348,1,2,0,123.0
10110011SILVAO_2026-01-22_G84,10110011SILVAO,2026-01-22,117821,1,9,0,108.0
10110011SILVAO_2026-01-22_G85,10110011SILVAO,2026-01-22,109645,1,8,0,96.0
10110011SILVAO_2026-01-22_G86,10110011SILVAO,2026-01-22,141271,1,8,0,121.0
10110011SILVAO_2026-01-22_G87,10110011SILVAO,2026-01-22,140911,1,8,0,2287.0
10110011SILVAO_2026-01-26_G02,10110011SILVAO,2026-01-26,142045,1,4,0,667.0
10110011SILVAO_2026-01-26_G03,10110011SILVAO,2026-01-26,111467,1,1,0,61.0
10110011SILVAO_2026-01-26_G04,10110011SILVAO,2026-01-26,117862,1,6,0,101.0
10110011SILVAO_2026-01-26_G05,10110011SILVAO,2026-01-26,140922,1,5,0,168.0
10110011SILVAO_2026-01-26_G06,10110011SILVAO,2026-01-26,111466,1,4,0,95.0
10110011SILVAO_2026-01-26_G07,10110011SILVAO,2026-01-26,111532,1,2,0,43.0
10110011SILVAO_2026-01-26_G08,10110011SILVAO,2026-01-26,141271,1,4,0,56.0
10110011SILVAO_2026-01-26_G09,10110011SILVAO,2026-01-26,111418,1,6,0,95.0
10110011SILVAO_2026-01-26_G10,10110011SILVAO,2026-01-26,111469,1,6,0,96.0
10110011SILVAO_2026-01-26_G11,10110011SILVAO,2026-01-26,110740,1,2,0,48.0
10110011SILVAO_2026-01-26_G12,10110011SILVAO,2026-01-26,118140,1,2,0,43.0
10110011SILVAO_2026-01-26_G13,10110011SILVAO,2026-01-26,110373,1,4,0,90.0
10110011SILVAO_2026-01-26_G14,10110011SILVAO,2026-01-26,142045,1,2,0,230.0
10110011SILVAO_2026-01-26_G15,10110011SILVAO,2026-01-26,111467,1,4,0,70.0
10110011SILVAO_2026-01-26_G16,10110011SILVAO,2026-01-26,140923,1,1,0,109.0
10110011SILVAO_2026-01-26_G17,10110011SILVAO,2026-01-26,110313,1,6,0,76.0
10110011SILVAO_2026-01-26_G18,10110011SILVAO,2026-01-26,110339,1,2,0,80.0
10110011SILVAO_2026-01-26_G19,10110011SILVAO,2026-01-26,117862,1,2,0,315.0
10110011SILVAO_2026-01-26_G20,10110011SILVAO,2026-01-26,117831,1,6,0,98.0
10110011SILVAO_2026-01-26_G21,10110011SILVAO,2026-01-26,111462,1,2,0,79.0
10110011SILVAO_2026-01-26_G22,10110011SILVAO,2026-01-26,111418,1,9,0,101.0
10110011SILVAO_2026-01-26_G23,10110011SILVAO,2026-01-26,110740,1,2,0,100.0
10110011SILVAO_2026-01-26_G24,10110011SILVAO,2026-01-26,117808,1,13,0,727.0
10110011SILVAO_2026-01-26_G25,10110011SILVAO,2026-01-26,110374,1,8,0,1940.0
10110011SILVAO_2026-01-26_G26,10110011SILVAO,2026-01-26,117808,1,6,0,116.0
10110011SILVAO_2026-01-26_G27,10110011SILVAO,2026-01-26,111532,1,11,0,431.0
10110011SILVAO_2026-01-26_G28,10110011SILVAO,2026-01-26,108772,1,1,0,49.0
10110011SILVAO_2026-01-26_G29,10110011SILVAO,2026-01-26,110374,1,4,0,86.0
10110011SILVAO_2026-01-26_G30,10110011SILVAO,2026-01-26,110374,1,18,0,162.0
10110011SILVAO_2026-01-26_G31,10110011SILVAO,2026-01-26,110374,1,4,0,73.0
10110011SILVAO_2026-01-26_G32,10110011SILVAO,2026-01-26,109640,1,4,0,120.0
10110011SILVAO_2026-01-26_G33,10110011SILVAO,2026-01-26,110374,1,10,0,135.0
10110011SILVAO_2026-01-26_G34,10110011SILVAO,2026-01-26,117808,1,8,0,145.0
10110011SILVAO_2026-01-26_G35,10110011SILVAO,2026-01-26,117832,1,8,0,107.0
10110011SILVAO_2026-01-26_G36,10110011SILVAO,2026-01-26,110733,1,8,0,141.0
10110011SILVAO_2026-01-26_G37,10110011SILVAO,2026-01-26,118140,1,2,0,1731.0
10110011SILVAO_2026-01-26_G38,10110011SILVAO,2026-01-26,117809,1,2,0,101.0
10110011SILVAO_2026-01-26_G39,10110011SILVAO,2026-01-26,140923,1,3,0,101.0
10110011SILVAO_2026-01-26_G40,10110011SILVAO,2026-01-26,111532,1,2,0,37.0
10110011SILVAO_2026-01-26_G41,10110011SILVAO,2026-01-26,110733,1,3,0,84.0
10110011SILVAO_2026-01-26_G42,10110011SILVAO,2026-01-26,108795,1,4,0,129.0
10110011SILVAO_2026-01-26_G43,10110011SILVAO,2026-01-26,140922,1,2,0,56.0
10110011SILVAO_2026-01-26_G44,10110011SILVAO,2026-01-26,117856,1,2,0,110.0
10110011SILVAO_2026-01-26_G45,10110011SILVAO,2026-01-26,118094,1,4,0,122.0
10110011SILVAO_2026-01-26_G46,10110011SILVAO,2026-01-26,110374,1,4,0,62.0
10110011SILVAO_2026-01-26_G47,10110011SILVAO,2026-01-26,111532,1,1,0,56.0
10110011SILVAO_2026-01-26_G48,10110011SILVAO,2026-01-26,108772,1,4,0,115.0
10110011SILVAO_2026-01-26_G49,10110011SILVAO,2026-01-26,109640,1,12,0,167.0
10110011SILVAO_2026-01-26_G50,10110011SILVAO,2026-01-26,111441,1,5,0,1185.0
10110011SILVAO_2026-01-26_G51,10110011SILVAO,2026-01-26,111438,1,10,0,172.0
10110011SILVAO_2026-01-26_G52,10110011SILVAO,2026-01-26,111569,1,20,0,220.0
10110011SILVAO_2026-01-26_G53,10110011SILVAO,2026-01-26,117837,1,5,0,339.0
10110011SILVAO_2026-01-26_G54,10110011SILVAO,2026-01-26,111467,1,15,0,90.0
10110011SILVAO_2026-01-26_G55,10110011SILVAO,2026-01-26,140923,1,10,0,107.0
10110011SILVAO_2026-01-26_G56,10110011SILVAO,2026-01-26,117856,1,5,0,101.0
10110011SILVAO_2026-01-26_G57,10110011SILVAO,2026-01-26,110339,1,5,0,52.0
10110011SILVAO_2026-01-26_G58,10110011SILVAO,2026-01-26,111743,1,5,0,99.0
10110011SILVAO_2026-01-26_G59,10110011SILVAO,2026-01-26,111466,1,30,0,203.0
10110011SILVAO_2026-01-26_G60,10110011SILVAO,2026-01-26,111418,1,30,0,517.0
10110011SILVAO_2026-01-26_G61,10110011SILVAO,2026-01-26,118140,1,10,0,149.0
10110011SILVAO_2026-01-26_G62,10110011SILVAO,2026-01-26,117785,1,10,0,122.0
10110011SILVAO_2026-01-26_G63,10110011SILVAO,2026-01-26,111442,1,4,0,163.0
10110011SILVAO_2026-01-26_G64,10110011SILVAO,2026-01-26,110374,1,10,0,141.0
10110011SILVAO_2026-01-26_G65,10110011SILVAO,2026-01-26,110372,1,20,0,269.0
10110011SILVAO_2026-01-26_G66,10110011SILVAO,2026-01-26,117820,1,10,0,286.0
10110011SILVAO_2026-01-26_G67,10110011SILVAO,2026-01-26,117808,1,30,0,211.0
10110011SILVAO_2026-01-26_G68,10110011SILVAO,2026-01-26,118299,1,40,0,393.0
10110011SILVAO_2026-01-26_G69,10110011SILVAO,2026-01-26,110373,1,10,0,99.0
10110011SILVAO_2026-01-26_G70,10110011SILVAO,2026-01-26,117830,1,20,0,131.0
10110011SILVAO_2026-01-26_G71,10110011SILVAO,2026-01-26,118140,1,10,0,176.0
10110011SILVAO_2026-01-26_G73,10110011SILVAO,2026-01-26,117855,1,4,0,115.0
10110011SILVAO_2026-01-26_G74,10110011SILVAO,2026-01-26,108794,1,3,0,126.0
10110011SILVAO_2026-01-26_G75,10110011SILVAO,2026-01-26,111462,1,3,0,178.0
10110011SILVAO_2026-01-26_G76,10110011SILVAO,2026-01-26,117833,1,3,0,72.0
10110011SILVAO_2026-01-26_G77,10110011SILVAO,2026-01-26,110740,1,4,0,78.0
10110011SILVAO_2026-01-26_G78,10110011SILVAO,2026-01-26,141458,1,8,0,83.0
10110011SILVAO_2026-01-26_G79,10110011SILVAO,2026-01-26,117785,1,5,0,70.0
10110011SILVAO_2026-01-26_G80,10110011SILVAO,2026-01-26,141155,1,60,0,722.0
10110011SILVAO_2026-02-11_G02,10110011SILVAO,2026-02-11,111466,1,4,0,126.0
10110011SILVAO_2026-02-11_G03,10110011SILVAO,2026-02-11,110755,1,4,0,106.0
10110011SILVAO_2026-02-11_G04,10110011SILVAO,2026-02-11,111569,1,4,0,117.0
10110011SILVAO_2026-02-11_G05,10110011SILVAO,2026-02-11,111660,1,6,0,243.0
10110011SILVAO_2026-02-11_G06,10110011SILVAO,2026-02-11,118253,1,2,0,206.0
10110011SILVAO_2026-02-11_G07,10110011SILVAO,2026-02-11,111438,1,14,0,142.0
10110011SILVAO_2026-02-11_G08,10110011SILVAO,2026-02-11,110747,1,8,0,477.0
10110011SILVAO_2026-02-11_G09,10110011SILVAO,2026-02-11,111569,1,23,0,462.0
10110011SILVAO_2026-02-11_G10,10110011SILVAO,2026-02-11,140923,1,4,0,478.0
10110011SILVAO_2026-02-11_G11,10110011SILVAO,2026-02-11,110339,1,8,0,663.0
10110011SILVAO_2026-02-11_G12,10110011SILVAO,2026-02-11,108795,1,10,0,240.0
10110011SILVAO_2026-02-11_G13,10110011SILVAO,2026-02-11,110740,1,12,0,149.0
10110011SILVAO_2026-02-11_G14,10110011SILVAO,2026-02-11,116241,1,4,0,180.0
10110011SILVAO_2026-02-11_G15,10110011SILVAO,2026-02-11,111466,1,24,0,518.0
10110011SILVAO_2026-02-11_G16,10110011SILVAO,2026-02-11,107236,1,7,0,128.0
10110011SILVAO_2026-02-11_G17,10110011SILVAO,2026-02-11,141456,1,12,0,114.0
10110011SILVAO_2026-02-11_G18,10110011SILVAO,2026-02-11,111444,1,8,0,103.0
10110011SILVAO_2026-02-11_G19,10110011SILVAO,2026-02-11,111431,1,8,0,115.0
10110011SILVAO_2026-02-11_G20,10110011SILVAO,2026-02-11,111435,1,8,0,103.0
10110011SILVAO_2026-02-11_G21,10110011SILVAO,2026-02-11,117832,1,7,0,1045.0
10110011SILVAO_2026-02-11_G22,10110011SILVAO,2026-02-11,117830,1,12,0,105.0
10110011SILVAO_2026-02-11_G23,10110011SILVAO,2026-02-11,111438,1,4,0,161.0
10110011SILVAO_2026-02-11_G24,10110011SILVAO,2026-02-11,111441,1,29,0,355.0
10110011SILVAO_2026-02-11_G25,10110011SILVAO,2026-02-11,110740,1,4,0,525.0
10110011SILVAO_2026-02-11_G26,10110011SILVAO,2026-02-11,117808,1,3,0,485.0
10110011SILVAO_2026-02-11_G27,10110011SILVAO,2026-02-11,118140,1,2,0,124.0
10110011SILVAO_2026-02-11_G28,10110011SILVAO,2026-02-11,111441,1,1,0,1301.0
10110011SILVAO_2026-02-12_G02,10110011SILVAO,2026-02-12,111463,1,12,0,708.0
10110011SILVAO_2026-02-12_G03,10110011SILVAO,2026-02-12,111463,1,4,0,60.0
10110011SILVAO_2026-02-12_G04,10110011SILVAO,2026-02-12,108794,1,16,0,199.0
10110011SILVAO_2026-02-12_G05,10110011SILVAO,2026-02-12,118094,1,8,0,190.0
10110011SILVAO_2026-02-12_G06,10110011SILVAO,2026-02-12,117809,1,17,0,181.0
10110011SILVAO_2026-02-12_G07,10110011SILVAO,2026-02-12,109643,1,3,0,115.0
10110011SILVAO_2026-02-12_G08,10110011SILVAO,2026-02-12,110373,1,10,0,190.0
10110011SILVAO_2026-02-12_G09,10110011SILVAO,2026-02-12,117808,1,7,0,351.0
10110011SILVAO_2026-02-12_G10,10110011SILVAO,2026-02-12,118299,1,4,0,586.0
10110011SILVAO_2026-02-12_G11,10110011SILVAO,2026-02-12,110373,1,8,0,128.0
10110011SILVAO_2026-02-12_G12,10110011SILVAO,2026-02-12,116241,1,2,0,92.0
10110011SILVAO_2026-02-12_G13,10110011SILVAO,2026-02-12,118140,1,2,0,109.0
10110011SILVAO_2026-02-12_G14,10110011SILVAO,2026-02-12,117862,1,4,0,80.0
10110011SILVAO_2026-02-12_G15,10110011SILVAO,2026-02-12,117832,1,8,0,140.0
10110011SILVAO_2026-02-12_G16,10110011SILVAO,2026-02-12,108795,1,12,0,121.0
10110011SILVAO_2026-02-12_G17,10110011SILVAO,2026-02-12,141823,1,6,0,153.0
10110011SILVAO_2026-02-12_G18,10110011SILVAO,2026-02-12,110895,1,8,0,154.0
10110011SILVAO_2026-02-12_G19,10110011SILVAO,2026-02-12,110374,1,2,0,378.0
10110011SILVAO_2026-02-12_G20,10110011SILVAO,2026-02-12,117820,1,2,0,76.0
10110011SILVAO_2026-02-12_G21,10110011SILVAO,2026-02-12,111466,1,4,0,78.0
10110011SILVAO_2026-02-12_G22,10110011SILVAO,2026-02-12,111418,1,4,0,72.0
10110011SILVAO_2026-02-12_G23,10110011SILVAO,2026-02-12,118140,1,4,0,51.0
10110011SILVAO_2026-02-12_G24,10110011SILVAO,2026-02-12,141823,1,2,0,73.0
10110011SILVAO_2026-02-12_G25,10110011SILVAO,2026-02-12,111441,1,2,0,195.0
10110011SILVAO_2026-02-12_G26,10110011SILVAO,2026-02-12,142045,1,2,0,151.0
10110011SILVAO_2026-02-12_G27,10110011SILVAO,2026-02-12,141318,1,4,0,127.0
10110011SILVAO_2026-02-12_G28,10110011SILVAO,2026-02-12,117862,1,3,0,141.0
10110011SILVAO_2026-02-12_G29,10110011SILVAO,2026-02-12,117808,1,10,0,129.0
10110011SILVAO_2026-02-12_G30,10110011SILVAO,2026-02-12,118299,1,1,0,97.0
10110011SILVAO_2026-02-12_G31,10110011SILVAO,2026-02-12,111466,1,2,0,104.0
10110011SILVAO_2026-02-12_G32,10110011SILVAO,2026-02-12,117808,1,5,0,273.0
10110011SILVAO_2026-02-12_G33,10110011SILVAO,2026-02-12,117830,1,2,0,180.0
10110011SILVAO_2026-02-12_G34,10110011SILVAO,2026-02-12,111418,1,3,0,95.0
10110011SILVAO_2026-02-12_G35,10110011SILVAO,2026-02-12,141166,1,4,0,125.0
10110011SILVAO_2026-02-12_G36,10110011SILVAO,2026-02-12,117808,1,4,0,142.0
10110011SILVAO_2026-02-12_G37,10110011SILVAO,2026-02-12,118140,1,4,0,561.0
10110011SILVAO_2026-02-12_G38,10110011SILVAO,2026-02-12,110373,1,4,0,114.0
10110024FARIASG_2025-10-07_G02,10110024FARIASG,2025-10-07,117808,1,285,0,215.0
10110024FARIASG_2025-10-09_G02,10110024FARIASG,2025-10-09,117862,1,15,0,427.0
10110024FARIASG_2025-10-09_G03,10110024FARIASG,2025-10-09,110371,1,10,0,3455.0
10110024FARIASG_2025-10-09_G04,10110024FARIASG,2025-10-09,117809,1,12,0,328.0
10110024FARIASG_2025-10-09_G05,10110024FARIASG,2025-10-09,111530,1,9,0,2991.0
10110024FARIASG_2025-10-09_G06,10110024FARIASG,2025-10-09,109640,1,8,0,828.0
10110024FARIASG_2025-10-09_G07,10110024FARIASG,2025-10-09,110751,1,4,0,432.0
10110024FARIASG_2025-10-09_G08,10110024FARIASG,2025-10-09,111348,1,1,0,673.0
10110024FARIASG_2025-10-09_G09,10110024FARIASG,2025-10-09,108794,1,1,0,681.0
10110024FARIASG_2025-10-09_G10,10110024FARIASG,2025-10-09,111466,1,2,0,459.0
10110024FARIASG_2025-10-09_G11,10110024FARIASG,2025-10-09,117833,1,4,0,441.0
10110024FARIASG_2025-10-09_G12,10110024FARIASG,2025-10-09,141457,1,6,0,257.0
10110024FARIASG_2025-10-09_G13,10110024FARIASG,2025-10-09,117831,1,1,0,316.0
10110024FARIASG_2025-10-09_G14,10110024FARIASG,2025-10-09,118140,1,4,0,270.0
10110024FARIASG_2025-10-09_G15,10110024FARIASG,2025-10-09,111876,1,2,0,837.0
10110024FARIASG_2025-10-09_G16,10110024FARIASG,2025-10-09,110711,1,6,0,462.0
10110024FARIASG_2025-10-09_G17,10110024FARIASG,2025-10-09,117965,1,4,0,189.0
10110024FARIASG_2025-10-09_G19,10110024FARIASG,2025-10-09,118094,1,1,0,235.0
10110024FARIASG_2025-10-09_G20,10110024FARIASG,2025-10-09,110372,1,8,0,668.0
10110024FARIASG_2025-10-09_G21,10110024FARIASG,2025-10-09,105705,1,2,0,905.0
10110024FARIASG_2025-10-09_G22,10110024FARIASG,2025-10-09,118140,1,4,0,689.0
10110024FARIASG_2025-10-09_G23,10110024FARIASG,2025-10-09,111655,1,2,0,441.0
10110024FARIASG_2025-10-09_G24,10110024FARIASG,2025-10-09,118306,1,4,0,307.0
10110024FARIASG_2025-10-09_G25,10110024FARIASG,2025-10-09,118140,1,2,0,304.0
10110024FARIASG_2025-10-09_G26,10110024FARIASG,2025-10-09,111468,1,4,0,200.0
10110024FARIASG_2025-10-09_G27,10110024FARIASG,2025-10-09,117820,1,1,0,249.0
10110024FARIASG_2025-10-09_G28,10110024FARIASG,2025-10-09,117788,1,2,0,460.0
10110024FARIASG_2025-10-09_G29,10110024FARIASG,2025-10-09,118298,1,4,0,314.0
10110024FARIASG_2025-10-09_G30,10110024FARIASG,2025-10-09,111530,1,6,0,255.0
10110024FARIASG_2025-10-09_G31,10110024FARIASG,2025-10-09,110711,1,3,0,113.0
10110024FARIASG_2025-10-09_G32,10110024FARIASG,2025-10-09,117862,1,1,0,116.0
10110024FARIASG_2025-10-09_G33,10110024FARIASG,2025-10-09,118094,1,2,0,215.0
10110024FARIASG_2025-10-09_G34,10110024FARIASG,2025-10-09,117837,1,2,0,190.0
10110024FARIASG_2025-10-10_G02,10110024FARIASG,2025-10-10,111438,1,32,0,1209.0
10110024FARIASG_2025-10-10_G03,10110024FARIASG,2025-10-10,110742,1,10,0,894.0
10110024FARIASG_2025-10-10_G04,10110024FARIASG,2025-10-10,100334,1,15,0,2603.0
10110024FARIASG_2025-10-10_G05,10110024FARIASG,2025-10-10,117835,1,10,0,1371.0
10110024FARIASG_2025-10-10_G06,10110024FARIASG,2025-10-10,160057,1,4,0,1340.0
10110024FARIASG_2025-10-10_G07,10110024FARIASG,2025-10-10,111569,1,4,0,416.0
10110024FARIASG_2025-10-10_G08,10110024FARIASG,2025-10-10,118222,1,8,0,3264.0
10110024FARIASG_2025-10-10_G09,10110024FARIASG,2025-10-10,117855,1,64,0,1753.0
10110024FARIASG_2025-10-10_G10,10110024FARIASG,2025-10-10,110741,1,3,0,530.0
10110024FARIASG_2025-10-10_G11,10110024FARIASG,2025-10-10,107629,1,7,0,287.0
10110024FARIASG_2025-10-10_G12,10110024FARIASG,2025-10-10,110733,1,13,0,322.0
10110024FARIASG_2025-10-10_G13,10110024FARIASG,2025-10-10,110339,1,6,0,395.0
10110024FARIASG_2025-10-10_G14,10110024FARIASG,2025-10-10,117786,1,4,0,371.0
10110024FARIASG_2025-10-10_G15,10110024FARIASG,2025-10-10,109647,1,50,0,1128.0
10110024FARIASG_2025-10-10_G16,10110024FARIASG,2025-10-10,111463,1,38,0,2117.0
10110024FARIASG_2025-10-10_G17,10110024FARIASG,2025-10-10,140922,1,75,0,1143.0
10110024FARIASG_2025-10-10_G19,10110024FARIASG,2025-10-10,118222,1,8,0,1204.0
10110024FARIASG_2025-10-10_G20,10110024FARIASG,2025-10-10,110755,1,6,0,500.0
10110024FARIASG_2025-10-10_G21,10110024FARIASG,2025-10-10,110374,1,2,0,430.0
10110024FARIASG_2025-10-10_G22,10110024FARIASG,2025-10-10,118299,1,2,0,128.0
10110024FARIASG_2025-10-10_G23,10110024FARIASG,2025-10-10,117820,1,8,0,309.0
10110024FARIASG_2025-10-11_G02,10110024FARIASG,2025-10-11,110339,1,30,0,1474.0
10110024FARIASG_2025-10-11_G03,10110024FARIASG,2025-10-11,110339,1,20,0,525.0
10110024FARIASG_2025-10-11_G04,10110024FARIASG,2025-10-11,105705,1,6,0,1041.0
10110024FARIASG_2025-10-11_G05,10110024FARIASG,2025-10-11,111463,1,60,0,884.0
10110024FARIASG_2025-10-11_G06,10110024FARIASG,2025-10-11,111532,1,30,0,1037.0
10110024FARIASG_2025-10-11_G07,10110024FARIASG,2025-10-11,108794,1,4,0,333.0
10110024FARIASG_2025-10-11_G08,10110024FARIASG,2025-10-11,111466,1,2,0,274.0
10110024FARIASG_2025-10-11_G09,10110024FARIASG,2025-10-11,109641,1,20,0,697.0
10110024FARIASG_2025-10-11_G10,10110024FARIASG,2025-10-11,111172,1,20,0,483.0
10110024FARIASG_2025-10-11_G11,10110024FARIASG,2025-10-11,111469,1,10,0,1071.0
10110024FARIASG_2025-10-11_G12,10110024FARIASG,2025-10-11,111469,2,90,8,841.0
10110024FARIASG_2025-10-11_G13,10110024FARIASG,2025-10-11,111418,1,100,0,1149.0
10110024FARIASG_2025-10-11_G14,10110024FARIASG,2025-10-11,111466,1,38,0,1208.0
10110024FARIASG_2025-10-11_G15,10110024FARIASG,2025-10-11,111466,1,60,0,708.0
10110024FARIASG_2025-10-11_G16,10110024FARIASG,2025-10-11,116241,1,30,0,513.0
10110024FARIASG_2025-10-11_G18,10110024FARIASG,2025-10-11,110030,1,2,0,1046.0
10110024FARIASG_2025-10-11_G20,10110024FARIASG,2025-10-11,108772,1,27,0,917.0
10110024FARIASG_2025-10-11_G21,10110024FARIASG,2025-10-11,117808,1,800,0,1527.0
10110024FARIASG_2025-10-13_G02,10110024FARIASG,2025-10-13,111876,1,4,0,210.0
10110024FARIASG_2025-10-13_G03,10110024FARIASG,2025-10-13,107629,1,10,0,399.0
10110024FARIASG_2025-10-13_G04,10110024FARIASG,2025-10-13,118298,1,30,0,402.0
10110024FARIASG_2025-10-13_G05,10110024FARIASG,2025-10-13,110711,1,110,0,2222.0
10110024FARIASG_2025-10-13_G06,10110024FARIASG,2025-10-13,117853,1,20,0,591.0
10110024FARIASG_2025-10-13_G07,10110024FARIASG,2025-10-13,117935,1,9,0,685.0
10110024FARIASG_2025-10-13_G08,10110024FARIASG,2025-10-13,108772,1,6,0,2080.0
10110024FARIASG_2025-10-13_G09,10110024FARIASG,2025-10-13,108772,1,14,0,300.0
10110024FARIASG_2025-10-13_G10,10110024FARIASG,2025-10-13,118330,1,2,0,1369.0
10110024FARIASG_2025-10-13_G11,10110024FARIASG,2025-10-13,141456,1,10,0,763.0
10110024FARIASG_2025-10-13_G12,10110024FARIASG,2025-10-13,105705,1,24,0,478.0
10110024FARIASG_2025-10-13_G13,10110024FARIASG,2025-10-13,108711,1,20,0,1041.0
10110024FARIASG_2025-10-13_G14,10110024FARIASG,2025-10-13,141823,1,20,0,2171.0
10110024FARIASG_2025-10-13_G15,10110024FARIASG,2025-10-13,110752,1,20,0,1103.0
10110024FARIASG_2025-10-13_G16,10110024FARIASG,2025-10-13,110339,1,5,0,465.0
10110024FARIASG_2025-10-13_G17,10110024FARIASG,2025-10-13,118094,1,20,0,1022.0
10110024FARIASG_2025-10-13_G18,10110024FARIASG,2025-10-13,111602,1,35,0,1084.0
10110024FARIASG_2025-10-13_G20,10110024FARIASG,2025-10-13,118094,1,50,0,3171.0
10110024FARIASG_2025-10-14_G02,10110024FARIASG,2025-10-14,117855,1,4,0,356.0
10110024FARIASG_2025-10-14_G03,10110024FARIASG,2025-10-14,118094,1,6,0,174.0
10110024FARIASG_2025-10-14_G04,10110024FARIASG,2025-10-14,109647,1,4,0,277.0
10110024FARIASG_2025-10-14_G05,10110024FARIASG,2025-10-14,110733,1,3,0,233.0
10110024FARIASG_2025-10-14_G06,10110024FARIASG,2025-10-14,117786,1,6,0,253.0
10110024FARIASG_2025-10-14_G07,10110024FARIASG,2025-10-14,117786,1,1,0,45.0
10110024FARIASG_2025-10-14_G08,10110024FARIASG,2025-10-14,117837,1,4,0,194.0
10110024FARIASG_2025-10-14_G09,10110024FARIASG,2025-10-14,117808,1,100,0,863.0
10110024FARIASG_2025-10-14_G10,10110024FARIASG,2025-10-14,110746,1,4,0,1121.0
10110024FARIASG_2025-10-14_G11,10110024FARIASG,2025-10-14,111430,1,2,0,334.0
10110024FARIASG_2025-10-14_G12,10110024FARIASG,2025-10-14,100334,1,4,0,133.0
10110024FARIASG_2025-10-14_G13,10110024FARIASG,2025-10-14,110755,1,6,0,810.0
10110024FARIASG_2025-10-14_G14,10110024FARIASG,2025-10-14,110747,1,2,0,363.0
10110024FARIASG_2025-10-14_G15,10110024FARIASG,2025-10-14,118222,1,4,0,349.0
10110024FARIASG_2025-10-14_G16,10110024FARIASG,2025-10-14,117855,1,4,0,558.0
10110024FARIASG_2025-10-14_G17,10110024FARIASG,2025-10-14,117856,1,2,0,77.0
10110024FARIASG_2025-10-14_G18,10110024FARIASG,2025-10-14,118094,1,4,0,62.0
10110024FARIASG_2025-10-14_G19,10110024FARIASG,2025-10-14,107629,1,2,0,122.0
10110024FARIASG_2025-10-14_G20,10110024FARIASG,2025-10-14,111530,1,4,0,135.0
10110024FARIASG_2025-10-14_G21,10110024FARIASG,2025-10-14,110711,1,3,0,99.0
10110024FARIASG_2025-10-14_G22,10110024FARIASG,2025-10-14,110711,1,3,0,101.0
10110024FARIASG_2025-10-14_G23,10110024FARIASG,2025-10-14,117862,1,8,0,174.0
10110024FARIASG_2025-10-14_G24,10110024FARIASG,2025-10-14,117853,1,1,0,613.0
10110024FARIASG_2025-10-14_G25,10110024FARIASG,2025-10-14,110733,1,4,0,98.0
10110024FARIASG_2025-10-14_G26,10110024FARIASG,2025-10-14,117935,1,6,0,210.0
10110024FARIASG_2025-10-14_G27,10110024FARIASG,2025-10-14,111467,1,3,0,136.0
10110024FARIASG_2025-10-14_G28,10110024FARIASG,2025-10-14,111602,1,8,0,284.0
10110024FARIASG_2025-10-14_G29,10110024FARIASG,2025-10-14,117837,1,2,0,144.0
10110024FARIASG_2025-10-14_G30,10110024FARIASG,2025-10-14,111660,1,4,0,818.0
10110024FARIASG_2025-10-14_G31,10110024FARIASG,2025-10-14,111438,1,2,0,381.0
10110024FARIASG_2025-10-14_G32,10110024FARIASG,2025-10-14,111569,1,4,0,289.0
10110024FARIASG_2025-10-14_G33,10110024FARIASG,2025-10-14,110754,1,2,0,295.0
10110024FARIASG_2025-10-14_G34,10110024FARIASG,2025-10-14,117855,1,7,0,618.0
10110024FARIASG_2025-10-14_G35,10110024FARIASG,2025-10-14,117856,1,2,0,211.0
10110024FARIASG_2025-10-14_G36,10110024FARIASG,2025-10-14,111876,1,2,0,79.0
10110024FARIASG_2025-10-14_G37,10110024FARIASG,2025-10-14,111602,1,4,0,362.0
10110024FARIASG_2025-10-14_G38,10110024FARIASG,2025-10-14,117935,1,4,0,232.0
10110024FARIASG_2025-10-14_G40,10110024FARIASG,2025-10-14,117855,1,8,0,1576.0
10110024FARIASG_2025-10-14_G41,10110024FARIASG,2025-10-14,118094,1,2,0,1376.0
10110024FARIASG_2025-10-14_G43,10110024FARIASG,2025-10-14,100334,1,2,0,81.0
10110024FARIASG_2025-10-14_G44,10110024FARIASG,2025-10-14,118222,1,4,0,229.0
10110024FARIASG_2025-10-14_G45,10110024FARIASG,2025-10-14,117853,1,4,0,271.0
10110024FARIASG_2025-10-14_G46,10110024FARIASG,2025-10-14,141456,1,2,0,1518.0
10110024FARIASG_2025-10-14_G47,10110024FARIASG,2025-10-14,118140,1,5,0,622.0
10110024FARIASG_2025-10-15_G02,10110024FARIASG,2025-10-15,117834,1,30,0,1228.0
10110024FARIASG_2025-10-15_G03,10110024FARIASG,2025-10-15,111569,1,17,0,824.0
10110024FARIASG_2025-10-15_G04,10110024FARIASG,2025-10-15,110754,1,6,0,232.0
10110024FARIASG_2025-10-15_G05,10110024FARIASG,2025-10-15,107830,1,14,0,1737.0
10110024FARIASG_2025-10-15_G06,10110024FARIASG,2025-10-15,110376,1,14,0,476.0
10110024FARIASG_2025-10-15_G07,10110024FARIASG,2025-10-15,110372,1,100,0,2308.0
10110024FARIASG_2025-10-15_G09,10110024FARIASG,2025-10-15,118222,1,36,0,1802.0
10110024FARIASG_2025-10-15_G10,10110024FARIASG,2025-10-15,109643,1,28,0,1236.0
10110024FARIASG_2025-10-15_G11,10110024FARIASG,2025-10-15,110374,2,4,13,600.0
10110024FARIASG_2025-10-15_G12,10110024FARIASG,2025-10-15,110787,1,2,0,1665.0
10110024FARIASG_2025-10-15_G13,10110024FARIASG,2025-10-15,110711,1,3,0,1093.0
10110024FARIASG_2025-10-15_G14,10110024FARIASG,2025-10-15,111443,1,12,0,713.0
10110024FARIASG_2025-10-15_G15,10110024FARIASG,2025-10-15,110373,1,10,0,233.0
10110024FARIASG_2025-10-15_G17,10110024FARIASG,2025-10-15,117820,1,40,0,766.0
10110024FARIASG_2025-10-15_G18,10110024FARIASG,2025-10-15,117808,1,40,0,890.0
10110024FARIASG_2025-10-15_G19,10110024FARIASG,2025-10-15,117832,1,8,0,180.0
10110024FARIASG_2025-10-15_G20,10110024FARIASG,2025-10-15,109974,1,1,0,1894.0
10110024FARIASG_2025-10-15_G21,10110024FARIASG,2025-10-15,118352,1,2,0,315.0
10110024FARIASG_2025-10-16_G02,10110024FARIASG,2025-10-16,111467,1,15,0,2396.0
10110024FARIASG_2025-10-16_G03,10110024FARIASG,2025-10-16,140922,1,20,0,598.0
10110024FARIASG_2025-10-16_G04,10110024FARIASG,2025-10-16,115209,1,20,0,1449.0
10110024FARIASG_2025-10-16_G05,10110024FARIASG,2025-10-16,115821,1,1,0,378.0
10110024FARIASG_2025-10-16_G06,10110024FARIASG,2025-10-16,110742,1,3,0,83.0
10110024FARIASG_2025-10-16_G07,10110024FARIASG,2025-10-16,111655,1,8,0,363.0
10110024FARIASG_2025-10-16_G08,10110024FARIASG,2025-10-16,111569,1,14,0,1477.0
10110024FARIASG_2025-10-16_G09,10110024FARIASG,2025-10-16,111660,1,30,0,1997.0
10110024FARIASG_2025-10-16_G10,10110024FARIASG,2025-10-16,111356,1,1,0,652.0
10110024FARIASG_2025-10-16_G11,10110024FARIASG,2025-10-16,110833,1,2,0,295.0
10110024FARIASG_2025-10-16_G12,10110024FARIASG,2025-10-16,110516,1,2,0,597.0
10110024FARIASG_2025-10-16_G13,10110024FARIASG,2025-10-16,140911,1,6,0,971.0
10110024FARIASG_2025-10-16_G14,10110024FARIASG,2025-10-16,140911,1,4,0,119.0
10110024FARIASG_2025-10-16_G15,10110024FARIASG,2025-10-16,140911,1,6,0,82.0
10110024FARIASG_2025-10-16_G16,10110024FARIASG,2025-10-16,107629,1,3,0,356.0
10110024FARIASG_2025-10-16_G17,10110024FARIASG,2025-10-16,110711,1,26,0,349.0
10110024FARIASG_2025-10-16_G18,10110024FARIASG,2025-10-16,110752,1,12,0,652.0
10110024FARIASG_2025-10-16_G19,10110024FARIASG,2025-10-16,109640,1,19,0,1004.0
10110024FARIASG_2025-10-16_G20,10110024FARIASG,2025-10-16,110339,1,8,0,818.0
10110024FARIASG_2025-10-16_G21,10110024FARIASG,2025-10-16,111463,1,51,0,906.0
10110024FARIASG_2025-10-16_G22,10110024FARIASG,2025-10-16,117785,1,80,0,289.0
10110024FARIASG_2025-10-16_G23,10110024FARIASG,2025-10-16,117832,1,4,0,745.0
10110024FARIASG_2025-10-16_G24,10110024FARIASG,2025-10-16,111602,1,6,0,208.0
10110024FARIASG_2025-10-16_G25,10110024FARIASG,2025-10-16,118317,1,3,0,225.0
10110024FARIASG_2025-10-16_G26,10110024FARIASG,2025-10-16,110372,1,24,0,1077.0
10110024FARIASG_2025-10-16_G27,10110024FARIASG,2025-10-16,118299,1,8,0,283.0
10110024FARIASG_2025-10-16_G28,10110024FARIASG,2025-10-16,110711,1,12,0,345.0
10110024FARIASG_2025-10-16_G30,10110024FARIASG,2025-10-16,118140,1,2,0,347.0
10110024FARIASG_2025-10-16_G31,10110024FARIASG,2025-10-16,111463,1,2,0,367.0
10110024FARIASG_2025-10-16_G32,10110024FARIASG,2025-10-16,108798,1,2,0,139.0
10110024FARIASG_2025-10-16_G33,10110024FARIASG,2025-10-16,117785,1,1,0,440.0
10110024FARIASG_2025-10-16_G34,10110024FARIASG,2025-10-16,117831,1,1,0,85.0
10110024FARIASG_2025-10-16_G35,10110024FARIASG,2025-10-16,117822,1,2,0,89.0
10110024FARIASG_2025-10-16_G36,10110024FARIASG,2025-10-16,110371,1,1,0,308.0
10110024FARIASG_2025-10-16_G37,10110024FARIASG,2025-10-16,117809,1,2,0,53.0
10110024FARIASG_2025-10-16_G38,10110024FARIASG,2025-10-16,117820,1,4,0,191.0
10110024FARIASG_2025-10-16_G39,10110024FARIASG,2025-10-16,117808,1,4,0,612.0
10110024FARIASG_2025-10-16_G40,10110024FARIASG,2025-10-16,110325,1,3,0,139.0
10110024FARIASG_2025-10-17_G02,10110024FARIASG,2025-10-17,117935,1,46,0,2488.0
10110024FARIASG_2025-10-17_G03,10110024FARIASG,2025-10-17,111530,1,54,0,680.0
10110024FARIASG_2025-10-17_G04,10110024FARIASG,2025-10-17,111466,1,295,0,2609.0
10110024FARIASG_2025-10-17_G05,10110024FARIASG,2025-10-17,111462,1,165,0,376.0
10110024FARIASG_2025-10-17_G06,10110024FARIASG,2025-10-17,111462,1,8,0,360.0
10110024FARIASG_2025-10-17_G07,10110024FARIASG,2025-10-17,118222,1,16,0,1785.0
10110024FARIASG_2025-10-17_G08,10110024FARIASG,2025-10-17,111463,1,30,0,1670.0
10110024FARIASG_2025-10-17_G09,10110024FARIASG,2025-10-17,108798,1,7,0,210.0
10110024FARIASG_2025-10-17_G10,10110024FARIASG,2025-10-17,117842,1,2,0,132.0
10110024FARIASG_2025-10-17_G11,10110024FARIASG,2025-10-17,111466,1,30,0,334.0
10110024FARIASG_2025-10-17_G12,10110024FARIASG,2025-10-17,117787,1,8,0,219.0
10110024FARIASG_2025-10-17_G13,10110024FARIASG,2025-10-17,109641,1,1,0,67.0
10110024FARIASG_2025-10-17_G14,10110024FARIASG,2025-10-17,117821,1,4,0,121.0
10110024FARIASG_2025-10-17_G15,10110024FARIASG,2025-10-17,117831,1,8,0,1045.0
10110024FARIASG_2025-10-17_G16,10110024FARIASG,2025-10-17,141271,1,8,0,176.0
10110024FARIASG_2025-10-17_G17,10110024FARIASG,2025-10-17,111743,1,5,0,263.0
10110024FARIASG_2025-10-17_G18,10110024FARIASG,2025-10-17,111465,1,12,0,986.0
10110024FARIASG_2025-10-17_G19,10110024FARIASG,2025-10-17,117832,1,2,0,170.0
10110024FARIASG_2025-10-17_G20,10110024FARIASG,2025-10-17,118299,1,13,0,452.0
10110024FARIASG_2025-10-17_G21,10110024FARIASG,2025-10-17,117808,1,14,0,283.0
10110024FARIASG_2025-10-17_G22,10110024FARIASG,2025-10-17,110376,1,2,0,120.0
10110024FARIASG_2025-10-17_G23,10110024FARIASG,2025-10-17,110371,1,20,0,724.0
10110024FARIASG_2025-10-17_G24,10110024FARIASG,2025-10-17,110371,1,3,0,71.0
10110024FARIASG_2025-10-17_G25,10110024FARIASG,2025-10-17,117820,1,11,0,191.0
10110024FARIASG_2025-10-17_G26,10110024FARIASG,2025-10-17,111466,1,6,0,1840.0
10110024FARIASG_2025-10-17_G27,10110024FARIASG,2025-10-17,117833,1,12,0,223.0
10110024FARIASG_2025-10-17_G28,10110024FARIASG,2025-10-17,141458,1,16,0,380.0
10110024FARIASG_2025-10-17_G29,10110024FARIASG,2025-10-17,111468,1,6,0,136.0
10110024FARIASG_2025-10-17_G30,10110024FARIASG,2025-10-17,118140,1,6,0,1461.0
10110024FARIASG_2025-10-18_G02,10110024FARIASG,2025-10-18,117831,1,42,0,1817.0
10110024FARIASG_2025-10-18_G03,10110024FARIASG,2025-10-18,111463,1,12,0,215.0
10110024FARIASG_2025-10-18_G04,10110024FARIASG,2025-10-18,110740,1,8,0,240.0
10110024FARIASG_2025-10-18_G05,10110024FARIASG,2025-10-18,108711,1,16,0,304.0
10110024FARIASG_2025-10-18_G06,10110024FARIASG,2025-10-18,141457,1,22,0,446.0
10110024FARIASG_2025-10-18_G07,10110024FARIASG,2025-10-18,109641,1,3,0,211.0
10110024FARIASG_2025-10-18_G08,10110024FARIASG,2025-10-18,117785,1,27,0,304.0
10110024FARIASG_2025-10-18_G09,10110024FARIASG,2025-10-18,140922,1,10,0,600.0
10110024FARIASG_2025-10-18_G10,10110024FARIASG,2025-10-18,141456,1,40,0,660.0
10110024FARIASG_2025-10-18_G11,10110024FARIASG,2025-10-18,105705,1,8,0,146.0
10110024FARIASG_2025-10-18_G12,10110024FARIASG,2025-10-18,117821,1,24,0,347.0
10110024FARIASG_2025-10-18_G13,10110024FARIASG,2025-10-18,111466,1,45,0,974.0
10110024FARIASG_2025-10-18_G14,10110024FARIASG,2025-10-18,111172,1,16,0,456.0
10110024FARIASG_2025-10-18_G15,10110024FARIASG,2025-10-18,141458,1,26,0,579.0
10110024FARIASG_2025-10-18_G16,10110024FARIASG,2025-10-18,107236,1,4,0,203.0
10110024FARIASG_2025-10-18_G17,10110024FARIASG,2025-10-18,111465,1,12,0,131.0
10110024FARIASG_2025-10-18_G18,10110024FARIASG,2025-10-18,118140,1,50,0,1087.0
10110024FARIASG_2025-10-18_G19,10110024FARIASG,2025-10-18,117785,1,20,0,451.0
10110024FARIASG_2025-10-18_G20,10110024FARIASG,2025-10-18,111466,1,30,0,919.0
10110024FARIASG_2025-10-18_G21,10110024FARIASG,2025-10-18,110787,1,38,0,1659.0
10110024FARIASG_2025-10-18_G23,10110024FARIASG,2025-10-18,110325,1,32,0,350.0
10110024FARIASG_2025-10-18_G24,10110024FARIASG,2025-10-18,110371,1,250,0,1417.0
10110024FARIASG_2025-10-18_G25,10110024FARIASG,2025-10-18,109643,1,9,0,214.0
10110024FARIASG_2025-10-18_G26,10110024FARIASG,2025-10-18,107830,1,10,0,256.0
10110024FARIASG_2025-10-18_G27,10110024FARIASG,2025-10-18,110376,1,8,0,202.0
10110024FARIASG_2025-10-18_G28,10110024FARIASG,2025-10-18,118299,1,171,0,918.0
10110024FARIASG_2025-10-18_G29,10110024FARIASG,2025-10-18,118299,1,97,0,472.0
10110024FARIASG_2025-10-20_G02,10110024FARIASG,2025-10-20,110755,1,2,0,132.0
10110024FARIASG_2025-10-20_G03,10110024FARIASG,2025-10-20,140911,1,4,0,144.0
10110024FARIASG_2025-10-20_G04,10110024FARIASG,2025-10-20,117832,1,4,0,615.0
10110024FARIASG_2025-10-20_G05,10110024FARIASG,2025-10-20,110371,1,7,0,120.0
10110024FARIASG_2025-10-20_G06,10110024FARIASG,2025-10-20,141202,1,15,0,231.0
10110024FARIASG_2025-10-20_G07,10110024FARIASG,2025-10-20,117809,1,24,0,547.0
10110024FARIASG_2025-10-20_G08,10110024FARIASG,2025-10-20,110325,1,133,0,1257.0
10110024FARIASG_2025-10-20_G09,10110024FARIASG,2025-10-20,110373,1,96,0,865.0
10110024FARIASG_2025-10-20_G10,10110024FARIASG,2025-10-20,117832,1,64,0,1015.0
10110024FARIASG_2025-10-20_G11,10110024FARIASG,2025-10-20,109643,1,4,0,1156.0
10110024FARIASG_2025-10-20_G12,10110024FARIASG,2025-10-20,111462,1,4,0,1823.0
10110024FARIASG_2025-10-20_G13,10110024FARIASG,2025-10-20,111172,1,1,0,183.0
10110024FARIASG_2025-10-20_G14,10110024FARIASG,2025-10-20,111172,1,7,0,373.0
10110024FARIASG_2025-10-20_G15,10110024FARIASG,2025-10-20,117834,1,2,0,300.0
10110024FARIASG_2025-10-20_G16,10110024FARIASG,2025-10-20,105705,1,4,0,202.0
10110024FARIASG_2025-10-20_G17,10110024FARIASG,2025-10-20,117820,1,8,0,311.0
10110024FARIASG_2025-10-20_G18,10110024FARIASG,2025-10-20,118140,1,4,0,1390.0
10110024FARIASG_2025-10-20_G19,10110024FARIASG,2025-10-20,108711,1,2,0,328.0
10110024FARIASG_2025-10-21_G02,10110024FARIASG,2025-10-21,110313,1,4,0,461.0
10110024FARIASG_2025-10-21_G03,10110024FARIASG,2025-10-21,117856,1,2,0,118.0
10110024FARIASG_2025-10-21_G04,10110024FARIASG,2025-10-21,110743,1,2,0,147.0
10110024FARIASG_2025-10-21_G05,10110024FARIASG,2025-10-21,111462,1,7,0,265.0
10110024FARIASG_2025-10-21_G06,10110024FARIASG,2025-10-21,110372,1,8,0,204.0
10110024FARIASG_2025-10-21_G07,10110024FARIASG,2025-10-21,110372,1,8,0,41.0
10110024FARIASG_2025-10-21_G08,10110024FARIASG,2025-10-21,118140,1,12,0,2442.0
10110024FARIASG_2025-10-21_G09,10110024FARIASG,2025-10-21,117831,1,8,0,166.0
10110024FARIASG_2025-10-21_G10,10110024FARIASG,2025-10-21,118140,1,8,0,298.0
10110024FARIASG_2025-10-21_G11,10110024FARIASG,2025-10-21,108711,1,8,0,711.0
10110024FARIASG_2025-10-21_G12,10110024FARIASG,2025-10-21,118140,1,6,0,193.0
10110024FARIASG_2025-10-21_G13,10110024FARIASG,2025-10-21,110733,1,6,0,211.0
10110024FARIASG_2025-10-21_G14,10110024FARIASG,2025-10-21,108711,1,2,0,110.0
10110024FARIASG_2025-10-21_G15,10110024FARIASG,2025-10-21,118140,1,24,0,687.0
10110024FARIASG_2025-10-21_G16,10110024FARIASG,2025-10-21,118140,1,8,0,215.0
10110024FARIASG_2025-10-21_G17,10110024FARIASG,2025-10-21,111172,1,3,0,1611.0
10110024FARIASG_2025-10-21_G18,10110024FARIASG,2025-10-21,110313,1,6,0,277.0
10110024FARIASG_2025-10-21_G19,10110024FARIASG,2025-10-21,110787,1,5,0,215.0
10110024FARIASG_2025-10-21_G20,10110024FARIASG,2025-10-21,111462,1,2,0,189.0
10110024FARIASG_2025-10-21_G21,10110024FARIASG,2025-10-21,110372,1,6,0,174.0
10110024FARIASG_2025-10-21_G22,10110024FARIASG,2025-10-21,110339,1,4,0,818.0
10110024FARIASG_2025-10-21_G23,10110024FARIASG,2025-10-21,111462,1,5,0,198.0
10110024FARIASG_2025-10-21_G24,10110024FARIASG,2025-10-21,110372,1,8,0,325.0
10110024FARIASG_2025-10-21_G25,10110024FARIASG,2025-10-21,160051,1,20,0,1324.0
10110024FARIASG_2025-10-21_G26,10110024FARIASG,2025-10-21,110372,1,10,0,2024.0
10110024FARIASG_2025-10-21_G27,10110024FARIASG,2025-10-21,141318,1,4,0,822.0
10110024FARIASG_2025-10-21_G28,10110024FARIASG,2025-10-21,111440,1,1,0,194.0
10110024FARIASG_2025-10-21_G29,10110024FARIASG,2025-10-21,118094,1,8,0,263.0
10110024FARIASG_2025-10-21_G30,10110024FARIASG,2025-10-21,107629,1,4,0,166.0
10110024FARIASG_2025-10-21_G31,10110024FARIASG,2025-10-21,117853,1,2,0,88.0
10110024FARIASG_2025-10-21_G32,10110024FARIASG,2025-10-21,110339,1,4,0,335.0
10110024FARIASG_2025-10-21_G33,10110024FARIASG,2025-10-21,111467,1,2,0,310.0
10110024FARIASG_2025-10-21_G35,10110024FARIASG,2025-10-21,117855,1,8,0,138.0
10110024FARIASG_2025-10-21_G36,10110024FARIASG,2025-10-21,111530,1,6,0,144.0
10110024FARIASG_2025-10-21_G37,10110024FARIASG,2025-10-21,117856,1,2,0,280.0
10110024FARIASG_2025-10-21_G38,10110024FARIASG,2025-10-21,110313,1,8,0,210.0
10110024FARIASG_2025-10-21_G39,10110024FARIASG,2025-10-21,141066,1,4,0,107.0
10110024FARIASG_2025-10-21_G40,10110024FARIASG,2025-10-21,118140,1,3,0,572.0
10110024FARIASG_2025-10-21_G41,10110024FARIASG,2025-10-21,110129,1,1,0,57.0
10110024FARIASG_2025-10-21_G42,10110024FARIASG,2025-10-21,117831,1,1,0,269.0
10110024FARIASG_2025-10-21_G43,10110024FARIASG,2025-10-21,111463,1,4,0,590.0
10110024FARIASG_2025-10-21_G44,10110024FARIASG,2025-10-21,117838,1,1,0,100.0
10110024FARIASG_2025-10-21_G45,10110024FARIASG,2025-10-21,108794,1,2,0,115.0
10110024FARIASG_2025-10-21_G46,10110024FARIASG,2025-10-21,111462,1,1,0,450.0
10110024FARIASG_2025-10-21_G47,10110024FARIASG,2025-10-21,111466,1,1,0,84.0
10110024FARIASG_2025-10-21_G48,10110024FARIASG,2025-10-21,111172,1,2,0,62.0
10110024FARIASG_2025-10-21_G49,10110024FARIASG,2025-10-21,117830,1,8,0,847.0
10110024FARIASG_2025-10-21_G50,10110024FARIASG,2025-10-21,117832,1,4,0,99.0
10110024FARIASG_2025-10-21_G51,10110024FARIASG,2025-10-21,110372,1,9,0,264.0
10110024FARIASG_2025-10-21_G52,10110024FARIASG,2025-10-21,118299,1,4,0,362.0
10110024FARIASG_2025-10-21_G53,10110024FARIASG,2025-10-21,110376,1,1,0,114.0
10110024FARIASG_2025-10-21_G54,10110024FARIASG,2025-10-21,110373,1,2,0,93.0
10110024FARIASG_2025-10-21_G55,10110024FARIASG,2025-10-21,110371,1,3,0,83.0
10110024FARIASG_2025-10-21_G56,10110024FARIASG,2025-10-21,117820,1,8,0,115.0
10110024FARIASG_2025-10-21_G57,10110024FARIASG,2025-10-21,141202,1,2,0,69.0
10110024FARIASG_2025-10-21_G58,10110024FARIASG,2025-10-21,110325,1,3,0,92.0
10110024FARIASG_2025-10-21_G59,10110024FARIASG,2025-10-21,117856,1,3,0,398.0
10110024FARIASG_2025-10-21_G60,10110024FARIASG,2025-10-21,110339,1,4,0,148.0
10110024FARIASG_2025-10-21_G61,10110024FARIASG,2025-10-21,111602,1,1,0,161.0
10110024FARIASG_2025-10-21_G62,10110024FARIASG,2025-10-21,111530,1,2,0,392.0
10110024FARIASG_2025-10-21_G63,10110024FARIASG,2025-10-21,111743,1,4,0,178.0
10110024FARIASG_2025-10-21_G64,10110024FARIASG,2025-10-21,105705,1,2,0,86.0
10110024FARIASG_2025-10-21_G65,10110024FARIASG,2025-10-21,117831,1,3,0,99.0
10110024FARIASG_2025-10-21_G66,10110024FARIASG,2025-10-21,141823,1,2,0,112.0
10110024FARIASG_2025-10-21_G67,10110024FARIASG,2025-10-21,117785,1,4,0,290.0
10110024FARIASG_2025-10-21_G68,10110024FARIASG,2025-10-21,107236,1,1,0,107.0
10110024FARIASG_2025-10-21_G69,10110024FARIASG,2025-10-21,109643,1,2,0,220.0
10110024FARIASG_2025-10-21_G70,10110024FARIASG,2025-10-21,117830,1,1,0,115.0
10110024FARIASG_2025-10-21_G71,10110024FARIASG,2025-10-21,117832,1,2,0,52.0
10110024FARIASG_2025-10-21_G72,10110024FARIASG,2025-10-21,110372,1,5,0,174.0
10110024FARIASG_2025-10-21_G73,10110024FARIASG,2025-10-21,118299,1,15,0,155.0
10110024FARIASG_2025-10-22_G02,10110024FARIASG,2025-10-22,110376,1,31,0,792.0
10110024FARIASG_2025-10-22_G03,10110024FARIASG,2025-10-22,110325,1,34,0,436.0
10110024FARIASG_2025-10-22_G04,10110024FARIASG,2025-10-22,109648,1,12,0,317.0
10110024FARIASG_2025-10-22_G05,10110024FARIASG,2025-10-22,117808,1,426,0,1498.0
10110024FARIASG_2025-10-22_G06,10110024FARIASG,2025-10-22,110373,1,49,0,609.0
10110024FARIASG_2025-10-22_G07,10110024FARIASG,2025-10-22,107830,1,20,0,319.0
10110024FARIASG_2025-10-22_G08,10110024FARIASG,2025-10-22,117832,1,23,0,362.0
10110024FARIASG_2025-10-22_G09,10110024FARIASG,2025-10-22,110371,1,83,0,859.0
10110024FARIASG_2025-10-22_G10,10110024FARIASG,2025-10-22,140923,1,40,0,1245.0
10110024FARIASG_2025-10-22_G11,10110024FARIASG,2025-10-22,140957,1,4,0,120.0
10110024FARIASG_2025-10-22_G12,10110024FARIASG,2025-10-22,118298,1,4,0,238.0
10110024FARIASG_2025-10-22_G13,10110024FARIASG,2025-10-22,110753,1,4,0,303.0
10110024FARIASG_2025-10-22_G14,10110024FARIASG,2025-10-22,117965,1,5,0,137.0
10110024FARIASG_2025-10-22_G15,10110024FARIASG,2025-10-22,117853,1,4,0,128.0
10110024FARIASG_2025-10-22_G16,10110024FARIASG,2025-10-22,110733,1,15,0,672.0
10110024FARIASG_2025-10-22_G17,10110024FARIASG,2025-10-22,105242,1,4,0,175.0
10110024FARIASG_2025-10-22_G18,10110024FARIASG,2025-10-22,111467,1,5,0,114.0
10110024FARIASG_2025-10-22_G19,10110024FARIASG,2025-10-22,117786,1,16,0,259.0
10110024FARIASG_2025-10-22_G20,10110024FARIASG,2025-10-22,107629,1,9,0,144.0
10110024FARIASG_2025-10-22_G21,10110024FARIASG,2025-10-22,117837,1,10,0,380.0
10110024FARIASG_2025-10-22_G22,10110024FARIASG,2025-10-22,108772,1,39,0,665.0
10110024FARIASG_2025-10-22_G23,10110024FARIASG,2025-10-22,141035,1,2,0,1196.0
10110024FARIASG_2025-10-22_G24,10110024FARIASG,2025-10-22,118416,1,4,0,147.0
10110024FARIASG_2025-10-22_G25,10110024FARIASG,2025-10-22,108701,1,1,0,46.0
10110024FARIASG_2025-10-22_G26,10110024FARIASG,2025-10-22,109647,1,2,0,79.0
10110024FARIASG_2025-10-22_G27,10110024FARIASG,2025-10-22,110741,1,10,0,1844.0
10110024FARIASG_2025-10-22_G28,10110024FARIASG,2025-10-22,111467,1,3,0,171.0
10110024FARIASG_2025-10-22_G29,10110024FARIASG,2025-10-22,107629,1,8,0,215.0
10110024FARIASG_2025-10-22_G30,10110024FARIASG,2025-10-22,111602,1,10,0,503.0
10110024FARIASG_2025-10-22_G31,10110024FARIASG,2025-10-22,110339,1,1,0,77.0
10110024FARIASG_2025-10-22_G32,10110024FARIASG,2025-10-22,108795,1,12,0,778.0
10110024FARIASG_2025-10-22_G34,10110024FARIASG,2025-10-22,140922,1,2,0,125.0
10110024FARIASG_2025-10-22_G35,10110024FARIASG,2025-10-22,108798,1,5,0,220.0
10110024FARIASG_2025-10-22_G36,10110024FARIASG,2025-10-22,108794,1,6,0,119.0
10110024FARIASG_2025-10-22_G37,10110024FARIASG,2025-10-22,111418,1,8,0,201.0
10110024FARIASG_2025-10-22_G38,10110024FARIASG,2025-10-22,111468,1,6,0,187.0
10110024FARIASG_2025-10-22_G39,10110024FARIASG,2025-10-22,110372,1,8,0,207.0
10110024FARIASG_2025-10-22_G40,10110024FARIASG,2025-10-22,118299,1,2,0,72.0
10110024FARIASG_2025-10-22_G41,10110024FARIASG,2025-10-22,110373,1,5,0,359.0
10110024FARIASG_2025-10-22_G42,10110024FARIASG,2025-10-22,141202,1,2,0,134.0
10110024FARIASG_2025-10-22_G43,10110024FARIASG,2025-10-22,111850,1,2,0,162.0
10110024FARIASG_2025-10-22_G44,10110024FARIASG,2025-10-22,140923,1,6,0,254.0
10110024FARIASG_2025-10-22_G45,10110024FARIASG,2025-10-22,110313,1,4,0,271.0
10110024FARIASG_2025-10-22_G46,10110024FARIASG,2025-10-22,117830,1,10,0,1395.0
10110024FARIASG_2025-10-22_G47,10110024FARIASG,2025-10-22,117830,1,2,0,124.0
10110024FARIASG_2025-10-22_G48,10110024FARIASG,2025-10-22,117830,1,6,0,153.0
10110024FARIASG_2025-10-22_G49,10110024FARIASG,2025-10-22,160051,1,4,0,569.0
10110024FARIASG_2025-10-22_G50,10110024FARIASG,2025-10-22,110742,1,9,0,1666.0
10110024FARIASG_2025-10-22_G51,10110024FARIASG,2025-10-22,111850,1,4,0,174.0
10110024FARIASG_2025-10-22_G52,10110024FARIASG,2025-10-22,110313,1,4,0,192.0
10110024FARIASG_2025-10-22_G53,10110024FARIASG,2025-10-22,110787,1,8,0,167.0
10110024FARIASG_2025-10-22_G54,10110024FARIASG,2025-10-22,110787,1,8,0,76.0
10110024FARIASG_2025-10-22_G55,10110024FARIASG,2025-10-22,108794,1,8,0,140.0
10110024FARIASG_2025-10-22_G56,10110024FARIASG,2025-10-22,110743,1,4,0,108.0
10110024FARIASG_2025-10-23_G02,10110024FARIASG,2025-10-23,111443,1,56,0,1204.0
10110024FARIASG_2025-10-23_G03,10110024FARIASG,2025-10-23,111348,1,18,0,496.0
10110024FARIASG_2025-10-23_G04,10110024FARIASG,2025-10-23,117830,1,8,0,868.0
10110024FARIASG_2025-10-23_G06,10110024FARIASG,2025-10-23,117830,1,10,0,230.0
10110024FARIASG_2025-10-23_G07,10110024FARIASG,2025-10-23,111418,1,2,0,155.0
10110024FARIASG_2025-10-23_G08,10110024FARIASG,2025-10-23,117831,1,8,0,1224.0
10110024FARIASG_2025-10-23_G09,10110024FARIASG,2025-10-23,111466,1,16,0,252.0
10110024FARIASG_2025-10-23_G10,10110024FARIASG,2025-10-23,111442,1,4,0,582.0
10110024FARIASG_2025-10-23_G11,10110024FARIASG,2025-10-23,111469,1,6,0,788.0
10110024FARIASG_2025-10-23_G12,10110024FARIASG,2025-10-23,100334,1,2,0,138.0
10110024FARIASG_2025-10-23_G13,10110024FARIASG,2025-10-23,108770,1,4,0,196.0
10110024FARIASG_2025-10-23_G14,10110024FARIASG,2025-10-23,111530,1,2,0,134.0
10110024FARIASG_2025-10-23_G15,10110024FARIASG,2025-10-23,117935,1,4,0,210.0
10110024FARIASG_2025-10-23_G16,10110024FARIASG,2025-10-23,105705,1,6,0,190.0
10110024FARIASG_2025-10-23_G17,10110024FARIASG,2025-10-23,111463,1,8,0,186.0
10110024FARIASG_2025-10-23_G19,10110024FARIASG,2025-10-23,111348,1,2,0,72.0
10110024FARIASG_2025-10-23_G20,10110024FARIASG,2025-10-23,141823,1,8,0,172.0
10110024FARIASG_2025-10-23_G21,10110024FARIASG,2025-10-23,117820,1,6,0,1231.0
10110024FARIASG_2025-10-23_G22,10110024FARIASG,2025-10-23,111462,1,50,0,2514.0
10110024FARIASG_2025-10-23_G23,10110024FARIASG,2025-10-23,117785,1,106,0,2086.0
10110024FARIASG_2025-10-23_G24,10110024FARIASG,2025-10-23,111469,1,2,0,118.0
10110024FARIASG_2025-10-23_G25,10110024FARIASG,2025-10-23,111462,1,27,0,249.0
10110024FARIASG_2025-10-23_G26,10110024FARIASG,2025-10-23,111462,1,47,0,758.0
10110024FARIASG_2025-10-23_G27,10110024FARIASG,2025-10-23,111172,1,6,0,186.0
10110024FARIASG_2025-10-24_G02,10110024FARIASG,2025-10-24,111602,1,8,0,740.0
10110024FARIASG_2025-10-24_G03,10110024FARIASG,2025-10-24,111602,1,12,0,264.0
10110024FARIASG_2025-10-24_G04,10110024FARIASG,2025-10-24,108770,1,4,0,230.0
10110024FARIASG_2025-10-24_G05,10110024FARIASG,2025-10-24,117935,1,6,0,226.0
10110024FARIASG_2025-10-24_G06,10110024FARIASG,2025-10-24,140922,1,2,0,99.0
10110024FARIASG_2025-10-24_G07,10110024FARIASG,2025-10-24,141823,1,4,0,188.0
10110024FARIASG_2025-10-24_G08,10110024FARIASG,2025-10-24,108711,1,4,0,159.0
10110024FARIASG_2025-10-24_G09,10110024FARIASG,2025-10-24,117808,1,8,0,201.0
10110024FARIASG_2025-10-24_G10,10110024FARIASG,2025-10-24,111602,1,8,0,518.0
10110024FARIASG_2025-10-24_G11,10110024FARIASG,2025-10-24,110747,1,2,0,95.0
10110024FARIASG_2025-10-24_G12,10110024FARIASG,2025-10-24,117831,1,4,0,189.0
10110024FARIASG_2025-10-24_G13,10110024FARIASG,2025-10-24,140922,1,2,0,134.0
10110024FARIASG_2025-10-24_G14,10110024FARIASG,2025-10-24,141457,1,2,0,152.0
10110024FARIASG_2025-10-24_G15,10110024FARIASG,2025-10-24,117821,1,9,0,191.0
10110024FARIASG_2025-10-24_G16,10110024FARIASG,2025-10-24,141458,1,4,0,127.0
10110024FARIASG_2025-10-24_G17,10110024FARIASG,2025-10-24,110371,1,4,0,382.0
10110024FARIASG_2025-10-24_G18,10110024FARIASG,2025-10-24,117808,1,40,0,1386.0
10110024FARIASG_2025-10-24_G19,10110024FARIASG,2025-10-24,117832,1,16,0,935.0
10110024FARIASG_2025-10-24_G20,10110024FARIASG,2025-10-24,117831,1,4,0,135.0
10110024FARIASG_2025-10-24_G21,10110024FARIASG,2025-10-24,140922,1,8,0,206.0
10110024FARIASG_2025-10-24_G22,10110024FARIASG,2025-10-24,117855,1,8,0,307.0
10110024FARIASG_2025-10-24_G23,10110024FARIASG,2025-10-24,117808,1,13,0,406.0
10110024FARIASG_2025-10-24_G24,10110024FARIASG,2025-10-24,117820,1,10,0,2664.0
10110024FARIASG_2025-10-24_G26,10110024FARIASG,2025-10-24,117831,1,4,0,123.0
10110024FARIASG_2025-10-24_G27,10110024FARIASG,2025-10-24,111418,1,2,0,591.0
10110024FARIASG_2025-10-24_G28,10110024FARIASG,2025-10-24,117785,1,1,0,192.0
10110024FARIASG_2025-10-25_G02,10110024FARIASG,2025-10-25,117786,1,4,0,204.0
10110024FARIASG_2025-10-25_G03,10110024FARIASG,2025-10-25,140923,1,1,0,72.0
10110024FARIASG_2025-10-25_G04,10110024FARIASG,2025-10-25,111602,1,4,0,106.0
10110024FARIASG_2025-10-25_G05,10110024FARIASG,2025-10-25,111466,1,8,0,192.0
10110024FARIASG_2025-10-25_G06,10110024FARIASG,2025-10-25,111463,1,2,0,72.0
10110024FARIASG_2025-10-25_G07,10110024FARIASG,2025-10-25,111418,1,8,0,1183.0
10110024FARIASG_2025-10-25_G08,10110024FARIASG,2025-10-25,111444,1,2,0,139.0
10110024FARIASG_2025-10-25_G09,10110024FARIASG,2025-10-25,"141458, 111462",2,12,0,357.0
10110024FARIASG_2025-10-25_G10,10110024FARIASG,2025-10-25,111465,1,2,0,45.0
10110024FARIASG_2025-10-25_G11,10110024FARIASG,2025-10-25,141456,1,2,0,155.0
10110024FARIASG_2025-10-25_G12,10110024FARIASG,2025-10-25,117785,1,20,0,328.0
10110024FARIASG_2025-10-25_G13,10110024FARIASG,2025-10-25,118299,1,25,0,1392.0
10110024FARIASG_2025-10-25_G14,10110024FARIASG,2025-10-25,110373,1,8,0,241.0
10110024FARIASG_2025-10-25_G15,10110024FARIASG,2025-10-25,110374,1,2,0,513.0
10110024FARIASG_2025-10-25_G16,10110024FARIASG,2025-10-25,117830,1,1,0,88.0
10110024FARIASG_2025-10-25_G18,10110024FARIASG,2025-10-25,140923,1,3,0,199.0
10110024FARIASG_2025-10-25_G19,10110024FARIASG,2025-10-25,111530,2,4,26,482.0
10110024FARIASG_2025-10-25_G20,10110024FARIASG,2025-10-25,110373,1,4,0,272.0
10110024FARIASG_2025-10-25_G21,10110024FARIASG,2025-10-25,111602,1,3,0,1562.0
10110024FARIASG_2025-10-25_G22,10110024FARIASG,2025-10-25,111602,1,12,0,346.0
10110024FARIASG_2025-10-25_G23,10110024FARIASG,2025-10-25,111602,1,8,0,600.0
10110024FARIASG_2025-10-25_G24,10110024FARIASG,2025-10-25,111602,1,5,0,124.0
10110024FARIASG_2025-10-25_G25,10110024FARIASG,2025-10-25,111602,1,4,0,107.0
10110024FARIASG_2025-10-25_G26,10110024FARIASG,2025-10-25,109640,1,2,0,188.0
10110024FARIASG_2025-10-25_G27,10110024FARIASG,2025-10-25,109640,1,2,0,141.0
10110024FARIASG_2025-10-25_G28,10110024FARIASG,2025-10-25,117830,1,8,0,235.0
10110024FARIASG_2025-10-25_G29,10110024FARIASG,2025-10-25,110372,1,34,0,481.0
10110024FARIASG_2025-10-25_G30,10110024FARIASG,2025-10-25,110711,1,2,0,1359.0
10110024FARIASG_2025-10-25_G31,10110024FARIASG,2025-10-25,110787,1,3,0,1091.0
10110024FARIASG_2025-10-25_G32,10110024FARIASG,2025-10-25,110787,1,1,0,180.0
10110024FARIASG_2025-10-25_G33,10110024FARIASG,2025-10-25,110787,1,2,0,107.0
10110024FARIASG_2025-10-25_G34,10110024FARIASG,2025-10-25,110787,1,4,0,101.0
10110024FARIASG_2025-10-27_G02,10110024FARIASG,2025-10-27,140922,1,12,0,312.0
10110024FARIASG_2025-10-27_G03,10110024FARIASG,2025-10-27,110787,1,4,0,142.0
10110024FARIASG_2025-10-27_G04,10110024FARIASG,2025-10-27,118299,1,600,0,2888.0
10110024FARIASG_2025-10-27_G05,10110024FARIASG,2025-10-27,117808,1,381,0,1715.0
10110024FARIASG_2025-10-27_G06,10110024FARIASG,2025-10-27,110371,1,20,0,247.0
10110024FARIASG_2025-10-27_G07,10110024FARIASG,2025-10-27,117808,1,130,0,1054.0
10110024FARIASG_2025-10-27_G08,10110024FARIASG,2025-10-27,110372,1,50,0,443.0
10110024FARIASG_2025-10-27_G09,10110024FARIASG,2025-10-27,117820,1,100,0,345.0
10110024FARIASG_2025-10-28_G02,10110024FARIASG,2025-10-28,141456,1,2,0,111.0
10110024FARIASG_2025-10-28_G03,10110024FARIASG,2025-10-28,111182,1,2,0,115.0
10110024FARIASG_2025-10-28_G04,10110024FARIASG,2025-10-28,111182,1,6,0,147.0
10110024FARIASG_2025-10-28_G05,10110024FARIASG,2025-10-28,110787,1,9,0,309.0
10110024FARIASG_2025-10-28_G06,10110024FARIASG,2025-10-28,111330,1,7,0,562.0
10110024FARIASG_2025-10-28_G07,10110024FARIASG,2025-10-28,107236,1,4,0,324.0
10110024FARIASG_2025-10-28_G08,10110024FARIASG,2025-10-28,117830,1,2,0,195.0
10110024FARIASG_2025-10-28_G09,10110024FARIASG,2025-10-28,110747,1,4,0,235.0
10110024FARIASG_2025-10-28_G10,10110024FARIASG,2025-10-28,111330,1,4,0,163.0
10110024FARIASG_2025-10-28_G11,10110024FARIASG,2025-10-28,141457,1,4,0,171.0
10110024FARIASG_2025-10-28_G12,10110024FARIASG,2025-10-28,116527,1,8,0,960.0
10110024FARIASG_2025-10-28_G13,10110024FARIASG,2025-10-28,108795,1,4,0,94.0
10110024FARIASG_2025-10-28_G14,10110024FARIASG,2025-10-28,110787,1,14,0,227.0
10110024FARIASG_2025-10-28_G15,10110024FARIASG,2025-10-28,111469,1,11,0,192.0
10110024FARIASG_2025-10-28_G16,10110024FARIASG,2025-10-28,110371,1,2,0,182.0
10110024FARIASG_2025-10-28_G17,10110024FARIASG,2025-10-28,117830,1,5,0,219.0
10110024FARIASG_2025-10-28_G18,10110024FARIASG,2025-10-28,117830,1,2,0,49.0
10110024FARIASG_2025-10-28_G19,10110024FARIASG,2025-10-28,110372,1,1,0,99.0
10110024FARIASG_2025-10-28_G20,10110024FARIASG,2025-10-28,110372,1,5,0,242.0
10110024FARIASG_2025-10-28_G21,10110024FARIASG,2025-10-28,118299,1,5,0,68.0
10110024FARIASG_2025-10-28_G22,10110024FARIASG,2025-10-28,141202,1,2,0,183.0
10110024FARIASG_2025-10-28_G23,10110024FARIASG,2025-10-28,117856,1,50,0,987.0
10110024FARIASG_2025-10-28_G24,10110024FARIASG,2025-10-28,111602,1,31,0,496.0
10110024FARIASG_2025-10-28_G25,10110024FARIASG,2025-10-28,109640,1,8,0,678.0
10110024FARIASG_2025-10-28_G26,10110024FARIASG,2025-10-28,111330,1,8,0,289.0
10110024FARIASG_2025-10-28_G27,10110024FARIASG,2025-10-28,111418,1,2,0,91.0
10110024FARIASG_2025-10-28_G28,10110024FARIASG,2025-10-28,111120,1,7,0,264.0
10110024FARIASG_2025-10-28_G29,10110024FARIASG,2025-10-28,111418,1,148,0,1713.0
10110024FARIASG_2025-10-28_G30,10110024FARIASG,2025-10-28,117856,1,80,0,895.0
10110024FARIASG_2025-10-28_G31,10110024FARIASG,2025-10-28,111602,1,100,0,1061.0
10110024FARIASG_2025-10-28_G32,10110024FARIASG,2025-10-28,109640,1,8,0,339.0
10110024FARIASG_2025-10-28_G33,10110024FARIASG,2025-10-28,111530,1,40,0,320.0
10110024FARIASG_2025-10-28_G34,10110024FARIASG,2025-10-28,117856,1,40,0,1476.0
10110024FARIASG_2025-10-31_G02,10110024FARIASG,2025-10-31,117808,1,630,0,2702.0
10110024FARIASG_2025-10-31_G03,10110024FARIASG,2025-10-31,110371,1,75,0,988.0
10110024FARIASG_2025-10-31_G04,10110024FARIASG,2025-10-31,117830,1,40,0,1015.0
10110024FARIASG_2025-10-31_G05,10110024FARIASG,2025-10-31,110374,1,76,0,1403.0
10110024FARIASG_2025-10-31_G06,10110024FARIASG,2025-10-31,118140,1,55,0,1953.0
10110024FARIASG_2025-10-31_G07,10110024FARIASG,2025-10-31,141047,1,4,0,811.0
10110024FARIASG_2025-10-31_G08,10110024FARIASG,2025-10-31,109640,1,6,0,173.0
10110024FARIASG_2025-10-31_G09,10110024FARIASG,2025-10-31,109641,1,6,0,137.0
10110024FARIASG_2025-10-31_G10,10110024FARIASG,2025-10-31,111441,1,5,0,1050.0
10110024FARIASG_2025-10-31_G11,10110024FARIASG,2025-10-31,141047,1,6,0,290.0
10110024FARIASG_2025-10-31_G12,10110024FARIASG,2025-10-31,118094,1,6,0,185.0
10110024FARIASG_2025-10-31_G13,10110024FARIASG,2025-10-31,111532,1,4,0,151.0
10110024FARIASG_2025-10-31_G14,10110024FARIASG,2025-10-31,117830,1,4,0,165.0
10110024FARIASG_2025-10-31_G15,10110024FARIASG,2025-10-31,110895,1,8,0,2127.0
10110024FARIASG_2025-10-31_G16,10110024FARIASG,2025-10-31,141047,1,3,0,1136.0
10110024FARIASG_2025-10-31_G17,10110024FARIASG,2025-10-31,110787,1,4,0,121.0
10110024FARIASG_2025-10-31_G18,10110024FARIASG,2025-10-31,110895,1,2,0,319.0
10110024FARIASG_2025-10-31_G19,10110024FARIASG,2025-10-31,109645,1,4,0,152.0
10110024FARIASG_2025-10-31_G20,10110024FARIASG,2025-10-31,110787,1,4,0,212.0
10110024FARIASG_2025-10-31_G21,10110024FARIASG,2025-10-31,109645,1,4,0,197.0
10110024FARIASG_2025-10-31_G22,10110024FARIASG,2025-10-31,110787,1,2,0,93.0
10110024FARIASG_2025-10-31_G23,10110024FARIASG,2025-10-31,110313,1,8,0,285.0
10110024FARIASG_2025-10-31_G24,10110024FARIASG,2025-10-31,109645,1,8,0,367.0
10110024FARIASG_2025-10-31_G25,10110024FARIASG,2025-10-31,111441,1,4,0,247.0
10110024FARIASG_2025-10-31_G26,10110024FARIASG,2025-10-31,109645,1,4,0,141.0
10110024FARIASG_2025-10-31_G28,10110024FARIASG,2025-10-31,109645,1,2,0,469.0
10110024FARIASG_2025-10-31_G29,10110024FARIASG,2025-10-31,141047,1,2,0,294.0
10110024FARIASG_2025-10-31_G30,10110024FARIASG,2025-10-31,110711,1,2,0,771.0
10110024FARIASG_2025-10-31_G31,10110024FARIASG,2025-10-31,111441,1,2,0,174.0
10110024FARIASG_2025-10-31_G32,10110024FARIASG,2025-10-31,111530,1,29,0,691.0
10110024FARIASG_2025-10-31_G33,10110024FARIASG,2025-10-31,111172,1,20,0,295.0
10110024FARIASG_2025-10-31_G34,10110024FARIASG,2025-10-31,110787,1,12,0,315.0
10110024FARIASG_2025-10-31_G35,10110024FARIASG,2025-10-31,111532,1,21,0,1014.0
10110024FARIASG_2025-11-06_G02,10110024FARIASG,2025-11-06,110895,1,4,0,640.0
10110024FARIASG_2025-11-06_G03,10110024FARIASG,2025-11-06,141352,1,2,0,172.0
10110024FARIASG_2025-11-06_G04,10110024FARIASG,2025-11-06,140923,1,2,0,92.0
10110024FARIASG_2025-11-06_G05,10110024FARIASG,2025-11-06,111172,1,4,0,168.0
10110024FARIASG_2025-11-06_G06,10110024FARIASG,2025-11-06,109645,1,2,0,109.0
10110024FARIASG_2025-11-06_G07,10110024FARIASG,2025-11-06,111418,1,1,0,53.0
10110024FARIASG_2025-11-06_G08,10110024FARIASG,2025-11-06,118140,1,2,0,109.0
10110024FARIASG_2025-11-06_G09,10110024FARIASG,2025-11-06,141457,1,6,0,110.0
10110024FARIASG_2025-11-06_G10,10110024FARIASG,2025-11-06,141456,1,4,0,159.0
10110024FARIASG_2025-11-06_G11,10110024FARIASG,2025-11-06,117808,1,6,0,201.0
10110024FARIASG_2025-11-06_G12,10110024FARIASG,2025-11-06,109643,1,2,0,371.0
10110024FARIASG_2025-11-06_G13,10110024FARIASG,2025-11-06,117830,1,4,0,114.0
10110024FARIASG_2025-11-06_G14,10110024FARIASG,2025-11-06,117832,1,2,0,51.0
10110024FARIASG_2025-11-06_G15,10110024FARIASG,2025-11-06,117809,1,9,0,882.0
10110024FARIASG_2025-11-06_G16,10110024FARIASG,2025-11-06,110755,1,1,0,176.0
10110024FARIASG_2025-11-06_G17,10110024FARIASG,2025-11-06,117855,1,2,0,160.0
10110024FARIASG_2025-11-06_G18,10110024FARIASG,2025-11-06,117821,1,1,0,318.0
10110024FARIASG_2025-11-06_G19,10110024FARIASG,2025-11-06,117831,1,4,0,60.0
10110024FARIASG_2025-11-06_G20,10110024FARIASG,2025-11-06,111418,1,4,0,71.0
10110024FARIASG_2025-11-06_G21,10110024FARIASG,2025-11-06,110787,1,2,0,191.0
10110024FARIASG_2025-11-06_G22,10110024FARIASG,2025-11-06,141457,1,6,0,81.0
10110024FARIASG_2025-11-06_G23,10110024FARIASG,2025-11-06,141456,1,2,0,118.0
10110024FARIASG_2025-11-06_G24,10110024FARIASG,2025-11-06,109641,1,2,0,94.0
10110024FARIASG_2025-11-06_G25,10110024FARIASG,2025-11-06,111444,1,4,0,100.0
10110024FARIASG_2025-11-06_G26,10110024FARIASG,2025-11-06,141458,1,2,0,491.0
10110024FARIASG_2025-11-06_G27,10110024FARIASG,2025-11-06,111532,1,2,0,47.0
10110024FARIASG_2025-11-06_G28,10110024FARIASG,2025-11-06,109640,1,4,0,225.0
10110024FARIASG_2025-11-06_G29,10110024FARIASG,2025-11-06,111569,1,4,0,2389.0
10110024FARIASG_2025-11-06_G30,10110024FARIASG,2025-11-06,140923,1,3,0,168.0
10110024FARIASG_2025-11-06_G31,10110024FARIASG,2025-11-06,109640,1,4,0,194.0
10110024FARIASG_2025-11-06_G32,10110024FARIASG,2025-11-06,117855,1,4,0,208.0
10110024FARIASG_2025-11-06_G33,10110024FARIASG,2025-11-06,111418,1,1,0,123.0
10110024FARIASG_2025-11-06_G34,10110024FARIASG,2025-11-06,118140,1,3,0,130.0
10110024FARIASG_2025-11-06_G35,10110024FARIASG,2025-11-06,110787,1,4,0,150.0
10110024FARIASG_2025-11-06_G36,10110024FARIASG,2025-11-06,141457,1,2,0,63.0
10110024FARIASG_2025-11-06_G37,10110024FARIASG,2025-11-06,141456,1,6,0,179.0
10110024FARIASG_2025-11-06_G38,10110024FARIASG,2025-11-06,111743,1,4,0,351.0
10110024FARIASG_2025-11-06_G39,10110024FARIASG,2025-11-06,141458,1,2,0,82.0
10110024FARIASG_2025-11-06_G40,10110024FARIASG,2025-11-06,117808,1,5,0,141.0
10110024FARIASG_2025-11-06_G41,10110024FARIASG,2025-11-06,118299,1,6,0,113.0
10110024FARIASG_2025-11-06_G43,10110024FARIASG,2025-11-06,110747,1,12,0,1176.0
10110024FARIASG_2025-11-06_G44,10110024FARIASG,2025-11-06,117835,1,4,0,654.0
10110024FARIASG_2025-11-06_G45,10110024FARIASG,2025-11-06,111430,1,6,0,142.0
10110024FARIASG_2025-11-06_G46,10110024FARIASG,2025-11-06,117834,1,10,0,164.0
10110024FARIASG_2025-11-06_G47,10110024FARIASG,2025-11-06,100334,1,8,0,253.0
10110024FARIASG_2025-11-06_G48,10110024FARIASG,2025-11-06,111660,1,4,0,352.0
10110024FARIASG_2025-11-06_G49,10110024FARIASG,2025-11-06,110755,1,7,0,501.0
10110024FARIASG_2025-11-06_G50,10110024FARIASG,2025-11-06,110374,1,10,0,262.0
10110024FARIASG_2025-11-06_G51,10110024FARIASG,2025-11-06,107830,1,10,0,142.0
10110024FARIASG_2025-11-06_G52,10110024FARIASG,2025-11-06,117830,1,20,0,192.0
10110024FARIASG_2025-11-06_G53,10110024FARIASG,2025-11-06,117830,1,18,0,209.0
10110024FARIASG_2025-11-06_G54,10110024FARIASG,2025-11-06,117830,1,10,0,500.0
10110024FARIASG_2025-11-06_G55,10110024FARIASG,2025-11-06,117832,1,10,0,238.0
10110024FARIASG_2025-11-06_G56,10110024FARIASG,2025-11-06,118299,1,40,0,256.0
10110024FARIASG_2025-11-06_G57,10110024FARIASG,2025-11-06,110325,1,10,0,184.0
10110024FARIASG_2025-11-06_G58,10110024FARIASG,2025-11-06,110374,1,10,0,263.0
10110024FARIASG_2025-11-06_G59,10110024FARIASG,2025-11-06,110372,1,21,0,521.0
10110024FARIASG_2025-11-06_G60,10110024FARIASG,2025-11-06,110372,1,50,0,34.0
10110024FARIASG_2025-11-06_G61,10110024FARIASG,2025-11-06,110372,1,36,0,39.0
10110024FARIASG_2025-11-06_G62,10110024FARIASG,2025-11-06,110372,1,70,0,735.0
10110024FARIASG_2025-11-06_G63,10110024FARIASG,2025-11-06,110372,1,50,0,72.0
10110024FARIASG_2025-11-07_G02,10110024FARIASG,2025-11-07,110895,1,11,0,311.0
10110024FARIASG_2025-11-07_G03,10110024FARIASG,2025-11-07,110895,2,13,30,362.0
10110024FARIASG_2025-11-07_G04,10110024FARIASG,2025-11-07,118222,1,2,0,156.0
10110024FARIASG_2025-11-07_G05,10110024FARIASG,2025-11-07,110742,1,2,0,90.0
10110024FARIASG_2025-11-07_G06,10110024FARIASG,2025-11-07,111660,1,3,0,108.0
10110024FARIASG_2025-11-07_G07,10110024FARIASG,2025-11-07,117853,1,4,0,145.0
10110024FARIASG_2025-11-07_G08,10110024FARIASG,2025-11-07,109640,1,4,0,219.0
10110024FARIASG_2025-11-07_G09,10110024FARIASG,2025-11-07,111602,1,3,0,93.0
10110024FARIASG_2025-11-07_G10,10110024FARIASG,2025-11-07,110339,1,4,0,71.0
10110024FARIASG_2025-11-07_G11,10110024FARIASG,2025-11-07,111182,1,8,0,421.0
10110024FARIASG_2025-11-07_G12,10110024FARIASG,2025-11-07,110740,1,1,0,81.0
10110024FARIASG_2025-11-07_G13,10110024FARIASG,2025-11-07,141456,1,2,0,93.0
10110024FARIASG_2025-11-07_G14,10110024FARIASG,2025-11-07,108794,1,2,0,130.0
10110024FARIASG_2025-11-07_G15,10110024FARIASG,2025-11-07,111466,1,8,0,183.0
10110024FARIASG_2025-11-07_G16,10110024FARIASG,2025-11-07,111462,1,4,0,393.0
10110024FARIASG_2025-11-07_G17,10110024FARIASG,2025-11-07,141458,1,6,0,131.0
10110024FARIASG_2025-11-07_G18,10110024FARIASG,2025-11-07,107236,1,4,0,244.0
10110024FARIASG_2025-11-07_G19,10110024FARIASG,2025-11-07,109643,1,4,0,183.0
10110024FARIASG_2025-11-07_G20,10110024FARIASG,2025-11-07,117808,1,19,0,240.0
10110024FARIASG_2025-11-07_G21,10110024FARIASG,2025-11-07,110372,1,11,0,94.0
10110024FARIASG_2025-11-07_G22,10110024FARIASG,2025-11-07,118299,1,23,0,425.0
10110024FARIASG_2025-11-07_G23,10110024FARIASG,2025-11-07,110371,1,5,0,224.0
10110024FARIASG_2025-11-07_G24,10110024FARIASG,2025-11-07,111172,1,6,0,1721.0
10110024FARIASG_2025-11-07_G25,10110024FARIASG,2025-11-07,111172,1,15,0,297.0
10110024FARIASG_2025-11-07_G26,10110024FARIASG,2025-11-07,111433,1,13,0,454.0
10110024FARIASG_2025-11-07_G27,10110024FARIASG,2025-11-07,110787,1,2,0,125.0
10110024FARIASG_2025-11-07_G28,10110024FARIASG,2025-11-07,111172,1,4,0,109.0
10110024FARIASG_2025-11-07_G29,10110024FARIASG,2025-11-07,117821,1,21,0,323.0
10110024FARIASG_2025-11-07_G30,10110024FARIASG,2025-11-07,117831,1,4,0,115.0
10110024FARIASG_2025-11-07_G31,10110024FARIASG,2025-11-07,111182,1,3,0,81.0
10110024FARIASG_2025-11-07_G32,10110024FARIASG,2025-11-07,118140,1,20,0,237.0
10110024FARIASG_2025-11-07_G33,10110024FARIASG,2025-11-07,111469,1,26,0,302.0
10110024FARIASG_2025-11-07_G34,10110024FARIASG,2025-11-07,108794,1,2,0,84.0
10110024FARIASG_2025-11-07_G35,10110024FARIASG,2025-11-07,111468,1,2,0,228.0
10110024FARIASG_2025-11-07_G36,10110024FARIASG,2025-11-07,111462,1,26,0,868.0
10110024FARIASG_2025-11-07_G37,10110024FARIASG,2025-11-07,111465,1,20,0,170.0
10110024FARIASG_2025-11-07_G38,10110024FARIASG,2025-11-07,111442,1,8,0,144.0
10110024FARIASG_2025-11-07_G39,10110024FARIASG,2025-11-07,111444,1,5,0,91.0
10110024FARIASG_2025-11-07_G40,10110024FARIASG,2025-11-07,111466,1,41,0,630.0
10110024FARIASG_2025-11-07_G41,10110024FARIASG,2025-11-07,111430,1,6,0,219.0
10110024FARIASG_2025-11-07_G42,10110024FARIASG,2025-11-07,118290,1,4,0,251.0
10110024FARIASG_2025-11-07_G43,10110024FARIASG,2025-11-07,110747,1,19,0,538.0
10110024FARIASG_2025-11-07_G44,10110024FARIASG,2025-11-07,110895,1,8,0,839.0
10110024FARIASG_2025-11-07_G45,10110024FARIASG,2025-11-07,118222,1,19,0,470.0
10110024FARIASG_2025-11-07_G46,10110024FARIASG,2025-11-07,115234,1,7,0,251.0
10110024FARIASG_2025-11-07_G48,10110024FARIASG,2025-11-07,110711,1,2,0,168.0
10110024FARIASG_2025-11-07_G49,10110024FARIASG,2025-11-07,111172,1,2,0,133.0
10110024FARIASG_2025-11-07_G50,10110024FARIASG,2025-11-07,111463,1,4,0,124.0
10110024FARIASG_2025-11-07_G51,10110024FARIASG,2025-11-07,141457,1,8,0,169.0
10110024FARIASG_2025-11-07_G52,10110024FARIASG,2025-11-07,111743,1,4,0,152.0
10110024FARIASG_2025-11-07_G53,10110024FARIASG,2025-11-07,109643,1,4,0,236.0
10110024FARIASG_2025-11-07_G54,10110024FARIASG,2025-11-07,110376,1,4,0,590.0
10110024FARIASG_2025-11-07_G55,10110024FARIASG,2025-11-07,111443,1,4,0,249.0
10110024FARIASG_2025-11-07_G56,10110024FARIASG,2025-11-07,110373,1,20,0,283.0
10110024FARIASG_2025-11-07_G57,10110024FARIASG,2025-11-07,109647,1,6,0,217.0
10110024FARIASG_2025-11-07_G58,10110024FARIASG,2025-11-07,111418,1,10,0,1081.0
10110024FARIASG_2025-11-07_G59,10110024FARIASG,2025-11-07,110313,1,5,0,131.0
10110024FARIASG_2025-11-07_G60,10110024FARIASG,2025-11-07,117842,1,4,0,224.0
10110024FARIASG_2025-11-07_G61,10110024FARIASG,2025-11-07,111532,1,7,0,180.0
10110024FARIASG_2025-11-07_G62,10110024FARIASG,2025-11-07,111442,1,5,0,237.0
10110024FARIASG_2025-11-07_G63,10110024FARIASG,2025-11-07,109976,1,2,0,262.0
10110024FARIASG_2025-11-07_G64,10110024FARIASG,2025-11-07,111430,1,20,0,342.0
10110024FARIASG_2025-11-07_G65,10110024FARIASG,2025-11-07,100334,1,2,0,367.0
10110024FARIASG_2025-11-07_G66,10110024FARIASG,2025-11-07,110313,1,8,0,669.0
10110024FARIASG_2025-11-07_G67,10110024FARIASG,2025-11-07,108772,1,2,0,217.0
10110024FARIASG_2025-11-07_G68,10110024FARIASG,2025-11-07,117832,1,10,0,147.0
10110024FARIASG_2025-11-07_G69,10110024FARIASG,2025-11-07,110375,1,5,0,82.0
10110024FARIASG_2025-11-07_G70,10110024FARIASG,2025-11-07,111443,1,2,0,111.0
10110024FARIASG_2025-11-07_G71,10110024FARIASG,2025-11-07,141457,1,10,0,248.0
10110024FARIASG_2025-11-07_G72,10110024FARIASG,2025-11-07,111435,1,2,0,56.0
10110024FARIASG_2025-11-07_G73,10110024FARIASG,2025-11-07,117787,1,10,0,250.0
10110024FARIASG_2025-11-08_G02,10110024FARIASG,2025-11-08,111348,1,4,0,105.0
10110024FARIASG_2025-11-08_G03,10110024FARIASG,2025-11-08,105705,1,4,0,183.0
10110024FARIASG_2025-11-08_G04,10110024FARIASG,2025-11-08,117808,1,500,0,2137.0
10110024FARIASG_2025-11-08_G05,10110024FARIASG,2025-11-08,117822,1,30,0,521.0
10110024FARIASG_2025-11-08_G06,10110024FARIASG,2025-11-08,109643,1,27,0,299.0
10110024FARIASG_2025-11-08_G07,10110024FARIASG,2025-11-08,111441,1,16,0,993.0
10110024FARIASG_2025-11-08_G08,10110024FARIASG,2025-11-08,109933,1,16,0,214.0
10110024FARIASG_2025-11-08_G09,10110024FARIASG,2025-11-08,141916,1,12,0,498.0
10110024FARIASG_2025-11-08_G10,10110024FARIASG,2025-11-08,118290,1,4,0,162.0
10110024FARIASG_2025-11-08_G11,10110024FARIASG,2025-11-08,110747,1,16,0,399.0
10110024FARIASG_2025-11-08_G12,10110024FARIASG,2025-11-08,107892,1,1,0,76.0
10110024FARIASG_2025-11-08_G13,10110024FARIASG,2025-11-08,141047,1,8,0,295.0
10110024FARIASG_2025-11-08_G14,10110024FARIASG,2025-11-08,141047,1,8,0,128.0
10110024FARIASG_2025-11-08_G15,10110024FARIASG,2025-11-08,118094,1,26,0,694.0
10110024FARIASG_2025-11-08_G16,10110024FARIASG,2025-11-08,108772,1,20,0,507.0
10110024FARIASG_2025-11-08_G17,10110024FARIASG,2025-11-08,110339,1,25,0,530.0
10110024FARIASG_2025-11-08_G18,10110024FARIASG,2025-11-08,107236,1,6,0,386.0
10110024FARIASG_2025-11-08_G19,10110024FARIASG,2025-11-08,117821,1,100,0,1150.0
10110024FARIASG_2025-11-08_G20,10110024FARIASG,2025-11-08,108795,1,25,0,471.0
10110024FARIASG_2025-11-08_G21,10110024FARIASG,2025-11-08,118317,1,5,0,79.0
10110024FARIASG_2025-11-08_G22,10110024FARIASG,2025-11-08,141458,1,100,0,588.0
10110024FARIASG_2025-11-08_G23,10110024FARIASG,2025-11-08,111465,1,41,0,623.0
10110024FARIASG_2025-11-08_G24,10110024FARIASG,2025-11-08,111743,1,55,0,907.0
10110024FARIASG_2025-11-08_G25,10110024FARIASG,2025-11-08,117808,1,100,0,972.0
10110024FARIASG_2025-11-08_G26,10110024FARIASG,2025-11-08,107629,1,4,0,505.0
10110024FARIASG_2025-11-08_G27,10110024FARIASG,2025-11-08,111463,1,4,0,163.0
10110024FARIASG_2025-11-08_G28,10110024FARIASG,2025-11-08,160054,1,2,0,231.0
10110024FARIASG_2025-11-08_G30,10110024FARIASG,2025-11-08,100334,1,2,0,105.0
10110024FARIASG_2025-11-08_G31,10110024FARIASG,2025-11-08,118094,1,1,0,107.0
10110024FARIASG_2025-11-08_G32,10110024FARIASG,2025-11-08,110733,1,1,0,59.0
10110024FARIASG_2025-11-08_G33,10110024FARIASG,2025-11-08,118140,1,6,0,88.0
10110024FARIASG_2025-11-08_G34,10110024FARIASG,2025-11-08,141823,1,4,0,83.0
10110024FARIASG_2025-11-08_G35,10110024FARIASG,2025-11-08,111462,1,2,0,126.0
10110024FARIASG_2025-11-08_G36,10110024FARIASG,2025-11-08,110733,1,4,0,243.0
10110024FARIASG_2025-11-08_G37,10110024FARIASG,2025-11-08,110711,1,4,0,89.0
10110024FARIASG_2025-11-08_G38,10110024FARIASG,2025-11-08,108711,1,4,0,130.0
10110024FARIASG_2025-11-08_G39,10110024FARIASG,2025-11-08,118140,1,4,0,126.0
10110024FARIASG_2025-11-08_G40,10110024FARIASG,2025-11-08,140922,1,4,0,62.0
10110024FARIASG_2025-11-08_G41,10110024FARIASG,2025-11-08,110895,1,2,0,578.0
10110024FARIASG_2025-11-08_G42,10110024FARIASG,2025-11-08,141318,1,4,0,93.0
10110024FARIASG_2025-11-08_G43,10110024FARIASG,2025-11-08,118290,1,4,0,147.0
10110024FARIASG_2025-11-08_G44,10110024FARIASG,2025-11-08,110313,1,3,0,170.0
10110024FARIASG_2025-11-08_G45,10110024FARIASG,2025-11-08,110313,1,1,0,101.0
10110024FARIASG_2025-11-08_G46,10110024FARIASG,2025-11-08,117862,1,6,0,560.0
10110024FARIASG_2025-11-08_G47,10110024FARIASG,2025-11-08,105705,1,2,0,198.0
10110024FARIASG_2025-11-08_G48,10110024FARIASG,2025-11-08,118140,1,4,0,258.0
10110024FARIASG_2025-11-08_G49,10110024FARIASG,2025-11-08,141823,1,4,0,58.0
10110024FARIASG_2025-11-08_G50,10110024FARIASG,2025-11-08,140922,1,6,0,83.0
10110024FARIASG_2025-11-08_G51,10110024FARIASG,2025-11-08,141271,1,6,0,181.0
10110024FARIASG_2025-11-08_G52,10110024FARIASG,2025-11-08,111462,1,6,0,101.0
10110024FARIASG_2025-11-08_G53,10110024FARIASG,2025-11-08,118140,1,20,0,514.0
10110024FARIASG_2025-11-08_G54,10110024FARIASG,2025-11-08,141823,1,2,0,51.0
10110024FARIASG_2025-11-08_G55,10110024FARIASG,2025-11-08,140922,1,5,0,105.0
10110024FARIASG_2025-11-08_G56,10110024FARIASG,2025-11-08,141456,1,4,0,115.0
10110024FARIASG_2025-11-08_G57,10110024FARIASG,2025-11-08,141458,1,4,0,98.0
10110024FARIASG_2025-11-08_G58,10110024FARIASG,2025-11-08,111172,1,2,0,100.0
10110024FARIASG_2025-11-08_G59,10110024FARIASG,2025-11-08,118222,1,12,0,541.0
10110024FARIASG_2025-11-08_G60,10110024FARIASG,2025-11-08,111441,1,2,0,69.0
10110024FARIASG_2025-11-08_G61,10110024FARIASG,2025-11-08,118290,1,4,0,188.0
10110024FARIASG_2025-11-08_G62,10110024FARIASG,2025-11-08,110733,1,8,0,1072.0
10110024FARIASG_2025-11-08_G63,10110024FARIASG,2025-11-08,110711,1,20,0,170.0
10110024FARIASG_2025-11-08_G64,10110024FARIASG,2025-11-08,141202,1,4,0,136.0
10110024FARIASG_2025-11-10_G02,10110024FARIASG,2025-11-10,111182,1,5,0,165.0
10110024FARIASG_2025-11-10_G03,10110024FARIASG,2025-11-10,118317,1,10,0,247.0
10110024FARIASG_2025-11-10_G04,10110024FARIASG,2025-11-10,117842,1,7,0,362.0
10110024FARIASG_2025-11-10_G05,10110024FARIASG,2025-11-10,117841,1,10,0,160.0
10110024FARIASG_2025-11-10_G06,10110024FARIASG,2025-11-10,111444,1,4,0,134.0
10110024FARIASG_2025-11-10_G07,10110024FARIASG,2025-11-10,109643,1,8,0,202.0
10110024FARIASG_2025-11-10_G08,10110024FARIASG,2025-11-10,110080,1,1,0,91.0
10110024FARIASG_2025-11-10_G09,10110024FARIASG,2025-11-10,118306,1,12,0,245.0
10110024FARIASG_2025-11-10_G10,10110024FARIASG,2025-11-10,110895,1,40,0,505.0
10110024FARIASG_2025-11-10_G11,10110024FARIASG,2025-11-10,110531,1,4,0,87.0
10110024FARIASG_2025-11-10_G12,10110024FARIASG,2025-11-10,111462,1,50,0,744.0
10110024FARIASG_2025-11-10_G13,10110024FARIASG,2025-11-10,110740,1,20,0,204.0
10110024FARIASG_2025-11-10_G14,10110024FARIASG,2025-11-10,118290,1,12,0,439.0
10110024FARIASG_2025-11-10_G15,10110024FARIASG,2025-11-10,111439,1,8,0,325.0
10110024FARIASG_2025-11-10_G16,10110024FARIASG,2025-11-10,118222,1,210,0,1725.0
10110024FARIASG_2025-11-10_G17,10110024FARIASG,2025-11-10,111660,1,50,0,708.0
10110024FARIASG_2025-11-10_G18,10110024FARIASG,2025-11-10,109640,1,54,0,628.0
10110024FARIASG_2025-11-10_G19,10110024FARIASG,2025-11-10,111602,1,20,0,817.0
10110024FARIASG_2025-11-10_G20,10110024FARIASG,2025-11-10,109647,1,12,0,330.0
10110024FARIASG_2025-11-10_G21,10110024FARIASG,2025-11-10,111650,1,4,0,114.0
10110024FARIASG_2025-11-10_G22,10110024FARIASG,2025-11-10,111353,1,2,0,108.0
10110024FARIASG_2025-11-10_G23,10110024FARIASG,2025-11-10,111467,1,6,0,103.0
10110024FARIASG_2025-11-10_G24,10110024FARIASG,2025-11-10,117855,1,60,0,1037.0
10110024FARIASG_2025-11-10_G25,10110024FARIASG,2025-11-10,117853,1,20,0,410.0
10110024FARIASG_2025-11-10_G26,10110024FARIASG,2025-11-10,118222,1,11,0,886.0
10110024FARIASG_2025-11-10_G27,10110024FARIASG,2025-11-10,118222,1,30,0,122.0
10110024FARIASG_2025-11-10_G28,10110024FARIASG,2025-11-10,111441,1,60,0,1505.0
10110024FARIASG_2025-11-10_G29,10110024FARIASG,2025-11-10,117834,1,6,0,246.0
10110024FARIASG_2025-11-10_G30,10110024FARIASG,2025-11-10,118290,1,2,0,100.0
10110024FARIASG_2025-11-10_G31,10110024FARIASG,2025-11-10,110747,1,8,0,186.0
10110024FARIASG_2025-11-10_G32,10110024FARIASG,2025-11-10,117856,1,14,0,401.0
10110024FARIASG_2025-11-10_G33,10110024FARIASG,2025-11-10,118094,1,4,0,87.0
10110024FARIASG_2025-11-10_G34,10110024FARIASG,2025-11-10,110741,1,4,0,88.0
10110024FARIASG_2025-11-10_G35,10110024FARIASG,2025-11-10,111569,1,49,0,991.0
10110024FARIASG_2025-11-10_G36,10110024FARIASG,2025-11-10,117786,1,4,0,216.0
10110024FARIASG_2025-11-10_G37,10110024FARIASG,2025-11-10,110733,1,2,0,54.0
10110024FARIASG_2025-11-10_G38,10110024FARIASG,2025-11-10,107629,1,16,0,185.0
10110024FARIASG_2025-11-10_G39,10110024FARIASG,2025-11-10,111467,1,10,0,206.0
10110024FARIASG_2025-11-10_G40,10110024FARIASG,2025-11-10,110339,1,12,0,495.0
10110024FARIASG_2025-11-10_G42,10110024FARIASG,2025-11-10,110374,1,34,0,214.0
10110024FARIASG_2025-11-10_G43,10110024FARIASG,2025-11-10,117820,1,10,0,203.0
10110024FARIASG_2025-11-10_G44,10110024FARIASG,2025-11-10,117840,1,8,0,441.0
10110024FARIASG_2025-11-10_G45,10110024FARIASG,2025-11-10,117808,1,9,0,122.0
10110024FARIASG_2025-11-10_G46,10110024FARIASG,2025-11-10,110372,1,6,0,92.0
10110024FARIASG_2025-11-10_G47,10110024FARIASG,2025-11-10,141202,1,7,0,237.0
10110024FARIASG_2025-11-10_G48,10110024FARIASG,2025-11-10,109643,1,8,0,178.0
10110024FARIASG_2025-11-10_G49,10110024FARIASG,2025-11-10,117832,1,4,0,116.0
10110024FARIASG_2025-11-10_G50,10110024FARIASG,2025-11-10,111435,1,10,0,382.0
10110024FARIASG_2025-11-10_G51,10110024FARIASG,2025-11-10,111418,1,26,0,257.0
10110024FARIASG_2025-11-10_G52,10110024FARIASG,2025-11-10,111469,1,36,0,670.0
10110024FARIASG_2025-11-10_G53,10110024FARIASG,2025-11-10,118299,1,42,0,304.0
10110024FARIASG_2025-11-10_G54,10110024FARIASG,2025-11-10,141456,1,22,0,718.0
10110024FARIASG_2025-11-10_G55,10110024FARIASG,2025-11-10,111466,1,1,0,71.0
10110024FARIASG_2025-11-10_G56,10110024FARIASG,2025-11-10,116241,1,6,0,95.0
10110024FARIASG_2025-11-10_G57,10110024FARIASG,2025-11-10,117785,1,6,0,109.0
10110024FARIASG_2025-11-10_G58,10110024FARIASG,2025-11-10,111442,1,6,0,283.0
10110024FARIASG_2025-11-10_G59,10110024FARIASG,2025-11-10,141458,1,12,0,145.0
10110024FARIASG_2025-11-10_G60,10110024FARIASG,2025-11-10,141458,1,30,0,721.0
10110024FARIASG_2025-11-10_G61,10110024FARIASG,2025-11-10,141823,1,4,0,76.0
10110024FARIASG_2025-11-10_G62,10110024FARIASG,2025-11-10,109645,1,1,0,108.0
10110024FARIASG_2025-11-10_G63,10110024FARIASG,2025-11-10,117821,1,4,0,47.0
10110024FARIASG_2025-11-10_G64,10110024FARIASG,2025-11-10,117831,1,8,0,71.0
10110024FARIASG_2025-11-10_G65,10110024FARIASG,2025-11-10,108795,1,2,0,49.0
10110024FARIASG_2025-11-10_G66,10110024FARIASG,2025-11-10,118140,1,4,0,88.0
10110024FARIASG_2025-11-10_G67,10110024FARIASG,2025-11-10,140922,1,4,0,60.0
10110024FARIASG_2025-11-10_G68,10110024FARIASG,2025-11-10,141457,1,8,0,141.0
10110024FARIASG_2025-11-10_G69,10110024FARIASG,2025-11-10,141456,1,8,0,174.0
10110024FARIASG_2025-11-10_G70,10110024FARIASG,2025-11-10,141457,1,40,0,586.0
10110024FARIASG_2025-11-10_G71,10110024FARIASG,2025-11-10,111441,1,1,0,273.0
10110024FARIASG_2025-11-10_G72,10110024FARIASG,2025-11-10,110895,1,3,0,112.0
10110024FARIASG_2025-11-10_G73,10110024FARIASG,2025-11-10,111569,1,1,0,91.0
10110024FARIASG_2025-11-10_G74,10110024FARIASG,2025-11-10,117786,1,4,0,199.0
10110024FARIASG_2025-11-10_G75,10110024FARIASG,2025-11-10,140923,1,5,0,120.0
10110024FARIASG_2025-11-10_G76,10110024FARIASG,2025-11-10,110339,1,1,0,83.0
10110024FARIASG_2025-11-11_G02,10110024FARIASG,2025-11-11,111569,1,2,0,162.0
10110024FARIASG_2025-11-11_G03,10110024FARIASG,2025-11-11,118094,1,1,0,143.0
10110024FARIASG_2025-11-11_G04,10110024FARIASG,2025-11-11,109647,1,2,0,78.0
10110024FARIASG_2025-11-11_G05,10110024FARIASG,2025-11-11,117862,1,4,0,128.0
10110024FARIASG_2025-11-11_G06,10110024FARIASG,2025-11-11,110733,1,8,0,177.0
10110024FARIASG_2025-11-11_G07,10110024FARIASG,2025-11-11,118140,1,4,0,191.0
10110024FARIASG_2025-11-11_G08,10110024FARIASG,2025-11-11,109645,1,8,0,109.0
10110024FARIASG_2025-11-11_G09,10110024FARIASG,2025-11-11,117831,1,4,0,224.0
10110024FARIASG_2025-11-11_G10,10110024FARIASG,2025-11-11,117831,1,2,0,46.0
10110024FARIASG_2025-11-11_G11,10110024FARIASG,2025-11-11,141456,1,14,0,165.0
10110024FARIASG_2025-11-11_G12,10110024FARIASG,2025-11-11,117785,1,30,0,892.0
10110024FARIASG_2025-11-11_G13,10110024FARIASG,2025-11-11,111465,1,6,0,95.0
10110024FARIASG_2025-11-11_G14,10110024FARIASG,2025-11-11,118140,1,5,0,215.0
10110024FARIASG_2025-11-11_G15,10110024FARIASG,2025-11-11,109643,1,4,0,395.0
10110024FARIASG_2025-11-11_G16,10110024FARIASG,2025-11-11,109643,1,4,0,49.0
10110024FARIASG_2025-11-11_G17,10110024FARIASG,2025-11-11,110373,1,12,0,300.0
10110024FARIASG_2025-11-11_G18,10110024FARIASG,2025-11-11,141457,1,22,0,476.0
10110024FARIASG_2025-11-11_G19,10110024FARIASG,2025-11-11,117820,1,40,0,383.0
10110024FARIASG_2025-11-11_G20,10110024FARIASG,2025-11-11,117830,1,40,0,664.0
10110024FARIASG_2025-11-11_G21,10110024FARIASG,2025-11-11,118299,1,140,0,717.0
10110024FARIASG_2025-11-11_G22,10110024FARIASG,2025-11-11,110372,1,28,0,292.0
10110024FARIASG_2025-11-11_G23,10110024FARIASG,2025-11-11,117854,1,1,0,174.0
10110024FARIASG_2025-11-11_G24,10110024FARIASG,2025-11-11,141823,1,6,0,1740.0
10110024FARIASG_2025-11-11_G25,10110024FARIASG,2025-11-11,110733,1,4,0,137.0
10110024FARIASG_2025-11-11_G26,10110024FARIASG,2025-11-11,141202,1,8,0,184.0
10110024FARIASG_2025-11-11_G27,10110024FARIASG,2025-11-11,118140,1,12,0,418.0
10110024FARIASG_2025-11-11_G28,10110024FARIASG,2025-11-11,140922,1,8,0,361.0
10110024FARIASG_2025-11-11_G29,10110024FARIASG,2025-11-11,108711,1,8,0,125.0
10110024FARIASG_2025-11-11_G30,10110024FARIASG,2025-11-11,111743,1,6,0,126.0
10110024FARIASG_2025-11-11_G31,10110024FARIASG,2025-11-11,141823,1,4,0,594.0
10110024FARIASG_2025-11-11_G32,10110024FARIASG,2025-11-11,110733,1,4,0,134.0
10110024FARIASG_2025-11-11_G33,10110024FARIASG,2025-11-11,118140,1,4,0,110.0
10110024FARIASG_2025-11-11_G34,10110024FARIASG,2025-11-11,140922,1,4,0,88.0
10110024FARIASG_2025-11-11_G35,10110024FARIASG,2025-11-11,141202,1,4,0,130.0
10110024FARIASG_2025-11-11_G36,10110024FARIASG,2025-11-11,117808,1,4,0,177.0
10110024FARIASG_2025-11-11_G37,10110024FARIASG,2025-11-11,107629,1,3,0,127.0
10110024FARIASG_2025-11-11_G38,10110024FARIASG,2025-11-11,110787,1,4,0,71.0
10110024FARIASG_2025-11-11_G39,10110024FARIASG,2025-11-11,109641,1,2,0,223.0
10110024FARIASG_2025-11-11_G40,10110024FARIASG,2025-11-11,111462,1,6,0,100.0
10110024FARIASG_2025-11-11_G41,10110024FARIASG,2025-11-11,117832,1,7,0,373.0
10110024FARIASG_2025-11-11_G42,10110024FARIASG,2025-11-11,107830,1,3,0,97.0
10110024FARIASG_2025-11-11_G43,10110024FARIASG,2025-11-11,117830,1,2,0,67.0
10110024FARIASG_2025-11-11_G44,10110024FARIASG,2025-11-11,110375,1,4,0,96.0
10110024FARIASG_2025-11-11_G45,10110024FARIASG,2025-11-11,110372,1,9,0,152.0
10110024FARIASG_2025-11-11_G46,10110024FARIASG,2025-11-11,118299,1,11,0,388.0
10110024FARIASG_2025-11-11_G47,10110024FARIASG,2025-11-11,110373,1,9,0,124.0
10110024FARIASG_2025-11-11_G48,10110024FARIASG,2025-11-11,117809,1,12,0,1043.0
10110024FARIASG_2025-11-11_G49,10110024FARIASG,2025-11-11,118222,1,12,0,157.0
10110024FARIASG_2025-11-11_G50,10110024FARIASG,2025-11-11,110895,1,4,0,127.0
10110024FARIASG_2025-11-11_G51,10110024FARIASG,2025-11-11,109471,1,4,0,159.0
10110024FARIASG_2025-11-11_G52,10110024FARIASG,2025-11-11,110372,1,24,0,803.0
10110024FARIASG_2025-11-11_G53,10110024FARIASG,2025-11-11,110313,1,14,0,739.0
10110024FARIASG_2025-11-11_G54,10110024FARIASG,2025-11-11,111876,1,6,0,152.0
10110024FARIASG_2025-11-11_G55,10110024FARIASG,2025-11-11,117861,1,6,0,157.0
10110024FARIASG_2025-11-11_G56,10110024FARIASG,2025-11-11,110733,1,2,0,623.0
10110024FARIASG_2025-11-11_G57,10110024FARIASG,2025-11-11,141823,1,6,0,158.0
10110024FARIASG_2025-11-11_G58,10110024FARIASG,2025-11-11,118140,1,6,0,111.0
10110024FARIASG_2025-11-11_G59,10110024FARIASG,2025-11-11,111743,1,4,0,132.0
10110024FARIASG_2025-11-11_G60,10110024FARIASG,2025-11-11,117832,1,3,0,172.0
10110024FARIASG_2025-11-11_G61,10110024FARIASG,2025-11-11,110733,1,2,0,159.0
10110024FARIASG_2025-11-11_G62,10110024FARIASG,2025-11-11,118140,1,8,0,126.0
10110024FARIASG_2025-11-11_G63,10110024FARIASG,2025-11-11,140922,1,4,0,125.0
10110024FARIASG_2025-11-11_G64,10110024FARIASG,2025-11-11,111743,1,4,0,139.0
10110024FARIASG_2025-11-11_G65,10110024FARIASG,2025-11-11,141823,1,6,0,137.0
10110024FARIASG_2025-11-11_G67,10110024FARIASG,2025-11-11,110740,1,9,0,270.0
10110024FARIASG_2025-11-11_G68,10110024FARIASG,2025-11-11,140922,1,9,0,118.0
10110024FARIASG_2025-11-11_G69,10110024FARIASG,2025-11-11,141457,1,12,0,185.0
10110024FARIASG_2025-11-11_G70,10110024FARIASG,2025-11-11,111418,1,30,0,219.0
10110024FARIASG_2025-11-11_G71,10110024FARIASG,2025-11-11,111469,1,16,0,256.0
10110024FARIASG_2025-11-11_G72,10110024FARIASG,2025-11-11,141456,1,12,0,160.0
10110024FARIASG_2025-11-11_G73,10110024FARIASG,2025-11-11,111463,1,40,0,492.0
10110024FARIASG_2025-11-11_G74,10110024FARIASG,2025-11-11,111468,1,8,0,168.0
10110024FARIASG_2025-11-11_G75,10110024FARIASG,2025-11-11,111466,1,40,0,420.0
10110024FARIASG_2025-11-11_G76,10110024FARIASG,2025-11-11,109641,1,30,0,598.0
10110024FARIASG_2025-11-11_G77,10110024FARIASG,2025-11-11,117785,1,20,0,177.0
10110024FARIASG_2025-11-11_G78,10110024FARIASG,2025-11-11,111743,1,20,0,317.0
10110024FARIASG_2025-11-11_G79,10110024FARIASG,2025-11-11,141271,1,30,0,155.0
10110024FARIASG_2025-11-11_G80,10110024FARIASG,2025-11-11,111532,1,6,0,83.0
10110024FARIASG_2025-11-12_G02,10110024FARIASG,2025-11-12,110895,1,8,0,117.0
10110024FARIASG_2025-11-12_G03,10110024FARIASG,2025-11-12,141318,1,4,0,127.0
10110024FARIASG_2025-11-12_G04,10110024FARIASG,2025-11-12,118222,1,12,0,255.0
10110024FARIASG_2025-11-12_G05,10110024FARIASG,2025-11-12,110741,1,4,0,197.0
10110024FARIASG_2025-11-12_G06,10110024FARIASG,2025-11-12,111876,1,4,0,97.0
10110024FARIASG_2025-11-12_G07,10110024FARIASG,2025-11-12,117862,1,12,0,207.0
10110024FARIASG_2025-11-12_G08,10110024FARIASG,2025-11-12,117854,1,4,0,444.0
10110024FARIASG_2025-11-12_G09,10110024FARIASG,2025-11-12,118094,1,28,0,514.0
10110024FARIASG_2025-11-12_G10,10110024FARIASG,2025-11-12,105705,1,8,0,214.0
10110024FARIASG_2025-11-12_G11,10110024FARIASG,2025-11-12,111433,1,12,0,565.0
10110024FARIASG_2025-11-12_G12,10110024FARIASG,2025-11-12,111330,1,4,0,118.0
10110024FARIASG_2025-11-12_G13,10110024FARIASG,2025-11-12,108795,1,12,0,502.0
10110024FARIASG_2025-11-12_G14,10110024FARIASG,2025-11-12,111443,1,12,0,184.0
10110024FARIASG_2025-11-12_G15,10110024FARIASG,2025-11-12,110745,1,8,0,95.0
10110024FARIASG_2025-11-12_G16,10110024FARIASG,2025-11-12,140922,1,16,0,92.0
10110024FARIASG_2025-11-12_G17,10110024FARIASG,2025-11-12,160055,1,8,0,200.0
10110024FARIASG_2025-11-12_G18,10110024FARIASG,2025-11-12,118140,1,40,0,574.0
10110024FARIASG_2025-11-12_G19,10110024FARIASG,2025-11-12,111462,1,40,0,494.0
10110024FARIASG_2025-11-12_G20,10110024FARIASG,2025-11-12,111469,1,60,0,676.0
10110024FARIASG_2025-11-12_G21,10110024FARIASG,2025-11-12,117862,1,140,0,1504.0
10110024FARIASG_2025-11-12_G22,10110024FARIASG,2025-11-12,111467,1,244,0,991.0
10110024FARIASG_2025-11-12_G23,10110024FARIASG,2025-11-12,111462,1,200,0,1841.0
10110024FARIASG_2025-11-12_G24,10110024FARIASG,2025-11-12,111467,1,23,0,2254.0
10110024FARIASG_2025-11-12_G25,10110024FARIASG,2025-11-12,117862,1,49,0,550.0
10110024FARIASG_2025-11-12_G26,10110024FARIASG,2025-11-12,140923,1,103,0,532.0
10110024FARIASG_2025-11-12_G27,10110024FARIASG,2025-11-12,110339,1,31,0,368.0
10110024FARIASG_2025-11-12_G28,10110024FARIASG,2025-11-12,141035,1,2,0,227.0
10110024FARIASG_2025-11-12_G29,10110024FARIASG,2025-11-12,110313,1,23,0,579.0
10110024FARIASG_2025-11-12_G30,10110024FARIASG,2025-11-12,118094,1,27,0,381.0
10110024FARIASG_2025-11-12_G31,10110024FARIASG,2025-11-12,109647,1,2,0,65.0
10110024FARIASG_2025-11-12_G32,10110024FARIASG,2025-11-12,111879,1,8,0,125.0
10110024FARIASG_2025-11-12_G33,10110024FARIASG,2025-11-12,117861,1,2,0,62.0
10110024FARIASG_2025-11-12_G34,10110024FARIASG,2025-11-12,110733,1,9,0,136.0
10110024FARIASG_2025-11-12_G35,10110024FARIASG,2025-11-12,117853,1,10,0,162.0
10110024FARIASG_2025-11-12_G36,10110024FARIASG,2025-11-12,117856,1,8,0,128.0
10110024FARIASG_2025-11-12_G37,10110024FARIASG,2025-11-12,110752,1,12,0,351.0
10110024FARIASG_2025-11-12_G38,10110024FARIASG,2025-11-12,107629,1,8,0,125.0
10110024FARIASG_2025-11-12_G39,10110024FARIASG,2025-11-12,110373,1,38,0,285.0
10110024FARIASG_2025-11-12_G41,10110024FARIASG,2025-11-12,109643,1,42,0,539.0
10110024FARIASG_2025-11-12_G42,10110024FARIASG,2025-11-12,141202,1,13,0,158.0
10110024FARIASG_2025-11-12_G43,10110024FARIASG,2025-11-12,117830,1,59,0,563.0
10110024FARIASG_2025-11-12_G44,10110024FARIASG,2025-11-12,117832,1,66,0,677.0
10110024FARIASG_2025-11-12_G45,10110024FARIASG,2025-11-12,118222,1,100,0,1796.0
10110024FARIASG_2025-11-12_G46,10110024FARIASG,2025-11-12,140922,1,40,0,457.0
10110024FARIASG_2025-11-12_G47,10110024FARIASG,2025-11-12,109641,1,10,0,174.0
10110024FARIASG_2025-11-12_G48,10110024FARIASG,2025-11-12,111743,1,15,0,178.0
10110024FARIASG_2025-11-12_G49,10110024FARIASG,2025-11-12,111465,1,3,0,109.0
10110024FARIASG_2025-11-12_G50,10110024FARIASG,2025-11-12,110373,1,15,0,543.0
10110024FARIASG_2025-11-12_G51,10110024FARIASG,2025-11-12,111569,1,3,0,131.0
10110024FARIASG_2025-11-12_G52,10110024FARIASG,2025-11-12,118306,1,6,0,188.0
10110024FARIASG_2025-11-12_G53,10110024FARIASG,2025-11-12,110313,1,9,0,182.0
10110024FARIASG_2025-11-12_G54,10110024FARIASG,2025-11-12,110755,1,10,0,258.0
10110024FARIASG_2025-11-12_G55,10110024FARIASG,2025-11-12,110895,1,22,0,392.0
10110024FARIASG_2025-11-12_G56,10110024FARIASG,2025-11-12,118222,1,2,0,126.0
10110024FARIASG_2025-11-12_G57,10110024FARIASG,2025-11-12,118222,1,10,0,111.0
10110024FARIASG_2025-11-12_G58,10110024FARIASG,2025-11-12,111467,1,4,0,100.0
10110024FARIASG_2025-11-12_G59,10110024FARIASG,2025-11-12,118298,1,3,0,105.0
10110024FARIASG_2025-11-12_G60,10110024FARIASG,2025-11-12,107629,1,2,0,104.0
10110024FARIASG_2025-11-13_G02,10110024FARIASG,2025-11-13,118306,1,2,0,72.0
10110024FARIASG_2025-11-13_G03,10110024FARIASG,2025-11-13,110747,1,11,0,258.0
10110024FARIASG_2025-11-13_G04,10110024FARIASG,2025-11-13,111660,1,5,0,107.0
10110024FARIASG_2025-11-13_G05,10110024FARIASG,2025-11-13,118222,1,60,0,982.0
10110024FARIASG_2025-11-13_G06,10110024FARIASG,2025-11-13,111430,1,3,0,214.0
10110024FARIASG_2025-11-13_G07,10110024FARIASG,2025-11-13,110313,1,8,0,152.0
10110024FARIASG_2025-11-13_G08,10110024FARIASG,2025-11-13,118290,1,24,0,1311.0
10110024FARIASG_2025-11-13_G09,10110024FARIASG,2025-11-13,118094,1,20,0,456.0
10110024FARIASG_2025-11-13_G10,10110024FARIASG,2025-11-13,110741,1,20,0,263.0
10110024FARIASG_2025-11-13_G11,10110024FARIASG,2025-11-13,117786,1,2,0,92.0
10110024FARIASG_2025-11-13_G12,10110024FARIASG,2025-11-13,107629,1,4,0,77.0
10110024FARIASG_2025-11-13_G13,10110024FARIASG,2025-11-13,110743,1,8,0,191.0
10110024FARIASG_2025-11-13_G14,10110024FARIASG,2025-11-13,111463,1,42,0,706.0
10110024FARIASG_2025-11-13_G15,10110024FARIASG,2025-11-13,109641,1,30,0,917.0
10110024FARIASG_2025-11-13_G16,10110024FARIASG,2025-11-13,110339,1,14,0,577.0
10110024FARIASG_2025-11-13_G17,10110024FARIASG,2025-11-13,111743,1,8,0,105.0
10110024FARIASG_2025-11-13_G18,10110024FARIASG,2025-11-13,140922,1,12,0,225.0
10110024FARIASG_2025-11-13_G19,10110024FARIASG,2025-11-13,111435,1,30,0,717.0
10110024FARIASG_2025-11-13_G20,10110024FARIASG,2025-11-13,111569,1,11,0,881.0
10110024FARIASG_2025-11-13_G21,10110024FARIASG,2025-11-13,108759,1,6,0,118.0
10110024FARIASG_2025-11-13_G22,10110024FARIASG,2025-11-13,110747,1,5,0,462.0
10110024FARIASG_2025-11-13_G23,10110024FARIASG,2025-11-13,118222,1,3,0,525.0
10110024FARIASG_2025-11-13_G24,10110024FARIASG,2025-11-13,118222,1,7,0,148.0
10110024FARIASG_2025-11-13_G25,10110024FARIASG,2025-11-13,111441,1,9,0,433.0
10110024FARIASG_2025-11-13_G26,10110024FARIASG,2025-11-13,110339,1,2,0,135.0
10110024FARIASG_2025-11-13_G27,10110024FARIASG,2025-11-13,107629,1,8,0,322.0
10110024FARIASG_2025-11-13_G28,10110024FARIASG,2025-11-13,117808,1,50,0,1075.0
10110024FARIASG_2025-11-13_G29,10110024FARIASG,2025-11-13,118299,1,20,0,160.0
10110024FARIASG_2025-11-13_G30,10110024FARIASG,2025-11-13,118299,1,20,0,97.0
10110024FARIASG_2025-11-13_G31,10110024FARIASG,2025-11-13,117861,1,2,0,75.0
10110024FARIASG_2025-11-13_G32,10110024FARIASG,2025-11-13,111442,1,30,0,653.0
10110024FARIASG_2025-11-13_G33,10110024FARIASG,2025-11-13,117785,1,20,0,1369.0
10110024FARIASG_2025-11-13_G34,10110024FARIASG,2025-11-13,110374,1,130,0,898.0
10110024FARIASG_2025-11-13_G35,10110024FARIASG,2025-11-13,111466,1,110,0,950.0
10110024FARIASG_2025-11-13_G37,10110024FARIASG,2025-11-13,111743,1,99,0,2509.0
10110024FARIASG_2025-11-13_G38,10110024FARIASG,2025-11-13,110895,1,1,0,1489.0
10110024FARIASG_2025-11-13_G39,10110024FARIASG,2025-11-13,111172,1,3,0,114.0
10110024FARIASG_2025-11-13_G40,10110024FARIASG,2025-11-13,110787,1,5,0,114.0
10110024FARIASG_2025-11-13_G41,10110024FARIASG,2025-11-13,111469,1,8,0,83.0
10110024FARIASG_2025-11-13_G42,10110024FARIASG,2025-11-13,111466,1,6,0,113.0
10110024FARIASG_2025-11-13_G43,10110024FARIASG,2025-11-13,118317,1,2,0,95.0
10110024FARIASG_2025-11-13_G44,10110024FARIASG,2025-11-13,111532,1,5,0,119.0
10110024FARIASG_2025-11-13_G45,10110024FARIASG,2025-11-13,117820,1,2,0,267.0
10110024FARIASG_2025-11-13_G46,10110024FARIASG,2025-11-13,117808,1,2,0,82.0
10110024FARIASG_2025-11-13_G47,10110024FARIASG,2025-11-13,117832,1,1,0,55.0
10110024FARIASG_2025-11-13_G48,10110024FARIASG,2025-11-13,110373,1,3,0,77.0
10110024FARIASG_2025-11-13_G49,10110024FARIASG,2025-11-13,110787,2,2,30,138.0
10110024FARIASG_2025-11-13_G50,10110024FARIASG,2025-11-13,111463,1,2,0,73.0
10110024FARIASG_2025-11-13_G51,10110024FARIASG,2025-11-13,118317,1,1,0,139.0
10110024FARIASG_2025-11-13_G52,10110024FARIASG,2025-11-13,110755,1,1,0,1842.0
10110024FARIASG_2025-11-13_G53,10110024FARIASG,2025-11-13,110787,1,6,0,143.0
10110024FARIASG_2025-11-13_G54,10110024FARIASG,2025-11-13,110787,1,2,0,42.0
10110024FARIASG_2025-11-14_G02,10110024FARIASG,2025-11-14,110373,1,16,0,1120.0
10110024FARIASG_2025-11-14_G03,10110024FARIASG,2025-11-14,110313,1,4,0,278.0
10110024FARIASG_2025-11-14_G04,10110024FARIASG,2025-11-14,111861,1,2,0,124.0
10110024FARIASG_2025-11-14_G05,10110024FARIASG,2025-11-14,111463,1,5,0,179.0
10110024FARIASG_2025-11-14_G06,10110024FARIASG,2025-11-14,111743,1,12,0,930.0
10110024FARIASG_2025-11-14_G07,10110024FARIASG,2025-11-14,117853,1,4,0,197.0
10110024FARIASG_2025-11-14_G08,10110024FARIASG,2025-11-14,110373,1,20,0,716.0
10110024FARIASG_2025-11-14_G09,10110024FARIASG,2025-11-14,110313,1,16,0,587.0
10110024FARIASG_2025-11-14_G10,10110024FARIASG,2025-11-14,110787,1,4,0,780.0
10110024FARIASG_2025-11-14_G11,10110024FARIASG,2025-11-14,110313,1,8,0,463.0
10110024FARIASG_2025-11-14_G12,10110024FARIASG,2025-11-14,110313,1,8,0,190.0
10110024FARIASG_2025-11-15_G02,10110024FARIASG,2025-11-15,109645,1,4,0,106.0
10110024FARIASG_2025-11-15_G03,10110024FARIASG,2025-11-15,108795,1,6,0,94.0
10110024FARIASG_2025-11-15_G04,10110024FARIASG,2025-11-15,140922,1,4,0,82.0
10110024FARIASG_2025-11-15_G05,10110024FARIASG,2025-11-15,110787,1,4,0,187.0
10110024FARIASG_2025-11-15_G06,10110024FARIASG,2025-11-15,111435,1,5,0,83.0
10110024FARIASG_2025-11-15_G07,10110024FARIASG,2025-11-15,108711,1,8,0,107.0
10110024FARIASG_2025-11-15_G08,10110024FARIASG,2025-11-15,117787,1,2,0,74.0
10110024FARIASG_2025-11-15_G09,10110024FARIASG,2025-11-15,109641,1,2,0,53.0
10110024FARIASG_2025-11-15_G10,10110024FARIASG,2025-11-15,118317,1,2,0,40.0
10110024FARIASG_2025-11-15_G11,10110024FARIASG,2025-11-15,117833,1,6,0,257.0
10110024FARIASG_2025-11-15_G12,10110024FARIASG,2025-11-15,141457,1,4,0,75.0
10110024FARIASG_2025-11-15_G13,10110024FARIASG,2025-11-15,118140,1,8,0,178.0
10110024FARIASG_2025-11-15_G14,10110024FARIASG,2025-11-15,141458,1,8,0,142.0
10110024FARIASG_2025-11-15_G15,10110024FARIASG,2025-11-15,111465,1,2,0,44.0
10110024FARIASG_2025-11-15_G16,10110024FARIASG,2025-11-15,117786,1,6,0,349.0
10110024FARIASG_2025-11-15_G17,10110024FARIASG,2025-11-15,107629,1,3,0,64.0
10110024FARIASG_2025-11-15_G18,10110024FARIASG,2025-11-15,108361,1,4,0,74.0
10110024FARIASG_2025-11-15_G19,10110024FARIASG,2025-11-15,140923,1,12,0,93.0
10110024FARIASG_2025-11-15_G20,10110024FARIASG,2025-11-15,108772,1,6,0,66.0
10110024FARIASG_2025-11-15_G21,10110024FARIASG,2025-11-15,110752,1,4,0,66.0
10110024FARIASG_2025-11-15_G22,10110024FARIASG,2025-11-15,117862,1,4,0,86.0
10110024FARIASG_2025-11-15_G23,10110024FARIASG,2025-11-15,118094,1,4,0,87.0
10110024FARIASG_2025-11-15_G24,10110024FARIASG,2025-11-15,109647,1,1,0,134.0
10110024FARIASG_2025-11-15_G25,10110024FARIASG,2025-11-15,117853,1,4,0,87.0
10110024FARIASG_2025-11-15_G26,10110024FARIASG,2025-11-15,117856,1,4,0,57.0
10110024FARIASG_2025-11-15_G27,10110024FARIASG,2025-11-15,110374,1,30,0,850.0
10110024FARIASG_2025-11-15_G28,10110024FARIASG,2025-11-15,117820,1,20,0,166.0
10110024FARIASG_2025-11-15_G29,10110024FARIASG,2025-11-15,117840,1,5,0,314.0
10110024FARIASG_2025-11-15_G30,10110024FARIASG,2025-11-15,110372,1,20,0,153.0
10110024FARIASG_2025-11-15_G31,10110024FARIASG,2025-11-15,117808,1,100,0,560.0
10110024FARIASG_2025-11-15_G32,10110024FARIASG,2025-11-15,110373,1,30,0,569.0
10110024FARIASG_2025-11-15_G33,10110024FARIASG,2025-11-15,141202,1,20,0,124.0
10110024FARIASG_2025-11-15_G34,10110024FARIASG,2025-11-15,118299,1,20,0,337.0
10110024FARIASG_2025-11-15_G35,10110024FARIASG,2025-11-15,111172,1,9,0,276.0
10110024FARIASG_2025-11-15_G36,10110024FARIASG,2025-11-15,111433,1,8,0,110.0
10110024FARIASG_2025-11-15_G37,10110024FARIASG,2025-11-15,116241,1,5,0,98.0
10110024FARIASG_2025-11-15_G38,10110024FARIASG,2025-11-15,111330,1,3,0,54.0
10110024FARIASG_2025-11-15_G39,10110024FARIASG,2025-11-15,108795,1,6,0,98.0
10110024FARIASG_2025-11-15_G40,10110024FARIASG,2025-11-15,110787,1,10,0,314.0
10110024FARIASG_2025-11-15_G41,10110024FARIASG,2025-11-15,111418,1,30,0,388.0
10110024FARIASG_2025-11-15_G42,10110024FARIASG,2025-11-15,111469,2,16,30,143.0
10110024FARIASG_2025-11-15_G43,10110024FARIASG,2025-11-15,111469,1,13,0,88.0
10110024FARIASG_2025-11-15_G44,10110024FARIASG,2025-11-15,111431,1,6,0,94.0
10110024FARIASG_2025-11-15_G45,10110024FARIASG,2025-11-15,117842,1,4,0,294.0
10110024FARIASG_2025-11-15_G46,10110024FARIASG,2025-11-15,117841,1,1,0,73.0
10110024FARIASG_2025-11-15_G47,10110024FARIASG,2025-11-15,111463,1,10,0,130.0
10110024FARIASG_2025-11-15_G48,10110024FARIASG,2025-11-15,111466,1,4,0,65.0
10110024FARIASG_2025-11-15_G49,10110024FARIASG,2025-11-15,111466,1,6,0,41.0
10110024FARIASG_2025-11-15_G50,10110024FARIASG,2025-11-15,108711,1,5,0,326.0
10110024FARIASG_2025-11-15_G51,10110024FARIASG,2025-11-15,117785,1,6,0,111.0
10110024FARIASG_2025-11-15_G52,10110024FARIASG,2025-11-15,111442,1,8,0,128.0
10110024FARIASG_2025-11-15_G53,10110024FARIASG,2025-11-15,111444,1,4,0,69.0
10110024FARIASG_2025-11-15_G54,10110024FARIASG,2025-11-15,111462,1,6,0,95.0
10110024FARIASG_2025-11-15_G55,10110024FARIASG,2025-11-15,118140,1,2,0,431.0
10110024FARIASG_2025-11-15_G56,10110024FARIASG,2025-11-15,141271,1,12,0,795.0
10110024FARIASG_2025-11-15_G57,10110024FARIASG,2025-11-15,111532,1,4,0,77.0
10110024FARIASG_2025-11-15_G58,10110024FARIASG,2025-11-15,141823,1,7,0,74.0
10110024FARIASG_2025-11-15_G59,10110024FARIASG,2025-11-15,111743,1,3,0,420.0
10110024FARIASG_2025-11-15_G61,10110024FARIASG,2025-11-15,110313,1,4,0,175.0
10110024FARIASG_2025-11-15_G62,10110024FARIASG,2025-11-15,117786,1,4,0,125.0
10110024FARIASG_2025-11-15_G63,10110024FARIASG,2025-11-15,141066,1,2,0,105.0
10110024FARIASG_2025-11-15_G64,10110024FARIASG,2025-11-15,111465,1,4,0,161.0
10110024FARIASG_2025-11-15_G65,10110024FARIASG,2025-11-15,141457,1,4,0,294.0
10110024FARIASG_2025-11-15_G66,10110024FARIASG,2025-11-15,117821,1,6,0,101.0
10110024FARIASG_2025-11-15_G67,10110024FARIASG,2025-11-15,141458,1,4,0,93.0
10110024FARIASG_2025-11-15_G68,10110024FARIASG,2025-11-15,117820,1,4,0,174.0
10110024FARIASG_2025-11-15_G69,10110024FARIASG,2025-11-15,109640,1,6,0,183.0
10110024FARIASG_2025-11-15_G70,10110024FARIASG,2025-11-15,110373,1,12,0,929.0
10110024FARIASG_2025-11-15_G71,10110024FARIASG,2025-11-15,109640,1,30,0,502.0
10110024FARIASG_2025-11-15_G72,10110024FARIASG,2025-11-15,109640,1,2,0,403.0
10110024FARIASG_2025-11-15_G73,10110024FARIASG,2025-11-15,109640,1,20,0,447.0
10110024FARIASG_2025-11-17_G02,10110024FARIASG,2025-11-17,117830,1,18,0,391.0
10110024FARIASG_2025-11-17_G03,10110024FARIASG,2025-11-17,117830,1,4,0,39.0
10110024FARIASG_2025-11-17_G04,10110024FARIASG,2025-11-17,118299,1,9,0,211.0
10110024FARIASG_2025-11-17_G05,10110024FARIASG,2025-11-17,118299,1,4,0,59.0
10110024FARIASG_2025-11-17_G06,10110024FARIASG,2025-11-17,118299,1,42,0,463.0
10110024FARIASG_2025-11-17_G07,10110024FARIASG,2025-11-17,117822,1,10,0,163.0
10110024FARIASG_2025-11-17_G08,10110024FARIASG,2025-11-17,110373,1,30,0,337.0
10110024FARIASG_2025-11-17_G09,10110024FARIASG,2025-11-17,117808,1,300,0,1249.0
10110024FARIASG_2025-11-17_G10,10110024FARIASG,2025-11-17,110373,1,42,0,632.0
10110024FARIASG_2025-11-17_G11,10110024FARIASG,2025-11-17,141202,1,20,0,175.0
10110024FARIASG_2025-11-17_G12,10110024FARIASG,2025-11-17,110372,1,30,0,439.0
10110024FARIASG_2025-11-17_G13,10110024FARIASG,2025-11-17,118299,1,41,0,207.0
10110024FARIASG_2025-11-17_G14,10110024FARIASG,2025-11-17,110372,1,39,0,825.0
10110024FARIASG_2025-11-17_G15,10110024FARIASG,2025-11-17,111468,1,19,0,166.0
10110024FARIASG_2025-11-17_G16,10110024FARIASG,2025-11-17,111468,1,2,0,54.0
10110024FARIASG_2025-11-17_G17,10110024FARIASG,2025-11-17,111468,1,6,0,57.0
10110024FARIASG_2025-11-17_G18,10110024FARIASG,2025-11-17,108711,1,20,0,333.0
10110024FARIASG_2025-11-17_G19,10110024FARIASG,2025-11-17,117831,1,30,0,115.0
10110024FARIASG_2025-11-17_G20,10110024FARIASG,2025-11-17,117787,1,10,0,100.0
10110024FARIASG_2025-11-17_G21,10110024FARIASG,2025-11-17,111462,1,10,0,157.0
10110024FARIASG_2025-11-17_G22,10110024FARIASG,2025-11-17,117821,1,20,0,123.0
10110024FARIASG_2025-11-17_G23,10110024FARIASG,2025-11-17,111466,1,4,0,75.0
10110024FARIASG_2025-11-17_G24,10110024FARIASG,2025-11-17,111532,1,10,0,245.0
10110024FARIASG_2025-11-17_G25,10110024FARIASG,2025-11-17,141457,1,79,0,694.0
10110024FARIASG_2025-11-17_G26,10110024FARIASG,2025-11-17,117785,1,100,0,644.0
10110024FARIASG_2025-11-17_G27,10110024FARIASG,2025-11-17,118140,1,30,0,378.0
10110024FARIASG_2025-11-17_G28,10110024FARIASG,2025-11-17,141823,1,20,0,167.0
10110024FARIASG_2025-11-17_G30,10110024FARIASG,2025-11-17,118299,1,70,0,482.0
10110024FARIASG_2025-11-17_G31,10110024FARIASG,2025-11-17,117832,1,29,0,401.0
10110024FARIASG_2025-11-17_G32,10110024FARIASG,2025-11-17,117808,1,120,0,417.0
10110024FARIASG_2025-11-17_G33,10110024FARIASG,2025-11-17,110373,1,44,0,521.0
10110024FARIASG_2025-11-17_G34,10110024FARIASG,2025-11-17,118271,1,2,0,171.0
10110024FARIASG_2025-11-17_G35,10110024FARIASG,2025-11-17,117832,1,11,0,172.0
10110024FARIASG_2025-11-17_G36,10110024FARIASG,2025-11-17,110373,1,100,0,506.0
10110024FARIASG_2025-11-17_G37,10110024FARIASG,2025-11-17,117809,1,41,0,508.0
10110024FARIASG_2025-11-17_G38,10110024FARIASG,2025-11-17,117809,1,39,0,411.0
10110024FARIASG_2025-11-17_G39,10110024FARIASG,2025-11-17,140923,1,30,0,695.0
10110024FARIASG_2025-11-17_G40,10110024FARIASG,2025-11-17,108772,1,4,0,130.0
10110024FARIASG_2025-11-17_G41,10110024FARIASG,2025-11-17,117862,1,20,0,679.0
10110024FARIASG_2025-11-17_G42,10110024FARIASG,2025-11-17,109640,1,16,0,618.0
10110024FARIASG_2025-11-18_G02,10110024FARIASG,2025-11-18,111466,1,70,0,701.0
10110024FARIASG_2025-11-18_G03,10110024FARIASG,2025-11-18,110743,1,97,0,1086.0
10110024FARIASG_2025-11-18_G04,10110024FARIASG,2025-11-18,109641,1,74,0,790.0
10110024FARIASG_2025-11-18_G05,10110024FARIASG,2025-11-18,110745,1,33,0,600.0
10110024FARIASG_2025-11-18_G06,10110024FARIASG,2025-11-18,111569,1,27,0,762.0
10110024FARIASG_2025-11-18_G07,10110024FARIASG,2025-11-18,110376,1,58,0,831.0
10110024FARIASG_2025-11-19_G02,10110024FARIASG,2025-11-19,118311,1,2,0,212.0
10110024FARIASG_2025-11-19_G03,10110024FARIASG,2025-11-19,109976,1,1,0,94.0
10110024FARIASG_2025-11-19_G04,10110024FARIASG,2025-11-19,111793,1,2,0,342.0
10110024FARIASG_2025-11-19_G05,10110024FARIASG,2025-11-19,110092,1,2,0,170.0
10110024FARIASG_2025-11-19_G06,10110024FARIASG,2025-11-19,111876,1,3,0,294.0
10110024FARIASG_2025-11-19_G07,10110024FARIASG,2025-11-19,117856,1,12,0,207.0
10110024FARIASG_2025-11-19_G08,10110024FARIASG,2025-11-19,107629,1,12,0,179.0
10110024FARIASG_2025-11-19_G09,10110024FARIASG,2025-11-19,108772,1,6,0,151.0
10110024FARIASG_2025-11-19_G10,10110024FARIASG,2025-11-19,117935,1,4,0,229.0
10110024FARIASG_2025-11-19_G11,10110024FARIASG,2025-11-19,140911,1,4,0,314.0
10110024FARIASG_2025-11-19_G12,10110024FARIASG,2025-11-19,110371,1,4,0,672.0
10110024FARIASG_2025-11-19_G13,10110024FARIASG,2025-11-19,141047,1,1,0,162.0
10110024FARIASG_2025-11-19_G14,10110024FARIASG,2025-11-19,117935,1,3,0,115.0
10110024FARIASG_2025-11-19_G15,10110024FARIASG,2025-11-19,110752,1,4,0,148.0
10110024FARIASG_2025-11-19_G16,10110024FARIASG,2025-11-19,105705,1,4,0,132.0
10110024FARIASG_2025-11-19_G17,10110024FARIASG,2025-11-19,141823,1,2,0,93.0
10110024FARIASG_2025-11-19_G18,10110024FARIASG,2025-11-19,110372,1,6,0,167.0
10110024FARIASG_2025-11-19_G19,10110024FARIASG,2025-11-19,110371,1,2,0,331.0
10110024FARIASG_2025-11-19_G20,10110024FARIASG,2025-11-19,110371,1,4,0,72.0
10110024FARIASG_2025-11-19_G21,10110024FARIASG,2025-11-19,110371,1,4,0,73.0
10110024FARIASG_2025-11-19_G22,10110024FARIASG,2025-11-19,110371,1,2,0,54.0
10110024FARIASG_2025-11-19_G23,10110024FARIASG,2025-11-19,110371,1,4,0,115.0
10110024FARIASG_2025-11-19_G24,10110024FARIASG,2025-11-19,109643,1,106,0,1260.0
10110024FARIASG_2025-11-19_G25,10110024FARIASG,2025-11-19,141202,1,4,0,66.0
10110024FARIASG_2025-11-19_G26,10110024FARIASG,2025-11-19,141202,1,4,0,48.0
10110024FARIASG_2025-11-19_G27,10110024FARIASG,2025-11-19,116611,1,12,0,319.0
10110024FARIASG_2025-11-19_G28,10110024FARIASG,2025-11-19,118416,1,4,0,190.0
10110024FARIASG_2025-11-19_G29,10110024FARIASG,2025-11-19,140957,1,2,0,93.0
10110024FARIASG_2025-11-19_G30,10110024FARIASG,2025-11-19,117965,1,3,0,89.0
10110024FARIASG_2025-11-19_G31,10110024FARIASG,2025-11-19,110751,1,1,0,146.0
10110024FARIASG_2025-11-19_G32,10110024FARIASG,2025-11-19,108798,1,4,0,160.0
10110024FARIASG_2025-11-19_G33,10110024FARIASG,2025-11-19,111443,1,4,0,75.0
10110024FARIASG_2025-11-19_G34,10110024FARIASG,2025-11-19,118317,1,3,0,150.0
10110024FARIASG_2025-11-19_G35,10110024FARIASG,2025-11-19,118317,1,45,0,735.0
10110024FARIASG_2025-11-19_G36,10110024FARIASG,2025-11-19,111442,1,7,0,107.0
10110024FARIASG_2025-11-19_G37,10110024FARIASG,2025-11-19,111442,1,1,0,32.0
10110024FARIASG_2025-11-19_G38,10110024FARIASG,2025-11-19,111434,1,7,0,255.0
10110024FARIASG_2025-11-19_G39,10110024FARIASG,2025-11-19,110749,1,4,0,183.0
10110024FARIASG_2025-11-19_G40,10110024FARIASG,2025-11-19,110747,1,118,0,1758.0
10110024FARIASG_2025-11-19_G41,10110024FARIASG,2025-11-19,111660,1,1,0,83.0
10110024FARIASG_2025-11-19_G42,10110024FARIASG,2025-11-19,111660,1,2,0,36.0
10110024FARIASG_2025-11-19_G43,10110024FARIASG,2025-11-19,110754,1,5,0,83.0
10110024FARIASG_2025-11-19_G44,10110024FARIASG,2025-11-19,110755,1,2,0,125.0
10110024FARIASG_2025-11-19_G45,10110024FARIASG,2025-11-19,110755,1,10,0,391.0
10110024FARIASG_2025-11-19_G46,10110024FARIASG,2025-11-19,110755,1,2,0,59.0
10110024FARIASG_2025-11-19_G47,10110024FARIASG,2025-11-19,110755,1,4,0,140.0
10110024FARIASG_2025-11-19_G48,10110024FARIASG,2025-11-19,141916,1,20,0,590.0
10110024FARIASG_2025-11-19_G49,10110024FARIASG,2025-11-19,140911,1,5,0,192.0
10110024FARIASG_2025-11-19_G50,10110024FARIASG,2025-11-19,110747,1,4,0,74.0
10110024FARIASG_2025-11-19_G51,10110024FARIASG,2025-11-19,110747,1,2,0,68.0
10110024FARIASG_2025-11-19_G52,10110024FARIASG,2025-11-19,110747,1,16,0,827.0
10110024FARIASG_2025-11-19_G53,10110024FARIASG,2025-11-19,110313,1,100,0,1226.0
10110024FARIASG_2025-11-19_G54,10110024FARIASG,2025-11-19,117862,1,20,0,453.0
10110024FARIASG_2025-11-19_G55,10110024FARIASG,2025-11-19,117786,1,50,0,303.0
10110024FARIASG_2025-11-19_G56,10110024FARIASG,2025-11-19,140923,1,20,0,315.0
10110024FARIASG_2025-11-19_G57,10110024FARIASG,2025-11-19,140923,2,64,10,453.0
10110024FARIASG_2025-11-19_G58,10110024FARIASG,2025-11-19,110741,1,6,0,424.0
10110024FARIASG_2025-11-19_G60,10110024FARIASG,2025-11-19,117785,1,100,0,321.0
10110024FARIASG_2025-11-19_G61,10110024FARIASG,2025-11-19,110787,1,14,0,220.0
10110024FARIASG_2025-11-19_G62,10110024FARIASG,2025-11-19,118140,1,60,0,583.0
10110024FARIASG_2025-11-19_G63,10110024FARIASG,2025-11-19,118140,1,10,0,41.0
10110024FARIASG_2025-11-19_G64,10110024FARIASG,2025-11-19,117833,1,40,0,769.0
10110024FARIASG_2025-11-19_G65,10110024FARIASG,2025-11-19,117821,1,10,0,116.0
10110024FARIASG_2025-11-19_G66,10110024FARIASG,2025-11-19,118140,1,40,0,909.0
10110024FARIASG_2025-11-19_G67,10110024FARIASG,2025-11-19,110372,1,180,0,1081.0
10110024FARIASG_2025-11-19_G68,10110024FARIASG,2025-11-19,117808,1,150,0,816.0
10110024FARIASG_2025-11-19_G69,10110024FARIASG,2025-11-19,117820,1,20,0,641.0
10110024FARIASG_2025-11-19_G70,10110024FARIASG,2025-11-19,110372,1,180,0,1249.0
10110024FARIASG_2025-11-19_G71,10110024FARIASG,2025-11-19,117808,1,207,0,524.0
10110024FARIASG_2025-11-21_G02,10110024FARIASG,2025-11-21,111462,1,6,0,850.0
10110024FARIASG_2025-11-21_G03,10110024FARIASG,2025-11-21,111466,1,10,0,959.0
10110024FARIASG_2025-11-21_G04,10110024FARIASG,2025-11-21,110313,1,1,0,192.0
10110024FARIASG_2025-11-21_G05,10110024FARIASG,2025-11-21,140923,1,20,0,657.0
10110024FARIASG_2025-11-21_G06,10110024FARIASG,2025-11-21,110313,1,4,0,366.0
10110024FARIASG_2025-11-21_G07,10110024FARIASG,2025-11-21,117821,1,12,0,202.0
10110024FARIASG_2025-11-21_G08,10110024FARIASG,2025-11-21,111330,1,4,0,181.0
10110024FARIASG_2025-11-21_G09,10110024FARIASG,2025-11-21,140911,1,2,0,148.0
10110024FARIASG_2025-11-21_G10,10110024FARIASG,2025-11-21,117853,1,4,0,262.0
10110024FARIASG_2025-11-21_G11,10110024FARIASG,2025-11-21,109643,1,5,0,433.0
10110024FARIASG_2025-11-21_G12,10110024FARIASG,2025-11-21,117832,1,5,0,118.0
10110024FARIASG_2025-11-21_G13,10110024FARIASG,2025-11-21,117837,1,5,0,142.0
10110024FARIASG_2025-11-21_G14,10110024FARIASG,2025-11-21,111441,1,10,0,361.0
10110024FARIASG_2025-11-21_G15,10110024FARIASG,2025-11-21,110755,1,10,0,192.0
10110024FARIASG_2025-11-21_G16,10110024FARIASG,2025-11-21,110747,1,6,0,167.0
10110024FARIASG_2025-11-21_G17,10110024FARIASG,2025-11-21,111532,1,2,0,168.0
10110024FARIASG_2025-11-21_G18,10110024FARIASG,2025-11-21,140922,1,17,0,845.0
10110024FARIASG_2025-11-21_G19,10110024FARIASG,2025-11-21,111348,1,2,0,53.0
10110024FARIASG_2025-11-21_G20,10110024FARIASG,2025-11-21,108711,1,4,0,109.0
10110024FARIASG_2025-11-21_G21,10110024FARIASG,2025-11-21,117831,1,10,0,197.0
10110024FARIASG_2025-11-21_G22,10110024FARIASG,2025-11-21,117787,1,5,0,79.0
10110024FARIASG_2025-11-21_G23,10110024FARIASG,2025-11-21,109641,1,8,0,124.0
10110024FARIASG_2025-11-21_G24,10110024FARIASG,2025-11-21,109641,1,2,0,53.0
10110024FARIASG_2025-11-21_G25,10110024FARIASG,2025-11-21,141457,1,3,0,60.0
10110024FARIASG_2025-11-21_G26,10110024FARIASG,2025-11-21,111442,1,2,0,51.0
10110024FARIASG_2025-11-21_G28,10110024FARIASG,2025-11-21,118140,1,31,0,553.0
10110024FARIASG_2025-11-21_G29,10110024FARIASG,2025-11-21,118140,1,4,0,77.0
10110024FARIASG_2025-11-21_G30,10110024FARIASG,2025-11-21,118140,1,16,0,138.0
10110024FARIASG_2025-11-21_G31,10110024FARIASG,2025-11-21,141271,1,8,0,131.0
10110024FARIASG_2025-11-21_G32,10110024FARIASG,2025-11-21,141823,1,2,0,117.0
10110024FARIASG_2025-11-21_G33,10110024FARIASG,2025-11-21,141823,1,6,0,68.0
10110024FARIASG_2025-11-21_G34,10110024FARIASG,2025-11-21,111465,1,12,0,227.0
10110024FARIASG_2025-11-21_G35,10110024FARIASG,2025-11-21,110740,1,9,0,315.0
10110024FARIASG_2025-11-21_G36,10110024FARIASG,2025-11-21,110745,1,3,0,87.0
10110024FARIASG_2025-11-21_G37,10110024FARIASG,2025-11-21,110745,1,2,0,44.0
10110024FARIASG_2025-11-21_G38,10110024FARIASG,2025-11-21,110745,1,7,0,65.0
10110024FARIASG_2025-11-21_G39,10110024FARIASG,2025-11-21,110745,1,2,0,44.0
10110024FARIASG_2025-11-21_G40,10110024FARIASG,2025-11-21,140922,1,2,0,81.0
10110024FARIASG_2025-11-21_G41,10110024FARIASG,2025-11-21,140922,1,7,0,135.0
10110024FARIASG_2025-11-21_G42,10110024FARIASG,2025-11-21,110748,1,2,0,193.0
10110024FARIASG_2025-11-21_G43,10110024FARIASG,2025-11-21,111446,1,2,0,83.0
10110024FARIASG_2025-11-21_G44,10110024FARIASG,2025-11-21,111172,1,1,0,49.0
10110024FARIASG_2025-11-21_G45,10110024FARIASG,2025-11-21,110751,1,3,0,161.0
10110024FARIASG_2025-11-21_G46,10110024FARIASG,2025-11-21,110740,1,1,0,137.0
10110024FARIASG_2025-11-21_G47,10110024FARIASG,2025-11-21,118317,1,8,0,1075.0
10110024FARIASG_2025-11-21_G48,10110024FARIASG,2025-11-21,111469,1,110,0,1459.0
10110024FARIASG_2025-11-21_G49,10110024FARIASG,2025-11-21,111466,1,80,0,468.0
10110024FARIASG_2025-11-21_G50,10110024FARIASG,2025-11-21,111469,1,70,0,426.0
10110024FARIASG_2025-11-21_G51,10110024FARIASG,2025-11-21,110747,1,15,0,421.0
10110024FARIASG_2025-11-21_G52,10110024FARIASG,2025-11-21,140923,1,16,0,602.0
10110024FARIASG_2025-11-21_G53,10110024FARIASG,2025-11-21,111569,1,4,0,433.0
10110024FARIASG_2025-11-21_G54,10110024FARIASG,2025-11-21,117836,1,2,0,156.0
10110024FARIASG_2025-11-22_G02,10110024FARIASG,2025-11-22,141456,1,50,0,795.0
10110024FARIASG_2025-11-22_G03,10110024FARIASG,2025-11-22,111348,1,40,0,748.0
10110024FARIASG_2025-11-22_G04,10110024FARIASG,2025-11-22,117832,1,80,0,1227.0
10110024FARIASG_2025-11-22_G05,10110024FARIASG,2025-11-22,118298,1,43,0,374.0
10110024FARIASG_2025-11-22_G06,10110024FARIASG,2025-11-22,117830,1,80,0,1355.0
10110024FARIASG_2025-11-22_G07,10110024FARIASG,2025-11-22,117856,1,40,0,1142.0
10110024FARIASG_2025-11-22_G08,10110024FARIASG,2025-11-22,141456,1,200,0,944.0
10110024FARIASG_2025-11-22_G09,10110024FARIASG,2025-11-22,110373,1,200,0,1333.0
10110024FARIASG_2025-11-22_G10,10110024FARIASG,2025-11-22,117809,1,200,0,1366.0
10110024FARIASG_2025-11-22_G11,10110024FARIASG,2025-11-22,118140,1,150,0,675.0
10110024FARIASG_2025-11-22_G12,10110024FARIASG,2025-11-22,117820,1,220,0,521.0
10110024FARIASG_2025-11-22_G13,10110024FARIASG,2025-11-22,110373,1,250,0,963.0
10110024FARIASG_2025-11-22_G14,10110024FARIASG,2025-11-22,118222,1,200,0,3003.0
10110024FARIASG_2025-11-25_G02,10110024FARIASG,2025-11-25,111741,1,35,0,470.0
10110024FARIASG_2025-11-25_G03,10110024FARIASG,2025-11-25,111737,1,20,0,866.0
10110024FARIASG_2025-11-25_G04,10110024FARIASG,2025-11-25,141155,1,80,0,2082.0
10110024FARIASG_2025-11-25_G05,10110024FARIASG,2025-11-25,111742,1,20,0,1822.0
10110024FARIASG_2025-11-25_G06,10110024FARIASG,2025-11-25,111723,1,50,0,830.0
10110024FARIASG_2025-11-25_G07,10110024FARIASG,2025-11-25,111634,1,65,0,788.0
10110024FARIASG_2025-11-25_G08,10110024FARIASG,2025-11-25,111759,1,60,0,842.0
10110024FARIASG_2025-11-25_G09,10110024FARIASG,2025-11-25,111742,1,6,0,265.0
10110024FARIASG_2025-11-25_G10,10110024FARIASG,2025-11-25,111634,1,10,0,296.0
10110024FARIASG_2025-11-25_G11,10110024FARIASG,2025-11-25,111722,1,20,0,631.0
10110024FARIASG_2025-11-25_G12,10110024FARIASG,2025-11-25,110371,1,50,0,639.0
10110024FARIASG_2025-11-25_G13,10110024FARIASG,2025-11-25,109643,1,10,0,119.0
10110024FARIASG_2025-11-25_G14,10110024FARIASG,2025-11-25,117832,1,4,0,83.0
10110024FARIASG_2025-11-25_G15,10110024FARIASG,2025-11-25,111172,1,10,0,752.0
10110024FARIASG_2025-11-25_G16,10110024FARIASG,2025-11-25,118140,1,10,0,118.0
10110024FARIASG_2025-11-25_G17,10110024FARIASG,2025-11-25,110373,1,50,0,561.0
10110024FARIASG_2025-11-25_G18,10110024FARIASG,2025-11-25,105705,1,10,0,299.0
10110024FARIASG_2025-11-25_G19,10110024FARIASG,2025-11-25,109645,1,8,0,103.0
10110024FARIASG_2025-11-25_G20,10110024FARIASG,2025-11-25,111463,1,10,0,321.0
10110024FARIASG_2025-11-25_G21,10110024FARIASG,2025-11-25,111418,1,10,0,475.0
10110024FARIASG_2025-11-25_G22,10110024FARIASG,2025-11-25,117787,1,2,0,60.0
10110024FARIASG_2025-11-25_G23,10110024FARIASG,2025-11-25,111442,1,4,0,114.0
10110024FARIASG_2025-11-25_G24,10110024FARIASG,2025-11-25,111439,1,4,0,162.0
10110024FARIASG_2025-11-25_G25,10110024FARIASG,2025-11-25,110733,1,4,0,124.0
10110024FARIASG_2025-11-25_G26,10110024FARIASG,2025-11-25,109647,1,10,0,137.0
10110024FARIASG_2025-11-25_G27,10110024FARIASG,2025-11-25,117855,1,10,0,190.0
10110024FARIASG_2025-11-25_G28,10110024FARIASG,2025-11-25,111602,1,11,0,172.0
10110024FARIASG_2025-11-25_G29,10110024FARIASG,2025-11-25,111438,1,16,0,682.0
10110024FARIASG_2025-11-25_G30,10110024FARIASG,2025-11-25,111438,1,10,0,278.0
10110024FARIASG_2025-11-25_G31,10110024FARIASG,2025-11-25,111437,1,2,0,192.0
10110024FARIASG_2025-11-25_G32,10110024FARIASG,2025-11-25,111437,1,2,0,57.0
10110024FARIASG_2025-11-25_G33,10110024FARIASG,2025-11-25,111430,1,4,0,138.0
10110024FARIASG_2025-11-25_G34,10110024FARIASG,2025-11-25,111569,1,10,0,469.0
10110024FARIASG_2025-11-25_G35,10110024FARIASG,2025-11-25,117834,1,2,0,134.0
10110024FARIASG_2025-11-25_G36,10110024FARIASG,2025-11-25,107892,1,2,0,96.0
10110024FARIASG_2025-11-25_G37,10110024FARIASG,2025-11-25,110787,1,20,0,309.0
10110024FARIASG_2025-11-25_G39,10110024FARIASG,2025-11-25,117837,1,4,0,202.0
10110024FARIASG_2025-11-25_G40,10110024FARIASG,2025-11-25,117837,1,16,0,153.0
10110024FARIASG_2025-11-25_G41,10110024FARIASG,2025-11-25,117965,1,8,0,221.0
10110024FARIASG_2025-11-25_G42,10110024FARIASG,2025-11-25,117853,1,3,0,60.0
10110024FARIASG_2025-11-25_G43,10110024FARIASG,2025-11-25,110750,1,8,0,122.0
10110024FARIASG_2025-11-25_G44,10110024FARIASG,2025-11-25,110750,1,10,0,420.0
10110024FARIASG_2025-11-25_G45,10110024FARIASG,2025-11-25,117856,1,10,0,104.0
10110024FARIASG_2025-11-25_G46,10110024FARIASG,2025-11-25,141047,1,4,0,132.0
10110024FARIASG_2025-11-25_G47,10110024FARIASG,2025-11-25,141047,1,11,0,180.0
10110024FARIASG_2025-11-25_G48,10110024FARIASG,2025-11-25,140923,1,70,0,521.0
10110024FARIASG_2025-11-25_G49,10110024FARIASG,2025-11-25,117856,1,30,0,552.0
10110024FARIASG_2025-11-25_G50,10110024FARIASG,2025-11-25,140923,1,26,0,303.0
10110024FARIASG_2025-11-25_G51,10110024FARIASG,2025-11-25,108772,1,10,0,402.0
10110024FARIASG_2025-11-25_G52,10110024FARIASG,2025-11-25,108772,1,4,0,55.0
10110024FARIASG_2025-11-25_G53,10110024FARIASG,2025-11-25,111879,1,23,0,462.0
10110024FARIASG_2025-11-25_G54,10110024FARIASG,2025-11-25,111172,1,3,0,1171.0
10110024FARIASG_2025-11-25_G55,10110024FARIASG,2025-11-25,117855,1,10,0,340.0
10110024FARIASG_2025-11-25_G56,10110024FARIASG,2025-11-25,108770,1,1,0,218.0
10110024FARIASG_2025-11-25_G57,10110024FARIASG,2025-11-25,111438,1,12,0,573.0
10110024FARIASG_2025-11-25_G58,10110024FARIASG,2025-11-25,111530,1,20,0,251.0
10110024FARIASG_2025-11-25_G59,10110024FARIASG,2025-11-25,111172,1,2,0,172.0
10110024FARIASG_2025-11-25_G60,10110024FARIASG,2025-11-25,111330,1,4,0,163.0
10110024FARIASG_2025-11-25_G61,10110024FARIASG,2025-11-25,141066,1,4,0,400.0
10110024FARIASG_2025-11-25_G62,10110024FARIASG,2025-11-25,111705,1,2,0,283.0
10110024FARIASG_2025-11-25_G63,10110024FARIASG,2025-11-25,111775,1,2,0,137.0
10110024FARIASG_2025-11-25_G64,10110024FARIASG,2025-11-25,118280,1,2,0,99.0
10110024FARIASG_2025-11-26_G02,10110024FARIASG,2025-11-26,117808,1,24,0,924.0
10110024FARIASG_2025-11-26_G03,10110024FARIASG,2025-11-26,110373,1,4,0,229.0
10110024FARIASG_2025-11-26_G04,10110024FARIASG,2025-11-26,110372,1,18,0,162.0
10110024FARIASG_2025-11-26_G05,10110024FARIASG,2025-11-26,117820,1,10,0,205.0
10110024FARIASG_2025-11-26_G06,10110024FARIASG,2025-11-26,140923,1,2,0,103.0
10110024FARIASG_2025-11-26_G07,10110024FARIASG,2025-11-26,117831,1,4,0,170.0
10110024FARIASG_2025-11-26_G08,10110024FARIASG,2025-11-26,117808,1,36,0,661.0
10110024FARIASG_2025-11-26_G09,10110024FARIASG,2025-11-26,110372,1,21,0,162.0
10110024FARIASG_2025-11-26_G10,10110024FARIASG,2025-11-26,117832,1,8,0,130.0
10110024FARIASG_2025-11-26_G11,10110024FARIASG,2025-11-26,117809,2,3,22,98.0
10110024FARIASG_2025-11-26_G12,10110024FARIASG,2025-11-26,117820,1,4,0,63.0
10110024FARIASG_2025-11-26_G13,10110024FARIASG,2025-11-26,117822,1,1,0,146.0
10110024FARIASG_2025-11-26_G14,10110024FARIASG,2025-11-26,108770,1,2,0,339.0
10110024FARIASG_2025-11-26_G15,10110024FARIASG,2025-11-26,111569,1,4,0,737.0
10110024FARIASG_2025-11-26_G16,10110024FARIASG,2025-11-26,141916,1,2,0,309.0
10110024FARIASG_2025-11-26_G17,10110024FARIASG,2025-11-26,108759,1,2,0,299.0
10110024FARIASG_2025-11-26_G18,10110024FARIASG,2025-11-26,110741,1,2,0,114.0
10110024FARIASG_2025-11-26_G19,10110024FARIASG,2025-11-26,117788,1,3,0,82.0
10110024FARIASG_2025-11-26_G20,10110024FARIASG,2025-11-26,118094,1,4,0,82.0
10110024FARIASG_2025-11-26_G21,10110024FARIASG,2025-11-26,140923,1,6,0,111.0
10110024FARIASG_2025-11-26_G22,10110024FARIASG,2025-11-26,117935,1,2,0,102.0
10110024FARIASG_2025-11-26_G23,10110024FARIASG,2025-11-26,117786,1,2,0,90.0
10110024FARIASG_2025-11-26_G24,10110024FARIASG,2025-11-26,111353,1,2,0,176.0
10110024FARIASG_2025-11-26_G25,10110024FARIASG,2025-11-26,117862,1,3,0,97.0
10110024FARIASG_2025-11-26_G26,10110024FARIASG,2025-11-26,118140,1,6,0,123.0
10110024FARIASG_2025-11-26_G27,10110024FARIASG,2025-11-26,109645,1,2,0,92.0
10110024FARIASG_2025-11-26_G28,10110024FARIASG,2025-11-26,140922,1,4,0,138.0
10110024FARIASG_2025-11-26_G29,10110024FARIASG,2025-11-26,111435,1,2,0,123.0
10110024FARIASG_2025-11-26_G30,10110024FARIASG,2025-11-26,111431,1,2,0,88.0
10110024FARIASG_2025-11-26_G31,10110024FARIASG,2025-11-26,110740,1,2,0,72.0
10110024FARIASG_2025-11-26_G32,10110024FARIASG,2025-11-26,117842,1,2,0,100.0
10110024FARIASG_2025-11-26_G33,10110024FARIASG,2025-11-26,111463,1,4,0,133.0
10110024FARIASG_2025-11-26_G34,10110024FARIASG,2025-11-26,111418,1,12,0,289.0
10110024FARIASG_2025-11-26_G35,10110024FARIASG,2025-11-26,109641,1,2,0,105.0
10110024FARIASG_2025-11-26_G36,10110024FARIASG,2025-11-26,117833,1,3,0,577.0
10110024FARIASG_2025-11-26_G37,10110024FARIASG,2025-11-26,117785,1,2,0,67.0
10110024FARIASG_2025-11-26_G38,10110024FARIASG,2025-11-26,141457,1,10,0,168.0
10110024FARIASG_2025-11-26_G39,10110024FARIASG,2025-11-26,111466,1,1,0,177.0
10110024FARIASG_2025-11-26_G40,10110024FARIASG,2025-11-26,117821,1,6,0,54.0
10110024FARIASG_2025-11-26_G41,10110024FARIASG,2025-11-26,141458,1,4,0,95.0
10110024FARIASG_2025-11-26_G42,10110024FARIASG,2025-11-26,141456,1,10,0,127.0
10110024FARIASG_2025-11-26_G43,10110024FARIASG,2025-11-26,117831,1,4,0,190.0
10110024FARIASG_2025-11-26_G44,10110024FARIASG,2025-11-26,111660,1,4,0,154.0
10110024FARIASG_2025-11-26_G45,10110024FARIASG,2025-11-26,108772,1,2,0,200.0
10110024FARIASG_2025-11-26_G46,10110024FARIASG,2025-11-26,109641,1,2,0,165.0
10110024FARIASG_2025-11-26_G47,10110024FARIASG,2025-11-26,118140,1,3,0,283.0
10110024FARIASG_2025-11-26_G48,10110024FARIASG,2025-11-26,111743,1,6,0,164.0
10110024FARIASG_2025-11-26_G49,10110024FARIASG,2025-11-26,117808,1,45,0,776.0
10110024FARIASG_2025-11-26_G50,10110024FARIASG,2025-11-26,141457,1,6,0,317.0
10110024FARIASG_2025-11-26_G51,10110024FARIASG,2025-11-26,110711,1,5,0,264.0
10110024FARIASG_2025-11-26_G52,10110024FARIASG,2025-11-26,117786,1,5,0,187.0
10110024FARIASG_2025-11-26_G53,10110024FARIASG,2025-11-26,111602,1,13,0,231.0
10110024FARIASG_2025-11-26_G54,10110024FARIASG,2025-11-26,108795,1,4,0,186.0
10110024FARIASG_2025-11-26_G55,10110024FARIASG,2025-11-26,111532,1,3,0,131.0
10110024FARIASG_2025-11-26_G56,10110024FARIASG,2025-11-26,111438,1,4,0,442.0
10110024FARIASG_2025-11-26_G57,10110024FARIASG,2025-11-26,111172,1,8,0,206.0
10110024FARIASG_2025-11-26_G58,10110024FARIASG,2025-11-26,110711,1,12,0,202.0
10110024FARIASG_2025-11-26_G59,10110024FARIASG,2025-11-26,111602,1,3,0,168.0
10110024FARIASG_2025-11-26_G60,10110024FARIASG,2025-11-26,111722,1,10,0,415.0
10110024FARIASG_2025-11-26_G61,10110024FARIASG,2025-11-26,141262,1,12,0,408.0
10110024FARIASG_2025-11-26_G62,10110024FARIASG,2025-11-26,141141,1,8,0,356.0
10110024FARIASG_2025-11-26_G63,10110024FARIASG,2025-11-26,141140,1,8,0,150.0
10110024FARIASG_2025-11-26_G64,10110024FARIASG,2025-11-26,108770,1,2,0,1709.0
10110024FARIASG_2025-11-26_G65,10110024FARIASG,2025-11-26,108770,1,4,0,596.0
10110024FARIASG_2025-11-26_G66,10110024FARIASG,2025-11-26,111469,1,4,0,327.0
10110024FARIASG_2025-11-26_G67,10110024FARIASG,2025-11-26,109643,1,4,0,148.0
10110024FARIASG_2025-11-26_G69,10110024FARIASG,2025-11-26,111759,1,6,0,72.0
10110024FARIASG_2025-11-26_G70,10110024FARIASG,2025-11-26,111634,1,1,0,499.0
10110024FARIASG_2025-11-26_G71,10110024FARIASG,2025-11-26,111634,1,4,0,122.0
10110024FARIASG_2025-11-26_G72,10110024FARIASG,2025-11-26,118191,1,10,0,233.0
10110024FARIASG_2025-11-26_G73,10110024FARIASG,2025-11-26,118191,1,10,0,132.0
10110024FARIASG_2025-11-26_G74,10110024FARIASG,2025-11-26,141262,1,8,0,445.0
10110024FARIASG_2025-11-26_G75,10110024FARIASG,2025-11-26,111418,1,13,0,321.0
10110024FARIASG_2025-11-26_G76,10110024FARIASG,2025-11-26,117935,1,27,0,308.0
10110024FARIASG_2025-11-26_G77,10110024FARIASG,2025-11-26,109640,1,22,0,448.0
10110024FARIASG_2025-11-26_G78,10110024FARIASG,2025-11-26,141352,1,16,0,459.0
10110024FARIASG_2025-11-26_G79,10110024FARIASG,2025-11-26,110711,1,16,0,885.0
10110024FARIASG_2025-11-26_G80,10110024FARIASG,2025-11-26,118298,1,12,0,290.0
10110024FARIASG_2025-11-26_G81,10110024FARIASG,2025-11-26,116527,1,8,0,238.0
10110024FARIASG_2025-11-26_G82,10110024FARIASG,2025-11-26,111330,1,16,0,385.0
10110024FARIASG_2025-11-26_G83,10110024FARIASG,2025-11-26,110745,1,4,0,129.0
10110024FARIASG_2025-11-26_G84,10110024FARIASG,2025-11-26,108798,1,10,0,180.0
10110024FARIASG_2025-11-26_G85,10110024FARIASG,2025-11-26,160054,1,2,0,195.0
10110024FARIASG_2025-11-26_G86,10110024FARIASG,2025-11-26,109648,1,2,0,106.0
10110024FARIASG_2025-11-26_G87,10110024FARIASG,2025-11-26,118317,1,3,0,185.0
10110024FARIASG_2025-11-26_G88,10110024FARIASG,2025-11-26,111532,1,4,0,284.0
10110024FARIASG_2025-11-26_G89,10110024FARIASG,2025-11-26,111469,1,3,0,83.0
10110024FARIASG_2025-11-26_G90,10110024FARIASG,2025-11-26,140911,1,4,0,175.0
10110024FARIASG_2025-11-26_G91,10110024FARIASG,2025-11-26,110373,1,483,0,1524.0
10110024FARIASG_2025-11-27_G02,10110024FARIASG,2025-11-27,118250,1,4,0,417.0
10110024FARIASG_2025-11-27_G03,10110024FARIASG,2025-11-27,105705,1,8,0,371.0
10110024FARIASG_2025-11-27_G04,10110024FARIASG,2025-11-27,111418,1,3,0,247.0
10110024FARIASG_2025-11-27_G05,10110024FARIASG,2025-11-27,117786,1,2,0,192.0
10110024FARIASG_2025-11-27_G06,10110024FARIASG,2025-11-27,110313,1,4,0,171.0
10110024FARIASG_2025-11-27_G07,10110024FARIASG,2025-11-27,109645,1,3,0,134.0
10110024FARIASG_2025-11-27_G08,10110024FARIASG,2025-11-27,117855,1,4,0,215.0
10110024FARIASG_2025-11-27_G09,10110024FARIASG,2025-11-27,117837,1,6,0,194.0
10110024FARIASG_2025-11-27_G10,10110024FARIASG,2025-11-27,117853,1,6,0,112.0
10110024FARIASG_2025-11-27_G11,10110024FARIASG,2025-11-27,111602,1,10,0,280.0
10110024FARIASG_2025-11-27_G12,10110024FARIASG,2025-11-27,140923,1,4,0,695.0
10110024FARIASG_2025-11-27_G13,10110024FARIASG,2025-11-27,117809,1,2,0,329.0
10110024FARIASG_2025-11-27_G14,10110024FARIASG,2025-11-27,117820,1,8,0,69.0
10110024FARIASG_2025-11-27_G15,10110024FARIASG,2025-11-27,117808,1,5,0,224.0
10110024FARIASG_2025-11-27_G16,10110024FARIASG,2025-11-27,110372,1,3,0,48.0
10110024FARIASG_2025-11-27_G17,10110024FARIASG,2025-11-27,110372,1,12,0,105.0
10110024FARIASG_2025-11-27_G18,10110024FARIASG,2025-11-27,117832,1,2,0,75.0
10110024FARIASG_2025-11-27_G19,10110024FARIASG,2025-11-27,109643,2,3,24,50.0
10110024FARIASG_2025-11-27_G20,10110024FARIASG,2025-11-27,118222,1,5,0,277.0
10110024FARIASG_2025-11-27_G21,10110024FARIASG,2025-11-27,118140,2,7,25,438.0
10110024FARIASG_2025-11-27_G22,10110024FARIASG,2025-11-27,118140,1,5,0,42.0
10110024FARIASG_2025-11-27_G23,10110024FARIASG,2025-11-27,109645,1,2,0,99.0
10110024FARIASG_2025-11-27_G24,10110024FARIASG,2025-11-27,111743,1,4,0,114.0
10110024FARIASG_2025-11-27_G25,10110024FARIASG,2025-11-27,111182,1,2,0,70.0
10110024FARIASG_2025-11-27_G26,10110024FARIASG,2025-11-27,140922,2,4,28,51.0
10110024FARIASG_2025-11-27_G27,10110024FARIASG,2025-11-27,141271,1,4,0,77.0
10110024FARIASG_2025-11-27_G28,10110024FARIASG,2025-11-27,111469,1,2,0,71.0
10110024FARIASG_2025-11-27_G29,10110024FARIASG,2025-11-27,111469,1,4,0,32.0
10110024FARIASG_2025-11-27_G30,10110024FARIASG,2025-11-27,117842,1,2,0,79.0
10110024FARIASG_2025-11-27_G31,10110024FARIASG,2025-11-27,117841,1,2,0,70.0
10110024FARIASG_2025-11-27_G32,10110024FARIASG,2025-11-27,111463,1,1,0,49.0
10110024FARIASG_2025-11-27_G33,10110024FARIASG,2025-11-27,111418,1,3,0,211.0
10110024FARIASG_2025-11-27_G34,10110024FARIASG,2025-11-27,111418,1,3,0,50.0
10110024FARIASG_2025-11-27_G35,10110024FARIASG,2025-11-27,117785,1,3,0,75.0
10110024FARIASG_2025-11-27_G36,10110024FARIASG,2025-11-27,141457,1,5,0,54.0
10110024FARIASG_2025-11-27_G37,10110024FARIASG,2025-11-27,111466,1,14,0,119.0
10110024FARIASG_2025-11-27_G38,10110024FARIASG,2025-11-27,117821,1,1,0,33.0
10110024FARIASG_2025-11-27_G39,10110024FARIASG,2025-11-27,117821,1,2,0,40.0
10110024FARIASG_2025-11-27_G40,10110024FARIASG,2025-11-27,141458,1,6,0,119.0
10110024FARIASG_2025-11-27_G41,10110024FARIASG,2025-11-27,141456,1,2,0,55.0
10110024FARIASG_2025-11-27_G42,10110024FARIASG,2025-11-27,111418,1,47,0,1231.0
10110024FARIASG_2025-11-27_G43,10110024FARIASG,2025-11-27,110711,1,4,0,93.0
10110024FARIASG_2025-11-27_G44,10110024FARIASG,2025-11-27,117786,1,2,0,115.0
10110024FARIASG_2025-11-27_G45,10110024FARIASG,2025-11-27,108759,1,2,0,248.0
10110024FARIASG_2025-11-27_G46,10110024FARIASG,2025-11-27,111430,1,2,0,93.0
10110024FARIASG_2025-11-27_G47,10110024FARIASG,2025-11-27,118306,1,4,0,147.0
10110024FARIASG_2025-11-27_G48,10110024FARIASG,2025-11-27,110895,1,1,0,81.0
10110024FARIASG_2025-11-27_G49,10110024FARIASG,2025-11-27,118299,1,10,0,982.0
10110024FARIASG_2025-11-27_G50,10110024FARIASG,2025-11-27,110371,1,4,0,156.0
10110024FARIASG_2025-11-27_G51,10110024FARIASG,2025-11-27,118299,1,10,0,146.0
10110024FARIASG_2025-11-27_G52,10110024FARIASG,2025-11-27,117785,1,3,0,114.0
10110024FARIASG_2025-11-27_G53,10110024FARIASG,2025-11-27,118299,1,10,0,256.0
10110024FARIASG_2025-11-27_G54,10110024FARIASG,2025-11-27,117785,1,6,0,667.0
10110024FARIASG_2025-11-27_G55,10110024FARIASG,2025-11-27,110740,1,4,0,111.0
10110024FARIASG_2025-11-27_G56,10110024FARIASG,2025-11-27,117808,1,8,0,124.0
10110024FARIASG_2025-11-27_G57,10110024FARIASG,2025-11-27,118299,1,10,0,163.0
10110024FARIASG_2025-11-27_G58,10110024FARIASG,2025-11-27,110371,1,4,0,102.0
10110024FARIASG_2025-11-27_G59,10110024FARIASG,2025-11-27,117809,1,2,0,158.0
10110024FARIASG_2025-11-27_G60,10110024FARIASG,2025-11-27,118299,1,10,0,575.0
10110024FARIASG_2025-11-27_G61,10110024FARIASG,2025-11-27,110371,1,4,0,105.0
10110024FARIASG_2025-11-27_G62,10110024FARIASG,2025-11-27,110313,1,4,0,141.0
10110024FARIASG_2025-11-27_G63,10110024FARIASG,2025-11-27,117853,1,4,0,138.0
10110024FARIASG_2025-11-27_G64,10110024FARIASG,2025-11-27,117785,1,3,0,141.0
10110024FARIASG_2025-11-27_G65,10110024FARIASG,2025-11-27,117821,1,1,0,76.0
10110024FARIASG_2025-11-27_G66,10110024FARIASG,2025-11-27,141456,1,4,0,86.0
10110024FARIASG_2025-11-27_G67,10110024FARIASG,2025-11-27,111465,1,4,0,80.0
10110024FARIASG_2025-11-27_G68,10110024FARIASG,2025-11-27,117809,1,1,0,272.0
10110024FARIASG_2025-11-27_G69,10110024FARIASG,2025-11-27,110373,1,5,0,178.0
10110024FARIASG_2025-11-27_G70,10110024FARIASG,2025-11-27,110372,1,2,0,69.0
10110024FARIASG_2025-11-27_G71,10110024FARIASG,2025-11-27,141202,1,8,0,138.0
10110024FARIASG_2025-11-27_G72,10110024FARIASG,2025-11-27,110500,1,1,0,925.0
10110024FARIASG_2025-11-27_G73,10110024FARIASG,2025-11-27,108770,1,3,0,149.0
10110024FARIASG_2025-11-27_G74,10110024FARIASG,2025-11-27,110112,1,3,0,128.0
10110024FARIASG_2025-11-27_G75,10110024FARIASG,2025-11-27,109495,1,4,0,158.0
10110024FARIASG_2025-11-27_G76,10110024FARIASG,2025-11-27,118094,1,6,0,153.0
10110024FARIASG_2025-11-27_G77,10110024FARIASG,2025-11-27,140923,1,2,0,51.0
10110024FARIASG_2025-11-27_G78,10110024FARIASG,2025-11-27,110733,1,4,0,111.0
10110024FARIASG_2025-11-27_G79,10110024FARIASG,2025-11-27,141066,1,2,0,64.0
10110024FARIASG_2025-11-27_G80,10110024FARIASG,2025-11-27,109640,1,1,0,106.0
10110024FARIASG_2025-11-27_G81,10110024FARIASG,2025-11-27,110063,1,2,0,145.0
10110024FARIASG_2025-11-27_G82,10110024FARIASG,2025-11-27,141823,1,3,0,144.0
10110024FARIASG_2025-11-27_G83,10110024FARIASG,2025-11-27,111532,1,1,0,167.0
10110024FARIASG_2025-11-27_G84,10110024FARIASG,2025-11-27,117820,1,4,0,378.0
10110024FARIASG_2025-11-27_G85,10110024FARIASG,2025-11-27,111182,1,2,0,103.0
10110024FARIASG_2025-11-27_G86,10110024FARIASG,2025-11-27,117838,1,2,0,164.0
10110024FARIASG_2025-11-27_G87,10110024FARIASG,2025-11-27,118140,1,3,0,117.0
10110024FARIASG_2025-11-27_G88,10110024FARIASG,2025-11-27,111743,1,8,0,143.0
10110024FARIASG_2025-11-27_G89,10110024FARIASG,2025-11-27,110787,1,1,0,100.0
10110024FARIASG_2025-11-27_G91,10110024FARIASG,2025-11-27,110372,1,2,0,61.0
10110024FARIASG_2025-11-27_G92,10110024FARIASG,2025-11-27,118299,1,4,0,75.0
10110024FARIASG_2025-11-27_G93,10110024FARIASG,2025-11-27,110313,1,2,0,179.0
10110024FARIASG_2025-11-27_G94,10110024FARIASG,2025-11-27,118094,1,2,0,151.0
10110024FARIASG_2025-11-27_G95,10110024FARIASG,2025-11-27,140923,1,2,0,61.0
10110024FARIASG_2025-11-27_G96,10110024FARIASG,2025-11-27,117965,1,2,0,108.0
10110024FARIASG_2025-11-27_G97,10110024FARIASG,2025-11-27,110339,1,2,0,55.0
10110024FARIASG_2025-11-27_G98,10110024FARIASG,2025-11-27,117862,1,2,0,105.0
10110024FARIASG_2025-11-27_G99,10110024FARIASG,2025-11-27,109645,1,2,0,443.0
10110024FARIASG_2025-11-27_G100,10110024FARIASG,2025-11-27,111743,1,2,0,48.0
10110024FARIASG_2025-11-27_G101,10110024FARIASG,2025-11-27,117787,1,2,0,125.0
10110024FARIASG_2025-11-27_G102,10110024FARIASG,2025-11-27,111466,1,4,0,95.0
10110024FARIASG_2025-11-27_G103,10110024FARIASG,2025-11-27,141458,1,2,0,66.0
10110024FARIASG_2025-11-27_G104,10110024FARIASG,2025-11-27,111465,1,4,0,563.0
10110024FARIASG_2025-11-27_G105,10110024FARIASG,2025-11-27,117809,1,2,0,154.0
10110024FARIASG_2025-11-27_G106,10110024FARIASG,2025-11-27,117820,1,4,0,107.0
10110024FARIASG_2025-11-27_G107,10110024FARIASG,2025-11-27,141916,1,4,0,245.0
10110024FARIASG_2025-11-27_G108,10110024FARIASG,2025-11-27,110733,1,2,0,136.0
10110024FARIASG_2025-11-27_G109,10110024FARIASG,2025-11-27,110313,1,1,0,113.0
10110024FARIASG_2025-11-27_G110,10110024FARIASG,2025-11-27,111569,1,2,0,361.0
10110024FARIASG_2025-11-27_G111,10110024FARIASG,2025-11-27,110711,1,1,0,141.0
10110024FARIASG_2025-11-27_G112,10110024FARIASG,2025-11-27,117785,1,3,0,192.0
10110024FARIASG_2025-11-27_G113,10110024FARIASG,2025-11-27,117820,1,4,0,158.0
10110024FARIASG_2025-11-27_G114,10110024FARIASG,2025-11-27,117822,1,4,0,103.0
10110024FARIASG_2025-11-27_G115,10110024FARIASG,2025-11-27,117808,1,8,0,157.0
10110024FARIASG_2025-11-27_G116,10110024FARIASG,2025-11-27,110372,1,12,0,164.0
10110024FARIASG_2025-11-27_G117,10110024FARIASG,2025-11-27,117832,1,4,0,102.0
10110024FARIASG_2025-11-27_G118,10110024FARIASG,2025-11-27,141202,1,4,0,96.0
10110024FARIASG_2025-11-27_G119,10110024FARIASG,2025-11-27,117835,1,4,0,1849.0
10110024FARIASG_2025-11-27_G120,10110024FARIASG,2025-11-27,110313,1,4,0,103.0
10110024FARIASG_2025-11-27_G121,10110024FARIASG,2025-11-27,117837,1,4,0,113.0
10110024FARIASG_2025-11-27_G122,10110024FARIASG,2025-11-27,111467,1,5,0,81.0
10110024FARIASG_2025-11-27_G123,10110024FARIASG,2025-11-27,110733,1,8,0,96.0
10110024FARIASG_2025-11-27_G124,10110024FARIASG,2025-11-27,117856,1,13,0,193.0
10110024FARIASG_2025-11-27_G125,10110024FARIASG,2025-11-27,108772,1,2,0,168.0
10110024FARIASG_2025-11-27_G126,10110024FARIASG,2025-11-27,109645,1,4,0,182.0
10110024FARIASG_2025-11-27_G127,10110024FARIASG,2025-11-27,117838,1,2,0,123.0
10110024FARIASG_2025-11-27_G128,10110024FARIASG,2025-11-27,108711,1,6,0,149.0
10110024FARIASG_2025-11-27_G129,10110024FARIASG,2025-11-27,111435,1,5,0,232.0
10110024FARIASG_2025-11-28_G02,10110024FARIASG,2025-11-28,117809,1,14,0,481.0
10110024FARIASG_2025-11-28_G03,10110024FARIASG,2025-11-28,117809,1,14,0,88.0
10110024FARIASG_2025-11-28_G04,10110024FARIASG,2025-11-28,110372,1,12,0,223.0
10110024FARIASG_2025-11-28_G05,10110024FARIASG,2025-11-28,141202,1,3,0,189.0
10110024FARIASG_2025-11-28_G06,10110024FARIASG,2025-11-28,118140,1,20,0,222.0
10110024FARIASG_2025-11-28_G07,10110024FARIASG,2025-11-28,140922,1,3,0,73.0
10110024FARIASG_2025-11-28_G08,10110024FARIASG,2025-11-28,110787,1,2,0,121.0
10110024FARIASG_2025-11-28_G09,10110024FARIASG,2025-11-28,117855,1,1,0,114.0
10110024FARIASG_2025-11-28_G10,10110024FARIASG,2025-11-28,118290,1,2,0,1441.0
10110024FARIASG_2025-11-28_G11,10110024FARIASG,2025-11-28,117855,1,3,0,540.0
10110024FARIASG_2025-11-28_G12,10110024FARIASG,2025-11-28,117855,1,3,0,79.0
10110024FARIASG_2025-11-28_G13,10110024FARIASG,2025-11-28,111530,1,2,0,107.0
10110024FARIASG_2025-11-28_G14,10110024FARIASG,2025-11-28,111530,1,3,0,52.0
10110024FARIASG_2025-11-28_G15,10110024FARIASG,2025-11-28,111466,1,10,0,208.0
10110024FARIASG_2025-11-28_G16,10110024FARIASG,2025-11-28,111532,1,6,0,532.0
10110024FARIASG_2025-11-28_G17,10110024FARIASG,2025-11-28,120002,1,1,0,609.0
10110024FARIASG_2025-11-28_G18,10110024FARIASG,2025-11-28,111532,1,1,0,218.0
10110024FARIASG_2025-11-28_G19,10110024FARIASG,2025-11-28,111530,1,2,0,92.0
10110024FARIASG_2025-11-28_G20,10110024FARIASG,2025-11-28,111466,1,2,0,101.0
10110024FARIASG_2025-11-28_G21,10110024FARIASG,2025-11-28,111530,1,24,0,1209.0
10110024FARIASG_2025-11-28_G22,10110024FARIASG,2025-11-28,111530,1,4,0,50.0
10110024FARIASG_2025-11-28_G23,10110024FARIASG,2025-11-28,117808,1,275,0,1925.0
10110024FARIASG_2025-11-28_G24,10110024FARIASG,2025-11-28,110372,1,49,0,824.0
10110024FARIASG_2025-11-28_G25,10110024FARIASG,2025-11-28,118299,1,2,0,49.0
10110024FARIASG_2025-11-28_G26,10110024FARIASG,2025-11-28,118299,1,324,0,730.0
10110024FARIASG_2025-11-28_G27,10110024FARIASG,2025-11-28,117832,1,27,0,747.0
10110024FARIASG_2025-11-28_G29,10110024FARIASG,2025-11-28,111530,1,17,0,124.0
10110024FARIASG_2025-11-28_G30,10110024FARIASG,2025-11-28,117855,1,2,0,104.0
10110024FARIASG_2025-11-28_G31,10110024FARIASG,2025-11-28,111602,1,6,0,175.0
10110024FARIASG_2025-11-28_G32,10110024FARIASG,2025-11-28,111602,1,33,0,268.0
10110024FARIASG_2025-11-28_G33,10110024FARIASG,2025-11-28,111466,1,6,0,689.0
10110024FARIASG_2025-11-28_G34,10110024FARIASG,2025-11-28,111532,1,4,0,79.0
10110024FARIASG_2025-11-28_G35,10110024FARIASG,2025-11-28,111602,1,36,0,527.0
10110024FARIASG_2025-11-28_G36,10110024FARIASG,2025-11-28,111530,2,12,11,396.0
10110024FARIASG_2025-11-28_G37,10110024FARIASG,2025-11-28,111466,1,4,0,129.0
10110024FARIASG_2025-11-28_G38,10110024FARIASG,2025-11-28,111530,1,3,0,203.0
10110024FARIASG_2025-11-28_G39,10110024FARIASG,2025-11-28,111530,1,2,0,37.0
10110024FARIASG_2025-11-28_G40,10110024FARIASG,2025-11-28,111532,1,2,0,113.0
10110024FARIASG_2025-11-28_G41,10110024FARIASG,2025-11-28,111466,1,17,0,378.0
10110024FARIASG_2025-11-28_G42,10110024FARIASG,2025-11-28,111466,1,6,0,119.0
10110024FARIASG_2025-11-28_G43,10110024FARIASG,2025-11-28,111530,1,4,0,270.0
10110024FARIASG_2025-11-28_G44,10110024FARIASG,2025-11-28,111466,1,7,0,119.0
10110024FARIASG_2025-11-29_G02,10110024FARIASG,2025-11-29,110787,1,10,0,456.0
10110024FARIASG_2025-11-29_G03,10110024FARIASG,2025-11-29,111418,1,24,0,228.0
10110024FARIASG_2025-11-29_G04,10110024FARIASG,2025-11-29,117833,1,8,0,174.0
10110024FARIASG_2025-11-29_G05,10110024FARIASG,2025-11-29,141823,1,15,0,263.0
10110024FARIASG_2025-11-29_G06,10110024FARIASG,2025-11-29,117785,1,20,0,346.0
10110024FARIASG_2025-11-29_G07,10110024FARIASG,2025-11-29,141457,1,28,0,241.0
10110024FARIASG_2025-11-29_G08,10110024FARIASG,2025-11-29,140922,1,10,0,180.0
10110024FARIASG_2025-11-29_G09,10110024FARIASG,2025-11-29,108711,1,7,0,84.0
10110024FARIASG_2025-11-29_G10,10110024FARIASG,2025-11-29,111532,1,35,0,372.0
10110024FARIASG_2025-11-29_G11,10110024FARIASG,2025-11-29,110374,1,8,0,186.0
10110024FARIASG_2025-11-29_G12,10110024FARIASG,2025-11-29,117830,1,18,0,161.0
10110024FARIASG_2025-11-29_G13,10110024FARIASG,2025-11-29,118299,1,64,0,623.0
10110024FARIASG_2025-11-29_G14,10110024FARIASG,2025-11-29,141202,1,6,0,105.0
10110024FARIASG_2025-11-29_G15,10110024FARIASG,2025-11-29,110372,1,38,0,550.0
10110024FARIASG_2025-11-29_G16,10110024FARIASG,2025-11-29,117808,1,24,0,186.0
10110024FARIASG_2025-11-29_G17,10110024FARIASG,2025-11-29,117809,1,24,0,246.0
10110024FARIASG_2025-11-29_G18,10110024FARIASG,2025-11-29,110895,1,28,0,1857.0
10110024FARIASG_2025-11-29_G19,10110024FARIASG,2025-11-29,110313,1,20,0,372.0
10110024FARIASG_2025-11-29_G20,10110024FARIASG,2025-11-29,107236,1,4,0,140.0
10110024FARIASG_2025-11-29_G21,10110024FARIASG,2025-11-29,117831,1,16,0,509.0
10110024FARIASG_2025-11-29_G22,10110024FARIASG,2025-11-29,117808,1,60,0,688.0
10110024FARIASG_2025-11-29_G23,10110024FARIASG,2025-11-29,118299,1,244,0,735.0
10110024FARIASG_2025-11-29_G24,10110024FARIASG,2025-11-29,111462,1,22,0,1283.0
10110024FARIASG_2025-11-29_G25,10110024FARIASG,2025-11-29,111743,1,13,0,169.0
10110024FARIASG_2025-11-29_G26,10110024FARIASG,2025-11-29,117838,1,8,0,215.0
10110024FARIASG_2025-11-29_G27,10110024FARIASG,2025-11-29,111435,1,12,0,137.0
10110024FARIASG_2025-11-29_G28,10110024FARIASG,2025-11-29,111442,1,10,0,194.0
10110024FARIASG_2025-11-29_G29,10110024FARIASG,2025-11-29,111418,1,40,0,438.0
10110024FARIASG_2025-11-29_G30,10110024FARIASG,2025-11-29,111463,1,10,0,101.0
10110024FARIASG_2025-11-29_G31,10110024FARIASG,2025-11-29,111466,1,3,0,192.0
10110024FARIASG_2025-11-29_G32,10110024FARIASG,2025-11-29,117821,1,20,0,134.0
10110024FARIASG_2025-11-29_G33,10110024FARIASG,2025-11-29,141458,1,21,0,334.0
10110024FARIASG_2025-11-29_G34,10110024FARIASG,2025-11-29,141456,1,6,0,113.0
10110024FARIASG_2025-11-29_G35,10110024FARIASG,2025-11-29,111602,1,8,0,843.0
10110024FARIASG_2025-11-29_G36,10110024FARIASG,2025-11-29,140956,1,4,0,387.0
10110024FARIASG_2025-11-29_G37,10110024FARIASG,2025-11-29,111759,1,3,0,166.0
10110024FARIASG_2025-11-29_G38,10110024FARIASG,2025-11-29,111723,1,12,0,115.0
10110024FARIASG_2025-11-29_G39,10110024FARIASG,2025-11-29,111438,1,24,0,1040.0
10110024FARIASG_2025-11-29_G40,10110024FARIASG,2025-11-29,111850,1,2,0,254.0
10110024FARIASG_2025-11-29_G41,10110024FARIASG,2025-11-29,110374,1,2,0,72.0
10110024FARIASG_2025-11-29_G42,10110024FARIASG,2025-11-29,110325,1,1,0,104.0
10110024FARIASG_2025-11-29_G43,10110024FARIASG,2025-11-29,110374,1,2,0,93.0
10110024FARIASG_2025-11-29_G44,10110024FARIASG,2025-11-29,111569,1,8,0,756.0
10110024FARIASG_2025-11-29_G45,10110024FARIASG,2025-11-29,114650,1,4,0,275.0
10110024FARIASG_2025-11-29_G46,10110024FARIASG,2025-11-29,141916,1,4,0,108.0
10110024FARIASG_2025-11-29_G47,10110024FARIASG,2025-11-29,110741,1,4,0,133.0
10110024FARIASG_2025-11-29_G48,10110024FARIASG,2025-11-29,117935,1,4,0,95.0
10110024FARIASG_2025-11-29_G49,10110024FARIASG,2025-11-29,110339,1,6,0,172.0
10110024FARIASG_2025-11-29_G50,10110024FARIASG,2025-11-29,117856,1,8,0,104.0
10110024FARIASG_2025-11-29_G51,10110024FARIASG,2025-11-29,118290,1,4,0,189.0
10110024FARIASG_2025-11-29_G52,10110024FARIASG,2025-11-29,108772,1,2,0,347.0
10110024FARIASG_2025-11-29_G53,10110024FARIASG,2025-11-29,109647,1,4,0,85.0
10110024FARIASG_2025-11-29_G54,10110024FARIASG,2025-11-29,117862,1,2,0,62.0
10110024FARIASG_2025-11-29_G55,10110024FARIASG,2025-11-29,118140,1,8,0,115.0
10110024FARIASG_2025-11-29_G56,10110024FARIASG,2025-11-29,105705,1,2,0,54.0
10110024FARIASG_2025-11-29_G57,10110024FARIASG,2025-11-29,116241,1,1,0,94.0
10110024FARIASG_2025-11-29_G58,10110024FARIASG,2025-11-29,111743,1,1,0,39.0
10110024FARIASG_2025-11-29_G59,10110024FARIASG,2025-11-29,110787,1,1,0,161.0
10110024FARIASG_2025-11-29_G60,10110024FARIASG,2025-11-29,111435,1,2,0,48.0
10110024FARIASG_2025-11-29_G61,10110024FARIASG,2025-11-29,111469,1,3,0,96.0
10110024FARIASG_2025-11-29_G62,10110024FARIASG,2025-11-29,111433,1,2,0,115.0
10110024FARIASG_2025-11-29_G63,10110024FARIASG,2025-11-29,110740,1,8,0,244.0
10110024FARIASG_2025-11-29_G64,10110024FARIASG,2025-11-29,111442,1,4,0,95.0
10110024FARIASG_2025-11-29_G65,10110024FARIASG,2025-11-29,111444,1,4,0,75.0
10110024FARIASG_2025-11-29_G66,10110024FARIASG,2025-11-29,107236,1,4,0,83.0
10110024FARIASG_2025-11-29_G67,10110024FARIASG,2025-11-29,117787,1,2,0,59.0
10110024FARIASG_2025-11-29_G68,10110024FARIASG,2025-11-29,141457,1,2,0,56.0
10110024FARIASG_2025-11-29_G70,10110024FARIASG,2025-11-29,111602,1,4,0,402.0
10110024FARIASG_2025-11-29_G71,10110024FARIASG,2025-11-29,111602,1,4,0,73.0
10110024FARIASG_2025-11-29_G72,10110024FARIASG,2025-11-29,118298,1,1,0,695.0
10110024FARIASG_2025-11-29_G73,10110024FARIASG,2025-11-29,109647,1,1,0,98.0
10110024FARIASG_2025-11-29_G74,10110024FARIASG,2025-11-29,111602,1,5,0,96.0
10110024FARIASG_2025-11-29_G75,10110024FARIASG,2025-11-29,118140,1,5,0,128.0
10110024FARIASG_2025-11-29_G76,10110024FARIASG,2025-11-29,111330,1,2,0,78.0
10110024FARIASG_2025-11-29_G77,10110024FARIASG,2025-11-29,111348,1,4,0,94.0
10110024FARIASG_2025-11-29_G78,10110024FARIASG,2025-11-29,110787,1,8,0,161.0
10110024FARIASG_2025-11-29_G79,10110024FARIASG,2025-11-29,110740,1,5,0,96.0
10110024FARIASG_2025-11-29_G80,10110024FARIASG,2025-11-29,111442,1,6,0,76.0
10110024FARIASG_2025-11-29_G81,10110024FARIASG,2025-11-29,111463,1,8,0,87.0
10110024FARIASG_2025-11-29_G82,10110024FARIASG,2025-11-29,117833,1,2,0,87.0
10110024FARIASG_2025-11-29_G83,10110024FARIASG,2025-11-29,117785,1,4,0,59.0
10110024FARIASG_2025-11-29_G84,10110024FARIASG,2025-11-29,111466,1,10,0,121.0
10110024FARIASG_2025-11-29_G85,10110024FARIASG,2025-11-29,117821,1,4,0,277.0
10110024FARIASG_2025-11-29_G86,10110024FARIASG,2025-11-29,111465,1,1,0,65.0
10110024FARIASG_2025-11-29_G87,10110024FARIASG,2025-11-29,117830,1,5,0,136.0
10110024FARIASG_2025-11-29_G88,10110024FARIASG,2025-11-29,110375,1,2,0,68.0
10110024FARIASG_2025-11-29_G89,10110024FARIASG,2025-11-29,110371,1,8,0,162.0
10110024FARIASG_2025-11-29_G90,10110024FARIASG,2025-11-29,109643,1,2,0,52.0
10110024FARIASG_2025-11-29_G91,10110024FARIASG,2025-11-29,110373,1,12,0,166.0
10110024FARIASG_2025-11-29_G92,10110024FARIASG,2025-11-29,141202,1,4,0,66.0
10110024FARIASG_2025-11-29_G93,10110024FARIASG,2025-11-29,118140,1,8,0,520.0
10110024FARIASG_2025-11-29_G94,10110024FARIASG,2025-11-29,111330,1,8,0,147.0
10110024FARIASG_2025-11-29_G95,10110024FARIASG,2025-11-29,108711,1,6,0,126.0
10110024FARIASG_2025-11-30_G02,10110024FARIASG,2025-11-30,118140,1,4,0,516.0
10110024FARIASG_2025-11-30_G03,10110024FARIASG,2025-11-30,110623,1,2,0,131.0
10110024FARIASG_2025-11-30_G04,10110024FARIASG,2025-11-30,110372,1,11,0,971.0
10110024FARIASG_2025-11-30_G05,10110024FARIASG,2025-11-30,110373,1,4,0,130.0
10110024FARIASG_2025-11-30_G06,10110024FARIASG,2025-11-30,160051,1,2,0,119.0
10110024FARIASG_2025-11-30_G07,10110024FARIASG,2025-11-30,160054,1,2,0,340.0
10110024FARIASG_2025-11-30_G08,10110024FARIASG,2025-11-30,118140,1,2,0,140.0
10110024FARIASG_2025-11-30_G09,10110024FARIASG,2025-11-30,110745,1,4,0,83.0
10110024FARIASG_2025-11-30_G10,10110024FARIASG,2025-11-30,117809,1,3,0,108.0
10110024FARIASG_2025-11-30_G11,10110024FARIASG,2025-11-30,140923,1,3,0,692.0
10110024FARIASG_2025-11-30_G12,10110024FARIASG,2025-11-30,109640,1,1,0,129.0
10110024FARIASG_2025-11-30_G13,10110024FARIASG,2025-11-30,111743,1,4,0,145.0
10110024FARIASG_2025-11-30_G14,10110024FARIASG,2025-11-30,109641,1,4,0,121.0
10110024FARIASG_2025-11-30_G15,10110024FARIASG,2025-11-30,111469,1,6,0,126.0
10110024FARIASG_2025-11-30_G16,10110024FARIASG,2025-11-30,108711,1,6,0,255.0
10110024FARIASG_2025-11-30_G17,10110024FARIASG,2025-11-30,111418,1,4,0,153.0
10110024FARIASG_2025-11-30_G18,10110024FARIASG,2025-11-30,117833,1,12,0,127.0
10110024FARIASG_2025-11-30_G19,10110024FARIASG,2025-11-30,117785,1,10,0,86.0
10110024FARIASG_2025-11-30_G20,10110024FARIASG,2025-11-30,141457,1,40,0,1456.0
10110024FARIASG_2025-11-30_G21,10110024FARIASG,2025-11-30,111532,1,28,0,341.0
10110024FARIASG_2025-11-30_G22,10110024FARIASG,2025-11-30,111466,1,28,0,693.0
10110024FARIASG_2025-11-30_G23,10110024FARIASG,2025-11-30,141458,1,4,0,60.0
10110024FARIASG_2025-11-30_G24,10110024FARIASG,2025-11-30,141456,1,39,0,502.0
10110024FARIASG_2025-11-30_G25,10110024FARIASG,2025-11-30,117830,1,24,0,452.0
10110024FARIASG_2025-11-30_G26,10110024FARIASG,2025-11-30,160057,1,14,0,1133.0
10110024FARIASG_2025-11-30_G27,10110024FARIASG,2025-11-30,160055,1,2,0,180.0
10110024FARIASG_2025-11-30_G28,10110024FARIASG,2025-11-30,160051,1,8,0,167.0
10110024FARIASG_2025-11-30_G29,10110024FARIASG,2025-11-30,160054,1,2,0,190.0
10110024FARIASG_2025-11-30_G30,10110024FARIASG,2025-11-30,160057,1,14,0,319.0
10110024FARIASG_2025-11-30_G31,10110024FARIASG,2025-11-30,160051,1,8,0,729.0
10110024FARIASG_2025-11-30_G32,10110024FARIASG,2025-11-30,160054,1,2,0,127.0
10110024FARIASG_2025-12-05_G02,10110024FARIASG,2025-12-05,110372,1,2,0,135.0
10110024FARIASG_2025-12-05_G03,10110024FARIASG,2025-12-05,111660,1,4,0,1289.0
10110024FARIASG_2025-12-05_G04,10110024FARIASG,2025-12-05,111418,1,3,0,287.0
10110024FARIASG_2025-12-05_G05,10110024FARIASG,2025-12-05,117808,1,8,0,180.0
10110024FARIASG_2025-12-05_G06,10110024FARIASG,2025-12-05,118299,1,30,0,405.0
10110024FARIASG_2025-12-05_G07,10110024FARIASG,2025-12-05,111441,1,4,0,408.0
10110024FARIASG_2025-12-05_G08,10110024FARIASG,2025-12-05,111465,1,4,0,238.0
10110024FARIASG_2025-12-05_G09,10110024FARIASG,2025-12-05,118222,1,6,0,1411.0
10110024FARIASG_2025-12-05_G10,10110024FARIASG,2025-12-05,118222,1,4,0,71.0
10110024FARIASG_2025-12-05_G11,10110024FARIASG,2025-12-05,118222,1,4,0,281.0
10110024FARIASG_2025-12-05_G12,10110024FARIASG,2025-12-05,141823,1,4,0,1070.0
10110024FARIASG_2025-12-05_G13,10110024FARIASG,2025-12-05,111530,1,12,0,232.0
10110024FARIASG_2025-12-05_G14,10110024FARIASG,2025-12-05,110319,1,1,0,282.0
10110024FARIASG_2025-12-05_G15,10110024FARIASG,2025-12-05,107892,1,2,0,248.0
10110024FARIASG_2025-12-05_G16,10110024FARIASG,2025-12-05,110371,1,50,0,658.0
10110024FARIASG_2025-12-05_G17,10110024FARIASG,2025-12-05,111418,1,6,0,611.0
10110024FARIASG_2025-12-05_G18,10110024FARIASG,2025-12-05,117808,1,9,0,222.0
10110024FARIASG_2025-12-05_G19,10110024FARIASG,2025-12-05,110372,1,8,0,100.0
10110024FARIASG_2025-12-05_G20,10110024FARIASG,2025-12-05,118299,1,16,0,120.0
10110024FARIASG_2025-12-05_G21,10110024FARIASG,2025-12-05,110755,1,2,0,457.0
10110024FARIASG_2025-12-05_G22,10110024FARIASG,2025-12-05,118094,1,4,0,137.0
10110024FARIASG_2025-12-05_G23,10110024FARIASG,2025-12-05,140923,1,4,0,73.0
10110024FARIASG_2025-12-05_G24,10110024FARIASG,2025-12-05,110339,1,4,0,566.0
10110024FARIASG_2025-12-05_G25,10110024FARIASG,2025-12-05,110733,1,6,0,67.0
10110024FARIASG_2025-12-05_G26,10110024FARIASG,2025-12-05,117862,1,4,0,86.0
10110024FARIASG_2025-12-05_G27,10110024FARIASG,2025-12-05,111602,1,6,0,531.0
10110024FARIASG_2025-12-05_G28,10110024FARIASG,2025-12-05,108772,1,1,0,398.0
10110024FARIASG_2025-12-05_G29,10110024FARIASG,2025-12-05,118306,1,6,0,860.0
10110024FARIASG_2025-12-05_G30,10110024FARIASG,2025-12-05,110895,1,8,0,120.0
10110024FARIASG_2025-12-05_G31,10110024FARIASG,2025-12-05,110747,1,6,0,122.0
10110024FARIASG_2025-12-05_G32,10110024FARIASG,2025-12-05,118222,1,7,0,245.0
10110024FARIASG_2025-12-05_G33,10110024FARIASG,2025-12-05,110374,1,4,0,307.0
10110024FARIASG_2025-12-05_G34,10110024FARIASG,2025-12-05,110371,1,8,0,135.0
10110024FARIASG_2025-12-05_G35,10110024FARIASG,2025-12-05,118299,1,20,0,150.0
10110024FARIASG_2025-12-05_G36,10110024FARIASG,2025-12-05,109643,1,6,0,127.0
10110024FARIASG_2025-12-05_G37,10110024FARIASG,2025-12-05,118094,1,20,0,451.0
10110024FARIASG_2025-12-05_G38,10110024FARIASG,2025-12-05,140923,1,27,0,157.0
10110024FARIASG_2025-12-05_G39,10110024FARIASG,2025-12-05,110733,1,8,0,120.0
10110024FARIASG_2025-12-05_G40,10110024FARIASG,2025-12-05,109647,1,4,0,284.0
10110024FARIASG_2025-12-05_G41,10110024FARIASG,2025-12-05,111439,1,8,0,136.0
10110024FARIASG_2025-12-05_G42,10110024FARIASG,2025-12-05,117835,1,2,0,841.0
10110024FARIASG_2025-12-05_G43,10110024FARIASG,2025-12-05,111569,1,16,0,407.0
10110024FARIASG_2025-12-05_G44,10110024FARIASG,2025-12-05,111438,1,17,0,282.0
10110024FARIASG_2025-12-05_G45,10110024FARIASG,2025-12-05,140923,1,12,0,311.0
10110024FARIASG_2025-12-05_G46,10110024FARIASG,2025-12-05,141047,1,12,0,176.0
10110024FARIASG_2025-12-05_G47,10110024FARIASG,2025-12-05,109647,1,8,0,193.0
10110024FARIASG_2025-12-05_G49,10110024FARIASG,2025-12-05,110752,1,2,0,111.0
10110024FARIASG_2025-12-05_G50,10110024FARIASG,2025-12-05,110339,1,6,0,188.0
10110024FARIASG_2025-12-05_G51,10110024FARIASG,2025-12-05,111530,1,4,0,151.0
10110024FARIASG_2025-12-05_G52,10110024FARIASG,2025-12-05,117855,1,10,0,205.0
10110024FARIASG_2025-12-05_G53,10110024FARIASG,2025-12-05,111439,1,4,0,106.0
10110024FARIASG_2025-12-05_G54,10110024FARIASG,2025-12-05,110711,1,2,0,90.0
10110024FARIASG_2025-12-05_G55,10110024FARIASG,2025-12-05,111602,1,10,0,100.0
10110024FARIASG_2025-12-05_G56,10110024FARIASG,2025-12-05,111438,1,6,0,540.0
10110024FARIASG_2025-12-05_G57,10110024FARIASG,2025-12-05,110755,1,17,0,225.0
10110024FARIASG_2025-12-05_G58,10110024FARIASG,2025-12-05,140923,1,8,0,553.0
10110024FARIASG_2025-12-05_G59,10110024FARIASG,2025-12-05,110733,1,8,0,208.0
10110024FARIASG_2025-12-05_G60,10110024FARIASG,2025-12-05,107629,1,4,0,83.0
10110024FARIASG_2025-12-05_G61,10110024FARIASG,2025-12-05,109647,1,2,0,99.0
10110024FARIASG_2025-12-05_G62,10110024FARIASG,2025-12-05,109640,1,23,0,298.0
10110024FARIASG_2025-12-05_G63,10110024FARIASG,2025-12-05,110711,1,5,0,123.0
10110024FARIASG_2025-12-05_G64,10110024FARIASG,2025-12-05,111430,1,12,0,580.0
10110024FARIASG_2025-12-05_G65,10110024FARIASG,2025-12-05,108759,1,6,0,147.0
10110024FARIASG_2025-12-05_G66,10110024FARIASG,2025-12-05,111438,1,9,0,294.0
10110024FARIASG_2025-12-05_G67,10110024FARIASG,2025-12-05,118222,1,17,0,457.0
10110024FARIASG_2025-12-05_G68,10110024FARIASG,2025-12-05,118140,1,8,0,241.0
10110024FARIASG_2025-12-05_G69,10110024FARIASG,2025-12-05,105705,1,14,0,132.0
10110024FARIASG_2025-12-05_G70,10110024FARIASG,2025-12-05,109645,1,6,0,187.0
10110024FARIASG_2025-12-05_G71,10110024FARIASG,2025-12-05,111743,1,8,0,135.0
10110024FARIASG_2025-12-05_G72,10110024FARIASG,2025-12-05,108795,1,8,0,387.0
10110024FARIASG_2025-12-05_G73,10110024FARIASG,2025-12-05,111348,1,2,0,86.0
10110024FARIASG_2025-12-05_G74,10110024FARIASG,2025-12-05,108794,1,8,0,81.0
10110024FARIASG_2025-12-05_G75,10110024FARIASG,2025-12-05,111418,1,15,0,160.0
10110024FARIASG_2025-12-05_G76,10110024FARIASG,2025-12-05,111466,1,2,0,101.0
10110024FARIASG_2025-12-05_G77,10110024FARIASG,2025-12-05,141456,1,6,0,419.0
10110024FARIASG_2025-12-06_G02,10110024FARIASG,2025-12-06,118140,1,2,0,107.0
10110024FARIASG_2025-12-06_G03,10110024FARIASG,2025-12-06,105705,1,4,0,99.0
10110024FARIASG_2025-12-06_G04,10110024FARIASG,2025-12-06,111182,1,4,0,106.0
10110024FARIASG_2025-12-06_G05,10110024FARIASG,2025-12-06,109641,1,4,0,83.0
10110024FARIASG_2025-12-06_G06,10110024FARIASG,2025-12-06,108711,1,4,0,217.0
10110024FARIASG_2025-12-06_G07,10110024FARIASG,2025-12-06,117842,1,4,0,208.0
10110024FARIASG_2025-12-06_G08,10110024FARIASG,2025-12-06,111466,1,2,0,71.0
10110024FARIASG_2025-12-06_G09,10110024FARIASG,2025-12-06,160051,1,4,0,127.0
10110024FARIASG_2025-12-06_G10,10110024FARIASG,2025-12-06,111418,1,30,0,686.0
10110024FARIASG_2025-12-06_G11,10110024FARIASG,2025-12-06,117831,1,40,0,305.0
10110024FARIASG_2025-12-06_G12,10110024FARIASG,2025-12-06,141456,1,30,0,498.0
10110024FARIASG_2025-12-06_G13,10110024FARIASG,2025-12-06,102851,1,4,0,1718.0
10110024FARIASG_2025-12-06_G14,10110024FARIASG,2025-12-06,102851,1,4,0,74.0
10110024FARIASG_2025-12-06_G15,10110024FARIASG,2025-12-06,118418,1,1,0,40.0
10110024FARIASG_2025-12-06_G16,10110024FARIASG,2025-12-06,141249,1,4,0,127.0
10110024FARIASG_2025-12-06_G17,10110024FARIASG,2025-12-06,111447,1,2,0,55.0
10110024FARIASG_2025-12-06_G18,10110024FARIASG,2025-12-06,111447,1,3,0,47.0
10110024FARIASG_2025-12-06_G19,10110024FARIASG,2025-12-06,107888,1,2,0,37.0
10110024FARIASG_2025-12-06_G20,10110024FARIASG,2025-12-06,"111569, 110623",2,5,0,331.0
10110024FARIASG_2025-12-06_G21,10110024FARIASG,2025-12-06,111440,1,8,0,80.0
10110024FARIASG_2025-12-06_G22,10110024FARIASG,2025-12-06,118222,1,15,0,418.0
10110024FARIASG_2025-12-06_G23,10110024FARIASG,2025-12-06,110582,1,4,0,183.0
10110024FARIASG_2025-12-06_G24,10110024FARIASG,2025-12-06,118306,1,15,0,423.0
10110024FARIASG_2025-12-06_G25,10110024FARIASG,2025-12-06,111438,1,5,0,407.0
10110024FARIASG_2025-12-06_G26,10110024FARIASG,2025-12-06,110623,1,13,0,801.0
10110024FARIASG_2025-12-06_G27,10110024FARIASG,2025-12-06,110747,1,2,0,123.0
10110024FARIASG_2025-12-06_G28,10110024FARIASG,2025-12-06,110448,1,2,0,281.0
10110024FARIASG_2025-12-06_G29,10110024FARIASG,2025-12-06,111530,1,8,0,655.0
10110024FARIASG_2025-12-06_G30,10110024FARIASG,2025-12-06,108794,1,8,0,72.0
10110024FARIASG_2025-12-06_G31,10110024FARIASG,2025-12-06,111462,1,3,0,94.0
10110024FARIASG_2025-12-06_G32,10110024FARIASG,2025-12-06,110325,1,12,0,110.0
10110024FARIASG_2025-12-06_G33,10110024FARIASG,2025-12-06,110500,1,9,0,679.0
10110024FARIASG_2025-12-06_G34,10110024FARIASG,2025-12-06,110534,1,4,0,343.0
10110024FARIASG_2025-12-06_G35,10110024FARIASG,2025-12-06,109976,1,2,0,161.0
10110024FARIASG_2025-12-06_G36,10110024FARIASG,2025-12-06,111775,1,2,0,111.0
10110024FARIASG_2025-12-06_G37,10110024FARIASG,2025-12-06,118418,1,7,0,133.0
10110024FARIASG_2025-12-06_G38,10110024FARIASG,2025-12-06,108770,1,7,0,131.0
10110024FARIASG_2025-12-06_G39,10110024FARIASG,2025-12-06,117835,1,1,0,74.0
10110024FARIASG_2025-12-06_G40,10110024FARIASG,2025-12-06,115234,1,10,0,870.0
10110024FARIASG_2025-12-06_G41,10110024FARIASG,2025-12-06,114650,1,8,0,358.0
10110024FARIASG_2025-12-06_G42,10110024FARIASG,2025-12-06,118306,1,24,0,489.0
10110024FARIASG_2025-12-06_G43,10110024FARIASG,2025-12-06,108759,1,6,0,352.0
10110024FARIASG_2025-12-06_G44,10110024FARIASG,2025-12-06,110081,1,4,0,158.0
10110024FARIASG_2025-12-06_G45,10110024FARIASG,2025-12-06,110311,1,5,0,122.0
10110024FARIASG_2025-12-06_G46,10110024FARIASG,2025-12-06,110747,1,37,0,653.0
10110024FARIASG_2025-12-06_G47,10110024FARIASG,2025-12-06,111779,1,2,0,447.0
10110024FARIASG_2025-12-06_G48,10110024FARIASG,2025-12-06,111776,1,2,0,152.0
10110024FARIASG_2025-12-06_G49,10110024FARIASG,2025-12-06,111660,1,4,0,96.0
10110024FARIASG_2025-12-06_G50,10110024FARIASG,2025-12-06,110582,1,1,0,62.0
10110024FARIASG_2025-12-06_G51,10110024FARIASG,2025-12-06,110310,1,4,0,303.0
10110024FARIASG_2025-12-06_G52,10110024FARIASG,2025-12-06,107892,1,7,0,163.0
10110024FARIASG_2025-12-06_G53,10110024FARIASG,2025-12-06,117789,1,5,0,98.0
10110024FARIASG_2025-12-06_G54,10110024FARIASG,2025-12-06,141318,1,38,0,1143.0
10110024FARIASG_2025-12-06_G55,10110024FARIASG,2025-12-06,141369,1,2,0,321.0
10110024FARIASG_2025-12-06_G56,10110024FARIASG,2025-12-06,117289,1,2,0,106.0
10110024FARIASG_2025-12-06_G57,10110024FARIASG,2025-12-06,140915,1,8,0,517.0
10110024FARIASG_2025-12-06_G58,10110024FARIASG,2025-12-06,118222,1,38,0,947.0
10110024FARIASG_2025-12-06_G59,10110024FARIASG,2025-12-06,118269,1,12,0,1056.0
10110024FARIASG_2025-12-06_G60,10110024FARIASG,2025-12-06,110895,1,2,0,472.0
10110024FARIASG_2025-12-06_G61,10110024FARIASG,2025-12-06,141916,1,2,0,72.0
10110024FARIASG_2025-12-06_G62,10110024FARIASG,2025-12-06,107892,1,2,0,85.0
10110024FARIASG_2025-12-06_G64,10110024FARIASG,2025-12-06,110339,1,6,0,141.0
10110024FARIASG_2025-12-06_G65,10110024FARIASG,2025-12-06,117853,1,4,0,121.0
10110024FARIASG_2025-12-06_G66,10110024FARIASG,2025-12-06,141066,1,1,0,55.0
10110024FARIASG_2025-12-06_G67,10110024FARIASG,2025-12-06,141047,1,8,0,84.0
10110024FARIASG_2025-12-06_G68,10110024FARIASG,2025-12-06,117786,1,4,0,98.0
10110024FARIASG_2025-12-06_G69,10110024FARIASG,2025-12-06,111879,1,3,0,102.0
10110024FARIASG_2025-12-06_G70,10110024FARIASG,2025-12-06,109647,1,2,0,72.0
10110024FARIASG_2025-12-06_G71,10110024FARIASG,2025-12-06,118094,1,4,0,617.0
10110024FARIASG_2025-12-06_G72,10110024FARIASG,2025-12-06,118290,1,1,0,776.0
10110024FARIASG_2025-12-06_G73,10110024FARIASG,2025-12-06,118306,1,2,0,84.0
10110024FARIASG_2025-12-06_G74,10110024FARIASG,2025-12-06,111441,1,20,0,279.0
10110024FARIASG_2025-12-06_G75,10110024FARIASG,2025-12-06,110895,1,9,0,463.0
10110024FARIASG_2025-12-06_G76,10110024FARIASG,2025-12-06,111438,1,17,0,228.0
10110024FARIASG_2025-12-06_G77,10110024FARIASG,2025-12-06,110755,1,8,0,402.0
10110024FARIASG_2025-12-06_G78,10110024FARIASG,2025-12-06,100334,1,16,0,361.0
10110024FARIASG_2025-12-08_G02,10110024FARIASG,2025-12-08,110895,1,8,0,164.0
10110024FARIASG_2025-12-08_G03,10110024FARIASG,2025-12-08,110765,1,2,0,123.0
10110024FARIASG_2025-12-08_G04,10110024FARIASG,2025-12-08,109640,1,16,0,388.0
10110024FARIASG_2025-12-08_G05,10110024FARIASG,2025-12-08,141035,1,2,0,153.0
10110024FARIASG_2025-12-08_G06,10110024FARIASG,2025-12-08,108772,1,1,0,58.0
10110024FARIASG_2025-12-08_G07,10110024FARIASG,2025-12-08,140923,1,10,0,187.0
10110024FARIASG_2025-12-08_G08,10110024FARIASG,2025-12-08,110339,1,2,0,94.0
10110024FARIASG_2025-12-08_G09,10110024FARIASG,2025-12-08,107629,1,3,0,119.0
10110024FARIASG_2025-12-08_G10,10110024FARIASG,2025-12-08,111530,1,16,0,584.0
10110024FARIASG_2025-12-08_G11,10110024FARIASG,2025-12-08,101217,1,2,0,102.0
10110024FARIASG_2025-12-08_G12,10110024FARIASG,2025-12-08,110374,1,20,0,251.0
10110024FARIASG_2025-12-08_G13,10110024FARIASG,2025-12-08,117832,1,2,0,121.0
10110024FARIASG_2025-12-08_G14,10110024FARIASG,2025-12-08,118281,1,4,0,82.0
10110024FARIASG_2025-12-08_G15,10110024FARIASG,2025-12-08,160051,1,4,0,92.0
10110024FARIASG_2025-12-08_G16,10110024FARIASG,2025-12-08,109643,1,4,0,120.0
10110024FARIASG_2025-12-08_G17,10110024FARIASG,2025-12-08,111569,1,5,0,293.0
10110024FARIASG_2025-12-08_G18,10110024FARIASG,2025-12-08,111530,2,8,29,139.0
10110024FARIASG_2025-12-08_G19,10110024FARIASG,2025-12-08,140922,1,4,0,163.0
10110024FARIASG_2025-12-08_G20,10110024FARIASG,2025-12-08,140922,1,4,0,52.0
10110024FARIASG_2025-12-08_G21,10110024FARIASG,2025-12-08,111463,1,4,0,110.0
10110024FARIASG_2025-12-08_G22,10110024FARIASG,2025-12-08,105705,1,4,0,172.0
10110024FARIASG_2025-12-08_G23,10110024FARIASG,2025-12-08,107892,1,4,0,177.0
10110024FARIASG_2025-12-08_G24,10110024FARIASG,2025-12-08,118140,1,12,0,197.0
10110024FARIASG_2025-12-08_G25,10110024FARIASG,2025-12-08,140922,1,8,0,130.0
10110024FARIASG_2025-12-08_G26,10110024FARIASG,2025-12-08,140923,1,8,0,222.0
10110024FARIASG_2025-12-08_G27,10110024FARIASG,2025-12-08,118222,1,4,0,2271.0
10110024FARIASG_2025-12-08_G28,10110024FARIASG,2025-12-08,111438,1,16,0,1683.0
10110024FARIASG_2025-12-08_G29,10110024FARIASG,2025-12-08,110755,1,5,0,147.0
10110024FARIASG_2025-12-08_G30,10110024FARIASG,2025-12-08,100334,1,1,0,125.0
10110024FARIASG_2025-12-08_G31,10110024FARIASG,2025-12-08,117855,1,4,0,126.0
10110024FARIASG_2025-12-08_G32,10110024FARIASG,2025-12-08,118140,1,14,0,432.0
10110024FARIASG_2025-12-08_G33,10110024FARIASG,2025-12-08,116241,1,2,0,105.0
10110024FARIASG_2025-12-08_G34,10110024FARIASG,2025-12-08,111442,1,4,0,113.0
10110024FARIASG_2025-12-08_G35,10110024FARIASG,2025-12-08,111463,1,2,0,81.0
10110024FARIASG_2025-12-08_G36,10110024FARIASG,2025-12-08,110374,1,4,0,130.0
10110024FARIASG_2025-12-08_G37,10110024FARIASG,2025-12-08,110371,1,3,0,121.0
10110024FARIASG_2025-12-08_G38,10110024FARIASG,2025-12-08,110372,1,16,0,185.0
10110024FARIASG_2025-12-08_G39,10110024FARIASG,2025-12-08,110747,1,21,0,453.0
10110024FARIASG_2025-12-08_G40,10110024FARIASG,2025-12-08,111431,1,4,0,2749.0
10110024FARIASG_2025-12-08_G41,10110024FARIASG,2025-12-08,108795,1,8,0,138.0
10110024FARIASG_2025-12-08_G42,10110024FARIASG,2025-12-08,118140,1,8,0,151.0
10110024FARIASG_2025-12-08_G43,10110024FARIASG,2025-12-08,117855,1,6,0,141.0
10110024FARIASG_2025-12-08_G44,10110024FARIASG,2025-12-08,107254,1,2,0,369.0
10110024FARIASG_2025-12-08_G45,10110024FARIASG,2025-12-08,111438,1,16,0,163.0
10110024FARIASG_2025-12-08_G46,10110024FARIASG,2025-12-08,111569,1,28,0,854.0
10110024FARIASG_2025-12-08_G47,10110024FARIASG,2025-12-08,141916,1,8,0,214.0
10110024FARIASG_2025-12-08_G48,10110024FARIASG,2025-12-08,141318,1,8,0,113.0
10110024FARIASG_2025-12-08_G49,10110024FARIASG,2025-12-08,118222,1,8,0,476.0
10110024FARIASG_2025-12-08_G50,10110024FARIASG,2025-12-08,160057,1,4,0,80.0
10110024FARIASG_2025-12-08_G51,10110024FARIASG,2025-12-08,109640,1,8,0,261.0
10110024FARIASG_2025-12-08_G52,10110024FARIASG,2025-12-08,110339,1,8,0,168.0
10110024FARIASG_2025-12-08_G53,10110024FARIASG,2025-12-08,111439,1,4,0,199.0
10110024FARIASG_2025-12-08_G54,10110024FARIASG,2025-12-08,117855,1,24,0,883.0
10110024FARIASG_2025-12-08_G56,10110024FARIASG,2025-12-08,118094,1,2,0,1558.0
10110024FARIASG_2025-12-08_G57,10110024FARIASG,2025-12-08,110733,1,4,0,117.0
10110024FARIASG_2025-12-08_G58,10110024FARIASG,2025-12-08,117853,1,4,0,54.0
10110024FARIASG_2025-12-08_G59,10110024FARIASG,2025-12-08,117862,1,4,0,67.0
10110024FARIASG_2025-12-08_G60,10110024FARIASG,2025-12-08,109640,1,76,0,822.0
10110024FARIASG_2025-12-08_G62,10110024FARIASG,2025-12-08,110374,1,6,0,811.0
10110024FARIASG_2025-12-08_G63,10110024FARIASG,2025-12-08,110371,1,12,0,105.0
10110024FARIASG_2025-12-08_G64,10110024FARIASG,2025-12-08,117808,1,2,0,31.0
10110024FARIASG_2025-12-09_G02,10110024FARIASG,2025-12-09,110313,1,1,0,112.0
10110024FARIASG_2025-12-09_G03,10110024FARIASG,2025-12-09,108701,1,4,0,200.0
10110024FARIASG_2025-12-09_G04,10110024FARIASG,2025-12-09,117935,1,5,0,182.0
10110024FARIASG_2025-12-09_G05,10110024FARIASG,2025-12-09,110741,1,2,0,55.0
10110024FARIASG_2025-12-09_G06,10110024FARIASG,2025-12-09,117853,1,2,0,87.0
10110024FARIASG_2025-12-09_G07,10110024FARIASG,2025-12-09,117786,1,8,0,137.0
10110024FARIASG_2025-12-09_G08,10110024FARIASG,2025-12-09,117855,1,4,0,130.0
10110024FARIASG_2025-12-09_G09,10110024FARIASG,2025-12-09,117862,1,4,0,124.0
10110024FARIASG_2025-12-09_G10,10110024FARIASG,2025-12-09,111348,1,2,0,385.0
10110024FARIASG_2025-12-09_G11,10110024FARIASG,2025-12-09,110740,1,2,0,241.0
10110024FARIASG_2025-12-09_G12,10110024FARIASG,2025-12-09,141456,1,8,0,200.0
10110024FARIASG_2025-12-09_G13,10110024FARIASG,2025-12-09,118140,1,2,0,38.0
10110024FARIASG_2025-12-09_G14,10110024FARIASG,2025-12-09,109645,1,2,0,73.0
10110024FARIASG_2025-12-09_G15,10110024FARIASG,2025-12-09,110751,1,2,0,43.0
10110024FARIASG_2025-12-09_G16,10110024FARIASG,2025-12-09,111468,1,8,0,86.0
10110024FARIASG_2025-12-09_G17,10110024FARIASG,2025-12-09,110745,1,4,0,98.0
10110024FARIASG_2025-12-09_G18,10110024FARIASG,2025-12-09,117838,1,2,0,40.0
10110024FARIASG_2025-12-09_G19,10110024FARIASG,2025-12-09,111532,1,10,0,390.0
10110024FARIASG_2025-12-09_G20,10110024FARIASG,2025-12-09,108794,1,3,0,42.0
10110024FARIASG_2025-12-09_G21,10110024FARIASG,2025-12-09,141457,1,8,0,76.0
10110024FARIASG_2025-12-09_G22,10110024FARIASG,2025-12-09,111418,1,6,0,158.0
10110024FARIASG_2025-12-09_G23,10110024FARIASG,2025-12-09,111463,1,6,0,298.0
10110024FARIASG_2025-12-09_G24,10110024FARIASG,2025-12-09,117787,1,4,0,100.0
10110024FARIASG_2025-12-09_G25,10110024FARIASG,2025-12-09,117785,1,4,0,65.0
10110024FARIASG_2025-12-09_G26,10110024FARIASG,2025-12-09,117821,1,3,0,65.0
10110024FARIASG_2025-12-09_G27,10110024FARIASG,2025-12-09,110080,1,2,0,427.0
10110024FARIASG_2025-12-09_G28,10110024FARIASG,2025-12-09,141916,1,4,0,143.0
10110024FARIASG_2025-12-09_G29,10110024FARIASG,2025-12-09,117809,1,8,0,382.0
10110024FARIASG_2025-12-09_G30,10110024FARIASG,2025-12-09,117808,1,6,0,141.0
10110024FARIASG_2025-12-09_G31,10110024FARIASG,2025-12-09,117822,1,2,0,46.0
10110024FARIASG_2025-12-09_G32,10110024FARIASG,2025-12-09,117832,1,4,0,106.0
10110024FARIASG_2025-12-09_G33,10110024FARIASG,2025-12-09,110373,1,4,0,86.0
10110024FARIASG_2025-12-09_G34,10110024FARIASG,2025-12-09,118094,1,4,0,369.0
10110024FARIASG_2025-12-09_G35,10110024FARIASG,2025-12-09,118094,1,4,0,82.0
10110024FARIASG_2025-12-09_G36,10110024FARIASG,2025-12-09,111438,1,4,0,1142.0
10110024FARIASG_2025-12-09_G37,10110024FARIASG,2025-12-09,111438,1,4,0,49.0
10110024FARIASG_2025-12-09_G38,10110024FARIASG,2025-12-09,111468,1,16,0,216.0
10110024FARIASG_2025-12-09_G39,10110024FARIASG,2025-12-09,111468,1,4,0,52.0
10110024FARIASG_2025-12-09_G40,10110024FARIASG,2025-12-09,110376,1,4,0,166.0
10110024FARIASG_2025-12-09_G41,10110024FARIASG,2025-12-09,111438,1,2,0,378.0
10110024FARIASG_2025-12-09_G42,10110024FARIASG,2025-12-09,111438,1,4,0,51.0
10110024FARIASG_2025-12-09_G43,10110024FARIASG,2025-12-09,111438,1,4,0,88.0
10110024FARIASG_2025-12-09_G44,10110024FARIASG,2025-12-09,111438,1,4,0,82.0
10110024FARIASG_2025-12-09_G45,10110024FARIASG,2025-12-09,111438,1,2,0,47.0
10110024FARIASG_2025-12-09_G46,10110024FARIASG,2025-12-09,111438,1,4,0,102.0
10110024FARIASG_2025-12-09_G47,10110024FARIASG,2025-12-09,117855,1,8,0,243.0
10110024FARIASG_2025-12-09_G48,10110024FARIASG,2025-12-09,109640,1,4,0,99.0
10110024FARIASG_2025-12-09_G49,10110024FARIASG,2025-12-09,109640,1,4,0,55.0
10110024FARIASG_2025-12-09_G50,10110024FARIASG,2025-12-09,109640,1,16,0,273.0
10110024FARIASG_2025-12-09_G51,10110024FARIASG,2025-12-09,108772,1,10,0,397.0
10110024FARIASG_2025-12-09_G52,10110024FARIASG,2025-12-09,111172,1,20,0,204.0
10110024FARIASG_2025-12-09_G53,10110024FARIASG,2025-12-09,111443,1,20,0,582.0
10110024FARIASG_2025-12-09_G54,10110024FARIASG,2025-12-09,111466,1,20,0,695.0
10110024FARIASG_2025-12-09_G55,10110024FARIASG,2025-12-09,110376,1,12,0,187.0
10110024FARIASG_2025-12-09_G56,10110024FARIASG,2025-12-09,118140,1,8,0,1636.0
10110024FARIASG_2025-12-09_G57,10110024FARIASG,2025-12-09,108711,1,8,0,87.0
10110024FARIASG_2025-12-09_G58,10110024FARIASG,2025-12-09,110895,1,12,0,170.0
10110024FARIASG_2025-12-09_G59,10110024FARIASG,2025-12-09,141202,1,150,0,878.0
10110024FARIASG_2025-12-09_G60,10110024FARIASG,2025-12-09,118140,1,4,0,171.0
10110024FARIASG_2025-12-09_G61,10110024FARIASG,2025-12-09,140923,1,12,0,165.0
10110024FARIASG_2025-12-09_G62,10110024FARIASG,2025-12-09,141823,1,4,0,169.0
10110024FARIASG_2025-12-09_G63,10110024FARIASG,2025-12-09,118140,1,4,0,60.0
10110024FARIASG_2025-12-09_G64,10110024FARIASG,2025-12-09,108711,1,4,0,162.0
10110024FARIASG_2025-12-09_G65,10110024FARIASG,2025-12-09,110733,1,4,0,121.0
10110024FARIASG_2025-12-09_G66,10110024FARIASG,2025-12-09,118140,1,4,0,131.0
10110024FARIASG_2025-12-09_G67,10110024FARIASG,2025-12-09,109640,1,8,0,433.0
10110024FARIASG_2025-12-09_G68,10110024FARIASG,2025-12-09,108711,1,10,0,257.0
10110024FARIASG_2025-12-09_G69,10110024FARIASG,2025-12-09,141202,1,8,0,241.0
10110024FARIASG_2025-12-09_G70,10110024FARIASG,2025-12-09,110895,1,4,0,310.0
10110024FARIASG_2025-12-09_G71,10110024FARIASG,2025-12-09,110733,1,2,0,71.0
10110024FARIASG_2025-12-09_G72,10110024FARIASG,2025-12-09,118140,1,18,0,176.0
10110024FARIASG_2025-12-09_G73,10110024FARIASG,2025-12-09,108711,1,2,0,56.0
10110024FARIASG_2025-12-09_G74,10110024FARIASG,2025-12-09,117861,1,2,0,147.0
10110024FARIASG_2025-12-09_G75,10110024FARIASG,2025-12-09,110325,1,4,0,126.0
10110024FARIASG_2025-12-09_G76,10110024FARIASG,2025-12-09,110325,1,4,0,49.0
10110024FARIASG_2025-12-09_G77,10110024FARIASG,2025-12-09,110325,1,2,0,31.0
10110024FARIASG_2025-12-09_G78,10110024FARIASG,2025-12-09,140922,1,6,0,426.0
10110024FARIASG_2025-12-09_G79,10110024FARIASG,2025-12-09,110733,1,2,0,132.0
10110024FARIASG_2025-12-09_G80,10110024FARIASG,2025-12-09,108711,1,8,0,78.0
10110024FARIASG_2025-12-09_G81,10110024FARIASG,2025-12-09,118140,1,6,0,75.0
10110024FARIASG_2025-12-09_G82,10110024FARIASG,2025-12-09,141202,1,4,0,97.0
10110024FARIASG_2025-12-09_G84,10110024FARIASG,2025-12-09,118140,1,6,0,226.0
10110024FARIASG_2025-12-09_G85,10110024FARIASG,2025-12-09,118140,1,8,0,78.0
10110024FARIASG_2025-12-09_G86,10110024FARIASG,2025-12-09,140922,1,2,0,66.0
10110024FARIASG_2025-12-09_G87,10110024FARIASG,2025-12-09,117831,1,4,0,186.0
10110024FARIASG_2025-12-09_G88,10110024FARIASG,2025-12-09,118140,1,4,0,332.0
10110024FARIASG_2025-12-09_G89,10110024FARIASG,2025-12-09,108711,1,4,0,68.0
10110024FARIASG_2025-12-09_G90,10110024FARIASG,2025-12-09,141202,1,4,0,91.0
10110024FARIASG_2025-12-09_G91,10110024FARIASG,2025-12-09,108711,1,2,0,107.0
10110024FARIASG_2025-12-09_G92,10110024FARIASG,2025-12-09,110895,1,4,0,108.0
10110024FARIASG_2025-12-09_G93,10110024FARIASG,2025-12-09,118218,1,2,0,764.0
10110024FARIASG_2025-12-09_G94,10110024FARIASG,2025-12-09,110375,1,2,0,138.0
10110024FARIASG_2025-12-09_G95,10110024FARIASG,2025-12-09,109640,1,31,0,972.0
10110024FARIASG_2025-12-09_G96,10110024FARIASG,2025-12-09,117861,1,9,0,182.0
10110024FARIASG_2025-12-09_G97,10110024FARIASG,2025-12-09,117809,1,134,0,723.0
10110024FARIASG_2025-12-09_G98,10110024FARIASG,2025-12-09,117809,1,160,0,496.0
10110024FARIASG_2025-12-09_G99,10110024FARIASG,2025-12-09,108770,1,23,0,751.0
10110024FARIASG_2025-12-09_G100,10110024FARIASG,2025-12-09,110756,1,13,0,209.0
10110024FARIASG_2025-12-09_G101,10110024FARIASG,2025-12-09,109640,1,100,0,636.0
10110024FARIASG_2025-12-09_G102,10110024FARIASG,2025-12-09,117855,1,100,0,703.0
10110024FARIASG_2025-12-09_G103,10110024FARIASG,2025-12-09,111172,1,50,0,432.0
10110024FARIASG_2025-12-10_G02,10110024FARIASG,2025-12-10,109641,1,6,0,89.0
10110024FARIASG_2025-12-10_G03,10110024FARIASG,2025-12-10,111442,1,6,0,137.0
10110024FARIASG_2025-12-10_G04,10110024FARIASG,2025-12-10,105705,1,7,0,104.0
10110024FARIASG_2025-12-10_G05,10110024FARIASG,2025-12-10,111418,1,80,0,509.0
10110024FARIASG_2025-12-10_G06,10110024FARIASG,2025-12-10,111462,1,20,0,572.0
10110024FARIASG_2025-12-10_G07,10110024FARIASG,2025-12-10,111463,1,30,0,184.0
10110024FARIASG_2025-12-10_G08,10110024FARIASG,2025-12-10,117831,1,20,0,219.0
10110024FARIASG_2025-12-10_G09,10110024FARIASG,2025-12-10,117787,1,4,0,110.0
10110024FARIASG_2025-12-10_G10,10110024FARIASG,2025-12-10,110740,1,6,0,67.0
10110024FARIASG_2025-12-10_G11,10110024FARIASG,2025-12-10,117785,1,50,0,372.0
10110024FARIASG_2025-12-10_G12,10110024FARIASG,2025-12-10,111443,1,6,0,191.0
10110024FARIASG_2025-12-10_G13,10110024FARIASG,2025-12-10,141458,1,50,0,962.0
10110024FARIASG_2025-12-10_G14,10110024FARIASG,2025-12-10,111469,1,40,0,575.0
10110024FARIASG_2025-12-10_G15,10110024FARIASG,2025-12-10,111655,1,8,0,1066.0
10110024FARIASG_2025-12-10_G16,10110024FARIASG,2025-12-10,109640,1,4,0,250.0
10110024FARIASG_2025-12-10_G17,10110024FARIASG,2025-12-10,109640,1,4,0,64.0
10110024FARIASG_2025-12-10_G18,10110024FARIASG,2025-12-10,111330,1,1,0,138.0
10110024FARIASG_2025-12-10_G19,10110024FARIASG,2025-12-10,105705,1,14,0,255.0
10110024FARIASG_2025-12-10_G20,10110024FARIASG,2025-12-10,111469,1,8,0,118.0
10110024FARIASG_2025-12-10_G21,10110024FARIASG,2025-12-10,111443,1,12,0,184.0
10110024FARIASG_2025-12-10_G22,10110024FARIASG,2025-12-10,108772,1,1,0,350.0
10110024FARIASG_2025-12-10_G23,10110024FARIASG,2025-12-10,117861,1,8,0,169.0
10110024FARIASG_2025-12-10_G24,10110024FARIASG,2025-12-10,110711,1,3,0,126.0
10110024FARIASG_2025-12-10_G25,10110024FARIASG,2025-12-10,111443,1,15,0,256.0
10110024FARIASG_2025-12-10_G26,10110024FARIASG,2025-12-10,111468,1,2,0,123.0
10110024FARIASG_2025-12-10_G27,10110024FARIASG,2025-12-10,111532,1,17,0,222.0
10110024FARIASG_2025-12-10_G28,10110024FARIASG,2025-12-10,110740,1,6,0,278.0
10110024FARIASG_2025-12-10_G29,10110024FARIASG,2025-12-10,111443,1,4,0,138.0
10110024FARIASG_2025-12-10_G30,10110024FARIASG,2025-12-10,117832,1,1,0,95.0
10110024FARIASG_2025-12-10_G31,10110024FARIASG,2025-12-10,117832,1,2,0,31.0
10110024FARIASG_2025-12-10_G32,10110024FARIASG,2025-12-10,110372,1,30,0,461.0
10110024FARIASG_2025-12-10_G33,10110024FARIASG,2025-12-10,110895,1,4,0,178.0
10110024FARIASG_2025-12-10_G34,10110024FARIASG,2025-12-10,110733,1,4,0,186.0
10110024FARIASG_2025-12-10_G35,10110024FARIASG,2025-12-10,141823,1,6,0,155.0
10110024FARIASG_2025-12-10_G36,10110024FARIASG,2025-12-10,118140,1,12,0,97.0
10110024FARIASG_2025-12-10_G37,10110024FARIASG,2025-12-10,111743,1,6,0,134.0
10110024FARIASG_2025-12-10_G38,10110024FARIASG,2025-12-10,140922,1,8,0,164.0
10110024FARIASG_2025-12-10_G39,10110024FARIASG,2025-12-10,108711,1,8,0,390.0
10110024FARIASG_2025-12-10_G40,10110024FARIASG,2025-12-10,141202,1,8,0,147.0
10110024FARIASG_2025-12-10_G41,10110024FARIASG,2025-12-10,110733,1,4,0,149.0
10110024FARIASG_2025-12-10_G42,10110024FARIASG,2025-12-10,141823,1,2,0,111.0
10110024FARIASG_2025-12-10_G43,10110024FARIASG,2025-12-10,118140,1,4,0,96.0
10110024FARIASG_2025-12-10_G44,10110024FARIASG,2025-12-10,140922,1,4,0,102.0
10110024FARIASG_2025-12-10_G45,10110024FARIASG,2025-12-10,141202,1,6,0,136.0
10110024FARIASG_2025-12-10_G46,10110024FARIASG,2025-12-10,110895,1,4,0,767.0
10110024FARIASG_2025-12-10_G47,10110024FARIASG,2025-12-10,107892,1,4,0,190.0
10110024FARIASG_2025-12-10_G48,10110024FARIASG,2025-12-10,118140,1,12,0,342.0
10110024FARIASG_2025-12-10_G49,10110024FARIASG,2025-12-10,118140,1,20,0,434.0
10110024FARIASG_2025-12-10_G50,10110024FARIASG,2025-12-10,140922,1,8,0,110.0
10110024FARIASG_2025-12-10_G51,10110024FARIASG,2025-12-10,140922,1,8,0,89.0
10110024FARIASG_2025-12-10_G52,10110024FARIASG,2025-12-10,110895,1,5,0,112.0
10110024FARIASG_2025-12-10_G53,10110024FARIASG,2025-12-10,118140,1,4,0,468.0
10110024FARIASG_2025-12-10_G54,10110024FARIASG,2025-12-10,110372,1,12,0,136.0
10110024FARIASG_2025-12-10_G55,10110024FARIASG,2025-12-10,110895,1,4,0,157.0
10110024FARIASG_2025-12-10_G56,10110024FARIASG,2025-12-10,118140,1,4,0,147.0
10110024FARIASG_2025-12-10_G57,10110024FARIASG,2025-12-10,118094,1,2,0,125.0
10110024FARIASG_2025-12-10_G58,10110024FARIASG,2025-12-10,110733,1,2,0,101.0
10110024FARIASG_2025-12-10_G59,10110024FARIASG,2025-12-10,141823,1,6,0,108.0
10110024FARIASG_2025-12-10_G60,10110024FARIASG,2025-12-10,118140,1,6,0,55.0
10110024FARIASG_2025-12-10_G61,10110024FARIASG,2025-12-10,111743,1,4,0,100.0
10110024FARIASG_2025-12-10_G62,10110024FARIASG,2025-12-10,117832,1,3,0,99.0
10110024FARIASG_2025-12-10_G63,10110024FARIASG,2025-12-10,140923,1,8,0,495.0
10110024FARIASG_2025-12-10_G64,10110024FARIASG,2025-12-10,141823,1,4,0,141.0
10110024FARIASG_2025-12-10_G65,10110024FARIASG,2025-12-10,111743,1,4,0,1322.0
10110024FARIASG_2025-12-10_G66,10110024FARIASG,2025-12-10,111468,1,4,0,159.0
10110024FARIASG_2025-12-10_G67,10110024FARIASG,2025-12-10,118094,1,4,0,99.0
10110024FARIASG_2025-12-10_G68,10110024FARIASG,2025-12-10,108795,1,3,0,202.0
10110024FARIASG_2025-12-10_G70,10110024FARIASG,2025-12-10,141823,1,8,0,190.0
10110024FARIASG_2025-12-10_G71,10110024FARIASG,2025-12-10,118140,1,8,0,111.0
10110024FARIASG_2025-12-10_G72,10110024FARIASG,2025-12-10,140922,1,4,0,297.0
10110024FARIASG_2025-12-10_G73,10110024FARIASG,2025-12-10,111438,1,7,0,1000.0
10110024FARIASG_2025-12-10_G74,10110024FARIASG,2025-12-10,111430,1,4,0,81.0
10110024FARIASG_2025-12-10_G75,10110024FARIASG,2025-12-10,100334,1,11,0,193.0
10110024FARIASG_2025-12-10_G76,10110024FARIASG,2025-12-10,107892,1,4,0,144.0
10110024FARIASG_2025-12-10_G77,10110024FARIASG,2025-12-10,110754,1,4,0,79.0
10110024FARIASG_2025-12-10_G78,10110024FARIASG,2025-12-10,118222,1,24,0,1146.0
10110024FARIASG_2025-12-10_G79,10110024FARIASG,2025-12-10,118094,1,12,0,288.0
10110024FARIASG_2025-12-10_G80,10110024FARIASG,2025-12-10,140923,1,2,0,52.0
10110024FARIASG_2025-12-10_G81,10110024FARIASG,2025-12-10,110741,1,4,0,51.0
10110024FARIASG_2025-12-10_G82,10110024FARIASG,2025-12-10,117837,1,4,0,137.0
10110024FARIASG_2025-12-10_G83,10110024FARIASG,2025-12-10,117965,1,10,0,258.0
10110024FARIASG_2025-12-10_G84,10110024FARIASG,2025-12-10,117853,1,12,0,347.0
10110024FARIASG_2025-12-10_G85,10110024FARIASG,2025-12-10,117856,1,2,0,48.0
10110024FARIASG_2025-12-10_G86,10110024FARIASG,2025-12-10,141047,1,4,0,84.0
10110024FARIASG_2025-12-10_G87,10110024FARIASG,2025-12-10,107629,1,5,0,134.0
10110024FARIASG_2025-12-10_G88,10110024FARIASG,2025-12-10,111530,1,5,0,91.0
10110024FARIASG_2025-12-10_G89,10110024FARIASG,2025-12-10,117855,1,16,0,320.0
10110024FARIASG_2025-12-10_G90,10110024FARIASG,2025-12-10,109647,1,10,0,144.0
10110024FARIASG_2025-12-10_G91,10110024FARIASG,2025-12-10,117862,1,14,0,159.0
10110024FARIASG_2025-12-10_G92,10110024FARIASG,2025-12-10,109640,1,8,0,368.0
10110024FARIASG_2025-12-10_G93,10110024FARIASG,2025-12-10,111602,1,30,0,481.0
10110024FARIASG_2025-12-10_G94,10110024FARIASG,2025-12-10,110374,1,9,0,159.0
10110024FARIASG_2025-12-10_G95,10110024FARIASG,2025-12-10,117840,1,1,0,61.0
10110024FARIASG_2025-12-10_G96,10110024FARIASG,2025-12-10,117832,1,7,0,61.0
10110024FARIASG_2025-12-10_G97,10110024FARIASG,2025-12-10,118299,1,300,0,938.0
10110024FARIASG_2025-12-11_G02,10110024FARIASG,2025-12-11,118290,1,4,0,166.0
10110024FARIASG_2025-12-11_G03,10110024FARIASG,2025-12-11,111602,1,25,0,578.0
10110024FARIASG_2025-12-11_G04,10110024FARIASG,2025-12-11,110711,1,33,0,286.0
10110024FARIASG_2025-12-11_G05,10110024FARIASG,2025-12-11,118317,1,9,0,473.0
10110024FARIASG_2025-12-11_G06,10110024FARIASG,2025-12-11,111743,1,4,0,99.0
10110024FARIASG_2025-12-11_G07,10110024FARIASG,2025-12-11,110745,1,2,0,67.0
10110024FARIASG_2025-12-11_G08,10110024FARIASG,2025-12-11,141271,1,2,0,70.0
10110024FARIASG_2025-12-11_G09,10110024FARIASG,2025-12-11,108795,1,7,0,151.0
10110024FARIASG_2025-12-11_G10,10110024FARIASG,2025-12-11,111462,1,4,0,75.0
10110024FARIASG_2025-12-11_G11,10110024FARIASG,2025-12-11,111443,1,4,0,102.0
10110024FARIASG_2025-12-11_G12,10110024FARIASG,2025-12-11,111466,1,3,0,957.0
10110024FARIASG_2025-12-11_G13,10110024FARIASG,2025-12-11,111466,1,2,0,48.0
10110024FARIASG_2025-12-11_G14,10110024FARIASG,2025-12-11,141458,1,2,0,548.0
10110024FARIASG_2025-12-11_G15,10110024FARIASG,2025-12-11,111602,1,23,0,413.0
10110024FARIASG_2025-12-11_G16,10110024FARIASG,2025-12-11,141066,1,4,0,102.0
10110024FARIASG_2025-12-11_G17,10110024FARIASG,2025-12-11,111467,1,6,0,117.0
10110024FARIASG_2025-12-11_G18,10110024FARIASG,2025-12-11,141457,1,3,0,130.0
10110024FARIASG_2025-12-11_G19,10110024FARIASG,2025-12-11,111443,1,12,0,156.0
10110024FARIASG_2025-12-11_G20,10110024FARIASG,2025-12-11,110325,1,2,0,67.0
10110024FARIASG_2025-12-11_G21,10110024FARIASG,2025-12-11,141202,1,1,0,84.0
10110024FARIASG_2025-12-11_G22,10110024FARIASG,2025-12-11,111569,1,1,0,323.0
10110024FARIASG_2025-12-11_G23,10110024FARIASG,2025-12-11,110755,1,2,0,98.0
10110024FARIASG_2025-12-11_G24,10110024FARIASG,2025-12-11,118094,1,6,0,180.0
10110024FARIASG_2025-12-11_G25,10110024FARIASG,2025-12-11,117861,1,3,0,83.0
10110024FARIASG_2025-12-11_G26,10110024FARIASG,2025-12-11,110374,1,1,0,93.0
10110024FARIASG_2025-12-11_G27,10110024FARIASG,2025-12-11,118298,1,1,0,79.0
10110024FARIASG_2025-12-11_G28,10110024FARIASG,2025-12-11,110745,1,2,0,60.0
10110024FARIASG_2025-12-11_G29,10110024FARIASG,2025-12-11,108711,1,2,0,135.0
10110024FARIASG_2025-12-11_G30,10110024FARIASG,2025-12-11,110376,1,4,0,116.0
10110024FARIASG_2025-12-11_G31,10110024FARIASG,2025-12-11,117855,1,1,0,141.0
10110024FARIASG_2025-12-11_G32,10110024FARIASG,2025-12-11,111467,1,6,0,104.0
10110024FARIASG_2025-12-11_G33,10110024FARIASG,2025-12-11,110752,1,4,0,119.0
10110024FARIASG_2025-12-11_G34,10110024FARIASG,2025-12-11,117787,1,3,0,83.0
10110024FARIASG_2025-12-11_G35,10110024FARIASG,2025-12-11,141458,1,2,0,130.0
10110024FARIASG_2025-12-11_G36,10110024FARIASG,2025-12-11,118290,1,5,0,494.0
10110024FARIASG_2025-12-11_G37,10110024FARIASG,2025-12-11,111602,1,4,0,164.0
10110024FARIASG_2025-12-11_G38,10110024FARIASG,2025-12-11,117808,1,6,0,98.0
10110024FARIASG_2025-12-11_G39,10110024FARIASG,2025-12-11,117832,1,8,0,130.0
10110024FARIASG_2025-12-11_G40,10110024FARIASG,2025-12-11,111530,1,6,0,117.0
10110024FARIASG_2025-12-11_G41,10110024FARIASG,2025-12-11,111462,1,7,0,128.0
10110024FARIASG_2025-12-11_G42,10110024FARIASG,2025-12-11,110325,1,8,0,133.0
10110024FARIASG_2025-12-11_G43,10110024FARIASG,2025-12-11,111466,1,3,0,58.0
10110024FARIASG_2025-12-11_G44,10110024FARIASG,2025-12-11,109640,1,255,0,1367.0
10110024FARIASG_2025-12-11_G45,10110024FARIASG,2025-12-11,107888,1,155,0,1481.0
10110024FARIASG_2025-12-11_G46,10110024FARIASG,2025-12-11,110742,1,8,0,651.0
10110024FARIASG_2025-12-11_G47,10110024FARIASG,2025-12-11,111436,1,20,0,398.0
10110024FARIASG_2025-12-11_G48,10110024FARIASG,2025-12-11,110755,1,65,0,1297.0
10110024FARIASG_2025-12-11_G49,10110024FARIASG,2025-12-11,110747,1,43,0,377.0
10110024FARIASG_2025-12-11_G50,10110024FARIASG,2025-12-11,110895,1,40,0,357.0
10110024FARIASG_2025-12-11_G51,10110024FARIASG,2025-12-11,110747,1,7,0,173.0
10110024FARIASG_2025-12-11_G52,10110024FARIASG,2025-12-11,111438,1,32,0,470.0
10110024FARIASG_2025-12-11_G53,10110024FARIASG,2025-12-11,111430,1,50,0,388.0
10110024FARIASG_2025-12-11_G54,10110024FARIASG,2025-12-11,110374,1,165,0,748.0
10110024FARIASG_2025-12-11_G55,10110024FARIASG,2025-12-11,141202,1,100,0,462.0
10110024FARIASG_2025-12-11_G56,10110024FARIASG,2025-12-11,117787,1,50,0,513.0
10110024FARIASG_2025-12-11_G57,10110024FARIASG,2025-12-11,111443,1,10,0,153.0
10110024FARIASG_2025-12-11_G59,10110024FARIASG,2025-12-11,105705,1,12,0,222.0
10110024FARIASG_2025-12-11_G60,10110024FARIASG,2025-12-11,109647,1,7,0,98.0
10110024FARIASG_2025-12-11_G61,10110024FARIASG,2025-12-11,109641,1,25,0,579.0
10110024FARIASG_2025-12-11_G62,10110024FARIASG,2025-12-11,111569,1,4,0,985.0
10110024FARIASG_2025-12-11_G63,10110024FARIASG,2025-12-11,111569,1,4,0,91.0
10110024FARIASG_2025-12-11_G64,10110024FARIASG,2025-12-11,111569,1,2,0,63.0
10110024FARIASG_2025-12-11_G65,10110024FARIASG,2025-12-11,140923,1,7,0,197.0
10110024FARIASG_2025-12-11_G66,10110024FARIASG,2025-12-11,111530,1,5,0,140.0
10110024FARIASG_2025-12-11_G67,10110024FARIASG,2025-12-11,117786,2,5,26,62.0
10110024FARIASG_2025-12-11_G68,10110024FARIASG,2025-12-11,117786,1,4,0,42.0
10110024FARIASG_2025-12-11_G69,10110024FARIASG,2025-12-11,117855,1,6,0,143.0
10110024FARIASG_2025-12-11_G70,10110024FARIASG,2025-12-11,110747,1,2,0,113.0
10110024FARIASG_2025-12-11_G71,10110024FARIASG,2025-12-11,110747,1,4,0,55.0
10110024FARIASG_2025-12-11_G72,10110024FARIASG,2025-12-11,110747,1,6,0,125.0
10110024FARIASG_2025-12-11_G73,10110024FARIASG,2025-12-11,117854,1,2,0,95.0
10110024FARIASG_2025-12-11_G74,10110024FARIASG,2025-12-11,118317,1,4,0,245.0
10110024FARIASG_2025-12-11_G75,10110024FARIASG,2025-12-11,111172,1,2,0,58.0
10110024FARIASG_2025-12-11_G76,10110024FARIASG,2025-12-11,118140,1,8,0,126.0
10110024FARIASG_2025-12-11_G77,10110024FARIASG,2025-12-11,118140,1,17,0,137.0
10110024FARIASG_2025-12-11_G78,10110024FARIASG,2025-12-11,110374,1,6,0,77.0
10110024FARIASG_2025-12-11_G79,10110024FARIASG,2025-12-11,110374,1,4,0,59.0
10110024FARIASG_2025-12-11_G80,10110024FARIASG,2025-12-11,110374,1,8,0,50.0
10110024FARIASG_2025-12-11_G81,10110024FARIASG,2025-12-11,140922,1,6,0,99.0
10110024FARIASG_2025-12-11_G82,10110024FARIASG,2025-12-11,140922,1,6,0,50.0
10110024FARIASG_2025-12-11_G83,10110024FARIASG,2025-12-11,117808,1,100,0,518.0
10110024FARIASG_2025-12-11_G84,10110024FARIASG,2025-12-11,117808,1,100,0,233.0
10110024FARIASG_2025-12-11_G85,10110024FARIASG,2025-12-11,109645,1,20,0,497.0
10110024FARIASG_2025-12-11_G86,10110024FARIASG,2025-12-11,110751,1,1,0,46.0
10110024FARIASG_2025-12-11_G87,10110024FARIASG,2025-12-11,111743,1,4,0,57.0
10110024FARIASG_2025-12-11_G88,10110024FARIASG,2025-12-11,111468,1,4,0,45.0
10110024FARIASG_2025-12-11_G89,10110024FARIASG,2025-12-11,111468,2,8,30,255.0
10110024FARIASG_2025-12-11_G90,10110024FARIASG,2025-12-11,111468,1,2,0,65.0
10110024FARIASG_2025-12-11_G91,10110024FARIASG,2025-12-11,111468,1,8,0,56.0
10110024FARIASG_2025-12-11_G92,10110024FARIASG,2025-12-11,110371,1,16,0,121.0
10110024FARIASG_2025-12-11_G93,10110024FARIASG,2025-12-11,117838,1,2,0,84.0
10110024FARIASG_2025-12-11_G94,10110024FARIASG,2025-12-11,160055,1,4,0,99.0
10110024FARIASG_2025-12-11_G95,10110024FARIASG,2025-12-11,108711,2,4,30,42.0
10110024FARIASG_2025-12-11_G96,10110024FARIASG,2025-12-11,111435,1,2,0,77.0
10110024FARIASG_2025-12-11_G97,10110024FARIASG,2025-12-11,111435,1,2,0,37.0
10110024FARIASG_2025-12-12_G02,10110024FARIASG,2025-12-12,117785,1,420,0,2289.0
10110024FARIASG_2025-12-12_G03,10110024FARIASG,2025-12-12,117808,1,22,0,668.0
10110024FARIASG_2025-12-12_G04,10110024FARIASG,2025-12-12,110371,1,24,0,217.0
10110024FARIASG_2025-12-12_G05,10110024FARIASG,2025-12-12,110711,1,4,0,880.0
10110024FARIASG_2025-12-12_G06,10110024FARIASG,2025-12-12,111467,1,2,0,231.0
10110024FARIASG_2025-12-12_G07,10110024FARIASG,2025-12-12,110372,1,12,0,903.0
10110024FARIASG_2025-12-12_G08,10110024FARIASG,2025-12-12,111438,1,4,0,241.0
10110024FARIASG_2025-12-12_G09,10110024FARIASG,2025-12-12,140923,1,1,0,56.0
10110024FARIASG_2025-12-12_G10,10110024FARIASG,2025-12-12,141456,1,4,0,105.0
10110024FARIASG_2025-12-12_G11,10110024FARIASG,2025-12-12,140922,1,2,0,55.0
10110024FARIASG_2025-12-12_G12,10110024FARIASG,2025-12-12,109645,1,2,0,65.0
10110024FARIASG_2025-12-12_G13,10110024FARIASG,2025-12-12,111650,1,2,0,115.0
10110024FARIASG_2025-12-12_G14,10110024FARIASG,2025-12-12,108711,1,2,0,70.0
10110024FARIASG_2025-12-12_G15,10110024FARIASG,2025-12-12,111532,1,2,0,61.0
10110024FARIASG_2025-12-12_G16,10110024FARIASG,2025-12-12,141457,1,4,0,62.0
10110024FARIASG_2025-12-12_G17,10110024FARIASG,2025-12-12,109641,1,1,0,52.0
10110024FARIASG_2025-12-12_G18,10110024FARIASG,2025-12-12,117842,1,2,0,91.0
10110024FARIASG_2025-12-12_G19,10110024FARIASG,2025-12-12,117787,1,2,0,93.0
10110024FARIASG_2025-12-12_G20,10110024FARIASG,2025-12-12,110740,1,4,0,61.0
10110024FARIASG_2025-12-12_G21,10110024FARIASG,2025-12-12,109640,1,2,0,62.0
10110024FARIASG_2025-12-12_G22,10110024FARIASG,2025-12-12,111569,1,8,0,214.0
10110024FARIASG_2025-12-12_G23,10110024FARIASG,2025-12-12,118290,1,1,0,322.0
10110024FARIASG_2025-12-12_G24,10110024FARIASG,2025-12-12,111467,1,1,0,44.0
10110024FARIASG_2025-12-12_G25,10110024FARIASG,2025-12-12,110740,1,8,0,92.0
10110024FARIASG_2025-12-12_G26,10110024FARIASG,2025-12-12,117935,1,1,0,939.0
10110024FARIASG_2025-12-12_G27,10110024FARIASG,2025-12-12,111172,1,3,0,127.0
10110024FARIASG_2025-12-12_G28,10110024FARIASG,2025-12-12,111530,1,2,0,144.0
10110024FARIASG_2025-12-12_G29,10110024FARIASG,2025-12-12,111418,1,24,0,224.0
10110024FARIASG_2025-12-12_G30,10110024FARIASG,2025-12-12,111469,1,1,0,57.0
10110024FARIASG_2025-12-12_G31,10110024FARIASG,2025-12-12,117935,1,8,0,146.0
10110024FARIASG_2025-12-12_G32,10110024FARIASG,2025-12-12,111172,1,5,0,129.0
10110024FARIASG_2025-12-12_G33,10110024FARIASG,2025-12-12,111466,1,4,0,1151.0
10110024FARIASG_2025-12-12_G34,10110024FARIASG,2025-12-12,110711,1,4,0,93.0
10110024FARIASG_2025-12-12_G35,10110024FARIASG,2025-12-12,141202,1,4,0,168.0
10110024FARIASG_2025-12-12_G36,10110024FARIASG,2025-12-12,111445,1,12,0,427.0
10110024FARIASG_2025-12-12_G37,10110024FARIASG,2025-12-12,141823,1,2,0,228.0
10110024FARIASG_2025-12-12_G38,10110024FARIASG,2025-12-12,118140,1,4,0,86.0
10110024FARIASG_2025-12-12_G39,10110024FARIASG,2025-12-12,117855,1,2,0,129.0
10110024FARIASG_2025-12-12_G40,10110024FARIASG,2025-12-12,110895,1,3,0,274.0
10110024FARIASG_2025-12-12_G41,10110024FARIASG,2025-12-12,118140,1,4,0,307.0
10110024FARIASG_2025-12-12_G42,10110024FARIASG,2025-12-12,111743,1,4,0,99.0
10110024FARIASG_2025-12-12_G43,10110024FARIASG,2025-12-12,110711,1,4,0,98.0
10110024FARIASG_2025-12-12_G44,10110024FARIASG,2025-12-12,111469,1,6,0,165.0
10110024FARIASG_2025-12-12_G45,10110024FARIASG,2025-12-12,117831,1,10,0,96.0
10110024FARIASG_2025-12-12_G46,10110024FARIASG,2025-12-12,117861,1,207,0,1581.0
10110024FARIASG_2025-12-12_G47,10110024FARIASG,2025-12-12,110376,1,243,0,750.0
10110024FARIASG_2025-12-12_G48,10110024FARIASG,2025-12-12,110711,1,6,0,778.0
10110024FARIASG_2025-12-12_G49,10110024FARIASG,2025-12-12,141823,1,4,0,117.0
10110024FARIASG_2025-12-12_G50,10110024FARIASG,2025-12-12,118140,1,4,0,52.0
10110024FARIASG_2025-12-12_G51,10110024FARIASG,2025-12-12,108711,1,5,0,82.0
10110024FARIASG_2025-12-12_G52,10110024FARIASG,2025-12-12,108770,1,4,0,110.0
10110024FARIASG_2025-12-12_G53,10110024FARIASG,2025-12-12,110895,1,4,0,73.0
10110024FARIASG_2025-12-12_G54,10110024FARIASG,2025-12-12,118222,1,7,0,213.0
10110024FARIASG_2025-12-12_G55,10110024FARIASG,2025-12-12,111569,1,4,0,117.0
10110024FARIASG_2025-12-12_G56,10110024FARIASG,2025-12-12,118094,1,6,0,184.0
10110024FARIASG_2025-12-12_G57,10110024FARIASG,2025-12-12,117861,1,4,0,90.0
10110024FARIASG_2025-12-12_G58,10110024FARIASG,2025-12-12,140923,1,20,0,471.0
10110024FARIASG_2025-12-12_G59,10110024FARIASG,2025-12-12,111602,1,20,0,588.0
10110024FARIASG_2025-12-12_G60,10110024FARIASG,2025-12-12,110711,1,2,0,65.0
10110024FARIASG_2025-12-12_G61,10110024FARIASG,2025-12-12,110339,1,4,0,56.0
10110024FARIASG_2025-12-12_G62,10110024FARIASG,2025-12-12,110733,1,10,0,78.0
10110024FARIASG_2025-12-12_G63,10110024FARIASG,2025-12-12,110755,1,4,0,234.0
10110024FARIASG_2025-12-12_G64,10110024FARIASG,2025-12-12,107629,1,4,0,74.0
10110024FARIASG_2025-12-12_G65,10110024FARIASG,2025-12-12,141916,1,2,0,155.0
10110024FARIASG_2025-12-12_G66,10110024FARIASG,2025-12-12,111530,1,16,0,218.0
10110024FARIASG_2025-12-12_G67,10110024FARIASG,2025-12-12,109640,1,8,0,273.0
10110024FARIASG_2025-12-12_G68,10110024FARIASG,2025-12-12,109640,1,6,0,77.0
10110024FARIASG_2025-12-12_G69,10110024FARIASG,2025-12-12,110752,1,2,0,60.0
10110024FARIASG_2025-12-12_G70,10110024FARIASG,2025-12-12,108772,1,4,0,400.0
10110024FARIASG_2025-12-12_G71,10110024FARIASG,2025-12-12,111465,1,8,0,134.0
10110024FARIASG_2025-12-12_G72,10110024FARIASG,2025-12-12,141823,1,6,0,87.0
10110024FARIASG_2025-12-12_G74,10110024FARIASG,2025-12-12,140922,1,8,0,107.0
10110024FARIASG_2025-12-12_G75,10110024FARIASG,2025-12-12,111743,1,5,0,95.0
10110024FARIASG_2025-12-12_G76,10110024FARIASG,2025-12-12,111468,1,4,0,57.0
10110024FARIASG_2025-12-12_G77,10110024FARIASG,2025-12-12,110374,1,7,0,336.0
10110024FARIASG_2025-12-12_G78,10110024FARIASG,2025-12-12,108711,1,12,0,307.0
10110024FARIASG_2025-12-12_G79,10110024FARIASG,2025-12-12,111532,1,14,0,138.0
10110024FARIASG_2025-12-12_G80,10110024FARIASG,2025-12-12,117808,1,60,0,416.0
10110024FARIASG_2025-12-12_G81,10110024FARIASG,2025-12-12,117832,1,9,0,309.0
10110024FARIASG_2025-12-12_G82,10110024FARIASG,2025-12-12,110787,1,12,0,347.0
10110024FARIASG_2025-12-12_G83,10110024FARIASG,2025-12-12,108794,1,4,0,77.0
10110024FARIASG_2025-12-12_G84,10110024FARIASG,2025-12-12,109641,1,8,0,128.0
10110024FARIASG_2025-12-12_G85,10110024FARIASG,2025-12-12,110372,1,50,0,650.0
10110024FARIASG_2025-12-12_G86,10110024FARIASG,2025-12-12,105705,1,12,0,210.0
10110024FARIASG_2025-12-12_G87,10110024FARIASG,2025-12-12,111418,1,80,0,347.0
10110024FARIASG_2025-12-12_G88,10110024FARIASG,2025-12-12,110371,1,50,0,294.0
10110024FARIASG_2025-12-13_G02,10110024FARIASG,2025-12-13,110484,1,8,0,370.0
10110024FARIASG_2025-12-13_G03,10110024FARIASG,2025-12-13,118283,1,8,0,271.0
10110024FARIASG_2025-12-13_G04,10110024FARIASG,2025-12-13,141312,1,8,0,104.0
10110024FARIASG_2025-12-13_G05,10110024FARIASG,2025-12-13,118417,1,16,0,450.0
10110024FARIASG_2025-12-13_G06,10110024FARIASG,2025-12-13,118364,1,26,0,1863.0
10110024FARIASG_2025-12-13_G07,10110024FARIASG,2025-12-13,111851,1,8,0,291.0
10110024FARIASG_2025-12-13_G08,10110024FARIASG,2025-12-13,114094,1,8,0,567.0
10110024FARIASG_2025-12-13_G09,10110024FARIASG,2025-12-13,109645,1,12,0,247.0
10110024FARIASG_2025-12-13_G10,10110024FARIASG,2025-12-13,118222,1,14,0,254.0
10110024FARIASG_2025-12-13_G11,10110024FARIASG,2025-12-13,111430,1,32,0,514.0
10110024FARIASG_2025-12-13_G12,10110024FARIASG,2025-12-13,118251,1,14,0,236.0
10110024FARIASG_2025-12-13_G13,10110024FARIASG,2025-12-13,118229,1,12,0,387.0
10110024FARIASG_2025-12-13_G14,10110024FARIASG,2025-12-13,110741,1,152,0,1000.0
10110024FARIASG_2025-12-13_G15,10110024FARIASG,2025-12-13,117935,1,3,0,1123.0
10110024FARIASG_2025-12-13_G16,10110024FARIASG,2025-12-13,111418,1,18,0,235.0
10110024FARIASG_2025-12-13_G17,10110024FARIASG,2025-12-13,111530,1,6,0,211.0
10110024FARIASG_2025-12-13_G18,10110024FARIASG,2025-12-13,111469,1,8,0,142.0
10110024FARIASG_2025-12-13_G19,10110024FARIASG,2025-12-13,109643,1,8,0,131.0
10110024FARIASG_2025-12-13_G20,10110024FARIASG,2025-12-13,118222,1,42,0,1244.0
10110024FARIASG_2025-12-13_G21,10110024FARIASG,2025-12-13,115234,1,4,0,117.0
10110024FARIASG_2025-12-13_G22,10110024FARIASG,2025-12-13,110895,1,7,0,497.0
10110024FARIASG_2025-12-13_G23,10110024FARIASG,2025-12-13,111655,1,2,0,99.0
10110024FARIASG_2025-12-13_G24,10110024FARIASG,2025-12-13,115775,1,8,0,218.0
10110024FARIASG_2025-12-13_G25,10110024FARIASG,2025-12-13,111090,1,2,0,129.0
10110024FARIASG_2025-12-13_G26,10110024FARIASG,2025-12-13,100334,1,6,0,161.0
10110024FARIASG_2025-12-13_G27,10110024FARIASG,2025-12-13,110747,1,10,0,214.0
10110024FARIASG_2025-12-13_G28,10110024FARIASG,2025-12-13,141456,1,44,0,436.0
10110024FARIASG_2025-12-13_G29,10110024FARIASG,2025-12-13,140922,1,10,0,312.0
10110024FARIASG_2025-12-13_G30,10110024FARIASG,2025-12-13,111743,1,12,0,89.0
10110024FARIASG_2025-12-13_G31,10110024FARIASG,2025-12-13,111468,1,4,0,46.0
10110024FARIASG_2025-12-13_G32,10110024FARIASG,2025-12-13,110745,1,8,0,119.0
10110024FARIASG_2025-12-13_G33,10110024FARIASG,2025-12-13,141271,1,20,0,390.0
10110024FARIASG_2025-12-13_G34,10110024FARIASG,2025-12-13,108798,1,2,0,79.0
10110024FARIASG_2025-12-13_G35,10110024FARIASG,2025-12-13,117842,1,2,0,118.0
10110024FARIASG_2025-12-13_G36,10110024FARIASG,2025-12-13,105705,1,12,0,169.0
10110024FARIASG_2025-12-13_G37,10110024FARIASG,2025-12-13,117841,1,2,0,70.0
10110024FARIASG_2025-12-13_G38,10110024FARIASG,2025-12-13,117831,1,21,0,232.0
10110024FARIASG_2025-12-13_G39,10110024FARIASG,2025-12-13,117787,1,3,0,287.0
10110024FARIASG_2025-12-13_G40,10110024FARIASG,2025-12-13,110740,1,26,0,177.0
10110024FARIASG_2025-12-13_G41,10110024FARIASG,2025-12-13,141457,1,30,0,182.0
10110024FARIASG_2025-12-13_G42,10110024FARIASG,2025-12-13,117785,1,186,0,930.0
10110024FARIASG_2025-12-13_G43,10110024FARIASG,2025-12-13,141458,1,21,0,193.0
10110024FARIASG_2025-12-13_G44,10110024FARIASG,2025-12-13,118140,1,67,0,790.0
10110024FARIASG_2025-12-13_G45,10110024FARIASG,2025-12-13,111463,1,53,0,498.0
10110024FARIASG_2025-12-13_G46,10110024FARIASG,2025-12-13,141202,1,3,0,149.0
10110024FARIASG_2025-12-13_G47,10110024FARIASG,2025-12-13,117832,1,20,0,241.0
10110024FARIASG_2025-12-13_G48,10110024FARIASG,2025-12-13,110372,1,346,0,756.0
10110024FARIASG_2025-12-13_G49,10110024FARIASG,2025-12-13,109643,1,15,0,471.0
10110024FARIASG_2025-12-13_G50,10110024FARIASG,2025-12-13,110325,1,27,0,366.0
10110024FARIASG_2025-12-13_G51,10110024FARIASG,2025-12-13,110371,1,174,0,465.0
10110024FARIASG_2025-12-13_G53,10110024FARIASG,2025-12-13,111569,1,4,0,241.0
10110024FARIASG_2025-12-13_G54,10110024FARIASG,2025-12-13,111463,1,13,0,186.0
10110024FARIASG_2025-12-13_G55,10110024FARIASG,2025-12-13,111418,1,12,0,238.0
10110024FARIASG_2025-12-13_G56,10110024FARIASG,2025-12-13,111602,1,4,0,119.0
10110024FARIASG_2025-12-13_G57,10110024FARIASG,2025-12-13,100334,1,5,0,229.0
10110024FARIASG_2025-12-13_G58,10110024FARIASG,2025-12-13,105705,1,8,0,193.0
10110024FARIASG_2025-12-13_G59,10110024FARIASG,2025-12-13,141457,1,24,0,983.0
10110024FARIASG_2025-12-13_G60,10110024FARIASG,2025-12-13,141458,1,5,0,588.0
10110024FARIASG_2025-12-13_G61,10110024FARIASG,2025-12-13,111439,1,10,0,563.0
10110024FARIASG_2025-12-15_G02,10110024FARIASG,2025-12-15,118299,1,2,0,35.0
10110024FARIASG_2025-12-15_G03,10110024FARIASG,2025-12-15,117808,1,1022,0,2762.0
10110024FARIASG_2025-12-15_G04,10110024FARIASG,2025-12-15,118299,1,80,0,617.0
10110024FARIASG_2025-12-15_G05,10110024FARIASG,2025-12-15,110895,1,100,0,1707.0
10110024FARIASG_2025-12-15_G06,10110024FARIASG,2025-12-15,111463,1,200,0,842.0
10110024FARIASG_2025-12-15_G07,10110024FARIASG,2025-12-15,140922,1,110,0,397.0
10110024FARIASG_2025-12-15_G08,10110024FARIASG,2025-12-15,108711,1,136,0,730.0
10110024FARIASG_2025-12-15_G09,10110024FARIASG,2025-12-15,111418,1,678,0,1913.0
10110024FARIASG_2025-12-15_G10,10110024FARIASG,2025-12-15,118140,1,210,0,776.0
10110024FARIASG_2025-12-15_G11,10110024FARIASG,2025-12-15,117821,1,100,0,779.0
10110024FARIASG_2025-12-15_G12,10110024FARIASG,2025-12-15,110325,1,100,0,499.0
10110024FARIASG_2025-12-15_G14,10110024FARIASG,2025-12-15,141916,1,4,0,100.0
10110024FARIASG_2025-12-15_G15,10110024FARIASG,2025-12-15,117861,1,6,0,132.0
10110024FARIASG_2025-12-15_G16,10110024FARIASG,2025-12-15,140923,1,10,0,92.0
10110024FARIASG_2025-12-15_G17,10110024FARIASG,2025-12-15,117856,1,6,0,85.0
10110024FARIASG_2025-12-15_G18,10110024FARIASG,2025-12-15,110339,1,6,0,119.0
10110024FARIASG_2025-12-15_G19,10110024FARIASG,2025-12-15,110750,1,2,0,61.0
10110024FARIASG_2025-12-15_G20,10110024FARIASG,2025-12-15,107629,1,2,0,78.0
10110024FARIASG_2025-12-15_G21,10110024FARIASG,2025-12-15,111530,1,4,0,85.0
10110024FARIASG_2025-12-15_G22,10110024FARIASG,2025-12-15,111467,1,4,0,199.0
10110024FARIASG_2025-12-15_G23,10110024FARIASG,2025-12-15,109640,1,4,0,65.0
10110024FARIASG_2025-12-15_G24,10110024FARIASG,2025-12-15,110711,1,4,0,557.0
10110024FARIASG_2025-12-15_G25,10110024FARIASG,2025-12-15,118317,1,2,0,335.0
10110024FARIASG_2025-12-15_G26,10110024FARIASG,2025-12-15,108795,1,6,0,91.0
10110024FARIASG_2025-12-15_G27,10110024FARIASG,2025-12-15,111463,1,4,0,48.0
10110024FARIASG_2025-12-15_G28,10110024FARIASG,2025-12-15,111743,1,1,0,65.0
10110024FARIASG_2025-12-15_G29,10110024FARIASG,2025-12-15,117785,1,2,0,48.0
10110024FARIASG_2025-12-15_G30,10110024FARIASG,2025-12-15,117838,1,2,0,86.0
10110024FARIASG_2025-12-15_G31,10110024FARIASG,2025-12-15,108711,1,2,0,39.0
10110024FARIASG_2025-12-15_G32,10110024FARIASG,2025-12-15,111532,1,2,0,108.0
10110024FARIASG_2025-12-15_G33,10110024FARIASG,2025-12-15,111466,1,1,0,311.0
10110024FARIASG_2025-12-15_G34,10110024FARIASG,2025-12-15,111418,1,14,0,316.0
10110024FARIASG_2025-12-15_G35,10110024FARIASG,2025-12-15,117841,1,2,0,51.0
10110024FARIASG_2025-12-15_G36,10110024FARIASG,2025-12-15,117831,1,13,0,329.0
10110024FARIASG_2025-12-15_G37,10110024FARIASG,2025-12-15,107236,1,6,0,85.0
10110024FARIASG_2025-12-15_G38,10110024FARIASG,2025-12-15,118140,1,6,0,53.0
10110024FARIASG_2025-12-15_G39,10110024FARIASG,2025-12-15,117787,1,2,0,91.0
10110024FARIASG_2025-12-15_G40,10110024FARIASG,2025-12-15,110740,1,2,0,58.0
10110024FARIASG_2025-12-15_G41,10110024FARIASG,2025-12-15,141457,1,12,0,155.0
10110024FARIASG_2025-12-15_G42,10110024FARIASG,2025-12-15,111468,1,2,0,187.0
10110024FARIASG_2025-12-15_G43,10110024FARIASG,2025-12-15,111443,1,2,0,33.0
10110024FARIASG_2025-12-16_G02,10110024FARIASG,2025-12-16,111439,1,100,0,858.0
10110024FARIASG_2025-12-16_G03,10110024FARIASG,2025-12-16,110745,1,64,0,451.0
10110024FARIASG_2025-12-16_G04,10110024FARIASG,2025-12-16,111443,1,50,0,559.0
10110024FARIASG_2025-12-16_G05,10110024FARIASG,2025-12-16,110745,1,120,0,915.0
10110024FARIASG_2025-12-16_G06,10110024FARIASG,2025-12-16,111441,1,4,0,663.0
10110024FARIASG_2025-12-16_G07,10110024FARIASG,2025-12-16,117835,1,12,0,917.0
10110024FARIASG_2025-12-16_G08,10110024FARIASG,2025-12-16,111569,1,11,0,391.0
10110024FARIASG_2025-12-16_G09,10110024FARIASG,2025-12-16,141916,1,3,0,108.0
10110024FARIASG_2025-12-16_G10,10110024FARIASG,2025-12-16,160057,1,1,0,103.0
10110024FARIASG_2025-12-16_G11,10110024FARIASG,2025-12-16,110747,1,2,0,87.0
10110024FARIASG_2025-12-16_G12,10110024FARIASG,2025-12-16,109471,1,3,0,172.0
10110024FARIASG_2025-12-16_G13,10110024FARIASG,2025-12-16,111876,1,2,0,291.0
10110024FARIASG_2025-12-16_G14,10110024FARIASG,2025-12-16,111876,1,2,0,48.0
10110024FARIASG_2025-12-16_G15,10110024FARIASG,2025-12-16,111876,1,4,0,59.0
10110024FARIASG_2025-12-16_G16,10110024FARIASG,2025-12-16,117856,1,11,0,331.0
10110024FARIASG_2025-12-16_G17,10110024FARIASG,2025-12-16,118222,1,41,0,324.0
10110024FARIASG_2025-12-16_G18,10110024FARIASG,2025-12-16,111602,1,4,0,159.0
10110024FARIASG_2025-12-16_G19,10110024FARIASG,2025-12-16,117853,1,11,0,360.0
10110024FARIASG_2025-12-16_G20,10110024FARIASG,2025-12-16,111530,1,13,0,126.0
10110024FARIASG_2025-12-16_G21,10110024FARIASG,2025-12-16,117855,1,11,0,243.0
10110024FARIASG_2025-12-16_G22,10110024FARIASG,2025-12-16,117862,1,8,0,141.0
10110024FARIASG_2025-12-16_G23,10110024FARIASG,2025-12-16,140923,1,28,0,604.0
10110024FARIASG_2025-12-16_G24,10110024FARIASG,2025-12-16,111530,1,30,0,215.0
10110024FARIASG_2025-12-16_G25,10110024FARIASG,2025-12-16,117855,1,12,0,1105.0
10110024FARIASG_2025-12-16_G26,10110024FARIASG,2025-12-16,117862,1,26,0,234.0
10110024FARIASG_2025-12-16_G27,10110024FARIASG,2025-12-16,117862,1,14,0,35.0
10110024FARIASG_2025-12-16_G28,10110024FARIASG,2025-12-16,117862,1,33,0,46.0
10110024FARIASG_2025-12-16_G29,10110024FARIASG,2025-12-16,160054,1,8,0,569.0
10110024FARIASG_2025-12-16_G30,10110024FARIASG,2025-12-16,141997,1,2,0,710.0
10110024FARIASG_2025-12-16_G31,10110024FARIASG,2025-12-16,110895,1,8,0,222.0
10110024FARIASG_2025-12-16_G32,10110024FARIASG,2025-12-16,110092,1,1,0,167.0
10110024FARIASG_2025-12-16_G33,10110024FARIASG,2025-12-16,118094,1,2,0,146.0
10110024FARIASG_2025-12-16_G34,10110024FARIASG,2025-12-16,117935,1,1,0,56.0
10110024FARIASG_2025-12-16_G35,10110024FARIASG,2025-12-16,140923,1,2,0,103.0
10110024FARIASG_2025-12-16_G36,10110024FARIASG,2025-12-16,117856,1,4,0,60.0
10110024FARIASG_2025-12-16_G37,10110024FARIASG,2025-12-16,141047,1,4,0,280.0
10110024FARIASG_2025-12-16_G38,10110024FARIASG,2025-12-16,107629,1,2,0,65.0
10110024FARIASG_2025-12-16_G39,10110024FARIASG,2025-12-16,111530,1,5,0,59.0
10110024FARIASG_2025-12-16_G40,10110024FARIASG,2025-12-16,117855,1,6,0,106.0
10110024FARIASG_2025-12-16_G41,10110024FARIASG,2025-12-16,110711,1,4,0,110.0
10110024FARIASG_2025-12-16_G42,10110024FARIASG,2025-12-16,111172,1,3,0,307.0
10110024FARIASG_2025-12-16_G43,10110024FARIASG,2025-12-16,108795,1,3,0,66.0
10110024FARIASG_2025-12-16_G44,10110024FARIASG,2025-12-16,111463,1,8,0,70.0
10110024FARIASG_2025-12-16_G45,10110024FARIASG,2025-12-16,140922,1,4,0,65.0
10110024FARIASG_2025-12-16_G46,10110024FARIASG,2025-12-16,111418,1,2,0,42.0
10110024FARIASG_2025-12-16_G47,10110024FARIASG,2025-12-16,111466,1,2,0,82.0
10110024FARIASG_2025-12-16_G48,10110024FARIASG,2025-12-16,108711,1,2,0,57.0
10110024FARIASG_2025-12-16_G49,10110024FARIASG,2025-12-16,108798,1,6,0,144.0
10110024FARIASG_2025-12-16_G50,10110024FARIASG,2025-12-16,107236,1,4,0,150.0
10110024FARIASG_2025-12-16_G51,10110024FARIASG,2025-12-16,110374,1,4,0,105.0
10110024FARIASG_2025-12-16_G52,10110024FARIASG,2025-12-16,110372,1,4,0,105.0
10110024FARIASG_2025-12-16_G53,10110024FARIASG,2025-12-16,110325,1,1,0,56.0
10110024FARIASG_2025-12-16_G54,10110024FARIASG,2025-12-16,141202,1,3,0,110.0
10110024FARIASG_2025-12-16_G55,10110024FARIASG,2025-12-16,118418,1,4,0,334.0
10110024FARIASG_2025-12-16_G56,10110024FARIASG,2025-12-16,111438,1,2,0,88.0
10110024FARIASG_2025-12-16_G57,10110024FARIASG,2025-12-16,110895,1,6,0,132.0
10110024FARIASG_2025-12-16_G58,10110024FARIASG,2025-12-16,141916,1,8,0,399.0
10110024FARIASG_2025-12-16_G59,10110024FARIASG,2025-12-16,110582,1,2,0,126.0
10110024FARIASG_2025-12-16_G60,10110024FARIASG,2025-12-16,140923,1,5,0,118.0
10110024FARIASG_2025-12-16_G61,10110024FARIASG,2025-12-16,111602,1,8,0,123.0
10110024FARIASG_2025-12-16_G62,10110024FARIASG,2025-12-16,117853,1,20,0,635.0
10110024FARIASG_2025-12-16_G63,10110024FARIASG,2025-12-16,111530,1,4,0,91.0
10110024FARIASG_2025-12-16_G64,10110024FARIASG,2025-12-16,110752,1,2,0,110.0
10110024FARIASG_2025-12-16_G65,10110024FARIASG,2025-12-16,110711,1,8,0,76.0
10110024FARIASG_2025-12-16_G66,10110024FARIASG,2025-12-16,111465,1,4,0,206.0
10110024FARIASG_2025-12-16_G67,10110024FARIASG,2025-12-16,111650,1,2,0,422.0
10110024FARIASG_2025-12-16_G69,10110024FARIASG,2025-12-16,111530,1,10,0,103.0
10110024FARIASG_2025-12-16_G70,10110024FARIASG,2025-12-16,111172,1,4,0,113.0
10110024FARIASG_2025-12-16_G71,10110024FARIASG,2025-12-16,117830,1,2,0,93.0
10110024FARIASG_2025-12-16_G72,10110024FARIASG,2025-12-16,118299,1,16,0,126.0
10110024FARIASG_2025-12-16_G73,10110024FARIASG,2025-12-16,111888,1,2,0,246.0
10110024FARIASG_2025-12-16_G74,10110024FARIASG,2025-12-16,118222,1,4,0,276.0
10110024FARIASG_2025-12-16_G75,10110024FARIASG,2025-12-16,141916,1,4,0,110.0
10110024FARIASG_2025-12-16_G76,10110024FARIASG,2025-12-16,111876,1,4,0,269.0
10110024FARIASG_2025-12-16_G77,10110024FARIASG,2025-12-16,111530,1,2,0,192.0
10110024FARIASG_2025-12-16_G78,10110024FARIASG,2025-12-16,109640,1,2,0,89.0
10110024FARIASG_2025-12-16_G79,10110024FARIASG,2025-12-16,109643,1,4,0,75.0
10110024FARIASG_2025-12-16_G80,10110024FARIASG,2025-12-16,118317,1,4,0,130.0
10110024FARIASG_2025-12-16_G81,10110024FARIASG,2025-12-16,140922,1,4,0,123.0
10110024FARIASG_2025-12-16_G82,10110024FARIASG,2025-12-16,109645,1,2,0,53.0
10110024FARIASG_2025-12-16_G83,10110024FARIASG,2025-12-16,141456,1,4,0,70.0
10110024FARIASG_2025-12-16_G84,10110024FARIASG,2025-12-16,109641,1,3,0,88.0
10110024FARIASG_2025-12-16_G85,10110024FARIASG,2025-12-16,117831,1,2,0,80.0
10110024FARIASG_2025-12-16_G86,10110024FARIASG,2025-12-16,111433,1,2,0,351.0
10110024FARIASG_2025-12-16_G87,10110024FARIASG,2025-12-16,117842,1,2,0,60.0
10110024FARIASG_2025-12-16_G88,10110024FARIASG,2025-12-16,110740,1,2,0,79.0
10110024FARIASG_2025-12-16_G89,10110024FARIASG,2025-12-16,141457,1,4,0,56.0
10110024FARIASG_2025-12-16_G90,10110024FARIASG,2025-12-16,118290,1,7,0,1545.0
10110024FARIASG_2025-12-16_G91,10110024FARIASG,2025-12-16,118290,1,4,0,47.0
10110024FARIASG_2025-12-16_G92,10110024FARIASG,2025-12-16,117853,1,8,0,117.0
10110024FARIASG_2025-12-16_G93,10110024FARIASG,2025-12-16,111530,1,12,0,117.0
10110024FARIASG_2025-12-16_G94,10110024FARIASG,2025-12-16,111462,1,4,0,131.0
10110024FARIASG_2025-12-16_G95,10110024FARIASG,2025-12-16,117832,1,4,0,112.0
10110024FARIASG_2025-12-16_G96,10110024FARIASG,2025-12-16,117808,1,146,0,598.0
10110024FARIASG_2025-12-16_G97,10110024FARIASG,2025-12-16,110711,1,8,0,368.0
10110024FARIASG_2025-12-16_G98,10110024FARIASG,2025-12-16,141823,1,12,0,172.0
10110024FARIASG_2025-12-16_G99,10110024FARIASG,2025-12-16,118140,1,16,0,269.0
10110024FARIASG_2025-12-16_G100,10110024FARIASG,2025-12-16,111602,1,20,0,661.0
10110024FARIASG_2025-12-16_G101,10110024FARIASG,2025-12-16,110711,1,8,0,120.0
10110024FARIASG_2025-12-17_G02,10110024FARIASG,2025-12-17,111530,1,17,0,242.0
10110024FARIASG_2025-12-17_G03,10110024FARIASG,2025-12-17,117862,1,5,0,117.0
10110024FARIASG_2025-12-17_G04,10110024FARIASG,2025-12-17,117862,1,4,0,32.0
10110024FARIASG_2025-12-17_G05,10110024FARIASG,2025-12-17,110371,1,30,0,727.0
10110024FARIASG_2025-12-17_G06,10110024FARIASG,2025-12-17,111466,1,8,0,202.0
10110024FARIASG_2025-12-17_G07,10110024FARIASG,2025-12-17,110372,1,20,0,194.0
10110024FARIASG_2025-12-17_G08,10110024FARIASG,2025-12-17,118222,1,8,0,927.0
10110024FARIASG_2025-12-17_G09,10110024FARIASG,2025-12-17,111569,1,8,0,159.0
10110024FARIASG_2025-12-17_G10,10110024FARIASG,2025-12-17,117834,1,4,0,101.0
10110024FARIASG_2025-12-17_G11,10110024FARIASG,2025-12-17,110755,1,2,0,234.0
10110024FARIASG_2025-12-17_G12,10110024FARIASG,2025-12-17,118094,1,10,0,559.0
10110024FARIASG_2025-12-17_G13,10110024FARIASG,2025-12-17,140923,1,9,0,271.0
10110024FARIASG_2025-12-17_G14,10110024FARIASG,2025-12-17,110339,1,6,0,150.0
10110024FARIASG_2025-12-17_G15,10110024FARIASG,2025-12-17,110339,1,10,0,93.0
10110024FARIASG_2025-12-17_G16,10110024FARIASG,2025-12-17,117786,1,2,0,220.0
10110024FARIASG_2025-12-17_G17,10110024FARIASG,2025-12-17,141352,1,4,0,75.0
10110024FARIASG_2025-12-17_G18,10110024FARIASG,2025-12-17,117862,1,8,0,171.0
10110024FARIASG_2025-12-17_G19,10110024FARIASG,2025-12-17,110748,1,4,0,260.0
10110024FARIASG_2025-12-17_G20,10110024FARIASG,2025-12-17,111465,1,8,0,330.0
10110024FARIASG_2025-12-17_G21,10110024FARIASG,2025-12-17,108795,1,6,0,64.0
10110024FARIASG_2025-12-17_G22,10110024FARIASG,2025-12-17,111463,1,4,0,73.0
10110024FARIASG_2025-12-17_G23,10110024FARIASG,2025-12-17,140922,1,8,0,65.0
10110024FARIASG_2025-12-17_G24,10110024FARIASG,2025-12-17,141456,1,22,0,228.0
10110024FARIASG_2025-12-17_G25,10110024FARIASG,2025-12-17,117785,1,18,0,139.0
10110024FARIASG_2025-12-17_G26,10110024FARIASG,2025-12-17,108711,1,1,0,255.0
10110024FARIASG_2025-12-17_G27,10110024FARIASG,2025-12-17,141271,1,8,0,188.0
10110024FARIASG_2025-12-17_G28,10110024FARIASG,2025-12-17,141048,1,4,0,117.0
10110024FARIASG_2025-12-17_G29,10110024FARIASG,2025-12-17,111433,1,4,0,184.0
10110024FARIASG_2025-12-17_G30,10110024FARIASG,2025-12-17,109645,1,6,0,97.0
10110024FARIASG_2025-12-17_G31,10110024FARIASG,2025-12-17,117831,1,6,0,55.0
10110024FARIASG_2025-12-17_G32,10110024FARIASG,2025-12-17,117831,1,18,0,111.0
10110024FARIASG_2025-12-17_G33,10110024FARIASG,2025-12-17,107236,1,7,0,106.0
10110024FARIASG_2025-12-17_G34,10110024FARIASG,2025-12-17,118140,1,3,0,45.0
10110024FARIASG_2025-12-17_G35,10110024FARIASG,2025-12-17,141457,1,12,0,252.0
10110024FARIASG_2025-12-17_G36,10110024FARIASG,2025-12-17,111466,1,17,0,481.0
10110024FARIASG_2025-12-17_G37,10110024FARIASG,2025-12-17,117821,1,8,0,269.0
10110024FARIASG_2025-12-17_G38,10110024FARIASG,2025-12-17,111468,1,8,0,367.0
10110024FARIASG_2025-12-17_G39,10110024FARIASG,2025-12-17,111468,1,8,0,105.0
10110024FARIASG_2025-12-17_G40,10110024FARIASG,2025-12-17,111468,1,6,0,38.0
10110024FARIASG_2025-12-17_G41,10110024FARIASG,2025-12-17,111468,1,8,0,81.0
10110024FARIASG_2025-12-17_G42,10110024FARIASG,2025-12-17,141458,1,12,0,122.0
10110024FARIASG_2025-12-17_G43,10110024FARIASG,2025-12-17,110371,1,10,0,269.0
10110024FARIASG_2025-12-17_G44,10110024FARIASG,2025-12-17,110375,1,5,0,84.0
10110024FARIASG_2025-12-17_G45,10110024FARIASG,2025-12-17,110325,1,4,0,112.0
10110024FARIASG_2025-12-17_G46,10110024FARIASG,2025-12-17,110372,1,54,0,372.0
10110024FARIASG_2025-12-17_G48,10110024FARIASG,2025-12-17,110787,1,130,0,637.0
10110024FARIASG_2025-12-17_G49,10110024FARIASG,2025-12-17,110743,1,200,0,1674.0
10110024FARIASG_2025-12-17_G50,10110024FARIASG,2025-12-17,111722,1,100,0,1394.0
10110024FARIASG_2025-12-17_G52,10110024FARIASG,2025-12-17,117830,1,19,0,177.0
10110024FARIASG_2025-12-17_G53,10110024FARIASG,2025-12-17,117830,1,8,0,63.0
10110024FARIASG_2025-12-17_G54,10110024FARIASG,2025-12-17,108794,1,1,0,205.0
10110024FARIASG_2025-12-17_G55,10110024FARIASG,2025-12-17,111463,1,6,0,147.0
10110024FARIASG_2025-12-17_G56,10110024FARIASG,2025-12-17,117830,1,8,0,113.0
10110024FARIASG_2025-12-17_G57,10110024FARIASG,2025-12-17,117862,1,2,0,60.0
10110024FARIASG_2025-12-17_G58,10110024FARIASG,2025-12-17,110373,1,16,0,1556.0
10110024FARIASG_2025-12-17_G59,10110024FARIASG,2025-12-17,141456,1,4,0,156.0
10110024FARIASG_2025-12-17_G60,10110024FARIASG,2025-12-17,118094,1,4,0,88.0
10110024FARIASG_2025-12-17_G61,10110024FARIASG,2025-12-17,105705,1,4,0,231.0
10110024FARIASG_2025-12-17_G62,10110024FARIASG,2025-12-17,110373,2,9,29,214.0
10110024FARIASG_2025-12-17_G63,10110024FARIASG,2025-12-17,110373,1,2,0,31.0
10110024FARIASG_2025-12-17_G64,10110024FARIASG,2025-12-17,111447,1,24,0,1309.0
10110024FARIASG_2025-12-17_G65,10110024FARIASG,2025-12-17,111447,1,6,0,337.0
10110024FARIASG_2025-12-17_G66,10110024FARIASG,2025-12-17,110895,1,6,0,161.0
10110024FARIASG_2025-12-17_G67,10110024FARIASG,2025-12-17,111431,1,2,0,180.0
10110024FARIASG_2025-12-17_G68,10110024FARIASG,2025-12-17,111430,1,100,0,463.0
10110024FARIASG_2025-12-17_G69,10110024FARIASG,2025-12-17,111602,1,80,0,661.0
10110024FARIASG_2025-12-17_G70,10110024FARIASG,2025-12-17,110339,1,50,0,269.0
10110024FARIASG_2025-12-17_G71,10110024FARIASG,2025-12-17,141047,1,30,0,369.0
10110024FARIASG_2025-12-18_G02,10110024FARIASG,2025-12-18,110733,1,4,0,285.0
10110024FARIASG_2025-12-18_G03,10110024FARIASG,2025-12-18,117830,1,4,0,174.0
10110024FARIASG_2025-12-18_G04,10110024FARIASG,2025-12-18,110711,1,4,0,441.0
10110024FARIASG_2025-12-18_G05,10110024FARIASG,2025-12-18,110711,1,8,0,69.0
10110024FARIASG_2025-12-18_G06,10110024FARIASG,2025-12-18,111466,1,12,0,145.0
10110024FARIASG_2025-12-18_G07,10110024FARIASG,2025-12-18,110733,1,8,0,165.0
10110024FARIASG_2025-12-18_G08,10110024FARIASG,2025-12-18,108711,1,4,0,173.0
10110024FARIASG_2025-12-18_G09,10110024FARIASG,2025-12-18,141823,1,12,0,166.0
10110024FARIASG_2025-12-18_G10,10110024FARIASG,2025-12-18,141202,1,4,0,133.0
10110024FARIASG_2025-12-18_G11,10110024FARIASG,2025-12-18,141823,1,4,0,151.0
10110024FARIASG_2025-12-18_G12,10110024FARIASG,2025-12-18,110373,1,106,0,341.0
10110024FARIASG_2025-12-18_G13,10110024FARIASG,2025-12-18,117835,1,4,0,357.0
10110024FARIASG_2025-12-18_G14,10110024FARIASG,2025-12-18,111430,1,10,0,712.0
10110024FARIASG_2025-12-18_G15,10110024FARIASG,2025-12-18,100334,1,2,0,129.0
10110024FARIASG_2025-12-18_G16,10110024FARIASG,2025-12-18,141313,1,4,0,154.0
10110024FARIASG_2025-12-18_G17,10110024FARIASG,2025-12-18,111602,1,10,0,188.0
10110024FARIASG_2025-12-18_G18,10110024FARIASG,2025-12-18,111530,1,4,0,109.0
10110024FARIASG_2025-12-18_G19,10110024FARIASG,2025-12-18,110752,1,2,0,102.0
10110024FARIASG_2025-12-18_G20,10110024FARIASG,2025-12-18,116241,1,4,0,177.0
10110024FARIASG_2025-12-18_G21,10110024FARIASG,2025-12-18,160052,1,1,0,206.0
10110024FARIASG_2025-12-18_G22,10110024FARIASG,2025-12-18,117831,1,4,0,117.0
10110024FARIASG_2025-12-18_G23,10110024FARIASG,2025-12-18,118140,1,8,0,182.0
10110024FARIASG_2025-12-18_G24,10110024FARIASG,2025-12-18,117821,1,8,0,145.0
10110024FARIASG_2025-12-18_G25,10110024FARIASG,2025-12-18,117835,1,19,0,961.0
10110024FARIASG_2025-12-18_G26,10110024FARIASG,2025-12-18,140923,1,2,0,111.0
10110024FARIASG_2025-12-18_G27,10110024FARIASG,2025-12-18,117856,1,2,0,87.0
10110024FARIASG_2025-12-18_G28,10110024FARIASG,2025-12-18,117862,1,4,0,155.0
10110024FARIASG_2025-12-18_G29,10110024FARIASG,2025-12-18,117862,1,1,0,32.0
10110024FARIASG_2025-12-18_G30,10110024FARIASG,2025-12-18,111463,1,5,0,114.0
10110024FARIASG_2025-12-18_G31,10110024FARIASG,2025-12-18,140922,1,3,0,79.0
10110024FARIASG_2025-12-18_G32,10110024FARIASG,2025-12-18,117785,1,14,0,120.0
10110024FARIASG_2025-12-18_G33,10110024FARIASG,2025-12-18,118140,1,4,0,114.0
10110024FARIASG_2025-12-18_G34,10110024FARIASG,2025-12-18,117821,1,3,0,130.0
10110024FARIASG_2025-12-18_G35,10110024FARIASG,2025-12-18,110374,1,11,0,517.0
10110024FARIASG_2025-12-18_G36,10110024FARIASG,2025-12-18,110325,1,8,0,151.0
10110024FARIASG_2025-12-18_G37,10110024FARIASG,2025-12-18,117830,1,20,0,251.0
10110024FARIASG_2025-12-18_G38,10110024FARIASG,2025-12-18,118290,1,3,0,456.0
10110024FARIASG_2025-12-18_G39,10110024FARIASG,2025-12-18,111569,1,4,0,1844.0
10110024FARIASG_2025-12-18_G40,10110024FARIASG,2025-12-18,117935,1,4,0,67.0
10110024FARIASG_2025-12-18_G41,10110024FARIASG,2025-12-18,140923,1,10,0,94.0
10110024FARIASG_2025-12-18_G42,10110024FARIASG,2025-12-18,110454,1,1,0,85.0
10110024FARIASG_2025-12-18_G43,10110024FARIASG,2025-12-18,111530,1,10,0,150.0
10110024FARIASG_2025-12-18_G44,10110024FARIASG,2025-12-18,117786,1,4,0,54.0
10110024FARIASG_2025-12-18_G45,10110024FARIASG,2025-12-18,110339,1,2,0,41.0
10110024FARIASG_2025-12-18_G46,10110024FARIASG,2025-12-18,111353,1,2,0,61.0
10110024FARIASG_2025-12-18_G47,10110024FARIASG,2025-12-18,141318,1,4,0,188.0
10110024FARIASG_2025-12-18_G48,10110024FARIASG,2025-12-18,118290,1,1,0,73.0
10110024FARIASG_2025-12-18_G49,10110024FARIASG,2025-12-18,111467,1,1,0,52.0
10110024FARIASG_2025-12-18_G50,10110024FARIASG,2025-12-18,117837,1,4,0,91.0
10110024FARIASG_2025-12-18_G51,10110024FARIASG,2025-12-18,111466,1,5,0,177.0
10110024FARIASG_2025-12-18_G52,10110024FARIASG,2025-12-18,117808,1,6,0,149.0
10110024FARIASG_2025-12-18_G53,10110024FARIASG,2025-12-18,111463,1,4,0,347.0
10110024FARIASG_2025-12-18_G54,10110024FARIASG,2025-12-18,140922,1,8,0,75.0
10110024FARIASG_2025-12-18_G55,10110024FARIASG,2025-12-18,141456,1,6,0,68.0
10110024FARIASG_2025-12-18_G56,10110024FARIASG,2025-12-18,108711,1,1,0,206.0
10110024FARIASG_2025-12-18_G57,10110024FARIASG,2025-12-18,110372,1,5,0,159.0
10110024FARIASG_2025-12-18_G58,10110024FARIASG,2025-12-18,110371,1,4,0,85.0
10110024FARIASG_2025-12-18_G59,10110024FARIASG,2025-12-18,117830,1,10,0,120.0
10110024FARIASG_2025-12-18_G60,10110024FARIASG,2025-12-18,117830,1,8,0,65.0
10110024FARIASG_2025-12-18_G61,10110024FARIASG,2025-12-18,141271,1,2,0,77.0
10110024FARIASG_2025-12-18_G62,10110024FARIASG,2025-12-18,118299,1,23,0,660.0
10110024FARIASG_2025-12-18_G63,10110024FARIASG,2025-12-18,110129,1,8,0,466.0
10110024FARIASG_2025-12-18_G64,10110024FARIASG,2025-12-18,110129,1,2,0,912.0
10110024FARIASG_2025-12-18_G65,10110024FARIASG,2025-12-18,117809,1,40,0,566.0
10110024FARIASG_2025-12-18_G66,10110024FARIASG,2025-12-18,117830,1,20,0,379.0
10110024FARIASG_2025-12-18_G67,10110024FARIASG,2025-12-18,117830,1,7,0,45.0
10110024FARIASG_2025-12-18_G68,10110024FARIASG,2025-12-18,110373,1,8,0,702.0
10110024FARIASG_2025-12-18_G69,10110024FARIASG,2025-12-18,110373,1,14,0,50.0
10110024FARIASG_2025-12-18_G70,10110024FARIASG,2025-12-18,110373,1,19,0,77.0
10110024FARIASG_2025-12-18_G71,10110024FARIASG,2025-12-18,110373,1,6,0,34.0
10110024FARIASG_2025-12-18_G73,10110024FARIASG,2025-12-18,111172,1,4,0,110.0
10110024FARIASG_2025-12-18_G74,10110024FARIASG,2025-12-18,111418,1,62,0,332.0
10110024FARIASG_2025-12-18_G75,10110024FARIASG,2025-12-18,110743,1,8,0,326.0
10110024FARIASG_2025-12-18_G76,10110024FARIASG,2025-12-18,111532,1,28,0,371.0
10110024FARIASG_2025-12-18_G77,10110024FARIASG,2025-12-18,117831,1,8,0,167.0
10110024FARIASG_2025-12-18_G78,10110024FARIASG,2025-12-18,118140,1,20,0,157.0
10110024FARIASG_2025-12-18_G79,10110024FARIASG,2025-12-18,118140,1,120,0,464.0
10110024FARIASG_2025-12-18_G80,10110024FARIASG,2025-12-18,141457,1,36,0,269.0
10110024FARIASG_2025-12-18_G81,10110024FARIASG,2025-12-18,117862,1,74,0,901.0
10110024FARIASG_2025-12-18_G82,10110024FARIASG,2025-12-18,111876,1,3,0,209.0
10110024FARIASG_2025-12-18_G83,10110024FARIASG,2025-12-18,117862,1,6,0,607.0
10110024FARIASG_2025-12-18_G84,10110024FARIASG,2025-12-18,110373,1,9,0,177.0
10110024FARIASG_2025-12-18_G85,10110024FARIASG,2025-12-18,117830,1,33,0,271.0
10110024FARIASG_2025-12-18_G86,10110024FARIASG,2025-12-18,110373,1,10,0,143.0
10110024FARIASG_2025-12-18_G87,10110024FARIASG,2025-12-18,110373,1,2,0,47.0
10110024FARIASG_2025-12-18_G88,10110024FARIASG,2025-12-18,110373,1,28,0,604.0
10110024FARIASG_2025-12-19_G02,10110024FARIASG,2025-12-19,100334,1,12,0,222.0
10110024FARIASG_2025-12-19_G03,10110024FARIASG,2025-12-19,110339,1,4,0,146.0
10110024FARIASG_2025-12-19_G04,10110024FARIASG,2025-12-19,109640,1,10,0,222.0
10110024FARIASG_2025-12-19_G05,10110024FARIASG,2025-12-19,109640,1,2,0,42.0
10110024FARIASG_2025-12-19_G06,10110024FARIASG,2025-12-19,117830,1,8,0,156.0
10110024FARIASG_2025-12-19_G07,10110024FARIASG,2025-12-19,117830,1,10,0,110.0
10110024FARIASG_2025-12-19_G08,10110024FARIASG,2025-12-19,110373,1,2,0,120.0
10110024FARIASG_2025-12-19_G09,10110024FARIASG,2025-12-19,110373,1,20,0,340.0
10110024FARIASG_2025-12-19_G10,10110024FARIASG,2025-12-19,118222,1,7,0,453.0
10110024FARIASG_2025-12-19_G11,10110024FARIASG,2025-12-19,140923,1,4,0,120.0
10110024FARIASG_2025-12-19_G12,10110024FARIASG,2025-12-19,111463,1,11,0,107.0
10110024FARIASG_2025-12-19_G13,10110024FARIASG,2025-12-19,110372,1,7,0,74.0
10110024FARIASG_2025-12-19_G14,10110024FARIASG,2025-12-19,117830,1,2,0,132.0
10110024FARIASG_2025-12-19_G15,10110024FARIASG,2025-12-19,117830,1,2,0,33.0
10110024FARIASG_2025-12-19_G16,10110024FARIASG,2025-12-19,111532,1,34,0,475.0
10110024FARIASG_2025-12-19_G17,10110024FARIASG,2025-12-19,110373,1,11,0,144.0
10110024FARIASG_2025-12-19_G18,10110024FARIASG,2025-12-19,117830,1,45,0,632.0
10110024FARIASG_2025-12-19_G19,10110024FARIASG,2025-12-19,109640,1,10,0,202.0
10110024FARIASG_2025-12-19_G20,10110024FARIASG,2025-12-19,108770,1,27,0,895.0
10110024FARIASG_2025-12-19_G21,10110024FARIASG,2025-12-19,140956,1,4,0,151.0
10110024FARIASG_2025-12-19_G22,10110024FARIASG,2025-12-19,117835,1,3,0,76.0
10110024FARIASG_2025-12-19_G23,10110024FARIASG,2025-12-19,117835,1,12,0,131.0
10110024FARIASG_2025-12-19_G24,10110024FARIASG,2025-12-19,118222,1,49,0,728.0
10110024FARIASG_2025-12-19_G25,10110024FARIASG,2025-12-19,118222,1,23,0,240.0
10110024FARIASG_2025-12-19_G26,10110024FARIASG,2025-12-19,111436,1,4,0,263.0
10110024FARIASG_2025-12-19_G27,10110024FARIASG,2025-12-19,111655,1,3,0,113.0
10110024FARIASG_2025-12-19_G28,10110024FARIASG,2025-12-19,110755,1,2,0,101.0
10110024FARIASG_2025-12-19_G29,10110024FARIASG,2025-12-19,116527,1,7,0,142.0
10110024FARIASG_2025-12-19_G30,10110024FARIASG,2025-12-19,141916,1,3,0,170.0
10110024FARIASG_2025-12-19_G31,10110024FARIASG,2025-12-19,100334,1,9,0,289.0
10110024FARIASG_2025-12-19_G32,10110024FARIASG,2025-12-19,109471,1,1,0,237.0
10110024FARIASG_2025-12-19_G33,10110024FARIASG,2025-12-19,110749,1,1,0,51.0
10110024FARIASG_2025-12-19_G34,10110024FARIASG,2025-12-19,110747,2,25,23,288.0
10110024FARIASG_2025-12-19_G35,10110024FARIASG,2025-12-19,110747,1,5,0,47.0
10110024FARIASG_2025-12-19_G36,10110024FARIASG,2025-12-19,108795,1,3,0,433.0
10110024FARIASG_2025-12-19_G37,10110024FARIASG,2025-12-19,111463,1,184,0,477.0
10110024FARIASG_2025-12-19_G38,10110024FARIASG,2025-12-19,116241,1,6,0,189.0
10110024FARIASG_2025-12-19_G39,10110024FARIASG,2025-12-19,141456,1,56,0,536.0
10110024FARIASG_2025-12-19_G40,10110024FARIASG,2025-12-19,108711,1,27,0,341.0
10110024FARIASG_2025-12-19_G41,10110024FARIASG,2025-12-19,111435,1,18,0,60.0
10110024FARIASG_2025-12-19_G42,10110024FARIASG,2025-12-19,111433,1,4,0,90.0
10110024FARIASG_2025-12-19_G43,10110024FARIASG,2025-12-19,117842,1,2,0,279.0
10110024FARIASG_2025-12-19_G44,10110024FARIASG,2025-12-19,105705,1,9,0,153.0
10110024FARIASG_2025-12-19_G45,10110024FARIASG,2025-12-19,110745,1,22,0,204.0
10110024FARIASG_2025-12-19_G46,10110024FARIASG,2025-12-19,107236,1,8,0,191.0
10110024FARIASG_2025-12-19_G47,10110024FARIASG,2025-12-19,141457,1,26,0,201.0
10110024FARIASG_2025-12-19_G48,10110024FARIASG,2025-12-19,111466,1,9,0,378.0
10110024FARIASG_2025-12-19_G49,10110024FARIASG,2025-12-19,141458,1,16,0,148.0
10110024FARIASG_2025-12-19_G50,10110024FARIASG,2025-12-19,110375,1,48,0,368.0
10110024FARIASG_2025-12-19_G51,10110024FARIASG,2025-12-19,109643,1,16,0,232.0
10110024FARIASG_2025-12-19_G52,10110024FARIASG,2025-12-19,110374,1,3,0,97.0
10110024FARIASG_2025-12-19_G53,10110024FARIASG,2025-12-19,110374,1,94,0,544.0
10110024FARIASG_2025-12-19_G54,10110024FARIASG,2025-12-19,117809,1,73,0,333.0
10110024FARIASG_2025-12-20_G02,10110024FARIASG,2025-12-20,118317,1,39,0,1018.0
10110024FARIASG_2025-12-20_G03,10110024FARIASG,2025-12-20,111438,1,2,0,1437.0
10110024FARIASG_2025-12-20_G04,10110024FARIASG,2025-12-20,105705,1,4,0,147.0
10110024FARIASG_2025-12-20_G05,10110024FARIASG,2025-12-20,111469,1,4,0,102.0
10110024FARIASG_2025-12-20_G06,10110024FARIASG,2025-12-20,117820,1,6,0,219.0
10110024FARIASG_2025-12-20_G07,10110024FARIASG,2025-12-20,117820,1,12,0,72.0
10110024FARIASG_2025-12-20_G08,10110024FARIASG,2025-12-20,117820,1,8,0,65.0
10110024FARIASG_2025-12-20_G09,10110024FARIASG,2025-12-20,117820,1,4,0,36.0
10110024FARIASG_2025-12-20_G10,10110024FARIASG,2025-12-20,108771,1,1,0,209.0
10110024FARIASG_2025-12-20_G11,10110024FARIASG,2025-12-20,108771,1,2,0,39.0
10110024FARIASG_2025-12-20_G12,10110024FARIASG,2025-12-20,111438,1,4,0,430.0
10110024FARIASG_2025-12-20_G13,10110024FARIASG,2025-12-20,110895,1,11,0,153.0
10110024FARIASG_2025-12-20_G14,10110024FARIASG,2025-12-20,118253,1,1,0,69.0
10110024FARIASG_2025-12-20_G15,10110024FARIASG,2025-12-20,110755,1,8,0,363.0
10110024FARIASG_2025-12-20_G16,10110024FARIASG,2025-12-20,117935,1,3,0,128.0
10110024FARIASG_2025-12-20_G17,10110024FARIASG,2025-12-20,140923,1,7,0,107.0
10110024FARIASG_2025-12-20_G18,10110024FARIASG,2025-12-20,110741,1,6,0,86.0
10110024FARIASG_2025-12-20_G19,10110024FARIASG,2025-12-20,118298,1,2,0,147.0
10110024FARIASG_2025-12-20_G20,10110024FARIASG,2025-12-20,141047,1,4,0,115.0
10110024FARIASG_2025-12-20_G21,10110024FARIASG,2025-12-20,117862,1,6,0,92.0
10110024FARIASG_2025-12-20_G22,10110024FARIASG,2025-12-20,110711,1,4,0,117.0
10110024FARIASG_2025-12-20_G23,10110024FARIASG,2025-12-20,111446,1,2,0,206.0
10110024FARIASG_2025-12-20_G24,10110024FARIASG,2025-12-20,111463,1,20,0,359.0
10110024FARIASG_2025-12-20_G25,10110024FARIASG,2025-12-20,117785,1,20,0,379.0
10110024FARIASG_2025-12-20_G26,10110024FARIASG,2025-12-20,110372,1,20,0,305.0
10110024FARIASG_2025-12-20_G27,10110024FARIASG,2025-12-20,117809,1,3,0,59.0
10110024FARIASG_2025-12-20_G28,10110024FARIASG,2025-12-20,117809,1,3,0,47.0
10110024FARIASG_2025-12-20_G29,10110024FARIASG,2025-12-20,111466,1,12,0,295.0
10110024FARIASG_2025-12-20_G30,10110024FARIASG,2025-12-20,117821,1,20,0,458.0
10110024FARIASG_2025-12-20_G31,10110024FARIASG,2025-12-20,110374,1,9,0,581.0
10110024FARIASG_2025-12-20_G32,10110024FARIASG,2025-12-20,110711,1,8,0,799.0
10110024FARIASG_2025-12-20_G33,10110024FARIASG,2025-12-20,141823,1,4,0,339.0
10110024FARIASG_2025-12-20_G34,10110024FARIASG,2025-12-20,111441,1,4,0,132.0
10110024FARIASG_2025-12-20_G35,10110024FARIASG,2025-12-20,111469,1,4,0,122.0
10110024FARIASG_2025-12-20_G36,10110024FARIASG,2025-12-20,110372,1,8,0,346.0
10110024FARIASG_2025-12-20_G37,10110024FARIASG,2025-12-20,117830,1,8,0,136.0
10110024FARIASG_2025-12-20_G38,10110024FARIASG,2025-12-20,118299,1,4,0,95.0
10110024FARIASG_2025-12-20_G39,10110024FARIASG,2025-12-20,117808,1,20,0,137.0
10110024FARIASG_2025-12-20_G40,10110024FARIASG,2025-12-20,141202,1,1,0,59.0
10110024FARIASG_2025-12-20_G41,10110024FARIASG,2025-12-20,108795,1,2,0,106.0
10110024FARIASG_2025-12-20_G42,10110024FARIASG,2025-12-20,140922,1,2,0,41.0
10110024FARIASG_2025-12-20_G43,10110024FARIASG,2025-12-20,111418,1,4,0,81.0
10110024FARIASG_2025-12-20_G44,10110024FARIASG,2025-12-20,111418,1,6,0,115.0
10110024FARIASG_2025-12-20_G45,10110024FARIASG,2025-12-20,117785,1,4,0,85.0
10110024FARIASG_2025-12-20_G46,10110024FARIASG,2025-12-20,141823,1,2,0,87.0
10110024FARIASG_2025-12-20_G47,10110024FARIASG,2025-12-20,109641,1,4,0,79.0
10110024FARIASG_2025-12-20_G48,10110024FARIASG,2025-12-20,111469,1,4,0,248.0
10110024FARIASG_2025-12-20_G49,10110024FARIASG,2025-12-20,141457,1,4,0,212.0
10110024FARIASG_2025-12-20_G50,10110024FARIASG,2025-12-20,118317,1,3,0,72.0
10110024FARIASG_2025-12-20_G51,10110024FARIASG,2025-12-20,118317,1,1,0,38.0
10110024FARIASG_2025-12-20_G52,10110024FARIASG,2025-12-20,110372,1,12,0,596.0
10110024FARIASG_2025-12-20_G53,10110024FARIASG,2025-12-20,110372,1,8,0,245.0
10110024FARIASG_2025-12-20_G54,10110024FARIASG,2025-12-20,110372,1,4,0,33.0
10110024FARIASG_2025-12-20_G55,10110024FARIASG,2025-12-20,110372,2,20,26,56.0
10110024FARIASG_2025-12-20_G56,10110024FARIASG,2025-12-20,117809,1,2,0,94.0
10110024FARIASG_2025-12-20_G57,10110024FARIASG,2025-12-20,117822,1,2,0,127.0
10110024FARIASG_2025-12-20_G58,10110024FARIASG,2025-12-20,110371,1,6,0,71.0
10110024FARIASG_2025-12-20_G59,10110024FARIASG,2025-12-20,110371,1,2,0,65.0
10110024FARIASG_2025-12-20_G60,10110024FARIASG,2025-12-20,109643,1,40,0,447.0
10110024FARIASG_2025-12-20_G61,10110024FARIASG,2025-12-20,110325,1,2,0,546.0
10110024FARIASG_2025-12-20_G62,10110024FARIASG,2025-12-20,117808,1,4,0,71.0
10110024FARIASG_2025-12-20_G63,10110024FARIASG,2025-12-20,117808,1,12,0,64.0
10110024FARIASG_2025-12-20_G64,10110024FARIASG,2025-12-20,117808,1,12,0,70.0
10110024FARIASG_2025-12-20_G65,10110024FARIASG,2025-12-20,117808,1,8,0,55.0
10110024FARIASG_2025-12-20_G66,10110024FARIASG,2025-12-20,110372,1,8,0,713.0
10110024FARIASG_2025-12-20_G67,10110024FARIASG,2025-12-20,110374,1,4,0,335.0
10110024FARIASG_2025-12-20_G68,10110024FARIASG,2025-12-20,110374,1,8,0,59.0
10110024FARIASG_2025-12-20_G70,10110024FARIASG,2025-12-20,111463,1,4,0,822.0
10110024FARIASG_2025-12-20_G71,10110024FARIASG,2025-12-20,105705,1,4,0,102.0
10110024FARIASG_2025-12-20_G72,10110024FARIASG,2025-12-20,105705,1,4,0,51.0
10110024FARIASG_2025-12-20_G73,10110024FARIASG,2025-12-20,105705,1,2,0,40.0
10110024FARIASG_2025-12-20_G74,10110024FARIASG,2025-12-20,105705,1,4,0,41.0
10110024FARIASG_2025-12-20_G75,10110024FARIASG,2025-12-20,110740,1,4,0,124.0
10110024FARIASG_2025-12-20_G76,10110024FARIASG,2025-12-20,118317,1,3,0,51.0
10110024FARIASG_2025-12-20_G77,10110024FARIASG,2025-12-20,117821,1,2,0,67.0
10110024FARIASG_2025-12-20_G78,10110024FARIASG,2025-12-20,111466,1,2,0,63.0
10110024FARIASG_2025-12-20_G79,10110024FARIASG,2025-12-20,111466,1,100,0,232.0
10110024FARIASG_2025-12-22_G02,10110024FARIASG,2025-12-22,140911,1,6,0,199.0
10110024FARIASG_2025-12-22_G03,10110024FARIASG,2025-12-22,111602,1,32,0,581.0
10110024FARIASG_2025-12-22_G04,10110024FARIASG,2025-12-22,111602,1,20,0,207.0
10110024FARIASG_2025-12-22_G05,10110024FARIASG,2025-12-22,108770,1,4,0,356.0
10110024FARIASG_2025-12-22_G06,10110024FARIASG,2025-12-22,111569,1,6,0,156.0
10110024FARIASG_2025-12-22_G07,10110024FARIASG,2025-12-22,111602,1,16,0,361.0
10110024FARIASG_2025-12-22_G08,10110024FARIASG,2025-12-22,118222,1,1,0,139.0
10110024FARIASG_2025-12-22_G09,10110024FARIASG,2025-12-22,110895,1,8,0,126.0
10110024FARIASG_2025-12-22_G10,10110024FARIASG,2025-12-22,110895,1,8,0,62.0
10110024FARIASG_2025-12-22_G11,10110024FARIASG,2025-12-22,141318,1,1,0,99.0
10110024FARIASG_2025-12-22_G12,10110024FARIASG,2025-12-22,118094,1,7,0,222.0
10110024FARIASG_2025-12-22_G13,10110024FARIASG,2025-12-22,111876,1,3,0,63.0
10110024FARIASG_2025-12-22_G14,10110024FARIASG,2025-12-22,110747,1,17,0,455.0
10110024FARIASG_2025-12-22_G15,10110024FARIASG,2025-12-22,140923,1,12,0,269.0
10110024FARIASG_2025-12-22_G16,10110024FARIASG,2025-12-22,110741,1,7,0,118.0
10110024FARIASG_2025-12-22_G17,10110024FARIASG,2025-12-22,107629,1,7,0,137.0
10110024FARIASG_2025-12-22_G18,10110024FARIASG,2025-12-22,117786,1,10,0,140.0
10110024FARIASG_2025-12-22_G19,10110024FARIASG,2025-12-22,110339,1,5,0,95.0
10110024FARIASG_2025-12-22_G20,10110024FARIASG,2025-12-22,117856,1,22,0,464.0
10110024FARIASG_2025-12-22_G21,10110024FARIASG,2025-12-22,111602,1,18,0,290.0
10110024FARIASG_2025-12-22_G22,10110024FARIASG,2025-12-22,110711,1,5,0,236.0
10110024FARIASG_2025-12-22_G23,10110024FARIASG,2025-12-22,117837,1,14,0,146.0
10110024FARIASG_2025-12-22_G24,10110024FARIASG,2025-12-22,111530,1,16,0,375.0
10110024FARIASG_2025-12-22_G25,10110024FARIASG,2025-12-22,108795,1,9,0,423.0
10110024FARIASG_2025-12-22_G26,10110024FARIASG,2025-12-22,140922,1,22,0,389.0
10110024FARIASG_2025-12-22_G27,10110024FARIASG,2025-12-22,110743,1,13,0,188.0
10110024FARIASG_2025-12-22_G28,10110024FARIASG,2025-12-22,111743,1,4,0,86.0
10110024FARIASG_2025-12-22_G29,10110024FARIASG,2025-12-22,111463,1,16,0,406.0
10110024FARIASG_2025-12-22_G30,10110024FARIASG,2025-12-22,109645,1,4,0,99.0
10110024FARIASG_2025-12-22_G31,10110024FARIASG,2025-12-22,111469,1,1,0,60.0
10110024FARIASG_2025-12-22_G32,10110024FARIASG,2025-12-22,117831,1,4,0,53.0
10110024FARIASG_2025-12-22_G33,10110024FARIASG,2025-12-22,108711,1,8,0,94.0
10110024FARIASG_2025-12-22_G34,10110024FARIASG,2025-12-22,110740,1,25,0,221.0
10110024FARIASG_2025-12-22_G35,10110024FARIASG,2025-12-22,141457,1,3,0,52.0
10110024FARIASG_2025-12-22_G36,10110024FARIASG,2025-12-22,141457,1,5,0,62.0
10110024FARIASG_2025-12-22_G37,10110024FARIASG,2025-12-22,141457,1,35,0,481.0
10110024FARIASG_2025-12-22_G38,10110024FARIASG,2025-12-22,111443,1,1,0,74.0
10110024FARIASG_2025-12-22_G39,10110024FARIASG,2025-12-22,111466,1,19,0,361.0
10110024FARIASG_2025-12-22_G40,10110024FARIASG,2025-12-22,117821,1,1,0,49.0
10110024FARIASG_2025-12-22_G41,10110024FARIASG,2025-12-22,141456,1,6,0,110.0
10110024FARIASG_2025-12-22_G42,10110024FARIASG,2025-12-22,111468,1,20,0,187.0
10110024FARIASG_2025-12-22_G43,10110024FARIASG,2025-12-22,141458,1,7,0,94.0
10110024FARIASG_2025-12-22_G44,10110024FARIASG,2025-12-22,118222,1,3,0,1126.0
10110024FARIASG_2025-12-22_G45,10110024FARIASG,2025-12-22,118222,1,3,0,58.0
10110024FARIASG_2025-12-22_G46,10110024FARIASG,2025-12-22,111876,1,2,0,78.0
10110024FARIASG_2025-12-22_G47,10110024FARIASG,2025-12-22,111602,1,1,0,95.0
10110024FARIASG_2025-12-22_G48,10110024FARIASG,2025-12-22,111602,1,5,0,44.0
10110024FARIASG_2025-12-22_G49,10110024FARIASG,2025-12-22,117855,1,4,0,112.0
10110024FARIASG_2025-12-22_G50,10110024FARIASG,2025-12-22,117809,1,2,0,137.0
10110024FARIASG_2025-12-22_G51,10110024FARIASG,2025-12-22,108795,1,3,0,80.0
10110024FARIASG_2025-12-22_G52,10110024FARIASG,2025-12-22,140922,1,2,0,53.0
10110024FARIASG_2025-12-22_G53,10110024FARIASG,2025-12-22,140922,1,2,0,32.0
10110024FARIASG_2025-12-22_G54,10110024FARIASG,2025-12-22,111418,1,2,0,59.0
10110024FARIASG_2025-12-22_G55,10110024FARIASG,2025-12-22,111743,1,4,0,69.0
10110024FARIASG_2025-12-22_G56,10110024FARIASG,2025-12-22,117832,1,4,0,135.0
10110024FARIASG_2025-12-22_G57,10110024FARIASG,2025-12-22,109641,1,2,0,74.0
10110024FARIASG_2025-12-22_G58,10110024FARIASG,2025-12-22,117831,1,6,0,124.0
10110024FARIASG_2025-12-22_G59,10110024FARIASG,2025-12-22,109643,1,2,0,142.0
10110024FARIASG_2025-12-22_G60,10110024FARIASG,2025-12-22,118140,1,3,0,95.0
10110024FARIASG_2025-12-22_G61,10110024FARIASG,2025-12-22,110740,1,2,0,59.0
10110024FARIASG_2025-12-22_G62,10110024FARIASG,2025-12-22,110740,1,2,0,56.0
10110024FARIASG_2025-12-22_G63,10110024FARIASG,2025-12-22,141457,1,5,0,82.0
10110024FARIASG_2025-12-22_G64,10110024FARIASG,2025-12-22,141457,1,2,0,36.0
10110024FARIASG_2025-12-22_G65,10110024FARIASG,2025-12-22,117808,1,8,0,135.0
10110024FARIASG_2025-12-22_G66,10110024FARIASG,2025-12-22,117808,1,14,0,394.0
10110024FARIASG_2025-12-22_G67,10110024FARIASG,2025-12-22,141456,1,8,0,110.0
10110024FARIASG_2025-12-22_G68,10110024FARIASG,2025-12-22,141458,1,4,0,100.0
10110024FARIASG_2025-12-22_G69,10110024FARIASG,2025-12-22,118222,1,1,0,1530.0
10110024FARIASG_2025-12-22_G70,10110024FARIASG,2025-12-22,117856,1,2,0,55.0
10110024FARIASG_2025-12-22_G71,10110024FARIASG,2025-12-22,117856,1,2,0,37.0
10110024FARIASG_2025-12-22_G72,10110024FARIASG,2025-12-22,117856,1,2,0,37.0
10110024FARIASG_2025-12-22_G73,10110024FARIASG,2025-12-22,111602,1,3,0,109.0
10110024FARIASG_2025-12-22_G74,10110024FARIASG,2025-12-22,111602,1,2,0,36.0
10110024FARIASG_2025-12-22_G75,10110024FARIASG,2025-12-22,111602,1,4,0,31.0
10110024FARIASG_2025-12-22_G76,10110024FARIASG,2025-12-22,110895,1,2,0,72.0
10110024FARIASG_2025-12-22_G77,10110024FARIASG,2025-12-22,111418,1,1,0,1078.0
10110024FARIASG_2025-12-22_G78,10110024FARIASG,2025-12-22,111418,1,2,0,33.0
10110024FARIASG_2025-12-22_G79,10110024FARIASG,2025-12-22,117838,1,2,0,114.0
10110024FARIASG_2025-12-22_G80,10110024FARIASG,2025-12-22,111530,1,2,0,97.0
10110024FARIASG_2025-12-22_G81,10110024FARIASG,2025-12-22,117855,1,4,0,131.0
10110024FARIASG_2025-12-22_G82,10110024FARIASG,2025-12-22,117862,1,1,0,48.0
10110024FARIASG_2025-12-22_G83,10110024FARIASG,2025-12-22,117831,1,3,0,68.0
10110024FARIASG_2025-12-22_G84,10110024FARIASG,2025-12-22,108711,1,2,0,39.0
10110024FARIASG_2025-12-22_G85,10110024FARIASG,2025-12-22,118140,1,4,0,105.0
10110024FARIASG_2025-12-22_G86,10110024FARIASG,2025-12-22,117787,1,2,0,56.0
10110024FARIASG_2025-12-22_G87,10110024FARIASG,2025-12-22,110740,1,2,0,49.0
10110024FARIASG_2025-12-22_G88,10110024FARIASG,2025-12-22,141458,1,2,0,99.0
10110024FARIASG_2025-12-22_G89,10110024FARIASG,2025-12-22,141458,1,2,0,32.0
10110024FARIASG_2025-12-22_G91,10110024FARIASG,2025-12-22,111569,1,4,0,210.0
10110024FARIASG_2025-12-22_G92,10110024FARIASG,2025-12-22,118222,1,10,0,296.0
10110024FARIASG_2025-12-22_G93,10110024FARIASG,2025-12-22,140923,1,12,0,142.0
10110024FARIASG_2025-12-22_G94,10110024FARIASG,2025-12-22,117856,1,4,0,61.0
10110024FARIASG_2025-12-22_G95,10110024FARIASG,2025-12-22,117834,1,4,0,155.0
10110024FARIASG_2025-12-22_G96,10110024FARIASG,2025-12-22,111602,1,16,0,188.0
10110024FARIASG_2025-12-22_G97,10110024FARIASG,2025-12-22,109647,1,4,0,390.0
10110024FARIASG_2025-12-22_G98,10110024FARIASG,2025-12-22,111439,1,8,0,253.0
10110024FARIASG_2025-12-22_G99,10110024FARIASG,2025-12-22,160057,1,2,0,331.0
10110024FARIASG_2025-12-22_G100,10110024FARIASG,2025-12-22,160054,1,2,0,455.0
10110024FARIASG_2025-12-22_G101,10110024FARIASG,2025-12-22,140922,1,6,0,237.0
10110024FARIASG_2025-12-22_G102,10110024FARIASG,2025-12-22,110372,1,30,0,182.0
10110024FARIASG_2025-12-22_G103,10110024FARIASG,2025-12-22,117830,1,4,0,223.0
10110024FARIASG_2025-12-22_G104,10110024FARIASG,2025-12-22,111743,1,6,0,91.0
10110024FARIASG_2025-12-22_G105,10110024FARIASG,2025-12-22,117785,1,17,0,560.0
10110024FARIASG_2025-12-22_G106,10110024FARIASG,2025-12-22,109641,1,6,0,477.0
10110024FARIASG_2025-12-22_G107,10110024FARIASG,2025-12-22,110375,1,4,0,97.0
10110024FARIASG_2025-12-22_G108,10110024FARIASG,2025-12-22,117841,1,6,0,91.0
10110024FARIASG_2025-12-22_G109,10110024FARIASG,2025-12-22,118223,1,4,0,65.0
10110024FARIASG_2025-12-22_G110,10110024FARIASG,2025-12-22,108711,1,4,0,58.0
10110024FARIASG_2025-12-22_G111,10110024FARIASG,2025-12-22,110325,1,6,0,121.0
10110024FARIASG_2025-12-22_G112,10110024FARIASG,2025-12-22,111466,1,4,0,67.0
10110024FARIASG_2025-12-22_G113,10110024FARIASG,2025-12-22,141458,1,5,0,193.0
10110024FARIASG_2025-12-22_G114,10110024FARIASG,2025-12-22,140922,1,30,0,459.0
10110024FARIASG_2025-12-22_G115,10110024FARIASG,2025-12-22,111743,1,7,0,251.0
10110024FARIASG_2025-12-22_G116,10110024FARIASG,2025-12-22,117785,1,8,0,57.0
10110024FARIASG_2025-12-22_G117,10110024FARIASG,2025-12-22,111182,1,2,0,56.0
10110024FARIASG_2025-12-22_G118,10110024FARIASG,2025-12-22,141823,1,3,0,89.0
10110024FARIASG_2025-12-22_G119,10110024FARIASG,2025-12-22,111435,1,8,0,72.0
10110024FARIASG_2025-12-22_G120,10110024FARIASG,2025-12-22,111463,1,14,0,167.0
10110024FARIASG_2025-12-22_G121,10110024FARIASG,2025-12-22,105705,1,4,0,315.0
10110024FARIASG_2025-12-22_G122,10110024FARIASG,2025-12-22,117841,2,6,28,58.0
10110024FARIASG_2025-12-22_G123,10110024FARIASG,2025-12-22,118140,1,7,0,151.0
10110024FARIASG_2025-12-22_G124,10110024FARIASG,2025-12-22,110740,1,8,0,72.0
10110024FARIASG_2025-12-22_G125,10110024FARIASG,2025-12-22,141457,1,1,0,45.0
10110024FARIASG_2025-12-23_G02,10110024FARIASG,2025-12-23,111441,1,2,0,38.0
10110024FARIASG_2025-12-23_G03,10110024FARIASG,2025-12-23,111462,1,8,0,72.0
10110024FARIASG_2025-12-23_G04,10110024FARIASG,2025-12-23,117820,1,24,0,257.0
10110024FARIASG_2025-12-23_G05,10110024FARIASG,2025-12-23,110373,1,5,0,118.0
10110024FARIASG_2025-12-23_G06,10110024FARIASG,2025-12-23,111469,1,2,0,483.0
10110024FARIASG_2025-12-23_G07,10110024FARIASG,2025-12-23,111469,1,4,0,42.0
10110024FARIASG_2025-12-23_G08,10110024FARIASG,2025-12-23,111441,1,4,0,772.0
10110024FARIASG_2025-12-23_G09,10110024FARIASG,2025-12-23,111467,1,8,0,134.0
10110024FARIASG_2025-12-23_G10,10110024FARIASG,2025-12-23,111462,1,4,0,91.0
10110024FARIASG_2025-12-23_G11,10110024FARIASG,2025-12-23,111462,1,8,0,89.0
10110024FARIASG_2025-12-23_G12,10110024FARIASG,2025-12-23,111469,2,6,24,158.0
10110024FARIASG_2025-12-23_G13,10110024FARIASG,2025-12-23,117820,1,3,0,148.0
10110024FARIASG_2025-12-23_G14,10110024FARIASG,2025-12-23,110373,1,8,0,385.0
10110024FARIASG_2025-12-23_G15,10110024FARIASG,2025-12-23,111441,1,8,0,401.0
10110024FARIASG_2025-12-23_G16,10110024FARIASG,2025-12-23,111462,1,20,0,410.0
10110024FARIASG_2025-12-23_G17,10110024FARIASG,2025-12-23,110373,1,8,0,204.0
10110024FARIASG_2025-12-23_G18,10110024FARIASG,2025-12-23,110373,1,4,0,51.0
10110024FARIASG_2025-12-23_G19,10110024FARIASG,2025-12-23,117833,1,20,0,680.0
10110024FARIASG_2025-12-23_G20,10110024FARIASG,2025-12-23,111469,1,30,0,627.0
10110024FARIASG_2025-12-23_G21,10110024FARIASG,2025-12-23,110371,1,30,0,250.0
10110024FARIASG_2025-12-23_G22,10110024FARIASG,2025-12-23,117830,1,1,0,39.0
10110024FARIASG_2025-12-23_G23,10110024FARIASG,2025-12-23,118299,1,3,0,431.0
10110024FARIASG_2025-12-23_G24,10110024FARIASG,2025-12-23,108770,1,12,0,1365.0
10110024FARIASG_2025-12-23_G25,10110024FARIASG,2025-12-23,111430,1,2,0,80.0
10110024FARIASG_2025-12-23_G26,10110024FARIASG,2025-12-23,100334,1,10,0,165.0
10110024FARIASG_2025-12-23_G27,10110024FARIASG,2025-12-23,110747,1,10,0,141.0
10110024FARIASG_2025-12-23_G28,10110024FARIASG,2025-12-23,111530,1,343,0,1103.0
10110024FARIASG_2025-12-23_G29,10110024FARIASG,2025-12-23,110711,1,57,0,986.0
10110024FARIASG_2025-12-23_G30,10110024FARIASG,2025-12-23,110339,1,9,0,227.0
10110024FARIASG_2025-12-23_G31,10110024FARIASG,2025-12-23,107629,1,38,0,784.0
10110024FARIASG_2025-12-23_G32,10110024FARIASG,2025-12-23,110325,1,38,0,558.0
10110024FARIASG_2025-12-23_G33,10110024FARIASG,2025-12-23,110372,1,504,0,1174.0
10110024FARIASG_2025-12-23_G34,10110024FARIASG,2025-12-23,111435,1,15,0,281.0
10110024FARIASG_2025-12-23_G35,10110024FARIASG,2025-12-23,110375,1,50,0,356.0
10110024FARIASG_2025-12-23_G36,10110024FARIASG,2025-12-23,105705,1,4,0,80.0
10110024FARIASG_2025-12-23_G37,10110024FARIASG,2025-12-23,108711,1,4,0,78.0
10110024FARIASG_2025-12-23_G38,10110024FARIASG,2025-12-23,111468,1,23,0,315.0
10110024FARIASG_2025-12-23_G39,10110024FARIASG,2025-12-23,111463,1,203,0,766.0
10110024FARIASG_2025-12-23_G40,10110024FARIASG,2025-12-23,111463,1,77,0,295.0
10110024FARIASG_2025-12-23_G41,10110024FARIASG,2025-12-23,110743,1,27,0,1064.0
10110024FARIASG_2025-12-23_G42,10110024FARIASG,2025-12-23,111172,1,36,0,460.0
10110024FARIASG_2025-12-23_G44,10110024FARIASG,2025-12-23,140923,1,8,0,129.0
10110024FARIASG_2025-12-23_G45,10110024FARIASG,2025-12-23,109647,1,6,0,139.0
10110024FARIASG_2025-12-23_G46,10110024FARIASG,2025-12-23,110711,1,4,0,107.0
10110024FARIASG_2025-12-23_G47,10110024FARIASG,2025-12-23,141318,1,300,0,1715.0
10110024FARIASG_2025-12-23_G48,10110024FARIASG,2025-12-23,111743,1,300,0,1078.0
10110024FARIASG_2025-12-23_G49,10110024FARIASG,2025-12-23,108770,1,4,0,894.0
10110024FARIASG_2025-12-23_G50,10110024FARIASG,2025-12-23,117935,1,16,0,167.0
10110024FARIASG_2025-12-23_G51,10110024FARIASG,2025-12-23,117861,1,10,0,73.0
10110024FARIASG_2025-12-23_G52,10110024FARIASG,2025-12-23,110741,1,2,0,46.0
10110024FARIASG_2025-12-23_G53,10110024FARIASG,2025-12-23,110741,1,2,0,50.0
10110024FARIASG_2025-12-23_G54,10110024FARIASG,2025-12-23,110753,2,4,21,57.0
10110024FARIASG_2025-12-23_G55,10110024FARIASG,2025-12-23,118253,1,4,0,73.0
10110024FARIASG_2025-12-23_G56,10110024FARIASG,2025-12-23,111356,1,3,0,144.0
10110024FARIASG_2025-12-23_G57,10110024FARIASG,2025-12-23,107629,1,10,0,144.0
10110024FARIASG_2025-12-23_G58,10110024FARIASG,2025-12-23,117862,1,20,0,302.0
10110024FARIASG_2025-12-23_G59,10110024FARIASG,2025-12-23,117862,1,20,0,179.0
10110024FARIASG_2025-12-23_G60,10110024FARIASG,2025-12-23,110063,2,4,22,80.0
10110024FARIASG_2025-12-23_G61,10110024FARIASG,2025-12-23,111650,1,4,0,107.0
10110024FARIASG_2025-12-23_G62,10110024FARIASG,2025-12-23,110579,1,2,0,91.0
10110024FARIASG_2025-12-23_G63,10110024FARIASG,2025-12-23,110747,1,5,0,102.0
10110024FARIASG_2025-12-23_G64,10110024FARIASG,2025-12-23,110747,1,2,0,44.0
10110024FARIASG_2025-12-23_G65,10110024FARIASG,2025-12-23,109649,1,4,0,360.0
10110024FARIASG_2025-12-23_G66,10110024FARIASG,2025-12-23,109649,1,5,0,55.0
10110024FARIASG_2025-12-23_G67,10110024FARIASG,2025-12-23,109649,1,3,0,31.0
10110024FARIASG_2025-12-23_G68,10110024FARIASG,2025-12-23,111435,1,4,0,162.0
10110024FARIASG_2025-12-23_G69,10110024FARIASG,2025-12-23,109641,1,10,0,259.0
10110024FARIASG_2025-12-23_G70,10110024FARIASG,2025-12-23,117833,1,20,0,154.0
10110024FARIASG_2025-12-23_G71,10110024FARIASG,2025-12-23,111444,1,6,0,113.0
10110024FARIASG_2025-12-23_G72,10110024FARIASG,2025-12-23,107236,2,3,27,51.0
10110024FARIASG_2025-12-26_G02,10110024FARIASG,2025-12-26,140923,1,5,0,134.0
10110024FARIASG_2025-12-26_G03,10110024FARIASG,2025-12-26,111602,1,1,0,102.0
10110024FARIASG_2025-12-26_G04,10110024FARIASG,2025-12-26,118417,1,4,0,265.0
10110024FARIASG_2025-12-26_G05,10110024FARIASG,2025-12-26,110787,1,18,0,388.0
10110024FARIASG_2025-12-26_G06,10110024FARIASG,2025-12-26,160054,1,30,0,473.0
10110024FARIASG_2025-12-26_G07,10110024FARIASG,2025-12-26,140923,1,59,0,1258.0
10110024FARIASG_2025-12-26_G08,10110024FARIASG,2025-12-26,140923,1,107,0,601.0
10110024FARIASG_2025-12-26_G10,10110024FARIASG,2025-12-26,141047,1,6,0,109.0
10110024FARIASG_2025-12-26_G11,10110024FARIASG,2025-12-26,117820,1,13,0,169.0
10110024FARIASG_2025-12-26_G12,10110024FARIASG,2025-12-26,117833,1,4,0,108.0
10110024FARIASG_2025-12-26_G13,10110024FARIASG,2025-12-26,111441,1,14,0,408.0
10110024FARIASG_2025-12-26_G14,10110024FARIASG,2025-12-26,110755,1,3,0,412.0
10110024FARIASG_2025-12-26_G15,10110024FARIASG,2025-12-26,110742,1,2,0,87.0
10110024FARIASG_2025-12-26_G16,10110024FARIASG,2025-12-26,110787,1,14,0,143.0
10110024FARIASG_2025-12-26_G17,10110024FARIASG,2025-12-26,109645,1,4,0,143.0
10110024FARIASG_2025-12-26_G18,10110024FARIASG,2025-12-26,110374,1,4,0,196.0
10110024FARIASG_2025-12-26_G19,10110024FARIASG,2025-12-26,117820,1,4,0,110.0
10110024FARIASG_2025-12-26_G20,10110024FARIASG,2025-12-26,111438,1,2,0,285.0
10110024FARIASG_2025-12-26_G21,10110024FARIASG,2025-12-26,140923,1,5,0,305.0
10110024FARIASG_2025-12-26_G22,10110024FARIASG,2025-12-26,110339,1,3,0,169.0
10110024FARIASG_2025-12-26_G23,10110024FARIASG,2025-12-26,110742,1,8,0,194.0
10110024FARIASG_2025-12-26_G24,10110024FARIASG,2025-12-26,110742,1,6,0,75.0
10110024FARIASG_2025-12-26_G25,10110024FARIASG,2025-12-26,110373,1,2,0,243.0
10110024FARIASG_2025-12-26_G26,10110024FARIASG,2025-12-26,111172,1,20,0,283.0
10110024FARIASG_2025-12-26_G27,10110024FARIASG,2025-12-26,117820,1,24,0,489.0
10110024FARIASG_2025-12-26_G28,10110024FARIASG,2025-12-26,111530,1,10,0,497.0
10110024FARIASG_2025-12-26_G30,10110024FARIASG,2025-12-26,110787,1,7,0,145.0
10110024FARIASG_2025-12-26_G31,10110024FARIASG,2025-12-26,118140,1,2,0,63.0
10110024FARIASG_2025-12-26_G32,10110024FARIASG,2025-12-26,141456,1,4,0,97.0
10110024FARIASG_2025-12-26_G33,10110024FARIASG,2025-12-26,110373,1,4,0,52.0
10110024FARIASG_2025-12-26_G34,10110024FARIASG,2025-12-26,109640,1,8,0,794.0
10110024FARIASG_2025-12-26_G35,10110024FARIASG,2025-12-26,109640,1,4,0,92.0
10110024FARIASG_2025-12-26_G36,10110024FARIASG,2025-12-26,111182,1,4,0,159.0
10110024FARIASG_2025-12-26_G37,10110024FARIASG,2025-12-26,107830,1,4,0,253.0
10110024FARIASG_2025-12-26_G38,10110024FARIASG,2025-12-26,111330,1,4,0,304.0
10110024FARIASG_2025-12-26_G39,10110024FARIASG,2025-12-26,110742,1,6,0,407.0
10110024FARIASG_2025-12-26_G40,10110024FARIASG,2025-12-26,117820,1,8,0,142.0
10110024FARIASG_2025-12-26_G41,10110024FARIASG,2025-12-26,118418,1,3,0,388.0
10110024FARIASG_2025-12-26_G42,10110024FARIASG,2025-12-26,140922,1,2,0,140.0
10110024FARIASG_2025-12-26_G43,10110024FARIASG,2025-12-26,111743,1,8,0,184.0
10110024FARIASG_2025-12-26_G44,10110024FARIASG,2025-12-26,118094,1,4,0,79.0
10110024FARIASG_2025-12-26_G45,10110024FARIASG,2025-12-26,118283,1,4,0,121.0
10110024FARIASG_2025-12-26_G46,10110024FARIASG,2025-12-26,117838,1,4,0,153.0
10110024FARIASG_2025-12-26_G47,10110024FARIASG,2025-12-26,118290,1,4,0,171.0
10110024FARIASG_2025-12-26_G48,10110024FARIASG,2025-12-26,111468,1,2,0,100.0
10110024FARIASG_2025-12-26_G49,10110024FARIASG,2025-12-26,110373,1,4,0,78.0
10110024FARIASG_2025-12-26_G50,10110024FARIASG,2025-12-26,110711,1,4,0,791.0
10110024FARIASG_2025-12-26_G51,10110024FARIASG,2025-12-26,111462,1,6,0,280.0
10110024FARIASG_2025-12-26_G52,10110024FARIASG,2025-12-26,110787,1,1,0,92.0
10110024FARIASG_2025-12-26_G53,10110024FARIASG,2025-12-26,111469,1,2,0,65.0
10110024FARIASG_2025-12-26_G54,10110024FARIASG,2025-12-26,111418,1,2,0,88.0
10110024FARIASG_2025-12-26_G55,10110024FARIASG,2025-12-26,111418,1,10,0,58.0
10110024FARIASG_2025-12-26_G56,10110024FARIASG,2025-12-26,117833,1,5,0,414.0
10110024FARIASG_2025-12-26_G57,10110024FARIASG,2025-12-26,111462,1,4,0,147.0
10110024FARIASG_2025-12-26_G58,10110024FARIASG,2025-12-26,111462,1,4,0,197.0
10110024FARIASG_2025-12-26_G59,10110024FARIASG,2025-12-26,111469,1,6,0,175.0
10110024FARIASG_2025-12-26_G60,10110024FARIASG,2025-12-26,110373,1,8,0,111.0
10110024FARIASG_2025-12-26_G61,10110024FARIASG,2025-12-26,110742,1,2,0,142.0
10110024FARIASG_2025-12-26_G62,10110024FARIASG,2025-12-26,110742,1,6,0,72.0
10110024FARIASG_2025-12-26_G63,10110024FARIASG,2025-12-26,110787,1,10,0,122.0
10110024FARIASG_2025-12-27_G02,10110024FARIASG,2025-12-27,122647,1,10,0,1082.0
10110024FARIASG_2025-12-27_G03,10110024FARIASG,2025-12-27,124476,1,20,0,629.0
10110024FARIASG_2025-12-27_G04,10110024FARIASG,2025-12-27,121923,1,4,0,284.0
10110024FARIASG_2025-12-27_G05,10110024FARIASG,2025-12-27,124475,1,10,0,664.0
10110024FARIASG_2025-12-27_G06,10110024FARIASG,2025-12-27,120389,1,4,0,205.0
10110024FARIASG_2025-12-27_G07,10110024FARIASG,2025-12-27,124486,1,25,0,870.0
10110024FARIASG_2025-12-29_G02,10110024FARIASG,2025-12-29,111463,1,31,0,465.0
10110024FARIASG_2025-12-29_G03,10110024FARIASG,2025-12-29,111469,1,18,0,531.0
10110024FARIASG_2025-12-29_G04,10110024FARIASG,2025-12-29,111469,1,10,0,60.0
10110024FARIASG_2025-12-29_G05,10110024FARIASG,2025-12-29,108711,1,5,0,66.0
10110024FARIASG_2025-12-29_G06,10110024FARIASG,2025-12-29,107236,2,4,22,94.0
10110024FARIASG_2025-12-29_G07,10110024FARIASG,2025-12-29,118140,1,16,0,284.0
10110024FARIASG_2025-12-29_G08,10110024FARIASG,2025-12-29,118140,1,9,0,69.0
10110024FARIASG_2025-12-29_G09,10110024FARIASG,2025-12-29,117821,1,20,0,181.0
10110024FARIASG_2025-12-29_G10,10110024FARIASG,2025-12-29,117821,1,11,0,89.0
10110024FARIASG_2025-12-29_G11,10110024FARIASG,2025-12-29,117821,1,10,0,82.0
10110024FARIASG_2025-12-29_G12,10110024FARIASG,2025-12-29,141456,1,37,0,362.0
10110024FARIASG_2025-12-29_G13,10110024FARIASG,2025-12-29,141456,1,20,0,255.0
10110024FARIASG_2025-12-29_G14,10110024FARIASG,2025-12-29,141456,1,10,0,107.0
10110024FARIASG_2025-12-29_G15,10110024FARIASG,2025-12-29,141458,1,42,0,533.0
10110024FARIASG_2025-12-29_G16,10110024FARIASG,2025-12-29,141458,1,10,0,215.0
10110024FARIASG_2025-12-29_G17,10110024FARIASG,2025-12-29,111431,1,4,0,1193.0
10110024FARIASG_2025-12-29_G18,10110024FARIASG,2025-12-29,118140,1,3,0,71.0
10110024FARIASG_2025-12-29_G19,10110024FARIASG,2025-12-29,117785,1,34,0,450.0
10110024FARIASG_2025-12-29_G20,10110024FARIASG,2025-12-29,111463,1,20,0,280.0
10110024FARIASG_2025-12-29_G21,10110024FARIASG,2025-12-29,117935,1,5,0,2280.0
10110024FARIASG_2025-12-29_G22,10110024FARIASG,2025-12-29,117935,1,7,0,70.0
10110024FARIASG_2025-12-29_G23,10110024FARIASG,2025-12-29,118094,1,4,0,161.0
10110024FARIASG_2025-12-29_G24,10110024FARIASG,2025-12-29,117861,1,5,0,65.0
10110024FARIASG_2025-12-29_G25,10110024FARIASG,2025-12-29,117856,1,8,0,76.0
10110024FARIASG_2025-12-29_G26,10110024FARIASG,2025-12-29,110741,1,4,0,65.0
10110024FARIASG_2025-12-29_G27,10110024FARIASG,2025-12-29,111569,1,6,0,138.0
10110024FARIASG_2025-12-29_G28,10110024FARIASG,2025-12-29,111569,1,10,0,313.0
10110024FARIASG_2025-12-29_G29,10110024FARIASG,2025-12-29,111438,1,8,0,331.0
10110024FARIASG_2025-12-29_G30,10110024FARIASG,2025-12-29,111438,1,4,0,54.0
10110024FARIASG_2025-12-29_G31,10110024FARIASG,2025-12-29,115234,1,4,0,76.0
10110024FARIASG_2025-12-29_G32,10110024FARIASG,2025-12-29,111602,1,10,0,127.0
10110024FARIASG_2025-12-29_G33,10110024FARIASG,2025-12-29,110895,1,5,0,107.0
10110024FARIASG_2025-12-29_G34,10110024FARIASG,2025-12-29,110755,1,11,0,405.0
10110024FARIASG_2025-12-29_G35,10110024FARIASG,2025-12-29,115775,1,4,0,110.0
10110024FARIASG_2025-12-29_G36,10110024FARIASG,2025-12-29,117786,1,5,0,363.0
10110024FARIASG_2025-12-29_G37,10110024FARIASG,2025-12-29,117786,1,6,0,40.0
10110024FARIASG_2025-12-29_G38,10110024FARIASG,2025-12-29,111090,1,4,0,120.0
10110024FARIASG_2025-12-29_G39,10110024FARIASG,2025-12-29,117862,1,8,0,85.0
10110024FARIASG_2025-12-29_G40,10110024FARIASG,2025-12-29,117837,1,4,0,457.0
10110024FARIASG_2025-12-29_G41,10110024FARIASG,2025-12-29,117854,1,4,0,62.0
10110024FARIASG_2025-12-29_G42,10110024FARIASG,2025-12-29,110747,1,7,0,145.0
10110024FARIASG_2025-12-29_G43,10110024FARIASG,2025-12-29,140922,1,10,0,710.0
10110024FARIASG_2025-12-29_G44,10110024FARIASG,2025-12-29,116241,1,6,0,118.0
10110024FARIASG_2025-12-29_G45,10110024FARIASG,2025-12-29,110372,1,30,0,502.0
10110024FARIASG_2025-12-29_G46,10110024FARIASG,2025-12-29,110372,1,120,0,570.0
10110024FARIASG_2025-12-29_G47,10110024FARIASG,2025-12-29,117809,1,20,0,265.0
10110024FARIASG_2025-12-29_G48,10110024FARIASG,2025-12-29,110371,1,10,0,631.0
10110024FARIASG_2025-12-29_G49,10110024FARIASG,2025-12-29,110371,1,20,0,172.0
10110024FARIASG_2025-12-29_G50,10110024FARIASG,2025-12-29,117820,1,13,0,192.0
10110024FARIASG_2025-12-29_G51,10110024FARIASG,2025-12-29,117820,1,20,0,460.0
10110024FARIASG_2025-12-29_G52,10110024FARIASG,2025-12-29,117820,1,20,0,301.0
10110024FARIASG_2025-12-29_G53,10110024FARIASG,2025-12-29,117820,1,3,0,52.0
10110024FARIASG_2025-12-29_G54,10110024FARIASG,2025-12-29,117820,1,11,0,97.0
10110024FARIASG_2025-12-29_G55,10110024FARIASG,2025-12-29,117830,1,10,0,79.0
10110024FARIASG_2025-12-29_G56,10110024FARIASG,2025-12-29,117832,1,10,0,118.0
10110024FARIASG_2025-12-29_G57,10110024FARIASG,2025-12-29,110375,1,10,0,156.0
10110024FARIASG_2025-12-29_G58,10110024FARIASG,2025-12-29,110325,1,10,0,113.0
10110024FARIASG_2025-12-29_G59,10110024FARIASG,2025-12-29,110373,1,16,0,317.0
10110024FARIASG_2025-12-29_G60,10110024FARIASG,2025-12-29,110373,1,20,0,512.0
10110024FARIASG_2025-12-29_G61,10110024FARIASG,2025-12-29,110373,1,39,0,176.0
10110024FARIASG_2025-12-29_G62,10110024FARIASG,2025-12-29,110373,1,60,0,428.0
10110024FARIASG_2025-12-29_G64,10110024FARIASG,2025-12-29,110374,1,49,0,295.0
10110024FARIASG_2025-12-29_G65,10110024FARIASG,2025-12-29,111879,1,1,0,246.0
10110024FARIASG_2025-12-29_G66,10110024FARIASG,2025-12-29,111879,1,11,0,136.0
10110024FARIASG_2025-12-29_G67,10110024FARIASG,2025-12-29,118094,1,3,0,185.0
10110024FARIASG_2025-12-29_G68,10110024FARIASG,2025-12-29,117856,1,12,0,143.0
10110024FARIASG_2025-12-29_G69,10110024FARIASG,2025-12-29,111602,1,9,0,264.0
10110024FARIASG_2025-12-29_G70,10110024FARIASG,2025-12-29,111530,1,19,0,317.0
10110024FARIASG_2025-12-29_G71,10110024FARIASG,2025-12-29,141352,1,20,0,197.0
10110024FARIASG_2025-12-30_G02,10110024FARIASG,2025-12-30,110742,1,4,0,187.0
10110024FARIASG_2025-12-30_G03,10110024FARIASG,2025-12-30,111462,1,4,0,195.0
10110024FARIASG_2025-12-30_G04,10110024FARIASG,2025-12-30,107830,1,4,0,220.0
10110024FARIASG_2025-12-30_G05,10110024FARIASG,2025-12-30,117855,1,4,0,77.0
10110024FARIASG_2025-12-30_G06,10110024FARIASG,2025-12-30,110787,1,4,0,139.0
10110024FARIASG_2025-12-30_G07,10110024FARIASG,2025-12-30,111443,1,4,0,174.0
10110024FARIASG_2025-12-30_G08,10110024FARIASG,2025-12-30,107830,1,4,0,875.0
10110024FARIASG_2025-12-30_G09,10110024FARIASG,2025-12-30,107830,1,6,0,51.0
10110024FARIASG_2025-12-30_G10,10110024FARIASG,2025-12-30,111330,1,4,0,325.0
10110024FARIASG_2025-12-30_G11,10110024FARIASG,2025-12-30,107830,1,4,0,99.0
10110024FARIASG_2025-12-30_G12,10110024FARIASG,2025-12-30,107830,1,2,0,35.0
10110024FARIASG_2025-12-30_G13,10110024FARIASG,2025-12-30,107830,1,8,0,112.0
10110024FARIASG_2025-12-30_G14,10110024FARIASG,2025-12-30,107830,1,8,0,175.0
10110024FARIASG_2025-12-30_G15,10110024FARIASG,2025-12-30,111532,1,20,0,636.0
10110024FARIASG_2025-12-30_G16,10110024FARIASG,2025-12-30,107830,1,4,0,135.0
10110024FARIASG_2025-12-30_G17,10110024FARIASG,2025-12-30,107830,1,4,0,154.0
10110024FARIASG_2025-12-30_G18,10110024FARIASG,2025-12-30,110742,1,4,0,159.0
10110024FARIASG_2025-12-30_G19,10110024FARIASG,2025-12-30,107830,1,3,0,168.0
10110024FARIASG_2025-12-30_G20,10110024FARIASG,2025-12-30,111330,1,2,0,97.0
10110024FARIASG_2025-12-30_G21,10110024FARIASG,2025-12-30,110534,1,4,0,516.0
10110024FARIASG_2025-12-30_G22,10110024FARIASG,2025-12-30,110373,1,58,0,670.0
10110024FARIASG_2025-12-30_G23,10110024FARIASG,2025-12-30,107830,1,2,0,181.0
10110024FARIASG_2025-12-30_G24,10110024FARIASG,2025-12-30,111348,1,2,0,233.0
10110024FARIASG_2025-12-30_G25,10110024FARIASG,2025-12-30,107830,1,4,0,139.0
10110024FARIASG_2025-12-30_G26,10110024FARIASG,2025-12-30,111330,1,24,0,418.0
10110024FARIASG_2025-12-30_G27,10110024FARIASG,2025-12-30,111348,1,24,0,377.0
10110024FARIASG_2025-12-30_G28,10110024FARIASG,2025-12-30,118306,1,4,0,760.0
10110024FARIASG_2025-12-30_G29,10110024FARIASG,2025-12-30,110742,1,3,0,166.0
10110024FARIASG_2025-12-30_G30,10110024FARIASG,2025-12-30,110742,1,3,0,80.0
10110024FARIASG_2025-12-30_G31,10110024FARIASG,2025-12-30,111438,1,6,0,178.0
10110024FARIASG_2025-12-30_G32,10110024FARIASG,2025-12-30,118306,2,4,27,105.0
10110024FARIASG_2025-12-30_G33,10110024FARIASG,2025-12-30,110895,1,2,0,55.0
10110024FARIASG_2025-12-30_G34,10110024FARIASG,2025-12-30,110742,1,6,0,152.0
10110024FARIASG_2025-12-30_G35,10110024FARIASG,2025-12-30,110747,1,4,0,115.0
10110024FARIASG_2025-12-30_G36,10110024FARIASG,2025-12-30,110742,1,2,0,120.0
10110024FARIASG_2025-12-30_G37,10110024FARIASG,2025-12-30,117935,1,2,0,396.0
10110024FARIASG_2025-12-30_G38,10110024FARIASG,2025-12-30,117935,1,2,0,50.0
10110024FARIASG_2025-12-30_G39,10110024FARIASG,2025-12-30,118317,1,2,0,318.0
10110024FARIASG_2025-12-30_G40,10110024FARIASG,2025-12-30,118317,1,4,0,93.0
10110024FARIASG_2025-12-30_G41,10110024FARIASG,2025-12-30,111435,1,2,0,118.0
10110024FARIASG_2025-12-30_G42,10110024FARIASG,2025-12-30,109645,1,2,0,224.0
10110024FARIASG_2025-12-30_G43,10110024FARIASG,2025-12-30,117785,1,2,0,156.0
10110024FARIASG_2025-12-30_G44,10110024FARIASG,2025-12-30,117785,1,4,0,35.0
10110024FARIASG_2025-12-30_G45,10110024FARIASG,2025-12-30,111418,1,7,0,59.0
10110024FARIASG_2025-12-30_G46,10110024FARIASG,2025-12-30,140922,1,4,0,51.0
10110024FARIASG_2025-12-30_G47,10110024FARIASG,2025-12-30,140922,1,4,0,34.0
10110024FARIASG_2025-12-30_G48,10110024FARIASG,2025-12-30,118094,1,6,0,931.0
10110024FARIASG_2025-12-30_G49,10110024FARIASG,2025-12-30,117861,1,2,0,59.0
10110024FARIASG_2025-12-30_G50,10110024FARIASG,2025-12-30,140923,1,1,0,33.0
10110024FARIASG_2025-12-30_G51,10110024FARIASG,2025-12-30,117856,1,4,0,51.0
10110024FARIASG_2025-12-30_G52,10110024FARIASG,2025-12-30,111467,1,2,0,39.0
10110024FARIASG_2025-12-30_G53,10110024FARIASG,2025-12-30,111602,2,2,20,90.0
10110024FARIASG_2025-12-30_G54,10110024FARIASG,2025-12-30,110787,2,3,22,127.0
10110024FARIASG_2025-12-30_G55,10110024FARIASG,2025-12-30,141047,1,2,0,87.0
10110024FARIASG_2025-12-30_G56,10110024FARIASG,2025-12-30,107629,1,2,0,51.0
10110024FARIASG_2025-12-30_G57,10110024FARIASG,2025-12-30,109641,1,2,0,62.0
10110024FARIASG_2025-12-30_G58,10110024FARIASG,2025-12-30,111463,1,6,0,90.0
10110024FARIASG_2025-12-30_G59,10110024FARIASG,2025-12-30,117786,1,2,0,57.0
10110024FARIASG_2025-12-30_G60,10110024FARIASG,2025-12-30,105705,1,1,0,90.0
10110024FARIASG_2025-12-30_G61,10110024FARIASG,2025-12-30,117833,1,2,0,49.0
10110024FARIASG_2025-12-30_G62,10110024FARIASG,2025-12-30,111469,1,4,0,74.0
10110024FARIASG_2025-12-30_G63,10110024FARIASG,2025-12-30,111469,1,10,0,427.0
10110024FARIASG_2025-12-30_G64,10110024FARIASG,2025-12-30,117831,1,2,0,39.0
10110024FARIASG_2025-12-30_G65,10110024FARIASG,2025-12-30,117862,1,4,0,85.0
10110024FARIASG_2025-12-30_G66,10110024FARIASG,2025-12-30,111431,1,2,0,66.0
10110024FARIASG_2025-12-30_G67,10110024FARIASG,2025-12-30,109640,2,6,26,330.0
10110024FARIASG_2025-12-30_G68,10110024FARIASG,2025-12-30,118140,1,8,0,108.0
10110024FARIASG_2025-12-30_G69,10110024FARIASG,2025-12-30,118140,1,10,0,100.0
10110024FARIASG_2025-12-30_G70,10110024FARIASG,2025-12-30,117787,1,2,0,68.0
10110024FARIASG_2025-12-30_G71,10110024FARIASG,2025-12-30,110740,1,4,0,61.0
10110024FARIASG_2025-12-30_G72,10110024FARIASG,2025-12-30,111462,1,10,0,406.0
10110024FARIASG_2025-12-30_G73,10110024FARIASG,2025-12-30,111462,1,6,0,63.0
10110024FARIASG_2025-12-30_G74,10110024FARIASG,2025-12-30,117821,2,4,23,72.0
10110024FARIASG_2025-12-30_G75,10110024FARIASG,2025-12-30,141456,2,4,26,85.0
10110024FARIASG_2025-12-30_G76,10110024FARIASG,2025-12-30,141458,1,6,0,229.0
10110024FARIASG_2025-12-30_G77,10110024FARIASG,2025-12-30,141458,1,2,0,31.0
10110024FARIASG_2025-12-30_G78,10110024FARIASG,2025-12-30,110129,1,1,0,91.0
10110024FARIASG_2025-12-30_G79,10110024FARIASG,2025-12-30,110374,2,3,20,306.0
10110024FARIASG_2025-12-30_G80,10110024FARIASG,2025-12-30,110374,1,6,0,48.0
10110024FARIASG_2025-12-30_G81,10110024FARIASG,2025-12-30,110372,1,34,0,243.0
10110024FARIASG_2025-12-30_G82,10110024FARIASG,2025-12-30,117809,1,3,0,275.0
10110024FARIASG_2025-12-30_G83,10110024FARIASG,2025-12-30,117822,1,2,0,137.0
10110024FARIASG_2025-12-30_G84,10110024FARIASG,2025-12-30,110371,2,12,27,164.0
10110024FARIASG_2025-12-30_G85,10110024FARIASG,2025-12-30,117820,1,1,0,33.0
10110024FARIASG_2025-12-30_G86,10110024FARIASG,2025-12-30,117830,1,6,0,81.0
10110024FARIASG_2025-12-30_G87,10110024FARIASG,2025-12-30,117830,1,2,0,39.0
10110024FARIASG_2025-12-30_G88,10110024FARIASG,2025-12-30,117832,2,6,27,111.0
10110024FARIASG_2025-12-30_G89,10110024FARIASG,2025-12-30,117832,1,4,0,31.0
10110024FARIASG_2025-12-30_G90,10110024FARIASG,2025-12-30,110325,1,4,0,151.0
10110024FARIASG_2025-12-30_G91,10110024FARIASG,2025-12-30,118306,1,4,0,400.0
10110024FARIASG_2025-12-30_G92,10110024FARIASG,2025-12-30,109640,1,30,0,385.0
10110024FARIASG_2025-12-30_G94,10110024FARIASG,2025-12-30,111172,1,2,0,137.0
10110024FARIASG_2025-12-30_G95,10110024FARIASG,2025-12-30,117787,1,4,0,114.0
10110024FARIASG_2025-12-30_G96,10110024FARIASG,2025-12-30,111462,1,1,0,69.0
10110024FARIASG_2025-12-30_G97,10110024FARIASG,2025-12-30,110373,1,4,0,130.0
10110024FARIASG_2025-12-30_G98,10110024FARIASG,2025-12-30,117788,1,4,0,257.0
10110024FARIASG_2025-12-30_G99,10110024FARIASG,2025-12-30,117856,1,2,0,248.0
10110024FARIASG_2025-12-30_G100,10110024FARIASG,2025-12-30,110741,1,2,0,49.0
10110024FARIASG_2025-12-30_G101,10110024FARIASG,2025-12-30,118306,1,2,0,77.0
10110024FARIASG_2025-12-30_G102,10110024FARIASG,2025-12-30,117836,1,10,0,174.0
10110024FARIASG_2025-12-30_G103,10110024FARIASG,2025-12-30,111602,1,5,0,105.0
10110024FARIASG_2025-12-30_G104,10110024FARIASG,2025-12-30,111530,1,4,0,117.0
10110024FARIASG_2025-12-30_G105,10110024FARIASG,2025-12-30,116527,1,4,0,122.0
10110024FARIASG_2025-12-30_G106,10110024FARIASG,2025-12-30,111353,1,4,0,100.0
10110024FARIASG_2025-12-30_G107,10110024FARIASG,2025-12-30,117855,1,4,0,85.0
10110024FARIASG_2025-12-30_G108,10110024FARIASG,2025-12-30,117785,1,6,0,381.0
10110024FARIASG_2025-12-30_G109,10110024FARIASG,2025-12-30,110372,1,2,0,54.0
10110024FARIASG_2025-12-30_G110,10110024FARIASG,2025-12-30,117809,1,8,0,79.0
10110024FARIASG_2025-12-30_G111,10110024FARIASG,2025-12-30,111418,1,6,0,97.0
10110024FARIASG_2025-12-30_G112,10110024FARIASG,2025-12-30,140922,1,4,0,58.0
10110024FARIASG_2025-12-30_G113,10110024FARIASG,2025-12-30,111743,1,2,0,43.0
10110024FARIASG_2025-12-30_G114,10110024FARIASG,2025-12-30,117830,1,8,0,108.0
10110024FARIASG_2025-12-30_G115,10110024FARIASG,2025-12-30,111466,1,1,0,78.0
10110024FARIASG_2025-12-30_G116,10110024FARIASG,2025-12-30,111463,1,3,0,84.0
10110024FARIASG_2025-12-30_G117,10110024FARIASG,2025-12-30,117832,1,20,0,216.0
10110024FARIASG_2025-12-30_G118,10110024FARIASG,2025-12-30,110375,1,2,0,119.0
10110024FARIASG_2025-12-30_G119,10110024FARIASG,2025-12-30,117833,1,2,0,87.0
10110024FARIASG_2025-12-30_G120,10110024FARIASG,2025-12-30,107830,1,1,0,67.0
10110024FARIASG_2025-12-30_G121,10110024FARIASG,2025-12-30,111444,1,2,0,62.0
10110024FARIASG_2025-12-30_G122,10110024FARIASG,2025-12-30,108711,1,4,0,55.0
10110024FARIASG_2025-12-30_G123,10110024FARIASG,2025-12-30,111465,1,1,0,54.0
10110024FARIASG_2025-12-30_G124,10110024FARIASG,2025-12-30,107236,1,2,0,46.0
10110024FARIASG_2025-12-30_G125,10110024FARIASG,2025-12-30,118140,1,7,0,87.0
10110024FARIASG_2025-12-30_G126,10110024FARIASG,2025-12-30,110740,1,2,0,56.0
10110024FARIASG_2025-12-30_G127,10110024FARIASG,2025-12-30,111462,1,4,0,109.0
10110024FARIASG_2025-12-30_G128,10110024FARIASG,2025-12-30,110325,1,4,0,128.0
10110024FARIASG_2025-12-30_G129,10110024FARIASG,2025-12-30,111443,1,2,0,96.0
10110024FARIASG_2025-12-30_G130,10110024FARIASG,2025-12-30,117821,1,6,0,403.0
10110024FARIASG_2025-12-30_G131,10110024FARIASG,2025-12-30,141456,1,8,0,93.0
10110024FARIASG_2025-12-30_G132,10110024FARIASG,2025-12-30,141458,1,4,0,85.0
10110024FARIASG_2025-12-30_G133,10110024FARIASG,2025-12-30,111532,1,20,0,542.0
10110024FARIASG_2025-12-30_G134,10110024FARIASG,2025-12-30,107830,1,8,0,202.0
10110024FARIASG_2025-12-30_G135,10110024FARIASG,2025-12-30,111532,1,2,0,121.0
10110024FARIASG_2025-12-30_G136,10110024FARIASG,2025-12-30,111465,1,3,0,118.0
10110024FARIASG_2025-12-30_G137,10110024FARIASG,2025-12-30,110325,1,2,0,135.0
10110024FARIASG_2025-12-30_G138,10110024FARIASG,2025-12-30,111462,1,4,0,91.0
10110024FARIASG_2025-12-31_G02,10110024FARIASG,2025-12-31,108701,1,2,0,189.0
10110024FARIASG_2025-12-31_G03,10110024FARIASG,2025-12-31,118094,1,10,0,725.0
10110024FARIASG_2025-12-31_G04,10110024FARIASG,2025-12-31,140923,1,1,0,52.0
10110024FARIASG_2025-12-31_G05,10110024FARIASG,2025-12-31,111467,1,4,0,69.0
10110024FARIASG_2025-12-31_G06,10110024FARIASG,2025-12-31,111569,1,2,0,91.0
10110024FARIASG_2025-12-31_G07,10110024FARIASG,2025-12-31,118306,1,1,0,93.0
10110024FARIASG_2025-12-31_G08,10110024FARIASG,2025-12-31,110742,1,4,0,110.0
10110024FARIASG_2025-12-31_G09,10110024FARIASG,2025-12-31,107629,1,4,0,647.0
10110024FARIASG_2025-12-31_G10,10110024FARIASG,2025-12-31,111530,1,16,0,167.0
10110024FARIASG_2025-12-31_G11,10110024FARIASG,2025-12-31,117786,1,2,0,86.0
10110024FARIASG_2025-12-31_G12,10110024FARIASG,2025-12-31,117855,1,30,0,501.0
10110024FARIASG_2025-12-31_G13,10110024FARIASG,2025-12-31,109645,1,3,0,281.0
10110024FARIASG_2025-12-31_G14,10110024FARIASG,2025-12-31,117785,1,17,0,225.0
10110024FARIASG_2025-12-31_G15,10110024FARIASG,2025-12-31,111418,1,96,0,427.0
10110024FARIASG_2025-12-31_G16,10110024FARIASG,2025-12-31,140922,1,2,0,156.0
10110024FARIASG_2025-12-31_G17,10110024FARIASG,2025-12-31,110374,1,10,0,111.0
10110024FARIASG_2025-12-31_G18,10110024FARIASG,2025-12-31,117809,1,2,0,67.0
10110024FARIASG_2025-12-31_G19,10110024FARIASG,2025-12-31,110376,1,4,0,120.0
10110024FARIASG_2025-12-31_G20,10110024FARIASG,2025-12-31,111532,1,8,0,131.0
10110024FARIASG_2025-12-31_G21,10110024FARIASG,2025-12-31,111172,1,4,0,72.0
10110024FARIASG_2025-12-31_G22,10110024FARIASG,2025-12-31,110787,1,20,0,418.0
10110024FARIASG_2025-12-31_G23,10110024FARIASG,2025-12-31,108798,1,1,0,162.0
10110024FARIASG_2025-12-31_G24,10110024FARIASG,2025-12-31,110375,1,14,0,161.0
10110024FARIASG_2025-12-31_G25,10110024FARIASG,2025-12-31,107830,1,12,0,110.0
10110024FARIASG_2025-12-31_G26,10110024FARIASG,2025-12-31,111465,1,4,0,79.0
10110024FARIASG_2025-12-31_G27,10110024FARIASG,2025-12-31,107236,1,1,0,65.0
10110024FARIASG_2025-12-31_G28,10110024FARIASG,2025-12-31,117787,1,1,0,35.0
10110024FARIASG_2025-12-31_G29,10110024FARIASG,2025-12-31,111462,1,2,0,51.0
10110024FARIASG_2025-12-31_G30,10110024FARIASG,2025-12-31,110325,1,8,0,101.0
10110024FARIASG_2025-12-31_G31,10110024FARIASG,2025-12-31,110332,1,1,0,128.0
10110024FARIASG_2025-12-31_G32,10110024FARIASG,2025-12-31,117808,1,73,0,743.0
10110024FARIASG_2025-12-31_G33,10110024FARIASG,2025-12-31,110373,1,46,0,510.0
10110024FARIASG_2026-01-07_G02,10110024FARIASG,2026-01-07,111569,1,26,0,363.0
10110024FARIASG_2026-01-07_G03,10110024FARIASG,2026-01-07,110747,1,4,0,350.0
10110024FARIASG_2026-01-07_G04,10110024FARIASG,2026-01-07,110747,1,4,0,47.0
10110024FARIASG_2026-01-07_G05,10110024FARIASG,2026-01-07,117788,1,6,0,356.0
10110024FARIASG_2026-01-07_G06,10110024FARIASG,2026-01-07,111433,1,2,0,86.0
10110024FARIASG_2026-01-07_G07,10110024FARIASG,2026-01-07,110752,1,4,0,138.0
10110024FARIASG_2026-01-07_G08,10110024FARIASG,2026-01-07,111650,1,15,0,170.0
10110024FARIASG_2026-01-07_G09,10110024FARIASG,2026-01-07,108711,1,4,0,109.0
10110024FARIASG_2026-01-07_G10,10110024FARIASG,2026-01-07,141456,1,6,0,130.0
10110024FARIASG_2026-01-07_G11,10110024FARIASG,2026-01-07,141456,1,8,0,55.0
10110024FARIASG_2026-01-07_G12,10110024FARIASG,2026-01-07,110374,1,11,0,214.0
10110024FARIASG_2026-01-07_G13,10110024FARIASG,2026-01-07,110372,1,9,0,100.0
10110024FARIASG_2026-01-07_G14,10110024FARIASG,2026-01-07,118299,1,76,0,533.0
10110024FARIASG_2026-01-07_G15,10110024FARIASG,2026-01-07,109643,1,18,0,315.0
10110024FARIASG_2026-01-07_G16,10110024FARIASG,2026-01-07,141458,1,39,0,535.0
10110024FARIASG_2026-01-07_G17,10110024FARIASG,2026-01-07,110376,1,1,0,249.0
10110024FARIASG_2026-01-07_G18,10110024FARIASG,2026-01-07,117832,1,9,0,81.0
10110024FARIASG_2026-01-07_G19,10110024FARIASG,2026-01-07,110374,1,3,0,159.0
10110024FARIASG_2026-01-08_G02,10110024FARIASG,2026-01-08,117785,1,110,0,1043.0
10110024FARIASG_2026-01-08_G03,10110024FARIASG,2026-01-08,111348,1,4,0,163.0
10110024FARIASG_2026-01-08_G04,10110024FARIASG,2026-01-08,118223,1,8,0,127.0
10110024FARIASG_2026-01-08_G05,10110024FARIASG,2026-01-08,111469,1,150,0,480.0
10110024FARIASG_2026-01-08_G06,10110024FARIASG,2026-01-08,118140,1,100,0,358.0
10110024FARIASG_2026-01-08_G07,10110024FARIASG,2026-01-08,111418,1,300,0,1228.0
10110024FARIASG_2026-01-08_G08,10110024FARIASG,2026-01-08,117809,1,7,0,132.0
10110024FARIASG_2026-01-08_G09,10110024FARIASG,2026-01-08,110373,1,200,0,387.0
10110024FARIASG_2026-01-08_G10,10110024FARIASG,2026-01-08,111532,1,1,0,1660.0
10110024FARIASG_2026-01-09_G02,10110024FARIASG,2026-01-09,141202,1,4,0,279.0
10110024FARIASG_2026-01-09_G03,10110024FARIASG,2026-01-09,111532,1,8,0,218.0
10110024FARIASG_2026-01-09_G04,10110024FARIASG,2026-01-09,110895,1,6,0,809.0
10110024FARIASG_2026-01-09_G05,10110024FARIASG,2026-01-09,111569,1,1,0,157.0
10110024FARIASG_2026-01-09_G06,10110024FARIASG,2026-01-09,141992,1,4,0,331.0
10110024FARIASG_2026-01-09_G07,10110024FARIASG,2026-01-09,110740,1,2,0,252.0
10110024FARIASG_2026-01-09_G08,10110024FARIASG,2026-01-09,111705,1,2,0,105.0
10110024FARIASG_2026-01-09_G09,10110024FARIASG,2026-01-09,141992,1,4,0,408.0
10110024FARIASG_2026-01-09_G10,10110024FARIASG,2026-01-09,108794,1,9,0,128.0
10110024FARIASG_2026-01-09_G11,10110024FARIASG,2026-01-09,111466,1,6,0,161.0
10110024FARIASG_2026-01-09_G12,10110024FARIASG,2026-01-09,109640,1,10,0,389.0
10110024FARIASG_2026-01-09_G13,10110024FARIASG,2026-01-09,111532,1,10,0,2860.0
10110024FARIASG_2026-01-09_G14,10110024FARIASG,2026-01-09,109645,1,1,0,159.0
10110024FARIASG_2026-01-09_G15,10110024FARIASG,2026-01-09,111348,1,4,0,211.0
10110024FARIASG_2026-01-09_G16,10110024FARIASG,2026-01-09,108794,1,4,0,90.0
10110024FARIASG_2026-01-09_G17,10110024FARIASG,2026-01-09,111468,1,1,0,113.0
10110024FARIASG_2026-01-09_G18,10110024FARIASG,2026-01-09,117787,1,1,0,103.0
10110024FARIASG_2026-01-09_G19,10110024FARIASG,2026-01-09,110740,1,4,0,60.0
10110024FARIASG_2026-01-09_G20,10110024FARIASG,2026-01-09,117809,1,4,0,213.0
10110024FARIASG_2026-01-09_G21,10110024FARIASG,2026-01-09,111532,1,50,0,188.0
10110024FARIASG_2026-01-09_G22,10110024FARIASG,2026-01-09,117820,1,200,0,440.0
10110024FARIASG_2026-01-09_G23,10110024FARIASG,2026-01-09,117832,1,30,0,621.0
10110024FARIASG_2026-01-09_G24,10110024FARIASG,2026-01-09,111348,1,309,0,1467.0
10110024FARIASG_2026-01-09_G25,10110024FARIASG,2026-01-09,111441,1,62,0,1316.0
10110024FARIASG_2026-01-09_G26,10110024FARIASG,2026-01-09,111465,1,370,0,816.0
10110024FARIASG_2026-01-09_G27,10110024FARIASG,2026-01-09,110745,1,36,0,434.0
10110024FARIASG_2026-01-09_G28,10110024FARIASG,2026-01-09,111444,1,13,0,223.0
10110024FARIASG_2026-01-09_G29,10110024FARIASG,2026-01-09,117935,1,146,0,931.0
10110024FARIASG_2026-01-10_G02,10110024FARIASG,2026-01-10,105705,1,30,0,555.0
10110024FARIASG_2026-01-10_G03,10110024FARIASG,2026-01-10,111418,1,200,0,1077.0
10110024FARIASG_2026-01-10_G04,10110024FARIASG,2026-01-10,117821,1,35,0,551.0
10110024FARIASG_2026-01-10_G05,10110024FARIASG,2026-01-10,111469,1,80,0,327.0
10110024FARIASG_2026-01-10_G06,10110024FARIASG,2026-01-10,117831,1,60,0,442.0
10110024FARIASG_2026-01-10_G07,10110024FARIASG,2026-01-10,118140,1,80,0,259.0
10110024FARIASG_2026-01-10_G08,10110024FARIASG,2026-01-10,117787,1,30,0,903.0
10110024FARIASG_2026-01-10_G09,10110024FARIASG,2026-01-10,140923,1,170,0,1392.0
10110024FARIASG_2026-01-10_G10,10110024FARIASG,2026-01-10,110313,1,43,0,323.0
10110024FARIASG_2026-01-10_G11,10110024FARIASG,2026-01-10,107629,1,9,0,159.0
10110024FARIASG_2026-01-10_G12,10110024FARIASG,2026-01-10,117786,1,18,0,469.0
10110024FARIASG_2026-01-10_G13,10110024FARIASG,2026-01-10,141066,1,3,0,199.0
10110024FARIASG_2026-01-10_G14,10110024FARIASG,2026-01-10,110733,1,30,0,381.0
10110024FARIASG_2026-01-10_G15,10110024FARIASG,2026-01-10,118094,1,42,0,476.0
10110024FARIASG_2026-01-10_G16,10110024FARIASG,2026-01-10,111467,1,16,0,130.0
10110024FARIASG_2026-01-10_G17,10110024FARIASG,2026-01-10,110741,1,3,0,49.0
10110024FARIASG_2026-01-10_G18,10110024FARIASG,2026-01-10,110339,1,37,0,494.0
10110024FARIASG_2026-01-10_G19,10110024FARIASG,2026-01-10,110895,1,71,0,412.0
10110024FARIASG_2026-01-10_G20,10110024FARIASG,2026-01-10,110747,1,13,0,287.0
10110024FARIASG_2026-01-10_G21,10110024FARIASG,2026-01-10,141916,1,8,0,158.0
10110024FARIASG_2026-01-10_G22,10110024FARIASG,2026-01-10,110755,1,7,0,180.0
10110024FARIASG_2026-01-10_G23,10110024FARIASG,2026-01-10,111569,1,8,0,249.0
10110024FARIASG_2026-01-10_G24,10110024FARIASG,2026-01-10,111430,1,10,0,128.0
10110024FARIASG_2026-01-10_G25,10110024FARIASG,2026-01-10,111438,1,8,0,117.0
10110024FARIASG_2026-01-10_G26,10110024FARIASG,2026-01-10,111569,1,4,0,1542.0
10110024FARIASG_2026-01-10_G27,10110024FARIASG,2026-01-10,117862,1,10,0,255.0
10110024FARIASG_2026-01-10_G28,10110024FARIASG,2026-01-10,110733,1,15,0,233.0
10110024FARIASG_2026-01-10_G29,10110024FARIASG,2026-01-10,118094,1,3,0,104.0
10110024FARIASG_2026-01-10_G30,10110024FARIASG,2026-01-10,111467,1,12,0,140.0
10110024FARIASG_2026-01-10_G31,10110024FARIASG,2026-01-10,118306,1,4,0,127.0
10110024FARIASG_2026-01-10_G32,10110024FARIASG,2026-01-10,111436,1,4,0,71.0
10110024FARIASG_2026-01-10_G33,10110024FARIASG,2026-01-10,140923,1,42,0,420.0
10110024FARIASG_2026-01-10_G34,10110024FARIASG,2026-01-10,118298,1,15,0,367.0
10110024FARIASG_2026-01-10_G35,10110024FARIASG,2026-01-10,110313,1,5,0,76.0
10110024FARIASG_2026-01-10_G36,10110024FARIASG,2026-01-10,110895,1,11,0,331.0
10110024FARIASG_2026-01-10_G37,10110024FARIASG,2026-01-10,117786,1,21,0,159.0
10110024FARIASG_2026-01-10_G38,10110024FARIASG,2026-01-10,141916,1,5,0,164.0
10110024FARIASG_2026-01-10_G39,10110024FARIASG,2026-01-10,100334,1,4,0,215.0
10110024FARIASG_2026-01-10_G40,10110024FARIASG,2026-01-10,109640,1,2,0,99.0
10110024FARIASG_2026-01-10_G41,10110024FARIASG,2026-01-10,110339,1,30,0,478.0
10110024FARIASG_2026-01-10_G42,10110024FARIASG,2026-01-10,117808,1,100,0,279.0
10110024FARIASG_2026-01-10_G44,10110024FARIASG,2026-01-10,117830,1,10,0,148.0
10110024FARIASG_2026-01-10_G45,10110024FARIASG,2026-01-10,110371,1,121,0,504.0
10110024FARIASG_2026-01-10_G46,10110024FARIASG,2026-01-10,109643,1,21,0,189.0
10110024FARIASG_2026-01-10_G47,10110024FARIASG,2026-01-10,117832,1,11,0,92.0
10110024FARIASG_2026-01-10_G48,10110024FARIASG,2026-01-10,117820,1,20,0,154.0
10110024FARIASG_2026-01-10_G49,10110024FARIASG,2026-01-10,117809,1,31,0,364.0
10110024FARIASG_2026-01-10_G50,10110024FARIASG,2026-01-10,110373,1,30,0,135.0
10110024FARIASG_2026-01-10_G51,10110024FARIASG,2026-01-10,117833,1,11,0,277.0
10110024FARIASG_2026-01-10_G52,10110024FARIASG,2026-01-10,111743,1,9,0,267.0
10110024FARIASG_2026-01-10_G53,10110024FARIASG,2026-01-10,105705,1,10,0,227.0
10110024FARIASG_2026-01-10_G54,10110024FARIASG,2026-01-10,111348,1,5,0,99.0
10110024FARIASG_2026-01-10_G55,10110024FARIASG,2026-01-10,108794,1,10,0,365.0
10110024FARIASG_2026-01-10_G56,10110024FARIASG,2026-01-10,117785,1,40,0,175.0
10110024FARIASG_2026-01-10_G57,10110024FARIASG,2026-01-10,111418,1,100,0,682.0
10110024FARIASG_2026-01-10_G58,10110024FARIASG,2026-01-10,117838,1,15,0,201.0
10110024FARIASG_2026-01-10_G59,10110024FARIASG,2026-01-10,111469,1,40,0,449.0
10110024FARIASG_2026-01-10_G60,10110024FARIASG,2026-01-10,117831,1,50,0,665.0
10110024FARIASG_2026-01-10_G61,10110024FARIASG,2026-01-10,117787,1,30,0,1025.0
10110024FARIASG_2026-01-12_G02,10110024FARIASG,2026-01-12,142045,1,9,0,279.0
10110024FARIASG_2026-01-12_G03,10110024FARIASG,2026-01-12,117834,1,1,0,75.0
10110024FARIASG_2026-01-12_G04,10110024FARIASG,2026-01-12,117855,1,6,0,317.0
10110024FARIASG_2026-01-12_G05,10110024FARIASG,2026-01-12,111466,1,6,0,118.0
10110024FARIASG_2026-01-12_G06,10110024FARIASG,2026-01-12,111466,1,20,0,462.0
10110024FARIASG_2026-01-12_G07,10110024FARIASG,2026-01-12,142045,1,1,0,152.0
10110024FARIASG_2026-01-12_G08,10110024FARIASG,2026-01-12,142045,1,167,0,1843.0
10110024FARIASG_2026-01-12_G09,10110024FARIASG,2026-01-12,111466,1,34,0,473.0
10110024FARIASG_2026-01-12_G10,10110024FARIASG,2026-01-12,109643,1,13,0,276.0
10110024FARIASG_2026-01-12_G11,10110024FARIASG,2026-01-12,111466,1,30,0,293.0
10110024FARIASG_2026-01-12_G12,10110024FARIASG,2026-01-12,111441,1,8,0,347.0
10110024FARIASG_2026-01-12_G13,10110024FARIASG,2026-01-12,111569,1,17,0,285.0
10110024FARIASG_2026-01-12_G14,10110024FARIASG,2026-01-12,110747,1,8,0,230.0
10110024FARIASG_2026-01-12_G15,10110024FARIASG,2026-01-12,100334,1,5,0,244.0
10110024FARIASG_2026-01-12_G16,10110024FARIASG,2026-01-12,110755,1,14,0,136.0
10110024FARIASG_2026-01-12_G17,10110024FARIASG,2026-01-12,111467,1,4,0,841.0
10110024FARIASG_2026-01-12_G18,10110024FARIASG,2026-01-12,110313,1,4,0,294.0
10110024FARIASG_2026-01-12_G19,10110024FARIASG,2026-01-12,107629,1,6,0,116.0
10110024FARIASG_2026-01-12_G20,10110024FARIASG,2026-01-12,117855,1,10,0,429.0
10110024FARIASG_2026-01-12_G21,10110024FARIASG,2026-01-12,110339,1,2,0,45.0
10110024FARIASG_2026-01-12_G22,10110024FARIASG,2026-01-12,111743,1,5,0,176.0
10110024FARIASG_2026-01-12_G23,10110024FARIASG,2026-01-12,111446,1,3,0,86.0
10110024FARIASG_2026-01-12_G24,10110024FARIASG,2026-01-12,140923,1,34,0,769.0
10110024FARIASG_2026-01-12_G25,10110024FARIASG,2026-01-12,111532,1,24,0,269.0
10110024FARIASG_2026-01-12_G26,10110024FARIASG,2026-01-12,142045,1,16,0,564.0
10110024FARIASG_2026-01-12_G27,10110024FARIASG,2026-01-12,111441,1,6,0,381.0
10110024FARIASG_2026-01-12_G28,10110024FARIASG,2026-01-12,142045,1,3,0,212.0
10110024FARIASG_2026-01-12_G29,10110024FARIASG,2026-01-12,111569,1,4,0,82.0
10110024FARIASG_2026-01-12_G30,10110024FARIASG,2026-01-12,111438,1,12,0,277.0
10110024FARIASG_2026-01-12_G31,10110024FARIASG,2026-01-12,110747,1,7,0,156.0
10110024FARIASG_2026-01-12_G32,10110024FARIASG,2026-01-12,110755,1,2,0,320.0
10110024FARIASG_2026-01-12_G33,10110024FARIASG,2026-01-12,110733,1,8,0,682.0
10110024FARIASG_2026-01-12_G34,10110024FARIASG,2026-01-12,140923,1,2,0,108.0
10110024FARIASG_2026-01-12_G35,10110024FARIASG,2026-01-12,117855,1,8,0,140.0
10110024FARIASG_2026-01-12_G36,10110024FARIASG,2026-01-12,118299,1,4,0,165.0
10110024FARIASG_2026-01-12_G37,10110024FARIASG,2026-01-12,118299,1,24,0,156.0
10110024FARIASG_2026-01-12_G38,10110024FARIASG,2026-01-12,117820,1,5,0,124.0
10110024FARIASG_2026-01-12_G39,10110024FARIASG,2026-01-12,111468,1,5,0,170.0
10110024FARIASG_2026-01-12_G40,10110024FARIASG,2026-01-12,117785,1,2,0,96.0
10110024FARIASG_2026-01-12_G41,10110024FARIASG,2026-01-12,141458,1,2,0,60.0
10110024FARIASG_2026-01-12_G42,10110024FARIASG,2026-01-12,111469,1,2,0,39.0
10110024FARIASG_2026-01-12_G43,10110024FARIASG,2026-01-12,110740,1,8,0,130.0
10110024FARIASG_2026-01-12_G44,10110024FARIASG,2026-01-12,108770,1,1,0,747.0
10110024FARIASG_2026-01-12_G45,10110024FARIASG,2026-01-12,110733,1,4,0,96.0
10110024FARIASG_2026-01-12_G46,10110024FARIASG,2026-01-12,118094,1,2,0,92.0
10110024FARIASG_2026-01-12_G47,10110024FARIASG,2026-01-12,111438,1,12,0,324.0
10110024FARIASG_2026-01-12_G48,10110024FARIASG,2026-01-12,117786,1,4,0,78.0
10110024FARIASG_2026-01-12_G49,10110024FARIASG,2026-01-12,141318,1,4,0,125.0
10110024FARIASG_2026-01-12_G50,10110024FARIASG,2026-01-12,109640,1,4,0,421.0
10110024FARIASG_2026-01-12_G51,10110024FARIASG,2026-01-12,111532,1,2,0,458.0
10110024FARIASG_2026-01-12_G52,10110024FARIASG,2026-01-12,117808,1,15,0,126.0
10110024FARIASG_2026-01-12_G53,10110024FARIASG,2026-01-12,110372,1,2,0,74.0
10110024FARIASG_2026-01-12_G54,10110024FARIASG,2026-01-12,140922,1,4,0,78.0
10110024FARIASG_2026-01-12_G55,10110024FARIASG,2026-01-12,111466,1,4,0,144.0
10110024FARIASG_2026-01-12_G56,10110024FARIASG,2026-01-12,117830,1,4,0,66.0
10110024FARIASG_2026-01-12_G57,10110024FARIASG,2026-01-12,110740,1,4,0,162.0
10110024FARIASG_2026-01-12_G58,10110024FARIASG,2026-01-12,110733,1,4,0,402.0
10110024FARIASG_2026-01-12_G59,10110024FARIASG,2026-01-12,142045,1,4,0,99.0
10110024FARIASG_2026-01-12_G60,10110024FARIASG,2026-01-12,142045,1,10,0,75.0
10110024FARIASG_2026-01-12_G62,10110024FARIASG,2026-01-12,117821,1,6,0,65.0
10110024FARIASG_2026-01-12_G63,10110024FARIASG,2026-01-12,111466,1,2,0,90.0
10110024FARIASG_2026-01-12_G64,10110024FARIASG,2026-01-12,111530,1,7,0,149.0
10110024FARIASG_2026-01-12_G65,10110024FARIASG,2026-01-12,117855,1,2,0,188.0
10110024FARIASG_2026-01-12_G66,10110024FARIASG,2026-01-12,117855,1,8,0,476.0
10110024FARIASG_2026-01-12_G67,10110024FARIASG,2026-01-12,117786,1,4,0,92.0
10110024FARIASG_2026-01-12_G68,10110024FARIASG,2026-01-12,111463,1,10,0,188.0
10110024FARIASG_2026-01-12_G69,10110024FARIASG,2026-01-12,109640,1,1,0,107.0
10110024FARIASG_2026-01-12_G70,10110024FARIASG,2026-01-12,109643,1,4,0,119.0
10110024FARIASG_2026-01-12_G71,10110024FARIASG,2026-01-12,117862,1,4,0,230.0
10110024FARIASG_2026-01-12_G72,10110024FARIASG,2026-01-12,110733,1,1,0,142.0
10110024FARIASG_2026-01-12_G73,10110024FARIASG,2026-01-12,118094,1,2,0,149.0
10110024FARIASG_2026-01-12_G74,10110024FARIASG,2026-01-12,111462,1,4,0,100.0
10110024FARIASG_2026-01-12_G75,10110024FARIASG,2026-01-12,111466,1,4,0,132.0
10110024FARIASG_2026-01-12_G76,10110024FARIASG,2026-01-12,111530,1,4,0,143.0
10110024FARIASG_2026-01-12_G77,10110024FARIASG,2026-01-12,109640,1,2,0,215.0
10110024FARIASG_2026-01-12_G78,10110024FARIASG,2026-01-12,117808,1,7,0,122.0
10110024FARIASG_2026-01-12_G79,10110024FARIASG,2026-01-12,111418,1,32,0,454.0
10110024FARIASG_2026-01-12_G80,10110024FARIASG,2026-01-12,117821,1,1,0,88.0
10110024FARIASG_2026-01-12_G81,10110024FARIASG,2026-01-12,117808,1,8,0,93.0
10110024FARIASG_2026-01-12_G82,10110024FARIASG,2026-01-12,117862,1,2,0,182.0
10110024FARIASG_2026-01-12_G83,10110024FARIASG,2026-01-12,111530,1,6,0,252.0
10110024FARIASG_2026-01-12_G84,10110024FARIASG,2026-01-12,117855,1,2,0,77.0
10110024FARIASG_2026-01-12_G85,10110024FARIASG,2026-01-12,117786,1,4,0,57.0
10110024FARIASG_2026-01-12_G86,10110024FARIASG,2026-01-12,111463,1,4,0,117.0
10110024FARIASG_2026-01-13_G02,10110024FARIASG,2026-01-13,105167,1,5,0,112.0
10110024FARIASG_2026-01-13_G03,10110024FARIASG,2026-01-13,110841,1,5,0,221.0
10110024FARIASG_2026-01-13_G04,10110024FARIASG,2026-01-13,109873,1,4,0,100.0
10110024FARIASG_2026-01-13_G05,10110024FARIASG,2026-01-13,105359,1,7,0,602.0
10110024FARIASG_2026-01-13_G06,10110024FARIASG,2026-01-13,110623,1,6,0,313.0
10110024FARIASG_2026-01-13_G07,10110024FARIASG,2026-01-13,110623,1,5,0,73.0
10110024FARIASG_2026-01-13_G08,10110024FARIASG,2026-01-13,142045,1,20,0,360.0
10110024FARIASG_2026-01-13_G09,10110024FARIASG,2026-01-13,118306,1,15,0,774.0
10110024FARIASG_2026-01-13_G10,10110024FARIASG,2026-01-13,111743,1,6,0,131.0
10110024FARIASG_2026-01-13_G11,10110024FARIASG,2026-01-13,111348,1,20,0,199.0
10110024FARIASG_2026-01-13_G12,10110024FARIASG,2026-01-13,111532,1,10,0,77.0
10110024FARIASG_2026-01-13_G13,10110024FARIASG,2026-01-13,111532,1,11,0,278.0
10110024FARIASG_2026-01-13_G14,10110024FARIASG,2026-01-13,111532,1,20,0,102.0
10110024FARIASG_2026-01-13_G15,10110024FARIASG,2026-01-13,118140,1,30,0,257.0
10110024FARIASG_2026-01-13_G16,10110024FARIASG,2026-01-13,111462,1,30,0,303.0
10110024FARIASG_2026-01-13_G17,10110024FARIASG,2026-01-13,140922,1,10,0,222.0
10110024FARIASG_2026-01-13_G18,10110024FARIASG,2026-01-13,140922,1,46,0,421.0
10110024FARIASG_2026-01-13_G19,10110024FARIASG,2026-01-13,117821,1,20,0,406.0
10110024FARIASG_2026-01-13_G20,10110024FARIASG,2026-01-13,116241,1,1,0,44.0
10110024FARIASG_2026-01-13_G21,10110024FARIASG,2026-01-13,110743,1,5,0,83.0
10110024FARIASG_2026-01-13_G22,10110024FARIASG,2026-01-13,111182,1,7,0,117.0
10110024FARIASG_2026-01-13_G23,10110024FARIASG,2026-01-13,109645,1,13,0,86.0
10110024FARIASG_2026-01-13_G24,10110024FARIASG,2026-01-13,109645,1,11,0,87.0
10110024FARIASG_2026-01-13_G25,10110024FARIASG,2026-01-13,110332,1,3,0,68.0
10110024FARIASG_2026-01-13_G26,10110024FARIASG,2026-01-13,117838,1,10,0,100.0
10110024FARIASG_2026-01-13_G27,10110024FARIASG,2026-01-13,141271,1,20,0,452.0
10110024FARIASG_2026-01-13_G28,10110024FARIASG,2026-01-13,111172,1,20,0,142.0
10110024FARIASG_2026-01-13_G29,10110024FARIASG,2026-01-13,117785,1,50,0,422.0
10110024FARIASG_2026-01-13_G30,10110024FARIASG,2026-01-13,111463,1,20,0,278.0
10110024FARIASG_2026-01-13_G31,10110024FARIASG,2026-01-13,111463,1,10,0,73.0
10110024FARIASG_2026-01-13_G32,10110024FARIASG,2026-01-13,141458,1,30,0,285.0
10110024FARIASG_2026-01-13_G33,10110024FARIASG,2026-01-13,111469,1,30,0,549.0
10110024FARIASG_2026-01-13_G34,10110024FARIASG,2026-01-13,110832,1,6,0,1116.0
10110024FARIASG_2026-01-13_G35,10110024FARIASG,2026-01-13,111441,1,4,0,105.0
10110024FARIASG_2026-01-13_G36,10110024FARIASG,2026-01-13,110733,1,10,0,152.0
10110024FARIASG_2026-01-13_G37,10110024FARIASG,2026-01-13,118094,1,9,0,157.0
10110024FARIASG_2026-01-13_G38,10110024FARIASG,2026-01-13,111569,1,6,0,93.0
10110024FARIASG_2026-01-13_G39,10110024FARIASG,2026-01-13,111438,1,6,0,274.0
10110024FARIASG_2026-01-13_G40,10110024FARIASG,2026-01-13,111467,1,12,0,152.0
10110024FARIASG_2026-01-13_G41,10110024FARIASG,2026-01-13,117835,1,6,0,121.0
10110024FARIASG_2026-01-13_G42,10110024FARIASG,2026-01-13,140923,1,12,0,268.0
10110024FARIASG_2026-01-13_G43,10110024FARIASG,2026-01-13,110895,1,10,0,96.0
10110024FARIASG_2026-01-13_G44,10110024FARIASG,2026-01-13,110313,1,16,0,144.0
10110024FARIASG_2026-01-13_G45,10110024FARIASG,2026-01-13,107629,1,16,0,132.0
10110024FARIASG_2026-01-13_G46,10110024FARIASG,2026-01-13,110747,1,6,0,131.0
10110024FARIASG_2026-01-13_G47,10110024FARIASG,2026-01-13,110755,1,4,0,558.0
10110024FARIASG_2026-01-13_G48,10110024FARIASG,2026-01-13,117786,1,16,0,324.0
10110024FARIASG_2026-01-13_G49,10110024FARIASG,2026-01-13,109647,1,3,0,125.0
10110024FARIASG_2026-01-13_G50,10110024FARIASG,2026-01-13,110325,1,2,0,172.0
10110024FARIASG_2026-01-13_G51,10110024FARIASG,2026-01-13,117808,1,135,0,484.0
10110024FARIASG_2026-01-13_G52,10110024FARIASG,2026-01-13,110372,1,100,0,102.0
10110024FARIASG_2026-01-13_G53,10110024FARIASG,2026-01-13,110373,1,100,0,524.0
10110024FARIASG_2026-01-13_G54,10110024FARIASG,2026-01-13,118299,1,80,0,516.0
10110024FARIASG_2026-01-13_G55,10110024FARIASG,2026-01-13,110371,1,80,0,450.0
10110024FARIASG_2026-01-13_G56,10110024FARIASG,2026-01-13,117820,1,50,0,416.0
10110024FARIASG_2026-01-13_G57,10110024FARIASG,2026-01-13,118299,1,50,0,646.0
10110024FARIASG_2026-01-13_G58,10110024FARIASG,2026-01-13,142045,1,2,0,1250.0
10110024FARIASG_2026-01-13_G59,10110024FARIASG,2026-01-13,141066,1,4,0,214.0
10110024FARIASG_2026-01-13_G60,10110024FARIASG,2026-01-13,110733,1,2,0,142.0
10110024FARIASG_2026-01-13_G61,10110024FARIASG,2026-01-13,117855,1,4,0,72.0
10110024FARIASG_2026-01-13_G62,10110024FARIASG,2026-01-13,140923,1,1,0,135.0
10110024FARIASG_2026-01-13_G63,10110024FARIASG,2026-01-13,110895,1,2,0,76.0
10110024FARIASG_2026-01-13_G64,10110024FARIASG,2026-01-13,117861,1,2,0,118.0
10110024FARIASG_2026-01-13_G65,10110024FARIASG,2026-01-13,117856,1,2,0,69.0
10110024FARIASG_2026-01-13_G66,10110024FARIASG,2026-01-13,110339,1,2,0,91.0
10110024FARIASG_2026-01-13_G67,10110024FARIASG,2026-01-13,111743,1,4,0,240.0
10110024FARIASG_2026-01-13_G68,10110024FARIASG,2026-01-13,108795,1,2,0,79.0
10110024FARIASG_2026-01-13_G69,10110024FARIASG,2026-01-13,108794,1,2,0,80.0
10110024FARIASG_2026-01-13_G70,10110024FARIASG,2026-01-13,111532,1,8,0,89.0
10110024FARIASG_2026-01-13_G71,10110024FARIASG,2026-01-13,117831,1,1,0,48.0
10110024FARIASG_2026-01-13_G72,10110024FARIASG,2026-01-13,111418,1,3,0,303.0
10110024FARIASG_2026-01-13_G73,10110024FARIASG,2026-01-13,140922,1,2,0,56.0
10110024FARIASG_2026-01-13_G74,10110024FARIASG,2026-01-13,117809,1,4,0,95.0
10110024FARIASG_2026-01-13_G75,10110024FARIASG,2026-01-13,117838,1,4,0,112.0
10110024FARIASG_2026-01-13_G76,10110024FARIASG,2026-01-13,117785,1,2,0,104.0
10110024FARIASG_2026-01-13_G77,10110024FARIASG,2026-01-13,111463,1,2,0,60.0
10110024FARIASG_2026-01-13_G78,10110024FARIASG,2026-01-13,111469,1,2,0,58.0
10110024FARIASG_2026-01-13_G79,10110024FARIASG,2026-01-13,117787,1,2,0,97.0
10110024FARIASG_2026-01-13_G80,10110024FARIASG,2026-01-13,107830,1,2,0,82.0
10110024FARIASG_2026-01-13_G81,10110024FARIASG,2026-01-13,111705,1,2,0,310.0
10110024FARIASG_2026-01-13_G82,10110024FARIASG,2026-01-13,110895,1,6,0,212.0
10110024FARIASG_2026-01-13_G83,10110024FARIASG,2026-01-13,110733,1,4,0,657.0
10110024FARIASG_2026-01-13_G84,10110024FARIASG,2026-01-13,111418,1,4,0,143.0
10110024FARIASG_2026-01-13_G85,10110024FARIASG,2026-01-13,110372,1,10,0,98.0
10110024FARIASG_2026-01-13_G86,10110024FARIASG,2026-01-13,110373,1,2,0,102.0
10110024FARIASG_2026-01-13_G87,10110024FARIASG,2026-01-13,110375,1,2,0,105.0
10110024FARIASG_2026-01-13_G88,10110024FARIASG,2026-01-13,111466,1,1,0,114.0
10110024FARIASG_2026-01-13_G89,10110024FARIASG,2026-01-13,117838,1,2,0,40.0
10110024FARIASG_2026-01-13_G90,10110024FARIASG,2026-01-13,117785,1,2,0,108.0
10110024FARIASG_2026-01-13_G91,10110024FARIASG,2026-01-13,111463,1,2,0,56.0
10110024FARIASG_2026-01-13_G92,10110024FARIASG,2026-01-13,117787,1,2,0,106.0
10110024FARIASG_2026-01-13_G94,10110024FARIASG,2026-01-13,111743,1,8,0,236.0
10110024FARIASG_2026-01-13_G95,10110024FARIASG,2026-01-13,111462,1,7,0,289.0
10110024FARIASG_2026-01-13_G96,10110024FARIASG,2026-01-13,111418,1,28,0,183.0
10110024FARIASG_2026-01-13_G97,10110024FARIASG,2026-01-13,110743,1,4,0,61.0
10110024FARIASG_2026-01-13_G98,10110024FARIASG,2026-01-13,117855,1,4,0,162.0
10110024FARIASG_2026-01-13_G99,10110024FARIASG,2026-01-13,117837,1,4,0,374.0
10110024FARIASG_2026-01-13_G100,10110024FARIASG,2026-01-13,111467,1,4,0,71.0
10110024FARIASG_2026-01-13_G101,10110024FARIASG,2026-01-13,110741,1,4,0,51.0
10110024FARIASG_2026-01-13_G102,10110024FARIASG,2026-01-13,141708,1,6,0,867.0
10110024FARIASG_2026-01-13_G103,10110024FARIASG,2026-01-13,117862,1,2,0,188.0
10110024FARIASG_2026-01-13_G104,10110024FARIASG,2026-01-13,110313,1,4,0,87.0
10110024FARIASG_2026-01-13_G105,10110024FARIASG,2026-01-13,109645,1,3,0,213.0
10110024FARIASG_2026-01-13_G106,10110024FARIASG,2026-01-13,141047,1,4,0,207.0
10110024FARIASG_2026-01-13_G107,10110024FARIASG,2026-01-13,107629,1,4,0,77.0
10110024FARIASG_2026-01-13_G108,10110024FARIASG,2026-01-13,111468,1,2,0,162.0
10110024FARIASG_2026-01-13_G109,10110024FARIASG,2026-01-13,117838,1,4,0,77.0
10110024FARIASG_2026-01-13_G110,10110024FARIASG,2026-01-13,141823,1,4,0,111.0
10110024FARIASG_2026-01-13_G111,10110024FARIASG,2026-01-13,141458,1,6,0,106.0
10110024FARIASG_2026-01-13_G112,10110024FARIASG,2026-01-13,110745,1,1,0,37.0
10110024FARIASG_2026-01-13_G113,10110024FARIASG,2026-01-13,111469,1,16,0,125.0
10110024FARIASG_2026-01-13_G114,10110024FARIASG,2026-01-13,117787,1,6,0,78.0
10110024FARIASG_2026-01-14_G02,10110024FARIASG,2026-01-14,117808,1,183,0,588.0
10110024FARIASG_2026-01-14_G03,10110024FARIASG,2026-01-14,117809,1,18,0,608.0
10110024FARIASG_2026-01-14_G04,10110024FARIASG,2026-01-14,117837,1,20,0,202.0
10110024FARIASG_2026-01-14_G05,10110024FARIASG,2026-01-14,109937,2,2,20,1550.0
10110024FARIASG_2026-01-14_G06,10110024FARIASG,2026-01-14,111569,1,10,0,334.0
10110024FARIASG_2026-01-14_G07,10110024FARIASG,2026-01-14,110742,1,6,0,131.0
10110024FARIASG_2026-01-14_G08,10110024FARIASG,2026-01-14,110747,1,4,0,89.0
10110024FARIASG_2026-01-14_G09,10110024FARIASG,2026-01-14,141916,1,3,0,96.0
10110024FARIASG_2026-01-14_G10,10110024FARIASG,2026-01-14,105705,1,4,0,160.0
10110024FARIASG_2026-01-14_G11,10110024FARIASG,2026-01-14,118140,1,50,0,532.0
10110024FARIASG_2026-01-14_G12,10110024FARIASG,2026-01-14,140922,1,10,0,418.0
10110024FARIASG_2026-01-14_G13,10110024FARIASG,2026-01-14,117821,1,20,0,640.0
10110024FARIASG_2026-01-14_G14,10110024FARIASG,2026-01-14,109645,1,3,0,283.0
10110024FARIASG_2026-01-14_G15,10110024FARIASG,2026-01-14,111468,1,12,0,125.0
10110024FARIASG_2026-01-14_G16,10110024FARIASG,2026-01-14,141048,1,4,0,143.0
10110024FARIASG_2026-01-14_G17,10110024FARIASG,2026-01-14,111444,1,4,0,134.0
10110024FARIASG_2026-01-14_G18,10110024FARIASG,2026-01-14,117787,1,10,0,146.0
10110024FARIASG_2026-01-14_G19,10110024FARIASG,2026-01-14,110740,1,10,0,92.0
10110024FARIASG_2026-01-14_G20,10110024FARIASG,2026-01-14,117831,1,30,0,646.0
10110024FARIASG_2026-01-14_G21,10110024FARIASG,2026-01-14,111418,1,40,0,281.0
10110024FARIASG_2026-01-14_G22,10110024FARIASG,2026-01-14,117785,1,80,0,287.0
10110024FARIASG_2026-01-14_G23,10110024FARIASG,2026-01-14,141458,1,50,0,331.0
10110024FARIASG_2026-01-14_G24,10110024FARIASG,2026-01-14,118094,1,20,0,949.0
10110024FARIASG_2026-01-14_G25,10110024FARIASG,2026-01-14,117837,1,4,0,64.0
10110024FARIASG_2026-01-14_G26,10110024FARIASG,2026-01-14,111467,1,10,0,444.0
10110024FARIASG_2026-01-14_G27,10110024FARIASG,2026-01-14,117862,1,12,0,154.0
10110024FARIASG_2026-01-14_G28,10110024FARIASG,2026-01-14,140923,1,10,0,102.0
10110024FARIASG_2026-01-14_G29,10110024FARIASG,2026-01-14,110313,1,8,0,109.0
10110024FARIASG_2026-01-14_G30,10110024FARIASG,2026-01-14,107629,1,4,0,249.0
10110024FARIASG_2026-01-14_G31,10110024FARIASG,2026-01-14,117856,1,8,0,88.0
10110024FARIASG_2026-01-14_G32,10110024FARIASG,2026-01-14,117786,1,12,0,106.0
10110024FARIASG_2026-01-14_G33,10110024FARIASG,2026-01-14,110339,1,8,0,70.0
10110024FARIASG_2026-01-14_G34,10110024FARIASG,2026-01-14,117853,1,4,0,109.0
10110024FARIASG_2026-01-14_G35,10110024FARIASG,2026-01-14,117855,1,10,0,108.0
10110024FARIASG_2026-01-14_G37,10110024FARIASG,2026-01-14,141066,1,3,0,132.0
10110024FARIASG_2026-01-14_G38,10110024FARIASG,2026-01-14,110733,1,5,0,146.0
10110024FARIASG_2026-01-14_G39,10110024FARIASG,2026-01-14,108770,1,5,0,121.0
10110024FARIASG_2026-01-14_G40,10110024FARIASG,2026-01-14,117837,1,1,0,89.0
10110024FARIASG_2026-01-14_G41,10110024FARIASG,2026-01-14,111467,1,2,0,48.0
10110024FARIASG_2026-01-14_G42,10110024FARIASG,2026-01-14,111467,1,4,0,96.0
10110024FARIASG_2026-01-14_G43,10110024FARIASG,2026-01-14,111569,1,5,0,313.0
10110024FARIASG_2026-01-14_G44,10110024FARIASG,2026-01-14,111569,1,4,0,92.0
10110024FARIASG_2026-01-14_G45,10110024FARIASG,2026-01-14,111430,2,3,28,98.0
10110024FARIASG_2026-01-14_G46,10110024FARIASG,2026-01-14,110313,1,7,0,288.0
10110024FARIASG_2026-01-14_G47,10110024FARIASG,2026-01-14,117861,1,7,0,111.0
10110024FARIASG_2026-01-14_G48,10110024FARIASG,2026-01-14,117861,1,3,0,40.0
10110024FARIASG_2026-01-14_G49,10110024FARIASG,2026-01-14,117786,2,8,12,131.0
10110024FARIASG_2026-01-14_G50,10110024FARIASG,2026-01-14,117786,1,4,0,75.0
10110024FARIASG_2026-01-14_G51,10110024FARIASG,2026-01-14,110756,1,1,0,39.0
10110024FARIASG_2026-01-14_G52,10110024FARIASG,2026-01-14,110747,1,1,0,77.0
10110024FARIASG_2026-01-14_G53,10110024FARIASG,2026-01-14,117853,1,10,0,853.0
10110024FARIASG_2026-01-14_G54,10110024FARIASG,2026-01-14,117853,1,2,0,42.0
10110024FARIASG_2026-01-14_G55,10110024FARIASG,2026-01-14,105242,1,2,0,60.0
10110024FARIASG_2026-01-14_G56,10110024FARIASG,2026-01-14,109640,1,2,0,110.0
10110024FARIASG_2026-01-14_G57,10110024FARIASG,2026-01-14,117789,1,5,0,84.0
10110024FARIASG_2026-01-14_G58,10110024FARIASG,2026-01-14,111743,2,16,30,952.0
10110024FARIASG_2026-01-14_G59,10110024FARIASG,2026-01-14,105705,1,6,0,99.0
10110024FARIASG_2026-01-14_G60,10110024FARIASG,2026-01-14,118140,1,7,0,67.0
10110024FARIASG_2026-01-14_G61,10110024FARIASG,2026-01-14,118140,1,14,0,179.0
10110024FARIASG_2026-01-14_G62,10110024FARIASG,2026-01-14,118140,1,20,0,492.0
10110024FARIASG_2026-01-14_G63,10110024FARIASG,2026-01-14,110751,2,4,25,66.0
10110024FARIASG_2026-01-14_G64,10110024FARIASG,2026-01-14,111468,1,4,0,377.0
10110024FARIASG_2026-01-14_G65,10110024FARIASG,2026-01-14,111532,1,44,0,524.0
10110024FARIASG_2026-01-14_G66,10110024FARIASG,2026-01-14,160055,1,6,0,201.0
10110024FARIASG_2026-01-14_G67,10110024FARIASG,2026-01-14,141271,1,1,0,55.0
10110024FARIASG_2026-01-14_G68,10110024FARIASG,2026-01-14,111443,1,3,0,287.0
10110024FARIASG_2026-01-14_G69,10110024FARIASG,2026-01-14,117785,1,1,0,35.0
10110024FARIASG_2026-01-14_G70,10110024FARIASG,2026-01-14,117787,1,10,0,145.0
10110024FARIASG_2026-01-14_G71,10110024FARIASG,2026-01-14,110740,1,8,0,273.0
10110024FARIASG_2026-01-15_G02,10110024FARIASG,2026-01-15,111467,1,14,0,297.0
10110024FARIASG_2026-01-15_G03,10110024FARIASG,2026-01-15,110313,1,8,0,162.0
10110024FARIASG_2026-01-15_G04,10110024FARIASG,2026-01-15,107629,1,5,0,168.0
10110024FARIASG_2026-01-15_G05,10110024FARIASG,2026-01-15,117856,1,18,0,202.0
10110024FARIASG_2026-01-15_G06,10110024FARIASG,2026-01-15,142045,1,40,0,816.0
10110024FARIASG_2026-01-15_G07,10110024FARIASG,2026-01-15,142045,1,20,0,499.0
10110024FARIASG_2026-01-15_G08,10110024FARIASG,2026-01-15,111438,1,17,0,363.0
10110024FARIASG_2026-01-15_G09,10110024FARIASG,2026-01-15,117786,1,14,0,265.0
10110024FARIASG_2026-01-15_G10,10110024FARIASG,2026-01-15,110339,1,4,0,48.0
10110024FARIASG_2026-01-15_G11,10110024FARIASG,2026-01-15,140923,1,90,0,2165.0
10110024FARIASG_2026-01-15_G12,10110024FARIASG,2026-01-15,141066,1,2,0,909.0
10110024FARIASG_2026-01-15_G13,10110024FARIASG,2026-01-15,118094,1,15,0,200.0
10110024FARIASG_2026-01-15_G14,10110024FARIASG,2026-01-15,111467,1,11,0,89.0
10110024FARIASG_2026-01-15_G15,10110024FARIASG,2026-01-15,110313,1,1,0,117.0
10110024FARIASG_2026-01-15_G16,10110024FARIASG,2026-01-15,117856,1,2,0,91.0
10110024FARIASG_2026-01-15_G17,10110024FARIASG,2026-01-15,117786,1,8,0,227.0
10110024FARIASG_2026-01-15_G18,10110024FARIASG,2026-01-15,110339,1,5,0,61.0
10110024FARIASG_2026-01-15_G19,10110024FARIASG,2026-01-15,105242,1,4,0,290.0
10110024FARIASG_2026-01-15_G20,10110024FARIASG,2026-01-15,117855,1,7,0,102.0
10110024FARIASG_2026-01-15_G21,10110024FARIASG,2026-01-15,117854,1,9,0,558.0
10110024FARIASG_2026-01-15_G22,10110024FARIASG,2026-01-15,140923,1,30,0,350.0
10110024FARIASG_2026-01-15_G23,10110024FARIASG,2026-01-15,110373,1,66,0,662.0
10110024FARIASG_2026-01-15_G24,10110024FARIASG,2026-01-15,110371,1,120,0,463.0
10110024FARIASG_2026-01-15_G25,10110024FARIASG,2026-01-15,141202,1,12,0,219.0
10110024FARIASG_2026-01-15_G26,10110024FARIASG,2026-01-15,117820,1,50,0,475.0
10110024FARIASG_2026-01-15_G27,10110024FARIASG,2026-01-15,117833,1,6,0,903.0
10110024FARIASG_2026-01-15_G28,10110024FARIASG,2026-01-15,141458,1,16,0,451.0
10110024FARIASG_2026-01-15_G29,10110024FARIASG,2026-01-15,118140,1,50,0,562.0
10110024FARIASG_2026-01-15_G30,10110024FARIASG,2026-01-15,140922,1,12,0,211.0
10110024FARIASG_2026-01-15_G31,10110024FARIASG,2026-01-15,111442,1,10,0,167.0
10110024FARIASG_2026-01-15_G32,10110024FARIASG,2026-01-15,111462,1,30,0,1019.0
10110024FARIASG_2026-01-15_G33,10110024FARIASG,2026-01-15,118299,1,160,0,1152.0
10110024FARIASG_2026-01-15_G34,10110024FARIASG,2026-01-15,141202,1,4,0,106.0
10110024FARIASG_2026-01-15_G35,10110024FARIASG,2026-01-15,109643,1,3,0,60.0
10110024FARIASG_2026-01-15_G36,10110024FARIASG,2026-01-15,117832,1,20,0,177.0
10110024FARIASG_2026-01-15_G37,10110024FARIASG,2026-01-15,117808,1,400,0,637.0
10110024FARIASG_2026-01-15_G38,10110024FARIASG,2026-01-15,110373,1,160,0,644.0
10110024FARIASG_2026-01-15_G39,10110024FARIASG,2026-01-15,110371,1,70,0,483.0
10110024FARIASG_2026-01-15_G40,10110024FARIASG,2026-01-15,118094,1,11,0,372.0
10110024FARIASG_2026-01-15_G41,10110024FARIASG,2026-01-15,111467,1,17,0,117.0
10110024FARIASG_2026-01-15_G42,10110024FARIASG,2026-01-15,110741,1,6,0,64.0
10110024FARIASG_2026-01-15_G43,10110024FARIASG,2026-01-15,110750,1,4,0,113.0
10110024FARIASG_2026-01-15_G44,10110024FARIASG,2026-01-15,140923,1,34,0,569.0
10110024FARIASG_2026-01-15_G45,10110024FARIASG,2026-01-15,107629,1,14,0,551.0
10110024FARIASG_2026-01-15_G46,10110024FARIASG,2026-01-15,117786,1,17,0,179.0
10110024FARIASG_2026-01-15_G47,10110024FARIASG,2026-01-15,110733,1,12,0,253.0
10110024FARIASG_2026-01-15_G48,10110024FARIASG,2026-01-15,110339,1,2,0,73.0
10110024FARIASG_2026-01-15_G49,10110024FARIASG,2026-01-15,109640,1,14,0,554.0
10110024FARIASG_2026-01-15_G50,10110024FARIASG,2026-01-15,111463,1,70,0,420.0
10110024FARIASG_2026-01-15_G52,10110024FARIASG,2026-01-15,111418,1,8,0,121.0
10110024FARIASG_2026-01-15_G53,10110024FARIASG,2026-01-15,117785,1,8,0,103.0
10110024FARIASG_2026-01-15_G54,10110024FARIASG,2026-01-15,110372,1,20,0,224.0
10110024FARIASG_2026-01-15_G55,10110024FARIASG,2026-01-15,117808,1,8,0,155.0
10110024FARIASG_2026-01-15_G56,10110024FARIASG,2026-01-15,110313,1,12,0,556.0
10110024FARIASG_2026-01-15_G57,10110024FARIASG,2026-01-15,110313,1,4,0,154.0
10110024FARIASG_2026-01-15_G58,10110024FARIASG,2026-01-15,110313,1,4,0,55.0
10110024FARIASG_2026-01-15_G59,10110024FARIASG,2026-01-15,117785,1,10,0,451.0
10110024FARIASG_2026-01-15_G60,10110024FARIASG,2026-01-15,117808,1,12,0,140.0
10110024FARIASG_2026-01-15_G61,10110024FARIASG,2026-01-15,110371,1,12,0,101.0
10110024FARIASG_2026-01-15_G62,10110024FARIASG,2026-01-15,117862,1,4,0,106.0
10110024FARIASG_2026-01-15_G63,10110024FARIASG,2026-01-15,110339,1,12,0,148.0
10110024FARIASG_2026-01-15_G64,10110024FARIASG,2026-01-15,111418,1,12,0,167.0
10110024FARIASG_2026-01-15_G65,10110024FARIASG,2026-01-15,110374,1,16,0,302.0
10110024FARIASG_2026-01-15_G66,10110024FARIASG,2026-01-15,117808,1,11,0,117.0
10110024FARIASG_2026-01-16_G02,10110024FARIASG,2026-01-16,111418,1,609,0,1948.0
10110024FARIASG_2026-01-16_G03,10110024FARIASG,2026-01-16,117785,1,500,0,2288.0
10110024FARIASG_2026-01-16_G04,10110024FARIASG,2026-01-16,111348,1,100,0,1750.0
10110024FARIASG_2026-01-16_G05,10110024FARIASG,2026-01-16,111462,1,134,0,716.0
10110024FARIASG_2026-01-16_G06,10110024FARIASG,2026-01-16,111172,1,100,0,730.0
10110024FARIASG_2026-01-16_G07,10110024FARIASG,2026-01-16,110745,1,354,0,1418.0
10110024FARIASG_2026-01-16_G08,10110024FARIASG,2026-01-16,111441,1,152,0,2063.0
10110024FARIASG_2026-01-16_G09,10110024FARIASG,2026-01-16,118094,1,5,0,966.0
10110024FARIASG_2026-01-16_G10,10110024FARIASG,2026-01-16,111467,1,2,0,141.0
10110024FARIASG_2026-01-16_G11,10110024FARIASG,2026-01-16,117862,1,10,0,95.0
10110024FARIASG_2026-01-16_G12,10110024FARIASG,2026-01-16,140923,1,14,0,147.0
10110024FARIASG_2026-01-16_G13,10110024FARIASG,2026-01-16,110313,1,8,0,106.0
10110024FARIASG_2026-01-16_G14,10110024FARIASG,2026-01-16,141047,1,1,0,72.0
10110024FARIASG_2026-01-16_G15,10110024FARIASG,2026-01-16,117786,1,2,0,155.0
10110024FARIASG_2026-01-16_G16,10110024FARIASG,2026-01-16,110733,1,6,0,281.0
10110024FARIASG_2026-01-16_G17,10110024FARIASG,2026-01-16,110339,1,8,0,200.0
10110024FARIASG_2026-01-16_G18,10110024FARIASG,2026-01-16,109647,1,10,0,136.0
10110024FARIASG_2026-01-16_G19,10110024FARIASG,2026-01-16,110372,1,2,0,243.0
10110024FARIASG_2026-01-16_G20,10110024FARIASG,2026-01-16,110372,1,82,0,1394.0
10110024FARIASG_2026-01-16_G21,10110024FARIASG,2026-01-16,118299,1,7,0,142.0
10110024FARIASG_2026-01-16_G22,10110024FARIASG,2026-01-16,117808,1,40,0,352.0
10110024FARIASG_2026-01-16_G23,10110024FARIASG,2026-01-16,110373,1,16,0,186.0
10110024FARIASG_2026-01-16_G24,10110024FARIASG,2026-01-16,141458,1,6,0,673.0
10110024FARIASG_2026-01-16_G25,10110024FARIASG,2026-01-16,142045,1,8,0,299.0
10110024FARIASG_2026-01-16_G26,10110024FARIASG,2026-01-16,111467,1,8,0,117.0
10110024FARIASG_2026-01-16_G27,10110024FARIASG,2026-01-16,111743,1,3,0,86.0
10110024FARIASG_2026-01-16_G28,10110024FARIASG,2026-01-16,117821,1,2,0,73.0
10110024FARIASG_2026-01-16_G29,10110024FARIASG,2026-01-16,111418,1,2,0,72.0
10110024FARIASG_2026-01-16_G30,10110024FARIASG,2026-01-16,111463,1,4,0,85.0
10110024FARIASG_2026-01-16_G31,10110024FARIASG,2026-01-16,100334,1,4,0,91.0
10110024FARIASG_2026-01-16_G32,10110024FARIASG,2026-01-16,110755,1,7,0,103.0
10110024FARIASG_2026-01-16_G34,10110024FARIASG,2026-01-16,118140,1,2,0,743.0
10110024FARIASG_2026-01-16_G35,10110024FARIASG,2026-01-16,110373,1,4,0,406.0
10110024FARIASG_2026-01-16_G36,10110024FARIASG,2026-01-16,117830,1,3,0,60.0
10110024FARIASG_2026-01-16_G37,10110024FARIASG,2026-01-16,117832,1,6,0,116.0
10110024FARIASG_2026-01-16_G38,10110024FARIASG,2026-01-16,110373,1,4,0,109.0
10110024FARIASG_2026-01-16_G39,10110024FARIASG,2026-01-16,117820,1,32,0,321.0
10110024FARIASG_2026-01-16_G40,10110024FARIASG,2026-01-16,111330,1,4,0,711.0
10110024FARIASG_2026-01-16_G41,10110024FARIASG,2026-01-16,141458,1,4,0,263.0
10110024FARIASG_2026-01-17_G02,10110024FARIASG,2026-01-17,111532,1,8,0,131.0
10110024FARIASG_2026-01-17_G03,10110024FARIASG,2026-01-17,109641,1,8,0,236.0
10110024FARIASG_2026-01-17_G04,10110024FARIASG,2026-01-17,118140,1,16,0,209.0
10110024FARIASG_2026-01-17_G05,10110024FARIASG,2026-01-17,117785,1,12,0,154.0
10110024FARIASG_2026-01-17_G06,10110024FARIASG,2026-01-17,111418,1,50,0,497.0
10110024FARIASG_2026-01-17_G07,10110024FARIASG,2026-01-17,141457,1,4,0,1614.0
10110024FARIASG_2026-01-17_G08,10110024FARIASG,2026-01-17,110733,1,8,0,744.0
10110024FARIASG_2026-01-17_G09,10110024FARIASG,2026-01-17,110313,1,4,0,124.0
10110024FARIASG_2026-01-17_G10,10110024FARIASG,2026-01-17,111602,1,6,0,133.0
10110024FARIASG_2026-01-17_G11,10110024FARIASG,2026-01-17,118140,1,5,0,98.0
10110024FARIASG_2026-01-17_G12,10110024FARIASG,2026-01-17,140922,1,4,0,160.0
10110024FARIASG_2026-01-17_G13,10110024FARIASG,2026-01-17,111602,1,17,0,2157.0
10110024FARIASG_2026-01-17_G14,10110024FARIASG,2026-01-17,111602,1,2,0,33.0
10110024FARIASG_2026-01-17_G15,10110024FARIASG,2026-01-17,142045,1,4,0,141.0
10110024FARIASG_2026-01-17_G16,10110024FARIASG,2026-01-17,111430,1,1,0,69.0
10110024FARIASG_2026-01-17_G17,10110024FARIASG,2026-01-17,111438,1,4,0,65.0
10110024FARIASG_2026-01-17_G18,10110024FARIASG,2026-01-17,140922,1,2,0,89.0
10110024FARIASG_2026-01-17_G19,10110024FARIASG,2026-01-17,110313,1,2,0,105.0
10110024FARIASG_2026-01-17_G20,10110024FARIASG,2026-01-17,111418,1,4,0,111.0
10110024FARIASG_2026-01-17_G21,10110024FARIASG,2026-01-17,111469,1,6,0,108.0
10110024FARIASG_2026-01-17_G22,10110024FARIASG,2026-01-17,117855,1,1,0,92.0
10110024FARIASG_2026-01-17_G23,10110024FARIASG,2026-01-17,118140,1,4,0,95.0
10110024FARIASG_2026-01-17_G24,10110024FARIASG,2026-01-17,117785,1,4,0,338.0
10110024FARIASG_2026-01-17_G25,10110024FARIASG,2026-01-17,117830,1,4,0,179.0
10110024FARIASG_2026-01-17_G26,10110024FARIASG,2026-01-17,111602,1,40,0,1332.0
10110024FARIASG_2026-01-17_G27,10110024FARIASG,2026-01-17,111120,1,1,0,88.0
10110024FARIASG_2026-01-17_G28,10110024FARIASG,2026-01-17,111602,1,33,0,872.0
10110024FARIASG_2026-01-17_G29,10110024FARIASG,2026-01-17,111172,1,2,0,89.0
10110024FARIASG_2026-01-17_G30,10110024FARIASG,2026-01-17,141457,1,19,0,118.0
10110024FARIASG_2026-01-17_G31,10110024FARIASG,2026-01-17,110374,1,36,0,519.0
10110024FARIASG_2026-01-17_G32,10110024FARIASG,2026-01-17,140922,1,2,0,873.0
10110024FARIASG_2026-01-17_G33,10110024FARIASG,2026-01-17,110743,1,4,0,145.0
10110024FARIASG_2026-01-17_G34,10110024FARIASG,2026-01-17,110372,2,33,30,194.0
10110024FARIASG_2026-01-17_G35,10110024FARIASG,2026-01-17,111466,1,2,0,143.0
10110024FARIASG_2026-01-17_G36,10110024FARIASG,2026-01-17,111532,1,12,0,133.0
10110024FARIASG_2026-01-17_G37,10110024FARIASG,2026-01-17,109641,1,4,0,105.0
10110024FARIASG_2026-01-17_G38,10110024FARIASG,2026-01-17,111418,1,12,0,107.0
10110024FARIASG_2026-01-17_G39,10110024FARIASG,2026-01-17,111463,1,24,0,539.0
10110024FARIASG_2026-01-17_G40,10110024FARIASG,2026-01-17,111469,1,2,0,103.0
10110024FARIASG_2026-01-17_G41,10110024FARIASG,2026-01-17,111469,1,10,0,62.0
10110024FARIASG_2026-01-17_G42,10110024FARIASG,2026-01-17,111431,1,6,0,81.0
10110024FARIASG_2026-01-17_G43,10110024FARIASG,2026-01-17,111465,2,6,27,82.0
10110024FARIASG_2026-01-17_G44,10110024FARIASG,2026-01-17,110740,1,4,0,47.0
10110024FARIASG_2026-01-17_G45,10110024FARIASG,2026-01-17,111467,1,5,0,468.0
10110024FARIASG_2026-01-17_G46,10110024FARIASG,2026-01-17,142045,1,12,0,191.0
10110024FARIASG_2026-01-17_G47,10110024FARIASG,2026-01-17,140923,1,15,0,184.0
10110024FARIASG_2026-01-17_G48,10110024FARIASG,2026-01-17,109640,1,2,0,181.0
10110024FARIASG_2026-01-17_G49,10110024FARIASG,2026-01-17,110752,1,4,0,99.0
10110024FARIASG_2026-01-17_G50,10110024FARIASG,2026-01-17,141916,1,4,0,662.0
10110024FARIASG_2026-01-19_G02,10110024FARIASG,2026-01-19,111467,1,3,0,112.0
10110024FARIASG_2026-01-19_G03,10110024FARIASG,2026-01-19,140923,1,12,0,388.0
10110024FARIASG_2026-01-19_G04,10110024FARIASG,2026-01-19,141047,1,3,0,90.0
10110024FARIASG_2026-01-19_G05,10110024FARIASG,2026-01-19,109643,1,4,0,93.0
10110024FARIASG_2026-01-19_G06,10110024FARIASG,2026-01-19,108795,1,2,0,68.0
10110024FARIASG_2026-01-19_G07,10110024FARIASG,2026-01-19,108794,1,4,0,117.0
10110024FARIASG_2026-01-19_G08,10110024FARIASG,2026-01-19,117831,1,4,0,93.0
10110024FARIASG_2026-01-19_G09,10110024FARIASG,2026-01-19,111468,1,3,0,121.0
10110024FARIASG_2026-01-19_G10,10110024FARIASG,2026-01-19,110373,1,20,0,289.0
10110024FARIASG_2026-01-19_G11,10110024FARIASG,2026-01-19,118277,1,3,0,104.0
10110024FARIASG_2026-01-19_G12,10110024FARIASG,2026-01-19,111602,1,20,0,501.0
10110024FARIASG_2026-01-19_G13,10110024FARIASG,2026-01-19,141202,1,3,0,125.0
10110024FARIASG_2026-01-19_G14,10110024FARIASG,2026-01-19,111743,1,2,0,115.0
10110024FARIASG_2026-01-19_G15,10110024FARIASG,2026-01-19,108795,1,2,0,101.0
10110024FARIASG_2026-01-19_G16,10110024FARIASG,2026-01-19,118299,1,5,0,92.0
10110024FARIASG_2026-01-19_G17,10110024FARIASG,2026-01-19,117830,1,12,0,148.0
10110024FARIASG_2026-01-19_G18,10110024FARIASG,2026-01-19,118299,1,16,0,334.0
10110024FARIASG_2026-01-19_G19,10110024FARIASG,2026-01-19,118299,1,20,0,112.0
10110024FARIASG_2026-01-19_G20,10110024FARIASG,2026-01-19,118223,1,4,0,165.0
10110024FARIASG_2026-01-19_G21,10110024FARIASG,2026-01-19,118140,1,6,0,117.0
10110024FARIASG_2026-01-19_G22,10110024FARIASG,2026-01-19,118299,1,20,0,309.0
10110024FARIASG_2026-01-19_G23,10110024FARIASG,2026-01-19,118299,1,8,0,88.0
10110024FARIASG_2026-01-19_G24,10110024FARIASG,2026-01-19,118299,1,12,0,66.0
10110024FARIASG_2026-01-19_G25,10110024FARIASG,2026-01-19,111876,1,2,0,885.0
10110024FARIASG_2026-01-19_G26,10110024FARIASG,2026-01-19,111441,1,1,0,175.0
10110024FARIASG_2026-01-19_G27,10110024FARIASG,2026-01-19,140923,1,4,0,131.0
10110024FARIASG_2026-01-19_G28,10110024FARIASG,2026-01-19,110895,1,2,0,75.0
10110024FARIASG_2026-01-19_G29,10110024FARIASG,2026-01-19,141047,1,2,0,117.0
10110024FARIASG_2026-01-19_G30,10110024FARIASG,2026-01-19,117856,1,4,0,76.0
10110024FARIASG_2026-01-19_G31,10110024FARIASG,2026-01-19,110733,1,5,0,70.0
10110024FARIASG_2026-01-19_G32,10110024FARIASG,2026-01-19,111602,1,1,0,51.0
10110024FARIASG_2026-01-19_G33,10110024FARIASG,2026-01-19,110339,1,4,0,68.0
10110024FARIASG_2026-01-19_G34,10110024FARIASG,2026-01-19,117808,1,11,0,186.0
10110024FARIASG_2026-01-19_G35,10110024FARIASG,2026-01-19,110374,1,4,0,83.0
10110024FARIASG_2026-01-19_G36,10110024FARIASG,2026-01-19,117831,1,4,0,74.0
10110024FARIASG_2026-01-19_G37,10110024FARIASG,2026-01-19,111462,1,4,0,73.0
10110024FARIASG_2026-01-19_G38,10110024FARIASG,2026-01-19,117821,1,2,0,43.0
10110024FARIASG_2026-01-19_G39,10110024FARIASG,2026-01-19,110372,1,6,0,78.0
10110024FARIASG_2026-01-19_G40,10110024FARIASG,2026-01-19,109645,1,4,0,99.0
10110024FARIASG_2026-01-19_G41,10110024FARIASG,2026-01-19,111466,1,6,0,71.0
10110024FARIASG_2026-01-19_G42,10110024FARIASG,2026-01-19,111468,1,2,0,49.0
10110024FARIASG_2026-01-19_G43,10110024FARIASG,2026-01-19,117820,1,4,0,105.0
10110024FARIASG_2026-01-19_G44,10110024FARIASG,2026-01-19,110371,1,4,0,78.0
10110024FARIASG_2026-01-19_G45,10110024FARIASG,2026-01-19,117838,1,2,0,95.0
10110024FARIASG_2026-01-19_G46,10110024FARIASG,2026-01-19,141271,1,6,0,282.0
10110024FARIASG_2026-01-19_G47,10110024FARIASG,2026-01-19,109641,1,1,0,50.0
10110024FARIASG_2026-01-19_G48,10110024FARIASG,2026-01-19,118299,1,8,0,122.0
10110024FARIASG_2026-01-19_G49,10110024FARIASG,2026-01-19,111418,1,2,0,68.0
10110024FARIASG_2026-01-19_G50,10110024FARIASG,2026-01-19,110373,1,10,0,121.0
10110024FARIASG_2026-01-19_G51,10110024FARIASG,2026-01-19,118140,1,2,0,74.0
10110024FARIASG_2026-01-19_G52,10110024FARIASG,2026-01-19,117785,1,2,0,108.0
10110024FARIASG_2026-01-19_G53,10110024FARIASG,2026-01-19,111441,1,4,0,781.0
10110024FARIASG_2026-01-19_G54,10110024FARIASG,2026-01-19,142045,1,4,0,387.0
10110024FARIASG_2026-01-19_G55,10110024FARIASG,2026-01-19,110895,1,2,0,74.0
10110024FARIASG_2026-01-19_G56,10110024FARIASG,2026-01-19,110313,1,2,0,39.0
10110024FARIASG_2026-01-19_G57,10110024FARIASG,2026-01-19,117862,1,6,0,62.0
10110024FARIASG_2026-01-19_G58,10110024FARIASG,2026-01-19,140923,1,16,0,163.0
10110024FARIASG_2026-01-19_G59,10110024FARIASG,2026-01-19,117834,1,2,0,74.0
10110024FARIASG_2026-01-19_G60,10110024FARIASG,2026-01-19,117856,1,16,0,259.0
10110024FARIASG_2026-01-19_G61,10110024FARIASG,2026-01-19,111602,1,13,0,416.0
10110024FARIASG_2026-01-19_G62,10110024FARIASG,2026-01-19,111602,1,11,0,69.0
10110024FARIASG_2026-01-19_G63,10110024FARIASG,2026-01-19,110339,1,2,0,48.0
10110024FARIASG_2026-01-19_G64,10110024FARIASG,2026-01-19,117855,1,8,0,89.0
10110024FARIASG_2026-01-19_G65,10110024FARIASG,2026-01-19,110374,1,4,0,286.0
10110024FARIASG_2026-01-19_G66,10110024FARIASG,2026-01-19,117809,1,9,0,90.0
10110024FARIASG_2026-01-19_G67,10110024FARIASG,2026-01-19,140922,1,8,0,157.0
10110024FARIASG_2026-01-19_G68,10110024FARIASG,2026-01-19,117831,1,2,0,41.0
10110024FARIASG_2026-01-19_G69,10110024FARIASG,2026-01-19,111462,1,6,0,58.0
10110024FARIASG_2026-01-19_G70,10110024FARIASG,2026-01-19,110751,1,2,0,39.0
10110024FARIASG_2026-01-19_G71,10110024FARIASG,2026-01-19,110743,1,1,0,86.0
10110024FARIASG_2026-01-19_G72,10110024FARIASG,2026-01-19,110372,1,23,0,244.0
10110024FARIASG_2026-01-19_G73,10110024FARIASG,2026-01-19,111466,1,4,0,117.0
10110024FARIASG_2026-01-19_G74,10110024FARIASG,2026-01-19,111468,1,5,0,58.0
10110024FARIASG_2026-01-19_G75,10110024FARIASG,2026-01-19,117820,1,10,0,87.0
10110024FARIASG_2026-01-19_G76,10110024FARIASG,2026-01-19,109643,1,2,0,110.0
10110024FARIASG_2026-01-19_G77,10110024FARIASG,2026-01-19,141271,1,4,0,82.0
10110024FARIASG_2026-01-19_G78,10110024FARIASG,2026-01-19,111442,1,4,0,82.0
10110024FARIASG_2026-01-19_G79,10110024FARIASG,2026-01-19,111418,1,13,0,139.0
10110024FARIASG_2026-01-19_G80,10110024FARIASG,2026-01-19,111469,1,2,0,81.0
10110024FARIASG_2026-01-19_G81,10110024FARIASG,2026-01-19,110740,1,2,0,63.0
10110024FARIASG_2026-01-19_G82,10110024FARIASG,2026-01-19,117785,1,1,0,62.0
10110024FARIASG_2026-01-19_G83,10110024FARIASG,2026-01-19,118299,1,30,0,370.0
10110024FARIASG_2026-01-19_G84,10110024FARIASG,2026-01-19,117830,1,11,0,177.0
10110024FARIASG_2026-01-19_G85,10110024FARIASG,2026-01-19,111467,1,2,0,825.0
10110024FARIASG_2026-01-19_G86,10110024FARIASG,2026-01-19,110895,1,1,0,80.0
10110024FARIASG_2026-01-19_G87,10110024FARIASG,2026-01-19,117862,1,2,0,49.0
10110024FARIASG_2026-01-19_G88,10110024FARIASG,2026-01-19,140923,1,2,0,50.0
10110024FARIASG_2026-01-19_G89,10110024FARIASG,2026-01-19,117831,1,1,0,113.0
10110024FARIASG_2026-01-19_G90,10110024FARIASG,2026-01-19,110751,1,2,0,56.0
10110024FARIASG_2026-01-19_G91,10110024FARIASG,2026-01-19,117808,1,6,0,98.0
10110024FARIASG_2026-01-19_G92,10110024FARIASG,2026-01-19,110374,1,4,0,51.0
10110024FARIASG_2026-01-19_G93,10110024FARIASG,2026-01-19,109648,1,2,0,86.0
10110024FARIASG_2026-01-19_G94,10110024FARIASG,2026-01-19,110372,1,11,0,73.0
10110024FARIASG_2026-01-19_G95,10110024FARIASG,2026-01-19,141202,1,6,0,123.0
10110024FARIASG_2026-01-19_G96,10110024FARIASG,2026-01-19,111466,1,4,0,138.0
10110024FARIASG_2026-01-19_G97,10110024FARIASG,2026-01-19,111468,1,2,0,49.0
10110024FARIASG_2026-01-19_G98,10110024FARIASG,2026-01-19,117856,1,1,0,91.0
10110024FARIASG_2026-01-19_G99,10110024FARIASG,2026-01-19,111602,1,2,0,105.0
10110024FARIASG_2026-01-19_G100,10110024FARIASG,2026-01-19,111418,1,10,0,85.0
10110024FARIASG_2026-01-19_G101,10110024FARIASG,2026-01-19,111469,1,1,0,52.0
10110024FARIASG_2026-01-19_G102,10110024FARIASG,2026-01-19,110740,1,4,0,101.0
10110024FARIASG_2026-01-19_G103,10110024FARIASG,2026-01-19,110373,1,6,0,182.0
10110024FARIASG_2026-01-19_G104,10110024FARIASG,2026-01-19,107830,1,2,0,62.0
10110024FARIASG_2026-01-19_G105,10110024FARIASG,2026-01-19,117785,1,2,0,87.0
10110024FARIASG_2026-01-19_G106,10110024FARIASG,2026-01-19,110895,1,4,0,166.0
10110024FARIASG_2026-01-19_G108,10110024FARIASG,2026-01-19,108794,1,12,0,333.0
10110024FARIASG_2026-01-19_G109,10110024FARIASG,2026-01-19,110313,1,4,0,293.0
10110024FARIASG_2026-01-19_G110,10110024FARIASG,2026-01-19,111466,1,7,0,126.0
10110024FARIASG_2026-01-19_G111,10110024FARIASG,2026-01-19,118290,1,1,0,136.0
10110024FARIASG_2026-01-19_G112,10110024FARIASG,2026-01-19,116527,1,4,0,1525.0
10110024FARIASG_2026-01-19_G113,10110024FARIASG,2026-01-19,117821,1,2,0,113.0
10110024FARIASG_2026-01-19_G114,10110024FARIASG,2026-01-19,108795,1,2,0,112.0
10110024FARIASG_2026-01-19_G115,10110024FARIASG,2026-01-19,105705,1,4,0,112.0
10110024FARIASG_2026-01-19_G116,10110024FARIASG,2026-01-19,110500,1,2,0,145.0
10110024FARIASG_2026-01-19_G117,10110024FARIASG,2026-01-19,109641,1,8,0,176.0
10110024FARIASG_2026-01-19_G118,10110024FARIASG,2026-01-19,110740,1,12,0,277.0
10110024FARIASG_2026-01-19_G119,10110024FARIASG,2026-01-19,117820,1,58,0,577.0
10110024FARIASG_2026-01-19_G120,10110024FARIASG,2026-01-19,118140,1,10,0,335.0
10110024FARIASG_2026-01-19_G121,10110024FARIASG,2026-01-19,111330,1,6,0,311.0
10110024FARIASG_2026-01-19_G122,10110024FARIASG,2026-01-19,142045,1,16,0,595.0
10110024FARIASG_2026-01-19_G123,10110024FARIASG,2026-01-19,110374,1,7,0,168.0
10110024FARIASG_2026-01-19_G124,10110024FARIASG,2026-01-19,117862,1,4,0,97.0
10110024FARIASG_2026-01-19_G125,10110024FARIASG,2026-01-19,111602,1,8,0,116.0
10110024FARIASG_2026-01-19_G126,10110024FARIASG,2026-01-19,117797,1,4,0,100.0
10110024FARIASG_2026-01-19_G127,10110024FARIASG,2026-01-19,110313,1,5,0,227.0
10110024FARIASG_2026-01-19_G128,10110024FARIASG,2026-01-19,117862,1,4,0,50.0
10110024FARIASG_2026-01-19_G129,10110024FARIASG,2026-01-19,111532,1,8,0,450.0
10110024FARIASG_2026-01-19_G130,10110024FARIASG,2026-01-19,117808,1,5,0,187.0
10110024FARIASG_2026-01-19_G131,10110024FARIASG,2026-01-19,142045,1,4,0,336.0
10110024FARIASG_2026-01-19_G132,10110024FARIASG,2026-01-19,110374,1,6,0,82.0
10110024FARIASG_2026-01-19_G133,10110024FARIASG,2026-01-19,142045,1,8,0,117.0
10110024FARIASG_2026-01-19_G134,10110024FARIASG,2026-01-19,110374,1,24,0,266.0
10110024FARIASG_2026-01-19_G135,10110024FARIASG,2026-01-19,117862,1,8,0,125.0
10110024FARIASG_2026-01-19_G136,10110024FARIASG,2026-01-19,111602,1,4,0,97.0
10110024FARIASG_2026-01-20_G02,10110024FARIASG,2026-01-20,110313,1,8,0,176.0
10110024FARIASG_2026-01-20_G03,10110024FARIASG,2026-01-20,111602,1,24,0,503.0
10110024FARIASG_2026-01-20_G04,10110024FARIASG,2026-01-20,111602,1,16,0,181.0
10110024FARIASG_2026-01-20_G05,10110024FARIASG,2026-01-20,111441,1,2,0,351.0
10110024FARIASG_2026-01-20_G06,10110024FARIASG,2026-01-20,111602,1,2,0,154.0
10110024FARIASG_2026-01-20_G07,10110024FARIASG,2026-01-20,111466,1,2,0,97.0
10110024FARIASG_2026-01-20_G08,10110024FARIASG,2026-01-20,111532,1,4,0,65.0
10110024FARIASG_2026-01-20_G09,10110024FARIASG,2026-01-20,118299,1,5,0,97.0
10110024FARIASG_2026-01-20_G10,10110024FARIASG,2026-01-20,111441,1,2,0,330.0
10110024FARIASG_2026-01-20_G11,10110024FARIASG,2026-01-20,111466,1,30,0,452.0
10110024FARIASG_2026-01-20_G12,10110024FARIASG,2026-01-20,111348,1,2,0,147.0
10110024FARIASG_2026-01-20_G13,10110024FARIASG,2026-01-20,140922,1,4,0,93.0
10110024FARIASG_2026-01-20_G14,10110024FARIASG,2026-01-20,111602,1,13,0,201.0
10110024FARIASG_2026-01-20_G15,10110024FARIASG,2026-01-20,118351,1,1,0,169.0
10110024FARIASG_2026-01-20_G16,10110024FARIASG,2026-01-20,118632,1,6,0,135.0
10110024FARIASG_2026-01-20_G17,10110024FARIASG,2026-01-20,118418,1,2,0,84.0
10110024FARIASG_2026-01-20_G18,10110024FARIASG,2026-01-20,118290,1,2,0,66.0
10110024FARIASG_2026-01-20_G19,10110024FARIASG,2026-01-20,111120,1,1,0,142.0
10110024FARIASG_2026-01-20_G20,10110024FARIASG,2026-01-20,110895,1,10,0,604.0
10110024FARIASG_2026-01-20_G21,10110024FARIASG,2026-01-20,111602,1,4,0,395.0
10110024FARIASG_2026-01-20_G22,10110024FARIASG,2026-01-20,111532,1,2,0,51.0
10110024FARIASG_2026-01-20_G23,10110024FARIASG,2026-01-20,111466,1,6,0,110.0
10110024FARIASG_2026-01-20_G24,10110024FARIASG,2026-01-20,117856,1,5,0,146.0
10110024FARIASG_2026-01-20_G25,10110024FARIASG,2026-01-20,117861,1,4,0,74.0
10110024FARIASG_2026-01-20_G26,10110024FARIASG,2026-01-20,111441,1,4,0,172.0
10110024FARIASG_2026-01-20_G27,10110024FARIASG,2026-01-20,111602,1,2,0,689.0
10110024FARIASG_2026-01-20_G28,10110024FARIASG,2026-01-20,108794,1,4,0,90.0
10110024FARIASG_2026-01-20_G29,10110024FARIASG,2026-01-20,118140,1,4,0,102.0
10110024FARIASG_2026-01-20_G30,10110024FARIASG,2026-01-20,109641,1,12,0,1526.0
10110024FARIASG_2026-01-20_G31,10110024FARIASG,2026-01-20,111469,1,46,0,389.0
10110024FARIASG_2026-01-20_G32,10110024FARIASG,2026-01-20,105705,1,2,0,398.0
10110024FARIASG_2026-01-20_G33,10110024FARIASG,2026-01-20,111462,1,4,0,256.0
10110024FARIASG_2026-01-20_G34,10110024FARIASG,2026-01-20,111466,1,8,0,100.0
10110024FARIASG_2026-01-20_G35,10110024FARIASG,2026-01-20,111743,1,4,0,1180.0
10110024FARIASG_2026-01-20_G36,10110024FARIASG,2026-01-20,160054,1,3,0,141.0
10110024FARIASG_2026-01-20_G37,10110024FARIASG,2026-01-20,111466,1,34,0,282.0
10110024FARIASG_2026-01-20_G38,10110024FARIASG,2026-01-20,141457,1,2,0,124.0
10110024FARIASG_2026-01-20_G39,10110024FARIASG,2026-01-20,111602,1,4,0,400.0
10110024FARIASG_2026-01-20_G40,10110024FARIASG,2026-01-20,111876,1,2,0,68.0
10110024FARIASG_2026-01-20_G41,10110024FARIASG,2026-01-20,117821,1,4,0,86.0
10110024FARIASG_2026-01-20_G42,10110024FARIASG,2026-01-20,111602,2,8,27,93.0
10110024FARIASG_2026-01-20_G43,10110024FARIASG,2026-01-20,141457,1,24,0,202.0
10110024FARIASG_2026-01-20_G44,10110024FARIASG,2026-01-20,160057,1,2,0,666.0
10110024FARIASG_2026-01-20_G45,10110024FARIASG,2026-01-20,111466,1,30,0,504.0
10110024FARIASG_2026-01-20_G46,10110024FARIASG,2026-01-20,111467,1,2,0,147.0
10110024FARIASG_2026-01-20_G47,10110024FARIASG,2026-01-20,117808,1,8,0,141.0
10110024FARIASG_2026-01-20_G48,10110024FARIASG,2026-01-20,117830,1,4,0,152.0
10110024FARIASG_2026-01-20_G49,10110024FARIASG,2026-01-20,"118094, 111602",2,19,28,375.0
10110024FARIASG_2026-01-20_G50,10110024FARIASG,2026-01-20,107629,1,5,0,169.0
10110024FARIASG_2026-01-20_G51,10110024FARIASG,2026-01-20,117786,1,4,0,74.0
10110024FARIASG_2026-01-20_G52,10110024FARIASG,2026-01-20,142045,1,200,0,2656.0
10110024FARIASG_2026-01-20_G53,10110024FARIASG,2026-01-20,111120,1,15,0,442.0
10110024FARIASG_2026-01-20_G55,10110024FARIASG,2026-01-20,117785,1,7,0,176.0
10110024FARIASG_2026-01-20_G56,10110024FARIASG,2026-01-20,117785,1,93,0,385.0
10110024FARIASG_2026-01-20_G57,10110024FARIASG,2026-01-20,111418,1,68,0,418.0
10110024FARIASG_2026-01-20_G58,10110024FARIASG,2026-01-20,111532,1,70,0,501.0
10110024FARIASG_2026-01-20_G59,10110024FARIASG,2026-01-20,140923,1,100,0,659.0
10110024FARIASG_2026-01-20_G60,10110024FARIASG,2026-01-20,111876,1,8,0,125.0
10110024FARIASG_2026-01-20_G61,10110024FARIASG,2026-01-20,117855,1,50,0,308.0
10110024FARIASG_2026-01-20_G62,10110024FARIASG,2026-01-20,110373,1,150,0,908.0
10110024FARIASG_2026-01-20_G63,10110024FARIASG,2026-01-20,117808,1,45,0,994.0
10110024FARIASG_2026-01-21_G02,10110024FARIASG,2026-01-21,111430,1,4,0,155.0
10110024FARIASG_2026-01-21_G03,10110024FARIASG,2026-01-21,111602,1,20,0,268.0
10110024FARIASG_2026-01-21_G04,10110024FARIASG,2026-01-21,141271,1,4,0,137.0
10110024FARIASG_2026-01-21_G05,10110024FARIASG,2026-01-21,111435,1,7,0,117.0
10110024FARIASG_2026-01-21_G06,10110024FARIASG,2026-01-21,117861,1,4,0,233.0
10110024FARIASG_2026-01-21_G07,10110024FARIASG,2026-01-21,118299,1,12,0,410.0
10110024FARIASG_2026-01-21_G08,10110024FARIASG,2026-01-21,142045,1,1,0,84.0
10110024FARIASG_2026-01-21_G09,10110024FARIASG,2026-01-21,118253,1,4,0,160.0
10110024FARIASG_2026-01-21_G10,10110024FARIASG,2026-01-21,160053,1,6,0,252.0
10110024FARIASG_2026-01-21_G11,10110024FARIASG,2026-01-21,117808,1,5,0,109.0
10110024FARIASG_2026-01-21_G12,10110024FARIASG,2026-01-21,111467,1,5,0,130.0
10110024FARIASG_2026-01-21_G13,10110024FARIASG,2026-01-21,111466,1,9,0,139.0
10110024FARIASG_2026-01-21_G14,10110024FARIASG,2026-01-21,140923,1,15,0,218.0
10110024FARIASG_2026-01-21_G15,10110024FARIASG,2026-01-21,109640,1,2,0,340.0
10110024FARIASG_2026-01-21_G16,10110024FARIASG,2026-01-21,111330,1,4,0,126.0
10110024FARIASG_2026-01-21_G17,10110024FARIASG,2026-01-21,117820,1,3,0,131.0
10110024FARIASG_2026-01-21_G18,10110024FARIASG,2026-01-21,110895,1,3,0,421.0
10110024FARIASG_2026-01-21_G19,10110024FARIASG,2026-01-21,140957,1,2,0,102.0
10110024FARIASG_2026-01-21_G20,10110024FARIASG,2026-01-21,111602,1,12,0,161.0
10110024FARIASG_2026-01-21_G21,10110024FARIASG,2026-01-21,110733,1,3,0,97.0
10110024FARIASG_2026-01-21_G22,10110024FARIASG,2026-01-21,111569,1,3,0,101.0
10110024FARIASG_2026-01-21_G23,10110024FARIASG,2026-01-21,141916,1,3,0,117.0
10110024FARIASG_2026-01-21_G24,10110024FARIASG,2026-01-21,110373,1,3,0,163.0
10110024FARIASG_2026-01-21_G25,10110024FARIASG,2026-01-21,111435,1,2,0,121.0
10110024FARIASG_2026-01-21_G26,10110024FARIASG,2026-01-21,141457,1,5,0,453.0
10110024FARIASG_2026-01-21_G27,10110024FARIASG,2026-01-21,117787,1,1,0,80.0
10110024FARIASG_2026-01-21_G28,10110024FARIASG,2026-01-21,141458,1,4,0,130.0
10110024FARIASG_2026-01-21_G29,10110024FARIASG,2026-01-21,118299,1,12,0,1179.0
10110024FARIASG_2026-01-21_G30,10110024FARIASG,2026-01-21,110895,1,2,0,476.0
10110024FARIASG_2026-01-21_G31,10110024FARIASG,2026-01-21,111466,1,2,0,47.0
10110024FARIASG_2026-01-21_G32,10110024FARIASG,2026-01-21,141047,1,3,0,131.0
10110024FARIASG_2026-01-21_G33,10110024FARIASG,2026-01-21,117862,1,4,0,105.0
10110024FARIASG_2026-01-21_G34,10110024FARIASG,2026-01-21,115234,1,8,0,483.0
10110024FARIASG_2026-01-21_G35,10110024FARIASG,2026-01-21,118251,1,4,0,127.0
10110024FARIASG_2026-01-21_G36,10110024FARIASG,2026-01-21,117834,1,4,0,78.0
10110024FARIASG_2026-01-21_G37,10110024FARIASG,2026-01-21,141313,1,4,0,215.0
10110024FARIASG_2026-01-21_G38,10110024FARIASG,2026-01-21,111602,1,5,0,299.0
10110024FARIASG_2026-01-21_G39,10110024FARIASG,2026-01-21,110743,1,2,0,101.0
10110024FARIASG_2026-01-21_G40,10110024FARIASG,2026-01-21,117853,1,3,0,1035.0
10110024FARIASG_2026-01-21_G41,10110024FARIASG,2026-01-21,110534,1,4,0,1594.0
10110024FARIASG_2026-01-21_G42,10110024FARIASG,2026-01-21,108759,1,2,0,389.0
10110024FARIASG_2026-01-21_G43,10110024FARIASG,2026-01-21,116611,1,4,0,237.0
10110024FARIASG_2026-01-21_G44,10110024FARIASG,2026-01-21,142045,1,4,0,126.0
10110024FARIASG_2026-01-21_G45,10110024FARIASG,2026-01-21,117837,1,4,0,96.0
10110024FARIASG_2026-01-21_G46,10110024FARIASG,2026-01-21,111467,1,2,0,63.0
10110024FARIASG_2026-01-21_G47,10110024FARIASG,2026-01-21,110313,1,2,0,73.0
10110024FARIASG_2026-01-21_G48,10110024FARIASG,2026-01-21,140923,1,4,0,69.0
10110024FARIASG_2026-01-21_G49,10110024FARIASG,2026-01-21,111602,1,20,0,170.0
10110024FARIASG_2026-01-21_G50,10110024FARIASG,2026-01-21,117856,1,8,0,138.0
10110024FARIASG_2026-01-21_G51,10110024FARIASG,2026-01-21,117786,1,4,0,135.0
10110024FARIASG_2026-01-21_G52,10110024FARIASG,2026-01-21,110747,1,2,0,164.0
10110024FARIASG_2026-01-21_G53,10110024FARIASG,2026-01-21,111569,1,4,0,374.0
10110024FARIASG_2026-01-21_G54,10110024FARIASG,2026-01-21,141916,1,4,0,130.0
10110024FARIASG_2026-01-21_G55,10110024FARIASG,2026-01-21,117855,1,10,0,123.0
10110024FARIASG_2026-01-21_G56,10110024FARIASG,2026-01-21,117861,1,2,0,99.0
10110024FARIASG_2026-01-21_G57,10110024FARIASG,2026-01-21,110063,1,2,0,270.0
10110024FARIASG_2026-01-21_G58,10110024FARIASG,2026-01-21,117935,1,4,0,904.0
10110024FARIASG_2026-01-21_G59,10110024FARIASG,2026-01-21,111743,1,2,0,198.0
10110024FARIASG_2026-01-21_G60,10110024FARIASG,2026-01-21,118299,1,20,0,251.0
10110024FARIASG_2026-01-21_G61,10110024FARIASG,2026-01-21,117809,1,2,0,58.0
10110024FARIASG_2026-01-21_G62,10110024FARIASG,2026-01-21,105705,1,4,0,107.0
10110024FARIASG_2026-01-21_G63,10110024FARIASG,2026-01-21,117831,1,6,0,112.0
10110024FARIASG_2026-01-21_G64,10110024FARIASG,2026-01-21,111466,1,7,0,116.0
10110024FARIASG_2026-01-21_G65,10110024FARIASG,2026-01-21,117838,1,1,0,48.0
10110024FARIASG_2026-01-21_G66,10110024FARIASG,2026-01-21,111532,1,2,0,55.0
10110024FARIASG_2026-01-21_G67,10110024FARIASG,2026-01-21,141271,1,7,0,240.0
10110024FARIASG_2026-01-21_G68,10110024FARIASG,2026-01-21,110372,1,8,0,223.0
10110024FARIASG_2026-01-21_G69,10110024FARIASG,2026-01-21,117822,1,2,0,81.0
10110024FARIASG_2026-01-21_G70,10110024FARIASG,2026-01-21,109643,1,1,0,70.0
10110024FARIASG_2026-01-21_G71,10110024FARIASG,2026-01-21,111465,1,4,0,83.0
10110024FARIASG_2026-01-21_G72,10110024FARIASG,2026-01-21,117787,1,2,0,58.0
10110024FARIASG_2026-01-21_G73,10110024FARIASG,2026-01-21,110373,1,1,0,33.0
10110024FARIASG_2026-01-21_G74,10110024FARIASG,2026-01-21,117830,1,5,0,67.0
10110024FARIASG_2026-01-21_G75,10110024FARIASG,2026-01-21,141457,1,10,0,542.0
10110024FARIASG_2026-01-21_G76,10110024FARIASG,2026-01-21,110895,1,4,0,489.0
10110024FARIASG_2026-01-21_G77,10110024FARIASG,2026-01-21,141457,1,4,0,219.0
10110024FARIASG_2026-01-21_G78,10110024FARIASG,2026-01-21,118299,1,11,0,548.0
10110024FARIASG_2026-01-21_G79,10110024FARIASG,2026-01-21,117809,1,2,0,57.0
10110024FARIASG_2026-01-21_G80,10110024FARIASG,2026-01-21,117831,1,6,0,189.0
10110024FARIASG_2026-01-21_G81,10110024FARIASG,2026-01-21,118140,1,2,0,370.0
10110024FARIASG_2026-01-21_G82,10110024FARIASG,2026-01-21,141458,1,2,0,80.0
10110024FARIASG_2026-01-21_G83,10110024FARIASG,2026-01-21,117808,1,13,0,604.0
10110024FARIASG_2026-01-21_G84,10110024FARIASG,2026-01-21,117809,1,2,0,160.0
10110024FARIASG_2026-01-21_G85,10110024FARIASG,2026-01-21,117820,1,7,0,87.0
10110024FARIASG_2026-01-21_G86,10110024FARIASG,2026-01-21,117808,1,12,0,633.0
10110024FARIASG_2026-01-22_G02,10110024FARIASG,2026-01-22,111569,1,18,0,625.0
10110024FARIASG_2026-01-22_G03,10110024FARIASG,2026-01-22,111569,1,32,0,1275.0
10110024FARIASG_2026-01-22_G04,10110024FARIASG,2026-01-22,110339,1,100,0,657.0
10110024FARIASG_2026-01-22_G05,10110024FARIASG,2026-01-22,109647,1,40,0,488.0
10110024FARIASG_2026-01-22_G06,10110024FARIASG,2026-01-22,109640,1,94,0,959.0
10110024FARIASG_2026-01-22_G07,10110024FARIASG,2026-01-22,117862,1,57,0,216.0
10110024FARIASG_2026-01-22_G08,10110024FARIASG,2026-01-22,110750,1,9,0,159.0
10110024FARIASG_2026-01-22_G09,10110024FARIASG,2026-01-22,111468,1,86,0,358.0
10110024FARIASG_2026-01-22_G10,10110024FARIASG,2026-01-22,111182,1,60,0,364.0
10110024FARIASG_2026-01-22_G11,10110024FARIASG,2026-01-22,111182,1,8,0,57.0
10110024FARIASG_2026-01-22_G12,10110024FARIASG,2026-01-22,109641,1,47,0,476.0
10110024FARIASG_2026-01-22_G13,10110024FARIASG,2026-01-22,109641,1,54,0,475.0
10110024FARIASG_2026-01-22_G14,10110024FARIASG,2026-01-22,141458,1,42,0,840.0
10110024FARIASG_2026-01-22_G15,10110024FARIASG,2026-01-22,110733,1,183,0,1065.0
10110024FARIASG_2026-01-22_G16,10110024FARIASG,2026-01-22,111532,1,100,0,755.0
10110024FARIASG_2026-01-22_G17,10110024FARIASG,2026-01-22,111532,1,43,0,378.0
10110024FARIASG_2026-01-22_G18,10110024FARIASG,2026-01-22,109641,1,300,0,1582.0
10110024FARIASG_2026-01-22_G19,10110024FARIASG,2026-01-22,111468,1,284,0,414.0
10110024FARIASG_2026-01-22_G20,10110024FARIASG,2026-01-22,108759,1,6,0,650.0
10110024FARIASG_2026-01-22_G21,10110024FARIASG,2026-01-22,118094,1,4,0,74.0
10110024FARIASG_2026-01-22_G22,10110024FARIASG,2026-01-22,110747,1,4,0,273.0
10110024FARIASG_2026-01-22_G23,10110024FARIASG,2026-01-22,111435,1,1,0,47.0
10110024FARIASG_2026-01-22_G24,10110024FARIASG,2026-01-22,110742,1,10,0,159.0
10110024FARIASG_2026-01-22_G25,10110024FARIASG,2026-01-22,108794,1,3,0,257.0
10110024FARIASG_2026-01-22_G26,10110024FARIASG,2026-01-22,142045,1,3,0,94.0
10110024FARIASG_2026-01-22_G27,10110024FARIASG,2026-01-22,109649,1,3,0,107.0
10110024FARIASG_2026-01-22_G28,10110024FARIASG,2026-01-22,109649,1,3,0,31.0
10110024FARIASG_2026-01-22_G29,10110024FARIASG,2026-01-22,141457,1,4,0,127.0
10110024FARIASG_2026-01-22_G30,10110024FARIASG,2026-01-22,140923,1,12,0,215.0
10110024FARIASG_2026-01-22_G31,10110024FARIASG,2026-01-22,110742,1,4,0,102.0
10110024FARIASG_2026-01-22_G32,10110024FARIASG,2026-01-22,111532,1,3,0,180.0
10110024FARIASG_2026-01-22_G33,10110024FARIASG,2026-01-22,111463,1,14,0,176.0
10110024FARIASG_2026-01-22_G34,10110024FARIASG,2026-01-22,111463,1,19,0,372.0
10110024FARIASG_2026-01-22_G35,10110024FARIASG,2026-01-22,108772,1,4,0,161.0
10110024FARIASG_2026-01-22_G36,10110024FARIASG,2026-01-22,108759,1,3,0,118.0
10110024FARIASG_2026-01-22_G38,10110024FARIASG,2026-01-22,111430,1,2,0,44.0
10110024FARIASG_2026-01-22_G39,10110024FARIASG,2026-01-22,111438,1,2,0,51.0
10110024FARIASG_2026-01-22_G40,10110024FARIASG,2026-01-22,142045,1,22,0,173.0
10110024FARIASG_2026-01-22_G41,10110024FARIASG,2026-01-22,110895,1,4,0,435.0
10110024FARIASG_2026-01-22_G42,10110024FARIASG,2026-01-22,141916,1,1,0,91.0
10110024FARIASG_2026-01-22_G43,10110024FARIASG,2026-01-22,110748,1,2,0,122.0
10110024FARIASG_2026-01-22_G44,10110024FARIASG,2026-01-22,108794,1,23,0,200.0
10110024FARIASG_2026-01-22_G45,10110024FARIASG,2026-01-22,117831,1,23,0,454.0
10110024FARIASG_2026-01-22_G46,10110024FARIASG,2026-01-22,110743,1,4,0,114.0
10110024FARIASG_2026-01-22_G47,10110024FARIASG,2026-01-22,111466,1,34,0,1346.0
10110024FARIASG_2026-01-22_G48,10110024FARIASG,2026-01-22,109643,1,13,0,117.0
10110024FARIASG_2026-01-22_G49,10110024FARIASG,2026-01-22,110375,1,3,0,97.0
10110024FARIASG_2026-01-22_G50,10110024FARIASG,2026-01-22,110373,1,72,0,475.0
10110024FARIASG_2026-01-22_G51,10110024FARIASG,2026-01-22,117856,1,279,0,1388.0
10110024FARIASG_2026-01-23_G02,10110024FARIASG,2026-01-23,118299,1,11,0,176.0
10110024FARIASG_2026-01-23_G03,10110024FARIASG,2026-01-23,118094,1,2,0,59.0
10110024FARIASG_2026-01-23_G04,10110024FARIASG,2026-01-23,117837,1,2,0,65.0
10110024FARIASG_2026-01-23_G05,10110024FARIASG,2026-01-23,117809,1,9,0,71.0
10110024FARIASG_2026-01-23_G06,10110024FARIASG,2026-01-23,110372,1,17,0,115.0
10110024FARIASG_2026-01-23_G07,10110024FARIASG,2026-01-23,111467,1,3,0,101.0
10110024FARIASG_2026-01-23_G08,10110024FARIASG,2026-01-23,110313,1,4,0,145.0
10110024FARIASG_2026-01-23_G09,10110024FARIASG,2026-01-23,117820,1,3,0,80.0
10110024FARIASG_2026-01-23_G10,10110024FARIASG,2026-01-23,141202,1,6,0,100.0
10110024FARIASG_2026-01-23_G11,10110024FARIASG,2026-01-23,117786,1,4,0,111.0
10110024FARIASG_2026-01-23_G12,10110024FARIASG,2026-01-23,110339,1,2,0,96.0
10110024FARIASG_2026-01-23_G13,10110024FARIASG,2026-01-23,117855,1,4,0,204.0
10110024FARIASG_2026-01-23_G14,10110024FARIASG,2026-01-23,110733,1,8,0,805.0
10110024FARIASG_2026-01-23_G15,10110024FARIASG,2026-01-23,109640,1,2,0,190.0
10110024FARIASG_2026-01-23_G16,10110024FARIASG,2026-01-23,142045,1,1,0,618.0
10110024FARIASG_2026-01-23_G17,10110024FARIASG,2026-01-23,111467,1,4,0,100.0
10110024FARIASG_2026-01-23_G18,10110024FARIASG,2026-01-23,108794,1,2,0,83.0
10110024FARIASG_2026-01-23_G19,10110024FARIASG,2026-01-23,140922,1,7,0,72.0
10110024FARIASG_2026-01-23_G20,10110024FARIASG,2026-01-23,117821,1,1,0,53.0
10110024FARIASG_2026-01-23_G21,10110024FARIASG,2026-01-23,140923,1,2,0,89.0
10110024FARIASG_2026-01-23_G22,10110024FARIASG,2026-01-23,117856,1,1,0,84.0
10110024FARIASG_2026-01-23_G23,10110024FARIASG,2026-01-23,117856,1,9,0,88.0
10110024FARIASG_2026-01-23_G24,10110024FARIASG,2026-01-23,111463,1,3,0,49.0
10110024FARIASG_2026-01-23_G25,10110024FARIASG,2026-01-23,108798,1,2,0,110.0
10110024FARIASG_2026-01-23_G26,10110024FARIASG,2026-01-23,117809,1,1,0,261.0
10110024FARIASG_2026-01-23_G27,10110024FARIASG,2026-01-23,118140,1,4,0,79.0
10110024FARIASG_2026-01-23_G28,10110024FARIASG,2026-01-23,110373,1,4,0,124.0
10110024FARIASG_2026-01-23_G29,10110024FARIASG,2026-01-23,108772,1,4,0,731.0
10110024FARIASG_2026-01-23_G30,10110024FARIASG,2026-01-23,111463,1,2,0,101.0
10110024FARIASG_2026-01-23_G31,10110024FARIASG,2026-01-23,111569,1,6,0,1353.0
10110024FARIASG_2026-01-23_G32,10110024FARIASG,2026-01-23,141458,1,2,0,90.0
10110024FARIASG_2026-01-23_G33,10110024FARIASG,2026-01-23,110373,1,8,0,171.0
10110024FARIASG_2026-01-23_G34,10110024FARIASG,2026-01-23,140922,1,4,0,100.0
10110024FARIASG_2026-01-23_G35,10110024FARIASG,2026-01-23,118140,1,8,0,94.0
10110024FARIASG_2026-01-23_G36,10110024FARIASG,2026-01-23,111441,1,20,0,593.0
10110024FARIASG_2026-01-23_G37,10110024FARIASG,2026-01-23,141318,1,32,0,239.0
10110024FARIASG_2026-01-23_G38,10110024FARIASG,2026-01-23,108772,1,4,0,566.0
10110024FARIASG_2026-01-23_G39,10110024FARIASG,2026-01-23,111876,1,1,0,103.0
10110024FARIASG_2026-01-23_G40,10110024FARIASG,2026-01-23,109640,1,10,0,451.0
10110024FARIASG_2026-01-23_G41,10110024FARIASG,2026-01-23,117861,1,18,0,233.0
10110024FARIASG_2026-01-23_G42,10110024FARIASG,2026-01-23,111602,1,40,0,330.0
10110024FARIASG_2026-01-23_G43,10110024FARIASG,2026-01-23,118299,1,400,0,1128.0
10110024FARIASG_2026-01-23_G44,10110024FARIASG,2026-01-23,110372,1,180,0,759.0
10110024FARIASG_2026-01-23_G45,10110024FARIASG,2026-01-23,117808,1,600,0,1043.0
10110024FARIASG_2026-01-23_G46,10110024FARIASG,2026-01-23,117821,1,40,0,378.0
10110024FARIASG_2026-01-23_G47,10110024FARIASG,2026-01-23,141271,1,30,0,493.0
10110024FARIASG_2026-01-23_G48,10110024FARIASG,2026-01-23,111418,1,150,0,632.0
10110024FARIASG_2026-01-23_G49,10110024FARIASG,2026-01-23,111466,1,100,0,576.0
10110024FARIASG_2026-01-24_G02,10110024FARIASG,2026-01-24,109643,1,4,0,100.0
10110024FARIASG_2026-01-24_G03,10110024FARIASG,2026-01-24,111602,1,2,0,150.0
10110024FARIASG_2026-01-24_G04,10110024FARIASG,2026-01-24,110375,1,4,0,125.0
10110024FARIASG_2026-01-24_G05,10110024FARIASG,2026-01-24,107830,1,4,0,103.0
10110024FARIASG_2026-01-24_G06,10110024FARIASG,2026-01-24,110374,1,4,0,220.0
10110024FARIASG_2026-01-24_G07,10110024FARIASG,2026-01-24,111466,1,20,0,527.0
10110024FARIASG_2026-01-24_G08,10110024FARIASG,2026-01-24,111876,1,4,0,187.0
10110024FARIASG_2026-01-24_G09,10110024FARIASG,2026-01-24,110374,1,7,0,222.0
10110024FARIASG_2026-01-24_G10,10110024FARIASG,2026-01-24,111602,1,2,0,345.0
10110024FARIASG_2026-01-24_G11,10110024FARIASG,2026-01-24,140911,1,2,0,137.0
10110024FARIASG_2026-01-24_G12,10110024FARIASG,2026-01-24,108772,1,2,0,114.0
10110024FARIASG_2026-01-24_G13,10110024FARIASG,2026-01-24,111532,1,12,0,230.0
10110024FARIASG_2026-01-24_G14,10110024FARIASG,2026-01-24,117808,1,5,0,577.0
10110024FARIASG_2026-01-24_G15,10110024FARIASG,2026-01-24,109641,1,2,0,122.0
10110024FARIASG_2026-01-24_G16,10110024FARIASG,2026-01-24,117862,1,2,0,77.0
10110024FARIASG_2026-01-24_G17,10110024FARIASG,2026-01-24,111467,1,2,0,90.0
10110024FARIASG_2026-01-24_G18,10110024FARIASG,2026-01-24,109640,1,2,0,69.0
10110024FARIASG_2026-01-24_G19,10110024FARIASG,2026-01-24,111468,1,3,0,59.0
10110024FARIASG_2026-01-24_G20,10110024FARIASG,2026-01-24,111469,1,1,0,100.0
10110024FARIASG_2026-01-24_G21,10110024FARIASG,2026-01-24,110740,1,2,0,64.0
10110024FARIASG_2026-01-24_G22,10110024FARIASG,2026-01-24,118140,1,2,0,144.0
10110024FARIASG_2026-01-24_G23,10110024FARIASG,2026-01-24,110373,1,4,0,173.0
10110024FARIASG_2026-01-24_G24,10110024FARIASG,2026-01-24,110372,1,6,0,186.0
10110024FARIASG_2026-01-24_G25,10110024FARIASG,2026-01-24,117820,1,2,0,270.0
10110024FARIASG_2026-01-24_G26,10110024FARIASG,2026-01-24,118299,1,13,0,232.0
10110024FARIASG_2026-01-24_G27,10110024FARIASG,2026-01-24,111467,1,4,0,299.0
10110024FARIASG_2026-01-24_G28,10110024FARIASG,2026-01-24,118418,1,1,0,66.0
10110024FARIASG_2026-01-24_G29,10110024FARIASG,2026-01-24,140922,1,4,0,88.0
10110024FARIASG_2026-01-24_G30,10110024FARIASG,2026-01-24,117821,1,2,0,48.0
10110024FARIASG_2026-01-24_G31,10110024FARIASG,2026-01-24,118140,1,4,0,78.0
10110024FARIASG_2026-01-24_G32,10110024FARIASG,2026-01-24,110374,1,4,0,81.0
10110024FARIASG_2026-01-24_G33,10110024FARIASG,2026-01-24,117809,1,1,0,36.0
10110024FARIASG_2026-01-24_G34,10110024FARIASG,2026-01-24,140923,1,1,0,108.0
10110024FARIASG_2026-01-24_G35,10110024FARIASG,2026-01-24,110375,1,1,0,84.0
10110024FARIASG_2026-01-24_G36,10110024FARIASG,2026-01-24,141458,1,4,0,112.0
10110024FARIASG_2026-01-26_G02,10110024FARIASG,2026-01-26,117854,1,4,0,135.0
10110024FARIASG_2026-01-26_G03,10110024FARIASG,2026-01-26,109641,1,4,0,125.0
10110024FARIASG_2026-01-26_G04,10110024FARIASG,2026-01-26,140922,1,5,0,415.0
10110024FARIASG_2026-01-26_G05,10110024FARIASG,2026-01-26,117822,1,6,0,155.0
10110024FARIASG_2026-01-26_G06,10110024FARIASG,2026-01-26,117329,1,1,0,132.0
10110024FARIASG_2026-01-26_G07,10110024FARIASG,2026-01-26,111602,1,30,0,363.0
10110024FARIASG_2026-01-26_G08,10110024FARIASG,2026-01-26,110374,1,4,0,828.0
10110024FARIASG_2026-01-26_G09,10110024FARIASG,2026-01-26,110313,1,12,0,158.0
10110024FARIASG_2026-01-26_G10,10110024FARIASG,2026-01-26,111602,1,10,0,204.0
10110024FARIASG_2026-01-26_G11,10110024FARIASG,2026-01-26,141318,1,4,0,777.0
10110024FARIASG_2026-01-26_G12,10110024FARIASG,2026-01-26,109641,1,4,0,142.0
10110024FARIASG_2026-01-26_G13,10110024FARIASG,2026-01-26,105705,1,4,0,81.0
10110024FARIASG_2026-01-26_G14,10110024FARIASG,2026-01-26,111602,1,2,0,122.0
10110024FARIASG_2026-01-26_G15,10110024FARIASG,2026-01-26,118094,1,2,0,377.0
10110024FARIASG_2026-01-26_G16,10110024FARIASG,2026-01-26,140923,1,3,0,360.0
10110024FARIASG_2026-01-26_G17,10110024FARIASG,2026-01-26,110313,1,1,0,46.0
10110024FARIASG_2026-01-26_G18,10110024FARIASG,2026-01-26,110841,1,4,0,131.0
10110024FARIASG_2026-01-26_G19,10110024FARIASG,2026-01-26,110895,1,6,0,64.0
10110024FARIASG_2026-01-26_G20,10110024FARIASG,2026-01-26,141916,1,8,0,259.0
10110024FARIASG_2026-01-26_G21,10110024FARIASG,2026-01-26,111532,1,4,0,214.0
10110024FARIASG_2026-01-26_G22,10110024FARIASG,2026-01-26,117862,1,4,0,459.0
10110024FARIASG_2026-01-26_G23,10110024FARIASG,2026-01-26,110582,1,4,0,132.0
10110024FARIASG_2026-01-26_G24,10110024FARIASG,2026-01-26,110751,1,4,0,211.0
10110024FARIASG_2026-01-26_G25,10110024FARIASG,2026-01-26,140922,1,7,0,95.0
10110024FARIASG_2026-01-26_G26,10110024FARIASG,2026-01-26,117820,1,4,0,154.0
10110024FARIASG_2026-01-26_G27,10110024FARIASG,2026-01-26,141202,1,4,0,217.0
10110024FARIASG_2026-01-26_G28,10110024FARIASG,2026-01-26,110373,1,4,0,199.0
10110024FARIASG_2026-01-26_G29,10110024FARIASG,2026-01-26,141997,1,2,0,993.0
10110024FARIASG_2026-01-26_G30,10110024FARIASG,2026-01-26,111466,1,3,0,844.0
10110024FARIASG_2026-01-26_G31,10110024FARIASG,2026-01-26,111466,1,4,0,131.0
10110024FARIASG_2026-01-26_G32,10110024FARIASG,2026-01-26,110374,1,4,0,340.0
10110024FARIASG_2026-01-26_G33,10110024FARIASG,2026-01-26,110374,1,4,0,48.0
10110024FARIASG_2026-01-26_G34,10110024FARIASG,2026-01-26,110733,1,2,0,144.0
10110024FARIASG_2026-01-26_G35,10110024FARIASG,2026-01-26,117832,1,2,0,89.0
10110024FARIASG_2026-01-26_G36,10110024FARIASG,2026-01-26,111722,1,50,0,2029.0
10110024FARIASG_2026-01-26_G37,10110024FARIASG,2026-01-26,111757,1,30,0,392.0
10110024FARIASG_2026-01-26_G38,10110024FARIASG,2026-01-26,141155,1,120,0,1052.0
10110024FARIASG_2026-01-26_G39,10110024FARIASG,2026-01-26,111762,1,3,0,595.0
10110024FARIASG_2026-01-26_G40,10110024FARIASG,2026-01-26,110374,1,36,0,534.0
10110024FARIASG_2026-01-26_G41,10110024FARIASG,2026-01-26,117832,1,8,0,204.0
10110024FARIASG_2026-01-26_G42,10110024FARIASG,2026-01-26,117832,1,8,0,157.0
10110024FARIASG_2026-01-26_G43,10110024FARIASG,2026-01-26,117832,1,4,0,65.0
10110024FARIASG_2026-01-26_G44,10110024FARIASG,2026-01-26,111532,1,6,0,162.0
10110024FARIASG_2026-01-26_G45,10110024FARIASG,2026-01-26,108772,1,1,0,105.0
10110024FARIASG_2026-01-26_G46,10110024FARIASG,2026-01-26,117832,1,8,0,442.0
10110024FARIASG_2026-01-26_G47,10110024FARIASG,2026-01-26,111532,1,6,0,129.0
10110024FARIASG_2026-01-26_G48,10110024FARIASG,2026-01-26,117832,1,4,0,147.0
10110024FARIASG_2026-01-26_G49,10110024FARIASG,2026-01-26,111602,1,26,0,243.0
10110024FARIASG_2026-01-26_G50,10110024FARIASG,2026-01-26,111602,1,6,0,85.0
10110024FARIASG_2026-01-26_G51,10110024FARIASG,2026-01-26,141141,1,13,0,315.0
10110024FARIASG_2026-01-26_G53,10110024FARIASG,2026-01-26,118299,1,100,0,252.0
10110024FARIASG_2026-01-26_G54,10110024FARIASG,2026-01-26,111722,1,20,0,500.0
10110024FARIASG_2026-01-27_G02,10110024FARIASG,2026-01-27,117831,1,3,0,94.0
10110024FARIASG_2026-01-27_G03,10110024FARIASG,2026-01-27,110787,1,1,0,266.0
10110024FARIASG_2026-01-27_G04,10110024FARIASG,2026-01-27,111466,1,2,0,37.0
10110024FARIASG_2026-01-27_G05,10110024FARIASG,2026-01-27,117861,1,1,0,131.0
10110024FARIASG_2026-01-27_G06,10110024FARIASG,2026-01-27,140923,1,10,0,106.0
10110024FARIASG_2026-01-27_G07,10110024FARIASG,2026-01-27,108772,1,2,0,49.0
10110024FARIASG_2026-01-27_G08,10110024FARIASG,2026-01-27,111463,1,2,0,91.0
10110024FARIASG_2026-01-27_G09,10110024FARIASG,2026-01-27,117856,1,4,0,99.0
10110024FARIASG_2026-01-27_G10,10110024FARIASG,2026-01-27,109640,1,2,0,89.0
10110024FARIASG_2026-01-27_G11,10110024FARIASG,2026-01-27,110339,1,1,0,36.0
10110024FARIASG_2026-01-27_G12,10110024FARIASG,2026-01-27,111468,1,4,0,264.0
10110024FARIASG_2026-01-27_G13,10110024FARIASG,2026-01-27,111602,1,2,0,87.0
10110024FARIASG_2026-01-27_G14,10110024FARIASG,2026-01-27,141166,1,2,0,76.0
10110024FARIASG_2026-01-27_G15,10110024FARIASG,2026-01-27,141457,1,14,0,171.0
10110024FARIASG_2026-01-27_G16,10110024FARIASG,2026-01-27,111444,1,4,0,79.0
10110024FARIASG_2026-01-27_G17,10110024FARIASG,2026-01-27,118140,1,2,0,123.0
10110024FARIASG_2026-01-27_G18,10110024FARIASG,2026-01-27,117785,1,2,0,223.0
10110024FARIASG_2026-01-27_G19,10110024FARIASG,2026-01-27,117855,1,2,0,83.0
10110024FARIASG_2026-01-27_G20,10110024FARIASG,2026-01-27,111532,1,4,0,673.0
10110024FARIASG_2026-01-27_G21,10110024FARIASG,2026-01-27,117808,1,3,0,122.0
10110024FARIASG_2026-01-27_G22,10110024FARIASG,2026-01-27,110372,1,20,0,149.0
10110024FARIASG_2026-01-27_G23,10110024FARIASG,2026-01-27,117820,1,16,0,249.0
10110024FARIASG_2026-01-27_G24,10110024FARIASG,2026-01-27,141202,1,9,0,120.0
10110024FARIASG_2026-01-27_G25,10110024FARIASG,2026-01-27,109643,1,2,0,161.0
10110024FARIASG_2026-01-27_G26,10110024FARIASG,2026-01-27,118299,1,9,0,172.0
10110024FARIASG_2026-01-27_G27,10110024FARIASG,2026-01-27,110373,1,2,0,155.0
10110024FARIASG_2026-01-27_G28,10110024FARIASG,2026-01-27,141166,2,4,24,282.0
10110024FARIASG_2026-01-27_G29,10110024FARIASG,2026-01-27,141457,1,8,0,96.0
10110024FARIASG_2026-01-27_G30,10110024FARIASG,2026-01-27,111433,1,2,0,150.0
10110024FARIASG_2026-01-27_G31,10110024FARIASG,2026-01-27,111433,1,2,0,50.0
10110024FARIASG_2026-01-27_G32,10110024FARIASG,2026-01-27,110787,1,2,0,304.0
10110024FARIASG_2026-01-27_G33,10110024FARIASG,2026-01-27,110742,1,6,0,1035.0
10110024FARIASG_2026-01-27_G34,10110024FARIASG,2026-01-27,108772,1,2,0,77.0
10110024FARIASG_2026-01-27_G35,10110024FARIASG,2026-01-27,111602,1,40,0,326.0
10110024FARIASG_2026-01-27_G36,10110024FARIASG,2026-01-27,111433,1,3,0,349.0
10110024FARIASG_2026-01-27_G37,10110024FARIASG,2026-01-27,141457,1,50,0,938.0
10110024FARIASG_2026-01-27_G38,10110024FARIASG,2026-01-27,111463,1,50,0,386.0
10110024FARIASG_2026-01-27_G39,10110024FARIASG,2026-01-27,110374,1,51,0,452.0
10110024FARIASG_2026-01-27_G40,10110024FARIASG,2026-01-27,110374,1,53,0,395.0
10110024FARIASG_2026-01-27_G41,10110024FARIASG,2026-01-27,110374,1,100,0,348.0
10110024FARIASG_2026-01-27_G42,10110024FARIASG,2026-01-27,110371,1,73,0,681.0
10110024FARIASG_2026-01-27_G43,10110024FARIASG,2026-01-27,117861,1,13,0,1001.0
10110024FARIASG_2026-01-27_G44,10110024FARIASG,2026-01-27,106179,1,4,0,332.0
10110024FARIASG_2026-01-27_G45,10110024FARIASG,2026-01-27,111356,1,3,0,253.0
10110024FARIASG_2026-01-27_G46,10110024FARIASG,2026-01-27,111356,1,2,0,34.0
10110024FARIASG_2026-01-27_G47,10110024FARIASG,2026-01-27,110747,1,4,0,94.0
10110024FARIASG_2026-01-27_G48,10110024FARIASG,2026-01-27,141047,1,16,0,168.0
10110024FARIASG_2026-01-27_G49,10110024FARIASG,2026-01-27,107629,1,8,0,100.0
10110024FARIASG_2026-01-27_G50,10110024FARIASG,2026-01-27,117856,1,58,0,488.0
10110024FARIASG_2026-01-27_G51,10110024FARIASG,2026-01-27,110339,1,13,0,376.0
10110024FARIASG_2026-01-27_G52,10110024FARIASG,2026-01-27,140911,1,14,0,186.0
10110024FARIASG_2026-01-27_G53,10110024FARIASG,2026-01-27,109640,1,58,0,303.0
10110024FARIASG_2026-01-27_G54,10110024FARIASG,2026-01-27,117822,1,34,0,507.0
10110024FARIASG_2026-01-27_G55,10110024FARIASG,2026-01-27,117820,1,130,0,588.0
10110024FARIASG_2026-01-27_G56,10110024FARIASG,2026-01-27,141202,1,20,0,161.0
10110024FARIASG_2026-01-27_G57,10110024FARIASG,2026-01-27,109643,1,18,0,166.0
10110024FARIASG_2026-01-27_G58,10110024FARIASG,2026-01-27,118281,1,27,0,332.0
10110024FARIASG_2026-01-27_G60,10110024FARIASG,2026-01-27,107830,1,7,0,125.0
10110024FARIASG_2026-01-27_G61,10110024FARIASG,2026-01-27,107830,1,4,0,62.0
10110024FARIASG_2026-01-27_G62,10110024FARIASG,2026-01-27,109641,1,16,0,488.0
10110024FARIASG_2026-01-27_G63,10110024FARIASG,2026-01-27,111348,1,9,0,87.0
10110024FARIASG_2026-01-27_G64,10110024FARIASG,2026-01-27,117831,1,70,0,914.0
10110024FARIASG_2026-01-27_G65,10110024FARIASG,2026-01-27,110743,1,13,0,317.0
10110024FARIASG_2026-01-27_G66,10110024FARIASG,2026-01-27,111466,1,121,0,624.0
10110024FARIASG_2026-01-27_G67,10110024FARIASG,2026-01-27,111466,1,50,0,97.0
10110024FARIASG_2026-01-27_G68,10110024FARIASG,2026-01-27,109649,1,5,0,416.0
10110024FARIASG_2026-01-27_G69,10110024FARIASG,2026-01-27,109649,1,3,0,36.0
10110024FARIASG_2026-01-27_G70,10110024FARIASG,2026-01-27,118140,1,25,0,186.0
10110024FARIASG_2026-01-27_G71,10110024FARIASG,2026-01-27,141457,1,109,0,581.0
10110024FARIASG_2026-01-27_G72,10110024FARIASG,2026-01-27,141458,1,29,0,661.0
10110024FARIASG_2026-01-28_G02,10110024FARIASG,2026-01-28,110742,1,10,0,190.0
10110024FARIASG_2026-01-28_G03,10110024FARIASG,2026-01-28,117837,1,10,0,334.0
10110024FARIASG_2026-01-28_G04,10110024FARIASG,2026-01-28,111467,1,20,0,238.0
10110024FARIASG_2026-01-28_G05,10110024FARIASG,2026-01-28,111602,1,4,0,238.0
10110024FARIASG_2026-01-28_G06,10110024FARIASG,2026-01-28,117855,1,20,0,407.0
10110024FARIASG_2026-01-28_G07,10110024FARIASG,2026-01-28,117862,1,10,0,378.0
10110024FARIASG_2026-01-28_G08,10110024FARIASG,2026-01-28,108794,1,10,0,193.0
10110024FARIASG_2026-01-28_G09,10110024FARIASG,2026-01-28,110743,1,10,0,419.0
10110024FARIASG_2026-01-28_G10,10110024FARIASG,2026-01-28,141271,1,20,0,371.0
10110024FARIASG_2026-01-28_G11,10110024FARIASG,2026-01-28,141457,1,20,0,170.0
10110024FARIASG_2026-01-28_G12,10110024FARIASG,2026-01-28,111602,1,4,0,986.0
10110024FARIASG_2026-01-28_G13,10110024FARIASG,2026-01-28,141166,2,6,8,57.0
10110024FARIASG_2026-01-28_G14,10110024FARIASG,2026-01-28,110787,1,4,0,200.0
10110024FARIASG_2026-01-28_G15,10110024FARIASG,2026-01-28,111463,1,6,0,132.0
10110024FARIASG_2026-01-28_G16,10110024FARIASG,2026-01-28,110371,1,6,0,475.0
10110024FARIASG_2026-01-28_G17,10110024FARIASG,2026-01-28,141457,1,2,0,206.0
10110024FARIASG_2026-01-28_G18,10110024FARIASG,2026-01-28,117808,1,1,0,70.0
10110024FARIASG_2026-01-28_G19,10110024FARIASG,2026-01-28,110373,1,6,0,120.0
10110024FARIASG_2026-01-28_G20,10110024FARIASG,2026-01-28,110371,1,4,0,1251.0
10110024FARIASG_2026-01-28_G21,10110024FARIASG,2026-01-28,111602,1,8,0,219.0
10110024FARIASG_2026-01-28_G22,10110024FARIASG,2026-01-28,110787,1,3,0,190.0
10110024FARIASG_2026-01-28_G23,10110024FARIASG,2026-01-28,110374,1,4,0,117.0
10110024FARIASG_2026-01-28_G24,10110024FARIASG,2026-01-28,111463,1,8,0,1116.0
10110024FARIASG_2026-01-28_G25,10110024FARIASG,2026-01-28,110787,1,1,0,150.0
10110024FARIASG_2026-01-28_G26,10110024FARIASG,2026-01-28,141456,1,10,0,217.0
10110024FARIASG_2026-01-28_G27,10110024FARIASG,2026-01-28,110787,1,6,0,157.0
10110024FARIASG_2026-01-29_G02,10110024FARIASG,2026-01-29,141202,1,12,0,211.0
10110024FARIASG_2026-01-29_G03,10110024FARIASG,2026-01-29,110373,1,16,0,211.0
10110024FARIASG_2026-01-29_G04,10110024FARIASG,2026-01-29,110895,1,10,0,321.0
10110024FARIASG_2026-01-29_G05,10110024FARIASG,2026-01-29,110747,1,6,0,144.0
10110024FARIASG_2026-01-29_G06,10110024FARIASG,2026-01-29,141916,1,24,0,356.0
10110024FARIASG_2026-01-29_G07,10110024FARIASG,2026-01-29,100334,1,2,0,103.0
10110024FARIASG_2026-01-29_G08,10110024FARIASG,2026-01-29,111569,1,1,0,133.0
10110024FARIASG_2026-01-29_G09,10110024FARIASG,2026-01-29,109640,1,41,0,1112.0
10110024FARIASG_2026-01-29_G10,10110024FARIASG,2026-01-29,109640,1,51,0,213.0
10110024FARIASG_2026-01-29_G11,10110024FARIASG,2026-01-29,109641,1,30,0,481.0
10110024FARIASG_2026-01-29_G12,10110024FARIASG,2026-01-29,111182,1,20,0,478.0
10110024FARIASG_2026-01-29_G13,10110024FARIASG,2026-01-29,109648,1,6,0,158.0
10110024FARIASG_2026-01-29_G14,10110024FARIASG,2026-01-29,111602,1,4,0,1065.0
10110024FARIASG_2026-01-29_G15,10110024FARIASG,2026-01-29,111172,1,4,0,112.0
10110024FARIASG_2026-01-29_G16,10110024FARIASG,2026-01-29,109640,1,3,0,121.0
10110024FARIASG_2026-01-29_G17,10110024FARIASG,2026-01-29,111172,1,4,0,99.0
10110024FARIASG_2026-01-29_G18,10110024FARIASG,2026-01-29,111172,1,6,0,61.0
10110024FARIASG_2026-01-29_G19,10110024FARIASG,2026-01-29,140923,1,5,0,177.0
10110024FARIASG_2026-01-29_G20,10110024FARIASG,2026-01-29,118140,1,40,0,1074.0
10110024FARIASG_2026-01-29_G21,10110024FARIASG,2026-01-29,110371,1,50,0,549.0
10110024FARIASG_2026-01-29_G22,10110024FARIASG,2026-01-29,110787,1,4,0,511.0
10110024FARIASG_2026-01-29_G23,10110024FARIASG,2026-01-29,140923,1,10,0,123.0
10110024FARIASG_2026-01-29_G24,10110024FARIASG,2026-01-29,111172,1,8,0,161.0
10110024FARIASG_2026-01-29_G25,10110024FARIASG,2026-01-29,111172,1,5,0,77.0
10110024FARIASG_2026-01-29_G26,10110024FARIASG,2026-01-29,111443,1,4,0,143.0
10110024FARIASG_2026-01-29_G27,10110024FARIASG,2026-01-29,111443,1,2,0,89.0
10110024FARIASG_2026-01-29_G28,10110024FARIASG,2026-01-29,111876,1,4,0,700.0
10110024FARIASG_2026-01-29_G29,10110024FARIASG,2026-01-29,111172,1,2,0,181.0
10110024FARIASG_2026-01-29_G30,10110024FARIASG,2026-01-29,109647,1,1,0,88.0
10110024FARIASG_2026-01-29_G31,10110024FARIASG,2026-01-29,140911,1,4,0,79.0
10110024FARIASG_2026-01-29_G32,10110024FARIASG,2026-01-29,140923,1,4,0,102.0
10110024FARIASG_2026-01-29_G33,10110024FARIASG,2026-01-29,110787,1,2,0,1681.0
10110024FARIASG_2026-01-29_G34,10110024FARIASG,2026-01-29,142045,1,4,0,231.0
10110024FARIASG_2026-01-29_G35,10110024FARIASG,2026-01-29,117820,1,20,0,191.0
10110024FARIASG_2026-01-29_G36,10110024FARIASG,2026-01-29,111466,1,12,0,97.0
10110024FARIASG_2026-01-29_G37,10110024FARIASG,2026-01-29,109640,1,4,0,567.0
10110024FARIASG_2026-01-29_G38,10110024FARIASG,2026-01-29,110787,1,4,0,151.0
10110024FARIASG_2026-01-29_G39,10110024FARIASG,2026-01-29,111443,1,4,0,117.0
10110024FARIASG_2026-01-29_G40,10110024FARIASG,2026-01-29,110787,1,3,0,72.0
10110024FARIASG_2026-01-29_G41,10110024FARIASG,2026-01-29,110787,1,4,0,90.0
10110024FARIASG_2026-01-29_G42,10110024FARIASG,2026-01-29,111172,1,3,0,229.0
10110024FARIASG_2026-01-29_G43,10110024FARIASG,2026-01-29,110787,1,31,0,180.0
10110024FARIASG_2026-01-29_G44,10110024FARIASG,2026-01-29,110374,1,49,0,419.0
10110024FARIASG_2026-01-29_G45,10110024FARIASG,2026-01-29,118140,1,50,0,402.0
10110024FARIASG_2026-01-29_G46,10110024FARIASG,2026-01-29,100334,1,4,0,256.0
10110024FARIASG_2026-01-29_G47,10110024FARIASG,2026-01-29,111466,1,5,0,136.0
10110024FARIASG_2026-01-29_G48,10110024FARIASG,2026-01-29,111172,3,5,50,155.0
10110024FARIASG_2026-01-29_G50,10110024FARIASG,2026-01-29,111441,1,4,0,151.0
10110024FARIASG_2026-01-29_G51,10110024FARIASG,2026-01-29,109640,1,10,0,231.0
10110024FARIASG_2026-01-29_G52,10110024FARIASG,2026-01-29,110787,1,30,0,289.0
10110024FARIASG_2026-01-29_G53,10110024FARIASG,2026-01-29,141457,1,20,0,373.0
10110024FARIASG_2026-01-29_G54,10110024FARIASG,2026-01-29,110372,1,54,0,339.0
10110024FARIASG_2026-01-29_G55,10110024FARIASG,2026-01-29,117808,1,144,0,730.0
10110024FARIASG_2026-01-29_G56,10110024FARIASG,2026-01-29,117808,1,56,0,569.0
10110024FARIASG_2026-01-29_G57,10110024FARIASG,2026-01-29,140911,1,4,0,916.0
10110024FARIASG_2026-01-29_G58,10110024FARIASG,2026-01-29,110787,1,8,0,223.0
10110024FARIASG_2026-01-29_G59,10110024FARIASG,2026-01-29,110787,1,8,0,82.0
10110024FARIASG_2026-01-29_G60,10110024FARIASG,2026-01-29,111532,1,7,0,115.0
10110024FARIASG_2026-01-29_G61,10110024FARIASG,2026-01-29,111463,1,4,0,98.0
10110024FARIASG_2026-01-29_G62,10110024FARIASG,2026-01-29,141166,1,5,0,135.0
10110024FARIASG_2026-01-29_G63,10110024FARIASG,2026-01-29,110313,1,8,0,188.0
10110024FARIASG_2026-01-29_G64,10110024FARIASG,2026-01-29,117809,1,12,0,675.0
10110024FARIASG_2026-01-29_G65,10110024FARIASG,2026-01-29,110372,1,514,0,1744.0
10110024FARIASG_2026-01-29_G66,10110024FARIASG,2026-01-29,141262,1,246,0,731.0
10110024FARIASG_2026-01-30_G02,10110024FARIASG,2026-01-30,108759,1,9,0,598.0
10110024FARIASG_2026-01-30_G03,10110024FARIASG,2026-01-30,111430,1,2,0,104.0
10110024FARIASG_2026-01-30_G04,10110024FARIASG,2026-01-30,117861,1,2,0,140.0
10110024FARIASG_2026-01-30_G05,10110024FARIASG,2026-01-30,111467,1,9,0,141.0
10110024FARIASG_2026-01-30_G06,10110024FARIASG,2026-01-30,111467,1,2,0,37.0
10110024FARIASG_2026-01-30_G07,10110024FARIASG,2026-01-30,117862,1,11,0,656.0
10110024FARIASG_2026-01-30_G08,10110024FARIASG,2026-01-30,117862,1,16,0,145.0
10110024FARIASG_2026-01-30_G09,10110024FARIASG,2026-01-30,111530,1,1,0,37.0
10110024FARIASG_2026-01-30_G10,10110024FARIASG,2026-01-30,140923,1,2,0,45.0
10110024FARIASG_2026-01-30_G11,10110024FARIASG,2026-01-30,140923,1,6,0,72.0
10110024FARIASG_2026-01-30_G12,10110024FARIASG,2026-01-30,110313,1,2,0,60.0
10110024FARIASG_2026-01-30_G13,10110024FARIASG,2026-01-30,110313,1,3,0,67.0
10110024FARIASG_2026-01-30_G14,10110024FARIASG,2026-01-30,108772,1,7,0,66.0
10110024FARIASG_2026-01-30_G15,10110024FARIASG,2026-01-30,118306,1,6,0,179.0
10110024FARIASG_2026-01-30_G16,10110024FARIASG,2026-01-30,142045,1,20,0,244.0
10110024FARIASG_2026-01-30_G17,10110024FARIASG,2026-01-30,142045,1,16,0,115.0
10110024FARIASG_2026-01-30_G18,10110024FARIASG,2026-01-30,111876,1,3,0,305.0
10110024FARIASG_2026-01-30_G19,10110024FARIASG,2026-01-30,111876,1,4,0,54.0
10110024FARIASG_2026-01-30_G20,10110024FARIASG,2026-01-30,117856,1,12,0,427.0
10110024FARIASG_2026-01-30_G21,10110024FARIASG,2026-01-30,110747,1,5,0,244.0
10110024FARIASG_2026-01-30_G22,10110024FARIASG,2026-01-30,110747,1,2,0,47.0
10110024FARIASG_2026-01-30_G23,10110024FARIASG,2026-01-30,141916,1,4,0,169.0
10110024FARIASG_2026-01-30_G24,10110024FARIASG,2026-01-30,111602,1,12,0,176.0
10110024FARIASG_2026-01-30_G25,10110024FARIASG,2026-01-30,111602,1,3,0,37.0
10110024FARIASG_2026-01-30_G26,10110024FARIASG,2026-01-30,141166,1,1,0,39.0
10110024FARIASG_2026-01-30_G27,10110024FARIASG,2026-01-30,109647,1,2,0,78.0
10110024FARIASG_2026-01-30_G28,10110024FARIASG,2026-01-30,109640,1,2,0,61.0
10110024FARIASG_2026-01-30_G29,10110024FARIASG,2026-01-30,109640,1,2,0,36.0
10110024FARIASG_2026-01-30_G30,10110024FARIASG,2026-01-30,141318,1,2,0,67.0
10110024FARIASG_2026-01-30_G31,10110024FARIASG,2026-01-30,110742,1,6,0,108.0
10110024FARIASG_2026-01-30_G32,10110024FARIASG,2026-01-30,110374,1,30,0,466.0
10110024FARIASG_2026-01-30_G33,10110024FARIASG,2026-01-30,117809,1,1,0,249.0
10110024FARIASG_2026-01-30_G34,10110024FARIASG,2026-01-30,117809,1,3,0,91.0
10110024FARIASG_2026-01-30_G35,10110024FARIASG,2026-01-30,110374,1,21,0,393.0
10110024FARIASG_2026-01-30_G36,10110024FARIASG,2026-01-30,117820,1,4,0,72.0
10110024FARIASG_2026-01-30_G37,10110024FARIASG,2026-01-30,110372,1,3,0,43.0
10110024FARIASG_2026-01-30_G38,10110024FARIASG,2026-01-30,110372,1,29,0,293.0
10110024FARIASG_2026-01-30_G39,10110024FARIASG,2026-01-30,118299,1,13,0,178.0
10110024FARIASG_2026-01-30_G40,10110024FARIASG,2026-01-30,160053,1,1,0,113.0
10110024FARIASG_2026-01-30_G41,10110024FARIASG,2026-01-30,160053,1,1,0,45.0
10110024FARIASG_2026-01-30_G42,10110024FARIASG,2026-01-30,160051,2,3,29,41.0
10110024FARIASG_2026-01-30_G43,10110024FARIASG,2026-01-30,110375,1,2,0,66.0
10110024FARIASG_2026-01-30_G44,10110024FARIASG,2026-01-30,110373,1,4,0,218.0
10110024FARIASG_2026-01-30_G45,10110024FARIASG,2026-01-30,110373,1,37,0,251.0
10110024FARIASG_2026-01-30_G46,10110024FARIASG,2026-01-30,141457,1,20,0,273.0
10110024FARIASG_2026-01-30_G47,10110024FARIASG,2026-01-30,110740,1,14,0,399.0
10110024FARIASG_2026-01-30_G48,10110024FARIASG,2026-01-30,117785,1,7,0,170.0
10110024FARIASG_2026-01-30_G49,10110024FARIASG,2026-01-30,110332,1,4,0,1532.0
10110024FARIASG_2026-01-30_G50,10110024FARIASG,2026-01-30,111463,1,8,0,120.0
10110024FARIASG_2026-01-30_G51,10110024FARIASG,2026-01-30,117834,1,6,0,182.0
10110024FARIASG_2026-01-30_G52,10110024FARIASG,2026-01-30,117834,1,2,0,44.0
10110024FARIASG_2026-01-30_G53,10110024FARIASG,2026-01-30,109647,1,4,0,329.0
10110024FARIASG_2026-01-30_G54,10110024FARIASG,2026-01-30,109640,1,20,0,432.0
10110024FARIASG_2026-01-30_G55,10110024FARIASG,2026-01-30,109640,1,3,0,351.0
10110024FARIASG_2026-01-30_G56,10110024FARIASG,2026-01-30,110751,1,4,0,232.0
10110024FARIASG_2026-01-30_G57,10110024FARIASG,2026-01-30,140922,1,4,0,279.0
10110024FARIASG_2026-01-30_G58,10110024FARIASG,2026-01-30,117821,1,4,0,64.0
10110024FARIASG_2026-01-30_G59,10110024FARIASG,2026-01-30,111466,1,8,0,192.0
10110024FARIASG_2026-01-30_G60,10110024FARIASG,2026-01-30,111466,1,2,0,37.0
10110024FARIASG_2026-01-30_G61,10110024FARIASG,2026-01-30,111466,1,4,0,172.0
10110024FARIASG_2026-01-30_G62,10110024FARIASG,2026-01-30,111466,1,5,0,43.0
10110024FARIASG_2026-01-30_G63,10110024FARIASG,2026-01-30,117820,1,16,0,161.0
10110024FARIASG_2026-01-30_G64,10110024FARIASG,2026-01-30,111532,1,4,0,91.0
10110024FARIASG_2026-01-30_G65,10110024FARIASG,2026-01-30,111532,1,4,0,49.0
10110024FARIASG_2026-01-30_G66,10110024FARIASG,2026-01-30,111463,1,7,0,135.0
10110024FARIASG_2026-01-30_G67,10110024FARIASG,2026-01-30,118299,1,4,0,94.0
10110024FARIASG_2026-01-30_G68,10110024FARIASG,2026-01-30,118299,1,4,0,36.0
10110024FARIASG_2026-01-30_G69,10110024FARIASG,2026-01-30,111469,1,10,0,312.0
10110024FARIASG_2026-01-30_G70,10110024FARIASG,2026-01-30,110740,1,4,0,76.0
10110024FARIASG_2026-01-30_G71,10110024FARIASG,2026-01-30,111172,1,6,0,399.0
10110024FARIASG_2026-01-30_G72,10110024FARIASG,2026-01-30,111469,1,8,0,472.0
10110024FARIASG_2026-01-30_G73,10110024FARIASG,2026-01-30,110373,1,4,0,98.0
10110024FARIASG_2026-01-30_G74,10110024FARIASG,2026-01-30,117830,1,4,0,62.0
10110024FARIASG_2026-01-30_G75,10110024FARIASG,2026-01-30,110371,1,4,0,89.0
10110024FARIASG_2026-01-30_G76,10110024FARIASG,2026-01-30,111602,1,4,0,378.0
10110024FARIASG_2026-01-30_G77,10110024FARIASG,2026-01-30,111182,1,1,0,104.0
10110024FARIASG_2026-01-30_G78,10110024FARIASG,2026-01-30,160057,1,4,0,150.0
10110024FARIASG_2026-01-30_G79,10110024FARIASG,2026-01-30,110787,1,4,0,147.0
10110024FARIASG_2026-01-30_G80,10110024FARIASG,2026-01-30,110733,1,4,0,95.0
10110024FARIASG_2026-01-30_G81,10110024FARIASG,2026-01-30,142045,1,4,0,141.0
10110024FARIASG_2026-01-30_G82,10110024FARIASG,2026-01-30,111602,1,12,0,242.0
10110024FARIASG_2026-01-30_G83,10110024FARIASG,2026-01-30,111182,1,1,0,115.0
10110024FARIASG_2026-01-30_G84,10110024FARIASG,2026-01-30,110787,1,8,0,184.0
10110024FARIASG_2026-01-30_G85,10110024FARIASG,2026-01-30,110895,1,8,0,544.0
10110024FARIASG_2026-01-30_G86,10110024FARIASG,2026-01-30,110313,1,12,0,179.0
10110024FARIASG_2026-01-30_G87,10110024FARIASG,2026-01-30,111602,1,16,0,324.0
10110024FARIASG_2026-01-30_G88,10110024FARIASG,2026-01-30,110787,1,4,0,252.0
10110024FARIASG_2026-01-30_G89,10110024FARIASG,2026-01-30,111532,1,12,0,173.0
10110024FARIASG_2026-01-30_G90,10110024FARIASG,2026-01-30,118140,1,12,0,181.0
10110024FARIASG_2026-01-30_G92,10110024FARIASG,2026-01-30,101217,1,200,0,694.0
10110024FARIASG_2026-01-30_G93,10110024FARIASG,2026-01-30,117808,1,750,0,1310.0
10110024FARIASG_2026-01-30_G94,10110024FARIASG,2026-01-30,117808,1,30,0,700.0
10110024FARIASG_2026-01-30_G95,10110024FARIASG,2026-01-30,118299,1,8,0,140.0
10110024FARIASG_2026-01-30_G96,10110024FARIASG,2026-01-30,105705,1,4,0,94.0
10110024FARIASG_2026-01-30_G97,10110024FARIASG,2026-01-30,140956,2,4,29,474.0
10110024FARIASG_2026-01-30_G98,10110024FARIASG,2026-01-30,111469,1,100,0,933.0
10110024FARIASG_2026-01-30_G99,10110024FARIASG,2026-01-30,110787,1,4,0,164.0
10110024FARIASG_2026-01-31_G02,10110024FARIASG,2026-01-31,111602,1,2,0,165.0
10110024FARIASG_2026-01-31_G03,10110024FARIASG,2026-01-31,111602,1,8,0,61.0
10110024FARIASG_2026-01-31_G04,10110024FARIASG,2026-01-31,111602,1,10,0,61.0
10110024FARIASG_2026-01-31_G05,10110024FARIASG,2026-01-31,110313,1,4,0,57.0
10110024FARIASG_2026-01-31_G06,10110024FARIASG,2026-01-31,142045,1,3,0,140.0
10110024FARIASG_2026-01-31_G07,10110024FARIASG,2026-01-31,111602,1,12,0,540.0
10110024FARIASG_2026-01-31_G08,10110024FARIASG,2026-01-31,111602,1,12,0,71.0
10110024FARIASG_2026-01-31_G09,10110024FARIASG,2026-01-31,118140,1,8,0,197.0
10110024FARIASG_2026-01-31_G10,10110024FARIASG,2026-01-31,109640,1,6,0,168.0
10110024FARIASG_2026-01-31_G11,10110024FARIASG,2026-01-31,110373,1,20,0,370.0
10110024FARIASG_2026-01-31_G12,10110024FARIASG,2026-01-31,110754,1,1,0,268.0
10110024FARIASG_2026-01-31_G13,10110024FARIASG,2026-01-31,117855,1,1,0,81.0
10110024FARIASG_2026-01-31_G14,10110024FARIASG,2026-01-31,117862,1,4,0,77.0
10110024FARIASG_2026-01-31_G15,10110024FARIASG,2026-01-31,117821,1,2,0,100.0
10110024FARIASG_2026-01-31_G16,10110024FARIASG,2026-01-31,118330,1,4,0,67.0
10110024FARIASG_2026-01-31_G17,10110024FARIASG,2026-01-31,111466,1,4,0,51.0
10110024FARIASG_2026-01-31_G18,10110024FARIASG,2026-01-31,111172,1,1,0,64.0
10110024FARIASG_2026-01-31_G19,10110024FARIASG,2026-01-31,111462,1,4,0,43.0
10110024FARIASG_2026-01-31_G20,10110024FARIASG,2026-01-31,141456,1,8,0,146.0
10110024FARIASG_2026-01-31_G21,10110024FARIASG,2026-01-31,141823,1,4,0,53.0
10110024FARIASG_2026-01-31_G22,10110024FARIASG,2026-01-31,111468,1,1,0,55.0
10110024FARIASG_2026-01-31_G23,10110024FARIASG,2026-01-31,111418,1,4,0,71.0
10110024FARIASG_2026-01-31_G24,10110024FARIASG,2026-01-31,141457,1,3,0,49.0
10110024FARIASG_2026-01-31_G25,10110024FARIASG,2026-01-31,111469,1,4,0,51.0
10110024FARIASG_2026-01-31_G26,10110024FARIASG,2026-01-31,110740,1,1,0,77.0
10110024FARIASG_2026-01-31_G27,10110024FARIASG,2026-01-31,141458,1,2,0,72.0
10110024FARIASG_2026-01-31_G28,10110024FARIASG,2026-01-31,110374,1,4,0,154.0
10110024FARIASG_2026-01-31_G29,10110024FARIASG,2026-01-31,110372,1,10,0,115.0
10110024FARIASG_2026-01-31_G30,10110024FARIASG,2026-01-31,118299,1,10,0,132.0
10110024FARIASG_2026-01-31_G31,10110024FARIASG,2026-01-31,117808,1,15,0,544.0
10110024FARIASG_2026-01-31_G32,10110024FARIASG,2026-01-31,110373,1,6,0,97.0
10110024FARIASG_2026-01-31_G33,10110024FARIASG,2026-01-31,108759,1,5,0,1046.0
10110024FARIASG_2026-01-31_G34,10110024FARIASG,2026-01-31,110895,1,20,0,260.0
10110024FARIASG_2026-01-31_G35,10110024FARIASG,2026-01-31,141957,1,4,0,936.0
10110024FARIASG_2026-01-31_G36,10110024FARIASG,2026-01-31,117855,1,13,0,1075.0
10110024FARIASG_2026-01-31_G37,10110024FARIASG,2026-01-31,110895,1,200,0,635.0
10110024FARIASG_2026-01-31_G38,10110024FARIASG,2026-01-31,110711,1,40,0,269.0
10110024FARIASG_2026-01-31_G39,10110024FARIASG,2026-01-31,110733,1,7,0,222.0
10110024FARIASG_2026-01-31_G40,10110024FARIASG,2026-01-31,141166,1,130,0,330.0
10110024FARIASG_2026-01-31_G41,10110024FARIASG,2026-01-31,107830,1,50,0,668.0
10110024FARIASG_2026-01-31_G42,10110024FARIASG,2026-01-31,110787,1,5,0,1170.0
10110024FARIASG_2026-01-31_G43,10110024FARIASG,2026-01-31,105705,1,4,0,121.0
10110024FARIASG_2026-01-31_G44,10110024FARIASG,2026-01-31,105705,1,6,0,99.0
10110024FARIASG_2026-01-31_G45,10110024FARIASG,2026-01-31,111433,1,3,0,507.0
10110024FARIASG_2026-01-31_G46,10110024FARIASG,2026-01-31,142045,1,6,0,162.0
10110024FARIASG_2026-01-31_G47,10110024FARIASG,2026-01-31,105705,1,8,0,330.0
10110024FARIASG_2026-01-31_G48,10110024FARIASG,2026-01-31,109640,1,4,0,118.0
10110024FARIASG_2026-01-31_G49,10110024FARIASG,2026-01-31,140911,1,7,0,554.0
10110024FARIASG_2026-01-31_G50,10110024FARIASG,2026-01-31,110711,1,8,0,126.0
10110024FARIASG_2026-01-31_G51,10110024FARIASG,2026-01-31,110787,1,6,0,133.0
10110024FARIASG_2026-01-31_G52,10110024FARIASG,2026-01-31,110787,1,4,0,168.0
10110024FARIASG_2026-01-31_G53,10110024FARIASG,2026-01-31,110787,1,2,0,33.0
10110024FARIASG_2026-01-31_G54,10110024FARIASG,2026-01-31,141166,1,13,0,177.0
10110024FARIASG_2026-01-31_G55,10110024FARIASG,2026-01-31,110787,1,2,0,128.0
10110024FARIASG_2026-01-31_G56,10110024FARIASG,2026-01-31,110787,1,2,0,32.0
10110024FARIASG_2026-01-31_G57,10110024FARIASG,2026-01-31,110787,1,2,0,62.0
10110024FARIASG_2026-01-31_G58,10110024FARIASG,2026-01-31,108759,1,3,0,390.0
10110024FARIASG_2026-01-31_G59,10110024FARIASG,2026-01-31,110787,1,6,0,1174.0
10110024FARIASG_2026-01-31_G60,10110024FARIASG,2026-01-31,110711,1,12,0,155.0
10110024FARIASG_2026-01-31_G61,10110024FARIASG,2026-01-31,110787,1,2,0,207.0
10110024FARIASG_2026-01-31_G62,10110024FARIASG,2026-01-31,111172,1,4,0,204.0
10110024FARIASG_2026-02-06_G02,10110024FARIASG,2026-02-06,111418,1,100,0,559.0
10110024FARIASG_2026-02-06_G03,10110024FARIASG,2026-02-06,111469,1,40,0,516.0
10110024FARIASG_2026-02-06_G04,10110024FARIASG,2026-02-06,141823,1,10,0,187.0
10110024FARIASG_2026-02-06_G05,10110024FARIASG,2026-02-06,142045,1,10,0,194.0
10110024FARIASG_2026-02-06_G06,10110024FARIASG,2026-02-06,110755,1,4,0,67.0
10110024FARIASG_2026-02-06_G07,10110024FARIASG,2026-02-06,110895,1,1,0,82.0
10110024FARIASG_2026-02-06_G08,10110024FARIASG,2026-02-06,110747,1,4,0,338.0
10110024FARIASG_2026-02-06_G09,10110024FARIASG,2026-02-06,100334,1,1,0,79.0
10110024FARIASG_2026-02-06_G10,10110024FARIASG,2026-02-06,110754,1,2,0,81.0
10110024FARIASG_2026-02-06_G11,10110024FARIASG,2026-02-06,117834,1,6,0,254.0
10110024FARIASG_2026-02-06_G12,10110024FARIASG,2026-02-06,111430,1,4,0,217.0
10110024FARIASG_2026-02-06_G14,10110024FARIASG,2026-02-06,111120,1,4,0,280.0
10110024FARIASG_2026-02-06_G15,10110024FARIASG,2026-02-06,142013,1,4,0,315.0
10110024FARIASG_2026-02-06_G16,10110024FARIASG,2026-02-06,142014,1,2,0,475.0
10110024FARIASG_2026-02-06_G17,10110024FARIASG,2026-02-06,118418,1,4,0,138.0
10110024FARIASG_2026-02-06_G18,10110024FARIASG,2026-02-06,118280,1,4,0,55.0
10110024FARIASG_2026-02-06_G19,10110024FARIASG,2026-02-06,140956,1,4,0,48.0
10110024FARIASG_2026-02-06_G20,10110024FARIASG,2026-02-06,108957,1,2,0,65.0
10110024FARIASG_2026-02-06_G21,10110024FARIASG,2026-02-06,142027,1,4,0,200.0
10110024FARIASG_2026-02-06_G22,10110024FARIASG,2026-02-06,110500,1,2,0,171.0
10110024FARIASG_2026-02-06_G23,10110024FARIASG,2026-02-06,110064,1,1,0,163.0
10110024FARIASG_2026-02-06_G24,10110024FARIASG,2026-02-06,141420,1,2,0,125.0
10110024FARIASG_2026-02-06_G25,10110024FARIASG,2026-02-06,111112,1,2,0,50.0
10110024FARIASG_2026-02-06_G26,10110024FARIASG,2026-02-06,141311,1,2,0,172.0
10110024FARIASG_2026-02-06_G27,10110024FARIASG,2026-02-06,111861,1,2,0,206.0
10110024FARIASG_2026-02-06_G28,10110024FARIASG,2026-02-06,110310,1,1,0,403.0
10110024FARIASG_2026-02-06_G29,10110024FARIASG,2026-02-06,111441,1,10,0,130.0
10110024FARIASG_2026-02-06_G30,10110024FARIASG,2026-02-06,111430,1,16,0,162.0
10110024FARIASG_2026-02-06_G31,10110024FARIASG,2026-02-06,108770,1,7,0,115.0
10110024FARIASG_2026-02-06_G32,10110024FARIASG,2026-02-06,110755,1,20,0,179.0
10110024FARIASG_2026-02-06_G33,10110024FARIASG,2026-02-06,110841,1,8,0,88.0
10110024FARIASG_2026-02-06_G34,10110024FARIASG,2026-02-06,110749,1,8,0,272.0
10110024FARIASG_2026-02-06_G35,10110024FARIASG,2026-02-06,111832,1,2,0,61.0
10110024FARIASG_2026-02-06_G36,10110024FARIASG,2026-02-06,118253,1,8,0,183.0
10110024FARIASG_2026-02-06_G37,10110024FARIASG,2026-02-06,107254,1,2,0,155.0
10110024FARIASG_2026-02-06_G38,10110024FARIASG,2026-02-06,111438,1,10,0,109.0
10110024FARIASG_2026-02-07_G02,10110024FARIASG,2026-02-07,115775,1,4,0,143.0
10110024FARIASG_2026-02-07_G03,10110024FARIASG,2026-02-07,118140,1,5,0,225.0
10110024FARIASG_2026-02-07_G04,10110024FARIASG,2026-02-07,117785,1,5,0,95.0
10110024FARIASG_2026-02-07_G05,10110024FARIASG,2026-02-07,117820,1,15,0,306.0
10110024FARIASG_2026-02-07_G06,10110024FARIASG,2026-02-07,111120,1,1,0,433.0
10110024FARIASG_2026-02-07_G07,10110024FARIASG,2026-02-07,118418,1,13,0,317.0
10110024FARIASG_2026-02-07_G08,10110024FARIASG,2026-02-07,110310,1,1,0,131.0
10110024FARIASG_2026-02-07_G09,10110024FARIASG,2026-02-07,117834,1,4,0,59.0
10110024FARIASG_2026-02-07_G10,10110024FARIASG,2026-02-07,110755,1,2,0,118.0
10110024FARIASG_2026-02-07_G11,10110024FARIASG,2026-02-07,141368,1,4,0,224.0
10110024FARIASG_2026-02-07_G12,10110024FARIASG,2026-02-07,111832,1,6,0,62.0
10110024FARIASG_2026-02-07_G13,10110024FARIASG,2026-02-07,118253,1,4,0,130.0
10110024FARIASG_2026-02-07_G14,10110024FARIASG,2026-02-07,115775,1,1,0,130.0
10110024FARIASG_2026-02-07_G15,10110024FARIASG,2026-02-07,111793,1,8,0,168.0
10110024FARIASG_2026-02-07_G16,10110024FARIASG,2026-02-07,111437,1,8,0,140.0
10110024FARIASG_2026-02-07_G17,10110024FARIASG,2026-02-07,110742,1,4,0,124.0
10110024FARIASG_2026-02-07_G18,10110024FARIASG,2026-02-07,111851,1,1,0,458.0
10110024FARIASG_2026-02-07_G19,10110024FARIASG,2026-02-07,141695,1,2,0,143.0
10110024FARIASG_2026-02-07_G20,10110024FARIASG,2026-02-07,117822,1,4,0,634.0
10110024FARIASG_2026-02-07_G21,10110024FARIASG,2026-02-07,117840,1,9,0,127.0
10110024FARIASG_2026-02-07_G22,10110024FARIASG,2026-02-07,118277,1,20,0,218.0
10110024FARIASG_2026-02-07_G23,10110024FARIASG,2026-02-07,118281,1,30,0,1159.0
10110024FARIASG_2026-02-07_G24,10110024FARIASG,2026-02-07,160057,1,30,0,1803.0
10110024FARIASG_2026-02-07_G25,10110024FARIASG,2026-02-07,118250,1,4,0,157.0
10110024FARIASG_2026-02-07_G26,10110024FARIASG,2026-02-07,111660,1,5,0,95.0
10110024FARIASG_2026-02-07_G27,10110024FARIASG,2026-02-07,111441,1,24,0,375.0
10110024FARIASG_2026-02-07_G28,10110024FARIASG,2026-02-07,115234,1,17,0,369.0
10110024FARIASG_2026-02-07_G29,10110024FARIASG,2026-02-07,115821,1,4,0,165.0
10110024FARIASG_2026-02-07_G30,10110024FARIASG,2026-02-07,111438,1,1,0,67.0
10110024FARIASG_2026-02-07_G31,10110024FARIASG,2026-02-07,110742,1,4,0,500.0
10110024FARIASG_2026-02-07_G32,10110024FARIASG,2026-02-07,117809,1,20,0,219.0
10110024FARIASG_2026-02-07_G33,10110024FARIASG,2026-02-07,109643,1,8,0,96.0
10110024FARIASG_2026-02-07_G34,10110024FARIASG,2026-02-07,117822,1,4,0,111.0
10110024FARIASG_2026-02-07_G35,10110024FARIASG,2026-02-07,110376,1,2,0,90.0
10110024FARIASG_2026-02-07_G36,10110024FARIASG,2026-02-07,110376,1,10,0,97.0
10110024FARIASG_2026-02-07_G37,10110024FARIASG,2026-02-07,160052,1,4,0,67.0
10110024FARIASG_2026-02-07_G38,10110024FARIASG,2026-02-07,110375,1,8,0,118.0
10110024FARIASG_2026-02-07_G39,10110024FARIASG,2026-02-07,117832,1,10,0,158.0
10110024FARIASG_2026-02-07_G40,10110024FARIASG,2026-02-07,110372,1,100,0,243.0
10110024FARIASG_2026-02-07_G41,10110024FARIASG,2026-02-07,110373,1,100,0,314.0
10110024FARIASG_2026-02-07_G42,10110024FARIASG,2026-02-07,160051,1,30,0,254.0
10110024FARIASG_2026-02-07_G43,10110024FARIASG,2026-02-07,118140,1,100,0,793.0
10110024FARIASG_2026-02-07_G44,10110024FARIASG,2026-02-07,108798,1,8,0,109.0
10110024FARIASG_2026-02-07_G45,10110024FARIASG,2026-02-07,142045,1,150,0,3406.0
10110024FARIASG_2026-02-07_G46,10110024FARIASG,2026-02-07,111569,1,20,0,424.0
10110024FARIASG_2026-02-07_G47,10110024FARIASG,2026-02-07,117834,1,12,0,271.0
10110024FARIASG_2026-02-07_G48,10110024FARIASG,2026-02-07,117786,1,12,0,327.0
10110024FARIASG_2026-02-07_G49,10110024FARIASG,2026-02-07,140923,1,50,0,268.0
10110024FARIASG_2026-02-07_G50,10110024FARIASG,2026-02-07,110374,1,50,0,436.0
10110024FARIASG_2026-02-07_G51,10110024FARIASG,2026-02-07,110371,1,8,0,106.0
10110024FARIASG_2026-02-07_G52,10110024FARIASG,2026-02-07,107830,1,6,0,195.0
10110024FARIASG_2026-02-07_G53,10110024FARIASG,2026-02-07,117821,1,8,0,215.0
10110024FARIASG_2026-02-07_G54,10110024FARIASG,2026-02-07,116241,1,12,0,354.0
10110024FARIASG_2026-02-07_G55,10110024FARIASG,2026-02-07,111743,1,10,0,190.0
10110024FARIASG_2026-02-07_G56,10110024FARIASG,2026-02-07,118140,1,20,0,225.0
10110024FARIASG_2026-02-07_G57,10110024FARIASG,2026-02-07,105705,1,12,0,181.0
10110024FARIASG_2026-02-07_G58,10110024FARIASG,2026-02-07,111435,1,12,0,349.0
10110024FARIASG_2026-02-07_G59,10110024FARIASG,2026-02-07,141458,1,80,0,477.0
10110024FARIASG_2026-02-07_G61,10110024FARIASG,2026-02-07,141166,1,16,0,302.0
10110024FARIASG_2026-02-07_G62,10110024FARIASG,2026-02-07,111660,1,4,0,144.0
10110024FARIASG_2026-02-07_G63,10110024FARIASG,2026-02-07,109645,1,10,0,576.0
10110024FARIASG_2026-02-07_G64,10110024FARIASG,2026-02-07,111348,1,10,0,149.0
10110024FARIASG_2026-02-07_G65,10110024FARIASG,2026-02-07,110375,1,85,0,1226.0
10110024FARIASG_2026-02-07_G66,10110024FARIASG,2026-02-07,110748,1,15,0,475.0
10110024FARIASG_2026-02-07_G67,10110024FARIASG,2026-02-07,110787,1,12,0,350.0
10110024FARIASG_2026-02-07_G68,10110024FARIASG,2026-02-07,110740,1,40,0,276.0
10110024FARIASG_2026-02-09_G02,10110024FARIASG,2026-02-09,110740,1,4,0,101.0
10110024FARIASG_2026-02-09_G03,10110024FARIASG,2026-02-09,111441,1,5,0,89.0
10110024FARIASG_2026-02-09_G04,10110024FARIASG,2026-02-09,109643,1,4,0,91.0
10110024FARIASG_2026-02-09_G05,10110024FARIASG,2026-02-09,142045,1,15,0,282.0
10110024FARIASG_2026-02-09_G06,10110024FARIASG,2026-02-09,111532,1,1,0,127.0
10110024FARIASG_2026-02-09_G07,10110024FARIASG,2026-02-09,140923,1,8,0,310.0
10110024FARIASG_2026-02-09_G08,10110024FARIASG,2026-02-09,111530,1,3,0,81.0
10110024FARIASG_2026-02-09_G09,10110024FARIASG,2026-02-09,111438,1,3,0,111.0
10110024FARIASG_2026-02-09_G10,10110024FARIASG,2026-02-09,109640,1,4,0,199.0
10110024FARIASG_2026-02-09_G11,10110024FARIASG,2026-02-09,111532,1,6,0,193.0
10110024FARIASG_2026-02-09_G12,10110024FARIASG,2026-02-09,109643,1,3,0,146.0
10110024FARIASG_2026-02-09_G13,10110024FARIASG,2026-02-09,111879,1,4,0,149.0
10110024FARIASG_2026-02-09_G14,10110024FARIASG,2026-02-09,111876,1,2,0,234.0
10110024FARIASG_2026-02-09_G15,10110024FARIASG,2026-02-09,111441,1,6,0,606.0
10110024FARIASG_2026-02-09_G16,10110024FARIASG,2026-02-09,111438,1,16,0,417.0
10110024FARIASG_2026-02-09_G17,10110024FARIASG,2026-02-09,142045,1,28,0,746.0
10110024FARIASG_2026-02-09_G18,10110024FARIASG,2026-02-09,109640,1,2,0,293.0
10110024FARIASG_2026-02-09_G19,10110024FARIASG,2026-02-09,111879,1,1,0,116.0
10110024FARIASG_2026-02-09_G20,10110024FARIASG,2026-02-09,110740,1,5,0,126.0
10110024FARIASG_2026-02-09_G21,10110024FARIASG,2026-02-09,109643,1,4,0,68.0
10110024FARIASG_2026-02-09_G22,10110024FARIASG,2026-02-09,111532,1,18,0,270.0
10110024FARIASG_2026-02-09_G23,10110024FARIASG,2026-02-09,110741,1,2,0,570.0
10110024FARIASG_2026-02-09_G24,10110024FARIASG,2026-02-09,109645,1,4,0,2172.0
10110024FARIASG_2026-02-09_G25,10110024FARIASG,2026-02-09,109645,1,4,0,60.0
10110024FARIASG_2026-02-09_G26,10110024FARIASG,2026-02-09,111434,1,4,0,235.0
10110024FARIASG_2026-02-09_G27,10110024FARIASG,2026-02-09,117842,1,4,0,181.0
10110024FARIASG_2026-02-09_G28,10110024FARIASG,2026-02-09,111348,1,4,0,51.0
10110024FARIASG_2026-02-09_G29,10110024FARIASG,2026-02-09,111469,1,24,0,244.0
10110024FARIASG_2026-02-09_G30,10110024FARIASG,2026-02-09,111469,1,20,0,372.0
10110024FARIASG_2026-02-09_G31,10110024FARIASG,2026-02-09,111469,1,8,0,76.0
10110024FARIASG_2026-02-09_G32,10110024FARIASG,2026-02-09,111469,1,6,0,66.0
10110024FARIASG_2026-02-09_G33,10110024FARIASG,2026-02-09,111463,1,4,0,1126.0
10110024FARIASG_2026-02-09_G34,10110024FARIASG,2026-02-09,111463,1,4,0,47.0
10110024FARIASG_2026-02-09_G35,10110024FARIASG,2026-02-09,111463,1,8,0,43.0
10110024FARIASG_2026-02-09_G36,10110024FARIASG,2026-02-09,111469,1,20,0,46.0
10110024FARIASG_2026-02-09_G37,10110024FARIASG,2026-02-09,111469,2,14,26,33.0
10110024FARIASG_2026-02-09_G38,10110024FARIASG,2026-02-09,111466,1,4,0,132.0
10110024FARIASG_2026-02-09_G39,10110024FARIASG,2026-02-09,110374,1,12,0,166.0
10110024FARIASG_2026-02-09_G40,10110024FARIASG,2026-02-09,109643,1,2,0,152.0
10110024FARIASG_2026-02-09_G41,10110024FARIASG,2026-02-09,110376,1,12,0,171.0
10110024FARIASG_2026-02-09_G42,10110024FARIASG,2026-02-09,110371,1,6,0,217.0
10110024FARIASG_2026-02-09_G43,10110024FARIASG,2026-02-09,117830,1,6,0,310.0
10110024FARIASG_2026-02-09_G44,10110024FARIASG,2026-02-09,117830,1,4,0,62.0
10110024FARIASG_2026-02-09_G45,10110024FARIASG,2026-02-09,110711,1,3,0,423.0
10110024FARIASG_2026-02-09_G46,10110024FARIASG,2026-02-09,160055,1,2,0,276.0
10110024FARIASG_2026-02-09_G47,10110024FARIASG,2026-02-09,160051,1,2,0,113.0
10110024FARIASG_2026-02-09_G48,10110024FARIASG,2026-02-09,111569,1,4,0,120.0
10110024FARIASG_2026-02-09_G49,10110024FARIASG,2026-02-09,110373,1,8,0,156.0
10110024FARIASG_2026-02-09_G50,10110024FARIASG,2026-02-09,110373,1,12,0,81.0
10110024FARIASG_2026-02-09_G51,10110024FARIASG,2026-02-09,117820,1,8,0,956.0
10110024FARIASG_2026-02-09_G52,10110024FARIASG,2026-02-09,141456,1,6,0,745.0
10110024FARIASG_2026-02-09_G53,10110024FARIASG,2026-02-09,141166,1,1,0,90.0
10110024FARIASG_2026-02-09_G54,10110024FARIASG,2026-02-09,141456,1,2,0,108.0
10110024FARIASG_2026-02-09_G55,10110024FARIASG,2026-02-09,118417,1,1,0,117.0
10110024FARIASG_2026-02-09_G56,10110024FARIASG,2026-02-09,118418,1,6,0,181.0
10110024FARIASG_2026-02-09_G57,10110024FARIASG,2026-02-09,111468,1,2,0,251.0
10110024FARIASG_2026-02-09_G58,10110024FARIASG,2026-02-09,111172,1,4,0,104.0
10110024FARIASG_2026-02-09_G59,10110024FARIASG,2026-02-09,111468,1,1,0,63.0
10110024FARIASG_2026-02-09_G60,10110024FARIASG,2026-02-09,141456,1,8,0,97.0
10110024FARIASG_2026-02-09_G61,10110024FARIASG,2026-02-09,111532,1,4,0,90.0
10110024FARIASG_2026-02-09_G62,10110024FARIASG,2026-02-09,141166,1,2,0,98.0
10110024FARIASG_2026-02-09_G63,10110024FARIASG,2026-02-09,111468,1,2,0,140.0
10110024FARIASG_2026-02-09_G64,10110024FARIASG,2026-02-09,118299,1,45,0,539.0
10110024FARIASG_2026-02-09_G65,10110024FARIASG,2026-02-09,117820,1,8,0,168.0
10110024FARIASG_2026-02-09_G66,10110024FARIASG,2026-02-09,105705,1,10,0,467.0
10110024FARIASG_2026-02-09_G67,10110024FARIASG,2026-02-09,109640,1,10,0,183.0
10110024FARIASG_2026-02-09_G69,10110024FARIASG,2026-02-09,141166,1,4,0,76.0
10110024FARIASG_2026-02-09_G70,10110024FARIASG,2026-02-09,117820,1,4,0,191.0
10110024FARIASG_2026-02-09_G71,10110024FARIASG,2026-02-09,108711,1,2,0,41.0
10110024FARIASG_2026-02-09_G72,10110024FARIASG,2026-02-09,111469,1,2,0,43.0
10110024FARIASG_2026-02-09_G73,10110024FARIASG,2026-02-09,111743,1,4,0,43.0
10110024FARIASG_2026-02-09_G74,10110024FARIASG,2026-02-09,117808,1,8,0,88.0
10110024FARIASG_2026-02-09_G75,10110024FARIASG,2026-02-09,111466,1,4,0,49.0
10110024FARIASG_2026-02-09_G76,10110024FARIASG,2026-02-09,118299,1,20,0,193.0
10110024FARIASG_2026-02-09_G77,10110024FARIASG,2026-02-09,105705,1,1,0,93.0
10110024FARIASG_2026-02-09_G78,10110024FARIASG,2026-02-09,110372,1,5,0,69.0
10110024FARIASG_2026-02-09_G79,10110024FARIASG,2026-02-09,111463,1,2,0,56.0
10110024FARIASG_2026-02-09_G80,10110024FARIASG,2026-02-09,111468,1,6,0,149.0
10110024FARIASG_2026-02-09_G81,10110024FARIASG,2026-02-09,111418,1,2,0,38.0
10110024FARIASG_2026-02-09_G82,10110024FARIASG,2026-02-09,110371,1,2,0,607.0
10110024FARIASG_2026-02-09_G83,10110024FARIASG,2026-02-09,141457,1,4,0,96.0
10110024FARIASG_2026-02-09_G84,10110024FARIASG,2026-02-09,111655,1,4,0,1772.0
10110024FARIASG_2026-02-09_G85,10110024FARIASG,2026-02-09,109648,1,16,0,299.0
10110024FARIASG_2026-02-09_G86,10110024FARIASG,2026-02-09,117808,1,500,0,1332.0
10110024FARIASG_2026-02-09_G87,10110024FARIASG,2026-02-09,111330,1,10,0,541.0
10110024FARIASG_2026-02-09_G88,10110024FARIASG,2026-02-09,118317,1,4,0,231.0
10110024FARIASG_2026-02-09_G89,10110024FARIASG,2026-02-09,118317,1,18,0,183.0
10110024FARIASG_2026-02-10_G02,10110024FARIASG,2026-02-10,107629,1,4,0,138.0
10110024FARIASG_2026-02-10_G03,10110024FARIASG,2026-02-10,140923,1,32,0,336.0
10110024FARIASG_2026-02-10_G04,10110024FARIASG,2026-02-10,118298,1,3,0,140.0
10110024FARIASG_2026-02-10_G05,10110024FARIASG,2026-02-10,117786,1,6,0,183.0
10110024FARIASG_2026-02-10_G06,10110024FARIASG,2026-02-10,108772,1,7,0,709.0
10110024FARIASG_2026-02-10_G07,10110024FARIASG,2026-02-10,141047,1,26,0,464.0
10110024FARIASG_2026-02-10_G08,10110024FARIASG,2026-02-10,117856,1,10,0,153.0
10110024FARIASG_2026-02-10_G09,10110024FARIASG,2026-02-10,141066,1,4,0,89.0
10110024FARIASG_2026-02-10_G10,10110024FARIASG,2026-02-10,117854,1,12,0,292.0
10110024FARIASG_2026-02-10_G11,10110024FARIASG,2026-02-10,111444,1,6,0,416.0
10110024FARIASG_2026-02-10_G12,10110024FARIASG,2026-02-10,117808,1,500,0,1226.0
10110024FARIASG_2026-02-10_G13,10110024FARIASG,2026-02-10,110750,1,4,0,409.0
10110024FARIASG_2026-02-10_G14,10110024FARIASG,2026-02-10,117808,1,23,0,803.0
10110024FARIASG_2026-02-10_G15,10110024FARIASG,2026-02-10,110325,1,10,0,712.0
10110024FARIASG_2026-02-10_G16,10110024FARIASG,2026-02-10,110500,1,1,0,1013.0
10110024FARIASG_2026-02-10_G17,10110024FARIASG,2026-02-10,108770,1,13,0,273.0
10110024FARIASG_2026-02-10_G18,10110024FARIASG,2026-02-10,110750,1,8,0,309.0
10110024FARIASG_2026-02-10_G19,10110024FARIASG,2026-02-10,117788,1,4,0,510.0
10110024FARIASG_2026-02-10_G20,10110024FARIASG,2026-02-10,118298,1,7,0,151.0
10110024FARIASG_2026-02-10_G21,10110024FARIASG,2026-02-10,110711,1,12,0,189.0
10110024FARIASG_2026-02-10_G22,10110024FARIASG,2026-02-10,117856,1,70,0,769.0
10110024FARIASG_2026-02-10_G23,10110024FARIASG,2026-02-10,141066,1,29,0,379.0
10110024FARIASG_2026-02-10_G24,10110024FARIASG,2026-02-10,111876,1,56,0,458.0
10110024FARIASG_2026-02-10_G25,10110024FARIASG,2026-02-10,117862,1,75,0,460.0
10110024FARIASG_2026-02-10_G26,10110024FARIASG,2026-02-10,117822,1,31,0,702.0
10110024FARIASG_2026-02-10_G27,10110024FARIASG,2026-02-10,141202,1,40,0,331.0
10110024FARIASG_2026-02-10_G28,10110024FARIASG,2026-02-10,108794,1,100,0,1012.0
10110024FARIASG_2026-02-10_G29,10110024FARIASG,2026-02-10,117832,1,200,0,455.0
10110024FARIASG_2026-02-10_G30,10110024FARIASG,2026-02-10,110375,1,100,0,620.0
10110024FARIASG_2026-02-10_G31,10110024FARIASG,2026-02-10,117830,1,60,0,505.0
10110024FARIASG_2026-02-10_G32,10110024FARIASG,2026-02-10,110376,1,12,0,585.0
10110024FARIASG_2026-02-10_G33,10110024FARIASG,2026-02-10,100334,1,5,0,1081.0
10110024FARIASG_2026-02-10_G34,10110024FARIASG,2026-02-10,117786,1,4,0,114.0
10110024FARIASG_2026-02-10_G35,10110024FARIASG,2026-02-10,111602,1,10,0,133.0
10110024FARIASG_2026-02-10_G36,10110024FARIASG,2026-02-10,109647,1,15,0,182.0
10110024FARIASG_2026-02-10_G37,10110024FARIASG,2026-02-10,109641,1,16,0,349.0
10110024FARIASG_2026-02-10_G39,10110024FARIASG,2026-02-10,109643,1,6,0,75.0
10110024FARIASG_2026-02-10_G40,10110024FARIASG,2026-02-10,117831,1,3,0,73.0
10110024FARIASG_2026-02-10_G41,10110024FARIASG,2026-02-10,110740,1,2,0,72.0
10110024FARIASG_2026-02-10_G42,10110024FARIASG,2026-02-10,110325,1,3,0,85.0
10110024FARIASG_2026-02-10_G43,10110024FARIASG,2026-02-10,110325,1,5,0,51.0
10110024FARIASG_2026-02-10_G44,10110024FARIASG,2026-02-10,110372,1,16,0,144.0
10110024FARIASG_2026-02-10_G45,10110024FARIASG,2026-02-10,109645,1,13,0,226.0
10110024FARIASG_2026-02-10_G46,10110024FARIASG,2026-02-10,141456,1,2,0,290.0
10110024FARIASG_2026-02-10_G47,10110024FARIASG,2026-02-10,110376,1,1,0,168.0
10110024FARIASG_2026-02-10_G48,10110024FARIASG,2026-02-10,108772,1,3,0,98.0
10110024FARIASG_2026-02-10_G49,10110024FARIASG,2026-02-10,141456,1,8,0,188.0
10110024FARIASG_2026-02-10_G50,10110024FARIASG,2026-02-10,141456,1,12,0,600.0
10110024FARIASG_2026-02-10_G51,10110024FARIASG,2026-02-10,141456,1,12,0,156.0
10110024FARIASG_2026-02-10_G52,10110024FARIASG,2026-02-10,110755,1,10,0,409.0
10110024FARIASG_2026-02-10_G53,10110024FARIASG,2026-02-10,111876,1,3,0,296.0
10110024FARIASG_2026-02-10_G54,10110024FARIASG,2026-02-10,110740,1,5,0,163.0
10110024FARIASG_2026-02-10_G55,10110024FARIASG,2026-02-10,111743,1,14,0,123.0
10110024FARIASG_2026-02-10_G56,10110024FARIASG,2026-02-10,111743,1,2,0,45.0
10110024FARIASG_2026-02-10_G57,10110024FARIASG,2026-02-10,107629,1,2,0,51.0
10110024FARIASG_2026-02-10_G58,10110024FARIASG,2026-02-10,140923,1,6,0,120.0
10110024FARIASG_2026-02-10_G59,10110024FARIASG,2026-02-10,111466,1,20,0,192.0
10110024FARIASG_2026-02-10_G60,10110024FARIASG,2026-02-10,111172,1,2,0,36.0
10110024FARIASG_2026-02-10_G61,10110024FARIASG,2026-02-10,111530,1,18,0,394.0
10110024FARIASG_2026-02-10_G62,10110024FARIASG,2026-02-10,117786,1,4,0,59.0
10110024FARIASG_2026-02-10_G63,10110024FARIASG,2026-02-10,111418,1,11,0,131.0
10110024FARIASG_2026-02-10_G64,10110024FARIASG,2026-02-10,141047,1,3,0,117.0
10110024FARIASG_2026-02-10_G65,10110024FARIASG,2026-02-10,111602,1,21,0,623.0
10110024FARIASG_2026-02-10_G66,10110024FARIASG,2026-02-10,109647,1,5,0,114.0
10110024FARIASG_2026-02-10_G67,10110024FARIASG,2026-02-10,117785,1,8,0,693.0
10110024FARIASG_2026-02-10_G68,10110024FARIASG,2026-02-10,"141458, 111435",3,35,39,352.0
10110024FARIASG_2026-02-11_G02,10110024FARIASG,2026-02-11,109641,1,8,0,80.0
10110024FARIASG_2026-02-11_G03,10110024FARIASG,2026-02-11,109641,1,4,0,76.0
10110024FARIASG_2026-02-11_G04,10110024FARIASG,2026-02-11,111443,1,10,0,115.0
10110024FARIASG_2026-02-11_G05,10110024FARIASG,2026-02-11,111443,1,17,0,115.0
10110024FARIASG_2026-02-11_G06,10110024FARIASG,2026-02-11,110740,1,4,0,79.0
10110024FARIASG_2026-02-11_G07,10110024FARIASG,2026-02-11,110740,1,12,0,96.0
10110024FARIASG_2026-02-11_G08,10110024FARIASG,2026-02-11,110740,1,4,0,434.0
10110024FARIASG_2026-02-11_G09,10110024FARIASG,2026-02-11,117821,1,4,0,126.0
10110024FARIASG_2026-02-11_G10,10110024FARIASG,2026-02-11,111469,1,4,0,62.0
10110024FARIASG_2026-02-11_G11,10110024FARIASG,2026-02-11,110374,1,12,0,175.0
10110024FARIASG_2026-02-11_G12,10110024FARIASG,2026-02-11,117820,1,4,0,67.0
10110024FARIASG_2026-02-11_G13,10110024FARIASG,2026-02-11,117820,1,4,0,33.0
10110024FARIASG_2026-02-11_G14,10110024FARIASG,2026-02-11,111466,1,20,0,191.0
10110024FARIASG_2026-02-11_G15,10110024FARIASG,2026-02-11,111466,1,4,0,33.0
10110024FARIASG_2026-02-11_G16,10110024FARIASG,2026-02-11,111172,1,8,0,267.0
10110024FARIASG_2026-02-11_G17,10110024FARIASG,2026-02-11,111172,1,4,0,62.0
10110024FARIASG_2026-02-11_G18,10110024FARIASG,2026-02-11,111418,1,8,0,122.0
10110024FARIASG_2026-02-11_G19,10110024FARIASG,2026-02-11,118140,1,4,0,74.0
10110024FARIASG_2026-02-11_G20,10110024FARIASG,2026-02-11,111463,1,8,0,750.0
10110024FARIASG_2026-02-11_G21,10110024FARIASG,2026-02-11,118299,1,4,0,71.0
10110024FARIASG_2026-02-11_G22,10110024FARIASG,2026-02-11,110373,1,4,0,168.0
10110024FARIASG_2026-02-11_G23,10110024FARIASG,2026-02-11,141458,2,8,29,73.0
10110024FARIASG_2026-02-11_G24,10110024FARIASG,2026-02-11,107236,1,8,0,224.0
10110024FARIASG_2026-02-11_G25,10110024FARIASG,2026-02-11,110748,1,4,0,187.0
10110024FARIASG_2026-02-11_G26,10110024FARIASG,2026-02-11,141456,1,8,0,213.0
10110024FARIASG_2026-02-11_G27,10110024FARIASG,2026-02-11,117808,1,2,0,272.0
10110024FARIASG_2026-02-11_G28,10110024FARIASG,2026-02-11,117808,1,4,0,74.0
10110024FARIASG_2026-02-11_G29,10110024FARIASG,2026-02-11,117808,1,2,0,44.0
10110024FARIASG_2026-02-11_G30,10110024FARIASG,2026-02-11,117808,1,4,0,40.0
10110024FARIASG_2026-02-11_G31,10110024FARIASG,2026-02-11,118094,1,2,0,1626.0
10110024FARIASG_2026-02-11_G32,10110024FARIASG,2026-02-11,111467,1,5,0,118.0
10110024FARIASG_2026-02-11_G33,10110024FARIASG,2026-02-11,110895,1,2,0,105.0
10110024FARIASG_2026-02-11_G34,10110024FARIASG,2026-02-11,117862,1,4,0,55.0
10110024FARIASG_2026-02-11_G35,10110024FARIASG,2026-02-11,111530,2,8,28,42.0
10110024FARIASG_2026-02-11_G36,10110024FARIASG,2026-02-11,141047,1,4,0,101.0
10110024FARIASG_2026-02-11_G37,10110024FARIASG,2026-02-11,110711,1,2,0,43.0
10110024FARIASG_2026-02-11_G38,10110024FARIASG,2026-02-11,111569,1,6,0,165.0
10110024FARIASG_2026-02-11_G39,10110024FARIASG,2026-02-11,111466,1,4,0,141.0
10110024FARIASG_2026-02-11_G40,10110024FARIASG,2026-02-11,111172,1,6,0,72.0
10110024FARIASG_2026-02-11_G41,10110024FARIASG,2026-02-11,118140,1,8,0,189.0
10110024FARIASG_2026-02-11_G42,10110024FARIASG,2026-02-11,111532,1,5,0,115.0
10110024FARIASG_2026-02-11_G43,10110024FARIASG,2026-02-11,111435,1,2,0,101.0
10110024FARIASG_2026-02-11_G44,10110024FARIASG,2026-02-11,117808,1,20,0,274.0
10110024FARIASG_2026-02-11_G45,10110024FARIASG,2026-02-11,117862,1,2,0,1180.0
10110024FARIASG_2026-02-11_G46,10110024FARIASG,2026-02-11,117786,1,4,0,80.0
10110024FARIASG_2026-02-11_G47,10110024FARIASG,2026-02-11,141166,1,2,0,64.0
10110024FARIASG_2026-02-11_G48,10110024FARIASG,2026-02-11,117808,1,4,0,293.0
10110024FARIASG_2026-02-11_G49,10110024FARIASG,2026-02-11,110371,1,2,0,46.0
10110024FARIASG_2026-02-11_G50,10110024FARIASG,2026-02-11,118299,1,7,0,103.0
10110024FARIASG_2026-02-11_G51,10110024FARIASG,2026-02-11,110372,1,10,0,307.0
10110024FARIASG_2026-02-11_G52,10110024FARIASG,2026-02-11,111418,1,3,0,146.0
10110024FARIASG_2026-02-11_G53,10110024FARIASG,2026-02-11,141271,1,4,0,59.0
10110024FARIASG_2026-02-11_G54,10110024FARIASG,2026-02-11,118140,1,10,0,221.0
10110024FARIASG_2026-02-11_G55,10110024FARIASG,2026-02-11,111463,1,4,0,103.0
10110024FARIASG_2026-02-11_G56,10110024FARIASG,2026-02-11,117808,1,246,0,1321.0
10110024FARIASG_2026-02-11_G57,10110024FARIASG,2026-02-11,110373,1,6,0,194.0
10110024FARIASG_2026-02-11_G58,10110024FARIASG,2026-02-11,141456,1,6,0,136.0
10110024FARIASG_2026-02-11_G59,10110024FARIASG,2026-02-11,141458,1,8,0,146.0
10110024FARIASG_2026-02-11_G60,10110024FARIASG,2026-02-11,111466,1,62,0,742.0
10110024FARIASG_2026-02-11_G61,10110024FARIASG,2026-02-11,118299,1,166,0,775.0
10110024FARIASG_2026-02-11_G62,10110024FARIASG,2026-02-11,117808,1,6,0,317.0
10110024FARIASG_2026-02-11_G63,10110024FARIASG,2026-02-11,117786,1,4,0,141.0
10110024FARIASG_2026-02-11_G64,10110024FARIASG,2026-02-11,111463,1,4,0,108.0
10110024FARIASG_2026-02-11_G65,10110024FARIASG,2026-02-11,110372,1,6,0,90.0
10110024FARIASG_2026-02-11_G67,10110024FARIASG,2026-02-11,111441,1,6,0,105.0
10110024FARIASG_2026-02-11_G68,10110024FARIASG,2026-02-11,111441,1,4,0,37.0
10110024FARIASG_2026-02-11_G69,10110024FARIASG,2026-02-11,117835,1,4,0,366.0
10110024FARIASG_2026-02-11_G70,10110024FARIASG,2026-02-11,108770,1,4,0,47.0
10110024FARIASG_2026-02-11_G71,10110024FARIASG,2026-02-11,110755,1,5,0,66.0
10110024FARIASG_2026-02-11_G72,10110024FARIASG,2026-02-11,111430,2,8,28,482.0
10110024FARIASG_2026-02-11_G73,10110024FARIASG,2026-02-11,110895,1,15,0,131.0
10110024FARIASG_2026-02-11_G74,10110024FARIASG,2026-02-11,118253,1,2,0,65.0
10110024FARIASG_2026-02-11_G75,10110024FARIASG,2026-02-11,110714,1,4,0,128.0
10110024FARIASG_2026-02-11_G76,10110024FARIASG,2026-02-11,141916,1,4,0,104.0
10110024FARIASG_2026-02-11_G77,10110024FARIASG,2026-02-11,141916,1,2,0,41.0
10110024FARIASG_2026-02-11_G78,10110024FARIASG,2026-02-11,100334,1,5,0,275.0
10110024FARIASG_2026-02-11_G79,10110024FARIASG,2026-02-11,100334,1,1,0,40.0
10110024FARIASG_2026-02-11_G80,10110024FARIASG,2026-02-11,111569,1,14,0,137.0
10110024FARIASG_2026-02-11_G81,10110024FARIASG,2026-02-11,110741,1,4,0,180.0
10110024FARIASG_2026-02-11_G82,10110024FARIASG,2026-02-11,118094,1,7,0,75.0
10110024FARIASG_2026-02-11_G83,10110024FARIASG,2026-02-11,107629,1,14,0,110.0
10110024FARIASG_2026-02-11_G84,10110024FARIASG,2026-02-11,117786,1,7,0,99.0
10110024FARIASG_2026-02-11_G85,10110024FARIASG,2026-02-11,141047,1,6,0,83.0
10110024FARIASG_2026-02-11_G86,10110024FARIASG,2026-02-11,117856,1,10,0,134.0
10110024FARIASG_2026-02-11_G87,10110024FARIASG,2026-02-11,110339,1,15,0,216.0
10110024FARIASG_2026-02-11_G88,10110024FARIASG,2026-02-11,109640,1,20,0,1881.0
10110024FARIASG_2026-02-11_G89,10110024FARIASG,2026-02-11,142045,1,2,0,564.0
10110024FARIASG_2026-02-11_G90,10110024FARIASG,2026-02-11,117786,1,3,0,169.0
10110024FARIASG_2026-02-11_G91,10110024FARIASG,2026-02-11,110711,1,6,0,96.0
10110024FARIASG_2026-02-11_G92,10110024FARIASG,2026-02-11,110711,1,4,0,35.0
10110024FARIASG_2026-02-11_G93,10110024FARIASG,2026-02-11,110374,1,4,0,257.0
10110024FARIASG_2026-02-11_G94,10110024FARIASG,2026-02-11,111348,1,2,0,56.0
10110024FARIASG_2026-02-11_G95,10110024FARIASG,2026-02-11,117831,1,2,0,42.0
10110024FARIASG_2026-02-11_G96,10110024FARIASG,2026-02-11,117833,1,4,0,66.0
10110024FARIASG_2026-02-11_G97,10110024FARIASG,2026-02-11,110371,1,2,0,54.0
10110024FARIASG_2026-02-11_G98,10110024FARIASG,2026-02-11,117820,1,2,0,58.0
10110024FARIASG_2026-02-11_G99,10110024FARIASG,2026-02-11,108711,1,1,0,45.0
10110024FARIASG_2026-02-11_G100,10110024FARIASG,2026-02-11,111466,1,8,0,162.0
10110024FARIASG_2026-02-11_G101,10110024FARIASG,2026-02-11,141823,1,8,0,137.0
10110024FARIASG_2026-02-11_G102,10110024FARIASG,2026-02-11,111468,1,3,0,96.0
10110024FARIASG_2026-02-11_G103,10110024FARIASG,2026-02-11,141456,1,1,0,432.0
10110024FARIASG_2026-02-11_G104,10110024FARIASG,2026-02-11,141458,1,2,0,112.0
10110024FARIASG_2026-02-11_G105,10110024FARIASG,2026-02-11,110373,1,4,0,77.0
10110024FARIASG_2026-02-12_G02,10110024FARIASG,2026-02-12,141166,1,4,0,121.0
10110024FARIASG_2026-02-12_G03,10110024FARIASG,2026-02-12,111602,1,3,0,112.0
10110024FARIASG_2026-02-12_G04,10110024FARIASG,2026-02-12,111172,1,4,0,141.0
10110024FARIASG_2026-02-12_G05,10110024FARIASG,2026-02-12,142045,1,2,0,1209.0
10110024FARIASG_2026-02-12_G06,10110024FARIASG,2026-02-12,111569,1,3,0,158.0
10110024FARIASG_2026-02-12_G07,10110024FARIASG,2026-02-12,111330,1,3,0,334.0
10110024FARIASG_2026-02-12_G08,10110024FARIASG,2026-02-12,111466,2,11,29,232.0
10110024FARIASG_2026-02-12_G09,10110024FARIASG,2026-02-12,117808,1,16,0,251.0
10110024FARIASG_2026-02-12_G10,10110024FARIASG,2026-02-12,109643,1,5,0,99.0
10110024FARIASG_2026-02-12_G11,10110024FARIASG,2026-02-12,118299,1,4,0,105.0
10110024FARIASG_2026-02-12_G12,10110024FARIASG,2026-02-12,141456,1,3,0,113.0
10110024FARIASG_2026-02-12_G13,10110024FARIASG,2026-02-12,111463,1,12,0,163.0
10110024FARIASG_2026-02-12_G14,10110024FARIASG,2026-02-12,117785,1,2,0,98.0
10110024FARIASG_2026-02-12_G15,10110024FARIASG,2026-02-12,111438,1,10,0,521.0
10110024FARIASG_2026-02-12_G16,10110024FARIASG,2026-02-12,110747,1,14,0,360.0
10110024FARIASG_2026-02-12_G17,10110024FARIASG,2026-02-12,117786,1,10,0,128.0
10110024FARIASG_2026-02-12_G18,10110024FARIASG,2026-02-12,141066,1,8,0,194.0
10110024FARIASG_2026-02-12_G19,10110024FARIASG,2026-02-12,117831,1,20,0,445.0
10110024FARIASG_2026-02-12_G20,10110024FARIASG,2026-02-12,117808,1,30,0,232.0
10110024FARIASG_2026-02-12_G21,10110024FARIASG,2026-02-12,111466,1,10,0,282.0
10110024FARIASG_2026-02-12_G22,10110024FARIASG,2026-02-12,117838,1,4,0,125.0
10110024FARIASG_2026-02-12_G23,10110024FARIASG,2026-02-12,141457,1,10,0,130.0
10110024FARIASG_2026-02-12_G24,10110024FARIASG,2026-02-12,141456,2,50,8,386.0
10110024FARIASG_2026-02-12_G25,10110024FARIASG,2026-02-12,117820,1,30,0,399.0
10110024FARIASG_2026-02-12_G26,10110024FARIASG,2026-02-12,117830,1,10,0,184.0
10110024FARIASG_2026-02-12_G27,10110024FARIASG,2026-02-12,118299,1,48,0,498.0
10110024FARIASG_2026-02-12_G28,10110024FARIASG,2026-02-12,110751,1,4,0,142.0
10110024FARIASG_2026-02-12_G29,10110024FARIASG,2026-02-12,110371,1,8,0,80.0
10110024FARIASG_2026-02-12_G30,10110024FARIASG,2026-02-12,110895,1,4,0,140.0
10110024FARIASG_2026-02-12_G31,10110024FARIASG,2026-02-12,117808,1,89,0,421.0
10110024FARIASG_2026-02-12_G32,10110024FARIASG,2026-02-12,142080,1,2,0,1037.0
10110024FARIASG_2026-02-12_G33,10110024FARIASG,2026-02-12,110374,1,2,0,145.0
10110024FARIASG_2026-02-12_G34,10110024FARIASG,2026-02-12,110371,1,2,0,60.0
10110024FARIASG_2026-02-12_G35,10110024FARIASG,2026-02-12,117820,1,10,0,68.0
10110024FARIASG_2026-02-12_G36,10110024FARIASG,2026-02-12,111466,1,5,0,131.0
10110024FARIASG_2026-02-12_G37,10110024FARIASG,2026-02-12,118299,1,9,0,118.0
10110024FARIASG_2026-02-12_G38,10110024FARIASG,2026-02-12,117808,1,14,0,323.0
10110024FARIASG_2026-02-12_G39,10110024FARIASG,2026-02-12,111418,1,7,0,132.0
10110024FARIASG_2026-02-12_G40,10110024FARIASG,2026-02-12,118140,1,2,0,205.0
10110024FARIASG_2026-02-12_G41,10110024FARIASG,2026-02-12,141271,1,2,0,79.0
10110024FARIASG_2026-02-12_G42,10110024FARIASG,2026-02-12,118317,1,4,0,1789.0
10110024FARIASG_2026-02-12_G43,10110024FARIASG,2026-02-12,141458,1,4,0,96.0
10110024FARIASG_2026-02-12_G44,10110024FARIASG,2026-02-12,118140,1,4,0,103.0
10110024FARIASG_2026-02-12_G45,10110024FARIASG,2026-02-12,110374,1,1,0,128.0
10110024FARIASG_2026-02-12_G46,10110024FARIASG,2026-02-12,108772,1,4,0,207.0
10110024FARIASG_2026-02-12_G47,10110024FARIASG,2026-02-12,111660,1,4,0,85.0
10110024FARIASG_2026-02-12_G48,10110024FARIASG,2026-02-12,118417,1,1,0,113.0
10110024FARIASG_2026-02-12_G49,10110024FARIASG,2026-02-12,110373,1,62,0,1059.0
10110024FARIASG_2026-02-12_G50,10110024FARIASG,2026-02-12,160055,1,4,0,274.0
10110024FARIASG_2026-02-12_G51,10110024FARIASG,2026-02-12,160051,1,6,0,141.0
10110024FARIASG_2026-02-12_G52,10110024FARIASG,2026-02-12,118317,1,4,0,278.0
10110024FARIASG_2026-02-12_G53,10110024FARIASG,2026-02-12,141035,1,2,0,957.0
10110024FARIASG_2026-02-12_G54,10110024FARIASG,2026-02-12,140923,1,8,0,484.0
10110024FARIASG_2026-02-12_G55,10110024FARIASG,2026-02-12,110500,1,1,0,189.0
10110024FARIASG_2026-02-12_G56,10110024FARIASG,2026-02-12,111876,1,4,0,127.0
10110024FARIASG_2026-02-12_G57,10110024FARIASG,2026-02-12,118094,1,5,0,67.0
10110024FARIASG_2026-02-12_G58,10110024FARIASG,2026-02-12,111467,1,2,0,42.0
10110024FARIASG_2026-02-12_G60,10110024FARIASG,2026-02-12,117862,1,4,0,88.0
10110024FARIASG_2026-02-12_G61,10110024FARIASG,2026-02-12,111650,1,4,0,70.0
10110024FARIASG_2026-02-12_G62,10110024FARIASG,2026-02-12,141047,1,4,0,112.0
10110024FARIASG_2026-02-12_G63,10110024FARIASG,2026-02-12,117856,1,3,0,71.0
10110024FARIASG_2026-02-12_G64,10110024FARIASG,2026-02-12,110895,1,8,0,127.0
10110024FARIASG_2026-02-12_G65,10110024FARIASG,2026-02-12,103149,1,2,0,69.0
10110024FARIASG_2026-02-12_G66,10110024FARIASG,2026-02-12,141916,1,4,0,140.0
10110024FARIASG_2026-02-12_G67,10110024FARIASG,2026-02-12,110339,1,4,0,82.0
10110024FARIASG_2026-02-12_G68,10110024FARIASG,2026-02-12,109495,1,1,0,101.0
10110024FARIASG_2026-02-12_G69,10110024FARIASG,2026-02-12,141066,1,2,0,112.0
10110024FARIASG_2026-02-12_G70,10110024FARIASG,2026-02-12,110623,1,2,0,63.0
10110024FARIASG_2026-02-12_G71,10110024FARIASG,2026-02-12,117842,1,2,0,307.0
10110024FARIASG_2026-02-12_G72,10110024FARIASG,2026-02-12,111348,1,2,0,62.0
10110024FARIASG_2026-02-12_G73,10110024FARIASG,2026-02-12,108794,1,8,0,110.0
10110024FARIASG_2026-02-12_G74,10110024FARIASG,2026-02-12,117833,1,8,0,153.0
10110024FARIASG_2026-02-12_G75,10110024FARIASG,2026-02-12,110740,1,6,0,68.0
10110024FARIASG_2026-02-12_G76,10110024FARIASG,2026-02-12,108711,1,2,0,44.0
10110024FARIASG_2026-02-12_G77,10110024FARIASG,2026-02-12,111743,1,2,0,50.0
10110024FARIASG_2026-02-12_G78,10110024FARIASG,2026-02-12,107830,1,2,0,153.0
10110024FARIASG_2026-02-12_G79,10110024FARIASG,2026-02-12,118299,1,8,0,103.0
10110024FARIASG_2026-02-12_G80,10110024FARIASG,2026-02-12,110325,1,3,0,114.0
10110024FARIASG_2026-02-12_G81,10110024FARIASG,2026-02-12,141202,1,5,0,147.0
10110024FARIASG_2026-02-12_G82,10110024FARIASG,2026-02-12,111466,1,2,0,133.0
10110024FARIASG_2026-02-12_G83,10110024FARIASG,2026-02-12,118140,1,6,0,105.0
10110024FARIASG_2026-02-12_G84,10110024FARIASG,2026-02-12,110372,1,8,0,144.0
10110024FARIASG_2026-02-12_G85,10110024FARIASG,2026-02-12,108798,1,2,0,92.0
10110024FARIASG_2026-02-12_G86,10110024FARIASG,2026-02-12,110375,1,4,0,83.0
10110024FARIASG_2026-02-12_G87,10110024FARIASG,2026-02-12,111463,1,12,0,144.0
10110024FARIASG_2026-02-12_G88,10110024FARIASG,2026-02-12,110711,1,1,0,279.0
10110024FARIASG_2026-02-12_G89,10110024FARIASG,2026-02-12,141456,1,3,0,107.0
10110024FARIASG_2026-02-12_G90,10110024FARIASG,2026-02-12,141458,1,2,0,112.0
10110024FARIASG_2026-02-12_G91,10110024FARIASG,2026-02-12,117809,1,2,0,147.0
10110024FARIASG_2026-02-12_G92,10110024FARIASG,2026-02-12,118299,1,4,0,125.0
10110024FARIASG_2026-02-12_G93,10110024FARIASG,2026-02-12,111442,1,6,0,159.0
10110024FARIASG_2026-02-12_G94,10110024FARIASG,2026-02-12,111348,1,6,0,415.0
10110024FARIASG_2026-02-12_G95,10110024FARIASG,2026-02-12,118298,1,4,0,191.0
10110024FARIASG_2026-02-12_G96,10110024FARIASG,2026-02-12,142045,1,2,0,61.0
10110024FARIASG_2026-02-12_G97,10110024FARIASG,2026-02-12,117856,1,4,0,108.0
10110024FARIASG_2026-02-12_G98,10110024FARIASG,2026-02-12,141166,1,4,0,118.0
10110024FARIASG_2026-02-12_G99,10110024FARIASG,2026-02-12,118299,1,8,0,177.0
10110024FARIASG_2026-02-12_G100,10110024FARIASG,2026-02-12,141458,1,2,0,118.0
10110024FARIASG_2026-02-12_G101,10110024FARIASG,2026-02-12,118094,1,8,0,215.0
10110024FARIASG_2026-02-12_G102,10110024FARIASG,2026-02-12,108794,1,4,0,282.0
10110024FARIASG_2026-02-12_G103,10110024FARIASG,2026-02-12,117833,1,2,0,63.0
10110024FARIASG_2026-02-12_G104,10110024FARIASG,2026-02-12,118299,1,20,0,179.0
10110024FARIASG_2026-02-12_G105,10110024FARIASG,2026-02-12,117808,1,4,0,117.0
10110024FARIASG_2026-02-12_G106,10110024FARIASG,2026-02-12,141202,1,4,0,98.0
10110024FARIASG_2026-02-12_G107,10110024FARIASG,2026-02-12,141823,1,4,0,109.0
10110024FARIASG_2026-02-12_G108,10110024FARIASG,2026-02-12,110372,1,10,0,117.0
10110024FARIASG_2026-02-12_G109,10110024FARIASG,2026-02-12,111465,1,4,0,97.0
10110024FARIASG_2026-02-12_G110,10110024FARIASG,2026-02-12,109641,1,3,0,153.0
10110024FARIASG_2026-02-12_G111,10110024FARIASG,2026-02-12,140923,1,8,0,172.0
10110024FARIASG_2026-02-12_G112,10110024FARIASG,2026-02-12,117856,1,6,0,162.0
10110024FARIASG_2026-02-12_G113,10110024FARIASG,2026-02-12,110339,1,2,0,87.0
10110024FARIASG_2026-02-12_G114,10110024FARIASG,2026-02-12,141066,1,6,0,146.0
10110024FARIASG_2026-02-12_G115,10110024FARIASG,2026-02-12,141457,1,5,0,113.0
10110024FARIASG_2026-02-12_G116,10110024FARIASG,2026-02-12,160055,1,6,0,254.0
10110024FARIASG_2026-02-13_G02,10110024FARIASG,2026-02-13,140923,1,8,0,77.0
10110024FARIASG_2026-02-13_G03,10110024FARIASG,2026-02-13,118416,1,4,0,80.0
10110024FARIASG_2026-02-13_G04,10110024FARIASG,2026-02-13,111120,1,2,0,216.0
10110024FARIASG_2026-02-13_G05,10110024FARIASG,2026-02-13,118632,1,8,0,254.0
10110024FARIASG_2026-02-13_G06,10110024FARIASG,2026-02-13,111438,1,4,0,253.0
10110024FARIASG_2026-02-13_G07,10110024FARIASG,2026-02-13,110787,1,2,0,103.0
10110024FARIASG_2026-02-13_G08,10110024FARIASG,2026-02-13,142045,1,12,0,370.0
10110024FARIASG_2026-02-13_G09,10110024FARIASG,2026-02-13,118094,1,4,0,115.0
10110024FARIASG_2026-02-13_G10,10110024FARIASG,2026-02-13,118322,1,2,0,81.0
10110024FARIASG_2026-02-13_G11,10110024FARIASG,2026-02-13,110895,1,10,0,140.0
10110024FARIASG_2026-02-13_G12,10110024FARIASG,2026-02-13,108961,1,1,0,315.0
10110024FARIASG_2026-02-13_G13,10110024FARIASG,2026-02-13,110711,1,6,0,62.0
10110024FARIASG_2026-02-13_G14,10110024FARIASG,2026-02-13,117856,1,5,0,60.0
10110024FARIASG_2026-02-13_G15,10110024FARIASG,2026-02-13,117854,1,3,0,139.0
10110024FARIASG_2026-02-13_G16,10110024FARIASG,2026-02-13,106860,1,2,0,102.0
10110024FARIASG_2026-02-13_G17,10110024FARIASG,2026-02-13,141916,1,6,0,134.0
10110024FARIASG_2026-02-13_G18,10110024FARIASG,2026-02-13,117820,1,4,0,94.0
10110024FARIASG_2026-02-13_G19,10110024FARIASG,2026-02-13,108794,1,4,0,97.0
10110024FARIASG_2026-02-13_G20,10110024FARIASG,2026-02-13,141823,1,4,0,139.0
10110024FARIASG_2026-02-13_G21,10110024FARIASG,2026-02-13,110372,1,4,0,95.0
10110024FARIASG_2026-02-14_G02,10110024FARIASG,2026-02-14,117786,1,8,0,131.0
10110024FARIASG_2026-02-14_G03,10110024FARIASG,2026-02-14,107830,1,8,0,172.0
10110024FARIASG_2026-02-14_G04,10110024FARIASG,2026-02-14,108795,1,3,0,84.0
10110024FARIASG_2026-02-14_G05,10110024FARIASG,2026-02-14,111348,1,2,0,52.0
10110024FARIASG_2026-02-14_G06,10110024FARIASG,2026-02-14,111743,1,2,0,70.0
10110024FARIASG_2026-02-14_G07,10110024FARIASG,2026-02-14,110787,1,35,0,364.0
10110024FARIASG_2026-02-14_G08,10110024FARIASG,2026-02-14,111172,1,2,0,50.0
10110024FARIASG_2026-02-14_G09,10110024FARIASG,2026-02-14,117830,1,2,0,108.0
10110024FARIASG_2026-02-14_G10,10110024FARIASG,2026-02-14,110373,1,50,0,489.0
10110024FARIASG_2026-02-14_G11,10110024FARIASG,2026-02-14,107830,1,4,0,237.0
10110024FARIASG_2026-02-14_G12,10110024FARIASG,2026-02-14,117821,1,22,0,455.0
10110024FARIASG_2026-02-14_G13,10110024FARIASG,2026-02-14,108711,1,6,0,65.0
10110024FARIASG_2026-02-14_G14,10110024FARIASG,2026-02-14,110376,1,5,0,194.0
10110024FARIASG_2026-02-14_G15,10110024FARIASG,2026-02-14,107236,1,2,0,67.0
10110024FARIASG_2026-02-14_G16,10110024FARIASG,2026-02-14,117830,1,151,0,1404.0
10110024FARIASG_2026-02-14_G17,10110024FARIASG,2026-02-14,141823,1,14,0,117.0
10110024FARIASG_2026-02-14_G18,10110024FARIASG,2026-02-14,111463,1,27,0,237.0
10110024FARIASG_2026-02-14_G19,10110024FARIASG,2026-02-14,111530,1,30,0,1452.0
10110024FARIASG_2026-02-14_G20,10110024FARIASG,2026-02-14,110711,1,8,0,141.0
10110024FARIASG_2026-02-14_G21,10110024FARIASG,2026-02-14,141457,1,120,0,691.0
10110024FARIASG_2026-02-14_G22,10110024FARIASG,2026-02-14,141456,1,80,0,347.0
10110024FARIASG_2026-02-14_G23,10110024FARIASG,2026-02-14,117785,1,100,0,689.0
10110024FARIASG_2026-02-14_G24,10110024FARIASG,2026-02-14,110787,1,12,0,296.0
10110024FARIASG_2026-02-14_G25,10110024FARIASG,2026-02-14,111172,1,14,0,101.0
10110024FARIASG_2026-02-14_G26,10110024FARIASG,2026-02-14,118317,1,30,0,265.0
10110024FARIASG_2026-02-14_G27,10110024FARIASG,2026-02-14,117831,1,20,0,248.0
10110024FARIASG_2026-02-14_G28,10110024FARIASG,2026-02-14,111655,1,12,0,182.0
10110024FARIASG_2026-02-14_G29,10110024FARIASG,2026-02-14,111655,1,2,0,50.0
10110024FARIASG_2026-02-14_G30,10110024FARIASG,2026-02-14,118418,1,2,0,1201.0
10110024FARIASG_2026-02-14_G31,10110024FARIASG,2026-02-14,110752,1,4,0,83.0
10110024FARIASG_2026-02-14_G32,10110024FARIASG,2026-02-14,111441,1,2,0,104.0
10110024FARIASG_2026-02-14_G33,10110024FARIASG,2026-02-14,110895,1,1,0,100.0
10110024FARIASG_2026-02-14_G34,10110024FARIASG,2026-02-14,111438,1,3,0,91.0
10110024FARIASG_2026-02-14_G35,10110024FARIASG,2026-02-14,117786,1,5,0,79.0
10110024FARIASG_2026-02-14_G36,10110024FARIASG,2026-02-14,141352,1,4,0,137.0
10110024FARIASG_2026-02-14_G37,10110024FARIASG,2026-02-14,141916,1,3,0,87.0
10110024FARIASG_2026-02-14_G38,10110024FARIASG,2026-02-14,111090,1,4,0,96.0
10110024FARIASG_2026-02-14_G39,10110024FARIASG,2026-02-14,100334,1,4,0,91.0
10110024FARIASG_2026-02-14_G40,10110024FARIASG,2026-02-14,117837,1,4,0,104.0
10110024FARIASG_2026-02-14_G41,10110024FARIASG,2026-02-14,111569,1,23,0,1023.0
10110024FARIASG_2026-02-14_G42,10110024FARIASG,2026-02-14,110582,1,7,0,369.0
10110024FARIASG_2026-02-14_G43,10110024FARIASG,2026-02-14,142045,1,39,0,821.0
10110024FARIASG_2026-02-14_G44,10110024FARIASG,2026-02-14,140923,1,53,0,498.0
10110024FARIASG_2026-02-14_G45,10110024FARIASG,2026-02-14,117831,1,2,0,389.0
10110024FARIASG_2026-02-14_G46,10110024FARIASG,2026-02-14,110748,1,2,0,130.0
10110024FARIASG_2026-02-14_G47,10110024FARIASG,2026-02-14,108794,1,1,0,86.0
10110024FARIASG_2026-02-14_G48,10110024FARIASG,2026-02-14,110374,1,2,0,72.0
10110024FARIASG_2026-02-14_G49,10110024FARIASG,2026-02-14,118299,2,3,23,33.0
10110024FARIASG_2026-02-14_G50,10110024FARIASG,2026-02-14,117820,1,2,0,55.0
10110024FARIASG_2026-02-14_G51,10110024FARIASG,2026-02-14,108711,1,1,0,54.0
10110024FARIASG_2026-02-14_G52,10110024FARIASG,2026-02-14,116241,1,8,0,103.0
10110024FARIASG_2026-02-14_G53,10110024FARIASG,2026-02-14,111743,1,16,0,131.0
10110024FARIASG_2026-02-14_G54,10110024FARIASG,2026-02-14,118140,1,2,0,39.0
10110024FARIASG_2026-02-14_G56,10110024FARIASG,2026-02-14,110372,1,42,0,296.0
10110024FARIASG_2026-02-14_G57,10110024FARIASG,2026-02-14,110372,1,2,0,31.0
10110024FARIASG_2026-02-14_G58,10110024FARIASG,2026-02-14,117808,1,320,0,720.0
10110024FARIASG_2026-02-14_G59,10110024FARIASG,2026-02-14,117830,1,43,0,217.0
10110024FARIASG_2026-02-14_G60,10110024FARIASG,2026-02-14,141271,1,32,0,391.0
10110024FARIASG_2026-02-14_G61,10110024FARIASG,2026-02-14,110740,1,18,0,371.0
10110024FARIASG_2026-02-16_G02,10110024FARIASG,2026-02-16,142080,1,4,0,392.0
10110024FARIASG_2026-02-16_G03,10110024FARIASG,2026-02-16,111467,1,4,0,1372.0
10110024FARIASG_2026-02-16_G04,10110024FARIASG,2026-02-16,111467,1,16,0,129.0
10110024FARIASG_2026-02-16_G05,10110024FARIASG,2026-02-16,117861,1,5,0,181.0
10110024FARIASG_2026-02-16_G06,10110024FARIASG,2026-02-16,141166,1,9,0,650.0
10110024FARIASG_2026-02-16_G07,10110024FARIASG,2026-02-16,141166,1,3,0,44.0
10110024FARIASG_2026-02-16_G08,10110024FARIASG,2026-02-16,110895,1,2,0,127.0
10110024FARIASG_2026-02-16_G09,10110024FARIASG,2026-02-16,111438,1,7,0,158.0
10110024FARIASG_2026-02-16_G10,10110024FARIASG,2026-02-16,109717,1,5,0,447.0
10110024FARIASG_2026-02-16_G11,10110024FARIASG,2026-02-16,110372,1,2,0,139.0
10110024FARIASG_2026-02-16_G12,10110024FARIASG,2026-02-16,111530,1,115,0,733.0
10110024FARIASG_2026-02-16_G13,10110024FARIASG,2026-02-16,110374,1,9,0,618.0
10110024FARIASG_2026-02-16_G14,10110024FARIASG,2026-02-16,110787,1,7,0,230.0
10110024FARIASG_2026-02-16_G15,10110024FARIASG,2026-02-16,142093,1,63,0,459.0
10110024FARIASG_2026-02-16_G16,10110024FARIASG,2026-02-16,111466,1,33,0,877.0
10110024FARIASG_2026-02-16_G17,10110024FARIASG,2026-02-16,110787,1,2,0,326.0
10110024FARIASG_2026-02-16_G18,10110024FARIASG,2026-02-16,118317,1,4,0,81.0
10110024FARIASG_2026-02-16_G19,10110024FARIASG,2026-02-16,111530,1,7,0,75.0
10110024FARIASG_2026-02-16_G20,10110024FARIASG,2026-02-16,110373,1,2,0,118.0
10110024FARIASG_2026-02-16_G21,10110024FARIASG,2026-02-16,117821,1,4,0,243.0
10110024FARIASG_2026-02-16_G22,10110024FARIASG,2026-02-16,110787,1,13,0,466.0
10110024FARIASG_2026-02-16_G23,10110024FARIASG,2026-02-16,118317,1,3,0,63.0
10110024FARIASG_2026-02-16_G24,10110024FARIASG,2026-02-16,110787,1,6,0,110.0
10110024FARIASG_2026-02-16_G25,10110024FARIASG,2026-02-16,118317,1,4,0,71.0
10110024FARIASG_2026-02-16_G26,10110024FARIASG,2026-02-16,140923,1,4,0,154.0
10110024FARIASG_2026-02-16_G27,10110024FARIASG,2026-02-16,117834,1,10,0,1787.0
10110024FARIASG_2026-02-16_G28,10110024FARIASG,2026-02-16,117836,1,6,0,170.0
10110024FARIASG_2026-02-16_G29,10110024FARIASG,2026-02-16,116527,1,4,0,170.0
10110024FARIASG_2026-02-16_G30,10110024FARIASG,2026-02-16,109641,1,4,0,138.0
10110024FARIASG_2026-02-16_G31,10110024FARIASG,2026-02-16,117820,1,10,0,148.0
10110024FARIASG_2026-02-16_G32,10110024FARIASG,2026-02-16,140922,1,4,0,139.0
10110024FARIASG_2026-02-16_G33,10110024FARIASG,2026-02-16,141457,1,10,0,133.0
10110024FARIASG_2026-02-16_G34,10110024FARIASG,2026-02-16,110740,1,8,0,78.0
10110024FARIASG_2026-02-16_G35,10110024FARIASG,2026-02-16,141456,1,6,0,120.0
10110024FARIASG_2026-02-16_G36,10110024FARIASG,2026-02-16,110339,1,4,0,153.0
10110024FARIASG_2026-02-16_G37,10110024FARIASG,2026-02-16,109645,1,5,0,401.0
10110024FARIASG_2026-02-16_G38,10110024FARIASG,2026-02-16,110711,1,12,0,134.0
10110024FARIASG_2026-02-16_G39,10110024FARIASG,2026-02-16,111759,1,4,0,433.0
10110024FARIASG_2026-02-16_G40,10110024FARIASG,2026-02-16,111759,1,6,0,114.0
10110024FARIASG_2026-02-16_G41,10110024FARIASG,2026-02-16,141262,1,8,0,563.0
10110024FARIASG_2026-02-16_G42,10110024FARIASG,2026-02-16,117842,1,2,0,138.0
10110024FARIASG_2026-02-16_G43,10110024FARIASG,2026-02-16,117833,1,4,0,67.0
10110024FARIASG_2026-02-16_G44,10110024FARIASG,2026-02-16,108711,1,1,0,47.0
10110024FARIASG_2026-02-16_G45,10110024FARIASG,2026-02-16,110787,1,2,0,62.0
10110024FARIASG_2026-02-16_G46,10110024FARIASG,2026-02-16,"111466, 111172",2,9,29,88.0
10110024FARIASG_2026-02-16_G47,10110024FARIASG,2026-02-16,111418,1,8,0,115.0
10110024FARIASG_2026-02-16_G48,10110024FARIASG,2026-02-16,111660,1,2,0,130.0
10110024FARIASG_2026-02-16_G49,10110024FARIASG,2026-02-16,110787,1,4,0,151.0
10110024FARIASG_2026-02-16_G50,10110024FARIASG,2026-02-16,107830,1,1,0,298.0
10110024FARIASG_2026-02-16_G51,10110024FARIASG,2026-02-16,110374,1,2,0,70.0
10110024FARIASG_2026-02-16_G52,10110024FARIASG,2026-02-16,117820,1,6,0,105.0
10110024FARIASG_2026-02-16_G53,10110024FARIASG,2026-02-16,141202,1,2,0,79.0
10110024FARIASG_2026-02-16_G54,10110024FARIASG,2026-02-16,110372,1,12,0,303.0
10110024FARIASG_2026-02-16_G55,10110024FARIASG,2026-02-16,110373,1,12,0,78.0
10110024FARIASG_2026-02-16_G56,10110024FARIASG,2026-02-16,117830,1,3,0,106.0
10110024FARIASG_2026-02-16_G57,10110024FARIASG,2026-02-16,111655,1,8,0,1097.0
10110024FARIASG_2026-02-16_G58,10110024FARIASG,2026-02-16,111660,1,2,0,178.0
10110024FARIASG_2026-02-16_G59,10110024FARIASG,2026-02-16,108772,1,4,0,142.0
10110024FARIASG_2026-02-16_G60,10110024FARIASG,2026-02-16,140923,1,16,0,224.0
10110024FARIASG_2026-02-16_G61,10110024FARIASG,2026-02-16,117861,1,2,0,70.0
10110024FARIASG_2026-02-16_G62,10110024FARIASG,2026-02-16,142045,1,4,0,102.0
10110024FARIASG_2026-02-16_G63,10110024FARIASG,2026-02-16,117834,1,4,0,59.0
10110024FARIASG_2026-02-16_G64,10110024FARIASG,2026-02-16,111441,1,7,0,75.0
10110024FARIASG_2026-02-16_G66,10110024FARIASG,2026-02-16,117862,1,3,0,49.0
10110024FARIASG_2026-02-16_G67,10110024FARIASG,2026-02-16,111530,1,4,0,46.0
10110024FARIASG_2026-02-16_G68,10110024FARIASG,2026-02-16,111650,1,2,0,44.0
10110024FARIASG_2026-02-16_G69,10110024FARIASG,2026-02-16,117786,1,4,0,58.0
10110024FARIASG_2026-02-16_G70,10110024FARIASG,2026-02-16,117835,1,1,0,237.0
10110024FARIASG_2026-02-16_G71,10110024FARIASG,2026-02-16,110755,1,2,0,42.0
10110024FARIASG_2026-02-16_G72,10110024FARIASG,2026-02-16,110895,1,1,0,37.0
10110024FARIASG_2026-02-16_G73,10110024FARIASG,2026-02-16,111438,1,4,0,87.0
10110024FARIASG_2026-02-16_G74,10110024FARIASG,2026-02-16,141047,1,2,0,56.0
10110024FARIASG_2026-02-16_G75,10110024FARIASG,2026-02-16,110711,1,2,0,39.0
10110024FARIASG_2026-02-16_G76,10110024FARIASG,2026-02-16,111602,1,12,0,99.0
10110024FARIASG_2026-02-16_G77,10110024FARIASG,2026-02-16,117856,1,7,0,88.0
10110024FARIASG_2026-02-16_G78,10110024FARIASG,2026-02-16,111353,1,4,0,146.0
10110024FARIASG_2026-02-16_G79,10110024FARIASG,2026-02-16,110339,1,3,0,47.0
10110024FARIASG_2026-02-16_G80,10110024FARIASG,2026-02-16,117854,1,2,0,91.0
10110024FARIASG_2026-02-16_G81,10110024FARIASG,2026-02-16,141166,1,2,0,64.0
10110024FARIASG_2026-02-16_G82,10110024FARIASG,2026-02-16,111569,1,4,0,221.0
10110024FARIASG_2026-02-16_G83,10110024FARIASG,2026-02-16,110374,1,12,0,657.0
10110024FARIASG_2026-02-16_G84,10110024FARIASG,2026-02-16,118299,1,7,0,60.0
10110024FARIASG_2026-02-16_G85,10110024FARIASG,2026-02-16,110371,1,12,0,78.0
10110024FARIASG_2026-02-16_G86,10110024FARIASG,2026-02-16,117820,1,20,0,149.0
10110024FARIASG_2026-02-16_G87,10110024FARIASG,2026-02-16,117808,1,30,0,149.0
10110024FARIASG_2026-02-16_G88,10110024FARIASG,2026-02-16,110372,1,60,0,626.0
10110024FARIASG_2026-02-16_G89,10110024FARIASG,2026-02-16,110373,1,22,0,191.0
10110024FARIASG_2026-02-16_G90,10110024FARIASG,2026-02-16,110373,1,2,0,31.0
10110024FARIASG_2026-02-16_G91,10110024FARIASG,2026-02-16,117832,1,4,0,99.0
10110024FARIASG_2026-02-16_G92,10110024FARIASG,2026-02-16,115234,1,4,0,252.0
10110024FARIASG_2026-02-16_G93,10110024FARIASG,2026-02-16,141456,1,16,0,629.0
10110024FARIASG_2026-02-16_G94,10110024FARIASG,2026-02-16,111463,1,4,0,54.0
10110024FARIASG_2026-02-16_G95,10110024FARIASG,2026-02-16,111468,1,2,0,306.0
10110024FARIASG_2026-02-16_G96,10110024FARIASG,2026-02-16,111468,1,1,0,37.0
10110024FARIASG_2026-02-16_G97,10110024FARIASG,2026-02-16,142080,1,4,0,723.0
10110024FARIASG_2026-02-17_G02,10110024FARIASG,2026-02-17,111466,1,8,0,341.0
10110024FARIASG_2026-02-17_G03,10110024FARIASG,2026-02-17,110371,1,8,0,232.0
10110024FARIASG_2026-02-17_G04,10110024FARIASG,2026-02-17,117808,1,20,0,114.0
10110024FARIASG_2026-02-17_G05,10110024FARIASG,2026-02-17,140923,1,4,0,132.0
10110024FARIASG_2026-02-17_G06,10110024FARIASG,2026-02-17,141047,1,2,0,1700.0
10110024FARIASG_2026-02-17_G07,10110024FARIASG,2026-02-17,118306,1,2,0,67.0
10110024FARIASG_2026-02-17_G08,10110024FARIASG,2026-02-17,100334,1,4,0,381.0
10110024FARIASG_2026-02-17_G09,10110024FARIASG,2026-02-17,110339,1,11,0,189.0
10110024FARIASG_2026-02-17_G10,10110024FARIASG,2026-02-17,108795,1,2,0,161.0
10110024FARIASG_2026-02-17_G11,10110024FARIASG,2026-02-17,111172,1,2,0,83.0
10110024FARIASG_2026-02-17_G12,10110024FARIASG,2026-02-17,111442,1,12,0,170.0
10110024FARIASG_2026-02-17_G13,10110024FARIASG,2026-02-17,109645,1,2,0,91.0
10110024FARIASG_2026-02-17_G14,10110024FARIASG,2026-02-17,111439,1,4,0,204.0
10110024FARIASG_2026-02-17_G15,10110024FARIASG,2026-02-17,110895,1,4,0,109.0
10110024FARIASG_2026-02-17_G16,10110024FARIASG,2026-02-17,141066,1,2,0,122.0
10110024FARIASG_2026-02-17_G17,10110024FARIASG,2026-02-17,141166,1,2,0,78.0
10110024FARIASG_2026-02-17_G18,10110024FARIASG,2026-02-17,142080,1,2,0,436.0
10110024FARIASG_2026-02-17_G19,10110024FARIASG,2026-02-17,118140,1,8,0,262.0
10110024FARIASG_2026-02-17_G20,10110024FARIASG,2026-02-17,110374,1,19,0,163.0
10110024FARIASG_2026-02-17_G21,10110024FARIASG,2026-02-17,110374,1,11,0,57.0
10110024FARIASG_2026-02-17_G22,10110024FARIASG,2026-02-17,118299,1,20,0,421.0
10110024FARIASG_2026-02-17_G23,10110024FARIASG,2026-02-17,117808,1,20,0,133.0
10110024FARIASG_2026-02-17_G24,10110024FARIASG,2026-02-17,110787,1,10,0,124.0
10110024FARIASG_2026-02-17_G25,10110024FARIASG,2026-02-17,110373,1,50,0,555.0
10110024FARIASG_2026-02-17_G26,10110024FARIASG,2026-02-17,110371,1,4,0,157.0
10110024FARIASG_2026-02-17_G27,10110024FARIASG,2026-02-17,111439,1,5,0,124.0
10110024FARIASG_2026-02-17_G28,10110024FARIASG,2026-02-17,110325,1,3,0,137.0
10110024FARIASG_2026-02-17_G29,10110024FARIASG,2026-02-17,110895,1,3,0,66.0
10110024FARIASG_2026-02-17_G30,10110024FARIASG,2026-02-17,110747,1,11,0,1201.0
10110024FARIASG_2026-02-17_G31,10110024FARIASG,2026-02-17,111467,1,5,0,269.0
10110024FARIASG_2026-02-17_G32,10110024FARIASG,2026-02-17,107629,1,1,0,99.0
10110024FARIASG_2026-02-17_G33,10110024FARIASG,2026-02-17,117788,1,1,0,158.0
10110024FARIASG_2026-02-17_G34,10110024FARIASG,2026-02-17,117862,1,12,0,90.0
10110024FARIASG_2026-02-17_G35,10110024FARIASG,2026-02-17,141916,1,4,0,129.0
10110024FARIASG_2026-02-17_G36,10110024FARIASG,2026-02-17,100334,1,1,0,58.0
10110024FARIASG_2026-02-17_G37,10110024FARIASG,2026-02-17,111468,1,10,0,224.0
10110024FARIASG_2026-02-17_G38,10110024FARIASG,2026-02-17,141457,1,20,0,639.0
10110024FARIASG_2026-02-17_G39,10110024FARIASG,2026-02-17,117833,1,30,0,502.0
10110024FARIASG_2026-02-17_G40,10110024FARIASG,2026-02-17,111466,1,50,0,94.0
10110024FARIASG_2026-02-17_G41,10110024FARIASG,2026-02-17,117820,1,50,0,381.0
10110024FARIASG_2026-02-17_G42,10110024FARIASG,2026-02-17,100334,1,2,0,448.0
10110024FARIASG_2026-02-17_G43,10110024FARIASG,2026-02-17,111530,1,1,0,85.0
10110024FARIASG_2026-02-17_G44,10110024FARIASG,2026-02-17,141166,1,1,0,56.0
10110024FARIASG_2026-02-17_G45,10110024FARIASG,2026-02-17,110374,1,4,0,79.0
10110024FARIASG_2026-02-17_G46,10110024FARIASG,2026-02-17,110371,1,12,0,200.0
10110024FARIASG_2026-02-17_G47,10110024FARIASG,2026-02-17,117821,1,2,0,96.0
10110024FARIASG_2026-02-17_G48,10110024FARIASG,2026-02-17,108711,1,3,0,37.0
10110024FARIASG_2026-02-17_G49,10110024FARIASG,2026-02-17,118140,1,3,0,38.0
10110024FARIASG_2026-02-17_G50,10110024FARIASG,2026-02-17,110325,1,2,0,72.0
10110024FARIASG_2026-02-17_G51,10110024FARIASG,2026-02-17,110787,1,4,0,67.0
10110024FARIASG_2026-02-17_G52,10110024FARIASG,2026-02-17,111172,1,1,0,40.0
10110024FARIASG_2026-02-17_G53,10110024FARIASG,2026-02-17,118317,1,3,0,43.0
10110024FARIASG_2026-02-17_G54,10110024FARIASG,2026-02-17,117831,1,1,0,39.0
10110024FARIASG_2026-02-17_G55,10110024FARIASG,2026-02-17,117840,1,3,0,48.0
10110024FARIASG_2026-02-17_G56,10110024FARIASG,2026-02-17,110373,1,8,0,83.0
10110024FARIASG_2026-02-17_G57,10110024FARIASG,2026-02-17,110372,1,6,0,70.0
10110024FARIASG_2026-02-17_G58,10110024FARIASG,2026-02-17,117832,1,6,0,72.0
10110024FARIASG_2026-02-17_G59,10110024FARIASG,2026-02-17,141456,1,8,0,106.0
10110024FARIASG_2026-02-17_G60,10110024FARIASG,2026-02-17,117785,1,10,0,799.0
10110024FARIASG_2026-02-17_G61,10110024FARIASG,2026-02-17,111532,1,6,0,175.0
10110024FARIASG_2026-02-17_G62,10110024FARIASG,2026-02-17,108794,1,10,0,145.0
10110024FARIASG_2026-02-17_G63,10110024FARIASG,2026-02-17,140922,1,6,0,60.0
10110024FARIASG_2026-02-17_G64,10110024FARIASG,2026-02-17,110787,1,18,0,150.0
10110024FARIASG_2026-02-17_G65,10110024FARIASG,2026-02-17,111172,1,6,0,69.0
10110024FARIASG_2026-02-17_G66,10110024FARIASG,2026-02-17,118317,1,4,0,53.0
10110024FARIASG_2026-02-17_G67,10110024FARIASG,2026-02-17,111442,1,6,0,96.0
10110024FARIASG_2026-02-17_G68,10110024FARIASG,2026-02-17,111418,1,16,0,211.0
10110024FARIASG_2026-02-17_G70,10110024FARIASG,2026-02-17,111759,1,8,0,286.0
10110024FARIASG_2026-02-17_G71,10110024FARIASG,2026-02-17,141141,1,5,0,123.0
10110024FARIASG_2026-02-17_G72,10110024FARIASG,2026-02-17,141140,1,8,0,200.0
10110024FARIASG_2026-02-17_G73,10110024FARIASG,2026-02-17,111751,1,8,0,400.0
10110024FARIASG_2026-02-17_G74,10110024FARIASG,2026-02-17,141262,1,10,0,289.0
10110024FARIASG_2026-02-17_G75,10110024FARIASG,2026-02-17,111602,1,2,0,173.0
10110024FARIASG_2026-02-17_G76,10110024FARIASG,2026-02-17,111759,1,10,0,464.0
10110024FARIASG_2026-02-17_G77,10110024FARIASG,2026-02-17,111532,1,8,0,533.0
10110024FARIASG_2026-02-17_G78,10110024FARIASG,2026-02-17,118191,1,30,0,803.0
10110024FARIASG_2026-02-17_G79,10110024FARIASG,2026-02-17,118191,1,10,0,143.0
10110024FARIASG_2026-02-17_G80,10110024FARIASG,2026-02-17,141262,1,8,0,833.0
10110024FARIASG_2026-02-17_G81,10110024FARIASG,2026-02-17,118191,1,20,0,562.0
10110024FARIASG_2026-02-17_G82,10110024FARIASG,2026-02-17,141262,1,30,0,781.0
10110024FARIASG_2026-02-17_G83,10110024FARIASG,2026-02-17,118191,1,16,0,318.0
10110024FARIASG_2026-02-18_G02,10110024FARIASG,2026-02-18,111530,1,15,0,151.0
10110024FARIASG_2026-02-18_G03,10110024FARIASG,2026-02-18,117821,1,12,0,179.0
10110024FARIASG_2026-02-18_G04,10110024FARIASG,2026-02-18,118317,1,16,0,353.0
10110024FARIASG_2026-02-18_G05,10110024FARIASG,2026-02-18,111530,1,4,0,971.0
10110024FARIASG_2026-02-18_G06,10110024FARIASG,2026-02-18,111442,1,24,0,693.0
10110024FARIASG_2026-02-18_G07,10110024FARIASG,2026-02-18,110339,1,8,0,159.0
10110024FARIASG_2026-02-18_G08,10110024FARIASG,2026-02-18,118140,1,40,0,371.0
10110024FARIASG_2026-02-18_G09,10110024FARIASG,2026-02-18,110895,1,4,0,444.0
10110024FARIASG_2026-02-18_G10,10110024FARIASG,2026-02-18,109647,1,6,0,206.0
10110024FARIASG_2026-02-18_G11,10110024FARIASG,2026-02-18,117854,1,3,0,114.0
10110024FARIASG_2026-02-18_G12,10110024FARIASG,2026-02-18,117854,1,1,0,31.0
10110024FARIASG_2026-02-18_G13,10110024FARIASG,2026-02-18,141166,2,5,28,94.0
10110024FARIASG_2026-02-18_G14,10110024FARIASG,2026-02-18,111569,1,10,0,192.0
10110024FARIASG_2026-02-18_G15,10110024FARIASG,2026-02-18,110374,1,10,0,227.0
10110024FARIASG_2026-02-18_G16,10110024FARIASG,2026-02-18,109641,1,10,0,319.0
10110024FARIASG_2026-02-18_G17,10110024FARIASG,2026-02-18,116241,1,3,0,131.0
10110024FARIASG_2026-02-18_G18,10110024FARIASG,2026-02-18,142093,1,10,0,524.0
10110024FARIASG_2026-02-18_G19,10110024FARIASG,2026-02-18,110740,1,10,0,143.0
10110024FARIASG_2026-02-18_G20,10110024FARIASG,2026-02-18,111463,1,10,0,100.0
10110024FARIASG_2026-02-18_G21,10110024FARIASG,2026-02-18,111430,1,5,0,578.0
10110024FARIASG_2026-02-18_G22,10110024FARIASG,2026-02-18,111418,1,10,0,223.0
10110024FARIASG_2026-02-18_G23,10110024FARIASG,2026-02-18,141457,1,2,0,100.0
10110024FARIASG_2026-02-18_G24,10110024FARIASG,2026-02-18,118299,1,3,0,135.0
10110024FARIASG_2026-02-18_G25,10110024FARIASG,2026-02-18,118299,1,20,0,45.0
10110024FARIASG_2026-02-18_G26,10110024FARIASG,2026-02-18,110371,1,10,0,570.0
10110024FARIASG_2026-02-18_G27,10110024FARIASG,2026-02-18,117808,1,30,0,253.0
10110024FARIASG_2026-02-18_G28,10110024FARIASG,2026-02-18,117840,1,12,0,202.0
10110024FARIASG_2026-02-18_G29,10110024FARIASG,2026-02-18,110373,1,1,0,69.0
10110024FARIASG_2026-02-18_G30,10110024FARIASG,2026-02-18,110373,1,5,0,55.0
10110024FARIASG_2026-02-18_G31,10110024FARIASG,2026-02-18,110372,1,25,0,226.0
10110024FARIASG_2026-02-18_G32,10110024FARIASG,2026-02-18,110372,1,2,0,32.0
10110024FARIASG_2026-02-18_G33,10110024FARIASG,2026-02-18,117862,1,6,0,201.0
10110024FARIASG_2026-02-18_G34,10110024FARIASG,2026-02-18,117808,1,4,0,106.0
10110024FARIASG_2026-02-19_G02,10110024FARIASG,2026-02-19,142045,1,4,0,562.0
10110024FARIASG_2026-02-19_G03,10110024FARIASG,2026-02-19,111569,1,5,0,104.0
10110024FARIASG_2026-02-19_G04,10110024FARIASG,2026-02-19,109640,1,6,0,216.0
10110024FARIASG_2026-02-19_G05,10110024FARIASG,2026-02-19,111462,1,29,0,321.0
10110024FARIASG_2026-02-19_G06,10110024FARIASG,2026-02-19,117842,1,4,0,99.0
10110024FARIASG_2026-02-19_G07,10110024FARIASG,2026-02-19,118306,1,6,0,495.0
10110024FARIASG_2026-02-19_G08,10110024FARIASG,2026-02-19,142080,1,12,0,110.0
10110024FARIASG_2026-02-19_G09,10110024FARIASG,2026-02-19,111431,1,4,0,121.0
10110024FARIASG_2026-02-19_G10,10110024FARIASG,2026-02-19,109640,1,20,0,554.0
10110024FARIASG_2026-02-19_G11,10110024FARIASG,2026-02-19,111530,1,16,0,340.0
10110024FARIASG_2026-02-19_G12,10110024FARIASG,2026-02-19,110755,1,1,0,81.0
10110024FARIASG_2026-02-19_G13,10110024FARIASG,2026-02-19,110755,1,3,0,48.0
10110024FARIASG_2026-02-19_G14,10110024FARIASG,2026-02-19,109640,1,5,0,115.0
10110024FARIASG_2026-02-19_G15,10110024FARIASG,2026-02-19,111469,1,4,0,122.0
10110024FARIASG_2026-02-19_G16,10110024FARIASG,2026-02-19,111530,1,8,0,122.0
10110024FARIASG_2026-02-19_G17,10110024FARIASG,2026-02-19,110747,1,2,0,101.0
10110024FARIASG_2026-02-19_G18,10110024FARIASG,2026-02-19,107830,1,4,0,188.0
10110024FARIASG_2026-02-19_G19,10110024FARIASG,2026-02-19,110373,1,5,0,251.0
10110024FARIASG_2026-02-19_G20,10110024FARIASG,2026-02-19,118094,1,6,0,297.0
10110024FARIASG_2026-02-19_G21,10110024FARIASG,2026-02-19,111469,1,15,0,322.0
10110024FARIASG_2026-02-19_G22,10110024FARIASG,2026-02-19,111530,1,12,0,209.0
10110024FARIASG_2026-02-19_G23,10110024FARIASG,2026-02-19,110740,1,4,0,136.0
10110024FARIASG_2026-02-19_G24,10110024FARIASG,2026-02-19,142045,1,6,0,318.0
10110024FARIASG_2026-02-19_G25,10110024FARIASG,2026-02-19,140923,1,6,0,82.0
10110024FARIASG_2026-02-19_G26,10110024FARIASG,2026-02-19,111743,1,2,0,81.0
10110024FARIASG_2026-02-19_G27,10110024FARIASG,2026-02-19,111466,1,4,0,99.0
10110024FARIASG_2026-02-19_G28,10110024FARIASG,2026-02-19,110747,1,3,0,127.0
10110024FARIASG_2026-02-19_G29,10110024FARIASG,2026-02-19,100334,1,2,0,117.0
10110024FARIASG_2026-02-19_G30,10110024FARIASG,2026-02-19,109640,1,10,0,205.0
10110024FARIASG_2026-02-19_G31,10110024FARIASG,2026-02-19,117808,1,10,0,266.0
10110024FARIASG_2026-02-19_G32,10110024FARIASG,2026-02-19,117786,1,21,0,1589.0
10110024FARIASG_2026-02-19_G33,10110024FARIASG,2026-02-19,117854,1,3,0,219.0
10110024FARIASG_2026-02-19_G34,10110024FARIASG,2026-02-19,110581,1,2,0,126.0
10110024FARIASG_2026-02-19_G35,10110024FARIASG,2026-02-19,110711,1,6,0,267.0
10110024FARIASG_2026-02-19_G36,10110024FARIASG,2026-02-19,110711,2,10,28,108.0
10110024FARIASG_2026-02-19_G37,10110024FARIASG,2026-02-19,117786,1,31,0,407.0
10110024FARIASG_2026-02-19_G38,10110024FARIASG,2026-02-19,118299,1,485,0,1140.0
10110024FARIASG_2026-02-19_G39,10110024FARIASG,2026-02-19,117808,1,720,0,1375.0
10110024FARIASG_2026-02-19_G40,10110024FARIASG,2026-02-19,110373,1,90,0,391.0
10110024FARIASG_2026-02-19_G41,10110024FARIASG,2026-02-19,110374,1,29,0,622.0
10110024FARIASG_2026-02-19_G42,10110024FARIASG,2026-02-19,110373,1,45,0,265.0
10110024FARIASG_2026-02-19_G43,10110024FARIASG,2026-02-19,117832,1,18,0,228.0
10110024FARIASG_2026-02-19_G44,10110024FARIASG,2026-02-19,117832,1,28,0,538.0
10110024FARIASG_2026-02-19_G45,10110024FARIASG,2026-02-19,110374,1,19,0,208.0
10110024FARIASG_2026-02-19_G46,10110024FARIASG,2026-02-19,111602,1,3,0,1594.0
10110024FARIASG_2026-02-19_G47,10110024FARIASG,2026-02-19,111469,1,3,0,162.0
10110024FARIASG_2026-02-19_G48,10110024FARIASG,2026-02-19,111441,1,4,0,98.0
10110024FARIASG_2026-02-19_G49,10110024FARIASG,2026-02-19,140923,1,4,0,118.0
10110024FARIASG_2026-02-19_G50,10110024FARIASG,2026-02-19,118094,1,4,0,83.0
10110024FARIASG_2026-02-19_G51,10110024FARIASG,2026-02-19,107629,1,4,0,110.0
10110024FARIASG_2026-02-19_G52,10110024FARIASG,2026-02-19,111466,1,4,0,118.0
10110024FARIASG_2026-02-19_G53,10110024FARIASG,2026-02-19,111466,1,4,0,49.0
10110024FARIASG_2026-02-19_G54,10110024FARIASG,2026-02-19,118317,1,2,0,46.0
10110024FARIASG_2026-02-19_G55,10110024FARIASG,2026-02-19,142093,1,6,0,76.0
10110024FARIASG_2026-02-19_G56,10110024FARIASG,2026-02-19,142093,1,4,0,36.0
10110024FARIASG_2026-02-19_G58,10110024FARIASG,2026-02-19,117862,1,11,0,303.0
10110024FARIASG_2026-02-19_G59,10110024FARIASG,2026-02-19,117831,1,2,0,108.0
10110024FARIASG_2026-02-19_G60,10110024FARIASG,2026-02-19,110711,1,1,0,65.0
10110024FARIASG_2026-02-19_G61,10110024FARIASG,2026-02-19,108361,1,2,0,84.0
10110024FARIASG_2026-02-19_G62,10110024FARIASG,2026-02-19,111463,1,8,0,97.0
10110024FARIASG_2026-02-19_G63,10110024FARIASG,2026-02-19,117837,1,4,0,193.0
10110024FARIASG_2026-02-19_G64,10110024FARIASG,2026-02-19,141166,1,3,0,90.0
10110024FARIASG_2026-02-19_G65,10110024FARIASG,2026-02-19,141456,1,2,0,115.0
10110024FARIASG_2026-02-19_G66,10110024FARIASG,2026-02-19,141458,1,2,0,429.0
10110024FARIASG_2026-02-19_G67,10110024FARIASG,2026-02-19,141458,1,3,0,46.0
10110024FARIASG_2026-02-19_G68,10110024FARIASG,2026-02-19,117820,1,8,0,179.0
10110024FARIASG_2026-02-19_G69,10110024FARIASG,2026-02-19,117808,1,64,0,542.0
10110024FARIASG_2026-02-19_G70,10110024FARIASG,2026-02-19,118299,2,18,26,291.0
10110024FARIASG_2026-02-19_G71,10110024FARIASG,2026-02-19,117830,1,4,0,135.0
10110024FARIASG_2026-02-19_G72,10110024FARIASG,2026-02-19,108770,1,2,0,270.0
10110024FARIASG_2026-02-19_G73,10110024FARIASG,2026-02-19,110753,1,4,0,250.0
10110024FARIASG_2026-02-19_G74,10110024FARIASG,2026-02-19,110752,1,4,0,175.0
10110024FARIASG_2026-02-19_G75,10110024FARIASG,2026-02-19,117862,1,3,0,107.0
10110024FARIASG_2026-02-19_G76,10110024FARIASG,2026-02-19,110112,1,4,0,113.0
10110024FARIASG_2026-02-19_G77,10110024FARIASG,2026-02-19,141047,1,2,0,72.0
10110024FARIASG_2026-02-19_G78,10110024FARIASG,2026-02-19,117856,1,4,0,98.0
10110024FARIASG_2026-02-19_G79,10110024FARIASG,2026-02-19,111879,1,4,0,359.0
10110024FARIASG_2026-02-19_G80,10110024FARIASG,2026-02-19,117785,1,6,0,287.0
10110024FARIASG_2026-02-19_G81,10110024FARIASG,2026-02-19,111348,1,4,0,95.0
10110024FARIASG_2026-02-19_G82,10110024FARIASG,2026-02-19,108794,1,4,0,73.0
10110024FARIASG_2026-02-19_G83,10110024FARIASG,2026-02-19,116241,1,3,0,119.0
10110024FARIASG_2026-02-19_G84,10110024FARIASG,2026-02-19,117809,1,4,0,83.0
10110024FARIASG_2026-02-19_G85,10110024FARIASG,2026-02-19,142080,1,4,0,112.0
10110024FARIASG_2026-02-19_G86,10110024FARIASG,2026-02-19,109641,1,4,0,100.0
10110024FARIASG_2026-02-19_G87,10110024FARIASG,2026-02-19,117831,1,8,0,136.0
10110024FARIASG_2026-02-19_G88,10110024FARIASG,2026-02-19,109645,1,4,0,132.0
10110024FARIASG_2026-02-19_G89,10110024FARIASG,2026-02-19,117830,1,4,0,130.0
10110024FARIASG_2026-02-19_G90,10110024FARIASG,2026-02-19,109640,1,4,0,397.0
10110024FARIASG_2026-02-19_G91,10110024FARIASG,2026-02-19,111462,1,2,0,76.0
10110024FARIASG_2026-02-19_G92,10110024FARIASG,2026-02-19,111469,1,2,0,79.0
10110024FARIASG_2026-02-19_G93,10110024FARIASG,2026-02-19,117853,1,2,0,88.0
10110024FARIASG_2026-02-19_G94,10110024FARIASG,2026-02-19,109640,1,12,0,181.0
10110024FARIASG_2026-02-19_G95,10110024FARIASG,2026-02-19,118094,1,4,0,110.0
10110024FARIASG_2026-02-19_G96,10110024FARIASG,2026-02-19,111462,1,5,0,97.0
10110024FARIASG_2026-02-19_G97,10110024FARIASG,2026-02-19,111469,1,8,0,212.0
10110024FARIASG_2026-02-20_G02,10110024FARIASG,2026-02-20,111660,1,2,0,389.0
10110024FARIASG_2026-02-20_G03,10110024FARIASG,2026-02-20,108794,1,4,0,120.0
10110024FARIASG_2026-02-20_G04,10110024FARIASG,2026-02-20,117785,1,2,0,43.0
10110024FARIASG_2026-02-20_G05,10110024FARIASG,2026-02-20,111443,1,1,0,52.0
10110024FARIASG_2026-02-20_G06,10110024FARIASG,2026-02-20,110751,1,2,0,46.0
10110024FARIASG_2026-02-20_G07,10110024FARIASG,2026-02-20,111743,1,2,0,54.0
10110024FARIASG_2026-02-20_G08,10110024FARIASG,2026-02-20,117820,1,3,0,64.0
10110024FARIASG_2026-02-20_G09,10110024FARIASG,2026-02-20,110787,1,3,0,96.0
10110024FARIASG_2026-02-20_G10,10110024FARIASG,2026-02-20,111466,1,4,0,59.0
10110024FARIASG_2026-02-20_G11,10110024FARIASG,2026-02-20,111172,1,4,0,70.0
10110024FARIASG_2026-02-20_G12,10110024FARIASG,2026-02-20,142093,1,5,0,77.0
10110024FARIASG_2026-02-20_G13,10110024FARIASG,2026-02-20,111418,1,4,0,101.0
10110024FARIASG_2026-02-20_G14,10110024FARIASG,2026-02-20,110376,1,2,0,66.0
10110024FARIASG_2026-02-20_G15,10110024FARIASG,2026-02-20,117831,1,2,0,65.0
10110024FARIASG_2026-02-20_G16,10110024FARIASG,2026-02-20,141823,1,4,0,53.0
10110024FARIASG_2026-02-20_G17,10110024FARIASG,2026-02-20,108798,1,3,0,79.0
10110024FARIASG_2026-02-20_G18,10110024FARIASG,2026-02-20,110373,1,7,0,86.0
10110024FARIASG_2026-02-20_G19,10110024FARIASG,2026-02-20,110375,1,2,0,60.0
10110024FARIASG_2026-02-20_G20,10110024FARIASG,2026-02-20,110372,1,8,0,131.0
10110024FARIASG_2026-02-20_G21,10110024FARIASG,2026-02-20,111463,1,4,0,157.0
10110024FARIASG_2026-02-20_G22,10110024FARIASG,2026-02-20,109640,1,8,0,358.0
10110024FARIASG_2026-02-20_G23,10110024FARIASG,2026-02-20,108795,1,2,0,94.0
10110024FARIASG_2026-02-20_G24,10110024FARIASG,2026-02-20,110374,1,4,0,136.0
10110024FARIASG_2026-02-20_G25,10110024FARIASG,2026-02-20,118224,1,8,0,226.0
10110024FARIASG_2026-02-20_G26,10110024FARIASG,2026-02-20,111442,1,4,0,83.0
10110024FARIASG_2026-02-20_G27,10110024FARIASG,2026-02-20,141458,1,8,0,306.0
10110024FARIASG_2026-02-20_G28,10110024FARIASG,2026-02-20,110747,1,6,0,135.0
10110024FARIASG_2026-02-20_G29,10110024FARIASG,2026-02-20,109649,1,4,0,481.0
10110024FARIASG_2026-02-20_G30,10110024FARIASG,2026-02-20,110747,1,2,0,178.0
10110024FARIASG_2026-02-20_G31,10110024FARIASG,2026-02-20,111530,1,4,0,607.0
10110024FARIASG_2026-02-20_G32,10110024FARIASG,2026-02-20,117853,1,19,0,732.0
10110024FARIASG_2026-02-20_G33,10110024FARIASG,2026-02-20,108759,1,8,0,103.0
10110024FARIASG_2026-02-20_G34,10110024FARIASG,2026-02-20,111434,1,6,0,459.0
10110024FARIASG_2026-02-20_G35,10110024FARIASG,2026-02-20,111532,1,40,0,568.0
10110024FARIASG_2026-02-20_G36,10110024FARIASG,2026-02-20,111469,1,30,0,334.0
10110024FARIASG_2026-02-20_G37,10110024FARIASG,2026-02-20,111466,1,46,0,402.0
10110024FARIASG_2026-02-20_G38,10110024FARIASG,2026-02-20,107236,1,50,0,407.0
10110024FARIASG_2026-02-20_G39,10110024FARIASG,2026-02-20,111442,1,26,0,234.0
10110024FARIASG_2026-02-20_G40,10110024FARIASG,2026-02-20,111435,1,13,0,1162.0
10110024FARIASG_2026-02-20_G41,10110024FARIASG,2026-02-20,111435,1,13,0,142.0
10110024FARIASG_2026-02-20_G42,10110024FARIASG,2026-02-20,111462,1,40,0,417.0
10110024FARIASG_2026-02-20_G43,10110024FARIASG,2026-02-20,111462,1,30,0,264.0
10110024FARIASG_2026-02-20_G44,10110024FARIASG,2026-02-20,110787,3,70,29,152.0
10110024FARIASG_2026-02-20_G45,10110024FARIASG,2026-02-20,111172,1,24,0,492.0
10110024FARIASG_2026-02-20_G46,10110024FARIASG,2026-02-20,142093,1,35,0,255.0
10110024FARIASG_2026-02-20_G47,10110024FARIASG,2026-02-20,111602,1,23,0,278.0
10110024FARIASG_2026-02-20_G48,10110024FARIASG,2026-02-20,111602,1,60,0,338.0
10110024FARIASG_2026-02-20_G49,10110024FARIASG,2026-02-20,141352,1,15,0,364.0
10110024FARIASG_2026-02-20_G50,10110024FARIASG,2026-02-20,141458,1,21,0,337.0
10110024FARIASG_2026-02-20_G51,10110024FARIASG,2026-02-20,118271,1,4,0,276.0
10110024FARIASG_2026-02-20_G52,10110024FARIASG,2026-02-20,109640,1,23,0,513.0
10110024FARIASG_2026-02-20_G53,10110024FARIASG,2026-02-20,107830,1,25,0,271.0
10110024FARIASG_2026-02-20_G54,10110024FARIASG,2026-02-20,110374,1,39,0,455.0
10110024FARIASG_2026-02-20_G55,10110024FARIASG,2026-02-20,117840,1,15,0,187.0
10110024FARIASG_2026-02-20_G56,10110024FARIASG,2026-02-20,110372,1,30,0,184.0
10110024FARIASG_2026-02-20_G57,10110024FARIASG,2026-02-20,118299,1,100,0,256.0
10110024FARIASG_2026-02-20_G58,10110024FARIASG,2026-02-20,117808,1,300,0,500.0
10110024FARIASG_2026-02-20_G59,10110024FARIASG,2026-02-20,110373,1,120,0,565.0
10110024FARIASG_2026-02-20_G61,10110024FARIASG,2026-02-20,110755,1,8,0,244.0
10110024FARIASG_2026-02-20_G62,10110024FARIASG,2026-02-20,118253,1,24,0,438.0
10110024FARIASG_2026-02-20_G63,10110024FARIASG,2026-02-20,111441,1,20,0,215.0
10110024FARIASG_2026-02-20_G64,10110024FARIASG,2026-02-20,110747,1,24,0,490.0
10110024FARIASG_2026-02-20_G65,10110024FARIASG,2026-02-20,118251,1,2,0,338.0
10110024FARIASG_2026-02-20_G66,10110024FARIASG,2026-02-20,142045,1,30,0,150.0
10110024FARIASG_2026-02-20_G67,10110024FARIASG,2026-02-20,141318,1,20,0,215.0
10110024FARIASG_2026-02-20_G68,10110024FARIASG,2026-02-20,110742,1,3,0,79.0
10110024FARIASG_2026-02-20_G69,10110024FARIASG,2026-02-20,100334,1,15,0,412.0
10110024FARIASG_2026-02-20_G70,10110024FARIASG,2026-02-20,117862,1,40,0,562.0
10110024FARIASG_2026-02-20_G71,10110024FARIASG,2026-02-20,141047,1,30,0,567.0
10110024FARIASG_2026-02-20_G72,10110024FARIASG,2026-02-20,109647,1,8,0,184.0
10110024FARIASG_2026-02-20_G73,10110024FARIASG,2026-02-20,110741,1,8,0,413.0
10110024FARIASG_2026-02-23_G02,10110024FARIASG,2026-02-23,141047,1,2,0,128.0
10110024FARIASG_2026-02-23_G03,10110024FARIASG,2026-02-23,117831,1,7,0,368.0
10110024FARIASG_2026-02-23_G04,10110024FARIASG,2026-02-23,111172,1,5,0,345.0
10110024FARIASG_2026-02-23_G05,10110024FARIASG,2026-02-23,117785,1,4,0,192.0
10110024FARIASG_2026-02-23_G06,10110024FARIASG,2026-02-23,141823,1,4,0,122.0
10110024FARIASG_2026-02-23_G07,10110024FARIASG,2026-02-23,141823,1,13,0,123.0
10110024FARIASG_2026-02-23_G08,10110024FARIASG,2026-02-23,117820,1,7,0,175.0
10110024FARIASG_2026-02-23_G09,10110024FARIASG,2026-02-23,117830,1,5,0,198.0
10110024FARIASG_2026-02-23_G10,10110024FARIASG,2026-02-23,118299,1,20,0,407.0
10110024FARIASG_2026-02-23_G11,10110024FARIASG,2026-02-23,117808,1,30,0,245.0
10110024FARIASG_2026-02-23_G12,10110024FARIASG,2026-02-23,111462,1,2,0,273.0
10110024FARIASG_2026-02-23_G13,10110024FARIASG,2026-02-23,111462,1,16,0,131.0
10110024FARIASG_2026-02-23_G14,10110024FARIASG,2026-02-23,111443,1,8,0,227.0
10110024FARIASG_2026-02-23_G15,10110024FARIASG,2026-02-23,111469,1,16,0,171.0
10110024FARIASG_2026-02-23_G16,10110024FARIASG,2026-02-23,118253,1,3,0,499.0
10110024FARIASG_2026-02-23_G17,10110024FARIASG,2026-02-23,111469,1,5,0,134.0
10110024FARIASG_2026-02-23_G18,10110024FARIASG,2026-02-23,111743,1,10,0,108.0
10110024FARIASG_2026-02-23_G19,10110024FARIASG,2026-02-23,118277,1,2,0,220.0
10110024FARIASG_2026-02-23_G20,10110024FARIASG,2026-02-23,117862,1,4,0,203.0
10110024FARIASG_2026-02-23_G21,10110024FARIASG,2026-02-23,109640,1,20,0,343.0
10110024FARIASG_2026-02-23_G22,10110024FARIASG,2026-02-23,111445,1,8,0,677.0
10110024FARIASG_2026-02-23_G23,10110024FARIASG,2026-02-23,111655,1,4,0,179.0
10110024FARIASG_2026-02-23_G24,10110024FARIASG,2026-02-23,111530,1,37,0,358.0
10110024FARIASG_2026-02-23_G25,10110024FARIASG,2026-02-23,117856,1,6,0,1136.0
10110024FARIASG_2026-02-23_G26,10110024FARIASG,2026-02-23,117808,1,700,0,2081.0
10110024FARIASG_2026-02-23_G27,10110024FARIASG,2026-02-23,117809,1,25,0,137.0
10110024FARIASG_2026-02-23_G28,10110024FARIASG,2026-02-23,117822,1,20,0,174.0
10110024FARIASG_2026-02-23_G29,10110024FARIASG,2026-02-23,117830,1,75,0,584.0
10110024FARIASG_2026-02-23_G30,10110024FARIASG,2026-02-23,110375,1,12,0,210.0
10110024FARIASG_2026-02-23_G31,10110024FARIASG,2026-02-23,141456,1,60,0,1329.0
10110024FARIASG_2026-02-24_G02,10110024FARIASG,2026-02-24,111348,1,14,0,270.0
10110024FARIASG_2026-02-24_G03,10110024FARIASG,2026-02-24,117808,1,720,0,1579.0
10110024FARIASG_2026-02-24_G04,10110024FARIASG,2026-02-24,118299,2,726,7,1586.0
10110024FARIASG_2026-02-24_G05,10110024FARIASG,2026-02-24,110373,1,90,0,605.0
10110024FARIASG_2026-02-25_G02,10110024FARIASG,2026-02-25,117855,1,44,0,432.0
10110024FARIASG_2026-02-25_G03,10110024FARIASG,2026-02-25,118364,1,1,0,1503.0
10110024FARIASG_2026-02-25_G04,10110024FARIASG,2026-02-25,117861,1,4,0,284.0
10110024FARIASG_2026-02-25_G05,10110024FARIASG,2026-02-25,140922,2,5,27,772.0
10110024FARIASG_2026-02-25_G06,10110024FARIASG,2026-02-25,140922,1,2,0,42.0
10110024FARIASG_2026-02-25_G07,10110024FARIASG,2026-02-25,140922,2,18,11,39.0
10110024FARIASG_2026-02-25_G08,10110024FARIASG,2026-02-25,117855,1,8,0,1199.0
10110024FARIASG_2026-02-25_G09,10110024FARIASG,2026-02-25,142093,1,2,0,766.0
10110024FARIASG_2026-02-25_G10,10110024FARIASG,2026-02-25,140922,1,7,0,120.0
10110024FARIASG_2026-02-25_G11,10110024FARIASG,2026-02-25,142045,1,4,0,213.0
10110024FARIASG_2026-02-25_G12,10110024FARIASG,2026-02-25,107629,1,2,0,112.0
10110024FARIASG_2026-02-25_G13,10110024FARIASG,2026-02-25,141458,1,7,0,188.0
10110024FARIASG_2026-02-25_G14,10110024FARIASG,2026-02-25,111602,1,20,0,232.0
10110024FARIASG_2026-02-25_G15,10110024FARIASG,2026-02-25,118290,1,8,0,617.0
10110024FARIASG_2026-02-25_G16,10110024FARIASG,2026-02-25,117808,1,2,0,194.0
10110024FARIASG_2026-02-25_G17,10110024FARIASG,2026-02-25,117855,1,2,0,110.0
10110024FARIASG_2026-02-25_G18,10110024FARIASG,2026-02-25,111660,1,6,0,238.0
10110024FARIASG_2026-02-25_G19,10110024FARIASG,2026-02-25,117821,1,3,0,174.0
10110024FARIASG_2026-02-25_G20,10110024FARIASG,2026-02-25,142080,1,8,0,209.0
10110024FARIASG_2026-02-25_G21,10110024FARIASG,2026-02-25,140922,1,2,0,210.0
10110024FARIASG_2026-02-25_G22,10110024FARIASG,2026-02-25,142045,1,9,0,446.0
10110024FARIASG_2026-02-25_G23,10110024FARIASG,2026-02-25,111530,1,6,0,138.0
10110024FARIASG_2026-02-25_G24,10110024FARIASG,2026-02-25,109640,1,2,0,49.0
10110024FARIASG_2026-02-25_G25,10110024FARIASG,2026-02-25,111602,1,10,0,193.0
10110024FARIASG_2026-02-25_G26,10110024FARIASG,2026-02-25,117855,1,9,0,314.0
10110024FARIASG_2026-02-25_G27,10110024FARIASG,2026-02-25,111602,1,197,0,1541.0
10110024FARIASG_2026-02-25_G28,10110024FARIASG,2026-02-25,117856,1,279,0,943.0
10110024FARIASG_2026-02-25_G29,10110024FARIASG,2026-02-25,111468,1,248,0,762.0
10110024FARIASG_2026-02-25_G30,10110024FARIASG,2026-02-25,108759,1,10,0,203.0
10110024FARIASG_2026-02-25_G31,10110024FARIASG,2026-02-25,109649,1,140,0,168.0
10110024FARIASG_2026-02-26_G02,10110024FARIASG,2026-02-26,111660,1,3,0,658.0
10110024FARIASG_2026-02-26_G03,10110024FARIASG,2026-02-26,108759,1,8,0,133.0
10110024FARIASG_2026-02-26_G04,10110024FARIASG,2026-02-26,108759,1,3,0,63.0
10110024FARIASG_2026-02-26_G05,10110024FARIASG,2026-02-26,117834,1,8,0,292.0
10110024FARIASG_2026-02-26_G06,10110024FARIASG,2026-02-26,110755,1,2,0,110.0
10110024FARIASG_2026-02-26_G07,10110024FARIASG,2026-02-26,111438,1,6,0,109.0
10110024FARIASG_2026-02-26_G08,10110024FARIASG,2026-02-26,111441,1,4,0,92.0
10110024FARIASG_2026-02-26_G09,10110024FARIASG,2026-02-26,110112,1,6,0,169.0
10110024FARIASG_2026-02-26_G10,10110024FARIASG,2026-02-26,111655,1,4,0,132.0
10110024FARIASG_2026-02-26_G11,10110024FARIASG,2026-02-26,141916,1,12,0,368.0
10110024FARIASG_2026-02-26_G12,10110024FARIASG,2026-02-26,110742,1,6,0,98.0
10110024FARIASG_2026-02-26_G13,10110024FARIASG,2026-02-26,110582,1,2,0,264.0
10110024FARIASG_2026-02-26_G14,10110024FARIASG,2026-02-26,111705,1,1,0,94.0
10110024FARIASG_2026-02-26_G15,10110024FARIASG,2026-02-26,110374,1,12,0,145.0
10110024FARIASG_2026-02-26_G16,10110024FARIASG,2026-02-26,117809,1,12,0,192.0
10110024FARIASG_2026-02-26_G17,10110024FARIASG,2026-02-26,118299,1,120,0,557.0
10110024FARIASG_2026-02-26_G18,10110024FARIASG,2026-02-26,117820,1,80,0,477.0
10110024FARIASG_2026-02-26_G19,10110024FARIASG,2026-02-26,117808,1,80,0,343.0
10110024FARIASG_2026-02-26_G20,10110024FARIASG,2026-02-26,110372,1,120,0,464.0
10110024FARIASG_2026-02-26_G21,10110024FARIASG,2026-02-26,117830,1,28,0,221.0
10110024FARIASG_2026-02-26_G22,10110024FARIASG,2026-02-26,110371,1,28,0,269.0
10110024FARIASG_2026-02-26_G23,10110024FARIASG,2026-02-26,117822,1,28,0,521.0
10110024FARIASG_2026-02-26_G24,10110024FARIASG,2026-02-26,141202,1,12,0,151.0
10110024FARIASG_2026-02-26_G25,10110024FARIASG,2026-02-26,109642,1,2,0,1466.0
10110024FARIASG_2026-02-26_G26,10110024FARIASG,2026-02-26,111743,1,12,0,268.0
10110024FARIASG_2026-02-26_G27,10110024FARIASG,2026-02-26,140911,1,6,0,573.0
10110024FARIASG_2026-02-26_G28,10110024FARIASG,2026-02-26,111602,1,4,0,235.0
10110024FARIASG_2026-02-26_G29,10110024FARIASG,2026-02-26,107892,1,1,0,141.0
10110024FARIASG_2026-02-26_G30,10110024FARIASG,2026-02-26,109643,1,1,0,136.0
10110024FARIASG_2026-02-26_G31,10110024FARIASG,2026-02-26,110313,1,24,0,507.0
10110024FARIASG_2026-02-26_G32,10110024FARIASG,2026-02-26,110313,1,6,0,103.0
10110024FARIASG_2026-02-26_G33,10110024FARIASG,2026-02-26,140911,1,10,0,637.0
10110024FARIASG_2026-02-26_G34,10110024FARIASG,2026-02-26,160055,1,4,0,132.0
10110024FARIASG_2026-02-26_G35,10110024FARIASG,2026-02-26,111660,1,6,0,2035.0
10110024FARIASG_2026-02-26_G36,10110024FARIASG,2026-02-26,111530,1,4,0,183.0
10110024FARIASG_2026-02-26_G37,10110024FARIASG,2026-02-26,111172,1,4,0,118.0
10110024FARIASG_2026-02-26_G38,10110024FARIASG,2026-02-26,109643,1,12,0,360.0
10110024FARIASG_2026-02-26_G39,10110024FARIASG,2026-02-26,141457,1,4,0,113.0
10110024FARIASG_2026-02-26_G40,10110024FARIASG,2026-02-26,110374,1,4,0,157.0
10110024FARIASG_2026-02-26_G41,10110024FARIASG,2026-02-26,105705,1,1,0,209.0
10110024FARIASG_2026-02-26_G42,10110024FARIASG,2026-02-26,109643,1,6,0,201.0
10110024FARIASG_2026-02-26_G43,10110024FARIASG,2026-02-26,140922,1,16,0,297.0
10110024FARIASG_2026-02-26_G44,10110024FARIASG,2026-02-26,111530,1,6,0,1168.0
10110024FARIASG_2026-02-26_G45,10110024FARIASG,2026-02-26,110313,1,4,0,273.0
10110024FARIASG_2026-02-26_G46,10110024FARIASG,2026-02-26,111469,1,4,0,125.0
10110024FARIASG_2026-02-26_G47,10110024FARIASG,2026-02-26,107892,1,3,0,199.0
10110024FARIASG_2026-02-26_G48,10110024FARIASG,2026-02-26,110313,1,4,0,174.0
10110024FARIASG_2026-02-26_G49,10110024FARIASG,2026-02-26,118317,1,2,0,329.0
10110024FARIASG_2026-02-26_G50,10110024FARIASG,2026-02-26,110313,1,7,0,274.0
10110024FARIASG_2026-02-26_G52,10110024FARIASG,2026-02-26,110313,1,4,0,140.0
10110024FARIASG_2026-02-26_G53,10110024FARIASG,2026-02-26,105705,1,4,0,789.0
10110024FARIASG_2026-02-26_G54,10110024FARIASG,2026-02-26,118290,1,12,0,517.0
10110024FARIASG_2026-02-26_G55,10110024FARIASG,2026-02-26,117834,1,4,0,207.0
10110024FARIASG_2026-02-26_G56,10110024FARIASG,2026-02-26,110752,1,2,0,142.0
10110024FARIASG_2026-02-26_G57,10110024FARIASG,2026-02-26,110743,1,4,0,180.0
10110024FARIASG_2026-02-26_G58,10110024FARIASG,2026-02-26,117841,1,4,0,330.0
10110024FARIASG_2026-02-26_G59,10110024FARIASG,2026-02-26,111468,1,2,0,124.0
10110024FARIASG_2026-02-26_G60,10110024FARIASG,2026-02-26,117837,1,4,0,125.0
10110024FARIASG_2026-02-26_G61,10110024FARIASG,2026-02-26,140922,1,2,0,419.0
10110024FARIASG_2026-02-26_G62,10110024FARIASG,2026-02-26,141456,1,10,0,344.0
10110024FARIASG_2026-02-26_G63,10110024FARIASG,2026-02-26,111463,1,6,0,114.0
10110024FARIASG_2026-02-26_G64,10110024FARIASG,2026-02-26,110745,1,1,0,257.0
10110024FARIASG_2026-02-26_G65,10110024FARIASG,2026-02-26,110313,1,20,0,325.0
10110024FARIASG_2026-02-26_G66,10110024FARIASG,2026-02-26,140911,1,1,0,216.0
10110024FARIASG_2026-02-26_G67,10110024FARIASG,2026-02-26,109643,1,7,0,153.0
10110024FARIASG_2026-02-26_G68,10110024FARIASG,2026-02-26,140922,1,4,0,199.0
10110024FARIASG_2026-02-26_G69,10110024FARIASG,2026-02-26,140922,1,4,0,49.0
10110024FARIASG_2026-02-26_G70,10110024FARIASG,2026-02-26,110371,1,4,0,347.0
10110024FARIASG_2026-02-26_G71,10110024FARIASG,2026-02-26,141458,1,2,0,140.0
10110024FARIASG_2026-02-26_G72,10110024FARIASG,2026-02-26,140922,1,32,0,325.0
10110024FARIASG_2026-02-27_G02,10110024FARIASG,2026-02-27,110313,1,2,0,92.0
10110024FARIASG_2026-02-27_G03,10110024FARIASG,2026-02-27,117855,1,1,0,94.0
10110024FARIASG_2026-02-27_G04,10110024FARIASG,2026-02-27,117836,1,4,0,785.0
10110024FARIASG_2026-02-27_G05,10110024FARIASG,2026-02-27,142093,1,8,0,77.0
10110024FARIASG_2026-02-27_G06,10110024FARIASG,2026-02-27,109645,1,20,0,209.0
10110024FARIASG_2026-02-27_G07,10110024FARIASG,2026-02-27,117834,1,4,0,224.0
10110024FARIASG_2026-02-27_G08,10110024FARIASG,2026-02-27,140922,1,4,0,95.0
10110024FARIASG_2026-02-27_G09,10110024FARIASG,2026-02-27,110740,1,4,0,135.0
10110024FARIASG_2026-02-27_G10,10110024FARIASG,2026-02-27,111348,1,6,0,1311.0
10110024FARIASG_2026-02-27_G11,10110024FARIASG,2026-02-27,108794,1,2,0,85.0
10110024FARIASG_2026-02-27_G12,10110024FARIASG,2026-02-27,117785,1,40,0,257.0
10110024FARIASG_2026-02-27_G13,10110024FARIASG,2026-02-27,108711,1,1,0,241.0
10110024FARIASG_2026-02-27_G14,10110024FARIASG,2026-02-27,142093,1,1,0,88.0
10110024FARIASG_2026-02-27_G15,10110024FARIASG,2026-02-27,142093,1,11,0,90.0
10110024FARIASG_2026-02-27_G16,10110024FARIASG,2026-02-27,109641,1,4,0,169.0
10110024FARIASG_2026-02-27_G17,10110024FARIASG,2026-02-27,141456,1,8,0,113.0
10110024FARIASG_2026-02-27_G18,10110024FARIASG,2026-02-27,111465,1,6,0,113.0
10110024FARIASG_2026-02-27_G19,10110024FARIASG,2026-02-27,109645,1,5,0,297.0
10110024FARIASG_2026-02-27_G20,10110024FARIASG,2026-02-27,111468,2,4,28,34.0
10110024FARIASG_2026-02-27_G21,10110024FARIASG,2026-02-27,111469,1,20,0,178.0
10110024FARIASG_2026-02-27_G22,10110024FARIASG,2026-02-27,110740,1,2,0,71.0
10110024FARIASG_2026-02-27_G23,10110024FARIASG,2026-02-27,110740,1,4,0,45.0
10110024FARIASG_2026-02-27_G24,10110024FARIASG,2026-02-27,141458,1,20,0,229.0
10110024FARIASG_2026-02-27_G25,10110024FARIASG,2026-02-27,111463,1,50,0,236.0
10110024FARIASG_2026-02-27_G26,10110024FARIASG,2026-02-27,109640,1,1,0,1162.0
10110024FARIASG_2026-02-27_G27,10110024FARIASG,2026-02-27,118416,1,2,0,76.0
10110024FARIASG_2026-02-27_G28,10110024FARIASG,2026-02-27,110313,2,4,30,71.0
10110024FARIASG_2026-02-27_G29,10110024FARIASG,2026-02-27,110313,1,4,0,67.0
10110024FARIASG_2026-02-27_G30,10110024FARIASG,2026-02-27,111439,1,3,0,82.0
10110024FARIASG_2026-02-27_G31,10110024FARIASG,2026-02-27,140923,1,1,0,35.0
10110024FARIASG_2026-02-27_G32,10110024FARIASG,2026-02-27,140923,1,6,0,81.0
10110024FARIASG_2026-02-27_G33,10110024FARIASG,2026-02-27,111530,1,5,0,75.0
10110024FARIASG_2026-02-27_G34,10110024FARIASG,2026-02-27,117862,1,10,0,203.0
10110024FARIASG_2026-02-27_G35,10110024FARIASG,2026-02-27,111876,1,1,0,120.0
10110024FARIASG_2026-02-27_G36,10110024FARIASG,2026-02-27,111876,1,4,0,64.0
10110024FARIASG_2026-02-27_G37,10110024FARIASG,2026-02-27,111602,1,12,0,185.0
10110024FARIASG_2026-02-27_G38,10110024FARIASG,2026-02-27,111602,1,3,0,35.0
10110024FARIASG_2026-02-27_G39,10110024FARIASG,2026-02-27,111602,1,10,0,84.0
10110024FARIASG_2026-02-27_G40,10110024FARIASG,2026-02-27,117856,1,10,0,263.0
10110024FARIASG_2026-02-27_G41,10110024FARIASG,2026-02-27,110756,1,2,0,48.0
10110024FARIASG_2026-02-27_G42,10110024FARIASG,2026-02-27,117861,1,2,0,121.0
10110024FARIASG_2026-02-27_G43,10110024FARIASG,2026-02-27,117861,1,4,0,56.0
10110024FARIASG_2026-02-27_G44,10110024FARIASG,2026-02-27,117861,1,7,0,40.0
10110024FARIASG_2026-02-27_G45,10110024FARIASG,2026-02-27,111602,1,12,0,403.0
10110024FARIASG_2026-02-27_G46,10110024FARIASG,2026-02-27,111467,1,3,0,101.0
10110024FARIASG_2026-02-27_G47,10110024FARIASG,2026-02-27,111467,1,6,0,36.0
10110024FARIASG_2026-02-27_G48,10110024FARIASG,2026-02-27,111467,1,5,0,35.0
10110024FARIASG_2026-02-27_G49,10110024FARIASG,2026-02-27,111467,1,5,0,46.0
10110024FARIASG_2026-02-27_G50,10110024FARIASG,2026-02-27,117855,1,4,0,97.0
10110024FARIASG_2026-02-27_G51,10110024FARIASG,2026-02-27,117855,1,8,0,62.0
10110024FARIASG_2026-02-27_G52,10110024FARIASG,2026-02-27,117855,1,8,0,267.0
10110024FARIASG_2026-02-27_G53,10110024FARIASG,2026-02-27,111879,1,2,0,622.0
10110024FARIASG_2026-02-27_G54,10110024FARIASG,2026-02-27,142093,1,19,0,445.0
10110024FARIASG_2026-02-27_G55,10110024FARIASG,2026-02-27,142093,1,2,0,33.0
10110024FARIASG_2026-02-27_G56,10110024FARIASG,2026-02-27,142093,1,17,0,141.0
10110024FARIASG_2026-02-27_G57,10110024FARIASG,2026-02-27,142093,1,109,0,775.0
10110024FARIASG_2026-02-27_G58,10110024FARIASG,2026-02-27,142093,6,161,68,76.0
10110024FARIASG_2026-02-27_G59,10110024FARIASG,2026-02-27,140922,1,2,0,1239.0
10110024FARIASG_2026-02-27_G60,10110024FARIASG,2026-02-27,140922,1,1,0,169.0
10110024FARIASG_2026-02-27_G61,10110024FARIASG,2026-02-27,111330,1,4,0,1529.0
10110024FARIASG_2026-02-27_G62,10110024FARIASG,2026-02-27,142080,1,12,0,192.0
10110024FARIASG_2026-02-27_G63,10110024FARIASG,2026-02-27,142093,1,8,0,215.0
10110024FARIASG_2026-02-27_G64,10110024FARIASG,2026-02-27,142080,1,7,0,138.0
10110024FARIASG_2026-02-27_G65,10110024FARIASG,2026-02-27,111330,1,10,0,672.0
10110024FARIASG_2026-02-27_G66,10110024FARIASG,2026-02-27,109640,1,24,0,852.0
10110024FARIASG_2026-02-27_G68,10110024FARIASG,2026-02-27,118290,1,1,0,48.0
10110024FARIASG_2026-02-27_G69,10110024FARIASG,2026-02-27,118290,1,4,0,224.0
10110024FARIASG_2026-02-27_G70,10110024FARIASG,2026-02-27,111569,1,6,0,268.0
10110024FARIASG_2026-02-27_G71,10110024FARIASG,2026-02-27,111441,1,6,0,107.0
10110024FARIASG_2026-02-27_G72,10110024FARIASG,2026-02-27,118306,1,2,0,122.0
10110024FARIASG_2026-02-27_G73,10110024FARIASG,2026-02-27,118306,1,2,0,32.0
10110024FARIASG_2026-02-27_G74,10110024FARIASG,2026-02-27,118306,1,2,0,57.0
10110024FARIASG_2026-02-27_G75,10110024FARIASG,2026-02-27,110895,1,1,0,110.0
10110024FARIASG_2026-02-27_G76,10110024FARIASG,2026-02-27,110895,1,2,0,49.0
10110024FARIASG_2026-02-27_G77,10110024FARIASG,2026-02-27,116527,1,2,0,80.0
10110024FARIASG_2026-02-27_G78,10110024FARIASG,2026-02-27,140911,1,2,0,67.0
10110024FARIASG_2026-02-27_G79,10110024FARIASG,2026-02-27,107892,1,2,0,123.0
10110024FARIASG_2026-02-27_G80,10110024FARIASG,2026-02-27,110754,1,4,0,80.0
10110024FARIASG_2026-02-27_G81,10110024FARIASG,2026-02-27,140922,1,10,0,342.0
10110024FARIASG_2026-02-27_G82,10110024FARIASG,2026-02-27,140922,1,2,0,32.0
10110024FARIASG_2026-02-27_G83,10110024FARIASG,2026-02-27,108794,1,3,0,137.0
10110024FARIASG_2026-02-27_G84,10110024FARIASG,2026-02-27,117785,1,11,0,347.0
10110024FARIASG_2026-02-27_G85,10110024FARIASG,2026-02-27,117833,1,4,0,76.0
10110024FARIASG_2026-02-27_G86,10110024FARIASG,2026-02-27,117833,2,6,25,32.0
10110024FARIASG_2026-02-27_G87,10110024FARIASG,2026-02-27,117821,1,1,0,40.0
10110024FARIASG_2026-02-27_G88,10110024FARIASG,2026-02-27,110787,2,5,26,167.0
10110024FARIASG_2026-02-27_G89,10110024FARIASG,2026-02-27,108711,1,3,0,319.0
10110024FARIASG_2026-02-27_G90,10110024FARIASG,2026-02-27,108795,1,4,0,45.0
10110024FARIASG_2026-02-27_G91,10110024FARIASG,2026-02-27,111466,1,2,0,59.0
10110024FARIASG_2026-02-27_G92,10110024FARIASG,2026-02-27,111172,1,2,0,47.0
10110024FARIASG_2026-02-27_G93,10110024FARIASG,2026-02-27,111172,1,4,0,44.0
10110024FARIASG_2026-02-27_G94,10110024FARIASG,2026-02-27,111172,1,4,0,35.0
10110024FARIASG_2026-02-27_G95,10110024FARIASG,2026-02-27,111743,1,2,0,212.0
10110024FARIASG_2026-02-27_G96,10110024FARIASG,2026-02-27,142093,3,4,47,57.0
10110024FARIASG_2026-02-27_G97,10110024FARIASG,2026-02-27,117831,2,6,26,103.0
10110024FARIASG_2026-02-27_G98,10110024FARIASG,2026-02-27,117831,1,4,0,62.0
10110024FARIASG_2026-02-27_G99,10110024FARIASG,2026-02-27,111418,1,8,0,419.0
10110024FARIASG_2026-02-27_G100,10110024FARIASG,2026-02-27,111418,1,3,0,35.0
10110024FARIASG_2026-02-27_G101,10110024FARIASG,2026-02-27,111418,1,19,0,290.0
10110024FARIASG_2026-02-27_G102,10110024FARIASG,2026-02-27,141456,1,2,0,91.0
10110024FARIASG_2026-02-27_G103,10110024FARIASG,2026-02-27,141456,2,6,27,38.0
10110024FARIASG_2026-02-27_G104,10110024FARIASG,2026-02-27,108798,1,2,0,46.0
10110024FARIASG_2026-02-27_G105,10110024FARIASG,2026-02-27,111465,1,3,0,103.0
10110024FARIASG_2026-02-27_G106,10110024FARIASG,2026-02-27,109645,1,2,0,41.0
10110024FARIASG_2026-02-27_G107,10110024FARIASG,2026-02-27,111468,1,2,0,37.0
10110024FARIASG_2026-02-27_G108,10110024FARIASG,2026-02-27,111431,1,2,0,45.0
10110024FARIASG_2026-02-27_G109,10110024FARIASG,2026-02-27,141457,3,5,43,94.0
10110024FARIASG_2026-02-27_G110,10110024FARIASG,2026-02-27,141457,1,5,0,35.0
10110024FARIASG_2026-02-27_G111,10110024FARIASG,2026-02-27,141457,1,6,0,42.0
10110024FARIASG_2026-02-27_G112,10110024FARIASG,2026-02-27,110740,2,5,24,78.0
10110024FARIASG_2026-02-27_G113,10110024FARIASG,2026-02-27,110740,1,2,0,36.0
10110024FARIASG_2026-02-27_G114,10110024FARIASG,2026-02-27,110740,1,2,0,40.0
10110024FARIASG_2026-02-27_G115,10110024FARIASG,2026-02-27,111463,1,2,0,77.0
10110024FARIASG_2026-02-27_G116,10110024FARIASG,2026-02-27,141458,1,2,0,97.0
10110024FARIASG_2026-02-27_G117,10110024FARIASG,2026-02-27,110313,1,3,0,481.0
10110024FARIASG_2026-02-27_G118,10110024FARIASG,2026-02-27,110313,1,7,0,146.0
10110024FARIASG_2026-02-27_G119,10110024FARIASG,2026-02-27,117862,1,2,0,85.0
10110024FARIASG_2026-02-27_G120,10110024FARIASG,2026-02-27,111602,1,4,0,102.0
10110024FARIASG_2026-02-27_G121,10110024FARIASG,2026-02-27,111602,1,2,0,34.0
10110024FARIASG_2026-02-27_G122,10110024FARIASG,2026-02-27,108361,1,1,0,62.0
10110024FARIASG_2026-02-27_G123,10110024FARIASG,2026-02-27,117786,1,4,0,49.0
10110024FARIASG_2026-02-27_G124,10110024FARIASG,2026-02-27,141066,1,1,0,74.0
10110024FARIASG_2026-02-27_G125,10110024FARIASG,2026-02-27,141166,1,5,0,141.0
10110024FARIASG_2026-02-28_G02,10110024FARIASG,2026-02-28,111530,1,10,0,196.0
10110024FARIASG_2026-02-28_G03,10110024FARIASG,2026-02-28,117862,1,4,0,97.0
10110024FARIASG_2026-02-28_G04,10110024FARIASG,2026-02-28,109640,1,2,0,121.0
10110024FARIASG_2026-02-28_G05,10110024FARIASG,2026-02-28,111467,1,4,0,155.0
10110024FARIASG_2026-02-28_G06,10110024FARIASG,2026-02-28,111469,1,24,0,209.0
10110024FARIASG_2026-02-28_G07,10110024FARIASG,2026-02-28,111469,1,20,0,41.0
10110024FARIASG_2026-02-28_G08,10110024FARIASG,2026-02-28,111443,1,195,0,873.0
10110024FARIASG_2026-02-28_G09,10110024FARIASG,2026-02-28,111466,1,10,0,387.0
10110024FARIASG_2026-02-28_G10,10110024FARIASG,2026-02-28,109640,1,10,0,1128.0
10110024FARIASG_2026-02-28_G11,10110024FARIASG,2026-02-28,111530,1,10,0,132.0
10110024FARIASG_2026-02-28_G12,10110024FARIASG,2026-02-28,111530,1,6,0,54.0
10110024FARIASG_2026-02-28_G13,10110024FARIASG,2026-02-28,118290,1,4,0,173.0
10110024FARIASG_2026-02-28_G14,10110024FARIASG,2026-02-28,118290,1,4,0,74.0
10110024FARIASG_2026-02-28_G15,10110024FARIASG,2026-02-28,118290,1,4,0,92.0
10110024FARIASG_2026-02-28_G16,10110024FARIASG,2026-02-28,118290,1,4,0,72.0
10110024FARIASG_2026-02-28_G17,10110024FARIASG,2026-02-28,111438,1,4,0,131.0
10110024FARIASG_2026-02-28_G18,10110024FARIASG,2026-02-28,117855,3,56,34,394.0
10110024FARIASG_2026-02-28_G19,10110024FARIASG,2026-02-28,141166,1,1,0,642.0
10110024FARIASG_2026-02-28_G20,10110024FARIASG,2026-02-28,141166,6,31,69,538.0
10110024FARIASG_2026-02-28_G21,10110024FARIASG,2026-02-28,116241,5,69,50,728.0
10110024FARIASG_2026-02-28_G22,10110024FARIASG,2026-02-28,111466,1,3,0,902.0
10110024FARIASG_2026-02-28_G23,10110024FARIASG,2026-02-28,142093,1,8,0,103.0
10110024FARIASG_2026-02-28_G24,10110024FARIASG,2026-02-28,109645,5,81,51,302.0
10110024FARIASG_2026-02-28_G25,10110024FARIASG,2026-02-28,109645,2,21,16,49.0
10110024FARIASG_2026-02-28_G26,10110024FARIASG,2026-02-28,111435,1,30,0,1246.0
10110024FARIASG_2026-02-28_G27,10110024FARIASG,2026-02-28,141457,1,4,0,466.0
10110024FARIASG_2026-02-28_G28,10110024FARIASG,2026-02-28,118317,1,4,0,1948.0
10110024FARIASG_2026-02-28_G29,10110024FARIASG,2026-02-28,117808,1,52,0,913.0
10110024FARIASG_2026-02-28_G30,10110024FARIASG,2026-02-28,111462,1,23,0,3047.0
10110024FARIASG_2026-02-28_G31,10110024FARIASG,2026-02-28,117861,1,10,0,225.0
10110024FARIASG_2026-02-28_G32,10110024FARIASG,2026-02-28,117837,1,10,0,120.0
10110024FARIASG_2026-02-28_G33,10110024FARIASG,2026-02-28,111467,1,10,0,148.0
10110024FARIASG_2026-02-28_G34,10110024FARIASG,2026-02-28,117855,1,30,0,885.0
10110024FARIASG_2026-02-28_G35,10110024FARIASG,2026-02-28,111602,1,10,0,100.0
10110024FARIASG_2026-02-28_G37,10110024FARIASG,2026-02-28,110372,1,110,0,443.0
10110024FARIASG_2026-02-28_G38,10110024FARIASG,2026-02-28,118299,1,80,0,1410.0
10110024FARIASG_2026-02-28_G39,10110024FARIASG,2026-02-28,117809,1,40,0,388.0
10110024FARIASG_2026-02-28_G40,10110024FARIASG,2026-02-28,117820,1,30,0,275.0
10110024FARIASG_2026-02-28_G41,10110024FARIASG,2026-02-28,110373,1,20,0,247.0
10110024FARIASG_2026-03-21_G02,10110024FARIASG,2026-03-21,111438,1,12,0,137.0
10110024FARIASG_2026-03-21_G03,10110024FARIASG,2026-03-21,140922,1,16,0,148.0
10110024FARIASG_2026-03-21_G04,10110024FARIASG,2026-03-21,110841,1,1,0,115.0
10110024FARIASG_2026-03-21_G05,10110024FARIASG,2026-03-21,117820,1,4,0,105.0
10110024FARIASG_2026-03-21_G06,10110024FARIASG,2026-03-21,117808,1,4,0,111.0
10110024FARIASG_2026-03-21_G07,10110024FARIASG,2026-03-21,141458,1,4,0,176.0
10110024FARIASG_2026-03-21_G08,10110024FARIASG,2026-03-21,141066,1,18,0,579.0
10110024FARIASG_2026-03-21_G09,10110024FARIASG,2026-03-21,108410,1,4,0,168.0
10110024FARIASG_2026-03-21_G10,10110024FARIASG,2026-03-21,111438,1,5,0,153.0
10110024FARIASG_2026-03-21_G11,10110024FARIASG,2026-03-21,109647,1,9,0,179.0
10110024FARIASG_2026-03-21_G12,10110024FARIASG,2026-03-21,117797,1,8,0,101.0
10110024FARIASG_2026-03-21_G13,10110024FARIASG,2026-03-21,117785,1,150,0,711.0
10110024FARIASG_2026-03-21_G14,10110024FARIASG,2026-03-21,111418,1,300,0,1292.0
10110024FARIASG_2026-03-21_G15,10110024FARIASG,2026-03-21,117831,1,50,0,279.0
10110024FARIASG_2026-03-21_G16,10110024FARIASG,2026-03-21,111433,1,10,0,671.0
10110024FARIASG_2026-03-21_G17,10110024FARIASG,2026-03-21,110373,1,200,0,506.0
10110024FARIASG_2026-03-21_G18,10110024FARIASG,2026-03-21,117809,1,60,0,425.0
10110024FARIASG_2026-03-21_G19,10110024FARIASG,2026-03-21,118299,1,200,0,476.0
10110024FARIASG_2026-03-21_G20,10110024FARIASG,2026-03-21,111532,1,6,0,1686.0
10110024FARIASG_2026-03-21_G21,10110024FARIASG,2026-03-21,111433,1,2,0,100.0
10110024FARIASG_2026-03-21_G22,10110024FARIASG,2026-03-21,111532,1,2,0,896.0
10110024FARIASG_2026-03-21_G23,10110024FARIASG,2026-03-21,111463,1,4,0,126.0
10110024FARIASG_2026-03-21_G24,10110024FARIASG,2026-03-21,110787,1,10,0,92.0
10110024FARIASG_2026-03-21_G25,10110024FARIASG,2026-03-21,140923,1,20,0,866.0
10110024FARIASG_2026-03-21_G26,10110024FARIASG,2026-03-21,118094,1,2,0,159.0
10110024FARIASG_2026-03-21_G27,10110024FARIASG,2026-03-21,100334,1,2,0,219.0
10110024FARIASG_2026-03-21_G28,10110024FARIASG,2026-03-21,111418,1,7,0,111.0
10110024FARIASG_2026-03-21_G29,10110024FARIASG,2026-03-21,109641,1,1,0,60.0
10110024FARIASG_2026-03-21_G30,10110024FARIASG,2026-03-21,111463,1,2,0,362.0
10110024FARIASG_2026-03-21_G31,10110024FARIASG,2026-03-21,142045,1,6,0,156.0
10110024FARIASG_2026-03-21_G32,10110024FARIASG,2026-03-21,110787,1,60,0,356.0
10110024FARIASG_2026-03-21_G33,10110024FARIASG,2026-03-21,117821,1,4,0,451.0
10110024FARIASG_2026-03-21_G34,10110024FARIASG,2026-03-21,142093,1,5,0,82.0
10110024FARIASG_2026-03-21_G35,10110024FARIASG,2026-03-21,111463,2,31,19,142.0
10110024FARIASG_2026-03-21_G36,10110024FARIASG,2026-03-21,110787,1,4,0,428.0
10110024FARIASG_2026-03-21_G37,10110024FARIASG,2026-03-21,111466,1,6,0,145.0
10110024FARIASG_2026-03-21_G39,10110024FARIASG,2026-03-21,117855,1,4,0,217.0
10110024FARIASG_2026-03-21_G40,10110024FARIASG,2026-03-21,111532,1,45,0,761.0
10110024FARIASG_2026-03-21_G41,10110024FARIASG,2026-03-21,111530,1,9,0,163.0
10110024FARIASG_2026-03-21_G42,10110024FARIASG,2026-03-21,110733,1,12,0,966.0
10110024FARIASG_2026-03-21_G43,10110024FARIASG,2026-03-21,111602,1,5,0,112.0
10110024FARIASG_2026-03-21_G44,10110024FARIASG,2026-03-21,111602,1,10,0,622.0
10110024FARIASG_2026-03-21_G45,10110024FARIASG,2026-03-21,109640,1,6,0,138.0
10110024FARIASG_2026-03-21_G46,10110024FARIASG,2026-03-21,110787,1,20,0,153.0
10110024FARIASG_2026-03-21_G47,10110024FARIASG,2026-03-21,118317,1,7,0,109.0
10110024FARIASG_2026-03-21_G48,10110024FARIASG,2026-03-21,111466,1,32,0,380.0
10110024FARIASG_2026-03-26_G02,10110024FARIASG,2026-03-26,100334,1,4,0,170.0
10110024FARIASG_2026-03-26_G03,10110024FARIASG,2026-03-26,142045,1,12,0,256.0
10110024FARIASG_2026-03-26_G04,10110024FARIASG,2026-03-26,140923,1,7,0,320.0
10110024FARIASG_2026-03-26_G05,10110024FARIASG,2026-03-26,111743,1,4,0,119.0
10110024FARIASG_2026-03-26_G06,10110024FARIASG,2026-03-26,117831,1,6,0,172.0
10110024FARIASG_2026-03-26_G07,10110024FARIASG,2026-03-26,141823,1,6,0,143.0
10110024FARIASG_2026-03-26_G08,10110024FARIASG,2026-03-26,111466,1,5,0,436.0
10110024FARIASG_2026-03-26_G09,10110024FARIASG,2026-03-26,111330,1,6,0,312.0
10110024FARIASG_2026-03-26_G10,10110024FARIASG,2026-03-26,117856,1,12,0,635.0
10110024FARIASG_2026-03-26_G11,10110024FARIASG,2026-03-26,110339,1,8,0,129.0
10110024FARIASG_2026-03-26_G12,10110024FARIASG,2026-03-26,142093,1,8,0,155.0
10110024FARIASG_2026-03-26_G13,10110024FARIASG,2026-03-26,110787,1,6,0,170.0
10110024FARIASG_2026-03-26_G14,10110024FARIASG,2026-03-26,109641,1,8,0,140.0
10110024FARIASG_2026-03-26_G15,10110024FARIASG,2026-03-26,117862,1,4,0,367.0
10110024FARIASG_2026-03-26_G16,10110024FARIASG,2026-03-26,111602,1,4,0,952.0
10110024FARIASG_2026-03-26_G17,10110024FARIASG,2026-03-26,117853,1,3,0,687.0
10110024FARIASG_2026-03-26_G18,10110024FARIASG,2026-03-26,110895,1,2,0,124.0
10110024FARIASG_2026-03-26_G19,10110024FARIASG,2026-03-26,118283,1,4,0,105.0
10110024FARIASG_2026-03-26_G20,10110024FARIASG,2026-03-26,110895,1,1,0,116.0
10110024FARIASG_2026-03-26_G21,10110024FARIASG,2026-03-26,110895,1,2,0,580.0
10110024FARIASG_2026-03-26_G22,10110024FARIASG,2026-03-26,111602,1,6,0,601.0
10110024FARIASG_2026-03-26_G23,10110024FARIASG,2026-03-26,117853,1,2,0,95.0
10110024FARIASG_2026-03-26_G24,10110024FARIASG,2026-03-26,110733,1,4,0,61.0
10110024FARIASG_2026-03-26_G25,10110024FARIASG,2026-03-26,111442,1,3,0,492.0
10110024FARIASG_2026-03-26_G26,10110024FARIASG,2026-03-26,111602,1,4,0,134.0
10110024FARIASG_2026-03-26_G27,10110024FARIASG,2026-03-26,111743,1,4,0,164.0
10110024FARIASG_2026-03-26_G28,10110024FARIASG,2026-03-26,118094,1,2,0,979.0
10110024FARIASG_2026-03-26_G29,10110024FARIASG,2026-03-26,111530,1,8,0,232.0
10110024FARIASG_2026-03-26_G30,10110024FARIASG,2026-03-26,140923,1,8,0,101.0
10110024FARIASG_2026-03-26_G31,10110024FARIASG,2026-03-26,117856,1,2,0,60.0
10110024FARIASG_2026-03-26_G32,10110024FARIASG,2026-03-26,110756,1,4,0,57.0
10110024FARIASG_2026-03-26_G33,10110024FARIASG,2026-03-26,110339,1,4,0,52.0
10110024FARIASG_2026-03-26_G34,10110024FARIASG,2026-03-26,111602,1,9,0,331.0
10110024FARIASG_2026-03-26_G35,10110024FARIASG,2026-03-26,141047,1,2,0,87.0
10110024FARIASG_2026-03-26_G36,10110024FARIASG,2026-03-26,117837,1,4,0,397.0
10110024FARIASG_2026-03-29_G02,10110024FARIASG,2026-03-29,118416,1,1,0,274.0
10110024FARIASG_2026-03-29_G03,10110024FARIASG,2026-03-29,111439,2,3,28,105.0
10110024FARIASG_2026-03-29_G04,10110024FARIASG,2026-03-29,111439,1,7,0,132.0
10110024FARIASG_2026-03-29_G05,10110024FARIASG,2026-03-29,117855,1,13,0,135.0
10110024FARIASG_2026-03-29_G06,10110024FARIASG,2026-03-29,140923,1,1,0,210.0
10110024FARIASG_2026-03-29_G07,10110024FARIASG,2026-03-29,140923,2,5,29,45.0
10110024FARIASG_2026-03-29_G08,10110024FARIASG,2026-03-29,111879,1,1,0,40.0
10110024FARIASG_2026-03-29_G09,10110024FARIASG,2026-03-29,117856,1,7,0,89.0
10110024FARIASG_2026-03-29_G10,10110024FARIASG,2026-03-29,110756,1,1,0,65.0
10110024FARIASG_2026-03-29_G11,10110024FARIASG,2026-03-29,117837,1,2,0,45.0
10110024FARIASG_2026-03-29_G12,10110024FARIASG,2026-03-29,117861,1,1,0,99.0
10110024FARIASG_2026-03-29_G13,10110024FARIASG,2026-03-29,109640,1,17,0,242.0
10110024FARIASG_2026-03-29_G14,10110024FARIASG,2026-03-29,111876,1,1,0,171.0
10110024FARIASG_2026-03-29_G15,10110024FARIASG,2026-03-29,111530,1,11,0,199.0
10110024FARIASG_2026-03-29_G16,10110024FARIASG,2026-03-29,111602,1,13,0,215.0
10110024FARIASG_2026-03-29_G17,10110024FARIASG,2026-03-29,110313,1,1,0,69.0
10110024FARIASG_2026-03-29_G18,10110024FARIASG,2026-03-29,117862,1,13,0,162.0
10110024FARIASG_2026-03-29_G19,10110024FARIASG,2026-03-29,117862,1,10,0,482.0
10110024FARIASG_2026-03-29_G20,10110024FARIASG,2026-03-29,117862,1,2,0,37.0
10110024FARIASG_2026-03-29_G21,10110024FARIASG,2026-03-29,111469,1,1,0,193.0
10110024FARIASG_2026-03-29_G22,10110024FARIASG,2026-03-29,111462,1,36,0,316.0
10110024FARIASG_2026-03-29_G23,10110024FARIASG,2026-03-29,141457,1,3,0,100.0
10110024FARIASG_2026-03-29_G24,10110024FARIASG,2026-03-29,111463,1,20,0,210.0
10110024FARIASG_2026-03-29_G25,10110024FARIASG,2026-03-29,141456,1,3,0,502.0
10110024FARIASG_2026-03-29_G26,10110024FARIASG,2026-03-29,141456,1,6,0,53.0
10110024FARIASG_2026-03-29_G27,10110024FARIASG,2026-03-29,117833,1,3,0,72.0
10110024FARIASG_2026-03-29_G28,10110024FARIASG,2026-03-29,142093,1,39,0,233.0
10110024FARIASG_2026-03-29_G29,10110024FARIASG,2026-03-29,142093,1,2,0,128.0
10110024FARIASG_2026-03-29_G30,10110024FARIASG,2026-03-29,141458,1,6,0,102.0
10110024FARIASG_2026-03-29_G31,10110024FARIASG,2026-03-29,105705,1,9,0,713.0
10110024FARIASG_2026-03-29_G32,10110024FARIASG,2026-03-29,117786,1,8,0,1243.0
10110024FARIASG_2026-03-29_G33,10110024FARIASG,2026-03-29,110711,1,6,0,290.0
10110024FARIASG_2026-03-29_G34,10110024FARIASG,2026-03-29,110711,1,8,0,409.0
10110024FARIASG_2026-03-29_G35,10110024FARIASG,2026-03-29,109640,1,8,0,267.0
10110024FARIASG_2026-03-29_G36,10110024FARIASG,2026-03-29,108794,1,8,0,151.0
10110024FARIASG_2026-03-29_G37,10110024FARIASG,2026-03-29,117808,1,20,0,481.0
10110024FARIASG_2026-03-29_G38,10110024FARIASG,2026-03-29,110711,1,4,0,116.0
10110024FARIASG_2026-03-29_G39,10110024FARIASG,2026-03-29,108794,1,4,0,625.0
10110024FARIASG_2026-03-29_G40,10110024FARIASG,2026-03-29,110711,1,16,0,253.0
10110024FARIASG_2026-03-29_G41,10110024FARIASG,2026-03-29,110313,1,11,0,221.0
10110024FARIASG_2026-03-29_G42,10110024FARIASG,2026-03-29,110711,1,13,0,246.0
10110024FARIASG_2026-03-29_G43,10110024FARIASG,2026-03-29,111602,1,10,0,131.0
10110024FARIASG_2026-03-29_G44,10110024FARIASG,2026-03-29,110313,1,3,0,113.0
10110024FARIASG_2026-03-29_G46,10110024FARIASG,2026-03-29,110580,1,4,0,438.0
10110024FARIASG_2026-03-29_G47,10110024FARIASG,2026-03-29,117786,1,4,0,161.0
10110024FARIASG_2026-03-29_G48,10110024FARIASG,2026-03-29,110711,1,3,0,177.0
10110024FARIASG_2026-03-29_G49,10110024FARIASG,2026-03-29,111602,1,2,0,122.0
10110024FARIASG_2026-03-29_G50,10110024FARIASG,2026-03-29,117809,1,8,0,220.0
10110024FARIASG_2026-03-29_G51,10110024FARIASG,2026-03-29,109648,1,4,0,69.0
10110024FARIASG_2026-03-29_G52,10110024FARIASG,2026-03-29,110373,1,20,0,233.0
10110024FARIASG_2026-03-29_G53,10110024FARIASG,2026-03-29,110372,1,22,0,292.0
10110024FARIASG_2026-03-29_G54,10110024FARIASG,2026-03-29,111743,1,8,0,328.0
10110024FARIASG_2026-03-29_G55,10110024FARIASG,2026-03-29,109641,1,4,0,209.0
10110024FARIASG_2026-03-29_G56,10110024FARIASG,2026-03-29,111463,1,8,0,131.0
10110024FARIASG_2026-03-29_G57,10110024FARIASG,2026-03-29,108794,1,4,0,349.0
10110024FARIASG_2026-03-29_G58,10110024FARIASG,2026-03-29,111468,1,3,0,88.0
10110024FARIASG_2026-03-29_G59,10110024FARIASG,2026-03-29,110740,1,3,0,115.0
10110024FARIASG_2026-03-29_G60,10110024FARIASG,2026-03-29,117808,1,11,0,296.0
10110024FARIASG_2026-03-29_G61,10110024FARIASG,2026-03-29,117822,1,3,0,76.0
10110024FARIASG_2026-03-29_G62,10110024FARIASG,2026-03-29,108794,1,8,0,270.0
10110024FARIASG_2026-03-29_G63,10110024FARIASG,2026-03-29,117786,1,2,0,171.0
10110024FARIASG_2026-03-29_G64,10110024FARIASG,2026-03-29,110711,1,4,0,119.0
10110024FARIASG_2026-03-29_G65,10110024FARIASG,2026-03-29,111602,1,6,0,239.0
10110024FARIASG_2026-03-29_G66,10110024FARIASG,2026-03-29,110313,1,1,0,221.0
10110025MENDESJ_2025-09-25_G02,10110025MENDESJ,2025-09-25,110371,1,20,0,1136.0
10110025MENDESJ_2025-09-25_G03,10110025MENDESJ,2025-09-25,117808,1,441,0,2049.0
10110025MENDESJ_2025-09-25_G04,10110025MENDESJ,2025-09-25,141202,1,5,0,245.0
10110025MENDESJ_2025-09-25_G05,10110025MENDESJ,2025-09-25,117809,1,30,0,63.0
10110025MENDESJ_2025-09-25_G06,10110025MENDESJ,2025-09-25,110325,1,16,0,275.0
10110025MENDESJ_2025-09-25_G08,10110025MENDESJ,2025-09-25,111743,1,100,0,1613.0
10110025MENDESJ_2025-09-29_G02,10110025MENDESJ,2025-09-29,107254,1,3,0,479.0
10110025MENDESJ_2025-09-29_G03,10110025MENDESJ,2025-09-29,111793,1,4,0,722.0
10110025MENDESJ_2025-09-29_G04,10110025MENDESJ,2025-09-29,110623,1,20,0,1042.0
10110025MENDESJ_2025-09-29_G05,10110025MENDESJ,2025-09-29,110747,1,4,0,384.0
10110025MENDESJ_2025-09-29_G07,10110025MENDESJ,2025-09-29,111441,1,2,0,81.0
10110025MENDESJ_2025-09-29_G08,10110025MENDESJ,2025-09-29,111441,1,2,0,107.0
10110025MENDESJ_2025-09-29_G09,10110025MENDESJ,2025-09-29,117835,1,2,0,561.0
10110025MENDESJ_2025-09-29_G10,10110025MENDESJ,2025-09-29,111469,1,2,0,571.0
10110025MENDESJ_2025-09-29_G11,10110025MENDESJ,2025-09-29,111469,1,6,0,110.0
10110025MENDESJ_2025-09-29_G12,10110025MENDESJ,2025-09-29,118317,1,2,0,200.0
10110025MENDESJ_2025-09-29_G13,10110025MENDESJ,2025-09-29,111463,1,6,0,171.0
10110025MENDESJ_2025-09-29_G14,10110025MENDESJ,2025-09-29,111463,1,6,0,96.0
10110025MENDESJ_2025-09-29_G15,10110025MENDESJ,2025-09-29,109645,1,2,0,165.0
10110025MENDESJ_2025-09-29_G16,10110025MENDESJ,2025-09-29,111743,1,2,0,119.0
10110025MENDESJ_2025-09-29_G17,10110025MENDESJ,2025-09-29,111435,1,2,0,220.0
10110025MENDESJ_2025-09-29_G18,10110025MENDESJ,2025-09-29,117787,1,2,0,592.0
10110025MENDESJ_2025-09-29_G19,10110025MENDESJ,2025-09-29,117842,1,4,0,339.0
10110025MENDESJ_2025-09-29_G20,10110025MENDESJ,2025-09-29,141457,1,2,0,134.0
10110025MENDESJ_2025-09-29_G21,10110025MENDESJ,2025-09-29,111418,1,10,0,251.0
10110025MENDESJ_2025-09-29_G22,10110025MENDESJ,2025-09-29,141458,1,4,0,175.0
10110025MENDESJ_2025-09-29_G23,10110025MENDESJ,2025-09-29,117821,1,2,0,236.0
10110025MENDESJ_2025-09-29_G24,10110025MENDESJ,2025-09-29,110373,1,20,0,666.0
10110025MENDESJ_2025-09-29_G25,10110025MENDESJ,2025-09-29,117822,1,8,0,230.0
10110025MENDESJ_2025-09-29_G26,10110025MENDESJ,2025-09-29,117830,1,2,0,98.0
10110025MENDESJ_2025-09-29_G27,10110025MENDESJ,2025-09-29,118222,1,20,0,1614.0
10110025MENDESJ_2025-09-29_G28,10110025MENDESJ,2025-09-29,118222,1,20,0,683.0
10110025MENDESJ_2025-11-07_G02,10110025MENDESJ,2025-11-07,123909,1,44,0,1055.0
10110025MENDESJ_2025-11-07_G03,10110025MENDESJ,2025-11-07,122185,1,25,0,566.0
10110025MENDESJ_2025-11-07_G04,10110025MENDESJ,2025-11-07,122984,1,40,0,1005.0
10110025MENDESJ_2025-11-07_G05,10110025MENDESJ,2025-11-07,124370,1,150,0,989.0
10110025MENDESJ_2025-11-07_G06,10110025MENDESJ,2025-11-07,123344,1,40,0,35.0
10110025MENDESJ_2025-11-29_G02,10110025MENDESJ,2025-11-29,123822,1,32,0,755.0
10110025MENDESJ_2025-11-29_G03,10110025MENDESJ,2025-11-29,122962,1,24,0,1088.0
10110025MENDESJ_2025-11-29_G04,10110025MENDESJ,2025-11-29,122962,1,10,0,2385.0
10110025MENDESJ_2025-11-29_G05,10110025MENDESJ,2025-11-29,121651,1,10,0,221.0
10110025MENDESJ_2025-11-29_G06,10110025MENDESJ,2025-11-29,120028,1,10,0,2566.0
10110025MENDESJ_2025-11-29_G07,10110025MENDESJ,2025-11-29,124475,1,10,0,572.0
10110025MENDESJ_2025-11-29_G08,10110025MENDESJ,2025-11-29,122983,1,6,0,170.0
10110025MENDESJ_2025-11-29_G09,10110025MENDESJ,2025-11-29,120339,1,5,0,148.0
10110025MENDESJ_2025-11-29_G10,10110025MENDESJ,2025-11-29,121760,1,10,0,154.0
10110025MENDESJ_2025-11-29_G11,10110025MENDESJ,2025-11-29,121760,1,10,0,410.0
10110025MENDESJ_2025-11-29_G12,10110025MENDESJ,2025-11-29,122673,1,4,0,95.0
10110025MENDESJ_2025-11-29_G13,10110025MENDESJ,2025-11-29,124370,1,10,0,695.0
10110025MENDESJ_2025-11-29_G14,10110025MENDESJ,2025-11-29,124548,1,32,0,705.0
10110025MENDESJ_2025-11-29_G15,10110025MENDESJ,2025-11-29,123313,1,3,0,353.0
10110025MENDESJ_2025-11-29_G16,10110025MENDESJ,2025-11-29,181056,1,10,0,211.0
10110025MENDESJ_2025-11-29_G17,10110025MENDESJ,2025-11-29,181056,1,1,0,74.0
10110025MENDESJ_2025-11-29_G18,10110025MENDESJ,2025-11-29,181887,1,8,0,376.0
10110025MENDESJ_2025-11-29_G19,10110025MENDESJ,2025-11-29,181057,1,4,0,227.0
10110025MENDESJ_2025-11-29_G21,10110025MENDESJ,2025-11-29,124476,1,4,0,108.0
10110025MENDESJ_2025-11-29_G22,10110025MENDESJ,2025-11-29,121651,1,8,0,240.0
10110025MENDESJ_2025-11-29_G23,10110025MENDESJ,2025-11-29,124475,1,2,0,138.0
10110025MENDESJ_2025-11-29_G24,10110025MENDESJ,2025-11-29,121760,1,4,0,124.0
10110025MENDESJ_2025-11-29_G25,10110025MENDESJ,2025-11-29,122673,1,2,0,188.0
10110025MENDESJ_2025-11-29_G26,10110025MENDESJ,2025-11-29,123343,1,2,0,198.0
10110025MENDESJ_2025-11-29_G27,10110025MENDESJ,2025-11-29,121651,1,10,0,455.0
10110025MENDESJ_2025-11-29_G28,10110025MENDESJ,2025-11-29,124486,1,22,0,487.0
10110025MENDESJ_2025-11-29_G29,10110025MENDESJ,2025-11-29,122962,1,35,0,523.0
10110025MENDESJ_2025-11-29_G30,10110025MENDESJ,2025-11-29,123909,1,6,0,482.0
10110025MENDESJ_2025-11-29_G31,10110025MENDESJ,2025-11-29,123492,1,1,0,736.0
10110025MENDESJ_2025-11-29_G32,10110025MENDESJ,2025-11-29,124248,1,15,0,855.0
10110025MENDESJ_2025-11-29_G33,10110025MENDESJ,2025-11-29,121651,1,6,0,294.0
10110025MENDESJ_2025-11-29_G34,10110025MENDESJ,2025-11-29,123343,1,8,0,424.0
10110025MENDESJ_2025-11-29_G35,10110025MENDESJ,2025-11-29,123822,1,18,0,1140.0
10110025MENDESJ_2025-11-29_G36,10110025MENDESJ,2025-11-29,122962,1,28,0,373.0
10110025MENDESJ_2025-11-29_G37,10110025MENDESJ,2025-11-29,123822,1,18,0,522.0
10110025MENDESJ_2025-11-29_G38,10110025MENDESJ,2025-11-29,122984,1,8,0,372.0
10110025MENDESJ_2025-11-29_G39,10110025MENDESJ,2025-11-29,124486,1,8,0,154.0
10110025MENDESJ_2025-11-29_G40,10110025MENDESJ,2025-11-29,122185,1,7,0,150.0
10110025MENDESJ_2025-11-29_G41,10110025MENDESJ,2025-11-29,122962,1,4,0,65.0
10110025MENDESJ_2025-11-29_G42,10110025MENDESJ,2025-11-29,122983,1,14,0,382.0
10110025MENDESJ_2025-11-29_G43,10110025MENDESJ,2025-11-29,124247,1,14,0,342.0
10110025MENDESJ_2025-11-29_G44,10110025MENDESJ,2025-11-29,123345,1,2,0,457.0
10110026RAMOSM_2025-10-09_G02,10110026RAMOSM,2025-10-09,124247,1,11,0,437.0
10110026RAMOSM_2025-10-09_G03,10110026RAMOSM,2025-10-09,124248,1,8,0,102.0
10110026RAMOSM_2025-10-09_G04,10110026RAMOSM,2025-10-09,124247,1,8,0,99.0
10110026RAMOSM_2025-10-09_G05,10110026RAMOSM,2025-10-09,122984,1,24,0,693.0
10110026RAMOSM_2025-10-09_G06,10110026RAMOSM,2025-10-09,122983,1,16,0,432.0
10110026RAMOSM_2025-10-09_G07,10110026RAMOSM,2025-10-09,122185,1,16,0,295.0
10110026RAMOSM_2025-10-09_G08,10110026RAMOSM,2025-10-09,"123153, 124247",2,7,23,528.0
10110026RAMOSM_2025-10-09_G09,10110026RAMOSM,2025-10-09,122962,1,24,0,74.0
10110026RAMOSM_2025-10-09_G10,10110026RAMOSM,2025-10-09,124486,1,20,0,1075.0
10110026RAMOSM_2025-10-10_G02,10110026RAMOSM,2025-10-10,122962,1,96,0,828.0
10110026RAMOSM_2025-10-10_G03,10110026RAMOSM,2025-10-10,122671,1,4,0,283.0
10110026RAMOSM_2025-10-10_G04,10110026RAMOSM,2025-10-10,124486,1,2,0,104.0
10110026RAMOSM_2025-10-10_G05,10110026RAMOSM,2025-10-10,"123909, 121760, 124248",3,19,55,377.0
10110026RAMOSM_2025-10-10_G06,10110026RAMOSM,2025-10-10,123561,1,8,0,42.0
10110026RAMOSM_2025-10-10_G07,10110026RAMOSM,2025-10-10,121651,1,8,0,848.0
10110026RAMOSM_2025-10-10_G08,10110026RAMOSM,2025-10-10,122984,1,12,0,286.0
10110026RAMOSM_2025-10-10_G09,10110026RAMOSM,2025-10-10,123345,1,2,0,106.0
10110026RAMOSM_2025-10-10_G10,10110026RAMOSM,2025-10-10,122185,1,6,0,228.0
10110026RAMOSM_2025-10-10_G11,10110026RAMOSM,2025-10-10,122185,1,24,0,434.0
10110026RAMOSM_2025-10-11_G02,10110026RAMOSM,2025-10-11,124264,1,2,0,269.0
10110026RAMOSM_2025-10-11_G03,10110026RAMOSM,2025-10-11,121651,1,2,0,374.0
10110026RAMOSM_2025-10-11_G04,10110026RAMOSM,2025-10-11,122196,1,6,0,907.0
10110026RAMOSM_2025-10-11_G05,10110026RAMOSM,2025-10-11,123345,1,2,0,458.0
10110026RAMOSM_2025-10-11_G07,10110026RAMOSM,2025-10-11,122673,1,10,0,367.0
10110026RAMOSM_2025-10-11_G08,10110026RAMOSM,2025-10-11,124247,1,2,0,503.0
10110026RAMOSM_2025-10-11_G09,10110026RAMOSM,2025-10-11,124475,1,3,0,187.0
10110026RAMOSM_2025-10-11_G10,10110026RAMOSM,2025-10-11,122984,1,4,0,187.0
10110026RAMOSM_2025-10-11_G11,10110026RAMOSM,2025-10-11,122984,1,13,0,343.0
10110026RAMOSM_2025-10-13_G02,10110026RAMOSM,2025-10-13,121760,1,20,0,2120.0
10110026RAMOSM_2025-10-13_G03,10110026RAMOSM,2025-10-13,124248,1,12,0,1473.0
10110026RAMOSM_2025-10-13_G05,10110026RAMOSM,2025-10-13,123345,1,50,0,1492.0
10110026RAMOSM_2025-10-13_G06,10110026RAMOSM,2025-10-13,120028,1,120,0,341.0
10110026RAMOSM_2025-10-13_G07,10110026RAMOSM,2025-10-13,120287,1,25,0,930.0
10110026RAMOSM_2025-10-13_G08,10110026RAMOSM,2025-10-13,"123343, 123345",2,54,25,85.0
10110026RAMOSM_2025-10-13_G10,10110026RAMOSM,2025-10-13,124476,1,10,0,495.0
10110026RAMOSM_2025-10-13_G11,10110026RAMOSM,2025-10-13,121651,1,9,0,470.0
10110026RAMOSM_2025-10-13_G12,10110026RAMOSM,2025-10-13,124370,1,4,0,400.0
10110026RAMOSM_2025-10-13_G13,10110026RAMOSM,2025-10-13,124486,1,11,0,536.0
10110026RAMOSM_2025-10-13_G14,10110026RAMOSM,2025-10-13,124371,1,4,0,252.0
10110026RAMOSM_2025-10-14_G02,10110026RAMOSM,2025-10-14,124247,1,26,0,1621.0
10110026RAMOSM_2025-10-14_G03,10110026RAMOSM,2025-10-14,122983,1,4,0,181.0
10110026RAMOSM_2025-10-14_G04,10110026RAMOSM,2025-10-14,122962,1,80,0,2798.0
10110026RAMOSM_2025-10-14_G05,10110026RAMOSM,2025-10-14,122983,1,8,0,258.0
10110026RAMOSM_2025-10-14_G06,10110026RAMOSM,2025-10-14,121651,1,40,0,2035.0
10110026RAMOSM_2025-10-14_G07,10110026RAMOSM,2025-10-14,122962,1,20,0,1681.0
10110026RAMOSM_2025-10-14_G08,10110026RAMOSM,2025-10-14,124624,1,2,0,577.0
10110026RAMOSM_2025-10-14_G09,10110026RAMOSM,2025-10-14,123153,1,15,0,1745.0
10110026RAMOSM_2025-10-14_G10,10110026RAMOSM,2025-10-14,124247,1,10,0,493.0
10110026RAMOSM_2025-10-14_G11,10110026RAMOSM,2025-10-14,124475,1,11,0,745.0
10110026RAMOSM_2025-10-14_G12,10110026RAMOSM,2025-10-14,122983,1,10,0,381.0
10110026RAMOSM_2025-10-14_G13,10110026RAMOSM,2025-10-14,124486,1,16,0,534.0
10110026RAMOSM_2025-10-14_G14,10110026RAMOSM,2025-10-14,122962,1,10,0,255.0
10110026RAMOSM_2025-10-14_G15,10110026RAMOSM,2025-10-14,122986,1,2,0,136.0
10110026RAMOSM_2025-10-14_G16,10110026RAMOSM,2025-10-14,124371,1,8,0,217.0
10110026RAMOSM_2025-10-14_G17,10110026RAMOSM,2025-10-14,123313,1,6,0,1995.0
10110026RAMOSM_2025-10-15_G02,10110026RAMOSM,2025-10-15,122671,1,8,0,400.0
10110026RAMOSM_2025-10-15_G03,10110026RAMOSM,2025-10-15,123909,1,12,0,1044.0
10110026RAMOSM_2025-10-15_G04,10110026RAMOSM,2025-10-15,124476,1,6,0,427.0
10110026RAMOSM_2025-10-15_G05,10110026RAMOSM,2025-10-15,124475,1,12,0,634.0
10110026RAMOSM_2025-10-15_G06,10110026RAMOSM,2025-10-15,124475,1,20,0,572.0
10110026RAMOSM_2025-10-15_G07,10110026RAMOSM,2025-10-15,124248,1,2,0,234.0
10110026RAMOSM_2025-10-15_G08,10110026RAMOSM,2025-10-15,121651,1,60,0,2595.0
10110026RAMOSM_2025-10-15_G09,10110026RAMOSM,2025-10-15,124370,1,12,0,659.0
10110026RAMOSM_2025-10-15_G10,10110026RAMOSM,2025-10-15,123345,1,8,0,1192.0
10110026RAMOSM_2025-10-15_G11,10110026RAMOSM,2025-10-15,122962,1,30,0,2452.0
10110026RAMOSM_2025-10-15_G13,10110026RAMOSM,2025-10-15,121760,1,30,0,1868.0
10110026RAMOSM_2025-10-15_G14,10110026RAMOSM,2025-10-15,124475,1,2,0,515.0
10110026RAMOSM_2025-10-15_G15,10110026RAMOSM,2025-10-15,120389,1,16,0,2593.0
10110026RAMOSM_2025-10-16_G04,10110026RAMOSM,2025-10-16,123909,1,28,0,1095.0
10110026RAMOSM_2025-10-16_G05,10110026RAMOSM,2025-10-16,122647,1,2,0,558.0
10110026RAMOSM_2025-10-16_G06,10110026RAMOSM,2025-10-16,122673,1,70,0,1942.0
10110026RAMOSM_2025-10-16_G07,10110026RAMOSM,2025-10-16,122962,1,60,0,1400.0
10110026RAMOSM_2025-10-16_G08,10110026RAMOSM,2025-10-16,120028,1,28,0,955.0
10110026RAMOSM_2025-10-17_G02,10110026RAMOSM,2025-10-17,123344,1,4,0,1961.0
10110026RAMOSM_2025-10-17_G03,10110026RAMOSM,2025-10-17,122982,1,18,0,751.0
10110026RAMOSM_2025-10-17_G04,10110026RAMOSM,2025-10-17,122673,1,6,0,479.0
10110026RAMOSM_2025-10-17_G05,10110026RAMOSM,2025-10-17,124486,1,2,0,301.0
10110026RAMOSM_2025-10-17_G06,10110026RAMOSM,2025-10-17,123345,1,6,0,861.0
10110026RAMOSM_2025-10-17_G07,10110026RAMOSM,2025-10-17,121760,1,4,0,1177.0
10110026RAMOSM_2025-10-17_G08,10110026RAMOSM,2025-10-17,124248,1,20,0,1334.0
10110026RAMOSM_2025-10-17_G09,10110026RAMOSM,2025-10-17,122986,1,20,0,1974.0
10110026RAMOSM_2025-10-17_G10,10110026RAMOSM,2025-10-17,123343,1,2,0,1354.0
10110026RAMOSM_2025-10-17_G11,10110026RAMOSM,2025-10-17,121760,1,4,0,587.0
10110026RAMOSM_2025-10-17_G12,10110026RAMOSM,2025-10-17,123343,1,2,0,429.0
10110026RAMOSM_2025-10-17_G13,10110026RAMOSM,2025-10-17,122962,1,13,0,338.0
10110026RAMOSM_2025-10-17_G14,10110026RAMOSM,2025-10-17,122671,1,4,0,129.0
10110026RAMOSM_2025-10-17_G15,10110026RAMOSM,2025-10-17,123909,1,4,0,323.0
10110026RAMOSM_2025-10-17_G16,10110026RAMOSM,2025-10-17,122962,1,20,0,1915.0
10110026RAMOSM_2025-10-17_G17,10110026RAMOSM,2025-10-17,120028,1,12,0,430.0
10110026RAMOSM_2025-10-17_G18,10110026RAMOSM,2025-10-17,123822,1,25,0,1250.0
10110026RAMOSM_2025-10-17_G19,10110026RAMOSM,2025-10-17,122673,1,10,0,366.0
10110026RAMOSM_2025-10-17_G20,10110026RAMOSM,2025-10-17,124247,1,4,0,227.0
10110026RAMOSM_2025-10-17_G21,10110026RAMOSM,2025-10-17,124264,1,24,0,721.0
10110026RAMOSM_2025-10-17_G22,10110026RAMOSM,2025-10-17,123153,1,24,0,993.0
10110026RAMOSM_2025-10-17_G24,10110026RAMOSM,2025-10-17,122962,1,14,0,747.0
10110026RAMOSM_2025-10-17_G25,10110026RAMOSM,2025-10-17,122984,1,13,0,794.0
10110026RAMOSM_2025-10-17_G26,10110026RAMOSM,2025-10-17,122647,1,20,0,1036.0
10110026RAMOSM_2025-10-17_G27,10110026RAMOSM,2025-10-17,120028,1,30,0,1442.0
10110026RAMOSM_2025-10-17_G28,10110026RAMOSM,2025-10-17,122962,1,20,0,424.0
10110026RAMOSM_2025-10-18_G02,10110026RAMOSM,2025-10-18,121760,1,9,0,861.0
10110026RAMOSM_2025-10-18_G03,10110026RAMOSM,2025-10-18,120339,1,4,0,304.0
10110026RAMOSM_2025-10-18_G04,10110026RAMOSM,2025-10-18,123343,1,2,0,321.0
10110026RAMOSM_2025-10-18_G05,10110026RAMOSM,2025-10-18,123345,1,10,0,1084.0
10110026RAMOSM_2025-10-18_G06,10110026RAMOSM,2025-10-18,124247,1,10,0,165.0
10110026RAMOSM_2025-10-18_G07,10110026RAMOSM,2025-10-18,122962,1,32,0,2188.0
10110026RAMOSM_2025-10-18_G08,10110026RAMOSM,2025-10-18,120028,1,40,0,2608.0
10110026RAMOSM_2025-10-18_G09,10110026RAMOSM,2025-10-18,124548,1,12,0,2410.0
10110026RAMOSM_2025-10-18_G10,10110026RAMOSM,2025-10-18,124486,2,20,16,212.0
10110026RAMOSM_2025-10-18_G11,10110026RAMOSM,2025-10-18,122189,1,40,0,237.0
10110026RAMOSM_2025-10-18_G12,10110026RAMOSM,2025-10-18,120028,1,21,0,147.0
10110026RAMOSM_2025-10-18_G13,10110026RAMOSM,2025-10-18,123345,1,16,0,281.0
10110026RAMOSM_2025-10-18_G14,10110026RAMOSM,2025-10-18,123909,1,10,0,1057.0
10110026RAMOSM_2025-10-18_G15,10110026RAMOSM,2025-10-18,122962,1,20,0,852.0
10110026RAMOSM_2025-10-18_G16,10110026RAMOSM,2025-10-18,121760,1,5,0,465.0
10110026RAMOSM_2025-10-18_G17,10110026RAMOSM,2025-10-18,124370,1,12,0,1121.0
10110026RAMOSM_2025-10-18_G18,10110026RAMOSM,2025-10-18,124370,1,20,0,848.0
10110026RAMOSM_2025-10-18_G19,10110026RAMOSM,2025-10-18,123343,1,10,0,405.0
10110026RAMOSM_2025-10-18_G20,10110026RAMOSM,2025-10-18,123345,1,45,0,1208.0
10110026RAMOSM_2025-10-18_G22,10110026RAMOSM,2025-10-18,122647,1,10,0,674.0
10110026RAMOSM_2025-10-18_G23,10110026RAMOSM,2025-10-18,181887,1,4,0,626.0
10110026RAMOSM_2025-10-18_G24,10110026RAMOSM,2025-10-18,123313,1,1,0,238.0
10110026RAMOSM_2025-10-18_G25,10110026RAMOSM,2025-10-18,120028,1,40,0,992.0
10110026RAMOSM_2025-10-18_G26,10110026RAMOSM,2025-10-18,120028,1,50,0,1384.0
10110026RAMOSM_2025-10-20_G02,10110026RAMOSM,2025-10-20,124433,1,20,0,730.0
10110026RAMOSM_2025-10-20_G03,10110026RAMOSM,2025-10-20,122982,1,25,0,661.0
10110026RAMOSM_2025-10-20_G04,10110026RAMOSM,2025-10-20,122982,1,14,0,349.0
10110026RAMOSM_2025-10-20_G05,10110026RAMOSM,2025-10-20,123561,1,4,0,1283.0
10110026RAMOSM_2025-10-20_G06,10110026RAMOSM,2025-10-20,122982,1,1,0,141.0
10110026RAMOSM_2025-10-20_G07,10110026RAMOSM,2025-10-20,122982,1,7,0,146.0
10110026RAMOSM_2025-10-20_G08,10110026RAMOSM,2025-10-20,124486,1,10,0,162.0
10110026RAMOSM_2025-10-20_G09,10110026RAMOSM,2025-10-20,124370,1,8,0,606.0
10110026RAMOSM_2025-10-20_G10,10110026RAMOSM,2025-10-20,123560,1,2,0,284.0
10110026RAMOSM_2025-10-20_G11,10110026RAMOSM,2025-10-20,123344,1,6,0,355.0
10110026RAMOSM_2025-10-20_G12,10110026RAMOSM,2025-10-20,124370,1,14,0,289.0
10110026RAMOSM_2025-10-20_G13,10110026RAMOSM,2025-10-20,124594,1,4,0,2332.0
10110026RAMOSM_2025-10-20_G14,10110026RAMOSM,2025-10-20,120389,1,10,0,128.0
10110026RAMOSM_2025-10-20_G15,10110026RAMOSM,2025-10-20,122988,1,2,0,1051.0
10110026RAMOSM_2025-10-20_G16,10110026RAMOSM,2025-10-20,120028,1,30,0,841.0
10110026RAMOSM_2025-10-20_G18,10110026RAMOSM,2025-10-20,122196,1,22,0,1062.0
10110026RAMOSM_2025-10-20_G20,10110026RAMOSM,2025-10-20,124475,1,3,0,176.0
10110026RAMOSM_2025-10-20_G21,10110026RAMOSM,2025-10-20,122671,1,8,0,329.0
10110026RAMOSM_2025-10-20_G22,10110026RAMOSM,2025-10-20,123822,1,12,0,294.0
10110026RAMOSM_2025-10-20_G23,10110026RAMOSM,2025-10-20,122671,1,40,0,1203.0
10110026RAMOSM_2025-10-20_G24,10110026RAMOSM,2025-10-20,122962,1,4,0,488.0
10110026RAMOSM_2025-10-20_G25,10110026RAMOSM,2025-10-20,124486,1,36,0,537.0
10110026RAMOSM_2025-10-20_G26,10110026RAMOSM,2025-10-20,124486,1,16,0,287.0
10110026RAMOSM_2025-10-20_G27,10110026RAMOSM,2025-10-20,120028,1,6,0,465.0
10110026RAMOSM_2025-10-20_G28,10110026RAMOSM,2025-10-20,123822,1,3,0,1016.0
10110026RAMOSM_2025-10-20_G29,10110026RAMOSM,2025-10-20,124486,1,20,0,649.0
10110026RAMOSM_2025-10-20_G30,10110026RAMOSM,2025-10-20,123492,1,17,0,557.0
10110026RAMOSM_2025-10-20_G31,10110026RAMOSM,2025-10-20,123521,1,1,0,115.0
10110026RAMOSM_2025-10-21_G02,10110026RAMOSM,2025-10-21,120008,1,26,0,1061.0
10110026RAMOSM_2025-10-21_G03,10110026RAMOSM,2025-10-21,120008,1,20,0,1411.0
10110026RAMOSM_2025-10-21_G04,10110026RAMOSM,2025-10-21,122984,1,22,0,1541.0
10110026RAMOSM_2025-10-21_G05,10110026RAMOSM,2025-10-21,124247,1,24,0,754.0
10110026RAMOSM_2025-10-21_G06,10110026RAMOSM,2025-10-21,124248,1,16,0,2148.0
10110026RAMOSM_2025-10-21_G07,10110026RAMOSM,2025-10-21,122983,1,8,0,381.0
10110026RAMOSM_2025-10-21_G08,10110026RAMOSM,2025-10-21,124486,1,10,0,290.0
10110026RAMOSM_2025-10-21_G09,10110026RAMOSM,2025-10-21,124486,1,20,0,502.0
10110026RAMOSM_2025-10-21_G10,10110026RAMOSM,2025-10-21,123153,1,50,0,1814.0
10110026RAMOSM_2025-10-21_G12,10110026RAMOSM,2025-10-21,122185,1,20,0,616.0
10110026RAMOSM_2025-10-21_G13,10110026RAMOSM,2025-10-21,122671,1,4,0,370.0
10110026RAMOSM_2025-10-21_G14,10110026RAMOSM,2025-10-21,123909,1,15,0,604.0
10110026RAMOSM_2025-10-21_G15,10110026RAMOSM,2025-10-21,121760,1,20,0,678.0
10110026RAMOSM_2025-10-21_G16,10110026RAMOSM,2025-10-21,122983,1,12,0,301.0
10110026RAMOSM_2025-10-21_G17,10110026RAMOSM,2025-10-21,122983,1,6,0,382.0
10110026RAMOSM_2025-10-22_G02,10110026RAMOSM,2025-10-22,123909,1,30,0,565.0
10110026RAMOSM_2025-10-22_G03,10110026RAMOSM,2025-10-22,122983,1,20,0,495.0
10110026RAMOSM_2025-10-22_G04,10110026RAMOSM,2025-10-22,122962,1,50,0,1465.0
10110026RAMOSM_2025-10-22_G05,10110026RAMOSM,2025-10-22,120389,1,11,0,523.0
10110026RAMOSM_2025-10-22_G06,10110026RAMOSM,2025-10-22,122647,1,22,0,794.0
10110026RAMOSM_2025-10-22_G07,10110026RAMOSM,2025-10-22,124548,1,4,0,185.0
10110026RAMOSM_2025-10-22_G08,10110026RAMOSM,2025-10-22,122647,1,2,0,164.0
10110026RAMOSM_2025-10-22_G09,10110026RAMOSM,2025-10-22,123343,1,25,0,1410.0
10110026RAMOSM_2025-10-22_G12,10110026RAMOSM,2025-10-22,122647,1,120,0,3129.0
10110026RAMOSM_2025-10-22_G13,10110026RAMOSM,2025-10-22,124247,1,2,0,1188.0
10110026RAMOSM_2025-10-22_G14,10110026RAMOSM,2025-10-22,124247,1,8,0,104.0
10110026RAMOSM_2025-10-22_G15,10110026RAMOSM,2025-10-22,122986,1,8,0,460.0
10110026RAMOSM_2025-10-22_G16,10110026RAMOSM,2025-10-22,124475,1,3,0,400.0
10110026RAMOSM_2025-10-22_G17,10110026RAMOSM,2025-10-22,123344,1,4,0,166.0
10110026RAMOSM_2025-10-23_G02,10110026RAMOSM,2025-10-23,123822,1,28,0,895.0
10110026RAMOSM_2025-10-23_G03,10110026RAMOSM,2025-10-23,124486,1,8,0,588.0
10110026RAMOSM_2025-10-23_G04,10110026RAMOSM,2025-10-23,181887,1,8,0,2706.0
10110026RAMOSM_2025-10-23_G05,10110026RAMOSM,2025-10-23,123344,1,88,0,2587.0
10110026RAMOSM_2025-10-23_G06,10110026RAMOSM,2025-10-23,122984,1,40,0,1053.0
10110026RAMOSM_2025-10-23_G07,10110026RAMOSM,2025-10-23,123153,1,11,0,335.0
10110026RAMOSM_2025-10-23_G08,10110026RAMOSM,2025-10-23,121760,1,77,0,2608.0
10110026RAMOSM_2025-10-23_G09,10110026RAMOSM,2025-10-23,124486,1,50,0,974.0
10110026RAMOSM_2025-10-23_G10,10110026RAMOSM,2025-10-23,121651,1,28,0,92.0
10110026RAMOSM_2025-10-23_G11,10110026RAMOSM,2025-10-23,181887,1,3,0,46.0
10110026RAMOSM_2025-10-23_G12,10110026RAMOSM,2025-10-23,"123345, 123909, 121760, 124486, 181887",5,58,61,149.0
10110026RAMOSM_2025-10-23_G13,10110026RAMOSM,2025-10-23,181235,1,4,0,3126.0
10110026RAMOSM_2025-10-23_G14,10110026RAMOSM,2025-10-23,181235,1,2,0,133.0
10110026RAMOSM_2025-10-23_G15,10110026RAMOSM,2025-10-23,181056,1,1,0,1710.0
10110026RAMOSM_2025-10-24_G02,10110026RAMOSM,2025-10-24,124247,1,24,0,1307.0
10110026RAMOSM_2025-10-24_G03,10110026RAMOSM,2025-10-24,124247,1,3,0,513.0
10110026RAMOSM_2025-10-24_G04,10110026RAMOSM,2025-10-24,122986,1,4,0,317.0
10110026RAMOSM_2025-10-24_G05,10110026RAMOSM,2025-10-24,122647,1,4,0,375.0
10110026RAMOSM_2025-10-24_G06,10110026RAMOSM,2025-10-24,123153,1,78,0,1676.0
10110026RAMOSM_2025-10-24_G07,10110026RAMOSM,2025-10-24,123153,1,8,0,218.0
10110026RAMOSM_2025-10-24_G08,10110026RAMOSM,2025-10-24,123153,1,10,0,93.0
10110026RAMOSM_2025-10-24_G09,10110026RAMOSM,2025-10-24,122647,1,10,0,541.0
10110026RAMOSM_2025-10-24_G10,10110026RAMOSM,2025-10-24,123345,1,10,0,302.0
10110026RAMOSM_2025-10-24_G11,10110026RAMOSM,2025-10-24,123153,1,4,0,520.0
10110026RAMOSM_2025-10-24_G12,10110026RAMOSM,2025-10-24,122673,1,30,0,1045.0
10110026RAMOSM_2025-10-24_G13,10110026RAMOSM,2025-10-24,123909,1,1,0,187.0
10110026RAMOSM_2025-10-24_G14,10110026RAMOSM,2025-10-24,122673,1,2,0,174.0
10110026RAMOSM_2025-10-24_G15,10110026RAMOSM,2025-10-24,124475,1,1,0,505.0
10110026RAMOSM_2025-10-24_G16,10110026RAMOSM,2025-10-24,123343,1,2,0,295.0
10110026RAMOSM_2025-10-24_G17,10110026RAMOSM,2025-10-24,123909,1,2,0,1003.0
10110026RAMOSM_2025-10-24_G18,10110026RAMOSM,2025-10-24,122671,1,4,0,113.0
10110026RAMOSM_2025-10-24_G19,10110026RAMOSM,2025-10-24,124264,1,2,0,725.0
10110026RAMOSM_2025-10-24_G20,10110026RAMOSM,2025-10-24,123153,1,16,0,528.0
10110026RAMOSM_2025-10-24_G21,10110026RAMOSM,2025-10-24,122984,1,58,0,1425.0
10110026RAMOSM_2025-10-24_G22,10110026RAMOSM,2025-10-24,122984,1,30,0,1205.0
10110026RAMOSM_2025-10-24_G23,10110026RAMOSM,2025-10-24,121760,1,20,0,570.0
10110026RAMOSM_2025-10-24_G25,10110026RAMOSM,2025-10-24,120339,1,40,0,1415.0
10110026RAMOSM_2025-10-24_G26,10110026RAMOSM,2025-10-24,124370,1,60,0,1563.0
10110026RAMOSM_2025-10-24_G27,10110026RAMOSM,2025-10-24,121651,1,60,0,1408.0
10110026RAMOSM_2025-10-24_G28,10110026RAMOSM,2025-10-24,124548,1,40,0,1177.0
10110026RAMOSM_2025-10-24_G29,10110026RAMOSM,2025-10-24,124548,1,24,0,153.0
10110026RAMOSM_2025-10-24_G30,10110026RAMOSM,2025-10-24,123345,1,30,0,1036.0
10110026RAMOSM_2025-10-25_G02,10110026RAMOSM,2025-10-25,123909,1,8,0,117.0
10110026RAMOSM_2025-10-25_G03,10110026RAMOSM,2025-10-25,121760,1,22,0,873.0
10110026RAMOSM_2025-10-25_G04,10110026RAMOSM,2025-10-25,124475,1,8,0,483.0
10110026RAMOSM_2025-10-25_G05,10110026RAMOSM,2025-10-25,124370,1,7,0,772.0
10110026RAMOSM_2025-10-25_G06,10110026RAMOSM,2025-10-25,124486,1,14,0,145.0
10110026RAMOSM_2025-10-25_G07,10110026RAMOSM,2025-10-25,123343,1,2,0,304.0
10110026RAMOSM_2025-10-25_G08,10110026RAMOSM,2025-10-25,123345,1,28,0,599.0
10110026RAMOSM_2025-10-25_G09,10110026RAMOSM,2025-10-25,123909,1,8,0,654.0
10110026RAMOSM_2025-10-25_G10,10110026RAMOSM,2025-10-25,121760,1,44,0,1070.0
10110026RAMOSM_2025-10-25_G11,10110026RAMOSM,2025-10-25,122962,2,112,19,33.0
10110026RAMOSM_2025-10-25_G12,10110026RAMOSM,2025-10-25,124370,1,4,0,330.0
10110026RAMOSM_2025-10-25_G13,10110026RAMOSM,2025-10-25,121923,1,2,0,287.0
10110026RAMOSM_2025-10-25_G14,10110026RAMOSM,2025-10-25,122988,1,5,0,874.0
10110026RAMOSM_2025-10-25_G15,10110026RAMOSM,2025-10-25,124371,1,3,0,365.0
10110026RAMOSM_2025-10-25_G16,10110026RAMOSM,2025-10-25,181057,1,2,0,79.0
10110026RAMOSM_2025-10-25_G17,10110026RAMOSM,2025-10-25,181056,1,2,0,1642.0
10110026RAMOSM_2025-10-25_G18,10110026RAMOSM,2025-10-25,181887,1,10,0,621.0
10110026RAMOSM_2025-10-25_G19,10110026RAMOSM,2025-10-25,121760,1,21,0,863.0
10110026RAMOSM_2025-10-25_G20,10110026RAMOSM,2025-10-25,122982,1,4,0,72.0
10110026RAMOSM_2025-10-25_G21,10110026RAMOSM,2025-10-25,123345,1,15,0,432.0
10110026RAMOSM_2025-10-25_G22,10110026RAMOSM,2025-10-25,122983,1,4,0,448.0
10110026RAMOSM_2025-10-25_G24,10110026RAMOSM,2025-10-25,121651,1,8,0,82.0
10110026RAMOSM_2025-10-25_G25,10110026RAMOSM,2025-10-25,124371,1,16,0,782.0
10110026RAMOSM_2025-10-25_G26,10110026RAMOSM,2025-10-25,123345,1,30,0,645.0
10110026RAMOSM_2025-10-25_G27,10110026RAMOSM,2025-10-25,124247,1,10,0,74.0
10110026RAMOSM_2025-10-25_G28,10110026RAMOSM,2025-10-25,122982,1,28,0,707.0
10110026RAMOSM_2025-10-25_G29,10110026RAMOSM,2025-10-25,122982,1,19,0,290.0
10110026RAMOSM_2025-10-25_G30,10110026RAMOSM,2025-10-25,124371,1,1,0,218.0
10110026RAMOSM_2025-10-25_G31,10110026RAMOSM,2025-10-25,124370,1,3,0,147.0
10110026RAMOSM_2025-10-25_G32,10110026RAMOSM,2025-10-25,124624,1,50,0,1965.0
10110026RAMOSM_2025-10-25_G33,10110026RAMOSM,2025-10-25,123344,1,40,0,484.0
10110026RAMOSM_2025-10-25_G34,10110026RAMOSM,2025-10-25,123344,1,50,0,1208.0
10110026RAMOSM_2025-10-25_G35,10110026RAMOSM,2025-10-25,123521,1,3,0,115.0
10110026RAMOSM_2025-10-25_G36,10110026RAMOSM,2025-10-25,121760,1,40,0,829.0
10110026RAMOSM_2025-10-27_G02,10110026RAMOSM,2025-10-27,123822,1,6,0,333.0
10110026RAMOSM_2025-10-27_G03,10110026RAMOSM,2025-10-27,122671,1,8,0,81.0
10110026RAMOSM_2025-10-27_G04,10110026RAMOSM,2025-10-27,124486,1,80,0,1596.0
10110026RAMOSM_2025-10-27_G05,10110026RAMOSM,2025-10-27,124247,1,18,0,195.0
10110026RAMOSM_2025-10-27_G06,10110026RAMOSM,2025-10-27,123492,1,3,0,552.0
10110026RAMOSM_2025-10-27_G07,10110026RAMOSM,2025-10-27,122981,1,90,0,2225.0
10110026RAMOSM_2025-10-27_G08,10110026RAMOSM,2025-10-27,124247,1,2,0,102.0
10110026RAMOSM_2025-10-27_G09,10110026RAMOSM,2025-10-27,181887,1,14,0,1273.0
10110026RAMOSM_2025-10-27_G10,10110026RAMOSM,2025-10-27,181887,1,6,0,1589.0
10110026RAMOSM_2025-10-27_G11,10110026RAMOSM,2025-10-27,122983,1,8,0,79.0
10110026RAMOSM_2025-10-27_G12,10110026RAMOSM,2025-10-27,124247,1,2,0,524.0
10110026RAMOSM_2025-10-27_G14,10110026RAMOSM,2025-10-27,124548,1,120,0,2309.0
10110026RAMOSM_2025-10-28_G02,10110026RAMOSM,2025-10-28,124486,1,24,0,883.0
10110026RAMOSM_2025-10-28_G03,10110026RAMOSM,2025-10-28,181887,1,12,0,880.0
10110026RAMOSM_2025-10-28_G04,10110026RAMOSM,2025-10-28,123344,1,4,0,1036.0
10110026RAMOSM_2025-10-28_G05,10110026RAMOSM,2025-10-28,124486,1,11,0,1185.0
10110026RAMOSM_2025-10-28_G06,10110026RAMOSM,2025-10-28,123822,1,40,0,1358.0
10110026RAMOSM_2025-10-28_G07,10110026RAMOSM,2025-10-28,124486,1,10,0,248.0
10110026RAMOSM_2025-10-28_G08,10110026RAMOSM,2025-10-28,123345,1,8,0,731.0
10110026RAMOSM_2025-10-28_G09,10110026RAMOSM,2025-10-28,121651,1,4,0,226.0
10110026RAMOSM_2025-10-28_G10,10110026RAMOSM,2025-10-28,123344,1,2,0,160.0
10110026RAMOSM_2025-10-28_G11,10110026RAMOSM,2025-10-28,121651,1,6,0,357.0
10110026RAMOSM_2025-10-28_G12,10110026RAMOSM,2025-10-28,122703,1,6,0,408.0
10110026RAMOSM_2025-10-28_G13,10110026RAMOSM,2025-10-28,121651,1,20,0,777.0
10110026RAMOSM_2025-10-28_G14,10110026RAMOSM,2025-10-28,123344,1,15,0,462.0
10110026RAMOSM_2025-10-28_G15,10110026RAMOSM,2025-10-28,122962,1,11,0,473.0
10110026RAMOSM_2025-10-28_G16,10110026RAMOSM,2025-10-28,122703,1,6,0,261.0
10110026RAMOSM_2025-10-28_G17,10110026RAMOSM,2025-10-28,121651,1,30,0,637.0
10110026RAMOSM_2025-10-28_G19,10110026RAMOSM,2025-10-28,122962,1,3,0,118.0
10110026RAMOSM_2025-10-28_G20,10110026RAMOSM,2025-10-28,123521,1,18,0,455.0
10110026RAMOSM_2025-10-28_G21,10110026RAMOSM,2025-10-28,121760,1,13,0,743.0
10110026RAMOSM_2025-10-28_G22,10110026RAMOSM,2025-10-28,124370,1,19,0,745.0
10110026RAMOSM_2025-10-28_G23,10110026RAMOSM,2025-10-28,122984,1,22,0,655.0
10110026RAMOSM_2025-10-28_G24,10110026RAMOSM,2025-10-28,122982,1,15,0,725.0
10110026RAMOSM_2025-10-28_G25,10110026RAMOSM,2025-10-28,124486,1,5,0,284.0
10110026RAMOSM_2025-10-28_G26,10110026RAMOSM,2025-10-28,121651,1,22,0,721.0
10110026RAMOSM_2025-10-28_G27,10110026RAMOSM,2025-10-28,181887,1,2,0,1724.0
10110026RAMOSM_2025-10-28_G28,10110026RAMOSM,2025-10-28,181887,1,2,0,215.0
10110026RAMOSM_2025-10-29_G02,10110026RAMOSM,2025-10-29,124477,1,2,0,456.0
10110026RAMOSM_2025-10-29_G03,10110026RAMOSM,2025-10-29,122185,1,12,0,374.0
10110026RAMOSM_2025-10-29_G04,10110026RAMOSM,2025-10-29,122189,1,34,0,857.0
10110026RAMOSM_2025-10-29_G05,10110026RAMOSM,2025-10-29,124370,1,12,0,415.0
10110026RAMOSM_2025-10-29_G06,10110026RAMOSM,2025-10-29,120389,1,4,0,532.0
10110026RAMOSM_2025-10-29_G07,10110026RAMOSM,2025-10-29,122984,1,20,0,870.0
10110026RAMOSM_2025-10-29_G08,10110026RAMOSM,2025-10-29,124475,1,2,0,146.0
10110026RAMOSM_2025-10-29_G09,10110026RAMOSM,2025-10-29,122196,1,8,0,160.0
10110026RAMOSM_2025-10-29_G10,10110026RAMOSM,2025-10-29,124371,1,4,0,201.0
10110026RAMOSM_2025-10-29_G11,10110026RAMOSM,2025-10-29,124486,1,10,0,973.0
10110026RAMOSM_2025-10-29_G12,10110026RAMOSM,2025-10-29,122962,1,8,0,330.0
10110026RAMOSM_2025-10-29_G13,10110026RAMOSM,2025-10-29,124371,1,8,0,371.0
10110026RAMOSM_2025-10-29_G15,10110026RAMOSM,2025-10-29,122647,1,20,0,1199.0
10110026RAMOSM_2025-10-29_G16,10110026RAMOSM,2025-10-29,122983,1,10,0,238.0
10110026RAMOSM_2025-10-29_G17,10110026RAMOSM,2025-10-29,124247,1,10,0,884.0
10110026RAMOSM_2025-10-29_G18,10110026RAMOSM,2025-10-29,122984,1,20,0,586.0
10110026RAMOSM_2025-10-29_G19,10110026RAMOSM,2025-10-29,124486,1,10,0,228.0
10110026RAMOSM_2025-10-29_G20,10110026RAMOSM,2025-10-29,122982,1,5,0,788.0
10110026RAMOSM_2025-10-29_G21,10110026RAMOSM,2025-10-29,122982,1,5,0,748.0
10110026RAMOSM_2025-10-29_G22,10110026RAMOSM,2025-10-29,121928,1,2,0,128.0
10110026RAMOSM_2025-10-30_G02,10110026RAMOSM,2025-10-30,121760,1,3,0,208.0
10110026RAMOSM_2025-10-30_G03,10110026RAMOSM,2025-10-30,121651,1,2,0,385.0
10110026RAMOSM_2025-10-30_G04,10110026RAMOSM,2025-10-30,124371,1,8,0,251.0
10110026RAMOSM_2025-10-30_G05,10110026RAMOSM,2025-10-30,180601,1,1,0,773.0
10110026RAMOSM_2025-10-30_G06,10110026RAMOSM,2025-10-30,123345,1,2,0,163.0
10110026RAMOSM_2025-10-30_G07,10110026RAMOSM,2025-10-30,123344,1,25,0,3276.0
10110026RAMOSM_2025-10-30_G08,10110026RAMOSM,2025-10-30,123909,1,10,0,560.0
10110026RAMOSM_2025-10-30_G09,10110026RAMOSM,2025-10-30,124511,1,25,0,686.0
10110026RAMOSM_2025-10-30_G10,10110026RAMOSM,2025-10-30,122647,1,3,0,141.0
10110026RAMOSM_2025-10-30_G11,10110026RAMOSM,2025-10-30,123562,1,8,0,134.0
10110026RAMOSM_2025-10-30_G12,10110026RAMOSM,2025-10-30,124370,1,10,0,311.0
10110026RAMOSM_2025-10-30_G13,10110026RAMOSM,2025-10-30,120389,1,1,0,567.0
10110026RAMOSM_2025-10-30_G14,10110026RAMOSM,2025-10-30,124371,1,6,0,200.0
10110026RAMOSM_2025-10-30_G15,10110026RAMOSM,2025-10-30,181057,1,4,0,450.0
10110026RAMOSM_2025-10-30_G16,10110026RAMOSM,2025-10-30,181887,1,6,0,436.0
10110026RAMOSM_2025-10-30_G17,10110026RAMOSM,2025-10-30,181887,1,2,0,163.0
10110026RAMOSM_2025-10-30_G18,10110026RAMOSM,2025-10-30,123345,1,41,0,1052.0
10110026RAMOSM_2025-10-30_G19,10110026RAMOSM,2025-10-30,124248,1,12,0,1549.0
10110026RAMOSM_2025-10-30_G20,10110026RAMOSM,2025-10-30,122196,1,14,0,402.0
10110026RAMOSM_2025-10-30_G21,10110026RAMOSM,2025-10-30,120008,1,12,0,386.0
10110026RAMOSM_2025-10-30_G22,10110026RAMOSM,2025-10-30,124624,1,10,0,558.0
10110026RAMOSM_2025-10-30_G23,10110026RAMOSM,2025-10-30,120389,1,30,0,1582.0
10110026RAMOSM_2025-10-30_G25,10110026RAMOSM,2025-10-30,122673,1,4,0,207.0
10110026RAMOSM_2025-10-30_G26,10110026RAMOSM,2025-10-30,124511,1,14,0,521.0
10110026RAMOSM_2025-10-30_G27,10110026RAMOSM,2025-10-30,122983,1,20,0,631.0
10110026RAMOSM_2025-10-30_G28,10110026RAMOSM,2025-10-30,124511,1,20,0,596.0
10110026RAMOSM_2025-10-30_G29,10110026RAMOSM,2025-10-30,181887,1,1,0,332.0
10110026RAMOSM_2025-10-30_G30,10110026RAMOSM,2025-10-30,181887,1,3,0,128.0
10110026RAMOSM_2025-10-30_G31,10110026RAMOSM,2025-10-30,123344,1,4,0,1244.0
10110026RAMOSM_2025-10-30_G32,10110026RAMOSM,2025-10-30,123344,1,6,0,298.0
10110026RAMOSM_2025-10-30_G33,10110026RAMOSM,2025-10-30,122984,1,8,0,219.0
10110026RAMOSM_2025-10-30_G34,10110026RAMOSM,2025-10-30,124248,1,4,0,250.0
10110026RAMOSM_2025-10-30_G35,10110026RAMOSM,2025-10-30,124548,1,13,0,426.0
10110026RAMOSM_2025-10-30_G36,10110026RAMOSM,2025-10-30,122962,1,40,0,1150.0
10110026RAMOSM_2025-10-30_G37,10110026RAMOSM,2025-10-30,120028,1,60,0,1011.0
10110026RAMOSM_2025-10-30_G38,10110026RAMOSM,2025-10-30,122983,1,4,0,325.0
10110026RAMOSM_2025-10-30_G39,10110026RAMOSM,2025-10-30,124247,1,10,0,201.0
10110026RAMOSM_2025-10-31_G02,10110026RAMOSM,2025-10-31,121760,1,6,0,227.0
10110026RAMOSM_2025-10-31_G03,10110026RAMOSM,2025-10-31,123345,1,3,0,451.0
10110026RAMOSM_2025-10-31_G04,10110026RAMOSM,2025-10-31,122673,1,8,0,241.0
10110026RAMOSM_2025-10-31_G05,10110026RAMOSM,2025-10-31,123345,1,4,0,308.0
10110026RAMOSM_2025-10-31_G06,10110026RAMOSM,2025-10-31,121760,1,2,0,264.0
10110026RAMOSM_2025-10-31_G08,10110026RAMOSM,2025-10-31,123345,1,4,0,248.0
10110026RAMOSM_2025-10-31_G10,10110026RAMOSM,2025-10-31,121760,1,24,0,640.0
10110026RAMOSM_2025-10-31_G11,10110026RAMOSM,2025-10-31,120389,1,5,0,648.0
10110026RAMOSM_2025-10-31_G12,10110026RAMOSM,2025-10-31,124370,1,10,0,217.0
10110026RAMOSM_2025-10-31_G14,10110026RAMOSM,2025-10-31,120321,1,20,0,1976.0
10110026RAMOSM_2025-10-31_G15,10110026RAMOSM,2025-10-31,123343,1,4,0,947.0
10110026RAMOSM_2025-10-31_G16,10110026RAMOSM,2025-10-31,181235,1,2,0,963.0
10110026RAMOSM_2025-10-31_G17,10110026RAMOSM,2025-10-31,123343,1,16,0,1269.0
10110026RAMOSM_2025-10-31_G18,10110026RAMOSM,2025-10-31,124624,1,2,0,874.0
10110026RAMOSM_2025-10-31_G19,10110026RAMOSM,2025-10-31,122962,1,18,0,515.0
10110026RAMOSM_2025-10-31_G20,10110026RAMOSM,2025-10-31,122647,1,3,0,71.0
10110026RAMOSM_2025-10-31_G21,10110026RAMOSM,2025-10-31,122647,1,4,0,143.0
10110026RAMOSM_2025-10-31_G22,10110026RAMOSM,2025-10-31,122647,1,17,0,81.0
10110026RAMOSM_2025-10-31_G23,10110026RAMOSM,2025-10-31,122988,1,1,0,72.0
10110026RAMOSM_2025-10-31_G24,10110026RAMOSM,2025-10-31,122988,1,9,0,53.0
10110026RAMOSM_2025-10-31_G25,10110026RAMOSM,2025-10-31,122671,1,8,0,83.0
10110026RAMOSM_2025-10-31_G26,10110026RAMOSM,2025-10-31,123822,1,6,0,157.0
10110026RAMOSM_2025-10-31_G27,10110026RAMOSM,2025-10-31,181057,1,2,0,192.0
10110026RAMOSM_2025-10-31_G28,10110026RAMOSM,2025-10-31,181887,1,6,0,189.0
10110026RAMOSM_2025-10-31_G29,10110026RAMOSM,2025-10-31,123345,1,30,0,468.0
10110026RAMOSM_2025-11-05_G03,10110026RAMOSM,2025-11-05,123909,1,70,0,1542.0
10110026RAMOSM_2025-11-05_G04,10110026RAMOSM,2025-11-05,122671,1,40,0,879.0
10110026RAMOSM_2025-11-05_G05,10110026RAMOSM,2025-11-05,124486,1,20,0,456.0
10110026RAMOSM_2025-11-05_G06,10110026RAMOSM,2025-11-05,124548,1,70,0,1722.0
10110026RAMOSM_2025-11-05_G07,10110026RAMOSM,2025-11-05,120008,1,20,0,439.0
10110026RAMOSM_2025-11-06_G02,10110026RAMOSM,2025-11-06,124624,1,21,0,2439.0
10110026RAMOSM_2025-11-06_G03,10110026RAMOSM,2025-11-06,123390,1,13,0,400.0
10110026RAMOSM_2025-11-06_G04,10110026RAMOSM,2025-11-06,122195,1,28,0,693.0
10110026RAMOSM_2025-11-06_G05,10110026RAMOSM,2025-11-06,122195,1,38,0,638.0
10110026RAMOSM_2025-11-06_G06,10110026RAMOSM,2025-11-06,123313,1,6,0,446.0
10110026RAMOSM_2025-11-06_G07,10110026RAMOSM,2025-11-06,123313,3,138,22,683.0
10110026RAMOSM_2025-11-06_G08,10110026RAMOSM,2025-11-06,124486,1,20,0,1923.0
10110026RAMOSM_2025-11-06_G09,10110026RAMOSM,2025-11-06,122984,1,12,0,2493.0
10110026RAMOSM_2025-11-06_G10,10110026RAMOSM,2025-11-06,124248,1,12,0,316.0
10110026RAMOSM_2025-11-06_G11,10110026RAMOSM,2025-11-06,122983,1,12,0,200.0
10110026RAMOSM_2025-11-06_G12,10110026RAMOSM,2025-11-06,124247,1,18,0,663.0
10110026RAMOSM_2025-11-06_G13,10110026RAMOSM,2025-11-06,123520,1,4,0,273.0
10110026RAMOSM_2025-11-06_G14,10110026RAMOSM,2025-11-06,120008,1,14,0,482.0
10110026RAMOSM_2025-11-06_G15,10110026RAMOSM,2025-11-06,120028,1,12,0,289.0
10110026RAMOSM_2025-11-06_G16,10110026RAMOSM,2025-11-06,122962,1,40,0,1521.0
10110026RAMOSM_2025-11-06_G18,10110026RAMOSM,2025-11-06,122673,1,100,0,1999.0
10110026RAMOSM_2025-11-06_G19,10110026RAMOSM,2025-11-06,122962,1,24,0,871.0
10110026RAMOSM_2025-11-06_G20,10110026RAMOSM,2025-11-06,122671,1,8,0,985.0
10110026RAMOSM_2025-11-06_G21,10110026RAMOSM,2025-11-06,122962,1,20,0,589.0
10110026RAMOSM_2025-11-06_G22,10110026RAMOSM,2025-11-06,124624,1,20,0,645.0
10110026RAMOSM_2025-11-06_G23,10110026RAMOSM,2025-11-06,121760,1,16,0,742.0
10110026RAMOSM_2025-11-07_G03,10110026RAMOSM,2025-11-07,122962,1,80,0,313.0
10110026RAMOSM_2025-11-07_G04,10110026RAMOSM,2025-11-07,124486,1,8,0,1217.0
10110026RAMOSM_2025-11-07_G05,10110026RAMOSM,2025-11-07,124486,1,52,0,1899.0
10110026RAMOSM_2025-11-07_G06,10110026RAMOSM,2025-11-07,122962,1,2,0,778.0
10110026RAMOSM_2025-11-07_G07,10110026RAMOSM,2025-11-07,123909,1,30,0,860.0
10110026RAMOSM_2025-11-07_G08,10110026RAMOSM,2025-11-07,180073,1,6,0,356.0
10110026RAMOSM_2025-11-07_G09,10110026RAMOSM,2025-11-07,122671,1,4,0,126.0
10110026RAMOSM_2025-11-07_G10,10110026RAMOSM,2025-11-07,124264,1,2,0,326.0
10110026RAMOSM_2025-11-07_G13,10110026RAMOSM,2025-11-07,123153,1,20,0,524.0
10110026RAMOSM_2025-11-07_G14,10110026RAMOSM,2025-11-07,122962,1,32,0,2234.0
10110026RAMOSM_2025-11-07_G15,10110026RAMOSM,2025-11-07,124486,1,10,0,165.0
10110026RAMOSM_2025-11-07_G16,10110026RAMOSM,2025-11-07,120008,1,4,0,214.0
10110026RAMOSM_2025-11-08_G02,10110026RAMOSM,2025-11-08,123822,1,11,0,453.0
10110026RAMOSM_2025-11-08_G03,10110026RAMOSM,2025-11-08,122988,1,4,0,270.0
10110026RAMOSM_2025-11-08_G04,10110026RAMOSM,2025-11-08,122962,1,10,0,224.0
10110026RAMOSM_2025-11-08_G05,10110026RAMOSM,2025-11-08,122673,1,4,0,294.0
10110026RAMOSM_2025-11-08_G06,10110026RAMOSM,2025-11-08,123909,1,6,0,446.0
10110026RAMOSM_2025-11-08_G07,10110026RAMOSM,2025-11-08,122185,1,10,0,403.0
10110026RAMOSM_2025-11-08_G08,10110026RAMOSM,2025-11-08,124248,1,18,0,681.0
10110026RAMOSM_2025-11-08_G09,10110026RAMOSM,2025-11-08,123822,1,3,0,275.0
10110026RAMOSM_2025-11-08_G10,10110026RAMOSM,2025-11-08,122647,1,8,0,186.0
10110026RAMOSM_2025-11-08_G11,10110026RAMOSM,2025-11-08,122983,1,20,0,770.0
10110026RAMOSM_2025-11-08_G12,10110026RAMOSM,2025-11-08,120339,1,7,0,291.0
10110026RAMOSM_2025-11-08_G13,10110026RAMOSM,2025-11-08,122703,1,13,0,541.0
10110026RAMOSM_2025-11-08_G14,10110026RAMOSM,2025-11-08,120389,1,10,0,271.0
10110026RAMOSM_2025-11-08_G15,10110026RAMOSM,2025-11-08,120389,1,8,0,223.0
10110026RAMOSM_2025-11-08_G16,10110026RAMOSM,2025-11-08,124370,1,20,0,818.0
10110026RAMOSM_2025-11-08_G17,10110026RAMOSM,2025-11-08,123521,1,6,0,155.0
10110026RAMOSM_2025-11-08_G18,10110026RAMOSM,2025-11-08,122647,1,8,0,2817.0
10110026RAMOSM_2025-11-08_G19,10110026RAMOSM,2025-11-08,122962,1,29,0,562.0
10110026RAMOSM_2025-11-08_G20,10110026RAMOSM,2025-11-08,124624,1,10,0,1832.0
10110026RAMOSM_2025-11-08_G21,10110026RAMOSM,2025-11-08,122185,1,3,0,192.0
10110026RAMOSM_2025-11-08_G22,10110026RAMOSM,2025-11-08,122984,1,16,0,379.0
10110026RAMOSM_2025-11-08_G23,10110026RAMOSM,2025-11-08,122981,1,16,0,524.0
10110026RAMOSM_2025-11-08_G24,10110026RAMOSM,2025-11-08,122647,1,12,0,237.0
10110026RAMOSM_2025-11-08_G26,10110026RAMOSM,2025-11-08,123080,1,8,0,98.0
10110026RAMOSM_2025-11-08_G27,10110026RAMOSM,2025-11-08,122962,1,40,0,935.0
10110026RAMOSM_2025-11-08_G28,10110026RAMOSM,2025-11-08,120339,1,6,0,403.0
10110026RAMOSM_2025-11-08_G29,10110026RAMOSM,2025-11-08,124475,1,10,0,445.0
10110026RAMOSM_2025-11-08_G30,10110026RAMOSM,2025-11-08,124548,1,4,0,157.0
10110026RAMOSM_2025-11-08_G31,10110026RAMOSM,2025-11-08,123313,1,20,0,1114.0
10110026RAMOSM_2025-11-08_G32,10110026RAMOSM,2025-11-08,124486,1,6,0,2483.0
10110026RAMOSM_2025-11-10_G02,10110026RAMOSM,2025-11-10,124486,1,2,0,632.0
10110026RAMOSM_2025-11-10_G03,10110026RAMOSM,2025-11-10,124370,1,7,0,276.0
10110026RAMOSM_2025-11-10_G04,10110026RAMOSM,2025-11-10,124475,1,2,0,390.0
10110026RAMOSM_2025-11-10_G05,10110026RAMOSM,2025-11-10,122962,1,24,0,968.0
10110026RAMOSM_2025-11-10_G06,10110026RAMOSM,2025-11-10,124486,1,19,0,838.0
10110026RAMOSM_2025-11-10_G07,10110026RAMOSM,2025-11-10,123909,1,4,0,348.0
10110026RAMOSM_2025-11-10_G08,10110026RAMOSM,2025-11-10,124371,1,4,0,218.0
10110026RAMOSM_2025-11-10_G09,10110026RAMOSM,2025-11-10,124486,1,8,0,374.0
10110026RAMOSM_2025-11-10_G10,10110026RAMOSM,2025-11-10,123343,1,2,0,262.0
10110026RAMOSM_2025-11-10_G11,10110026RAMOSM,2025-11-10,122673,1,1,0,1257.0
10110026RAMOSM_2025-11-10_G12,10110026RAMOSM,2025-11-10,124248,1,8,0,147.0
10110026RAMOSM_2025-11-10_G13,10110026RAMOSM,2025-11-10,122986,1,1,0,336.0
10110026RAMOSM_2025-11-10_G14,10110026RAMOSM,2025-11-10,122705,1,1,0,92.0
10110026RAMOSM_2025-11-10_G15,10110026RAMOSM,2025-11-10,123344,1,3,0,489.0
10110026RAMOSM_2025-11-10_G16,10110026RAMOSM,2025-11-10,124486,1,12,0,385.0
10110026RAMOSM_2025-11-10_G17,10110026RAMOSM,2025-11-10,122984,1,13,0,79.0
10110026RAMOSM_2025-11-10_G18,10110026RAMOSM,2025-11-10,122988,1,8,0,192.0
10110026RAMOSM_2025-11-10_G19,10110026RAMOSM,2025-11-10,122982,1,14,0,464.0
10110026RAMOSM_2025-11-10_G20,10110026RAMOSM,2025-11-10,122982,1,8,0,220.0
10110026RAMOSM_2025-11-10_G21,10110026RAMOSM,2025-11-10,124486,1,6,0,198.0
10110026RAMOSM_2025-11-10_G22,10110026RAMOSM,2025-11-10,122984,1,2,0,630.0
10110026RAMOSM_2025-11-10_G23,10110026RAMOSM,2025-11-10,123909,1,8,0,256.0
10110026RAMOSM_2025-11-10_G24,10110026RAMOSM,2025-11-10,121760,1,6,0,93.0
10110026RAMOSM_2025-11-10_G25,10110026RAMOSM,2025-11-10,124370,1,16,0,433.0
10110026RAMOSM_2025-11-10_G26,10110026RAMOSM,2025-11-10,123343,1,4,0,874.0
10110026RAMOSM_2025-11-10_G27,10110026RAMOSM,2025-11-10,120028,1,11,0,69.0
10110026RAMOSM_2025-11-10_G28,10110026RAMOSM,2025-11-10,"121760, 124371",2,26,21,907.0
10110026RAMOSM_2025-11-10_G29,10110026RAMOSM,2025-11-10,124370,1,11,0,60.0
10110026RAMOSM_2025-11-10_G30,10110026RAMOSM,2025-11-10,120389,1,2,0,152.0
10110026RAMOSM_2025-11-10_G31,10110026RAMOSM,2025-11-10,123345,1,7,0,270.0
10110026RAMOSM_2025-11-10_G32,10110026RAMOSM,2025-11-10,123343,1,6,0,1299.0
10110026RAMOSM_2025-11-10_G33,10110026RAMOSM,2025-11-10,181057,1,4,0,1144.0
10110026RAMOSM_2025-11-10_G34,10110026RAMOSM,2025-11-10,121651,1,8,0,428.0
10110026RAMOSM_2025-11-10_G35,10110026RAMOSM,2025-11-10,122185,1,12,0,376.0
10110026RAMOSM_2025-11-10_G37,10110026RAMOSM,2025-11-10,123909,1,8,0,181.0
10110026RAMOSM_2025-11-10_G38,10110026RAMOSM,2025-11-10,122982,1,16,0,503.0
10110026RAMOSM_2025-11-10_G39,10110026RAMOSM,2025-11-10,122988,1,2,0,340.0
10110026RAMOSM_2025-11-10_G40,10110026RAMOSM,2025-11-10,121760,1,4,0,147.0
10110026RAMOSM_2025-11-10_G41,10110026RAMOSM,2025-11-10,121651,1,14,0,453.0
10110026RAMOSM_2025-11-10_G42,10110026RAMOSM,2025-11-10,124486,1,18,0,1641.0
10110026RAMOSM_2025-11-10_G43,10110026RAMOSM,2025-11-10,123492,1,25,0,952.0
10110026RAMOSM_2025-11-10_G44,10110026RAMOSM,2025-11-10,122962,1,18,0,477.0
10110026RAMOSM_2025-11-10_G45,10110026RAMOSM,2025-11-10,123822,1,5,0,338.0
10110026RAMOSM_2025-11-10_G46,10110026RAMOSM,2025-11-10,123344,1,10,0,987.0
10110026RAMOSM_2025-11-10_G47,10110026RAMOSM,2025-11-10,124370,1,6,0,213.0
10110026RAMOSM_2025-11-10_G48,10110026RAMOSM,2025-11-10,123343,1,16,0,495.0
10110026RAMOSM_2025-11-11_G02,10110026RAMOSM,2025-11-11,122185,1,2,0,300.0
10110026RAMOSM_2025-11-11_G03,10110026RAMOSM,2025-11-11,122984,1,6,0,43.0
10110026RAMOSM_2025-11-11_G04,10110026RAMOSM,2025-11-11,123909,1,2,0,189.0
10110026RAMOSM_2025-11-11_G05,10110026RAMOSM,2025-11-11,122962,1,20,0,449.0
10110026RAMOSM_2025-11-11_G06,10110026RAMOSM,2025-11-11,122673,1,30,0,408.0
10110026RAMOSM_2025-11-11_G07,10110026RAMOSM,2025-11-11,122671,1,20,0,262.0
10110026RAMOSM_2025-11-11_G08,10110026RAMOSM,2025-11-11,122962,1,20,0,293.0
10110026RAMOSM_2025-11-11_G09,10110026RAMOSM,2025-11-11,124486,1,20,0,271.0
10110026RAMOSM_2025-11-12_G02,10110026RAMOSM,2025-11-12,122984,1,27,0,461.0
10110026RAMOSM_2025-11-12_G03,10110026RAMOSM,2025-11-12,122983,1,2,0,185.0
10110026RAMOSM_2025-11-12_G04,10110026RAMOSM,2025-11-12,122982,1,4,0,40.0
10110026RAMOSM_2025-11-12_G05,10110026RAMOSM,2025-11-12,122673,1,60,0,1305.0
10110026RAMOSM_2025-11-12_G06,10110026RAMOSM,2025-11-12,122962,1,12,0,887.0
10110026RAMOSM_2025-11-12_G07,10110026RAMOSM,2025-11-12,123822,1,8,0,84.0
10110026RAMOSM_2025-11-12_G08,10110026RAMOSM,2025-11-12,122671,1,4,0,156.0
10110026RAMOSM_2025-11-12_G09,10110026RAMOSM,2025-11-12,122673,1,4,0,352.0
10110026RAMOSM_2025-11-12_G10,10110026RAMOSM,2025-11-12,123521,1,4,0,311.0
10110026RAMOSM_2025-11-12_G11,10110026RAMOSM,2025-11-12,123343,1,3,0,364.0
10110026RAMOSM_2025-11-12_G12,10110026RAMOSM,2025-11-12,123345,1,8,0,286.0
10110026RAMOSM_2025-11-12_G13,10110026RAMOSM,2025-11-12,123822,1,50,0,3214.0
10110026RAMOSM_2025-11-12_G14,10110026RAMOSM,2025-11-12,123822,1,5,0,153.0
10110026RAMOSM_2025-11-12_G15,10110026RAMOSM,2025-11-12,123822,1,16,0,510.0
10110026RAMOSM_2025-11-12_G16,10110026RAMOSM,2025-11-12,123822,1,4,0,166.0
10110026RAMOSM_2025-11-12_G17,10110026RAMOSM,2025-11-12,123822,1,25,0,681.0
10110026RAMOSM_2025-11-12_G18,10110026RAMOSM,2025-11-12,123822,1,19,0,529.0
10110026RAMOSM_2025-11-12_G19,10110026RAMOSM,2025-11-12,123344,1,9,0,1873.0
10110026RAMOSM_2025-11-12_G20,10110026RAMOSM,2025-11-12,122673,1,2,0,876.0
10110026RAMOSM_2025-11-12_G21,10110026RAMOSM,2025-11-12,124486,1,2,0,329.0
10110026RAMOSM_2025-11-12_G22,10110026RAMOSM,2025-11-12,124476,1,6,0,353.0
10110026RAMOSM_2025-11-12_G23,10110026RAMOSM,2025-11-12,122647,1,2,0,306.0
10110026RAMOSM_2025-11-12_G24,10110026RAMOSM,2025-11-12,123909,1,3,0,90.0
10110026RAMOSM_2025-11-12_G25,10110026RAMOSM,2025-11-12,122671,1,4,0,160.0
10110026RAMOSM_2025-11-12_G26,10110026RAMOSM,2025-11-12,121760,1,4,0,170.0
10110026RAMOSM_2025-11-12_G27,10110026RAMOSM,2025-11-12,124371,1,2,0,155.0
10110026RAMOSM_2025-11-12_G28,10110026RAMOSM,2025-11-12,124370,1,2,0,140.0
10110026RAMOSM_2025-11-12_G29,10110026RAMOSM,2025-11-12,124247,1,2,0,291.0
10110026RAMOSM_2025-11-12_G30,10110026RAMOSM,2025-11-12,124475,1,2,0,280.0
10110026RAMOSM_2025-11-12_G31,10110026RAMOSM,2025-11-12,124475,1,2,0,189.0
10110026RAMOSM_2025-11-12_G32,10110026RAMOSM,2025-11-12,121651,1,2,0,118.0
10110026RAMOSM_2025-11-12_G33,10110026RAMOSM,2025-11-12,121651,1,4,0,115.0
10110026RAMOSM_2025-11-12_G34,10110026RAMOSM,2025-11-12,123343,1,2,0,284.0
10110026RAMOSM_2025-11-12_G35,10110026RAMOSM,2025-11-12,123345,1,10,0,223.0
10110026RAMOSM_2025-11-12_G36,10110026RAMOSM,2025-11-12,123345,1,14,0,301.0
10110026RAMOSM_2025-11-13_G02,10110026RAMOSM,2025-11-13,122984,1,24,0,1324.0
10110026RAMOSM_2025-11-13_G03,10110026RAMOSM,2025-11-13,121651,1,50,0,1335.0
10110026RAMOSM_2025-11-13_G04,10110026RAMOSM,2025-11-13,122962,1,90,0,2494.0
10110026RAMOSM_2025-11-13_G05,10110026RAMOSM,2025-11-13,122647,1,12,0,621.0
10110026RAMOSM_2025-11-13_G06,10110026RAMOSM,2025-11-13,124475,1,16,0,787.0
10110026RAMOSM_2025-11-13_G07,10110026RAMOSM,2025-11-13,124370,1,50,0,1076.0
10110026RAMOSM_2025-11-13_G09,10110026RAMOSM,2025-11-13,122984,1,4,0,133.0
10110026RAMOSM_2025-11-13_G10,10110026RAMOSM,2025-11-13,120028,1,1,0,132.0
10110026RAMOSM_2025-11-13_G11,10110026RAMOSM,2025-11-13,121651,1,8,0,421.0
10110026RAMOSM_2025-11-13_G12,10110026RAMOSM,2025-11-13,123822,1,5,0,248.0
10110026RAMOSM_2025-11-13_G13,10110026RAMOSM,2025-11-13,121760,1,4,0,162.0
10110026RAMOSM_2025-11-13_G14,10110026RAMOSM,2025-11-13,124486,1,16,0,1106.0
10110026RAMOSM_2025-11-13_G15,10110026RAMOSM,2025-11-13,122962,1,64,0,1297.0
10110026RAMOSM_2025-11-13_G16,10110026RAMOSM,2025-11-13,123344,1,10,0,848.0
10110026RAMOSM_2025-11-13_G17,10110026RAMOSM,2025-11-13,124476,1,4,0,155.0
10110026RAMOSM_2025-11-13_G18,10110026RAMOSM,2025-11-13,124370,1,6,0,232.0
10110026RAMOSM_2025-11-13_G19,10110026RAMOSM,2025-11-13,121760,1,6,0,182.0
10110026RAMOSM_2025-11-13_G20,10110026RAMOSM,2025-11-13,124475,1,4,0,183.0
10110026RAMOSM_2025-11-13_G21,10110026RAMOSM,2025-11-13,122962,1,28,0,927.0
10110026RAMOSM_2025-11-13_G22,10110026RAMOSM,2025-11-13,124548,1,72,0,1053.0
10110026RAMOSM_2025-11-13_G23,10110026RAMOSM,2025-11-13,122185,1,40,0,743.0
10110026RAMOSM_2025-11-14_G02,10110026RAMOSM,2025-11-14,120389,1,40,0,1909.0
10110026RAMOSM_2025-11-14_G03,10110026RAMOSM,2025-11-14,123345,1,20,0,721.0
10110026RAMOSM_2025-11-14_G04,10110026RAMOSM,2025-11-14,120008,1,41,0,2409.0
10110026RAMOSM_2025-11-14_G05,10110026RAMOSM,2025-11-14,122671,1,8,0,327.0
10110026RAMOSM_2025-11-14_G06,10110026RAMOSM,2025-11-14,122986,1,6,0,391.0
10110026RAMOSM_2025-11-14_G07,10110026RAMOSM,2025-11-14,124248,1,7,0,398.0
10110026RAMOSM_2025-11-14_G08,10110026RAMOSM,2025-11-14,124248,1,60,0,1515.0
10110026RAMOSM_2025-11-14_G09,10110026RAMOSM,2025-11-14,122647,1,68,0,2489.0
10110026RAMOSM_2025-11-14_G10,10110026RAMOSM,2025-11-14,122647,1,1,0,132.0
10110026RAMOSM_2025-11-14_G11,10110026RAMOSM,2025-11-14,122647,1,51,0,927.0
10110026RAMOSM_2025-11-14_G12,10110026RAMOSM,2025-11-14,122962,1,60,0,1990.0
10110026RAMOSM_2025-11-14_G13,10110026RAMOSM,2025-11-14,124486,1,60,0,1252.0
10110026RAMOSM_2025-11-14_G14,10110026RAMOSM,2025-11-14,123492,1,66,0,2059.0
10110026RAMOSM_2025-11-14_G16,10110026RAMOSM,2025-11-14,123345,1,10,0,567.0
10110026RAMOSM_2025-11-14_G17,10110026RAMOSM,2025-11-14,123343,1,16,0,1206.0
10110026RAMOSM_2025-11-15_G02,10110026RAMOSM,2025-11-15,123344,1,20,0,2592.0
10110026RAMOSM_2025-11-15_G03,10110026RAMOSM,2025-11-15,124476,1,12,0,919.0
10110026RAMOSM_2025-11-15_G04,10110026RAMOSM,2025-11-15,123822,1,4,0,148.0
10110026RAMOSM_2025-11-15_G05,10110026RAMOSM,2025-11-15,124370,1,30,0,725.0
10110026RAMOSM_2025-11-15_G06,10110026RAMOSM,2025-11-15,124475,1,4,0,285.0
10110026RAMOSM_2025-11-15_G07,10110026RAMOSM,2025-11-15,123562,1,4,0,165.0
10110026RAMOSM_2025-11-15_G08,10110026RAMOSM,2025-11-15,124371,1,20,0,1323.0
10110026RAMOSM_2025-11-15_G09,10110026RAMOSM,2025-11-15,123561,1,6,0,893.0
10110026RAMOSM_2025-11-15_G10,10110026RAMOSM,2025-11-15,122962,1,30,0,897.0
10110026RAMOSM_2025-11-15_G11,10110026RAMOSM,2025-11-15,124486,1,4,0,269.0
10110026RAMOSM_2025-11-15_G12,10110026RAMOSM,2025-11-15,123560,1,6,0,609.0
10110026RAMOSM_2025-11-15_G13,10110026RAMOSM,2025-11-15,181887,1,2,0,2141.0
10110026RAMOSM_2025-11-15_G14,10110026RAMOSM,2025-11-15,123345,1,40,0,1132.0
10110026RAMOSM_2025-11-15_G15,10110026RAMOSM,2025-11-15,122968,1,116,0,2958.0
10110026RAMOSM_2025-11-15_G17,10110026RAMOSM,2025-11-15,124264,1,7,0,294.0
10110026RAMOSM_2025-11-15_G18,10110026RAMOSM,2025-11-15,122981,1,2,0,189.0
10110026RAMOSM_2025-11-15_G19,10110026RAMOSM,2025-11-15,122988,1,2,0,111.0
10110026RAMOSM_2025-11-15_G20,10110026RAMOSM,2025-11-15,123909,1,10,0,452.0
10110026RAMOSM_2025-11-15_G21,10110026RAMOSM,2025-11-15,124486,1,20,0,378.0
10110026RAMOSM_2025-11-15_G22,10110026RAMOSM,2025-11-15,122986,1,4,0,302.0
10110026RAMOSM_2025-11-15_G23,10110026RAMOSM,2025-11-15,123313,1,8,0,778.0
10110026RAMOSM_2025-11-15_G24,10110026RAMOSM,2025-11-15,123345,1,17,0,1333.0
10110026RAMOSM_2025-11-15_G25,10110026RAMOSM,2025-11-15,123344,1,12,0,742.0
10110026RAMOSM_2025-11-15_G26,10110026RAMOSM,2025-11-15,124264,1,14,0,357.0
10110026RAMOSM_2025-11-15_G27,10110026RAMOSM,2025-11-15,124476,1,4,0,175.0
10110026RAMOSM_2025-11-15_G28,10110026RAMOSM,2025-11-15,124247,1,8,0,229.0
10110026RAMOSM_2025-11-15_G29,10110026RAMOSM,2025-11-15,122982,1,36,0,674.0
10110026RAMOSM_2025-11-17_G02,10110026RAMOSM,2025-11-17,121760,1,3,0,321.0
10110026RAMOSM_2025-11-17_G03,10110026RAMOSM,2025-11-17,122703,1,10,0,212.0
10110026RAMOSM_2025-11-17_G04,10110026RAMOSM,2025-11-17,122962,1,5,0,134.0
10110026RAMOSM_2025-11-17_G05,10110026RAMOSM,2025-11-17,121651,1,22,0,694.0
10110026RAMOSM_2025-11-17_G06,10110026RAMOSM,2025-11-17,122962,1,16,0,674.0
10110026RAMOSM_2025-11-17_G07,10110026RAMOSM,2025-11-17,124371,1,30,0,962.0
10110026RAMOSM_2025-11-17_G08,10110026RAMOSM,2025-11-17,122984,1,20,0,580.0
10110026RAMOSM_2025-11-17_G09,10110026RAMOSM,2025-11-17,123345,1,2,0,320.0
10110026RAMOSM_2025-11-17_G10,10110026RAMOSM,2025-11-17,121760,1,3,0,126.0
10110026RAMOSM_2025-11-17_G11,10110026RAMOSM,2025-11-17,122988,1,1,0,91.0
10110026RAMOSM_2025-11-17_G12,10110026RAMOSM,2025-11-17,124370,1,8,0,152.0
10110026RAMOSM_2025-11-17_G13,10110026RAMOSM,2025-11-17,124486,1,2,0,127.0
10110026RAMOSM_2025-11-17_G14,10110026RAMOSM,2025-11-17,121651,1,8,0,115.0
10110026RAMOSM_2025-11-17_G15,10110026RAMOSM,2025-11-17,124548,1,2,0,147.0
10110026RAMOSM_2025-11-17_G17,10110026RAMOSM,2025-11-17,120272,1,4,0,420.0
10110026RAMOSM_2025-11-17_G18,10110026RAMOSM,2025-11-17,122983,1,10,0,473.0
10110026RAMOSM_2025-11-17_G19,10110026RAMOSM,2025-11-17,122984,1,13,0,948.0
10110026RAMOSM_2025-11-17_G20,10110026RAMOSM,2025-11-17,122981,1,9,0,316.0
10110026RAMOSM_2025-11-17_G21,10110026RAMOSM,2025-11-17,122962,1,20,0,343.0
10110026RAMOSM_2025-11-17_G22,10110026RAMOSM,2025-11-17,123909,1,5,0,291.0
10110026RAMOSM_2025-11-17_G23,10110026RAMOSM,2025-11-17,123560,1,10,0,340.0
10110026RAMOSM_2025-11-17_G24,10110026RAMOSM,2025-11-17,121760,1,23,0,1122.0
10110026RAMOSM_2025-11-17_G25,10110026RAMOSM,2025-11-17,123909,1,16,0,636.0
10110026RAMOSM_2025-11-17_G27,10110026RAMOSM,2025-11-17,123345,1,4,0,317.0
10110026RAMOSM_2025-11-17_G28,10110026RAMOSM,2025-11-17,122647,1,12,0,429.0
10110026RAMOSM_2025-11-17_G29,10110026RAMOSM,2025-11-17,122962,1,24,0,534.0
10110026RAMOSM_2025-11-17_G30,10110026RAMOSM,2025-11-17,124486,1,10,0,238.0
10110026RAMOSM_2025-11-17_G31,10110026RAMOSM,2025-11-17,122671,1,12,0,561.0
10110026RAMOSM_2025-11-17_G32,10110026RAMOSM,2025-11-17,121760,1,8,0,528.0
10110026RAMOSM_2025-11-17_G33,10110026RAMOSM,2025-11-17,124476,1,2,0,167.0
10110026RAMOSM_2025-11-17_G34,10110026RAMOSM,2025-11-17,121651,1,14,0,365.0
10110026RAMOSM_2025-11-17_G35,10110026RAMOSM,2025-11-17,123345,1,6,0,340.0
10110026RAMOSM_2025-11-17_G36,10110026RAMOSM,2025-11-17,123153,1,18,0,456.0
10110026RAMOSM_2025-11-17_G37,10110026RAMOSM,2025-11-17,120339,1,2,0,106.0
10110026RAMOSM_2025-11-19_G02,10110026RAMOSM,2025-11-19,123889,1,2,0,362.0
10110026RAMOSM_2025-11-19_G03,10110026RAMOSM,2025-11-19,123344,1,12,0,1606.0
10110026RAMOSM_2025-11-19_G04,10110026RAMOSM,2025-11-19,123081,1,10,0,272.0
10110026RAMOSM_2025-11-19_G05,10110026RAMOSM,2025-11-19,124248,1,2,0,276.0
10110026RAMOSM_2025-11-19_G06,10110026RAMOSM,2025-11-19,122988,1,2,0,148.0
10110026RAMOSM_2025-11-19_G07,10110026RAMOSM,2025-11-19,122703,1,10,0,406.0
10110026RAMOSM_2025-11-19_G08,10110026RAMOSM,2025-11-19,123345,1,4,0,385.0
10110026RAMOSM_2025-11-19_G09,10110026RAMOSM,2025-11-19,123344,1,12,0,1206.0
10110026RAMOSM_2025-11-19_G10,10110026RAMOSM,2025-11-19,121760,1,1,0,156.0
10110026RAMOSM_2025-11-19_G11,10110026RAMOSM,2025-11-19,122984,1,2,0,278.0
10110026RAMOSM_2025-11-19_G12,10110026RAMOSM,2025-11-19,123909,1,8,0,344.0
10110026RAMOSM_2025-11-19_G13,10110026RAMOSM,2025-11-19,122962,1,12,0,531.0
10110026RAMOSM_2025-11-19_G14,10110026RAMOSM,2025-11-19,123343,1,10,0,756.0
10110026RAMOSM_2025-11-19_G15,10110026RAMOSM,2025-11-19,124370,1,6,0,380.0
10110026RAMOSM_2025-11-19_G16,10110026RAMOSM,2025-11-19,122962,1,1,0,256.0
10110026RAMOSM_2025-11-19_G17,10110026RAMOSM,2025-11-19,124486,1,2,0,551.0
10110026RAMOSM_2025-11-19_G18,10110026RAMOSM,2025-11-19,123344,1,9,0,736.0
10110026RAMOSM_2025-11-19_G19,10110026RAMOSM,2025-11-19,124486,1,20,0,501.0
10110026RAMOSM_2025-11-19_G20,10110026RAMOSM,2025-11-19,122671,1,4,0,311.0
10110026RAMOSM_2025-11-19_G21,10110026RAMOSM,2025-11-19,124486,1,3,0,195.0
10110026RAMOSM_2025-11-19_G22,10110026RAMOSM,2025-11-19,123344,1,16,0,1002.0
10110026RAMOSM_2025-11-19_G23,10110026RAMOSM,2025-11-19,123343,1,6,0,415.0
10110026RAMOSM_2025-11-19_G24,10110026RAMOSM,2025-11-19,122185,1,40,0,1163.0
10110026RAMOSM_2025-11-19_G25,10110026RAMOSM,2025-11-19,123153,1,20,0,402.0
10110026RAMOSM_2025-11-19_G26,10110026RAMOSM,2025-11-19,124247,1,2,0,182.0
10110026RAMOSM_2025-11-19_G28,10110026RAMOSM,2025-11-19,122647,1,80,0,1852.0
10110026RAMOSM_2025-11-19_G29,10110026RAMOSM,2025-11-19,122647,1,40,0,443.0
10110026RAMOSM_2025-11-19_G30,10110026RAMOSM,2025-11-19,122962,1,24,0,359.0
10110026RAMOSM_2025-11-19_G31,10110026RAMOSM,2025-11-19,124248,1,23,0,1446.0
10110026RAMOSM_2025-11-19_G32,10110026RAMOSM,2025-11-19,122189,1,2,0,350.0
10110026RAMOSM_2025-11-19_G33,10110026RAMOSM,2025-11-19,123343,1,6,0,320.0
10110026RAMOSM_2025-11-21_G02,10110026RAMOSM,2025-11-21,123345,1,10,0,1057.0
10110026RAMOSM_2025-11-21_G03,10110026RAMOSM,2025-11-21,124247,1,4,0,674.0
10110026RAMOSM_2025-11-21_G04,10110026RAMOSM,2025-11-21,122185,1,12,0,441.0
10110026RAMOSM_2025-11-21_G05,10110026RAMOSM,2025-11-21,124248,1,4,0,229.0
10110026RAMOSM_2025-11-21_G06,10110026RAMOSM,2025-11-21,121651,1,15,0,850.0
10110026RAMOSM_2025-11-21_G07,10110026RAMOSM,2025-11-21,122962,1,20,0,416.0
10110026RAMOSM_2025-11-21_G08,10110026RAMOSM,2025-11-21,122671,1,1,0,192.0
10110026RAMOSM_2025-11-21_G09,10110026RAMOSM,2025-11-21,123909,1,6,0,372.0
10110026RAMOSM_2025-11-21_G10,10110026RAMOSM,2025-11-21,123909,1,6,0,207.0
10110026RAMOSM_2025-11-21_G11,10110026RAMOSM,2025-11-21,124247,1,10,0,275.0
10110026RAMOSM_2025-11-21_G12,10110026RAMOSM,2025-11-21,124247,1,10,0,175.0
10110026RAMOSM_2025-11-21_G13,10110026RAMOSM,2025-11-21,122647,1,11,0,274.0
10110026RAMOSM_2025-11-21_G14,10110026RAMOSM,2025-11-21,122647,1,9,0,743.0
10110026RAMOSM_2025-11-21_G15,10110026RAMOSM,2025-11-21,124248,1,4,0,543.0
10110026RAMOSM_2025-11-21_G16,10110026RAMOSM,2025-11-21,123343,1,2,0,427.0
10110026RAMOSM_2025-11-21_G17,10110026RAMOSM,2025-11-21,123153,1,52,0,1319.0
10110026RAMOSM_2025-11-21_G18,10110026RAMOSM,2025-11-21,123153,1,4,0,236.0
10110026RAMOSM_2025-11-21_G19,10110026RAMOSM,2025-11-21,123153,1,12,0,325.0
10110026RAMOSM_2025-11-21_G20,10110026RAMOSM,2025-11-21,124248,1,19,0,503.0
10110026RAMOSM_2025-11-21_G21,10110026RAMOSM,2025-11-21,123153,1,8,0,289.0
10110026RAMOSM_2025-11-21_G22,10110026RAMOSM,2025-11-21,122981,1,1,0,153.0
10110026RAMOSM_2025-11-21_G23,10110026RAMOSM,2025-11-21,123343,1,4,0,300.0
10110026RAMOSM_2025-11-21_G24,10110026RAMOSM,2025-11-21,120028,1,8,0,1172.0
10110026RAMOSM_2025-11-21_G25,10110026RAMOSM,2025-11-21,123344,1,8,0,380.0
10110026RAMOSM_2025-11-21_G26,10110026RAMOSM,2025-11-21,124476,1,3,0,428.0
10110026RAMOSM_2025-11-21_G27,10110026RAMOSM,2025-11-21,124476,1,6,0,337.0
10110026RAMOSM_2025-11-21_G28,10110026RAMOSM,2025-11-21,124475,1,8,0,620.0
10110026RAMOSM_2025-11-21_G29,10110026RAMOSM,2025-11-21,121760,1,3,0,642.0
10110026RAMOSM_2025-11-21_G30,10110026RAMOSM,2025-11-21,120339,1,8,0,181.0
10110026RAMOSM_2025-11-21_G32,10110026RAMOSM,2025-11-21,124486,1,24,0,950.0
10110026RAMOSM_2025-11-21_G33,10110026RAMOSM,2025-11-21,124486,1,20,0,628.0
10110026RAMOSM_2025-11-21_G34,10110026RAMOSM,2025-11-21,124548,1,8,0,188.0
10110026RAMOSM_2025-11-21_G35,10110026RAMOSM,2025-11-21,123561,1,4,0,261.0
10110026RAMOSM_2025-11-21_G36,10110026RAMOSM,2025-11-21,123345,1,29,0,1070.0
10110026RAMOSM_2025-11-21_G37,10110026RAMOSM,2025-11-21,123345,1,6,0,478.0
10110026RAMOSM_2025-11-21_G38,10110026RAMOSM,2025-11-21,123343,1,4,0,887.0
10110026RAMOSM_2025-11-21_G39,10110026RAMOSM,2025-11-21,123343,1,7,0,298.0
10110026RAMOSM_2025-11-21_G40,10110026RAMOSM,2025-11-21,122983,1,16,0,922.0
10110026RAMOSM_2025-11-21_G41,10110026RAMOSM,2025-11-21,120389,1,12,0,369.0
10110026RAMOSM_2025-11-22_G02,10110026RAMOSM,2025-11-22,124486,1,30,0,654.0
10110026RAMOSM_2025-11-22_G03,10110026RAMOSM,2025-11-22,121760,1,19,0,1034.0
10110026RAMOSM_2025-11-22_G04,10110026RAMOSM,2025-11-22,124370,1,14,0,410.0
10110026RAMOSM_2025-11-22_G05,10110026RAMOSM,2025-11-22,124486,1,10,0,284.0
10110026RAMOSM_2025-11-22_G07,10110026RAMOSM,2025-11-22,122962,1,120,0,244.0
10110026RAMOSM_2025-11-22_G08,10110026RAMOSM,2025-11-22,122703,1,8,0,526.0
10110026RAMOSM_2025-11-22_G09,10110026RAMOSM,2025-11-22,124486,1,124,0,2900.0
10110026RAMOSM_2025-11-22_G10,10110026RAMOSM,2025-11-22,121760,1,30,0,1628.0
10110026RAMOSM_2025-11-22_G11,10110026RAMOSM,2025-11-22,123909,1,40,0,973.0
10110026RAMOSM_2025-11-24_G02,10110026RAMOSM,2025-11-24,123345,1,10,0,1108.0
10110026RAMOSM_2025-11-24_G03,10110026RAMOSM,2025-11-24,122967,1,100,0,1957.0
10110026RAMOSM_2025-11-24_G04,10110026RAMOSM,2025-11-24,122962,1,18,0,456.0
10110026RAMOSM_2025-11-24_G05,10110026RAMOSM,2025-11-24,123822,1,2,0,254.0
10110026RAMOSM_2025-11-24_G06,10110026RAMOSM,2025-11-24,124486,1,32,0,1131.0
10110026RAMOSM_2025-11-24_G07,10110026RAMOSM,2025-11-24,122962,1,8,0,422.0
10110026RAMOSM_2025-11-24_G08,10110026RAMOSM,2025-11-24,124486,1,30,0,848.0
10110026RAMOSM_2025-11-24_G09,10110026RAMOSM,2025-11-24,122962,1,4,0,2442.0
10110026RAMOSM_2025-11-24_G10,10110026RAMOSM,2025-11-24,123345,1,6,0,435.0
10110026RAMOSM_2025-11-24_G11,10110026RAMOSM,2025-11-24,123345,1,20,0,1403.0
10110026RAMOSM_2025-11-24_G12,10110026RAMOSM,2025-11-24,124486,1,20,0,313.0
10110026RAMOSM_2025-11-24_G13,10110026RAMOSM,2025-11-24,123345,1,4,0,348.0
10110026RAMOSM_2025-11-24_G14,10110026RAMOSM,2025-11-24,120028,1,12,0,542.0
10110026RAMOSM_2025-11-24_G15,10110026RAMOSM,2025-11-24,124476,1,8,0,397.0
10110026RAMOSM_2025-11-24_G16,10110026RAMOSM,2025-11-24,121760,1,10,0,447.0
10110026RAMOSM_2025-11-24_G17,10110026RAMOSM,2025-11-24,123081,1,7,0,597.0
10110026RAMOSM_2025-11-24_G18,10110026RAMOSM,2025-11-24,122982,1,11,0,233.0
10110026RAMOSM_2025-11-24_G20,10110026RAMOSM,2025-11-24,123909,1,2,0,1879.0
10110026RAMOSM_2025-11-24_G21,10110026RAMOSM,2025-11-24,122962,1,20,0,625.0
10110026RAMOSM_2025-11-25_G02,10110026RAMOSM,2025-11-25,122984,1,8,0,403.0
10110026RAMOSM_2025-11-25_G03,10110026RAMOSM,2025-11-25,122703,1,8,0,555.0
10110026RAMOSM_2025-11-25_G04,10110026RAMOSM,2025-11-25,124371,1,4,0,182.0
10110026RAMOSM_2025-11-25_G05,10110026RAMOSM,2025-11-25,124370,1,7,0,203.0
10110026RAMOSM_2025-11-25_G06,10110026RAMOSM,2025-11-25,123345,1,2,0,384.0
10110026RAMOSM_2025-11-25_G07,10110026RAMOSM,2025-11-25,123343,1,3,0,468.0
10110026RAMOSM_2025-11-25_G08,10110026RAMOSM,2025-11-25,123889,1,12,0,692.0
10110026RAMOSM_2025-11-25_G09,10110026RAMOSM,2025-11-25,120028,1,4,0,278.0
10110026RAMOSM_2025-11-25_G10,10110026RAMOSM,2025-11-25,120389,1,18,0,591.0
10110026RAMOSM_2025-11-25_G11,10110026RAMOSM,2025-11-25,124476,1,12,0,424.0
10110026RAMOSM_2025-11-25_G12,10110026RAMOSM,2025-11-25,122671,1,8,0,534.0
10110026RAMOSM_2025-11-25_G13,10110026RAMOSM,2025-11-25,121760,1,10,0,309.0
10110026RAMOSM_2025-11-25_G14,10110026RAMOSM,2025-11-25,124370,1,14,0,471.0
10110026RAMOSM_2025-11-25_G15,10110026RAMOSM,2025-11-25,124486,1,4,0,383.0
10110026RAMOSM_2025-11-25_G16,10110026RAMOSM,2025-11-25,123343,1,8,0,563.0
10110026RAMOSM_2025-11-25_G17,10110026RAMOSM,2025-11-25,122984,1,8,0,1093.0
10110026RAMOSM_2025-11-25_G18,10110026RAMOSM,2025-11-25,123345,1,4,0,380.0
10110026RAMOSM_2025-11-25_G19,10110026RAMOSM,2025-11-25,120287,1,84,0,3039.0
10110026RAMOSM_2025-11-25_G20,10110026RAMOSM,2025-11-25,122962,1,27,0,532.0
10110026RAMOSM_2025-11-25_G21,10110026RAMOSM,2025-11-25,123822,1,1,0,280.0
10110026RAMOSM_2025-11-25_G22,10110026RAMOSM,2025-11-25,122647,1,27,0,902.0
10110026RAMOSM_2025-11-25_G23,10110026RAMOSM,2025-11-25,122671,1,6,0,410.0
10110026RAMOSM_2025-11-25_G24,10110026RAMOSM,2025-11-25,124486,1,1,0,177.0
10110026RAMOSM_2025-11-25_G25,10110026RAMOSM,2025-11-25,122673,1,1,0,353.0
10110026RAMOSM_2025-11-25_G26,10110026RAMOSM,2025-11-25,122962,1,64,0,1014.0
10110026RAMOSM_2025-11-25_G27,10110026RAMOSM,2025-11-25,123909,1,41,0,810.0
10110026RAMOSM_2025-11-25_G29,10110026RAMOSM,2025-11-25,122673,1,13,0,327.0
10110026RAMOSM_2025-11-25_G30,10110026RAMOSM,2025-11-25,124248,1,20,0,782.0
10110026RAMOSM_2025-11-25_G31,10110026RAMOSM,2025-11-25,122984,1,40,0,766.0
10110026RAMOSM_2025-11-25_G32,10110026RAMOSM,2025-11-25,180332,1,1,0,1284.0
10110026RAMOSM_2025-11-25_G33,10110026RAMOSM,2025-11-25,122962,1,19,0,1168.0
10110026RAMOSM_2025-11-25_G34,10110026RAMOSM,2025-11-25,120028,1,50,0,1107.0
10110026RAMOSM_2025-11-25_G35,10110026RAMOSM,2025-11-25,120028,1,26,0,516.0
10110026RAMOSM_2025-11-25_G36,10110026RAMOSM,2025-11-25,122984,1,2,0,176.0
10110026RAMOSM_2025-11-25_G37,10110026RAMOSM,2025-11-25,124248,1,24,0,606.0
10110026RAMOSM_2025-11-25_G38,10110026RAMOSM,2025-11-25,124248,1,46,0,818.0
10110026RAMOSM_2025-11-27_G02,10110026RAMOSM,2025-11-27,123822,1,3,0,170.0
10110026RAMOSM_2025-11-27_G03,10110026RAMOSM,2025-11-27,123822,1,1,0,111.0
10110026RAMOSM_2025-11-27_G04,10110026RAMOSM,2025-11-27,123081,1,8,0,767.0
10110026RAMOSM_2025-11-27_G05,10110026RAMOSM,2025-11-27,122986,1,1,0,165.0
10110026RAMOSM_2025-11-27_G06,10110026RAMOSM,2025-11-27,122983,1,10,0,793.0
10110026RAMOSM_2025-11-27_G07,10110026RAMOSM,2025-11-27,124247,1,10,0,1053.0
10110026RAMOSM_2025-11-27_G08,10110026RAMOSM,2025-11-27,123492,1,6,0,477.0
10110026RAMOSM_2025-11-27_G09,10110026RAMOSM,2025-11-27,122962,1,6,0,331.0
10110026RAMOSM_2025-11-27_G10,10110026RAMOSM,2025-11-27,122671,1,8,0,299.0
10110026RAMOSM_2025-11-27_G11,10110026RAMOSM,2025-11-27,123909,1,18,0,491.0
10110026RAMOSM_2025-11-27_G12,10110026RAMOSM,2025-11-27,124486,1,12,0,369.0
10110026RAMOSM_2025-11-27_G13,10110026RAMOSM,2025-11-27,121923,1,4,0,341.0
10110026RAMOSM_2025-11-27_G14,10110026RAMOSM,2025-11-27,123344,1,5,0,707.0
10110026RAMOSM_2025-11-27_G15,10110026RAMOSM,2025-11-27,124475,1,2,0,132.0
10110026RAMOSM_2025-11-27_G16,10110026RAMOSM,2025-11-27,121760,1,6,0,207.0
10110026RAMOSM_2025-11-27_G17,10110026RAMOSM,2025-11-27,123909,1,1,0,136.0
10110026RAMOSM_2025-11-27_G18,10110026RAMOSM,2025-11-27,124486,1,2,0,184.0
10110026RAMOSM_2025-11-27_G19,10110026RAMOSM,2025-11-27,123343,1,1,0,317.0
10110026RAMOSM_2025-11-27_G20,10110026RAMOSM,2025-11-27,123345,1,3,0,444.0
10110026RAMOSM_2025-11-27_G21,10110026RAMOSM,2025-11-27,121760,1,10,0,397.0
10110026RAMOSM_2025-11-27_G22,10110026RAMOSM,2025-11-27,"120028, 124370",2,34,17,1759.0
10110026RAMOSM_2025-11-27_G23,10110026RAMOSM,2025-11-27,123344,1,40,0,971.0
10110026RAMOSM_2025-11-27_G24,10110026RAMOSM,2025-11-27,121651,1,40,0,1803.0
10110026RAMOSM_2025-11-27_G25,10110026RAMOSM,2025-11-27,122185,1,10,0,255.0
10110026RAMOSM_2025-11-27_G26,10110026RAMOSM,2025-11-27,122984,1,10,0,511.0
10110026RAMOSM_2025-11-27_G27,10110026RAMOSM,2025-11-27,124476,1,10,0,263.0
10110026RAMOSM_2025-11-27_G28,10110026RAMOSM,2025-11-27,122982,1,9,0,217.0
10110026RAMOSM_2025-11-27_G29,10110026RAMOSM,2025-11-27,122671,1,20,0,364.0
10110026RAMOSM_2025-11-27_G30,10110026RAMOSM,2025-11-27,120339,1,6,0,551.0
10110026RAMOSM_2025-11-27_G31,10110026RAMOSM,2025-11-27,124371,1,30,0,753.0
10110026RAMOSM_2025-11-27_G32,10110026RAMOSM,2025-11-27,122986,1,10,0,496.0
10110026RAMOSM_2025-11-27_G33,10110026RAMOSM,2025-11-27,122673,1,20,0,1399.0
10110026RAMOSM_2025-11-27_G34,10110026RAMOSM,2025-11-27,123313,1,20,0,277.0
10110026RAMOSM_2025-11-27_G36,10110026RAMOSM,2025-11-27,124486,1,26,0,1216.0
10110026RAMOSM_2025-11-27_G37,10110026RAMOSM,2025-11-27,122185,1,16,0,429.0
10110026RAMOSM_2025-11-27_G38,10110026RAMOSM,2025-11-27,122984,1,56,0,1934.0
10110026RAMOSM_2025-11-28_G02,10110026RAMOSM,2025-11-28,124477,1,12,0,789.0
10110026RAMOSM_2025-11-28_G04,10110026RAMOSM,2025-11-28,122962,1,24,0,2490.0
10110026RAMOSM_2025-11-28_G05,10110026RAMOSM,2025-11-28,120028,1,40,0,812.0
10110026RAMOSM_2025-11-28_G06,10110026RAMOSM,2025-11-28,124247,1,40,0,991.0
10110026RAMOSM_2025-11-28_G08,10110026RAMOSM,2025-11-28,122671,1,22,0,905.0
10110026RAMOSM_2025-11-28_G09,10110026RAMOSM,2025-11-28,122673,1,20,0,713.0
10110026RAMOSM_2025-11-28_G10,10110026RAMOSM,2025-11-28,123822,1,10,0,938.0
10110026RAMOSM_2025-11-28_G11,10110026RAMOSM,2025-11-28,122647,1,4,0,127.0
10110026RAMOSM_2025-11-28_G12,10110026RAMOSM,2025-11-28,122647,1,4,0,168.0
10110026RAMOSM_2025-11-29_G02,10110026RAMOSM,2025-11-29,123345,1,4,0,318.0
10110026RAMOSM_2025-11-29_G03,10110026RAMOSM,2025-11-29,124248,1,25,0,631.0
10110026RAMOSM_2025-11-29_G04,10110026RAMOSM,2025-11-29,120339,1,8,0,257.0
10110026RAMOSM_2025-11-29_G05,10110026RAMOSM,2025-11-29,122962,1,8,0,331.0
10110026RAMOSM_2025-11-29_G06,10110026RAMOSM,2025-11-29,124486,1,4,0,235.0
10110026RAMOSM_2025-11-29_G07,10110026RAMOSM,2025-11-29,122647,1,12,0,319.0
10110026RAMOSM_2025-11-29_G08,10110026RAMOSM,2025-11-29,122962,1,20,0,525.0
10110026RAMOSM_2025-11-29_G09,10110026RAMOSM,2025-11-29,124248,1,2,0,284.0
10110026RAMOSM_2025-11-29_G10,10110026RAMOSM,2025-11-29,124624,1,4,0,299.0
10110026RAMOSM_2025-11-29_G11,10110026RAMOSM,2025-11-29,123822,1,18,0,818.0
10110026RAMOSM_2025-11-29_G12,10110026RAMOSM,2025-11-29,123343,1,100,0,1161.0
10110026RAMOSM_2025-11-29_G13,10110026RAMOSM,2025-11-29,124486,1,5,0,250.0
10110026RAMOSM_2025-11-29_G14,10110026RAMOSM,2025-11-29,124370,1,10,0,856.0
10110026RAMOSM_2025-11-29_G15,10110026RAMOSM,2025-11-29,123343,1,5,0,262.0
10110026RAMOSM_2025-11-29_G16,10110026RAMOSM,2025-11-29,123343,1,4,0,168.0
10110026RAMOSM_2025-11-29_G17,10110026RAMOSM,2025-11-29,121651,1,4,0,1270.0
10110026RAMOSM_2025-11-29_G18,10110026RAMOSM,2025-11-29,121760,1,50,0,2283.0
10110026RAMOSM_2025-12-05_G02,10110026RAMOSM,2025-12-05,122984,1,64,0,1748.0
10110026RAMOSM_2025-12-05_G03,10110026RAMOSM,2025-12-05,124248,1,16,0,522.0
10110026RAMOSM_2025-12-05_G04,10110026RAMOSM,2025-12-05,122986,1,4,0,291.0
10110026RAMOSM_2025-12-05_G05,10110026RAMOSM,2025-12-05,181887,1,4,0,269.0
10110026RAMOSM_2025-12-05_G06,10110026RAMOSM,2025-12-05,124247,1,10,0,481.0
10110026RAMOSM_2025-12-05_G07,10110026RAMOSM,2025-12-05,124248,1,10,0,282.0
10110026RAMOSM_2025-12-05_G08,10110026RAMOSM,2025-12-05,122962,1,24,0,1456.0
10110026RAMOSM_2025-12-05_G09,10110026RAMOSM,2025-12-05,122962,1,12,0,426.0
10110026RAMOSM_2025-12-05_G10,10110026RAMOSM,2025-12-05,120028,1,40,0,1853.0
10110026RAMOSM_2025-12-05_G11,10110026RAMOSM,2025-12-05,122984,1,12,0,576.0
10110026RAMOSM_2025-12-05_G12,10110026RAMOSM,2025-12-05,122981,1,8,0,616.0
10110026RAMOSM_2025-12-05_G13,10110026RAMOSM,2025-12-05,122962,1,50,0,1209.0
10110026RAMOSM_2025-12-05_G14,10110026RAMOSM,2025-12-05,122962,1,16,0,459.0
10110026RAMOSM_2025-12-05_G15,10110026RAMOSM,2025-12-05,120028,1,16,0,594.0
10110026RAMOSM_2025-12-05_G16,10110026RAMOSM,2025-12-05,124486,1,12,0,619.0
10110026RAMOSM_2025-12-05_G17,10110026RAMOSM,2025-12-05,122984,1,8,0,243.0
10110026RAMOSM_2025-12-05_G18,10110026RAMOSM,2025-12-05,122984,1,12,0,404.0
10110026RAMOSM_2025-12-05_G19,10110026RAMOSM,2025-12-05,124548,1,32,0,987.0
10110026RAMOSM_2025-12-05_G20,10110026RAMOSM,2025-12-05,124548,1,40,0,1195.0
10110026RAMOSM_2025-12-05_G21,10110026RAMOSM,2025-12-05,120389,1,8,0,255.0
10110026RAMOSM_2025-12-05_G22,10110026RAMOSM,2025-12-05,122673,1,10,0,246.0
10110026RAMOSM_2025-12-05_G24,10110026RAMOSM,2025-12-05,123947,1,50,0,1911.0
10110026RAMOSM_2025-12-05_G25,10110026RAMOSM,2025-12-05,123153,1,60,0,860.0
10110026RAMOSM_2025-12-05_G26,10110026RAMOSM,2025-12-05,122962,1,80,0,1093.0
10110026RAMOSM_2025-12-05_G27,10110026RAMOSM,2025-12-05,124476,1,15,0,380.0
10110026RAMOSM_2025-12-06_G02,10110026RAMOSM,2025-12-06,122185,1,54,0,1250.0
10110026RAMOSM_2025-12-06_G03,10110026RAMOSM,2025-12-06,122962,1,52,0,1296.0
10110026RAMOSM_2025-12-06_G04,10110026RAMOSM,2025-12-06,122984,1,50,0,1465.0
10110026RAMOSM_2025-12-06_G05,10110026RAMOSM,2025-12-06,124248,1,11,0,504.0
10110026RAMOSM_2025-12-06_G06,10110026RAMOSM,2025-12-06,122983,1,16,0,353.0
10110026RAMOSM_2025-12-06_G07,10110026RAMOSM,2025-12-06,122703,1,9,0,217.0
10110026RAMOSM_2025-12-06_G08,10110026RAMOSM,2025-12-06,124370,1,32,0,1353.0
10110026RAMOSM_2025-12-06_G09,10110026RAMOSM,2025-12-06,123561,1,12,0,478.0
10110026RAMOSM_2025-12-06_G10,10110026RAMOSM,2025-12-06,123343,1,10,0,1004.0
10110026RAMOSM_2025-12-06_G11,10110026RAMOSM,2025-12-06,123345,1,6,0,412.0
10110026RAMOSM_2025-12-06_G12,10110026RAMOSM,2025-12-06,122647,1,76,0,1767.0
10110026RAMOSM_2025-12-06_G13,10110026RAMOSM,2025-12-06,122673,1,30,0,915.0
10110026RAMOSM_2025-12-06_G14,10110026RAMOSM,2025-12-06,122962,1,16,0,625.0
10110026RAMOSM_2025-12-06_G15,10110026RAMOSM,2025-12-06,181887,1,10,0,1514.0
10110026RAMOSM_2025-12-06_G16,10110026RAMOSM,2025-12-06,122984,1,4,0,213.0
10110026RAMOSM_2025-12-06_G17,10110026RAMOSM,2025-12-06,122984,1,4,0,154.0
10110026RAMOSM_2025-12-06_G18,10110026RAMOSM,2025-12-06,123562,1,2,0,92.0
10110026RAMOSM_2025-12-06_G19,10110026RAMOSM,2025-12-06,121651,1,2,0,279.0
10110026RAMOSM_2025-12-06_G20,10110026RAMOSM,2025-12-06,121760,1,26,0,752.0
10110026RAMOSM_2025-12-08_G02,10110026RAMOSM,2025-12-08,123345,1,1,0,937.0
10110026RAMOSM_2025-12-08_G03,10110026RAMOSM,2025-12-08,121651,1,22,0,1167.0
10110026RAMOSM_2025-12-08_G04,10110026RAMOSM,2025-12-08,121760,1,4,0,280.0
10110026RAMOSM_2025-12-08_G05,10110026RAMOSM,2025-12-08,124624,1,6,0,376.0
10110026RAMOSM_2025-12-08_G06,10110026RAMOSM,2025-12-08,124624,1,6,0,380.0
10110026RAMOSM_2025-12-09_G02,10110026RAMOSM,2025-12-09,124247,1,8,0,426.0
10110026RAMOSM_2025-12-09_G03,10110026RAMOSM,2025-12-09,123909,1,4,0,186.0
10110026RAMOSM_2025-12-09_G04,10110026RAMOSM,2025-12-09,123561,1,16,0,429.0
10110026RAMOSM_2025-12-09_G05,10110026RAMOSM,2025-12-09,124624,1,10,0,384.0
10110026RAMOSM_2025-12-09_G06,10110026RAMOSM,2025-12-09,123313,1,2,0,357.0
10110026RAMOSM_2025-12-09_G07,10110026RAMOSM,2025-12-09,123345,1,30,0,1230.0
10110026RAMOSM_2025-12-09_G08,10110026RAMOSM,2025-12-09,181887,1,20,0,1312.0
10110026RAMOSM_2025-12-09_G09,10110026RAMOSM,2025-12-09,123343,1,8,0,2608.0
10110026RAMOSM_2025-12-09_G10,10110026RAMOSM,2025-12-09,123822,1,10,0,554.0
10110026RAMOSM_2025-12-09_G11,10110026RAMOSM,2025-12-09,122673,1,9,0,333.0
10110026RAMOSM_2025-12-09_G12,10110026RAMOSM,2025-12-09,123345,1,1,0,456.0
10110026RAMOSM_2025-12-09_G13,10110026RAMOSM,2025-12-09,122673,1,8,0,292.0
10110026RAMOSM_2025-12-09_G14,10110026RAMOSM,2025-12-09,124247,1,4,0,258.0
10110026RAMOSM_2025-12-09_G15,10110026RAMOSM,2025-12-09,123345,1,8,0,684.0
10110026RAMOSM_2025-12-09_G16,10110026RAMOSM,2025-12-09,123520,1,12,0,737.0
10110026RAMOSM_2025-12-09_G17,10110026RAMOSM,2025-12-09,120271,1,1,0,151.0
10110026RAMOSM_2025-12-09_G18,10110026RAMOSM,2025-12-09,122962,1,28,0,549.0
10110026RAMOSM_2025-12-10_G02,10110026RAMOSM,2025-12-10,124248,1,30,0,972.0
10110026RAMOSM_2025-12-10_G03,10110026RAMOSM,2025-12-10,123822,1,50,0,1831.0
10110026RAMOSM_2025-12-10_G04,10110026RAMOSM,2025-12-10,123344,1,3,0,1798.0
10110026RAMOSM_2025-12-10_G05,10110026RAMOSM,2025-12-10,123343,1,4,0,915.0
10110026RAMOSM_2025-12-10_G06,10110026RAMOSM,2025-12-10,120389,1,4,0,301.0
10110026RAMOSM_2025-12-10_G07,10110026RAMOSM,2025-12-10,123345,1,4,0,282.0
10110026RAMOSM_2025-12-10_G08,10110026RAMOSM,2025-12-10,122983,1,4,0,304.0
10110026RAMOSM_2025-12-10_G09,10110026RAMOSM,2025-12-10,121760,1,4,0,304.0
10110026RAMOSM_2025-12-10_G10,10110026RAMOSM,2025-12-10,123345,1,2,0,187.0
10110026RAMOSM_2025-12-10_G11,10110026RAMOSM,2025-12-10,122647,1,8,0,204.0
10110026RAMOSM_2025-12-10_G12,10110026RAMOSM,2025-12-10,123345,1,14,0,406.0
10110026RAMOSM_2025-12-10_G13,10110026RAMOSM,2025-12-10,123153,1,8,0,319.0
10110026RAMOSM_2025-12-11_G02,10110026RAMOSM,2025-12-11,123345,1,28,0,1181.0
10110026RAMOSM_2025-12-11_G03,10110026RAMOSM,2025-12-11,123313,1,5,0,337.0
10110026RAMOSM_2025-12-11_G05,10110026RAMOSM,2025-12-11,124477,1,6,0,811.0
10110026RAMOSM_2025-12-11_G06,10110026RAMOSM,2025-12-11,124475,1,16,0,1666.0
10110026RAMOSM_2025-12-11_G07,10110026RAMOSM,2025-12-11,124371,1,4,0,348.0
10110026RAMOSM_2025-12-11_G08,10110026RAMOSM,2025-12-11,124370,1,22,0,637.0
10110026RAMOSM_2025-12-12_G02,10110026RAMOSM,2025-12-12,121651,1,7,0,270.0
10110026RAMOSM_2025-12-12_G03,10110026RAMOSM,2025-12-12,123345,1,8,0,225.0
10110026RAMOSM_2025-12-12_G04,10110026RAMOSM,2025-12-12,120271,1,1,0,198.0
10110026RAMOSM_2025-12-12_G05,10110026RAMOSM,2025-12-12,123153,1,12,0,599.0
10110026RAMOSM_2025-12-12_G06,10110026RAMOSM,2025-12-12,123822,1,5,0,440.0
10110026RAMOSM_2025-12-12_G07,10110026RAMOSM,2025-12-12,123822,1,15,0,384.0
10110026RAMOSM_2025-12-12_G08,10110026RAMOSM,2025-12-12,122671,1,10,0,1238.0
10110026RAMOSM_2025-12-12_G09,10110026RAMOSM,2025-12-12,122673,1,10,0,711.0
10110026RAMOSM_2025-12-12_G10,10110026RAMOSM,2025-12-12,120028,1,10,0,425.0
10110026RAMOSM_2025-12-12_G11,10110026RAMOSM,2025-12-12,180169,1,2,0,947.0
10110026RAMOSM_2025-12-12_G12,10110026RAMOSM,2025-12-12,122983,1,4,0,534.0
10110026RAMOSM_2025-12-12_G13,10110026RAMOSM,2025-12-12,122647,1,32,0,912.0
10110026RAMOSM_2025-12-12_G14,10110026RAMOSM,2025-12-12,122671,1,3,0,191.0
10110026RAMOSM_2025-12-12_G15,10110026RAMOSM,2025-12-12,123345,1,4,0,359.0
10110026RAMOSM_2025-12-12_G16,10110026RAMOSM,2025-12-12,124486,1,12,0,467.0
10110026RAMOSM_2025-12-12_G17,10110026RAMOSM,2025-12-12,122647,1,8,0,412.0
10110026RAMOSM_2025-12-12_G18,10110026RAMOSM,2025-12-12,122647,1,8,0,268.0
10110026RAMOSM_2025-12-12_G19,10110026RAMOSM,2025-12-12,122962,1,12,0,250.0
10110026RAMOSM_2025-12-12_G20,10110026RAMOSM,2025-12-12,124486,1,20,0,410.0
10110026RAMOSM_2025-12-12_G21,10110026RAMOSM,2025-12-12,124624,1,6,0,427.0
10110026RAMOSM_2025-12-12_G22,10110026RAMOSM,2025-12-12,124247,1,1,0,250.0
10110026RAMOSM_2025-12-12_G23,10110026RAMOSM,2025-12-12,124247,1,3,0,275.0
10110026RAMOSM_2025-12-12_G24,10110026RAMOSM,2025-12-12,180091,1,2,0,553.0
10110026RAMOSM_2025-12-12_G25,10110026RAMOSM,2025-12-12,122962,1,8,0,202.0
10110026RAMOSM_2025-12-12_G26,10110026RAMOSM,2025-12-12,122671,1,8,0,142.0
10110026RAMOSM_2025-12-12_G27,10110026RAMOSM,2025-12-12,122962,1,80,0,1039.0
10110026RAMOSM_2025-12-12_G28,10110026RAMOSM,2025-12-12,124247,1,2,0,193.0
10110026RAMOSM_2025-12-12_G30,10110026RAMOSM,2025-12-12,122647,1,200,0,983.0
10110026RAMOSM_2025-12-13_G02,10110026RAMOSM,2025-12-13,122988,1,40,0,721.0
10110026RAMOSM_2025-12-13_G03,10110026RAMOSM,2025-12-13,123822,1,4,0,283.0
10110026RAMOSM_2025-12-13_G04,10110026RAMOSM,2025-12-13,123343,1,2,0,449.0
10110026RAMOSM_2025-12-13_G05,10110026RAMOSM,2025-12-13,123345,1,8,0,182.0
10110026RAMOSM_2025-12-13_G06,10110026RAMOSM,2025-12-13,123313,1,3,0,85.0
10110026RAMOSM_2025-12-13_G07,10110026RAMOSM,2025-12-13,121760,1,17,0,730.0
10110026RAMOSM_2025-12-13_G08,10110026RAMOSM,2025-12-13,123313,1,11,0,396.0
10110026RAMOSM_2025-12-13_G09,10110026RAMOSM,2025-12-13,121760,1,41,0,3152.0
10110026RAMOSM_2025-12-13_G10,10110026RAMOSM,2025-12-13,124594,1,9,0,3133.0
10110026RAMOSM_2025-12-13_G11,10110026RAMOSM,2025-12-13,124475,1,20,0,782.0
10110026RAMOSM_2025-12-13_G12,10110026RAMOSM,2025-12-13,123080,1,15,0,847.0
10110026RAMOSM_2025-12-13_G13,10110026RAMOSM,2025-12-13,122647,1,2,0,2493.0
10110026RAMOSM_2025-12-13_G14,10110026RAMOSM,2025-12-13,124594,1,2,0,321.0
10110026RAMOSM_2025-12-13_G15,10110026RAMOSM,2025-12-13,120272,1,2,0,127.0
10110026RAMOSM_2025-12-13_G16,10110026RAMOSM,2025-12-13,122185,1,10,0,222.0
10110026RAMOSM_2025-12-13_G17,10110026RAMOSM,2025-12-13,124475,1,4,0,249.0
10110026RAMOSM_2025-12-13_G18,10110026RAMOSM,2025-12-13,122962,1,24,0,914.0
10110026RAMOSM_2025-12-13_G19,10110026RAMOSM,2025-12-13,124248,1,5,0,215.0
10110026RAMOSM_2025-12-13_G20,10110026RAMOSM,2025-12-13,124247,1,5,0,208.0
10110026RAMOSM_2025-12-13_G22,10110026RAMOSM,2025-12-13,121651,1,100,0,3268.0
10110026RAMOSM_2025-12-13_G23,10110026RAMOSM,2025-12-13,123822,1,44,0,1936.0
10110026RAMOSM_2025-12-15_G02,10110026RAMOSM,2025-12-15,122647,1,20,0,671.0
10110026RAMOSM_2025-12-15_G03,10110026RAMOSM,2025-12-15,122962,1,50,0,1238.0
10110026RAMOSM_2025-12-15_G04,10110026RAMOSM,2025-12-15,122962,1,50,0,579.0
10110026RAMOSM_2025-12-15_G05,10110026RAMOSM,2025-12-15,122981,1,8,0,301.0
10110026RAMOSM_2025-12-15_G06,10110026RAMOSM,2025-12-15,122984,1,16,0,302.0
10110026RAMOSM_2025-12-15_G07,10110026RAMOSM,2025-12-15,124248,1,25,0,429.0
10110026RAMOSM_2025-12-15_G08,10110026RAMOSM,2025-12-15,124248,1,10,0,297.0
10110026RAMOSM_2025-12-15_G09,10110026RAMOSM,2025-12-15,124475,1,12,0,343.0
10110026RAMOSM_2025-12-15_G10,10110026RAMOSM,2025-12-15,124624,1,6,0,1469.0
10110026RAMOSM_2025-12-15_G11,10110026RAMOSM,2025-12-15,120271,1,10,0,332.0
10110026RAMOSM_2025-12-15_G12,10110026RAMOSM,2025-12-15,122673,1,5,0,1390.0
10110026RAMOSM_2025-12-15_G13,10110026RAMOSM,2025-12-15,124475,1,4,0,548.0
10110026RAMOSM_2025-12-15_G14,10110026RAMOSM,2025-12-15,121760,1,12,0,528.0
10110026RAMOSM_2025-12-15_G15,10110026RAMOSM,2025-12-15,124370,1,6,0,304.0
10110026RAMOSM_2025-12-15_G16,10110026RAMOSM,2025-12-15,123344,1,2,0,387.0
10110026RAMOSM_2025-12-15_G17,10110026RAMOSM,2025-12-15,123344,1,1,0,265.0
10110026RAMOSM_2025-12-15_G18,10110026RAMOSM,2025-12-15,123343,1,2,0,327.0
10110026RAMOSM_2025-12-15_G20,10110026RAMOSM,2025-12-15,123345,1,18,0,359.0
10110026RAMOSM_2025-12-15_G21,10110026RAMOSM,2025-12-15,123345,1,6,0,396.0
10110026RAMOSM_2025-12-15_G22,10110026RAMOSM,2025-12-15,123080,1,28,0,803.0
10110026RAMOSM_2025-12-16_G02,10110026RAMOSM,2025-12-16,123492,1,2,0,767.0
10110026RAMOSM_2025-12-16_G03,10110026RAMOSM,2025-12-16,124476,1,3,0,246.0
10110026RAMOSM_2025-12-16_G04,10110026RAMOSM,2025-12-16,121651,1,10,0,283.0
10110026RAMOSM_2025-12-16_G05,10110026RAMOSM,2025-12-16,122962,1,20,0,508.0
10110026RAMOSM_2025-12-16_G06,10110026RAMOSM,2025-12-16,122703,1,30,0,857.0
10110026RAMOSM_2025-12-16_G07,10110026RAMOSM,2025-12-16,124371,1,10,0,392.0
10110026RAMOSM_2025-12-16_G08,10110026RAMOSM,2025-12-16,121760,1,20,0,695.0
10110026RAMOSM_2025-12-16_G09,10110026RAMOSM,2025-12-16,124486,1,20,0,429.0
10110026RAMOSM_2025-12-16_G10,10110026RAMOSM,2025-12-16,123343,1,2,0,413.0
10110026RAMOSM_2025-12-16_G11,10110026RAMOSM,2025-12-16,123343,1,20,0,829.0
10110026RAMOSM_2025-12-16_G12,10110026RAMOSM,2025-12-16,123345,1,20,0,434.0
10110026RAMOSM_2025-12-16_G13,10110026RAMOSM,2025-12-16,124370,1,8,0,883.0
10110026RAMOSM_2025-12-16_G14,10110026RAMOSM,2025-12-16,124476,1,12,0,529.0
10110026RAMOSM_2025-12-16_G15,10110026RAMOSM,2025-12-16,124248,1,5,0,275.0
10110026RAMOSM_2025-12-16_G16,10110026RAMOSM,2025-12-16,120389,1,2,0,656.0
10110026RAMOSM_2025-12-16_G17,10110026RAMOSM,2025-12-16,123909,1,15,0,392.0
10110026RAMOSM_2025-12-16_G18,10110026RAMOSM,2025-12-16,123345,1,4,0,237.0
10110026RAMOSM_2025-12-16_G19,10110026RAMOSM,2025-12-16,122984,1,4,0,337.0
10110026RAMOSM_2025-12-16_G20,10110026RAMOSM,2025-12-16,121760,1,10,0,551.0
10110026RAMOSM_2025-12-16_G21,10110026RAMOSM,2025-12-16,124486,1,4,0,331.0
10110026RAMOSM_2025-12-16_G23,10110026RAMOSM,2025-12-16,122962,1,4,0,786.0
10110026RAMOSM_2025-12-16_G24,10110026RAMOSM,2025-12-16,124486,1,28,0,558.0
10110026RAMOSM_2025-12-16_G25,10110026RAMOSM,2025-12-16,122647,1,8,0,454.0
10110026RAMOSM_2025-12-16_G26,10110026RAMOSM,2025-12-16,122703,1,8,0,337.0
10110026RAMOSM_2025-12-16_G27,10110026RAMOSM,2025-12-16,124486,1,20,0,2499.0
10110026RAMOSM_2025-12-17_G03,10110026RAMOSM,2025-12-17,123344,1,10,0,2558.0
10110026RAMOSM_2025-12-17_G04,10110026RAMOSM,2025-12-17,123081,1,4,0,245.0
10110026RAMOSM_2025-12-17_G05,10110026RAMOSM,2025-12-17,123345,1,7,0,494.0
10110026RAMOSM_2025-12-17_G06,10110026RAMOSM,2025-12-17,124476,1,2,0,238.0
10110026RAMOSM_2025-12-17_G07,10110026RAMOSM,2025-12-17,121651,1,5,0,240.0
10110026RAMOSM_2025-12-17_G08,10110026RAMOSM,2025-12-17,121651,1,2,0,175.0
10110026RAMOSM_2025-12-17_G09,10110026RAMOSM,2025-12-17,122703,1,4,0,167.0
10110026RAMOSM_2025-12-17_G10,10110026RAMOSM,2025-12-17,121760,1,15,0,430.0
10110026RAMOSM_2025-12-17_G11,10110026RAMOSM,2025-12-17,124486,1,5,0,336.0
10110026RAMOSM_2025-12-17_G12,10110026RAMOSM,2025-12-17,123345,1,19,0,905.0
10110026RAMOSM_2025-12-17_G13,10110026RAMOSM,2025-12-17,124486,1,4,0,242.0
10110026RAMOSM_2025-12-17_G14,10110026RAMOSM,2025-12-17,123909,1,6,0,301.0
10110026RAMOSM_2025-12-17_G15,10110026RAMOSM,2025-12-17,123345,1,11,0,767.0
10110026RAMOSM_2025-12-17_G16,10110026RAMOSM,2025-12-17,123889,1,6,0,272.0
10110026RAMOSM_2025-12-17_G18,10110026RAMOSM,2025-12-17,123889,1,8,0,596.0
10110026RAMOSM_2025-12-17_G19,10110026RAMOSM,2025-12-17,122673,1,12,0,579.0
10110026RAMOSM_2025-12-17_G20,10110026RAMOSM,2025-12-17,120287,1,2,0,233.0
10110026RAMOSM_2025-12-17_G21,10110026RAMOSM,2025-12-17,122962,1,4,0,288.0
10110026RAMOSM_2025-12-17_G22,10110026RAMOSM,2025-12-17,122647,1,6,0,393.0
10110026RAMOSM_2025-12-17_G23,10110026RAMOSM,2025-12-17,124247,1,10,0,486.0
10110026RAMOSM_2025-12-17_G24,10110026RAMOSM,2025-12-17,122647,1,8,0,450.0
10110026RAMOSM_2025-12-17_G25,10110026RAMOSM,2025-12-17,123889,1,4,0,191.0
10110026RAMOSM_2025-12-17_G26,10110026RAMOSM,2025-12-17,122673,1,10,0,196.0
10110026RAMOSM_2025-12-17_G27,10110026RAMOSM,2025-12-17,120028,1,16,0,774.0
10110026RAMOSM_2025-12-17_G28,10110026RAMOSM,2025-12-17,123344,1,4,0,256.0
10110026RAMOSM_2025-12-17_G29,10110026RAMOSM,2025-12-17,124477,1,1,0,171.0
10110026RAMOSM_2025-12-17_G30,10110026RAMOSM,2025-12-17,122962,1,4,0,190.0
10110026RAMOSM_2025-12-17_G31,10110026RAMOSM,2025-12-17,122647,1,18,0,645.0
10110026RAMOSM_2025-12-17_G32,10110026RAMOSM,2025-12-17,122673,1,12,0,356.0
10110026RAMOSM_2025-12-17_G33,10110026RAMOSM,2025-12-17,122647,1,10,0,108.0
10110026RAMOSM_2025-12-17_G34,10110026RAMOSM,2025-12-17,123889,1,6,0,377.0
10110026RAMOSM_2025-12-17_G35,10110026RAMOSM,2025-12-17,122673,1,10,0,124.0
10110026RAMOSM_2025-12-17_G36,10110026RAMOSM,2025-12-17,"124624, 122673",2,14,20,178.0
10110026RAMOSM_2025-12-18_G02,10110026RAMOSM,2025-12-18,124248,1,22,0,1030.0
10110026RAMOSM_2025-12-18_G03,10110026RAMOSM,2025-12-18,122984,1,22,0,1216.0
10110026RAMOSM_2025-12-18_G04,10110026RAMOSM,2025-12-18,122984,1,22,0,780.0
10110026RAMOSM_2025-12-18_G05,10110026RAMOSM,2025-12-18,181887,1,4,0,311.0
10110026RAMOSM_2025-12-18_G06,10110026RAMOSM,2025-12-18,123889,1,20,0,934.0
10110026RAMOSM_2025-12-18_G07,10110026RAMOSM,2025-12-18,120389,1,20,0,634.0
10110026RAMOSM_2025-12-18_G08,10110026RAMOSM,2025-12-18,120028,1,4,0,224.0
10110026RAMOSM_2025-12-18_G09,10110026RAMOSM,2025-12-18,121760,1,3,0,239.0
10110026RAMOSM_2025-12-18_G10,10110026RAMOSM,2025-12-18,123909,1,6,0,1385.0
10110026RAMOSM_2025-12-18_G11,10110026RAMOSM,2025-12-18,124370,1,4,0,286.0
10110026RAMOSM_2025-12-18_G12,10110026RAMOSM,2025-12-18,124486,1,2,0,133.0
10110026RAMOSM_2025-12-18_G13,10110026RAMOSM,2025-12-18,121760,1,2,0,159.0
10110026RAMOSM_2025-12-18_G14,10110026RAMOSM,2025-12-18,123344,1,4,0,199.0
10110026RAMOSM_2025-12-18_G15,10110026RAMOSM,2025-12-18,124475,1,2,0,122.0
10110026RAMOSM_2025-12-18_G16,10110026RAMOSM,2025-12-18,123344,1,2,0,265.0
10110026RAMOSM_2025-12-18_G17,10110026RAMOSM,2025-12-18,124370,1,2,0,175.0
10110026RAMOSM_2025-12-18_G18,10110026RAMOSM,2025-12-18,121651,1,6,0,184.0
10110026RAMOSM_2025-12-18_G19,10110026RAMOSM,2025-12-18,122962,1,6,0,364.0
10110026RAMOSM_2025-12-18_G20,10110026RAMOSM,2025-12-18,123344,1,2,0,222.0
10110026RAMOSM_2025-12-18_G21,10110026RAMOSM,2025-12-18,124475,1,2,0,146.0
10110026RAMOSM_2025-12-18_G22,10110026RAMOSM,2025-12-18,123909,1,2,0,105.0
10110026RAMOSM_2025-12-18_G23,10110026RAMOSM,2025-12-18,124371,1,6,0,221.0
10110026RAMOSM_2025-12-18_G24,10110026RAMOSM,2025-12-18,121760,1,2,0,153.0
10110026RAMOSM_2025-12-18_G25,10110026RAMOSM,2025-12-18,123344,1,2,0,229.0
10110026RAMOSM_2025-12-18_G26,10110026RAMOSM,2025-12-18,124371,1,1,0,165.0
10110026RAMOSM_2025-12-18_G27,10110026RAMOSM,2025-12-18,121760,1,4,0,342.0
10110026RAMOSM_2025-12-18_G28,10110026RAMOSM,2025-12-18,121651,1,2,0,248.0
10110026RAMOSM_2025-12-18_G29,10110026RAMOSM,2025-12-18,121760,1,2,0,162.0
10110026RAMOSM_2025-12-18_G30,10110026RAMOSM,2025-12-18,124486,1,2,0,181.0
10110026RAMOSM_2025-12-18_G31,10110026RAMOSM,2025-12-18,123909,1,4,0,168.0
10110026RAMOSM_2025-12-18_G32,10110026RAMOSM,2025-12-18,122647,1,22,0,954.0
10110026RAMOSM_2025-12-18_G33,10110026RAMOSM,2025-12-18,123909,1,43,0,1256.0
10110026RAMOSM_2025-12-18_G35,10110026RAMOSM,2025-12-18,124248,1,2,0,342.0
10110026RAMOSM_2025-12-18_G36,10110026RAMOSM,2025-12-18,124486,1,4,0,258.0
10110026RAMOSM_2025-12-18_G37,10110026RAMOSM,2025-12-18,122962,1,16,0,384.0
10110026RAMOSM_2025-12-18_G38,10110026RAMOSM,2025-12-18,120028,1,10,0,223.0
10110026RAMOSM_2025-12-18_G39,10110026RAMOSM,2025-12-18,120389,1,6,0,979.0
10110026RAMOSM_2025-12-18_G40,10110026RAMOSM,2025-12-18,120339,1,4,0,347.0
10110026RAMOSM_2025-12-18_G41,10110026RAMOSM,2025-12-18,120028,1,16,0,473.0
10110026RAMOSM_2025-12-18_G42,10110026RAMOSM,2025-12-18,124486,1,10,0,222.0
10110026RAMOSM_2025-12-18_G43,10110026RAMOSM,2025-12-18,123345,1,4,0,1037.0
10110026RAMOSM_2025-12-18_G44,10110026RAMOSM,2025-12-18,122962,1,6,0,244.0
10110026RAMOSM_2025-12-18_G45,10110026RAMOSM,2025-12-18,122962,1,40,0,705.0
10110026RAMOSM_2025-12-18_G46,10110026RAMOSM,2025-12-18,124486,1,17,0,553.0
10110026RAMOSM_2025-12-18_G47,10110026RAMOSM,2025-12-18,124486,1,2,0,213.0
10110026RAMOSM_2025-12-18_G48,10110026RAMOSM,2025-12-18,124586,1,6,0,328.0
10110026RAMOSM_2025-12-18_G49,10110026RAMOSM,2025-12-18,122984,1,8,0,215.0
10110026RAMOSM_2025-12-22_G02,10110026RAMOSM,2025-12-22,121760,1,4,0,313.0
10110026RAMOSM_2025-12-22_G03,10110026RAMOSM,2025-12-22,122673,1,1,0,201.0
10110026RAMOSM_2025-12-22_G04,10110026RAMOSM,2025-12-22,123345,1,4,0,307.0
10110026RAMOSM_2025-12-22_G05,10110026RAMOSM,2025-12-22,123343,1,17,0,1566.0
10110026RAMOSM_2025-12-22_G06,10110026RAMOSM,2025-12-22,123345,1,4,0,442.0
10110026RAMOSM_2025-12-22_G07,10110026RAMOSM,2025-12-22,122962,1,8,0,373.0
10110026RAMOSM_2025-12-22_G08,10110026RAMOSM,2025-12-22,120028,1,10,0,511.0
10110026RAMOSM_2025-12-22_G09,10110026RAMOSM,2025-12-22,124371,1,10,0,1280.0
10110026RAMOSM_2025-12-22_G10,10110026RAMOSM,2025-12-22,124370,1,10,0,288.0
10110026RAMOSM_2025-12-22_G11,10110026RAMOSM,2025-12-22,122983,1,6,0,243.0
10110026RAMOSM_2025-12-22_G12,10110026RAMOSM,2025-12-22,122962,1,16,0,258.0
10110026RAMOSM_2025-12-22_G13,10110026RAMOSM,2025-12-22,121651,1,10,0,434.0
10110026RAMOSM_2025-12-22_G14,10110026RAMOSM,2025-12-22,124486,1,24,0,790.0
10110026RAMOSM_2025-12-22_G15,10110026RAMOSM,2025-12-22,180090,1,1,0,373.0
10110026RAMOSM_2025-12-22_G16,10110026RAMOSM,2025-12-22,121651,1,10,0,348.0
10110026RAMOSM_2025-12-22_G17,10110026RAMOSM,2025-12-22,121760,1,10,0,627.0
10110026RAMOSM_2025-12-22_G18,10110026RAMOSM,2025-12-22,180090,1,1,0,196.0
10110026RAMOSM_2025-12-22_G19,10110026RAMOSM,2025-12-22,181235,1,2,0,408.0
10110026RAMOSM_2025-12-22_G20,10110026RAMOSM,2025-12-22,124371,1,3,0,322.0
10110026RAMOSM_2025-12-22_G21,10110026RAMOSM,2025-12-22,124370,1,6,0,126.0
10110026RAMOSM_2025-12-22_G22,10110026RAMOSM,2025-12-22,122984,1,8,0,183.0
10110026RAMOSM_2025-12-22_G23,10110026RAMOSM,2025-12-22,121760,1,10,0,405.0
10110026RAMOSM_2025-12-22_G24,10110026RAMOSM,2025-12-22,122647,1,4,0,499.0
10110026RAMOSM_2025-12-22_G25,10110026RAMOSM,2025-12-22,122962,1,8,0,153.0
10110026RAMOSM_2025-12-23_G02,10110026RAMOSM,2025-12-23,122673,1,6,0,166.0
10110026RAMOSM_2025-12-24_G02,10110026RAMOSM,2025-12-24,120008,1,10,0,2925.0
10110026RAMOSM_2025-12-24_G03,10110026RAMOSM,2025-12-24,123311,1,20,0,248.0
10110026RAMOSM_2025-12-24_G04,10110026RAMOSM,2025-12-24,122194,1,19,0,479.0
10110026RAMOSM_2025-12-24_G05,10110026RAMOSM,2025-12-24,122194,1,1,0,79.0
10110026RAMOSM_2025-12-24_G06,10110026RAMOSM,2025-12-24,123390,1,60,0,409.0
10110026RAMOSM_2025-12-26_G02,10110026RAMOSM,2025-12-26,122983,1,6,0,324.0
10110026RAMOSM_2025-12-26_G03,10110026RAMOSM,2025-12-26,122982,1,14,0,1220.0
10110026RAMOSM_2025-12-26_G04,10110026RAMOSM,2025-12-26,124247,1,1,0,279.0
10110026RAMOSM_2025-12-26_G05,10110026RAMOSM,2025-12-26,122988,1,11,0,265.0
10110026RAMOSM_2025-12-26_G06,10110026RAMOSM,2025-12-26,120028,1,30,0,715.0
10110026RAMOSM_2025-12-26_G08,10110026RAMOSM,2025-12-26,122982,1,24,0,1955.0
10110026RAMOSM_2025-12-26_G09,10110026RAMOSM,2025-12-26,122982,1,11,0,562.0
10110026RAMOSM_2025-12-26_G10,10110026RAMOSM,2025-12-26,123343,1,9,0,553.0
10110026RAMOSM_2025-12-26_G12,10110026RAMOSM,2025-12-26,124248,1,60,0,843.0
10110026RAMOSM_2025-12-26_G13,10110026RAMOSM,2025-12-26,122984,1,60,0,2579.0
10110026RAMOSM_2025-12-26_G14,10110026RAMOSM,2025-12-26,120028,1,20,0,962.0
10110026RAMOSM_2025-12-26_G15,10110026RAMOSM,2025-12-26,123822,1,20,0,321.0
10110026RAMOSM_2025-12-26_G16,10110026RAMOSM,2025-12-26,123822,1,25,0,735.0
10110026RAMOSM_2025-12-29_G02,10110026RAMOSM,2025-12-29,120028,1,24,0,346.0
10110026RAMOSM_2025-12-29_G04,10110026RAMOSM,2025-12-29,124624,1,10,0,1235.0
10110026RAMOSM_2025-12-29_G06,10110026RAMOSM,2025-12-29,122962,1,10,0,588.0
10110026RAMOSM_2025-12-29_G07,10110026RAMOSM,2025-12-29,124475,1,10,0,503.0
10110026RAMOSM_2025-12-29_G08,10110026RAMOSM,2025-12-29,123909,1,11,0,531.0
10110026RAMOSM_2025-12-29_G09,10110026RAMOSM,2025-12-29,121923,1,2,0,175.0
10110026RAMOSM_2025-12-29_G10,10110026RAMOSM,2025-12-29,124486,1,20,0,383.0
10110026RAMOSM_2025-12-29_G11,10110026RAMOSM,2025-12-29,123313,1,10,0,393.0
10110026RAMOSM_2025-12-29_G12,10110026RAMOSM,2025-12-29,122647,1,4,0,720.0
10110026RAMOSM_2025-12-29_G13,10110026RAMOSM,2025-12-29,122671,1,6,0,228.0
10110026RAMOSM_2025-12-29_G14,10110026RAMOSM,2025-12-29,124370,1,9,0,491.0
10110026RAMOSM_2025-12-29_G15,10110026RAMOSM,2025-12-29,123909,1,10,0,127.0
10110026RAMOSM_2025-12-29_G16,10110026RAMOSM,2025-12-29,122673,1,5,0,151.0
10110026RAMOSM_2025-12-29_G17,10110026RAMOSM,2025-12-29,123313,1,4,0,380.0
10110026RAMOSM_2025-12-29_G18,10110026RAMOSM,2025-12-29,124486,1,10,0,278.0
10110026RAMOSM_2025-12-29_G19,10110026RAMOSM,2025-12-29,124624,1,2,0,382.0
10110026RAMOSM_2025-12-29_G20,10110026RAMOSM,2025-12-29,124247,1,2,0,248.0
10110026RAMOSM_2025-12-29_G22,10110026RAMOSM,2025-12-29,122982,1,3,0,336.0
10110026RAMOSM_2025-12-29_G23,10110026RAMOSM,2025-12-29,120272,1,8,0,288.0
10110026RAMOSM_2025-12-29_G24,10110026RAMOSM,2025-12-29,123520,1,12,0,338.0
10110026RAMOSM_2025-12-29_G25,10110026RAMOSM,2025-12-29,120389,1,4,0,278.0
10110026RAMOSM_2025-12-29_G26,10110026RAMOSM,2025-12-29,123909,1,10,0,128.0
10110026RAMOSM_2025-12-29_G27,10110026RAMOSM,2025-12-29,122673,1,26,0,664.0
10110026RAMOSM_2025-12-29_G28,10110026RAMOSM,2025-12-29,123345,1,2,0,366.0
10110026RAMOSM_2025-12-29_G29,10110026RAMOSM,2025-12-29,122962,1,100,0,2211.0
10110026RAMOSM_2025-12-29_G30,10110026RAMOSM,2025-12-29,124486,1,10,0,523.0
10110026RAMOSM_2025-12-30_G02,10110026RAMOSM,2025-12-30,124486,1,39,0,1139.0
10110026RAMOSM_2025-12-30_G03,10110026RAMOSM,2025-12-30,124247,1,10,0,401.0
10110026RAMOSM_2025-12-30_G04,10110026RAMOSM,2025-12-30,122962,1,19,0,390.0
10110026RAMOSM_2025-12-30_G05,10110026RAMOSM,2025-12-30,122647,1,6,0,192.0
10110026RAMOSM_2025-12-30_G06,10110026RAMOSM,2025-12-30,120008,1,30,0,952.0
10110026RAMOSM_2025-12-30_G07,10110026RAMOSM,2025-12-30,122982,1,16,0,679.0
10110026RAMOSM_2025-12-30_G08,10110026RAMOSM,2025-12-30,122962,1,20,0,482.0
10110026RAMOSM_2025-12-30_G09,10110026RAMOSM,2025-12-30,124486,1,50,0,899.0
10110026RAMOSM_2026-01-07_G03,10110026RAMOSM,2026-01-07,120339,1,50,0,3073.0
10110026RAMOSM_2026-01-08_G02,10110026RAMOSM,2026-01-08,120389,1,40,0,1985.0
10110026RAMOSM_2026-01-08_G03,10110026RAMOSM,2026-01-08,122647,1,60,0,2056.0
10110026RAMOSM_2026-01-08_G04,10110026RAMOSM,2026-01-08,121304,1,6,0,1325.0
10110026RAMOSM_2026-01-08_G05,10110026RAMOSM,2026-01-08,122195,1,50,0,792.0
10110026RAMOSM_2026-01-08_G06,10110026RAMOSM,2026-01-08,123492,1,48,0,756.0
10110026RAMOSM_2026-01-08_G07,10110026RAMOSM,2026-01-08,122647,1,50,0,1730.0
10110026RAMOSM_2026-01-08_G08,10110026RAMOSM,2026-01-08,124548,1,21,0,789.0
10110026RAMOSM_2026-01-08_G09,10110026RAMOSM,2026-01-08,123822,1,8,0,1077.0
10110026RAMOSM_2026-01-08_G10,10110026RAMOSM,2026-01-08,123822,1,13,0,426.0
10110026RAMOSM_2026-01-08_G11,10110026RAMOSM,2026-01-08,123345,1,4,0,435.0
10110026RAMOSM_2026-01-08_G12,10110026RAMOSM,2026-01-08,122984,1,15,0,633.0
10110026RAMOSM_2026-01-09_G02,10110026RAMOSM,2026-01-09,120028,1,80,0,1690.0
10110026RAMOSM_2026-01-09_G03,10110026RAMOSM,2026-01-09,121651,1,10,0,568.0
10110026RAMOSM_2026-01-09_G04,10110026RAMOSM,2026-01-09,124486,1,32,0,1017.0
10110026RAMOSM_2026-01-09_G05,10110026RAMOSM,2026-01-09,123345,1,6,0,406.0
10110026RAMOSM_2026-01-09_G06,10110026RAMOSM,2026-01-09,123313,1,6,0,256.0
10110026RAMOSM_2026-01-09_G07,10110026RAMOSM,2026-01-09,124486,1,46,0,1895.0
10110026RAMOSM_2026-01-09_G08,10110026RAMOSM,2026-01-09,124486,1,65,0,1504.0
10110026RAMOSM_2026-01-09_G09,10110026RAMOSM,2026-01-09,122962,1,24,0,1102.0
10110026RAMOSM_2026-01-09_G10,10110026RAMOSM,2026-01-09,124486,1,16,0,907.0
10110026RAMOSM_2026-01-09_G11,10110026RAMOSM,2026-01-09,122962,1,12,0,648.0
10110026RAMOSM_2026-01-09_G12,10110026RAMOSM,2026-01-09,124486,1,12,0,370.0
10110026RAMOSM_2026-01-09_G13,10110026RAMOSM,2026-01-09,124486,1,100,0,1731.0
10110026RAMOSM_2026-01-09_G14,10110026RAMOSM,2026-01-09,123822,1,14,0,397.0
10110026RAMOSM_2026-01-09_G16,10110026RAMOSM,2026-01-09,122671,1,5,0,260.0
10110026RAMOSM_2026-01-09_G17,10110026RAMOSM,2026-01-09,124486,1,20,0,730.0
10110026RAMOSM_2026-01-09_G18,10110026RAMOSM,2026-01-09,121651,1,10,0,412.0
10110026RAMOSM_2026-01-09_G19,10110026RAMOSM,2026-01-09,122982,1,10,0,281.0
10110026RAMOSM_2026-01-09_G20,10110026RAMOSM,2026-01-09,120339,1,12,0,301.0
10110026RAMOSM_2026-01-09_G21,10110026RAMOSM,2026-01-09,124624,1,8,0,1224.0
10110026RAMOSM_2026-01-09_G22,10110026RAMOSM,2026-01-09,122962,1,2,0,352.0
10110026RAMOSM_2026-01-09_G23,10110026RAMOSM,2026-01-09,122962,1,50,0,677.0
10110026RAMOSM_2026-01-12_G02,10110026RAMOSM,2026-01-12,123344,1,2,0,272.0
10110026RAMOSM_2026-01-12_G03,10110026RAMOSM,2026-01-12,122962,1,8,0,339.0
10110026RAMOSM_2026-01-12_G04,10110026RAMOSM,2026-01-12,124475,1,2,0,193.0
10110026RAMOSM_2026-01-12_G05,10110026RAMOSM,2026-01-12,123345,1,3,0,381.0
10110026RAMOSM_2026-01-12_G06,10110026RAMOSM,2026-01-12,124486,1,16,0,560.0
10110026RAMOSM_2026-01-12_G07,10110026RAMOSM,2026-01-12,120389,1,15,0,433.0
10110026RAMOSM_2026-01-12_G08,10110026RAMOSM,2026-01-12,124370,1,1,0,194.0
10110026RAMOSM_2026-01-12_G09,10110026RAMOSM,2026-01-12,122962,1,4,0,336.0
10110026RAMOSM_2026-01-12_G10,10110026RAMOSM,2026-01-12,120028,1,8,0,209.0
10110026RAMOSM_2026-01-12_G11,10110026RAMOSM,2026-01-12,124475,1,3,0,119.0
10110026RAMOSM_2026-01-12_G12,10110026RAMOSM,2026-01-12,123909,1,10,0,208.0
10110026RAMOSM_2026-01-12_G13,10110026RAMOSM,2026-01-12,123345,1,6,0,1146.0
10110026RAMOSM_2026-01-12_G14,10110026RAMOSM,2026-01-12,123343,1,4,0,125.0
10110026RAMOSM_2026-01-12_G15,10110026RAMOSM,2026-01-12,124486,1,10,0,219.0
10110026RAMOSM_2026-01-12_G16,10110026RAMOSM,2026-01-12,122984,1,4,0,200.0
10110026RAMOSM_2026-01-12_G17,10110026RAMOSM,2026-01-12,124370,1,2,0,126.0
10110026RAMOSM_2026-01-12_G18,10110026RAMOSM,2026-01-12,121760,1,2,0,245.0
10110026RAMOSM_2026-01-12_G19,10110026RAMOSM,2026-01-12,123343,1,1,0,123.0
10110026RAMOSM_2026-01-12_G20,10110026RAMOSM,2026-01-12,124486,1,10,0,684.0
10110026RAMOSM_2026-01-12_G21,10110026RAMOSM,2026-01-12,122988,1,16,0,319.0
10110026RAMOSM_2026-01-12_G22,10110026RAMOSM,2026-01-12,121651,1,19,0,544.0
10110026RAMOSM_2026-01-12_G23,10110026RAMOSM,2026-01-12,121760,1,4,0,144.0
10110026RAMOSM_2026-01-12_G24,10110026RAMOSM,2026-01-12,124548,1,1,0,152.0
10110026RAMOSM_2026-01-12_G25,10110026RAMOSM,2026-01-12,122185,1,24,0,991.0
10110026RAMOSM_2026-01-12_G26,10110026RAMOSM,2026-01-12,123909,1,4,0,159.0
10110026RAMOSM_2026-01-12_G27,10110026RAMOSM,2026-01-12,124486,1,6,0,209.0
10110026RAMOSM_2026-01-12_G28,10110026RAMOSM,2026-01-12,124370,1,8,0,287.0
10110026RAMOSM_2026-01-12_G29,10110026RAMOSM,2026-01-12,121651,1,2,0,114.0
10110026RAMOSM_2026-01-12_G30,10110026RAMOSM,2026-01-12,122185,1,4,0,136.0
10110026RAMOSM_2026-01-12_G31,10110026RAMOSM,2026-01-12,123345,1,2,0,311.0
10110026RAMOSM_2026-01-12_G32,10110026RAMOSM,2026-01-12,124486,1,40,0,1330.0
10110026RAMOSM_2026-01-12_G33,10110026RAMOSM,2026-01-12,122962,1,40,0,974.0
10110026RAMOSM_2026-01-12_G34,10110026RAMOSM,2026-01-12,123909,1,4,0,150.0
10110026RAMOSM_2026-01-12_G35,10110026RAMOSM,2026-01-12,122962,1,12,0,351.0
10110026RAMOSM_2026-01-12_G36,10110026RAMOSM,2026-01-12,124486,1,8,0,363.0
10110026RAMOSM_2026-01-12_G37,10110026RAMOSM,2026-01-12,120028,1,10,0,335.0
10110026RAMOSM_2026-01-12_G38,10110026RAMOSM,2026-01-12,123344,1,4,0,667.0
10110026RAMOSM_2026-01-12_G39,10110026RAMOSM,2026-01-12,124486,1,2,0,98.0
10110026RAMOSM_2026-01-12_G40,10110026RAMOSM,2026-01-12,121651,1,8,0,188.0
10110026RAMOSM_2026-01-12_G41,10110026RAMOSM,2026-01-12,121760,1,4,0,76.0
10110026RAMOSM_2026-01-12_G42,10110026RAMOSM,2026-01-12,124486,1,11,0,346.0
10110026RAMOSM_2026-01-12_G44,10110026RAMOSM,2026-01-12,122185,1,5,0,1408.0
10110026RAMOSM_2026-01-13_G02,10110026RAMOSM,2026-01-13,123492,1,6,0,631.0
10110026RAMOSM_2026-01-13_G03,10110026RAMOSM,2026-01-13,124486,1,11,0,361.0
10110026RAMOSM_2026-01-13_G04,10110026RAMOSM,2026-01-13,124476,1,20,0,635.0
10110026RAMOSM_2026-01-13_G05,10110026RAMOSM,2026-01-13,121651,1,30,0,1431.0
10110026RAMOSM_2026-01-13_G06,10110026RAMOSM,2026-01-13,123345,1,12,0,1095.0
10110026RAMOSM_2026-01-13_G07,10110026RAMOSM,2026-01-13,123313,1,6,0,344.0
10110026RAMOSM_2026-01-13_G09,10110026RAMOSM,2026-01-13,123344,1,60,0,529.0
10110026RAMOSM_2026-01-13_G10,10110026RAMOSM,2026-01-13,124477,1,14,0,733.0
10110026RAMOSM_2026-01-13_G11,10110026RAMOSM,2026-01-13,120389,1,10,0,493.0
10110026RAMOSM_2026-01-13_G12,10110026RAMOSM,2026-01-13,122962,1,16,0,614.0
10110026RAMOSM_2026-01-13_G13,10110026RAMOSM,2026-01-13,122647,1,12,0,612.0
10110026RAMOSM_2026-01-13_G14,10110026RAMOSM,2026-01-13,124371,1,10,0,869.0
10110026RAMOSM_2026-01-13_G15,10110026RAMOSM,2026-01-13,124486,1,34,0,775.0
10110026RAMOSM_2026-01-13_G16,10110026RAMOSM,2026-01-13,123153,1,48,0,980.0
10110026RAMOSM_2026-01-13_G18,10110026RAMOSM,2026-01-13,121760,1,50,0,1347.0
10110026RAMOSM_2026-01-13_G19,10110026RAMOSM,2026-01-13,122673,1,48,0,790.0
10110026RAMOSM_2026-01-13_G20,10110026RAMOSM,2026-01-13,122673,1,60,0,1029.0
10110026RAMOSM_2026-01-13_G21,10110026RAMOSM,2026-01-13,123345,1,16,0,542.0
10110026RAMOSM_2026-01-13_G22,10110026RAMOSM,2026-01-13,123343,1,60,0,799.0
10110026RAMOSM_2026-01-14_G02,10110026RAMOSM,2026-01-14,122671,1,6,0,195.0
10110026RAMOSM_2026-01-14_G03,10110026RAMOSM,2026-01-14,122673,1,121,0,2328.0
10110026RAMOSM_2026-01-14_G04,10110026RAMOSM,2026-01-14,123345,1,24,0,2588.0
10110026RAMOSM_2026-01-14_G05,10110026RAMOSM,2026-01-14,124486,1,20,0,1991.0
10110026RAMOSM_2026-01-14_G06,10110026RAMOSM,2026-01-14,124476,1,4,0,125.0
10110026RAMOSM_2026-01-14_G07,10110026RAMOSM,2026-01-14,124248,1,4,0,343.0
10110026RAMOSM_2026-01-14_G08,10110026RAMOSM,2026-01-14,123909,1,4,0,186.0
10110026RAMOSM_2026-01-14_G09,10110026RAMOSM,2026-01-14,123345,1,6,0,319.0
10110026RAMOSM_2026-01-14_G10,10110026RAMOSM,2026-01-14,122962,1,32,0,881.0
10110026RAMOSM_2026-01-14_G11,10110026RAMOSM,2026-01-14,124486,1,32,0,723.0
10110026RAMOSM_2026-01-14_G12,10110026RAMOSM,2026-01-14,122962,1,20,0,569.0
10110026RAMOSM_2026-01-14_G14,10110026RAMOSM,2026-01-14,122671,1,16,0,973.0
10110026RAMOSM_2026-01-14_G15,10110026RAMOSM,2026-01-14,123909,1,4,0,159.0
10110026RAMOSM_2026-01-14_G16,10110026RAMOSM,2026-01-14,122671,1,8,0,607.0
10110026RAMOSM_2026-01-16_G02,10110026RAMOSM,2026-01-16,123343,1,3,0,516.0
10110026RAMOSM_2026-01-16_G03,10110026RAMOSM,2026-01-16,123343,1,2,0,104.0
10110026RAMOSM_2026-01-16_G04,10110026RAMOSM,2026-01-16,124486,1,8,0,443.0
10110026RAMOSM_2026-01-16_G05,10110026RAMOSM,2026-01-16,122962,1,4,0,485.0
10110026RAMOSM_2026-01-16_G06,10110026RAMOSM,2026-01-16,122673,1,18,0,574.0
10110026RAMOSM_2026-01-16_G07,10110026RAMOSM,2026-01-16,124486,1,2,0,317.0
10110026RAMOSM_2026-01-16_G08,10110026RAMOSM,2026-01-16,123343,1,3,0,431.0
10110026RAMOSM_2026-01-16_G09,10110026RAMOSM,2026-01-16,123345,1,3,0,545.0
10110026RAMOSM_2026-01-16_G10,10110026RAMOSM,2026-01-16,123822,1,50,0,2080.0
10110026RAMOSM_2026-01-16_G11,10110026RAMOSM,2026-01-16,122673,1,6,0,211.0
10110026RAMOSM_2026-01-16_G12,10110026RAMOSM,2026-01-16,124486,1,15,0,326.0
10110026RAMOSM_2026-01-16_G13,10110026RAMOSM,2026-01-16,122962,1,15,0,468.0
10110026RAMOSM_2026-01-16_G14,10110026RAMOSM,2026-01-16,124486,1,30,0,1799.0
10110026RAMOSM_2026-01-16_G15,10110026RAMOSM,2026-01-16,120028,1,12,0,933.0
10110026RAMOSM_2026-01-16_G16,10110026RAMOSM,2026-01-16,122962,1,8,0,251.0
10110026RAMOSM_2026-01-16_G17,10110026RAMOSM,2026-01-16,123520,1,6,0,381.0
10110026RAMOSM_2026-01-16_G18,10110026RAMOSM,2026-01-16,123344,1,10,0,314.0
10110026RAMOSM_2026-01-16_G19,10110026RAMOSM,2026-01-16,122673,1,22,0,753.0
10110026RAMOSM_2026-01-16_G20,10110026RAMOSM,2026-01-16,122983,1,30,0,1360.0
10110026RAMOSM_2026-01-16_G21,10110026RAMOSM,2026-01-16,120339,1,10,0,753.0
10110026RAMOSM_2026-01-16_G22,10110026RAMOSM,2026-01-16,122983,1,10,0,324.0
10110026RAMOSM_2026-01-16_G23,10110026RAMOSM,2026-01-16,122983,1,20,0,198.0
10110026RAMOSM_2026-01-16_G25,10110026RAMOSM,2026-01-16,124486,1,20,0,445.0
10110026RAMOSM_2026-01-16_G26,10110026RAMOSM,2026-01-16,122962,1,32,0,387.0
10110026RAMOSM_2026-01-16_G27,10110026RAMOSM,2026-01-16,"123909, 122962",2,28,22,1439.0
10110026RAMOSM_2026-01-16_G28,10110026RAMOSM,2026-01-16,124483,1,2,0,648.0
10110026RAMOSM_2026-01-16_G29,10110026RAMOSM,2026-01-16,124248,1,2,0,160.0
10110026RAMOSM_2026-01-16_G30,10110026RAMOSM,2026-01-16,122983,1,12,0,369.0
10110026RAMOSM_2026-01-16_G31,10110026RAMOSM,2026-01-16,122984,1,6,0,367.0
10110026RAMOSM_2026-01-16_G32,10110026RAMOSM,2026-01-16,124248,1,6,0,160.0
10110026RAMOSM_2026-01-16_G33,10110026RAMOSM,2026-01-16,122984,1,4,0,283.0
10110026RAMOSM_2026-01-16_G34,10110026RAMOSM,2026-01-16,122983,1,12,0,251.0
10110026RAMOSM_2026-01-16_G35,10110026RAMOSM,2026-01-16,124483,1,10,0,76.0
10110026RAMOSM_2026-01-16_G36,10110026RAMOSM,2026-01-16,124248,1,4,0,75.0
10110026RAMOSM_2026-01-16_G37,10110026RAMOSM,2026-01-16,122673,1,16,0,375.0
10110026RAMOSM_2026-01-16_G38,10110026RAMOSM,2026-01-16,124248,1,2,0,173.0
10110026RAMOSM_2026-01-16_G39,10110026RAMOSM,2026-01-16,123909,1,8,0,195.0
10110026RAMOSM_2026-01-16_G40,10110026RAMOSM,2026-01-16,123345,1,18,0,557.0
10110026RAMOSM_2026-01-17_G02,10110026RAMOSM,2026-01-17,122962,1,22,0,670.0
10110026RAMOSM_2026-01-17_G03,10110026RAMOSM,2026-01-17,123345,1,50,0,453.0
10110026RAMOSM_2026-01-17_G04,10110026RAMOSM,2026-01-17,122984,1,20,0,2205.0
10110026RAMOSM_2026-01-17_G05,10110026RAMOSM,2026-01-17,120028,1,18,0,1431.0
10110026RAMOSM_2026-01-17_G06,10110026RAMOSM,2026-01-17,122673,1,12,0,538.0
10110026RAMOSM_2026-01-17_G07,10110026RAMOSM,2026-01-17,121760,1,2,0,218.0
10110026RAMOSM_2026-01-17_G08,10110026RAMOSM,2026-01-17,122962,1,4,0,263.0
10110026RAMOSM_2026-01-17_G09,10110026RAMOSM,2026-01-17,123345,1,3,0,370.0
10110026RAMOSM_2026-01-17_G10,10110026RAMOSM,2026-01-17,124486,1,20,0,474.0
10110026RAMOSM_2026-01-17_G11,10110026RAMOSM,2026-01-17,123822,1,4,0,137.0
10110026RAMOSM_2026-01-17_G12,10110026RAMOSM,2026-01-17,122962,1,32,0,626.0
10110026RAMOSM_2026-01-17_G13,10110026RAMOSM,2026-01-17,120028,1,2,0,166.0
10110026RAMOSM_2026-01-17_G14,10110026RAMOSM,2026-01-17,123153,1,50,0,1403.0
10110026RAMOSM_2026-01-17_G15,10110026RAMOSM,2026-01-17,120339,1,40,0,1026.0
10110026RAMOSM_2026-01-17_G16,10110026RAMOSM,2026-01-17,124624,1,8,0,1045.0
10110026RAMOSM_2026-01-17_G17,10110026RAMOSM,2026-01-17,124594,1,3,0,402.0
10110026RAMOSM_2026-01-17_G18,10110026RAMOSM,2026-01-17,120389,1,4,0,234.0
10110026RAMOSM_2026-01-17_G19,10110026RAMOSM,2026-01-17,122703,1,8,0,206.0
10110026RAMOSM_2026-01-17_G20,10110026RAMOSM,2026-01-17,120339,1,4,0,220.0
10110026RAMOSM_2026-01-17_G21,10110026RAMOSM,2026-01-17,124476,1,4,0,142.0
10110026RAMOSM_2026-01-17_G22,10110026RAMOSM,2026-01-17,122984,1,8,0,228.0
10110026RAMOSM_2026-01-17_G23,10110026RAMOSM,2026-01-17,122671,1,1,0,84.0
10110026RAMOSM_2026-01-17_G24,10110026RAMOSM,2026-01-17,124475,1,5,0,121.0
10110026RAMOSM_2026-01-17_G25,10110026RAMOSM,2026-01-17,121651,1,4,0,266.0
10110026RAMOSM_2026-01-17_G26,10110026RAMOSM,2026-01-17,122986,1,8,0,220.0
10110026RAMOSM_2026-01-17_G27,10110026RAMOSM,2026-01-17,123521,1,4,0,240.0
10110026RAMOSM_2026-01-17_G28,10110026RAMOSM,2026-01-17,123343,1,4,0,296.0
10110026RAMOSM_2026-01-17_G29,10110026RAMOSM,2026-01-17,123345,1,8,0,265.0
10110026RAMOSM_2026-01-17_G30,10110026RAMOSM,2026-01-17,120028,1,24,0,654.0
10110026RAMOSM_2026-01-17_G32,10110026RAMOSM,2026-01-17,124624,1,4,0,342.0
10110026RAMOSM_2026-01-17_G33,10110026RAMOSM,2026-01-17,123345,1,6,0,296.0
10110026RAMOSM_2026-01-17_G34,10110026RAMOSM,2026-01-17,123822,1,13,0,362.0
10110026RAMOSM_2026-01-17_G35,10110026RAMOSM,2026-01-17,122967,1,1,0,170.0
10110026RAMOSM_2026-01-17_G36,10110026RAMOSM,2026-01-17,122962,1,1,0,146.0
10110026RAMOSM_2026-01-17_G37,10110026RAMOSM,2026-01-17,120028,1,1,0,319.0
10110026RAMOSM_2026-01-17_G38,10110026RAMOSM,2026-01-17,124486,1,50,0,795.0
10110026RAMOSM_2026-01-17_G39,10110026RAMOSM,2026-01-17,122962,1,28,0,643.0
10110026RAMOSM_2026-01-17_G40,10110026RAMOSM,2026-01-17,122673,1,24,0,554.0
10110026RAMOSM_2026-01-17_G41,10110026RAMOSM,2026-01-17,120008,1,2,0,136.0
10110026RAMOSM_2026-01-17_G42,10110026RAMOSM,2026-01-17,123909,1,2,0,150.0
10110026RAMOSM_2026-01-17_G43,10110026RAMOSM,2026-01-17,122671,1,8,0,286.0
10110026RAMOSM_2026-01-17_G44,10110026RAMOSM,2026-01-17,123345,1,20,0,612.0
10110026RAMOSM_2026-01-17_G45,10110026RAMOSM,2026-01-17,124486,1,4,0,399.0
10110026RAMOSM_2026-01-17_G46,10110026RAMOSM,2026-01-17,122962,1,4,0,139.0
10110026RAMOSM_2026-01-17_G47,10110026RAMOSM,2026-01-17,124486,1,16,0,504.0
10110026RAMOSM_2026-01-19_G02,10110026RAMOSM,2026-01-19,120389,1,12,0,712.0
10110026RAMOSM_2026-01-19_G03,10110026RAMOSM,2026-01-19,122671,1,12,0,419.0
10110026RAMOSM_2026-01-19_G04,10110026RAMOSM,2026-01-19,120028,1,40,0,1137.0
10110026RAMOSM_2026-01-19_G05,10110026RAMOSM,2026-01-19,122983,1,8,0,372.0
10110026RAMOSM_2026-01-19_G06,10110026RAMOSM,2026-01-19,122984,1,16,0,387.0
10110026RAMOSM_2026-01-19_G07,10110026RAMOSM,2026-01-19,124371,1,6,0,217.0
10110026RAMOSM_2026-01-19_G08,10110026RAMOSM,2026-01-19,124248,1,3,0,200.0
10110026RAMOSM_2026-01-19_G09,10110026RAMOSM,2026-01-19,124486,1,40,0,1083.0
10110026RAMOSM_2026-01-19_G10,10110026RAMOSM,2026-01-19,122962,1,40,0,841.0
10110026RAMOSM_2026-01-19_G11,10110026RAMOSM,2026-01-19,123153,1,12,0,793.0
10110026RAMOSM_2026-01-19_G12,10110026RAMOSM,2026-01-19,122984,1,8,0,1118.0
10110026RAMOSM_2026-01-19_G13,10110026RAMOSM,2026-01-19,124248,1,24,0,628.0
10110026RAMOSM_2026-01-19_G14,10110026RAMOSM,2026-01-19,123560,1,20,0,1432.0
10110026RAMOSM_2026-01-19_G15,10110026RAMOSM,2026-01-19,123560,1,10,0,314.0
10110026RAMOSM_2026-01-19_G16,10110026RAMOSM,2026-01-19,124486,1,35,0,1606.0
10110026RAMOSM_2026-01-19_G17,10110026RAMOSM,2026-01-19,123344,1,4,0,324.0
10110026RAMOSM_2026-01-19_G18,10110026RAMOSM,2026-01-19,124264,1,6,0,299.0
10110026RAMOSM_2026-01-19_G19,10110026RAMOSM,2026-01-19,123909,1,15,0,436.0
10110026RAMOSM_2026-01-19_G20,10110026RAMOSM,2026-01-19,123521,1,6,0,478.0
10110026RAMOSM_2026-01-19_G21,10110026RAMOSM,2026-01-19,123343,1,3,0,308.0
10110026RAMOSM_2026-01-19_G22,10110026RAMOSM,2026-01-19,123345,1,20,0,1172.0
10110026RAMOSM_2026-01-19_G23,10110026RAMOSM,2026-01-19,124486,1,60,0,1281.0
10110026RAMOSM_2026-01-19_G25,10110026RAMOSM,2026-01-19,124486,1,4,0,228.0
10110026RAMOSM_2026-01-19_G26,10110026RAMOSM,2026-01-19,123344,1,12,0,607.0
10110026RAMOSM_2026-01-19_G27,10110026RAMOSM,2026-01-19,120339,1,10,0,488.0
10110026RAMOSM_2026-01-19_G28,10110026RAMOSM,2026-01-19,124370,1,5,0,2356.0
10110026RAMOSM_2026-01-19_G29,10110026RAMOSM,2026-01-19,122983,1,4,0,152.0
10110026RAMOSM_2026-01-19_G30,10110026RAMOSM,2026-01-19,121760,1,50,0,914.0
10110026RAMOSM_2026-01-19_G31,10110026RAMOSM,2026-01-19,123153,1,2,0,148.0
10110026RAMOSM_2026-01-19_G32,10110026RAMOSM,2026-01-19,123153,1,20,0,343.0
10110026RAMOSM_2026-01-19_G33,10110026RAMOSM,2026-01-19,123909,1,13,0,206.0
10110026RAMOSM_2026-01-19_G34,10110026RAMOSM,2026-01-19,123343,1,15,0,1225.0
10110026RAMOSM_2026-01-19_G35,10110026RAMOSM,2026-01-19,123345,1,25,0,599.0
10110026RAMOSM_2026-01-20_G02,10110026RAMOSM,2026-01-20,123909,1,12,0,420.0
10110026RAMOSM_2026-01-20_G03,10110026RAMOSM,2026-01-20,124486,1,16,0,994.0
10110026RAMOSM_2026-01-20_G04,10110026RAMOSM,2026-01-20,120389,1,10,0,470.0
10110026RAMOSM_2026-01-20_G05,10110026RAMOSM,2026-01-20,120028,1,20,0,680.0
10110026RAMOSM_2026-01-20_G06,10110026RAMOSM,2026-01-20,122647,1,70,0,2377.0
10110026RAMOSM_2026-01-20_G07,10110026RAMOSM,2026-01-20,122962,1,60,0,1962.0
10110026RAMOSM_2026-01-20_G08,10110026RAMOSM,2026-01-20,124486,1,28,0,717.0
10110026RAMOSM_2026-01-20_G09,10110026RAMOSM,2026-01-20,122647,1,20,0,603.0
10110026RAMOSM_2026-01-20_G10,10110026RAMOSM,2026-01-20,122962,1,22,0,695.0
10110026RAMOSM_2026-01-20_G11,10110026RAMOSM,2026-01-20,124486,1,3,0,1493.0
10110026RAMOSM_2026-01-20_G12,10110026RAMOSM,2026-01-20,123344,1,8,0,331.0
10110026RAMOSM_2026-01-20_G13,10110026RAMOSM,2026-01-20,123345,1,4,0,501.0
10110026RAMOSM_2026-01-20_G14,10110026RAMOSM,2026-01-20,124486,1,21,0,734.0
10110026RAMOSM_2026-01-20_G15,10110026RAMOSM,2026-01-20,123344,1,12,0,644.0
10110026RAMOSM_2026-01-20_G16,10110026RAMOSM,2026-01-20,120339,1,8,0,241.0
10110026RAMOSM_2026-01-20_G17,10110026RAMOSM,2026-01-20,122984,1,7,0,204.0
10110026RAMOSM_2026-01-20_G18,10110026RAMOSM,2026-01-20,122962,1,2,0,183.0
10110026RAMOSM_2026-01-20_G19,10110026RAMOSM,2026-01-20,122962,1,10,0,134.0
10110026RAMOSM_2026-01-20_G20,10110026RAMOSM,2026-01-20,123909,1,2,0,233.0
10110026RAMOSM_2026-01-20_G21,10110026RAMOSM,2026-01-20,123343,1,2,0,469.0
10110026RAMOSM_2026-01-20_G22,10110026RAMOSM,2026-01-20,123345,1,14,0,518.0
10110026RAMOSM_2026-01-20_G24,10110026RAMOSM,2026-01-20,124486,1,8,0,390.0
10110026RAMOSM_2026-01-20_G25,10110026RAMOSM,2026-01-20,122703,1,4,0,421.0
10110026RAMOSM_2026-01-20_G26,10110026RAMOSM,2026-01-20,121760,1,29,0,851.0
10110026RAMOSM_2026-01-20_G27,10110026RAMOSM,2026-01-20,122962,1,4,0,160.0
10110026RAMOSM_2026-01-20_G28,10110026RAMOSM,2026-01-20,123909,1,8,0,116.0
10110026RAMOSM_2026-01-20_G29,10110026RAMOSM,2026-01-20,123345,1,4,0,277.0
10110026RAMOSM_2026-01-20_G30,10110026RAMOSM,2026-01-20,123344,1,3,0,297.0
10110026RAMOSM_2026-01-20_G31,10110026RAMOSM,2026-01-20,124370,1,6,0,354.0
10110026RAMOSM_2026-01-20_G32,10110026RAMOSM,2026-01-20,124370,1,2,0,222.0
10110026RAMOSM_2026-01-20_G33,10110026RAMOSM,2026-01-20,121760,1,9,0,346.0
10110026RAMOSM_2026-01-20_G34,10110026RAMOSM,2026-01-20,124476,1,2,0,154.0
10110026RAMOSM_2026-01-20_G35,10110026RAMOSM,2026-01-20,123909,1,2,0,96.0
10110026RAMOSM_2026-01-20_G36,10110026RAMOSM,2026-01-20,123345,1,8,0,548.0
10110026RAMOSM_2026-01-20_G37,10110026RAMOSM,2026-01-20,124486,1,16,0,374.0
10110026RAMOSM_2026-01-20_G38,10110026RAMOSM,2026-01-20,123343,1,2,0,208.0
10110026RAMOSM_2026-01-20_G39,10110026RAMOSM,2026-01-20,124486,1,60,0,1237.0
10110026RAMOSM_2026-01-20_G40,10110026RAMOSM,2026-01-20,122703,1,4,0,211.0
10110026RAMOSM_2026-01-20_G41,10110026RAMOSM,2026-01-20,122962,1,2,0,129.0
10110026RAMOSM_2026-01-21_G03,10110026RAMOSM,2026-01-21,122673,1,4,0,1137.0
10110026RAMOSM_2026-01-21_G04,10110026RAMOSM,2026-01-21,124486,1,2,0,275.0
10110026RAMOSM_2026-01-21_G05,10110026RAMOSM,2026-01-21,123344,1,6,0,272.0
10110026RAMOSM_2026-01-21_G06,10110026RAMOSM,2026-01-21,122673,1,6,0,313.0
10110026RAMOSM_2026-01-21_G07,10110026RAMOSM,2026-01-21,124371,1,2,0,139.0
10110026RAMOSM_2026-01-21_G08,10110026RAMOSM,2026-01-21,121760,1,10,0,280.0
10110026RAMOSM_2026-01-21_G09,10110026RAMOSM,2026-01-21,122647,1,2,0,305.0
10110026RAMOSM_2026-01-21_G10,10110026RAMOSM,2026-01-21,121760,1,1,0,123.0
10110026RAMOSM_2026-01-21_G11,10110026RAMOSM,2026-01-21,121760,1,2,0,321.0
10110026RAMOSM_2026-01-21_G12,10110026RAMOSM,2026-01-21,123345,1,2,0,191.0
10110026RAMOSM_2026-01-21_G13,10110026RAMOSM,2026-01-21,122673,1,14,0,558.0
10110026RAMOSM_2026-01-21_G15,10110026RAMOSM,2026-01-21,122983,1,12,0,184.0
10110026RAMOSM_2026-01-21_G16,10110026RAMOSM,2026-01-21,124483,1,20,0,148.0
10110026RAMOSM_2026-01-21_G17,10110026RAMOSM,2026-01-21,123909,1,16,0,120.0
10110026RAMOSM_2026-01-21_G18,10110026RAMOSM,2026-01-21,122967,1,20,0,253.0
10110026RAMOSM_2026-01-21_G19,10110026RAMOSM,2026-01-21,123822,1,30,0,82.0
10110026RAMOSM_2026-01-21_G20,10110026RAMOSM,2026-01-21,122962,1,24,0,463.0
10110026RAMOSM_2026-01-21_G21,10110026RAMOSM,2026-01-21,123909,1,4,0,99.0
10110026RAMOSM_2026-01-21_G22,10110026RAMOSM,2026-01-21,124483,1,8,0,128.0
10110026RAMOSM_2026-01-21_G23,10110026RAMOSM,2026-01-21,120339,1,10,0,126.0
10110026RAMOSM_2026-01-21_G24,10110026RAMOSM,2026-01-21,124548,1,10,0,247.0
10110026RAMOSM_2026-01-21_G25,10110026RAMOSM,2026-01-21,123909,1,3,0,416.0
10110026RAMOSM_2026-01-21_G26,10110026RAMOSM,2026-01-21,123343,1,2,0,501.0
10110026RAMOSM_2026-01-21_G27,10110026RAMOSM,2026-01-21,123345,1,2,0,409.0
10110026RAMOSM_2026-01-21_G28,10110026RAMOSM,2026-01-21,124624,1,2,0,379.0
10110026RAMOSM_2026-01-21_G29,10110026RAMOSM,2026-01-21,124624,1,6,0,349.0
10110026RAMOSM_2026-01-21_G30,10110026RAMOSM,2026-01-21,124370,1,8,0,399.0
10110026RAMOSM_2026-01-21_G31,10110026RAMOSM,2026-01-21,122673,1,4,0,339.0
10110026RAMOSM_2026-01-21_G32,10110026RAMOSM,2026-01-21,121760,1,10,0,290.0
10110026RAMOSM_2026-01-21_G33,10110026RAMOSM,2026-01-21,122671,1,4,0,335.0
10110026RAMOSM_2026-01-21_G34,10110026RAMOSM,2026-01-21,124475,1,4,0,111.0
10110026RAMOSM_2026-01-21_G35,10110026RAMOSM,2026-01-21,121651,1,10,0,800.0
10110026RAMOSM_2026-01-21_G36,10110026RAMOSM,2026-01-21,122962,1,10,0,212.0
10110026RAMOSM_2026-01-21_G37,10110026RAMOSM,2026-01-21,124248,1,6,0,345.0
10110026RAMOSM_2026-01-21_G38,10110026RAMOSM,2026-01-21,123492,1,6,0,297.0
10110026RAMOSM_2026-01-22_G03,10110026RAMOSM,2026-01-22,122981,1,5,0,254.0
10110026RAMOSM_2026-01-22_G04,10110026RAMOSM,2026-01-22,122984,1,20,0,648.0
10110026RAMOSM_2026-01-22_G05,10110026RAMOSM,2026-01-22,124371,1,40,0,629.0
10110026RAMOSM_2026-01-22_G06,10110026RAMOSM,2026-01-22,122671,1,4,0,190.0
10110026RAMOSM_2026-01-22_G07,10110026RAMOSM,2026-01-22,124475,1,30,0,1501.0
10110026RAMOSM_2026-01-22_G08,10110026RAMOSM,2026-01-22,122647,1,6,0,205.0
10110026RAMOSM_2026-01-22_G09,10110026RAMOSM,2026-01-22,122962,1,35,0,1252.0
10110026RAMOSM_2026-01-22_G10,10110026RAMOSM,2026-01-22,123562,1,4,0,1414.0
10110026RAMOSM_2026-01-22_G11,10110026RAMOSM,2026-01-22,123560,1,4,0,724.0
10110026RAMOSM_2026-01-22_G12,10110026RAMOSM,2026-01-22,122988,1,4,0,264.0
10110026RAMOSM_2026-01-22_G13,10110026RAMOSM,2026-01-22,123561,1,4,0,263.0
10110026RAMOSM_2026-01-22_G14,10110026RAMOSM,2026-01-22,124370,1,40,0,1456.0
10110026RAMOSM_2026-01-22_G16,10110026RAMOSM,2026-01-22,124486,1,24,0,338.0
10110026RAMOSM_2026-01-22_G17,10110026RAMOSM,2026-01-22,122983,1,4,0,147.0
10110026RAMOSM_2026-01-22_G18,10110026RAMOSM,2026-01-22,124371,1,12,0,200.0
10110026RAMOSM_2026-01-22_G19,10110026RAMOSM,2026-01-22,123153,1,18,0,537.0
10110026RAMOSM_2026-01-22_G20,10110026RAMOSM,2026-01-22,122671,1,15,0,431.0
10110026RAMOSM_2026-01-22_G21,10110026RAMOSM,2026-01-22,123909,1,12,0,229.0
10110026RAMOSM_2026-01-22_G22,10110026RAMOSM,2026-01-22,122962,1,40,0,663.0
10110026RAMOSM_2026-01-22_G23,10110026RAMOSM,2026-01-22,123343,1,8,0,407.0
10110026RAMOSM_2026-01-22_G24,10110026RAMOSM,2026-01-22,122983,1,12,0,1126.0
10110026RAMOSM_2026-01-22_G25,10110026RAMOSM,2026-01-22,122984,1,12,0,351.0
10110026RAMOSM_2026-01-22_G26,10110026RAMOSM,2026-01-22,124248,1,10,0,428.0
10110026RAMOSM_2026-01-22_G27,10110026RAMOSM,2026-01-22,124486,1,4,0,168.0
10110026RAMOSM_2026-01-22_G28,10110026RAMOSM,2026-01-22,122962,1,16,0,512.0
10110026RAMOSM_2026-01-23_G02,10110026RAMOSM,2026-01-23,123492,1,20,0,459.0
10110026RAMOSM_2026-01-23_G03,10110026RAMOSM,2026-01-23,120008,1,20,0,462.0
10110026RAMOSM_2026-01-23_G04,10110026RAMOSM,2026-01-23,122671,1,4,0,176.0
10110026RAMOSM_2026-01-23_G05,10110026RAMOSM,2026-01-23,120028,1,80,0,1329.0
10110026RAMOSM_2026-01-23_G07,10110026RAMOSM,2026-01-23,124486,1,50,0,1615.0
10110026RAMOSM_2026-01-23_G08,10110026RAMOSM,2026-01-23,123492,1,10,0,319.0
10110026RAMOSM_2026-01-23_G09,10110026RAMOSM,2026-01-23,122962,1,4,0,194.0
10110026RAMOSM_2026-01-23_G10,10110026RAMOSM,2026-01-23,120008,1,4,0,226.0
10110026RAMOSM_2026-01-23_G11,10110026RAMOSM,2026-01-23,180420,1,3,0,1490.0
10110026RAMOSM_2026-01-23_G13,10110026RAMOSM,2026-01-23,120028,1,60,0,1894.0
10110026RAMOSM_2026-01-23_G14,10110026RAMOSM,2026-01-23,124486,1,18,0,535.0
10110026RAMOSM_2026-01-23_G15,10110026RAMOSM,2026-01-23,122962,1,48,0,1286.0
10110026RAMOSM_2026-01-23_G16,10110026RAMOSM,2026-01-23,122962,1,40,0,826.0
10110026RAMOSM_2026-01-23_G17,10110026RAMOSM,2026-01-23,122984,1,1,0,192.0
10110026RAMOSM_2026-01-23_G18,10110026RAMOSM,2026-01-23,124486,1,26,0,793.0
10110026RAMOSM_2026-01-23_G19,10110026RAMOSM,2026-01-23,120008,1,15,0,1055.0
10110026RAMOSM_2026-01-24_G02,10110026RAMOSM,2026-01-24,122962,1,40,0,595.0
10110026RAMOSM_2026-01-24_G03,10110026RAMOSM,2026-01-24,123909,1,32,0,1339.0
10110026RAMOSM_2026-01-24_G04,10110026RAMOSM,2026-01-24,122962,1,40,0,674.0
10110026RAMOSM_2026-01-24_G05,10110026RAMOSM,2026-01-24,124486,1,40,0,744.0
10110026RAMOSM_2026-01-24_G06,10110026RAMOSM,2026-01-24,120008,1,3,0,172.0
10110026RAMOSM_2026-01-24_G07,10110026RAMOSM,2026-01-24,122671,1,20,0,504.0
10110026RAMOSM_2026-01-24_G08,10110026RAMOSM,2026-01-24,123909,1,10,0,2547.0
10110026RAMOSM_2026-01-24_G09,10110026RAMOSM,2026-01-24,122962,1,10,0,88.0
10110026RAMOSM_2026-01-24_G10,10110026RAMOSM,2026-01-24,124486,1,10,0,201.0
10110026RAMOSM_2026-01-24_G11,10110026RAMOSM,2026-01-24,122671,1,10,0,100.0
10110026RAMOSM_2026-01-24_G12,10110026RAMOSM,2026-01-24,120008,1,37,0,723.0
10110026RAMOSM_2026-01-26_G02,10110026RAMOSM,2026-01-26,122962,1,20,0,336.0
10110026RAMOSM_2026-01-26_G03,10110026RAMOSM,2026-01-26,124486,1,8,0,312.0
10110026RAMOSM_2026-01-26_G04,10110026RAMOSM,2026-01-26,122673,1,20,0,834.0
10110026RAMOSM_2026-01-26_G05,10110026RAMOSM,2026-01-26,122673,1,20,0,433.0
10110026RAMOSM_2026-01-26_G06,10110026RAMOSM,2026-01-26,122647,1,8,0,204.0
10110026RAMOSM_2026-01-26_G07,10110026RAMOSM,2026-01-26,120028,1,30,0,932.0
10110026RAMOSM_2026-01-26_G08,10110026RAMOSM,2026-01-26,124624,1,4,0,731.0
10110026RAMOSM_2026-01-26_G09,10110026RAMOSM,2026-01-26,120339,1,8,0,180.0
10110026RAMOSM_2026-01-26_G10,10110026RAMOSM,2026-01-26,122984,1,2,0,446.0
10110026RAMOSM_2026-01-27_G02,10110026RAMOSM,2026-01-27,122673,1,13,0,486.0
10110026RAMOSM_2026-01-27_G03,10110026RAMOSM,2026-01-27,124486,1,8,0,791.0
10110026RAMOSM_2026-01-27_G04,10110026RAMOSM,2026-01-27,120028,1,4,0,477.0
10110026RAMOSM_2026-01-27_G05,10110026RAMOSM,2026-01-27,122962,1,4,0,162.0
10110026RAMOSM_2026-01-27_G06,10110026RAMOSM,2026-01-27,124486,1,6,0,277.0
10110026RAMOSM_2026-01-27_G07,10110026RAMOSM,2026-01-27,124486,1,70,0,2310.0
10110026RAMOSM_2026-01-27_G08,10110026RAMOSM,2026-01-27,122962,1,50,0,621.0
10110026RAMOSM_2026-01-27_G09,10110026RAMOSM,2026-01-27,122671,1,50,0,1176.0
10110026RAMOSM_2026-01-27_G10,10110026RAMOSM,2026-01-27,123822,1,50,0,1453.0
10110026RAMOSM_2026-01-27_G11,10110026RAMOSM,2026-01-27,181057,1,12,0,2014.0
10110026RAMOSM_2026-01-27_G12,10110026RAMOSM,2026-01-27,124624,1,2,0,354.0
10110026RAMOSM_2026-01-27_G13,10110026RAMOSM,2026-01-27,122982,1,4,0,205.0
10110026RAMOSM_2026-01-27_G14,10110026RAMOSM,2026-01-27,120339,1,4,0,439.0
10110026RAMOSM_2026-01-27_G15,10110026RAMOSM,2026-01-27,122983,1,26,0,952.0
10110026RAMOSM_2026-01-27_G16,10110026RAMOSM,2026-01-27,122983,1,30,0,1432.0
10110026RAMOSM_2026-01-27_G17,10110026RAMOSM,2026-01-27,122983,1,36,0,1384.0
10110026RAMOSM_2026-01-27_G19,10110026RAMOSM,2026-01-27,123822,1,12,0,751.0
10110026RAMOSM_2026-01-27_G20,10110026RAMOSM,2026-01-27,123822,1,12,0,461.0
10110026RAMOSM_2026-01-27_G21,10110026RAMOSM,2026-01-27,123822,1,13,0,595.0
10110026RAMOSM_2026-01-27_G22,10110026RAMOSM,2026-01-27,122962,1,6,0,518.0
10110026RAMOSM_2026-01-27_G23,10110026RAMOSM,2026-01-27,124486,1,6,0,255.0
10110026RAMOSM_2026-01-27_G24,10110026RAMOSM,2026-01-27,122962,1,32,0,725.0
10110026RAMOSM_2026-01-27_G25,10110026RAMOSM,2026-01-27,120028,1,30,0,609.0
10110026RAMOSM_2026-01-28_G02,10110026RAMOSM,2026-01-28,122982,1,4,0,130.0
10110026RAMOSM_2026-01-28_G03,10110026RAMOSM,2026-01-28,124476,1,8,0,381.0
10110026RAMOSM_2026-01-28_G04,10110026RAMOSM,2026-01-28,123313,1,2,0,694.0
10110026RAMOSM_2026-01-28_G05,10110026RAMOSM,2026-01-28,122671,1,4,0,1448.0
10110026RAMOSM_2026-01-28_G06,10110026RAMOSM,2026-01-28,124486,1,20,0,564.0
10110026RAMOSM_2026-01-28_G07,10110026RAMOSM,2026-01-28,124370,1,13,0,476.0
10110026RAMOSM_2026-01-28_G08,10110026RAMOSM,2026-01-28,122988,1,16,0,421.0
10110026RAMOSM_2026-01-28_G09,10110026RAMOSM,2026-01-28,124476,1,4,0,175.0
10110026RAMOSM_2026-01-28_G10,10110026RAMOSM,2026-01-28,124371,1,5,0,556.0
10110026RAMOSM_2026-01-28_G11,10110026RAMOSM,2026-01-28,124486,1,8,0,475.0
10110026RAMOSM_2026-01-28_G12,10110026RAMOSM,2026-01-28,124486,1,10,0,370.0
10110026RAMOSM_2026-01-28_G13,10110026RAMOSM,2026-01-28,124486,1,2,0,143.0
10110026RAMOSM_2026-01-28_G14,10110026RAMOSM,2026-01-28,122988,1,16,0,328.0
10110026RAMOSM_2026-01-28_G15,10110026RAMOSM,2026-01-28,124248,1,22,0,502.0
10110026RAMOSM_2026-01-28_G16,10110026RAMOSM,2026-01-28,121651,1,4,0,714.0
10110026RAMOSM_2026-01-28_G17,10110026RAMOSM,2026-01-28,124486,1,10,0,131.0
10110026RAMOSM_2026-01-28_G18,10110026RAMOSM,2026-01-28,120028,1,20,0,1233.0
10110026RAMOSM_2026-01-28_G19,10110026RAMOSM,2026-01-28,122962,1,16,0,341.0
10110026RAMOSM_2026-01-28_G21,10110026RAMOSM,2026-01-28,124548,1,100,0,2552.0
10110026RAMOSM_2026-01-29_G02,10110026RAMOSM,2026-01-29,124594,1,10,0,238.0
10110026RAMOSM_2026-01-29_G03,10110026RAMOSM,2026-01-29,122195,1,13,0,1063.0
10110026RAMOSM_2026-01-29_G04,10110026RAMOSM,2026-01-29,122986,1,4,0,982.0
10110026RAMOSM_2026-01-29_G05,10110026RAMOSM,2026-01-29,122984,1,32,0,3535.0
10110026RAMOSM_2026-01-29_G06,10110026RAMOSM,2026-01-29,124248,1,24,0,696.0
10110026RAMOSM_2026-01-29_G07,10110026RAMOSM,2026-01-29,122984,1,100,0,2484.0
10110026RAMOSM_2026-01-29_G08,10110026RAMOSM,2026-01-29,122982,1,6,0,605.0
10110026RAMOSM_2026-01-29_G09,10110026RAMOSM,2026-01-29,122988,1,4,0,182.0
10110026RAMOSM_2026-01-29_G10,10110026RAMOSM,2026-01-29,124433,1,12,0,405.0
10110026RAMOSM_2026-01-29_G11,10110026RAMOSM,2026-01-29,124247,1,9,0,622.0
10110026RAMOSM_2026-01-29_G12,10110026RAMOSM,2026-01-29,120389,1,1,0,213.0
10110026RAMOSM_2026-01-29_G13,10110026RAMOSM,2026-01-29,180169,1,1,0,828.0
10110026RAMOSM_2026-01-29_G14,10110026RAMOSM,2026-01-29,124247,1,11,0,1361.0
10110026RAMOSM_2026-01-29_G15,10110026RAMOSM,2026-01-29,124247,1,11,0,442.0
10110026RAMOSM_2026-01-29_G16,10110026RAMOSM,2026-01-29,124624,1,18,0,712.0
10110026RAMOSM_2026-01-29_G17,10110026RAMOSM,2026-01-29,124248,1,12,0,396.0
10110026RAMOSM_2026-01-29_G18,10110026RAMOSM,2026-01-29,124594,1,4,0,310.0
10110026RAMOSM_2026-01-29_G19,10110026RAMOSM,2026-01-29,123343,1,2,0,906.0
10110026RAMOSM_2026-01-29_G20,10110026RAMOSM,2026-01-29,122962,1,32,0,263.0
10110026RAMOSM_2026-01-29_G21,10110026RAMOSM,2026-01-29,123889,1,2,0,117.0
10110026RAMOSM_2026-01-29_G22,10110026RAMOSM,2026-01-29,123153,1,30,0,879.0
10110026RAMOSM_2026-01-30_G02,10110026RAMOSM,2026-01-30,120389,1,2,0,163.0
10110026RAMOSM_2026-01-30_G03,10110026RAMOSM,2026-01-30,120339,1,2,0,279.0
10110026RAMOSM_2026-01-30_G04,10110026RAMOSM,2026-01-30,124371,1,2,0,271.0
10110026RAMOSM_2026-01-30_G05,10110026RAMOSM,2026-01-30,124370,1,10,0,542.0
10110026RAMOSM_2026-01-30_G06,10110026RAMOSM,2026-01-30,124476,1,6,0,249.0
10110026RAMOSM_2026-01-30_G07,10110026RAMOSM,2026-01-30,124475,1,1,0,171.0
10110026RAMOSM_2026-01-30_G08,10110026RAMOSM,2026-01-30,124475,1,3,0,413.0
10110026RAMOSM_2026-01-30_G09,10110026RAMOSM,2026-01-30,123562,1,10,0,1989.0
10110026RAMOSM_2026-01-30_G10,10110026RAMOSM,2026-01-30,124624,1,4,0,426.0
10110026RAMOSM_2026-01-30_G11,10110026RAMOSM,2026-01-30,124594,1,4,0,310.0
10110026RAMOSM_2026-01-30_G12,10110026RAMOSM,2026-01-30,120339,1,30,0,669.0
10110026RAMOSM_2026-01-30_G13,10110026RAMOSM,2026-01-30,124247,1,8,0,176.0
10110026RAMOSM_2026-01-30_G14,10110026RAMOSM,2026-01-30,122984,1,12,0,616.0
10110026RAMOSM_2026-01-30_G15,10110026RAMOSM,2026-01-30,122982,1,30,0,343.0
10110026RAMOSM_2026-01-30_G16,10110026RAMOSM,2026-01-30,122988,1,4,0,281.0
10110026RAMOSM_2026-01-30_G17,10110026RAMOSM,2026-01-30,124476,1,4,0,115.0
10110026RAMOSM_2026-01-30_G18,10110026RAMOSM,2026-01-30,123153,1,30,0,935.0
10110026RAMOSM_2026-01-30_G19,10110026RAMOSM,2026-01-30,123909,1,10,0,197.0
10110026RAMOSM_2026-01-30_G20,10110026RAMOSM,2026-01-30,124475,1,8,0,393.0
10110026RAMOSM_2026-01-30_G21,10110026RAMOSM,2026-01-30,124248,1,2,0,99.0
10110026RAMOSM_2026-01-30_G22,10110026RAMOSM,2026-01-30,123345,1,50,0,787.0
10110026RAMOSM_2026-01-30_G23,10110026RAMOSM,2026-01-30,123343,1,20,0,2001.0
10110026RAMOSM_2026-01-30_G24,10110026RAMOSM,2026-01-30,124624,1,2,0,1711.0
10110026RAMOSM_2026-01-30_G25,10110026RAMOSM,2026-01-30,124594,1,2,0,227.0
10110026RAMOSM_2026-01-30_G26,10110026RAMOSM,2026-01-30,122962,1,2,0,292.0
10110026RAMOSM_2026-01-30_G27,10110026RAMOSM,2026-01-30,124486,1,2,0,73.0
10110026RAMOSM_2026-01-30_G28,10110026RAMOSM,2026-01-30,124247,1,2,0,111.0
10110026RAMOSM_2026-01-30_G29,10110026RAMOSM,2026-01-30,122984,1,4,0,229.0
10110026RAMOSM_2026-01-30_G30,10110026RAMOSM,2026-01-30,124371,1,2,0,125.0
10110026RAMOSM_2026-01-30_G31,10110026RAMOSM,2026-01-30,124370,1,4,0,132.0
10110026RAMOSM_2026-01-30_G32,10110026RAMOSM,2026-01-30,124476,1,2,0,148.0
10110026RAMOSM_2026-01-30_G33,10110026RAMOSM,2026-01-30,122983,1,2,0,123.0
10110026RAMOSM_2026-01-30_G34,10110026RAMOSM,2026-01-30,124475,1,2,0,207.0
10110026RAMOSM_2026-01-30_G36,10110026RAMOSM,2026-01-30,124486,1,20,0,301.0
10110026RAMOSM_2026-01-30_G37,10110026RAMOSM,2026-01-30,122984,1,24,0,697.0
10110026RAMOSM_2026-01-30_G38,10110026RAMOSM,2026-01-30,120271,1,2,0,119.0
10110026RAMOSM_2026-01-30_G39,10110026RAMOSM,2026-01-30,123153,1,2,0,133.0
10110026RAMOSM_2026-01-30_G40,10110026RAMOSM,2026-01-30,122983,1,10,0,291.0
10110026RAMOSM_2026-01-30_G41,10110026RAMOSM,2026-01-30,123909,1,6,0,230.0
10110026RAMOSM_2026-01-30_G42,10110026RAMOSM,2026-01-30,122986,1,4,0,391.0
10110026RAMOSM_2026-01-30_G43,10110026RAMOSM,2026-01-30,122647,1,4,0,94.0
10110026RAMOSM_2026-01-30_G44,10110026RAMOSM,2026-01-30,120028,1,16,0,339.0
10110026RAMOSM_2026-01-30_G45,10110026RAMOSM,2026-01-30,123344,1,4,0,458.0
10110026RAMOSM_2026-01-30_G46,10110026RAMOSM,2026-01-30,120339,1,10,0,257.0
10110026RAMOSM_2026-01-30_G47,10110026RAMOSM,2026-01-30,122962,1,77,0,1102.0
10110026RAMOSM_2026-01-30_G48,10110026RAMOSM,2026-01-30,124370,1,30,0,662.0
10110026RAMOSM_2026-01-30_G49,10110026RAMOSM,2026-01-30,123153,1,8,0,221.0
10110026RAMOSM_2026-01-30_G50,10110026RAMOSM,2026-01-30,123822,1,4,0,176.0
10110026RAMOSM_2026-01-30_G51,10110026RAMOSM,2026-01-30,122983,1,5,0,213.0
10110026RAMOSM_2026-01-31_G02,10110026RAMOSM,2026-01-31,123345,1,12,0,522.0
10110026RAMOSM_2026-01-31_G04,10110026RAMOSM,2026-01-31,124624,1,2,0,939.0
10110026RAMOSM_2026-01-31_G05,10110026RAMOSM,2026-01-31,124594,1,4,0,241.0
10110026RAMOSM_2026-01-31_G06,10110026RAMOSM,2026-01-31,122671,1,8,0,370.0
10110026RAMOSM_2026-01-31_G07,10110026RAMOSM,2026-01-31,122962,1,8,0,263.0
10110026RAMOSM_2026-01-31_G08,10110026RAMOSM,2026-01-31,122962,1,4,0,280.0
10110026RAMOSM_2026-01-31_G09,10110026RAMOSM,2026-01-31,122983,1,8,0,307.0
10110026RAMOSM_2026-01-31_G10,10110026RAMOSM,2026-01-31,124483,1,4,0,304.0
10110026RAMOSM_2026-01-31_G11,10110026RAMOSM,2026-01-31,123345,1,2,0,594.0
10110026RAMOSM_2026-01-31_G12,10110026RAMOSM,2026-01-31,181887,1,3,0,479.0
10110026RAMOSM_2026-01-31_G13,10110026RAMOSM,2026-01-31,123345,1,6,0,329.0
10110026RAMOSM_2026-01-31_G14,10110026RAMOSM,2026-01-31,122982,1,10,0,315.0
10110026RAMOSM_2026-01-31_G15,10110026RAMOSM,2026-01-31,181887,1,4,0,798.0
10110026RAMOSM_2026-01-31_G16,10110026RAMOSM,2026-01-31,181057,1,13,0,634.0
10110026RAMOSM_2026-01-31_G17,10110026RAMOSM,2026-01-31,180094,1,2,0,513.0
10110026RAMOSM_2026-01-31_G18,10110026RAMOSM,2026-01-31,124624,1,8,0,591.0
10110026RAMOSM_2026-01-31_G19,10110026RAMOSM,2026-01-31,123909,1,3,0,134.0
10110026RAMOSM_2026-01-31_G20,10110026RAMOSM,2026-01-31,121760,1,4,0,1736.0
10110026RAMOSM_2026-01-31_G21,10110026RAMOSM,2026-01-31,124371,1,7,0,331.0
10110026RAMOSM_2026-01-31_G22,10110026RAMOSM,2026-01-31,123909,1,4,0,261.0
10110026RAMOSM_2026-01-31_G23,10110026RAMOSM,2026-01-31,181057,1,2,0,231.0
10110026RAMOSM_2026-01-31_G24,10110026RAMOSM,2026-01-31,122983,1,4,0,447.0
10110026RAMOSM_2026-01-31_G25,10110026RAMOSM,2026-01-31,122962,1,4,0,219.0
10110026RAMOSM_2026-01-31_G26,10110026RAMOSM,2026-01-31,122962,1,28,0,772.0
10110026RAMOSM_2026-01-31_G27,10110026RAMOSM,2026-01-31,123822,1,20,0,438.0
10110026RAMOSM_2026-01-31_G28,10110026RAMOSM,2026-01-31,122962,1,24,0,303.0
10110026RAMOSM_2026-02-04_G02,10110026RAMOSM,2026-02-04,121651,1,16,0,901.0
10110026RAMOSM_2026-02-04_G03,10110026RAMOSM,2026-02-04,121760,1,4,0,221.0
10110026RAMOSM_2026-02-04_G04,10110026RAMOSM,2026-02-04,120389,1,20,0,585.0
10110026RAMOSM_2026-02-04_G05,10110026RAMOSM,2026-02-04,124264,1,18,0,609.0
10110026RAMOSM_2026-02-04_G06,10110026RAMOSM,2026-02-04,123822,1,30,0,1221.0
10110026RAMOSM_2026-02-04_G07,10110026RAMOSM,2026-02-04,123343,1,4,0,359.0
10110026RAMOSM_2026-02-04_G08,10110026RAMOSM,2026-02-04,120389,1,20,0,974.0
10110026RAMOSM_2026-02-04_G09,10110026RAMOSM,2026-02-04,120028,1,40,0,1032.0
10110026RAMOSM_2026-02-04_G10,10110026RAMOSM,2026-02-04,120389,1,36,0,1813.0
10110026RAMOSM_2026-02-04_G11,10110026RAMOSM,2026-02-04,120028,1,36,0,1681.0
10110026RAMOSM_2026-02-04_G12,10110026RAMOSM,2026-02-04,122967,1,11,0,1776.0
10110026RAMOSM_2026-02-05_G02,10110026RAMOSM,2026-02-05,123822,1,18,0,1213.0
10110026RAMOSM_2026-02-05_G03,10110026RAMOSM,2026-02-05,122647,1,40,0,1126.0
10110026RAMOSM_2026-02-05_G04,10110026RAMOSM,2026-02-05,124486,1,40,0,1076.0
10110026RAMOSM_2026-02-05_G05,10110026RAMOSM,2026-02-05,120028,1,60,0,1452.0
10110026RAMOSM_2026-02-05_G06,10110026RAMOSM,2026-02-05,120389,1,20,0,601.0
10110026RAMOSM_2026-02-06_G02,10110026RAMOSM,2026-02-06,122962,1,4,0,121.0
10110026RAMOSM_2026-02-06_G03,10110026RAMOSM,2026-02-06,122962,1,4,0,125.0
10110026RAMOSM_2026-02-06_G04,10110026RAMOSM,2026-02-06,122984,1,4,0,167.0
10110026RAMOSM_2026-02-06_G05,10110026RAMOSM,2026-02-06,123153,1,4,0,434.0
10110026RAMOSM_2026-02-06_G06,10110026RAMOSM,2026-02-06,124486,1,6,0,581.0
10110026RAMOSM_2026-02-06_G07,10110026RAMOSM,2026-02-06,123909,1,3,0,559.0
10110026RAMOSM_2026-02-06_G08,10110026RAMOSM,2026-02-06,122986,1,8,0,286.0
10110026RAMOSM_2026-02-06_G09,10110026RAMOSM,2026-02-06,124248,1,12,0,625.0
10110026RAMOSM_2026-02-06_G10,10110026RAMOSM,2026-02-06,123313,1,4,0,377.0
10110026RAMOSM_2026-02-06_G11,10110026RAMOSM,2026-02-06,124624,1,20,0,1097.0
10110026RAMOSM_2026-02-06_G12,10110026RAMOSM,2026-02-06,123561,1,12,0,456.0
10110026RAMOSM_2026-02-06_G13,10110026RAMOSM,2026-02-06,122983,1,8,0,245.0
10110026RAMOSM_2026-02-06_G14,10110026RAMOSM,2026-02-06,123822,1,2,0,331.0
10110026RAMOSM_2026-02-06_G15,10110026RAMOSM,2026-02-06,122984,1,4,0,116.0
10110026RAMOSM_2026-02-06_G16,10110026RAMOSM,2026-02-06,124370,1,4,0,127.0
10110026RAMOSM_2026-02-06_G17,10110026RAMOSM,2026-02-06,122986,1,4,0,159.0
10110026RAMOSM_2026-02-06_G18,10110026RAMOSM,2026-02-06,124248,1,4,0,76.0
10110026RAMOSM_2026-02-06_G19,10110026RAMOSM,2026-02-06,122962,1,24,0,754.0
10110026RAMOSM_2026-02-06_G20,10110026RAMOSM,2026-02-06,122984,1,4,0,112.0
10110026RAMOSM_2026-02-06_G21,10110026RAMOSM,2026-02-06,122962,1,8,0,439.0
10110026RAMOSM_2026-02-06_G22,10110026RAMOSM,2026-02-06,122967,1,6,0,693.0
10110026RAMOSM_2026-02-06_G23,10110026RAMOSM,2026-02-06,122967,1,6,0,164.0
10110026RAMOSM_2026-02-06_G24,10110026RAMOSM,2026-02-06,122984,1,4,0,549.0
10110026RAMOSM_2026-02-06_G25,10110026RAMOSM,2026-02-06,122984,1,4,0,174.0
10110026RAMOSM_2026-02-06_G26,10110026RAMOSM,2026-02-06,122981,1,16,0,302.0
10110026RAMOSM_2026-02-06_G27,10110026RAMOSM,2026-02-06,124264,1,40,0,502.0
10110026RAMOSM_2026-02-06_G28,10110026RAMOSM,2026-02-06,123153,1,2,0,216.0
10110026RAMOSM_2026-02-06_G29,10110026RAMOSM,2026-02-06,124247,1,20,0,346.0
10110026RAMOSM_2026-02-06_G30,10110026RAMOSM,2026-02-06,122984,1,28,0,904.0
10110026RAMOSM_2026-02-06_G31,10110026RAMOSM,2026-02-06,124248,1,14,0,204.0
10110026RAMOSM_2026-02-06_G32,10110026RAMOSM,2026-02-06,123343,1,6,0,276.0
10110026RAMOSM_2026-02-06_G33,10110026RAMOSM,2026-02-06,123343,1,6,0,131.0
10110026RAMOSM_2026-02-06_G34,10110026RAMOSM,2026-02-06,122962,1,6,0,785.0
10110026RAMOSM_2026-02-06_G35,10110026RAMOSM,2026-02-06,124486,1,6,0,215.0
10110026RAMOSM_2026-02-06_G36,10110026RAMOSM,2026-02-06,123889,1,60,0,898.0
10110026RAMOSM_2026-02-06_G37,10110026RAMOSM,2026-02-06,122984,1,19,0,534.0
10110026RAMOSM_2026-02-06_G38,10110026RAMOSM,2026-02-06,122982,1,32,0,681.0
10110026RAMOSM_2026-02-06_G39,10110026RAMOSM,2026-02-06,122988,1,8,0,111.0
10110026RAMOSM_2026-02-06_G40,10110026RAMOSM,2026-02-06,120028,1,8,0,53.0
10110026RAMOSM_2026-02-06_G41,10110026RAMOSM,2026-02-06,124486,1,10,0,131.0
10110026RAMOSM_2026-02-06_G43,10110026RAMOSM,2026-02-06,120028,1,12,0,284.0
10110026RAMOSM_2026-02-06_G44,10110026RAMOSM,2026-02-06,122967,1,50,0,1488.0
10110026RAMOSM_2026-02-06_G45,10110026RAMOSM,2026-02-06,120028,1,170,0,2987.0
10110026RAMOSM_2026-02-07_G02,10110026RAMOSM,2026-02-07,121760,1,20,0,951.0
10110026RAMOSM_2026-02-07_G03,10110026RAMOSM,2026-02-07,120028,1,40,0,1106.0
10110026RAMOSM_2026-02-07_G04,10110026RAMOSM,2026-02-07,124370,1,50,0,2007.0
10110026RAMOSM_2026-02-07_G05,10110026RAMOSM,2026-02-07,123909,1,12,0,490.0
10110026RAMOSM_2026-02-07_G06,10110026RAMOSM,2026-02-07,124475,1,8,0,332.0
10110026RAMOSM_2026-02-07_G08,10110026RAMOSM,2026-02-07,122984,1,100,0,2788.0
10110026RAMOSM_2026-02-07_G09,10110026RAMOSM,2026-02-07,122983,1,36,0,865.0
10110026RAMOSM_2026-02-07_G11,10110026RAMOSM,2026-02-07,124624,1,6,0,1119.0
10110026RAMOSM_2026-02-07_G12,10110026RAMOSM,2026-02-07,124594,1,10,0,330.0
10110026RAMOSM_2026-02-07_G13,10110026RAMOSM,2026-02-07,122671,1,12,0,322.0
10110026RAMOSM_2026-02-07_G14,10110026RAMOSM,2026-02-07,124486,1,4,0,947.0
10110026RAMOSM_2026-02-09_G02,10110026RAMOSM,2026-02-09,122962,1,8,0,341.0
10110026RAMOSM_2026-02-09_G03,10110026RAMOSM,2026-02-09,124371,1,1,0,599.0
10110026RAMOSM_2026-02-09_G04,10110026RAMOSM,2026-02-09,124486,1,22,0,744.0
10110026RAMOSM_2026-02-09_G06,10110026RAMOSM,2026-02-09,123343,1,2,0,247.0
10110026RAMOSM_2026-02-09_G07,10110026RAMOSM,2026-02-09,121651,1,10,0,1208.0
10110026RAMOSM_2026-02-09_G08,10110026RAMOSM,2026-02-09,122982,1,4,0,410.0
10110026RAMOSM_2026-02-09_G09,10110026RAMOSM,2026-02-09,122962,1,8,0,272.0
10110026RAMOSM_2026-02-09_G10,10110026RAMOSM,2026-02-09,124486,1,20,0,1849.0
10110026RAMOSM_2026-02-09_G11,10110026RAMOSM,2026-02-09,120028,1,60,0,269.0
10110026RAMOSM_2026-02-09_G12,10110026RAMOSM,2026-02-09,123344,1,2,0,187.0
10110026RAMOSM_2026-02-09_G13,10110026RAMOSM,2026-02-09,121651,1,10,0,264.0
10110026RAMOSM_2026-02-09_G14,10110026RAMOSM,2026-02-09,124371,1,4,0,236.0
10110026RAMOSM_2026-02-09_G15,10110026RAMOSM,2026-02-09,121760,1,5,0,184.0
10110026RAMOSM_2026-02-09_G16,10110026RAMOSM,2026-02-09,123909,1,4,0,126.0
10110026RAMOSM_2026-02-09_G17,10110026RAMOSM,2026-02-09,124370,1,4,0,179.0
10110026RAMOSM_2026-02-09_G18,10110026RAMOSM,2026-02-09,124248,1,12,0,827.0
10110026RAMOSM_2026-02-09_G19,10110026RAMOSM,2026-02-09,123343,1,6,0,320.0
10110026RAMOSM_2026-02-09_G20,10110026RAMOSM,2026-02-09,123345,1,8,0,254.0
10110026RAMOSM_2026-02-09_G21,10110026RAMOSM,2026-02-09,124370,1,13,0,209.0
10110026RAMOSM_2026-02-09_G22,10110026RAMOSM,2026-02-09,123343,1,13,0,706.0
10110026RAMOSM_2026-02-09_G23,10110026RAMOSM,2026-02-09,123345,1,5,0,206.0
10110026RAMOSM_2026-02-09_G25,10110026RAMOSM,2026-02-09,122984,1,2,0,431.0
10110026RAMOSM_2026-02-09_G26,10110026RAMOSM,2026-02-09,123343,1,1,0,208.0
10110026RAMOSM_2026-02-09_G27,10110026RAMOSM,2026-02-09,181052,1,1,0,786.0
10110026RAMOSM_2026-02-09_G28,10110026RAMOSM,2026-02-09,181052,1,1,0,753.0
10110026RAMOSM_2026-02-09_G29,10110026RAMOSM,2026-02-09,181052,6,6,85,266.0
10110026RAMOSM_2026-02-09_G30,10110026RAMOSM,2026-02-09,122984,1,17,0,731.0
10110026RAMOSM_2026-02-09_G31,10110026RAMOSM,2026-02-09,124248,1,13,0,481.0
10110026RAMOSM_2026-02-09_G32,10110026RAMOSM,2026-02-09,124247,1,3,0,153.0
10110026RAMOSM_2026-02-09_G33,10110026RAMOSM,2026-02-09,121651,1,10,0,447.0
10110026RAMOSM_2026-02-09_G34,10110026RAMOSM,2026-02-09,121760,1,10,0,414.0
10110026RAMOSM_2026-02-09_G35,10110026RAMOSM,2026-02-09,121760,1,8,0,399.0
10110026RAMOSM_2026-02-09_G36,10110026RAMOSM,2026-02-09,124370,1,6,0,294.0
10110026RAMOSM_2026-02-10_G03,10110026RAMOSM,2026-02-10,124624,1,12,0,3194.0
10110026RAMOSM_2026-02-10_G04,10110026RAMOSM,2026-02-10,122962,1,20,0,335.0
10110026RAMOSM_2026-02-10_G05,10110026RAMOSM,2026-02-10,122962,1,5,0,259.0
10110026RAMOSM_2026-02-10_G06,10110026RAMOSM,2026-02-10,124486,1,24,0,510.0
10110026RAMOSM_2026-02-10_G07,10110026RAMOSM,2026-02-10,123313,1,4,0,341.0
10110026RAMOSM_2026-02-10_G08,10110026RAMOSM,2026-02-10,123345,1,84,0,3300.0
10110026RAMOSM_2026-02-10_G09,10110026RAMOSM,2026-02-10,122962,1,20,0,1134.0
10110026RAMOSM_2026-02-10_G10,10110026RAMOSM,2026-02-10,124486,1,4,0,160.0
10110026RAMOSM_2026-02-10_G11,10110026RAMOSM,2026-02-10,122647,1,6,0,247.0
10110026RAMOSM_2026-02-10_G12,10110026RAMOSM,2026-02-10,124247,1,10,0,1164.0
10110026RAMOSM_2026-02-10_G13,10110026RAMOSM,2026-02-10,124247,1,10,0,301.0
10110026RAMOSM_2026-02-10_G14,10110026RAMOSM,2026-02-10,124247,1,10,0,360.0
10110026RAMOSM_2026-02-10_G15,10110026RAMOSM,2026-02-10,122671,1,8,0,653.0
10110026RAMOSM_2026-02-10_G16,10110026RAMOSM,2026-02-10,122647,1,40,0,517.0
10110026RAMOSM_2026-02-10_G18,10110026RAMOSM,2026-02-10,122962,1,18,0,910.0
10110026RAMOSM_2026-02-10_G19,10110026RAMOSM,2026-02-10,122962,1,16,0,198.0
10110026RAMOSM_2026-02-10_G20,10110026RAMOSM,2026-02-10,124371,1,16,0,906.0
10110026RAMOSM_2026-02-10_G21,10110026RAMOSM,2026-02-10,121760,1,4,0,326.0
10110026RAMOSM_2026-02-10_G22,10110026RAMOSM,2026-02-10,124486,1,19,0,264.0
10110026RAMOSM_2026-02-10_G23,10110026RAMOSM,2026-02-10,124248,1,4,0,329.0
10110026RAMOSM_2026-02-10_G24,10110026RAMOSM,2026-02-10,122962,1,16,0,722.0
10110026RAMOSM_2026-02-10_G25,10110026RAMOSM,2026-02-10,124486,1,24,0,418.0
10110026RAMOSM_2026-02-10_G26,10110026RAMOSM,2026-02-10,123343,1,2,0,268.0
10110026RAMOSM_2026-02-10_G27,10110026RAMOSM,2026-02-10,123343,1,2,0,349.0
10110026RAMOSM_2026-02-10_G28,10110026RAMOSM,2026-02-10,123344,1,4,0,452.0
10110026RAMOSM_2026-02-10_G29,10110026RAMOSM,2026-02-10,122962,1,8,0,328.0
10110026RAMOSM_2026-02-11_G02,10110026RAMOSM,2026-02-11,124486,1,20,0,290.0
10110026RAMOSM_2026-02-11_G03,10110026RAMOSM,2026-02-11,122962,1,9,0,220.0
10110026RAMOSM_2026-02-11_G04,10110026RAMOSM,2026-02-11,124486,1,10,0,320.0
10110026RAMOSM_2026-02-11_G05,10110026RAMOSM,2026-02-11,122703,1,20,0,786.0
10110026RAMOSM_2026-02-11_G06,10110026RAMOSM,2026-02-11,122982,1,10,0,150.0
10110026RAMOSM_2026-02-11_G07,10110026RAMOSM,2026-02-11,122988,1,1,0,97.0
10110026RAMOSM_2026-02-11_G08,10110026RAMOSM,2026-02-11,124371,1,30,0,481.0
10110026RAMOSM_2026-02-11_G09,10110026RAMOSM,2026-02-11,124624,1,4,0,1076.0
10110026RAMOSM_2026-02-11_G10,10110026RAMOSM,2026-02-11,122962,1,1,0,228.0
10110026RAMOSM_2026-02-11_G11,10110026RAMOSM,2026-02-11,120271,1,2,0,193.0
10110026RAMOSM_2026-02-11_G12,10110026RAMOSM,2026-02-11,122982,1,6,0,509.0
10110026RAMOSM_2026-02-11_G13,10110026RAMOSM,2026-02-11,122984,1,1,0,191.0
10110026RAMOSM_2026-02-11_G14,10110026RAMOSM,2026-02-11,122983,1,4,0,112.0
10110026RAMOSM_2026-02-11_G15,10110026RAMOSM,2026-02-11,123909,1,6,0,475.0
10110026RAMOSM_2026-02-11_G16,10110026RAMOSM,2026-02-11,122185,1,6,0,227.0
10110026RAMOSM_2026-02-11_G17,10110026RAMOSM,2026-02-11,123345,1,4,0,366.0
10110026RAMOSM_2026-02-11_G18,10110026RAMOSM,2026-02-11,124264,1,10,0,643.0
10110026RAMOSM_2026-02-11_G19,10110026RAMOSM,2026-02-11,120028,1,22,0,1024.0
10110026RAMOSM_2026-02-11_G20,10110026RAMOSM,2026-02-11,123345,1,4,0,316.0
10110026RAMOSM_2026-02-11_G21,10110026RAMOSM,2026-02-11,120028,1,50,0,1590.0
10110026RAMOSM_2026-02-11_G22,10110026RAMOSM,2026-02-11,122984,1,6,0,299.0
10110026RAMOSM_2026-02-11_G23,10110026RAMOSM,2026-02-11,123909,1,2,0,249.0
10110026RAMOSM_2026-02-11_G24,10110026RAMOSM,2026-02-11,122962,1,8,0,248.0
10110026RAMOSM_2026-02-11_G25,10110026RAMOSM,2026-02-11,124486,1,16,0,779.0
10110026RAMOSM_2026-02-11_G26,10110026RAMOSM,2026-02-11,124248,1,5,0,228.0
10110026RAMOSM_2026-02-11_G27,10110026RAMOSM,2026-02-11,124548,1,6,0,194.0
10110026RAMOSM_2026-02-11_G28,10110026RAMOSM,2026-02-11,122185,1,23,0,877.0
10110026RAMOSM_2026-02-11_G30,10110026RAMOSM,2026-02-11,123822,1,100,0,2092.0
10110026RAMOSM_2026-02-11_G31,10110026RAMOSM,2026-02-11,121760,1,3,0,363.0
10110026RAMOSM_2026-02-11_G32,10110026RAMOSM,2026-02-11,124486,1,6,0,209.0
10110026RAMOSM_2026-02-11_G33,10110026RAMOSM,2026-02-11,124370,1,2,0,192.0
10110026RAMOSM_2026-02-11_G34,10110026RAMOSM,2026-02-11,123909,1,2,0,146.0
10110026RAMOSM_2026-02-11_G35,10110026RAMOSM,2026-02-11,123345,1,2,0,346.0
10110026RAMOSM_2026-02-11_G36,10110026RAMOSM,2026-02-11,122962,1,32,0,889.0
10110026RAMOSM_2026-02-11_G37,10110026RAMOSM,2026-02-11,123822,1,8,0,307.0
10110026RAMOSM_2026-02-12_G02,10110026RAMOSM,2026-02-12,124483,1,10,0,596.0
10110026RAMOSM_2026-02-12_G03,10110026RAMOSM,2026-02-12,124624,1,4,0,470.0
10110026RAMOSM_2026-02-12_G04,10110026RAMOSM,2026-02-12,122984,1,16,0,229.0
10110026RAMOSM_2026-02-12_G05,10110026RAMOSM,2026-02-12,122984,1,4,0,80.0
10110026RAMOSM_2026-02-12_G06,10110026RAMOSM,2026-02-12,122983,1,10,0,414.0
10110026RAMOSM_2026-02-12_G07,10110026RAMOSM,2026-02-12,123344,1,9,0,821.0
10110026RAMOSM_2026-02-12_G08,10110026RAMOSM,2026-02-12,124624,1,2,0,122.0
10110026RAMOSM_2026-02-12_G09,10110026RAMOSM,2026-02-12,124594,1,8,0,226.0
10110026RAMOSM_2026-02-12_G10,10110026RAMOSM,2026-02-12,122671,1,1,0,243.0
10110026RAMOSM_2026-02-12_G11,10110026RAMOSM,2026-02-12,122962,1,4,0,159.0
10110026RAMOSM_2026-02-12_G12,10110026RAMOSM,2026-02-12,122703,1,12,0,344.0
10110026RAMOSM_2026-02-12_G13,10110026RAMOSM,2026-02-12,124476,1,4,0,111.0
10110026RAMOSM_2026-02-12_G14,10110026RAMOSM,2026-02-12,120028,1,7,0,197.0
10110026RAMOSM_2026-02-12_G15,10110026RAMOSM,2026-02-12,122983,1,4,0,548.0
10110026RAMOSM_2026-02-12_G16,10110026RAMOSM,2026-02-12,124475,1,4,0,170.0
10110026RAMOSM_2026-02-12_G17,10110026RAMOSM,2026-02-12,122986,1,4,0,185.0
10110026RAMOSM_2026-02-12_G18,10110026RAMOSM,2026-02-12,124248,1,8,0,191.0
10110026RAMOSM_2026-02-12_G19,10110026RAMOSM,2026-02-12,123344,1,2,0,1910.0
10110026RAMOSM_2026-02-12_G20,10110026RAMOSM,2026-02-12,122984,1,8,0,264.0
10110026RAMOSM_2026-02-12_G21,10110026RAMOSM,2026-02-12,121651,1,2,0,183.0
10110026RAMOSM_2026-02-12_G22,10110026RAMOSM,2026-02-12,121760,1,2,0,261.0
10110026RAMOSM_2026-02-12_G23,10110026RAMOSM,2026-02-12,124370,1,2,0,132.0
10110026RAMOSM_2026-02-12_G24,10110026RAMOSM,2026-02-12,124475,1,2,0,121.0
10110026RAMOSM_2026-02-12_G25,10110026RAMOSM,2026-02-12,123909,1,4,0,190.0
10110026RAMOSM_2026-02-12_G26,10110026RAMOSM,2026-02-12,124248,1,8,0,190.0
10110026RAMOSM_2026-02-12_G27,10110026RAMOSM,2026-02-12,124486,1,1,0,151.0
10110026RAMOSM_2026-02-12_G28,10110026RAMOSM,2026-02-12,123345,1,3,0,327.0
10110026RAMOSM_2026-02-12_G29,10110026RAMOSM,2026-02-12,122962,1,80,0,1303.0
10110026RAMOSM_2026-02-12_G30,10110026RAMOSM,2026-02-12,123344,1,2,0,253.0
10110026RAMOSM_2026-02-12_G31,10110026RAMOSM,2026-02-12,124594,1,3,0,386.0
10110026RAMOSM_2026-02-12_G32,10110026RAMOSM,2026-02-12,124477,1,6,0,449.0
10110026RAMOSM_2026-02-12_G33,10110026RAMOSM,2026-02-12,122671,1,4,0,109.0
10110026RAMOSM_2026-02-12_G34,10110026RAMOSM,2026-02-12,122984,1,9,0,184.0
10110026RAMOSM_2026-02-12_G35,10110026RAMOSM,2026-02-12,124370,1,4,0,547.0
10110026RAMOSM_2026-02-12_G36,10110026RAMOSM,2026-02-12,124475,1,2,0,140.0
10110026RAMOSM_2026-02-12_G37,10110026RAMOSM,2026-02-12,123909,1,4,0,180.0
10110026RAMOSM_2026-02-13_G02,10110026RAMOSM,2026-02-13,180073,1,1,0,666.0
10110026RAMOSM_2026-02-13_G03,10110026RAMOSM,2026-02-13,124247,1,12,0,493.0
10110026RAMOSM_2026-02-13_G04,10110026RAMOSM,2026-02-13,124624,1,12,0,796.0
10110026RAMOSM_2026-02-13_G05,10110026RAMOSM,2026-02-13,124594,1,6,0,648.0
10110026RAMOSM_2026-02-13_G06,10110026RAMOSM,2026-02-13,124486,1,40,0,1279.0
10110026RAMOSM_2026-02-13_G07,10110026RAMOSM,2026-02-13,122671,1,2,0,201.0
10110026RAMOSM_2026-02-13_G08,10110026RAMOSM,2026-02-13,122962,1,4,0,147.0
10110026RAMOSM_2026-02-13_G09,10110026RAMOSM,2026-02-13,124370,1,4,0,210.0
10110026RAMOSM_2026-02-13_G10,10110026RAMOSM,2026-02-13,124486,1,10,0,189.0
10110026RAMOSM_2026-02-13_G11,10110026RAMOSM,2026-02-13,124486,1,10,0,214.0
10110026RAMOSM_2026-02-13_G12,10110026RAMOSM,2026-02-13,121651,1,8,0,179.0
10110026RAMOSM_2026-02-13_G13,10110026RAMOSM,2026-02-13,122984,1,10,0,600.0
10110026RAMOSM_2026-02-13_G14,10110026RAMOSM,2026-02-13,123153,1,10,0,229.0
10110026RAMOSM_2026-02-13_G15,10110026RAMOSM,2026-02-13,123153,1,1,0,1999.0
10110026RAMOSM_2026-02-13_G16,10110026RAMOSM,2026-02-13,123343,1,2,0,1153.0
10110026RAMOSM_2026-02-13_G18,10110026RAMOSM,2026-02-13,122962,1,12,0,273.0
10110026RAMOSM_2026-02-13_G19,10110026RAMOSM,2026-02-13,124486,1,20,0,261.0
10110026RAMOSM_2026-02-13_G20,10110026RAMOSM,2026-02-13,121651,1,10,0,268.0
10110026RAMOSM_2026-02-13_G21,10110026RAMOSM,2026-02-13,121760,1,20,0,561.0
10110026RAMOSM_2026-02-13_G23,10110026RAMOSM,2026-02-13,123521,1,2,0,109.0
10110026RAMOSM_2026-02-13_G24,10110026RAMOSM,2026-02-13,124247,1,4,0,139.0
10110026RAMOSM_2026-02-13_G25,10110026RAMOSM,2026-02-13,123345,1,10,0,477.0
10110026RAMOSM_2026-02-13_G26,10110026RAMOSM,2026-02-13,124486,1,12,0,1969.0
10110026RAMOSM_2026-02-14_G02,10110026RAMOSM,2026-02-14,124247,1,4,0,2473.0
10110026RAMOSM_2026-02-14_G03,10110026RAMOSM,2026-02-14,122967,1,4,0,147.0
10110026RAMOSM_2026-02-14_G04,10110026RAMOSM,2026-02-14,123153,1,2,0,330.0
10110026RAMOSM_2026-02-14_G05,10110026RAMOSM,2026-02-14,124624,1,7,0,372.0
10110026RAMOSM_2026-02-14_G06,10110026RAMOSM,2026-02-14,124486,1,20,0,472.0
10110026RAMOSM_2026-02-14_G07,10110026RAMOSM,2026-02-14,124247,1,52,0,1361.0
10110026RAMOSM_2026-02-14_G08,10110026RAMOSM,2026-02-14,122988,1,3,0,103.0
10110026RAMOSM_2026-02-14_G09,10110026RAMOSM,2026-02-14,122984,1,29,0,833.0
10110026RAMOSM_2026-02-14_G10,10110026RAMOSM,2026-02-14,122984,1,60,0,1414.0
10110026RAMOSM_2026-02-14_G11,10110026RAMOSM,2026-02-14,122986,1,1,0,328.0
10110026RAMOSM_2026-02-14_G12,10110026RAMOSM,2026-02-14,123345,1,3,0,1750.0
10110026RAMOSM_2026-02-14_G13,10110026RAMOSM,2026-02-14,122185,1,51,0,2978.0
10110026RAMOSM_2026-02-14_G14,10110026RAMOSM,2026-02-14,122962,1,90,0,2122.0
10110026RAMOSM_2026-02-14_G15,10110026RAMOSM,2026-02-14,122988,1,8,0,304.0
10110026RAMOSM_2026-02-14_G16,10110026RAMOSM,2026-02-14,122984,1,9,0,256.0
10110026RAMOSM_2026-02-14_G17,10110026RAMOSM,2026-02-14,123313,1,2,0,2640.0
10110026RAMOSM_2026-02-14_G19,10110026RAMOSM,2026-02-14,122962,1,50,0,1673.0
10110026RAMOSM_2026-02-16_G02,10110026RAMOSM,2026-02-16,123560,1,4,0,608.0
10110026RAMOSM_2026-02-16_G03,10110026RAMOSM,2026-02-16,124594,1,12,0,723.0
10110026RAMOSM_2026-02-16_G04,10110026RAMOSM,2026-02-16,120339,1,4,0,113.0
10110026RAMOSM_2026-02-16_G05,10110026RAMOSM,2026-02-16,120339,1,6,0,240.0
10110026RAMOSM_2026-02-16_G06,10110026RAMOSM,2026-02-16,120339,1,6,0,91.0
10110026RAMOSM_2026-02-16_G07,10110026RAMOSM,2026-02-16,120339,1,2,0,53.0
10110026RAMOSM_2026-02-16_G08,10110026RAMOSM,2026-02-16,120339,1,20,0,370.0
10110026RAMOSM_2026-02-16_G09,10110026RAMOSM,2026-02-16,120339,1,2,0,68.0
10110026RAMOSM_2026-02-16_G10,10110026RAMOSM,2026-02-16,120339,1,20,0,354.0
10110026RAMOSM_2026-02-16_G11,10110026RAMOSM,2026-02-16,120339,1,4,0,128.0
10110026RAMOSM_2026-02-16_G12,10110026RAMOSM,2026-02-16,120339,1,6,0,35.0
10110026RAMOSM_2026-02-16_G13,10110026RAMOSM,2026-02-16,120339,1,2,0,95.0
10110026RAMOSM_2026-02-16_G14,10110026RAMOSM,2026-02-16,120339,1,10,0,359.0
10110026RAMOSM_2026-02-16_G15,10110026RAMOSM,2026-02-16,120339,1,4,0,98.0
10110026RAMOSM_2026-02-16_G16,10110026RAMOSM,2026-02-16,120339,1,12,0,221.0
10110026RAMOSM_2026-02-16_G17,10110026RAMOSM,2026-02-16,120339,1,8,0,518.0
10110026RAMOSM_2026-02-16_G18,10110026RAMOSM,2026-02-16,123561,1,16,0,1925.0
10110026RAMOSM_2026-02-16_G19,10110026RAMOSM,2026-02-16,123561,1,12,0,372.0
10110026RAMOSM_2026-02-16_G20,10110026RAMOSM,2026-02-16,122981,1,24,0,427.0
10110026RAMOSM_2026-02-16_G21,10110026RAMOSM,2026-02-16,123313,3,40,26,39.0
10110026RAMOSM_2026-02-16_G22,10110026RAMOSM,2026-02-16,120271,1,6,0,156.0
10110026RAMOSM_2026-02-16_G23,10110026RAMOSM,2026-02-16,122983,1,44,0,769.0
10110026RAMOSM_2026-02-16_G24,10110026RAMOSM,2026-02-16,122983,1,12,0,304.0
10110026RAMOSM_2026-02-16_G25,10110026RAMOSM,2026-02-16,122983,1,12,0,349.0
10110026RAMOSM_2026-02-16_G26,10110026RAMOSM,2026-02-16,122983,1,32,0,579.0
10110026RAMOSM_2026-02-16_G27,10110026RAMOSM,2026-02-16,123344,1,3,0,1298.0
10110026RAMOSM_2026-02-16_G28,10110026RAMOSM,2026-02-16,121760,1,6,0,386.0
10110026RAMOSM_2026-02-16_G29,10110026RAMOSM,2026-02-16,123909,1,3,0,1139.0
10110026RAMOSM_2026-02-16_G30,10110026RAMOSM,2026-02-16,123345,1,5,0,372.0
10110026RAMOSM_2026-02-16_G31,10110026RAMOSM,2026-02-16,123343,1,3,0,123.0
10110026RAMOSM_2026-02-16_G32,10110026RAMOSM,2026-02-16,123909,1,2,0,428.0
10110026RAMOSM_2026-02-16_G33,10110026RAMOSM,2026-02-16,123343,1,12,0,1236.0
10110026RAMOSM_2026-02-16_G34,10110026RAMOSM,2026-02-16,123344,1,2,0,122.0
10110026RAMOSM_2026-02-16_G35,10110026RAMOSM,2026-02-16,124475,1,2,0,138.0
10110026RAMOSM_2026-02-16_G36,10110026RAMOSM,2026-02-16,121760,1,6,0,168.0
10110026RAMOSM_2026-02-16_G38,10110026RAMOSM,2026-02-16,121760,1,2,0,216.0
10110026RAMOSM_2026-02-16_G39,10110026RAMOSM,2026-02-16,123344,1,2,0,273.0
10110026RAMOSM_2026-02-16_G40,10110026RAMOSM,2026-02-16,123344,1,4,0,349.0
10110026RAMOSM_2026-02-16_G41,10110026RAMOSM,2026-02-16,123345,1,8,0,331.0
10110026RAMOSM_2026-02-16_G42,10110026RAMOSM,2026-02-16,124486,1,1,0,197.0
10110026RAMOSM_2026-02-16_G43,10110026RAMOSM,2026-02-16,120389,1,10,0,943.0
10110026RAMOSM_2026-02-16_G44,10110026RAMOSM,2026-02-16,122962,1,20,0,382.0
10110026RAMOSM_2026-02-16_G45,10110026RAMOSM,2026-02-16,122962,1,20,0,303.0
10110026RAMOSM_2026-02-16_G46,10110026RAMOSM,2026-02-16,122962,1,12,0,463.0
10110026RAMOSM_2026-02-16_G47,10110026RAMOSM,2026-02-16,122984,1,2,0,153.0
10110026RAMOSM_2026-02-16_G48,10110026RAMOSM,2026-02-16,122968,1,1,0,245.0
10110026RAMOSM_2026-02-16_G49,10110026RAMOSM,2026-02-16,123345,1,25,0,639.0
10110026RAMOSM_2026-02-16_G50,10110026RAMOSM,2026-02-16,123345,1,12,0,370.0
10110026RAMOSM_2026-02-16_G51,10110026RAMOSM,2026-02-16,123343,1,4,0,169.0
10110026RAMOSM_2026-02-16_G52,10110026RAMOSM,2026-02-16,123343,1,2,0,207.0
10110026RAMOSM_2026-02-16_G53,10110026RAMOSM,2026-02-16,122983,1,8,0,175.0
10110026RAMOSM_2026-02-16_G54,10110026RAMOSM,2026-02-16,122962,1,40,0,1000.0
10110026RAMOSM_2026-02-16_G55,10110026RAMOSM,2026-02-16,123344,1,2,0,127.0
10110026RAMOSM_2026-02-17_G02,10110026RAMOSM,2026-02-17,123345,1,2,0,453.0
10110026RAMOSM_2026-02-17_G03,10110026RAMOSM,2026-02-17,124486,1,2,0,180.0
10110026RAMOSM_2026-02-17_G04,10110026RAMOSM,2026-02-17,123153,1,20,0,838.0
10110026RAMOSM_2026-02-17_G05,10110026RAMOSM,2026-02-17,123345,1,37,0,575.0
10110026RAMOSM_2026-02-17_G06,10110026RAMOSM,2026-02-17,123343,1,2,0,288.0
10110026RAMOSM_2026-02-17_G07,10110026RAMOSM,2026-02-17,123909,1,4,0,377.0
10110026RAMOSM_2026-02-17_G08,10110026RAMOSM,2026-02-17,122962,1,4,0,260.0
10110026RAMOSM_2026-02-17_G09,10110026RAMOSM,2026-02-17,121760,1,9,0,304.0
10110026RAMOSM_2026-02-17_G10,10110026RAMOSM,2026-02-17,121760,1,21,0,627.0
10110026RAMOSM_2026-02-17_G11,10110026RAMOSM,2026-02-17,123345,1,9,0,311.0
10110026RAMOSM_2026-02-17_G12,10110026RAMOSM,2026-02-17,123343,1,5,0,317.0
10110026RAMOSM_2026-02-17_G13,10110026RAMOSM,2026-02-17,123344,1,17,0,778.0
10110026RAMOSM_2026-02-17_G14,10110026RAMOSM,2026-02-17,124370,1,3,0,143.0
10110026RAMOSM_2026-02-17_G15,10110026RAMOSM,2026-02-17,124486,1,10,0,134.0
10110026RAMOSM_2026-02-17_G16,10110026RAMOSM,2026-02-17,124247,1,2,0,88.0
10110026RAMOSM_2026-02-17_G17,10110026RAMOSM,2026-02-17,122703,1,30,0,506.0
10110026RAMOSM_2026-02-17_G18,10110026RAMOSM,2026-02-17,123153,1,4,0,238.0
10110026RAMOSM_2026-02-17_G19,10110026RAMOSM,2026-02-17,123345,1,2,0,194.0
10110026RAMOSM_2026-02-17_G20,10110026RAMOSM,2026-02-17,122962,1,19,0,1175.0
10110026RAMOSM_2026-02-17_G21,10110026RAMOSM,2026-02-17,124486,1,16,0,202.0
10110026RAMOSM_2026-02-17_G22,10110026RAMOSM,2026-02-17,124475,1,2,0,188.0
10110026RAMOSM_2026-02-17_G23,10110026RAMOSM,2026-02-17,121760,1,4,0,94.0
10110026RAMOSM_2026-02-17_G24,10110026RAMOSM,2026-02-17,122984,1,10,0,213.0
10110026RAMOSM_2026-02-17_G25,10110026RAMOSM,2026-02-17,122962,1,16,0,431.0
10110026RAMOSM_2026-02-17_G26,10110026RAMOSM,2026-02-17,122703,1,8,0,176.0
10110026RAMOSM_2026-02-17_G27,10110026RAMOSM,2026-02-17,122982,1,4,0,151.0
10110026RAMOSM_2026-02-17_G28,10110026RAMOSM,2026-02-17,124370,1,4,0,180.0
10110026RAMOSM_2026-02-17_G29,10110026RAMOSM,2026-02-17,121651,1,4,0,239.0
10110026RAMOSM_2026-02-17_G30,10110026RAMOSM,2026-02-17,124371,1,12,0,475.0
10110026RAMOSM_2026-02-17_G31,10110026RAMOSM,2026-02-17,124486,1,4,0,112.0
10110026RAMOSM_2026-02-17_G32,10110026RAMOSM,2026-02-17,122983,1,7,0,344.0
10110026RAMOSM_2026-02-17_G33,10110026RAMOSM,2026-02-17,124248,1,7,0,315.0
10110026RAMOSM_2026-02-17_G34,10110026RAMOSM,2026-02-17,122962,1,16,0,489.0
10110026RAMOSM_2026-02-17_G35,10110026RAMOSM,2026-02-17,123345,1,4,0,2478.0
10110026RAMOSM_2026-02-17_G36,10110026RAMOSM,2026-02-17,123909,1,1,0,292.0
10110026RAMOSM_2026-02-17_G37,10110026RAMOSM,2026-02-17,123153,1,10,0,361.0
10110026RAMOSM_2026-02-17_G38,10110026RAMOSM,2026-02-17,123153,1,10,0,108.0
10110026RAMOSM_2026-02-17_G40,10110026RAMOSM,2026-02-17,122984,1,4,0,495.0
10110026RAMOSM_2026-02-17_G41,10110026RAMOSM,2026-02-17,122962,1,4,0,586.0
10110026RAMOSM_2026-02-17_G42,10110026RAMOSM,2026-02-17,124247,1,30,0,767.0
10110026RAMOSM_2026-02-17_G43,10110026RAMOSM,2026-02-17,122983,1,12,0,312.0
10110026RAMOSM_2026-02-17_G44,10110026RAMOSM,2026-02-17,"123345, 123343",2,70,9,64.0
10110026RAMOSM_2026-02-17_G45,10110026RAMOSM,2026-02-17,122962,1,4,0,1104.0
10110026RAMOSM_2026-02-17_G46,10110026RAMOSM,2026-02-17,120028,1,8,0,143.0
10110026RAMOSM_2026-02-17_G47,10110026RAMOSM,2026-02-17,124486,1,2,0,97.0
10110026RAMOSM_2026-02-17_G48,10110026RAMOSM,2026-02-17,121760,1,5,0,244.0
10110026RAMOSM_2026-02-17_G49,10110026RAMOSM,2026-02-17,123909,1,10,0,400.0
10110026RAMOSM_2026-02-17_G50,10110026RAMOSM,2026-02-17,124486,1,20,0,233.0
10110026RAMOSM_2026-02-17_G51,10110026RAMOSM,2026-02-17,123313,1,12,0,1050.0
10110026RAMOSM_2026-02-17_G52,10110026RAMOSM,2026-02-17,123520,1,12,0,321.0
10110026RAMOSM_2026-02-18_G02,10110026RAMOSM,2026-02-18,123313,1,2,0,493.0
10110026RAMOSM_2026-02-18_G03,10110026RAMOSM,2026-02-18,123889,1,50,0,1662.0
10110026RAMOSM_2026-02-18_G04,10110026RAMOSM,2026-02-18,122185,1,28,0,1339.0
10110026RAMOSM_2026-02-18_G05,10110026RAMOSM,2026-02-18,122185,1,20,0,482.0
10110026RAMOSM_2026-02-18_G06,10110026RAMOSM,2026-02-18,122962,1,20,0,823.0
10110026RAMOSM_2026-02-18_G07,10110026RAMOSM,2026-02-18,124486,1,20,0,278.0
10110026RAMOSM_2026-02-18_G08,10110026RAMOSM,2026-02-18,122962,1,8,0,472.0
10110026RAMOSM_2026-02-18_G09,10110026RAMOSM,2026-02-18,124486,1,20,0,465.0
10110026RAMOSM_2026-02-19_G02,10110026RAMOSM,2026-02-19,122962,1,48,0,898.0
10110026RAMOSM_2026-02-19_G03,10110026RAMOSM,2026-02-19,122962,1,16,0,508.0
10110026RAMOSM_2026-02-19_G04,10110026RAMOSM,2026-02-19,123492,1,5,0,810.0
10110026RAMOSM_2026-02-19_G05,10110026RAMOSM,2026-02-19,124486,1,10,0,1165.0
10110026RAMOSM_2026-02-19_G06,10110026RAMOSM,2026-02-19,123822,1,12,0,252.0
10110026RAMOSM_2026-02-19_G07,10110026RAMOSM,2026-02-19,124486,1,8,0,840.0
10110026RAMOSM_2026-02-19_G08,10110026RAMOSM,2026-02-19,122185,1,46,0,1154.0
10110026RAMOSM_2026-02-19_G09,10110026RAMOSM,2026-02-19,122984,1,24,0,874.0
10110026RAMOSM_2026-02-19_G10,10110026RAMOSM,2026-02-19,123345,1,16,0,945.0
10110026RAMOSM_2026-02-19_G11,10110026RAMOSM,2026-02-19,123343,1,14,0,396.0
10110026RAMOSM_2026-02-19_G12,10110026RAMOSM,2026-02-19,124248,1,2,0,3277.0
10110026RAMOSM_2026-02-19_G13,10110026RAMOSM,2026-02-19,122981,1,12,0,665.0
10110026RAMOSM_2026-02-19_G14,10110026RAMOSM,2026-02-19,120271,1,6,0,190.0
10110026RAMOSM_2026-02-19_G15,10110026RAMOSM,2026-02-19,122984,1,8,0,115.0
10110026RAMOSM_2026-02-19_G16,10110026RAMOSM,2026-02-19,122962,1,4,0,208.0
10110026RAMOSM_2026-02-19_G17,10110026RAMOSM,2026-02-19,124475,1,6,0,296.0
10110026RAMOSM_2026-02-19_G18,10110026RAMOSM,2026-02-19,123345,1,4,0,545.0
10110026RAMOSM_2026-02-19_G19,10110026RAMOSM,2026-02-19,122962,1,8,0,800.0
10110026RAMOSM_2026-02-19_G20,10110026RAMOSM,2026-02-19,124486,1,30,0,711.0
10110026RAMOSM_2026-02-19_G22,10110026RAMOSM,2026-02-19,124486,1,2,0,215.0
10110026RAMOSM_2026-02-19_G23,10110026RAMOSM,2026-02-19,124486,1,12,0,362.0
10110026RAMOSM_2026-02-19_G24,10110026RAMOSM,2026-02-19,123909,1,11,0,343.0
10110026RAMOSM_2026-02-19_G25,10110026RAMOSM,2026-02-19,124624,1,1,0,180.0
10110026RAMOSM_2026-02-19_G26,10110026RAMOSM,2026-02-19,124247,1,2,0,126.0
10110026RAMOSM_2026-02-19_G27,10110026RAMOSM,2026-02-19,124475,1,2,0,179.0
10110026RAMOSM_2026-02-19_G28,10110026RAMOSM,2026-02-19,124248,1,4,0,227.0
10110026RAMOSM_2026-02-20_G02,10110026RAMOSM,2026-02-20,123344,1,30,0,1761.0
10110026RAMOSM_2026-02-20_G03,10110026RAMOSM,2026-02-20,123344,1,20,0,750.0
10110026RAMOSM_2026-02-20_G04,10110026RAMOSM,2026-02-20,120389,1,6,0,312.0
10110026RAMOSM_2026-02-20_G05,10110026RAMOSM,2026-02-20,122962,1,6,0,223.0
10110026RAMOSM_2026-02-20_G06,10110026RAMOSM,2026-02-20,122988,1,2,0,173.0
10110026RAMOSM_2026-02-20_G07,10110026RAMOSM,2026-02-20,124475,1,36,0,1476.0
10110026RAMOSM_2026-02-20_G08,10110026RAMOSM,2026-02-20,124476,1,18,0,579.0
10110026RAMOSM_2026-02-20_G09,10110026RAMOSM,2026-02-20,123153,1,2,0,87.0
10110026RAMOSM_2026-02-20_G10,10110026RAMOSM,2026-02-20,123153,1,84,0,1654.0
10110026RAMOSM_2026-02-20_G11,10110026RAMOSM,2026-02-20,121760,1,8,0,461.0
10110026RAMOSM_2026-02-20_G12,10110026RAMOSM,2026-02-20,124371,1,4,0,197.0
10110026RAMOSM_2026-02-20_G13,10110026RAMOSM,2026-02-20,124371,1,2,0,118.0
10110026RAMOSM_2026-02-20_G14,10110026RAMOSM,2026-02-20,124475,1,26,0,1280.0
10110026RAMOSM_2026-02-20_G15,10110026RAMOSM,2026-02-20,"123345, 123343",4,116,39,1481.0
10110026RAMOSM_2026-02-20_G16,10110026RAMOSM,2026-02-20,123345,1,40,0,2009.0
10110026RAMOSM_2026-02-21_G02,10110026RAMOSM,2026-02-21,120028,1,30,0,698.0
10110026RAMOSM_2026-02-21_G03,10110026RAMOSM,2026-02-21,123822,1,130,0,3337.0
10110026RAMOSM_2026-02-21_G04,10110026RAMOSM,2026-02-21,122962,1,24,0,1224.0
10110026RAMOSM_2026-02-21_G05,10110026RAMOSM,2026-02-21,124486,1,11,0,328.0
10110026RAMOSM_2026-02-21_G06,10110026RAMOSM,2026-02-21,120389,1,10,0,1139.0
10110026RAMOSM_2026-02-21_G07,10110026RAMOSM,2026-02-21,181235,1,20,0,2786.0
10110026RAMOSM_2026-02-21_G08,10110026RAMOSM,2026-02-21,181057,1,40,0,913.0
10110026RAMOSM_2026-02-21_G09,10110026RAMOSM,2026-02-21,181052,1,4,0,352.0
10110026RAMOSM_2026-02-21_G10,10110026RAMOSM,2026-02-21,181235,1,4,0,128.0
10110026RAMOSM_2026-02-21_G11,10110026RAMOSM,2026-02-21,181057,1,4,0,180.0
10110026RAMOSM_2026-02-21_G12,10110026RAMOSM,2026-02-21,122983,1,10,0,1637.0
10110026RAMOSM_2026-02-21_G13,10110026RAMOSM,2026-02-21,123343,1,6,0,325.0
10110026RAMOSM_2026-02-23_G02,10110026RAMOSM,2026-02-23,122967,1,14,0,273.0
10110026RAMOSM_2026-02-23_G03,10110026RAMOSM,2026-02-23,123909,1,50,0,2736.0
10110026RAMOSM_2026-02-23_G04,10110026RAMOSM,2026-02-23,123345,1,30,0,589.0
10110026RAMOSM_2026-02-23_G05,10110026RAMOSM,2026-02-23,123343,1,30,0,477.0
10110026RAMOSM_2026-02-23_G06,10110026RAMOSM,2026-02-23,123345,1,8,0,465.0
10110026RAMOSM_2026-02-23_G07,10110026RAMOSM,2026-02-23,124247,1,12,0,425.0
10110026RAMOSM_2026-02-23_G08,10110026RAMOSM,2026-02-23,122967,1,5,0,243.0
10110026RAMOSM_2026-02-23_G09,10110026RAMOSM,2026-02-23,122962,1,50,0,733.0
10110026RAMOSM_2026-02-23_G10,10110026RAMOSM,2026-02-23,124486,1,12,0,993.0
10110026RAMOSM_2026-02-24_G02,10110026RAMOSM,2026-02-24,123909,1,4,0,177.0
10110026RAMOSM_2026-02-24_G03,10110026RAMOSM,2026-02-24,122962,1,12,0,2042.0
10110026RAMOSM_2026-02-24_G04,10110026RAMOSM,2026-02-24,124486,1,12,0,509.0
10110026RAMOSM_2026-02-24_G05,10110026RAMOSM,2026-02-24,124371,1,12,0,364.0
10110026RAMOSM_2026-02-24_G06,10110026RAMOSM,2026-02-24,123345,1,12,0,1007.0
10110026RAMOSM_2026-02-24_G07,10110026RAMOSM,2026-02-24,123343,1,32,0,778.0
10110026RAMOSM_2026-02-24_G08,10110026RAMOSM,2026-02-24,124486,1,12,0,323.0
10110026RAMOSM_2026-02-24_G10,10110026RAMOSM,2026-02-24,123909,1,4,0,229.0
10110026RAMOSM_2026-02-24_G11,10110026RAMOSM,2026-02-24,124247,1,9,0,426.0
10110026RAMOSM_2026-02-24_G12,10110026RAMOSM,2026-02-24,124486,1,40,0,759.0
10110026RAMOSM_2026-02-24_G13,10110026RAMOSM,2026-02-24,122185,1,40,0,971.0
10110026RAMOSM_2026-02-24_G14,10110026RAMOSM,2026-02-24,123822,1,50,0,880.0
10110026RAMOSM_2026-02-24_G15,10110026RAMOSM,2026-02-24,120028,1,50,0,899.0
10110026RAMOSM_2026-02-24_G16,10110026RAMOSM,2026-02-24,123822,1,50,0,570.0
10110026RAMOSM_2026-02-25_G02,10110026RAMOSM,2026-02-25,122962,1,100,0,2675.0
10110026RAMOSM_2026-02-25_G03,10110026RAMOSM,2026-02-25,124475,1,60,0,1492.0
10110026RAMOSM_2026-02-25_G04,10110026RAMOSM,2026-02-25,123080,1,8,0,66.0
10110026RAMOSM_2026-02-25_G05,10110026RAMOSM,2026-02-25,121760,1,14,0,491.0
10110026RAMOSM_2026-02-25_G06,10110026RAMOSM,2026-02-25,122185,1,10,0,471.0
10110026RAMOSM_2026-02-25_G07,10110026RAMOSM,2026-02-25,122983,1,15,0,382.0
10110026RAMOSM_2026-02-25_G08,10110026RAMOSM,2026-02-25,123521,1,4,0,118.0
10110026RAMOSM_2026-02-26_G02,10110026RAMOSM,2026-02-26,124433,1,7,0,211.0
10110026RAMOSM_2026-02-26_G03,10110026RAMOSM,2026-02-26,122647,1,60,0,3482.0
10110026RAMOSM_2026-02-26_G04,10110026RAMOSM,2026-02-26,122962,1,40,0,746.0
10110026RAMOSM_2026-02-26_G05,10110026RAMOSM,2026-02-26,124486,1,80,0,2267.0
10110026RAMOSM_2026-02-26_G06,10110026RAMOSM,2026-02-26,124486,1,24,0,630.0
10110026RAMOSM_2026-02-26_G07,10110026RAMOSM,2026-02-26,122962,1,19,0,503.0
10110026RAMOSM_2026-02-26_G08,10110026RAMOSM,2026-02-26,123313,1,4,0,1120.0
10110026RAMOSM_2026-02-26_G09,10110026RAMOSM,2026-02-26,124247,1,10,0,243.0
10110026RAMOSM_2026-02-26_G10,10110026RAMOSM,2026-02-26,123492,1,6,0,256.0
10110026RAMOSM_2026-02-26_G11,10110026RAMOSM,2026-02-26,124370,1,3,0,773.0
10110026RAMOSM_2026-02-26_G12,10110026RAMOSM,2026-02-26,122703,1,2,0,65.0
10110026RAMOSM_2026-02-26_G13,10110026RAMOSM,2026-02-26,121760,1,40,0,810.0
10110026RAMOSM_2026-02-26_G14,10110026RAMOSM,2026-02-26,123909,1,4,0,177.0
10110026RAMOSM_2026-02-26_G15,10110026RAMOSM,2026-02-26,124370,1,4,0,1110.0
10110026RAMOSM_2026-02-26_G16,10110026RAMOSM,2026-02-26,124486,1,4,0,442.0
10110026RAMOSM_2026-02-26_G17,10110026RAMOSM,2026-02-26,124594,1,4,0,375.0
10110026RAMOSM_2026-02-26_G18,10110026RAMOSM,2026-02-26,121651,1,3,0,151.0
10110026RAMOSM_2026-02-26_G19,10110026RAMOSM,2026-02-26,123909,1,2,0,252.0
10110026RAMOSM_2026-02-26_G20,10110026RAMOSM,2026-02-26,120389,1,26,0,940.0
10110026RAMOSM_2026-02-26_G21,10110026RAMOSM,2026-02-26,124486,1,4,0,218.0
10110026RAMOSM_2026-02-26_G22,10110026RAMOSM,2026-02-26,120008,1,4,0,616.0
10110026RAMOSM_2026-02-26_G23,10110026RAMOSM,2026-02-26,181052,1,10,0,431.0
10110026RAMOSM_2026-02-26_G24,10110026RAMOSM,2026-02-26,181052,1,10,0,268.0
10110026RAMOSM_2026-02-26_G25,10110026RAMOSM,2026-02-26,124247,1,6,0,226.0
10110026RAMOSM_2026-02-26_G26,10110026RAMOSM,2026-02-26,181052,1,6,0,117.0
10110026RAMOSM_2026-02-26_G28,10110026RAMOSM,2026-02-26,181052,1,4,0,117.0
10110026RAMOSM_2026-02-26_G29,10110026RAMOSM,2026-02-26,181280,1,2,0,2292.0
10110026RAMOSM_2026-02-26_G30,10110026RAMOSM,2026-02-26,124486,1,10,0,686.0
10110026RAMOSM_2026-02-26_G31,10110026RAMOSM,2026-02-26,124370,1,5,0,516.0
10110026RAMOSM_2026-02-26_G32,10110026RAMOSM,2026-02-26,122962,1,20,0,233.0
10110026RAMOSM_2026-02-26_G33,10110026RAMOSM,2026-02-26,122671,1,2,0,92.0
10110026RAMOSM_2026-02-26_G34,10110026RAMOSM,2026-02-26,124475,1,20,0,742.0
10110026RAMOSM_2026-02-26_G35,10110026RAMOSM,2026-02-26,121760,1,10,0,120.0
10110026RAMOSM_2026-02-26_G36,10110026RAMOSM,2026-02-26,123909,1,17,0,480.0
10110026RAMOSM_2026-02-28_G02,10110026RAMOSM,2026-02-28,122962,1,24,0,2868.0
10110026RAMOSM_2026-02-28_G03,10110026RAMOSM,2026-02-28,124370,1,45,0,900.0
10110026RAMOSM_2026-02-28_G04,10110026RAMOSM,2026-02-28,124486,1,24,0,2000.0
10110026RAMOSM_2026-02-28_G05,10110026RAMOSM,2026-02-28,124371,1,12,0,366.0
10110026RAMOSM_2026-02-28_G06,10110026RAMOSM,2026-02-28,122185,1,12,0,356.0
10110026RAMOSM_2026-02-28_G08,10110026RAMOSM,2026-02-28,122962,1,8,0,957.0
10110026RAMOSM_2026-02-28_G09,10110026RAMOSM,2026-02-28,122962,1,32,0,2146.0
10110026RAMOSM_2026-03-04_G02,10110026RAMOSM,2026-03-04,123313,1,70,0,1685.0
10110026RAMOSM_2026-03-04_G03,10110026RAMOSM,2026-03-04,123313,1,50,0,672.0
10110026RAMOSM_2026-03-05_G03,10110026RAMOSM,2026-03-05,122962,1,20,0,899.0
10110026RAMOSM_2026-03-05_G04,10110026RAMOSM,2026-03-05,120028,1,60,0,983.0
10110026RAMOSM_2026-03-05_G05,10110026RAMOSM,2026-03-05,124486,1,2,0,183.0
10110026RAMOSM_2026-03-06_G02,10110026RAMOSM,2026-03-06,122962,1,40,0,493.0
10110026RAMOSM_2026-03-06_G04,10110026RAMOSM,2026-03-06,122671,1,12,0,334.0
10110026RAMOSM_2026-03-06_G05,10110026RAMOSM,2026-03-06,122983,1,12,0,243.0
10110026RAMOSM_2026-03-07_G03,10110026RAMOSM,2026-03-07,122962,1,24,0,454.0
10110026RAMOSM_2026-03-07_G04,10110026RAMOSM,2026-03-07,122647,1,30,0,959.0
10110026RAMOSM_2026-03-07_G05,10110026RAMOSM,2026-03-07,121651,1,20,0,650.0
10110026RAMOSM_2026-03-07_G07,10110026RAMOSM,2026-03-07,124370,1,48,0,1072.0
10110026RAMOSM_2026-03-07_G08,10110026RAMOSM,2026-03-07,124371,1,12,0,495.0
10110026RAMOSM_2026-03-07_G09,10110026RAMOSM,2026-03-07,180024,1,11,0,1004.0
10110026RAMOSM_2026-03-07_G10,10110026RAMOSM,2026-03-07,180601,1,6,0,2468.0
10110026RAMOSM_2026-03-09_G02,10110026RAMOSM,2026-03-09,123345,1,4,0,501.0
10110026RAMOSM_2026-03-09_G04,10110026RAMOSM,2026-03-09,123345,1,20,0,1496.0
10110026RAMOSM_2026-03-09_G05,10110026RAMOSM,2026-03-09,123345,1,40,0,688.0
10110026RAMOSM_2026-03-09_G06,10110026RAMOSM,2026-03-09,124248,1,11,0,420.0
10110026RAMOSM_2026-03-09_G08,10110026RAMOSM,2026-03-09,122984,1,27,0,1955.0
10110026RAMOSM_2026-03-09_G09,10110026RAMOSM,2026-03-09,122962,1,11,0,541.0
10110026RAMOSM_2026-03-09_G10,10110026RAMOSM,2026-03-09,124475,1,8,0,262.0
10110026RAMOSM_2026-03-09_G11,10110026RAMOSM,2026-03-09,122982,1,1,0,102.0
10110026RAMOSM_2026-03-09_G12,10110026RAMOSM,2026-03-09,123909,1,1,0,85.0
10110026RAMOSM_2026-03-10_G02,10110026RAMOSM,2026-03-10,121760,1,1,0,292.0
10110026RAMOSM_2026-03-10_G03,10110026RAMOSM,2026-03-10,121651,1,50,0,1942.0
10110026RAMOSM_2026-03-10_G04,10110026RAMOSM,2026-03-10,123822,1,127,0,2382.0
10110026RAMOSM_2026-03-10_G05,10110026RAMOSM,2026-03-10,123343,1,30,0,2090.0
10110026RAMOSM_2026-03-10_G06,10110026RAMOSM,2026-03-10,121760,1,6,0,943.0
10110026RAMOSM_2026-03-10_G07,10110026RAMOSM,2026-03-10,124594,1,4,0,266.0
10110026RAMOSM_2026-03-10_G08,10110026RAMOSM,2026-03-10,122962,1,4,0,110.0
10110026RAMOSM_2026-03-10_G09,10110026RAMOSM,2026-03-10,121651,1,6,0,475.0
10110026RAMOSM_2026-03-10_G10,10110026RAMOSM,2026-03-10,120389,1,2,0,189.0
10110026RAMOSM_2026-03-10_G11,10110026RAMOSM,2026-03-10,124371,1,1,0,100.0
10110026RAMOSM_2026-03-10_G12,10110026RAMOSM,2026-03-10,120272,1,2,0,375.0
10110026RAMOSM_2026-03-10_G13,10110026RAMOSM,2026-03-10,124486,1,5,0,195.0
10110026RAMOSM_2026-03-10_G14,10110026RAMOSM,2026-03-10,121928,1,2,0,806.0
10110026RAMOSM_2026-03-10_G15,10110026RAMOSM,2026-03-10,123345,1,8,0,385.0
10110026RAMOSM_2026-03-10_G16,10110026RAMOSM,2026-03-10,123343,1,7,0,414.0
10110026RAMOSM_2026-03-10_G17,10110026RAMOSM,2026-03-10,123313,1,4,0,257.0
10110026RAMOSM_2026-03-10_G20,10110026RAMOSM,2026-03-10,124582,1,8,0,214.0
10110026RAMOSM_2026-03-10_G21,10110026RAMOSM,2026-03-10,124582,1,48,0,776.0
10110026RAMOSM_2026-03-10_G22,10110026RAMOSM,2026-03-10,123520,1,16,0,1160.0
10110026RAMOSM_2026-03-10_G23,10110026RAMOSM,2026-03-10,122703,1,12,0,303.0
10110026RAMOSM_2026-03-10_G24,10110026RAMOSM,2026-03-10,122988,1,2,0,160.0
10110026RAMOSM_2026-03-10_G25,10110026RAMOSM,2026-03-10,123345,1,10,0,449.0
10110026RAMOSM_2026-03-11_G02,10110026RAMOSM,2026-03-11,123889,1,10,0,955.0
10110026RAMOSM_2026-03-11_G03,10110026RAMOSM,2026-03-11,123947,1,10,0,698.0
10110026RAMOSM_2026-03-11_G04,10110026RAMOSM,2026-03-11,124484,1,40,0,784.0
10110026RAMOSM_2026-03-11_G05,10110026RAMOSM,2026-03-11,121760,1,21,0,2212.0
10110026RAMOSM_2026-03-11_G06,10110026RAMOSM,2026-03-11,124371,1,4,0,130.0
10110026RAMOSM_2026-03-11_G07,10110026RAMOSM,2026-03-11,124264,1,42,0,1067.0
10110026RAMOSM_2026-03-11_G08,10110026RAMOSM,2026-03-11,122962,1,70,0,3211.0
10110026RAMOSM_2026-03-11_G10,10110026RAMOSM,2026-03-11,124486,1,40,0,675.0
10110026RAMOSM_2026-03-11_G11,10110026RAMOSM,2026-03-11,122962,1,2,0,1133.0
10110026RAMOSM_2026-03-11_G12,10110026RAMOSM,2026-03-11,123822,1,20,0,985.0
10110026RAMOSM_2026-03-11_G14,10110026RAMOSM,2026-03-11,123909,1,10,0,147.0
10110026RAMOSM_2026-03-11_G15,10110026RAMOSM,2026-03-11,122962,1,34,0,1213.0
10110026RAMOSM_2026-03-11_G16,10110026RAMOSM,2026-03-11,122671,1,4,0,197.0
10110026RAMOSM_2026-03-11_G17,10110026RAMOSM,2026-03-11,124486,1,32,0,544.0
10110026RAMOSM_2026-03-11_G18,10110026RAMOSM,2026-03-11,123822,1,16,0,462.0
10110026RAMOSM_2026-03-11_G19,10110026RAMOSM,2026-03-11,124475,1,2,0,504.0
10110026RAMOSM_2026-03-11_G20,10110026RAMOSM,2026-03-11,124476,1,4,0,137.0
10110026RAMOSM_2026-03-11_G21,10110026RAMOSM,2026-03-11,122647,1,17,0,569.0
10110026RAMOSM_2026-03-11_G22,10110026RAMOSM,2026-03-11,122962,1,4,0,760.0
10110026RAMOSM_2026-03-11_G23,10110026RAMOSM,2026-03-11,124433,1,4,0,199.0
10110026RAMOSM_2026-03-11_G24,10110026RAMOSM,2026-03-11,122982,1,3,0,251.0
10110026RAMOSM_2026-03-11_G25,10110026RAMOSM,2026-03-11,124248,1,4,0,189.0
10110026RAMOSM_2026-03-11_G26,10110026RAMOSM,2026-03-11,124486,1,4,0,230.0
10110026RAMOSM_2026-03-11_G27,10110026RAMOSM,2026-03-11,123345,1,2,0,362.0
10110026RAMOSM_2026-03-11_G28,10110026RAMOSM,2026-03-11,122962,1,16,0,363.0
10110026RAMOSM_2026-03-11_G29,10110026RAMOSM,2026-03-11,123822,1,16,0,417.0
10110026RAMOSM_2026-03-11_G30,10110026RAMOSM,2026-03-11,124486,1,4,0,111.0
10110026RAMOSM_2026-03-11_G31,10110026RAMOSM,2026-03-11,122962,1,36,0,812.0
10110026RAMOSM_2026-03-11_G32,10110026RAMOSM,2026-03-11,124486,1,20,0,360.0
10110026RAMOSM_2026-03-12_G02,10110026RAMOSM,2026-03-12,124248,1,8,0,211.0
10110026RAMOSM_2026-03-12_G03,10110026RAMOSM,2026-03-12,122983,1,4,0,306.0
10110026RAMOSM_2026-03-12_G04,10110026RAMOSM,2026-03-12,123344,1,10,0,1062.0
10110026RAMOSM_2026-03-12_G05,10110026RAMOSM,2026-03-12,122962,1,12,0,208.0
10110026RAMOSM_2026-03-12_G06,10110026RAMOSM,2026-03-12,124484,1,30,0,441.0
10110026RAMOSM_2026-03-12_G07,10110026RAMOSM,2026-03-12,124264,1,12,0,556.0
10110026RAMOSM_2026-03-12_G08,10110026RAMOSM,2026-03-12,124476,1,7,0,127.0
10110026RAMOSM_2026-03-12_G09,10110026RAMOSM,2026-03-12,121651,1,8,0,1170.0
10110026RAMOSM_2026-03-12_G10,10110026RAMOSM,2026-03-12,121651,1,10,0,339.0
10110026RAMOSM_2026-03-12_G11,10110026RAMOSM,2026-03-12,121651,1,12,0,230.0
10110026RAMOSM_2026-03-12_G12,10110026RAMOSM,2026-03-12,121923,1,4,0,1450.0
10110026RAMOSM_2026-03-12_G13,10110026RAMOSM,2026-03-12,124475,1,4,0,395.0
10110026RAMOSM_2026-03-12_G14,10110026RAMOSM,2026-03-12,124476,1,4,0,168.0
10110026RAMOSM_2026-03-12_G15,10110026RAMOSM,2026-03-12,122185,1,25,0,1114.0
10110026RAMOSM_2026-03-12_G16,10110026RAMOSM,2026-03-12,122185,1,21,0,423.0
10110026RAMOSM_2026-03-12_G17,10110026RAMOSM,2026-03-12,123909,1,9,0,87.0
10110026RAMOSM_2026-03-12_G18,10110026RAMOSM,2026-03-12,123521,1,4,0,336.0
10110026RAMOSM_2026-03-12_G19,10110026RAMOSM,2026-03-12,123345,1,19,0,1697.0
10110026RAMOSM_2026-03-12_G20,10110026RAMOSM,2026-03-12,122962,1,24,0,1866.0
10110026RAMOSM_2026-03-12_G21,10110026RAMOSM,2026-03-12,124486,1,2,0,217.0
10110026RAMOSM_2026-03-12_G22,10110026RAMOSM,2026-03-12,124475,1,4,0,156.0
10110026RAMOSM_2026-03-12_G23,10110026RAMOSM,2026-03-12,124248,1,4,0,310.0
10110026RAMOSM_2026-03-12_G24,10110026RAMOSM,2026-03-12,124486,1,2,0,141.0
10110026RAMOSM_2026-03-12_G25,10110026RAMOSM,2026-03-12,124248,1,1,0,208.0
10110026RAMOSM_2026-03-12_G26,10110026RAMOSM,2026-03-12,122962,1,30,0,469.0
10110026RAMOSM_2026-03-12_G27,10110026RAMOSM,2026-03-12,120028,1,80,0,2025.0
10110026RAMOSM_2026-03-12_G28,10110026RAMOSM,2026-03-12,124594,1,6,0,494.0
10110026RAMOSM_2026-03-12_G29,10110026RAMOSM,2026-03-12,123345,1,4,0,194.0
10110026RAMOSM_2026-03-12_G31,10110026RAMOSM,2026-03-12,123560,1,6,0,1578.0
10110026RAMOSM_2026-03-12_G32,10110026RAMOSM,2026-03-12,122703,1,40,0,939.0
10110026RAMOSM_2026-03-12_G33,10110026RAMOSM,2026-03-12,121760,1,50,0,979.0
10110026RAMOSM_2026-03-13_G02,10110026RAMOSM,2026-03-13,122962,1,100,0,3137.0
10110026RAMOSM_2026-03-13_G03,10110026RAMOSM,2026-03-13,124370,1,10,0,857.0
10110026RAMOSM_2026-03-13_G04,10110026RAMOSM,2026-03-13,124475,1,18,0,1657.0
10110026RAMOSM_2026-03-13_G05,10110026RAMOSM,2026-03-13,121760,1,12,0,218.0
10110026RAMOSM_2026-03-13_G06,10110026RAMOSM,2026-03-13,122962,1,7,0,1816.0
10110026RAMOSM_2026-03-13_G07,10110026RAMOSM,2026-03-13,122647,1,16,0,496.0
10110026RAMOSM_2026-03-13_G09,10110026RAMOSM,2026-03-13,124484,1,30,0,697.0
10110026RAMOSM_2026-03-13_G10,10110026RAMOSM,2026-03-13,122981,1,4,0,223.0
10110026RAMOSM_2026-03-13_G11,10110026RAMOSM,2026-03-13,124486,1,30,0,595.0
10110026RAMOSM_2026-03-13_G12,10110026RAMOSM,2026-03-13,121651,1,30,0,829.0
10110026RAMOSM_2026-03-13_G13,10110026RAMOSM,2026-03-13,120339,1,3,0,733.0
10110026RAMOSM_2026-03-13_G14,10110026RAMOSM,2026-03-13,120339,1,25,0,588.0
10110026RAMOSM_2026-03-13_G16,10110026RAMOSM,2026-03-13,124248,1,4,0,1018.0
10110026RAMOSM_2026-03-13_G17,10110026RAMOSM,2026-03-13,123822,1,1,0,351.0
10110026RAMOSM_2026-03-13_G18,10110026RAMOSM,2026-03-13,122196,1,4,0,1243.0
10110026RAMOSM_2026-03-13_G19,10110026RAMOSM,2026-03-13,124729,1,16,0,346.0
10110026RAMOSM_2026-03-14_G02,10110026RAMOSM,2026-03-14,124247,1,6,0,288.0
10110026RAMOSM_2026-03-14_G03,10110026RAMOSM,2026-03-14,181057,1,2,0,387.0
10110026RAMOSM_2026-03-14_G04,10110026RAMOSM,2026-03-14,122962,1,12,0,269.0
10110026RAMOSM_2026-03-14_G05,10110026RAMOSM,2026-03-14,120389,1,6,0,183.0
10110026RAMOSM_2026-03-14_G06,10110026RAMOSM,2026-03-14,124486,1,6,0,191.0
10110026RAMOSM_2026-03-14_G07,10110026RAMOSM,2026-03-14,123909,1,6,0,214.0
10110026RAMOSM_2026-03-14_G08,10110026RAMOSM,2026-03-14,124248,1,5,0,1229.0
10110026RAMOSM_2026-03-14_G09,10110026RAMOSM,2026-03-14,124729,1,4,0,253.0
10110026RAMOSM_2026-03-14_G10,10110026RAMOSM,2026-03-14,124247,1,8,0,312.0
10110026RAMOSM_2026-03-14_G11,10110026RAMOSM,2026-03-14,122962,1,15,0,429.0
10110026RAMOSM_2026-03-14_G12,10110026RAMOSM,2026-03-14,124475,1,10,0,626.0
10110026RAMOSM_2026-03-14_G13,10110026RAMOSM,2026-03-14,123080,1,4,0,108.0
10110026RAMOSM_2026-03-14_G14,10110026RAMOSM,2026-03-14,121760,1,11,0,892.0
10110026RAMOSM_2026-03-14_G15,10110026RAMOSM,2026-03-14,122983,1,6,0,294.0
10110026RAMOSM_2026-03-14_G16,10110026RAMOSM,2026-03-14,123313,1,4,0,321.0
10110026RAMOSM_2026-03-14_G17,10110026RAMOSM,2026-03-14,124486,1,6,0,983.0
10110026RAMOSM_2026-03-14_G18,10110026RAMOSM,2026-03-14,124582,1,8,0,140.0
10110026RAMOSM_2026-03-14_G19,10110026RAMOSM,2026-03-14,121760,1,8,0,320.0
10110026RAMOSM_2026-03-14_G20,10110026RAMOSM,2026-03-14,122983,1,4,0,123.0
10110026RAMOSM_2026-03-14_G21,10110026RAMOSM,2026-03-14,123909,1,8,0,165.0
10110026RAMOSM_2026-03-14_G22,10110026RAMOSM,2026-03-14,124484,1,10,0,353.0
10110026RAMOSM_2026-03-14_G23,10110026RAMOSM,2026-03-14,124484,1,10,0,110.0
10110026RAMOSM_2026-03-14_G24,10110026RAMOSM,2026-03-14,124486,1,5,0,300.0
10110026RAMOSM_2026-03-14_G25,10110026RAMOSM,2026-03-14,124624,1,1,0,235.0
10110026RAMOSM_2026-03-14_G26,10110026RAMOSM,2026-03-14,122962,1,10,0,284.0
10110026RAMOSM_2026-03-14_G27,10110026RAMOSM,2026-03-14,123343,1,8,0,425.0
10110026RAMOSM_2026-03-14_G28,10110026RAMOSM,2026-03-14,122967,1,8,0,256.0
10110026RAMOSM_2026-03-16_G02,10110026RAMOSM,2026-03-16,123562,1,9,0,885.0
10110026RAMOSM_2026-03-16_G03,10110026RAMOSM,2026-03-16,124624,1,40,0,1095.0
10110026RAMOSM_2026-03-16_G04,10110026RAMOSM,2026-03-16,124624,1,16,0,1102.0
10110026RAMOSM_2026-03-16_G05,10110026RAMOSM,2026-03-16,123560,1,27,0,679.0
10110026RAMOSM_2026-03-16_G06,10110026RAMOSM,2026-03-16,120271,1,6,0,204.0
10110026RAMOSM_2026-03-16_G07,10110026RAMOSM,2026-03-16,120271,1,4,0,103.0
10110026RAMOSM_2026-03-16_G08,10110026RAMOSM,2026-03-16,120271,1,4,0,72.0
10110026RAMOSM_2026-03-16_G10,10110026RAMOSM,2026-03-16,124729,1,8,0,459.0
10110026RAMOSM_2026-03-16_G11,10110026RAMOSM,2026-03-16,122962,1,80,0,1923.0
10110026RAMOSM_2026-03-16_G12,10110026RAMOSM,2026-03-16,124582,1,37,0,719.0
10110026RAMOSM_2026-03-16_G13,10110026RAMOSM,2026-03-16,124370,1,70,0,1627.0
10110026RAMOSM_2026-03-16_G14,10110026RAMOSM,2026-03-16,124371,1,8,0,187.0
10110026RAMOSM_2026-03-16_G15,10110026RAMOSM,2026-03-16,122982,1,12,0,665.0
10110026RAMOSM_2026-03-16_G16,10110026RAMOSM,2026-03-16,124486,1,30,0,253.0
10110026RAMOSM_2026-03-17_G02,10110026RAMOSM,2026-03-17,123343,1,21,0,1532.0
10110026RAMOSM_2026-03-17_G03,10110026RAMOSM,2026-03-17,181057,1,4,0,898.0
10110026RAMOSM_2026-03-17_G04,10110026RAMOSM,2026-03-17,123344,1,2,0,168.0
10110026RAMOSM_2026-03-17_G05,10110026RAMOSM,2026-03-17,124477,1,2,0,154.0
10110026RAMOSM_2026-03-17_G06,10110026RAMOSM,2026-03-17,122962,1,41,0,949.0
10110026RAMOSM_2026-03-17_G07,10110026RAMOSM,2026-03-17,124475,1,2,0,547.0
10110026RAMOSM_2026-03-17_G08,10110026RAMOSM,2026-03-17,124475,1,2,0,419.0
10110026RAMOSM_2026-03-17_G09,10110026RAMOSM,2026-03-17,124484,1,30,0,376.0
10110026RAMOSM_2026-03-17_G10,10110026RAMOSM,2026-03-17,124582,1,4,0,436.0
10110026RAMOSM_2026-03-17_G11,10110026RAMOSM,2026-03-17,124582,1,8,0,529.0
10110026RAMOSM_2026-03-17_G12,10110026RAMOSM,2026-03-17,120028,1,2,0,97.0
10110026RAMOSM_2026-03-17_G13,10110026RAMOSM,2026-03-17,124486,1,22,0,787.0
10110026RAMOSM_2026-03-17_G14,10110026RAMOSM,2026-03-17,121651,1,17,0,699.0
10110026RAMOSM_2026-03-17_G15,10110026RAMOSM,2026-03-17,123345,1,40,0,1997.0
10110026RAMOSM_2026-03-17_G18,10110026RAMOSM,2026-03-17,123822,1,24,0,797.0
10110026RAMOSM_2026-03-17_G19,10110026RAMOSM,2026-03-17,122962,1,16,0,256.0
10110026RAMOSM_2026-03-17_G20,10110026RAMOSM,2026-03-17,122962,1,4,0,133.0
10110026RAMOSM_2026-03-17_G21,10110026RAMOSM,2026-03-17,122962,1,4,0,131.0
10110026RAMOSM_2026-03-17_G22,10110026RAMOSM,2026-03-17,122962,1,36,0,700.0
10110026RAMOSM_2026-03-17_G23,10110026RAMOSM,2026-03-17,122962,1,3,0,108.0
10110026RAMOSM_2026-03-17_G24,10110026RAMOSM,2026-03-17,124370,1,19,0,396.0
10110026RAMOSM_2026-03-17_G25,10110026RAMOSM,2026-03-17,124486,1,40,0,594.0
10110026RAMOSM_2026-03-17_G26,10110026RAMOSM,2026-03-17,124486,1,2,0,117.0
10110026RAMOSM_2026-03-17_G27,10110026RAMOSM,2026-03-17,124486,1,3,0,49.0
10110026RAMOSM_2026-03-18_G02,10110026RAMOSM,2026-03-18,121928,1,4,0,600.0
10110026RAMOSM_2026-03-18_G03,10110026RAMOSM,2026-03-18,123909,1,8,0,2661.0
10110026RAMOSM_2026-03-18_G04,10110026RAMOSM,2026-03-18,122673,1,100,0,1654.0
10110026RAMOSM_2026-03-18_G05,10110026RAMOSM,2026-03-18,123345,1,30,0,2027.0
10110026RAMOSM_2026-03-18_G06,10110026RAMOSM,2026-03-18,123822,1,100,0,3439.0
10110026RAMOSM_2026-03-18_G07,10110026RAMOSM,2026-03-18,122962,1,7,0,191.0
10110026RAMOSM_2026-03-18_G08,10110026RAMOSM,2026-03-18,124725,1,2,0,643.0
10110026RAMOSM_2026-03-18_G09,10110026RAMOSM,2026-03-18,122703,1,2,0,460.0
10110026RAMOSM_2026-03-18_G10,10110026RAMOSM,2026-03-18,124370,1,2,0,111.0
10110026RAMOSM_2026-03-18_G11,10110026RAMOSM,2026-03-18,124371,1,5,0,225.0
10110026RAMOSM_2026-03-18_G12,10110026RAMOSM,2026-03-18,121760,1,2,0,190.0
10110026RAMOSM_2026-03-18_G13,10110026RAMOSM,2026-03-18,121760,1,2,0,74.0
10110026RAMOSM_2026-03-18_G14,10110026RAMOSM,2026-03-18,124729,1,2,0,588.0
10110026RAMOSM_2026-03-18_G15,10110026RAMOSM,2026-03-18,121651,1,7,0,309.0
10110026RAMOSM_2026-03-18_G16,10110026RAMOSM,2026-03-18,121651,1,4,0,255.0
10110026RAMOSM_2026-03-18_G17,10110026RAMOSM,2026-03-18,180420,1,8,0,2081.0
10110026RAMOSM_2026-03-18_G18,10110026RAMOSM,2026-03-18,123345,1,2,0,158.0
10110026RAMOSM_2026-03-18_G19,10110026RAMOSM,2026-03-18,123345,1,8,0,203.0
10110026RAMOSM_2026-03-18_G20,10110026RAMOSM,2026-03-18,123343,1,1,0,243.0
10110026RAMOSM_2026-03-18_G21,10110026RAMOSM,2026-03-18,123343,1,4,0,151.0
10110026RAMOSM_2026-03-18_G23,10110026RAMOSM,2026-03-18,123344,1,24,0,630.0
10110026RAMOSM_2026-03-18_G24,10110026RAMOSM,2026-03-18,124728,1,2,0,311.0
10110026RAMOSM_2026-03-18_G25,10110026RAMOSM,2026-03-18,124247,1,6,0,191.0
10110026RAMOSM_2026-03-18_G26,10110026RAMOSM,2026-03-18,124247,1,6,0,170.0
10110026RAMOSM_2026-03-18_G27,10110026RAMOSM,2026-03-18,122962,1,20,0,337.0
10110026RAMOSM_2026-03-18_G28,10110026RAMOSM,2026-03-18,122962,1,20,0,461.0
10110026RAMOSM_2026-03-18_G29,10110026RAMOSM,2026-03-18,122647,1,17,0,677.0
10110026RAMOSM_2026-03-18_G30,10110026RAMOSM,2026-03-18,124725,1,8,0,67.0
10110026RAMOSM_2026-03-18_G31,10110026RAMOSM,2026-03-18,122673,1,2,0,102.0
10110026RAMOSM_2026-03-18_G32,10110026RAMOSM,2026-03-18,122673,1,4,0,84.0
10110026RAMOSM_2026-03-18_G33,10110026RAMOSM,2026-03-18,122673,1,12,0,239.0
10110026RAMOSM_2026-03-18_G34,10110026RAMOSM,2026-03-18,122673,1,10,0,238.0
10110026RAMOSM_2026-03-18_G35,10110026RAMOSM,2026-03-18,122673,1,20,0,339.0
10110026RAMOSM_2026-03-18_G36,10110026RAMOSM,2026-03-18,122673,1,4,0,66.0
10110026RAMOSM_2026-03-18_G37,10110026RAMOSM,2026-03-18,122673,1,4,0,98.0
10110026RAMOSM_2026-03-18_G38,10110026RAMOSM,2026-03-18,122983,1,6,0,256.0
10110026RAMOSM_2026-03-18_G39,10110026RAMOSM,2026-03-18,124486,1,26,0,650.0
10110026RAMOSM_2026-03-18_G40,10110026RAMOSM,2026-03-18,123345,1,2,0,490.0
10110026RAMOSM_2026-03-19_G02,10110026RAMOSM,2026-03-19,124247,1,2,0,298.0
10110026RAMOSM_2026-03-19_G03,10110026RAMOSM,2026-03-19,124371,1,4,0,278.0
10110026RAMOSM_2026-03-19_G04,10110026RAMOSM,2026-03-19,121760,1,3,0,608.0
10110026RAMOSM_2026-03-19_G05,10110026RAMOSM,2026-03-19,124486,1,11,0,291.0
10110026RAMOSM_2026-03-19_G06,10110026RAMOSM,2026-03-19,121651,1,5,0,189.0
10110026RAMOSM_2026-03-19_G07,10110026RAMOSM,2026-03-19,123345,1,9,0,581.0
10110026RAMOSM_2026-03-19_G08,10110026RAMOSM,2026-03-19,123345,1,4,0,100.0
10110026RAMOSM_2026-03-19_G09,10110026RAMOSM,2026-03-19,123343,1,6,0,437.0
10110026RAMOSM_2026-03-19_G10,10110026RAMOSM,2026-03-19,123909,1,12,0,1150.0
10110026RAMOSM_2026-03-19_G11,10110026RAMOSM,2026-03-19,123344,1,4,0,328.0
10110026RAMOSM_2026-03-19_G12,10110026RAMOSM,2026-03-19,124476,1,8,0,271.0
10110026RAMOSM_2026-03-19_G13,10110026RAMOSM,2026-03-19,121760,1,4,0,146.0
10110026RAMOSM_2026-03-19_G14,10110026RAMOSM,2026-03-19,124582,1,2,0,170.0
10110026RAMOSM_2026-03-19_G15,10110026RAMOSM,2026-03-19,123345,1,10,0,654.0
10110026RAMOSM_2026-03-19_G16,10110026RAMOSM,2026-03-19,123344,1,4,0,1337.0
10110026RAMOSM_2026-03-19_G17,10110026RAMOSM,2026-03-19,124371,1,2,0,150.0
10110026RAMOSM_2026-03-19_G18,10110026RAMOSM,2026-03-19,124486,1,2,0,156.0
10110026RAMOSM_2026-03-19_G19,10110026RAMOSM,2026-03-19,124486,1,1,0,64.0
10110026RAMOSM_2026-03-19_G20,10110026RAMOSM,2026-03-19,123345,1,6,0,452.0
10110026RAMOSM_2026-03-19_G21,10110026RAMOSM,2026-03-19,123343,1,2,0,196.0
10110026RAMOSM_2026-03-19_G22,10110026RAMOSM,2026-03-19,124247,1,2,0,235.0
10110026RAMOSM_2026-03-19_G23,10110026RAMOSM,2026-03-19,122983,1,6,0,184.0
10110026RAMOSM_2026-03-19_G24,10110026RAMOSM,2026-03-19,123345,1,3,0,1435.0
10110026RAMOSM_2026-03-19_G25,10110026RAMOSM,2026-03-19,124476,1,14,0,617.0
10110026RAMOSM_2026-03-19_G26,10110026RAMOSM,2026-03-19,123343,1,9,0,420.0
10110026RAMOSM_2026-03-19_G27,10110026RAMOSM,2026-03-19,124247,1,10,0,320.0
10110026RAMOSM_2026-03-19_G28,10110026RAMOSM,2026-03-19,124582,1,6,0,271.0
10110026RAMOSM_2026-03-19_G29,10110026RAMOSM,2026-03-19,123345,1,4,0,355.0
10110026RAMOSM_2026-03-19_G30,10110026RAMOSM,2026-03-19,120008,1,4,0,135.0
10110026RAMOSM_2026-03-19_G31,10110026RAMOSM,2026-03-19,123345,1,40,0,387.0
10110026RAMOSM_2026-03-19_G32,10110026RAMOSM,2026-03-19,123313,1,2,0,228.0
10110026RAMOSM_2026-03-19_G33,10110026RAMOSM,2026-03-19,123313,1,6,0,146.0
10110026RAMOSM_2026-03-19_G34,10110026RAMOSM,2026-03-19,122962,1,64,0,2190.0
10110026RAMOSM_2026-03-19_G35,10110026RAMOSM,2026-03-19,124486,1,20,0,240.0
10110026RAMOSM_2026-03-19_G37,10110026RAMOSM,2026-03-19,120028,1,40,0,730.0
10110026RAMOSM_2026-03-19_G38,10110026RAMOSM,2026-03-19,122962,1,12,0,374.0
10110026RAMOSM_2026-03-19_G39,10110026RAMOSM,2026-03-19,123822,1,20,0,397.0
10110026RAMOSM_2026-03-19_G40,10110026RAMOSM,2026-03-19,122962,1,16,0,2672.0
10110026RAMOSM_2026-03-19_G41,10110026RAMOSM,2026-03-19,124486,1,90,0,1572.0
10110026RAMOSM_2026-03-19_G42,10110026RAMOSM,2026-03-19,124725,1,4,0,318.0
10110026RAMOSM_2026-03-19_G43,10110026RAMOSM,2026-03-19,124728,1,8,0,187.0
10110026RAMOSM_2026-03-20_G02,10110026RAMOSM,2026-03-20,122671,1,12,0,460.0
10110026RAMOSM_2026-03-20_G03,10110026RAMOSM,2026-03-20,123909,1,30,0,631.0
10110026RAMOSM_2026-03-20_G04,10110026RAMOSM,2026-03-20,124248,1,24,0,540.0
10110026RAMOSM_2026-03-20_G05,10110026RAMOSM,2026-03-20,124486,1,19,0,1158.0
10110026RAMOSM_2026-03-20_G06,10110026RAMOSM,2026-03-20,124247,1,40,0,509.0
10110026RAMOSM_2026-03-20_G07,10110026RAMOSM,2026-03-20,124582,1,100,0,1535.0
10110026RAMOSM_2026-03-20_G08,10110026RAMOSM,2026-03-20,124484,1,33,0,590.0
10110026RAMOSM_2026-03-20_G09,10110026RAMOSM,2026-03-20,124729,1,100,0,1835.0
10110026RAMOSM_2026-03-20_G10,10110026RAMOSM,2026-03-20,120271,1,10,0,876.0
10110026RAMOSM_2026-03-20_G11,10110026RAMOSM,2026-03-20,120271,1,1,0,179.0
10110026RAMOSM_2026-03-20_G12,10110026RAMOSM,2026-03-20,123561,1,8,0,299.0
10110026RAMOSM_2026-03-20_G13,10110026RAMOSM,2026-03-20,122983,1,12,0,869.0
10110026RAMOSM_2026-03-20_G14,10110026RAMOSM,2026-03-20,120339,1,10,0,351.0
10110026RAMOSM_2026-03-20_G15,10110026RAMOSM,2026-03-20,120339,1,2,0,139.0
10110026RAMOSM_2026-03-20_G16,10110026RAMOSM,2026-03-20,120339,1,6,0,158.0
10110026RAMOSM_2026-03-20_G17,10110026RAMOSM,2026-03-20,120339,1,4,0,180.0
10110026RAMOSM_2026-03-20_G18,10110026RAMOSM,2026-03-20,120339,1,2,0,103.0
10110026RAMOSM_2026-03-20_G19,10110026RAMOSM,2026-03-20,120339,1,10,0,368.0
10110026RAMOSM_2026-03-20_G20,10110026RAMOSM,2026-03-20,123343,1,1,0,737.0
10110026RAMOSM_2026-03-20_G21,10110026RAMOSM,2026-03-20,124486,1,20,0,477.0
10110026RAMOSM_2026-03-20_G22,10110026RAMOSM,2026-03-20,122981,1,2,0,191.0
10110026RAMOSM_2026-03-20_G23,10110026RAMOSM,2026-03-20,124371,1,4,0,92.0
10110026RAMOSM_2026-03-20_G24,10110026RAMOSM,2026-03-20,122982,1,4,0,221.0
10110026RAMOSM_2026-03-20_G25,10110026RAMOSM,2026-03-20,122988,1,2,0,331.0
10110026RAMOSM_2026-03-20_G26,10110026RAMOSM,2026-03-20,122983,1,4,0,314.0
10110026RAMOSM_2026-03-20_G27,10110026RAMOSM,2026-03-20,123561,1,5,0,767.0
10110026RAMOSM_2026-03-20_G28,10110026RAMOSM,2026-03-20,124483,1,30,0,677.0
10110026RAMOSM_2026-03-20_G30,10110026RAMOSM,2026-03-20,123080,1,16,0,662.0
10110026RAMOSM_2026-03-20_G31,10110026RAMOSM,2026-03-20,120389,1,20,0,1273.0
10110026RAMOSM_2026-03-20_G32,10110026RAMOSM,2026-03-20,120028,1,18,0,448.0
10110026RAMOSM_2026-03-20_G33,10110026RAMOSM,2026-03-20,122185,1,2,0,270.0
10110026RAMOSM_2026-03-20_G34,10110026RAMOSM,2026-03-20,123492,1,4,0,1593.0
10110026RAMOSM_2026-03-20_G35,10110026RAMOSM,2026-03-20,122962,1,20,0,286.0
10110026RAMOSM_2026-03-20_G36,10110026RAMOSM,2026-03-20,124486,1,20,0,323.0
10110026RAMOSM_2026-03-20_G37,10110026RAMOSM,2026-03-20,122962,1,40,0,792.0
10110026RAMOSM_2026-03-20_G38,10110026RAMOSM,2026-03-20,122647,1,40,0,902.0
10110026RAMOSM_2026-03-20_G39,10110026RAMOSM,2026-03-20,123822,1,1,0,167.0
10110026RAMOSM_2026-03-20_G40,10110026RAMOSM,2026-03-20,122962,1,48,0,733.0
10110026RAMOSM_2026-03-21_G02,10110026RAMOSM,2026-03-21,122962,1,8,0,753.0
10110026RAMOSM_2026-03-21_G03,10110026RAMOSM,2026-03-21,124486,1,2,0,202.0
10110026RAMOSM_2026-03-21_G04,10110026RAMOSM,2026-03-21,124486,1,4,0,307.0
10110026RAMOSM_2026-03-21_G05,10110026RAMOSM,2026-03-21,124371,1,1,0,121.0
10110026RAMOSM_2026-03-21_G06,10110026RAMOSM,2026-03-21,124729,1,2,0,179.0
10110026RAMOSM_2026-03-21_G07,10110026RAMOSM,2026-03-21,124729,1,2,0,51.0
10110026RAMOSM_2026-03-21_G08,10110026RAMOSM,2026-03-21,124725,1,2,0,309.0
10110026RAMOSM_2026-03-21_G09,10110026RAMOSM,2026-03-21,124725,1,2,0,94.0
10110026RAMOSM_2026-03-21_G10,10110026RAMOSM,2026-03-21,123313,1,4,0,430.0
10110026RAMOSM_2026-03-21_G11,10110026RAMOSM,2026-03-21,124582,1,20,0,820.0
10110026RAMOSM_2026-03-21_G12,10110026RAMOSM,2026-03-21,124725,1,2,0,396.0
10110026RAMOSM_2026-03-21_G13,10110026RAMOSM,2026-03-21,123822,1,3,0,739.0
10110026RAMOSM_2026-03-21_G14,10110026RAMOSM,2026-03-21,124725,2,4,21,577.0
10110026RAMOSM_2026-03-21_G15,10110026RAMOSM,2026-03-21,124486,1,2,0,119.0
10110026RAMOSM_2026-03-21_G16,10110026RAMOSM,2026-03-21,124371,1,3,0,81.0
10110026RAMOSM_2026-03-21_G17,10110026RAMOSM,2026-03-21,124729,1,2,0,80.0
10110026RAMOSM_2026-03-21_G18,10110026RAMOSM,2026-03-21,124725,1,2,0,36.0
10110026RAMOSM_2026-03-21_G19,10110026RAMOSM,2026-03-21,124370,1,2,0,246.0
10110026RAMOSM_2026-03-21_G20,10110026RAMOSM,2026-03-21,124729,1,2,0,185.0
10110026RAMOSM_2026-03-21_G21,10110026RAMOSM,2026-03-21,124725,1,2,0,82.0
10110026RAMOSM_2026-03-21_G22,10110026RAMOSM,2026-03-21,124725,1,2,0,98.0
10110026RAMOSM_2026-03-21_G23,10110026RAMOSM,2026-03-21,124582,1,1,0,912.0
10110026RAMOSM_2026-03-21_G24,10110026RAMOSM,2026-03-21,124725,1,4,0,165.0
10110026RAMOSM_2026-03-21_G25,10110026RAMOSM,2026-03-21,180372,1,1,0,933.0
10110026RAMOSM_2026-03-21_G26,10110026RAMOSM,2026-03-21,122671,1,9,0,178.0
10110026RAMOSM_2026-03-21_G27,10110026RAMOSM,2026-03-21,124476,1,6,0,253.0
10110026RAMOSM_2026-03-21_G28,10110026RAMOSM,2026-03-21,121651,1,10,0,291.0
10110026RAMOSM_2026-03-21_G29,10110026RAMOSM,2026-03-21,123343,1,7,0,361.0
10110026RAMOSM_2026-03-21_G30,10110026RAMOSM,2026-03-21,122962,1,10,0,109.0
10110026RAMOSM_2026-03-21_G31,10110026RAMOSM,2026-03-21,124370,1,7,0,274.0
10110026RAMOSM_2026-03-21_G32,10110026RAMOSM,2026-03-21,124486,1,6,0,106.0
10110026RAMOSM_2026-03-21_G33,10110026RAMOSM,2026-03-21,124371,1,10,0,113.0
10110026RAMOSM_2026-03-21_G34,10110026RAMOSM,2026-03-21,121760,1,6,0,227.0
10110026RAMOSM_2026-03-21_G35,10110026RAMOSM,2026-03-21,124476,1,4,0,147.0
10110026RAMOSM_2026-03-21_G36,10110026RAMOSM,2026-03-21,124729,1,4,0,238.0
10110026RAMOSM_2026-03-21_G37,10110026RAMOSM,2026-03-21,121651,1,16,0,181.0
10110026RAMOSM_2026-03-21_G38,10110026RAMOSM,2026-03-21,123343,1,1,0,77.0
10110026RAMOSM_2026-03-21_G39,10110026RAMOSM,2026-03-21,123343,1,9,0,445.0
10110026RAMOSM_2026-03-21_G40,10110026RAMOSM,2026-03-21,124248,1,2,0,265.0
10110026RAMOSM_2026-03-23_G02,10110026RAMOSM,2026-03-23,123822,1,20,0,1232.0
10110026RAMOSM_2026-03-23_G03,10110026RAMOSM,2026-03-23,122962,1,12,0,340.0
10110026RAMOSM_2026-03-23_G04,10110026RAMOSM,2026-03-23,123822,1,73,0,2901.0
10110026RAMOSM_2026-03-23_G05,10110026RAMOSM,2026-03-23,122962,1,24,0,656.0
10110026RAMOSM_2026-03-23_G06,10110026RAMOSM,2026-03-23,120028,1,40,0,956.0
10110026RAMOSM_2026-03-23_G07,10110026RAMOSM,2026-03-23,123889,1,8,0,2144.0
10110026RAMOSM_2026-03-23_G08,10110026RAMOSM,2026-03-23,122673,1,8,0,261.0
10110026RAMOSM_2026-03-23_G09,10110026RAMOSM,2026-03-23,124486,1,4,0,82.0
10110026RAMOSM_2026-03-23_G10,10110026RAMOSM,2026-03-23,122673,1,16,0,250.0
10110026RAMOSM_2026-03-23_G11,10110026RAMOSM,2026-03-23,123889,1,8,0,395.0
10110026RAMOSM_2026-03-23_G12,10110026RAMOSM,2026-03-23,122647,1,14,0,270.0
10110026RAMOSM_2026-03-23_G13,10110026RAMOSM,2026-03-23,124247,1,4,0,157.0
10110026RAMOSM_2026-03-23_G14,10110026RAMOSM,2026-03-23,122967,1,5,0,820.0
10110026RAMOSM_2026-03-23_G17,10110026RAMOSM,2026-03-23,123909,1,12,0,384.0
10110026RAMOSM_2026-03-23_G18,10110026RAMOSM,2026-03-23,122673,1,12,0,497.0
10110026RAMOSM_2026-03-23_G19,10110026RAMOSM,2026-03-23,123344,1,20,0,464.0
10110026RAMOSM_2026-03-23_G20,10110026RAMOSM,2026-03-23,122962,1,30,0,529.0
10110026RAMOSM_2026-03-23_G21,10110026RAMOSM,2026-03-23,124484,1,6,0,144.0
10110026RAMOSM_2026-03-23_G22,10110026RAMOSM,2026-03-23,124486,1,30,0,506.0
10110026RAMOSM_2026-03-23_G23,10110026RAMOSM,2026-03-23,124247,1,6,0,243.0
10110026RAMOSM_2026-03-23_G24,10110026RAMOSM,2026-03-23,124725,1,12,0,440.0
10110026RAMOSM_2026-03-23_G25,10110026RAMOSM,2026-03-23,121651,1,24,0,652.0
10110026RAMOSM_2026-03-23_G26,10110026RAMOSM,2026-03-23,121651,1,11,0,340.0
10110026RAMOSM_2026-03-24_G02,10110026RAMOSM,2026-03-24,122703,1,2,0,67.0
10110026RAMOSM_2026-03-24_G03,10110026RAMOSM,2026-03-24,124370,1,12,0,472.0
10110026RAMOSM_2026-03-24_G04,10110026RAMOSM,2026-03-24,124484,1,20,0,463.0
10110026RAMOSM_2026-03-24_G05,10110026RAMOSM,2026-03-24,124486,1,14,0,233.0
10110026RAMOSM_2026-03-24_G06,10110026RAMOSM,2026-03-24,124247,1,1,0,89.0
10110026RAMOSM_2026-03-24_G07,10110026RAMOSM,2026-03-24,122671,1,4,0,110.0
10110026RAMOSM_2026-03-24_G08,10110026RAMOSM,2026-03-24,124371,1,6,0,154.0
10110026RAMOSM_2026-03-24_G09,10110026RAMOSM,2026-03-24,121651,1,18,0,1318.0
10110026RAMOSM_2026-03-24_G10,10110026RAMOSM,2026-03-24,123313,1,2,0,238.0
10110026RAMOSM_2026-03-24_G13,10110026RAMOSM,2026-03-24,124486,1,25,0,289.0
10110026RAMOSM_2026-03-24_G14,10110026RAMOSM,2026-03-24,120028,1,24,0,511.0
10110026RAMOSM_2026-03-24_G15,10110026RAMOSM,2026-03-24,122962,1,48,0,443.0
10110026RAMOSM_2026-03-24_G16,10110026RAMOSM,2026-03-24,124486,1,21,0,403.0
10110026RAMOSM_2026-03-24_G17,10110026RAMOSM,2026-03-24,120028,1,20,0,372.0
10110026RAMOSM_2026-03-25_G02,10110026RAMOSM,2026-03-25,121651,1,5,0,786.0
10110026RAMOSM_2026-03-25_G03,10110026RAMOSM,2026-03-25,121651,1,2,0,301.0
10110026RAMOSM_2026-03-25_G04,10110026RAMOSM,2026-03-25,124264,1,154,0,1721.0
10110026RAMOSM_2026-03-25_G05,10110026RAMOSM,2026-03-25,123345,1,60,0,2720.0
10110026RAMOSM_2026-03-25_G06,10110026RAMOSM,2026-03-25,122703,1,3,0,205.0
10110026RAMOSM_2026-03-25_G07,10110026RAMOSM,2026-03-25,123344,1,9,0,497.0
10110026RAMOSM_2026-03-25_G08,10110026RAMOSM,2026-03-25,123521,1,2,0,234.0
10110026RAMOSM_2026-03-25_G09,10110026RAMOSM,2026-03-25,123345,1,4,0,358.0
10110026RAMOSM_2026-03-25_G10,10110026RAMOSM,2026-03-25,123343,1,2,0,141.0
10110026RAMOSM_2026-03-25_G11,10110026RAMOSM,2026-03-25,124475,1,10,0,408.0
10110026RAMOSM_2026-03-25_G12,10110026RAMOSM,2026-03-25,121760,1,2,0,136.0
10110026RAMOSM_2026-03-25_G13,10110026RAMOSM,2026-03-25,123345,1,4,0,291.0
10110026RAMOSM_2026-03-25_G14,10110026RAMOSM,2026-03-25,123889,1,2,0,211.0
10110026RAMOSM_2026-03-25_G15,10110026RAMOSM,2026-03-25,122647,1,10,0,310.0
10110026RAMOSM_2026-03-25_G16,10110026RAMOSM,2026-03-25,123909,1,4,0,634.0
10110026RAMOSM_2026-03-25_G17,10110026RAMOSM,2026-03-25,120028,1,4,0,318.0
10110026RAMOSM_2026-03-25_G18,10110026RAMOSM,2026-03-25,123520,1,16,0,304.0
10110026RAMOSM_2026-03-25_G19,10110026RAMOSM,2026-03-25,123909,1,4,0,446.0
10110026RAMOSM_2026-03-25_G20,10110026RAMOSM,2026-03-25,122962,1,4,0,331.0
10110026RAMOSM_2026-03-25_G21,10110026RAMOSM,2026-03-25,124486,1,8,0,409.0
10110026RAMOSM_2026-03-25_G22,10110026RAMOSM,2026-03-25,121651,1,7,0,452.0
10110026RAMOSM_2026-03-25_G23,10110026RAMOSM,2026-03-25,124624,1,3,0,339.0
10110026RAMOSM_2026-03-25_G24,10110026RAMOSM,2026-03-25,120028,1,4,0,134.0
10110026RAMOSM_2026-03-25_G25,10110026RAMOSM,2026-03-25,124484,1,30,0,502.0
10110026RAMOSM_2026-03-25_G26,10110026RAMOSM,2026-03-25,124247,1,10,0,74.0
10110026RAMOSM_2026-03-25_G27,10110026RAMOSM,2026-03-25,124264,1,12,0,160.0
10110026RAMOSM_2026-03-25_G28,10110026RAMOSM,2026-03-25,123343,1,3,0,461.0
10110026RAMOSM_2026-03-25_G29,10110026RAMOSM,2026-03-25,124582,1,5,0,2217.0
10110026RAMOSM_2026-03-25_G30,10110026RAMOSM,2026-03-25,123909,1,2,0,361.0
10110026RAMOSM_2026-03-25_G31,10110026RAMOSM,2026-03-25,120028,1,17,0,613.0
10110026RAMOSM_2026-03-25_G33,10110026RAMOSM,2026-03-25,122962,1,10,0,464.0
10110026RAMOSM_2026-03-25_G34,10110026RAMOSM,2026-03-25,124370,1,4,0,181.0
10110026RAMOSM_2026-03-25_G35,10110026RAMOSM,2026-03-25,121760,1,14,0,152.0
10110026RAMOSM_2026-03-25_G36,10110026RAMOSM,2026-03-25,122982,1,15,0,205.0
10110026RAMOSM_2026-03-25_G37,10110026RAMOSM,2026-03-25,124582,1,19,0,41.0
10110026RAMOSM_2026-03-25_G38,10110026RAMOSM,2026-03-25,123345,1,6,0,197.0
10110026RAMOSM_2026-03-25_G39,10110026RAMOSM,2026-03-25,122962,1,4,0,225.0
10110026RAMOSM_2026-03-25_G40,10110026RAMOSM,2026-03-25,122703,1,4,0,210.0
10110026RAMOSM_2026-03-25_G41,10110026RAMOSM,2026-03-25,121651,1,6,0,53.0
10110026RAMOSM_2026-03-25_G42,10110026RAMOSM,2026-03-25,123345,1,4,0,212.0
10110026RAMOSM_2026-03-25_G43,10110026RAMOSM,2026-03-25,124247,1,20,0,149.0
10110026RAMOSM_2026-03-25_G44,10110026RAMOSM,2026-03-25,124371,1,3,0,145.0
10110026RAMOSM_2026-03-25_G45,10110026RAMOSM,2026-03-25,123345,1,4,0,35.0
10110026RAMOSM_2026-03-25_G46,10110026RAMOSM,2026-03-25,121651,1,8,0,191.0
10110026RAMOSM_2026-03-25_G47,10110026RAMOSM,2026-03-25,"122981, 122988",2,3,15,42.0
10110026RAMOSM_2026-03-25_G48,10110026RAMOSM,2026-03-25,122986,1,20,0,1273.0
10110026RAMOSM_2026-03-25_G49,10110026RAMOSM,2026-03-25,124582,1,176,0,1657.0
10110026RAMOSM_2026-03-25_G50,10110026RAMOSM,2026-03-25,124582,1,64,0,117.0
10110026RAMOSM_2026-03-26_G03,10110026RAMOSM,2026-03-26,120271,1,17,0,930.0
10110026RAMOSM_2026-03-26_G04,10110026RAMOSM,2026-03-26,123561,1,8,0,111.0
10110026RAMOSM_2026-03-26_G05,10110026RAMOSM,2026-03-26,122983,1,16,0,357.0
10110026RAMOSM_2026-03-26_G06,10110026RAMOSM,2026-03-26,122983,1,60,0,381.0
10110026RAMOSM_2026-03-26_G07,10110026RAMOSM,2026-03-26,122983,1,4,0,37.0
10110026RAMOSM_2026-03-26_G08,10110026RAMOSM,2026-03-26,122983,1,8,0,72.0
10110026RAMOSM_2026-03-26_G09,10110026RAMOSM,2026-03-26,123313,1,48,0,64.0
10110026RAMOSM_2026-03-26_G10,10110026RAMOSM,2026-03-26,123313,1,8,0,387.0
10110026RAMOSM_2026-03-26_G11,10110026RAMOSM,2026-03-26,123313,1,16,0,133.0
10110026RAMOSM_2026-03-26_G12,10110026RAMOSM,2026-03-26,123345,1,48,0,767.0
10110026RAMOSM_2026-03-26_G13,10110026RAMOSM,2026-03-26,123345,1,24,0,228.0
10110026RAMOSM_2026-03-26_G15,10110026RAMOSM,2026-03-26,124486,1,40,0,810.0
10110026RAMOSM_2026-03-26_G16,10110026RAMOSM,2026-03-26,124548,1,8,0,303.0
10110026RAMOSM_2026-03-26_G17,10110026RAMOSM,2026-03-26,122967,1,12,0,268.0
10110026RAMOSM_2026-03-26_G18,10110026RAMOSM,2026-03-26,124624,1,4,0,982.0
10110026RAMOSM_2026-03-26_G19,10110026RAMOSM,2026-03-26,123909,1,12,0,1099.0
10110026RAMOSM_2026-03-26_G20,10110026RAMOSM,2026-03-26,124582,1,56,0,1138.0
10110026RAMOSM_2026-03-26_G21,10110026RAMOSM,2026-03-26,122962,1,52,0,606.0
10110026RAMOSM_2026-03-26_G22,10110026RAMOSM,2026-03-26,124486,1,32,0,330.0
10110026RAMOSM_2026-03-27_G02,10110026RAMOSM,2026-03-27,120028,1,40,0,921.0
10110026RAMOSM_2026-03-27_G03,10110026RAMOSM,2026-03-27,122185,1,50,0,1217.0
10110026RAMOSM_2026-03-27_G04,10110026RAMOSM,2026-03-27,120028,1,100,0,2058.0
10110026RAMOSM_2026-03-27_G05,10110026RAMOSM,2026-03-27,122185,1,5,0,819.0
10110026RAMOSM_2026-03-27_G06,10110026RAMOSM,2026-03-27,124247,1,15,0,1253.0
10110026RAMOSM_2026-03-27_G07,10110026RAMOSM,2026-03-27,120389,1,10,0,1082.0
10110026RAMOSM_2026-03-27_G08,10110026RAMOSM,2026-03-27,122962,1,10,0,1050.0
10110026RAMOSM_2026-03-27_G09,10110026RAMOSM,2026-03-27,122647,1,12,0,360.0
10110026RAMOSM_2026-03-27_G10,10110026RAMOSM,2026-03-27,124486,1,40,0,531.0
10110026RAMOSM_2026-03-27_G11,10110026RAMOSM,2026-03-27,124486,1,40,0,663.0
10110026RAMOSM_2026-03-27_G12,10110026RAMOSM,2026-03-27,122962,1,8,0,1202.0
10110026RAMOSM_2026-03-27_G13,10110026RAMOSM,2026-03-27,124486,1,2,0,145.0
10110026RAMOSM_2026-03-27_G14,10110026RAMOSM,2026-03-27,124486,1,6,0,274.0
10110026RAMOSM_2026-03-27_G15,10110026RAMOSM,2026-03-27,122671,1,4,0,207.0
10110026RAMOSM_2026-03-27_G16,10110026RAMOSM,2026-03-27,122962,1,12,0,146.0
10110026RAMOSM_2026-03-27_G17,10110026RAMOSM,2026-03-27,122185,1,12,0,750.0
10110026RAMOSM_2026-03-27_G18,10110026RAMOSM,2026-03-27,122671,1,12,0,1000.0
10110026RAMOSM_2026-03-27_G19,10110026RAMOSM,2026-03-27,122983,1,16,0,551.0
10110026RAMOSM_2026-03-27_G21,10110026RAMOSM,2026-03-27,124582,1,6,0,514.0
10110026RAMOSM_2026-03-27_G22,10110026RAMOSM,2026-03-27,124486,1,2,0,113.0
10110026RAMOSM_2026-03-27_G23,10110026RAMOSM,2026-03-27,122983,1,2,0,191.0
10110026RAMOSM_2026-03-27_G24,10110026RAMOSM,2026-03-27,124582,1,7,0,287.0
10110026RAMOSM_2026-03-27_G25,10110026RAMOSM,2026-03-27,124489,1,20,0,925.0
10110026RAMOSM_2026-03-27_G26,10110026RAMOSM,2026-03-27,124247,1,11,0,375.0
10110026RAMOSM_2026-03-27_G27,10110026RAMOSM,2026-03-27,123345,1,18,0,790.0
10110026RAMOSM_2026-03-27_G28,10110026RAMOSM,2026-03-27,123344,1,5,0,998.0
10110026RAMOSM_2026-03-27_G29,10110026RAMOSM,2026-03-27,121760,1,6,0,178.0
10110026RAMOSM_2026-03-27_G30,10110026RAMOSM,2026-03-27,121760,1,12,0,356.0
10110026RAMOSM_2026-03-27_G31,10110026RAMOSM,2026-03-27,124486,1,6,0,135.0
10110026RAMOSM_2026-03-27_G32,10110026RAMOSM,2026-03-27,124371,1,8,0,92.0
10110026RAMOSM_2026-03-27_G33,10110026RAMOSM,2026-03-27,124371,1,6,0,143.0
10110026RAMOSM_2026-03-27_G34,10110026RAMOSM,2026-03-27,124476,1,4,0,109.0
10110026RAMOSM_2026-03-27_G35,10110026RAMOSM,2026-03-27,124476,1,6,0,95.0
10110026RAMOSM_2026-03-27_G36,10110026RAMOSM,2026-03-27,121651,1,20,0,653.0
10110026RAMOSM_2026-03-28_G02,10110026RAMOSM,2026-03-28,123343,1,2,0,236.0
10110026RAMOSM_2026-03-28_G03,10110026RAMOSM,2026-03-28,123492,1,26,0,1162.0
10110026RAMOSM_2026-03-28_G04,10110026RAMOSM,2026-03-28,124487,1,20,0,445.0
10110026RAMOSM_2026-03-28_G05,10110026RAMOSM,2026-03-28,122962,1,40,0,839.0
10110026RAMOSM_2026-03-28_G06,10110026RAMOSM,2026-03-28,124486,1,60,0,1041.0
10110026RAMOSM_2026-03-28_G07,10110026RAMOSM,2026-03-28,122962,1,2,0,141.0
10110026RAMOSM_2026-03-28_G08,10110026RAMOSM,2026-03-28,120028,1,2,0,346.0
10110026RAMOSM_2026-03-28_G09,10110026RAMOSM,2026-03-28,122962,1,4,0,218.0
10110026RAMOSM_2026-03-28_G10,10110026RAMOSM,2026-03-28,124486,1,4,0,221.0
10110026RAMOSM_2026-03-28_G11,10110026RAMOSM,2026-03-28,181057,1,2,0,557.0
10110026RAMOSM_2026-03-28_G12,10110026RAMOSM,2026-03-28,123345,1,15,0,754.0
10110026RAMOSM_2026-03-28_G13,10110026RAMOSM,2026-03-28,123343,1,15,0,472.0
10110026RAMOSM_2026-03-28_G14,10110026RAMOSM,2026-03-28,181057,1,4,0,904.0
10110026RAMOSM_2026-03-28_G15,10110026RAMOSM,2026-03-28,124624,1,10,0,420.0
10110026RAMOSM_2026-03-28_G16,10110026RAMOSM,2026-03-28,122962,1,180,0,3520.0
10110026RAMOSM_2026-03-28_G17,10110026RAMOSM,2026-03-28,124486,1,50,0,1027.0
10110026RAMOSM_2026-03-28_G18,10110026RAMOSM,2026-03-28,122962,1,20,0,1133.0
10110026RAMOSM_2026-03-28_G19,10110026RAMOSM,2026-03-28,123822,1,30,0,938.0
10110026RAMOSM_2026-03-28_G20,10110026RAMOSM,2026-03-28,122983,1,12,0,381.0
10110026RAMOSM_2026-03-28_G21,10110026RAMOSM,2026-03-28,124582,1,8,0,151.0
10110026RAMOSM_2026-03-28_G22,10110026RAMOSM,2026-03-28,124247,1,8,0,148.0
10110026RAMOSM_2026-03-28_G24,10110026RAMOSM,2026-03-28,122962,1,150,0,2783.0
10110026RAMOSM_2026-03-28_G25,10110026RAMOSM,2026-03-28,122962,1,20,0,492.0
10110026RAMOSM_2026-03-28_G26,10110026RAMOSM,2026-03-28,120008,1,4,0,134.0
10110026RAMOSM_2026-03-28_G27,10110026RAMOSM,2026-03-28,120028,1,20,0,449.0
10110026RAMOSM_2026-03-30_G02,10110026RAMOSM,2026-03-30,181057,1,4,0,2691.0
10110026RAMOSM_2026-03-30_G03,10110026RAMOSM,2026-03-30,124624,1,6,0,413.0
10110026RAMOSM_2026-03-30_G04,10110026RAMOSM,2026-03-30,122983,1,4,0,220.0
10110026RAMOSM_2026-03-30_G05,10110026RAMOSM,2026-03-30,122983,1,10,0,224.0
10110026RAMOSM_2026-03-30_G06,10110026RAMOSM,2026-03-30,124624,1,2,0,516.0
10110026RAMOSM_2026-03-30_G07,10110026RAMOSM,2026-03-30,124594,1,12,0,554.0
10110026RAMOSM_2026-03-30_G08,10110026RAMOSM,2026-03-30,124594,1,4,0,316.0
10110026RAMOSM_2026-03-30_G09,10110026RAMOSM,2026-03-30,123344,1,4,0,259.0
10110026RAMOSM_2026-03-30_G10,10110026RAMOSM,2026-03-30,122983,1,20,0,450.0
10110026RAMOSM_2026-03-30_G11,10110026RAMOSM,2026-03-30,122983,1,4,0,134.0
10110026RAMOSM_2026-03-30_G12,10110026RAMOSM,2026-03-30,123561,1,10,0,1058.0
10110026RAMOSM_2026-03-30_G13,10110026RAMOSM,2026-03-30,123561,1,12,0,401.0
10110026RAMOSM_2026-03-30_G14,10110026RAMOSM,2026-03-30,123561,1,16,0,492.0
10110026RAMOSM_2026-03-30_G15,10110026RAMOSM,2026-03-30,123561,1,10,0,246.0
10110026RAMOSM_2026-03-30_G16,10110026RAMOSM,2026-03-30,124370,1,2,0,312.0
10110026RAMOSM_2026-03-30_G17,10110026RAMOSM,2026-03-30,124476,1,28,0,684.0
10110026RAMOSM_2026-03-30_G18,10110026RAMOSM,2026-03-30,123313,1,4,0,1565.0
10110026RAMOSM_2026-03-30_G19,10110026RAMOSM,2026-03-30,123345,1,4,0,191.0
10110026RAMOSM_2026-03-30_G20,10110026RAMOSM,2026-03-30,124370,1,12,0,527.0
10110026RAMOSM_2026-03-30_G21,10110026RAMOSM,2026-03-30,181057,1,10,0,435.0
10110026RAMOSM_2026-03-30_G22,10110026RAMOSM,2026-03-30,124371,1,10,0,559.0
10110026RAMOSM_2026-03-30_G23,10110026RAMOSM,2026-03-30,124486,1,10,0,758.0
10110026RAMOSM_2026-03-30_G24,10110026RAMOSM,2026-03-30,122982,1,4,0,626.0
10110026RAMOSM_2026-03-30_G25,10110026RAMOSM,2026-03-30,121760,1,6,0,230.0
10110026RAMOSM_2026-03-30_G27,10110026RAMOSM,2026-03-30,122647,1,16,0,1936.0
10110026RAMOSM_2026-03-30_G28,10110026RAMOSM,2026-03-30,124486,1,12,0,232.0
10110026RAMOSM_2026-03-30_G29,10110026RAMOSM,2026-03-30,124486,1,9,0,253.0
10110026RAMOSM_2026-03-30_G30,10110026RAMOSM,2026-03-30,124624,1,2,0,939.0
10110026RAMOSM_2026-03-30_G31,10110026RAMOSM,2026-03-30,123909,1,20,0,663.0
10110026RAMOSM_2026-03-30_G32,10110026RAMOSM,2026-03-30,120389,1,4,0,143.0
10110026RAMOSM_2026-03-30_G33,10110026RAMOSM,2026-03-30,181057,1,4,0,271.0
10110026RAMOSM_2026-03-30_G34,10110026RAMOSM,2026-03-30,123343,1,2,0,250.0
10110026RAMOSM_2026-03-30_G35,10110026RAMOSM,2026-03-30,123343,1,8,0,200.0
10110026RAMOSM_2026-03-30_G36,10110026RAMOSM,2026-03-30,124247,1,2,0,237.0
10110026RAMOSM_2026-03-30_G37,10110026RAMOSM,2026-03-30,120028,1,4,0,81.0
10110026RAMOSM_2026-03-30_G38,10110026RAMOSM,2026-03-30,123345,1,12,0,1111.0
10110026RAMOSM_2026-03-31_G02,10110026RAMOSM,2026-03-31,124624,1,5,0,491.0
10110026RAMOSM_2026-03-31_G03,10110026RAMOSM,2026-03-31,124475,1,15,0,449.0
10110026RAMOSM_2026-03-31_G04,10110026RAMOSM,2026-03-31,124247,1,3,0,132.0
10110026RAMOSM_2026-03-31_G05,10110026RAMOSM,2026-03-31,124247,1,16,0,383.0
10110026RAMOSM_2026-03-31_G06,10110026RAMOSM,2026-03-31,124248,1,8,0,157.0
10110026RAMOSM_2026-03-31_G07,10110026RAMOSM,2026-03-31,124476,1,4,0,313.0
10110026RAMOSM_2026-03-31_G08,10110026RAMOSM,2026-03-31,122673,1,12,0,358.0
10110026RAMOSM_2026-03-31_G09,10110026RAMOSM,2026-03-31,121651,1,24,0,1021.0
10110026RAMOSM_2026-03-31_G10,10110026RAMOSM,2026-03-31,123081,1,4,0,486.0
10110026RAMOSM_2026-03-31_G11,10110026RAMOSM,2026-03-31,124486,1,18,0,445.0
10110026RAMOSM_2026-03-31_G12,10110026RAMOSM,2026-03-31,122185,1,6,0,137.0
10110026RAMOSM_2026-03-31_G13,10110026RAMOSM,2026-03-31,123313,1,8,0,412.0
10110026RAMOSM_2026-03-31_G14,10110026RAMOSM,2026-03-31,123343,1,14,0,681.0
10110026RAMOSM_2026-03-31_G15,10110026RAMOSM,2026-03-31,123343,1,8,0,625.0
10110026RAMOSM_2026-03-31_G16,10110026RAMOSM,2026-03-31,122185,1,40,0,901.0
10110026RAMOSM_2026-03-31_G17,10110026RAMOSM,2026-03-31,122185,1,90,0,2317.0
10110026RAMOSM_2026-03-31_G18,10110026RAMOSM,2026-03-31,122962,1,20,0,768.0
10110026RAMOSM_2026-03-31_G19,10110026RAMOSM,2026-03-31,122647,1,10,0,256.0
10110026RAMOSM_2026-03-31_G20,10110026RAMOSM,2026-03-31,124486,1,10,0,136.0
10110026RAMOSM_2026-03-31_G21,10110026RAMOSM,2026-03-31,124484,1,4,0,1872.0
10110026RAMOSM_2026-03-31_G22,10110026RAMOSM,2026-03-31,124247,1,12,0,353.0
10110026RAMOSM_2026-03-31_G23,10110026RAMOSM,2026-03-31,180026,1,3,0,1224.0
10110026RAMOSM_2026-03-31_G25,10110026RAMOSM,2026-03-31,124624,1,8,0,536.0
10110026RAMOSM_2026-03-31_G26,10110026RAMOSM,2026-03-31,122983,1,2,0,113.0
10110026RAMOSM_2026-03-31_G27,10110026RAMOSM,2026-03-31,122647,1,12,0,1389.0
10110026RAMOSM_2026-03-31_G28,10110026RAMOSM,2026-03-31,123909,1,12,0,713.0
10110026RAMOSM_2026-03-31_G29,10110026RAMOSM,2026-03-31,123909,1,31,0,1452.0
10110026RAMOSM_2026-03-31_G30,10110026RAMOSM,2026-03-31,123909,1,8,0,261.0
10110026RAMOSM_2026-03-31_G31,10110026RAMOSM,2026-03-31,124594,1,6,0,396.0
10110026RAMOSM_2026-03-31_G32,10110026RAMOSM,2026-03-31,123909,1,2,0,137.0
10110026RAMOSM_2026-03-31_G33,10110026RAMOSM,2026-03-31,123909,1,8,0,277.0
10110027MONTEIROH_2025-10-07_G02,10110027MONTEIROH,2025-10-07,117854,1,4,0,320.0
10110027MONTEIROH_2025-10-07_G03,10110027MONTEIROH,2025-10-07,117862,1,4,0,190.0
10110027MONTEIROH_2025-10-07_G04,10110027MONTEIROH,2025-10-07,109647,1,2,0,178.0
10110027MONTEIROH_2025-10-07_G05,10110027MONTEIROH,2025-10-07,110339,1,4,0,237.0
10110027MONTEIROH_2025-10-07_G06,10110027MONTEIROH,2025-10-07,101217,1,4,0,212.0
10110027MONTEIROH_2025-10-07_G07,10110027MONTEIROH,2025-10-07,111602,1,2,0,130.0
10110027MONTEIROH_2025-10-07_G08,10110027MONTEIROH,2025-10-07,118140,1,2,0,715.0
10110027MONTEIROH_2025-10-07_G09,10110027MONTEIROH,2025-10-07,105705,1,4,0,228.0
10110027MONTEIROH_2025-10-07_G10,10110027MONTEIROH,2025-10-07,108795,1,4,0,119.0
10110027MONTEIROH_2025-10-07_G11,10110027MONTEIROH,2025-10-07,118317,1,4,0,236.0
10110027MONTEIROH_2025-10-07_G12,10110027MONTEIROH,2025-10-07,111443,1,2,0,139.0
10110027MONTEIROH_2025-10-07_G13,10110027MONTEIROH,2025-10-07,117838,1,8,0,160.0
10110027MONTEIROH_2025-10-07_G14,10110027MONTEIROH,2025-10-07,108711,1,4,0,120.0
10110027MONTEIROH_2025-10-07_G15,10110027MONTEIROH,2025-10-07,111743,1,4,0,110.0
10110027MONTEIROH_2025-10-07_G16,10110027MONTEIROH,2025-10-07,108798,1,4,0,380.0
10110027MONTEIROH_2025-10-07_G17,10110027MONTEIROH,2025-10-07,141823,1,4,0,220.0
10110027MONTEIROH_2025-10-07_G18,10110027MONTEIROH,2025-10-07,109645,1,2,0,219.0
10110027MONTEIROH_2025-10-07_G19,10110027MONTEIROH,2025-10-07,108794,1,4,0,243.0
10110027MONTEIROH_2025-10-07_G20,10110027MONTEIROH,2025-10-07,117833,1,4,0,218.0
10110027MONTEIROH_2025-10-07_G21,10110027MONTEIROH,2025-10-07,141271,1,4,0,844.0
10110027MONTEIROH_2025-10-07_G22,10110027MONTEIROH,2025-10-07,110745,1,2,0,73.0
10110027MONTEIROH_2025-10-07_G23,10110027MONTEIROH,2025-10-07,110325,1,4,0,762.0
10110027MONTEIROH_2025-10-07_G24,10110027MONTEIROH,2025-10-07,111660,1,4,0,1076.0
10110027MONTEIROH_2025-10-07_G26,10110027MONTEIROH,2025-10-07,111441,1,40,0,1019.0
10110027MONTEIROH_2025-10-07_G27,10110027MONTEIROH,2025-10-07,111445,1,6,0,1841.0
10110027MONTEIROH_2025-10-07_G28,10110027MONTEIROH,2025-10-07,111441,1,6,0,225.0
10110027MONTEIROH_2025-10-07_G29,10110027MONTEIROH,2025-10-07,117835,1,8,0,265.0
10110027MONTEIROH_2025-10-07_G30,10110027MONTEIROH,2025-10-07,110747,1,12,0,1208.0
10110027MONTEIROH_2025-10-07_G31,10110027MONTEIROH,2025-10-07,111660,1,8,0,243.0
10110027MONTEIROH_2025-10-07_G32,10110027MONTEIROH,2025-10-07,111430,1,20,0,416.0
10110027MONTEIROH_2025-10-08_G02,10110027MONTEIROH,2025-10-08,111430,1,6,0,1592.0
10110027MONTEIROH_2025-10-08_G03,10110027MONTEIROH,2025-10-08,118253,1,18,0,1304.0
10110027MONTEIROH_2025-10-08_G04,10110027MONTEIROH,2025-10-08,117808,1,2,0,313.0
10110027MONTEIROH_2025-10-08_G05,10110027MONTEIROH,2025-10-08,117820,1,6,0,325.0
10110027MONTEIROH_2025-10-08_G06,10110027MONTEIROH,2025-10-08,110733,1,80,0,1230.0
10110027MONTEIROH_2025-10-08_G07,10110027MONTEIROH,2025-10-08,108772,1,73,0,1245.0
10110027MONTEIROH_2025-10-08_G08,10110027MONTEIROH,2025-10-08,111465,1,63,0,2820.0
10110027MONTEIROH_2025-10-08_G09,10110027MONTEIROH,2025-10-08,109641,1,397,0,1714.0
10110027MONTEIROH_2025-10-08_G11,10110027MONTEIROH,2025-10-08,111438,1,6,0,516.0
10110027MONTEIROH_2025-10-08_G12,10110027MONTEIROH,2025-10-08,117834,1,6,0,492.0
10110027MONTEIROH_2025-10-08_G13,10110027MONTEIROH,2025-10-08,100334,1,5,0,713.0
10110027MONTEIROH_2025-10-08_G14,10110027MONTEIROH,2025-10-08,110755,1,5,0,234.0
10110027MONTEIROH_2025-10-08_G15,10110027MONTEIROH,2025-10-08,110754,1,6,0,1628.0
10110027MONTEIROH_2025-10-08_G16,10110027MONTEIROH,2025-10-08,111569,1,16,0,372.0
10110027MONTEIROH_2025-10-08_G17,10110027MONTEIROH,2025-10-08,110751,1,4,0,1382.0
10110027MONTEIROH_2025-10-09_G02,10110027MONTEIROH,2025-10-09,111440,1,2,0,95.0
10110027MONTEIROH_2025-10-09_G03,10110027MONTEIROH,2025-10-09,117855,1,2,0,236.0
10110027MONTEIROH_2025-10-09_G04,10110027MONTEIROH,2025-10-09,111530,1,2,0,161.0
10110027MONTEIROH_2025-10-09_G05,10110027MONTEIROH,2025-10-09,111467,1,4,0,150.0
10110027MONTEIROH_2025-10-09_G06,10110027MONTEIROH,2025-10-09,118094,1,4,0,168.0
10110027MONTEIROH_2025-10-09_G07,10110027MONTEIROH,2025-10-09,111463,1,4,0,429.0
10110027MONTEIROH_2025-10-09_G08,10110027MONTEIROH,2025-10-09,111743,1,2,0,161.0
10110027MONTEIROH_2025-10-09_G09,10110027MONTEIROH,2025-10-09,141457,1,4,0,300.0
10110027MONTEIROH_2025-10-09_G10,10110027MONTEIROH,2025-10-09,140922,1,2,0,156.0
10110027MONTEIROH_2025-10-09_G11,10110027MONTEIROH,2025-10-09,118140,1,1,0,188.0
10110027MONTEIROH_2025-10-09_G12,10110027MONTEIROH,2025-10-09,111468,1,2,0,177.0
10110027MONTEIROH_2025-10-09_G13,10110027MONTEIROH,2025-10-09,111418,1,6,0,294.0
10110027MONTEIROH_2025-10-09_G14,10110027MONTEIROH,2025-10-09,107830,1,4,0,219.0
10110027MONTEIROH_2025-10-09_G15,10110027MONTEIROH,2025-10-09,110373,1,4,0,186.0
10110027MONTEIROH_2025-10-09_G16,10110027MONTEIROH,2025-10-09,110375,1,2,0,177.0
10110027MONTEIROH_2025-10-09_G17,10110027MONTEIROH,2025-10-09,117808,1,2,0,61.0
10110027MONTEIROH_2025-10-09_G18,10110027MONTEIROH,2025-10-09,118299,1,12,0,1275.0
10110027MONTEIROH_2025-10-09_G19,10110027MONTEIROH,2025-10-09,105705,1,2,0,1472.0
10110027MONTEIROH_2025-10-09_G20,10110027MONTEIROH,2025-10-09,111431,1,2,0,117.0
10110027MONTEIROH_2025-10-09_G21,10110027MONTEIROH,2025-10-09,111433,1,4,0,3255.0
10110027MONTEIROH_2025-10-09_G22,10110027MONTEIROH,2025-10-09,118286,1,2,0,194.0
10110027MONTEIROH_2025-10-09_G23,10110027MONTEIROH,2025-10-09,111876,1,2,0,207.0
10110027MONTEIROH_2025-10-09_G24,10110027MONTEIROH,2025-10-09,110711,1,6,0,491.0
10110027MONTEIROH_2025-10-09_G25,10110027MONTEIROH,2025-10-09,117965,1,1,0,76.0
10110027MONTEIROH_2025-10-09_G26,10110027MONTEIROH,2025-10-09,110756,1,1,0,159.0
10110027MONTEIROH_2025-10-09_G27,10110027MONTEIROH,2025-10-09,110339,1,2,0,264.0
10110027MONTEIROH_2025-10-09_G28,10110027MONTEIROH,2025-10-09,111602,1,4,0,176.0
10110027MONTEIROH_2025-10-09_G29,10110027MONTEIROH,2025-10-09,110753,1,2,0,602.0
10110027MONTEIROH_2025-10-09_G30,10110027MONTEIROH,2025-10-09,110372,1,8,0,407.0
10110027MONTEIROH_2025-10-09_G31,10110027MONTEIROH,2025-10-09,117820,1,2,0,160.0
10110027MONTEIROH_2025-10-09_G32,10110027MONTEIROH,2025-10-09,141202,1,4,0,184.0
10110027MONTEIROH_2025-10-09_G33,10110027MONTEIROH,2025-10-09,117822,1,2,0,105.0
10110027MONTEIROH_2025-10-09_G34,10110027MONTEIROH,2025-10-09,118299,1,6,0,274.0
10110027MONTEIROH_2025-10-09_G35,10110027MONTEIROH,2025-10-09,110375,1,8,0,970.0
10110027MONTEIROH_2025-10-09_G36,10110027MONTEIROH,2025-10-09,110372,1,20,0,338.0
10110027MONTEIROH_2025-10-09_G37,10110027MONTEIROH,2025-10-09,117788,1,3,0,255.0
10110027MONTEIROH_2025-10-09_G38,10110027MONTEIROH,2025-10-09,118298,1,4,0,461.0
10110027MONTEIROH_2025-10-09_G39,10110027MONTEIROH,2025-10-09,111602,1,4,0,276.0
10110027MONTEIROH_2025-10-09_G40,10110027MONTEIROH,2025-10-09,111418,1,8,0,319.0
10110027MONTEIROH_2025-10-09_G41,10110027MONTEIROH,2025-10-09,110787,1,4,0,134.0
10110027MONTEIROH_2025-10-09_G42,10110027MONTEIROH,2025-10-09,111468,1,4,0,432.0
10110027MONTEIROH_2025-10-09_G44,10110027MONTEIROH,2025-10-09,117862,1,4,0,682.0
10110027MONTEIROH_2025-10-09_G45,10110027MONTEIROH,2025-10-09,111467,1,3,0,241.0
10110027MONTEIROH_2025-10-09_G46,10110027MONTEIROH,2025-10-09,108711,1,4,0,195.0
10110027MONTEIROH_2025-10-09_G47,10110027MONTEIROH,2025-10-09,108794,1,2,0,232.0
10110027MONTEIROH_2025-10-09_G48,10110027MONTEIROH,2025-10-09,117787,1,2,0,245.0
10110027MONTEIROH_2025-10-09_G49,10110027MONTEIROH,2025-10-09,117833,1,2,0,155.0
10110027MONTEIROH_2025-10-09_G50,10110027MONTEIROH,2025-10-09,117831,1,3,0,180.0
10110027MONTEIROH_2025-10-09_G51,10110027MONTEIROH,2025-10-09,117832,1,4,0,248.0
10110027MONTEIROH_2025-10-09_G52,10110027MONTEIROH,2025-10-09,111437,1,4,0,393.0
10110027MONTEIROH_2025-10-09_G53,10110027MONTEIROH,2025-10-09,111418,1,16,0,456.0
10110027MONTEIROH_2025-10-09_G54,10110027MONTEIROH,2025-10-09,110740,1,2,0,221.0
10110027MONTEIROH_2025-10-09_G55,10110027MONTEIROH,2025-10-09,111348,1,2,0,104.0
10110027MONTEIROH_2025-10-09_G56,10110027MONTEIROH,2025-10-09,108798,1,2,0,118.0
10110027MONTEIROH_2025-10-09_G57,10110027MONTEIROH,2025-10-09,111532,1,4,0,264.0
10110027MONTEIROH_2025-10-09_G58,10110027MONTEIROH,2025-10-09,141823,1,2,0,463.0
10110027MONTEIROH_2025-10-09_G59,10110027MONTEIROH,2025-10-09,111466,1,6,0,509.0
10110027MONTEIROH_2025-10-09_G60,10110027MONTEIROH,2025-10-09,140922,1,2,0,243.0
10110027MONTEIROH_2025-10-09_G61,10110027MONTEIROH,2025-10-09,111444,1,1,0,141.0
10110027MONTEIROH_2025-10-10_G02,10110027MONTEIROH,2025-10-10,102851,1,4,0,383.0
10110027MONTEIROH_2025-10-10_G03,10110027MONTEIROH,2025-10-10,108759,1,1,0,308.0
10110027MONTEIROH_2025-10-10_G04,10110027MONTEIROH,2025-10-10,110841,1,5,0,122.0
10110027MONTEIROH_2025-10-10_G05,10110027MONTEIROH,2025-10-10,117836,1,4,0,164.0
10110027MONTEIROH_2025-10-10_G06,10110027MONTEIROH,2025-10-10,117835,1,4,0,118.0
10110027MONTEIROH_2025-10-10_G07,10110027MONTEIROH,2025-10-10,111655,1,1,0,128.0
10110027MONTEIROH_2025-10-10_G08,10110027MONTEIROH,2025-10-10,110623,1,4,0,212.0
10110027MONTEIROH_2025-10-10_G09,10110027MONTEIROH,2025-10-10,110747,1,5,0,161.0
10110027MONTEIROH_2025-10-10_G10,10110027MONTEIROH,2025-10-10,111569,1,5,0,437.0
10110027MONTEIROH_2025-10-10_G11,10110027MONTEIROH,2025-10-10,111569,1,6,0,131.0
10110027MONTEIROH_2025-10-10_G12,10110027MONTEIROH,2025-10-10,108770,1,5,0,1805.0
10110027MONTEIROH_2025-10-10_G13,10110027MONTEIROH,2025-10-10,118442,1,3,0,625.0
10110027MONTEIROH_2025-10-10_G14,10110027MONTEIROH,2025-10-10,115234,1,1,0,486.0
10110027MONTEIROH_2025-10-10_G15,10110027MONTEIROH,2025-10-10,141035,1,1,0,461.0
10110027MONTEIROH_2025-10-10_G16,10110027MONTEIROH,2025-10-10,111650,1,5,0,227.0
10110027MONTEIROH_2025-10-10_G17,10110027MONTEIROH,2025-10-10,117853,1,10,0,157.0
10110027MONTEIROH_2025-10-10_G18,10110027MONTEIROH,2025-10-10,117853,1,10,0,219.0
10110027MONTEIROH_2025-10-10_G19,10110027MONTEIROH,2025-10-10,110750,1,2,0,82.0
10110027MONTEIROH_2025-10-10_G20,10110027MONTEIROH,2025-10-10,110756,1,2,0,60.0
10110027MONTEIROH_2025-10-10_G21,10110027MONTEIROH,2025-10-10,111602,1,3,0,169.0
10110027MONTEIROH_2025-10-10_G22,10110027MONTEIROH,2025-10-10,117837,1,5,0,508.0
10110027MONTEIROH_2025-10-10_G23,10110027MONTEIROH,2025-10-10,141066,1,10,0,308.0
10110027MONTEIROH_2025-10-10_G24,10110027MONTEIROH,2025-10-10,110711,1,10,0,293.0
10110027MONTEIROH_2025-10-10_G25,10110027MONTEIROH,2025-10-10,117862,1,30,0,650.0
10110027MONTEIROH_2025-10-10_G26,10110027MONTEIROH,2025-10-10,111467,1,21,0,339.0
10110027MONTEIROH_2025-10-10_G27,10110027MONTEIROH,2025-10-10,111602,1,36,0,1022.0
10110027MONTEIROH_2025-10-10_G28,10110027MONTEIROH,2025-10-10,108772,1,14,0,1121.0
10110027MONTEIROH_2025-10-10_G29,10110027MONTEIROH,2025-10-10,107830,1,8,0,1370.0
10110027MONTEIROH_2025-10-10_G30,10110027MONTEIROH,2025-10-10,109643,1,33,0,830.0
10110027MONTEIROH_2025-10-10_G31,10110027MONTEIROH,2025-10-10,110373,1,2,0,345.0
10110027MONTEIROH_2025-10-10_G32,10110027MONTEIROH,2025-10-10,110373,1,2,0,35.0
10110027MONTEIROH_2025-10-10_G33,10110027MONTEIROH,2025-10-10,110372,1,2,0,142.0
10110027MONTEIROH_2025-10-10_G34,10110027MONTEIROH,2025-10-10,110372,1,2,0,63.0
10110027MONTEIROH_2025-10-10_G35,10110027MONTEIROH,2025-10-10,110373,1,70,0,1147.0
10110027MONTEIROH_2025-10-10_G36,10110027MONTEIROH,2025-10-10,110895,1,10,0,908.0
10110027MONTEIROH_2025-10-10_G37,10110027MONTEIROH,2025-10-10,110711,1,12,0,382.0
10110027MONTEIROH_2025-10-10_G38,10110027MONTEIROH,2025-10-10,110733,1,56,0,1488.0
10110027MONTEIROH_2025-10-10_G40,10110027MONTEIROH,2025-10-10,109640,1,10,0,207.0
10110027MONTEIROH_2025-10-10_G41,10110027MONTEIROH,2025-10-10,111602,1,5,0,212.0
10110027MONTEIROH_2025-10-10_G42,10110027MONTEIROH,2025-10-10,111532,1,9,0,237.0
10110027MONTEIROH_2025-10-10_G43,10110027MONTEIROH,2025-10-10,111532,1,9,0,1458.0
10110027MONTEIROH_2025-10-10_G44,10110027MONTEIROH,2025-10-10,111469,1,6,0,315.0
10110027MONTEIROH_2025-10-10_G45,10110027MONTEIROH,2025-10-10,116241,1,5,0,157.0
10110027MONTEIROH_2025-10-10_G46,10110027MONTEIROH,2025-10-10,109641,1,4,0,86.0
10110027MONTEIROH_2025-10-10_G47,10110027MONTEIROH,2025-10-10,111182,1,2,0,60.0
10110027MONTEIROH_2025-10-11_G02,10110027MONTEIROH,2025-10-11,110515,1,8,0,443.0
10110027MONTEIROH_2025-10-11_G03,10110027MONTEIROH,2025-10-11,111879,1,4,0,208.0
10110027MONTEIROH_2025-10-11_G04,10110027MONTEIROH,2025-10-11,111602,1,12,0,234.0
10110027MONTEIROH_2025-10-11_G05,10110027MONTEIROH,2025-10-11,111743,1,8,0,233.0
10110027MONTEIROH_2025-10-11_G06,10110027MONTEIROH,2025-10-11,110711,1,2,0,255.0
10110027MONTEIROH_2025-10-11_G07,10110027MONTEIROH,2025-10-11,110742,1,10,0,1456.0
10110027MONTEIROH_2025-10-11_G08,10110027MONTEIROH,2025-10-11,160057,1,24,0,1319.0
10110027MONTEIROH_2025-10-11_G09,10110027MONTEIROH,2025-10-11,111569,1,4,0,263.0
10110027MONTEIROH_2025-10-11_G10,10110027MONTEIROH,2025-10-11,118222,1,4,0,295.0
10110027MONTEIROH_2025-10-11_G11,10110027MONTEIROH,2025-10-11,141318,1,28,0,1978.0
10110027MONTEIROH_2025-10-11_G12,10110027MONTEIROH,2025-10-11,110373,1,250,0,1531.0
10110027MONTEIROH_2025-10-11_G13,10110027MONTEIROH,2025-10-11,117808,1,2,0,137.0
10110027MONTEIROH_2025-10-11_G14,10110027MONTEIROH,2025-10-11,109645,1,59,0,1579.0
10110027MONTEIROH_2025-10-11_G15,10110027MONTEIROH,2025-10-11,109645,1,2,0,97.0
10110027MONTEIROH_2025-10-11_G16,10110027MONTEIROH,2025-10-11,108711,1,6,0,148.0
10110027MONTEIROH_2025-10-11_G17,10110027MONTEIROH,2025-10-11,110371,1,48,0,1160.0
10110027MONTEIROH_2025-10-11_G18,10110027MONTEIROH,2025-10-11,110372,1,88,0,983.0
10110027MONTEIROH_2025-10-11_G21,10110027MONTEIROH,2025-10-11,109647,1,4,0,151.0
10110027MONTEIROH_2025-10-11_G22,10110027MONTEIROH,2025-10-11,117831,1,12,0,177.0
10110027MONTEIROH_2025-10-11_G23,10110027MONTEIROH,2025-10-11,118416,1,6,0,511.0
10110027MONTEIROH_2025-10-11_G24,10110027MONTEIROH,2025-10-11,117855,1,20,0,291.0
10110027MONTEIROH_2025-10-11_G25,10110027MONTEIROH,2025-10-11,117862,1,17,0,245.0
10110027MONTEIROH_2025-10-11_G26,10110027MONTEIROH,2025-10-11,111602,1,17,0,470.0
10110027MONTEIROH_2025-10-11_G27,10110027MONTEIROH,2025-10-11,117853,1,16,0,452.0
10110027MONTEIROH_2025-10-11_G28,10110027MONTEIROH,2025-10-11,117935,1,8,0,162.0
10110027MONTEIROH_2025-10-13_G02,10110027MONTEIROH,2025-10-13,111851,1,2,0,583.0
10110027MONTEIROH_2025-10-13_G03,10110027MONTEIROH,2025-10-13,110841,1,2,0,145.0
10110027MONTEIROH_2025-10-13_G04,10110027MONTEIROH,2025-10-13,110742,1,10,0,318.0
10110027MONTEIROH_2025-10-13_G05,10110027MONTEIROH,2025-10-13,111793,1,2,0,266.0
10110027MONTEIROH_2025-10-13_G06,10110027MONTEIROH,2025-10-13,110623,1,8,0,546.0
10110027MONTEIROH_2025-10-13_G07,10110027MONTEIROH,2025-10-13,118290,1,12,0,275.0
10110027MONTEIROH_2025-10-13_G08,10110027MONTEIROH,2025-10-13,118418,1,4,0,373.0
10110027MONTEIROH_2025-10-13_G09,10110027MONTEIROH,2025-10-13,108759,1,14,0,2528.0
10110027MONTEIROH_2025-10-13_G10,10110027MONTEIROH,2025-10-13,107892,1,10,0,506.0
10110027MONTEIROH_2025-10-13_G11,10110027MONTEIROH,2025-10-13,111569,1,28,0,948.0
10110027MONTEIROH_2025-10-13_G12,10110027MONTEIROH,2025-10-13,110754,1,8,0,276.0
10110027MONTEIROH_2025-10-13_G13,10110027MONTEIROH,2025-10-13,110375,1,20,0,1033.0
10110027MONTEIROH_2025-10-13_G14,10110027MONTEIROH,2025-10-13,160051,1,4,0,127.0
10110027MONTEIROH_2025-10-13_G15,10110027MONTEIROH,2025-10-13,110376,1,20,0,225.0
10110027MONTEIROH_2025-10-13_G16,10110027MONTEIROH,2025-10-13,117822,1,10,0,212.0
10110027MONTEIROH_2025-10-13_G17,10110027MONTEIROH,2025-10-13,111743,1,10,0,672.0
10110027MONTEIROH_2025-10-13_G18,10110027MONTEIROH,2025-10-13,111435,1,12,0,183.0
10110027MONTEIROH_2025-10-13_G19,10110027MONTEIROH,2025-10-13,111465,1,20,0,721.0
10110027MONTEIROH_2025-10-13_G20,10110027MONTEIROH,2025-10-13,111433,1,12,0,374.0
10110027MONTEIROH_2025-10-13_G21,10110027MONTEIROH,2025-10-13,108798,1,30,0,656.0
10110027MONTEIROH_2025-10-13_G22,10110027MONTEIROH,2025-10-13,109641,1,20,0,344.0
10110027MONTEIROH_2025-10-13_G23,10110027MONTEIROH,2025-10-13,111443,1,12,0,316.0
10110027MONTEIROH_2025-10-13_G24,10110027MONTEIROH,2025-10-13,118223,1,4,0,1547.0
10110027MONTEIROH_2025-10-13_G25,10110027MONTEIROH,2025-10-13,111182,1,10,0,834.0
10110027MONTEIROH_2025-10-13_G26,10110027MONTEIROH,2025-10-13,111442,1,8,0,83.0
10110027MONTEIROH_2025-10-13_G27,10110027MONTEIROH,2025-10-13,111444,1,7,0,97.0
10110027MONTEIROH_2025-10-13_G28,10110027MONTEIROH,2025-10-13,140922,1,6,0,170.0
10110027MONTEIROH_2025-10-13_G29,10110027MONTEIROH,2025-10-13,117831,1,21,0,276.0
10110027MONTEIROH_2025-10-13_G30,10110027MONTEIROH,2025-10-13,141456,1,16,0,508.0
10110027MONTEIROH_2025-10-13_G31,10110027MONTEIROH,2025-10-13,110740,1,6,0,302.0
10110027MONTEIROH_2025-10-13_G32,10110027MONTEIROH,2025-10-13,141457,1,22,0,280.0
10110027MONTEIROH_2025-10-13_G33,10110027MONTEIROH,2025-10-13,141457,1,4,0,103.0
10110027MONTEIROH_2025-10-13_G35,10110027MONTEIROH,2025-10-13,111440,1,50,0,1616.0
10110027MONTEIROH_2025-10-13_G36,10110027MONTEIROH,2025-10-13,111569,1,50,0,2138.0
10110027MONTEIROH_2025-10-13_G37,10110027MONTEIROH,2025-10-13,110747,1,150,0,2417.0
10110027MONTEIROH_2025-10-13_G38,10110027MONTEIROH,2025-10-13,117830,1,20,0,1400.0
10110027MONTEIROH_2025-10-13_G39,10110027MONTEIROH,2025-10-13,111433,1,50,0,448.0
10110027MONTEIROH_2025-10-14_G02,10110027MONTEIROH,2025-10-14,117836,1,4,0,222.0
10110027MONTEIROH_2025-10-14_G03,10110027MONTEIROH,2025-10-14,117834,1,9,0,474.0
10110027MONTEIROH_2025-10-14_G04,10110027MONTEIROH,2025-10-14,118290,1,3,0,188.0
10110027MONTEIROH_2025-10-14_G05,10110027MONTEIROH,2025-10-14,107892,1,2,0,97.0
10110027MONTEIROH_2025-10-14_G06,10110027MONTEIROH,2025-10-14,141456,1,31,0,3226.0
10110027MONTEIROH_2025-10-14_G07,10110027MONTEIROH,2025-10-14,108711,1,23,0,580.0
10110027MONTEIROH_2025-10-14_G08,10110027MONTEIROH,2025-10-14,108798,1,4,0,122.0
10110027MONTEIROH_2025-10-14_G09,10110027MONTEIROH,2025-10-14,108794,1,7,0,175.0
10110027MONTEIROH_2025-10-14_G10,10110027MONTEIROH,2025-10-14,111462,1,3,0,72.0
10110027MONTEIROH_2025-10-14_G11,10110027MONTEIROH,2025-10-14,141458,1,16,0,236.0
10110027MONTEIROH_2025-10-14_G12,10110027MONTEIROH,2025-10-14,111743,1,6,0,218.0
10110027MONTEIROH_2025-10-14_G13,10110027MONTEIROH,2025-10-14,111466,1,62,0,759.0
10110027MONTEIROH_2025-10-14_G14,10110027MONTEIROH,2025-10-14,141457,1,70,0,951.0
10110027MONTEIROH_2025-10-14_G15,10110027MONTEIROH,2025-10-14,117821,1,56,0,323.0
10110027MONTEIROH_2025-10-14_G16,10110027MONTEIROH,2025-10-14,117831,1,52,0,280.0
10110027MONTEIROH_2025-10-14_G17,10110027MONTEIROH,2025-10-14,117830,2,70,13,735.0
10110027MONTEIROH_2025-10-14_G18,10110027MONTEIROH,2025-10-14,140923,1,50,0,464.0
10110027MONTEIROH_2025-10-14_G19,10110027MONTEIROH,2025-10-14,110711,1,30,0,287.0
10110027MONTEIROH_2025-10-14_G20,10110027MONTEIROH,2025-10-14,117935,1,9,0,799.0
10110027MONTEIROH_2025-10-14_G21,10110027MONTEIROH,2025-10-14,117935,1,8,0,111.0
10110027MONTEIROH_2025-10-14_G22,10110027MONTEIROH,2025-10-14,110711,1,40,0,340.0
10110027MONTEIROH_2025-10-14_G23,10110027MONTEIROH,2025-10-14,109640,1,4,0,544.0
10110027MONTEIROH_2025-10-14_G24,10110027MONTEIROH,2025-10-14,106179,1,2,0,1879.0
10110027MONTEIROH_2025-10-14_G25,10110027MONTEIROH,2025-10-14,114100,1,4,0,1152.0
10110027MONTEIROH_2025-10-14_G26,10110027MONTEIROH,2025-10-14,110740,1,18,0,280.0
10110027MONTEIROH_2025-10-14_G27,10110027MONTEIROH,2025-10-14,108711,1,16,0,225.0
10110027MONTEIROH_2025-10-14_G28,10110027MONTEIROH,2025-10-14,141823,1,20,0,265.0
10110027MONTEIROH_2025-10-14_G29,10110027MONTEIROH,2025-10-14,108794,1,10,0,813.0
10110027MONTEIROH_2025-10-14_G30,10110027MONTEIROH,2025-10-14,111465,1,13,0,147.0
10110027MONTEIROH_2025-10-14_G31,10110027MONTEIROH,2025-10-14,109641,1,12,0,171.0
10110027MONTEIROH_2025-10-14_G32,10110027MONTEIROH,2025-10-14,117833,1,1,0,48.0
10110027MONTEIROH_2025-10-14_G33,10110027MONTEIROH,2025-10-14,111444,1,12,0,188.0
10110027MONTEIROH_2025-10-14_G34,10110027MONTEIROH,2025-10-14,111468,1,6,0,160.0
10110027MONTEIROH_2025-10-14_G35,10110027MONTEIROH,2025-10-14,111466,1,110,0,2453.0
10110027MONTEIROH_2025-10-14_G36,10110027MONTEIROH,2025-10-14,118223,1,10,0,359.0
10110027MONTEIROH_2025-10-14_G37,10110027MONTEIROH,2025-10-14,141457,1,100,0,376.0
10110027MONTEIROH_2025-10-15_G02,10110027MONTEIROH,2025-10-15,140911,1,4,0,224.0
10110027MONTEIROH_2025-10-15_G03,10110027MONTEIROH,2025-10-15,117785,1,4,0,170.0
10110027MONTEIROH_2025-10-15_G04,10110027MONTEIROH,2025-10-15,118253,1,1,0,806.0
10110027MONTEIROH_2025-10-15_G05,10110027MONTEIROH,2025-10-15,118253,1,1,0,86.0
10110027MONTEIROH_2025-10-15_G06,10110027MONTEIROH,2025-10-15,110711,1,16,0,510.0
10110027MONTEIROH_2025-10-15_G07,10110027MONTEIROH,2025-10-15,141823,1,6,0,254.0
10110027MONTEIROH_2025-10-15_G08,10110027MONTEIROH,2025-10-15,111530,1,4,0,1280.0
10110027MONTEIROH_2025-10-15_G09,10110027MONTEIROH,2025-10-15,111602,1,8,0,712.0
10110027MONTEIROH_2025-10-15_G10,10110027MONTEIROH,2025-10-15,100334,1,4,0,196.0
10110027MONTEIROH_2025-10-15_G11,10110027MONTEIROH,2025-10-15,110373,1,10,0,1692.0
10110027MONTEIROH_2025-10-15_G12,10110027MONTEIROH,2025-10-15,118299,1,18,0,331.0
10110027MONTEIROH_2025-10-15_G13,10110027MONTEIROH,2025-10-15,117820,1,48,0,794.0
10110027MONTEIROH_2025-10-15_G14,10110027MONTEIROH,2025-10-15,110372,1,4,0,426.0
10110027MONTEIROH_2025-10-15_G15,10110027MONTEIROH,2025-10-15,105705,1,7,0,924.0
10110027MONTEIROH_2025-10-15_G16,10110027MONTEIROH,2025-10-15,110740,1,2,0,101.0
10110027MONTEIROH_2025-10-15_G17,10110027MONTEIROH,2025-10-15,141457,1,6,0,147.0
10110027MONTEIROH_2025-10-15_G18,10110027MONTEIROH,2025-10-15,111431,1,3,0,139.0
10110027MONTEIROH_2025-10-15_G19,10110027MONTEIROH,2025-10-15,118223,1,4,0,187.0
10110027MONTEIROH_2025-10-15_G20,10110027MONTEIROH,2025-10-15,118317,1,12,0,410.0
10110027MONTEIROH_2025-10-15_G21,10110027MONTEIROH,2025-10-15,117785,1,4,0,71.0
10110027MONTEIROH_2025-10-15_G22,10110027MONTEIROH,2025-10-15,111172,1,8,0,172.0
10110027MONTEIROH_2025-10-15_G23,10110027MONTEIROH,2025-10-15,110745,1,5,0,105.0
10110027MONTEIROH_2025-10-15_G24,10110027MONTEIROH,2025-10-15,111532,1,30,0,995.0
10110027MONTEIROH_2025-10-15_G25,10110027MONTEIROH,2025-10-15,117785,1,21,0,272.0
10110027MONTEIROH_2025-10-15_G26,10110027MONTEIROH,2025-10-15,111463,1,26,0,1031.0
10110027MONTEIROH_2025-10-15_G27,10110027MONTEIROH,2025-10-15,110371,1,322,0,1875.0
10110027MONTEIROH_2025-10-15_G28,10110027MONTEIROH,2025-10-15,117820,1,162,0,1331.0
10110027MONTEIROH_2025-10-15_G29,10110027MONTEIROH,2025-10-15,141202,1,17,0,164.0
10110027MONTEIROH_2025-10-15_G30,10110027MONTEIROH,2025-10-15,117809,1,13,0,137.0
10110027MONTEIROH_2025-10-15_G31,10110027MONTEIROH,2025-10-15,110325,1,12,0,150.0
10110027MONTEIROH_2025-10-15_G32,10110027MONTEIROH,2025-10-15,110841,1,3,0,853.0
10110027MONTEIROH_2025-10-15_G33,10110027MONTEIROH,2025-10-15,110742,1,5,0,130.0
10110027MONTEIROH_2025-10-15_G34,10110027MONTEIROH,2025-10-15,117835,1,4,0,151.0
10110027MONTEIROH_2025-10-15_G35,10110027MONTEIROH,2025-10-15,141035,1,4,0,203.0
10110027MONTEIROH_2025-10-15_G36,10110027MONTEIROH,2025-10-15,111850,1,4,0,525.0
10110027MONTEIROH_2025-10-15_G37,10110027MONTEIROH,2025-10-15,118222,1,72,0,1595.0
10110027MONTEIROH_2025-10-15_G38,10110027MONTEIROH,2025-10-15,111569,1,48,0,1181.0
10110027MONTEIROH_2025-10-15_G40,10110027MONTEIROH,2025-10-15,105705,1,19,0,308.0
10110027MONTEIROH_2025-10-15_G41,10110027MONTEIROH,2025-10-15,111433,1,6,0,107.0
10110027MONTEIROH_2025-10-15_G42,10110027MONTEIROH,2025-10-15,111466,1,2,0,46.0
10110027MONTEIROH_2025-10-15_G43,10110027MONTEIROH,2025-10-15,111418,1,13,0,95.0
10110027MONTEIROH_2025-10-15_G44,10110027MONTEIROH,2025-10-15,111443,1,2,0,60.0
10110027MONTEIROH_2025-10-15_G45,10110027MONTEIROH,2025-10-15,117838,1,1,0,38.0
10110027MONTEIROH_2025-10-17_G02,10110027MONTEIROH,2025-10-17,118222,1,264,0,3206.0
10110027MONTEIROH_2025-10-17_G03,10110027MONTEIROH,2025-10-17,111602,1,1,0,1340.0
10110027MONTEIROH_2025-10-17_G04,10110027MONTEIROH,2025-10-17,118094,1,6,0,192.0
10110027MONTEIROH_2025-10-17_G05,10110027MONTEIROH,2025-10-17,110741,1,4,0,191.0
10110027MONTEIROH_2025-10-17_G06,10110027MONTEIROH,2025-10-17,107629,1,2,0,534.0
10110027MONTEIROH_2025-10-17_G07,10110027MONTEIROH,2025-10-17,110711,1,1,0,63.0
10110027MONTEIROH_2025-10-17_G08,10110027MONTEIROH,2025-10-17,109640,1,2,0,180.0
10110027MONTEIROH_2025-10-17_G09,10110027MONTEIROH,2025-10-17,117855,1,10,0,310.0
10110027MONTEIROH_2025-10-17_G10,10110027MONTEIROH,2025-10-17,117837,1,4,0,376.0
10110027MONTEIROH_2025-10-17_G11,10110027MONTEIROH,2025-10-17,118222,1,2,0,368.0
10110027MONTEIROH_2025-10-17_G12,10110027MONTEIROH,2025-10-17,117785,1,2,0,262.0
10110027MONTEIROH_2025-10-17_G13,10110027MONTEIROH,2025-10-17,141313,1,4,0,207.0
10110027MONTEIROH_2025-10-17_G14,10110027MONTEIROH,2025-10-17,111172,1,2,0,159.0
10110027MONTEIROH_2025-10-17_G15,10110027MONTEIROH,2025-10-17,109640,1,4,0,1826.0
10110027MONTEIROH_2025-10-17_G16,10110027MONTEIROH,2025-10-17,118222,1,1,0,417.0
10110027MONTEIROH_2025-10-17_G17,10110027MONTEIROH,2025-10-17,117820,1,6,0,270.0
10110027MONTEIROH_2025-10-17_G18,10110027MONTEIROH,2025-10-17,110787,1,2,0,434.0
10110027MONTEIROH_2025-10-17_G19,10110027MONTEIROH,2025-10-17,110372,1,44,0,2081.0
10110027MONTEIROH_2025-10-17_G20,10110027MONTEIROH,2025-10-17,117808,1,12,0,362.0
10110027MONTEIROH_2025-10-17_G21,10110027MONTEIROH,2025-10-17,117820,1,21,0,216.0
10110027MONTEIROH_2025-10-17_G22,10110027MONTEIROH,2025-10-17,117822,1,2,0,68.0
10110027MONTEIROH_2025-10-17_G23,10110027MONTEIROH,2025-10-17,117832,1,2,0,146.0
10110027MONTEIROH_2025-10-17_G24,10110027MONTEIROH,2025-10-17,110375,1,2,0,101.0
10110027MONTEIROH_2025-10-17_G25,10110027MONTEIROH,2025-10-17,110373,1,5,0,105.0
10110027MONTEIROH_2025-10-17_G26,10110027MONTEIROH,2025-10-17,118299,1,55,0,796.0
10110027MONTEIROH_2025-10-17_G28,10110027MONTEIROH,2025-10-17,141458,1,4,0,238.0
10110027MONTEIROH_2025-10-17_G29,10110027MONTEIROH,2025-10-17,140922,1,6,0,300.0
10110027MONTEIROH_2025-10-18_G02,10110027MONTEIROH,2025-10-18,111182,1,100,0,1637.0
10110027MONTEIROH_2025-10-18_G03,10110027MONTEIROH,2025-10-18,111466,1,100,0,593.0
10110027MONTEIROH_2025-10-18_G04,10110027MONTEIROH,2025-10-18,105470,1,4,0,244.0
10110027MONTEIROH_2025-10-18_G05,10110027MONTEIROH,2025-10-18,110841,1,8,0,189.0
10110027MONTEIROH_2025-10-18_G06,10110027MONTEIROH,2025-10-18,111430,1,50,0,562.0
10110027MONTEIROH_2025-10-18_G07,10110027MONTEIROH,2025-10-18,108711,1,10,0,1644.0
10110027MONTEIROH_2025-10-18_G08,10110027MONTEIROH,2025-10-18,110748,1,11,0,256.0
10110027MONTEIROH_2025-10-18_G09,10110027MONTEIROH,2025-10-18,111462,1,10,0,165.0
10110027MONTEIROH_2025-10-18_G10,10110027MONTEIROH,2025-10-18,110745,1,5,0,380.0
10110027MONTEIROH_2025-10-18_G11,10110027MONTEIROH,2025-10-18,107830,1,10,0,356.0
10110027MONTEIROH_2025-10-18_G12,10110027MONTEIROH,2025-10-18,110375,1,5,0,149.0
10110027MONTEIROH_2025-10-18_G13,10110027MONTEIROH,2025-10-18,117822,1,1,0,177.0
10110027MONTEIROH_2025-10-18_G14,10110027MONTEIROH,2025-10-18,111440,1,24,0,739.0
10110027MONTEIROH_2025-10-18_G15,10110027MONTEIROH,2025-10-18,141262,1,1,0,2578.0
10110027MONTEIROH_2025-10-18_G16,10110027MONTEIROH,2025-10-18,141823,1,2,0,1319.0
10110027MONTEIROH_2025-10-18_G17,10110027MONTEIROH,2025-10-18,117831,1,8,0,561.0
10110027MONTEIROH_2025-10-18_G18,10110027MONTEIROH,2025-10-18,111463,1,8,0,323.0
10110027MONTEIROH_2025-10-18_G19,10110027MONTEIROH,2025-10-18,118140,1,8,0,285.0
10110027MONTEIROH_2025-10-18_G20,10110027MONTEIROH,2025-10-18,111466,1,8,0,336.0
10110027MONTEIROH_2025-10-18_G21,10110027MONTEIROH,2025-10-18,111465,1,4,0,220.0
10110027MONTEIROH_2025-10-18_G22,10110027MONTEIROH,2025-10-18,140922,1,4,0,830.0
10110027MONTEIROH_2025-10-18_G23,10110027MONTEIROH,2025-10-18,118140,1,12,0,453.0
10110027MONTEIROH_2025-10-18_G24,10110027MONTEIROH,2025-10-18,118140,1,60,0,1105.0
10110027MONTEIROH_2025-10-18_G25,10110027MONTEIROH,2025-10-18,140922,1,4,0,351.0
10110027MONTEIROH_2025-10-18_G26,10110027MONTEIROH,2025-10-18,111466,1,60,0,840.0
10110027MONTEIROH_2025-10-18_G27,10110027MONTEIROH,2025-10-18,141457,1,30,0,851.0
10110027MONTEIROH_2025-10-18_G28,10110027MONTEIROH,2025-10-18,141456,1,10,0,193.0
10110027MONTEIROH_2025-10-18_G29,10110027MONTEIROH,2025-10-18,111433,1,4,0,92.0
10110027MONTEIROH_2025-10-18_G30,10110027MONTEIROH,2025-10-18,117831,1,20,0,253.0
10110027MONTEIROH_2025-10-18_G31,10110027MONTEIROH,2025-10-18,110751,1,4,0,109.0
10110027MONTEIROH_2025-10-18_G32,10110027MONTEIROH,2025-10-18,111348,1,1,0,94.0
10110027MONTEIROH_2025-10-18_G34,10110027MONTEIROH,2025-10-18,117786,1,8,0,175.0
10110027MONTEIROH_2025-10-18_G35,10110027MONTEIROH,2025-10-18,117837,1,2,0,111.0
10110027MONTEIROH_2025-10-18_G36,10110027MONTEIROH,2025-10-18,111569,1,4,0,82.0
10110027MONTEIROH_2025-10-18_G37,10110027MONTEIROH,2025-10-18,141823,1,20,0,1093.0
10110027MONTEIROH_2025-10-18_G38,10110027MONTEIROH,2025-10-18,110733,1,4,0,204.0
10110027MONTEIROH_2025-10-18_G39,10110027MONTEIROH,2025-10-18,111430,1,196,0,2044.0
10110027MONTEIROH_2025-10-20_G02,10110027MONTEIROH,2025-10-20,118306,1,4,0,103.0
10110027MONTEIROH_2025-10-20_G03,10110027MONTEIROH,2025-10-20,117834,1,4,0,150.0
10110027MONTEIROH_2025-10-20_G04,10110027MONTEIROH,2025-10-20,110754,1,2,0,154.0
10110027MONTEIROH_2025-10-20_G05,10110027MONTEIROH,2025-10-20,110711,1,4,0,195.0
10110027MONTEIROH_2025-10-20_G06,10110027MONTEIROH,2025-10-20,110752,1,4,0,140.0
10110027MONTEIROH_2025-10-20_G07,10110027MONTEIROH,2025-10-20,109640,1,7,0,194.0
10110027MONTEIROH_2025-10-20_G08,10110027MONTEIROH,2025-10-20,111602,1,50,0,791.0
10110027MONTEIROH_2025-10-20_G09,10110027MONTEIROH,2025-10-20,109647,1,27,0,233.0
10110027MONTEIROH_2025-10-20_G10,10110027MONTEIROH,2025-10-20,110339,1,35,0,558.0
10110027MONTEIROH_2025-10-20_G11,10110027MONTEIROH,2025-10-20,111431,1,23,0,1390.0
10110027MONTEIROH_2025-10-20_G12,10110027MONTEIROH,2025-10-20,118317,1,13,0,343.0
10110027MONTEIROH_2025-10-20_G13,10110027MONTEIROH,2025-10-20,108794,1,2,0,282.0
10110027MONTEIROH_2025-10-20_G14,10110027MONTEIROH,2025-10-20,118223,1,15,0,526.0
10110027MONTEIROH_2025-10-20_G15,10110027MONTEIROH,2025-10-20,117821,1,60,0,748.0
10110027MONTEIROH_2025-10-20_G16,10110027MONTEIROH,2025-10-20,110745,1,40,0,568.0
10110027MONTEIROH_2025-10-20_G17,10110027MONTEIROH,2025-10-20,117842,1,15,0,333.0
10110027MONTEIROH_2025-10-21_G02,10110027MONTEIROH,2025-10-21,110375,1,6,0,181.0
10110027MONTEIROH_2025-10-21_G03,10110027MONTEIROH,2025-10-21,110371,1,9,0,269.0
10110027MONTEIROH_2025-10-21_G04,10110027MONTEIROH,2025-10-21,141202,1,1,0,216.0
10110027MONTEIROH_2025-10-21_G05,10110027MONTEIROH,2025-10-21,117808,1,60,0,2046.0
10110027MONTEIROH_2025-10-21_G06,10110027MONTEIROH,2025-10-21,110373,1,40,0,460.0
10110027MONTEIROH_2025-10-21_G07,10110027MONTEIROH,2025-10-21,118299,1,137,0,2184.0
10110027MONTEIROH_2025-10-21_G08,10110027MONTEIROH,2025-10-21,107830,1,30,0,1553.0
10110027MONTEIROH_2025-10-21_G09,10110027MONTEIROH,2025-10-21,117808,1,500,0,2579.0
10110027MONTEIROH_2025-10-21_G10,10110027MONTEIROH,2025-10-21,110373,1,400,0,1478.0
10110027MONTEIROH_2025-10-21_G11,10110027MONTEIROH,2025-10-21,110371,1,400,0,2717.0
10110027MONTEIROH_2025-10-21_G12,10110027MONTEIROH,2025-10-21,118094,1,39,0,1217.0
10110027MONTEIROH_2025-10-21_G13,10110027MONTEIROH,2025-10-21,110733,1,30,0,1203.0
10110027MONTEIROH_2025-10-21_G15,10110027MONTEIROH,2025-10-21,108993,1,2,0,279.0
10110027MONTEIROH_2025-10-21_G16,10110027MONTEIROH,2025-10-21,110374,1,8,0,1816.0
10110027MONTEIROH_2025-10-21_G17,10110027MONTEIROH,2025-10-21,117830,1,8,0,138.0
10110027MONTEIROH_2025-10-21_G18,10110027MONTEIROH,2025-10-21,117830,1,11,0,186.0
10110027MONTEIROH_2025-10-21_G19,10110027MONTEIROH,2025-10-21,110376,1,7,0,200.0
10110027MONTEIROH_2025-10-21_G20,10110027MONTEIROH,2025-10-21,117820,1,18,0,190.0
10110027MONTEIROH_2025-10-21_G21,10110027MONTEIROH,2025-10-21,141202,1,7,0,76.0
10110027MONTEIROH_2025-10-21_G22,10110027MONTEIROH,2025-10-21,117808,1,150,0,1474.0
10110027MONTEIROH_2025-10-21_G23,10110027MONTEIROH,2025-10-21,110373,1,44,0,287.0
10110027MONTEIROH_2025-10-21_G24,10110027MONTEIROH,2025-10-21,117832,1,30,0,1326.0
10110027MONTEIROH_2025-10-21_G25,10110027MONTEIROH,2025-10-21,110372,2,54,15,297.0
10110027MONTEIROH_2025-10-22_G02,10110027MONTEIROH,2025-10-22,110372,1,62,0,356.0
10110027MONTEIROH_2025-10-22_G03,10110027MONTEIROH,2025-10-22,110372,1,399,0,1346.0
10110027MONTEIROH_2025-10-22_G04,10110027MONTEIROH,2025-10-22,111433,1,20,0,893.0
10110027MONTEIROH_2025-10-22_G05,10110027MONTEIROH,2025-10-22,111435,1,22,0,1089.0
10110027MONTEIROH_2025-10-22_G06,10110027MONTEIROH,2025-10-22,110787,1,8,0,1349.0
10110027MONTEIROH_2025-10-22_G07,10110027MONTEIROH,2025-10-22,117841,1,16,0,247.0
10110027MONTEIROH_2025-10-22_G08,10110027MONTEIROH,2025-10-22,111418,1,171,0,110.0
10110027MONTEIROH_2025-10-22_G09,10110027MONTEIROH,2025-10-22,116241,1,13,0,248.0
10110027MONTEIROH_2025-10-22_G10,10110027MONTEIROH,2025-10-22,110740,1,53,0,661.0
10110027MONTEIROH_2025-10-22_G11,10110027MONTEIROH,2025-10-22,140922,1,60,0,535.0
10110027MONTEIROH_2025-10-22_G12,10110027MONTEIROH,2025-10-22,111418,1,29,0,270.0
10110027MONTEIROH_2025-10-22_G13,10110027MONTEIROH,2025-10-22,140956,1,20,0,1881.0
10110027MONTEIROH_2025-10-22_G14,10110027MONTEIROH,2025-10-22,111438,1,20,0,586.0
10110027MONTEIROH_2025-10-22_G15,10110027MONTEIROH,2025-10-22,118269,1,12,0,424.0
10110027MONTEIROH_2025-10-22_G16,10110027MONTEIROH,2025-10-22,118222,1,69,0,1964.0
10110027MONTEIROH_2025-10-22_G17,10110027MONTEIROH,2025-10-22,110747,1,20,0,409.0
10110027MONTEIROH_2025-10-22_G18,10110027MONTEIROH,2025-10-22,110582,1,4,0,291.0
10110027MONTEIROH_2025-10-22_G20,10110027MONTEIROH,2025-10-22,117834,1,2,0,113.0
10110027MONTEIROH_2025-10-22_G21,10110027MONTEIROH,2025-10-22,111466,1,4,0,276.0
10110027MONTEIROH_2025-10-22_G22,10110027MONTEIROH,2025-10-22,111463,1,10,0,136.0
10110027MONTEIROH_2025-10-22_G23,10110027MONTEIROH,2025-10-22,140922,1,10,0,194.0
10110027MONTEIROH_2025-10-22_G24,10110027MONTEIROH,2025-10-22,140922,1,8,0,53.0
10110027MONTEIROH_2025-10-22_G25,10110027MONTEIROH,2025-10-22,140922,1,8,0,88.0
10110027MONTEIROH_2025-10-22_G26,10110027MONTEIROH,2025-10-22,140922,1,8,0,64.0
10110027MONTEIROH_2025-10-22_G27,10110027MONTEIROH,2025-10-22,140922,1,4,0,51.0
10110027MONTEIROH_2025-10-22_G28,10110027MONTEIROH,2025-10-22,111469,1,8,0,183.0
10110027MONTEIROH_2025-10-22_G29,10110027MONTEIROH,2025-10-22,111443,1,128,0,1100.0
10110027MONTEIROH_2025-10-22_G30,10110027MONTEIROH,2025-10-22,110740,1,8,0,325.0
10110027MONTEIROH_2025-10-22_G31,10110027MONTEIROH,2025-10-22,111431,1,20,0,390.0
10110027MONTEIROH_2025-10-22_G32,10110027MONTEIROH,2025-10-22,111330,1,5,0,130.0
10110027MONTEIROH_2025-10-22_G33,10110027MONTEIROH,2025-10-22,111182,1,3,0,221.0
10110027MONTEIROH_2025-10-22_G34,10110027MONTEIROH,2025-10-22,111182,1,5,0,58.0
10110027MONTEIROH_2025-10-22_G35,10110027MONTEIROH,2025-10-22,111443,1,256,0,1102.0
10110027MONTEIROH_2025-10-22_G36,10110027MONTEIROH,2025-10-22,117830,1,4,0,623.0
10110027MONTEIROH_2025-10-22_G37,10110027MONTEIROH,2025-10-22,117832,1,20,0,261.0
10110027MONTEIROH_2025-10-22_G38,10110027MONTEIROH,2025-10-22,110325,1,6,0,158.0
10110027MONTEIROH_2025-10-22_G39,10110027MONTEIROH,2025-10-22,117785,1,4,0,309.0
10110027MONTEIROH_2025-10-23_G02,10110027MONTEIROH,2025-10-23,111466,1,50,0,438.0
10110027MONTEIROH_2025-10-23_G03,10110027MONTEIROH,2025-10-23,111463,1,60,0,1171.0
10110027MONTEIROH_2025-10-23_G04,10110027MONTEIROH,2025-10-23,110711,1,1,0,1457.0
10110027MONTEIROH_2025-10-23_G05,10110027MONTEIROH,2025-10-23,110711,1,40,0,380.0
10110027MONTEIROH_2025-10-23_G06,10110027MONTEIROH,2025-10-23,111876,1,20,0,951.0
10110027MONTEIROH_2025-10-23_G07,10110027MONTEIROH,2025-10-23,117935,1,27,0,155.0
10110027MONTEIROH_2025-10-23_G08,10110027MONTEIROH,2025-10-23,140923,1,80,0,403.0
10110027MONTEIROH_2025-10-23_G10,10110027MONTEIROH,2025-10-23,111469,1,6,0,197.0
10110027MONTEIROH_2025-10-23_G11,10110027MONTEIROH,2025-10-23,111462,1,10,0,238.0
10110027MONTEIROH_2025-10-23_G12,10110027MONTEIROH,2025-10-23,140923,1,2,0,186.0
10110027MONTEIROH_2025-10-23_G13,10110027MONTEIROH,2025-10-23,110313,1,4,0,307.0
10110027MONTEIROH_2025-10-23_G14,10110027MONTEIROH,2025-10-23,140923,1,6,0,167.0
10110027MONTEIROH_2025-10-23_G15,10110027MONTEIROH,2025-10-23,117856,1,1,0,144.0
10110027MONTEIROH_2025-10-23_G16,10110027MONTEIROH,2025-10-23,140923,1,8,0,135.0
10110027MONTEIROH_2025-10-23_G17,10110027MONTEIROH,2025-10-23,110372,1,4,0,346.0
10110027MONTEIROH_2025-10-23_G18,10110027MONTEIROH,2025-10-23,117830,1,6,0,226.0
10110027MONTEIROH_2025-10-23_G20,10110027MONTEIROH,2025-10-23,118417,1,4,0,728.0
10110027MONTEIROH_2025-10-23_G21,10110027MONTEIROH,2025-10-23,110372,1,8,0,243.0
10110027MONTEIROH_2025-10-23_G22,10110027MONTEIROH,2025-10-23,117830,2,6,28,127.0
10110027MONTEIROH_2025-10-23_G23,10110027MONTEIROH,2025-10-23,111330,1,1,0,163.0
10110027MONTEIROH_2025-10-23_G24,10110027MONTEIROH,2025-10-23,111462,1,4,0,120.0
10110027MONTEIROH_2025-10-23_G26,10110027MONTEIROH,2025-10-23,110372,1,634,0,1723.0
10110027MONTEIROH_2025-10-24_G02,10110027MONTEIROH,2025-10-24,111446,1,2,0,216.0
10110027MONTEIROH_2025-10-24_G03,10110027MONTEIROH,2025-10-24,111418,1,20,0,296.0
10110027MONTEIROH_2025-10-24_G04,10110027MONTEIROH,2025-10-24,118299,1,40,0,1493.0
10110027MONTEIROH_2025-10-24_G05,10110027MONTEIROH,2025-10-24,110373,1,10,0,679.0
10110027MONTEIROH_2025-10-24_G06,10110027MONTEIROH,2025-10-24,118277,1,4,0,562.0
10110027MONTEIROH_2025-10-24_G07,10110027MONTEIROH,2025-10-24,111446,1,8,0,157.0
10110027MONTEIROH_2025-10-24_G08,10110027MONTEIROH,2025-10-24,110373,1,13,0,295.0
10110027MONTEIROH_2025-10-24_G09,10110027MONTEIROH,2025-10-24,110371,1,4,0,92.0
10110027MONTEIROH_2025-10-24_G10,10110027MONTEIROH,2025-10-24,117831,1,8,0,211.0
10110027MONTEIROH_2025-10-24_G11,10110027MONTEIROH,2025-10-24,141457,1,8,0,161.0
10110027MONTEIROH_2025-10-24_G12,10110027MONTEIROH,2025-10-24,117787,1,5,0,281.0
10110027MONTEIROH_2025-10-24_G14,10110027MONTEIROH,2025-10-24,117820,1,4,0,206.0
10110027MONTEIROH_2025-10-24_G15,10110027MONTEIROH,2025-10-24,109641,1,4,0,144.0
10110027MONTEIROH_2025-10-24_G16,10110027MONTEIROH,2025-10-24,109643,1,2,0,234.0
10110027MONTEIROH_2025-10-24_G17,10110027MONTEIROH,2025-10-24,117820,1,8,0,114.0
10110027MONTEIROH_2025-10-24_G18,10110027MONTEIROH,2025-10-24,110325,1,4,0,281.0
10110027MONTEIROH_2025-10-24_G19,10110027MONTEIROH,2025-10-24,111743,1,6,0,296.0
10110027MONTEIROH_2025-10-24_G20,10110027MONTEIROH,2025-10-24,110740,1,4,0,339.0
10110027MONTEIROH_2025-10-24_G21,10110027MONTEIROH,2025-10-24,141458,1,10,0,226.0
10110027MONTEIROH_2025-10-24_G22,10110027MONTEIROH,2025-10-24,111468,1,3,0,99.0
10110027MONTEIROH_2025-10-24_G23,10110027MONTEIROH,2025-10-24,117820,1,9,0,1929.0
10110027MONTEIROH_2025-10-24_G24,10110027MONTEIROH,2025-10-24,117832,1,12,0,359.0
10110027MONTEIROH_2025-10-24_G25,10110027MONTEIROH,2025-10-24,110373,1,20,0,535.0
10110027MONTEIROH_2025-10-24_G26,10110027MONTEIROH,2025-10-24,110325,1,8,0,157.0
10110027MONTEIROH_2025-10-24_G27,10110027MONTEIROH,2025-10-24,111172,1,5,0,493.0
10110027MONTEIROH_2025-10-24_G28,10110027MONTEIROH,2025-10-24,141458,1,9,0,151.0
10110027MONTEIROH_2025-10-24_G29,10110027MONTEIROH,2025-10-24,140922,1,10,0,138.0
10110027MONTEIROH_2025-10-24_G30,10110027MONTEIROH,2025-10-24,110756,1,6,0,1164.0
10110027MONTEIROH_2025-10-24_G31,10110027MONTEIROH,2025-10-24,116611,1,4,0,233.0
10110027MONTEIROH_2025-10-24_G33,10110027MONTEIROH,2025-10-24,118222,1,10,0,192.0
10110027MONTEIROH_2025-10-24_G34,10110027MONTEIROH,2025-10-24,118094,1,4,0,156.0
10110027MONTEIROH_2025-10-24_G35,10110027MONTEIROH,2025-10-24,110711,1,2,0,111.0
10110027MONTEIROH_2025-10-24_G36,10110027MONTEIROH,2025-10-24,110733,1,4,0,122.0
10110027MONTEIROH_2025-10-24_G37,10110027MONTEIROH,2025-10-24,111467,1,2,0,85.0
10110027MONTEIROH_2025-10-27_G02,10110027MONTEIROH,2025-10-27,111876,1,4,0,254.0
10110027MONTEIROH_2025-10-27_G03,10110027MONTEIROH,2025-10-27,111530,1,20,0,400.0
10110027MONTEIROH_2025-10-27_G04,10110027MONTEIROH,2025-10-27,117862,1,8,0,623.0
10110027MONTEIROH_2025-10-27_G05,10110027MONTEIROH,2025-10-27,110733,1,4,0,100.0
10110027MONTEIROH_2025-10-27_G06,10110027MONTEIROH,2025-10-27,117786,1,10,0,456.0
10110027MONTEIROH_2025-10-27_G07,10110027MONTEIROH,2025-10-27,141352,1,4,0,129.0
10110027MONTEIROH_2025-10-27_G08,10110027MONTEIROH,2025-10-27,108772,1,1,0,65.0
10110027MONTEIROH_2025-10-27_G09,10110027MONTEIROH,2025-10-27,140923,1,10,0,130.0
10110027MONTEIROH_2025-10-27_G10,10110027MONTEIROH,2025-10-27,111602,1,30,0,478.0
10110027MONTEIROH_2025-10-27_G11,10110027MONTEIROH,2025-10-27,117837,1,11,0,617.0
10110027MONTEIROH_2025-10-27_G12,10110027MONTEIROH,2025-10-27,117837,1,10,0,84.0
10110027MONTEIROH_2025-10-27_G13,10110027MONTEIROH,2025-10-27,111438,1,4,0,185.0
10110027MONTEIROH_2025-10-27_G14,10110027MONTEIROH,2025-10-27,118222,1,7,0,171.0
10110027MONTEIROH_2025-10-27_G15,10110027MONTEIROH,2025-10-27,110623,1,4,0,110.0
10110027MONTEIROH_2025-10-27_G16,10110027MONTEIROH,2025-10-27,110623,1,3,0,37.0
10110027MONTEIROH_2025-10-27_G17,10110027MONTEIROH,2025-10-27,111440,1,4,0,138.0
10110027MONTEIROH_2025-10-27_G18,10110027MONTEIROH,2025-10-27,141456,1,30,0,1666.0
10110027MONTEIROH_2025-10-27_G19,10110027MONTEIROH,2025-10-27,118140,1,12,0,145.0
10110027MONTEIROH_2025-10-27_G20,10110027MONTEIROH,2025-10-27,108711,1,10,0,802.0
10110027MONTEIROH_2025-10-27_G21,10110027MONTEIROH,2025-10-27,111602,1,20,0,2678.0
10110027MONTEIROH_2025-10-27_G22,10110027MONTEIROH,2025-10-27,111602,1,24,0,313.0
10110027MONTEIROH_2025-10-27_G23,10110027MONTEIROH,2025-10-27,111602,1,6,0,402.0
10110027MONTEIROH_2025-10-27_G25,10110027MONTEIROH,2025-10-27,124476,1,4,0,165.0
10110027MONTEIROH_2025-10-27_G26,10110027MONTEIROH,2025-10-27,122671,1,4,0,218.0
10110027MONTEIROH_2025-10-27_G27,10110027MONTEIROH,2025-10-27,124486,1,3,0,244.0
10110027MONTEIROH_2025-10-27_G29,10110027MONTEIROH,2025-10-27,122981,1,4,0,407.0
10110027MONTEIROH_2025-10-27_G30,10110027MONTEIROH,2025-10-27,122986,1,2,0,320.0
10110027MONTEIROH_2025-10-27_G31,10110027MONTEIROH,2025-10-27,121651,1,6,0,286.0
10110027MONTEIROH_2025-10-27_G32,10110027MONTEIROH,2025-10-27,122984,1,4,0,829.0
10110027MONTEIROH_2025-10-27_G33,10110027MONTEIROH,2025-10-27,123153,1,18,0,577.0
10110027MONTEIROH_2025-10-27_G34,10110027MONTEIROH,2025-10-27,123909,1,6,0,354.0
10110027MONTEIROH_2025-10-27_G35,10110027MONTEIROH,2025-10-27,121760,1,6,0,406.0
10110027MONTEIROH_2025-10-27_G36,10110027MONTEIROH,2025-10-27,124370,1,4,0,330.0
10110027MONTEIROH_2025-10-27_G37,10110027MONTEIROH,2025-10-27,122984,1,4,0,249.0
10110027MONTEIROH_2025-10-27_G38,10110027MONTEIROH,2025-10-27,124486,1,1,0,182.0
10110027MONTEIROH_2025-10-27_G39,10110027MONTEIROH,2025-10-27,121651,1,3,0,251.0
10110027MONTEIROH_2025-10-27_G40,10110027MONTEIROH,2025-10-27,124624,1,4,0,529.0
10110027MONTEIROH_2025-10-27_G41,10110027MONTEIROH,2025-10-27,121651,1,7,0,179.0
10110027MONTEIROH_2025-10-27_G42,10110027MONTEIROH,2025-10-27,123343,1,4,0,309.0
10110027MONTEIROH_2025-10-27_G43,10110027MONTEIROH,2025-10-27,123345,1,2,0,168.0
10110027MONTEIROH_2025-10-27_G44,10110027MONTEIROH,2025-10-27,122984,1,20,0,643.0
10110027MONTEIROH_2025-10-27_G45,10110027MONTEIROH,2025-10-27,122185,1,2,0,308.0
10110027MONTEIROH_2025-10-27_G46,10110027MONTEIROH,2025-10-27,122962,1,20,0,805.0
10110027MONTEIROH_2025-10-28_G02,10110027MONTEIROH,2025-10-28,111466,1,2,0,63.0
10110027MONTEIROH_2025-10-28_G03,10110027MONTEIROH,2025-10-28,111463,1,4,0,76.0
10110027MONTEIROH_2025-10-28_G04,10110027MONTEIROH,2025-10-28,141457,1,2,0,133.0
10110027MONTEIROH_2025-10-28_G05,10110027MONTEIROH,2025-10-28,109641,1,2,0,105.0
10110027MONTEIROH_2025-10-28_G06,10110027MONTEIROH,2025-10-28,117821,1,2,0,81.0
10110027MONTEIROH_2025-10-28_G07,10110027MONTEIROH,2025-10-28,111172,1,2,0,178.0
10110027MONTEIROH_2025-10-28_G08,10110027MONTEIROH,2025-10-28,117820,1,20,0,209.0
10110027MONTEIROH_2025-10-28_G09,10110027MONTEIROH,2025-10-28,107830,1,4,0,108.0
10110027MONTEIROH_2025-10-28_G10,10110027MONTEIROH,2025-10-28,110373,1,30,0,244.0
10110027MONTEIROH_2025-10-28_G11,10110027MONTEIROH,2025-10-28,118299,1,5,0,180.0
10110027MONTEIROH_2025-10-28_G12,10110027MONTEIROH,2025-10-28,117808,1,20,0,252.0
10110027MONTEIROH_2025-10-28_G13,10110027MONTEIROH,2025-10-28,109643,1,12,0,1329.0
10110027MONTEIROH_2025-10-28_G14,10110027MONTEIROH,2025-10-28,117820,1,50,0,1084.0
10110027MONTEIROH_2025-10-28_G15,10110027MONTEIROH,2025-10-28,117830,1,31,0,258.0
10110027MONTEIROH_2025-10-28_G16,10110027MONTEIROH,2025-10-28,117822,1,9,0,185.0
10110027MONTEIROH_2025-10-28_G17,10110027MONTEIROH,2025-10-28,110325,1,26,0,376.0
10110027MONTEIROH_2025-10-28_G18,10110027MONTEIROH,2025-10-28,110374,1,23,0,230.0
10110027MONTEIROH_2025-10-28_G19,10110027MONTEIROH,2025-10-28,117808,1,236,0,1962.0
10110027MONTEIROH_2025-10-28_G22,10110027MONTEIROH,2025-10-28,123345,1,12,0,357.0
10110027MONTEIROH_2025-10-28_G23,10110027MONTEIROH,2025-10-28,122962,1,24,0,1219.0
10110027MONTEIROH_2025-10-28_G24,10110027MONTEIROH,2025-10-28,124248,1,5,0,305.0
10110027MONTEIROH_2025-10-28_G25,10110027MONTEIROH,2025-10-28,120272,1,13,0,810.0
10110027MONTEIROH_2025-10-28_G26,10110027MONTEIROH,2025-10-28,"124486, 124371",2,54,11,1838.0
10110027MONTEIROH_2025-10-28_G27,10110027MONTEIROH,2025-10-28,123345,1,6,0,565.0
10110027MONTEIROH_2025-10-28_G28,10110027MONTEIROH,2025-10-28,123345,1,5,0,188.0
10110027MONTEIROH_2025-10-29_G02,10110027MONTEIROH,2025-10-29,123344,1,16,0,626.0
10110027MONTEIROH_2025-10-29_G03,10110027MONTEIROH,2025-10-29,123561,1,5,0,899.0
10110027MONTEIROH_2025-10-29_G04,10110027MONTEIROH,2025-10-29,120028,1,4,0,1632.0
10110027MONTEIROH_2025-10-29_G05,10110027MONTEIROH,2025-10-29,120389,1,14,0,870.0
10110027MONTEIROH_2025-10-29_G06,10110027MONTEIROH,2025-10-29,124248,1,3,0,263.0
10110027MONTEIROH_2025-10-29_G07,10110027MONTEIROH,2025-10-29,123560,1,8,0,347.0
10110027MONTEIROH_2025-10-29_G08,10110027MONTEIROH,2025-10-29,123492,1,3,0,685.0
10110027MONTEIROH_2025-10-29_G09,10110027MONTEIROH,2025-10-29,120272,1,7,0,604.0
10110027MONTEIROH_2025-10-29_G10,10110027MONTEIROH,2025-10-29,181057,1,1,0,209.0
10110027MONTEIROH_2025-10-29_G11,10110027MONTEIROH,2025-10-29,122962,1,12,0,529.0
10110027MONTEIROH_2025-10-29_G12,10110027MONTEIROH,2025-10-29,120028,1,12,0,374.0
10110027MONTEIROH_2025-10-29_G13,10110027MONTEIROH,2025-10-29,181057,1,2,0,362.0
10110027MONTEIROH_2025-10-29_G14,10110027MONTEIROH,2025-10-29,122647,1,36,0,791.0
10110027MONTEIROH_2025-10-29_G15,10110027MONTEIROH,2025-10-29,181057,1,4,0,400.0
10110027MONTEIROH_2025-10-29_G16,10110027MONTEIROH,2025-10-29,124624,1,60,0,1590.0
10110027MONTEIROH_2025-10-29_G17,10110027MONTEIROH,2025-10-29,120339,1,50,0,1234.0
10110027MONTEIROH_2025-10-29_G18,10110027MONTEIROH,2025-10-29,122962,1,30,0,570.0
10110027MONTEIROH_2025-10-29_G19,10110027MONTEIROH,2025-10-29,114647,1,8,0,953.0
10110027MONTEIROH_2025-10-29_G21,10110027MONTEIROH,2025-10-29,120339,1,6,0,313.0
10110027MONTEIROH_2025-10-29_G22,10110027MONTEIROH,2025-10-29,124594,1,14,0,1200.0
10110027MONTEIROH_2025-10-29_G23,10110027MONTEIROH,2025-10-29,122962,1,20,0,635.0
10110027MONTEIROH_2025-10-29_G24,10110027MONTEIROH,2025-10-29,"120389, 124486",2,24,23,1003.0
10110027MONTEIROH_2025-10-29_G25,10110027MONTEIROH,2025-10-29,122673,1,22,0,1206.0
10110027MONTEIROH_2025-10-29_G26,10110027MONTEIROH,2025-10-29,122647,1,2,0,53.0
10110027MONTEIROH_2025-10-29_G27,10110027MONTEIROH,2025-10-29,124371,1,4,0,1028.0
10110027MONTEIROH_2025-10-29_G28,10110027MONTEIROH,2025-10-29,124476,1,2,0,243.0
10110027MONTEIROH_2025-10-29_G29,10110027MONTEIROH,2025-10-29,124370,1,2,0,323.0
10110027MONTEIROH_2025-10-29_G30,10110027MONTEIROH,2025-10-29,181057,1,2,0,218.0
10110027MONTEIROH_2025-10-29_G31,10110027MONTEIROH,2025-10-29,124371,1,6,0,845.0
10110027MONTEIROH_2025-10-30_G02,10110027MONTEIROH,2025-10-30,111418,1,2,0,152.0
10110027MONTEIROH_2025-10-30_G03,10110027MONTEIROH,2025-10-30,117785,1,5,0,144.0
10110027MONTEIROH_2025-10-30_G04,10110027MONTEIROH,2025-10-30,118299,1,25,0,877.0
10110027MONTEIROH_2025-10-30_G05,10110027MONTEIROH,2025-10-30,111530,1,16,0,575.0
10110027MONTEIROH_2025-10-30_G06,10110027MONTEIROH,2025-10-30,110711,1,16,0,229.0
10110027MONTEIROH_2025-10-30_G07,10110027MONTEIROH,2025-10-30,140923,1,16,0,1142.0
10110027MONTEIROH_2025-10-30_G08,10110027MONTEIROH,2025-10-30,110339,1,4,0,109.0
10110027MONTEIROH_2025-10-30_G09,10110027MONTEIROH,2025-10-30,111463,1,20,0,1916.0
10110027MONTEIROH_2025-10-30_G10,10110027MONTEIROH,2025-10-30,117831,1,24,0,219.0
10110027MONTEIROH_2025-10-30_G11,10110027MONTEIROH,2025-10-30,140922,1,12,0,159.0
10110027MONTEIROH_2025-10-30_G12,10110027MONTEIROH,2025-10-30,111743,1,16,0,222.0
10110027MONTEIROH_2025-10-30_G13,10110027MONTEIROH,2025-10-30,108798,1,4,0,111.0
10110027MONTEIROH_2025-10-30_G14,10110027MONTEIROH,2025-10-30,141048,1,4,0,101.0
10110027MONTEIROH_2025-10-30_G15,10110027MONTEIROH,2025-10-30,111469,1,4,0,82.0
10110027MONTEIROH_2025-10-30_G16,10110027MONTEIROH,2025-10-30,141457,1,32,0,2022.0
10110027MONTEIROH_2025-10-30_G17,10110027MONTEIROH,2025-10-30,108794,1,8,0,138.0
10110027MONTEIROH_2025-10-30_G18,10110027MONTEIROH,2025-10-30,108794,1,4,0,84.0
10110027MONTEIROH_2025-10-30_G19,10110027MONTEIROH,2025-10-30,108711,1,12,0,175.0
10110027MONTEIROH_2025-10-30_G20,10110027MONTEIROH,2025-10-30,117833,1,12,0,221.0
10110027MONTEIROH_2025-10-30_G21,10110027MONTEIROH,2025-10-30,117785,1,12,0,124.0
10110027MONTEIROH_2025-10-30_G22,10110027MONTEIROH,2025-10-30,110129,1,8,0,1337.0
10110027MONTEIROH_2025-10-30_G23,10110027MONTEIROH,2025-10-30,111462,1,8,0,239.0
10110027MONTEIROH_2025-10-30_G24,10110027MONTEIROH,2025-10-30,117821,1,12,0,89.0
10110027MONTEIROH_2025-10-30_G25,10110027MONTEIROH,2025-10-30,141458,1,8,0,105.0
10110027MONTEIROH_2025-10-30_G26,10110027MONTEIROH,2025-10-30,111468,1,8,0,140.0
10110027MONTEIROH_2025-10-30_G27,10110027MONTEIROH,2025-10-30,111532,1,36,0,681.0
10110027MONTEIROH_2025-10-30_G28,10110027MONTEIROH,2025-10-30,110373,1,4,0,242.0
10110027MONTEIROH_2025-10-30_G29,10110027MONTEIROH,2025-10-30,110372,1,16,0,144.0
10110027MONTEIROH_2025-10-31_G02,10110027MONTEIROH,2025-10-31,110895,1,2,0,191.0
10110027MONTEIROH_2025-10-31_G03,10110027MONTEIROH,2025-10-31,111430,1,8,0,278.0
10110027MONTEIROH_2025-10-31_G04,10110027MONTEIROH,2025-10-31,111530,1,7,0,199.0
10110027MONTEIROH_2025-10-31_G05,10110027MONTEIROH,2025-10-31,111530,1,3,0,36.0
10110027MONTEIROH_2025-10-31_G06,10110027MONTEIROH,2025-10-31,110787,1,26,0,1836.0
10110027MONTEIROH_2025-10-31_G07,10110027MONTEIROH,2025-10-31,110787,1,14,0,655.0
10110027MONTEIROH_2025-10-31_G08,10110027MONTEIROH,2025-10-31,108794,1,24,0,1053.0
10110027MONTEIROH_2025-10-31_G09,10110027MONTEIROH,2025-10-31,111463,1,56,0,794.0
10110027MONTEIROH_2025-10-31_G10,10110027MONTEIROH,2025-10-31,110740,1,38,0,837.0
10110027MONTEIROH_2025-10-31_G11,10110027MONTEIROH,2025-10-31,111743,1,40,0,348.0
10110027MONTEIROH_2025-10-31_G12,10110027MONTEIROH,2025-10-31,111466,1,36,0,395.0
10110027MONTEIROH_2025-10-31_G13,10110027MONTEIROH,2025-10-31,117785,1,32,0,732.0
10110027MONTEIROH_2025-10-31_G14,10110027MONTEIROH,2025-10-31,111462,1,46,0,586.0
10110027MONTEIROH_2025-10-31_G15,10110027MONTEIROH,2025-10-31,111532,1,32,0,568.0
10110027MONTEIROH_2025-10-31_G16,10110027MONTEIROH,2025-10-31,111418,1,46,0,650.0
10110027MONTEIROH_2025-10-31_G17,10110027MONTEIROH,2025-10-31,111172,1,8,0,1136.0
10110027MONTEIROH_2025-10-31_G18,10110027MONTEIROH,2025-10-31,109645,1,11,0,273.0
10110027MONTEIROH_2025-10-31_G19,10110027MONTEIROH,2025-10-31,111443,1,8,0,137.0
10110027MONTEIROH_2025-10-31_G20,10110027MONTEIROH,2025-10-31,110787,1,16,0,183.0
10110027MONTEIROH_2025-10-31_G21,10110027MONTEIROH,2025-10-31,141457,1,22,0,163.0
10110027MONTEIROH_2025-10-31_G22,10110027MONTEIROH,2025-10-31,141456,1,12,0,168.0
10110027MONTEIROH_2025-10-31_G23,10110027MONTEIROH,2025-10-31,111466,1,7,0,152.0
10110027MONTEIROH_2025-10-31_G24,10110027MONTEIROH,2025-10-31,111442,1,16,0,529.0
10110027MONTEIROH_2025-10-31_G25,10110027MONTEIROH,2025-10-31,160053,1,3,0,133.0
10110027MONTEIROH_2025-10-31_G26,10110027MONTEIROH,2025-10-31,110372,1,8,0,139.0
10110027MONTEIROH_2025-10-31_G27,10110027MONTEIROH,2025-10-31,110371,1,6,0,123.0
10110027MONTEIROH_2025-10-31_G28,10110027MONTEIROH,2025-10-31,110373,1,8,0,79.0
10110027MONTEIROH_2025-10-31_G29,10110027MONTEIROH,2025-10-31,118299,1,30,0,830.0
10110027MONTEIROH_2025-10-31_G30,10110027MONTEIROH,2025-10-31,117808,1,20,0,352.0
10110027MONTEIROH_2025-10-31_G31,10110027MONTEIROH,2025-10-31,108759,1,8,0,2206.0
10110027MONTEIROH_2025-10-31_G32,10110027MONTEIROH,2025-10-31,107892,1,1,0,124.0
10110027MONTEIROH_2025-10-31_G33,10110027MONTEIROH,2025-10-31,118140,1,1,0,109.0
10110027MONTEIROH_2025-10-31_G34,10110027MONTEIROH,2025-10-31,140922,1,2,0,53.0
10110027MONTEIROH_2025-10-31_G35,10110027MONTEIROH,2025-10-31,111462,1,2,0,122.0
10110027MONTEIROH_2025-10-31_G36,10110027MONTEIROH,2025-10-31,111532,1,5,0,294.0
10110027MONTEIROH_2025-10-31_G38,10110027MONTEIROH,2025-10-31,110313,1,6,0,338.0
10110027MONTEIROH_2025-10-31_G39,10110027MONTEIROH,2025-10-31,110313,1,6,0,67.0
10110027MONTEIROH_2025-10-31_G40,10110027MONTEIROH,2025-10-31,117856,1,5,0,74.0
10110027MONTEIROH_2025-10-31_G41,10110027MONTEIROH,2025-10-31,118094,1,2,0,44.0
10110027MONTEIROH_2025-10-31_G42,10110027MONTEIROH,2025-10-31,117853,1,6,0,172.0
10110027MONTEIROH_2025-10-31_G43,10110027MONTEIROH,2025-10-31,110711,1,6,0,113.0
10110027MONTEIROH_2025-10-31_G44,10110027MONTEIROH,2025-10-31,110711,1,3,0,40.0
10110027MONTEIROH_2025-10-31_G45,10110027MONTEIROH,2025-10-31,141352,1,2,0,77.0
10110027MONTEIROH_2025-10-31_G46,10110027MONTEIROH,2025-10-31,111602,1,2,0,74.0
10110027MONTEIROH_2025-10-31_G47,10110027MONTEIROH,2025-10-31,117855,1,31,0,532.0
10110027MONTEIROH_2025-10-31_G48,10110027MONTEIROH,2025-10-31,110373,1,31,0,668.0
10110027MONTEIROH_2025-10-31_G49,10110027MONTEIROH,2025-10-31,110372,1,120,0,231.0
10110027MONTEIROH_2025-10-31_G50,10110027MONTEIROH,2025-10-31,111441,1,12,0,950.0
10110027MONTEIROH_2025-10-31_G51,10110027MONTEIROH,2025-10-31,111441,1,2,0,120.0
10110027MONTEIROH_2025-10-31_G52,10110027MONTEIROH,2025-10-31,110787,1,6,0,860.0
10110027MONTEIROH_2025-10-31_G53,10110027MONTEIROH,2025-10-31,111469,1,4,0,914.0
10110027MONTEIROH_2025-10-31_G54,10110027MONTEIROH,2025-10-31,141047,1,4,0,81.0
10110027MONTEIROH_2025-10-31_G55,10110027MONTEIROH,2025-10-31,109645,1,40,0,554.0
10110027MONTEIROH_2025-10-31_G56,10110027MONTEIROH,2025-10-31,110787,1,2,0,455.0
10110027MONTEIROH_2025-10-31_G57,10110027MONTEIROH,2025-10-31,111532,1,2,0,132.0
10110027MONTEIROH_2025-10-31_G58,10110027MONTEIROH,2025-10-31,111530,1,6,0,150.0
10110027MONTEIROH_2025-10-31_G59,10110027MONTEIROH,2025-10-31,109645,1,9,0,148.0
10110027MONTEIROH_2025-10-31_G60,10110027MONTEIROH,2025-10-31,141047,1,2,0,119.0
10110027MONTEIROH_2025-10-31_G61,10110027MONTEIROH,2025-10-31,109645,1,4,0,186.0
10110027MONTEIROH_2025-10-31_G62,10110027MONTEIROH,2025-10-31,111441,1,12,0,174.0
10110027MONTEIROH_2025-10-31_G63,10110027MONTEIROH,2025-10-31,111441,1,4,0,59.0
10110027MONTEIROH_2025-10-31_G64,10110027MONTEIROH,2025-10-31,141047,1,4,0,179.0
10110027MONTEIROH_2025-11-06_G02,10110027MONTEIROH,2025-11-06,109648,1,20,0,296.0
10110027MONTEIROH_2025-11-06_G03,10110027MONTEIROH,2025-11-06,110373,1,75,0,759.0
10110027MONTEIROH_2025-11-06_G04,10110027MONTEIROH,2025-11-06,110895,1,12,0,3146.0
10110027MONTEIROH_2025-11-06_G05,10110027MONTEIROH,2025-11-06,117809,1,16,0,182.0
10110027MONTEIROH_2025-11-06_G06,10110027MONTEIROH,2025-11-06,118322,1,4,0,187.0
10110027MONTEIROH_2025-11-06_G07,10110027MONTEIROH,2025-11-06,107629,1,4,0,344.0
10110027MONTEIROH_2025-11-06_G08,10110027MONTEIROH,2025-11-06,117809,1,2,0,1708.0
10110027MONTEIROH_2025-11-06_G09,10110027MONTEIROH,2025-11-06,110372,1,5,0,315.0
10110027MONTEIROH_2025-11-06_G10,10110027MONTEIROH,2025-11-06,118299,1,4,0,88.0
10110027MONTEIROH_2025-11-06_G11,10110027MONTEIROH,2025-11-06,110371,1,4,0,245.0
10110027MONTEIROH_2025-11-06_G12,10110027MONTEIROH,2025-11-06,110740,1,10,0,212.0
10110027MONTEIROH_2025-11-06_G13,10110027MONTEIROH,2025-11-06,117786,1,6,0,379.0
10110027MONTEIROH_2025-11-06_G14,10110027MONTEIROH,2025-11-06,117856,1,15,0,307.0
10110027MONTEIROH_2025-11-06_G15,10110027MONTEIROH,2025-11-06,117862,1,8,0,164.0
10110027MONTEIROH_2025-11-06_G16,10110027MONTEIROH,2025-11-06,110895,1,4,0,3294.0
10110027MONTEIROH_2025-11-06_G17,10110027MONTEIROH,2025-11-06,111441,1,4,0,396.0
10110027MONTEIROH_2025-11-06_G18,10110027MONTEIROH,2025-11-06,118222,1,4,0,56.0
10110027MONTEIROH_2025-11-06_G19,10110027MONTEIROH,2025-11-06,111438,1,1,0,107.0
10110027MONTEIROH_2025-11-06_G20,10110027MONTEIROH,2025-11-06,110742,1,2,0,116.0
10110027MONTEIROH_2025-11-06_G21,10110027MONTEIROH,2025-11-06,109645,1,4,0,140.0
10110027MONTEIROH_2025-11-06_G22,10110027MONTEIROH,2025-11-06,111418,1,2,0,61.0
10110027MONTEIROH_2025-11-06_G23,10110027MONTEIROH,2025-11-06,"110740, 118140",2,2,28,55.0
10110027MONTEIROH_2025-11-06_G24,10110027MONTEIROH,2025-11-06,141457,1,2,0,105.0
10110027MONTEIROH_2025-11-06_G25,10110027MONTEIROH,2025-11-06,141456,1,6,0,115.0
10110027MONTEIROH_2025-11-06_G26,10110027MONTEIROH,2025-11-06,111444,1,2,0,103.0
10110027MONTEIROH_2025-11-06_G27,10110027MONTEIROH,2025-11-06,141458,1,2,0,95.0
10110027MONTEIROH_2025-11-06_G28,10110027MONTEIROH,2025-11-06,111532,1,4,0,72.0
10110027MONTEIROH_2025-11-06_G29,10110027MONTEIROH,2025-11-06,117820,1,2,0,115.0
10110027MONTEIROH_2025-11-06_G30,10110027MONTEIROH,2025-11-06,118299,1,9,0,121.0
10110027MONTEIROH_2025-11-06_G31,10110027MONTEIROH,2025-11-06,110895,1,3,0,648.0
10110027MONTEIROH_2025-11-06_G32,10110027MONTEIROH,2025-11-06,110895,1,1,0,43.0
10110027MONTEIROH_2025-11-06_G33,10110027MONTEIROH,2025-11-06,117856,1,2,0,907.0
10110027MONTEIROH_2025-11-06_G34,10110027MONTEIROH,2025-11-06,111602,1,3,0,349.0
10110027MONTEIROH_2025-11-06_G35,10110027MONTEIROH,2025-11-06,117831,1,8,0,270.0
10110027MONTEIROH_2025-11-06_G36,10110027MONTEIROH,2025-11-06,118140,1,2,0,166.0
10110027MONTEIROH_2025-11-06_G37,10110027MONTEIROH,2025-11-06,141456,1,2,0,111.0
10110027MONTEIROH_2025-11-06_G38,10110027MONTEIROH,2025-11-06,117785,1,6,0,128.0
10110027MONTEIROH_2025-11-06_G39,10110027MONTEIROH,2025-11-06,111743,1,4,0,122.0
10110027MONTEIROH_2025-11-06_G41,10110027MONTEIROH,2025-11-06,110372,1,3,0,137.0
10110027MONTEIROH_2025-11-06_G42,10110027MONTEIROH,2025-11-06,118299,1,22,0,193.0
10110027MONTEIROH_2025-11-06_G43,10110027MONTEIROH,2025-11-06,141202,1,2,0,87.0
10110027MONTEIROH_2025-11-06_G44,10110027MONTEIROH,2025-11-06,110129,1,4,0,225.0
10110027MONTEIROH_2025-11-06_G45,10110027MONTEIROH,2025-11-06,105705,1,4,0,99.0
10110027MONTEIROH_2025-11-06_G46,10110027MONTEIROH,2025-11-06,111463,1,10,0,96.0
10110027MONTEIROH_2025-11-06_G47,10110027MONTEIROH,2025-11-06,117831,1,9,0,93.0
10110027MONTEIROH_2025-11-06_G48,10110027MONTEIROH,2025-11-06,111418,1,11,0,105.0
10110027MONTEIROH_2025-11-06_G49,10110027MONTEIROH,2025-11-06,110740,1,4,0,84.0
10110027MONTEIROH_2025-11-06_G50,10110027MONTEIROH,2025-11-06,118140,1,10,0,135.0
10110027MONTEIROH_2025-11-06_G51,10110027MONTEIROH,2025-11-06,111435,1,2,0,105.0
10110027MONTEIROH_2025-11-06_G52,10110027MONTEIROH,2025-11-06,111469,1,8,0,127.0
10110027MONTEIROH_2025-11-06_G53,10110027MONTEIROH,2025-11-06,111466,1,10,0,464.0
10110027MONTEIROH_2025-11-06_G54,10110027MONTEIROH,2025-11-06,117787,1,3,0,71.0
10110027MONTEIROH_2025-11-06_G55,10110027MONTEIROH,2025-11-06,109641,1,2,0,43.0
10110027MONTEIROH_2025-11-06_G56,10110027MONTEIROH,2025-11-06,117785,1,5,0,80.0
10110027MONTEIROH_2025-11-06_G57,10110027MONTEIROH,2025-11-06,111462,1,4,0,82.0
10110027MONTEIROH_2025-11-06_G58,10110027MONTEIROH,2025-11-06,111743,1,4,0,367.0
10110027MONTEIROH_2025-11-06_G59,10110027MONTEIROH,2025-11-06,141458,1,4,0,828.0
10110027MONTEIROH_2025-11-06_G60,10110027MONTEIROH,2025-11-06,141456,1,5,0,113.0
10110027MONTEIROH_2025-11-07_G02,10110027MONTEIROH,2025-11-07,111569,1,4,0,129.0
10110027MONTEIROH_2025-11-07_G03,10110027MONTEIROH,2025-11-07,111532,1,8,0,148.0
10110027MONTEIROH_2025-11-07_G04,10110027MONTEIROH,2025-11-07,117856,1,4,0,199.0
10110027MONTEIROH_2025-11-07_G05,10110027MONTEIROH,2025-11-07,111530,1,1,0,107.0
10110027MONTEIROH_2025-11-07_G06,10110027MONTEIROH,2025-11-07,110711,1,4,0,106.0
10110027MONTEIROH_2025-11-07_G07,10110027MONTEIROH,2025-11-07,111467,1,4,0,138.0
10110027MONTEIROH_2025-11-07_G08,10110027MONTEIROH,2025-11-07,111602,1,2,0,134.0
10110027MONTEIROH_2025-11-07_G09,10110027MONTEIROH,2025-11-07,111602,1,4,0,45.0
10110027MONTEIROH_2025-11-07_G10,10110027MONTEIROH,2025-11-07,111602,1,4,0,149.0
10110027MONTEIROH_2025-11-07_G11,10110027MONTEIROH,2025-11-07,110733,1,72,0,920.0
10110027MONTEIROH_2025-11-07_G12,10110027MONTEIROH,2025-11-07,117821,1,200,0,1188.0
10110027MONTEIROH_2025-11-07_G13,10110027MONTEIROH,2025-11-07,117831,1,300,0,1728.0
10110027MONTEIROH_2025-11-07_G14,10110027MONTEIROH,2025-11-07,141823,1,100,0,345.0
10110027MONTEIROH_2025-11-07_G15,10110027MONTEIROH,2025-11-07,141457,1,225,0,2236.0
10110027MONTEIROH_2025-11-07_G17,10110027MONTEIROH,2025-11-07,111356,1,4,0,127.0
10110027MONTEIROH_2025-11-07_G18,10110027MONTEIROH,2025-11-07,110311,1,4,0,99.0
10110027MONTEIROH_2025-11-07_G19,10110027MONTEIROH,2025-11-07,110579,1,6,0,129.0
10110027MONTEIROH_2025-11-07_G20,10110027MONTEIROH,2025-11-07,111569,1,4,0,150.0
10110027MONTEIROH_2025-11-07_G22,10110027MONTEIROH,2025-11-07,111418,1,20,0,209.0
10110027MONTEIROH_2025-11-07_G23,10110027MONTEIROH,2025-11-07,110787,1,1,0,82.0
10110027MONTEIROH_2025-11-07_G24,10110027MONTEIROH,2025-11-07,110374,1,6,0,90.0
10110027MONTEIROH_2025-11-07_G25,10110027MONTEIROH,2025-11-07,111418,1,24,0,451.0
10110027MONTEIROH_2025-11-07_G26,10110027MONTEIROH,2025-11-07,110787,1,6,0,193.0
10110027MONTEIROH_2025-11-07_G27,10110027MONTEIROH,2025-11-07,110313,1,2,0,355.0
10110027MONTEIROH_2025-11-07_G28,10110027MONTEIROH,2025-11-07,111418,1,14,0,194.0
10110027MONTEIROH_2025-11-07_G29,10110027MONTEIROH,2025-11-07,110787,1,4,0,117.0
10110027MONTEIROH_2025-11-07_G30,10110027MONTEIROH,2025-11-07,110313,1,1,0,173.0
10110027MONTEIROH_2025-11-07_G31,10110027MONTEIROH,2025-11-07,111418,1,4,0,103.0
10110027MONTEIROH_2025-11-07_G32,10110027MONTEIROH,2025-11-07,109643,1,11,0,192.0
10110027MONTEIROH_2025-11-07_G33,10110027MONTEIROH,2025-11-07,110313,1,2,0,122.0
10110027MONTEIROH_2025-11-07_G34,10110027MONTEIROH,2025-11-07,111418,1,15,0,166.0
10110027MONTEIROH_2025-11-07_G35,10110027MONTEIROH,2025-11-07,110787,1,4,0,91.0
10110027MONTEIROH_2025-11-07_G36,10110027MONTEIROH,2025-11-07,110374,1,2,0,77.0
10110027MONTEIROH_2025-11-07_G37,10110027MONTEIROH,2025-11-07,117856,1,150,0,2084.0
10110027MONTEIROH_2025-11-07_G38,10110027MONTEIROH,2025-11-07,140923,1,190,0,1876.0
10110027MONTEIROH_2025-11-08_G02,10110027MONTEIROH,2025-11-08,110374,1,1,0,89.0
10110027MONTEIROH_2025-11-08_G03,10110027MONTEIROH,2025-11-08,117830,1,12,0,179.0
10110027MONTEIROH_2025-11-08_G04,10110027MONTEIROH,2025-11-08,110374,1,5,0,92.0
10110027MONTEIROH_2025-11-08_G05,10110027MONTEIROH,2025-11-08,111879,1,4,0,2081.0
10110027MONTEIROH_2025-11-08_G06,10110027MONTEIROH,2025-11-08,117862,1,8,0,197.0
10110027MONTEIROH_2025-11-08_G07,10110027MONTEIROH,2025-11-08,117786,1,8,0,133.0
10110027MONTEIROH_2025-11-08_G08,10110027MONTEIROH,2025-11-08,110711,1,8,0,158.0
10110027MONTEIROH_2025-11-08_G09,10110027MONTEIROH,2025-11-08,110339,1,3,0,120.0
10110027MONTEIROH_2025-11-08_G10,10110027MONTEIROH,2025-11-08,110374,1,12,0,173.0
10110027MONTEIROH_2025-11-08_G11,10110027MONTEIROH,2025-11-08,105705,1,2,0,488.0
10110027MONTEIROH_2025-11-08_G12,10110027MONTEIROH,2025-11-08,118140,1,15,0,313.0
10110027MONTEIROH_2025-11-08_G13,10110027MONTEIROH,2025-11-08,110787,1,6,0,115.0
10110027MONTEIROH_2025-11-08_G14,10110027MONTEIROH,2025-11-08,111330,1,4,0,164.0
10110027MONTEIROH_2025-11-08_G15,10110027MONTEIROH,2025-11-08,111468,1,2,0,84.0
10110027MONTEIROH_2025-11-08_G16,10110027MONTEIROH,2025-11-08,108711,1,4,0,86.0
10110027MONTEIROH_2025-11-08_G17,10110027MONTEIROH,2025-11-08,117785,1,2,0,173.0
10110027MONTEIROH_2025-11-08_G18,10110027MONTEIROH,2025-11-08,141271,1,8,0,185.0
10110027MONTEIROH_2025-11-08_G19,10110027MONTEIROH,2025-11-08,140923,1,5,0,223.0
10110027MONTEIROH_2025-11-08_G20,10110027MONTEIROH,2025-11-08,110374,1,4,0,127.0
10110027MONTEIROH_2025-11-08_G21,10110027MONTEIROH,2025-11-08,141202,1,8,0,685.0
10110027MONTEIROH_2025-11-08_G22,10110027MONTEIROH,2025-11-08,118140,1,12,0,174.0
10110027MONTEIROH_2025-11-08_G23,10110027MONTEIROH,2025-11-08,141823,1,4,0,77.0
10110027MONTEIROH_2025-11-08_G24,10110027MONTEIROH,2025-11-08,108711,1,4,0,133.0
10110027MONTEIROH_2025-11-08_G25,10110027MONTEIROH,2025-11-08,118140,1,20,0,286.0
10110027MONTEIROH_2025-11-08_G26,10110027MONTEIROH,2025-11-08,141823,1,4,0,393.0
10110027MONTEIROH_2025-11-08_G27,10110027MONTEIROH,2025-11-08,108711,1,4,0,157.0
10110027MONTEIROH_2025-11-08_G28,10110027MONTEIROH,2025-11-08,110733,1,4,0,184.0
10110027MONTEIROH_2025-11-08_G29,10110027MONTEIROH,2025-11-08,141202,1,4,0,182.0
10110027MONTEIROH_2025-11-08_G30,10110027MONTEIROH,2025-11-08,108711,1,3,0,235.0
10110027MONTEIROH_2025-11-08_G31,10110027MONTEIROH,2025-11-08,118140,1,70,0,2991.0
10110027MONTEIROH_2025-11-08_G32,10110027MONTEIROH,2025-11-08,109645,1,30,0,723.0
10110027MONTEIROH_2025-11-08_G33,10110027MONTEIROH,2025-11-08,117833,1,30,0,228.0
10110027MONTEIROH_2025-11-08_G34,10110027MONTEIROH,2025-11-08,110895,1,4,0,1278.0
10110027MONTEIROH_2025-11-08_G35,10110027MONTEIROH,2025-11-08,118140,1,2,0,168.0
10110027MONTEIROH_2025-11-08_G36,10110027MONTEIROH,2025-11-08,141456,1,2,0,144.0
10110027MONTEIROH_2025-11-08_G37,10110027MONTEIROH,2025-11-08,111743,1,3,0,89.0
10110027MONTEIROH_2025-11-08_G38,10110027MONTEIROH,2025-11-08,110895,1,2,0,147.0
10110027MONTEIROH_2025-11-08_G39,10110027MONTEIROH,2025-11-08,140923,1,2,0,108.0
10110027MONTEIROH_2025-11-08_G40,10110027MONTEIROH,2025-11-08,111441,1,20,0,947.0
10110027MONTEIROH_2025-11-08_G41,10110027MONTEIROH,2025-11-08,110895,1,3,0,130.0
10110027MONTEIROH_2025-11-08_G42,10110027MONTEIROH,2025-11-08,160051,1,10,0,582.0
10110027MONTEIROH_2025-11-08_G43,10110027MONTEIROH,2025-11-08,160054,1,6,0,138.0
10110027MONTEIROH_2025-11-08_G44,10110027MONTEIROH,2025-11-08,118140,1,2,0,140.0
10110027MONTEIROH_2025-11-08_G45,10110027MONTEIROH,2025-11-08,160055,1,5,0,313.0
10110027MONTEIROH_2025-11-08_G46,10110027MONTEIROH,2025-11-08,108711,1,1,0,68.0
10110027MONTEIROH_2025-11-08_G47,10110027MONTEIROH,2025-11-08,111465,1,2,0,62.0
10110027MONTEIROH_2025-11-08_G49,10110027MONTEIROH,2025-11-08,110895,1,8,0,117.0
10110027MONTEIROH_2025-11-08_G50,10110027MONTEIROH,2025-11-08,111660,1,1,0,146.0
10110027MONTEIROH_2025-11-08_G51,10110027MONTEIROH,2025-11-08,117786,1,2,0,129.0
10110027MONTEIROH_2025-11-08_G52,10110027MONTEIROH,2025-11-08,110733,1,4,0,60.0
10110027MONTEIROH_2025-11-08_G53,10110027MONTEIROH,2025-11-08,118140,1,8,0,133.0
10110027MONTEIROH_2025-11-08_G54,10110027MONTEIROH,2025-11-08,141457,1,2,0,79.0
10110027MONTEIROH_2025-11-08_G55,10110027MONTEIROH,2025-11-08,111463,1,2,0,121.0
10110027MONTEIROH_2025-11-08_G56,10110027MONTEIROH,2025-11-08,109641,1,4,0,117.0
10110027MONTEIROH_2025-11-08_G57,10110027MONTEIROH,2025-11-08,108795,1,4,0,692.0
10110027MONTEIROH_2025-11-08_G58,10110027MONTEIROH,2025-11-08,108759,1,4,0,488.0
10110027MONTEIROH_2025-11-08_G59,10110027MONTEIROH,2025-11-08,110895,1,8,0,121.0
10110027MONTEIROH_2025-11-08_G60,10110027MONTEIROH,2025-11-08,110895,1,4,0,216.0
10110027MONTEIROH_2025-11-08_G61,10110027MONTEIROH,2025-11-08,141916,1,4,0,134.0
10110027MONTEIROH_2025-11-08_G62,10110027MONTEIROH,2025-11-08,117830,1,4,0,170.0
10110027MONTEIROH_2025-11-08_G63,10110027MONTEIROH,2025-11-08,111442,1,16,0,740.0
10110027MONTEIROH_2025-11-08_G64,10110027MONTEIROH,2025-11-08,111532,1,2,0,101.0
10110027MONTEIROH_2025-11-10_G02,10110027MONTEIROH,2025-11-10,110895,1,6,0,254.0
10110027MONTEIROH_2025-11-10_G03,10110027MONTEIROH,2025-11-10,111660,1,4,0,264.0
10110027MONTEIROH_2025-11-10_G04,10110027MONTEIROH,2025-11-10,111569,1,60,0,1196.0
10110027MONTEIROH_2025-11-10_G05,10110027MONTEIROH,2025-11-10,110755,1,6,0,232.0
10110027MONTEIROH_2025-11-10_G06,10110027MONTEIROH,2025-11-10,118306,1,14,0,334.0
10110027MONTEIROH_2025-11-10_G07,10110027MONTEIROH,2025-11-10,111439,1,2,0,425.0
10110027MONTEIROH_2025-11-10_G08,10110027MONTEIROH,2025-11-10,111439,1,4,0,103.0
10110027MONTEIROH_2025-11-10_G09,10110027MONTEIROH,2025-11-10,110741,1,4,0,67.0
10110027MONTEIROH_2025-11-10_G10,10110027MONTEIROH,2025-11-10,110733,1,2,0,160.0
10110027MONTEIROH_2025-11-10_G11,10110027MONTEIROH,2025-11-10,110339,1,2,0,96.0
10110027MONTEIROH_2025-11-10_G12,10110027MONTEIROH,2025-11-10,110743,1,4,0,141.0
10110027MONTEIROH_2025-11-10_G13,10110027MONTEIROH,2025-11-10,141456,1,2,0,98.0
10110027MONTEIROH_2025-11-10_G14,10110027MONTEIROH,2025-11-10,117785,1,19,0,233.0
10110027MONTEIROH_2025-11-10_G15,10110027MONTEIROH,2025-11-10,141456,1,30,0,712.0
10110027MONTEIROH_2025-11-10_G16,10110027MONTEIROH,2025-11-10,141458,1,63,0,708.0
10110027MONTEIROH_2025-11-10_G17,10110027MONTEIROH,2025-11-10,117808,1,169,0,1091.0
10110027MONTEIROH_2025-11-10_G18,10110027MONTEIROH,2025-11-10,141202,1,1,0,1604.0
10110027MONTEIROH_2025-11-10_G19,10110027MONTEIROH,2025-11-10,109645,1,2,0,120.0
10110027MONTEIROH_2025-11-10_G20,10110027MONTEIROH,2025-11-10,111443,1,2,0,86.0
10110027MONTEIROH_2025-11-10_G21,10110027MONTEIROH,2025-11-10,118140,1,7,0,66.0
10110027MONTEIROH_2025-11-10_G22,10110027MONTEIROH,2025-11-10,141458,1,4,0,111.0
10110027MONTEIROH_2025-11-10_G23,10110027MONTEIROH,2025-11-10,117835,1,4,0,185.0
10110027MONTEIROH_2025-11-10_G24,10110027MONTEIROH,2025-11-10,110372,1,24,0,262.0
10110027MONTEIROH_2025-11-10_G25,10110027MONTEIROH,2025-11-10,118299,1,2,0,87.0
10110027MONTEIROH_2025-11-10_G26,10110027MONTEIROH,2025-11-10,110373,1,2,0,83.0
10110027MONTEIROH_2025-11-10_G27,10110027MONTEIROH,2025-11-10,110374,1,6,0,517.0
10110027MONTEIROH_2025-11-10_G28,10110027MONTEIROH,2025-11-10,110372,1,6,0,92.0
10110027MONTEIROH_2025-11-10_G29,10110027MONTEIROH,2025-11-10,118299,1,1,0,78.0
10110027MONTEIROH_2025-11-10_G30,10110027MONTEIROH,2025-11-10,111418,1,12,0,138.0
10110027MONTEIROH_2025-11-10_G31,10110027MONTEIROH,2025-11-10,111469,1,4,0,95.0
10110027MONTEIROH_2025-11-10_G32,10110027MONTEIROH,2025-11-10,111466,1,8,0,133.0
10110027MONTEIROH_2025-11-10_G33,10110027MONTEIROH,2025-11-10,117785,1,8,0,118.0
10110027MONTEIROH_2025-11-10_G34,10110027MONTEIROH,2025-11-10,111602,1,5,0,110.0
10110027MONTEIROH_2025-11-10_G35,10110027MONTEIROH,2025-11-10,117821,1,4,0,379.0
10110027MONTEIROH_2025-11-10_G36,10110027MONTEIROH,2025-11-10,108795,1,4,0,163.0
10110027MONTEIROH_2025-11-10_G37,10110027MONTEIROH,2025-11-10,111443,1,2,0,44.0
10110027MONTEIROH_2025-11-10_G38,10110027MONTEIROH,2025-11-10,118140,1,4,0,61.0
10110027MONTEIROH_2025-11-10_G39,10110027MONTEIROH,2025-11-10,117838,1,2,0,57.0
10110027MONTEIROH_2025-11-10_G40,10110027MONTEIROH,2025-11-10,141457,1,8,0,416.0
10110027MONTEIROH_2025-11-10_G41,10110027MONTEIROH,2025-11-10,108798,1,4,0,190.0
10110027MONTEIROH_2025-11-10_G42,10110027MONTEIROH,2025-11-10,117833,1,4,0,137.0
10110027MONTEIROH_2025-11-10_G43,10110027MONTEIROH,2025-11-10,141458,1,4,0,129.0
10110027MONTEIROH_2025-11-10_G44,10110027MONTEIROH,2025-11-10,141271,1,4,0,64.0
10110027MONTEIROH_2025-11-10_G45,10110027MONTEIROH,2025-11-10,141823,1,4,0,71.0
10110027MONTEIROH_2025-11-10_G46,10110027MONTEIROH,2025-11-10,117808,1,6,0,126.0
10110027MONTEIROH_2025-11-10_G47,10110027MONTEIROH,2025-11-10,110372,1,10,0,190.0
10110027MONTEIROH_2025-11-10_G48,10110027MONTEIROH,2025-11-10,117822,1,4,0,126.0
10110027MONTEIROH_2025-11-10_G49,10110027MONTEIROH,2025-11-10,110373,1,4,0,74.0
10110027MONTEIROH_2025-11-10_G50,10110027MONTEIROH,2025-11-10,110373,1,4,0,531.0
10110027MONTEIROH_2025-11-10_G51,10110027MONTEIROH,2025-11-10,117785,1,4,0,194.0
10110027MONTEIROH_2025-11-10_G52,10110027MONTEIROH,2025-11-10,111418,1,5,0,182.0
10110027MONTEIROH_2025-11-10_G53,10110027MONTEIROH,2025-11-10,111469,1,8,0,191.0
10110027MONTEIROH_2025-11-10_G54,10110027MONTEIROH,2025-11-10,111466,1,1,0,281.0
10110027MONTEIROH_2025-11-10_G55,10110027MONTEIROH,2025-11-10,110372,1,20,0,771.0
10110027MONTEIROH_2025-11-10_G56,10110027MONTEIROH,2025-11-10,110372,1,2,0,49.0
10110027MONTEIROH_2025-11-10_G57,10110027MONTEIROH,2025-11-10,118299,1,2,0,80.0
10110027MONTEIROH_2025-11-10_G58,10110027MONTEIROH,2025-11-10,111441,1,2,0,160.0
10110027MONTEIROH_2025-11-10_G59,10110027MONTEIROH,2025-11-10,111602,1,2,0,200.0
10110027MONTEIROH_2025-11-10_G60,10110027MONTEIROH,2025-11-10,111469,1,4,0,178.0
10110027MONTEIROH_2025-11-10_G61,10110027MONTEIROH,2025-11-10,111466,1,2,0,91.0
10110027MONTEIROH_2025-11-10_G62,10110027MONTEIROH,2025-11-10,111466,1,12,0,72.0
10110027MONTEIROH_2025-11-10_G63,10110027MONTEIROH,2025-11-10,117785,1,4,0,89.0
10110027MONTEIROH_2025-11-10_G64,10110027MONTEIROH,2025-11-10,111418,1,26,0,239.0
10110027MONTEIROH_2025-11-10_G66,10110027MONTEIROH,2025-11-10,110752,1,2,0,136.0
10110027MONTEIROH_2025-11-10_G67,10110027MONTEIROH,2025-11-10,140923,1,2,0,228.0
10110027MONTEIROH_2025-11-10_G68,10110027MONTEIROH,2025-11-10,111660,1,2,0,167.0
10110027MONTEIROH_2025-11-10_G69,10110027MONTEIROH,2025-11-10,117831,1,4,0,182.0
10110027MONTEIROH_2025-11-10_G70,10110027MONTEIROH,2025-11-10,141457,1,2,0,579.0
10110027MONTEIROH_2025-11-10_G71,10110027MONTEIROH,2025-11-10,111418,1,4,0,68.0
10110027MONTEIROH_2025-11-10_G72,10110027MONTEIROH,2025-11-10,111466,1,1,0,171.0
10110027MONTEIROH_2025-11-10_G73,10110027MONTEIROH,2025-11-10,117808,1,4,0,129.0
10110027MONTEIROH_2025-11-10_G74,10110027MONTEIROH,2025-11-10,118299,1,4,0,147.0
10110027MONTEIROH_2025-11-10_G75,10110027MONTEIROH,2025-11-10,110373,1,9,0,141.0
10110027MONTEIROH_2025-11-10_G76,10110027MONTEIROH,2025-11-10,117835,1,5,0,724.0
10110027MONTEIROH_2025-11-10_G77,10110027MONTEIROH,2025-11-10,111430,1,4,0,55.0
10110027MONTEIROH_2025-11-10_G78,10110027MONTEIROH,2025-11-10,110895,1,12,0,155.0
10110027MONTEIROH_2025-11-10_G79,10110027MONTEIROH,2025-11-10,110895,1,8,0,93.0
10110027MONTEIROH_2025-11-10_G80,10110027MONTEIROH,2025-11-10,117832,1,6,0,127.0
10110027MONTEIROH_2025-11-10_G81,10110027MONTEIROH,2025-11-10,110373,1,2,0,172.0
10110027MONTEIROH_2025-11-10_G82,10110027MONTEIROH,2025-11-10,110373,1,137,0,708.0
10110027MONTEIROH_2025-11-10_G83,10110027MONTEIROH,2025-11-10,110372,1,92,0,833.0
10110027MONTEIROH_2025-11-10_G84,10110027MONTEIROH,2025-11-10,110374,1,92,0,581.0
10110027MONTEIROH_2025-11-10_G85,10110027MONTEIROH,2025-11-10,117808,1,135,0,185.0
10110027MONTEIROH_2025-11-10_G86,10110027MONTEIROH,2025-11-10,118299,1,40,0,421.0
10110027MONTEIROH_2025-11-11_G02,10110027MONTEIROH,2025-11-11,117862,1,4,0,69.0
10110027MONTEIROH_2025-11-11_G03,10110027MONTEIROH,2025-11-11,117786,1,1,0,92.0
10110027MONTEIROH_2025-11-11_G04,10110027MONTEIROH,2025-11-11,110733,1,1,0,54.0
10110027MONTEIROH_2025-11-11_G05,10110027MONTEIROH,2025-11-11,110711,1,3,0,132.0
10110027MONTEIROH_2025-11-11_G06,10110027MONTEIROH,2025-11-11,111602,1,4,0,89.0
10110027MONTEIROH_2025-11-11_G07,10110027MONTEIROH,2025-11-11,117832,1,6,0,196.0
10110027MONTEIROH_2025-11-11_G08,10110027MONTEIROH,2025-11-11,110373,1,2,0,239.0
10110027MONTEIROH_2025-11-11_G09,10110027MONTEIROH,2025-11-11,141202,1,2,0,51.0
10110027MONTEIROH_2025-11-11_G10,10110027MONTEIROH,2025-11-11,117831,1,2,0,183.0
10110027MONTEIROH_2025-11-11_G11,10110027MONTEIROH,2025-11-11,117830,1,4,0,726.0
10110027MONTEIROH_2025-11-11_G12,10110027MONTEIROH,2025-11-11,110756,1,4,0,139.0
10110027MONTEIROH_2025-11-11_G13,10110027MONTEIROH,2025-11-11,141916,1,4,0,160.0
10110027MONTEIROH_2025-11-11_G14,10110027MONTEIROH,2025-11-11,118299,1,7,0,214.0
10110027MONTEIROH_2025-11-11_G15,10110027MONTEIROH,2025-11-11,140923,1,4,0,118.0
10110027MONTEIROH_2025-11-11_G16,10110027MONTEIROH,2025-11-11,109641,1,2,0,66.0
10110027MONTEIROH_2025-11-11_G17,10110027MONTEIROH,2025-11-11,117809,1,2,0,572.0
10110027MONTEIROH_2025-11-11_G18,10110027MONTEIROH,2025-11-11,118094,1,10,0,143.0
10110027MONTEIROH_2025-11-11_G19,10110027MONTEIROH,2025-11-11,111330,1,16,0,743.0
10110027MONTEIROH_2025-11-11_G20,10110027MONTEIROH,2025-11-11,110500,1,2,0,509.0
10110027MONTEIROH_2025-11-11_G21,10110027MONTEIROH,2025-11-11,117861,1,8,0,198.0
10110027MONTEIROH_2025-11-11_G22,10110027MONTEIROH,2025-11-11,111330,1,4,0,868.0
10110027MONTEIROH_2025-11-11_G23,10110027MONTEIROH,2025-11-11,140922,1,4,0,168.0
10110027MONTEIROH_2025-11-11_G24,10110027MONTEIROH,2025-11-11,110733,1,4,0,49.0
10110027MONTEIROH_2025-11-11_G25,10110027MONTEIROH,2025-11-11,110112,1,4,0,141.0
10110027MONTEIROH_2025-11-11_G26,10110027MONTEIROH,2025-11-11,140911,2,9,29,237.0
10110027MONTEIROH_2025-11-11_G27,10110027MONTEIROH,2025-11-11,110313,1,6,0,202.0
10110027MONTEIROH_2025-11-11_G28,10110027MONTEIROH,2025-11-11,140922,1,4,0,137.0
10110027MONTEIROH_2025-11-11_G29,10110027MONTEIROH,2025-11-11,140922,1,1,0,115.0
10110027MONTEIROH_2025-11-11_G30,10110027MONTEIROH,2025-11-11,140923,1,8,0,426.0
10110027MONTEIROH_2025-11-11_G31,10110027MONTEIROH,2025-11-11,110500,1,1,0,449.0
10110027MONTEIROH_2025-11-11_G32,10110027MONTEIROH,2025-11-11,109974,1,2,0,521.0
10110027MONTEIROH_2025-11-11_G33,10110027MONTEIROH,2025-11-11,141202,1,6,0,197.0
10110027MONTEIROH_2025-11-11_G34,10110027MONTEIROH,2025-11-11,117808,1,4,0,147.0
10110027MONTEIROH_2025-11-11_G35,10110027MONTEIROH,2025-11-11,110373,1,2,0,123.0
10110027MONTEIROH_2025-11-11_G36,10110027MONTEIROH,2025-11-11,118140,1,4,0,177.0
10110027MONTEIROH_2025-11-11_G37,10110027MONTEIROH,2025-11-11,108711,1,4,0,75.0
10110027MONTEIROH_2025-11-11_G38,10110027MONTEIROH,2025-11-11,111462,1,2,0,105.0
10110027MONTEIROH_2025-11-11_G39,10110027MONTEIROH,2025-11-11,111743,1,2,0,39.0
10110027MONTEIROH_2025-11-11_G40,10110027MONTEIROH,2025-11-11,118094,1,4,0,794.0
10110027MONTEIROH_2025-11-11_G41,10110027MONTEIROH,2025-11-11,118094,1,2,0,46.0
10110027MONTEIROH_2025-11-11_G42,10110027MONTEIROH,2025-11-11,110895,1,4,0,306.0
10110027MONTEIROH_2025-11-11_G43,10110027MONTEIROH,2025-11-11,110373,1,11,0,162.0
10110027MONTEIROH_2025-11-11_G44,10110027MONTEIROH,2025-11-11,110740,1,4,0,1147.0
10110027MONTEIROH_2025-11-11_G45,10110027MONTEIROH,2025-11-11,141457,1,2,0,111.0
10110027MONTEIROH_2025-11-11_G46,10110027MONTEIROH,2025-11-11,111418,1,3,0,54.0
10110027MONTEIROH_2025-11-11_G47,10110027MONTEIROH,2025-11-11,141456,1,4,0,93.0
10110027MONTEIROH_2025-11-11_G48,10110027MONTEIROH,2025-11-11,108794,1,2,0,63.0
10110027MONTEIROH_2025-11-11_G49,10110027MONTEIROH,2025-11-11,111463,1,2,0,73.0
10110027MONTEIROH_2025-11-11_G50,10110027MONTEIROH,2025-11-11,117787,1,1,0,74.0
10110027MONTEIROH_2025-11-11_G51,10110027MONTEIROH,2025-11-11,141458,1,4,0,151.0
10110027MONTEIROH_2025-11-11_G52,10110027MONTEIROH,2025-11-11,111465,1,2,0,40.0
10110027MONTEIROH_2025-11-11_G53,10110027MONTEIROH,2025-11-11,117862,1,4,0,175.0
10110027MONTEIROH_2025-11-11_G54,10110027MONTEIROH,2025-11-11,110733,1,4,0,338.0
10110027MONTEIROH_2025-11-11_G55,10110027MONTEIROH,2025-11-11,117853,1,2,0,56.0
10110027MONTEIROH_2025-11-11_G56,10110027MONTEIROH,2025-11-11,117786,1,2,0,51.0
10110027MONTEIROH_2025-11-11_G57,10110027MONTEIROH,2025-11-11,108772,1,2,0,105.0
10110027MONTEIROH_2025-11-11_G58,10110027MONTEIROH,2025-11-11,111467,1,4,0,107.0
10110027MONTEIROH_2025-11-11_G59,10110027MONTEIROH,2025-11-11,111602,1,8,0,166.0
10110027MONTEIROH_2025-11-11_G60,10110027MONTEIROH,2025-11-11,110895,1,1,0,381.0
10110027MONTEIROH_2025-11-11_G61,10110027MONTEIROH,2025-11-11,141916,1,2,0,110.0
10110027MONTEIROH_2025-11-11_G62,10110027MONTEIROH,2025-11-11,110747,1,4,0,95.0
10110027MONTEIROH_2025-11-11_G63,10110027MONTEIROH,2025-11-11,110313,1,4,0,215.0
10110027MONTEIROH_2025-11-11_G64,10110027MONTEIROH,2025-11-11,111850,1,4,0,161.0
10110027MONTEIROH_2025-11-11_G65,10110027MONTEIROH,2025-11-11,140911,1,2,0,112.0
10110027MONTEIROH_2025-11-11_G66,10110027MONTEIROH,2025-11-11,117820,1,2,0,227.0
10110027MONTEIROH_2025-11-11_G67,10110027MONTEIROH,2025-11-11,118299,1,6,0,199.0
10110027MONTEIROH_2025-11-11_G68,10110027MONTEIROH,2025-11-11,110313,1,2,0,120.0
10110027MONTEIROH_2025-11-11_G69,10110027MONTEIROH,2025-11-11,140923,1,2,0,185.0
10110027MONTEIROH_2025-11-11_G70,10110027MONTEIROH,2025-11-11,111602,1,1,0,102.0
10110027MONTEIROH_2025-11-11_G71,10110027MONTEIROH,2025-11-11,141457,1,2,0,147.0
10110027MONTEIROH_2025-11-11_G72,10110027MONTEIROH,2025-11-11,117787,1,2,0,84.0
10110027MONTEIROH_2025-11-11_G74,10110027MONTEIROH,2025-11-11,111441,1,7,0,154.0
10110027MONTEIROH_2025-11-11_G75,10110027MONTEIROH,2025-11-11,118306,1,6,0,96.0
10110027MONTEIROH_2025-11-11_G76,10110027MONTEIROH,2025-11-11,110747,1,8,0,150.0
10110027MONTEIROH_2025-11-11_G77,10110027MONTEIROH,2025-11-11,111569,1,20,0,484.0
10110027MONTEIROH_2025-11-11_G78,10110027MONTEIROH,2025-11-11,141352,1,50,0,527.0
10110027MONTEIROH_2025-11-11_G79,10110027MONTEIROH,2025-11-11,110339,1,11,0,220.0
10110027MONTEIROH_2025-11-11_G80,10110027MONTEIROH,2025-11-11,111439,1,4,0,387.0
10110027MONTEIROH_2025-11-11_G81,10110027MONTEIROH,2025-11-11,117837,1,4,0,647.0
10110027MONTEIROH_2025-11-11_G82,10110027MONTEIROH,2025-11-11,110753,1,4,0,76.0
10110027MONTEIROH_2025-11-11_G83,10110027MONTEIROH,2025-11-11,117853,1,4,0,105.0
10110027MONTEIROH_2025-11-11_G84,10110027MONTEIROH,2025-11-11,107629,1,2,0,77.0
10110027MONTEIROH_2025-11-12_G02,10110027MONTEIROH,2025-11-12,110895,1,5,0,112.0
10110027MONTEIROH_2025-11-12_G03,10110027MONTEIROH,2025-11-12,118222,1,7,0,281.0
10110027MONTEIROH_2025-11-12_G04,10110027MONTEIROH,2025-11-12,110747,1,4,0,114.0
10110027MONTEIROH_2025-11-12_G05,10110027MONTEIROH,2025-11-12,111660,1,7,0,142.0
10110027MONTEIROH_2025-11-12_G06,10110027MONTEIROH,2025-11-12,110741,1,3,0,116.0
10110027MONTEIROH_2025-11-12_G07,10110027MONTEIROH,2025-11-12,118306,1,9,0,220.0
10110027MONTEIROH_2025-11-12_G08,10110027MONTEIROH,2025-11-12,141916,1,20,0,665.0
10110027MONTEIROH_2025-11-12_G09,10110027MONTEIROH,2025-11-12,111602,1,5,0,282.0
10110027MONTEIROH_2025-11-12_G10,10110027MONTEIROH,2025-11-12,118094,1,20,0,318.0
10110027MONTEIROH_2025-11-12_G11,10110027MONTEIROH,2025-11-12,111876,1,9,0,225.0
10110027MONTEIROH_2025-11-12_G12,10110027MONTEIROH,2025-11-12,117853,1,6,0,151.0
10110027MONTEIROH_2025-11-12_G13,10110027MONTEIROH,2025-11-12,140923,1,40,0,646.0
10110027MONTEIROH_2025-11-12_G14,10110027MONTEIROH,2025-11-12,111467,1,12,0,484.0
10110027MONTEIROH_2025-11-12_G15,10110027MONTEIROH,2025-11-12,117862,1,14,0,143.0
10110027MONTEIROH_2025-11-12_G16,10110027MONTEIROH,2025-11-12,109643,1,20,0,343.0
10110027MONTEIROH_2025-11-12_G17,10110027MONTEIROH,2025-11-12,117832,1,10,0,838.0
10110027MONTEIROH_2025-11-12_G18,10110027MONTEIROH,2025-11-12,117809,1,20,0,189.0
10110027MONTEIROH_2025-11-12_G19,10110027MONTEIROH,2025-11-12,118299,1,101,0,755.0
10110027MONTEIROH_2025-11-12_G20,10110027MONTEIROH,2025-11-12,110374,1,28,0,597.0
10110027MONTEIROH_2025-11-12_G21,10110027MONTEIROH,2025-11-12,110374,1,12,0,108.0
10110027MONTEIROH_2025-11-12_G22,10110027MONTEIROH,2025-11-12,117808,1,600,0,1342.0
10110027MONTEIROH_2025-11-12_G23,10110027MONTEIROH,2025-11-12,118306,1,2,0,1286.0
10110027MONTEIROH_2025-11-12_G24,10110027MONTEIROH,2025-11-12,111440,1,4,0,116.0
10110027MONTEIROH_2025-11-12_G25,10110027MONTEIROH,2025-11-12,141916,1,8,0,191.0
10110027MONTEIROH_2025-11-12_G26,10110027MONTEIROH,2025-11-12,110747,1,1,0,61.0
10110027MONTEIROH_2025-11-12_G27,10110027MONTEIROH,2025-11-12,111569,1,2,0,99.0
10110027MONTEIROH_2025-11-12_G28,10110027MONTEIROH,2025-11-12,118299,1,2,0,104.0
10110027MONTEIROH_2025-11-12_G29,10110027MONTEIROH,2025-11-12,118277,1,2,0,169.0
10110027MONTEIROH_2025-11-12_G30,10110027MONTEIROH,2025-11-12,117809,1,4,0,172.0
10110027MONTEIROH_2025-11-12_G31,10110027MONTEIROH,2025-11-12,117830,1,2,0,67.0
10110027MONTEIROH_2025-11-12_G32,10110027MONTEIROH,2025-11-12,110375,1,3,0,82.0
10110027MONTEIROH_2025-11-12_G33,10110027MONTEIROH,2025-11-12,110372,1,3,0,51.0
10110027MONTEIROH_2025-11-12_G34,10110027MONTEIROH,2025-11-12,118299,1,17,0,153.0
10110027MONTEIROH_2025-11-12_G35,10110027MONTEIROH,2025-11-12,117832,1,4,0,70.0
10110027MONTEIROH_2025-11-12_G36,10110027MONTEIROH,2025-11-12,110129,1,4,0,310.0
10110027MONTEIROH_2025-11-12_G37,10110027MONTEIROH,2025-11-12,111446,1,1,0,85.0
10110027MONTEIROH_2025-11-12_G38,10110027MONTEIROH,2025-11-12,110751,1,4,0,98.0
10110027MONTEIROH_2025-11-12_G39,10110027MONTEIROH,2025-11-12,117821,1,3,0,39.0
10110027MONTEIROH_2025-11-12_G40,10110027MONTEIROH,2025-11-12,117831,1,6,0,59.0
10110027MONTEIROH_2025-11-12_G41,10110027MONTEIROH,2025-11-12,110740,1,4,0,78.0
10110027MONTEIROH_2025-11-12_G42,10110027MONTEIROH,2025-11-12,117838,1,2,0,66.0
10110027MONTEIROH_2025-11-12_G43,10110027MONTEIROH,2025-11-12,140922,1,1,0,76.0
10110027MONTEIROH_2025-11-12_G44,10110027MONTEIROH,2025-11-12,108798,1,2,0,123.0
10110027MONTEIROH_2025-11-12_G45,10110027MONTEIROH,2025-11-12,141456,1,2,0,71.0
10110027MONTEIROH_2025-11-12_G46,10110027MONTEIROH,2025-11-12,111463,1,14,0,324.0
10110027MONTEIROH_2025-11-12_G47,10110027MONTEIROH,2025-11-12,111468,1,4,0,89.0
10110027MONTEIROH_2025-11-12_G48,10110027MONTEIROH,2025-11-12,117833,1,4,0,187.0
10110027MONTEIROH_2025-11-12_G49,10110027MONTEIROH,2025-11-12,141457,1,4,0,49.0
10110027MONTEIROH_2025-11-12_G50,10110027MONTEIROH,2025-11-12,111743,1,4,0,212.0
10110027MONTEIROH_2025-11-12_G51,10110027MONTEIROH,2025-11-12,141458,1,4,0,92.0
10110027MONTEIROH_2025-11-12_G52,10110027MONTEIROH,2025-11-12,117837,1,2,0,365.0
10110027MONTEIROH_2025-11-12_G53,10110027MONTEIROH,2025-11-12,110733,1,2,0,104.0
10110027MONTEIROH_2025-11-12_G54,10110027MONTEIROH,2025-11-12,117786,1,2,0,59.0
10110027MONTEIROH_2025-11-12_G55,10110027MONTEIROH,2025-11-12,117856,1,4,0,70.0
10110027MONTEIROH_2025-11-12_G56,10110027MONTEIROH,2025-11-12,107629,1,2,0,124.0
10110027MONTEIROH_2025-11-12_G57,10110027MONTEIROH,2025-11-12,111353,1,4,0,115.0
10110027MONTEIROH_2025-11-12_G58,10110027MONTEIROH,2025-11-12,117862,1,4,0,124.0
10110027MONTEIROH_2025-11-12_G59,10110027MONTEIROH,2025-11-12,111467,1,2,0,130.0
10110027MONTEIROH_2025-11-12_G60,10110027MONTEIROH,2025-11-12,111602,1,4,0,142.0
10110027MONTEIROH_2025-11-12_G61,10110027MONTEIROH,2025-11-12,109643,1,2,0,220.0
10110027MONTEIROH_2025-11-12_G62,10110027MONTEIROH,2025-11-12,117809,1,3,0,118.0
10110027MONTEIROH_2025-11-12_G63,10110027MONTEIROH,2025-11-12,117820,1,6,0,67.0
10110027MONTEIROH_2025-11-12_G64,10110027MONTEIROH,2025-11-12,117808,1,6,0,425.0
10110027MONTEIROH_2025-11-12_G65,10110027MONTEIROH,2025-11-12,110372,1,2,0,68.0
10110027MONTEIROH_2025-11-12_G66,10110027MONTEIROH,2025-11-12,118299,1,6,0,78.0
10110027MONTEIROH_2025-11-12_G67,10110027MONTEIROH,2025-11-12,117832,1,2,0,45.0
10110027MONTEIROH_2025-11-12_G68,10110027MONTEIROH,2025-11-12,117822,1,4,0,90.0
10110027MONTEIROH_2025-11-12_G70,10110027MONTEIROH,2025-11-12,117821,1,2,0,67.0
10110027MONTEIROH_2025-11-12_G71,10110027MONTEIROH,2025-11-12,117831,1,1,0,32.0
10110027MONTEIROH_2025-11-12_G72,10110027MONTEIROH,2025-11-12,110740,1,4,0,202.0
10110027MONTEIROH_2025-11-12_G73,10110027MONTEIROH,2025-11-12,141456,1,6,0,115.0
10110027MONTEIROH_2025-11-12_G74,10110027MONTEIROH,2025-11-12,108711,1,2,0,82.0
10110027MONTEIROH_2025-11-12_G75,10110027MONTEIROH,2025-11-12,117833,1,2,0,389.0
10110027MONTEIROH_2025-11-12_G76,10110027MONTEIROH,2025-11-12,141457,1,2,0,611.0
10110027MONTEIROH_2025-11-12_G77,10110027MONTEIROH,2025-11-12,111442,1,2,0,54.0
10110027MONTEIROH_2025-11-12_G78,10110027MONTEIROH,2025-11-12,111444,1,2,0,80.0
10110027MONTEIROH_2025-11-12_G79,10110027MONTEIROH,2025-11-12,111462,1,4,0,81.0
10110027MONTEIROH_2025-11-12_G80,10110027MONTEIROH,2025-11-12,117820,1,10,0,1036.0
10110027MONTEIROH_2025-11-12_G81,10110027MONTEIROH,2025-11-12,117840,1,4,0,106.0
10110027MONTEIROH_2025-11-12_G82,10110027MONTEIROH,2025-11-12,117808,1,27,0,189.0
10110027MONTEIROH_2025-11-12_G83,10110027MONTEIROH,2025-11-12,110372,1,10,0,80.0
10110027MONTEIROH_2025-11-12_G84,10110027MONTEIROH,2025-11-12,118299,1,12,0,91.0
10110027MONTEIROH_2025-11-12_G85,10110027MONTEIROH,2025-11-12,117832,1,4,0,71.0
10110027MONTEIROH_2025-11-12_G86,10110027MONTEIROH,2025-11-12,110373,1,12,0,118.0
10110027MONTEIROH_2025-11-12_G87,10110027MONTEIROH,2025-11-12,111430,1,1,0,1759.0
10110027MONTEIROH_2025-11-12_G88,10110027MONTEIROH,2025-11-12,117834,1,6,0,139.0
10110027MONTEIROH_2025-11-12_G89,10110027MONTEIROH,2025-11-12,110895,1,5,0,67.0
10110027MONTEIROH_2025-11-12_G90,10110027MONTEIROH,2025-11-12,118290,1,7,0,123.0
10110027MONTEIROH_2025-11-12_G91,10110027MONTEIROH,2025-11-12,110747,1,2,0,90.0
10110027MONTEIROH_2025-11-12_G92,10110027MONTEIROH,2025-11-12,111569,1,5,0,102.0
10110027MONTEIROH_2025-11-12_G93,10110027MONTEIROH,2025-11-12,111441,1,14,0,750.0
10110027MONTEIROH_2025-11-13_G02,10110027MONTEIROH,2025-11-13,108795,1,150,0,1980.0
10110027MONTEIROH_2025-11-13_G03,10110027MONTEIROH,2025-11-13,111462,1,15,0,499.0
10110027MONTEIROH_2025-11-13_G04,10110027MONTEIROH,2025-11-13,118094,1,2,0,2014.0
10110027MONTEIROH_2025-11-13_G05,10110027MONTEIROH,2025-11-13,117837,1,2,0,233.0
10110027MONTEIROH_2025-11-13_G06,10110027MONTEIROH,2025-11-13,107629,1,4,0,112.0
10110027MONTEIROH_2025-11-13_G07,10110027MONTEIROH,2025-11-13,140923,1,2,0,102.0
10110027MONTEIROH_2025-11-13_G08,10110027MONTEIROH,2025-11-13,140911,1,2,0,124.0
10110027MONTEIROH_2025-11-13_G09,10110027MONTEIROH,2025-11-13,110787,1,2,0,126.0
10110027MONTEIROH_2025-11-13_G10,10110027MONTEIROH,2025-11-13,140911,1,2,0,117.0
10110027MONTEIROH_2025-11-13_G11,10110027MONTEIROH,2025-11-13,109974,1,2,0,682.0
10110027MONTEIROH_2025-11-13_G12,10110027MONTEIROH,2025-11-13,110841,1,8,0,222.0
10110027MONTEIROH_2025-11-13_G13,10110027MONTEIROH,2025-11-13,110423,1,1,0,105.0
10110027MONTEIROH_2025-11-13_G14,10110027MONTEIROH,2025-11-13,110313,1,12,0,516.0
10110027MONTEIROH_2025-11-13_G15,10110027MONTEIROH,2025-11-13,110313,1,4,0,84.0
10110027MONTEIROH_2025-11-13_G16,10110027MONTEIROH,2025-11-13,111466,1,1,0,181.0
10110027MONTEIROH_2025-11-13_G17,10110027MONTEIROH,2025-11-13,111469,1,4,0,140.0
10110027MONTEIROH_2025-11-13_G18,10110027MONTEIROH,2025-11-13,110787,1,2,0,158.0
10110027MONTEIROH_2025-11-13_G19,10110027MONTEIROH,2025-11-13,140923,1,12,0,356.0
10110027MONTEIROH_2025-11-13_G20,10110027MONTEIROH,2025-11-13,111467,1,4,0,80.0
10110027MONTEIROH_2025-11-13_G21,10110027MONTEIROH,2025-11-13,110753,1,1,0,304.0
10110027MONTEIROH_2025-11-13_G22,10110027MONTEIROH,2025-11-13,111650,1,2,0,34.0
10110027MONTEIROH_2025-11-13_G23,10110027MONTEIROH,2025-11-13,117853,1,2,0,257.0
10110027MONTEIROH_2025-11-13_G24,10110027MONTEIROH,2025-11-13,117862,1,4,0,640.0
10110027MONTEIROH_2025-11-13_G25,10110027MONTEIROH,2025-11-13,140923,1,2,0,149.0
10110027MONTEIROH_2025-11-13_G26,10110027MONTEIROH,2025-11-13,111467,1,4,0,79.0
10110027MONTEIROH_2025-11-13_G27,10110027MONTEIROH,2025-11-13,111602,1,4,0,85.0
10110027MONTEIROH_2025-11-13_G28,10110027MONTEIROH,2025-11-13,117862,1,4,0,86.0
10110027MONTEIROH_2025-11-13_G29,10110027MONTEIROH,2025-11-13,118094,1,2,0,145.0
10110027MONTEIROH_2025-11-13_G30,10110027MONTEIROH,2025-11-13,141202,1,72,0,1108.0
10110027MONTEIROH_2025-11-13_G31,10110027MONTEIROH,2025-11-13,110313,1,12,0,413.0
10110027MONTEIROH_2025-11-13_G32,10110027MONTEIROH,2025-11-13,141202,1,8,0,168.0
10110027MONTEIROH_2025-11-13_G33,10110027MONTEIROH,2025-11-13,118140,1,4,0,96.0
10110027MONTEIROH_2025-11-13_G34,10110027MONTEIROH,2025-11-13,108711,1,10,0,133.0
10110027MONTEIROH_2025-11-13_G35,10110027MONTEIROH,2025-11-13,110733,1,4,0,121.0
10110027MONTEIROH_2025-11-13_G36,10110027MONTEIROH,2025-11-13,118140,1,4,0,196.0
10110027MONTEIROH_2025-11-13_G37,10110027MONTEIROH,2025-11-13,111441,1,12,0,2131.0
10110027MONTEIROH_2025-11-13_G38,10110027MONTEIROH,2025-11-13,111447,1,4,0,63.0
10110027MONTEIROH_2025-11-13_G39,10110027MONTEIROH,2025-11-13,109933,1,1,0,101.0
10110027MONTEIROH_2025-11-13_G40,10110027MONTEIROH,2025-11-13,108759,1,8,0,145.0
10110027MONTEIROH_2025-11-13_G41,10110027MONTEIROH,2025-11-13,111569,1,19,0,391.0
10110027MONTEIROH_2025-11-13_G42,10110027MONTEIROH,2025-11-13,141916,1,4,0,1294.0
10110027MONTEIROH_2025-11-13_G43,10110027MONTEIROH,2025-11-13,110747,1,6,0,142.0
10110027MONTEIROH_2025-11-13_G44,10110027MONTEIROH,2025-11-13,110755,1,19,0,482.0
10110027MONTEIROH_2025-11-13_G46,10110027MONTEIROH,2025-11-13,117862,1,4,0,282.0
10110027MONTEIROH_2025-11-13_G47,10110027MONTEIROH,2025-11-13,110787,1,2,0,133.0
10110027MONTEIROH_2025-11-13_G48,10110027MONTEIROH,2025-11-13,141047,1,2,0,71.0
10110027MONTEIROH_2025-11-13_G49,10110027MONTEIROH,2025-11-13,110755,1,2,0,139.0
10110027MONTEIROH_2025-11-13_G50,10110027MONTEIROH,2025-11-13,108759,1,2,0,151.0
10110027MONTEIROH_2025-11-13_G51,10110027MONTEIROH,2025-11-13,110787,1,2,0,124.0
10110027MONTEIROH_2025-11-13_G52,10110027MONTEIROH,2025-11-13,117821,1,1,0,237.0
10110027MONTEIROH_2025-11-13_G53,10110027MONTEIROH,2025-11-13,117831,1,20,0,134.0
10110027MONTEIROH_2025-11-13_G54,10110027MONTEIROH,2025-11-13,110745,1,1,0,66.0
10110027MONTEIROH_2025-11-13_G55,10110027MONTEIROH,2025-11-13,140922,1,8,0,224.0
10110027MONTEIROH_2025-11-13_G56,10110027MONTEIROH,2025-11-13,111348,1,3,0,59.0
10110027MONTEIROH_2025-11-13_G57,10110027MONTEIROH,2025-11-13,118140,1,20,0,162.0
10110027MONTEIROH_2025-11-13_G58,10110027MONTEIROH,2025-11-13,108711,1,3,0,60.0
10110027MONTEIROH_2025-11-13_G59,10110027MONTEIROH,2025-11-13,117833,1,20,0,175.0
10110027MONTEIROH_2025-11-13_G60,10110027MONTEIROH,2025-11-13,141823,1,4,0,144.0
10110027MONTEIROH_2025-11-13_G61,10110027MONTEIROH,2025-11-13,117809,1,16,0,870.0
10110027MONTEIROH_2025-11-13_G62,10110027MONTEIROH,2025-11-13,110375,1,9,0,145.0
10110027MONTEIROH_2025-11-13_G63,10110027MONTEIROH,2025-11-13,111465,1,12,0,335.0
10110027MONTEIROH_2025-11-13_G64,10110027MONTEIROH,2025-11-13,110743,1,10,0,719.0
10110027MONTEIROH_2025-11-13_G65,10110027MONTEIROH,2025-11-13,111172,1,4,0,862.0
10110027MONTEIROH_2025-11-13_G66,10110027MONTEIROH,2025-11-13,110740,1,16,0,142.0
10110027MONTEIROH_2025-11-13_G67,10110027MONTEIROH,2025-11-13,118317,1,18,0,393.0
10110027MONTEIROH_2025-11-14_G02,10110027MONTEIROH,2025-11-14,110755,1,21,0,445.0
10110027MONTEIROH_2025-11-14_G03,10110027MONTEIROH,2025-11-14,117820,1,36,0,842.0
10110027MONTEIROH_2025-11-14_G04,10110027MONTEIROH,2025-11-14,110372,1,6,0,136.0
10110027MONTEIROH_2025-11-14_G05,10110027MONTEIROH,2025-11-14,117808,2,22,25,163.0
10110027MONTEIROH_2025-11-14_G06,10110027MONTEIROH,2025-11-14,110373,1,18,0,161.0
10110027MONTEIROH_2025-11-14_G07,10110027MONTEIROH,2025-11-14,110373,1,38,0,430.0
10110027MONTEIROH_2025-11-14_G08,10110027MONTEIROH,2025-11-14,110787,1,5,0,519.0
10110027MONTEIROH_2025-11-14_G09,10110027MONTEIROH,2025-11-14,140922,1,4,0,129.0
10110027MONTEIROH_2025-11-14_G10,10110027MONTEIROH,2025-11-14,118140,1,4,0,146.0
10110027MONTEIROH_2025-11-14_G11,10110027MONTEIROH,2025-11-14,108711,1,4,0,110.0
10110027MONTEIROH_2025-11-14_G12,10110027MONTEIROH,2025-11-14,105705,1,8,0,273.0
10110027MONTEIROH_2025-11-14_G13,10110027MONTEIROH,2025-11-14,111330,1,8,0,164.0
10110027MONTEIROH_2025-11-14_G14,10110027MONTEIROH,2025-11-14,110313,1,4,0,1650.0
10110027MONTEIROH_2025-11-14_G15,10110027MONTEIROH,2025-11-14,140923,1,5,0,172.0
10110027MONTEIROH_2025-11-14_G16,10110027MONTEIROH,2025-11-14,117820,1,4,0,171.0
10110027MONTEIROH_2025-11-14_G17,10110027MONTEIROH,2025-11-14,141456,1,2,0,143.0
10110027MONTEIROH_2025-11-14_G18,10110027MONTEIROH,2025-11-14,118140,1,6,0,98.0
10110027MONTEIROH_2025-11-14_G19,10110027MONTEIROH,2025-11-14,111465,1,2,0,191.0
10110027MONTEIROH_2025-11-14_G20,10110027MONTEIROH,2025-11-14,117820,1,11,0,235.0
10110027MONTEIROH_2025-11-14_G21,10110027MONTEIROH,2025-11-14,117832,1,10,0,451.0
10110027MONTEIROH_2025-11-14_G22,10110027MONTEIROH,2025-11-14,110374,1,10,0,491.0
10110027MONTEIROH_2025-11-14_G23,10110027MONTEIROH,2025-11-14,117820,1,12,0,102.0
10110027MONTEIROH_2025-11-14_G24,10110027MONTEIROH,2025-11-14,118299,1,4,0,124.0
10110027MONTEIROH_2025-11-14_G25,10110027MONTEIROH,2025-11-14,141202,1,4,0,87.0
10110027MONTEIROH_2025-11-14_G26,10110027MONTEIROH,2025-11-14,109647,1,4,0,174.0
10110027MONTEIROH_2025-11-14_G27,10110027MONTEIROH,2025-11-14,140923,1,12,0,743.0
10110027MONTEIROH_2025-11-14_G28,10110027MONTEIROH,2025-11-14,117854,1,3,0,155.0
10110027MONTEIROH_2025-11-14_G29,10110027MONTEIROH,2025-11-14,117854,1,1,0,59.0
10110027MONTEIROH_2025-11-14_G30,10110027MONTEIROH,2025-11-14,140922,1,8,0,164.0
10110027MONTEIROH_2025-11-14_G31,10110027MONTEIROH,2025-11-14,140922,1,4,0,37.0
10110027MONTEIROH_2025-11-14_G32,10110027MONTEIROH,2025-11-14,111469,1,12,0,171.0
10110027MONTEIROH_2025-11-14_G33,10110027MONTEIROH,2025-11-14,111469,1,6,0,63.0
10110027MONTEIROH_2025-11-14_G34,10110027MONTEIROH,2025-11-14,111469,1,4,0,278.0
10110027MONTEIROH_2025-11-14_G35,10110027MONTEIROH,2025-11-14,111466,1,10,0,437.0
10110027MONTEIROH_2025-11-14_G36,10110027MONTEIROH,2025-11-14,105705,1,4,0,1979.0
10110027MONTEIROH_2025-11-14_G37,10110027MONTEIROH,2025-11-14,111433,1,2,0,54.0
10110027MONTEIROH_2025-11-14_G38,10110027MONTEIROH,2025-11-14,109645,1,6,0,95.0
10110027MONTEIROH_2025-11-14_G39,10110027MONTEIROH,2025-11-14,111330,1,5,0,123.0
10110027MONTEIROH_2025-11-14_G40,10110027MONTEIROH,2025-11-14,110740,1,1,0,80.0
10110027MONTEIROH_2025-11-14_G41,10110027MONTEIROH,2025-11-14,117838,1,8,0,98.0
10110027MONTEIROH_2025-11-14_G42,10110027MONTEIROH,2025-11-14,111348,1,4,0,78.0
10110027MONTEIROH_2025-11-14_G43,10110027MONTEIROH,2025-11-14,110787,1,16,0,120.0
10110027MONTEIROH_2025-11-14_G44,10110027MONTEIROH,2025-11-14,111435,1,8,0,84.0
10110027MONTEIROH_2025-11-14_G45,10110027MONTEIROH,2025-11-14,111418,1,1,0,54.0
10110027MONTEIROH_2025-11-14_G46,10110027MONTEIROH,2025-11-14,111431,1,12,0,810.0
10110027MONTEIROH_2025-11-14_G47,10110027MONTEIROH,2025-11-14,110743,1,12,0,108.0
10110027MONTEIROH_2025-11-14_G48,10110027MONTEIROH,2025-11-14,117842,1,4,0,242.0
10110027MONTEIROH_2025-11-14_G49,10110027MONTEIROH,2025-11-14,111468,1,4,0,91.0
10110027MONTEIROH_2025-11-14_G50,10110027MONTEIROH,2025-11-14,111466,1,3,0,74.0
10110027MONTEIROH_2025-11-14_G51,10110027MONTEIROH,2025-11-14,117833,1,4,0,116.0
10110027MONTEIROH_2025-11-14_G52,10110027MONTEIROH,2025-11-14,118140,1,5,0,133.0
10110027MONTEIROH_2025-11-14_G53,10110027MONTEIROH,2025-11-14,111465,1,3,0,83.0
10110027MONTEIROH_2025-11-14_G54,10110027MONTEIROH,2025-11-14,140922,1,50,0,1304.0
10110027MONTEIROH_2025-11-14_G55,10110027MONTEIROH,2025-11-14,116241,1,20,0,497.0
10110027MONTEIROH_2025-11-14_G57,10110027MONTEIROH,2025-11-14,141271,1,32,0,283.0
10110027MONTEIROH_2025-11-14_G58,10110027MONTEIROH,2025-11-14,141249,1,2,0,329.0
10110027MONTEIROH_2025-11-14_G59,10110027MONTEIROH,2025-11-14,117835,1,2,0,57.0
10110027MONTEIROH_2025-11-14_G60,10110027MONTEIROH,2025-11-14,111430,1,12,0,370.0
10110027MONTEIROH_2025-11-14_G61,10110027MONTEIROH,2025-11-14,111447,1,4,0,67.0
10110027MONTEIROH_2025-11-14_G62,10110027MONTEIROH,2025-11-14,110746,1,4,0,101.0
10110027MONTEIROH_2025-11-14_G63,10110027MONTEIROH,2025-11-14,117836,1,4,0,156.0
10110027MONTEIROH_2025-11-14_G64,10110027MONTEIROH,2025-11-14,110755,1,2,0,88.0
10110027MONTEIROH_2025-11-14_G65,10110027MONTEIROH,2025-11-14,111445,1,4,0,87.0
10110027MONTEIROH_2025-11-14_G66,10110027MONTEIROH,2025-11-14,118224,1,7,0,467.0
10110027MONTEIROH_2025-11-14_G67,10110027MONTEIROH,2025-11-14,111569,1,20,0,161.0
10110027MONTEIROH_2025-11-14_G68,10110027MONTEIROH,2025-11-14,110714,1,4,0,381.0
10110027MONTEIROH_2025-11-14_G69,10110027MONTEIROH,2025-11-14,110747,1,16,0,348.0
10110027MONTEIROH_2025-11-14_G70,10110027MONTEIROH,2025-11-14,111660,1,4,0,146.0
10110027MONTEIROH_2025-11-14_G71,10110027MONTEIROH,2025-11-14,118222,1,40,0,77.0
10110027MONTEIROH_2025-11-14_G72,10110027MONTEIROH,2025-11-14,108711,1,11,0,1626.0
10110027MONTEIROH_2025-11-14_G73,10110027MONTEIROH,2025-11-14,109641,1,15,0,248.0
10110027MONTEIROH_2025-11-14_G74,10110027MONTEIROH,2025-11-14,117831,1,50,0,1379.0
10110027MONTEIROH_2025-11-14_G75,10110027MONTEIROH,2025-11-14,141458,1,43,0,452.0
10110027MONTEIROH_2025-11-14_G76,10110027MONTEIROH,2025-11-14,118317,1,25,0,263.0
10110027MONTEIROH_2025-11-15_G02,10110027MONTEIROH,2025-11-15,110373,1,32,0,292.0
10110027MONTEIROH_2025-11-15_G03,10110027MONTEIROH,2025-11-15,118140,1,16,0,1849.0
10110027MONTEIROH_2025-11-15_G04,10110027MONTEIROH,2025-11-15,111743,1,1,0,52.0
10110027MONTEIROH_2025-11-15_G05,10110027MONTEIROH,2025-11-15,141458,1,13,0,275.0
10110027MONTEIROH_2025-11-15_G06,10110027MONTEIROH,2025-11-15,111465,1,2,0,49.0
10110027MONTEIROH_2025-11-15_G07,10110027MONTEIROH,2025-11-15,111465,1,2,0,33.0
10110027MONTEIROH_2025-11-15_G08,10110027MONTEIROH,2025-11-15,116241,1,8,0,365.0
10110027MONTEIROH_2025-11-15_G09,10110027MONTEIROH,2025-11-15,109641,1,6,0,128.0
10110027MONTEIROH_2025-11-15_G10,10110027MONTEIROH,2025-11-15,141458,1,4,0,119.0
10110027MONTEIROH_2025-11-15_G11,10110027MONTEIROH,2025-11-15,118140,1,7,0,86.0
10110027MONTEIROH_2025-11-15_G12,10110027MONTEIROH,2025-11-15,141458,1,2,0,67.0
10110027MONTEIROH_2025-11-15_G13,10110027MONTEIROH,2025-11-15,110895,1,10,0,826.0
10110027MONTEIROH_2025-11-15_G14,10110027MONTEIROH,2025-11-15,118222,1,7,0,126.0
10110027MONTEIROH_2025-11-15_G15,10110027MONTEIROH,2025-11-15,109640,1,20,0,220.0
10110027MONTEIROH_2025-11-15_G16,10110027MONTEIROH,2025-11-15,110313,1,3,0,141.0
10110027MONTEIROH_2025-11-15_G17,10110027MONTEIROH,2025-11-15,110733,1,25,0,484.0
10110027MONTEIROH_2025-11-15_G18,10110027MONTEIROH,2025-11-15,108711,1,1,0,90.0
10110027MONTEIROH_2025-11-15_G19,10110027MONTEIROH,2025-11-15,141457,1,5,0,110.0
10110027MONTEIROH_2025-11-15_G20,10110027MONTEIROH,2025-11-15,111462,1,2,0,253.0
10110027MONTEIROH_2025-11-15_G21,10110027MONTEIROH,2025-11-15,141823,1,21,0,157.0
10110027MONTEIROH_2025-11-15_G22,10110027MONTEIROH,2025-11-15,110787,1,5,0,149.0
10110027MONTEIROH_2025-11-15_G23,10110027MONTEIROH,2025-11-15,105705,1,3,0,229.0
10110027MONTEIROH_2025-11-15_G24,10110027MONTEIROH,2025-11-15,110372,1,57,0,604.0
10110027MONTEIROH_2025-11-15_G25,10110027MONTEIROH,2025-11-15,118299,1,12,0,178.0
10110027MONTEIROH_2025-11-15_G26,10110027MONTEIROH,2025-11-15,117832,1,3,0,71.0
10110027MONTEIROH_2025-11-15_G27,10110027MONTEIROH,2025-11-15,110373,1,12,0,139.0
10110027MONTEIROH_2025-11-15_G28,10110027MONTEIROH,2025-11-15,117820,1,4,0,507.0
10110027MONTEIROH_2025-11-15_G29,10110027MONTEIROH,2025-11-15,110741,1,15,0,405.0
10110027MONTEIROH_2025-11-15_G30,10110027MONTEIROH,2025-11-15,140923,1,9,0,464.0
10110027MONTEIROH_2025-11-15_G31,10110027MONTEIROH,2025-11-15,118094,1,4,0,95.0
10110027MONTEIROH_2025-11-15_G32,10110027MONTEIROH,2025-11-15,111441,1,10,0,204.0
10110027MONTEIROH_2025-11-15_G33,10110027MONTEIROH,2025-11-15,118306,1,4,0,67.0
10110027MONTEIROH_2025-11-15_G34,10110027MONTEIROH,2025-11-15,111569,1,126,0,1680.0
10110027MONTEIROH_2025-11-15_G35,10110027MONTEIROH,2025-11-15,109640,1,66,0,919.0
10110027MONTEIROH_2025-11-15_G36,10110027MONTEIROH,2025-11-15,118094,1,6,0,1219.0
10110027MONTEIROH_2025-11-15_G37,10110027MONTEIROH,2025-11-15,109647,1,4,0,476.0
10110027MONTEIROH_2025-11-15_G38,10110027MONTEIROH,2025-11-15,117861,1,2,0,75.0
10110027MONTEIROH_2025-11-15_G39,10110027MONTEIROH,2025-11-15,117856,1,4,0,97.0
10110027MONTEIROH_2025-11-15_G40,10110027MONTEIROH,2025-11-15,109640,1,8,0,120.0
10110027MONTEIROH_2025-11-15_G41,10110027MONTEIROH,2025-11-15,117830,1,6,0,87.0
10110027MONTEIROH_2025-11-15_G42,10110027MONTEIROH,2025-11-15,160052,1,1,0,101.0
10110027MONTEIROH_2025-11-15_G43,10110027MONTEIROH,2025-11-15,110375,1,2,0,87.0
10110027MONTEIROH_2025-11-15_G44,10110027MONTEIROH,2025-11-15,160051,1,2,0,37.0
10110027MONTEIROH_2025-11-15_G46,10110027MONTEIROH,2025-11-15,109640,1,1,0,346.0
10110027MONTEIROH_2025-11-15_G47,10110027MONTEIROH,2025-11-15,108711,1,5,0,1198.0
10110027MONTEIROH_2025-11-15_G48,10110027MONTEIROH,2025-11-15,110741,1,4,0,157.0
10110027MONTEIROH_2025-11-15_G49,10110027MONTEIROH,2025-11-15,118222,1,8,0,258.0
10110027MONTEIROH_2025-11-15_G50,10110027MONTEIROH,2025-11-15,111442,1,4,0,123.0
10110027MONTEIROH_2025-11-15_G51,10110027MONTEIROH,2025-11-15,110313,1,12,0,197.0
10110027MONTEIROH_2025-11-17_G02,10110027MONTEIROH,2025-11-17,111330,1,12,0,478.0
10110027MONTEIROH_2025-11-17_G03,10110027MONTEIROH,2025-11-17,110740,1,10,0,154.0
10110027MONTEIROH_2025-11-17_G04,10110027MONTEIROH,2025-11-17,117838,1,10,0,327.0
10110027MONTEIROH_2025-11-17_G05,10110027MONTEIROH,2025-11-17,140922,1,20,0,146.0
10110027MONTEIROH_2025-11-17_G06,10110027MONTEIROH,2025-11-17,111348,1,1,0,45.0
10110027MONTEIROH_2025-11-17_G07,10110027MONTEIROH,2025-11-17,110787,1,22,0,190.0
10110027MONTEIROH_2025-11-17_G08,10110027MONTEIROH,2025-11-17,110787,1,20,0,165.0
10110027MONTEIROH_2025-11-17_G09,10110027MONTEIROH,2025-11-17,108798,1,20,0,482.0
10110027MONTEIROH_2025-11-17_G10,10110027MONTEIROH,2025-11-17,111418,1,8,0,127.0
10110027MONTEIROH_2025-11-17_G11,10110027MONTEIROH,2025-11-17,110743,1,5,0,140.0
10110027MONTEIROH_2025-11-17_G12,10110027MONTEIROH,2025-11-17,111418,1,1,0,3030.0
10110027MONTEIROH_2025-11-17_G13,10110027MONTEIROH,2025-11-17,109640,1,4,0,80.0
10110027MONTEIROH_2025-11-17_G14,10110027MONTEIROH,2025-11-17,110787,1,2,0,91.0
10110027MONTEIROH_2025-11-17_G15,10110027MONTEIROH,2025-11-17,110313,1,8,0,155.0
10110027MONTEIROH_2025-11-17_G16,10110027MONTEIROH,2025-11-17,111418,1,18,0,184.0
10110027MONTEIROH_2025-11-17_G17,10110027MONTEIROH,2025-11-17,118317,1,2,0,100.0
10110027MONTEIROH_2025-11-17_G18,10110027MONTEIROH,2025-11-17,118094,1,2,0,151.0
10110027MONTEIROH_2025-11-17_G19,10110027MONTEIROH,2025-11-17,118222,1,8,0,347.0
10110027MONTEIROH_2025-11-17_G20,10110027MONTEIROH,2025-11-17,141047,1,2,0,134.0
10110027MONTEIROH_2025-11-17_G21,10110027MONTEIROH,2025-11-17,110313,1,1,0,48.0
10110027MONTEIROH_2025-11-17_G22,10110027MONTEIROH,2025-11-17,110374,1,3,0,150.0
10110027MONTEIROH_2025-11-17_G23,10110027MONTEIROH,2025-11-17,117820,1,11,0,172.0
10110027MONTEIROH_2025-11-17_G24,10110027MONTEIROH,2025-11-17,118094,1,2,0,129.0
10110027MONTEIROH_2025-11-17_G26,10110027MONTEIROH,2025-11-17,122962,1,8,0,423.0
10110027MONTEIROH_2025-11-17_G27,10110027MONTEIROH,2025-11-17,"124486, 123344",2,61,24,755.0
10110027MONTEIROH_2025-11-17_G28,10110027MONTEIROH,2025-11-17,121760,1,20,0,1685.0
10110027MONTEIROH_2025-11-17_G29,10110027MONTEIROH,2025-11-17,123343,1,2,0,775.0
10110027MONTEIROH_2025-11-17_G31,10110027MONTEIROH,2025-11-17,120028,1,8,0,306.0
10110027MONTEIROH_2025-11-17_G32,10110027MONTEIROH,2025-11-17,124370,1,6,0,164.0
10110027MONTEIROH_2025-11-17_G33,10110027MONTEIROH,2025-11-17,122962,1,34,0,937.0
10110027MONTEIROH_2025-11-17_G34,10110027MONTEIROH,2025-11-17,123909,1,10,0,608.0
10110027MONTEIROH_2025-11-17_G35,10110027MONTEIROH,2025-11-17,124371,1,10,0,2535.0
10110027MONTEIROH_2025-11-17_G36,10110027MONTEIROH,2025-11-17,124371,1,4,0,336.0
10110027MONTEIROH_2025-11-17_G37,10110027MONTEIROH,2025-11-17,124486,1,20,0,1090.0
10110027MONTEIROH_2025-11-17_G38,10110027MONTEIROH,2025-11-17,124486,1,10,0,129.0
10110027MONTEIROH_2025-11-17_G39,10110027MONTEIROH,2025-11-17,124370,1,14,0,530.0
10110027MONTEIROH_2025-11-17_G40,10110027MONTEIROH,2025-11-17,121760,1,23,0,99.0
10110027MONTEIROH_2025-11-18_G02,10110027MONTEIROH,2025-11-18,117787,1,33,0,508.0
10110027MONTEIROH_2025-11-18_G03,10110027MONTEIROH,2025-11-18,118317,1,25,0,192.0
10110027MONTEIROH_2025-11-18_G04,10110027MONTEIROH,2025-11-18,117785,1,42,0,562.0
10110027MONTEIROH_2025-11-18_G05,10110027MONTEIROH,2025-11-18,141458,1,43,0,961.0
10110027MONTEIROH_2025-11-18_G06,10110027MONTEIROH,2025-11-18,141456,1,72,0,860.0
10110027MONTEIROH_2025-11-19_G02,10110027MONTEIROH,2025-11-19,111433,1,10,0,252.0
10110027MONTEIROH_2025-11-19_G03,10110027MONTEIROH,2025-11-19,117820,1,4,0,78.0
10110027MONTEIROH_2025-11-19_G04,10110027MONTEIROH,2025-11-19,110372,1,4,0,128.0
10110027MONTEIROH_2025-11-19_G05,10110027MONTEIROH,2025-11-19,110373,1,12,0,140.0
10110027MONTEIROH_2025-11-19_G06,10110027MONTEIROH,2025-11-19,111569,1,8,0,308.0
10110027MONTEIROH_2025-11-19_G07,10110027MONTEIROH,2025-11-19,117821,1,14,0,98.0
10110027MONTEIROH_2025-11-19_G08,10110027MONTEIROH,2025-11-19,117785,1,16,0,476.0
10110027MONTEIROH_2025-11-19_G09,10110027MONTEIROH,2025-11-19,140922,1,2,0,117.0
10110027MONTEIROH_2025-11-19_G10,10110027MONTEIROH,2025-11-19,117821,1,16,0,221.0
10110027MONTEIROH_2025-11-19_G11,10110027MONTEIROH,2025-11-19,110372,1,10,0,138.0
10110027MONTEIROH_2025-11-19_G12,10110027MONTEIROH,2025-11-19,117808,1,40,0,432.0
10110027MONTEIROH_2025-11-19_G13,10110027MONTEIROH,2025-11-19,140923,1,8,0,394.0
10110027MONTEIROH_2025-11-19_G14,10110027MONTEIROH,2025-11-19,117935,1,4,0,128.0
10110027MONTEIROH_2025-11-19_G15,10110027MONTEIROH,2025-11-19,118094,1,1,0,129.0
10110027MONTEIROH_2025-11-19_G16,10110027MONTEIROH,2025-11-19,111182,1,4,0,285.0
10110027MONTEIROH_2025-11-19_G17,10110027MONTEIROH,2025-11-19,141456,1,4,0,181.0
10110027MONTEIROH_2025-11-19_G18,10110027MONTEIROH,2025-11-19,117820,1,4,0,208.0
10110027MONTEIROH_2025-11-19_G19,10110027MONTEIROH,2025-11-19,110755,1,4,0,376.0
10110027MONTEIROH_2025-11-19_G20,10110027MONTEIROH,2025-11-19,141202,1,1,0,184.0
10110027MONTEIROH_2025-11-19_G21,10110027MONTEIROH,2025-11-19,117787,1,1,0,86.0
10110027MONTEIROH_2025-11-19_G22,10110027MONTEIROH,2025-11-19,111532,1,4,0,292.0
10110027MONTEIROH_2025-11-19_G23,10110027MONTEIROH,2025-11-19,109640,1,3,0,172.0
10110027MONTEIROH_2025-11-19_G24,10110027MONTEIROH,2025-11-19,117862,1,4,0,135.0
10110027MONTEIROH_2025-11-19_G25,10110027MONTEIROH,2025-11-19,111182,1,2,0,148.0
10110027MONTEIROH_2025-11-19_G26,10110027MONTEIROH,2025-11-19,110745,1,8,0,214.0
10110027MONTEIROH_2025-11-19_G27,10110027MONTEIROH,2025-11-19,117833,1,16,0,186.0
10110027MONTEIROH_2025-11-19_G28,10110027MONTEIROH,2025-11-19,118140,1,3,0,116.0
10110027MONTEIROH_2025-11-19_G29,10110027MONTEIROH,2025-11-19,141458,1,2,0,67.0
10110027MONTEIROH_2025-11-19_G30,10110027MONTEIROH,2025-11-19,110371,1,16,0,271.0
10110027MONTEIROH_2025-11-19_G31,10110027MONTEIROH,2025-11-19,110740,1,3,0,1296.0
10110027MONTEIROH_2025-11-19_G32,10110027MONTEIROH,2025-11-19,110745,1,3,0,58.0
10110027MONTEIROH_2025-11-19_G33,10110027MONTEIROH,2025-11-19,111444,1,2,0,97.0
10110027MONTEIROH_2025-11-19_G34,10110027MONTEIROH,2025-11-19,117785,1,1,0,67.0
10110027MONTEIROH_2025-11-19_G35,10110027MONTEIROH,2025-11-19,160053,1,4,0,178.0
10110027MONTEIROH_2025-11-19_G36,10110027MONTEIROH,2025-11-19,117785,1,3,0,108.0
10110027MONTEIROH_2025-11-19_G37,10110027MONTEIROH,2025-11-19,110751,1,2,0,132.0
10110027MONTEIROH_2025-11-19_G38,10110027MONTEIROH,2025-11-19,117808,1,60,0,642.0
10110027MONTEIROH_2025-11-19_G39,10110027MONTEIROH,2025-11-19,160054,1,2,0,338.0
10110027MONTEIROH_2025-11-19_G40,10110027MONTEIROH,2025-11-19,160051,1,2,0,136.0
10110027MONTEIROH_2025-11-19_G41,10110027MONTEIROH,2025-11-19,111182,1,4,0,128.0
10110027MONTEIROH_2025-11-19_G42,10110027MONTEIROH,2025-11-19,117808,1,60,0,359.0
10110027MONTEIROH_2025-11-19_G43,10110027MONTEIROH,2025-11-19,141458,1,2,0,153.0
10110027MONTEIROH_2025-11-19_G44,10110027MONTEIROH,2025-11-19,111430,1,4,0,110.0
10110027MONTEIROH_2025-11-19_G45,10110027MONTEIROH,2025-11-19,110371,1,4,0,409.0
10110027MONTEIROH_2025-11-19_G46,10110027MONTEIROH,2025-11-19,117808,1,40,0,473.0
10110027MONTEIROH_2025-11-19_G47,10110027MONTEIROH,2025-11-19,107629,1,4,0,99.0
10110027MONTEIROH_2025-11-19_G48,10110027MONTEIROH,2025-11-19,117820,1,250,0,1280.0
10110027MONTEIROH_2025-11-19_G49,10110027MONTEIROH,2025-11-19,117830,1,30,0,763.0
10110027MONTEIROH_2025-11-19_G50,10110027MONTEIROH,2025-11-19,110375,1,22,0,183.0
10110027MONTEIROH_2025-11-19_G51,10110027MONTEIROH,2025-11-19,117832,1,13,0,317.0
10110027MONTEIROH_2025-11-19_G52,10110027MONTEIROH,2025-11-19,117832,1,20,0,204.0
10110027MONTEIROH_2025-11-19_G53,10110027MONTEIROH,2025-11-19,110373,1,16,0,240.0
10110027MONTEIROH_2025-11-19_G54,10110027MONTEIROH,2025-11-19,141202,1,12,0,91.0
10110027MONTEIROH_2025-11-19_G55,10110027MONTEIROH,2025-11-19,118271,1,2,0,117.0
10110027MONTEIROH_2025-11-19_G56,10110027MONTEIROH,2025-11-19,118271,1,14,0,73.0
10110027MONTEIROH_2025-11-19_G57,10110027MONTEIROH,2025-11-19,110374,1,30,0,238.0
10110027MONTEIROH_2025-11-19_G58,10110027MONTEIROH,2025-11-19,117809,1,20,0,209.0
10110027MONTEIROH_2025-11-19_G59,10110027MONTEIROH,2025-11-19,118281,2,70,18,633.0
10110027MONTEIROH_2025-11-19_G60,10110027MONTEIROH,2025-11-19,117809,1,50,0,406.0
10110027MONTEIROH_2025-11-19_G61,10110027MONTEIROH,2025-11-19,117809,1,60,0,88.0
10110027MONTEIROH_2025-11-19_G62,10110027MONTEIROH,2025-11-19,117820,1,50,0,545.0
10110027MONTEIROH_2025-11-19_G64,10110027MONTEIROH,2025-11-19,118417,1,4,0,422.0
10110027MONTEIROH_2025-11-19_G65,10110027MONTEIROH,2025-11-19,118222,1,12,0,147.0
10110027MONTEIROH_2025-11-19_G66,10110027MONTEIROH,2025-11-19,111850,1,10,0,128.0
10110027MONTEIROH_2025-11-19_G67,10110027MONTEIROH,2025-11-19,118326,1,12,0,435.0
10110027MONTEIROH_2025-11-19_G68,10110027MONTEIROH,2025-11-19,117787,1,10,0,75.0
10110027MONTEIROH_2025-11-19_G69,10110027MONTEIROH,2025-11-19,108711,1,10,0,705.0
10110027MONTEIROH_2025-11-19_G70,10110027MONTEIROH,2025-11-19,111743,1,17,0,237.0
10110027MONTEIROH_2025-11-19_G71,10110027MONTEIROH,2025-11-19,117821,1,20,0,388.0
10110027MONTEIROH_2025-11-19_G72,10110027MONTEIROH,2025-11-19,111743,1,26,0,1407.0
10110027MONTEIROH_2025-11-19_G73,10110027MONTEIROH,2025-11-19,108795,1,12,0,115.0
10110027MONTEIROH_2025-11-19_G74,10110027MONTEIROH,2025-11-19,111435,1,15,0,224.0
10110027MONTEIROH_2025-11-19_G75,10110027MONTEIROH,2025-11-19,110740,1,16,0,300.0
10110027MONTEIROH_2025-11-19_G76,10110027MONTEIROH,2025-11-19,110740,1,15,0,108.0
10110027MONTEIROH_2025-11-19_G77,10110027MONTEIROH,2025-11-19,141271,1,20,0,186.0
10110027MONTEIROH_2025-11-19_G78,10110027MONTEIROH,2025-11-19,111465,1,20,0,181.0
10110027MONTEIROH_2025-11-19_G79,10110027MONTEIROH,2025-11-19,118317,2,8,17,614.0
10110027MONTEIROH_2025-11-19_G80,10110027MONTEIROH,2025-11-19,111418,1,60,0,425.0
10110027MONTEIROH_2025-11-19_G81,10110027MONTEIROH,2025-11-19,118140,1,71,0,319.0
10110027MONTEIROH_2025-11-19_G82,10110027MONTEIROH,2025-11-19,111430,1,12,0,341.0
10110027MONTEIROH_2025-11-19_G83,10110027MONTEIROH,2025-11-19,141916,1,8,0,179.0
10110027MONTEIROH_2025-11-19_G84,10110027MONTEIROH,2025-11-19,118222,1,11,0,107.0
10110027MONTEIROH_2025-11-19_G85,10110027MONTEIROH,2025-11-19,107892,1,4,0,60.0
10110027MONTEIROH_2025-11-21_G02,10110027MONTEIROH,2025-11-21,117797,1,20,0,467.0
10110027MONTEIROH_2025-11-21_G03,10110027MONTEIROH,2025-11-21,117861,1,9,0,124.0
10110027MONTEIROH_2025-11-21_G04,10110027MONTEIROH,2025-11-21,118322,1,8,0,76.0
10110027MONTEIROH_2025-11-21_G05,10110027MONTEIROH,2025-11-21,117786,1,47,0,2150.0
10110027MONTEIROH_2025-11-21_G06,10110027MONTEIROH,2025-11-21,160054,1,2,0,1264.0
10110027MONTEIROH_2025-11-21_G07,10110027MONTEIROH,2025-11-21,117809,2,11,21,119.0
10110027MONTEIROH_2025-11-21_G08,10110027MONTEIROH,2025-11-21,117830,1,13,0,281.0
10110027MONTEIROH_2025-11-21_G09,10110027MONTEIROH,2025-11-21,117830,1,5,0,33.0
10110027MONTEIROH_2025-11-21_G10,10110027MONTEIROH,2025-11-21,160051,1,5,0,89.0
10110027MONTEIROH_2025-11-21_G11,10110027MONTEIROH,2025-11-21,117832,1,10,0,139.0
10110027MONTEIROH_2025-11-21_G12,10110027MONTEIROH,2025-11-21,109643,2,4,18,72.0
10110027MONTEIROH_2025-11-21_G14,10110027MONTEIROH,2025-11-21,110372,1,35,0,233.0
10110027MONTEIROH_2025-11-21_G15,10110027MONTEIROH,2025-11-21,117808,1,77,0,432.0
10110027MONTEIROH_2025-11-21_G16,10110027MONTEIROH,2025-11-21,110373,1,43,0,247.0
10110027MONTEIROH_2025-11-21_G17,10110027MONTEIROH,2025-11-21,118442,1,2,0,493.0
10110027MONTEIROH_2025-11-21_G18,10110027MONTEIROH,2025-11-21,111430,1,1,0,51.0
10110027MONTEIROH_2025-11-21_G19,10110027MONTEIROH,2025-11-21,111430,1,2,0,42.0
10110027MONTEIROH_2025-11-21_G20,10110027MONTEIROH,2025-11-21,110895,1,5,0,118.0
10110027MONTEIROH_2025-11-21_G21,10110027MONTEIROH,2025-11-21,141916,1,8,0,126.0
10110027MONTEIROH_2025-11-21_G22,10110027MONTEIROH,2025-11-21,141318,1,4,0,76.0
10110027MONTEIROH_2025-11-21_G23,10110027MONTEIROH,2025-11-21,118222,1,2,0,144.0
10110027MONTEIROH_2025-11-21_G24,10110027MONTEIROH,2025-11-21,118222,1,5,0,51.0
10110027MONTEIROH_2025-11-21_G25,10110027MONTEIROH,2025-11-21,118222,1,30,0,498.0
10110027MONTEIROH_2025-11-21_G26,10110027MONTEIROH,2025-11-21,118222,1,31,0,686.0
10110027MONTEIROH_2025-11-21_G27,10110027MONTEIROH,2025-11-21,111660,1,2,0,127.0
10110027MONTEIROH_2025-11-21_G28,10110027MONTEIROH,2025-11-21,111569,1,3,0,244.0
10110027MONTEIROH_2025-11-21_G29,10110027MONTEIROH,2025-11-21,117797,1,4,0,641.0
10110027MONTEIROH_2025-11-21_G30,10110027MONTEIROH,2025-11-21,111330,1,3,0,290.0
10110027MONTEIROH_2025-11-21_G31,10110027MONTEIROH,2025-11-21,110371,1,6,0,450.0
10110027MONTEIROH_2025-11-21_G32,10110027MONTEIROH,2025-11-21,111463,1,4,0,354.0
10110027MONTEIROH_2025-11-21_G33,10110027MONTEIROH,2025-11-21,111466,1,5,0,173.0
10110027MONTEIROH_2025-11-21_G34,10110027MONTEIROH,2025-11-21,117855,1,10,0,157.0
10110027MONTEIROH_2025-11-21_G35,10110027MONTEIROH,2025-11-21,117855,1,13,0,202.0
10110027MONTEIROH_2025-11-22_G02,10110027MONTEIROH,2025-11-22,110755,1,1,0,75.0
10110027MONTEIROH_2025-11-22_G03,10110027MONTEIROH,2025-11-22,111793,1,10,0,203.0
10110027MONTEIROH_2025-11-22_G04,10110027MONTEIROH,2025-11-22,110579,1,2,0,105.0
10110027MONTEIROH_2025-11-22_G05,10110027MONTEIROH,2025-11-22,140918,1,2,0,47.0
10110027MONTEIROH_2025-11-22_G06,10110027MONTEIROH,2025-11-22,110582,1,6,0,269.0
10110027MONTEIROH_2025-11-22_G07,10110027MONTEIROH,2025-11-22,140920,1,2,0,265.0
10110027MONTEIROH_2025-11-22_G08,10110027MONTEIROH,2025-11-22,140981,1,2,0,374.0
10110027MONTEIROH_2025-11-22_G09,10110027MONTEIROH,2025-11-22,140919,1,2,0,192.0
10110027MONTEIROH_2025-11-22_G10,10110027MONTEIROH,2025-11-22,118418,1,8,0,386.0
10110027MONTEIROH_2025-11-22_G11,10110027MONTEIROH,2025-11-22,110317,1,1,0,89.0
10110027MONTEIROH_2025-11-22_G12,10110027MONTEIROH,2025-11-22,118269,1,3,0,352.0
10110027MONTEIROH_2025-11-22_G13,10110027MONTEIROH,2025-11-22,114650,1,4,0,81.0
10110027MONTEIROH_2025-11-22_G14,10110027MONTEIROH,2025-11-22,108759,1,16,0,251.0
10110027MONTEIROH_2025-11-22_G15,10110027MONTEIROH,2025-11-22,118442,1,8,0,268.0
10110027MONTEIROH_2025-11-22_G16,10110027MONTEIROH,2025-11-22,105705,2,4,28,646.0
10110027MONTEIROH_2025-11-22_G17,10110027MONTEIROH,2025-11-22,111433,1,2,0,60.0
10110027MONTEIROH_2025-11-22_G18,10110027MONTEIROH,2025-11-22,109645,1,2,0,149.0
10110027MONTEIROH_2025-11-22_G19,10110027MONTEIROH,2025-11-22,111743,1,4,0,149.0
10110027MONTEIROH_2025-11-22_G20,10110027MONTEIROH,2025-11-22,118094,1,7,0,210.0
10110027MONTEIROH_2025-11-22_G21,10110027MONTEIROH,2025-11-22,118094,1,13,0,77.0
10110027MONTEIROH_2025-11-22_G22,10110027MONTEIROH,2025-11-22,117809,1,8,0,93.0
10110027MONTEIROH_2025-11-22_G23,10110027MONTEIROH,2025-11-22,117820,1,6,0,59.0
10110027MONTEIROH_2025-11-22_G24,10110027MONTEIROH,2025-11-22,117830,2,4,25,64.0
10110027MONTEIROH_2025-11-22_G25,10110027MONTEIROH,2025-11-22,110373,1,2,0,46.0
10110027MONTEIROH_2025-11-22_G26,10110027MONTEIROH,2025-11-22,110373,1,1,0,79.0
10110027MONTEIROH_2025-11-22_G27,10110027MONTEIROH,2025-11-22,110375,1,6,0,227.0
10110027MONTEIROH_2025-11-22_G28,10110027MONTEIROH,2025-11-22,117820,1,32,0,989.0
10110027MONTEIROH_2025-11-22_G29,10110027MONTEIROH,2025-11-22,110373,1,38,0,543.0
10110027MONTEIROH_2025-11-22_G30,10110027MONTEIROH,2025-11-22,110373,1,13,0,100.0
10110027MONTEIROH_2025-11-22_G31,10110027MONTEIROH,2025-11-22,117965,1,2,0,127.0
10110027MONTEIROH_2025-11-22_G32,10110027MONTEIROH,2025-11-22,110339,1,2,0,38.0
10110027MONTEIROH_2025-11-22_G33,10110027MONTEIROH,2025-11-22,110339,1,6,0,69.0
10110027MONTEIROH_2025-11-22_G34,10110027MONTEIROH,2025-11-22,110733,1,1,0,752.0
10110027MONTEIROH_2025-11-22_G35,10110027MONTEIROH,2025-11-22,107629,1,4,0,106.0
10110027MONTEIROH_2025-11-22_G36,10110027MONTEIROH,2025-11-22,117786,2,6,29,77.0
10110027MONTEIROH_2025-11-22_G37,10110027MONTEIROH,2025-11-22,140923,1,9,0,105.0
10110027MONTEIROH_2025-11-22_G38,10110027MONTEIROH,2025-11-22,110748,1,3,0,1364.0
10110027MONTEIROH_2025-11-22_G39,10110027MONTEIROH,2025-11-22,105705,1,2,0,115.0
10110027MONTEIROH_2025-11-22_G40,10110027MONTEIROH,2025-11-22,109645,1,2,0,65.0
10110027MONTEIROH_2025-11-22_G41,10110027MONTEIROH,2025-11-22,109645,1,8,0,150.0
10110027MONTEIROH_2025-11-22_G42,10110027MONTEIROH,2025-11-22,111743,1,2,0,62.0
10110027MONTEIROH_2025-11-22_G43,10110027MONTEIROH,2025-11-22,110740,1,4,0,103.0
10110027MONTEIROH_2025-11-22_G44,10110027MONTEIROH,2025-11-22,140922,1,6,0,79.0
10110027MONTEIROH_2025-11-22_G45,10110027MONTEIROH,2025-11-22,118223,1,2,0,93.0
10110027MONTEIROH_2025-11-22_G46,10110027MONTEIROH,2025-11-22,118317,1,5,0,150.0
10110027MONTEIROH_2025-11-22_G47,10110027MONTEIROH,2025-11-22,117785,1,4,0,77.0
10110027MONTEIROH_2025-11-22_G48,10110027MONTEIROH,2025-11-22,111442,1,8,0,78.0
10110027MONTEIROH_2025-11-22_G49,10110027MONTEIROH,2025-11-22,118140,1,4,0,230.0
10110027MONTEIROH_2025-11-22_G50,10110027MONTEIROH,2025-11-22,111444,1,4,0,131.0
10110027MONTEIROH_2025-11-22_G51,10110027MONTEIROH,2025-11-22,117821,1,4,0,91.0
10110027MONTEIROH_2025-11-22_G52,10110027MONTEIROH,2025-11-22,141456,1,2,0,66.0
10110027MONTEIROH_2025-11-22_G53,10110027MONTEIROH,2025-11-22,141458,1,8,0,336.0
10110027MONTEIROH_2025-11-22_G54,10110027MONTEIROH,2025-11-22,111465,1,4,0,103.0
10110027MONTEIROH_2025-11-22_G55,10110027MONTEIROH,2025-11-22,109648,1,2,0,255.0
10110027MONTEIROH_2025-11-22_G56,10110027MONTEIROH,2025-11-22,117820,1,8,0,74.0
10110027MONTEIROH_2025-11-22_G57,10110027MONTEIROH,2025-11-22,110372,1,10,0,197.0
10110027MONTEIROH_2025-11-22_G58,10110027MONTEIROH,2025-11-22,117840,1,2,0,57.0
10110027MONTEIROH_2025-11-22_G59,10110027MONTEIROH,2025-11-22,110373,1,40,0,272.0
10110027MONTEIROH_2025-11-22_G60,10110027MONTEIROH,2025-11-22,118094,1,2,0,355.0
10110027MONTEIROH_2025-11-22_G61,10110027MONTEIROH,2025-11-22,110733,1,3,0,548.0
10110027MONTEIROH_2025-11-22_G62,10110027MONTEIROH,2025-11-22,117853,1,2,0,55.0
10110027MONTEIROH_2025-11-22_G63,10110027MONTEIROH,2025-11-22,117856,1,12,0,146.0
10110027MONTEIROH_2025-11-22_G64,10110027MONTEIROH,2025-11-22,140923,1,5,0,218.0
10110027MONTEIROH_2025-11-22_G65,10110027MONTEIROH,2025-11-22,107629,1,4,0,92.0
10110027MONTEIROH_2025-11-22_G66,10110027MONTEIROH,2025-11-22,110313,1,2,0,69.0
10110027MONTEIROH_2025-11-22_G67,10110027MONTEIROH,2025-11-22,109647,1,4,0,184.0
10110027MONTEIROH_2025-11-22_G68,10110027MONTEIROH,2025-11-22,111467,1,4,0,156.0
10110027MONTEIROH_2025-11-22_G69,10110027MONTEIROH,2025-11-22,117854,1,2,0,120.0
10110027MONTEIROH_2025-11-22_G70,10110027MONTEIROH,2025-11-22,109640,1,4,0,88.0
10110027MONTEIROH_2025-11-22_G72,10110027MONTEIROH,2025-11-22,111441,1,2,0,52.0
10110027MONTEIROH_2025-11-22_G73,10110027MONTEIROH,2025-11-22,111441,1,2,0,60.0
10110027MONTEIROH_2025-11-22_G74,10110027MONTEIROH,2025-11-22,118222,1,4,0,136.0
10110027MONTEIROH_2025-11-22_G75,10110027MONTEIROH,2025-11-22,160054,1,4,0,941.0
10110027MONTEIROH_2025-11-22_G76,10110027MONTEIROH,2025-11-22,117820,1,8,0,107.0
10110027MONTEIROH_2025-11-22_G77,10110027MONTEIROH,2025-11-22,117820,1,8,0,36.0
10110027MONTEIROH_2025-11-22_G78,10110027MONTEIROH,2025-11-22,110373,1,10,0,118.0
10110027MONTEIROH_2025-11-22_G79,10110027MONTEIROH,2025-11-22,110373,1,8,0,99.0
10110027MONTEIROH_2025-11-22_G80,10110027MONTEIROH,2025-11-22,110372,1,10,0,148.0
10110027MONTEIROH_2025-11-22_G81,10110027MONTEIROH,2025-11-22,110372,1,10,0,66.0
10110027MONTEIROH_2025-11-22_G82,10110027MONTEIROH,2025-11-22,117808,1,8,0,93.0
10110027MONTEIROH_2025-11-22_G83,10110027MONTEIROH,2025-11-22,117808,1,30,0,675.0
10110027MONTEIROH_2025-11-22_G84,10110027MONTEIROH,2025-11-22,117835,1,2,0,198.0
10110027MONTEIROH_2025-11-22_G85,10110027MONTEIROH,2025-11-22,111430,1,4,0,74.0
10110027MONTEIROH_2025-11-22_G86,10110027MONTEIROH,2025-11-22,111569,1,5,0,112.0
10110027MONTEIROH_2025-11-22_G87,10110027MONTEIROH,2025-11-22,111569,1,3,0,55.0
10110027MONTEIROH_2025-11-22_G88,10110027MONTEIROH,2025-11-22,111441,1,2,0,33.0
10110027MONTEIROH_2025-11-22_G89,10110027MONTEIROH,2025-11-22,111441,1,2,0,116.0
10110027MONTEIROH_2025-11-22_G90,10110027MONTEIROH,2025-11-22,110755,1,4,0,192.0
10110027MONTEIROH_2025-11-22_G91,10110027MONTEIROH,2025-11-22,118222,1,8,0,186.0
10110027MONTEIROH_2025-11-22_G92,10110027MONTEIROH,2025-11-22,110747,1,4,0,199.0
10110027MONTEIROH_2025-11-22_G93,10110027MONTEIROH,2025-11-22,111660,1,2,0,77.0
10110027MONTEIROH_2025-11-24_G02,10110027MONTEIROH,2025-11-24,117855,1,6,0,497.0
10110027MONTEIROH_2025-11-24_G03,10110027MONTEIROH,2025-11-24,117862,1,8,0,67.0
10110027MONTEIROH_2025-11-24_G04,10110027MONTEIROH,2025-11-24,110372,1,40,0,669.0
10110027MONTEIROH_2025-11-24_G06,10110027MONTEIROH,2025-11-24,117808,1,324,0,1064.0
10110027MONTEIROH_2025-11-24_G07,10110027MONTEIROH,2025-11-24,117808,1,600,0,1318.0
10110027MONTEIROH_2025-11-24_G08,10110027MONTEIROH,2025-11-24,117808,1,76,0,499.0
10110027MONTEIROH_2025-11-24_G09,10110027MONTEIROH,2025-11-24,117935,1,20,0,674.0
10110027MONTEIROH_2025-11-24_G10,10110027MONTEIROH,2025-11-24,111418,1,32,0,183.0
10110027MONTEIROH_2025-11-24_G11,10110027MONTEIROH,2025-11-24,111469,2,31,26,541.0
10110027MONTEIROH_2025-11-24_G12,10110027MONTEIROH,2025-11-24,111466,1,51,0,1014.0
10110027MONTEIROH_2025-11-24_G13,10110027MONTEIROH,2025-11-24,110371,1,8,0,389.0
10110027MONTEIROH_2025-11-24_G14,10110027MONTEIROH,2025-11-24,117830,1,4,0,96.0
10110027MONTEIROH_2025-11-24_G15,10110027MONTEIROH,2025-11-24,110372,1,4,0,113.0
10110027MONTEIROH_2025-11-24_G16,10110027MONTEIROH,2025-11-24,117832,1,6,0,104.0
10110027MONTEIROH_2025-11-24_G17,10110027MONTEIROH,2025-11-24,117808,1,12,0,133.0
10110027MONTEIROH_2025-11-24_G18,10110027MONTEIROH,2025-11-24,110371,1,4,0,154.0
10110027MONTEIROH_2025-11-24_G19,10110027MONTEIROH,2025-11-24,110371,1,24,0,204.0
10110027MONTEIROH_2025-11-26_G02,10110027MONTEIROH,2025-11-26,122962,1,16,0,387.0
10110027MONTEIROH_2025-11-26_G03,10110027MONTEIROH,2025-11-26,124486,1,15,0,531.0
10110027MONTEIROH_2025-11-26_G04,10110027MONTEIROH,2025-11-26,122962,1,33,0,860.0
10110027MONTEIROH_2025-11-26_G05,10110027MONTEIROH,2025-11-26,120028,1,10,0,534.0
10110027MONTEIROH_2025-11-26_G06,10110027MONTEIROH,2025-11-26,122962,1,10,0,158.0
10110027MONTEIROH_2025-11-26_G07,10110027MONTEIROH,2025-11-26,122647,1,10,0,453.0
10110027MONTEIROH_2025-11-26_G08,10110027MONTEIROH,2025-11-26,124486,1,70,0,1597.0
10110027MONTEIROH_2025-11-26_G09,10110027MONTEIROH,2025-11-26,122962,1,6,0,337.0
10110027MONTEIROH_2025-11-26_G10,10110027MONTEIROH,2025-11-26,124486,1,6,0,163.0
10110027MONTEIROH_2025-11-26_G11,10110027MONTEIROH,2025-11-26,122962,1,20,0,558.0
10110027MONTEIROH_2025-11-26_G12,10110027MONTEIROH,2025-11-26,180094,1,4,0,1356.0
10110027MONTEIROH_2025-11-26_G13,10110027MONTEIROH,2025-11-26,124247,1,10,0,923.0
10110027MONTEIROH_2025-11-26_G14,10110027MONTEIROH,2025-11-26,124248,1,4,0,190.0
10110027MONTEIROH_2025-11-26_G15,10110027MONTEIROH,2025-11-26,124247,1,4,0,204.0
10110027MONTEIROH_2025-11-26_G16,10110027MONTEIROH,2025-11-26,122962,1,20,0,561.0
10110027MONTEIROH_2025-11-26_G17,10110027MONTEIROH,2025-11-26,120028,1,10,0,826.0
10110027MONTEIROH_2025-11-26_G18,10110027MONTEIROH,2025-11-26,122962,1,20,0,339.0
10110027MONTEIROH_2025-11-26_G19,10110027MONTEIROH,2025-11-26,124486,1,1,0,188.0
10110027MONTEIROH_2025-11-26_G20,10110027MONTEIROH,2025-11-26,122962,1,40,0,1648.0
10110027MONTEIROH_2025-11-26_G21,10110027MONTEIROH,2025-11-26,122647,1,10,0,425.0
10110027MONTEIROH_2025-11-26_G22,10110027MONTEIROH,2025-11-26,122984,1,12,0,522.0
10110027MONTEIROH_2025-11-26_G23,10110027MONTEIROH,2025-11-26,124247,1,20,0,702.0
10110027MONTEIROH_2025-11-26_G25,10110027MONTEIROH,2025-11-26,124248,1,6,0,142.0
10110027MONTEIROH_2025-11-26_G26,10110027MONTEIROH,2025-11-26,122185,1,24,0,489.0
10110027MONTEIROH_2025-11-26_G27,10110027MONTEIROH,2025-11-26,122983,1,4,0,396.0
10110027MONTEIROH_2025-11-26_G28,10110027MONTEIROH,2025-11-26,124486,1,16,0,428.0
10110027MONTEIROH_2025-11-26_G29,10110027MONTEIROH,2025-11-26,120028,1,20,0,500.0
10110027MONTEIROH_2025-11-26_G30,10110027MONTEIROH,2025-11-26,122962,1,20,0,586.0
10110027MONTEIROH_2025-11-26_G31,10110027MONTEIROH,2025-11-26,120389,1,10,0,239.0
10110027MONTEIROH_2025-11-26_G32,10110027MONTEIROH,2025-11-26,122962,1,8,0,472.0
10110027MONTEIROH_2025-11-26_G33,10110027MONTEIROH,2025-11-26,124486,1,12,0,478.0
10110027MONTEIROH_2025-11-26_G34,10110027MONTEIROH,2025-11-26,120028,1,12,0,434.0
10110027MONTEIROH_2025-11-26_G35,10110027MONTEIROH,2025-11-26,122962,1,20,0,241.0
10110027MONTEIROH_2025-11-26_G36,10110027MONTEIROH,2025-11-26,122185,1,10,0,329.0
10110027MONTEIROH_2025-11-26_G37,10110027MONTEIROH,2025-11-26,122984,1,4,0,211.0
10110027MONTEIROH_2025-11-26_G38,10110027MONTEIROH,2025-11-26,123563,1,2,0,1069.0
10110027MONTEIROH_2025-11-27_G02,10110027MONTEIROH,2025-11-27,118140,1,3,0,187.0
10110027MONTEIROH_2025-11-27_G03,10110027MONTEIROH,2025-11-27,105705,1,1,0,43.0
10110027MONTEIROH_2025-11-27_G04,10110027MONTEIROH,2025-11-27,160054,1,2,0,96.0
10110027MONTEIROH_2025-11-27_G05,10110027MONTEIROH,2025-11-27,117935,1,1,0,89.0
10110027MONTEIROH_2025-11-27_G06,10110027MONTEIROH,2025-11-27,140923,1,4,0,80.0
10110027MONTEIROH_2025-11-27_G07,10110027MONTEIROH,2025-11-27,111743,1,4,0,324.0
10110027MONTEIROH_2025-11-27_G08,10110027MONTEIROH,2025-11-27,160055,1,2,0,110.0
10110027MONTEIROH_2025-11-27_G09,10110027MONTEIROH,2025-11-27,141271,1,4,0,95.0
10110027MONTEIROH_2025-11-27_G10,10110027MONTEIROH,2025-11-27,141457,1,5,0,161.0
10110027MONTEIROH_2025-11-27_G11,10110027MONTEIROH,2025-11-27,141456,1,4,0,155.0
10110027MONTEIROH_2025-11-27_G12,10110027MONTEIROH,2025-11-27,110747,1,2,0,87.0
10110027MONTEIROH_2025-11-27_G13,10110027MONTEIROH,2025-11-27,111463,1,4,0,1277.0
10110027MONTEIROH_2025-11-27_G14,10110027MONTEIROH,2025-11-27,117855,1,4,0,86.0
10110027MONTEIROH_2025-11-27_G15,10110027MONTEIROH,2025-11-27,110371,1,4,0,159.0
10110027MONTEIROH_2025-11-27_G16,10110027MONTEIROH,2025-11-27,111532,1,20,0,176.0
10110027MONTEIROH_2025-11-27_G17,10110027MONTEIROH,2025-11-27,111532,1,3,0,57.0
10110027MONTEIROH_2025-11-27_G18,10110027MONTEIROH,2025-11-27,111532,1,4,0,172.0
10110027MONTEIROH_2025-11-27_G19,10110027MONTEIROH,2025-11-27,110371,1,4,0,195.0
10110027MONTEIROH_2025-11-27_G20,10110027MONTEIROH,2025-11-27,111532,1,3,0,104.0
10110027MONTEIROH_2025-11-27_G21,10110027MONTEIROH,2025-11-27,118299,1,20,0,183.0
10110027MONTEIROH_2025-11-27_G22,10110027MONTEIROH,2025-11-27,110313,2,4,24,2071.0
10110027MONTEIROH_2025-11-27_G23,10110027MONTEIROH,2025-11-27,111876,1,2,0,86.0
10110027MONTEIROH_2025-11-27_G24,10110027MONTEIROH,2025-11-27,140923,1,4,0,48.0
10110027MONTEIROH_2025-11-27_G25,10110027MONTEIROH,2025-11-27,117861,1,1,0,55.0
10110027MONTEIROH_2025-11-27_G26,10110027MONTEIROH,2025-11-27,110733,2,2,21,43.0
10110027MONTEIROH_2025-11-27_G27,10110027MONTEIROH,2025-11-27,109647,1,2,0,94.0
10110027MONTEIROH_2025-11-27_G28,10110027MONTEIROH,2025-11-27,109647,1,6,0,68.0
10110027MONTEIROH_2025-11-27_G29,10110027MONTEIROH,2025-11-27,117855,1,1,0,46.0
10110027MONTEIROH_2025-11-27_G30,10110027MONTEIROH,2025-11-27,111602,1,1,0,85.0
10110027MONTEIROH_2025-11-27_G31,10110027MONTEIROH,2025-11-27,111602,2,3,18,49.0
10110027MONTEIROH_2025-11-27_G32,10110027MONTEIROH,2025-11-27,117820,1,9,0,776.0
10110027MONTEIROH_2025-11-27_G33,10110027MONTEIROH,2025-11-27,118094,1,4,0,80.0
10110027MONTEIROH_2025-11-27_G34,10110027MONTEIROH,2025-11-27,140923,1,1,0,48.0
10110027MONTEIROH_2025-11-27_G35,10110027MONTEIROH,2025-11-27,111348,1,7,0,163.0
10110027MONTEIROH_2025-11-27_G36,10110027MONTEIROH,2025-11-27,117832,1,4,0,149.0
10110027MONTEIROH_2025-11-27_G37,10110027MONTEIROH,2025-11-27,111602,1,8,0,186.0
10110027MONTEIROH_2025-11-27_G38,10110027MONTEIROH,2025-11-27,110747,1,2,0,49.0
10110027MONTEIROH_2025-11-27_G39,10110027MONTEIROH,2025-11-27,111172,1,2,0,175.0
10110027MONTEIROH_2025-11-27_G40,10110027MONTEIROH,2025-11-27,107236,1,2,0,78.0
10110027MONTEIROH_2025-11-27_G41,10110027MONTEIROH,2025-11-27,111532,1,4,0,78.0
10110027MONTEIROH_2025-11-27_G42,10110027MONTEIROH,2025-11-27,117820,1,12,0,448.0
10110027MONTEIROH_2025-11-27_G43,10110027MONTEIROH,2025-11-27,117830,1,4,0,46.0
10110027MONTEIROH_2025-11-27_G44,10110027MONTEIROH,2025-11-27,117787,1,2,0,102.0
10110027MONTEIROH_2025-11-27_G45,10110027MONTEIROH,2025-11-27,108770,1,2,0,162.0
10110027MONTEIROH_2025-11-27_G46,10110027MONTEIROH,2025-11-27,108770,1,2,0,60.0
10110027MONTEIROH_2025-11-27_G47,10110027MONTEIROH,2025-11-27,117820,1,4,0,375.0
10110027MONTEIROH_2025-11-27_G48,10110027MONTEIROH,2025-11-27,118140,1,4,0,88.0
10110027MONTEIROH_2025-11-27_G49,10110027MONTEIROH,2025-11-27,111743,1,6,0,93.0
10110027MONTEIROH_2025-11-27_G50,10110027MONTEIROH,2025-11-27,140923,1,2,0,58.0
10110027MONTEIROH_2025-11-27_G51,10110027MONTEIROH,2025-11-27,108795,1,1,0,83.0
10110027MONTEIROH_2025-11-27_G52,10110027MONTEIROH,2025-11-27,110787,1,2,0,108.0
10110027MONTEIROH_2025-11-27_G53,10110027MONTEIROH,2025-11-27,141457,1,5,0,158.0
10110027MONTEIROH_2025-11-27_G54,10110027MONTEIROH,2025-11-27,111532,1,2,0,101.0
10110027MONTEIROH_2025-11-27_G55,10110027MONTEIROH,2025-11-27,117832,1,6,0,119.0
10110027MONTEIROH_2025-11-27_G56,10110027MONTEIROH,2025-11-27,110733,1,1,0,97.0
10110027MONTEIROH_2025-11-27_G57,10110027MONTEIROH,2025-11-27,111602,1,4,0,161.0
10110027MONTEIROH_2025-11-27_G58,10110027MONTEIROH,2025-11-27,111466,1,8,0,109.0
10110027MONTEIROH_2025-11-28_G02,10110027MONTEIROH,2025-11-28,118094,1,2,0,55.0
10110027MONTEIROH_2025-11-28_G03,10110027MONTEIROH,2025-11-28,111850,1,22,0,301.0
10110027MONTEIROH_2025-11-28_G04,10110027MONTEIROH,2025-11-28,110747,1,8,0,159.0
10110027MONTEIROH_2025-11-28_G05,10110027MONTEIROH,2025-11-28,111530,1,14,0,266.0
10110027MONTEIROH_2025-11-28_G06,10110027MONTEIROH,2025-11-28,111602,1,1,0,318.0
10110027MONTEIROH_2025-11-28_G07,10110027MONTEIROH,2025-11-28,110711,1,1,0,135.0
10110027MONTEIROH_2025-11-28_G08,10110027MONTEIROH,2025-11-28,141352,1,42,0,399.0
10110027MONTEIROH_2025-11-28_G10,10110027MONTEIROH,2025-11-28,124248,1,4,0,234.0
10110027MONTEIROH_2025-11-28_G11,10110027MONTEIROH,2025-11-28,123822,1,6,0,493.0
10110027MONTEIROH_2025-11-28_G12,10110027MONTEIROH,2025-11-28,123343,1,7,0,266.0
10110027MONTEIROH_2025-11-28_G13,10110027MONTEIROH,2025-11-28,123345,1,11,0,1017.0
10110027MONTEIROH_2025-11-28_G14,10110027MONTEIROH,2025-11-28,120028,1,20,0,1052.0
10110027MONTEIROH_2025-11-28_G15,10110027MONTEIROH,2025-11-28,120389,1,20,0,421.0
10110027MONTEIROH_2025-11-28_G16,10110027MONTEIROH,2025-11-28,181057,1,2,0,441.0
10110027MONTEIROH_2025-11-28_G17,10110027MONTEIROH,2025-11-28,122962,1,73,0,1339.0
10110027MONTEIROH_2025-11-28_G18,10110027MONTEIROH,2025-11-28,122962,1,50,0,1085.0
10110027MONTEIROH_2025-11-28_G19,10110027MONTEIROH,2025-11-28,120389,1,20,0,496.0
10110027MONTEIROH_2025-11-28_G20,10110027MONTEIROH,2025-11-28,120028,1,100,0,2980.0
10110027MONTEIROH_2025-11-28_G22,10110027MONTEIROH,2025-11-28,122962,1,80,0,2260.0
10110027MONTEIROH_2025-11-28_G23,10110027MONTEIROH,2025-11-28,122962,1,40,0,1692.0
10110027MONTEIROH_2025-11-28_G24,10110027MONTEIROH,2025-11-28,124486,1,4,0,276.0
10110027MONTEIROH_2025-11-28_G25,10110027MONTEIROH,2025-11-28,122673,1,12,0,292.0
10110027MONTEIROH_2025-11-28_G26,10110027MONTEIROH,2025-11-28,122984,1,100,0,1730.0
10110027MONTEIROH_2025-11-29_G02,10110027MONTEIROH,2025-11-29,140923,1,6,0,90.0
10110027MONTEIROH_2025-11-29_G03,10110027MONTEIROH,2025-11-29,140922,1,2,0,219.0
10110027MONTEIROH_2025-11-29_G04,10110027MONTEIROH,2025-11-29,111530,1,2,0,81.0
10110027MONTEIROH_2025-11-29_G05,10110027MONTEIROH,2025-11-29,110733,1,2,0,75.0
10110027MONTEIROH_2025-11-29_G06,10110027MONTEIROH,2025-11-29,111435,1,4,0,83.0
10110027MONTEIROH_2025-11-29_G07,10110027MONTEIROH,2025-11-29,111469,1,8,0,133.0
10110027MONTEIROH_2025-11-29_G08,10110027MONTEIROH,2025-11-29,111532,1,4,0,115.0
10110027MONTEIROH_2025-11-29_G09,10110027MONTEIROH,2025-11-29,111466,1,5,0,54.0
10110027MONTEIROH_2025-11-29_G10,10110027MONTEIROH,2025-11-29,"141456, 111433",2,4,20,72.0
10110027MONTEIROH_2025-11-29_G11,10110027MONTEIROH,2025-11-29,117820,1,8,0,296.0
10110027MONTEIROH_2025-11-29_G12,10110027MONTEIROH,2025-11-29,117808,1,12,0,368.0
10110027MONTEIROH_2025-11-29_G13,10110027MONTEIROH,2025-11-29,110372,1,2,0,51.0
10110027MONTEIROH_2025-11-29_G14,10110027MONTEIROH,2025-11-29,118299,1,6,0,75.0
10110027MONTEIROH_2025-11-29_G15,10110027MONTEIROH,2025-11-29,117832,1,4,0,56.0
10110027MONTEIROH_2025-11-29_G16,10110027MONTEIROH,2025-11-29,110373,1,11,0,105.0
10110027MONTEIROH_2025-11-29_G17,10110027MONTEIROH,2025-11-29,141202,1,2,0,72.0
10110027MONTEIROH_2025-11-29_G18,10110027MONTEIROH,2025-11-29,110895,1,4,0,157.0
10110027MONTEIROH_2025-11-29_G19,10110027MONTEIROH,2025-11-29,117833,1,2,0,231.0
10110027MONTEIROH_2025-11-29_G20,10110027MONTEIROH,2025-11-29,118094,1,4,0,357.0
10110027MONTEIROH_2025-11-29_G21,10110027MONTEIROH,2025-11-29,111172,1,8,0,237.0
10110027MONTEIROH_2025-11-29_G22,10110027MONTEIROH,2025-11-29,111530,1,4,0,594.0
10110027MONTEIROH_2025-11-29_G23,10110027MONTEIROH,2025-11-29,118094,1,4,0,550.0
10110027MONTEIROH_2025-11-29_G24,10110027MONTEIROH,2025-11-29,110895,1,3,0,92.0
10110027MONTEIROH_2025-11-29_G25,10110027MONTEIROH,2025-11-29,111569,1,1,0,61.0
10110027MONTEIROH_2025-11-29_G26,10110027MONTEIROH,2025-11-29,110339,1,4,0,132.0
10110027MONTEIROH_2025-11-29_G27,10110027MONTEIROH,2025-11-29,117855,1,3,0,127.0
10110027MONTEIROH_2025-11-29_G28,10110027MONTEIROH,2025-11-29,110711,1,2,0,88.0
10110027MONTEIROH_2025-11-29_G29,10110027MONTEIROH,2025-11-29,111602,1,4,0,94.0
10110027MONTEIROH_2025-11-29_G30,10110027MONTEIROH,2025-11-29,110747,1,4,0,87.0
10110027MONTEIROH_2025-11-29_G31,10110027MONTEIROH,2025-11-29,118222,1,1,0,40.0
10110027MONTEIROH_2025-11-29_G32,10110027MONTEIROH,2025-11-29,110895,1,4,0,1454.0
10110027MONTEIROH_2025-11-29_G33,10110027MONTEIROH,2025-11-29,107629,1,10,0,859.0
10110027MONTEIROH_2025-11-29_G34,10110027MONTEIROH,2025-11-29,111530,1,12,0,162.0
10110027MONTEIROH_2025-11-29_G35,10110027MONTEIROH,2025-11-29,111743,1,4,0,116.0
10110027MONTEIROH_2025-11-29_G36,10110027MONTEIROH,2025-11-29,140922,1,6,0,120.0
10110027MONTEIROH_2025-11-29_G37,10110027MONTEIROH,2025-11-29,111469,1,4,0,113.0
10110027MONTEIROH_2025-11-29_G38,10110027MONTEIROH,2025-11-29,110740,1,4,0,61.0
10110027MONTEIROH_2025-11-29_G39,10110027MONTEIROH,2025-11-29,117787,1,4,0,199.0
10110027MONTEIROH_2025-11-29_G40,10110027MONTEIROH,2025-11-29,117785,1,11,0,123.0
10110027MONTEIROH_2025-11-29_G41,10110027MONTEIROH,2025-11-29,141457,1,10,0,440.0
10110027MONTEIROH_2025-11-29_G42,10110027MONTEIROH,2025-11-29,111532,1,8,0,93.0
10110027MONTEIROH_2025-11-29_G43,10110027MONTEIROH,2025-11-29,111466,1,28,0,212.0
10110027MONTEIROH_2025-11-29_G44,10110027MONTEIROH,2025-11-29,118317,1,4,0,125.0
10110027MONTEIROH_2025-11-29_G45,10110027MONTEIROH,2025-11-29,110374,1,20,0,382.0
10110027MONTEIROH_2025-11-29_G46,10110027MONTEIROH,2025-11-29,117820,1,3,0,114.0
10110027MONTEIROH_2025-11-29_G47,10110027MONTEIROH,2025-11-29,117830,1,14,0,98.0
10110027MONTEIROH_2025-11-29_G48,10110027MONTEIROH,2025-11-29,117808,1,19,0,363.0
10110027MONTEIROH_2025-11-29_G49,10110027MONTEIROH,2025-11-29,110372,1,20,0,161.0
10110027MONTEIROH_2025-11-29_G50,10110027MONTEIROH,2025-11-29,117832,1,4,0,65.0
10110027MONTEIROH_2025-11-29_G51,10110027MONTEIROH,2025-11-29,109643,1,3,0,67.0
10110027MONTEIROH_2025-11-29_G52,10110027MONTEIROH,2025-11-29,118191,1,18,0,1343.0
10110027MONTEIROH_2025-11-29_G53,10110027MONTEIROH,2025-11-29,118191,1,32,0,207.0
10110027MONTEIROH_2025-11-29_G54,10110027MONTEIROH,2025-11-29,118299,1,48,0,279.0
10110027MONTEIROH_2025-11-29_G55,10110027MONTEIROH,2025-11-29,116241,1,20,0,995.0
10110027MONTEIROH_2025-11-29_G56,10110027MONTEIROH,2025-11-29,111569,1,30,0,936.0
10110027MONTEIROH_2025-11-29_G57,10110027MONTEIROH,2025-11-29,108759,1,14,0,352.0
10110027MONTEIROH_2025-11-29_G58,10110027MONTEIROH,2025-11-29,111660,1,10,0,431.0
10110027MONTEIROH_2025-11-29_G59,10110027MONTEIROH,2025-11-29,118094,1,8,0,334.0
10110027MONTEIROH_2025-11-29_G60,10110027MONTEIROH,2025-11-29,110339,1,8,0,159.0
10110027MONTEIROH_2025-11-29_G61,10110027MONTEIROH,2025-11-29,117862,1,20,0,199.0
10110027MONTEIROH_2025-11-29_G62,10110027MONTEIROH,2025-11-29,111602,1,20,0,216.0
10110027MONTEIROH_2025-11-29_G63,10110027MONTEIROH,2025-11-29,117830,1,20,0,198.0
10110027MONTEIROH_2025-11-29_G64,10110027MONTEIROH,2025-11-29,110373,1,20,0,521.0
10110027MONTEIROH_2025-11-29_G65,10110027MONTEIROH,2025-11-29,110740,1,11,0,177.0
10110027MONTEIROH_2025-11-29_G66,10110027MONTEIROH,2025-11-29,117785,1,20,0,154.0
10110027MONTEIROH_2025-11-29_G67,10110027MONTEIROH,2025-11-29,141457,1,20,0,304.0
10110027MONTEIROH_2025-11-29_G68,10110027MONTEIROH,2025-11-29,117821,1,10,0,102.0
10110027MONTEIROH_2025-11-29_G69,10110027MONTEIROH,2025-11-29,141456,1,20,0,229.0
10110027MONTEIROH_2025-11-29_G71,10110027MONTEIROH,2025-11-29,110371,1,32,0,1457.0
10110027MONTEIROH_2025-11-29_G72,10110027MONTEIROH,2025-11-29,117830,1,8,0,248.0
10110027MONTEIROH_2025-11-29_G73,10110027MONTEIROH,2025-11-29,110371,1,4,0,172.0
10110027MONTEIROH_2025-11-29_G74,10110027MONTEIROH,2025-11-29,110752,1,4,0,294.0
10110027MONTEIROH_2025-11-29_G75,10110027MONTEIROH,2025-11-29,117862,1,4,0,222.0
10110027MONTEIROH_2025-11-29_G76,10110027MONTEIROH,2025-11-29,118223,1,2,0,78.0
10110027MONTEIROH_2025-11-29_G77,10110027MONTEIROH,2025-11-29,117833,1,4,0,124.0
10110027MONTEIROH_2025-11-29_G78,10110027MONTEIROH,2025-11-29,141457,1,4,0,77.0
10110027MONTEIROH_2025-11-30_G02,10110027MONTEIROH,2025-11-30,121760,1,4,0,1392.0
10110027MONTEIROH_2025-11-30_G03,10110027MONTEIROH,2025-11-30,123153,1,6,0,314.0
10110027MONTEIROH_2025-11-30_G04,10110027MONTEIROH,2025-11-30,121760,1,4,0,69.0
10110027MONTEIROH_2025-11-30_G05,10110027MONTEIROH,2025-11-30,122962,1,2,0,207.0
10110027MONTEIROH_2025-11-30_G06,10110027MONTEIROH,2025-11-30,124475,1,10,0,353.0
10110027MONTEIROH_2025-11-30_G07,10110027MONTEIROH,2025-11-30,124370,1,10,0,946.0
10110027MONTEIROH_2025-11-30_G08,10110027MONTEIROH,2025-11-30,123343,1,6,0,418.0
10110027MONTEIROH_2025-11-30_G09,10110027MONTEIROH,2025-11-30,123344,1,6,0,199.0
10110027MONTEIROH_2025-11-30_G10,10110027MONTEIROH,2025-11-30,121760,1,8,0,383.0
10110027MONTEIROH_2025-11-30_G11,10110027MONTEIROH,2025-11-30,120008,1,30,0,1248.0
10110027MONTEIROH_2025-11-30_G12,10110027MONTEIROH,2025-11-30,122962,1,12,0,412.0
10110027MONTEIROH_2025-11-30_G13,10110027MONTEIROH,2025-11-30,120028,1,12,0,399.0
10110027MONTEIROH_2025-11-30_G14,10110027MONTEIROH,2025-11-30,122962,1,4,0,205.0
10110027MONTEIROH_2025-11-30_G15,10110027MONTEIROH,2025-11-30,124475,1,4,0,86.0
10110027MONTEIROH_2025-11-30_G16,10110027MONTEIROH,2025-11-30,121760,1,16,0,287.0
10110027MONTEIROH_2025-11-30_G17,10110027MONTEIROH,2025-11-30,124370,1,3,0,103.0
10110027MONTEIROH_2025-11-30_G18,10110027MONTEIROH,2025-11-30,124548,1,16,0,374.0
10110027MONTEIROH_2025-11-30_G19,10110027MONTEIROH,2025-11-30,123344,1,12,0,939.0
10110027MONTEIROH_2025-11-30_G20,10110027MONTEIROH,2025-11-30,122673,1,50,0,747.0
10110027MONTEIROH_2025-11-30_G21,10110027MONTEIROH,2025-11-30,124248,1,5,0,993.0
10110027MONTEIROH_2025-11-30_G22,10110027MONTEIROH,2025-11-30,124475,1,4,0,248.0
10110027MONTEIROH_2025-11-30_G23,10110027MONTEIROH,2025-11-30,124371,1,4,0,110.0
10110027MONTEIROH_2025-11-30_G24,10110027MONTEIROH,2025-11-30,123909,1,4,0,118.0
10110027MONTEIROH_2025-11-30_G25,10110027MONTEIROH,2025-11-30,122962,1,4,0,270.0
10110027MONTEIROH_2025-12-01_G02,10110027MONTEIROH,2025-12-01,123822,1,134,0,2275.0
10110027MONTEIROH_2025-12-04_G02,10110027MONTEIROH,2025-12-04,110711,1,8,0,172.0
10110027MONTEIROH_2025-12-04_G03,10110027MONTEIROH,2025-12-04,110752,1,62,0,480.0
10110027MONTEIROH_2025-12-04_G04,10110027MONTEIROH,2025-12-04,117833,1,28,0,627.0
10110027MONTEIROH_2025-12-04_G05,10110027MONTEIROH,2025-12-04,111434,1,10,0,130.0
10110027MONTEIROH_2025-12-04_G06,10110027MONTEIROH,2025-12-04,111348,1,2,0,64.0
10110027MONTEIROH_2025-12-04_G07,10110027MONTEIROH,2025-12-04,108798,1,10,0,117.0
10110027MONTEIROH_2025-12-04_G08,10110027MONTEIROH,2025-12-04,111444,1,19,0,311.0
10110027MONTEIROH_2025-12-04_G09,10110027MONTEIROH,2025-12-04,117822,1,50,0,498.0
10110027MONTEIROH_2025-12-05_G02,10110027MONTEIROH,2025-12-05,141823,1,2,0,46.0
10110027MONTEIROH_2025-12-05_G03,10110027MONTEIROH,2025-12-05,118140,1,45,0,509.0
10110027MONTEIROH_2025-12-05_G04,10110027MONTEIROH,2025-12-05,118140,1,2,0,42.0
10110027MONTEIROH_2025-12-05_G05,10110027MONTEIROH,2025-12-05,109641,1,6,0,143.0
10110027MONTEIROH_2025-12-05_G06,10110027MONTEIROH,2025-12-05,140922,1,10,0,105.0
10110027MONTEIROH_2025-12-05_G07,10110027MONTEIROH,2025-12-05,108794,1,4,0,71.0
10110027MONTEIROH_2025-12-05_G08,10110027MONTEIROH,2025-12-05,141458,1,5,0,192.0
10110027MONTEIROH_2025-12-05_G09,10110027MONTEIROH,2025-12-05,141456,1,15,0,1798.0
10110027MONTEIROH_2025-12-05_G10,10110027MONTEIROH,2025-12-05,141456,1,2,0,49.0
10110027MONTEIROH_2025-12-05_G11,10110027MONTEIROH,2025-12-05,117831,1,10,0,202.0
10110027MONTEIROH_2025-12-05_G12,10110027MONTEIROH,2025-12-05,117821,1,18,0,185.0
10110027MONTEIROH_2025-12-05_G13,10110027MONTEIROH,2025-12-05,111465,1,2,0,72.0
10110027MONTEIROH_2025-12-05_G14,10110027MONTEIROH,2025-12-05,111465,1,12,0,108.0
10110027MONTEIROH_2025-12-05_G15,10110027MONTEIROH,2025-12-05,111418,1,40,0,1187.0
10110027MONTEIROH_2025-12-05_G16,10110027MONTEIROH,2025-12-05,141456,1,4,0,772.0
10110027MONTEIROH_2025-12-05_G17,10110027MONTEIROH,2025-12-05,108795,1,2,0,144.0
10110027MONTEIROH_2025-12-05_G18,10110027MONTEIROH,2025-12-05,111348,1,4,0,100.0
10110027MONTEIROH_2025-12-05_G19,10110027MONTEIROH,2025-12-05,108798,1,2,0,87.0
10110027MONTEIROH_2025-12-05_G20,10110027MONTEIROH,2025-12-05,110740,1,4,0,59.0
10110027MONTEIROH_2025-12-05_G21,10110027MONTEIROH,2025-12-05,117842,1,2,0,55.0
10110027MONTEIROH_2025-12-05_G22,10110027MONTEIROH,2025-12-05,111463,1,2,0,53.0
10110027MONTEIROH_2025-12-05_G23,10110027MONTEIROH,2025-12-05,111444,1,2,0,51.0
10110027MONTEIROH_2025-12-05_G24,10110027MONTEIROH,2025-12-05,117831,1,4,0,50.0
10110027MONTEIROH_2025-12-05_G25,10110027MONTEIROH,2025-12-05,107236,1,3,0,81.0
10110027MONTEIROH_2025-12-05_G26,10110027MONTEIROH,2025-12-05,141457,1,3,0,52.0
10110027MONTEIROH_2025-12-05_G27,10110027MONTEIROH,2025-12-05,117821,1,4,0,63.0
10110027MONTEIROH_2025-12-05_G28,10110027MONTEIROH,2025-12-05,110374,1,4,0,369.0
10110027MONTEIROH_2025-12-05_G29,10110027MONTEIROH,2025-12-05,117809,1,4,0,70.0
10110027MONTEIROH_2025-12-05_G30,10110027MONTEIROH,2025-12-05,109648,1,4,0,70.0
10110027MONTEIROH_2025-12-05_G31,10110027MONTEIROH,2025-12-05,117820,1,4,0,49.0
10110027MONTEIROH_2025-12-05_G32,10110027MONTEIROH,2025-12-05,117808,1,4,0,68.0
10110027MONTEIROH_2025-12-05_G33,10110027MONTEIROH,2025-12-05,117822,1,3,0,49.0
10110027MONTEIROH_2025-12-05_G34,10110027MONTEIROH,2025-12-05,117832,1,4,0,106.0
10110027MONTEIROH_2025-12-05_G35,10110027MONTEIROH,2025-12-05,110375,1,4,0,204.0
10110027MONTEIROH_2025-12-05_G36,10110027MONTEIROH,2025-12-05,110372,1,8,0,89.0
10110027MONTEIROH_2025-12-05_G37,10110027MONTEIROH,2025-12-05,118299,1,12,0,85.0
10110027MONTEIROH_2025-12-05_G38,10110027MONTEIROH,2025-12-05,111418,1,10,0,283.0
10110027MONTEIROH_2025-12-05_G39,10110027MONTEIROH,2025-12-05,110372,1,9,0,95.0
10110027MONTEIROH_2025-12-05_G40,10110027MONTEIROH,2025-12-05,118299,1,9,0,73.0
10110027MONTEIROH_2025-12-05_G41,10110027MONTEIROH,2025-12-05,110372,1,8,0,403.0
10110027MONTEIROH_2025-12-05_G42,10110027MONTEIROH,2025-12-05,110339,1,12,0,1719.0
10110027MONTEIROH_2025-12-05_G43,10110027MONTEIROH,2025-12-05,141047,1,6,0,108.0
10110027MONTEIROH_2025-12-05_G44,10110027MONTEIROH,2025-12-05,110711,1,7,0,372.0
10110027MONTEIROH_2025-12-05_G45,10110027MONTEIROH,2025-12-05,111430,2,12,27,463.0
10110027MONTEIROH_2025-12-05_G46,10110027MONTEIROH,2025-12-05,111438,1,6,0,159.0
10110027MONTEIROH_2025-12-05_G47,10110027MONTEIROH,2025-12-05,110755,1,15,0,147.0
10110027MONTEIROH_2025-12-05_G48,10110027MONTEIROH,2025-12-05,110747,1,10,0,241.0
10110027MONTEIROH_2025-12-05_G49,10110027MONTEIROH,2025-12-05,111569,1,54,0,615.0
10110027MONTEIROH_2025-12-05_G50,10110027MONTEIROH,2025-12-05,109645,1,2,0,648.0
10110027MONTEIROH_2025-12-05_G51,10110027MONTEIROH,2025-12-05,116241,1,2,0,52.0
10110027MONTEIROH_2025-12-05_G52,10110027MONTEIROH,2025-12-05,109641,1,2,0,102.0
10110027MONTEIROH_2025-12-05_G53,10110027MONTEIROH,2025-12-05,108711,1,3,0,60.0
10110027MONTEIROH_2025-12-05_G54,10110027MONTEIROH,2025-12-05,111431,1,4,0,126.0
10110027MONTEIROH_2025-12-05_G55,10110027MONTEIROH,2025-12-05,117821,1,8,0,362.0
10110027MONTEIROH_2025-12-05_G56,10110027MONTEIROH,2025-12-05,141458,2,26,30,170.0
10110027MONTEIROH_2025-12-05_G57,10110027MONTEIROH,2025-12-05,110374,1,10,0,449.0
10110027MONTEIROH_2025-12-05_G58,10110027MONTEIROH,2025-12-05,117830,1,8,0,121.0
10110027MONTEIROH_2025-12-05_G59,10110027MONTEIROH,2025-12-05,110371,1,4,0,56.0
10110027MONTEIROH_2025-12-05_G60,10110027MONTEIROH,2025-12-05,109643,1,2,0,96.0
10110027MONTEIROH_2025-12-05_G62,10110027MONTEIROH,2025-12-05,111430,1,4,0,96.0
10110027MONTEIROH_2025-12-05_G63,10110027MONTEIROH,2025-12-05,111441,1,4,0,88.0
10110027MONTEIROH_2025-12-05_G64,10110027MONTEIROH,2025-12-05,110749,1,2,0,97.0
10110027MONTEIROH_2025-12-05_G65,10110027MONTEIROH,2025-12-05,141916,1,4,0,111.0
10110027MONTEIROH_2025-12-05_G66,10110027MONTEIROH,2025-12-05,111660,1,4,0,199.0
10110027MONTEIROH_2025-12-05_G67,10110027MONTEIROH,2025-12-05,110374,1,40,0,378.0
10110027MONTEIROH_2025-12-05_G68,10110027MONTEIROH,2025-12-05,110371,1,4,0,114.0
10110027MONTEIROH_2025-12-05_G69,10110027MONTEIROH,2025-12-05,117822,1,8,0,76.0
10110027MONTEIROH_2025-12-05_G70,10110027MONTEIROH,2025-12-05,110372,1,24,0,636.0
10110027MONTEIROH_2025-12-05_G71,10110027MONTEIROH,2025-12-05,110372,1,3,0,49.0
10110027MONTEIROH_2025-12-05_G72,10110027MONTEIROH,2025-12-05,118299,1,30,0,449.0
10110027MONTEIROH_2025-12-05_G73,10110027MONTEIROH,2025-12-05,110325,1,4,0,103.0
10110027MONTEIROH_2025-12-05_G74,10110027MONTEIROH,2025-12-05,110374,1,12,0,665.0
10110027MONTEIROH_2025-12-05_G75,10110027MONTEIROH,2025-12-05,117830,1,4,0,255.0
10110027MONTEIROH_2025-12-05_G76,10110027MONTEIROH,2025-12-05,110372,1,7,0,731.0
10110027MONTEIROH_2025-12-05_G77,10110027MONTEIROH,2025-12-05,109643,1,4,0,203.0
10110027MONTEIROH_2025-12-05_G78,10110027MONTEIROH,2025-12-05,110325,1,3,0,79.0
10110027MONTEIROH_2025-12-05_G79,10110027MONTEIROH,2025-12-05,140923,1,7,0,424.0
10110027MONTEIROH_2025-12-05_G80,10110027MONTEIROH,2025-12-05,110339,1,20,0,174.0
10110027MONTEIROH_2025-12-05_G81,10110027MONTEIROH,2025-12-05,141047,1,8,0,121.0
10110027MONTEIROH_2025-12-05_G82,10110027MONTEIROH,2025-12-05,107629,1,4,0,77.0
10110027MONTEIROH_2025-12-05_G83,10110027MONTEIROH,2025-12-05,117786,1,6,0,81.0
10110027MONTEIROH_2025-12-05_G84,10110027MONTEIROH,2025-12-05,109647,1,8,0,204.0
10110027MONTEIROH_2025-12-05_G85,10110027MONTEIROH,2025-12-05,109640,1,2,0,284.0
10110027MONTEIROH_2025-12-06_G02,10110027MONTEIROH,2025-12-06,108772,1,4,0,51.0
10110027MONTEIROH_2025-12-06_G03,10110027MONTEIROH,2025-12-06,141035,1,2,0,285.0
10110027MONTEIROH_2025-12-06_G04,10110027MONTEIROH,2025-12-06,111876,1,4,0,111.0
10110027MONTEIROH_2025-12-06_G05,10110027MONTEIROH,2025-12-06,118094,1,14,0,326.0
10110027MONTEIROH_2025-12-06_G06,10110027MONTEIROH,2025-12-06,117935,1,10,0,123.0
10110027MONTEIROH_2025-12-06_G07,10110027MONTEIROH,2025-12-06,140923,1,10,0,225.0
10110027MONTEIROH_2025-12-06_G08,10110027MONTEIROH,2025-12-06,110741,1,4,0,54.0
10110027MONTEIROH_2025-12-06_G09,10110027MONTEIROH,2025-12-06,110741,1,8,0,70.0
10110027MONTEIROH_2025-12-06_G10,10110027MONTEIROH,2025-12-06,117837,1,10,0,112.0
10110027MONTEIROH_2025-12-06_G11,10110027MONTEIROH,2025-12-06,111650,1,8,0,178.0
10110027MONTEIROH_2025-12-06_G12,10110027MONTEIROH,2025-12-06,111650,1,4,0,44.0
10110027MONTEIROH_2025-12-06_G13,10110027MONTEIROH,2025-12-06,110339,1,20,0,359.0
10110027MONTEIROH_2025-12-06_G14,10110027MONTEIROH,2025-12-06,117853,1,10,0,115.0
10110027MONTEIROH_2025-12-06_G15,10110027MONTEIROH,2025-12-06,110750,1,1,0,42.0
10110027MONTEIROH_2025-12-06_G16,10110027MONTEIROH,2025-12-06,117856,1,20,0,136.0
10110027MONTEIROH_2025-12-06_G17,10110027MONTEIROH,2025-12-06,141047,1,3,0,63.0
10110027MONTEIROH_2025-12-06_G18,10110027MONTEIROH,2025-12-06,105470,1,4,0,158.0
10110027MONTEIROH_2025-12-06_G19,10110027MONTEIROH,2025-12-06,111530,1,60,0,819.0
10110027MONTEIROH_2025-12-06_G20,10110027MONTEIROH,2025-12-06,117786,1,40,0,297.0
10110027MONTEIROH_2025-12-06_G21,10110027MONTEIROH,2025-12-06,141352,1,12,0,102.0
10110027MONTEIROH_2025-12-06_G22,10110027MONTEIROH,2025-12-06,105242,1,3,0,68.0
10110027MONTEIROH_2025-12-06_G23,10110027MONTEIROH,2025-12-06,111879,1,5,0,112.0
10110027MONTEIROH_2025-12-06_G24,10110027MONTEIROH,2025-12-06,117862,1,20,0,421.0
10110027MONTEIROH_2025-12-06_G25,10110027MONTEIROH,2025-12-06,117862,1,10,0,93.0
10110027MONTEIROH_2025-12-06_G26,10110027MONTEIROH,2025-12-06,117854,1,1,0,74.0
10110027MONTEIROH_2025-12-06_G27,10110027MONTEIROH,2025-12-06,117853,1,4,0,2355.0
10110027MONTEIROH_2025-12-06_G28,10110027MONTEIROH,2025-12-06,109640,1,4,0,186.0
10110027MONTEIROH_2025-12-06_G29,10110027MONTEIROH,2025-12-06,109640,1,16,0,180.0
10110027MONTEIROH_2025-12-06_G30,10110027MONTEIROH,2025-12-06,111469,1,8,0,585.0
10110027MONTEIROH_2025-12-06_G31,10110027MONTEIROH,2025-12-06,111469,1,6,0,40.0
10110027MONTEIROH_2025-12-06_G32,10110027MONTEIROH,2025-12-06,111330,1,4,0,155.0
10110027MONTEIROH_2025-12-06_G33,10110027MONTEIROH,2025-12-06,111182,1,3,0,96.0
10110027MONTEIROH_2025-12-06_G34,10110027MONTEIROH,2025-12-06,109641,1,6,0,123.0
10110027MONTEIROH_2025-12-06_G35,10110027MONTEIROH,2025-12-06,140922,3,11,53,346.0
10110027MONTEIROH_2025-12-06_G36,10110027MONTEIROH,2025-12-06,111466,1,4,0,704.0
10110027MONTEIROH_2025-12-06_G37,10110027MONTEIROH,2025-12-06,111569,1,4,0,284.0
10110027MONTEIROH_2025-12-06_G38,10110027MONTEIROH,2025-12-06,118094,1,4,0,76.0
10110027MONTEIROH_2025-12-06_G39,10110027MONTEIROH,2025-12-06,140923,1,4,0,107.0
10110027MONTEIROH_2025-12-06_G40,10110027MONTEIROH,2025-12-06,117837,1,4,0,96.0
10110027MONTEIROH_2025-12-06_G41,10110027MONTEIROH,2025-12-06,117853,1,8,0,381.0
10110027MONTEIROH_2025-12-06_G42,10110027MONTEIROH,2025-12-06,141047,1,8,0,98.0
10110027MONTEIROH_2025-12-06_G43,10110027MONTEIROH,2025-12-06,118253,1,4,0,146.0
10110027MONTEIROH_2025-12-06_G44,10110027MONTEIROH,2025-12-06,117855,1,4,0,113.0
10110027MONTEIROH_2025-12-06_G45,10110027MONTEIROH,2025-12-06,109640,1,1,0,113.0
10110027MONTEIROH_2025-12-06_G46,10110027MONTEIROH,2025-12-06,111602,1,8,0,136.0
10110027MONTEIROH_2025-12-06_G47,10110027MONTEIROH,2025-12-06,117808,1,60,0,565.0
10110027MONTEIROH_2025-12-06_G48,10110027MONTEIROH,2025-12-06,110372,1,20,0,188.0
10110027MONTEIROH_2025-12-06_G49,10110027MONTEIROH,2025-12-06,105705,1,8,0,187.0
10110027MONTEIROH_2025-12-06_G50,10110027MONTEIROH,2025-12-06,140922,1,2,0,86.0
10110027MONTEIROH_2025-12-06_G51,10110027MONTEIROH,2025-12-06,118299,1,40,0,392.0
10110027MONTEIROH_2025-12-06_G52,10110027MONTEIROH,2025-12-06,111182,1,20,0,1130.0
10110027MONTEIROH_2025-12-06_G53,10110027MONTEIROH,2025-12-06,111435,1,17,0,430.0
10110027MONTEIROH_2025-12-06_G54,10110027MONTEIROH,2025-12-06,108798,1,7,0,101.0
10110027MONTEIROH_2025-12-06_G55,10110027MONTEIROH,2025-12-06,111433,1,5,0,88.0
10110027MONTEIROH_2025-12-06_G56,10110027MONTEIROH,2025-12-06,111431,1,8,0,132.0
10110027MONTEIROH_2025-12-06_G57,10110027MONTEIROH,2025-12-06,110743,1,9,0,83.0
10110027MONTEIROH_2025-12-06_G58,10110027MONTEIROH,2025-12-06,118223,1,7,0,296.0
10110027MONTEIROH_2025-12-06_G59,10110027MONTEIROH,2025-12-06,118326,1,20,0,178.0
10110027MONTEIROH_2025-12-06_G60,10110027MONTEIROH,2025-12-06,107236,1,12,0,134.0
10110027MONTEIROH_2025-12-06_G61,10110027MONTEIROH,2025-12-06,111466,1,1,0,99.0
10110027MONTEIROH_2025-12-06_G62,10110027MONTEIROH,2025-12-06,118317,1,24,0,335.0
10110027MONTEIROH_2025-12-06_G63,10110027MONTEIROH,2025-12-06,105705,1,20,0,436.0
10110027MONTEIROH_2025-12-06_G64,10110027MONTEIROH,2025-12-06,110751,1,10,0,117.0
10110027MONTEIROH_2025-12-06_G65,10110027MONTEIROH,2025-12-06,111330,1,16,0,173.0
10110027MONTEIROH_2025-12-06_G66,10110027MONTEIROH,2025-12-06,111444,1,20,0,423.0
10110027MONTEIROH_2025-12-06_G67,10110027MONTEIROH,2025-12-06,117787,1,40,0,266.0
10110027MONTEIROH_2025-12-06_G68,10110027MONTEIROH,2025-12-06,116241,1,25,0,564.0
10110027MONTEIROH_2025-12-06_G69,10110027MONTEIROH,2025-12-06,109648,1,11,0,281.0
10110027MONTEIROH_2025-12-06_G70,10110027MONTEIROH,2025-12-06,118299,1,15,0,167.0
10110027MONTEIROH_2025-12-06_G71,10110027MONTEIROH,2025-12-06,"118140, 105705",2,10,28,451.0
10110027MONTEIROH_2025-12-06_G72,10110027MONTEIROH,2025-12-06,117838,1,2,0,122.0
10110027MONTEIROH_2025-12-06_G73,10110027MONTEIROH,2025-12-06,140922,1,3,0,46.0
10110027MONTEIROH_2025-12-06_G74,10110027MONTEIROH,2025-12-06,117831,1,11,0,151.0
10110027MONTEIROH_2025-12-06_G75,10110027MONTEIROH,2025-12-06,110375,1,4,0,111.0
10110027MONTEIROH_2025-12-06_G76,10110027MONTEIROH,2025-12-06,117787,1,4,0,90.0
10110027MONTEIROH_2025-12-06_G77,10110027MONTEIROH,2025-12-06,117821,1,4,0,106.0
10110027MONTEIROH_2025-12-06_G78,10110027MONTEIROH,2025-12-06,141202,1,8,0,132.0
10110027MONTEIROH_2025-12-06_G80,10110027MONTEIROH,2025-12-06,140923,1,17,0,1025.0
10110027MONTEIROH_2025-12-06_G81,10110027MONTEIROH,2025-12-06,110741,1,4,0,62.0
10110027MONTEIROH_2025-12-06_G82,10110027MONTEIROH,2025-12-06,111530,1,6,0,176.0
10110027MONTEIROH_2025-12-06_G83,10110027MONTEIROH,2025-12-06,117786,1,5,0,61.0
10110027MONTEIROH_2025-12-06_G84,10110027MONTEIROH,2025-12-06,111879,1,8,0,88.0
10110027MONTEIROH_2025-12-06_G85,10110027MONTEIROH,2025-12-06,117855,1,9,0,113.0
10110027MONTEIROH_2025-12-06_G86,10110027MONTEIROH,2025-12-06,109640,1,2,0,127.0
10110027MONTEIROH_2025-12-06_G87,10110027MONTEIROH,2025-12-06,110711,1,7,0,160.0
10110027MONTEIROH_2025-12-08_G02,10110027MONTEIROH,2025-12-08,118140,1,12,0,405.0
10110027MONTEIROH_2025-12-08_G03,10110027MONTEIROH,2025-12-08,105705,1,16,0,229.0
10110027MONTEIROH_2025-12-08_G04,10110027MONTEIROH,2025-12-08,111330,1,4,0,135.0
10110027MONTEIROH_2025-12-08_G05,10110027MONTEIROH,2025-12-08,140922,1,4,0,103.0
10110027MONTEIROH_2025-12-08_G06,10110027MONTEIROH,2025-12-08,111435,1,1,0,84.0
10110027MONTEIROH_2025-12-08_G07,10110027MONTEIROH,2025-12-08,109641,1,2,0,47.0
10110027MONTEIROH_2025-12-08_G08,10110027MONTEIROH,2025-12-08,111433,1,4,0,85.0
10110027MONTEIROH_2025-12-08_G09,10110027MONTEIROH,2025-12-08,108795,1,2,0,81.0
10110027MONTEIROH_2025-12-08_G10,10110027MONTEIROH,2025-12-08,111348,1,2,0,436.0
10110027MONTEIROH_2025-12-08_G11,10110027MONTEIROH,2025-12-08,111462,1,14,0,857.0
10110027MONTEIROH_2025-12-08_G12,10110027MONTEIROH,2025-12-08,109640,1,22,0,1469.0
10110027MONTEIROH_2025-12-08_G13,10110027MONTEIROH,2025-12-08,111602,1,8,0,194.0
10110027MONTEIROH_2025-12-08_G14,10110027MONTEIROH,2025-12-08,117808,1,29,0,196.0
10110027MONTEIROH_2025-12-08_G15,10110027MONTEIROH,2025-12-08,110373,1,2,0,120.0
10110027MONTEIROH_2025-12-08_G16,10110027MONTEIROH,2025-12-08,110733,1,4,0,522.0
10110027MONTEIROH_2025-12-08_G17,10110027MONTEIROH,2025-12-08,107629,1,1,0,81.0
10110027MONTEIROH_2025-12-08_G18,10110027MONTEIROH,2025-12-08,117786,1,6,0,82.0
10110027MONTEIROH_2025-12-08_G19,10110027MONTEIROH,2025-12-08,117855,1,12,0,375.0
10110027MONTEIROH_2025-12-08_G20,10110027MONTEIROH,2025-12-08,110745,1,6,0,136.0
10110027MONTEIROH_2025-12-08_G21,10110027MONTEIROH,2025-12-08,109641,1,6,0,264.0
10110027MONTEIROH_2025-12-08_G22,10110027MONTEIROH,2025-12-08,111418,1,21,0,705.0
10110027MONTEIROH_2025-12-08_G23,10110027MONTEIROH,2025-12-08,110373,1,18,0,272.0
10110027MONTEIROH_2025-12-08_G24,10110027MONTEIROH,2025-12-08,141202,1,1,0,58.0
10110027MONTEIROH_2025-12-08_G25,10110027MONTEIROH,2025-12-08,111469,2,42,26,710.0
10110027MONTEIROH_2025-12-08_G26,10110027MONTEIROH,2025-12-08,141823,1,4,0,70.0
10110027MONTEIROH_2025-12-08_G27,10110027MONTEIROH,2025-12-08,111743,1,6,0,111.0
10110027MONTEIROH_2025-12-08_G28,10110027MONTEIROH,2025-12-08,111182,1,6,0,86.0
10110027MONTEIROH_2025-12-08_G29,10110027MONTEIROH,2025-12-08,109641,1,4,0,186.0
10110027MONTEIROH_2025-12-08_G30,10110027MONTEIROH,2025-12-08,111433,1,8,0,119.0
10110027MONTEIROH_2025-12-08_G31,10110027MONTEIROH,2025-12-08,111418,1,13,0,309.0
10110027MONTEIROH_2025-12-08_G32,10110027MONTEIROH,2025-12-08,117785,1,4,0,112.0
10110027MONTEIROH_2025-12-08_G33,10110027MONTEIROH,2025-12-08,111443,1,6,0,90.0
10110027MONTEIROH_2025-12-08_G34,10110027MONTEIROH,2025-12-08,111466,1,13,0,225.0
10110027MONTEIROH_2025-12-08_G35,10110027MONTEIROH,2025-12-08,111466,1,2,0,36.0
10110027MONTEIROH_2025-12-08_G36,10110027MONTEIROH,2025-12-08,117856,1,4,0,2961.0
10110027MONTEIROH_2025-12-08_G37,10110027MONTEIROH,2025-12-08,110748,1,8,0,429.0
10110027MONTEIROH_2025-12-08_G38,10110027MONTEIROH,2025-12-08,105705,1,8,0,260.0
10110027MONTEIROH_2025-12-08_G39,10110027MONTEIROH,2025-12-08,116241,1,8,0,151.0
10110027MONTEIROH_2025-12-08_G40,10110027MONTEIROH,2025-12-08,111182,1,8,0,170.0
10110027MONTEIROH_2025-12-08_G41,10110027MONTEIROH,2025-12-08,110745,1,12,0,130.0
10110027MONTEIROH_2025-12-08_G42,10110027MONTEIROH,2025-12-08,160055,1,4,0,102.0
10110027MONTEIROH_2025-12-08_G43,10110027MONTEIROH,2025-12-08,141457,1,12,0,353.0
10110027MONTEIROH_2025-12-08_G44,10110027MONTEIROH,2025-12-08,111433,1,8,0,110.0
10110027MONTEIROH_2025-12-08_G45,10110027MONTEIROH,2025-12-08,111431,1,8,0,108.0
10110027MONTEIROH_2025-12-08_G46,10110027MONTEIROH,2025-12-08,110743,1,4,0,123.0
10110027MONTEIROH_2025-12-08_G47,10110027MONTEIROH,2025-12-08,117842,1,12,0,151.0
10110027MONTEIROH_2025-12-08_G48,10110027MONTEIROH,2025-12-08,108795,1,16,0,151.0
10110027MONTEIROH_2025-12-08_G49,10110027MONTEIROH,2025-12-08,111463,1,24,0,460.0
10110027MONTEIROH_2025-12-08_G50,10110027MONTEIROH,2025-12-08,111444,1,8,0,168.0
10110027MONTEIROH_2025-12-08_G51,10110027MONTEIROH,2025-12-08,117821,1,20,0,248.0
10110027MONTEIROH_2025-12-08_G53,10110027MONTEIROH,2025-12-08,111438,1,6,0,769.0
10110027MONTEIROH_2025-12-08_G54,10110027MONTEIROH,2025-12-08,116527,1,5,0,140.0
10110027MONTEIROH_2025-12-08_G55,10110027MONTEIROH,2025-12-08,111330,1,10,0,1632.0
10110027MONTEIROH_2025-12-08_G56,10110027MONTEIROH,2025-12-08,111743,1,6,0,61.0
10110027MONTEIROH_2025-12-08_G57,10110027MONTEIROH,2025-12-08,111465,1,4,0,120.0
10110027MONTEIROH_2025-12-08_G58,10110027MONTEIROH,2025-12-08,110895,1,4,0,280.0
10110027MONTEIROH_2025-12-08_G59,10110027MONTEIROH,2025-12-08,118222,1,5,0,63.0
10110027MONTEIROH_2025-12-08_G60,10110027MONTEIROH,2025-12-08,111438,1,2,0,80.0
10110027MONTEIROH_2025-12-08_G61,10110027MONTEIROH,2025-12-08,110755,1,8,0,112.0
10110027MONTEIROH_2025-12-08_G62,10110027MONTEIROH,2025-12-08,110747,1,7,0,302.0
10110027MONTEIROH_2025-12-08_G63,10110027MONTEIROH,2025-12-08,110752,1,8,0,398.0
10110027MONTEIROH_2025-12-08_G64,10110027MONTEIROH,2025-12-08,118298,1,8,0,73.0
10110027MONTEIROH_2025-12-08_G65,10110027MONTEIROH,2025-12-08,141047,2,8,26,81.0
10110027MONTEIROH_2025-12-08_G66,10110027MONTEIROH,2025-12-08,111530,1,24,0,164.0
10110027MONTEIROH_2025-12-08_G67,10110027MONTEIROH,2025-12-08,109647,1,5,0,124.0
10110027MONTEIROH_2025-12-08_G68,10110027MONTEIROH,2025-12-08,117862,1,5,0,257.0
10110027MONTEIROH_2025-12-08_G69,10110027MONTEIROH,2025-12-08,140922,1,10,0,339.0
10110027MONTEIROH_2025-12-08_G70,10110027MONTEIROH,2025-12-08,108711,1,3,0,58.0
10110027MONTEIROH_2025-12-08_G71,10110027MONTEIROH,2025-12-08,111418,1,16,0,365.0
10110027MONTEIROH_2025-12-08_G72,10110027MONTEIROH,2025-12-08,111462,1,4,0,68.0
10110027MONTEIROH_2025-12-08_G73,10110027MONTEIROH,2025-12-08,111463,1,4,0,60.0
10110027MONTEIROH_2025-12-08_G74,10110027MONTEIROH,2025-12-08,117785,1,4,0,100.0
10110027MONTEIROH_2025-12-08_G75,10110027MONTEIROH,2025-12-08,111466,1,2,0,84.0
10110027MONTEIROH_2025-12-08_G76,10110027MONTEIROH,2025-12-08,141458,1,4,0,62.0
10110027MONTEIROH_2025-12-08_G77,10110027MONTEIROH,2025-12-08,111465,2,6,28,54.0
10110027MONTEIROH_2025-12-08_G78,10110027MONTEIROH,2025-12-08,109641,1,31,0,763.0
10110027MONTEIROH_2025-12-09_G02,10110027MONTEIROH,2025-12-09,111468,1,5,0,99.0
10110027MONTEIROH_2025-12-09_G03,10110027MONTEIROH,2025-12-09,117808,1,4,0,156.0
10110027MONTEIROH_2025-12-09_G04,10110027MONTEIROH,2025-12-09,118140,1,4,0,183.0
10110027MONTEIROH_2025-12-09_G05,10110027MONTEIROH,2025-12-09,111743,1,2,0,888.0
10110027MONTEIROH_2025-12-09_G06,10110027MONTEIROH,2025-12-09,108711,1,4,0,109.0
10110027MONTEIROH_2025-12-09_G07,10110027MONTEIROH,2025-12-09,141202,1,6,0,107.0
10110027MONTEIROH_2025-12-09_G08,10110027MONTEIROH,2025-12-09,110376,1,4,0,196.0
10110027MONTEIROH_2025-12-09_G09,10110027MONTEIROH,2025-12-09,141823,1,4,0,505.0
10110027MONTEIROH_2025-12-09_G10,10110027MONTEIROH,2025-12-09,118140,1,1,0,43.0
10110027MONTEIROH_2025-12-09_G11,10110027MONTEIROH,2025-12-09,111743,1,3,0,129.0
10110027MONTEIROH_2025-12-09_G12,10110027MONTEIROH,2025-12-09,110895,1,1,0,72.0
10110027MONTEIROH_2025-12-09_G13,10110027MONTEIROH,2025-12-09,110733,1,2,0,67.0
10110027MONTEIROH_2025-12-09_G14,10110027MONTEIROH,2025-12-09,140922,1,4,0,76.0
10110027MONTEIROH_2025-12-09_G15,10110027MONTEIROH,2025-12-09,140922,1,8,0,90.0
10110027MONTEIROH_2025-12-09_G16,10110027MONTEIROH,2025-12-09,110895,1,4,0,99.0
10110027MONTEIROH_2025-12-09_G17,10110027MONTEIROH,2025-12-09,110376,1,1,0,95.0
10110027MONTEIROH_2025-12-09_G18,10110027MONTEIROH,2025-12-09,111172,1,5,0,128.0
10110027MONTEIROH_2025-12-09_G19,10110027MONTEIROH,2025-12-09,110623,1,2,0,208.0
10110027MONTEIROH_2025-12-09_G20,10110027MONTEIROH,2025-12-09,110841,1,4,0,79.0
10110027MONTEIROH_2025-12-09_G21,10110027MONTEIROH,2025-12-09,111650,1,4,0,102.0
10110027MONTEIROH_2025-12-09_G22,10110027MONTEIROH,2025-12-09,110339,1,4,0,71.0
10110027MONTEIROH_2025-12-09_G23,10110027MONTEIROH,2025-12-09,101217,1,3,0,141.0
10110027MONTEIROH_2025-12-09_G24,10110027MONTEIROH,2025-12-09,111468,1,5,0,493.0
10110027MONTEIROH_2025-12-09_G25,10110027MONTEIROH,2025-12-09,103149,1,2,0,125.0
10110027MONTEIROH_2025-12-09_G26,10110027MONTEIROH,2025-12-09,110373,1,22,0,190.0
10110027MONTEIROH_2025-12-09_G27,10110027MONTEIROH,2025-12-09,111468,1,10,0,203.0
10110027MONTEIROH_2025-12-09_G28,10110027MONTEIROH,2025-12-09,111532,1,4,0,106.0
10110027MONTEIROH_2025-12-09_G29,10110027MONTEIROH,2025-12-09,117861,1,5,0,169.0
10110027MONTEIROH_2025-12-09_G30,10110027MONTEIROH,2025-12-09,109647,1,2,0,110.0
10110027MONTEIROH_2025-12-09_G31,10110027MONTEIROH,2025-12-09,110373,1,20,0,746.0
10110027MONTEIROH_2025-12-09_G32,10110027MONTEIROH,2025-12-09,117855,1,4,0,1676.0
10110027MONTEIROH_2025-12-09_G33,10110027MONTEIROH,2025-12-09,117861,1,4,0,61.0
10110027MONTEIROH_2025-12-09_G34,10110027MONTEIROH,2025-12-09,109647,1,4,0,129.0
10110027MONTEIROH_2025-12-09_G35,10110027MONTEIROH,2025-12-09,109640,1,2,0,93.0
10110027MONTEIROH_2025-12-09_G36,10110027MONTEIROH,2025-12-09,108772,1,2,0,94.0
10110027MONTEIROH_2025-12-09_G37,10110027MONTEIROH,2025-12-09,111348,2,2,22,283.0
10110027MONTEIROH_2025-12-09_G38,10110027MONTEIROH,2025-12-09,141456,1,4,0,194.0
10110027MONTEIROH_2025-12-09_G39,10110027MONTEIROH,2025-12-09,111435,1,5,0,100.0
10110027MONTEIROH_2025-12-09_G40,10110027MONTEIROH,2025-12-09,111469,1,11,0,187.0
10110027MONTEIROH_2025-12-09_G41,10110027MONTEIROH,2025-12-09,117821,1,12,0,143.0
10110027MONTEIROH_2025-12-09_G42,10110027MONTEIROH,2025-12-09,141458,1,10,0,97.0
10110027MONTEIROH_2025-12-09_G43,10110027MONTEIROH,2025-12-09,141456,1,60,0,608.0
10110027MONTEIROH_2025-12-09_G44,10110027MONTEIROH,2025-12-09,141457,1,100,0,264.0
10110027MONTEIROH_2025-12-09_G45,10110027MONTEIROH,2025-12-09,117785,1,60,0,607.0
10110027MONTEIROH_2025-12-09_G46,10110027MONTEIROH,2025-12-09,141458,1,60,0,589.0
10110027MONTEIROH_2025-12-09_G47,10110027MONTEIROH,2025-12-09,111466,2,52,20,741.0
10110027MONTEIROH_2025-12-09_G48,10110027MONTEIROH,2025-12-09,111172,2,8,20,775.0
10110027MONTEIROH_2025-12-09_G49,10110027MONTEIROH,2025-12-09,111468,2,3,25,97.0
10110027MONTEIROH_2025-12-09_G50,10110027MONTEIROH,2025-12-09,111418,1,20,0,185.0
10110027MONTEIROH_2025-12-09_G51,10110027MONTEIROH,2025-12-09,111418,1,8,0,50.0
10110027MONTEIROH_2025-12-09_G52,10110027MONTEIROH,2025-12-09,111462,1,10,0,76.0
10110027MONTEIROH_2025-12-09_G53,10110027MONTEIROH,2025-12-09,117831,1,10,0,100.0
10110027MONTEIROH_2025-12-09_G54,10110027MONTEIROH,2025-12-09,110895,1,5,0,433.0
10110027MONTEIROH_2025-12-09_G55,10110027MONTEIROH,2025-12-09,110895,1,2,0,33.0
10110027MONTEIROH_2025-12-09_G56,10110027MONTEIROH,2025-12-09,111438,1,2,0,91.0
10110027MONTEIROH_2025-12-09_G57,10110027MONTEIROH,2025-12-09,100334,1,3,0,102.0
10110027MONTEIROH_2025-12-09_G58,10110027MONTEIROH,2025-12-09,117855,1,4,0,129.0
10110027MONTEIROH_2025-12-09_G59,10110027MONTEIROH,2025-12-09,117855,1,4,0,39.0
10110027MONTEIROH_2025-12-09_G60,10110027MONTEIROH,2025-12-09,117861,1,2,0,32.0
10110027MONTEIROH_2025-12-09_G61,10110027MONTEIROH,2025-12-09,111530,1,22,0,226.0
10110027MONTEIROH_2025-12-09_G62,10110027MONTEIROH,2025-12-09,111530,1,4,0,32.0
10110027MONTEIROH_2025-12-09_G63,10110027MONTEIROH,2025-12-09,110711,1,2,0,80.0
10110027MONTEIROH_2025-12-09_G64,10110027MONTEIROH,2025-12-09,111602,1,8,0,161.0
10110027MONTEIROH_2025-12-09_G65,10110027MONTEIROH,2025-12-09,110374,2,14,29,343.0
10110027MONTEIROH_2025-12-09_G66,10110027MONTEIROH,2025-12-09,110376,1,6,0,1052.0
10110027MONTEIROH_2025-12-09_G67,10110027MONTEIROH,2025-12-09,110325,1,4,0,189.0
10110027MONTEIROH_2025-12-09_G69,10110027MONTEIROH,2025-12-09,110372,1,50,0,235.0
10110027MONTEIROH_2025-12-09_G70,10110027MONTEIROH,2025-12-09,111463,1,8,0,626.0
10110027MONTEIROH_2025-12-09_G71,10110027MONTEIROH,2025-12-09,118094,1,12,0,260.0
10110027MONTEIROH_2025-12-09_G72,10110027MONTEIROH,2025-12-09,111463,1,16,0,170.0
10110027MONTEIROH_2025-12-09_G73,10110027MONTEIROH,2025-12-09,118094,1,16,0,279.0
10110027MONTEIROH_2025-12-09_G74,10110027MONTEIROH,2025-12-09,110372,1,4,0,247.0
10110027MONTEIROH_2025-12-09_G75,10110027MONTEIROH,2025-12-09,141202,1,4,0,116.0
10110027MONTEIROH_2025-12-09_G76,10110027MONTEIROH,2025-12-09,110895,1,4,0,131.0
10110027MONTEIROH_2025-12-09_G77,10110027MONTEIROH,2025-12-09,118140,1,4,0,117.0
10110027MONTEIROH_2025-12-09_G78,10110027MONTEIROH,2025-12-09,111743,1,4,0,101.0
10110027MONTEIROH_2025-12-09_G79,10110027MONTEIROH,2025-12-09,140922,1,4,0,99.0
10110027MONTEIROH_2025-12-09_G80,10110027MONTEIROH,2025-12-09,108711,1,4,0,46.0
10110027MONTEIROH_2025-12-09_G81,10110027MONTEIROH,2025-12-09,108795,1,2,0,100.0
10110027MONTEIROH_2025-12-09_G82,10110027MONTEIROH,2025-12-09,111463,1,2,0,63.0
10110027MONTEIROH_2025-12-09_G83,10110027MONTEIROH,2025-12-09,117831,1,4,0,94.0
10110027MONTEIROH_2025-12-09_G84,10110027MONTEIROH,2025-12-09,117785,1,2,0,88.0
10110027MONTEIROH_2025-12-09_G85,10110027MONTEIROH,2025-12-09,117821,1,4,0,120.0
10110027MONTEIROH_2025-12-09_G86,10110027MONTEIROH,2025-12-09,140911,1,4,0,1066.0
10110027MONTEIROH_2025-12-09_G87,10110027MONTEIROH,2025-12-09,111466,1,4,0,164.0
10110027MONTEIROH_2025-12-09_G88,10110027MONTEIROH,2025-12-09,111172,1,5,0,146.0
10110027MONTEIROH_2025-12-09_G89,10110027MONTEIROH,2025-12-09,111469,1,4,0,98.0
10110027MONTEIROH_2025-12-09_G90,10110027MONTEIROH,2025-12-09,111469,1,5,0,42.0
10110027MONTEIROH_2025-12-09_G91,10110027MONTEIROH,2025-12-09,107236,1,6,0,97.0
10110027MONTEIROH_2025-12-09_G92,10110027MONTEIROH,2025-12-09,111530,1,2,0,171.0
10110027MONTEIROH_2025-12-09_G93,10110027MONTEIROH,2025-12-09,100334,1,2,0,157.0
10110027MONTEIROH_2025-12-09_G94,10110027MONTEIROH,2025-12-09,117832,1,4,0,421.0
10110027MONTEIROH_2025-12-09_G95,10110027MONTEIROH,2025-12-09,111466,1,11,0,191.0
10110027MONTEIROH_2025-12-09_G96,10110027MONTEIROH,2025-12-09,111172,1,5,0,111.0
10110027MONTEIROH_2025-12-09_G97,10110027MONTEIROH,2025-12-09,111462,1,6,0,137.0
10110027MONTEIROH_2025-12-09_G98,10110027MONTEIROH,2025-12-09,140911,1,6,0,122.0
10110027MONTEIROH_2025-12-09_G99,10110027MONTEIROH,2025-12-09,141313,1,1,0,156.0
10110027MONTEIROH_2025-12-09_G100,10110027MONTEIROH,2025-12-09,111530,1,26,0,577.0
10110027MONTEIROH_2025-12-09_G101,10110027MONTEIROH,2025-12-09,110373,1,17,0,347.0
10110027MONTEIROH_2025-12-09_G102,10110027MONTEIROH,2025-12-09,111172,1,8,0,169.0
10110027MONTEIROH_2025-12-10_G02,10110027MONTEIROH,2025-12-10,111430,1,4,0,260.0
10110027MONTEIROH_2025-12-10_G03,10110027MONTEIROH,2025-12-10,110747,1,14,0,383.0
10110027MONTEIROH_2025-12-10_G04,10110027MONTEIROH,2025-12-10,107892,1,10,0,192.0
10110027MONTEIROH_2025-12-10_G05,10110027MONTEIROH,2025-12-10,108770,1,21,0,519.0
10110027MONTEIROH_2025-12-10_G06,10110027MONTEIROH,2025-12-10,111602,1,2,0,208.0
10110027MONTEIROH_2025-12-10_G07,10110027MONTEIROH,2025-12-10,110752,1,2,0,47.0
10110027MONTEIROH_2025-12-10_G08,10110027MONTEIROH,2025-12-10,118298,1,11,0,87.0
10110027MONTEIROH_2025-12-10_G09,10110027MONTEIROH,2025-12-10,111530,1,14,0,191.0
10110027MONTEIROH_2025-12-10_G10,10110027MONTEIROH,2025-12-10,118222,1,20,0,407.0
10110027MONTEIROH_2025-12-10_G11,10110027MONTEIROH,2025-12-10,111530,1,35,0,460.0
10110027MONTEIROH_2025-12-10_G12,10110027MONTEIROH,2025-12-10,109647,1,10,0,154.0
10110027MONTEIROH_2025-12-10_G13,10110027MONTEIROH,2025-12-10,109640,1,15,0,177.0
10110027MONTEIROH_2025-12-10_G14,10110027MONTEIROH,2025-12-10,118317,1,29,0,303.0
10110027MONTEIROH_2025-12-10_G15,10110027MONTEIROH,2025-12-10,111468,1,20,0,172.0
10110027MONTEIROH_2025-12-10_G16,10110027MONTEIROH,2025-12-10,111468,1,17,0,106.0
10110027MONTEIROH_2025-12-10_G17,10110027MONTEIROH,2025-12-10,141457,1,80,0,572.0
10110027MONTEIROH_2025-12-10_G18,10110027MONTEIROH,2025-12-10,111463,1,80,0,497.0
10110027MONTEIROH_2025-12-10_G19,10110027MONTEIROH,2025-12-10,110376,1,2,0,155.0
10110027MONTEIROH_2025-12-10_G20,10110027MONTEIROH,2025-12-10,118299,1,6,0,127.0
10110027MONTEIROH_2025-12-10_G21,10110027MONTEIROH,2025-12-10,141456,1,100,0,336.0
10110027MONTEIROH_2025-12-10_G22,10110027MONTEIROH,2025-12-10,109645,1,24,0,317.0
10110027MONTEIROH_2025-12-10_G23,10110027MONTEIROH,2025-12-10,140922,2,37,24,493.0
10110027MONTEIROH_2025-12-10_G24,10110027MONTEIROH,2025-12-10,110740,1,37,0,250.0
10110027MONTEIROH_2025-12-10_G25,10110027MONTEIROH,2025-12-10,108795,1,32,0,420.0
10110027MONTEIROH_2025-12-10_G26,10110027MONTEIROH,2025-12-10,111462,1,1,0,41.0
10110027MONTEIROH_2025-12-10_G27,10110027MONTEIROH,2025-12-10,117808,1,600,0,1577.0
10110027MONTEIROH_2025-12-10_G28,10110027MONTEIROH,2025-12-10,111469,1,20,0,165.0
10110027MONTEIROH_2025-12-10_G29,10110027MONTEIROH,2025-12-10,141458,1,60,0,484.0
10110027MONTEIROH_2025-12-10_G30,10110027MONTEIROH,2025-12-10,117832,1,10,0,1317.0
10110027MONTEIROH_2025-12-10_G31,10110027MONTEIROH,2025-12-10,109640,1,8,0,216.0
10110027MONTEIROH_2025-12-10_G32,10110027MONTEIROH,2025-12-10,108772,1,2,0,83.0
10110027MONTEIROH_2025-12-10_G33,10110027MONTEIROH,2025-12-10,109471,1,4,0,102.0
10110027MONTEIROH_2025-12-10_G34,10110027MONTEIROH,2025-12-10,141823,1,10,0,95.0
10110027MONTEIROH_2025-12-10_G35,10110027MONTEIROH,2025-12-10,141456,1,16,0,95.0
10110027MONTEIROH_2025-12-10_G36,10110027MONTEIROH,2025-12-10,118140,1,1,0,44.0
10110027MONTEIROH_2025-12-10_G37,10110027MONTEIROH,2025-12-10,109645,1,2,0,55.0
10110027MONTEIROH_2025-12-10_G38,10110027MONTEIROH,2025-12-10,110745,1,2,0,88.0
10110027MONTEIROH_2025-12-10_G39,10110027MONTEIROH,2025-12-10,108711,1,2,0,45.0
10110027MONTEIROH_2025-12-10_G40,10110027MONTEIROH,2025-12-10,141457,1,12,0,151.0
10110027MONTEIROH_2025-12-10_G41,10110027MONTEIROH,2025-12-10,111431,1,1,0,58.0
10110027MONTEIROH_2025-12-10_G42,10110027MONTEIROH,2025-12-10,108795,1,2,0,187.0
10110027MONTEIROH_2025-12-10_G43,10110027MONTEIROH,2025-12-10,111462,1,8,0,83.0
10110027MONTEIROH_2025-12-10_G44,10110027MONTEIROH,2025-12-10,111463,1,3,0,56.0
10110027MONTEIROH_2025-12-10_G45,10110027MONTEIROH,2025-12-10,111469,1,3,0,2103.0
10110027MONTEIROH_2025-12-10_G46,10110027MONTEIROH,2025-12-10,117831,1,10,0,109.0
10110027MONTEIROH_2025-12-10_G47,10110027MONTEIROH,2025-12-10,107236,1,6,0,89.0
10110027MONTEIROH_2025-12-10_G48,10110027MONTEIROH,2025-12-10,117821,1,6,0,108.0
10110027MONTEIROH_2025-12-10_G49,10110027MONTEIROH,2025-12-10,141458,1,12,0,79.0
10110027MONTEIROH_2025-12-10_G50,10110027MONTEIROH,2025-12-10,110325,1,4,0,257.0
10110027MONTEIROH_2025-12-10_G51,10110027MONTEIROH,2025-12-10,141823,1,8,0,164.0
10110027MONTEIROH_2025-12-10_G52,10110027MONTEIROH,2025-12-10,118140,1,20,0,174.0
10110027MONTEIROH_2025-12-10_G53,10110027MONTEIROH,2025-12-10,140922,1,8,0,160.0
10110027MONTEIROH_2025-12-10_G54,10110027MONTEIROH,2025-12-10,110895,1,8,0,112.0
10110027MONTEIROH_2025-12-10_G55,10110027MONTEIROH,2025-12-10,117832,1,4,0,460.0
10110027MONTEIROH_2025-12-10_G56,10110027MONTEIROH,2025-12-10,141823,1,6,0,127.0
10110027MONTEIROH_2025-12-10_G57,10110027MONTEIROH,2025-12-10,140922,1,4,0,69.0
10110027MONTEIROH_2025-12-10_G58,10110027MONTEIROH,2025-12-10,110733,1,2,0,48.0
10110027MONTEIROH_2025-12-10_G59,10110027MONTEIROH,2025-12-10,141823,1,6,0,141.0
10110027MONTEIROH_2025-12-10_G60,10110027MONTEIROH,2025-12-10,118140,1,8,0,75.0
10110027MONTEIROH_2025-12-10_G61,10110027MONTEIROH,2025-12-10,111743,1,4,0,109.0
10110027MONTEIROH_2025-12-10_G62,10110027MONTEIROH,2025-12-10,140922,1,4,0,95.0
10110027MONTEIROH_2025-12-10_G63,10110027MONTEIROH,2025-12-10,110733,1,2,0,77.0
10110027MONTEIROH_2025-12-10_G65,10110027MONTEIROH,2025-12-10,110752,1,123,0,1346.0
10110027MONTEIROH_2025-12-10_G66,10110027MONTEIROH,2025-12-10,110756,1,57,0,280.0
10110027MONTEIROH_2025-12-10_G67,10110027MONTEIROH,2025-12-10,117854,1,212,0,972.0
10110027MONTEIROH_2025-12-10_G68,10110027MONTEIROH,2025-12-10,111182,1,132,0,681.0
10110027MONTEIROH_2025-12-10_G69,10110027MONTEIROH,2025-12-10,110325,1,240,0,652.0
10110027MONTEIROH_2025-12-10_G70,10110027MONTEIROH,2025-12-10,110748,1,7,0,383.0
10110027MONTEIROH_2025-12-10_G71,10110027MONTEIROH,2025-12-10,118317,1,4,0,59.0
10110027MONTEIROH_2025-12-10_G72,10110027MONTEIROH,2025-12-10,111172,1,5,0,45.0
10110027MONTEIROH_2025-12-10_G73,10110027MONTEIROH,2025-12-10,141456,1,18,0,118.0
10110027MONTEIROH_2025-12-10_G74,10110027MONTEIROH,2025-12-10,118140,1,2,0,32.0
10110027MONTEIROH_2025-12-10_G75,10110027MONTEIROH,2025-12-10,109645,1,12,0,130.0
10110027MONTEIROH_2025-12-10_G76,10110027MONTEIROH,2025-12-10,111330,1,8,0,124.0
10110027MONTEIROH_2025-12-10_G77,10110027MONTEIROH,2025-12-10,111743,1,3,0,51.0
10110027MONTEIROH_2025-12-10_G78,10110027MONTEIROH,2025-12-10,110745,1,4,0,131.0
10110027MONTEIROH_2025-12-10_G79,10110027MONTEIROH,2025-12-10,111532,1,7,0,109.0
10110027MONTEIROH_2025-12-10_G80,10110027MONTEIROH,2025-12-10,108794,1,8,0,199.0
10110027MONTEIROH_2025-12-10_G81,10110027MONTEIROH,2025-12-10,111431,1,6,0,125.0
10110027MONTEIROH_2025-12-10_G82,10110027MONTEIROH,2025-12-10,105705,1,8,0,133.0
10110027MONTEIROH_2025-12-10_G83,10110027MONTEIROH,2025-12-10,111418,1,28,0,67.0
10110027MONTEIROH_2025-12-10_G84,10110027MONTEIROH,2025-12-10,117841,1,4,0,127.0
10110027MONTEIROH_2025-12-10_G85,10110027MONTEIROH,2025-12-10,111469,1,7,0,109.0
10110027MONTEIROH_2025-12-10_G86,10110027MONTEIROH,2025-12-10,111444,1,4,0,60.0
10110027MONTEIROH_2025-12-10_G87,10110027MONTEIROH,2025-12-10,117831,1,16,0,127.0
10110027MONTEIROH_2025-12-10_G88,10110027MONTEIROH,2025-12-10,117329,1,1,0,65.0
10110027MONTEIROH_2025-12-10_G89,10110027MONTEIROH,2025-12-10,117785,1,4,0,65.0
10110027MONTEIROH_2025-12-10_G90,10110027MONTEIROH,2025-12-10,111443,1,4,0,90.0
10110027MONTEIROH_2025-12-11_G02,10110027MONTEIROH,2025-12-11,117935,1,18,0,241.0
10110027MONTEIROH_2025-12-11_G03,10110027MONTEIROH,2025-12-11,117861,1,14,0,341.0
10110027MONTEIROH_2025-12-11_G04,10110027MONTEIROH,2025-12-11,140923,1,8,0,252.0
10110027MONTEIROH_2025-12-11_G05,10110027MONTEIROH,2025-12-11,111602,1,4,0,120.0
10110027MONTEIROH_2025-12-11_G06,10110027MONTEIROH,2025-12-11,117965,1,1,0,57.0
10110027MONTEIROH_2025-12-11_G07,10110027MONTEIROH,2025-12-11,117965,1,7,0,51.0
10110027MONTEIROH_2025-12-11_G08,10110027MONTEIROH,2025-12-11,117861,1,28,0,408.0
10110027MONTEIROH_2025-12-11_G09,10110027MONTEIROH,2025-12-11,117861,1,4,0,41.0
10110027MONTEIROH_2025-12-11_G10,10110027MONTEIROH,2025-12-11,117861,1,2,0,48.0
10110027MONTEIROH_2025-12-11_G11,10110027MONTEIROH,2025-12-11,117861,1,24,0,136.0
10110027MONTEIROH_2025-12-11_G12,10110027MONTEIROH,2025-12-11,140923,1,24,0,344.0
10110027MONTEIROH_2025-12-11_G13,10110027MONTEIROH,2025-12-11,111530,1,48,0,510.0
10110027MONTEIROH_2025-12-11_G14,10110027MONTEIROH,2025-12-11,111530,1,28,0,450.0
10110027MONTEIROH_2025-12-11_G15,10110027MONTEIROH,2025-12-11,110756,1,1,0,57.0
10110027MONTEIROH_2025-12-11_G16,10110027MONTEIROH,2025-12-11,110756,1,12,0,80.0
10110027MONTEIROH_2025-12-11_G17,10110027MONTEIROH,2025-12-11,110372,1,130,0,352.0
10110027MONTEIROH_2025-12-11_G18,10110027MONTEIROH,2025-12-11,110372,1,30,0,142.0
10110027MONTEIROH_2025-12-11_G19,10110027MONTEIROH,2025-12-11,110372,1,30,0,179.0
10110027MONTEIROH_2025-12-11_G20,10110027MONTEIROH,2025-12-11,141457,1,12,0,709.0
10110027MONTEIROH_2025-12-11_G21,10110027MONTEIROH,2025-12-11,111569,1,1,0,2319.0
10110027MONTEIROH_2025-12-11_G22,10110027MONTEIROH,2025-12-11,118222,1,3,0,97.0
10110027MONTEIROH_2025-12-11_G23,10110027MONTEIROH,2025-12-11,117834,1,2,0,69.0
10110027MONTEIROH_2025-12-11_G24,10110027MONTEIROH,2025-12-11,110755,1,4,0,89.0
10110027MONTEIROH_2025-12-11_G25,10110027MONTEIROH,2025-12-11,118094,1,7,0,153.0
10110027MONTEIROH_2025-12-11_G26,10110027MONTEIROH,2025-12-11,117861,1,4,0,221.0
10110027MONTEIROH_2025-12-11_G27,10110027MONTEIROH,2025-12-11,118298,1,2,0,97.0
10110027MONTEIROH_2025-12-11_G28,10110027MONTEIROH,2025-12-11,111467,1,6,0,177.0
10110027MONTEIROH_2025-12-11_G29,10110027MONTEIROH,2025-12-11,110752,1,4,0,70.0
10110027MONTEIROH_2025-12-11_G30,10110027MONTEIROH,2025-12-11,117855,1,1,0,389.0
10110027MONTEIROH_2025-12-11_G31,10110027MONTEIROH,2025-12-11,117838,1,2,0,172.0
10110027MONTEIROH_2025-12-11_G32,10110027MONTEIROH,2025-12-11,141271,1,1,0,65.0
10110027MONTEIROH_2025-12-11_G33,10110027MONTEIROH,2025-12-11,110376,1,4,0,69.0
10110027MONTEIROH_2025-12-11_G34,10110027MONTEIROH,2025-12-11,141458,1,2,0,154.0
10110027MONTEIROH_2025-12-11_G35,10110027MONTEIROH,2025-12-11,111182,1,100,0,904.0
10110027MONTEIROH_2025-12-11_G36,10110027MONTEIROH,2025-12-11,117832,1,900,0,2135.0
10110027MONTEIROH_2025-12-11_G37,10110027MONTEIROH,2025-12-11,110313,1,29,0,668.0
10110027MONTEIROH_2025-12-11_G38,10110027MONTEIROH,2025-12-11,110733,1,15,0,527.0
10110027MONTEIROH_2025-12-11_G39,10110027MONTEIROH,2025-12-11,109640,1,18,0,544.0
10110027MONTEIROH_2025-12-11_G40,10110027MONTEIROH,2025-12-11,117855,1,10,0,171.0
10110027MONTEIROH_2025-12-11_G41,10110027MONTEIROH,2025-12-11,111602,1,50,0,377.0
10110027MONTEIROH_2025-12-11_G42,10110027MONTEIROH,2025-12-11,110339,1,50,0,228.0
10110027MONTEIROH_2025-12-11_G43,10110027MONTEIROH,2025-12-11,110339,1,50,0,275.0
10110027MONTEIROH_2025-12-11_G44,10110027MONTEIROH,2025-12-11,110733,1,35,0,256.0
10110027MONTEIROH_2025-12-11_G45,10110027MONTEIROH,2025-12-11,111530,1,33,0,446.0
10110027MONTEIROH_2025-12-11_G46,10110027MONTEIROH,2025-12-11,110711,1,42,0,857.0
10110027MONTEIROH_2025-12-11_G47,10110027MONTEIROH,2025-12-11,111532,1,16,0,382.0
10110027MONTEIROH_2025-12-11_G48,10110027MONTEIROH,2025-12-11,110743,1,20,0,174.0
10110027MONTEIROH_2025-12-11_G49,10110027MONTEIROH,2025-12-11,111418,1,22,0,405.0
10110027MONTEIROH_2025-12-11_G51,10110027MONTEIROH,2025-12-11,110895,1,5,0,38.0
10110027MONTEIROH_2025-12-11_G52,10110027MONTEIROH,2025-12-11,111446,1,4,0,83.0
10110027MONTEIROH_2025-12-11_G53,10110027MONTEIROH,2025-12-11,141456,1,2,0,105.0
10110027MONTEIROH_2025-12-11_G54,10110027MONTEIROH,2025-12-11,140922,1,4,0,72.0
10110027MONTEIROH_2025-12-11_G55,10110027MONTEIROH,2025-12-11,109645,1,2,0,75.0
10110027MONTEIROH_2025-12-11_G56,10110027MONTEIROH,2025-12-11,111468,1,8,0,83.0
10110027MONTEIROH_2025-12-11_G57,10110027MONTEIROH,2025-12-11,108798,1,4,0,98.0
10110027MONTEIROH_2025-12-11_G58,10110027MONTEIROH,2025-12-11,110765,1,1,0,40.0
10110027MONTEIROH_2025-12-11_G59,10110027MONTEIROH,2025-12-11,105705,1,3,0,89.0
10110027MONTEIROH_2025-12-11_G60,10110027MONTEIROH,2025-12-11,111463,1,4,0,57.0
10110027MONTEIROH_2025-12-11_G61,10110027MONTEIROH,2025-12-11,118223,1,4,0,51.0
10110027MONTEIROH_2025-12-11_G62,10110027MONTEIROH,2025-12-11,117831,1,6,0,52.0
10110027MONTEIROH_2025-12-11_G63,10110027MONTEIROH,2025-12-11,110740,1,4,0,114.0
10110027MONTEIROH_2025-12-11_G64,10110027MONTEIROH,2025-12-11,117808,1,10,0,212.0
10110027MONTEIROH_2025-12-11_G65,10110027MONTEIROH,2025-12-11,117832,1,4,0,104.0
10110027MONTEIROH_2025-12-11_G66,10110027MONTEIROH,2025-12-11,110375,1,4,0,111.0
10110027MONTEIROH_2025-12-11_G67,10110027MONTEIROH,2025-12-11,110372,1,8,0,69.0
10110027MONTEIROH_2025-12-11_G68,10110027MONTEIROH,2025-12-11,109640,1,7,0,144.0
10110027MONTEIROH_2025-12-12_G02,10110027MONTEIROH,2025-12-12,111655,1,1,0,86.0
10110027MONTEIROH_2025-12-12_G03,10110027MONTEIROH,2025-12-12,111466,1,7,0,136.0
10110027MONTEIROH_2025-12-12_G04,10110027MONTEIROH,2025-12-12,111466,1,27,0,228.0
10110027MONTEIROH_2025-12-12_G05,10110027MONTEIROH,2025-12-12,111466,1,33,0,492.0
10110027MONTEIROH_2025-12-12_G06,10110027MONTEIROH,2025-12-12,117808,1,20,0,443.0
10110027MONTEIROH_2025-12-12_G07,10110027MONTEIROH,2025-12-12,110374,1,3,0,278.0
10110027MONTEIROH_2025-12-12_G08,10110027MONTEIROH,2025-12-12,117808,1,15,0,109.0
10110027MONTEIROH_2025-12-12_G09,10110027MONTEIROH,2025-12-12,118140,1,2,0,63.0
10110027MONTEIROH_2025-12-12_G10,10110027MONTEIROH,2025-12-12,118140,1,12,0,130.0
10110027MONTEIROH_2025-12-12_G11,10110027MONTEIROH,2025-12-12,140922,1,2,0,52.0
10110027MONTEIROH_2025-12-12_G12,10110027MONTEIROH,2025-12-12,140923,1,9,0,148.0
10110027MONTEIROH_2025-12-12_G13,10110027MONTEIROH,2025-12-12,110895,1,1,0,110.0
10110027MONTEIROH_2025-12-12_G14,10110027MONTEIROH,2025-12-12,111438,1,2,0,148.0
10110027MONTEIROH_2025-12-12_G15,10110027MONTEIROH,2025-12-12,111430,1,2,0,50.0
10110027MONTEIROH_2025-12-12_G16,10110027MONTEIROH,2025-12-12,118222,1,6,0,410.0
10110027MONTEIROH_2025-12-12_G17,10110027MONTEIROH,2025-12-12,100334,1,3,0,89.0
10110027MONTEIROH_2025-12-12_G18,10110027MONTEIROH,2025-12-12,107892,1,2,0,116.0
10110027MONTEIROH_2025-12-12_G19,10110027MONTEIROH,2025-12-12,111602,1,11,0,293.0
10110027MONTEIROH_2025-12-12_G20,10110027MONTEIROH,2025-12-12,110339,1,2,0,1436.0
10110027MONTEIROH_2025-12-12_G21,10110027MONTEIROH,2025-12-12,141271,1,4,0,86.0
10110027MONTEIROH_2025-12-12_G22,10110027MONTEIROH,2025-12-12,110372,1,26,0,194.0
10110027MONTEIROH_2025-12-12_G23,10110027MONTEIROH,2025-12-12,111463,1,2,0,65.0
10110027MONTEIROH_2025-12-12_G24,10110027MONTEIROH,2025-12-12,111463,1,7,0,54.0
10110027MONTEIROH_2025-12-12_G25,10110027MONTEIROH,2025-12-12,117831,1,2,0,34.0
10110027MONTEIROH_2025-12-12_G26,10110027MONTEIROH,2025-12-12,117786,1,6,0,125.0
10110027MONTEIROH_2025-12-12_G27,10110027MONTEIROH,2025-12-12,110711,1,4,0,97.0
10110027MONTEIROH_2025-12-12_G28,10110027MONTEIROH,2025-12-12,110325,1,2,0,54.0
10110027MONTEIROH_2025-12-12_G29,10110027MONTEIROH,2025-12-12,111466,1,4,0,78.0
10110027MONTEIROH_2025-12-12_G30,10110027MONTEIROH,2025-12-12,111466,1,14,0,96.0
10110027MONTEIROH_2025-12-12_G31,10110027MONTEIROH,2025-12-12,108711,1,4,0,532.0
10110027MONTEIROH_2025-12-12_G32,10110027MONTEIROH,2025-12-12,111602,1,4,0,119.0
10110027MONTEIROH_2025-12-12_G33,10110027MONTEIROH,2025-12-12,110733,1,4,0,75.0
10110027MONTEIROH_2025-12-12_G34,10110027MONTEIROH,2025-12-12,110374,1,3,0,82.0
10110027MONTEIROH_2025-12-12_G35,10110027MONTEIROH,2025-12-12,118140,1,4,0,50.0
10110027MONTEIROH_2025-12-12_G36,10110027MONTEIROH,2025-12-12,141271,1,8,0,172.0
10110027MONTEIROH_2025-12-12_G37,10110027MONTEIROH,2025-12-12,141457,1,6,0,62.0
10110027MONTEIROH_2025-12-12_G38,10110027MONTEIROH,2025-12-12,117808,1,26,0,223.0
10110027MONTEIROH_2025-12-12_G39,10110027MONTEIROH,2025-12-12,110325,1,2,0,93.0
10110027MONTEIROH_2025-12-12_G40,10110027MONTEIROH,2025-12-12,117831,1,10,0,289.0
10110027MONTEIROH_2025-12-12_G41,10110027MONTEIROH,2025-12-12,111172,1,4,0,1497.0
10110027MONTEIROH_2025-12-12_G42,10110027MONTEIROH,2025-12-12,116241,1,2,0,94.0
10110027MONTEIROH_2025-12-12_G43,10110027MONTEIROH,2025-12-12,117935,1,1,0,47.0
10110027MONTEIROH_2025-12-12_G44,10110027MONTEIROH,2025-12-12,111530,1,4,0,82.0
10110027MONTEIROH_2025-12-12_G45,10110027MONTEIROH,2025-12-12,141823,1,12,0,209.0
10110027MONTEIROH_2025-12-12_G46,10110027MONTEIROH,2025-12-12,118140,1,12,0,97.0
10110027MONTEIROH_2025-12-12_G47,10110027MONTEIROH,2025-12-12,108711,1,4,0,95.0
10110027MONTEIROH_2025-12-12_G48,10110027MONTEIROH,2025-12-12,110374,1,7,0,118.0
10110027MONTEIROH_2025-12-12_G49,10110027MONTEIROH,2025-12-12,117808,1,6,0,64.0
10110027MONTEIROH_2025-12-12_G50,10110027MONTEIROH,2025-12-12,118317,1,4,0,134.0
10110027MONTEIROH_2025-12-12_G51,10110027MONTEIROH,2025-12-12,111172,1,2,0,68.0
10110027MONTEIROH_2025-12-12_G52,10110027MONTEIROH,2025-12-12,140911,1,2,0,902.0
10110027MONTEIROH_2025-12-12_G53,10110027MONTEIROH,2025-12-12,110515,1,4,0,145.0
10110027MONTEIROH_2025-12-12_G54,10110027MONTEIROH,2025-12-12,108711,1,4,0,123.0
10110027MONTEIROH_2025-12-12_G55,10110027MONTEIROH,2025-12-12,111466,1,7,0,118.0
10110027MONTEIROH_2025-12-12_G56,10110027MONTEIROH,2025-12-12,110711,1,4,0,180.0
10110027MONTEIROH_2025-12-12_G57,10110027MONTEIROH,2025-12-12,109640,1,8,0,136.0
10110027MONTEIROH_2025-12-12_G58,10110027MONTEIROH,2025-12-12,111466,1,8,0,124.0
10110027MONTEIROH_2025-12-12_G59,10110027MONTEIROH,2025-12-12,110711,1,3,0,107.0
10110027MONTEIROH_2025-12-12_G60,10110027MONTEIROH,2025-12-12,110711,1,7,0,55.0
10110027MONTEIROH_2025-12-12_G61,10110027MONTEIROH,2025-12-12,110374,1,2,0,311.0
10110027MONTEIROH_2025-12-12_G62,10110027MONTEIROH,2025-12-12,110895,1,4,0,99.0
10110027MONTEIROH_2025-12-12_G63,10110027MONTEIROH,2025-12-12,111438,1,2,0,441.0
10110027MONTEIROH_2025-12-12_G64,10110027MONTEIROH,2025-12-12,111569,1,2,0,64.0
10110027MONTEIROH_2025-12-12_G65,10110027MONTEIROH,2025-12-12,111655,1,2,0,96.0
10110027MONTEIROH_2025-12-12_G66,10110027MONTEIROH,2025-12-12,116527,1,4,0,151.0
10110027MONTEIROH_2025-12-12_G67,10110027MONTEIROH,2025-12-12,110375,1,4,0,372.0
10110027MONTEIROH_2025-12-12_G68,10110027MONTEIROH,2025-12-12,111468,1,155,0,1239.0
10110027MONTEIROH_2025-12-12_G69,10110027MONTEIROH,2025-12-12,111465,1,500,0,2261.0
10110027MONTEIROH_2025-12-12_G70,10110027MONTEIROH,2025-12-12,118317,1,4,0,1247.0
10110027MONTEIROH_2025-12-12_G71,10110027MONTEIROH,2025-12-12,140922,2,8,30,91.0
10110027MONTEIROH_2025-12-12_G72,10110027MONTEIROH,2025-12-12,140922,1,12,0,145.0
10110027MONTEIROH_2025-12-12_G73,10110027MONTEIROH,2025-12-12,111441,1,4,0,178.0
10110027MONTEIROH_2025-12-12_G74,10110027MONTEIROH,2025-12-12,111438,1,4,0,186.0
10110027MONTEIROH_2025-12-12_G75,10110027MONTEIROH,2025-12-12,111182,1,6,0,122.0
10110027MONTEIROH_2025-12-12_G76,10110027MONTEIROH,2025-12-12,111182,1,4,0,41.0
10110027MONTEIROH_2025-12-12_G77,10110027MONTEIROH,2025-12-12,141458,1,8,0,178.0
10110027MONTEIROH_2025-12-12_G78,10110027MONTEIROH,2025-12-12,141823,1,6,0,289.0
10110027MONTEIROH_2025-12-12_G79,10110027MONTEIROH,2025-12-12,110372,1,4,0,134.0
10110027MONTEIROH_2025-12-12_G80,10110027MONTEIROH,2025-12-12,109640,1,4,0,278.0
10110027MONTEIROH_2025-12-12_G81,10110027MONTEIROH,2025-12-12,109640,1,2,0,113.0
10110027MONTEIROH_2025-12-12_G83,10110027MONTEIROH,2025-12-12,111466,1,26,0,181.0
10110027MONTEIROH_2025-12-12_G84,10110027MONTEIROH,2025-12-12,105705,1,16,0,661.0
10110027MONTEIROH_2025-12-12_G85,10110027MONTEIROH,2025-12-12,105705,1,2,0,61.0
10110027MONTEIROH_2025-12-12_G86,10110027MONTEIROH,2025-12-12,111469,1,12,0,410.0
10110027MONTEIROH_2025-12-12_G87,10110027MONTEIROH,2025-12-12,110374,1,2,0,145.0
10110027MONTEIROH_2025-12-12_G88,10110027MONTEIROH,2025-12-12,118140,1,8,0,64.0
10110027MONTEIROH_2025-12-13_G02,10110027MONTEIROH,2025-12-13,117786,1,2,0,86.0
10110027MONTEIROH_2025-12-13_G03,10110027MONTEIROH,2025-12-13,117855,1,14,0,131.0
10110027MONTEIROH_2025-12-13_G04,10110027MONTEIROH,2025-12-13,101217,1,1,0,45.0
10110027MONTEIROH_2025-12-13_G05,10110027MONTEIROH,2025-12-13,118094,1,2,0,100.0
10110027MONTEIROH_2025-12-13_G06,10110027MONTEIROH,2025-12-13,117935,1,1,0,56.0
10110027MONTEIROH_2025-12-13_G07,10110027MONTEIROH,2025-12-13,140923,1,12,0,96.0
10110027MONTEIROH_2025-12-13_G08,10110027MONTEIROH,2025-12-13,110741,1,4,0,50.0
10110027MONTEIROH_2025-12-13_G09,10110027MONTEIROH,2025-12-13,110339,1,4,0,68.0
10110027MONTEIROH_2025-12-13_G10,10110027MONTEIROH,2025-12-13,117853,1,1,0,40.0
10110027MONTEIROH_2025-12-13_G11,10110027MONTEIROH,2025-12-13,118290,1,6,0,1036.0
10110027MONTEIROH_2025-12-13_G12,10110027MONTEIROH,2025-12-13,111462,1,4,0,94.0
10110027MONTEIROH_2025-12-13_G13,10110027MONTEIROH,2025-12-13,111469,1,4,0,70.0
10110027MONTEIROH_2025-12-13_G14,10110027MONTEIROH,2025-12-13,111418,1,60,0,1030.0
10110027MONTEIROH_2025-12-13_G15,10110027MONTEIROH,2025-12-13,111469,1,96,0,640.0
10110027MONTEIROH_2025-12-13_G16,10110027MONTEIROH,2025-12-13,110372,1,180,0,592.0
10110027MONTEIROH_2025-12-13_G17,10110027MONTEIROH,2025-12-13,117808,1,200,0,752.0
10110027MONTEIROH_2025-12-13_G18,10110027MONTEIROH,2025-12-13,118269,1,1,0,762.0
10110027MONTEIROH_2025-12-13_G19,10110027MONTEIROH,2025-12-13,140915,1,5,0,180.0
10110027MONTEIROH_2025-12-13_G20,10110027MONTEIROH,2025-12-13,118283,1,50,0,538.0
10110027MONTEIROH_2025-12-13_G21,10110027MONTEIROH,2025-12-13,118285,1,20,0,490.0
10110027MONTEIROH_2025-12-13_G22,10110027MONTEIROH,2025-12-13,118326,1,20,0,423.0
10110027MONTEIROH_2025-12-13_G23,10110027MONTEIROH,2025-12-13,118281,1,80,0,584.0
10110027MONTEIROH_2025-12-13_G24,10110027MONTEIROH,2025-12-13,111879,1,3,0,1653.0
10110027MONTEIROH_2025-12-13_G25,10110027MONTEIROH,2025-12-13,118094,1,2,0,319.0
10110027MONTEIROH_2025-12-13_G26,10110027MONTEIROH,2025-12-13,117861,1,10,0,83.0
10110027MONTEIROH_2025-12-13_G27,10110027MONTEIROH,2025-12-13,140923,1,20,0,1363.0
10110027MONTEIROH_2025-12-13_G28,10110027MONTEIROH,2025-12-13,111602,1,11,0,120.0
10110027MONTEIROH_2025-12-13_G29,10110027MONTEIROH,2025-12-13,110711,1,7,0,80.0
10110027MONTEIROH_2025-12-13_G30,10110027MONTEIROH,2025-12-13,110339,1,9,0,251.0
10110027MONTEIROH_2025-12-13_G31,10110027MONTEIROH,2025-12-13,117853,1,6,0,303.0
10110027MONTEIROH_2025-12-13_G32,10110027MONTEIROH,2025-12-13,141047,1,10,0,143.0
10110027MONTEIROH_2025-12-13_G33,10110027MONTEIROH,2025-12-13,109647,1,4,0,187.0
10110027MONTEIROH_2025-12-13_G34,10110027MONTEIROH,2025-12-13,109640,1,6,0,184.0
10110027MONTEIROH_2025-12-13_G35,10110027MONTEIROH,2025-12-13,108772,1,2,0,81.0
10110027MONTEIROH_2025-12-13_G36,10110027MONTEIROH,2025-12-13,117856,1,26,0,522.0
10110027MONTEIROH_2025-12-13_G37,10110027MONTEIROH,2025-12-13,111467,1,19,0,271.0
10110027MONTEIROH_2025-12-13_G38,10110027MONTEIROH,2025-12-13,117855,1,34,0,502.0
10110027MONTEIROH_2025-12-13_G39,10110027MONTEIROH,2025-12-13,110374,1,65,0,380.0
10110027MONTEIROH_2025-12-13_G40,10110027MONTEIROH,2025-12-13,117809,1,18,0,168.0
10110027MONTEIROH_2025-12-13_G41,10110027MONTEIROH,2025-12-13,117840,1,3,0,170.0
10110027MONTEIROH_2025-12-13_G42,10110027MONTEIROH,2025-12-13,110375,1,3,0,308.0
10110027MONTEIROH_2025-12-13_G44,10110027MONTEIROH,2025-12-13,118140,1,60,0,2075.0
10110027MONTEIROH_2025-12-13_G45,10110027MONTEIROH,2025-12-13,111469,1,30,0,705.0
10110027MONTEIROH_2025-12-13_G46,10110027MONTEIROH,2025-12-13,117785,1,50,0,226.0
10110027MONTEIROH_2025-12-13_G47,10110027MONTEIROH,2025-12-13,111418,1,27,0,1376.0
10110027MONTEIROH_2025-12-13_G48,10110027MONTEIROH,2025-12-13,117935,1,2,0,119.0
10110027MONTEIROH_2025-12-13_G49,10110027MONTEIROH,2025-12-13,111467,1,2,0,127.0
10110027MONTEIROH_2025-12-13_G50,10110027MONTEIROH,2025-12-13,111418,1,76,0,665.0
10110027MONTEIROH_2025-12-13_G51,10110027MONTEIROH,2025-12-13,118222,1,4,0,604.0
10110027MONTEIROH_2025-12-13_G52,10110027MONTEIROH,2025-12-13,110787,1,1,0,160.0
10110027MONTEIROH_2025-12-13_G53,10110027MONTEIROH,2025-12-13,117935,1,4,0,370.0
10110027MONTEIROH_2025-12-13_G54,10110027MONTEIROH,2025-12-13,111172,1,2,0,109.0
10110027MONTEIROH_2025-12-13_G55,10110027MONTEIROH,2025-12-13,111418,2,15,26,113.0
10110027MONTEIROH_2025-12-13_G56,10110027MONTEIROH,2025-12-13,111467,1,5,0,138.0
10110027MONTEIROH_2025-12-13_G57,10110027MONTEIROH,2025-12-13,111530,1,2,0,375.0
10110027MONTEIROH_2025-12-13_G58,10110027MONTEIROH,2025-12-13,111438,1,14,0,759.0
10110027MONTEIROH_2025-12-15_G02,10110027MONTEIROH,2025-12-15,117861,1,1,0,259.0
10110027MONTEIROH_2025-12-15_G03,10110027MONTEIROH,2025-12-15,117861,1,8,0,69.0
10110027MONTEIROH_2025-12-15_G04,10110027MONTEIROH,2025-12-15,140923,2,13,26,61.0
10110027MONTEIROH_2025-12-15_G05,10110027MONTEIROH,2025-12-15,110711,1,2,0,71.0
10110027MONTEIROH_2025-12-15_G06,10110027MONTEIROH,2025-12-15,110711,1,10,0,106.0
10110027MONTEIROH_2025-12-15_G07,10110027MONTEIROH,2025-12-15,110711,1,11,0,130.0
10110027MONTEIROH_2025-12-15_G08,10110027MONTEIROH,2025-12-15,"118298, 110733",2,6,27,98.0
10110027MONTEIROH_2025-12-15_G09,10110027MONTEIROH,2025-12-15,117853,2,10,27,85.0
10110027MONTEIROH_2025-12-15_G10,10110027MONTEIROH,2025-12-15,141066,1,2,0,224.0
10110027MONTEIROH_2025-12-15_G11,10110027MONTEIROH,2025-12-15,117786,1,1,0,106.0
10110027MONTEIROH_2025-12-15_G12,10110027MONTEIROH,2025-12-15,117786,1,10,0,80.0
10110027MONTEIROH_2025-12-15_G13,10110027MONTEIROH,2025-12-15,117786,1,8,0,410.0
10110027MONTEIROH_2025-12-15_G14,10110027MONTEIROH,2025-12-15,110756,1,1,0,31.0
10110027MONTEIROH_2025-12-15_G15,10110027MONTEIROH,2025-12-15,109647,1,1,0,119.0
10110027MONTEIROH_2025-12-15_G16,10110027MONTEIROH,2025-12-15,109647,1,4,0,38.0
10110027MONTEIROH_2025-12-15_G17,10110027MONTEIROH,2025-12-15,109647,1,3,0,66.0
10110027MONTEIROH_2025-12-15_G18,10110027MONTEIROH,2025-12-15,111467,1,6,0,99.0
10110027MONTEIROH_2025-12-15_G19,10110027MONTEIROH,2025-12-15,111467,1,12,0,81.0
10110027MONTEIROH_2025-12-15_G20,10110027MONTEIROH,2025-12-15,109640,1,10,0,125.0
10110027MONTEIROH_2025-12-15_G21,10110027MONTEIROH,2025-12-15,109640,1,6,0,438.0
10110027MONTEIROH_2025-12-15_G22,10110027MONTEIROH,2025-12-15,109640,1,3,0,47.0
10110027MONTEIROH_2025-12-15_G23,10110027MONTEIROH,2025-12-15,117854,1,2,0,404.0
10110027MONTEIROH_2025-12-15_G24,10110027MONTEIROH,2025-12-15,111418,1,22,0,908.0
10110027MONTEIROH_2025-12-15_G25,10110027MONTEIROH,2025-12-15,117821,1,14,0,229.0
10110027MONTEIROH_2025-12-15_G26,10110027MONTEIROH,2025-12-15,118299,1,13,0,979.0
10110027MONTEIROH_2025-12-15_G27,10110027MONTEIROH,2025-12-15,117935,1,2,0,160.0
10110027MONTEIROH_2025-12-15_G28,10110027MONTEIROH,2025-12-15,111418,1,15,0,154.0
10110027MONTEIROH_2025-12-15_G29,10110027MONTEIROH,2025-12-15,109643,1,3,0,151.0
10110027MONTEIROH_2025-12-15_G30,10110027MONTEIROH,2025-12-15,118299,1,4,0,137.0
10110027MONTEIROH_2025-12-15_G31,10110027MONTEIROH,2025-12-15,110371,1,30,0,609.0
10110027MONTEIROH_2025-12-15_G32,10110027MONTEIROH,2025-12-15,117832,1,8,0,158.0
10110027MONTEIROH_2025-12-15_G33,10110027MONTEIROH,2025-12-15,105705,1,3,0,166.0
10110027MONTEIROH_2025-12-15_G34,10110027MONTEIROH,2025-12-15,117853,1,4,0,358.0
10110027MONTEIROH_2025-12-15_G35,10110027MONTEIROH,2025-12-15,111530,1,2,0,174.0
10110027MONTEIROH_2025-12-15_G36,10110027MONTEIROH,2025-12-15,117808,1,100,0,540.0
10110027MONTEIROH_2025-12-15_G37,10110027MONTEIROH,2025-12-15,110371,1,12,0,558.0
10110027MONTEIROH_2025-12-15_G38,10110027MONTEIROH,2025-12-15,118299,1,30,0,329.0
10110027MONTEIROH_2025-12-15_G39,10110027MONTEIROH,2025-12-15,111172,1,2,0,105.0
10110027MONTEIROH_2025-12-15_G40,10110027MONTEIROH,2025-12-15,110751,1,4,0,168.0
10110027MONTEIROH_2025-12-15_G41,10110027MONTEIROH,2025-12-15,111433,1,2,0,729.0
10110027MONTEIROH_2025-12-15_G42,10110027MONTEIROH,2025-12-15,110743,1,4,0,57.0
10110027MONTEIROH_2025-12-15_G43,10110027MONTEIROH,2025-12-15,110372,1,50,0,1412.0
10110027MONTEIROH_2025-12-15_G44,10110027MONTEIROH,2025-12-15,111569,1,2,0,1655.0
10110027MONTEIROH_2025-12-15_G45,10110027MONTEIROH,2025-12-15,117861,1,2,0,52.0
10110027MONTEIROH_2025-12-15_G46,10110027MONTEIROH,2025-12-15,117856,1,2,0,51.0
10110027MONTEIROH_2025-12-15_G47,10110027MONTEIROH,2025-12-15,117809,1,2,0,89.0
10110027MONTEIROH_2025-12-15_G48,10110027MONTEIROH,2025-12-15,117808,1,13,0,125.0
10110027MONTEIROH_2025-12-15_G49,10110027MONTEIROH,2025-12-15,111602,1,2,0,89.0
10110027MONTEIROH_2025-12-15_G50,10110027MONTEIROH,2025-12-15,111530,1,6,0,137.0
10110027MONTEIROH_2025-12-15_G51,10110027MONTEIROH,2025-12-15,110376,1,2,0,78.0
10110027MONTEIROH_2025-12-15_G52,10110027MONTEIROH,2025-12-15,117832,1,2,0,262.0
10110027MONTEIROH_2025-12-15_G53,10110027MONTEIROH,2025-12-15,160051,1,1,0,65.0
10110027MONTEIROH_2025-12-15_G54,10110027MONTEIROH,2025-12-15,110372,1,8,0,129.0
10110027MONTEIROH_2025-12-15_G55,10110027MONTEIROH,2025-12-15,108361,1,2,0,138.0
10110027MONTEIROH_2025-12-15_G56,10110027MONTEIROH,2025-12-15,117855,1,2,0,65.0
10110027MONTEIROH_2025-12-15_G57,10110027MONTEIROH,2025-12-15,141916,1,4,0,127.0
10110027MONTEIROH_2025-12-15_G58,10110027MONTEIROH,2025-12-15,141318,1,2,0,76.0
10110027MONTEIROH_2025-12-15_G59,10110027MONTEIROH,2025-12-15,100334,1,2,0,74.0
10110027MONTEIROH_2025-12-15_G60,10110027MONTEIROH,2025-12-15,110747,1,4,0,167.0
10110027MONTEIROH_2025-12-15_G61,10110027MONTEIROH,2025-12-15,141202,1,1,0,89.0
10110027MONTEIROH_2025-12-15_G62,10110027MONTEIROH,2025-12-15,118299,1,34,0,457.0
10110027MONTEIROH_2025-12-15_G63,10110027MONTEIROH,2025-12-15,111172,1,6,0,391.0
10110027MONTEIROH_2025-12-15_G64,10110027MONTEIROH,2025-12-15,111465,1,4,0,75.0
10110027MONTEIROH_2025-12-15_G65,10110027MONTEIROH,2025-12-15,108795,1,2,0,60.0
10110027MONTEIROH_2025-12-15_G66,10110027MONTEIROH,2025-12-15,111463,1,8,0,95.0
10110027MONTEIROH_2025-12-15_G67,10110027MONTEIROH,2025-12-15,140922,1,4,0,68.0
10110027MONTEIROH_2025-12-15_G68,10110027MONTEIROH,2025-12-15,111532,1,8,0,244.0
10110027MONTEIROH_2025-12-15_G69,10110027MONTEIROH,2025-12-15,108798,1,2,0,88.0
10110027MONTEIROH_2025-12-15_G70,10110027MONTEIROH,2025-12-15,110743,1,2,0,52.0
10110027MONTEIROH_2025-12-15_G72,10110027MONTEIROH,2025-12-15,111466,1,10,0,131.0
10110027MONTEIROH_2025-12-15_G73,10110027MONTEIROH,2025-12-15,111418,1,16,0,172.0
10110027MONTEIROH_2025-12-15_G74,10110027MONTEIROH,2025-12-15,117831,1,14,0,323.0
10110027MONTEIROH_2025-12-15_G75,10110027MONTEIROH,2025-12-15,118140,1,7,0,676.0
10110027MONTEIROH_2025-12-15_G76,10110027MONTEIROH,2025-12-15,117787,1,2,0,50.0
10110027MONTEIROH_2025-12-15_G77,10110027MONTEIROH,2025-12-15,141458,1,8,0,94.0
10110027MONTEIROH_2025-12-15_G78,10110027MONTEIROH,2025-12-15,110740,1,6,0,115.0
10110027MONTEIROH_2025-12-15_G79,10110027MONTEIROH,2025-12-15,141457,1,8,0,87.0
10110027MONTEIROH_2025-12-15_G80,10110027MONTEIROH,2025-12-15,111443,1,1,0,93.0
10110027MONTEIROH_2025-12-15_G81,10110027MONTEIROH,2025-12-15,111438,1,4,0,386.0
10110027MONTEIROH_2025-12-15_G82,10110027MONTEIROH,2025-12-15,111879,1,2,0,380.0
10110027MONTEIROH_2025-12-15_G83,10110027MONTEIROH,2025-12-15,140923,1,6,0,72.0
10110027MONTEIROH_2025-12-15_G84,10110027MONTEIROH,2025-12-15,110741,1,1,0,51.0
10110027MONTEIROH_2025-12-15_G85,10110027MONTEIROH,2025-12-15,110374,1,6,0,178.0
10110027MONTEIROH_2025-12-15_G86,10110027MONTEIROH,2025-12-15,117809,1,2,0,59.0
10110027MONTEIROH_2025-12-15_G87,10110027MONTEIROH,2025-12-15,117808,1,8,0,69.0
10110027MONTEIROH_2025-12-15_G88,10110027MONTEIROH,2025-12-15,109648,1,1,0,37.0
10110027MONTEIROH_2025-12-15_G89,10110027MONTEIROH,2025-12-15,141456,1,20,0,121.0
10110027MONTEIROH_2025-12-15_G90,10110027MONTEIROH,2025-12-15,100334,1,2,0,355.0
10110027MONTEIROH_2025-12-15_G91,10110027MONTEIROH,2025-12-15,140911,1,1,0,62.0
10110027MONTEIROH_2025-12-15_G92,10110027MONTEIROH,2025-12-15,117789,1,2,0,89.0
10110027MONTEIROH_2025-12-15_G93,10110027MONTEIROH,2025-12-15,111602,1,8,0,222.0
10110027MONTEIROH_2025-12-15_G94,10110027MONTEIROH,2025-12-15,110339,1,6,0,139.0
10110027MONTEIROH_2025-12-15_G95,10110027MONTEIROH,2025-12-15,110750,1,2,0,81.0
10110027MONTEIROH_2025-12-15_G96,10110027MONTEIROH,2025-12-15,107629,1,6,0,327.0
10110027MONTEIROH_2025-12-15_G97,10110027MONTEIROH,2025-12-15,111530,1,14,0,137.0
10110027MONTEIROH_2025-12-15_G98,10110027MONTEIROH,2025-12-15,111467,1,2,0,131.0
10110027MONTEIROH_2025-12-15_G99,10110027MONTEIROH,2025-12-15,110376,1,4,0,245.0
10110027MONTEIROH_2025-12-15_G100,10110027MONTEIROH,2025-12-15,110325,1,4,0,162.0
10110027MONTEIROH_2025-12-15_G101,10110027MONTEIROH,2025-12-15,117837,1,4,0,440.0
10110027MONTEIROH_2025-12-15_G102,10110027MONTEIROH,2025-12-15,118299,1,34,0,186.0
10110027MONTEIROH_2025-12-15_G103,10110027MONTEIROH,2025-12-15,110787,1,8,0,631.0
10110027MONTEIROH_2025-12-15_G104,10110027MONTEIROH,2025-12-15,117808,1,18,0,300.0
10110027MONTEIROH_2025-12-15_G105,10110027MONTEIROH,2025-12-15,117832,1,2,0,174.0
10110027MONTEIROH_2025-12-15_G106,10110027MONTEIROH,2025-12-15,110787,1,2,0,126.0
10110027MONTEIROH_2025-12-16_G02,10110027MONTEIROH,2025-12-16,111463,1,366,0,952.0
10110027MONTEIROH_2025-12-16_G03,10110027MONTEIROH,2025-12-16,111462,1,400,0,1533.0
10110027MONTEIROH_2025-12-16_G04,10110027MONTEIROH,2025-12-16,110748,1,4,0,946.0
10110027MONTEIROH_2025-12-16_G05,10110027MONTEIROH,2025-12-16,111446,1,3,0,55.0
10110027MONTEIROH_2025-12-16_G06,10110027MONTEIROH,2025-12-16,118317,1,9,0,104.0
10110027MONTEIROH_2025-12-16_G07,10110027MONTEIROH,2025-12-16,111172,1,13,0,262.0
10110027MONTEIROH_2025-12-16_G08,10110027MONTEIROH,2025-12-16,111418,1,17,0,401.0
10110027MONTEIROH_2025-12-16_G09,10110027MONTEIROH,2025-12-16,160055,1,9,0,138.0
10110027MONTEIROH_2025-12-16_G10,10110027MONTEIROH,2025-12-16,111532,1,1,0,66.0
10110027MONTEIROH_2025-12-16_G11,10110027MONTEIROH,2025-12-16,111532,1,2,0,36.0
10110027MONTEIROH_2025-12-16_G12,10110027MONTEIROH,2025-12-16,111532,1,14,0,244.0
10110027MONTEIROH_2025-12-16_G13,10110027MONTEIROH,2025-12-16,111435,1,6,0,111.0
10110027MONTEIROH_2025-12-16_G14,10110027MONTEIROH,2025-12-16,111433,1,5,0,104.0
10110027MONTEIROH_2025-12-16_G15,10110027MONTEIROH,2025-12-16,117842,1,3,0,65.0
10110027MONTEIROH_2025-12-16_G16,10110027MONTEIROH,2025-12-16,111469,1,6,0,91.0
10110027MONTEIROH_2025-12-16_G17,10110027MONTEIROH,2025-12-16,110740,1,14,0,135.0
10110027MONTEIROH_2025-12-16_G18,10110027MONTEIROH,2025-12-16,117830,1,22,0,326.0
10110027MONTEIROH_2025-12-16_G19,10110027MONTEIROH,2025-12-16,117830,1,5,0,34.0
10110027MONTEIROH_2025-12-16_G20,10110027MONTEIROH,2025-12-16,117830,1,9,0,54.0
10110027MONTEIROH_2025-12-16_G21,10110027MONTEIROH,2025-12-16,160053,1,2,0,103.0
10110027MONTEIROH_2025-12-16_G22,10110027MONTEIROH,2025-12-16,160051,1,7,0,54.0
10110027MONTEIROH_2025-12-16_G23,10110027MONTEIROH,2025-12-16,110373,1,41,0,402.0
10110027MONTEIROH_2025-12-16_G24,10110027MONTEIROH,2025-12-16,110373,1,45,0,306.0
10110027MONTEIROH_2025-12-16_G25,10110027MONTEIROH,2025-12-16,111879,1,4,0,1610.0
10110027MONTEIROH_2025-12-16_G26,10110027MONTEIROH,2025-12-16,111876,1,1,0,321.0
10110027MONTEIROH_2025-12-16_G27,10110027MONTEIROH,2025-12-16,111602,1,12,0,122.0
10110027MONTEIROH_2025-12-16_G28,10110027MONTEIROH,2025-12-16,110581,1,7,0,81.0
10110027MONTEIROH_2025-12-16_G29,10110027MONTEIROH,2025-12-16,111650,1,15,0,94.0
10110027MONTEIROH_2025-12-16_G30,10110027MONTEIROH,2025-12-16,110339,1,22,0,267.0
10110027MONTEIROH_2025-12-16_G31,10110027MONTEIROH,2025-12-16,107629,1,9,0,138.0
10110027MONTEIROH_2025-12-16_G32,10110027MONTEIROH,2025-12-16,117862,1,2,0,107.0
10110027MONTEIROH_2025-12-16_G33,10110027MONTEIROH,2025-12-16,109640,1,6,0,97.0
10110027MONTEIROH_2025-12-16_G34,10110027MONTEIROH,2025-12-16,110752,1,11,0,110.0
10110027MONTEIROH_2025-12-16_G35,10110027MONTEIROH,2025-12-16,141066,1,56,0,458.0
10110027MONTEIROH_2025-12-16_G36,10110027MONTEIROH,2025-12-16,111465,1,36,0,307.0
10110027MONTEIROH_2025-12-16_G37,10110027MONTEIROH,2025-12-16,118285,1,23,0,156.0
10110027MONTEIROH_2025-12-16_G38,10110027MONTEIROH,2025-12-16,109641,1,4,0,280.0
10110027MONTEIROH_2025-12-16_G39,10110027MONTEIROH,2025-12-16,111433,1,6,0,129.0
10110027MONTEIROH_2025-12-16_G40,10110027MONTEIROH,2025-12-16,111431,1,2,0,143.0
10110027MONTEIROH_2025-12-16_G41,10110027MONTEIROH,2025-12-16,141457,1,11,0,125.0
10110027MONTEIROH_2025-12-16_G42,10110027MONTEIROH,2025-12-16,108795,1,24,0,623.0
10110027MONTEIROH_2025-12-16_G43,10110027MONTEIROH,2025-12-16,109645,1,14,0,220.0
10110027MONTEIROH_2025-12-16_G44,10110027MONTEIROH,2025-12-16,110751,1,27,0,365.0
10110027MONTEIROH_2025-12-16_G45,10110027MONTEIROH,2025-12-16,108798,1,56,0,617.0
10110027MONTEIROH_2025-12-16_G46,10110027MONTEIROH,2025-12-16,118326,1,30,0,757.0
10110027MONTEIROH_2025-12-16_G47,10110027MONTEIROH,2025-12-16,107236,1,23,0,453.0
10110027MONTEIROH_2025-12-16_G48,10110027MONTEIROH,2025-12-16,118330,1,26,0,476.0
10110027MONTEIROH_2025-12-16_G49,10110027MONTEIROH,2025-12-16,111463,1,70,0,814.0
10110027MONTEIROH_2025-12-16_G51,10110027MONTEIROH,2025-12-16,118222,1,2,0,82.0
10110027MONTEIROH_2025-12-16_G52,10110027MONTEIROH,2025-12-16,117836,1,4,0,178.0
10110027MONTEIROH_2025-12-16_G53,10110027MONTEIROH,2025-12-16,111861,1,1,0,95.0
10110027MONTEIROH_2025-12-16_G54,10110027MONTEIROH,2025-12-16,141916,1,3,0,81.0
10110027MONTEIROH_2025-12-16_G55,10110027MONTEIROH,2025-12-16,110747,1,4,0,159.0
10110027MONTEIROH_2025-12-16_G56,10110027MONTEIROH,2025-12-16,111438,1,10,0,355.0
10110027MONTEIROH_2025-12-16_G57,10110027MONTEIROH,2025-12-16,111430,1,7,0,288.0
10110027MONTEIROH_2025-12-16_G58,10110027MONTEIROH,2025-12-16,117861,1,2,0,241.0
10110027MONTEIROH_2025-12-16_G59,10110027MONTEIROH,2025-12-16,117856,1,1,0,31.0
10110027MONTEIROH_2025-12-16_G60,10110027MONTEIROH,2025-12-16,118298,1,5,0,131.0
10110027MONTEIROH_2025-12-16_G61,10110027MONTEIROH,2025-12-16,117786,1,5,0,112.0
10110027MONTEIROH_2025-12-16_G62,10110027MONTEIROH,2025-12-16,117854,1,1,0,657.0
10110027MONTEIROH_2025-12-16_G63,10110027MONTEIROH,2025-12-16,111879,1,1,0,208.0
10110027MONTEIROH_2025-12-16_G64,10110027MONTEIROH,2025-12-16,109640,1,12,0,293.0
10110027MONTEIROH_2025-12-17_G02,10110027MONTEIROH,2025-12-17,111447,1,4,0,320.0
10110027MONTEIROH_2025-12-17_G03,10110027MONTEIROH,2025-12-17,141318,1,4,0,139.0
10110027MONTEIROH_2025-12-17_G04,10110027MONTEIROH,2025-12-17,117789,1,1,0,85.0
10110027MONTEIROH_2025-12-17_G06,10110027MONTEIROH,2025-12-17,117836,1,21,0,923.0
10110027MONTEIROH_2025-12-17_G07,10110027MONTEIROH,2025-12-17,111879,1,4,0,560.0
10110027MONTEIROH_2025-12-17_G08,10110027MONTEIROH,2025-12-17,117935,1,16,0,1719.0
10110027MONTEIROH_2025-12-17_G09,10110027MONTEIROH,2025-12-17,110741,1,4,0,57.0
10110027MONTEIROH_2025-12-17_G10,10110027MONTEIROH,2025-12-17,110753,1,1,0,57.0
10110027MONTEIROH_2025-12-17_G11,10110027MONTEIROH,2025-12-17,110711,1,16,0,237.0
10110027MONTEIROH_2025-12-17_G12,10110027MONTEIROH,2025-12-17,111530,1,51,0,469.0
10110027MONTEIROH_2025-12-17_G13,10110027MONTEIROH,2025-12-17,160055,1,4,0,615.0
10110027MONTEIROH_2025-12-17_G14,10110027MONTEIROH,2025-12-17,160054,1,6,0,86.0
10110027MONTEIROH_2025-12-17_G15,10110027MONTEIROH,2025-12-17,111602,1,8,0,1200.0
10110027MONTEIROH_2025-12-17_G16,10110027MONTEIROH,2025-12-17,110371,1,3,0,76.0
10110027MONTEIROH_2025-12-17_G17,10110027MONTEIROH,2025-12-17,110373,1,6,0,125.0
10110027MONTEIROH_2025-12-17_G18,10110027MONTEIROH,2025-12-17,111532,1,1,0,118.0
10110027MONTEIROH_2025-12-17_G19,10110027MONTEIROH,2025-12-17,111532,1,7,0,215.0
10110027MONTEIROH_2025-12-17_G20,10110027MONTEIROH,2025-12-17,117809,1,3,0,150.0
10110027MONTEIROH_2025-12-17_G21,10110027MONTEIROH,2025-12-17,117853,1,2,0,126.0
10110027MONTEIROH_2025-12-17_G22,10110027MONTEIROH,2025-12-17,117832,1,6,0,121.0
10110027MONTEIROH_2025-12-17_G23,10110027MONTEIROH,2025-12-17,110373,1,8,0,123.0
10110027MONTEIROH_2025-12-17_G24,10110027MONTEIROH,2025-12-17,117837,1,4,0,105.0
10110027MONTEIROH_2025-12-17_G25,10110027MONTEIROH,2025-12-17,141352,1,4,0,96.0
10110027MONTEIROH_2025-12-17_G26,10110027MONTEIROH,2025-12-17,140922,1,4,0,167.0
10110027MONTEIROH_2025-12-17_G27,10110027MONTEIROH,2025-12-17,110373,1,24,0,530.0
10110027MONTEIROH_2025-12-17_G28,10110027MONTEIROH,2025-12-17,110373,1,3,0,101.0
10110027MONTEIROH_2025-12-17_G29,10110027MONTEIROH,2025-12-17,117822,1,4,0,428.0
10110027MONTEIROH_2025-12-17_G30,10110027MONTEIROH,2025-12-17,117831,1,8,0,179.0
10110027MONTEIROH_2025-12-17_G31,10110027MONTEIROH,2025-12-17,141458,1,10,0,324.0
10110027MONTEIROH_2025-12-17_G32,10110027MONTEIROH,2025-12-17,109640,1,8,0,121.0
10110027MONTEIROH_2025-12-17_G33,10110027MONTEIROH,2025-12-17,109640,1,8,0,92.0
10110027MONTEIROH_2025-12-17_G34,10110027MONTEIROH,2025-12-17,111532,1,2,0,183.0
10110027MONTEIROH_2025-12-17_G35,10110027MONTEIROH,2025-12-17,111463,1,6,0,260.0
10110027MONTEIROH_2025-12-17_G36,10110027MONTEIROH,2025-12-17,117838,1,6,0,189.0
10110027MONTEIROH_2025-12-17_G37,10110027MONTEIROH,2025-12-17,107236,1,6,0,201.0
10110027MONTEIROH_2025-12-17_G38,10110027MONTEIROH,2025-12-17,118140,1,4,0,60.0
10110027MONTEIROH_2025-12-17_G39,10110027MONTEIROH,2025-12-17,141458,1,2,0,95.0
10110027MONTEIROH_2025-12-17_G40,10110027MONTEIROH,2025-12-17,117855,1,2,0,73.0
10110027MONTEIROH_2025-12-17_G41,10110027MONTEIROH,2025-12-17,117862,1,6,0,154.0
10110027MONTEIROH_2025-12-17_G43,10110027MONTEIROH,2025-12-17,117808,1,20,0,222.0
10110027MONTEIROH_2025-12-17_G44,10110027MONTEIROH,2025-12-17,111465,1,4,0,534.0
10110027MONTEIROH_2025-12-17_G45,10110027MONTEIROH,2025-12-17,117808,1,4,0,229.0
10110027MONTEIROH_2025-12-17_G46,10110027MONTEIROH,2025-12-17,109640,1,8,0,226.0
10110027MONTEIROH_2025-12-17_G47,10110027MONTEIROH,2025-12-17,110374,1,10,0,600.0
10110027MONTEIROH_2025-12-17_G48,10110027MONTEIROH,2025-12-17,110371,1,30,0,262.0
10110027MONTEIROH_2025-12-17_G49,10110027MONTEIROH,2025-12-17,117830,1,20,0,189.0
10110027MONTEIROH_2025-12-17_G50,10110027MONTEIROH,2025-12-17,117808,1,10,0,138.0
10110027MONTEIROH_2025-12-18_G02,10110027MONTEIROH,2025-12-18,140922,1,4,0,85.0
10110027MONTEIROH_2025-12-18_G03,10110027MONTEIROH,2025-12-18,117785,1,4,0,90.0
10110027MONTEIROH_2025-12-18_G04,10110027MONTEIROH,2025-12-18,108711,1,4,0,357.0
10110027MONTEIROH_2025-12-18_G05,10110027MONTEIROH,2025-12-18,141823,1,5,0,73.0
10110027MONTEIROH_2025-12-18_G06,10110027MONTEIROH,2025-12-18,118140,1,4,0,2019.0
10110027MONTEIROH_2025-12-18_G07,10110027MONTEIROH,2025-12-18,141202,1,4,0,202.0
10110027MONTEIROH_2025-12-18_G08,10110027MONTEIROH,2025-12-18,111465,1,4,0,108.0
10110027MONTEIROH_2025-12-18_G09,10110027MONTEIROH,2025-12-18,108711,1,8,0,180.0
10110027MONTEIROH_2025-12-18_G10,10110027MONTEIROH,2025-12-18,141823,1,8,0,124.0
10110027MONTEIROH_2025-12-18_G11,10110027MONTEIROH,2025-12-18,111602,1,12,0,579.0
10110027MONTEIROH_2025-12-18_G12,10110027MONTEIROH,2025-12-18,110733,1,16,0,151.0
10110027MONTEIROH_2025-12-18_G13,10110027MONTEIROH,2025-12-18,110374,1,11,0,821.0
10110027MONTEIROH_2025-12-18_G14,10110027MONTEIROH,2025-12-18,117809,1,2,0,51.0
10110027MONTEIROH_2025-12-18_G15,10110027MONTEIROH,2025-12-18,111463,1,4,0,87.0
10110027MONTEIROH_2025-12-18_G16,10110027MONTEIROH,2025-12-18,117785,1,7,0,214.0
10110027MONTEIROH_2025-12-18_G17,10110027MONTEIROH,2025-12-18,117935,1,2,0,83.0
10110027MONTEIROH_2025-12-18_G18,10110027MONTEIROH,2025-12-18,140923,1,4,0,61.0
10110027MONTEIROH_2025-12-18_G19,10110027MONTEIROH,2025-12-18,117856,1,7,0,71.0
10110027MONTEIROH_2025-12-18_G20,10110027MONTEIROH,2025-12-18,110371,1,2,0,79.0
10110027MONTEIROH_2025-12-18_G21,10110027MONTEIROH,2025-12-18,117832,1,3,0,120.0
10110027MONTEIROH_2025-12-18_G22,10110027MONTEIROH,2025-12-18,141823,1,2,0,76.0
10110027MONTEIROH_2025-12-18_G23,10110027MONTEIROH,2025-12-18,109645,1,2,0,134.0
10110027MONTEIROH_2025-12-18_G24,10110027MONTEIROH,2025-12-18,117831,1,6,0,68.0
10110027MONTEIROH_2025-12-18_G25,10110027MONTEIROH,2025-12-18,118140,1,5,0,178.0
10110027MONTEIROH_2025-12-18_G26,10110027MONTEIROH,2025-12-18,110740,1,3,0,132.0
10110027MONTEIROH_2025-12-18_G27,10110027MONTEIROH,2025-12-18,141047,1,4,0,106.0
10110027MONTEIROH_2025-12-18_G28,10110027MONTEIROH,2025-12-18,110325,1,2,0,91.0
10110027MONTEIROH_2025-12-18_G29,10110027MONTEIROH,2025-12-18,117862,1,3,0,128.0
10110027MONTEIROH_2025-12-18_G30,10110027MONTEIROH,2025-12-18,111466,1,11,0,448.0
10110027MONTEIROH_2025-12-18_G31,10110027MONTEIROH,2025-12-18,111430,1,2,0,1575.0
10110027MONTEIROH_2025-12-18_G32,10110027MONTEIROH,2025-12-18,141318,1,4,0,170.0
10110027MONTEIROH_2025-12-18_G33,10110027MONTEIROH,2025-12-18,111876,1,4,0,234.0
10110027MONTEIROH_2025-12-18_G34,10110027MONTEIROH,2025-12-18,117935,1,1,0,39.0
10110027MONTEIROH_2025-12-18_G35,10110027MONTEIROH,2025-12-18,140923,1,2,0,60.0
10110027MONTEIROH_2025-12-18_G36,10110027MONTEIROH,2025-12-18,111530,1,5,0,96.0
10110027MONTEIROH_2025-12-18_G37,10110027MONTEIROH,2025-12-18,109647,1,4,0,108.0
10110027MONTEIROH_2025-12-18_G38,10110027MONTEIROH,2025-12-18,111172,1,4,0,295.0
10110027MONTEIROH_2025-12-18_G39,10110027MONTEIROH,2025-12-18,140922,1,12,0,529.0
10110027MONTEIROH_2025-12-18_G40,10110027MONTEIROH,2025-12-18,117785,1,11,0,155.0
10110027MONTEIROH_2025-12-18_G41,10110027MONTEIROH,2025-12-18,141271,1,2,0,117.0
10110027MONTEIROH_2025-12-18_G42,10110027MONTEIROH,2025-12-18,111433,1,2,0,80.0
10110027MONTEIROH_2025-12-18_G43,10110027MONTEIROH,2025-12-18,117842,1,2,0,106.0
10110027MONTEIROH_2025-12-18_G44,10110027MONTEIROH,2025-12-18,109645,1,4,0,91.0
10110027MONTEIROH_2025-12-18_G45,10110027MONTEIROH,2025-12-18,160055,1,5,0,1576.0
10110027MONTEIROH_2025-12-18_G46,10110027MONTEIROH,2025-12-18,160057,1,4,0,519.0
10110027MONTEIROH_2025-12-18_G47,10110027MONTEIROH,2025-12-18,110895,1,8,0,1387.0
10110027MONTEIROH_2025-12-18_G48,10110027MONTEIROH,2025-12-18,111655,1,12,0,187.0
10110027MONTEIROH_2025-12-18_G49,10110027MONTEIROH,2025-12-18,111655,1,2,0,42.0
10110027MONTEIROH_2025-12-18_G50,10110027MONTEIROH,2025-12-18,118094,1,6,0,148.0
10110027MONTEIROH_2025-12-18_G51,10110027MONTEIROH,2025-12-18,140923,1,4,0,71.0
10110027MONTEIROH_2025-12-18_G52,10110027MONTEIROH,2025-12-18,140923,1,14,0,105.0
10110027MONTEIROH_2025-12-18_G53,10110027MONTEIROH,2025-12-18,111602,1,8,0,270.0
10110027MONTEIROH_2025-12-18_G55,10110027MONTEIROH,2025-12-18,141047,1,2,0,108.0
10110027MONTEIROH_2025-12-18_G56,10110027MONTEIROH,2025-12-18,111530,1,9,0,100.0
10110027MONTEIROH_2025-12-18_G57,10110027MONTEIROH,2025-12-18,117786,1,4,0,51.0
10110027MONTEIROH_2025-12-18_G58,10110027MONTEIROH,2025-12-18,117786,1,10,0,77.0
10110027MONTEIROH_2025-12-18_G59,10110027MONTEIROH,2025-12-18,111467,1,6,0,329.0
10110027MONTEIROH_2025-12-18_G60,10110027MONTEIROH,2025-12-18,109640,1,8,0,150.0
10110027MONTEIROH_2025-12-18_G61,10110027MONTEIROH,2025-12-18,117854,1,3,0,86.0
10110027MONTEIROH_2025-12-18_G62,10110027MONTEIROH,2025-12-18,109640,1,22,0,432.0
10110027MONTEIROH_2025-12-18_G63,10110027MONTEIROH,2025-12-18,110372,1,424,0,1061.0
10110027MONTEIROH_2025-12-18_G64,10110027MONTEIROH,2025-12-18,110372,1,40,0,482.0
10110027MONTEIROH_2025-12-18_G65,10110027MONTEIROH,2025-12-18,117840,1,6,0,214.0
10110027MONTEIROH_2025-12-18_G66,10110027MONTEIROH,2025-12-18,117809,1,106,0,229.0
10110027MONTEIROH_2025-12-18_G67,10110027MONTEIROH,2025-12-18,110371,1,20,0,526.0
10110027MONTEIROH_2025-12-18_G68,10110027MONTEIROH,2025-12-18,110371,1,18,0,65.0
10110027MONTEIROH_2025-12-18_G69,10110027MONTEIROH,2025-12-18,110373,1,4,0,736.0
10110027MONTEIROH_2025-12-18_G70,10110027MONTEIROH,2025-12-18,110373,1,3,0,64.0
10110027MONTEIROH_2025-12-18_G71,10110027MONTEIROH,2025-12-18,117862,1,6,0,168.0
10110027MONTEIROH_2025-12-18_G72,10110027MONTEIROH,2025-12-18,117830,1,11,0,144.0
10110027MONTEIROH_2025-12-18_G73,10110027MONTEIROH,2025-12-18,110373,1,20,0,214.0
10110027MONTEIROH_2025-12-18_G74,10110027MONTEIROH,2025-12-18,111876,1,3,0,278.0
10110027MONTEIROH_2025-12-18_G75,10110027MONTEIROH,2025-12-18,117862,1,4,0,103.0
10110027MONTEIROH_2025-12-18_G76,10110027MONTEIROH,2025-12-18,117830,1,2,0,97.0
10110027MONTEIROH_2025-12-18_G77,10110027MONTEIROH,2025-12-18,111441,1,2,0,122.0
10110027MONTEIROH_2025-12-18_G78,10110027MONTEIROH,2025-12-18,110373,1,9,0,286.0
10110027MONTEIROH_2025-12-18_G79,10110027MONTEIROH,2025-12-18,117862,1,3,0,141.0
10110027MONTEIROH_2025-12-18_G80,10110027MONTEIROH,2025-12-18,111439,1,4,0,108.0
10110027MONTEIROH_2025-12-19_G02,10110027MONTEIROH,2025-12-19,110373,1,8,0,133.0
10110027MONTEIROH_2025-12-19_G03,10110027MONTEIROH,2025-12-19,111602,1,24,0,334.0
10110027MONTEIROH_2025-12-19_G04,10110027MONTEIROH,2025-12-19,110787,1,4,0,296.0
10110027MONTEIROH_2025-12-19_G05,10110027MONTEIROH,2025-12-19,141456,1,4,0,588.0
10110027MONTEIROH_2025-12-19_G06,10110027MONTEIROH,2025-12-19,118317,1,4,0,87.0
10110027MONTEIROH_2025-12-19_G07,10110027MONTEIROH,2025-12-19,141458,1,16,0,151.0
10110027MONTEIROH_2025-12-19_G08,10110027MONTEIROH,2025-12-19,111602,1,20,0,378.0
10110027MONTEIROH_2025-12-19_G09,10110027MONTEIROH,2025-12-19,118222,1,12,0,586.0
10110027MONTEIROH_2025-12-19_G10,10110027MONTEIROH,2025-12-19,110755,1,4,0,136.0
10110027MONTEIROH_2025-12-19_G11,10110027MONTEIROH,2025-12-19,111602,1,14,0,278.0
10110027MONTEIROH_2025-12-19_G12,10110027MONTEIROH,2025-12-19,111602,1,16,0,389.0
10110027MONTEIROH_2025-12-19_G13,10110027MONTEIROH,2025-12-19,110373,1,4,0,342.0
10110027MONTEIROH_2025-12-19_G14,10110027MONTEIROH,2025-12-19,117820,1,7,0,306.0
10110027MONTEIROH_2025-12-19_G15,10110027MONTEIROH,2025-12-19,140923,1,12,0,223.0
10110027MONTEIROH_2025-12-19_G16,10110027MONTEIROH,2025-12-19,140923,1,8,0,224.0
10110027MONTEIROH_2025-12-19_G17,10110027MONTEIROH,2025-12-19,111569,1,6,0,113.0
10110027MONTEIROH_2025-12-19_G18,10110027MONTEIROH,2025-12-19,110371,1,4,0,136.0
10110027MONTEIROH_2025-12-19_G19,10110027MONTEIROH,2025-12-19,110372,1,7,0,118.0
10110027MONTEIROH_2025-12-19_G20,10110027MONTEIROH,2025-12-19,118094,1,6,0,72.0
10110027MONTEIROH_2025-12-19_G21,10110027MONTEIROH,2025-12-19,109640,1,2,0,145.0
10110027MONTEIROH_2025-12-19_G22,10110027MONTEIROH,2025-12-19,124594,1,2,0,2485.0
10110027MONTEIROH_2025-12-19_G23,10110027MONTEIROH,2025-12-19,123344,1,24,0,564.0
10110027MONTEIROH_2025-12-19_G24,10110027MONTEIROH,2025-12-19,124476,1,12,0,296.0
10110027MONTEIROH_2025-12-19_G25,10110027MONTEIROH,2025-12-19,122671,1,8,0,450.0
10110027MONTEIROH_2025-12-19_G26,10110027MONTEIROH,2025-12-19,121760,1,12,0,994.0
10110027MONTEIROH_2025-12-19_G27,10110027MONTEIROH,2025-12-19,123909,1,12,0,452.0
10110027MONTEIROH_2025-12-19_G28,10110027MONTEIROH,2025-12-19,123345,1,20,0,229.0
10110027MONTEIROH_2025-12-19_G29,10110027MONTEIROH,2025-12-19,122962,1,100,0,1702.0
10110027MONTEIROH_2025-12-19_G30,10110027MONTEIROH,2025-12-19,123343,1,6,0,301.0
10110027MONTEIROH_2025-12-19_G31,10110027MONTEIROH,2025-12-19,123343,1,4,0,131.0
10110027MONTEIROH_2025-12-19_G32,10110027MONTEIROH,2025-12-19,122983,1,6,0,382.0
10110027MONTEIROH_2025-12-19_G33,10110027MONTEIROH,2025-12-19,124486,1,4,0,212.0
10110027MONTEIROH_2025-12-19_G34,10110027MONTEIROH,2025-12-19,123909,1,1,0,181.0
10110027MONTEIROH_2025-12-19_G35,10110027MONTEIROH,2025-12-19,123153,1,8,0,1550.0
10110027MONTEIROH_2025-12-19_G36,10110027MONTEIROH,2025-12-19,124475,1,10,0,933.0
10110027MONTEIROH_2025-12-19_G37,10110027MONTEIROH,2025-12-19,121760,1,14,0,926.0
10110027MONTEIROH_2025-12-19_G38,10110027MONTEIROH,2025-12-19,123492,1,54,0,424.0
10110027MONTEIROH_2025-12-19_G40,10110027MONTEIROH,2025-12-19,124624,1,30,0,1408.0
10110027MONTEIROH_2025-12-19_G41,10110027MONTEIROH,2025-12-19,123344,1,4,0,197.0
10110027MONTEIROH_2025-12-19_G42,10110027MONTEIROH,2025-12-19,121760,1,2,0,207.0
10110027MONTEIROH_2025-12-19_G43,10110027MONTEIROH,2025-12-19,121651,1,2,0,284.0
10110027MONTEIROH_2025-12-19_G44,10110027MONTEIROH,2025-12-19,122673,1,4,0,138.0
10110027MONTEIROH_2025-12-19_G45,10110027MONTEIROH,2025-12-19,123561,1,4,0,713.0
10110027MONTEIROH_2025-12-19_G46,10110027MONTEIROH,2025-12-19,181907,1,4,0,450.0
10110027MONTEIROH_2025-12-20_G02,10110027MONTEIROH,2025-12-20,116241,1,4,0,132.0
10110027MONTEIROH_2025-12-20_G03,10110027MONTEIROH,2025-12-20,110748,1,4,0,154.0
10110027MONTEIROH_2025-12-20_G04,10110027MONTEIROH,2025-12-20,111444,1,4,0,390.0
10110027MONTEIROH_2025-12-20_G05,10110027MONTEIROH,2025-12-20,111418,1,4,0,143.0
10110027MONTEIROH_2025-12-20_G06,10110027MONTEIROH,2025-12-20,140923,1,4,0,93.0
10110027MONTEIROH_2025-12-20_G07,10110027MONTEIROH,2025-12-20,140923,1,5,0,66.0
10110027MONTEIROH_2025-12-20_G08,10110027MONTEIROH,2025-12-20,118094,1,10,0,97.0
10110027MONTEIROH_2025-12-20_G09,10110027MONTEIROH,2025-12-20,111469,1,60,0,597.0
10110027MONTEIROH_2025-12-20_G10,10110027MONTEIROH,2025-12-20,111438,1,1,0,540.0
10110027MONTEIROH_2025-12-20_G11,10110027MONTEIROH,2025-12-20,111569,1,7,0,89.0
10110027MONTEIROH_2025-12-20_G12,10110027MONTEIROH,2025-12-20,118222,1,4,0,83.0
10110027MONTEIROH_2025-12-20_G13,10110027MONTEIROH,2025-12-20,140911,1,20,0,300.0
10110027MONTEIROH_2025-12-20_G14,10110027MONTEIROH,2025-12-20,140923,1,5,0,1453.0
10110027MONTEIROH_2025-12-20_G15,10110027MONTEIROH,2025-12-20,117856,1,4,0,44.0
10110027MONTEIROH_2025-12-20_G16,10110027MONTEIROH,2025-12-20,111602,1,1,0,64.0
10110027MONTEIROH_2025-12-20_G17,10110027MONTEIROH,2025-12-20,117855,1,4,0,110.0
10110027MONTEIROH_2025-12-20_G18,10110027MONTEIROH,2025-12-20,117855,1,1,0,38.0
10110027MONTEIROH_2025-12-20_G19,10110027MONTEIROH,2025-12-20,117862,1,4,0,61.0
10110027MONTEIROH_2025-12-20_G20,10110027MONTEIROH,2025-12-20,109640,1,4,0,98.0
10110027MONTEIROH_2025-12-20_G21,10110027MONTEIROH,2025-12-20,111463,1,4,0,941.0
10110027MONTEIROH_2025-12-20_G22,10110027MONTEIROH,2025-12-20,140922,1,1,0,74.0
10110027MONTEIROH_2025-12-20_G23,10110027MONTEIROH,2025-12-20,111418,1,4,0,48.0
10110027MONTEIROH_2025-12-20_G24,10110027MONTEIROH,2025-12-20,111743,1,4,0,71.0
10110027MONTEIROH_2025-12-20_G25,10110027MONTEIROH,2025-12-20,105705,1,4,0,86.0
10110027MONTEIROH_2025-12-20_G26,10110027MONTEIROH,2025-12-20,108711,1,3,0,73.0
10110027MONTEIROH_2025-12-20_G27,10110027MONTEIROH,2025-12-20,118140,1,3,0,79.0
10110027MONTEIROH_2025-12-20_G28,10110027MONTEIROH,2025-12-20,118317,1,3,0,66.0
10110027MONTEIROH_2025-12-20_G29,10110027MONTEIROH,2025-12-20,111466,1,4,0,75.0
10110027MONTEIROH_2025-12-20_G30,10110027MONTEIROH,2025-12-20,117820,2,10,25,2663.0
10110027MONTEIROH_2025-12-20_G31,10110027MONTEIROH,2025-12-20,111438,1,2,0,276.0
10110027MONTEIROH_2025-12-20_G32,10110027MONTEIROH,2025-12-20,111569,1,4,0,55.0
10110027MONTEIROH_2025-12-20_G33,10110027MONTEIROH,2025-12-20,118222,1,1,0,33.0
10110027MONTEIROH_2025-12-20_G34,10110027MONTEIROH,2025-12-20,118094,2,3,28,81.0
10110027MONTEIROH_2025-12-20_G35,10110027MONTEIROH,2025-12-20,117856,1,2,0,78.0
10110027MONTEIROH_2025-12-20_G36,10110027MONTEIROH,2025-12-20,117855,1,2,0,108.0
10110027MONTEIROH_2025-12-20_G37,10110027MONTEIROH,2025-12-20,117862,1,6,0,61.0
10110027MONTEIROH_2025-12-20_G38,10110027MONTEIROH,2025-12-20,117820,1,8,0,240.0
10110027MONTEIROH_2025-12-20_G39,10110027MONTEIROH,2025-12-20,117820,1,6,0,32.0
10110027MONTEIROH_2025-12-20_G40,10110027MONTEIROH,2025-12-20,118299,1,4,0,64.0
10110027MONTEIROH_2025-12-20_G41,10110027MONTEIROH,2025-12-20,110373,1,5,0,128.0
10110027MONTEIROH_2025-12-20_G42,10110027MONTEIROH,2025-12-20,110373,1,7,0,44.0
10110027MONTEIROH_2025-12-20_G43,10110027MONTEIROH,2025-12-20,111569,1,8,0,373.0
10110027MONTEIROH_2025-12-20_G44,10110027MONTEIROH,2025-12-20,118222,1,5,0,275.0
10110027MONTEIROH_2025-12-20_G45,10110027MONTEIROH,2025-12-20,110755,1,4,0,106.0
10110027MONTEIROH_2025-12-20_G46,10110027MONTEIROH,2025-12-20,100334,1,4,0,167.0
10110027MONTEIROH_2025-12-20_G47,10110027MONTEIROH,2025-12-20,117861,1,4,0,403.0
10110027MONTEIROH_2025-12-20_G48,10110027MONTEIROH,2025-12-20,117861,1,2,0,77.0
10110027MONTEIROH_2025-12-20_G49,10110027MONTEIROH,2025-12-20,140923,1,4,0,39.0
10110027MONTEIROH_2025-12-20_G50,10110027MONTEIROH,2025-12-20,140923,1,8,0,44.0
10110027MONTEIROH_2025-12-20_G51,10110027MONTEIROH,2025-12-20,117856,1,4,0,59.0
10110027MONTEIROH_2025-12-20_G52,10110027MONTEIROH,2025-12-20,111602,1,1,0,49.0
10110027MONTEIROH_2025-12-20_G53,10110027MONTEIROH,2025-12-20,109640,1,8,0,213.0
10110027MONTEIROH_2025-12-20_G54,10110027MONTEIROH,2025-12-20,111569,1,50,0,824.0
10110027MONTEIROH_2025-12-20_G55,10110027MONTEIROH,2025-12-20,111569,1,4,0,324.0
10110027MONTEIROH_2025-12-20_G56,10110027MONTEIROH,2025-12-20,111876,1,4,0,206.0
10110027MONTEIROH_2025-12-20_G57,10110027MONTEIROH,2025-12-20,117862,1,4,0,140.0
10110027MONTEIROH_2025-12-20_G58,10110027MONTEIROH,2025-12-20,117809,1,8,0,132.0
10110027MONTEIROH_2025-12-20_G59,10110027MONTEIROH,2025-12-20,117832,1,8,0,120.0
10110027MONTEIROH_2025-12-20_G60,10110027MONTEIROH,2025-12-20,111463,1,26,0,170.0
10110027MONTEIROH_2025-12-20_G61,10110027MONTEIROH,2025-12-20,111466,1,60,0,819.0
10110027MONTEIROH_2025-12-20_G63,10110027MONTEIROH,2025-12-20,111602,1,12,0,109.0
10110027MONTEIROH_2025-12-20_G64,10110027MONTEIROH,2025-12-20,117862,1,10,0,128.0
10110027MONTEIROH_2025-12-20_G65,10110027MONTEIROH,2025-12-20,117862,1,10,0,90.0
10110027MONTEIROH_2025-12-20_G66,10110027MONTEIROH,2025-12-20,109640,1,22,0,496.0
10110027MONTEIROH_2025-12-22_G02,10110027MONTEIROH,2025-12-22,141823,1,2,0,80.0
10110027MONTEIROH_2025-12-22_G03,10110027MONTEIROH,2025-12-22,109641,1,2,0,59.0
10110027MONTEIROH_2025-12-22_G04,10110027MONTEIROH,2025-12-22,111463,1,6,0,79.0
10110027MONTEIROH_2025-12-22_G05,10110027MONTEIROH,2025-12-22,117831,1,2,0,114.0
10110027MONTEIROH_2025-12-22_G06,10110027MONTEIROH,2025-12-22,108711,1,2,0,45.0
10110027MONTEIROH_2025-12-22_G07,10110027MONTEIROH,2025-12-22,107236,1,2,0,57.0
10110027MONTEIROH_2025-12-22_G08,10110027MONTEIROH,2025-12-22,110740,1,2,0,57.0
10110027MONTEIROH_2025-12-22_G09,10110027MONTEIROH,2025-12-22,141457,1,2,0,39.0
10110027MONTEIROH_2025-12-22_G10,10110027MONTEIROH,2025-12-22,111466,1,6,0,89.0
10110027MONTEIROH_2025-12-22_G11,10110027MONTEIROH,2025-12-22,141456,1,6,0,88.0
10110027MONTEIROH_2025-12-22_G12,10110027MONTEIROH,2025-12-22,110376,1,4,0,394.0
10110027MONTEIROH_2025-12-22_G13,10110027MONTEIROH,2025-12-22,111468,1,6,0,237.0
10110027MONTEIROH_2025-12-22_G14,10110027MONTEIROH,2025-12-22,110711,1,4,0,111.0
10110027MONTEIROH_2025-12-22_G15,10110027MONTEIROH,2025-12-22,111655,1,4,0,319.0
10110027MONTEIROH_2025-12-22_G16,10110027MONTEIROH,2025-12-22,111530,1,2,0,223.0
10110027MONTEIROH_2025-12-22_G17,10110027MONTEIROH,2025-12-22,111530,1,2,0,55.0
10110027MONTEIROH_2025-12-22_G18,10110027MONTEIROH,2025-12-22,111530,1,2,0,75.0
10110027MONTEIROH_2025-12-22_G19,10110027MONTEIROH,2025-12-22,110371,1,6,0,153.0
10110027MONTEIROH_2025-12-22_G20,10110027MONTEIROH,2025-12-22,117785,1,6,0,125.0
10110027MONTEIROH_2025-12-22_G21,10110027MONTEIROH,2025-12-22,117809,1,10,0,695.0
10110027MONTEIROH_2025-12-22_G22,10110027MONTEIROH,2025-12-22,117830,1,19,0,192.0
10110027MONTEIROH_2025-12-22_G23,10110027MONTEIROH,2025-12-22,110376,1,1,0,90.0
10110027MONTEIROH_2025-12-22_G24,10110027MONTEIROH,2025-12-22,117842,1,4,0,377.0
10110027MONTEIROH_2025-12-22_G25,10110027MONTEIROH,2025-12-22,140922,1,16,0,141.0
10110027MONTEIROH_2025-12-22_G26,10110027MONTEIROH,2025-12-22,111743,1,12,0,163.0
10110027MONTEIROH_2025-12-22_G27,10110027MONTEIROH,2025-12-22,141457,1,28,0,635.0
10110027MONTEIROH_2025-12-22_G28,10110027MONTEIROH,2025-12-22,117832,1,30,0,427.0
10110027MONTEIROH_2025-12-22_G29,10110027MONTEIROH,2025-12-22,110325,1,20,0,418.0
10110027MONTEIROH_2025-12-22_G30,10110027MONTEIROH,2025-12-22,117830,1,10,0,1683.0
10110027MONTEIROH_2025-12-22_G31,10110027MONTEIROH,2025-12-22,117842,1,4,0,214.0
10110027MONTEIROH_2025-12-22_G32,10110027MONTEIROH,2025-12-22,111876,1,4,0,122.0
10110027MONTEIROH_2025-12-22_G33,10110027MONTEIROH,2025-12-22,111602,1,2,0,146.0
10110027MONTEIROH_2025-12-22_G34,10110027MONTEIROH,2025-12-22,140923,1,10,0,183.0
10110027MONTEIROH_2025-12-22_G35,10110027MONTEIROH,2025-12-22,117822,1,1,0,386.0
10110027MONTEIROH_2025-12-22_G36,10110027MONTEIROH,2025-12-22,117830,1,8,0,62.0
10110027MONTEIROH_2025-12-22_G37,10110027MONTEIROH,2025-12-22,117832,1,4,0,109.0
10110027MONTEIROH_2025-12-22_G38,10110027MONTEIROH,2025-12-22,117808,1,6,0,102.0
10110027MONTEIROH_2025-12-22_G39,10110027MONTEIROH,2025-12-22,110373,1,30,0,447.0
10110027MONTEIROH_2025-12-22_G40,10110027MONTEIROH,2025-12-22,141202,1,2,0,62.0
10110027MONTEIROH_2025-12-22_G41,10110027MONTEIROH,2025-12-22,117809,1,1,0,395.0
10110027MONTEIROH_2025-12-22_G42,10110027MONTEIROH,2025-12-22,117808,1,10,0,465.0
10110027MONTEIROH_2025-12-22_G43,10110027MONTEIROH,2025-12-22,111418,1,6,0,151.0
10110027MONTEIROH_2025-12-22_G44,10110027MONTEIROH,2025-12-22,111602,1,4,0,135.0
10110027MONTEIROH_2025-12-22_G45,10110027MONTEIROH,2025-12-22,105705,1,2,0,85.0
10110027MONTEIROH_2025-12-22_G46,10110027MONTEIROH,2025-12-22,109645,1,1,0,58.0
10110027MONTEIROH_2025-12-22_G47,10110027MONTEIROH,2025-12-22,117831,1,2,0,54.0
10110027MONTEIROH_2025-12-22_G48,10110027MONTEIROH,2025-12-22,117787,1,2,0,101.0
10110027MONTEIROH_2025-12-22_G49,10110027MONTEIROH,2025-12-22,117830,1,8,0,176.0
10110027MONTEIROH_2025-12-22_G50,10110027MONTEIROH,2025-12-22,117830,1,2,0,88.0
10110027MONTEIROH_2025-12-22_G51,10110027MONTEIROH,2025-12-22,117820,1,8,0,170.0
10110027MONTEIROH_2025-12-22_G52,10110027MONTEIROH,2025-12-22,111602,1,6,0,134.0
10110027MONTEIROH_2025-12-22_G53,10110027MONTEIROH,2025-12-22,111876,1,2,0,150.0
10110027MONTEIROH_2025-12-22_G54,10110027MONTEIROH,2025-12-22,141916,1,2,0,755.0
10110027MONTEIROH_2025-12-22_G55,10110027MONTEIROH,2025-12-22,140923,1,2,0,155.0
10110027MONTEIROH_2025-12-22_G56,10110027MONTEIROH,2025-12-22,117856,1,2,0,66.0
10110027MONTEIROH_2025-12-22_G57,10110027MONTEIROH,2025-12-22,117809,1,2,0,101.0
10110027MONTEIROH_2025-12-22_G58,10110027MONTEIROH,2025-12-22,117830,1,2,0,115.0
10110027MONTEIROH_2025-12-22_G59,10110027MONTEIROH,2025-12-22,117832,1,4,0,148.0
10110027MONTEIROH_2025-12-22_G60,10110027MONTEIROH,2025-12-22,117832,1,2,0,40.0
10110027MONTEIROH_2025-12-22_G61,10110027MONTEIROH,2025-12-22,109643,1,4,0,136.0
10110027MONTEIROH_2025-12-22_G62,10110027MONTEIROH,2025-12-22,117808,1,20,0,161.0
10110027MONTEIROH_2025-12-22_G63,10110027MONTEIROH,2025-12-22,117842,1,1,0,159.0
10110027MONTEIROH_2025-12-22_G64,10110027MONTEIROH,2025-12-22,140922,1,4,0,85.0
10110027MONTEIROH_2025-12-22_G65,10110027MONTEIROH,2025-12-22,111743,1,2,0,108.0
10110027MONTEIROH_2025-12-22_G66,10110027MONTEIROH,2025-12-22,111743,1,4,0,38.0
10110027MONTEIROH_2025-12-22_G67,10110027MONTEIROH,2025-12-22,117838,1,2,0,91.0
10110027MONTEIROH_2025-12-22_G68,10110027MONTEIROH,2025-12-22,111172,1,2,0,80.0
10110027MONTEIROH_2025-12-22_G69,10110027MONTEIROH,2025-12-22,117831,1,8,0,137.0
10110027MONTEIROH_2025-12-22_G70,10110027MONTEIROH,2025-12-22,108711,1,2,0,43.0
10110027MONTEIROH_2025-12-22_G71,10110027MONTEIROH,2025-12-22,110740,1,2,0,97.0
10110027MONTEIROH_2025-12-22_G72,10110027MONTEIROH,2025-12-22,110740,1,2,0,37.0
10110027MONTEIROH_2025-12-22_G73,10110027MONTEIROH,2025-12-22,141457,1,8,0,132.0
10110027MONTEIROH_2025-12-22_G74,10110027MONTEIROH,2025-12-22,141457,1,8,0,498.0
10110027MONTEIROH_2025-12-22_G75,10110027MONTEIROH,2025-12-22,111443,1,2,0,74.0
10110027MONTEIROH_2025-12-22_G76,10110027MONTEIROH,2025-12-22,141458,1,2,0,111.0
10110027MONTEIROH_2025-12-22_G77,10110027MONTEIROH,2025-12-22,117830,1,2,0,276.0
10110027MONTEIROH_2025-12-22_G78,10110027MONTEIROH,2025-12-22,117808,1,10,0,189.0
10110027MONTEIROH_2025-12-22_G79,10110027MONTEIROH,2025-12-22,117808,1,10,0,56.0
10110027MONTEIROH_2025-12-22_G80,10110027MONTEIROH,2025-12-22,105705,1,4,0,138.0
10110027MONTEIROH_2025-12-22_G81,10110027MONTEIROH,2025-12-22,107236,1,4,0,106.0
10110027MONTEIROH_2025-12-22_G82,10110027MONTEIROH,2025-12-22,141457,1,1,0,60.0
10110027MONTEIROH_2025-12-22_G83,10110027MONTEIROH,2025-12-22,141456,1,4,0,114.0
10110027MONTEIROH_2025-12-22_G84,10110027MONTEIROH,2025-12-22,117856,1,2,0,174.0
10110027MONTEIROH_2025-12-22_G85,10110027MONTEIROH,2025-12-22,111602,1,6,0,77.0
10110027MONTEIROH_2025-12-22_G86,10110027MONTEIROH,2025-12-22,117809,1,2,0,546.0
10110027MONTEIROH_2025-12-22_G87,10110027MONTEIROH,2025-12-22,117809,1,4,0,44.0
10110027MONTEIROH_2025-12-22_G88,10110027MONTEIROH,2025-12-22,117830,1,10,0,120.0
10110027MONTEIROH_2025-12-22_G89,10110027MONTEIROH,2025-12-22,117808,1,14,0,205.0
10110027MONTEIROH_2025-12-22_G91,10110027MONTEIROH,2025-12-22,110895,1,6,0,145.0
10110027MONTEIROH_2025-12-22_G92,10110027MONTEIROH,2025-12-22,110747,1,6,0,126.0
10110027MONTEIROH_2025-12-22_G93,10110027MONTEIROH,2025-12-22,110787,1,20,0,261.0
10110027MONTEIROH_2025-12-22_G94,10110027MONTEIROH,2025-12-22,118290,1,8,0,299.0
10110027MONTEIROH_2025-12-22_G95,10110027MONTEIROH,2025-12-22,111467,1,3,0,278.0
10110027MONTEIROH_2025-12-22_G96,10110027MONTEIROH,2025-12-22,117965,1,9,0,226.0
10110027MONTEIROH_2025-12-22_G97,10110027MONTEIROH,2025-12-22,118094,1,6,0,234.0
10110027MONTEIROH_2025-12-22_G98,10110027MONTEIROH,2025-12-22,117935,1,5,0,66.0
10110027MONTEIROH_2025-12-22_G99,10110027MONTEIROH,2025-12-22,111530,1,9,0,150.0
10110027MONTEIROH_2025-12-22_G100,10110027MONTEIROH,2025-12-22,110339,1,4,0,75.0
10110027MONTEIROH_2025-12-22_G101,10110027MONTEIROH,2025-12-22,109647,1,3,0,114.0
10110027MONTEIROH_2025-12-22_G102,10110027MONTEIROH,2025-12-22,109640,1,13,0,584.0
10110027MONTEIROH_2025-12-22_G103,10110027MONTEIROH,2025-12-22,140923,1,31,0,1009.0
10110027MONTEIROH_2025-12-22_G104,10110027MONTEIROH,2025-12-22,111879,1,4,0,1855.0
10110027MONTEIROH_2025-12-22_G105,10110027MONTEIROH,2025-12-22,140957,1,2,0,261.0
10110027MONTEIROH_2025-12-22_G106,10110027MONTEIROH,2025-12-22,140923,1,17,0,163.0
10110027MONTEIROH_2025-12-22_G107,10110027MONTEIROH,2025-12-22,110339,1,4,0,103.0
10110027MONTEIROH_2025-12-22_G108,10110027MONTEIROH,2025-12-22,117855,1,4,0,101.0
10110027MONTEIROH_2025-12-22_G109,10110027MONTEIROH,2025-12-22,111439,1,4,0,175.0
10110027MONTEIROH_2025-12-22_G110,10110027MONTEIROH,2025-12-22,111879,1,4,0,396.0
10110027MONTEIROH_2025-12-23_G02,10110027MONTEIROH,2025-12-23,110373,1,4,0,172.0
10110027MONTEIROH_2025-12-23_G03,10110027MONTEIROH,2025-12-23,117820,1,12,0,195.0
10110027MONTEIROH_2025-12-23_G04,10110027MONTEIROH,2025-12-23,110373,1,4,0,157.0
10110027MONTEIROH_2025-12-23_G05,10110027MONTEIROH,2025-12-23,117820,1,4,0,145.0
10110027MONTEIROH_2025-12-23_G06,10110027MONTEIROH,2025-12-23,111469,1,4,0,184.0
10110027MONTEIROH_2025-12-23_G07,10110027MONTEIROH,2025-12-23,117820,1,14,0,555.0
10110027MONTEIROH_2025-12-23_G08,10110027MONTEIROH,2025-12-23,111462,1,10,0,171.0
10110027MONTEIROH_2025-12-23_G09,10110027MONTEIROH,2025-12-23,117820,1,4,0,234.0
10110027MONTEIROH_2025-12-23_G10,10110027MONTEIROH,2025-12-23,118299,1,25,0,657.0
10110027MONTEIROH_2025-12-23_G11,10110027MONTEIROH,2025-12-23,117820,1,51,0,415.0
10110027MONTEIROH_2025-12-23_G12,10110027MONTEIROH,2025-12-23,110373,1,4,0,778.0
10110027MONTEIROH_2025-12-23_G13,10110027MONTEIROH,2025-12-23,111469,1,4,0,131.0
10110027MONTEIROH_2025-12-23_G14,10110027MONTEIROH,2025-12-23,117820,1,8,0,140.0
10110027MONTEIROH_2025-12-23_G15,10110027MONTEIROH,2025-12-23,117820,1,8,0,85.0
10110027MONTEIROH_2025-12-23_G16,10110027MONTEIROH,2025-12-23,110373,2,10,21,169.0
10110027MONTEIROH_2025-12-23_G17,10110027MONTEIROH,2025-12-23,111469,1,8,0,298.0
10110027MONTEIROH_2025-12-23_G18,10110027MONTEIROH,2025-12-23,111441,1,3,0,130.0
10110027MONTEIROH_2025-12-23_G19,10110027MONTEIROH,2025-12-23,111441,1,2,0,41.0
10110027MONTEIROH_2025-12-23_G20,10110027MONTEIROH,2025-12-23,111462,1,11,0,181.0
10110027MONTEIROH_2025-12-23_G21,10110027MONTEIROH,2025-12-23,117833,1,5,0,417.0
10110027MONTEIROH_2025-12-23_G22,10110027MONTEIROH,2025-12-23,110373,1,80,0,618.0
10110027MONTEIROH_2025-12-23_G23,10110027MONTEIROH,2025-12-23,117809,1,48,0,2661.0
10110027MONTEIROH_2025-12-23_G24,10110027MONTEIROH,2025-12-23,110376,1,20,0,158.0
10110027MONTEIROH_2025-12-23_G25,10110027MONTEIROH,2025-12-23,111469,1,5,0,1113.0
10110027MONTEIROH_2025-12-23_G26,10110027MONTEIROH,2025-12-23,110373,1,4,0,114.0
10110027MONTEIROH_2025-12-23_G27,10110027MONTEIROH,2025-12-23,117833,1,10,0,193.0
10110027MONTEIROH_2025-12-23_G28,10110027MONTEIROH,2025-12-23,117820,1,2,0,122.0
10110027MONTEIROH_2025-12-23_G29,10110027MONTEIROH,2025-12-23,111462,1,2,0,145.0
10110027MONTEIROH_2025-12-23_G30,10110027MONTEIROH,2025-12-23,117833,1,22,0,780.0
10110027MONTEIROH_2025-12-23_G31,10110027MONTEIROH,2025-12-23,111467,1,2,0,234.0
10110027MONTEIROH_2025-12-23_G32,10110027MONTEIROH,2025-12-23,118299,1,14,0,424.0
10110027MONTEIROH_2025-12-23_G33,10110027MONTEIROH,2025-12-23,111462,1,4,0,808.0
10110027MONTEIROH_2025-12-23_G34,10110027MONTEIROH,2025-12-23,111418,1,6,0,168.0
10110027MONTEIROH_2025-12-23_G35,10110027MONTEIROH,2025-12-23,117785,1,6,0,77.0
10110027MONTEIROH_2025-12-23_G36,10110027MONTEIROH,2025-12-23,108798,1,4,0,131.0
10110027MONTEIROH_2025-12-23_G37,10110027MONTEIROH,2025-12-23,117833,1,3,0,89.0
10110027MONTEIROH_2025-12-23_G38,10110027MONTEIROH,2025-12-23,111444,1,2,0,63.0
10110027MONTEIROH_2025-12-23_G39,10110027MONTEIROH,2025-12-23,108711,1,4,0,55.0
10110027MONTEIROH_2025-12-23_G40,10110027MONTEIROH,2025-12-23,141457,1,4,0,111.0
10110027MONTEIROH_2025-12-23_G41,10110027MONTEIROH,2025-12-23,141456,1,8,0,122.0
10110027MONTEIROH_2025-12-23_G42,10110027MONTEIROH,2025-12-23,111569,1,2,0,194.0
10110027MONTEIROH_2025-12-23_G43,10110027MONTEIROH,2025-12-23,141318,1,2,0,95.0
10110027MONTEIROH_2025-12-23_G44,10110027MONTEIROH,2025-12-23,118094,1,2,0,158.0
10110027MONTEIROH_2025-12-23_G45,10110027MONTEIROH,2025-12-23,140923,1,4,0,65.0
10110027MONTEIROH_2025-12-23_G46,10110027MONTEIROH,2025-12-23,117786,1,4,0,148.0
10110027MONTEIROH_2025-12-23_G47,10110027MONTEIROH,2025-12-23,110372,1,6,0,304.0
10110027MONTEIROH_2025-12-23_G48,10110027MONTEIROH,2025-12-23,117832,1,4,0,143.0
10110027MONTEIROH_2025-12-23_G49,10110027MONTEIROH,2025-12-23,111462,1,2,0,428.0
10110027MONTEIROH_2025-12-23_G50,10110027MONTEIROH,2025-12-23,111418,1,17,0,388.0
10110027MONTEIROH_2025-12-23_G51,10110027MONTEIROH,2025-12-23,117820,1,10,0,195.0
10110027MONTEIROH_2025-12-23_G52,10110027MONTEIROH,2025-12-23,111462,1,2,0,147.0
10110027MONTEIROH_2025-12-23_G53,10110027MONTEIROH,2025-12-23,140922,1,2,0,100.0
10110027MONTEIROH_2025-12-23_G54,10110027MONTEIROH,2025-12-23,107236,1,4,0,144.0
10110027MONTEIROH_2025-12-23_G55,10110027MONTEIROH,2025-12-23,117935,1,1,0,239.0
10110027MONTEIROH_2025-12-23_G56,10110027MONTEIROH,2025-12-23,140923,1,2,0,54.0
10110027MONTEIROH_2025-12-23_G57,10110027MONTEIROH,2025-12-23,110741,1,6,0,134.0
10110027MONTEIROH_2025-12-23_G58,10110027MONTEIROH,2025-12-23,111602,1,2,0,60.0
10110027MONTEIROH_2025-12-23_G59,10110027MONTEIROH,2025-12-23,107629,1,6,0,117.0
10110027MONTEIROH_2025-12-23_G60,10110027MONTEIROH,2025-12-23,110711,1,4,0,95.0
10110027MONTEIROH_2025-12-23_G61,10110027MONTEIROH,2025-12-23,108770,1,1,0,137.0
10110027MONTEIROH_2025-12-23_G62,10110027MONTEIROH,2025-12-23,105167,1,4,0,153.0
10110027MONTEIROH_2025-12-23_G64,10110027MONTEIROH,2025-12-23,111462,1,4,0,115.0
10110027MONTEIROH_2025-12-23_G65,10110027MONTEIROH,2025-12-23,111467,1,2,0,250.0
10110027MONTEIROH_2025-12-23_G66,10110027MONTEIROH,2025-12-23,117833,1,2,0,261.0
10110027MONTEIROH_2025-12-23_G67,10110027MONTEIROH,2025-12-23,111467,1,2,0,208.0
10110027MONTEIROH_2025-12-23_G68,10110027MONTEIROH,2025-12-23,117820,1,5,0,251.0
10110027MONTEIROH_2025-12-23_G69,10110027MONTEIROH,2025-12-23,117833,1,8,0,147.0
10110027MONTEIROH_2025-12-23_G70,10110027MONTEIROH,2025-12-23,111530,5,13,87,570.0
10110027MONTEIROH_2025-12-23_G71,10110027MONTEIROH,2025-12-23,118222,1,242,0,3390.0
10110027MONTEIROH_2025-12-23_G72,10110027MONTEIROH,2025-12-23,117830,1,40,0,920.0
10110027MONTEIROH_2025-12-23_G73,10110027MONTEIROH,2025-12-23,110375,1,18,0,238.0
10110027MONTEIROH_2025-12-23_G74,10110027MONTEIROH,2025-12-23,117808,1,3,0,74.0
10110027MONTEIROH_2025-12-23_G75,10110027MONTEIROH,2025-12-23,109648,1,6,0,274.0
10110027MONTEIROH_2025-12-24_G02,10110027MONTEIROH,2025-12-24,109640,1,20,0,958.0
10110027MONTEIROH_2025-12-24_G03,10110027MONTEIROH,2025-12-24,110711,2,12,19,265.0
10110027MONTEIROH_2025-12-24_G04,10110027MONTEIROH,2025-12-24,117856,1,11,0,416.0
10110027MONTEIROH_2025-12-24_G05,10110027MONTEIROH,2025-12-24,111467,3,44,47,772.0
10110027MONTEIROH_2025-12-24_G06,10110027MONTEIROH,2025-12-24,140923,1,40,0,594.0
10110027MONTEIROH_2025-12-24_G08,10110027MONTEIROH,2025-12-24,111602,1,12,0,189.0
10110027MONTEIROH_2025-12-24_G09,10110027MONTEIROH,2025-12-24,117855,1,15,0,266.0
10110027MONTEIROH_2025-12-26_G02,10110027MONTEIROH,2025-12-26,117832,1,1151,0,2345.0
10110027MONTEIROH_2025-12-26_G03,10110027MONTEIROH,2025-12-26,110376,1,45,0,747.0
10110027MONTEIROH_2025-12-26_G04,10110027MONTEIROH,2025-12-26,110325,1,49,0,370.0
10110027MONTEIROH_2025-12-26_G05,10110027MONTEIROH,2025-12-26,110375,1,46,0,386.0
10110027MONTEIROH_2025-12-26_G07,10110027MONTEIROH,2025-12-26,107629,1,31,0,268.0
10110027MONTEIROH_2025-12-26_G08,10110027MONTEIROH,2025-12-26,109640,1,20,0,341.0
10110027MONTEIROH_2025-12-26_G09,10110027MONTEIROH,2025-12-26,117935,1,73,0,2200.0
10110027MONTEIROH_2025-12-26_G10,10110027MONTEIROH,2025-12-26,110371,1,200,0,645.0
10110027MONTEIROH_2025-12-26_G11,10110027MONTEIROH,2025-12-26,111465,1,68,0,640.0
10110027MONTEIROH_2025-12-26_G12,10110027MONTEIROH,2025-12-26,110332,1,1,0,489.0
10110027MONTEIROH_2025-12-26_G13,10110027MONTEIROH,2025-12-26,110740,1,8,0,189.0
10110027MONTEIROH_2025-12-26_G14,10110027MONTEIROH,2025-12-26,110752,1,8,0,506.0
10110027MONTEIROH_2025-12-26_G16,10110027MONTEIROH,2025-12-26,110373,1,312,0,517.0
10110027MONTEIROH_2025-12-26_G17,10110027MONTEIROH,2025-12-26,111530,1,28,0,1048.0
10110027MONTEIROH_2025-12-26_G18,10110027MONTEIROH,2025-12-26,111441,1,14,0,1768.0
10110027MONTEIROH_2025-12-26_G19,10110027MONTEIROH,2025-12-26,140922,1,4,0,1182.0
10110027MONTEIROH_2025-12-26_G20,10110027MONTEIROH,2025-12-26,111466,1,5,0,121.0
10110027MONTEIROH_2025-12-26_G21,10110027MONTEIROH,2025-12-26,118140,1,4,0,165.0
10110027MONTEIROH_2025-12-26_G22,10110027MONTEIROH,2025-12-26,110711,1,5,0,106.0
10110027MONTEIROH_2025-12-26_G23,10110027MONTEIROH,2025-12-26,111469,1,4,0,146.0
10110027MONTEIROH_2025-12-26_G24,10110027MONTEIROH,2025-12-26,111441,1,4,0,224.0
10110027MONTEIROH_2025-12-27_G02,10110027MONTEIROH,2025-12-27,107236,1,60,0,402.0
10110027MONTEIROH_2025-12-27_G03,10110027MONTEIROH,2025-12-27,140922,1,30,0,511.0
10110027MONTEIROH_2025-12-27_G04,10110027MONTEIROH,2025-12-27,110787,1,50,0,627.0
10110027MONTEIROH_2025-12-27_G05,10110027MONTEIROH,2025-12-27,110373,1,114,0,314.0
10110027MONTEIROH_2025-12-27_G06,10110027MONTEIROH,2025-12-27,141202,1,30,0,285.0
10110027MONTEIROH_2025-12-27_G07,10110027MONTEIROH,2025-12-27,110373,1,125,0,444.0
10110027MONTEIROH_2025-12-27_G08,10110027MONTEIROH,2025-12-27,117820,1,83,0,385.0
10110027MONTEIROH_2025-12-29_G02,10110027MONTEIROH,2025-12-29,111530,1,12,0,423.0
10110027MONTEIROH_2025-12-29_G03,10110027MONTEIROH,2025-12-29,111530,1,15,0,121.0
10110027MONTEIROH_2025-12-29_G04,10110027MONTEIROH,2025-12-29,111530,1,1,0,40.0
10110027MONTEIROH_2025-12-29_G05,10110027MONTEIROH,2025-12-29,111530,1,11,0,84.0
10110027MONTEIROH_2025-12-29_G06,10110027MONTEIROH,2025-12-29,117786,2,70,18,310.0
10110027MONTEIROH_2025-12-29_G07,10110027MONTEIROH,2025-12-29,110372,1,12,0,1137.0
10110027MONTEIROH_2025-12-29_G08,10110027MONTEIROH,2025-12-29,111602,1,4,0,95.0
10110027MONTEIROH_2025-12-29_G09,10110027MONTEIROH,2025-12-29,111602,1,8,0,170.0
10110027MONTEIROH_2025-12-29_G10,10110027MONTEIROH,2025-12-29,111418,1,11,0,176.0
10110027MONTEIROH_2025-12-29_G11,10110027MONTEIROH,2025-12-29,110742,1,1,0,215.0
10110027MONTEIROH_2025-12-29_G12,10110027MONTEIROH,2025-12-29,107830,1,8,0,196.0
10110027MONTEIROH_2025-12-29_G13,10110027MONTEIROH,2025-12-29,111602,1,12,0,471.0
10110027MONTEIROH_2025-12-29_G14,10110027MONTEIROH,2025-12-29,109640,1,18,0,270.0
10110027MONTEIROH_2025-12-29_G15,10110027MONTEIROH,2025-12-29,111602,1,20,0,1208.0
10110027MONTEIROH_2025-12-29_G16,10110027MONTEIROH,2025-12-29,110376,1,108,0,1154.0
10110027MONTEIROH_2025-12-29_G17,10110027MONTEIROH,2025-12-29,117832,2,401,17,1326.0
10110027MONTEIROH_2025-12-29_G18,10110027MONTEIROH,2025-12-29,111444,1,50,0,615.0
10110027MONTEIROH_2025-12-29_G19,10110027MONTEIROH,2025-12-29,111879,1,1,0,261.0
10110027MONTEIROH_2025-12-29_G20,10110027MONTEIROH,2025-12-29,117862,1,97,0,516.0
10110027MONTEIROH_2025-12-29_G21,10110027MONTEIROH,2025-12-29,111430,1,249,0,1128.0
10110027MONTEIROH_2025-12-29_G22,10110027MONTEIROH,2025-12-29,118317,1,7,0,1674.0
10110027MONTEIROH_2025-12-29_G23,10110027MONTEIROH,2025-12-29,117785,1,20,0,493.0
10110027MONTEIROH_2025-12-29_G24,10110027MONTEIROH,2025-12-29,140922,1,5,0,96.0
10110027MONTEIROH_2025-12-29_G25,10110027MONTEIROH,2025-12-29,111182,1,2,0,94.0
10110027MONTEIROH_2025-12-29_G26,10110027MONTEIROH,2025-12-29,160055,1,2,0,45.0
10110027MONTEIROH_2025-12-29_G27,10110027MONTEIROH,2025-12-29,141823,1,10,0,279.0
10110027MONTEIROH_2025-12-29_G28,10110027MONTEIROH,2025-12-29,111463,1,20,0,207.0
10110027MONTEIROH_2025-12-29_G29,10110027MONTEIROH,2025-12-29,117833,1,5,0,123.0
10110027MONTEIROH_2025-12-29_G30,10110027MONTEIROH,2025-12-29,117833,1,8,0,67.0
10110027MONTEIROH_2025-12-29_G31,10110027MONTEIROH,2025-12-29,111743,1,10,0,474.0
10110027MONTEIROH_2025-12-29_G32,10110027MONTEIROH,2025-12-29,117838,1,2,0,96.0
10110027MONTEIROH_2025-12-29_G33,10110027MONTEIROH,2025-12-29,117831,1,10,0,86.0
10110027MONTEIROH_2025-12-29_G34,10110027MONTEIROH,2025-12-29,117831,1,20,0,122.0
10110027MONTEIROH_2025-12-29_G35,10110027MONTEIROH,2025-12-29,108711,1,10,0,85.0
10110027MONTEIROH_2025-12-29_G36,10110027MONTEIROH,2025-12-29,108711,1,10,0,85.0
10110027MONTEIROH_2025-12-29_G37,10110027MONTEIROH,2025-12-29,118140,1,10,0,104.0
10110027MONTEIROH_2025-12-29_G38,10110027MONTEIROH,2025-12-29,117821,1,10,0,364.0
10110027MONTEIROH_2025-12-29_G39,10110027MONTEIROH,2025-12-29,141456,1,10,0,246.0
10110027MONTEIROH_2025-12-29_G40,10110027MONTEIROH,2025-12-29,141458,1,10,0,87.0
10110027MONTEIROH_2025-12-29_G41,10110027MONTEIROH,2025-12-29,111462,1,25,0,697.0
10110027MONTEIROH_2025-12-29_G42,10110027MONTEIROH,2025-12-29,110373,1,10,0,811.0
10110027MONTEIROH_2025-12-29_G44,10110027MONTEIROH,2025-12-29,110747,1,2,0,141.0
10110027MONTEIROH_2025-12-29_G45,10110027MONTEIROH,2025-12-29,111462,2,16,23,259.0
10110027MONTEIROH_2025-12-29_G46,10110027MONTEIROH,2025-12-29,111418,1,38,0,352.0
10110027MONTEIROH_2025-12-29_G47,10110027MONTEIROH,2025-12-29,111418,1,8,0,136.0
10110027MONTEIROH_2025-12-29_G48,10110027MONTEIROH,2025-12-29,140922,1,1,0,163.0
10110027MONTEIROH_2025-12-29_G49,10110027MONTEIROH,2025-12-29,111743,1,16,0,321.0
10110027MONTEIROH_2025-12-29_G50,10110027MONTEIROH,2025-12-29,110787,1,30,0,270.0
10110027MONTEIROH_2025-12-29_G51,10110027MONTEIROH,2025-12-29,118140,1,20,0,410.0
10110027MONTEIROH_2025-12-29_G52,10110027MONTEIROH,2025-12-29,111443,1,8,0,295.0
10110027MONTEIROH_2025-12-29_G53,10110027MONTEIROH,2025-12-29,111330,1,8,0,141.0
10110027MONTEIROH_2025-12-30_G02,10110027MONTEIROH,2025-12-30,118299,1,21,0,240.0
10110027MONTEIROH_2025-12-30_G03,10110027MONTEIROH,2025-12-30,118299,1,179,0,826.0
10110027MONTEIROH_2025-12-30_G04,10110027MONTEIROH,2025-12-30,110373,1,200,0,2337.0
10110027MONTEIROH_2025-12-30_G05,10110027MONTEIROH,2025-12-30,117808,2,1027,16,145.0
10110027MONTEIROH_2025-12-30_G06,10110027MONTEIROH,2025-12-30,107830,1,12,0,503.0
10110027MONTEIROH_2025-12-30_G07,10110027MONTEIROH,2025-12-30,107830,1,24,0,99.0
10110027MONTEIROH_2025-12-30_G08,10110027MONTEIROH,2025-12-30,107830,1,12,0,372.0
10110027MONTEIROH_2025-12-30_G09,10110027MONTEIROH,2025-12-30,107830,1,16,0,122.0
10110027MONTEIROH_2025-12-30_G10,10110027MONTEIROH,2025-12-30,111418,1,7,0,124.0
10110027MONTEIROH_2025-12-30_G11,10110027MONTEIROH,2025-12-30,111532,1,36,0,1083.0
10110027MONTEIROH_2025-12-30_G12,10110027MONTEIROH,2025-12-30,110313,1,14,0,268.0
10110027MONTEIROH_2025-12-30_G13,10110027MONTEIROH,2025-12-30,111467,1,20,0,275.0
10110027MONTEIROH_2025-12-30_G14,10110027MONTEIROH,2025-12-30,111467,1,40,0,241.0
10110027MONTEIROH_2025-12-30_G15,10110027MONTEIROH,2025-12-30,"110742, 111441",2,27,24,799.0
10110027MONTEIROH_2025-12-30_G16,10110027MONTEIROH,2025-12-30,111462,1,80,0,1540.0
10110027MONTEIROH_2025-12-30_G17,10110027MONTEIROH,2025-12-30,117820,1,110,0,1545.0
10110027MONTEIROH_2025-12-30_G18,10110027MONTEIROH,2025-12-30,117832,1,23,0,609.0
10110027MONTEIROH_2025-12-30_G19,10110027MONTEIROH,2025-12-30,110373,1,20,0,193.0
10110027MONTEIROH_2025-12-30_G20,10110027MONTEIROH,2025-12-30,110373,1,74,0,380.0
10110027MONTEIROH_2025-12-30_G21,10110027MONTEIROH,2025-12-30,117820,1,200,0,576.0
10110027MONTEIROH_2025-12-30_G22,10110027MONTEIROH,2025-12-30,118299,1,100,0,372.0
10110027MONTEIROH_2025-12-30_G23,10110027MONTEIROH,2025-12-30,140923,1,10,0,236.0
10110027MONTEIROH_2025-12-30_G24,10110027MONTEIROH,2025-12-30,110339,1,12,0,150.0
10110027MONTEIROH_2025-12-30_G25,10110027MONTEIROH,2025-12-30,110895,1,17,0,199.0
10110027MONTEIROH_2025-12-30_G26,10110027MONTEIROH,2025-12-30,117855,1,35,0,486.0
10110027MONTEIROH_2025-12-30_G27,10110027MONTEIROH,2025-12-30,109640,1,45,0,572.0
10110027MONTEIROH_2025-12-30_G28,10110027MONTEIROH,2025-12-30,110313,1,50,0,542.0
10110027MONTEIROH_2025-12-30_G29,10110027MONTEIROH,2025-12-30,110313,1,41,0,394.0
10110027MONTEIROH_2025-12-30_G30,10110027MONTEIROH,2025-12-30,111418,1,105,0,750.0
10110027MONTEIROH_2025-12-30_G32,10110027MONTEIROH,2025-12-30,110373,1,10,0,758.0
10110027MONTEIROH_2025-12-30_G33,10110027MONTEIROH,2025-12-30,111348,1,4,0,142.0
10110027MONTEIROH_2025-12-30_G34,10110027MONTEIROH,2025-12-30,111418,1,4,0,74.0
10110027MONTEIROH_2025-12-30_G35,10110027MONTEIROH,2025-12-30,110787,1,4,0,141.0
10110027MONTEIROH_2025-12-30_G36,10110027MONTEIROH,2025-12-30,117820,1,20,0,165.0
10110027MONTEIROH_2025-12-30_G37,10110027MONTEIROH,2025-12-30,110373,1,3,0,126.0
10110027MONTEIROH_2025-12-30_G38,10110027MONTEIROH,2025-12-30,110787,1,4,0,186.0
10110027MONTEIROH_2025-12-30_G39,10110027MONTEIROH,2025-12-30,111467,1,6,0,136.0
10110027MONTEIROH_2025-12-30_G40,10110027MONTEIROH,2025-12-30,111330,1,4,0,382.0
10110027MONTEIROH_2025-12-30_G41,10110027MONTEIROH,2025-12-30,110742,1,8,0,455.0
10110027MONTEIROH_2025-12-30_G42,10110027MONTEIROH,2025-12-30,117855,1,12,0,308.0
10110027MONTEIROH_2025-12-30_G43,10110027MONTEIROH,2025-12-30,110313,1,2,0,185.0
10110027MONTEIROH_2025-12-31_G02,10110027MONTEIROH,2025-12-31,118418,1,5,0,197.0
10110027MONTEIROH_2025-12-31_G03,10110027MONTEIROH,2025-12-31,110895,1,1,0,88.0
10110027MONTEIROH_2025-12-31_G04,10110027MONTEIROH,2025-12-31,117935,1,2,0,187.0
10110027MONTEIROH_2025-12-31_G05,10110027MONTEIROH,2025-12-31,117861,1,2,0,162.0
10110027MONTEIROH_2025-12-31_G06,10110027MONTEIROH,2025-12-31,110313,1,8,0,191.0
10110027MONTEIROH_2025-12-31_G07,10110027MONTEIROH,2025-12-31,111602,1,6,0,58.0
10110027MONTEIROH_2025-12-31_G08,10110027MONTEIROH,2025-12-31,110372,1,14,0,403.0
10110027MONTEIROH_2025-12-31_G09,10110027MONTEIROH,2025-12-31,107830,1,4,0,895.0
10110027MONTEIROH_2025-12-31_G10,10110027MONTEIROH,2025-12-31,117808,1,8,0,168.0
10110027MONTEIROH_2025-12-31_G11,10110027MONTEIROH,2025-12-31,111418,1,2,0,139.0
10110027MONTEIROH_2025-12-31_G12,10110027MONTEIROH,2025-12-31,117833,1,6,0,113.0
10110027MONTEIROH_2025-12-31_G13,10110027MONTEIROH,2025-12-31,111469,1,4,0,74.0
10110027MONTEIROH_2025-12-31_G14,10110027MONTEIROH,2025-12-31,110740,1,4,0,97.0
10110027MONTEIROH_2025-12-31_G15,10110027MONTEIROH,2025-12-31,111532,1,16,0,354.0
10110027MONTEIROH_2025-12-31_G16,10110027MONTEIROH,2025-12-31,111532,2,6,25,44.0
10110027MONTEIROH_2025-12-31_G17,10110027MONTEIROH,2025-12-31,111532,1,8,0,89.0
10110027MONTEIROH_2025-12-31_G18,10110027MONTEIROH,2025-12-31,111462,1,3,0,133.0
10110027MONTEIROH_2025-12-31_G19,10110027MONTEIROH,2025-12-31,111462,2,5,16,53.0
10110027MONTEIROH_2025-12-31_G20,10110027MONTEIROH,2025-12-31,111462,1,3,0,49.0
10110027MONTEIROH_2025-12-31_G21,10110027MONTEIROH,2025-12-31,117855,1,8,0,322.0
10110027MONTEIROH_2025-12-31_G22,10110027MONTEIROH,2025-12-31,111442,1,14,0,396.0
10110027MONTEIROH_2025-12-31_G23,10110027MONTEIROH,2025-12-31,111442,1,4,0,101.0
10110027MONTEIROH_2025-12-31_G24,10110027MONTEIROH,2025-12-31,107830,1,4,0,420.0
10110027MONTEIROH_2025-12-31_G25,10110027MONTEIROH,2025-12-31,107830,1,4,0,45.0
10110027MONTEIROH_2025-12-31_G26,10110027MONTEIROH,2025-12-31,110742,1,2,0,161.0
10110027MONTEIROH_2025-12-31_G27,10110027MONTEIROH,2025-12-31,110742,1,2,0,211.0
10110027MONTEIROH_2026-01-07_G02,10110027MONTEIROH,2026-01-07,110313,1,5,0,182.0
10110027MONTEIROH_2026-01-07_G03,10110027MONTEIROH,2026-01-07,117855,1,20,0,212.0
10110027MONTEIROH_2026-01-07_G04,10110027MONTEIROH,2026-01-07,117855,1,10,0,110.0
10110027MONTEIROH_2026-01-07_G05,10110027MONTEIROH,2026-01-07,117855,1,8,0,66.0
10110027MONTEIROH_2026-01-07_G06,10110027MONTEIROH,2026-01-07,110733,1,5,0,401.0
10110027MONTEIROH_2026-01-07_G07,10110027MONTEIROH,2026-01-07,110733,1,17,0,1232.0
10110027MONTEIROH_2026-01-07_G08,10110027MONTEIROH,2026-01-07,111467,1,18,0,1755.0
10110027MONTEIROH_2026-01-07_G09,10110027MONTEIROH,2026-01-07,111467,1,8,0,62.0
10110027MONTEIROH_2026-01-07_G10,10110027MONTEIROH,2026-01-07,141047,1,15,0,120.0
10110027MONTEIROH_2026-01-07_G11,10110027MONTEIROH,2026-01-07,111467,1,10,0,236.0
10110027MONTEIROH_2026-01-07_G12,10110027MONTEIROH,2026-01-07,111467,1,5,0,58.0
10110027MONTEIROH_2026-01-07_G14,10110027MONTEIROH,2026-01-07,111418,1,10,0,75.0
10110027MONTEIROH_2026-01-07_G15,10110027MONTEIROH,2026-01-07,110787,1,10,0,467.0
10110027MONTEIROH_2026-01-07_G16,10110027MONTEIROH,2026-01-07,110787,1,10,0,50.0
10110027MONTEIROH_2026-01-07_G17,10110027MONTEIROH,2026-01-07,110787,1,5,0,42.0
10110027MONTEIROH_2026-01-07_G18,10110027MONTEIROH,2026-01-07,141458,1,10,0,64.0
10110027MONTEIROH_2026-01-07_G19,10110027MONTEIROH,2026-01-07,110745,1,8,0,90.0
10110027MONTEIROH_2026-01-07_G20,10110027MONTEIROH,2026-01-07,110745,1,10,0,1012.0
10110027MONTEIROH_2026-01-07_G21,10110027MONTEIROH,2026-01-07,111463,1,30,0,366.0
10110027MONTEIROH_2026-01-07_G22,10110027MONTEIROH,2026-01-07,111463,1,10,0,63.0
10110027MONTEIROH_2026-01-07_G23,10110027MONTEIROH,2026-01-07,111469,1,30,0,91.0
10110027MONTEIROH_2026-01-07_G24,10110027MONTEIROH,2026-01-07,111465,1,16,0,748.0
10110027MONTEIROH_2026-01-07_G25,10110027MONTEIROH,2026-01-07,111465,1,4,0,60.0
10110027MONTEIROH_2026-01-07_G26,10110027MONTEIROH,2026-01-07,110733,1,5,0,316.0
10110027MONTEIROH_2026-01-08_G02,10110027MONTEIROH,2026-01-08,111438,1,61,0,583.0
10110027MONTEIROH_2026-01-08_G03,10110027MONTEIROH,2026-01-08,110895,1,5,0,94.0
10110027MONTEIROH_2026-01-08_G04,10110027MONTEIROH,2026-01-08,141066,1,2,0,284.0
10110027MONTEIROH_2026-01-08_G05,10110027MONTEIROH,2026-01-08,110741,1,6,0,182.0
10110027MONTEIROH_2026-01-08_G06,10110027MONTEIROH,2026-01-08,110753,1,20,0,174.0
10110027MONTEIROH_2026-01-08_G07,10110027MONTEIROH,2026-01-08,107629,1,30,0,272.0
10110027MONTEIROH_2026-01-08_G08,10110027MONTEIROH,2026-01-08,140923,1,100,0,850.0
10110027MONTEIROH_2026-01-08_G09,10110027MONTEIROH,2026-01-08,109640,2,33,10,392.0
10110027MONTEIROH_2026-01-08_G10,10110027MONTEIROH,2026-01-08,124592,1,20,0,579.0
10110027MONTEIROH_2026-01-08_G11,10110027MONTEIROH,2026-01-08,111182,1,100,0,696.0
10110027MONTEIROH_2026-01-08_G12,10110027MONTEIROH,2026-01-08,111434,1,10,0,51.0
10110027MONTEIROH_2026-01-08_G13,10110027MONTEIROH,2026-01-08,108711,1,14,0,269.0
10110027MONTEIROH_2026-01-08_G14,10110027MONTEIROH,2026-01-08,107236,1,29,0,265.0
10110027MONTEIROH_2026-01-08_G15,10110027MONTEIROH,2026-01-08,107830,1,20,0,207.0
10110027MONTEIROH_2026-01-08_G16,10110027MONTEIROH,2026-01-08,111433,1,42,0,116.0
10110027MONTEIROH_2026-01-08_G17,10110027MONTEIROH,2026-01-08,122962,1,21,0,3246.0
10110027MONTEIROH_2026-01-08_G18,10110027MONTEIROH,2026-01-08,124486,1,2,0,124.0
10110027MONTEIROH_2026-01-08_G19,10110027MONTEIROH,2026-01-08,122671,1,4,0,1006.0
10110027MONTEIROH_2026-01-08_G20,10110027MONTEIROH,2026-01-08,122962,1,163,0,2442.0
10110027MONTEIROH_2026-01-08_G21,10110027MONTEIROH,2026-01-08,123909,1,22,0,488.0
10110027MONTEIROH_2026-01-08_G22,10110027MONTEIROH,2026-01-08,124548,1,17,0,2090.0
10110027MONTEIROH_2026-01-08_G23,10110027MONTEIROH,2026-01-08,123822,1,13,0,223.0
10110027MONTEIROH_2026-01-08_G24,10110027MONTEIROH,2026-01-08,123153,1,4,0,415.0
10110027MONTEIROH_2026-01-08_G25,10110027MONTEIROH,2026-01-08,124247,1,2,0,176.0
10110027MONTEIROH_2026-01-08_G26,10110027MONTEIROH,2026-01-08,122983,1,5,0,219.0
10110027MONTEIROH_2026-01-08_G27,10110027MONTEIROH,2026-01-08,120028,1,2,0,398.0
10110027MONTEIROH_2026-01-08_G28,10110027MONTEIROH,2026-01-08,122962,1,8,0,269.0
10110027MONTEIROH_2026-01-09_G02,10110027MONTEIROH,2026-01-09,110895,1,4,0,103.0
10110027MONTEIROH_2026-01-09_G03,10110027MONTEIROH,2026-01-09,110787,1,6,0,154.0
10110027MONTEIROH_2026-01-09_G04,10110027MONTEIROH,2026-01-09,140911,1,2,0,142.0
10110027MONTEIROH_2026-01-09_G05,10110027MONTEIROH,2026-01-09,140922,1,12,0,145.0
10110027MONTEIROH_2026-01-09_G06,10110027MONTEIROH,2026-01-09,118140,1,12,0,170.0
10110027MONTEIROH_2026-01-09_G07,10110027MONTEIROH,2026-01-09,110747,1,1,0,129.0
10110027MONTEIROH_2026-01-09_G09,10110027MONTEIROH,2026-01-09,124486,1,50,0,1149.0
10110027MONTEIROH_2026-01-09_G10,10110027MONTEIROH,2026-01-09,124370,1,50,0,1640.0
10110027MONTEIROH_2026-01-09_G11,10110027MONTEIROH,2026-01-09,120339,1,20,0,469.0
10110027MONTEIROH_2026-01-09_G12,10110027MONTEIROH,2026-01-09,124548,1,20,0,405.0
10110027MONTEIROH_2026-01-09_G13,10110027MONTEIROH,2026-01-09,124624,1,10,0,464.0
10110027MONTEIROH_2026-01-09_G15,10110027MONTEIROH,2026-01-09,124486,1,80,0,1275.0
10110027MONTEIROH_2026-01-09_G16,10110027MONTEIROH,2026-01-09,121760,1,40,0,976.0
10110027MONTEIROH_2026-01-10_G02,10110027MONTEIROH,2026-01-10,117820,1,250,0,533.0
10110027MONTEIROH_2026-01-10_G03,10110027MONTEIROH,2026-01-10,110371,1,300,0,680.0
10110027MONTEIROH_2026-01-10_G04,10110027MONTEIROH,2026-01-10,117822,1,4,0,459.0
10110027MONTEIROH_2026-01-10_G05,10110027MONTEIROH,2026-01-10,117830,1,3,0,62.0
10110027MONTEIROH_2026-01-10_G06,10110027MONTEIROH,2026-01-10,117832,1,11,0,278.0
10110027MONTEIROH_2026-01-10_G07,10110027MONTEIROH,2026-01-10,117831,1,5,0,132.0
10110027MONTEIROH_2026-01-10_G08,10110027MONTEIROH,2026-01-10,117821,1,18,0,195.0
10110027MONTEIROH_2026-01-10_G09,10110027MONTEIROH,2026-01-10,116241,1,5,0,101.0
10110027MONTEIROH_2026-01-10_G10,10110027MONTEIROH,2026-01-10,110743,1,12,0,308.0
10110027MONTEIROH_2026-01-10_G11,10110027MONTEIROH,2026-01-10,111468,1,1,0,70.0
10110027MONTEIROH_2026-01-10_G12,10110027MONTEIROH,2026-01-10,111442,1,8,0,150.0
10110027MONTEIROH_2026-01-10_G13,10110027MONTEIROH,2026-01-10,111443,1,8,0,143.0
10110027MONTEIROH_2026-01-10_G14,10110027MONTEIROH,2026-01-10,141458,1,3,0,46.0
10110027MONTEIROH_2026-01-10_G15,10110027MONTEIROH,2026-01-10,111465,1,26,0,151.0
10110027MONTEIROH_2026-01-10_G16,10110027MONTEIROH,2026-01-10,117787,1,3,0,89.0
10110027MONTEIROH_2026-01-10_G17,10110027MONTEIROH,2026-01-10,111418,1,210,0,981.0
10110027MONTEIROH_2026-01-10_G18,10110027MONTEIROH,2026-01-10,111463,1,113,0,826.0
10110027MONTEIROH_2026-01-10_G19,10110027MONTEIROH,2026-01-10,118140,1,28,0,187.0
10110027MONTEIROH_2026-01-10_G20,10110027MONTEIROH,2026-01-10,110740,1,30,0,384.0
10110027MONTEIROH_2026-01-10_G21,10110027MONTEIROH,2026-01-10,111532,1,105,0,571.0
10110027MONTEIROH_2026-01-10_G22,10110027MONTEIROH,2026-01-10,111743,1,20,0,313.0
10110027MONTEIROH_2026-01-10_G23,10110027MONTEIROH,2026-01-10,108794,1,42,0,286.0
10110027MONTEIROH_2026-01-10_G24,10110027MONTEIROH,2026-01-10,111462,1,44,0,477.0
10110027MONTEIROH_2026-01-10_G25,10110027MONTEIROH,2026-01-10,141823,1,30,0,248.0
10110027MONTEIROH_2026-01-10_G26,10110027MONTEIROH,2026-01-10,105705,1,42,0,513.0
10110027MONTEIROH_2026-01-10_G27,10110027MONTEIROH,2026-01-10,140922,1,54,0,363.0
10110027MONTEIROH_2026-01-10_G28,10110027MONTEIROH,2026-01-10,108770,1,2,0,3548.0
10110027MONTEIROH_2026-01-10_G29,10110027MONTEIROH,2026-01-10,141318,1,4,0,181.0
10110027MONTEIROH_2026-01-10_G30,10110027MONTEIROH,2026-01-10,111441,1,4,0,323.0
10110027MONTEIROH_2026-01-10_G31,10110027MONTEIROH,2026-01-10,118290,1,4,0,506.0
10110027MONTEIROH_2026-01-10_G32,10110027MONTEIROH,2026-01-10,140923,1,6,0,119.0
10110027MONTEIROH_2026-01-10_G33,10110027MONTEIROH,2026-01-10,110313,1,1,0,58.0
10110027MONTEIROH_2026-01-10_G34,10110027MONTEIROH,2026-01-10,111532,1,1,0,119.0
10110027MONTEIROH_2026-01-10_G35,10110027MONTEIROH,2026-01-10,111469,1,8,0,236.0
10110027MONTEIROH_2026-01-10_G36,10110027MONTEIROH,2026-01-10,118140,1,2,0,71.0
10110027MONTEIROH_2026-01-10_G37,10110027MONTEIROH,2026-01-10,110740,1,4,0,59.0
10110027MONTEIROH_2026-01-10_G38,10110027MONTEIROH,2026-01-10,110372,1,8,0,188.0
10110027MONTEIROH_2026-01-10_G39,10110027MONTEIROH,2026-01-10,110372,1,2,0,202.0
10110027MONTEIROH_2026-01-10_G40,10110027MONTEIROH,2026-01-10,118299,1,6,0,156.0
10110027MONTEIROH_2026-01-10_G41,10110027MONTEIROH,2026-01-10,117830,1,4,0,131.0
10110027MONTEIROH_2026-01-10_G42,10110027MONTEIROH,2026-01-10,117820,1,10,0,330.0
10110027MONTEIROH_2026-01-10_G44,10110027MONTEIROH,2026-01-10,117809,2,6,29,56.0
10110027MONTEIROH_2026-01-10_G45,10110027MONTEIROH,2026-01-10,110373,1,10,0,68.0
10110027MONTEIROH_2026-01-10_G46,10110027MONTEIROH,2026-01-10,141202,1,4,0,226.0
10110027MONTEIROH_2026-01-10_G47,10110027MONTEIROH,2026-01-10,110371,1,8,0,113.0
10110027MONTEIROH_2026-01-10_G48,10110027MONTEIROH,2026-01-10,117820,1,8,0,85.0
10110027MONTEIROH_2026-01-10_G49,10110027MONTEIROH,2026-01-10,117820,1,4,0,39.0
10110027MONTEIROH_2026-01-10_G50,10110027MONTEIROH,2026-01-10,117820,1,6,0,31.0
10110027MONTEIROH_2026-01-10_G51,10110027MONTEIROH,2026-01-10,107830,2,2,27,46.0
10110027MONTEIROH_2026-01-10_G52,10110027MONTEIROH,2026-01-10,111532,2,5,30,343.0
10110027MONTEIROH_2026-01-10_G53,10110027MONTEIROH,2026-01-10,108795,1,2,0,91.0
10110027MONTEIROH_2026-01-10_G54,10110027MONTEIROH,2026-01-10,108794,2,5,29,37.0
10110027MONTEIROH_2026-01-10_G55,10110027MONTEIROH,2026-01-10,108794,1,4,0,39.0
10110027MONTEIROH_2026-01-10_G56,10110027MONTEIROH,2026-01-10,117785,1,4,0,188.0
10110027MONTEIROH_2026-01-10_G57,10110027MONTEIROH,2026-01-10,117785,1,2,0,32.0
10110027MONTEIROH_2026-01-10_G58,10110027MONTEIROH,2026-01-10,111462,1,1,0,31.0
10110027MONTEIROH_2026-01-10_G59,10110027MONTEIROH,2026-01-10,111462,2,8,20,36.0
10110027MONTEIROH_2026-01-10_G60,10110027MONTEIROH,2026-01-10,111418,1,12,0,81.0
10110027MONTEIROH_2026-01-10_G61,10110027MONTEIROH,2026-01-10,111418,1,8,0,50.0
10110027MONTEIROH_2026-01-10_G62,10110027MONTEIROH,2026-01-10,111418,1,6,0,41.0
10110027MONTEIROH_2026-01-10_G63,10110027MONTEIROH,2026-01-10,140922,1,2,0,65.0
10110027MONTEIROH_2026-01-10_G64,10110027MONTEIROH,2026-01-10,111469,1,8,0,98.0
10110027MONTEIROH_2026-01-10_G65,10110027MONTEIROH,2026-01-10,111469,1,2,0,32.0
10110027MONTEIROH_2026-01-10_G66,10110027MONTEIROH,2026-01-10,111468,1,2,0,90.0
10110027MONTEIROH_2026-01-10_G67,10110027MONTEIROH,2026-01-10,141271,1,5,0,86.0
10110027MONTEIROH_2026-01-10_G68,10110027MONTEIROH,2026-01-10,118140,1,5,0,457.0
10110027MONTEIROH_2026-01-10_G69,10110027MONTEIROH,2026-01-10,118140,1,4,0,42.0
10110027MONTEIROH_2026-01-10_G70,10110027MONTEIROH,2026-01-10,117831,1,2,0,56.0
10110027MONTEIROH_2026-01-10_G71,10110027MONTEIROH,2026-01-10,141823,1,7,0,125.0
10110027MONTEIROH_2026-01-10_G72,10110027MONTEIROH,2026-01-10,141823,1,4,0,39.0
10110027MONTEIROH_2026-01-10_G73,10110027MONTEIROH,2026-01-10,111442,1,12,0,138.0
10110027MONTEIROH_2026-01-10_G74,10110027MONTEIROH,2026-01-10,111442,1,4,0,40.0
10110027MONTEIROH_2026-01-10_G75,10110027MONTEIROH,2026-01-10,111442,1,4,0,32.0
10110027MONTEIROH_2026-01-10_G76,10110027MONTEIROH,2026-01-10,111443,1,4,0,74.0
10110027MONTEIROH_2026-01-10_G77,10110027MONTEIROH,2026-01-10,141458,1,2,0,58.0
10110027MONTEIROH_2026-01-10_G78,10110027MONTEIROH,2026-01-10,141458,1,4,0,35.0
10110027MONTEIROH_2026-01-10_G79,10110027MONTEIROH,2026-01-10,111444,1,4,0,92.0
10110027MONTEIROH_2026-01-10_G80,10110027MONTEIROH,2026-01-10,111431,1,4,0,56.0
10110027MONTEIROH_2026-01-10_G81,10110027MONTEIROH,2026-01-10,111465,1,2,0,82.0
10110027MONTEIROH_2026-01-10_G82,10110027MONTEIROH,2026-01-10,107263,1,1,0,322.0
10110027MONTEIROH_2026-01-10_G83,10110027MONTEIROH,2026-01-10,111743,1,1,0,291.0
10110027MONTEIROH_2026-01-10_G84,10110027MONTEIROH,2026-01-10,109645,1,4,0,371.0
10110027MONTEIROH_2026-01-10_G85,10110027MONTEIROH,2026-01-10,117842,1,3,0,173.0
10110027MONTEIROH_2026-01-12_G02,10110027MONTEIROH,2026-01-12,110372,1,56,0,472.0
10110027MONTEIROH_2026-01-12_G03,10110027MONTEIROH,2026-01-12,118299,1,689,0,1411.0
10110027MONTEIROH_2026-01-12_G04,10110027MONTEIROH,2026-01-12,110371,1,37,0,421.0
10110027MONTEIROH_2026-01-12_G05,10110027MONTEIROH,2026-01-12,111418,1,148,0,549.0
10110027MONTEIROH_2026-01-12_G06,10110027MONTEIROH,2026-01-12,117785,1,369,0,3390.0
10110027MONTEIROH_2026-01-12_G07,10110027MONTEIROH,2026-01-12,117808,1,14,0,1474.0
10110027MONTEIROH_2026-01-12_G08,10110027MONTEIROH,2026-01-12,110373,1,7,0,94.0
10110027MONTEIROH_2026-01-12_G09,10110027MONTEIROH,2026-01-12,117830,1,3,0,158.0
10110027MONTEIROH_2026-01-12_G10,10110027MONTEIROH,2026-01-12,110371,1,2,0,51.0
10110027MONTEIROH_2026-01-12_G11,10110027MONTEIROH,2026-01-12,117832,1,4,0,82.0
10110027MONTEIROH_2026-01-12_G12,10110027MONTEIROH,2026-01-12,117820,1,18,0,136.0
10110027MONTEIROH_2026-01-12_G13,10110027MONTEIROH,2026-01-12,105705,1,7,0,136.0
10110027MONTEIROH_2026-01-12_G14,10110027MONTEIROH,2026-01-12,108795,1,5,0,61.0
10110027MONTEIROH_2026-01-12_G15,10110027MONTEIROH,2026-01-12,140922,1,5,0,147.0
10110027MONTEIROH_2026-01-12_G16,10110027MONTEIROH,2026-01-12,141823,1,6,0,105.0
10110027MONTEIROH_2026-01-12_G17,10110027MONTEIROH,2026-01-12,111463,1,4,0,131.0
10110027MONTEIROH_2026-01-12_G18,10110027MONTEIROH,2026-01-12,111469,1,2,0,89.0
10110027MONTEIROH_2026-01-12_G19,10110027MONTEIROH,2026-01-12,111469,1,4,0,60.0
10110027MONTEIROH_2026-01-12_G20,10110027MONTEIROH,2026-01-12,110372,1,52,0,584.0
10110027MONTEIROH_2026-01-12_G21,10110027MONTEIROH,2026-01-12,110372,1,2,0,120.0
10110027MONTEIROH_2026-01-12_G22,10110027MONTEIROH,2026-01-12,118299,1,50,0,326.0
10110027MONTEIROH_2026-01-12_G23,10110027MONTEIROH,2026-01-12,141456,1,8,0,244.0
10110027MONTEIROH_2026-01-12_G24,10110027MONTEIROH,2026-01-12,111462,1,20,0,316.0
10110027MONTEIROH_2026-01-12_G25,10110027MONTEIROH,2026-01-12,111418,1,17,0,140.0
10110027MONTEIROH_2026-01-12_G26,10110027MONTEIROH,2026-01-12,117785,1,18,0,197.0
10110027MONTEIROH_2026-01-12_G27,10110027MONTEIROH,2026-01-12,111743,1,8,0,1085.0
10110027MONTEIROH_2026-01-12_G28,10110027MONTEIROH,2026-01-12,111532,1,4,0,123.0
10110027MONTEIROH_2026-01-12_G29,10110027MONTEIROH,2026-01-12,117831,1,4,0,48.0
10110027MONTEIROH_2026-01-12_G30,10110027MONTEIROH,2026-01-12,111418,1,15,0,209.0
10110027MONTEIROH_2026-01-12_G31,10110027MONTEIROH,2026-01-12,116241,1,7,0,259.0
10110027MONTEIROH_2026-01-12_G32,10110027MONTEIROH,2026-01-12,111466,1,10,0,124.0
10110027MONTEIROH_2026-01-12_G33,10110027MONTEIROH,2026-01-12,111463,1,7,0,107.0
10110027MONTEIROH_2026-01-12_G34,10110027MONTEIROH,2026-01-12,111469,1,4,0,73.0
10110027MONTEIROH_2026-01-12_G35,10110027MONTEIROH,2026-01-12,141456,1,4,0,82.0
10110027MONTEIROH_2026-01-12_G36,10110027MONTEIROH,2026-01-12,111569,1,20,0,1956.0
10110027MONTEIROH_2026-01-12_G37,10110027MONTEIROH,2026-01-12,111430,1,14,0,580.0
10110027MONTEIROH_2026-01-12_G38,10110027MONTEIROH,2026-01-12,111438,1,6,0,109.0
10110027MONTEIROH_2026-01-12_G39,10110027MONTEIROH,2026-01-12,117835,1,5,0,122.0
10110027MONTEIROH_2026-01-12_G40,10110027MONTEIROH,2026-01-12,118094,1,6,0,216.0
10110027MONTEIROH_2026-01-12_G41,10110027MONTEIROH,2026-01-12,140923,1,5,0,112.0
10110027MONTEIROH_2026-01-12_G42,10110027MONTEIROH,2026-01-12,107629,1,4,0,88.0
10110027MONTEIROH_2026-01-12_G43,10110027MONTEIROH,2026-01-12,110339,1,10,0,113.0
10110027MONTEIROH_2026-01-12_G45,10110027MONTEIROH,2026-01-12,117808,1,65,0,790.0
10110027MONTEIROH_2026-01-12_G46,10110027MONTEIROH,2026-01-12,110372,2,62,20,240.0
10110027MONTEIROH_2026-01-12_G47,10110027MONTEIROH,2026-01-12,110375,1,4,0,229.0
10110027MONTEIROH_2026-01-12_G48,10110027MONTEIROH,2026-01-12,118299,1,88,0,499.0
10110027MONTEIROH_2026-01-12_G49,10110027MONTEIROH,2026-01-12,117820,1,51,0,340.0
10110027MONTEIROH_2026-01-12_G50,10110027MONTEIROH,2026-01-12,111743,1,2,0,113.0
10110027MONTEIROH_2026-01-12_G51,10110027MONTEIROH,2026-01-12,111532,1,12,0,144.0
10110027MONTEIROH_2026-01-12_G52,10110027MONTEIROH,2026-01-12,118140,1,4,0,50.0
10110027MONTEIROH_2026-01-12_G53,10110027MONTEIROH,2026-01-12,109641,1,8,0,129.0
10110027MONTEIROH_2026-01-12_G54,10110027MONTEIROH,2026-01-12,111442,1,4,0,94.0
10110027MONTEIROH_2026-01-12_G55,10110027MONTEIROH,2026-01-12,117785,1,5,0,81.0
10110027MONTEIROH_2026-01-12_G56,10110027MONTEIROH,2026-01-12,110745,1,2,0,59.0
10110027MONTEIROH_2026-01-12_G57,10110027MONTEIROH,2026-01-12,111469,1,2,0,43.0
10110027MONTEIROH_2026-01-12_G58,10110027MONTEIROH,2026-01-12,111469,1,20,0,150.0
10110027MONTEIROH_2026-01-12_G59,10110027MONTEIROH,2026-01-12,111465,1,4,0,235.0
10110027MONTEIROH_2026-01-12_G60,10110027MONTEIROH,2026-01-12,111465,1,2,0,33.0
10110027MONTEIROH_2026-01-12_G61,10110027MONTEIROH,2026-01-12,110740,1,6,0,81.0
10110027MONTEIROH_2026-01-12_G62,10110027MONTEIROH,2026-01-12,111418,1,120,0,1357.0
10110027MONTEIROH_2026-01-12_G63,10110027MONTEIROH,2026-01-12,111463,1,40,0,278.0
10110027MONTEIROH_2026-01-13_G02,10110027MONTEIROH,2026-01-13,117830,1,16,0,268.0
10110027MONTEIROH_2026-01-13_G03,10110027MONTEIROH,2026-01-13,117809,1,45,0,213.0
10110027MONTEIROH_2026-01-13_G04,10110027MONTEIROH,2026-01-13,141202,1,24,0,346.0
10110027MONTEIROH_2026-01-13_G05,10110027MONTEIROH,2026-01-13,109643,1,5,0,139.0
10110027MONTEIROH_2026-01-13_G06,10110027MONTEIROH,2026-01-13,110375,1,15,0,524.0
10110027MONTEIROH_2026-01-13_G07,10110027MONTEIROH,2026-01-13,110371,1,100,0,961.0
10110027MONTEIROH_2026-01-13_G08,10110027MONTEIROH,2026-01-13,118299,1,150,0,1326.0
10110027MONTEIROH_2026-01-13_G09,10110027MONTEIROH,2026-01-13,117820,1,120,0,105.0
10110027MONTEIROH_2026-01-13_G10,10110027MONTEIROH,2026-01-13,108795,1,19,0,381.0
10110027MONTEIROH_2026-01-13_G11,10110027MONTEIROH,2026-01-13,108794,1,11,0,95.0
10110027MONTEIROH_2026-01-13_G12,10110027MONTEIROH,2026-01-13,118140,1,30,0,320.0
10110027MONTEIROH_2026-01-13_G13,10110027MONTEIROH,2026-01-13,111182,1,10,0,193.0
10110027MONTEIROH_2026-01-13_G14,10110027MONTEIROH,2026-01-13,111466,1,30,0,584.0
10110027MONTEIROH_2026-01-13_G15,10110027MONTEIROH,2026-01-13,111468,1,9,0,81.0
10110027MONTEIROH_2026-01-13_G16,10110027MONTEIROH,2026-01-13,109641,1,14,0,180.0
10110027MONTEIROH_2026-01-13_G17,10110027MONTEIROH,2026-01-13,111463,1,22,0,219.0
10110027MONTEIROH_2026-01-13_G18,10110027MONTEIROH,2026-01-13,111465,1,21,0,317.0
10110027MONTEIROH_2026-01-13_G19,10110027MONTEIROH,2026-01-13,117833,1,13,0,263.0
10110027MONTEIROH_2026-01-13_G20,10110027MONTEIROH,2026-01-13,105705,1,16,0,278.0
10110027MONTEIROH_2026-01-13_G21,10110027MONTEIROH,2026-01-13,111462,1,40,0,473.0
10110027MONTEIROH_2026-01-13_G22,10110027MONTEIROH,2026-01-13,111469,1,30,0,346.0
10110027MONTEIROH_2026-01-13_G23,10110027MONTEIROH,2026-01-13,110733,1,5,0,136.0
10110027MONTEIROH_2026-01-13_G24,10110027MONTEIROH,2026-01-13,107629,1,11,0,132.0
10110027MONTEIROH_2026-01-13_G25,10110027MONTEIROH,2026-01-13,117786,1,11,0,103.0
10110027MONTEIROH_2026-01-13_G26,10110027MONTEIROH,2026-01-13,109647,1,8,0,115.0
10110027MONTEIROH_2026-01-13_G27,10110027MONTEIROH,2026-01-13,117831,1,40,0,533.0
10110027MONTEIROH_2026-01-13_G28,10110027MONTEIROH,2026-01-13,141458,1,50,0,468.0
10110027MONTEIROH_2026-01-13_G29,10110027MONTEIROH,2026-01-13,117785,1,50,0,559.0
10110027MONTEIROH_2026-01-13_G30,10110027MONTEIROH,2026-01-13,117808,1,250,0,2483.0
10110027MONTEIROH_2026-01-13_G31,10110027MONTEIROH,2026-01-13,117822,1,24,0,152.0
10110027MONTEIROH_2026-01-13_G32,10110027MONTEIROH,2026-01-13,141202,1,20,0,115.0
10110027MONTEIROH_2026-01-13_G33,10110027MONTEIROH,2026-01-13,109643,1,10,0,135.0
10110027MONTEIROH_2026-01-13_G34,10110027MONTEIROH,2026-01-13,117830,1,35,0,264.0
10110027MONTEIROH_2026-01-13_G35,10110027MONTEIROH,2026-01-13,107830,1,20,0,86.0
10110027MONTEIROH_2026-01-13_G36,10110027MONTEIROH,2026-01-13,117832,1,24,0,227.0
10110027MONTEIROH_2026-01-13_G37,10110027MONTEIROH,2026-01-13,117820,1,60,0,294.0
10110027MONTEIROH_2026-01-13_G38,10110027MONTEIROH,2026-01-13,110375,1,35,0,447.0
10110027MONTEIROH_2026-01-13_G39,10110027MONTEIROH,2026-01-13,117833,1,9,0,423.0
10110027MONTEIROH_2026-01-13_G40,10110027MONTEIROH,2026-01-13,117808,1,200,0,1904.0
10110027MONTEIROH_2026-01-13_G41,10110027MONTEIROH,2026-01-13,118299,1,200,0,510.0
10110027MONTEIROH_2026-01-13_G42,10110027MONTEIROH,2026-01-13,117832,1,30,0,3590.0
10110027MONTEIROH_2026-01-13_G43,10110027MONTEIROH,2026-01-13,118299,1,60,0,335.0
10110027MONTEIROH_2026-01-13_G44,10110027MONTEIROH,2026-01-13,117862,1,33,0,259.0
10110027MONTEIROH_2026-01-13_G45,10110027MONTEIROH,2026-01-13,107629,1,4,0,329.0
10110027MONTEIROH_2026-01-13_G46,10110027MONTEIROH,2026-01-13,117786,1,8,0,92.0
10110027MONTEIROH_2026-01-13_G47,10110027MONTEIROH,2026-01-13,117853,1,20,0,217.0
10110027MONTEIROH_2026-01-13_G48,10110027MONTEIROH,2026-01-13,111530,1,30,0,388.0
10110027MONTEIROH_2026-01-13_G49,10110027MONTEIROH,2026-01-13,111530,1,50,0,279.0
10110027MONTEIROH_2026-01-13_G50,10110027MONTEIROH,2026-01-13,118140,1,2,0,346.0
10110027MONTEIROH_2026-01-13_G51,10110027MONTEIROH,2026-01-13,111462,1,8,0,100.0
10110027MONTEIROH_2026-01-13_G52,10110027MONTEIROH,2026-01-13,117821,1,16,0,215.0
10110027MONTEIROH_2026-01-13_G53,10110027MONTEIROH,2026-01-13,111172,1,4,0,119.0
10110027MONTEIROH_2026-01-13_G54,10110027MONTEIROH,2026-01-13,111442,1,1,0,75.0
10110027MONTEIROH_2026-01-13_G55,10110027MONTEIROH,2026-01-13,111469,1,8,0,175.0
10110027MONTEIROH_2026-01-13_G56,10110027MONTEIROH,2026-01-13,110740,1,30,0,457.0
10110027MONTEIROH_2026-01-13_G57,10110027MONTEIROH,2026-01-13,111466,1,100,0,942.0
10110027MONTEIROH_2026-01-13_G58,10110027MONTEIROH,2026-01-13,111465,1,12,0,1077.0
10110027MONTEIROH_2026-01-13_G59,10110027MONTEIROH,2026-01-13,117855,1,4,0,3471.0
10110027MONTEIROH_2026-01-13_G60,10110027MONTEIROH,2026-01-13,140923,1,4,0,94.0
10110027MONTEIROH_2026-01-13_G61,10110027MONTEIROH,2026-01-13,118298,1,2,0,64.0
10110027MONTEIROH_2026-01-13_G62,10110027MONTEIROH,2026-01-13,117856,1,2,0,85.0
10110027MONTEIROH_2026-01-13_G63,10110027MONTEIROH,2026-01-13,117786,1,1,0,53.0
10110027MONTEIROH_2026-01-13_G64,10110027MONTEIROH,2026-01-13,110339,1,2,0,44.0
10110027MONTEIROH_2026-01-13_G65,10110027MONTEIROH,2026-01-13,110372,1,2,0,90.0
10110027MONTEIROH_2026-01-13_G66,10110027MONTEIROH,2026-01-13,117809,1,4,0,57.0
10110027MONTEIROH_2026-01-13_G67,10110027MONTEIROH,2026-01-13,110373,1,40,0,232.0
10110027MONTEIROH_2026-01-13_G68,10110027MONTEIROH,2026-01-13,117820,1,20,0,173.0
10110027MONTEIROH_2026-01-13_G69,10110027MONTEIROH,2026-01-13,110375,1,1,0,37.0
10110027MONTEIROH_2026-01-13_G70,10110027MONTEIROH,2026-01-13,117830,1,2,0,78.0
10110027MONTEIROH_2026-01-13_G71,10110027MONTEIROH,2026-01-13,117808,1,92,0,592.0
10110027MONTEIROH_2026-01-13_G72,10110027MONTEIROH,2026-01-13,142045,1,16,0,431.0
10110027MONTEIROH_2026-01-13_G73,10110027MONTEIROH,2026-01-13,111438,1,8,0,116.0
10110027MONTEIROH_2026-01-13_G74,10110027MONTEIROH,2026-01-13,117855,1,12,0,350.0
10110027MONTEIROH_2026-01-13_G75,10110027MONTEIROH,2026-01-13,108794,1,1,0,90.0
10110027MONTEIROH_2026-01-13_G76,10110027MONTEIROH,2026-01-13,117862,1,4,0,97.0
10110027MONTEIROH_2026-01-13_G77,10110027MONTEIROH,2026-01-13,141823,1,1,0,111.0
10110027MONTEIROH_2026-01-13_G78,10110027MONTEIROH,2026-01-13,108794,1,2,0,147.0
10110027MONTEIROH_2026-01-13_G79,10110027MONTEIROH,2026-01-13,118140,1,2,0,39.0
10110027MONTEIROH_2026-01-13_G80,10110027MONTEIROH,2026-01-13,117831,1,8,0,157.0
10110027MONTEIROH_2026-01-13_G81,10110027MONTEIROH,2026-01-13,110372,1,4,0,53.0
10110027MONTEIROH_2026-01-13_G82,10110027MONTEIROH,2026-01-13,110373,1,4,0,35.0
10110027MONTEIROH_2026-01-13_G83,10110027MONTEIROH,2026-01-13,111463,1,8,0,142.0
10110027MONTEIROH_2026-01-13_G84,10110027MONTEIROH,2026-01-13,141458,1,4,0,43.0
10110027MONTEIROH_2026-01-13_G85,10110027MONTEIROH,2026-01-13,117820,1,6,0,72.0
10110027MONTEIROH_2026-01-14_G02,10110027MONTEIROH,2026-01-14,122984,1,4,0,360.0
10110027MONTEIROH_2026-01-14_G03,10110027MONTEIROH,2026-01-14,120389,1,5,0,169.0
10110027MONTEIROH_2026-01-14_G04,10110027MONTEIROH,2026-01-14,124370,1,36,0,1014.0
10110027MONTEIROH_2026-01-14_G05,10110027MONTEIROH,2026-01-14,122962,1,80,0,1395.0
10110027MONTEIROH_2026-01-14_G06,10110027MONTEIROH,2026-01-14,124371,1,16,0,421.0
10110027MONTEIROH_2026-01-14_G07,10110027MONTEIROH,2026-01-14,124486,1,120,0,2336.0
10110027MONTEIROH_2026-01-14_G08,10110027MONTEIROH,2026-01-14,122983,1,4,0,137.0
10110027MONTEIROH_2026-01-14_G09,10110027MONTEIROH,2026-01-14,124476,1,8,0,220.0
10110027MONTEIROH_2026-01-14_G10,10110027MONTEIROH,2026-01-14,122982,1,18,0,606.0
10110027MONTEIROH_2026-01-14_G11,10110027MONTEIROH,2026-01-14,122671,1,3,0,139.0
10110027MONTEIROH_2026-01-14_G12,10110027MONTEIROH,2026-01-14,120028,1,4,0,159.0
10110027MONTEIROH_2026-01-14_G13,10110027MONTEIROH,2026-01-14,121651,1,7,0,54.0
10110027MONTEIROH_2026-01-14_G14,10110027MONTEIROH,2026-01-14,123909,1,12,0,251.0
10110027MONTEIROH_2026-01-14_G15,10110027MONTEIROH,2026-01-14,123343,1,5,0,243.0
10110027MONTEIROH_2026-01-14_G16,10110027MONTEIROH,2026-01-14,123345,1,16,0,476.0
10110027MONTEIROH_2026-01-14_G17,10110027MONTEIROH,2026-01-14,122673,1,20,0,1102.0
10110027MONTEIROH_2026-01-14_G18,10110027MONTEIROH,2026-01-14,122982,1,8,0,149.0
10110027MONTEIROH_2026-01-14_G19,10110027MONTEIROH,2026-01-14,122986,1,41,0,1297.0
10110027MONTEIROH_2026-01-14_G20,10110027MONTEIROH,2026-01-14,123345,1,30,0,1608.0
10110027MONTEIROH_2026-01-14_G21,10110027MONTEIROH,2026-01-14,124624,1,8,0,284.0
10110027MONTEIROH_2026-01-14_G22,10110027MONTEIROH,2026-01-14,124594,1,4,0,344.0
10110027MONTEIROH_2026-01-14_G23,10110027MONTEIROH,2026-01-14,122673,1,8,0,387.0
10110027MONTEIROH_2026-01-14_G24,10110027MONTEIROH,2026-01-14,123492,1,4,0,420.0
10110027MONTEIROH_2026-01-14_G25,10110027MONTEIROH,2026-01-14,122983,1,12,0,246.0
10110027MONTEIROH_2026-01-14_G26,10110027MONTEIROH,2026-01-14,120271,1,6,0,115.0
10110027MONTEIROH_2026-01-14_G27,10110027MONTEIROH,2026-01-14,120272,1,8,0,456.0
10110027MONTEIROH_2026-01-14_G28,10110027MONTEIROH,2026-01-14,122671,1,10,0,182.0
10110027MONTEIROH_2026-01-14_G29,10110027MONTEIROH,2026-01-14,124248,1,30,0,597.0
10110027MONTEIROH_2026-01-14_G30,10110027MONTEIROH,2026-01-14,124248,1,16,0,324.0
10110027MONTEIROH_2026-01-14_G31,10110027MONTEIROH,2026-01-14,120339,1,20,0,387.0
10110027MONTEIROH_2026-01-14_G32,10110027MONTEIROH,2026-01-14,122185,1,30,0,725.0
10110027MONTEIROH_2026-01-14_G33,10110027MONTEIROH,2026-01-14,122185,1,40,0,953.0
10110027MONTEIROH_2026-01-14_G34,10110027MONTEIROH,2026-01-14,122962,1,60,0,1295.0
10110027MONTEIROH_2026-01-14_G36,10110027MONTEIROH,2026-01-14,122647,1,12,0,1977.0
10110027MONTEIROH_2026-01-14_G37,10110027MONTEIROH,2026-01-14,123822,1,4,0,72.0
10110027MONTEIROH_2026-01-14_G38,10110027MONTEIROH,2026-01-14,122962,1,20,0,505.0
10110027MONTEIROH_2026-01-14_G39,10110027MONTEIROH,2026-01-14,124624,1,4,0,474.0
10110027MONTEIROH_2026-01-14_G40,10110027MONTEIROH,2026-01-14,124486,1,20,0,410.0
10110027MONTEIROH_2026-01-15_G02,10110027MONTEIROH,2026-01-15,108795,1,8,0,181.0
10110027MONTEIROH_2026-01-15_G03,10110027MONTEIROH,2026-01-15,111348,1,4,0,45.0
10110027MONTEIROH_2026-01-15_G04,10110027MONTEIROH,2026-01-15,108794,1,5,0,57.0
10110027MONTEIROH_2026-01-15_G05,10110027MONTEIROH,2026-01-15,111462,1,20,0,213.0
10110027MONTEIROH_2026-01-15_G06,10110027MONTEIROH,2026-01-15,117821,1,4,0,308.0
10110027MONTEIROH_2026-01-15_G07,10110027MONTEIROH,2026-01-15,111182,1,2,0,58.0
10110027MONTEIROH_2026-01-15_G08,10110027MONTEIROH,2026-01-15,109645,1,4,0,48.0
10110027MONTEIROH_2026-01-15_G09,10110027MONTEIROH,2026-01-15,111468,1,8,0,65.0
10110027MONTEIROH_2026-01-15_G10,10110027MONTEIROH,2026-01-15,110332,1,8,0,58.0
10110027MONTEIROH_2026-01-15_G11,10110027MONTEIROH,2026-01-15,117838,1,4,0,57.0
10110027MONTEIROH_2026-01-15_G12,10110027MONTEIROH,2026-01-15,109641,1,2,0,110.0
10110027MONTEIROH_2026-01-15_G13,10110027MONTEIROH,2026-01-15,141458,1,20,0,265.0
10110027MONTEIROH_2026-01-15_G14,10110027MONTEIROH,2026-01-15,111444,1,4,0,176.0
10110027MONTEIROH_2026-01-15_G15,10110027MONTEIROH,2026-01-15,111465,1,12,0,257.0
10110027MONTEIROH_2026-01-15_G16,10110027MONTEIROH,2026-01-15,117787,1,8,0,71.0
10110027MONTEIROH_2026-01-15_G17,10110027MONTEIROH,2026-01-15,110740,1,8,0,120.0
10110027MONTEIROH_2026-01-15_G18,10110027MONTEIROH,2026-01-15,118140,1,70,0,634.0
10110027MONTEIROH_2026-01-15_G19,10110027MONTEIROH,2026-01-15,111418,1,70,0,266.0
10110027MONTEIROH_2026-01-15_G20,10110027MONTEIROH,2026-01-15,117785,1,50,0,630.0
10110027MONTEIROH_2026-01-15_G21,10110027MONTEIROH,2026-01-15,110746,1,4,0,685.0
10110027MONTEIROH_2026-01-15_G22,10110027MONTEIROH,2026-01-15,142045,1,13,0,230.0
10110027MONTEIROH_2026-01-15_G23,10110027MONTEIROH,2026-01-15,111569,1,8,0,72.0
10110027MONTEIROH_2026-01-15_G24,10110027MONTEIROH,2026-01-15,118306,1,4,0,149.0
10110027MONTEIROH_2026-01-15_G25,10110027MONTEIROH,2026-01-15,110755,1,4,0,138.0
10110027MONTEIROH_2026-01-15_G26,10110027MONTEIROH,2026-01-15,111743,1,16,0,420.0
10110027MONTEIROH_2026-01-15_G27,10110027MONTEIROH,2026-01-15,108794,1,26,0,256.0
10110027MONTEIROH_2026-01-15_G28,10110027MONTEIROH,2026-01-15,116241,1,6,0,262.0
10110027MONTEIROH_2026-01-15_G29,10110027MONTEIROH,2026-01-15,111468,1,12,0,171.0
10110027MONTEIROH_2026-01-15_G30,10110027MONTEIROH,2026-01-15,111532,1,11,0,106.0
10110027MONTEIROH_2026-01-15_G31,10110027MONTEIROH,2026-01-15,111418,1,150,0,2225.0
10110027MONTEIROH_2026-01-15_G32,10110027MONTEIROH,2026-01-15,117785,1,33,0,982.0
10110027MONTEIROH_2026-01-15_G33,10110027MONTEIROH,2026-01-15,110740,1,6,0,158.0
10110027MONTEIROH_2026-01-15_G34,10110027MONTEIROH,2026-01-15,111469,1,17,0,560.0
10110027MONTEIROH_2026-01-15_G35,10110027MONTEIROH,2026-01-15,117831,1,26,0,496.0
10110027MONTEIROH_2026-01-15_G36,10110027MONTEIROH,2026-01-15,109645,1,9,0,1414.0
10110027MONTEIROH_2026-01-15_G37,10110027MONTEIROH,2026-01-15,111446,1,29,0,498.0
10110027MONTEIROH_2026-01-15_G38,10110027MONTEIROH,2026-01-15,111469,1,200,0,1369.0
10110027MONTEIROH_2026-01-15_G39,10110027MONTEIROH,2026-01-15,111443,1,92,0,370.0
10110027MONTEIROH_2026-01-15_G40,10110027MONTEIROH,2026-01-15,111182,1,47,0,376.0
10110027MONTEIROH_2026-01-15_G41,10110027MONTEIROH,2026-01-15,117837,1,50,0,452.0
10110027MONTEIROH_2026-01-15_G42,10110027MONTEIROH,2026-01-15,140923,1,120,0,533.0
10110027MONTEIROH_2026-01-15_G43,10110027MONTEIROH,2026-01-15,110750,1,11,0,110.0
10110027MONTEIROH_2026-01-15_G44,10110027MONTEIROH,2026-01-15,111569,1,100,0,925.0
10110027MONTEIROH_2026-01-15_G45,10110027MONTEIROH,2026-01-15,111569,1,62,0,73.0
10110027MONTEIROH_2026-01-15_G47,10110027MONTEIROH,2026-01-15,111466,1,16,0,363.0
10110027MONTEIROH_2026-01-15_G48,10110027MONTEIROH,2026-01-15,110372,1,26,0,231.0
10110027MONTEIROH_2026-01-15_G49,10110027MONTEIROH,2026-01-15,117820,1,26,0,753.0
10110027MONTEIROH_2026-01-15_G50,10110027MONTEIROH,2026-01-15,117808,1,30,0,259.0
10110027MONTEIROH_2026-01-15_G51,10110027MONTEIROH,2026-01-15,110371,1,16,0,101.0
10110027MONTEIROH_2026-01-15_G52,10110027MONTEIROH,2026-01-15,110373,1,16,0,108.0
10110027MONTEIROH_2026-01-15_G53,10110027MONTEIROH,2026-01-15,118299,1,30,0,194.0
10110027MONTEIROH_2026-01-15_G54,10110027MONTEIROH,2026-01-15,110372,1,20,0,418.0
10110027MONTEIROH_2026-01-15_G55,10110027MONTEIROH,2026-01-15,117808,1,20,0,171.0
10110027MONTEIROH_2026-01-15_G56,10110027MONTEIROH,2026-01-15,110747,1,4,0,193.0
10110027MONTEIROH_2026-01-15_G57,10110027MONTEIROH,2026-01-15,141352,1,4,0,96.0
10110027MONTEIROH_2026-01-15_G58,10110027MONTEIROH,2026-01-15,111418,1,11,0,328.0
10110027MONTEIROH_2026-01-16_G02,10110027MONTEIROH,2026-01-16,142045,1,100,0,2519.0
10110027MONTEIROH_2026-01-16_G03,10110027MONTEIROH,2026-01-16,110374,1,25,0,869.0
10110027MONTEIROH_2026-01-16_G04,10110027MONTEIROH,2026-01-16,118285,1,22,0,413.0
10110027MONTEIROH_2026-01-16_G05,10110027MONTEIROH,2026-01-16,111348,1,12,0,207.0
10110027MONTEIROH_2026-01-16_G06,10110027MONTEIROH,2026-01-16,110751,1,10,0,204.0
10110027MONTEIROH_2026-01-16_G07,10110027MONTEIROH,2026-01-16,109645,1,11,0,159.0
10110027MONTEIROH_2026-01-16_G08,10110027MONTEIROH,2026-01-16,111468,1,22,0,1278.0
10110027MONTEIROH_2026-01-16_G09,10110027MONTEIROH,2026-01-16,110332,1,8,0,99.0
10110027MONTEIROH_2026-01-16_G10,10110027MONTEIROH,2026-01-16,111435,1,7,0,135.0
10110027MONTEIROH_2026-01-16_G11,10110027MONTEIROH,2026-01-16,109641,1,7,0,123.0
10110027MONTEIROH_2026-01-16_G12,10110027MONTEIROH,2026-01-16,111418,1,300,0,1191.0
10110027MONTEIROH_2026-01-16_G13,10110027MONTEIROH,2026-01-16,111443,1,12,0,350.0
10110027MONTEIROH_2026-01-16_G14,10110027MONTEIROH,2026-01-16,111469,1,20,0,163.0
10110027MONTEIROH_2026-01-16_G15,10110027MONTEIROH,2026-01-16,110740,1,10,0,141.0
10110027MONTEIROH_2026-01-16_G16,10110027MONTEIROH,2026-01-16,111462,1,40,0,435.0
10110027MONTEIROH_2026-01-16_G17,10110027MONTEIROH,2026-01-16,110753,1,12,0,261.0
10110027MONTEIROH_2026-01-16_G18,10110027MONTEIROH,2026-01-16,110733,1,13,0,151.0
10110027MONTEIROH_2026-01-16_G19,10110027MONTEIROH,2026-01-16,141823,1,60,0,578.0
10110027MONTEIROH_2026-01-16_G20,10110027MONTEIROH,2026-01-16,111467,1,22,0,473.0
10110027MONTEIROH_2026-01-16_G21,10110027MONTEIROH,2026-01-16,140923,1,100,0,1273.0
10110027MONTEIROH_2026-01-16_G22,10110027MONTEIROH,2026-01-16,107830,1,43,0,519.0
10110027MONTEIROH_2026-01-16_G23,10110027MONTEIROH,2026-01-16,142045,1,40,0,975.0
10110027MONTEIROH_2026-01-16_G24,10110027MONTEIROH,2026-01-16,111569,1,40,0,222.0
10110027MONTEIROH_2026-01-16_G25,10110027MONTEIROH,2026-01-16,111438,1,120,0,1651.0
10110027MONTEIROH_2026-01-16_G26,10110027MONTEIROH,2026-01-16,118253,1,15,0,224.0
10110027MONTEIROH_2026-01-16_G27,10110027MONTEIROH,2026-01-16,118251,1,6,0,729.0
10110027MONTEIROH_2026-01-16_G28,10110027MONTEIROH,2026-01-16,110747,1,16,0,124.0
10110027MONTEIROH_2026-01-16_G29,10110027MONTEIROH,2026-01-16,118094,1,100,0,1191.0
10110027MONTEIROH_2026-01-16_G30,10110027MONTEIROH,2026-01-16,110313,1,105,0,633.0
10110027MONTEIROH_2026-01-16_G31,10110027MONTEIROH,2026-01-16,141047,1,40,0,378.0
10110027MONTEIROH_2026-01-16_G32,10110027MONTEIROH,2026-01-16,110733,1,120,0,850.0
10110027MONTEIROH_2026-01-16_G33,10110027MONTEIROH,2026-01-16,141352,1,24,0,274.0
10110027MONTEIROH_2026-01-16_G34,10110027MONTEIROH,2026-01-16,110752,1,20,0,248.0
10110027MONTEIROH_2026-01-16_G35,10110027MONTEIROH,2026-01-16,117837,1,59,0,436.0
10110027MONTEIROH_2026-01-16_G37,10110027MONTEIROH,2026-01-16,111430,1,73,0,857.0
10110027MONTEIROH_2026-01-16_G38,10110027MONTEIROH,2026-01-16,110749,1,35,0,1653.0
10110027MONTEIROH_2026-01-16_G39,10110027MONTEIROH,2026-01-16,108770,1,8,0,2374.0
10110027MONTEIROH_2026-01-16_G40,10110027MONTEIROH,2026-01-16,111438,1,1,0,90.0
10110027MONTEIROH_2026-01-16_G41,10110027MONTEIROH,2026-01-16,110747,1,12,0,159.0
10110027MONTEIROH_2026-01-16_G42,10110027MONTEIROH,2026-01-16,110749,1,4,0,183.0
10110027MONTEIROH_2026-01-16_G43,10110027MONTEIROH,2026-01-16,142045,1,200,0,1417.0
10110027MONTEIROH_2026-01-16_G44,10110027MONTEIROH,2026-01-16,111743,1,4,0,237.0
10110027MONTEIROH_2026-01-16_G45,10110027MONTEIROH,2026-01-16,111469,1,14,0,162.0
10110027MONTEIROH_2026-01-16_G46,10110027MONTEIROH,2026-01-16,111532,1,9,0,122.0
10110027MONTEIROH_2026-01-16_G47,10110027MONTEIROH,2026-01-16,117808,1,108,0,199.0
10110027MONTEIROH_2026-01-16_G48,10110027MONTEIROH,2026-01-16,118299,1,200,0,415.0
10110027MONTEIROH_2026-01-16_G49,10110027MONTEIROH,2026-01-16,107830,1,6,0,157.0
10110027MONTEIROH_2026-01-17_G02,10110027MONTEIROH,2026-01-17,118306,1,4,0,112.0
10110027MONTEIROH_2026-01-17_G03,10110027MONTEIROH,2026-01-17,111569,1,7,0,100.0
10110027MONTEIROH_2026-01-17_G04,10110027MONTEIROH,2026-01-17,141916,1,6,0,202.0
10110027MONTEIROH_2026-01-17_G05,10110027MONTEIROH,2026-01-17,110374,1,15,0,192.0
10110027MONTEIROH_2026-01-17_G06,10110027MONTEIROH,2026-01-17,117809,1,21,0,130.0
10110027MONTEIROH_2026-01-17_G07,10110027MONTEIROH,2026-01-17,118299,1,100,0,327.0
10110027MONTEIROH_2026-01-17_G08,10110027MONTEIROH,2026-01-17,117822,1,6,0,205.0
10110027MONTEIROH_2026-01-17_G09,10110027MONTEIROH,2026-01-17,117820,1,13,0,84.0
10110027MONTEIROH_2026-01-17_G10,10110027MONTEIROH,2026-01-17,141202,1,8,0,185.0
10110027MONTEIROH_2026-01-17_G11,10110027MONTEIROH,2026-01-17,110371,1,30,0,122.0
10110027MONTEIROH_2026-01-17_G12,10110027MONTEIROH,2026-01-17,117830,1,8,0,265.0
10110027MONTEIROH_2026-01-17_G13,10110027MONTEIROH,2026-01-17,107830,1,6,0,205.0
10110027MONTEIROH_2026-01-17_G14,10110027MONTEIROH,2026-01-17,110371,1,40,0,531.0
10110027MONTEIROH_2026-01-17_G15,10110027MONTEIROH,2026-01-17,160051,1,3,0,1607.0
10110027MONTEIROH_2026-01-17_G16,10110027MONTEIROH,2026-01-17,141352,1,4,0,123.0
10110027MONTEIROH_2026-01-17_G17,10110027MONTEIROH,2026-01-17,141916,1,3,0,870.0
10110027MONTEIROH_2026-01-17_G18,10110027MONTEIROH,2026-01-17,110313,1,16,0,325.0
10110027MONTEIROH_2026-01-17_G19,10110027MONTEIROH,2026-01-17,110313,1,12,0,299.0
10110027MONTEIROH_2026-01-17_G20,10110027MONTEIROH,2026-01-17,110895,1,2,0,95.0
10110027MONTEIROH_2026-01-17_G21,10110027MONTEIROH,2026-01-17,111569,1,4,0,159.0
10110027MONTEIROH_2026-01-17_G22,10110027MONTEIROH,2026-01-17,110755,1,4,0,202.0
10110027MONTEIROH_2026-01-17_G23,10110027MONTEIROH,2026-01-17,140923,1,3,0,266.0
10110027MONTEIROH_2026-01-17_G24,10110027MONTEIROH,2026-01-17,117855,1,3,0,183.0
10110027MONTEIROH_2026-01-17_G25,10110027MONTEIROH,2026-01-17,140922,1,3,0,122.0
10110027MONTEIROH_2026-01-17_G26,10110027MONTEIROH,2026-01-17,117831,1,8,0,83.0
10110027MONTEIROH_2026-01-17_G27,10110027MONTEIROH,2026-01-17,117821,1,4,0,66.0
10110027MONTEIROH_2026-01-17_G28,10110027MONTEIROH,2026-01-17,108798,1,8,0,152.0
10110027MONTEIROH_2026-01-17_G29,10110027MONTEIROH,2026-01-17,117809,1,4,0,128.0
10110027MONTEIROH_2026-01-17_G30,10110027MONTEIROH,2026-01-17,110373,1,2,0,105.0
10110027MONTEIROH_2026-01-17_G31,10110027MONTEIROH,2026-01-17,110313,1,2,0,283.0
10110027MONTEIROH_2026-01-17_G32,10110027MONTEIROH,2026-01-17,111441,1,4,0,136.0
10110027MONTEIROH_2026-01-17_G33,10110027MONTEIROH,2026-01-17,111441,1,4,0,43.0
10110027MONTEIROH_2026-01-17_G34,10110027MONTEIROH,2026-01-17,141202,1,16,0,405.0
10110027MONTEIROH_2026-01-17_G35,10110027MONTEIROH,2026-01-17,110313,1,4,0,141.0
10110027MONTEIROH_2026-01-17_G36,10110027MONTEIROH,2026-01-17,110313,1,8,0,597.0
10110027MONTEIROH_2026-01-17_G37,10110027MONTEIROH,2026-01-17,110313,1,12,0,122.0
10110027MONTEIROH_2026-01-17_G38,10110027MONTEIROH,2026-01-17,141997,1,1,0,1257.0
10110027MONTEIROH_2026-01-19_G02,10110027MONTEIROH,2026-01-19,111602,1,3,0,190.0
10110027MONTEIROH_2026-01-19_G03,10110027MONTEIROH,2026-01-19,111441,1,4,0,174.0
10110027MONTEIROH_2026-01-19_G04,10110027MONTEIROH,2026-01-19,111441,1,4,0,115.0
10110027MONTEIROH_2026-01-19_G05,10110027MONTEIROH,2026-01-19,108798,1,8,0,475.0
10110027MONTEIROH_2026-01-19_G06,10110027MONTEIROH,2026-01-19,118094,1,16,0,414.0
10110027MONTEIROH_2026-01-19_G07,10110027MONTEIROH,2026-01-19,118094,1,8,0,60.0
10110027MONTEIROH_2026-01-19_G08,10110027MONTEIROH,2026-01-19,118140,1,4,0,175.0
10110027MONTEIROH_2026-01-19_G09,10110027MONTEIROH,2026-01-19,107629,1,4,0,198.0
10110027MONTEIROH_2026-01-19_G10,10110027MONTEIROH,2026-01-19,110895,1,4,0,110.0
10110027MONTEIROH_2026-01-19_G11,10110027MONTEIROH,2026-01-19,111602,1,60,0,456.0
10110027MONTEIROH_2026-01-19_G12,10110027MONTEIROH,2026-01-19,118094,1,8,0,203.0
10110027MONTEIROH_2026-01-19_G13,10110027MONTEIROH,2026-01-19,118418,1,4,0,133.0
10110027MONTEIROH_2026-01-19_G14,10110027MONTEIROH,2026-01-19,118417,1,6,0,163.0
10110027MONTEIROH_2026-01-19_G15,10110027MONTEIROH,2026-01-19,117808,1,973,0,2410.0
10110027MONTEIROH_2026-01-19_G16,10110027MONTEIROH,2026-01-19,110372,1,9,0,3071.0
10110027MONTEIROH_2026-01-19_G17,10110027MONTEIROH,2026-01-19,111348,1,2,0,80.0
10110027MONTEIROH_2026-01-19_G18,10110027MONTEIROH,2026-01-19,140922,1,1,0,32.0
10110027MONTEIROH_2026-01-19_G19,10110027MONTEIROH,2026-01-19,142045,1,4,0,161.0
10110027MONTEIROH_2026-01-19_G20,10110027MONTEIROH,2026-01-19,110895,1,1,0,63.0
10110027MONTEIROH_2026-01-19_G21,10110027MONTEIROH,2026-01-19,140923,1,2,0,81.0
10110027MONTEIROH_2026-01-19_G22,10110027MONTEIROH,2026-01-19,141202,1,4,0,59.0
10110027MONTEIROH_2026-01-19_G23,10110027MONTEIROH,2026-01-19,111532,1,2,0,57.0
10110027MONTEIROH_2026-01-19_G24,10110027MONTEIROH,2026-01-19,117834,1,2,0,76.0
10110027MONTEIROH_2026-01-19_G25,10110027MONTEIROH,2026-01-19,118299,1,28,0,174.0
10110027MONTEIROH_2026-01-19_G26,10110027MONTEIROH,2026-01-19,111418,1,8,0,126.0
10110027MONTEIROH_2026-01-19_G27,10110027MONTEIROH,2026-01-19,111444,1,2,0,76.0
10110027MONTEIROH_2026-01-19_G28,10110027MONTEIROH,2026-01-19,117856,1,2,0,131.0
10110027MONTEIROH_2026-01-19_G29,10110027MONTEIROH,2026-01-19,117855,1,4,0,246.0
10110027MONTEIROH_2026-01-19_G30,10110027MONTEIROH,2026-01-19,111602,2,2,20,112.0
10110027MONTEIROH_2026-01-19_G31,10110027MONTEIROH,2026-01-19,110740,1,6,0,167.0
10110027MONTEIROH_2026-01-19_G32,10110027MONTEIROH,2026-01-19,118140,1,2,0,190.0
10110027MONTEIROH_2026-01-19_G33,10110027MONTEIROH,2026-01-19,117785,1,6,0,216.0
10110027MONTEIROH_2026-01-19_G34,10110027MONTEIROH,2026-01-19,109647,1,2,0,392.0
10110027MONTEIROH_2026-01-19_G35,10110027MONTEIROH,2026-01-19,110313,1,16,0,247.0
10110027MONTEIROH_2026-01-19_G36,10110027MONTEIROH,2026-01-19,110313,1,4,0,71.0
10110027MONTEIROH_2026-01-19_G37,10110027MONTEIROH,2026-01-19,111330,1,8,0,178.0
10110027MONTEIROH_2026-01-19_G38,10110027MONTEIROH,2026-01-19,117808,1,24,0,454.0
10110027MONTEIROH_2026-01-19_G39,10110027MONTEIROH,2026-01-19,117809,1,5,0,60.0
10110027MONTEIROH_2026-01-19_G40,10110027MONTEIROH,2026-01-19,110373,1,9,0,154.0
10110027MONTEIROH_2026-01-19_G41,10110027MONTEIROH,2026-01-19,107830,1,2,0,58.0
10110027MONTEIROH_2026-01-19_G42,10110027MONTEIROH,2026-01-19,110372,1,40,0,235.0
10110027MONTEIROH_2026-01-19_G43,10110027MONTEIROH,2026-01-19,118299,1,24,0,203.0
10110027MONTEIROH_2026-01-19_G44,10110027MONTEIROH,2026-01-19,108794,1,2,0,361.0
10110027MONTEIROH_2026-01-19_G45,10110027MONTEIROH,2026-01-19,117831,1,4,0,65.0
10110027MONTEIROH_2026-01-19_G46,10110027MONTEIROH,2026-01-19,110751,1,4,0,44.0
10110027MONTEIROH_2026-01-19_G47,10110027MONTEIROH,2026-01-19,117821,1,4,0,54.0
10110027MONTEIROH_2026-01-19_G48,10110027MONTEIROH,2026-01-19,109645,1,2,0,140.0
10110027MONTEIROH_2026-01-19_G49,10110027MONTEIROH,2026-01-19,111466,1,6,0,70.0
10110027MONTEIROH_2026-01-19_G50,10110027MONTEIROH,2026-01-19,111468,1,2,0,42.0
10110027MONTEIROH_2026-01-19_G51,10110027MONTEIROH,2026-01-19,111532,1,4,0,69.0
10110027MONTEIROH_2026-01-19_G52,10110027MONTEIROH,2026-01-19,108798,1,4,0,91.0
10110027MONTEIROH_2026-01-19_G53,10110027MONTEIROH,2026-01-19,117856,1,4,0,95.0
10110027MONTEIROH_2026-01-19_G54,10110027MONTEIROH,2026-01-19,111602,1,1,0,157.0
10110027MONTEIROH_2026-01-19_G55,10110027MONTEIROH,2026-01-19,117855,1,3,0,81.0
10110027MONTEIROH_2026-01-19_G56,10110027MONTEIROH,2026-01-19,110752,1,1,0,57.0
10110027MONTEIROH_2026-01-19_G57,10110027MONTEIROH,2026-01-19,110895,1,2,0,88.0
10110027MONTEIROH_2026-01-19_G59,10110027MONTEIROH,2026-01-19,110372,1,19,0,172.0
10110027MONTEIROH_2026-01-19_G60,10110027MONTEIROH,2026-01-19,141202,1,1,0,192.0
10110027MONTEIROH_2026-01-19_G61,10110027MONTEIROH,2026-01-19,110371,1,20,0,135.0
10110027MONTEIROH_2026-01-19_G62,10110027MONTEIROH,2026-01-19,109643,1,3,0,62.0
10110027MONTEIROH_2026-01-19_G63,10110027MONTEIROH,2026-01-19,109643,1,3,0,34.0
10110027MONTEIROH_2026-01-19_G64,10110027MONTEIROH,2026-01-19,110373,1,10,0,179.0
10110027MONTEIROH_2026-01-19_G65,10110027MONTEIROH,2026-01-19,111743,1,3,0,274.0
10110027MONTEIROH_2026-01-19_G66,10110027MONTEIROH,2026-01-19,111743,1,4,0,55.0
10110027MONTEIROH_2026-01-19_G67,10110027MONTEIROH,2026-01-19,105705,1,4,0,98.0
10110027MONTEIROH_2026-01-19_G68,10110027MONTEIROH,2026-01-19,117842,1,4,0,200.0
10110027MONTEIROH_2026-01-19_G69,10110027MONTEIROH,2026-01-19,108795,1,3,0,54.0
10110027MONTEIROH_2026-01-19_G70,10110027MONTEIROH,2026-01-19,111462,1,9,0,275.0
10110027MONTEIROH_2026-01-19_G71,10110027MONTEIROH,2026-01-19,110751,1,3,0,44.0
10110027MONTEIROH_2026-01-19_G72,10110027MONTEIROH,2026-01-19,117821,1,4,0,45.0
10110027MONTEIROH_2026-01-19_G73,10110027MONTEIROH,2026-01-19,116241,1,4,0,238.0
10110027MONTEIROH_2026-01-19_G74,10110027MONTEIROH,2026-01-19,111182,1,4,0,118.0
10110027MONTEIROH_2026-01-19_G75,10110027MONTEIROH,2026-01-19,109645,1,4,0,47.0
10110027MONTEIROH_2026-01-19_G76,10110027MONTEIROH,2026-01-19,111466,1,11,0,71.0
10110027MONTEIROH_2026-01-19_G77,10110027MONTEIROH,2026-01-19,111468,1,4,0,76.0
10110027MONTEIROH_2026-01-19_G78,10110027MONTEIROH,2026-01-19,111532,1,4,0,67.0
10110027MONTEIROH_2026-01-19_G79,10110027MONTEIROH,2026-01-19,109641,1,4,0,92.0
10110027MONTEIROH_2026-01-19_G80,10110027MONTEIROH,2026-01-19,111442,1,4,0,665.0
10110027MONTEIROH_2026-01-19_G81,10110027MONTEIROH,2026-01-19,111418,1,4,0,125.0
10110027MONTEIROH_2026-01-19_G82,10110027MONTEIROH,2026-01-19,117833,2,6,24,68.0
10110027MONTEIROH_2026-01-19_G83,10110027MONTEIROH,2026-01-19,111469,2,8,29,68.0
10110027MONTEIROH_2026-01-19_G84,10110027MONTEIROH,2026-01-19,111444,1,4,0,43.0
10110027MONTEIROH_2026-01-19_G85,10110027MONTEIROH,2026-01-19,111431,1,4,0,56.0
10110027MONTEIROH_2026-01-19_G86,10110027MONTEIROH,2026-01-19,110740,1,2,0,67.0
10110027MONTEIROH_2026-01-19_G87,10110027MONTEIROH,2026-01-19,118140,1,5,0,63.0
10110027MONTEIROH_2026-01-19_G88,10110027MONTEIROH,2026-01-19,117785,1,2,0,71.0
10110027MONTEIROH_2026-01-19_G89,10110027MONTEIROH,2026-01-19,117785,1,4,0,35.0
10110027MONTEIROH_2026-01-19_G90,10110027MONTEIROH,2026-01-19,118094,1,4,0,210.0
10110027MONTEIROH_2026-01-19_G91,10110027MONTEIROH,2026-01-19,111467,2,3,27,82.0
10110027MONTEIROH_2026-01-19_G92,10110027MONTEIROH,2026-01-19,110753,1,4,0,129.0
10110027MONTEIROH_2026-01-19_G93,10110027MONTEIROH,2026-01-19,118298,1,4,0,70.0
10110027MONTEIROH_2026-01-19_G94,10110027MONTEIROH,2026-01-19,140923,1,4,0,49.0
10110027MONTEIROH_2026-01-19_G95,10110027MONTEIROH,2026-01-19,140923,1,6,0,55.0
10110027MONTEIROH_2026-01-19_G96,10110027MONTEIROH,2026-01-19,141047,1,4,0,83.0
10110027MONTEIROH_2026-01-19_G97,10110027MONTEIROH,2026-01-19,105470,1,2,0,47.0
10110027MONTEIROH_2026-01-19_G98,10110027MONTEIROH,2026-01-19,117856,1,4,0,46.0
10110027MONTEIROH_2026-01-19_G99,10110027MONTEIROH,2026-01-19,110733,2,3,25,38.0
10110027MONTEIROH_2026-01-19_G100,10110027MONTEIROH,2026-01-19,110339,1,6,0,94.0
10110027MONTEIROH_2026-01-19_G101,10110027MONTEIROH,2026-01-19,111354,1,1,0,276.0
10110027MONTEIROH_2026-01-19_G102,10110027MONTEIROH,2026-01-19,142045,1,4,0,192.0
10110027MONTEIROH_2026-01-19_G103,10110027MONTEIROH,2026-01-19,117835,1,2,0,45.0
10110027MONTEIROH_2026-01-19_G104,10110027MONTEIROH,2026-01-19,117836,1,1,0,108.0
10110027MONTEIROH_2026-01-19_G105,10110027MONTEIROH,2026-01-19,111569,1,4,0,90.0
10110027MONTEIROH_2026-01-19_G106,10110027MONTEIROH,2026-01-19,116527,1,4,0,50.0
10110027MONTEIROH_2026-01-19_G107,10110027MONTEIROH,2026-01-19,110747,1,4,0,71.0
10110027MONTEIROH_2026-01-19_G108,10110027MONTEIROH,2026-01-19,100334,1,2,0,121.0
10110027MONTEIROH_2026-01-19_G109,10110027MONTEIROH,2026-01-19,110754,1,4,0,73.0
10110027MONTEIROH_2026-01-20_G02,10110027MONTEIROH,2026-01-20,110373,1,30,0,229.0
10110027MONTEIROH_2026-01-20_G03,10110027MONTEIROH,2026-01-20,110747,1,2,0,187.0
10110027MONTEIROH_2026-01-20_G04,10110027MONTEIROH,2026-01-20,117831,1,12,0,260.0
10110027MONTEIROH_2026-01-20_G05,10110027MONTEIROH,2026-01-20,111462,1,12,0,120.0
10110027MONTEIROH_2026-01-20_G06,10110027MONTEIROH,2026-01-20,110743,1,2,0,51.0
10110027MONTEIROH_2026-01-20_G07,10110027MONTEIROH,2026-01-20,111468,1,9,0,110.0
10110027MONTEIROH_2026-01-20_G08,10110027MONTEIROH,2026-01-20,117838,1,1,0,44.0
10110027MONTEIROH_2026-01-20_G09,10110027MONTEIROH,2026-01-20,111418,1,10,0,254.0
10110027MONTEIROH_2026-01-20_G10,10110027MONTEIROH,2026-01-20,111469,1,5,0,107.0
10110027MONTEIROH_2026-01-20_G11,10110027MONTEIROH,2026-01-20,111465,1,10,0,110.0
10110027MONTEIROH_2026-01-20_G12,10110027MONTEIROH,2026-01-20,111330,1,1,0,84.0
10110027MONTEIROH_2026-01-20_G13,10110027MONTEIROH,2026-01-20,141823,1,20,0,901.0
10110027MONTEIROH_2026-01-20_G14,10110027MONTEIROH,2026-01-20,110339,1,7,0,199.0
10110027MONTEIROH_2026-01-20_G15,10110027MONTEIROH,2026-01-20,117862,1,8,0,134.0
10110027MONTEIROH_2026-01-20_G16,10110027MONTEIROH,2026-01-20,141066,1,4,0,265.0
10110027MONTEIROH_2026-01-20_G17,10110027MONTEIROH,2026-01-20,110733,1,12,0,215.0
10110027MONTEIROH_2026-01-20_G18,10110027MONTEIROH,2026-01-20,111602,1,6,0,249.0
10110027MONTEIROH_2026-01-20_G19,10110027MONTEIROH,2026-01-20,111602,1,2,0,76.0
10110027MONTEIROH_2026-01-20_G20,10110027MONTEIROH,2026-01-20,118094,1,4,0,117.0
10110027MONTEIROH_2026-01-20_G21,10110027MONTEIROH,2026-01-20,110372,1,150,0,2589.0
10110027MONTEIROH_2026-01-20_G22,10110027MONTEIROH,2026-01-20,117820,1,30,0,198.0
10110027MONTEIROH_2026-01-20_G23,10110027MONTEIROH,2026-01-20,110375,1,8,0,151.0
10110027MONTEIROH_2026-01-20_G24,10110027MONTEIROH,2026-01-20,110373,1,150,0,675.0
10110027MONTEIROH_2026-01-21_G02,10110027MONTEIROH,2026-01-21,111465,1,23,0,292.0
10110027MONTEIROH_2026-01-21_G03,10110027MONTEIROH,2026-01-21,110313,1,176,0,244.0
10110027MONTEIROH_2026-01-21_G04,10110027MONTEIROH,2026-01-21,109641,1,113,0,485.0
10110027MONTEIROH_2026-01-21_G05,10110027MONTEIROH,2026-01-21,110376,1,15,0,330.0
10110027MONTEIROH_2026-01-21_G06,10110027MONTEIROH,2026-01-21,117836,1,80,0,1333.0
10110027MONTEIROH_2026-01-21_G07,10110027MONTEIROH,2026-01-21,111569,1,244,0,1032.0
10110027MONTEIROH_2026-01-21_G08,10110027MONTEIROH,2026-01-21,110752,1,120,0,1999.0
10110027MONTEIROH_2026-01-21_G09,10110027MONTEIROH,2026-01-21,111465,1,30,0,316.0
10110027MONTEIROH_2026-01-21_G10,10110027MONTEIROH,2026-01-21,111442,1,156,0,1699.0
10110027MONTEIROH_2026-01-21_G11,10110027MONTEIROH,2026-01-21,140923,1,2,0,2088.0
10110027MONTEIROH_2026-01-21_G12,10110027MONTEIROH,2026-01-21,111602,1,6,0,66.0
10110027MONTEIROH_2026-01-21_G13,10110027MONTEIROH,2026-01-21,111876,1,2,0,97.0
10110027MONTEIROH_2026-01-21_G14,10110027MONTEIROH,2026-01-21,117786,1,2,0,45.0
10110027MONTEIROH_2026-01-21_G15,10110027MONTEIROH,2026-01-21,111438,1,2,0,87.0
10110027MONTEIROH_2026-01-21_G16,10110027MONTEIROH,2026-01-21,111466,1,6,0,120.0
10110027MONTEIROH_2026-01-21_G17,10110027MONTEIROH,2026-01-21,111418,1,1,0,84.0
10110027MONTEIROH_2026-01-21_G18,10110027MONTEIROH,2026-01-21,117833,1,2,0,38.0
10110027MONTEIROH_2026-01-21_G19,10110027MONTEIROH,2026-01-21,141457,1,2,0,35.0
10110027MONTEIROH_2026-01-21_G20,10110027MONTEIROH,2026-01-21,111469,1,2,0,44.0
10110027MONTEIROH_2026-01-21_G21,10110027MONTEIROH,2026-01-21,118299,1,21,0,163.0
10110027MONTEIROH_2026-01-21_G22,10110027MONTEIROH,2026-01-21,110372,1,8,0,222.0
10110027MONTEIROH_2026-01-21_G23,10110027MONTEIROH,2026-01-21,117808,1,11,0,124.0
10110027MONTEIROH_2026-01-21_G24,10110027MONTEIROH,2026-01-21,110373,1,1,0,523.0
10110027MONTEIROH_2026-01-21_G25,10110027MONTEIROH,2026-01-21,117830,1,2,0,81.0
10110027MONTEIROH_2026-01-21_G26,10110027MONTEIROH,2026-01-21,117808,1,13,0,373.0
10110027MONTEIROH_2026-01-21_G27,10110027MONTEIROH,2026-01-21,108795,1,2,0,129.0
10110027MONTEIROH_2026-01-21_G28,10110027MONTEIROH,2026-01-21,117831,1,2,0,45.0
10110027MONTEIROH_2026-01-21_G29,10110027MONTEIROH,2026-01-21,111532,1,2,0,111.0
10110027MONTEIROH_2026-01-21_G30,10110027MONTEIROH,2026-01-21,111418,1,2,0,96.0
10110027MONTEIROH_2026-01-21_G31,10110027MONTEIROH,2026-01-21,141457,1,2,0,114.0
10110027MONTEIROH_2026-01-21_G32,10110027MONTEIROH,2026-01-21,117787,1,4,0,97.0
10110027MONTEIROH_2026-01-21_G33,10110027MONTEIROH,2026-01-21,117856,1,2,0,220.0
10110027MONTEIROH_2026-01-21_G34,10110027MONTEIROH,2026-01-21,141352,1,2,0,142.0
10110027MONTEIROH_2026-01-21_G35,10110027MONTEIROH,2026-01-21,117855,1,4,0,355.0
10110027MONTEIROH_2026-01-21_G36,10110027MONTEIROH,2026-01-21,117862,1,3,0,138.0
10110027MONTEIROH_2026-01-21_G37,10110027MONTEIROH,2026-01-21,142045,1,2,0,124.0
10110027MONTEIROH_2026-01-21_G38,10110027MONTEIROH,2026-01-21,108759,1,4,0,875.0
10110027MONTEIROH_2026-01-21_G40,10110027MONTEIROH,2026-01-21,111430,1,2,0,98.0
10110027MONTEIROH_2026-01-21_G41,10110027MONTEIROH,2026-01-21,117837,1,2,0,79.0
10110027MONTEIROH_2026-01-21_G42,10110027MONTEIROH,2026-01-21,140923,1,4,0,113.0
10110027MONTEIROH_2026-01-21_G43,10110027MONTEIROH,2026-01-21,111444,1,4,0,124.0
10110027MONTEIROH_2026-01-21_G44,10110027MONTEIROH,2026-01-21,110740,1,4,0,72.0
10110027MONTEIROH_2026-01-21_G45,10110027MONTEIROH,2026-01-21,118140,1,5,0,59.0
10110027MONTEIROH_2026-01-21_G46,10110027MONTEIROH,2026-01-21,111462,1,4,0,194.0
10110027MONTEIROH_2026-01-21_G47,10110027MONTEIROH,2026-01-21,109640,1,8,0,187.0
10110027MONTEIROH_2026-01-21_G48,10110027MONTEIROH,2026-01-21,141916,1,2,0,213.0
10110027MONTEIROH_2026-01-21_G49,10110027MONTEIROH,2026-01-21,105705,1,4,0,487.0
10110027MONTEIROH_2026-01-21_G50,10110027MONTEIROH,2026-01-21,110373,1,10,0,192.0
10110027MONTEIROH_2026-01-21_G51,10110027MONTEIROH,2026-01-21,110373,1,15,0,186.0
10110027MONTEIROH_2026-01-21_G52,10110027MONTEIROH,2026-01-21,110371,1,8,0,218.0
10110027MONTEIROH_2026-01-21_G53,10110027MONTEIROH,2026-01-21,117808,1,20,0,132.0
10110027MONTEIROH_2026-01-21_G54,10110027MONTEIROH,2026-01-21,117820,1,1,0,412.0
10110027MONTEIROH_2026-01-21_G55,10110027MONTEIROH,2026-01-21,140911,1,2,0,209.0
10110027MONTEIROH_2026-01-21_G56,10110027MONTEIROH,2026-01-21,140911,1,2,0,125.0
10110027MONTEIROH_2026-01-21_G57,10110027MONTEIROH,2026-01-21,110374,1,24,0,311.0
10110027MONTEIROH_2026-01-21_G58,10110027MONTEIROH,2026-01-21,111602,1,20,0,268.0
10110027MONTEIROH_2026-01-21_G59,10110027MONTEIROH,2026-01-21,117862,1,8,0,99.0
10110027MONTEIROH_2026-01-21_G60,10110027MONTEIROH,2026-01-21,117862,1,4,0,48.0
10110027MONTEIROH_2026-01-21_G61,10110027MONTEIROH,2026-01-21,110373,1,4,0,578.0
10110027MONTEIROH_2026-01-21_G62,10110027MONTEIROH,2026-01-21,117820,1,4,0,157.0
10110027MONTEIROH_2026-01-21_G63,10110027MONTEIROH,2026-01-21,141823,1,8,0,239.0
10110027MONTEIROH_2026-01-21_G64,10110027MONTEIROH,2026-01-21,107830,1,3,0,112.0
10110027MONTEIROH_2026-01-21_G65,10110027MONTEIROH,2026-01-21,110373,1,7,0,87.0
10110027MONTEIROH_2026-01-21_G66,10110027MONTEIROH,2026-01-21,118140,1,4,0,99.0
10110027MONTEIROH_2026-01-21_G67,10110027MONTEIROH,2026-01-21,111418,1,1,0,100.0
10110027MONTEIROH_2026-01-21_G68,10110027MONTEIROH,2026-01-21,110373,1,2,0,247.0
10110027MONTEIROH_2026-01-21_G69,10110027MONTEIROH,2026-01-21,140922,1,8,0,167.0
10110027MONTEIROH_2026-01-21_G70,10110027MONTEIROH,2026-01-21,141823,1,7,0,135.0
10110027MONTEIROH_2026-01-21_G71,10110027MONTEIROH,2026-01-21,118140,1,8,0,177.0
10110027MONTEIROH_2026-01-21_G72,10110027MONTEIROH,2026-01-21,110313,1,3,0,140.0
10110027MONTEIROH_2026-01-21_G73,10110027MONTEIROH,2026-01-21,117820,1,3,0,97.0
10110027MONTEIROH_2026-01-21_G74,10110027MONTEIROH,2026-01-21,105705,1,2,0,107.0
10110027MONTEIROH_2026-01-21_G75,10110027MONTEIROH,2026-01-21,111172,1,2,0,56.0
10110027MONTEIROH_2026-01-21_G76,10110027MONTEIROH,2026-01-21,118140,1,2,0,142.0
10110027MONTEIROH_2026-01-22_G02,10110027MONTEIROH,2026-01-22,117862,1,6,0,117.0
10110027MONTEIROH_2026-01-22_G03,10110027MONTEIROH,2026-01-22,111466,1,20,0,416.0
10110027MONTEIROH_2026-01-22_G04,10110027MONTEIROH,2026-01-22,111172,1,7,0,103.0
10110027MONTEIROH_2026-01-22_G05,10110027MONTEIROH,2026-01-22,111418,1,80,0,397.0
10110027MONTEIROH_2026-01-22_G06,10110027MONTEIROH,2026-01-22,111441,1,4,0,745.0
10110027MONTEIROH_2026-01-22_G07,10110027MONTEIROH,2026-01-22,110747,1,2,0,366.0
10110027MONTEIROH_2026-01-22_G08,10110027MONTEIROH,2026-01-22,141916,1,1,0,106.0
10110027MONTEIROH_2026-01-22_G09,10110027MONTEIROH,2026-01-22,140911,1,2,0,116.0
10110027MONTEIROH_2026-01-22_G10,10110027MONTEIROH,2026-01-22,110373,1,12,0,261.0
10110027MONTEIROH_2026-01-22_G11,10110027MONTEIROH,2026-01-22,118094,1,4,0,140.0
10110027MONTEIROH_2026-01-22_G12,10110027MONTEIROH,2026-01-22,140923,1,4,0,112.0
10110027MONTEIROH_2026-01-22_G13,10110027MONTEIROH,2026-01-22,141047,1,2,0,146.0
10110027MONTEIROH_2026-01-22_G14,10110027MONTEIROH,2026-01-22,109647,1,2,0,168.0
10110027MONTEIROH_2026-01-22_G15,10110027MONTEIROH,2026-01-22,110748,1,1,0,113.0
10110027MONTEIROH_2026-01-22_G16,10110027MONTEIROH,2026-01-22,140922,1,3,0,238.0
10110027MONTEIROH_2026-01-22_G17,10110027MONTEIROH,2026-01-22,117821,1,4,0,69.0
10110027MONTEIROH_2026-01-22_G18,10110027MONTEIROH,2026-01-22,109645,1,3,0,75.0
10110027MONTEIROH_2026-01-22_G19,10110027MONTEIROH,2026-01-22,111466,1,8,0,90.0
10110027MONTEIROH_2026-01-22_G20,10110027MONTEIROH,2026-01-22,141271,1,2,0,124.0
10110027MONTEIROH_2026-01-22_G21,10110027MONTEIROH,2026-01-22,111172,1,3,0,75.0
10110027MONTEIROH_2026-01-22_G22,10110027MONTEIROH,2026-01-22,111462,1,8,0,1206.0
10110027MONTEIROH_2026-01-22_G23,10110027MONTEIROH,2026-01-22,108798,1,4,0,111.0
10110027MONTEIROH_2026-01-22_G24,10110027MONTEIROH,2026-01-22,111418,1,8,0,86.0
10110027MONTEIROH_2026-01-22_G25,10110027MONTEIROH,2026-01-22,117833,1,4,0,42.0
10110027MONTEIROH_2026-01-22_G26,10110027MONTEIROH,2026-01-22,111469,1,8,0,74.0
10110027MONTEIROH_2026-01-22_G27,10110027MONTEIROH,2026-01-22,118140,1,4,0,77.0
10110027MONTEIROH_2026-01-22_G28,10110027MONTEIROH,2026-01-22,118299,1,8,0,498.0
10110027MONTEIROH_2026-01-22_G29,10110027MONTEIROH,2026-01-22,117809,1,2,0,48.0
10110027MONTEIROH_2026-01-22_G30,10110027MONTEIROH,2026-01-22,117822,1,2,0,70.0
10110027MONTEIROH_2026-01-22_G31,10110027MONTEIROH,2026-01-22,117820,1,8,0,130.0
10110027MONTEIROH_2026-01-22_G32,10110027MONTEIROH,2026-01-22,117808,1,9,0,124.0
10110027MONTEIROH_2026-01-22_G33,10110027MONTEIROH,2026-01-22,117808,1,11,0,67.0
10110027MONTEIROH_2026-01-22_G34,10110027MONTEIROH,2026-01-22,110373,1,30,0,205.0
10110027MONTEIROH_2026-01-22_G35,10110027MONTEIROH,2026-01-22,117830,1,4,0,82.0
10110027MONTEIROH_2026-01-22_G36,10110027MONTEIROH,2026-01-22,110371,1,24,0,1195.0
10110027MONTEIROH_2026-01-22_G37,10110027MONTEIROH,2026-01-22,117809,2,22,10,2262.0
10110027MONTEIROH_2026-01-22_G38,10110027MONTEIROH,2026-01-22,110373,2,9,30,154.0
10110027MONTEIROH_2026-01-22_G39,10110027MONTEIROH,2026-01-22,110313,1,2,0,124.0
10110027MONTEIROH_2026-01-22_G40,10110027MONTEIROH,2026-01-22,140923,1,1,0,84.0
10110027MONTEIROH_2026-01-22_G41,10110027MONTEIROH,2026-01-22,141047,1,4,0,94.0
10110027MONTEIROH_2026-01-22_G42,10110027MONTEIROH,2026-01-22,117786,1,3,0,65.0
10110027MONTEIROH_2026-01-22_G43,10110027MONTEIROH,2026-01-22,109647,1,6,0,141.0
10110027MONTEIROH_2026-01-22_G44,10110027MONTEIROH,2026-01-22,110063,1,2,0,139.0
10110027MONTEIROH_2026-01-22_G45,10110027MONTEIROH,2026-01-22,109640,1,30,0,443.0
10110027MONTEIROH_2026-01-22_G46,10110027MONTEIROH,2026-01-22,109640,1,5,0,185.0
10110027MONTEIROH_2026-01-22_G47,10110027MONTEIROH,2026-01-22,105705,2,4,27,292.0
10110027MONTEIROH_2026-01-22_G48,10110027MONTEIROH,2026-01-22,108795,2,4,30,34.0
10110027MONTEIROH_2026-01-22_G49,10110027MONTEIROH,2026-01-22,111348,1,8,0,78.0
10110027MONTEIROH_2026-01-22_G50,10110027MONTEIROH,2026-01-22,140922,1,4,0,51.0
10110027MONTEIROH_2026-01-22_G51,10110027MONTEIROH,2026-01-22,111182,1,2,0,80.0
10110027MONTEIROH_2026-01-22_G52,10110027MONTEIROH,2026-01-22,111418,1,15,0,177.0
10110027MONTEIROH_2026-01-22_G53,10110027MONTEIROH,2026-01-22,111469,1,5,0,104.0
10110027MONTEIROH_2026-01-22_G54,10110027MONTEIROH,2026-01-22,111469,1,3,0,46.0
10110027MONTEIROH_2026-01-22_G55,10110027MONTEIROH,2026-01-22,111431,1,1,0,48.0
10110027MONTEIROH_2026-01-22_G56,10110027MONTEIROH,2026-01-22,118140,1,3,0,130.0
10110027MONTEIROH_2026-01-22_G57,10110027MONTEIROH,2026-01-22,141458,1,1,0,161.0
10110027MONTEIROH_2026-01-22_G58,10110027MONTEIROH,2026-01-22,141458,1,2,0,55.0
10110027MONTEIROH_2026-01-22_G59,10110027MONTEIROH,2026-01-22,117821,1,4,0,127.0
10110027MONTEIROH_2026-01-22_G60,10110027MONTEIROH,2026-01-22,117808,1,80,0,1128.0
10110027MONTEIROH_2026-01-22_G61,10110027MONTEIROH,2026-01-22,117808,1,1000,0,2380.0
10110027MONTEIROH_2026-01-22_G63,10110027MONTEIROH,2026-01-22,109640,1,4,0,68.0
10110027MONTEIROH_2026-01-22_G64,10110027MONTEIROH,2026-01-22,109640,1,4,0,50.0
10110027MONTEIROH_2026-01-22_G65,10110027MONTEIROH,2026-01-22,108759,1,4,0,245.0
10110027MONTEIROH_2026-01-22_G66,10110027MONTEIROH,2026-01-22,118417,1,4,0,243.0
10110027MONTEIROH_2026-01-22_G67,10110027MONTEIROH,2026-01-22,140923,1,3,0,205.0
10110027MONTEIROH_2026-01-22_G68,10110027MONTEIROH,2026-01-22,111438,1,4,0,399.0
10110027MONTEIROH_2026-01-22_G69,10110027MONTEIROH,2026-01-22,110313,1,4,0,482.0
10110027MONTEIROH_2026-01-22_G70,10110027MONTEIROH,2026-01-22,105242,1,5,0,135.0
10110027MONTEIROH_2026-01-22_G71,10110027MONTEIROH,2026-01-22,117808,1,1,0,161.0
10110027MONTEIROH_2026-01-22_G72,10110027MONTEIROH,2026-01-22,110313,1,8,0,173.0
10110027MONTEIROH_2026-01-22_G73,10110027MONTEIROH,2026-01-22,110733,1,6,0,526.0
10110027MONTEIROH_2026-01-22_G74,10110027MONTEIROH,2026-01-22,140911,1,4,0,1787.0
10110027MONTEIROH_2026-01-22_G75,10110027MONTEIROH,2026-01-22,109640,1,16,0,217.0
10110027MONTEIROH_2026-01-22_G76,10110027MONTEIROH,2026-01-22,118299,1,200,0,636.0
10110027MONTEIROH_2026-01-23_G02,10110027MONTEIROH,2026-01-23,122647,1,90,0,2359.0
10110027MONTEIROH_2026-01-23_G03,10110027MONTEIROH,2026-01-23,124548,1,50,0,1650.0
10110027MONTEIROH_2026-01-23_G04,10110027MONTEIROH,2026-01-23,124548,1,100,0,2722.0
10110027MONTEIROH_2026-01-23_G05,10110027MONTEIROH,2026-01-23,124486,1,4,0,1425.0
10110027MONTEIROH_2026-01-23_G06,10110027MONTEIROH,2026-01-23,122962,1,4,0,96.0
10110027MONTEIROH_2026-01-23_G07,10110027MONTEIROH,2026-01-23,120028,1,4,0,87.0
10110027MONTEIROH_2026-01-23_G08,10110027MONTEIROH,2026-01-23,122647,1,4,0,210.0
10110027MONTEIROH_2026-01-23_G09,10110027MONTEIROH,2026-01-23,122185,1,4,0,175.0
10110027MONTEIROH_2026-01-23_G10,10110027MONTEIROH,2026-01-23,124248,1,4,0,103.0
10110027MONTEIROH_2026-01-23_G11,10110027MONTEIROH,2026-01-23,180001,1,4,0,1966.0
10110027MONTEIROH_2026-01-23_G12,10110027MONTEIROH,2026-01-23,122185,1,10,0,513.0
10110027MONTEIROH_2026-01-23_G13,10110027MONTEIROH,2026-01-23,122671,1,4,0,1051.0
10110027MONTEIROH_2026-01-23_G14,10110027MONTEIROH,2026-01-23,124486,1,12,0,346.0
10110027MONTEIROH_2026-01-23_G15,10110027MONTEIROH,2026-01-23,122673,1,20,0,1456.0
10110027MONTEIROH_2026-01-23_G17,10110027MONTEIROH,2026-01-23,124248,1,20,0,754.0
10110027MONTEIROH_2026-01-23_G18,10110027MONTEIROH,2026-01-23,122984,1,40,0,471.0
10110027MONTEIROH_2026-01-23_G19,10110027MONTEIROH,2026-01-23,122988,1,6,0,230.0
10110027MONTEIROH_2026-01-23_G20,10110027MONTEIROH,2026-01-23,123909,1,4,0,244.0
10110027MONTEIROH_2026-01-23_G21,10110027MONTEIROH,2026-01-23,124486,1,4,0,237.0
10110027MONTEIROH_2026-01-23_G22,10110027MONTEIROH,2026-01-23,123313,1,5,0,901.0
10110027MONTEIROH_2026-01-23_G23,10110027MONTEIROH,2026-01-23,123345,1,4,0,1245.0
10110027MONTEIROH_2026-01-23_G24,10110027MONTEIROH,2026-01-23,124624,1,28,0,303.0
10110027MONTEIROH_2026-01-23_G25,10110027MONTEIROH,2026-01-23,123344,1,2,0,110.0
10110027MONTEIROH_2026-01-23_G26,10110027MONTEIROH,2026-01-23,124370,1,4,0,549.0
10110027MONTEIROH_2026-01-23_G27,10110027MONTEIROH,2026-01-23,122983,1,1,0,175.0
10110027MONTEIROH_2026-01-23_G28,10110027MONTEIROH,2026-01-23,122962,1,48,0,672.0
10110027MONTEIROH_2026-01-23_G29,10110027MONTEIROH,2026-01-23,122982,1,15,0,245.0
10110027MONTEIROH_2026-01-23_G30,10110027MONTEIROH,2026-01-23,123080,1,8,0,174.0
10110027MONTEIROH_2026-01-24_G02,10110027MONTEIROH,2026-01-24,111469,1,3,0,92.0
10110027MONTEIROH_2026-01-24_G03,10110027MONTEIROH,2026-01-24,110895,1,7,0,149.0
10110027MONTEIROH_2026-01-24_G04,10110027MONTEIROH,2026-01-24,110374,1,2,0,115.0
10110027MONTEIROH_2026-01-24_G05,10110027MONTEIROH,2026-01-24,117808,1,8,0,149.0
10110027MONTEIROH_2026-01-24_G06,10110027MONTEIROH,2026-01-24,111602,1,1,0,103.0
10110027MONTEIROH_2026-01-24_G07,10110027MONTEIROH,2026-01-24,110374,1,4,0,270.0
10110027MONTEIROH_2026-01-24_G08,10110027MONTEIROH,2026-01-24,140911,1,4,0,358.0
10110027MONTEIROH_2026-01-24_G09,10110027MONTEIROH,2026-01-24,111602,1,2,0,135.0
10110027MONTEIROH_2026-01-24_G10,10110027MONTEIROH,2026-01-24,108759,1,4,0,350.0
10110027MONTEIROH_2026-01-24_G11,10110027MONTEIROH,2026-01-24,111330,1,9,0,332.0
10110027MONTEIROH_2026-01-24_G12,10110027MONTEIROH,2026-01-24,111330,1,8,0,117.0
10110027MONTEIROH_2026-01-24_G13,10110027MONTEIROH,2026-01-24,118299,1,12,0,169.0
10110027MONTEIROH_2026-01-24_G14,10110027MONTEIROH,2026-01-24,111876,1,1,0,112.0
10110027MONTEIROH_2026-01-24_G15,10110027MONTEIROH,2026-01-24,110374,1,4,0,159.0
10110027MONTEIROH_2026-01-24_G16,10110027MONTEIROH,2026-01-24,108795,1,4,0,77.0
10110027MONTEIROH_2026-01-24_G17,10110027MONTEIROH,2026-01-24,110895,1,4,0,132.0
10110027MONTEIROH_2026-01-24_G18,10110027MONTEIROH,2026-01-24,111466,1,4,0,344.0
10110027MONTEIROH_2026-01-24_G19,10110027MONTEIROH,2026-01-24,110374,1,8,0,232.0
10110027MONTEIROH_2026-01-24_G20,10110027MONTEIROH,2026-01-24,110372,1,9,0,107.0
10110027MONTEIROH_2026-01-24_G21,10110027MONTEIROH,2026-01-24,117808,1,8,0,128.0
10110027MONTEIROH_2026-01-24_G22,10110027MONTEIROH,2026-01-24,118299,1,28,0,453.0
10110027MONTEIROH_2026-01-24_G23,10110027MONTEIROH,2026-01-24,111463,1,7,0,135.0
10110027MONTEIROH_2026-01-24_G24,10110027MONTEIROH,2026-01-24,117785,1,4,0,107.0
10110027MONTEIROH_2026-01-24_G25,10110027MONTEIROH,2026-01-24,108772,1,1,0,112.0
10110027MONTEIROH_2026-01-24_G26,10110027MONTEIROH,2026-01-24,141352,1,2,0,121.0
10110027MONTEIROH_2026-01-24_G27,10110027MONTEIROH,2026-01-24,110339,1,6,0,86.0
10110027MONTEIROH_2026-01-24_G28,10110027MONTEIROH,2026-01-24,111532,1,4,0,114.0
10110027MONTEIROH_2026-01-24_G29,10110027MONTEIROH,2026-01-24,110129,1,14,0,1182.0
10110027MONTEIROH_2026-01-24_G30,10110027MONTEIROH,2026-01-24,105705,1,27,0,201.0
10110027MONTEIROH_2026-01-24_G31,10110027MONTEIROH,2026-01-24,117831,1,27,0,159.0
10110027MONTEIROH_2026-01-24_G32,10110027MONTEIROH,2026-01-24,116241,1,5,0,105.0
10110027MONTEIROH_2026-01-24_G33,10110027MONTEIROH,2026-01-24,110743,1,1,0,46.0
10110027MONTEIROH_2026-01-24_G34,10110027MONTEIROH,2026-01-24,117841,1,2,0,440.0
10110027MONTEIROH_2026-01-24_G35,10110027MONTEIROH,2026-01-24,111465,1,2,0,145.0
10110027MONTEIROH_2026-01-24_G36,10110027MONTEIROH,2026-01-24,118298,1,1,0,101.0
10110027MONTEIROH_2026-01-24_G37,10110027MONTEIROH,2026-01-24,110313,1,1,0,53.0
10110027MONTEIROH_2026-01-24_G38,10110027MONTEIROH,2026-01-24,110339,1,15,0,102.0
10110027MONTEIROH_2026-01-24_G39,10110027MONTEIROH,2026-01-24,109647,1,8,0,119.0
10110027MONTEIROH_2026-01-24_G40,10110027MONTEIROH,2026-01-24,141048,1,8,0,345.0
10110027MONTEIROH_2026-01-24_G41,10110027MONTEIROH,2026-01-24,108798,1,22,0,611.0
10110027MONTEIROH_2026-01-24_G42,10110027MONTEIROH,2026-01-24,118223,1,34,0,498.0
10110027MONTEIROH_2026-01-24_G43,10110027MONTEIROH,2026-01-24,117785,1,12,0,401.0
10110027MONTEIROH_2026-01-24_G44,10110027MONTEIROH,2026-01-24,111348,1,16,0,190.0
10110027MONTEIROH_2026-01-26_G02,10110027MONTEIROH,2026-01-26,111467,1,4,0,79.0
10110027MONTEIROH_2026-01-26_G03,10110027MONTEIROH,2026-01-26,110313,1,2,0,160.0
10110027MONTEIROH_2026-01-26_G04,10110027MONTEIROH,2026-01-26,110339,1,3,0,91.0
10110027MONTEIROH_2026-01-26_G05,10110027MONTEIROH,2026-01-26,117862,1,4,0,122.0
10110027MONTEIROH_2026-01-26_G06,10110027MONTEIROH,2026-01-26,140923,1,4,0,82.0
10110027MONTEIROH_2026-01-26_G07,10110027MONTEIROH,2026-01-26,124548,1,2,0,2875.0
10110027MONTEIROH_2026-01-26_G08,10110027MONTEIROH,2026-01-26,181056,1,12,0,645.0
10110027MONTEIROH_2026-01-26_G09,10110027MONTEIROH,2026-01-26,181255,1,3,0,741.0
10110027MONTEIROH_2026-01-26_G10,10110027MONTEIROH,2026-01-26,123345,1,80,0,225.0
10110027MONTEIROH_2026-01-26_G11,10110027MONTEIROH,2026-01-26,123343,1,30,0,870.0
10110027MONTEIROH_2026-01-26_G12,10110027MONTEIROH,2026-01-26,123492,1,1,0,284.0
10110027MONTEIROH_2026-01-26_G13,10110027MONTEIROH,2026-01-26,122647,1,6,0,512.0
10110027MONTEIROH_2026-01-26_G14,10110027MONTEIROH,2026-01-26,124486,1,100,0,2513.0
10110027MONTEIROH_2026-01-26_G15,10110027MONTEIROH,2026-01-26,122673,1,30,0,1440.0
10110027MONTEIROH_2026-01-26_G16,10110027MONTEIROH,2026-01-26,122671,1,42,0,979.0
10110027MONTEIROH_2026-01-26_G17,10110027MONTEIROH,2026-01-26,122962,1,60,0,734.0
10110027MONTEIROH_2026-01-26_G18,10110027MONTEIROH,2026-01-26,181057,1,8,0,756.0
10110027MONTEIROH_2026-01-26_G19,10110027MONTEIROH,2026-01-26,181057,1,4,0,248.0
10110027MONTEIROH_2026-01-26_G20,10110027MONTEIROH,2026-01-26,122984,1,8,0,268.0
10110027MONTEIROH_2026-01-26_G21,10110027MONTEIROH,2026-01-26,122986,1,16,0,1391.0
10110027MONTEIROH_2026-01-26_G22,10110027MONTEIROH,2026-01-26,123345,1,4,0,201.0
10110027MONTEIROH_2026-01-26_G23,10110027MONTEIROH,2026-01-26,122185,1,4,0,213.0
10110027MONTEIROH_2026-01-26_G24,10110027MONTEIROH,2026-01-26,122185,1,39,0,1066.0
10110027MONTEIROH_2026-01-26_G25,10110027MONTEIROH,2026-01-26,122185,1,7,0,283.0
10110027MONTEIROH_2026-01-26_G27,10110027MONTEIROH,2026-01-26,109648,1,16,0,566.0
10110027MONTEIROH_2026-01-27_G02,10110027MONTEIROH,2026-01-27,181815,1,7,0,248.0
10110027MONTEIROH_2026-01-27_G03,10110027MONTEIROH,2026-01-27,181057,1,30,0,1805.0
10110027MONTEIROH_2026-01-27_G04,10110027MONTEIROH,2026-01-27,120339,1,20,0,760.0
10110027MONTEIROH_2026-01-27_G05,10110027MONTEIROH,2026-01-27,124624,1,12,0,464.0
10110027MONTEIROH_2026-01-27_G06,10110027MONTEIROH,2026-01-27,124594,1,6,0,456.0
10110027MONTEIROH_2026-01-27_G07,10110027MONTEIROH,2026-01-27,123909,1,4,0,759.0
10110027MONTEIROH_2026-01-27_G08,10110027MONTEIROH,2026-01-27,122673,1,8,0,251.0
10110027MONTEIROH_2026-01-27_G09,10110027MONTEIROH,2026-01-27,181056,1,4,0,321.0
10110027MONTEIROH_2026-01-27_G10,10110027MONTEIROH,2026-01-27,122189,1,3,0,184.0
10110027MONTEIROH_2026-01-27_G11,10110027MONTEIROH,2026-01-27,122962,1,7,0,264.0
10110027MONTEIROH_2026-01-27_G12,10110027MONTEIROH,2026-01-27,124486,1,6,0,218.0
10110027MONTEIROH_2026-01-27_G13,10110027MONTEIROH,2026-01-27,181057,1,4,0,216.0
10110027MONTEIROH_2026-01-27_G14,10110027MONTEIROH,2026-01-27,122962,1,8,0,264.0
10110027MONTEIROH_2026-01-27_G15,10110027MONTEIROH,2026-01-27,122962,1,48,0,1389.0
10110027MONTEIROH_2026-01-27_G16,10110027MONTEIROH,2026-01-27,124486,1,8,0,320.0
10110027MONTEIROH_2026-01-27_G17,10110027MONTEIROH,2026-01-27,122647,1,8,0,287.0
10110027MONTEIROH_2026-01-27_G18,10110027MONTEIROH,2026-01-27,122962,1,80,0,2801.0
10110027MONTEIROH_2026-01-27_G19,10110027MONTEIROH,2026-01-27,123343,1,11,0,1974.0
10110027MONTEIROH_2026-01-27_G20,10110027MONTEIROH,2026-01-27,181887,1,6,0,167.0
10110027MONTEIROH_2026-01-27_G21,10110027MONTEIROH,2026-01-27,181057,1,1,0,287.0
10110027MONTEIROH_2026-01-27_G22,10110027MONTEIROH,2026-01-27,181057,1,3,0,122.0
10110027MONTEIROH_2026-01-27_G23,10110027MONTEIROH,2026-01-27,180420,1,2,0,879.0
10110027MONTEIROH_2026-01-27_G24,10110027MONTEIROH,2026-01-27,180420,1,4,0,134.0
10110027MONTEIROH_2026-01-27_G26,10110027MONTEIROH,2026-01-27,122962,1,12,0,492.0
10110027MONTEIROH_2026-01-27_G27,10110027MONTEIROH,2026-01-27,122962,1,20,0,345.0
10110027MONTEIROH_2026-01-27_G28,10110027MONTEIROH,2026-01-27,123909,1,16,0,895.0
10110027MONTEIROH_2026-01-27_G29,10110027MONTEIROH,2026-01-27,124371,1,6,0,261.0
10110027MONTEIROH_2026-01-27_G30,10110027MONTEIROH,2026-01-27,124475,1,12,0,296.0
10110027MONTEIROH_2026-01-27_G31,10110027MONTEIROH,2026-01-27,124475,1,10,0,555.0
10110027MONTEIROH_2026-01-27_G32,10110027MONTEIROH,2026-01-27,124483,1,9,0,160.0
10110027MONTEIROH_2026-01-27_G33,10110027MONTEIROH,2026-01-27,122671,1,16,0,1455.0
10110027MONTEIROH_2026-01-27_G34,10110027MONTEIROH,2026-01-27,123081,1,10,0,1010.0
10110027MONTEIROH_2026-01-28_G02,10110027MONTEIROH,2026-01-28,124486,1,18,0,438.0
10110027MONTEIROH_2026-01-28_G03,10110027MONTEIROH,2026-01-28,123822,1,16,0,387.0
10110027MONTEIROH_2026-01-28_G04,10110027MONTEIROH,2026-01-28,120028,1,42,0,2634.0
10110027MONTEIROH_2026-01-28_G05,10110027MONTEIROH,2026-01-28,122647,1,54,0,1422.0
10110027MONTEIROH_2026-01-28_G06,10110027MONTEIROH,2026-01-28,120389,1,8,0,526.0
10110027MONTEIROH_2026-01-28_G07,10110027MONTEIROH,2026-01-28,122983,1,12,0,354.0
10110027MONTEIROH_2026-01-28_G08,10110027MONTEIROH,2026-01-28,123909,1,10,0,545.0
10110027MONTEIROH_2026-01-28_G09,10110027MONTEIROH,2026-01-28,120028,1,8,0,122.0
10110027MONTEIROH_2026-01-28_G10,10110027MONTEIROH,2026-01-28,122984,1,40,0,2951.0
10110027MONTEIROH_2026-01-28_G11,10110027MONTEIROH,2026-01-28,122962,1,16,0,328.0
10110027MONTEIROH_2026-01-28_G12,10110027MONTEIROH,2026-01-28,124486,1,10,0,134.0
10110027MONTEIROH_2026-01-28_G13,10110027MONTEIROH,2026-01-28,123909,1,8,0,163.0
10110027MONTEIROH_2026-01-28_G14,10110027MONTEIROH,2026-01-28,122673,1,4,0,164.0
10110027MONTEIROH_2026-01-28_G15,10110027MONTEIROH,2026-01-28,122647,1,3,0,91.0
10110027MONTEIROH_2026-01-28_G16,10110027MONTEIROH,2026-01-28,122962,1,5,0,137.0
10110027MONTEIROH_2026-01-28_G17,10110027MONTEIROH,2026-01-28,124486,1,12,0,347.0
10110027MONTEIROH_2026-01-28_G18,10110027MONTEIROH,2026-01-28,124247,1,26,0,499.0
10110027MONTEIROH_2026-01-28_G19,10110027MONTEIROH,2026-01-28,122984,1,10,0,1391.0
10110027MONTEIROH_2026-01-28_G20,10110027MONTEIROH,2026-01-28,120339,1,24,0,1060.0
10110027MONTEIROH_2026-01-28_G21,10110027MONTEIROH,2026-01-28,122981,1,3,0,345.0
10110027MONTEIROH_2026-01-28_G22,10110027MONTEIROH,2026-01-28,122983,1,5,0,137.0
10110027MONTEIROH_2026-01-28_G24,10110027MONTEIROH,2026-01-28,121760,1,5,0,364.0
10110027MONTEIROH_2026-01-28_G25,10110027MONTEIROH,2026-01-28,121760,1,4,0,183.0
10110027MONTEIROH_2026-01-28_G26,10110027MONTEIROH,2026-01-28,124370,1,36,0,1745.0
10110027MONTEIROH_2026-01-28_G27,10110027MONTEIROH,2026-01-28,124475,1,3,0,261.0
10110027MONTEIROH_2026-01-28_G28,10110027MONTEIROH,2026-01-28,123822,1,4,0,146.0
10110027MONTEIROH_2026-01-28_G29,10110027MONTEIROH,2026-01-28,122986,1,4,0,213.0
10110027MONTEIROH_2026-01-28_G30,10110027MONTEIROH,2026-01-28,122647,1,9,0,390.0
10110027MONTEIROH_2026-01-28_G31,10110027MONTEIROH,2026-01-28,122962,1,12,0,2231.0
10110027MONTEIROH_2026-01-28_G32,10110027MONTEIROH,2026-01-28,123343,1,4,0,136.0
10110027MONTEIROH_2026-01-28_G33,10110027MONTEIROH,2026-01-28,123345,1,10,0,482.0
10110027MONTEIROH_2026-01-29_G02,10110027MONTEIROH,2026-01-29,123345,1,24,0,539.0
10110027MONTEIROH_2026-01-29_G04,10110027MONTEIROH,2026-01-29,180094,1,4,0,1921.0
10110027MONTEIROH_2026-01-29_G05,10110027MONTEIROH,2026-01-29,123313,1,14,0,1291.0
10110027MONTEIROH_2026-01-29_G06,10110027MONTEIROH,2026-01-29,120389,1,10,0,348.0
10110027MONTEIROH_2026-01-29_G07,10110027MONTEIROH,2026-01-29,122671,1,12,0,327.0
10110027MONTEIROH_2026-01-29_G08,10110027MONTEIROH,2026-01-29,122962,1,30,0,414.0
10110027MONTEIROH_2026-01-29_G09,10110027MONTEIROH,2026-01-29,124548,1,8,0,375.0
10110027MONTEIROH_2026-01-29_G10,10110027MONTEIROH,2026-01-29,122983,1,15,0,884.0
10110027MONTEIROH_2026-01-29_G11,10110027MONTEIROH,2026-01-29,123909,1,20,0,337.0
10110027MONTEIROH_2026-01-29_G12,10110027MONTEIROH,2026-01-29,124486,1,60,0,252.0
10110027MONTEIROH_2026-01-29_G13,10110027MONTEIROH,2026-01-29,122673,1,9,0,82.0
10110027MONTEIROH_2026-01-29_G14,10110027MONTEIROH,2026-01-29,124370,1,50,0,989.0
10110027MONTEIROH_2026-01-29_G16,10110027MONTEIROH,2026-01-29,110375,1,45,0,622.0
10110027MONTEIROH_2026-01-29_G17,10110027MONTEIROH,2026-01-29,117787,1,9,0,549.0
10110027MONTEIROH_2026-01-29_G18,10110027MONTEIROH,2026-01-29,111172,1,8,0,203.0
10110027MONTEIROH_2026-01-29_G19,10110027MONTEIROH,2026-01-29,117833,1,15,0,157.0
10110027MONTEIROH_2026-01-29_G20,10110027MONTEIROH,2026-01-29,117786,1,3,0,96.0
10110027MONTEIROH_2026-01-29_G21,10110027MONTEIROH,2026-01-29,117786,1,17,0,457.0
10110027MONTEIROH_2026-01-30_G02,10110027MONTEIROH,2026-01-30,110374,1,20,0,153.0
10110027MONTEIROH_2026-01-30_G03,10110027MONTEIROH,2026-01-30,117820,1,1,0,134.0
10110027MONTEIROH_2026-01-30_G04,10110027MONTEIROH,2026-01-30,117856,1,10,0,257.0
10110027MONTEIROH_2026-01-30_G05,10110027MONTEIROH,2026-01-30,141352,1,16,0,517.0
10110027MONTEIROH_2026-01-30_G06,10110027MONTEIROH,2026-01-30,111602,1,50,0,521.0
10110027MONTEIROH_2026-01-30_G07,10110027MONTEIROH,2026-01-30,110374,1,127,0,593.0
10110027MONTEIROH_2026-01-30_G08,10110027MONTEIROH,2026-01-30,110374,2,76,29,171.0
10110027MONTEIROH_2026-01-30_G09,10110027MONTEIROH,2026-01-30,140923,1,100,0,622.0
10110027MONTEIROH_2026-01-30_G10,10110027MONTEIROH,2026-01-30,117856,1,20,0,171.0
10110027MONTEIROH_2026-01-30_G11,10110027MONTEIROH,2026-01-30,111463,1,4,0,92.0
10110027MONTEIROH_2026-01-30_G12,10110027MONTEIROH,2026-01-30,117797,1,40,0,422.0
10110027MONTEIROH_2026-01-30_G13,10110027MONTEIROH,2026-01-30,141352,1,30,0,384.0
10110027MONTEIROH_2026-01-30_G14,10110027MONTEIROH,2026-01-30,111602,1,50,0,458.0
10110027MONTEIROH_2026-01-30_G15,10110027MONTEIROH,2026-01-30,110748,1,3,0,1502.0
10110027MONTEIROH_2026-01-30_G16,10110027MONTEIROH,2026-01-30,108794,1,5,0,122.0
10110027MONTEIROH_2026-01-30_G17,10110027MONTEIROH,2026-01-30,117821,1,6,0,78.0
10110027MONTEIROH_2026-01-30_G18,10110027MONTEIROH,2026-01-30,109645,1,8,0,257.0
10110027MONTEIROH_2026-01-30_G19,10110027MONTEIROH,2026-01-30,111462,1,21,0,271.0
10110027MONTEIROH_2026-01-30_G20,10110027MONTEIROH,2026-01-30,117831,1,16,0,125.0
10110027MONTEIROH_2026-01-30_G21,10110027MONTEIROH,2026-01-30,109645,1,5,0,239.0
10110027MONTEIROH_2026-01-30_G22,10110027MONTEIROH,2026-01-30,111418,1,24,0,288.0
10110027MONTEIROH_2026-01-30_G23,10110027MONTEIROH,2026-01-30,110740,1,12,0,121.0
10110027MONTEIROH_2026-01-30_G24,10110027MONTEIROH,2026-01-30,118140,1,11,0,84.0
10110027MONTEIROH_2026-01-30_G25,10110027MONTEIROH,2026-01-30,117833,1,3,0,1160.0
10110027MONTEIROH_2026-01-30_G26,10110027MONTEIROH,2026-01-30,117855,1,20,0,865.0
10110027MONTEIROH_2026-01-30_G27,10110027MONTEIROH,2026-01-30,117855,1,10,0,299.0
10110027MONTEIROH_2026-01-30_G28,10110027MONTEIROH,2026-01-30,140957,1,4,0,180.0
10110027MONTEIROH_2026-01-30_G29,10110027MONTEIROH,2026-01-30,111467,1,10,0,102.0
10110027MONTEIROH_2026-01-30_G30,10110027MONTEIROH,2026-01-30,110753,1,2,0,77.0
10110027MONTEIROH_2026-01-30_G31,10110027MONTEIROH,2026-01-30,117862,1,15,0,302.0
10110027MONTEIROH_2026-01-30_G32,10110027MONTEIROH,2026-01-30,140923,1,25,0,400.0
10110027MONTEIROH_2026-01-30_G33,10110027MONTEIROH,2026-01-30,108772,1,4,0,75.0
10110027MONTEIROH_2026-01-30_G34,10110027MONTEIROH,2026-01-30,108772,1,8,0,85.0
10110027MONTEIROH_2026-01-30_G35,10110027MONTEIROH,2026-01-30,141047,1,4,0,100.0
10110027MONTEIROH_2026-01-30_G36,10110027MONTEIROH,2026-01-30,110733,1,10,0,195.0
10110027MONTEIROH_2026-01-30_G37,10110027MONTEIROH,2026-01-30,108361,1,2,0,273.0
10110027MONTEIROH_2026-01-30_G38,10110027MONTEIROH,2026-01-30,111602,1,25,0,169.0
10110027MONTEIROH_2026-01-30_G39,10110027MONTEIROH,2026-01-30,141166,1,10,0,128.0
10110027MONTEIROH_2026-01-30_G40,10110027MONTEIROH,2026-01-30,117854,1,2,0,105.0
10110027MONTEIROH_2026-01-30_G41,10110027MONTEIROH,2026-01-30,117861,1,20,0,354.0
10110027MONTEIROH_2026-01-30_G42,10110027MONTEIROH,2026-01-30,117861,1,20,0,146.0
10110027MONTEIROH_2026-01-30_G43,10110027MONTEIROH,2026-01-30,118094,1,10,0,1736.0
10110027MONTEIROH_2026-01-30_G44,10110027MONTEIROH,2026-01-30,117786,1,20,0,367.0
10110027MONTEIROH_2026-01-30_G45,10110027MONTEIROH,2026-01-30,118317,1,20,0,1645.0
10110027MONTEIROH_2026-01-30_G46,10110027MONTEIROH,2026-01-30,118317,1,11,0,77.0
10110027MONTEIROH_2026-01-30_G47,10110027MONTEIROH,2026-01-30,118317,1,9,0,176.0
10110027MONTEIROH_2026-01-30_G48,10110027MONTEIROH,2026-01-30,118317,1,20,0,1016.0
10110027MONTEIROH_2026-01-30_G50,10110027MONTEIROH,2026-01-30,111530,1,12,0,183.0
10110027MONTEIROH_2026-01-30_G51,10110027MONTEIROH,2026-01-30,111530,1,8,0,60.0
10110027MONTEIROH_2026-01-30_G52,10110027MONTEIROH,2026-01-30,141456,1,2,0,117.0
10110027MONTEIROH_2026-01-30_G53,10110027MONTEIROH,2026-01-30,111443,1,3,0,82.0
10110027MONTEIROH_2026-01-30_G54,10110027MONTEIROH,2026-01-30,111172,1,3,0,96.0
10110027MONTEIROH_2026-01-30_G55,10110027MONTEIROH,2026-01-30,111172,1,11,0,1554.0
10110027MONTEIROH_2026-01-30_G56,10110027MONTEIROH,2026-01-30,141456,1,40,0,231.0
10110027MONTEIROH_2026-01-30_G57,10110027MONTEIROH,2026-01-30,111463,1,16,0,319.0
10110027MONTEIROH_2026-01-30_G58,10110027MONTEIROH,2026-01-30,110787,1,2,0,300.0
10110027MONTEIROH_2026-01-30_G59,10110027MONTEIROH,2026-01-30,140911,1,1,0,136.0
10110027MONTEIROH_2026-01-30_G60,10110027MONTEIROH,2026-01-30,110374,1,50,0,356.0
10110027MONTEIROH_2026-01-30_G61,10110027MONTEIROH,2026-01-30,111172,1,2,0,104.0
10110027MONTEIROH_2026-01-30_G62,10110027MONTEIROH,2026-01-30,110787,1,17,0,723.0
10110027MONTEIROH_2026-01-31_G02,10110027MONTEIROH,2026-01-31,110740,1,16,0,313.0
10110027MONTEIROH_2026-01-31_G03,10110027MONTEIROH,2026-01-31,118140,1,6,0,206.0
10110027MONTEIROH_2026-01-31_G04,10110027MONTEIROH,2026-01-31,117785,1,100,0,420.0
10110027MONTEIROH_2026-01-31_G05,10110027MONTEIROH,2026-01-31,117831,1,42,0,1325.0
10110027MONTEIROH_2026-01-31_G06,10110027MONTEIROH,2026-01-31,111530,1,73,0,2506.0
10110027MONTEIROH_2026-01-31_G07,10110027MONTEIROH,2026-01-31,111530,1,53,0,437.0
10110027MONTEIROH_2026-01-31_G08,10110027MONTEIROH,2026-01-31,110787,1,4,0,227.0
10110027MONTEIROH_2026-01-31_G09,10110027MONTEIROH,2026-01-31,141457,1,4,0,168.0
10110027MONTEIROH_2026-01-31_G10,10110027MONTEIROH,2026-01-31,141166,1,2,0,80.0
10110027MONTEIROH_2026-01-31_G11,10110027MONTEIROH,2026-01-31,110787,1,1,0,122.0
10110027MONTEIROH_2026-01-31_G12,10110027MONTEIROH,2026-01-31,110787,1,8,0,1999.0
10110027MONTEIROH_2026-01-31_G13,10110027MONTEIROH,2026-01-31,108711,1,9,0,757.0
10110027MONTEIROH_2026-01-31_G14,10110027MONTEIROH,2026-01-31,141271,1,24,0,176.0
10110027MONTEIROH_2026-01-31_G15,10110027MONTEIROH,2026-01-31,111433,1,13,0,226.0
10110027MONTEIROH_2026-01-31_G16,10110027MONTEIROH,2026-01-31,111660,1,2,0,901.0
10110027MONTEIROH_2026-01-31_G17,10110027MONTEIROH,2026-01-31,141997,1,5,0,1218.0
10110027MONTEIROH_2026-01-31_G18,10110027MONTEIROH,2026-01-31,141456,1,30,0,2039.0
10110027MONTEIROH_2026-01-31_G19,10110027MONTEIROH,2026-01-31,111172,1,27,0,1560.0
10110027MONTEIROH_2026-02-05_G02,10110027MONTEIROH,2026-02-05,181052,3,3,23,1103.0
10110027MONTEIROH_2026-02-05_G03,10110027MONTEIROH,2026-02-05,122982,1,16,0,361.0
10110027MONTEIROH_2026-02-05_G04,10110027MONTEIROH,2026-02-05,120272,1,20,0,317.0
10110027MONTEIROH_2026-02-05_G05,10110027MONTEIROH,2026-02-05,124247,1,7,0,256.0
10110027MONTEIROH_2026-02-05_G06,10110027MONTEIROH,2026-02-05,123345,1,6,0,176.0
10110027MONTEIROH_2026-02-05_G07,10110027MONTEIROH,2026-02-05,124486,1,40,0,1242.0
10110027MONTEIROH_2026-02-05_G08,10110027MONTEIROH,2026-02-05,122962,1,10,0,269.0
10110027MONTEIROH_2026-02-05_G09,10110027MONTEIROH,2026-02-05,124486,1,21,0,836.0
10110027MONTEIROH_2026-02-06_G02,10110027MONTEIROH,2026-02-06,117809,1,40,0,433.0
10110027MONTEIROH_2026-02-06_G03,10110027MONTEIROH,2026-02-06,117820,1,60,0,414.0
10110027MONTEIROH_2026-02-06_G04,10110027MONTEIROH,2026-02-06,141202,1,8,0,72.0
10110027MONTEIROH_2026-02-06_G05,10110027MONTEIROH,2026-02-06,110376,1,2,0,91.0
10110027MONTEIROH_2026-02-06_G06,10110027MONTEIROH,2026-02-06,110375,1,4,0,133.0
10110027MONTEIROH_2026-02-06_G07,10110027MONTEIROH,2026-02-06,118299,1,200,0,531.0
10110027MONTEIROH_2026-02-06_G08,10110027MONTEIROH,2026-02-06,117808,1,400,0,885.0
10110027MONTEIROH_2026-02-06_G09,10110027MONTEIROH,2026-02-06,117832,1,40,0,431.0
10110027MONTEIROH_2026-02-06_G10,10110027MONTEIROH,2026-02-06,110372,1,100,0,574.0
10110027MONTEIROH_2026-02-06_G11,10110027MONTEIROH,2026-02-06,123153,1,20,0,3145.0
10110027MONTEIROH_2026-02-06_G12,10110027MONTEIROH,2026-02-06,123345,1,16,0,1326.0
10110027MONTEIROH_2026-02-06_G13,10110027MONTEIROH,2026-02-06,123153,1,40,0,848.0
10110027MONTEIROH_2026-02-06_G14,10110027MONTEIROH,2026-02-06,122962,1,12,0,486.0
10110027MONTEIROH_2026-02-06_G15,10110027MONTEIROH,2026-02-06,124486,1,32,0,797.0
10110027MONTEIROH_2026-02-06_G16,10110027MONTEIROH,2026-02-06,122962,1,20,0,504.0
10110027MONTEIROH_2026-02-06_G17,10110027MONTEIROH,2026-02-06,124247,1,1,0,175.0
10110027MONTEIROH_2026-02-06_G18,10110027MONTEIROH,2026-02-06,123153,1,36,0,836.0
10110027MONTEIROH_2026-02-06_G19,10110027MONTEIROH,2026-02-06,123345,1,70,0,1031.0
10110027MONTEIROH_2026-02-06_G20,10110027MONTEIROH,2026-02-06,123153,1,77,0,1389.0
10110027MONTEIROH_2026-02-06_G21,10110027MONTEIROH,2026-02-06,123153,1,8,0,158.0
10110027MONTEIROH_2026-02-06_G22,10110027MONTEIROH,2026-02-06,123153,1,10,0,144.0
10110027MONTEIROH_2026-02-06_G23,10110027MONTEIROH,2026-02-06,123153,1,4,0,126.0
10110027MONTEIROH_2026-02-06_G24,10110027MONTEIROH,2026-02-06,122962,1,16,0,1525.0
10110027MONTEIROH_2026-02-06_G25,10110027MONTEIROH,2026-02-06,124486,1,8,0,139.0
10110027MONTEIROH_2026-02-06_G27,10110027MONTEIROH,2026-02-06,121760,1,3,0,142.0
10110027MONTEIROH_2026-02-06_G28,10110027MONTEIROH,2026-02-06,124475,1,3,0,180.0
10110027MONTEIROH_2026-02-06_G29,10110027MONTEIROH,2026-02-06,122984,1,10,0,522.0
10110027MONTEIROH_2026-02-06_G30,10110027MONTEIROH,2026-02-06,122984,1,16,0,368.0
10110027MONTEIROH_2026-02-06_G31,10110027MONTEIROH,2026-02-06,122984,1,10,0,482.0
10110027MONTEIROH_2026-02-06_G32,10110027MONTEIROH,2026-02-06,122988,1,8,0,324.0
10110027MONTEIROH_2026-02-06_G33,10110027MONTEIROH,2026-02-06,122988,1,2,0,55.0
10110027MONTEIROH_2026-02-06_G34,10110027MONTEIROH,2026-02-06,124486,1,6,0,230.0
10110027MONTEIROH_2026-02-06_G35,10110027MONTEIROH,2026-02-06,124248,1,12,0,424.0
10110027MONTEIROH_2026-02-06_G36,10110027MONTEIROH,2026-02-06,124248,1,12,0,582.0
10110027MONTEIROH_2026-02-06_G37,10110027MONTEIROH,2026-02-06,124486,1,12,0,472.0
10110027MONTEIROH_2026-02-06_G38,10110027MONTEIROH,2026-02-06,122962,1,70,0,1210.0
10110027MONTEIROH_2026-02-06_G39,10110027MONTEIROH,2026-02-06,122671,1,8,0,96.0
10110027MONTEIROH_2026-02-06_G40,10110027MONTEIROH,2026-02-06,124371,1,8,0,760.0
10110027MONTEIROH_2026-02-07_G02,10110027MONTEIROH,2026-02-07,142014,1,2,0,350.0
10110027MONTEIROH_2026-02-07_G03,10110027MONTEIROH,2026-02-07,118418,1,10,0,520.0
10110027MONTEIROH_2026-02-07_G04,10110027MONTEIROH,2026-02-07,110747,1,34,0,1573.0
10110027MONTEIROH_2026-02-07_G05,10110027MONTEIROH,2026-02-07,117838,1,20,0,579.0
10110027MONTEIROH_2026-02-07_G06,10110027MONTEIROH,2026-02-07,118350,1,8,0,204.0
10110027MONTEIROH_2026-02-07_G07,10110027MONTEIROH,2026-02-07,110332,1,10,0,517.0
10110027MONTEIROH_2026-02-07_G08,10110027MONTEIROH,2026-02-07,108798,1,10,0,153.0
10110027MONTEIROH_2026-02-07_G09,10110027MONTEIROH,2026-02-07,111348,1,30,0,953.0
10110027MONTEIROH_2026-02-07_G10,10110027MONTEIROH,2026-02-07,108794,1,4,0,2418.0
10110027MONTEIROH_2026-02-07_G11,10110027MONTEIROH,2026-02-07,117841,1,1,0,96.0
10110027MONTEIROH_2026-02-07_G12,10110027MONTEIROH,2026-02-07,160055,1,4,0,176.0
10110027MONTEIROH_2026-02-07_G13,10110027MONTEIROH,2026-02-07,141823,1,1,0,128.0
10110027MONTEIROH_2026-02-07_G14,10110027MONTEIROH,2026-02-07,111532,1,10,0,167.0
10110027MONTEIROH_2026-02-07_G15,10110027MONTEIROH,2026-02-07,109641,1,8,0,472.0
10110027MONTEIROH_2026-02-07_G16,10110027MONTEIROH,2026-02-07,118317,1,18,0,893.0
10110027MONTEIROH_2026-02-07_G17,10110027MONTEIROH,2026-02-07,111348,1,4,0,267.0
10110027MONTEIROH_2026-02-07_G18,10110027MONTEIROH,2026-02-07,117831,1,10,0,180.0
10110027MONTEIROH_2026-02-07_G19,10110027MONTEIROH,2026-02-07,108711,1,10,0,138.0
10110027MONTEIROH_2026-02-07_G20,10110027MONTEIROH,2026-02-07,141823,1,4,0,160.0
10110027MONTEIROH_2026-02-07_G21,10110027MONTEIROH,2026-02-07,111469,1,100,0,1125.0
10110027MONTEIROH_2026-02-07_G22,10110027MONTEIROH,2026-02-07,160055,1,10,0,195.0
10110027MONTEIROH_2026-02-07_G23,10110027MONTEIROH,2026-02-07,110740,1,30,0,562.0
10110027MONTEIROH_2026-02-07_G24,10110027MONTEIROH,2026-02-07,108711,1,30,0,534.0
10110027MONTEIROH_2026-02-07_G25,10110027MONTEIROH,2026-02-07,118317,1,45,0,697.0
10110027MONTEIROH_2026-02-07_G26,10110027MONTEIROH,2026-02-07,109641,1,16,0,513.0
10110027MONTEIROH_2026-02-07_G27,10110027MONTEIROH,2026-02-07,109643,1,4,0,510.0
10110027MONTEIROH_2026-02-07_G28,10110027MONTEIROH,2026-02-07,111330,1,2,0,262.0
10110027MONTEIROH_2026-02-07_G29,10110027MONTEIROH,2026-02-07,105705,1,2,0,145.0
10110027MONTEIROH_2026-02-07_G30,10110027MONTEIROH,2026-02-07,109640,1,10,0,121.0
10110027MONTEIROH_2026-02-07_G31,10110027MONTEIROH,2026-02-07,160057,1,4,0,125.0
10110027MONTEIROH_2026-02-07_G32,10110027MONTEIROH,2026-02-07,109641,1,2,0,274.0
10110027MONTEIROH_2026-02-07_G33,10110027MONTEIROH,2026-02-07,111348,1,30,0,1476.0
10110027MONTEIROH_2026-02-07_G34,10110027MONTEIROH,2026-02-07,117831,1,30,0,376.0
10110027MONTEIROH_2026-02-07_G35,10110027MONTEIROH,2026-02-07,140922,1,30,0,460.0
10110027MONTEIROH_2026-02-07_G36,10110027MONTEIROH,2026-02-07,117821,1,30,0,242.0
10110027MONTEIROH_2026-02-07_G37,10110027MONTEIROH,2026-02-07,111743,1,30,0,844.0
10110027MONTEIROH_2026-02-07_G38,10110027MONTEIROH,2026-02-07,118140,1,30,0,242.0
10110027MONTEIROH_2026-02-07_G40,10110027MONTEIROH,2026-02-07,107236,1,30,0,175.0
10110027MONTEIROH_2026-02-07_G41,10110027MONTEIROH,2026-02-07,111763,1,30,0,412.0
10110027MONTEIROH_2026-02-07_G42,10110027MONTEIROH,2026-02-07,117785,1,30,0,264.0
10110027MONTEIROH_2026-02-07_G43,10110027MONTEIROH,2026-02-07,110325,1,12,0,1255.0
10110027MONTEIROH_2026-02-07_G44,10110027MONTEIROH,2026-02-07,110325,1,20,0,397.0
10110027MONTEIROH_2026-02-09_G02,10110027MONTEIROH,2026-02-09,123561,1,8,0,325.0
10110027MONTEIROH_2026-02-09_G03,10110027MONTEIROH,2026-02-09,123561,1,8,0,359.0
10110027MONTEIROH_2026-02-09_G04,10110027MONTEIROH,2026-02-09,123561,1,8,0,213.0
10110027MONTEIROH_2026-02-09_G05,10110027MONTEIROH,2026-02-09,123561,1,10,0,367.0
10110027MONTEIROH_2026-02-09_G06,10110027MONTEIROH,2026-02-09,120271,1,4,0,244.0
10110027MONTEIROH_2026-02-09_G07,10110027MONTEIROH,2026-02-09,120271,1,4,0,292.0
10110027MONTEIROH_2026-02-09_G08,10110027MONTEIROH,2026-02-09,141457,1,2,0,955.0
10110027MONTEIROH_2026-02-09_G09,10110027MONTEIROH,2026-02-09,110376,1,18,0,293.0
10110027MONTEIROH_2026-02-09_G10,10110027MONTEIROH,2026-02-09,117833,1,10,0,582.0
10110027MONTEIROH_2026-02-09_G11,10110027MONTEIROH,2026-02-09,108711,1,8,0,211.0
10110027MONTEIROH_2026-02-09_G12,10110027MONTEIROH,2026-02-09,111172,1,8,0,272.0
10110027MONTEIROH_2026-02-09_G13,10110027MONTEIROH,2026-02-09,118140,1,6,0,2987.0
10110027MONTEIROH_2026-02-09_G14,10110027MONTEIROH,2026-02-09,140923,1,6,0,197.0
10110027MONTEIROH_2026-02-09_G15,10110027MONTEIROH,2026-02-09,111530,1,12,0,181.0
10110027MONTEIROH_2026-02-09_G16,10110027MONTEIROH,2026-02-09,141166,1,3,0,134.0
10110027MONTEIROH_2026-02-09_G17,10110027MONTEIROH,2026-02-09,110755,1,2,0,147.0
10110027MONTEIROH_2026-02-09_G18,10110027MONTEIROH,2026-02-09,110895,1,4,0,100.0
10110027MONTEIROH_2026-02-09_G19,10110027MONTEIROH,2026-02-09,117785,1,2,0,409.0
10110027MONTEIROH_2026-02-09_G20,10110027MONTEIROH,2026-02-09,105705,1,20,0,231.0
10110027MONTEIROH_2026-02-09_G21,10110027MONTEIROH,2026-02-09,110747,1,22,0,278.0
10110027MONTEIROH_2026-02-09_G22,10110027MONTEIROH,2026-02-09,117831,1,50,0,439.0
10110027MONTEIROH_2026-02-09_G23,10110027MONTEIROH,2026-02-09,111466,1,52,0,537.0
10110027MONTEIROH_2026-02-09_G24,10110027MONTEIROH,2026-02-09,111463,1,42,0,1433.0
10110027MONTEIROH_2026-02-09_G25,10110027MONTEIROH,2026-02-09,108798,1,5,0,858.0
10110027MONTEIROH_2026-02-09_G26,10110027MONTEIROH,2026-02-09,141746,1,1,0,177.0
10110027MONTEIROH_2026-02-09_G27,10110027MONTEIROH,2026-02-09,110582,1,4,0,108.0
10110027MONTEIROH_2026-02-09_G28,10110027MONTEIROH,2026-02-09,110374,1,6,0,199.0
10110027MONTEIROH_2026-02-09_G29,10110027MONTEIROH,2026-02-09,117830,1,8,0,333.0
10110027MONTEIROH_2026-02-09_G30,10110027MONTEIROH,2026-02-09,108795,1,12,0,288.0
10110027MONTEIROH_2026-02-09_G31,10110027MONTEIROH,2026-02-09,118140,1,6,0,167.0
10110027MONTEIROH_2026-02-09_G32,10110027MONTEIROH,2026-02-09,111468,1,6,0,449.0
10110027MONTEIROH_2026-02-09_G33,10110027MONTEIROH,2026-02-09,117787,1,8,0,166.0
10110027MONTEIROH_2026-02-09_G34,10110027MONTEIROH,2026-02-09,117838,1,2,0,253.0
10110027MONTEIROH_2026-02-09_G35,10110027MONTEIROH,2026-02-09,111466,1,20,0,276.0
10110027MONTEIROH_2026-02-09_G36,10110027MONTEIROH,2026-02-09,110756,1,4,0,137.0
10110027MONTEIROH_2026-02-09_G37,10110027MONTEIROH,2026-02-09,110339,1,5,0,111.0
10110027MONTEIROH_2026-02-09_G39,10110027MONTEIROH,2026-02-09,110711,1,10,0,160.0
10110027MONTEIROH_2026-02-09_G40,10110027MONTEIROH,2026-02-09,118094,1,6,0,255.0
10110027MONTEIROH_2026-02-09_G41,10110027MONTEIROH,2026-02-09,111530,1,5,0,118.0
10110027MONTEIROH_2026-02-09_G42,10110027MONTEIROH,2026-02-09,141047,1,2,0,91.0
10110027MONTEIROH_2026-02-09_G43,10110027MONTEIROH,2026-02-09,110339,1,4,0,187.0
10110027MONTEIROH_2026-02-09_G44,10110027MONTEIROH,2026-02-09,141166,1,8,0,202.0
10110027MONTEIROH_2026-02-09_G45,10110027MONTEIROH,2026-02-09,111602,1,45,0,557.0
10110027MONTEIROH_2026-02-09_G46,10110027MONTEIROH,2026-02-09,140923,1,8,0,645.0
10110027MONTEIROH_2026-02-09_G47,10110027MONTEIROH,2026-02-09,117856,1,2,0,83.0
10110027MONTEIROH_2026-02-09_G48,10110027MONTEIROH,2026-02-09,110339,1,2,0,85.0
10110027MONTEIROH_2026-02-09_G49,10110027MONTEIROH,2026-02-09,110741,1,4,0,282.0
10110027MONTEIROH_2026-02-09_G50,10110027MONTEIROH,2026-02-09,141066,1,18,0,1600.0
10110027MONTEIROH_2026-02-09_G51,10110027MONTEIROH,2026-02-09,110733,1,17,0,1165.0
10110027MONTEIROH_2026-02-09_G52,10110027MONTEIROH,2026-02-09,108772,1,4,0,905.0
10110027MONTEIROH_2026-02-10_G02,10110027MONTEIROH,2026-02-10,115821,1,5,0,275.0
10110027MONTEIROH_2026-02-10_G03,10110027MONTEIROH,2026-02-10,110755,1,12,0,119.0
10110027MONTEIROH_2026-02-10_G04,10110027MONTEIROH,2026-02-10,118253,1,10,0,236.0
10110027MONTEIROH_2026-02-10_G05,10110027MONTEIROH,2026-02-10,111438,1,4,0,119.0
10110027MONTEIROH_2026-02-10_G06,10110027MONTEIROH,2026-02-10,111090,1,4,0,540.0
10110027MONTEIROH_2026-02-10_G07,10110027MONTEIROH,2026-02-10,118229,1,4,0,124.0
10110027MONTEIROH_2026-02-10_G08,10110027MONTEIROH,2026-02-10,142045,1,28,0,395.0
10110027MONTEIROH_2026-02-10_G09,10110027MONTEIROH,2026-02-10,111569,1,48,0,1079.0
10110027MONTEIROH_2026-02-10_G10,10110027MONTEIROH,2026-02-10,117808,1,3,0,911.0
10110027MONTEIROH_2026-02-10_G11,10110027MONTEIROH,2026-02-10,110374,1,4,0,112.0
10110027MONTEIROH_2026-02-10_G12,10110027MONTEIROH,2026-02-10,117809,1,2,0,68.0
10110027MONTEIROH_2026-02-10_G13,10110027MONTEIROH,2026-02-10,109648,1,2,0,56.0
10110027MONTEIROH_2026-02-10_G14,10110027MONTEIROH,2026-02-10,110371,1,2,0,57.0
10110027MONTEIROH_2026-02-10_G15,10110027MONTEIROH,2026-02-10,110325,1,4,0,97.0
10110027MONTEIROH_2026-02-10_G16,10110027MONTEIROH,2026-02-10,118299,1,8,0,140.0
10110027MONTEIROH_2026-02-10_G17,10110027MONTEIROH,2026-02-10,110372,1,21,0,284.0
10110027MONTEIROH_2026-02-10_G18,10110027MONTEIROH,2026-02-10,117832,1,2,0,229.0
10110027MONTEIROH_2026-02-10_G19,10110027MONTEIROH,2026-02-10,111462,1,2,0,111.0
10110027MONTEIROH_2026-02-10_G20,10110027MONTEIROH,2026-02-10,108795,1,2,0,79.0
10110027MONTEIROH_2026-02-10_G21,10110027MONTEIROH,2026-02-10,117821,1,4,0,78.0
10110027MONTEIROH_2026-02-10_G22,10110027MONTEIROH,2026-02-10,108711,1,2,0,42.0
10110027MONTEIROH_2026-02-10_G23,10110027MONTEIROH,2026-02-10,116241,1,2,0,135.0
10110027MONTEIROH_2026-02-10_G24,10110027MONTEIROH,2026-02-10,111469,1,2,0,32.0
10110027MONTEIROH_2026-02-10_G25,10110027MONTEIROH,2026-02-10,111466,1,4,0,109.0
10110027MONTEIROH_2026-02-10_G26,10110027MONTEIROH,2026-02-10,111172,1,4,0,61.0
10110027MONTEIROH_2026-02-10_G27,10110027MONTEIROH,2026-02-10,141271,1,6,0,1314.0
10110027MONTEIROH_2026-02-10_G28,10110027MONTEIROH,2026-02-10,118140,1,1,0,78.0
10110027MONTEIROH_2026-02-10_G29,10110027MONTEIROH,2026-02-10,111418,1,7,0,275.0
10110027MONTEIROH_2026-02-10_G30,10110027MONTEIROH,2026-02-10,117838,1,4,0,912.0
10110027MONTEIROH_2026-02-10_G31,10110027MONTEIROH,2026-02-10,117831,1,2,0,370.0
10110027MONTEIROH_2026-02-10_G32,10110027MONTEIROH,2026-02-10,108711,1,4,0,153.0
10110027MONTEIROH_2026-02-10_G33,10110027MONTEIROH,2026-02-10,111172,1,2,0,89.0
10110027MONTEIROH_2026-02-10_G34,10110027MONTEIROH,2026-02-10,109645,1,2,0,117.0
10110027MONTEIROH_2026-02-10_G35,10110027MONTEIROH,2026-02-10,109645,1,5,0,50.0
10110027MONTEIROH_2026-02-10_G36,10110027MONTEIROH,2026-02-10,111433,2,4,24,121.0
10110027MONTEIROH_2026-02-10_G37,10110027MONTEIROH,2026-02-10,111465,1,4,0,111.0
10110027MONTEIROH_2026-02-10_G38,10110027MONTEIROH,2026-02-10,111418,1,30,0,459.0
10110027MONTEIROH_2026-02-10_G39,10110027MONTEIROH,2026-02-10,141457,1,30,0,628.0
10110027MONTEIROH_2026-02-10_G40,10110027MONTEIROH,2026-02-10,110740,1,60,0,2225.0
10110027MONTEIROH_2026-02-10_G41,10110027MONTEIROH,2026-02-10,111466,1,281,0,834.0
10110027MONTEIROH_2026-02-10_G42,10110027MONTEIROH,2026-02-10,111465,1,28,0,271.0
10110027MONTEIROH_2026-02-10_G43,10110027MONTEIROH,2026-02-10,117833,1,69,0,1202.0
10110027MONTEIROH_2026-02-10_G44,10110027MONTEIROH,2026-02-10,107830,1,4,0,1546.0
10110027MONTEIROH_2026-02-10_G45,10110027MONTEIROH,2026-02-10,117808,1,1,0,76.0
10110027MONTEIROH_2026-02-10_G46,10110027MONTEIROH,2026-02-10,110372,1,5,0,173.0
10110027MONTEIROH_2026-02-10_G47,10110027MONTEIROH,2026-02-10,110375,1,2,0,93.0
10110027MONTEIROH_2026-02-10_G48,10110027MONTEIROH,2026-02-10,110332,1,2,0,110.0
10110027MONTEIROH_2026-02-10_G49,10110027MONTEIROH,2026-02-10,141823,1,4,0,112.0
10110027MONTEIROH_2026-02-10_G50,10110027MONTEIROH,2026-02-10,107236,1,1,0,243.0
10110027MONTEIROH_2026-02-10_G51,10110027MONTEIROH,2026-02-10,110711,1,3,0,265.0
10110027MONTEIROH_2026-02-10_G52,10110027MONTEIROH,2026-02-10,111602,1,11,0,405.0
10110027MONTEIROH_2026-02-10_G53,10110027MONTEIROH,2026-02-10,117856,1,4,0,73.0
10110027MONTEIROH_2026-02-10_G54,10110027MONTEIROH,2026-02-10,110339,1,4,0,106.0
10110027MONTEIROH_2026-02-10_G55,10110027MONTEIROH,2026-02-10,141066,1,1,0,87.0
10110027MONTEIROH_2026-02-10_G56,10110027MONTEIROH,2026-02-10,110895,1,4,0,415.0
10110027MONTEIROH_2026-02-10_G57,10110027MONTEIROH,2026-02-10,110747,1,4,0,139.0
10110027MONTEIROH_2026-02-10_G58,10110027MONTEIROH,2026-02-10,141997,1,1,0,596.0
10110027MONTEIROH_2026-02-10_G60,10110027MONTEIROH,2026-02-10,110374,1,1,0,36.0
10110027MONTEIROH_2026-02-10_G61,10110027MONTEIROH,2026-02-10,110325,1,5,0,149.0
10110027MONTEIROH_2026-02-10_G62,10110027MONTEIROH,2026-02-10,110372,1,15,0,778.0
10110027MONTEIROH_2026-02-10_G63,10110027MONTEIROH,2026-02-10,110373,1,6,0,122.0
10110027MONTEIROH_2026-02-10_G64,10110027MONTEIROH,2026-02-10,111462,1,2,0,159.0
10110027MONTEIROH_2026-02-10_G65,10110027MONTEIROH,2026-02-10,118140,1,4,0,154.0
10110027MONTEIROH_2026-02-10_G66,10110027MONTEIROH,2026-02-10,141823,1,4,0,79.0
10110027MONTEIROH_2026-02-10_G67,10110027MONTEIROH,2026-02-10,141456,1,6,0,92.0
10110027MONTEIROH_2026-02-10_G68,10110027MONTEIROH,2026-02-10,141457,1,2,0,41.0
10110027MONTEIROH_2026-02-11_G02,10110027MONTEIROH,2026-02-11,108794,1,4,0,1785.0
10110027MONTEIROH_2026-02-11_G03,10110027MONTEIROH,2026-02-11,109140,1,4,0,132.0
10110027MONTEIROH_2026-02-11_G04,10110027MONTEIROH,2026-02-11,117808,1,4,0,648.0
10110027MONTEIROH_2026-02-11_G05,10110027MONTEIROH,2026-02-11,110372,1,6,0,128.0
10110027MONTEIROH_2026-02-11_G06,10110027MONTEIROH,2026-02-11,117830,1,4,0,76.0
10110027MONTEIROH_2026-02-11_G07,10110027MONTEIROH,2026-02-11,141456,1,6,0,126.0
10110027MONTEIROH_2026-02-11_G08,10110027MONTEIROH,2026-02-11,141271,1,4,0,119.0
10110027MONTEIROH_2026-02-11_G09,10110027MONTEIROH,2026-02-11,117808,1,18,0,321.0
10110027MONTEIROH_2026-02-11_G10,10110027MONTEIROH,2026-02-11,141271,1,8,0,240.0
10110027MONTEIROH_2026-02-11_G11,10110027MONTEIROH,2026-02-11,141456,1,6,0,382.0
10110027MONTEIROH_2026-02-11_G12,10110027MONTEIROH,2026-02-11,110372,1,4,0,96.0
10110027MONTEIROH_2026-02-11_G13,10110027MONTEIROH,2026-02-11,117830,1,4,0,109.0
10110027MONTEIROH_2026-02-11_G14,10110027MONTEIROH,2026-02-11,110373,1,3,0,103.0
10110027MONTEIROH_2026-02-11_G15,10110027MONTEIROH,2026-02-11,141458,1,8,0,112.0
10110027MONTEIROH_2026-02-11_G16,10110027MONTEIROH,2026-02-11,110373,1,3,0,376.0
10110027MONTEIROH_2026-02-11_G17,10110027MONTEIROH,2026-02-11,141456,1,5,0,129.0
10110027MONTEIROH_2026-02-11_G18,10110027MONTEIROH,2026-02-11,118299,1,2,0,111.0
10110027MONTEIROH_2026-02-11_G19,10110027MONTEIROH,2026-02-11,141271,1,6,0,175.0
10110027MONTEIROH_2026-02-11_G20,10110027MONTEIROH,2026-02-11,105705,1,2,0,53.0
10110027MONTEIROH_2026-02-11_G21,10110027MONTEIROH,2026-02-11,141823,1,4,0,79.0
10110027MONTEIROH_2026-02-11_G22,10110027MONTEIROH,2026-02-11,141456,1,4,0,107.0
10110027MONTEIROH_2026-02-11_G23,10110027MONTEIROH,2026-02-11,111602,1,5,0,167.0
10110027MONTEIROH_2026-02-11_G24,10110027MONTEIROH,2026-02-11,141318,1,4,0,118.0
10110027MONTEIROH_2026-02-11_G25,10110027MONTEIROH,2026-02-11,118317,1,4,0,717.0
10110027MONTEIROH_2026-02-11_G26,10110027MONTEIROH,2026-02-11,117809,1,2,0,428.0
10110027MONTEIROH_2026-02-11_G27,10110027MONTEIROH,2026-02-11,117808,1,8,0,189.0
10110027MONTEIROH_2026-02-11_G28,10110027MONTEIROH,2026-02-11,117820,2,16,30,115.0
10110027MONTEIROH_2026-02-11_G29,10110027MONTEIROH,2026-02-11,118299,1,6,0,243.0
10110027MONTEIROH_2026-02-11_G30,10110027MONTEIROH,2026-02-11,117832,1,4,0,275.0
10110027MONTEIROH_2026-02-11_G31,10110027MONTEIROH,2026-02-11,117830,1,4,0,81.0
10110027MONTEIROH_2026-02-11_G32,10110027MONTEIROH,2026-02-11,110373,1,2,0,97.0
10110027MONTEIROH_2026-02-11_G33,10110027MONTEIROH,2026-02-11,140923,1,4,0,1152.0
10110027MONTEIROH_2026-02-11_G35,10110027MONTEIROH,2026-02-11,110371,1,15,0,440.0
10110027MONTEIROH_2026-02-12_G02,10110027MONTEIROH,2026-02-12,141456,1,8,0,103.0
10110027MONTEIROH_2026-02-12_G03,10110027MONTEIROH,2026-02-12,160055,1,2,0,112.0
10110027MONTEIROH_2026-02-12_G04,10110027MONTEIROH,2026-02-12,117861,1,2,0,2105.0
10110027MONTEIROH_2026-02-12_G05,10110027MONTEIROH,2026-02-12,110373,1,41,0,381.0
10110027MONTEIROH_2026-02-13_G02,10110027MONTEIROH,2026-02-13,124475,1,50,0,2567.0
10110027MONTEIROH_2026-02-13_G03,10110027MONTEIROH,2026-02-13,123562,1,4,0,434.0
10110027MONTEIROH_2026-02-13_G04,10110027MONTEIROH,2026-02-13,124594,1,12,0,989.0
10110027MONTEIROH_2026-02-13_G05,10110027MONTEIROH,2026-02-13,124476,1,2,0,110.0
10110027MONTEIROH_2026-02-13_G06,10110027MONTEIROH,2026-02-13,121760,1,10,0,391.0
10110027MONTEIROH_2026-02-13_G07,10110027MONTEIROH,2026-02-13,124248,1,8,0,207.0
10110027MONTEIROH_2026-02-13_G08,10110027MONTEIROH,2026-02-13,124475,1,4,0,259.0
10110027MONTEIROH_2026-02-13_G09,10110027MONTEIROH,2026-02-13,122984,1,12,0,707.0
10110027MONTEIROH_2026-02-14_G02,10110027MONTEIROH,2026-02-14,118418,1,11,0,695.0
10110027MONTEIROH_2026-02-14_G03,10110027MONTEIROH,2026-02-14,110500,1,1,0,103.0
10110027MONTEIROH_2026-02-14_G04,10110027MONTEIROH,2026-02-14,111441,1,9,0,334.0
10110027MONTEIROH_2026-02-14_G05,10110027MONTEIROH,2026-02-14,110841,1,1,0,80.0
10110027MONTEIROH_2026-02-14_G06,10110027MONTEIROH,2026-02-14,142045,1,57,0,672.0
10110027MONTEIROH_2026-02-14_G07,10110027MONTEIROH,2026-02-14,110895,1,25,0,688.0
10110027MONTEIROH_2026-02-14_G08,10110027MONTEIROH,2026-02-14,111851,1,2,0,241.0
10110027MONTEIROH_2026-02-14_G09,10110027MONTEIROH,2026-02-14,110582,1,8,0,134.0
10110027MONTEIROH_2026-02-14_G10,10110027MONTEIROH,2026-02-14,111705,1,2,0,124.0
10110027MONTEIROH_2026-02-14_G11,10110027MONTEIROH,2026-02-14,110747,1,12,0,479.0
10110027MONTEIROH_2026-02-14_G12,10110027MONTEIROH,2026-02-14,141318,1,20,0,192.0
10110027MONTEIROH_2026-02-14_G13,10110027MONTEIROH,2026-02-14,141352,1,40,0,542.0
10110027MONTEIROH_2026-02-14_G14,10110027MONTEIROH,2026-02-14,110750,1,2,0,223.0
10110027MONTEIROH_2026-02-14_G15,10110027MONTEIROH,2026-02-14,111876,1,6,0,95.0
10110027MONTEIROH_2026-02-14_G16,10110027MONTEIROH,2026-02-14,118299,1,200,0,1115.0
10110027MONTEIROH_2026-02-14_G17,10110027MONTEIROH,2026-02-14,117820,1,100,0,332.0
10110027MONTEIROH_2026-02-14_G18,10110027MONTEIROH,2026-02-14,117808,2,200,21,709.0
10110027MONTEIROH_2026-02-14_G19,10110027MONTEIROH,2026-02-14,110372,1,150,0,724.0
10110027MONTEIROH_2026-02-14_G20,10110027MONTEIROH,2026-02-14,117830,1,50,0,520.0
10110027MONTEIROH_2026-02-14_G21,10110027MONTEIROH,2026-02-14,140923,1,7,0,1431.0
10110027MONTEIROH_2026-02-14_G22,10110027MONTEIROH,2026-02-14,117862,1,6,0,88.0
10110027MONTEIROH_2026-02-14_G23,10110027MONTEIROH,2026-02-14,109647,1,10,0,347.0
10110027MONTEIROH_2026-02-14_G24,10110027MONTEIROH,2026-02-14,110325,1,10,0,171.0
10110027MONTEIROH_2026-02-14_G25,10110027MONTEIROH,2026-02-14,117832,1,10,0,189.0
10110027MONTEIROH_2026-02-14_G26,10110027MONTEIROH,2026-02-14,117830,1,20,0,422.0
10110027MONTEIROH_2026-02-14_G27,10110027MONTEIROH,2026-02-14,111348,1,5,0,989.0
10110027MONTEIROH_2026-02-14_G28,10110027MONTEIROH,2026-02-14,110751,1,4,0,89.0
10110027MONTEIROH_2026-02-14_G29,10110027MONTEIROH,2026-02-14,109645,1,3,0,192.0
10110027MONTEIROH_2026-02-14_G30,10110027MONTEIROH,2026-02-14,111465,1,10,0,107.0
10110027MONTEIROH_2026-02-14_G31,10110027MONTEIROH,2026-02-14,111418,1,16,0,291.0
10110027MONTEIROH_2026-02-14_G32,10110027MONTEIROH,2026-02-14,141457,1,12,0,892.0
10110027MONTEIROH_2026-02-14_G33,10110027MONTEIROH,2026-02-14,117785,1,9,0,59.0
10110027MONTEIROH_2026-02-14_G35,10110027MONTEIROH,2026-02-14,111430,1,2,0,86.0
10110027MONTEIROH_2026-02-14_G36,10110027MONTEIROH,2026-02-14,111438,1,2,0,134.0
10110027MONTEIROH_2026-02-14_G37,10110027MONTEIROH,2026-02-14,110747,1,4,0,67.0
10110027MONTEIROH_2026-02-14_G38,10110027MONTEIROH,2026-02-14,118317,1,5,0,308.0
10110027MONTEIROH_2026-02-14_G39,10110027MONTEIROH,2026-02-14,141823,1,4,0,116.0
10110027MONTEIROH_2026-02-14_G40,10110027MONTEIROH,2026-02-14,141823,1,2,0,31.0
10110027MONTEIROH_2026-02-14_G41,10110027MONTEIROH,2026-02-14,111433,1,2,0,81.0
10110027MONTEIROH_2026-02-14_G42,10110027MONTEIROH,2026-02-14,111465,1,2,0,124.0
10110027MONTEIROH_2026-02-14_G43,10110027MONTEIROH,2026-02-14,117785,1,24,0,241.0
10110027MONTEIROH_2026-02-14_G44,10110027MONTEIROH,2026-02-14,111463,1,24,0,961.0
10110027MONTEIROH_2026-02-16_G02,10110027MONTEIROH,2026-02-16,111467,1,4,0,833.0
10110027MONTEIROH_2026-02-16_G03,10110027MONTEIROH,2026-02-16,117861,1,4,0,116.0
10110027MONTEIROH_2026-02-16_G04,10110027MONTEIROH,2026-02-16,111530,1,4,0,114.0
10110027MONTEIROH_2026-02-16_G05,10110027MONTEIROH,2026-02-16,117856,1,2,0,156.0
10110027MONTEIROH_2026-02-16_G06,10110027MONTEIROH,2026-02-16,142093,1,12,0,142.0
10110027MONTEIROH_2026-02-16_G07,10110027MONTEIROH,2026-02-16,117821,1,2,0,489.0
10110027MONTEIROH_2026-02-16_G08,10110027MONTEIROH,2026-02-16,110374,1,4,0,83.0
10110027MONTEIROH_2026-02-16_G09,10110027MONTEIROH,2026-02-16,117820,1,8,0,80.0
10110027MONTEIROH_2026-02-16_G10,10110027MONTEIROH,2026-02-16,117822,1,4,0,95.0
10110027MONTEIROH_2026-02-16_G11,10110027MONTEIROH,2026-02-16,141271,1,4,0,119.0
10110027MONTEIROH_2026-02-16_G12,10110027MONTEIROH,2026-02-16,110372,1,12,0,198.0
10110027MONTEIROH_2026-02-16_G13,10110027MONTEIROH,2026-02-16,117830,1,4,0,105.0
10110027MONTEIROH_2026-02-16_G14,10110027MONTEIROH,2026-02-16,117808,1,12,0,389.0
10110027MONTEIROH_2026-02-16_G15,10110027MONTEIROH,2026-02-16,140923,1,3,0,113.0
10110027MONTEIROH_2026-02-16_G16,10110027MONTEIROH,2026-02-16,117808,1,24,0,211.0
10110027MONTEIROH_2026-02-16_G17,10110027MONTEIROH,2026-02-16,111442,1,3,0,76.0
10110027MONTEIROH_2026-02-16_G18,10110027MONTEIROH,2026-02-16,111348,1,1,0,916.0
10110027MONTEIROH_2026-02-16_G19,10110027MONTEIROH,2026-02-16,110787,1,2,0,686.0
10110027MONTEIROH_2026-02-16_G20,10110027MONTEIROH,2026-02-16,110787,1,12,0,106.0
10110027MONTEIROH_2026-02-16_G21,10110027MONTEIROH,2026-02-16,110373,1,2,0,261.0
10110027MONTEIROH_2026-02-16_G22,10110027MONTEIROH,2026-02-16,110787,1,2,0,171.0
10110027MONTEIROH_2026-02-16_G23,10110027MONTEIROH,2026-02-16,160055,1,3,0,1045.0
10110027MONTEIROH_2026-02-16_G24,10110027MONTEIROH,2026-02-16,118306,1,10,0,239.0
10110027MONTEIROH_2026-02-16_G25,10110027MONTEIROH,2026-02-16,117785,1,10,0,1895.0
10110027MONTEIROH_2026-02-16_G26,10110027MONTEIROH,2026-02-16,109641,1,8,0,112.0
10110027MONTEIROH_2026-02-16_G27,10110027MONTEIROH,2026-02-16,111743,1,6,0,101.0
10110027MONTEIROH_2026-02-16_G28,10110027MONTEIROH,2026-02-16,110787,1,6,0,90.0
10110027MONTEIROH_2026-02-16_G29,10110027MONTEIROH,2026-02-16,107236,1,4,0,110.0
10110027MONTEIROH_2026-02-16_G30,10110027MONTEIROH,2026-02-16,117831,1,8,0,238.0
10110027MONTEIROH_2026-02-16_G31,10110027MONTEIROH,2026-02-16,109645,1,5,0,116.0
10110027MONTEIROH_2026-02-16_G32,10110027MONTEIROH,2026-02-16,124486,1,4,0,1631.0
10110027MONTEIROH_2026-02-16_G33,10110027MONTEIROH,2026-02-16,122962,1,42,0,480.0
10110027MONTEIROH_2026-02-16_G34,10110027MONTEIROH,2026-02-16,121651,1,6,0,207.0
10110027MONTEIROH_2026-02-16_G35,10110027MONTEIROH,2026-02-16,124486,1,10,0,310.0
10110027MONTEIROH_2026-02-16_G36,10110027MONTEIROH,2026-02-16,123909,1,10,0,573.0
10110027MONTEIROH_2026-02-16_G37,10110027MONTEIROH,2026-02-16,120389,1,12,0,480.0
10110027MONTEIROH_2026-02-16_G38,10110027MONTEIROH,2026-02-16,123345,1,4,0,217.0
10110027MONTEIROH_2026-02-16_G39,10110027MONTEIROH,2026-02-16,121760,1,2,0,308.0
10110027MONTEIROH_2026-02-16_G40,10110027MONTEIROH,2026-02-16,123313,1,4,0,145.0
10110027MONTEIROH_2026-02-16_G41,10110027MONTEIROH,2026-02-16,124371,1,2,0,155.0
10110027MONTEIROH_2026-02-16_G42,10110027MONTEIROH,2026-02-16,123344,1,4,0,278.0
10110027MONTEIROH_2026-02-16_G43,10110027MONTEIROH,2026-02-16,122703,1,4,0,232.0
10110027MONTEIROH_2026-02-16_G44,10110027MONTEIROH,2026-02-16,123345,1,2,0,178.0
10110027MONTEIROH_2026-02-16_G45,10110027MONTEIROH,2026-02-16,124486,1,8,0,285.0
10110027MONTEIROH_2026-02-16_G46,10110027MONTEIROH,2026-02-16,124486,1,13,0,536.0
10110027MONTEIROH_2026-02-16_G47,10110027MONTEIROH,2026-02-16,124486,1,14,0,582.0
10110027MONTEIROH_2026-02-16_G48,10110027MONTEIROH,2026-02-16,124486,1,7,0,165.0
10110027MONTEIROH_2026-02-16_G49,10110027MONTEIROH,2026-02-16,124371,1,10,0,394.0
10110027MONTEIROH_2026-02-16_G51,10110027MONTEIROH,2026-02-16,124248,1,1,0,201.0
10110027MONTEIROH_2026-02-16_G52,10110027MONTEIROH,2026-02-16,121760,1,3,0,683.0
10110027MONTEIROH_2026-02-16_G53,10110027MONTEIROH,2026-02-16,123343,1,4,0,247.0
10110027MONTEIROH_2026-02-16_G54,10110027MONTEIROH,2026-02-16,123345,2,44,22,511.0
10110027MONTEIROH_2026-02-16_G55,10110027MONTEIROH,2026-02-16,123345,1,100,0,1607.0
10110027MONTEIROH_2026-02-16_G56,10110027MONTEIROH,2026-02-16,124624,1,150,0,1665.0
10110027MONTEIROH_2026-02-17_G02,10110027MONTEIROH,2026-02-17,111602,1,4,0,137.0
10110027MONTEIROH_2026-02-17_G03,10110027MONTEIROH,2026-02-17,117820,1,4,0,473.0
10110027MONTEIROH_2026-02-17_G04,10110027MONTEIROH,2026-02-17,111466,1,13,0,277.0
10110027MONTEIROH_2026-02-17_G05,10110027MONTEIROH,2026-02-17,111466,1,10,0,108.0
10110027MONTEIROH_2026-02-17_G06,10110027MONTEIROH,2026-02-17,110787,1,19,0,247.0
10110027MONTEIROH_2026-02-17_G07,10110027MONTEIROH,2026-02-17,118317,1,4,0,77.0
10110027MONTEIROH_2026-02-17_G08,10110027MONTEIROH,2026-02-17,141458,1,2,0,519.0
10110027MONTEIROH_2026-02-17_G09,10110027MONTEIROH,2026-02-17,141458,1,4,0,130.0
10110027MONTEIROH_2026-02-17_G10,10110027MONTEIROH,2026-02-17,108772,1,2,0,222.0
10110027MONTEIROH_2026-02-17_G11,10110027MONTEIROH,2026-02-17,110711,1,1,0,313.0
10110027MONTEIROH_2026-02-17_G12,10110027MONTEIROH,2026-02-17,111602,1,9,0,164.0
10110027MONTEIROH_2026-02-17_G13,10110027MONTEIROH,2026-02-17,111655,1,6,0,284.0
10110027MONTEIROH_2026-02-17_G14,10110027MONTEIROH,2026-02-17,160057,1,4,0,121.0
10110027MONTEIROH_2026-02-17_G15,10110027MONTEIROH,2026-02-17,160057,1,6,0,108.0
10110027MONTEIROH_2026-02-17_G16,10110027MONTEIROH,2026-02-17,111530,1,33,0,981.0
10110027MONTEIROH_2026-02-17_G17,10110027MONTEIROH,2026-02-17,141458,1,10,0,245.0
10110027MONTEIROH_2026-02-17_G18,10110027MONTEIROH,2026-02-17,111602,1,6,0,132.0
10110027MONTEIROH_2026-02-17_G19,10110027MONTEIROH,2026-02-17,111530,1,8,0,171.0
10110027MONTEIROH_2026-02-17_G20,10110027MONTEIROH,2026-02-17,141458,1,4,0,297.0
10110027MONTEIROH_2026-02-17_G21,10110027MONTEIROH,2026-02-17,110373,1,6,0,174.0
10110027MONTEIROH_2026-02-17_G22,10110027MONTEIROH,2026-02-17,110374,1,7,0,184.0
10110027MONTEIROH_2026-02-17_G23,10110027MONTEIROH,2026-02-17,110787,1,3,0,100.0
10110027MONTEIROH_2026-02-17_G24,10110027MONTEIROH,2026-02-17,141166,1,2,0,109.0
10110027MONTEIROH_2026-02-17_G25,10110027MONTEIROH,2026-02-17,111438,1,4,0,130.0
10110027MONTEIROH_2026-02-17_G26,10110027MONTEIROH,2026-02-17,118306,1,4,0,164.0
10110027MONTEIROH_2026-02-17_G27,10110027MONTEIROH,2026-02-17,110374,1,20,0,351.0
10110027MONTEIROH_2026-02-17_G28,10110027MONTEIROH,2026-02-17,110374,1,8,0,1769.0
10110027MONTEIROH_2026-02-17_G29,10110027MONTEIROH,2026-02-17,117808,1,8,0,148.0
10110027MONTEIROH_2026-02-17_G30,10110027MONTEIROH,2026-02-17,109641,1,2,0,100.0
10110027MONTEIROH_2026-02-17_G31,10110027MONTEIROH,2026-02-17,108711,1,1,0,93.0
10110027MONTEIROH_2026-02-17_G32,10110027MONTEIROH,2026-02-17,111467,1,4,0,121.0
10110027MONTEIROH_2026-02-17_G33,10110027MONTEIROH,2026-02-17,140923,1,4,0,108.0
10110027MONTEIROH_2026-02-17_G34,10110027MONTEIROH,2026-02-17,110787,1,6,0,168.0
10110027MONTEIROH_2026-02-17_G35,10110027MONTEIROH,2026-02-17,117841,1,4,0,97.0
10110027MONTEIROH_2026-02-17_G36,10110027MONTEIROH,2026-02-17,111172,1,2,0,51.0
10110027MONTEIROH_2026-02-17_G37,10110027MONTEIROH,2026-02-17,110325,1,4,0,70.0
10110027MONTEIROH_2026-02-17_G38,10110027MONTEIROH,2026-02-17,118251,1,4,0,162.0
10110027MONTEIROH_2026-02-17_G39,10110027MONTEIROH,2026-02-17,110373,1,6,0,140.0
10110027MONTEIROH_2026-02-17_G40,10110027MONTEIROH,2026-02-17,110372,1,4,0,97.0
10110027MONTEIROH_2026-02-17_G41,10110027MONTEIROH,2026-02-17,117832,1,4,0,145.0
10110027MONTEIROH_2026-02-17_G42,10110027MONTEIROH,2026-02-17,142093,1,4,0,420.0
10110027MONTEIROH_2026-02-17_G43,10110027MONTEIROH,2026-02-17,110374,1,4,0,296.0
10110027MONTEIROH_2026-02-17_G44,10110027MONTEIROH,2026-02-17,111530,1,4,0,106.0
10110027MONTEIROH_2026-02-17_G45,10110027MONTEIROH,2026-02-17,111466,1,4,0,102.0
10110027MONTEIROH_2026-02-17_G46,10110027MONTEIROH,2026-02-17,111442,1,20,0,375.0
10110027MONTEIROH_2026-02-17_G47,10110027MONTEIROH,2026-02-17,110374,1,2,0,316.0
10110027MONTEIROH_2026-02-17_G48,10110027MONTEIROH,2026-02-17,118140,1,8,0,41.0
10110027MONTEIROH_2026-02-17_G49,10110027MONTEIROH,2026-02-17,110787,1,10,0,189.0
10110027MONTEIROH_2026-02-17_G50,10110027MONTEIROH,2026-02-17,111530,1,4,0,62.0
10110027MONTEIROH_2026-02-17_G51,10110027MONTEIROH,2026-02-17,111438,1,4,0,267.0
10110027MONTEIROH_2026-02-17_G52,10110027MONTEIROH,2026-02-17,110895,1,6,0,304.0
10110027MONTEIROH_2026-02-17_G53,10110027MONTEIROH,2026-02-17,111530,1,3,0,167.0
10110027MONTEIROH_2026-02-17_G54,10110027MONTEIROH,2026-02-17,110374,1,12,0,1615.0
10110027MONTEIROH_2026-02-17_G55,10110027MONTEIROH,2026-02-17,118299,1,21,0,133.0
10110027MONTEIROH_2026-02-17_G56,10110027MONTEIROH,2026-02-17,110371,1,6,0,50.0
10110027MONTEIROH_2026-02-17_G57,10110027MONTEIROH,2026-02-17,110373,1,6,0,118.0
10110027MONTEIROH_2026-02-17_G58,10110027MONTEIROH,2026-02-17,110372,1,18,0,111.0
10110027MONTEIROH_2026-02-17_G60,10110027MONTEIROH,2026-02-17,141458,1,1,0,1093.0
10110027MONTEIROH_2026-02-17_G61,10110027MONTEIROH,2026-02-17,110374,1,4,0,159.0
10110027MONTEIROH_2026-02-17_G62,10110027MONTEIROH,2026-02-17,110373,1,4,0,113.0
10110027MONTEIROH_2026-02-17_G63,10110027MONTEIROH,2026-02-17,111468,1,2,0,238.0
10110027MONTEIROH_2026-02-17_G64,10110027MONTEIROH,2026-02-17,111443,1,5,0,212.0
10110027MONTEIROH_2026-02-17_G65,10110027MONTEIROH,2026-02-17,141262,1,16,0,375.0
10110027MONTEIROH_2026-02-17_G66,10110027MONTEIROH,2026-02-17,111634,1,6,0,147.0
10110027MONTEIROH_2026-02-17_G67,10110027MONTEIROH,2026-02-17,118191,1,10,0,336.0
10110027MONTEIROH_2026-02-17_G68,10110027MONTEIROH,2026-02-17,141155,1,4,0,300.0
10110027MONTEIROH_2026-02-17_G69,10110027MONTEIROH,2026-02-17,111759,1,8,0,172.0
10110027MONTEIROH_2026-02-17_G70,10110027MONTEIROH,2026-02-17,111468,1,4,0,434.0
10110027MONTEIROH_2026-02-17_G71,10110027MONTEIROH,2026-02-17,111751,1,8,0,287.0
10110027MONTEIROH_2026-02-17_G72,10110027MONTEIROH,2026-02-17,141262,1,28,0,599.0
10110027MONTEIROH_2026-02-17_G73,10110027MONTEIROH,2026-02-17,141155,1,4,0,577.0
10110027MONTEIROH_2026-02-17_G74,10110027MONTEIROH,2026-02-17,141262,1,20,0,455.0
10110027MONTEIROH_2026-02-17_G75,10110027MONTEIROH,2026-02-17,118191,1,12,0,228.0
10110027MONTEIROH_2026-02-17_G76,10110027MONTEIROH,2026-02-17,141141,1,6,0,295.0
10110027MONTEIROH_2026-02-17_G77,10110027MONTEIROH,2026-02-17,110373,1,10,0,256.0
10110027MONTEIROH_2026-02-17_G78,10110027MONTEIROH,2026-02-17,111468,1,2,0,117.0
10110027MONTEIROH_2026-02-17_G79,10110027MONTEIROH,2026-02-17,111468,1,4,0,31.0
10110027MONTEIROH_2026-02-17_G80,10110027MONTEIROH,2026-02-17,141458,1,9,0,154.0
10110027MONTEIROH_2026-02-17_G81,10110027MONTEIROH,2026-02-17,111468,1,4,0,177.0
10110027MONTEIROH_2026-02-18_G02,10110027MONTEIROH,2026-02-18,111602,1,4,0,674.0
10110027MONTEIROH_2026-02-18_G03,10110027MONTEIROH,2026-02-18,110325,1,4,0,353.0
10110027MONTEIROH_2026-02-18_G04,10110027MONTEIROH,2026-02-18,140922,1,1,0,81.0
10110027MONTEIROH_2026-02-18_G05,10110027MONTEIROH,2026-02-18,108770,1,1,0,138.0
10110027MONTEIROH_2026-02-18_G06,10110027MONTEIROH,2026-02-18,111602,1,34,0,414.0
10110027MONTEIROH_2026-02-18_G07,10110027MONTEIROH,2026-02-18,141458,1,13,0,477.0
10110027MONTEIROH_2026-02-18_G08,10110027MONTEIROH,2026-02-18,111532,1,4,0,238.0
10110027MONTEIROH_2026-02-18_G09,10110027MONTEIROH,2026-02-18,141456,1,4,0,138.0
10110027MONTEIROH_2026-02-18_G10,10110027MONTEIROH,2026-02-18,141458,1,1,0,52.0
10110027MONTEIROH_2026-02-18_G11,10110027MONTEIROH,2026-02-18,111602,1,44,0,696.0
10110027MONTEIROH_2026-02-18_G12,10110027MONTEIROH,2026-02-18,111530,1,10,0,425.0
10110027MONTEIROH_2026-02-18_G13,10110027MONTEIROH,2026-02-18,117861,1,146,0,2506.0
10110027MONTEIROH_2026-02-18_G14,10110027MONTEIROH,2026-02-18,117821,1,115,0,610.0
10110027MONTEIROH_2026-02-18_G15,10110027MONTEIROH,2026-02-18,111463,1,105,0,1146.0
10110027MONTEIROH_2026-02-18_G16,10110027MONTEIROH,2026-02-18,110376,1,74,0,487.0
10110027MONTEIROH_2026-02-18_G17,10110027MONTEIROH,2026-02-18,117831,1,462,0,2230.0
10110027MONTEIROH_2026-02-18_G18,10110027MONTEIROH,2026-02-18,117786,1,105,0,465.0
10110027MONTEIROH_2026-02-18_G19,10110027MONTEIROH,2026-02-18,111743,1,4,0,1665.0
10110027MONTEIROH_2026-02-18_G20,10110027MONTEIROH,2026-02-18,111418,1,2,0,86.0
10110027MONTEIROH_2026-02-18_G21,10110027MONTEIROH,2026-02-18,111466,1,197,0,476.0
10110027MONTEIROH_2026-02-19_G02,10110027MONTEIROH,2026-02-19,111462,1,1,0,106.0
10110027MONTEIROH_2026-02-19_G03,10110027MONTEIROH,2026-02-19,111439,1,8,0,178.0
10110027MONTEIROH_2026-02-19_G04,10110027MONTEIROH,2026-02-19,111530,1,8,0,100.0
10110027MONTEIROH_2026-02-19_G05,10110027MONTEIROH,2026-02-19,110339,1,2,0,148.0
10110027MONTEIROH_2026-02-19_G06,10110027MONTEIROH,2026-02-19,111430,1,2,0,132.0
10110027MONTEIROH_2026-02-19_G07,10110027MONTEIROH,2026-02-19,110755,1,4,0,179.0
10110027MONTEIROH_2026-02-19_G08,10110027MONTEIROH,2026-02-19,109640,1,33,0,956.0
10110027MONTEIROH_2026-02-19_G09,10110027MONTEIROH,2026-02-19,109640,1,16,0,529.0
10110027MONTEIROH_2026-02-19_G10,10110027MONTEIROH,2026-02-19,111462,1,15,0,185.0
10110027MONTEIROH_2026-02-19_G11,10110027MONTEIROH,2026-02-19,111469,1,9,0,456.0
10110027MONTEIROH_2026-02-19_G12,10110027MONTEIROH,2026-02-19,140922,1,4,0,383.0
10110027MONTEIROH_2026-02-19_G13,10110027MONTEIROH,2026-02-19,109640,1,20,0,523.0
10110027MONTEIROH_2026-02-19_G14,10110027MONTEIROH,2026-02-19,118299,1,8,0,390.0
10110027MONTEIROH_2026-02-19_G15,10110027MONTEIROH,2026-02-19,110371,1,5,0,63.0
10110027MONTEIROH_2026-02-19_G16,10110027MONTEIROH,2026-02-19,117820,1,7,0,214.0
10110027MONTEIROH_2026-02-19_G17,10110027MONTEIROH,2026-02-19,117832,1,2,0,127.0
10110027MONTEIROH_2026-02-19_G18,10110027MONTEIROH,2026-02-19,117830,1,4,0,80.0
10110027MONTEIROH_2026-02-19_G19,10110027MONTEIROH,2026-02-19,111743,1,2,0,144.0
10110027MONTEIROH_2026-02-19_G20,10110027MONTEIROH,2026-02-19,118140,1,5,0,66.0
10110027MONTEIROH_2026-02-19_G21,10110027MONTEIROH,2026-02-19,107236,1,4,0,151.0
10110027MONTEIROH_2026-02-19_G22,10110027MONTEIROH,2026-02-19,117831,1,4,0,78.0
10110027MONTEIROH_2026-02-19_G23,10110027MONTEIROH,2026-02-19,141823,1,3,0,60.0
10110027MONTEIROH_2026-02-19_G24,10110027MONTEIROH,2026-02-19,110740,1,6,0,170.0
10110027MONTEIROH_2026-02-19_G25,10110027MONTEIROH,2026-02-19,111463,1,4,0,59.0
10110027MONTEIROH_2026-02-19_G26,10110027MONTEIROH,2026-02-19,141456,1,16,0,138.0
10110027MONTEIROH_2026-02-19_G27,10110027MONTEIROH,2026-02-19,111439,1,4,0,268.0
10110027MONTEIROH_2026-02-19_G28,10110027MONTEIROH,2026-02-19,142045,1,25,0,246.0
10110027MONTEIROH_2026-02-19_G29,10110027MONTEIROH,2026-02-19,140923,1,24,0,717.0
10110027MONTEIROH_2026-02-19_G30,10110027MONTEIROH,2026-02-19,118094,1,4,0,177.0
10110027MONTEIROH_2026-02-19_G31,10110027MONTEIROH,2026-02-19,108795,1,2,0,2332.0
10110027MONTEIROH_2026-02-19_G32,10110027MONTEIROH,2026-02-19,111468,1,6,0,85.0
10110027MONTEIROH_2026-02-19_G33,10110027MONTEIROH,2026-02-19,111468,1,10,0,62.0
10110027MONTEIROH_2026-02-19_G34,10110027MONTEIROH,2026-02-19,141457,1,41,0,822.0
10110027MONTEIROH_2026-02-19_G35,10110027MONTEIROH,2026-02-19,141457,1,62,0,175.0
10110027MONTEIROH_2026-02-19_G36,10110027MONTEIROH,2026-02-19,141456,2,46,8,390.0
10110027MONTEIROH_2026-02-19_G37,10110027MONTEIROH,2026-02-19,141458,1,47,0,303.0
10110027MONTEIROH_2026-02-19_G38,10110027MONTEIROH,2026-02-19,141458,1,70,0,480.0
10110027MONTEIROH_2026-02-19_G39,10110027MONTEIROH,2026-02-19,141456,1,20,0,126.0
10110027MONTEIROH_2026-02-19_G40,10110027MONTEIROH,2026-02-19,140923,1,2,0,2037.0
10110027MONTEIROH_2026-02-19_G41,10110027MONTEIROH,2026-02-19,110741,1,10,0,252.0
10110027MONTEIROH_2026-02-19_G42,10110027MONTEIROH,2026-02-19,118094,1,5,0,94.0
10110027MONTEIROH_2026-02-19_G43,10110027MONTEIROH,2026-02-19,140957,1,4,0,76.0
10110027MONTEIROH_2026-02-19_G44,10110027MONTEIROH,2026-02-19,117862,1,8,0,406.0
10110027MONTEIROH_2026-02-19_G45,10110027MONTEIROH,2026-02-19,117862,1,10,0,96.0
10110027MONTEIROH_2026-02-19_G46,10110027MONTEIROH,2026-02-19,117862,1,10,0,69.0
10110027MONTEIROH_2026-02-19_G47,10110027MONTEIROH,2026-02-19,110711,1,6,0,124.0
10110027MONTEIROH_2026-02-19_G48,10110027MONTEIROH,2026-02-19,110711,1,5,0,80.0
10110027MONTEIROH_2026-02-19_G49,10110027MONTEIROH,2026-02-19,117786,1,5,0,515.0
10110027MONTEIROH_2026-02-19_G50,10110027MONTEIROH,2026-02-19,110339,1,10,0,202.0
10110027MONTEIROH_2026-02-19_G51,10110027MONTEIROH,2026-02-19,111879,1,7,0,270.0
10110027MONTEIROH_2026-02-19_G52,10110027MONTEIROH,2026-02-19,141166,1,5,0,577.0
10110027MONTEIROH_2026-02-19_G53,10110027MONTEIROH,2026-02-19,141166,1,18,0,44.0
10110027MONTEIROH_2026-02-19_G55,10110027MONTEIROH,2026-02-19,111468,1,4,0,65.0
10110027MONTEIROH_2026-02-19_G56,10110027MONTEIROH,2026-02-19,111468,1,4,0,61.0
10110027MONTEIROH_2026-02-19_G57,10110027MONTEIROH,2026-02-19,111433,1,6,0,60.0
10110027MONTEIROH_2026-02-19_G58,10110027MONTEIROH,2026-02-19,111444,1,8,0,90.0
10110027MONTEIROH_2026-02-19_G59,10110027MONTEIROH,2026-02-19,111431,1,3,0,52.0
10110027MONTEIROH_2026-02-19_G60,10110027MONTEIROH,2026-02-19,111431,1,4,0,47.0
10110027MONTEIROH_2026-02-19_G61,10110027MONTEIROH,2026-02-19,111435,1,4,0,111.0
10110027MONTEIROH_2026-02-19_G62,10110027MONTEIROH,2026-02-19,"111435, 110740",2,6,23,56.0
10110027MONTEIROH_2026-02-19_G63,10110027MONTEIROH,2026-02-19,141458,1,14,0,422.0
10110027MONTEIROH_2026-02-19_G64,10110027MONTEIROH,2026-02-19,141458,1,10,0,101.0
10110027MONTEIROH_2026-02-19_G65,10110027MONTEIROH,2026-02-19,111753,1,10,0,1789.0
10110027MONTEIROH_2026-02-19_G66,10110027MONTEIROH,2026-02-19,111434,1,10,0,336.0
10110027MONTEIROH_2026-02-19_G67,10110027MONTEIROH,2026-02-19,107263,1,39,0,704.0
10110027MONTEIROH_2026-02-19_G68,10110027MONTEIROH,2026-02-19,110682,1,12,0,3132.0
10110027MONTEIROH_2026-02-20_G02,10110027MONTEIROH,2026-02-20,122185,1,80,0,1518.0
10110027MONTEIROH_2026-02-20_G03,10110027MONTEIROH,2026-02-20,121760,1,33,0,1020.0
10110027MONTEIROH_2026-02-20_G04,10110027MONTEIROH,2026-02-20,120339,1,4,0,642.0
10110027MONTEIROH_2026-02-20_G05,10110027MONTEIROH,2026-02-20,120339,1,46,0,1483.0
10110027MONTEIROH_2026-02-20_G06,10110027MONTEIROH,2026-02-20,122984,1,19,0,447.0
10110027MONTEIROH_2026-02-20_G07,10110027MONTEIROH,2026-02-20,123343,1,6,0,122.0
10110027MONTEIROH_2026-02-20_G08,10110027MONTEIROH,2026-02-20,123343,1,4,0,60.0
10110027MONTEIROH_2026-02-20_G09,10110027MONTEIROH,2026-02-20,124594,1,26,0,664.0
10110027MONTEIROH_2026-02-20_G10,10110027MONTEIROH,2026-02-20,124594,1,10,0,326.0
10110027MONTEIROH_2026-02-20_G11,10110027MONTEIROH,2026-02-20,122962,1,59,0,2609.0
10110027MONTEIROH_2026-02-20_G12,10110027MONTEIROH,2026-02-20,120028,1,36,0,836.0
10110027MONTEIROH_2026-02-20_G13,10110027MONTEIROH,2026-02-20,122962,1,48,0,1016.0
10110027MONTEIROH_2026-02-20_G14,10110027MONTEIROH,2026-02-20,121760,1,20,0,1174.0
10110027MONTEIROH_2026-02-20_G15,10110027MONTEIROH,2026-02-20,123344,1,12,0,387.0
10110027MONTEIROH_2026-02-20_G16,10110027MONTEIROH,2026-02-20,124371,1,16,0,726.0
10110027MONTEIROH_2026-02-20_G17,10110027MONTEIROH,2026-02-20,123313,1,8,0,325.0
10110027MONTEIROH_2026-02-20_G18,10110027MONTEIROH,2026-02-20,123345,1,10,0,212.0
10110027MONTEIROH_2026-02-20_G19,10110027MONTEIROH,2026-02-20,122984,1,2,0,191.0
10110027MONTEIROH_2026-02-21_G02,10110027MONTEIROH,2026-02-21,124476,1,3,0,128.0
10110027MONTEIROH_2026-02-21_G03,10110027MONTEIROH,2026-02-21,124486,1,45,0,1033.0
10110027MONTEIROH_2026-02-21_G04,10110027MONTEIROH,2026-02-21,124486,1,9,0,225.0
10110027MONTEIROH_2026-02-21_G05,10110027MONTEIROH,2026-02-21,124486,1,2,0,81.0
10110027MONTEIROH_2026-02-21_G06,10110027MONTEIROH,2026-02-21,123909,1,16,0,914.0
10110027MONTEIROH_2026-02-21_G07,10110027MONTEIROH,2026-02-21,123521,1,2,0,119.0
10110027MONTEIROH_2026-02-21_G08,10110027MONTEIROH,2026-02-21,121923,1,3,0,123.0
10110027MONTEIROH_2026-02-21_G09,10110027MONTEIROH,2026-02-21,123344,1,1,0,41.0
10110027MONTEIROH_2026-02-21_G10,10110027MONTEIROH,2026-02-21,124371,1,3,0,198.0
10110027MONTEIROH_2026-02-21_G11,10110027MONTEIROH,2026-02-21,123345,1,3,0,206.0
10110027MONTEIROH_2026-02-21_G12,10110027MONTEIROH,2026-02-21,123345,1,57,0,893.0
10110027MONTEIROH_2026-02-21_G13,10110027MONTEIROH,2026-02-21,123343,2,19,12,219.0
10110027MONTEIROH_2026-02-21_G14,10110027MONTEIROH,2026-02-21,122962,1,50,0,1519.0
10110027MONTEIROH_2026-02-23_G03,10110027MONTEIROH,2026-02-23,142093,1,5,0,292.0
10110027MONTEIROH_2026-02-23_G04,10110027MONTEIROH,2026-02-23,142080,1,5,0,99.0
10110027MONTEIROH_2026-02-23_G05,10110027MONTEIROH,2026-02-23,111468,1,16,0,234.0
10110027MONTEIROH_2026-02-23_G06,10110027MONTEIROH,2026-02-23,111466,1,80,0,211.0
10110027MONTEIROH_2026-02-23_G07,10110027MONTEIROH,2026-02-23,111466,1,8,0,77.0
10110027MONTEIROH_2026-02-23_G08,10110027MONTEIROH,2026-02-23,141458,2,140,28,275.0
10110027MONTEIROH_2026-02-23_G09,10110027MONTEIROH,2026-02-23,142093,1,80,0,918.0
10110027MONTEIROH_2026-02-23_G10,10110027MONTEIROH,2026-02-23,111418,1,100,0,784.0
10110027MONTEIROH_2026-02-23_G11,10110027MONTEIROH,2026-02-23,141271,1,40,0,271.0
10110027MONTEIROH_2026-02-23_G12,10110027MONTEIROH,2026-02-23,111532,1,540,0,2380.0
10110027MONTEIROH_2026-02-23_G13,10110027MONTEIROH,2026-02-23,110325,1,300,0,725.0
10110027MONTEIROH_2026-02-24_G02,10110027MONTEIROH,2026-02-24,108794,1,5,0,69.0
10110027MONTEIROH_2026-02-24_G03,10110027MONTEIROH,2026-02-24,107236,1,2,0,72.0
10110027MONTEIROH_2026-02-24_G04,10110027MONTEIROH,2026-02-24,118299,1,10,0,87.0
10110027MONTEIROH_2026-02-24_G05,10110027MONTEIROH,2026-02-24,140922,2,13,15,665.0
10110027MONTEIROH_2026-02-24_G06,10110027MONTEIROH,2026-02-24,111462,1,2,0,711.0
10110027MONTEIROH_2026-02-24_G07,10110027MONTEIROH,2026-02-24,111330,1,2,0,149.0
10110027MONTEIROH_2026-02-24_G08,10110027MONTEIROH,2026-02-24,140922,2,8,22,124.0
10110027MONTEIROH_2026-02-24_G09,10110027MONTEIROH,2026-02-24,111660,1,4,0,280.0
10110027MONTEIROH_2026-02-24_G10,10110027MONTEIROH,2026-02-24,117834,1,2,0,92.0
10110027MONTEIROH_2026-02-24_G11,10110027MONTEIROH,2026-02-24,141318,1,6,0,473.0
10110027MONTEIROH_2026-02-24_G12,10110027MONTEIROH,2026-02-24,142045,1,7,0,125.0
10110027MONTEIROH_2026-02-24_G13,10110027MONTEIROH,2026-02-24,107629,1,6,0,205.0
10110027MONTEIROH_2026-02-24_G14,10110027MONTEIROH,2026-02-24,111602,3,6,54,96.0
10110027MONTEIROH_2026-02-24_G15,10110027MONTEIROH,2026-02-24,117856,1,16,0,136.0
10110027MONTEIROH_2026-02-24_G16,10110027MONTEIROH,2026-02-24,141166,1,1,0,137.0
10110027MONTEIROH_2026-02-24_G17,10110027MONTEIROH,2026-02-24,110339,1,14,0,275.0
10110027MONTEIROH_2026-02-24_G18,10110027MONTEIROH,2026-02-24,117855,1,14,0,298.0
10110027MONTEIROH_2026-02-24_G19,10110027MONTEIROH,2026-02-24,108759,1,1,0,364.0
10110027MONTEIROH_2026-02-24_G20,10110027MONTEIROH,2026-02-24,117853,1,2,0,72.0
10110027MONTEIROH_2026-02-24_G21,10110027MONTEIROH,2026-02-24,140922,1,1,0,59.0
10110027MONTEIROH_2026-02-24_G22,10110027MONTEIROH,2026-02-24,117853,1,2,0,54.0
10110027MONTEIROH_2026-02-24_G23,10110027MONTEIROH,2026-02-24,109640,1,3,0,74.0
10110027MONTEIROH_2026-02-24_G24,10110027MONTEIROH,2026-02-24,117855,1,4,0,143.0
10110027MONTEIROH_2026-02-24_G25,10110027MONTEIROH,2026-02-24,117855,1,2,0,971.0
10110027MONTEIROH_2026-02-24_G26,10110027MONTEIROH,2026-02-24,110753,1,4,0,848.0
10110027MONTEIROH_2026-02-24_G27,10110027MONTEIROH,2026-02-24,111602,1,12,0,410.0
10110027MONTEIROH_2026-02-24_G30,10110027MONTEIROH,2026-02-24,"120008, 120028",2,56,26,103.0
10110027MONTEIROH_2026-02-24_G31,10110027MONTEIROH,2026-02-24,123153,1,30,0,1129.0
10110027MONTEIROH_2026-02-25_G02,10110027MONTEIROH,2026-02-25,111466,1,3,0,202.0
10110027MONTEIROH_2026-02-25_G03,10110027MONTEIROH,2026-02-25,118299,1,100,0,859.0
10110027MONTEIROH_2026-02-25_G04,10110027MONTEIROH,2026-02-25,117861,1,22,0,822.0
10110027MONTEIROH_2026-02-25_G05,10110027MONTEIROH,2026-02-25,110742,1,1,0,865.0
10110027MONTEIROH_2026-02-25_G06,10110027MONTEIROH,2026-02-25,109647,1,1,0,119.0
10110027MONTEIROH_2026-02-25_G07,10110027MONTEIROH,2026-02-25,118298,1,2,0,117.0
10110027MONTEIROH_2026-02-25_G08,10110027MONTEIROH,2026-02-25,111602,1,6,0,102.0
10110027MONTEIROH_2026-02-25_G09,10110027MONTEIROH,2026-02-25,111348,1,2,0,143.0
10110027MONTEIROH_2026-02-25_G10,10110027MONTEIROH,2026-02-25,117785,1,2,0,70.0
10110027MONTEIROH_2026-02-25_G11,10110027MONTEIROH,2026-02-25,108711,1,1,0,69.0
10110027MONTEIROH_2026-02-25_G12,10110027MONTEIROH,2026-02-25,111330,1,1,0,40.0
10110027MONTEIROH_2026-02-25_G13,10110027MONTEIROH,2026-02-25,111466,1,1,0,80.0
10110027MONTEIROH_2026-02-25_G14,10110027MONTEIROH,2026-02-25,117831,1,4,0,128.0
10110027MONTEIROH_2026-02-25_G15,10110027MONTEIROH,2026-02-25,141456,1,2,0,84.0
10110027MONTEIROH_2026-02-25_G16,10110027MONTEIROH,2026-02-25,111468,1,1,0,49.0
10110027MONTEIROH_2026-02-25_G17,10110027MONTEIROH,2026-02-25,111435,1,1,0,107.0
10110027MONTEIROH_2026-02-25_G18,10110027MONTEIROH,2026-02-25,141457,1,1,0,53.0
10110027MONTEIROH_2026-02-25_G19,10110027MONTEIROH,2026-02-25,117787,1,2,0,127.0
10110027MONTEIROH_2026-02-25_G20,10110027MONTEIROH,2026-02-25,111463,1,1,0,56.0
10110027MONTEIROH_2026-02-25_G21,10110027MONTEIROH,2026-02-25,141458,1,1,0,80.0
10110027MONTEIROH_2026-02-25_G22,10110027MONTEIROH,2026-02-25,110374,1,4,0,181.0
10110027MONTEIROH_2026-02-25_G23,10110027MONTEIROH,2026-02-25,110376,1,1,0,113.0
10110027MONTEIROH_2026-02-25_G24,10110027MONTEIROH,2026-02-25,110373,1,4,0,363.0
10110027MONTEIROH_2026-02-25_G25,10110027MONTEIROH,2026-02-25,110372,1,8,0,138.0
10110027MONTEIROH_2026-02-25_G26,10110027MONTEIROH,2026-02-25,142093,1,2,0,239.0
10110027MONTEIROH_2026-02-25_G27,10110027MONTEIROH,2026-02-25,109643,1,2,0,466.0
10110027MONTEIROH_2026-02-25_G28,10110027MONTEIROH,2026-02-25,109643,1,4,0,871.0
10110027MONTEIROH_2026-02-25_G29,10110027MONTEIROH,2026-02-25,109643,1,16,0,149.0
10110027MONTEIROH_2026-02-25_G30,10110027MONTEIROH,2026-02-25,111469,1,4,0,140.0
10110027MONTEIROH_2026-02-25_G31,10110027MONTEIROH,2026-02-25,118290,1,4,0,168.0
10110027MONTEIROH_2026-02-25_G32,10110027MONTEIROH,2026-02-25,111602,1,16,0,212.0
10110027MONTEIROH_2026-02-25_G33,10110027MONTEIROH,2026-02-25,140911,1,12,0,203.0
10110027MONTEIROH_2026-02-25_G34,10110027MONTEIROH,2026-02-25,117808,1,3,0,402.0
10110027MONTEIROH_2026-02-25_G35,10110027MONTEIROH,2026-02-25,109640,1,8,0,177.0
10110027MONTEIROH_2026-02-25_G36,10110027MONTEIROH,2026-02-25,141457,1,1,0,76.0
10110027MONTEIROH_2026-02-25_G37,10110027MONTEIROH,2026-02-25,108794,1,2,0,145.0
10110027MONTEIROH_2026-02-25_G38,10110027MONTEIROH,2026-02-25,108711,1,3,0,70.0
10110027MONTEIROH_2026-02-25_G39,10110027MONTEIROH,2026-02-25,117785,1,60,0,2564.0
10110027MONTEIROH_2026-02-25_G40,10110027MONTEIROH,2026-02-25,142093,1,75,0,310.0
10110027MONTEIROH_2026-02-25_G41,10110027MONTEIROH,2026-02-25,111418,1,125,0,331.0
10110027MONTEIROH_2026-02-26_G02,10110027MONTEIROH,2026-02-26,111433,1,4,0,41.0
10110027MONTEIROH_2026-02-26_G03,10110027MONTEIROH,2026-02-26,141458,1,20,0,475.0
10110027MONTEIROH_2026-02-26_G04,10110027MONTEIROH,2026-02-26,110374,1,11,0,1855.0
10110027MONTEIROH_2026-02-26_G05,10110027MONTEIROH,2026-02-26,118299,1,30,0,302.0
10110027MONTEIROH_2026-02-26_G06,10110027MONTEIROH,2026-02-26,110371,1,4,0,87.0
10110027MONTEIROH_2026-02-26_G07,10110027MONTEIROH,2026-02-26,110373,1,15,0,185.0
10110027MONTEIROH_2026-02-26_G08,10110027MONTEIROH,2026-02-26,110373,1,60,0,522.0
10110027MONTEIROH_2026-02-26_G09,10110027MONTEIROH,2026-02-26,111530,1,4,0,246.0
10110027MONTEIROH_2026-02-26_G10,10110027MONTEIROH,2026-02-26,111467,1,2,0,86.0
10110027MONTEIROH_2026-02-26_G11,10110027MONTEIROH,2026-02-26,111467,1,4,0,42.0
10110027MONTEIROH_2026-02-26_G12,10110027MONTEIROH,2026-02-26,111530,2,14,30,152.0
10110027MONTEIROH_2026-02-26_G13,10110027MONTEIROH,2026-02-26,110371,1,24,0,1500.0
10110027MONTEIROH_2026-02-26_G14,10110027MONTEIROH,2026-02-26,110376,1,11,0,135.0
10110027MONTEIROH_2026-02-26_G15,10110027MONTEIROH,2026-02-26,111120,1,5,0,173.0
10110027MONTEIROH_2026-02-26_G16,10110027MONTEIROH,2026-02-26,108759,1,8,0,186.0
10110027MONTEIROH_2026-02-26_G17,10110027MONTEIROH,2026-02-26,118299,1,500,0,1250.0
10110027MONTEIROH_2026-02-26_G18,10110027MONTEIROH,2026-02-26,110372,1,242,0,739.0
10110027MONTEIROH_2026-02-26_G19,10110027MONTEIROH,2026-02-26,110373,1,100,0,740.0
10110027MONTEIROH_2026-02-26_G20,10110027MONTEIROH,2026-02-26,110373,1,60,0,316.0
10110027MONTEIROH_2026-02-26_G21,10110027MONTEIROH,2026-02-26,110375,1,63,0,564.0
10110027MONTEIROH_2026-02-26_G22,10110027MONTEIROH,2026-02-26,111532,1,2,0,202.0
10110027MONTEIROH_2026-02-26_G23,10110027MONTEIROH,2026-02-26,111469,1,4,0,109.0
10110027MONTEIROH_2026-02-26_G24,10110027MONTEIROH,2026-02-26,111330,1,8,0,103.0
10110027MONTEIROH_2026-02-26_G25,10110027MONTEIROH,2026-02-26,142080,1,9,0,183.0
10110027MONTEIROH_2026-02-26_G26,10110027MONTEIROH,2026-02-26,111468,1,14,0,167.0
10110027MONTEIROH_2026-02-26_G27,10110027MONTEIROH,2026-02-26,118140,2,4,12,319.0
10110027MONTEIROH_2026-02-26_G28,10110027MONTEIROH,2026-02-26,118140,1,2,0,81.0
10110027MONTEIROH_2026-02-26_G29,10110027MONTEIROH,2026-02-26,118317,1,23,0,484.0
10110027MONTEIROH_2026-02-26_G30,10110027MONTEIROH,2026-02-26,111469,1,25,0,391.0
10110027MONTEIROH_2026-02-26_G31,10110027MONTEIROH,2026-02-26,111466,1,40,0,427.0
10110027MONTEIROH_2026-02-26_G32,10110027MONTEIROH,2026-02-26,111468,1,52,0,149.0
10110027MONTEIROH_2026-02-26_G33,10110027MONTEIROH,2026-02-26,111462,1,2,0,1490.0
10110027MONTEIROH_2026-02-26_G34,10110027MONTEIROH,2026-02-26,110372,1,25,0,1384.0
10110027MONTEIROH_2026-02-26_G35,10110027MONTEIROH,2026-02-26,140923,1,8,0,574.0
10110027MONTEIROH_2026-02-26_G36,10110027MONTEIROH,2026-02-26,110816,1,2,0,183.0
10110027MONTEIROH_2026-02-26_G37,10110027MONTEIROH,2026-02-26,111861,1,1,0,528.0
10110027MONTEIROH_2026-02-26_G39,10110027MONTEIROH,2026-02-26,105359,1,2,0,141.0
10110027MONTEIROH_2026-02-26_G40,10110027MONTEIROH,2026-02-26,110579,1,1,0,101.0
10110027MONTEIROH_2026-02-26_G41,10110027MONTEIROH,2026-02-26,117789,1,6,0,145.0
10110027MONTEIROH_2026-02-26_G42,10110027MONTEIROH,2026-02-26,110313,1,1,0,175.0
10110027MONTEIROH_2026-02-26_G43,10110027MONTEIROH,2026-02-26,110500,1,2,0,353.0
10110027MONTEIROH_2026-02-26_G44,10110027MONTEIROH,2026-02-26,110895,1,5,0,430.0
10110027MONTEIROH_2026-02-26_G45,10110027MONTEIROH,2026-02-26,111330,1,8,0,389.0
10110027MONTEIROH_2026-02-26_G46,10110027MONTEIROH,2026-02-26,118299,1,6,0,332.0
10110027MONTEIROH_2026-02-26_G47,10110027MONTEIROH,2026-02-26,117809,1,3,0,62.0
10110027MONTEIROH_2026-02-26_G48,10110027MONTEIROH,2026-02-26,117808,1,10,0,231.0
10110027MONTEIROH_2026-02-26_G49,10110027MONTEIROH,2026-02-26,117832,1,9,0,107.0
10110027MONTEIROH_2026-02-26_G50,10110027MONTEIROH,2026-02-26,117830,1,8,0,90.0
10110027MONTEIROH_2026-02-26_G51,10110027MONTEIROH,2026-02-26,141456,1,4,0,262.0
10110027MONTEIROH_2026-02-26_G52,10110027MONTEIROH,2026-02-26,141458,1,4,0,121.0
10110027MONTEIROH_2026-02-26_G53,10110027MONTEIROH,2026-02-26,111532,1,40,0,1178.0
10110027MONTEIROH_2026-02-26_G54,10110027MONTEIROH,2026-02-26,110313,1,12,0,227.0
10110027MONTEIROH_2026-02-26_G55,10110027MONTEIROH,2026-02-26,110313,1,22,0,424.0
10110027MONTEIROH_2026-02-26_G56,10110027MONTEIROH,2026-02-26,118290,1,4,0,173.0
10110027MONTEIROH_2026-02-26_G57,10110027MONTEIROH,2026-02-26,118290,1,1,0,47.0
10110027MONTEIROH_2026-02-26_G58,10110027MONTEIROH,2026-02-26,142045,1,4,0,119.0
10110027MONTEIROH_2026-02-26_G59,10110027MONTEIROH,2026-02-26,110895,1,4,0,546.0
10110027MONTEIROH_2026-02-26_G60,10110027MONTEIROH,2026-02-26,110787,1,9,0,301.0
10110027MONTEIROH_2026-02-26_G61,10110027MONTEIROH,2026-02-26,108711,1,8,0,76.0
10110027MONTEIROH_2026-02-26_G62,10110027MONTEIROH,2026-02-26,141823,1,14,0,175.0
10110027MONTEIROH_2026-02-26_G63,10110027MONTEIROH,2026-02-26,109643,1,24,0,441.0
10110027MONTEIROH_2026-02-26_G64,10110027MONTEIROH,2026-02-26,110325,1,50,0,603.0
10110027MONTEIROH_2026-02-26_G65,10110027MONTEIROH,2026-02-26,107892,1,4,0,240.0
10110027MONTEIROH_2026-02-27_G02,10110027MONTEIROH,2026-02-27,118298,1,6,0,217.0
10110027MONTEIROH_2026-02-27_G03,10110027MONTEIROH,2026-02-27,117861,1,2,0,76.0
10110027MONTEIROH_2026-02-27_G04,10110027MONTEIROH,2026-02-27,141166,1,15,0,163.0
10110027MONTEIROH_2026-02-27_G05,10110027MONTEIROH,2026-02-27,117788,1,6,0,100.0
10110027MONTEIROH_2026-02-27_G06,10110027MONTEIROH,2026-02-27,140923,1,27,0,1131.0
10110027MONTEIROH_2026-02-27_G07,10110027MONTEIROH,2026-02-27,111602,1,19,0,998.0
10110027MONTEIROH_2026-02-27_G08,10110027MONTEIROH,2026-02-27,117831,1,9,0,123.0
10110027MONTEIROH_2026-02-27_G09,10110027MONTEIROH,2026-02-27,111418,1,88,0,241.0
10110027MONTEIROH_2026-02-27_G10,10110027MONTEIROH,2026-02-27,111469,1,15,0,191.0
10110027MONTEIROH_2026-02-27_G11,10110027MONTEIROH,2026-02-27,117787,1,19,0,120.0
10110027MONTEIROH_2026-02-27_G12,10110027MONTEIROH,2026-02-27,111437,1,86,0,2051.0
10110027MONTEIROH_2026-02-27_G13,10110027MONTEIROH,2026-02-27,111437,1,40,0,265.0
10110027MONTEIROH_2026-02-27_G14,10110027MONTEIROH,2026-02-27,111330,1,10,0,801.0
10110027MONTEIROH_2026-02-27_G15,10110027MONTEIROH,2026-02-27,111330,2,95,11,935.0
10110027MONTEIROH_2026-02-27_G16,10110027MONTEIROH,2026-02-27,111468,1,50,0,299.0
10110027MONTEIROH_2026-02-27_G17,10110027MONTEIROH,2026-02-27,111469,1,93,0,286.0
10110027MONTEIROH_2026-02-27_G18,10110027MONTEIROH,2026-02-27,140922,1,90,0,742.0
10110027MONTEIROH_2026-02-27_G19,10110027MONTEIROH,2026-02-27,117821,2,9,26,782.0
10110027MONTEIROH_2026-02-27_G20,10110027MONTEIROH,2026-02-27,160055,1,2,0,66.0
10110027MONTEIROH_2026-02-27_G21,10110027MONTEIROH,2026-02-27,111172,1,4,0,45.0
10110027MONTEIROH_2026-02-27_G22,10110027MONTEIROH,2026-02-27,111462,2,14,18,124.0
10110027MONTEIROH_2026-02-27_G23,10110027MONTEIROH,2026-02-27,142093,1,3,0,77.0
10110027MONTEIROH_2026-02-27_G24,10110027MONTEIROH,2026-02-27,109641,1,10,0,58.0
10110027MONTEIROH_2026-02-27_G25,10110027MONTEIROH,2026-02-27,111418,1,16,0,166.0
10110027MONTEIROH_2026-02-27_G26,10110027MONTEIROH,2026-02-27,141456,1,10,0,205.0
10110027MONTEIROH_2026-02-27_G27,10110027MONTEIROH,2026-02-27,141456,1,7,0,39.0
10110027MONTEIROH_2026-02-27_G28,10110027MONTEIROH,2026-02-27,111468,1,3,0,116.0
10110027MONTEIROH_2026-02-27_G29,10110027MONTEIROH,2026-02-27,111469,1,14,0,104.0
10110027MONTEIROH_2026-02-27_G30,10110027MONTEIROH,2026-02-27,111469,1,7,0,42.0
10110027MONTEIROH_2026-02-27_G31,10110027MONTEIROH,2026-02-27,117787,1,2,0,43.0
10110027MONTEIROH_2026-02-27_G32,10110027MONTEIROH,2026-02-27,110740,1,19,0,245.0
10110027MONTEIROH_2026-02-27_G33,10110027MONTEIROH,2026-02-27,141457,1,3,0,956.0
10110027MONTEIROH_2026-02-27_G34,10110027MONTEIROH,2026-02-27,109641,1,3,0,84.0
10110027MONTEIROH_2026-02-27_G35,10110027MONTEIROH,2026-02-27,118290,1,5,0,2306.0
10110027MONTEIROH_2026-02-27_G36,10110027MONTEIROH,2026-02-27,111439,1,4,0,248.0
10110027MONTEIROH_2026-02-27_G37,10110027MONTEIROH,2026-02-27,110755,1,4,0,247.0
10110027MONTEIROH_2026-02-27_G38,10110027MONTEIROH,2026-02-27,118140,1,2,0,387.0
10110027MONTEIROH_2026-02-27_G39,10110027MONTEIROH,2026-02-27,111602,1,1,0,215.0
10110027MONTEIROH_2026-02-27_G40,10110027MONTEIROH,2026-02-27,111602,1,13,0,152.0
10110027MONTEIROH_2026-02-27_G41,10110027MONTEIROH,2026-02-27,110325,1,14,0,435.0
10110027MONTEIROH_2026-02-27_G42,10110027MONTEIROH,2026-02-27,141456,1,6,0,140.0
10110027MONTEIROH_2026-02-27_G43,10110027MONTEIROH,2026-02-27,118290,1,4,0,106.0
10110027MONTEIROH_2026-02-27_G44,10110027MONTEIROH,2026-02-27,160055,1,2,0,92.0
10110027MONTEIROH_2026-02-27_G45,10110027MONTEIROH,2026-02-27,107892,1,2,0,114.0
10110027MONTEIROH_2026-02-27_G46,10110027MONTEIROH,2026-02-27,110374,1,16,0,468.0
10110027MONTEIROH_2026-02-27_G47,10110027MONTEIROH,2026-02-27,118140,1,9,0,190.0
10110027MONTEIROH_2026-02-27_G48,10110027MONTEIROH,2026-02-27,111418,1,16,0,253.0
10110027MONTEIROH_2026-02-27_G49,10110027MONTEIROH,2026-02-27,117853,1,4,0,191.0
10110027MONTEIROH_2026-02-27_G50,10110027MONTEIROH,2026-02-27,111438,1,10,0,147.0
10110027MONTEIROH_2026-02-27_G51,10110027MONTEIROH,2026-02-27,109640,1,2,0,378.0
10110027MONTEIROH_2026-02-27_G52,10110027MONTEIROH,2026-02-27,"140922, 110711",2,6,29,103.0
10110027MONTEIROH_2026-02-27_G54,10110027MONTEIROH,2026-02-27,110313,1,1,0,116.0
10110027MONTEIROH_2026-02-27_G55,10110027MONTEIROH,2026-02-27,110374,1,8,0,940.0
10110027MONTEIROH_2026-02-27_G56,10110027MONTEIROH,2026-02-27,117809,2,22,23,106.0
10110027MONTEIROH_2026-02-27_G57,10110027MONTEIROH,2026-02-27,117809,1,6,0,38.0
10110027MONTEIROH_2026-02-27_G58,10110027MONTEIROH,2026-02-27,117809,1,6,0,46.0
10110027MONTEIROH_2026-02-27_G59,10110027MONTEIROH,2026-02-27,117820,1,8,0,79.0
10110027MONTEIROH_2026-02-27_G60,10110027MONTEIROH,2026-02-27,118299,1,12,0,228.0
10110027MONTEIROH_2026-02-27_G61,10110027MONTEIROH,2026-02-27,118299,1,21,0,86.0
10110027MONTEIROH_2026-02-27_G62,10110027MONTEIROH,2026-02-27,118299,1,12,0,73.0
10110027MONTEIROH_2026-02-27_G63,10110027MONTEIROH,2026-02-27,141202,1,7,0,809.0
10110027MONTEIROH_2026-02-27_G64,10110027MONTEIROH,2026-02-27,117808,1,13,0,272.0
10110027MONTEIROH_2026-02-27_G65,10110027MONTEIROH,2026-02-27,117808,1,12,0,60.0
10110027MONTEIROH_2026-02-27_G66,10110027MONTEIROH,2026-02-27,110373,2,6,22,46.0
10110027MONTEIROH_2026-02-27_G67,10110027MONTEIROH,2026-02-27,117832,1,4,0,104.0
10110027MONTEIROH_2026-02-27_G68,10110027MONTEIROH,2026-02-27,110372,1,10,0,104.0
10110027MONTEIROH_2026-02-27_G69,10110027MONTEIROH,2026-02-27,117830,1,4,0,106.0
10110027MONTEIROH_2026-02-27_G70,10110027MONTEIROH,2026-02-27,111430,1,4,0,454.0
10110027MONTEIROH_2026-02-27_G71,10110027MONTEIROH,2026-02-27,108759,1,3,0,157.0
10110027MONTEIROH_2026-02-27_G72,10110027MONTEIROH,2026-02-27,108770,1,2,0,105.0
10110027MONTEIROH_2026-02-27_G73,10110027MONTEIROH,2026-02-27,111569,1,4,0,141.0
10110027MONTEIROH_2026-02-27_G74,10110027MONTEIROH,2026-02-27,110895,1,7,0,190.0
10110027MONTEIROH_2026-02-27_G75,10110027MONTEIROH,2026-02-27,142045,1,6,0,120.0
10110027MONTEIROH_2026-02-27_G76,10110027MONTEIROH,2026-02-27,107892,1,1,0,85.0
10110027MONTEIROH_2026-02-27_G77,10110027MONTEIROH,2026-02-27,107892,1,3,0,34.0
10110027MONTEIROH_2026-02-28_G02,10110027MONTEIROH,2026-02-28,117831,1,8,0,135.0
10110027MONTEIROH_2026-02-28_G03,10110027MONTEIROH,2026-02-28,141456,1,4,0,1317.0
10110027MONTEIROH_2026-02-28_G04,10110027MONTEIROH,2026-02-28,111465,1,4,0,148.0
10110027MONTEIROH_2026-02-28_G05,10110027MONTEIROH,2026-02-28,110740,1,4,0,102.0
10110027MONTEIROH_2026-02-28_G06,10110027MONTEIROH,2026-02-28,141458,1,8,0,166.0
10110027MONTEIROH_2026-02-28_G07,10110027MONTEIROH,2026-02-28,111469,1,22,0,158.0
10110027MONTEIROH_2026-02-28_G08,10110027MONTEIROH,2026-02-28,111469,1,12,0,388.0
10110027MONTEIROH_2026-02-28_G09,10110027MONTEIROH,2026-02-28,111469,1,12,0,56.0
10110027MONTEIROH_2026-02-28_G10,10110027MONTEIROH,2026-02-28,142093,1,4,0,524.0
10110027MONTEIROH_2026-02-28_G11,10110027MONTEIROH,2026-02-28,111463,1,24,0,402.0
10110027MONTEIROH_2026-02-28_G12,10110027MONTEIROH,2026-02-28,111330,1,4,0,166.0
10110027MONTEIROH_2026-02-28_G13,10110027MONTEIROH,2026-02-28,110374,1,53,0,2793.0
10110027MONTEIROH_2026-02-28_G14,10110027MONTEIROH,2026-02-28,110374,1,43,0,933.0
10110027MONTEIROH_2026-02-28_G15,10110027MONTEIROH,2026-02-28,110374,5,94,57,32.0
10110027MONTEIROH_2026-02-28_G16,10110027MONTEIROH,2026-02-28,110325,5,54,49,723.0
10110027MONTEIROH_2026-02-28_G17,10110027MONTEIROH,2026-02-28,111466,1,2,0,119.0
10110027MONTEIROH_2026-02-28_G18,10110027MONTEIROH,2026-02-28,111466,1,10,0,106.0
10110027MONTEIROH_2026-02-28_G19,10110027MONTEIROH,2026-02-28,142093,1,7,0,135.0
10110027MONTEIROH_2026-02-28_G20,10110027MONTEIROH,2026-02-28,142093,1,5,0,44.0
10110027MONTEIROH_2026-02-28_G21,10110027MONTEIROH,2026-02-28,111463,2,26,10,770.0
10110027MONTEIROH_2026-02-28_G22,10110027MONTEIROH,2026-02-28,109645,2,12,18,412.0
10110027MONTEIROH_2026-02-28_G23,10110027MONTEIROH,2026-02-28,141457,4,37,39,202.0
10110027MONTEIROH_2026-02-28_G24,10110027MONTEIROH,2026-02-28,111469,1,2,0,296.0
10110027MONTEIROH_2026-02-28_G25,10110027MONTEIROH,2026-02-28,142093,11,64,97,324.0
10110027MONTEIROH_2026-02-28_G26,10110027MONTEIROH,2026-02-28,141035,1,4,0,3509.0
10110027MONTEIROH_2026-02-28_G27,10110027MONTEIROH,2026-02-28,110313,1,16,0,140.0
10110027MONTEIROH_2026-02-28_G28,10110027MONTEIROH,2026-02-28,110313,1,14,0,106.0
10110027MONTEIROH_2026-02-28_G29,10110027MONTEIROH,2026-02-28,117862,1,20,0,201.0
10110027MONTEIROH_2026-02-28_G30,10110027MONTEIROH,2026-02-28,118298,1,8,0,135.0
10110027MONTEIROH_2026-02-28_G31,10110027MONTEIROH,2026-02-28,110339,1,5,0,268.0
10110027MONTEIROH_2026-02-28_G32,10110027MONTEIROH,2026-02-28,111650,1,6,0,143.0
10110027MONTEIROH_2026-02-28_G33,10110027MONTEIROH,2026-02-28,117856,1,10,0,152.0
10110027MONTEIROH_2026-02-28_G34,10110027MONTEIROH,2026-02-28,111602,1,52,0,903.0
10110027MONTEIROH_2026-02-28_G35,10110027MONTEIROH,2026-02-28,109640,1,6,0,1342.0
10110027MONTEIROH_2026-02-28_G36,10110027MONTEIROH,2026-02-28,110373,1,63,0,463.0
10110027MONTEIROH_2026-02-28_G37,10110027MONTEIROH,2026-02-28,111530,1,4,0,296.0
10110027MONTEIROH_2026-02-28_G39,10110027MONTEIROH,2026-02-28,100334,1,5,0,212.0
10110027MONTEIROH_2026-02-28_G40,10110027MONTEIROH,2026-02-28,117862,1,10,0,300.0
10110027MONTEIROH_2026-02-28_G41,10110027MONTEIROH,2026-02-28,111530,1,10,0,136.0
10110027MONTEIROH_2026-02-28_G42,10110027MONTEIROH,2026-02-28,111435,1,5,0,172.0
10110027MONTEIROH_2026-02-28_G43,10110027MONTEIROH,2026-02-28,141458,1,10,0,159.0
10110027MONTEIROH_2026-02-28_G44,10110027MONTEIROH,2026-02-28,110374,1,4,0,747.0
10110027MONTEIROH_2026-02-28_G45,10110027MONTEIROH,2026-02-28,117820,1,4,0,82.0
10110027MONTEIROH_2026-02-28_G46,10110027MONTEIROH,2026-02-28,111530,1,4,0,76.0
10110027MONTEIROH_2026-02-28_G47,10110027MONTEIROH,2026-02-28,142093,1,2,0,80.0
10110027MONTEIROH_2026-02-28_G48,10110027MONTEIROH,2026-02-28,110325,1,4,0,78.0
10110027MONTEIROH_2026-02-28_G49,10110027MONTEIROH,2026-02-28,111463,1,4,0,75.0
10110027MONTEIROH_2026-02-28_G50,10110027MONTEIROH,2026-02-28,117856,1,3,0,66.0
10110027MONTEIROH_2026-02-28_G51,10110027MONTEIROH,2026-02-28,117786,1,1,0,69.0
10110027MONTEIROH_2026-02-28_G52,10110027MONTEIROH,2026-02-28,141066,1,2,0,85.0
10110027MONTEIROH_2026-02-28_G53,10110027MONTEIROH,2026-02-28,141166,1,4,0,87.0
10110027MONTEIROH_2026-02-28_G54,10110027MONTEIROH,2026-02-28,110373,1,20,0,223.0
10110027MONTEIROH_2026-02-28_G55,10110027MONTEIROH,2026-02-28,118418,1,8,0,500.0
10110027MONTEIROH_2026-02-28_G56,10110027MONTEIROH,2026-02-28,109640,1,2,0,143.0
10110027MONTEIROH_2026-02-28_G57,10110027MONTEIROH,2026-02-28,142093,1,4,0,105.0
10110027MONTEIROH_2026-02-28_G58,10110027MONTEIROH,2026-02-28,110373,1,2,0,118.0
10110027MONTEIROH_2026-02-28_G59,10110027MONTEIROH,2026-02-28,110372,1,2,0,91.0
10110027MONTEIROH_2026-03-06_G02,10110027MONTEIROH,2026-03-06,123889,1,2,0,386.0
10110027MONTEIROH_2026-03-06_G03,10110027MONTEIROH,2026-03-06,124484,1,6,0,207.0
10110027MONTEIROH_2026-03-06_G04,10110027MONTEIROH,2026-03-06,124486,1,12,0,351.0
10110027MONTEIROH_2026-03-06_G05,10110027MONTEIROH,2026-03-06,"122962, 122984",2,128,22,1082.0
10110027MONTEIROH_2026-03-06_G06,10110027MONTEIROH,2026-03-06,123521,1,12,0,1488.0
10110027MONTEIROH_2026-03-06_G07,10110027MONTEIROH,2026-03-06,124370,1,64,0,1166.0
10110027MONTEIROH_2026-03-06_G08,10110027MONTEIROH,2026-03-06,123521,1,4,0,474.0
10110027MONTEIROH_2026-03-06_G09,10110027MONTEIROH,2026-03-06,122962,1,32,0,2861.0
10110027MONTEIROH_2026-03-06_G10,10110027MONTEIROH,2026-03-06,122647,1,10,0,785.0
10110027MONTEIROH_2026-03-07_G02,10110027MONTEIROH,2026-03-07,111438,1,8,0,229.0
10110027MONTEIROH_2026-03-07_G03,10110027MONTEIROH,2026-03-07,118094,1,10,0,182.0
10110027MONTEIROH_2026-03-07_G04,10110027MONTEIROH,2026-03-07,111879,1,2,0,100.0
10110027MONTEIROH_2026-03-07_G05,10110027MONTEIROH,2026-03-07,117786,1,6,0,105.0
10110027MONTEIROH_2026-03-07_G06,10110027MONTEIROH,2026-03-07,141047,1,6,0,132.0
10110027MONTEIROH_2026-03-07_G07,10110027MONTEIROH,2026-03-07,111438,1,34,0,585.0
10110027MONTEIROH_2026-03-07_G08,10110027MONTEIROH,2026-03-07,111467,1,3,0,117.0
10110027MONTEIROH_2026-03-07_G09,10110027MONTEIROH,2026-03-07,118306,1,12,0,827.0
10110027MONTEIROH_2026-03-07_G10,10110027MONTEIROH,2026-03-07,142045,1,24,0,274.0
10110027MONTEIROH_2026-03-07_G11,10110027MONTEIROH,2026-03-07,141458,1,2,0,165.0
10110027MONTEIROH_2026-03-07_G12,10110027MONTEIROH,2026-03-07,117821,1,24,0,288.0
10110027MONTEIROH_2026-03-07_G13,10110027MONTEIROH,2026-03-07,116241,1,10,0,324.0
10110027MONTEIROH_2026-03-07_G14,10110027MONTEIROH,2026-03-07,142093,1,40,0,443.0
10110027MONTEIROH_2026-03-07_G15,10110027MONTEIROH,2026-03-07,111418,1,48,0,793.0
10110027MONTEIROH_2026-03-07_G16,10110027MONTEIROH,2026-03-07,110373,1,101,0,1390.0
10110027MONTEIROH_2026-03-07_G17,10110027MONTEIROH,2026-03-07,110372,1,104,0,184.0
10110027MONTEIROH_2026-03-07_G18,10110027MONTEIROH,2026-03-07,117808,1,440,0,643.0
10110027MONTEIROH_2026-03-07_G19,10110027MONTEIROH,2026-03-07,110374,1,67,0,648.0
10110027MONTEIROH_2026-03-07_G20,10110027MONTEIROH,2026-03-07,117809,1,10,0,194.0
10110027MONTEIROH_2026-03-07_G21,10110027MONTEIROH,2026-03-07,110325,1,2,0,131.0
10110027MONTEIROH_2026-03-07_G22,10110027MONTEIROH,2026-03-07,110371,1,13,0,109.0
10110027MONTEIROH_2026-03-07_G23,10110027MONTEIROH,2026-03-07,117820,1,74,0,481.0
10110027MONTEIROH_2026-03-07_G24,10110027MONTEIROH,2026-03-07,140923,1,15,0,185.0
10110027MONTEIROH_2026-03-07_G25,10110027MONTEIROH,2026-03-07,109643,1,60,0,931.0
10110027MONTEIROH_2026-03-07_G26,10110027MONTEIROH,2026-03-07,107629,1,12,0,339.0
10110027MONTEIROH_2026-03-07_G27,10110027MONTEIROH,2026-03-07,109647,1,22,0,193.0
10110027MONTEIROH_2026-03-07_G28,10110027MONTEIROH,2026-03-07,110733,1,6,0,89.0
10110027MONTEIROH_2026-03-07_G29,10110027MONTEIROH,2026-03-07,141047,1,6,0,155.0
10110027MONTEIROH_2026-03-07_G30,10110027MONTEIROH,2026-03-07,110339,1,22,0,314.0
10110027MONTEIROH_2026-03-07_G31,10110027MONTEIROH,2026-03-07,117834,1,7,0,1470.0
10110027MONTEIROH_2026-03-07_G32,10110027MONTEIROH,2026-03-07,118250,1,8,0,221.0
10110027MONTEIROH_2026-03-07_G33,10110027MONTEIROH,2026-03-07,110755,1,2,0,53.0
10110027MONTEIROH_2026-03-07_G34,10110027MONTEIROH,2026-03-07,118253,1,4,0,137.0
10110027MONTEIROH_2026-03-07_G35,10110027MONTEIROH,2026-03-07,141916,1,1,0,90.0
10110027MONTEIROH_2026-03-07_G36,10110027MONTEIROH,2026-03-07,110755,1,6,0,127.0
10110027MONTEIROH_2026-03-07_G37,10110027MONTEIROH,2026-03-07,110373,1,7,0,389.0
10110027MONTEIROH_2026-03-07_G38,10110027MONTEIROH,2026-03-07,117830,1,6,0,101.0
10110027MONTEIROH_2026-03-07_G39,10110027MONTEIROH,2026-03-07,117838,1,8,0,156.0
10110027MONTEIROH_2026-03-07_G40,10110027MONTEIROH,2026-03-07,110740,1,4,0,124.0
10110027MONTEIROH_2026-03-07_G41,10110027MONTEIROH,2026-03-07,141458,1,4,0,111.0
10110027MONTEIROH_2026-03-07_G42,10110027MONTEIROH,2026-03-07,140923,1,8,0,321.0
10110027MONTEIROH_2026-03-07_G43,10110027MONTEIROH,2026-03-07,118094,1,8,0,260.0
10110027MONTEIROH_2026-03-07_G44,10110027MONTEIROH,2026-03-07,107629,1,2,0,49.0
10110027MONTEIROH_2026-03-07_G45,10110027MONTEIROH,2026-03-07,117855,1,5,0,91.0
10110027MONTEIROH_2026-03-07_G46,10110027MONTEIROH,2026-03-07,110733,1,1,0,84.0
10110027MONTEIROH_2026-03-07_G47,10110027MONTEIROH,2026-03-07,141047,1,14,0,177.0
10110027MONTEIROH_2026-03-07_G48,10110027MONTEIROH,2026-03-07,111348,1,12,0,631.0
10110027MONTEIROH_2026-03-07_G49,10110027MONTEIROH,2026-03-07,111532,1,20,0,137.0
10110027MONTEIROH_2026-03-07_G50,10110027MONTEIROH,2026-03-07,117821,1,24,0,186.0
10110027MONTEIROH_2026-03-07_G51,10110027MONTEIROH,2026-03-07,111743,1,6,0,76.0
10110027MONTEIROH_2026-03-07_G52,10110027MONTEIROH,2026-03-07,111442,1,4,0,90.0
10110027MONTEIROH_2026-03-07_G53,10110027MONTEIROH,2026-03-07,111418,1,120,0,534.0
10110027MONTEIROH_2026-03-07_G54,10110027MONTEIROH,2026-03-07,111465,1,12,0,468.0
10110027MONTEIROH_2026-03-07_G55,10110027MONTEIROH,2026-03-07,111418,1,30,0,115.0
10110027MONTEIROH_2026-03-07_G56,10110027MONTEIROH,2026-03-07,117785,1,50,0,279.0
10110027MONTEIROH_2026-03-07_G58,10110027MONTEIROH,2026-03-07,110741,1,13,0,318.0
10110027MONTEIROH_2026-03-07_G59,10110027MONTEIROH,2026-03-07,141047,1,14,0,218.0
10110027MONTEIROH_2026-03-07_G60,10110027MONTEIROH,2026-03-07,141066,1,2,0,119.0
10110027MONTEIROH_2026-03-07_G61,10110027MONTEIROH,2026-03-07,111467,1,8,0,140.0
10110027MONTEIROH_2026-03-07_G62,10110027MONTEIROH,2026-03-07,117855,1,33,0,396.0
10110027MONTEIROH_2026-03-07_G63,10110027MONTEIROH,2026-03-07,117855,1,3,0,78.0
10110027MONTEIROH_2026-03-07_G64,10110027MONTEIROH,2026-03-07,117786,1,38,0,283.0
10110027MONTEIROH_2026-03-07_G65,10110027MONTEIROH,2026-03-07,110339,1,30,0,534.0
10110027MONTEIROH_2026-03-07_G66,10110027MONTEIROH,2026-03-07,141823,1,17,0,869.0
10110027MONTEIROH_2026-03-09_G02,10110027MONTEIROH,2026-03-09,108795,1,2,0,80.0
10110027MONTEIROH_2026-03-09_G03,10110027MONTEIROH,2026-03-09,111462,1,12,0,83.0
10110027MONTEIROH_2026-03-09_G04,10110027MONTEIROH,2026-03-09,117831,1,4,0,85.0
10110027MONTEIROH_2026-03-09_G05,10110027MONTEIROH,2026-03-09,111418,1,10,0,220.0
10110027MONTEIROH_2026-03-09_G06,10110027MONTEIROH,2026-03-09,141457,1,3,0,74.0
10110027MONTEIROH_2026-03-09_G07,10110027MONTEIROH,2026-03-09,117808,1,2,0,131.0
10110027MONTEIROH_2026-03-09_G08,10110027MONTEIROH,2026-03-09,117820,1,14,0,129.0
10110027MONTEIROH_2026-03-09_G09,10110027MONTEIROH,2026-03-09,110371,1,6,0,89.0
10110027MONTEIROH_2026-03-09_G10,10110027MONTEIROH,2026-03-09,109643,1,4,0,101.0
10110027MONTEIROH_2026-03-09_G11,10110027MONTEIROH,2026-03-09,111569,1,2,0,171.0
10110027MONTEIROH_2026-03-09_G12,10110027MONTEIROH,2026-03-09,107629,1,8,0,107.0
10110027MONTEIROH_2026-03-09_G13,10110027MONTEIROH,2026-03-09,110733,1,4,0,104.0
10110027MONTEIROH_2026-03-09_G14,10110027MONTEIROH,2026-03-09,110339,1,1,0,112.0
10110027MONTEIROH_2026-03-09_G16,10110027MONTEIROH,2026-03-09,118281,1,20,0,2441.0
10110027MONTEIROH_2026-03-09_G17,10110027MONTEIROH,2026-03-09,118326,1,2,0,769.0
10110027MONTEIROH_2026-03-09_G18,10110027MONTEIROH,2026-03-09,118285,1,10,0,330.0
10110027MONTEIROH_2026-03-09_G19,10110027MONTEIROH,2026-03-09,110743,1,50,0,339.0
10110027MONTEIROH_2026-03-09_G20,10110027MONTEIROH,2026-03-09,109641,1,100,0,669.0
10110027MONTEIROH_2026-03-09_G21,10110027MONTEIROH,2026-03-09,117838,1,40,0,389.0
10110027MONTEIROH_2026-03-09_G22,10110027MONTEIROH,2026-03-09,111431,1,20,0,414.0
10110027MONTEIROH_2026-03-09_G23,10110027MONTEIROH,2026-03-09,117842,1,20,0,357.0
10110027MONTEIROH_2026-03-09_G24,10110027MONTEIROH,2026-03-09,116241,1,29,0,488.0
10110027MONTEIROH_2026-03-09_G25,10110027MONTEIROH,2026-03-09,111446,1,1,0,81.0
10110027MONTEIROH_2026-03-09_G26,10110027MONTEIROH,2026-03-09,117787,1,75,0,328.0
10110027MONTEIROH_2026-03-09_G27,10110027MONTEIROH,2026-03-09,110753,1,10,0,492.0
10110027MONTEIROH_2026-03-09_G28,10110027MONTEIROH,2026-03-09,105242,1,4,0,487.0
10110027MONTEIROH_2026-03-09_G29,10110027MONTEIROH,2026-03-09,140957,1,1,0,66.0
10110027MONTEIROH_2026-03-09_G30,10110027MONTEIROH,2026-03-09,110581,1,4,0,267.0
10110027MONTEIROH_2026-03-09_G31,10110027MONTEIROH,2026-03-09,111650,1,14,0,181.0
10110027MONTEIROH_2026-03-09_G32,10110027MONTEIROH,2026-03-09,110756,1,3,0,122.0
10110027MONTEIROH_2026-03-09_G33,10110027MONTEIROH,2026-03-09,110752,1,45,0,492.0
10110027MONTEIROH_2026-03-09_G34,10110027MONTEIROH,2026-03-09,110741,1,73,0,1087.0
10110027MONTEIROH_2026-03-09_G35,10110027MONTEIROH,2026-03-09,109647,1,45,0,483.0
10110027MONTEIROH_2026-03-09_G37,10110027MONTEIROH,2026-03-09,110582,1,2,0,585.0
10110027MONTEIROH_2026-03-09_G38,10110027MONTEIROH,2026-03-09,107892,1,1,0,47.0
10110027MONTEIROH_2026-03-09_G39,10110027MONTEIROH,2026-03-09,116613,1,4,0,79.0
10110027MONTEIROH_2026-03-09_G40,10110027MONTEIROH,2026-03-09,118197,1,4,0,173.0
10110027MONTEIROH_2026-03-09_G41,10110027MONTEIROH,2026-03-09,118218,1,4,0,91.0
10110027MONTEIROH_2026-03-09_G42,10110027MONTEIROH,2026-03-09,140911,2,8,21,125.0
10110027MONTEIROH_2026-03-09_G43,10110027MONTEIROH,2026-03-09,118269,1,1,0,100.0
10110027MONTEIROH_2026-03-09_G44,10110027MONTEIROH,2026-03-09,118283,1,18,0,608.0
10110027MONTEIROH_2026-03-09_G45,10110027MONTEIROH,2026-03-09,118290,1,6,0,206.0
10110027MONTEIROH_2026-03-09_G46,10110027MONTEIROH,2026-03-09,110742,1,10,0,150.0
10110027MONTEIROH_2026-03-09_G47,10110027MONTEIROH,2026-03-09,117289,1,1,0,277.0
10110027MONTEIROH_2026-03-09_G48,10110027MONTEIROH,2026-03-09,111430,1,37,0,642.0
10110027MONTEIROH_2026-03-09_G49,10110027MONTEIROH,2026-03-09,141916,1,31,0,460.0
10110027MONTEIROH_2026-03-09_G50,10110027MONTEIROH,2026-03-09,111440,1,8,0,543.0
10110027MONTEIROH_2026-03-10_G02,10110027MONTEIROH,2026-03-10,110747,1,2,0,166.0
10110027MONTEIROH_2026-03-10_G03,10110027MONTEIROH,2026-03-10,108759,1,2,0,138.0
10110027MONTEIROH_2026-03-10_G04,10110027MONTEIROH,2026-03-10,111660,1,2,0,210.0
10110027MONTEIROH_2026-03-10_G05,10110027MONTEIROH,2026-03-10,117834,1,7,0,138.0
10110027MONTEIROH_2026-03-10_G06,10110027MONTEIROH,2026-03-10,100334,1,2,0,134.0
10110027MONTEIROH_2026-03-10_G07,10110027MONTEIROH,2026-03-10,111569,1,12,0,400.0
10110027MONTEIROH_2026-03-10_G08,10110027MONTEIROH,2026-03-10,111569,1,40,0,347.0
10110027MONTEIROH_2026-03-10_G09,10110027MONTEIROH,2026-03-10,111438,1,8,0,135.0
10110027MONTEIROH_2026-03-10_G10,10110027MONTEIROH,2026-03-10,117836,1,6,0,83.0
10110027MONTEIROH_2026-03-10_G11,10110027MONTEIROH,2026-03-10,110755,1,2,0,70.0
10110027MONTEIROH_2026-03-10_G12,10110027MONTEIROH,2026-03-10,142045,1,2,0,74.0
10110027MONTEIROH_2026-03-10_G13,10110027MONTEIROH,2026-03-10,142045,1,9,0,243.0
10110027MONTEIROH_2026-03-10_G14,10110027MONTEIROH,2026-03-10,141916,1,7,0,126.0
10110027MONTEIROH_2026-03-10_G15,10110027MONTEIROH,2026-03-10,111430,1,4,0,145.0
10110027MONTEIROH_2026-03-10_G16,10110027MONTEIROH,2026-03-10,111430,1,4,0,55.0
10110027MONTEIROH_2026-03-10_G17,10110027MONTEIROH,2026-03-10,111569,1,8,0,161.0
10110027MONTEIROH_2026-03-10_G18,10110027MONTEIROH,2026-03-10,141457,2,4,18,503.0
10110027MONTEIROH_2026-03-10_G19,10110027MONTEIROH,2026-03-10,141458,1,10,0,213.0
10110027MONTEIROH_2026-03-10_G20,10110027MONTEIROH,2026-03-10,140922,2,16,11,1623.0
10110027MONTEIROH_2026-03-10_G21,10110027MONTEIROH,2026-03-10,142080,1,6,0,137.0
10110027MONTEIROH_2026-03-10_G22,10110027MONTEIROH,2026-03-10,109641,1,12,0,141.0
10110027MONTEIROH_2026-03-10_G23,10110027MONTEIROH,2026-03-10,111467,1,6,0,126.0
10110027MONTEIROH_2026-03-10_G24,10110027MONTEIROH,2026-03-10,117808,1,2,0,389.0
10110027MONTEIROH_2026-03-10_G25,10110027MONTEIROH,2026-03-10,117808,1,4,0,32.0
10110027MONTEIROH_2026-03-10_G26,10110027MONTEIROH,2026-03-10,117820,1,12,0,167.0
10110027MONTEIROH_2026-03-10_G27,10110027MONTEIROH,2026-03-10,117820,2,12,28,98.0
10110027MONTEIROH_2026-03-10_G28,10110027MONTEIROH,2026-03-10,110373,1,4,0,138.0
10110027MONTEIROH_2026-03-10_G29,10110027MONTEIROH,2026-03-10,110373,1,4,0,37.0
10110027MONTEIROH_2026-03-10_G30,10110027MONTEIROH,2026-03-10,117832,1,8,0,129.0
10110027MONTEIROH_2026-03-10_G31,10110027MONTEIROH,2026-03-10,117830,1,16,0,152.0
10110027MONTEIROH_2026-03-10_G32,10110027MONTEIROH,2026-03-10,117830,1,8,0,47.0
10110027MONTEIROH_2026-03-10_G33,10110027MONTEIROH,2026-03-10,117830,1,4,0,38.0
10110027MONTEIROH_2026-03-10_G34,10110027MONTEIROH,2026-03-10,117854,1,4,0,465.0
10110027MONTEIROH_2026-03-10_G35,10110027MONTEIROH,2026-03-10,141352,1,4,0,218.0
10110027MONTEIROH_2026-03-10_G36,10110027MONTEIROH,2026-03-10,110747,1,4,0,137.0
10110027MONTEIROH_2026-03-10_G37,10110027MONTEIROH,2026-03-10,110373,1,40,0,1067.0
10110027MONTEIROH_2026-03-10_G38,10110027MONTEIROH,2026-03-10,111442,1,9,0,106.0
10110027MONTEIROH_2026-03-10_G39,10110027MONTEIROH,2026-03-10,110373,1,30,0,269.0
10110027MONTEIROH_2026-03-10_G40,10110027MONTEIROH,2026-03-10,109643,1,16,0,1961.0
10110027MONTEIROH_2026-03-10_G41,10110027MONTEIROH,2026-03-10,110733,1,2,0,120.0
10110027MONTEIROH_2026-03-10_G42,10110027MONTEIROH,2026-03-10,117808,1,6,0,209.0
10110027MONTEIROH_2026-03-10_G43,10110027MONTEIROH,2026-03-10,105705,1,2,0,234.0
10110027MONTEIROH_2026-03-10_G44,10110027MONTEIROH,2026-03-10,140922,1,8,0,525.0
10110027MONTEIROH_2026-03-10_G45,10110027MONTEIROH,2026-03-10,110313,1,2,0,76.0
10110027MONTEIROH_2026-03-10_G46,10110027MONTEIROH,2026-03-10,110374,1,4,0,149.0
10110027MONTEIROH_2026-03-10_G47,10110027MONTEIROH,2026-03-10,110371,1,10,0,134.0
10110027MONTEIROH_2026-03-10_G48,10110027MONTEIROH,2026-03-10,109643,1,2,0,68.0
10110027MONTEIROH_2026-03-10_G49,10110027MONTEIROH,2026-03-10,110373,1,3,0,71.0
10110027MONTEIROH_2026-03-10_G50,10110027MONTEIROH,2026-03-10,110372,1,5,0,90.0
10110027MONTEIROH_2026-03-10_G51,10110027MONTEIROH,2026-03-10,117830,1,2,0,56.0
10110027MONTEIROH_2026-03-10_G52,10110027MONTEIROH,2026-03-10,117855,1,40,0,615.0
10110027MONTEIROH_2026-03-10_G53,10110027MONTEIROH,2026-03-10,117835,1,2,0,733.0
10110027MONTEIROH_2026-03-10_G54,10110027MONTEIROH,2026-03-10,111569,1,4,0,103.0
10110027MONTEIROH_2026-03-10_G55,10110027MONTEIROH,2026-03-10,111438,1,10,0,105.0
10110027MONTEIROH_2026-03-10_G56,10110027MONTEIROH,2026-03-10,118306,1,6,0,93.0
10110027MONTEIROH_2026-03-10_G57,10110027MONTEIROH,2026-03-10,142045,1,12,0,173.0
10110027MONTEIROH_2026-03-10_G58,10110027MONTEIROH,2026-03-10,118290,1,4,0,76.0
10110027MONTEIROH_2026-03-10_G59,10110027MONTEIROH,2026-03-10,107892,1,2,0,137.0
10110027MONTEIROH_2026-03-10_G60,10110027MONTEIROH,2026-03-10,140922,1,10,0,225.0
10110027MONTEIROH_2026-03-10_G61,10110027MONTEIROH,2026-03-10,111532,1,10,0,134.0
10110027MONTEIROH_2026-03-10_G62,10110027MONTEIROH,2026-03-10,117833,1,3,0,81.0
10110027MONTEIROH_2026-03-10_G63,10110027MONTEIROH,2026-03-10,108711,1,6,0,87.0
10110027MONTEIROH_2026-03-10_G64,10110027MONTEIROH,2026-03-10,111462,2,10,16,78.0
10110027MONTEIROH_2026-03-10_G65,10110027MONTEIROH,2026-03-10,118223,1,4,0,156.0
10110027MONTEIROH_2026-03-10_G66,10110027MONTEIROH,2026-03-10,110740,1,10,0,158.0
10110027MONTEIROH_2026-03-10_G67,10110027MONTEIROH,2026-03-10,117831,1,30,0,846.0
10110027MONTEIROH_2026-03-10_G68,10110027MONTEIROH,2026-03-10,141458,1,30,0,327.0
10110027MONTEIROH_2026-03-10_G70,10110027MONTEIROH,2026-03-10,110372,1,20,0,173.0
10110027MONTEIROH_2026-03-10_G71,10110027MONTEIROH,2026-03-10,118299,1,150,0,1316.0
10110027MONTEIROH_2026-03-10_G72,10110027MONTEIROH,2026-03-10,110374,1,7,0,1161.0
10110027MONTEIROH_2026-03-10_G73,10110027MONTEIROH,2026-03-10,117820,1,3,0,58.0
10110027MONTEIROH_2026-03-10_G74,10110027MONTEIROH,2026-03-10,110325,1,2,0,53.0
10110027MONTEIROH_2026-03-10_G75,10110027MONTEIROH,2026-03-10,110373,1,4,0,126.0
10110027MONTEIROH_2026-03-10_G76,10110027MONTEIROH,2026-03-10,110372,1,6,0,157.0
10110027MONTEIROH_2026-03-10_G77,10110027MONTEIROH,2026-03-10,117862,1,1,0,102.0
10110027MONTEIROH_2026-03-10_G78,10110027MONTEIROH,2026-03-10,111467,1,3,0,126.0
10110027MONTEIROH_2026-03-10_G79,10110027MONTEIROH,2026-03-10,110374,1,9,0,231.0
10110027MONTEIROH_2026-03-10_G80,10110027MONTEIROH,2026-03-10,117820,1,10,0,84.0
10110027MONTEIROH_2026-03-10_G81,10110027MONTEIROH,2026-03-10,110373,1,6,0,128.0
10110027MONTEIROH_2026-03-10_G82,10110027MONTEIROH,2026-03-10,140923,1,6,0,140.0
10110027MONTEIROH_2026-03-10_G83,10110027MONTEIROH,2026-03-10,117856,1,4,0,116.0
10110027MONTEIROH_2026-03-10_G84,10110027MONTEIROH,2026-03-10,110339,1,4,0,111.0
10110027MONTEIROH_2026-03-10_G85,10110027MONTEIROH,2026-03-10,110372,1,32,0,727.0
10110027MONTEIROH_2026-03-10_G86,10110027MONTEIROH,2026-03-10,111569,1,4,0,136.0
10110027MONTEIROH_2026-03-10_G87,10110027MONTEIROH,2026-03-10,141271,1,2,0,172.0
10110027MONTEIROH_2026-03-10_G88,10110027MONTEIROH,2026-03-10,117862,1,5,0,174.0
10110027MONTEIROH_2026-03-10_G89,10110027MONTEIROH,2026-03-10,111467,1,2,0,118.0
10110027MONTEIROH_2026-03-10_G90,10110027MONTEIROH,2026-03-10,142045,1,1,0,118.0
10110027MONTEIROH_2026-03-10_G91,10110027MONTEIROH,2026-03-10,111330,1,4,0,487.0
10110027MONTEIROH_2026-03-11_G02,10110027MONTEIROH,2026-03-11,111569,1,5,0,119.0
10110027MONTEIROH_2026-03-11_G03,10110027MONTEIROH,2026-03-11,111569,1,3,0,136.0
10110027MONTEIROH_2026-03-11_G04,10110027MONTEIROH,2026-03-11,110752,1,2,0,1575.0
10110027MONTEIROH_2026-03-11_G05,10110027MONTEIROH,2026-03-11,110313,1,6,0,115.0
10110027MONTEIROH_2026-03-11_G06,10110027MONTEIROH,2026-03-11,118094,1,3,0,138.0
10110027MONTEIROH_2026-03-11_G07,10110027MONTEIROH,2026-03-11,110733,1,3,0,95.0
10110027MONTEIROH_2026-03-11_G08,10110027MONTEIROH,2026-03-11,117855,1,8,0,95.0
10110027MONTEIROH_2026-03-11_G09,10110027MONTEIROH,2026-03-11,141047,1,4,0,151.0
10110027MONTEIROH_2026-03-11_G10,10110027MONTEIROH,2026-03-11,140922,1,3,0,207.0
10110027MONTEIROH_2026-03-11_G11,10110027MONTEIROH,2026-03-11,111348,1,2,0,45.0
10110027MONTEIROH_2026-03-11_G12,10110027MONTEIROH,2026-03-11,108794,1,2,0,69.0
10110027MONTEIROH_2026-03-11_G13,10110027MONTEIROH,2026-03-11,108711,1,7,0,119.0
10110027MONTEIROH_2026-03-11_G14,10110027MONTEIROH,2026-03-11,110747,1,6,0,993.0
10110027MONTEIROH_2026-03-11_G15,10110027MONTEIROH,2026-03-11,117786,1,6,0,208.0
10110027MONTEIROH_2026-03-11_G16,10110027MONTEIROH,2026-03-11,109647,1,4,0,111.0
10110027MONTEIROH_2026-03-11_G17,10110027MONTEIROH,2026-03-11,117821,1,6,0,159.0
10110027MONTEIROH_2026-03-11_G18,10110027MONTEIROH,2026-03-11,141456,1,5,0,223.0
10110027MONTEIROH_2026-03-11_G19,10110027MONTEIROH,2026-03-11,111418,1,7,0,69.0
10110027MONTEIROH_2026-03-11_G20,10110027MONTEIROH,2026-03-11,111465,1,2,0,58.0
10110027MONTEIROH_2026-03-11_G21,10110027MONTEIROH,2026-03-11,110740,1,10,0,186.0
10110027MONTEIROH_2026-03-11_G22,10110027MONTEIROH,2026-03-11,111569,1,45,0,680.0
10110027MONTEIROH_2026-03-11_G23,10110027MONTEIROH,2026-03-11,142045,1,9,0,239.0
10110027MONTEIROH_2026-03-11_G24,10110027MONTEIROH,2026-03-11,110374,1,13,0,400.0
10110027MONTEIROH_2026-03-11_G25,10110027MONTEIROH,2026-03-11,110373,2,27,26,197.0
10110027MONTEIROH_2026-03-11_G26,10110027MONTEIROH,2026-03-11,110372,1,8,0,140.0
10110027MONTEIROH_2026-03-11_G27,10110027MONTEIROH,2026-03-11,110372,1,2,0,34.0
10110027MONTEIROH_2026-03-11_G28,10110027MONTEIROH,2026-03-11,117830,1,18,0,169.0
10110027MONTEIROH_2026-03-11_G29,10110027MONTEIROH,2026-03-11,117808,1,108,0,988.0
10110027MONTEIROH_2026-03-11_G30,10110027MONTEIROH,2026-03-11,111602,1,12,0,336.0
10110027MONTEIROH_2026-03-11_G31,10110027MONTEIROH,2026-03-11,"111330, 142080",2,10,19,34.0
10110027MONTEIROH_2026-03-11_G32,10110027MONTEIROH,2026-03-11,117797,1,1,0,41.0
10110027MONTEIROH_2026-03-11_G33,10110027MONTEIROH,2026-03-11,118290,1,8,0,32.0
10110027MONTEIROH_2026-03-11_G34,10110027MONTEIROH,2026-03-11,117808,1,13,0,371.0
10110027MONTEIROH_2026-03-11_G35,10110027MONTEIROH,2026-03-11,118299,1,45,0,491.0
10110027MONTEIROH_2026-03-11_G36,10110027MONTEIROH,2026-03-11,109645,1,22,0,453.0
10110027MONTEIROH_2026-03-11_G37,10110027MONTEIROH,2026-03-11,140923,1,15,0,467.0
10110027MONTEIROH_2026-03-11_G38,10110027MONTEIROH,2026-03-11,117820,1,16,0,816.0
10110027MONTEIROH_2026-03-11_G39,10110027MONTEIROH,2026-03-11,140923,1,15,0,154.0
10110027MONTEIROH_2026-03-11_G40,10110027MONTEIROH,2026-03-11,"117808, 110374, 117820, 110373, 110372",7,39,62,84.0
10110027MONTEIROH_2026-03-11_G41,10110027MONTEIROH,2026-03-11,"111655, 111602",2,11,20,70.0
10110027MONTEIROH_2026-03-11_G42,10110027MONTEIROH,2026-03-11,"109643, 110339",2,6,29,309.0
10110027MONTEIROH_2026-03-11_G43,10110027MONTEIROH,2026-03-11,"111418, 141457, 110740, 141458",4,53,71,708.0
10110027MONTEIROH_2026-03-11_G44,10110027MONTEIROH,2026-03-11,111532,1,61,0,2011.0
10110027MONTEIROH_2026-03-11_G45,10110027MONTEIROH,2026-03-11,"142093, 142080, 111530",3,53,47,428.0
10110027MONTEIROH_2026-03-11_G46,10110027MONTEIROH,2026-03-11,111569,1,4,0,775.0
10110027MONTEIROH_2026-03-11_G47,10110027MONTEIROH,2026-03-11,110742,1,2,0,153.0
10110027MONTEIROH_2026-03-11_G48,10110027MONTEIROH,2026-03-11,117786,1,5,0,362.0
10110027MONTEIROH_2026-03-11_G49,10110027MONTEIROH,2026-03-11,110733,1,2,0,235.0
10110027MONTEIROH_2026-03-11_G50,10110027MONTEIROH,2026-03-11,117862,1,6,0,482.0
10110027MONTEIROH_2026-03-11_G51,10110027MONTEIROH,2026-03-11,117855,1,4,0,236.0
10110027MONTEIROH_2026-03-11_G52,10110027MONTEIROH,2026-03-11,117855,1,4,0,1105.0
10110027MONTEIROH_2026-03-11_G54,10110027MONTEIROH,2026-03-11,111440,1,38,0,682.0
10110027MONTEIROH_2026-03-11_G55,10110027MONTEIROH,2026-03-11,"118094, 109648",2,50,17,233.0
10110027MONTEIROH_2026-03-12_G02,10110027MONTEIROH,2026-03-12,142093,1,50,0,340.0
10110027MONTEIROH_2026-03-12_G03,10110027MONTEIROH,2026-03-12,118299,1,150,0,712.0
10110027MONTEIROH_2026-03-12_G04,10110027MONTEIROH,2026-03-12,110372,1,80,0,971.0
10110027MONTEIROH_2026-03-12_G05,10110027MONTEIROH,2026-03-12,117808,1,220,0,1252.0
10110027MONTEIROH_2026-03-12_G06,10110027MONTEIROH,2026-03-12,117820,1,79,0,369.0
10110027MONTEIROH_2026-03-12_G07,10110027MONTEIROH,2026-03-12,109643,1,1,0,93.0
10110027MONTEIROH_2026-03-12_G08,10110027MONTEIROH,2026-03-12,110325,1,40,0,876.0
10110027MONTEIROH_2026-03-12_G09,10110027MONTEIROH,2026-03-12,110372,1,41,0,311.0
10110027MONTEIROH_2026-03-12_G10,10110027MONTEIROH,2026-03-12,110371,1,4,0,117.0
10110027MONTEIROH_2026-03-12_G11,10110027MONTEIROH,2026-03-12,110373,1,60,0,736.0
10110027MONTEIROH_2026-03-12_G12,10110027MONTEIROH,2026-03-12,110375,1,2,0,62.0
10110027MONTEIROH_2026-03-12_G13,10110027MONTEIROH,2026-03-12,117830,1,94,0,611.0
10110027MONTEIROH_2026-03-12_G14,10110027MONTEIROH,2026-03-12,110747,1,6,0,886.0
10110027MONTEIROH_2026-03-12_G15,10110027MONTEIROH,2026-03-12,100334,1,5,0,335.0
10110027MONTEIROH_2026-03-12_G16,10110027MONTEIROH,2026-03-12,117836,1,4,0,78.0
10110027MONTEIROH_2026-03-12_G17,10110027MONTEIROH,2026-03-12,142045,1,7,0,564.0
10110027MONTEIROH_2026-03-12_G18,10110027MONTEIROH,2026-03-12,141166,1,4,0,1406.0
10110027MONTEIROH_2026-03-12_G19,10110027MONTEIROH,2026-03-12,110733,1,6,0,523.0
10110027MONTEIROH_2026-03-12_G20,10110027MONTEIROH,2026-03-12,110733,2,7,24,147.0
10110027MONTEIROH_2026-03-12_G21,10110027MONTEIROH,2026-03-12,111348,1,8,0,362.0
10110027MONTEIROH_2026-03-12_G22,10110027MONTEIROH,2026-03-12,108794,4,6,55,33.0
10110027MONTEIROH_2026-03-12_G23,10110027MONTEIROH,2026-03-12,111462,1,15,0,112.0
10110027MONTEIROH_2026-03-12_G24,10110027MONTEIROH,2026-03-12,117821,1,11,0,83.0
10110027MONTEIROH_2026-03-12_G25,10110027MONTEIROH,2026-03-12,110743,1,4,0,51.0
10110027MONTEIROH_2026-03-12_G26,10110027MONTEIROH,2026-03-12,108795,2,3,21,76.0
10110027MONTEIROH_2026-03-12_G27,10110027MONTEIROH,2026-03-12,111743,1,13,0,74.0
10110027MONTEIROH_2026-03-12_G28,10110027MONTEIROH,2026-03-12,111442,1,2,0,112.0
10110027MONTEIROH_2026-03-12_G29,10110027MONTEIROH,2026-03-12,117838,2,8,14,120.0
10110027MONTEIROH_2026-03-12_G30,10110027MONTEIROH,2026-03-12,117838,1,2,0,35.0
10110027MONTEIROH_2026-03-12_G31,10110027MONTEIROH,2026-03-12,109645,1,4,0,277.0
10110027MONTEIROH_2026-03-12_G32,10110027MONTEIROH,2026-03-12,109645,1,6,0,51.0
10110027MONTEIROH_2026-03-12_G33,10110027MONTEIROH,2026-03-12,117787,1,6,0,167.0
10110027MONTEIROH_2026-03-12_G34,10110027MONTEIROH,2026-03-12,117787,1,4,0,42.0
10110027MONTEIROH_2026-03-12_G35,10110027MONTEIROH,2026-03-12,142093,1,90,0,371.0
10110027MONTEIROH_2026-03-12_G36,10110027MONTEIROH,2026-03-12,109641,1,16,0,304.0
10110027MONTEIROH_2026-03-12_G37,10110027MONTEIROH,2026-03-12,109641,1,11,0,75.0
10110027MONTEIROH_2026-03-12_G38,10110027MONTEIROH,2026-03-12,117785,1,58,0,540.0
10110027MONTEIROH_2026-03-12_G39,10110027MONTEIROH,2026-03-12,117785,1,38,0,116.0
10110027MONTEIROH_2026-03-12_G40,10110027MONTEIROH,2026-03-12,117785,1,20,0,54.0
10110027MONTEIROH_2026-03-12_G41,10110027MONTEIROH,2026-03-12,142093,1,60,0,598.0
10110027MONTEIROH_2026-03-12_G42,10110027MONTEIROH,2026-03-12,118094,1,5,0,300.0
10110027MONTEIROH_2026-03-12_G43,10110027MONTEIROH,2026-03-12,118094,1,3,0,32.0
10110027MONTEIROH_2026-03-12_G44,10110027MONTEIROH,2026-03-12,110733,1,20,0,1152.0
10110027MONTEIROH_2026-03-12_G45,10110027MONTEIROH,2026-03-12,117855,1,2,0,78.0
10110027MONTEIROH_2026-03-12_G46,10110027MONTEIROH,2026-03-12,117855,1,103,0,558.0
10110027MONTEIROH_2026-03-12_G47,10110027MONTEIROH,2026-03-12,117833,1,25,0,784.0
10110027MONTEIROH_2026-03-12_G48,10110027MONTEIROH,2026-03-12,111759,1,9,0,276.0
10110027MONTEIROH_2026-03-12_G49,10110027MONTEIROH,2026-03-12,108798,1,14,0,159.0
10110027MONTEIROH_2026-03-12_G50,10110027MONTEIROH,2026-03-12,141823,1,100,0,453.0
10110027MONTEIROH_2026-03-12_G51,10110027MONTEIROH,2026-03-12,110747,1,40,0,770.0
10110027MONTEIROH_2026-03-12_G52,10110027MONTEIROH,2026-03-12,118283,1,18,0,676.0
10110027MONTEIROH_2026-03-12_G53,10110027MONTEIROH,2026-03-12,118290,1,4,0,184.0
10110027MONTEIROH_2026-03-12_G55,10110027MONTEIROH,2026-03-12,111851,1,2,0,126.0
10110027MONTEIROH_2026-03-12_G56,10110027MONTEIROH,2026-03-12,118197,1,4,0,129.0
10110027MONTEIROH_2026-03-12_G57,10110027MONTEIROH,2026-03-12,110582,1,2,0,263.0
10110027MONTEIROH_2026-03-12_G58,10110027MONTEIROH,2026-03-12,118218,1,4,0,164.0
10110027MONTEIROH_2026-03-12_G59,10110027MONTEIROH,2026-03-12,140911,1,8,0,438.0
10110027MONTEIROH_2026-03-12_G60,10110027MONTEIROH,2026-03-12,111440,1,8,0,137.0
10110027MONTEIROH_2026-03-12_G61,10110027MONTEIROH,2026-03-12,117289,1,1,0,70.0
10110027MONTEIROH_2026-03-12_G62,10110027MONTEIROH,2026-03-12,118269,1,1,0,201.0
10110027MONTEIROH_2026-03-12_G63,10110027MONTEIROH,2026-03-12,141916,1,31,0,651.0
10110027MONTEIROH_2026-03-16_G02,10110027MONTEIROH,2026-03-16,141202,1,24,0,560.0
10110027MONTEIROH_2026-03-16_G03,10110027MONTEIROH,2026-03-16,111462,1,80,0,1189.0
10110027MONTEIROH_2026-03-16_G04,10110027MONTEIROH,2026-03-16,108711,1,40,0,465.0
10110027MONTEIROH_2026-03-16_G05,10110027MONTEIROH,2026-03-16,142093,1,20,0,294.0
10110027MONTEIROH_2026-03-16_G06,10110027MONTEIROH,2026-03-16,111468,1,12,0,116.0
10110027MONTEIROH_2026-03-16_G07,10110027MONTEIROH,2026-03-16,117787,1,7,0,160.0
10110027MONTEIROH_2026-03-16_G08,10110027MONTEIROH,2026-03-16,140922,1,24,0,753.0
10110027MONTEIROH_2026-03-16_G09,10110027MONTEIROH,2026-03-16,108794,1,32,0,272.0
10110027MONTEIROH_2026-03-16_G10,10110027MONTEIROH,2026-03-16,110325,1,32,0,540.0
10110027MONTEIROH_2026-03-16_G11,10110027MONTEIROH,2026-03-16,111743,1,40,0,363.0
10110027MONTEIROH_2026-03-16_G12,10110027MONTEIROH,2026-03-16,141271,1,40,0,443.0
10110027MONTEIROH_2026-03-16_G13,10110027MONTEIROH,2026-03-16,111463,1,32,0,468.0
10110027MONTEIROH_2026-03-16_G14,10110027MONTEIROH,2026-03-16,111418,1,24,0,392.0
10110027MONTEIROH_2026-03-16_G15,10110027MONTEIROH,2026-03-16,117787,1,13,0,389.0
10110027MONTEIROH_2026-03-16_G16,10110027MONTEIROH,2026-03-16,141823,1,20,0,196.0
10110027MONTEIROH_2026-03-16_G17,10110027MONTEIROH,2026-03-16,111469,1,24,0,184.0
10110027MONTEIROH_2026-03-16_G18,10110027MONTEIROH,2026-03-16,105894,1,40,0,767.0
10110027MONTEIROH_2026-03-16_G19,10110027MONTEIROH,2026-03-16,110740,1,32,0,1006.0
10110027MONTEIROH_2026-03-16_G20,10110027MONTEIROH,2026-03-16,108795,1,24,0,243.0
10110027MONTEIROH_2026-03-16_G21,10110027MONTEIROH,2026-03-16,111466,1,80,0,389.0
10110027MONTEIROH_2026-03-16_G22,10110027MONTEIROH,2026-03-16,141166,1,6,0,1039.0
10110027MONTEIROH_2026-03-16_G23,10110027MONTEIROH,2026-03-16,140923,2,6,29,265.0
10110027MONTEIROH_2026-03-16_G24,10110027MONTEIROH,2026-03-16,105242,1,1,0,81.0
10110027MONTEIROH_2026-03-16_G25,10110027MONTEIROH,2026-03-16,117855,2,9,23,121.0
10110027MONTEIROH_2026-03-16_G26,10110027MONTEIROH,2026-03-16,117862,1,17,0,291.0
10110027MONTEIROH_2026-03-16_G27,10110027MONTEIROH,2026-03-16,110733,1,3,0,118.0
10110027MONTEIROH_2026-03-16_G28,10110027MONTEIROH,2026-03-16,117856,1,13,0,158.0
10110027MONTEIROH_2026-03-16_G29,10110027MONTEIROH,2026-03-16,117856,1,3,0,48.0
10110027MONTEIROH_2026-03-16_G30,10110027MONTEIROH,2026-03-16,108772,1,1,0,297.0
10110027MONTEIROH_2026-03-16_G31,10110027MONTEIROH,2026-03-16,109640,1,11,0,177.0
10110027MONTEIROH_2026-03-16_G32,10110027MONTEIROH,2026-03-16,117820,1,10,0,3130.0
10110027MONTEIROH_2026-03-16_G33,10110027MONTEIROH,2026-03-16,110371,1,8,0,381.0
10110027MONTEIROH_2026-03-16_G35,10110027MONTEIROH,2026-03-16,108795,1,4,0,105.0
10110027MONTEIROH_2026-03-16_G36,10110027MONTEIROH,2026-03-16,141823,1,2,0,152.0
10110027MONTEIROH_2026-03-16_G37,10110027MONTEIROH,2026-03-16,110313,1,7,0,348.0
10110027MONTEIROH_2026-03-16_G38,10110027MONTEIROH,2026-03-16,107629,1,8,0,315.0
10110027MONTEIROH_2026-03-16_G39,10110027MONTEIROH,2026-03-16,117862,1,4,0,81.0
10110027MONTEIROH_2026-03-16_G40,10110027MONTEIROH,2026-03-16,117808,1,50,0,597.0
10110027MONTEIROH_2026-03-16_G41,10110027MONTEIROH,2026-03-16,110325,1,8,0,691.0
10110027MONTEIROH_2026-03-16_G42,10110027MONTEIROH,2026-03-16,110371,1,10,0,74.0
10110027MONTEIROH_2026-03-16_G43,10110027MONTEIROH,2026-03-16,118299,1,13,0,1036.0
10110027MONTEIROH_2026-03-16_G44,10110027MONTEIROH,2026-03-16,111466,1,6,0,176.0
10110027MONTEIROH_2026-03-16_G45,10110027MONTEIROH,2026-03-16,111466,1,14,0,74.0
10110027MONTEIROH_2026-03-17_G03,10110027MONTEIROH,2026-03-17,109641,1,1,0,371.0
10110027MONTEIROH_2026-03-17_G04,10110027MONTEIROH,2026-03-17,111447,1,55,0,1080.0
10110027MONTEIROH_2026-03-17_G06,10110027MONTEIROH,2026-03-17,110339,1,49,0,656.0
10110027MONTEIROH_2026-03-17_G07,10110027MONTEIROH,2026-03-17,110339,1,240,0,533.0
10110027MONTEIROH_2026-03-17_G08,10110027MONTEIROH,2026-03-17,110325,1,46,0,280.0
10110027MONTEIROH_2026-03-17_G09,10110027MONTEIROH,2026-03-17,111447,1,29,0,529.0
10110027MONTEIROH_2026-03-17_G10,10110027MONTEIROH,2026-03-17,117838,1,4,0,721.0
10110027MONTEIROH_2026-03-17_G11,10110027MONTEIROH,2026-03-17,118317,1,12,0,211.0
10110027MONTEIROH_2026-03-17_G12,10110027MONTEIROH,2026-03-17,140922,1,8,0,183.0
10110027MONTEIROH_2026-03-17_G13,10110027MONTEIROH,2026-03-17,117833,1,4,0,94.0
10110027MONTEIROH_2026-03-17_G14,10110027MONTEIROH,2026-03-17,110751,1,6,0,287.0
10110027MONTEIROH_2026-03-17_G15,10110027MONTEIROH,2026-03-17,110743,1,4,0,78.0
10110027MONTEIROH_2026-03-17_G16,10110027MONTEIROH,2026-03-17,111743,1,2,0,93.0
10110027MONTEIROH_2026-03-17_G17,10110027MONTEIROH,2026-03-17,109641,1,4,0,105.0
10110027MONTEIROH_2026-03-17_G18,10110027MONTEIROH,2026-03-17,109645,1,4,0,137.0
10110027MONTEIROH_2026-03-17_G19,10110027MONTEIROH,2026-03-17,117787,1,4,0,67.0
10110027MONTEIROH_2026-03-17_G20,10110027MONTEIROH,2026-03-17,111469,1,8,0,171.0
10110027MONTEIROH_2026-03-17_G21,10110027MONTEIROH,2026-03-17,117785,1,30,0,317.0
10110027MONTEIROH_2026-03-17_G22,10110027MONTEIROH,2026-03-17,111462,1,22,0,116.0
10110027MONTEIROH_2026-03-17_G23,10110027MONTEIROH,2026-03-17,142093,1,17,0,142.0
10110027MONTEIROH_2026-03-17_G24,10110027MONTEIROH,2026-03-17,117831,1,18,0,284.0
10110027MONTEIROH_2026-03-17_G25,10110027MONTEIROH,2026-03-17,110740,1,13,0,135.0
10110027MONTEIROH_2026-03-17_G26,10110027MONTEIROH,2026-03-17,111418,1,70,0,691.0
10110027MONTEIROH_2026-03-17_G27,10110027MONTEIROH,2026-03-17,111330,1,4,0,247.0
10110027MONTEIROH_2026-03-17_G28,10110027MONTEIROH,2026-03-17,111466,1,30,0,326.0
10110027MONTEIROH_2026-03-17_G30,10110027MONTEIROH,2026-03-17,118299,1,254,0,1118.0
10110027MONTEIROH_2026-03-18_G02,10110027MONTEIROH,2026-03-18,111902,1,2,0,192.0
10110027MONTEIROH_2026-03-18_G03,10110027MONTEIROH,2026-03-18,105167,1,4,0,97.0
10110027MONTEIROH_2026-03-18_G04,10110027MONTEIROH,2026-03-18,141166,1,6,0,316.0
10110027MONTEIROH_2026-03-18_G05,10110027MONTEIROH,2026-03-18,141166,1,6,0,161.0
10110027MONTEIROH_2026-03-18_G06,10110027MONTEIROH,2026-03-18,140923,1,6,0,255.0
10110027MONTEIROH_2026-03-18_G07,10110027MONTEIROH,2026-03-18,105242,1,2,0,58.0
10110027MONTEIROH_2026-03-18_G08,10110027MONTEIROH,2026-03-18,117855,1,4,0,94.0
10110027MONTEIROH_2026-03-18_G09,10110027MONTEIROH,2026-03-18,111530,1,16,0,194.0
10110027MONTEIROH_2026-03-18_G10,10110027MONTEIROH,2026-03-18,111530,1,12,0,330.0
10110027MONTEIROH_2026-03-18_G11,10110027MONTEIROH,2026-03-18,111530,1,8,0,60.0
10110027MONTEIROH_2026-03-18_G12,10110027MONTEIROH,2026-03-18,111530,1,4,0,36.0
10110027MONTEIROH_2026-03-18_G13,10110027MONTEIROH,2026-03-18,142093,1,10,0,117.0
10110027MONTEIROH_2026-03-18_G14,10110027MONTEIROH,2026-03-18,"110733, 111602",2,8,26,269.0
10110027MONTEIROH_2026-03-18_G15,10110027MONTEIROH,2026-03-18,111467,1,2,0,144.0
10110027MONTEIROH_2026-03-18_G16,10110027MONTEIROH,2026-03-18,111602,2,6,24,128.0
10110027MONTEIROH_2026-03-18_G17,10110027MONTEIROH,2026-03-18,111602,1,11,0,158.0
10110027MONTEIROH_2026-03-18_G18,10110027MONTEIROH,2026-03-18,109640,1,10,0,168.0
10110027MONTEIROH_2026-03-18_G19,10110027MONTEIROH,2026-03-18,117862,1,4,0,123.0
10110027MONTEIROH_2026-03-18_G20,10110027MONTEIROH,2026-03-18,110750,1,3,0,1560.0
10110027MONTEIROH_2026-03-18_G21,10110027MONTEIROH,2026-03-18,110313,1,6,0,93.0
10110027MONTEIROH_2026-03-18_G22,10110027MONTEIROH,2026-03-18,140923,1,20,0,125.0
10110027MONTEIROH_2026-03-18_G23,10110027MONTEIROH,2026-03-18,117855,1,17,0,349.0
10110027MONTEIROH_2026-03-18_G24,10110027MONTEIROH,2026-03-18,109647,1,5,0,89.0
10110027MONTEIROH_2026-03-18_G25,10110027MONTEIROH,2026-03-18,110733,1,6,0,135.0
10110027MONTEIROH_2026-03-18_G26,10110027MONTEIROH,2026-03-18,141047,1,3,0,1264.0
10110027MONTEIROH_2026-03-18_G27,10110027MONTEIROH,2026-03-18,109640,1,4,0,100.0
10110027MONTEIROH_2026-03-18_G28,10110027MONTEIROH,2026-03-18,117837,1,2,0,493.0
10110027MONTEIROH_2026-03-18_G29,10110027MONTEIROH,2026-03-18,142080,1,3,0,404.0
10110027MONTEIROH_2026-03-18_G30,10110027MONTEIROH,2026-03-18,142093,1,32,0,161.0
10110027MONTEIROH_2026-03-18_G31,10110027MONTEIROH,2026-03-18,111431,1,2,0,87.0
10110027MONTEIROH_2026-03-18_G32,10110027MONTEIROH,2026-03-18,141823,1,7,0,98.0
10110027MONTEIROH_2026-03-18_G33,10110027MONTEIROH,2026-03-18,109645,1,15,0,352.0
10110027MONTEIROH_2026-03-18_G34,10110027MONTEIROH,2026-03-18,111876,1,3,0,1202.0
10110027MONTEIROH_2026-03-18_G35,10110027MONTEIROH,2026-03-18,111465,1,4,0,848.0
10110027MONTEIROH_2026-03-18_G36,10110027MONTEIROH,2026-03-18,111419,1,2,0,193.0
10110027MONTEIROH_2026-03-18_G37,10110027MONTEIROH,2026-03-18,140922,1,4,0,91.0
10110027MONTEIROH_2026-03-18_G38,10110027MONTEIROH,2026-03-18,117842,1,2,0,48.0
10110027MONTEIROH_2026-03-18_G39,10110027MONTEIROH,2026-03-18,111348,1,2,0,57.0
10110027MONTEIROH_2026-03-18_G40,10110027MONTEIROH,2026-03-18,111462,1,6,0,47.0
10110027MONTEIROH_2026-03-18_G41,10110027MONTEIROH,2026-03-18,111462,1,8,0,57.0
10110027MONTEIROH_2026-03-18_G42,10110027MONTEIROH,2026-03-18,110751,1,2,0,46.0
10110027MONTEIROH_2026-03-18_G43,10110027MONTEIROH,2026-03-18,117821,2,5,20,52.0
10110027MONTEIROH_2026-03-18_G44,10110027MONTEIROH,2026-03-18,118330,1,2,0,114.0
10110027MONTEIROH_2026-03-18_G45,10110027MONTEIROH,2026-03-18,111466,1,7,0,67.0
10110027MONTEIROH_2026-03-18_G46,10110027MONTEIROH,2026-03-18,111466,1,7,0,55.0
10110027MONTEIROH_2026-03-18_G47,10110027MONTEIROH,2026-03-18,111743,1,6,0,48.0
10110027MONTEIROH_2026-03-18_G48,10110027MONTEIROH,2026-03-18,142093,1,12,0,130.0
10110027MONTEIROH_2026-03-18_G49,10110027MONTEIROH,2026-03-18,142093,1,12,0,316.0
10110027MONTEIROH_2026-03-18_G50,10110027MONTEIROH,2026-03-18,142093,1,3,0,228.0
10110027MONTEIROH_2026-03-18_G51,10110027MONTEIROH,2026-03-18,109641,1,2,0,68.0
10110027MONTEIROH_2026-03-18_G52,10110027MONTEIROH,2026-03-18,"109641, 117831",2,13,29,32.0
10110027MONTEIROH_2026-03-18_G53,10110027MONTEIROH,2026-03-18,107236,3,6,48,85.0
10110027MONTEIROH_2026-03-18_G54,10110027MONTEIROH,2026-03-18,111442,1,1,0,42.0
10110027MONTEIROH_2026-03-18_G55,10110027MONTEIROH,2026-03-18,110740,1,2,0,46.0
10110027MONTEIROH_2026-03-18_G56,10110027MONTEIROH,2026-03-18,117787,1,2,0,86.0
10110027MONTEIROH_2026-03-18_G57,10110027MONTEIROH,2026-03-18,110129,1,2,0,111.0
10110027MONTEIROH_2026-03-18_G58,10110027MONTEIROH,2026-03-18,141823,2,8,26,50.0
10110027MONTEIROH_2026-03-18_G59,10110027MONTEIROH,2026-03-18,105705,1,3,0,56.0
10110027MONTEIROH_2026-03-18_G60,10110027MONTEIROH,2026-03-18,111469,1,2,0,73.0
10110027MONTEIROH_2026-03-18_G61,10110027MONTEIROH,2026-03-18,111469,2,7,20,53.0
10110027MONTEIROH_2026-03-18_G62,10110027MONTEIROH,2026-03-18,141458,1,10,0,203.0
10110027MONTEIROH_2026-03-18_G63,10110027MONTEIROH,2026-03-18,141458,1,4,0,54.0
10110027MONTEIROH_2026-03-18_G64,10110027MONTEIROH,2026-03-18,111418,2,14,9,262.0
10110027MONTEIROH_2026-03-18_G65,10110027MONTEIROH,2026-03-18,140911,1,2,0,284.0
10110027MONTEIROH_2026-03-18_G66,10110027MONTEIROH,2026-03-18,140911,1,6,0,272.0
10110027MONTEIROH_2026-03-18_G67,10110027MONTEIROH,2026-03-18,110747,1,4,0,88.0
10110027MONTEIROH_2026-03-18_G68,10110027MONTEIROH,2026-03-18,117855,1,2,0,943.0
10110027MONTEIROH_2026-03-18_G69,10110027MONTEIROH,2026-03-18,117855,1,4,0,46.0
10110027MONTEIROH_2026-03-18_G70,10110027MONTEIROH,2026-03-18,118094,1,6,0,160.0
10110027MONTEIROH_2026-03-18_G71,10110027MONTEIROH,2026-03-18,111530,1,7,0,59.0
10110027MONTEIROH_2026-03-18_G72,10110027MONTEIROH,2026-03-18,118298,1,2,0,90.0
10110027MONTEIROH_2026-03-18_G73,10110027MONTEIROH,2026-03-18,110733,1,2,0,52.0
10110027MONTEIROH_2026-03-18_G74,10110027MONTEIROH,2026-03-18,111602,1,4,0,50.0
10110027MONTEIROH_2026-03-18_G75,10110027MONTEIROH,2026-03-18,117856,1,4,0,56.0
10110027MONTEIROH_2026-03-18_G76,10110027MONTEIROH,2026-03-18,117856,1,6,0,57.0
10110027MONTEIROH_2026-03-18_G77,10110027MONTEIROH,2026-03-18,110733,1,4,0,87.0
10110027MONTEIROH_2026-03-18_G78,10110027MONTEIROH,2026-03-18,110339,1,4,0,62.0
10110027MONTEIROH_2026-03-18_G79,10110027MONTEIROH,2026-03-18,108361,1,2,0,74.0
10110027MONTEIROH_2026-03-18_G80,10110027MONTEIROH,2026-03-18,141047,1,2,0,64.0
10110027MONTEIROH_2026-03-18_G81,10110027MONTEIROH,2026-03-18,109640,1,1,0,49.0
10110027MONTEIROH_2026-03-18_G82,10110027MONTEIROH,2026-03-18,109640,1,4,0,83.0
10110027MONTEIROH_2026-03-18_G83,10110027MONTEIROH,2026-03-18,117862,1,10,0,426.0
10110027MONTEIROH_2026-03-18_G84,10110027MONTEIROH,2026-03-18,117862,1,4,0,56.0
10110027MONTEIROH_2026-03-18_G85,10110027MONTEIROH,2026-03-18,141166,1,2,0,198.0
10110027MONTEIROH_2026-03-18_G87,10110027MONTEIROH,2026-03-18,111435,1,2,0,154.0
10110027MONTEIROH_2026-03-18_G88,10110027MONTEIROH,2026-03-18,118317,1,8,0,816.0
10110027MONTEIROH_2026-03-18_G89,10110027MONTEIROH,2026-03-18,111532,1,6,0,69.0
10110027MONTEIROH_2026-03-18_G90,10110027MONTEIROH,2026-03-18,111466,1,8,0,163.0
10110027MONTEIROH_2026-03-18_G91,10110027MONTEIROH,2026-03-18,111530,1,4,0,65.0
10110027MONTEIROH_2026-03-18_G92,10110027MONTEIROH,2026-03-18,111876,1,4,0,1736.0
10110027MONTEIROH_2026-03-18_G93,10110027MONTEIROH,2026-03-18,117855,1,10,0,1444.0
10110027MONTEIROH_2026-03-18_G94,10110027MONTEIROH,2026-03-18,117853,1,2,0,148.0
10110027MONTEIROH_2026-03-18_G95,10110027MONTEIROH,2026-03-18,118299,1,17,0,646.0
10110027MONTEIROH_2026-03-19_G02,10110027MONTEIROH,2026-03-19,141140,1,20,0,435.0
10110027MONTEIROH_2026-03-19_G03,10110027MONTEIROH,2026-03-19,111634,1,30,0,690.0
10110027MONTEIROH_2026-03-19_G04,10110027MONTEIROH,2026-03-19,141262,1,12,0,664.0
10110027MONTEIROH_2026-03-19_G05,10110027MONTEIROH,2026-03-19,141166,1,4,0,262.0
10110027MONTEIROH_2026-03-19_G06,10110027MONTEIROH,2026-03-19,117861,1,2,0,214.0
10110027MONTEIROH_2026-03-19_G07,10110027MONTEIROH,2026-03-19,117862,1,3,0,123.0
10110027MONTEIROH_2026-03-19_G08,10110027MONTEIROH,2026-03-19,111330,1,3,0,222.0
10110027MONTEIROH_2026-03-19_G09,10110027MONTEIROH,2026-03-19,111348,1,4,0,164.0
10110027MONTEIROH_2026-03-19_G10,10110027MONTEIROH,2026-03-19,111462,1,4,0,263.0
10110027MONTEIROH_2026-03-19_G11,10110027MONTEIROH,2026-03-19,117821,1,3,0,58.0
10110027MONTEIROH_2026-03-19_G12,10110027MONTEIROH,2026-03-19,109641,1,6,0,62.0
10110027MONTEIROH_2026-03-19_G13,10110027MONTEIROH,2026-03-19,117833,1,2,0,174.0
10110027MONTEIROH_2026-03-19_G14,10110027MONTEIROH,2026-03-19,109645,1,3,0,94.0
10110027MONTEIROH_2026-03-19_G15,10110027MONTEIROH,2026-03-19,141823,1,8,0,375.0
10110027MONTEIROH_2026-03-19_G16,10110027MONTEIROH,2026-03-19,117808,1,19,0,231.0
10110027MONTEIROH_2026-03-19_G17,10110027MONTEIROH,2026-03-19,117809,1,7,0,65.0
10110027MONTEIROH_2026-03-19_G18,10110027MONTEIROH,2026-03-19,117820,1,17,0,127.0
10110027MONTEIROH_2026-03-19_G19,10110027MONTEIROH,2026-03-19,110373,1,22,0,111.0
10110027MONTEIROH_2026-03-19_G20,10110027MONTEIROH,2026-03-19,110371,1,3,0,222.0
10110027MONTEIROH_2026-03-19_G21,10110027MONTEIROH,2026-03-19,117830,1,2,0,67.0
10110027MONTEIROH_2026-03-19_G22,10110027MONTEIROH,2026-03-19,110372,1,42,0,296.0
10110027MONTEIROH_2026-03-19_G23,10110027MONTEIROH,2026-03-19,118299,1,26,0,259.0
10110027MONTEIROH_2026-03-19_G24,10110027MONTEIROH,2026-03-19,111602,1,7,0,194.0
10110027MONTEIROH_2026-03-19_G25,10110027MONTEIROH,2026-03-19,111172,1,1,0,308.0
10110027MONTEIROH_2026-03-19_G26,10110027MONTEIROH,2026-03-19,111722,1,1,0,1121.0
10110027MONTEIROH_2026-03-19_G27,10110027MONTEIROH,2026-03-19,111741,1,60,0,912.0
10110027MONTEIROH_2026-03-19_G28,10110027MONTEIROH,2026-03-19,111751,1,75,0,773.0
10110027MONTEIROH_2026-03-19_G29,10110027MONTEIROH,2026-03-19,141262,1,2,0,334.0
10110027MONTEIROH_2026-03-19_G30,10110027MONTEIROH,2026-03-19,141262,1,88,0,475.0
10110027MONTEIROH_2026-03-19_G31,10110027MONTEIROH,2026-03-19,111602,1,4,0,337.0
10110027MONTEIROH_2026-03-19_G32,10110027MONTEIROH,2026-03-19,141262,1,20,0,439.0
10110027MONTEIROH_2026-03-19_G34,10110027MONTEIROH,2026-03-19,120028,1,2,0,183.0
10110027MONTEIROH_2026-03-19_G35,10110027MONTEIROH,2026-03-19,120028,1,18,0,556.0
10110027MONTEIROH_2026-03-19_G36,10110027MONTEIROH,2026-03-19,124486,1,6,0,166.0
10110027MONTEIROH_2026-03-19_G38,10110027MONTEIROH,2026-03-19,122962,1,4,0,1028.0
10110027MONTEIROH_2026-03-19_G39,10110027MONTEIROH,2026-03-19,124486,1,14,0,411.0
10110027MONTEIROH_2026-03-19_G40,10110027MONTEIROH,2026-03-19,122962,1,30,0,865.0
10110027MONTEIROH_2026-03-19_G41,10110027MONTEIROH,2026-03-19,120028,1,16,0,394.0
10110027MONTEIROH_2026-03-19_G42,10110027MONTEIROH,2026-03-19,122962,1,5,0,259.0
10110027MONTEIROH_2026-03-19_G43,10110027MONTEIROH,2026-03-19,123909,1,12,0,511.0
10110027MONTEIROH_2026-03-19_G44,10110027MONTEIROH,2026-03-19,120389,1,20,0,440.0
10110027MONTEIROH_2026-03-19_G45,10110027MONTEIROH,2026-03-19,124476,1,6,0,254.0
10110027MONTEIROH_2026-03-19_G46,10110027MONTEIROH,2026-03-19,122962,1,8,0,200.0
10110027MONTEIROH_2026-03-19_G47,10110027MONTEIROH,2026-03-19,124475,1,8,0,375.0
10110027MONTEIROH_2026-03-19_G48,10110027MONTEIROH,2026-03-19,122982,1,16,0,433.0
10110027MONTEIROH_2026-03-19_G49,10110027MONTEIROH,2026-03-19,122988,1,10,0,403.0
10110027MONTEIROH_2026-03-19_G50,10110027MONTEIROH,2026-03-19,124582,1,8,0,181.0
10110027MONTEIROH_2026-03-20_G02,10110027MONTEIROH,2026-03-20,109640,6,84,63,95.0
10110027MONTEIROH_2026-03-20_G03,10110027MONTEIROH,2026-03-20,118317,1,4,0,585.0
10110027MONTEIROH_2026-03-20_G04,10110027MONTEIROH,2026-03-20,142080,2,8,26,104.0
10110027MONTEIROH_2026-03-20_G05,10110027MONTEIROH,2026-03-20,117808,1,4,0,129.0
10110027MONTEIROH_2026-03-20_G06,10110027MONTEIROH,2026-03-20,118299,1,6,0,191.0
10110027MONTEIROH_2026-03-20_G07,10110027MONTEIROH,2026-03-20,117830,1,8,0,91.0
10110027MONTEIROH_2026-03-20_G08,10110027MONTEIROH,2026-03-20,160055,1,3,0,305.0
10110027MONTEIROH_2026-03-20_G09,10110027MONTEIROH,2026-03-20,110371,1,7,0,829.0
10110027MONTEIROH_2026-03-20_G10,10110027MONTEIROH,2026-03-20,111759,1,7,0,1976.0
10110027MONTEIROH_2026-03-20_G11,10110027MONTEIROH,2026-03-20,111761,1,12,0,571.0
10110027MONTEIROH_2026-03-20_G12,10110027MONTEIROH,2026-03-20,140922,2,22,15,620.0
10110027MONTEIROH_2026-03-20_G13,10110027MONTEIROH,2026-03-20,111462,1,7,0,146.0
10110027MONTEIROH_2026-03-20_G14,10110027MONTEIROH,2026-03-20,111723,1,22,0,276.0
10110027MONTEIROH_2026-03-20_G15,10110027MONTEIROH,2026-03-20,111418,1,14,0,129.0
10110027MONTEIROH_2026-03-20_G16,10110027MONTEIROH,2026-03-20,111418,1,88,0,436.0
10110027MONTEIROH_2026-03-20_G17,10110027MONTEIROH,2026-03-20,111466,1,43,0,574.0
10110027MONTEIROH_2026-03-20_G18,10110027MONTEIROH,2026-03-20,111172,1,38,0,2776.0
10110027MONTEIROH_2026-03-20_G19,10110027MONTEIROH,2026-03-20,111433,1,3,0,254.0
10110027MONTEIROH_2026-03-20_G20,10110027MONTEIROH,2026-03-20,111602,1,12,0,302.0
10110027MONTEIROH_2026-03-20_G21,10110027MONTEIROH,2026-03-20,140922,1,4,0,134.0
10110027MONTEIROH_2026-03-20_G22,10110027MONTEIROH,2026-03-20,140923,1,12,0,148.0
10110027MONTEIROH_2026-03-20_G23,10110027MONTEIROH,2026-03-20,109643,1,6,0,295.0
10110027MONTEIROH_2026-03-20_G24,10110027MONTEIROH,2026-03-20,111469,1,24,0,264.0
10110027MONTEIROH_2026-03-20_G25,10110027MONTEIROH,2026-03-20,111602,1,9,0,310.0
10110027MONTEIROH_2026-03-20_G26,10110027MONTEIROH,2026-03-20,111172,1,4,0,126.0
10110027MONTEIROH_2026-03-20_G27,10110027MONTEIROH,2026-03-20,111465,1,2,0,185.0
10110027MONTEIROH_2026-03-20_G28,10110027MONTEIROH,2026-03-20,111530,1,13,0,206.0
10110027MONTEIROH_2026-03-20_G29,10110027MONTEIROH,2026-03-20,110373,1,100,0,539.0
10110027MONTEIROH_2026-03-20_G30,10110027MONTEIROH,2026-03-20,110373,1,200,0,1171.0
10110027MONTEIROH_2026-03-20_G31,10110027MONTEIROH,2026-03-20,118299,1,200,0,557.0
10110027MONTEIROH_2026-03-20_G32,10110027MONTEIROH,2026-03-20,111436,1,8,0,1073.0
10110027MONTEIROH_2026-03-20_G33,10110027MONTEIROH,2026-03-20,117834,1,10,0,389.0
10110027MONTEIROH_2026-03-20_G34,10110027MONTEIROH,2026-03-20,111430,1,10,0,761.0
10110027MONTEIROH_2026-03-20_G36,10110027MONTEIROH,2026-03-20,117820,2,22,23,211.0
10110027MONTEIROH_2026-03-20_G37,10110027MONTEIROH,2026-03-20,117808,1,2,0,64.0
10110027MONTEIROH_2026-03-20_G38,10110027MONTEIROH,2026-03-20,117808,1,5,0,33.0
10110027MONTEIROH_2026-03-20_G39,10110027MONTEIROH,2026-03-20,110372,2,16,21,136.0
10110027MONTEIROH_2026-03-20_G40,10110027MONTEIROH,2026-03-20,110372,1,10,0,49.0
10110027MONTEIROH_2026-03-20_G41,10110027MONTEIROH,2026-03-20,110325,1,1,0,153.0
10110027MONTEIROH_2026-03-20_G42,10110027MONTEIROH,2026-03-20,110325,1,7,0,53.0
10110027MONTEIROH_2026-03-20_G43,10110027MONTEIROH,2026-03-20,160053,1,2,0,451.0
10110027MONTEIROH_2026-03-20_G44,10110027MONTEIROH,2026-03-20,160051,1,4,0,113.0
10110027MONTEIROH_2026-03-20_G45,10110027MONTEIROH,2026-03-20,118299,1,8,0,414.0
10110027MONTEIROH_2026-03-20_G46,10110027MONTEIROH,2026-03-20,117832,1,2,0,54.0
10110027MONTEIROH_2026-03-20_G47,10110027MONTEIROH,2026-03-20,117832,1,10,0,47.0
10110027MONTEIROH_2026-03-20_G48,10110027MONTEIROH,2026-03-20,117832,1,9,0,94.0
10110027MONTEIROH_2026-03-20_G49,10110027MONTEIROH,2026-03-20,117830,1,7,0,78.0
10110027MONTEIROH_2026-03-20_G50,10110027MONTEIROH,2026-03-20,117821,1,7,0,192.0
10110027MONTEIROH_2026-03-20_G51,10110027MONTEIROH,2026-03-20,111418,1,10,0,108.0
10110027MONTEIROH_2026-03-20_G52,10110027MONTEIROH,2026-03-20,117831,1,3,0,108.0
10110027MONTEIROH_2026-03-20_G53,10110027MONTEIROH,2026-03-20,111442,1,6,0,93.0
10110027MONTEIROH_2026-03-20_G54,10110027MONTEIROH,2026-03-20,110740,1,3,0,55.0
10110027MONTEIROH_2026-03-20_G55,10110027MONTEIROH,2026-03-20,117833,1,2,0,138.0
10110027MONTEIROH_2026-03-20_G56,10110027MONTEIROH,2026-03-20,118223,1,1,0,39.0
10110027MONTEIROH_2026-03-20_G57,10110027MONTEIROH,2026-03-20,111468,1,2,0,35.0
10110027MONTEIROH_2026-03-20_G58,10110027MONTEIROH,2026-03-20,117787,1,2,0,83.0
10110027MONTEIROH_2026-03-20_G59,10110027MONTEIROH,2026-03-20,141823,1,6,0,118.0
10110027MONTEIROH_2026-03-20_G60,10110027MONTEIROH,2026-03-20,111469,1,11,0,489.0
10110027MONTEIROH_2026-03-20_G61,10110027MONTEIROH,2026-03-20,141458,1,26,0,60.0
10110027MONTEIROH_2026-03-20_G62,10110027MONTEIROH,2026-03-20,111463,1,15,0,409.0
10110027MONTEIROH_2026-03-20_G63,10110027MONTEIROH,2026-03-20,109647,1,2,0,246.0
10110027MONTEIROH_2026-03-20_G64,10110027MONTEIROH,2026-03-20,117861,1,12,0,273.0
10110027MONTEIROH_2026-03-20_G65,10110027MONTEIROH,2026-03-20,109640,1,6,0,80.0
10110027MONTEIROH_2026-03-20_G66,10110027MONTEIROH,2026-03-20,109640,1,2,0,31.0
10110027MONTEIROH_2026-03-20_G67,10110027MONTEIROH,2026-03-20,141166,1,2,0,442.0
10110027MONTEIROH_2026-03-20_G68,10110027MONTEIROH,2026-03-20,141318,1,1,0,95.0
10110027MONTEIROH_2026-03-20_G69,10110027MONTEIROH,2026-03-20,117835,1,9,0,483.0
10110027MONTEIROH_2026-03-20_G70,10110027MONTEIROH,2026-03-20,110582,1,1,0,82.0
10110027MONTEIROH_2026-03-20_G71,10110027MONTEIROH,2026-03-20,110747,1,4,0,123.0
10110027MONTEIROH_2026-03-20_G72,10110027MONTEIROH,2026-03-20,117820,1,4,0,628.0
10110027MONTEIROH_2026-03-21_G02,10110027MONTEIROH,2026-03-21,117820,1,4,0,148.0
10110027MONTEIROH_2026-03-21_G03,10110027MONTEIROH,2026-03-21,110787,1,10,0,207.0
10110027MONTEIROH_2026-03-21_G04,10110027MONTEIROH,2026-03-21,142093,1,8,0,255.0
10110027MONTEIROH_2026-03-21_G05,10110027MONTEIROH,2026-03-21,110372,1,21,0,124.0
10110027MONTEIROH_2026-03-21_G06,10110027MONTEIROH,2026-03-21,117808,1,12,0,104.0
10110027MONTEIROH_2026-03-21_G07,10110027MONTEIROH,2026-03-21,118299,1,4,0,111.0
10110027MONTEIROH_2026-03-21_G08,10110027MONTEIROH,2026-03-21,111468,1,1,0,54.0
10110027MONTEIROH_2026-03-21_G09,10110027MONTEIROH,2026-03-21,111463,1,18,0,139.0
10110027MONTEIROH_2026-03-21_G10,10110027MONTEIROH,2026-03-21,111463,1,16,0,475.0
10110027MONTEIROH_2026-03-21_G11,10110027MONTEIROH,2026-03-21,111433,1,8,0,123.0
10110027MONTEIROH_2026-03-21_G12,10110027MONTEIROH,2026-03-21,117830,1,6,0,165.0
10110027MONTEIROH_2026-03-21_G13,10110027MONTEIROH,2026-03-21,160055,1,4,0,178.0
10110027MONTEIROH_2026-03-21_G14,10110027MONTEIROH,2026-03-21,110373,1,16,0,1424.0
10110027MONTEIROH_2026-03-21_G15,10110027MONTEIROH,2026-03-21,117808,1,8,0,156.0
10110027MONTEIROH_2026-03-21_G16,10110027MONTEIROH,2026-03-21,118299,1,6,0,119.0
10110027MONTEIROH_2026-03-21_G17,10110027MONTEIROH,2026-03-21,110371,1,8,0,81.0
10110027MONTEIROH_2026-03-21_G18,10110027MONTEIROH,2026-03-21,118277,1,2,0,393.0
10110027MONTEIROH_2026-03-21_G19,10110027MONTEIROH,2026-03-21,111532,1,9,0,118.0
10110027MONTEIROH_2026-03-21_G20,10110027MONTEIROH,2026-03-21,111532,1,4,0,33.0
10110027MONTEIROH_2026-03-21_G21,10110027MONTEIROH,2026-03-21,111532,1,13,0,279.0
10110027MONTEIROH_2026-03-21_G22,10110027MONTEIROH,2026-03-21,117821,1,2,0,81.0
10110027MONTEIROH_2026-03-21_G23,10110027MONTEIROH,2026-03-21,111418,1,8,0,1791.0
10110027MONTEIROH_2026-03-21_G24,10110027MONTEIROH,2026-03-21,142093,1,5,0,99.0
10110027MONTEIROH_2026-03-21_G25,10110027MONTEIROH,2026-03-21,110787,3,20,24,144.0
10110027MONTEIROH_2026-03-21_G26,10110027MONTEIROH,2026-03-21,117809,1,8,0,1286.0
10110027MONTEIROH_2026-03-21_G27,10110027MONTEIROH,2026-03-21,110325,1,5,0,120.0
10110027MONTEIROH_2026-03-21_G28,10110027MONTEIROH,2026-03-21,110375,1,8,0,94.0
10110027MONTEIROH_2026-03-21_G29,10110027MONTEIROH,2026-03-21,110371,1,45,0,274.0
10110027MONTEIROH_2026-03-21_G30,10110027MONTEIROH,2026-03-21,117808,1,500,0,1110.0
10110027MONTEIROH_2026-03-21_G31,10110027MONTEIROH,2026-03-21,118299,1,260,0,913.0
10110027MONTEIROH_2026-03-21_G32,10110027MONTEIROH,2026-03-21,110787,1,13,0,266.0
10110027MONTEIROH_2026-03-21_G33,10110027MONTEIROH,2026-03-21,111532,1,8,0,310.0
10110027MONTEIROH_2026-03-21_G34,10110027MONTEIROH,2026-03-21,117785,1,10,0,138.0
10110027MONTEIROH_2026-03-21_G35,10110027MONTEIROH,2026-03-21,111418,1,20,0,239.0
10110027MONTEIROH_2026-03-21_G36,10110027MONTEIROH,2026-03-21,111463,1,6,0,87.0
10110027MONTEIROH_2026-03-21_G37,10110027MONTEIROH,2026-03-21,111433,1,4,0,78.0
10110027MONTEIROH_2026-03-21_G38,10110027MONTEIROH,2026-03-21,109645,1,12,0,420.0
10110027MONTEIROH_2026-03-21_G39,10110027MONTEIROH,2026-03-21,111466,1,24,0,278.0
10110027MONTEIROH_2026-03-21_G40,10110027MONTEIROH,2026-03-21,111443,1,4,0,489.0
10110027MONTEIROH_2026-03-21_G41,10110027MONTEIROH,2026-03-21,111876,1,3,0,331.0
10110027MONTEIROH_2026-03-21_G42,10110027MONTEIROH,2026-03-21,"117855, 141166",2,16,22,296.0
10110027MONTEIROH_2026-03-21_G43,10110027MONTEIROH,2026-03-21,109640,1,3,0,171.0
10110027MONTEIROH_2026-03-21_G44,10110027MONTEIROH,2026-03-21,111438,1,4,0,409.0
10110027MONTEIROH_2026-03-21_G45,10110027MONTEIROH,2026-03-21,111602,1,27,0,220.0
10110027MONTEIROH_2026-03-21_G46,10110027MONTEIROH,2026-03-21,117862,1,18,0,188.0
10110027MONTEIROH_2026-03-21_G47,10110027MONTEIROH,2026-03-21,111463,1,18,0,1406.0
10110027MONTEIROH_2026-03-21_G48,10110027MONTEIROH,2026-03-21,111433,1,6,0,80.0
10110027MONTEIROH_2026-03-21_G49,10110027MONTEIROH,2026-03-21,110787,1,15,0,93.0
10110027MONTEIROH_2026-03-21_G50,10110027MONTEIROH,2026-03-21,141823,1,8,0,97.0
10110027MONTEIROH_2026-03-21_G51,10110027MONTEIROH,2026-03-21,111469,1,10,0,79.0
10110027MONTEIROH_2026-03-21_G52,10110027MONTEIROH,2026-03-21,110787,1,13,0,367.0
10110027MONTEIROH_2026-03-21_G53,10110027MONTEIROH,2026-03-21,140923,1,15,0,1421.0
10110027MONTEIROH_2026-03-21_G54,10110027MONTEIROH,2026-03-21,140923,1,6,0,72.0
10110027MONTEIROH_2026-03-21_G56,10110027MONTEIROH,2026-03-21,110375,1,3,0,59.0
10110027MONTEIROH_2026-03-21_G57,10110027MONTEIROH,2026-03-21,111348,2,19,28,239.0
10110027MONTEIROH_2026-03-21_G58,10110027MONTEIROH,2026-03-21,111465,1,1,0,65.0
10110027MONTEIROH_2026-03-21_G59,10110027MONTEIROH,2026-03-21,160055,1,10,0,144.0
10110027MONTEIROH_2026-03-21_G60,10110027MONTEIROH,2026-03-21,111442,1,6,0,439.0
10110027MONTEIROH_2026-03-21_G61,10110027MONTEIROH,2026-03-21,118416,1,3,0,353.0
10110027MONTEIROH_2026-03-21_G62,10110027MONTEIROH,2026-03-21,111602,1,17,0,361.0
10110027MONTEIROH_2026-03-23_G02,10110027MONTEIROH,2026-03-23,142045,1,24,0,491.0
10110027MONTEIROH_2026-03-23_G03,10110027MONTEIROH,2026-03-23,111468,1,4,0,821.0
10110027MONTEIROH_2026-03-23_G04,10110027MONTEIROH,2026-03-23,111463,1,1,0,102.0
10110027MONTEIROH_2026-03-23_G05,10110027MONTEIROH,2026-03-23,140923,1,4,0,192.0
10110027MONTEIROH_2026-03-23_G06,10110027MONTEIROH,2026-03-23,110374,1,2,0,431.0
10110027MONTEIROH_2026-03-23_G07,10110027MONTEIROH,2026-03-23,110325,1,2,0,156.0
10110027MONTEIROH_2026-03-23_G08,10110027MONTEIROH,2026-03-23,110787,1,4,0,142.0
10110027MONTEIROH_2026-03-23_G09,10110027MONTEIROH,2026-03-23,160051,1,10,0,200.0
10110027MONTEIROH_2026-03-23_G10,10110027MONTEIROH,2026-03-23,140922,1,3,0,173.0
10110027MONTEIROH_2026-03-23_G11,10110027MONTEIROH,2026-03-23,111463,1,4,0,524.0
10110027MONTEIROH_2026-03-23_G12,10110027MONTEIROH,2026-03-23,111467,1,2,0,242.0
10110027MONTEIROH_2026-03-23_G13,10110027MONTEIROH,2026-03-23,117853,1,2,0,685.0
10110027MONTEIROH_2026-03-23_G14,10110027MONTEIROH,2026-03-23,111743,1,4,0,203.0
10110027MONTEIROH_2026-03-23_G15,10110027MONTEIROH,2026-03-23,111468,1,6,0,1054.0
10110027MONTEIROH_2026-03-23_G16,10110027MONTEIROH,2026-03-23,110787,1,5,0,563.0
10110027MONTEIROH_2026-03-23_G17,10110027MONTEIROH,2026-03-23,160051,1,16,0,257.0
10110027MONTEIROH_2026-03-23_G18,10110027MONTEIROH,2026-03-23,111532,1,23,0,231.0
10110027MONTEIROH_2026-03-23_G19,10110027MONTEIROH,2026-03-23,111532,1,27,0,978.0
10110027MONTEIROH_2026-03-23_G20,10110027MONTEIROH,2026-03-23,111468,1,2,0,79.0
10110027MONTEIROH_2026-03-23_G21,10110027MONTEIROH,2026-03-23,110787,1,7,0,101.0
10110027MONTEIROH_2026-03-23_G22,10110027MONTEIROH,2026-03-23,110372,1,1,0,308.0
10110027MONTEIROH_2026-03-23_G23,10110027MONTEIROH,2026-03-23,117808,1,20,0,160.0
10110027MONTEIROH_2026-03-23_G24,10110027MONTEIROH,2026-03-23,111418,1,8,0,227.0
10110027MONTEIROH_2026-03-23_G25,10110027MONTEIROH,2026-03-23,111463,1,2,0,137.0
10110027MONTEIROH_2026-03-23_G26,10110027MONTEIROH,2026-03-23,110787,1,6,0,125.0
10110027MONTEIROH_2026-03-23_G27,10110027MONTEIROH,2026-03-23,141916,1,2,0,104.0
10110027MONTEIROH_2026-03-23_G28,10110027MONTEIROH,2026-03-23,111569,1,2,0,83.0
10110027MONTEIROH_2026-03-23_G29,10110027MONTEIROH,2026-03-23,118299,1,2,0,269.0
10110027MONTEIROH_2026-03-23_G30,10110027MONTEIROH,2026-03-23,110372,1,6,0,381.0
10110027MONTEIROH_2026-03-23_G31,10110027MONTEIROH,2026-03-23,110371,1,2,0,96.0
10110027MONTEIROH_2026-03-23_G32,10110027MONTEIROH,2026-03-23,111463,1,1,0,88.0
10110027MONTEIROH_2026-03-23_G33,10110027MONTEIROH,2026-03-23,141916,1,4,0,130.0
10110027MONTEIROH_2026-03-23_G34,10110027MONTEIROH,2026-03-23,110787,1,2,0,123.0
10110027MONTEIROH_2026-03-23_G35,10110027MONTEIROH,2026-03-23,110375,1,4,0,325.0
10110027MONTEIROH_2026-03-23_G36,10110027MONTEIROH,2026-03-23,111468,1,1,0,186.0
10110027MONTEIROH_2026-03-23_G37,10110027MONTEIROH,2026-03-23,110787,1,2,0,54.0
10110027MONTEIROH_2026-03-23_G38,10110027MONTEIROH,2026-03-23,110787,1,2,0,1684.0
10110027MONTEIROH_2026-03-23_G39,10110027MONTEIROH,2026-03-23,117808,1,9,0,244.0
10110027MONTEIROH_2026-03-23_G40,10110027MONTEIROH,2026-03-23,142093,1,2,0,132.0
10110027MONTEIROH_2026-03-23_G41,10110027MONTEIROH,2026-03-23,111438,1,2,0,71.0
10110027MONTEIROH_2026-03-23_G42,10110027MONTEIROH,2026-03-23,109640,1,4,0,143.0
10110027MONTEIROH_2026-03-23_G43,10110027MONTEIROH,2026-03-23,111602,1,16,0,272.0
10110027MONTEIROH_2026-03-23_G44,10110027MONTEIROH,2026-03-23,118299,1,9,0,190.0
10110027MONTEIROH_2026-03-23_G45,10110027MONTEIROH,2026-03-23,109643,1,2,0,68.0
10110027MONTEIROH_2026-03-23_G46,10110027MONTEIROH,2026-03-23,110372,1,4,0,95.0
10110027MONTEIROH_2026-03-23_G47,10110027MONTEIROH,2026-03-23,111532,1,6,0,139.0
10110027MONTEIROH_2026-03-23_G48,10110027MONTEIROH,2026-03-23,111462,1,2,0,61.0
10110027MONTEIROH_2026-03-23_G49,10110027MONTEIROH,2026-03-23,142093,1,3,0,101.0
10110027MONTEIROH_2026-03-23_G50,10110027MONTEIROH,2026-03-23,111418,1,8,0,118.0
10110027MONTEIROH_2026-03-23_G51,10110027MONTEIROH,2026-03-23,111469,1,6,0,267.0
10110027MONTEIROH_2026-03-23_G52,10110027MONTEIROH,2026-03-23,111463,1,2,0,145.0
10110027MONTEIROH_2026-03-23_G53,10110027MONTEIROH,2026-03-23,111433,1,2,0,348.0
10110027MONTEIROH_2026-03-23_G54,10110027MONTEIROH,2026-03-23,110787,2,10,20,80.0
10110027MONTEIROH_2026-03-23_G55,10110027MONTEIROH,2026-03-23,110740,1,2,0,71.0
10110027MONTEIROH_2026-03-23_G56,10110027MONTEIROH,2026-03-23,111602,1,4,0,112.0
10110027MONTEIROH_2026-03-23_G57,10110027MONTEIROH,2026-03-23,100334,1,2,0,247.0
10110027MONTEIROH_2026-03-23_G58,10110027MONTEIROH,2026-03-23,140911,1,2,0,1415.0
10110027MONTEIROH_2026-03-23_G59,10110027MONTEIROH,2026-03-23,111433,1,4,0,120.0
10110027MONTEIROH_2026-03-23_G60,10110027MONTEIROH,2026-03-23,110787,1,10,0,153.0
10110027MONTEIROH_2026-03-23_G61,10110027MONTEIROH,2026-03-23,111468,1,4,0,138.0
10110027MONTEIROH_2026-03-23_G62,10110027MONTEIROH,2026-03-23,111463,1,48,0,122.0
10110027MONTEIROH_2026-03-23_G63,10110027MONTEIROH,2026-03-23,118299,1,2,0,323.0
10110027MONTEIROH_2026-03-23_G64,10110027MONTEIROH,2026-03-23,109643,1,3,0,45.0
10110027MONTEIROH_2026-03-23_G65,10110027MONTEIROH,2026-03-23,117808,1,2,0,68.0
10110027MONTEIROH_2026-03-23_G66,10110027MONTEIROH,2026-03-23,110325,1,1,0,58.0
10110027MONTEIROH_2026-03-23_G67,10110027MONTEIROH,2026-03-23,111532,1,2,0,580.0
10110027MONTEIROH_2026-03-23_G68,10110027MONTEIROH,2026-03-23,142093,1,12,0,134.0
10110027MONTEIROH_2026-03-23_G69,10110027MONTEIROH,2026-03-23,110787,1,1,0,132.0
10110027MONTEIROH_2026-03-23_G70,10110027MONTEIROH,2026-03-23,141458,1,6,0,94.0
10110027MONTEIROH_2026-03-23_G71,10110027MONTEIROH,2026-03-23,110374,1,3,0,956.0
10110027MONTEIROH_2026-03-23_G72,10110027MONTEIROH,2026-03-23,117820,1,10,0,102.0
10110027MONTEIROH_2026-03-23_G73,10110027MONTEIROH,2026-03-23,110373,1,4,0,51.0
10110027MONTEIROH_2026-03-23_G74,10110027MONTEIROH,2026-03-23,110371,1,2,0,143.0
10110027MONTEIROH_2026-03-23_G75,10110027MONTEIROH,2026-03-23,117830,1,5,0,58.0
10110027MONTEIROH_2026-03-23_G76,10110027MONTEIROH,2026-03-23,117821,1,2,0,185.0
10110027MONTEIROH_2026-03-23_G78,10110027MONTEIROH,2026-03-23,111469,1,11,0,101.0
10110027MONTEIROH_2026-03-23_G79,10110027MONTEIROH,2026-03-23,111442,1,3,0,74.0
10110027MONTEIROH_2026-03-23_G80,10110027MONTEIROH,2026-03-23,111463,1,5,0,98.0
10110027MONTEIROH_2026-03-23_G81,10110027MONTEIROH,2026-03-23,110787,1,5,0,71.0
10110027MONTEIROH_2026-03-23_G82,10110027MONTEIROH,2026-03-23,110740,1,8,0,85.0
10110027MONTEIROH_2026-03-23_G83,10110027MONTEIROH,2026-03-23,110129,1,4,0,67.0
10110027MONTEIROH_2026-03-23_G84,10110027MONTEIROH,2026-03-23,141823,1,3,0,48.0
10110027MONTEIROH_2026-03-23_G85,10110027MONTEIROH,2026-03-23,111466,1,10,0,127.0
10110027MONTEIROH_2026-03-23_G86,10110027MONTEIROH,2026-03-23,141458,1,4,0,56.0
10110027MONTEIROH_2026-03-23_G87,10110027MONTEIROH,2026-03-23,142093,1,4,0,293.0
10110027MONTEIROH_2026-03-23_G88,10110027MONTEIROH,2026-03-23,117855,1,5,0,228.0
10110027MONTEIROH_2026-03-23_G89,10110027MONTEIROH,2026-03-23,111530,1,12,0,157.0
10110027MONTEIROH_2026-03-23_G90,10110027MONTEIROH,2026-03-23,140923,1,4,0,118.0
10110027MONTEIROH_2026-03-23_G91,10110027MONTEIROH,2026-03-23,111602,1,8,0,80.0
10110027MONTEIROH_2026-03-23_G92,10110027MONTEIROH,2026-03-23,141166,1,4,0,65.0
10110027MONTEIROH_2026-03-23_G93,10110027MONTEIROH,2026-03-23,117856,1,4,0,80.0
10110027MONTEIROH_2026-03-23_G94,10110027MONTEIROH,2026-03-23,111467,1,3,0,450.0
10110027MONTEIROH_2026-03-23_G95,10110027MONTEIROH,2026-03-23,110374,1,6,0,509.0
10110027MONTEIROH_2026-03-23_G96,10110027MONTEIROH,2026-03-23,117820,1,8,0,79.0
10110027MONTEIROH_2026-03-23_G97,10110027MONTEIROH,2026-03-23,110373,1,8,0,57.0
10110027MONTEIROH_2026-03-23_G98,10110027MONTEIROH,2026-03-23,117830,1,8,0,252.0
10110027MONTEIROH_2026-03-23_G99,10110027MONTEIROH,2026-03-23,141166,1,4,0,193.0
10110027MONTEIROH_2026-03-23_G100,10110027MONTEIROH,2026-03-23,117856,1,10,0,140.0
10110027MONTEIROH_2026-03-23_G101,10110027MONTEIROH,2026-03-23,110339,1,1,0,40.0
10110027MONTEIROH_2026-03-24_G02,10110027MONTEIROH,2026-03-24,141457,1,4,0,1020.0
10110027MONTEIROH_2026-03-24_G03,10110027MONTEIROH,2026-03-24,110374,1,3,0,630.0
10110027MONTEIROH_2026-03-24_G04,10110027MONTEIROH,2026-03-24,117820,1,8,0,91.0
10110027MONTEIROH_2026-03-24_G05,10110027MONTEIROH,2026-03-24,110373,1,16,0,63.0
10110027MONTEIROH_2026-03-24_G06,10110027MONTEIROH,2026-03-24,117808,1,11,0,154.0
10110027MONTEIROH_2026-03-24_G07,10110027MONTEIROH,2026-03-24,110375,1,4,0,57.0
10110027MONTEIROH_2026-03-24_G08,10110027MONTEIROH,2026-03-24,117832,1,5,0,83.0
10110027MONTEIROH_2026-03-24_G09,10110027MONTEIROH,2026-03-24,110371,1,25,0,176.0
10110027MONTEIROH_2026-03-24_G10,10110027MONTEIROH,2026-03-24,117830,1,3,0,64.0
10110027MONTEIROH_2026-03-24_G11,10110027MONTEIROH,2026-03-24,110325,1,3,0,410.0
10110027MONTEIROH_2026-03-24_G12,10110027MONTEIROH,2026-03-24,110372,1,40,0,409.0
10110027MONTEIROH_2026-03-24_G13,10110027MONTEIROH,2026-03-24,140922,1,5,0,156.0
10110027MONTEIROH_2026-03-24_G14,10110027MONTEIROH,2026-03-24,111462,1,5,0,141.0
10110027MONTEIROH_2026-03-24_G15,10110027MONTEIROH,2026-03-24,142093,1,8,0,270.0
10110027MONTEIROH_2026-03-24_G16,10110027MONTEIROH,2026-03-24,108795,1,2,0,56.0
10110027MONTEIROH_2026-03-24_G17,10110027MONTEIROH,2026-03-24,111743,1,6,0,135.0
10110027MONTEIROH_2026-03-24_G18,10110027MONTEIROH,2026-03-24,111469,1,3,0,65.0
10110027MONTEIROH_2026-03-24_G19,10110027MONTEIROH,2026-03-24,107236,1,2,0,55.0
10110027MONTEIROH_2026-03-24_G20,10110027MONTEIROH,2026-03-24,108798,1,2,0,85.0
10110027MONTEIROH_2026-03-24_G21,10110027MONTEIROH,2026-03-24,111463,1,4,0,98.0
10110027MONTEIROH_2026-03-24_G22,10110027MONTEIROH,2026-03-24,110740,1,5,0,132.0
10110027MONTEIROH_2026-03-24_G23,10110027MONTEIROH,2026-03-24,117831,1,9,0,687.0
10110027MONTEIROH_2026-03-24_G24,10110027MONTEIROH,2026-03-24,141458,1,2,0,79.0
10110027MONTEIROH_2026-03-24_G25,10110027MONTEIROH,2026-03-24,117787,1,3,0,232.0
10110027MONTEIROH_2026-03-24_G26,10110027MONTEIROH,2026-03-24,140923,1,8,0,503.0
10110027MONTEIROH_2026-03-24_G27,10110027MONTEIROH,2026-03-24,110756,1,2,0,45.0
10110027MONTEIROH_2026-03-24_G28,10110027MONTEIROH,2026-03-24,110339,1,2,0,39.0
10110027MONTEIROH_2026-03-24_G29,10110027MONTEIROH,2026-03-24,117822,1,6,0,313.0
10110027MONTEIROH_2026-03-24_G30,10110027MONTEIROH,2026-03-24,110371,1,17,0,767.0
10110027MONTEIROH_2026-03-24_G31,10110027MONTEIROH,2026-03-24,110374,1,19,0,619.0
10110027MONTEIROH_2026-03-24_G32,10110027MONTEIROH,2026-03-24,110325,1,12,0,279.0
10110027MONTEIROH_2026-03-24_G33,10110027MONTEIROH,2026-03-24,110895,1,3,0,158.0
10110027MONTEIROH_2026-03-24_G34,10110027MONTEIROH,2026-03-24,110374,1,4,0,830.0
10110027MONTEIROH_2026-03-24_G35,10110027MONTEIROH,2026-03-24,110374,1,6,0,44.0
10110027MONTEIROH_2026-03-24_G36,10110027MONTEIROH,2026-03-24,118299,1,16,0,91.0
10110027MONTEIROH_2026-03-24_G37,10110027MONTEIROH,2026-03-24,117820,1,12,0,315.0
10110027MONTEIROH_2026-03-24_G38,10110027MONTEIROH,2026-03-24,110373,1,6,0,69.0
10110027MONTEIROH_2026-03-24_G39,10110027MONTEIROH,2026-03-24,110372,1,6,0,75.0
10110027MONTEIROH_2026-03-24_G40,10110027MONTEIROH,2026-03-24,141202,1,10,0,98.0
10110027MONTEIROH_2026-03-24_G41,10110027MONTEIROH,2026-03-24,110376,1,4,0,108.0
10110027MONTEIROH_2026-03-24_G42,10110027MONTEIROH,2026-03-24,117808,1,6,0,107.0
10110027MONTEIROH_2026-03-24_G43,10110027MONTEIROH,2026-03-24,117832,2,12,29,106.0
10110027MONTEIROH_2026-03-24_G44,10110027MONTEIROH,2026-03-24,117830,1,10,0,99.0
10110027MONTEIROH_2026-03-24_G45,10110027MONTEIROH,2026-03-24,117809,1,2,0,369.0
10110027MONTEIROH_2026-03-24_G46,10110027MONTEIROH,2026-03-24,118299,1,10,0,62.0
10110027MONTEIROH_2026-03-24_G47,10110027MONTEIROH,2026-03-24,117820,1,8,0,67.0
10110027MONTEIROH_2026-03-24_G48,10110027MONTEIROH,2026-03-24,110373,1,5,0,39.0
10110027MONTEIROH_2026-03-24_G49,10110027MONTEIROH,2026-03-24,110372,1,20,0,310.0
10110027MONTEIROH_2026-03-24_G50,10110027MONTEIROH,2026-03-24,110376,1,1,0,89.0
10110027MONTEIROH_2026-03-24_G51,10110027MONTEIROH,2026-03-24,117808,1,4,0,100.0
10110027MONTEIROH_2026-03-24_G52,10110027MONTEIROH,2026-03-24,117832,1,2,0,98.0
10110027MONTEIROH_2026-03-24_G53,10110027MONTEIROH,2026-03-24,109649,1,2,0,571.0
10110027MONTEIROH_2026-03-24_G54,10110027MONTEIROH,2026-03-24,140922,1,2,0,113.0
10110027MONTEIROH_2026-03-24_G55,10110027MONTEIROH,2026-03-24,117842,1,2,0,161.0
10110027MONTEIROH_2026-03-24_G56,10110027MONTEIROH,2026-03-24,111466,1,4,0,62.0
10110027MONTEIROH_2026-03-24_G57,10110027MONTEIROH,2026-03-24,117785,1,4,0,56.0
10110027MONTEIROH_2026-03-24_G58,10110027MONTEIROH,2026-03-24,111462,1,6,0,62.0
10110027MONTEIROH_2026-03-24_G59,10110027MONTEIROH,2026-03-24,117821,1,6,0,89.0
10110027MONTEIROH_2026-03-24_G60,10110027MONTEIROH,2026-03-24,142093,1,4,0,111.0
10110027MONTEIROH_2026-03-24_G61,10110027MONTEIROH,2026-03-24,108795,1,2,0,62.0
10110027MONTEIROH_2026-03-24_G62,10110027MONTEIROH,2026-03-24,111743,1,4,0,82.0
10110027MONTEIROH_2026-03-24_G63,10110027MONTEIROH,2026-03-24,111469,1,2,0,95.0
10110027MONTEIROH_2026-03-24_G64,10110027MONTEIROH,2026-03-24,141271,1,4,0,66.0
10110027MONTEIROH_2026-03-24_G65,10110027MONTEIROH,2026-03-24,109641,1,2,0,164.0
10110027MONTEIROH_2026-03-24_G66,10110027MONTEIROH,2026-03-24,117833,1,2,0,157.0
10110027MONTEIROH_2026-03-24_G67,10110027MONTEIROH,2026-03-24,111463,1,3,0,71.0
10110027MONTEIROH_2026-03-24_G68,10110027MONTEIROH,2026-03-24,110787,1,8,0,77.0
10110027MONTEIROH_2026-03-24_G69,10110027MONTEIROH,2026-03-24,110740,1,6,0,85.0
10110027MONTEIROH_2026-03-24_G70,10110027MONTEIROH,2026-03-24,117831,1,6,0,117.0
10110027MONTEIROH_2026-03-24_G71,10110027MONTEIROH,2026-03-24,141458,1,6,0,138.0
10110027MONTEIROH_2026-03-24_G72,10110027MONTEIROH,2026-03-24,141456,1,16,0,993.0
10110027MONTEIROH_2026-03-24_G73,10110027MONTEIROH,2026-03-24,110895,1,4,0,535.0
10110027MONTEIROH_2026-03-24_G74,10110027MONTEIROH,2026-03-24,141916,1,2,0,34.0
10110027MONTEIROH_2026-03-24_G75,10110027MONTEIROH,2026-03-24,111569,1,4,0,69.0
10110027MONTEIROH_2026-03-24_G76,10110027MONTEIROH,2026-03-24,142045,1,4,0,175.0
10110027MONTEIROH_2026-03-24_G77,10110027MONTEIROH,2026-03-24,110747,1,2,0,86.0
10110027MONTEIROH_2026-03-24_G78,10110027MONTEIROH,2026-03-24,117855,1,10,0,299.0
10110027MONTEIROH_2026-03-24_G79,10110027MONTEIROH,2026-03-24,107629,1,4,0,58.0
10110027MONTEIROH_2026-03-24_G80,10110027MONTEIROH,2026-03-24,140923,1,5,0,121.0
10110027MONTEIROH_2026-03-24_G81,10110027MONTEIROH,2026-03-24,111602,1,9,0,107.0
10110027MONTEIROH_2026-03-24_G82,10110027MONTEIROH,2026-03-24,117856,1,5,0,66.0
10110027MONTEIROH_2026-03-24_G83,10110027MONTEIROH,2026-03-24,110339,1,5,0,142.0
10110027MONTEIROH_2026-03-24_G84,10110027MONTEIROH,2026-03-24,108361,1,1,0,94.0
10110027MONTEIROH_2026-03-24_G85,10110027MONTEIROH,2026-03-24,117861,1,7,0,166.0
10110027MONTEIROH_2026-03-24_G86,10110027MONTEIROH,2026-03-24,117862,1,4,0,213.0
10110027MONTEIROH_2026-03-24_G87,10110027MONTEIROH,2026-03-24,141457,1,23,0,1397.0
10110027MONTEIROH_2026-03-24_G88,10110027MONTEIROH,2026-03-24,111876,1,4,0,67.0
10110027MONTEIROH_2026-03-24_G89,10110027MONTEIROH,2026-03-24,117830,1,2,0,373.0
10110027MONTEIROH_2026-03-24_G91,10110027MONTEIROH,2026-03-24,141456,1,4,0,93.0
10110027MONTEIROH_2026-03-24_G92,10110027MONTEIROH,2026-03-24,110751,1,6,0,153.0
10110027MONTEIROH_2026-03-24_G93,10110027MONTEIROH,2026-03-24,141457,1,12,0,95.0
10110027MONTEIROH_2026-03-24_G94,10110027MONTEIROH,2026-03-24,141456,1,10,0,160.0
10110027MONTEIROH_2026-03-24_G95,10110027MONTEIROH,2026-03-24,110740,1,4,0,94.0
10110027MONTEIROH_2026-03-24_G96,10110027MONTEIROH,2026-03-24,110895,1,2,0,100.0
10110027MONTEIROH_2026-03-24_G97,10110027MONTEIROH,2026-03-24,111530,1,2,0,114.0
10110027MONTEIROH_2026-03-24_G98,10110027MONTEIROH,2026-03-24,110376,1,2,0,108.0
10110027MONTEIROH_2026-03-24_G99,10110027MONTEIROH,2026-03-24,117820,1,97,0,745.0
10110027MONTEIROH_2026-03-24_G100,10110027MONTEIROH,2026-03-24,110373,1,112,0,291.0
10110027MONTEIROH_2026-03-24_G101,10110027MONTEIROH,2026-03-24,110372,1,137,0,801.0
10110027MONTEIROH_2026-03-24_G102,10110027MONTEIROH,2026-03-24,110371,1,9,0,247.0
10110027MONTEIROH_2026-03-25_G02,10110027MONTEIROH,2026-03-25,141456,1,7,0,287.0
10110027MONTEIROH_2026-03-25_G03,10110027MONTEIROH,2026-03-25,111442,2,3,15,86.0
10110027MONTEIROH_2026-03-25_G04,10110027MONTEIROH,2026-03-25,110787,1,4,0,438.0
10110027MONTEIROH_2026-03-25_G05,10110027MONTEIROH,2026-03-25,111330,1,22,0,713.0
10110027MONTEIROH_2026-03-25_G06,10110027MONTEIROH,2026-03-25,111532,1,4,0,279.0
10110027MONTEIROH_2026-03-25_G07,10110027MONTEIROH,2026-03-25,110371,1,2,0,382.0
10110027MONTEIROH_2026-03-25_G08,10110027MONTEIROH,2026-03-25,117809,1,10,0,558.0
10110027MONTEIROH_2026-03-25_G09,10110027MONTEIROH,2026-03-25,117820,1,7,0,51.0
10110027MONTEIROH_2026-03-25_G10,10110027MONTEIROH,2026-03-25,117834,1,40,0,2422.0
10110027MONTEIROH_2026-03-25_G11,10110027MONTEIROH,2026-03-25,111445,1,4,0,206.0
10110027MONTEIROH_2026-03-25_G12,10110027MONTEIROH,2026-03-25,107254,1,2,0,112.0
10110027MONTEIROH_2026-03-25_G13,10110027MONTEIROH,2026-03-25,111356,1,2,0,69.0
10110027MONTEIROH_2026-03-25_G14,10110027MONTEIROH,2026-03-25,118306,1,10,0,100.0
10110027MONTEIROH_2026-03-25_G15,10110027MONTEIROH,2026-03-25,110714,1,4,0,107.0
10110027MONTEIROH_2026-03-25_G16,10110027MONTEIROH,2026-03-25,115775,1,4,0,93.0
10110027MONTEIROH_2026-03-25_G17,10110027MONTEIROH,2026-03-25,142045,1,5,0,130.0
10110027MONTEIROH_2026-03-25_G18,10110027MONTEIROH,2026-03-25,110742,1,10,0,356.0
10110027MONTEIROH_2026-03-25_G19,10110027MONTEIROH,2026-03-25,111569,1,41,0,962.0
10110027MONTEIROH_2026-03-25_G20,10110027MONTEIROH,2026-03-25,115821,1,4,0,1076.0
10110027MONTEIROH_2026-03-25_G21,10110027MONTEIROH,2026-03-25,111330,1,72,0,380.0
10110027MONTEIROH_2026-03-25_G22,10110027MONTEIROH,2026-03-25,111348,1,11,0,484.0
10110027MONTEIROH_2026-03-25_G23,10110027MONTEIROH,2026-03-25,111433,1,34,0,810.0
10110027MONTEIROH_2026-03-25_G24,10110027MONTEIROH,2026-03-25,111468,1,59,0,432.0
10110027MONTEIROH_2026-03-25_G25,10110027MONTEIROH,2026-03-25,111442,1,27,0,574.0
10110027MONTEIROH_2026-03-25_G26,10110027MONTEIROH,2026-03-25,109643,1,30,0,1639.0
10110027MONTEIROH_2026-03-25_G27,10110027MONTEIROH,2026-03-25,117808,1,1000,0,2211.0
10110027MONTEIROH_2026-03-25_G28,10110027MONTEIROH,2026-03-25,110371,1,30,0,360.0
10110027MONTEIROH_2026-03-25_G29,10110027MONTEIROH,2026-03-25,117820,1,40,0,890.0
10110027MONTEIROH_2026-03-25_G30,10110027MONTEIROH,2026-03-25,117830,1,40,0,405.0
10110027MONTEIROH_2026-03-25_G32,10110027MONTEIROH,2026-03-25,109641,1,20,0,701.0
10110027MONTEIROH_2026-03-26_G02,10110027MONTEIROH,2026-03-26,118299,1,12,0,126.0
10110027MONTEIROH_2026-03-26_G03,10110027MONTEIROH,2026-03-26,117832,1,4,0,75.0
10110027MONTEIROH_2026-03-26_G04,10110027MONTEIROH,2026-03-26,117830,1,4,0,91.0
10110027MONTEIROH_2026-03-26_G05,10110027MONTEIROH,2026-03-26,141457,1,4,0,122.0
10110027MONTEIROH_2026-03-26_G06,10110027MONTEIROH,2026-03-26,141456,1,7,0,347.0
10110027MONTEIROH_2026-03-26_G07,10110027MONTEIROH,2026-03-26,111418,1,12,0,198.0
10110027MONTEIROH_2026-03-26_G08,10110027MONTEIROH,2026-03-26,111463,1,7,0,368.0
10110027MONTEIROH_2026-03-26_G09,10110027MONTEIROH,2026-03-26,117856,1,7,0,123.0
10110027MONTEIROH_2026-03-26_G10,10110027MONTEIROH,2026-03-26,141066,1,1,0,122.0
10110027MONTEIROH_2026-03-26_G11,10110027MONTEIROH,2026-03-26,141047,1,4,0,95.0
10110027MONTEIROH_2026-03-26_G12,10110027MONTEIROH,2026-03-26,111445,1,4,0,506.0
10110027MONTEIROH_2026-03-26_G13,10110027MONTEIROH,2026-03-26,118253,1,4,0,177.0
10110027MONTEIROH_2026-03-26_G14,10110027MONTEIROH,2026-03-26,110313,1,10,0,906.0
10110027MONTEIROH_2026-03-26_G15,10110027MONTEIROH,2026-03-26,110895,1,10,0,330.0
10110027MONTEIROH_2026-03-26_G16,10110027MONTEIROH,2026-03-26,111330,1,10,0,216.0
10110027MONTEIROH_2026-03-26_G17,10110027MONTEIROH,2026-03-26,111330,1,2,0,113.0
10110027MONTEIROH_2026-03-26_G18,10110027MONTEIROH,2026-03-26,117797,1,4,0,160.0
10110027MONTEIROH_2026-03-26_G19,10110027MONTEIROH,2026-03-26,110325,1,12,0,198.0
10110027MONTEIROH_2026-03-26_G20,10110027MONTEIROH,2026-03-26,111602,1,3,0,590.0
10110027MONTEIROH_2026-03-26_G21,10110027MONTEIROH,2026-03-26,117853,1,3,0,126.0
10110027MONTEIROH_2026-03-26_G22,10110027MONTEIROH,2026-03-26,111602,1,2,0,179.0
10110027MONTEIROH_2026-03-26_G23,10110027MONTEIROH,2026-03-26,110895,1,8,0,1083.0
10110027MONTEIROH_2026-03-26_G24,10110027MONTEIROH,2026-03-26,111602,1,8,0,247.0
10110027MONTEIROH_2026-03-26_G25,10110027MONTEIROH,2026-03-26,111532,1,10,0,336.0
10110027MONTEIROH_2026-03-26_G26,10110027MONTEIROH,2026-03-26,117853,1,2,0,273.0
10110027MONTEIROH_2026-03-26_G27,10110027MONTEIROH,2026-03-26,110895,1,2,0,131.0
10110027MONTEIROH_2026-03-26_G28,10110027MONTEIROH,2026-03-26,118317,1,1,0,228.0
10110027MONTEIROH_2026-03-26_G29,10110027MONTEIROH,2026-03-26,110372,1,12,0,339.0
10110027MONTEIROH_2026-03-26_G30,10110027MONTEIROH,2026-03-26,118299,1,9,0,320.0
10110027MONTEIROH_2026-03-26_G31,10110027MONTEIROH,2026-03-26,117785,1,2,0,132.0
10110027MONTEIROH_2026-03-26_G32,10110027MONTEIROH,2026-03-26,111418,1,2,0,115.0
10110027MONTEIROH_2026-03-26_G33,10110027MONTEIROH,2026-03-26,111602,1,6,0,95.0
10110027MONTEIROH_2026-03-26_G34,10110027MONTEIROH,2026-03-26,141916,1,2,0,147.0
10110027MONTEIROH_2026-03-26_G35,10110027MONTEIROH,2026-03-26,111602,1,4,0,267.0
10110027MONTEIROH_2026-03-26_G36,10110027MONTEIROH,2026-03-26,110376,1,1,0,1095.0
10110027MONTEIROH_2026-03-26_G37,10110027MONTEIROH,2026-03-26,141457,1,8,0,138.0
10110027MONTEIROH_2026-03-26_G38,10110027MONTEIROH,2026-03-26,111443,1,5,0,1502.0
10110027MONTEIROH_2026-03-26_G39,10110027MONTEIROH,2026-03-26,117841,1,12,0,513.0
10110027MONTEIROH_2026-03-26_G40,10110027MONTEIROH,2026-03-26,111433,1,29,0,548.0
10110027MONTEIROH_2026-03-26_G41,10110027MONTEIROH,2026-03-26,117832,1,12,0,585.0
10110027MONTEIROH_2026-03-26_G42,10110027MONTEIROH,2026-03-26,111443,1,16,0,492.0
10110027MONTEIROH_2026-03-26_G43,10110027MONTEIROH,2026-03-26,142045,1,34,0,1760.0
10110027MONTEIROH_2026-03-26_G44,10110027MONTEIROH,2026-03-26,108798,1,8,0,204.0
10110027MONTEIROH_2026-03-26_G45,10110027MONTEIROH,2026-03-26,110747,1,49,0,340.0
10110027MONTEIROH_2026-03-26_G46,10110027MONTEIROH,2026-03-26,111431,1,23,0,218.0
10110027MONTEIROH_2026-03-27_G02,10110027MONTEIROH,2026-03-27,111348,1,3,0,347.0
10110027MONTEIROH_2026-03-27_G03,10110027MONTEIROH,2026-03-27,111348,1,3,0,45.0
10110027MONTEIROH_2026-03-27_G04,10110027MONTEIROH,2026-03-27,111462,1,12,0,92.0
10110027MONTEIROH_2026-03-27_G05,10110027MONTEIROH,2026-03-27,111462,1,10,0,62.0
10110027MONTEIROH_2026-03-27_G06,10110027MONTEIROH,2026-03-27,110751,2,2,29,62.0
10110027MONTEIROH_2026-03-27_G07,10110027MONTEIROH,2026-03-27,117821,1,21,0,185.0
10110027MONTEIROH_2026-03-27_G08,10110027MONTEIROH,2026-03-27,110787,1,1,0,175.0
10110027MONTEIROH_2026-03-27_G09,10110027MONTEIROH,2026-03-27,108798,1,13,0,193.0
10110027MONTEIROH_2026-03-27_G10,10110027MONTEIROH,2026-03-27,105705,1,2,0,86.0
10110027MONTEIROH_2026-03-27_G11,10110027MONTEIROH,2026-03-27,140922,1,32,0,143.0
10110027MONTEIROH_2026-03-27_G12,10110027MONTEIROH,2026-03-27,140922,1,16,0,81.0
10110027MONTEIROH_2026-03-27_G13,10110027MONTEIROH,2026-03-27,111463,1,70,0,806.0
10110027MONTEIROH_2026-03-27_G14,10110027MONTEIROH,2026-03-27,117853,1,7,0,2437.0
10110027MONTEIROH_2026-03-27_G15,10110027MONTEIROH,2026-03-27,117820,1,250,0,637.0
10110027MONTEIROH_2026-03-27_G16,10110027MONTEIROH,2026-03-27,141202,1,44,0,289.0
10110027MONTEIROH_2026-03-27_G17,10110027MONTEIROH,2026-03-27,110372,1,246,0,687.0
10110027MONTEIROH_2026-03-27_G18,10110027MONTEIROH,2026-03-27,117808,1,400,0,1003.0
10110027MONTEIROH_2026-03-27_G19,10110027MONTEIROH,2026-03-27,117832,1,80,0,420.0
10110027MONTEIROH_2026-03-27_G20,10110027MONTEIROH,2026-03-27,110371,1,150,0,1097.0
10110027MONTEIROH_2026-03-27_G21,10110027MONTEIROH,2026-03-27,118299,1,250,0,224.0
10110027MONTEIROH_2026-03-27_G22,10110027MONTEIROH,2026-03-27,111438,1,3,0,664.0
10110027MONTEIROH_2026-03-27_G23,10110027MONTEIROH,2026-03-27,118229,1,4,0,350.0
10110027MONTEIROH_2026-03-27_G24,10110027MONTEIROH,2026-03-27,110747,1,50,0,314.0
10110027MONTEIROH_2026-03-27_G25,10110027MONTEIROH,2026-03-27,111569,1,36,0,876.0
10110027MONTEIROH_2026-03-27_G26,10110027MONTEIROH,2026-03-27,140922,1,3,0,1537.0
10110027MONTEIROH_2026-03-27_G27,10110027MONTEIROH,2026-03-27,111462,1,8,0,99.0
10110027MONTEIROH_2026-03-27_G28,10110027MONTEIROH,2026-03-27,160055,1,3,0,206.0
10110027MONTEIROH_2026-03-27_G29,10110027MONTEIROH,2026-03-27,109641,1,8,0,240.0
10110027MONTEIROH_2026-03-27_G30,10110027MONTEIROH,2026-03-27,111418,1,16,0,247.0
10110027MONTEIROH_2026-03-27_G31,10110027MONTEIROH,2026-03-27,117831,1,18,0,224.0
10110027MONTEIROH_2026-03-27_G32,10110027MONTEIROH,2026-03-27,141823,1,8,0,133.0
10110027MONTEIROH_2026-03-27_G33,10110027MONTEIROH,2026-03-27,105705,1,2,0,57.0
10110027MONTEIROH_2026-03-27_G34,10110027MONTEIROH,2026-03-27,141458,1,4,0,85.0
10110027MONTEIROH_2026-03-27_G35,10110027MONTEIROH,2026-03-27,117785,1,30,0,815.0
10110027MONTEIROH_2026-03-27_G36,10110027MONTEIROH,2026-03-27,110374,1,4,0,109.0
10110027MONTEIROH_2026-03-27_G37,10110027MONTEIROH,2026-03-27,110325,1,10,0,234.0
10110027MONTEIROH_2026-03-27_G38,10110027MONTEIROH,2026-03-27,110372,1,20,0,162.0
10110027MONTEIROH_2026-03-27_G39,10110027MONTEIROH,2026-03-27,109643,1,2,0,65.0
10110027MONTEIROH_2026-03-27_G41,10110027MONTEIROH,2026-03-27,110373,1,42,0,180.0
10110027MONTEIROH_2026-03-27_G42,10110027MONTEIROH,2026-03-27,110752,1,2,0,145.0
10110027MONTEIROH_2026-03-27_G43,10110027MONTEIROH,2026-03-27,110741,1,4,0,82.0
10110027MONTEIROH_2026-03-27_G44,10110027MONTEIROH,2026-03-27,107629,1,4,0,62.0
10110027MONTEIROH_2026-03-27_G45,10110027MONTEIROH,2026-03-27,117855,1,4,0,113.0
10110027MONTEIROH_2026-03-27_G46,10110027MONTEIROH,2026-03-27,140923,1,8,0,452.0
10110027MONTEIROH_2026-03-27_G47,10110027MONTEIROH,2026-03-27,117834,1,2,0,156.0
10110027MONTEIROH_2026-03-27_G48,10110027MONTEIROH,2026-03-27,111569,1,4,0,89.0
10110027MONTEIROH_2026-03-27_G49,10110027MONTEIROH,2026-03-27,142045,1,3,0,130.0
10110027MONTEIROH_2026-03-27_G50,10110027MONTEIROH,2026-03-27,117835,1,8,0,163.0
10110027MONTEIROH_2026-03-27_G51,10110027MONTEIROH,2026-03-27,100334,1,3,0,118.0
10110027MONTEIROH_2026-03-27_G52,10110027MONTEIROH,2026-03-27,110374,1,20,0,1053.0
10110027MONTEIROH_2026-03-27_G53,10110027MONTEIROH,2026-03-27,110325,1,8,0,70.0
10110027MONTEIROH_2026-03-27_G54,10110027MONTEIROH,2026-03-27,110376,1,3,0,61.0
10110027MONTEIROH_2026-03-27_G55,10110027MONTEIROH,2026-03-27,117832,1,8,0,98.0
10110027MONTEIROH_2026-03-27_G56,10110027MONTEIROH,2026-03-27,117822,1,10,0,122.0
10110027MONTEIROH_2026-03-27_G57,10110027MONTEIROH,2026-03-27,111433,1,4,0,272.0
10110027MONTEIROH_2026-03-27_G58,10110027MONTEIROH,2026-03-27,141457,1,10,0,106.0
10110027MONTEIROH_2026-03-27_G59,10110027MONTEIROH,2026-03-27,111463,1,4,0,80.0
10110027MONTEIROH_2026-03-27_G60,10110027MONTEIROH,2026-03-27,110787,1,4,0,46.0
10110027MONTEIROH_2026-03-27_G61,10110027MONTEIROH,2026-03-27,111468,1,8,0,142.0
10110027MONTEIROH_2026-03-27_G62,10110027MONTEIROH,2026-03-27,141458,1,8,0,96.0
10110027MONTEIROH_2026-03-27_G63,10110027MONTEIROH,2026-03-27,110895,1,13,0,241.0
10110027MONTEIROH_2026-03-27_G64,10110027MONTEIROH,2026-03-27,111530,1,5,0,138.0
10110027MONTEIROH_2026-03-27_G65,10110027MONTEIROH,2026-03-27,111602,1,11,0,527.0
10110027MONTEIROH_2026-03-27_G66,10110027MONTEIROH,2026-03-27,111876,1,4,0,84.0
10110027MONTEIROH_2026-03-27_G67,10110027MONTEIROH,2026-03-27,111467,1,11,0,467.0
10110027MONTEIROH_2026-03-27_G68,10110027MONTEIROH,2026-03-27,111418,1,8,0,448.0
10110027MONTEIROH_2026-03-27_G69,10110027MONTEIROH,2026-03-27,107236,1,4,0,108.0
10110027MONTEIROH_2026-03-27_G70,10110027MONTEIROH,2026-03-27,110740,1,8,0,83.0
10110027MONTEIROH_2026-03-27_G71,10110027MONTEIROH,2026-03-27,111469,1,16,0,109.0
10110027MONTEIROH_2026-03-27_G72,10110027MONTEIROH,2026-03-27,111466,1,40,0,192.0
10110027MONTEIROH_2026-03-28_G02,10110027MONTEIROH,2026-03-28,141916,1,4,0,659.0
10110027MONTEIROH_2026-03-28_G03,10110027MONTEIROH,2026-03-28,110313,1,13,0,473.0
10110027MONTEIROH_2026-03-28_G04,10110027MONTEIROH,2026-03-28,110313,1,3,0,33.0
10110027MONTEIROH_2026-03-28_G05,10110027MONTEIROH,2026-03-28,140923,1,3,0,185.0
10110027MONTEIROH_2026-03-28_G06,10110027MONTEIROH,2026-03-28,110740,1,6,0,302.0
10110027MONTEIROH_2026-03-28_G07,10110027MONTEIROH,2026-03-28,108770,1,5,0,284.0
10110027MONTEIROH_2026-03-28_G08,10110027MONTEIROH,2026-03-28,140911,1,4,0,374.0
10110027MONTEIROH_2026-03-28_G09,10110027MONTEIROH,2026-03-28,140922,1,2,0,347.0
10110027MONTEIROH_2026-03-28_G10,10110027MONTEIROH,2026-03-28,117821,1,2,0,94.0
10110027MONTEIROH_2026-03-28_G11,10110027MONTEIROH,2026-03-28,141271,1,4,0,168.0
10110027MONTEIROH_2026-03-28_G12,10110027MONTEIROH,2026-03-28,111463,1,3,0,57.0
10110027MONTEIROH_2026-03-28_G13,10110027MONTEIROH,2026-03-28,110787,1,2,0,201.0
10110027MONTEIROH_2026-03-28_G14,10110027MONTEIROH,2026-03-28,108798,1,1,0,74.0
10110027MONTEIROH_2026-03-28_G15,10110027MONTEIROH,2026-03-28,111418,1,2,0,41.0
10110027MONTEIROH_2026-03-28_G16,10110027MONTEIROH,2026-03-28,111468,1,1,0,1550.0
10110027MONTEIROH_2026-03-28_G17,10110027MONTEIROH,2026-03-28,117831,1,2,0,112.0
10110027MONTEIROH_2026-03-28_G18,10110027MONTEIROH,2026-03-28,141823,1,4,0,66.0
10110027MONTEIROH_2026-03-28_G19,10110027MONTEIROH,2026-03-28,111466,1,4,0,68.0
10110027MONTEIROH_2026-03-28_G20,10110027MONTEIROH,2026-03-28,118250,1,18,0,2165.0
10110027MONTEIROH_2026-03-28_G21,10110027MONTEIROH,2026-03-28,118253,1,20,0,1002.0
10110027MONTEIROH_2026-03-28_G22,10110027MONTEIROH,2026-03-28,118094,1,10,0,1521.0
10110027MONTEIROH_2026-03-28_G23,10110027MONTEIROH,2026-03-28,111530,1,1,0,87.0
10110027MONTEIROH_2026-03-28_G24,10110027MONTEIROH,2026-03-28,111530,1,29,0,174.0
10110027MONTEIROH_2026-03-28_G25,10110027MONTEIROH,2026-03-28,110711,1,10,0,104.0
10110027MONTEIROH_2026-03-28_G26,10110027MONTEIROH,2026-03-28,117855,1,10,0,100.0
10110027MONTEIROH_2026-03-28_G27,10110027MONTEIROH,2026-03-28,117855,1,20,0,358.0
10110027MONTEIROH_2026-03-28_G28,10110027MONTEIROH,2026-03-28,140923,1,10,0,135.0
10110027MONTEIROH_2026-03-28_G29,10110027MONTEIROH,2026-03-28,111602,1,20,0,134.0
10110027MONTEIROH_2026-03-28_G30,10110027MONTEIROH,2026-03-28,117856,1,20,0,387.0
10110027MONTEIROH_2026-03-28_G31,10110027MONTEIROH,2026-03-28,117861,1,10,0,198.0
10110027MONTEIROH_2026-03-28_G32,10110027MONTEIROH,2026-03-28,109640,1,4,0,62.0
10110027MONTEIROH_2026-03-28_G33,10110027MONTEIROH,2026-03-28,109640,1,2,0,33.0
10110027MONTEIROH_2026-03-28_G34,10110027MONTEIROH,2026-03-28,111876,1,9,0,115.0
10110027MONTEIROH_2026-03-28_G35,10110027MONTEIROH,2026-03-28,111876,1,6,0,57.0
10110027MONTEIROH_2026-03-28_G36,10110027MONTEIROH,2026-03-28,110313,1,15,0,1872.0
10110027MONTEIROH_2026-03-28_G37,10110027MONTEIROH,2026-03-28,111467,1,10,0,311.0
10110027MONTEIROH_2026-03-28_G38,10110027MONTEIROH,2026-03-28,111530,2,103,9,157.0
10110027MONTEIROH_2026-03-28_G39,10110027MONTEIROH,2026-03-28,111602,1,57,0,414.0
10110027MONTEIROH_2026-03-28_G40,10110027MONTEIROH,2026-03-28,141166,1,30,0,246.0
10110027MONTEIROH_2026-03-28_G41,10110027MONTEIROH,2026-03-28,141352,1,15,0,704.0
10110027MONTEIROH_2026-03-28_G42,10110027MONTEIROH,2026-03-28,117786,1,3,0,270.0
10110027MONTEIROH_2026-03-28_G43,10110027MONTEIROH,2026-03-28,111466,1,18,0,417.0
10110027MONTEIROH_2026-03-28_G44,10110027MONTEIROH,2026-03-28,110681,1,1,0,519.0
10110027MONTEIROH_2026-03-28_G45,10110027MONTEIROH,2026-03-28,141458,1,20,0,1142.0
10110027MONTEIROH_2026-03-28_G47,10110027MONTEIROH,2026-03-28,141457,1,8,0,152.0
10110027MONTEIROH_2026-03-28_G48,10110027MONTEIROH,2026-03-28,109640,1,4,0,419.0
10110027MONTEIROH_2026-03-28_G49,10110027MONTEIROH,2026-03-28,100334,1,2,0,91.0
10110027MONTEIROH_2026-03-28_G50,10110027MONTEIROH,2026-03-28,109640,1,6,0,615.0
10110027MONTEIROH_2026-03-28_G51,10110027MONTEIROH,2026-03-28,109641,1,6,0,169.0
10110027MONTEIROH_2026-03-30_G02,10110027MONTEIROH,2026-03-30,118416,1,2,0,151.0
10110027MONTEIROH_2026-03-30_G03,10110027MONTEIROH,2026-03-30,110752,1,1,0,44.0
10110027MONTEIROH_2026-03-30_G04,10110027MONTEIROH,2026-03-30,117855,1,2,0,76.0
10110027MONTEIROH_2026-03-30_G05,10110027MONTEIROH,2026-03-30,117856,1,2,0,103.0
10110027MONTEIROH_2026-03-30_G06,10110027MONTEIROH,2026-03-30,117837,1,8,0,108.0
10110027MONTEIROH_2026-03-30_G07,10110027MONTEIROH,2026-03-30,141047,1,2,0,121.0
10110027MONTEIROH_2026-03-30_G08,10110027MONTEIROH,2026-03-30,117861,1,8,0,139.0
10110027MONTEIROH_2026-03-30_G09,10110027MONTEIROH,2026-03-30,111530,1,6,0,365.0
10110027MONTEIROH_2026-03-30_G10,10110027MONTEIROH,2026-03-30,111602,1,2,0,90.0
10110027MONTEIROH_2026-03-30_G11,10110027MONTEIROH,2026-03-30,110313,1,2,0,197.0
10110027MONTEIROH_2026-03-30_G12,10110027MONTEIROH,2026-03-30,117862,1,6,0,115.0
10110027MONTEIROH_2026-03-30_G13,10110027MONTEIROH,2026-03-30,111467,1,4,0,365.0
10110027MONTEIROH_2026-03-30_G14,10110027MONTEIROH,2026-03-30,118280,2,4,22,1266.0
10110027MONTEIROH_2026-03-30_G15,10110027MONTEIROH,2026-03-30,118280,1,6,0,88.0
10110027MONTEIROH_2026-03-30_G16,10110027MONTEIROH,2026-03-30,110895,1,6,0,152.0
10110027MONTEIROH_2026-03-30_G17,10110027MONTEIROH,2026-03-30,110895,1,14,0,156.0
10110027MONTEIROH_2026-03-30_G18,10110027MONTEIROH,2026-03-30,110895,1,4,0,51.0
10110027MONTEIROH_2026-03-30_G19,10110027MONTEIROH,2026-03-30,110895,1,3,0,35.0
10110027MONTEIROH_2026-03-30_G20,10110027MONTEIROH,2026-03-30,141916,1,2,0,71.0
10110027MONTEIROH_2026-03-30_G21,10110027MONTEIROH,2026-03-30,141916,1,4,0,54.0
10110027MONTEIROH_2026-03-30_G22,10110027MONTEIROH,2026-03-30,118306,1,2,0,166.0
10110027MONTEIROH_2026-03-30_G23,10110027MONTEIROH,2026-03-30,140915,1,1,0,132.0
10110027MONTEIROH_2026-03-30_G24,10110027MONTEIROH,2026-03-30,111615,1,2,0,1018.0
10110027MONTEIROH_2026-03-30_G25,10110027MONTEIROH,2026-03-30,110755,2,2,9,124.0
10110027MONTEIROH_2026-03-30_G26,10110027MONTEIROH,2026-03-30,109495,1,2,0,45.0
10110027MONTEIROH_2026-03-30_G27,10110027MONTEIROH,2026-03-30,109495,1,2,0,116.0
10110027MONTEIROH_2026-03-30_G28,10110027MONTEIROH,2026-03-30,111211,1,2,0,1386.0
10110027MONTEIROH_2026-03-30_G29,10110027MONTEIROH,2026-03-30,111211,1,2,0,59.0
10110027MONTEIROH_2026-03-30_G30,10110027MONTEIROH,2026-03-30,114650,1,1,0,89.0
10110027MONTEIROH_2026-03-30_G31,10110027MONTEIROH,2026-03-30,114650,1,1,0,47.0
10110027MONTEIROH_2026-03-30_G32,10110027MONTEIROH,2026-03-30,110895,1,14,0,470.0
10110027MONTEIROH_2026-03-30_G33,10110027MONTEIROH,2026-03-30,141823,1,4,0,300.0
10110027MONTEIROH_2026-03-30_G34,10110027MONTEIROH,2026-03-30,141458,1,23,0,174.0
10110027MONTEIROH_2026-03-30_G35,10110027MONTEIROH,2026-03-30,141458,1,35,0,250.0
10110027MONTEIROH_2026-03-30_G36,10110027MONTEIROH,2026-03-30,141458,1,36,0,31.0
10110027MONTEIROH_2026-03-30_G37,10110027MONTEIROH,2026-03-30,111463,1,30,0,1104.0
10110027MONTEIROH_2026-03-30_G38,10110027MONTEIROH,2026-03-30,117840,1,8,0,1195.0
10110027MONTEIROH_2026-03-30_G39,10110027MONTEIROH,2026-03-30,109643,1,4,0,73.0
10110027MONTEIROH_2026-03-30_G40,10110027MONTEIROH,2026-03-30,118094,1,8,0,490.0
10110027MONTEIROH_2026-03-30_G41,10110027MONTEIROH,2026-03-30,140923,1,8,0,141.0
10110027MONTEIROH_2026-03-30_G42,10110027MONTEIROH,2026-03-30,140923,1,6,0,42.0
10110027MONTEIROH_2026-03-30_G43,10110027MONTEIROH,2026-03-30,109640,1,8,0,169.0
10110027MONTEIROH_2026-03-30_G44,10110027MONTEIROH,2026-03-30,109640,1,5,0,288.0
10110027MONTEIROH_2026-03-30_G45,10110027MONTEIROH,2026-03-30,111435,1,4,0,178.0
10110027MONTEIROH_2026-03-30_G46,10110027MONTEIROH,2026-03-30,140922,1,12,0,133.0
10110027MONTEIROH_2026-03-30_G47,10110027MONTEIROH,2026-03-30,140922,1,8,0,45.0
10110027MONTEIROH_2026-03-30_G48,10110027MONTEIROH,2026-03-30,111348,1,4,0,176.0
10110027MONTEIROH_2026-03-30_G49,10110027MONTEIROH,2026-03-30,105705,1,12,0,187.0
10110027MONTEIROH_2026-03-30_G50,10110027MONTEIROH,2026-03-30,105705,1,4,0,40.0
10110027MONTEIROH_2026-03-30_G51,10110027MONTEIROH,2026-03-30,142093,1,4,0,482.0
10110027MONTEIROH_2026-03-30_G52,10110027MONTEIROH,2026-03-30,107236,1,6,0,169.0
10110027MONTEIROH_2026-03-30_G53,10110027MONTEIROH,2026-03-30,107236,1,8,0,84.0
10110027MONTEIROH_2026-03-30_G54,10110027MONTEIROH,2026-03-30,"107236, 110740",2,8,20,35.0
10110027MONTEIROH_2026-03-30_G55,10110027MONTEIROH,2026-03-30,140922,3,21,19,197.0
10110027MONTEIROH_2026-03-30_G56,10110027MONTEIROH,2026-03-30,111469,1,2,0,922.0
10110027MONTEIROH_2026-03-30_G57,10110027MONTEIROH,2026-03-30,111469,1,4,0,67.0
10110027MONTEIROH_2026-03-30_G59,10110027MONTEIROH,2026-03-30,105705,1,8,0,72.0
10110027MONTEIROH_2026-03-30_G60,10110027MONTEIROH,2026-03-30,109641,1,8,0,132.0
10110027MONTEIROH_2026-03-30_G61,10110027MONTEIROH,2026-03-30,105705,2,16,17,185.0
10110027MONTEIROH_2026-03-30_G62,10110027MONTEIROH,2026-03-30,141457,1,8,0,253.0
10110027MONTEIROH_2026-03-30_G63,10110027MONTEIROH,2026-03-30,109641,1,4,0,153.0
10110027MONTEIROH_2026-03-30_G64,10110027MONTEIROH,2026-03-30,111463,2,10,17,51.0
10110027MONTEIROH_2026-03-30_G65,10110027MONTEIROH,2026-03-30,111469,1,8,0,266.0
10110027MONTEIROH_2026-03-30_G66,10110027MONTEIROH,2026-03-30,111469,1,4,0,33.0
10110027MONTEIROH_2026-03-30_G67,10110027MONTEIROH,2026-03-30,111441,1,9,0,2442.0
10110027MONTEIROH_2026-03-30_G68,10110027MONTEIROH,2026-03-30,110711,2,45,12,115.0
10110027MONTEIROH_2026-03-30_G69,10110027MONTEIROH,2026-03-30,111602,1,50,0,1155.0
10110027MONTEIROH_2026-03-30_G70,10110027MONTEIROH,2026-03-30,111530,1,47,0,695.0
10110027MONTEIROH_2026-03-30_G71,10110027MONTEIROH,2026-03-30,117786,1,2,0,692.0
10110027MONTEIROH_2026-03-30_G72,10110027MONTEIROH,2026-03-30,109640,1,2,0,252.0
10110027MONTEIROH_2026-03-30_G73,10110027MONTEIROH,2026-03-30,111602,1,4,0,189.0
10110027MONTEIROH_2026-03-30_G74,10110027MONTEIROH,2026-03-30,111602,1,6,0,573.0
10110027MONTEIROH_2026-03-31_G02,10110027MONTEIROH,2026-03-31,118299,1,120,0,645.0
10110027MONTEIROH_2026-03-31_G03,10110027MONTEIROH,2026-03-31,109645,1,5,0,1527.0
10110027MONTEIROH_2026-03-31_G04,10110027MONTEIROH,2026-03-31,111172,1,5,0,156.0
10110027MONTEIROH_2026-03-31_G05,10110027MONTEIROH,2026-03-31,111442,1,4,0,79.0
10110027MONTEIROH_2026-03-31_G06,10110027MONTEIROH,2026-03-31,110374,1,12,0,294.0
10110027MONTEIROH_2026-03-31_G07,10110027MONTEIROH,2026-03-31,110373,1,3,0,90.0
10110027MONTEIROH_2026-03-31_G08,10110027MONTEIROH,2026-03-31,110372,1,20,0,107.0
10110027MONTEIROH_2026-03-31_G09,10110027MONTEIROH,2026-03-31,110325,1,2,0,43.0
10110027MONTEIROH_2026-03-31_G10,10110027MONTEIROH,2026-03-31,110376,1,1,0,70.0
10110027MONTEIROH_2026-03-31_G11,10110027MONTEIROH,2026-03-31,109643,1,6,0,113.0
10110027MONTEIROH_2026-03-31_G12,10110027MONTEIROH,2026-03-31,117822,1,1,0,143.0
10110027MONTEIROH_2026-03-31_G13,10110027MONTEIROH,2026-03-31,110711,1,5,0,308.0
10110027MONTEIROH_2026-03-31_G14,10110027MONTEIROH,2026-03-31,117855,1,2,0,254.0
10110027MONTEIROH_2026-03-31_G15,10110027MONTEIROH,2026-03-31,140923,1,4,0,120.0
10110027MONTEIROH_2026-03-31_G16,10110027MONTEIROH,2026-03-31,111879,1,1,0,119.0
10110027MONTEIROH_2026-03-31_G17,10110027MONTEIROH,2026-03-31,117856,1,2,0,206.0
10110027MONTEIROH_2026-03-31_G18,10110027MONTEIROH,2026-03-31,111530,1,6,0,123.0
10110027MONTEIROH_2026-03-31_G19,10110027MONTEIROH,2026-03-31,111602,1,20,0,193.0
10110027MONTEIROH_2026-03-31_G20,10110027MONTEIROH,2026-03-31,110313,1,4,0,71.0
10110027MONTEIROH_2026-03-31_G21,10110027MONTEIROH,2026-03-31,117862,1,13,0,96.0
10110027MONTEIROH_2026-03-31_G22,10110027MONTEIROH,2026-03-31,118299,1,42,0,2786.0
10110027MONTEIROH_2026-03-31_G23,10110027MONTEIROH,2026-03-31,117808,1,23,0,470.0
10110027MONTEIROH_2026-03-31_G24,10110027MONTEIROH,2026-03-31,117832,1,10,0,204.0
10110027MONTEIROH_2026-03-31_G25,10110027MONTEIROH,2026-03-31,110895,1,1,0,332.0
10110027MONTEIROH_2026-03-31_G26,10110027MONTEIROH,2026-03-31,141916,1,7,0,100.0
10110027MONTEIROH_2026-03-31_G27,10110027MONTEIROH,2026-03-31,111438,1,2,0,79.0
10110027MONTEIROH_2026-03-31_G28,10110027MONTEIROH,2026-03-31,108770,1,6,0,102.0
10110027MONTEIROH_2026-03-31_G29,10110027MONTEIROH,2026-03-31,111569,1,7,0,90.0
10110027MONTEIROH_2026-03-31_G30,10110027MONTEIROH,2026-03-31,118306,1,2,0,68.0
10110027MONTEIROH_2026-03-31_G31,10110027MONTEIROH,2026-03-31,118417,1,4,0,87.0
10110027MONTEIROH_2026-03-31_G32,10110027MONTEIROH,2026-03-31,110742,1,2,0,93.0
10110027MONTEIROH_2026-03-31_G33,10110027MONTEIROH,2026-03-31,110582,1,1,0,89.0
10110027MONTEIROH_2026-03-31_G34,10110027MONTEIROH,2026-03-31,142045,1,11,0,225.0
10110027MONTEIROH_2026-03-31_G35,10110027MONTEIROH,2026-03-31,111430,1,2,0,273.0
10110027MONTEIROH_2026-03-31_G36,10110027MONTEIROH,2026-03-31,105167,1,4,0,248.0
10110027MONTEIROH_2026-03-31_G37,10110027MONTEIROH,2026-03-31,111435,1,1,0,230.0
10110027MONTEIROH_2026-03-31_G38,10110027MONTEIROH,2026-03-31,111330,1,1,0,116.0
10110027MONTEIROH_2026-03-31_G39,10110027MONTEIROH,2026-03-31,111348,1,1,0,43.0
10110027MONTEIROH_2026-03-31_G40,10110027MONTEIROH,2026-03-31,109645,1,2,0,44.0
10110027MONTEIROH_2026-03-31_G41,10110027MONTEIROH,2026-03-31,109645,1,4,0,33.0
10110027MONTEIROH_2026-03-31_G42,10110027MONTEIROH,2026-03-31,105705,1,2,0,91.0
10110027MONTEIROH_2026-03-31_G43,10110027MONTEIROH,2026-03-31,117785,1,9,0,129.0
10110027MONTEIROH_2026-03-31_G44,10110027MONTEIROH,2026-03-31,141456,1,2,0,58.0
10110027MONTEIROH_2026-03-31_G45,10110027MONTEIROH,2026-03-31,111172,1,7,0,78.0
10110027MONTEIROH_2026-03-31_G46,10110027MONTEIROH,2026-03-31,109641,1,2,0,67.0
10110027MONTEIROH_2026-03-31_G47,10110027MONTEIROH,2026-03-31,142093,1,12,0,144.0
10110027MONTEIROH_2026-03-31_G48,10110027MONTEIROH,2026-03-31,110787,1,1,0,40.0
10110027MONTEIROH_2026-03-31_G49,10110027MONTEIROH,2026-03-31,111418,1,22,0,968.0
10110027MONTEIROH_2026-03-31_G50,10110027MONTEIROH,2026-03-31,141166,1,3,0,1593.0
10110027MONTEIROH_2026-03-31_G51,10110027MONTEIROH,2026-03-31,111602,1,4,0,686.0
10110027MONTEIROH_2026-03-31_G52,10110027MONTEIROH,2026-03-31,110374,1,2,0,127.0
10110027MONTEIROH_2026-03-31_G53,10110027MONTEIROH,2026-03-31,110787,1,2,0,108.0
10110027MONTEIROH_2026-03-31_G54,10110027MONTEIROH,2026-03-31,111446,1,2,0,1162.0
10110027MONTEIROH_2026-03-31_G55,10110027MONTEIROH,2026-03-31,111446,1,2,0,58.0
10110027MONTEIROH_2026-03-31_G56,10110027MONTEIROH,2026-03-31,111348,1,13,0,240.0
10110027MONTEIROH_2026-03-31_G57,10110027MONTEIROH,2026-03-31,111462,1,21,0,179.0
10110027MONTEIROH_2026-03-31_G58,10110027MONTEIROH,2026-03-31,105705,1,1,0,54.0
10110027MONTEIROH_2026-03-31_G59,10110027MONTEIROH,2026-03-31,117841,2,2,10,60.0
10110027MONTEIROH_2026-03-31_G61,10110027MONTEIROH,2026-03-31,108794,1,13,0,152.0
10110027MONTEIROH_2026-03-31_G62,10110027MONTEIROH,2026-03-31,111442,1,1,0,100.0
10110027MONTEIROH_2026-03-31_G63,10110027MONTEIROH,2026-03-31,108711,1,3,0,514.0
10110027MONTEIROH_2026-03-31_G64,10110027MONTEIROH,2026-03-31,110580,1,3,0,548.0
10110027MONTEIROH_2026-03-31_G65,10110027MONTEIROH,2026-03-31,111172,1,2,0,99.0
10110027MONTEIROH_2026-03-31_G66,10110027MONTEIROH,2026-03-31,108711,1,4,0,111.0
10110027MONTEIROH_2026-03-31_G67,10110027MONTEIROH,2026-03-31,108711,1,12,0,863.0
10110027MONTEIROH_2026-03-31_G68,10110027MONTEIROH,2026-03-31,111444,1,4,0,129.0
10110027MONTEIROH_2026-03-31_G69,10110027MONTEIROH,2026-03-31,108794,1,4,0,524.0
10110027MONTEIROH_2026-03-31_G70,10110027MONTEIROH,2026-03-31,108711,1,1,0,55.0
10110027MONTEIROH_2026-03-31_G71,10110027MONTEIROH,2026-03-31,110711,1,8,0,170.0
10110027MONTEIROH_2026-03-31_G72,10110027MONTEIROH,2026-03-31,110711,1,12,0,77.0
10110027MONTEIROH_2026-03-31_G73,10110027MONTEIROH,2026-03-31,110787,1,2,0,867.0
10110027MONTEIROH_2026-03-31_G74,10110027MONTEIROH,2026-03-31,110711,1,4,0,143.0
10110027MONTEIROH_2026-03-31_G75,10110027MONTEIROH,2026-03-31,111602,1,4,0,173.0
10110027MONTEIROH_2026-03-31_G76,10110027MONTEIROH,2026-03-31,106860,1,3,0,438.0
10110027MONTEIROH_2026-03-31_G77,10110027MONTEIROH,2026-03-31,108770,1,3,0,163.0
10110027MONTEIROH_2026-03-31_G78,10110027MONTEIROH,2026-03-31,108711,1,4,0,151.0
10110027MONTEIROH_2026-03-31_G79,10110027MONTEIROH,2026-03-31,108711,1,13,0,101.0
10110027MONTEIROH_2026-03-31_G80,10110027MONTEIROH,2026-03-31,111602,1,4,0,123.0
10110027MONTEIROH_2026-03-31_G81,10110027MONTEIROH,2026-03-31,108711,1,4,0,118.0
10110028LUIZL_2025-09-25_G02,10110028LUIZL,2025-09-25,109647,1,4,0,239.0
10110028LUIZL_2025-09-25_G03,10110028LUIZL,2025-09-25,111182,1,8,0,1586.0
10110028LUIZL_2025-09-25_G04,10110028LUIZL,2025-09-25,111433,1,2,0,747.0
10110028LUIZL_2025-09-25_G05,10110028LUIZL,2025-09-25,109640,1,4,0,753.0
10110028LUIZL_2025-09-25_G06,10110028LUIZL,2025-09-25,111530,1,4,0,485.0
10110028LUIZL_2025-09-25_G08,10110028LUIZL,2025-09-25,110374,1,10,0,763.0
10110028LUIZL_2025-09-25_G09,10110028LUIZL,2025-09-25,110372,1,30,0,1102.0
10110028LUIZL_2025-09-25_G10,10110028LUIZL,2025-09-25,117808,1,179,0,3255.0
10110028LUIZL_2025-09-29_G02,10110028LUIZL,2025-09-29,109643,1,12,0,461.0
10110028LUIZL_2025-09-29_G03,10110028LUIZL,2025-09-29,109648,1,8,0,281.0
10110028LUIZL_2025-09-29_G04,10110028LUIZL,2025-09-29,107830,1,30,0,572.0
10110028LUIZL_2025-09-29_G05,10110028LUIZL,2025-09-29,110375,1,10,0,313.0
10110028LUIZL_2025-09-29_G07,10110028LUIZL,2025-09-29,108772,1,40,0,1699.0
10110028LUIZL_2025-09-29_G08,10110028LUIZL,2025-09-29,111532,1,107,0,2810.0
10110028LUIZL_2025-09-29_G09,10110028LUIZL,2025-09-29,160054,1,10,0,372.0
10110028LUIZL_2025-09-29_G10,10110028LUIZL,2025-09-29,109643,1,20,0,2306.0
10110028LUIZL_2025-09-29_G11,10110028LUIZL,2025-09-29,110371,1,50,0,1310.0
10110028LUIZL_2025-09-29_G12,10110028LUIZL,2025-09-29,117808,1,352,0,2749.0
10110028LUIZL_2025-09-30_G02,10110028LUIZL,2025-09-30,110339,1,39,0,1520.0
10110028LUIZL_2025-09-30_G03,10110028LUIZL,2025-09-30,114650,1,8,0,1085.0
10110028LUIZL_2025-09-30_G04,10110028LUIZL,2025-09-30,140915,1,9,0,1360.0
10110028LUIZL_2025-09-30_G05,10110028LUIZL,2025-09-30,140912,1,48,0,1637.0
10110028LUIZL_2025-09-30_G06,10110028LUIZL,2025-09-30,141456,1,50,0,2164.0
10110028LUIZL_2025-09-30_G07,10110028LUIZL,2025-09-30,110751,1,6,0,131.0
10110028LUIZL_2025-09-30_G08,10110028LUIZL,2025-09-30,111463,1,78,0,972.0
10110028LUIZL_2025-09-30_G09,10110028LUIZL,2025-09-30,117838,1,14,0,357.0
10110028LUIZL_2025-09-30_G10,10110028LUIZL,2025-09-30,111743,1,16,0,266.0
10110028LUIZL_2025-09-30_G12,10110028LUIZL,2025-09-30,111466,1,52,0,1290.0
10110028LUIZL_2025-10-02_G02,10110028LUIZL,2025-10-02,117785,1,2,0,70.0
10110028LUIZL_2025-10-02_G03,10110028LUIZL,2025-10-02,111418,1,1,0,163.0
10110028LUIZL_2025-10-02_G04,10110028LUIZL,2025-10-02,117833,1,1,0,105.0
10110028LUIZL_2025-10-02_G05,10110028LUIZL,2025-10-02,118140,1,7,0,215.0
10110028LUIZL_2025-10-02_G06,10110028LUIZL,2025-10-02,118191,1,56,0,2607.0
10110028LUIZL_2025-10-02_G07,10110028LUIZL,2025-10-02,118191,1,3,0,166.0
10110028LUIZL_2025-10-03_G02,10110028LUIZL,2025-10-03,109643,1,4,0,221.0
10110028LUIZL_2025-10-03_G03,10110028LUIZL,2025-10-03,117808,1,8,0,265.0
10110028LUIZL_2025-10-03_G04,10110028LUIZL,2025-10-03,110325,1,4,0,291.0
10110028LUIZL_2025-10-03_G05,10110028LUIZL,2025-10-03,110787,1,4,0,643.0
10110028LUIZL_2025-10-03_G06,10110028LUIZL,2025-10-03,111466,1,4,0,163.0
10110028LUIZL_2025-10-03_G07,10110028LUIZL,2025-10-03,110895,1,2,0,591.0
10110028LUIZL_2025-10-03_G08,10110028LUIZL,2025-10-03,117862,1,2,0,96.0
10110028LUIZL_2025-10-03_G09,10110028LUIZL,2025-10-03,117808,1,35,0,595.0
10110028LUIZL_2025-10-03_G10,10110028LUIZL,2025-10-03,111443,1,2,0,203.0
10110028LUIZL_2025-10-03_G11,10110028LUIZL,2025-10-03,118140,1,4,0,236.0
10110028LUIZL_2025-10-03_G12,10110028LUIZL,2025-10-03,111466,1,12,0,738.0
10110028LUIZL_2025-10-03_G13,10110028LUIZL,2025-10-03,110895,1,2,0,110.0
10110028LUIZL_2025-10-03_G14,10110028LUIZL,2025-10-03,110895,1,5,0,89.0
10110028LUIZL_2025-10-03_G15,10110028LUIZL,2025-10-03,110339,1,4,0,210.0
10110028LUIZL_2025-10-03_G16,10110028LUIZL,2025-10-03,110339,1,9,0,1908.0
10110028LUIZL_2025-10-03_G17,10110028LUIZL,2025-10-03,111602,1,33,0,1251.0
10110028LUIZL_2025-10-03_G18,10110028LUIZL,2025-10-03,110515,1,4,0,1899.0
10110028LUIZL_2025-10-03_G19,10110028LUIZL,2025-10-03,111463,1,2,0,589.0
10110028LUIZL_2025-10-03_G20,10110028LUIZL,2025-10-03,111418,1,8,0,144.0
10110028LUIZL_2025-10-03_G21,10110028LUIZL,2025-10-03,111462,1,2,0,52.0
10110028LUIZL_2025-10-03_G22,10110028LUIZL,2025-10-03,116241,1,2,0,55.0
10110028LUIZL_2025-10-03_G23,10110028LUIZL,2025-10-03,117821,1,4,0,118.0
10110028LUIZL_2025-10-04_G02,10110028LUIZL,2025-10-04,117862,1,17,0,193.0
10110028LUIZL_2025-10-04_G03,10110028LUIZL,2025-10-04,110733,1,7,0,171.0
10110028LUIZL_2025-10-04_G04,10110028LUIZL,2025-10-04,111467,1,39,0,856.0
10110028LUIZL_2025-10-04_G05,10110028LUIZL,2025-10-04,110339,1,4,0,71.0
10110028LUIZL_2025-10-04_G06,10110028LUIZL,2025-10-04,109933,1,2,0,1037.0
10110028LUIZL_2025-10-04_G07,10110028LUIZL,2025-10-04,118306,1,10,0,172.0
10110028LUIZL_2025-10-04_G08,10110028LUIZL,2025-10-04,110895,1,16,0,321.0
10110028LUIZL_2025-10-04_G10,10110028LUIZL,2025-10-04,110742,1,4,0,139.0
10110028LUIZL_2025-10-04_G11,10110028LUIZL,2025-10-04,107892,1,1,0,136.0
10110028LUIZL_2025-10-04_G12,10110028LUIZL,2025-10-04,107892,1,1,0,43.0
10110028LUIZL_2025-10-04_G13,10110028LUIZL,2025-10-04,107236,1,2,0,392.0
10110028LUIZL_2025-10-04_G14,10110028LUIZL,2025-10-04,141456,1,1,0,102.0
10110028LUIZL_2025-10-04_G15,10110028LUIZL,2025-10-04,141456,1,10,0,118.0
10110028LUIZL_2025-10-04_G16,10110028LUIZL,2025-10-04,111433,1,2,0,82.0
10110028LUIZL_2025-10-04_G17,10110028LUIZL,2025-10-04,111463,1,7,0,186.0
10110028LUIZL_2025-10-04_G18,10110028LUIZL,2025-10-04,110740,2,11,8,180.0
10110028LUIZL_2025-10-04_G19,10110028LUIZL,2025-10-04,111743,1,2,0,112.0
10110028LUIZL_2025-10-04_G20,10110028LUIZL,2025-10-04,111532,2,8,9,279.0
10110028LUIZL_2025-10-04_G21,10110028LUIZL,2025-10-04,111418,1,6,0,177.0
10110028LUIZL_2025-10-04_G22,10110028LUIZL,2025-10-04,111418,1,8,0,116.0
10110028LUIZL_2025-10-04_G23,10110028LUIZL,2025-10-04,111462,1,4,0,151.0
10110028LUIZL_2025-10-04_G24,10110028LUIZL,2025-10-04,111469,1,1,0,40.0
10110028LUIZL_2025-10-04_G25,10110028LUIZL,2025-10-04,111466,1,6,0,1627.0
10110028LUIZL_2025-10-04_G26,10110028LUIZL,2025-10-04,110372,1,30,0,724.0
10110028LUIZL_2025-10-04_G27,10110028LUIZL,2025-10-04,117808,1,20,0,334.0
10110028LUIZL_2025-10-04_G28,10110028LUIZL,2025-10-04,110373,1,10,0,185.0
10110028LUIZL_2025-10-04_G29,10110028LUIZL,2025-10-04,110373,1,14,0,803.0
10110028LUIZL_2025-10-04_G30,10110028LUIZL,2025-10-04,111438,1,2,0,280.0
10110028LUIZL_2025-10-04_G31,10110028LUIZL,2025-10-04,111569,1,4,0,191.0
10110028LUIZL_2025-10-04_G32,10110028LUIZL,2025-10-04,110747,1,2,0,88.0
10110028LUIZL_2025-10-04_G33,10110028LUIZL,2025-10-04,117856,1,2,0,1060.0
10110028LUIZL_2025-10-04_G34,10110028LUIZL,2025-10-04,111530,1,7,0,138.0
10110028LUIZL_2025-10-04_G35,10110028LUIZL,2025-10-04,140923,1,3,0,91.0
10110028LUIZL_2025-10-04_G36,10110028LUIZL,2025-10-04,110733,1,2,0,88.0
10110028LUIZL_2025-10-04_G37,10110028LUIZL,2025-10-04,110339,1,8,0,227.0
10110028LUIZL_2025-10-04_G38,10110028LUIZL,2025-10-04,110339,1,4,0,81.0
10110028LUIZL_2025-10-04_G39,10110028LUIZL,2025-10-04,109640,1,4,0,403.0
10110028LUIZL_2025-10-04_G40,10110028LUIZL,2025-10-04,110313,1,1,0,67.0
10110028LUIZL_2025-10-04_G41,10110028LUIZL,2025-10-04,111602,1,5,0,248.0
10110028LUIZL_2025-10-04_G42,10110028LUIZL,2025-10-04,111602,1,1,0,32.0
10110028LUIZL_2025-10-04_G43,10110028LUIZL,2025-10-04,117855,1,3,0,214.0
10110028LUIZL_2025-10-04_G44,10110028LUIZL,2025-10-04,117830,1,6,0,445.0
10110028LUIZL_2025-10-06_G02,10110028LUIZL,2025-10-06,141823,1,8,0,169.0
10110028LUIZL_2025-10-06_G03,10110028LUIZL,2025-10-06,141823,1,80,0,369.0
10110028LUIZL_2025-10-06_G04,10110028LUIZL,2025-10-06,108794,1,120,0,1470.0
10110028LUIZL_2025-10-06_G05,10110028LUIZL,2025-10-06,117833,1,40,0,1424.0
10110028LUIZL_2025-10-06_G06,10110028LUIZL,2025-10-06,111468,1,32,0,1116.0
10110028LUIZL_2025-10-07_G02,10110028LUIZL,2025-10-07,117855,1,40,0,1181.0
10110028LUIZL_2025-10-07_G03,10110028LUIZL,2025-10-07,117856,1,8,0,339.0
10110028LUIZL_2025-10-07_G04,10110028LUIZL,2025-10-07,111876,1,25,0,532.0
10110028LUIZL_2025-10-07_G05,10110028LUIZL,2025-10-07,111530,1,40,0,481.0
10110028LUIZL_2025-10-07_G06,10110028LUIZL,2025-10-07,110711,1,16,0,1617.0
10110028LUIZL_2025-10-07_G07,10110028LUIZL,2025-10-07,111879,1,14,0,227.0
10110028LUIZL_2025-10-07_G08,10110028LUIZL,2025-10-07,117786,1,30,0,726.0
10110028LUIZL_2025-10-07_G09,10110028LUIZL,2025-10-07,117837,1,32,0,632.0
10110028LUIZL_2025-10-07_G10,10110028LUIZL,2025-10-07,110751,1,9,0,592.0
10110028LUIZL_2025-10-07_G11,10110028LUIZL,2025-10-07,111418,1,70,0,387.0
10110028LUIZL_2025-10-07_G12,10110028LUIZL,2025-10-07,118317,1,30,0,757.0
10110028LUIZL_2025-10-07_G13,10110028LUIZL,2025-10-07,111532,1,50,0,628.0
10110028LUIZL_2025-10-07_G14,10110028LUIZL,2025-10-07,111465,1,40,0,622.0
10110028LUIZL_2025-10-07_G16,10110028LUIZL,2025-10-07,117856,1,10,0,215.0
10110028LUIZL_2025-10-07_G17,10110028LUIZL,2025-10-07,107629,1,4,0,98.0
10110028LUIZL_2025-10-07_G18,10110028LUIZL,2025-10-07,111530,1,4,0,88.0
10110028LUIZL_2025-10-07_G19,10110028LUIZL,2025-10-07,111530,1,10,0,89.0
10110028LUIZL_2025-10-07_G20,10110028LUIZL,2025-10-07,"118094, 111530",2,20,26,413.0
10110028LUIZL_2025-10-07_G21,10110028LUIZL,2025-10-07,111602,1,10,0,283.0
10110028LUIZL_2025-10-07_G22,10110028LUIZL,2025-10-07,111602,1,10,0,1160.0
10110028LUIZL_2025-10-07_G23,10110028LUIZL,2025-10-07,110752,1,4,0,140.0
10110028LUIZL_2025-10-07_G24,10110028LUIZL,2025-10-07,109643,1,4,0,212.0
10110028LUIZL_2025-10-07_G25,10110028LUIZL,2025-10-07,110371,1,20,0,228.0
10110028LUIZL_2025-10-07_G26,10110028LUIZL,2025-10-07,110371,1,30,0,433.0
10110028LUIZL_2025-10-07_G27,10110028LUIZL,2025-10-07,110371,1,2,0,41.0
10110028LUIZL_2025-10-07_G28,10110028LUIZL,2025-10-07,117840,1,6,0,207.0
10110028LUIZL_2025-10-07_G29,10110028LUIZL,2025-10-07,110373,1,30,0,800.0
10110028LUIZL_2025-10-07_G30,10110028LUIZL,2025-10-07,110372,1,20,0,246.0
10110028LUIZL_2025-10-07_G31,10110028LUIZL,2025-10-07,110325,1,10,0,413.0
10110028LUIZL_2025-10-08_G02,10110028LUIZL,2025-10-08,118094,1,68,0,1803.0
10110028LUIZL_2025-10-08_G03,10110028LUIZL,2025-10-08,111530,1,224,0,1779.0
10110028LUIZL_2025-10-08_G05,10110028LUIZL,2025-10-08,108772,1,45,0,3100.0
10110028LUIZL_2025-10-09_G02,10110028LUIZL,2025-10-09,110372,1,20,0,286.0
10110028LUIZL_2025-10-09_G03,10110028LUIZL,2025-10-09,140923,1,7,0,280.0
10110028LUIZL_2025-10-09_G04,10110028LUIZL,2025-10-09,107629,1,4,0,720.0
10110028LUIZL_2025-10-09_G05,10110028LUIZL,2025-10-09,111743,1,4,0,367.0
10110028LUIZL_2025-10-09_G06,10110028LUIZL,2025-10-09,117820,1,4,0,131.0
10110028LUIZL_2025-10-09_G07,10110028LUIZL,2025-10-09,118299,1,60,0,872.0
10110028LUIZL_2025-10-09_G08,10110028LUIZL,2025-10-09,111569,1,6,0,1244.0
10110028LUIZL_2025-10-09_G09,10110028LUIZL,2025-10-09,111660,1,2,0,99.0
10110028LUIZL_2025-10-09_G10,10110028LUIZL,2025-10-09,141458,1,8,0,139.0
10110028LUIZL_2025-10-09_G11,10110028LUIZL,2025-10-09,109643,1,8,0,473.0
10110028LUIZL_2025-10-09_G12,10110028LUIZL,2025-10-09,111530,1,2,0,265.0
10110028LUIZL_2025-10-09_G13,10110028LUIZL,2025-10-09,111418,1,4,0,150.0
10110028LUIZL_2025-10-09_G14,10110028LUIZL,2025-10-09,110373,1,42,0,479.0
10110028LUIZL_2025-10-09_G15,10110028LUIZL,2025-10-09,118290,1,1,0,1194.0
10110028LUIZL_2025-10-09_G16,10110028LUIZL,2025-10-09,118222,1,4,0,1092.0
10110028LUIZL_2025-10-09_G17,10110028LUIZL,2025-10-09,110895,1,2,0,130.0
10110028LUIZL_2025-10-09_G18,10110028LUIZL,2025-10-09,117855,1,4,0,201.0
10110028LUIZL_2025-10-09_G19,10110028LUIZL,2025-10-09,111602,1,3,0,145.0
10110028LUIZL_2025-10-09_G20,10110028LUIZL,2025-10-09,111743,1,4,0,276.0
10110028LUIZL_2025-10-09_G21,10110028LUIZL,2025-10-09,111466,1,32,0,728.0
10110028LUIZL_2025-10-09_G22,10110028LUIZL,2025-10-09,141457,1,6,0,847.0
10110028LUIZL_2025-10-09_G23,10110028LUIZL,2025-10-09,117830,1,2,0,133.0
10110028LUIZL_2025-10-09_G24,10110028LUIZL,2025-10-09,117855,1,2,0,177.0
10110028LUIZL_2025-10-09_G25,10110028LUIZL,2025-10-09,109640,1,4,0,126.0
10110028LUIZL_2025-10-09_G26,10110028LUIZL,2025-10-09,110371,1,6,0,213.0
10110028LUIZL_2025-10-09_G28,10110028LUIZL,2025-10-09,110373,1,4,0,126.0
10110028LUIZL_2025-10-09_G29,10110028LUIZL,2025-10-09,110372,1,4,0,132.0
10110028LUIZL_2025-10-09_G30,10110028LUIZL,2025-10-09,111437,1,8,0,871.0
10110028LUIZL_2025-10-09_G31,10110028LUIZL,2025-10-09,117834,1,4,0,125.0
10110028LUIZL_2025-10-09_G32,10110028LUIZL,2025-10-09,105705,1,5,0,143.0
10110028LUIZL_2025-10-09_G33,10110028LUIZL,2025-10-09,105705,1,4,0,86.0
10110028LUIZL_2025-10-09_G34,10110028LUIZL,2025-10-09,109641,1,3,0,102.0
10110028LUIZL_2025-10-09_G35,10110028LUIZL,2025-10-09,117808,1,2,0,198.0
10110028LUIZL_2025-10-09_G36,10110028LUIZL,2025-10-09,110711,1,4,0,348.0
10110028LUIZL_2025-10-09_G37,10110028LUIZL,2025-10-09,111530,1,3,0,85.0
10110028LUIZL_2025-10-09_G38,10110028LUIZL,2025-10-09,111743,1,4,0,130.0
10110028LUIZL_2025-10-09_G39,10110028LUIZL,2025-10-09,110742,1,4,0,685.0
10110028LUIZL_2025-10-09_G40,10110028LUIZL,2025-10-09,110372,1,8,0,193.0
10110028LUIZL_2025-10-09_G41,10110028LUIZL,2025-10-09,110740,1,4,0,106.0
10110028LUIZL_2025-10-09_G42,10110028LUIZL,2025-10-09,109645,1,2,0,77.0
10110028LUIZL_2025-10-09_G43,10110028LUIZL,2025-10-09,118223,1,4,0,183.0
10110028LUIZL_2025-10-09_G44,10110028LUIZL,2025-10-09,118140,1,6,0,165.0
10110028LUIZL_2025-10-09_G45,10110028LUIZL,2025-10-09,140923,1,4,0,543.0
10110028LUIZL_2025-10-09_G46,10110028LUIZL,2025-10-09,118052,1,1,0,1201.0
10110028LUIZL_2025-10-09_G47,10110028LUIZL,2025-10-09,110742,1,43,0,882.0
10110028LUIZL_2025-10-09_G48,10110028LUIZL,2025-10-09,117836,1,1,0,69.0
10110028LUIZL_2025-10-09_G49,10110028LUIZL,2025-10-09,100334,1,48,0,601.0
10110028LUIZL_2025-10-09_G50,10110028LUIZL,2025-10-09,117835,1,20,0,907.0
10110028LUIZL_2025-10-09_G51,10110028LUIZL,2025-10-09,111655,1,8,0,257.0
10110028LUIZL_2025-10-09_G52,10110028LUIZL,2025-10-09,111660,1,12,0,547.0
10110028LUIZL_2025-10-10_G02,10110028LUIZL,2025-10-10,110373,1,1,0,849.0
10110028LUIZL_2025-10-10_G03,10110028LUIZL,2025-10-10,110711,1,4,0,88.0
10110028LUIZL_2025-10-10_G04,10110028LUIZL,2025-10-10,118140,1,7,0,192.0
10110028LUIZL_2025-10-10_G05,10110028LUIZL,2025-10-10,117808,1,23,0,955.0
10110028LUIZL_2025-10-10_G06,10110028LUIZL,2025-10-10,110371,1,2,0,105.0
10110028LUIZL_2025-10-10_G07,10110028LUIZL,2025-10-10,110373,1,10,0,559.0
10110028LUIZL_2025-10-10_G08,10110028LUIZL,2025-10-10,141823,1,2,0,57.0
10110028LUIZL_2025-10-10_G09,10110028LUIZL,2025-10-10,108794,1,2,0,138.0
10110028LUIZL_2025-10-10_G10,10110028LUIZL,2025-10-10,111466,1,17,0,267.0
10110028LUIZL_2025-10-10_G11,10110028LUIZL,2025-10-10,111466,1,3,0,54.0
10110028LUIZL_2025-10-10_G12,10110028LUIZL,2025-10-10,140922,1,2,0,136.0
10110028LUIZL_2025-10-10_G13,10110028LUIZL,2025-10-10,118140,1,17,0,293.0
10110028LUIZL_2025-10-10_G14,10110028LUIZL,2025-10-10,108794,1,3,0,538.0
10110028LUIZL_2025-10-10_G15,10110028LUIZL,2025-10-10,111466,1,4,0,83.0
10110028LUIZL_2025-10-10_G16,10110028LUIZL,2025-10-10,118140,1,2,0,126.0
10110028LUIZL_2025-10-10_G17,10110028LUIZL,2025-10-10,110371,1,8,0,150.0
10110028LUIZL_2025-10-10_G18,10110028LUIZL,2025-10-10,117862,1,1,0,55.0
10110028LUIZL_2025-10-10_G19,10110028LUIZL,2025-10-10,111569,1,4,0,391.0
10110028LUIZL_2025-10-10_G20,10110028LUIZL,2025-10-10,111743,1,8,0,1175.0
10110028LUIZL_2025-10-10_G21,10110028LUIZL,2025-10-10,108794,1,8,0,133.0
10110028LUIZL_2025-10-10_G22,10110028LUIZL,2025-10-10,111172,1,8,0,716.0
10110028LUIZL_2025-10-10_G23,10110028LUIZL,2025-10-10,111530,1,8,0,313.0
10110028LUIZL_2025-10-10_G24,10110028LUIZL,2025-10-10,108794,1,2,0,325.0
10110028LUIZL_2025-10-10_G25,10110028LUIZL,2025-10-10,111466,1,2,0,45.0
10110028LUIZL_2025-10-10_G26,10110028LUIZL,2025-10-10,110373,1,8,0,120.0
10110028LUIZL_2025-10-10_G27,10110028LUIZL,2025-10-10,118299,1,4,0,162.0
10110028LUIZL_2025-10-10_G28,10110028LUIZL,2025-10-10,117808,1,22,0,253.0
10110028LUIZL_2025-10-10_G29,10110028LUIZL,2025-10-10,110372,1,12,0,277.0
10110028LUIZL_2025-10-10_G30,10110028LUIZL,2025-10-10,117821,1,3,0,2004.0
10110028LUIZL_2025-10-10_G31,10110028LUIZL,2025-10-10,109643,1,4,0,171.0
10110028LUIZL_2025-10-10_G32,10110028LUIZL,2025-10-10,110373,1,13,0,133.0
10110028LUIZL_2025-10-10_G33,10110028LUIZL,2025-10-10,117832,1,1,0,39.0
10110028LUIZL_2025-10-10_G35,10110028LUIZL,2025-10-10,140923,1,3,0,83.0
10110028LUIZL_2025-10-10_G36,10110028LUIZL,2025-10-10,111530,1,4,0,94.0
10110028LUIZL_2025-10-10_G37,10110028LUIZL,2025-10-10,117862,1,8,0,310.0
10110028LUIZL_2025-10-10_G38,10110028LUIZL,2025-10-10,117808,1,35,0,514.0
10110028LUIZL_2025-10-10_G39,10110028LUIZL,2025-10-10,109643,1,3,0,103.0
10110028LUIZL_2025-10-10_G40,10110028LUIZL,2025-10-10,110371,1,5,0,99.0
10110028LUIZL_2025-10-10_G41,10110028LUIZL,2025-10-10,110373,1,16,0,307.0
10110028LUIZL_2025-10-10_G42,10110028LUIZL,2025-10-10,100334,1,10,0,899.0
10110028LUIZL_2025-10-10_G43,10110028LUIZL,2025-10-10,111569,1,23,0,994.0
10110028LUIZL_2025-10-10_G44,10110028LUIZL,2025-10-10,109647,1,5,0,1208.0
10110028LUIZL_2025-10-10_G45,10110028LUIZL,2025-10-10,140923,1,8,0,83.0
10110028LUIZL_2025-10-10_G46,10110028LUIZL,2025-10-10,111602,1,5,0,138.0
10110028LUIZL_2025-10-10_G47,10110028LUIZL,2025-10-10,118094,1,8,0,121.0
10110028LUIZL_2025-10-10_G48,10110028LUIZL,2025-10-10,110325,1,2,0,73.0
10110028LUIZL_2025-10-10_G49,10110028LUIZL,2025-10-10,111418,1,11,0,894.0
10110028LUIZL_2025-10-10_G50,10110028LUIZL,2025-10-10,111466,1,10,0,108.0
10110028LUIZL_2025-10-10_G51,10110028LUIZL,2025-10-10,111466,1,2,0,39.0
10110028LUIZL_2025-10-10_G52,10110028LUIZL,2025-10-10,160056,1,1,0,124.0
10110028LUIZL_2025-10-10_G53,10110028LUIZL,2025-10-10,140922,1,8,0,638.0
10110028LUIZL_2025-10-10_G54,10110028LUIZL,2025-10-10,117821,1,4,0,78.0
10110028LUIZL_2025-10-10_G55,10110028LUIZL,2025-10-10,111463,1,13,0,546.0
10110028LUIZL_2025-10-10_G56,10110028LUIZL,2025-10-10,110751,1,4,0,724.0
10110028LUIZL_2025-10-10_G57,10110028LUIZL,2025-10-10,110740,1,4,0,183.0
10110028LUIZL_2025-10-10_G58,10110028LUIZL,2025-10-10,108711,1,9,0,127.0
10110028LUIZL_2025-10-10_G59,10110028LUIZL,2025-10-10,111743,1,8,0,222.0
10110028LUIZL_2025-10-10_G60,10110028LUIZL,2025-10-10,111431,1,3,0,565.0
10110028LUIZL_2025-10-10_G61,10110028LUIZL,2025-10-10,111418,1,14,0,506.0
10110028LUIZL_2025-10-10_G62,10110028LUIZL,2025-10-10,111532,1,13,0,389.0
10110028LUIZL_2025-10-10_G63,10110028LUIZL,2025-10-10,160054,1,4,0,226.0
10110028LUIZL_2025-10-10_G64,10110028LUIZL,2025-10-10,118299,1,16,0,594.0
10110028LUIZL_2025-10-10_G65,10110028LUIZL,2025-10-10,117822,1,4,0,151.0
10110028LUIZL_2025-10-11_G02,10110028LUIZL,2025-10-11,141457,1,10,0,136.0
10110028LUIZL_2025-10-11_G03,10110028LUIZL,2025-10-11,111435,1,2,0,51.0
10110028LUIZL_2025-10-11_G04,10110028LUIZL,2025-10-11,111532,1,8,0,109.0
10110028LUIZL_2025-10-11_G05,10110028LUIZL,2025-10-11,111431,1,6,0,105.0
10110028LUIZL_2025-10-11_G06,10110028LUIZL,2025-10-11,108794,1,2,0,126.0
10110028LUIZL_2025-10-11_G07,10110028LUIZL,2025-10-11,111466,1,28,0,313.0
10110028LUIZL_2025-10-11_G08,10110028LUIZL,2025-10-11,117821,1,2,0,106.0
10110028LUIZL_2025-10-11_G09,10110028LUIZL,2025-10-11,117831,1,4,0,122.0
10110028LUIZL_2025-10-11_G10,10110028LUIZL,2025-10-11,118140,1,2,0,88.0
10110028LUIZL_2025-10-11_G11,10110028LUIZL,2025-10-11,141456,1,7,0,333.0
10110028LUIZL_2025-10-11_G12,10110028LUIZL,2025-10-11,111433,1,5,0,64.0
10110028LUIZL_2025-10-11_G13,10110028LUIZL,2025-10-11,111443,1,6,0,142.0
10110028LUIZL_2025-10-11_G14,10110028LUIZL,2025-10-11,111532,1,8,0,314.0
10110028LUIZL_2025-10-11_G15,10110028LUIZL,2025-10-11,141823,1,7,0,641.0
10110028LUIZL_2025-10-11_G16,10110028LUIZL,2025-10-11,110745,1,8,0,152.0
10110028LUIZL_2025-10-11_G17,10110028LUIZL,2025-10-11,109643,1,2,0,309.0
10110028LUIZL_2025-10-11_G18,10110028LUIZL,2025-10-11,160051,1,10,0,151.0
10110028LUIZL_2025-10-11_G19,10110028LUIZL,2025-10-11,110751,1,4,0,2455.0
10110028LUIZL_2025-10-11_G20,10110028LUIZL,2025-10-11,111463,1,17,0,489.0
10110028LUIZL_2025-10-11_G21,10110028LUIZL,2025-10-11,110740,1,20,0,187.0
10110028LUIZL_2025-10-11_G22,10110028LUIZL,2025-10-11,111532,1,20,0,462.0
10110028LUIZL_2025-10-11_G23,10110028LUIZL,2025-10-11,111418,1,32,0,807.0
10110028LUIZL_2025-10-11_G24,10110028LUIZL,2025-10-11,118223,1,3,0,197.0
10110028LUIZL_2025-10-11_G25,10110028LUIZL,2025-10-11,118223,1,2,0,48.0
10110028LUIZL_2025-10-11_G26,10110028LUIZL,2025-10-11,118223,1,12,0,141.0
10110028LUIZL_2025-10-11_G27,10110028LUIZL,2025-10-11,111466,2,33,25,595.0
10110028LUIZL_2025-10-11_G28,10110028LUIZL,2025-10-11,109641,1,5,0,110.0
10110028LUIZL_2025-10-11_G29,10110028LUIZL,2025-10-11,111182,1,16,0,253.0
10110028LUIZL_2025-10-11_G30,10110028LUIZL,2025-10-11,111182,1,15,0,362.0
10110028LUIZL_2025-10-11_G31,10110028LUIZL,2025-10-11,111182,1,50,0,718.0
10110028LUIZL_2025-10-11_G32,10110028LUIZL,2025-10-11,118140,1,12,0,206.0
10110028LUIZL_2025-10-11_G34,10110028LUIZL,2025-10-11,110740,1,8,0,60.0
10110028LUIZL_2025-10-11_G35,10110028LUIZL,2025-10-11,111348,1,2,0,95.0
10110028LUIZL_2025-10-11_G36,10110028LUIZL,2025-10-11,160055,1,9,0,257.0
10110028LUIZL_2025-10-11_G37,10110028LUIZL,2025-10-11,109645,1,3,0,176.0
10110028LUIZL_2025-10-11_G38,10110028LUIZL,2025-10-11,109641,1,24,0,1326.0
10110028LUIZL_2025-10-11_G39,10110028LUIZL,2025-10-11,111469,1,50,0,1624.0
10110028LUIZL_2025-10-11_G41,10110028LUIZL,2025-10-11,140923,1,2,0,174.0
10110028LUIZL_2025-10-11_G42,10110028LUIZL,2025-10-11,117808,1,10,0,265.0
10110028LUIZL_2025-10-11_G43,10110028LUIZL,2025-10-11,118299,1,15,0,294.0
10110028LUIZL_2025-10-11_G44,10110028LUIZL,2025-10-11,111418,1,2,0,158.0
10110028LUIZL_2025-10-11_G45,10110028LUIZL,2025-10-11,111463,1,2,0,61.0
10110028LUIZL_2025-10-11_G46,10110028LUIZL,2025-10-11,117935,1,2,0,121.0
10110028LUIZL_2025-10-13_G02,10110028LUIZL,2025-10-13,110740,1,10,0,1287.0
10110028LUIZL_2025-10-13_G03,10110028LUIZL,2025-10-13,111418,1,1100,0,2622.0
10110028LUIZL_2025-10-13_G04,10110028LUIZL,2025-10-13,111446,1,2,0,1609.0
10110028LUIZL_2025-10-13_G05,10110028LUIZL,2025-10-13,141456,1,2,0,75.0
10110028LUIZL_2025-10-13_G06,10110028LUIZL,2025-10-13,105705,1,5,0,102.0
10110028LUIZL_2025-10-13_G07,10110028LUIZL,2025-10-13,111433,2,6,9,106.0
10110028LUIZL_2025-10-13_G08,10110028LUIZL,2025-10-13,110751,1,4,0,208.0
10110028LUIZL_2025-10-13_G09,10110028LUIZL,2025-10-13,111418,1,13,0,175.0
10110028LUIZL_2025-10-13_G10,10110028LUIZL,2025-10-13,111418,1,50,0,588.0
10110028LUIZL_2025-10-13_G11,10110028LUIZL,2025-10-13,110740,3,11,39,133.0
10110028LUIZL_2025-10-13_G12,10110028LUIZL,2025-10-13,108711,1,8,0,812.0
10110028LUIZL_2025-10-13_G13,10110028LUIZL,2025-10-13,141457,1,30,0,288.0
10110028LUIZL_2025-10-13_G14,10110028LUIZL,2025-10-13,111435,1,3,0,348.0
10110028LUIZL_2025-10-13_G15,10110028LUIZL,2025-10-13,111532,1,2,0,53.0
10110028LUIZL_2025-10-13_G16,10110028LUIZL,2025-10-13,110748,2,3,8,53.0
10110028LUIZL_2025-10-13_G17,10110028LUIZL,2025-10-13,117842,1,3,0,82.0
10110028LUIZL_2025-10-13_G18,10110028LUIZL,2025-10-13,111466,1,22,0,231.0
10110028LUIZL_2025-10-13_G19,10110028LUIZL,2025-10-13,111182,1,1,0,93.0
10110028LUIZL_2025-10-13_G20,10110028LUIZL,2025-10-13,118317,2,4,6,118.0
10110028LUIZL_2025-10-13_G21,10110028LUIZL,2025-10-13,111444,1,4,0,77.0
10110028LUIZL_2025-10-13_G23,10110028LUIZL,2025-10-13,111172,5,17,58,39.0
10110028LUIZL_2025-10-13_G24,10110028LUIZL,2025-10-13,141458,1,40,0,708.0
10110028LUIZL_2025-10-13_G25,10110028LUIZL,2025-10-13,110733,1,2,0,293.0
10110028LUIZL_2025-10-13_G26,10110028LUIZL,2025-10-13,108772,1,5,0,314.0
10110028LUIZL_2025-10-13_G27,10110028LUIZL,2025-10-13,108772,1,2,0,132.0
10110028LUIZL_2025-10-13_G28,10110028LUIZL,2025-10-13,117786,1,2,0,117.0
10110028LUIZL_2025-10-13_G29,10110028LUIZL,2025-10-13,109640,1,5,0,195.0
10110028LUIZL_2025-10-13_G30,10110028LUIZL,2025-10-13,111602,1,5,0,329.0
10110028LUIZL_2025-10-13_G31,10110028LUIZL,2025-10-13,111439,1,4,0,206.0
10110028LUIZL_2025-10-13_G32,10110028LUIZL,2025-10-13,140923,1,4,0,728.0
10110028LUIZL_2025-10-13_G33,10110028LUIZL,2025-10-13,117808,1,4,0,203.0
10110028LUIZL_2025-10-13_G34,10110028LUIZL,2025-10-13,107830,1,8,0,129.0
10110028LUIZL_2025-10-13_G35,10110028LUIZL,2025-10-13,109641,1,10,0,1026.0
10110028LUIZL_2025-10-13_G37,10110028LUIZL,2025-10-13,118140,1,2,0,748.0
10110028LUIZL_2025-10-13_G38,10110028LUIZL,2025-10-13,111418,1,26,0,1165.0
10110028LUIZL_2025-10-13_G39,10110028LUIZL,2025-10-13,111463,1,2,0,63.0
10110028LUIZL_2025-10-13_G40,10110028LUIZL,2025-10-13,111443,1,2,0,36.0
10110028LUIZL_2025-10-13_G41,10110028LUIZL,2025-10-13,108711,1,2,0,53.0
10110028LUIZL_2025-10-13_G42,10110028LUIZL,2025-10-13,111743,1,2,0,51.0
10110028LUIZL_2025-10-13_G43,10110028LUIZL,2025-10-13,141457,1,14,0,103.0
10110028LUIZL_2025-10-13_G44,10110028LUIZL,2025-10-13,141823,1,4,0,65.0
10110028LUIZL_2025-10-13_G45,10110028LUIZL,2025-10-13,118223,1,2,0,93.0
10110028LUIZL_2025-10-14_G02,10110028LUIZL,2025-10-14,117935,1,6,0,102.0
10110028LUIZL_2025-10-14_G03,10110028LUIZL,2025-10-14,110339,1,2,0,128.0
10110028LUIZL_2025-10-14_G04,10110028LUIZL,2025-10-14,111602,1,6,0,142.0
10110028LUIZL_2025-10-14_G05,10110028LUIZL,2025-10-14,118299,1,8,0,169.0
10110028LUIZL_2025-10-14_G06,10110028LUIZL,2025-10-14,141202,1,6,0,117.0
10110028LUIZL_2025-10-14_G07,10110028LUIZL,2025-10-14,108711,1,5,0,243.0
10110028LUIZL_2025-10-14_G08,10110028LUIZL,2025-10-14,111469,1,2,0,125.0
10110028LUIZL_2025-10-14_G09,10110028LUIZL,2025-10-14,110841,1,2,0,118.0
10110028LUIZL_2025-10-14_G10,10110028LUIZL,2025-10-14,107830,1,2,0,635.0
10110028LUIZL_2025-10-14_G11,10110028LUIZL,2025-10-14,117808,1,12,0,124.0
10110028LUIZL_2025-10-14_G12,10110028LUIZL,2025-10-14,118277,1,2,0,173.0
10110028LUIZL_2025-10-14_G13,10110028LUIZL,2025-10-14,110373,1,2,0,41.0
10110028LUIZL_2025-10-14_G14,10110028LUIZL,2025-10-14,117832,1,2,0,78.0
10110028LUIZL_2025-10-14_G15,10110028LUIZL,2025-10-14,110375,1,2,0,56.0
10110028LUIZL_2025-10-14_G16,10110028LUIZL,2025-10-14,110371,1,8,0,98.0
10110028LUIZL_2025-10-14_G17,10110028LUIZL,2025-10-14,118299,1,3,0,281.0
10110028LUIZL_2025-10-14_G18,10110028LUIZL,2025-10-14,117820,1,4,0,232.0
10110028LUIZL_2025-10-14_G19,10110028LUIZL,2025-10-14,141202,1,2,0,116.0
10110028LUIZL_2025-10-14_G20,10110028LUIZL,2025-10-14,117822,1,4,0,39.0
10110028LUIZL_2025-10-14_G21,10110028LUIZL,2025-10-14,110325,1,2,0,45.0
10110028LUIZL_2025-10-14_G22,10110028LUIZL,2025-10-14,117809,1,6,0,48.0
10110028LUIZL_2025-10-14_G23,10110028LUIZL,2025-10-14,105705,2,4,15,118.0
10110028LUIZL_2025-10-14_G24,10110028LUIZL,2025-10-14,111418,1,4,0,119.0
10110028LUIZL_2025-10-14_G25,10110028LUIZL,2025-10-14,111463,1,4,0,116.0
10110028LUIZL_2025-10-14_G26,10110028LUIZL,2025-10-14,111466,1,2,0,98.0
10110028LUIZL_2025-10-14_G27,10110028LUIZL,2025-10-14,117821,1,1,0,110.0
10110028LUIZL_2025-10-14_G28,10110028LUIZL,2025-10-14,117831,1,6,0,102.0
10110028LUIZL_2025-10-14_G29,10110028LUIZL,2025-10-14,118222,1,8,0,964.0
10110028LUIZL_2025-10-14_G30,10110028LUIZL,2025-10-14,111602,1,2,0,263.0
10110028LUIZL_2025-10-14_G31,10110028LUIZL,2025-10-14,141202,1,6,0,176.0
10110028LUIZL_2025-10-14_G32,10110028LUIZL,2025-10-14,111743,1,20,0,3104.0
10110028LUIZL_2025-10-14_G33,10110028LUIZL,2025-10-14,141456,1,10,0,78.0
10110028LUIZL_2025-10-14_G34,10110028LUIZL,2025-10-14,105705,1,7,0,196.0
10110028LUIZL_2025-10-14_G35,10110028LUIZL,2025-10-14,118140,1,70,0,498.0
10110028LUIZL_2025-10-14_G36,10110028LUIZL,2025-10-14,111435,1,7,0,706.0
10110028LUIZL_2025-10-14_G37,10110028LUIZL,2025-10-14,111532,1,10,0,146.0
10110028LUIZL_2025-10-14_G38,10110028LUIZL,2025-10-14,117831,1,13,0,432.0
10110028LUIZL_2025-10-14_G39,10110028LUIZL,2025-10-14,111418,1,30,0,393.0
10110028LUIZL_2025-10-14_G40,10110028LUIZL,2025-10-14,118317,1,10,0,166.0
10110028LUIZL_2025-10-14_G41,10110028LUIZL,2025-10-14,111442,1,8,0,79.0
10110028LUIZL_2025-10-14_G43,10110028LUIZL,2025-10-14,110373,1,57,0,434.0
10110028LUIZL_2025-10-14_G44,10110028LUIZL,2025-10-14,141202,1,9,0,204.0
10110028LUIZL_2025-10-14_G45,10110028LUIZL,2025-10-14,117822,1,10,0,100.0
10110028LUIZL_2025-10-14_G46,10110028LUIZL,2025-10-14,117808,1,600,0,3510.0
10110028LUIZL_2025-10-14_G47,10110028LUIZL,2025-10-14,111743,2,12,8,919.0
10110028LUIZL_2025-10-14_G48,10110028LUIZL,2025-10-14,105705,1,9,0,184.0
10110028LUIZL_2025-10-14_G49,10110028LUIZL,2025-10-14,110751,1,15,0,183.0
10110028LUIZL_2025-10-14_G50,10110028LUIZL,2025-10-14,111418,1,129,0,296.0
10110028LUIZL_2025-10-14_G51,10110028LUIZL,2025-10-14,108795,1,12,0,1323.0
10110028LUIZL_2025-10-14_G52,10110028LUIZL,2025-10-14,110740,1,18,0,721.0
10110028LUIZL_2025-10-14_G53,10110028LUIZL,2025-10-14,108798,1,12,0,311.0
10110028LUIZL_2025-10-14_G54,10110028LUIZL,2025-10-14,108794,1,19,0,179.0
10110028LUIZL_2025-10-14_G55,10110028LUIZL,2025-10-14,111466,2,17,9,114.0
10110028LUIZL_2025-10-14_G56,10110028LUIZL,2025-10-14,111465,1,5,0,211.0
10110028LUIZL_2025-10-14_G57,10110028LUIZL,2025-10-14,109641,1,4,0,132.0
10110028LUIZL_2025-10-14_G58,10110028LUIZL,2025-10-14,117833,1,21,0,260.0
10110028LUIZL_2025-10-14_G59,10110028LUIZL,2025-10-14,117785,1,154,0,1039.0
10110028LUIZL_2025-10-15_G02,10110028LUIZL,2025-10-15,118350,1,8,0,423.0
10110028LUIZL_2025-10-15_G03,10110028LUIZL,2025-10-15,141456,1,10,0,276.0
10110028LUIZL_2025-10-15_G04,10110028LUIZL,2025-10-15,111466,1,4,0,105.0
10110028LUIZL_2025-10-15_G05,10110028LUIZL,2025-10-15,110751,1,5,0,72.0
10110028LUIZL_2025-10-15_G06,10110028LUIZL,2025-10-15,110740,2,12,11,81.0
10110028LUIZL_2025-10-15_G07,10110028LUIZL,2025-10-15,108711,1,2,0,130.0
10110028LUIZL_2025-10-15_G08,10110028LUIZL,2025-10-15,160055,1,2,0,78.0
10110028LUIZL_2025-10-15_G09,10110028LUIZL,2025-10-15,141457,1,2,0,160.0
10110028LUIZL_2025-10-15_G10,10110028LUIZL,2025-10-15,141457,1,30,0,1176.0
10110028LUIZL_2025-10-15_G11,10110028LUIZL,2025-10-15,111435,1,8,0,113.0
10110028LUIZL_2025-10-15_G12,10110028LUIZL,2025-10-15,117842,1,2,0,102.0
10110028LUIZL_2025-10-15_G13,10110028LUIZL,2025-10-15,108794,1,5,0,270.0
10110028LUIZL_2025-10-15_G14,10110028LUIZL,2025-10-15,111465,1,10,0,112.0
10110028LUIZL_2025-10-15_G15,10110028LUIZL,2025-10-15,109641,1,4,0,100.0
10110028LUIZL_2025-10-15_G16,10110028LUIZL,2025-10-15,111442,1,10,0,146.0
10110028LUIZL_2025-10-15_G17,10110028LUIZL,2025-10-15,140922,1,2,0,81.0
10110028LUIZL_2025-10-15_G18,10110028LUIZL,2025-10-15,111172,1,10,0,508.0
10110028LUIZL_2025-10-15_G19,10110028LUIZL,2025-10-15,117831,1,4,0,68.0
10110028LUIZL_2025-10-15_G20,10110028LUIZL,2025-10-15,117831,1,10,0,209.0
10110028LUIZL_2025-10-15_G21,10110028LUIZL,2025-10-15,141458,1,6,0,656.0
10110028LUIZL_2025-10-15_G22,10110028LUIZL,2025-10-15,107236,1,4,0,40.0
10110028LUIZL_2025-10-15_G23,10110028LUIZL,2025-10-15,107236,1,9,0,59.0
10110028LUIZL_2025-10-15_G24,10110028LUIZL,2025-10-15,111468,1,5,0,97.0
10110028LUIZL_2025-10-15_G25,10110028LUIZL,2025-10-15,160054,1,4,0,196.0
10110028LUIZL_2025-10-15_G26,10110028LUIZL,2025-10-15,110373,1,12,0,176.0
10110028LUIZL_2025-10-15_G27,10110028LUIZL,2025-10-15,110373,1,50,0,524.0
10110028LUIZL_2025-10-15_G28,10110028LUIZL,2025-10-15,117820,1,6,0,102.0
10110028LUIZL_2025-10-15_G29,10110028LUIZL,2025-10-15,118140,1,4,0,256.0
10110028LUIZL_2025-10-15_G30,10110028LUIZL,2025-10-15,117808,1,38,0,401.0
10110028LUIZL_2025-10-15_G31,10110028LUIZL,2025-10-15,110375,1,8,0,400.0
10110028LUIZL_2025-10-16_G02,10110028LUIZL,2025-10-16,111530,1,4,0,280.0
10110028LUIZL_2025-10-16_G03,10110028LUIZL,2025-10-16,111532,1,167,0,1203.0
10110028LUIZL_2025-10-16_G04,10110028LUIZL,2025-10-16,118299,1,10,0,368.0
10110028LUIZL_2025-10-16_G05,10110028LUIZL,2025-10-16,111530,1,6,0,253.0
10110028LUIZL_2025-10-16_G06,10110028LUIZL,2025-10-16,160057,1,4,0,167.0
10110028LUIZL_2025-10-16_G07,10110028LUIZL,2025-10-16,111442,1,4,0,149.0
10110028LUIZL_2025-10-16_G08,10110028LUIZL,2025-10-16,116611,1,4,0,1481.0
10110028LUIZL_2025-10-16_G09,10110028LUIZL,2025-10-16,116611,1,10,0,87.0
10110028LUIZL_2025-10-16_G10,10110028LUIZL,2025-10-16,140923,1,4,0,133.0
10110028LUIZL_2025-10-16_G11,10110028LUIZL,2025-10-16,110375,1,8,0,722.0
10110028LUIZL_2025-10-16_G12,10110028LUIZL,2025-10-16,110373,1,30,0,325.0
10110028LUIZL_2025-10-16_G13,10110028LUIZL,2025-10-16,111602,1,5,0,572.0
10110028LUIZL_2025-10-16_G14,10110028LUIZL,2025-10-16,118299,2,7,8,283.0
10110028LUIZL_2025-10-16_G15,10110028LUIZL,2025-10-16,118299,1,5,0,216.0
10110028LUIZL_2025-10-16_G16,10110028LUIZL,2025-10-16,111602,1,14,0,691.0
10110028LUIZL_2025-10-16_G17,10110028LUIZL,2025-10-16,140923,1,7,0,120.0
10110028LUIZL_2025-10-16_G18,10110028LUIZL,2025-10-16,110752,1,2,0,1199.0
10110028LUIZL_2025-10-16_G19,10110028LUIZL,2025-10-16,111530,1,16,0,172.0
10110028LUIZL_2025-10-16_G20,10110028LUIZL,2025-10-16,117855,1,8,0,220.0
10110028LUIZL_2025-10-16_G21,10110028LUIZL,2025-10-16,117855,1,4,0,39.0
10110028LUIZL_2025-10-16_G22,10110028LUIZL,2025-10-16,118222,2,16,10,1242.0
10110028LUIZL_2025-10-16_G24,10110028LUIZL,2025-10-16,111530,1,6,0,97.0
10110028LUIZL_2025-10-16_G25,10110028LUIZL,2025-10-16,111442,1,4,0,131.0
10110028LUIZL_2025-10-16_G26,10110028LUIZL,2025-10-16,118094,1,4,0,282.0
10110028LUIZL_2025-10-16_G27,10110028LUIZL,2025-10-16,117862,1,1,0,116.0
10110028LUIZL_2025-10-16_G28,10110028LUIZL,2025-10-16,117831,1,2,0,129.0
10110028LUIZL_2025-10-16_G29,10110028LUIZL,2025-10-16,111569,1,2,0,115.0
10110028LUIZL_2025-10-16_G30,10110028LUIZL,2025-10-16,109640,1,2,0,722.0
10110028LUIZL_2025-10-16_G31,10110028LUIZL,2025-10-16,111463,1,6,0,777.0
10110028LUIZL_2025-10-16_G32,10110028LUIZL,2025-10-16,117785,1,1,0,170.0
10110028LUIZL_2025-10-16_G33,10110028LUIZL,2025-10-16,117820,1,30,0,540.0
10110028LUIZL_2025-10-16_G34,10110028LUIZL,2025-10-16,117785,1,20,0,221.0
10110028LUIZL_2025-10-16_G35,10110028LUIZL,2025-10-16,111602,1,2,0,358.0
10110028LUIZL_2025-10-16_G36,10110028LUIZL,2025-10-16,140923,1,12,0,194.0
10110028LUIZL_2025-10-16_G37,10110028LUIZL,2025-10-16,118418,1,5,0,688.0
10110028LUIZL_2025-10-16_G39,10110028LUIZL,2025-10-16,111446,1,2,0,52.0
10110028LUIZL_2025-10-16_G40,10110028LUIZL,2025-10-16,110129,1,2,0,38.0
10110028LUIZL_2025-10-16_G41,10110028LUIZL,2025-10-16,111743,2,6,7,148.0
10110028LUIZL_2025-10-16_G42,10110028LUIZL,2025-10-16,141456,1,4,0,142.0
10110028LUIZL_2025-10-16_G43,10110028LUIZL,2025-10-16,111463,1,10,0,183.0
10110028LUIZL_2025-10-16_G44,10110028LUIZL,2025-10-16,111463,1,4,0,42.0
10110028LUIZL_2025-10-16_G45,10110028LUIZL,2025-10-16,111466,1,5,0,120.0
10110028LUIZL_2025-10-16_G46,10110028LUIZL,2025-10-16,110740,2,8,20,451.0
10110028LUIZL_2025-10-16_G47,10110028LUIZL,2025-10-16,117838,1,4,0,374.0
10110028LUIZL_2025-10-16_G48,10110028LUIZL,2025-10-16,108711,1,4,0,61.0
10110028LUIZL_2025-10-16_G49,10110028LUIZL,2025-10-16,141457,1,2,0,85.0
10110028LUIZL_2025-10-16_G50,10110028LUIZL,2025-10-16,111435,1,2,0,43.0
10110028LUIZL_2025-10-16_G51,10110028LUIZL,2025-10-16,108798,1,2,0,72.0
10110028LUIZL_2025-10-16_G52,10110028LUIZL,2025-10-16,108798,1,2,0,34.0
10110028LUIZL_2025-10-16_G53,10110028LUIZL,2025-10-16,111532,1,2,0,53.0
10110028LUIZL_2025-10-16_G54,10110028LUIZL,2025-10-16,110787,1,2,0,39.0
10110028LUIZL_2025-10-16_G55,10110028LUIZL,2025-10-16,111431,1,2,0,70.0
10110028LUIZL_2025-10-17_G02,10110028LUIZL,2025-10-17,118140,1,12,0,2109.0
10110028LUIZL_2025-10-17_G03,10110028LUIZL,2025-10-17,111743,1,6,0,129.0
10110028LUIZL_2025-10-17_G04,10110028LUIZL,2025-10-17,108711,1,8,0,182.0
10110028LUIZL_2025-10-17_G05,10110028LUIZL,2025-10-17,141823,1,6,0,108.0
10110028LUIZL_2025-10-17_G06,10110028LUIZL,2025-10-17,140922,1,8,0,270.0
10110028LUIZL_2025-10-17_G07,10110028LUIZL,2025-10-17,110711,1,6,0,130.0
10110028LUIZL_2025-10-17_G08,10110028LUIZL,2025-10-17,110733,1,4,0,78.0
10110028LUIZL_2025-10-17_G09,10110028LUIZL,2025-10-17,110623,1,4,0,637.0
10110028LUIZL_2025-10-17_G10,10110028LUIZL,2025-10-17,118140,1,4,0,143.0
10110028LUIZL_2025-10-17_G11,10110028LUIZL,2025-10-17,141823,1,3,0,121.0
10110028LUIZL_2025-10-17_G12,10110028LUIZL,2025-10-17,140922,1,4,0,348.0
10110028LUIZL_2025-10-17_G13,10110028LUIZL,2025-10-17,110733,1,4,0,129.0
10110028LUIZL_2025-10-17_G14,10110028LUIZL,2025-10-17,110112,1,4,0,126.0
10110028LUIZL_2025-10-17_G15,10110028LUIZL,2025-10-17,118140,1,8,0,569.0
10110028LUIZL_2025-10-17_G16,10110028LUIZL,2025-10-17,108711,1,4,0,237.0
10110028LUIZL_2025-10-17_G17,10110028LUIZL,2025-10-17,141823,1,4,0,82.0
10110028LUIZL_2025-10-17_G18,10110028LUIZL,2025-10-17,140922,1,4,0,132.0
10110028LUIZL_2025-10-17_G19,10110028LUIZL,2025-10-17,117831,1,8,0,261.0
10110028LUIZL_2025-10-17_G20,10110028LUIZL,2025-10-17,141823,1,4,0,132.0
10110028LUIZL_2025-10-17_G21,10110028LUIZL,2025-10-17,111466,1,8,0,159.0
10110028LUIZL_2025-10-17_G22,10110028LUIZL,2025-10-17,110733,1,4,0,377.0
10110028LUIZL_2025-10-17_G23,10110028LUIZL,2025-10-17,117820,1,4,0,139.0
10110028LUIZL_2025-10-17_G24,10110028LUIZL,2025-10-17,118140,1,16,0,441.0
10110028LUIZL_2025-10-17_G25,10110028LUIZL,2025-10-17,108795,1,3,0,275.0
10110028LUIZL_2025-10-17_G26,10110028LUIZL,2025-10-17,108711,1,8,0,137.0
10110028LUIZL_2025-10-17_G27,10110028LUIZL,2025-10-17,117808,1,12,0,155.0
10110028LUIZL_2025-10-17_G28,10110028LUIZL,2025-10-17,108711,1,2,0,532.0
10110028LUIZL_2025-10-17_G29,10110028LUIZL,2025-10-17,118140,1,4,0,171.0
10110028LUIZL_2025-10-17_G30,10110028LUIZL,2025-10-17,140922,1,6,0,221.0
10110028LUIZL_2025-10-17_G31,10110028LUIZL,2025-10-17,118140,1,4,0,121.0
10110028LUIZL_2025-10-17_G32,10110028LUIZL,2025-10-17,141823,1,4,0,562.0
10110028LUIZL_2025-10-17_G33,10110028LUIZL,2025-10-17,108711,1,6,0,133.0
10110028LUIZL_2025-10-17_G34,10110028LUIZL,2025-10-17,110711,1,1,0,80.0
10110028LUIZL_2025-10-17_G35,10110028LUIZL,2025-10-17,110112,1,2,0,102.0
10110028LUIZL_2025-10-17_G36,10110028LUIZL,2025-10-17,110325,1,4,0,250.0
10110028LUIZL_2025-10-17_G37,10110028LUIZL,2025-10-17,118140,1,4,0,259.0
10110028LUIZL_2025-10-17_G38,10110028LUIZL,2025-10-17,118140,1,4,0,951.0
10110028LUIZL_2025-10-17_G39,10110028LUIZL,2025-10-17,141823,1,4,0,82.0
10110028LUIZL_2025-10-17_G40,10110028LUIZL,2025-10-17,111466,1,4,0,94.0
10110028LUIZL_2025-10-17_G41,10110028LUIZL,2025-10-17,110711,1,12,0,167.0
10110028LUIZL_2025-10-17_G43,10110028LUIZL,2025-10-17,110372,1,24,0,350.0
10110028LUIZL_2025-10-17_G44,10110028LUIZL,2025-10-17,111602,1,2,0,666.0
10110028LUIZL_2025-10-17_G45,10110028LUIZL,2025-10-17,111439,1,4,0,389.0
10110028LUIZL_2025-10-17_G46,10110028LUIZL,2025-10-17,117965,1,4,0,196.0
10110028LUIZL_2025-10-17_G47,10110028LUIZL,2025-10-17,111655,1,4,0,196.0
10110028LUIZL_2025-10-17_G48,10110028LUIZL,2025-10-17,117837,1,4,0,234.0
10110028LUIZL_2025-10-17_G49,10110028LUIZL,2025-10-17,117837,1,4,0,165.0
10110028LUIZL_2025-10-17_G50,10110028LUIZL,2025-10-17,110372,1,16,0,258.0
10110028LUIZL_2025-10-17_G51,10110028LUIZL,2025-10-17,110372,1,21,0,571.0
10110028LUIZL_2025-10-17_G52,10110028LUIZL,2025-10-17,117832,1,2,0,2009.0
10110028LUIZL_2025-10-17_G53,10110028LUIZL,2025-10-17,117808,1,42,0,550.0
10110028LUIZL_2025-10-17_G54,10110028LUIZL,2025-10-17,111438,1,4,0,374.0
10110028LUIZL_2025-10-17_G55,10110028LUIZL,2025-10-17,109643,1,4,0,560.0
10110028LUIZL_2025-10-17_G56,10110028LUIZL,2025-10-17,110373,1,10,0,133.0
10110028LUIZL_2025-10-17_G57,10110028LUIZL,2025-10-17,117808,1,56,0,515.0
10110028LUIZL_2025-10-17_G58,10110028LUIZL,2025-10-17,109647,1,3,0,233.0
10110028LUIZL_2025-10-17_G59,10110028LUIZL,2025-10-17,111431,1,5,0,181.0
10110028LUIZL_2025-10-17_G60,10110028LUIZL,2025-10-17,118140,1,8,0,390.0
10110028LUIZL_2025-10-17_G61,10110028LUIZL,2025-10-17,111466,1,20,0,414.0
10110028LUIZL_2025-10-17_G62,10110028LUIZL,2025-10-17,111465,1,12,0,153.0
10110028LUIZL_2025-10-17_G63,10110028LUIZL,2025-10-17,107892,1,12,0,261.0
10110028LUIZL_2025-10-17_G64,10110028LUIZL,2025-10-17,108361,1,8,0,230.0
10110028LUIZL_2025-10-17_G65,10110028LUIZL,2025-10-17,111530,1,2,0,277.0
10110028LUIZL_2025-10-17_G66,10110028LUIZL,2025-10-17,117808,1,4,0,232.0
10110028LUIZL_2025-10-18_G02,10110028LUIZL,2025-10-18,111438,1,12,0,150.0
10110028LUIZL_2025-10-18_G03,10110028LUIZL,2025-10-18,108411,1,2,0,107.0
10110028LUIZL_2025-10-18_G04,10110028LUIZL,2025-10-18,110311,1,2,0,70.0
10110028LUIZL_2025-10-18_G05,10110028LUIZL,2025-10-18,106865,1,2,0,516.0
10110028LUIZL_2025-10-18_G06,10110028LUIZL,2025-10-18,105272,1,4,0,100.0
10110028LUIZL_2025-10-18_G07,10110028LUIZL,2025-10-18,110747,1,8,0,175.0
10110028LUIZL_2025-10-18_G08,10110028LUIZL,2025-10-18,110310,1,4,0,105.0
10110028LUIZL_2025-10-18_G09,10110028LUIZL,2025-10-18,111569,1,6,0,296.0
10110028LUIZL_2025-10-18_G10,10110028LUIZL,2025-10-18,111467,1,40,0,473.0
10110028LUIZL_2025-10-18_G11,10110028LUIZL,2025-10-18,117853,1,8,0,130.0
10110028LUIZL_2025-10-18_G12,10110028LUIZL,2025-10-18,105470,1,2,0,82.0
10110028LUIZL_2025-10-18_G13,10110028LUIZL,2025-10-18,105242,1,3,0,88.0
10110028LUIZL_2025-10-18_G14,10110028LUIZL,2025-10-18,110752,1,8,0,118.0
10110028LUIZL_2025-10-18_G15,10110028LUIZL,2025-10-18,110375,1,40,0,1161.0
10110028LUIZL_2025-10-18_G17,10110028LUIZL,2025-10-18,117820,1,210,0,299.0
10110028LUIZL_2025-10-18_G19,10110028LUIZL,2025-10-18,110373,1,12,0,137.0
10110028LUIZL_2025-10-18_G20,10110028LUIZL,2025-10-18,117808,1,5,0,88.0
10110028LUIZL_2025-10-18_G21,10110028LUIZL,2025-10-18,117831,1,8,0,851.0
10110028LUIZL_2025-10-18_G22,10110028LUIZL,2025-10-18,118140,1,6,0,239.0
10110028LUIZL_2025-10-18_G23,10110028LUIZL,2025-10-18,111466,1,8,0,141.0
10110028LUIZL_2025-10-18_G24,10110028LUIZL,2025-10-18,111418,1,10,0,154.0
10110028LUIZL_2025-10-18_G25,10110028LUIZL,2025-10-18,109647,1,8,0,571.0
10110028LUIZL_2025-10-18_G26,10110028LUIZL,2025-10-18,107629,1,8,0,108.0
10110028LUIZL_2025-10-18_G27,10110028LUIZL,2025-10-18,108772,1,8,0,184.0
10110028LUIZL_2025-10-18_G28,10110028LUIZL,2025-10-18,111530,1,12,0,178.0
10110028LUIZL_2025-10-18_G29,10110028LUIZL,2025-10-18,105705,1,5,0,133.0
10110028LUIZL_2025-10-18_G30,10110028LUIZL,2025-10-18,111433,1,12,0,421.0
10110028LUIZL_2025-10-20_G02,10110028LUIZL,2025-10-20,117853,1,4,0,67.0
10110028LUIZL_2025-10-20_G03,10110028LUIZL,2025-10-20,109640,1,4,0,130.0
10110028LUIZL_2025-10-20_G04,10110028LUIZL,2025-10-20,109640,1,12,0,342.0
10110028LUIZL_2025-10-20_G05,10110028LUIZL,2025-10-20,111530,1,2,0,105.0
10110028LUIZL_2025-10-20_G06,10110028LUIZL,2025-10-20,107236,1,6,0,853.0
10110028LUIZL_2025-10-20_G07,10110028LUIZL,2025-10-20,118140,1,10,0,638.0
10110028LUIZL_2025-10-20_G08,10110028LUIZL,2025-10-20,108711,1,4,0,82.0
10110028LUIZL_2025-10-20_G09,10110028LUIZL,2025-10-20,141823,1,4,0,93.0
10110028LUIZL_2025-10-20_G10,10110028LUIZL,2025-10-20,111466,1,5,0,101.0
10110028LUIZL_2025-10-20_G11,10110028LUIZL,2025-10-20,110711,1,12,0,178.0
10110028LUIZL_2025-10-20_G12,10110028LUIZL,2025-10-20,110733,1,6,0,81.0
10110028LUIZL_2025-10-20_G13,10110028LUIZL,2025-10-20,118140,1,4,0,484.0
10110028LUIZL_2025-10-20_G14,10110028LUIZL,2025-10-20,108711,1,10,0,289.0
10110028LUIZL_2025-10-20_G15,10110028LUIZL,2025-10-20,111466,1,6,0,263.0
10110028LUIZL_2025-10-20_G16,10110028LUIZL,2025-10-20,118140,1,4,0,200.0
10110028LUIZL_2025-10-20_G17,10110028LUIZL,2025-10-20,108711,1,4,0,92.0
10110028LUIZL_2025-10-20_G18,10110028LUIZL,2025-10-20,141202,1,2,0,128.0
10110028LUIZL_2025-10-20_G19,10110028LUIZL,2025-10-20,118140,1,1,0,657.0
10110028LUIZL_2025-10-20_G20,10110028LUIZL,2025-10-20,110743,1,56,0,660.0
10110028LUIZL_2025-10-20_G21,10110028LUIZL,2025-10-20,117785,1,80,0,1958.0
10110028LUIZL_2025-10-20_G22,10110028LUIZL,2025-10-20,117785,1,706,0,1970.0
10110028LUIZL_2025-10-20_G23,10110028LUIZL,2025-10-20,111466,1,319,0,2704.0
10110028LUIZL_2025-10-20_G25,10110028LUIZL,2025-10-20,118326,1,2,0,114.0
10110028LUIZL_2025-10-20_G26,10110028LUIZL,2025-10-20,117831,1,20,0,856.0
10110028LUIZL_2025-10-20_G27,10110028LUIZL,2025-10-20,117831,1,30,0,294.0
10110028LUIZL_2025-10-20_G28,10110028LUIZL,2025-10-20,110740,1,14,0,946.0
10110028LUIZL_2025-10-20_G29,10110028LUIZL,2025-10-20,141457,1,63,0,265.0
10110028LUIZL_2025-10-20_G30,10110028LUIZL,2025-10-20,117833,1,10,0,1116.0
10110028LUIZL_2025-10-20_G31,10110028LUIZL,2025-10-20,117833,1,8,0,60.0
10110028LUIZL_2025-10-20_G32,10110028LUIZL,2025-10-20,111172,1,15,0,214.0
10110028LUIZL_2025-10-20_G33,10110028LUIZL,2025-10-20,141458,1,8,0,298.0
10110028LUIZL_2025-10-20_G34,10110028LUIZL,2025-10-20,141458,1,20,0,138.0
10110028LUIZL_2025-10-20_G35,10110028LUIZL,2025-10-20,141458,1,44,0,313.0
10110028LUIZL_2025-10-20_G36,10110028LUIZL,2025-10-20,111465,1,5,0,194.0
10110028LUIZL_2025-10-21_G02,10110028LUIZL,2025-10-21,111532,1,7,0,474.0
10110028LUIZL_2025-10-21_G03,10110028LUIZL,2025-10-21,110376,1,1,0,991.0
10110028LUIZL_2025-10-21_G04,10110028LUIZL,2025-10-21,"117808, 110373",2,12,30,211.0
10110028LUIZL_2025-10-21_G05,10110028LUIZL,2025-10-21,117820,1,12,0,143.0
10110028LUIZL_2025-10-21_G06,10110028LUIZL,2025-10-21,141823,1,4,0,165.0
10110028LUIZL_2025-10-21_G07,10110028LUIZL,2025-10-21,110787,1,8,0,73.0
10110028LUIZL_2025-10-21_G08,10110028LUIZL,2025-10-21,108794,1,6,0,52.0
10110028LUIZL_2025-10-21_G09,10110028LUIZL,2025-10-21,111418,1,4,0,111.0
10110028LUIZL_2025-10-21_G10,10110028LUIZL,2025-10-21,117785,1,10,0,140.0
10110028LUIZL_2025-10-21_G11,10110028LUIZL,2025-10-21,117821,1,1,0,70.0
10110028LUIZL_2025-10-21_G12,10110028LUIZL,2025-10-21,118330,1,2,0,80.0
10110028LUIZL_2025-10-21_G13,10110028LUIZL,2025-10-21,111466,1,1,0,77.0
10110028LUIZL_2025-10-21_G14,10110028LUIZL,2025-10-21,107236,1,4,0,258.0
10110028LUIZL_2025-10-21_G15,10110028LUIZL,2025-10-21,118140,1,4,0,327.0
10110028LUIZL_2025-10-21_G16,10110028LUIZL,2025-10-21,110129,1,2,0,44.0
10110028LUIZL_2025-10-21_G17,10110028LUIZL,2025-10-21,141456,1,8,0,86.0
10110028LUIZL_2025-10-21_G18,10110028LUIZL,2025-10-21,105705,1,4,0,66.0
10110028LUIZL_2025-10-21_G19,10110028LUIZL,2025-10-21,111463,1,4,0,59.0
10110028LUIZL_2025-10-21_G20,10110028LUIZL,2025-10-21,110751,1,2,0,41.0
10110028LUIZL_2025-10-21_G21,10110028LUIZL,2025-10-21,141457,1,6,0,135.0
10110028LUIZL_2025-10-21_G22,10110028LUIZL,2025-10-21,118299,1,19,0,224.0
10110028LUIZL_2025-10-21_G23,10110028LUIZL,2025-10-21,110376,1,2,0,104.0
10110028LUIZL_2025-10-21_G24,10110028LUIZL,2025-10-21,117808,1,15,0,139.0
10110028LUIZL_2025-10-21_G25,10110028LUIZL,2025-10-21,110373,1,6,0,110.0
10110028LUIZL_2025-10-21_G26,10110028LUIZL,2025-10-21,110371,1,6,0,70.0
10110028LUIZL_2025-10-21_G27,10110028LUIZL,2025-10-21,141202,1,4,0,64.0
10110028LUIZL_2025-10-21_G28,10110028LUIZL,2025-10-21,117822,1,2,0,97.0
10110028LUIZL_2025-10-21_G29,10110028LUIZL,2025-10-21,117831,1,2,0,1292.0
10110028LUIZL_2025-10-21_G30,10110028LUIZL,2025-10-21,111463,1,6,0,48.0
10110028LUIZL_2025-10-21_G31,10110028LUIZL,2025-10-21,108795,1,8,0,138.0
10110028LUIZL_2025-10-21_G32,10110028LUIZL,2025-10-21,110740,1,4,0,44.0
10110028LUIZL_2025-10-21_G33,10110028LUIZL,2025-10-21,108711,1,5,0,59.0
10110028LUIZL_2025-10-21_G34,10110028LUIZL,2025-10-21,109641,1,2,0,100.0
10110028LUIZL_2025-10-21_G35,10110028LUIZL,2025-10-21,117821,1,1,0,76.0
10110028LUIZL_2025-10-21_G36,10110028LUIZL,2025-10-21,141458,1,4,0,64.0
10110028LUIZL_2025-10-21_G37,10110028LUIZL,2025-10-21,117808,1,6,0,166.0
10110028LUIZL_2025-10-21_G38,10110028LUIZL,2025-10-21,110371,1,8,0,133.0
10110028LUIZL_2025-10-21_G39,10110028LUIZL,2025-10-21,117820,1,15,0,76.0
10110028LUIZL_2025-10-21_G40,10110028LUIZL,2025-10-21,117856,1,8,0,299.0
10110028LUIZL_2025-10-21_G41,10110028LUIZL,2025-10-21,117830,1,2,0,287.0
10110028LUIZL_2025-10-21_G42,10110028LUIZL,2025-10-21,140923,1,6,0,257.0
10110028LUIZL_2025-10-21_G44,10110028LUIZL,2025-10-21,110623,1,20,0,810.0
10110028LUIZL_2025-10-21_G45,10110028LUIZL,2025-10-21,117785,1,14,0,237.0
10110028LUIZL_2025-10-21_G46,10110028LUIZL,2025-10-21,111172,1,12,0,215.0
10110028LUIZL_2025-10-21_G47,10110028LUIZL,2025-10-21,117785,1,30,0,1546.0
10110028LUIZL_2025-10-21_G48,10110028LUIZL,2025-10-21,111850,1,100,0,1519.0
10110028LUIZL_2025-10-22_G02,10110028LUIZL,2025-10-22,110375,1,6,0,112.0
10110028LUIZL_2025-10-22_G03,10110028LUIZL,2025-10-22,110373,1,6,0,79.0
10110028LUIZL_2025-10-22_G04,10110028LUIZL,2025-10-22,117822,1,6,0,116.0
10110028LUIZL_2025-10-22_G05,10110028LUIZL,2025-10-22,110325,1,7,0,77.0
10110028LUIZL_2025-10-22_G06,10110028LUIZL,2025-10-22,141457,1,8,0,563.0
10110028LUIZL_2025-10-22_G07,10110028LUIZL,2025-10-22,111469,1,30,0,260.0
10110028LUIZL_2025-10-22_G08,10110028LUIZL,2025-10-22,117821,1,12,0,868.0
10110028LUIZL_2025-10-22_G09,10110028LUIZL,2025-10-22,141458,1,12,0,75.0
10110028LUIZL_2025-10-22_G10,10110028LUIZL,2025-10-22,111463,1,82,0,1389.0
10110028LUIZL_2025-10-22_G11,10110028LUIZL,2025-10-22,111463,1,8,0,145.0
10110028LUIZL_2025-10-22_G12,10110028LUIZL,2025-10-22,109645,1,3,0,211.0
10110028LUIZL_2025-10-22_G13,10110028LUIZL,2025-10-22,111348,1,16,0,1081.0
10110028LUIZL_2025-10-22_G14,10110028LUIZL,2025-10-22,118094,1,20,0,284.0
10110028LUIZL_2025-10-22_G15,10110028LUIZL,2025-10-22,118094,1,48,0,454.0
10110028LUIZL_2025-10-22_G16,10110028LUIZL,2025-10-22,110750,1,100,0,1055.0
10110028LUIZL_2025-10-22_G17,10110028LUIZL,2025-10-22,109640,1,4,0,514.0
10110028LUIZL_2025-10-22_G18,10110028LUIZL,2025-10-22,111330,1,4,0,177.0
10110028LUIZL_2025-10-22_G19,10110028LUIZL,2025-10-22,140923,1,5,0,92.0
10110028LUIZL_2025-10-22_G21,10110028LUIZL,2025-10-22,109640,1,6,0,212.0
10110028LUIZL_2025-10-22_G22,10110028LUIZL,2025-10-22,117832,1,1,0,218.0
10110028LUIZL_2025-10-22_G23,10110028LUIZL,2025-10-22,111722,1,5,0,111.0
10110028LUIZL_2025-10-22_G24,10110028LUIZL,2025-10-22,110376,1,3,0,108.0
10110028LUIZL_2025-10-22_G25,10110028LUIZL,2025-10-22,105705,1,4,0,757.0
10110028LUIZL_2025-10-22_G26,10110028LUIZL,2025-10-22,111466,1,10,0,70.0
10110028LUIZL_2025-10-22_G27,10110028LUIZL,2025-10-22,111463,1,4,0,48.0
10110028LUIZL_2025-10-22_G28,10110028LUIZL,2025-10-22,111743,1,4,0,55.0
10110028LUIZL_2025-10-22_G29,10110028LUIZL,2025-10-22,110740,1,4,0,83.0
10110028LUIZL_2025-10-22_G30,10110028LUIZL,2025-10-22,141823,1,8,0,123.0
10110028LUIZL_2025-10-22_G31,10110028LUIZL,2025-10-22,111469,1,4,0,53.0
10110028LUIZL_2025-10-22_G32,10110028LUIZL,2025-10-22,116241,1,4,0,143.0
10110028LUIZL_2025-10-22_G33,10110028LUIZL,2025-10-22,108711,1,4,0,56.0
10110028LUIZL_2025-10-22_G34,10110028LUIZL,2025-10-22,111462,1,4,0,151.0
10110028LUIZL_2025-10-22_G35,10110028LUIZL,2025-10-22,111462,1,4,0,50.0
10110028LUIZL_2025-10-22_G36,10110028LUIZL,2025-10-22,111462,1,8,0,109.0
10110028LUIZL_2025-10-22_G37,10110028LUIZL,2025-10-22,117833,1,2,0,34.0
10110028LUIZL_2025-10-22_G38,10110028LUIZL,2025-10-22,111442,1,4,0,90.0
10110028LUIZL_2025-10-22_G39,10110028LUIZL,2025-10-22,117821,1,8,0,110.0
10110028LUIZL_2025-10-22_G40,10110028LUIZL,2025-10-22,110371,1,20,0,587.0
10110028LUIZL_2025-10-22_G41,10110028LUIZL,2025-10-22,110325,1,16,0,236.0
10110028LUIZL_2025-10-22_G42,10110028LUIZL,2025-10-22,110372,1,30,0,272.0
10110028LUIZL_2025-10-22_G43,10110028LUIZL,2025-10-22,117856,1,86,0,2064.0
10110028LUIZL_2025-10-22_G44,10110028LUIZL,2025-10-22,111602,1,123,0,769.0
10110028LUIZL_2025-10-22_G45,10110028LUIZL,2025-10-22,111418,1,132,0,916.0
10110028LUIZL_2025-10-22_G46,10110028LUIZL,2025-10-22,117785,1,145,0,594.0
10110028LUIZL_2025-10-22_G47,10110028LUIZL,2025-10-22,117808,1,1060,0,1140.0
10110028LUIZL_2025-10-23_G02,10110028LUIZL,2025-10-23,111330,1,5,0,150.0
10110028LUIZL_2025-10-23_G03,10110028LUIZL,2025-10-23,141456,1,3,0,128.0
10110028LUIZL_2025-10-23_G04,10110028LUIZL,2025-10-23,111462,1,6,0,150.0
10110028LUIZL_2025-10-23_G05,10110028LUIZL,2025-10-23,107830,1,4,0,230.0
10110028LUIZL_2025-10-23_G06,10110028LUIZL,2025-10-23,117831,1,4,0,505.0
10110028LUIZL_2025-10-23_G07,10110028LUIZL,2025-10-23,141458,1,12,0,233.0
10110028LUIZL_2025-10-23_G08,10110028LUIZL,2025-10-23,111465,1,2,0,328.0
10110028LUIZL_2025-10-23_G09,10110028LUIZL,2025-10-23,110372,1,13,0,346.0
10110028LUIZL_2025-10-23_G10,10110028LUIZL,2025-10-23,117808,1,10,0,139.0
10110028LUIZL_2025-10-23_G11,10110028LUIZL,2025-10-23,108711,1,4,0,1235.0
10110028LUIZL_2025-10-23_G12,10110028LUIZL,2025-10-23,140922,1,8,0,311.0
10110028LUIZL_2025-10-23_G13,10110028LUIZL,2025-10-23,105705,1,2,0,671.0
10110028LUIZL_2025-10-23_G14,10110028LUIZL,2025-10-23,111463,1,8,0,102.0
10110028LUIZL_2025-10-23_G15,10110028LUIZL,2025-10-23,110740,1,7,0,101.0
10110028LUIZL_2025-10-23_G16,10110028LUIZL,2025-10-23,108711,1,4,0,85.0
10110028LUIZL_2025-10-23_G17,10110028LUIZL,2025-10-23,110339,1,3,0,136.0
10110028LUIZL_2025-10-23_G18,10110028LUIZL,2025-10-23,117855,1,16,0,346.0
10110028LUIZL_2025-10-23_G19,10110028LUIZL,2025-10-23,111530,1,7,0,85.0
10110028LUIZL_2025-10-23_G20,10110028LUIZL,2025-10-23,118140,1,40,0,1422.0
10110028LUIZL_2025-10-23_G21,10110028LUIZL,2025-10-23,110740,1,16,0,325.0
10110028LUIZL_2025-10-23_G22,10110028LUIZL,2025-10-23,110748,1,2,0,77.0
10110028LUIZL_2025-10-23_G23,10110028LUIZL,2025-10-23,108711,1,10,0,663.0
10110028LUIZL_2025-10-23_G24,10110028LUIZL,2025-10-23,111444,1,14,0,483.0
10110028LUIZL_2025-10-23_G25,10110028LUIZL,2025-10-23,118326,1,25,0,488.0
10110028LUIZL_2025-10-23_G27,10110028LUIZL,2025-10-23,118140,1,34,0,216.0
10110028LUIZL_2025-10-23_G28,10110028LUIZL,2025-10-23,105705,1,16,0,239.0
10110028LUIZL_2025-10-23_G29,10110028LUIZL,2025-10-23,111466,1,53,0,388.0
10110028LUIZL_2025-10-23_G30,10110028LUIZL,2025-10-23,117831,1,20,0,886.0
10110028LUIZL_2025-10-23_G31,10110028LUIZL,2025-10-23,111463,1,165,0,532.0
10110028LUIZL_2025-10-23_G32,10110028LUIZL,2025-10-23,111743,1,14,0,969.0
10110028LUIZL_2025-10-23_G33,10110028LUIZL,2025-10-23,108795,1,5,0,73.0
10110028LUIZL_2025-10-23_G34,10110028LUIZL,2025-10-23,140922,1,75,0,330.0
10110028LUIZL_2025-10-24_G02,10110028LUIZL,2025-10-24,110373,1,4,0,102.0
10110028LUIZL_2025-10-24_G03,10110028LUIZL,2025-10-24,110325,1,1,0,44.0
10110028LUIZL_2025-10-24_G04,10110028LUIZL,2025-10-24,118140,1,4,0,121.0
10110028LUIZL_2025-10-24_G05,10110028LUIZL,2025-10-24,111463,1,3,0,83.0
10110028LUIZL_2025-10-24_G06,10110028LUIZL,2025-10-24,110740,1,4,0,81.0
10110028LUIZL_2025-10-24_G07,10110028LUIZL,2025-10-24,118299,1,4,0,140.0
10110028LUIZL_2025-10-24_G08,10110028LUIZL,2025-10-24,111602,1,4,0,802.0
10110028LUIZL_2025-10-24_G09,10110028LUIZL,2025-10-24,117862,1,3,0,323.0
10110028LUIZL_2025-10-24_G10,10110028LUIZL,2025-10-24,117935,1,4,0,95.0
10110028LUIZL_2025-10-24_G11,10110028LUIZL,2025-10-24,111467,1,5,0,115.0
10110028LUIZL_2025-10-24_G12,10110028LUIZL,2025-10-24,117786,1,4,0,115.0
10110028LUIZL_2025-10-24_G13,10110028LUIZL,2025-10-24,140923,1,16,0,143.0
10110028LUIZL_2025-10-24_G14,10110028LUIZL,2025-10-24,117855,1,6,0,98.0
10110028LUIZL_2025-10-24_G15,10110028LUIZL,2025-10-24,118140,1,16,0,296.0
10110028LUIZL_2025-10-24_G16,10110028LUIZL,2025-10-24,110740,1,8,0,171.0
10110028LUIZL_2025-10-24_G17,10110028LUIZL,2025-10-24,140922,1,6,0,145.0
10110028LUIZL_2025-10-24_G18,10110028LUIZL,2025-10-24,117820,1,2,0,222.0
10110028LUIZL_2025-10-24_G19,10110028LUIZL,2025-10-24,110747,1,1,0,99.0
10110028LUIZL_2025-10-24_G20,10110028LUIZL,2025-10-24,118222,1,8,0,531.0
10110028LUIZL_2025-10-24_G21,10110028LUIZL,2025-10-24,110373,1,12,0,173.0
10110028LUIZL_2025-10-24_G22,10110028LUIZL,2025-10-24,118140,1,6,0,390.0
10110028LUIZL_2025-10-24_G23,10110028LUIZL,2025-10-24,111463,1,4,0,88.0
10110028LUIZL_2025-10-24_G24,10110028LUIZL,2025-10-24,110740,1,4,0,141.0
10110028LUIZL_2025-10-24_G25,10110028LUIZL,2025-10-24,140922,1,2,0,46.0
10110028LUIZL_2025-10-24_G26,10110028LUIZL,2025-10-24,141823,1,3,0,439.0
10110028LUIZL_2025-10-24_G27,10110028LUIZL,2025-10-24,111418,1,4,0,113.0
10110028LUIZL_2025-10-24_G28,10110028LUIZL,2025-10-24,140923,1,8,0,127.0
10110028LUIZL_2025-10-24_G29,10110028LUIZL,2025-10-24,117855,1,4,0,77.0
10110028LUIZL_2025-10-24_G30,10110028LUIZL,2025-10-24,111530,1,4,0,394.0
10110028LUIZL_2025-10-24_G31,10110028LUIZL,2025-10-24,111530,1,6,0,263.0
10110028LUIZL_2025-10-24_G32,10110028LUIZL,2025-10-24,141456,1,50,0,748.0
10110028LUIZL_2025-10-24_G33,10110028LUIZL,2025-10-24,111466,1,40,0,168.0
10110028LUIZL_2025-10-24_G34,10110028LUIZL,2025-10-24,117831,1,40,0,216.0
10110028LUIZL_2025-10-24_G35,10110028LUIZL,2025-10-24,111182,1,2,0,90.0
10110028LUIZL_2025-10-24_G36,10110028LUIZL,2025-10-24,110740,1,70,0,206.0
10110028LUIZL_2025-10-24_G37,10110028LUIZL,2025-10-24,140922,1,30,0,588.0
10110028LUIZL_2025-10-24_G38,10110028LUIZL,2025-10-24,111348,1,20,0,144.0
10110028LUIZL_2025-10-24_G39,10110028LUIZL,2025-10-24,108798,1,8,0,124.0
10110028LUIZL_2025-10-24_G40,10110028LUIZL,2025-10-24,141823,1,40,0,498.0
10110028LUIZL_2025-10-24_G41,10110028LUIZL,2025-10-24,117841,1,5,0,109.0
10110028LUIZL_2025-10-24_G42,10110028LUIZL,2025-10-24,108711,1,30,0,288.0
10110028LUIZL_2025-10-24_G43,10110028LUIZL,2025-10-24,117833,1,6,0,259.0
10110028LUIZL_2025-10-24_G44,10110028LUIZL,2025-10-24,117821,1,50,0,238.0
10110028LUIZL_2025-10-24_G45,10110028LUIZL,2025-10-24,118330,1,22,0,235.0
10110028LUIZL_2025-10-24_G46,10110028LUIZL,2025-10-24,141458,1,100,0,620.0
10110028LUIZL_2025-10-24_G47,10110028LUIZL,2025-10-24,110745,1,5,0,261.0
10110028LUIZL_2025-10-24_G48,10110028LUIZL,2025-10-24,111468,1,20,0,249.0
10110028LUIZL_2025-10-24_G50,10110028LUIZL,2025-10-24,111876,1,4,0,76.0
10110028LUIZL_2025-10-24_G51,10110028LUIZL,2025-10-24,111530,1,12,0,154.0
10110028LUIZL_2025-10-24_G52,10110028LUIZL,2025-10-24,111467,1,12,0,205.0
10110028LUIZL_2025-10-24_G53,10110028LUIZL,2025-10-24,110339,2,28,12,1092.0
10110028LUIZL_2025-10-24_G54,10110028LUIZL,2025-10-24,110339,1,24,0,44.0
10110028LUIZL_2025-10-24_G55,10110028LUIZL,2025-10-24,110743,1,8,0,1334.0
10110028LUIZL_2025-10-24_G56,10110028LUIZL,2025-10-24,111418,1,320,0,1561.0
10110028LUIZL_2025-10-24_G57,10110028LUIZL,2025-10-24,117833,1,7,0,123.0
10110028LUIZL_2025-10-24_G58,10110028LUIZL,2025-10-24,111462,1,40,0,250.0
10110028LUIZL_2025-10-24_G59,10110028LUIZL,2025-10-24,117785,1,160,0,1291.0
10110028LUIZL_2025-10-24_G60,10110028LUIZL,2025-10-24,118326,1,6,0,188.0
10110028LUIZL_2025-10-24_G61,10110028LUIZL,2025-10-24,111172,1,44,0,2417.0
10110028LUIZL_2025-10-24_G62,10110028LUIZL,2025-10-24,111430,1,1,0,157.0
10110028LUIZL_2025-10-24_G63,10110028LUIZL,2025-10-24,111430,1,30,0,663.0
10110028LUIZL_2025-10-24_G64,10110028LUIZL,2025-10-24,108759,1,4,0,246.0
10110028LUIZL_2025-10-24_G65,10110028LUIZL,2025-10-24,110747,1,4,0,119.0
10110028LUIZL_2025-10-24_G66,10110028LUIZL,2025-10-24,111569,1,2,0,69.0
10110028LUIZL_2025-10-24_G67,10110028LUIZL,2025-10-24,111445,1,4,0,261.0
10110028LUIZL_2025-10-25_G02,10110028LUIZL,2025-10-25,117835,1,8,0,268.0
10110028LUIZL_2025-10-25_G03,10110028LUIZL,2025-10-25,111430,1,16,0,127.0
10110028LUIZL_2025-10-25_G04,10110028LUIZL,2025-10-25,"117835, 108759",2,20,10,336.0
10110028LUIZL_2025-10-25_G05,10110028LUIZL,2025-10-25,110742,1,8,0,670.0
10110028LUIZL_2025-10-25_G06,10110028LUIZL,2025-10-25,110742,1,20,0,123.0
10110028LUIZL_2025-10-25_G07,10110028LUIZL,2025-10-25,109497,1,4,0,233.0
10110028LUIZL_2025-10-25_G08,10110028LUIZL,2025-10-25,100334,1,8,0,125.0
10110028LUIZL_2025-10-25_G09,10110028LUIZL,2025-10-25,110582,1,8,0,307.0
10110028LUIZL_2025-10-25_G10,10110028LUIZL,2025-10-25,111569,1,50,0,282.0
10110028LUIZL_2025-10-25_G12,10110028LUIZL,2025-10-25,108794,1,8,0,154.0
10110028LUIZL_2025-10-25_G13,10110028LUIZL,2025-10-25,108711,1,8,0,224.0
10110028LUIZL_2025-10-25_G14,10110028LUIZL,2025-10-25,111468,1,8,0,121.0
10110028LUIZL_2025-10-25_G15,10110028LUIZL,2025-10-25,117785,1,50,0,1476.0
10110028LUIZL_2025-10-25_G16,10110028LUIZL,2025-10-25,111418,1,291,0,1324.0
10110028LUIZL_2025-10-25_G17,10110028LUIZL,2025-10-25,111330,1,18,0,1144.0
10110028LUIZL_2025-10-25_G18,10110028LUIZL,2025-10-25,116241,1,1,0,117.0
10110028LUIZL_2025-10-25_G19,10110028LUIZL,2025-10-25,117785,1,174,0,525.0
10110028LUIZL_2025-10-25_G20,10110028LUIZL,2025-10-25,111462,1,35,0,681.0
10110028LUIZL_2025-10-27_G02,10110028LUIZL,2025-10-27,111469,3,60,31,143.0
10110028LUIZL_2025-10-27_G03,10110028LUIZL,2025-10-27,117787,1,26,0,618.0
10110028LUIZL_2025-10-27_G04,10110028LUIZL,2025-10-27,117833,1,50,0,600.0
10110028LUIZL_2025-10-27_G05,10110028LUIZL,2025-10-27,111462,2,27,13,133.0
10110028LUIZL_2025-10-27_G07,10110028LUIZL,2025-10-27,111433,1,12,0,380.0
10110028LUIZL_2025-10-27_G08,10110028LUIZL,2025-10-27,160055,1,12,0,601.0
10110028LUIZL_2025-10-27_G09,10110028LUIZL,2025-10-27,111462,1,173,0,707.0
10110028LUIZL_2025-10-27_G10,10110028LUIZL,2025-10-27,110748,1,10,0,975.0
10110028LUIZL_2025-10-27_G11,10110028LUIZL,2025-10-27,110743,1,6,0,332.0
10110028LUIZL_2025-10-27_G12,10110028LUIZL,2025-10-27,117841,1,2,0,63.0
10110028LUIZL_2025-10-27_G13,10110028LUIZL,2025-10-27,108711,1,20,0,148.0
10110028LUIZL_2025-10-27_G14,10110028LUIZL,2025-10-27,110745,1,20,0,248.0
10110028LUIZL_2025-10-27_G15,10110028LUIZL,2025-10-27,111468,1,20,0,71.0
10110028LUIZL_2025-10-27_G16,10110028LUIZL,2025-10-27,108794,1,20,0,155.0
10110028LUIZL_2025-10-27_G17,10110028LUIZL,2025-10-27,111743,1,26,0,458.0
10110028LUIZL_2025-10-27_G18,10110028LUIZL,2025-10-27,111467,1,50,0,463.0
10110028LUIZL_2025-10-27_G19,10110028LUIZL,2025-10-27,111530,1,2,0,1308.0
10110028LUIZL_2025-10-27_G20,10110028LUIZL,2025-10-27,111602,1,3,0,155.0
10110028LUIZL_2025-10-27_G21,10110028LUIZL,2025-10-27,117855,1,7,0,76.0
10110028LUIZL_2025-10-27_G22,10110028LUIZL,2025-10-27,118299,1,13,0,126.0
10110028LUIZL_2025-10-27_G23,10110028LUIZL,2025-10-27,141458,1,2,0,97.0
10110028LUIZL_2025-10-27_G24,10110028LUIZL,2025-10-27,110747,1,3,0,95.0
10110028LUIZL_2025-10-27_G25,10110028LUIZL,2025-10-27,111602,1,16,0,604.0
10110028LUIZL_2025-10-27_G26,10110028LUIZL,2025-10-27,111330,1,6,0,626.0
10110028LUIZL_2025-10-27_G27,10110028LUIZL,2025-10-27,141047,1,2,0,147.0
10110028LUIZL_2025-10-28_G02,10110028LUIZL,2025-10-28,141456,1,8,0,133.0
10110028LUIZL_2025-10-28_G03,10110028LUIZL,2025-10-28,105705,1,6,0,128.0
10110028LUIZL_2025-10-28_G04,10110028LUIZL,2025-10-28,111433,1,12,0,112.0
10110028LUIZL_2025-10-28_G05,10110028LUIZL,2025-10-28,111463,1,100,0,53.0
10110028LUIZL_2025-10-28_G06,10110028LUIZL,2025-10-28,111463,1,20,0,821.0
10110028LUIZL_2025-10-28_G07,10110028LUIZL,2025-10-28,110751,1,15,0,156.0
10110028LUIZL_2025-10-28_G08,10110028LUIZL,2025-10-28,111418,1,180,0,814.0
10110028LUIZL_2025-10-28_G09,10110028LUIZL,2025-10-28,111182,1,4,0,1005.0
10110028LUIZL_2025-10-28_G10,10110028LUIZL,2025-10-28,110740,1,20,0,92.0
10110028LUIZL_2025-10-28_G11,10110028LUIZL,2025-10-28,111743,1,120,0,693.0
10110028LUIZL_2025-10-28_G12,10110028LUIZL,2025-10-28,141457,1,20,0,158.0
10110028LUIZL_2025-10-28_G13,10110028LUIZL,2025-10-28,118326,1,18,0,145.0
10110028LUIZL_2025-10-29_G02,10110028LUIZL,2025-10-29,118277,1,48,0,409.0
10110028LUIZL_2025-10-29_G03,10110028LUIZL,2025-10-29,110373,1,22,0,522.0
10110028LUIZL_2025-10-29_G04,10110028LUIZL,2025-10-29,110740,1,8,0,2043.0
10110028LUIZL_2025-10-29_G05,10110028LUIZL,2025-10-29,140922,1,12,0,91.0
10110028LUIZL_2025-10-29_G06,10110028LUIZL,2025-10-29,111469,2,30,13,228.0
10110028LUIZL_2025-10-29_G07,10110028LUIZL,2025-10-29,111465,1,2,0,166.0
10110028LUIZL_2025-10-29_G08,10110028LUIZL,2025-10-29,109640,1,4,0,116.0
10110028LUIZL_2025-10-29_G09,10110028LUIZL,2025-10-29,110755,1,4,0,127.0
10110028LUIZL_2025-10-29_G10,10110028LUIZL,2025-10-29,111602,1,16,0,884.0
10110028LUIZL_2025-10-29_G11,10110028LUIZL,2025-10-29,111602,1,12,0,122.0
10110028LUIZL_2025-10-29_G12,10110028LUIZL,2025-10-29,111602,1,12,0,190.0
10110028LUIZL_2025-10-29_G13,10110028LUIZL,2025-10-29,111602,1,8,0,214.0
10110028LUIZL_2025-10-29_G14,10110028LUIZL,2025-10-29,111602,1,20,0,604.0
10110028LUIZL_2025-10-29_G15,10110028LUIZL,2025-10-29,111602,1,4,0,245.0
10110028LUIZL_2025-10-29_G16,10110028LUIZL,2025-10-29,110372,1,14,0,193.0
10110028LUIZL_2025-10-29_G17,10110028LUIZL,2025-10-29,111602,1,4,0,79.0
10110028LUIZL_2025-10-29_G18,10110028LUIZL,2025-10-29,118222,1,51,0,895.0
10110028LUIZL_2025-10-29_G19,10110028LUIZL,2025-10-29,111879,1,1,0,1382.0
10110028LUIZL_2025-10-29_G20,10110028LUIZL,2025-10-29,108361,1,2,0,116.0
10110028LUIZL_2025-10-29_G21,10110028LUIZL,2025-10-29,117855,1,4,0,97.0
10110028LUIZL_2025-10-29_G22,10110028LUIZL,2025-10-29,111446,1,4,0,164.0
10110028LUIZL_2025-10-29_G23,10110028LUIZL,2025-10-29,108711,1,5,0,200.0
10110028LUIZL_2025-10-29_G24,10110028LUIZL,2025-10-29,110373,1,12,0,137.0
10110028LUIZL_2025-10-29_G25,10110028LUIZL,2025-10-29,110325,1,5,0,108.0
10110028LUIZL_2025-10-29_G26,10110028LUIZL,2025-10-29,110747,1,10,0,285.0
10110028LUIZL_2025-10-29_G28,10110028LUIZL,2025-10-29,160055,1,2,0,248.0
10110028LUIZL_2025-10-29_G29,10110028LUIZL,2025-10-29,109649,1,5,0,220.0
10110028LUIZL_2025-10-29_G30,10110028LUIZL,2025-10-29,111466,1,90,0,319.0
10110028LUIZL_2025-10-29_G31,10110028LUIZL,2025-10-29,107830,1,30,0,1122.0
10110028LUIZL_2025-10-29_G32,10110028LUIZL,2025-10-29,117830,1,100,0,215.0
10110028LUIZL_2025-10-29_G33,10110028LUIZL,2025-10-29,117840,1,6,0,282.0
10110028LUIZL_2025-10-29_G34,10110028LUIZL,2025-10-29,110375,1,70,0,486.0
10110028LUIZL_2025-10-29_G35,10110028LUIZL,2025-10-29,110372,1,60,0,214.0
10110028LUIZL_2025-10-29_G36,10110028LUIZL,2025-10-29,110376,1,10,0,326.0
10110028LUIZL_2025-10-29_G37,10110028LUIZL,2025-10-29,110325,1,30,0,1931.0
10110028LUIZL_2025-10-29_G38,10110028LUIZL,2025-10-29,111462,1,20,0,166.0
10110028LUIZL_2025-10-29_G39,10110028LUIZL,2025-10-29,117821,1,20,0,578.0
10110028LUIZL_2025-10-29_G40,10110028LUIZL,2025-10-29,117820,1,90,0,719.0
10110028LUIZL_2025-10-29_G41,10110028LUIZL,2025-10-29,111462,1,37,0,1099.0
10110028LUIZL_2025-10-29_G42,10110028LUIZL,2025-10-29,111532,1,48,0,1033.0
10110028LUIZL_2025-10-29_G43,10110028LUIZL,2025-10-29,111469,1,20,0,136.0
10110028LUIZL_2025-10-30_G02,10110028LUIZL,2025-10-30,116241,1,50,0,80.0
10110028LUIZL_2025-10-30_G03,10110028LUIZL,2025-10-30,109641,1,10,0,151.0
10110028LUIZL_2025-10-30_G04,10110028LUIZL,2025-10-30,117785,1,73,0,303.0
10110028LUIZL_2025-10-30_G05,10110028LUIZL,2025-10-30,141458,1,96,0,650.0
10110028LUIZL_2025-10-30_G06,10110028LUIZL,2025-10-30,141202,1,7,0,260.0
10110028LUIZL_2025-10-30_G07,10110028LUIZL,2025-10-30,117822,1,9,0,89.0
10110028LUIZL_2025-10-30_G08,10110028LUIZL,2025-10-30,117832,1,28,0,142.0
10110028LUIZL_2025-10-30_G09,10110028LUIZL,2025-10-30,118299,2,6,6,1237.0
10110028LUIZL_2025-10-30_G10,10110028LUIZL,2025-10-30,"110374, 111463",2,12,2,282.0
10110028LUIZL_2025-10-30_G11,10110028LUIZL,2025-10-30,111443,1,5,0,83.0
10110028LUIZL_2025-10-30_G12,10110028LUIZL,2025-10-30,140922,1,8,0,65.0
10110028LUIZL_2025-10-30_G13,10110028LUIZL,2025-10-30,111743,1,3,0,629.0
10110028LUIZL_2025-10-30_G14,10110028LUIZL,2025-10-30,141271,1,12,0,113.0
10110028LUIZL_2025-10-30_G15,10110028LUIZL,2025-10-30,110747,1,4,0,78.0
10110028LUIZL_2025-10-30_G16,10110028LUIZL,2025-10-30,111418,1,12,0,480.0
10110028LUIZL_2025-10-30_G17,10110028LUIZL,2025-10-30,110741,1,2,0,56.0
10110028LUIZL_2025-10-30_G18,10110028LUIZL,2025-10-30,140923,1,9,0,156.0
10110028LUIZL_2025-10-30_G19,10110028LUIZL,2025-10-30,110374,1,8,0,328.0
10110028LUIZL_2025-10-30_G20,10110028LUIZL,2025-10-30,140923,1,5,0,145.0
10110028LUIZL_2025-10-30_G21,10110028LUIZL,2025-10-30,110748,1,2,0,1809.0
10110028LUIZL_2025-10-30_G22,10110028LUIZL,2025-10-30,118140,1,20,0,144.0
10110028LUIZL_2025-10-30_G23,10110028LUIZL,2025-10-30,141457,1,36,0,166.0
10110028LUIZL_2025-10-30_G24,10110028LUIZL,2025-10-30,141457,1,14,0,136.0
10110028LUIZL_2025-10-30_G25,10110028LUIZL,2025-10-30,141457,1,30,0,39.0
10110028LUIZL_2025-10-30_G26,10110028LUIZL,2025-10-30,141456,1,80,0,1015.0
10110028LUIZL_2025-10-30_G27,10110028LUIZL,2025-10-30,111466,1,30,0,940.0
10110028LUIZL_2025-10-30_G28,10110028LUIZL,2025-10-30,108711,1,10,0,148.0
10110028LUIZL_2025-10-30_G29,10110028LUIZL,2025-10-30,117833,1,20,0,233.0
10110028LUIZL_2025-10-30_G30,10110028LUIZL,2025-10-30,118326,1,20,0,509.0
10110028LUIZL_2025-10-30_G31,10110028LUIZL,2025-10-30,120002,2,12,9,982.0
10110028LUIZL_2025-10-30_G32,10110028LUIZL,2025-10-30,109640,1,10,0,340.0
10110028LUIZL_2025-10-30_G33,10110028LUIZL,2025-10-30,140923,1,41,0,342.0
10110028LUIZL_2025-10-30_G34,10110028LUIZL,2025-10-30,110623,1,6,0,599.0
10110028LUIZL_2025-10-30_G35,10110028LUIZL,2025-10-30,118317,1,2,0,454.0
10110028LUIZL_2025-10-30_G36,10110028LUIZL,2025-10-30,108711,1,6,0,94.0
10110028LUIZL_2025-10-30_G37,10110028LUIZL,2025-10-30,111532,1,4,0,72.0
10110028LUIZL_2025-10-30_G38,10110028LUIZL,2025-10-30,111532,2,20,9,767.0
10110028LUIZL_2025-10-30_G39,10110028LUIZL,2025-10-30,110313,1,6,0,629.0
10110028LUIZL_2025-10-30_G40,10110028LUIZL,2025-10-30,110372,1,6,0,144.0
10110028LUIZL_2025-10-30_G42,10110028LUIZL,2025-10-30,111430,1,2,0,167.0
10110028LUIZL_2025-10-30_G43,10110028LUIZL,2025-10-30,111445,1,2,0,114.0
10110028LUIZL_2025-10-30_G44,10110028LUIZL,2025-10-30,111861,1,1,0,46.0
10110028LUIZL_2025-10-30_G45,10110028LUIZL,2025-10-30,140911,1,7,0,92.0
10110028LUIZL_2025-10-30_G46,10110028LUIZL,2025-10-30,118283,1,50,0,469.0
10110028LUIZL_2025-10-30_G47,10110028LUIZL,2025-10-30,111740,1,4,0,958.0
10110028LUIZL_2025-10-30_G48,10110028LUIZL,2025-10-30,118191,1,30,0,82.0
10110028LUIZL_2025-10-30_G49,10110028LUIZL,2025-10-30,111722,1,8,0,883.0
10110028LUIZL_2025-10-30_G50,10110028LUIZL,2025-10-30,141261,1,8,0,1802.0
10110028LUIZL_2025-10-30_G51,10110028LUIZL,2025-10-30,141140,1,10,0,130.0
10110028LUIZL_2025-10-30_G52,10110028LUIZL,2025-10-30,141262,1,30,0,360.0
10110028LUIZL_2025-10-30_G53,10110028LUIZL,2025-10-30,111751,1,20,0,500.0
10110028LUIZL_2025-10-30_G54,10110028LUIZL,2025-10-30,141141,1,8,0,122.0
10110028LUIZL_2025-10-30_G55,10110028LUIZL,2025-10-30,111740,2,16,7,417.0
10110028LUIZL_2025-10-30_G56,10110028LUIZL,2025-10-30,141261,2,22,6,151.0
10110028LUIZL_2025-10-30_G57,10110028LUIZL,2025-10-30,118191,1,36,0,353.0
10110028LUIZL_2025-10-30_G58,10110028LUIZL,2025-10-30,111722,2,72,18,218.0
10110028LUIZL_2025-10-30_G59,10110028LUIZL,2025-10-30,111751,1,20,0,234.0
10110028LUIZL_2025-10-30_G60,10110028LUIZL,2025-10-30,111759,1,4,0,248.0
10110028LUIZL_2025-10-30_G61,10110028LUIZL,2025-10-30,141140,2,16,8,246.0
10110028LUIZL_2025-10-30_G62,10110028LUIZL,2025-10-30,111742,2,12,7,175.0
10110028LUIZL_2025-10-30_G63,10110028LUIZL,2025-10-30,141262,1,10,0,205.0
10110028LUIZL_2025-10-30_G64,10110028LUIZL,2025-10-30,111634,1,10,0,139.0
10110028LUIZL_2025-10-31_G02,10110028LUIZL,2025-10-31,111438,1,4,0,80.0
10110028LUIZL_2025-10-31_G03,10110028LUIZL,2025-10-31,110755,1,4,0,391.0
10110028LUIZL_2025-10-31_G04,10110028LUIZL,2025-10-31,110747,1,4,0,83.0
10110028LUIZL_2025-10-31_G05,10110028LUIZL,2025-10-31,111569,1,4,0,76.0
10110028LUIZL_2025-10-31_G06,10110028LUIZL,2025-10-31,109645,1,4,0,134.0
10110028LUIZL_2025-10-31_G07,10110028LUIZL,2025-10-31,111442,1,4,0,108.0
10110028LUIZL_2025-10-31_G08,10110028LUIZL,2025-10-31,110372,1,8,0,137.0
10110028LUIZL_2025-10-31_G09,10110028LUIZL,2025-10-31,118299,1,8,0,53.0
10110028LUIZL_2025-10-31_G10,10110028LUIZL,2025-10-31,117808,1,20,0,433.0
10110028LUIZL_2025-10-31_G11,10110028LUIZL,2025-10-31,109640,1,8,0,307.0
10110028LUIZL_2025-10-31_G12,10110028LUIZL,2025-10-31,110787,1,4,0,850.0
10110028LUIZL_2025-10-31_G13,10110028LUIZL,2025-10-31,160057,1,4,0,165.0
10110028LUIZL_2025-10-31_G14,10110028LUIZL,2025-10-31,111729,1,4,0,314.0
10110028LUIZL_2025-10-31_G15,10110028LUIZL,2025-10-31,110787,1,2,0,237.0
10110028LUIZL_2025-10-31_G16,10110028LUIZL,2025-10-31,107830,1,4,0,230.0
10110028LUIZL_2025-10-31_G17,10110028LUIZL,2025-10-31,111743,1,1,0,152.0
10110028LUIZL_2025-10-31_G18,10110028LUIZL,2025-10-31,111443,1,2,0,290.0
10110028LUIZL_2025-10-31_G19,10110028LUIZL,2025-10-31,110787,1,4,0,104.0
10110028LUIZL_2025-10-31_G20,10110028LUIZL,2025-10-31,111441,1,8,0,347.0
10110028LUIZL_2025-10-31_G21,10110028LUIZL,2025-10-31,111443,1,4,0,108.0
10110028LUIZL_2025-10-31_G22,10110028LUIZL,2025-10-31,109645,1,6,0,149.0
10110028LUIZL_2025-10-31_G23,10110028LUIZL,2025-10-31,111418,1,6,0,60.0
10110028LUIZL_2025-10-31_G24,10110028LUIZL,2025-10-31,117785,1,116,0,1674.0
10110028LUIZL_2025-10-31_G25,10110028LUIZL,2025-10-31,109645,1,2,0,485.0
10110028LUIZL_2025-10-31_G26,10110028LUIZL,2025-10-31,141916,1,2,0,117.0
10110028LUIZL_2025-10-31_G27,10110028LUIZL,2025-10-31,111441,1,6,0,112.0
10110028LUIZL_2025-10-31_G28,10110028LUIZL,2025-10-31,110787,2,28,29,771.0
10110028LUIZL_2025-10-31_G29,10110028LUIZL,2025-10-31,111469,1,10,0,524.0
10110028LUIZL_2025-10-31_G30,10110028LUIZL,2025-10-31,117785,1,8,0,176.0
10110028LUIZL_2025-10-31_G31,10110028LUIZL,2025-10-31,111462,4,75,54,55.0
10110028LUIZL_2025-10-31_G32,10110028LUIZL,2025-10-31,111462,2,51,24,34.0
10110028LUIZL_2025-10-31_G33,10110028LUIZL,2025-10-31,141458,1,2,0,532.0
10110028LUIZL_2025-10-31_G34,10110028LUIZL,2025-10-31,111532,1,1,0,34.0
10110028LUIZL_2025-10-31_G35,10110028LUIZL,2025-10-31,111469,2,6,7,136.0
10110028LUIZL_2025-10-31_G36,10110028LUIZL,2025-10-31,117808,1,16,0,193.0
10110028LUIZL_2025-10-31_G38,10110028LUIZL,2025-10-31,109645,1,8,0,53.0
10110028LUIZL_2025-10-31_G39,10110028LUIZL,2025-10-31,117831,1,4,0,48.0
10110028LUIZL_2025-10-31_G40,10110028LUIZL,2025-10-31,108795,1,1,0,46.0
10110028LUIZL_2025-10-31_G41,10110028LUIZL,2025-10-31,141140,1,8,0,51.0
10110028LUIZL_2025-10-31_G42,10110028LUIZL,2025-10-31,110740,1,6,0,135.0
10110028LUIZL_2025-10-31_G43,10110028LUIZL,2025-10-31,118140,1,4,0,108.0
10110028LUIZL_2025-10-31_G44,10110028LUIZL,2025-10-31,118140,1,16,0,1832.0
10110028LUIZL_2025-10-31_G45,10110028LUIZL,2025-10-31,111469,1,4,0,95.0
10110028LUIZL_2025-10-31_G46,10110028LUIZL,2025-10-31,141458,1,4,0,201.0
10110028LUIZL_2025-10-31_G47,10110028LUIZL,2025-10-31,111172,1,1,0,723.0
10110028LUIZL_2025-10-31_G48,10110028LUIZL,2025-10-31,111463,2,5,11,87.0
10110028LUIZL_2025-10-31_G49,10110028LUIZL,2025-10-31,109645,4,13,29,50.0
10110028LUIZL_2025-10-31_G50,10110028LUIZL,2025-10-31,111418,4,41,43,132.0
10110028LUIZL_2025-10-31_G51,10110028LUIZL,2025-10-31,108795,1,6,0,234.0
10110028LUIZL_2025-10-31_G52,10110028LUIZL,2025-10-31,111443,1,6,0,34.0
10110028LUIZL_2025-10-31_G53,10110028LUIZL,2025-10-31,118140,1,4,0,41.0
10110028LUIZL_2025-10-31_G54,10110028LUIZL,2025-10-31,110787,2,10,7,68.0
10110028LUIZL_2025-10-31_G55,10110028LUIZL,2025-10-31,111469,1,12,0,137.0
10110028LUIZL_2025-10-31_G56,10110028LUIZL,2025-10-31,118317,1,2,0,183.0
10110028LUIZL_2025-10-31_G57,10110028LUIZL,2025-10-31,117833,1,4,0,174.0
10110028LUIZL_2025-10-31_G58,10110028LUIZL,2025-10-31,111462,2,4,6,46.0
10110028LUIZL_2025-10-31_G59,10110028LUIZL,2025-10-31,141458,1,2,0,66.0
10110028LUIZL_2025-10-31_G60,10110028LUIZL,2025-10-31,111532,1,16,0,113.0
10110028LUIZL_2025-10-31_G61,10110028LUIZL,2025-10-31,111468,1,1,0,137.0
10110028LUIZL_2025-10-31_G62,10110028LUIZL,2025-10-31,110740,1,2,0,125.0
10110028LUIZL_2025-10-31_G63,10110028LUIZL,2025-10-31,117838,1,2,0,47.0
10110028LUIZL_2025-10-31_G64,10110028LUIZL,2025-10-31,110313,1,4,0,520.0
10110028LUIZL_2025-10-31_G65,10110028LUIZL,2025-10-31,111876,1,15,0,91.0
10110028LUIZL_2025-10-31_G66,10110028LUIZL,2025-10-31,110741,1,2,0,157.0
10110028LUIZL_2025-10-31_G67,10110028LUIZL,2025-10-31,109647,1,5,0,85.0
10110028LUIZL_2025-10-31_G68,10110028LUIZL,2025-10-31,110711,1,8,0,109.0
10110028LUIZL_2025-11-05_G02,10110028LUIZL,2025-11-05,111743,1,1078,0,2967.0
10110028LUIZL_2025-11-06_G02,10110028LUIZL,2025-11-06,110742,1,2,0,189.0
10110028LUIZL_2025-11-06_G03,10110028LUIZL,2025-11-06,141457,1,4,0,95.0
10110028LUIZL_2025-11-06_G04,10110028LUIZL,2025-11-06,110373,1,4,0,79.0
10110028LUIZL_2025-11-06_G05,10110028LUIZL,2025-11-06,110787,1,5,0,160.0
10110028LUIZL_2025-11-06_G06,10110028LUIZL,2025-11-06,110374,1,4,0,103.0
10110028LUIZL_2025-11-06_G07,10110028LUIZL,2025-11-06,110895,1,4,0,128.0
10110028LUIZL_2025-11-06_G09,10110028LUIZL,2025-11-06,101011,1,9,0,152.0
10110028LUIZL_2025-11-06_G10,10110028LUIZL,2025-11-06,111433,1,12,0,134.0
10110028LUIZL_2025-11-06_G11,10110028LUIZL,2025-11-06,110751,1,12,0,132.0
10110028LUIZL_2025-11-06_G12,10110028LUIZL,2025-11-06,117821,1,18,0,257.0
10110028LUIZL_2025-11-06_G13,10110028LUIZL,2025-11-06,117831,1,141,0,796.0
10110028LUIZL_2025-11-06_G14,10110028LUIZL,2025-11-06,108798,1,10,0,189.0
10110028LUIZL_2025-11-06_G15,10110028LUIZL,2025-11-06,117842,1,3,0,158.0
10110028LUIZL_2025-11-06_G16,10110028LUIZL,2025-11-06,117841,1,10,0,232.0
10110028LUIZL_2025-11-06_G17,10110028LUIZL,2025-11-06,108711,1,40,0,868.0
10110028LUIZL_2025-11-06_G18,10110028LUIZL,2025-11-06,117329,1,6,0,393.0
10110028LUIZL_2025-11-06_G19,10110028LUIZL,2025-11-06,109641,1,8,0,153.0
10110028LUIZL_2025-11-06_G20,10110028LUIZL,2025-11-06,111743,1,26,0,287.0
10110028LUIZL_2025-11-06_G21,10110028LUIZL,2025-11-06,109645,1,12,0,1701.0
10110028LUIZL_2025-11-06_G22,10110028LUIZL,2025-11-06,117821,1,14,0,95.0
10110028LUIZL_2025-11-06_G23,10110028LUIZL,2025-11-06,111348,1,10,0,217.0
10110028LUIZL_2025-11-06_G24,10110028LUIZL,2025-11-06,110787,1,11,0,166.0
10110028LUIZL_2025-11-06_G25,10110028LUIZL,2025-11-06,118317,1,3,0,86.0
10110028LUIZL_2025-11-06_G26,10110028LUIZL,2025-11-06,117841,1,4,0,57.0
10110028LUIZL_2025-11-06_G27,10110028LUIZL,2025-11-06,118223,1,8,0,153.0
10110028LUIZL_2025-11-06_G28,10110028LUIZL,2025-11-06,111466,1,16,0,58.0
10110028LUIZL_2025-11-06_G29,10110028LUIZL,2025-11-06,111468,1,20,0,408.0
10110028LUIZL_2025-11-06_G30,10110028LUIZL,2025-11-06,109641,1,8,0,180.0
10110028LUIZL_2025-11-06_G31,10110028LUIZL,2025-11-06,117785,1,20,0,132.0
10110028LUIZL_2025-11-06_G32,10110028LUIZL,2025-11-06,111743,1,24,0,91.0
10110028LUIZL_2025-11-07_G02,10110028LUIZL,2025-11-07,111182,1,2,0,96.0
10110028LUIZL_2025-11-07_G03,10110028LUIZL,2025-11-07,110740,1,12,0,73.0
10110028LUIZL_2025-11-07_G04,10110028LUIZL,2025-11-07,140922,1,8,0,78.0
10110028LUIZL_2025-11-07_G05,10110028LUIZL,2025-11-07,111469,1,4,0,101.0
10110028LUIZL_2025-11-07_G06,10110028LUIZL,2025-11-07,111466,1,20,0,89.0
10110028LUIZL_2025-11-07_G07,10110028LUIZL,2025-11-07,117832,1,2,0,195.0
10110028LUIZL_2025-11-07_G08,10110028LUIZL,2025-11-07,117808,1,4,0,58.0
10110028LUIZL_2025-11-07_G09,10110028LUIZL,2025-11-07,117854,4,11,32,645.0
10110028LUIZL_2025-11-07_G10,10110028LUIZL,2025-11-07,110374,1,30,0,1195.0
10110028LUIZL_2025-11-07_G11,10110028LUIZL,2025-11-07,117809,1,8,0,156.0
10110028LUIZL_2025-11-07_G12,10110028LUIZL,2025-11-07,117820,1,8,0,50.0
10110028LUIZL_2025-11-07_G13,10110028LUIZL,2025-11-07,110372,1,30,0,151.0
10110028LUIZL_2025-11-07_G14,10110028LUIZL,2025-11-07,141202,1,1,0,231.0
10110028LUIZL_2025-11-07_G15,10110028LUIZL,2025-11-07,108794,1,5,0,148.0
10110028LUIZL_2025-11-07_G16,10110028LUIZL,2025-11-07,111462,1,5,0,94.0
10110028LUIZL_2025-11-07_G17,10110028LUIZL,2025-11-07,110371,1,20,0,460.0
10110028LUIZL_2025-11-07_G18,10110028LUIZL,2025-11-07,117808,1,50,0,300.0
10110028LUIZL_2025-11-07_G19,10110028LUIZL,2025-11-07,117788,1,4,0,182.0
10110028LUIZL_2025-11-07_G20,10110028LUIZL,2025-11-07,117786,1,30,0,384.0
10110028LUIZL_2025-11-07_G21,10110028LUIZL,2025-11-07,110711,1,6,0,343.0
10110028LUIZL_2025-11-07_G22,10110028LUIZL,2025-11-07,118299,1,300,0,3274.0
10110028LUIZL_2025-11-07_G23,10110028LUIZL,2025-11-07,"117809, 118299",2,180,10,1121.0
10110028LUIZL_2025-11-07_G24,10110028LUIZL,2025-11-07,111172,1,6,0,200.0
10110028LUIZL_2025-11-07_G26,10110028LUIZL,2025-11-07,111433,1,8,0,297.0
10110028LUIZL_2025-11-07_G27,10110028LUIZL,2025-11-07,117831,1,16,0,52.0
10110028LUIZL_2025-11-07_G28,10110028LUIZL,2025-11-07,140922,1,12,0,157.0
10110028LUIZL_2025-11-07_G29,10110028LUIZL,2025-11-07,111436,1,2,0,323.0
10110028LUIZL_2025-11-07_G30,10110028LUIZL,2025-11-07,111447,1,3,0,100.0
10110028LUIZL_2025-11-07_G31,10110028LUIZL,2025-11-07,110682,1,1,0,112.0
10110028LUIZL_2025-11-07_G32,10110028LUIZL,2025-11-07,117834,1,12,0,106.0
10110028LUIZL_2025-11-07_G33,10110028LUIZL,2025-11-07,100334,1,1,0,52.0
10110028LUIZL_2025-11-07_G34,10110028LUIZL,2025-11-07,111793,1,2,0,81.0
10110028LUIZL_2025-11-07_G35,10110028LUIZL,2025-11-07,110755,1,4,0,111.0
10110028LUIZL_2025-11-07_G36,10110028LUIZL,2025-11-07,110582,1,2,0,65.0
10110028LUIZL_2025-11-07_G37,10110028LUIZL,2025-11-07,118290,1,5,0,57.0
10110028LUIZL_2025-11-07_G38,10110028LUIZL,2025-11-07,110747,1,4,0,73.0
10110028LUIZL_2025-11-07_G39,10110028LUIZL,2025-11-07,111569,1,20,0,392.0
10110028LUIZL_2025-11-07_G40,10110028LUIZL,2025-11-07,111444,1,12,0,247.0
10110028LUIZL_2025-11-07_G41,10110028LUIZL,2025-11-07,111462,1,16,0,106.0
10110028LUIZL_2025-11-07_G42,10110028LUIZL,2025-11-07,111743,1,20,0,408.0
10110028LUIZL_2025-11-07_G43,10110028LUIZL,2025-11-07,118311,1,3,0,759.0
10110028LUIZL_2025-11-07_G44,10110028LUIZL,2025-11-07,118442,1,5,0,160.0
10110028LUIZL_2025-11-07_G45,10110028LUIZL,2025-11-07,118222,1,300,0,2277.0
10110028LUIZL_2025-11-08_G02,10110028LUIZL,2025-11-08,111433,1,4,0,124.0
10110028LUIZL_2025-11-08_G03,10110028LUIZL,2025-11-08,111430,1,8,0,40.0
10110028LUIZL_2025-11-08_G04,10110028LUIZL,2025-11-08,100334,1,2,0,202.0
10110028LUIZL_2025-11-08_G05,10110028LUIZL,2025-11-08,110895,1,2,0,86.0
10110028LUIZL_2025-11-08_G06,10110028LUIZL,2025-11-08,109643,1,4,0,207.0
10110028LUIZL_2025-11-08_G07,10110028LUIZL,2025-11-08,117832,1,5,0,81.0
10110028LUIZL_2025-11-08_G08,10110028LUIZL,2025-11-08,117830,1,5,0,72.0
10110028LUIZL_2025-11-08_G09,10110028LUIZL,2025-11-08,117821,1,6,0,73.0
10110028LUIZL_2025-11-08_G10,10110028LUIZL,2025-11-08,118140,1,1,0,67.0
10110028LUIZL_2025-11-08_G11,10110028LUIZL,2025-11-08,140922,1,1,0,51.0
10110028LUIZL_2025-11-08_G12,10110028LUIZL,2025-11-08,110787,1,2,0,111.0
10110028LUIZL_2025-11-08_G13,10110028LUIZL,2025-11-08,108711,1,1,0,51.0
10110028LUIZL_2025-11-08_G14,10110028LUIZL,2025-11-08,109641,1,2,0,101.0
10110028LUIZL_2025-11-08_G15,10110028LUIZL,2025-11-08,111462,1,4,0,78.0
10110028LUIZL_2025-11-08_G16,10110028LUIZL,2025-11-08,110313,1,2,0,325.0
10110028LUIZL_2025-11-08_G17,10110028LUIZL,2025-11-08,117862,1,6,0,110.0
10110028LUIZL_2025-11-08_G18,10110028LUIZL,2025-11-08,111467,1,1,0,103.0
10110028LUIZL_2025-11-08_G19,10110028LUIZL,2025-11-08,140923,1,4,0,89.0
10110028LUIZL_2025-11-08_G20,10110028LUIZL,2025-11-08,117821,1,4,0,318.0
10110028LUIZL_2025-11-08_G21,10110028LUIZL,2025-11-08,117831,1,8,0,51.0
10110028LUIZL_2025-11-08_G22,10110028LUIZL,2025-11-08,118140,1,3,0,68.0
10110028LUIZL_2025-11-08_G23,10110028LUIZL,2025-11-08,141823,1,2,0,72.0
10110028LUIZL_2025-11-08_G24,10110028LUIZL,2025-11-08,117785,1,1,0,99.0
10110028LUIZL_2025-11-08_G25,10110028LUIZL,2025-11-08,111462,1,5,0,86.0
10110028LUIZL_2025-11-08_G26,10110028LUIZL,2025-11-08,109643,1,3,0,142.0
10110028LUIZL_2025-11-08_G27,10110028LUIZL,2025-11-08,117832,1,4,0,218.0
10110028LUIZL_2025-11-08_G28,10110028LUIZL,2025-11-08,117808,1,21,0,89.0
10110028LUIZL_2025-11-08_G30,10110028LUIZL,2025-11-08,141456,1,150,0,464.0
10110028LUIZL_2025-11-08_G31,10110028LUIZL,2025-11-08,109643,1,55,0,807.0
10110028LUIZL_2025-11-08_G32,10110028LUIZL,2025-11-08,111532,1,6,0,1524.0
10110028LUIZL_2025-11-08_G33,10110028LUIZL,2025-11-08,110313,1,2,0,415.0
10110028LUIZL_2025-11-08_G34,10110028LUIZL,2025-11-08,110733,1,4,0,115.0
10110028LUIZL_2025-11-08_G35,10110028LUIZL,2025-11-08,140923,1,8,0,349.0
10110028LUIZL_2025-11-08_G36,10110028LUIZL,2025-11-08,140922,1,1,0,114.0
10110028LUIZL_2025-11-08_G37,10110028LUIZL,2025-11-08,140922,1,4,0,83.0
10110028LUIZL_2025-11-08_G38,10110028LUIZL,2025-11-08,110313,1,6,0,184.0
10110028LUIZL_2025-11-08_G39,10110028LUIZL,2025-11-08,111462,1,2,0,698.0
10110028LUIZL_2025-11-08_G40,10110028LUIZL,2025-11-08,111743,1,2,0,38.0
10110028LUIZL_2025-11-08_G41,10110028LUIZL,2025-11-08,118140,1,4,0,108.0
10110028LUIZL_2025-11-08_G42,10110028LUIZL,2025-11-08,108711,1,4,0,71.0
10110028LUIZL_2025-11-08_G43,10110028LUIZL,2025-11-08,110373,1,2,0,160.0
10110028LUIZL_2025-11-08_G44,10110028LUIZL,2025-11-08,141202,1,6,0,67.0
10110028LUIZL_2025-11-10_G02,10110028LUIZL,2025-11-10,141823,1,6,0,299.0
10110028LUIZL_2025-11-10_G03,10110028LUIZL,2025-11-10,111433,1,4,0,631.0
10110028LUIZL_2025-11-10_G04,10110028LUIZL,2025-11-10,118140,1,3,0,240.0
10110028LUIZL_2025-11-10_G05,10110028LUIZL,2025-11-10,111418,1,8,0,95.0
10110028LUIZL_2025-11-10_G06,10110028LUIZL,2025-11-10,111469,1,2,0,40.0
10110028LUIZL_2025-11-10_G07,10110028LUIZL,2025-11-10,111330,1,4,0,87.0
10110028LUIZL_2025-11-10_G08,10110028LUIZL,2025-11-10,111468,1,2,0,52.0
10110028LUIZL_2025-11-10_G09,10110028LUIZL,2025-11-10,110374,1,3,0,98.0
10110028LUIZL_2025-11-10_G10,10110028LUIZL,2025-11-10,117820,1,1,0,46.0
10110028LUIZL_2025-11-10_G11,10110028LUIZL,2025-11-10,110372,1,3,0,85.0
10110028LUIZL_2025-11-10_G12,10110028LUIZL,2025-11-10,111441,1,5,0,166.0
10110028LUIZL_2025-11-10_G13,10110028LUIZL,2025-11-10,141318,1,4,0,94.0
10110028LUIZL_2025-11-10_G14,10110028LUIZL,2025-11-10,110339,1,4,0,125.0
10110028LUIZL_2025-11-10_G15,10110028LUIZL,2025-11-10,118253,1,1,0,221.0
10110028LUIZL_2025-11-10_G16,10110028LUIZL,2025-11-10,110374,3,6,19,637.0
10110028LUIZL_2025-11-10_G17,10110028LUIZL,2025-11-10,117808,1,5,0,108.0
10110028LUIZL_2025-11-10_G18,10110028LUIZL,2025-11-10,118299,1,7,0,84.0
10110028LUIZL_2025-11-10_G19,10110028LUIZL,2025-11-10,110373,1,4,0,94.0
10110028LUIZL_2025-11-10_G20,10110028LUIZL,2025-11-10,118222,1,5,0,297.0
10110028LUIZL_2025-11-10_G21,10110028LUIZL,2025-11-10,111441,1,3,0,129.0
10110028LUIZL_2025-11-10_G22,10110028LUIZL,2025-11-10,111441,1,3,0,74.0
10110028LUIZL_2025-11-10_G23,10110028LUIZL,2025-11-10,118140,1,5,0,144.0
10110028LUIZL_2025-11-10_G24,10110028LUIZL,2025-11-10,111418,1,2,0,69.0
10110028LUIZL_2025-11-10_G25,10110028LUIZL,2025-11-10,111466,1,4,0,112.0
10110028LUIZL_2025-11-10_G26,10110028LUIZL,2025-11-10,111602,1,4,0,142.0
10110028LUIZL_2025-11-10_G27,10110028LUIZL,2025-11-10,117832,1,8,0,384.0
10110028LUIZL_2025-11-10_G28,10110028LUIZL,2025-11-10,110374,1,2,0,31.0
10110028LUIZL_2025-11-10_G29,10110028LUIZL,2025-11-10,117820,1,15,0,126.0
10110028LUIZL_2025-11-10_G30,10110028LUIZL,2025-11-10,118299,2,23,9,151.0
10110028LUIZL_2025-11-10_G31,10110028LUIZL,2025-11-10,110373,2,20,10,194.0
10110028LUIZL_2025-11-10_G32,10110028LUIZL,2025-11-10,110313,1,5,0,282.0
10110028LUIZL_2025-11-10_G33,10110028LUIZL,2025-11-10,111602,3,13,19,252.0
10110028LUIZL_2025-11-10_G34,10110028LUIZL,2025-11-10,118140,1,4,0,359.0
10110028LUIZL_2025-11-10_G35,10110028LUIZL,2025-11-10,111418,1,16,0,126.0
10110028LUIZL_2025-11-10_G36,10110028LUIZL,2025-11-10,111466,1,8,0,92.0
10110028LUIZL_2025-11-10_G37,10110028LUIZL,2025-11-10,117785,1,2,0,82.0
10110028LUIZL_2025-11-10_G38,10110028LUIZL,2025-11-10,111462,1,2,0,69.0
10110028LUIZL_2025-11-10_G39,10110028LUIZL,2025-11-10,141823,1,2,0,67.0
10110028LUIZL_2025-11-10_G40,10110028LUIZL,2025-11-10,118222,1,2,0,79.0
10110028LUIZL_2025-11-10_G41,10110028LUIZL,2025-11-10,111441,2,6,8,125.0
10110028LUIZL_2025-11-10_G42,10110028LUIZL,2025-11-10,110895,1,8,0,146.0
10110028LUIZL_2025-11-10_G43,10110028LUIZL,2025-11-10,110747,1,2,0,72.0
10110028LUIZL_2025-11-10_G44,10110028LUIZL,2025-11-10,118140,1,3,0,584.0
10110028LUIZL_2025-11-10_G45,10110028LUIZL,2025-11-10,111418,1,36,0,188.0
10110028LUIZL_2025-11-10_G46,10110028LUIZL,2025-11-10,111469,2,10,27,121.0
10110028LUIZL_2025-11-10_G47,10110028LUIZL,2025-11-10,111466,2,28,25,120.0
10110028LUIZL_2025-11-10_G48,10110028LUIZL,2025-11-10,117785,1,2,0,176.0
10110028LUIZL_2025-11-10_G49,10110028LUIZL,2025-11-10,118222,1,2,0,132.0
10110028LUIZL_2025-11-10_G50,10110028LUIZL,2025-11-10,110313,1,4,0,270.0
10110028LUIZL_2025-11-10_G51,10110028LUIZL,2025-11-10,110752,1,2,0,126.0
10110028LUIZL_2025-11-10_G52,10110028LUIZL,2025-11-10,111602,1,2,0,155.0
10110028LUIZL_2025-11-10_G53,10110028LUIZL,2025-11-10,111441,1,8,0,187.0
10110028LUIZL_2025-11-10_G54,10110028LUIZL,2025-11-10,111441,1,17,0,296.0
10110028LUIZL_2025-11-10_G55,10110028LUIZL,2025-11-10,140922,1,4,0,1504.0
10110028LUIZL_2025-11-10_G56,10110028LUIZL,2025-11-10,117855,1,6,0,126.0
10110028LUIZL_2025-11-10_G57,10110028LUIZL,2025-11-10,117832,1,2,0,121.0
10110028LUIZL_2025-11-10_G58,10110028LUIZL,2025-11-10,117820,1,20,0,102.0
10110028LUIZL_2025-11-10_G60,10110028LUIZL,2025-11-10,110325,1,8,0,115.0
10110028LUIZL_2025-11-10_G61,10110028LUIZL,2025-11-10,110372,1,20,0,633.0
10110028LUIZL_2025-11-10_G62,10110028LUIZL,2025-11-10,118299,1,33,0,195.0
10110028LUIZL_2025-11-10_G63,10110028LUIZL,2025-11-10,110373,1,20,0,123.0
10110028LUIZL_2025-11-10_G64,10110028LUIZL,2025-11-10,109645,1,8,0,160.0
10110028LUIZL_2025-11-10_G65,10110028LUIZL,2025-11-10,117821,1,8,0,102.0
10110028LUIZL_2025-11-10_G66,10110028LUIZL,2025-11-10,117831,1,4,0,41.0
10110028LUIZL_2025-11-10_G67,10110028LUIZL,2025-11-10,111463,1,3,0,459.0
10110028LUIZL_2025-11-10_G68,10110028LUIZL,2025-11-10,141458,1,4,0,96.0
10110028LUIZL_2025-11-10_G69,10110028LUIZL,2025-11-10,108795,1,1,0,114.0
10110028LUIZL_2025-11-10_G70,10110028LUIZL,2025-11-10,110740,1,6,0,48.0
10110028LUIZL_2025-11-10_G71,10110028LUIZL,2025-11-10,118140,1,16,0,216.0
10110028LUIZL_2025-11-10_G72,10110028LUIZL,2025-11-10,110313,1,2,0,467.0
10110028LUIZL_2025-11-10_G73,10110028LUIZL,2025-11-10,117856,1,4,0,76.0
10110028LUIZL_2025-11-10_G74,10110028LUIZL,2025-11-10,118094,1,4,0,38.0
10110028LUIZL_2025-11-10_G75,10110028LUIZL,2025-11-10,108772,1,2,0,95.0
10110028LUIZL_2025-11-10_G76,10110028LUIZL,2025-11-10,111467,1,2,0,45.0
10110028LUIZL_2025-11-10_G77,10110028LUIZL,2025-11-10,140923,1,7,0,970.0
10110028LUIZL_2025-11-10_G78,10110028LUIZL,2025-11-10,110895,1,3,0,137.0
10110028LUIZL_2025-11-10_G79,10110028LUIZL,2025-11-10,110373,1,2,0,498.0
10110028LUIZL_2025-11-10_G80,10110028LUIZL,2025-11-10,118140,1,8,0,1069.0
10110028LUIZL_2025-11-10_G81,10110028LUIZL,2025-11-10,117831,1,4,0,123.0
10110028LUIZL_2025-11-10_G82,10110028LUIZL,2025-11-10,140922,1,2,0,64.0
10110028LUIZL_2025-11-10_G83,10110028LUIZL,2025-11-10,118140,1,4,0,72.0
10110028LUIZL_2025-11-10_G84,10110028LUIZL,2025-11-10,111743,1,8,0,167.0
10110028LUIZL_2025-11-10_G85,10110028LUIZL,2025-11-10,108711,1,4,0,66.0
10110028LUIZL_2025-11-10_G86,10110028LUIZL,2025-11-10,"118140, 110733",2,12,23,230.0
10110028LUIZL_2025-11-10_G87,10110028LUIZL,2025-11-10,108711,1,8,0,147.0
10110028LUIZL_2025-11-10_G88,10110028LUIZL,2025-11-10,110733,1,2,0,75.0
10110028LUIZL_2025-11-10_G89,10110028LUIZL,2025-11-10,141202,1,4,0,289.0
10110028LUIZL_2025-11-10_G90,10110028LUIZL,2025-11-10,110375,1,2,0,1423.0
10110028LUIZL_2025-11-10_G91,10110028LUIZL,2025-11-10,117808,1,40,0,284.0
10110028LUIZL_2025-11-10_G92,10110028LUIZL,2025-11-10,110372,1,100,0,154.0
10110028LUIZL_2025-11-10_G93,10110028LUIZL,2025-11-10,118299,1,60,0,1472.0
10110028LUIZL_2025-11-10_G94,10110028LUIZL,2025-11-10,110371,1,40,0,131.0
10110028LUIZL_2025-11-10_G95,10110028LUIZL,2025-11-10,110373,1,14,0,296.0
10110028LUIZL_2025-11-10_G96,10110028LUIZL,2025-11-10,110373,1,26,0,246.0
10110028LUIZL_2025-11-10_G97,10110028LUIZL,2025-11-10,109643,1,20,0,230.0
10110028LUIZL_2025-11-10_G98,10110028LUIZL,2025-11-10,111569,1,10,0,397.0
10110028LUIZL_2025-11-11_G02,10110028LUIZL,2025-11-11,110740,1,8,0,257.0
10110028LUIZL_2025-11-11_G03,10110028LUIZL,2025-11-11,111418,1,20,0,277.0
10110028LUIZL_2025-11-11_G04,10110028LUIZL,2025-11-11,117785,1,14,0,157.0
10110028LUIZL_2025-11-11_G05,10110028LUIZL,2025-11-11,111532,1,6,0,136.0
10110028LUIZL_2025-11-11_G06,10110028LUIZL,2025-11-11,111172,1,6,0,818.0
10110028LUIZL_2025-11-11_G07,10110028LUIZL,2025-11-11,118140,1,17,0,102.0
10110028LUIZL_2025-11-11_G08,10110028LUIZL,2025-11-11,140922,1,4,0,84.0
10110028LUIZL_2025-11-11_G09,10110028LUIZL,2025-11-11,111469,1,26,0,248.0
10110028LUIZL_2025-11-11_G10,10110028LUIZL,2025-11-11,141456,1,9,0,180.0
10110028LUIZL_2025-11-11_G11,10110028LUIZL,2025-11-11,111743,1,11,0,215.0
10110028LUIZL_2025-11-11_G12,10110028LUIZL,2025-11-11,111532,1,16,0,229.0
10110028LUIZL_2025-11-11_G13,10110028LUIZL,2025-11-11,117785,1,40,0,827.0
10110028LUIZL_2025-11-11_G14,10110028LUIZL,2025-11-11,141458,1,12,0,363.0
10110028LUIZL_2025-11-11_G15,10110028LUIZL,2025-11-11,110374,1,15,0,272.0
10110028LUIZL_2025-11-11_G16,10110028LUIZL,2025-11-11,117820,1,50,0,271.0
10110028LUIZL_2025-11-11_G17,10110028LUIZL,2025-11-11,110373,1,40,0,296.0
10110028LUIZL_2025-11-11_G18,10110028LUIZL,2025-11-11,110372,1,50,0,491.0
10110028LUIZL_2025-11-11_G19,10110028LUIZL,2025-11-11,141352,1,20,0,117.0
10110028LUIZL_2025-11-11_G20,10110028LUIZL,2025-11-11,110752,1,8,0,71.0
10110028LUIZL_2025-11-11_G21,10110028LUIZL,2025-11-11,118299,1,70,0,700.0
10110028LUIZL_2025-11-11_G22,10110028LUIZL,2025-11-11,117808,1,160,0,666.0
10110028LUIZL_2025-11-11_G23,10110028LUIZL,2025-11-11,117808,1,16,0,1167.0
10110028LUIZL_2025-11-11_G24,10110028LUIZL,2025-11-11,117830,1,2,0,52.0
10110028LUIZL_2025-11-11_G25,10110028LUIZL,2025-11-11,110372,1,8,0,168.0
10110028LUIZL_2025-11-11_G26,10110028LUIZL,2025-11-11,110373,1,1,0,133.0
10110028LUIZL_2025-11-11_G27,10110028LUIZL,2025-11-11,111467,1,4,0,125.0
10110028LUIZL_2025-11-11_G28,10110028LUIZL,2025-11-11,140923,1,10,0,147.0
10110028LUIZL_2025-11-11_G29,10110028LUIZL,2025-11-11,111462,1,8,0,104.0
10110028LUIZL_2025-11-11_G30,10110028LUIZL,2025-11-11,110374,1,3,0,379.0
10110028LUIZL_2025-11-11_G31,10110028LUIZL,2025-11-11,117808,1,18,0,221.0
10110028LUIZL_2025-11-11_G32,10110028LUIZL,2025-11-11,117820,1,11,0,58.0
10110028LUIZL_2025-11-11_G33,10110028LUIZL,2025-11-11,118299,1,32,0,302.0
10110028LUIZL_2025-11-11_G34,10110028LUIZL,2025-11-11,110313,1,1,0,90.0
10110028LUIZL_2025-11-11_G35,10110028LUIZL,2025-11-11,118094,1,2,0,101.0
10110028LUIZL_2025-11-11_G36,10110028LUIZL,2025-11-11,117862,1,1,0,59.0
10110028LUIZL_2025-11-11_G37,10110028LUIZL,2025-11-11,140923,1,1,0,66.0
10110028LUIZL_2025-11-11_G38,10110028LUIZL,2025-11-11,111602,1,2,0,748.0
10110028LUIZL_2025-11-11_G39,10110028LUIZL,2025-11-11,118222,1,8,0,174.0
10110028LUIZL_2025-11-11_G40,10110028LUIZL,2025-11-11,111569,1,3,0,325.0
10110028LUIZL_2025-11-11_G41,10110028LUIZL,2025-11-11,111441,2,7,9,92.0
10110028LUIZL_2025-11-11_G43,10110028LUIZL,2025-11-11,117832,1,7,0,104.0
10110028LUIZL_2025-11-11_G44,10110028LUIZL,2025-11-11,110374,1,15,0,95.0
10110028LUIZL_2025-11-11_G45,10110028LUIZL,2025-11-11,117808,1,7,0,275.0
10110028LUIZL_2025-11-11_G46,10110028LUIZL,2025-11-11,117820,1,11,0,68.0
10110028LUIZL_2025-11-11_G47,10110028LUIZL,2025-11-11,117830,1,10,0,77.0
10110028LUIZL_2025-11-11_G48,10110028LUIZL,2025-11-11,110372,1,18,0,174.0
10110028LUIZL_2025-11-11_G49,10110028LUIZL,2025-11-11,160053,1,30,0,635.0
10110028LUIZL_2025-11-11_G50,10110028LUIZL,2025-11-11,160051,1,20,0,544.0
10110028LUIZL_2025-11-11_G51,10110028LUIZL,2025-11-11,118299,1,40,0,440.0
10110028LUIZL_2025-11-11_G52,10110028LUIZL,2025-11-11,116527,1,3,0,163.0
10110028LUIZL_2025-11-11_G53,10110028LUIZL,2025-11-11,110755,1,4,0,112.0
10110028LUIZL_2025-11-11_G54,10110028LUIZL,2025-11-11,118222,1,80,0,1396.0
10110028LUIZL_2025-11-11_G56,10110028LUIZL,2025-11-11,141458,1,19,0,838.0
10110028LUIZL_2025-11-11_G57,10110028LUIZL,2025-11-11,141457,1,8,0,108.0
10110028LUIZL_2025-11-11_G58,10110028LUIZL,2025-11-11,111462,1,2,0,72.0
10110028LUIZL_2025-11-11_G59,10110028LUIZL,2025-11-11,110374,1,3,0,117.0
10110028LUIZL_2025-11-11_G60,10110028LUIZL,2025-11-11,117808,1,10,0,64.0
10110028LUIZL_2025-11-12_G02,10110028LUIZL,2025-11-12,110745,1,4,0,88.0
10110028LUIZL_2025-11-12_G03,10110028LUIZL,2025-11-12,111466,1,2,0,74.0
10110028LUIZL_2025-11-12_G04,10110028LUIZL,2025-11-12,109641,1,24,0,253.0
10110028LUIZL_2025-11-12_G05,10110028LUIZL,2025-11-12,141457,1,10,0,112.0
10110028LUIZL_2025-11-12_G06,10110028LUIZL,2025-11-12,111463,1,9,0,385.0
10110028LUIZL_2025-11-12_G07,10110028LUIZL,2025-11-12,160054,1,11,0,2178.0
10110028LUIZL_2025-11-12_G08,10110028LUIZL,2025-11-12,110374,1,24,0,131.0
10110028LUIZL_2025-11-12_G09,10110028LUIZL,2025-11-12,117808,1,10,0,467.0
10110028LUIZL_2025-11-12_G10,10110028LUIZL,2025-11-12,111569,1,20,0,1390.0
10110028LUIZL_2025-11-12_G11,10110028LUIZL,2025-11-12,118306,1,10,0,324.0
10110028LUIZL_2025-11-12_G12,10110028LUIZL,2025-11-12,110755,1,16,0,932.0
10110028LUIZL_2025-11-12_G13,10110028LUIZL,2025-11-12,110895,1,48,0,311.0
10110028LUIZL_2025-11-12_G14,10110028LUIZL,2025-11-12,110747,1,7,0,1698.0
10110028LUIZL_2025-11-12_G15,10110028LUIZL,2025-11-12,110754,1,4,0,164.0
10110028LUIZL_2025-11-12_G16,10110028LUIZL,2025-11-12,111569,1,4,0,186.0
10110028LUIZL_2025-11-12_G17,10110028LUIZL,2025-11-12,110313,1,20,0,298.0
10110028LUIZL_2025-11-12_G18,10110028LUIZL,2025-11-12,110733,1,6,0,141.0
10110028LUIZL_2025-11-12_G19,10110028LUIZL,2025-11-12,107629,1,4,0,412.0
10110028LUIZL_2025-11-12_G20,10110028LUIZL,2025-11-12,110339,1,13,0,329.0
10110028LUIZL_2025-11-12_G21,10110028LUIZL,2025-11-12,111602,1,80,0,414.0
10110028LUIZL_2025-11-12_G22,10110028LUIZL,2025-11-12,118222,1,70,0,778.0
10110028LUIZL_2025-11-12_G24,10110028LUIZL,2025-11-12,117786,1,500,0,2351.0
10110028LUIZL_2025-11-12_G25,10110028LUIZL,2025-11-12,117809,1,100,0,2356.0
10110028LUIZL_2025-11-12_G27,10110028LUIZL,2025-11-12,140923,1,98,0,634.0
10110028LUIZL_2025-11-12_G28,10110028LUIZL,2025-11-12,117833,1,200,0,240.0
10110028LUIZL_2025-11-13_G02,10110028LUIZL,2025-11-13,141047,1,12,0,160.0
10110028LUIZL_2025-11-13_G03,10110028LUIZL,2025-11-13,111602,1,4,0,113.0
10110028LUIZL_2025-11-13_G04,10110028LUIZL,2025-11-13,108759,1,1,0,205.0
10110028LUIZL_2025-11-13_G05,10110028LUIZL,2025-11-13,111463,1,8,0,323.0
10110028LUIZL_2025-11-13_G06,10110028LUIZL,2025-11-13,118317,1,4,0,143.0
10110028LUIZL_2025-11-13_G07,10110028LUIZL,2025-11-13,111172,1,2,0,271.0
10110028LUIZL_2025-11-13_G08,10110028LUIZL,2025-11-13,110787,1,3,0,258.0
10110028LUIZL_2025-11-13_G09,10110028LUIZL,2025-11-13,111463,1,2,0,99.0
10110028LUIZL_2025-11-13_G10,10110028LUIZL,2025-11-13,111532,1,4,0,88.0
10110028LUIZL_2025-11-13_G11,10110028LUIZL,2025-11-13,110787,1,4,0,517.0
10110028LUIZL_2025-11-13_G12,10110028LUIZL,2025-11-13,110787,1,3,0,97.0
10110028LUIZL_2025-11-13_G13,10110028LUIZL,2025-11-13,110787,2,24,18,34.0
10110028LUIZL_2025-11-13_G14,10110028LUIZL,2025-11-13,118317,1,3,0,203.0
10110028LUIZL_2025-11-13_G15,10110028LUIZL,2025-11-13,117785,1,36,0,55.0
10110028LUIZL_2025-11-13_G16,10110028LUIZL,2025-11-13,110374,1,57,0,773.0
10110028LUIZL_2025-11-13_G17,10110028LUIZL,2025-11-13,110372,1,120,0,612.0
10110028LUIZL_2025-11-13_G18,10110028LUIZL,2025-11-13,110129,1,7,0,1712.0
10110028LUIZL_2025-11-13_G19,10110028LUIZL,2025-11-13,109645,1,5,0,328.0
10110028LUIZL_2025-11-13_G20,10110028LUIZL,2025-11-13,117831,1,40,0,456.0
10110028LUIZL_2025-11-13_G21,10110028LUIZL,2025-11-13,108795,1,12,0,82.0
10110028LUIZL_2025-11-13_G22,10110028LUIZL,2025-11-13,110745,1,10,0,96.0
10110028LUIZL_2025-11-13_G23,10110028LUIZL,2025-11-13,110743,1,5,0,162.0
10110028LUIZL_2025-11-13_G24,10110028LUIZL,2025-11-13,140922,1,48,0,973.0
10110028LUIZL_2025-11-13_G25,10110028LUIZL,2025-11-13,111348,1,72,0,269.0
10110028LUIZL_2025-11-13_G26,10110028LUIZL,2025-11-13,111465,1,60,0,525.0
10110028LUIZL_2025-11-13_G27,10110028LUIZL,2025-11-13,118140,1,600,0,1389.0
10110028LUIZL_2025-11-13_G28,10110028LUIZL,2025-11-13,117830,1,78,0,620.0
10110028LUIZL_2025-11-13_G29,10110028LUIZL,2025-11-13,117820,1,72,0,326.0
10110028LUIZL_2025-11-13_G30,10110028LUIZL,2025-11-13,110373,1,100,0,378.0
10110028LUIZL_2025-11-13_G31,10110028LUIZL,2025-11-13,141202,1,180,0,609.0
10110028LUIZL_2025-11-13_G33,10110028LUIZL,2025-11-13,111463,1,2,0,87.0
10110028LUIZL_2025-11-13_G34,10110028LUIZL,2025-11-13,111463,1,42,0,368.0
10110028LUIZL_2025-11-13_G35,10110028LUIZL,2025-11-13,118140,1,47,0,264.0
10110028LUIZL_2025-11-13_G36,10110028LUIZL,2025-11-13,108711,1,17,0,107.0
10110028LUIZL_2025-11-13_G37,10110028LUIZL,2025-11-13,117833,1,3,0,82.0
10110028LUIZL_2025-11-13_G38,10110028LUIZL,2025-11-13,141823,1,14,0,142.0
10110028LUIZL_2025-11-13_G39,10110028LUIZL,2025-11-13,111462,1,49,0,538.0
10110028LUIZL_2025-11-13_G40,10110028LUIZL,2025-11-13,110374,1,40,0,442.0
10110028LUIZL_2025-11-13_G41,10110028LUIZL,2025-11-13,117820,1,39,0,543.0
10110028LUIZL_2025-11-13_G42,10110028LUIZL,2025-11-13,109647,1,14,0,266.0
10110028LUIZL_2025-11-13_G43,10110028LUIZL,2025-11-13,117835,1,6,0,293.0
10110028LUIZL_2025-11-13_G44,10110028LUIZL,2025-11-13,108759,1,5,0,115.0
10110028LUIZL_2025-11-13_G45,10110028LUIZL,2025-11-13,118299,1,30,0,928.0
10110028LUIZL_2025-11-13_G46,10110028LUIZL,2025-11-13,110373,1,82,0,440.0
10110028LUIZL_2025-11-13_G47,10110028LUIZL,2025-11-13,141823,1,4,0,352.0
10110028LUIZL_2025-11-13_G48,10110028LUIZL,2025-11-13,118140,1,4,0,82.0
10110028LUIZL_2025-11-13_G49,10110028LUIZL,2025-11-13,111463,1,30,0,246.0
10110028LUIZL_2025-11-13_G50,10110028LUIZL,2025-11-13,110787,1,3,0,781.0
10110028LUIZL_2025-11-13_G51,10110028LUIZL,2025-11-13,111435,1,4,0,67.0
10110028LUIZL_2025-11-13_G52,10110028LUIZL,2025-11-13,110787,1,25,0,592.0
10110028LUIZL_2025-11-13_G53,10110028LUIZL,2025-11-13,111463,1,4,0,81.0
10110028LUIZL_2025-11-13_G54,10110028LUIZL,2025-11-13,118317,1,2,0,112.0
10110028LUIZL_2025-11-13_G55,10110028LUIZL,2025-11-13,110747,1,13,0,812.0
10110028LUIZL_2025-11-13_G56,10110028LUIZL,2025-11-13,111660,1,8,0,202.0
10110028LUIZL_2025-11-13_G57,10110028LUIZL,2025-11-13,111446,1,1,0,938.0
10110028LUIZL_2025-11-13_G58,10110028LUIZL,2025-11-13,117821,1,14,0,296.0
10110028LUIZL_2025-11-13_G59,10110028LUIZL,2025-11-13,110740,1,20,0,492.0
10110028LUIZL_2025-11-13_G60,10110028LUIZL,2025-11-13,118140,1,30,0,314.0
10110028LUIZL_2025-11-13_G61,10110028LUIZL,2025-11-13,111532,1,40,0,236.0
10110028LUIZL_2025-11-13_G62,10110028LUIZL,2025-11-13,110372,1,100,0,320.0
10110028LUIZL_2025-11-13_G63,10110028LUIZL,2025-11-13,117808,1,350,0,1330.0
10110028LUIZL_2025-11-14_G02,10110028LUIZL,2025-11-14,111462,1,27,0,577.0
10110028LUIZL_2025-11-14_G03,10110028LUIZL,2025-11-14,141456,1,88,0,416.0
10110028LUIZL_2025-11-14_G04,10110028LUIZL,2025-11-14,111743,1,12,0,276.0
10110028LUIZL_2025-11-14_G05,10110028LUIZL,2025-11-14,117809,1,192,0,1664.0
10110028LUIZL_2025-11-14_G06,10110028LUIZL,2025-11-14,117820,1,201,0,525.0
10110028LUIZL_2025-11-14_G07,10110028LUIZL,2025-11-14,117834,1,20,0,829.0
10110028LUIZL_2025-11-14_G08,10110028LUIZL,2025-11-14,118417,1,3,0,60.0
10110028LUIZL_2025-11-14_G09,10110028LUIZL,2025-11-14,141313,1,1,0,169.0
10110028LUIZL_2025-11-14_G11,10110028LUIZL,2025-11-14,117821,1,4,0,236.0
10110028LUIZL_2025-11-14_G12,10110028LUIZL,2025-11-14,110740,1,12,0,115.0
10110028LUIZL_2025-11-14_G13,10110028LUIZL,2025-11-14,110745,1,32,0,235.0
10110028LUIZL_2025-11-14_G14,10110028LUIZL,2025-11-14,110745,1,4,0,33.0
10110028LUIZL_2025-11-14_G15,10110028LUIZL,2025-11-14,108794,1,4,0,113.0
10110028LUIZL_2025-11-14_G16,10110028LUIZL,2025-11-14,111463,1,40,0,463.0
10110028LUIZL_2025-11-14_G17,10110028LUIZL,2025-11-14,141457,1,15,0,130.0
10110028LUIZL_2025-11-14_G18,10110028LUIZL,2025-11-14,117785,1,1,0,105.0
10110028LUIZL_2025-11-14_G19,10110028LUIZL,2025-11-14,117820,2,87,22,105.0
10110028LUIZL_2025-11-14_G20,10110028LUIZL,2025-11-14,117785,1,29,0,720.0
10110028LUIZL_2025-11-14_G21,10110028LUIZL,2025-11-14,118140,1,70,0,442.0
10110028LUIZL_2025-11-14_G22,10110028LUIZL,2025-11-14,111743,1,20,0,384.0
10110028LUIZL_2025-11-14_G23,10110028LUIZL,2025-11-14,111602,1,5,0,199.0
10110028LUIZL_2025-11-14_G24,10110028LUIZL,2025-11-14,118094,1,20,0,164.0
10110028LUIZL_2025-11-14_G25,10110028LUIZL,2025-11-14,"117862, 140923",2,70,24,737.0
10110028LUIZL_2025-11-14_G26,10110028LUIZL,2025-11-14,109640,1,30,0,99.0
10110028LUIZL_2025-11-15_G02,10110028LUIZL,2025-11-15,111466,1,150,0,537.0
10110028LUIZL_2025-11-15_G03,10110028LUIZL,2025-11-15,110740,1,50,0,544.0
10110028LUIZL_2025-11-15_G04,10110028LUIZL,2025-11-15,108772,1,100,0,559.0
10110028LUIZL_2025-11-15_G05,10110028LUIZL,2025-11-15,117820,1,900,0,1051.0
10110028LUIZL_2025-11-15_G06,10110028LUIZL,2025-11-15,110092,1,4,0,665.0
10110028LUIZL_2025-11-15_G07,10110028LUIZL,2025-11-15,110313,1,120,0,511.0
10110028LUIZL_2025-11-15_G08,10110028LUIZL,2025-11-15,117853,1,20,0,171.0
10110028LUIZL_2025-11-15_G09,10110028LUIZL,2025-11-15,108361,1,4,0,89.0
10110028LUIZL_2025-11-15_G10,10110028LUIZL,2025-11-15,111439,1,6,0,129.0
10110028LUIZL_2025-11-15_G11,10110028LUIZL,2025-11-15,109640,1,240,0,1263.0
10110028LUIZL_2025-11-15_G12,10110028LUIZL,2025-11-15,105359,1,5,0,143.0
10110028LUIZL_2025-11-15_G13,10110028LUIZL,2025-11-15,110310,1,2,0,445.0
10110028LUIZL_2025-11-15_G14,10110028LUIZL,2025-11-15,117808,1,362,0,1086.0
10110028LUIZL_2025-11-15_G15,10110028LUIZL,2025-11-15,117808,1,200,0,168.0
10110028LUIZL_2025-11-15_G16,10110028LUIZL,2025-11-15,111418,1,214,0,2024.0
10110028LUIZL_2025-11-15_G17,10110028LUIZL,2025-11-15,141457,1,205,0,1086.0
10110028LUIZL_2025-11-17_G02,10110028LUIZL,2025-11-17,108795,1,19,0,124.0
10110028LUIZL_2025-11-17_G03,10110028LUIZL,2025-11-17,108798,1,12,0,141.0
10110028LUIZL_2025-11-17_G04,10110028LUIZL,2025-11-17,111431,1,52,0,389.0
10110028LUIZL_2025-11-17_G05,10110028LUIZL,2025-11-17,110376,1,80,0,398.0
10110028LUIZL_2025-11-17_G06,10110028LUIZL,2025-11-17,111172,1,4,0,899.0
10110028LUIZL_2025-11-17_G07,10110028LUIZL,2025-11-17,111433,1,2,0,56.0
10110028LUIZL_2025-11-17_G08,10110028LUIZL,2025-11-17,109645,1,4,0,41.0
10110028LUIZL_2025-11-17_G09,10110028LUIZL,2025-11-17,111330,1,3,0,46.0
10110028LUIZL_2025-11-17_G10,10110028LUIZL,2025-11-17,111182,1,3,0,76.0
10110028LUIZL_2025-11-17_G11,10110028LUIZL,2025-11-17,110740,1,5,0,49.0
10110028LUIZL_2025-11-17_G12,10110028LUIZL,2025-11-17,110745,1,2,0,40.0
10110028LUIZL_2025-11-17_G13,10110028LUIZL,2025-11-17,140922,1,2,0,51.0
10110028LUIZL_2025-11-17_G14,10110028LUIZL,2025-11-17,110787,1,27,0,341.0
10110028LUIZL_2025-11-17_G15,10110028LUIZL,2025-11-17,111469,1,10,0,92.0
10110028LUIZL_2025-11-17_G16,10110028LUIZL,2025-11-17,118140,1,50,0,476.0
10110028LUIZL_2025-11-17_G17,10110028LUIZL,2025-11-17,118140,1,29,0,35.0
10110028LUIZL_2025-11-17_G18,10110028LUIZL,2025-11-17,111172,1,2,0,957.0
10110028LUIZL_2025-11-17_G19,10110028LUIZL,2025-11-17,105705,1,2,0,61.0
10110028LUIZL_2025-11-17_G20,10110028LUIZL,2025-11-17,111182,1,24,0,405.0
10110028LUIZL_2025-11-17_G21,10110028LUIZL,2025-11-17,111182,1,6,0,65.0
10110028LUIZL_2025-11-17_G22,10110028LUIZL,2025-11-17,140922,2,8,13,80.0
10110028LUIZL_2025-11-17_G23,10110028LUIZL,2025-11-17,117841,1,4,0,497.0
10110028LUIZL_2025-11-17_G24,10110028LUIZL,2025-11-17,109640,1,2,0,138.0
10110028LUIZL_2025-11-17_G25,10110028LUIZL,2025-11-17,117830,1,2,0,103.0
10110028LUIZL_2025-11-17_G26,10110028LUIZL,2025-11-17,109643,1,8,0,132.0
10110028LUIZL_2025-11-17_G27,10110028LUIZL,2025-11-17,117834,1,2,0,248.0
10110028LUIZL_2025-11-17_G28,10110028LUIZL,2025-11-17,110339,1,8,0,133.0
10110028LUIZL_2025-11-17_G29,10110028LUIZL,2025-11-17,111330,1,8,0,1336.0
10110028LUIZL_2025-11-18_G02,10110028LUIZL,2025-11-18,141352,1,20,0,760.0
10110028LUIZL_2025-11-19_G02,10110028LUIZL,2025-11-19,110313,1,11,0,620.0
10110028LUIZL_2025-11-19_G03,10110028LUIZL,2025-11-19,109647,1,10,0,213.0
10110028LUIZL_2025-11-19_G04,10110028LUIZL,2025-11-19,110339,1,5,0,453.0
10110028LUIZL_2025-11-19_G05,10110028LUIZL,2025-11-19,110339,1,9,0,59.0
10110028LUIZL_2025-11-19_G06,10110028LUIZL,2025-11-19,117856,1,12,0,180.0
10110028LUIZL_2025-11-19_G07,10110028LUIZL,2025-11-19,117862,1,10,0,115.0
10110028LUIZL_2025-11-19_G08,10110028LUIZL,2025-11-19,117840,1,18,0,142.0
10110028LUIZL_2025-11-19_G09,10110028LUIZL,2025-11-19,110371,1,68,0,278.0
10110028LUIZL_2025-11-19_G10,10110028LUIZL,2025-11-19,110373,1,70,0,791.0
10110028LUIZL_2025-11-19_G11,10110028LUIZL,2025-11-19,140911,1,40,0,645.0
10110028LUIZL_2025-11-19_G12,10110028LUIZL,2025-11-19,111660,1,4,0,153.0
10110028LUIZL_2025-11-19_G13,10110028LUIZL,2025-11-19,117822,1,4,0,100.0
10110028LUIZL_2025-11-19_G14,10110028LUIZL,2025-11-19,109645,1,5,0,1887.0
10110028LUIZL_2025-11-19_G15,10110028LUIZL,2025-11-19,110745,1,12,0,113.0
10110028LUIZL_2025-11-19_G16,10110028LUIZL,2025-11-19,110745,1,12,0,102.0
10110028LUIZL_2025-11-19_G17,10110028LUIZL,2025-11-19,108794,1,2,0,86.0
10110028LUIZL_2025-11-19_G18,10110028LUIZL,2025-11-19,117830,1,33,0,259.0
10110028LUIZL_2025-11-19_G19,10110028LUIZL,2025-11-19,117830,1,14,0,94.0
10110028LUIZL_2025-11-19_G21,10110028LUIZL,2025-11-19,110740,1,2,0,135.0
10110028LUIZL_2025-11-19_G22,10110028LUIZL,2025-11-19,110787,1,1,0,73.0
10110028LUIZL_2025-11-19_G23,10110028LUIZL,2025-11-19,"117831, 117787",2,5,29,69.0
10110028LUIZL_2025-11-19_G24,10110028LUIZL,2025-11-19,117830,1,2,0,116.0
10110028LUIZL_2025-11-19_G25,10110028LUIZL,2025-11-19,117808,1,4,0,99.0
10110028LUIZL_2025-11-21_G02,10110028LUIZL,2025-11-21,140922,1,4,0,48.0
10110028LUIZL_2025-11-21_G03,10110028LUIZL,2025-11-21,140922,1,16,0,441.0
10110028LUIZL_2025-11-21_G04,10110028LUIZL,2025-11-21,140922,3,10,19,743.0
10110028LUIZL_2025-11-21_G05,10110028LUIZL,2025-11-21,140922,1,12,0,33.0
10110028LUIZL_2025-11-21_G06,10110028LUIZL,2025-11-21,110740,1,1,0,1582.0
10110028LUIZL_2025-11-21_G07,10110028LUIZL,2025-11-21,110787,1,3,0,173.0
10110028LUIZL_2025-11-21_G08,10110028LUIZL,2025-11-21,117831,1,2,0,76.0
10110028LUIZL_2025-11-21_G09,10110028LUIZL,2025-11-21,141456,1,2,0,101.0
10110028LUIZL_2025-11-21_G10,10110028LUIZL,2025-11-21,117830,1,4,0,124.0
10110028LUIZL_2025-11-21_G11,10110028LUIZL,2025-11-21,117832,1,4,0,101.0
10110028LUIZL_2025-11-21_G12,10110028LUIZL,2025-11-21,110373,1,3,0,60.0
10110028LUIZL_2025-11-21_G13,10110028LUIZL,2025-11-21,141047,1,2,0,134.0
10110028LUIZL_2025-11-21_G14,10110028LUIZL,2025-11-21,105705,1,4,0,256.0
10110028LUIZL_2025-11-21_G15,10110028LUIZL,2025-11-21,"111182, 110740",2,5,24,90.0
10110028LUIZL_2025-11-21_G16,10110028LUIZL,2025-11-21,111463,1,4,0,139.0
10110028LUIZL_2025-11-21_G17,10110028LUIZL,2025-11-21,117831,1,2,0,93.0
10110028LUIZL_2025-11-21_G18,10110028LUIZL,2025-11-21,109641,1,2,0,34.0
10110028LUIZL_2025-11-21_G19,10110028LUIZL,2025-11-21,141457,1,8,0,61.0
10110028LUIZL_2025-11-21_G20,10110028LUIZL,2025-11-21,118140,1,7,0,90.0
10110028LUIZL_2025-11-21_G21,10110028LUIZL,2025-11-21,141456,1,4,0,57.0
10110028LUIZL_2025-11-21_G22,10110028LUIZL,2025-11-21,141458,1,2,0,122.0
10110028LUIZL_2025-11-21_G23,10110028LUIZL,2025-11-21,111465,1,1,0,554.0
10110028LUIZL_2025-11-21_G24,10110028LUIZL,2025-11-21,117809,1,4,0,335.0
10110028LUIZL_2025-11-21_G25,10110028LUIZL,2025-11-21,110372,1,14,0,239.0
10110028LUIZL_2025-11-21_G26,10110028LUIZL,2025-11-21,110373,1,2,0,79.0
10110028LUIZL_2025-11-21_G27,10110028LUIZL,2025-11-21,111743,1,2,0,513.0
10110028LUIZL_2025-11-21_G28,10110028LUIZL,2025-11-21,108711,1,2,0,95.0
10110028LUIZL_2025-11-21_G29,10110028LUIZL,2025-11-21,117831,1,2,0,52.0
10110028LUIZL_2025-11-21_G30,10110028LUIZL,2025-11-21,117785,1,3,0,41.0
10110028LUIZL_2025-11-21_G31,10110028LUIZL,2025-11-21,107629,1,2,0,93.0
10110028LUIZL_2025-11-21_G32,10110028LUIZL,2025-11-21,140923,1,2,0,82.0
10110028LUIZL_2025-11-21_G33,10110028LUIZL,2025-11-21,110372,1,1,0,96.0
10110028LUIZL_2025-11-21_G34,10110028LUIZL,2025-11-21,117832,1,2,0,61.0
10110028LUIZL_2025-11-21_G35,10110028LUIZL,2025-11-21,110895,1,11,0,415.0
10110028LUIZL_2025-11-21_G36,10110028LUIZL,2025-11-21,110733,1,5,0,1120.0
10110028LUIZL_2025-11-21_G37,10110028LUIZL,2025-11-21,110313,1,28,0,443.0
10110028LUIZL_2025-11-21_G38,10110028LUIZL,2025-11-21,117786,1,24,0,257.0
10110028LUIZL_2025-11-21_G39,10110028LUIZL,2025-11-21,117854,1,4,0,105.0
10110028LUIZL_2025-11-21_G40,10110028LUIZL,2025-11-21,109640,1,10,0,378.0
10110028LUIZL_2025-11-21_G41,10110028LUIZL,2025-11-21,109640,1,15,0,415.0
10110028LUIZL_2025-11-21_G42,10110028LUIZL,2025-11-21,116611,1,3,0,227.0
10110028LUIZL_2025-11-21_G43,10110028LUIZL,2025-11-21,141271,1,8,0,180.0
10110028LUIZL_2025-11-21_G44,10110028LUIZL,2025-11-21,141458,1,24,0,131.0
10110028LUIZL_2025-11-21_G45,10110028LUIZL,2025-11-21,118140,1,100,0,766.0
10110028LUIZL_2025-11-21_G46,10110028LUIZL,2025-11-21,141456,1,40,0,263.0
10110028LUIZL_2025-11-21_G48,10110028LUIZL,2025-11-21,140922,1,5,0,58.0
10110028LUIZL_2025-11-21_G49,10110028LUIZL,2025-11-21,110787,1,2,0,54.0
10110028LUIZL_2025-11-21_G50,10110028LUIZL,2025-11-21,111463,1,10,0,134.0
10110028LUIZL_2025-11-21_G51,10110028LUIZL,2025-11-21,111466,1,2,0,92.0
10110028LUIZL_2025-11-21_G52,10110028LUIZL,2025-11-21,118140,1,7,0,173.0
10110028LUIZL_2025-11-21_G53,10110028LUIZL,2025-11-21,117820,1,6,0,153.0
10110028LUIZL_2025-11-21_G54,10110028LUIZL,2025-11-21,117832,2,5,22,1401.0
10110028LUIZL_2025-11-21_G55,10110028LUIZL,2025-11-21,111430,1,2,0,92.0
10110028LUIZL_2025-11-21_G56,10110028LUIZL,2025-11-21,107892,1,2,0,123.0
10110028LUIZL_2025-11-21_G57,10110028LUIZL,2025-11-21,117856,1,4,0,107.0
10110028LUIZL_2025-11-21_G58,10110028LUIZL,2025-11-21,141202,1,8,0,241.0
10110028LUIZL_2025-11-21_G59,10110028LUIZL,2025-11-21,111466,1,8,0,2291.0
10110028LUIZL_2025-11-21_G60,10110028LUIZL,2025-11-21,111182,1,12,0,238.0
10110028LUIZL_2025-11-21_G61,10110028LUIZL,2025-11-21,111469,1,22,0,131.0
10110028LUIZL_2025-11-21_G62,10110028LUIZL,2025-11-21,111466,1,24,0,530.0
10110028LUIZL_2025-11-22_G02,10110028LUIZL,2025-11-22,117853,1,4,0,52.0
10110028LUIZL_2025-11-22_G03,10110028LUIZL,2025-11-22,141352,1,4,0,205.0
10110028LUIZL_2025-11-22_G04,10110028LUIZL,2025-11-22,117786,1,24,0,188.0
10110028LUIZL_2025-11-22_G05,10110028LUIZL,2025-11-22,118140,1,16,0,989.0
10110028LUIZL_2025-11-22_G06,10110028LUIZL,2025-11-22,140922,1,8,0,109.0
10110028LUIZL_2025-11-22_G07,10110028LUIZL,2025-11-22,160055,1,2,0,45.0
10110028LUIZL_2025-11-22_G08,10110028LUIZL,2025-11-22,110787,1,4,0,84.0
10110028LUIZL_2025-11-22_G09,10110028LUIZL,2025-11-22,108798,1,4,0,53.0
10110028LUIZL_2025-11-22_G10,10110028LUIZL,2025-11-22,111463,1,8,0,135.0
10110028LUIZL_2025-11-22_G11,10110028LUIZL,2025-11-22,108711,1,5,0,336.0
10110028LUIZL_2025-11-22_G12,10110028LUIZL,2025-11-22,141457,1,4,0,93.0
10110028LUIZL_2025-11-22_G13,10110028LUIZL,2025-11-22,117785,1,3,0,37.0
10110028LUIZL_2025-11-22_G14,10110028LUIZL,2025-11-22,117820,1,16,0,163.0
10110028LUIZL_2025-11-22_G15,10110028LUIZL,2025-11-22,110623,1,4,0,288.0
10110028LUIZL_2025-11-22_G16,10110028LUIZL,2025-11-22,118299,1,16,0,995.0
10110028LUIZL_2025-11-22_G17,10110028LUIZL,2025-11-22,117808,1,10,0,83.0
10110028LUIZL_2025-11-22_G18,10110028LUIZL,2025-11-22,111418,1,18,0,466.0
10110028LUIZL_2025-11-22_G19,10110028LUIZL,2025-11-22,111466,1,6,0,76.0
10110028LUIZL_2025-11-22_G20,10110028LUIZL,2025-11-22,117808,1,4,0,60.0
10110028LUIZL_2025-11-22_G21,10110028LUIZL,2025-11-22,118299,1,40,0,599.0
10110028LUIZL_2025-11-22_G22,10110028LUIZL,2025-11-22,118299,1,36,0,360.0
10110028LUIZL_2025-11-22_G23,10110028LUIZL,2025-11-22,110372,1,9,0,225.0
10110028LUIZL_2025-11-22_G24,10110028LUIZL,2025-11-22,117808,1,3,0,54.0
10110028LUIZL_2025-11-22_G25,10110028LUIZL,2025-11-22,110787,1,4,0,339.0
10110028LUIZL_2025-11-22_G26,10110028LUIZL,2025-11-22,110711,1,2,0,103.0
10110028LUIZL_2025-11-22_G27,10110028LUIZL,2025-11-22,110313,1,2,0,82.0
10110028LUIZL_2025-11-22_G28,10110028LUIZL,2025-11-22,111418,1,6,0,221.0
10110028LUIZL_2025-11-22_G29,10110028LUIZL,2025-11-22,117821,1,2,0,367.0
10110028LUIZL_2025-11-22_G30,10110028LUIZL,2025-11-22,117831,1,4,0,52.0
10110028LUIZL_2025-11-22_G31,10110028LUIZL,2025-11-22,141456,1,6,0,47.0
10110028LUIZL_2025-11-22_G32,10110028LUIZL,2025-11-22,141458,1,2,0,46.0
10110028LUIZL_2025-11-22_G33,10110028LUIZL,2025-11-22,117808,1,10,0,130.0
10110028LUIZL_2025-11-22_G34,10110028LUIZL,2025-11-22,111466,1,8,0,507.0
10110028LUIZL_2025-11-22_G35,10110028LUIZL,2025-11-22,117862,1,8,0,206.0
10110028LUIZL_2025-11-22_G36,10110028LUIZL,2025-11-22,118299,1,35,0,175.0
10110028LUIZL_2025-11-24_G02,10110028LUIZL,2025-11-24,110711,1,6,0,349.0
10110028LUIZL_2025-11-24_G03,10110028LUIZL,2025-11-24,111466,1,4,0,225.0
10110028LUIZL_2025-11-24_G04,10110028LUIZL,2025-11-24,117830,1,1,0,76.0
10110028LUIZL_2025-11-24_G05,10110028LUIZL,2025-11-24,110371,1,4,0,79.0
10110028LUIZL_2025-11-24_G06,10110028LUIZL,2025-11-24,118299,1,4,0,70.0
10110028LUIZL_2025-11-24_G07,10110028LUIZL,2025-11-24,117831,1,2,0,106.0
10110028LUIZL_2025-11-24_G08,10110028LUIZL,2025-11-24,141271,1,4,0,96.0
10110028LUIZL_2025-11-24_G09,10110028LUIZL,2025-11-24,110371,1,16,0,364.0
10110028LUIZL_2025-11-24_G10,10110028LUIZL,2025-11-24,"118299, 117830",2,18,28,378.0
10110028LUIZL_2025-11-24_G11,10110028LUIZL,2025-11-24,160051,1,2,0,107.0
10110028LUIZL_2025-11-24_G12,10110028LUIZL,2025-11-24,117832,1,13,0,130.0
10110028LUIZL_2025-11-24_G13,10110028LUIZL,2025-11-24,117831,1,4,0,466.0
10110028LUIZL_2025-11-24_G14,10110028LUIZL,2025-11-24,141823,1,11,0,104.0
10110028LUIZL_2025-11-24_G15,10110028LUIZL,2025-11-24,110747,1,2,0,105.0
10110028LUIZL_2025-11-24_G16,10110028LUIZL,2025-11-24,110339,1,2,0,85.0
10110028LUIZL_2025-11-24_G17,10110028LUIZL,2025-11-24,117855,1,2,0,123.0
10110028LUIZL_2025-11-24_G18,10110028LUIZL,2025-11-24,111569,1,12,0,607.0
10110028LUIZL_2025-11-24_G19,10110028LUIZL,2025-11-24,110371,1,6,0,622.0
10110028LUIZL_2025-11-24_G20,10110028LUIZL,2025-11-24,118299,1,4,0,56.0
10110028LUIZL_2025-11-24_G21,10110028LUIZL,2025-11-24,110372,1,7,0,55.0
10110028LUIZL_2025-11-24_G22,10110028LUIZL,2025-11-24,110373,1,12,0,103.0
10110028LUIZL_2025-11-24_G23,10110028LUIZL,2025-11-24,117808,1,7,0,59.0
10110028LUIZL_2025-11-24_G24,10110028LUIZL,2025-11-24,110740,1,4,0,90.0
10110028LUIZL_2025-11-24_G25,10110028LUIZL,2025-11-24,111469,1,4,0,70.0
10110028LUIZL_2025-11-24_G26,10110028LUIZL,2025-11-24,111569,1,9,0,175.0
10110028LUIZL_2025-11-24_G27,10110028LUIZL,2025-11-24,118222,1,3,0,824.0
10110028LUIZL_2025-11-24_G28,10110028LUIZL,2025-11-24,110371,1,7,0,888.0
10110028LUIZL_2025-11-24_G29,10110028LUIZL,2025-11-24,118299,1,6,0,133.0
10110028LUIZL_2025-11-24_G30,10110028LUIZL,2025-11-24,110372,1,5,0,56.0
10110028LUIZL_2025-11-24_G31,10110028LUIZL,2025-11-24,110373,1,7,0,81.0
10110028LUIZL_2025-11-24_G32,10110028LUIZL,2025-11-24,109643,1,6,0,87.0
10110028LUIZL_2025-11-24_G33,10110028LUIZL,2025-11-24,117808,1,8,0,334.0
10110028LUIZL_2025-11-24_G34,10110028LUIZL,2025-11-24,105705,1,3,0,119.0
10110028LUIZL_2025-11-24_G35,10110028LUIZL,2025-11-24,110740,1,2,0,76.0
10110028LUIZL_2025-11-24_G36,10110028LUIZL,2025-11-24,111469,1,6,0,102.0
10110028LUIZL_2025-11-24_G37,10110028LUIZL,2025-11-24,108711,1,4,0,89.0
10110028LUIZL_2025-11-24_G38,10110028LUIZL,2025-11-24,117855,1,2,0,56.0
10110028LUIZL_2025-11-24_G39,10110028LUIZL,2025-11-24,117855,1,8,0,157.0
10110028LUIZL_2025-11-24_G40,10110028LUIZL,2025-11-24,104534,1,1,0,537.0
10110028LUIZL_2025-11-24_G41,10110028LUIZL,2025-11-24,116611,1,1,0,72.0
10110028LUIZL_2025-11-24_G42,10110028LUIZL,2025-11-24,141035,1,9,0,102.0
10110028LUIZL_2025-11-24_G43,10110028LUIZL,2025-11-24,117965,1,3,0,98.0
10110028LUIZL_2025-11-24_G44,10110028LUIZL,2025-11-24,111353,1,2,0,81.0
10110028LUIZL_2025-11-24_G45,10110028LUIZL,2025-11-24,117855,1,20,0,140.0
10110028LUIZL_2025-11-24_G46,10110028LUIZL,2025-11-24,111530,1,78,0,974.0
10110028LUIZL_2025-11-24_G47,10110028LUIZL,2025-11-24,111602,1,85,0,1113.0
10110028LUIZL_2025-11-24_G48,10110028LUIZL,2025-11-24,110748,1,4,0,1052.0
10110028LUIZL_2025-11-24_G50,10110028LUIZL,2025-11-24,118317,1,10,0,209.0
10110028LUIZL_2025-11-24_G51,10110028LUIZL,2025-11-24,111172,1,12,0,103.0
10110028LUIZL_2025-11-24_G52,10110028LUIZL,2025-11-24,111743,1,3,0,97.0
10110028LUIZL_2025-11-24_G53,10110028LUIZL,2025-11-24,111743,1,22,0,114.0
10110028LUIZL_2025-11-24_G54,10110028LUIZL,2025-11-24,111743,1,25,0,445.0
10110028LUIZL_2025-11-24_G55,10110028LUIZL,2025-11-24,110740,1,11,0,234.0
10110028LUIZL_2025-11-24_G56,10110028LUIZL,2025-11-24,110740,1,9,0,52.0
10110028LUIZL_2025-11-24_G57,10110028LUIZL,2025-11-24,108711,1,20,0,211.0
10110028LUIZL_2025-11-24_G58,10110028LUIZL,2025-11-24,111466,1,41,0,408.0
10110028LUIZL_2025-11-24_G59,10110028LUIZL,2025-11-24,117821,1,20,0,326.0
10110028LUIZL_2025-11-24_G60,10110028LUIZL,2025-11-24,111532,1,88,0,246.0
10110028LUIZL_2025-11-24_G61,10110028LUIZL,2025-11-24,110372,1,1935,0,2881.0
10110028LUIZL_2025-11-24_G62,10110028LUIZL,2025-11-24,110740,1,4,0,1059.0
10110028LUIZL_2025-11-24_G63,10110028LUIZL,2025-11-24,110787,1,4,0,111.0
10110028LUIZL_2025-11-24_G64,10110028LUIZL,2025-11-24,111469,1,10,0,87.0
10110028LUIZL_2025-11-24_G65,10110028LUIZL,2025-11-24,111469,1,20,0,109.0
10110028LUIZL_2025-11-24_G66,10110028LUIZL,2025-11-24,108711,1,10,0,100.0
10110028LUIZL_2025-11-24_G67,10110028LUIZL,2025-11-24,141456,1,16,0,148.0
10110028LUIZL_2025-11-24_G68,10110028LUIZL,2025-11-24,110373,1,10,0,706.0
10110028LUIZL_2025-11-24_G69,10110028LUIZL,2025-11-24,117832,1,10,0,143.0
10110028LUIZL_2025-11-24_G70,10110028LUIZL,2025-11-24,118299,1,100,0,219.0
10110028LUIZL_2025-11-24_G71,10110028LUIZL,2025-11-24,110740,1,8,0,625.0
10110028LUIZL_2025-11-24_G72,10110028LUIZL,2025-11-24,110787,1,40,0,228.0
10110028LUIZL_2025-11-24_G73,10110028LUIZL,2025-11-24,117787,1,4,0,297.0
10110028LUIZL_2025-11-24_G74,10110028LUIZL,2025-11-24,117785,1,24,0,157.0
10110028LUIZL_2025-11-24_G75,10110028LUIZL,2025-11-24,111466,1,4,0,79.0
10110028LUIZL_2025-11-24_G76,10110028LUIZL,2025-11-24,111469,3,9,31,178.0
10110028LUIZL_2025-11-24_G77,10110028LUIZL,2025-11-24,111465,1,10,0,173.0
10110028LUIZL_2025-11-24_G78,10110028LUIZL,2025-11-24,111469,1,100,0,480.0
10110028LUIZL_2025-11-24_G79,10110028LUIZL,2025-11-24,117821,1,50,0,643.0
10110028LUIZL_2025-11-26_G02,10110028LUIZL,2025-11-26,111172,1,10,0,55.0
10110028LUIZL_2025-11-26_G03,10110028LUIZL,2025-11-26,111532,1,10,0,294.0
10110028LUIZL_2025-11-26_G04,10110028LUIZL,2025-11-26,109645,1,5,0,112.0
10110028LUIZL_2025-11-26_G05,10110028LUIZL,2025-11-26,111348,1,4,0,83.0
10110028LUIZL_2025-11-26_G06,10110028LUIZL,2025-11-26,111469,1,20,0,295.0
10110028LUIZL_2025-11-26_G07,10110028LUIZL,2025-11-26,111468,1,3,0,73.0
10110028LUIZL_2025-11-26_G08,10110028LUIZL,2025-11-26,117831,1,20,0,861.0
10110028LUIZL_2025-11-26_G09,10110028LUIZL,2025-11-26,111463,1,30,0,426.0
10110028LUIZL_2025-11-26_G10,10110028LUIZL,2025-11-26,117833,1,20,0,174.0
10110028LUIZL_2025-11-26_G11,10110028LUIZL,2025-11-26,111466,1,12,0,153.0
10110028LUIZL_2025-11-26_G12,10110028LUIZL,2025-11-26,111418,1,62,0,374.0
10110028LUIZL_2025-11-26_G13,10110028LUIZL,2025-11-26,117821,1,10,0,177.0
10110028LUIZL_2025-11-26_G14,10110028LUIZL,2025-11-26,117785,1,50,0,323.0
10110028LUIZL_2025-11-26_G15,10110028LUIZL,2025-11-26,111466,1,24,0,143.0
10110028LUIZL_2025-11-26_G17,10110028LUIZL,2025-11-26,117820,2,3,19,61.0
10110028LUIZL_2025-11-26_G18,10110028LUIZL,2025-11-26,117808,1,21,0,175.0
10110028LUIZL_2025-11-26_G19,10110028LUIZL,2025-11-26,110373,1,1,0,50.0
10110028LUIZL_2025-11-26_G20,10110028LUIZL,2025-11-26,118299,1,3,0,208.0
10110028LUIZL_2025-11-26_G21,10110028LUIZL,2025-11-26,110129,1,1,0,193.0
10110028LUIZL_2025-11-26_G22,10110028LUIZL,2025-11-26,118140,1,14,0,134.0
10110028LUIZL_2025-11-26_G23,10110028LUIZL,2025-11-26,117785,1,5,0,96.0
10110028LUIZL_2025-11-26_G24,10110028LUIZL,2025-11-26,140923,1,4,0,159.0
10110028LUIZL_2025-11-26_G25,10110028LUIZL,2025-11-26,118222,1,14,0,1251.0
10110028LUIZL_2025-11-26_G26,10110028LUIZL,2025-11-26,140956,1,8,0,900.0
10110028LUIZL_2025-11-26_G27,10110028LUIZL,2025-11-26,141249,1,4,0,46.0
10110028LUIZL_2025-11-26_G28,10110028LUIZL,2025-11-26,141286,1,4,0,207.0
10110028LUIZL_2025-11-26_G29,10110028LUIZL,2025-11-26,109976,1,1,0,162.0
10110028LUIZL_2025-11-26_G30,10110028LUIZL,2025-11-26,103149,1,1,0,58.0
10110028LUIZL_2025-11-26_G31,10110028LUIZL,2025-11-26,111832,1,2,0,38.0
10110028LUIZL_2025-11-26_G32,10110028LUIZL,2025-11-26,111356,1,2,0,73.0
10110028LUIZL_2025-11-26_G33,10110028LUIZL,2025-11-26,108031,1,2,0,75.0
10110028LUIZL_2025-11-26_G34,10110028LUIZL,2025-11-26,111861,1,2,0,81.0
10110028LUIZL_2025-11-26_G35,10110028LUIZL,2025-11-26,111851,1,4,0,452.0
10110028LUIZL_2025-11-26_G36,10110028LUIZL,2025-11-26,118222,1,19,0,540.0
10110028LUIZL_2025-11-26_G37,10110028LUIZL,2025-11-26,117797,1,3,0,777.0
10110028LUIZL_2025-11-26_G38,10110028LUIZL,2025-11-26,117855,1,62,0,489.0
10110028LUIZL_2025-11-27_G02,10110028LUIZL,2025-11-27,117785,1,20,0,156.0
10110028LUIZL_2025-11-27_G03,10110028LUIZL,2025-11-27,111418,1,20,0,629.0
10110028LUIZL_2025-11-27_G04,10110028LUIZL,2025-11-27,140922,1,4,0,493.0
10110028LUIZL_2025-11-27_G05,10110028LUIZL,2025-11-27,111463,1,2,0,79.0
10110028LUIZL_2025-11-27_G06,10110028LUIZL,2025-11-27,107236,1,1,0,90.0
10110028LUIZL_2025-11-27_G07,10110028LUIZL,2025-11-27,109641,1,2,0,31.0
10110028LUIZL_2025-11-27_G08,10110028LUIZL,2025-11-27,111467,1,2,0,134.0
10110028LUIZL_2025-11-27_G09,10110028LUIZL,2025-11-27,141457,1,6,0,173.0
10110028LUIZL_2025-11-27_G10,10110028LUIZL,2025-11-27,111532,1,1,0,36.0
10110028LUIZL_2025-11-27_G11,10110028LUIZL,2025-11-27,"111466, 117821",2,6,28,33.0
10110028LUIZL_2025-11-27_G12,10110028LUIZL,2025-11-27,141456,1,6,0,59.0
10110028LUIZL_2025-11-27_G13,10110028LUIZL,2025-11-27,111465,1,2,0,42.0
10110028LUIZL_2025-11-27_G14,10110028LUIZL,2025-11-27,117820,1,4,0,127.0
10110028LUIZL_2025-11-27_G15,10110028LUIZL,2025-11-27,117830,1,4,0,51.0
10110028LUIZL_2025-11-27_G16,10110028LUIZL,2025-11-27,110373,1,2,0,70.0
10110028LUIZL_2025-11-27_G17,10110028LUIZL,2025-11-27,117832,1,4,0,264.0
10110028LUIZL_2025-11-27_G18,10110028LUIZL,2025-11-27,111430,1,2,0,89.0
10110028LUIZL_2025-11-27_G19,10110028LUIZL,2025-11-27,111569,1,4,0,44.0
10110028LUIZL_2025-11-27_G20,10110028LUIZL,2025-11-27,111602,1,4,0,137.0
10110028LUIZL_2025-11-27_G21,10110028LUIZL,2025-11-27,111466,1,6,0,393.0
10110028LUIZL_2025-11-27_G22,10110028LUIZL,2025-11-27,110895,1,2,0,115.0
10110028LUIZL_2025-11-27_G23,10110028LUIZL,2025-11-27,111722,1,20,0,521.0
10110028LUIZL_2025-11-27_G24,10110028LUIZL,2025-11-27,118299,1,2,0,309.0
10110028LUIZL_2025-11-27_G25,10110028LUIZL,2025-11-27,117832,1,3,0,35.0
10110028LUIZL_2025-11-27_G26,10110028LUIZL,2025-11-27,111602,2,6,17,610.0
10110028LUIZL_2025-11-27_G27,10110028LUIZL,2025-11-27,110733,1,4,0,217.0
10110028LUIZL_2025-11-27_G28,10110028LUIZL,2025-11-27,117787,1,8,0,358.0
10110028LUIZL_2025-11-27_G29,10110028LUIZL,2025-11-27,110733,1,8,0,109.0
10110028LUIZL_2025-11-27_G30,10110028LUIZL,2025-11-27,105705,1,10,0,1542.0
10110028LUIZL_2025-11-27_G31,10110028LUIZL,2025-11-27,109645,1,18,0,491.0
10110028LUIZL_2025-11-27_G32,10110028LUIZL,2025-11-27,108795,1,10,0,89.0
10110028LUIZL_2025-11-27_G33,10110028LUIZL,2025-11-27,117838,1,16,0,269.0
10110028LUIZL_2025-11-27_G34,10110028LUIZL,2025-11-27,108711,1,10,0,131.0
10110028LUIZL_2025-11-27_G35,10110028LUIZL,2025-11-27,109641,1,9,0,199.0
10110028LUIZL_2025-11-27_G36,10110028LUIZL,2025-11-27,117833,1,30,0,393.0
10110028LUIZL_2025-11-27_G37,10110028LUIZL,2025-11-27,117785,1,200,0,654.0
10110028LUIZL_2025-11-27_G38,10110028LUIZL,2025-11-27,140922,1,20,0,187.0
10110028LUIZL_2025-11-27_G39,10110028LUIZL,2025-11-27,109647,1,4,0,751.0
10110028LUIZL_2025-11-27_G41,10110028LUIZL,2025-11-27,107236,1,8,0,116.0
10110028LUIZL_2025-11-27_G42,10110028LUIZL,2025-11-27,111530,1,20,0,260.0
10110028LUIZL_2025-11-27_G43,10110028LUIZL,2025-11-27,110711,1,4,0,272.0
10110028LUIZL_2025-11-27_G44,10110028LUIZL,2025-11-27,111530,1,29,0,314.0
10110028LUIZL_2025-11-27_G45,10110028LUIZL,2025-11-27,107236,1,12,0,184.0
10110028LUIZL_2025-11-27_G46,10110028LUIZL,2025-11-27,107236,1,2,0,83.0
10110028LUIZL_2025-11-27_G47,10110028LUIZL,2025-11-27,111530,1,40,0,638.0
10110028LUIZL_2025-11-27_G48,10110028LUIZL,2025-11-27,117855,1,8,0,402.0
10110028LUIZL_2025-11-27_G49,10110028LUIZL,2025-11-27,108711,1,10,0,595.0
10110028LUIZL_2025-11-27_G50,10110028LUIZL,2025-11-27,111465,1,9,0,137.0
10110028LUIZL_2025-11-27_G51,10110028LUIZL,2025-11-27,111437,1,2,0,100.0
10110028LUIZL_2025-11-27_G52,10110028LUIZL,2025-11-27,111441,1,4,0,119.0
10110028LUIZL_2025-11-27_G53,10110028LUIZL,2025-11-27,111439,1,8,0,229.0
10110028LUIZL_2025-11-27_G54,10110028LUIZL,2025-11-27,141047,1,12,0,118.0
10110028LUIZL_2025-11-27_G55,10110028LUIZL,2025-11-27,141202,1,8,0,210.0
10110028LUIZL_2025-11-27_G56,10110028LUIZL,2025-11-27,117785,1,140,0,488.0
10110028LUIZL_2025-11-27_G57,10110028LUIZL,2025-11-27,111469,1,200,0,881.0
10110028LUIZL_2025-11-27_G58,10110028LUIZL,2025-11-27,111463,1,100,0,322.0
10110028LUIZL_2025-11-27_G59,10110028LUIZL,2025-11-27,118140,1,20,0,2163.0
10110028LUIZL_2025-11-27_G60,10110028LUIZL,2025-11-27,105705,1,12,0,89.0
10110028LUIZL_2025-11-27_G61,10110028LUIZL,2025-11-27,110745,1,8,0,120.0
10110028LUIZL_2025-11-27_G62,10110028LUIZL,2025-11-27,117838,1,8,0,73.0
10110028LUIZL_2025-11-27_G63,10110028LUIZL,2025-11-27,110787,1,12,0,166.0
10110028LUIZL_2025-11-27_G64,10110028LUIZL,2025-11-27,111469,1,20,0,1095.0
10110028LUIZL_2025-11-27_G65,10110028LUIZL,2025-11-27,117785,1,48,0,394.0
10110028LUIZL_2025-11-27_G66,10110028LUIZL,2025-11-27,141458,1,12,0,150.0
10110028LUIZL_2025-11-27_G67,10110028LUIZL,2025-11-27,111743,1,60,0,644.0
10110028LUIZL_2025-11-27_G68,10110028LUIZL,2025-11-27,111348,1,43,0,292.0
10110028LUIZL_2025-11-27_G69,10110028LUIZL,2025-11-27,111418,1,40,0,938.0
10110028LUIZL_2025-11-28_G02,10110028LUIZL,2025-11-28,"107236, 111418",2,52,27,910.0
10110028LUIZL_2025-11-28_G03,10110028LUIZL,2025-11-28,118317,1,2,0,1454.0
10110028LUIZL_2025-11-28_G04,10110028LUIZL,2025-11-28,107892,1,2,0,98.0
10110028LUIZL_2025-11-28_G05,10110028LUIZL,2025-11-28,111438,1,26,0,253.0
10110028LUIZL_2025-11-28_G06,10110028LUIZL,2025-11-28,111602,1,14,0,1105.0
10110028LUIZL_2025-11-29_G02,10110028LUIZL,2025-11-29,117830,1,10,0,93.0
10110028LUIZL_2025-11-29_G03,10110028LUIZL,2025-11-29,117832,1,30,0,329.0
10110028LUIZL_2025-11-29_G04,10110028LUIZL,2025-11-29,110373,1,4,0,71.0
10110028LUIZL_2025-11-29_G05,10110028LUIZL,2025-11-29,110373,1,20,0,319.0
10110028LUIZL_2025-11-29_G06,10110028LUIZL,2025-11-29,111569,1,8,0,170.0
10110028LUIZL_2025-11-29_G07,10110028LUIZL,2025-11-29,111441,1,12,0,206.0
10110028LUIZL_2025-11-29_G08,10110028LUIZL,2025-11-29,110755,1,20,0,377.0
10110028LUIZL_2025-11-29_G09,10110028LUIZL,2025-11-29,117834,1,5,0,185.0
10110028LUIZL_2025-11-29_G10,10110028LUIZL,2025-11-29,117830,1,6,0,388.0
10110028LUIZL_2025-11-29_G11,10110028LUIZL,2025-11-29,110373,1,19,0,745.0
10110028LUIZL_2025-11-29_G12,10110028LUIZL,2025-11-29,111602,1,2,0,50.0
10110028LUIZL_2025-11-29_G13,10110028LUIZL,2025-11-29,111469,1,8,0,96.0
10110028LUIZL_2025-11-29_G14,10110028LUIZL,2025-11-29,117935,1,2,0,497.0
10110028LUIZL_2025-11-29_G15,10110028LUIZL,2025-11-29,110339,1,4,0,74.0
10110028LUIZL_2025-11-29_G16,10110028LUIZL,2025-11-29,117853,1,3,0,49.0
10110028LUIZL_2025-11-29_G17,10110028LUIZL,2025-11-29,117786,1,4,0,42.0
10110028LUIZL_2025-11-29_G18,10110028LUIZL,2025-11-29,117856,1,8,0,96.0
10110028LUIZL_2025-11-29_G19,10110028LUIZL,2025-11-29,117786,1,6,0,86.0
10110028LUIZL_2025-11-29_G20,10110028LUIZL,2025-11-29,117862,1,4,0,315.0
10110028LUIZL_2025-11-29_G21,10110028LUIZL,2025-11-29,111602,1,7,0,96.0
10110028LUIZL_2025-11-29_G22,10110028LUIZL,2025-11-29,118306,1,2,0,107.0
10110028LUIZL_2025-11-29_G23,10110028LUIZL,2025-11-29,111441,1,4,0,61.0
10110028LUIZL_2025-11-29_G24,10110028LUIZL,2025-11-29,111832,1,4,0,120.0
10110028LUIZL_2025-11-29_G25,10110028LUIZL,2025-11-29,110747,1,4,0,126.0
10110028LUIZL_2025-11-29_G26,10110028LUIZL,2025-11-29,118222,1,40,0,552.0
10110028LUIZL_2025-11-29_G27,10110028LUIZL,2025-11-29,117830,1,10,0,481.0
10110028LUIZL_2025-11-29_G28,10110028LUIZL,2025-11-29,117832,1,8,0,106.0
10110028LUIZL_2025-11-29_G29,10110028LUIZL,2025-11-29,110371,1,2,0,44.0
10110028LUIZL_2025-11-29_G30,10110028LUIZL,2025-11-29,110373,1,20,0,164.0
10110028LUIZL_2025-11-29_G31,10110028LUIZL,2025-11-29,117785,1,6,0,109.0
10110028LUIZL_2025-11-29_G32,10110028LUIZL,2025-11-29,111466,1,20,0,130.0
10110028LUIZL_2025-11-29_G33,10110028LUIZL,2025-11-29,117821,1,4,0,339.0
10110028LUIZL_2025-11-29_G34,10110028LUIZL,2025-11-29,141456,1,8,0,129.0
10110028LUIZL_2025-11-29_G35,10110028LUIZL,2025-11-29,110129,1,2,0,468.0
10110028LUIZL_2025-11-29_G36,10110028LUIZL,2025-11-29,118140,1,20,0,138.0
10110028LUIZL_2025-11-29_G37,10110028LUIZL,2025-11-29,110745,1,4,0,74.0
10110028LUIZL_2025-11-29_G38,10110028LUIZL,2025-11-29,115209,1,4,0,126.0
10110028LUIZL_2025-11-29_G39,10110028LUIZL,2025-11-29,111348,1,1,0,41.0
10110028LUIZL_2025-11-29_G40,10110028LUIZL,2025-11-29,108711,1,4,0,34.0
10110028LUIZL_2025-11-29_G41,10110028LUIZL,2025-11-29,110787,1,4,0,89.0
10110028LUIZL_2025-11-29_G42,10110028LUIZL,2025-11-29,111469,1,4,0,227.0
10110028LUIZL_2025-11-29_G43,10110028LUIZL,2025-11-29,111433,1,1,0,34.0
10110028LUIZL_2025-11-29_G44,10110028LUIZL,2025-11-29,110740,1,4,0,205.0
10110028LUIZL_2025-11-29_G45,10110028LUIZL,2025-11-29,111463,1,13,0,130.0
10110028LUIZL_2025-11-29_G46,10110028LUIZL,2025-11-29,117785,1,2,0,268.0
10110028LUIZL_2025-11-29_G47,10110028LUIZL,2025-11-29,111466,1,19,0,807.0
10110028LUIZL_2025-11-29_G48,10110028LUIZL,2025-11-29,141458,1,8,0,75.0
10110028LUIZL_2025-11-29_G49,10110028LUIZL,2025-11-29,117820,1,8,0,165.0
10110028LUIZL_2025-11-29_G50,10110028LUIZL,2025-11-29,117830,1,24,0,251.0
10110028LUIZL_2025-11-29_G51,10110028LUIZL,2025-11-29,110373,1,30,0,882.0
10110028LUIZL_2025-11-29_G52,10110028LUIZL,2025-11-29,110747,1,4,0,45.0
10110028LUIZL_2025-11-29_G54,10110028LUIZL,2025-11-29,110895,1,1,0,499.0
10110028LUIZL_2025-11-29_G55,10110028LUIZL,2025-11-29,110895,1,2,0,115.0
10110028LUIZL_2025-11-29_G56,10110028LUIZL,2025-11-29,111172,1,2,0,102.0
10110028LUIZL_2025-11-29_G57,10110028LUIZL,2025-11-29,111172,1,4,0,615.0
10110028LUIZL_2025-11-29_G58,10110028LUIZL,2025-11-29,117831,1,2,0,1189.0
10110028LUIZL_2025-11-29_G59,10110028LUIZL,2025-11-29,111602,1,8,0,758.0
10110028LUIZL_2025-11-29_G60,10110028LUIZL,2025-11-29,111418,1,4,0,78.0
10110028LUIZL_2025-11-29_G61,10110028LUIZL,2025-11-29,117820,1,20,0,371.0
10110028LUIZL_2025-11-29_G62,10110028LUIZL,2025-11-29,111530,1,4,0,247.0
10110028LUIZL_2025-11-29_G63,10110028LUIZL,2025-11-29,110711,1,2,0,79.0
10110028LUIZL_2025-11-29_G64,10110028LUIZL,2025-11-29,111172,1,1,0,129.0
10110028LUIZL_2025-11-29_G65,10110028LUIZL,2025-11-29,118299,1,14,0,308.0
10110028LUIZL_2025-11-29_G66,10110028LUIZL,2025-11-29,111530,1,4,0,1361.0
10110028LUIZL_2025-11-29_G67,10110028LUIZL,2025-11-29,110372,1,10,0,187.0
10110028LUIZL_2025-11-29_G68,10110028LUIZL,2025-11-29,117820,1,6,0,69.0
10110028LUIZL_2025-11-29_G69,10110028LUIZL,2025-11-29,117830,1,8,0,466.0
10110028LUIZL_2025-11-29_G70,10110028LUIZL,2025-11-29,110373,1,2,0,760.0
10110028LUIZL_2025-11-29_G71,10110028LUIZL,2025-11-29,141992,1,1,0,380.0
10110028LUIZL_2025-11-29_G72,10110028LUIZL,2025-11-29,111469,1,5,0,966.0
10110028LUIZL_2025-11-29_G73,10110028LUIZL,2025-11-29,110740,1,4,0,58.0
10110028LUIZL_2025-11-29_G74,10110028LUIZL,2025-11-29,117833,1,4,0,182.0
10110028LUIZL_2025-11-29_G75,10110028LUIZL,2025-11-29,117785,1,10,0,84.0
10110028LUIZL_2025-11-29_G76,10110028LUIZL,2025-11-29,140923,1,5,0,619.0
10110028LUIZL_2025-11-29_G77,10110028LUIZL,2025-11-29,110733,1,1,0,75.0
10110028LUIZL_2025-11-29_G78,10110028LUIZL,2025-11-29,117855,1,6,0,106.0
10110028LUIZL_2025-11-29_G79,10110028LUIZL,2025-11-29,110373,1,5,0,272.0
10110028LUIZL_2025-11-29_G80,10110028LUIZL,2025-11-29,111441,1,4,0,425.0
10110028LUIZL_2025-11-29_G81,10110028LUIZL,2025-11-29,116527,1,1,0,113.0
10110028LUIZL_2025-12-03_G02,10110028LUIZL,2025-12-03,105705,1,50,0,423.0
10110028LUIZL_2025-12-03_G03,10110028LUIZL,2025-12-03,141318,1,600,0,912.0
10110028LUIZL_2025-12-03_G04,10110028LUIZL,2025-12-03,117833,1,3,0,747.0
10110028LUIZL_2025-12-03_G05,10110028LUIZL,2025-12-03,110129,1,4,0,48.0
10110028LUIZL_2025-12-03_G06,10110028LUIZL,2025-12-03,111419,1,4,0,167.0
10110028LUIZL_2025-12-03_G07,10110028LUIZL,2025-12-03,105705,1,6,0,326.0
10110028LUIZL_2025-12-03_G08,10110028LUIZL,2025-12-03,111182,1,2,0,138.0
10110028LUIZL_2025-12-03_G09,10110028LUIZL,2025-12-03,141271,1,2,0,72.0
10110028LUIZL_2025-12-03_G10,10110028LUIZL,2025-12-03,111442,1,6,0,119.0
10110028LUIZL_2025-12-03_G11,10110028LUIZL,2025-12-03,111463,1,10,0,76.0
10110028LUIZL_2025-12-03_G12,10110028LUIZL,2025-12-03,141457,1,6,0,127.0
10110028LUIZL_2025-12-03_G13,10110028LUIZL,2025-12-03,111465,1,4,0,115.0
10110028LUIZL_2025-12-03_G14,10110028LUIZL,2025-12-03,117831,1,4,0,523.0
10110028LUIZL_2025-12-03_G15,10110028LUIZL,2025-12-03,110747,1,2,0,329.0
10110028LUIZL_2025-12-03_G16,10110028LUIZL,2025-12-03,110754,1,2,0,173.0
10110028LUIZL_2025-12-03_G17,10110028LUIZL,2025-12-03,117809,1,12,0,176.0
10110028LUIZL_2025-12-03_G18,10110028LUIZL,2025-12-03,109648,1,4,0,79.0
10110028LUIZL_2025-12-03_G19,10110028LUIZL,2025-12-03,110371,1,13,0,297.0
10110028LUIZL_2025-12-03_G20,10110028LUIZL,2025-12-03,110372,1,10,0,380.0
10110028LUIZL_2025-12-04_G02,10110028LUIZL,2025-12-04,118418,1,10,0,66.0
10110028LUIZL_2025-12-04_G03,10110028LUIZL,2025-12-04,118280,1,2,0,52.0
10110028LUIZL_2025-12-04_G04,10110028LUIZL,2025-12-04,140956,1,4,0,70.0
10110028LUIZL_2025-12-04_G05,10110028LUIZL,2025-12-04,111112,2,2,8,221.0
10110028LUIZL_2025-12-04_G06,10110028LUIZL,2025-12-04,141992,1,1,0,121.0
10110028LUIZL_2025-12-04_G07,10110028LUIZL,2025-12-04,117835,1,5,0,157.0
10110028LUIZL_2025-12-04_G08,10110028LUIZL,2025-12-04,111447,1,4,0,84.0
10110028LUIZL_2025-12-04_G09,10110028LUIZL,2025-12-04,107888,1,4,0,79.0
10110028LUIZL_2025-12-04_G10,10110028LUIZL,2025-12-04,118306,1,8,0,139.0
10110028LUIZL_2025-12-04_G11,10110028LUIZL,2025-12-04,111438,1,19,0,406.0
10110028LUIZL_2025-12-04_G12,10110028LUIZL,2025-12-04,111438,1,41,0,887.0
10110028LUIZL_2025-12-04_G13,10110028LUIZL,2025-12-04,111436,1,4,0,101.0
10110028LUIZL_2025-12-04_G14,10110028LUIZL,2025-12-04,118283,1,12,0,84.0
10110028LUIZL_2025-12-04_G15,10110028LUIZL,2025-12-04,110841,1,3,0,48.0
10110028LUIZL_2025-12-04_G16,10110028LUIZL,2025-12-04,110623,1,4,0,48.0
10110028LUIZL_2025-12-04_G17,10110028LUIZL,2025-12-04,110623,1,16,0,235.0
10110028LUIZL_2025-12-04_G18,10110028LUIZL,2025-12-04,108759,1,4,0,108.0
10110028LUIZL_2025-12-04_G19,10110028LUIZL,2025-12-04,111832,1,1,0,506.0
10110028LUIZL_2025-12-04_G20,10110028LUIZL,2025-12-04,111440,1,6,0,73.0
10110028LUIZL_2025-12-04_G21,10110028LUIZL,2025-12-04,117836,1,8,0,75.0
10110028LUIZL_2025-12-04_G22,10110028LUIZL,2025-12-04,110755,1,10,0,555.0
10110028LUIZL_2025-12-04_G23,10110028LUIZL,2025-12-04,110747,1,5,0,69.0
10110028LUIZL_2025-12-04_G24,10110028LUIZL,2025-12-04,141916,1,8,0,255.0
10110028LUIZL_2025-12-04_G25,10110028LUIZL,2025-12-04,118364,1,4,0,279.0
10110028LUIZL_2025-12-04_G26,10110028LUIZL,2025-12-04,100334,1,10,0,900.0
10110028LUIZL_2025-12-04_G27,10110028LUIZL,2025-12-04,110582,1,4,0,987.0
10110028LUIZL_2025-12-04_G28,10110028LUIZL,2025-12-04,111660,1,10,0,354.0
10110028LUIZL_2025-12-04_G29,10110028LUIZL,2025-12-04,117834,1,16,0,422.0
10110028LUIZL_2025-12-04_G30,10110028LUIZL,2025-12-04,110129,1,2,0,2015.0
10110028LUIZL_2025-12-04_G31,10110028LUIZL,2025-12-04,111469,1,1,0,31.0
10110028LUIZL_2025-12-04_G32,10110028LUIZL,2025-12-04,111462,2,13,29,65.0
10110028LUIZL_2025-12-04_G33,10110028LUIZL,2025-12-04,111462,1,5,0,44.0
10110028LUIZL_2025-12-04_G34,10110028LUIZL,2025-12-04,111462,1,10,0,93.0
10110028LUIZL_2025-12-04_G35,10110028LUIZL,2025-12-04,116241,1,6,0,163.0
10110028LUIZL_2025-12-04_G36,10110028LUIZL,2025-12-04,109641,1,2,0,67.0
10110028LUIZL_2025-12-04_G37,10110028LUIZL,2025-12-04,108711,1,5,0,71.0
10110028LUIZL_2025-12-04_G38,10110028LUIZL,2025-12-04,108711,1,3,0,32.0
10110028LUIZL_2025-12-04_G39,10110028LUIZL,2025-12-04,111435,1,2,0,66.0
10110028LUIZL_2025-12-04_G40,10110028LUIZL,2025-12-04,111418,1,3,0,150.0
10110028LUIZL_2025-12-04_G41,10110028LUIZL,2025-12-04,111418,1,10,0,93.0
10110028LUIZL_2025-12-04_G42,10110028LUIZL,2025-12-04,111418,1,10,0,253.0
10110028LUIZL_2025-12-04_G43,10110028LUIZL,2025-12-04,111418,1,20,0,88.0
10110028LUIZL_2025-12-04_G44,10110028LUIZL,2025-12-04,111463,1,27,0,173.0
10110028LUIZL_2025-12-04_G45,10110028LUIZL,2025-12-04,118223,1,2,0,205.0
10110028LUIZL_2025-12-04_G46,10110028LUIZL,2025-12-04,117831,1,10,0,88.0
10110028LUIZL_2025-12-04_G47,10110028LUIZL,2025-12-04,117831,1,6,0,41.0
10110028LUIZL_2025-12-04_G48,10110028LUIZL,2025-12-04,117785,1,10,0,155.0
10110028LUIZL_2025-12-04_G49,10110028LUIZL,2025-12-04,141457,1,4,0,91.0
10110028LUIZL_2025-12-05_G02,10110028LUIZL,2025-12-05,118140,1,8,0,56.0
10110028LUIZL_2025-12-05_G03,10110028LUIZL,2025-12-05,111602,1,12,0,157.0
10110028LUIZL_2025-12-05_G04,10110028LUIZL,2025-12-05,141202,1,4,0,87.0
10110028LUIZL_2025-12-05_G05,10110028LUIZL,2025-12-05,111740,1,6,0,307.0
10110028LUIZL_2025-12-05_G06,10110028LUIZL,2025-12-05,118191,1,24,0,357.0
10110028LUIZL_2025-12-05_G07,10110028LUIZL,2025-12-05,141262,1,6,0,71.0
10110028LUIZL_2025-12-05_G08,10110028LUIZL,2025-12-05,141261,1,16,0,109.0
10110028LUIZL_2025-12-05_G09,10110028LUIZL,2025-12-05,141141,1,6,0,278.0
10110028LUIZL_2025-12-05_G10,10110028LUIZL,2025-12-05,141140,1,6,0,223.0
10110028LUIZL_2025-12-05_G11,10110028LUIZL,2025-12-05,111759,1,4,0,186.0
10110028LUIZL_2025-12-05_G12,10110028LUIZL,2025-12-05,118418,1,4,0,679.0
10110028LUIZL_2025-12-05_G13,10110028LUIZL,2025-12-05,109645,1,6,0,1350.0
10110028LUIZL_2025-12-05_G14,10110028LUIZL,2025-12-05,111743,1,22,0,626.0
10110028LUIZL_2025-12-05_G15,10110028LUIZL,2025-12-05,111743,1,2,0,32.0
10110028LUIZL_2025-12-05_G16,10110028LUIZL,2025-12-05,140922,1,30,0,522.0
10110028LUIZL_2025-12-05_G17,10110028LUIZL,2025-12-05,108711,1,2,0,51.0
10110028LUIZL_2025-12-05_G18,10110028LUIZL,2025-12-05,110374,1,60,0,765.0
10110028LUIZL_2025-12-05_G19,10110028LUIZL,2025-12-05,110371,1,2,0,255.0
10110028LUIZL_2025-12-05_G20,10110028LUIZL,2025-12-05,110325,1,20,0,315.0
10110028LUIZL_2025-12-05_G21,10110028LUIZL,2025-12-05,110372,2,88,6,467.0
10110028LUIZL_2025-12-05_G22,10110028LUIZL,2025-12-05,117808,1,126,0,619.0
10110028LUIZL_2025-12-05_G24,10110028LUIZL,2025-12-05,107236,1,37,0,301.0
10110028LUIZL_2025-12-05_G25,10110028LUIZL,2025-12-05,110741,1,62,0,806.0
10110028LUIZL_2025-12-05_G26,10110028LUIZL,2025-12-05,110711,1,143,0,752.0
10110028LUIZL_2025-12-05_G27,10110028LUIZL,2025-12-05,117820,1,135,0,387.0
10110028LUIZL_2025-12-05_G28,10110028LUIZL,2025-12-05,117820,1,507,0,3080.0
10110028LUIZL_2025-12-05_G29,10110028LUIZL,2025-12-05,110372,1,398,0,3004.0
10110028LUIZL_2025-12-05_G30,10110028LUIZL,2025-12-05,118299,1,382,0,1249.0
10110028LUIZL_2025-12-05_G31,10110028LUIZL,2025-12-05,118222,1,316,0,2339.0
10110028LUIZL_2025-12-06_G02,10110028LUIZL,2025-12-06,117785,1,38,0,203.0
10110028LUIZL_2025-12-06_G03,10110028LUIZL,2025-12-06,111466,1,2,0,51.0
10110028LUIZL_2025-12-06_G04,10110028LUIZL,2025-12-06,111466,1,50,0,645.0
10110028LUIZL_2025-12-06_G05,10110028LUIZL,2025-12-06,141458,2,15,15,78.0
10110028LUIZL_2025-12-06_G06,10110028LUIZL,2025-12-06,109643,1,5,0,189.0
10110028LUIZL_2025-12-06_G07,10110028LUIZL,2025-12-06,117808,1,67,0,633.0
10110028LUIZL_2025-12-06_G08,10110028LUIZL,2025-12-06,141456,1,2,0,667.0
10110028LUIZL_2025-12-06_G09,10110028LUIZL,2025-12-06,111634,1,8,0,309.0
10110028LUIZL_2025-12-06_G10,10110028LUIZL,2025-12-06,118191,1,12,0,214.0
10110028LUIZL_2025-12-06_G11,10110028LUIZL,2025-12-06,141262,1,10,0,64.0
10110028LUIZL_2025-12-06_G12,10110028LUIZL,2025-12-06,141261,1,10,0,92.0
10110028LUIZL_2025-12-06_G13,10110028LUIZL,2025-12-06,141155,1,4,0,202.0
10110028LUIZL_2025-12-06_G14,10110028LUIZL,2025-12-06,111759,1,6,0,169.0
10110028LUIZL_2025-12-06_G15,10110028LUIZL,2025-12-06,141141,1,10,0,141.0
10110028LUIZL_2025-12-06_G16,10110028LUIZL,2025-12-06,141140,1,8,0,234.0
10110028LUIZL_2025-12-06_G17,10110028LUIZL,2025-12-06,111742,1,6,0,199.0
10110028LUIZL_2025-12-06_G18,10110028LUIZL,2025-12-06,111441,2,4,9,248.0
10110028LUIZL_2025-12-06_G19,10110028LUIZL,2025-12-06,110747,1,6,0,129.0
10110028LUIZL_2025-12-06_G20,10110028LUIZL,2025-12-06,118222,1,10,0,148.0
10110028LUIZL_2025-12-06_G21,10110028LUIZL,2025-12-06,117830,1,16,0,276.0
10110028LUIZL_2025-12-06_G22,10110028LUIZL,2025-12-06,110372,1,2,0,91.0
10110028LUIZL_2025-12-06_G23,10110028LUIZL,2025-12-06,110372,1,25,0,189.0
10110028LUIZL_2025-12-06_G24,10110028LUIZL,2025-12-06,141047,1,5,0,144.0
10110028LUIZL_2025-12-06_G25,10110028LUIZL,2025-12-06,117855,1,14,0,580.0
10110028LUIZL_2025-12-06_G26,10110028LUIZL,2025-12-06,111879,1,6,0,233.0
10110028LUIZL_2025-12-06_G27,10110028LUIZL,2025-12-06,111634,1,10,0,1054.0
10110028LUIZL_2025-12-06_G28,10110028LUIZL,2025-12-06,141261,1,16,0,132.0
10110028LUIZL_2025-12-06_G29,10110028LUIZL,2025-12-06,111742,1,8,0,150.0
10110028LUIZL_2025-12-06_G30,10110028LUIZL,2025-12-06,141141,1,6,0,303.0
10110028LUIZL_2025-12-06_G31,10110028LUIZL,2025-12-06,118140,1,4,0,1064.0
10110028LUIZL_2025-12-06_G32,10110028LUIZL,2025-12-06,111182,1,4,0,701.0
10110028LUIZL_2025-12-06_G33,10110028LUIZL,2025-12-06,110745,1,4,0,54.0
10110028LUIZL_2025-12-06_G34,10110028LUIZL,2025-12-06,111431,1,3,0,67.0
10110028LUIZL_2025-12-06_G35,10110028LUIZL,2025-12-06,111462,1,4,0,119.0
10110028LUIZL_2025-12-06_G36,10110028LUIZL,2025-12-06,117831,1,5,0,58.0
10110028LUIZL_2025-12-06_G37,10110028LUIZL,2025-12-06,117785,1,2,0,97.0
10110028LUIZL_2025-12-06_G38,10110028LUIZL,2025-12-06,117821,1,1,0,98.0
10110028LUIZL_2025-12-06_G39,10110028LUIZL,2025-12-06,110372,1,100,0,439.0
10110028LUIZL_2025-12-06_G40,10110028LUIZL,2025-12-06,141456,1,10,0,307.0
10110028LUIZL_2025-12-06_G41,10110028LUIZL,2025-12-06,140923,2,21,20,329.0
10110028LUIZL_2025-12-06_G42,10110028LUIZL,2025-12-06,110741,1,16,0,304.0
10110028LUIZL_2025-12-06_G43,10110028LUIZL,2025-12-06,118140,2,102,24,810.0
10110028LUIZL_2025-12-06_G44,10110028LUIZL,2025-12-06,105705,1,4,0,36.0
10110028LUIZL_2025-12-06_G45,10110028LUIZL,2025-12-06,140922,2,12,29,224.0
10110028LUIZL_2025-12-06_G46,10110028LUIZL,2025-12-06,111431,1,13,0,210.0
10110028LUIZL_2025-12-06_G47,10110028LUIZL,2025-12-06,111444,1,20,0,517.0
10110028LUIZL_2025-12-06_G48,10110028LUIZL,2025-12-06,117831,1,10,0,57.0
10110028LUIZL_2025-12-06_G49,10110028LUIZL,2025-12-06,110339,1,10,0,182.0
10110028LUIZL_2025-12-06_G50,10110028LUIZL,2025-12-06,117853,1,10,0,165.0
10110028LUIZL_2025-12-06_G51,10110028LUIZL,2025-12-06,111569,1,5,0,247.0
10110028LUIZL_2025-12-06_G52,10110028LUIZL,2025-12-06,160055,1,30,0,520.0
10110028LUIZL_2025-12-06_G53,10110028LUIZL,2025-12-06,118253,1,4,0,553.0
10110028LUIZL_2025-12-06_G54,10110028LUIZL,2025-12-06,111438,1,30,0,584.0
10110028LUIZL_2025-12-06_G55,10110028LUIZL,2025-12-06,111438,1,8,0,60.0
10110028LUIZL_2025-12-06_G56,10110028LUIZL,2025-12-06,117856,1,140,0,1187.0
10110028LUIZL_2025-12-06_G57,10110028LUIZL,2025-12-06,117837,1,42,0,842.0
10110028LUIZL_2025-12-06_G58,10110028LUIZL,2025-12-06,141823,1,120,0,2809.0
10110028LUIZL_2025-12-06_G59,10110028LUIZL,2025-12-06,141456,1,200,0,1659.0
10110028LUIZL_2025-12-06_G60,10110028LUIZL,2025-12-06,141458,1,100,0,557.0
10110028LUIZL_2025-12-06_G61,10110028LUIZL,2025-12-06,141457,1,250,0,588.0
10110028LUIZL_2025-12-08_G02,10110028LUIZL,2025-12-08,111182,1,8,0,193.0
10110028LUIZL_2025-12-08_G03,10110028LUIZL,2025-12-08,111182,1,4,0,104.0
10110028LUIZL_2025-12-08_G04,10110028LUIZL,2025-12-08,109640,1,12,0,211.0
10110028LUIZL_2025-12-08_G05,10110028LUIZL,2025-12-08,110374,1,4,0,301.0
10110028LUIZL_2025-12-08_G06,10110028LUIZL,2025-12-08,117808,1,5,0,232.0
10110028LUIZL_2025-12-08_G07,10110028LUIZL,2025-12-08,109643,1,4,0,141.0
10110028LUIZL_2025-12-08_G08,10110028LUIZL,2025-12-08,141457,1,1,0,146.0
10110028LUIZL_2025-12-08_G09,10110028LUIZL,2025-12-08,111418,1,8,0,159.0
10110028LUIZL_2025-12-08_G10,10110028LUIZL,2025-12-08,111443,1,2,0,89.0
10110028LUIZL_2025-12-08_G11,10110028LUIZL,2025-12-08,111569,1,4,0,136.0
10110028LUIZL_2025-12-08_G12,10110028LUIZL,2025-12-08,140923,1,4,0,108.0
10110028LUIZL_2025-12-08_G13,10110028LUIZL,2025-12-08,118418,1,6,0,144.0
10110028LUIZL_2025-12-08_G14,10110028LUIZL,2025-12-08,111172,1,6,0,183.0
10110028LUIZL_2025-12-08_G15,10110028LUIZL,2025-12-08,108794,1,8,0,566.0
10110028LUIZL_2025-12-08_G16,10110028LUIZL,2025-12-08,117808,1,10,0,102.0
10110028LUIZL_2025-12-08_G17,10110028LUIZL,2025-12-08,110372,1,10,0,106.0
10110028LUIZL_2025-12-08_G18,10110028LUIZL,2025-12-08,141456,1,4,0,97.0
10110028LUIZL_2025-12-08_G19,10110028LUIZL,2025-12-08,110751,1,4,0,65.0
10110028LUIZL_2025-12-08_G20,10110028LUIZL,2025-12-08,108711,1,1,0,70.0
10110028LUIZL_2025-12-08_G21,10110028LUIZL,2025-12-08,141457,1,4,0,72.0
10110028LUIZL_2025-12-08_G22,10110028LUIZL,2025-12-08,117842,1,2,0,102.0
10110028LUIZL_2025-12-08_G23,10110028LUIZL,2025-12-08,111469,1,4,0,65.0
10110028LUIZL_2025-12-08_G24,10110028LUIZL,2025-12-08,109640,1,2,0,84.0
10110028LUIZL_2025-12-08_G25,10110028LUIZL,2025-12-08,140923,1,12,0,316.0
10110028LUIZL_2025-12-08_G26,10110028LUIZL,2025-12-08,110372,1,2,0,432.0
10110028LUIZL_2025-12-08_G27,10110028LUIZL,2025-12-08,111172,1,2,0,195.0
10110028LUIZL_2025-12-08_G28,10110028LUIZL,2025-12-08,141456,1,8,0,90.0
10110028LUIZL_2025-12-08_G29,10110028LUIZL,2025-12-08,141457,1,8,0,92.0
10110028LUIZL_2025-12-08_G30,10110028LUIZL,2025-12-08,110376,1,4,0,326.0
10110028LUIZL_2025-12-08_G31,10110028LUIZL,2025-12-08,109643,1,4,0,85.0
10110028LUIZL_2025-12-08_G32,10110028LUIZL,2025-12-08,141066,1,4,0,91.0
10110028LUIZL_2025-12-08_G33,10110028LUIZL,2025-12-08,110740,1,1,0,175.0
10110028LUIZL_2025-12-08_G34,10110028LUIZL,2025-12-08,111443,1,6,0,226.0
10110028LUIZL_2025-12-08_G36,10110028LUIZL,2025-12-08,108711,1,1,0,47.0
10110028LUIZL_2025-12-08_G37,10110028LUIZL,2025-12-08,111532,1,140,0,990.0
10110028LUIZL_2025-12-08_G38,10110028LUIZL,2025-12-08,141457,1,8,0,189.0
10110028LUIZL_2025-12-08_G39,10110028LUIZL,2025-12-08,141048,1,2,0,128.0
10110028LUIZL_2025-12-08_G40,10110028LUIZL,2025-12-08,110743,1,7,0,57.0
10110028LUIZL_2025-12-08_G41,10110028LUIZL,2025-12-08,111469,1,12,0,118.0
10110028LUIZL_2025-12-08_G42,10110028LUIZL,2025-12-08,107236,1,5,0,82.0
10110028LUIZL_2025-12-08_G43,10110028LUIZL,2025-12-08,111466,1,178,0,916.0
10110028LUIZL_2025-12-08_G44,10110028LUIZL,2025-12-08,109641,1,12,0,897.0
10110028LUIZL_2025-12-08_G45,10110028LUIZL,2025-12-08,111469,1,50,0,297.0
10110028LUIZL_2025-12-08_G46,10110028LUIZL,2025-12-08,111463,1,200,0,412.0
10110028LUIZL_2025-12-09_G02,10110028LUIZL,2025-12-09,141823,1,10,0,59.0
10110028LUIZL_2025-12-09_G03,10110028LUIZL,2025-12-09,118140,1,20,0,98.0
10110028LUIZL_2025-12-09_G04,10110028LUIZL,2025-12-09,110751,1,10,0,137.0
10110028LUIZL_2025-12-09_G05,10110028LUIZL,2025-12-09,111468,1,25,0,821.0
10110028LUIZL_2025-12-09_G06,10110028LUIZL,2025-12-09,140922,1,30,0,193.0
10110028LUIZL_2025-12-09_G07,10110028LUIZL,2025-12-09,108711,1,10,0,97.0
10110028LUIZL_2025-12-09_G08,10110028LUIZL,2025-12-09,108794,1,20,0,263.0
10110028LUIZL_2025-12-09_G09,10110028LUIZL,2025-12-09,141457,1,30,0,116.0
10110028LUIZL_2025-12-09_G10,10110028LUIZL,2025-12-09,109641,1,15,0,197.0
10110028LUIZL_2025-12-09_G11,10110028LUIZL,2025-12-09,111418,1,50,0,853.0
10110028LUIZL_2025-12-09_G12,10110028LUIZL,2025-12-09,141458,1,20,0,202.0
10110028LUIZL_2025-12-09_G13,10110028LUIZL,2025-12-09,117785,1,70,0,387.0
10110028LUIZL_2025-12-09_G14,10110028LUIZL,2025-12-09,111463,1,30,0,313.0
10110028LUIZL_2025-12-09_G15,10110028LUIZL,2025-12-09,117862,1,20,0,254.0
10110028LUIZL_2025-12-09_G16,10110028LUIZL,2025-12-09,110711,1,10,0,106.0
10110028LUIZL_2025-12-09_G17,10110028LUIZL,2025-12-09,117808,1,13,0,111.0
10110028LUIZL_2025-12-09_G18,10110028LUIZL,2025-12-09,110325,1,10,0,161.0
10110028LUIZL_2025-12-09_G19,10110028LUIZL,2025-12-09,110895,1,25,0,749.0
10110028LUIZL_2025-12-09_G20,10110028LUIZL,2025-12-09,108759,1,8,0,138.0
10110028LUIZL_2025-12-09_G21,10110028LUIZL,2025-12-09,118306,1,8,0,231.0
10110028LUIZL_2025-12-09_G22,10110028LUIZL,2025-12-09,118222,1,12,0,262.0
10110028LUIZL_2025-12-10_G02,10110028LUIZL,2025-12-10,111462,1,27,0,175.0
10110028LUIZL_2025-12-10_G03,10110028LUIZL,2025-12-10,111463,1,24,0,164.0
10110028LUIZL_2025-12-10_G04,10110028LUIZL,2025-12-10,110740,1,8,0,178.0
10110028LUIZL_2025-12-10_G05,10110028LUIZL,2025-12-10,117821,1,13,0,589.0
10110028LUIZL_2025-12-10_G06,10110028LUIZL,2025-12-10,141458,1,6,0,86.0
10110028LUIZL_2025-12-10_G07,10110028LUIZL,2025-12-10,117808,1,500,0,1095.0
10110028LUIZL_2025-12-10_G08,10110028LUIZL,2025-12-10,140922,1,6,0,601.0
10110028LUIZL_2025-12-10_G09,10110028LUIZL,2025-12-10,110740,1,6,0,289.0
10110028LUIZL_2025-12-10_G10,10110028LUIZL,2025-12-10,141456,1,4,0,104.0
10110028LUIZL_2025-12-10_G11,10110028LUIZL,2025-12-10,140922,1,4,0,62.0
10110028LUIZL_2025-12-10_G12,10110028LUIZL,2025-12-10,108711,1,2,0,41.0
10110028LUIZL_2025-12-10_G13,10110028LUIZL,2025-12-10,141457,1,4,0,64.0
10110028LUIZL_2025-12-10_G14,10110028LUIZL,2025-12-10,140923,1,3,0,110.0
10110028LUIZL_2025-12-10_G15,10110028LUIZL,2025-12-10,117862,1,2,0,90.0
10110028LUIZL_2025-12-10_G16,10110028LUIZL,2025-12-10,109640,1,1,0,61.0
10110028LUIZL_2025-12-10_G17,10110028LUIZL,2025-12-10,117808,1,10,0,191.0
10110028LUIZL_2025-12-10_G18,10110028LUIZL,2025-12-10,117832,1,2,0,94.0
10110028LUIZL_2025-12-10_G19,10110028LUIZL,2025-12-10,108798,1,8,0,397.0
10110028LUIZL_2025-12-10_G20,10110028LUIZL,2025-12-10,117808,1,29,0,255.0
10110028LUIZL_2025-12-10_G21,10110028LUIZL,2025-12-10,110371,1,2,0,81.0
10110028LUIZL_2025-12-10_G22,10110028LUIZL,2025-12-10,118299,1,39,0,296.0
10110028LUIZL_2025-12-10_G23,10110028LUIZL,2025-12-10,111418,1,13,0,363.0
10110028LUIZL_2025-12-10_G24,10110028LUIZL,2025-12-10,117785,1,22,0,439.0
10110028LUIZL_2025-12-10_G25,10110028LUIZL,2025-12-10,110372,1,20,0,168.0
10110028LUIZL_2025-12-10_G26,10110028LUIZL,2025-12-10,111468,1,4,0,120.0
10110028LUIZL_2025-12-10_G27,10110028LUIZL,2025-12-10,108794,1,6,0,99.0
10110028LUIZL_2025-12-10_G28,10110028LUIZL,2025-12-10,110376,1,4,0,57.0
10110028LUIZL_2025-12-10_G29,10110028LUIZL,2025-12-10,110373,1,14,0,134.0
10110028LUIZL_2025-12-10_G30,10110028LUIZL,2025-12-10,110733,1,4,0,211.0
10110028LUIZL_2025-12-10_G31,10110028LUIZL,2025-12-10,118140,1,8,0,193.0
10110028LUIZL_2025-12-10_G32,10110028LUIZL,2025-12-10,117808,1,30,0,1338.0
10110028LUIZL_2025-12-10_G33,10110028LUIZL,2025-12-10,110371,1,2,0,99.0
10110028LUIZL_2025-12-10_G34,10110028LUIZL,2025-12-10,110372,1,15,0,132.0
10110028LUIZL_2025-12-10_G35,10110028LUIZL,2025-12-10,118299,1,29,0,320.0
10110028LUIZL_2025-12-10_G36,10110028LUIZL,2025-12-10,117785,1,16,0,191.0
10110028LUIZL_2025-12-10_G37,10110028LUIZL,2025-12-10,140923,1,2,0,418.0
10110028LUIZL_2025-12-10_G38,10110028LUIZL,2025-12-10,111602,1,4,0,204.0
10110028LUIZL_2025-12-10_G39,10110028LUIZL,2025-12-10,117856,1,4,0,69.0
10110028LUIZL_2025-12-10_G40,10110028LUIZL,2025-12-10,141047,1,2,0,60.0
10110028LUIZL_2025-12-10_G41,10110028LUIZL,2025-12-10,117855,1,4,0,65.0
10110028LUIZL_2025-12-10_G42,10110028LUIZL,2025-12-10,110373,1,8,0,116.0
10110028LUIZL_2025-12-10_G43,10110028LUIZL,2025-12-10,118140,1,2,0,85.0
10110028LUIZL_2025-12-10_G44,10110028LUIZL,2025-12-10,111348,1,3,0,812.0
10110028LUIZL_2025-12-10_G45,10110028LUIZL,2025-12-10,110745,1,4,0,148.0
10110028LUIZL_2025-12-10_G46,10110028LUIZL,2025-12-10,109641,1,3,0,96.0
10110028LUIZL_2025-12-10_G47,10110028LUIZL,2025-12-10,108795,1,4,0,146.0
10110028LUIZL_2025-12-10_G49,10110028LUIZL,2025-12-10,140922,1,2,0,54.0
10110028LUIZL_2025-12-10_G50,10110028LUIZL,2025-12-10,110740,1,4,0,105.0
10110028LUIZL_2025-12-10_G51,10110028LUIZL,2025-12-10,117821,1,2,0,61.0
10110028LUIZL_2025-12-10_G52,10110028LUIZL,2025-12-10,140923,1,4,0,116.0
10110028LUIZL_2025-12-10_G53,10110028LUIZL,2025-12-10,117856,1,2,0,70.0
10110028LUIZL_2025-12-10_G54,10110028LUIZL,2025-12-10,111530,1,4,0,442.0
10110028LUIZL_2025-12-10_G55,10110028LUIZL,2025-12-10,117862,1,2,0,78.0
10110028LUIZL_2025-12-10_G56,10110028LUIZL,2025-12-10,111438,1,4,0,107.0
10110028LUIZL_2025-12-10_G57,10110028LUIZL,2025-12-10,111569,1,2,0,42.0
10110028LUIZL_2025-12-10_G58,10110028LUIZL,2025-12-10,110747,1,1,0,101.0
10110028LUIZL_2025-12-10_G59,10110028LUIZL,2025-12-10,117809,1,2,0,207.0
10110028LUIZL_2025-12-10_G60,10110028LUIZL,2025-12-10,117832,1,2,0,86.0
10110028LUIZL_2025-12-10_G61,10110028LUIZL,2025-12-10,117808,1,16,0,271.0
10110028LUIZL_2025-12-10_G62,10110028LUIZL,2025-12-10,117832,1,4,0,75.0
10110028LUIZL_2025-12-10_G63,10110028LUIZL,2025-12-10,118299,1,11,0,145.0
10110028LUIZL_2025-12-10_G64,10110028LUIZL,2025-12-10,110895,1,1,0,105.0
10110028LUIZL_2025-12-10_G65,10110028LUIZL,2025-12-10,118222,1,3,0,92.0
10110028LUIZL_2025-12-10_G66,10110028LUIZL,2025-12-10,141916,1,2,0,141.0
10110028LUIZL_2025-12-10_G67,10110028LUIZL,2025-12-10,117855,1,4,0,81.0
10110028LUIZL_2025-12-10_G68,10110028LUIZL,2025-12-10,111743,1,20,0,1401.0
10110028LUIZL_2025-12-10_G69,10110028LUIZL,2025-12-10,111444,1,14,0,171.0
10110028LUIZL_2025-12-10_G70,10110028LUIZL,2025-12-10,116241,1,20,0,400.0
10110028LUIZL_2025-12-10_G71,10110028LUIZL,2025-12-10,111468,1,32,0,197.0
10110028LUIZL_2025-12-10_G72,10110028LUIZL,2025-12-10,111469,1,20,0,1172.0
10110028LUIZL_2025-12-10_G73,10110028LUIZL,2025-12-10,110030,1,2,0,157.0
10110028LUIZL_2025-12-10_G74,10110028LUIZL,2025-12-10,118222,1,80,0,637.0
10110028LUIZL_2025-12-10_G75,10110028LUIZL,2025-12-10,110374,1,230,0,1985.0
10110028LUIZL_2025-12-10_G76,10110028LUIZL,2025-12-10,109647,1,49,0,545.0
10110028LUIZL_2025-12-10_G77,10110028LUIZL,2025-12-10,117853,1,41,0,871.0
10110028LUIZL_2025-12-11_G02,10110028LUIZL,2025-12-11,141457,1,28,0,180.0
10110028LUIZL_2025-12-11_G03,10110028LUIZL,2025-12-11,109641,1,2,0,38.0
10110028LUIZL_2025-12-11_G04,10110028LUIZL,2025-12-11,111433,1,3,0,55.0
10110028LUIZL_2025-12-11_G05,10110028LUIZL,2025-12-11,105705,1,9,0,118.0
10110028LUIZL_2025-12-11_G06,10110028LUIZL,2025-12-11,111462,1,12,0,111.0
10110028LUIZL_2025-12-11_G07,10110028LUIZL,2025-12-11,111466,1,6,0,232.0
10110028LUIZL_2025-12-11_G08,10110028LUIZL,2025-12-11,117821,1,3,0,63.0
10110028LUIZL_2025-12-11_G09,10110028LUIZL,2025-12-11,117832,1,11,0,216.0
10110028LUIZL_2025-12-11_G10,10110028LUIZL,2025-12-11,111469,1,46,0,1247.0
10110028LUIZL_2025-12-11_G11,10110028LUIZL,2025-12-11,117785,1,39,0,490.0
10110028LUIZL_2025-12-11_G13,10110028LUIZL,2025-12-11,141457,1,4,0,34.0
10110028LUIZL_2025-12-11_G14,10110028LUIZL,2025-12-11,111418,1,2,0,106.0
10110028LUIZL_2025-12-11_G15,10110028LUIZL,2025-12-11,111463,1,4,0,45.0
10110028LUIZL_2025-12-11_G16,10110028LUIZL,2025-12-11,117831,1,9,0,107.0
10110028LUIZL_2025-12-11_G17,10110028LUIZL,2025-12-11,110740,1,4,0,95.0
10110028LUIZL_2025-12-11_G18,10110028LUIZL,2025-12-11,117785,1,8,0,89.0
10110028LUIZL_2025-12-11_G19,10110028LUIZL,2025-12-11,"111466, 117821",2,8,27,86.0
10110028LUIZL_2025-12-11_G20,10110028LUIZL,2025-12-11,141458,1,3,0,76.0
10110028LUIZL_2025-12-11_G21,10110028LUIZL,2025-12-11,118094,1,3,0,147.0
10110028LUIZL_2025-12-11_G22,10110028LUIZL,2025-12-11,111602,1,5,0,76.0
10110028LUIZL_2025-12-11_G23,10110028LUIZL,2025-12-11,117853,1,4,0,73.0
10110028LUIZL_2025-12-11_G24,10110028LUIZL,2025-12-11,110374,1,4,0,79.0
10110028LUIZL_2025-12-11_G25,10110028LUIZL,2025-12-11,117808,1,18,0,171.0
10110028LUIZL_2025-12-11_G26,10110028LUIZL,2025-12-11,110895,1,2,0,95.0
10110028LUIZL_2025-12-11_G27,10110028LUIZL,2025-12-11,111569,1,2,0,151.0
10110028LUIZL_2025-12-11_G28,10110028LUIZL,2025-12-11,118317,1,4,0,181.0
10110028LUIZL_2025-12-11_G29,10110028LUIZL,2025-12-11,141823,1,10,0,63.0
10110028LUIZL_2025-12-11_G30,10110028LUIZL,2025-12-11,141456,1,8,0,69.0
10110028LUIZL_2025-12-11_G31,10110028LUIZL,2025-12-11,140922,1,7,0,59.0
10110028LUIZL_2025-12-11_G32,10110028LUIZL,2025-12-11,116241,1,15,0,264.0
10110028LUIZL_2025-12-11_G33,10110028LUIZL,2025-12-11,141457,1,15,0,392.0
10110028LUIZL_2025-12-11_G34,10110028LUIZL,2025-12-11,109641,1,14,0,624.0
10110028LUIZL_2025-12-11_G35,10110028LUIZL,2025-12-11,117841,1,4,0,666.0
10110028LUIZL_2025-12-11_G36,10110028LUIZL,2025-12-11,111463,1,3,0,94.0
10110028LUIZL_2025-12-11_G37,10110028LUIZL,2025-12-11,117831,1,5,0,92.0
10110028LUIZL_2025-12-11_G38,10110028LUIZL,2025-12-11,110740,1,6,0,83.0
10110028LUIZL_2025-12-11_G39,10110028LUIZL,2025-12-11,141458,1,6,0,97.0
10110028LUIZL_2025-12-11_G40,10110028LUIZL,2025-12-11,111465,1,1,0,36.0
10110028LUIZL_2025-12-11_G41,10110028LUIZL,2025-12-11,111530,1,40,0,974.0
10110028LUIZL_2025-12-11_G42,10110028LUIZL,2025-12-11,110711,1,2,0,112.0
10110028LUIZL_2025-12-11_G43,10110028LUIZL,2025-12-11,108772,1,12,0,241.0
10110028LUIZL_2025-12-11_G45,10110028LUIZL,2025-12-11,141823,1,4,0,119.0
10110028LUIZL_2025-12-11_G46,10110028LUIZL,2025-12-11,141823,1,2,0,34.0
10110028LUIZL_2025-12-11_G47,10110028LUIZL,2025-12-11,111463,1,2,0,71.0
10110028LUIZL_2025-12-11_G48,10110028LUIZL,2025-12-11,117785,1,4,0,73.0
10110028LUIZL_2025-12-11_G49,10110028LUIZL,2025-12-11,111443,1,2,0,61.0
10110028LUIZL_2025-12-11_G50,10110028LUIZL,2025-12-11,111466,2,10,30,35.0
10110028LUIZL_2025-12-11_G51,10110028LUIZL,2025-12-11,117821,1,4,0,34.0
10110028LUIZL_2025-12-11_G52,10110028LUIZL,2025-12-11,111465,1,2,0,61.0
10110028LUIZL_2025-12-11_G53,10110028LUIZL,2025-12-11,110895,1,6,0,157.0
10110028LUIZL_2025-12-11_G54,10110028LUIZL,2025-12-11,118222,2,9,9,310.0
10110028LUIZL_2025-12-11_G55,10110028LUIZL,2025-12-11,110372,1,22,0,330.0
10110028LUIZL_2025-12-11_G56,10110028LUIZL,2025-12-11,100334,1,2,0,77.0
10110028LUIZL_2025-12-11_G57,10110028LUIZL,2025-12-11,110747,1,2,0,92.0
10110028LUIZL_2025-12-11_G58,10110028LUIZL,2025-12-11,118317,1,2,0,200.0
10110028LUIZL_2025-12-11_G59,10110028LUIZL,2025-12-11,111172,1,3,0,67.0
10110028LUIZL_2025-12-11_G60,10110028LUIZL,2025-12-11,141823,1,4,0,116.0
10110028LUIZL_2025-12-11_G61,10110028LUIZL,2025-12-11,118140,1,7,0,182.0
10110028LUIZL_2025-12-11_G62,10110028LUIZL,2025-12-11,111463,1,8,0,80.0
10110028LUIZL_2025-12-11_G63,10110028LUIZL,2025-12-11,117785,1,2,0,68.0
10110028LUIZL_2025-12-11_G64,10110028LUIZL,2025-12-11,111466,1,4,0,143.0
10110028LUIZL_2025-12-11_G65,10110028LUIZL,2025-12-11,117808,1,8,0,142.0
10110028LUIZL_2025-12-11_G66,10110028LUIZL,2025-12-11,110371,1,4,0,88.0
10110028LUIZL_2025-12-11_G67,10110028LUIZL,2025-12-11,110372,1,6,0,123.0
10110028LUIZL_2025-12-11_G68,10110028LUIZL,2025-12-11,110895,1,4,0,166.0
10110028LUIZL_2025-12-11_G69,10110028LUIZL,2025-12-11,118222,1,3,0,118.0
10110028LUIZL_2025-12-11_G70,10110028LUIZL,2025-12-11,118253,1,4,0,192.0
10110028LUIZL_2025-12-11_G71,10110028LUIZL,2025-12-11,100334,1,2,0,98.0
10110028LUIZL_2025-12-11_G72,10110028LUIZL,2025-12-11,140923,1,5,0,241.0
10110028LUIZL_2025-12-11_G73,10110028LUIZL,2025-12-11,111602,1,3,0,54.0
10110028LUIZL_2025-12-11_G74,10110028LUIZL,2025-12-11,110711,1,4,0,85.0
10110028LUIZL_2025-12-11_G75,10110028LUIZL,2025-12-11,110372,1,8,0,310.0
10110028LUIZL_2025-12-11_G76,10110028LUIZL,2025-12-11,117808,1,14,0,132.0
10110028LUIZL_2025-12-11_G77,10110028LUIZL,2025-12-11,110371,1,6,0,93.0
10110028LUIZL_2025-12-11_G78,10110028LUIZL,2025-12-11,117821,1,2,0,177.0
10110028LUIZL_2025-12-11_G79,10110028LUIZL,2025-12-11,118140,1,12,0,166.0
10110028LUIZL_2025-12-11_G80,10110028LUIZL,2025-12-11,117785,1,4,0,124.0
10110028LUIZL_2025-12-11_G81,10110028LUIZL,2025-12-11,110711,1,8,0,230.0
10110028LUIZL_2025-12-11_G82,10110028LUIZL,2025-12-11,117855,1,6,0,266.0
10110028LUIZL_2025-12-11_G83,10110028LUIZL,2025-12-11,110339,1,2,0,94.0
10110028LUIZL_2025-12-11_G84,10110028LUIZL,2025-12-11,117856,1,6,0,65.0
10110028LUIZL_2025-12-11_G85,10110028LUIZL,2025-12-11,100334,1,1,0,78.0
10110028LUIZL_2025-12-11_G86,10110028LUIZL,2025-12-11,118222,1,2,0,352.0
10110028LUIZL_2025-12-12_G02,10110028LUIZL,2025-12-12,111465,1,2,0,119.0
10110028LUIZL_2025-12-12_G03,10110028LUIZL,2025-12-12,111463,1,2,0,699.0
10110028LUIZL_2025-12-12_G04,10110028LUIZL,2025-12-12,110711,1,2,0,287.0
10110028LUIZL_2025-12-12_G05,10110028LUIZL,2025-12-12,110375,1,8,0,140.0
10110028LUIZL_2025-12-12_G06,10110028LUIZL,2025-12-12,140923,1,2,0,91.0
10110028LUIZL_2025-12-12_G07,10110028LUIZL,2025-12-12,111467,1,4,0,115.0
10110028LUIZL_2025-12-12_G08,10110028LUIZL,2025-12-12,110751,1,1,0,150.0
10110028LUIZL_2025-12-12_G09,10110028LUIZL,2025-12-12,110895,1,4,0,728.0
10110028LUIZL_2025-12-12_G10,10110028LUIZL,2025-12-12,118222,1,4,0,69.0
10110028LUIZL_2025-12-12_G11,10110028LUIZL,2025-12-12,110112,1,4,0,84.0
10110028LUIZL_2025-12-12_G12,10110028LUIZL,2025-12-12,108759,1,4,0,92.0
10110028LUIZL_2025-12-12_G13,10110028LUIZL,2025-12-12,110747,1,4,0,58.0
10110028LUIZL_2025-12-12_G14,10110028LUIZL,2025-12-12,118229,1,4,0,106.0
10110028LUIZL_2025-12-12_G15,10110028LUIZL,2025-12-12,117855,1,4,0,114.0
10110028LUIZL_2025-12-12_G16,10110028LUIZL,2025-12-12,111467,1,3,0,65.0
10110028LUIZL_2025-12-12_G17,10110028LUIZL,2025-12-12,118140,1,11,0,204.0
10110028LUIZL_2025-12-12_G18,10110028LUIZL,2025-12-12,111466,1,12,0,250.0
10110028LUIZL_2025-12-12_G19,10110028LUIZL,2025-12-12,111418,1,8,0,50.0
10110028LUIZL_2025-12-12_G20,10110028LUIZL,2025-12-12,111463,1,12,0,68.0
10110028LUIZL_2025-12-12_G21,10110028LUIZL,2025-12-12,117808,1,11,0,153.0
10110028LUIZL_2025-12-12_G22,10110028LUIZL,2025-12-12,110372,1,20,0,242.0
10110028LUIZL_2025-12-12_G23,10110028LUIZL,2025-12-12,111418,1,20,0,690.0
10110028LUIZL_2025-12-12_G24,10110028LUIZL,2025-12-12,117808,1,10,0,125.0
10110028LUIZL_2025-12-12_G25,10110028LUIZL,2025-12-12,110371,1,20,0,124.0
10110028LUIZL_2025-12-12_G26,10110028LUIZL,2025-12-12,111569,1,8,0,184.0
10110028LUIZL_2025-12-12_G27,10110028LUIZL,2025-12-12,117808,1,50,0,519.0
10110028LUIZL_2025-12-12_G28,10110028LUIZL,2025-12-12,110372,1,30,0,189.0
10110028LUIZL_2025-12-12_G29,10110028LUIZL,2025-12-12,117785,1,12,0,143.0
10110028LUIZL_2025-12-12_G30,10110028LUIZL,2025-12-12,110339,1,8,0,396.0
10110028LUIZL_2025-12-12_G31,10110028LUIZL,2025-12-12,111655,1,4,0,135.0
10110028LUIZL_2025-12-12_G32,10110028LUIZL,2025-12-12,117808,1,12,0,230.0
10110028LUIZL_2025-12-12_G33,10110028LUIZL,2025-12-12,117935,1,6,0,54.0
10110028LUIZL_2025-12-12_G34,10110028LUIZL,2025-12-12,110787,1,2,0,262.0
10110028LUIZL_2025-12-12_G35,10110028LUIZL,2025-12-12,117935,1,1,0,151.0
10110028LUIZL_2025-12-12_G36,10110028LUIZL,2025-12-12,111441,1,2,0,171.0
10110028LUIZL_2025-12-12_G37,10110028LUIZL,2025-12-12,117935,1,1,0,90.0
10110028LUIZL_2025-12-12_G38,10110028LUIZL,2025-12-12,141456,1,2,0,610.0
10110028LUIZL_2025-12-12_G39,10110028LUIZL,2025-12-12,111468,1,2,0,99.0
10110028LUIZL_2025-12-12_G40,10110028LUIZL,2025-12-12,111532,1,4,0,95.0
10110028LUIZL_2025-12-12_G41,10110028LUIZL,2025-12-12,110740,1,2,0,68.0
10110028LUIZL_2025-12-12_G42,10110028LUIZL,2025-12-12,117821,1,4,0,287.0
10110028LUIZL_2025-12-12_G43,10110028LUIZL,2025-12-12,141458,1,4,0,42.0
10110028LUIZL_2025-12-12_G44,10110028LUIZL,2025-12-12,118299,1,8,0,147.0
10110028LUIZL_2025-12-12_G45,10110028LUIZL,2025-12-12,117808,1,4,0,90.0
10110028LUIZL_2025-12-12_G46,10110028LUIZL,2025-12-12,117832,1,4,0,93.0
10110028LUIZL_2025-12-12_G47,10110028LUIZL,2025-12-12,110372,1,8,0,142.0
10110028LUIZL_2025-12-12_G48,10110028LUIZL,2025-12-12,117935,1,1,0,93.0
10110028LUIZL_2025-12-12_G49,10110028LUIZL,2025-12-12,140923,1,2,0,178.0
10110028LUIZL_2025-12-12_G50,10110028LUIZL,2025-12-12,141456,1,2,0,282.0
10110028LUIZL_2025-12-12_G51,10110028LUIZL,2025-12-12,141457,1,2,0,81.0
10110028LUIZL_2025-12-12_G52,10110028LUIZL,2025-12-12,111463,1,4,0,86.0
10110028LUIZL_2025-12-12_G53,10110028LUIZL,2025-12-12,117935,1,5,0,146.0
10110028LUIZL_2025-12-12_G54,10110028LUIZL,2025-12-12,140923,1,4,0,33.0
10110028LUIZL_2025-12-12_G55,10110028LUIZL,2025-12-12,117808,1,4,0,81.0
10110028LUIZL_2025-12-12_G56,10110028LUIZL,2025-12-12,117809,1,2,0,47.0
10110028LUIZL_2025-12-12_G57,10110028LUIZL,2025-12-12,110376,1,4,0,200.0
10110028LUIZL_2025-12-12_G59,10110028LUIZL,2025-12-12,111172,1,10,0,98.0
10110028LUIZL_2025-12-12_G60,10110028LUIZL,2025-12-12,111418,1,12,0,202.0
10110028LUIZL_2025-12-12_G61,10110028LUIZL,2025-12-12,140922,1,5,0,62.0
10110028LUIZL_2025-12-12_G62,10110028LUIZL,2025-12-12,109645,1,4,0,49.0
10110028LUIZL_2025-12-12_G63,10110028LUIZL,2025-12-12,111743,1,27,0,150.0
10110028LUIZL_2025-12-12_G64,10110028LUIZL,2025-12-12,141271,1,15,0,1011.0
10110028LUIZL_2025-12-12_G65,10110028LUIZL,2025-12-12,108794,1,4,0,93.0
10110028LUIZL_2025-12-12_G66,10110028LUIZL,2025-12-12,109641,1,4,0,1503.0
10110028LUIZL_2025-12-12_G67,10110028LUIZL,2025-12-12,111433,1,4,0,42.0
10110028LUIZL_2025-12-12_G68,10110028LUIZL,2025-12-12,111466,1,10,0,88.0
10110028LUIZL_2025-12-12_G69,10110028LUIZL,2025-12-12,105705,1,4,0,39.0
10110028LUIZL_2025-12-12_G70,10110028LUIZL,2025-12-12,111431,1,4,0,56.0
10110028LUIZL_2025-12-12_G71,10110028LUIZL,2025-12-12,110740,1,6,0,85.0
10110028LUIZL_2025-12-12_G72,10110028LUIZL,2025-12-12,117785,1,28,0,298.0
10110028LUIZL_2025-12-12_G73,10110028LUIZL,2025-12-12,117831,1,21,0,288.0
10110028LUIZL_2025-12-12_G74,10110028LUIZL,2025-12-12,111463,1,50,0,288.0
10110028LUIZL_2025-12-12_G75,10110028LUIZL,2025-12-12,111172,1,19,0,758.0
10110028LUIZL_2025-12-12_G76,10110028LUIZL,2025-12-12,111465,1,32,0,394.0
10110028LUIZL_2025-12-12_G77,10110028LUIZL,2025-12-12,141456,1,50,0,506.0
10110028LUIZL_2025-12-12_G78,10110028LUIZL,2025-12-12,118140,1,6,0,135.0
10110028LUIZL_2025-12-12_G79,10110028LUIZL,2025-12-12,111463,1,40,0,924.0
10110028LUIZL_2025-12-12_G80,10110028LUIZL,2025-12-12,109645,1,6,0,160.0
10110028LUIZL_2025-12-12_G81,10110028LUIZL,2025-12-12,111743,1,22,0,294.0
10110028LUIZL_2025-12-12_G82,10110028LUIZL,2025-12-12,111468,1,17,0,132.0
10110028LUIZL_2025-12-12_G83,10110028LUIZL,2025-12-12,111182,1,6,0,79.0
10110028LUIZL_2025-12-12_G84,10110028LUIZL,2025-12-12,108711,1,24,0,175.0
10110028LUIZL_2025-12-12_G85,10110028LUIZL,2025-12-12,141823,1,10,0,141.0
10110028LUIZL_2025-12-12_G86,10110028LUIZL,2025-12-12,141457,1,26,0,478.0
10110028LUIZL_2025-12-12_G87,10110028LUIZL,2025-12-12,108798,1,12,0,114.0
10110028LUIZL_2025-12-12_G88,10110028LUIZL,2025-12-12,111466,1,34,0,586.0
10110028LUIZL_2025-12-12_G89,10110028LUIZL,2025-12-12,105705,1,5,0,116.0
10110028LUIZL_2025-12-12_G90,10110028LUIZL,2025-12-12,117841,1,8,0,603.0
10110028LUIZL_2025-12-12_G91,10110028LUIZL,2025-12-12,107236,1,5,0,124.0
10110028LUIZL_2025-12-12_G92,10110028LUIZL,2025-12-12,140922,1,64,0,332.0
10110028LUIZL_2025-12-13_G02,10110028LUIZL,2025-12-13,141823,1,12,0,70.0
10110028LUIZL_2025-12-13_G03,10110028LUIZL,2025-12-13,109641,1,1,0,38.0
10110028LUIZL_2025-12-13_G04,10110028LUIZL,2025-12-13,117831,1,4,0,81.0
10110028LUIZL_2025-12-13_G05,10110028LUIZL,2025-12-13,110740,1,2,0,84.0
10110028LUIZL_2025-12-13_G06,10110028LUIZL,2025-12-13,141458,1,4,0,79.0
10110028LUIZL_2025-12-13_G07,10110028LUIZL,2025-12-13,111418,1,24,0,244.0
10110028LUIZL_2025-12-13_G08,10110028LUIZL,2025-12-13,116241,1,6,0,89.0
10110028LUIZL_2025-12-13_G09,10110028LUIZL,2025-12-13,118094,1,3,0,277.0
10110028LUIZL_2025-12-13_G10,10110028LUIZL,2025-12-13,140923,1,11,0,89.0
10110028LUIZL_2025-12-13_G11,10110028LUIZL,2025-12-13,117856,1,4,0,41.0
10110028LUIZL_2025-12-13_G12,10110028LUIZL,2025-12-13,110741,1,3,0,42.0
10110028LUIZL_2025-12-13_G13,10110028LUIZL,2025-12-13,111602,1,7,0,70.0
10110028LUIZL_2025-12-13_G14,10110028LUIZL,2025-12-13,110711,1,1,0,32.0
10110028LUIZL_2025-12-13_G15,10110028LUIZL,2025-12-13,109647,1,8,0,363.0
10110028LUIZL_2025-12-13_G16,10110028LUIZL,2025-12-13,111467,1,1,0,76.0
10110028LUIZL_2025-12-13_G17,10110028LUIZL,2025-12-13,110374,1,6,0,175.0
10110028LUIZL_2025-12-13_G18,10110028LUIZL,2025-12-13,118299,1,4,0,120.0
10110028LUIZL_2025-12-13_G19,10110028LUIZL,2025-12-13,117840,1,8,0,104.0
10110028LUIZL_2025-12-13_G20,10110028LUIZL,2025-12-13,117808,1,51,0,909.0
10110028LUIZL_2025-12-13_G21,10110028LUIZL,2025-12-13,117835,1,7,0,242.0
10110028LUIZL_2025-12-13_G22,10110028LUIZL,2025-12-13,117834,1,2,0,59.0
10110028LUIZL_2025-12-13_G23,10110028LUIZL,2025-12-13,111463,1,5,0,293.0
10110028LUIZL_2025-12-13_G24,10110028LUIZL,2025-12-13,140922,1,10,0,196.0
10110028LUIZL_2025-12-13_G25,10110028LUIZL,2025-12-13,141823,1,2,0,215.0
10110028LUIZL_2025-12-13_G26,10110028LUIZL,2025-12-13,117831,1,2,0,62.0
10110028LUIZL_2025-12-13_G27,10110028LUIZL,2025-12-13,141458,1,4,0,85.0
10110028LUIZL_2025-12-13_G28,10110028LUIZL,2025-12-13,110374,1,11,0,1803.0
10110028LUIZL_2025-12-13_G29,10110028LUIZL,2025-12-13,117808,1,324,0,710.0
10110028LUIZL_2025-12-13_G30,10110028LUIZL,2025-12-13,117808,1,84,0,387.0
10110028LUIZL_2025-12-13_G31,10110028LUIZL,2025-12-13,117809,1,90,0,567.0
10110028LUIZL_2025-12-13_G32,10110028LUIZL,2025-12-13,118299,1,100,0,348.0
10110028LUIZL_2025-12-13_G33,10110028LUIZL,2025-12-13,110371,1,25,0,668.0
10110028LUIZL_2025-12-13_G34,10110028LUIZL,2025-12-13,117832,1,20,0,180.0
10110028LUIZL_2025-12-13_G35,10110028LUIZL,2025-12-13,111469,1,6,0,1041.0
10110028LUIZL_2025-12-13_G36,10110028LUIZL,2025-12-13,111469,1,7,0,682.0
10110028LUIZL_2025-12-13_G37,10110028LUIZL,2025-12-13,160051,1,2,0,72.0
10110028LUIZL_2025-12-13_G38,10110028LUIZL,2025-12-13,110325,1,6,0,719.0
10110028LUIZL_2025-12-13_G39,10110028LUIZL,2025-12-13,118299,1,86,0,1011.0
10110028LUIZL_2025-12-13_G40,10110028LUIZL,2025-12-13,111532,1,5,0,309.0
10110028LUIZL_2025-12-13_G41,10110028LUIZL,2025-12-13,111441,1,2,0,310.0
10110028LUIZL_2025-12-13_G42,10110028LUIZL,2025-12-13,160057,1,2,0,101.0
10110028LUIZL_2025-12-13_G43,10110028LUIZL,2025-12-13,160055,1,4,0,114.0
10110028LUIZL_2025-12-13_G44,10110028LUIZL,2025-12-13,111469,1,9,0,81.0
10110028LUIZL_2025-12-13_G45,10110028LUIZL,2025-12-13,160051,1,4,0,75.0
10110028LUIZL_2025-12-13_G46,10110028LUIZL,2025-12-13,160054,1,6,0,141.0
10110028LUIZL_2025-12-13_G47,10110028LUIZL,2025-12-13,140922,1,8,0,206.0
10110028LUIZL_2025-12-13_G48,10110028LUIZL,2025-12-13,111418,1,2,0,36.0
10110028LUIZL_2025-12-13_G49,10110028LUIZL,2025-12-13,111743,1,4,0,70.0
10110028LUIZL_2025-12-13_G50,10110028LUIZL,2025-12-13,117785,1,4,0,65.0
10110028LUIZL_2025-12-13_G51,10110028LUIZL,2025-12-13,111172,1,4,0,94.0
10110028LUIZL_2025-12-13_G52,10110028LUIZL,2025-12-13,110374,1,4,0,96.0
10110028LUIZL_2025-12-13_G53,10110028LUIZL,2025-12-13,117808,1,7,0,84.0
10110028LUIZL_2025-12-13_G54,10110028LUIZL,2025-12-13,111602,1,4,0,1255.0
10110028LUIZL_2025-12-13_G55,10110028LUIZL,2025-12-13,110711,1,1,0,44.0
10110028LUIZL_2025-12-13_G56,10110028LUIZL,2025-12-13,111530,1,5,0,102.0
10110028LUIZL_2025-12-13_G57,10110028LUIZL,2025-12-13,111462,1,2,0,109.0
10110028LUIZL_2025-12-13_G58,10110028LUIZL,2025-12-13,117831,1,4,0,58.0
10110028LUIZL_2025-12-13_G59,10110028LUIZL,2025-12-13,117832,1,2,0,250.0
10110028LUIZL_2025-12-13_G60,10110028LUIZL,2025-12-13,118299,1,61,0,503.0
10110028LUIZL_2025-12-13_G61,10110028LUIZL,2025-12-13,111530,1,3,0,818.0
10110028LUIZL_2025-12-13_G62,10110028LUIZL,2025-12-13,111530,1,7,0,69.0
10110028LUIZL_2025-12-13_G63,10110028LUIZL,2025-12-13,111532,1,10,0,147.0
10110028LUIZL_2025-12-13_G64,10110028LUIZL,2025-12-13,117935,1,4,0,510.0
10110028LUIZL_2025-12-13_G65,10110028LUIZL,2025-12-13,111532,1,12,0,150.0
10110028LUIZL_2025-12-13_G66,10110028LUIZL,2025-12-13,110787,1,11,0,150.0
10110028LUIZL_2025-12-13_G67,10110028LUIZL,2025-12-13,110711,1,8,0,137.0
10110028LUIZL_2025-12-13_G68,10110028LUIZL,2025-12-13,117787,1,8,0,147.0
10110028LUIZL_2025-12-13_G69,10110028LUIZL,2025-12-13,118299,1,23,0,631.0
10110028LUIZL_2025-12-13_G70,10110028LUIZL,2025-12-13,111172,1,6,0,141.0
10110028LUIZL_2025-12-13_G71,10110028LUIZL,2025-12-13,117785,1,10,0,111.0
10110028LUIZL_2025-12-13_G72,10110028LUIZL,2025-12-13,118094,1,1,0,72.0
10110028LUIZL_2025-12-13_G73,10110028LUIZL,2025-12-13,117935,1,1,0,56.0
10110028LUIZL_2025-12-13_G74,10110028LUIZL,2025-12-13,117965,1,4,0,88.0
10110028LUIZL_2025-12-13_G75,10110028LUIZL,2025-12-13,110339,1,4,0,39.0
10110028LUIZL_2025-12-13_G76,10110028LUIZL,2025-12-13,141047,1,1,0,114.0
10110028LUIZL_2025-12-13_G77,10110028LUIZL,2025-12-13,111530,1,6,0,87.0
10110028LUIZL_2025-12-13_G78,10110028LUIZL,2025-12-13,109647,1,1,0,80.0
10110028LUIZL_2025-12-13_G79,10110028LUIZL,2025-12-13,111467,1,4,0,80.0
10110028LUIZL_2025-12-13_G80,10110028LUIZL,2025-12-13,118222,1,3,0,260.0
10110028LUIZL_2025-12-13_G81,10110028LUIZL,2025-12-13,111438,1,4,0,91.0
10110028LUIZL_2025-12-13_G82,10110028LUIZL,2025-12-13,110755,1,1,0,128.0
10110028LUIZL_2025-12-13_G83,10110028LUIZL,2025-12-13,110129,1,4,0,881.0
10110028LUIZL_2025-12-13_G84,10110028LUIZL,2025-12-13,110374,1,44,0,1175.0
10110028LUIZL_2025-12-13_G85,10110028LUIZL,2025-12-13,110371,1,21,0,169.0
10110028LUIZL_2025-12-13_G86,10110028LUIZL,2025-12-13,117809,1,53,0,225.0
10110028LUIZL_2025-12-13_G87,10110028LUIZL,2025-12-13,117808,1,217,0,1086.0
10110028LUIZL_2025-12-15_G02,10110028LUIZL,2025-12-15,117831,1,4,0,47.0
10110028LUIZL_2025-12-15_G03,10110028LUIZL,2025-12-15,110740,1,2,0,118.0
10110028LUIZL_2025-12-15_G04,10110028LUIZL,2025-12-15,141457,1,4,0,39.0
10110028LUIZL_2025-12-15_G05,10110028LUIZL,2025-12-15,118222,1,4,0,138.0
10110028LUIZL_2025-12-15_G06,10110028LUIZL,2025-12-15,141066,1,2,0,232.0
10110028LUIZL_2025-12-15_G07,10110028LUIZL,2025-12-15,109640,1,2,0,133.0
10110028LUIZL_2025-12-15_G08,10110028LUIZL,2025-12-15,109645,1,2,0,402.0
10110028LUIZL_2025-12-15_G09,10110028LUIZL,2025-12-15,"141456, 111743",2,5,28,48.0
10110028LUIZL_2025-12-15_G10,10110028LUIZL,2025-12-15,108711,1,3,0,95.0
10110028LUIZL_2025-12-15_G11,10110028LUIZL,2025-12-15,111435,1,1,0,69.0
10110028LUIZL_2025-12-15_G12,10110028LUIZL,2025-12-15,111418,1,3,0,109.0
10110028LUIZL_2025-12-15_G13,10110028LUIZL,2025-12-15,117831,1,4,0,73.0
10110028LUIZL_2025-12-15_G14,10110028LUIZL,2025-12-15,"141458, 110740",2,6,26,76.0
10110028LUIZL_2025-12-15_G15,10110028LUIZL,2025-12-15,141457,1,4,0,38.0
10110028LUIZL_2025-12-15_G16,10110028LUIZL,2025-12-15,118222,1,1,0,192.0
10110028LUIZL_2025-12-15_G17,10110028LUIZL,2025-12-15,111465,1,6,0,447.0
10110028LUIZL_2025-12-15_G18,10110028LUIZL,2025-12-15,109645,1,6,0,88.0
10110028LUIZL_2025-12-15_G19,10110028LUIZL,2025-12-15,111743,1,12,0,111.0
10110028LUIZL_2025-12-15_G20,10110028LUIZL,2025-12-15,111743,1,8,0,61.0
10110028LUIZL_2025-12-15_G21,10110028LUIZL,2025-12-15,141823,2,6,29,92.0
10110028LUIZL_2025-12-15_G22,10110028LUIZL,2025-12-15,108794,1,13,0,140.0
10110028LUIZL_2025-12-15_G23,10110028LUIZL,2025-12-15,111433,2,2,18,2668.0
10110028LUIZL_2025-12-15_G24,10110028LUIZL,2025-12-15,117842,2,2,23,47.0
10110028LUIZL_2025-12-15_G25,10110028LUIZL,2025-12-15,111418,1,70,0,312.0
10110028LUIZL_2025-12-15_G26,10110028LUIZL,2025-12-15,117787,1,7,0,779.0
10110028LUIZL_2025-12-15_G27,10110028LUIZL,2025-12-15,141458,1,20,0,265.0
10110028LUIZL_2025-12-15_G28,10110028LUIZL,2025-12-15,111468,2,6,18,102.0
10110028LUIZL_2025-12-15_G29,10110028LUIZL,2025-12-15,111468,1,15,0,88.0
10110028LUIZL_2025-12-15_G30,10110028LUIZL,2025-12-15,111462,1,10,0,188.0
10110028LUIZL_2025-12-15_G31,10110028LUIZL,2025-12-15,111876,1,1,0,148.0
10110028LUIZL_2025-12-15_G32,10110028LUIZL,2025-12-15,111876,1,5,0,76.0
10110028LUIZL_2025-12-15_G33,10110028LUIZL,2025-12-15,117862,1,25,0,375.0
10110028LUIZL_2025-12-15_G34,10110028LUIZL,2025-12-15,111172,1,26,0,172.0
10110028LUIZL_2025-12-15_G35,10110028LUIZL,2025-12-15,117856,1,19,0,296.0
10110028LUIZL_2025-12-15_G37,10110028LUIZL,2025-12-15,111466,1,8,0,142.0
10110028LUIZL_2025-12-15_G38,10110028LUIZL,2025-12-15,117831,1,12,0,119.0
10110028LUIZL_2025-12-15_G39,10110028LUIZL,2025-12-15,118140,1,12,0,122.0
10110028LUIZL_2025-12-15_G40,10110028LUIZL,2025-12-15,110740,1,8,0,229.0
10110028LUIZL_2025-12-15_G41,10110028LUIZL,2025-12-15,118299,1,80,0,269.0
10110028LUIZL_2025-12-15_G42,10110028LUIZL,2025-12-15,111418,1,10,0,920.0
10110028LUIZL_2025-12-15_G43,10110028LUIZL,2025-12-15,141456,1,8,0,66.0
10110028LUIZL_2025-12-15_G44,10110028LUIZL,2025-12-15,117785,1,4,0,32.0
10110028LUIZL_2025-12-15_G45,10110028LUIZL,2025-12-15,110745,1,2,0,71.0
10110028LUIZL_2025-12-15_G46,10110028LUIZL,2025-12-15,108711,1,2,0,48.0
10110028LUIZL_2025-12-15_G47,10110028LUIZL,2025-12-15,"111435, 108794",2,3,28,54.0
10110028LUIZL_2025-12-15_G48,10110028LUIZL,2025-12-15,109641,1,6,0,52.0
10110028LUIZL_2025-12-15_G49,10110028LUIZL,2025-12-15,105705,1,4,0,98.0
10110028LUIZL_2025-12-15_G50,10110028LUIZL,2025-12-15,111444,1,6,0,196.0
10110028LUIZL_2025-12-15_G51,10110028LUIZL,2025-12-15,117831,1,4,0,38.0
10110028LUIZL_2025-12-15_G52,10110028LUIZL,2025-12-15,117329,1,4,0,73.0
10110028LUIZL_2025-12-15_G53,10110028LUIZL,2025-12-15,118140,1,8,0,74.0
10110028LUIZL_2025-12-15_G54,10110028LUIZL,2025-12-15,110740,1,8,0,413.0
10110028LUIZL_2025-12-15_G56,10110028LUIZL,2025-12-15,110371,1,8,0,105.0
10110028LUIZL_2025-12-15_G57,10110028LUIZL,2025-12-15,118299,1,10,0,79.0
10110028LUIZL_2025-12-15_G58,10110028LUIZL,2025-12-15,160054,1,3,0,94.0
10110028LUIZL_2025-12-15_G59,10110028LUIZL,2025-12-15,111438,1,4,0,466.0
10110028LUIZL_2025-12-15_G60,10110028LUIZL,2025-12-15,111438,1,4,0,31.0
10110028LUIZL_2025-12-15_G61,10110028LUIZL,2025-12-15,111462,1,10,0,407.0
10110028LUIZL_2025-12-15_G62,10110028LUIZL,2025-12-15,118317,1,2,0,49.0
10110028LUIZL_2025-12-15_G63,10110028LUIZL,2025-12-15,111465,1,8,0,88.0
10110028LUIZL_2025-12-15_G64,10110028LUIZL,2025-12-15,111463,1,8,0,69.0
10110028LUIZL_2025-12-15_G65,10110028LUIZL,2025-12-15,111466,1,10,0,144.0
10110028LUIZL_2025-12-15_G66,10110028LUIZL,2025-12-15,111418,1,10,0,62.0
10110028LUIZL_2025-12-15_G67,10110028LUIZL,2025-12-15,111469,1,8,0,95.0
10110028LUIZL_2025-12-15_G68,10110028LUIZL,2025-12-15,118140,1,4,0,59.0
10110028LUIZL_2025-12-15_G69,10110028LUIZL,2025-12-15,141458,1,4,0,80.0
10110028LUIZL_2025-12-15_G70,10110028LUIZL,2025-12-15,110740,1,4,0,40.0
10110028LUIZL_2025-12-15_G71,10110028LUIZL,2025-12-15,117821,1,3,0,72.0
10110028LUIZL_2025-12-15_G72,10110028LUIZL,2025-12-15,141352,1,4,0,94.0
10110028LUIZL_2025-12-16_G02,10110028LUIZL,2025-12-16,118140,1,12,0,378.0
10110028LUIZL_2025-12-16_G03,10110028LUIZL,2025-12-16,108711,1,4,0,90.0
10110028LUIZL_2025-12-16_G04,10110028LUIZL,2025-12-16,117830,1,4,0,195.0
10110028LUIZL_2025-12-16_G05,10110028LUIZL,2025-12-16,118299,1,3,0,148.0
10110028LUIZL_2025-12-16_G06,10110028LUIZL,2025-12-16,111602,1,4,0,78.0
10110028LUIZL_2025-12-16_G07,10110028LUIZL,2025-12-16,111602,1,4,0,76.0
10110028LUIZL_2025-12-16_G08,10110028LUIZL,2025-12-16,117862,1,4,0,581.0
10110028LUIZL_2025-12-16_G09,10110028LUIZL,2025-12-16,109649,1,2,0,206.0
10110028LUIZL_2025-12-16_G10,10110028LUIZL,2025-12-16,117830,1,4,0,415.0
10110028LUIZL_2025-12-16_G11,10110028LUIZL,2025-12-16,111172,1,2,0,92.0
10110028LUIZL_2025-12-16_G12,10110028LUIZL,2025-12-16,111463,1,8,0,77.0
10110028LUIZL_2025-12-16_G13,10110028LUIZL,2025-12-16,140922,1,2,0,98.0
10110028LUIZL_2025-12-16_G14,10110028LUIZL,2025-12-16,117785,1,4,0,60.0
10110028LUIZL_2025-12-16_G15,10110028LUIZL,2025-12-16,111602,1,8,0,1551.0
10110031DEDEV_2025-10-05_G02,10110031DEDEV,2025-10-05,111530,1,9,0,181.0
10110031DEDEV_2025-10-05_G03,10110031DEDEV,2025-10-05,140923,1,28,0,416.0
10110031DEDEV_2025-10-05_G04,10110031DEDEV,2025-10-05,140922,1,19,0,2093.0
10110031DEDEV_2025-10-05_G05,10110031DEDEV,2025-10-05,111532,1,9,0,271.0
10110031DEDEV_2025-10-05_G06,10110031DEDEV,2025-10-05,111728,1,8,0,214.0
10110031DEDEV_2025-10-05_G07,10110031DEDEV,2025-10-05,111462,1,10,0,249.0
10110031DEDEV_2025-10-05_G08,10110031DEDEV,2025-10-05,141141,1,197,0,887.0
10110031DEDEV_2025-10-05_G09,10110031DEDEV,2025-10-05,111172,1,16,0,960.0
10110031DEDEV_2025-10-06_G02,10110031DEDEV,2025-10-06,108772,1,4,0,1447.0
10110031DEDEV_2025-10-06_G03,10110031DEDEV,2025-10-06,111439,1,4,0,199.0
10110031DEDEV_2025-10-06_G04,10110031DEDEV,2025-10-06,118140,1,8,0,1225.0
10110031DEDEV_2025-10-07_G02,10110031DEDEV,2025-10-07,111740,1,80,0,331.0
10110031DEDEV_2025-10-07_G03,10110031DEDEV,2025-10-07,111722,1,110,0,1546.0
10110031DEDEV_2025-10-07_G04,10110031DEDEV,2025-10-07,110895,1,2,0,1939.0
10110031DEDEV_2025-10-07_G05,10110031DEDEV,2025-10-07,108361,1,6,0,210.0
10110031DEDEV_2025-10-07_G06,10110031DEDEV,2025-10-07,110339,1,2,0,172.0
10110031DEDEV_2025-10-07_G07,10110031DEDEV,2025-10-07,110339,1,4,0,182.0
10110031DEDEV_2025-10-07_G08,10110031DEDEV,2025-10-07,110895,1,1,0,107.0
10110031DEDEV_2025-10-07_G09,10110031DEDEV,2025-10-07,110740,1,2,0,345.0
10110031DEDEV_2025-10-07_G10,10110031DEDEV,2025-10-07,111530,1,4,0,767.0
10110031DEDEV_2025-10-07_G11,10110031DEDEV,2025-10-07,109641,1,4,0,230.0
10110031DEDEV_2025-10-07_G12,10110031DEDEV,2025-10-07,110372,1,8,0,818.0
10110031DEDEV_2025-10-07_G13,10110031DEDEV,2025-10-07,118299,1,18,0,2402.0
10110031DEDEV_2025-10-08_G02,10110031DEDEV,2025-10-08,111444,1,57,0,702.0
10110031DEDEV_2025-10-08_G03,10110031DEDEV,2025-10-08,117856,1,6,0,2528.0
10110031DEDEV_2025-10-08_G04,10110031DEDEV,2025-10-08,117862,1,1,0,179.0
10110031DEDEV_2025-10-08_G05,10110031DEDEV,2025-10-08,111602,1,2,0,153.0
10110031DEDEV_2025-10-08_G06,10110031DEDEV,2025-10-08,141456,1,6,0,270.0
10110031DEDEV_2025-10-08_G07,10110031DEDEV,2025-10-08,111418,1,2,0,365.0
10110031DEDEV_2025-10-08_G08,10110031DEDEV,2025-10-08,108794,1,1,0,74.0
10110031DEDEV_2025-10-08_G09,10110031DEDEV,2025-10-08,111462,1,1,0,57.0
10110031DEDEV_2025-10-08_G10,10110031DEDEV,2025-10-08,111466,1,4,0,71.0
10110031DEDEV_2025-10-08_G11,10110031DEDEV,2025-10-08,109641,1,2,0,132.0
10110031DEDEV_2025-10-08_G12,10110031DEDEV,2025-10-08,140922,1,6,0,198.0
10110031DEDEV_2025-10-08_G13,10110031DEDEV,2025-10-08,117831,1,2,0,167.0
10110031DEDEV_2025-10-08_G14,10110031DEDEV,2025-10-08,141458,1,4,0,124.0
10110031DEDEV_2025-10-08_G15,10110031DEDEV,2025-10-08,111468,1,2,0,84.0
10110031DEDEV_2025-10-08_G16,10110031DEDEV,2025-10-08,110711,1,3,0,697.0
10110031DEDEV_2025-10-08_G17,10110031DEDEV,2025-10-08,110339,1,12,0,262.0
10110031DEDEV_2025-10-08_G18,10110031DEDEV,2025-10-08,111348,1,6,0,326.0
10110031DEDEV_2025-10-08_G19,10110031DEDEV,2025-10-08,108794,1,4,0,166.0
10110031DEDEV_2025-10-08_G20,10110031DEDEV,2025-10-08,110711,1,5,0,427.0
10110031DEDEV_2025-10-08_G21,10110031DEDEV,2025-10-08,110733,1,4,0,171.0
10110031DEDEV_2025-10-08_G22,10110031DEDEV,2025-10-08,111602,1,2,0,296.0
10110031DEDEV_2025-10-08_G23,10110031DEDEV,2025-10-08,111466,1,4,0,244.0
10110031DEDEV_2025-10-08_G24,10110031DEDEV,2025-10-08,111532,1,4,0,627.0
10110031DEDEV_2025-10-08_G25,10110031DEDEV,2025-10-08,108794,1,4,0,244.0
10110031DEDEV_2025-10-09_G02,10110031DEDEV,2025-10-09,118299,1,6,0,489.0
10110031DEDEV_2025-10-09_G03,10110031DEDEV,2025-10-09,111418,1,1,0,823.0
10110031DEDEV_2025-10-09_G04,10110031DEDEV,2025-10-09,111463,1,1,0,165.0
10110031DEDEV_2025-10-09_G05,10110031DEDEV,2025-10-09,140922,1,2,0,163.0
10110031DEDEV_2025-10-09_G06,10110031DEDEV,2025-10-09,117821,1,1,0,113.0
10110031DEDEV_2025-10-09_G07,10110031DEDEV,2025-10-09,118140,1,1,0,135.0
10110031DEDEV_2025-10-09_G08,10110031DEDEV,2025-10-09,140923,1,4,0,1391.0
10110031DEDEV_2025-10-09_G09,10110031DEDEV,2025-10-09,110339,1,4,0,153.0
10110031DEDEV_2025-10-09_G10,10110031DEDEV,2025-10-09,111602,1,2,0,176.0
10110031DEDEV_2025-10-09_G11,10110031DEDEV,2025-10-09,110376,1,5,0,1515.0
10110031DEDEV_2025-10-09_G12,10110031DEDEV,2025-10-09,118222,1,2,0,37.0
10110031DEDEV_2025-10-09_G13,10110031DEDEV,2025-10-09,111602,1,38,0,1160.0
10110031DEDEV_2025-10-09_G15,10110031DEDEV,2025-10-09,107629,1,12,0,299.0
10110031DEDEV_2025-10-09_G16,10110031DEDEV,2025-10-09,110711,1,10,0,173.0
10110031DEDEV_2025-10-09_G17,10110031DEDEV,2025-10-09,110711,1,7,0,134.0
10110031DEDEV_2025-10-09_G18,10110031DEDEV,2025-10-09,110339,1,2,0,181.0
10110031DEDEV_2025-10-09_G19,10110031DEDEV,2025-10-09,108795,1,12,0,554.0
10110031DEDEV_2025-10-09_G20,10110031DEDEV,2025-10-09,111463,1,5,0,107.0
10110031DEDEV_2025-10-09_G21,10110031DEDEV,2025-10-09,111418,1,46,0,1225.0
10110031DEDEV_2025-10-09_G22,10110031DEDEV,2025-10-09,108711,1,8,0,738.0
10110031DEDEV_2025-10-09_G23,10110031DEDEV,2025-10-09,111743,1,10,0,117.0
10110031DEDEV_2025-10-09_G24,10110031DEDEV,2025-10-09,111469,1,6,0,117.0
10110031DEDEV_2025-10-09_G25,10110031DEDEV,2025-10-09,111466,1,10,0,187.0
10110031DEDEV_2025-10-09_G26,10110031DEDEV,2025-10-09,117787,1,6,0,175.0
10110031DEDEV_2025-10-09_G27,10110031DEDEV,2025-10-09,111182,1,6,0,159.0
10110031DEDEV_2025-10-09_G28,10110031DEDEV,2025-10-09,117821,1,4,0,345.0
10110031DEDEV_2025-10-09_G29,10110031DEDEV,2025-10-09,117831,1,11,0,164.0
10110031DEDEV_2025-10-09_G30,10110031DEDEV,2025-10-09,118140,1,27,0,361.0
10110031DEDEV_2025-10-09_G31,10110031DEDEV,2025-10-09,109643,1,6,0,199.0
10110031DEDEV_2025-10-09_G32,10110031DEDEV,2025-10-09,110711,1,2,0,78.0
10110031DEDEV_2025-10-09_G33,10110031DEDEV,2025-10-09,111466,1,20,0,1705.0
10110031DEDEV_2025-10-09_G34,10110031DEDEV,2025-10-09,116241,1,19,0,203.0
10110031DEDEV_2025-10-09_G35,10110031DEDEV,2025-10-09,117787,1,4,0,101.0
10110031DEDEV_2025-10-09_G36,10110031DEDEV,2025-10-09,109641,1,12,0,223.0
10110031DEDEV_2025-10-09_G37,10110031DEDEV,2025-10-09,111442,1,6,0,128.0
10110031DEDEV_2025-10-09_G38,10110031DEDEV,2025-10-09,140922,1,8,0,526.0
10110031DEDEV_2025-10-09_G39,10110031DEDEV,2025-10-09,117821,1,8,0,185.0
10110031DEDEV_2025-10-09_G40,10110031DEDEV,2025-10-09,117831,1,4,0,83.0
10110031DEDEV_2025-10-09_G41,10110031DEDEV,2025-10-09,107236,1,5,0,131.0
10110031DEDEV_2025-10-09_G42,10110031DEDEV,2025-10-09,111468,1,4,0,83.0
10110031DEDEV_2025-10-10_G02,10110031DEDEV,2025-10-10,117837,1,4,0,145.0
10110031DEDEV_2025-10-10_G03,10110031DEDEV,2025-10-10,111467,1,2,0,143.0
10110031DEDEV_2025-10-10_G04,10110031DEDEV,2025-10-10,111602,1,6,0,1258.0
10110031DEDEV_2025-10-10_G05,10110031DEDEV,2025-10-10,110711,1,2,0,121.0
10110031DEDEV_2025-10-10_G06,10110031DEDEV,2025-10-10,117965,1,4,0,91.0
10110031DEDEV_2025-10-10_G07,10110031DEDEV,2025-10-10,111467,1,2,0,121.0
10110031DEDEV_2025-10-10_G08,10110031DEDEV,2025-10-10,117837,1,3,0,143.0
10110031DEDEV_2025-10-10_G09,10110031DEDEV,2025-10-10,141456,1,8,0,148.0
10110031DEDEV_2025-10-10_G10,10110031DEDEV,2025-10-10,110751,1,1,0,92.0
10110031DEDEV_2025-10-10_G11,10110031DEDEV,2025-10-10,117838,1,2,0,90.0
10110031DEDEV_2025-10-10_G12,10110031DEDEV,2025-10-10,111532,1,4,0,199.0
10110031DEDEV_2025-10-10_G13,10110031DEDEV,2025-10-10,111466,1,2,0,103.0
10110031DEDEV_2025-10-10_G14,10110031DEDEV,2025-10-10,141457,1,8,0,136.0
10110031DEDEV_2025-10-10_G15,10110031DEDEV,2025-10-10,117821,1,4,0,72.0
10110031DEDEV_2025-10-10_G16,10110031DEDEV,2025-10-10,109647,1,2,0,881.0
10110031DEDEV_2025-10-10_G18,10110031DEDEV,2025-10-10,118094,1,20,0,411.0
10110031DEDEV_2025-10-10_G19,10110031DEDEV,2025-10-10,117820,1,400,0,1907.0
10110031DEDEV_2025-10-10_G20,10110031DEDEV,2025-10-10,110325,1,50,0,738.0
10110031DEDEV_2025-10-10_G21,10110031DEDEV,2025-10-10,109643,1,20,0,297.0
10110031DEDEV_2025-10-10_G22,10110031DEDEV,2025-10-10,117808,1,274,0,878.0
10110031DEDEV_2025-10-10_G23,10110031DEDEV,2025-10-10,117832,1,50,0,599.0
10110031DEDEV_2025-10-10_G24,10110031DEDEV,2025-10-10,110371,1,30,0,1928.0
10110031DEDEV_2025-10-10_G25,10110031DEDEV,2025-10-10,118299,1,550,0,1681.0
10110031DEDEV_2025-10-10_G26,10110031DEDEV,2025-10-10,117808,1,550,0,597.0
10110031DEDEV_2025-10-11_G02,10110031DEDEV,2025-10-11,117820,1,50,0,573.0
10110031DEDEV_2025-10-11_G03,10110031DEDEV,2025-10-11,118299,1,100,0,619.0
10110031DEDEV_2025-10-11_G04,10110031DEDEV,2025-10-11,110372,1,73,0,1219.0
10110031DEDEV_2025-10-11_G05,10110031DEDEV,2025-10-11,117808,1,100,0,403.0
10110031DEDEV_2025-10-11_G06,10110031DEDEV,2025-10-11,117830,1,10,0,3516.0
10110031DEDEV_2025-10-11_G07,10110031DEDEV,2025-10-11,109640,1,50,0,828.0
10110031DEDEV_2025-10-11_G08,10110031DEDEV,2025-10-11,140923,1,19,0,914.0
10110031DEDEV_2025-10-11_G09,10110031DEDEV,2025-10-11,110711,1,2,0,126.0
10110031DEDEV_2025-10-12_G02,10110031DEDEV,2025-10-12,117862,1,100,0,900.0
10110031DEDEV_2025-10-12_G03,10110031DEDEV,2025-10-12,117786,1,110,0,1361.0
10110031DEDEV_2025-10-12_G04,10110031DEDEV,2025-10-12,110733,1,60,0,1484.0
10110031DEDEV_2025-10-12_G05,10110031DEDEV,2025-10-12,111467,1,70,0,665.0
10110031DEDEV_2025-10-12_G06,10110031DEDEV,2025-10-12,109643,1,103,0,772.0
10110031DEDEV_2025-10-12_G07,10110031DEDEV,2025-10-12,117821,1,70,0,2201.0
10110031DEDEV_2025-10-12_G08,10110031DEDEV,2025-10-12,107236,1,40,0,568.0
10110031DEDEV_2025-10-12_G09,10110031DEDEV,2025-10-12,117787,1,50,0,776.0
10110031DEDEV_2025-10-13_G02,10110031DEDEV,2025-10-13,108795,1,28,0,1133.0
10110031DEDEV_2025-10-13_G03,10110031DEDEV,2025-10-13,110751,1,12,0,118.0
10110031DEDEV_2025-10-13_G04,10110031DEDEV,2025-10-13,110740,1,12,0,428.0
10110031DEDEV_2025-10-13_G05,10110031DEDEV,2025-10-13,110740,1,18,0,224.0
10110031DEDEV_2025-10-13_G06,10110031DEDEV,2025-10-13,110740,1,3,0,60.0
10110031DEDEV_2025-10-13_G07,10110031DEDEV,2025-10-13,111348,1,12,0,346.0
10110031DEDEV_2025-10-13_G08,10110031DEDEV,2025-10-13,111743,1,12,0,117.0
10110031DEDEV_2025-10-13_G09,10110031DEDEV,2025-10-13,141823,1,30,0,319.0
10110031DEDEV_2025-10-13_G10,10110031DEDEV,2025-10-13,105705,1,8,0,372.0
10110031DEDEV_2025-10-13_G11,10110031DEDEV,2025-10-13,111463,1,34,0,1063.0
10110031DEDEV_2025-10-13_G12,10110031DEDEV,2025-10-13,108798,1,12,0,163.0
10110031DEDEV_2025-10-13_G13,10110031DEDEV,2025-10-13,111532,1,12,0,256.0
10110031DEDEV_2025-10-13_G14,10110031DEDEV,2025-10-13,108794,1,12,0,156.0
10110031DEDEV_2025-10-13_G15,10110031DEDEV,2025-10-13,118223,1,4,0,180.0
10110031DEDEV_2025-10-13_G16,10110031DEDEV,2025-10-13,111466,1,24,0,225.0
10110031DEDEV_2025-10-13_G17,10110031DEDEV,2025-10-13,111465,1,12,0,305.0
10110031DEDEV_2025-10-13_G18,10110031DEDEV,2025-10-13,109641,1,24,0,142.0
10110031DEDEV_2025-10-13_G19,10110031DEDEV,2025-10-13,117833,1,12,0,140.0
10110031DEDEV_2025-10-13_G20,10110031DEDEV,2025-10-13,117821,1,12,0,122.0
10110031DEDEV_2025-10-13_G21,10110031DEDEV,2025-10-13,118330,1,4,0,86.0
10110031DEDEV_2025-10-13_G22,10110031DEDEV,2025-10-13,140922,1,24,0,214.0
10110031DEDEV_2025-10-13_G23,10110031DEDEV,2025-10-13,111172,1,24,0,681.0
10110031DEDEV_2025-10-13_G24,10110031DEDEV,2025-10-13,111172,1,1,0,42.0
10110031DEDEV_2025-10-13_G25,10110031DEDEV,2025-10-13,111172,1,13,0,276.0
10110031DEDEV_2025-10-13_G26,10110031DEDEV,2025-10-13,111172,1,14,0,158.0
10110031DEDEV_2025-10-13_G27,10110031DEDEV,2025-10-13,117831,1,20,0,161.0
10110031DEDEV_2025-10-13_G28,10110031DEDEV,2025-10-13,141458,1,28,0,613.0
10110031DEDEV_2025-10-13_G29,10110031DEDEV,2025-10-13,107236,1,30,0,447.0
10110031DEDEV_2025-10-13_G30,10110031DEDEV,2025-10-13,110745,1,12,0,216.0
10110031DEDEV_2025-10-13_G31,10110031DEDEV,2025-10-13,111468,1,12,0,195.0
10110031DEDEV_2025-10-13_G32,10110031DEDEV,2025-10-13,110332,1,24,0,509.0
10110031DEDEV_2025-10-13_G33,10110031DEDEV,2025-10-13,111418,1,40,0,383.0
10110031DEDEV_2025-10-13_G34,10110031DEDEV,2025-10-13,111435,1,4,0,173.0
10110031DEDEV_2025-10-13_G36,10110031DEDEV,2025-10-13,117820,1,289,0,2153.0
10110031DEDEV_2025-10-13_G37,10110031DEDEV,2025-10-13,110325,1,21,0,171.0
10110031DEDEV_2025-10-13_G38,10110031DEDEV,2025-10-13,117809,1,23,0,412.0
10110031DEDEV_2025-10-13_G39,10110031DEDEV,2025-10-13,141202,1,19,0,341.0
10110031DEDEV_2025-10-14_G02,10110031DEDEV,2025-10-14,111530,1,5,0,203.0
10110031DEDEV_2025-10-14_G03,10110031DEDEV,2025-10-14,117785,1,3,0,355.0
10110031DEDEV_2025-10-14_G04,10110031DEDEV,2025-10-14,111743,1,8,0,203.0
10110031DEDEV_2025-10-14_G05,10110031DEDEV,2025-10-14,117834,1,4,0,363.0
10110031DEDEV_2025-10-14_G06,10110031DEDEV,2025-10-14,111655,1,4,0,116.0
10110031DEDEV_2025-10-14_G07,10110031DEDEV,2025-10-14,107892,1,2,0,141.0
10110031DEDEV_2025-10-14_G08,10110031DEDEV,2025-10-14,118222,1,2,0,286.0
10110031DEDEV_2025-10-14_G09,10110031DEDEV,2025-10-14,111438,1,4,0,277.0
10110031DEDEV_2025-10-14_G10,10110031DEDEV,2025-10-14,117855,1,8,0,521.0
10110031DEDEV_2025-10-14_G11,10110031DEDEV,2025-10-14,118094,1,2,0,87.0
10110031DEDEV_2025-10-14_G12,10110031DEDEV,2025-10-14,117862,1,4,0,188.0
10110031DEDEV_2025-10-14_G13,10110031DEDEV,2025-10-14,107629,1,1,0,111.0
10110031DEDEV_2025-10-14_G14,10110031DEDEV,2025-10-14,111530,1,2,0,75.0
10110031DEDEV_2025-10-14_G15,10110031DEDEV,2025-10-14,117862,1,4,0,66.0
10110031DEDEV_2025-10-14_G16,10110031DEDEV,2025-10-14,117786,1,2,0,226.0
10110031DEDEV_2025-10-14_G17,10110031DEDEV,2025-10-14,111602,1,2,0,168.0
10110031DEDEV_2025-10-14_G18,10110031DEDEV,2025-10-14,141456,1,4,0,203.0
10110031DEDEV_2025-10-14_G19,10110031DEDEV,2025-10-14,105705,1,1,0,44.0
10110031DEDEV_2025-10-14_G20,10110031DEDEV,2025-10-14,108711,1,1,0,457.0
10110031DEDEV_2025-10-14_G21,10110031DEDEV,2025-10-14,116241,1,1,0,170.0
10110031DEDEV_2025-10-14_G22,10110031DEDEV,2025-10-14,117787,1,2,0,72.0
10110031DEDEV_2025-10-14_G23,10110031DEDEV,2025-10-14,117831,1,2,0,100.0
10110031DEDEV_2025-10-14_G24,10110031DEDEV,2025-10-14,110740,1,4,0,292.0
10110031DEDEV_2025-10-14_G25,10110031DEDEV,2025-10-14,118140,1,3,0,173.0
10110031DEDEV_2025-10-14_G26,10110031DEDEV,2025-10-14,118299,1,8,0,208.0
10110031DEDEV_2025-10-14_G27,10110031DEDEV,2025-10-14,118299,1,10,0,180.0
10110031DEDEV_2025-10-14_G28,10110031DEDEV,2025-10-14,117820,1,3,0,109.0
10110031DEDEV_2025-10-14_G29,10110031DEDEV,2025-10-14,118299,1,5,0,748.0
10110031DEDEV_2025-10-14_G30,10110031DEDEV,2025-10-14,110339,1,3,0,141.0
10110031DEDEV_2025-10-14_G31,10110031DEDEV,2025-10-14,111418,1,4,0,183.0
10110031DEDEV_2025-10-14_G32,10110031DEDEV,2025-10-14,118222,1,4,0,242.0
10110031DEDEV_2025-10-14_G33,10110031DEDEV,2025-10-14,111430,1,4,0,172.0
10110031DEDEV_2025-10-14_G34,10110031DEDEV,2025-10-14,110742,1,2,0,307.0
10110031DEDEV_2025-10-14_G35,10110031DEDEV,2025-10-14,117836,1,4,0,113.0
10110031DEDEV_2025-10-14_G36,10110031DEDEV,2025-10-14,111569,1,6,0,159.0
10110031DEDEV_2025-10-14_G37,10110031DEDEV,2025-10-14,118290,1,3,0,139.0
10110031DEDEV_2025-10-14_G38,10110031DEDEV,2025-10-14,117855,1,33,0,635.0
10110031DEDEV_2025-10-14_G39,10110031DEDEV,2025-10-14,117856,1,12,0,356.0
10110031DEDEV_2025-10-14_G40,10110031DEDEV,2025-10-14,118094,1,6,0,116.0
10110031DEDEV_2025-10-14_G41,10110031DEDEV,2025-10-14,117788,1,7,0,78.0
10110031DEDEV_2025-10-14_G42,10110031DEDEV,2025-10-14,111876,1,1,0,44.0
10110031DEDEV_2025-10-14_G43,10110031DEDEV,2025-10-14,140923,1,80,0,547.0
10110031DEDEV_2025-10-14_G44,10110031DEDEV,2025-10-14,107629,1,2,0,198.0
10110031DEDEV_2025-10-14_G45,10110031DEDEV,2025-10-14,111530,1,44,0,1736.0
10110031DEDEV_2025-10-14_G47,10110031DEDEV,2025-10-14,110373,1,116,0,925.0
10110031DEDEV_2025-10-14_G48,10110031DEDEV,2025-10-14,110371,1,12,0,1235.0
10110031DEDEV_2025-10-14_G49,10110031DEDEV,2025-10-14,110373,1,2,0,183.0
10110031DEDEV_2025-10-14_G50,10110031DEDEV,2025-10-14,110372,1,2,0,614.0
10110031DEDEV_2025-10-14_G51,10110031DEDEV,2025-10-14,109643,1,17,0,198.0
10110031DEDEV_2025-10-14_G52,10110031DEDEV,2025-10-14,111172,1,9,0,134.0
10110031DEDEV_2025-10-14_G53,10110031DEDEV,2025-10-14,111468,1,31,0,628.0
10110031DEDEV_2025-10-15_G02,10110031DEDEV,2025-10-15,118094,1,5,0,857.0
10110031DEDEV_2025-10-15_G03,10110031DEDEV,2025-10-15,124592,1,5,0,138.0
10110031DEDEV_2025-10-15_G04,10110031DEDEV,2025-10-15,110743,1,233,0,1149.0
10110031DEDEV_2025-10-15_G05,10110031DEDEV,2025-10-15,107236,1,7,0,470.0
10110031DEDEV_2025-10-15_G06,10110031DEDEV,2025-10-15,111443,1,200,0,1103.0
10110031DEDEV_2025-10-15_G07,10110031DEDEV,2025-10-15,111530,1,840,0,2248.0
10110031DEDEV_2025-10-15_G09,10110031DEDEV,2025-10-15,109647,1,482,0,2462.0
10110031DEDEV_2025-10-15_G10,10110031DEDEV,2025-10-15,110373,1,600,0,2440.0
10110031DEDEV_2025-10-15_G11,10110031DEDEV,2025-10-15,118299,1,150,0,644.0
10110031DEDEV_2025-10-16_G02,10110031DEDEV,2025-10-16,111120,1,4,0,636.0
10110031DEDEV_2025-10-16_G03,10110031DEDEV,2025-10-16,117855,1,115,0,1119.0
10110031DEDEV_2025-10-16_G04,10110031DEDEV,2025-10-16,117855,1,8,0,1124.0
10110031DEDEV_2025-10-16_G05,10110031DEDEV,2025-10-16,117855,1,4,0,73.0
10110031DEDEV_2025-10-16_G06,10110031DEDEV,2025-10-16,117935,1,4,0,100.0
10110031DEDEV_2025-10-16_G07,10110031DEDEV,2025-10-16,110752,1,4,0,128.0
10110031DEDEV_2025-10-16_G08,10110031DEDEV,2025-10-16,109647,1,3,0,111.0
10110031DEDEV_2025-10-16_G09,10110031DEDEV,2025-10-16,110711,1,1,0,117.0
10110031DEDEV_2025-10-16_G10,10110031DEDEV,2025-10-16,117822,2,4,29,119.0
10110031DEDEV_2025-10-16_G11,10110031DEDEV,2025-10-16,109643,1,8,0,204.0
10110031DEDEV_2025-10-16_G12,10110031DEDEV,2025-10-16,160054,1,7,0,513.0
10110031DEDEV_2025-10-16_G13,10110031DEDEV,2025-10-16,109647,1,8,0,940.0
10110031DEDEV_2025-10-16_G14,10110031DEDEV,2025-10-16,118298,1,16,0,568.0
10110031DEDEV_2025-10-16_G15,10110031DEDEV,2025-10-16,110711,1,20,0,504.0
10110031DEDEV_2025-10-16_G16,10110031DEDEV,2025-10-16,110711,1,14,0,127.0
10110031DEDEV_2025-10-16_G17,10110031DEDEV,2025-10-16,108772,1,5,0,195.0
10110031DEDEV_2025-10-16_G18,10110031DEDEV,2025-10-16,111530,1,15,0,441.0
10110031DEDEV_2025-10-16_G19,10110031DEDEV,2025-10-16,107830,1,1,0,230.0
10110031DEDEV_2025-10-16_G20,10110031DEDEV,2025-10-16,109643,1,20,0,166.0
10110031DEDEV_2025-10-16_G21,10110031DEDEV,2025-10-16,110371,1,2,0,74.0
10110031DEDEV_2025-10-16_G22,10110031DEDEV,2025-10-16,117808,1,380,0,1172.0
10110031DEDEV_2025-10-16_G23,10110031DEDEV,2025-10-16,110373,1,106,0,518.0
10110031DEDEV_2025-10-16_G25,10110031DEDEV,2025-10-16,160051,1,4,0,227.0
10110031DEDEV_2025-10-16_G26,10110031DEDEV,2025-10-16,117840,1,2,0,138.0
10110031DEDEV_2025-10-16_G27,10110031DEDEV,2025-10-16,117831,1,210,0,201.0
10110031DEDEV_2025-10-16_G28,10110031DEDEV,2025-10-16,111418,1,19,0,227.0
10110031DEDEV_2025-10-16_G29,10110031DEDEV,2025-10-16,118223,1,4,0,103.0
10110031DEDEV_2025-10-16_G30,10110031DEDEV,2025-10-16,117855,1,150,0,639.0
10110031DEDEV_2025-10-16_G32,10110031DEDEV,2025-10-16,111602,1,4,0,150.0
10110031DEDEV_2025-10-16_G33,10110031DEDEV,2025-10-16,117856,1,8,0,127.0
10110031DEDEV_2025-10-16_G34,10110031DEDEV,2025-10-16,111530,1,8,0,405.0
10110031DEDEV_2025-10-16_G35,10110031DEDEV,2025-10-16,111442,1,4,0,133.0
10110031DEDEV_2025-10-16_G36,10110031DEDEV,2025-10-16,117785,1,15,0,120.0
10110031DEDEV_2025-10-16_G37,10110031DEDEV,2025-10-16,111172,1,6,0,621.0
10110031DEDEV_2025-10-16_G38,10110031DEDEV,2025-10-16,140922,1,9,0,526.0
10110031DEDEV_2025-10-16_G39,10110031DEDEV,2025-10-16,111532,2,14,15,237.0
10110031DEDEV_2025-10-16_G40,10110031DEDEV,2025-10-16,110740,1,4,0,582.0
10110031DEDEV_2025-10-16_G41,10110031DEDEV,2025-10-16,117820,1,28,0,264.0
10110031DEDEV_2025-10-16_G42,10110031DEDEV,2025-10-16,117832,1,10,0,158.0
10110031DEDEV_2025-10-17_G02,10110031DEDEV,2025-10-17,110373,1,48,0,543.0
10110031DEDEV_2025-10-17_G03,10110031DEDEV,2025-10-17,118299,1,88,0,531.0
10110031DEDEV_2025-10-17_G05,10110031DEDEV,2025-10-17,117935,1,3,0,167.0
10110031DEDEV_2025-10-17_G06,10110031DEDEV,2025-10-17,110733,1,5,0,175.0
10110031DEDEV_2025-10-17_G07,10110031DEDEV,2025-10-17,111467,1,8,0,165.0
10110031DEDEV_2025-10-17_G08,10110031DEDEV,2025-10-17,107629,1,4,0,117.0
10110031DEDEV_2025-10-17_G09,10110031DEDEV,2025-10-17,108795,1,2,0,81.0
10110031DEDEV_2025-10-17_G10,10110031DEDEV,2025-10-17,111443,1,4,0,61.0
10110031DEDEV_2025-10-17_G11,10110031DEDEV,2025-10-17,109641,1,2,0,153.0
10110031DEDEV_2025-10-17_G12,10110031DEDEV,2025-10-17,117831,1,4,0,205.0
10110031DEDEV_2025-10-17_G13,10110031DEDEV,2025-10-17,117808,1,93,0,793.0
10110031DEDEV_2025-10-17_G14,10110031DEDEV,2025-10-17,107830,1,6,0,399.0
10110031DEDEV_2025-10-17_G15,10110031DEDEV,2025-10-17,110373,1,17,0,325.0
10110031DEDEV_2025-10-17_G16,10110031DEDEV,2025-10-17,110371,1,4,0,185.0
10110031DEDEV_2025-10-17_G17,10110031DEDEV,2025-10-17,109640,1,2,0,251.0
10110031DEDEV_2025-10-17_G18,10110031DEDEV,2025-10-17,109640,1,4,0,109.0
10110031DEDEV_2025-10-17_G19,10110031DEDEV,2025-10-17,109640,1,4,0,69.0
10110031DEDEV_2025-10-17_G20,10110031DEDEV,2025-10-17,109640,1,2,0,52.0
10110031DEDEV_2025-10-17_G22,10110031DEDEV,2025-10-17,111530,1,41,0,1114.0
10110031DEDEV_2025-10-17_G23,10110031DEDEV,2025-10-17,118094,1,60,0,351.0
10110031DEDEV_2025-10-17_G24,10110031DEDEV,2025-10-17,117788,1,14,0,188.0
10110031DEDEV_2025-10-17_G25,10110031DEDEV,2025-10-17,117862,1,70,0,409.0
10110031DEDEV_2025-10-17_G26,10110031DEDEV,2025-10-17,110733,1,60,0,780.0
10110031DEDEV_2025-10-17_G27,10110031DEDEV,2025-10-17,117935,1,47,0,694.0
10110031DEDEV_2025-10-17_G28,10110031DEDEV,2025-10-17,118298,1,10,0,795.0
10110031DEDEV_2025-10-17_G29,10110031DEDEV,2025-10-17,141066,1,60,0,368.0
10110031DEDEV_2025-10-17_G30,10110031DEDEV,2025-10-17,109643,1,50,0,686.0
10110031DEDEV_2025-10-17_G31,10110031DEDEV,2025-10-17,117840,1,10,0,179.0
10110031DEDEV_2025-10-17_G32,10110031DEDEV,2025-10-17,141202,1,32,0,268.0
10110031DEDEV_2025-10-17_G33,10110031DEDEV,2025-10-17,110325,1,40,0,479.0
10110031DEDEV_2025-10-17_G34,10110031DEDEV,2025-10-17,117832,1,140,0,1745.0
10110031DEDEV_2025-10-18_G02,10110031DEDEV,2025-10-18,111418,1,222,0,1499.0
10110031DEDEV_2025-10-18_G03,10110031DEDEV,2025-10-18,118317,1,10,0,2230.0
10110031DEDEV_2025-10-18_G04,10110031DEDEV,2025-10-18,111418,1,149,0,1715.0
10110031DEDEV_2025-10-18_G05,10110031DEDEV,2025-10-18,118299,1,364,0,1188.0
10110031DEDEV_2025-10-18_G06,10110031DEDEV,2025-10-18,117808,1,736,0,2480.0
10110031DEDEV_2025-10-19_G02,10110031DEDEV,2025-10-19,111348,1,2,0,162.0
10110031DEDEV_2025-10-19_G03,10110031DEDEV,2025-10-19,110742,1,4,0,175.0
10110031DEDEV_2025-10-19_G04,10110031DEDEV,2025-10-19,110582,1,4,0,218.0
10110031DEDEV_2025-10-19_G05,10110031DEDEV,2025-10-19,105272,1,2,0,75.0
10110031DEDEV_2025-10-19_G06,10110031DEDEV,2025-10-19,111467,1,4,0,158.0
10110031DEDEV_2025-10-19_G07,10110031DEDEV,2025-10-19,107629,1,8,0,217.0
10110031DEDEV_2025-10-19_G08,10110031DEDEV,2025-10-19,110581,1,4,0,127.0
10110031DEDEV_2025-10-19_G09,10110031DEDEV,2025-10-19,117853,1,4,0,94.0
10110031DEDEV_2025-10-19_G10,10110031DEDEV,2025-10-19,110733,1,8,0,97.0
10110031DEDEV_2025-10-19_G11,10110031DEDEV,2025-10-19,108361,1,6,0,152.0
10110031DEDEV_2025-10-19_G12,10110031DEDEV,2025-10-19,117808,1,4,0,165.0
10110031DEDEV_2025-10-19_G13,10110031DEDEV,2025-10-19,118140,1,3,0,244.0
10110031DEDEV_2025-10-19_G14,10110031DEDEV,2025-10-19,110711,1,4,0,1275.0
10110031DEDEV_2025-10-19_G15,10110031DEDEV,2025-10-19,110733,1,4,0,46.0
10110031DEDEV_2025-10-19_G16,10110031DEDEV,2025-10-19,110373,1,4,0,221.0
10110031DEDEV_2025-10-19_G17,10110031DEDEV,2025-10-19,110740,1,4,0,282.0
10110031DEDEV_2025-10-19_G18,10110031DEDEV,2025-10-19,141066,1,2,0,145.0
10110031DEDEV_2025-10-19_G19,10110031DEDEV,2025-10-19,118094,1,1,0,65.0
10110031DEDEV_2025-10-19_G20,10110031DEDEV,2025-10-19,109647,1,1,0,86.0
10110031DEDEV_2025-10-19_G21,10110031DEDEV,2025-10-19,107629,1,4,0,138.0
10110031DEDEV_2025-10-19_G22,10110031DEDEV,2025-10-19,109640,1,2,0,267.0
10110031DEDEV_2025-10-19_G23,10110031DEDEV,2025-10-19,109640,1,8,0,135.0
10110031DEDEV_2025-10-19_G24,10110031DEDEV,2025-10-19,111530,1,1,0,130.0
10110031DEDEV_2025-10-19_G25,10110031DEDEV,2025-10-19,110371,1,10,0,307.0
10110031DEDEV_2025-10-19_G26,10110031DEDEV,2025-10-19,141202,1,3,0,134.0
10110031DEDEV_2025-10-19_G27,10110031DEDEV,2025-10-19,118299,1,13,0,377.0
10110031DEDEV_2025-10-19_G28,10110031DEDEV,2025-10-19,117808,1,30,0,266.0
10110031DEDEV_2025-10-19_G29,10110031DEDEV,2025-10-19,107830,1,4,0,203.0
10110031DEDEV_2025-10-19_G30,10110031DEDEV,2025-10-19,111743,1,8,0,185.0
10110031DEDEV_2025-10-19_G31,10110031DEDEV,2025-10-19,141456,1,8,0,95.0
10110031DEDEV_2025-10-19_G32,10110031DEDEV,2025-10-19,117831,1,4,0,105.0
10110031DEDEV_2025-10-19_G33,10110031DEDEV,2025-10-19,111463,1,6,0,183.0
10110031DEDEV_2025-10-19_G34,10110031DEDEV,2025-10-19,111418,1,4,0,531.0
10110031DEDEV_2025-10-19_G35,10110031DEDEV,2025-10-19,109641,1,2,0,92.0
10110031DEDEV_2025-10-19_G36,10110031DEDEV,2025-10-19,111466,1,4,0,107.0
10110031DEDEV_2025-10-19_G37,10110031DEDEV,2025-10-19,141458,1,5,0,91.0
10110031DEDEV_2025-10-19_G38,10110031DEDEV,2025-10-19,111348,1,2,0,146.0
10110031DEDEV_2025-10-19_G39,10110031DEDEV,2025-10-19,108798,1,5,0,145.0
10110031DEDEV_2025-10-19_G40,10110031DEDEV,2025-10-19,141457,1,6,0,162.0
10110031DEDEV_2025-10-19_G41,10110031DEDEV,2025-10-19,108711,1,2,0,106.0
10110031DEDEV_2025-10-20_G03,10110031DEDEV,2025-10-20,141066,1,12,0,215.0
10110031DEDEV_2025-10-20_G04,10110031DEDEV,2025-10-20,118094,1,20,0,173.0
10110031DEDEV_2025-10-20_G05,10110031DEDEV,2025-10-20,107629,1,27,0,293.0
10110031DEDEV_2025-10-20_G06,10110031DEDEV,2025-10-20,118298,1,11,0,333.0
10110031DEDEV_2025-10-20_G07,10110031DEDEV,2025-10-20,110733,1,23,0,233.0
10110031DEDEV_2025-10-20_G08,10110031DEDEV,2025-10-20,117837,1,12,0,520.0
10110031DEDEV_2025-10-20_G09,10110031DEDEV,2025-10-20,108798,1,8,0,617.0
10110031DEDEV_2025-10-20_G10,10110031DEDEV,2025-10-20,110748,1,4,0,81.0
10110031DEDEV_2025-10-20_G11,10110031DEDEV,2025-10-20,111431,1,8,0,131.0
10110031DEDEV_2025-10-20_G12,10110031DEDEV,2025-10-20,117833,1,6,0,156.0
10110031DEDEV_2025-10-20_G13,10110031DEDEV,2025-10-20,117821,1,60,0,595.0
10110031DEDEV_2025-10-20_G14,10110031DEDEV,2025-10-20,107236,1,20,0,328.0
10110031DEDEV_2025-10-20_G15,10110031DEDEV,2025-10-20,111468,1,20,0,584.0
10110031DEDEV_2025-10-20_G16,10110031DEDEV,2025-10-20,141823,1,50,0,1082.0
10110031DEDEV_2025-10-20_G17,10110031DEDEV,2025-10-20,117787,1,20,0,361.0
10110031DEDEV_2025-10-20_G18,10110031DEDEV,2025-10-20,111466,1,50,0,650.0
10110031DEDEV_2025-10-20_G19,10110031DEDEV,2025-10-20,108794,1,60,0,857.0
10110031DEDEV_2025-10-20_G20,10110031DEDEV,2025-10-20,118140,1,100,0,716.0
10110031DEDEV_2025-10-20_G21,10110031DEDEV,2025-10-20,117831,1,60,0,767.0
10110031DEDEV_2025-10-20_G22,10110031DEDEV,2025-10-20,111463,1,80,0,536.0
10110031DEDEV_2025-10-20_G23,10110031DEDEV,2025-10-20,141318,1,10,0,515.0
10110031DEDEV_2025-10-20_G24,10110031DEDEV,2025-10-20,111569,1,11,0,201.0
10110031DEDEV_2025-10-20_G25,10110031DEDEV,2025-10-20,118418,1,3,0,158.0
10110031DEDEV_2025-10-20_G26,10110031DEDEV,2025-10-20,108759,1,6,0,391.0
10110031DEDEV_2025-10-21_G02,10110031DEDEV,2025-10-21,117834,1,8,0,192.0
10110031DEDEV_2025-10-21_G03,10110031DEDEV,2025-10-21,111793,1,4,0,274.0
10110031DEDEV_2025-10-21_G04,10110031DEDEV,2025-10-21,110579,1,1,0,76.0
10110031DEDEV_2025-10-21_G05,10110031DEDEV,2025-10-21,110064,1,2,0,56.0
10110031DEDEV_2025-10-21_G06,10110031DEDEV,2025-10-21,141286,1,2,0,792.0
10110031DEDEV_2025-10-21_G07,10110031DEDEV,2025-10-21,110813,1,1,0,215.0
10110031DEDEV_2025-10-21_G08,10110031DEDEV,2025-10-21,111112,1,1,0,365.0
10110031DEDEV_2025-10-21_G09,10110031DEDEV,2025-10-21,118269,1,32,0,1483.0
10110031DEDEV_2025-10-21_G10,10110031DEDEV,2025-10-21,110841,1,2,0,733.0
10110031DEDEV_2025-10-21_G11,10110031DEDEV,2025-10-21,110742,1,4,0,95.0
10110031DEDEV_2025-10-21_G12,10110031DEDEV,2025-10-21,100334,1,3,0,119.0
10110031DEDEV_2025-10-21_G13,10110031DEDEV,2025-10-21,141066,1,5,0,146.0
10110031DEDEV_2025-10-21_G14,10110031DEDEV,2025-10-21,111467,1,1,0,77.0
10110031DEDEV_2025-10-21_G15,10110031DEDEV,2025-10-21,118298,1,2,0,59.0
10110031DEDEV_2025-10-21_G16,10110031DEDEV,2025-10-21,110753,1,3,0,92.0
10110031DEDEV_2025-10-21_G17,10110031DEDEV,2025-10-21,117862,1,18,0,162.0
10110031DEDEV_2025-10-21_G18,10110031DEDEV,2025-10-21,110733,1,21,0,271.0
10110031DEDEV_2025-10-21_G19,10110031DEDEV,2025-10-21,110752,1,1,0,87.0
10110031DEDEV_2025-10-21_G20,10110031DEDEV,2025-10-21,117786,1,8,0,203.0
10110031DEDEV_2025-10-21_G21,10110031DEDEV,2025-10-21,111602,1,54,0,1111.0
10110031DEDEV_2025-10-21_G22,10110031DEDEV,2025-10-21,117855,1,14,0,149.0
10110031DEDEV_2025-10-21_G23,10110031DEDEV,2025-10-21,117837,1,5,0,218.0
10110031DEDEV_2025-10-21_G24,10110031DEDEV,2025-10-21,140923,1,74,0,500.0
10110031DEDEV_2025-10-21_G25,10110031DEDEV,2025-10-21,110339,1,35,0,338.0
10110031DEDEV_2025-10-21_G26,10110031DEDEV,2025-10-21,118140,1,15,0,395.0
10110031DEDEV_2025-10-21_G27,10110031DEDEV,2025-10-21,111743,1,4,0,136.0
10110031DEDEV_2025-10-21_G28,10110031DEDEV,2025-10-21,141456,1,37,0,319.0
10110031DEDEV_2025-10-21_G29,10110031DEDEV,2025-10-21,111463,1,44,0,364.0
10110031DEDEV_2025-10-21_G30,10110031DEDEV,2025-10-21,108795,1,4,0,143.0
10110031DEDEV_2025-10-21_G31,10110031DEDEV,2025-10-21,117838,1,7,0,130.0
10110031DEDEV_2025-10-21_G32,10110031DEDEV,2025-10-21,141457,1,45,0,517.0
10110031DEDEV_2025-10-21_G33,10110031DEDEV,2025-10-21,111435,1,2,0,54.0
10110031DEDEV_2025-10-21_G34,10110031DEDEV,2025-10-21,141823,1,15,0,117.0
10110031DEDEV_2025-10-21_G35,10110031DEDEV,2025-10-21,111431,1,1,0,71.0
10110031DEDEV_2025-10-21_G36,10110031DEDEV,2025-10-21,110743,1,8,0,74.0
10110031DEDEV_2025-10-21_G37,10110031DEDEV,2025-10-21,117787,1,3,0,235.0
10110031DEDEV_2025-10-21_G38,10110031DEDEV,2025-10-21,117833,1,2,0,82.0
10110031DEDEV_2025-10-21_G40,10110031DEDEV,2025-10-21,108770,1,2,0,71.0
10110031DEDEV_2025-10-21_G41,10110031DEDEV,2025-10-21,111430,1,3,0,62.0
10110031DEDEV_2025-10-21_G42,10110031DEDEV,2025-10-21,111447,1,4,0,70.0
10110031DEDEV_2025-10-21_G43,10110031DEDEV,2025-10-21,118306,1,1,0,122.0
10110031DEDEV_2025-10-21_G44,10110031DEDEV,2025-10-21,110742,1,1,0,104.0
10110031DEDEV_2025-10-21_G45,10110031DEDEV,2025-10-21,111660,1,10,0,255.0
10110031DEDEV_2025-10-21_G46,10110031DEDEV,2025-10-21,118290,1,7,0,168.0
10110031DEDEV_2025-10-21_G47,10110031DEDEV,2025-10-21,111569,1,4,0,291.0
10110031DEDEV_2025-10-21_G48,10110031DEDEV,2025-10-21,110373,1,25,0,320.0
10110031DEDEV_2025-10-21_G49,10110031DEDEV,2025-10-21,110373,1,57,0,457.0
10110031DEDEV_2025-10-21_G50,10110031DEDEV,2025-10-21,110371,1,10,0,283.0
10110031DEDEV_2025-10-21_G51,10110031DEDEV,2025-10-21,110325,1,2,0,61.0
10110031DEDEV_2025-10-21_G52,10110031DEDEV,2025-10-21,118299,1,24,0,440.0
10110031DEDEV_2025-10-21_G53,10110031DEDEV,2025-10-21,110376,1,3,0,78.0
10110031DEDEV_2025-10-21_G54,10110031DEDEV,2025-10-21,117808,1,10,0,323.0
10110031DEDEV_2025-10-21_G55,10110031DEDEV,2025-10-21,117808,1,66,0,368.0
10110031DEDEV_2025-10-21_G56,10110031DEDEV,2025-10-21,117820,1,26,0,1014.0
10110031DEDEV_2025-10-21_G57,10110031DEDEV,2025-10-21,107830,1,2,0,50.0
10110031DEDEV_2025-10-21_G58,10110031DEDEV,2025-10-21,"117832, 117820",2,4,22,155.0
10110031DEDEV_2025-10-21_G59,10110031DEDEV,2025-10-21,117785,1,22,0,1256.0
10110031DEDEV_2025-10-21_G60,10110031DEDEV,2025-10-21,117821,1,8,0,329.0
10110031DEDEV_2025-10-21_G61,10110031DEDEV,2025-10-21,107236,1,1,0,112.0
10110031DEDEV_2025-10-21_G62,10110031DEDEV,2025-10-21,110745,1,1,0,34.0
10110031DEDEV_2025-10-21_G63,10110031DEDEV,2025-10-21,110745,1,7,0,107.0
10110031DEDEV_2025-10-21_G64,10110031DEDEV,2025-10-21,111465,1,2,0,46.0
10110031DEDEV_2025-10-21_G65,10110031DEDEV,2025-10-21,111465,1,4,0,377.0
10110031DEDEV_2025-10-21_G66,10110031DEDEV,2025-10-21,111468,1,1,0,92.0
10110031DEDEV_2025-10-21_G67,10110031DEDEV,2025-10-21,117785,2,13,19,160.0
10110031DEDEV_2025-10-21_G68,10110031DEDEV,2025-10-21,111466,1,8,0,196.0
10110031DEDEV_2025-10-21_G69,10110031DEDEV,2025-10-21,111466,1,26,0,169.0
10110031DEDEV_2025-10-21_G70,10110031DEDEV,2025-10-21,111444,1,3,0,93.0
10110031DEDEV_2025-10-22_G02,10110031DEDEV,2025-10-22,111879,1,4,0,216.0
10110031DEDEV_2025-10-22_G03,10110031DEDEV,2025-10-22,117786,1,4,0,559.0
10110031DEDEV_2025-10-22_G04,10110031DEDEV,2025-10-22,109640,1,4,0,210.0
10110031DEDEV_2025-10-22_G05,10110031DEDEV,2025-10-22,111602,1,4,0,136.0
10110031DEDEV_2025-10-22_G06,10110031DEDEV,2025-10-22,117855,1,8,0,100.0
10110031DEDEV_2025-10-22_G07,10110031DEDEV,2025-10-22,117837,1,4,0,277.0
10110031DEDEV_2025-10-22_G08,10110031DEDEV,2025-10-22,160054,1,2,0,211.0
10110031DEDEV_2025-10-22_G09,10110031DEDEV,2025-10-22,117820,1,20,0,306.0
10110031DEDEV_2025-10-22_G10,10110031DEDEV,2025-10-22,111530,1,40,0,273.0
10110031DEDEV_2025-10-22_G11,10110031DEDEV,2025-10-22,110755,1,4,0,297.0
10110031DEDEV_2025-10-22_G12,10110031DEDEV,2025-10-22,110623,1,20,0,276.0
10110031DEDEV_2025-10-22_G13,10110031DEDEV,2025-10-22,118290,1,4,0,274.0
10110031DEDEV_2025-10-22_G14,10110031DEDEV,2025-10-22,110578,1,4,0,401.0
10110031DEDEV_2025-10-22_G15,10110031DEDEV,2025-10-22,108772,1,4,0,495.0
10110031DEDEV_2025-10-22_G16,10110031DEDEV,2025-10-22,117832,1,4,0,2456.0
10110031DEDEV_2025-10-22_G17,10110031DEDEV,2025-10-22,110313,1,7,0,162.0
10110031DEDEV_2025-10-22_G18,10110031DEDEV,2025-10-22,111569,1,8,0,230.0
10110031DEDEV_2025-10-22_G19,10110031DEDEV,2025-10-22,110313,1,4,0,85.0
10110031DEDEV_2025-10-22_G20,10110031DEDEV,2025-10-22,110313,1,4,0,56.0
10110031DEDEV_2025-10-22_G21,10110031DEDEV,2025-10-22,117935,1,7,0,148.0
10110031DEDEV_2025-10-22_G22,10110031DEDEV,2025-10-22,117837,1,6,0,229.0
10110031DEDEV_2025-10-22_G23,10110031DEDEV,2025-10-22,111431,1,4,0,226.0
10110031DEDEV_2025-10-22_G24,10110031DEDEV,2025-10-22,110743,1,4,0,56.0
10110031DEDEV_2025-10-22_G25,10110031DEDEV,2025-10-22,118299,1,12,0,260.0
10110031DEDEV_2025-10-22_G26,10110031DEDEV,2025-10-22,108770,1,4,0,1687.0
10110031DEDEV_2025-10-22_G27,10110031DEDEV,2025-10-22,109640,1,22,0,514.0
10110031DEDEV_2025-10-22_G28,10110031DEDEV,2025-10-22,117785,1,14,0,210.0
10110031DEDEV_2025-10-22_G29,10110031DEDEV,2025-10-22,117785,1,124,0,1903.0
10110031DEDEV_2025-10-22_G31,10110031DEDEV,2025-10-22,110325,1,8,0,202.0
10110031DEDEV_2025-10-22_G32,10110031DEDEV,2025-10-22,110373,1,58,0,631.0
10110031DEDEV_2025-10-22_G33,10110031DEDEV,2025-10-22,110371,1,26,0,243.0
10110031DEDEV_2025-10-22_G34,10110031DEDEV,2025-10-22,110375,1,3,0,127.0
10110031DEDEV_2025-10-22_G35,10110031DEDEV,2025-10-22,110376,1,5,0,128.0
10110031DEDEV_2025-10-22_G36,10110031DEDEV,2025-10-22,117808,1,527,0,1614.0
10110031DEDEV_2025-10-22_G37,10110031DEDEV,2025-10-22,117809,1,8,0,677.0
10110031DEDEV_2025-10-22_G38,10110031DEDEV,2025-10-22,117856,1,42,0,1736.0
10110031DEDEV_2025-10-22_G39,10110031DEDEV,2025-10-22,117856,1,10,0,219.0
10110031DEDEV_2025-10-22_G40,10110031DEDEV,2025-10-22,110733,1,19,0,927.0
10110031DEDEV_2025-10-22_G41,10110031DEDEV,2025-10-22,111467,1,30,0,447.0
10110031DEDEV_2025-10-22_G42,10110031DEDEV,2025-10-22,111602,1,25,0,669.0
10110031DEDEV_2025-10-22_G43,10110031DEDEV,2025-10-22,117855,1,60,0,461.0
10110031DEDEV_2025-10-22_G44,10110031DEDEV,2025-10-22,111530,1,73,0,313.0
10110031DEDEV_2025-10-22_G45,10110031DEDEV,2025-10-22,117935,1,46,0,418.0
10110031DEDEV_2025-10-22_G46,10110031DEDEV,2025-10-22,110339,1,20,0,392.0
10110031DEDEV_2025-10-22_G47,10110031DEDEV,2025-10-22,108772,2,3,24,97.0
10110031DEDEV_2025-10-22_G48,10110031DEDEV,2025-10-22,141456,1,73,0,391.0
10110031DEDEV_2025-10-22_G49,10110031DEDEV,2025-10-22,118140,1,4,0,163.0
10110031DEDEV_2025-10-23_G02,10110031DEDEV,2025-10-23,111463,1,53,0,400.0
10110031DEDEV_2025-10-23_G03,10110031DEDEV,2025-10-23,140922,1,26,0,692.0
10110031DEDEV_2025-10-23_G04,10110031DEDEV,2025-10-23,117821,1,40,0,2507.0
10110031DEDEV_2025-10-23_G05,10110031DEDEV,2025-10-23,141457,1,54,0,687.0
10110031DEDEV_2025-10-23_G06,10110031DEDEV,2025-10-23,117935,1,100,0,1233.0
10110031DEDEV_2025-10-23_G07,10110031DEDEV,2025-10-23,111469,1,8,0,2134.0
10110031DEDEV_2025-10-23_G08,10110031DEDEV,2025-10-23,111469,1,54,0,55.0
10110031DEDEV_2025-10-23_G09,10110031DEDEV,2025-10-23,118317,1,27,0,336.0
10110031DEDEV_2025-10-23_G10,10110031DEDEV,2025-10-23,110743,1,20,0,328.0
10110031DEDEV_2025-10-23_G11,10110031DEDEV,2025-10-23,111462,2,27,15,460.0
10110031DEDEV_2025-10-23_G12,10110031DEDEV,2025-10-23,111462,1,61,0,32.0
10110031DEDEV_2025-10-23_G13,10110031DEDEV,2025-10-23,111462,2,82,24,655.0
10110031DEDEV_2025-10-23_G14,10110031DEDEV,2025-10-23,160055,1,5,0,1326.0
10110031DEDEV_2025-10-23_G15,10110031DEDEV,2025-10-23,111469,1,31,0,233.0
10110031DEDEV_2025-10-23_G17,10110031DEDEV,2025-10-23,111430,1,2,0,84.0
10110031DEDEV_2025-10-23_G18,10110031DEDEV,2025-10-23,118222,1,5,0,157.0
10110031DEDEV_2025-10-23_G19,10110031DEDEV,2025-10-23,141318,1,12,0,154.0
10110031DEDEV_2025-10-23_G20,10110031DEDEV,2025-10-23,110755,1,7,0,130.0
10110031DEDEV_2025-10-23_G21,10110031DEDEV,2025-10-23,118290,1,13,0,760.0
10110031DEDEV_2025-10-23_G22,10110031DEDEV,2025-10-23,111569,1,6,0,162.0
10110031DEDEV_2025-10-23_G23,10110031DEDEV,2025-10-23,141456,1,2,0,449.0
10110031DEDEV_2025-10-23_G24,10110031DEDEV,2025-10-23,118140,1,32,0,515.0
10110031DEDEV_2025-10-23_G25,10110031DEDEV,2025-10-23,105705,1,2,0,59.0
10110031DEDEV_2025-10-23_G26,10110031DEDEV,2025-10-23,111466,1,16,0,90.0
10110031DEDEV_2025-10-23_G27,10110031DEDEV,2025-10-23,111463,1,8,0,75.0
10110031DEDEV_2025-10-23_G28,10110031DEDEV,2025-10-23,111743,1,7,0,88.0
10110031DEDEV_2025-10-23_G29,10110031DEDEV,2025-10-23,140922,1,3,0,217.0
10110031DEDEV_2025-10-23_G30,10110031DEDEV,2025-10-23,111348,1,3,0,71.0
10110031DEDEV_2025-10-23_G31,10110031DEDEV,2025-10-23,118317,1,6,0,142.0
10110031DEDEV_2025-10-23_G32,10110031DEDEV,2025-10-23,110743,1,8,0,115.0
10110031DEDEV_2025-10-23_G33,10110031DEDEV,2025-10-23,111418,1,32,0,691.0
10110031DEDEV_2025-10-23_G34,10110031DEDEV,2025-10-23,109641,1,6,0,133.0
10110031DEDEV_2025-10-23_G35,10110031DEDEV,2025-10-23,111462,1,18,0,214.0
10110031DEDEV_2025-10-23_G36,10110031DEDEV,2025-10-23,117785,1,2,0,78.0
10110031DEDEV_2025-10-23_G37,10110031DEDEV,2025-10-23,141458,1,4,0,140.0
10110031DEDEV_2025-10-23_G38,10110031DEDEV,2025-10-23,110745,1,2,0,72.0
10110031DEDEV_2025-10-23_G39,10110031DEDEV,2025-10-23,111465,1,6,0,76.0
10110031DEDEV_2025-10-23_G40,10110031DEDEV,2025-10-23,110313,1,8,0,408.0
10110031DEDEV_2025-10-23_G41,10110031DEDEV,2025-10-23,117856,1,8,0,90.0
10110031DEDEV_2025-10-23_G42,10110031DEDEV,2025-10-23,118094,1,4,0,88.0
10110031DEDEV_2025-10-23_G43,10110031DEDEV,2025-10-23,110711,1,6,0,164.0
10110031DEDEV_2025-10-23_G44,10110031DEDEV,2025-10-23,117853,1,4,0,105.0
10110031DEDEV_2025-10-23_G45,10110031DEDEV,2025-10-23,117786,1,4,0,82.0
10110031DEDEV_2025-10-23_G46,10110031DEDEV,2025-10-23,140923,1,10,0,110.0
10110031DEDEV_2025-10-23_G47,10110031DEDEV,2025-10-23,111602,1,11,0,342.0
10110031DEDEV_2025-10-23_G48,10110031DEDEV,2025-10-23,110339,1,6,0,94.0
10110031DEDEV_2025-10-23_G49,10110031DEDEV,2025-10-23,117855,1,5,0,94.0
10110031DEDEV_2025-10-23_G50,10110031DEDEV,2025-10-23,111530,1,17,0,932.0
10110031DEDEV_2025-10-23_G51,10110031DEDEV,2025-10-23,109643,1,5,0,119.0
10110031DEDEV_2025-10-23_G52,10110031DEDEV,2025-10-23,117832,1,7,0,124.0
10110031DEDEV_2025-10-23_G53,10110031DEDEV,2025-10-23,117808,1,35,0,172.0
10110031DEDEV_2025-10-23_G54,10110031DEDEV,2025-10-23,110373,1,20,0,218.0
10110031DEDEV_2025-10-23_G55,10110031DEDEV,2025-10-23,111182,2,5,15,437.0
10110031DEDEV_2025-10-24_G02,10110031DEDEV,2025-10-24,160054,1,12,0,163.0
10110031DEDEV_2025-10-24_G03,10110031DEDEV,2025-10-24,160051,1,9,0,186.0
10110031DEDEV_2025-10-24_G04,10110031DEDEV,2025-10-24,118222,1,2,0,2943.0
10110031DEDEV_2025-10-24_G05,10110031DEDEV,2025-10-24,110742,1,2,0,76.0
10110031DEDEV_2025-10-24_G06,10110031DEDEV,2025-10-24,111660,1,3,0,117.0
10110031DEDEV_2025-10-24_G07,10110031DEDEV,2025-10-24,117786,1,4,0,93.0
10110031DEDEV_2025-10-24_G08,10110031DEDEV,2025-10-24,107629,1,4,0,115.0
10110031DEDEV_2025-10-24_G09,10110031DEDEV,2025-10-24,111467,1,2,0,78.0
10110031DEDEV_2025-10-24_G10,10110031DEDEV,2025-10-24,117862,1,1,0,102.0
10110031DEDEV_2025-10-24_G11,10110031DEDEV,2025-10-24,140922,1,4,0,232.0
10110031DEDEV_2025-10-24_G12,10110031DEDEV,2025-10-24,111469,1,2,0,108.0
10110031DEDEV_2025-10-24_G13,10110031DEDEV,2025-10-24,141458,1,4,0,105.0
10110031DEDEV_2025-10-24_G14,10110031DEDEV,2025-10-24,111466,1,2,0,175.0
10110031DEDEV_2025-10-24_G15,10110031DEDEV,2025-10-24,117820,1,2,0,116.0
10110031DEDEV_2025-10-24_G16,10110031DEDEV,2025-10-24,110375,1,4,0,90.0
10110031DEDEV_2025-10-24_G17,10110031DEDEV,2025-10-24,110373,1,13,0,209.0
10110031DEDEV_2025-10-24_G18,10110031DEDEV,2025-10-24,111430,1,2,0,346.0
10110031DEDEV_2025-10-24_G19,10110031DEDEV,2025-10-24,110742,1,4,0,140.0
10110031DEDEV_2025-10-24_G20,10110031DEDEV,2025-10-24,111660,1,4,0,174.0
10110031DEDEV_2025-10-24_G21,10110031DEDEV,2025-10-24,117935,1,4,0,516.0
10110031DEDEV_2025-10-24_G22,10110031DEDEV,2025-10-24,117862,1,1,0,72.0
10110031DEDEV_2025-10-24_G23,10110031DEDEV,2025-10-24,111530,1,9,0,403.0
10110031DEDEV_2025-10-24_G24,10110031DEDEV,2025-10-24,117831,1,1,0,151.0
10110031DEDEV_2025-10-24_G25,10110031DEDEV,2025-10-24,111463,1,4,0,113.0
10110031DEDEV_2025-10-24_G26,10110031DEDEV,2025-10-24,107236,1,1,0,107.0
10110031DEDEV_2025-10-24_G27,10110031DEDEV,2025-10-24,111468,1,3,0,113.0
10110031DEDEV_2025-10-24_G28,10110031DEDEV,2025-10-24,107830,1,2,0,149.0
10110031DEDEV_2025-10-24_G29,10110031DEDEV,2025-10-24,110375,1,4,0,123.0
10110031DEDEV_2025-10-24_G30,10110031DEDEV,2025-10-24,117808,1,5,0,72.0
10110031DEDEV_2025-10-24_G31,10110031DEDEV,2025-10-24,110372,1,30,0,333.0
10110031DEDEV_2025-10-24_G32,10110031DEDEV,2025-10-24,118299,1,11,0,166.0
10110031DEDEV_2025-10-24_G33,10110031DEDEV,2025-10-24,110373,1,11,0,417.0
10110031DEDEV_2025-10-24_G34,10110031DEDEV,2025-10-24,110371,1,6,0,81.0
10110031DEDEV_2025-10-24_G35,10110031DEDEV,2025-10-24,110325,1,2,0,53.0
10110031DEDEV_2025-10-24_G37,10110031DEDEV,2025-10-24,118140,1,30,0,172.0
10110031DEDEV_2025-10-24_G38,10110031DEDEV,2025-10-24,110751,1,6,0,130.0
10110031DEDEV_2025-10-24_G39,10110031DEDEV,2025-10-24,110740,1,5,0,119.0
10110031DEDEV_2025-10-24_G40,10110031DEDEV,2025-10-24,117853,1,4,0,626.0
10110031DEDEV_2025-10-24_G41,10110031DEDEV,2025-10-24,110756,1,4,0,44.0
10110031DEDEV_2025-10-24_G42,10110031DEDEV,2025-10-24,117935,1,3,0,89.0
10110031DEDEV_2025-10-24_G43,10110031DEDEV,2025-10-24,117786,1,4,0,116.0
10110031DEDEV_2025-10-24_G44,10110031DEDEV,2025-10-24,111602,1,14,0,227.0
10110031DEDEV_2025-10-24_G45,10110031DEDEV,2025-10-24,110339,1,4,0,62.0
10110031DEDEV_2025-10-24_G46,10110031DEDEV,2025-10-24,109640,1,36,0,399.0
10110031DEDEV_2025-10-24_G48,10110031DEDEV,2025-10-24,117842,1,3,0,90.0
10110031DEDEV_2025-10-24_G49,10110031DEDEV,2025-10-24,117785,1,18,0,205.0
10110031DEDEV_2025-10-24_G50,10110031DEDEV,2025-10-24,108794,1,1,0,127.0
10110031DEDEV_2025-10-24_G51,10110031DEDEV,2025-10-24,111418,1,60,0,1025.0
10110031DEDEV_2025-10-25_G02,10110031DEDEV,2025-10-25,110371,1,30,0,254.0
10110031DEDEV_2025-10-25_G03,10110031DEDEV,2025-10-25,110325,1,24,0,130.0
10110031DEDEV_2025-10-25_G04,10110031DEDEV,2025-10-25,118299,1,40,0,283.0
10110031DEDEV_2025-10-25_G05,10110031DEDEV,2025-10-25,117808,1,154,0,1000.0
10110031DEDEV_2025-10-25_G06,10110031DEDEV,2025-10-25,111172,1,3,0,947.0
10110031DEDEV_2025-10-25_G07,10110031DEDEV,2025-10-25,110895,1,6,0,569.0
10110031DEDEV_2025-10-25_G08,10110031DEDEV,2025-10-25,110895,2,32,8,2158.0
10110031DEDEV_2025-10-26_G02,10110031DEDEV,2025-10-26,118416,1,6,0,158.0
10110031DEDEV_2025-10-26_G03,10110031DEDEV,2025-10-26,110313,1,8,0,135.0
10110031DEDEV_2025-10-26_G04,10110031DEDEV,2025-10-26,110753,1,6,0,172.0
10110031DEDEV_2025-10-26_G05,10110031DEDEV,2025-10-26,110711,1,17,0,238.0
10110031DEDEV_2025-10-26_G06,10110031DEDEV,2025-10-26,117935,1,8,0,153.0
10110031DEDEV_2025-10-26_G07,10110031DEDEV,2025-10-26,108772,1,2,0,112.0
10110031DEDEV_2025-10-26_G08,10110031DEDEV,2025-10-26,111467,1,6,0,126.0
10110031DEDEV_2025-10-26_G09,10110031DEDEV,2025-10-26,140923,1,16,0,401.0
10110031DEDEV_2025-10-26_G10,10110031DEDEV,2025-10-26,111602,1,19,0,169.0
10110031DEDEV_2025-10-26_G11,10110031DEDEV,2025-10-26,117855,1,10,0,102.0
10110031DEDEV_2025-10-26_G12,10110031DEDEV,2025-10-26,117837,1,10,0,125.0
10110031DEDEV_2025-10-26_G13,10110031DEDEV,2025-10-26,111530,1,4,0,142.0
10110031DEDEV_2025-10-26_G14,10110031DEDEV,2025-10-26,111530,1,20,0,184.0
10110031DEDEV_2025-10-26_G15,10110031DEDEV,2025-10-26,107830,1,9,0,388.0
10110031DEDEV_2025-10-26_G16,10110031DEDEV,2025-10-26,117832,1,14,0,109.0
10110031DEDEV_2025-10-26_G17,10110031DEDEV,2025-10-26,110372,1,48,0,546.0
10110031DEDEV_2025-10-26_G18,10110031DEDEV,2025-10-26,110376,1,8,0,134.0
10110031DEDEV_2025-10-26_G19,10110031DEDEV,2025-10-26,141202,1,7,0,171.0
10110031DEDEV_2025-10-26_G20,10110031DEDEV,2025-10-26,117808,1,64,0,401.0
10110031DEDEV_2025-10-26_G21,10110031DEDEV,2025-10-26,118299,1,64,0,815.0
10110031DEDEV_2025-10-26_G22,10110031DEDEV,2025-10-26,111469,1,4,0,658.0
10110031DEDEV_2025-10-26_G23,10110031DEDEV,2025-10-26,111569,1,2,0,156.0
10110031DEDEV_2025-10-26_G24,10110031DEDEV,2025-10-26,141066,1,4,0,135.0
10110031DEDEV_2025-10-26_G25,10110031DEDEV,2025-10-26,111530,1,2,0,129.0
10110031DEDEV_2025-10-26_G26,10110031DEDEV,2025-10-26,110711,1,2,0,92.0
10110031DEDEV_2025-10-26_G27,10110031DEDEV,2025-10-26,117862,1,4,0,52.0
10110031DEDEV_2025-10-26_G28,10110031DEDEV,2025-10-26,110733,1,4,0,129.0
10110031DEDEV_2025-10-26_G29,10110031DEDEV,2025-10-26,111467,1,3,0,101.0
10110031DEDEV_2025-10-26_G30,10110031DEDEV,2025-10-26,110339,1,4,0,112.0
10110031DEDEV_2025-10-26_G31,10110031DEDEV,2025-10-26,111462,1,20,0,757.0
10110031DEDEV_2025-10-26_G32,10110031DEDEV,2025-10-26,117821,1,4,0,49.0
10110031DEDEV_2025-10-26_G33,10110031DEDEV,2025-10-26,110740,1,2,0,114.0
10110031DEDEV_2025-10-26_G34,10110031DEDEV,2025-10-26,140922,1,8,0,219.0
10110031DEDEV_2025-10-26_G35,10110031DEDEV,2025-10-26,105705,1,4,0,127.0
10110031DEDEV_2025-10-26_G36,10110031DEDEV,2025-10-26,111466,1,5,0,84.0
10110031DEDEV_2025-10-26_G37,10110031DEDEV,2025-10-26,109641,1,2,0,117.0
10110031DEDEV_2025-10-26_G38,10110031DEDEV,2025-10-26,109643,1,4,0,531.0
10110031DEDEV_2025-10-26_G39,10110031DEDEV,2025-10-26,117832,1,4,0,128.0
10110031DEDEV_2025-10-26_G40,10110031DEDEV,2025-10-26,110325,1,8,0,119.0
10110031DEDEV_2025-10-26_G41,10110031DEDEV,2025-10-26,109640,1,8,0,159.0
10110031DEDEV_2025-10-26_G42,10110031DEDEV,2025-10-26,111602,1,6,0,132.0
10110031DEDEV_2025-10-27_G02,10110031DEDEV,2025-10-27,117820,1,200,0,2995.0
10110031DEDEV_2025-10-27_G03,10110031DEDEV,2025-10-27,118299,1,200,0,658.0
10110031DEDEV_2025-10-27_G04,10110031DEDEV,2025-10-27,117808,1,500,0,1585.0
10110031DEDEV_2025-10-27_G05,10110031DEDEV,2025-10-27,110373,1,300,0,826.0
10110031DEDEV_2025-10-27_G06,10110031DEDEV,2025-10-27,117808,1,500,0,1614.0
10110031DEDEV_2025-10-27_G07,10110031DEDEV,2025-10-27,117822,1,30,0,1207.0
10110031DEDEV_2025-10-27_G08,10110031DEDEV,2025-10-27,117830,1,20,0,557.0
10110031DEDEV_2025-10-27_G10,10110031DEDEV,2025-10-27,108770,1,4,0,54.0
10110031DEDEV_2025-10-27_G11,10110031DEDEV,2025-10-27,111430,1,4,0,67.0
10110031DEDEV_2025-10-27_G12,10110031DEDEV,2025-10-27,111430,1,8,0,74.0
10110031DEDEV_2025-10-27_G13,10110031DEDEV,2025-10-27,118306,1,6,0,114.0
10110031DEDEV_2025-10-27_G14,10110031DEDEV,2025-10-27,110623,1,16,0,502.0
10110031DEDEV_2025-10-27_G15,10110031DEDEV,2025-10-27,111440,1,4,0,243.0
10110031DEDEV_2025-10-27_G16,10110031DEDEV,2025-10-27,117836,1,12,0,193.0
10110031DEDEV_2025-10-27_G17,10110031DEDEV,2025-10-27,100334,1,8,0,376.0
10110031DEDEV_2025-10-27_G18,10110031DEDEV,2025-10-27,110742,1,8,0,113.0
10110031DEDEV_2025-10-27_G19,10110031DEDEV,2025-10-27,110747,1,5,0,120.0
10110031DEDEV_2025-10-27_G20,10110031DEDEV,2025-10-27,111569,1,4,0,95.0
10110031DEDEV_2025-10-27_G21,10110031DEDEV,2025-10-27,111569,1,20,0,130.0
10110031DEDEV_2025-10-27_G22,10110031DEDEV,2025-10-27,118306,1,20,0,625.0
10110031DEDEV_2025-10-27_G23,10110031DEDEV,2025-10-27,100334,1,8,0,645.0
10110031DEDEV_2025-10-27_G24,10110031DEDEV,2025-10-27,110747,1,12,0,952.0
10110031DEDEV_2025-10-27_G25,10110031DEDEV,2025-10-27,111441,2,14,7,1481.0
10110031DEDEV_2025-10-27_G26,10110031DEDEV,2025-10-27,111441,1,12,0,31.0
10110031DEDEV_2025-10-27_G27,10110031DEDEV,2025-10-27,117832,1,20,0,1427.0
10110031DEDEV_2025-10-27_G28,10110031DEDEV,2025-10-27,118299,1,8,0,156.0
10110031DEDEV_2025-10-27_G29,10110031DEDEV,2025-10-27,117822,1,4,0,127.0
10110031DEDEV_2025-10-27_G30,10110031DEDEV,2025-10-27,117832,1,12,0,49.0
10110031DEDEV_2025-10-28_G02,10110031DEDEV,2025-10-28,111530,1,4,0,659.0
10110031DEDEV_2025-10-28_G03,10110031DEDEV,2025-10-28,108794,1,3,0,124.0
10110031DEDEV_2025-10-28_G04,10110031DEDEV,2025-10-28,110745,1,4,0,488.0
10110031DEDEV_2025-10-28_G05,10110031DEDEV,2025-10-28,141202,1,4,0,209.0
10110031DEDEV_2025-10-28_G06,10110031DEDEV,2025-10-28,110733,1,1,0,874.0
10110031DEDEV_2025-10-28_G07,10110031DEDEV,2025-10-28,118140,1,1,0,169.0
10110031DEDEV_2025-10-28_G08,10110031DEDEV,2025-10-28,111743,1,6,0,117.0
10110031DEDEV_2025-10-28_G09,10110031DEDEV,2025-10-28,111602,1,4,0,575.0
10110031DEDEV_2025-10-28_G10,10110031DEDEV,2025-10-28,111462,1,9,0,103.0
10110031DEDEV_2025-10-28_G11,10110031DEDEV,2025-10-28,110372,1,6,0,396.0
10110031DEDEV_2025-10-28_G12,10110031DEDEV,2025-10-28,141202,1,1,0,106.0
10110031DEDEV_2025-10-28_G13,10110031DEDEV,2025-10-28,110733,1,9,0,750.0
10110031DEDEV_2025-10-28_G14,10110031DEDEV,2025-10-28,117855,1,4,0,178.0
10110031DEDEV_2025-10-28_G15,10110031DEDEV,2025-10-28,141066,1,3,0,165.0
10110031DEDEV_2025-10-28_G16,10110031DEDEV,2025-10-28,111743,1,2,0,208.0
10110031DEDEV_2025-10-28_G17,10110031DEDEV,2025-10-28,108798,1,1,0,88.0
10110031DEDEV_2025-10-28_G18,10110031DEDEV,2025-10-28,110373,1,4,0,130.0
10110031DEDEV_2025-10-28_G19,10110031DEDEV,2025-10-28,110375,1,4,0,145.0
10110031DEDEV_2025-10-28_G20,10110031DEDEV,2025-10-28,117820,1,1,0,133.0
10110031DEDEV_2025-10-28_G21,10110031DEDEV,2025-10-28,107830,1,1,0,95.0
10110031DEDEV_2025-10-28_G22,10110031DEDEV,2025-10-28,118140,1,2,0,253.0
10110031DEDEV_2025-10-28_G23,10110031DEDEV,2025-10-28,110623,1,1,0,169.0
10110031DEDEV_2025-10-28_G24,10110031DEDEV,2025-10-28,118140,1,8,0,314.0
10110031DEDEV_2025-10-28_G26,10110031DEDEV,2025-10-28,110080,1,2,0,89.0
10110031DEDEV_2025-10-28_G27,10110031DEDEV,2025-10-28,111430,1,2,0,76.0
10110031DEDEV_2025-10-28_G28,10110031DEDEV,2025-10-28,107888,1,4,0,102.0
10110031DEDEV_2025-10-28_G29,10110031DEDEV,2025-10-28,118222,1,16,0,187.0
10110031DEDEV_2025-10-28_G30,10110031DEDEV,2025-10-28,118306,1,2,0,61.0
10110031DEDEV_2025-10-28_G31,10110031DEDEV,2025-10-28,110531,1,2,0,183.0
10110031DEDEV_2025-10-28_G32,10110031DEDEV,2025-10-28,105359,1,2,0,122.0
10110031DEDEV_2025-10-28_G33,10110031DEDEV,2025-10-28,106865,1,2,0,163.0
10110031DEDEV_2025-10-28_G34,10110031DEDEV,2025-10-28,110754,1,4,0,131.0
10110031DEDEV_2025-10-28_G35,10110031DEDEV,2025-10-28,115775,1,4,0,989.0
10110031DEDEV_2025-10-28_G36,10110031DEDEV,2025-10-28,141456,1,80,0,1158.0
10110031DEDEV_2025-10-28_G37,10110031DEDEV,2025-10-28,118140,1,10,0,102.0
10110031DEDEV_2025-10-28_G38,10110031DEDEV,2025-10-28,117831,1,80,0,825.0
10110031DEDEV_2025-10-28_G39,10110031DEDEV,2025-10-28,111418,1,44,0,254.0
10110031DEDEV_2025-10-28_G40,10110031DEDEV,2025-10-28,111743,1,6,0,265.0
10110031DEDEV_2025-10-28_G41,10110031DEDEV,2025-10-28,111743,1,8,0,80.0
10110031DEDEV_2025-10-28_G42,10110031DEDEV,2025-10-28,108798,1,20,0,285.0
10110031DEDEV_2025-10-28_G43,10110031DEDEV,2025-10-28,110748,1,4,0,124.0
10110031DEDEV_2025-10-28_G44,10110031DEDEV,2025-10-28,111431,1,2,0,130.0
10110031DEDEV_2025-10-28_G45,10110031DEDEV,2025-10-28,117785,1,40,0,250.0
10110031DEDEV_2025-10-28_G46,10110031DEDEV,2025-10-28,111532,1,10,0,538.0
10110031DEDEV_2025-10-28_G47,10110031DEDEV,2025-10-28,111465,1,4,0,85.0
10110031DEDEV_2025-10-28_G48,10110031DEDEV,2025-10-28,118326,1,6,0,130.0
10110031DEDEV_2025-10-28_G49,10110031DEDEV,2025-10-28,118317,1,3,0,166.0
10110031DEDEV_2025-10-28_G50,10110031DEDEV,2025-10-28,117833,1,2,0,86.0
10110031DEDEV_2025-10-28_G51,10110031DEDEV,2025-10-28,141457,1,50,0,744.0
10110031DEDEV_2025-10-28_G52,10110031DEDEV,2025-10-28,141458,1,80,0,614.0
10110031DEDEV_2025-10-29_G02,10110031DEDEV,2025-10-29,111530,1,3,0,110.0
10110031DEDEV_2025-10-29_G03,10110031DEDEV,2025-10-29,109640,1,8,0,342.0
10110031DEDEV_2025-10-29_G04,10110031DEDEV,2025-10-29,111466,1,20,0,223.0
10110031DEDEV_2025-10-29_G05,10110031DEDEV,2025-10-29,111463,1,8,0,92.0
10110031DEDEV_2025-10-29_G06,10110031DEDEV,2025-10-29,111463,1,12,0,42.0
10110031DEDEV_2025-10-29_G07,10110031DEDEV,2025-10-29,111418,1,12,0,125.0
10110031DEDEV_2025-10-29_G08,10110031DEDEV,2025-10-29,111743,1,5,0,109.0
10110031DEDEV_2025-10-29_G09,10110031DEDEV,2025-10-29,117787,1,2,0,95.0
10110031DEDEV_2025-10-29_G10,10110031DEDEV,2025-10-29,117833,1,4,0,97.0
10110031DEDEV_2025-10-29_G11,10110031DEDEV,2025-10-29,118299,1,250,0,1683.0
10110031DEDEV_2025-10-29_G12,10110031DEDEV,2025-10-29,117822,1,4,0,248.0
10110031DEDEV_2025-10-29_G13,10110031DEDEV,2025-10-29,110373,1,20,0,161.0
10110031DEDEV_2025-10-29_G14,10110031DEDEV,2025-10-29,117820,1,50,0,452.0
10110031DEDEV_2025-10-29_G15,10110031DEDEV,2025-10-29,160053,1,6,0,345.0
10110031DEDEV_2025-10-29_G16,10110031DEDEV,2025-10-29,118094,1,4,0,956.0
10110031DEDEV_2025-10-29_G17,10110031DEDEV,2025-10-29,117786,1,6,0,88.0
10110031DEDEV_2025-10-29_G18,10110031DEDEV,2025-10-29,140923,1,7,0,157.0
10110031DEDEV_2025-10-29_G19,10110031DEDEV,2025-10-29,141456,1,8,0,276.0
10110031DEDEV_2025-10-29_G20,10110031DEDEV,2025-10-29,140922,1,2,0,81.0
10110031DEDEV_2025-10-29_G21,10110031DEDEV,2025-10-29,141457,1,8,0,111.0
10110031DEDEV_2025-10-29_G22,10110031DEDEV,2025-10-29,117787,1,1,0,100.0
10110031DEDEV_2025-10-29_G23,10110031DEDEV,2025-10-29,111468,1,4,0,78.0
10110031DEDEV_2025-10-29_G24,10110031DEDEV,2025-10-29,107830,1,1,0,163.0
10110031DEDEV_2025-10-29_G25,10110031DEDEV,2025-10-29,103149,1,2,0,588.0
10110031DEDEV_2025-10-29_G26,10110031DEDEV,2025-10-29,117853,1,2,0,169.0
10110031DEDEV_2025-10-29_G27,10110031DEDEV,2025-10-29,140923,1,2,0,133.0
10110031DEDEV_2025-10-29_G28,10110031DEDEV,2025-10-29,108798,1,3,0,1146.0
10110031DEDEV_2025-10-29_G29,10110031DEDEV,2025-10-29,111465,1,2,0,144.0
10110031DEDEV_2025-10-29_G30,10110031DEDEV,2025-10-29,110325,1,2,0,73.0
10110031DEDEV_2025-10-29_G31,10110031DEDEV,2025-10-29,106326,1,2,0,176.0
10110031DEDEV_2025-10-29_G32,10110031DEDEV,2025-10-29,117820,1,4,0,55.0
10110031DEDEV_2025-10-29_G34,10110031DEDEV,2025-10-29,116611,1,3,0,489.0
10110031DEDEV_2025-10-29_G35,10110031DEDEV,2025-10-29,117856,1,24,0,423.0
10110031DEDEV_2025-10-29_G36,10110031DEDEV,2025-10-29,109647,1,8,0,402.0
10110031DEDEV_2025-10-29_G37,10110031DEDEV,2025-10-29,111530,1,1,0,76.0
10110031DEDEV_2025-10-29_G38,10110031DEDEV,2025-10-29,111530,1,24,0,231.0
10110031DEDEV_2025-10-29_G39,10110031DEDEV,2025-10-29,111530,1,15,0,396.0
10110031DEDEV_2025-10-29_G40,10110031DEDEV,2025-10-29,110733,1,24,0,255.0
10110031DEDEV_2025-10-29_G41,10110031DEDEV,2025-10-29,117786,1,16,0,146.0
10110031DEDEV_2025-10-29_G42,10110031DEDEV,2025-10-29,110752,1,3,0,143.0
10110031DEDEV_2025-10-29_G43,10110031DEDEV,2025-10-29,109640,1,5,0,120.0
10110031DEDEV_2025-10-29_G44,10110031DEDEV,2025-10-29,109640,1,20,0,441.0
10110031DEDEV_2025-10-29_G45,10110031DEDEV,2025-10-29,109640,1,7,0,36.0
10110031DEDEV_2025-10-29_G46,10110031DEDEV,2025-10-29,110339,1,16,0,395.0
10110031DEDEV_2025-10-29_G47,10110031DEDEV,2025-10-29,110313,1,12,0,466.0
10110031DEDEV_2025-10-29_G48,10110031DEDEV,2025-10-29,140923,2,66,20,317.0
10110031DEDEV_2025-10-29_G49,10110031DEDEV,2025-10-29,140923,1,30,0,548.0
10110031DEDEV_2025-10-29_G50,10110031DEDEV,2025-10-29,111602,1,30,0,429.0
10110031DEDEV_2025-10-29_G51,10110031DEDEV,2025-10-29,117855,1,60,0,481.0
10110031DEDEV_2025-10-29_G52,10110031DEDEV,2025-10-29,118094,1,20,0,1967.0
10110031DEDEV_2025-10-29_G53,10110031DEDEV,2025-10-29,117832,1,24,0,377.0
10110031DEDEV_2025-10-29_G54,10110031DEDEV,2025-10-29,117808,1,10,0,201.0
10110031DEDEV_2025-10-30_G02,10110031DEDEV,2025-10-30,118299,1,23,0,260.0
10110031DEDEV_2025-10-30_G03,10110031DEDEV,2025-10-30,118299,1,37,0,630.0
10110031DEDEV_2025-10-30_G04,10110031DEDEV,2025-10-30,117808,1,70,0,805.0
10110031DEDEV_2025-10-30_G05,10110031DEDEV,2025-10-30,117820,1,40,0,797.0
10110031DEDEV_2025-10-30_G06,10110031DEDEV,2025-10-30,118222,1,4,0,1075.0
10110031DEDEV_2025-10-30_G07,10110031DEDEV,2025-10-30,100334,1,1,0,90.0
10110031DEDEV_2025-10-30_G08,10110031DEDEV,2025-10-30,110755,1,9,0,375.0
10110031DEDEV_2025-10-30_G09,10110031DEDEV,2025-10-30,110747,1,8,0,395.0
10110031DEDEV_2025-10-30_G10,10110031DEDEV,2025-10-30,117786,1,2,0,151.0
10110031DEDEV_2025-10-30_G11,10110031DEDEV,2025-10-30,110752,1,4,0,105.0
10110031DEDEV_2025-10-30_G12,10110031DEDEV,2025-10-30,117855,1,8,0,219.0
10110031DEDEV_2025-10-30_G13,10110031DEDEV,2025-10-30,111462,1,14,0,202.0
10110031DEDEV_2025-10-30_G14,10110031DEDEV,2025-10-30,118140,1,20,0,958.0
10110031DEDEV_2025-10-30_G15,10110031DEDEV,2025-10-30,111463,1,22,0,175.0
10110031DEDEV_2025-10-30_G16,10110031DEDEV,2025-10-30,111443,1,8,0,119.0
10110031DEDEV_2025-10-30_G17,10110031DEDEV,2025-10-30,111348,1,6,0,67.0
10110031DEDEV_2025-10-30_G18,10110031DEDEV,2025-10-30,111469,1,12,0,329.0
10110031DEDEV_2025-10-30_G19,10110031DEDEV,2025-10-30,111330,1,4,0,85.0
10110031DEDEV_2025-10-30_G20,10110031DEDEV,2025-10-30,141456,1,12,0,766.0
10110031DEDEV_2025-10-30_G21,10110031DEDEV,2025-10-30,111466,1,14,0,127.0
10110031DEDEV_2025-10-30_G22,10110031DEDEV,2025-10-30,111442,1,16,0,140.0
10110031DEDEV_2025-10-30_G23,10110031DEDEV,2025-10-30,141457,1,22,0,491.0
10110031DEDEV_2025-10-30_G25,10110031DEDEV,2025-10-30,111634,1,6,0,179.0
10110031DEDEV_2025-10-30_G26,10110031DEDEV,2025-10-30,118191,1,12,0,153.0
10110031DEDEV_2025-10-30_G27,10110031DEDEV,2025-10-30,141261,1,6,0,112.0
10110031DEDEV_2025-10-30_G28,10110031DEDEV,2025-10-30,111759,1,4,0,140.0
10110031DEDEV_2025-10-30_G29,10110031DEDEV,2025-10-30,141155,1,4,0,486.0
10110031DEDEV_2025-10-30_G30,10110031DEDEV,2025-10-30,141141,1,6,0,112.0
10110031DEDEV_2025-10-30_G31,10110031DEDEV,2025-10-30,141262,1,8,0,222.0
10110031DEDEV_2025-10-30_G32,10110031DEDEV,2025-10-30,111740,1,4,0,265.0
10110031DEDEV_2025-10-30_G33,10110031DEDEV,2025-10-30,118191,1,12,0,190.0
10110031DEDEV_2025-10-30_G34,10110031DEDEV,2025-10-30,141261,1,4,0,141.0
10110031DEDEV_2025-10-30_G35,10110031DEDEV,2025-10-30,111722,1,6,0,195.0
10110031DEDEV_2025-10-30_G36,10110031DEDEV,2025-10-30,141140,1,8,0,269.0
10110031DEDEV_2025-10-30_G37,10110031DEDEV,2025-10-30,111759,1,4,0,245.0
10110031DEDEV_2025-10-30_G38,10110031DEDEV,2025-10-30,141262,1,10,0,264.0
10110031DEDEV_2025-10-30_G39,10110031DEDEV,2025-10-30,111634,1,4,0,57.0
10110031DEDEV_2025-10-30_G40,10110031DEDEV,2025-10-30,118191,1,24,0,187.0
10110031DEDEV_2025-10-30_G41,10110031DEDEV,2025-10-30,111722,1,8,0,201.0
10110031DEDEV_2025-10-30_G42,10110031DEDEV,2025-10-30,141140,2,10,30,371.0
10110031DEDEV_2025-10-30_G43,10110031DEDEV,2025-10-30,141141,1,8,0,219.0
10110031DEDEV_2025-10-30_G44,10110031DEDEV,2025-10-30,141141,1,4,0,36.0
10110031DEDEV_2025-10-30_G45,10110031DEDEV,2025-10-30,111742,1,4,0,50.0
10110031DEDEV_2025-10-30_G46,10110031DEDEV,2025-10-30,107888,1,40,0,886.0
10110031DEDEV_2025-10-30_G47,10110031DEDEV,2025-10-30,117788,1,48,0,587.0
10110031DEDEV_2025-10-30_G48,10110031DEDEV,2025-10-30,110339,1,41,0,994.0
10110031DEDEV_2025-10-30_G49,10110031DEDEV,2025-10-30,117855,1,46,0,835.0
10110031DEDEV_2025-10-30_G50,10110031DEDEV,2025-10-30,111467,1,47,0,1680.0
10110031DEDEV_2025-10-30_G51,10110031DEDEV,2025-10-30,117837,1,52,0,155.0
10110031DEDEV_2025-10-30_G52,10110031DEDEV,2025-10-30,110756,1,33,0,143.0
10110031DEDEV_2025-10-31_G02,10110031DEDEV,2025-10-31,111441,1,4,0,2275.0
10110031DEDEV_2025-10-31_G03,10110031DEDEV,2025-10-31,117789,1,56,0,572.0
10110031DEDEV_2025-10-31_G04,10110031DEDEV,2025-10-31,118094,1,63,0,631.0
10110031DEDEV_2025-10-31_G05,10110031DEDEV,2025-10-31,118298,1,61,0,388.0
10110031DEDEV_2025-10-31_G06,10110031DEDEV,2025-10-31,117935,1,6,0,88.0
10110031DEDEV_2025-10-31_G07,10110031DEDEV,2025-10-31,117935,1,19,0,379.0
10110031DEDEV_2025-10-31_G08,10110031DEDEV,2025-10-31,117935,1,12,0,89.0
10110031DEDEV_2025-10-31_G09,10110031DEDEV,2025-10-31,141047,1,24,0,241.0
10110031DEDEV_2025-10-31_G10,10110031DEDEV,2025-10-31,141047,1,8,0,273.0
10110031DEDEV_2025-10-31_G11,10110031DEDEV,2025-10-31,109645,1,12,0,304.0
10110031DEDEV_2025-10-31_G12,10110031DEDEV,2025-10-31,111532,1,50,0,712.0
10110031DEDEV_2025-10-31_G13,10110031DEDEV,2025-10-31,108795,1,57,0,507.0
10110031DEDEV_2025-10-31_G14,10110031DEDEV,2025-10-31,117838,1,68,0,349.0
10110031DEDEV_2025-10-31_G15,10110031DEDEV,2025-10-31,111466,1,64,0,804.0
10110031DEDEV_2025-10-31_G16,10110031DEDEV,2025-10-31,117808,1,68,0,1679.0
10110031DEDEV_2025-11-04_G03,10110031DEDEV,2025-11-04,111182,1,309,0,900.0
10110031DEDEV_2025-11-05_G03,10110031DEDEV,2025-11-05,117856,1,2,0,112.0
10110031DEDEV_2025-11-05_G04,10110031DEDEV,2025-11-05,117856,1,2,0,50.0
10110031DEDEV_2025-11-05_G05,10110031DEDEV,2025-11-05,111530,1,4,0,158.0
10110031DEDEV_2025-11-05_G06,10110031DEDEV,2025-11-05,111530,1,4,0,59.0
10110031DEDEV_2025-11-05_G07,10110031DEDEV,2025-11-05,111530,1,4,0,59.0
10110031DEDEV_2025-11-05_G08,10110031DEDEV,2025-11-05,117862,1,2,0,111.0
10110031DEDEV_2025-11-05_G09,10110031DEDEV,2025-11-05,111467,1,6,0,133.0
10110031DEDEV_2025-11-05_G10,10110031DEDEV,2025-11-05,110339,1,5,0,160.0
10110031DEDEV_2025-11-05_G11,10110031DEDEV,2025-11-05,117855,1,4,0,71.0
10110031DEDEV_2025-11-05_G12,10110031DEDEV,2025-11-05,117786,1,2,0,241.0
10110031DEDEV_2025-11-05_G13,10110031DEDEV,2025-11-05,117821,1,8,0,332.0
10110031DEDEV_2025-11-05_G14,10110031DEDEV,2025-11-05,117821,1,4,0,51.0
10110031DEDEV_2025-11-05_G15,10110031DEDEV,2025-11-05,117831,1,2,0,65.0
10110031DEDEV_2025-11-05_G16,10110031DEDEV,2025-11-05,117831,1,8,0,43.0
10110031DEDEV_2025-11-05_G17,10110031DEDEV,2025-11-05,111743,1,3,0,58.0
10110031DEDEV_2025-11-05_G18,10110031DEDEV,2025-11-05,111743,1,3,0,37.0
10110031DEDEV_2025-11-05_G19,10110031DEDEV,2025-11-05,108795,1,16,0,184.0
10110031DEDEV_2025-11-05_G20,10110031DEDEV,2025-11-05,111443,1,4,0,517.0
10110031DEDEV_2025-11-05_G21,10110031DEDEV,2025-11-05,110740,1,12,0,105.0
10110031DEDEV_2025-11-05_G22,10110031DEDEV,2025-11-05,141823,1,4,0,56.0
10110031DEDEV_2025-11-05_G23,10110031DEDEV,2025-11-05,110787,1,7,0,154.0
10110031DEDEV_2025-11-05_G24,10110031DEDEV,2025-11-05,141456,1,15,0,284.0
10110031DEDEV_2025-11-05_G25,10110031DEDEV,2025-11-05,108794,2,4,27,91.0
10110031DEDEV_2025-11-05_G26,10110031DEDEV,2025-11-05,111465,2,4,19,155.0
10110031DEDEV_2025-11-05_G27,10110031DEDEV,2025-11-05,141457,1,50,0,437.0
10110031DEDEV_2025-11-05_G28,10110031DEDEV,2025-11-05,111468,1,40,0,243.0
10110031DEDEV_2025-11-05_G29,10110031DEDEV,2025-11-05,107236,1,2,0,811.0
10110031DEDEV_2025-11-05_G30,10110031DEDEV,2025-11-05,"117808, 118299",2,350,8,1737.0
10110031DEDEV_2025-11-06_G02,10110031DEDEV,2025-11-06,110895,1,22,0,454.0
10110031DEDEV_2025-11-06_G03,10110031DEDEV,2025-11-06,111792,1,2,0,146.0
10110031DEDEV_2025-11-06_G04,10110031DEDEV,2025-11-06,111887,1,4,0,122.0
10110031DEDEV_2025-11-06_G05,10110031DEDEV,2025-11-06,118306,1,8,0,854.0
10110031DEDEV_2025-11-06_G06,10110031DEDEV,2025-11-06,108759,1,2,0,51.0
10110031DEDEV_2025-11-06_G07,10110031DEDEV,2025-11-06,141916,1,16,0,258.0
10110031DEDEV_2025-11-06_G08,10110031DEDEV,2025-11-06,110755,1,4,0,138.0
10110031DEDEV_2025-11-06_G09,10110031DEDEV,2025-11-06,110747,1,5,0,181.0
10110031DEDEV_2025-11-06_G10,10110031DEDEV,2025-11-06,111850,1,14,0,175.0
10110031DEDEV_2025-11-06_G11,10110031DEDEV,2025-11-06,117789,1,4,0,69.0
10110031DEDEV_2025-11-06_G12,10110031DEDEV,2025-11-06,"110754, 118222",2,6,19,60.0
10110031DEDEV_2025-11-06_G13,10110031DEDEV,2025-11-06,117808,1,60,0,1062.0
10110031DEDEV_2025-11-06_G14,10110031DEDEV,2025-11-06,110372,1,40,0,344.0
10110031DEDEV_2025-11-06_G15,10110031DEDEV,2025-11-06,117822,1,30,0,706.0
10110031DEDEV_2025-11-06_G16,10110031DEDEV,2025-11-06,110325,1,11,0,166.0
10110031DEDEV_2025-11-06_G17,10110031DEDEV,2025-11-06,111438,1,4,0,1002.0
10110031DEDEV_2025-11-06_G18,10110031DEDEV,2025-11-06,117856,1,6,0,159.0
10110031DEDEV_2025-11-06_G19,10110031DEDEV,2025-11-06,140923,1,4,0,113.0
10110031DEDEV_2025-11-06_G20,10110031DEDEV,2025-11-06,111530,1,8,0,267.0
10110031DEDEV_2025-11-06_G21,10110031DEDEV,2025-11-06,117862,1,2,0,66.0
10110031DEDEV_2025-11-06_G22,10110031DEDEV,2025-11-06,117965,1,2,0,41.0
10110031DEDEV_2025-11-06_G24,10110031DEDEV,2025-11-06,111463,1,3,0,122.0
10110031DEDEV_2025-11-07_G02,10110031DEDEV,2025-11-07,110740,1,4,0,173.0
10110031DEDEV_2025-11-07_G03,10110031DEDEV,2025-11-07,141456,1,8,0,203.0
10110031DEDEV_2025-11-07_G04,10110031DEDEV,2025-11-07,117785,1,4,0,132.0
10110031DEDEV_2025-11-07_G05,10110031DEDEV,2025-11-07,110373,1,2,0,129.0
10110031DEDEV_2025-11-07_G06,10110031DEDEV,2025-11-07,110371,1,2,0,84.0
10110031DEDEV_2025-11-07_G07,10110031DEDEV,2025-11-07,118299,1,7,0,140.0
10110031DEDEV_2025-11-07_G08,10110031DEDEV,2025-11-07,110895,1,6,0,1105.0
10110031DEDEV_2025-11-07_G09,10110031DEDEV,2025-11-07,117834,1,6,0,159.0
10110031DEDEV_2025-11-07_G10,10110031DEDEV,2025-11-07,118094,1,5,0,181.0
10110031DEDEV_2025-11-07_G11,10110031DEDEV,2025-11-07,117786,1,10,0,195.0
10110031DEDEV_2025-11-07_G12,10110031DEDEV,2025-11-07,109645,1,10,0,215.0
10110031DEDEV_2025-11-07_G13,10110031DEDEV,2025-11-07,117821,1,10,0,107.0
10110031DEDEV_2025-11-07_G14,10110031DEDEV,2025-11-07,117831,1,10,0,105.0
10110031DEDEV_2025-11-07_G15,10110031DEDEV,2025-11-07,118140,1,10,0,364.0
10110031DEDEV_2025-11-07_G16,10110031DEDEV,2025-11-07,111435,1,6,0,180.0
10110031DEDEV_2025-11-07_G17,10110031DEDEV,2025-11-07,141456,1,10,0,649.0
10110031DEDEV_2025-11-07_G18,10110031DEDEV,2025-11-07,117787,1,5,0,128.0
10110031DEDEV_2025-11-07_G19,10110031DEDEV,2025-11-07,109643,1,5,0,183.0
10110031DEDEV_2025-11-07_G20,10110031DEDEV,2025-11-07,110374,1,20,0,145.0
10110031DEDEV_2025-11-07_G21,10110031DEDEV,2025-11-07,117830,1,10,0,170.0
10110031DEDEV_2025-11-07_G22,10110031DEDEV,2025-11-07,117822,1,4,0,121.0
10110031DEDEV_2025-11-07_G23,10110031DEDEV,2025-11-07,118140,1,4,0,289.0
10110031DEDEV_2025-11-07_G24,10110031DEDEV,2025-11-07,111172,1,12,0,470.0
10110031DEDEV_2025-11-07_G25,10110031DEDEV,2025-11-07,117787,1,12,0,222.0
10110031DEDEV_2025-11-07_G26,10110031DEDEV,2025-11-07,117785,1,20,0,137.0
10110031DEDEV_2025-11-07_G27,10110031DEDEV,2025-11-07,111418,1,120,0,789.0
10110031DEDEV_2025-11-07_G28,10110031DEDEV,2025-11-07,110895,1,4,0,1839.0
10110031DEDEV_2025-11-07_G29,10110031DEDEV,2025-11-07,111445,1,4,0,201.0
10110031DEDEV_2025-11-07_G30,10110031DEDEV,2025-11-07,110755,1,8,0,306.0
10110031DEDEV_2025-11-07_G31,10110031DEDEV,2025-11-07,110755,1,4,0,42.0
10110031DEDEV_2025-11-07_G32,10110031DEDEV,2025-11-07,111569,1,10,0,261.0
10110031DEDEV_2025-11-07_G33,10110031DEDEV,2025-11-07,111602,1,4,0,153.0
10110031DEDEV_2025-11-07_G34,10110031DEDEV,2025-11-07,117862,1,3,0,137.0
10110031DEDEV_2025-11-07_G35,10110031DEDEV,2025-11-07,141352,1,12,0,182.0
10110031DEDEV_2025-11-07_G36,10110031DEDEV,2025-11-07,140923,1,27,0,357.0
10110031DEDEV_2025-11-07_G37,10110031DEDEV,2025-11-07,109643,1,2,0,156.0
10110031DEDEV_2025-11-07_G38,10110031DEDEV,2025-11-07,110371,1,3,0,148.0
10110031DEDEV_2025-11-07_G40,10110031DEDEV,2025-11-07,108771,1,5,0,652.0
10110031DEDEV_2025-11-07_G41,10110031DEDEV,2025-11-07,110500,1,9,0,712.0
10110031DEDEV_2025-11-07_G42,10110031DEDEV,2025-11-07,116527,1,5,0,417.0
10110031DEDEV_2025-11-07_G43,10110031DEDEV,2025-11-07,118283,1,60,0,667.0
10110031DEDEV_2025-11-07_G44,10110031DEDEV,2025-11-07,110895,1,50,0,996.0
10110031DEDEV_2025-11-07_G45,10110031DEDEV,2025-11-07,110753,1,6,0,404.0
10110031DEDEV_2025-11-07_G46,10110031DEDEV,2025-11-07,111650,1,4,0,93.0
10110031DEDEV_2025-11-07_G47,10110031DEDEV,2025-11-07,101217,1,5,0,218.0
10110031DEDEV_2025-11-07_G48,10110031DEDEV,2025-11-07,140923,1,100,0,409.0
10110031DEDEV_2025-11-07_G49,10110031DEDEV,2025-11-07,111876,1,12,0,397.0
10110031DEDEV_2025-11-07_G50,10110031DEDEV,2025-11-07,111467,1,20,0,194.0
10110031DEDEV_2025-11-07_G51,10110031DEDEV,2025-11-07,114100,1,13,0,466.0
10110031DEDEV_2025-11-07_G52,10110031DEDEV,2025-11-07,110751,1,10,0,136.0
10110031DEDEV_2025-11-07_G53,10110031DEDEV,2025-11-07,117821,1,20,0,124.0
10110031DEDEV_2025-11-07_G54,10110031DEDEV,2025-11-07,111431,1,8,0,160.0
10110031DEDEV_2025-11-07_G55,10110031DEDEV,2025-11-07,117787,1,80,0,303.0
10110031DEDEV_2025-11-07_G56,10110031DEDEV,2025-11-07,111462,1,50,0,645.0
10110031DEDEV_2025-11-07_G57,10110031DEDEV,2025-11-07,110332,1,40,0,349.0
10110031DEDEV_2025-11-07_G58,10110031DEDEV,2025-11-07,117831,1,100,0,995.0
10110031DEDEV_2025-11-07_G59,10110031DEDEV,2025-11-07,117838,1,40,0,479.0
10110031DEDEV_2025-11-07_G60,10110031DEDEV,2025-11-07,141823,1,40,0,196.0
10110031DEDEV_2025-11-08_G02,10110031DEDEV,2025-11-08,118222,1,30,0,596.0
10110031DEDEV_2025-11-08_G03,10110031DEDEV,2025-11-08,118306,1,4,0,205.0
10110031DEDEV_2025-11-08_G04,10110031DEDEV,2025-11-08,117836,1,8,0,129.0
10110031DEDEV_2025-11-08_G05,10110031DEDEV,2025-11-08,117834,1,6,0,339.0
10110031DEDEV_2025-11-08_G06,10110031DEDEV,2025-11-08,118290,1,2,0,317.0
10110031DEDEV_2025-11-08_G07,10110031DEDEV,2025-11-08,110747,1,8,0,271.0
10110031DEDEV_2025-11-08_G08,10110031DEDEV,2025-11-08,111569,1,2,0,73.0
10110031DEDEV_2025-11-08_G09,10110031DEDEV,2025-11-08,117854,1,8,0,303.0
10110031DEDEV_2025-11-08_G10,10110031DEDEV,2025-11-08,117856,1,5,0,303.0
10110031DEDEV_2025-11-08_G11,10110031DEDEV,2025-11-08,109647,1,3,0,64.0
10110031DEDEV_2025-11-08_G12,10110031DEDEV,2025-11-08,111876,1,4,0,68.0
10110031DEDEV_2025-11-08_G13,10110031DEDEV,2025-11-08,111530,1,3,0,152.0
10110031DEDEV_2025-11-08_G14,10110031DEDEV,2025-11-08,117837,1,4,0,97.0
10110031DEDEV_2025-11-08_G15,10110031DEDEV,2025-11-08,117862,1,10,0,480.0
10110031DEDEV_2025-11-08_G16,10110031DEDEV,2025-11-08,107629,1,4,0,114.0
10110031DEDEV_2025-11-08_G17,10110031DEDEV,2025-11-08,111467,1,6,0,77.0
10110031DEDEV_2025-11-08_G18,10110031DEDEV,2025-11-08,140923,1,19,0,158.0
10110031DEDEV_2025-11-08_G19,10110031DEDEV,2025-11-08,111602,1,12,0,130.0
10110031DEDEV_2025-11-08_G20,10110031DEDEV,2025-11-08,110371,1,20,0,217.0
10110031DEDEV_2025-11-08_G21,10110031DEDEV,2025-11-08,110373,1,80,0,468.0
10110031DEDEV_2025-11-08_G22,10110031DEDEV,2025-11-08,110374,1,40,0,624.0
10110031DEDEV_2025-11-08_G23,10110031DEDEV,2025-11-08,117830,1,20,0,140.0
10110031DEDEV_2025-11-08_G24,10110031DEDEV,2025-11-08,117808,1,350,0,1398.0
10110031DEDEV_2025-11-08_G25,10110031DEDEV,2025-11-08,117832,1,20,0,215.0
10110031DEDEV_2025-11-08_G26,10110031DEDEV,2025-11-08,110372,1,80,0,471.0
10110031DEDEV_2025-11-08_G27,10110031DEDEV,2025-11-08,118299,1,300,0,991.0
10110031DEDEV_2025-11-08_G28,10110031DEDEV,2025-11-08,117820,1,120,0,560.0
10110031DEDEV_2025-11-09_G02,10110031DEDEV,2025-11-09,111433,1,2,0,114.0
10110031DEDEV_2025-11-09_G03,10110031DEDEV,2025-11-09,108795,1,1,0,83.0
10110031DEDEV_2025-11-09_G04,10110031DEDEV,2025-11-09,117838,1,3,0,58.0
10110031DEDEV_2025-11-09_G05,10110031DEDEV,2025-11-09,116241,1,4,0,96.0
10110031DEDEV_2025-11-09_G06,10110031DEDEV,2025-11-09,117833,1,1,0,86.0
10110031DEDEV_2025-11-09_G07,10110031DEDEV,2025-11-09,117862,1,2,0,163.0
10110031DEDEV_2025-11-09_G08,10110031DEDEV,2025-11-09,117838,1,4,0,106.0
10110031DEDEV_2025-11-09_G09,10110031DEDEV,2025-11-09,141457,1,2,0,80.0
10110031DEDEV_2025-11-09_G10,10110031DEDEV,2025-11-09,141456,1,2,0,100.0
10110031DEDEV_2025-11-09_G11,10110031DEDEV,2025-11-09,118306,1,4,0,465.0
10110031DEDEV_2025-11-09_G12,10110031DEDEV,2025-11-09,118140,1,4,0,125.0
10110031DEDEV_2025-11-09_G13,10110031DEDEV,2025-11-09,141457,1,2,0,79.0
10110031DEDEV_2025-11-09_G14,10110031DEDEV,2025-11-09,117832,1,8,0,745.0
10110031DEDEV_2025-11-09_G15,10110031DEDEV,2025-11-09,117820,1,13,0,165.0
10110031DEDEV_2025-11-09_G16,10110031DEDEV,2025-11-09,117808,1,2,0,86.0
10110031DEDEV_2025-11-09_G17,10110031DEDEV,2025-11-09,110372,1,6,0,319.0
10110031DEDEV_2025-11-09_G18,10110031DEDEV,2025-11-09,118299,1,11,0,121.0
10110031DEDEV_2025-11-09_G19,10110031DEDEV,2025-11-09,111418,1,6,0,148.0
10110031DEDEV_2025-11-09_G20,10110031DEDEV,2025-11-09,110733,1,4,0,204.0
10110031DEDEV_2025-11-09_G21,10110031DEDEV,2025-11-09,110711,1,8,0,157.0
10110031DEDEV_2025-11-09_G22,10110031DEDEV,2025-11-09,118140,1,4,0,152.0
10110031DEDEV_2025-11-09_G23,10110031DEDEV,2025-11-09,108711,1,8,0,170.0
10110031DEDEV_2025-11-09_G24,10110031DEDEV,2025-11-09,110339,1,2,0,289.0
10110031DEDEV_2025-11-09_G25,10110031DEDEV,2025-11-09,110733,1,2,0,448.0
10110031DEDEV_2025-11-09_G26,10110031DEDEV,2025-11-09,141823,1,8,0,138.0
10110031DEDEV_2025-11-09_G27,10110031DEDEV,2025-11-09,118330,1,4,0,123.0
10110031DEDEV_2025-11-09_G28,10110031DEDEV,2025-11-09,141202,1,8,0,128.0
10110031DEDEV_2025-11-09_G29,10110031DEDEV,2025-11-09,118140,1,8,0,496.0
10110031DEDEV_2025-11-09_G30,10110031DEDEV,2025-11-09,110623,1,1,0,158.0
10110031DEDEV_2025-11-09_G31,10110031DEDEV,2025-11-09,110376,1,2,0,156.0
10110031DEDEV_2025-11-09_G32,10110031DEDEV,2025-11-09,104496,1,2,0,543.0
10110031DEDEV_2025-11-09_G33,10110031DEDEV,2025-11-09,110895,1,10,0,154.0
10110031DEDEV_2025-11-09_G34,10110031DEDEV,2025-11-09,110895,1,11,0,80.0
10110031DEDEV_2025-11-09_G35,10110031DEDEV,2025-11-09,110374,1,20,0,209.0
10110031DEDEV_2025-11-09_G36,10110031DEDEV,2025-11-09,110374,1,20,0,352.0
10110031DEDEV_2025-11-09_G37,10110031DEDEV,2025-11-09,117809,1,40,0,436.0
10110031DEDEV_2025-11-09_G38,10110031DEDEV,2025-11-09,117854,1,1,0,316.0
10110031DEDEV_2025-11-09_G39,10110031DEDEV,2025-11-09,108711,1,10,0,414.0
10110031DEDEV_2025-11-09_G40,10110031DEDEV,2025-11-09,110733,1,4,0,334.0
10110031DEDEV_2025-11-09_G42,10110031DEDEV,2025-11-09,118140,1,4,0,120.0
10110031DEDEV_2025-11-09_G43,10110031DEDEV,2025-11-09,110733,1,4,0,214.0
10110031DEDEV_2025-11-09_G44,10110031DEDEV,2025-11-09,118140,1,4,0,90.0
10110031DEDEV_2025-11-09_G45,10110031DEDEV,2025-11-09,108711,1,8,0,145.0
10110031DEDEV_2025-11-09_G46,10110031DEDEV,2025-11-09,141202,1,8,0,149.0
10110031DEDEV_2025-11-10_G02,10110031DEDEV,2025-11-10,108711,1,10,0,123.0
10110031DEDEV_2025-11-10_G03,10110031DEDEV,2025-11-10,117787,1,4,0,66.0
10110031DEDEV_2025-11-10_G04,10110031DEDEV,2025-11-10,111780,1,4,0,427.0
10110031DEDEV_2025-11-10_G05,10110031DEDEV,2025-11-10,111469,1,10,0,124.0
10110031DEDEV_2025-11-10_G06,10110031DEDEV,2025-11-10,105705,1,2,0,173.0
10110031DEDEV_2025-11-10_G07,10110031DEDEV,2025-11-10,117831,1,2,0,139.0
10110031DEDEV_2025-11-10_G08,10110031DEDEV,2025-11-10,118140,1,4,0,169.0
10110031DEDEV_2025-11-10_G09,10110031DEDEV,2025-11-10,111468,1,1,0,122.0
10110031DEDEV_2025-11-10_G10,10110031DEDEV,2025-11-10,117787,1,1,0,51.0
10110031DEDEV_2025-11-10_G11,10110031DEDEV,2025-11-10,117809,1,2,0,202.0
10110031DEDEV_2025-11-10_G12,10110031DEDEV,2025-11-10,117830,1,4,0,470.0
10110031DEDEV_2025-11-10_G13,10110031DEDEV,2025-11-10,110372,1,10,0,367.0
10110031DEDEV_2025-11-10_G14,10110031DEDEV,2025-11-10,105705,1,6,0,1226.0
10110031DEDEV_2025-11-10_G15,10110031DEDEV,2025-11-10,105705,1,6,0,316.0
10110031DEDEV_2025-11-10_G16,10110031DEDEV,2025-11-10,111443,1,20,0,201.0
10110031DEDEV_2025-11-10_G17,10110031DEDEV,2025-11-10,111443,1,1,0,81.0
10110031DEDEV_2025-11-10_G18,10110031DEDEV,2025-11-10,110740,1,30,0,639.0
10110031DEDEV_2025-11-10_G19,10110031DEDEV,2025-11-10,110740,1,30,0,710.0
10110031DEDEV_2025-11-10_G20,10110031DEDEV,2025-11-10,118317,1,30,0,248.0
10110031DEDEV_2025-11-10_G21,10110031DEDEV,2025-11-10,118317,1,30,0,123.0
10110031DEDEV_2025-11-10_G22,10110031DEDEV,2025-11-10,117841,1,8,0,224.0
10110031DEDEV_2025-11-10_G24,10110031DEDEV,2025-11-10,118094,1,8,0,374.0
10110031DEDEV_2025-11-10_G25,10110031DEDEV,2025-11-10,111530,1,2,0,119.0
10110031DEDEV_2025-11-10_G26,10110031DEDEV,2025-11-10,117786,1,4,0,148.0
10110031DEDEV_2025-11-10_G27,10110031DEDEV,2025-11-10,140923,1,10,0,137.0
10110031DEDEV_2025-11-10_G28,10110031DEDEV,2025-11-10,111602,1,4,0,152.0
10110031DEDEV_2025-11-10_G29,10110031DEDEV,2025-11-10,110339,1,6,0,125.0
10110031DEDEV_2025-11-10_G30,10110031DEDEV,2025-11-10,110374,1,16,0,601.0
10110031DEDEV_2025-11-10_G31,10110031DEDEV,2025-11-10,110373,1,2,0,142.0
10110031DEDEV_2025-11-10_G32,10110031DEDEV,2025-11-10,118299,1,90,0,500.0
10110031DEDEV_2025-11-10_G33,10110031DEDEV,2025-11-10,117808,1,44,0,906.0
10110031DEDEV_2025-11-10_G34,10110031DEDEV,2025-11-10,117820,1,29,0,275.0
10110031DEDEV_2025-11-10_G35,10110031DEDEV,2025-11-10,110895,1,20,0,1117.0
10110031DEDEV_2025-11-10_G36,10110031DEDEV,2025-11-10,110755,1,2,0,86.0
10110031DEDEV_2025-11-10_G37,10110031DEDEV,2025-11-10,118290,1,5,0,196.0
10110031DEDEV_2025-11-10_G38,10110031DEDEV,2025-11-10,111569,1,14,0,938.0
10110031DEDEV_2025-11-10_G39,10110031DEDEV,2025-11-10,100334,1,19,0,115.0
10110031DEDEV_2025-11-10_G40,10110031DEDEV,2025-11-10,117832,1,6,0,117.0
10110031DEDEV_2025-11-10_G41,10110031DEDEV,2025-11-10,110372,1,36,0,785.0
10110031DEDEV_2025-11-10_G42,10110031DEDEV,2025-11-10,110373,1,2,0,119.0
10110031DEDEV_2025-11-10_G43,10110031DEDEV,2025-11-10,105705,1,3,0,607.0
10110031DEDEV_2025-11-10_G44,10110031DEDEV,2025-11-10,110740,1,12,0,130.0
10110031DEDEV_2025-11-10_G45,10110031DEDEV,2025-11-10,140922,1,14,0,139.0
10110031DEDEV_2025-11-10_G46,10110031DEDEV,2025-11-10,111469,1,2,0,95.0
10110031DEDEV_2025-11-10_G47,10110031DEDEV,2025-11-10,111330,1,12,0,148.0
10110031DEDEV_2025-11-10_G48,10110031DEDEV,2025-11-10,111466,1,2,0,81.0
10110031DEDEV_2025-11-10_G49,10110031DEDEV,2025-11-10,111465,1,30,0,490.0
10110031DEDEV_2025-11-10_G50,10110031DEDEV,2025-11-10,111532,1,28,0,149.0
10110031DEDEV_2025-11-10_G51,10110031DEDEV,2025-11-10,111418,1,52,0,351.0
10110031DEDEV_2025-11-10_G52,10110031DEDEV,2025-11-10,109641,1,51,0,626.0
10110031DEDEV_2025-11-11_G02,10110031DEDEV,2025-11-11,110313,1,40,0,528.0
10110031DEDEV_2025-11-11_G03,10110031DEDEV,2025-11-11,109647,1,25,0,511.0
10110031DEDEV_2025-11-11_G04,10110031DEDEV,2025-11-11,111879,1,3,0,128.0
10110031DEDEV_2025-11-11_G05,10110031DEDEV,2025-11-11,118298,1,19,0,359.0
10110031DEDEV_2025-11-11_G06,10110031DEDEV,2025-11-11,110581,1,2,0,84.0
10110031DEDEV_2025-11-11_G07,10110031DEDEV,2025-11-11,110753,1,10,0,137.0
10110031DEDEV_2025-11-11_G08,10110031DEDEV,2025-11-11,117786,1,60,0,385.0
10110031DEDEV_2025-11-11_G09,10110031DEDEV,2025-11-11,110711,1,33,0,297.0
10110031DEDEV_2025-11-11_G10,10110031DEDEV,2025-11-11,108361,1,4,0,150.0
10110031DEDEV_2025-11-11_G11,10110031DEDEV,2025-11-11,108772,1,31,0,255.0
10110031DEDEV_2025-11-11_G12,10110031DEDEV,2025-11-11,110752,1,10,0,614.0
10110031DEDEV_2025-11-11_G13,10110031DEDEV,2025-11-11,117855,1,26,0,265.0
10110031DEDEV_2025-11-11_G14,10110031DEDEV,2025-11-11,111876,1,40,0,643.0
10110031DEDEV_2025-11-11_G15,10110031DEDEV,2025-11-11,105242,1,10,0,304.0
10110031DEDEV_2025-11-11_G16,10110031DEDEV,2025-11-11,117837,1,13,0,331.0
10110031DEDEV_2025-11-11_G17,10110031DEDEV,2025-11-11,118271,1,4,0,154.0
10110031DEDEV_2025-11-11_G18,10110031DEDEV,2025-11-11,109648,1,2,0,97.0
10110031DEDEV_2025-11-11_G19,10110031DEDEV,2025-11-11,118277,1,24,0,206.0
10110031DEDEV_2025-11-11_G20,10110031DEDEV,2025-11-11,117822,1,21,0,374.0
10110031DEDEV_2025-11-11_G21,10110031DEDEV,2025-11-11,118281,1,23,0,644.0
10110031DEDEV_2025-11-11_G23,10110031DEDEV,2025-11-11,110895,1,60,0,1189.0
10110031DEDEV_2025-11-11_G24,10110031DEDEV,2025-11-11,110500,1,5,0,674.0
10110031DEDEV_2025-11-11_G25,10110031DEDEV,2025-11-11,114100,1,8,0,186.0
10110031DEDEV_2025-11-11_G26,10110031DEDEV,2025-11-11,111330,1,20,0,630.0
10110031DEDEV_2025-11-11_G27,10110031DEDEV,2025-11-11,117838,1,6,0,165.0
10110031DEDEV_2025-11-11_G28,10110031DEDEV,2025-11-11,111435,1,8,0,333.0
10110031DEDEV_2025-11-11_G29,10110031DEDEV,2025-11-11,110743,1,2,0,164.0
10110031DEDEV_2025-11-11_G30,10110031DEDEV,2025-11-11,117841,1,6,0,262.0
10110031DEDEV_2025-11-11_G31,10110031DEDEV,2025-11-11,118223,1,10,0,124.0
10110031DEDEV_2025-11-11_G32,10110031DEDEV,2025-11-11,117831,1,100,0,657.0
10110031DEDEV_2025-11-11_G33,10110031DEDEV,2025-11-11,109645,1,40,0,1333.0
10110031DEDEV_2025-11-11_G34,10110031DEDEV,2025-11-11,"118326, 109641",2,70,12,386.0
10110031DEDEV_2025-11-11_G35,10110031DEDEV,2025-11-11,111462,1,50,0,345.0
10110031DEDEV_2025-11-11_G36,10110031DEDEV,2025-11-11,110374,1,100,0,329.0
10110031DEDEV_2025-11-12_G02,10110031DEDEV,2025-11-12,117862,1,50,0,3117.0
10110031DEDEV_2025-11-12_G03,10110031DEDEV,2025-11-12,117831,1,100,0,952.0
10110031DEDEV_2025-11-12_G04,10110031DEDEV,2025-11-12,118140,1,60,0,197.0
10110031DEDEV_2025-11-12_G05,10110031DEDEV,2025-11-12,141456,1,8,0,120.0
10110031DEDEV_2025-11-12_G06,10110031DEDEV,2025-11-12,111463,1,13,0,104.0
10110031DEDEV_2025-11-12_G07,10110031DEDEV,2025-11-12,117785,1,200,0,806.0
10110031DEDEV_2025-11-12_G08,10110031DEDEV,2025-11-12,141458,1,100,0,867.0
10110031DEDEV_2025-11-12_G09,10110031DEDEV,2025-11-12,141457,1,100,0,253.0
10110031DEDEV_2025-11-12_G10,10110031DEDEV,2025-11-12,110372,1,300,0,954.0
10110031DEDEV_2025-11-12_G11,10110031DEDEV,2025-11-12,117820,1,97,0,372.0
10110031DEDEV_2025-11-12_G13,10110031DEDEV,2025-11-12,109974,1,4,0,56.0
10110031DEDEV_2025-11-12_G14,10110031DEDEV,2025-11-12,118418,1,3,0,327.0
10110031DEDEV_2025-11-12_G15,10110031DEDEV,2025-11-12,118418,1,4,0,65.0
10110031DEDEV_2025-11-12_G16,10110031DEDEV,2025-11-12,111441,1,16,0,466.0
10110031DEDEV_2025-11-12_G17,10110031DEDEV,2025-11-12,111447,1,4,0,97.0
10110031DEDEV_2025-11-12_G18,10110031DEDEV,2025-11-12,118306,1,6,0,169.0
10110031DEDEV_2025-11-12_G19,10110031DEDEV,2025-11-12,108759,1,10,0,148.0
10110031DEDEV_2025-11-12_G20,10110031DEDEV,2025-11-12,110746,1,2,0,53.0
10110031DEDEV_2025-11-12_G21,10110031DEDEV,2025-11-12,110749,1,4,0,340.0
10110031DEDEV_2025-11-12_G22,10110031DEDEV,2025-11-12,118283,1,4,0,84.0
10110031DEDEV_2025-11-12_G23,10110031DEDEV,2025-11-12,111440,1,6,0,326.0
10110031DEDEV_2025-11-12_G24,10110031DEDEV,2025-11-12,111356,1,2,0,118.0
10110031DEDEV_2025-11-12_G25,10110031DEDEV,2025-11-12,117834,1,4,0,170.0
10110031DEDEV_2025-11-12_G26,10110031DEDEV,2025-11-12,110755,1,10,0,226.0
10110031DEDEV_2025-11-12_G27,10110031DEDEV,2025-11-12,141916,1,20,0,342.0
10110031DEDEV_2025-11-12_G28,10110031DEDEV,2025-11-12,141318,1,7,0,435.0
10110031DEDEV_2025-11-12_G29,10110031DEDEV,2025-11-12,110582,1,3,0,107.0
10110031DEDEV_2025-11-12_G30,10110031DEDEV,2025-11-12,117789,1,10,0,245.0
10110031DEDEV_2025-11-12_G31,10110031DEDEV,2025-11-12,118290,1,19,0,962.0
10110031DEDEV_2025-11-12_G32,10110031DEDEV,2025-11-12,111569,1,30,0,34.0
10110031DEDEV_2025-11-12_G33,10110031DEDEV,2025-11-12,160054,1,8,0,931.0
10110031DEDEV_2025-11-12_G34,10110031DEDEV,2025-11-12,110375,1,20,0,687.0
10110031DEDEV_2025-11-12_G35,10110031DEDEV,2025-11-12,111430,1,6,0,500.0
10110031DEDEV_2025-11-12_G36,10110031DEDEV,2025-11-12,111441,1,8,0,107.0
10110031DEDEV_2025-11-12_G37,10110031DEDEV,2025-11-12,111569,1,6,0,181.0
10110031DEDEV_2025-11-12_G38,10110031DEDEV,2025-11-12,108759,1,4,0,139.0
10110031DEDEV_2025-11-12_G39,10110031DEDEV,2025-11-12,110895,1,3,0,124.0
10110031DEDEV_2025-11-12_G40,10110031DEDEV,2025-11-12,110747,1,4,0,249.0
10110031DEDEV_2025-11-12_G41,10110031DEDEV,2025-11-12,118222,1,13,0,1455.0
10110031DEDEV_2025-11-13_G02,10110031DEDEV,2025-11-13,118094,1,5,0,167.0
10110031DEDEV_2025-11-13_G03,10110031DEDEV,2025-11-13,111876,1,10,0,124.0
10110031DEDEV_2025-11-13_G04,10110031DEDEV,2025-11-13,117861,1,6,0,502.0
10110031DEDEV_2025-11-13_G05,10110031DEDEV,2025-11-13,110733,1,7,0,157.0
10110031DEDEV_2025-11-13_G06,10110031DEDEV,2025-11-13,117856,1,6,0,87.0
10110031DEDEV_2025-11-13_G07,10110031DEDEV,2025-11-13,107629,1,2,0,286.0
10110031DEDEV_2025-11-13_G08,10110031DEDEV,2025-11-13,117862,1,17,0,214.0
10110031DEDEV_2025-11-13_G09,10110031DEDEV,2025-11-13,111467,1,16,0,208.0
10110031DEDEV_2025-11-13_G10,10110031DEDEV,2025-11-13,141066,1,7,0,524.0
10110031DEDEV_2025-11-13_G11,10110031DEDEV,2025-11-13,110339,1,12,0,208.0
10110031DEDEV_2025-11-13_G12,10110031DEDEV,2025-11-13,140923,1,33,0,1142.0
10110031DEDEV_2025-11-13_G13,10110031DEDEV,2025-11-13,141047,1,14,0,1712.0
10110031DEDEV_2025-11-13_G15,10110031DEDEV,2025-11-13,117831,1,150,0,707.0
10110031DEDEV_2025-11-13_G16,10110031DEDEV,2025-11-13,140922,1,140,0,722.0
10110031DEDEV_2025-11-13_G17,10110031DEDEV,2025-11-13,141458,1,100,0,510.0
10110031DEDEV_2025-11-13_G18,10110031DEDEV,2025-11-13,111465,1,30,0,537.0
10110031DEDEV_2025-11-13_G19,10110031DEDEV,2025-11-13,111444,1,10,0,138.0
10110031DEDEV_2025-11-13_G20,10110031DEDEV,2025-11-13,110623,1,10,0,2031.0
10110031DEDEV_2025-11-13_G21,10110031DEDEV,2025-11-13,118283,1,2,0,66.0
10110031DEDEV_2025-11-13_G22,10110031DEDEV,2025-11-13,109495,1,12,0,444.0
10110031DEDEV_2025-11-13_G23,10110031DEDEV,2025-11-13,117789,1,2,0,102.0
10110031DEDEV_2025-11-13_G24,10110031DEDEV,2025-11-13,109471,1,2,0,113.0
10110031DEDEV_2025-11-13_G25,10110031DEDEV,2025-11-13,141035,1,2,0,95.0
10110031DEDEV_2025-11-13_G26,10110031DEDEV,2025-11-13,118094,1,24,0,513.0
10110031DEDEV_2025-11-13_G27,10110031DEDEV,2025-11-13,111876,1,8,0,94.0
10110031DEDEV_2025-11-13_G28,10110031DEDEV,2025-11-13,117786,1,40,0,626.0
10110031DEDEV_2025-11-13_G29,10110031DEDEV,2025-11-13,107629,1,24,0,187.0
10110031DEDEV_2025-11-13_G30,10110031DEDEV,2025-11-13,105242,1,2,0,128.0
10110031DEDEV_2025-11-13_G31,10110031DEDEV,2025-11-13,141066,1,8,0,163.0
10110031DEDEV_2025-11-13_G32,10110031DEDEV,2025-11-13,110063,1,2,0,457.0
10110031DEDEV_2025-11-13_G33,10110031DEDEV,2025-11-13,110733,1,12,0,620.0
10110031DEDEV_2025-11-13_G34,10110031DEDEV,2025-11-13,117862,1,24,0,204.0
10110031DEDEV_2025-11-13_G35,10110031DEDEV,2025-11-13,117837,1,12,0,117.0
10110031DEDEV_2025-11-13_G37,10110031DEDEV,2025-11-13,117833,1,18,0,487.0
10110031DEDEV_2025-11-13_G38,10110031DEDEV,2025-11-13,141457,1,40,0,528.0
10110031DEDEV_2025-11-14_G02,10110031DEDEV,2025-11-14,110787,1,53,0,736.0
10110031DEDEV_2025-11-14_G03,10110031DEDEV,2025-11-14,141456,1,60,0,452.0
10110031DEDEV_2025-11-14_G04,10110031DEDEV,2025-11-14,110741,1,1,0,2159.0
10110031DEDEV_2025-11-14_G05,10110031DEDEV,2025-11-14,109647,1,4,0,84.0
10110031DEDEV_2025-11-14_G06,10110031DEDEV,2025-11-14,117856,1,2,0,76.0
10110031DEDEV_2025-11-14_G07,10110031DEDEV,2025-11-14,117786,1,4,0,432.0
10110031DEDEV_2025-11-14_G08,10110031DEDEV,2025-11-14,105705,1,2,0,286.0
10110031DEDEV_2025-11-14_G09,10110031DEDEV,2025-11-14,109643,1,2,0,79.0
10110031DEDEV_2025-11-14_G10,10110031DEDEV,2025-11-14,141457,1,4,0,162.0
10110031DEDEV_2025-11-14_G11,10110031DEDEV,2025-11-14,141457,1,25,0,146.0
10110031DEDEV_2025-11-14_G12,10110031DEDEV,2025-11-14,117808,1,100,0,421.0
10110031DEDEV_2025-11-14_G13,10110031DEDEV,2025-11-14,"117785, 118140",2,6,7,99.0
10110031DEDEV_2025-11-14_G14,10110031DEDEV,2025-11-14,110373,1,18,0,218.0
10110031DEDEV_2025-11-14_G15,10110031DEDEV,2025-11-14,111418,1,4,0,1621.0
10110031DEDEV_2025-11-14_G16,10110031DEDEV,2025-11-14,118140,1,3,0,135.0
10110031DEDEV_2025-11-14_G17,10110031DEDEV,2025-11-14,117832,1,4,0,157.0
10110031DEDEV_2025-11-14_G18,10110031DEDEV,2025-11-14,117808,1,4,0,102.0
10110031DEDEV_2025-11-14_G19,10110031DEDEV,2025-11-14,140922,1,4,0,162.0
10110031DEDEV_2025-11-14_G20,10110031DEDEV,2025-11-14,111418,1,4,0,164.0
10110031DEDEV_2025-11-14_G21,10110031DEDEV,2025-11-14,108711,1,4,0,115.0
10110031DEDEV_2025-11-14_G22,10110031DEDEV,2025-11-14,118140,1,4,0,141.0
10110031DEDEV_2025-11-14_G23,10110031DEDEV,2025-11-14,141823,1,4,0,135.0
10110031DEDEV_2025-11-14_G24,10110031DEDEV,2025-11-14,118299,1,4,0,188.0
10110031DEDEV_2025-11-14_G25,10110031DEDEV,2025-11-14,108711,1,8,0,278.0
10110031DEDEV_2025-11-14_G26,10110031DEDEV,2025-11-14,118140,1,12,0,226.0
10110031DEDEV_2025-11-14_G27,10110031DEDEV,2025-11-14,141202,1,4,0,109.0
10110031DEDEV_2025-11-14_G28,10110031DEDEV,2025-11-14,117831,1,4,0,140.0
10110031DEDEV_2025-11-14_G29,10110031DEDEV,2025-11-14,110787,1,10,0,385.0
10110031DEDEV_2025-11-14_G30,10110031DEDEV,2025-11-14,141456,1,6,0,134.0
10110031DEDEV_2025-11-14_G31,10110031DEDEV,2025-11-14,118317,1,3,0,103.0
10110031DEDEV_2025-11-14_G32,10110031DEDEV,2025-11-14,141457,1,4,0,87.0
10110031DEDEV_2025-11-14_G33,10110031DEDEV,2025-11-14,141458,1,2,0,131.0
10110031DEDEV_2025-11-14_G34,10110031DEDEV,2025-11-14,117820,1,12,0,158.0
10110031DEDEV_2025-11-14_G36,10110031DEDEV,2025-11-14,140922,1,4,0,115.0
10110031DEDEV_2025-11-14_G37,10110031DEDEV,2025-11-14,108711,1,8,0,92.0
10110031DEDEV_2025-11-14_G38,10110031DEDEV,2025-11-14,118140,1,8,0,142.0
10110031DEDEV_2025-11-14_G39,10110031DEDEV,2025-11-14,141823,1,16,0,432.0
10110031DEDEV_2025-11-14_G40,10110031DEDEV,2025-11-14,141202,1,8,0,115.0
10110031DEDEV_2025-11-14_G41,10110031DEDEV,2025-11-14,140923,1,40,0,459.0
10110031DEDEV_2025-11-14_G42,10110031DEDEV,2025-11-14,110740,1,20,0,359.0
10110031DEDEV_2025-11-14_G43,10110031DEDEV,2025-11-14,108795,1,80,0,896.0
10110031DEDEV_2025-11-14_G44,10110031DEDEV,2025-11-14,110733,1,6,0,588.0
10110031DEDEV_2025-11-14_G45,10110031DEDEV,2025-11-14,110374,1,2,0,140.0
10110031DEDEV_2025-11-14_G46,10110031DEDEV,2025-11-14,110373,1,8,0,104.0
10110031DEDEV_2025-11-14_G47,10110031DEDEV,2025-11-14,160057,1,30,0,1338.0
10110031DEDEV_2025-11-14_G48,10110031DEDEV,2025-11-14,160051,1,30,0,478.0
10110031DEDEV_2025-11-14_G49,10110031DEDEV,2025-11-14,111569,1,4,0,595.0
10110031DEDEV_2025-11-14_G50,10110031DEDEV,2025-11-14,110373,1,4,0,151.0
10110031DEDEV_2025-11-14_G51,10110031DEDEV,2025-11-14,118140,1,4,0,129.0
10110031DEDEV_2025-11-14_G52,10110031DEDEV,2025-11-14,109640,1,2,0,209.0
10110031DEDEV_2025-11-14_G53,10110031DEDEV,2025-11-14,110373,1,60,0,551.0
10110031DEDEV_2025-11-14_G54,10110031DEDEV,2025-11-14,118094,1,4,0,286.0
10110031DEDEV_2025-11-14_G55,10110031DEDEV,2025-11-14,110747,1,4,0,372.0
10110031DEDEV_2025-11-14_G56,10110031DEDEV,2025-11-14,111462,1,4,0,100.0
10110031DEDEV_2025-11-14_G57,10110031DEDEV,2025-11-14,141458,1,12,0,185.0
10110031DEDEV_2025-11-14_G58,10110031DEDEV,2025-11-14,105705,1,1,0,133.0
10110031DEDEV_2025-11-14_G59,10110031DEDEV,2025-11-14,110787,1,3,0,124.0
10110031DEDEV_2025-11-14_G60,10110031DEDEV,2025-11-14,110372,1,8,0,187.0
10110031DEDEV_2025-11-14_G61,10110031DEDEV,2025-11-14,120002,1,10,0,188.0
10110031DEDEV_2025-11-14_G62,10110031DEDEV,2025-11-14,111442,1,4,0,95.0
10110031DEDEV_2025-11-14_G63,10110031DEDEV,2025-11-14,109974,1,2,0,945.0
10110031DEDEV_2025-11-15_G02,10110031DEDEV,2025-11-15,109640,1,3,0,2259.0
10110031DEDEV_2025-11-15_G03,10110031DEDEV,2025-11-15,109643,1,30,0,629.0
10110031DEDEV_2025-11-15_G04,10110031DEDEV,2025-11-15,107629,1,4,0,257.0
10110031DEDEV_2025-11-15_G05,10110031DEDEV,2025-11-15,109640,1,20,0,871.0
10110031DEDEV_2025-11-15_G06,10110031DEDEV,2025-11-15,111433,1,4,0,129.0
10110031DEDEV_2025-11-15_G07,10110031DEDEV,2025-11-15,109643,1,30,0,335.0
10110031DEDEV_2025-11-15_G08,10110031DEDEV,2025-11-15,110747,1,2,0,363.0
10110031DEDEV_2025-11-15_G09,10110031DEDEV,2025-11-15,109640,1,14,0,206.0
10110031DEDEV_2025-11-15_G10,10110031DEDEV,2025-11-15,109640,1,10,0,210.0
10110031DEDEV_2025-11-15_G11,10110031DEDEV,2025-11-15,110787,1,5,0,170.0
10110031DEDEV_2025-11-15_G12,10110031DEDEV,2025-11-15,111441,1,10,0,2173.0
10110031DEDEV_2025-11-15_G13,10110031DEDEV,2025-11-15,110313,1,5,0,188.0
10110031DEDEV_2025-11-15_G14,10110031DEDEV,2025-11-15,117856,1,6,0,102.0
10110031DEDEV_2025-11-15_G15,10110031DEDEV,2025-11-15,110787,1,4,0,112.0
10110031DEDEV_2025-11-15_G16,10110031DEDEV,2025-11-15,111462,1,4,0,129.0
10110031DEDEV_2025-11-15_G17,10110031DEDEV,2025-11-15,118299,1,10,0,156.0
10110031DEDEV_2025-11-15_G18,10110031DEDEV,2025-11-15,111430,1,2,0,239.0
10110031DEDEV_2025-11-15_G19,10110031DEDEV,2025-11-15,111441,1,2,0,55.0
10110031DEDEV_2025-11-15_G20,10110031DEDEV,2025-11-15,110374,1,2,0,75.0
10110031DEDEV_2025-11-15_G21,10110031DEDEV,2025-11-15,117808,1,2,0,127.0
10110031DEDEV_2025-11-15_G22,10110031DEDEV,2025-11-15,110373,1,5,0,301.0
10110031DEDEV_2025-11-15_G23,10110031DEDEV,2025-11-15,118140,1,2,0,99.0
10110031DEDEV_2025-11-15_G24,10110031DEDEV,2025-11-15,110374,1,10,0,304.0
10110031DEDEV_2025-11-15_G25,10110031DEDEV,2025-11-15,117808,1,2,0,127.0
10110031DEDEV_2025-11-15_G26,10110031DEDEV,2025-11-15,110373,1,7,0,113.0
10110031DEDEV_2025-11-15_G27,10110031DEDEV,2025-11-15,117786,1,8,0,168.0
10110031DEDEV_2025-11-15_G28,10110031DEDEV,2025-11-15,117862,1,6,0,187.0
10110031DEDEV_2025-11-16_G02,10110031DEDEV,2025-11-16,116241,1,48,0,470.0
10110031DEDEV_2025-11-16_G03,10110031DEDEV,2025-11-16,160055,1,100,0,1289.0
10110031DEDEV_2025-11-16_G04,10110031DEDEV,2025-11-16,117842,1,2,0,154.0
10110031DEDEV_2025-11-16_G05,10110031DEDEV,2025-11-16,109645,1,16,0,1195.0
10110031DEDEV_2025-11-16_G06,10110031DEDEV,2025-11-16,110313,1,4,0,2395.0
10110031DEDEV_2025-11-16_G07,10110031DEDEV,2025-11-16,110787,1,4,0,181.0
10110031DEDEV_2025-11-16_G08,10110031DEDEV,2025-11-16,117935,1,2,0,129.0
10110031DEDEV_2025-11-16_G09,10110031DEDEV,2025-11-16,110787,2,4,30,104.0
10110031DEDEV_2025-11-16_G10,10110031DEDEV,2025-11-16,108772,1,2,0,157.0
10110031DEDEV_2025-11-16_G11,10110031DEDEV,2025-11-16,140911,1,2,0,159.0
10110031DEDEV_2025-11-17_G02,10110031DEDEV,2025-11-17,117861,1,4,0,207.0
10110031DEDEV_2025-11-17_G03,10110031DEDEV,2025-11-17,111532,1,4,0,158.0
10110031DEDEV_2025-11-17_G04,10110031DEDEV,2025-11-17,110372,1,2,0,125.0
10110031DEDEV_2025-11-17_G05,10110031DEDEV,2025-11-17,117832,1,4,0,88.0
10110031DEDEV_2025-11-17_G06,10110031DEDEV,2025-11-17,117935,1,4,0,430.0
10110031DEDEV_2025-11-17_G07,10110031DEDEV,2025-11-17,111532,1,6,0,292.0
10110031DEDEV_2025-11-17_G08,10110031DEDEV,2025-11-17,111330,1,12,0,588.0
10110031DEDEV_2025-11-17_G09,10110031DEDEV,2025-11-17,117832,1,8,0,206.0
10110031DEDEV_2025-11-17_G10,10110031DEDEV,2025-11-17,117785,1,42,0,868.0
10110031DEDEV_2025-11-17_G11,10110031DEDEV,2025-11-17,111172,1,6,0,1756.0
10110031DEDEV_2025-11-17_G12,10110031DEDEV,2025-11-17,111532,1,6,0,217.0
10110031DEDEV_2025-11-17_G13,10110031DEDEV,2025-11-17,118140,1,8,0,155.0
10110031DEDEV_2025-11-17_G14,10110031DEDEV,2025-11-17,141823,1,8,0,583.0
10110031DEDEV_2025-11-17_G15,10110031DEDEV,2025-11-17,111743,1,2,0,176.0
10110031DEDEV_2025-11-17_G16,10110031DEDEV,2025-11-17,110372,1,10,0,1443.0
10110031DEDEV_2025-11-17_G17,10110031DEDEV,2025-11-17,110373,1,1,0,138.0
10110031DEDEV_2025-11-17_G18,10110031DEDEV,2025-11-17,140923,1,1,0,965.0
10110031DEDEV_2025-11-17_G19,10110031DEDEV,2025-11-17,110733,1,20,0,253.0
10110031DEDEV_2025-11-17_G20,10110031DEDEV,2025-11-17,117821,1,10,0,473.0
10110031DEDEV_2025-11-17_G21,10110031DEDEV,2025-11-17,118140,1,6,0,61.0
10110031DEDEV_2025-11-17_G22,10110031DEDEV,2025-11-17,118317,1,5,0,267.0
10110031DEDEV_2025-11-17_G23,10110031DEDEV,2025-11-17,117833,1,5,0,85.0
10110031DEDEV_2025-11-17_G24,10110031DEDEV,2025-11-17,111442,1,10,0,99.0
10110031DEDEV_2025-11-17_G25,10110031DEDEV,2025-11-17,111444,1,10,0,92.0
10110031DEDEV_2025-11-17_G26,10110031DEDEV,2025-11-17,117842,1,2,0,132.0
10110031DEDEV_2025-11-17_G27,10110031DEDEV,2025-11-17,108711,1,10,0,116.0
10110031DEDEV_2025-11-17_G29,10110031DEDEV,2025-11-17,110748,1,3,0,36.0
10110031DEDEV_2025-11-17_G30,10110031DEDEV,2025-11-17,105705,1,1,0,122.0
10110031DEDEV_2025-11-17_G31,10110031DEDEV,2025-11-17,118285,1,2,0,54.0
10110031DEDEV_2025-11-17_G32,10110031DEDEV,2025-11-17,111743,1,8,0,131.0
10110031DEDEV_2025-11-17_G33,10110031DEDEV,2025-11-17,111348,1,8,0,214.0
10110031DEDEV_2025-11-17_G34,10110031DEDEV,2025-11-17,111431,2,4,25,228.0
10110031DEDEV_2025-11-17_G35,10110031DEDEV,2025-11-17,110743,1,4,0,60.0
10110031DEDEV_2025-11-17_G36,10110031DEDEV,2025-11-17,117842,1,8,0,119.0
10110031DEDEV_2025-11-17_G37,10110031DEDEV,2025-11-17,117787,1,12,0,139.0
10110031DEDEV_2025-11-17_G38,10110031DEDEV,2025-11-17,109641,1,8,0,157.0
10110031DEDEV_2025-11-17_G39,10110031DEDEV,2025-11-17,111465,1,5,0,341.0
10110031DEDEV_2025-11-17_G40,10110031DEDEV,2025-11-17,111465,1,5,0,39.0
10110031DEDEV_2025-11-17_G41,10110031DEDEV,2025-11-17,117838,1,8,0,575.0
10110031DEDEV_2025-11-17_G42,10110031DEDEV,2025-11-17,110375,1,7,0,150.0
10110031DEDEV_2025-11-17_G43,10110031DEDEV,2025-11-17,109643,1,12,0,157.0
10110031DEDEV_2025-11-17_G44,10110031DEDEV,2025-11-17,117820,1,25,0,835.0
10110031DEDEV_2025-11-17_G45,10110031DEDEV,2025-11-17,117820,1,25,0,126.0
10110031DEDEV_2025-11-17_G46,10110031DEDEV,2025-11-17,111530,1,300,0,1629.0
10110031DEDEV_2025-11-17_G47,10110031DEDEV,2025-11-17,118299,1,500,0,1488.0
10110031DEDEV_2025-11-17_G49,10110031DEDEV,2025-11-17,111532,1,5,0,103.0
10110031DEDEV_2025-11-17_G50,10110031DEDEV,2025-11-17,110339,1,4,0,99.0
10110031DEDEV_2025-11-17_G51,10110031DEDEV,2025-11-17,110372,1,20,0,234.0
10110031DEDEV_2025-11-17_G52,10110031DEDEV,2025-11-17,117832,1,2,0,115.0
10110031DEDEV_2025-11-18_G02,10110031DEDEV,2025-11-18,110373,1,4,0,111.0
10110031DEDEV_2025-11-18_G03,10110031DEDEV,2025-11-18,117785,1,3,0,124.0
10110031DEDEV_2025-11-18_G04,10110031DEDEV,2025-11-18,110787,1,2,0,165.0
10110031DEDEV_2025-11-18_G05,10110031DEDEV,2025-11-18,111442,1,4,0,237.0
10110031DEDEV_2025-11-18_G06,10110031DEDEV,2025-11-18,110313,1,1,0,128.0
10110031DEDEV_2025-11-18_G07,10110031DEDEV,2025-11-18,117856,1,2,0,127.0
10110031DEDEV_2025-11-18_G08,10110031DEDEV,2025-11-18,141456,1,1,0,61.0
10110031DEDEV_2025-11-18_G09,10110031DEDEV,2025-11-18,111743,1,4,0,78.0
10110031DEDEV_2025-11-18_G10,10110031DEDEV,2025-11-18,111348,1,1,0,78.0
10110031DEDEV_2025-11-18_G11,10110031DEDEV,2025-11-18,117831,1,4,0,95.0
10110031DEDEV_2025-11-18_G12,10110031DEDEV,2025-11-18,141916,1,2,0,130.0
10110031DEDEV_2025-11-18_G13,10110031DEDEV,2025-11-18,117809,1,2,0,95.0
10110031DEDEV_2025-11-18_G14,10110031DEDEV,2025-11-18,117788,1,2,0,421.0
10110031DEDEV_2025-11-18_G15,10110031DEDEV,2025-11-18,109645,1,4,0,83.0
10110031DEDEV_2025-11-18_G16,10110031DEDEV,2025-11-18,110733,1,2,0,118.0
10110031DEDEV_2025-11-18_G17,10110031DEDEV,2025-11-18,110745,1,2,0,58.0
10110031DEDEV_2025-11-18_G18,10110031DEDEV,2025-11-18,140922,1,2,0,46.0
10110031DEDEV_2025-11-18_G19,10110031DEDEV,2025-11-18,108711,1,2,0,94.0
10110031DEDEV_2025-11-18_G20,10110031DEDEV,2025-11-18,117787,1,1,0,121.0
10110031DEDEV_2025-11-18_G21,10110031DEDEV,2025-11-18,118140,1,4,0,236.0
10110031DEDEV_2025-11-18_G22,10110031DEDEV,2025-11-18,141823,1,4,0,92.0
10110031DEDEV_2025-11-18_G23,10110031DEDEV,2025-11-18,117785,1,3,0,129.0
10110031DEDEV_2025-11-18_G24,10110031DEDEV,2025-11-18,107629,1,2,0,88.0
10110031DEDEV_2025-11-18_G25,10110031DEDEV,2025-11-18,110339,1,4,0,149.0
10110031DEDEV_2025-11-18_G26,10110031DEDEV,2025-11-18,110372,1,6,0,109.0
10110031DEDEV_2025-11-18_G27,10110031DEDEV,2025-11-18,117832,1,2,0,61.0
10110031DEDEV_2025-11-18_G28,10110031DEDEV,2025-11-18,117808,1,5,0,115.0
10110031DEDEV_2025-11-18_G29,10110031DEDEV,2025-11-18,110373,1,4,0,99.0
10110031DEDEV_2025-11-18_G30,10110031DEDEV,2025-11-18,141456,1,4,0,355.0
10110031DEDEV_2025-11-18_G31,10110031DEDEV,2025-11-18,110787,1,4,0,71.0
10110031DEDEV_2025-11-18_G32,10110031DEDEV,2025-11-18,109643,1,2,0,138.0
10110031DEDEV_2025-11-18_G33,10110031DEDEV,2025-11-18,140911,1,4,0,528.0
10110031DEDEV_2025-11-18_G34,10110031DEDEV,2025-11-18,117935,1,4,0,188.0
10110031DEDEV_2025-11-18_G35,10110031DEDEV,2025-11-18,117935,1,5,0,126.0
10110031DEDEV_2025-11-18_G36,10110031DEDEV,2025-11-18,110500,1,3,0,311.0
10110031DEDEV_2025-11-18_G37,10110031DEDEV,2025-11-18,118094,1,10,0,976.0
10110031DEDEV_2025-11-18_G38,10110031DEDEV,2025-11-18,117809,1,12,0,490.0
10110031DEDEV_2025-11-18_G39,10110031DEDEV,2025-11-18,110375,1,8,0,142.0
10110031DEDEV_2025-11-18_G40,10110031DEDEV,2025-11-18,117832,1,5,0,123.0
10110031DEDEV_2025-11-18_G41,10110031DEDEV,2025-11-18,110373,1,6,0,85.0
10110031DEDEV_2025-11-18_G42,10110031DEDEV,2025-11-18,141202,1,5,0,70.0
10110031DEDEV_2025-11-18_G43,10110031DEDEV,2025-11-18,118330,1,4,0,152.0
10110031DEDEV_2025-11-18_G44,10110031DEDEV,2025-11-18,141458,1,16,0,122.0
10110031DEDEV_2025-11-18_G45,10110031DEDEV,2025-11-18,141823,1,12,0,125.0
10110031DEDEV_2025-11-18_G46,10110031DEDEV,2025-11-18,117820,1,15,0,437.0
10110031DEDEV_2025-11-18_G47,10110031DEDEV,2025-11-18,117786,1,4,0,642.0
10110031DEDEV_2025-11-18_G48,10110031DEDEV,2025-11-18,110740,1,2,0,112.0
10110031DEDEV_2025-11-18_G49,10110031DEDEV,2025-11-18,110372,1,6,0,141.0
10110031DEDEV_2025-11-18_G50,10110031DEDEV,2025-11-18,117808,1,10,0,206.0
10110031DEDEV_2025-11-18_G51,10110031DEDEV,2025-11-18,109640,1,3,0,187.0
10110031DEDEV_2025-11-18_G52,10110031DEDEV,2025-11-18,110313,1,4,0,163.0
10110031DEDEV_2025-11-18_G54,10110031DEDEV,2025-11-18,111876,1,280,0,2320.0
10110031DEDEV_2025-11-18_G55,10110031DEDEV,2025-11-18,109647,1,110,0,668.0
10110031DEDEV_2025-11-18_G56,10110031DEDEV,2025-11-18,111660,1,2,0,2619.0
10110031DEDEV_2025-11-18_G57,10110031DEDEV,2025-11-18,111569,1,4,0,121.0
10110031DEDEV_2025-11-18_G58,10110031DEDEV,2025-11-18,117786,1,4,0,161.0
10110031DEDEV_2025-11-18_G59,10110031DEDEV,2025-11-18,111602,1,2,0,183.0
10110031DEDEV_2025-11-18_G60,10110031DEDEV,2025-11-18,110339,1,2,0,87.0
10110031DEDEV_2025-11-18_G61,10110031DEDEV,2025-11-18,109640,1,4,0,133.0
10110031DEDEV_2025-11-18_G62,10110031DEDEV,2025-11-18,116241,1,3,0,293.0
10110031DEDEV_2025-11-18_G63,10110031DEDEV,2025-11-18,111330,1,4,0,101.0
10110031DEDEV_2025-11-18_G64,10110031DEDEV,2025-11-18,111743,1,2,0,56.0
10110031DEDEV_2025-11-18_G66,10110031DEDEV,2025-11-18,109641,1,2,0,145.0
10110031DEDEV_2025-11-18_G67,10110031DEDEV,2025-11-18,117808,1,11,0,403.0
10110031DEDEV_2025-11-18_G68,10110031DEDEV,2025-11-18,110373,1,22,0,308.0
10110031DEDEV_2025-11-19_G02,10110031DEDEV,2025-11-19,110371,1,23,0,484.0
10110031DEDEV_2025-11-19_G03,10110031DEDEV,2025-11-19,111602,1,10,0,327.0
10110031DEDEV_2025-11-19_G04,10110031DEDEV,2025-11-19,111182,1,6,0,700.0
10110031DEDEV_2025-11-19_G05,10110031DEDEV,2025-11-19,117830,1,23,0,497.0
10110031DEDEV_2025-11-19_G06,10110031DEDEV,2025-11-19,110372,1,30,0,451.0
10110031DEDEV_2025-11-19_G07,10110031DEDEV,2025-11-19,117808,1,31,0,402.0
10110031DEDEV_2025-11-19_G08,10110031DEDEV,2025-11-19,110373,1,9,0,861.0
10110031DEDEV_2025-11-19_G09,10110031DEDEV,2025-11-19,117785,1,60,0,2781.0
10110031DEDEV_2025-11-19_G10,10110031DEDEV,2025-11-19,111462,1,27,0,421.0
10110031DEDEV_2025-11-19_G11,10110031DEDEV,2025-11-19,117329,1,2,0,814.0
10110031DEDEV_2025-11-19_G12,10110031DEDEV,2025-11-19,118317,1,19,0,177.0
10110031DEDEV_2025-11-19_G13,10110031DEDEV,2025-11-19,110787,1,40,0,130.0
10110031DEDEV_2025-11-19_G14,10110031DEDEV,2025-11-19,118326,1,36,0,567.0
10110031DEDEV_2025-11-19_G16,10110031DEDEV,2025-11-19,140922,1,1,0,85.0
10110031DEDEV_2025-11-19_G17,10110031DEDEV,2025-11-19,110787,1,4,0,95.0
10110031DEDEV_2025-11-19_G18,10110031DEDEV,2025-11-19,117833,1,2,0,108.0
10110031DEDEV_2025-11-19_G19,10110031DEDEV,2025-11-19,117821,1,2,0,89.0
10110031DEDEV_2025-11-19_G20,10110031DEDEV,2025-11-19,117808,1,10,0,227.0
10110031DEDEV_2025-11-19_G21,10110031DEDEV,2025-11-19,117820,1,8,0,126.0
10110031DEDEV_2025-11-19_G22,10110031DEDEV,2025-11-19,117830,1,2,0,76.0
10110031DEDEV_2025-11-19_G23,10110031DEDEV,2025-11-19,110623,1,1,0,596.0
10110031DEDEV_2025-11-19_G24,10110031DEDEV,2025-11-19,111743,1,4,0,90.0
10110031DEDEV_2025-11-19_G25,10110031DEDEV,2025-11-19,111182,1,2,0,68.0
10110031DEDEV_2025-11-19_G26,10110031DEDEV,2025-11-19,117820,1,6,0,148.0
10110031DEDEV_2025-11-19_G27,10110031DEDEV,2025-11-19,117808,1,16,0,172.0
10110031DEDEV_2025-11-19_G28,10110031DEDEV,2025-11-19,109640,1,2,0,129.0
10110031DEDEV_2025-11-19_G29,10110031DEDEV,2025-11-19,111602,1,5,0,101.0
10110031DEDEV_2025-11-19_G30,10110031DEDEV,2025-11-19,109640,1,4,0,106.0
10110031DEDEV_2025-11-19_G31,10110031DEDEV,2025-11-19,111172,1,1,0,157.0
10110031DEDEV_2025-11-19_G32,10110031DEDEV,2025-11-19,111468,1,1,0,63.0
10110031DEDEV_2025-11-19_G33,10110031DEDEV,2025-11-19,110787,1,6,0,149.0
10110031DEDEV_2025-11-19_G34,10110031DEDEV,2025-11-19,111469,1,7,0,231.0
10110031DEDEV_2025-11-19_G35,10110031DEDEV,2025-11-19,111532,1,2,0,156.0
10110031DEDEV_2025-11-19_G36,10110031DEDEV,2025-11-19,111569,1,4,0,1490.0
10110031DEDEV_2025-11-19_G37,10110031DEDEV,2025-11-19,111468,1,16,0,879.0
10110031DEDEV_2025-11-19_G38,10110031DEDEV,2025-11-19,110787,1,8,0,145.0
10110031DEDEV_2025-11-19_G39,10110031DEDEV,2025-11-19,117808,1,20,0,424.0
10110031DEDEV_2025-11-19_G40,10110031DEDEV,2025-11-19,141458,1,6,0,157.0
10110031DEDEV_2025-11-19_G41,10110031DEDEV,2025-11-19,111463,1,60,0,745.0
10110031DEDEV_2025-11-19_G42,10110031DEDEV,2025-11-19,111441,1,4,0,396.0
10110031DEDEV_2025-11-19_G43,10110031DEDEV,2025-11-19,109640,1,4,0,530.0
10110031DEDEV_2025-11-19_G44,10110031DEDEV,2025-11-19,110623,1,4,0,293.0
10110031DEDEV_2025-11-19_G45,10110031DEDEV,2025-11-19,110733,1,2,0,71.0
10110031DEDEV_2025-11-19_G46,10110031DEDEV,2025-11-19,111743,1,2,0,300.0
10110031DEDEV_2025-11-19_G47,10110031DEDEV,2025-11-19,140922,1,1,0,83.0
10110031DEDEV_2025-11-19_G48,10110031DEDEV,2025-11-19,117831,1,2,0,86.0
10110031DEDEV_2025-11-19_G49,10110031DEDEV,2025-11-19,117833,1,2,0,49.0
10110031DEDEV_2025-11-19_G50,10110031DEDEV,2025-11-19,141457,1,2,0,45.0
10110031DEDEV_2025-11-19_G52,10110031DEDEV,2025-11-19,117808,1,8,0,173.0
10110031DEDEV_2025-11-19_G53,10110031DEDEV,2025-11-19,117809,1,2,0,129.0
10110031DEDEV_2025-11-19_G54,10110031DEDEV,2025-11-19,117820,1,4,0,70.0
10110031DEDEV_2025-11-19_G55,10110031DEDEV,2025-11-19,117832,1,4,0,219.0
10110031DEDEV_2025-11-19_G56,10110031DEDEV,2025-11-19,141456,1,6,0,410.0
10110031DEDEV_2025-11-20_G02,10110031DEDEV,2025-11-20,110623,1,4,0,62.0
10110031DEDEV_2025-11-20_G03,10110031DEDEV,2025-11-20,111876,1,1,0,97.0
10110031DEDEV_2025-11-20_G04,10110031DEDEV,2025-11-20,117856,1,4,0,77.0
10110031DEDEV_2025-11-20_G05,10110031DEDEV,2025-11-20,117862,1,4,0,265.0
10110031DEDEV_2025-11-20_G06,10110031DEDEV,2025-11-20,111172,1,8,0,130.0
10110031DEDEV_2025-11-20_G07,10110031DEDEV,2025-11-20,111743,1,2,0,121.0
10110031DEDEV_2025-11-20_G08,10110031DEDEV,2025-11-20,110740,1,2,0,74.0
10110031DEDEV_2025-11-20_G09,10110031DEDEV,2025-11-20,140922,1,4,0,73.0
10110031DEDEV_2025-11-20_G10,10110031DEDEV,2025-11-20,117831,1,2,0,92.0
10110031DEDEV_2025-11-20_G11,10110031DEDEV,2025-11-20,117787,1,2,0,50.0
10110031DEDEV_2025-11-20_G12,10110031DEDEV,2025-11-20,117808,1,10,0,416.0
10110031DEDEV_2025-11-20_G13,10110031DEDEV,2025-11-20,117820,1,8,0,137.0
10110031DEDEV_2025-11-20_G14,10110031DEDEV,2025-11-20,117830,1,4,0,110.0
10110031DEDEV_2025-11-20_G15,10110031DEDEV,2025-11-20,141456,1,2,0,288.0
10110031DEDEV_2025-11-20_G16,10110031DEDEV,2025-11-20,117856,1,12,0,1570.0
10110031DEDEV_2025-11-20_G17,10110031DEDEV,2025-11-20,117786,1,6,0,94.0
10110031DEDEV_2025-11-20_G18,10110031DEDEV,2025-11-20,110313,1,8,0,130.0
10110031DEDEV_2025-11-20_G19,10110031DEDEV,2025-11-20,117862,1,8,0,103.0
10110031DEDEV_2025-11-20_G20,10110031DEDEV,2025-11-20,108711,1,3,0,85.0
10110031DEDEV_2025-11-20_G21,10110031DEDEV,2025-11-20,117833,1,4,0,87.0
10110031DEDEV_2025-11-20_G22,10110031DEDEV,2025-11-20,141457,1,6,0,92.0
10110031DEDEV_2025-11-20_G23,10110031DEDEV,2025-11-20,111462,1,6,0,94.0
10110031DEDEV_2025-11-20_G24,10110031DEDEV,2025-11-20,118140,1,4,0,74.0
10110031DEDEV_2025-11-20_G25,10110031DEDEV,2025-11-20,141823,1,4,0,83.0
10110031DEDEV_2025-11-20_G26,10110031DEDEV,2025-11-20,111743,1,8,0,378.0
10110031DEDEV_2025-11-20_G27,10110031DEDEV,2025-11-20,110740,1,4,0,78.0
10110031DEDEV_2025-11-20_G28,10110031DEDEV,2025-11-20,110372,1,19,0,279.0
10110031DEDEV_2025-11-20_G29,10110031DEDEV,2025-11-20,117832,1,6,0,85.0
10110031DEDEV_2025-11-20_G30,10110031DEDEV,2025-11-20,117808,1,16,0,214.0
10110031DEDEV_2025-11-20_G31,10110031DEDEV,2025-11-20,141202,1,4,0,109.0
10110031DEDEV_2025-11-20_G32,10110031DEDEV,2025-11-20,111418,1,8,0,323.0
10110031DEDEV_2025-11-20_G33,10110031DEDEV,2025-11-20,117838,1,4,0,376.0
10110031DEDEV_2025-11-20_G34,10110031DEDEV,2025-11-20,108711,1,4,0,106.0
10110031DEDEV_2025-11-20_G35,10110031DEDEV,2025-11-20,117833,1,1,0,85.0
10110031DEDEV_2025-11-20_G36,10110031DEDEV,2025-11-20,141457,1,8,0,67.0
10110031DEDEV_2025-11-20_G37,10110031DEDEV,2025-11-20,111466,1,8,0,456.0
10110031DEDEV_2025-11-20_G38,10110031DEDEV,2025-11-20,141456,1,4,0,82.0
10110031DEDEV_2025-11-21_G02,10110031DEDEV,2025-11-21,109645,1,12,0,116.0
10110031DEDEV_2025-11-21_G03,10110031DEDEV,2025-11-21,110751,1,12,0,111.0
10110031DEDEV_2025-11-21_G04,10110031DEDEV,2025-11-21,111743,1,18,0,130.0
10110031DEDEV_2025-11-21_G05,10110031DEDEV,2025-11-21,108795,1,20,0,182.0
10110031DEDEV_2025-11-21_G06,10110031DEDEV,2025-11-21,111182,1,8,0,436.0
10110031DEDEV_2025-11-21_G07,10110031DEDEV,2025-11-21,111182,1,5,0,42.0
10110031DEDEV_2025-11-21_G08,10110031DEDEV,2025-11-21,110745,1,12,0,166.0
10110031DEDEV_2025-11-21_G09,10110031DEDEV,2025-11-21,140922,1,12,0,143.0
10110031DEDEV_2025-11-21_G10,10110031DEDEV,2025-11-21,111348,1,16,0,149.0
10110031DEDEV_2025-11-21_G11,10110031DEDEV,2025-11-21,110787,1,12,0,117.0
10110031DEDEV_2025-11-21_G12,10110031DEDEV,2025-11-21,111469,1,14,0,126.0
10110031DEDEV_2025-11-21_G13,10110031DEDEV,2025-11-21,111469,1,24,0,354.0
10110031DEDEV_2025-11-21_G14,10110031DEDEV,2025-11-21,118317,1,5,0,133.0
10110031DEDEV_2025-11-21_G15,10110031DEDEV,2025-11-21,117833,1,12,0,77.0
10110031DEDEV_2025-11-21_G16,10110031DEDEV,2025-11-21,141823,1,12,0,199.0
10110031DEDEV_2025-11-21_G17,10110031DEDEV,2025-11-21,110740,1,44,0,336.0
10110031DEDEV_2025-11-21_G18,10110031DEDEV,2025-11-21,110740,1,11,0,221.0
10110031DEDEV_2025-11-21_G19,10110031DEDEV,2025-11-21,117831,1,40,0,562.0
10110031DEDEV_2025-11-21_G20,10110031DEDEV,2025-11-21,118140,1,22,0,498.0
10110031DEDEV_2025-11-21_G21,10110031DEDEV,2025-11-21,141458,1,30,0,282.0
10110031DEDEV_2025-11-21_G22,10110031DEDEV,2025-11-21,111463,1,40,0,444.0
10110031DEDEV_2025-11-21_G23,10110031DEDEV,2025-11-21,141457,1,50,0,495.0
10110031DEDEV_2025-11-21_G24,10110031DEDEV,2025-11-21,117785,1,50,0,554.0
10110031DEDEV_2025-11-22_G02,10110031DEDEV,2025-11-22,117830,1,2,0,77.0
10110031DEDEV_2025-11-22_G03,10110031DEDEV,2025-11-22,111418,1,10,0,137.0
10110031DEDEV_2025-11-22_G04,10110031DEDEV,2025-11-22,111469,1,4,0,79.0
10110031DEDEV_2025-11-22_G05,10110031DEDEV,2025-11-22,117855,1,2,0,192.0
10110031DEDEV_2025-11-22_G06,10110031DEDEV,2025-11-22,110500,1,2,0,762.0
10110031DEDEV_2025-11-22_G07,10110031DEDEV,2025-11-22,117797,1,8,0,211.0
10110031DEDEV_2025-11-22_G08,10110031DEDEV,2025-11-22,117788,1,22,0,207.0
10110031DEDEV_2025-11-22_G09,10110031DEDEV,2025-11-22,111876,1,12,0,94.0
10110031DEDEV_2025-11-22_G10,10110031DEDEV,2025-11-22,118322,1,5,0,140.0
10110031DEDEV_2025-11-22_G11,10110031DEDEV,2025-11-22,111650,1,12,0,128.0
10110031DEDEV_2025-11-22_G12,10110031DEDEV,2025-11-22,110339,1,40,0,490.0
10110031DEDEV_2025-11-22_G13,10110031DEDEV,2025-11-22,110313,1,37,0,508.0
10110031DEDEV_2025-11-22_G14,10110031DEDEV,2025-11-22,108361,1,1,0,98.0
10110031DEDEV_2025-11-22_G15,10110031DEDEV,2025-11-22,141066,1,20,0,197.0
10110031DEDEV_2025-11-22_G16,10110031DEDEV,2025-11-22,117854,1,20,0,460.0
10110031DEDEV_2025-11-22_G17,10110031DEDEV,2025-11-22,118271,1,12,0,505.0
10110031DEDEV_2025-11-22_G18,10110031DEDEV,2025-11-22,141202,1,40,0,445.0
10110031DEDEV_2025-11-22_G19,10110031DEDEV,2025-11-22,111433,1,4,0,169.0
10110031DEDEV_2025-11-22_G20,10110031DEDEV,2025-11-22,110740,1,40,0,672.0
10110031DEDEV_2025-11-22_G21,10110031DEDEV,2025-11-22,110745,1,9,0,196.0
10110031DEDEV_2025-11-22_G22,10110031DEDEV,2025-11-22,111348,1,20,0,437.0
10110031DEDEV_2025-11-22_G23,10110031DEDEV,2025-11-22,110743,1,6,0,212.0
10110031DEDEV_2025-11-22_G24,10110031DEDEV,2025-11-22,115817,1,9,0,199.0
10110031DEDEV_2025-11-22_G25,10110031DEDEV,2025-11-22,117831,1,29,0,235.0
10110031DEDEV_2025-11-22_G26,10110031DEDEV,2025-11-22,117833,1,20,0,144.0
10110031DEDEV_2025-11-22_G27,10110031DEDEV,2025-11-22,111434,1,1,0,100.0
10110031DEDEV_2025-11-22_G28,10110031DEDEV,2025-11-22,109645,1,20,0,322.0
10110031DEDEV_2025-11-22_G29,10110031DEDEV,2025-11-22,108798,1,3,0,537.0
10110031DEDEV_2025-11-22_G30,10110031DEDEV,2025-11-22,110583,1,1,0,314.0
10110031DEDEV_2025-11-22_G31,10110031DEDEV,2025-11-22,115775,1,2,0,79.0
10110031DEDEV_2025-11-22_G32,10110031DEDEV,2025-11-22,107888,1,4,0,330.0
10110031DEDEV_2025-11-22_G33,10110031DEDEV,2025-11-22,115234,1,1,0,78.0
10110031DEDEV_2025-11-23_G02,10110031DEDEV,2025-11-23,111463,1,6,0,104.0
10110031DEDEV_2025-11-23_G03,10110031DEDEV,2025-11-23,110895,1,8,0,345.0
10110031DEDEV_2025-11-23_G04,10110031DEDEV,2025-11-23,111354,1,2,0,2597.0
10110031DEDEV_2025-11-23_G05,10110031DEDEV,2025-11-23,108770,1,4,0,321.0
10110031DEDEV_2025-11-23_G06,10110031DEDEV,2025-11-23,110711,1,12,0,444.0
10110031DEDEV_2025-11-23_G07,10110031DEDEV,2025-11-23,110787,1,8,0,108.0
10110031DEDEV_2025-11-23_G08,10110031DEDEV,2025-11-23,111463,1,8,0,303.0
10110031DEDEV_2025-11-23_G09,10110031DEDEV,2025-11-23,111876,1,4,0,184.0
10110031DEDEV_2025-11-23_G10,10110031DEDEV,2025-11-23,117856,1,30,0,230.0
10110031DEDEV_2025-11-23_G11,10110031DEDEV,2025-11-23,111466,1,11,0,212.0
10110031DEDEV_2025-11-23_G12,10110031DEDEV,2025-11-23,118299,1,40,0,1063.0
10110031DEDEV_2025-11-23_G13,10110031DEDEV,2025-11-23,111418,1,40,0,860.0
10110031DEDEV_2025-11-23_G14,10110031DEDEV,2025-11-23,118222,1,1,0,296.0
10110031DEDEV_2025-11-23_G15,10110031DEDEV,2025-11-23,117785,1,2,0,74.0
10110031DEDEV_2025-11-23_G16,10110031DEDEV,2025-11-23,111442,1,3,0,43.0
10110031DEDEV_2025-11-23_G17,10110031DEDEV,2025-11-23,140922,1,3,0,128.0
10110031DEDEV_2025-11-23_G18,10110031DEDEV,2025-11-23,117809,1,1,0,149.0
10110031DEDEV_2025-11-23_G19,10110031DEDEV,2025-11-23,110787,1,4,0,123.0
10110031DEDEV_2025-11-24_G02,10110031DEDEV,2025-11-24,117820,1,26,0,315.0
10110031DEDEV_2025-11-24_G03,10110031DEDEV,2025-11-24,110373,1,2,0,123.0
10110031DEDEV_2025-11-24_G04,10110031DEDEV,2025-11-24,117832,1,2,0,183.0
10110031DEDEV_2025-11-24_G05,10110031DEDEV,2025-11-24,117832,1,2,0,46.0
10110031DEDEV_2025-11-24_G06,10110031DEDEV,2025-11-24,117821,1,6,0,185.0
10110031DEDEV_2025-11-24_G07,10110031DEDEV,2025-11-24,141456,1,12,0,150.0
10110031DEDEV_2025-11-24_G08,10110031DEDEV,2025-11-24,111463,1,1,0,320.0
10110031DEDEV_2025-11-24_G09,10110031DEDEV,2025-11-24,117833,1,10,0,138.0
10110031DEDEV_2025-11-24_G10,10110031DEDEV,2025-11-24,117833,1,8,0,44.0
10110031DEDEV_2025-11-24_G11,10110031DEDEV,2025-11-24,141457,1,20,0,255.0
10110031DEDEV_2025-11-24_G12,10110031DEDEV,2025-11-24,117785,1,18,0,201.0
10110031DEDEV_2025-11-24_G13,10110031DEDEV,2025-11-24,110579,1,2,0,845.0
10110031DEDEV_2025-11-24_G14,10110031DEDEV,2025-11-24,110313,1,6,0,164.0
10110031DEDEV_2025-11-24_G15,10110031DEDEV,2025-11-24,141352,1,4,0,100.0
10110031DEDEV_2025-11-24_G16,10110031DEDEV,2025-11-24,109641,1,10,0,176.0
10110031DEDEV_2025-11-24_G17,10110031DEDEV,2025-11-24,111466,2,28,24,483.0
10110031DEDEV_2025-11-24_G18,10110031DEDEV,2025-11-24,118299,1,155,0,869.0
10110031DEDEV_2025-11-24_G19,10110031DEDEV,2025-11-24,118299,1,2,0,43.0
10110031DEDEV_2025-11-24_G20,10110031DEDEV,2025-11-24,111418,1,56,0,531.0
10110031DEDEV_2025-11-24_G21,10110031DEDEV,2025-11-24,111469,1,6,0,299.0
10110031DEDEV_2025-11-24_G22,10110031DEDEV,2025-11-24,111463,1,6,0,100.0
10110031DEDEV_2025-11-24_G23,10110031DEDEV,2025-11-24,111466,1,10,0,112.0
10110031DEDEV_2025-11-24_G24,10110031DEDEV,2025-11-24,111418,1,67,0,569.0
10110031DEDEV_2025-11-24_G25,10110031DEDEV,2025-11-24,111469,1,10,0,400.0
10110031DEDEV_2025-11-24_G26,10110031DEDEV,2025-11-24,111466,1,20,0,253.0
10110031DEDEV_2025-11-24_G27,10110031DEDEV,2025-11-24,118299,1,10,0,1751.0
10110031DEDEV_2025-11-24_G28,10110031DEDEV,2025-11-24,111418,1,47,0,832.0
10110031DEDEV_2025-11-24_G29,10110031DEDEV,2025-11-24,117786,1,2,0,67.0
10110031DEDEV_2025-11-24_G31,10110031DEDEV,2025-11-24,117808,1,1000,0,2900.0
10110031DEDEV_2025-11-24_G32,10110031DEDEV,2025-11-24,109643,1,20,0,153.0
10110031DEDEV_2025-11-24_G33,10110031DEDEV,2025-11-24,117808,1,176,0,1180.0
10110031DEDEV_2025-11-24_G34,10110031DEDEV,2025-11-24,118299,2,528,18,836.0
10110031DEDEV_2025-11-24_G35,10110031DEDEV,2025-11-24,114100,1,3,0,590.0
10110031DEDEV_2025-11-24_G36,10110031DEDEV,2025-11-24,105705,1,9,0,108.0
10110031DEDEV_2025-11-24_G37,10110031DEDEV,2025-11-24,111418,1,17,0,587.0
10110031DEDEV_2025-11-24_G38,10110031DEDEV,2025-11-24,110743,1,16,0,144.0
10110031DEDEV_2025-11-24_G40,10110031DEDEV,2025-11-24,"109645, 118326",2,24,12,40.0
10110031DEDEV_2025-11-24_G41,10110031DEDEV,2025-11-24,118285,1,27,0,585.0
10110031DEDEV_2025-11-24_G42,10110031DEDEV,2025-11-24,111466,1,14,0,151.0
10110031DEDEV_2025-11-24_G43,10110031DEDEV,2025-11-24,111466,1,24,0,46.0
10110031DEDEV_2025-11-25_G02,10110031DEDEV,2025-11-25,118277,1,26,0,416.0
10110031DEDEV_2025-11-25_G03,10110031DEDEV,2025-11-25,110313,1,2,0,1003.0
10110031DEDEV_2025-11-25_G04,10110031DEDEV,2025-11-25,117855,1,2,0,93.0
10110031DEDEV_2025-11-25_G05,10110031DEDEV,2025-11-25,109640,1,19,0,199.0
10110031DEDEV_2025-11-25_G06,10110031DEDEV,2025-11-25,110371,1,92,0,1055.0
10110031DEDEV_2025-11-25_G07,10110031DEDEV,2025-11-25,109640,1,40,0,501.0
10110031DEDEV_2025-11-25_G08,10110031DEDEV,2025-11-25,111418,1,86,0,649.0
10110031DEDEV_2025-11-25_G09,10110031DEDEV,2025-11-25,117831,1,67,0,493.0
10110031DEDEV_2025-11-25_G10,10110031DEDEV,2025-11-25,111418,1,40,0,296.0
10110031DEDEV_2025-11-25_G11,10110031DEDEV,2025-11-25,111418,3,100,32,88.0
10110031DEDEV_2025-11-25_G12,10110031DEDEV,2025-11-25,111418,1,82,0,1453.0
10110031DEDEV_2025-11-25_G13,10110031DEDEV,2025-11-25,117808,1,120,0,961.0
10110031DEDEV_2025-11-26_G02,10110031DEDEV,2025-11-26,110741,1,1,0,68.0
10110031DEDEV_2025-11-26_G03,10110031DEDEV,2025-11-26,110339,1,1,0,90.0
10110031DEDEV_2025-11-26_G04,10110031DEDEV,2025-11-26,110733,1,4,0,64.0
10110031DEDEV_2025-11-26_G05,10110031DEDEV,2025-11-26,117856,1,10,0,92.0
10110031DEDEV_2025-11-26_G06,10110031DEDEV,2025-11-26,117786,1,2,0,113.0
10110031DEDEV_2025-11-26_G07,10110031DEDEV,2025-11-26,110752,1,1,0,58.0
10110031DEDEV_2025-11-26_G08,10110031DEDEV,2025-11-26,109647,1,6,0,121.0
10110031DEDEV_2025-11-26_G09,10110031DEDEV,2025-11-26,109640,1,2,0,116.0
10110031DEDEV_2025-11-26_G10,10110031DEDEV,2025-11-26,117822,1,2,0,130.0
10110031DEDEV_2025-11-26_G11,10110031DEDEV,2025-11-26,117840,1,2,0,109.0
10110031DEDEV_2025-11-26_G12,10110031DEDEV,2025-11-26,117832,1,8,0,115.0
10110031DEDEV_2025-11-26_G13,10110031DEDEV,2025-11-26,110371,1,20,0,116.0
10110031DEDEV_2025-11-26_G14,10110031DEDEV,2025-11-26,110371,1,10,0,305.0
10110031DEDEV_2025-11-26_G15,10110031DEDEV,2025-11-26,109643,1,8,0,124.0
10110031DEDEV_2025-11-26_G16,10110031DEDEV,2025-11-26,117809,1,4,0,635.0
10110031DEDEV_2025-11-26_G17,10110031DEDEV,2025-11-26,117820,1,30,0,299.0
10110031DEDEV_2025-11-26_G18,10110031DEDEV,2025-11-26,110373,1,30,0,435.0
10110031DEDEV_2025-11-26_G19,10110031DEDEV,2025-11-26,109640,1,8,0,564.0
10110031DEDEV_2025-11-26_G20,10110031DEDEV,2025-11-26,111438,1,8,0,376.0
10110031DEDEV_2025-11-26_G21,10110031DEDEV,2025-11-26,111431,1,3,0,722.0
10110031DEDEV_2025-11-26_G22,10110031DEDEV,2025-11-26,111569,1,3,0,156.0
10110031DEDEV_2025-11-26_G23,10110031DEDEV,2025-11-26,117935,1,6,0,807.0
10110031DEDEV_2025-11-26_G24,10110031DEDEV,2025-11-26,107236,1,8,0,466.0
10110031DEDEV_2025-11-26_G25,10110031DEDEV,2025-11-26,111532,1,4,0,596.0
10110031DEDEV_2025-11-26_G26,10110031DEDEV,2025-11-26,111468,1,7,0,354.0
10110031DEDEV_2025-11-26_G27,10110031DEDEV,2025-11-26,111463,1,14,0,78.0
10110031DEDEV_2025-11-26_G28,10110031DEDEV,2025-11-26,107236,1,16,0,140.0
10110031DEDEV_2025-11-26_G29,10110031DEDEV,2025-11-26,107236,1,10,0,57.0
10110031DEDEV_2025-11-26_G30,10110031DEDEV,2025-11-26,111466,1,8,0,109.0
10110031DEDEV_2025-11-26_G31,10110031DEDEV,2025-11-26,111463,1,15,0,231.0
10110031DEDEV_2025-11-26_G32,10110031DEDEV,2025-11-26,111418,1,40,0,197.0
10110031DEDEV_2025-11-26_G33,10110031DEDEV,2025-11-26,111418,1,30,0,104.0
10110031DEDEV_2025-11-26_G34,10110031DEDEV,2025-11-26,117855,1,20,0,608.0
10110031DEDEV_2025-11-26_G35,10110031DEDEV,2025-11-26,117855,2,46,26,63.0
10110031DEDEV_2025-11-26_G36,10110031DEDEV,2025-11-26,117862,1,40,0,841.0
10110031DEDEV_2025-11-27_G02,10110031DEDEV,2025-11-27,109640,1,100,0,756.0
10110031DEDEV_2025-11-27_G03,10110031DEDEV,2025-11-27,110787,1,55,0,1297.0
10110031DEDEV_2025-11-27_G04,10110031DEDEV,2025-11-27,111469,1,100,0,801.0
10110031DEDEV_2025-11-27_G05,10110031DEDEV,2025-11-27,110313,1,166,0,1070.0
10110031DEDEV_2025-11-27_G06,10110031DEDEV,2025-11-27,118290,1,4,0,662.0
10110031DEDEV_2025-11-27_G07,10110031DEDEV,2025-11-27,117856,1,1,0,134.0
10110031DEDEV_2025-11-27_G08,10110031DEDEV,2025-11-27,108772,1,4,0,146.0
10110031DEDEV_2025-11-27_G09,10110031DEDEV,2025-11-27,117855,1,5,0,128.0
10110031DEDEV_2025-11-27_G10,10110031DEDEV,2025-11-27,117855,1,4,0,43.0
10110031DEDEV_2025-11-27_G11,10110031DEDEV,2025-11-27,111602,1,4,0,130.0
10110031DEDEV_2025-11-27_G12,10110031DEDEV,2025-11-27,110711,1,1,0,110.0
10110031DEDEV_2025-11-27_G13,10110031DEDEV,2025-11-27,111466,1,14,0,202.0
10110031DEDEV_2025-11-27_G14,10110031DEDEV,2025-11-27,111466,1,8,0,68.0
10110031DEDEV_2025-11-27_G15,10110031DEDEV,2025-11-27,141823,1,5,0,102.0
10110031DEDEV_2025-11-27_G16,10110031DEDEV,2025-11-27,111465,1,4,0,56.0
10110031DEDEV_2025-11-27_G17,10110031DEDEV,2025-11-27,118140,1,2,0,105.0
10110031DEDEV_2025-11-27_G18,10110031DEDEV,2025-11-27,110740,1,4,0,141.0
10110031DEDEV_2025-11-27_G19,10110031DEDEV,2025-11-27,110375,1,2,0,129.0
10110031DEDEV_2025-11-27_G20,10110031DEDEV,2025-11-27,117787,1,2,0,133.0
10110031DEDEV_2025-11-27_G21,10110031DEDEV,2025-11-27,111463,1,1,0,88.0
10110031DEDEV_2025-11-27_G23,10110031DEDEV,2025-11-27,111602,1,30,0,307.0
10110031DEDEV_2025-11-27_G24,10110031DEDEV,2025-11-27,111530,1,10,0,666.0
10110031DEDEV_2025-11-27_G25,10110031DEDEV,2025-11-27,111602,1,24,0,628.0
10110031DEDEV_2025-11-27_G26,10110031DEDEV,2025-11-27,140911,1,2,0,187.0
10110031DEDEV_2025-11-27_G27,10110031DEDEV,2025-11-27,111530,1,4,0,227.0
10110031DEDEV_2025-11-27_G28,10110031DEDEV,2025-11-27,111602,1,24,0,847.0
10110031DEDEV_2025-11-27_G29,10110031DEDEV,2025-11-27,111602,1,4,0,204.0
10110031DEDEV_2025-11-27_G30,10110031DEDEV,2025-11-27,108770,1,2,0,2290.0
10110031DEDEV_2025-11-27_G31,10110031DEDEV,2025-11-27,108770,1,4,0,49.0
10110031DEDEV_2025-11-27_G32,10110031DEDEV,2025-11-27,111569,1,10,0,163.0
10110031DEDEV_2025-11-27_G33,10110031DEDEV,2025-11-27,111441,1,8,0,149.0
10110031DEDEV_2025-11-27_G34,10110031DEDEV,2025-11-27,141047,1,10,0,266.0
10110031DEDEV_2025-11-27_G35,10110031DEDEV,2025-11-27,141047,1,10,0,205.0
10110031DEDEV_2025-11-27_G36,10110031DEDEV,2025-11-27,141047,1,5,0,82.0
10110031DEDEV_2025-11-27_G37,10110031DEDEV,2025-11-27,110752,1,4,0,212.0
10110031DEDEV_2025-11-27_G38,10110031DEDEV,2025-11-27,109647,1,10,0,274.0
10110031DEDEV_2025-11-27_G39,10110031DEDEV,2025-11-27,117862,1,10,0,122.0
10110031DEDEV_2025-11-27_G40,10110031DEDEV,2025-11-27,111602,1,8,0,139.0
10110031DEDEV_2025-11-27_G41,10110031DEDEV,2025-11-27,111602,1,10,0,292.0
10110031DEDEV_2025-11-27_G42,10110031DEDEV,2025-11-27,111602,1,10,0,64.0
10110031DEDEV_2025-11-27_G43,10110031DEDEV,2025-11-27,111466,1,10,0,583.0
10110031DEDEV_2025-11-27_G44,10110031DEDEV,2025-11-27,111466,1,9,0,69.0
10110031DEDEV_2025-11-27_G45,10110031DEDEV,2025-11-27,117821,1,10,0,103.0
10110031DEDEV_2025-11-27_G46,10110031DEDEV,2025-11-27,118330,1,7,0,105.0
10110031DEDEV_2025-11-27_G47,10110031DEDEV,2025-11-27,141458,1,10,0,110.0
10110031DEDEV_2025-11-27_G48,10110031DEDEV,2025-11-27,141458,1,10,0,61.0
10110031DEDEV_2025-11-27_G49,10110031DEDEV,2025-11-27,141456,1,10,0,169.0
10110031DEDEV_2025-11-27_G51,10110031DEDEV,2025-11-27,141457,1,10,0,76.0
10110031DEDEV_2025-11-28_G02,10110031DEDEV,2025-11-28,118222,1,16,0,652.0
10110031DEDEV_2025-11-28_G03,10110031DEDEV,2025-11-28,117935,1,2,0,150.0
10110031DEDEV_2025-11-28_G04,10110031DEDEV,2025-11-28,117935,1,2,0,50.0
10110031DEDEV_2025-11-28_G05,10110031DEDEV,2025-11-28,117935,1,4,0,40.0
10110031DEDEV_2025-11-28_G06,10110031DEDEV,2025-11-28,117935,1,4,0,42.0
10110031DEDEV_2025-11-28_G07,10110031DEDEV,2025-11-28,117861,1,4,0,321.0
10110031DEDEV_2025-11-28_G08,10110031DEDEV,2025-11-28,117786,1,4,0,104.0
10110031DEDEV_2025-11-28_G09,10110031DEDEV,2025-11-28,117862,1,12,0,201.0
10110031DEDEV_2025-11-28_G10,10110031DEDEV,2025-11-28,109640,1,12,0,492.0
10110031DEDEV_2025-11-28_G11,10110031DEDEV,2025-11-28,117855,1,20,0,683.0
10110031DEDEV_2025-11-28_G12,10110031DEDEV,2025-11-28,110373,1,50,0,642.0
10110031DEDEV_2025-11-28_G13,10110031DEDEV,2025-11-28,117808,1,100,0,403.0
10110031DEDEV_2025-11-28_G14,10110031DEDEV,2025-11-28,110372,1,60,0,270.0
10110031DEDEV_2025-11-28_G15,10110031DEDEV,2025-11-28,117820,1,50,0,721.0
10110031DEDEV_2025-11-28_G16,10110031DEDEV,2025-11-28,117830,1,20,0,288.0
10110031DEDEV_2025-11-28_G17,10110031DEDEV,2025-11-28,117808,1,80,0,997.0
10110031DEDEV_2025-11-28_G18,10110031DEDEV,2025-11-28,111602,1,9,0,1546.0
10110031DEDEV_2025-11-28_G19,10110031DEDEV,2025-11-28,111602,1,8,0,112.0
10110031DEDEV_2025-11-28_G20,10110031DEDEV,2025-11-28,111602,1,12,0,664.0
10110031DEDEV_2025-11-28_G22,10110031DEDEV,2025-11-28,111530,1,8,0,168.0
10110031DEDEV_2025-11-28_G23,10110031DEDEV,2025-11-28,117853,1,2,0,100.0
10110031DEDEV_2025-11-28_G24,10110031DEDEV,2025-11-28,111469,1,8,0,144.0
10110031DEDEV_2025-11-28_G25,10110031DEDEV,2025-11-28,111466,1,8,0,141.0
10110031DEDEV_2025-11-28_G26,10110031DEDEV,2025-11-28,110374,1,8,0,163.0
10110031DEDEV_2025-11-28_G27,10110031DEDEV,2025-11-28,117808,1,8,0,133.0
10110031DEDEV_2025-11-28_G28,10110031DEDEV,2025-11-28,110371,1,8,0,117.0
10110031DEDEV_2025-11-28_G29,10110031DEDEV,2025-11-28,111438,1,4,0,475.0
10110031DEDEV_2025-11-28_G30,10110031DEDEV,2025-11-28,111530,1,9,0,155.0
10110031DEDEV_2025-11-28_G31,10110031DEDEV,2025-11-28,111532,1,4,0,105.0
10110031DEDEV_2025-11-28_G32,10110031DEDEV,2025-11-28,110895,1,8,0,1001.0
10110031DEDEV_2025-11-28_G33,10110031DEDEV,2025-11-28,108770,1,2,0,174.0
10110031DEDEV_2025-11-28_G34,10110031DEDEV,2025-11-28,110623,1,4,0,235.0
10110031DEDEV_2025-11-28_G35,10110031DEDEV,2025-11-28,111876,1,4,0,392.0
10110031DEDEV_2025-11-28_G36,10110031DEDEV,2025-11-28,117935,1,4,0,59.0
10110031DEDEV_2025-11-28_G37,10110031DEDEV,2025-11-28,140923,1,4,0,54.0
10110031DEDEV_2025-11-28_G38,10110031DEDEV,2025-11-28,110339,1,4,0,83.0
10110031DEDEV_2025-11-28_G39,10110031DEDEV,2025-11-28,110733,1,2,0,60.0
10110031DEDEV_2025-11-28_G40,10110031DEDEV,2025-11-28,117856,1,3,0,63.0
10110031DEDEV_2025-11-28_G41,10110031DEDEV,2025-11-28,117855,2,6,11,360.0
10110031DEDEV_2025-11-28_G42,10110031DEDEV,2025-11-28,117862,1,4,0,63.0
10110031DEDEV_2025-11-28_G43,10110031DEDEV,2025-11-28,110711,2,4,21,80.0
10110031DEDEV_2025-11-28_G44,10110031DEDEV,2025-11-28,111602,1,2,0,91.0
10110031DEDEV_2025-11-28_G45,10110031DEDEV,2025-11-28,111602,1,10,0,38.0
10110031DEDEV_2025-11-28_G46,10110031DEDEV,2025-11-28,117821,1,4,0,132.0
10110031DEDEV_2025-11-28_G47,10110031DEDEV,2025-11-28,141458,1,2,0,48.0
10110031DEDEV_2025-11-28_G48,10110031DEDEV,2025-11-28,111465,1,2,0,54.0
10110031DEDEV_2025-11-28_G49,10110031DEDEV,2025-11-28,105705,1,1,0,108.0
10110031DEDEV_2025-11-28_G50,10110031DEDEV,2025-11-28,110751,1,2,0,68.0
10110031DEDEV_2025-11-28_G51,10110031DEDEV,2025-11-28,108795,1,2,0,65.0
10110031DEDEV_2025-11-28_G52,10110031DEDEV,2025-11-28,140922,1,3,0,59.0
10110031DEDEV_2025-11-28_G53,10110031DEDEV,2025-11-28,111418,1,2,0,177.0
10110031DEDEV_2025-11-28_G54,10110031DEDEV,2025-11-28,117833,1,4,0,128.0
10110031DEDEV_2025-11-28_G55,10110031DEDEV,2025-11-28,141457,1,2,0,51.0
10110031DEDEV_2025-11-28_G56,10110031DEDEV,2025-11-28,117820,1,6,0,214.0
10110031DEDEV_2025-11-28_G57,10110031DEDEV,2025-11-28,117808,1,2,0,77.0
10110031DEDEV_2025-11-28_G58,10110031DEDEV,2025-11-28,118299,1,8,0,149.0
10110031DEDEV_2025-11-28_G59,10110031DEDEV,2025-11-28,110373,1,4,0,85.0
10110031DEDEV_2025-11-28_G60,10110031DEDEV,2025-11-28,141202,1,2,0,60.0
10110031DEDEV_2025-11-28_G61,10110031DEDEV,2025-11-28,111172,1,2,0,536.0
10110031DEDEV_2025-11-28_G62,10110031DEDEV,2025-11-28,111418,1,18,0,223.0
10110031DEDEV_2025-11-28_G63,10110031DEDEV,2025-11-28,111438,1,12,0,624.0
10110031DEDEV_2025-11-28_G64,10110031DEDEV,2025-11-28,110711,1,6,0,118.0
10110031DEDEV_2025-11-28_G65,10110031DEDEV,2025-11-28,111438,1,14,0,459.0
10110031DEDEV_2025-11-28_G66,10110031DEDEV,2025-11-28,110711,1,3,0,152.0
10110031DEDEV_2025-11-28_G68,10110031DEDEV,2025-11-28,110733,1,13,0,154.0
10110031DEDEV_2025-11-28_G69,10110031DEDEV,2025-11-28,110711,1,4,0,129.0
10110031DEDEV_2025-11-28_G70,10110031DEDEV,2025-11-28,111602,1,4,0,76.0
10110031DEDEV_2025-11-28_G71,10110031DEDEV,2025-11-28,118140,1,7,0,297.0
10110031DEDEV_2025-11-29_G02,10110031DEDEV,2025-11-29,110895,1,4,0,439.0
10110031DEDEV_2025-11-29_G03,10110031DEDEV,2025-11-29,111602,1,8,0,442.0
10110031DEDEV_2025-11-29_G04,10110031DEDEV,2025-11-29,141271,1,5,0,151.0
10110031DEDEV_2025-11-29_G05,10110031DEDEV,2025-11-29,141823,1,6,0,315.0
10110031DEDEV_2025-11-29_G06,10110031DEDEV,2025-11-29,110895,1,12,0,643.0
10110031DEDEV_2025-11-29_G07,10110031DEDEV,2025-11-29,108759,1,2,0,449.0
10110031DEDEV_2025-11-29_G08,10110031DEDEV,2025-11-29,110313,1,2,0,126.0
10110031DEDEV_2025-11-29_G09,10110031DEDEV,2025-11-29,118094,1,2,0,105.0
10110031DEDEV_2025-11-29_G10,10110031DEDEV,2025-11-29,110733,1,2,0,110.0
10110031DEDEV_2025-11-29_G11,10110031DEDEV,2025-11-29,117856,1,2,0,55.0
10110031DEDEV_2025-11-29_G12,10110031DEDEV,2025-11-29,117856,1,4,0,38.0
10110031DEDEV_2025-11-29_G13,10110031DEDEV,2025-11-29,141047,1,4,0,128.0
10110031DEDEV_2025-11-29_G14,10110031DEDEV,2025-11-29,117855,1,5,0,90.0
10110031DEDEV_2025-11-29_G15,10110031DEDEV,2025-11-29,117862,1,4,0,65.0
10110031DEDEV_2025-11-29_G16,10110031DEDEV,2025-11-29,117809,1,1,0,203.0
10110031DEDEV_2025-11-29_G17,10110031DEDEV,2025-11-29,117822,1,2,0,119.0
10110031DEDEV_2025-11-29_G18,10110031DEDEV,2025-11-29,117808,1,6,0,89.0
10110031DEDEV_2025-11-29_G19,10110031DEDEV,2025-11-29,110372,1,16,0,153.0
10110031DEDEV_2025-11-29_G20,10110031DEDEV,2025-11-29,118222,1,1,0,99.0
10110031DEDEV_2025-11-29_G21,10110031DEDEV,2025-11-29,140922,1,4,0,356.0
10110031DEDEV_2025-11-29_G22,10110031DEDEV,2025-11-29,111469,1,8,0,102.0
10110031DEDEV_2025-11-29_G23,10110031DEDEV,2025-11-29,110740,1,4,0,61.0
10110031DEDEV_2025-11-29_G24,10110031DEDEV,2025-11-29,111418,1,4,0,78.0
10110031DEDEV_2025-11-29_G25,10110031DEDEV,2025-11-29,111463,1,2,0,47.0
10110031DEDEV_2025-11-29_G26,10110031DEDEV,2025-11-29,117785,1,4,0,92.0
10110031DEDEV_2025-11-29_G27,10110031DEDEV,2025-11-29,111532,1,2,0,54.0
10110031DEDEV_2025-11-29_G28,10110031DEDEV,2025-11-29,111466,1,2,0,50.0
10110031DEDEV_2025-11-29_G29,10110031DEDEV,2025-11-29,117821,1,2,0,47.0
10110031DEDEV_2025-11-29_G30,10110031DEDEV,2025-11-29,109645,1,2,0,145.0
10110031DEDEV_2025-11-29_G31,10110031DEDEV,2025-11-29,111569,1,4,0,382.0
10110031DEDEV_2025-11-29_G32,10110031DEDEV,2025-11-29,117834,1,1,0,112.0
10110031DEDEV_2025-11-29_G33,10110031DEDEV,2025-11-29,110711,1,3,0,98.0
10110031DEDEV_2025-11-29_G34,10110031DEDEV,2025-11-29,109640,1,4,0,100.0
10110031DEDEV_2025-11-29_G35,10110031DEDEV,2025-11-29,109645,1,1,0,134.0
10110031DEDEV_2025-11-29_G36,10110031DEDEV,2025-11-29,110751,1,4,0,83.0
10110031DEDEV_2025-11-29_G37,10110031DEDEV,2025-11-29,110745,1,2,0,94.0
10110031DEDEV_2025-11-29_G38,10110031DEDEV,2025-11-29,140922,1,4,0,79.0
10110031DEDEV_2025-11-29_G39,10110031DEDEV,2025-11-29,111435,1,2,0,84.0
10110031DEDEV_2025-11-29_G40,10110031DEDEV,2025-11-29,117785,1,4,0,129.0
10110031DEDEV_2025-11-29_G41,10110031DEDEV,2025-11-29,111466,1,4,0,108.0
10110031DEDEV_2025-11-29_G42,10110031DEDEV,2025-11-29,141823,1,2,0,99.0
10110031DEDEV_2025-11-29_G43,10110031DEDEV,2025-11-29,117832,1,4,0,115.0
10110031DEDEV_2025-11-29_G44,10110031DEDEV,2025-11-29,117822,1,2,0,105.0
10110031DEDEV_2025-11-29_G45,10110031DEDEV,2025-11-29,110325,1,4,0,95.0
10110031DEDEV_2025-11-29_G46,10110031DEDEV,2025-11-29,111466,1,54,0,929.0
10110031DEDEV_2025-11-29_G47,10110031DEDEV,2025-11-29,109649,1,16,0,464.0
10110031DEDEV_2025-11-29_G48,10110031DEDEV,2025-11-29,105705,1,6,0,182.0
10110031DEDEV_2025-11-29_G49,10110031DEDEV,2025-11-29,117820,1,100,0,749.0
10110031DEDEV_2025-11-29_G51,10110031DEDEV,2025-11-29,111532,1,4,0,115.0
10110031DEDEV_2025-11-29_G52,10110031DEDEV,2025-11-29,118290,1,1,0,146.0
10110031DEDEV_2025-11-29_G53,10110031DEDEV,2025-11-29,117935,1,2,0,84.0
10110031DEDEV_2025-11-29_G54,10110031DEDEV,2025-11-29,111530,1,4,0,86.0
10110031DEDEV_2025-11-29_G55,10110031DEDEV,2025-11-29,117855,1,4,0,89.0
10110031DEDEV_2025-11-29_G56,10110031DEDEV,2025-11-29,111418,1,11,0,155.0
10110031DEDEV_2025-11-29_G57,10110031DEDEV,2025-11-29,111466,1,2,0,64.0
10110031DEDEV_2025-11-29_G58,10110031DEDEV,2025-11-29,110372,1,4,0,149.0
10110031DEDEV_2025-11-29_G59,10110031DEDEV,2025-11-29,118094,1,10,0,813.0
10110031DEDEV_2025-11-29_G60,10110031DEDEV,2025-11-29,111418,1,26,0,352.0
10110031DEDEV_2025-11-29_G61,10110031DEDEV,2025-11-29,111438,1,22,0,797.0
10110031DEDEV_2025-11-29_G62,10110031DEDEV,2025-11-29,118290,1,4,0,143.0
10110031DEDEV_2025-11-29_G63,10110031DEDEV,2025-11-29,117935,1,2,0,140.0
10110031DEDEV_2025-11-29_G64,10110031DEDEV,2025-11-29,111530,1,12,0,145.0
10110031DEDEV_2025-11-29_G65,10110031DEDEV,2025-11-29,117855,1,4,0,112.0
10110031DEDEV_2025-11-29_G66,10110031DEDEV,2025-11-29,109640,1,6,0,147.0
10110031DEDEV_2025-11-29_G67,10110031DEDEV,2025-11-29,111469,1,5,0,459.0
10110031DEDEV_2025-11-29_G68,10110031DEDEV,2025-11-29,111418,1,8,0,89.0
10110031DEDEV_2025-11-29_G69,10110031DEDEV,2025-11-29,110372,1,3,0,135.0
10110031DEDEV_2025-11-29_G70,10110031DEDEV,2025-11-29,111530,1,4,0,205.0
10110031DEDEV_2025-11-29_G71,10110031DEDEV,2025-11-29,110372,1,4,0,164.0
10110031DEDEV_2025-11-29_G72,10110031DEDEV,2025-11-29,111466,1,1,0,188.0
10110031DEDEV_2025-11-29_G73,10110031DEDEV,2025-11-29,117808,3,7,55,190.0
10110031DEDEV_2025-11-29_G74,10110031DEDEV,2025-11-29,111438,1,4,0,864.0
10110031DEDEV_2025-11-29_G75,10110031DEDEV,2025-11-29,107892,1,6,0,146.0
10110031DEDEV_2025-11-29_G76,10110031DEDEV,2025-11-29,111439,1,8,0,185.0
10110031DEDEV_2025-11-29_G77,10110031DEDEV,2025-11-29,111530,1,8,0,178.0
10110031DEDEV_2025-11-29_G78,10110031DEDEV,2025-11-29,111418,1,2,0,111.0
10110031DEDEV_2025-11-29_G79,10110031DEDEV,2025-11-29,117787,1,3,0,115.0
10110031DEDEV_2025-11-29_G80,10110031DEDEV,2025-11-29,117862,1,6,0,1784.0
10110031DEDEV_2025-11-29_G81,10110031DEDEV,2025-11-29,111602,1,4,0,90.0
10110031DEDEV_2025-11-29_G82,10110031DEDEV,2025-11-29,109640,1,5,0,101.0
10110031DEDEV_2025-11-29_G83,10110031DEDEV,2025-11-29,117831,1,2,0,131.0
10110031DEDEV_2025-11-29_G84,10110031DEDEV,2025-11-29,107236,1,1,0,63.0
10110031DEDEV_2025-11-29_G85,10110031DEDEV,2025-11-29,107236,1,2,0,269.0
10110031DEDEV_2025-11-29_G86,10110031DEDEV,2025-11-29,110372,1,4,0,171.0
10110031DEDEV_2025-11-29_G87,10110031DEDEV,2025-11-29,110374,1,4,0,69.0
10110031DEDEV_2025-11-29_G88,10110031DEDEV,2025-11-29,110374,1,8,0,227.0
10110031DEDEV_2025-11-29_G90,10110031DEDEV,2025-11-29,118290,1,2,0,296.0
10110031DEDEV_2025-11-29_G91,10110031DEDEV,2025-11-29,111441,1,2,0,327.0
10110031DEDEV_2025-11-30_G02,10110031DEDEV,2025-11-30,117861,1,4,0,145.0
10110031DEDEV_2025-11-30_G03,10110031DEDEV,2025-11-30,117862,1,4,0,121.0
10110031DEDEV_2025-11-30_G04,10110031DEDEV,2025-11-30,111602,1,2,0,483.0
10110031DEDEV_2025-11-30_G05,10110031DEDEV,2025-11-30,111602,1,2,0,38.0
10110031DEDEV_2025-11-30_G06,10110031DEDEV,2025-11-30,109640,1,2,0,265.0
10110031DEDEV_2025-11-30_G07,10110031DEDEV,2025-11-30,107236,1,2,0,321.0
10110031DEDEV_2025-11-30_G08,10110031DEDEV,2025-11-30,107236,1,2,0,41.0
10110031DEDEV_2025-11-30_G09,10110031DEDEV,2025-11-30,111532,1,4,0,171.0
10110031DEDEV_2025-11-30_G10,10110031DEDEV,2025-11-30,118317,1,2,0,129.0
10110031DEDEV_2025-11-30_G11,10110031DEDEV,2025-11-30,111438,1,8,0,680.0
10110031DEDEV_2025-11-30_G12,10110031DEDEV,2025-11-30,111438,1,30,0,487.0
10110031DEDEV_2025-11-30_G13,10110031DEDEV,2025-11-30,111850,1,2,0,363.0
10110031DEDEV_2025-11-30_G14,10110031DEDEV,2025-11-30,118222,1,10,0,389.0
10110031DEDEV_2025-11-30_G15,10110031DEDEV,2025-11-30,111469,1,22,0,343.0
10110031DEDEV_2025-11-30_G16,10110031DEDEV,2025-11-30,107236,1,7,0,204.0
10110031DEDEV_2025-11-30_G17,10110031DEDEV,2025-11-30,118317,1,6,0,564.0
10110031DEDEV_2025-11-30_G18,10110031DEDEV,2025-11-30,110325,1,20,0,616.0
10110031DEDEV_2025-11-30_G19,10110031DEDEV,2025-11-30,110741,1,2,0,392.0
10110031DEDEV_2025-11-30_G20,10110031DEDEV,2025-11-30,140923,1,16,0,150.0
10110031DEDEV_2025-11-30_G21,10110031DEDEV,2025-11-30,117861,1,2,0,66.0
10110031DEDEV_2025-11-30_G22,10110031DEDEV,2025-11-30,117856,1,4,0,80.0
10110031DEDEV_2025-11-30_G23,10110031DEDEV,2025-11-30,141047,1,6,0,81.0
10110031DEDEV_2025-11-30_G24,10110031DEDEV,2025-11-30,117786,1,3,0,271.0
10110031DEDEV_2025-11-30_G25,10110031DEDEV,2025-11-30,109647,1,3,0,83.0
10110031DEDEV_2025-11-30_G26,10110031DEDEV,2025-11-30,117855,1,8,0,79.0
10110031DEDEV_2025-11-30_G27,10110031DEDEV,2025-11-30,111602,1,4,0,105.0
10110031DEDEV_2025-11-30_G28,10110031DEDEV,2025-11-30,118094,1,2,0,137.0
10110031DEDEV_2025-11-30_G29,10110031DEDEV,2025-11-30,111172,2,7,23,692.0
10110031DEDEV_2025-12-04_G02,10110031DEDEV,2025-12-04,118317,1,10,0,197.0
10110031DEDEV_2025-12-04_G03,10110031DEDEV,2025-12-04,118317,1,8,0,49.0
10110031DEDEV_2025-12-04_G04,10110031DEDEV,2025-12-04,118317,1,6,0,45.0
10110031DEDEV_2025-12-04_G05,10110031DEDEV,2025-12-04,118140,2,12,19,586.0
10110031DEDEV_2025-12-04_G06,10110031DEDEV,2025-12-04,118140,1,10,0,142.0
10110031DEDEV_2025-12-04_G07,10110031DEDEV,2025-12-04,141456,1,4,0,519.0
10110031DEDEV_2025-12-04_G08,10110031DEDEV,2025-12-04,111430,1,4,0,699.0
10110031DEDEV_2025-12-04_G09,10110031DEDEV,2025-12-04,110682,1,4,0,158.0
10110031DEDEV_2025-12-04_G10,10110031DEDEV,2025-12-04,100334,1,4,0,119.0
10110031DEDEV_2025-12-04_G11,10110031DEDEV,2025-12-04,110313,1,5,0,121.0
10110031DEDEV_2025-12-04_G12,10110031DEDEV,2025-12-04,117837,1,5,0,131.0
10110031DEDEV_2025-12-04_G13,10110031DEDEV,2025-12-04,117855,1,10,0,147.0
10110031DEDEV_2025-12-04_G14,10110031DEDEV,2025-12-04,111439,1,4,0,130.0
10110031DEDEV_2025-12-04_G15,10110031DEDEV,2025-12-04,140922,1,10,0,248.0
10110031DEDEV_2025-12-04_G16,10110031DEDEV,2025-12-04,111418,1,10,0,185.0
10110031DEDEV_2025-12-04_G17,10110031DEDEV,2025-12-04,117831,1,10,0,162.0
10110031DEDEV_2025-12-04_G18,10110031DEDEV,2025-12-04,117785,1,10,0,466.0
10110031DEDEV_2025-12-04_G19,10110031DEDEV,2025-12-04,"118317, 111462",2,23,30,111.0
10110031DEDEV_2025-12-04_G20,10110031DEDEV,2025-12-04,111530,1,2,0,934.0
10110031DEDEV_2025-12-04_G21,10110031DEDEV,2025-12-04,111438,1,6,0,185.0
10110031DEDEV_2025-12-04_G22,10110031DEDEV,2025-12-04,140923,1,2,0,138.0
10110031DEDEV_2025-12-04_G23,10110031DEDEV,2025-12-04,111530,1,4,0,123.0
10110031DEDEV_2025-12-04_G24,10110031DEDEV,2025-12-04,116241,1,2,0,140.0
10110031DEDEV_2025-12-04_G25,10110031DEDEV,2025-12-04,117830,1,4,0,77.0
10110031DEDEV_2025-12-04_G26,10110031DEDEV,2025-12-04,111182,1,2,0,131.0
10110031DEDEV_2025-12-04_G27,10110031DEDEV,2025-12-04,117808,1,7,0,141.0
10110031DEDEV_2025-12-04_G28,10110031DEDEV,2025-12-04,117832,1,6,0,127.0
10110031DEDEV_2025-12-04_G29,10110031DEDEV,2025-12-04,110740,1,2,0,91.0
10110031DEDEV_2025-12-04_G30,10110031DEDEV,2025-12-04,110372,1,2,0,132.0
10110031DEDEV_2025-12-04_G31,10110031DEDEV,2025-12-04,111418,1,6,0,88.0
10110031DEDEV_2025-12-04_G32,10110031DEDEV,2025-12-04,111465,1,2,0,93.0
10110031DEDEV_2025-12-04_G33,10110031DEDEV,2025-12-04,140923,1,2,0,520.0
10110031DEDEV_2025-12-04_G34,10110031DEDEV,2025-12-04,111743,1,4,0,98.0
10110031DEDEV_2025-12-04_G35,10110031DEDEV,2025-12-04,117856,1,4,0,134.0
10110031DEDEV_2025-12-04_G36,10110031DEDEV,2025-12-04,108794,1,2,0,117.0
10110031DEDEV_2025-12-04_G37,10110031DEDEV,2025-12-04,108798,1,4,0,72.0
10110031DEDEV_2025-12-04_G38,10110031DEDEV,2025-12-04,117831,1,6,0,114.0
10110031DEDEV_2025-12-04_G39,10110031DEDEV,2025-12-04,117787,1,4,0,108.0
10110031DEDEV_2025-12-04_G40,10110031DEDEV,2025-12-04,111466,1,1,0,52.0
10110031DEDEV_2025-12-04_G41,10110031DEDEV,2025-12-04,111465,1,2,0,88.0
10110031DEDEV_2025-12-04_G42,10110031DEDEV,2025-12-04,117830,1,5,0,190.0
10110031DEDEV_2025-12-04_G43,10110031DEDEV,2025-12-04,110371,1,6,0,100.0
10110031DEDEV_2025-12-04_G44,10110031DEDEV,2025-12-04,117832,1,2,0,107.0
10110031DEDEV_2025-12-04_G45,10110031DEDEV,2025-12-04,118299,1,10,0,117.0
10110031DEDEV_2025-12-04_G46,10110031DEDEV,2025-12-04,109643,1,2,0,72.0
10110031DEDEV_2025-12-04_G47,10110031DEDEV,2025-12-04,117808,1,30,0,254.0
10110031DEDEV_2025-12-04_G48,10110031DEDEV,2025-12-04,117853,1,12,0,680.0
10110031DEDEV_2025-12-04_G49,10110031DEDEV,2025-12-04,140911,1,4,0,234.0
10110031DEDEV_2025-12-04_G50,10110031DEDEV,2025-12-04,105705,1,4,0,449.0
10110031DEDEV_2025-12-05_G02,10110031DEDEV,2025-12-05,110372,1,8,0,183.0
10110031DEDEV_2025-12-05_G03,10110031DEDEV,2025-12-05,118299,1,11,0,116.0
10110031DEDEV_2025-12-05_G04,10110031DEDEV,2025-12-05,141202,1,3,0,75.0
10110031DEDEV_2025-12-05_G05,10110031DEDEV,2025-12-05,108795,1,2,0,198.0
10110031DEDEV_2025-12-05_G06,10110031DEDEV,2025-12-05,140922,1,2,0,93.0
10110031DEDEV_2025-12-05_G07,10110031DEDEV,2025-12-05,108711,1,2,0,57.0
10110031DEDEV_2025-12-05_G08,10110031DEDEV,2025-12-05,141457,1,2,0,115.0
10110031DEDEV_2025-12-05_G09,10110031DEDEV,2025-12-05,107629,1,2,0,102.0
10110031DEDEV_2025-12-05_G10,10110031DEDEV,2025-12-05,111602,1,1,0,120.0
10110031DEDEV_2025-12-05_G11,10110031DEDEV,2025-12-05,111569,1,2,0,108.0
10110031DEDEV_2025-12-05_G12,10110031DEDEV,2025-12-05,118306,1,2,0,65.0
10110031DEDEV_2025-12-05_G13,10110031DEDEV,2025-12-05,118140,1,4,0,406.0
10110031DEDEV_2025-12-05_G14,10110031DEDEV,2025-12-05,118330,1,8,0,362.0
10110031DEDEV_2025-12-05_G15,10110031DEDEV,2025-12-05,118317,1,4,0,123.0
10110031DEDEV_2025-12-05_G16,10110031DEDEV,2025-12-05,110841,1,1,0,406.0
10110031DEDEV_2025-12-05_G17,10110031DEDEV,2025-12-05,109649,1,175,0,1220.0
10110031DEDEV_2025-12-05_G19,10110031DEDEV,2025-12-05,108795,1,11,0,475.0
10110031DEDEV_2025-12-05_G20,10110031DEDEV,2025-12-05,108798,1,4,0,222.0
10110031DEDEV_2025-12-05_G21,10110031DEDEV,2025-12-05,110740,1,62,0,388.0
10110031DEDEV_2025-12-05_G22,10110031DEDEV,2025-12-05,110743,1,4,0,65.0
10110031DEDEV_2025-12-05_G23,10110031DEDEV,2025-12-05,117787,1,16,0,960.0
10110031DEDEV_2025-12-05_G24,10110031DEDEV,2025-12-05,108711,1,36,0,381.0
10110031DEDEV_2025-12-05_G25,10110031DEDEV,2025-12-05,111435,1,38,0,676.0
10110031DEDEV_2025-12-05_G26,10110031DEDEV,2025-12-05,117841,1,17,0,816.0
10110031DEDEV_2025-12-05_G27,10110031DEDEV,2025-12-05,141457,1,105,0,402.0
10110031DEDEV_2025-12-05_G28,10110031DEDEV,2025-12-05,111466,1,127,0,970.0
10110031DEDEV_2025-12-05_G29,10110031DEDEV,2025-12-05,111465,1,41,0,395.0
10110031DEDEV_2025-12-05_G30,10110031DEDEV,2025-12-05,118317,1,42,0,408.0
10110031DEDEV_2025-12-05_G31,10110031DEDEV,2025-12-05,116241,1,45,0,300.0
10110031DEDEV_2025-12-05_G32,10110031DEDEV,2025-12-05,117821,1,86,0,647.0
10110031DEDEV_2025-12-05_G33,10110031DEDEV,2025-12-05,117809,1,18,0,683.0
10110031DEDEV_2025-12-05_G34,10110031DEDEV,2025-12-05,117830,1,3,0,67.0
10110031DEDEV_2025-12-05_G35,10110031DEDEV,2025-12-05,109643,1,82,0,581.0
10110031DEDEV_2025-12-05_G36,10110031DEDEV,2025-12-05,117808,1,76,0,592.0
10110031DEDEV_2025-12-05_G37,10110031DEDEV,2025-12-05,117832,1,63,0,842.0
10110031DEDEV_2025-12-05_G38,10110031DEDEV,2025-12-05,110711,1,93,0,228.0
10110031DEDEV_2025-12-06_G02,10110031DEDEV,2025-12-06,110895,1,15,0,929.0
10110031DEDEV_2025-12-06_G03,10110031DEDEV,2025-12-06,111466,1,23,0,290.0
10110031DEDEV_2025-12-06_G04,10110031DEDEV,2025-12-06,111466,1,2,0,36.0
10110031DEDEV_2025-12-06_G05,10110031DEDEV,2025-12-06,118317,1,4,0,135.0
10110031DEDEV_2025-12-06_G06,10110031DEDEV,2025-12-06,108794,1,4,0,104.0
10110031DEDEV_2025-12-06_G07,10110031DEDEV,2025-12-06,118418,1,1,0,131.0
10110031DEDEV_2025-12-06_G08,10110031DEDEV,2025-12-06,118417,1,4,0,165.0
10110031DEDEV_2025-12-06_G09,10110031DEDEV,2025-12-06,111418,1,93,0,369.0
10110031DEDEV_2025-12-06_G10,10110031DEDEV,2025-12-06,110129,1,26,0,713.0
10110031DEDEV_2025-12-06_G11,10110031DEDEV,2025-12-06,118140,1,30,0,358.0
10110031DEDEV_2025-12-06_G12,10110031DEDEV,2025-12-06,109645,1,17,0,194.0
10110031DEDEV_2025-12-06_G13,10110031DEDEV,2025-12-06,116241,1,2,0,82.0
10110031DEDEV_2025-12-06_G14,10110031DEDEV,2025-12-06,111743,1,20,0,327.0
10110031DEDEV_2025-12-06_G15,10110031DEDEV,2025-12-06,117838,1,20,0,369.0
10110031DEDEV_2025-12-06_G16,10110031DEDEV,2025-12-06,140922,1,10,0,86.0
10110031DEDEV_2025-12-06_G17,10110031DEDEV,2025-12-06,140922,1,20,0,384.0
10110031DEDEV_2025-12-06_G18,10110031DEDEV,2025-12-06,111348,1,21,0,308.0
10110031DEDEV_2025-12-06_G19,10110031DEDEV,2025-12-06,108794,1,8,0,163.0
10110031DEDEV_2025-12-06_G20,10110031DEDEV,2025-12-06,111433,1,6,0,89.0
10110031DEDEV_2025-12-06_G21,10110031DEDEV,2025-12-06,111431,1,4,0,82.0
10110031DEDEV_2025-12-06_G22,10110031DEDEV,2025-12-06,110743,1,4,0,69.0
10110031DEDEV_2025-12-06_G23,10110031DEDEV,2025-12-06,117842,1,3,0,81.0
10110031DEDEV_2025-12-06_G24,10110031DEDEV,2025-12-06,111462,1,10,0,139.0
10110031DEDEV_2025-12-06_G25,10110031DEDEV,2025-12-06,111463,1,20,0,148.0
10110031DEDEV_2025-12-06_G26,10110031DEDEV,2025-12-06,118223,1,2,0,119.0
10110031DEDEV_2025-12-06_G27,10110031DEDEV,2025-12-06,111444,1,4,0,236.0
10110031DEDEV_2025-12-06_G28,10110031DEDEV,2025-12-06,117785,1,70,0,470.0
10110031DEDEV_2025-12-06_G29,10110031DEDEV,2025-12-06,111466,1,20,0,640.0
10110031DEDEV_2025-12-06_G30,10110031DEDEV,2025-12-06,117821,1,15,0,146.0
10110031DEDEV_2025-12-06_G31,10110031DEDEV,2025-12-06,141458,1,30,0,361.0
10110031DEDEV_2025-12-06_G32,10110031DEDEV,2025-12-06,118317,1,12,0,227.0
10110031DEDEV_2025-12-06_G33,10110031DEDEV,2025-12-06,108794,1,20,0,539.0
10110031DEDEV_2025-12-06_G34,10110031DEDEV,2025-12-06,110740,1,30,0,296.0
10110031DEDEV_2025-12-07_G02,10110031DEDEV,2025-12-07,118317,1,9,0,233.0
10110031DEDEV_2025-12-07_G03,10110031DEDEV,2025-12-07,160055,1,4,0,130.0
10110031DEDEV_2025-12-07_G04,10110031DEDEV,2025-12-07,111462,1,20,0,205.0
10110031DEDEV_2025-12-07_G05,10110031DEDEV,2025-12-07,111462,1,4,0,50.0
10110031DEDEV_2025-12-07_G06,10110031DEDEV,2025-12-07,111418,1,800,0,2510.0
10110031DEDEV_2025-12-07_G07,10110031DEDEV,2025-12-07,111469,1,14,0,1928.0
10110031DEDEV_2025-12-07_G08,10110031DEDEV,2025-12-07,109641,1,4,0,99.0
10110031DEDEV_2025-12-07_G09,10110031DEDEV,2025-12-07,141456,1,2,0,66.0
10110031DEDEV_2025-12-07_G10,10110031DEDEV,2025-12-07,108795,1,2,0,101.0
10110031DEDEV_2025-12-07_G11,10110031DEDEV,2025-12-07,111443,1,4,0,92.0
10110031DEDEV_2025-12-07_G12,10110031DEDEV,2025-12-07,117821,1,4,0,51.0
10110031DEDEV_2025-12-07_G13,10110031DEDEV,2025-12-07,117809,1,1,0,110.0
10110031DEDEV_2025-12-07_G14,10110031DEDEV,2025-12-07,110372,1,11,0,133.0
10110031DEDEV_2025-12-07_G15,10110031DEDEV,2025-12-07,140911,1,2,0,110.0
10110031DEDEV_2025-12-07_G16,10110031DEDEV,2025-12-07,111430,1,1,0,420.0
10110031DEDEV_2025-12-07_G17,10110031DEDEV,2025-12-07,140923,1,8,0,127.0
10110031DEDEV_2025-12-07_G18,10110031DEDEV,2025-12-07,110752,1,3,0,132.0
10110031DEDEV_2025-12-07_G19,10110031DEDEV,2025-12-07,110339,1,3,0,62.0
10110031DEDEV_2025-12-07_G20,10110031DEDEV,2025-12-07,110733,1,2,0,46.0
10110031DEDEV_2025-12-07_G21,10110031DEDEV,2025-12-07,107629,1,1,0,95.0
10110031DEDEV_2025-12-07_G22,10110031DEDEV,2025-12-07,117786,1,4,0,82.0
10110031DEDEV_2025-12-07_G23,10110031DEDEV,2025-12-07,117855,1,4,0,118.0
10110031DEDEV_2025-12-07_G24,10110031DEDEV,2025-12-07,117855,1,6,0,55.0
10110031DEDEV_2025-12-07_G25,10110031DEDEV,2025-12-07,111172,1,2,0,263.0
10110031DEDEV_2025-12-07_G26,10110031DEDEV,2025-12-07,141823,2,3,29,245.0
10110031DEDEV_2025-12-07_G27,10110031DEDEV,2025-12-07,111743,1,2,0,95.0
10110031DEDEV_2025-12-07_G28,10110031DEDEV,2025-12-07,140922,1,19,0,118.0
10110031DEDEV_2025-12-07_G29,10110031DEDEV,2025-12-07,111435,1,1,0,70.0
10110031DEDEV_2025-12-07_G30,10110031DEDEV,2025-12-07,111431,1,4,0,104.0
10110031DEDEV_2025-12-07_G31,10110031DEDEV,2025-12-07,111442,1,13,0,735.0
10110031DEDEV_2025-12-07_G32,10110031DEDEV,2025-12-07,111418,1,4,0,60.0
10110031DEDEV_2025-12-07_G33,10110031DEDEV,2025-12-07,111466,1,3,0,78.0
10110031DEDEV_2025-12-07_G34,10110031DEDEV,2025-12-07,111466,1,6,0,35.0
10110031DEDEV_2025-12-07_G35,10110031DEDEV,2025-12-07,141458,1,4,0,85.0
10110031DEDEV_2025-12-07_G36,10110031DEDEV,2025-12-07,141458,1,2,0,32.0
10110031DEDEV_2025-12-07_G37,10110031DEDEV,2025-12-07,111465,1,1,0,51.0
10110031DEDEV_2025-12-07_G38,10110031DEDEV,2025-12-07,110374,1,4,0,127.0
10110031DEDEV_2025-12-07_G39,10110031DEDEV,2025-12-07,110376,1,2,0,80.0
10110031DEDEV_2025-12-08_G02,10110031DEDEV,2025-12-08,109643,1,4,0,202.0
10110031DEDEV_2025-12-08_G03,10110031DEDEV,2025-12-08,109641,1,8,0,556.0
10110031DEDEV_2025-12-08_G04,10110031DEDEV,2025-12-08,110375,1,4,0,781.0
10110031DEDEV_2025-12-08_G05,10110031DEDEV,2025-12-08,118140,1,4,0,211.0
10110031DEDEV_2025-12-08_G06,10110031DEDEV,2025-12-08,100334,1,2,0,53.0
10110031DEDEV_2025-12-08_G07,10110031DEDEV,2025-12-08,140923,1,4,0,91.0
10110031DEDEV_2025-12-08_G08,10110031DEDEV,2025-12-08,110339,1,3,0,98.0
10110031DEDEV_2025-12-08_G09,10110031DEDEV,2025-12-08,117856,1,2,0,56.0
10110031DEDEV_2025-12-08_G10,10110031DEDEV,2025-12-08,109647,1,4,0,120.0
10110031DEDEV_2025-12-08_G11,10110031DEDEV,2025-12-08,111469,1,6,0,183.0
10110031DEDEV_2025-12-08_G12,10110031DEDEV,2025-12-08,111172,1,4,0,359.0
10110031DEDEV_2025-12-08_G13,10110031DEDEV,2025-12-08,105705,1,2,0,93.0
10110031DEDEV_2025-12-08_G14,10110031DEDEV,2025-12-08,116241,1,2,0,87.0
10110031DEDEV_2025-12-08_G15,10110031DEDEV,2025-12-08,109641,1,6,0,95.0
10110031DEDEV_2025-12-08_G16,10110031DEDEV,2025-12-08,111418,1,7,0,155.0
10110031DEDEV_2025-12-08_G17,10110031DEDEV,2025-12-08,110371,1,6,0,386.0
10110031DEDEV_2025-12-08_G18,10110031DEDEV,2025-12-08,117808,1,3,0,40.0
10110031DEDEV_2025-12-08_G19,10110031DEDEV,2025-12-08,110376,1,2,0,193.0
10110031DEDEV_2025-12-08_G20,10110031DEDEV,2025-12-08,110372,1,8,0,113.0
10110031DEDEV_2025-12-08_G21,10110031DEDEV,2025-12-08,118299,1,4,0,67.0
10110031DEDEV_2025-12-08_G22,10110031DEDEV,2025-12-08,140911,1,4,0,1256.0
10110031DEDEV_2025-12-08_G23,10110031DEDEV,2025-12-08,141140,1,6,0,410.0
10110031DEDEV_2025-12-08_G24,10110031DEDEV,2025-12-08,141155,1,8,0,512.0
10110031DEDEV_2025-12-08_G25,10110031DEDEV,2025-12-08,111759,1,6,0,101.0
10110031DEDEV_2025-12-08_G26,10110031DEDEV,2025-12-08,141141,1,10,0,198.0
10110031DEDEV_2025-12-08_G27,10110031DEDEV,2025-12-08,111634,1,16,0,455.0
10110031DEDEV_2025-12-08_G28,10110031DEDEV,2025-12-08,141261,1,10,0,601.0
10110031DEDEV_2025-12-08_G29,10110031DEDEV,2025-12-08,118191,1,10,0,150.0
10110031DEDEV_2025-12-08_G30,10110031DEDEV,2025-12-08,141155,1,6,0,683.0
10110031DEDEV_2025-12-08_G31,10110031DEDEV,2025-12-08,111759,1,6,0,266.0
10110031DEDEV_2025-12-08_G32,10110031DEDEV,2025-12-08,141141,1,8,0,364.0
10110031DEDEV_2025-12-08_G33,10110031DEDEV,2025-12-08,141140,1,6,0,653.0
10110031DEDEV_2025-12-08_G35,10110031DEDEV,2025-12-08,118140,1,12,0,311.0
10110031DEDEV_2025-12-08_G36,10110031DEDEV,2025-12-08,118140,1,8,0,249.0
10110031DEDEV_2025-12-08_G37,10110031DEDEV,2025-12-08,140922,1,4,0,88.0
10110031DEDEV_2025-12-08_G38,10110031DEDEV,2025-12-08,111463,1,8,0,124.0
10110031DEDEV_2025-12-08_G39,10110031DEDEV,2025-12-08,117831,1,8,0,152.0
10110031DEDEV_2025-12-08_G40,10110031DEDEV,2025-12-08,111465,1,4,0,161.0
10110031DEDEV_2025-12-08_G41,10110031DEDEV,2025-12-08,140922,1,4,0,604.0
10110031DEDEV_2025-12-08_G42,10110031DEDEV,2025-12-08,141823,1,2,0,109.0
10110031DEDEV_2025-12-08_G43,10110031DEDEV,2025-12-08,111172,1,3,0,71.0
10110031DEDEV_2025-12-08_G44,10110031DEDEV,2025-12-08,110895,1,4,0,296.0
10110031DEDEV_2025-12-08_G45,10110031DEDEV,2025-12-08,110733,1,12,0,172.0
10110031DEDEV_2025-12-08_G46,10110031DEDEV,2025-12-08,141823,1,30,0,225.0
10110031DEDEV_2025-12-08_G47,10110031DEDEV,2025-12-08,118140,1,30,0,1986.0
10110031DEDEV_2025-12-08_G48,10110031DEDEV,2025-12-08,117861,1,2,0,348.0
10110031DEDEV_2025-12-08_G49,10110031DEDEV,2025-12-08,111468,1,6,0,114.0
10110031DEDEV_2025-12-08_G50,10110031DEDEV,2025-12-08,111468,1,2,0,61.0
10110031DEDEV_2025-12-08_G51,10110031DEDEV,2025-12-08,118299,1,8,0,172.0
10110031DEDEV_2025-12-08_G52,10110031DEDEV,2025-12-08,141823,1,4,0,366.0
10110031DEDEV_2025-12-08_G53,10110031DEDEV,2025-12-08,118140,1,12,0,111.0
10110031DEDEV_2025-12-08_G54,10110031DEDEV,2025-12-08,108711,1,4,0,91.0
10110031DEDEV_2025-12-08_G55,10110031DEDEV,2025-12-08,118140,1,12,0,152.0
10110031DEDEV_2025-12-08_G56,10110031DEDEV,2025-12-08,108795,1,8,0,152.0
10110031DEDEV_2025-12-08_G57,10110031DEDEV,2025-12-08,117831,1,8,0,99.0
10110031DEDEV_2025-12-08_G58,10110031DEDEV,2025-12-08,117855,1,4,0,286.0
10110031DEDEV_2025-12-08_G59,10110031DEDEV,2025-12-08,118299,1,6,0,317.0
10110031DEDEV_2025-12-08_G60,10110031DEDEV,2025-12-08,111602,1,2,0,285.0
10110031DEDEV_2025-12-08_G61,10110031DEDEV,2025-12-08,117808,1,12,0,348.0
10110031DEDEV_2025-12-08_G62,10110031DEDEV,2025-12-08,110376,1,2,0,190.0
10110031DEDEV_2025-12-08_G63,10110031DEDEV,2025-12-08,117832,1,4,0,72.0
10110031DEDEV_2025-12-08_G64,10110031DEDEV,2025-12-08,110372,1,6,0,72.0
10110031DEDEV_2025-12-08_G65,10110031DEDEV,2025-12-08,118299,1,8,0,277.0
10110031DEDEV_2025-12-08_G66,10110031DEDEV,2025-12-08,109643,1,1,0,73.0
10110031DEDEV_2025-12-08_G67,10110031DEDEV,2025-12-08,111172,1,4,0,110.0
10110031DEDEV_2025-12-08_G68,10110031DEDEV,2025-12-08,141456,1,8,0,84.0
10110031DEDEV_2025-12-08_G69,10110031DEDEV,2025-12-08,118140,1,2,0,33.0
10110031DEDEV_2025-12-08_G70,10110031DEDEV,2025-12-08,109645,1,1,0,51.0
10110031DEDEV_2025-12-08_G71,10110031DEDEV,2025-12-08,111468,1,4,0,64.0
10110031DEDEV_2025-12-08_G72,10110031DEDEV,2025-12-08,140922,1,2,0,68.0
10110031DEDEV_2025-12-08_G73,10110031DEDEV,2025-12-08,141457,1,3,0,104.0
10110031DEDEV_2025-12-08_G74,10110031DEDEV,2025-12-08,111462,1,2,0,572.0
10110031DEDEV_2025-12-08_G75,10110031DEDEV,2025-12-08,111444,1,2,0,80.0
10110031DEDEV_2025-12-08_G76,10110031DEDEV,2025-12-08,117787,1,2,0,87.0
10110031DEDEV_2025-12-08_G77,10110031DEDEV,2025-12-08,117785,1,5,0,80.0
10110031DEDEV_2025-12-08_G78,10110031DEDEV,2025-12-08,117821,1,2,0,85.0
10110031DEDEV_2025-12-08_G79,10110031DEDEV,2025-12-08,111430,1,4,0,201.0
10110031DEDEV_2025-12-08_G80,10110031DEDEV,2025-12-08,111569,1,4,0,356.0
10110031DEDEV_2025-12-08_G81,10110031DEDEV,2025-12-08,110895,1,4,0,126.0
10110031DEDEV_2025-12-08_G82,10110031DEDEV,2025-12-08,118222,1,1,0,102.0
10110031DEDEV_2025-12-08_G83,10110031DEDEV,2025-12-08,117834,1,4,0,113.0
10110031DEDEV_2025-12-08_G84,10110031DEDEV,2025-12-08,140911,1,1,0,94.0
10110031DEDEV_2025-12-09_G02,10110031DEDEV,2025-12-09,117837,1,2,0,121.0
10110031DEDEV_2025-12-09_G03,10110031DEDEV,2025-12-09,117856,1,5,0,88.0
10110031DEDEV_2025-12-09_G04,10110031DEDEV,2025-12-09,109640,1,1,0,89.0
10110031DEDEV_2025-12-09_G05,10110031DEDEV,2025-12-09,110711,1,1,0,51.0
10110031DEDEV_2025-12-09_G06,10110031DEDEV,2025-12-09,111602,1,5,0,80.0
10110031DEDEV_2025-12-09_G07,10110031DEDEV,2025-12-09,117854,1,2,0,59.0
10110031DEDEV_2025-12-09_G08,10110031DEDEV,2025-12-09,111172,1,4,0,650.0
10110031DEDEV_2025-12-09_G09,10110031DEDEV,2025-12-09,141823,1,2,0,48.0
10110031DEDEV_2025-12-09_G10,10110031DEDEV,2025-12-09,141456,1,8,0,213.0
10110031DEDEV_2025-12-09_G11,10110031DEDEV,2025-12-09,111743,1,8,0,99.0
10110031DEDEV_2025-12-09_G12,10110031DEDEV,2025-12-09,111468,1,8,0,92.0
10110031DEDEV_2025-12-09_G13,10110031DEDEV,2025-12-09,141457,1,4,0,82.0
10110031DEDEV_2025-12-09_G14,10110031DEDEV,2025-12-09,111462,1,1,0,78.0
10110031DEDEV_2025-12-09_G15,10110031DEDEV,2025-12-09,111463,1,4,0,74.0
10110031DEDEV_2025-12-09_G16,10110031DEDEV,2025-12-09,111469,1,2,0,53.0
10110031DEDEV_2025-12-09_G17,10110031DEDEV,2025-12-09,111444,1,2,0,50.0
10110031DEDEV_2025-12-09_G18,10110031DEDEV,2025-12-09,117785,1,6,0,252.0
10110031DEDEV_2025-12-09_G19,10110031DEDEV,2025-12-09,117821,1,4,0,117.0
10110031DEDEV_2025-12-09_G20,10110031DEDEV,2025-12-09,141458,1,2,0,79.0
10110031DEDEV_2025-12-09_G21,10110031DEDEV,2025-12-09,117809,1,2,0,123.0
10110031DEDEV_2025-12-09_G22,10110031DEDEV,2025-12-09,117808,1,5,0,183.0
10110031DEDEV_2025-12-09_G23,10110031DEDEV,2025-12-09,117832,1,2,0,122.0
10110031DEDEV_2025-12-09_G24,10110031DEDEV,2025-12-09,110375,1,4,0,89.0
10110031DEDEV_2025-12-09_G25,10110031DEDEV,2025-12-09,118299,1,9,0,255.0
10110031DEDEV_2025-12-09_G26,10110031DEDEV,2025-12-09,108770,1,2,0,470.0
10110031DEDEV_2025-12-09_G27,10110031DEDEV,2025-12-09,111569,1,2,0,130.0
10110031DEDEV_2025-12-09_G28,10110031DEDEV,2025-12-09,110895,1,3,0,110.0
10110031DEDEV_2025-12-09_G29,10110031DEDEV,2025-12-09,118253,1,4,0,181.0
10110031DEDEV_2025-12-09_G30,10110031DEDEV,2025-12-09,140911,1,4,0,215.0
10110031DEDEV_2025-12-09_G31,10110031DEDEV,2025-12-09,107892,1,2,0,97.0
10110031DEDEV_2025-12-09_G32,10110031DEDEV,2025-12-09,110339,1,2,0,366.0
10110031DEDEV_2025-12-09_G33,10110031DEDEV,2025-12-09,117856,1,8,0,74.0
10110031DEDEV_2025-12-09_G34,10110031DEDEV,2025-12-09,118094,1,4,0,95.0
10110031DEDEV_2025-12-09_G35,10110031DEDEV,2025-12-09,111602,1,1,0,70.0
10110031DEDEV_2025-12-09_G36,10110031DEDEV,2025-12-09,110372,1,13,0,47.0
10110031DEDEV_2025-12-09_G37,10110031DEDEV,2025-12-09,111466,1,1,0,274.0
10110031DEDEV_2025-12-09_G38,10110031DEDEV,2025-12-09,117809,1,4,0,446.0
10110031DEDEV_2025-12-09_G39,10110031DEDEV,2025-12-09,117832,1,2,0,460.0
10110031DEDEV_2025-12-09_G40,10110031DEDEV,2025-12-09,118299,1,36,0,373.0
10110031DEDEV_2025-12-09_G41,10110031DEDEV,2025-12-09,117808,1,11,0,404.0
10110031DEDEV_2025-12-09_G42,10110031DEDEV,2025-12-09,110372,1,10,0,1131.0
10110031DEDEV_2025-12-09_G44,10110031DEDEV,2025-12-09,108701,1,4,0,572.0
10110031DEDEV_2025-12-09_G45,10110031DEDEV,2025-12-09,110753,1,2,0,558.0
10110031DEDEV_2025-12-09_G46,10110031DEDEV,2025-12-09,117965,1,1,0,76.0
10110031DEDEV_2025-12-09_G47,10110031DEDEV,2025-12-09,141066,1,20,0,917.0
10110031DEDEV_2025-12-09_G48,10110031DEDEV,2025-12-09,141047,1,9,0,94.0
10110031DEDEV_2025-12-09_G49,10110031DEDEV,2025-12-09,107629,1,32,0,357.0
10110031DEDEV_2025-12-09_G50,10110031DEDEV,2025-12-09,117855,1,31,0,211.0
10110031DEDEV_2025-12-09_G51,10110031DEDEV,2025-12-09,141352,1,20,0,402.0
10110031DEDEV_2025-12-09_G52,10110031DEDEV,2025-12-09,108361,1,1,0,32.0
10110031DEDEV_2025-12-09_G53,10110031DEDEV,2025-12-09,101217,1,4,0,83.0
10110031DEDEV_2025-12-09_G54,10110031DEDEV,2025-12-09,117854,1,23,0,237.0
10110031DEDEV_2025-12-09_G55,10110031DEDEV,2025-12-09,117861,1,75,0,34.0
10110031DEDEV_2025-12-09_G56,10110031DEDEV,2025-12-09,110741,1,21,0,444.0
10110031DEDEV_2025-12-09_G57,10110031DEDEV,2025-12-09,110752,1,28,0,338.0
10110031DEDEV_2025-12-09_G58,10110031DEDEV,2025-12-09,110733,1,30,0,458.0
10110031DEDEV_2025-12-09_G59,10110031DEDEV,2025-12-09,110374,1,30,0,202.0
10110031DEDEV_2025-12-09_G60,10110031DEDEV,2025-12-09,117840,1,4,0,88.0
10110031DEDEV_2025-12-09_G61,10110031DEDEV,2025-12-09,160051,1,9,0,250.0
10110031DEDEV_2025-12-09_G62,10110031DEDEV,2025-12-09,160054,1,4,0,190.0
10110031DEDEV_2025-12-09_G63,10110031DEDEV,2025-12-09,"117822, 110375",2,93,11,1002.0
10110031DEDEV_2025-12-09_G64,10110031DEDEV,2025-12-09,109643,1,80,0,478.0
10110031DEDEV_2025-12-09_G65,10110031DEDEV,2025-12-09,110743,1,21,0,456.0
10110031DEDEV_2025-12-09_G66,10110031DEDEV,2025-12-09,111462,1,13,0,231.0
10110031DEDEV_2025-12-09_G67,10110031DEDEV,2025-12-09,110740,1,4,0,100.0
10110031DEDEV_2025-12-09_G68,10110031DEDEV,2025-12-09,111443,1,5,0,101.0
10110031DEDEV_2025-12-09_G70,10110031DEDEV,2025-12-09,111430,1,2,0,110.0
10110031DEDEV_2025-12-09_G71,10110031DEDEV,2025-12-09,110895,1,2,0,105.0
10110031DEDEV_2025-12-09_G72,10110031DEDEV,2025-12-09,141916,1,6,0,115.0
10110031DEDEV_2025-12-09_G73,10110031DEDEV,2025-12-09,110747,1,8,0,157.0
10110031DEDEV_2025-12-09_G74,10110031DEDEV,2025-12-09,111569,1,18,0,206.0
10110031DEDEV_2025-12-10_G02,10110031DEDEV,2025-12-10,110733,1,8,0,87.0
10110031DEDEV_2025-12-10_G03,10110031DEDEV,2025-12-10,117856,1,4,0,237.0
10110031DEDEV_2025-12-10_G04,10110031DEDEV,2025-12-10,117855,1,14,0,253.0
10110031DEDEV_2025-12-10_G05,10110031DEDEV,2025-12-10,140923,1,10,0,214.0
10110031DEDEV_2025-12-10_G06,10110031DEDEV,2025-12-10,141456,1,4,0,225.0
10110031DEDEV_2025-12-10_G07,10110031DEDEV,2025-12-10,118140,1,8,0,64.0
10110031DEDEV_2025-12-10_G08,10110031DEDEV,2025-12-10,109645,1,2,0,74.0
10110031DEDEV_2025-12-10_G09,10110031DEDEV,2025-12-10,140922,1,2,0,90.0
10110031DEDEV_2025-12-10_G10,10110031DEDEV,2025-12-10,117831,1,6,0,139.0
10110031DEDEV_2025-12-10_G11,10110031DEDEV,2025-12-10,109643,1,1,0,228.0
10110031DEDEV_2025-12-10_G12,10110031DEDEV,2025-12-10,108798,1,28,0,807.0
10110031DEDEV_2025-12-10_G13,10110031DEDEV,2025-12-10,110376,1,5,0,90.0
10110031DEDEV_2025-12-10_G15,10110031DEDEV,2025-12-10,111602,1,8,0,158.0
10110031DEDEV_2025-12-10_G16,10110031DEDEV,2025-12-10,117965,1,3,0,69.0
10110031DEDEV_2025-12-10_G17,10110031DEDEV,2025-12-10,110733,1,18,0,194.0
10110031DEDEV_2025-12-10_G18,10110031DEDEV,2025-12-10,110750,1,2,0,71.0
10110031DEDEV_2025-12-10_G19,10110031DEDEV,2025-12-10,117856,1,28,0,224.0
10110031DEDEV_2025-12-10_G20,10110031DEDEV,2025-12-10,141047,1,6,0,88.0
10110031DEDEV_2025-12-10_G21,10110031DEDEV,2025-12-10,117786,1,25,0,1146.0
10110031DEDEV_2025-12-10_G22,10110031DEDEV,2025-12-10,109640,1,12,0,157.0
10110031DEDEV_2025-12-10_G23,10110031DEDEV,2025-12-10,140923,1,80,0,142.0
10110031DEDEV_2025-12-10_G24,10110031DEDEV,2025-12-10,117855,1,30,0,303.0
10110031DEDEV_2025-12-10_G25,10110031DEDEV,2025-12-10,140956,1,4,0,153.0
10110031DEDEV_2025-12-10_G26,10110031DEDEV,2025-12-10,110895,1,10,0,89.0
10110031DEDEV_2025-12-10_G27,10110031DEDEV,2025-12-10,111430,1,2,0,103.0
10110031DEDEV_2025-12-10_G28,10110031DEDEV,2025-12-10,117836,1,2,0,131.0
10110031DEDEV_2025-12-10_G29,10110031DEDEV,2025-12-10,117834,1,2,0,63.0
10110031DEDEV_2025-12-10_G30,10110031DEDEV,2025-12-10,110682,1,4,0,267.0
10110031DEDEV_2025-12-10_G31,10110031DEDEV,2025-12-10,116527,1,4,0,111.0
10110031DEDEV_2025-12-10_G32,10110031DEDEV,2025-12-10,100334,1,6,0,546.0
10110031DEDEV_2025-12-10_G33,10110031DEDEV,2025-12-10,"118222, 111438",2,67,23,1573.0
10110031DEDEV_2025-12-10_G34,10110031DEDEV,2025-12-10,110371,1,20,0,131.0
10110031DEDEV_2025-12-10_G35,10110031DEDEV,2025-12-10,117840,1,8,0,96.0
10110031DEDEV_2025-12-10_G36,10110031DEDEV,2025-12-10,117832,1,26,0,144.0
10110031DEDEV_2025-12-10_G37,10110031DEDEV,2025-12-10,117809,1,90,0,490.0
10110031DEDEV_2025-12-10_G38,10110031DEDEV,2025-12-10,117808,1,300,0,740.0
10110031DEDEV_2025-12-10_G39,10110031DEDEV,2025-12-10,109643,1,31,0,389.0
10110031DEDEV_2025-12-10_G40,10110031DEDEV,2025-12-10,108770,1,24,0,1258.0
10110031DEDEV_2025-12-10_G41,10110031DEDEV,2025-12-10,111569,1,169,0,1282.0
10110031DEDEV_2025-12-11_G02,10110031DEDEV,2025-12-11,117861,1,10,0,138.0
10110031DEDEV_2025-12-11_G03,10110031DEDEV,2025-12-11,117861,1,20,0,121.0
10110031DEDEV_2025-12-11_G04,10110031DEDEV,2025-12-11,118298,1,15,0,154.0
10110031DEDEV_2025-12-11_G05,10110031DEDEV,2025-12-11,117853,1,10,0,140.0
10110031DEDEV_2025-12-11_G06,10110031DEDEV,2025-12-11,117853,1,20,0,629.0
10110031DEDEV_2025-12-11_G07,10110031DEDEV,2025-12-11,141047,1,10,0,313.0
10110031DEDEV_2025-12-11_G08,10110031DEDEV,2025-12-11,117786,1,10,0,111.0
10110031DEDEV_2025-12-11_G09,10110031DEDEV,2025-12-11,117855,1,10,0,155.0
10110031DEDEV_2025-12-11_G10,10110031DEDEV,2025-12-11,118140,1,15,0,1261.0
10110031DEDEV_2025-12-11_G11,10110031DEDEV,2025-12-11,118140,1,15,0,64.0
10110031DEDEV_2025-12-11_G12,10110031DEDEV,2025-12-11,111743,1,7,0,92.0
10110031DEDEV_2025-12-11_G13,10110031DEDEV,2025-12-11,111743,1,7,0,47.0
10110031DEDEV_2025-12-11_G14,10110031DEDEV,2025-12-11,108711,1,6,0,123.0
10110031DEDEV_2025-12-11_G15,10110031DEDEV,2025-12-11,108711,1,6,0,36.0
10110031DEDEV_2025-12-11_G16,10110031DEDEV,2025-12-11,108798,1,4,0,103.0
10110031DEDEV_2025-12-11_G17,10110031DEDEV,2025-12-11,108798,1,4,0,42.0
10110031DEDEV_2025-12-11_G18,10110031DEDEV,2025-12-11,111418,1,6,0,118.0
10110031DEDEV_2025-12-11_G19,10110031DEDEV,2025-12-11,111418,1,6,0,41.0
10110031DEDEV_2025-12-11_G20,10110031DEDEV,2025-12-11,111418,1,3,0,35.0
10110031DEDEV_2025-12-11_G21,10110031DEDEV,2025-12-11,111418,1,3,0,34.0
10110031DEDEV_2025-12-11_G22,10110031DEDEV,2025-12-11,111462,1,8,0,81.0
10110031DEDEV_2025-12-11_G23,10110031DEDEV,2025-12-11,111462,1,8,0,79.0
10110031DEDEV_2025-12-11_G24,10110031DEDEV,2025-12-11,111463,1,5,0,267.0
10110031DEDEV_2025-12-11_G25,10110031DEDEV,2025-12-11,111463,1,5,0,353.0
10110031DEDEV_2025-12-11_G26,10110031DEDEV,2025-12-11,111469,2,20,30,72.0
10110031DEDEV_2025-12-11_G27,10110031DEDEV,2025-12-11,111444,2,4,13,145.0
10110031DEDEV_2025-12-11_G28,10110031DEDEV,2025-12-11,117831,1,10,0,102.0
10110031DEDEV_2025-12-11_G29,10110031DEDEV,2025-12-11,117831,1,10,0,44.0
10110031DEDEV_2025-12-11_G30,10110031DEDEV,2025-12-11,107236,1,4,0,96.0
10110031DEDEV_2025-12-11_G31,10110031DEDEV,2025-12-11,107236,1,4,0,40.0
10110031DEDEV_2025-12-11_G32,10110031DEDEV,2025-12-11,111465,4,13,31,146.0
10110031DEDEV_2025-12-11_G33,10110031DEDEV,2025-12-11,141457,1,40,0,421.0
10110031DEDEV_2025-12-11_G34,10110031DEDEV,2025-12-11,109643,2,2,9,84.0
10110031DEDEV_2025-12-11_G35,10110031DEDEV,2025-12-11,118299,2,201,15,634.0
10110031DEDEV_2025-12-11_G36,10110031DEDEV,2025-12-11,118299,1,100,0,1301.0
10110031DEDEV_2025-12-11_G37,10110031DEDEV,2025-12-11,118299,2,90,26,313.0
10110031DEDEV_2025-12-11_G38,10110031DEDEV,2025-12-11,110374,1,6,0,362.0
10110031DEDEV_2025-12-11_G39,10110031DEDEV,2025-12-11,110374,1,8,0,48.0
10110031DEDEV_2025-12-11_G40,10110031DEDEV,2025-12-11,110374,1,26,0,86.0
10110031DEDEV_2025-12-11_G41,10110031DEDEV,2025-12-11,117808,2,20,20,542.0
10110031DEDEV_2025-12-11_G42,10110031DEDEV,2025-12-11,110376,1,24,0,278.0
10110031DEDEV_2025-12-11_G44,10110031DEDEV,2025-12-11,118140,1,8,0,265.0
10110031DEDEV_2025-12-11_G45,10110031DEDEV,2025-12-11,108711,1,2,0,67.0
10110031DEDEV_2025-12-11_G46,10110031DEDEV,2025-12-11,117831,1,2,0,166.0
10110031DEDEV_2025-12-11_G47,10110031DEDEV,2025-12-11,111466,1,2,0,89.0
10110031DEDEV_2025-12-11_G48,10110031DEDEV,2025-12-11,110325,1,1,0,59.0
10110031DEDEV_2025-12-11_G49,10110031DEDEV,2025-12-11,110374,1,4,0,183.0
10110031DEDEV_2025-12-11_G50,10110031DEDEV,2025-12-11,117808,1,2,0,73.0
10110031DEDEV_2025-12-11_G51,10110031DEDEV,2025-12-11,118317,1,3,0,126.0
10110031DEDEV_2025-12-11_G52,10110031DEDEV,2025-12-11,118140,1,10,0,91.0
10110031DEDEV_2025-12-11_G53,10110031DEDEV,2025-12-11,108711,1,4,0,99.0
10110031DEDEV_2025-12-11_G54,10110031DEDEV,2025-12-11,111463,1,6,0,137.0
10110031DEDEV_2025-12-11_G55,10110031DEDEV,2025-12-11,110372,1,15,0,204.0
10110031DEDEV_2025-12-11_G56,10110031DEDEV,2025-12-11,110325,1,3,0,89.0
10110031DEDEV_2025-12-11_G57,10110031DEDEV,2025-12-11,110740,1,8,0,519.0
10110031DEDEV_2025-12-11_G58,10110031DEDEV,2025-12-11,117855,1,2,0,175.0
10110031DEDEV_2025-12-11_G59,10110031DEDEV,2025-12-11,117856,1,4,0,131.0
10110031DEDEV_2025-12-11_G60,10110031DEDEV,2025-12-11,117786,1,4,0,120.0
10110031DEDEV_2025-12-11_G61,10110031DEDEV,2025-12-11,111438,1,8,0,224.0
10110031DEDEV_2025-12-11_G62,10110031DEDEV,2025-12-11,118222,1,6,0,147.0
10110031DEDEV_2025-12-11_G63,10110031DEDEV,2025-12-11,110374,1,10,0,132.0
10110031DEDEV_2025-12-11_G64,10110031DEDEV,2025-12-11,117808,1,6,0,89.0
10110031DEDEV_2025-12-11_G65,10110031DEDEV,2025-12-11,118317,1,4,0,141.0
10110031DEDEV_2025-12-11_G66,10110031DEDEV,2025-12-11,141823,1,6,0,96.0
10110031DEDEV_2025-12-11_G67,10110031DEDEV,2025-12-11,118140,1,4,0,45.0
10110031DEDEV_2025-12-11_G68,10110031DEDEV,2025-12-11,108711,1,2,0,81.0
10110031DEDEV_2025-12-11_G69,10110031DEDEV,2025-12-11,111463,1,8,0,230.0
10110031DEDEV_2025-12-11_G70,10110031DEDEV,2025-12-11,117831,1,2,0,85.0
10110031DEDEV_2025-12-11_G71,10110031DEDEV,2025-12-11,110372,1,7,0,475.0
10110031DEDEV_2025-12-11_G72,10110031DEDEV,2025-12-11,110325,1,4,0,81.0
10110031DEDEV_2025-12-11_G73,10110031DEDEV,2025-12-11,117786,1,3,0,103.0
10110031DEDEV_2025-12-11_G74,10110031DEDEV,2025-12-11,117856,1,2,0,105.0
10110031DEDEV_2025-12-11_G75,10110031DEDEV,2025-12-11,118222,1,6,0,149.0
10110031DEDEV_2025-12-11_G76,10110031DEDEV,2025-12-11,111438,1,2,0,124.0
10110031DEDEV_2025-12-11_G77,10110031DEDEV,2025-12-11,140923,1,3,0,60.0
10110031DEDEV_2025-12-11_G78,10110031DEDEV,2025-12-11,111466,1,30,0,3565.0
10110031DEDEV_2025-12-11_G80,10110031DEDEV,2025-12-11,117808,1,30,0,173.0
10110031DEDEV_2025-12-11_G81,10110031DEDEV,2025-12-11,110371,1,4,0,129.0
10110031DEDEV_2025-12-11_G82,10110031DEDEV,2025-12-11,110372,1,11,0,135.0
10110031DEDEV_2025-12-11_G83,10110031DEDEV,2025-12-11,141271,1,8,0,302.0
10110031DEDEV_2025-12-11_G84,10110031DEDEV,2025-12-11,108794,1,4,0,57.0
10110031DEDEV_2025-12-11_G85,10110031DEDEV,2025-12-11,141457,1,6,0,60.0
10110031DEDEV_2025-12-12_G02,10110031DEDEV,2025-12-12,117831,1,6,0,60.0
10110031DEDEV_2025-12-12_G03,10110031DEDEV,2025-12-12,111465,1,2,0,58.0
10110031DEDEV_2025-12-12_G04,10110031DEDEV,2025-12-12,110895,1,6,0,248.0
10110031DEDEV_2025-12-12_G05,10110031DEDEV,2025-12-12,118222,1,6,0,158.0
10110031DEDEV_2025-12-12_G06,10110031DEDEV,2025-12-12,110747,1,2,0,142.0
10110031DEDEV_2025-12-12_G07,10110031DEDEV,2025-12-12,110339,1,4,0,221.0
10110031DEDEV_2025-12-12_G08,10110031DEDEV,2025-12-12,117786,1,6,0,107.0
10110031DEDEV_2025-12-12_G09,10110031DEDEV,2025-12-12,140923,1,5,0,351.0
10110031DEDEV_2025-12-12_G10,10110031DEDEV,2025-12-12,111602,1,7,0,886.0
10110031DEDEV_2025-12-12_G11,10110031DEDEV,2025-12-12,141823,1,8,0,333.0
10110031DEDEV_2025-12-12_G12,10110031DEDEV,2025-12-12,117808,1,12,0,171.0
10110031DEDEV_2025-12-12_G13,10110031DEDEV,2025-12-12,117840,1,2,0,116.0
10110031DEDEV_2025-12-12_G14,10110031DEDEV,2025-12-12,117785,1,8,0,244.0
10110031DEDEV_2025-12-12_G15,10110031DEDEV,2025-12-12,111466,1,4,0,391.0
10110031DEDEV_2025-12-12_G16,10110031DEDEV,2025-12-12,111469,1,8,0,370.0
10110031DEDEV_2025-12-12_G17,10110031DEDEV,2025-12-12,111466,1,2,0,91.0
10110031DEDEV_2025-12-12_G18,10110031DEDEV,2025-12-12,111172,1,2,0,1034.0
10110031DEDEV_2025-12-12_G19,10110031DEDEV,2025-12-12,141456,1,5,0,74.0
10110031DEDEV_2025-12-12_G20,10110031DEDEV,2025-12-12,118299,1,6,0,319.0
10110031DEDEV_2025-12-12_G21,10110031DEDEV,2025-12-12,117809,1,8,0,147.0
10110031DEDEV_2025-12-12_G22,10110031DEDEV,2025-12-12,117808,1,12,0,80.0
10110031DEDEV_2025-12-12_G23,10110031DEDEV,2025-12-12,110376,1,4,0,92.0
10110031DEDEV_2025-12-12_G24,10110031DEDEV,2025-12-12,110372,1,16,0,235.0
10110031DEDEV_2025-12-12_G25,10110031DEDEV,2025-12-12,110325,1,2,0,94.0
10110031DEDEV_2025-12-12_G26,10110031DEDEV,2025-12-12,141202,1,2,0,88.0
10110031DEDEV_2025-12-12_G27,10110031DEDEV,2025-12-12,111602,1,4,0,125.0
10110031DEDEV_2025-12-12_G28,10110031DEDEV,2025-12-12,110339,1,3,0,59.0
10110031DEDEV_2025-12-12_G29,10110031DEDEV,2025-12-12,111530,1,4,0,127.0
10110031DEDEV_2025-12-12_G30,10110031DEDEV,2025-12-12,117786,1,4,0,85.0
10110031DEDEV_2025-12-12_G31,10110031DEDEV,2025-12-12,110756,1,4,0,66.0
10110031DEDEV_2025-12-12_G32,10110031DEDEV,2025-12-12,110756,1,2,0,32.0
10110031DEDEV_2025-12-12_G33,10110031DEDEV,2025-12-12,117855,1,3,0,133.0
10110031DEDEV_2025-12-12_G34,10110031DEDEV,2025-12-12,117862,1,4,0,70.0
10110031DEDEV_2025-12-12_G35,10110031DEDEV,2025-12-12,110752,1,4,0,117.0
10110031DEDEV_2025-12-12_G36,10110031DEDEV,2025-12-12,111172,1,4,0,268.0
10110031DEDEV_2025-12-12_G37,10110031DEDEV,2025-12-12,140922,1,4,0,71.0
10110031DEDEV_2025-12-12_G38,10110031DEDEV,2025-12-12,111468,1,2,0,56.0
10110031DEDEV_2025-12-12_G39,10110031DEDEV,2025-12-12,111468,1,4,0,42.0
10110031DEDEV_2025-12-12_G40,10110031DEDEV,2025-12-12,110745,1,4,0,84.0
10110031DEDEV_2025-12-12_G41,10110031DEDEV,2025-12-12,111418,1,8,0,116.0
10110031DEDEV_2025-12-12_G42,10110031DEDEV,2025-12-12,111463,1,3,0,63.0
10110031DEDEV_2025-12-12_G43,10110031DEDEV,2025-12-12,111469,1,4,0,86.0
10110031DEDEV_2025-12-12_G44,10110031DEDEV,2025-12-12,117831,1,2,0,44.0
10110031DEDEV_2025-12-12_G45,10110031DEDEV,2025-12-12,107236,1,4,0,80.0
10110031DEDEV_2025-12-12_G46,10110031DEDEV,2025-12-12,110740,1,7,0,67.0
10110031DEDEV_2025-12-12_G47,10110031DEDEV,2025-12-12,111438,1,4,0,199.0
10110031DEDEV_2025-12-12_G48,10110031DEDEV,2025-12-12,140923,1,3,0,291.0
10110031DEDEV_2025-12-12_G49,10110031DEDEV,2025-12-12,109647,1,2,0,142.0
10110031DEDEV_2025-12-12_G50,10110031DEDEV,2025-12-12,117855,1,4,0,78.0
10110031DEDEV_2025-12-12_G51,10110031DEDEV,2025-12-12,109645,1,2,0,177.0
10110031DEDEV_2025-12-12_G52,10110031DEDEV,2025-12-12,111182,1,2,0,120.0
10110031DEDEV_2025-12-12_G53,10110031DEDEV,2025-12-12,108711,1,2,0,67.0
10110031DEDEV_2025-12-12_G54,10110031DEDEV,2025-12-12,111418,1,2,0,91.0
10110031DEDEV_2025-12-12_G55,10110031DEDEV,2025-12-12,107236,1,2,0,102.0
10110031DEDEV_2025-12-12_G56,10110031DEDEV,2025-12-12,117832,1,2,0,135.0
10110031DEDEV_2025-12-12_G57,10110031DEDEV,2025-12-12,109648,1,1,0,148.0
10110031DEDEV_2025-12-12_G59,10110031DEDEV,2025-12-12,117861,1,9,0,137.0
10110031DEDEV_2025-12-12_G60,10110031DEDEV,2025-12-12,110741,1,11,0,103.0
10110031DEDEV_2025-12-12_G61,10110031DEDEV,2025-12-12,110711,1,44,0,428.0
10110031DEDEV_2025-12-12_G62,10110031DEDEV,2025-12-12,110339,1,12,0,188.0
10110031DEDEV_2025-12-12_G63,10110031DEDEV,2025-12-12,118298,1,20,0,328.0
10110031DEDEV_2025-12-12_G64,10110031DEDEV,2025-12-12,110733,1,24,0,351.0
10110031DEDEV_2025-12-12_G65,10110031DEDEV,2025-12-12,117853,1,20,0,274.0
10110031DEDEV_2025-12-12_G66,10110031DEDEV,2025-12-12,141066,1,7,0,83.0
10110031DEDEV_2025-12-12_G67,10110031DEDEV,2025-12-12,141047,1,8,0,90.0
10110031DEDEV_2025-12-12_G68,10110031DEDEV,2025-12-12,111530,1,50,0,457.0
10110031DEDEV_2025-12-12_G69,10110031DEDEV,2025-12-12,105242,1,6,0,143.0
10110031DEDEV_2025-12-12_G70,10110031DEDEV,2025-12-12,109647,1,8,0,88.0
10110031DEDEV_2025-12-12_G71,10110031DEDEV,2025-12-12,117855,1,67,0,581.0
10110031DEDEV_2025-12-12_G72,10110031DEDEV,2025-12-12,111467,1,41,0,458.0
10110031DEDEV_2025-12-12_G73,10110031DEDEV,2025-12-12,109640,1,22,0,470.0
10110031DEDEV_2025-12-12_G74,10110031DEDEV,2025-12-12,110752,1,2,0,49.0
10110031DEDEV_2025-12-12_G75,10110031DEDEV,2025-12-12,117854,1,4,0,119.0
10110031DEDEV_2025-12-12_G76,10110031DEDEV,2025-12-12,110748,1,10,0,630.0
10110031DEDEV_2025-12-12_G77,10110031DEDEV,2025-12-12,118317,1,8,0,80.0
10110031DEDEV_2025-12-12_G78,10110031DEDEV,2025-12-12,111172,1,10,0,148.0
10110031DEDEV_2025-12-12_G79,10110031DEDEV,2025-12-12,111172,1,16,0,88.0
10110031DEDEV_2025-12-12_G80,10110031DEDEV,2025-12-12,111465,1,7,0,107.0
10110031DEDEV_2025-12-12_G81,10110031DEDEV,2025-12-12,111743,1,10,0,909.0
10110031DEDEV_2025-12-12_G82,10110031DEDEV,2025-12-12,111468,1,6,0,68.0
10110031DEDEV_2025-12-12_G83,10110031DEDEV,2025-12-12,117838,1,8,0,136.0
10110031DEDEV_2025-12-12_G84,10110031DEDEV,2025-12-12,141271,1,8,0,626.0
10110031DEDEV_2025-12-12_G85,10110031DEDEV,2025-12-12,111435,1,5,0,95.0
10110031DEDEV_2025-12-12_G86,10110031DEDEV,2025-12-12,108794,1,5,0,135.0
10110031DEDEV_2025-12-12_G87,10110031DEDEV,2025-12-12,108798,1,3,0,73.0
10110031DEDEV_2025-12-12_G88,10110031DEDEV,2025-12-12,111433,1,4,0,85.0
10110031DEDEV_2025-12-12_G89,10110031DEDEV,2025-12-12,110743,1,12,0,323.0
10110031DEDEV_2025-12-12_G90,10110031DEDEV,2025-12-12,117842,1,2,0,60.0
10110031DEDEV_2025-12-12_G91,10110031DEDEV,2025-12-12,105705,1,4,0,79.0
10110031DEDEV_2025-12-12_G92,10110031DEDEV,2025-12-12,117329,1,6,0,135.0
10110031DEDEV_2025-12-12_G93,10110031DEDEV,2025-12-12,111443,1,4,0,95.0
10110031DEDEV_2025-12-12_G94,10110031DEDEV,2025-12-12,111443,1,8,0,60.0
10110031DEDEV_2025-12-12_G95,10110031DEDEV,2025-12-12,141458,1,1,0,53.0
10110031DEDEV_2025-12-12_G96,10110031DEDEV,2025-12-12,141456,1,30,0,95.0
10110031DEDEV_2025-12-12_G97,10110031DEDEV,2025-12-12,117821,1,30,0,718.0
10110031DEDEV_2025-12-12_G98,10110031DEDEV,2025-12-12,"141458, 118140",2,100,24,842.0
10110031DEDEV_2025-12-12_G99,10110031DEDEV,2025-12-12,111463,1,35,0,523.0
10110031DEDEV_2025-12-13_G02,10110031DEDEV,2025-12-13,110741,1,8,0,136.0
10110031DEDEV_2025-12-13_G03,10110031DEDEV,2025-12-13,117837,1,8,0,109.0
10110031DEDEV_2025-12-13_G04,10110031DEDEV,2025-12-13,110753,1,10,0,99.0
10110031DEDEV_2025-12-13_G05,10110031DEDEV,2025-12-13,110339,1,30,0,495.0
10110031DEDEV_2025-12-13_G06,10110031DEDEV,2025-12-13,117853,1,4,0,79.0
10110031DEDEV_2025-12-13_G07,10110031DEDEV,2025-12-13,141047,1,20,0,261.0
10110031DEDEV_2025-12-13_G08,10110031DEDEV,2025-12-13,107629,1,12,0,154.0
10110031DEDEV_2025-12-13_G09,10110031DEDEV,2025-12-13,117786,1,20,0,1771.0
10110031DEDEV_2025-12-13_G10,10110031DEDEV,2025-12-13,110756,1,4,0,83.0
10110031DEDEV_2025-12-13_G11,10110031DEDEV,2025-12-13,109647,1,4,0,81.0
10110031DEDEV_2025-12-13_G12,10110031DEDEV,2025-12-13,109640,1,12,0,208.0
10110031DEDEV_2025-12-13_G13,10110031DEDEV,2025-12-13,111439,1,20,0,255.0
10110031DEDEV_2025-12-13_G14,10110031DEDEV,2025-12-13,117854,1,4,0,275.0
10110031DEDEV_2025-12-13_G15,10110031DEDEV,2025-12-13,106860,1,2,0,153.0
10110031DEDEV_2025-12-13_G16,10110031DEDEV,2025-12-13,108772,1,8,0,394.0
10110031DEDEV_2025-12-13_G17,10110031DEDEV,2025-12-13,140923,1,50,0,461.0
10110031DEDEV_2025-12-13_G18,10110031DEDEV,2025-12-13,117856,1,40,0,901.0
10110031DEDEV_2025-12-13_G19,10110031DEDEV,2025-12-13,117785,1,6,0,1567.0
10110031DEDEV_2025-12-14_G02,10110031DEDEV,2025-12-14,111418,1,189,0,846.0
10110031DEDEV_2025-12-14_G03,10110031DEDEV,2025-12-14,110374,1,60,0,2666.0
10110031DEDEV_2025-12-14_G04,10110031DEDEV,2025-12-14,110372,1,100,0,363.0
10110031DEDEV_2025-12-14_G05,10110031DEDEV,2025-12-14,111462,1,40,0,528.0
10110031DEDEV_2025-12-14_G06,10110031DEDEV,2025-12-14,108794,1,4,0,297.0
10110031DEDEV_2025-12-14_G08,10110031DEDEV,2025-12-14,111602,1,10,0,123.0
10110031DEDEV_2025-12-14_G09,10110031DEDEV,2025-12-14,111602,1,20,0,120.0
10110031DEDEV_2025-12-14_G10,10110031DEDEV,2025-12-14,117837,1,6,0,64.0
10110031DEDEV_2025-12-14_G11,10110031DEDEV,2025-12-14,118298,1,5,0,61.0
10110031DEDEV_2025-12-14_G12,10110031DEDEV,2025-12-14,117853,1,20,0,173.0
10110031DEDEV_2025-12-14_G13,10110031DEDEV,2025-12-14,141066,1,10,0,222.0
10110031DEDEV_2025-12-14_G14,10110031DEDEV,2025-12-14,141047,1,6,0,125.0
10110031DEDEV_2025-12-15_G02,10110031DEDEV,2025-12-15,111467,1,10,0,146.0
10110031DEDEV_2025-12-15_G03,10110031DEDEV,2025-12-15,111467,1,20,0,381.0
10110031DEDEV_2025-12-15_G04,10110031DEDEV,2025-12-15,109640,1,5,0,75.0
10110031DEDEV_2025-12-15_G05,10110031DEDEV,2025-12-15,140923,1,40,0,488.0
10110031DEDEV_2025-12-15_G06,10110031DEDEV,2025-12-15,111530,1,30,0,481.0
10110031DEDEV_2025-12-15_G07,10110031DEDEV,2025-12-15,117821,1,15,0,376.0
10110031DEDEV_2025-12-15_G08,10110031DEDEV,2025-12-15,111468,1,2,0,237.0
10110031DEDEV_2025-12-15_G09,10110031DEDEV,2025-12-15,111462,2,40,24,102.0
10110031DEDEV_2025-12-15_G10,10110031DEDEV,2025-12-15,111469,1,10,0,376.0
10110031DEDEV_2025-12-15_G11,10110031DEDEV,2025-12-15,117831,2,59,29,70.0
10110031DEDEV_2025-12-15_G12,10110031DEDEV,2025-12-15,117785,1,100,0,2352.0
10110031DEDEV_2025-12-15_G13,10110031DEDEV,2025-12-15,111466,1,84,0,407.0
10110031DEDEV_2025-12-15_G14,10110031DEDEV,2025-12-15,111469,1,160,0,358.0
10110031DEDEV_2025-12-15_G15,10110031DEDEV,2025-12-15,141457,1,150,0,235.0
10110031DEDEV_2025-12-15_G16,10110031DEDEV,2025-12-15,111418,1,234,0,438.0
10110031DEDEV_2025-12-15_G17,10110031DEDEV,2025-12-15,141456,1,150,0,232.0
10110031DEDEV_2025-12-15_G18,10110031DEDEV,2025-12-15,110740,1,12,0,415.0
10110031DEDEV_2025-12-15_G20,10110031DEDEV,2025-12-15,111465,1,6,0,284.0
10110031DEDEV_2025-12-15_G21,10110031DEDEV,2025-12-15,109645,1,8,0,869.0
10110031DEDEV_2025-12-15_G22,10110031DEDEV,2025-12-15,117785,1,3,0,66.0
10110031DEDEV_2025-12-15_G23,10110031DEDEV,2025-12-15,108711,1,11,0,121.0
10110031DEDEV_2025-12-15_G24,10110031DEDEV,2025-12-15,111435,1,3,0,102.0
10110031DEDEV_2025-12-15_G25,10110031DEDEV,2025-12-15,111433,1,4,0,88.0
10110031DEDEV_2025-12-15_G26,10110031DEDEV,2025-12-15,111466,1,20,0,232.0
10110031DEDEV_2025-12-15_G27,10110031DEDEV,2025-12-15,105705,1,4,0,63.0
10110031DEDEV_2025-12-15_G28,10110031DEDEV,2025-12-15,105705,3,7,27,58.0
10110031DEDEV_2025-12-15_G29,10110031DEDEV,2025-12-15,111444,1,11,0,366.0
10110031DEDEV_2025-12-15_G30,10110031DEDEV,2025-12-15,117831,1,14,0,101.0
10110031DEDEV_2025-12-15_G31,10110031DEDEV,2025-12-15,111431,1,1,0,47.0
10110031DEDEV_2025-12-15_G32,10110031DEDEV,2025-12-15,118140,2,22,26,733.0
10110031DEDEV_2025-12-15_G33,10110031DEDEV,2025-12-15,110740,1,6,0,102.0
10110031DEDEV_2025-12-15_G34,10110031DEDEV,2025-12-15,117821,1,18,0,186.0
10110031DEDEV_2025-12-15_G35,10110031DEDEV,2025-12-15,111468,1,6,0,102.0
10110031DEDEV_2025-12-15_G36,10110031DEDEV,2025-12-15,111463,1,30,0,454.0
10110031DEDEV_2025-12-15_G37,10110031DEDEV,2025-12-15,110374,4,63,57,222.0
10110031DEDEV_2025-12-15_G38,10110031DEDEV,2025-12-15,110371,1,7,0,146.0
10110031DEDEV_2025-12-15_G39,10110031DEDEV,2025-12-15,117832,1,5,0,142.0
10110031DEDEV_2025-12-15_G40,10110031DEDEV,2025-12-15,110375,1,2,0,109.0
10110031DEDEV_2025-12-15_G41,10110031DEDEV,2025-12-15,109643,1,6,0,131.0
10110031DEDEV_2025-12-15_G42,10110031DEDEV,2025-12-15,110325,1,4,0,109.0
10110031DEDEV_2025-12-15_G43,10110031DEDEV,2025-12-15,110372,2,67,29,635.0
10110031DEDEV_2025-12-15_G44,10110031DEDEV,2025-12-15,118094,1,7,0,564.0
10110031DEDEV_2025-12-15_G45,10110031DEDEV,2025-12-15,117935,1,15,0,125.0
10110031DEDEV_2025-12-15_G46,10110031DEDEV,2025-12-15,140923,1,3,0,70.0
10110031DEDEV_2025-12-15_G47,10110031DEDEV,2025-12-15,118298,1,4,0,91.0
10110031DEDEV_2025-12-15_G48,10110031DEDEV,2025-12-15,141047,1,2,0,93.0
10110031DEDEV_2025-12-15_G49,10110031DEDEV,2025-12-15,117786,1,4,0,100.0
10110031DEDEV_2025-12-15_G50,10110031DEDEV,2025-12-15,109640,1,2,0,441.0
10110031DEDEV_2025-12-15_G51,10110031DEDEV,2025-12-15,141457,1,1,0,56.0
10110031DEDEV_2025-12-15_G52,10110031DEDEV,2025-12-15,111172,1,8,0,682.0
10110031DEDEV_2025-12-15_G53,10110031DEDEV,2025-12-15,140922,1,12,0,90.0
10110031DEDEV_2025-12-15_G54,10110031DEDEV,2025-12-15,111418,1,37,0,215.0
10110031DEDEV_2025-12-15_G55,10110031DEDEV,2025-12-15,111743,1,4,0,72.0
10110031DEDEV_2025-12-15_G56,10110031DEDEV,2025-12-15,110745,1,8,0,115.0
10110031DEDEV_2025-12-15_G57,10110031DEDEV,2025-12-15,108711,1,7,0,99.0
10110031DEDEV_2025-12-15_G58,10110031DEDEV,2025-12-15,108798,1,4,0,377.0
10110031DEDEV_2025-12-15_G59,10110031DEDEV,2025-12-15,111433,1,4,0,90.0
10110031DEDEV_2025-12-15_G60,10110031DEDEV,2025-12-15,118140,1,1,0,87.0
10110031DEDEV_2025-12-15_G61,10110031DEDEV,2025-12-15,110740,1,8,0,279.0
10110031DEDEV_2025-12-15_G62,10110031DEDEV,2025-12-15,111468,1,4,0,89.0
10110031DEDEV_2025-12-15_G63,10110031DEDEV,2025-12-15,118094,1,2,0,140.0
10110031DEDEV_2025-12-15_G64,10110031DEDEV,2025-12-15,117861,1,6,0,73.0
10110031DEDEV_2025-12-15_G65,10110031DEDEV,2025-12-15,117965,1,2,0,93.0
10110031DEDEV_2025-12-15_G66,10110031DEDEV,2025-12-15,141047,1,4,0,88.0
10110031DEDEV_2025-12-15_G67,10110031DEDEV,2025-12-15,107629,1,4,0,85.0
10110031DEDEV_2025-12-15_G68,10110031DEDEV,2025-12-15,117855,1,10,0,125.0
10110031DEDEV_2025-12-15_G69,10110031DEDEV,2025-12-15,111467,1,8,0,104.0
10110031DEDEV_2025-12-15_G70,10110031DEDEV,2025-12-15,109640,1,1,0,31.0
10110031DEDEV_2025-12-15_G71,10110031DEDEV,2025-12-15,110711,1,19,0,244.0
10110031DEDEV_2025-12-15_G72,10110031DEDEV,2025-12-15,110374,1,4,0,32.0
10110031DEDEV_2025-12-15_G73,10110031DEDEV,2025-12-15,117809,1,3,0,112.0
10110031DEDEV_2025-12-15_G74,10110031DEDEV,2025-12-15,117822,1,5,0,386.0
10110031DEDEV_2025-12-15_G75,10110031DEDEV,2025-12-15,111436,1,4,0,197.0
10110031DEDEV_2025-12-15_G76,10110031DEDEV,2025-12-15,110755,1,4,0,92.0
10110031DEDEV_2025-12-15_G77,10110031DEDEV,2025-12-15,110376,1,8,0,175.0
10110031DEDEV_2025-12-15_G78,10110031DEDEV,2025-12-15,111438,1,6,0,37.0
10110031DEDEV_2025-12-16_G02,10110031DEDEV,2025-12-16,110895,1,2,0,255.0
10110031DEDEV_2025-12-16_G03,10110031DEDEV,2025-12-16,111172,1,4,0,602.0
10110031DEDEV_2025-12-16_G04,10110031DEDEV,2025-12-16,111463,2,54,12,94.0
10110031DEDEV_2025-12-16_G05,10110031DEDEV,2025-12-16,109645,2,4,15,53.0
10110031DEDEV_2025-12-16_G06,10110031DEDEV,2025-12-16,141456,1,20,0,179.0
10110031DEDEV_2025-12-16_G07,10110031DEDEV,2025-12-16,141456,2,8,14,67.0
10110031DEDEV_2025-12-16_G08,10110031DEDEV,2025-12-16,117785,1,4,0,150.0
10110031DEDEV_2025-12-16_G09,10110031DEDEV,2025-12-16,160055,1,10,0,259.0
10110031DEDEV_2025-12-16_G10,10110031DEDEV,2025-12-16,108711,1,3,0,63.0
10110031DEDEV_2025-12-16_G11,10110031DEDEV,2025-12-16,109641,1,4,0,87.0
10110031DEDEV_2025-12-16_G12,10110031DEDEV,2025-12-16,109641,2,2,11,31.0
10110031DEDEV_2025-12-16_G13,10110031DEDEV,2025-12-16,111433,1,2,0,90.0
10110031DEDEV_2025-12-16_G14,10110031DEDEV,2025-12-16,110745,1,8,0,170.0
10110031DEDEV_2025-12-16_G15,10110031DEDEV,2025-12-16,117831,1,3,0,74.0
10110031DEDEV_2025-12-16_G16,10110031DEDEV,2025-12-16,117831,1,5,0,65.0
10110031DEDEV_2025-12-16_G17,10110031DEDEV,2025-12-16,117831,1,13,0,116.0
10110031DEDEV_2025-12-16_G18,10110031DEDEV,2025-12-16,117831,2,9,10,759.0
10110031DEDEV_2025-12-16_G19,10110031DEDEV,2025-12-16,117831,1,2,0,47.0
10110031DEDEV_2025-12-16_G20,10110031DEDEV,2025-12-16,117787,1,2,0,215.0
10110031DEDEV_2025-12-16_G21,10110031DEDEV,2025-12-16,141458,1,16,0,85.0
10110031DEDEV_2025-12-16_G22,10110031DEDEV,2025-12-16,141457,4,26,77,78.0
10110031DEDEV_2025-12-16_G23,10110031DEDEV,2025-12-16,117821,2,4,12,46.0
10110031DEDEV_2025-12-16_G24,10110031DEDEV,2025-12-16,111466,1,16,0,179.0
10110031DEDEV_2025-12-16_G25,10110031DEDEV,2025-12-16,117785,2,44,10,968.0
10110031DEDEV_2025-12-16_G26,10110031DEDEV,2025-12-16,117809,1,4,0,117.0
10110031DEDEV_2025-12-16_G27,10110031DEDEV,2025-12-16,117809,1,9,0,41.0
10110031DEDEV_2025-12-16_G28,10110031DEDEV,2025-12-16,110371,4,26,36,61.0
10110031DEDEV_2025-12-16_G29,10110031DEDEV,2025-12-16,117822,1,6,0,328.0
10110031DEDEV_2025-12-16_G30,10110031DEDEV,2025-12-16,110372,2,32,16,141.0
10110031DEDEV_2025-12-16_G31,10110031DEDEV,2025-12-16,109643,1,8,0,168.0
10110031DEDEV_2025-12-16_G32,10110031DEDEV,2025-12-16,160054,1,2,0,141.0
10110031DEDEV_2025-12-16_G33,10110031DEDEV,2025-12-16,100334,1,4,0,105.0
10110031DEDEV_2025-12-16_G34,10110031DEDEV,2025-12-16,"140923, 117786",3,15,50,190.0
10110031DEDEV_2025-12-16_G35,10110031DEDEV,2025-12-16,109640,3,38,44,606.0
10110031DEDEV_2025-12-16_G36,10110031DEDEV,2025-12-16,111466,1,30,0,1035.0
10110031DEDEV_2025-12-16_G38,10110031DEDEV,2025-12-16,111438,1,12,0,105.0
10110031DEDEV_2025-12-16_G39,10110031DEDEV,2025-12-16,111569,1,14,0,147.0
10110031DEDEV_2025-12-16_G40,10110031DEDEV,2025-12-16,110755,1,8,0,228.0
10110031DEDEV_2025-12-16_G41,10110031DEDEV,2025-12-16,140923,1,4,0,435.0
10110031DEDEV_2025-12-16_G42,10110031DEDEV,2025-12-16,140922,1,5,0,88.0
10110031DEDEV_2025-12-16_G43,10110031DEDEV,2025-12-16,141456,1,4,0,110.0
10110031DEDEV_2025-12-16_G44,10110031DEDEV,2025-12-16,141047,1,6,0,222.0
10110031DEDEV_2025-12-16_G45,10110031DEDEV,2025-12-16,111530,1,2,0,63.0
10110031DEDEV_2025-12-16_G46,10110031DEDEV,2025-12-16,141457,1,2,0,279.0
10110031DEDEV_2025-12-16_G47,10110031DEDEV,2025-12-16,111466,1,4,0,92.0
10110031DEDEV_2025-12-16_G48,10110031DEDEV,2025-12-16,117830,1,2,0,112.0
10110031DEDEV_2025-12-16_G49,10110031DEDEV,2025-12-16,118299,1,6,0,102.0
10110031DEDEV_2025-12-16_G50,10110031DEDEV,2025-12-16,117808,1,14,0,148.0
10110031DEDEV_2025-12-16_G51,10110031DEDEV,2025-12-16,110373,1,6,0,91.0
10110031DEDEV_2025-12-16_G52,10110031DEDEV,2025-12-16,109640,1,36,0,621.0
10110031DEDEV_2025-12-16_G53,10110031DEDEV,2025-12-16,111532,1,4,0,254.0
10110031DEDEV_2025-12-16_G54,10110031DEDEV,2025-12-16,111441,1,5,0,129.0
10110031DEDEV_2025-12-16_G55,10110031DEDEV,2025-12-16,111532,1,6,0,258.0
10110031DEDEV_2025-12-16_G56,10110031DEDEV,2025-12-16,110373,1,16,0,367.0
10110031DEDEV_2025-12-16_G57,10110031DEDEV,2025-12-16,111532,1,6,0,296.0
10110031DEDEV_2025-12-16_G58,10110031DEDEV,2025-12-16,111532,1,2,0,148.0
10110031DEDEV_2025-12-16_G59,10110031DEDEV,2025-12-16,111462,1,4,0,104.0
10110031DEDEV_2025-12-16_G60,10110031DEDEV,2025-12-16,111441,1,12,0,54.0
10110031DEDEV_2025-12-16_G61,10110031DEDEV,2025-12-16,108794,1,15,0,2016.0
10110031DEDEV_2025-12-16_G62,10110031DEDEV,2025-12-16,108795,1,50,0,127.0
10110031DEDEV_2025-12-16_G63,10110031DEDEV,2025-12-16,117838,1,50,0,113.0
10110031DEDEV_2025-12-16_G64,10110031DEDEV,2025-12-16,111532,1,45,0,325.0
10110031DEDEV_2025-12-16_G65,10110031DEDEV,2025-12-16,111532,1,7,0,636.0
10110031DEDEV_2025-12-16_G66,10110031DEDEV,2025-12-16,141458,1,100,0,2028.0
10110031DEDEV_2025-12-16_G67,10110031DEDEV,2025-12-16,111468,1,28,0,493.0
10110031DEDEV_2025-12-16_G68,10110031DEDEV,2025-12-16,110743,1,70,0,547.0
10110031DEDEV_2025-12-17_G02,10110031DEDEV,2025-12-17,108711,1,20,0,255.0
10110031DEDEV_2025-12-17_G03,10110031DEDEV,2025-12-17,109641,1,3,0,231.0
10110031DEDEV_2025-12-17_G04,10110031DEDEV,2025-12-17,118140,1,120,0,541.0
10110031DEDEV_2025-12-17_G05,10110031DEDEV,2025-12-17,111463,1,60,0,239.0
10110031DEDEV_2025-12-17_G06,10110031DEDEV,2025-12-17,111418,1,60,0,407.0
10110031DEDEV_2025-12-17_G07,10110031DEDEV,2025-12-17,111743,1,80,0,776.0
10110031DEDEV_2025-12-17_G08,10110031DEDEV,2025-12-17,111532,1,60,0,389.0
10110031DEDEV_2025-12-17_G09,10110031DEDEV,2025-12-17,110375,1,18,0,373.0
10110031DEDEV_2025-12-17_G10,10110031DEDEV,2025-12-17,109643,1,4,0,89.0
10110031DEDEV_2025-12-17_G11,10110031DEDEV,2025-12-17,110373,1,23,0,137.0
10110031DEDEV_2025-12-17_G12,10110031DEDEV,2025-12-17,141202,1,40,0,335.0
10110031DEDEV_2025-12-17_G13,10110031DEDEV,2025-12-17,110372,1,100,0,508.0
10110031DEDEV_2025-12-17_G14,10110031DEDEV,2025-12-17,118222,1,100,0,1119.0
10110031DEDEV_2025-12-17_G15,10110031DEDEV,2025-12-17,108759,1,14,0,438.0
10110031DEDEV_2025-12-17_G16,10110031DEDEV,2025-12-17,110711,1,12,0,314.0
10110031DEDEV_2025-12-17_G17,10110031DEDEV,2025-12-17,110711,1,88,0,1049.0
10110031DEDEV_2025-12-17_G18,10110031DEDEV,2025-12-17,110325,1,1225,0,3048.0
10110031DEDEV_2025-12-17_G20,10110031DEDEV,2025-12-17,111602,1,21,0,273.0
10110031DEDEV_2025-12-17_G21,10110031DEDEV,2025-12-17,110733,1,15,0,165.0
10110031DEDEV_2025-12-17_G22,10110031DEDEV,2025-12-17,117853,1,10,0,492.0
10110031DEDEV_2025-12-17_G23,10110031DEDEV,2025-12-17,117853,1,4,0,138.0
10110031DEDEV_2025-12-17_G24,10110031DEDEV,2025-12-17,117855,1,11,0,313.0
10110031DEDEV_2025-12-17_G25,10110031DEDEV,2025-12-17,117862,1,20,0,748.0
10110031DEDEV_2025-12-17_G26,10110031DEDEV,2025-12-17,117935,1,7,0,144.0
10110031DEDEV_2025-12-17_G27,10110031DEDEV,2025-12-17,117856,1,14,0,127.0
10110031DEDEV_2025-12-17_G28,10110031DEDEV,2025-12-17,111530,1,25,0,517.0
10110031DEDEV_2025-12-17_G29,10110031DEDEV,2025-12-17,111463,1,21,0,431.0
10110031DEDEV_2025-12-17_G30,10110031DEDEV,2025-12-17,111463,1,4,0,44.0
10110031DEDEV_2025-12-17_G31,10110031DEDEV,2025-12-17,116241,1,4,0,165.0
10110031DEDEV_2025-12-17_G32,10110031DEDEV,2025-12-17,111743,1,11,0,345.0
10110031DEDEV_2025-12-17_G33,10110031DEDEV,2025-12-17,111743,1,8,0,89.0
10110031DEDEV_2025-12-17_G34,10110031DEDEV,2025-12-17,108711,1,11,0,164.0
10110031DEDEV_2025-12-17_G35,10110031DEDEV,2025-12-17,105705,1,4,0,128.0
10110031DEDEV_2025-12-17_G36,10110031DEDEV,2025-12-17,105705,1,4,0,56.0
10110031DEDEV_2025-12-17_G37,10110031DEDEV,2025-12-17,109645,1,8,0,308.0
10110031DEDEV_2025-12-17_G38,10110031DEDEV,2025-12-17,117831,1,10,0,84.0
10110031DEDEV_2025-12-17_G39,10110031DEDEV,2025-12-17,110740,1,8,0,127.0
10110031DEDEV_2025-12-17_G40,10110031DEDEV,2025-12-17,110740,1,4,0,43.0
10110031DEDEV_2025-12-17_G41,10110031DEDEV,2025-12-17,117808,1,37,0,239.0
10110031DEDEV_2025-12-17_G42,10110031DEDEV,2025-12-17,111418,2,44,8,892.0
10110031DEDEV_2025-12-17_G43,10110031DEDEV,2025-12-17,118140,1,31,0,232.0
10110031DEDEV_2025-12-17_G44,10110031DEDEV,2025-12-17,111348,1,4,0,466.0
10110031DEDEV_2025-12-17_G45,10110031DEDEV,2025-12-17,111172,1,18,0,456.0
10110031DEDEV_2025-12-17_G47,10110031DEDEV,2025-12-17,111530,1,10,0,195.0
10110031DEDEV_2025-12-17_G48,10110031DEDEV,2025-12-17,118140,1,23,0,214.0
10110031DEDEV_2025-12-17_G49,10110031DEDEV,2025-12-17,110740,1,12,0,123.0
10110031DEDEV_2025-12-17_G50,10110031DEDEV,2025-12-17,111569,1,2,0,514.0
10110031DEDEV_2025-12-17_G51,10110031DEDEV,2025-12-17,140923,1,6,0,90.0
10110031DEDEV_2025-12-17_G52,10110031DEDEV,2025-12-17,117856,1,2,0,45.0
10110031DEDEV_2025-12-17_G53,10110031DEDEV,2025-12-17,111465,1,2,0,82.0
10110031DEDEV_2025-12-17_G54,10110031DEDEV,2025-12-17,111463,1,2,0,49.0
10110031DEDEV_2025-12-17_G55,10110031DEDEV,2025-12-17,140922,1,1,0,56.0
10110031DEDEV_2025-12-17_G56,10110031DEDEV,2025-12-17,141456,1,12,0,123.0
10110031DEDEV_2025-12-17_G57,10110031DEDEV,2025-12-17,117785,1,24,0,149.0
10110031DEDEV_2025-12-18_G02,10110031DEDEV,2025-12-18,110895,1,2,0,105.0
10110031DEDEV_2025-12-18_G03,10110031DEDEV,2025-12-18,111655,1,2,0,54.0
10110031DEDEV_2025-12-18_G04,10110031DEDEV,2025-12-18,109641,1,2,0,130.0
10110031DEDEV_2025-12-18_G05,10110031DEDEV,2025-12-18,111433,1,3,0,69.0
10110031DEDEV_2025-12-18_G06,10110031DEDEV,2025-12-18,117787,1,4,0,129.0
10110031DEDEV_2025-12-18_G07,10110031DEDEV,2025-12-18,117840,1,2,0,504.0
10110031DEDEV_2025-12-18_G08,10110031DEDEV,2025-12-18,109643,1,3,0,65.0
10110031DEDEV_2025-12-18_G09,10110031DEDEV,2025-12-18,110325,1,2,0,68.0
10110031DEDEV_2025-12-18_G10,10110031DEDEV,2025-12-18,110747,1,2,0,180.0
10110031DEDEV_2025-12-18_G11,10110031DEDEV,2025-12-18,117862,1,4,0,167.0
10110031DEDEV_2025-12-18_G12,10110031DEDEV,2025-12-18,111466,1,10,0,140.0
10110031DEDEV_2025-12-18_G13,10110031DEDEV,2025-12-18,118140,1,14,0,234.0
10110031DEDEV_2025-12-18_G14,10110031DEDEV,2025-12-18,118299,1,70,0,874.0
10110031DEDEV_2025-12-18_G15,10110031DEDEV,2025-12-18,118269,1,2,0,1913.0
10110031DEDEV_2025-12-18_G16,10110031DEDEV,2025-12-18,111530,1,5,0,591.0
10110031DEDEV_2025-12-18_G17,10110031DEDEV,2025-12-18,111530,1,9,0,79.0
10110031DEDEV_2025-12-18_G18,10110031DEDEV,2025-12-18,117862,1,6,0,141.0
10110031DEDEV_2025-12-18_G19,10110031DEDEV,2025-12-18,141823,1,6,0,579.0
10110031DEDEV_2025-12-18_G20,10110031DEDEV,2025-12-18,117830,1,6,0,78.0
10110031DEDEV_2025-12-18_G21,10110031DEDEV,2025-12-18,110841,1,1,0,523.0
10110031DEDEV_2025-12-18_G22,10110031DEDEV,2025-12-18,141916,1,8,0,132.0
10110031DEDEV_2025-12-18_G23,10110031DEDEV,2025-12-18,117935,1,3,0,99.0
10110031DEDEV_2025-12-18_G24,10110031DEDEV,2025-12-18,140923,1,11,0,86.0
10110031DEDEV_2025-12-18_G25,10110031DEDEV,2025-12-18,111602,1,8,0,101.0
10110031DEDEV_2025-12-18_G26,10110031DEDEV,2025-12-18,111602,1,4,0,47.0
10110031DEDEV_2025-12-18_G27,10110031DEDEV,2025-12-18,141047,1,12,0,360.0
10110031DEDEV_2025-12-18_G28,10110031DEDEV,2025-12-18,108361,1,3,0,104.0
10110031DEDEV_2025-12-18_G29,10110031DEDEV,2025-12-18,140922,1,2,0,122.0
10110031DEDEV_2025-12-18_G30,10110031DEDEV,2025-12-18,141456,1,4,0,81.0
10110031DEDEV_2025-12-18_G31,10110031DEDEV,2025-12-18,111743,1,8,0,79.0
10110031DEDEV_2025-12-18_G32,10110031DEDEV,2025-12-18,117838,1,1,0,79.0
10110031DEDEV_2025-12-18_G33,10110031DEDEV,2025-12-18,110332,1,1,0,66.0
10110031DEDEV_2025-12-18_G34,10110031DEDEV,2025-12-18,110375,1,2,0,155.0
10110031DEDEV_2025-12-18_G36,10110031DEDEV,2025-12-18,160055,1,4,0,151.0
10110031DEDEV_2025-12-18_G37,10110031DEDEV,2025-12-18,160051,1,4,0,142.0
10110031DEDEV_2025-12-18_G38,10110031DEDEV,2025-12-18,110373,1,4,0,109.0
10110031DEDEV_2025-12-18_G39,10110031DEDEV,2025-12-18,160054,1,4,0,165.0
10110031DEDEV_2025-12-18_G40,10110031DEDEV,2025-12-18,140923,1,4,0,121.0
10110031DEDEV_2025-12-18_G41,10110031DEDEV,2025-12-18,108798,1,8,0,395.0
10110031DEDEV_2025-12-18_G42,10110031DEDEV,2025-12-18,140923,1,4,0,475.0
10110031DEDEV_2025-12-18_G43,10110031DEDEV,2025-12-18,111441,1,2,0,225.0
10110031DEDEV_2025-12-18_G44,10110031DEDEV,2025-12-18,111172,2,12,19,180.0
10110031DEDEV_2025-12-18_G45,10110031DEDEV,2025-12-18,111418,1,4,0,382.0
10110031DEDEV_2025-12-18_G46,10110031DEDEV,2025-12-18,"117821, 110373",2,6,24,231.0
10110031DEDEV_2025-12-18_G47,10110031DEDEV,2025-12-18,140922,1,4,0,497.0
10110031DEDEV_2025-12-18_G48,10110031DEDEV,2025-12-18,118140,1,4,0,107.0
10110031DEDEV_2025-12-18_G49,10110031DEDEV,2025-12-18,110711,2,5,13,926.0
10110031DEDEV_2025-12-18_G50,10110031DEDEV,2025-12-18,"117831, 141823",2,22,25,324.0
10110031DEDEV_2025-12-18_G51,10110031DEDEV,2025-12-18,140923,1,4,0,103.0
10110031DEDEV_2025-12-18_G52,10110031DEDEV,2025-12-18,111743,1,6,0,126.0
10110031DEDEV_2025-12-18_G53,10110031DEDEV,2025-12-18,118140,1,8,0,125.0
10110031DEDEV_2025-12-18_G54,10110031DEDEV,2025-12-18,"108795, 111743",2,18,12,518.0
10110031DEDEV_2025-12-18_G55,10110031DEDEV,2025-12-18,118140,1,14,0,48.0
10110031DEDEV_2025-12-18_G56,10110031DEDEV,2025-12-18,111469,1,4,0,2245.0
10110031DEDEV_2025-12-18_G57,10110031DEDEV,2025-12-18,111532,1,2,0,138.0
10110031DEDEV_2025-12-18_G58,10110031DEDEV,2025-12-18,117862,1,6,0,94.0
10110031DEDEV_2025-12-18_G59,10110031DEDEV,2025-12-18,108772,1,1,0,43.0
10110031DEDEV_2025-12-18_G60,10110031DEDEV,2025-12-18,108798,1,4,0,293.0
10110031DEDEV_2025-12-18_G61,10110031DEDEV,2025-12-18,118418,1,8,0,274.0
10110031DEDEV_2025-12-18_G62,10110031DEDEV,2025-12-18,111532,1,6,0,174.0
10110031DEDEV_2025-12-18_G63,10110031DEDEV,2025-12-18,110374,1,2,0,209.0
10110031DEDEV_2025-12-18_G64,10110031DEDEV,2025-12-18,117830,1,7,0,93.0
10110031DEDEV_2025-12-18_G65,10110031DEDEV,2025-12-18,110376,1,3,0,42.0
10110031DEDEV_2025-12-18_G66,10110031DEDEV,2025-12-18,117820,1,38,0,151.0
10110031DEDEV_2025-12-18_G67,10110031DEDEV,2025-12-18,110325,1,2,0,93.0
10110031DEDEV_2025-12-18_G68,10110031DEDEV,2025-12-18,117808,1,7,0,69.0
10110031DEDEV_2025-12-18_G69,10110031DEDEV,2025-12-18,110373,1,2,0,453.0
10110031DEDEV_2025-12-18_G70,10110031DEDEV,2025-12-18,110373,1,30,0,57.0
10110031DEDEV_2025-12-18_G71,10110031DEDEV,2025-12-18,110373,1,18,0,73.0
10110031DEDEV_2025-12-18_G72,10110031DEDEV,2025-12-18,118299,1,65,0,538.0
10110031DEDEV_2025-12-19_G02,10110031DEDEV,2025-12-19,110373,1,25,0,628.0
10110031DEDEV_2025-12-19_G03,10110031DEDEV,2025-12-19,117830,1,20,0,45.0
10110031DEDEV_2025-12-19_G04,10110031DEDEV,2025-12-19,"110373, 117820",2,87,27,910.0
10110031DEDEV_2025-12-19_G05,10110031DEDEV,2025-12-19,140911,1,4,0,159.0
10110031DEDEV_2025-12-19_G06,10110031DEDEV,2025-12-19,111602,1,20,0,228.0
10110031DEDEV_2025-12-19_G07,10110031DEDEV,2025-12-19,111441,1,1,0,354.0
10110031DEDEV_2025-12-19_G08,10110031DEDEV,2025-12-19,111441,1,10,0,64.0
10110031DEDEV_2025-12-19_G09,10110031DEDEV,2025-12-19,111465,1,2,0,149.0
10110031DEDEV_2025-12-19_G10,10110031DEDEV,2025-12-19,111469,1,15,0,158.0
10110031DEDEV_2025-12-19_G11,10110031DEDEV,2025-12-19,117820,1,10,0,142.0
10110031DEDEV_2025-12-19_G12,10110031DEDEV,2025-12-19,118299,1,30,0,355.0
10110031DEDEV_2025-12-19_G13,10110031DEDEV,2025-12-19,111469,1,8,0,556.0
10110031DEDEV_2025-12-19_G14,10110031DEDEV,2025-12-19,117820,1,11,0,137.0
10110031DEDEV_2025-12-19_G15,10110031DEDEV,2025-12-19,118299,1,20,0,129.0
10110031DEDEV_2025-12-19_G16,10110031DEDEV,2025-12-19,111602,1,7,0,161.0
10110031DEDEV_2025-12-19_G17,10110031DEDEV,2025-12-19,117856,1,6,0,143.0
10110031DEDEV_2025-12-19_G18,10110031DEDEV,2025-12-19,111602,1,4,0,88.0
10110031DEDEV_2025-12-19_G19,10110031DEDEV,2025-12-19,117786,1,3,0,59.0
10110031DEDEV_2025-12-19_G20,10110031DEDEV,2025-12-19,141457,1,8,0,401.0
10110031DEDEV_2025-12-19_G21,10110031DEDEV,2025-12-19,117862,1,4,0,245.0
10110031DEDEV_2025-12-19_G22,10110031DEDEV,2025-12-19,141823,1,2,0,92.0
10110031DEDEV_2025-12-19_G23,10110031DEDEV,2025-12-19,117787,1,2,0,120.0
10110031DEDEV_2025-12-19_G24,10110031DEDEV,2025-12-19,117785,1,4,0,185.0
10110031DEDEV_2025-12-19_G25,10110031DEDEV,2025-12-19,117830,1,4,0,103.0
10110031DEDEV_2025-12-19_G26,10110031DEDEV,2025-12-19,108711,1,1,0,304.0
10110031DEDEV_2025-12-19_G27,10110031DEDEV,2025-12-19,111602,1,1,0,77.0
10110031DEDEV_2025-12-19_G28,10110031DEDEV,2025-12-19,141352,1,2,0,51.0
10110031DEDEV_2025-12-19_G29,10110031DEDEV,2025-12-19,111444,1,2,0,101.0
10110031DEDEV_2025-12-19_G30,10110031DEDEV,2025-12-19,117831,1,4,0,61.0
10110031DEDEV_2025-12-19_G31,10110031DEDEV,2025-12-19,117821,1,1,0,75.0
10110031DEDEV_2025-12-19_G32,10110031DEDEV,2025-12-19,"110371, 117820",2,5,15,186.0
10110031DEDEV_2025-12-19_G33,10110031DEDEV,2025-12-19,108795,1,4,0,126.0
10110031DEDEV_2025-12-19_G34,10110031DEDEV,2025-12-19,111463,1,2,0,44.0
10110031DEDEV_2025-12-19_G35,10110031DEDEV,2025-12-19,117785,1,4,0,76.0
10110031DEDEV_2025-12-19_G36,10110031DEDEV,2025-12-19,108711,1,2,0,73.0
10110031DEDEV_2025-12-19_G37,10110031DEDEV,2025-12-19,117787,1,2,0,97.0
10110031DEDEV_2025-12-19_G38,10110031DEDEV,2025-12-19,111468,1,2,0,106.0
10110031DEDEV_2025-12-19_G39,10110031DEDEV,2025-12-19,141458,1,4,0,50.0
10110031DEDEV_2025-12-19_G40,10110031DEDEV,2025-12-19,140923,1,4,0,134.0
10110031DEDEV_2025-12-19_G41,10110031DEDEV,2025-12-19,117856,1,1,0,41.0
10110031DEDEV_2025-12-19_G42,10110031DEDEV,2025-12-19,117786,1,2,0,76.0
10110031DEDEV_2025-12-19_G43,10110031DEDEV,2025-12-19,117862,1,4,0,157.0
10110031DEDEV_2025-12-19_G44,10110031DEDEV,2025-12-19,117837,1,4,0,107.0
10110031DEDEV_2025-12-19_G45,10110031DEDEV,2025-12-19,117830,1,1,0,315.0
10110031DEDEV_2025-12-19_G46,10110031DEDEV,2025-12-19,"111463, 108711, 141823",3,6,31,76.0
10110031DEDEV_2025-12-19_G47,10110031DEDEV,2025-12-19,118140,1,4,0,333.0
10110031DEDEV_2025-12-19_G48,10110031DEDEV,2025-12-19,111468,1,2,0,126.0
10110031DEDEV_2025-12-19_G49,10110031DEDEV,2025-12-19,141458,1,4,0,47.0
10110031DEDEV_2025-12-19_G50,10110031DEDEV,2025-12-19,117786,1,2,0,119.0
10110031DEDEV_2025-12-19_G51,10110031DEDEV,2025-12-19,117830,1,4,0,88.0
10110031DEDEV_2025-12-19_G52,10110031DEDEV,2025-12-19,110375,1,2,0,165.0
10110031DEDEV_2025-12-19_G53,10110031DEDEV,2025-12-19,110895,1,1,0,99.0
10110031DEDEV_2025-12-19_G54,10110031DEDEV,2025-12-19,117856,1,2,0,102.0
10110031DEDEV_2025-12-19_G55,10110031DEDEV,2025-12-19,117786,1,1,0,123.0
10110031DEDEV_2025-12-19_G56,10110031DEDEV,2025-12-19,118140,1,1,0,130.0
10110031DEDEV_2025-12-19_G57,10110031DEDEV,2025-12-19,110740,1,2,0,38.0
10110031DEDEV_2025-12-19_G58,10110031DEDEV,2025-12-19,111466,1,4,0,190.0
10110031DEDEV_2025-12-19_G59,10110031DEDEV,2025-12-19,141823,1,2,0,495.0
10110031DEDEV_2025-12-19_G60,10110031DEDEV,2025-12-19,110375,1,4,0,323.0
10110031DEDEV_2025-12-19_G61,10110031DEDEV,2025-12-19,117785,1,4,0,117.0
10110031DEDEV_2025-12-19_G62,10110031DEDEV,2025-12-19,140923,1,4,0,50.0
10110031DEDEV_2025-12-19_G63,10110031DEDEV,2025-12-19,117856,1,2,0,57.0
10110031DEDEV_2025-12-19_G64,10110031DEDEV,2025-12-19,141823,1,2,0,113.0
10110031DEDEV_2025-12-19_G65,10110031DEDEV,2025-12-19,111466,1,4,0,112.0
10110031DEDEV_2025-12-20_G02,10110031DEDEV,2025-12-20,108711,1,850,0,985.0
10110031DEDEV_2025-12-20_G03,10110031DEDEV,2025-12-20,111655,1,7,0,1218.0
10110031DEDEV_2025-12-20_G04,10110031DEDEV,2025-12-20,111438,1,12,0,328.0
10110031DEDEV_2025-12-20_G05,10110031DEDEV,2025-12-20,111436,1,10,0,168.0
10110031DEDEV_2025-12-20_G06,10110031DEDEV,2025-12-20,110623,1,19,0,154.0
10110031DEDEV_2025-12-20_G07,10110031DEDEV,2025-12-20,117834,1,5,0,148.0
10110031DEDEV_2025-12-20_G08,10110031DEDEV,2025-12-20,110755,1,20,0,345.0
10110031DEDEV_2025-12-20_G09,10110031DEDEV,2025-12-20,100334,1,15,0,454.0
10110031DEDEV_2025-12-20_G10,10110031DEDEV,2025-12-20,111569,1,20,0,435.0
10110031DEDEV_2025-12-20_G11,10110031DEDEV,2025-12-20,111876,1,19,0,140.0
10110031DEDEV_2025-12-20_G12,10110031DEDEV,2025-12-20,117935,1,15,0,153.0
10110031DEDEV_2025-12-20_G13,10110031DEDEV,2025-12-20,117856,1,30,0,612.0
10110031DEDEV_2025-12-20_G14,10110031DEDEV,2025-12-20,141047,1,30,0,344.0
10110031DEDEV_2025-12-20_G15,10110031DEDEV,2025-12-20,110339,1,21,0,601.0
10110031DEDEV_2025-12-20_G16,10110031DEDEV,2025-12-20,109640,1,24,0,563.0
10110031DEDEV_2025-12-20_G17,10110031DEDEV,2025-12-20,117862,1,45,0,613.0
10110031DEDEV_2025-12-21_G02,10110031DEDEV,2025-12-21,111418,1,12,0,275.0
10110031DEDEV_2025-12-21_G03,10110031DEDEV,2025-12-21,111743,1,10,0,140.0
10110031DEDEV_2025-12-21_G04,10110031DEDEV,2025-12-21,117785,1,28,0,164.0
10110031DEDEV_2025-12-21_G05,10110031DEDEV,2025-12-21,117838,1,8,0,152.0
10110031DEDEV_2025-12-21_G06,10110031DEDEV,2025-12-21,117838,1,4,0,41.0
10110031DEDEV_2025-12-21_G07,10110031DEDEV,2025-12-21,108711,1,8,0,134.0
10110031DEDEV_2025-12-21_G08,10110031DEDEV,2025-12-21,117787,1,5,0,304.0
10110031DEDEV_2025-12-21_G09,10110031DEDEV,2025-12-21,117787,1,10,0,69.0
10110031DEDEV_2025-12-21_G10,10110031DEDEV,2025-12-21,141457,1,48,0,243.0
10110031DEDEV_2025-12-21_G11,10110031DEDEV,2025-12-21,141458,1,10,0,149.0
10110031DEDEV_2025-12-21_G12,10110031DEDEV,2025-12-21,110376,1,12,0,170.0
10110031DEDEV_2025-12-21_G13,10110031DEDEV,2025-12-21,117832,1,4,0,107.0
10110031DEDEV_2025-12-21_G14,10110031DEDEV,2025-12-21,117808,1,16,0,378.0
10110031DEDEV_2025-12-21_G15,10110031DEDEV,2025-12-21,141202,1,6,0,86.0
10110031DEDEV_2025-12-21_G16,10110031DEDEV,2025-12-21,111602,1,28,0,1515.0
10110031DEDEV_2025-12-21_G17,10110031DEDEV,2025-12-21,110753,2,6,30,203.0
10110031DEDEV_2025-12-21_G18,10110031DEDEV,2025-12-21,111530,1,15,0,163.0
10110031DEDEV_2025-12-21_G19,10110031DEDEV,2025-12-21,111353,2,4,30,70.0
10110031DEDEV_2025-12-21_G20,10110031DEDEV,2025-12-21,111353,1,8,0,164.0
10110031DEDEV_2025-12-21_G21,10110031DEDEV,2025-12-21,140922,1,6,0,1553.0
10110031DEDEV_2025-12-21_G22,10110031DEDEV,2025-12-21,110743,1,2,0,116.0
10110031DEDEV_2025-12-21_G23,10110031DEDEV,2025-12-21,111743,1,2,0,71.0
10110031DEDEV_2025-12-21_G24,10110031DEDEV,2025-12-21,111433,1,1,0,141.0
10110031DEDEV_2025-12-21_G25,10110031DEDEV,2025-12-21,117831,1,2,0,100.0
10110031DEDEV_2025-12-21_G26,10110031DEDEV,2025-12-21,108711,1,4,0,88.0
10110031DEDEV_2025-12-21_G27,10110031DEDEV,2025-12-21,111466,1,31,0,300.0
10110031DEDEV_2025-12-21_G28,10110031DEDEV,2025-12-21,117821,2,10,28,91.0
10110031DEDEV_2025-12-21_G29,10110031DEDEV,2025-12-21,111468,1,3,0,542.0
10110031DEDEV_2025-12-21_G30,10110031DEDEV,2025-12-21,117854,1,4,0,117.0
10110031DEDEV_2025-12-21_G31,10110031DEDEV,2025-12-21,111602,1,4,0,219.0
10110031DEDEV_2025-12-21_G32,10110031DEDEV,2025-12-21,109640,1,23,0,583.0
10110031DEDEV_2025-12-21_G33,10110031DEDEV,2025-12-21,117830,1,13,0,377.0
10110031DEDEV_2025-12-21_G34,10110031DEDEV,2025-12-21,117808,1,28,0,242.0
10110031DEDEV_2025-12-21_G35,10110031DEDEV,2025-12-21,117808,2,155,14,52.0
10110031DEDEV_2025-12-22_G02,10110031DEDEV,2025-12-22,117935,1,1,0,677.0
10110031DEDEV_2025-12-22_G03,10110031DEDEV,2025-12-22,117935,1,8,0,48.0
10110031DEDEV_2025-12-22_G04,10110031DEDEV,2025-12-22,111530,1,4,0,129.0
10110031DEDEV_2025-12-22_G05,10110031DEDEV,2025-12-22,111530,1,4,0,75.0
10110031DEDEV_2025-12-22_G06,10110031DEDEV,2025-12-22,111530,1,4,0,54.0
10110031DEDEV_2025-12-22_G07,10110031DEDEV,2025-12-22,111530,1,8,0,73.0
10110031DEDEV_2025-12-22_G08,10110031DEDEV,2025-12-22,111530,1,8,0,104.0
10110031DEDEV_2025-12-22_G09,10110031DEDEV,2025-12-22,111418,1,4,0,230.0
10110031DEDEV_2025-12-22_G10,10110031DEDEV,2025-12-22,111418,1,6,0,34.0
10110031DEDEV_2025-12-22_G11,10110031DEDEV,2025-12-22,111418,1,8,0,52.0
10110031DEDEV_2025-12-22_G12,10110031DEDEV,2025-12-22,111469,1,2,0,133.0
10110031DEDEV_2025-12-22_G13,10110031DEDEV,2025-12-22,111469,1,8,0,59.0
10110031DEDEV_2025-12-22_G14,10110031DEDEV,2025-12-22,110373,1,12,0,540.0
10110031DEDEV_2025-12-22_G15,10110031DEDEV,2025-12-22,110373,1,8,0,50.0
10110031DEDEV_2025-12-22_G16,10110031DEDEV,2025-12-22,110373,1,8,0,57.0
10110031DEDEV_2025-12-22_G17,10110031DEDEV,2025-12-22,110373,1,12,0,80.0
10110031DEDEV_2025-12-22_G18,10110031DEDEV,2025-12-22,111330,1,4,0,913.0
10110031DEDEV_2025-12-22_G19,10110031DEDEV,2025-12-22,118222,1,2,0,1894.0
10110031DEDEV_2025-12-22_G20,10110031DEDEV,2025-12-22,111876,1,4,0,83.0
10110031DEDEV_2025-12-22_G21,10110031DEDEV,2025-12-22,111602,1,2,0,81.0
10110031DEDEV_2025-12-22_G22,10110031DEDEV,2025-12-22,111530,1,1,0,125.0
10110031DEDEV_2025-12-22_G23,10110031DEDEV,2025-12-22,109640,1,1,0,149.0
10110031DEDEV_2025-12-22_G24,10110031DEDEV,2025-12-22,140922,1,2,0,134.0
10110031DEDEV_2025-12-22_G25,10110031DEDEV,2025-12-22,111743,1,1,0,87.0
10110031DEDEV_2025-12-22_G26,10110031DEDEV,2025-12-22,117831,1,1,0,143.0
10110031DEDEV_2025-12-22_G27,10110031DEDEV,2025-12-22,110740,1,1,0,97.0
10110031DEDEV_2025-12-22_G28,10110031DEDEV,2025-12-22,141457,1,5,0,78.0
10110031DEDEV_2025-12-22_G29,10110031DEDEV,2025-12-22,117809,1,2,0,174.0
10110031DEDEV_2025-12-22_G30,10110031DEDEV,2025-12-22,117808,1,10,0,245.0
10110031DEDEV_2025-12-22_G31,10110031DEDEV,2025-12-22,111530,1,4,0,673.0
10110031DEDEV_2025-12-22_G32,10110031DEDEV,2025-12-22,140922,1,5,0,154.0
10110031DEDEV_2025-12-22_G33,10110031DEDEV,2025-12-22,110711,1,1,0,400.0
10110031DEDEV_2025-12-22_G34,10110031DEDEV,2025-12-22,141916,1,4,0,399.0
10110031DEDEV_2025-12-22_G35,10110031DEDEV,2025-12-22,111440,1,1,0,75.0
10110031DEDEV_2025-12-22_G36,10110031DEDEV,2025-12-22,117786,1,2,0,136.0
10110031DEDEV_2025-12-22_G37,10110031DEDEV,2025-12-22,117862,1,2,0,262.0
10110031DEDEV_2025-12-22_G38,10110031DEDEV,2025-12-22,109640,1,4,0,61.0
10110031DEDEV_2025-12-22_G40,10110031DEDEV,2025-12-22,110755,1,2,0,199.0
10110031DEDEV_2025-12-22_G41,10110031DEDEV,2025-12-22,118222,1,8,0,111.0
10110031DEDEV_2025-12-22_G42,10110031DEDEV,2025-12-22,111469,1,9,0,181.0
10110031DEDEV_2025-12-22_G43,10110031DEDEV,2025-12-22,110339,1,2,0,128.0
10110031DEDEV_2025-12-22_G44,10110031DEDEV,2025-12-22,111418,1,23,0,343.0
10110031DEDEV_2025-12-22_G45,10110031DEDEV,2025-12-22,117808,1,17,0,209.0
10110031DEDEV_2025-12-22_G46,10110031DEDEV,2025-12-22,110339,1,4,0,223.0
10110031DEDEV_2025-12-22_G47,10110031DEDEV,2025-12-22,110711,1,4,0,79.0
10110031DEDEV_2025-12-22_G48,10110031DEDEV,2025-12-22,111532,1,21,0,210.0
10110031DEDEV_2025-12-22_G49,10110031DEDEV,2025-12-22,111722,1,14,0,364.0
10110031DEDEV_2025-12-22_G50,10110031DEDEV,2025-12-22,111418,1,13,0,413.0
10110031DEDEV_2025-12-22_G51,10110031DEDEV,2025-12-22,110371,1,8,0,205.0
10110031DEDEV_2025-12-22_G52,10110031DEDEV,2025-12-22,110373,1,5,0,148.0
10110031DEDEV_2025-12-22_G53,10110031DEDEV,2025-12-22,117861,1,6,0,190.0
10110031DEDEV_2025-12-22_G54,10110031DEDEV,2025-12-22,111438,1,8,0,321.0
10110031DEDEV_2025-12-22_G55,10110031DEDEV,2025-12-22,111530,1,4,0,122.0
10110031DEDEV_2025-12-22_G56,10110031DEDEV,2025-12-22,109647,1,4,0,130.0
10110031DEDEV_2025-12-22_G57,10110031DEDEV,2025-12-22,117854,1,4,0,148.0
10110031DEDEV_2025-12-22_G58,10110031DEDEV,2025-12-22,111465,1,2,0,268.0
10110031DEDEV_2025-12-22_G59,10110031DEDEV,2025-12-22,111876,1,1,0,422.0
10110031DEDEV_2025-12-22_G60,10110031DEDEV,2025-12-22,111466,1,2,0,299.0
10110031DEDEV_2025-12-22_G61,10110031DEDEV,2025-12-22,110740,1,9,0,686.0
10110031DEDEV_2025-12-22_G62,10110031DEDEV,2025-12-22,141457,1,20,0,176.0
10110031DEDEV_2025-12-22_G63,10110031DEDEV,2025-12-22,117821,1,10,0,116.0
10110031DEDEV_2025-12-22_G64,10110031DEDEV,2025-12-22,141456,1,20,0,288.0
10110031DEDEV_2025-12-22_G65,10110031DEDEV,2025-12-22,110332,1,3,0,107.0
10110031DEDEV_2025-12-22_G66,10110031DEDEV,2025-12-22,110372,1,10,0,156.0
10110031DEDEV_2025-12-22_G67,10110031DEDEV,2025-12-22,109645,1,10,0,206.0
10110031DEDEV_2025-12-22_G68,10110031DEDEV,2025-12-22,110711,1,80,0,589.0
10110031DEDEV_2025-12-22_G69,10110031DEDEV,2025-12-22,105705,1,4,0,652.0
10110031DEDEV_2025-12-22_G70,10110031DEDEV,2025-12-22,117787,1,22,0,340.0
10110031DEDEV_2025-12-22_G71,10110031DEDEV,2025-12-22,110740,1,201,0,857.0
10110031DEDEV_2025-12-22_G72,10110031DEDEV,2025-12-22,141457,1,5,0,170.0
10110031DEDEV_2025-12-22_G73,10110031DEDEV,2025-12-22,108711,1,15,0,292.0
10110031DEDEV_2025-12-22_G75,10110031DEDEV,2025-12-22,117820,1,8,0,162.0
10110031DEDEV_2025-12-22_G76,10110031DEDEV,2025-12-22,111469,1,2,0,123.0
10110031DEDEV_2025-12-23_G02,10110031DEDEV,2025-12-23,118299,1,21,0,275.0
10110031DEDEV_2025-12-23_G03,10110031DEDEV,2025-12-23,117833,1,4,0,714.0
10110031DEDEV_2025-12-23_G04,10110031DEDEV,2025-12-23,117820,1,12,0,185.0
10110031DEDEV_2025-12-23_G05,10110031DEDEV,2025-12-23,111462,1,2,0,136.0
10110031DEDEV_2025-12-23_G06,10110031DEDEV,2025-12-23,117833,1,6,0,124.0
10110031DEDEV_2025-12-23_G07,10110031DEDEV,2025-12-23,111469,1,4,0,95.0
10110031DEDEV_2025-12-23_G08,10110031DEDEV,2025-12-23,117820,1,2,0,269.0
10110031DEDEV_2025-12-23_G09,10110031DEDEV,2025-12-23,110373,1,20,0,199.0
10110031DEDEV_2025-12-23_G10,10110031DEDEV,2025-12-23,117820,1,12,0,639.0
10110031DEDEV_2025-12-23_G11,10110031DEDEV,2025-12-23,110373,1,7,0,169.0
10110031DEDEV_2025-12-23_G12,10110031DEDEV,2025-12-23,117833,1,2,0,220.0
10110031DEDEV_2025-12-23_G13,10110031DEDEV,2025-12-23,"118299, 117820",2,36,23,627.0
10110031DEDEV_2025-12-23_G14,10110031DEDEV,2025-12-23,111441,1,2,0,1092.0
10110031DEDEV_2025-12-23_G15,10110031DEDEV,2025-12-23,111441,1,3,0,41.0
10110031DEDEV_2025-12-23_G16,10110031DEDEV,2025-12-23,111462,1,8,0,133.0
10110031DEDEV_2025-12-23_G17,10110031DEDEV,2025-12-23,111469,1,4,0,164.0
10110031DEDEV_2025-12-23_G18,10110031DEDEV,2025-12-23,111469,1,4,0,61.0
10110031DEDEV_2025-12-23_G19,10110031DEDEV,2025-12-23,117820,1,13,0,152.0
10110031DEDEV_2025-12-23_G20,10110031DEDEV,2025-12-23,118299,1,22,0,374.0
10110031DEDEV_2025-12-23_G21,10110031DEDEV,2025-12-23,117833,1,2,0,1823.0
10110031DEDEV_2025-12-23_G22,10110031DEDEV,2025-12-23,111469,1,10,0,275.0
10110031DEDEV_2025-12-23_G23,10110031DEDEV,2025-12-23,117820,1,5,0,148.0
10110031DEDEV_2025-12-23_G24,10110031DEDEV,2025-12-23,110373,1,14,0,261.0
10110031DEDEV_2025-12-23_G25,10110031DEDEV,2025-12-23,111462,1,2,0,312.0
10110031DEDEV_2025-12-23_G26,10110031DEDEV,2025-12-23,117785,1,6,0,109.0
10110031DEDEV_2025-12-23_G27,10110031DEDEV,2025-12-23,110372,1,30,0,221.0
10110031DEDEV_2025-12-23_G28,10110031DEDEV,2025-12-23,"110371, 117820",2,18,26,155.0
10110031DEDEV_2025-12-23_G30,10110031DEDEV,2025-12-23,140923,1,2,0,44.0
10110031DEDEV_2025-12-23_G31,10110031DEDEV,2025-12-23,117856,1,6,0,63.0
10110031DEDEV_2025-12-23_G32,10110031DEDEV,2025-12-23,117862,1,2,0,241.0
10110031DEDEV_2025-12-23_G33,10110031DEDEV,2025-12-23,109640,1,4,0,92.0
10110031DEDEV_2025-12-23_G34,10110031DEDEV,2025-12-23,110372,1,34,0,751.0
10110031DEDEV_2025-12-23_G35,10110031DEDEV,2025-12-23,117809,1,6,0,69.0
10110031DEDEV_2025-12-23_G36,10110031DEDEV,2025-12-23,109648,1,2,0,64.0
10110031DEDEV_2025-12-23_G37,10110031DEDEV,2025-12-23,117820,1,6,0,168.0
10110031DEDEV_2025-12-23_G38,10110031DEDEV,2025-12-23,117832,1,5,0,343.0
10110031DEDEV_2025-12-23_G39,10110031DEDEV,2025-12-23,118299,1,30,0,264.0
10110031DEDEV_2025-12-23_G40,10110031DEDEV,2025-12-23,110373,1,8,0,341.0
10110031DEDEV_2025-12-23_G41,10110031DEDEV,2025-12-23,117808,1,24,0,269.0
10110031DEDEV_2025-12-23_G42,10110031DEDEV,2025-12-23,110339,1,4,0,619.0
10110031DEDEV_2025-12-23_G43,10110031DEDEV,2025-12-23,111530,1,6,0,51.0
10110031DEDEV_2025-12-23_G44,10110031DEDEV,2025-12-23,111569,1,2,0,683.0
10110031DEDEV_2025-12-23_G45,10110031DEDEV,2025-12-23,111438,1,4,0,135.0
10110031DEDEV_2025-12-23_G46,10110031DEDEV,2025-12-23,110895,1,2,0,116.0
10110031DEDEV_2025-12-23_G47,10110031DEDEV,2025-12-23,141318,1,2,0,161.0
10110031DEDEV_2025-12-23_G48,10110031DEDEV,2025-12-23,111530,1,2,0,167.0
10110031DEDEV_2025-12-23_G49,10110031DEDEV,2025-12-23,117935,1,4,0,173.0
10110031DEDEV_2025-12-23_G50,10110031DEDEV,2025-12-23,117856,1,2,0,56.0
10110031DEDEV_2025-12-23_G51,10110031DEDEV,2025-12-23,141047,1,4,0,544.0
10110031DEDEV_2025-12-23_G52,10110031DEDEV,2025-12-23,117786,1,6,0,199.0
10110031DEDEV_2025-12-23_G53,10110031DEDEV,2025-12-23,110339,1,2,0,144.0
10110031DEDEV_2025-12-23_G54,10110031DEDEV,2025-12-23,109640,1,1,0,96.0
10110031DEDEV_2025-12-23_G55,10110031DEDEV,2025-12-23,111330,1,2,0,492.0
10110031DEDEV_2025-12-23_G56,10110031DEDEV,2025-12-23,140922,1,2,0,223.0
10110031DEDEV_2025-12-23_G57,10110031DEDEV,2025-12-23,117785,1,10,0,154.0
10110031DEDEV_2025-12-23_G58,10110031DEDEV,2025-12-23,110787,1,14,0,430.0
10110031DEDEV_2025-12-23_G60,10110031DEDEV,2025-12-23,118223,1,2,0,98.0
10110031DEDEV_2025-12-23_G61,10110031DEDEV,2025-12-23,111469,1,4,0,63.0
10110031DEDEV_2025-12-23_G62,10110031DEDEV,2025-12-23,108711,1,2,0,45.0
10110031DEDEV_2025-12-23_G63,10110031DEDEV,2025-12-23,110740,1,2,0,75.0
10110031DEDEV_2025-12-23_G64,10110031DEDEV,2025-12-23,141456,1,12,0,148.0
10110031DEDEV_2025-12-23_G65,10110031DEDEV,2025-12-23,111468,1,2,0,53.0
10110031DEDEV_2025-12-23_G66,10110031DEDEV,2025-12-23,110374,1,6,0,260.0
10110031DEDEV_2025-12-23_G67,10110031DEDEV,2025-12-23,110372,1,13,0,136.0
10110031DEDEV_2025-12-24_G02,10110031DEDEV,2025-12-24,117820,1,12,0,82.0
10110031DEDEV_2025-12-24_G03,10110031DEDEV,2025-12-24,110376,1,10,0,266.0
10110031DEDEV_2025-12-24_G04,10110031DEDEV,2025-12-24,110325,1,2,0,168.0
10110031DEDEV_2025-12-24_G05,10110031DEDEV,2025-12-24,110373,1,13,0,156.0
10110031DEDEV_2025-12-24_G06,10110031DEDEV,2025-12-24,141202,1,7,0,101.0
10110031DEDEV_2025-12-24_G07,10110031DEDEV,2025-12-24,108770,1,2,0,1180.0
10110031DEDEV_2025-12-24_G08,10110031DEDEV,2025-12-24,140923,1,2,0,130.0
10110031DEDEV_2025-12-24_G09,10110031DEDEV,2025-12-24,110339,1,4,0,158.0
10110031DEDEV_2025-12-24_G10,10110031DEDEV,2025-12-24,110372,1,9,0,243.0
10110031DEDEV_2025-12-24_G11,10110031DEDEV,2025-12-24,117820,1,2,0,122.0
10110031DEDEV_2025-12-24_G12,10110031DEDEV,2025-12-24,117830,1,1,0,56.0
10110031DEDEV_2025-12-24_G13,10110031DEDEV,2025-12-24,110371,1,4,0,108.0
10110031DEDEV_2025-12-24_G14,10110031DEDEV,2025-12-24,118299,1,12,0,573.0
10110031DEDEV_2025-12-24_G15,10110031DEDEV,2025-12-24,110787,1,10,0,227.0
10110031DEDEV_2025-12-24_G16,10110031DEDEV,2025-12-24,109645,1,2,0,112.0
10110031DEDEV_2025-12-24_G17,10110031DEDEV,2025-12-24,117831,1,4,0,244.0
10110031DEDEV_2025-12-24_G18,10110031DEDEV,2025-12-24,111418,1,2,0,121.0
10110031DEDEV_2025-12-24_G19,10110031DEDEV,2025-12-24,141456,1,6,0,103.0
10110031DEDEV_2025-12-24_G20,10110031DEDEV,2025-12-24,111467,1,2,0,411.0
10110031DEDEV_2025-12-24_G21,10110031DEDEV,2025-12-24,111530,1,2,0,1505.0
10110031DEDEV_2025-12-24_G22,10110031DEDEV,2025-12-24,118222,1,6,0,232.0
10110031DEDEV_2025-12-24_G23,10110031DEDEV,2025-12-24,110500,2,2,11,903.0
10110031DEDEV_2025-12-24_G24,10110031DEDEV,2025-12-24,118222,1,8,0,197.0
10110031DEDEV_2025-12-24_G25,10110031DEDEV,2025-12-24,110895,1,28,0,298.0
10110031DEDEV_2025-12-24_G26,10110031DEDEV,2025-12-24,111861,1,3,0,109.0
10110031DEDEV_2025-12-24_G27,10110031DEDEV,2025-12-24,111793,1,4,0,111.0
10110031DEDEV_2025-12-24_G28,10110031DEDEV,2025-12-24,105359,1,8,0,149.0
10110031DEDEV_2025-12-24_G29,10110031DEDEV,2025-12-24,141456,1,12,0,629.0
10110031DEDEV_2025-12-24_G30,10110031DEDEV,2025-12-24,141456,1,20,0,142.0
10110031DEDEV_2025-12-24_G31,10110031DEDEV,2025-12-24,111876,1,6,0,438.0
10110031DEDEV_2025-12-24_G32,10110031DEDEV,2025-12-24,117856,1,12,0,172.0
10110031DEDEV_2025-12-24_G33,10110031DEDEV,2025-12-24,107629,1,12,0,220.0
10110031DEDEV_2025-12-26_G02,10110031DEDEV,2025-12-26,117856,1,6,0,73.0
10110031DEDEV_2025-12-26_G03,10110031DEDEV,2025-12-26,111602,1,4,0,117.0
10110031DEDEV_2025-12-26_G04,10110031DEDEV,2025-12-26,117786,1,6,0,138.0
10110031DEDEV_2025-12-26_G05,10110031DEDEV,2025-12-26,117833,1,4,0,321.0
10110031DEDEV_2025-12-26_G06,10110031DEDEV,2025-12-26,108798,1,2,0,224.0
10110031DEDEV_2025-12-26_G07,10110031DEDEV,2025-12-26,117831,1,4,0,292.0
10110031DEDEV_2025-12-26_G08,10110031DEDEV,2025-12-26,117821,1,2,0,103.0
10110031DEDEV_2025-12-26_G09,10110031DEDEV,2025-12-26,117808,1,8,0,147.0
10110031DEDEV_2025-12-26_G10,10110031DEDEV,2025-12-26,117856,1,6,0,376.0
10110031DEDEV_2025-12-26_G11,10110031DEDEV,2025-12-26,117837,1,4,0,172.0
10110031DEDEV_2025-12-26_G12,10110031DEDEV,2025-12-26,111467,1,2,0,148.0
10110031DEDEV_2025-12-26_G13,10110031DEDEV,2025-12-26,108795,1,2,0,109.0
10110031DEDEV_2025-12-26_G14,10110031DEDEV,2025-12-26,108798,1,2,0,83.0
10110031DEDEV_2025-12-26_G15,10110031DEDEV,2025-12-26,117831,1,8,0,118.0
10110031DEDEV_2025-12-26_G16,10110031DEDEV,2025-12-26,117787,1,2,0,90.0
10110031DEDEV_2025-12-26_G17,10110031DEDEV,2025-12-26,117821,1,2,0,77.0
10110031DEDEV_2025-12-26_G18,10110031DEDEV,2025-12-26,141458,1,2,0,122.0
10110031DEDEV_2025-12-26_G19,10110031DEDEV,2025-12-26,111602,1,1,0,343.0
10110031DEDEV_2025-12-26_G20,10110031DEDEV,2025-12-26,117837,1,4,0,116.0
10110031DEDEV_2025-12-26_G21,10110031DEDEV,2025-12-26,111467,1,2,0,101.0
10110031DEDEV_2025-12-26_G22,10110031DEDEV,2025-12-26,117821,1,2,0,225.0
10110031DEDEV_2025-12-26_G23,10110031DEDEV,2025-12-26,141456,1,2,0,66.0
10110031DEDEV_2025-12-26_G24,10110031DEDEV,2025-12-26,141458,1,4,0,305.0
10110031DEDEV_2025-12-26_G25,10110031DEDEV,2025-12-26,117820,1,4,0,123.0
10110031DEDEV_2025-12-26_G26,10110031DEDEV,2025-12-26,117833,1,4,0,1381.0
10110031DEDEV_2025-12-26_G27,10110031DEDEV,2025-12-26,111466,1,1,0,186.0
10110031DEDEV_2025-12-26_G28,10110031DEDEV,2025-12-26,111466,1,5,0,40.0
10110031DEDEV_2025-12-26_G29,10110031DEDEV,2025-12-26,117788,1,2,0,854.0
10110031DEDEV_2025-12-26_G30,10110031DEDEV,2025-12-26,140923,1,3,0,69.0
10110031DEDEV_2025-12-26_G31,10110031DEDEV,2025-12-26,141066,1,2,0,120.0
10110031DEDEV_2025-12-26_G32,10110031DEDEV,2025-12-26,109640,1,1,0,47.0
10110031DEDEV_2025-12-26_G33,10110031DEDEV,2025-12-26,117837,1,4,0,150.0
10110031DEDEV_2025-12-26_G34,10110031DEDEV,2025-12-26,111467,1,1,0,91.0
10110031DEDEV_2025-12-26_G35,10110031DEDEV,2025-12-26,110372,1,8,0,126.0
10110031DEDEV_2025-12-26_G36,10110031DEDEV,2025-12-26,110371,1,1,0,81.0
10110031DEDEV_2025-12-26_G37,10110031DEDEV,2025-12-26,110375,1,1,0,160.0
10110031DEDEV_2025-12-26_G38,10110031DEDEV,2025-12-26,110373,1,8,0,210.0
10110031DEDEV_2025-12-26_G39,10110031DEDEV,2025-12-26,109641,1,2,0,414.0
10110031DEDEV_2025-12-26_G40,10110031DEDEV,2025-12-26,141823,1,8,0,76.0
10110031DEDEV_2025-12-26_G41,10110031DEDEV,2025-12-26,111469,1,8,0,122.0
10110031DEDEV_2025-12-26_G42,10110031DEDEV,2025-12-26,117831,1,2,0,40.0
10110031DEDEV_2025-12-26_G43,10110031DEDEV,2025-12-26,108711,1,2,0,38.0
10110031DEDEV_2025-12-26_G44,10110031DEDEV,2025-12-26,117787,1,4,0,84.0
10110031DEDEV_2025-12-26_G45,10110031DEDEV,2025-12-26,117821,1,2,0,68.0
10110031DEDEV_2025-12-26_G46,10110031DEDEV,2025-12-26,110129,1,2,0,132.0
10110031DEDEV_2025-12-27_G02,10110031DEDEV,2025-12-27,117808,1,650,0,2384.0
10110031DEDEV_2025-12-27_G03,10110031DEDEV,2025-12-27,117820,1,187,0,1323.0
10110031DEDEV_2025-12-27_G04,10110031DEDEV,2025-12-27,117820,1,21,0,86.0
10110031DEDEV_2025-12-27_G05,10110031DEDEV,2025-12-27,117820,1,10,0,80.0
10110031DEDEV_2025-12-27_G06,10110031DEDEV,2025-12-27,117820,1,8,0,57.0
10110031DEDEV_2025-12-27_G07,10110031DEDEV,2025-12-27,110373,1,330,0,98.0
10110031DEDEV_2025-12-27_G08,10110031DEDEV,2025-12-27,110373,1,30,0,290.0
10110031DEDEV_2025-12-27_G09,10110031DEDEV,2025-12-27,117820,1,20,0,522.0
10110031DEDEV_2025-12-28_G02,10110031DEDEV,2025-12-28,111569,1,10,0,191.0
10110031DEDEV_2025-12-28_G03,10110031DEDEV,2025-12-28,111438,1,12,0,156.0
10110031DEDEV_2025-12-28_G04,10110031DEDEV,2025-12-28,110895,1,10,0,242.0
10110031DEDEV_2025-12-28_G05,10110031DEDEV,2025-12-28,110742,1,7,0,324.0
10110031DEDEV_2025-12-28_G06,10110031DEDEV,2025-12-28,110742,1,2,0,36.0
10110031DEDEV_2025-12-28_G07,10110031DEDEV,2025-12-28,110742,1,10,0,1867.0
10110031DEDEV_2025-12-28_G08,10110031DEDEV,2025-12-28,110742,1,3,0,48.0
10110031DEDEV_2025-12-28_G09,10110031DEDEV,2025-12-28,110742,1,2,0,46.0
10110031DEDEV_2025-12-28_G10,10110031DEDEV,2025-12-28,110372,1,2,0,212.0
10110031DEDEV_2025-12-28_G11,10110031DEDEV,2025-12-28,118222,2,35,11,48.0
10110031DEDEV_2025-12-28_G12,10110031DEDEV,2025-12-28,109643,1,6,0,82.0
10110031DEDEV_2025-12-28_G13,10110031DEDEV,2025-12-28,140923,1,30,0,1614.0
10110031DEDEV_2025-12-28_G14,10110031DEDEV,2025-12-28,109647,1,4,0,162.0
10110031DEDEV_2025-12-28_G15,10110031DEDEV,2025-12-28,117837,1,2,0,104.0
10110031DEDEV_2025-12-28_G16,10110031DEDEV,2025-12-28,117856,1,26,0,504.0
10110031DEDEV_2025-12-28_G17,10110031DEDEV,2025-12-28,111469,1,80,0,1095.0
10110031DEDEV_2025-12-28_G18,10110031DEDEV,2025-12-28,110740,1,20,0,333.0
10110031DEDEV_2025-12-28_G19,10110031DEDEV,2025-12-28,140922,1,30,0,541.0
10110031DEDEV_2025-12-28_G20,10110031DEDEV,2025-12-28,109641,1,10,0,141.0
10110031DEDEV_2025-12-28_G21,10110031DEDEV,2025-12-28,117833,1,4,0,125.0
10110031DEDEV_2025-12-28_G22,10110031DEDEV,2025-12-28,109645,1,16,0,503.0
10110031DEDEV_2025-12-29_G02,10110031DEDEV,2025-12-29,117935,1,7,0,1764.0
10110031DEDEV_2025-12-29_G03,10110031DEDEV,2025-12-29,117935,1,4,0,33.0
10110031DEDEV_2025-12-29_G04,10110031DEDEV,2025-12-29,110741,1,26,0,333.0
10110031DEDEV_2025-12-29_G05,10110031DEDEV,2025-12-29,110741,1,8,0,71.0
10110031DEDEV_2025-12-29_G06,10110031DEDEV,2025-12-29,111602,1,37,0,742.0
10110031DEDEV_2025-12-29_G07,10110031DEDEV,2025-12-29,118283,1,4,0,618.0
10110031DEDEV_2025-12-29_G08,10110031DEDEV,2025-12-29,110895,1,1,0,39.0
10110031DEDEV_2025-12-29_G09,10110031DEDEV,2025-12-29,111879,1,1,0,244.0
10110031DEDEV_2025-12-29_G10,10110031DEDEV,2025-12-29,117935,1,1,0,247.0
10110031DEDEV_2025-12-29_G11,10110031DEDEV,2025-12-29,117935,1,3,0,58.0
10110031DEDEV_2025-12-29_G12,10110031DEDEV,2025-12-29,118094,1,1,0,146.0
10110031DEDEV_2025-12-29_G13,10110031DEDEV,2025-12-29,140923,1,4,0,63.0
10110031DEDEV_2025-12-29_G14,10110031DEDEV,2025-12-29,111602,1,3,0,93.0
10110031DEDEV_2025-12-29_G15,10110031DEDEV,2025-12-29,141047,1,2,0,69.0
10110031DEDEV_2025-12-29_G16,10110031DEDEV,2025-12-29,111530,1,6,0,115.0
10110031DEDEV_2025-12-29_G17,10110031DEDEV,2025-12-29,117786,1,1,0,64.0
10110031DEDEV_2025-12-29_G18,10110031DEDEV,2025-12-29,117862,1,4,0,215.0
10110031DEDEV_2025-12-29_G19,10110031DEDEV,2025-12-29,109640,1,2,0,55.0
10110031DEDEV_2025-12-29_G20,10110031DEDEV,2025-12-29,118317,1,2,0,160.0
10110031DEDEV_2025-12-29_G21,10110031DEDEV,2025-12-29,111418,1,4,0,93.0
10110031DEDEV_2025-12-29_G22,10110031DEDEV,2025-12-29,140922,1,4,0,58.0
10110031DEDEV_2025-12-29_G23,10110031DEDEV,2025-12-29,111743,1,2,0,51.0
10110031DEDEV_2025-12-29_G24,10110031DEDEV,2025-12-29,110787,1,2,0,175.0
10110031DEDEV_2025-12-29_G25,10110031DEDEV,2025-12-29,141823,1,4,0,88.0
10110031DEDEV_2025-12-29_G26,10110031DEDEV,2025-12-29,111463,1,6,0,100.0
10110031DEDEV_2025-12-29_G27,10110031DEDEV,2025-12-29,105705,1,1,0,60.0
10110031DEDEV_2025-12-29_G28,10110031DEDEV,2025-12-29,117833,1,4,0,73.0
10110031DEDEV_2025-12-29_G29,10110031DEDEV,2025-12-29,108711,1,1,0,182.0
10110031DEDEV_2025-12-29_G30,10110031DEDEV,2025-12-29,110740,1,2,0,72.0
10110031DEDEV_2025-12-29_G31,10110031DEDEV,2025-12-29,141456,1,3,0,108.0
10110031DEDEV_2025-12-29_G32,10110031DEDEV,2025-12-29,110374,1,1,0,330.0
10110031DEDEV_2025-12-29_G33,10110031DEDEV,2025-12-29,110372,1,7,0,124.0
10110031DEDEV_2025-12-29_G34,10110031DEDEV,2025-12-29,110376,1,2,0,167.0
10110031DEDEV_2025-12-29_G35,10110031DEDEV,2025-12-29,117832,1,2,0,59.0
10110031DEDEV_2025-12-29_G36,10110031DEDEV,2025-12-29,110375,1,4,0,155.0
10110031DEDEV_2025-12-29_G37,10110031DEDEV,2025-12-29,107830,1,2,0,94.0
10110031DEDEV_2025-12-29_G38,10110031DEDEV,2025-12-29,109643,2,4,20,70.0
10110031DEDEV_2025-12-29_G39,10110031DEDEV,2025-12-29,110742,1,4,0,188.0
10110031DEDEV_2025-12-29_G40,10110031DEDEV,2025-12-29,110787,1,4,0,96.0
10110031DEDEV_2025-12-29_G41,10110031DEDEV,2025-12-29,111330,1,4,0,184.0
10110031DEDEV_2025-12-29_G42,10110031DEDEV,2025-12-29,110742,1,2,0,573.0
10110031DEDEV_2025-12-29_G43,10110031DEDEV,2025-12-29,117785,1,44,0,754.0
10110031DEDEV_2025-12-29_G44,10110031DEDEV,2025-12-29,117785,1,10,0,70.0
10110031DEDEV_2025-12-29_G45,10110031DEDEV,2025-12-29,111182,2,6,24,202.0
10110031DEDEV_2025-12-29_G46,10110031DEDEV,2025-12-29,117838,1,2,0,88.0
10110031DEDEV_2025-12-29_G47,10110031DEDEV,2025-12-29,117838,1,5,0,38.0
10110031DEDEV_2025-12-29_G48,10110031DEDEV,2025-12-29,117838,1,4,0,48.0
10110031DEDEV_2025-12-29_G49,10110031DEDEV,2025-12-29,111433,1,2,0,121.0
10110031DEDEV_2025-12-29_G51,10110031DEDEV,2025-12-29,111532,1,2,0,84.0
10110031DEDEV_2025-12-29_G52,10110031DEDEV,2025-12-29,141456,1,2,0,97.0
10110031DEDEV_2025-12-29_G53,10110031DEDEV,2025-12-29,111330,2,4,28,98.0
10110031DEDEV_2025-12-29_G54,10110031DEDEV,2025-12-29,111441,1,2,0,114.0
10110031DEDEV_2025-12-29_G55,10110031DEDEV,2025-12-29,110742,1,4,0,169.0
10110031DEDEV_2025-12-29_G56,10110031DEDEV,2025-12-29,111532,1,3,0,133.0
10110031DEDEV_2025-12-29_G57,10110031DEDEV,2025-12-29,111532,1,13,0,70.0
10110031DEDEV_2025-12-29_G58,10110031DEDEV,2025-12-29,107830,1,6,0,187.0
10110031DEDEV_2025-12-29_G59,10110031DEDEV,2025-12-29,160051,1,5,0,237.0
10110031DEDEV_2025-12-29_G60,10110031DEDEV,2025-12-29,111532,1,8,0,137.0
10110031DEDEV_2025-12-29_G61,10110031DEDEV,2025-12-29,118140,1,2,0,90.0
10110031DEDEV_2025-12-29_G62,10110031DEDEV,2025-12-29,117855,1,3,0,154.0
10110031DEDEV_2025-12-29_G63,10110031DEDEV,2025-12-29,117935,1,6,0,219.0
10110031DEDEV_2025-12-29_G64,10110031DEDEV,2025-12-29,107830,1,10,0,474.0
10110031DEDEV_2025-12-29_G65,10110031DEDEV,2025-12-29,111330,1,3,0,78.0
10110031DEDEV_2025-12-29_G66,10110031DEDEV,2025-12-29,110787,1,4,0,987.0
10110031DEDEV_2025-12-29_G67,10110031DEDEV,2025-12-29,110787,1,4,0,86.0
10110031DEDEV_2025-12-29_G68,10110031DEDEV,2025-12-29,117935,1,1,0,128.0
10110031DEDEV_2025-12-29_G69,10110031DEDEV,2025-12-29,110742,1,2,0,229.0
10110031DEDEV_2025-12-29_G70,10110031DEDEV,2025-12-29,111532,1,8,0,361.0
10110031DEDEV_2025-12-29_G71,10110031DEDEV,2025-12-29,110372,1,1,0,113.0
10110031DEDEV_2025-12-29_G72,10110031DEDEV,2025-12-29,110787,1,2,0,186.0
10110031DEDEV_2025-12-29_G73,10110031DEDEV,2025-12-29,107830,1,4,0,317.0
10110031DEDEV_2025-12-29_G74,10110031DEDEV,2025-12-29,111465,1,1,0,140.0
10110031DEDEV_2025-12-29_G75,10110031DEDEV,2025-12-29,117855,1,2,0,98.0
10110031DEDEV_2025-12-29_G76,10110031DEDEV,2025-12-29,118306,1,4,0,146.0
10110031DEDEV_2025-12-29_G77,10110031DEDEV,2025-12-29,111532,1,6,0,215.0
10110031DEDEV_2025-12-29_G78,10110031DEDEV,2025-12-29,111348,1,2,0,90.0
10110031DEDEV_2025-12-29_G79,10110031DEDEV,2025-12-29,107830,1,2,0,159.0
10110031DEDEV_2025-12-29_G80,10110031DEDEV,2025-12-29,111532,1,4,0,149.0
10110031DEDEV_2025-12-29_G81,10110031DEDEV,2025-12-29,118306,1,2,0,125.0
10110031DEDEV_2025-12-29_G82,10110031DEDEV,2025-12-29,110372,1,40,0,398.0
10110031DEDEV_2025-12-29_G83,10110031DEDEV,2025-12-29,110371,1,4,0,318.0
10110031DEDEV_2025-12-29_G84,10110031DEDEV,2025-12-29,117830,1,6,0,69.0
10110031DEDEV_2025-12-29_G85,10110031DEDEV,2025-12-29,110375,1,2,0,97.0
10110031DEDEV_2025-12-29_G86,10110031DEDEV,2025-12-29,160051,1,2,0,40.0
10110031DEDEV_2025-12-29_G87,10110031DEDEV,2025-12-29,107830,1,10,0,88.0
10110031DEDEV_2025-12-29_G88,10110031DEDEV,2025-12-29,110373,1,10,0,145.0
10110031DEDEV_2025-12-29_G89,10110031DEDEV,2025-12-29,117785,1,4,0,199.0
10110031DEDEV_2025-12-29_G90,10110031DEDEV,2025-12-29,111418,1,12,0,615.0
10110031DEDEV_2025-12-29_G91,10110031DEDEV,2025-12-29,116241,1,2,0,86.0
10110031DEDEV_2025-12-29_G92,10110031DEDEV,2025-12-29,111172,1,2,0,261.0
10110031DEDEV_2025-12-29_G93,10110031DEDEV,2025-12-29,110787,1,9,0,96.0
10110031DEDEV_2025-12-29_G94,10110031DEDEV,2025-12-29,111463,1,4,0,94.0
10110031DEDEV_2025-12-29_G95,10110031DEDEV,2025-12-29,118223,1,2,0,117.0
10110031DEDEV_2025-12-29_G96,10110031DEDEV,2025-12-29,111469,1,2,0,54.0
10110031DEDEV_2025-12-29_G97,10110031DEDEV,2025-12-29,111465,1,4,0,79.0
10110031DEDEV_2025-12-29_G98,10110031DEDEV,2025-12-29,141456,1,2,0,95.0
10110031DEDEV_2025-12-29_G99,10110031DEDEV,2025-12-29,111330,1,3,0,54.0
10110031DEDEV_2025-12-29_G100,10110031DEDEV,2025-12-29,141458,1,2,0,49.0
10110031DEDEV_2025-12-29_G101,10110031DEDEV,2025-12-29,109645,1,2,0,345.0
10110031DEDEV_2025-12-29_G103,10110031DEDEV,2025-12-29,110755,1,2,0,185.0
10110031DEDEV_2025-12-29_G104,10110031DEDEV,2025-12-29,100334,1,2,0,150.0
10110031DEDEV_2025-12-30_G02,10110031DEDEV,2025-12-30,140923,1,3,0,43.0
10110031DEDEV_2025-12-30_G03,10110031DEDEV,2025-12-30,111467,1,1,0,43.0
10110031DEDEV_2025-12-30_G04,10110031DEDEV,2025-12-30,111530,1,6,0,184.0
10110031DEDEV_2025-12-30_G05,10110031DEDEV,2025-12-30,110339,1,2,0,64.0
10110031DEDEV_2025-12-30_G06,10110031DEDEV,2025-12-30,117862,1,2,0,133.0
10110031DEDEV_2025-12-30_G07,10110031DEDEV,2025-12-30,111172,1,4,0,427.0
10110031DEDEV_2025-12-30_G08,10110031DEDEV,2025-12-30,111465,1,2,0,95.0
10110031DEDEV_2025-12-30_G09,10110031DEDEV,2025-12-30,107830,1,6,0,111.0
10110031DEDEV_2025-12-30_G10,10110031DEDEV,2025-12-30,117855,1,5,0,103.0
10110031DEDEV_2025-12-30_G11,10110031DEDEV,2025-12-30,118306,1,2,0,275.0
10110031DEDEV_2025-12-30_G12,10110031DEDEV,2025-12-30,111468,1,1,0,472.0
10110031DEDEV_2025-12-30_G13,10110031DEDEV,2025-12-30,105705,1,1,0,1503.0
10110031DEDEV_2025-12-30_G14,10110031DEDEV,2025-12-30,111330,1,1,0,125.0
10110031DEDEV_2025-12-30_G15,10110031DEDEV,2025-12-30,111330,1,2,0,51.0
10110031DEDEV_2025-12-30_G16,10110031DEDEV,2025-12-30,111330,1,2,0,41.0
10110031DEDEV_2025-12-30_G17,10110031DEDEV,2025-12-30,117836,1,1,0,107.0
10110031DEDEV_2025-12-30_G18,10110031DEDEV,2025-12-30,117809,1,28,0,257.0
10110031DEDEV_2025-12-30_G19,10110031DEDEV,2025-12-30,117820,1,16,0,258.0
10110031DEDEV_2025-12-30_G20,10110031DEDEV,2025-12-30,107830,2,27,21,517.0
10110031DEDEV_2025-12-30_G21,10110031DEDEV,2025-12-30,110373,1,16,0,158.0
10110031DEDEV_2025-12-30_G22,10110031DEDEV,2025-12-30,140923,1,3,0,128.0
10110031DEDEV_2025-12-30_G23,10110031DEDEV,2025-12-30,117856,1,14,0,143.0
10110031DEDEV_2025-12-30_G24,10110031DEDEV,2025-12-30,111467,1,15,0,211.0
10110031DEDEV_2025-12-30_G25,10110031DEDEV,2025-12-30,111602,1,54,0,443.0
10110031DEDEV_2025-12-30_G26,10110031DEDEV,2025-12-30,111602,1,8,0,92.0
10110031DEDEV_2025-12-30_G27,10110031DEDEV,2025-12-30,111530,1,31,0,318.0
10110031DEDEV_2025-12-30_G28,10110031DEDEV,2025-12-30,117855,1,12,0,478.0
10110031DEDEV_2025-12-30_G29,10110031DEDEV,2025-12-30,117862,1,6,0,101.0
10110031DEDEV_2025-12-30_G30,10110031DEDEV,2025-12-30,111348,1,6,0,151.0
10110031DEDEV_2025-12-30_G31,10110031DEDEV,2025-12-30,117785,1,6,0,115.0
10110031DEDEV_2025-12-30_G32,10110031DEDEV,2025-12-30,140922,1,3,0,80.0
10110031DEDEV_2025-12-30_G33,10110031DEDEV,2025-12-30,111743,1,7,0,78.0
10110031DEDEV_2025-12-30_G34,10110031DEDEV,2025-12-30,117838,1,10,0,297.0
10110031DEDEV_2025-12-30_G35,10110031DEDEV,2025-12-30,111172,3,15,44,80.0
10110031DEDEV_2025-12-30_G36,10110031DEDEV,2025-12-30,110787,1,4,0,63.0
10110031DEDEV_2025-12-30_G37,10110031DEDEV,2025-12-30,105705,1,2,0,82.0
10110031DEDEV_2025-12-30_G38,10110031DEDEV,2025-12-30,141456,1,26,0,210.0
10110031DEDEV_2025-12-30_G39,10110031DEDEV,2025-12-30,111330,1,2,0,60.0
10110031DEDEV_2025-12-30_G40,10110031DEDEV,2025-12-30,110742,1,18,0,451.0
10110031DEDEV_2025-12-30_G41,10110031DEDEV,2025-12-30,118306,1,4,0,160.0
10110031DEDEV_2025-12-30_G43,10110031DEDEV,2025-12-30,117808,1,50,0,550.0
10110031DEDEV_2025-12-30_G44,10110031DEDEV,2025-12-30,110895,1,1,0,126.0
10110031DEDEV_2025-12-30_G45,10110031DEDEV,2025-12-30,140923,1,4,0,110.0
10110031DEDEV_2025-12-30_G46,10110031DEDEV,2025-12-30,110313,1,4,0,276.0
10110031DEDEV_2025-12-30_G47,10110031DEDEV,2025-12-30,111602,1,2,0,58.0
10110031DEDEV_2025-12-30_G48,10110031DEDEV,2025-12-30,110711,1,1,0,98.0
10110031DEDEV_2025-12-30_G49,10110031DEDEV,2025-12-30,111530,1,2,0,47.0
10110031DEDEV_2025-12-30_G50,10110031DEDEV,2025-12-30,117785,1,1,0,120.0
10110031DEDEV_2025-12-30_G51,10110031DEDEV,2025-12-30,111418,1,11,0,87.0
10110031DEDEV_2025-12-30_G52,10110031DEDEV,2025-12-30,117838,1,4,0,91.0
10110031DEDEV_2025-12-30_G53,10110031DEDEV,2025-12-30,110787,1,6,0,410.0
10110031DEDEV_2025-12-30_G54,10110031DEDEV,2025-12-30,111463,1,2,0,189.0
10110031DEDEV_2025-12-30_G55,10110031DEDEV,2025-12-30,117833,1,2,0,86.0
10110031DEDEV_2025-12-30_G56,10110031DEDEV,2025-12-30,111462,1,4,0,103.0
10110031DEDEV_2025-12-30_G57,10110031DEDEV,2025-12-30,141456,1,2,0,74.0
10110031DEDEV_2025-12-30_G58,10110031DEDEV,2025-12-30,141458,1,3,0,59.0
10110031DEDEV_2025-12-30_G59,10110031DEDEV,2025-12-30,110372,1,10,0,215.0
10110031DEDEV_2025-12-30_G60,10110031DEDEV,2025-12-30,110371,1,2,0,150.0
10110031DEDEV_2025-12-30_G61,10110031DEDEV,2025-12-30,117830,1,3,0,111.0
10110031DEDEV_2025-12-30_G62,10110031DEDEV,2025-12-30,117832,1,6,0,155.0
10110031DEDEV_2025-12-30_G63,10110031DEDEV,2025-12-30,117808,1,16,0,162.0
10110031DEDEV_2025-12-30_G64,10110031DEDEV,2025-12-30,110373,1,4,0,95.0
10110031DEDEV_2025-12-30_G65,10110031DEDEV,2025-12-30,110895,1,10,0,540.0
10110031DEDEV_2025-12-30_G66,10110031DEDEV,2025-12-30,110747,1,1,0,74.0
10110031DEDEV_2025-12-30_G67,10110031DEDEV,2025-12-30,117935,1,4,0,249.0
10110031DEDEV_2025-12-30_G68,10110031DEDEV,2025-12-30,111876,1,6,0,247.0
10110031DEDEV_2025-12-30_G69,10110031DEDEV,2025-12-30,140923,1,4,0,886.0
10110031DEDEV_2025-12-30_G70,10110031DEDEV,2025-12-30,111467,1,2,0,85.0
10110031DEDEV_2025-12-30_G71,10110031DEDEV,2025-12-30,118298,1,1,0,65.0
10110031DEDEV_2025-12-30_G72,10110031DEDEV,2025-12-30,111602,1,4,0,58.0
10110031DEDEV_2025-12-30_G73,10110031DEDEV,2025-12-30,111530,1,4,0,68.0
10110031DEDEV_2025-12-30_G74,10110031DEDEV,2025-12-30,117786,1,4,0,71.0
10110031DEDEV_2025-12-30_G75,10110031DEDEV,2025-12-30,108361,1,1,0,43.0
10110031DEDEV_2025-12-30_G76,10110031DEDEV,2025-12-30,117854,1,2,0,315.0
10110031DEDEV_2025-12-30_G77,10110031DEDEV,2025-12-30,110063,1,1,0,108.0
10110031DEDEV_2025-12-30_G78,10110031DEDEV,2025-12-30,111418,1,9,0,268.0
10110031DEDEV_2025-12-30_G79,10110031DEDEV,2025-12-30,111743,1,2,0,84.0
10110031DEDEV_2025-12-30_G80,10110031DEDEV,2025-12-30,111463,1,6,0,99.0
10110031DEDEV_2025-12-30_G81,10110031DEDEV,2025-12-30,110745,1,2,0,155.0
10110031DEDEV_2025-12-30_G82,10110031DEDEV,2025-12-30,117831,1,1,0,44.0
10110031DEDEV_2025-12-30_G83,10110031DEDEV,2025-12-30,118140,1,1,0,177.0
10110031DEDEV_2025-12-30_G84,10110031DEDEV,2025-12-30,117787,1,2,0,53.0
10110031DEDEV_2025-12-30_G85,10110031DEDEV,2025-12-30,110740,1,4,0,82.0
10110031DEDEV_2025-12-30_G86,10110031DEDEV,2025-12-30,141456,1,8,0,556.0
10110031DEDEV_2025-12-30_G87,10110031DEDEV,2025-12-30,141458,1,6,0,172.0
10110031DEDEV_2025-12-31_G02,10110031DEDEV,2025-12-31,111532,1,19,0,176.0
10110031DEDEV_2025-12-31_G03,10110031DEDEV,2025-12-31,110313,1,4,0,172.0
10110031DEDEV_2025-12-31_G04,10110031DEDEV,2025-12-31,111532,1,16,0,210.0
10110031DEDEV_2025-12-31_G05,10110031DEDEV,2025-12-31,107830,1,4,0,136.0
10110031DEDEV_2025-12-31_G06,10110031DEDEV,2025-12-31,110374,1,4,0,358.0
10110031DEDEV_2025-12-31_G07,10110031DEDEV,2025-12-31,110372,1,6,0,78.0
10110031DEDEV_2025-12-31_G08,10110031DEDEV,2025-12-31,117809,1,3,0,106.0
10110031DEDEV_2025-12-31_G09,10110031DEDEV,2025-12-31,117830,1,3,0,99.0
10110031DEDEV_2025-12-31_G10,10110031DEDEV,2025-12-31,117840,2,4,24,77.0
10110031DEDEV_2025-12-31_G11,10110031DEDEV,2025-12-31,110376,1,4,0,66.0
10110031DEDEV_2025-12-31_G12,10110031DEDEV,2025-12-31,117832,1,4,0,59.0
10110031DEDEV_2025-12-31_G13,10110031DEDEV,2025-12-31,110375,1,2,0,68.0
10110031DEDEV_2025-12-31_G14,10110031DEDEV,2025-12-31,110325,1,4,0,97.0
10110031DEDEV_2025-12-31_G15,10110031DEDEV,2025-12-31,117808,1,4,0,75.0
10110031DEDEV_2025-12-31_G16,10110031DEDEV,2025-12-31,108795,1,4,0,154.0
10110031DEDEV_2025-12-31_G17,10110031DEDEV,2025-12-31,111348,1,2,0,59.0
10110031DEDEV_2025-12-31_G18,10110031DEDEV,2025-12-31,117785,1,8,0,82.0
10110031DEDEV_2025-12-31_G19,10110031DEDEV,2025-12-31,111418,1,6,0,99.0
10110031DEDEV_2025-12-31_G20,10110031DEDEV,2025-12-31,118306,1,2,0,268.0
10110031DEDEV_2025-12-31_G21,10110031DEDEV,2025-12-31,110313,1,1,0,139.0
10110031DEDEV_2025-12-31_G22,10110031DEDEV,2025-12-31,107830,1,5,0,137.0
10110031DEDEV_2025-12-31_G23,10110031DEDEV,2025-12-31,111532,1,9,0,171.0
10110031DEDEV_2025-12-31_G24,10110031DEDEV,2025-12-31,111532,1,4,0,147.0
10110031DEDEV_2025-12-31_G25,10110031DEDEV,2025-12-31,107830,1,4,0,170.0
10110031DEDEV_2025-12-31_G26,10110031DEDEV,2025-12-31,118306,1,2,0,761.0
10110031DEDEV_2025-12-31_G27,10110031DEDEV,2025-12-31,111532,1,27,0,539.0
10110031DEDEV_2025-12-31_G28,10110031DEDEV,2025-12-31,110374,1,4,0,502.0
10110031DEDEV_2025-12-31_G29,10110031DEDEV,2025-12-31,110372,1,8,0,115.0
10110031DEDEV_2025-12-31_G30,10110031DEDEV,2025-12-31,117809,1,4,0,74.0
10110031DEDEV_2025-12-31_G31,10110031DEDEV,2025-12-31,117830,1,4,0,230.0
10110031DEDEV_2025-12-31_G32,10110031DEDEV,2025-12-31,110376,1,4,0,108.0
10110031DEDEV_2025-12-31_G33,10110031DEDEV,2025-12-31,117832,1,4,0,56.0
10110031DEDEV_2025-12-31_G34,10110031DEDEV,2025-12-31,110325,1,4,0,116.0
10110031DEDEV_2025-12-31_G35,10110031DEDEV,2025-12-31,117808,1,4,0,128.0
10110031DEDEV_2025-12-31_G36,10110031DEDEV,2025-12-31,141202,1,2,0,88.0
10110031DEDEV_2025-12-31_G37,10110031DEDEV,2025-12-31,111418,1,6,0,53.0
10110031DEDEV_2025-12-31_G38,10110031DEDEV,2025-12-31,108798,1,2,0,173.0
10110031DEDEV_2025-12-31_G39,10110031DEDEV,2025-12-31,111463,1,4,0,66.0
10110031DEDEV_2025-12-31_G40,10110031DEDEV,2025-12-31,111469,1,4,0,114.0
10110031DEDEV_2025-12-31_G41,10110031DEDEV,2025-12-31,108711,1,2,0,52.0
10110031DEDEV_2025-12-31_G42,10110031DEDEV,2025-12-31,141456,1,4,0,108.0
10110031DEDEV_2026-01-06_G02,10110031DEDEV,2026-01-06,105705,1,8,0,418.0
10110031DEDEV_2026-01-06_G03,10110031DEDEV,2026-01-06,117785,1,10,0,159.0
10110031DEDEV_2026-01-06_G04,10110031DEDEV,2026-01-06,111468,1,8,0,157.0
10110031DEDEV_2026-01-06_G05,10110031DEDEV,2026-01-06,117838,1,4,0,74.0
10110031DEDEV_2026-01-06_G06,10110031DEDEV,2026-01-06,111172,1,10,0,132.0
10110031DEDEV_2026-01-06_G07,10110031DEDEV,2026-01-06,141823,1,7,0,103.0
10110031DEDEV_2026-01-06_G08,10110031DEDEV,2026-01-06,111443,1,16,0,932.0
10110031DEDEV_2026-01-06_G09,10110031DEDEV,2026-01-06,108798,1,8,0,83.0
10110031DEDEV_2026-01-06_G10,10110031DEDEV,2026-01-06,110745,1,10,0,93.0
10110031DEDEV_2026-01-06_G11,10110031DEDEV,2026-01-06,117787,1,4,0,129.0
10110031DEDEV_2026-01-06_G12,10110031DEDEV,2026-01-06,110740,1,50,0,437.0
10110031DEDEV_2026-01-06_G13,10110031DEDEV,2026-01-06,140922,1,60,0,534.0
10110031DEDEV_2026-01-06_G14,10110031DEDEV,2026-01-06,111532,1,50,0,393.0
10110031DEDEV_2026-01-06_G15,10110031DEDEV,2026-01-06,108711,1,50,0,463.0
10110031DEDEV_2026-01-06_G16,10110031DEDEV,2026-01-06,111431,1,40,0,495.0
10110031DEDEV_2026-01-06_G17,10110031DEDEV,2026-01-06,111430,1,10,0,409.0
10110031DEDEV_2026-01-06_G18,10110031DEDEV,2026-01-06,140911,1,8,0,95.0
10110031DEDEV_2026-01-06_G19,10110031DEDEV,2026-01-06,118251,1,8,0,409.0
10110031DEDEV_2026-01-06_G20,10110031DEDEV,2026-01-06,115775,1,10,0,418.0
10110031DEDEV_2026-01-06_G21,10110031DEDEV,2026-01-06,141916,1,8,0,160.0
10110031DEDEV_2026-01-06_G22,10110031DEDEV,2026-01-06,141318,1,4,0,249.0
10110031DEDEV_2026-01-06_G23,10110031DEDEV,2026-01-06,110755,1,20,0,354.0
10110031DEDEV_2026-01-06_G24,10110031DEDEV,2026-01-06,118290,1,12,0,185.0
10110031DEDEV_2026-01-06_G25,10110031DEDEV,2026-01-06,110747,1,30,0,1295.0
10110031DEDEV_2026-01-06_G26,10110031DEDEV,2026-01-06,110895,1,30,0,117.0
10110031DEDEV_2026-01-07_G02,10110031DEDEV,2026-01-07,108794,1,7,0,435.0
10110031DEDEV_2026-01-07_G03,10110031DEDEV,2026-01-07,111441,1,16,0,299.0
10110031DEDEV_2026-01-07_G04,10110031DEDEV,2026-01-07,111418,1,300,0,1401.0
10110031DEDEV_2026-01-07_G05,10110031DEDEV,2026-01-07,111442,1,7,0,1781.0
10110031DEDEV_2026-01-07_G07,10110031DEDEV,2026-01-07,108701,1,4,0,316.0
10110031DEDEV_2026-01-07_G08,10110031DEDEV,2026-01-07,117837,1,4,0,226.0
10110031DEDEV_2026-01-07_G09,10110031DEDEV,2026-01-07,110741,1,20,0,127.0
10110031DEDEV_2026-01-07_G10,10110031DEDEV,2026-01-07,117788,1,7,0,93.0
10110031DEDEV_2026-01-07_G11,10110031DEDEV,2026-01-07,118298,1,10,0,100.0
10110031DEDEV_2026-01-07_G12,10110031DEDEV,2026-01-07,141047,1,5,0,154.0
10110031DEDEV_2026-01-07_G13,10110031DEDEV,2026-01-07,117861,1,20,0,986.0
10110031DEDEV_2026-01-07_G14,10110031DEDEV,2026-01-07,110711,1,7,0,101.0
10110031DEDEV_2026-01-07_G15,10110031DEDEV,2026-01-07,107629,1,30,0,669.0
10110031DEDEV_2026-01-07_G16,10110031DEDEV,2026-01-07,110756,1,2,0,50.0
10110031DEDEV_2026-01-07_G17,10110031DEDEV,2026-01-07,110313,1,90,0,206.0
10110031DEDEV_2026-01-07_G18,10110031DEDEV,2026-01-07,141352,1,30,0,349.0
10110031DEDEV_2026-01-07_G19,10110031DEDEV,2026-01-07,117935,1,40,0,468.0
10110031DEDEV_2026-01-07_G20,10110031DEDEV,2026-01-07,110733,1,30,0,2259.0
10110031DEDEV_2026-01-07_G21,10110031DEDEV,2026-01-07,117853,1,20,0,1307.0
10110031DEDEV_2026-01-07_G22,10110031DEDEV,2026-01-07,117853,1,20,0,402.0
10110031DEDEV_2026-01-08_G02,10110031DEDEV,2026-01-08,111879,1,2,0,189.0
10110031DEDEV_2026-01-08_G03,10110031DEDEV,2026-01-08,117965,1,4,0,293.0
10110031DEDEV_2026-01-08_G04,10110031DEDEV,2026-01-08,110733,1,3,0,138.0
10110031DEDEV_2026-01-08_G05,10110031DEDEV,2026-01-08,140923,1,5,0,121.0
10110031DEDEV_2026-01-08_G06,10110031DEDEV,2026-01-08,111467,1,4,0,49.0
10110031DEDEV_2026-01-08_G07,10110031DEDEV,2026-01-08,110313,1,4,0,112.0
10110031DEDEV_2026-01-08_G08,10110031DEDEV,2026-01-08,110339,1,1,0,92.0
10110031DEDEV_2026-01-08_G09,10110031DEDEV,2026-01-08,105705,1,6,0,166.0
10110031DEDEV_2026-01-08_G10,10110031DEDEV,2026-01-08,108794,1,8,0,126.0
10110031DEDEV_2026-01-08_G11,10110031DEDEV,2026-01-08,111462,1,8,0,103.0
10110031DEDEV_2026-01-08_G12,10110031DEDEV,2026-01-08,111418,1,7,0,124.0
10110031DEDEV_2026-01-08_G13,10110031DEDEV,2026-01-08,140922,1,9,0,111.0
10110031DEDEV_2026-01-08_G14,10110031DEDEV,2026-01-08,111172,1,8,0,336.0
10110031DEDEV_2026-01-08_G15,10110031DEDEV,2026-01-08,111442,1,4,0,79.0
10110031DEDEV_2026-01-08_G16,10110031DEDEV,2026-01-08,118223,1,2,0,130.0
10110031DEDEV_2026-01-08_G17,10110031DEDEV,2026-01-08,110745,1,4,0,69.0
10110031DEDEV_2026-01-08_G18,10110031DEDEV,2026-01-08,111469,1,2,0,118.0
10110031DEDEV_2026-01-08_G19,10110031DEDEV,2026-01-08,117831,1,4,0,81.0
10110031DEDEV_2026-01-08_G20,10110031DEDEV,2026-01-08,107236,1,2,0,281.0
10110031DEDEV_2026-01-08_G21,10110031DEDEV,2026-01-08,141456,1,6,0,107.0
10110031DEDEV_2026-01-08_G22,10110031DEDEV,2026-01-08,110129,1,4,0,85.0
10110031DEDEV_2026-01-08_G23,10110031DEDEV,2026-01-08,110372,1,16,0,211.0
10110031DEDEV_2026-01-08_G24,10110031DEDEV,2026-01-08,110373,1,16,0,104.0
10110031DEDEV_2026-01-08_G25,10110031DEDEV,2026-01-08,118299,1,16,0,167.0
10110031DEDEV_2026-01-08_G26,10110031DEDEV,2026-01-08,117820,1,12,0,306.0
10110031DEDEV_2026-01-08_G27,10110031DEDEV,2026-01-08,107830,1,2,0,78.0
10110031DEDEV_2026-01-08_G28,10110031DEDEV,2026-01-08,118140,1,19,0,665.0
10110031DEDEV_2026-01-08_G29,10110031DEDEV,2026-01-08,111330,1,178,0,1150.0
10110031DEDEV_2026-01-08_G30,10110031DEDEV,2026-01-08,111330,1,491,0,2573.0
10110031DEDEV_2026-01-08_G32,10110031DEDEV,2026-01-08,140923,1,1,0,75.0
10110031DEDEV_2026-01-08_G33,10110031DEDEV,2026-01-08,117856,1,6,0,53.0
10110031DEDEV_2026-01-08_G34,10110031DEDEV,2026-01-08,117786,1,6,0,89.0
10110031DEDEV_2026-01-08_G35,10110031DEDEV,2026-01-08,110339,1,2,0,36.0
10110031DEDEV_2026-01-08_G36,10110031DEDEV,2026-01-08,117854,1,2,0,88.0
10110031DEDEV_2026-01-08_G37,10110031DEDEV,2026-01-08,117785,1,3,0,285.0
10110031DEDEV_2026-01-08_G38,10110031DEDEV,2026-01-08,109641,1,2,0,100.0
10110031DEDEV_2026-01-08_G39,10110031DEDEV,2026-01-08,117831,1,1,0,76.0
10110031DEDEV_2026-01-08_G40,10110031DEDEV,2026-01-08,117787,1,2,0,91.0
10110031DEDEV_2026-01-08_G41,10110031DEDEV,2026-01-08,141456,1,3,0,205.0
10110031DEDEV_2026-01-08_G42,10110031DEDEV,2026-01-08,110373,1,2,0,147.0
10110031DEDEV_2026-01-08_G43,10110031DEDEV,2026-01-08,140911,1,1,0,374.0
10110031DEDEV_2026-01-08_G44,10110031DEDEV,2026-01-08,117834,1,1,0,107.0
10110031DEDEV_2026-01-08_G45,10110031DEDEV,2026-01-08,110747,1,4,0,117.0
10110031DEDEV_2026-01-08_G46,10110031DEDEV,2026-01-08,118323,1,2,0,114.0
10110031DEDEV_2026-01-08_G47,10110031DEDEV,2026-01-08,110755,1,2,0,78.0
10110031DEDEV_2026-01-08_G48,10110031DEDEV,2026-01-08,117789,1,1,0,52.0
10110031DEDEV_2026-01-08_G49,10110031DEDEV,2026-01-08,110733,1,2,0,111.0
10110031DEDEV_2026-01-08_G50,10110031DEDEV,2026-01-08,117837,1,2,0,89.0
10110031DEDEV_2026-01-08_G51,10110031DEDEV,2026-01-08,117856,1,3,0,57.0
10110031DEDEV_2026-01-08_G52,10110031DEDEV,2026-01-08,117788,1,2,0,65.0
10110031DEDEV_2026-01-08_G53,10110031DEDEV,2026-01-08,110313,1,2,0,54.0
10110031DEDEV_2026-01-08_G54,10110031DEDEV,2026-01-08,141047,1,2,0,54.0
10110031DEDEV_2026-01-08_G55,10110031DEDEV,2026-01-08,110339,1,2,0,70.0
10110031DEDEV_2026-01-08_G56,10110031DEDEV,2026-01-08,108361,1,2,0,43.0
10110031DEDEV_2026-01-08_G57,10110031DEDEV,2026-01-08,108795,1,2,0,501.0
10110031DEDEV_2026-01-08_G58,10110031DEDEV,2026-01-08,117785,1,2,0,42.0
10110031DEDEV_2026-01-08_G59,10110031DEDEV,2026-01-08,111462,1,3,0,55.0
10110031DEDEV_2026-01-08_G60,10110031DEDEV,2026-01-08,111418,1,2,0,42.0
10110031DEDEV_2026-01-08_G61,10110031DEDEV,2026-01-08,117821,1,2,0,70.0
10110031DEDEV_2026-01-08_G62,10110031DEDEV,2026-01-08,111468,1,1,0,98.0
10110031DEDEV_2026-01-08_G63,10110031DEDEV,2026-01-08,141271,1,8,0,113.0
10110031DEDEV_2026-01-08_G64,10110031DEDEV,2026-01-08,111435,1,2,0,47.0
10110031DEDEV_2026-01-08_G65,10110031DEDEV,2026-01-08,111442,1,2,0,64.0
10110031DEDEV_2026-01-08_G66,10110031DEDEV,2026-01-08,108798,1,2,0,79.0
10110031DEDEV_2026-01-08_G67,10110031DEDEV,2026-01-08,117831,1,7,0,70.0
10110031DEDEV_2026-01-08_G68,10110031DEDEV,2026-01-08,111465,1,1,0,49.0
10110031DEDEV_2026-01-08_G69,10110031DEDEV,2026-01-08,110740,1,6,0,100.0
10110031DEDEV_2026-01-08_G70,10110031DEDEV,2026-01-08,141456,1,2,0,172.0
10110031DEDEV_2026-01-08_G71,10110031DEDEV,2026-01-08,111330,1,1,0,52.0
10110031DEDEV_2026-01-08_G72,10110031DEDEV,2026-01-08,107236,1,1,0,622.0
10110031DEDEV_2026-01-08_G73,10110031DEDEV,2026-01-08,110372,1,6,0,245.0
10110031DEDEV_2026-01-08_G74,10110031DEDEV,2026-01-08,117820,1,2,0,151.0
10110031DEDEV_2026-01-08_G75,10110031DEDEV,2026-01-08,117830,1,2,0,36.0
10110031DEDEV_2026-01-08_G76,10110031DEDEV,2026-01-08,109643,1,2,0,136.0
10110031DEDEV_2026-01-08_G77,10110031DEDEV,2026-01-08,111532,1,2,0,314.0
10110031DEDEV_2026-01-08_G78,10110031DEDEV,2026-01-08,111445,1,4,0,1713.0
10110031DEDEV_2026-01-08_G79,10110031DEDEV,2026-01-08,111569,1,24,0,715.0
10110031DEDEV_2026-01-09_G02,10110031DEDEV,2026-01-09,110747,1,12,0,823.0
10110031DEDEV_2026-01-09_G03,10110031DEDEV,2026-01-09,110742,1,8,0,197.0
10110031DEDEV_2026-01-09_G04,10110031DEDEV,2026-01-09,100334,1,8,0,240.0
10110031DEDEV_2026-01-09_G05,10110031DEDEV,2026-01-09,118290,1,4,0,242.0
10110031DEDEV_2026-01-09_G06,10110031DEDEV,2026-01-09,140923,1,12,0,316.0
10110031DEDEV_2026-01-09_G07,10110031DEDEV,2026-01-09,117856,1,12,0,170.0
10110031DEDEV_2026-01-09_G08,10110031DEDEV,2026-01-09,111467,1,20,0,158.0
10110031DEDEV_2026-01-09_G09,10110031DEDEV,2026-01-09,118298,1,4,0,309.0
10110031DEDEV_2026-01-09_G10,10110031DEDEV,2026-01-09,110313,1,12,0,464.0
10110031DEDEV_2026-01-09_G11,10110031DEDEV,2026-01-09,141047,1,8,0,127.0
10110031DEDEV_2026-01-09_G12,10110031DEDEV,2026-01-09,111876,1,4,0,244.0
10110031DEDEV_2026-01-09_G13,10110031DEDEV,2026-01-09,107629,1,8,0,114.0
10110031DEDEV_2026-01-09_G14,10110031DEDEV,2026-01-09,117853,1,12,0,212.0
10110031DEDEV_2026-01-09_G15,10110031DEDEV,2026-01-09,109640,1,8,0,163.0
10110031DEDEV_2026-01-09_G16,10110031DEDEV,2026-01-09,117854,1,4,0,91.0
10110031DEDEV_2026-01-09_G17,10110031DEDEV,2026-01-09,117935,1,4,0,1067.0
10110031DEDEV_2026-01-09_G18,10110031DEDEV,2026-01-09,110373,1,80,0,793.0
10110031DEDEV_2026-01-09_G19,10110031DEDEV,2026-01-09,110373,1,50,0,139.0
10110031DEDEV_2026-01-09_G20,10110031DEDEV,2026-01-09,110371,1,12,0,635.0
10110031DEDEV_2026-01-09_G21,10110031DEDEV,2026-01-09,117832,1,2,0,700.0
10110031DEDEV_2026-01-09_G22,10110031DEDEV,2026-01-09,117820,1,183,0,660.0
10110031DEDEV_2026-01-09_G23,10110031DEDEV,2026-01-09,117830,1,180,0,760.0
10110031DEDEV_2026-01-09_G24,10110031DEDEV,2026-01-09,111418,1,100,0,234.0
10110031DEDEV_2026-01-09_G25,10110031DEDEV,2026-01-09,111463,1,2,0,448.0
10110031DEDEV_2026-01-09_G26,10110031DEDEV,2026-01-09,141458,1,50,0,288.0
10110031DEDEV_2026-01-09_G27,10110031DEDEV,2026-01-09,111469,1,100,0,230.0
10110031DEDEV_2026-01-09_G29,10110031DEDEV,2026-01-09,108770,1,13,0,207.0
10110031DEDEV_2026-01-09_G30,10110031DEDEV,2026-01-09,107888,1,5,0,313.0
10110031DEDEV_2026-01-09_G31,10110031DEDEV,2026-01-09,111438,1,6,0,196.0
10110031DEDEV_2026-01-09_G32,10110031DEDEV,2026-01-09,118290,1,12,0,237.0
10110031DEDEV_2026-01-09_G33,10110031DEDEV,2026-01-09,110755,1,8,0,139.0
10110031DEDEV_2026-01-09_G34,10110031DEDEV,2026-01-09,110582,1,12,0,379.0
10110031DEDEV_2026-01-09_G35,10110031DEDEV,2026-01-09,111569,1,32,0,483.0
10110031DEDEV_2026-01-09_G36,10110031DEDEV,2026-01-09,110733,1,12,0,177.0
10110031DEDEV_2026-01-09_G37,10110031DEDEV,2026-01-09,111439,1,10,0,109.0
10110031DEDEV_2026-01-09_G38,10110031DEDEV,2026-01-09,117837,1,12,0,337.0
10110031DEDEV_2026-01-09_G39,10110031DEDEV,2026-01-09,140957,1,4,0,71.0
10110031DEDEV_2026-01-09_G40,10110031DEDEV,2026-01-09,110753,1,2,0,100.0
10110031DEDEV_2026-01-09_G41,10110031DEDEV,2026-01-09,110750,1,5,0,93.0
10110031DEDEV_2026-01-09_G42,10110031DEDEV,2026-01-09,141047,1,16,0,130.0
10110031DEDEV_2026-01-09_G43,10110031DEDEV,2026-01-09,117861,1,13,0,165.0
10110031DEDEV_2026-01-09_G44,10110031DEDEV,2026-01-09,110756,1,4,0,97.0
10110031DEDEV_2026-01-09_G45,10110031DEDEV,2026-01-09,141352,1,16,0,283.0
10110031DEDEV_2026-01-09_G46,10110031DEDEV,2026-01-09,117853,1,15,0,391.0
10110031DEDEV_2026-01-09_G47,10110031DEDEV,2026-01-09,109647,1,18,0,273.0
10110031DEDEV_2026-01-09_G48,10110031DEDEV,2026-01-09,117854,1,8,0,148.0
10110031DEDEV_2026-01-09_G49,10110031DEDEV,2026-01-09,111879,1,2,0,286.0
10110031DEDEV_2026-01-09_G50,10110031DEDEV,2026-01-09,111467,1,22,0,640.0
10110031DEDEV_2026-01-09_G51,10110031DEDEV,2026-01-09,110741,1,24,0,207.0
10110031DEDEV_2026-01-09_G52,10110031DEDEV,2026-01-09,141066,1,16,0,854.0
10110031DEDEV_2026-01-09_G53,10110031DEDEV,2026-01-09,110373,1,175,0,391.0
10110031DEDEV_2026-01-09_G54,10110031DEDEV,2026-01-09,117822,1,40,0,545.0
10110031DEDEV_2026-01-09_G55,10110031DEDEV,2026-01-09,117830,1,40,0,692.0
10110031DEDEV_2026-01-09_G56,10110031DEDEV,2026-01-09,118281,1,10,0,306.0
10110031DEDEV_2026-01-09_G57,10110031DEDEV,2026-01-09,107830,1,20,0,145.0
10110031DEDEV_2026-01-09_G58,10110031DEDEV,2026-01-09,141202,1,12,0,217.0
10110031DEDEV_2026-01-09_G59,10110031DEDEV,2026-01-09,111433,1,124,0,342.0
10110031DEDEV_2026-01-09_G60,10110031DEDEV,2026-01-09,111463,1,60,0,486.0
10110031DEDEV_2026-01-09_G61,10110031DEDEV,2026-01-09,111469,1,67,0,1149.0
10110031DEDEV_2026-01-09_G62,10110031DEDEV,2026-01-09,111418,1,60,0,223.0
10110031DEDEV_2026-01-09_G63,10110031DEDEV,2026-01-09,111462,1,80,0,604.0
10110031DEDEV_2026-01-10_G02,10110031DEDEV,2026-01-10,117862,1,4,0,211.0
10110031DEDEV_2026-01-10_G03,10110031DEDEV,2026-01-10,111569,1,8,0,286.0
10110031DEDEV_2026-01-10_G04,10110031DEDEV,2026-01-10,110747,1,8,0,122.0
10110031DEDEV_2026-01-10_G05,10110031DEDEV,2026-01-10,117856,1,4,0,108.0
10110031DEDEV_2026-01-10_G06,10110031DEDEV,2026-01-10,110339,1,4,0,93.0
10110031DEDEV_2026-01-10_G07,10110031DEDEV,2026-01-10,110752,1,2,0,92.0
10110031DEDEV_2026-01-10_G08,10110031DEDEV,2026-01-10,111532,1,8,0,178.0
10110031DEDEV_2026-01-10_G09,10110031DEDEV,2026-01-10,140922,1,2,0,105.0
10110031DEDEV_2026-01-10_G10,10110031DEDEV,2026-01-10,118140,1,2,0,146.0
10110031DEDEV_2026-01-10_G11,10110031DEDEV,2026-01-10,118299,1,10,0,329.0
10110031DEDEV_2026-01-10_G12,10110031DEDEV,2026-01-10,111441,1,2,0,906.0
10110031DEDEV_2026-01-10_G13,10110031DEDEV,2026-01-10,111569,1,8,0,101.0
10110031DEDEV_2026-01-10_G14,10110031DEDEV,2026-01-10,100334,1,2,0,166.0
10110031DEDEV_2026-01-10_G15,10110031DEDEV,2026-01-10,110733,1,20,0,480.0
10110031DEDEV_2026-01-10_G16,10110031DEDEV,2026-01-10,118094,1,2,0,74.0
10110031DEDEV_2026-01-10_G17,10110031DEDEV,2026-01-10,110741,1,8,0,83.0
10110031DEDEV_2026-01-10_G18,10110031DEDEV,2026-01-10,140923,1,30,0,386.0
10110031DEDEV_2026-01-10_G19,10110031DEDEV,2026-01-10,110313,1,12,0,98.0
10110031DEDEV_2026-01-10_G20,10110031DEDEV,2026-01-10,117861,1,4,0,100.0
10110031DEDEV_2026-01-10_G21,10110031DEDEV,2026-01-10,107629,1,8,0,62.0
10110031DEDEV_2026-01-10_G22,10110031DEDEV,2026-01-10,117855,1,12,0,172.0
10110031DEDEV_2026-01-10_G23,10110031DEDEV,2026-01-10,141352,1,4,0,207.0
10110031DEDEV_2026-01-10_G24,10110031DEDEV,2026-01-10,117853,1,2,0,184.0
10110031DEDEV_2026-01-10_G25,10110031DEDEV,2026-01-10,109640,1,4,0,198.0
10110031DEDEV_2026-01-10_G26,10110031DEDEV,2026-01-10,111348,1,2,0,174.0
10110031DEDEV_2026-01-10_G27,10110031DEDEV,2026-01-10,111462,1,30,0,161.0
10110031DEDEV_2026-01-10_G28,10110031DEDEV,2026-01-10,110751,1,4,0,111.0
10110031DEDEV_2026-01-10_G29,10110031DEDEV,2026-01-10,140922,1,30,0,555.0
10110031DEDEV_2026-01-10_G30,10110031DEDEV,2026-01-10,110743,1,6,0,258.0
10110031DEDEV_2026-01-10_G31,10110031DEDEV,2026-01-10,111743,1,8,0,317.0
10110031DEDEV_2026-01-10_G32,10110031DEDEV,2026-01-10,118330,1,2,0,52.0
10110031DEDEV_2026-01-10_G33,10110031DEDEV,2026-01-10,111468,1,10,0,87.0
10110031DEDEV_2026-01-10_G34,10110031DEDEV,2026-01-10,111468,1,10,0,117.0
10110031DEDEV_2026-01-10_G35,10110031DEDEV,2026-01-10,117833,1,20,0,263.0
10110031DEDEV_2026-01-10_G36,10110031DEDEV,2026-01-10,141458,1,10,0,85.0
10110031DEDEV_2026-01-10_G37,10110031DEDEV,2026-01-10,117831,1,30,0,163.0
10110031DEDEV_2026-01-10_G38,10110031DEDEV,2026-01-10,118140,1,30,0,328.0
10110031DEDEV_2026-01-10_G39,10110031DEDEV,2026-01-10,117787,1,4,0,50.0
10110031DEDEV_2026-01-10_G40,10110031DEDEV,2026-01-10,110740,1,12,0,72.0
10110031DEDEV_2026-01-10_G41,10110031DEDEV,2026-01-10,141456,1,20,0,307.0
10110031DEDEV_2026-01-10_G42,10110031DEDEV,2026-01-10,111418,1,80,0,411.0
10110031DEDEV_2026-01-10_G43,10110031DEDEV,2026-01-10,111463,1,70,0,476.0
10110031DEDEV_2026-01-11_G02,10110031DEDEV,2026-01-11,110372,1,18,0,85.0
10110031DEDEV_2026-01-11_G03,10110031DEDEV,2026-01-11,117809,1,11,0,75.0
10110031DEDEV_2026-01-11_G04,10110031DEDEV,2026-01-11,117809,1,11,0,58.0
10110031DEDEV_2026-01-11_G05,10110031DEDEV,2026-01-11,110373,1,18,0,715.0
10110031DEDEV_2026-01-11_G06,10110031DEDEV,2026-01-11,110373,1,18,0,75.0
10110031DEDEV_2026-01-11_G07,10110031DEDEV,2026-01-11,117830,1,14,0,157.0
10110031DEDEV_2026-01-11_G08,10110031DEDEV,2026-01-11,117830,1,14,0,227.0
10110031DEDEV_2026-01-11_G09,10110031DEDEV,2026-01-11,141202,2,4,20,47.0
10110031DEDEV_2026-01-11_G10,10110031DEDEV,2026-01-11,110371,2,2,9,51.0
10110031DEDEV_2026-01-11_G11,10110031DEDEV,2026-01-11,117832,1,11,0,92.0
10110031DEDEV_2026-01-11_G12,10110031DEDEV,2026-01-11,118281,2,2,19,38.0
10110031DEDEV_2026-01-11_G13,10110031DEDEV,2026-01-11,117820,1,7,0,101.0
10110031DEDEV_2026-01-11_G14,10110031DEDEV,2026-01-11,117820,1,6,0,32.0
10110031DEDEV_2026-01-11_G15,10110031DEDEV,2026-01-11,107830,1,7,0,102.0
10110031DEDEV_2026-01-11_G16,10110031DEDEV,2026-01-11,107830,1,7,0,33.0
10110031DEDEV_2026-01-11_G17,10110031DEDEV,2026-01-11,118277,2,2,26,86.0
10110031DEDEV_2026-01-11_G18,10110031DEDEV,2026-01-11,110733,1,4,0,90.0
10110031DEDEV_2026-01-11_G19,10110031DEDEV,2026-01-11,110733,1,4,0,31.0
10110031DEDEV_2026-01-11_G20,10110031DEDEV,2026-01-11,118094,1,14,0,129.0
10110031DEDEV_2026-01-11_G21,10110031DEDEV,2026-01-11,118094,1,14,0,206.0
10110031DEDEV_2026-01-11_G22,10110031DEDEV,2026-01-11,117837,1,1,0,50.0
10110031DEDEV_2026-01-11_G23,10110031DEDEV,2026-01-11,141047,2,3,18,75.0
10110031DEDEV_2026-01-11_G24,10110031DEDEV,2026-01-11,117855,1,9,0,98.0
10110031DEDEV_2026-01-11_G25,10110031DEDEV,2026-01-11,117786,1,11,0,108.0
10110031DEDEV_2026-01-11_G26,10110031DEDEV,2026-01-11,117786,1,11,0,52.0
10110031DEDEV_2026-01-11_G27,10110031DEDEV,2026-01-11,109647,1,2,0,66.0
10110031DEDEV_2026-01-11_G28,10110031DEDEV,2026-01-11,105242,1,1,0,60.0
10110031DEDEV_2026-01-11_G29,10110031DEDEV,2026-01-11,109640,1,3,0,156.0
10110031DEDEV_2026-01-11_G30,10110031DEDEV,2026-01-11,111467,1,3,0,225.0
10110031DEDEV_2026-01-11_G31,10110031DEDEV,2026-01-11,105242,1,2,0,405.0
10110031DEDEV_2026-01-11_G32,10110031DEDEV,2026-01-11,"110753, 140923",2,23,18,273.0
10110031DEDEV_2026-01-11_G33,10110031DEDEV,2026-01-11,108770,1,4,0,573.0
10110031DEDEV_2026-01-11_G34,10110031DEDEV,2026-01-11,110733,1,7,0,87.0
10110031DEDEV_2026-01-11_G35,10110031DEDEV,2026-01-11,111743,1,12,0,100.0
10110031DEDEV_2026-01-11_G36,10110031DEDEV,2026-01-11,117833,1,6,0,164.0
10110031DEDEV_2026-01-11_G37,10110031DEDEV,2026-01-11,117842,1,2,0,278.0
10110031DEDEV_2026-01-11_G38,10110031DEDEV,2026-01-11,117809,1,12,0,128.0
10110031DEDEV_2026-01-11_G39,10110031DEDEV,2026-01-11,111569,1,14,0,134.0
10110031DEDEV_2026-01-11_G40,10110031DEDEV,2026-01-11,111430,1,12,0,368.0
10110031DEDEV_2026-01-11_G41,10110031DEDEV,2026-01-11,118094,1,8,0,166.0
10110031DEDEV_2026-01-11_G42,10110031DEDEV,2026-01-11,111467,1,4,0,120.0
10110031DEDEV_2026-01-11_G43,10110031DEDEV,2026-01-11,108794,1,12,0,110.0
10110031DEDEV_2026-01-11_G44,10110031DEDEV,2026-01-11,110743,1,4,0,97.0
10110031DEDEV_2026-01-11_G45,10110031DEDEV,2026-01-11,117841,1,2,0,105.0
10110031DEDEV_2026-01-11_G46,10110031DEDEV,2026-01-11,111468,1,6,0,117.0
10110031DEDEV_2026-01-11_G47,10110031DEDEV,2026-01-11,111435,1,12,0,148.0
10110031DEDEV_2026-01-11_G48,10110031DEDEV,2026-01-11,141823,1,1,0,68.0
10110031DEDEV_2026-01-11_G49,10110031DEDEV,2026-01-11,141458,1,32,0,599.0
10110031DEDEV_2026-01-11_G50,10110031DEDEV,2026-01-11,110745,1,8,0,90.0
10110031DEDEV_2026-01-11_G51,10110031DEDEV,2026-01-11,111469,1,16,0,667.0
10110031DEDEV_2026-01-11_G52,10110031DEDEV,2026-01-11,117787,1,14,0,129.0
10110031DEDEV_2026-01-11_G53,10110031DEDEV,2026-01-11,110740,1,8,0,55.0
10110031DEDEV_2026-01-11_G54,10110031DEDEV,2026-01-11,141318,1,4,0,236.0
10110031DEDEV_2026-01-11_G55,10110031DEDEV,2026-01-11,140911,1,1,0,45.0
10110031DEDEV_2026-01-11_G56,10110031DEDEV,2026-01-11,110754,1,2,0,66.0
10110031DEDEV_2026-01-11_G57,10110031DEDEV,2026-01-11,111532,1,144,0,404.0
10110031DEDEV_2026-01-11_G58,10110031DEDEV,2026-01-11,118140,1,74,0,268.0
10110031DEDEV_2026-01-11_G59,10110031DEDEV,2026-01-11,140922,1,40,0,349.0
10110031DEDEV_2026-01-11_G60,10110031DEDEV,2026-01-11,111463,1,51,0,504.0
10110031DEDEV_2026-01-11_G61,10110031DEDEV,2026-01-11,117831,1,56,0,341.0
10110031DEDEV_2026-01-12_G02,10110031DEDEV,2026-01-12,141202,1,1,0,46.0
10110031DEDEV_2026-01-12_G03,10110031DEDEV,2026-01-12,117820,1,175,0,469.0
10110031DEDEV_2026-01-12_G04,10110031DEDEV,2026-01-12,117808,1,462,0,3329.0
10110031DEDEV_2026-01-12_G05,10110031DEDEV,2026-01-12,110372,1,50,0,615.0
10110031DEDEV_2026-01-12_G06,10110031DEDEV,2026-01-12,110373,1,12,0,429.0
10110031DEDEV_2026-01-12_G07,10110031DEDEV,2026-01-12,118299,1,293,0,1014.0
10110031DEDEV_2026-01-12_G08,10110031DEDEV,2026-01-12,117830,1,95,0,643.0
10110031DEDEV_2026-01-12_G09,10110031DEDEV,2026-01-12,110371,1,52,0,406.0
10110031DEDEV_2026-01-12_G11,10110031DEDEV,2026-01-12,111779,1,1,0,139.0
10110031DEDEV_2026-01-12_G12,10110031DEDEV,2026-01-12,140923,1,340,0,959.0
10110031DEDEV_2026-01-12_G13,10110031DEDEV,2026-01-12,117861,1,18,0,588.0
10110031DEDEV_2026-01-12_G14,10110031DEDEV,2026-01-12,118352,1,2,0,661.0
10110031DEDEV_2026-01-12_G15,10110031DEDEV,2026-01-12,110372,1,22,0,1088.0
10110031DEDEV_2026-01-12_G16,10110031DEDEV,2026-01-12,110373,1,16,0,81.0
10110031DEDEV_2026-01-12_G17,10110031DEDEV,2026-01-12,118299,1,7,0,87.0
10110031DEDEV_2026-01-12_G18,10110031DEDEV,2026-01-12,110371,1,2,0,101.0
10110031DEDEV_2026-01-12_G19,10110031DEDEV,2026-01-12,109643,1,4,0,72.0
10110031DEDEV_2026-01-12_G20,10110031DEDEV,2026-01-12,109643,1,4,0,45.0
10110031DEDEV_2026-01-12_G21,10110031DEDEV,2026-01-12,111743,1,3,0,134.0
10110031DEDEV_2026-01-12_G22,10110031DEDEV,2026-01-12,111532,1,20,0,386.0
10110031DEDEV_2026-01-12_G23,10110031DEDEV,2026-01-12,118140,1,27,0,507.0
10110031DEDEV_2026-01-12_G24,10110031DEDEV,2026-01-12,140922,1,6,0,250.0
10110031DEDEV_2026-01-12_G25,10110031DEDEV,2026-01-12,111466,1,2,0,113.0
10110031DEDEV_2026-01-12_G26,10110031DEDEV,2026-01-12,111463,1,8,0,131.0
10110031DEDEV_2026-01-12_G27,10110031DEDEV,2026-01-12,110740,1,2,0,103.0
10110031DEDEV_2026-01-12_G28,10110031DEDEV,2026-01-12,111418,1,43,0,622.0
10110031DEDEV_2026-01-12_G30,10110031DEDEV,2026-01-12,118094,1,4,0,98.0
10110031DEDEV_2026-01-12_G31,10110031DEDEV,2026-01-12,140923,1,29,0,703.0
10110031DEDEV_2026-01-12_G32,10110031DEDEV,2026-01-12,117786,1,4,0,149.0
10110031DEDEV_2026-01-13_G02,10110031DEDEV,2026-01-13,111438,1,2,0,152.0
10110031DEDEV_2026-01-13_G03,10110031DEDEV,2026-01-13,110747,1,8,0,547.0
10110031DEDEV_2026-01-13_G04,10110031DEDEV,2026-01-13,141916,1,4,0,128.0
10110031DEDEV_2026-01-13_G05,10110031DEDEV,2026-01-13,117808,1,42,0,948.0
10110031DEDEV_2026-01-13_G06,10110031DEDEV,2026-01-13,110733,1,8,0,359.0
10110031DEDEV_2026-01-13_G07,10110031DEDEV,2026-01-13,111439,1,4,0,73.0
10110031DEDEV_2026-01-13_G08,10110031DEDEV,2026-01-13,117855,1,2,0,53.0
10110031DEDEV_2026-01-13_G09,10110031DEDEV,2026-01-13,118094,1,2,0,56.0
10110031DEDEV_2026-01-13_G10,10110031DEDEV,2026-01-13,140923,1,31,0,346.0
10110031DEDEV_2026-01-13_G11,10110031DEDEV,2026-01-13,117786,1,4,0,109.0
10110031DEDEV_2026-01-13_G12,10110031DEDEV,2026-01-13,110339,1,4,0,68.0
10110031DEDEV_2026-01-13_G13,10110031DEDEV,2026-01-13,109647,1,4,0,254.0
10110031DEDEV_2026-01-13_G14,10110031DEDEV,2026-01-13,110711,1,4,0,81.0
10110031DEDEV_2026-01-13_G15,10110031DEDEV,2026-01-13,109640,1,56,0,587.0
10110031DEDEV_2026-01-13_G16,10110031DEDEV,2026-01-13,110372,1,9,0,414.0
10110031DEDEV_2026-01-13_G17,10110031DEDEV,2026-01-13,117809,1,4,0,52.0
10110031DEDEV_2026-01-13_G18,10110031DEDEV,2026-01-13,110373,1,31,0,160.0
10110031DEDEV_2026-01-13_G19,10110031DEDEV,2026-01-13,110371,1,5,0,138.0
10110031DEDEV_2026-01-13_G20,10110031DEDEV,2026-01-13,109643,1,6,0,148.0
10110031DEDEV_2026-01-13_G21,10110031DEDEV,2026-01-13,111743,1,40,0,1205.0
10110031DEDEV_2026-01-13_G22,10110031DEDEV,2026-01-13,117833,1,50,0,40.0
10110031DEDEV_2026-01-13_G23,10110031DEDEV,2026-01-13,108794,1,30,0,208.0
10110031DEDEV_2026-01-13_G24,10110031DEDEV,2026-01-13,117831,1,30,0,808.0
10110031DEDEV_2026-01-13_G25,10110031DEDEV,2026-01-13,111462,1,30,0,918.0
10110031DEDEV_2026-01-13_G26,10110031DEDEV,2026-01-13,111418,1,70,0,33.0
10110031DEDEV_2026-01-13_G27,10110031DEDEV,2026-01-13,110743,1,18,0,413.0
10110031DEDEV_2026-01-13_G28,10110031DEDEV,2026-01-13,117841,1,3,0,102.0
10110031DEDEV_2026-01-13_G29,10110031DEDEV,2026-01-13,111468,1,12,0,183.0
10110031DEDEV_2026-01-13_G30,10110031DEDEV,2026-01-13,117838,1,8,0,145.0
10110031DEDEV_2026-01-13_G31,10110031DEDEV,2026-01-13,111435,1,2,0,131.0
10110031DEDEV_2026-01-13_G32,10110031DEDEV,2026-01-13,117785,1,50,0,339.0
10110031DEDEV_2026-01-13_G33,10110031DEDEV,2026-01-13,108798,1,30,0,259.0
10110031DEDEV_2026-01-13_G34,10110031DEDEV,2026-01-13,111463,1,90,0,808.0
10110031DEDEV_2026-01-13_G36,10110031DEDEV,2026-01-13,107830,1,50,0,340.0
10110031DEDEV_2026-01-13_G37,10110031DEDEV,2026-01-13,108794,1,21,0,787.0
10110031DEDEV_2026-01-13_G38,10110031DEDEV,2026-01-13,109641,1,4,0,97.0
10110031DEDEV_2026-01-13_G39,10110031DEDEV,2026-01-13,110745,1,15,0,184.0
10110031DEDEV_2026-01-13_G40,10110031DEDEV,2026-01-13,110743,1,95,0,687.0
10110031DEDEV_2026-01-13_G41,10110031DEDEV,2026-01-13,109645,1,77,0,360.0
10110031DEDEV_2026-01-13_G42,10110031DEDEV,2026-01-13,117837,1,86,0,760.0
10110031DEDEV_2026-01-13_G43,10110031DEDEV,2026-01-13,116611,1,2,0,2204.0
10110031DEDEV_2026-01-13_G44,10110031DEDEV,2026-01-13,118322,1,1,0,185.0
10110031DEDEV_2026-01-13_G45,10110031DEDEV,2026-01-13,110741,1,4,0,97.0
10110031DEDEV_2026-01-13_G46,10110031DEDEV,2026-01-13,117856,1,10,0,117.0
10110031DEDEV_2026-01-13_G47,10110031DEDEV,2026-01-13,141352,1,4,0,85.0
10110031DEDEV_2026-01-13_G48,10110031DEDEV,2026-01-13,110371,1,13,0,339.0
10110031DEDEV_2026-01-13_G50,10110031DEDEV,2026-01-13,117821,1,13,0,147.0
10110031DEDEV_2026-01-13_G51,10110031DEDEV,2026-01-13,141456,1,7,0,166.0
10110031DEDEV_2026-01-14_G02,10110031DEDEV,2026-01-14,117809,1,6,0,63.0
10110031DEDEV_2026-01-14_G03,10110031DEDEV,2026-01-14,117808,1,37,0,317.0
10110031DEDEV_2026-01-14_G04,10110031DEDEV,2026-01-14,110373,1,10,0,322.0
10110031DEDEV_2026-01-14_G05,10110031DEDEV,2026-01-14,118299,1,18,0,84.0
10110031DEDEV_2026-01-14_G06,10110031DEDEV,2026-01-14,117820,1,24,0,342.0
10110031DEDEV_2026-01-14_G07,10110031DEDEV,2026-01-14,117820,1,6,0,67.0
10110031DEDEV_2026-01-14_G08,10110031DEDEV,2026-01-14,141202,1,1,0,109.0
10110031DEDEV_2026-01-14_G09,10110031DEDEV,2026-01-14,110371,1,24,0,300.0
10110031DEDEV_2026-01-14_G10,10110031DEDEV,2026-01-14,109643,1,3,0,92.0
10110031DEDEV_2026-01-14_G11,10110031DEDEV,2026-01-14,110375,1,4,0,84.0
10110031DEDEV_2026-01-14_G12,10110031DEDEV,2026-01-14,117830,1,2,0,233.0
10110031DEDEV_2026-01-14_G13,10110031DEDEV,2026-01-14,107830,1,4,0,70.0
10110031DEDEV_2026-01-14_G14,10110031DEDEV,2026-01-14,117855,1,335,0,1984.0
10110031DEDEV_2026-01-14_G15,10110031DEDEV,2026-01-14,110339,1,198,0,1469.0
10110031DEDEV_2026-01-14_G16,10110031DEDEV,2026-01-14,111532,1,345,0,1182.0
10110031DEDEV_2026-01-14_G17,10110031DEDEV,2026-01-14,110740,1,155,0,1376.0
10110031DEDEV_2026-01-14_G19,10110031DEDEV,2026-01-14,106179,1,2,0,254.0
10110031DEDEV_2026-01-14_G20,10110031DEDEV,2026-01-14,111861,1,3,0,342.0
10110031DEDEV_2026-01-14_G21,10110031DEDEV,2026-01-14,111861,1,5,0,63.0
10110031DEDEV_2026-01-14_G22,10110031DEDEV,2026-01-14,110895,1,17,0,348.0
10110031DEDEV_2026-01-14_G23,10110031DEDEV,2026-01-14,105359,1,2,0,144.0
10110031DEDEV_2026-01-14_G24,10110031DEDEV,2026-01-14,111851,2,4,30,73.0
10110031DEDEV_2026-01-14_G25,10110031DEDEV,2026-01-14,106865,1,2,0,48.0
10110031DEDEV_2026-01-14_G26,10110031DEDEV,2026-01-14,106865,1,2,0,31.0
10110031DEDEV_2026-01-14_G27,10110031DEDEV,2026-01-14,110516,1,2,0,152.0
10110031DEDEV_2026-01-14_G28,10110031DEDEV,2026-01-14,118283,1,40,0,248.0
10110031DEDEV_2026-01-14_G29,10110031DEDEV,2026-01-14,118052,1,2,0,482.0
10110031DEDEV_2026-01-14_G30,10110031DEDEV,2026-01-14,117862,1,12,0,210.0
10110031DEDEV_2026-01-14_G31,10110031DEDEV,2026-01-14,110313,1,17,0,153.0
10110031DEDEV_2026-01-14_G32,10110031DEDEV,2026-01-14,117856,1,20,0,213.0
10110031DEDEV_2026-01-14_G33,10110031DEDEV,2026-01-14,117786,1,26,0,369.0
10110031DEDEV_2026-01-14_G34,10110031DEDEV,2026-01-14,110063,2,4,23,267.0
10110031DEDEV_2026-01-14_G35,10110031DEDEV,2026-01-14,110372,1,20,0,124.0
10110031DEDEV_2026-01-14_G36,10110031DEDEV,2026-01-14,117809,1,20,0,157.0
10110031DEDEV_2026-01-14_G37,10110031DEDEV,2026-01-14,110373,1,20,0,99.0
10110031DEDEV_2026-01-14_G38,10110031DEDEV,2026-01-14,110371,1,17,0,186.0
10110031DEDEV_2026-01-14_G39,10110031DEDEV,2026-01-14,140923,1,100,0,758.0
10110031DEDEV_2026-01-14_G40,10110031DEDEV,2026-01-14,110375,1,21,0,427.0
10110031DEDEV_2026-01-14_G41,10110031DEDEV,2026-01-14,117830,1,20,0,226.0
10110031DEDEV_2026-01-14_G42,10110031DEDEV,2026-01-14,117830,1,56,0,294.0
10110031DEDEV_2026-01-14_G43,10110031DEDEV,2026-01-14,117820,1,100,0,758.0
10110031DEDEV_2026-01-14_G44,10110031DEDEV,2026-01-14,110372,1,90,0,564.0
10110031DEDEV_2026-01-14_G45,10110031DEDEV,2026-01-14,117809,1,80,0,344.0
10110031DEDEV_2026-01-14_G46,10110031DEDEV,2026-01-14,110373,1,74,0,467.0
10110031DEDEV_2026-01-14_G47,10110031DEDEV,2026-01-14,141202,1,50,0,885.0
10110031DEDEV_2026-01-14_G49,10110031DEDEV,2026-01-14,111743,1,10,0,223.0
10110031DEDEV_2026-01-14_G50,10110031DEDEV,2026-01-14,111348,1,4,0,106.0
10110031DEDEV_2026-01-14_G51,10110031DEDEV,2026-01-14,108794,1,10,0,99.0
10110031DEDEV_2026-01-14_G52,10110031DEDEV,2026-01-14,118140,1,10,0,91.0
10110031DEDEV_2026-01-14_G53,10110031DEDEV,2026-01-14,117831,1,10,0,102.0
10110031DEDEV_2026-01-14_G54,10110031DEDEV,2026-01-14,111462,1,10,0,85.0
10110031DEDEV_2026-01-14_G55,10110031DEDEV,2026-01-14,111418,1,10,0,94.0
10110031DEDEV_2026-01-14_G56,10110031DEDEV,2026-01-14,140922,1,10,0,122.0
10110031DEDEV_2026-01-14_G57,10110031DEDEV,2026-01-14,140922,1,5,0,53.0
10110031DEDEV_2026-01-15_G02,10110031DEDEV,2026-01-15,109645,2,5,30,313.0
10110031DEDEV_2026-01-15_G03,10110031DEDEV,2026-01-15,111532,1,15,0,123.0
10110031DEDEV_2026-01-15_G04,10110031DEDEV,2026-01-15,141271,1,20,0,178.0
10110031DEDEV_2026-01-15_G05,10110031DEDEV,2026-01-15,141823,1,4,0,114.0
10110031DEDEV_2026-01-15_G06,10110031DEDEV,2026-01-15,111442,1,8,0,94.0
10110031DEDEV_2026-01-15_G07,10110031DEDEV,2026-01-15,111442,1,6,0,63.0
10110031DEDEV_2026-01-15_G08,10110031DEDEV,2026-01-15,111443,1,6,0,128.0
10110031DEDEV_2026-01-15_G09,10110031DEDEV,2026-01-15,117785,1,10,0,126.0
10110031DEDEV_2026-01-15_G10,10110031DEDEV,2026-01-15,141458,1,12,0,455.0
10110031DEDEV_2026-01-15_G11,10110031DEDEV,2026-01-15,111469,1,2,0,83.0
10110031DEDEV_2026-01-15_G12,10110031DEDEV,2026-01-15,117787,1,8,0,205.0
10110031DEDEV_2026-01-15_G13,10110031DEDEV,2026-01-15,111469,1,20,0,265.0
10110031DEDEV_2026-01-15_G14,10110031DEDEV,2026-01-15,111444,1,10,0,34.0
10110031DEDEV_2026-01-15_G15,10110031DEDEV,2026-01-15,111418,1,30,0,832.0
10110031DEDEV_2026-01-15_G16,10110031DEDEV,2026-01-15,111438,1,100,0,1766.0
10110031DEDEV_2026-01-15_G17,10110031DEDEV,2026-01-15,111436,1,11,0,432.0
10110031DEDEV_2026-01-15_G18,10110031DEDEV,2026-01-15,118140,1,11,0,708.0
10110031DEDEV_2026-01-15_G19,10110031DEDEV,2026-01-15,111182,1,50,0,271.0
10110031DEDEV_2026-01-15_G20,10110031DEDEV,2026-01-15,111462,1,100,0,962.0
10110031DEDEV_2026-01-15_G22,10110031DEDEV,2026-01-15,118140,1,8,0,757.0
10110031DEDEV_2026-01-15_G23,10110031DEDEV,2026-01-15,110374,1,30,0,927.0
10110031DEDEV_2026-01-15_G24,10110031DEDEV,2026-01-15,118299,1,7,0,122.0
10110031DEDEV_2026-01-15_G25,10110031DEDEV,2026-01-15,118299,1,33,0,144.0
10110031DEDEV_2026-01-15_G26,10110031DEDEV,2026-01-15,118299,1,8,0,52.0
10110031DEDEV_2026-01-15_G27,10110031DEDEV,2026-01-15,117822,1,4,0,153.0
10110031DEDEV_2026-01-15_G28,10110031DEDEV,2026-01-15,109643,1,12,0,178.0
10110031DEDEV_2026-01-15_G29,10110031DEDEV,2026-01-15,110375,1,10,0,320.0
10110031DEDEV_2026-01-15_G30,10110031DEDEV,2026-01-15,"117830, 107830",2,28,29,268.0
10110031DEDEV_2026-01-15_G31,10110031DEDEV,2026-01-15,117808,1,13,0,353.0
10110031DEDEV_2026-01-15_G32,10110031DEDEV,2026-01-15,117808,1,15,0,294.0
10110031DEDEV_2026-01-15_G33,10110031DEDEV,2026-01-15,110371,1,36,0,308.0
10110031DEDEV_2026-01-15_G34,10110031DEDEV,2026-01-15,110373,1,60,0,771.0
10110031DEDEV_2026-01-15_G35,10110031DEDEV,2026-01-15,116527,1,2,0,1065.0
10110031DEDEV_2026-01-15_G36,10110031DEDEV,2026-01-15,110313,1,4,0,419.0
10110031DEDEV_2026-01-15_G37,10110031DEDEV,2026-01-15,160057,1,4,0,258.0
10110031DEDEV_2026-01-15_G38,10110031DEDEV,2026-01-15,160051,1,4,0,347.0
10110031DEDEV_2026-01-15_G39,10110031DEDEV,2026-01-15,110374,1,2,0,374.0
10110031DEDEV_2026-01-15_G40,10110031DEDEV,2026-01-15,117808,1,5,0,228.0
10110031DEDEV_2026-01-16_G02,10110031DEDEV,2026-01-16,118094,1,2,0,218.0
10110031DEDEV_2026-01-16_G03,10110031DEDEV,2026-01-16,111467,1,4,0,120.0
10110031DEDEV_2026-01-16_G04,10110031DEDEV,2026-01-16,140923,1,2,0,150.0
10110031DEDEV_2026-01-16_G05,10110031DEDEV,2026-01-16,117855,1,4,0,176.0
10110031DEDEV_2026-01-16_G06,10110031DEDEV,2026-01-16,140922,1,6,0,174.0
10110031DEDEV_2026-01-16_G07,10110031DEDEV,2026-01-16,111462,1,4,0,83.0
10110031DEDEV_2026-01-16_G08,10110031DEDEV,2026-01-16,117809,1,3,0,106.0
10110031DEDEV_2026-01-16_G09,10110031DEDEV,2026-01-16,117830,1,4,0,178.0
10110031DEDEV_2026-01-16_G10,10110031DEDEV,2026-01-16,109647,1,2,0,743.0
10110031DEDEV_2026-01-16_G11,10110031DEDEV,2026-01-16,111348,1,3,0,159.0
10110031DEDEV_2026-01-16_G12,10110031DEDEV,2026-01-16,109645,1,12,0,189.0
10110031DEDEV_2026-01-16_G13,10110031DEDEV,2026-01-16,109643,1,18,0,482.0
10110031DEDEV_2026-01-16_G14,10110031DEDEV,2026-01-16,142045,1,10,0,1581.0
10110031DEDEV_2026-01-16_G15,10110031DEDEV,2026-01-16,117862,1,4,0,118.0
10110031DEDEV_2026-01-16_G16,10110031DEDEV,2026-01-16,117808,1,210,0,1859.0
10110031DEDEV_2026-01-16_G17,10110031DEDEV,2026-01-16,117830,1,56,0,214.0
10110031DEDEV_2026-01-16_G18,10110031DEDEV,2026-01-16,140922,2,4,29,526.0
10110031DEDEV_2026-01-16_G19,10110031DEDEV,2026-01-16,117862,1,15,0,752.0
10110031DEDEV_2026-01-16_G20,10110031DEDEV,2026-01-16,117862,1,14,0,85.0
10110031DEDEV_2026-01-16_G21,10110031DEDEV,2026-01-16,141047,1,4,0,156.0
10110031DEDEV_2026-01-16_G22,10110031DEDEV,2026-01-16,117855,1,8,0,160.0
10110031DEDEV_2026-01-16_G23,10110031DEDEV,2026-01-16,142045,1,19,0,453.0
10110031DEDEV_2026-01-16_G25,10110031DEDEV,2026-01-16,108794,1,25,0,698.0
10110031DEDEV_2026-01-16_G26,10110031DEDEV,2026-01-16,117831,1,30,0,395.0
10110031DEDEV_2026-01-16_G27,10110031DEDEV,2026-01-16,110751,1,6,0,54.0
10110031DEDEV_2026-01-16_G28,10110031DEDEV,2026-01-16,110751,1,10,0,118.0
10110031DEDEV_2026-01-16_G29,10110031DEDEV,2026-01-16,116241,1,2,0,70.0
10110031DEDEV_2026-01-16_G30,10110031DEDEV,2026-01-16,109645,1,8,0,1437.0
10110031DEDEV_2026-01-16_G31,10110031DEDEV,2026-01-16,111468,1,20,0,142.0
10110031DEDEV_2026-01-16_G32,10110031DEDEV,2026-01-16,111532,1,40,0,513.0
10110031DEDEV_2026-01-16_G33,10110031DEDEV,2026-01-16,111172,1,6,0,81.0
10110031DEDEV_2026-01-16_G34,10110031DEDEV,2026-01-16,109641,1,4,0,73.0
10110031DEDEV_2026-01-16_G35,10110031DEDEV,2026-01-16,111418,1,100,0,566.0
10110031DEDEV_2026-01-16_G36,10110031DEDEV,2026-01-16,111463,1,20,0,382.0
10110031DEDEV_2026-01-16_G37,10110031DEDEV,2026-01-16,111469,1,30,0,206.0
10110031DEDEV_2026-01-16_G38,10110031DEDEV,2026-01-16,110740,1,10,0,102.0
10110031DEDEV_2026-01-16_G39,10110031DEDEV,2026-01-16,118140,1,20,0,376.0
10110031DEDEV_2026-01-16_G40,10110031DEDEV,2026-01-16,117787,1,12,0,73.0
10110031DEDEV_2026-01-16_G41,10110031DEDEV,2026-01-16,111466,1,45,0,268.0
10110031DEDEV_2026-01-16_G42,10110031DEDEV,2026-01-16,117785,1,60,0,285.0
10110031DEDEV_2026-01-16_G43,10110031DEDEV,2026-01-16,111462,1,20,0,942.0
10110031DEDEV_2026-01-16_G44,10110031DEDEV,2026-01-16,117820,1,50,0,672.0
10110031DEDEV_2026-01-16_G46,10110031DEDEV,2026-01-16,118306,1,10,0,169.0
10110031DEDEV_2026-01-16_G47,10110031DEDEV,2026-01-16,110895,1,8,0,89.0
10110031DEDEV_2026-01-16_G48,10110031DEDEV,2026-01-16,117834,1,6,0,501.0
10110031DEDEV_2026-01-16_G49,10110031DEDEV,2026-01-16,111569,1,6,0,94.0
10110031DEDEV_2026-01-16_G50,10110031DEDEV,2026-01-16,110747,1,1,0,59.0
10110031DEDEV_2026-01-17_G02,10110031DEDEV,2026-01-17,118290,1,6,0,143.0
10110031DEDEV_2026-01-17_G03,10110031DEDEV,2026-01-17,118094,1,5,0,466.0
10110031DEDEV_2026-01-17_G04,10110031DEDEV,2026-01-17,141047,1,4,0,169.0
10110031DEDEV_2026-01-17_G05,10110031DEDEV,2026-01-17,107629,1,4,0,59.0
10110031DEDEV_2026-01-17_G06,10110031DEDEV,2026-01-17,117856,1,2,0,54.0
10110031DEDEV_2026-01-17_G07,10110031DEDEV,2026-01-17,141352,1,16,0,149.0
10110031DEDEV_2026-01-17_G08,10110031DEDEV,2026-01-17,108361,1,10,0,71.0
10110031DEDEV_2026-01-17_G09,10110031DEDEV,2026-01-17,110339,1,16,0,162.0
10110031DEDEV_2026-01-17_G10,10110031DEDEV,2026-01-17,117855,1,23,0,367.0
10110031DEDEV_2026-01-17_G11,10110031DEDEV,2026-01-17,110752,1,2,0,65.0
10110031DEDEV_2026-01-17_G12,10110031DEDEV,2026-01-17,140923,1,47,0,490.0
10110031DEDEV_2026-01-17_G13,10110031DEDEV,2026-01-17,111442,1,6,0,215.0
10110031DEDEV_2026-01-17_G14,10110031DEDEV,2026-01-17,111418,1,22,0,131.0
10110031DEDEV_2026-01-17_G15,10110031DEDEV,2026-01-17,118223,1,12,0,132.0
10110031DEDEV_2026-01-17_G16,10110031DEDEV,2026-01-17,111469,1,30,0,468.0
10110031DEDEV_2026-01-17_G17,10110031DEDEV,2026-01-17,111465,1,4,0,243.0
10110031DEDEV_2026-01-17_G18,10110031DEDEV,2026-01-17,117808,1,130,0,1762.0
10110031DEDEV_2026-01-17_G19,10110031DEDEV,2026-01-17,117808,1,250,0,509.0
10110031DEDEV_2026-01-17_G20,10110031DEDEV,2026-01-17,117808,1,100,0,63.0
10110031DEDEV_2026-01-17_G21,10110031DEDEV,2026-01-17,110374,1,17,0,855.0
10110031DEDEV_2026-01-17_G22,10110031DEDEV,2026-01-17,110372,1,70,0,749.0
10110031DEDEV_2026-01-17_G23,10110031DEDEV,2026-01-17,118299,1,38,0,573.0
10110031DEDEV_2026-01-17_G24,10110031DEDEV,2026-01-17,117820,1,35,0,220.0
10110031DEDEV_2026-01-17_G25,10110031DEDEV,2026-01-17,118299,1,110,0,493.0
10110031DEDEV_2026-01-17_G26,10110031DEDEV,2026-01-17,110371,1,70,0,350.0
10110031DEDEV_2026-01-17_G27,10110031DEDEV,2026-01-17,109643,1,6,0,78.0
10110031DEDEV_2026-01-17_G28,10110031DEDEV,2026-01-17,110373,1,60,0,293.0
10110031DEDEV_2026-01-17_G29,10110031DEDEV,2026-01-17,118299,2,42,14,426.0
10110031DEDEV_2026-01-17_G30,10110031DEDEV,2026-01-17,142045,1,8,0,449.0
10110031DEDEV_2026-01-17_G31,10110031DEDEV,2026-01-17,140923,1,10,0,119.0
10110031DEDEV_2026-01-17_G32,10110031DEDEV,2026-01-17,111602,1,4,0,54.0
10110031DEDEV_2026-01-17_G33,10110031DEDEV,2026-01-17,117855,1,8,0,146.0
10110031DEDEV_2026-01-17_G34,10110031DEDEV,2026-01-17,117855,1,20,0,181.0
10110031DEDEV_2026-01-19_G02,10110031DEDEV,2026-01-19,109974,1,7,0,299.0
10110031DEDEV_2026-01-19_G03,10110031DEDEV,2026-01-19,111120,1,15,0,353.0
10110031DEDEV_2026-01-19_G04,10110031DEDEV,2026-01-19,108794,1,9,0,160.0
10110031DEDEV_2026-01-19_G05,10110031DEDEV,2026-01-19,117797,1,58,0,829.0
10110031DEDEV_2026-01-19_G06,10110031DEDEV,2026-01-19,117808,1,147,0,278.0
10110031DEDEV_2026-01-19_G07,10110031DEDEV,2026-01-19,117861,1,4,0,252.0
10110031DEDEV_2026-01-19_G08,10110031DEDEV,2026-01-19,117821,1,2,0,172.0
10110031DEDEV_2026-01-19_G09,10110031DEDEV,2026-01-19,108794,1,4,0,40.0
10110031DEDEV_2026-01-19_G10,10110031DEDEV,2026-01-19,117808,1,30,0,61.0
10110031DEDEV_2026-01-19_G11,10110031DEDEV,2026-01-19,118299,1,30,0,297.0
10110031DEDEV_2026-01-19_G12,10110031DEDEV,2026-01-19,117836,1,2,0,1035.0
10110031DEDEV_2026-01-19_G13,10110031DEDEV,2026-01-19,141248,1,4,0,175.0
10110031DEDEV_2026-01-19_G14,10110031DEDEV,2026-01-19,111120,1,2,0,106.0
10110031DEDEV_2026-01-19_G15,10110031DEDEV,2026-01-19,110895,1,4,0,292.0
10110031DEDEV_2026-01-19_G16,10110031DEDEV,2026-01-19,110623,1,2,0,305.0
10110031DEDEV_2026-01-19_G17,10110031DEDEV,2026-01-19,117789,1,1,0,105.0
10110031DEDEV_2026-01-19_G18,10110031DEDEV,2026-01-19,141035,1,2,0,185.0
10110031DEDEV_2026-01-19_G19,10110031DEDEV,2026-01-19,111467,1,5,0,90.0
10110031DEDEV_2026-01-19_G20,10110031DEDEV,2026-01-19,117862,1,2,0,100.0
10110031DEDEV_2026-01-19_G21,10110031DEDEV,2026-01-19,140923,1,16,0,236.0
10110031DEDEV_2026-01-19_G22,10110031DEDEV,2026-01-19,141047,2,7,27,109.0
10110031DEDEV_2026-01-19_G23,10110031DEDEV,2026-01-19,107629,1,2,0,60.0
10110031DEDEV_2026-01-19_G24,10110031DEDEV,2026-01-19,110733,1,2,0,104.0
10110031DEDEV_2026-01-19_G25,10110031DEDEV,2026-01-19,108361,1,2,0,74.0
10110031DEDEV_2026-01-19_G26,10110031DEDEV,2026-01-19,117855,1,22,0,243.0
10110031DEDEV_2026-01-19_G27,10110031DEDEV,2026-01-19,117820,1,16,0,353.0
10110031DEDEV_2026-01-19_G28,10110031DEDEV,2026-01-19,110373,1,27,0,196.0
10110031DEDEV_2026-01-19_G29,10110031DEDEV,2026-01-19,100334,1,20,0,288.0
10110031DEDEV_2026-01-19_G30,10110031DEDEV,2026-01-19,107830,1,43,0,515.0
10110031DEDEV_2026-01-19_G31,10110031DEDEV,2026-01-19,108798,1,5,0,89.0
10110031DEDEV_2026-01-19_G32,10110031DEDEV,2026-01-19,111418,1,4,0,56.0
10110031DEDEV_2026-01-19_G33,10110031DEDEV,2026-01-19,111418,1,15,0,94.0
10110031DEDEV_2026-01-19_G34,10110031DEDEV,2026-01-19,111444,1,2,0,69.0
10110031DEDEV_2026-01-19_G35,10110031DEDEV,2026-01-19,118140,1,4,0,90.0
10110031DEDEV_2026-01-19_G36,10110031DEDEV,2026-01-19,117785,1,30,0,518.0
10110031DEDEV_2026-01-19_G38,10110031DEDEV,2026-01-19,117797,1,2,0,129.0
10110031DEDEV_2026-01-20_G02,10110031DEDEV,2026-01-20,117861,1,10,0,592.0
10110031DEDEV_2026-01-20_G03,10110031DEDEV,2026-01-20,141457,1,10,0,225.0
10110031DEDEV_2026-01-20_G04,10110031DEDEV,2026-01-20,108794,1,22,0,222.0
10110031DEDEV_2026-01-20_G05,10110031DEDEV,2026-01-20,117821,1,6,0,85.0
10110031DEDEV_2026-01-20_G06,10110031DEDEV,2026-01-20,111466,1,16,0,292.0
10110031DEDEV_2026-01-20_G07,10110031DEDEV,2026-01-20,117808,1,30,0,353.0
10110031DEDEV_2026-01-20_G08,10110031DEDEV,2026-01-20,118299,1,50,0,264.0
10110031DEDEV_2026-01-20_G09,10110031DEDEV,2026-01-20,118299,1,600,0,1979.0
10110031DEDEV_2026-01-20_G10,10110031DEDEV,2026-01-20,109974,1,10,0,499.0
10110031DEDEV_2026-01-20_G11,10110031DEDEV,2026-01-20,117808,1,200,0,1858.0
10110031DEDEV_2026-01-20_G12,10110031DEDEV,2026-01-20,117808,1,300,0,1052.0
10110031DEDEV_2026-01-20_G14,10110031DEDEV,2026-01-20,107263,1,2,0,183.0
10110031DEDEV_2026-01-20_G15,10110031DEDEV,2026-01-20,108795,1,11,0,281.0
10110031DEDEV_2026-01-20_G16,10110031DEDEV,2026-01-20,111348,1,5,0,143.0
10110031DEDEV_2026-01-20_G17,10110031DEDEV,2026-01-20,110751,1,1,0,86.0
10110031DEDEV_2026-01-20_G18,10110031DEDEV,2026-01-20,111468,1,21,0,224.0
10110031DEDEV_2026-01-20_G19,10110031DEDEV,2026-01-20,109641,1,8,0,144.0
10110031DEDEV_2026-01-20_G20,10110031DEDEV,2026-01-20,108798,1,1,0,96.0
10110031DEDEV_2026-01-20_G21,10110031DEDEV,2026-01-20,117329,1,1,0,244.0
10110031DEDEV_2026-01-20_G22,10110031DEDEV,2026-01-20,117787,1,12,0,131.0
10110031DEDEV_2026-01-20_G23,10110031DEDEV,2026-01-20,108794,1,111,0,742.0
10110031DEDEV_2026-01-20_G24,10110031DEDEV,2026-01-20,117831,1,70,0,428.0
10110031DEDEV_2026-01-20_G25,10110031DEDEV,2026-01-20,111466,1,80,0,449.0
10110031DEDEV_2026-01-20_G26,10110031DEDEV,2026-01-20,141457,1,100,0,385.0
10110031DEDEV_2026-01-20_G27,10110031DEDEV,2026-01-20,118140,1,50,0,212.0
10110031DEDEV_2026-01-20_G28,10110031DEDEV,2026-01-20,118094,1,41,0,584.0
10110031DEDEV_2026-01-20_G29,10110031DEDEV,2026-01-20,117786,1,34,0,438.0
10110031DEDEV_2026-01-20_G30,10110031DEDEV,2026-01-20,117809,1,57,0,237.0
10110031DEDEV_2026-01-20_G31,10110031DEDEV,2026-01-20,109648,1,4,0,139.0
10110031DEDEV_2026-01-20_G32,10110031DEDEV,2026-01-20,110372,1,34,0,160.0
10110031DEDEV_2026-01-20_G33,10110031DEDEV,2026-01-20,117840,1,8,0,316.0
10110031DEDEV_2026-01-20_G34,10110031DEDEV,2026-01-20,117820,1,27,0,207.0
10110031DEDEV_2026-01-20_G35,10110031DEDEV,2026-01-20,141202,1,5,0,86.0
10110031DEDEV_2026-01-20_G36,10110031DEDEV,2026-01-20,118299,1,300,0,1717.0
10110031DEDEV_2026-01-20_G37,10110031DEDEV,2026-01-20,111120,1,2,0,272.0
10110031DEDEV_2026-01-20_G38,10110031DEDEV,2026-01-20,141695,1,4,0,287.0
10110031DEDEV_2026-01-20_G39,10110031DEDEV,2026-01-20,111775,1,1,0,176.0
10110031DEDEV_2026-01-20_G40,10110031DEDEV,2026-01-20,118280,1,12,0,158.0
10110031DEDEV_2026-01-20_G41,10110031DEDEV,2026-01-20,118169,1,4,0,282.0
10110031DEDEV_2026-01-20_G42,10110031DEDEV,2026-01-20,141367,1,4,0,536.0
10110031DEDEV_2026-01-20_G43,10110031DEDEV,2026-01-20,110080,1,1,0,187.0
10110031DEDEV_2026-01-20_G44,10110031DEDEV,2026-01-20,111112,1,2,0,77.0
10110031DEDEV_2026-01-20_G45,10110031DEDEV,2026-01-20,109974,1,2,0,212.0
10110031DEDEV_2026-01-21_G02,10110031DEDEV,2026-01-21,111441,1,21,0,403.0
10110031DEDEV_2026-01-21_G03,10110031DEDEV,2026-01-21,111430,1,1,0,47.0
10110031DEDEV_2026-01-21_G04,10110031DEDEV,2026-01-21,117835,1,2,0,190.0
10110031DEDEV_2026-01-21_G05,10110031DEDEV,2026-01-21,118306,1,14,0,122.0
10110031DEDEV_2026-01-21_G06,10110031DEDEV,2026-01-21,110841,1,2,0,78.0
10110031DEDEV_2026-01-21_G07,10110031DEDEV,2026-01-21,141368,1,4,0,62.0
10110031DEDEV_2026-01-21_G08,10110031DEDEV,2026-01-21,103149,1,1,0,39.0
10110031DEDEV_2026-01-21_G09,10110031DEDEV,2026-01-21,117836,1,2,0,69.0
10110031DEDEV_2026-01-21_G10,10110031DEDEV,2026-01-21,117834,1,2,0,52.0
10110031DEDEV_2026-01-21_G11,10110031DEDEV,2026-01-21,110747,1,12,0,147.0
10110031DEDEV_2026-01-21_G12,10110031DEDEV,2026-01-21,111569,1,60,0,2281.0
10110031DEDEV_2026-01-21_G13,10110031DEDEV,2026-01-21,118417,1,1,0,208.0
10110031DEDEV_2026-01-21_G14,10110031DEDEV,2026-01-21,110354,1,2,0,142.0
10110031DEDEV_2026-01-21_G15,10110031DEDEV,2026-01-21,141916,1,28,0,452.0
10110031DEDEV_2026-01-21_G16,10110031DEDEV,2026-01-21,105359,1,2,0,622.0
10110031DEDEV_2026-01-21_G17,10110031DEDEV,2026-01-21,110623,1,4,0,232.0
10110031DEDEV_2026-01-21_G18,10110031DEDEV,2026-01-21,110582,1,4,0,256.0
10110031DEDEV_2026-01-21_G19,10110031DEDEV,2026-01-21,117789,1,1,0,123.0
10110031DEDEV_2026-01-21_G20,10110031DEDEV,2026-01-21,140912,1,1,0,108.0
10110031DEDEV_2026-01-21_G21,10110031DEDEV,2026-01-21,141318,1,8,0,215.0
10110031DEDEV_2026-01-21_G22,10110031DEDEV,2026-01-21,100334,1,20,0,710.0
10110031DEDEV_2026-01-22_G02,10110031DEDEV,2026-01-22,109645,1,6,0,896.0
10110031DEDEV_2026-01-22_G03,10110031DEDEV,2026-01-22,111462,1,18,0,254.0
10110031DEDEV_2026-01-22_G04,10110031DEDEV,2026-01-22,111418,1,50,0,266.0
10110031DEDEV_2026-01-22_G05,10110031DEDEV,2026-01-22,117785,1,190,0,912.0
10110031DEDEV_2026-01-22_G06,10110031DEDEV,2026-01-22,140957,1,4,0,856.0
10110031DEDEV_2026-01-22_G07,10110031DEDEV,2026-01-22,111467,1,9,0,327.0
10110031DEDEV_2026-01-22_G08,10110031DEDEV,2026-01-22,110753,1,2,0,82.0
10110031DEDEV_2026-01-22_G09,10110031DEDEV,2026-01-22,118298,1,9,0,104.0
10110031DEDEV_2026-01-22_G10,10110031DEDEV,2026-01-22,118298,1,4,0,69.0
10110031DEDEV_2026-01-22_G11,10110031DEDEV,2026-01-22,105470,1,3,0,372.0
10110031DEDEV_2026-01-22_G12,10110031DEDEV,2026-01-22,110733,1,2,0,72.0
10110031DEDEV_2026-01-22_G13,10110031DEDEV,2026-01-22,105242,1,4,0,517.0
10110031DEDEV_2026-01-22_G14,10110031DEDEV,2026-01-22,110733,1,6,0,121.0
10110031DEDEV_2026-01-22_G15,10110031DEDEV,2026-01-22,117861,1,6,0,123.0
10110031DEDEV_2026-01-22_G16,10110031DEDEV,2026-01-22,110339,1,1,0,195.0
10110031DEDEV_2026-01-22_G17,10110031DEDEV,2026-01-22,110339,1,25,0,695.0
10110031DEDEV_2026-01-22_G18,10110031DEDEV,2026-01-22,111431,1,1,0,244.0
10110031DEDEV_2026-01-22_G19,10110031DEDEV,2026-01-22,111465,1,17,0,527.0
10110031DEDEV_2026-01-22_G20,10110031DEDEV,2026-01-22,110740,1,3,0,93.0
10110031DEDEV_2026-01-22_G21,10110031DEDEV,2026-01-22,141458,1,2,0,233.0
10110031DEDEV_2026-01-22_G22,10110031DEDEV,2026-01-22,141458,1,68,0,1038.0
10110031DEDEV_2026-01-22_G23,10110031DEDEV,2026-01-22,100334,1,4,0,591.0
10110031DEDEV_2026-01-22_G24,10110031DEDEV,2026-01-22,140911,1,9,0,111.0
10110031DEDEV_2026-01-22_G25,10110031DEDEV,2026-01-22,110623,1,2,0,254.0
10110031DEDEV_2026-01-22_G26,10110031DEDEV,2026-01-22,110582,1,4,0,75.0
10110031DEDEV_2026-01-22_G27,10110031DEDEV,2026-01-22,116527,1,8,0,193.0
10110031DEDEV_2026-01-22_G28,10110031DEDEV,2026-01-22,110749,1,4,0,247.0
10110031DEDEV_2026-01-22_G30,10110031DEDEV,2026-01-22,111437,1,18,0,228.0
10110031DEDEV_2026-01-22_G31,10110031DEDEV,2026-01-22,111468,1,2,0,219.0
10110031DEDEV_2026-01-22_G32,10110031DEDEV,2026-01-22,140922,1,20,0,243.0
10110031DEDEV_2026-01-22_G33,10110031DEDEV,2026-01-22,111463,1,8,0,126.0
10110031DEDEV_2026-01-22_G34,10110031DEDEV,2026-01-22,110741,1,12,0,306.0
10110031DEDEV_2026-01-22_G35,10110031DEDEV,2026-01-22,141047,1,30,0,337.0
10110031DEDEV_2026-01-22_G36,10110031DEDEV,2026-01-22,109647,1,36,0,299.0
10110031DEDEV_2026-01-22_G37,10110031DEDEV,2026-01-22,110339,1,44,0,395.0
10110031DEDEV_2026-01-22_G38,10110031DEDEV,2026-01-22,110742,1,2,0,858.0
10110031DEDEV_2026-01-22_G39,10110031DEDEV,2026-01-22,108772,1,4,0,162.0
10110031DEDEV_2026-01-22_G40,10110031DEDEV,2026-01-22,117856,1,2,0,116.0
10110031DEDEV_2026-01-22_G41,10110031DEDEV,2026-01-22,118306,1,1,0,145.0
10110031DEDEV_2026-01-22_G42,10110031DEDEV,2026-01-22,140923,1,24,0,855.0
10110031DEDEV_2026-01-22_G43,10110031DEDEV,2026-01-22,108772,1,6,0,147.0
10110031DEDEV_2026-01-22_G44,10110031DEDEV,2026-01-22,118094,1,10,0,117.0
10110031DEDEV_2026-01-22_G45,10110031DEDEV,2026-01-22,107830,1,4,0,311.0
10110031DEDEV_2026-01-22_G46,10110031DEDEV,2026-01-22,117832,1,8,0,100.0
10110031DEDEV_2026-01-22_G47,10110031DEDEV,2026-01-22,117787,1,10,0,151.0
10110031DEDEV_2026-01-22_G48,10110031DEDEV,2026-01-22,111532,1,30,0,248.0
10110031DEDEV_2026-01-22_G49,10110031DEDEV,2026-01-22,111743,1,4,0,216.0
10110031DEDEV_2026-01-22_G50,10110031DEDEV,2026-01-22,111418,1,40,0,407.0
10110031DEDEV_2026-01-22_G51,10110031DEDEV,2026-01-22,108772,1,2,0,148.0
10110031DEDEV_2026-01-22_G52,10110031DEDEV,2026-01-22,108772,1,4,0,82.0
10110031DEDEV_2026-01-22_G53,10110031DEDEV,2026-01-22,111463,1,3,0,124.0
10110031DEDEV_2026-01-22_G54,10110031DEDEV,2026-01-22,110374,1,4,0,135.0
10110031DEDEV_2026-01-22_G55,10110031DEDEV,2026-01-22,117832,1,10,0,166.0
10110031DEDEV_2026-01-22_G56,10110031DEDEV,2026-01-22,110747,1,10,0,328.0
10110031DEDEV_2026-01-22_G57,10110031DEDEV,2026-01-22,100334,1,5,0,104.0
10110031DEDEV_2026-01-22_G58,10110031DEDEV,2026-01-22,110339,1,10,0,121.0
10110031DEDEV_2026-01-22_G59,10110031DEDEV,2026-01-22,109640,1,3,0,138.0
10110031DEDEV_2026-01-22_G60,10110031DEDEV,2026-01-22,105705,1,4,0,136.0
10110031DEDEV_2026-01-22_G61,10110031DEDEV,2026-01-22,110751,1,11,0,223.0
10110031DEDEV_2026-01-22_G62,10110031DEDEV,2026-01-22,111330,1,6,0,228.0
10110031DEDEV_2026-01-22_G63,10110031DEDEV,2026-01-22,118299,1,50,0,352.0
10110031DEDEV_2026-01-22_G64,10110031DEDEV,2026-01-22,111418,1,30,0,273.0
10110031DEDEV_2026-01-22_G65,10110031DEDEV,2026-01-22,110373,1,10,0,426.0
10110031DEDEV_2026-01-22_G66,10110031DEDEV,2026-01-22,111463,1,4,0,147.0
10110031DEDEV_2026-01-23_G02,10110031DEDEV,2026-01-23,"117832, 110374",2,75,29,633.0
10110031DEDEV_2026-01-23_G03,10110031DEDEV,2026-01-23,109640,1,12,0,563.0
10110031DEDEV_2026-01-23_G04,10110031DEDEV,2026-01-23,111463,1,12,0,1588.0
10110031DEDEV_2026-01-23_G05,10110031DEDEV,2026-01-23,108772,2,4,30,239.0
10110031DEDEV_2026-01-23_G06,10110031DEDEV,2026-01-23,111876,1,4,0,226.0
10110031DEDEV_2026-01-23_G07,10110031DEDEV,2026-01-23,117831,1,2,0,148.0
10110031DEDEV_2026-01-23_G08,10110031DEDEV,2026-01-23,140922,1,1,0,58.0
10110031DEDEV_2026-01-23_G09,10110031DEDEV,2026-01-23,109645,1,2,0,97.0
10110031DEDEV_2026-01-23_G10,10110031DEDEV,2026-01-23,141457,1,2,0,122.0
10110031DEDEV_2026-01-23_G11,10110031DEDEV,2026-01-23,111444,1,2,0,53.0
10110031DEDEV_2026-01-23_G12,10110031DEDEV,2026-01-23,117832,1,4,0,259.0
10110031DEDEV_2026-01-23_G13,10110031DEDEV,2026-01-23,117820,1,2,0,134.0
10110031DEDEV_2026-01-23_G14,10110031DEDEV,2026-01-23,117830,1,2,0,114.0
10110031DEDEV_2026-01-23_G15,10110031DEDEV,2026-01-23,111569,1,4,0,412.0
10110031DEDEV_2026-01-23_G16,10110031DEDEV,2026-01-23,108772,1,2,0,182.0
10110031DEDEV_2026-01-23_G17,10110031DEDEV,2026-01-23,111467,1,4,0,246.0
10110031DEDEV_2026-01-23_G18,10110031DEDEV,2026-01-23,140923,1,5,0,237.0
10110031DEDEV_2026-01-23_G19,10110031DEDEV,2026-01-23,117856,1,6,0,151.0
10110031DEDEV_2026-01-23_G20,10110031DEDEV,2026-01-23,117786,1,2,0,53.0
10110031DEDEV_2026-01-23_G21,10110031DEDEV,2026-01-23,110339,1,4,0,81.0
10110031DEDEV_2026-01-23_G22,10110031DEDEV,2026-01-23,109640,1,6,0,84.0
10110031DEDEV_2026-01-23_G23,10110031DEDEV,2026-01-23,117862,1,4,0,171.0
10110031DEDEV_2026-01-23_G24,10110031DEDEV,2026-01-23,118299,1,12,0,149.0
10110031DEDEV_2026-01-23_G25,10110031DEDEV,2026-01-23,110372,1,8,0,76.0
10110031DEDEV_2026-01-23_G26,10110031DEDEV,2026-01-23,110375,1,3,0,145.0
10110031DEDEV_2026-01-23_G27,10110031DEDEV,2026-01-23,110373,1,10,0,155.0
10110031DEDEV_2026-01-23_G28,10110031DEDEV,2026-01-23,117832,1,1,0,119.0
10110031DEDEV_2026-01-23_G29,10110031DEDEV,2026-01-23,117808,1,23,0,426.0
10110031DEDEV_2026-01-23_G30,10110031DEDEV,2026-01-23,117831,1,4,0,178.0
10110031DEDEV_2026-01-23_G31,10110031DEDEV,2026-01-23,140922,1,2,0,122.0
10110031DEDEV_2026-01-23_G32,10110031DEDEV,2026-01-23,117821,1,4,0,112.0
10110031DEDEV_2026-01-23_G33,10110031DEDEV,2026-01-23,110743,1,4,0,73.0
10110031DEDEV_2026-01-23_G34,10110031DEDEV,2026-01-23,111466,1,14,0,152.0
10110031DEDEV_2026-01-23_G35,10110031DEDEV,2026-01-23,141271,1,4,0,84.0
10110031DEDEV_2026-01-23_G36,10110031DEDEV,2026-01-23,111462,1,2,0,50.0
10110031DEDEV_2026-01-23_G37,10110031DEDEV,2026-01-23,111463,1,8,0,94.0
10110031DEDEV_2026-01-23_G38,10110031DEDEV,2026-01-23,141823,1,4,0,54.0
10110031DEDEV_2026-01-23_G39,10110031DEDEV,2026-01-23,111418,1,3,0,267.0
10110031DEDEV_2026-01-23_G40,10110031DEDEV,2026-01-23,117785,1,5,0,289.0
10110031DEDEV_2026-01-23_G41,10110031DEDEV,2026-01-23,110753,1,4,0,521.0
10110031DEDEV_2026-01-23_G42,10110031DEDEV,2026-01-23,141202,1,4,0,99.0
10110031DEDEV_2026-01-23_G43,10110031DEDEV,2026-01-23,118140,1,6,0,47.0
10110031DEDEV_2026-01-23_G44,10110031DEDEV,2026-01-23,117832,1,4,0,201.0
10110031DEDEV_2026-01-23_G45,10110031DEDEV,2026-01-23,117853,1,2,0,148.0
10110031DEDEV_2026-01-23_G47,10110031DEDEV,2026-01-23,105705,1,1,0,115.0
10110031DEDEV_2026-01-23_G48,10110031DEDEV,2026-01-23,117842,1,1,0,39.0
10110031DEDEV_2026-01-23_G49,10110031DEDEV,2026-01-23,117831,1,4,0,206.0
10110031DEDEV_2026-01-23_G50,10110031DEDEV,2026-01-23,140922,1,2,0,65.0
10110031DEDEV_2026-01-23_G51,10110031DEDEV,2026-01-23,111466,1,4,0,90.0
10110031DEDEV_2026-01-23_G52,10110031DEDEV,2026-01-23,111418,1,4,0,72.0
10110031DEDEV_2026-01-23_G53,10110031DEDEV,2026-01-23,111469,1,8,0,105.0
10110031DEDEV_2026-01-23_G54,10110031DEDEV,2026-01-23,118140,1,4,0,82.0
10110031DEDEV_2026-01-23_G55,10110031DEDEV,2026-01-23,117787,1,2,0,94.0
10110031DEDEV_2026-01-23_G56,10110031DEDEV,2026-01-23,117809,1,2,0,172.0
10110031DEDEV_2026-01-23_G57,10110031DEDEV,2026-01-23,110372,1,12,0,117.0
10110031DEDEV_2026-01-23_G58,10110031DEDEV,2026-01-23,117820,1,4,0,101.0
10110031DEDEV_2026-01-23_G59,10110031DEDEV,2026-01-23,117808,1,30,0,225.0
10110031DEDEV_2026-01-23_G60,10110031DEDEV,2026-01-23,110375,1,2,0,118.0
10110031DEDEV_2026-01-23_G61,10110031DEDEV,2026-01-23,110373,1,20,0,357.0
10110031DEDEV_2026-01-23_G62,10110031DEDEV,2026-01-23,117830,1,4,0,64.0
10110031DEDEV_2026-01-23_G63,10110031DEDEV,2026-01-23,107830,1,2,0,43.0
10110031DEDEV_2026-01-23_G64,10110031DEDEV,2026-01-23,140923,1,4,0,1102.0
10110031DEDEV_2026-01-23_G65,10110031DEDEV,2026-01-23,140923,1,4,0,34.0
10110031DEDEV_2026-01-23_G66,10110031DEDEV,2026-01-23,118140,1,4,0,185.0
10110031DEDEV_2026-01-23_G67,10110031DEDEV,2026-01-23,142045,1,4,0,207.0
10110031DEDEV_2026-01-23_G68,10110031DEDEV,2026-01-23,110374,1,4,0,447.0
10110031DEDEV_2026-01-23_G69,10110031DEDEV,2026-01-23,117832,1,2,0,1708.0
10110031DEDEV_2026-01-23_G70,10110031DEDEV,2026-01-23,111876,1,2,0,121.0
10110031DEDEV_2026-01-23_G71,10110031DEDEV,2026-01-23,111602,1,6,0,182.0
10110031DEDEV_2026-01-23_G72,10110031DEDEV,2026-01-23,108759,1,3,0,364.0
10110031DEDEV_2026-01-23_G73,10110031DEDEV,2026-01-23,108772,1,6,0,324.0
10110031DEDEV_2026-01-23_G74,10110031DEDEV,2026-01-23,117809,1,4,0,204.0
10110031DEDEV_2026-01-23_G75,10110031DEDEV,2026-01-23,117832,1,6,0,172.0
10110031DEDEV_2026-01-23_G76,10110031DEDEV,2026-01-23,118094,1,2,0,272.0
10110031DEDEV_2026-01-23_G77,10110031DEDEV,2026-01-23,140923,1,4,0,103.0
10110031DEDEV_2026-01-23_G78,10110031DEDEV,2026-01-23,117855,1,4,0,113.0
10110031DEDEV_2026-01-23_G79,10110031DEDEV,2026-01-23,118299,1,100,0,468.0
10110031DEDEV_2026-01-23_G80,10110031DEDEV,2026-01-23,108794,1,3,0,224.0
10110031DEDEV_2026-01-23_G81,10110031DEDEV,2026-01-23,111743,1,7,0,93.0
10110031DEDEV_2026-01-23_G82,10110031DEDEV,2026-01-23,111441,1,4,0,292.0
10110031DEDEV_2026-01-23_G83,10110031DEDEV,2026-01-23,141458,1,8,0,160.0
10110031DEDEV_2026-01-24_G02,10110031DEDEV,2026-01-24,110374,1,1,0,187.0
10110031DEDEV_2026-01-24_G03,10110031DEDEV,2026-01-24,117809,1,4,0,88.0
10110031DEDEV_2026-01-24_G04,10110031DEDEV,2026-01-24,117820,1,6,0,112.0
10110031DEDEV_2026-01-24_G05,10110031DEDEV,2026-01-24,141202,1,2,0,104.0
10110031DEDEV_2026-01-24_G06,10110031DEDEV,2026-01-24,117830,1,6,0,122.0
10110031DEDEV_2026-01-24_G07,10110031DEDEV,2026-01-24,117832,1,3,0,85.0
10110031DEDEV_2026-01-24_G08,10110031DEDEV,2026-01-24,110313,1,2,0,124.0
10110031DEDEV_2026-01-24_G09,10110031DEDEV,2026-01-24,140923,1,1,0,63.0
10110031DEDEV_2026-01-24_G10,10110031DEDEV,2026-01-24,117786,1,3,0,110.0
10110031DEDEV_2026-01-24_G11,10110031DEDEV,2026-01-24,111602,1,1,0,69.0
10110031DEDEV_2026-01-24_G12,10110031DEDEV,2026-01-24,108794,1,2,0,191.0
10110031DEDEV_2026-01-24_G13,10110031DEDEV,2026-01-24,140922,1,6,0,95.0
10110031DEDEV_2026-01-24_G14,10110031DEDEV,2026-01-24,111532,1,1,0,130.0
10110031DEDEV_2026-01-24_G15,10110031DEDEV,2026-01-24,111462,1,2,0,67.0
10110031DEDEV_2026-01-24_G16,10110031DEDEV,2026-01-24,111465,1,2,0,124.0
10110031DEDEV_2026-01-24_G17,10110031DEDEV,2026-01-24,111468,1,4,0,82.0
10110031DEDEV_2026-01-24_G18,10110031DEDEV,2026-01-24,117833,1,4,0,95.0
10110031DEDEV_2026-01-24_G19,10110031DEDEV,2026-01-24,111469,1,2,0,48.0
10110031DEDEV_2026-01-24_G20,10110031DEDEV,2026-01-24,117787,1,1,0,76.0
10110031DEDEV_2026-01-24_G21,10110031DEDEV,2026-01-24,117785,1,8,0,135.0
10110031DEDEV_2026-01-24_G22,10110031DEDEV,2026-01-24,110373,1,2,0,577.0
10110031DEDEV_2026-01-24_G23,10110031DEDEV,2026-01-24,117809,1,6,0,350.0
10110031DEDEV_2026-01-24_G24,10110031DEDEV,2026-01-24,110372,1,32,0,299.0
10110031DEDEV_2026-01-24_G25,10110031DEDEV,2026-01-24,117822,1,8,0,79.0
10110031DEDEV_2026-01-24_G26,10110031DEDEV,2026-01-24,117820,1,29,0,174.0
10110031DEDEV_2026-01-24_G27,10110031DEDEV,2026-01-24,141202,1,11,0,94.0
10110031DEDEV_2026-01-24_G28,10110031DEDEV,2026-01-24,109643,1,1,0,48.0
10110031DEDEV_2026-01-24_G29,10110031DEDEV,2026-01-24,118299,1,60,0,447.0
10110031DEDEV_2026-01-24_G30,10110031DEDEV,2026-01-24,117833,1,4,0,672.0
10110031DEDEV_2026-01-24_G31,10110031DEDEV,2026-01-24,110740,1,17,0,128.0
10110031DEDEV_2026-01-24_G32,10110031DEDEV,2026-01-24,117787,1,1,0,43.0
10110031DEDEV_2026-01-24_G33,10110031DEDEV,2026-01-24,110129,1,7,0,334.0
10110031DEDEV_2026-01-24_G34,10110031DEDEV,2026-01-24,117785,1,12,0,267.0
10110031DEDEV_2026-01-24_G35,10110031DEDEV,2026-01-24,111438,1,4,0,1333.0
10110031DEDEV_2026-01-24_G36,10110031DEDEV,2026-01-24,142045,1,2,0,120.0
10110031DEDEV_2026-01-24_G37,10110031DEDEV,2026-01-24,109641,1,4,0,161.0
10110031DEDEV_2026-01-24_G38,10110031DEDEV,2026-01-24,117831,1,2,0,52.0
10110031DEDEV_2026-01-24_G39,10110031DEDEV,2026-01-24,111743,1,2,0,67.0
10110031DEDEV_2026-01-24_G40,10110031DEDEV,2026-01-24,111532,1,4,0,110.0
10110031DEDEV_2026-01-24_G41,10110031DEDEV,2026-01-24,111465,1,1,0,126.0
10110031DEDEV_2026-01-24_G42,10110031DEDEV,2026-01-24,111418,1,8,0,107.0
10110031DEDEV_2026-01-24_G43,10110031DEDEV,2026-01-24,111469,1,3,0,86.0
10110031DEDEV_2026-01-24_G44,10110031DEDEV,2026-01-24,117785,1,4,0,142.0
10110031DEDEV_2026-01-25_G02,10110031DEDEV,2026-01-25,142045,1,1,0,77.0
10110031DEDEV_2026-01-25_G03,10110031DEDEV,2026-01-25,110895,1,1,0,53.0
10110031DEDEV_2026-01-25_G04,10110031DEDEV,2026-01-25,141318,1,4,0,136.0
10110031DEDEV_2026-01-25_G05,10110031DEDEV,2026-01-25,100334,1,4,0,270.0
10110031DEDEV_2026-01-25_G06,10110031DEDEV,2026-01-25,140923,1,4,0,135.0
10110031DEDEV_2026-01-25_G07,10110031DEDEV,2026-01-25,117856,1,1,0,96.0
10110031DEDEV_2026-01-25_G08,10110031DEDEV,2026-01-25,117821,1,4,0,123.0
10110031DEDEV_2026-01-25_G09,10110031DEDEV,2026-01-25,110374,1,6,0,110.0
10110031DEDEV_2026-01-25_G10,10110031DEDEV,2026-01-25,110372,1,3,0,82.0
10110031DEDEV_2026-01-25_G11,10110031DEDEV,2026-01-25,111466,1,4,0,120.0
10110031DEDEV_2026-01-25_G12,10110031DEDEV,2026-01-25,111418,1,11,0,121.0
10110031DEDEV_2026-01-25_G13,10110031DEDEV,2026-01-25,117808,1,7,0,174.0
10110031DEDEV_2026-01-25_G14,10110031DEDEV,2026-01-25,118299,1,6,0,97.0
10110031DEDEV_2026-01-25_G15,10110031DEDEV,2026-01-25,110740,1,2,0,86.0
10110031DEDEV_2026-01-25_G16,10110031DEDEV,2026-01-25,117855,1,4,0,155.0
10110031DEDEV_2026-01-25_G17,10110031DEDEV,2026-01-25,118140,1,2,0,158.0
10110031DEDEV_2026-01-25_G18,10110031DEDEV,2026-01-25,142045,1,8,0,409.0
10110031DEDEV_2026-01-25_G19,10110031DEDEV,2026-01-25,100334,1,4,0,194.0
10110031DEDEV_2026-01-25_G20,10110031DEDEV,2026-01-25,118094,1,2,0,126.0
10110031DEDEV_2026-01-25_G21,10110031DEDEV,2026-01-25,140923,1,3,0,121.0
10110031DEDEV_2026-01-25_G22,10110031DEDEV,2026-01-25,141271,1,2,0,79.0
10110031DEDEV_2026-01-25_G23,10110031DEDEV,2026-01-25,111418,1,9,0,135.0
10110031DEDEV_2026-01-25_G24,10110031DEDEV,2026-01-25,111438,1,4,0,374.0
10110031DEDEV_2026-01-25_G25,10110031DEDEV,2026-01-25,108794,1,5,0,131.0
10110031DEDEV_2026-01-25_G26,10110031DEDEV,2026-01-25,111466,1,4,0,105.0
10110031DEDEV_2026-01-25_G27,10110031DEDEV,2026-01-25,142045,1,5,0,146.0
10110031DEDEV_2026-01-25_G28,10110031DEDEV,2026-01-25,110747,1,4,0,318.0
10110031DEDEV_2026-01-25_G29,10110031DEDEV,2026-01-25,100334,1,2,0,68.0
10110031DEDEV_2026-01-25_G30,10110031DEDEV,2026-01-25,141271,1,4,0,195.0
10110031DEDEV_2026-01-25_G31,10110031DEDEV,2026-01-25,111418,1,7,0,109.0
10110031DEDEV_2026-01-25_G32,10110031DEDEV,2026-01-25,118140,1,6,0,169.0
10110031DEDEV_2026-01-25_G33,10110031DEDEV,2026-01-25,110339,1,4,0,127.0
10110031DEDEV_2026-01-25_G34,10110031DEDEV,2026-01-25,110372,1,3,0,112.0
10110031DEDEV_2026-01-25_G35,10110031DEDEV,2026-01-25,117808,1,2,0,131.0
10110031DEDEV_2026-01-25_G36,10110031DEDEV,2026-01-25,118299,1,3,0,112.0
10110031DEDEV_2026-01-25_G37,10110031DEDEV,2026-01-25,117855,1,4,0,135.0
10110031DEDEV_2026-01-25_G38,10110031DEDEV,2026-01-25,117785,1,6,0,97.0
10110031DEDEV_2026-01-25_G39,10110031DEDEV,2026-01-25,111438,1,7,0,480.0
10110031DEDEV_2026-01-25_G40,10110031DEDEV,2026-01-25,142045,1,4,0,112.0
10110031DEDEV_2026-01-25_G41,10110031DEDEV,2026-01-25,110747,1,4,0,141.0
10110031DEDEV_2026-01-25_G42,10110031DEDEV,2026-01-25,140923,1,3,0,110.0
10110031DEDEV_2026-01-25_G43,10110031DEDEV,2026-01-25,110339,1,2,0,118.0
10110031DEDEV_2026-01-25_G44,10110031DEDEV,2026-01-25,117862,1,3,0,150.0
10110031DEDEV_2026-01-25_G45,10110031DEDEV,2026-01-25,117820,1,16,0,189.0
10110031DEDEV_2026-01-25_G46,10110031DEDEV,2026-01-25,117808,1,20,0,172.0
10110031DEDEV_2026-01-25_G47,10110031DEDEV,2026-01-25,118299,1,20,0,203.0
10110031DEDEV_2026-01-25_G48,10110031DEDEV,2026-01-25,111532,1,3,0,489.0
10110031DEDEV_2026-01-25_G49,10110031DEDEV,2026-01-25,111418,1,13,0,938.0
10110031DEDEV_2026-01-25_G50,10110031DEDEV,2026-01-25,117785,1,4,0,102.0
10110031DEDEV_2026-01-25_G51,10110031DEDEV,2026-01-25,110373,1,16,0,177.0
10110031DEDEV_2026-01-26_G02,10110031DEDEV,2026-01-26,117820,1,8,0,180.0
10110031DEDEV_2026-01-26_G03,10110031DEDEV,2026-01-26,117808,1,10,0,130.0
10110031DEDEV_2026-01-26_G04,10110031DEDEV,2026-01-26,117832,1,2,0,108.0
10110031DEDEV_2026-01-26_G05,10110031DEDEV,2026-01-26,117821,1,2,0,43.0
10110031DEDEV_2026-01-26_G06,10110031DEDEV,2026-01-26,111743,1,2,0,92.0
10110031DEDEV_2026-01-26_G07,10110031DEDEV,2026-01-26,110747,1,2,0,182.0
10110031DEDEV_2026-01-26_G08,10110031DEDEV,2026-01-26,117809,1,1,0,153.0
10110031DEDEV_2026-01-26_G09,10110031DEDEV,2026-01-26,117831,1,4,0,116.0
10110031DEDEV_2026-01-26_G10,10110031DEDEV,2026-01-26,117856,1,2,0,138.0
10110031DEDEV_2026-01-26_G11,10110031DEDEV,2026-01-26,110895,1,2,0,138.0
10110031DEDEV_2026-01-26_G12,10110031DEDEV,2026-01-26,117808,1,11,0,173.0
10110031DEDEV_2026-01-26_G13,10110031DEDEV,2026-01-26,118299,1,12,0,708.0
10110031DEDEV_2026-01-26_G14,10110031DEDEV,2026-01-26,117808,1,11,0,385.0
10110031DEDEV_2026-01-26_G15,10110031DEDEV,2026-01-26,118299,1,12,0,83.0
10110031DEDEV_2026-01-26_G16,10110031DEDEV,2026-01-26,140922,1,2,0,156.0
10110031DEDEV_2026-01-26_G17,10110031DEDEV,2026-01-26,111743,1,2,0,77.0
10110031DEDEV_2026-01-26_G18,10110031DEDEV,2026-01-26,111418,1,2,0,94.0
10110031DEDEV_2026-01-26_G19,10110031DEDEV,2026-01-26,110895,1,4,0,161.0
10110031DEDEV_2026-01-26_G20,10110031DEDEV,2026-01-26,111569,1,4,0,121.0
10110031DEDEV_2026-01-26_G21,10110031DEDEV,2026-01-26,141458,1,2,0,138.0
10110031DEDEV_2026-01-26_G22,10110031DEDEV,2026-01-26,110374,1,4,0,154.0
10110031DEDEV_2026-01-26_G23,10110031DEDEV,2026-01-26,110372,1,16,0,192.0
10110031DEDEV_2026-01-26_G24,10110031DEDEV,2026-01-26,117820,1,21,0,255.0
10110031DEDEV_2026-01-26_G25,10110031DEDEV,2026-01-26,141202,1,4,0,97.0
10110031DEDEV_2026-01-26_G26,10110031DEDEV,2026-01-26,117808,1,7,0,68.0
10110031DEDEV_2026-01-26_G27,10110031DEDEV,2026-01-26,110375,1,4,0,488.0
10110031DEDEV_2026-01-26_G28,10110031DEDEV,2026-01-26,118299,1,18,0,172.0
10110031DEDEV_2026-01-26_G29,10110031DEDEV,2026-01-26,110373,1,20,0,188.0
10110031DEDEV_2026-01-26_G30,10110031DEDEV,2026-01-26,117830,1,6,0,77.0
10110031DEDEV_2026-01-26_G31,10110031DEDEV,2026-01-26,107830,1,1,0,51.0
10110031DEDEV_2026-01-26_G32,10110031DEDEV,2026-01-26,117808,1,9,0,244.0
10110031DEDEV_2026-01-26_G33,10110031DEDEV,2026-01-26,111569,1,2,0,159.0
10110031DEDEV_2026-01-26_G34,10110031DEDEV,2026-01-26,111418,1,4,0,152.0
10110031DEDEV_2026-01-26_G35,10110031DEDEV,2026-01-26,140923,1,1,0,138.0
10110031DEDEV_2026-01-26_G36,10110031DEDEV,2026-01-26,111330,1,2,0,843.0
10110031DEDEV_2026-01-26_G37,10110031DEDEV,2026-01-26,111602,1,2,0,486.0
10110031DEDEV_2026-01-26_G38,10110031DEDEV,2026-01-26,110374,1,20,0,234.0
10110031DEDEV_2026-01-26_G39,10110031DEDEV,2026-01-26,110748,1,2,0,140.0
10110031DEDEV_2026-01-26_G40,10110031DEDEV,2026-01-26,110753,1,2,0,239.0
10110031DEDEV_2026-01-26_G41,10110031DEDEV,2026-01-26,117809,1,1,0,216.0
10110031DEDEV_2026-01-26_G42,10110031DEDEV,2026-01-26,110372,1,4,0,56.0
10110031DEDEV_2026-01-26_G43,10110031DEDEV,2026-01-26,117820,1,5,0,110.0
10110031DEDEV_2026-01-26_G44,10110031DEDEV,2026-01-26,141202,1,4,0,63.0
10110031DEDEV_2026-01-26_G45,10110031DEDEV,2026-01-26,117840,1,2,0,55.0
10110031DEDEV_2026-01-26_G46,10110031DEDEV,2026-01-26,109643,1,1,0,32.0
10110031DEDEV_2026-01-26_G47,10110031DEDEV,2026-01-26,118299,1,7,0,41.0
10110031DEDEV_2026-01-26_G48,10110031DEDEV,2026-01-26,110373,1,4,0,172.0
10110031DEDEV_2026-01-26_G49,10110031DEDEV,2026-01-26,117831,1,6,0,160.0
10110031DEDEV_2026-01-26_G50,10110031DEDEV,2026-01-26,140922,1,4,0,51.0
10110031DEDEV_2026-01-26_G51,10110031DEDEV,2026-01-26,111466,1,2,0,65.0
10110031DEDEV_2026-01-26_G52,10110031DEDEV,2026-01-26,142045,1,4,0,155.0
10110031DEDEV_2026-01-26_G53,10110031DEDEV,2026-01-26,110733,1,1,0,81.0
10110031DEDEV_2026-01-26_G54,10110031DEDEV,2026-01-26,117832,1,2,0,104.0
10110031DEDEV_2026-01-26_G55,10110031DEDEV,2026-01-26,110371,1,4,0,43.0
10110031DEDEV_2026-01-26_G57,10110031DEDEV,2026-01-26,141457,1,11,0,139.0
10110031DEDEV_2026-01-26_G58,10110031DEDEV,2026-01-26,117830,1,21,0,362.0
10110031DEDEV_2026-01-26_G59,10110031DEDEV,2026-01-26,117785,1,200,0,649.0
10110031DEDEV_2026-01-26_G60,10110031DEDEV,2026-01-26,111441,1,5,0,1575.0
10110031DEDEV_2026-01-26_G61,10110031DEDEV,2026-01-26,109641,1,6,0,85.0
10110031DEDEV_2026-01-26_G62,10110031DEDEV,2026-01-26,109643,1,8,0,150.0
10110031DEDEV_2026-01-26_G63,10110031DEDEV,2026-01-26,111602,1,9,0,157.0
10110031DEDEV_2026-01-26_G64,10110031DEDEV,2026-01-26,111465,1,8,0,785.0
10110031DEDEV_2026-01-26_G65,10110031DEDEV,2026-01-26,111466,1,3,0,231.0
10110031DEDEV_2026-01-26_G66,10110031DEDEV,2026-01-26,111462,1,8,0,367.0
10110031DEDEV_2026-01-26_G67,10110031DEDEV,2026-01-26,111532,1,12,0,32.0
10110031DEDEV_2026-01-26_G68,10110031DEDEV,2026-01-26,110371,1,10,0,138.0
10110031DEDEV_2026-01-26_G69,10110031DEDEV,2026-01-26,141457,1,2,0,957.0
10110031DEDEV_2026-01-26_G70,10110031DEDEV,2026-01-26,110371,1,2,0,98.0
10110031DEDEV_2026-01-26_G71,10110031DEDEV,2026-01-26,141166,1,2,0,134.0
10110031DEDEV_2026-01-26_G72,10110031DEDEV,2026-01-26,110787,1,2,0,103.0
10110031DEDEV_2026-01-26_G73,10110031DEDEV,2026-01-26,110371,1,2,0,183.0
10110031DEDEV_2026-01-26_G74,10110031DEDEV,2026-01-26,110895,1,1,0,174.0
10110031DEDEV_2026-01-26_G75,10110031DEDEV,2026-01-26,117834,1,2,0,193.0
10110031DEDEV_2026-01-26_G76,10110031DEDEV,2026-01-26,141916,1,1,0,122.0
10110031DEDEV_2026-01-26_G77,10110031DEDEV,2026-01-26,100334,1,2,0,162.0
10110031DEDEV_2026-01-26_G78,10110031DEDEV,2026-01-26,111569,1,6,0,145.0
10110031DEDEV_2026-01-26_G79,10110031DEDEV,2026-01-26,141047,1,4,0,148.0
10110031DEDEV_2026-01-26_G80,10110031DEDEV,2026-01-26,109640,1,2,0,85.0
10110031DEDEV_2026-01-26_G81,10110031DEDEV,2026-01-26,111602,1,6,0,134.0
10110031DEDEV_2026-01-26_G82,10110031DEDEV,2026-01-26,141166,1,4,0,74.0
10110031DEDEV_2026-01-26_G83,10110031DEDEV,2026-01-26,109647,1,2,0,71.0
10110031DEDEV_2026-01-26_G84,10110031DEDEV,2026-01-26,117855,1,8,0,162.0
10110031DEDEV_2026-01-26_G85,10110031DEDEV,2026-01-26,117862,1,2,0,316.0
10110031DEDEV_2026-01-26_G86,10110031DEDEV,2026-01-26,117862,1,2,0,32.0
10110031DEDEV_2026-01-26_G87,10110031DEDEV,2026-01-26,117809,1,5,0,252.0
10110031DEDEV_2026-01-27_G02,10110031DEDEV,2026-01-27,117820,1,7,0,1647.0
10110031DEDEV_2026-01-27_G03,10110031DEDEV,2026-01-27,109643,1,2,0,104.0
10110031DEDEV_2026-01-27_G04,10110031DEDEV,2026-01-27,110375,1,4,0,74.0
10110031DEDEV_2026-01-27_G05,10110031DEDEV,2026-01-27,110373,1,56,0,353.0
10110031DEDEV_2026-01-27_G06,10110031DEDEV,2026-01-27,111602,1,1,0,1151.0
10110031DEDEV_2026-01-27_G07,10110031DEDEV,2026-01-27,111463,1,4,0,231.0
10110031DEDEV_2026-01-27_G08,10110031DEDEV,2026-01-27,111602,1,20,0,181.0
10110031DEDEV_2026-01-27_G09,10110031DEDEV,2026-01-27,110787,1,6,0,122.0
10110031DEDEV_2026-01-27_G10,10110031DEDEV,2026-01-27,110787,1,12,0,105.0
10110031DEDEV_2026-01-27_G11,10110031DEDEV,2026-01-27,111463,1,20,0,429.0
10110031DEDEV_2026-01-27_G12,10110031DEDEV,2026-01-27,110895,1,2,0,186.0
10110031DEDEV_2026-01-27_G13,10110031DEDEV,2026-01-27,140922,1,3,0,206.0
10110031DEDEV_2026-01-27_G14,10110031DEDEV,2026-01-27,140923,1,2,0,190.0
10110031DEDEV_2026-01-27_G15,10110031DEDEV,2026-01-27,109640,1,2,0,161.0
10110031DEDEV_2026-01-27_G16,10110031DEDEV,2026-01-27,110733,1,2,0,48.0
10110031DEDEV_2026-01-27_G17,10110031DEDEV,2026-01-27,117831,1,4,0,100.0
10110031DEDEV_2026-01-27_G18,10110031DEDEV,2026-01-27,140922,1,2,0,67.0
10110031DEDEV_2026-01-27_G19,10110031DEDEV,2026-01-27,109645,1,2,0,131.0
10110031DEDEV_2026-01-27_G20,10110031DEDEV,2026-01-27,110787,1,8,0,124.0
10110031DEDEV_2026-01-27_G21,10110031DEDEV,2026-01-27,111418,1,2,0,67.0
10110031DEDEV_2026-01-27_G22,10110031DEDEV,2026-01-27,117833,1,1,0,191.0
10110031DEDEV_2026-01-27_G23,10110031DEDEV,2026-01-27,110740,1,2,0,122.0
10110031DEDEV_2026-01-27_G24,10110031DEDEV,2026-01-27,117808,1,20,0,353.0
10110031DEDEV_2026-01-27_G25,10110031DEDEV,2026-01-27,117809,1,2,0,48.0
10110031DEDEV_2026-01-27_G26,10110031DEDEV,2026-01-27,117820,1,5,0,74.0
10110031DEDEV_2026-01-27_G27,10110031DEDEV,2026-01-27,118299,1,20,0,265.0
10110031DEDEV_2026-01-27_G28,10110031DEDEV,2026-01-27,117830,1,2,0,83.0
10110031DEDEV_2026-01-27_G29,10110031DEDEV,2026-01-27,111441,1,4,0,671.0
10110031DEDEV_2026-01-27_G30,10110031DEDEV,2026-01-27,111438,1,2,0,93.0
10110031DEDEV_2026-01-27_G31,10110031DEDEV,2026-01-27,142045,1,2,0,102.0
10110031DEDEV_2026-01-27_G32,10110031DEDEV,2026-01-27,110895,1,6,0,104.0
10110031DEDEV_2026-01-27_G33,10110031DEDEV,2026-01-27,111569,1,4,0,258.0
10110031DEDEV_2026-01-27_G35,10110031DEDEV,2026-01-27,111433,1,5,0,223.0
10110031DEDEV_2026-01-27_G36,10110031DEDEV,2026-01-27,108794,1,10,0,147.0
10110031DEDEV_2026-01-27_G37,10110031DEDEV,2026-01-27,111466,1,20,0,152.0
10110031DEDEV_2026-01-27_G38,10110031DEDEV,2026-01-27,117831,1,20,0,194.0
10110031DEDEV_2026-01-27_G39,10110031DEDEV,2026-01-27,141457,1,20,0,294.0
10110031DEDEV_2026-01-27_G40,10110031DEDEV,2026-01-27,141457,1,35,0,88.0
10110031DEDEV_2026-01-27_G41,10110031DEDEV,2026-01-27,141457,1,20,0,76.0
10110031DEDEV_2026-01-27_G42,10110031DEDEV,2026-01-27,111469,1,20,0,366.0
10110031DEDEV_2026-01-27_G43,10110031DEDEV,2026-01-27,110740,1,10,0,243.0
10110031DEDEV_2026-01-27_G44,10110031DEDEV,2026-01-27,141456,1,40,0,105.0
10110031DEDEV_2026-01-27_G45,10110031DEDEV,2026-01-27,141456,1,33,0,79.0
10110031DEDEV_2026-01-27_G46,10110031DEDEV,2026-01-27,111463,2,60,30,551.0
10110031DEDEV_2026-01-27_G47,10110031DEDEV,2026-01-27,111418,1,60,0,474.0
10110031DEDEV_2026-01-27_G48,10110031DEDEV,2026-01-27,111879,1,4,0,347.0
10110031DEDEV_2026-01-27_G49,10110031DEDEV,2026-01-27,111530,1,23,0,164.0
10110031DEDEV_2026-01-27_G50,10110031DEDEV,2026-01-27,108772,1,20,0,192.0
10110031DEDEV_2026-01-27_G51,10110031DEDEV,2026-01-27,111876,1,8,0,227.0
10110031DEDEV_2026-01-27_G52,10110031DEDEV,2026-01-27,117856,1,10,0,118.0
10110031DEDEV_2026-01-27_G53,10110031DEDEV,2026-01-27,117786,1,20,0,160.0
10110031DEDEV_2026-01-27_G54,10110031DEDEV,2026-01-27,110733,1,10,0,104.0
10110031DEDEV_2026-01-27_G55,10110031DEDEV,2026-01-27,111602,2,29,12,186.0
10110031DEDEV_2026-01-27_G56,10110031DEDEV,2026-01-27,141166,1,9,0,344.0
10110031DEDEV_2026-01-27_G57,10110031DEDEV,2026-01-27,117862,1,20,0,164.0
10110031DEDEV_2026-01-27_G58,10110031DEDEV,2026-01-27,141166,1,1,0,861.0
10110031DEDEV_2026-01-27_G59,10110031DEDEV,2026-01-27,111602,1,4,0,77.0
10110031DEDEV_2026-01-27_G60,10110031DEDEV,2026-01-27,110787,1,12,0,278.0
10110031DEDEV_2026-01-27_G61,10110031DEDEV,2026-01-27,140911,1,5,0,293.0
10110031DEDEV_2026-01-27_G62,10110031DEDEV,2026-01-27,110371,1,77,0,319.0
10110031DEDEV_2026-01-27_G63,10110031DEDEV,2026-01-27,111602,1,3,0,307.0
10110031DEDEV_2026-01-27_G64,10110031DEDEV,2026-01-27,111602,1,10,0,227.0
10110031DEDEV_2026-01-27_G65,10110031DEDEV,2026-01-27,109641,1,4,0,217.0
10110031DEDEV_2026-01-27_G66,10110031DEDEV,2026-01-27,111879,1,2,0,964.0
10110031DEDEV_2026-01-27_G67,10110031DEDEV,2026-01-27,110787,1,2,0,176.0
10110031DEDEV_2026-01-27_G69,10110031DEDEV,2026-01-27,110787,1,4,0,208.0
10110031DEDEV_2026-01-27_G70,10110031DEDEV,2026-01-27,110787,1,9,0,137.0
10110031DEDEV_2026-01-27_G71,10110031DEDEV,2026-01-27,141457,1,3,0,107.0
10110031DEDEV_2026-01-27_G72,10110031DEDEV,2026-01-27,141457,1,10,0,88.0
10110031DEDEV_2026-01-27_G73,10110031DEDEV,2026-01-27,111879,1,2,0,157.0
10110031DEDEV_2026-01-27_G74,10110031DEDEV,2026-01-27,141262,1,20,0,714.0
10110031DEDEV_2026-01-28_G02,10110031DEDEV,2026-01-28,111739,1,2,0,284.0
10110031DEDEV_2026-01-28_G03,10110031DEDEV,2026-01-28,111751,1,30,0,295.0
10110031DEDEV_2026-01-28_G04,10110031DEDEV,2026-01-28,111723,1,50,0,639.0
10110031DEDEV_2026-01-28_G05,10110031DEDEV,2026-01-28,141140,1,60,0,170.0
10110031DEDEV_2026-01-28_G06,10110031DEDEV,2026-01-28,111737,1,10,0,520.0
10110031DEDEV_2026-01-28_G07,10110031DEDEV,2026-01-28,141457,1,8,0,108.0
10110031DEDEV_2026-01-28_G08,10110031DEDEV,2026-01-28,111602,1,51,0,3021.0
10110031DEDEV_2026-01-28_G09,10110031DEDEV,2026-01-28,110374,1,200,0,1141.0
10110031DEDEV_2026-01-28_G10,10110031DEDEV,2026-01-28,117787,1,17,0,1811.0
10110031DEDEV_2026-01-28_G11,10110031DEDEV,2026-01-28,111532,1,79,0,581.0
10110031DEDEV_2026-01-28_G12,10110031DEDEV,2026-01-28,111532,2,66,13,375.0
10110031DEDEV_2026-01-28_G13,10110031DEDEV,2026-01-28,111532,1,49,0,41.0
10110031DEDEV_2026-01-28_G15,10110031DEDEV,2026-01-28,111602,1,4,0,53.0
10110031DEDEV_2026-01-28_G16,10110031DEDEV,2026-01-28,110372,1,16,0,214.0
10110031DEDEV_2026-01-28_G17,10110031DEDEV,2026-01-28,140922,1,5,0,120.0
10110031DEDEV_2026-01-28_G18,10110031DEDEV,2026-01-28,116241,1,1,0,169.0
10110031DEDEV_2026-01-28_G19,10110031DEDEV,2026-01-28,110787,1,4,0,135.0
10110031DEDEV_2026-01-28_G20,10110031DEDEV,2026-01-28,110787,1,6,0,59.0
10110031DEDEV_2026-01-28_G21,10110031DEDEV,2026-01-28,117822,1,2,0,79.0
10110031DEDEV_2026-01-28_G22,10110031DEDEV,2026-01-28,118299,1,4,0,109.0
10110031DEDEV_2026-01-28_G23,10110031DEDEV,2026-01-28,111172,1,3,0,227.0
10110031DEDEV_2026-01-28_G24,10110031DEDEV,2026-01-28,111462,1,10,0,85.0
10110031DEDEV_2026-01-28_G25,10110031DEDEV,2026-01-28,111463,1,8,0,74.0
10110031DEDEV_2026-01-28_G26,10110031DEDEV,2026-01-28,111463,1,10,0,50.0
10110031DEDEV_2026-01-28_G27,10110031DEDEV,2026-01-28,111418,1,10,0,190.0
10110031DEDEV_2026-01-28_G28,10110031DEDEV,2026-01-28,111469,1,12,0,269.0
10110031DEDEV_2026-01-28_G29,10110031DEDEV,2026-01-28,117808,1,8,0,191.0
10110031DEDEV_2026-01-28_G30,10110031DEDEV,2026-01-28,110373,1,16,0,196.0
10110031DEDEV_2026-01-28_G31,10110031DEDEV,2026-01-28,118140,1,6,0,142.0
10110031DEDEV_2026-01-28_G32,10110031DEDEV,2026-01-28,141458,1,2,0,139.0
10110031DEDEV_2026-01-28_G33,10110031DEDEV,2026-01-28,117853,1,2,0,226.0
10110031DEDEV_2026-01-28_G34,10110031DEDEV,2026-01-28,110374,1,8,0,394.0
10110031DEDEV_2026-01-28_G35,10110031DEDEV,2026-01-28,110374,1,4,0,34.0
10110031DEDEV_2026-01-28_G36,10110031DEDEV,2026-01-28,109648,1,1,0,58.0
10110031DEDEV_2026-01-28_G37,10110031DEDEV,2026-01-28,111465,1,4,0,459.0
10110031DEDEV_2026-01-28_G38,10110031DEDEV,2026-01-28,109641,1,4,0,73.0
10110031DEDEV_2026-01-28_G39,10110031DEDEV,2026-01-28,108794,1,1,0,54.0
10110031DEDEV_2026-01-28_G40,10110031DEDEV,2026-01-28,140922,1,4,0,88.0
10110031DEDEV_2026-01-28_G41,10110031DEDEV,2026-01-28,117821,1,4,0,50.0
10110031DEDEV_2026-01-28_G42,10110031DEDEV,2026-01-28,117820,1,8,0,133.0
10110031DEDEV_2026-01-28_G43,10110031DEDEV,2026-01-28,110787,1,8,0,112.0
10110031DEDEV_2026-01-28_G44,10110031DEDEV,2026-01-28,111466,1,4,0,46.0
10110031DEDEV_2026-01-28_G45,10110031DEDEV,2026-01-28,111443,1,3,0,56.0
10110031DEDEV_2026-01-28_G46,10110031DEDEV,2026-01-28,118299,1,8,0,140.0
10110031DEDEV_2026-01-28_G47,10110031DEDEV,2026-01-28,111462,1,10,0,144.0
10110031DEDEV_2026-01-28_G48,10110031DEDEV,2026-01-28,109649,1,2,0,42.0
10110031DEDEV_2026-01-28_G49,10110031DEDEV,2026-01-28,111463,1,16,0,263.0
10110031DEDEV_2026-01-28_G50,10110031DEDEV,2026-01-28,111463,1,8,0,86.0
10110031DEDEV_2026-01-28_G51,10110031DEDEV,2026-01-28,110373,1,46,0,497.0
10110031DEDEV_2026-01-28_G52,10110031DEDEV,2026-01-28,117832,1,5,0,104.0
10110031DEDEV_2026-01-28_G53,10110031DEDEV,2026-01-28,"110371, 110372",2,46,19,86.0
10110031DEDEV_2026-01-28_G54,10110031DEDEV,2026-01-28,117808,1,8,0,128.0
10110031DEDEV_2026-01-28_G55,10110031DEDEV,2026-01-28,111418,1,30,0,452.0
10110031DEDEV_2026-01-28_G56,10110031DEDEV,2026-01-28,118223,1,2,0,55.0
10110031DEDEV_2026-01-28_G57,10110031DEDEV,2026-01-28,111469,1,20,0,123.0
10110031DEDEV_2026-01-28_G58,10110031DEDEV,2026-01-28,118140,1,10,0,118.0
10110031DEDEV_2026-01-28_G59,10110031DEDEV,2026-01-28,141458,1,3,0,74.0
10110031DEDEV_2026-01-28_G60,10110031DEDEV,2026-01-28,111330,1,4,0,463.0
10110031DEDEV_2026-01-28_G61,10110031DEDEV,2026-01-28,142045,1,3,0,564.0
10110031DEDEV_2026-01-28_G62,10110031DEDEV,2026-01-28,141047,1,2,0,335.0
10110031DEDEV_2026-01-28_G63,10110031DEDEV,2026-01-28,107629,1,2,0,45.0
10110031DEDEV_2026-01-28_G64,10110031DEDEV,2026-01-28,117856,1,16,0,285.0
10110031DEDEV_2026-01-28_G65,10110031DEDEV,2026-01-28,109647,1,2,0,79.0
10110031DEDEV_2026-01-28_G66,10110031DEDEV,2026-01-28,109640,1,2,0,43.0
10110031DEDEV_2026-01-29_G02,10110031DEDEV,2026-01-29,141262,1,24,0,296.0
10110031DEDEV_2026-01-29_G03,10110031DEDEV,2026-01-29,118191,1,60,0,542.0
10110031DEDEV_2026-01-29_G04,10110031DEDEV,2026-01-29,141140,1,6,0,513.0
10110031DEDEV_2026-01-29_G05,10110031DEDEV,2026-01-29,141261,1,8,0,512.0
10110031DEDEV_2026-01-29_G06,10110031DEDEV,2026-01-29,141261,1,8,0,108.0
10110031DEDEV_2026-01-29_G07,10110031DEDEV,2026-01-29,111722,1,20,0,600.0
10110031DEDEV_2026-01-29_G08,10110031DEDEV,2026-01-29,141262,1,36,0,643.0
10110031DEDEV_2026-01-29_G09,10110031DEDEV,2026-01-29,118191,1,40,0,437.0
10110031DEDEV_2026-01-29_G10,10110031DEDEV,2026-01-29,141916,1,4,0,821.0
10110031DEDEV_2026-01-29_G11,10110031DEDEV,2026-01-29,111602,1,6,0,91.0
10110031DEDEV_2026-01-29_G12,10110031DEDEV,2026-01-29,"111602, 141166",2,5,15,40.0
10110031DEDEV_2026-01-29_G13,10110031DEDEV,2026-01-29,110374,2,7,20,160.0
10110031DEDEV_2026-01-29_G14,10110031DEDEV,2026-01-29,110787,1,3,0,168.0
10110031DEDEV_2026-01-29_G15,10110031DEDEV,2026-01-29,110371,1,1,0,350.0
10110031DEDEV_2026-01-29_G16,10110031DEDEV,2026-01-29,111530,1,18,0,2278.0
10110031DEDEV_2026-01-29_G17,10110031DEDEV,2026-01-29,111602,1,12,0,172.0
10110031DEDEV_2026-01-29_G18,10110031DEDEV,2026-01-29,141166,1,12,0,79.0
10110031DEDEV_2026-01-29_G19,10110031DEDEV,2026-01-29,111182,1,6,0,125.0
10110031DEDEV_2026-01-29_G20,10110031DEDEV,2026-01-29,111182,1,4,0,42.0
10110031DEDEV_2026-01-29_G21,10110031DEDEV,2026-01-29,110787,1,12,0,84.0
10110031DEDEV_2026-01-29_G22,10110031DEDEV,2026-01-29,111463,1,18,0,969.0
10110031DEDEV_2026-01-29_G23,10110031DEDEV,2026-01-29,141456,1,150,0,674.0
10110031DEDEV_2026-01-29_G25,10110031DEDEV,2026-01-29,111530,2,10,20,739.0
10110031DEDEV_2026-01-29_G26,10110031DEDEV,2026-01-29,111530,1,5,0,139.0
10110031DEDEV_2026-01-29_G27,10110031DEDEV,2026-01-29,140911,1,4,0,402.0
10110031DEDEV_2026-01-29_G28,10110031DEDEV,2026-01-29,111330,1,20,0,503.0
10110031DEDEV_2026-01-29_G29,10110031DEDEV,2026-01-29,111182,1,6,0,240.0
10110031DEDEV_2026-01-29_G30,10110031DEDEV,2026-01-29,111530,1,20,0,485.0
10110031DEDEV_2026-01-29_G31,10110031DEDEV,2026-01-29,111433,1,2,0,372.0
10110031DEDEV_2026-01-29_G32,10110031DEDEV,2026-01-29,141166,1,2,0,233.0
10110031DEDEV_2026-01-29_G33,10110031DEDEV,2026-01-29,117835,1,13,0,439.0
10110031DEDEV_2026-01-29_G34,10110031DEDEV,2026-01-29,142045,1,10,0,182.0
10110031DEDEV_2026-01-29_G35,10110031DEDEV,2026-01-29,118094,1,4,0,264.0
10110031DEDEV_2026-01-29_G36,10110031DEDEV,2026-01-29,111465,1,1,0,144.0
10110031DEDEV_2026-01-29_G37,10110031DEDEV,2026-01-29,140922,1,2,0,116.0
10110031DEDEV_2026-01-29_G38,10110031DEDEV,2026-01-29,111466,1,5,0,278.0
10110031DEDEV_2026-01-29_G39,10110031DEDEV,2026-01-29,117831,1,3,0,121.0
10110031DEDEV_2026-01-29_G40,10110031DEDEV,2026-01-29,111463,1,2,0,61.0
10110031DEDEV_2026-01-29_G41,10110031DEDEV,2026-01-29,100334,1,1,0,124.0
10110031DEDEV_2026-01-29_G42,10110031DEDEV,2026-01-29,111602,1,1,0,56.0
10110031DEDEV_2026-01-29_G43,10110031DEDEV,2026-01-29,117820,1,10,0,157.0
10110031DEDEV_2026-01-29_G44,10110031DEDEV,2026-01-29,117808,1,3,0,137.0
10110031DEDEV_2026-01-29_G45,10110031DEDEV,2026-01-29,110373,1,10,0,327.0
10110031DEDEV_2026-01-29_G46,10110031DEDEV,2026-01-29,117830,1,5,0,66.0
10110031DEDEV_2026-01-29_G47,10110031DEDEV,2026-01-29,111530,1,12,0,1541.0
10110031DEDEV_2026-01-29_G48,10110031DEDEV,2026-01-29,110373,1,20,0,450.0
10110031DEDEV_2026-01-29_G49,10110031DEDEV,2026-01-29,111743,1,10,0,221.0
10110031DEDEV_2026-01-29_G51,10110031DEDEV,2026-01-29,117853,1,5,0,260.0
10110031DEDEV_2026-01-30_G02,10110031DEDEV,2026-01-30,111530,1,31,0,333.0
10110031DEDEV_2026-01-30_G03,10110031DEDEV,2026-01-30,109640,1,5,0,243.0
10110031DEDEV_2026-01-30_G04,10110031DEDEV,2026-01-30,142045,1,10,0,334.0
10110031DEDEV_2026-01-30_G05,10110031DEDEV,2026-01-30,110372,1,140,0,802.0
10110031DEDEV_2026-01-30_G06,10110031DEDEV,2026-01-30,109645,1,4,0,340.0
10110031DEDEV_2026-01-30_G07,10110031DEDEV,2026-01-30,111443,1,4,0,111.0
10110031DEDEV_2026-01-30_G08,10110031DEDEV,2026-01-30,141456,1,30,0,210.0
10110031DEDEV_2026-01-30_G09,10110031DEDEV,2026-01-30,111530,1,8,0,317.0
10110031DEDEV_2026-01-30_G10,10110031DEDEV,2026-01-30,111182,1,2,0,117.0
10110031DEDEV_2026-01-30_G11,10110031DEDEV,2026-01-30,110740,1,40,0,423.0
10110031DEDEV_2026-01-30_G12,10110031DEDEV,2026-01-30,111532,1,4,0,331.0
10110031DEDEV_2026-01-30_G13,10110031DEDEV,2026-01-30,111530,1,4,0,132.0
10110031DEDEV_2026-01-30_G14,10110031DEDEV,2026-01-30,107830,1,2,0,407.0
10110031DEDEV_2026-01-30_G15,10110031DEDEV,2026-01-30,111172,1,4,0,368.0
10110031DEDEV_2026-01-30_G17,10110031DEDEV,2026-01-30,117820,1,50,0,400.0
10110031DEDEV_2026-01-30_G18,10110031DEDEV,2026-01-30,110372,1,40,0,142.0
10110031DEDEV_2026-01-30_G19,10110031DEDEV,2026-01-30,141202,1,24,0,285.0
10110031DEDEV_2026-01-30_G20,10110031DEDEV,2026-01-30,118299,2,50,28,197.0
10110031DEDEV_2026-01-30_G21,10110031DEDEV,2026-01-30,117808,1,80,0,308.0
10110031DEDEV_2026-01-30_G22,10110031DEDEV,2026-01-30,110375,1,40,0,342.0
10110031DEDEV_2026-01-30_G23,10110031DEDEV,2026-01-30,110373,1,10,0,79.0
10110031DEDEV_2026-01-30_G24,10110031DEDEV,2026-01-30,117830,1,40,0,1110.0
10110031DEDEV_2026-01-30_G25,10110031DEDEV,2026-01-30,107830,1,10,0,74.0
10110031DEDEV_2026-01-30_G26,10110031DEDEV,2026-01-30,117832,1,10,0,255.0
10110031DEDEV_2026-01-30_G27,10110031DEDEV,2026-01-30,110371,1,20,0,102.0
10110031DEDEV_2026-01-30_G28,10110031DEDEV,2026-01-30,110376,1,5,0,1329.0
10110031DEDEV_2026-01-30_G29,10110031DEDEV,2026-01-30,110376,1,5,0,72.0
10110031DEDEV_2026-01-30_G30,10110031DEDEV,2026-01-30,118317,1,2,0,325.0
10110031DEDEV_2026-01-30_G31,10110031DEDEV,2026-01-30,110711,1,4,0,304.0
10110031DEDEV_2026-01-30_G32,10110031DEDEV,2026-01-30,110711,2,14,20,135.0
10110031DEDEV_2026-01-30_G33,10110031DEDEV,2026-01-30,110711,1,8,0,269.0
10110031DEDEV_2026-01-30_G34,10110031DEDEV,2026-01-30,111660,1,10,0,933.0
10110031DEDEV_2026-01-30_G35,10110031DEDEV,2026-01-30,108794,1,30,0,526.0
10110031DEDEV_2026-01-30_G36,10110031DEDEV,2026-01-30,140922,1,8,0,196.0
10110031DEDEV_2026-01-30_G37,10110031DEDEV,2026-01-30,111743,1,8,0,82.0
10110031DEDEV_2026-01-30_G38,10110031DEDEV,2026-01-30,110787,1,30,0,259.0
10110031DEDEV_2026-01-30_G39,10110031DEDEV,2026-01-30,141823,1,5,0,108.0
10110031DEDEV_2026-01-30_G40,10110031DEDEV,2026-01-30,118140,1,40,0,452.0
10110031DEDEV_2026-01-30_G41,10110031DEDEV,2026-01-30,118416,1,4,0,184.0
10110031DEDEV_2026-01-30_G42,10110031DEDEV,2026-01-30,110741,1,4,0,86.0
10110031DEDEV_2026-01-30_G43,10110031DEDEV,2026-01-30,110741,1,4,0,45.0
10110031DEDEV_2026-01-30_G45,10110031DEDEV,2026-01-30,110711,1,8,0,508.0
10110031DEDEV_2026-01-30_G46,10110031DEDEV,2026-01-30,111466,1,4,0,103.0
10110031DEDEV_2026-01-30_G47,10110031DEDEV,2026-01-30,111463,1,4,0,118.0
10110031DEDEV_2026-01-30_G48,10110031DEDEV,2026-01-30,118140,1,38,0,203.0
10110031DEDEV_2026-01-30_G49,10110031DEDEV,2026-01-30,118418,1,1,0,128.0
10110031DEDEV_2026-01-31_G02,10110031DEDEV,2026-01-31,117820,1,4,0,716.0
10110031DEDEV_2026-01-31_G03,10110031DEDEV,2026-01-31,108711,1,8,0,192.0
10110031DEDEV_2026-01-31_G04,10110031DEDEV,2026-01-31,110373,1,10,0,122.0
10110031DEDEV_2026-01-31_G05,10110031DEDEV,2026-01-31,109640,1,10,0,662.0
10110031DEDEV_2026-01-31_G06,10110031DEDEV,2026-01-31,140923,1,11,0,567.0
10110031DEDEV_2026-01-31_G07,10110031DEDEV,2026-01-31,110372,1,4,0,125.0
10110031DEDEV_2026-01-31_G08,10110031DEDEV,2026-01-31,110711,1,2,0,479.0
10110031DEDEV_2026-01-31_G09,10110031DEDEV,2026-01-31,118418,1,4,0,222.0
10110031DEDEV_2026-01-31_G10,10110031DEDEV,2026-01-31,110741,1,2,0,179.0
10110031DEDEV_2026-01-31_G11,10110031DEDEV,2026-01-31,108362,1,8,0,284.0
10110031DEDEV_2026-01-31_G12,10110031DEDEV,2026-01-31,118140,1,8,0,78.0
10110031DEDEV_2026-01-31_G13,10110031DEDEV,2026-01-31,110747,1,8,0,253.0
10110031DEDEV_2026-01-31_G14,10110031DEDEV,2026-01-31,108711,1,12,0,454.0
10110031DEDEV_2026-01-31_G15,10110031DEDEV,2026-01-31,111445,1,8,0,592.0
10110031DEDEV_2026-01-31_G16,10110031DEDEV,2026-01-31,117820,1,80,0,1748.0
10110031DEDEV_2026-01-31_G17,10110031DEDEV,2026-01-31,110372,1,100,0,303.0
10110031DEDEV_2026-01-31_G18,10110031DEDEV,2026-01-31,117808,1,29,0,359.0
10110031DEDEV_2026-01-31_G19,10110031DEDEV,2026-01-31,111777,1,2,0,183.0
10110031DEDEV_2026-01-31_G20,10110031DEDEV,2026-01-31,117808,1,100,0,250.0
10110031DEDEV_2026-01-31_G21,10110031DEDEV,2026-01-31,111348,1,28,0,380.0
10110031DEDEV_2026-01-31_G22,10110031DEDEV,2026-01-31,110787,1,21,0,94.0
10110031DEDEV_2026-01-31_G23,10110031DEDEV,2026-01-31,111463,1,30,0,651.0
10110031DEDEV_2026-02-03_G02,10110031DEDEV,2026-02-03,110740,1,6,0,94.0
10110031DEDEV_2026-02-03_G03,10110031DEDEV,2026-02-03,111463,1,8,0,134.0
10110031DEDEV_2026-02-03_G04,10110031DEDEV,2026-02-03,110376,1,4,0,205.0
10110031DEDEV_2026-02-03_G05,10110031DEDEV,2026-02-03,110373,1,4,0,399.0
10110031DEDEV_2026-02-03_G06,10110031DEDEV,2026-02-03,110325,1,2,0,713.0
10110031DEDEV_2026-02-03_G07,10110031DEDEV,2026-02-03,109647,1,4,0,116.0
10110031DEDEV_2026-02-03_G08,10110031DEDEV,2026-02-03,111530,2,16,13,180.0
10110031DEDEV_2026-02-03_G09,10110031DEDEV,2026-02-03,110371,1,4,0,523.0
10110031DEDEV_2026-02-03_G10,10110031DEDEV,2026-02-03,117821,1,4,0,144.0
10110031DEDEV_2026-02-03_G11,10110031DEDEV,2026-02-03,110325,1,8,0,237.0
10110031DEDEV_2026-02-03_G12,10110031DEDEV,2026-02-03,110376,1,3,0,167.0
10110031DEDEV_2026-02-03_G13,10110031DEDEV,2026-02-03,108711,1,3,0,134.0
10110031DEDEV_2026-02-03_G14,10110031DEDEV,2026-02-03,110711,1,6,0,150.0
10110031DEDEV_2026-02-04_G03,10110031DEDEV,2026-02-04,110372,1,6,0,104.0
10110031DEDEV_2026-02-04_G04,10110031DEDEV,2026-02-04,118299,1,4,0,110.0
10110031DEDEV_2026-02-04_G05,10110031DEDEV,2026-02-04,110371,1,1,0,57.0
10110031DEDEV_2026-02-04_G06,10110031DEDEV,2026-02-04,117808,2,32,30,147.0
10110031DEDEV_2026-02-04_G07,10110031DEDEV,2026-02-04,111441,1,4,0,213.0
10110031DEDEV_2026-02-04_G08,10110031DEDEV,2026-02-04,111530,1,42,0,408.0
10110031DEDEV_2026-02-04_G09,10110031DEDEV,2026-02-04,140923,1,4,0,491.0
10110031DEDEV_2026-02-04_G10,10110031DEDEV,2026-02-04,111602,2,65,19,419.0
10110031DEDEV_2026-02-04_G11,10110031DEDEV,2026-02-04,111602,1,34,0,160.0
10110031DEDEV_2026-02-04_G13,10110031DEDEV,2026-02-04,111469,1,24,0,1093.0
10110031DEDEV_2026-02-04_G14,10110031DEDEV,2026-02-04,117861,1,2,0,66.0
10110031DEDEV_2026-02-04_G15,10110031DEDEV,2026-02-04,111467,1,8,0,92.0
10110031DEDEV_2026-02-04_G16,10110031DEDEV,2026-02-04,117862,1,8,0,469.0
10110031DEDEV_2026-02-04_G17,10110031DEDEV,2026-02-04,110749,1,4,0,137.0
10110031DEDEV_2026-02-04_G18,10110031DEDEV,2026-02-04,141916,1,4,0,167.0
10110031DEDEV_2026-02-05_G02,10110031DEDEV,2026-02-05,110372,1,30,0,231.0
10110031DEDEV_2026-02-05_G03,10110031DEDEV,2026-02-05,118299,1,20,0,152.0
10110031DEDEV_2026-02-05_G04,10110031DEDEV,2026-02-05,110371,1,10,0,110.0
10110031DEDEV_2026-02-05_G05,10110031DEDEV,2026-02-05,117808,1,30,0,479.0
10110031DEDEV_2026-02-05_G06,10110031DEDEV,2026-02-05,118271,1,2,0,64.0
10110031DEDEV_2026-02-05_G07,10110031DEDEV,2026-02-05,117832,1,20,0,213.0
10110031DEDEV_2026-02-05_G08,10110031DEDEV,2026-02-05,118277,1,3,0,107.0
10110031DEDEV_2026-02-05_G09,10110031DEDEV,2026-02-05,117820,1,30,0,503.0
10110031DEDEV_2026-02-05_G10,10110031DEDEV,2026-02-05,118250,1,4,0,544.0
10110031DEDEV_2026-02-05_G11,10110031DEDEV,2026-02-05,117834,1,10,0,422.0
10110031DEDEV_2026-02-05_G12,10110031DEDEV,2026-02-05,111430,1,10,0,287.0
10110031DEDEV_2026-02-05_G13,10110031DEDEV,2026-02-05,110755,1,10,0,154.0
10110031DEDEV_2026-02-05_G14,10110031DEDEV,2026-02-05,111438,1,10,0,448.0
10110031DEDEV_2026-02-05_G15,10110031DEDEV,2026-02-05,110747,1,4,0,80.0
10110031DEDEV_2026-02-05_G16,10110031DEDEV,2026-02-05,100334,1,5,0,81.0
10110031DEDEV_2026-02-05_G17,10110031DEDEV,2026-02-05,111441,1,20,0,254.0
10110031DEDEV_2026-02-05_G18,10110031DEDEV,2026-02-05,110325,1,2,0,584.0
10110031DEDEV_2026-02-05_G19,10110031DEDEV,2026-02-05,110325,1,4,0,464.0
10110031DEDEV_2026-02-05_G20,10110031DEDEV,2026-02-05,110325,1,6,0,38.0
10110031DEDEV_2026-02-05_G21,10110031DEDEV,2026-02-05,110325,1,4,0,32.0
10110031DEDEV_2026-02-05_G22,10110031DEDEV,2026-02-05,111530,1,9,0,100.0
10110031DEDEV_2026-02-05_G23,10110031DEDEV,2026-02-05,111530,1,4,0,64.0
10110031DEDEV_2026-02-05_G24,10110031DEDEV,2026-02-05,110711,6,13,53,101.0
10110031DEDEV_2026-02-05_G25,10110031DEDEV,2026-02-05,111660,1,2,0,274.0
10110031DEDEV_2026-02-05_G26,10110031DEDEV,2026-02-05,111660,2,4,10,43.0
10110031DEDEV_2026-02-05_G27,10110031DEDEV,2026-02-05,111655,1,2,0,166.0
10110031DEDEV_2026-02-05_G28,10110031DEDEV,2026-02-05,117830,1,8,0,1061.0
10110031DEDEV_2026-02-05_G29,10110031DEDEV,2026-02-05,111172,1,5,0,174.0
10110031DEDEV_2026-02-05_G30,10110031DEDEV,2026-02-05,110741,1,3,0,166.0
10110031DEDEV_2026-02-05_G31,10110031DEDEV,2026-02-05,110895,1,2,0,134.0
10110031DEDEV_2026-02-05_G32,10110031DEDEV,2026-02-05,111530,1,8,0,118.0
10110031DEDEV_2026-02-05_G33,10110031DEDEV,2026-02-05,141047,1,1,0,144.0
10110031DEDEV_2026-02-05_G34,10110031DEDEV,2026-02-05,110325,1,2,0,297.0
10110031DEDEV_2026-02-05_G35,10110031DEDEV,2026-02-05,109640,1,4,0,1242.0
10110031DEDEV_2026-02-05_G37,10110031DEDEV,2026-02-05,105705,1,7,0,407.0
10110031DEDEV_2026-02-05_G38,10110031DEDEV,2026-02-05,140922,1,18,0,176.0
10110031DEDEV_2026-02-05_G39,10110031DEDEV,2026-02-05,117821,1,2,0,42.0
10110031DEDEV_2026-02-05_G40,10110031DEDEV,2026-02-05,108711,1,12,0,364.0
10110031DEDEV_2026-02-05_G41,10110031DEDEV,2026-02-05,"116241, 110743",2,4,26,62.0
10110031DEDEV_2026-02-05_G42,10110031DEDEV,2026-02-05,141456,1,27,0,342.0
10110031DEDEV_2026-02-05_G43,10110031DEDEV,2026-02-05,109645,1,3,0,233.0
10110031DEDEV_2026-02-05_G44,10110031DEDEV,2026-02-05,117841,1,2,0,61.0
10110031DEDEV_2026-02-05_G45,10110031DEDEV,2026-02-05,111433,1,3,0,110.0
10110031DEDEV_2026-02-05_G46,10110031DEDEV,2026-02-05,111465,1,3,0,199.0
10110031DEDEV_2026-02-05_G47,10110031DEDEV,2026-02-05,111435,1,15,0,123.0
10110031DEDEV_2026-02-05_G48,10110031DEDEV,2026-02-05,141458,1,2,0,85.0
10110031DEDEV_2026-02-05_G49,10110031DEDEV,2026-02-05,109643,1,20,0,285.0
10110031DEDEV_2026-02-05_G50,10110031DEDEV,2026-02-05,110372,1,17,0,125.0
10110031DEDEV_2026-02-05_G51,10110031DEDEV,2026-02-05,117840,1,30,0,320.0
10110031DEDEV_2026-02-05_G52,10110031DEDEV,2026-02-05,117837,1,14,0,496.0
10110031DEDEV_2026-02-05_G53,10110031DEDEV,2026-02-05,117854,1,3,0,73.0
10110031DEDEV_2026-02-05_G54,10110031DEDEV,2026-02-05,110742,1,3,0,124.0
10110031DEDEV_2026-02-05_G55,10110031DEDEV,2026-02-05,117789,1,2,0,77.0
10110031DEDEV_2026-02-05_G56,10110031DEDEV,2026-02-05,111655,1,4,0,186.0
10110031DEDEV_2026-02-05_G57,10110031DEDEV,2026-02-05,117861,1,1,0,97.0
10110031DEDEV_2026-02-05_G58,10110031DEDEV,2026-02-05,117862,1,9,0,119.0
10110031DEDEV_2026-02-05_G59,10110031DEDEV,2026-02-05,141047,1,3,0,91.0
10110031DEDEV_2026-02-05_G60,10110031DEDEV,2026-02-05,107629,1,2,0,49.0
10110031DEDEV_2026-02-05_G61,10110031DEDEV,2026-02-05,141916,1,12,0,254.0
10110031DEDEV_2026-02-05_G62,10110031DEDEV,2026-02-05,140911,1,2,0,185.0
10110031DEDEV_2026-02-05_G63,10110031DEDEV,2026-02-05,110787,1,10,0,663.0
10110031DEDEV_2026-02-05_G64,10110031DEDEV,2026-02-05,110787,1,2,0,32.0
10110031DEDEV_2026-02-05_G65,10110031DEDEV,2026-02-05,110787,1,30,0,53.0
10110031DEDEV_2026-02-05_G66,10110031DEDEV,2026-02-05,109641,1,3,0,362.0
10110031DEDEV_2026-02-05_G67,10110031DEDEV,2026-02-05,109641,1,10,0,79.0
10110031DEDEV_2026-02-05_G68,10110031DEDEV,2026-02-05,108711,2,14,28,91.0
10110031DEDEV_2026-02-05_G69,10110031DEDEV,2026-02-05,108711,1,5,0,33.0
10110031DEDEV_2026-02-05_G70,10110031DEDEV,2026-02-05,108711,1,15,0,93.0
10110031DEDEV_2026-02-05_G71,10110031DEDEV,2026-02-05,116241,1,10,0,324.0
10110031DEDEV_2026-02-05_G72,10110031DEDEV,2026-02-05,141456,1,10,0,199.0
10110031DEDEV_2026-02-05_G73,10110031DEDEV,2026-02-05,118330,1,5,0,91.0
10110031DEDEV_2026-02-05_G74,10110031DEDEV,2026-02-05,160055,1,2,0,84.0
10110031DEDEV_2026-02-05_G75,10110031DEDEV,2026-02-05,111172,1,10,0,116.0
10110031DEDEV_2026-02-05_G76,10110031DEDEV,2026-02-05,111418,1,50,0,464.0
10110031DEDEV_2026-02-05_G77,10110031DEDEV,2026-02-05,118140,1,40,0,500.0
10110031DEDEV_2026-02-05_G78,10110031DEDEV,2026-02-05,110373,1,100,0,183.0
10110031DEDEV_2026-02-05_G79,10110031DEDEV,2026-02-05,117808,1,45,0,175.0
10110031DEDEV_2026-02-05_G81,10110031DEDEV,2026-02-05,110376,1,2,0,284.0
10110031DEDEV_2026-02-05_G82,10110031DEDEV,2026-02-05,110711,1,1,0,56.0
10110031DEDEV_2026-02-05_G83,10110031DEDEV,2026-02-05,105705,1,1,0,130.0
10110031DEDEV_2026-02-05_G84,10110031DEDEV,2026-02-05,117786,1,4,0,126.0
10110031DEDEV_2026-02-05_G85,10110031DEDEV,2026-02-05,109640,1,1,0,282.0
10110031DEDEV_2026-02-05_G86,10110031DEDEV,2026-02-05,109640,1,3,0,132.0
10110031DEDEV_2026-02-06_G02,10110031DEDEV,2026-02-06,118140,1,16,0,167.0
10110031DEDEV_2026-02-06_G03,10110031DEDEV,2026-02-06,110373,1,2,0,69.0
10110031DEDEV_2026-02-06_G04,10110031DEDEV,2026-02-06,110372,1,4,0,194.0
10110031DEDEV_2026-02-06_G05,10110031DEDEV,2026-02-06,111469,1,4,0,139.0
10110031DEDEV_2026-02-06_G06,10110031DEDEV,2026-02-06,140922,1,24,0,328.0
10110031DEDEV_2026-02-06_G07,10110031DEDEV,2026-02-06,111466,1,6,0,148.0
10110031DEDEV_2026-02-06_G08,10110031DEDEV,2026-02-06,111469,1,5,0,114.0
10110031DEDEV_2026-02-06_G09,10110031DEDEV,2026-02-06,110325,1,8,0,174.0
10110031DEDEV_2026-02-06_G10,10110031DEDEV,2026-02-06,107236,1,16,0,275.0
10110031DEDEV_2026-02-06_G12,10110031DEDEV,2026-02-06,111655,1,4,0,125.0
10110031DEDEV_2026-02-06_G13,10110031DEDEV,2026-02-06,111655,1,2,0,31.0
10110031DEDEV_2026-02-06_G14,10110031DEDEV,2026-02-06,111530,1,8,0,280.0
10110031DEDEV_2026-02-06_G15,10110031DEDEV,2026-02-06,111530,1,2,0,31.0
10110031DEDEV_2026-02-06_G16,10110031DEDEV,2026-02-06,108711,2,4,28,124.0
10110031DEDEV_2026-02-06_G17,10110031DEDEV,2026-02-06,141456,1,4,0,91.0
10110031DEDEV_2026-02-06_G18,10110031DEDEV,2026-02-06,107236,1,5,0,143.0
10110031DEDEV_2026-02-06_G19,10110031DEDEV,2026-02-06,110325,1,8,0,313.0
10110031DEDEV_2026-02-06_G20,10110031DEDEV,2026-02-06,117855,1,12,0,1027.0
10110031DEDEV_2026-02-06_G21,10110031DEDEV,2026-02-06,111530,1,18,0,373.0
10110031DEDEV_2026-02-06_G22,10110031DEDEV,2026-02-06,111602,1,12,0,219.0
10110031DEDEV_2026-02-06_G23,10110031DEDEV,2026-02-06,109640,1,6,0,310.0
10110031DEDEV_2026-02-06_G24,10110031DEDEV,2026-02-06,110339,1,4,0,75.0
10110031DEDEV_2026-02-06_G25,10110031DEDEV,2026-02-06,117856,1,6,0,215.0
10110031DEDEV_2026-02-06_G26,10110031DEDEV,2026-02-06,118140,1,8,0,142.0
10110031DEDEV_2026-02-06_G28,10110031DEDEV,2026-02-06,117820,1,100,0,432.0
10110031DEDEV_2026-02-06_G29,10110031DEDEV,2026-02-06,118299,1,100,0,289.0
10110031DEDEV_2026-02-06_G30,10110031DEDEV,2026-02-06,110372,1,20,0,275.0
10110031DEDEV_2026-02-06_G31,10110031DEDEV,2026-02-06,110371,1,50,0,330.0
10110031DEDEV_2026-02-06_G32,10110031DEDEV,2026-02-06,117830,1,20,0,629.0
10110031DEDEV_2026-02-06_G33,10110031DEDEV,2026-02-06,117785,1,20,0,153.0
10110031DEDEV_2026-02-06_G34,10110031DEDEV,2026-02-06,117808,1,450,0,592.0
10110031DEDEV_2026-02-06_G35,10110031DEDEV,2026-02-06,110373,1,60,0,360.0
10110031DEDEV_2026-02-06_G36,10110031DEDEV,2026-02-06,117832,1,30,0,170.0
10110031DEDEV_2026-02-06_G37,10110031DEDEV,2026-02-06,111467,1,12,0,274.0
10110031DEDEV_2026-02-06_G38,10110031DEDEV,2026-02-06,140923,1,12,0,110.0
10110031DEDEV_2026-02-06_G39,10110031DEDEV,2026-02-06,117862,1,12,0,95.0
10110031DEDEV_2026-02-06_G40,10110031DEDEV,2026-02-06,141047,1,12,0,136.0
10110031DEDEV_2026-02-06_G41,10110031DEDEV,2026-02-06,110711,1,12,0,88.0
10110031DEDEV_2026-02-06_G42,10110031DEDEV,2026-02-06,117856,1,10,0,96.0
10110031DEDEV_2026-02-06_G43,10110031DEDEV,2026-02-06,110339,1,4,0,75.0
10110031DEDEV_2026-02-06_G44,10110031DEDEV,2026-02-06,117837,1,4,0,120.0
10110031DEDEV_2026-02-06_G45,10110031DEDEV,2026-02-06,111430,1,6,0,804.0
10110031DEDEV_2026-02-06_G46,10110031DEDEV,2026-02-06,110895,1,6,0,231.0
10110031DEDEV_2026-02-06_G47,10110031DEDEV,2026-02-06,117834,1,16,0,623.0
10110031DEDEV_2026-02-06_G48,10110031DEDEV,2026-02-06,111438,1,6,0,102.0
10110031DEDEV_2026-02-06_G49,10110031DEDEV,2026-02-06,111569,1,10,0,152.0
10110031DEDEV_2026-02-06_G50,10110031DEDEV,2026-02-06,142045,1,12,0,525.0
10110031DEDEV_2026-02-06_G51,10110031DEDEV,2026-02-06,110740,1,2,0,758.0
10110031DEDEV_2026-02-06_G52,10110031DEDEV,2026-02-06,117820,1,4,0,107.0
10110031DEDEV_2026-02-06_G53,10110031DEDEV,2026-02-06,111569,1,4,0,287.0
10110031DEDEV_2026-02-07_G02,10110031DEDEV,2026-02-07,107830,1,20,0,2410.0
10110031DEDEV_2026-02-07_G03,10110031DEDEV,2026-02-07,117822,1,5,0,147.0
10110031DEDEV_2026-02-07_G04,10110031DEDEV,2026-02-07,110376,1,12,0,124.0
10110031DEDEV_2026-02-07_G05,10110031DEDEV,2026-02-07,110376,1,11,0,59.0
10110031DEDEV_2026-02-07_G06,10110031DEDEV,2026-02-07,118271,1,10,0,120.0
10110031DEDEV_2026-02-07_G07,10110031DEDEV,2026-02-07,117808,1,224,0,842.0
10110031DEDEV_2026-02-07_G08,10110031DEDEV,2026-02-07,110372,1,150,0,742.0
10110031DEDEV_2026-02-07_G09,10110031DEDEV,2026-02-07,105705,1,5,0,248.0
10110031DEDEV_2026-02-07_G10,10110031DEDEV,2026-02-07,110743,1,2,0,76.0
10110031DEDEV_2026-02-07_G11,10110031DEDEV,2026-02-07,105242,1,2,0,73.0
10110031DEDEV_2026-02-07_G12,10110031DEDEV,2026-02-07,117862,1,10,0,113.0
10110031DEDEV_2026-02-07_G13,10110031DEDEV,2026-02-07,111650,1,8,0,121.0
10110031DEDEV_2026-02-07_G14,10110031DEDEV,2026-02-07,141352,1,2,0,120.0
10110031DEDEV_2026-02-07_G15,10110031DEDEV,2026-02-07,118251,1,4,0,815.0
10110031DEDEV_2026-02-07_G16,10110031DEDEV,2026-02-07,108411,1,3,0,72.0
10110031DEDEV_2026-02-07_G17,10110031DEDEV,2026-02-07,110747,1,2,0,70.0
10110031DEDEV_2026-02-07_G18,10110031DEDEV,2026-02-07,118417,1,8,0,166.0
10110031DEDEV_2026-02-07_G19,10110031DEDEV,2026-02-07,115775,1,11,0,132.0
10110031DEDEV_2026-02-07_G20,10110031DEDEV,2026-02-07,111793,1,5,0,104.0
10110031DEDEV_2026-02-07_G21,10110031DEDEV,2026-02-07,110623,1,1,0,63.0
10110031DEDEV_2026-02-08_G02,10110031DEDEV,2026-02-08,117838,1,4,0,289.0
10110031DEDEV_2026-02-08_G03,10110031DEDEV,2026-02-08,107830,1,2,0,230.0
10110031DEDEV_2026-02-08_G04,10110031DEDEV,2026-02-08,141457,1,2,0,94.0
10110031DEDEV_2026-02-08_G05,10110031DEDEV,2026-02-08,118250,1,4,0,221.0
10110031DEDEV_2026-02-08_G06,10110031DEDEV,2026-02-08,110755,1,4,0,303.0
10110031DEDEV_2026-02-08_G07,10110031DEDEV,2026-02-08,111441,1,8,0,829.0
10110031DEDEV_2026-02-08_G08,10110031DEDEV,2026-02-08,100334,1,2,0,462.0
10110031DEDEV_2026-02-08_G09,10110031DEDEV,2026-02-08,111569,1,3,0,93.0
10110031DEDEV_2026-02-08_G10,10110031DEDEV,2026-02-08,111467,1,4,0,287.0
10110031DEDEV_2026-02-08_G11,10110031DEDEV,2026-02-08,118140,1,3,0,588.0
10110031DEDEV_2026-02-08_G12,10110031DEDEV,2026-02-08,111463,1,4,0,114.0
10110031DEDEV_2026-02-08_G13,10110031DEDEV,2026-02-08,111418,1,17,0,97.0
10110031DEDEV_2026-02-08_G14,10110031DEDEV,2026-02-08,141457,1,2,0,100.0
10110031DEDEV_2026-02-08_G15,10110031DEDEV,2026-02-08,110740,1,12,0,221.0
10110031DEDEV_2026-02-08_G16,10110031DEDEV,2026-02-08,142045,1,35,0,628.0
10110031DEDEV_2026-02-08_G17,10110031DEDEV,2026-02-08,140923,1,32,0,514.0
10110031DEDEV_2026-02-08_G18,10110031DEDEV,2026-02-08,107830,1,4,0,133.0
10110031DEDEV_2026-02-08_G19,10110031DEDEV,2026-02-08,110374,1,9,0,82.0
10110031DEDEV_2026-02-08_G20,10110031DEDEV,2026-02-08,117820,1,14,0,179.0
10110031DEDEV_2026-02-08_G21,10110031DEDEV,2026-02-08,117808,1,11,0,116.0
10110031DEDEV_2026-02-08_G22,10110031DEDEV,2026-02-08,110372,1,5,0,679.0
10110031DEDEV_2026-02-08_G23,10110031DEDEV,2026-02-08,111172,1,2,0,459.0
10110031DEDEV_2026-02-08_G24,10110031DEDEV,2026-02-08,110325,1,6,0,111.0
10110031DEDEV_2026-02-08_G25,10110031DEDEV,2026-02-08,110755,1,6,0,138.0
10110031DEDEV_2026-02-08_G26,10110031DEDEV,2026-02-08,110895,1,4,0,51.0
10110031DEDEV_2026-02-08_G27,10110031DEDEV,2026-02-08,140923,1,16,0,213.0
10110031DEDEV_2026-02-08_G28,10110031DEDEV,2026-02-08,110339,1,3,0,53.0
10110031DEDEV_2026-02-08_G29,10110031DEDEV,2026-02-08,111569,1,20,0,684.0
10110031DEDEV_2026-02-08_G30,10110031DEDEV,2026-02-08,117831,1,3,0,131.0
10110031DEDEV_2026-02-08_G31,10110031DEDEV,2026-02-08,110740,1,2,0,70.0
10110031DEDEV_2026-02-08_G32,10110031DEDEV,2026-02-08,111743,1,4,0,64.0
10110031DEDEV_2026-02-08_G33,10110031DEDEV,2026-02-08,141823,1,2,0,78.0
10110031DEDEV_2026-02-08_G34,10110031DEDEV,2026-02-08,111418,1,19,0,113.0
10110031DEDEV_2026-02-08_G35,10110031DEDEV,2026-02-08,117820,1,6,0,127.0
10110031DEDEV_2026-02-08_G37,10110031DEDEV,2026-02-08,110376,1,1,0,259.0
10110031DEDEV_2026-02-08_G38,10110031DEDEV,2026-02-08,118299,1,3,0,50.0
10110031DEDEV_2026-02-08_G39,10110031DEDEV,2026-02-08,110372,1,5,0,50.0
10110031DEDEV_2026-02-08_G40,10110031DEDEV,2026-02-08,111330,1,8,0,213.0
10110031DEDEV_2026-02-09_G02,10110031DEDEV,2026-02-09,141823,1,3,0,157.0
10110031DEDEV_2026-02-09_G03,10110031DEDEV,2026-02-09,111418,1,4,0,64.0
10110031DEDEV_2026-02-09_G04,10110031DEDEV,2026-02-09,117785,1,8,0,128.0
10110031DEDEV_2026-02-09_G05,10110031DEDEV,2026-02-09,110339,1,5,0,256.0
10110031DEDEV_2026-02-09_G06,10110031DEDEV,2026-02-09,109641,1,6,0,694.0
10110031DEDEV_2026-02-09_G07,10110031DEDEV,2026-02-09,109641,1,4,0,145.0
10110031DEDEV_2026-02-09_G08,10110031DEDEV,2026-02-09,110895,1,1,0,582.0
10110031DEDEV_2026-02-09_G09,10110031DEDEV,2026-02-09,117861,1,4,0,161.0
10110031DEDEV_2026-02-09_G10,10110031DEDEV,2026-02-09,118094,1,6,0,78.0
10110031DEDEV_2026-02-09_G11,10110031DEDEV,2026-02-09,111467,1,2,0,42.0
10110031DEDEV_2026-02-09_G12,10110031DEDEV,2026-02-09,117786,1,6,0,105.0
10110031DEDEV_2026-02-09_G13,10110031DEDEV,2026-02-09,141047,1,4,0,736.0
10110031DEDEV_2026-02-09_G14,10110031DEDEV,2026-02-09,111602,1,1,0,53.0
10110031DEDEV_2026-02-09_G15,10110031DEDEV,2026-02-09,109645,1,6,0,409.0
10110031DEDEV_2026-02-09_G16,10110031DEDEV,2026-02-09,108795,1,4,0,387.0
10110031DEDEV_2026-02-09_G17,10110031DEDEV,2026-02-09,108794,1,2,0,46.0
10110031DEDEV_2026-02-09_G18,10110031DEDEV,2026-02-09,117831,1,6,0,55.0
10110031DEDEV_2026-02-09_G19,10110031DEDEV,2026-02-09,110740,1,4,0,77.0
10110031DEDEV_2026-02-09_G20,10110031DEDEV,2026-02-09,111469,1,4,0,71.0
10110031DEDEV_2026-02-09_G21,10110031DEDEV,2026-02-09,111466,1,6,0,526.0
10110031DEDEV_2026-02-09_G22,10110031DEDEV,2026-02-09,118140,1,2,0,116.0
10110031DEDEV_2026-02-09_G23,10110031DEDEV,2026-02-09,107236,1,4,0,53.0
10110031DEDEV_2026-02-09_G24,10110031DEDEV,2026-02-09,111463,1,8,0,121.0
10110031DEDEV_2026-02-09_G25,10110031DEDEV,2026-02-09,118223,1,4,0,139.0
10110031DEDEV_2026-02-09_G26,10110031DEDEV,2026-02-09,141457,1,4,0,66.0
10110031DEDEV_2026-02-09_G27,10110031DEDEV,2026-02-09,117785,1,5,0,959.0
10110031DEDEV_2026-02-09_G28,10110031DEDEV,2026-02-09,110374,1,2,0,162.0
10110031DEDEV_2026-02-09_G29,10110031DEDEV,2026-02-09,117809,1,6,0,71.0
10110031DEDEV_2026-02-09_G30,10110031DEDEV,2026-02-09,109648,1,3,0,52.0
10110031DEDEV_2026-02-09_G31,10110031DEDEV,2026-02-09,117820,1,3,0,55.0
10110031DEDEV_2026-02-09_G32,10110031DEDEV,2026-02-09,117808,1,9,0,114.0
10110031DEDEV_2026-02-09_G33,10110031DEDEV,2026-02-09,141202,1,4,0,66.0
10110031DEDEV_2026-02-09_G34,10110031DEDEV,2026-02-09,118299,1,10,0,108.0
10110031DEDEV_2026-02-09_G35,10110031DEDEV,2026-02-09,117832,1,5,0,73.0
10110031DEDEV_2026-02-09_G36,10110031DEDEV,2026-02-09,110371,1,4,0,39.0
10110031DEDEV_2026-02-09_G37,10110031DEDEV,2026-02-09,110375,1,3,0,90.0
10110031DEDEV_2026-02-09_G38,10110031DEDEV,2026-02-09,117830,1,8,0,132.0
10110031DEDEV_2026-02-09_G39,10110031DEDEV,2026-02-09,110373,1,6,0,73.0
10110031DEDEV_2026-02-09_G40,10110031DEDEV,2026-02-09,110372,1,30,0,295.0
10110031DEDEV_2026-02-09_G41,10110031DEDEV,2026-02-09,110895,1,4,0,409.0
10110031DEDEV_2026-02-09_G42,10110031DEDEV,2026-02-09,118251,1,4,0,123.0
10110031DEDEV_2026-02-09_G43,10110031DEDEV,2026-02-09,111569,1,4,0,105.0
10110031DEDEV_2026-02-09_G44,10110031DEDEV,2026-02-09,118094,1,2,0,139.0
10110031DEDEV_2026-02-09_G45,10110031DEDEV,2026-02-09,108794,1,4,0,131.0
10110031DEDEV_2026-02-09_G46,10110031DEDEV,2026-02-09,140923,1,3,0,298.0
10110031DEDEV_2026-02-09_G47,10110031DEDEV,2026-02-09,117862,1,2,0,105.0
10110031DEDEV_2026-02-09_G48,10110031DEDEV,2026-02-09,111530,1,4,0,124.0
10110031DEDEV_2026-02-09_G49,10110031DEDEV,2026-02-09,118299,1,8,0,273.0
10110031DEDEV_2026-02-09_G50,10110031DEDEV,2026-02-09,110372,1,2,0,52.0
10110031DEDEV_2026-02-09_G51,10110031DEDEV,2026-02-09,117830,1,8,0,145.0
10110031DEDEV_2026-02-09_G52,10110031DEDEV,2026-02-09,117808,1,14,0,121.0
10110031DEDEV_2026-02-09_G53,10110031DEDEV,2026-02-09,111466,1,4,0,168.0
10110031DEDEV_2026-02-09_G54,10110031DEDEV,2026-02-09,111463,1,6,0,107.0
10110031DEDEV_2026-02-09_G56,10110031DEDEV,2026-02-09,110325,1,19,0,501.0
10110031DEDEV_2026-02-09_G57,10110031DEDEV,2026-02-09,118299,1,23,0,390.0
10110031DEDEV_2026-02-09_G58,10110031DEDEV,2026-02-09,110372,1,91,0,377.0
10110031DEDEV_2026-02-09_G59,10110031DEDEV,2026-02-09,117832,1,4,0,101.0
10110031DEDEV_2026-02-09_G60,10110031DEDEV,2026-02-09,110371,1,50,0,615.0
10110031DEDEV_2026-02-09_G61,10110031DEDEV,2026-02-09,110373,1,15,0,153.0
10110031DEDEV_2026-02-09_G62,10110031DEDEV,2026-02-09,110752,1,8,0,204.0
10110031DEDEV_2026-02-09_G63,10110031DEDEV,2026-02-09,107629,1,7,0,146.0
10110031DEDEV_2026-02-09_G64,10110031DEDEV,2026-02-09,140923,1,8,0,164.0
10110031DEDEV_2026-02-09_G65,10110031DEDEV,2026-02-09,117786,1,5,0,95.0
10110031DEDEV_2026-02-09_G66,10110031DEDEV,2026-02-09,117808,1,68,0,470.0
10110031DEDEV_2026-02-09_G67,10110031DEDEV,2026-02-09,111602,1,20,0,475.0
10110031DEDEV_2026-02-09_G68,10110031DEDEV,2026-02-09,110373,1,93,0,396.0
10110031DEDEV_2026-02-09_G69,10110031DEDEV,2026-02-09,118094,1,40,0,569.0
10110031DEDEV_2026-02-09_G70,10110031DEDEV,2026-02-09,"100334, 110747",2,20,18,234.0
10110031DEDEV_2026-02-09_G71,10110031DEDEV,2026-02-09,111430,1,4,0,1446.0
10110031DEDEV_2026-02-09_G72,10110031DEDEV,2026-02-09,110755,1,9,0,387.0
10110031DEDEV_2026-02-09_G73,10110031DEDEV,2026-02-09,116527,1,2,0,110.0
10110031DEDEV_2026-02-09_G74,10110031DEDEV,2026-02-09,111569,1,11,0,184.0
10110031DEDEV_2026-02-09_G75,10110031DEDEV,2026-02-09,118094,1,2,0,159.0
10110031DEDEV_2026-02-09_G76,10110031DEDEV,2026-02-09,107629,1,4,0,68.0
10110031DEDEV_2026-02-09_G77,10110031DEDEV,2026-02-09,140923,1,11,0,125.0
10110031DEDEV_2026-02-09_G78,10110031DEDEV,2026-02-09,111602,1,14,0,194.0
10110031DEDEV_2026-02-09_G79,10110031DEDEV,2026-02-09,110339,1,14,0,430.0
10110031DEDEV_2026-02-09_G80,10110031DEDEV,2026-02-09,109647,1,6,0,386.0
10110031DEDEV_2026-02-09_G82,10110031DEDEV,2026-02-09,117809,1,4,0,105.0
10110031DEDEV_2026-02-09_G83,10110031DEDEV,2026-02-09,109643,1,13,0,142.0
10110031DEDEV_2026-02-09_G84,10110031DEDEV,2026-02-09,110325,1,5,0,115.0
10110031DEDEV_2026-02-09_G85,10110031DEDEV,2026-02-09,117808,1,18,0,154.0
10110031DEDEV_2026-02-10_G02,10110031DEDEV,2026-02-10,110372,1,43,0,278.0
10110031DEDEV_2026-02-10_G03,10110031DEDEV,2026-02-10,110373,1,31,0,268.0
10110031DEDEV_2026-02-10_G04,10110031DEDEV,2026-02-10,117820,1,67,0,657.0
10110031DEDEV_2026-02-10_G05,10110031DEDEV,2026-02-10,111418,1,2,0,108.0
10110031DEDEV_2026-02-10_G06,10110031DEDEV,2026-02-10,141457,1,9,0,126.0
10110031DEDEV_2026-02-10_G07,10110031DEDEV,2026-02-10,111465,1,4,0,85.0
10110031DEDEV_2026-02-10_G08,10110031DEDEV,2026-02-10,141458,1,26,0,274.0
10110031DEDEV_2026-02-10_G09,10110031DEDEV,2026-02-10,141458,1,2,0,44.0
10110031DEDEV_2026-02-10_G10,10110031DEDEV,2026-02-10,117785,1,14,0,497.0
10110031DEDEV_2026-02-10_G11,10110031DEDEV,2026-02-10,117808,1,94,0,966.0
10110031DEDEV_2026-02-10_G12,10110031DEDEV,2026-02-10,118299,1,26,0,725.0
10110031DEDEV_2026-02-10_G13,10110031DEDEV,2026-02-10,117830,1,30,0,506.0
10110031DEDEV_2026-02-10_G14,10110031DEDEV,2026-02-10,109643,1,2,0,734.0
10110031DEDEV_2026-02-10_G15,10110031DEDEV,2026-02-10,140923,1,3,0,128.0
10110031DEDEV_2026-02-10_G16,10110031DEDEV,2026-02-10,100334,1,2,0,122.0
10110031DEDEV_2026-02-10_G17,10110031DEDEV,2026-02-10,107830,1,2,0,152.0
10110031DEDEV_2026-02-10_G18,10110031DEDEV,2026-02-10,110325,1,2,0,154.0
10110031DEDEV_2026-02-10_G19,10110031DEDEV,2026-02-10,110372,1,10,0,108.0
10110031DEDEV_2026-02-10_G20,10110031DEDEV,2026-02-10,110373,1,8,0,112.0
10110031DEDEV_2026-02-10_G21,10110031DEDEV,2026-02-10,118317,1,1,0,195.0
10110031DEDEV_2026-02-10_G22,10110031DEDEV,2026-02-10,108711,1,1,0,116.0
10110031DEDEV_2026-02-10_G23,10110031DEDEV,2026-02-10,111530,1,1,0,103.0
10110031DEDEV_2026-02-10_G24,10110031DEDEV,2026-02-10,110711,2,4,29,83.0
10110031DEDEV_2026-02-10_G25,10110031DEDEV,2026-02-10,111602,1,1,0,48.0
10110031DEDEV_2026-02-10_G26,10110031DEDEV,2026-02-10,141823,1,4,0,91.0
10110031DEDEV_2026-02-10_G27,10110031DEDEV,2026-02-10,111466,1,4,0,242.0
10110031DEDEV_2026-02-10_G28,10110031DEDEV,2026-02-10,111430,1,4,0,1530.0
10110031DEDEV_2026-02-10_G29,10110031DEDEV,2026-02-10,107629,1,4,0,114.0
10110031DEDEV_2026-02-10_G30,10110031DEDEV,2026-02-10,117786,1,4,0,156.0
10110031DEDEV_2026-02-10_G31,10110031DEDEV,2026-02-10,117856,1,5,0,118.0
10110031DEDEV_2026-02-10_G32,10110031DEDEV,2026-02-10,118140,1,10,0,150.0
10110031DEDEV_2026-02-10_G33,10110031DEDEV,2026-02-10,111465,1,20,0,150.0
10110031DEDEV_2026-02-10_G34,10110031DEDEV,2026-02-10,117787,1,10,0,81.0
10110031DEDEV_2026-02-10_G35,10110031DEDEV,2026-02-10,141066,1,2,0,71.0
10110031DEDEV_2026-02-10_G36,10110031DEDEV,2026-02-10,117785,1,8,0,142.0
10110031DEDEV_2026-02-10_G38,10110031DEDEV,2026-02-10,108772,1,12,0,152.0
10110031DEDEV_2026-02-10_G39,10110031DEDEV,2026-02-10,141066,1,12,0,343.0
10110031DEDEV_2026-02-10_G40,10110031DEDEV,2026-02-10,141035,1,5,0,183.0
10110031DEDEV_2026-02-10_G41,10110031DEDEV,2026-02-10,117861,1,16,0,186.0
10110031DEDEV_2026-02-10_G42,10110031DEDEV,2026-02-10,110741,1,6,0,98.0
10110031DEDEV_2026-02-10_G43,10110031DEDEV,2026-02-10,111418,1,100,0,247.0
10110031DEDEV_2026-02-10_G44,10110031DEDEV,2026-02-10,111444,1,8,0,191.0
10110031DEDEV_2026-02-10_G45,10110031DEDEV,2026-02-10,111431,1,2,0,49.0
10110031DEDEV_2026-02-10_G46,10110031DEDEV,2026-02-10,117785,1,110,0,609.0
10110031DEDEV_2026-02-10_G47,10110031DEDEV,2026-02-10,110751,1,5,0,352.0
10110031DEDEV_2026-02-10_G48,10110031DEDEV,2026-02-10,117821,1,35,0,533.0
10110031DEDEV_2026-02-10_G49,10110031DEDEV,2026-02-10,111743,1,20,0,111.0
10110031DEDEV_2026-02-10_G50,10110031DEDEV,2026-02-10,110371,1,134,0,1784.0
10110031DEDEV_2026-02-10_G51,10110031DEDEV,2026-02-10,110372,1,114,0,252.0
10110031DEDEV_2026-02-10_G52,10110031DEDEV,2026-02-10,110375,1,29,0,350.0
10110031DEDEV_2026-02-10_G53,10110031DEDEV,2026-02-10,117830,1,34,0,227.0
10110031DEDEV_2026-02-10_G54,10110031DEDEV,2026-02-10,117862,1,1,0,301.0
10110031DEDEV_2026-02-10_G55,10110031DEDEV,2026-02-10,108772,1,8,0,142.0
10110031DEDEV_2026-02-10_G56,10110031DEDEV,2026-02-10,141166,1,11,0,325.0
10110031DEDEV_2026-02-10_G57,10110031DEDEV,2026-02-10,117830,1,100,0,611.0
10110031DEDEV_2026-02-10_G58,10110031DEDEV,2026-02-10,117785,1,35,0,378.0
10110031DEDEV_2026-02-10_G60,10110031DEDEV,2026-02-10,107830,1,13,0,86.0
10110031DEDEV_2026-02-10_G61,10110031DEDEV,2026-02-10,117820,1,50,0,337.0
10110031DEDEV_2026-02-11_G02,10110031DEDEV,2026-02-11,110325,1,23,0,52.0
10110031DEDEV_2026-02-11_G03,10110031DEDEV,2026-02-11,117822,1,16,0,387.0
10110031DEDEV_2026-02-11_G04,10110031DEDEV,2026-02-11,141202,1,11,0,91.0
10110031DEDEV_2026-02-11_G05,10110031DEDEV,2026-02-11,117832,1,20,0,189.0
10110031DEDEV_2026-02-11_G06,10110031DEDEV,2026-02-11,110375,1,24,0,220.0
10110031DEDEV_2026-02-11_G07,10110031DEDEV,2026-02-11,117830,1,53,0,510.0
10110031DEDEV_2026-02-11_G08,10110031DEDEV,2026-02-11,111444,1,12,0,151.0
10110031DEDEV_2026-02-11_G09,10110031DEDEV,2026-02-11,111431,1,6,0,85.0
10110031DEDEV_2026-02-11_G10,10110031DEDEV,2026-02-11,111465,1,16,0,183.0
10110031DEDEV_2026-02-11_G11,10110031DEDEV,2026-02-11,107236,1,90,0,437.0
10110031DEDEV_2026-02-11_G12,10110031DEDEV,2026-02-11,109641,1,12,0,1131.0
10110031DEDEV_2026-02-11_G13,10110031DEDEV,2026-02-11,111348,1,12,0,114.0
10110031DEDEV_2026-02-11_G14,10110031DEDEV,2026-02-11,108794,1,9,0,63.0
10110031DEDEV_2026-02-11_G15,10110031DEDEV,2026-02-11,108794,1,16,0,96.0
10110031DEDEV_2026-02-11_G16,10110031DEDEV,2026-02-11,117833,1,12,0,118.0
10110031DEDEV_2026-02-11_G17,10110031DEDEV,2026-02-11,117821,1,8,0,117.0
10110031DEDEV_2026-02-11_G18,10110031DEDEV,2026-02-11,108711,1,16,0,407.0
10110031DEDEV_2026-02-11_G19,10110031DEDEV,2026-02-11,110743,1,12,0,90.0
10110031DEDEV_2026-02-11_G20,10110031DEDEV,2026-02-11,111743,1,36,0,141.0
10110031DEDEV_2026-02-11_G21,10110031DEDEV,2026-02-11,111172,1,9,0,149.0
10110031DEDEV_2026-02-11_G22,10110031DEDEV,2026-02-11,111172,1,19,0,120.0
10110031DEDEV_2026-02-11_G23,10110031DEDEV,2026-02-11,107236,1,20,0,168.0
10110031DEDEV_2026-02-11_G24,10110031DEDEV,2026-02-11,107236,1,24,0,433.0
10110031DEDEV_2026-02-11_G25,10110031DEDEV,2026-02-11,107236,1,12,0,61.0
10110031DEDEV_2026-02-11_G26,10110031DEDEV,2026-02-11,109645,1,36,0,313.0
10110031DEDEV_2026-02-11_G27,10110031DEDEV,2026-02-11,108798,1,12,0,125.0
10110031DEDEV_2026-02-11_G28,10110031DEDEV,2026-02-11,118223,1,9,0,113.0
10110031DEDEV_2026-02-11_G29,10110031DEDEV,2026-02-11,110129,1,12,0,169.0
10110031DEDEV_2026-02-11_G30,10110031DEDEV,2026-02-11,117785,1,48,0,410.0
10110031DEDEV_2026-02-11_G31,10110031DEDEV,2026-02-11,117831,1,36,0,512.0
10110031DEDEV_2026-02-11_G32,10110031DEDEV,2026-02-11,110740,1,24,0,319.0
10110031DEDEV_2026-02-11_G33,10110031DEDEV,2026-02-11,111466,1,80,0,365.0
10110031DEDEV_2026-02-11_G34,10110031DEDEV,2026-02-11,111418,1,80,0,176.0
10110031DEDEV_2026-02-11_G35,10110031DEDEV,2026-02-11,118140,1,60,0,993.0
10110031DEDEV_2026-02-11_G37,10110031DEDEV,2026-02-11,141352,1,10,0,223.0
10110031DEDEV_2026-02-11_G38,10110031DEDEV,2026-02-11,117837,1,5,0,88.0
10110031DEDEV_2026-02-11_G39,10110031DEDEV,2026-02-11,111780,1,4,0,280.0
10110031DEDEV_2026-02-11_G40,10110031DEDEV,2026-02-11,140923,1,340,0,2516.0
10110031DEDEV_2026-02-11_G41,10110031DEDEV,2026-02-11,140922,1,880,0,2207.0
10110031DEDEV_2026-02-11_G42,10110031DEDEV,2026-02-11,117834,1,6,0,555.0
10110031DEDEV_2026-02-11_G43,10110031DEDEV,2026-02-11,108770,1,3,0,113.0
10110031DEDEV_2026-02-11_G44,10110031DEDEV,2026-02-11,110742,1,3,0,118.0
10110031DEDEV_2026-02-11_G45,10110031DEDEV,2026-02-11,117789,1,10,0,147.0
10110031DEDEV_2026-02-11_G46,10110031DEDEV,2026-02-11,109641,1,4,0,96.0
10110031DEDEV_2026-02-11_G47,10110031DEDEV,2026-02-11,108795,2,11,25,66.0
10110031DEDEV_2026-02-11_G48,10110031DEDEV,2026-02-11,111348,1,5,0,73.0
10110031DEDEV_2026-02-11_G49,10110031DEDEV,2026-02-11,111348,1,7,0,62.0
10110031DEDEV_2026-02-11_G50,10110031DEDEV,2026-02-11,117831,1,26,0,200.0
10110031DEDEV_2026-02-11_G51,10110031DEDEV,2026-02-11,117833,1,22,0,446.0
10110031DEDEV_2026-02-11_G52,10110031DEDEV,2026-02-11,110740,1,2,0,91.0
10110031DEDEV_2026-02-11_G53,10110031DEDEV,2026-02-11,108711,1,8,0,82.0
10110031DEDEV_2026-02-11_G54,10110031DEDEV,2026-02-11,111743,1,3,0,77.0
10110031DEDEV_2026-02-11_G55,10110031DEDEV,2026-02-11,111743,1,1,0,37.0
10110031DEDEV_2026-02-11_G56,10110031DEDEV,2026-02-11,107236,1,19,0,223.0
10110031DEDEV_2026-02-11_G57,10110031DEDEV,2026-02-11,105705,1,6,0,89.0
10110031DEDEV_2026-02-11_G58,10110031DEDEV,2026-02-11,109645,1,16,0,250.0
10110031DEDEV_2026-02-11_G59,10110031DEDEV,2026-02-11,108798,1,10,0,322.0
10110031DEDEV_2026-02-11_G60,10110031DEDEV,2026-02-11,111465,1,4,0,109.0
10110031DEDEV_2026-02-11_G61,10110031DEDEV,2026-02-11,117787,1,16,0,128.0
10110031DEDEV_2026-02-12_G02,10110031DEDEV,2026-02-12,141458,1,30,0,515.0
10110031DEDEV_2026-02-12_G03,10110031DEDEV,2026-02-12,141457,1,87,0,464.0
10110031DEDEV_2026-02-12_G04,10110031DEDEV,2026-02-12,108711,1,52,0,736.0
10110031DEDEV_2026-02-12_G05,10110031DEDEV,2026-02-12,110787,1,16,0,769.0
10110031DEDEV_2026-02-12_G06,10110031DEDEV,2026-02-12,108795,1,4,0,101.0
10110031DEDEV_2026-02-12_G07,10110031DEDEV,2026-02-12,108795,1,6,0,32.0
10110031DEDEV_2026-02-12_G08,10110031DEDEV,2026-02-12,108794,1,30,0,160.0
10110031DEDEV_2026-02-12_G09,10110031DEDEV,2026-02-12,117833,1,6,0,99.0
10110031DEDEV_2026-02-12_G10,10110031DEDEV,2026-02-12,110740,1,6,0,234.0
10110031DEDEV_2026-02-12_G11,10110031DEDEV,2026-02-12,108711,1,16,0,130.0
10110031DEDEV_2026-02-12_G12,10110031DEDEV,2026-02-12,111743,1,7,0,216.0
10110031DEDEV_2026-02-12_G13,10110031DEDEV,2026-02-12,111172,1,6,0,306.0
10110031DEDEV_2026-02-12_G14,10110031DEDEV,2026-02-12,118140,1,6,0,124.0
10110031DEDEV_2026-02-12_G15,10110031DEDEV,2026-02-12,140922,1,4,0,56.0
10110031DEDEV_2026-02-12_G16,10110031DEDEV,2026-02-12,141823,1,1,0,59.0
10110031DEDEV_2026-02-12_G17,10110031DEDEV,2026-02-12,141823,1,3,0,31.0
10110031DEDEV_2026-02-12_G18,10110031DEDEV,2026-02-12,141823,4,9,72,36.0
10110031DEDEV_2026-02-12_G19,10110031DEDEV,2026-02-12,111532,1,11,0,65.0
10110031DEDEV_2026-02-12_G20,10110031DEDEV,2026-02-12,141456,1,10,0,138.0
10110031DEDEV_2026-02-12_G21,10110031DEDEV,2026-02-12,108798,1,6,0,77.0
10110031DEDEV_2026-02-12_G22,10110031DEDEV,2026-02-12,117838,1,6,0,79.0
10110031DEDEV_2026-02-12_G23,10110031DEDEV,2026-02-12,117787,1,7,0,132.0
10110031DEDEV_2026-02-12_G24,10110031DEDEV,2026-02-12,117787,1,7,0,65.0
10110031DEDEV_2026-02-12_G25,10110031DEDEV,2026-02-12,110747,1,2,0,178.0
10110031DEDEV_2026-02-12_G26,10110031DEDEV,2026-02-12,117785,1,12,0,458.0
10110031DEDEV_2026-02-12_G27,10110031DEDEV,2026-02-12,141457,1,28,0,782.0
10110031DEDEV_2026-02-12_G28,10110031DEDEV,2026-02-12,117856,1,11,0,180.0
10110031DEDEV_2026-02-12_G29,10110031DEDEV,2026-02-12,111353,1,2,0,118.0
10110031DEDEV_2026-02-12_G30,10110031DEDEV,2026-02-12,111353,1,4,0,38.0
10110031DEDEV_2026-02-12_G31,10110031DEDEV,2026-02-12,117837,1,1,0,92.0
10110031DEDEV_2026-02-12_G32,10110031DEDEV,2026-02-12,117837,1,13,0,124.0
10110031DEDEV_2026-02-12_G33,10110031DEDEV,2026-02-12,117854,2,2,24,91.0
10110031DEDEV_2026-02-12_G34,10110031DEDEV,2026-02-12,118317,3,12,23,662.0
10110031DEDEV_2026-02-12_G35,10110031DEDEV,2026-02-12,108794,1,150,0,1196.0
10110031DEDEV_2026-02-12_G36,10110031DEDEV,2026-02-12,117821,1,20,0,131.0
10110031DEDEV_2026-02-12_G37,10110031DEDEV,2026-02-12,111418,1,100,0,355.0
10110031DEDEV_2026-02-12_G38,10110031DEDEV,2026-02-12,105705,1,20,0,347.0
10110031DEDEV_2026-02-12_G39,10110031DEDEV,2026-02-12,111463,1,150,0,984.0
10110031DEDEV_2026-02-12_G41,10110031DEDEV,2026-02-12,110711,1,50,0,698.0
10110031DEDEV_2026-02-12_G42,10110031DEDEV,2026-02-12,109641,2,6,30,1084.0
10110031DEDEV_2026-02-12_G43,10110031DEDEV,2026-02-12,108795,1,4,0,63.0
10110031DEDEV_2026-02-12_G44,10110031DEDEV,2026-02-12,117831,1,18,0,191.0
10110031DEDEV_2026-02-12_G45,10110031DEDEV,2026-02-12,117833,1,5,0,71.0
10110031DEDEV_2026-02-12_G46,10110031DEDEV,2026-02-12,108711,1,12,0,166.0
10110031DEDEV_2026-02-12_G47,10110031DEDEV,2026-02-12,110332,1,2,0,61.0
10110031DEDEV_2026-02-12_G48,10110031DEDEV,2026-02-12,"108795, 107236",2,6,8,835.0
10110031DEDEV_2026-02-12_G49,10110031DEDEV,2026-02-12,109645,1,12,0,564.0
10110031DEDEV_2026-02-12_G50,10110031DEDEV,2026-02-12,108798,1,2,0,58.0
10110031DEDEV_2026-02-12_G51,10110031DEDEV,2026-02-12,111463,1,3,0,81.0
10110031DEDEV_2026-02-12_G52,10110031DEDEV,2026-02-12,111444,1,4,0,42.0
10110031DEDEV_2026-02-12_G53,10110031DEDEV,2026-02-12,111465,1,8,0,82.0
10110031DEDEV_2026-02-12_G54,10110031DEDEV,2026-02-12,141457,2,4,26,49.0
10110031DEDEV_2026-02-12_G55,10110031DEDEV,2026-02-12,111435,1,2,0,56.0
10110031DEDEV_2026-02-12_G56,10110031DEDEV,2026-02-12,117787,1,6,0,274.0
10110031DEDEV_2026-02-12_G57,10110031DEDEV,2026-02-12,117785,1,19,0,140.0
10110031DEDEV_2026-02-12_G58,10110031DEDEV,2026-02-12,108794,1,23,0,217.0
10110031DEDEV_2026-02-12_G59,10110031DEDEV,2026-02-12,111463,1,29,0,712.0
10110031DEDEV_2026-02-12_G60,10110031DEDEV,2026-02-12,111418,1,50,0,940.0
10110031DEDEV_2026-02-12_G61,10110031DEDEV,2026-02-12,111660,1,18,0,749.0
10110031DEDEV_2026-02-12_G63,10110031DEDEV,2026-02-12,111438,1,12,0,281.0
10110031DEDEV_2026-02-12_G64,10110031DEDEV,2026-02-12,110747,1,8,0,142.0
10110031DEDEV_2026-02-12_G65,10110031DEDEV,2026-02-12,111569,1,2,0,107.0
10110031DEDEV_2026-02-12_G66,10110031DEDEV,2026-02-12,117786,1,4,0,109.0
10110031DEDEV_2026-02-13_G02,10110031DEDEV,2026-02-13,109641,1,4,0,101.0
10110031DEDEV_2026-02-13_G03,10110031DEDEV,2026-02-13,108794,1,3,0,74.0
10110031DEDEV_2026-02-13_G04,10110031DEDEV,2026-02-13,117831,1,8,0,65.0
10110031DEDEV_2026-02-13_G05,10110031DEDEV,2026-02-13,110740,1,12,0,205.0
10110031DEDEV_2026-02-13_G06,10110031DEDEV,2026-02-13,117821,1,12,0,73.0
10110031DEDEV_2026-02-13_G07,10110031DEDEV,2026-02-13,108711,1,10,0,68.0
10110031DEDEV_2026-02-13_G08,10110031DEDEV,2026-02-13,111172,1,2,0,90.0
10110031DEDEV_2026-02-13_G09,10110031DEDEV,2026-02-13,111418,1,28,0,177.0
10110031DEDEV_2026-02-13_G10,10110031DEDEV,2026-02-13,141823,1,3,0,70.0
10110031DEDEV_2026-02-13_G11,10110031DEDEV,2026-02-13,109645,1,8,0,94.0
10110031DEDEV_2026-02-13_G12,10110031DEDEV,2026-02-13,111465,1,2,0,123.0
10110031DEDEV_2026-02-13_G13,10110031DEDEV,2026-02-13,141458,1,2,0,95.0
10110031DEDEV_2026-02-13_G14,10110031DEDEV,2026-02-13,117785,1,5,0,63.0
10110031DEDEV_2026-02-13_G15,10110031DEDEV,2026-02-13,118140,1,40,0,442.0
10110031DEDEV_2026-02-13_G16,10110031DEDEV,2026-02-13,107830,1,4,0,117.0
10110031DEDEV_2026-02-13_G17,10110031DEDEV,2026-02-13,117820,1,10,0,111.0
10110031DEDEV_2026-02-13_G18,10110031DEDEV,2026-02-13,110372,1,46,0,448.0
10110031DEDEV_2026-02-13_G19,10110031DEDEV,2026-02-13,111463,1,68,0,421.0
10110031DEDEV_2026-02-13_G20,10110031DEDEV,2026-02-13,110373,1,19,0,156.0
10110031DEDEV_2026-02-13_G21,10110031DEDEV,2026-02-13,110374,1,82,0,509.0
10110031DEDEV_2026-02-13_G22,10110031DEDEV,2026-02-13,141916,1,2,0,168.0
10110031DEDEV_2026-02-13_G23,10110031DEDEV,2026-02-13,117820,1,30,0,222.0
10110031DEDEV_2026-02-13_G24,10110031DEDEV,2026-02-13,117831,1,10,0,242.0
10110031DEDEV_2026-02-13_G26,10110031DEDEV,2026-02-13,111530,1,16,0,87.0
10110031DEDEV_2026-02-13_G27,10110031DEDEV,2026-02-13,110741,1,4,0,210.0
10110031DEDEV_2026-02-13_G28,10110031DEDEV,2026-02-13,117820,1,2,0,128.0
10110031DEDEV_2026-02-13_G29,10110031DEDEV,2026-02-13,110325,1,6,0,90.0
10110031DEDEV_2026-02-13_G30,10110031DEDEV,2026-02-13,110372,1,20,0,180.0
10110031DEDEV_2026-02-13_G31,10110031DEDEV,2026-02-13,117830,1,2,0,101.0
10110031DEDEV_2026-02-13_G32,10110031DEDEV,2026-02-13,109641,1,4,0,259.0
10110031DEDEV_2026-02-13_G33,10110031DEDEV,2026-02-13,111418,1,10,0,147.0
10110031DEDEV_2026-02-13_G34,10110031DEDEV,2026-02-13,118298,1,1,0,89.0
10110031DEDEV_2026-02-13_G35,10110031DEDEV,2026-02-13,142045,1,1,0,99.0
10110031DEDEV_2026-02-13_G36,10110031DEDEV,2026-02-13,117835,1,4,0,206.0
10110031DEDEV_2026-02-13_G37,10110031DEDEV,2026-02-13,108770,1,1,0,60.0
10110031DEDEV_2026-02-13_G38,10110031DEDEV,2026-02-13,110755,1,2,0,58.0
10110031DEDEV_2026-02-13_G39,10110031DEDEV,2026-02-13,110711,1,1,0,85.0
10110031DEDEV_2026-02-13_G40,10110031DEDEV,2026-02-13,117820,1,36,0,484.0
10110031DEDEV_2026-02-13_G41,10110031DEDEV,2026-02-13,117821,1,6,0,91.0
10110031DEDEV_2026-02-13_G42,10110031DEDEV,2026-02-13,140923,1,12,0,158.0
10110031DEDEV_2026-02-13_G43,10110031DEDEV,2026-02-13,111441,1,4,0,119.0
10110031DEDEV_2026-02-13_G44,10110031DEDEV,2026-02-13,117835,1,4,0,117.0
10110031DEDEV_2026-02-13_G45,10110031DEDEV,2026-02-13,111466,1,6,0,99.0
10110031DEDEV_2026-02-13_G46,10110031DEDEV,2026-02-13,111418,1,8,0,111.0
10110031DEDEV_2026-02-13_G47,10110031DEDEV,2026-02-13,141457,1,12,0,239.0
10110031DEDEV_2026-02-13_G48,10110031DEDEV,2026-02-13,100334,1,12,0,497.0
10110031DEDEV_2026-02-13_G49,10110031DEDEV,2026-02-13,110339,1,4,0,109.0
10110031DEDEV_2026-02-13_G50,10110031DEDEV,2026-02-13,111569,1,4,0,195.0
10110031DEDEV_2026-02-13_G51,10110031DEDEV,2026-02-13,118253,1,4,0,277.0
10110031DEDEV_2026-02-13_G52,10110031DEDEV,2026-02-13,110325,1,8,0,156.0
10110031DEDEV_2026-02-13_G53,10110031DEDEV,2026-02-13,110711,1,8,0,558.0
10110031DEDEV_2026-02-13_G54,10110031DEDEV,2026-02-13,109645,1,4,0,122.0
10110031DEDEV_2026-02-13_G55,10110031DEDEV,2026-02-13,110373,1,2,0,153.0
10110031DEDEV_2026-02-13_G56,10110031DEDEV,2026-02-13,141456,1,4,0,119.0
10110031DEDEV_2026-02-13_G57,10110031DEDEV,2026-02-13,140923,1,2,0,175.0
10110031DEDEV_2026-02-13_G58,10110031DEDEV,2026-02-13,110895,1,1,0,108.0
10110031DEDEV_2026-02-13_G59,10110031DEDEV,2026-02-13,141352,1,4,0,203.0
10110031DEDEV_2026-02-13_G60,10110031DEDEV,2026-02-13,111530,2,27,11,504.0
10110031DEDEV_2026-02-13_G62,10110031DEDEV,2026-02-13,118299,1,60,0,345.0
10110031DEDEV_2026-02-13_G63,10110031DEDEV,2026-02-13,141202,1,2,0,133.0
10110031DEDEV_2026-02-13_G64,10110031DEDEV,2026-02-13,117830,1,28,0,291.0
10110031DEDEV_2026-02-14_G02,10110031DEDEV,2026-02-14,111348,1,2,0,231.0
10110031DEDEV_2026-02-14_G03,10110031DEDEV,2026-02-14,117831,1,4,0,83.0
10110031DEDEV_2026-02-14_G04,10110031DEDEV,2026-02-14,117833,1,1,0,46.0
10110031DEDEV_2026-02-14_G05,10110031DEDEV,2026-02-14,117821,1,22,0,160.0
10110031DEDEV_2026-02-14_G06,10110031DEDEV,2026-02-14,110372,1,56,0,393.0
10110031DEDEV_2026-02-14_G07,10110031DEDEV,2026-02-14,111743,1,32,0,190.0
10110031DEDEV_2026-02-14_G08,10110031DEDEV,2026-02-14,111418,1,48,0,417.0
10110031DEDEV_2026-02-14_G09,10110031DEDEV,2026-02-14,108798,1,1,0,136.0
10110031DEDEV_2026-02-14_G10,10110031DEDEV,2026-02-14,118223,1,2,0,66.0
10110031DEDEV_2026-02-14_G11,10110031DEDEV,2026-02-14,110740,1,4,0,120.0
10110031DEDEV_2026-02-14_G12,10110031DEDEV,2026-02-14,117785,1,21,0,144.0
10110031DEDEV_2026-02-14_G13,10110031DEDEV,2026-02-14,141271,1,49,0,515.0
10110031DEDEV_2026-02-14_G14,10110031DEDEV,2026-02-14,111876,1,1,0,92.0
10110031DEDEV_2026-02-14_G15,10110031DEDEV,2026-02-14,140923,1,2,0,79.0
10110031DEDEV_2026-02-14_G16,10110031DEDEV,2026-02-14,107629,1,4,0,72.0
10110031DEDEV_2026-02-14_G17,10110031DEDEV,2026-02-14,117862,1,10,0,153.0
10110031DEDEV_2026-02-14_G18,10110031DEDEV,2026-02-14,117786,1,9,0,100.0
10110031DEDEV_2026-02-14_G19,10110031DEDEV,2026-02-14,141047,1,8,0,310.0
10110031DEDEV_2026-02-14_G20,10110031DEDEV,2026-02-14,110711,1,9,0,301.0
10110031DEDEV_2026-02-14_G21,10110031DEDEV,2026-02-14,117856,1,6,0,48.0
10110031DEDEV_2026-02-14_G22,10110031DEDEV,2026-02-14,141352,1,8,0,137.0
10110031DEDEV_2026-02-14_G23,10110031DEDEV,2026-02-14,110339,1,4,0,131.0
10110031DEDEV_2026-02-14_G24,10110031DEDEV,2026-02-14,117854,1,4,0,106.0
10110031DEDEV_2026-02-14_G25,10110031DEDEV,2026-02-14,117808,1,200,0,679.0
10110031DEDEV_2026-02-14_G26,10110031DEDEV,2026-02-14,111743,1,23,0,1859.0
10110031DEDEV_2026-02-14_G27,10110031DEDEV,2026-02-14,110129,1,27,0,380.0
10110031DEDEV_2026-02-14_G28,10110031DEDEV,2026-02-14,117785,1,95,0,373.0
10110031DEDEV_2026-02-14_G29,10110031DEDEV,2026-02-14,118285,1,100,0,665.0
10110031DEDEV_2026-02-14_G30,10110031DEDEV,2026-02-14,118317,1,77,0,420.0
10110031DEDEV_2026-02-14_G31,10110031DEDEV,2026-02-14,111418,1,82,0,338.0
10110031DEDEV_2026-02-14_G32,10110031DEDEV,2026-02-14,110711,1,54,0,752.0
10110031DEDEV_2026-02-14_G33,10110031DEDEV,2026-02-14,118326,1,69,0,646.0
10110031DEDEV_2026-02-15_G02,10110031DEDEV,2026-02-15,140923,1,4,0,91.0
10110031DEDEV_2026-02-15_G03,10110031DEDEV,2026-02-15,111466,1,5,0,258.0
10110031DEDEV_2026-02-15_G04,10110031DEDEV,2026-02-15,142080,1,4,0,371.0
10110031DEDEV_2026-02-15_G05,10110031DEDEV,2026-02-15,118317,1,3,0,239.0
10110031DEDEV_2026-02-15_G06,10110031DEDEV,2026-02-15,111530,1,4,0,78.0
10110031DEDEV_2026-02-15_G07,10110031DEDEV,2026-02-15,111441,1,2,0,151.0
10110031DEDEV_2026-02-15_G08,10110031DEDEV,2026-02-15,141456,2,10,24,277.0
10110031DEDEV_2026-02-15_G09,10110031DEDEV,2026-02-15,110374,1,3,0,366.0
10110031DEDEV_2026-02-15_G10,10110031DEDEV,2026-02-15,140923,1,3,0,1092.0
10110031DEDEV_2026-02-15_G11,10110031DEDEV,2026-02-15,111569,1,1,0,106.0
10110031DEDEV_2026-02-15_G12,10110031DEDEV,2026-02-15,111463,1,3,0,106.0
10110031DEDEV_2026-02-15_G13,10110031DEDEV,2026-02-15,111530,1,2,0,159.0
10110031DEDEV_2026-02-15_G14,10110031DEDEV,2026-02-15,111532,1,3,0,349.0
10110031DEDEV_2026-02-15_G15,10110031DEDEV,2026-02-15,108795,1,3,0,433.0
10110031DEDEV_2026-02-15_G16,10110031DEDEV,2026-02-15,111530,1,4,0,178.0
10110031DEDEV_2026-02-15_G17,10110031DEDEV,2026-02-15,110371,1,4,0,118.0
10110031DEDEV_2026-02-15_G18,10110031DEDEV,2026-02-15,111466,1,2,0,207.0
10110031DEDEV_2026-02-15_G19,10110031DEDEV,2026-02-15,111466,1,20,0,152.0
10110031DEDEV_2026-02-15_G20,10110031DEDEV,2026-02-15,110740,1,6,0,269.0
10110031DEDEV_2026-02-15_G21,10110031DEDEV,2026-02-15,111463,1,2,0,66.0
10110031DEDEV_2026-02-15_G22,10110031DEDEV,2026-02-15,141456,1,3,0,177.0
10110031DEDEV_2026-02-15_G23,10110031DEDEV,2026-02-15,141458,1,8,0,101.0
10110031DEDEV_2026-02-15_G24,10110031DEDEV,2026-02-15,111418,1,35,0,542.0
10110031DEDEV_2026-02-15_G25,10110031DEDEV,2026-02-15,110787,1,12,0,1883.0
10110031DEDEV_2026-02-15_G26,10110031DEDEV,2026-02-15,111466,1,73,0,82.0
10110031DEDEV_2026-02-15_G27,10110031DEDEV,2026-02-15,110374,1,31,0,511.0
10110031DEDEV_2026-02-15_G29,10110031DEDEV,2026-02-15,111467,1,2,0,118.0
10110031DEDEV_2026-02-15_G30,10110031DEDEV,2026-02-15,111530,1,1,0,166.0
10110031DEDEV_2026-02-15_G31,10110031DEDEV,2026-02-15,111438,1,7,0,144.0
10110031DEDEV_2026-02-15_G32,10110031DEDEV,2026-02-15,118299,1,15,0,346.0
10110031DEDEV_2026-02-15_G33,10110031DEDEV,2026-02-15,110372,1,10,0,139.0
10110031DEDEV_2026-02-16_G02,10110031DEDEV,2026-02-16,118140,1,4,0,126.0
10110031DEDEV_2026-02-16_G03,10110031DEDEV,2026-02-16,110787,1,17,0,130.0
10110031DEDEV_2026-02-16_G04,10110031DEDEV,2026-02-16,140923,1,5,0,327.0
10110031DEDEV_2026-02-16_G05,10110031DEDEV,2026-02-16,110741,1,4,0,150.0
10110031DEDEV_2026-02-16_G06,10110031DEDEV,2026-02-16,117862,1,8,0,180.0
10110031DEDEV_2026-02-16_G07,10110031DEDEV,2026-02-16,110339,1,2,0,404.0
10110031DEDEV_2026-02-16_G08,10110031DEDEV,2026-02-16,118250,1,1,0,219.0
10110031DEDEV_2026-02-16_G09,10110031DEDEV,2026-02-16,111441,1,5,0,178.0
10110031DEDEV_2026-02-16_G10,10110031DEDEV,2026-02-16,118253,1,4,0,132.0
10110031DEDEV_2026-02-16_G11,10110031DEDEV,2026-02-16,111465,1,2,0,110.0
10110031DEDEV_2026-02-16_G12,10110031DEDEV,2026-02-16,110374,1,20,0,466.0
10110031DEDEV_2026-02-16_G13,10110031DEDEV,2026-02-16,118299,1,10,0,78.0
10110031DEDEV_2026-02-16_G14,10110031DEDEV,2026-02-16,110371,1,10,0,74.0
10110031DEDEV_2026-02-16_G15,10110031DEDEV,2026-02-16,117820,1,14,0,137.0
10110031DEDEV_2026-02-16_G16,10110031DEDEV,2026-02-16,117830,1,20,0,162.0
10110031DEDEV_2026-02-16_G17,10110031DEDEV,2026-02-16,110373,1,20,0,125.0
10110031DEDEV_2026-02-16_G18,10110031DEDEV,2026-02-16,117808,1,30,0,461.0
10110031DEDEV_2026-02-16_G19,10110031DEDEV,2026-02-16,118280,1,77,0,1062.0
10110031DEDEV_2026-02-16_G20,10110031DEDEV,2026-02-16,110064,1,3,0,870.0
10110031DEDEV_2026-02-16_G21,10110031DEDEV,2026-02-16,111861,1,4,0,219.0
10110031DEDEV_2026-02-16_G22,10110031DEDEV,2026-02-16,110310,1,2,0,202.0
10110031DEDEV_2026-02-16_G23,10110031DEDEV,2026-02-16,108411,1,1,0,83.0
10110031DEDEV_2026-02-16_G24,10110031DEDEV,2026-02-16,110579,1,10,0,154.0
10110031DEDEV_2026-02-16_G25,10110031DEDEV,2026-02-16,110582,1,5,0,93.0
10110031DEDEV_2026-02-16_G26,10110031DEDEV,2026-02-16,140923,1,8,0,506.0
10110031DEDEV_2026-02-16_G27,10110031DEDEV,2026-02-16,105242,1,4,0,69.0
10110031DEDEV_2026-02-16_G28,10110031DEDEV,2026-02-16,107629,1,12,0,249.0
10110031DEDEV_2026-02-16_G29,10110031DEDEV,2026-02-16,117786,1,12,0,314.0
10110031DEDEV_2026-02-16_G30,10110031DEDEV,2026-02-16,110756,1,4,0,113.0
10110031DEDEV_2026-02-16_G31,10110031DEDEV,2026-02-16,111879,1,8,0,644.0
10110031DEDEV_2026-02-16_G32,10110031DEDEV,2026-02-16,111876,1,18,0,266.0
10110031DEDEV_2026-02-16_G33,10110031DEDEV,2026-02-16,110375,1,20,0,259.0
10110031DEDEV_2026-02-16_G34,10110031DEDEV,2026-02-16,118271,1,85,0,596.0
10110031DEDEV_2026-02-16_G35,10110031DEDEV,2026-02-16,118277,1,46,0,383.0
10110031DEDEV_2026-02-16_G37,10110031DEDEV,2026-02-16,110743,1,300,0,1589.0
10110031DEDEV_2026-02-16_G38,10110031DEDEV,2026-02-16,110325,1,300,0,972.0
10110031DEDEV_2026-02-16_G39,10110031DEDEV,2026-02-16,110373,1,1000,0,2208.0
10110031DEDEV_2026-02-16_G40,10110031DEDEV,2026-02-16,111430,1,2,0,702.0
10110031DEDEV_2026-02-16_G41,10110031DEDEV,2026-02-16,111465,1,40,0,280.0
10110031DEDEV_2026-02-16_G42,10110031DEDEV,2026-02-16,110751,1,4,0,213.0
10110031DEDEV_2026-02-16_G44,10110031DEDEV,2026-02-16,111172,1,4,0,70.0
10110031DEDEV_2026-02-16_G45,10110031DEDEV,2026-02-16,118317,1,4,0,64.0
10110031DEDEV_2026-02-16_G46,10110031DEDEV,2026-02-16,141823,1,2,0,80.0
10110031DEDEV_2026-02-16_G47,10110031DEDEV,2026-02-16,111465,1,8,0,133.0
10110031DEDEV_2026-02-16_G48,10110031DEDEV,2026-02-16,117809,1,2,0,98.0
10110031DEDEV_2026-02-16_G49,10110031DEDEV,2026-02-16,110371,1,3,0,58.0
10110031DEDEV_2026-02-16_G50,10110031DEDEV,2026-02-16,117808,1,8,0,97.0
10110031DEDEV_2026-02-16_G51,10110031DEDEV,2026-02-16,110325,1,4,0,62.0
10110031DEDEV_2026-02-16_G52,10110031DEDEV,2026-02-16,110372,1,7,0,121.0
10110031DEDEV_2026-02-16_G53,10110031DEDEV,2026-02-16,117832,1,4,0,87.0
10110031DEDEV_2026-02-17_G02,10110031DEDEV,2026-02-17,111438,1,4,0,684.0
10110031DEDEV_2026-02-17_G03,10110031DEDEV,2026-02-17,110747,1,4,0,93.0
10110031DEDEV_2026-02-17_G04,10110031DEDEV,2026-02-17,111530,1,4,0,202.0
10110031DEDEV_2026-02-17_G05,10110031DEDEV,2026-02-17,109641,1,6,0,440.0
10110031DEDEV_2026-02-17_G06,10110031DEDEV,2026-02-17,108795,1,2,0,45.0
10110031DEDEV_2026-02-17_G07,10110031DEDEV,2026-02-17,108711,1,2,0,61.0
10110031DEDEV_2026-02-17_G08,10110031DEDEV,2026-02-17,118140,1,7,0,83.0
10110031DEDEV_2026-02-17_G09,10110031DEDEV,2026-02-17,111418,1,12,0,228.0
10110031DEDEV_2026-02-17_G10,10110031DEDEV,2026-02-17,111435,1,4,0,108.0
10110031DEDEV_2026-02-17_G11,10110031DEDEV,2026-02-17,111463,1,1,0,81.0
10110031DEDEV_2026-02-17_G12,10110031DEDEV,2026-02-17,141456,1,4,0,102.0
10110031DEDEV_2026-02-17_G13,10110031DEDEV,2026-02-17,107830,1,4,0,111.0
10110031DEDEV_2026-02-17_G14,10110031DEDEV,2026-02-17,110374,1,10,0,339.0
10110031DEDEV_2026-02-17_G15,10110031DEDEV,2026-02-17,110371,1,8,0,79.0
10110031DEDEV_2026-02-17_G16,10110031DEDEV,2026-02-17,117820,1,6,0,77.0
10110031DEDEV_2026-02-17_G17,10110031DEDEV,2026-02-17,110325,1,8,0,170.0
10110031DEDEV_2026-02-17_G18,10110031DEDEV,2026-02-17,110372,1,17,0,436.0
10110031DEDEV_2026-02-17_G19,10110031DEDEV,2026-02-17,117832,1,4,0,53.0
10110031DEDEV_2026-02-17_G20,10110031DEDEV,2026-02-17,110373,1,10,0,106.0
10110031DEDEV_2026-02-17_G21,10110031DEDEV,2026-02-17,"117830, 117808",2,28,22,74.0
10110031DEDEV_2026-02-17_G22,10110031DEDEV,2026-02-17,111660,1,4,0,421.0
10110031DEDEV_2026-02-17_G23,10110031DEDEV,2026-02-17,117785,2,5,21,130.0
10110031DEDEV_2026-02-17_G24,10110031DEDEV,2026-02-17,111348,1,4,0,114.0
10110031DEDEV_2026-02-17_G25,10110031DEDEV,2026-02-17,111469,1,22,0,247.0
10110031DEDEV_2026-02-17_G26,10110031DEDEV,2026-02-17,118140,1,4,0,48.0
10110031DEDEV_2026-02-17_G27,10110031DEDEV,2026-02-17,118317,1,4,0,73.0
10110031DEDEV_2026-02-17_G28,10110031DEDEV,2026-02-17,117831,1,4,0,81.0
10110031DEDEV_2026-02-17_G29,10110031DEDEV,2026-02-17,141823,1,4,0,123.0
10110031DEDEV_2026-02-17_G30,10110031DEDEV,2026-02-17,111418,1,8,0,90.0
10110031DEDEV_2026-02-17_G31,10110031DEDEV,2026-02-17,111433,1,3,0,152.0
10110031DEDEV_2026-02-17_G32,10110031DEDEV,2026-02-17,111465,1,4,0,90.0
10110031DEDEV_2026-02-17_G33,10110031DEDEV,2026-02-17,111463,1,4,0,113.0
10110031DEDEV_2026-02-17_G34,10110031DEDEV,2026-02-17,110374,1,1,0,279.0
10110031DEDEV_2026-02-17_G35,10110031DEDEV,2026-02-17,117809,1,2,0,44.0
10110031DEDEV_2026-02-17_G36,10110031DEDEV,2026-02-17,118299,3,6,47,39.0
10110031DEDEV_2026-02-17_G37,10110031DEDEV,2026-02-17,117820,1,4,0,219.0
10110031DEDEV_2026-02-17_G38,10110031DEDEV,2026-02-17,117820,1,12,0,67.0
10110031DEDEV_2026-02-17_G39,10110031DEDEV,2026-02-17,110371,1,8,0,58.0
10110031DEDEV_2026-02-17_G40,10110031DEDEV,2026-02-17,110371,1,4,0,31.0
10110031DEDEV_2026-02-17_G41,10110031DEDEV,2026-02-17,117808,1,2,0,56.0
10110031DEDEV_2026-02-17_G42,10110031DEDEV,2026-02-17,117808,1,8,0,156.0
10110031DEDEV_2026-02-17_G43,10110031DEDEV,2026-02-17,111530,1,4,0,97.0
10110031DEDEV_2026-02-17_G44,10110031DEDEV,2026-02-17,141166,1,2,0,78.0
10110031DEDEV_2026-02-17_G45,10110031DEDEV,2026-02-17,110325,1,2,0,156.0
10110031DEDEV_2026-02-17_G46,10110031DEDEV,2026-02-17,141202,1,4,0,78.0
10110031DEDEV_2026-02-17_G47,10110031DEDEV,2026-02-17,110372,1,4,0,78.0
10110031DEDEV_2026-02-17_G48,10110031DEDEV,2026-02-17,110372,2,6,25,46.0
10110031DEDEV_2026-02-17_G49,10110031DEDEV,2026-02-17,117832,1,2,0,54.0
10110031DEDEV_2026-02-17_G50,10110031DEDEV,2026-02-17,110373,1,12,0,130.0
10110031DEDEV_2026-02-17_G51,10110031DEDEV,2026-02-17,111569,1,2,0,137.0
10110031DEDEV_2026-02-17_G52,10110031DEDEV,2026-02-17,117785,1,1,0,276.0
10110031DEDEV_2026-02-17_G53,10110031DEDEV,2026-02-17,111466,1,4,0,136.0
10110031DEDEV_2026-02-17_G54,10110031DEDEV,2026-02-17,111348,1,4,0,307.0
10110031DEDEV_2026-02-17_G55,10110031DEDEV,2026-02-17,118140,1,1,0,64.0
10110031DEDEV_2026-02-17_G56,10110031DEDEV,2026-02-17,110787,1,4,0,108.0
10110031DEDEV_2026-02-17_G57,10110031DEDEV,2026-02-17,111172,1,4,0,65.0
10110031DEDEV_2026-02-17_G58,10110031DEDEV,2026-02-17,118317,1,1,0,40.0
10110031DEDEV_2026-02-17_G59,10110031DEDEV,2026-02-17,141823,1,2,0,90.0
10110031DEDEV_2026-02-17_G60,10110031DEDEV,2026-02-17,111418,1,3,0,50.0
10110031DEDEV_2026-02-17_G61,10110031DEDEV,2026-02-17,141457,1,4,0,115.0
10110031DEDEV_2026-02-17_G62,10110031DEDEV,2026-02-17,111463,1,8,0,107.0
10110031DEDEV_2026-02-17_G63,10110031DEDEV,2026-02-17,110325,1,4,0,244.0
10110031DEDEV_2026-02-17_G64,10110031DEDEV,2026-02-17,110372,1,16,0,177.0
10110031DEDEV_2026-02-17_G65,10110031DEDEV,2026-02-17,107629,1,1,0,123.0
10110031DEDEV_2026-02-17_G66,10110031DEDEV,2026-02-17,111530,1,4,0,93.0
10110031DEDEV_2026-02-17_G67,10110031DEDEV,2026-02-17,110747,1,1,0,111.0
10110031DEDEV_2026-02-17_G68,10110031DEDEV,2026-02-17,110374,1,3,0,199.0
10110031DEDEV_2026-02-17_G70,10110031DEDEV,2026-02-17,118299,1,8,0,67.0
10110031DEDEV_2026-02-17_G71,10110031DEDEV,2026-02-17,117820,1,6,0,62.0
10110031DEDEV_2026-02-17_G72,10110031DEDEV,2026-02-17,117808,1,8,0,70.0
10110031DEDEV_2026-02-17_G73,10110031DEDEV,2026-02-17,108795,1,2,0,96.0
10110031DEDEV_2026-02-17_G74,10110031DEDEV,2026-02-17,108711,1,2,0,62.0
10110031DEDEV_2026-02-17_G75,10110031DEDEV,2026-02-17,111743,1,4,0,66.0
10110031DEDEV_2026-02-17_G76,10110031DEDEV,2026-02-17,118140,1,4,0,45.0
10110031DEDEV_2026-02-17_G77,10110031DEDEV,2026-02-17,140923,1,4,0,111.0
10110031DEDEV_2026-02-17_G78,10110031DEDEV,2026-02-17,117862,2,3,19,79.0
10110031DEDEV_2026-02-17_G79,10110031DEDEV,2026-02-17,111172,1,2,0,89.0
10110031DEDEV_2026-02-17_G80,10110031DEDEV,2026-02-17,117831,2,8,28,98.0
10110031DEDEV_2026-02-17_G81,10110031DEDEV,2026-02-17,111418,1,4,0,64.0
10110031DEDEV_2026-02-17_G82,10110031DEDEV,2026-02-17,110711,1,4,0,81.0
10110031DEDEV_2026-02-17_G83,10110031DEDEV,2026-02-17,111602,1,4,0,62.0
10110031DEDEV_2026-02-17_G84,10110031DEDEV,2026-02-17,117856,2,4,26,77.0
10110031DEDEV_2026-02-17_G85,10110031DEDEV,2026-02-17,141352,1,4,0,113.0
10110031DEDEV_2026-02-17_G86,10110031DEDEV,2026-02-17,141457,1,2,0,104.0
10110031DEDEV_2026-02-17_G87,10110031DEDEV,2026-02-17,141457,1,2,0,32.0
10110031DEDEV_2026-02-17_G88,10110031DEDEV,2026-02-17,117787,1,1,0,38.0
10110031DEDEV_2026-02-17_G89,10110031DEDEV,2026-02-17,110740,1,2,0,40.0
10110031DEDEV_2026-02-17_G90,10110031DEDEV,2026-02-17,118304,1,4,0,249.0
10110031DEDEV_2026-02-17_G91,10110031DEDEV,2026-02-17,111441,1,2,0,145.0
10110031DEDEV_2026-02-17_G92,10110031DEDEV,2026-02-17,117809,1,4,0,249.0
10110031DEDEV_2026-02-17_G93,10110031DEDEV,2026-02-17,118299,2,8,29,617.0
10110031DEDEV_2026-02-17_G94,10110031DEDEV,2026-02-17,117820,1,8,0,70.0
10110031DEDEV_2026-02-17_G95,10110031DEDEV,2026-02-17,117808,1,7,0,250.0
10110031DEDEV_2026-02-17_G96,10110031DEDEV,2026-02-17,140923,1,4,0,124.0
10110031DEDEV_2026-02-17_G97,10110031DEDEV,2026-02-17,117833,2,8,30,92.0
10110031DEDEV_2026-02-17_G98,10110031DEDEV,2026-02-17,117821,2,4,30,56.0
10110031DEDEV_2026-02-17_G99,10110031DEDEV,2026-02-17,111743,1,4,0,51.0
10110031DEDEV_2026-02-17_G100,10110031DEDEV,2026-02-17,118140,1,3,0,46.0
10110031DEDEV_2026-02-17_G101,10110031DEDEV,2026-02-17,118304,1,4,0,172.0
10110031DEDEV_2026-02-17_G102,10110031DEDEV,2026-02-17,142045,1,2,0,80.0
10110031DEDEV_2026-02-17_G103,10110031DEDEV,2026-02-17,110895,1,1,0,123.0
10110031DEDEV_2026-02-17_G104,10110031DEDEV,2026-02-17,110787,1,2,0,71.0
10110031DEDEV_2026-02-17_G105,10110031DEDEV,2026-02-17,117831,1,2,0,74.0
10110031DEDEV_2026-02-17_G106,10110031DEDEV,2026-02-17,117862,1,4,0,97.0
10110031DEDEV_2026-02-17_G107,10110031DEDEV,2026-02-17,111530,1,3,0,74.0
10110031DEDEV_2026-02-17_G108,10110031DEDEV,2026-02-17,110711,2,2,24,79.0
10110031DEDEV_2026-02-17_G109,10110031DEDEV,2026-02-17,111602,2,4,23,313.0
10110031DEDEV_2026-02-17_G110,10110031DEDEV,2026-02-17,117856,1,4,0,58.0
10110031DEDEV_2026-02-17_G111,10110031DEDEV,2026-02-17,110747,1,4,0,138.0
10110031DEDEV_2026-02-17_G112,10110031DEDEV,2026-02-17,111418,1,4,0,65.0
10110031DEDEV_2026-02-17_G113,10110031DEDEV,2026-02-17,109645,1,2,0,101.0
10110031DEDEV_2026-02-17_G114,10110031DEDEV,2026-02-17,141352,1,2,0,62.0
10110031DEDEV_2026-02-17_G115,10110031DEDEV,2026-02-17,141457,1,8,0,119.0
10110031DEDEV_2026-02-17_G116,10110031DEDEV,2026-02-17,110740,1,2,0,69.0
10110031DEDEV_2026-02-17_G117,10110031DEDEV,2026-02-17,141456,1,2,0,80.0
10110031DEDEV_2026-02-17_G118,10110031DEDEV,2026-02-17,141458,1,2,0,87.0
10110031DEDEV_2026-02-17_G119,10110031DEDEV,2026-02-17,141458,1,2,0,39.0
10110031DEDEV_2026-02-17_G120,10110031DEDEV,2026-02-17,111532,2,4,21,122.0
10110031DEDEV_2026-02-17_G121,10110031DEDEV,2026-02-17,110895,1,8,0,426.0
10110031DEDEV_2026-02-17_G122,10110031DEDEV,2026-02-17,118304,1,4,0,194.0
10110031DEDEV_2026-02-17_G123,10110031DEDEV,2026-02-17,110895,1,2,0,98.0
10110031DEDEV_2026-02-17_G124,10110031DEDEV,2026-02-17,111876,1,1,0,106.0
10110031DEDEV_2026-02-17_G125,10110031DEDEV,2026-02-17,140923,1,1,0,32.0
10110031DEDEV_2026-02-17_G126,10110031DEDEV,2026-02-17,108795,1,4,0,53.0
10110031DEDEV_2026-02-17_G127,10110031DEDEV,2026-02-17,111443,1,4,0,77.0
10110031DEDEV_2026-02-17_G128,10110031DEDEV,2026-02-17,117821,1,2,0,64.0
10110031DEDEV_2026-02-17_G129,10110031DEDEV,2026-02-17,108711,1,4,0,51.0
10110031DEDEV_2026-02-17_G130,10110031DEDEV,2026-02-17,111743,1,4,0,66.0
10110031DEDEV_2026-02-17_G131,10110031DEDEV,2026-02-17,118140,1,4,0,52.0
10110031DEDEV_2026-02-17_G132,10110031DEDEV,2026-02-17,117820,1,6,0,71.0
10110031DEDEV_2026-02-17_G133,10110031DEDEV,2026-02-17,117820,1,4,0,79.0
10110031DEDEV_2026-02-17_G134,10110031DEDEV,2026-02-17,117808,1,13,0,73.0
10110031DEDEV_2026-02-17_G135,10110031DEDEV,2026-02-17,117808,1,10,0,49.0
10110031DEDEV_2026-02-17_G136,10110031DEDEV,2026-02-17,111172,1,1,0,107.0
10110031DEDEV_2026-02-17_G137,10110031DEDEV,2026-02-17,117831,2,8,26,68.0
10110031DEDEV_2026-02-17_G138,10110031DEDEV,2026-02-17,107236,1,2,0,67.0
10110031DEDEV_2026-02-17_G139,10110031DEDEV,2026-02-17,111418,2,4,10,50.0
10110031DEDEV_2026-02-17_G140,10110031DEDEV,2026-02-17,117832,1,4,0,369.0
10110031DEDEV_2026-02-17_G141,10110031DEDEV,2026-02-17,117830,1,3,0,63.0
10110031DEDEV_2026-02-17_G142,10110031DEDEV,2026-02-17,141457,1,8,0,107.0
10110031DEDEV_2026-02-17_G143,10110031DEDEV,2026-02-17,110740,2,4,26,61.0
10110031DEDEV_2026-02-17_G144,10110031DEDEV,2026-02-17,141456,1,8,0,147.0
10110031DEDEV_2026-02-17_G145,10110031DEDEV,2026-02-17,141458,1,3,0,114.0
10110031DEDEV_2026-02-17_G146,10110031DEDEV,2026-02-17,111602,1,4,0,134.0
10110031DEDEV_2026-02-17_G147,10110031DEDEV,2026-02-17,117862,1,2,0,97.0
10110031DEDEV_2026-02-17_G148,10110031DEDEV,2026-02-17,111530,1,4,0,85.0
10110031DEDEV_2026-02-17_G149,10110031DEDEV,2026-02-17,117809,1,4,0,107.0
10110031DEDEV_2026-02-17_G150,10110031DEDEV,2026-02-17,118299,1,12,0,87.0
10110031DEDEV_2026-02-17_G151,10110031DEDEV,2026-02-17,111441,1,4,0,433.0
10110031DEDEV_2026-02-17_G152,10110031DEDEV,2026-02-17,118306,1,4,0,109.0
10110031DEDEV_2026-02-17_G153,10110031DEDEV,2026-02-17,110747,1,2,0,40.0
10110031DEDEV_2026-02-18_G02,10110031DEDEV,2026-02-18,117822,1,10,0,224.0
10110031DEDEV_2026-02-18_G03,10110031DEDEV,2026-02-18,111348,1,10,0,158.0
10110031DEDEV_2026-02-18_G04,10110031DEDEV,2026-02-18,111743,1,20,0,492.0
10110031DEDEV_2026-02-18_G05,10110031DEDEV,2026-02-18,118330,1,4,0,65.0
10110031DEDEV_2026-02-18_G06,10110031DEDEV,2026-02-18,111172,1,20,0,133.0
10110031DEDEV_2026-02-18_G07,10110031DEDEV,2026-02-18,110332,1,4,0,54.0
10110031DEDEV_2026-02-18_G08,10110031DEDEV,2026-02-18,117831,1,40,0,281.0
10110031DEDEV_2026-02-18_G09,10110031DEDEV,2026-02-18,108798,1,10,0,142.0
10110031DEDEV_2026-02-18_G10,10110031DEDEV,2026-02-18,118223,1,2,0,122.0
10110031DEDEV_2026-02-18_G11,10110031DEDEV,2026-02-18,111444,1,8,0,81.0
10110031DEDEV_2026-02-18_G12,10110031DEDEV,2026-02-18,109645,1,20,0,257.0
10110031DEDEV_2026-02-18_G13,10110031DEDEV,2026-02-18,111468,1,50,0,212.0
10110031DEDEV_2026-02-18_G14,10110031DEDEV,2026-02-18,111468,1,51,0,55.0
10110031DEDEV_2026-02-18_G15,10110031DEDEV,2026-02-18,110374,1,66,0,431.0
10110031DEDEV_2026-02-18_G16,10110031DEDEV,2026-02-18,117820,1,450,0,797.0
10110031DEDEV_2026-02-18_G17,10110031DEDEV,2026-02-18,118140,1,220,0,842.0
10110031DEDEV_2026-02-18_G18,10110031DEDEV,2026-02-18,111876,1,70,0,2102.0
10110031DEDEV_2026-02-18_G19,10110031DEDEV,2026-02-18,111172,1,88,0,390.0
10110031DEDEV_2026-02-18_G20,10110031DEDEV,2026-02-18,111463,2,441,10,1294.0
10110031DEDEV_2026-02-18_G22,10110031DEDEV,2026-02-18,110755,1,8,0,1446.0
10110031DEDEV_2026-02-18_G23,10110031DEDEV,2026-02-18,117821,1,8,0,193.0
10110031DEDEV_2026-02-18_G24,10110031DEDEV,2026-02-18,117808,1,20,0,182.0
10110031DEDEV_2026-02-18_G25,10110031DEDEV,2026-02-18,110373,1,11,0,140.0
10110031DEDEV_2026-02-18_G26,10110031DEDEV,2026-02-18,111442,1,45,0,528.0
10110031DEDEV_2026-02-18_G27,10110031DEDEV,2026-02-18,142093,1,40,0,533.0
10110031DEDEV_2026-02-18_G28,10110031DEDEV,2026-02-18,118299,1,30,0,655.0
10110031DEDEV_2026-02-18_G29,10110031DEDEV,2026-02-18,117820,1,50,0,940.0
10110031DEDEV_2026-02-18_G30,10110031DEDEV,2026-02-18,140923,1,20,0,1000.0
10110031DEDEV_2026-02-18_G31,10110031DEDEV,2026-02-18,111530,1,40,0,327.0
10110031DEDEV_2026-02-18_G32,10110031DEDEV,2026-02-18,110711,1,4,0,98.0
10110031DEDEV_2026-02-18_G33,10110031DEDEV,2026-02-18,108361,1,12,0,198.0
10110031DEDEV_2026-02-18_G34,10110031DEDEV,2026-02-18,118299,1,350,0,982.0
10110031DEDEV_2026-02-18_G35,10110031DEDEV,2026-02-18,110371,1,81,0,407.0
10110031DEDEV_2026-02-18_G37,10110031DEDEV,2026-02-18,117808,1,289,0,839.0
10110031DEDEV_2026-02-19_G02,10110031DEDEV,2026-02-19,111743,1,4,0,635.0
10110031DEDEV_2026-02-19_G03,10110031DEDEV,2026-02-19,117834,1,2,0,669.0
10110031DEDEV_2026-02-19_G04,10110031DEDEV,2026-02-19,110374,1,8,0,93.0
10110031DEDEV_2026-02-19_G05,10110031DEDEV,2026-02-19,141457,1,220,0,899.0
10110031DEDEV_2026-02-19_G06,10110031DEDEV,2026-02-19,118317,1,36,0,1536.0
10110031DEDEV_2026-02-19_G07,10110031DEDEV,2026-02-19,109640,1,41,0,988.0
10110031DEDEV_2026-02-19_G08,10110031DEDEV,2026-02-19,111462,1,22,0,963.0
10110031DEDEV_2026-02-19_G09,10110031DEDEV,2026-02-19,111462,1,3,0,1439.0
10110031DEDEV_2026-02-19_G10,10110031DEDEV,2026-02-19,111469,1,4,0,712.0
10110031DEDEV_2026-02-19_G11,10110031DEDEV,2026-02-19,118094,1,4,0,656.0
10110031DEDEV_2026-02-19_G12,10110031DEDEV,2026-02-19,111469,1,8,0,389.0
10110031DEDEV_2026-02-19_G13,10110031DEDEV,2026-02-19,108759,1,8,0,46.0
10110031DEDEV_2026-02-19_G15,10110031DEDEV,2026-02-19,111441,1,2,0,137.0
10110031DEDEV_2026-02-19_G16,10110031DEDEV,2026-02-19,111569,1,2,0,120.0
10110031DEDEV_2026-02-19_G17,10110031DEDEV,2026-02-19,111569,1,4,0,99.0
10110031DEDEV_2026-02-19_G18,10110031DEDEV,2026-02-19,111530,1,1,0,94.0
10110031DEDEV_2026-02-19_G19,10110031DEDEV,2026-02-19,109640,1,2,0,101.0
10110031DEDEV_2026-02-19_G20,10110031DEDEV,2026-02-19,142080,1,5,0,105.0
10110031DEDEV_2026-02-19_G21,10110031DEDEV,2026-02-19,111463,1,1,0,88.0
10110031DEDEV_2026-02-19_G22,10110031DEDEV,2026-02-19,111466,1,36,0,626.0
10110031DEDEV_2026-02-19_G23,10110031DEDEV,2026-02-19,142093,1,5,0,567.0
10110031DEDEV_2026-02-19_G24,10110031DEDEV,2026-02-19,142080,1,3,0,72.0
10110031DEDEV_2026-02-19_G25,10110031DEDEV,2026-02-19,111468,1,10,0,138.0
10110031DEDEV_2026-02-19_G26,10110031DEDEV,2026-02-19,111468,1,8,0,46.0
10110031DEDEV_2026-02-19_G27,10110031DEDEV,2026-02-19,118317,1,42,0,399.0
10110031DEDEV_2026-02-19_G28,10110031DEDEV,2026-02-19,117785,2,6,11,270.0
10110031DEDEV_2026-02-19_G29,10110031DEDEV,2026-02-19,110371,1,160,0,1704.0
10110031DEDEV_2026-02-19_G30,10110031DEDEV,2026-02-19,110376,1,65,0,522.0
10110031DEDEV_2026-02-19_G31,10110031DEDEV,2026-02-19,111418,1,60,0,819.0
10110031DEDEV_2026-02-19_G32,10110031DEDEV,2026-02-19,108795,1,50,0,559.0
10110031DEDEV_2026-02-19_G33,10110031DEDEV,2026-02-19,118140,1,350,0,1418.0
10110031DEDEV_2026-02-19_G34,10110031DEDEV,2026-02-19,111431,1,40,0,413.0
10110031DEDEV_2026-02-19_G36,10110031DEDEV,2026-02-19,107236,1,29,0,191.0
10110031DEDEV_2026-02-20_G03,10110031DEDEV,2026-02-20,111466,1,319,0,2711.0
10110031DEDEV_2026-02-20_G04,10110031DEDEV,2026-02-20,117785,1,300,0,1183.0
10110031DEDEV_2026-02-20_G06,10110031DEDEV,2026-02-20,117831,1,8,0,187.0
10110031DEDEV_2026-02-20_G07,10110031DEDEV,2026-02-20,111532,1,4,0,357.0
10110031DEDEV_2026-02-20_G08,10110031DEDEV,2026-02-20,109640,1,4,0,192.0
10110031DEDEV_2026-02-20_G09,10110031DEDEV,2026-02-20,111532,1,2,0,125.0
10110031DEDEV_2026-02-20_G10,10110031DEDEV,2026-02-20,111532,1,1,0,32.0
10110031DEDEV_2026-02-20_G11,10110031DEDEV,2026-02-20,109640,1,3,0,85.0
10110031DEDEV_2026-02-20_G12,10110031DEDEV,2026-02-20,111532,1,2,0,153.0
10110031DEDEV_2026-02-20_G13,10110031DEDEV,2026-02-20,141202,1,8,0,228.0
10110031DEDEV_2026-02-20_G14,10110031DEDEV,2026-02-20,111348,1,2,0,106.0
10110031DEDEV_2026-02-20_G15,10110031DEDEV,2026-02-20,111469,1,6,0,141.0
10110031DEDEV_2026-02-20_G16,10110031DEDEV,2026-02-20,111602,1,16,0,442.0
10110031DEDEV_2026-02-20_G17,10110031DEDEV,2026-02-20,141313,1,4,0,238.0
10110031DEDEV_2026-02-20_G18,10110031DEDEV,2026-02-20,118094,1,4,0,165.0
10110031DEDEV_2026-02-20_G19,10110031DEDEV,2026-02-20,107629,1,2,0,62.0
10110031DEDEV_2026-02-20_G20,10110031DEDEV,2026-02-20,109640,1,3,0,124.0
10110031DEDEV_2026-02-20_G21,10110031DEDEV,2026-02-20,141047,1,6,0,141.0
10110031DEDEV_2026-02-20_G22,10110031DEDEV,2026-02-20,111463,1,7,0,125.0
10110031DEDEV_2026-02-20_G23,10110031DEDEV,2026-02-20,111469,1,4,0,110.0
10110031DEDEV_2026-02-20_G24,10110031DEDEV,2026-02-20,111850,1,2,0,388.0
10110031DEDEV_2026-02-20_G25,10110031DEDEV,2026-02-20,141202,1,2,0,68.0
10110031DEDEV_2026-02-20_G26,10110031DEDEV,2026-02-20,110374,1,4,0,227.0
10110031DEDEV_2026-02-20_G27,10110031DEDEV,2026-02-20,109648,1,1,0,46.0
10110031DEDEV_2026-02-20_G28,10110031DEDEV,2026-02-20,117820,1,6,0,58.0
10110031DEDEV_2026-02-20_G29,10110031DEDEV,2026-02-20,118299,1,6,0,58.0
10110031DEDEV_2026-02-20_G30,10110031DEDEV,2026-02-20,108794,1,4,0,87.0
10110031DEDEV_2026-02-20_G31,10110031DEDEV,2026-02-20,140923,1,3,0,124.0
10110031DEDEV_2026-02-20_G32,10110031DEDEV,2026-02-20,118094,1,2,0,65.0
10110031DEDEV_2026-02-20_G33,10110031DEDEV,2026-02-20,117808,1,4,0,111.0
10110031DEDEV_2026-02-20_G34,10110031DEDEV,2026-02-20,111466,1,2,0,58.0
10110031DEDEV_2026-02-20_G35,10110031DEDEV,2026-02-20,117862,1,1,0,67.0
10110031DEDEV_2026-02-20_G36,10110031DEDEV,2026-02-20,109640,1,1,0,74.0
10110031DEDEV_2026-02-20_G37,10110031DEDEV,2026-02-20,111530,1,2,0,63.0
10110031DEDEV_2026-02-20_G38,10110031DEDEV,2026-02-20,141271,1,2,0,99.0
10110031DEDEV_2026-02-20_G39,10110031DEDEV,2026-02-20,109645,1,2,0,86.0
10110031DEDEV_2026-02-20_G40,10110031DEDEV,2026-02-20,110373,1,8,0,93.0
10110031DEDEV_2026-02-20_G41,10110031DEDEV,2026-02-20,141318,1,2,0,100.0
10110031DEDEV_2026-02-20_G42,10110031DEDEV,2026-02-20,117830,1,4,0,107.0
10110031DEDEV_2026-02-20_G43,10110031DEDEV,2026-02-20,111463,1,2,0,98.0
10110031DEDEV_2026-02-20_G44,10110031DEDEV,2026-02-20,141457,1,3,0,127.0
10110031DEDEV_2026-02-20_G45,10110031DEDEV,2026-02-20,111438,1,4,0,1053.0
10110031DEDEV_2026-02-20_G46,10110031DEDEV,2026-02-20,142080,1,2,0,122.0
10110031DEDEV_2026-02-20_G47,10110031DEDEV,2026-02-20,110374,1,2,0,91.0
10110031DEDEV_2026-02-20_G48,10110031DEDEV,2026-02-20,110371,1,1,0,62.0
10110031DEDEV_2026-02-20_G49,10110031DEDEV,2026-02-20,117785,1,3,0,69.0
10110031DEDEV_2026-02-20_G50,10110031DEDEV,2026-02-20,117808,1,14,0,143.0
10110031DEDEV_2026-02-20_G51,10110031DEDEV,2026-02-20,110787,1,2,0,59.0
10110031DEDEV_2026-02-20_G52,10110031DEDEV,2026-02-20,111466,1,7,0,93.0
10110031DEDEV_2026-02-20_G53,10110031DEDEV,2026-02-20,117862,1,1,0,62.0
10110031DEDEV_2026-02-20_G54,10110031DEDEV,2026-02-20,111418,1,4,0,92.0
10110031DEDEV_2026-02-20_G55,10110031DEDEV,2026-02-20,117831,1,2,0,56.0
10110031DEDEV_2026-02-20_G56,10110031DEDEV,2026-02-20,117837,1,2,0,138.0
10110031DEDEV_2026-02-20_G57,10110031DEDEV,2026-02-20,141166,1,3,0,101.0
10110031DEDEV_2026-02-20_G58,10110031DEDEV,2026-02-20,141456,1,1,0,94.0
10110031DEDEV_2026-02-20_G59,10110031DEDEV,2026-02-20,141458,1,2,0,59.0
10110031DEDEV_2026-02-20_G60,10110031DEDEV,2026-02-20,117830,1,6,0,78.0
10110031DEDEV_2026-02-20_G61,10110031DEDEV,2026-02-20,111430,1,3,0,493.0
10110031DEDEV_2026-02-20_G62,10110031DEDEV,2026-02-20,108770,1,4,0,137.0
10110031DEDEV_2026-02-20_G63,10110031DEDEV,2026-02-20,110895,1,1,0,49.0
10110031DEDEV_2026-02-20_G64,10110031DEDEV,2026-02-20,142045,1,12,0,332.0
10110031DEDEV_2026-02-20_G65,10110031DEDEV,2026-02-20,141916,1,10,0,106.0
10110031DEDEV_2026-02-20_G66,10110031DEDEV,2026-02-20,110742,1,1,0,56.0
10110031DEDEV_2026-02-20_G67,10110031DEDEV,2026-02-20,110582,1,1,0,92.0
10110031DEDEV_2026-02-20_G69,10110031DEDEV,2026-02-20,117820,1,13,0,121.0
10110031DEDEV_2026-02-20_G70,10110031DEDEV,2026-02-20,117832,1,18,0,449.0
10110031DEDEV_2026-02-20_G71,10110031DEDEV,2026-02-20,110325,1,13,0,458.0
10110031DEDEV_2026-02-21_G02,10110031DEDEV,2026-02-21,111348,1,4,0,94.0
10110031DEDEV_2026-02-21_G03,10110031DEDEV,2026-02-21,117785,1,5,0,52.0
10110031DEDEV_2026-02-21_G04,10110031DEDEV,2026-02-21,111443,1,2,0,49.0
10110031DEDEV_2026-02-21_G05,10110031DEDEV,2026-02-21,111443,1,5,0,43.0
10110031DEDEV_2026-02-21_G06,10110031DEDEV,2026-02-21,117833,1,4,0,160.0
10110031DEDEV_2026-02-21_G07,10110031DEDEV,2026-02-21,110751,1,5,0,56.0
10110031DEDEV_2026-02-21_G08,10110031DEDEV,2026-02-21,117821,1,2,0,45.0
10110031DEDEV_2026-02-21_G09,10110031DEDEV,2026-02-21,117821,1,8,0,45.0
10110031DEDEV_2026-02-21_G10,10110031DEDEV,2026-02-21,108711,2,8,20,66.0
10110031DEDEV_2026-02-21_G11,10110031DEDEV,2026-02-21,108711,1,3,0,33.0
10110031DEDEV_2026-02-21_G12,10110031DEDEV,2026-02-21,111469,1,12,0,83.0
10110031DEDEV_2026-02-21_G13,10110031DEDEV,2026-02-21,111743,2,4,22,41.0
10110031DEDEV_2026-02-21_G14,10110031DEDEV,2026-02-21,118140,1,11,0,173.0
10110031DEDEV_2026-02-21_G15,10110031DEDEV,2026-02-21,111172,1,2,0,137.0
10110031DEDEV_2026-02-21_G16,10110031DEDEV,2026-02-21,111172,1,2,0,31.0
10110031DEDEV_2026-02-21_G17,10110031DEDEV,2026-02-21,160055,1,2,0,225.0
10110031DEDEV_2026-02-21_G18,10110031DEDEV,2026-02-21,142093,1,1,0,49.0
10110031DEDEV_2026-02-21_G19,10110031DEDEV,2026-02-21,142093,1,12,0,54.0
10110031DEDEV_2026-02-21_G20,10110031DEDEV,2026-02-21,111418,1,1,0,44.0
10110031DEDEV_2026-02-21_G21,10110031DEDEV,2026-02-21,"111418, 107236",4,36,37,228.0
10110031DEDEV_2026-02-21_G22,10110031DEDEV,2026-02-21,109641,1,1,0,67.0
10110031DEDEV_2026-02-21_G23,10110031DEDEV,2026-02-21,117831,1,3,0,53.0
10110031DEDEV_2026-02-21_G24,10110031DEDEV,2026-02-21,111442,1,1,0,47.0
10110031DEDEV_2026-02-21_G25,10110031DEDEV,2026-02-21,111442,1,8,0,207.0
10110031DEDEV_2026-02-21_G26,10110031DEDEV,2026-02-21,118223,1,2,0,94.0
10110031DEDEV_2026-02-21_G27,10110031DEDEV,2026-02-21,109645,1,6,0,71.0
10110031DEDEV_2026-02-21_G28,10110031DEDEV,2026-02-21,109645,1,2,0,35.0
10110031DEDEV_2026-02-21_G29,10110031DEDEV,2026-02-21,111431,1,1,0,42.0
10110031DEDEV_2026-02-21_G30,10110031DEDEV,2026-02-21,141457,1,4,0,192.0
10110031DEDEV_2026-02-21_G31,10110031DEDEV,2026-02-21,141457,1,13,0,69.0
10110031DEDEV_2026-02-21_G32,10110031DEDEV,2026-02-21,117787,1,2,0,41.0
10110031DEDEV_2026-02-21_G33,10110031DEDEV,2026-02-21,110740,3,16,47,86.0
10110031DEDEV_2026-02-21_G34,10110031DEDEV,2026-02-21,111463,1,16,0,100.0
10110031DEDEV_2026-02-21_G35,10110031DEDEV,2026-02-21,141456,1,4,0,153.0
10110031DEDEV_2026-02-21_G36,10110031DEDEV,2026-02-21,141456,1,4,0,31.0
10110031DEDEV_2026-02-21_G37,10110031DEDEV,2026-02-21,141456,1,9,0,65.0
10110031DEDEV_2026-02-21_G38,10110031DEDEV,2026-02-21,141458,1,2,0,54.0
10110031DEDEV_2026-02-21_G39,10110031DEDEV,2026-02-21,141458,1,26,0,326.0
10110031DEDEV_2026-02-21_G40,10110031DEDEV,2026-02-21,141458,1,23,0,109.0
10110031DEDEV_2026-02-21_G41,10110031DEDEV,2026-02-21,110371,1,35,0,2090.0
10110031DEDEV_2026-02-21_G42,10110031DEDEV,2026-02-21,110325,1,24,0,207.0
10110031DEDEV_2026-02-21_G43,10110031DEDEV,2026-02-21,141202,1,7,0,191.0
10110031DEDEV_2026-02-21_G44,10110031DEDEV,2026-02-21,141202,1,11,0,75.0
10110031DEDEV_2026-02-21_G45,10110031DEDEV,2026-02-21,110376,1,12,0,160.0
10110031DEDEV_2026-02-21_G46,10110031DEDEV,2026-02-21,110373,1,40,0,213.0
10110031DEDEV_2026-02-21_G47,10110031DEDEV,2026-02-21,110372,1,53,0,1840.0
10110031DEDEV_2026-02-21_G48,10110031DEDEV,2026-02-21,117832,1,20,0,178.0
10110031DEDEV_2026-02-21_G49,10110031DEDEV,2026-02-21,117820,1,45,0,450.0
10110031DEDEV_2026-02-21_G50,10110031DEDEV,2026-02-21,117808,1,400,0,992.0
10110031DEDEV_2026-02-21_G51,10110031DEDEV,2026-02-21,111530,1,88,0,699.0
10110031DEDEV_2026-02-22_G02,10110031DEDEV,2026-02-22,117785,1,12,0,204.0
10110031DEDEV_2026-02-22_G03,10110031DEDEV,2026-02-22,117833,1,6,0,79.0
10110031DEDEV_2026-02-22_G04,10110031DEDEV,2026-02-22,117821,1,4,0,59.0
10110031DEDEV_2026-02-22_G05,10110031DEDEV,2026-02-22,111469,1,4,0,44.0
10110031DEDEV_2026-02-22_G06,10110031DEDEV,2026-02-22,111743,1,4,0,57.0
10110031DEDEV_2026-02-22_G07,10110031DEDEV,2026-02-22,111466,1,16,0,158.0
10110031DEDEV_2026-02-22_G08,10110031DEDEV,2026-02-22,111468,1,4,0,98.0
10110031DEDEV_2026-02-22_G09,10110031DEDEV,2026-02-22,141457,1,40,0,352.0
10110031DEDEV_2026-02-22_G10,10110031DEDEV,2026-02-22,111330,1,4,0,1056.0
10110031DEDEV_2026-02-22_G11,10110031DEDEV,2026-02-22,109640,1,40,0,793.0
10110031DEDEV_2026-02-22_G12,10110031DEDEV,2026-02-22,109640,1,20,0,288.0
10110031DEDEV_2026-02-22_G13,10110031DEDEV,2026-02-22,109640,1,4,0,322.0
10110031DEDEV_2026-02-22_G14,10110031DEDEV,2026-02-22,"109640, 140922",4,11,70,467.0
10110031DEDEV_2026-02-22_G15,10110031DEDEV,2026-02-22,111462,1,2,0,506.0
10110031DEDEV_2026-02-22_G16,10110031DEDEV,2026-02-22,111348,1,2,0,257.0
10110031DEDEV_2026-02-22_G17,10110031DEDEV,2026-02-22,111469,1,3,0,138.0
10110031DEDEV_2026-02-22_G18,10110031DEDEV,2026-02-22,111418,1,7,0,85.0
10110031DEDEV_2026-02-22_G19,10110031DEDEV,2026-02-22,140922,1,6,0,330.0
10110031DEDEV_2026-02-22_G20,10110031DEDEV,2026-02-22,117853,1,2,0,77.0
10110031DEDEV_2026-02-22_G21,10110031DEDEV,2026-02-22,118283,1,2,0,204.0
10110031DEDEV_2026-02-22_G22,10110031DEDEV,2026-02-22,110841,1,6,0,110.0
10110031DEDEV_2026-02-22_G23,10110031DEDEV,2026-02-22,141352,1,2,0,136.0
10110031DEDEV_2026-02-22_G24,10110031DEDEV,2026-02-22,141166,1,7,0,155.0
10110031DEDEV_2026-02-22_G25,10110031DEDEV,2026-02-22,110582,1,5,0,930.0
10110031DEDEV_2026-02-22_G26,10110031DEDEV,2026-02-22,111348,1,8,0,682.0
10110031DEDEV_2026-02-22_G27,10110031DEDEV,2026-02-22,117838,1,4,0,187.0
10110031DEDEV_2026-02-22_G28,10110031DEDEV,2026-02-22,109640,1,8,0,180.0
10110031DEDEV_2026-02-22_G30,10110031DEDEV,2026-02-22,111530,1,6,0,159.0
10110031DEDEV_2026-02-22_G31,10110031DEDEV,2026-02-22,117856,1,4,0,171.0
10110031DEDEV_2026-02-22_G32,10110031DEDEV,2026-02-22,111469,1,4,0,118.0
10110031DEDEV_2026-02-23_G02,10110031DEDEV,2026-02-23,140922,1,8,0,601.0
10110031DEDEV_2026-02-23_G03,10110031DEDEV,2026-02-23,117853,1,12,0,197.0
10110031DEDEV_2026-02-23_G04,10110031DEDEV,2026-02-23,111330,1,2,0,120.0
10110031DEDEV_2026-02-23_G05,10110031DEDEV,2026-02-23,140922,1,3,0,93.0
10110031DEDEV_2026-02-23_G06,10110031DEDEV,2026-02-23,140922,1,4,0,31.0
10110031DEDEV_2026-02-23_G07,10110031DEDEV,2026-02-23,117853,1,4,0,132.0
10110031DEDEV_2026-02-23_G08,10110031DEDEV,2026-02-23,109495,1,1,0,641.0
10110031DEDEV_2026-02-23_G09,10110031DEDEV,2026-02-23,140922,1,3,0,276.0
10110031DEDEV_2026-02-23_G10,10110031DEDEV,2026-02-23,111530,1,8,0,1767.0
10110031DEDEV_2026-02-23_G11,10110031DEDEV,2026-02-23,118418,1,5,0,197.0
10110031DEDEV_2026-02-23_G12,10110031DEDEV,2026-02-23,140922,1,8,0,308.0
10110031DEDEV_2026-02-23_G13,10110031DEDEV,2026-02-23,141047,1,2,0,455.0
10110031DEDEV_2026-02-23_G14,10110031DEDEV,2026-02-23,117820,1,7,0,127.0
10110031DEDEV_2026-02-23_G15,10110031DEDEV,2026-02-23,110376,1,8,0,137.0
10110031DEDEV_2026-02-23_G16,10110031DEDEV,2026-02-23,117830,1,4,0,128.0
10110031DEDEV_2026-02-23_G17,10110031DEDEV,2026-02-23,110787,2,4,30,900.0
10110031DEDEV_2026-02-23_G18,10110031DEDEV,2026-02-23,110787,2,4,20,32.0
10110031DEDEV_2026-02-23_G19,10110031DEDEV,2026-02-23,110787,1,8,0,64.0
10110031DEDEV_2026-02-23_G20,10110031DEDEV,2026-02-23,111418,1,3,0,147.0
10110031DEDEV_2026-02-23_G21,10110031DEDEV,2026-02-23,111418,3,12,56,59.0
10110031DEDEV_2026-02-23_G22,10110031DEDEV,2026-02-23,111418,1,8,0,58.0
10110031DEDEV_2026-02-23_G23,10110031DEDEV,2026-02-23,111435,1,5,0,206.0
10110031DEDEV_2026-02-23_G25,10110031DEDEV,2026-02-23,111462,1,25,0,727.0
10110031DEDEV_2026-02-23_G26,10110031DEDEV,2026-02-23,111462,1,6,0,61.0
10110031DEDEV_2026-02-23_G27,10110031DEDEV,2026-02-23,117831,1,30,0,459.0
10110031DEDEV_2026-02-23_G28,10110031DEDEV,2026-02-23,141458,1,50,0,225.0
10110031DEDEV_2026-02-23_G29,10110031DEDEV,2026-02-23,141166,2,20,8,1493.0
10110031DEDEV_2026-02-23_G30,10110031DEDEV,2026-02-23,117808,1,200,0,1288.0
10110031DEDEV_2026-02-23_G31,10110031DEDEV,2026-02-23,110372,1,300,0,1600.0
10110031DEDEV_2026-02-23_G32,10110031DEDEV,2026-02-23,117820,1,300,0,842.0
10110031DEDEV_2026-02-23_G33,10110031DEDEV,2026-02-23,118299,1,200,0,931.0
10110031DEDEV_2026-02-23_G35,10110031DEDEV,2026-02-23,117855,1,2,0,397.0
10110031DEDEV_2026-02-23_G36,10110031DEDEV,2026-02-23,140922,1,1,0,202.0
10110031DEDEV_2026-02-23_G37,10110031DEDEV,2026-02-23,117833,1,10,0,277.0
10110031DEDEV_2026-02-23_G38,10110031DEDEV,2026-02-23,109641,1,5,0,172.0
10110031DEDEV_2026-02-24_G02,10110031DEDEV,2026-02-24,117855,1,4,0,266.0
10110031DEDEV_2026-02-24_G03,10110031DEDEV,2026-02-24,140922,1,2,0,260.0
10110031DEDEV_2026-02-24_G04,10110031DEDEV,2026-02-24,110711,1,2,0,715.0
10110031DEDEV_2026-02-24_G05,10110031DEDEV,2026-02-24,111530,1,8,0,748.0
10110031DEDEV_2026-02-24_G06,10110031DEDEV,2026-02-24,111532,1,2,0,203.0
10110031DEDEV_2026-02-24_G07,10110031DEDEV,2026-02-24,117855,1,4,0,260.0
10110031DEDEV_2026-02-24_G08,10110031DEDEV,2026-02-24,140922,1,2,0,240.0
10110031DEDEV_2026-02-24_G09,10110031DEDEV,2026-02-24,140922,1,1,0,32.0
10110031DEDEV_2026-02-24_G10,10110031DEDEV,2026-02-24,109640,1,2,0,129.0
10110031DEDEV_2026-02-24_G11,10110031DEDEV,2026-02-24,117855,1,4,0,355.0
10110031DEDEV_2026-02-24_G12,10110031DEDEV,2026-02-24,117855,1,2,0,91.0
10110031DEDEV_2026-02-24_G13,10110031DEDEV,2026-02-24,117853,1,2,0,2613.0
10110031DEDEV_2026-02-24_G14,10110031DEDEV,2026-02-24,117787,1,2,0,189.0
10110031DEDEV_2026-02-24_G15,10110031DEDEV,2026-02-24,117809,1,6,0,181.0
10110031DEDEV_2026-02-24_G16,10110031DEDEV,2026-02-24,117808,1,13,0,119.0
10110031DEDEV_2026-02-24_G17,10110031DEDEV,2026-02-24,110376,1,4,0,141.0
10110031DEDEV_2026-02-24_G18,10110031DEDEV,2026-02-24,111462,1,9,0,249.0
10110031DEDEV_2026-02-24_G19,10110031DEDEV,2026-02-24,108794,1,4,0,681.0
10110031DEDEV_2026-02-24_G20,10110031DEDEV,2026-02-24,111532,1,12,0,154.0
10110031DEDEV_2026-02-24_G21,10110031DEDEV,2026-02-24,117785,1,16,0,389.0
10110031DEDEV_2026-02-24_G22,10110031DEDEV,2026-02-24,117821,1,5,0,72.0
10110031DEDEV_2026-02-24_G23,10110031DEDEV,2026-02-24,108711,1,3,0,67.0
10110031DEDEV_2026-02-24_G24,10110031DEDEV,2026-02-24,110787,1,4,0,104.0
10110031DEDEV_2026-02-24_G25,10110031DEDEV,2026-02-24,117831,1,3,0,171.0
10110031DEDEV_2026-02-24_G26,10110031DEDEV,2026-02-24,141456,1,12,0,173.0
10110031DEDEV_2026-02-24_G27,10110031DEDEV,2026-02-24,108798,1,1,0,75.0
10110031DEDEV_2026-02-24_G28,10110031DEDEV,2026-02-24,117838,1,4,0,51.0
10110031DEDEV_2026-02-24_G29,10110031DEDEV,2026-02-24,111465,1,5,0,89.0
10110031DEDEV_2026-02-24_G30,10110031DEDEV,2026-02-24,111468,1,3,0,55.0
10110031DEDEV_2026-02-24_G31,10110031DEDEV,2026-02-24,111431,1,2,0,57.0
10110031DEDEV_2026-02-24_G32,10110031DEDEV,2026-02-24,141458,1,10,0,242.0
10110031DEDEV_2026-02-24_G33,10110031DEDEV,2026-02-24,111660,1,4,0,554.0
10110031DEDEV_2026-02-24_G34,10110031DEDEV,2026-02-24,110752,1,4,0,377.0
10110031DEDEV_2026-02-24_G35,10110031DEDEV,2026-02-24,117853,1,2,0,220.0
10110031DEDEV_2026-02-24_G36,10110031DEDEV,2026-02-24,118094,1,3,0,69.0
10110031DEDEV_2026-02-24_G38,10110031DEDEV,2026-02-24,118290,1,3,0,925.0
10110031DEDEV_2026-02-24_G39,10110031DEDEV,2026-02-24,117855,1,8,0,238.0
10110031DEDEV_2026-02-24_G40,10110031DEDEV,2026-02-24,140911,1,2,0,269.0
10110031DEDEV_2026-02-24_G41,10110031DEDEV,2026-02-24,117855,1,4,0,222.0
10110031DEDEV_2026-02-24_G42,10110031DEDEV,2026-02-24,140922,1,5,0,342.0
10110031DEDEV_2026-02-24_G43,10110031DEDEV,2026-02-24,110373,1,4,0,313.0
10110031DEDEV_2026-02-24_G44,10110031DEDEV,2026-02-24,111743,1,5,0,143.0
10110031DEDEV_2026-02-24_G45,10110031DEDEV,2026-02-24,110310,1,1,0,99.0
10110031DEDEV_2026-02-24_G46,10110031DEDEV,2026-02-24,117853,1,2,0,183.0
10110031DEDEV_2026-02-24_G47,10110031DEDEV,2026-02-24,107892,1,4,0,172.0
10110031DEDEV_2026-02-24_G48,10110031DEDEV,2026-02-24,117808,1,7,0,240.0
10110031DEDEV_2026-02-24_G49,10110031DEDEV,2026-02-24,110374,1,1,0,71.0
10110031DEDEV_2026-02-24_G50,10110031DEDEV,2026-02-24,117809,1,8,0,175.0
10110031DEDEV_2026-02-24_G51,10110031DEDEV,2026-02-24,118299,1,14,0,81.0
10110031DEDEV_2026-02-24_G52,10110031DEDEV,2026-02-24,110371,1,8,0,63.0
10110031DEDEV_2026-02-24_G53,10110031DEDEV,2026-02-24,110325,1,4,0,74.0
10110031DEDEV_2026-02-24_G54,10110031DEDEV,2026-02-24,110373,1,10,0,289.0
10110031DEDEV_2026-02-24_G55,10110031DEDEV,2026-02-24,110375,1,4,0,62.0
10110031DEDEV_2026-02-24_G56,10110031DEDEV,2026-02-24,110372,1,24,0,153.0
10110031DEDEV_2026-02-24_G57,10110031DEDEV,2026-02-24,108794,1,1,0,151.0
10110031DEDEV_2026-02-24_G58,10110031DEDEV,2026-02-24,117833,1,4,0,111.0
10110031DEDEV_2026-02-24_G59,10110031DEDEV,2026-02-24,108711,1,2,0,52.0
10110031DEDEV_2026-02-24_G60,10110031DEDEV,2026-02-24,111466,1,12,0,110.0
10110031DEDEV_2026-02-24_G61,10110031DEDEV,2026-02-24,111418,1,4,0,284.0
10110031DEDEV_2026-02-24_G62,10110031DEDEV,2026-02-24,141823,1,4,0,104.0
10110031DEDEV_2026-02-24_G63,10110031DEDEV,2026-02-24,140922,1,2,0,53.0
10110031DEDEV_2026-02-24_G64,10110031DEDEV,2026-02-24,111433,1,3,0,172.0
10110031DEDEV_2026-02-24_G65,10110031DEDEV,2026-02-24,141457,1,4,0,81.0
10110031DEDEV_2026-02-24_G66,10110031DEDEV,2026-02-24,111463,1,9,0,96.0
10110031DEDEV_2026-02-24_G67,10110031DEDEV,2026-02-24,141458,1,2,0,91.0
10110031DEDEV_2026-02-24_G68,10110031DEDEV,2026-02-24,140923,1,2,0,113.0
10110031DEDEV_2026-02-24_G69,10110031DEDEV,2026-02-24,107629,1,2,0,71.0
10110031DEDEV_2026-02-24_G70,10110031DEDEV,2026-02-24,111602,1,4,0,106.0
10110031DEDEV_2026-02-24_G71,10110031DEDEV,2026-02-24,117786,1,2,0,110.0
10110031DEDEV_2026-02-24_G72,10110031DEDEV,2026-02-24,110339,1,2,0,69.0
10110031DEDEV_2026-02-24_G73,10110031DEDEV,2026-02-24,117855,1,4,0,407.0
10110031DEDEV_2026-02-24_G74,10110031DEDEV,2026-02-24,118094,1,6,0,233.0
10110031DEDEV_2026-02-24_G75,10110031DEDEV,2026-02-24,117808,1,22,0,167.0
10110031DEDEV_2026-02-24_G76,10110031DEDEV,2026-02-24,110374,1,14,0,122.0
10110031DEDEV_2026-02-24_G77,10110031DEDEV,2026-02-24,117809,1,9,0,240.0
10110031DEDEV_2026-02-24_G78,10110031DEDEV,2026-02-24,118299,1,4,0,83.0
10110031DEDEV_2026-02-24_G79,10110031DEDEV,2026-02-24,110371,1,17,0,421.0
10110031DEDEV_2026-02-24_G80,10110031DEDEV,2026-02-24,110376,1,1,0,691.0
10110031DEDEV_2026-02-24_G81,10110031DEDEV,2026-02-24,110373,1,24,0,180.0
10110031DEDEV_2026-02-24_G82,10110031DEDEV,2026-02-24,110375,1,9,0,85.0
10110031DEDEV_2026-02-24_G83,10110031DEDEV,2026-02-24,117832,1,2,0,59.0
10110031DEDEV_2026-02-24_G84,10110031DEDEV,2026-02-24,110372,1,30,0,186.0
10110031DEDEV_2026-02-24_G86,10110031DEDEV,2026-02-24,108794,1,5,0,118.0
10110031DEDEV_2026-02-24_G87,10110031DEDEV,2026-02-24,117833,1,1,0,65.0
10110031DEDEV_2026-02-24_G88,10110031DEDEV,2026-02-24,108711,1,2,0,42.0
10110031DEDEV_2026-02-24_G89,10110031DEDEV,2026-02-24,110787,1,6,0,77.0
10110031DEDEV_2026-02-24_G90,10110031DEDEV,2026-02-24,111466,1,8,0,86.0
10110031DEDEV_2026-02-24_G91,10110031DEDEV,2026-02-24,111172,1,4,0,52.0
10110031DEDEV_2026-02-24_G92,10110031DEDEV,2026-02-24,111418,1,11,0,106.0
10110031DEDEV_2026-02-25_G02,10110031DEDEV,2026-02-25,141456,1,1,0,79.0
10110031DEDEV_2026-02-25_G03,10110031DEDEV,2026-02-25,117787,1,3,0,99.0
10110031DEDEV_2026-02-25_G04,10110031DEDEV,2026-02-25,110740,1,2,0,63.0
10110031DEDEV_2026-02-25_G05,10110031DEDEV,2026-02-25,111463,1,5,0,62.0
10110031DEDEV_2026-02-25_G06,10110031DEDEV,2026-02-25,141458,1,1,0,76.0
10110031DEDEV_2026-02-25_G07,10110031DEDEV,2026-02-25,111569,1,2,0,140.0
10110031DEDEV_2026-02-25_G08,10110031DEDEV,2026-02-25,111467,1,2,0,192.0
10110031DEDEV_2026-02-25_G09,10110031DEDEV,2026-02-25,110752,1,1,0,180.0
10110031DEDEV_2026-02-25_G10,10110031DEDEV,2026-02-25,140923,1,4,0,114.0
10110031DEDEV_2026-02-25_G11,10110031DEDEV,2026-02-25,118094,1,3,0,108.0
10110031DEDEV_2026-02-25_G12,10110031DEDEV,2026-02-25,109647,1,1,0,99.0
10110031DEDEV_2026-02-25_G13,10110031DEDEV,2026-02-25,111602,1,6,0,192.0
10110031DEDEV_2026-02-25_G14,10110031DEDEV,2026-02-25,110339,1,5,0,115.0
10110031DEDEV_2026-02-25_G15,10110031DEDEV,2026-02-25,117808,1,1,0,289.0
10110031DEDEV_2026-02-25_G16,10110031DEDEV,2026-02-25,117809,1,2,0,64.0
10110031DEDEV_2026-02-25_G17,10110031DEDEV,2026-02-25,117862,1,2,0,164.0
10110031DEDEV_2026-02-25_G18,10110031DEDEV,2026-02-25,117830,1,2,0,160.0
10110031DEDEV_2026-02-25_G19,10110031DEDEV,2026-02-25,141458,1,2,0,126.0
10110031DEDEV_2026-02-25_G20,10110031DEDEV,2026-02-25,110742,1,4,0,194.0
10110031DEDEV_2026-02-25_G21,10110031DEDEV,2026-02-25,117808,1,40,0,407.0
10110031DEDEV_2026-02-25_G22,10110031DEDEV,2026-02-25,110374,1,19,0,189.0
10110031DEDEV_2026-02-25_G23,10110031DEDEV,2026-02-25,117809,1,12,0,87.0
10110031DEDEV_2026-02-25_G24,10110031DEDEV,2026-02-25,118299,1,20,0,99.0
10110031DEDEV_2026-02-25_G25,10110031DEDEV,2026-02-25,110371,1,37,0,806.0
10110031DEDEV_2026-02-25_G26,10110031DEDEV,2026-02-25,110325,1,3,0,79.0
10110031DEDEV_2026-02-25_G27,10110031DEDEV,2026-02-25,117822,1,2,0,54.0
10110031DEDEV_2026-02-25_G28,10110031DEDEV,2026-02-25,110376,1,3,0,115.0
10110031DEDEV_2026-02-25_G29,10110031DEDEV,2026-02-25,110375,1,5,0,119.0
10110031DEDEV_2026-02-25_G30,10110031DEDEV,2026-02-25,117830,1,6,0,95.0
10110031DEDEV_2026-02-25_G31,10110031DEDEV,2026-02-25,111430,1,3,0,145.0
10110031DEDEV_2026-02-25_G32,10110031DEDEV,2026-02-25,109933,1,2,0,80.0
10110031DEDEV_2026-02-25_G33,10110031DEDEV,2026-02-25,111569,1,1,0,36.0
10110031DEDEV_2026-02-25_G34,10110031DEDEV,2026-02-25,111438,1,1,0,77.0
10110031DEDEV_2026-02-25_G35,10110031DEDEV,2026-02-25,111441,1,1,0,49.0
10110031DEDEV_2026-02-25_G36,10110031DEDEV,2026-02-25,118306,1,2,0,55.0
10110031DEDEV_2026-02-25_G37,10110031DEDEV,2026-02-25,100334,1,1,0,68.0
10110031DEDEV_2026-02-25_G38,10110031DEDEV,2026-02-25,110623,1,2,0,91.0
10110031DEDEV_2026-02-25_G39,10110031DEDEV,2026-02-25,110373,1,40,0,412.0
10110031DEDEV_2026-02-25_G40,10110031DEDEV,2026-02-25,110372,1,40,0,310.0
10110031DEDEV_2026-02-25_G41,10110031DEDEV,2026-02-25,108770,1,92,0,1511.0
10110031DEDEV_2026-02-25_G42,10110031DEDEV,2026-02-25,109641,1,118,0,1261.0
10110031DEDEV_2026-02-25_G43,10110031DEDEV,2026-02-25,111462,1,307,0,291.0
10110031DEDEV_2026-02-25_G44,10110031DEDEV,2026-02-25,141166,1,170,0,1681.0
10110031DEDEV_2026-02-25_G46,10110031DEDEV,2026-02-25,111602,1,150,0,530.0
10110031DEDEV_2026-02-25_G47,10110031DEDEV,2026-02-25,117856,1,60,0,382.0
10110031DEDEV_2026-02-25_G48,10110031DEDEV,2026-02-25,117861,1,50,0,393.0
10110031DEDEV_2026-02-25_G49,10110031DEDEV,2026-02-25,117831,1,70,0,892.0
10110031DEDEV_2026-02-25_G50,10110031DEDEV,2026-02-25,111418,1,500,0,1081.0
10110031DEDEV_2026-02-25_G51,10110031DEDEV,2026-02-25,110373,1,200,0,908.0
10110031DEDEV_2026-02-25_G52,10110031DEDEV,2026-02-25,117820,1,200,0,595.0
10110031DEDEV_2026-02-26_G02,10110031DEDEV,2026-02-26,111569,1,122,0,759.0
10110031DEDEV_2026-02-26_G04,10110031DEDEV,2026-02-26,117809,1,3,0,50.0
10110031DEDEV_2026-02-26_G05,10110031DEDEV,2026-02-26,117820,1,2,0,50.0
10110031DEDEV_2026-02-26_G06,10110031DEDEV,2026-02-26,117833,1,2,0,113.0
10110031DEDEV_2026-02-26_G07,10110031DEDEV,2026-02-26,111530,1,2,0,70.0
10110031DEDEV_2026-02-26_G08,10110031DEDEV,2026-02-26,109643,1,2,0,196.0
10110031DEDEV_2026-02-26_G09,10110031DEDEV,2026-02-26,108795,1,2,0,78.0
10110031DEDEV_2026-02-26_G10,10110031DEDEV,2026-02-26,142093,1,4,0,72.0
10110031DEDEV_2026-02-26_G11,10110031DEDEV,2026-02-26,117831,1,5,0,90.0
10110031DEDEV_2026-02-26_G12,10110031DEDEV,2026-02-26,141456,1,6,0,95.0
10110031DEDEV_2026-02-26_G13,10110031DEDEV,2026-02-26,141457,1,4,0,96.0
10110031DEDEV_2026-02-26_G14,10110031DEDEV,2026-02-26,107236,1,4,0,432.0
10110031DEDEV_2026-02-26_G15,10110031DEDEV,2026-02-26,108711,1,2,0,224.0
10110031DEDEV_2026-02-26_G16,10110031DEDEV,2026-02-26,111462,1,8,0,94.0
10110031DEDEV_2026-02-26_G17,10110031DEDEV,2026-02-26,117831,1,8,0,111.0
10110031DEDEV_2026-02-26_G18,10110031DEDEV,2026-02-26,117855,1,4,0,211.0
10110031DEDEV_2026-02-26_G19,10110031DEDEV,2026-02-26,118290,1,4,0,569.0
10110031DEDEV_2026-02-26_G20,10110031DEDEV,2026-02-26,110313,1,2,0,125.0
10110031DEDEV_2026-02-26_G21,10110031DEDEV,2026-02-26,110313,1,8,0,85.0
10110031DEDEV_2026-02-26_G22,10110031DEDEV,2026-02-26,111418,1,8,0,337.0
10110031DEDEV_2026-02-26_G23,10110031DEDEV,2026-02-26,110313,1,8,0,134.0
10110031DEDEV_2026-02-26_G24,10110031DEDEV,2026-02-26,141166,1,4,0,140.0
10110031DEDEV_2026-02-26_G25,10110031DEDEV,2026-02-26,110448,1,2,0,280.0
10110031DEDEV_2026-02-26_G26,10110031DEDEV,2026-02-26,108770,1,2,0,166.0
10110031DEDEV_2026-02-26_G27,10110031DEDEV,2026-02-26,110895,1,4,0,117.0
10110031DEDEV_2026-02-26_G28,10110031DEDEV,2026-02-26,110895,1,4,0,41.0
10110031DEDEV_2026-02-26_G29,10110031DEDEV,2026-02-26,110423,1,2,0,154.0
10110031DEDEV_2026-02-26_G30,10110031DEDEV,2026-02-26,117820,1,2,0,313.0
10110031DEDEV_2026-02-26_G31,10110031DEDEV,2026-02-26,111532,1,8,0,117.0
10110031DEDEV_2026-02-26_G32,10110031DEDEV,2026-02-26,141035,1,4,0,169.0
10110031DEDEV_2026-02-26_G33,10110031DEDEV,2026-02-26,140923,1,3,0,222.0
10110031DEDEV_2026-02-26_G34,10110031DEDEV,2026-02-26,110787,1,4,0,131.0
10110031DEDEV_2026-02-26_G35,10110031DEDEV,2026-02-26,142093,1,2,0,121.0
10110031DEDEV_2026-02-26_G36,10110031DEDEV,2026-02-26,141271,1,4,0,91.0
10110031DEDEV_2026-02-26_G37,10110031DEDEV,2026-02-26,117831,1,2,0,46.0
10110031DEDEV_2026-02-26_G38,10110031DEDEV,2026-02-26,110895,1,4,0,129.0
10110031DEDEV_2026-02-26_G39,10110031DEDEV,2026-02-26,111530,1,5,0,119.0
10110031DEDEV_2026-02-26_G40,10110031DEDEV,2026-02-26,117862,1,4,0,378.0
10110031DEDEV_2026-02-26_G41,10110031DEDEV,2026-02-26,141352,1,4,0,140.0
10110031DEDEV_2026-02-26_G42,10110031DEDEV,2026-02-26,140922,2,10,29,762.0
10110031DEDEV_2026-02-26_G43,10110031DEDEV,2026-02-26,111876,2,4,17,296.0
10110031DEDEV_2026-02-26_G44,10110031DEDEV,2026-02-26,110745,1,1,0,362.0
10110031DEDEV_2026-02-26_G45,10110031DEDEV,2026-02-26,108794,1,2,0,152.0
10110031DEDEV_2026-02-26_G46,10110031DEDEV,2026-02-26,111532,1,6,0,55.0
10110031DEDEV_2026-02-26_G47,10110031DEDEV,2026-02-26,111532,1,3,0,37.0
10110031DEDEV_2026-02-26_G48,10110031DEDEV,2026-02-26,117785,1,2,0,42.0
10110031DEDEV_2026-02-26_G49,10110031DEDEV,2026-02-26,110787,1,2,0,91.0
10110031DEDEV_2026-02-26_G50,10110031DEDEV,2026-02-26,111466,1,4,0,71.0
10110031DEDEV_2026-02-26_G51,10110031DEDEV,2026-02-26,142093,1,2,0,57.0
10110031DEDEV_2026-02-26_G52,10110031DEDEV,2026-02-26,141823,1,2,0,77.0
10110031DEDEV_2026-02-26_G53,10110031DEDEV,2026-02-26,111418,1,10,0,61.0
10110031DEDEV_2026-02-26_G54,10110031DEDEV,2026-02-26,141456,1,2,0,58.0
10110031DEDEV_2026-02-26_G55,10110031DEDEV,2026-02-26,109645,1,3,0,58.0
10110031DEDEV_2026-02-26_G56,10110031DEDEV,2026-02-26,117787,1,3,0,63.0
10110031DEDEV_2026-02-26_G57,10110031DEDEV,2026-02-26,110740,1,4,0,44.0
10110031DEDEV_2026-02-26_G58,10110031DEDEV,2026-02-26,111463,1,5,0,58.0
10110031DEDEV_2026-02-26_G60,10110031DEDEV,2026-02-26,117834,1,4,0,112.0
10110031DEDEV_2026-02-26_G61,10110031DEDEV,2026-02-26,117834,1,8,0,48.0
10110031DEDEV_2026-02-26_G62,10110031DEDEV,2026-02-26,117834,1,4,0,34.0
10110031DEDEV_2026-02-26_G63,10110031DEDEV,2026-02-26,117834,1,4,0,38.0
10110031DEDEV_2026-02-26_G64,10110031DEDEV,2026-02-26,117834,1,8,0,81.0
10110031DEDEV_2026-02-26_G65,10110031DEDEV,2026-02-26,117834,1,4,0,33.0
10110031DEDEV_2026-02-26_G66,10110031DEDEV,2026-02-26,111438,3,7,49,90.0
10110031DEDEV_2026-02-27_G02,10110031DEDEV,2026-02-27,109976,1,1,0,249.0
10110031DEDEV_2026-02-27_G03,10110031DEDEV,2026-02-27,141047,1,4,0,193.0
10110031DEDEV_2026-02-27_G04,10110031DEDEV,2026-02-27,117785,1,4,0,137.0
10110031DEDEV_2026-02-27_G05,10110031DEDEV,2026-02-27,109641,1,8,0,216.0
10110031DEDEV_2026-02-27_G06,10110031DEDEV,2026-02-27,111463,1,4,0,89.0
10110031DEDEV_2026-02-27_G07,10110031DEDEV,2026-02-27,110313,1,4,0,262.0
10110031DEDEV_2026-02-27_G08,10110031DEDEV,2026-02-27,111530,2,8,23,321.0
10110031DEDEV_2026-02-27_G09,10110031DEDEV,2026-02-27,116241,1,4,0,152.0
10110031DEDEV_2026-02-27_G10,10110031DEDEV,2026-02-27,109640,1,5,0,290.0
10110031DEDEV_2026-02-27_G11,10110031DEDEV,2026-02-27,118191,1,20,0,303.0
10110031DEDEV_2026-02-27_G12,10110031DEDEV,2026-02-27,118191,1,20,0,229.0
10110031DEDEV_2026-02-27_G14,10110031DEDEV,2026-02-27,117820,2,6,10,45.0
10110031DEDEV_2026-02-27_G15,10110031DEDEV,2026-02-27,117808,3,13,17,84.0
10110031DEDEV_2026-02-27_G16,10110031DEDEV,2026-02-27,110372,2,4,9,182.0
10110031DEDEV_2026-02-27_G17,10110031DEDEV,2026-02-27,110787,1,4,0,595.0
10110031DEDEV_2026-02-27_G18,10110031DEDEV,2026-02-27,111466,1,1,0,48.0
10110031DEDEV_2026-02-27_G19,10110031DEDEV,2026-02-27,111469,1,12,0,130.0
10110031DEDEV_2026-02-27_G20,10110031DEDEV,2026-02-27,118299,3,208,28,359.0
10110031DEDEV_2026-02-27_G21,10110031DEDEV,2026-02-27,140922,4,132,54,438.0
10110031DEDEV_2026-02-27_G22,10110031DEDEV,2026-02-27,118317,2,9,23,846.0
10110031DEDEV_2026-02-27_G24,10110031DEDEV,2026-02-27,110339,1,10,0,2063.0
10110031DEDEV_2026-02-27_G25,10110031DEDEV,2026-02-27,111467,1,7,0,182.0
10110031DEDEV_2026-02-27_G26,10110031DEDEV,2026-02-27,141166,1,7,0,143.0
10110031DEDEV_2026-02-27_G27,10110031DEDEV,2026-02-27,111602,1,4,0,118.0
10110031DEDEV_2026-02-27_G28,10110031DEDEV,2026-02-27,110313,1,3,0,124.0
10110031DEDEV_2026-02-27_G29,10110031DEDEV,2026-02-27,118253,1,8,0,153.0
10110031DEDEV_2026-02-27_G30,10110031DEDEV,2026-02-27,111650,1,10,0,554.0
10110031DEDEV_2026-02-27_G31,10110031DEDEV,2026-02-27,111602,1,1,0,82.0
10110031DEDEV_2026-02-27_G32,10110031DEDEV,2026-02-27,117786,2,10,26,101.0
10110031DEDEV_2026-02-27_G33,10110031DEDEV,2026-02-27,110339,1,4,0,152.0
10110031DEDEV_2026-02-27_G34,10110031DEDEV,2026-02-27,110542,1,4,0,180.0
10110031DEDEV_2026-02-27_G35,10110031DEDEV,2026-02-27,110747,2,12,8,488.0
10110031DEDEV_2026-02-27_G36,10110031DEDEV,2026-02-27,109643,1,10,0,812.0
10110031DEDEV_2026-02-27_G37,10110031DEDEV,2026-02-27,110745,1,1,0,275.0
10110031DEDEV_2026-02-27_G38,10110031DEDEV,2026-02-27,117842,1,2,0,514.0
10110031DEDEV_2026-02-27_G39,10110031DEDEV,2026-02-27,"141823, 118317",2,12,28,109.0
10110031DEDEV_2026-02-27_G40,10110031DEDEV,2026-02-27,117855,1,8,0,383.0
10110031DEDEV_2026-02-27_G41,10110031DEDEV,2026-02-27,117855,1,8,0,64.0
10110031DEDEV_2026-02-27_G42,10110031DEDEV,2026-02-27,110747,1,2,0,330.0
10110031DEDEV_2026-02-27_G43,10110031DEDEV,2026-02-27,110747,1,2,0,49.0
10110031DEDEV_2026-02-27_G44,10110031DEDEV,2026-02-27,111438,1,8,0,500.0
10110031DEDEV_2026-02-27_G45,10110031DEDEV,2026-02-27,140922,1,2,0,318.0
10110031DEDEV_2026-02-27_G46,10110031DEDEV,2026-02-27,140922,1,2,0,431.0
10110031DEDEV_2026-02-27_G47,10110031DEDEV,2026-02-27,110743,1,2,0,265.0
10110031DEDEV_2026-02-27_G48,10110031DEDEV,2026-02-27,117842,1,4,0,194.0
10110031DEDEV_2026-02-27_G49,10110031DEDEV,2026-02-27,111348,1,1,0,70.0
10110031DEDEV_2026-02-27_G50,10110031DEDEV,2026-02-27,108794,4,9,60,43.0
10110031DEDEV_2026-02-27_G51,10110031DEDEV,2026-02-27,117785,1,4,0,62.0
10110031DEDEV_2026-02-27_G52,10110031DEDEV,2026-02-27,117785,4,14,47,31.0
10110031DEDEV_2026-02-27_G54,10110031DEDEV,2026-02-27,117821,3,12,21,100.0
10110031DEDEV_2026-02-27_G55,10110031DEDEV,2026-02-27,111743,2,2,8,91.0
10110031DEDEV_2026-02-27_G56,10110031DEDEV,2026-02-27,108711,3,3,15,124.0
10110031DEDEV_2026-02-27_G57,10110031DEDEV,2026-02-27,108795,2,4,7,54.0
10110031DEDEV_2026-02-27_G58,10110031DEDEV,2026-02-27,111466,5,14,34,59.0
10110031DEDEV_2026-02-27_G59,10110031DEDEV,2026-02-27,142093,5,22,39,484.0
10110031DEDEV_2026-02-28_G02,10110031DEDEV,2026-02-28,141271,2,4,7,104.0
10110031DEDEV_2026-02-28_G03,10110031DEDEV,2026-02-28,109641,1,4,0,58.0
10110031DEDEV_2026-02-28_G04,10110031DEDEV,2026-02-28,117831,3,5,17,47.0
10110031DEDEV_2026-02-28_G05,10110031DEDEV,2026-02-28,111463,4,16,29,81.0
10110031DEDEV_2026-02-28_G06,10110031DEDEV,2026-02-28,111418,7,29,93,124.0
10110031DEDEV_2026-02-28_G07,10110031DEDEV,2026-02-28,141456,6,15,41,516.0
10110031DEDEV_2026-02-28_G08,10110031DEDEV,2026-02-28,108798,1,1,0,150.0
10110031DEDEV_2026-02-28_G09,10110031DEDEV,2026-02-28,117838,1,2,0,48.0
10110031DEDEV_2026-02-28_G10,10110031DEDEV,2026-02-28,111465,3,6,23,51.0
10110031DEDEV_2026-02-28_G11,10110031DEDEV,2026-02-28,109645,3,6,15,150.0
10110031DEDEV_2026-02-28_G12,10110031DEDEV,2026-02-28,111468,2,5,7,83.0
10110031DEDEV_2026-02-28_G13,10110031DEDEV,2026-02-28,141457,5,27,33,134.0
10110031DEDEV_2026-02-28_G14,10110031DEDEV,2026-02-28,117787,1,2,0,284.0
10110031DEDEV_2026-02-28_G15,10110031DEDEV,2026-02-28,110740,2,6,10,458.0
10110031DEDEV_2026-02-28_G16,10110031DEDEV,2026-02-28,141458,4,14,49,140.0
10110031DEDEV_2026-02-28_G17,10110031DEDEV,2026-02-28,107236,3,6,25,133.0
10110031DEDEV_2026-02-28_G18,10110031DEDEV,2026-02-28,110740,1,6,0,400.0
10110031DEDEV_2026-02-28_G19,10110031DEDEV,2026-02-28,118418,1,4,0,726.0
10110031DEDEV_2026-02-28_G20,10110031DEDEV,2026-02-28,118416,1,8,0,176.0
10110031DEDEV_2026-02-28_G21,10110031DEDEV,2026-02-28,118417,1,6,0,133.0
10110031DEDEV_2026-02-28_G22,10110031DEDEV,2026-02-28,117834,1,4,0,387.0
10110031DEDEV_2026-02-28_G23,10110031DEDEV,2026-02-28,109640,1,14,0,409.0
10110031DEDEV_2026-02-28_G24,10110031DEDEV,2026-02-28,109640,1,6,0,46.0
10110031DEDEV_2026-02-28_G25,10110031DEDEV,2026-02-28,110313,1,4,0,51.0
10110031DEDEV_2026-02-28_G26,10110031DEDEV,2026-02-28,110373,1,20,0,554.0
10110031DEDEV_2026-02-28_G27,10110031DEDEV,2026-02-28,110374,1,80,0,993.0
10110031DEDEV_2026-02-28_G28,10110031DEDEV,2026-02-28,117820,1,20,0,400.0
10110031DEDEV_2026-02-28_G29,10110031DEDEV,2026-02-28,117822,1,20,0,335.0
10110031DEDEV_2026-02-28_G30,10110031DEDEV,2026-02-28,110376,1,11,0,127.0
10110031DEDEV_2026-02-28_G31,10110031DEDEV,2026-02-28,117832,1,30,0,327.0
10110031DEDEV_2026-02-28_G32,10110031DEDEV,2026-02-28,110372,1,100,0,306.0
10110031DEDEV_2026-02-28_G33,10110031DEDEV,2026-02-28,110371,1,100,0,313.0
10110031DEDEV_2026-02-28_G34,10110031DEDEV,2026-02-28,110373,1,100,0,433.0
10110031DEDEV_2026-03-01_G02,10110031DEDEV,2026-03-01,110372,1,430,0,2013.0
10110031DEDEV_2026-03-01_G03,10110031DEDEV,2026-03-01,110371,1,19,0,393.0
10110031DEDEV_2026-03-01_G04,10110031DEDEV,2026-03-01,117808,1,778,0,415.0
10110031DEDEV_2026-03-03_G02,10110031DEDEV,2026-03-03,111723,1,8,0,524.0
10110031DEDEV_2026-03-03_G03,10110031DEDEV,2026-03-03,111634,1,12,0,189.0
10110031DEDEV_2026-03-03_G04,10110031DEDEV,2026-03-03,141262,1,20,0,546.0
10110031DEDEV_2026-03-03_G05,10110031DEDEV,2026-03-03,118191,1,30,0,308.0
10110031DEDEV_2026-03-03_G06,10110031DEDEV,2026-03-03,141155,1,8,0,1302.0
10110031DEDEV_2026-03-03_G07,10110031DEDEV,2026-03-03,111759,1,12,0,164.0
10110031DEDEV_2026-03-03_G08,10110031DEDEV,2026-03-03,111723,1,8,0,130.0
10110031DEDEV_2026-03-03_G09,10110031DEDEV,2026-03-03,118191,1,30,0,410.0
10110031DEDEV_2026-03-03_G10,10110031DEDEV,2026-03-03,111751,1,10,0,1533.0
10110031DEDEV_2026-03-03_G11,10110031DEDEV,2026-03-03,111634,1,10,0,131.0
10110031DEDEV_2026-03-03_G12,10110031DEDEV,2026-03-03,118191,1,10,0,317.0
10110031DEDEV_2026-03-03_G13,10110031DEDEV,2026-03-03,141155,1,8,0,168.0
10110031DEDEV_2026-03-03_G14,10110031DEDEV,2026-03-03,111759,1,12,0,208.0
10110031DEDEV_2026-03-03_G15,10110031DEDEV,2026-03-03,111723,1,8,0,230.0
10110031DEDEV_2026-03-03_G16,10110031DEDEV,2026-03-03,118191,1,10,0,544.0
10110031DEDEV_2026-03-03_G17,10110031DEDEV,2026-03-03,141140,1,8,0,596.0
10110031DEDEV_2026-03-03_G18,10110031DEDEV,2026-03-03,141155,1,8,0,209.0
10110031DEDEV_2026-03-03_G19,10110031DEDEV,2026-03-03,111759,1,12,0,347.0
10110031DEDEV_2026-03-03_G20,10110031DEDEV,2026-03-03,111723,1,8,0,111.0
10110031DEDEV_2026-03-03_G21,10110031DEDEV,2026-03-03,118191,1,30,0,446.0
10110031DEDEV_2026-03-03_G22,10110031DEDEV,2026-03-03,141141,3,28,38,190.0
10110031DEDEV_2026-03-03_G24,10110031DEDEV,2026-03-03,111759,1,12,0,142.0
10110031DEDEV_2026-03-03_G25,10110031DEDEV,2026-03-03,111723,1,8,0,240.0
10110031DEDEV_2026-03-04_G02,10110031DEDEV,2026-03-04,111634,1,12,0,566.0
10110031DEDEV_2026-03-04_G03,10110031DEDEV,2026-03-04,141141,1,8,0,127.0
10110031DEDEV_2026-03-04_G04,10110031DEDEV,2026-03-04,141155,1,8,0,139.0
10110031DEDEV_2026-03-04_G05,10110031DEDEV,2026-03-04,111759,1,12,0,308.0
10110031DEDEV_2026-03-04_G06,10110031DEDEV,2026-03-04,111723,1,8,0,246.0
10110031DEDEV_2026-03-04_G07,10110031DEDEV,2026-03-04,118191,1,40,0,240.0
10110031DEDEV_2026-03-04_G08,10110031DEDEV,2026-03-04,111634,1,12,0,674.0
10110031DEDEV_2026-03-04_G09,10110031DEDEV,2026-03-04,111751,1,10,0,84.0
10110031DEDEV_2026-03-04_G10,10110031DEDEV,2026-03-04,118191,1,20,0,185.0
10110031DEDEV_2026-03-04_G11,10110031DEDEV,2026-03-04,141140,1,10,0,415.0
10110031DEDEV_2026-03-04_G12,10110031DEDEV,2026-03-04,111742,1,8,0,223.0
10110031DEDEV_2026-03-04_G13,10110031DEDEV,2026-03-04,141155,1,8,0,130.0
10110031DEDEV_2026-03-04_G14,10110031DEDEV,2026-03-04,111759,1,12,0,130.0
10110031DEDEV_2026-03-04_G15,10110031DEDEV,2026-03-04,111723,1,8,0,168.0
10110031DEDEV_2026-03-04_G16,10110031DEDEV,2026-03-04,141141,1,12,0,456.0
10110031DEDEV_2026-03-04_G17,10110031DEDEV,2026-03-04,111742,1,10,0,137.0
10110031DEDEV_2026-03-04_G18,10110031DEDEV,2026-03-04,141155,1,8,0,235.0
10110031DEDEV_2026-03-04_G19,10110031DEDEV,2026-03-04,111723,1,8,0,106.0
10110031DEDEV_2026-03-04_G20,10110031DEDEV,2026-03-04,140922,1,70,0,1732.0
10110031DEDEV_2026-03-04_G21,10110031DEDEV,2026-03-04,108711,1,90,0,595.0
10110031DEDEV_2026-03-04_G22,10110031DEDEV,2026-03-04,111465,1,61,0,888.0
10110031DEDEV_2026-03-04_G23,10110031DEDEV,2026-03-04,118140,1,20,0,97.0
10110031DEDEV_2026-03-04_G25,10110031DEDEV,2026-03-04,141271,1,2,0,424.0
10110031DEDEV_2026-03-04_G26,10110031DEDEV,2026-03-04,117831,1,4,0,68.0
10110031DEDEV_2026-03-04_G27,10110031DEDEV,2026-03-04,109645,1,2,0,80.0
10110031DEDEV_2026-03-04_G28,10110031DEDEV,2026-03-04,110373,1,20,0,160.0
10110031DEDEV_2026-03-04_G29,10110031DEDEV,2026-03-04,111602,1,304,0,1876.0
10110031DEDEV_2026-03-04_G30,10110031DEDEV,2026-03-04,109649,1,188,0,534.0
10110031DEDEV_2026-03-04_G31,10110031DEDEV,2026-03-04,141047,1,96,0,1982.0
10110031DEDEV_2026-03-04_G32,10110031DEDEV,2026-03-04,111602,1,12,0,194.0
10110031DEDEV_2026-03-04_G33,10110031DEDEV,2026-03-04,110339,1,219,0,892.0
10110031DEDEV_2026-03-04_G35,10110031DEDEV,2026-03-04,118418,1,4,0,321.0
10110031DEDEV_2026-03-04_G36,10110031DEDEV,2026-03-04,117834,1,4,0,237.0
10110031DEDEV_2026-03-04_G37,10110031DEDEV,2026-03-04,115234,1,3,0,117.0
10110031DEDEV_2026-03-04_G38,10110031DEDEV,2026-03-04,118290,1,7,0,487.0
10110031DEDEV_2026-03-04_G39,10110031DEDEV,2026-03-04,115821,1,2,0,96.0
10110031DEDEV_2026-03-04_G40,10110031DEDEV,2026-03-04,118253,1,10,0,588.0
10110031DEDEV_2026-03-04_G41,10110031DEDEV,2026-03-04,110714,1,1,0,146.0
10110031DEDEV_2026-03-05_G02,10110031DEDEV,2026-03-05,111655,1,3,0,84.0
10110031DEDEV_2026-03-05_G03,10110031DEDEV,2026-03-05,141916,1,17,0,350.0
10110031DEDEV_2026-03-05_G04,10110031DEDEV,2026-03-05,141318,1,6,0,211.0
10110031DEDEV_2026-03-05_G05,10110031DEDEV,2026-03-05,110742,1,8,0,480.0
10110031DEDEV_2026-03-05_G06,10110031DEDEV,2026-03-05,105167,1,1,0,250.0
10110031DEDEV_2026-03-05_G07,10110031DEDEV,2026-03-05,142045,1,20,0,521.0
10110031DEDEV_2026-03-05_G08,10110031DEDEV,2026-03-05,140911,1,30,0,458.0
10110031DEDEV_2026-03-05_G09,10110031DEDEV,2026-03-05,108361,1,12,0,341.0
10110031DEDEV_2026-03-05_G10,10110031DEDEV,2026-03-05,117861,1,4,0,121.0
10110031DEDEV_2026-03-05_G11,10110031DEDEV,2026-03-05,110063,1,1,0,134.0
10110031DEDEV_2026-03-05_G12,10110031DEDEV,2026-03-05,117854,1,6,0,110.0
10110031DEDEV_2026-03-05_G13,10110031DEDEV,2026-03-05,141166,1,20,0,216.0
10110031DEDEV_2026-03-05_G14,10110031DEDEV,2026-03-05,110747,2,4,8,440.0
10110031DEDEV_2026-03-05_G15,10110031DEDEV,2026-03-05,111330,1,4,0,659.0
10110031DEDEV_2026-03-05_G16,10110031DEDEV,2026-03-05,111418,1,3,0,310.0
10110031DEDEV_2026-03-05_G17,10110031DEDEV,2026-03-05,110372,1,12,0,511.0
10110031DEDEV_2026-03-05_G18,10110031DEDEV,2026-03-05,140922,1,4,0,226.0
10110031DEDEV_2026-03-05_G19,10110031DEDEV,2026-03-05,111466,1,6,0,156.0
10110031DEDEV_2026-03-05_G20,10110031DEDEV,2026-03-05,117831,1,4,0,995.0
10110031DEDEV_2026-03-05_G21,10110031DEDEV,2026-03-05,107629,1,6,0,144.0
10110031DEDEV_2026-03-05_G22,10110031DEDEV,2026-03-05,110374,1,4,0,115.0
10110031DEDEV_2026-03-05_G23,10110031DEDEV,2026-03-05,140922,1,4,0,63.0
10110031DEDEV_2026-03-05_G24,10110031DEDEV,2026-03-05,117785,1,4,0,58.0
10110031DEDEV_2026-03-05_G25,10110031DEDEV,2026-03-05,110313,1,3,0,86.0
10110031DEDEV_2026-03-05_G26,10110031DEDEV,2026-03-05,110741,1,4,0,122.0
10110031DEDEV_2026-03-05_G27,10110031DEDEV,2026-03-05,118094,1,6,0,104.0
10110031DEDEV_2026-03-05_G28,10110031DEDEV,2026-03-05,141166,1,5,0,184.0
10110031DEDEV_2026-03-05_G29,10110031DEDEV,2026-03-05,141318,1,4,0,125.0
10110031DEDEV_2026-03-05_G30,10110031DEDEV,2026-03-05,111418,1,17,0,622.0
10110031DEDEV_2026-03-05_G31,10110031DEDEV,2026-03-05,141202,1,8,0,178.0
10110031DEDEV_2026-03-05_G32,10110031DEDEV,2026-03-05,117808,1,20,0,186.0
10110031DEDEV_2026-03-05_G33,10110031DEDEV,2026-03-05,117832,1,3,0,151.0
10110031DEDEV_2026-03-05_G34,10110031DEDEV,2026-03-05,110372,1,6,0,129.0
10110031DEDEV_2026-03-05_G35,10110031DEDEV,2026-03-05,117830,1,3,0,185.0
10110031DEDEV_2026-03-05_G36,10110031DEDEV,2026-03-05,110733,2,10,18,704.0
10110031DEDEV_2026-03-05_G38,10110031DEDEV,2026-03-05,141202,1,80,0,410.0
10110031DEDEV_2026-03-05_G39,10110031DEDEV,2026-03-05,110375,1,90,0,483.0
10110031DEDEV_2026-03-05_G40,10110031DEDEV,2026-03-05,117821,1,80,0,307.0
10110031DEDEV_2026-03-05_G41,10110031DEDEV,2026-03-05,141458,1,70,0,470.0
10110031DEDEV_2026-03-05_G42,10110031DEDEV,2026-03-05,111467,1,110,0,631.0
10110031DEDEV_2026-03-05_G43,10110031DEDEV,2026-03-05,140911,1,4,0,858.0
10110031DEDEV_2026-03-05_G44,10110031DEDEV,2026-03-05,110733,1,5,0,164.0
10110031DEDEV_2026-03-05_G45,10110031DEDEV,2026-03-05,105705,1,6,0,819.0
10110031DEDEV_2026-03-05_G46,10110031DEDEV,2026-03-05,105705,1,2,0,61.0
10110031DEDEV_2026-03-05_G47,10110031DEDEV,2026-03-05,110373,1,4,0,125.0
10110031DEDEV_2026-03-05_G48,10110031DEDEV,2026-03-05,110787,1,40,0,847.0
10110031DEDEV_2026-03-05_G49,10110031DEDEV,2026-03-05,110373,1,12,0,218.0
10110031DEDEV_2026-03-05_G50,10110031DEDEV,2026-03-05,140922,1,20,0,1267.0
10110031DEDEV_2026-03-05_G51,10110031DEDEV,2026-03-05,117842,1,4,0,63.0
10110031DEDEV_2026-03-05_G52,10110031DEDEV,2026-03-05,117821,1,12,0,125.0
10110031DEDEV_2026-03-05_G53,10110031DEDEV,2026-03-05,111743,1,12,0,120.0
10110031DEDEV_2026-03-05_G54,10110031DEDEV,2026-03-05,109641,1,8,0,142.0
10110031DEDEV_2026-03-05_G55,10110031DEDEV,2026-03-05,111442,1,8,0,92.0
10110031DEDEV_2026-03-05_G56,10110031DEDEV,2026-03-05,111465,1,8,0,104.0
10110031DEDEV_2026-03-05_G57,10110031DEDEV,2026-03-05,111468,1,4,0,51.0
10110031DEDEV_2026-03-05_G58,10110031DEDEV,2026-03-05,117809,1,10,0,263.0
10110031DEDEV_2026-03-05_G59,10110031DEDEV,2026-03-05,110325,1,20,0,186.0
10110031DEDEV_2026-03-05_G60,10110031DEDEV,2026-03-05,110371,1,20,0,324.0
10110031DEDEV_2026-03-06_G02,10110031DEDEV,2026-03-06,111462,1,30,0,374.0
10110031DEDEV_2026-03-06_G03,10110031DEDEV,2026-03-06,117831,1,50,0,505.0
10110031DEDEV_2026-03-06_G04,10110031DEDEV,2026-03-06,111463,1,150,0,704.0
10110031DEDEV_2026-03-06_G05,10110031DEDEV,2026-03-06,110740,1,36,0,381.0
10110031DEDEV_2026-03-06_G06,10110031DEDEV,2026-03-06,111469,1,84,0,407.0
10110031DEDEV_2026-03-06_G07,10110031DEDEV,2026-03-06,117830,1,200,0,640.0
10110031DEDEV_2026-03-06_G08,10110031DEDEV,2026-03-06,110373,1,80,0,239.0
10110031DEDEV_2026-03-06_G09,10110031DEDEV,2026-03-06,116241,1,30,0,640.0
10110031DEDEV_2026-03-06_G10,10110031DEDEV,2026-03-06,110755,1,24,0,1006.0
10110031DEDEV_2026-03-06_G11,10110031DEDEV,2026-03-06,117861,1,12,0,3200.0
10110031DEDEV_2026-03-06_G12,10110031DEDEV,2026-03-06,108794,1,6,0,131.0
10110031DEDEV_2026-03-06_G13,10110031DEDEV,2026-03-06,110376,1,6,0,113.0
10110031DEDEV_2026-03-06_G14,10110031DEDEV,2026-03-06,111532,1,1,0,288.0
10110031DEDEV_2026-03-06_G15,10110031DEDEV,2026-03-06,140911,1,4,0,210.0
10110031DEDEV_2026-03-06_G16,10110031DEDEV,2026-03-06,107629,1,8,0,507.0
10110031DEDEV_2026-03-06_G17,10110031DEDEV,2026-03-06,111469,1,12,0,221.0
10110031DEDEV_2026-03-06_G18,10110031DEDEV,2026-03-06,110372,1,2,0,318.0
10110031DEDEV_2026-03-06_G19,10110031DEDEV,2026-03-06,140923,1,4,0,91.0
10110031DEDEV_2026-03-06_G20,10110031DEDEV,2026-03-06,109649,1,2,0,68.0
10110031DEDEV_2026-03-06_G21,10110031DEDEV,2026-03-06,111532,1,2,0,349.0
10110031DEDEV_2026-03-06_G23,10110031DEDEV,2026-03-06,117820,1,26,0,132.0
10110031DEDEV_2026-03-06_G24,10110031DEDEV,2026-03-06,110325,1,4,0,67.0
10110031DEDEV_2026-03-06_G25,10110031DEDEV,2026-03-06,110373,1,13,0,168.0
10110031DEDEV_2026-03-06_G26,10110031DEDEV,2026-03-06,111532,1,8,0,145.0
10110031DEDEV_2026-03-06_G27,10110031DEDEV,2026-03-06,111532,1,12,0,275.0
10110031DEDEV_2026-03-06_G28,10110031DEDEV,2026-03-06,142093,1,8,0,125.0
10110031DEDEV_2026-03-06_G29,10110031DEDEV,2026-03-06,111462,1,8,0,507.0
10110031DEDEV_2026-03-06_G30,10110031DEDEV,2026-03-06,111463,1,5,0,137.0
10110031DEDEV_2026-03-06_G31,10110031DEDEV,2026-03-06,111442,1,8,0,83.0
10110031DEDEV_2026-03-06_G32,10110031DEDEV,2026-03-06,111469,1,8,0,126.0
10110031DEDEV_2026-03-06_G33,10110031DEDEV,2026-03-06,107629,1,4,0,264.0
10110031DEDEV_2026-03-06_G34,10110031DEDEV,2026-03-06,117862,1,8,0,134.0
10110031DEDEV_2026-03-06_G35,10110031DEDEV,2026-03-06,141047,1,4,0,206.0
10110031DEDEV_2026-03-06_G36,10110031DEDEV,2026-03-06,117861,1,4,0,49.0
10110031DEDEV_2026-03-06_G37,10110031DEDEV,2026-03-06,111467,1,4,0,90.0
10110031DEDEV_2026-03-06_G38,10110031DEDEV,2026-03-06,117855,1,2,0,36.0
10110031DEDEV_2026-03-06_G39,10110031DEDEV,2026-03-06,111569,1,4,0,162.0
10110031DEDEV_2026-03-06_G40,10110031DEDEV,2026-03-06,110895,1,2,0,106.0
10110031DEDEV_2026-03-06_G41,10110031DEDEV,2026-03-06,140922,2,8,13,321.0
10110031DEDEV_2026-03-06_G42,10110031DEDEV,2026-03-06,111532,2,11,22,143.0
10110031DEDEV_2026-03-06_G43,10110031DEDEV,2026-03-06,117785,1,4,0,105.0
10110031DEDEV_2026-03-06_G44,10110031DEDEV,2026-03-06,111330,1,6,0,195.0
10110031DEDEV_2026-03-06_G45,10110031DEDEV,2026-03-06,108711,2,3,8,64.0
10110031DEDEV_2026-03-06_G46,10110031DEDEV,2026-03-06,108795,1,6,0,81.0
10110031DEDEV_2026-03-06_G47,10110031DEDEV,2026-03-06,111466,1,4,0,59.0
10110031DEDEV_2026-03-06_G48,10110031DEDEV,2026-03-06,142093,1,8,0,82.0
10110031DEDEV_2026-03-06_G49,10110031DEDEV,2026-03-06,111462,2,8,10,75.0
10110031DEDEV_2026-03-06_G50,10110031DEDEV,2026-03-06,142080,1,4,0,33.0
10110031DEDEV_2026-03-06_G51,10110031DEDEV,2026-03-06,142080,1,2,0,155.0
10110031DEDEV_2026-03-06_G52,10110031DEDEV,2026-03-06,142080,1,4,0,45.0
10110031DEDEV_2026-03-06_G53,10110031DEDEV,2026-03-06,117831,2,5,10,271.0
10110031DEDEV_2026-03-06_G54,10110031DEDEV,2026-03-06,111463,1,4,0,84.0
10110031DEDEV_2026-03-06_G55,10110031DEDEV,2026-03-06,111442,1,4,0,62.0
10110031DEDEV_2026-03-06_G56,10110031DEDEV,2026-03-06,"108798, 111418",2,13,29,122.0
10110031DEDEV_2026-03-06_G57,10110031DEDEV,2026-03-06,111465,1,2,0,44.0
10110031DEDEV_2026-03-06_G58,10110031DEDEV,2026-03-06,141457,1,6,0,164.0
10110031DEDEV_2026-03-06_G59,10110031DEDEV,2026-03-06,105705,1,4,0,106.0
10110031DEDEV_2026-03-06_G60,10110031DEDEV,2026-03-06,111469,1,6,0,70.0
10110031DEDEV_2026-03-06_G61,10110031DEDEV,2026-03-06,141458,1,4,0,73.0
10110031DEDEV_2026-03-06_G62,10110031DEDEV,2026-03-06,140922,1,4,0,510.0
10110031DEDEV_2026-03-06_G63,10110031DEDEV,2026-03-06,110748,1,4,0,1404.0
10110031DEDEV_2026-03-06_G64,10110031DEDEV,2026-03-06,111532,1,6,0,312.0
10110031DEDEV_2026-03-06_G65,10110031DEDEV,2026-03-06,117785,1,3,0,55.0
10110031DEDEV_2026-03-06_G66,10110031DEDEV,2026-03-06,110374,1,2,0,52.0
10110031DEDEV_2026-03-06_G67,10110031DEDEV,2026-03-06,117809,1,2,0,39.0
10110031DEDEV_2026-03-06_G68,10110031DEDEV,2026-03-06,117820,3,24,24,109.0
10110031DEDEV_2026-03-06_G69,10110031DEDEV,2026-03-06,117820,1,6,0,273.0
10110031DEDEV_2026-03-06_G70,10110031DEDEV,2026-03-06,110325,3,10,22,74.0
10110031DEDEV_2026-03-06_G71,10110031DEDEV,2026-03-06,110371,4,23,38,228.0
10110031DEDEV_2026-03-06_G73,10110031DEDEV,2026-03-06,110373,1,2,0,43.0
10110031DEDEV_2026-03-06_G74,10110031DEDEV,2026-03-06,110372,1,6,0,71.0
10110031DEDEV_2026-03-06_G75,10110031DEDEV,2026-03-06,110372,1,12,0,63.0
10110031DEDEV_2026-03-06_G76,10110031DEDEV,2026-03-06,110372,1,8,0,41.0
10110031DEDEV_2026-03-06_G77,10110031DEDEV,2026-03-06,110372,7,64,78,50.0
10110031DEDEV_2026-03-06_G78,10110031DEDEV,2026-03-06,117808,7,49,81,89.0
10110031DEDEV_2026-03-06_G79,10110031DEDEV,2026-03-06,117832,1,3,0,57.0
10110031DEDEV_2026-03-06_G80,10110031DEDEV,2026-03-06,118299,2,20,11,63.0
10110031DEDEV_2026-03-06_G81,10110031DEDEV,2026-03-06,117830,1,2,0,317.0
10110031DEDEV_2026-03-07_G02,10110031DEDEV,2026-03-07,140923,2,20,12,453.0
10110031DEDEV_2026-03-07_G03,10110031DEDEV,2026-03-07,110741,2,20,16,412.0
10110031DEDEV_2026-03-07_G04,10110031DEDEV,2026-03-07,118094,1,4,0,346.0
10110031DEDEV_2026-03-07_G05,10110031DEDEV,2026-03-07,110581,1,1,0,97.0
10110031DEDEV_2026-03-07_G06,10110031DEDEV,2026-03-07,117862,1,4,0,64.0
10110031DEDEV_2026-03-07_G07,10110031DEDEV,2026-03-07,117855,4,20,40,65.0
10110031DEDEV_2026-03-07_G08,10110031DEDEV,2026-03-07,140923,6,56,82,134.0
10110031DEDEV_2026-03-07_G09,10110031DEDEV,2026-03-07,117862,1,2,0,129.0
10110031DEDEV_2026-03-07_G10,10110031DEDEV,2026-03-07,118298,1,2,0,140.0
10110031DEDEV_2026-03-07_G11,10110031DEDEV,2026-03-07,111879,2,4,23,105.0
10110031DEDEV_2026-03-07_G12,10110031DEDEV,2026-03-07,111879,1,2,0,35.0
10110031DEDEV_2026-03-07_G13,10110031DEDEV,2026-03-07,110733,6,14,45,49.0
10110031DEDEV_2026-03-07_G14,10110031DEDEV,2026-03-07,141352,4,8,44,162.0
10110031DEDEV_2026-03-07_G15,10110031DEDEV,2026-03-07,110339,1,10,0,914.0
10110031DEDEV_2026-03-07_G16,10110031DEDEV,2026-03-07,111467,4,9,31,142.0
10110031DEDEV_2026-03-07_G17,10110031DEDEV,2026-03-07,117797,1,4,0,475.0
10110031DEDEV_2026-03-07_G18,10110031DEDEV,2026-03-07,110374,1,4,0,1821.0
10110031DEDEV_2026-03-07_G19,10110031DEDEV,2026-03-07,117820,1,13,0,92.0
10110031DEDEV_2026-03-07_G20,10110031DEDEV,2026-03-07,140922,1,3,0,131.0
10110031DEDEV_2026-03-07_G21,10110031DEDEV,2026-03-07,142093,1,16,0,174.0
10110031DEDEV_2026-03-07_G22,10110031DEDEV,2026-03-07,141456,1,3,0,261.0
10110031DEDEV_2026-03-07_G23,10110031DEDEV,2026-03-07,109645,1,4,0,50.0
10110031DEDEV_2026-03-07_G24,10110031DEDEV,2026-03-07,117830,1,4,0,95.0
10110031DEDEV_2026-03-07_G25,10110031DEDEV,2026-03-07,117856,1,1,0,156.0
10110031DEDEV_2026-03-07_G26,10110031DEDEV,2026-03-07,110371,1,1,0,323.0
10110031DEDEV_2026-03-07_G27,10110031DEDEV,2026-03-07,111462,1,8,0,173.0
10110031DEDEV_2026-03-07_G28,10110031DEDEV,2026-03-07,111743,1,2,0,121.0
10110031DEDEV_2026-03-07_G29,10110031DEDEV,2026-03-07,109643,1,10,0,182.0
10110031DEDEV_2026-03-07_G30,10110031DEDEV,2026-03-07,118299,1,2,0,162.0
10110031DEDEV_2026-03-07_G31,10110031DEDEV,2026-03-07,117830,1,46,0,431.0
10110031DEDEV_2026-03-07_G32,10110031DEDEV,2026-03-07,117808,1,103,0,972.0
10110031DEDEV_2026-03-08_G02,10110031DEDEV,2026-03-08,140923,1,8,0,106.0
10110031DEDEV_2026-03-08_G03,10110031DEDEV,2026-03-08,140923,1,12,0,165.0
10110031DEDEV_2026-03-08_G04,10110031DEDEV,2026-03-08,118094,1,2,0,224.0
10110031DEDEV_2026-03-08_G05,10110031DEDEV,2026-03-08,107629,1,4,0,122.0
10110031DEDEV_2026-03-08_G06,10110031DEDEV,2026-03-08,117862,1,4,0,79.0
10110031DEDEV_2026-03-08_G07,10110031DEDEV,2026-03-08,111876,1,2,0,78.0
10110031DEDEV_2026-03-08_G08,10110031DEDEV,2026-03-08,117856,1,4,0,164.0
10110031DEDEV_2026-03-08_G09,10110031DEDEV,2026-03-08,117856,1,8,0,81.0
10110031DEDEV_2026-03-08_G10,10110031DEDEV,2026-03-08,117856,1,10,0,73.0
10110031DEDEV_2026-03-08_G11,10110031DEDEV,2026-03-08,117856,1,12,0,394.0
10110031DEDEV_2026-03-08_G12,10110031DEDEV,2026-03-08,110733,1,3,0,86.0
10110031DEDEV_2026-03-08_G13,10110031DEDEV,2026-03-08,108361,1,2,0,56.0
10110031DEDEV_2026-03-08_G14,10110031DEDEV,2026-03-08,110339,2,9,7,49.0
10110031DEDEV_2026-03-08_G15,10110031DEDEV,2026-03-08,111467,3,13,15,132.0
10110031DEDEV_2026-03-08_G16,10110031DEDEV,2026-03-08,140922,1,5,0,184.0
10110031DEDEV_2026-03-08_G17,10110031DEDEV,2026-03-08,111532,1,2,0,103.0
10110031DEDEV_2026-03-08_G18,10110031DEDEV,2026-03-08,118223,2,10,8,77.0
10110031DEDEV_2026-03-08_G19,10110031DEDEV,2026-03-08,111468,2,3,9,62.0
10110031DEDEV_2026-03-08_G20,10110031DEDEV,2026-03-08,109645,2,3,9,58.0
10110031DEDEV_2026-03-08_G21,10110031DEDEV,2026-03-08,141457,2,8,9,88.0
10110031DEDEV_2026-03-08_G22,10110031DEDEV,2026-03-08,110740,3,8,20,86.0
10110031DEDEV_2026-03-08_G23,10110031DEDEV,2026-03-08,117838,1,4,0,340.0
10110031DEDEV_2026-03-08_G24,10110031DEDEV,2026-03-08,111465,1,5,0,51.0
10110031DEDEV_2026-03-08_G25,10110031DEDEV,2026-03-08,141823,3,12,25,77.0
10110031DEDEV_2026-03-08_G26,10110031DEDEV,2026-03-08,105705,2,4,8,89.0
10110031DEDEV_2026-03-08_G27,10110031DEDEV,2026-03-08,141458,1,2,0,75.0
10110031DEDEV_2026-03-08_G28,10110031DEDEV,2026-03-08,111793,1,3,0,146.0
10110031DEDEV_2026-03-09_G02,10110031DEDEV,2026-03-09,109643,1,131,0,464.0
10110031DEDEV_2026-03-09_G03,10110031DEDEV,2026-03-09,109643,1,84,0,587.0
10110031DEDEV_2026-03-09_G04,10110031DEDEV,2026-03-09,117788,1,8,0,679.0
10110031DEDEV_2026-03-09_G05,10110031DEDEV,2026-03-09,108361,1,6,0,366.0
10110031DEDEV_2026-03-09_G06,10110031DEDEV,2026-03-09,118289,1,2,0,347.0
10110031DEDEV_2026-03-09_G07,10110031DEDEV,2026-03-09,110733,1,80,0,637.0
10110031DEDEV_2026-03-09_G08,10110031DEDEV,2026-03-09,140922,1,12,0,769.0
10110031DEDEV_2026-03-09_G09,10110031DEDEV,2026-03-09,111348,1,1,0,312.0
10110031DEDEV_2026-03-09_G10,10110031DEDEV,2026-03-09,111743,1,4,0,190.0
10110031DEDEV_2026-03-09_G11,10110031DEDEV,2026-03-09,111462,1,9,0,131.0
10110031DEDEV_2026-03-09_G12,10110031DEDEV,2026-03-09,117831,1,6,0,210.0
10110031DEDEV_2026-03-09_G13,10110031DEDEV,2026-03-09,141823,1,4,0,322.0
10110031DEDEV_2026-03-09_G14,10110031DEDEV,2026-03-09,141458,1,4,0,128.0
10110031DEDEV_2026-03-09_G15,10110031DEDEV,2026-03-09,111418,1,37,0,403.0
10110031DEDEV_2026-03-09_G16,10110031DEDEV,2026-03-09,141457,1,6,0,185.0
10110031DEDEV_2026-03-09_G17,10110031DEDEV,2026-03-09,117820,1,18,0,1453.0
10110031DEDEV_2026-03-09_G18,10110031DEDEV,2026-03-09,110325,1,4,0,182.0
10110031DEDEV_2026-03-09_G19,10110031DEDEV,2026-03-09,117840,1,3,0,97.0
10110031DEDEV_2026-03-09_G20,10110031DEDEV,2026-03-09,109643,1,4,0,221.0
10110031DEDEV_2026-03-09_G21,10110031DEDEV,2026-03-09,110375,1,2,0,217.0
10110031DEDEV_2026-03-09_G22,10110031DEDEV,2026-03-09,117832,1,2,0,90.0
10110031DEDEV_2026-03-09_G23,10110031DEDEV,2026-03-09,118299,2,11,8,220.0
10110031DEDEV_2026-03-09_G24,10110031DEDEV,2026-03-09,117830,1,2,0,120.0
10110031DEDEV_2026-03-09_G25,10110031DEDEV,2026-03-09,110374,1,2,0,189.0
10110031DEDEV_2026-03-09_G26,10110031DEDEV,2026-03-09,110372,1,69,0,685.0
10110031DEDEV_2026-03-09_G27,10110031DEDEV,2026-03-09,117808,1,23,0,332.0
10110031DEDEV_2026-03-09_G28,10110031DEDEV,2026-03-09,117786,1,6,0,467.0
10110031DEDEV_2026-03-09_G29,10110031DEDEV,2026-03-09,"111467, 110733",2,8,19,579.0
10110031DEDEV_2026-03-09_G30,10110031DEDEV,2026-03-09,141047,1,4,0,333.0
10110031DEDEV_2026-03-09_G32,10110031DEDEV,2026-03-09,109643,1,4,0,34.0
10110031DEDEV_2026-03-09_G33,10110031DEDEV,2026-03-09,110373,1,20,0,129.0
10110031DEDEV_2026-03-09_G34,10110031DEDEV,2026-03-09,117832,1,16,0,103.0
10110031DEDEV_2026-03-09_G35,10110031DEDEV,2026-03-09,140922,3,14,18,408.0
10110031DEDEV_2026-03-09_G36,10110031DEDEV,2026-03-09,108794,1,4,0,97.0
10110031DEDEV_2026-03-09_G37,10110031DEDEV,2026-03-09,111532,1,4,0,59.0
10110031DEDEV_2026-03-09_G38,10110031DEDEV,2026-03-09,117785,3,16,19,57.0
10110031DEDEV_2026-03-09_G39,10110031DEDEV,2026-03-09,110751,1,4,0,111.0
10110031DEDEV_2026-03-09_G40,10110031DEDEV,2026-03-09,111743,2,12,9,63.0
10110031DEDEV_2026-03-09_G41,10110031DEDEV,2026-03-09,117809,1,2,0,107.0
10110031DEDEV_2026-03-09_G42,10110031DEDEV,2026-03-09,117820,1,20,0,164.0
10110031DEDEV_2026-03-09_G43,10110031DEDEV,2026-03-09,117820,1,20,0,129.0
10110031DEDEV_2026-03-09_G44,10110031DEDEV,2026-03-09,110325,1,4,0,531.0
10110031DEDEV_2026-03-09_G45,10110031DEDEV,2026-03-09,142093,2,17,7,119.0
10110031DEDEV_2026-03-09_G46,10110031DEDEV,2026-03-09,111462,2,14,7,93.0
10110031DEDEV_2026-03-09_G47,10110031DEDEV,2026-03-09,111463,2,6,7,163.0
10110031DEDEV_2026-03-09_G48,10110031DEDEV,2026-03-09,111442,1,8,0,41.0
10110031DEDEV_2026-03-09_G49,10110031DEDEV,2026-03-09,110371,1,10,0,85.0
10110031DEDEV_2026-03-09_G50,10110031DEDEV,2026-03-09,109643,1,10,0,148.0
10110031DEDEV_2026-03-09_G51,10110031DEDEV,2026-03-09,110373,3,34,22,325.0
10110031DEDEV_2026-03-09_G52,10110031DEDEV,2026-03-09,118299,3,43,28,133.0
10110031DEDEV_2026-03-09_G53,10110031DEDEV,2026-03-09,141456,3,10,17,170.0
10110031DEDEV_2026-03-09_G54,10110031DEDEV,2026-03-09,111418,3,73,25,59.0
10110031DEDEV_2026-03-09_G55,10110031DEDEV,2026-03-09,109645,1,10,0,139.0
10110031DEDEV_2026-03-09_G56,10110031DEDEV,2026-03-09,110740,2,18,10,62.0
10110031DEDEV_2026-03-09_G57,10110031DEDEV,2026-03-09,141823,1,4,0,187.0
10110031DEDEV_2026-03-09_G58,10110031DEDEV,2026-03-09,109643,1,2,0,103.0
10110031DEDEV_2026-03-09_G59,10110031DEDEV,2026-03-09,117808,1,39,0,936.0
10110031DEDEV_2026-03-09_G60,10110031DEDEV,2026-03-09,105705,1,4,0,209.0
10110031DEDEV_2026-03-09_G61,10110031DEDEV,2026-03-09,110372,5,76,57,256.0
10110031DEDEV_2026-03-09_G62,10110031DEDEV,2026-03-09,110374,1,36,0,538.0
10110031DEDEV_2026-03-09_G63,10110031DEDEV,2026-03-09,111469,1,8,0,711.0
10110031DEDEV_2026-03-09_G64,10110031DEDEV,2026-03-09,111469,2,14,8,71.0
10110031DEDEV_2026-03-09_G65,10110031DEDEV,2026-03-09,141458,1,6,0,76.0
10110031DEDEV_2026-03-09_G66,10110031DEDEV,2026-03-09,110747,2,22,12,416.0
10110031DEDEV_2026-03-09_G67,10110031DEDEV,2026-03-09,110895,1,3,0,100.0
10110031DEDEV_2026-03-09_G68,10110031DEDEV,2026-03-09,117834,1,2,0,51.0
10110031DEDEV_2026-03-09_G69,10110031DEDEV,2026-03-09,100334,1,4,0,164.0
10110031DEDEV_2026-03-09_G70,10110031DEDEV,2026-03-09,111569,1,8,0,88.0
10110031DEDEV_2026-03-09_G71,10110031DEDEV,2026-03-09,110755,1,4,0,240.0
10110031DEDEV_2026-03-09_G72,10110031DEDEV,2026-03-09,111655,1,4,0,95.0
10110031DEDEV_2026-03-09_G73,10110031DEDEV,2026-03-09,141916,1,3,0,39.0
10110031DEDEV_2026-03-10_G02,10110031DEDEV,2026-03-10,116527,1,2,0,650.0
10110031DEDEV_2026-03-10_G03,10110031DEDEV,2026-03-10,109933,1,4,0,208.0
10110031DEDEV_2026-03-10_G04,10110031DEDEV,2026-03-10,117820,1,6,0,74.0
10110031DEDEV_2026-03-10_G05,10110031DEDEV,2026-03-10,117820,1,30,0,31.0
10110031DEDEV_2026-03-10_G06,10110031DEDEV,2026-03-10,110376,1,7,0,125.0
10110031DEDEV_2026-03-10_G07,10110031DEDEV,2026-03-10,110374,1,4,0,236.0
10110031DEDEV_2026-03-10_G08,10110031DEDEV,2026-03-10,118299,1,50,0,714.0
10110031DEDEV_2026-03-10_G09,10110031DEDEV,2026-03-10,117808,1,50,0,1216.0
10110031DEDEV_2026-03-10_G10,10110031DEDEV,2026-03-10,111463,1,328,0,2091.0
10110031DEDEV_2026-03-10_G11,10110031DEDEV,2026-03-10,111418,1,450,0,1317.0
10110031DEDEV_2026-03-10_G12,10110031DEDEV,2026-03-10,111468,1,28,0,461.0
10110031DEDEV_2026-03-10_G13,10110031DEDEV,2026-03-10,111433,1,32,0,420.0
10110031DEDEV_2026-03-10_G14,10110031DEDEV,2026-03-10,111569,1,8,0,2164.0
10110031DEDEV_2026-03-10_G15,10110031DEDEV,2026-03-10,118306,1,8,0,103.0
10110031DEDEV_2026-03-10_G16,10110031DEDEV,2026-03-10,117808,1,4,0,89.0
10110031DEDEV_2026-03-10_G17,10110031DEDEV,2026-03-10,117820,1,34,0,48.0
10110031DEDEV_2026-03-10_G18,10110031DEDEV,2026-03-10,110373,1,8,0,175.0
10110031DEDEV_2026-03-10_G19,10110031DEDEV,2026-03-10,117830,1,12,0,135.0
10110031DEDEV_2026-03-10_G20,10110031DEDEV,2026-03-10,111435,1,80,0,983.0
10110031DEDEV_2026-03-10_G22,10110031DEDEV,2026-03-10,117842,1,5,0,63.0
10110031DEDEV_2026-03-10_G23,10110031DEDEV,2026-03-10,111348,1,11,0,139.0
10110031DEDEV_2026-03-10_G24,10110031DEDEV,2026-03-10,108795,1,18,0,222.0
10110031DEDEV_2026-03-10_G25,10110031DEDEV,2026-03-10,111462,1,120,0,517.0
10110031DEDEV_2026-03-10_G26,10110031DEDEV,2026-03-10,142080,1,10,0,287.0
10110031DEDEV_2026-03-10_G27,10110031DEDEV,2026-03-10,141271,1,18,0,1104.0
10110031DEDEV_2026-03-10_G28,10110031DEDEV,2026-03-10,117831,1,16,0,160.0
10110031DEDEV_2026-03-10_G29,10110031DEDEV,2026-03-10,108798,1,8,0,545.0
10110031DEDEV_2026-03-10_G30,10110031DEDEV,2026-03-10,109645,1,12,0,320.0
10110031DEDEV_2026-03-10_G31,10110031DEDEV,2026-03-10,117787,1,20,0,158.0
10110031DEDEV_2026-03-10_G32,10110031DEDEV,2026-03-10,110740,1,12,0,105.0
10110031DEDEV_2026-03-10_G33,10110031DEDEV,2026-03-10,141823,1,16,0,114.0
10110031DEDEV_2026-03-10_G34,10110031DEDEV,2026-03-10,105705,1,29,0,478.0
10110031DEDEV_2026-03-10_G35,10110031DEDEV,2026-03-10,111469,1,25,0,174.0
10110031DEDEV_2026-03-11_G02,10110031DEDEV,2026-03-11,117821,1,32,0,314.0
10110031DEDEV_2026-03-11_G03,10110031DEDEV,2026-03-11,110743,1,25,0,571.0
10110031DEDEV_2026-03-11_G04,10110031DEDEV,2026-03-11,142093,1,50,0,903.0
10110031DEDEV_2026-03-11_G05,10110031DEDEV,2026-03-11,118326,1,9,0,497.0
10110031DEDEV_2026-03-11_G06,10110031DEDEV,2026-03-11,115775,1,4,0,348.0
10110031DEDEV_2026-03-11_G07,10110031DEDEV,2026-03-11,141916,1,16,0,205.0
10110031DEDEV_2026-03-11_G08,10110031DEDEV,2026-03-11,141318,1,27,0,259.0
10110031DEDEV_2026-03-11_G09,10110031DEDEV,2026-03-11,142045,1,120,0,1143.0
10110031DEDEV_2026-03-11_G10,10110031DEDEV,2026-03-11,109643,1,403,0,2549.0
10110031DEDEV_2026-03-11_G11,10110031DEDEV,2026-03-11,111348,1,120,0,507.0
10110031DEDEV_2026-03-11_G12,10110031DEDEV,2026-03-11,117856,1,16,0,304.0
10110031DEDEV_2026-03-11_G13,10110031DEDEV,2026-03-11,107888,2,38,27,375.0
10110031DEDEV_2026-03-11_G14,10110031DEDEV,2026-03-11,107888,1,11,0,71.0
10110031DEDEV_2026-03-11_G15,10110031DEDEV,2026-03-11,110733,1,42,0,826.0
10110031DEDEV_2026-03-11_G16,10110031DEDEV,2026-03-11,110733,1,276,0,725.0
10110031DEDEV_2026-03-11_G17,10110031DEDEV,2026-03-11,110752,1,6,0,491.0
10110031DEDEV_2026-03-11_G18,10110031DEDEV,2026-03-11,140923,1,6,0,116.0
10110031DEDEV_2026-03-11_G19,10110031DEDEV,2026-03-11,140923,1,6,0,58.0
10110031DEDEV_2026-03-11_G20,10110031DEDEV,2026-03-11,118094,4,19,30,277.0
10110031DEDEV_2026-03-11_G21,10110031DEDEV,2026-03-11,107629,2,10,7,140.0
10110031DEDEV_2026-03-11_G22,10110031DEDEV,2026-03-11,109647,3,18,28,156.0
10110031DEDEV_2026-03-11_G23,10110031DEDEV,2026-03-11,110733,3,14,19,439.0
10110031DEDEV_2026-03-11_G24,10110031DEDEV,2026-03-11,117855,5,26,55,133.0
10110031DEDEV_2026-03-11_G26,10110031DEDEV,2026-03-11,108794,1,20,0,110.0
10110031DEDEV_2026-03-11_G27,10110031DEDEV,2026-03-11,117785,1,26,0,162.0
10110031DEDEV_2026-03-11_G28,10110031DEDEV,2026-03-11,111462,1,8,0,80.0
10110031DEDEV_2026-03-11_G29,10110031DEDEV,2026-03-11,117833,1,2,0,39.0
10110031DEDEV_2026-03-11_G30,10110031DEDEV,2026-03-11,108795,1,6,0,121.0
10110031DEDEV_2026-03-11_G31,10110031DEDEV,2026-03-11,111743,1,18,0,89.0
10110031DEDEV_2026-03-11_G32,10110031DEDEV,2026-03-11,142080,1,4,0,1260.0
10110031DEDEV_2026-03-11_G33,10110031DEDEV,2026-03-11,141271,1,14,0,82.0
10110031DEDEV_2026-03-11_G34,10110031DEDEV,2026-03-11,111466,1,16,0,124.0
10110031DEDEV_2026-03-11_G35,10110031DEDEV,2026-03-11,108798,1,8,0,82.0
10110031DEDEV_2026-03-11_G36,10110031DEDEV,2026-03-11,111418,1,22,0,164.0
10110031DEDEV_2026-03-11_G37,10110031DEDEV,2026-03-11,109645,1,4,0,47.0
10110031DEDEV_2026-03-11_G38,10110031DEDEV,2026-03-11,117787,1,2,0,62.0
10110031DEDEV_2026-03-11_G39,10110031DEDEV,2026-03-11,141823,1,28,0,450.0
10110031DEDEV_2026-03-11_G40,10110031DEDEV,2026-03-11,110313,1,5,0,356.0
10110031DEDEV_2026-03-11_G41,10110031DEDEV,2026-03-11,110733,1,10,0,245.0
10110031DEDEV_2026-03-11_G42,10110031DEDEV,2026-03-11,117862,1,6,0,56.0
10110031DEDEV_2026-03-11_G43,10110031DEDEV,2026-03-11,117855,1,28,0,193.0
10110031DEDEV_2026-03-11_G44,10110031DEDEV,2026-03-11,117831,1,38,0,221.0
10110031DEDEV_2026-03-11_G45,10110031DEDEV,2026-03-11,117856,1,6,0,95.0
10110031DEDEV_2026-03-11_G46,10110031DEDEV,2026-03-11,118283,1,8,0,161.0
10110031DEDEV_2026-03-11_G47,10110031DEDEV,2026-03-11,100334,1,4,0,83.0
10110031DEDEV_2026-03-11_G48,10110031DEDEV,2026-03-11,111569,1,4,0,71.0
10110031DEDEV_2026-03-11_G49,10110031DEDEV,2026-03-11,142045,1,22,0,329.0
10110031DEDEV_2026-03-11_G50,10110031DEDEV,2026-03-11,140923,1,70,0,268.0
10110031DEDEV_2026-03-11_G51,10110031DEDEV,2026-03-11,110733,1,88,0,334.0
10110031DEDEV_2026-03-11_G52,10110031DEDEV,2026-03-11,117820,1,60,0,459.0
10110031DEDEV_2026-03-11_G53,10110031DEDEV,2026-03-11,110325,1,150,0,507.0
10110031DEDEV_2026-03-11_G54,10110031DEDEV,2026-03-11,141202,1,6,0,159.0
10110031DEDEV_2026-03-11_G55,10110031DEDEV,2026-03-11,110371,1,14,0,116.0
10110031DEDEV_2026-03-11_G56,10110031DEDEV,2026-03-11,117822,1,17,0,274.0
10110031DEDEV_2026-03-11_G57,10110031DEDEV,2026-03-11,117822,1,23,0,137.0
10110031DEDEV_2026-03-11_G58,10110031DEDEV,2026-03-11,110376,1,88,0,692.0
10110031DEDEV_2026-03-11_G59,10110031DEDEV,2026-03-11,110373,1,173,0,1056.0
10110031DEDEV_2026-03-12_G02,10110031DEDEV,2026-03-12,108711,1,37,0,342.0
10110031DEDEV_2026-03-12_G03,10110031DEDEV,2026-03-12,107236,1,6,0,106.0
10110031DEDEV_2026-03-12_G04,10110031DEDEV,2026-03-12,107236,1,3,0,33.0
10110031DEDEV_2026-03-12_G05,10110031DEDEV,2026-03-12,124592,1,22,0,452.0
10110031DEDEV_2026-03-12_G06,10110031DEDEV,2026-03-12,111569,1,152,0,957.0
10110031DEDEV_2026-03-12_G07,10110031DEDEV,2026-03-12,111569,1,7,0,47.0
10110031DEDEV_2026-03-12_G08,10110031DEDEV,2026-03-12,111530,1,30,0,1103.0
10110031DEDEV_2026-03-12_G09,10110031DEDEV,2026-03-12,117837,2,2,12,757.0
10110031DEDEV_2026-03-12_G10,10110031DEDEV,2026-03-12,110752,2,2,7,400.0
10110031DEDEV_2026-03-12_G11,10110031DEDEV,2026-03-12,110313,2,10,10,88.0
10110031DEDEV_2026-03-12_G12,10110031DEDEV,2026-03-12,140923,4,16,27,58.0
10110031DEDEV_2026-03-12_G13,10110031DEDEV,2026-03-12,110741,2,2,7,98.0
10110031DEDEV_2026-03-12_G14,10110031DEDEV,2026-03-12,"110733, 117862",3,21,36,229.0
10110031DEDEV_2026-03-12_G15,10110031DEDEV,2026-03-12,111879,2,4,8,179.0
10110031DEDEV_2026-03-12_G16,10110031DEDEV,2026-03-12,108361,1,8,0,123.0
10110031DEDEV_2026-03-12_G17,10110031DEDEV,2026-03-12,141047,1,3,0,78.0
10110031DEDEV_2026-03-12_G18,10110031DEDEV,2026-03-12,141047,1,3,0,38.0
10110031DEDEV_2026-03-12_G19,10110031DEDEV,2026-03-12,141047,2,6,17,188.0
10110031DEDEV_2026-03-12_G20,10110031DEDEV,2026-03-12,110339,2,10,6,208.0
10110031DEDEV_2026-03-12_G21,10110031DEDEV,2026-03-12,111467,2,6,7,129.0
10110031DEDEV_2026-03-12_G22,10110031DEDEV,2026-03-12,110374,2,10,10,224.0
10110031DEDEV_2026-03-12_G23,10110031DEDEV,2026-03-12,117809,2,10,7,50.0
10110031DEDEV_2026-03-12_G24,10110031DEDEV,2026-03-12,141202,2,4,8,127.0
10110031DEDEV_2026-03-12_G25,10110031DEDEV,2026-03-12,110373,2,36,9,524.0
10110031DEDEV_2026-03-12_G26,10110031DEDEV,2026-03-12,111469,1,42,0,535.0
10110031DEDEV_2026-03-12_G27,10110031DEDEV,2026-03-12,111330,1,2,0,308.0
10110031DEDEV_2026-03-12_G28,10110031DEDEV,2026-03-12,111444,1,3,0,143.0
10110031DEDEV_2026-03-12_G29,10110031DEDEV,2026-03-12,111418,1,9,0,487.0
10110031DEDEV_2026-03-12_G30,10110031DEDEV,2026-03-12,142093,2,39,10,576.0
10110031DEDEV_2026-03-12_G31,10110031DEDEV,2026-03-12,118290,2,2,7,1237.0
10110031DEDEV_2026-03-12_G32,10110031DEDEV,2026-03-12,117855,1,23,0,348.0
10110031DEDEV_2026-03-12_G34,10110031DEDEV,2026-03-12,110742,1,2,0,52.0
10110031DEDEV_2026-03-12_G35,10110031DEDEV,2026-03-12,140911,1,4,0,103.0
10110031DEDEV_2026-03-12_G36,10110031DEDEV,2026-03-12,109647,1,4,0,103.0
10110031DEDEV_2026-03-12_G37,10110031DEDEV,2026-03-12,118298,1,4,0,96.0
10110031DEDEV_2026-03-12_G38,10110031DEDEV,2026-03-12,117856,1,4,0,49.0
10110031DEDEV_2026-03-12_G39,10110031DEDEV,2026-03-12,108794,1,1,0,83.0
10110031DEDEV_2026-03-12_G40,10110031DEDEV,2026-03-12,111462,1,22,0,187.0
10110031DEDEV_2026-03-12_G41,10110031DEDEV,2026-03-12,117833,1,3,0,50.0
10110031DEDEV_2026-03-12_G42,10110031DEDEV,2026-03-12,117821,1,2,0,50.0
10110031DEDEV_2026-03-12_G43,10110031DEDEV,2026-03-12,111743,1,1,0,119.0
10110031DEDEV_2026-03-12_G44,10110031DEDEV,2026-03-12,142080,1,1,0,62.0
10110031DEDEV_2026-03-12_G45,10110031DEDEV,2026-03-12,141271,1,14,0,347.0
10110031DEDEV_2026-03-12_G46,10110031DEDEV,2026-03-12,109641,1,5,0,227.0
10110031DEDEV_2026-03-12_G47,10110031DEDEV,2026-03-12,118223,1,4,0,112.0
10110031DEDEV_2026-03-12_G48,10110031DEDEV,2026-03-12,109645,1,16,0,71.0
10110031DEDEV_2026-03-12_G49,10110031DEDEV,2026-03-12,141823,1,1,0,74.0
10110031DEDEV_2026-03-12_G50,10110031DEDEV,2026-03-12,105705,1,13,0,354.0
10110031DEDEV_2026-03-12_G51,10110031DEDEV,2026-03-12,111469,1,11,0,88.0
10110031DEDEV_2026-03-12_G52,10110031DEDEV,2026-03-12,141458,1,38,0,489.0
10110031DEDEV_2026-03-12_G53,10110031DEDEV,2026-03-12,142093,1,32,0,267.0
10110031DEDEV_2026-03-12_G54,10110031DEDEV,2026-03-12,117831,1,44,0,473.0
10110031DEDEV_2026-03-12_G55,10110031DEDEV,2026-03-12,109643,1,16,0,156.0
10110031DEDEV_2026-03-12_G56,10110031DEDEV,2026-03-12,110375,1,8,0,139.0
10110031DEDEV_2026-03-12_G57,10110031DEDEV,2026-03-12,117830,1,10,0,101.0
10110031DEDEV_2026-03-12_G58,10110031DEDEV,2026-03-12,140922,1,1,0,188.0
10110031DEDEV_2026-03-12_G59,10110031DEDEV,2026-03-12,108794,1,5,0,45.0
10110031DEDEV_2026-03-12_G60,10110031DEDEV,2026-03-12,111462,1,28,0,196.0
10110031DEDEV_2026-03-12_G61,10110031DEDEV,2026-03-12,117821,1,8,0,54.0
10110031DEDEV_2026-03-12_G62,10110031DEDEV,2026-03-12,108795,1,1,0,56.0
10110031DEDEV_2026-03-12_G63,10110031DEDEV,2026-03-12,111743,1,9,0,65.0
10110031DEDEV_2026-03-12_G64,10110031DEDEV,2026-03-12,141271,1,4,0,142.0
10110031DEDEV_2026-03-12_G65,10110031DEDEV,2026-03-12,109641,1,8,0,76.0
10110031DEDEV_2026-03-12_G66,10110031DEDEV,2026-03-12,118223,1,4,0,86.0
10110031DEDEV_2026-03-12_G67,10110031DEDEV,2026-03-12,109645,1,2,0,41.0
10110031DEDEV_2026-03-12_G68,10110031DEDEV,2026-03-12,111469,1,4,0,250.0
10110031DEDEV_2026-03-12_G69,10110031DEDEV,2026-03-12,142093,1,53,0,538.0
10110031DEDEV_2026-03-12_G70,10110031DEDEV,2026-03-12,117785,1,66,0,378.0
10110031DEDEV_2026-03-12_G71,10110031DEDEV,2026-03-12,111418,1,70,0,394.0
10110031DEDEV_2026-03-12_G72,10110031DEDEV,2026-03-12,117808,1,145,0,1590.0
10110031DEDEV_2026-03-12_G73,10110031DEDEV,2026-03-12,117820,1,31,0,150.0
10110031DEDEV_2026-03-12_G74,10110031DEDEV,2026-03-12,109643,1,8,0,87.0
10110031DEDEV_2026-03-12_G75,10110031DEDEV,2026-03-12,110325,1,7,0,128.0
10110031DEDEV_2026-03-13_G02,10110031DEDEV,2026-03-13,110371,1,4,0,89.0
10110031DEDEV_2026-03-13_G03,10110031DEDEV,2026-03-13,110373,1,33,0,215.0
10110031DEDEV_2026-03-13_G04,10110031DEDEV,2026-03-13,117830,1,1,0,40.0
10110031DEDEV_2026-03-13_G05,10110031DEDEV,2026-03-13,110313,1,8,0,410.0
10110031DEDEV_2026-03-13_G06,10110031DEDEV,2026-03-13,107629,1,2,0,917.0
10110031DEDEV_2026-03-13_G07,10110031DEDEV,2026-03-13,110733,1,2,0,72.0
10110031DEDEV_2026-03-13_G08,10110031DEDEV,2026-03-13,"117862, 117855",2,12,30,103.0
10110031DEDEV_2026-03-13_G09,10110031DEDEV,2026-03-13,118298,1,4,0,130.0
10110031DEDEV_2026-03-13_G10,10110031DEDEV,2026-03-13,117856,2,17,11,148.0
10110031DEDEV_2026-03-13_G11,10110031DEDEV,2026-03-13,117861,1,2,0,113.0
10110031DEDEV_2026-03-13_G12,10110031DEDEV,2026-03-13,140923,1,8,0,329.0
10110031DEDEV_2026-03-13_G13,10110031DEDEV,2026-03-13,118306,1,2,0,150.0
10110031DEDEV_2026-03-13_G14,10110031DEDEV,2026-03-13,142045,1,9,0,131.0
10110031DEDEV_2026-03-13_G15,10110031DEDEV,2026-03-13,141318,1,4,0,75.0
10110031DEDEV_2026-03-13_G16,10110031DEDEV,2026-03-13,117854,1,3,0,1023.0
10110031DEDEV_2026-03-13_G17,10110031DEDEV,2026-03-13,117854,2,5,10,58.0
10110031DEDEV_2026-03-13_G18,10110031DEDEV,2026-03-13,141166,2,3,9,377.0
10110031DEDEV_2026-03-13_G19,10110031DEDEV,2026-03-13,110313,6,31,60,263.0
10110031DEDEV_2026-03-13_G20,10110031DEDEV,2026-03-13,110741,5,17,37,208.0
10110031DEDEV_2026-03-13_G21,10110031DEDEV,2026-03-13,117862,1,12,0,263.0
10110031DEDEV_2026-03-13_G22,10110031DEDEV,2026-03-13,111602,1,6,0,488.0
10110031DEDEV_2026-03-13_G23,10110031DEDEV,2026-03-13,117856,1,2,0,47.0
10110031DEDEV_2026-03-13_G24,10110031DEDEV,2026-03-13,117853,1,4,0,94.0
10110031DEDEV_2026-03-13_G25,10110031DEDEV,2026-03-13,108772,3,12,15,150.0
10110031DEDEV_2026-03-13_G26,10110031DEDEV,2026-03-13,110339,2,10,8,57.0
10110031DEDEV_2026-03-13_G27,10110031DEDEV,2026-03-13,141066,1,2,0,91.0
10110031DEDEV_2026-03-13_G28,10110031DEDEV,2026-03-13,111467,1,8,0,174.0
10110031DEDEV_2026-03-13_G29,10110031DEDEV,2026-03-13,141916,5,24,31,606.0
10110031DEDEV_2026-03-13_G30,10110031DEDEV,2026-03-13,111569,1,4,0,218.0
10110031DEDEV_2026-03-13_G31,10110031DEDEV,2026-03-13,111569,1,4,0,48.0
10110031DEDEV_2026-03-13_G32,10110031DEDEV,2026-03-13,117837,1,1,0,706.0
10110031DEDEV_2026-03-13_G33,10110031DEDEV,2026-03-13,140923,1,8,0,1129.0
10110031DEDEV_2026-03-13_G34,10110031DEDEV,2026-03-13,140911,1,2,0,743.0
10110031DEDEV_2026-03-13_G35,10110031DEDEV,2026-03-13,140911,1,38,0,65.0
10110031DEDEV_2026-03-13_G36,10110031DEDEV,2026-03-13,111440,1,3,0,643.0
10110031DEDEV_2026-03-13_G37,10110031DEDEV,2026-03-13,110747,1,12,0,159.0
10110031DEDEV_2026-03-13_G38,10110031DEDEV,2026-03-13,108772,2,21,16,51.0
10110031DEDEV_2026-03-13_G40,10110031DEDEV,2026-03-13,111440,1,2,0,135.0
10110031DEDEV_2026-03-13_G41,10110031DEDEV,2026-03-13,110747,1,12,0,155.0
10110031DEDEV_2026-03-13_G42,10110031DEDEV,2026-03-13,117809,1,150,0,397.0
10110031DEDEV_2026-03-13_G43,10110031DEDEV,2026-03-13,117822,1,15,0,542.0
10110031DEDEV_2026-03-13_G44,10110031DEDEV,2026-03-13,117822,1,25,0,147.0
10110031DEDEV_2026-03-13_G45,10110031DEDEV,2026-03-13,110325,2,44,15,84.0
10110031DEDEV_2026-03-13_G46,10110031DEDEV,2026-03-13,110375,1,80,0,291.0
10110031DEDEV_2026-03-13_G47,10110031DEDEV,2026-03-13,118299,1,10,0,848.0
10110031DEDEV_2026-03-13_G48,10110031DEDEV,2026-03-13,110371,1,300,0,683.0
10110031DEDEV_2026-03-13_G49,10110031DEDEV,2026-03-13,141047,1,17,0,957.0
10110031DEDEV_2026-03-13_G50,10110031DEDEV,2026-03-13,110752,1,20,0,830.0
10110031DEDEV_2026-03-13_G51,10110031DEDEV,2026-03-13,117786,1,25,0,352.0
10110031DEDEV_2026-03-13_G52,10110031DEDEV,2026-03-13,117837,1,20,0,380.0
10110031DEDEV_2026-03-14_G02,10110031DEDEV,2026-03-14,118306,1,5,0,373.0
10110031DEDEV_2026-03-14_G03,10110031DEDEV,2026-03-14,110755,1,1,0,118.0
10110031DEDEV_2026-03-14_G04,10110031DEDEV,2026-03-14,142045,1,8,0,137.0
10110031DEDEV_2026-03-14_G05,10110031DEDEV,2026-03-14,111430,1,8,0,147.0
10110031DEDEV_2026-03-14_G06,10110031DEDEV,2026-03-14,117855,1,10,0,404.0
10110031DEDEV_2026-03-14_G07,10110031DEDEV,2026-03-14,118298,1,1,0,103.0
10110031DEDEV_2026-03-14_G08,10110031DEDEV,2026-03-14,111467,1,1,0,118.0
10110031DEDEV_2026-03-14_G09,10110031DEDEV,2026-03-14,110740,1,8,0,502.0
10110031DEDEV_2026-03-14_G10,10110031DEDEV,2026-03-14,118317,1,10,0,200.0
10110031DEDEV_2026-03-14_G11,10110031DEDEV,2026-03-14,117785,1,12,0,129.0
10110031DEDEV_2026-03-14_G12,10110031DEDEV,2026-03-14,111462,1,10,0,96.0
10110031DEDEV_2026-03-14_G13,10110031DEDEV,2026-03-14,117821,1,5,0,117.0
10110031DEDEV_2026-03-14_G14,10110031DEDEV,2026-03-14,116241,1,8,0,137.0
10110031DEDEV_2026-03-14_G15,10110031DEDEV,2026-03-14,108795,1,8,0,180.0
10110031DEDEV_2026-03-14_G16,10110031DEDEV,2026-03-14,142093,1,12,0,363.0
10110031DEDEV_2026-03-14_G17,10110031DEDEV,2026-03-14,109641,1,4,0,69.0
10110031DEDEV_2026-03-14_G18,10110031DEDEV,2026-03-14,117831,1,10,0,85.0
10110031DEDEV_2026-03-14_G19,10110031DEDEV,2026-03-14,111442,1,10,0,119.0
10110031DEDEV_2026-03-14_G20,10110031DEDEV,2026-03-14,111418,1,4,0,109.0
10110031DEDEV_2026-03-14_G21,10110031DEDEV,2026-03-14,118223,1,4,0,95.0
10110031DEDEV_2026-03-14_G22,10110031DEDEV,2026-03-14,117787,1,4,0,118.0
10110031DEDEV_2026-03-14_G23,10110031DEDEV,2026-03-14,141823,1,8,0,539.0
10110031DEDEV_2026-03-14_G24,10110031DEDEV,2026-03-14,105705,1,2,0,369.0
10110031DEDEV_2026-03-14_G25,10110031DEDEV,2026-03-14,111469,1,10,0,95.0
10110031DEDEV_2026-03-14_G26,10110031DEDEV,2026-03-14,117809,1,30,0,304.0
10110031DEDEV_2026-03-14_G27,10110031DEDEV,2026-03-14,109643,1,12,0,321.0
10110031DEDEV_2026-03-14_G28,10110031DEDEV,2026-03-14,117808,1,100,0,475.0
10110031DEDEV_2026-03-14_G29,10110031DEDEV,2026-03-14,110372,1,30,0,774.0
10110031DEDEV_2026-03-14_G30,10110031DEDEV,2026-03-14,110371,1,30,0,169.0
10110031DEDEV_2026-03-14_G31,10110031DEDEV,2026-03-14,117820,1,50,0,366.0
10110031DEDEV_2026-03-14_G32,10110031DEDEV,2026-03-14,141202,1,4,0,120.0
10110031DEDEV_2026-03-14_G33,10110031DEDEV,2026-03-14,118299,1,50,0,241.0
10110031DEDEV_2026-03-14_G34,10110031DEDEV,2026-03-14,110373,1,70,0,738.0
10110031DEDEV_2026-03-14_G35,10110031DEDEV,2026-03-14,117834,1,10,0,750.0
10110031DEDEV_2026-03-14_G36,10110031DEDEV,2026-03-14,111569,1,8,0,112.0
10110031DEDEV_2026-03-14_G37,10110031DEDEV,2026-03-14,111438,1,8,0,229.0
10110031DEDEV_2026-03-14_G38,10110031DEDEV,2026-03-14,100334,1,6,0,163.0
10110031DEDEV_2026-03-14_G39,10110031DEDEV,2026-03-14,142045,1,14,0,349.0
10110031DEDEV_2026-03-14_G40,10110031DEDEV,2026-03-14,111430,1,8,0,170.0
10110031DEDEV_2026-03-14_G41,10110031DEDEV,2026-03-14,117820,1,150,0,445.0
10110031DEDEV_2026-03-15_G02,10110031DEDEV,2026-03-15,117853,1,4,0,160.0
10110031DEDEV_2026-03-15_G03,10110031DEDEV,2026-03-15,105705,1,2,0,336.0
10110031DEDEV_2026-03-15_G04,10110031DEDEV,2026-03-15,110874,1,4,0,3547.0
10110031DEDEV_2026-03-15_G05,10110031DEDEV,2026-03-15,117834,1,2,0,139.0
10110031DEDEV_2026-03-15_G06,10110031DEDEV,2026-03-15,110500,1,2,0,2460.0
10110031DEDEV_2026-03-15_G07,10110031DEDEV,2026-03-15,111793,1,2,0,225.0
10110031DEDEV_2026-03-15_G08,10110031DEDEV,2026-03-15,117855,2,36,15,156.0
10110031DEDEV_2026-03-15_G09,10110031DEDEV,2026-03-15,111532,1,20,0,185.0
10110031DEDEV_2026-03-16_G02,10110031DEDEV,2026-03-16,111418,1,200,0,258.0
10110031DEDEV_2026-03-16_G03,10110031DEDEV,2026-03-16,141457,1,64,0,312.0
10110031DEDEV_2026-03-16_G04,10110031DEDEV,2026-03-16,118317,1,24,0,331.0
10110031DEDEV_2026-03-16_G05,10110031DEDEV,2026-03-16,118299,2,600,9,1615.0
10110031DEDEV_2026-03-16_G06,10110031DEDEV,2026-03-16,117820,1,250,0,482.0
10110031DEDEV_2026-03-16_G07,10110031DEDEV,2026-03-16,140923,1,250,0,1192.0
10110031DEDEV_2026-03-16_G08,10110031DEDEV,2026-03-16,110339,1,50,0,316.0
10110031DEDEV_2026-03-16_G09,10110031DEDEV,2026-03-16,111418,1,130,0,703.0
10110031DEDEV_2026-03-16_G10,10110031DEDEV,2026-03-16,117820,1,650,0,1488.0
10110031DEDEV_2026-03-16_G11,10110031DEDEV,2026-03-16,110372,1,450,0,2318.0
10110031DEDEV_2026-03-16_G12,10110031DEDEV,2026-03-16,110895,1,24,0,931.0
10110031DEDEV_2026-03-16_G13,10110031DEDEV,2026-03-16,110313,1,4,0,60.0
10110031DEDEV_2026-03-16_G14,10110031DEDEV,2026-03-16,110313,1,20,0,107.0
10110031DEDEV_2026-03-16_G15,10110031DEDEV,2026-03-16,110372,1,80,0,382.0
10110031DEDEV_2026-03-16_G17,10110031DEDEV,2026-03-16,111465,1,2,0,194.0
10110031DEDEV_2026-03-16_G18,10110031DEDEV,2026-03-16,117838,2,6,9,307.0
10110031DEDEV_2026-03-16_G19,10110031DEDEV,2026-03-16,118317,2,3,8,168.0
10110031DEDEV_2026-03-16_G20,10110031DEDEV,2026-03-16,140922,1,1,0,62.0
10110031DEDEV_2026-03-16_G21,10110031DEDEV,2026-03-16,"118317, 140922",4,15,61,70.0
10110031DEDEV_2026-03-16_G22,10110031DEDEV,2026-03-16,"118285, 111348",3,5,42,95.0
10110031DEDEV_2026-03-16_G23,10110031DEDEV,2026-03-16,111532,7,39,130,39.0
10110031DEDEV_2026-03-16_G24,10110031DEDEV,2026-03-16,111532,1,3,0,62.0
10110031DEDEV_2026-03-16_G25,10110031DEDEV,2026-03-16,111532,1,20,0,31.0
10110031DEDEV_2026-03-16_G26,10110031DEDEV,2026-03-16,111532,3,19,47,58.0
10110031DEDEV_2026-03-16_G27,10110031DEDEV,2026-03-16,117785,6,21,44,55.0
10110031DEDEV_2026-03-16_G28,10110031DEDEV,2026-03-16,111462,1,2,0,127.0
10110031DEDEV_2026-03-16_G29,10110031DEDEV,2026-03-16,117833,4,17,25,77.0
10110031DEDEV_2026-03-16_G30,10110031DEDEV,2026-03-16,117821,2,4,11,858.0
10110031DEDEV_2026-03-16_G31,10110031DEDEV,2026-03-16,110743,1,2,0,41.0
10110031DEDEV_2026-03-16_G32,10110031DEDEV,2026-03-16,108795,4,10,21,102.0
10110031DEDEV_2026-03-16_G33,10110031DEDEV,2026-03-16,111466,10,40,96,53.0
10110031DEDEV_2026-03-16_G34,10110031DEDEV,2026-03-16,111743,4,11,25,217.0
10110031DEDEV_2026-03-16_G35,10110031DEDEV,2026-03-16,142080,1,2,0,71.0
10110031DEDEV_2026-03-16_G36,10110031DEDEV,2026-03-16,142093,1,2,0,59.0
10110031DEDEV_2026-03-16_G37,10110031DEDEV,2026-03-16,142093,5,26,37,34.0
10110031DEDEV_2026-03-16_G38,10110031DEDEV,2026-03-16,109641,3,6,17,300.0
10110031DEDEV_2026-03-16_G39,10110031DEDEV,2026-03-16,117831,5,9,32,61.0
10110031DEDEV_2026-03-16_G40,10110031DEDEV,2026-03-16,110740,7,19,57,158.0
10110031DEDEV_2026-03-16_G41,10110031DEDEV,2026-03-16,108798,2,5,9,436.0
10110031DEDEV_2026-03-16_G42,10110031DEDEV,2026-03-16,109645,1,3,0,53.0
10110031DEDEV_2026-03-16_G43,10110031DEDEV,2026-03-16,117787,1,3,0,88.0
10110031DEDEV_2026-03-16_G44,10110031DEDEV,2026-03-16,111418,8,37,79,63.0
10110031DEDEV_2026-03-16_G45,10110031DEDEV,2026-03-16,141823,4,17,27,44.0
10110031DEDEV_2026-03-16_G46,10110031DEDEV,2026-03-16,105705,3,34,24,292.0
10110031DEDEV_2026-03-16_G47,10110031DEDEV,2026-03-16,111469,2,12,8,340.0
10110031DEDEV_2026-03-16_G48,10110031DEDEV,2026-03-16,141458,3,6,37,72.0
10110031DEDEV_2026-03-16_G49,10110031DEDEV,2026-03-16,141457,1,16,0,350.0
10110031DEDEV_2026-03-16_G50,10110031DEDEV,2026-03-16,107236,1,4,0,492.0
10110031DEDEV_2026-03-16_G51,10110031DEDEV,2026-03-16,118416,1,2,0,369.0
10110031DEDEV_2026-03-16_G52,10110031DEDEV,2026-03-16,141035,1,2,0,254.0
10110031DEDEV_2026-03-16_G53,10110031DEDEV,2026-03-16,141166,4,6,25,155.0
10110031DEDEV_2026-03-16_G54,10110031DEDEV,2026-03-16,110313,3,9,19,158.0
10110031DEDEV_2026-03-16_G55,10110031DEDEV,2026-03-16,140923,12,57,144,379.0
10110031DEDEV_2026-03-16_G56,10110031DEDEV,2026-03-16,110741,1,2,0,519.0
10110031DEDEV_2026-03-16_G57,10110031DEDEV,2026-03-16,117855,4,12,26,92.0
10110031DEDEV_2026-03-16_G58,10110031DEDEV,2026-03-16,107629,1,4,0,88.0
10110031DEDEV_2026-03-16_G59,10110031DEDEV,2026-03-16,117855,1,2,0,68.0
10110031DEDEV_2026-03-16_G60,10110031DEDEV,2026-03-16,107629,4,7,33,54.0
10110031DEDEV_2026-03-16_G61,10110031DEDEV,2026-03-16,111530,9,36,77,76.0
10110031DEDEV_2026-03-16_G62,10110031DEDEV,2026-03-16,109647,1,4,0,47.0
10110031DEDEV_2026-03-16_G63,10110031DEDEV,2026-03-16,117788,1,4,0,92.0
10110031DEDEV_2026-03-16_G64,10110031DEDEV,2026-03-16,117862,6,20,46,59.0
10110031DEDEV_2026-03-17_G02,10110031DEDEV,2026-03-17,111172,2,4,15,45.0
10110031DEDEV_2026-03-17_G03,10110031DEDEV,2026-03-17,111172,3,12,26,36.0
10110031DEDEV_2026-03-17_G04,10110031DEDEV,2026-03-17,111330,2,4,9,303.0
10110031DEDEV_2026-03-17_G05,10110031DEDEV,2026-03-17,111650,1,4,0,138.0
10110031DEDEV_2026-03-17_G06,10110031DEDEV,2026-03-17,118298,1,1,0,160.0
10110031DEDEV_2026-03-17_G07,10110031DEDEV,2026-03-17,110733,3,15,20,58.0
10110031DEDEV_2026-03-17_G08,10110031DEDEV,2026-03-17,111602,9,24,76,106.0
10110031DEDEV_2026-03-17_G09,10110031DEDEV,2026-03-17,117856,5,13,41,380.0
10110031DEDEV_2026-03-17_G10,10110031DEDEV,2026-03-17,110756,3,8,18,120.0
10110031DEDEV_2026-03-17_G11,10110031DEDEV,2026-03-17,110339,4,12,27,50.0
10110031DEDEV_2026-03-17_G12,10110031DEDEV,2026-03-17,141352,2,5,8,106.0
10110031DEDEV_2026-03-17_G13,10110031DEDEV,2026-03-17,108361,2,3,11,51.0
10110031DEDEV_2026-03-17_G14,10110031DEDEV,2026-03-17,117853,6,17,54,80.0
10110031DEDEV_2026-03-17_G15,10110031DEDEV,2026-03-17,110339,1,2,0,316.0
10110031DEDEV_2026-03-17_G16,10110031DEDEV,2026-03-17,109640,5,23,40,155.0
10110031DEDEV_2026-03-17_G17,10110031DEDEV,2026-03-17,141047,1,8,0,151.0
10110031DEDEV_2026-03-17_G18,10110031DEDEV,2026-03-17,117861,2,6,8,70.0
10110031DEDEV_2026-03-17_G19,10110031DEDEV,2026-03-17,108772,2,9,9,81.0
10110031DEDEV_2026-03-17_G20,10110031DEDEV,2026-03-17,141066,1,4,0,219.0
10110031DEDEV_2026-03-17_G21,10110031DEDEV,2026-03-17,117837,1,4,0,303.0
10110031DEDEV_2026-03-17_G22,10110031DEDEV,2026-03-17,141202,2,7,16,497.0
10110031DEDEV_2026-03-17_G23,10110031DEDEV,2026-03-17,117809,3,10,35,113.0
10110031DEDEV_2026-03-17_G24,10110031DEDEV,2026-03-17,117809,1,8,0,55.0
10110031DEDEV_2026-03-17_G25,10110031DEDEV,2026-03-17,118299,10,71,115,68.0
10110031DEDEV_2026-03-17_G26,10110031DEDEV,2026-03-17,109648,1,2,0,66.0
10110031DEDEV_2026-03-17_G27,10110031DEDEV,2026-03-17,109643,5,17,41,51.0
10110031DEDEV_2026-03-17_G28,10110031DEDEV,2026-03-17,117808,5,36,51,148.0
10110031DEDEV_2026-03-17_G29,10110031DEDEV,2026-03-17,117820,8,40,84,156.0
10110031DEDEV_2026-03-17_G30,10110031DEDEV,2026-03-17,117808,3,24,41,767.0
10110031DEDEV_2026-03-17_G31,10110031DEDEV,2026-03-17,117808,1,2,0,107.0
10110031DEDEV_2026-03-17_G32,10110031DEDEV,2026-03-17,117808,1,3,0,222.0
10110031DEDEV_2026-03-17_G33,10110031DEDEV,2026-03-17,110373,4,26,39,111.0
10110031DEDEV_2026-03-17_G34,10110031DEDEV,2026-03-17,110372,6,35,61,131.0
10110031DEDEV_2026-03-17_G35,10110031DEDEV,2026-03-17,110376,1,2,0,290.0
10110031DEDEV_2026-03-17_G36,10110031DEDEV,2026-03-17,110375,2,6,13,191.0
10110031DEDEV_2026-03-17_G37,10110031DEDEV,2026-03-17,110371,3,16,24,229.0
10110031DEDEV_2026-03-17_G38,10110031DEDEV,2026-03-17,117830,3,8,20,137.0
10110031DEDEV_2026-03-17_G39,10110031DEDEV,2026-03-17,141202,4,13,34,241.0
10110031DEDEV_2026-03-17_G40,10110031DEDEV,2026-03-17,110500,1,2,0,393.0
10110031DEDEV_2026-03-17_G41,10110031DEDEV,2026-03-17,111112,2,6,12,50.0
10110031DEDEV_2026-03-17_G42,10110031DEDEV,2026-03-17,110895,9,30,94,347.0
10110031DEDEV_2026-03-17_G43,10110031DEDEV,2026-03-17,141916,3,13,26,121.0
10110031DEDEV_2026-03-17_G44,10110031DEDEV,2026-03-17,111445,1,4,0,385.0
10110031DEDEV_2026-03-17_G45,10110031DEDEV,2026-03-17,111438,2,8,11,71.0
10110031DEDEV_2026-03-17_G46,10110031DEDEV,2026-03-17,118283,1,2,0,122.0
10110031DEDEV_2026-03-17_G47,10110031DEDEV,2026-03-17,110841,2,13,13,82.0
10110031DEDEV_2026-03-17_G48,10110031DEDEV,2026-03-17,100334,1,2,0,77.0
10110031DEDEV_2026-03-17_G49,10110031DEDEV,2026-03-17,118306,2,4,9,81.0
10110031DEDEV_2026-03-17_G50,10110031DEDEV,2026-03-17,110755,1,1,0,119.0
10110031DEDEV_2026-03-17_G51,10110031DEDEV,2026-03-17,141318,3,6,18,84.0
10110031DEDEV_2026-03-17_G52,10110031DEDEV,2026-03-17,142045,3,7,16,74.0
10110031DEDEV_2026-03-17_G53,10110031DEDEV,2026-03-17,110579,1,2,0,347.0
10110031DEDEV_2026-03-17_G54,10110031DEDEV,2026-03-17,110747,1,1,0,69.0
10110031DEDEV_2026-03-17_G56,10110031DEDEV,2026-03-17,117853,1,10,0,103.0
10110031DEDEV_2026-03-17_G57,10110031DEDEV,2026-03-17,118317,1,10,0,150.0
10110031DEDEV_2026-03-17_G58,10110031DEDEV,2026-03-17,141458,1,30,0,728.0
10110031DEDEV_2026-03-17_G59,10110031DEDEV,2026-03-17,117837,1,1,0,527.0
10110031DEDEV_2026-03-17_G60,10110031DEDEV,2026-03-17,141166,1,5,0,195.0
10110031DEDEV_2026-03-17_G61,10110031DEDEV,2026-03-17,110752,1,4,0,408.0
10110031DEDEV_2026-03-17_G62,10110031DEDEV,2026-03-17,140923,4,24,32,78.0
10110031DEDEV_2026-03-17_G63,10110031DEDEV,2026-03-17,117855,4,20,33,334.0
10110031DEDEV_2026-03-17_G64,10110031DEDEV,2026-03-17,107629,3,11,33,494.0
10110031DEDEV_2026-03-17_G65,10110031DEDEV,2026-03-17,111530,3,70,25,180.0
10110031DEDEV_2026-03-17_G66,10110031DEDEV,2026-03-17,111530,2,7,12,33.0
10110031DEDEV_2026-03-17_G67,10110031DEDEV,2026-03-17,109647,1,2,0,1177.0
10110031DEDEV_2026-03-17_G68,10110031DEDEV,2026-03-17,110733,4,20,24,87.0
10110031DEDEV_2026-03-17_G69,10110031DEDEV,2026-03-17,"111879, 111602",5,45,60,158.0
10110031DEDEV_2026-03-17_G70,10110031DEDEV,2026-03-17,117856,2,18,9,115.0
10110031DEDEV_2026-03-17_G71,10110031DEDEV,2026-03-17,110339,4,40,41,83.0
10110031DEDEV_2026-03-17_G72,10110031DEDEV,2026-03-17,141352,2,4,7,53.0
10110031DEDEV_2026-03-17_G73,10110031DEDEV,2026-03-17,117853,2,16,16,73.0
10110031DEDEV_2026-03-17_G74,10110031DEDEV,2026-03-17,109640,6,12,50,526.0
10110031DEDEV_2026-03-17_G75,10110031DEDEV,2026-03-17,110339,1,2,0,167.0
10110031DEDEV_2026-03-17_G76,10110031DEDEV,2026-03-17,"141047, 117861",3,5,34,81.0
10110031DEDEV_2026-03-17_G77,10110031DEDEV,2026-03-17,108772,2,14,11,72.0
10110031DEDEV_2026-03-17_G78,10110031DEDEV,2026-03-17,141066,3,5,17,221.0
10110031DEDEV_2026-03-17_G79,10110031DEDEV,2026-03-17,111467,5,8,32,146.0
10110031DEDEV_2026-03-17_G80,10110031DEDEV,2026-03-17,117862,1,2,0,72.0
10110031DEDEV_2026-03-17_G81,10110031DEDEV,2026-03-17,101217,1,4,0,172.0
10110031DEDEV_2026-03-17_G82,10110031DEDEV,2026-03-17,117809,1,2,0,413.0
10110031DEDEV_2026-03-17_G83,10110031DEDEV,2026-03-17,117808,3,51,35,61.0
10110031DEDEV_2026-03-17_G84,10110031DEDEV,2026-03-17,117820,4,16,31,277.0
10110031DEDEV_2026-03-17_G85,10110031DEDEV,2026-03-17,110373,2,16,10,109.0
10110031DEDEV_2026-03-17_G86,10110031DEDEV,2026-03-17,117808,1,11,0,189.0
10110031DEDEV_2026-03-17_G87,10110031DEDEV,2026-03-17,"141202, 110372",3,30,37,112.0
10110031DEDEV_2026-03-17_G88,10110031DEDEV,2026-03-17,110375,1,3,0,290.0
10110031DEDEV_2026-03-17_G89,10110031DEDEV,2026-03-17,118299,1,3,0,53.0
10110031DEDEV_2026-03-17_G90,10110031DEDEV,2026-03-17,110371,1,8,0,166.0
10110031DEDEV_2026-03-17_G91,10110031DEDEV,2026-03-17,117830,1,10,0,128.0
10110031DEDEV_2026-03-17_G92,10110031DEDEV,2026-03-17,117830,1,6,0,65.0
10110031DEDEV_2026-03-18_G03,10110031DEDEV,2026-03-18,111462,1,150,0,787.0
10110031DEDEV_2026-03-18_G04,10110031DEDEV,2026-03-18,107236,1,60,0,336.0
10110031DEDEV_2026-03-18_G05,10110031DEDEV,2026-03-18,111469,1,100,0,1254.0
10110031DEDEV_2026-03-18_G06,10110031DEDEV,2026-03-18,141458,1,2,0,185.0
10110031DEDEV_2026-03-18_G07,10110031DEDEV,2026-03-18,109640,1,82,0,869.0
10110031DEDEV_2026-03-18_G08,10110031DEDEV,2026-03-18,109641,1,20,0,863.0
10110031DEDEV_2026-03-18_G09,10110031DEDEV,2026-03-18,109645,1,10,0,2042.0
10110031DEDEV_2026-03-18_G11,10110031DEDEV,2026-03-18,120002,1,7,0,287.0
10110031DEDEV_2026-03-18_G12,10110031DEDEV,2026-03-18,110376,1,20,0,168.0
10110031DEDEV_2026-03-18_G13,10110031DEDEV,2026-03-18,110339,1,93,0,729.0
10110031DEDEV_2026-03-18_G14,10110031DEDEV,2026-03-18,117855,1,48,0,1478.0
10110031DEDEV_2026-03-18_G15,10110031DEDEV,2026-03-18,140923,1,169,0,31.0
10110031DEDEV_2026-03-18_G16,10110031DEDEV,2026-03-18,140923,1,41,0,1788.0
10110031DEDEV_2026-03-18_G17,10110031DEDEV,2026-03-18,110741,1,6,0,55.0
10110031DEDEV_2026-03-18_G18,10110031DEDEV,2026-03-18,107629,1,16,0,126.0
10110031DEDEV_2026-03-18_G19,10110031DEDEV,2026-03-18,118094,1,24,0,542.0
10110031DEDEV_2026-03-18_G20,10110031DEDEV,2026-03-18,110339,1,4,0,96.0
10110031DEDEV_2026-03-18_G21,10110031DEDEV,2026-03-18,108772,1,4,0,127.0
10110031DEDEV_2026-03-18_G22,10110031DEDEV,2026-03-18,111876,1,4,0,1001.0
10110031DEDEV_2026-03-18_G23,10110031DEDEV,2026-03-18,110751,1,5,0,365.0
10110031DEDEV_2026-03-18_G24,10110031DEDEV,2026-03-18,117821,1,10,0,101.0
10110031DEDEV_2026-03-18_G25,10110031DEDEV,2026-03-18,108795,1,7,0,157.0
10110031DEDEV_2026-03-18_G26,10110031DEDEV,2026-03-18,142093,1,7,0,108.0
10110031DEDEV_2026-03-18_G27,10110031DEDEV,2026-03-18,111469,1,24,0,344.0
10110031DEDEV_2026-03-18_G28,10110031DEDEV,2026-03-18,117838,1,4,0,210.0
10110031DEDEV_2026-03-18_G29,10110031DEDEV,2026-03-18,111330,1,4,0,364.0
10110031DEDEV_2026-03-18_G30,10110031DEDEV,2026-03-18,111418,1,178,0,223.0
10110031DEDEV_2026-03-18_G31,10110031DEDEV,2026-03-18,111466,1,20,0,322.0
10110031DEDEV_2026-03-18_G32,10110031DEDEV,2026-03-18,117787,1,2,0,94.0
10110031DEDEV_2026-03-19_G02,10110031DEDEV,2026-03-19,108772,1,30,0,479.0
10110031DEDEV_2026-03-19_G03,10110031DEDEV,2026-03-19,111445,1,14,0,874.0
10110031DEDEV_2026-03-19_G04,10110031DEDEV,2026-03-19,117808,1,1378,0,3168.0
10110031DEDEV_2026-03-19_G05,10110031DEDEV,2026-03-19,118299,1,811,0,1931.0
10110031DEDEV_2026-03-19_G06,10110031DEDEV,2026-03-19,111469,1,16,0,491.0
10110031DEDEV_2026-03-19_G07,10110031DEDEV,2026-03-19,140923,1,12,0,188.0
10110031DEDEV_2026-03-19_G08,10110031DEDEV,2026-03-19,117834,1,5,0,78.0
10110031DEDEV_2026-03-19_G09,10110031DEDEV,2026-03-19,118250,1,10,0,108.0
10110031DEDEV_2026-03-19_G10,10110031DEDEV,2026-03-19,118251,1,4,0,107.0
10110031DEDEV_2026-03-19_G11,10110031DEDEV,2026-03-19,111602,1,3,0,975.0
10110031DEDEV_2026-03-19_G13,10110031DEDEV,2026-03-19,118416,1,2,0,217.0
10110031DEDEV_2026-03-19_G14,10110031DEDEV,2026-03-19,140957,1,6,0,177.0
10110031DEDEV_2026-03-19_G15,10110031DEDEV,2026-03-19,110581,1,2,0,74.0
10110031DEDEV_2026-03-19_G16,10110031DEDEV,2026-03-19,118322,1,8,0,62.0
10110031DEDEV_2026-03-19_G17,10110031DEDEV,2026-03-19,117856,1,20,0,217.0
10110031DEDEV_2026-03-19_G18,10110031DEDEV,2026-03-19,141352,1,5,0,77.0
10110031DEDEV_2026-03-19_G19,10110031DEDEV,2026-03-19,141066,1,1,0,69.0
10110031DEDEV_2026-03-19_G20,10110031DEDEV,2026-03-19,110063,1,1,0,117.0
10110031DEDEV_2026-03-19_G21,10110031DEDEV,2026-03-19,140923,1,50,0,609.0
10110031DEDEV_2026-03-19_G22,10110031DEDEV,2026-03-19,117855,1,46,0,627.0
10110031DEDEV_2026-03-19_G23,10110031DEDEV,2026-03-19,118094,1,40,0,600.0
10110031DEDEV_2026-03-19_G24,10110031DEDEV,2026-03-19,110311,1,2,0,113.0
10110031DEDEV_2026-03-19_G25,10110031DEDEV,2026-03-19,111437,1,9,0,229.0
10110031DEDEV_2026-03-19_G26,10110031DEDEV,2026-03-19,110755,1,8,0,99.0
10110031DEDEV_2026-03-19_G27,10110031DEDEV,2026-03-19,142045,1,22,0,429.0
10110031DEDEV_2026-03-19_G28,10110031DEDEV,2026-03-19,117835,1,8,0,465.0
10110031DEDEV_2026-03-19_G29,10110031DEDEV,2026-03-19,110582,1,12,0,120.0
10110031DEDEV_2026-03-19_G30,10110031DEDEV,2026-03-19,110754,1,1,0,91.0
10110031DEDEV_2026-03-19_G31,10110031DEDEV,2026-03-19,118269,1,4,0,318.0
10110031DEDEV_2026-03-19_G32,10110031DEDEV,2026-03-19,110895,1,20,0,2683.0
10110031DEDEV_2026-03-19_G33,10110031DEDEV,2026-03-19,141916,1,20,0,181.0
10110031DEDEV_2026-03-20_G02,10110031DEDEV,2026-03-20,111467,1,8,0,611.0
10110031DEDEV_2026-03-20_G03,10110031DEDEV,2026-03-20,110787,1,24,0,602.0
10110031DEDEV_2026-03-20_G04,10110031DEDEV,2026-03-20,111443,1,20,0,240.0
10110031DEDEV_2026-03-20_G05,10110031DEDEV,2026-03-20,111418,1,40,0,132.0
10110031DEDEV_2026-03-20_G06,10110031DEDEV,2026-03-20,141271,1,8,0,182.0
10110031DEDEV_2026-03-20_G07,10110031DEDEV,2026-03-20,110740,1,40,0,611.0
10110031DEDEV_2026-03-20_G08,10110031DEDEV,2026-03-20,111466,1,40,0,1319.0
10110031DEDEV_2026-03-20_G09,10110031DEDEV,2026-03-20,108711,1,60,0,273.0
10110031DEDEV_2026-03-20_G10,10110031DEDEV,2026-03-20,111466,1,300,0,2558.0
10110031DEDEV_2026-03-20_G11,10110031DEDEV,2026-03-20,110373,1,90,0,257.0
10110031DEDEV_2026-03-20_G12,10110031DEDEV,2026-03-20,110372,1,4,0,984.0
10110031DEDEV_2026-03-20_G14,10110031DEDEV,2026-03-20,117808,1,410,0,1002.0
10110031DEDEV_2026-03-20_G15,10110031DEDEV,2026-03-20,110371,1,28,0,235.0
10110031DEDEV_2026-03-20_G16,10110031DEDEV,2026-03-20,110371,1,2,0,33.0
10110031DEDEV_2026-03-20_G17,10110031DEDEV,2026-03-20,110372,2,324,12,2210.0
10110031DEDEV_2026-03-20_G18,10110031DEDEV,2026-03-20,117833,1,34,0,911.0
10110031DEDEV_2026-03-20_G19,10110031DEDEV,2026-03-20,111418,1,9,0,123.0
10110031DEDEV_2026-03-20_G20,10110031DEDEV,2026-03-20,110373,1,10,0,596.0
10110031DEDEV_2026-03-20_G21,10110031DEDEV,2026-03-20,117820,1,6,0,75.0
10110031DEDEV_2026-03-20_G22,10110031DEDEV,2026-03-20,110372,1,5,0,78.0
10110031DEDEV_2026-03-20_G23,10110031DEDEV,2026-03-20,118299,1,8,0,114.0
10110031DEDEV_2026-03-20_G24,10110031DEDEV,2026-03-20,111172,1,6,0,255.0
10110031DEDEV_2026-03-20_G25,10110031DEDEV,2026-03-20,117838,1,2,0,228.0
10110031DEDEV_2026-03-20_G26,10110031DEDEV,2026-03-20,118317,1,20,0,357.0
10110031DEDEV_2026-03-20_G27,10110031DEDEV,2026-03-20,140922,1,12,0,123.0
10110031DEDEV_2026-03-20_G28,10110031DEDEV,2026-03-20,111465,1,4,0,74.0
10110031DEDEV_2026-03-20_G29,10110031DEDEV,2026-03-20,111743,1,6,0,929.0
10110031DEDEV_2026-03-20_G30,10110031DEDEV,2026-03-20,117831,1,8,0,77.0
10110031DEDEV_2026-03-20_G31,10110031DEDEV,2026-03-20,111433,1,4,0,330.0
10110031DEDEV_2026-03-20_G32,10110031DEDEV,2026-03-20,141458,1,6,0,420.0
10110031DEDEV_2026-03-20_G33,10110031DEDEV,2026-03-20,111469,1,20,0,52.0
10110031DEDEV_2026-03-20_G34,10110031DEDEV,2026-03-20,117855,1,20,0,153.0
10110031DEDEV_2026-03-20_G35,10110031DEDEV,2026-03-20,111466,2,70,9,353.0
10110031DEDEV_2026-03-20_G36,10110031DEDEV,2026-03-20,117853,1,12,0,213.0
10110031DEDEV_2026-03-20_G37,10110031DEDEV,2026-03-20,141047,1,6,0,107.0
10110031DEDEV_2026-03-20_G38,10110031DEDEV,2026-03-20,117862,1,12,0,199.0
10110031DEDEV_2026-03-20_G39,10110031DEDEV,2026-03-20,111530,1,50,0,428.0
10110031DEDEV_2026-03-21_G02,10110031DEDEV,2026-03-21,111569,1,5,0,197.0
10110031DEDEV_2026-03-21_G03,10110031DEDEV,2026-03-21,142045,1,6,0,103.0
10110031DEDEV_2026-03-21_G04,10110031DEDEV,2026-03-21,110747,1,7,0,126.0
10110031DEDEV_2026-03-21_G05,10110031DEDEV,2026-03-21,118317,1,5,0,173.0
10110031DEDEV_2026-03-21_G06,10110031DEDEV,2026-03-21,140922,1,4,0,33.0
10110031DEDEV_2026-03-21_G07,10110031DEDEV,2026-03-21,116241,1,4,0,174.0
10110031DEDEV_2026-03-21_G09,10110031DEDEV,2026-03-21,117809,1,33,0,209.0
10110031DEDEV_2026-03-21_G10,10110031DEDEV,2026-03-21,109648,1,3,0,66.0
10110031DEDEV_2026-03-21_G11,10110031DEDEV,2026-03-21,140922,1,26,0,379.0
10110031DEDEV_2026-03-21_G12,10110031DEDEV,2026-03-21,111465,1,3,0,94.0
10110031DEDEV_2026-03-21_G13,10110031DEDEV,2026-03-21,117821,1,15,0,102.0
10110031DEDEV_2026-03-21_G14,10110031DEDEV,2026-03-21,110743,1,6,0,313.0
10110031DEDEV_2026-03-21_G15,10110031DEDEV,2026-03-21,140957,1,6,0,162.0
10110031DEDEV_2026-03-21_G16,10110031DEDEV,2026-03-21,107629,1,2,0,44.0
10110031DEDEV_2026-03-21_G17,10110031DEDEV,2026-03-21,111530,1,18,0,147.0
10110031DEDEV_2026-03-21_G18,10110031DEDEV,2026-03-21,141166,1,15,0,117.0
10110031DEDEV_2026-03-21_G19,10110031DEDEV,2026-03-21,111602,1,62,0,425.0
10110031DEDEV_2026-03-21_G20,10110031DEDEV,2026-03-21,117856,1,40,0,511.0
10110031DEDEV_2026-03-21_G21,10110031DEDEV,2026-03-21,117862,1,25,0,483.0
10110031DEDEV_2026-03-21_G22,10110031DEDEV,2026-03-21,111120,1,2,0,191.0
10110031DEDEV_2026-03-21_G23,10110031DEDEV,2026-03-21,141916,1,9,0,133.0
10110031DEDEV_2026-03-21_G24,10110031DEDEV,2026-03-21,115821,1,4,0,202.0
10110031DEDEV_2026-03-21_G25,10110031DEDEV,2026-03-21,111447,1,8,0,107.0
10110031DEDEV_2026-03-21_G26,10110031DEDEV,2026-03-21,141318,1,12,0,132.0
10110031DEDEV_2026-03-21_G27,10110031DEDEV,2026-03-21,110375,1,2,0,60.0
10110031DEDEV_2026-03-21_G28,10110031DEDEV,2026-03-21,110371,1,1,0,71.0
10110031DEDEV_2026-03-21_G29,10110031DEDEV,2026-03-21,117833,1,13,0,239.0
10110031DEDEV_2026-03-21_G30,10110031DEDEV,2026-03-21,109645,1,2,0,115.0
10110031DEDEV_2026-03-21_G31,10110031DEDEV,2026-03-21,110740,1,11,0,372.0
10110031DEDEV_2026-03-21_G32,10110031DEDEV,2026-03-21,141035,1,8,0,407.0
10110031DEDEV_2026-03-21_G33,10110031DEDEV,2026-03-21,117855,1,16,0,74.0
10110031DEDEV_2026-03-21_G34,10110031DEDEV,2026-03-21,140923,1,20,0,484.0
10110031DEDEV_2026-03-21_G35,10110031DEDEV,2026-03-21,109649,1,6,0,329.0
10110031DEDEV_2026-03-21_G36,10110031DEDEV,2026-03-21,117838,1,6,0,221.0
10110031DEDEV_2026-03-22_G02,10110031DEDEV,2026-03-22,110741,1,2,0,143.0
10110031DEDEV_2026-03-22_G03,10110031DEDEV,2026-03-22,117855,1,2,0,41.0
10110031DEDEV_2026-03-22_G04,10110031DEDEV,2026-03-22,111439,1,4,0,153.0
10110031DEDEV_2026-03-22_G05,10110031DEDEV,2026-03-22,111438,1,2,0,141.0
10110031DEDEV_2026-03-22_G06,10110031DEDEV,2026-03-22,111438,1,5,0,74.0
10110031DEDEV_2026-03-22_G07,10110031DEDEV,2026-03-22,111438,1,15,0,31.0
10110031DEDEV_2026-03-22_G08,10110031DEDEV,2026-03-22,111569,1,2,0,138.0
10110031DEDEV_2026-03-22_G09,10110031DEDEV,2026-03-22,142045,1,4,0,82.0
10110031DEDEV_2026-03-22_G10,10110031DEDEV,2026-03-22,100334,1,2,0,120.0
10110031DEDEV_2026-03-22_G11,10110031DEDEV,2026-03-22,111530,1,16,0,624.0
10110031DEDEV_2026-03-22_G12,10110031DEDEV,2026-03-22,110374,1,4,0,3087.0
10110031DEDEV_2026-03-22_G13,10110031DEDEV,2026-03-22,118299,1,10,0,279.0
10110031DEDEV_2026-03-22_G14,10110031DEDEV,2026-03-22,110373,1,4,0,146.0
10110031DEDEV_2026-03-22_G15,10110031DEDEV,2026-03-22,117855,1,4,0,154.0
10110031DEDEV_2026-03-22_G16,10110031DEDEV,2026-03-22,109647,1,2,0,116.0
10110031DEDEV_2026-03-22_G17,10110031DEDEV,2026-03-22,140923,1,10,0,237.0
10110031DEDEV_2026-03-22_G18,10110031DEDEV,2026-03-22,110755,1,4,0,100.0
10110031DEDEV_2026-03-23_G02,10110031DEDEV,2026-03-23,117856,1,6,0,89.0
10110031DEDEV_2026-03-23_G03,10110031DEDEV,2026-03-23,109640,1,14,0,122.0
10110031DEDEV_2026-03-23_G04,10110031DEDEV,2026-03-23,118299,1,16,0,147.0
10110031DEDEV_2026-03-23_G05,10110031DEDEV,2026-03-23,117820,1,5,0,138.0
10110031DEDEV_2026-03-23_G06,10110031DEDEV,2026-03-23,110372,1,8,0,139.0
10110031DEDEV_2026-03-23_G07,10110031DEDEV,2026-03-23,140922,1,3,0,132.0
10110031DEDEV_2026-03-23_G08,10110031DEDEV,2026-03-23,111462,1,8,0,194.0
10110031DEDEV_2026-03-23_G09,10110031DEDEV,2026-03-23,111418,1,3,0,122.0
10110031DEDEV_2026-03-23_G10,10110031DEDEV,2026-03-23,117833,1,6,0,141.0
10110031DEDEV_2026-03-23_G11,10110031DEDEV,2026-03-23,109645,1,4,0,111.0
10110031DEDEV_2026-03-23_G12,10110031DEDEV,2026-03-23,141458,1,4,0,136.0
10110031DEDEV_2026-03-23_G13,10110031DEDEV,2026-03-23,111532,1,28,0,1249.0
10110031DEDEV_2026-03-23_G14,10110031DEDEV,2026-03-23,111743,1,16,0,207.0
10110031DEDEV_2026-03-23_G15,10110031DEDEV,2026-03-23,141457,1,17,0,1550.0
10110031DEDEV_2026-03-23_G16,10110031DEDEV,2026-03-23,110374,1,20,0,720.0
10110031DEDEV_2026-03-23_G17,10110031DEDEV,2026-03-23,109643,1,4,0,586.0
10110031DEDEV_2026-03-23_G18,10110031DEDEV,2026-03-23,141202,1,10,0,246.0
10110031DEDEV_2026-03-23_G19,10110031DEDEV,2026-03-23,117853,1,4,0,188.0
10110031DEDEV_2026-03-23_G20,10110031DEDEV,2026-03-23,141047,1,4,0,51.0
10110031DEDEV_2026-03-23_G21,10110031DEDEV,2026-03-23,109640,1,5,0,200.0
10110031DEDEV_2026-03-23_G22,10110031DEDEV,2026-03-23,110747,1,4,0,209.0
10110031DEDEV_2026-03-23_G23,10110031DEDEV,2026-03-23,111468,1,11,0,152.0
10110031DEDEV_2026-03-23_G24,10110031DEDEV,2026-03-23,110339,1,4,0,464.0
10110031DEDEV_2026-03-23_G25,10110031DEDEV,2026-03-23,117837,1,4,0,1795.0
10110031DEDEV_2026-03-23_G27,10110031DEDEV,2026-03-23,110372,1,40,0,278.0
10110031DEDEV_2026-03-23_G28,10110031DEDEV,2026-03-23,110375,1,10,0,613.0
10110031DEDEV_2026-03-23_G29,10110031DEDEV,2026-03-23,109649,1,3,0,276.0
10110031DEDEV_2026-03-23_G30,10110031DEDEV,2026-03-23,110743,1,8,0,234.0
10110031DEDEV_2026-03-23_G31,10110031DEDEV,2026-03-23,111743,1,10,0,153.0
10110031DEDEV_2026-03-23_G32,10110031DEDEV,2026-03-23,111446,1,2,0,59.0
10110031DEDEV_2026-03-23_G33,10110031DEDEV,2026-03-23,111469,1,100,0,691.0
10110031DEDEV_2026-03-23_G34,10110031DEDEV,2026-03-23,141271,1,30,0,283.0
10110031DEDEV_2026-03-23_G35,10110031DEDEV,2026-03-23,117838,1,2,0,115.0
10110031DEDEV_2026-03-23_G36,10110031DEDEV,2026-03-23,111463,1,20,0,199.0
10110031DEDEV_2026-03-23_G37,10110031DEDEV,2026-03-23,140922,1,200,0,2301.0
10110031DEDEV_2026-03-23_G38,10110031DEDEV,2026-03-23,110129,1,40,0,284.0
10110031DEDEV_2026-03-23_G39,10110031DEDEV,2026-03-23,141823,1,40,0,274.0
10110031DEDEV_2026-03-23_G40,10110031DEDEV,2026-03-23,111466,1,40,0,293.0
10110031DEDEV_2026-03-23_G41,10110031DEDEV,2026-03-23,141458,1,150,0,40.0
10110031DEDEV_2026-03-23_G42,10110031DEDEV,2026-03-23,117785,1,100,0,628.0
10110031DEDEV_2026-03-23_G43,10110031DEDEV,2026-03-23,117837,1,2,0,367.0
10110031DEDEV_2026-03-23_G44,10110031DEDEV,2026-03-23,111466,1,79,0,691.0
10110031DEDEV_2026-03-23_G45,10110031DEDEV,2026-03-23,117831,1,10,0,211.0
10110031DEDEV_2026-03-23_G46,10110031DEDEV,2026-03-23,111469,1,1,0,50.0
10110031DEDEV_2026-03-23_G47,10110031DEDEV,2026-03-23,142093,1,8,0,135.0
10110031DEDEV_2026-03-23_G48,10110031DEDEV,2026-03-23,110752,1,4,0,130.0
10110031DEDEV_2026-03-24_G02,10110031DEDEV,2026-03-24,117853,1,8,0,131.0
10110031DEDEV_2026-03-24_G03,10110031DEDEV,2026-03-24,111418,1,234,0,1058.0
10110031DEDEV_2026-03-24_G04,10110031DEDEV,2026-03-24,117855,1,19,0,341.0
10110031DEDEV_2026-03-24_G05,10110031DEDEV,2026-03-24,100334,1,10,0,209.0
10110031DEDEV_2026-03-24_G06,10110031DEDEV,2026-03-24,140923,1,47,0,1027.0
10110031DEDEV_2026-03-24_G07,10110031DEDEV,2026-03-24,140923,1,1,0,1339.0
10110031DEDEV_2026-03-24_G08,10110031DEDEV,2026-03-24,117856,1,4,0,93.0
10110031DEDEV_2026-03-24_G09,10110031DEDEV,2026-03-24,140922,1,4,0,157.0
10110031DEDEV_2026-03-24_G10,10110031DEDEV,2026-03-24,142093,1,2,0,180.0
10110031DEDEV_2026-03-24_G11,10110031DEDEV,2026-03-24,111743,1,4,0,124.0
10110031DEDEV_2026-03-24_G12,10110031DEDEV,2026-03-24,109641,1,2,0,159.0
10110031DEDEV_2026-03-24_G13,10110031DEDEV,2026-03-24,117833,1,4,0,259.0
10110031DEDEV_2026-03-24_G14,10110031DEDEV,2026-03-24,110740,1,4,0,185.0
10110031DEDEV_2026-03-24_G15,10110031DEDEV,2026-03-24,105705,1,2,0,79.0
10110031DEDEV_2026-03-24_G16,10110031DEDEV,2026-03-24,117809,1,2,0,192.0
10110031DEDEV_2026-03-24_G17,10110031DEDEV,2026-03-24,117808,1,4,0,826.0
10110031DEDEV_2026-03-24_G18,10110031DEDEV,2026-03-24,117832,1,2,0,206.0
10110031DEDEV_2026-03-24_G19,10110031DEDEV,2026-03-24,117830,1,2,0,123.0
10110031DEDEV_2026-03-24_G20,10110031DEDEV,2026-03-24,117822,1,8,0,748.0
10110031DEDEV_2026-03-24_G21,10110031DEDEV,2026-03-24,110895,1,4,0,877.0
10110031DEDEV_2026-03-24_G22,10110031DEDEV,2026-03-24,110895,1,1,0,49.0
10110031DEDEV_2026-03-24_G23,10110031DEDEV,2026-03-24,110787,1,3,0,167.0
10110031DEDEV_2026-03-24_G24,10110031DEDEV,2026-03-24,110374,1,4,0,256.0
10110031DEDEV_2026-03-24_G25,10110031DEDEV,2026-03-24,110325,1,2,0,327.0
10110031DEDEV_2026-03-24_G26,10110031DEDEV,2026-03-24,111112,1,2,0,1008.0
10110031DEDEV_2026-03-24_G27,10110031DEDEV,2026-03-24,142093,1,6,0,465.0
10110031DEDEV_2026-03-24_G28,10110031DEDEV,2026-03-24,110895,1,8,0,665.0
10110031DEDEV_2026-03-24_G29,10110031DEDEV,2026-03-24,117832,1,4,0,125.0
10110031DEDEV_2026-03-24_G30,10110031DEDEV,2026-03-24,117822,1,4,0,100.0
10110031DEDEV_2026-03-24_G32,10110031DEDEV,2026-03-24,118299,1,2,0,39.0
10110031DEDEV_2026-03-24_G33,10110031DEDEV,2026-03-24,118299,3,17,16,52.0
10110031DEDEV_2026-03-24_G34,10110031DEDEV,2026-03-24,109643,1,4,0,105.0
10110031DEDEV_2026-03-24_G35,10110031DEDEV,2026-03-24,"117820, 110373",6,54,66,132.0
10110031DEDEV_2026-03-24_G36,10110031DEDEV,2026-03-24,110372,4,36,42,306.0
10110031DEDEV_2026-03-24_G37,10110031DEDEV,2026-03-24,117808,4,68,43,400.0
10110031DEDEV_2026-03-24_G38,10110031DEDEV,2026-03-24,110375,1,4,0,101.0
10110031DEDEV_2026-03-24_G39,10110031DEDEV,2026-03-24,110325,4,13,27,198.0
10110031DEDEV_2026-03-24_G40,10110031DEDEV,2026-03-24,140922,1,2,0,380.0
10110031DEDEV_2026-03-24_G41,10110031DEDEV,2026-03-24,"117842, 111466",5,30,54,205.0
10110031DEDEV_2026-03-24_G42,10110031DEDEV,2026-03-24,117785,3,12,14,160.0
10110031DEDEV_2026-03-24_G43,10110031DEDEV,2026-03-24,111462,3,15,15,441.0
10110031DEDEV_2026-03-24_G44,10110031DEDEV,2026-03-24,111465,1,2,0,87.0
10110031DEDEV_2026-03-24_G45,10110031DEDEV,2026-03-24,142093,3,10,15,72.0
10110031DEDEV_2026-03-24_G46,10110031DEDEV,2026-03-24,109641,1,2,0,158.0
10110031DEDEV_2026-03-24_G47,10110031DEDEV,2026-03-24,111418,4,31,32,37.0
10110031DEDEV_2026-03-24_G48,10110031DEDEV,2026-03-24,117831,1,4,0,243.0
10110031DEDEV_2026-03-24_G49,10110031DEDEV,2026-03-24,117787,1,2,0,220.0
10110031DEDEV_2026-03-24_G50,10110031DEDEV,2026-03-24,110325,1,4,0,41.0
10110031DEDEV_2026-03-24_G51,10110031DEDEV,2026-03-24,117835,1,2,0,322.0
10110031DEDEV_2026-03-24_G52,10110031DEDEV,2026-03-24,100334,1,4,0,420.0
10110031DEDEV_2026-03-24_G53,10110031DEDEV,2026-03-24,107629,1,4,0,185.0
10110031DEDEV_2026-03-24_G54,10110031DEDEV,2026-03-24,118094,1,22,0,148.0
10110031DEDEV_2026-03-24_G55,10110031DEDEV,2026-03-24,111439,1,2,0,77.0
10110031DEDEV_2026-03-24_G56,10110031DEDEV,2026-03-24,117855,1,8,0,61.0
10110031DEDEV_2026-03-24_G57,10110031DEDEV,2026-03-24,140923,4,18,27,101.0
10110031DEDEV_2026-03-24_G58,10110031DEDEV,2026-03-24,117856,1,2,0,169.0
10110031DEDEV_2026-03-24_G59,10110031DEDEV,2026-03-24,110339,1,2,0,52.0
10110031DEDEV_2026-03-24_G60,10110031DEDEV,2026-03-24,117861,1,6,0,300.0
10110031DEDEV_2026-03-24_G61,10110031DEDEV,2026-03-24,117862,1,26,0,384.0
10110031DEDEV_2026-03-24_G62,10110031DEDEV,2026-03-24,110339,2,4,11,99.0
10110031DEDEV_2026-03-24_G63,10110031DEDEV,2026-03-24,"117830, 110371",3,12,33,353.0
10110031DEDEV_2026-03-24_G64,10110031DEDEV,2026-03-24,117837,1,2,0,939.0
10110031DEDEV_2026-03-24_G65,10110031DEDEV,2026-03-24,117809,1,100,0,998.0
10110031DEDEV_2026-03-25_G02,10110031DEDEV,2026-03-25,111465,1,1,0,58.0
10110031DEDEV_2026-03-25_G03,10110031DEDEV,2026-03-25,108795,1,20,0,201.0
10110031DEDEV_2026-03-25_G04,10110031DEDEV,2026-03-25,107236,1,20,0,224.0
10110031DEDEV_2026-03-25_G05,10110031DEDEV,2026-03-25,111463,1,40,0,708.0
10110031DEDEV_2026-03-25_G06,10110031DEDEV,2026-03-25,111462,1,60,0,859.0
10110031DEDEV_2026-03-25_G07,10110031DEDEV,2026-03-25,110752,1,10,0,1582.0
10110031DEDEV_2026-03-25_G08,10110031DEDEV,2026-03-25,117855,1,10,0,151.0
10110031DEDEV_2026-03-25_G09,10110031DEDEV,2026-03-25,110733,1,10,0,212.0
10110031DEDEV_2026-03-25_G10,10110031DEDEV,2026-03-25,111463,1,74,0,483.0
10110031DEDEV_2026-03-25_G11,10110031DEDEV,2026-03-25,110787,1,60,0,310.0
10110031DEDEV_2026-03-25_G12,10110031DEDEV,2026-03-25,111469,1,60,0,285.0
10110031DEDEV_2026-03-25_G13,10110031DEDEV,2026-03-25,117808,1,50,0,384.0
10110031DEDEV_2026-03-25_G14,10110031DEDEV,2026-03-25,109640,1,20,0,399.0
10110031DEDEV_2026-03-25_G15,10110031DEDEV,2026-03-25,111530,1,50,0,327.0
10110031DEDEV_2026-03-25_G16,10110031DEDEV,2026-03-25,110733,1,20,0,498.0
10110031DEDEV_2026-03-25_G17,10110031DEDEV,2026-03-25,110895,1,20,0,266.0
10110031DEDEV_2026-03-25_G18,10110031DEDEV,2026-03-25,142045,1,20,0,646.0
10110031DEDEV_2026-03-25_G19,10110031DEDEV,2026-03-25,111602,1,100,0,754.0
10110031DEDEV_2026-03-25_G21,10110031DEDEV,2026-03-25,117862,1,1,0,80.0
10110031DEDEV_2026-03-25_G22,10110031DEDEV,2026-03-25,141166,1,4,0,129.0
10110031DEDEV_2026-03-25_G23,10110031DEDEV,2026-03-25,111466,2,5,8,124.0
10110031DEDEV_2026-03-25_G24,10110031DEDEV,2026-03-25,141456,1,5,0,100.0
10110031DEDEV_2026-03-25_G25,10110031DEDEV,2026-03-25,111463,1,4,0,131.0
10110031DEDEV_2026-03-25_G26,10110031DEDEV,2026-03-25,105705,1,4,0,429.0
10110031DEDEV_2026-03-25_G27,10110031DEDEV,2026-03-25,110374,1,11,0,101.0
10110031DEDEV_2026-03-25_G28,10110031DEDEV,2026-03-25,117832,1,8,0,210.0
10110031DEDEV_2026-03-25_G29,10110031DEDEV,2026-03-25,110376,1,10,0,499.0
10110031DEDEV_2026-03-25_G30,10110031DEDEV,2026-03-25,111463,1,13,0,138.0
10110031DEDEV_2026-03-25_G31,10110031DEDEV,2026-03-25,110313,1,6,0,123.0
10110031DEDEV_2026-03-25_G32,10110031DEDEV,2026-03-25,110787,1,5,0,108.0
10110031DEDEV_2026-03-25_G33,10110031DEDEV,2026-03-25,105705,1,2,0,76.0
10110031DEDEV_2026-03-25_G34,10110031DEDEV,2026-03-25,108795,1,4,0,369.0
10110031DEDEV_2026-03-25_G35,10110031DEDEV,2026-03-25,111469,1,3,0,121.0
10110031DEDEV_2026-03-25_G36,10110031DEDEV,2026-03-25,117862,1,4,0,150.0
10110031DEDEV_2026-03-25_G37,10110031DEDEV,2026-03-25,110747,1,4,0,119.0
10110031DEDEV_2026-03-25_G38,10110031DEDEV,2026-03-25,111530,1,4,0,139.0
10110031DEDEV_2026-03-25_G39,10110031DEDEV,2026-03-25,109647,1,2,0,46.0
10110031DEDEV_2026-03-25_G40,10110031DEDEV,2026-03-25,110339,1,2,0,137.0
10110031DEDEV_2026-03-25_G41,10110031DEDEV,2026-03-25,111462,1,4,0,683.0
10110031DEDEV_2026-03-25_G42,10110031DEDEV,2026-03-25,111743,1,4,0,109.0
10110031DEDEV_2026-03-25_G43,10110031DEDEV,2026-03-25,111418,1,10,0,157.0
10110031DEDEV_2026-03-25_G44,10110031DEDEV,2026-03-25,142093,1,6,0,346.0
10110031DEDEV_2026-03-25_G45,10110031DEDEV,2026-03-25,111469,1,4,0,74.0
10110031DEDEV_2026-03-25_G46,10110031DEDEV,2026-03-25,110787,1,4,0,287.0
10110031DEDEV_2026-03-25_G47,10110031DEDEV,2026-03-25,110787,1,6,0,68.0
10110031DEDEV_2026-03-25_G48,10110031DEDEV,2026-03-25,117855,1,2,0,450.0
10110031DEDEV_2026-03-25_G49,10110031DEDEV,2026-03-25,111443,2,6,22,93.0
10110031DEDEV_2026-03-25_G50,10110031DEDEV,2026-03-25,111443,1,8,0,575.0
10110031DEDEV_2026-03-25_G51,10110031DEDEV,2026-03-25,111443,1,2,0,39.0
10110031DEDEV_2026-03-25_G52,10110031DEDEV,2026-03-25,141456,2,4,25,385.0
10110031DEDEV_2026-03-25_G53,10110031DEDEV,2026-03-25,118299,1,600,0,3246.0
10110031DEDEV_2026-03-26_G02,10110031DEDEV,2026-03-26,100334,1,4,0,87.0
10110031DEDEV_2026-03-26_G03,10110031DEDEV,2026-03-26,110747,1,6,0,88.0
10110031DEDEV_2026-03-26_G04,10110031DEDEV,2026-03-26,110747,1,8,0,185.0
10110031DEDEV_2026-03-26_G05,10110031DEDEV,2026-03-26,109647,1,2,0,111.0
10110031DEDEV_2026-03-26_G06,10110031DEDEV,2026-03-26,117855,1,4,0,112.0
10110031DEDEV_2026-03-26_G07,10110031DEDEV,2026-03-26,111443,1,2,0,172.0
10110031DEDEV_2026-03-26_G08,10110031DEDEV,2026-03-26,110751,1,4,0,86.0
10110031DEDEV_2026-03-26_G09,10110031DEDEV,2026-03-26,111465,1,8,0,80.0
10110031DEDEV_2026-03-26_G10,10110031DEDEV,2026-03-26,111743,1,2,0,145.0
10110031DEDEV_2026-03-26_G11,10110031DEDEV,2026-03-26,109641,1,8,0,92.0
10110031DEDEV_2026-03-26_G12,10110031DEDEV,2026-03-26,141456,2,12,9,536.0
10110031DEDEV_2026-03-26_G13,10110031DEDEV,2026-03-26,111463,1,15,0,166.0
10110031DEDEV_2026-03-26_G14,10110031DEDEV,2026-03-26,142093,1,4,0,58.0
10110031DEDEV_2026-03-26_G15,10110031DEDEV,2026-03-26,105705,1,2,0,198.0
10110031DEDEV_2026-03-26_G16,10110031DEDEV,2026-03-26,110374,1,6,0,120.0
10110031DEDEV_2026-03-26_G17,10110031DEDEV,2026-03-26,117809,1,28,0,243.0
10110031DEDEV_2026-03-26_G18,10110031DEDEV,2026-03-26,110373,1,8,0,138.0
10110031DEDEV_2026-03-26_G19,10110031DEDEV,2026-03-26,117820,2,30,11,514.0
10110031DEDEV_2026-03-26_G20,10110031DEDEV,2026-03-26,117832,3,35,22,319.0
10110031DEDEV_2026-03-26_G21,10110031DEDEV,2026-03-26,117822,1,2,0,188.0
10110031DEDEV_2026-03-26_G22,10110031DEDEV,2026-03-26,117830,1,16,0,167.0
10110031DEDEV_2026-03-26_G23,10110031DEDEV,2026-03-26,110372,1,40,0,1971.0
10110031DEDEV_2026-03-26_G24,10110031DEDEV,2026-03-26,110787,1,8,0,392.0
10110031DEDEV_2026-03-26_G25,10110031DEDEV,2026-03-26,111602,1,12,0,540.0
10110031DEDEV_2026-03-26_G26,10110031DEDEV,2026-03-26,110895,1,4,0,323.0
10110031DEDEV_2026-03-26_G27,10110031DEDEV,2026-03-26,140922,1,4,0,298.0
10110031DEDEV_2026-03-26_G28,10110031DEDEV,2026-03-26,110313,1,4,0,388.0
10110031DEDEV_2026-03-26_G29,10110031DEDEV,2026-03-26,141457,1,10,0,279.0
10110031DEDEV_2026-03-26_G30,10110031DEDEV,2026-03-26,110787,1,12,0,349.0
10110031DEDEV_2026-03-26_G32,10110031DEDEV,2026-03-26,105242,1,4,0,145.0
10110031DEDEV_2026-03-26_G33,10110031DEDEV,2026-03-26,"141456, 111330",2,101,24,725.0
10110031DEDEV_2026-03-26_G34,10110031DEDEV,2026-03-26,141457,1,154,0,519.0
10110031DEDEV_2026-03-26_G35,10110031DEDEV,2026-03-26,110787,1,240,0,856.0
10110031DEDEV_2026-03-26_G36,10110031DEDEV,2026-03-26,117808,1,1150,0,3542.0
10110031DEDEV_2026-03-26_G37,10110031DEDEV,2026-03-26,110376,1,43,0,1120.0
10110031DEDEV_2026-03-27_G02,10110031DEDEV,2026-03-27,111530,2,20,8,781.0
10110031DEDEV_2026-03-27_G03,10110031DEDEV,2026-03-27,117853,1,7,0,188.0
10110031DEDEV_2026-03-27_G04,10110031DEDEV,2026-03-27,111602,1,28,0,442.0
10110031DEDEV_2026-03-27_G05,10110031DEDEV,2026-03-27,140923,1,30,0,244.0
10110031DEDEV_2026-03-27_G06,10110031DEDEV,2026-03-27,108770,1,1,0,151.0
10110031DEDEV_2026-03-27_G07,10110031DEDEV,2026-03-27,111438,1,4,0,124.0
10110031DEDEV_2026-03-27_G08,10110031DEDEV,2026-03-27,111443,1,4,0,1015.0
10110031DEDEV_2026-03-27_G09,10110031DEDEV,2026-03-27,111465,1,9,0,127.0
10110031DEDEV_2026-03-27_G10,10110031DEDEV,2026-03-27,110787,1,42,0,327.0
10110031DEDEV_2026-03-27_G11,10110031DEDEV,2026-03-27,141456,1,8,0,163.0
10110031DEDEV_2026-03-27_G12,10110031DEDEV,2026-03-27,111468,1,12,0,153.0
10110031DEDEV_2026-03-27_G13,10110031DEDEV,2026-03-27,111466,1,24,0,454.0
10110031DEDEV_2026-03-27_G14,10110031DEDEV,2026-03-27,141166,1,14,0,890.0
10110031DEDEV_2026-03-27_G15,10110031DEDEV,2026-03-27,111466,1,7,0,2182.0
10110031DEDEV_2026-03-27_G16,10110031DEDEV,2026-03-27,111443,1,2,0,315.0
10110031DEDEV_2026-03-27_G17,10110031DEDEV,2026-03-27,140922,1,1,0,131.0
10110031DEDEV_2026-03-27_G18,10110031DEDEV,2026-03-27,160055,1,5,0,285.0
10110031DEDEV_2026-03-27_G19,10110031DEDEV,2026-03-27,111433,1,4,0,520.0
10110031DEDEV_2026-03-27_G20,10110031DEDEV,2026-03-27,141457,1,4,0,618.0
10110031DEDEV_2026-03-27_G21,10110031DEDEV,2026-03-27,141456,1,4,0,207.0
10110031DEDEV_2026-03-27_G22,10110031DEDEV,2026-03-27,142093,1,3,0,127.0
10110031DEDEV_2026-03-27_G23,10110031DEDEV,2026-03-27,105705,1,4,0,163.0
10110031DEDEV_2026-03-27_G24,10110031DEDEV,2026-03-27,141458,1,2,0,82.0
10110031DEDEV_2026-03-27_G25,10110031DEDEV,2026-03-27,118094,1,2,0,158.0
10110031DEDEV_2026-03-27_G26,10110031DEDEV,2026-03-27,160057,1,4,0,228.0
10110031DEDEV_2026-03-27_G27,10110031DEDEV,2026-03-27,100334,1,4,0,156.0
10110031DEDEV_2026-03-27_G28,10110031DEDEV,2026-03-27,110747,1,4,0,118.0
10110031DEDEV_2026-03-27_G29,10110031DEDEV,2026-03-27,110376,1,2,0,278.0
10110031DEDEV_2026-03-27_G30,10110031DEDEV,2026-03-27,118299,1,17,0,274.0
10110031DEDEV_2026-03-27_G31,10110031DEDEV,2026-03-27,117855,1,4,0,217.0
10110031DEDEV_2026-03-27_G32,10110031DEDEV,2026-03-27,140923,1,1,0,51.0
10110031DEDEV_2026-03-27_G33,10110031DEDEV,2026-03-27,110339,1,4,0,92.0
10110031DEDEV_2026-03-27_G34,10110031DEDEV,2026-03-27,117862,1,4,0,118.0
10110031DEDEV_2026-03-27_G36,10110031DEDEV,2026-03-27,111466,1,50,0,589.0
10110031DEDEV_2026-03-27_G37,10110031DEDEV,2026-03-27,117809,1,52,0,451.0
10110031DEDEV_2026-03-27_G38,10110031DEDEV,2026-03-27,111530,1,100,0,726.0
10110031DEDEV_2026-03-27_G39,10110031DEDEV,2026-03-27,110374,1,8,0,481.0
10110031DEDEV_2026-03-27_G40,10110031DEDEV,2026-03-27,117820,1,20,0,124.0
10110031DEDEV_2026-03-27_G41,10110031DEDEV,2026-03-27,111532,1,26,0,212.0
10110031DEDEV_2026-03-27_G42,10110031DEDEV,2026-03-27,111462,1,20,0,340.0
10110031DEDEV_2026-03-27_G43,10110031DEDEV,2026-03-27,110751,1,6,0,62.0
10110031DEDEV_2026-03-27_G44,10110031DEDEV,2026-03-27,140957,1,8,0,228.0
10110031DEDEV_2026-03-27_G45,10110031DEDEV,2026-03-27,141916,1,13,0,155.0
10110031DEDEV_2026-03-27_G46,10110031DEDEV,2026-03-27,111438,1,12,0,253.0
10110031DEDEV_2026-03-27_G47,10110031DEDEV,2026-03-27,110841,1,12,0,140.0
10110031DEDEV_2026-03-27_G48,10110031DEDEV,2026-03-27,110373,1,20,0,152.0
10110031DEDEV_2026-03-27_G49,10110031DEDEV,2026-03-27,117785,1,20,0,44.0
10110031DEDEV_2026-03-27_G50,10110031DEDEV,2026-03-27,111743,1,20,0,200.0
10110031DEDEV_2026-03-27_G51,10110031DEDEV,2026-03-27,"118094, 111530",2,70,26,451.0
10110031DEDEV_2026-03-27_G52,10110031DEDEV,2026-03-27,141457,1,30,0,244.0
10110031DEDEV_2026-03-27_G53,10110031DEDEV,2026-03-27,141271,1,12,0,89.0
10110031DEDEV_2026-03-27_G54,10110031DEDEV,2026-03-27,109641,1,16,0,285.0
10110031DEDEV_2026-03-27_G55,10110031DEDEV,2026-03-27,141457,2,12,10,629.0
10110031DEDEV_2026-03-27_G56,10110031DEDEV,2026-03-27,111463,2,52,17,219.0
10110031DEDEV_2026-03-27_G57,10110031DEDEV,2026-03-27,110787,1,16,0,52.0
10110031DEDEV_2026-03-27_G58,10110031DEDEV,2026-03-27,117808,1,150,0,512.0
10110031DEDEV_2026-03-27_G59,10110031DEDEV,2026-03-27,110375,1,12,0,253.0
10110031DEDEV_2026-03-27_G60,10110031DEDEV,2026-03-27,141456,1,20,0,58.0
10110031DEDEV_2026-03-27_G61,10110031DEDEV,2026-03-27,141456,1,12,0,84.0
10110031DEDEV_2026-03-27_G62,10110031DEDEV,2026-03-27,108798,1,8,0,72.0
10110031DEDEV_2026-03-27_G63,10110031DEDEV,2026-03-27,117856,1,20,0,372.0
10110031DEDEV_2026-03-28_G02,10110031DEDEV,2026-03-28,111431,1,4,0,46.0
10110031DEDEV_2026-03-28_G03,10110031DEDEV,2026-03-28,117831,1,20,0,86.0
10110031DEDEV_2026-03-28_G04,10110031DEDEV,2026-03-28,141823,1,12,0,448.0
10110031DEDEV_2026-03-28_G05,10110031DEDEV,2026-03-28,111469,1,20,0,304.0
10110031DEDEV_2026-03-28_G06,10110031DEDEV,2026-03-28,111466,2,40,16,64.0
10110031DEDEV_2026-03-28_G07,10110031DEDEV,2026-03-28,141458,1,10,0,199.0
10110031DEDEV_2026-03-28_G08,10110031DEDEV,2026-03-28,140922,1,40,0,380.0
10110031DEDEV_2026-03-28_G09,10110031DEDEV,2026-03-28,111348,1,20,0,100.0
10110031DEDEV_2026-03-28_G10,10110031DEDEV,2026-03-28,117833,1,20,0,331.0
10110031DEDEV_2026-03-28_G11,10110031DEDEV,2026-03-28,111468,1,24,0,168.0
10110031DEDEV_2026-03-28_G12,10110031DEDEV,2026-03-28,117832,1,21,0,900.0
10110031DEDEV_2026-03-28_G13,10110031DEDEV,2026-03-28,117832,1,23,0,147.0
10110031DEDEV_2026-03-28_G14,10110031DEDEV,2026-03-28,117832,1,7,0,75.0
10110031DEDEV_2026-03-28_G15,10110031DEDEV,2026-03-28,110372,1,80,0,389.0
10110031DEDEV_2026-03-28_G16,10110031DEDEV,2026-03-28,110895,1,30,0,354.0
10110031DEDEV_2026-03-28_G17,10110031DEDEV,2026-03-28,111330,3,6,16,1749.0
10110031DEDEV_2026-03-28_G18,10110031DEDEV,2026-03-28,111348,3,26,18,152.0
10110031DEDEV_2026-03-28_G19,10110031DEDEV,2026-03-28,111532,1,44,0,127.0
10110031DEDEV_2026-03-28_G20,10110031DEDEV,2026-03-28,108794,1,24,0,259.0
10110031DEDEV_2026-03-28_G21,10110031DEDEV,2026-03-28,107236,2,4,10,90.0
10110031DEDEV_2026-03-28_G22,10110031DEDEV,2026-03-28,111466,3,64,23,114.0
10110031DEDEV_2026-03-28_G23,10110031DEDEV,2026-03-28,141457,2,218,16,2241.0
10110031DEDEV_2026-03-29_G02,10110031DEDEV,2026-03-29,118416,1,4,0,126.0
10110031DEDEV_2026-03-29_G03,10110031DEDEV,2026-03-29,110750,1,4,0,71.0
10110031DEDEV_2026-03-29_G04,10110031DEDEV,2026-03-29,117797,1,10,0,512.0
10110031DEDEV_2026-03-29_G05,10110031DEDEV,2026-03-29,111879,1,4,0,184.0
10110031DEDEV_2026-03-29_G06,10110031DEDEV,2026-03-29,110339,1,1,0,90.0
10110031DEDEV_2026-03-29_G07,10110031DEDEV,2026-03-29,117833,1,5,0,150.0
10110031DEDEV_2026-03-29_G08,10110031DEDEV,2026-03-29,111463,1,16,0,713.0
10110031DEDEV_2026-03-29_G09,10110031DEDEV,2026-03-29,110374,1,4,0,1189.0
10110031DEDEV_2026-03-29_G10,10110031DEDEV,2026-03-29,115234,1,4,0,184.0
10110031DEDEV_2026-03-29_G11,10110031DEDEV,2026-03-29,111530,1,12,0,290.0
10110031DEDEV_2026-03-29_G12,10110031DEDEV,2026-03-29,110313,2,19,16,138.0
10110031DEDEV_2026-03-29_G13,10110031DEDEV,2026-03-29,109640,1,14,0,826.0
10110031DEDEV_2026-03-29_G14,10110031DEDEV,2026-03-29,111602,1,27,0,374.0
10110031DEDEV_2026-03-29_G15,10110031DEDEV,2026-03-29,117832,1,24,0,632.0
10110031DEDEV_2026-03-30_G02,10110031DEDEV,2026-03-30,109640,1,2,0,107.0
10110031DEDEV_2026-03-30_G03,10110031DEDEV,2026-03-30,111463,2,27,10,122.0
10110031DEDEV_2026-03-30_G04,10110031DEDEV,2026-03-30,117832,1,11,0,231.0
10110031DEDEV_2026-03-30_G05,10110031DEDEV,2026-03-30,110373,1,100,0,789.0
10110031DEDEV_2026-03-30_G06,10110031DEDEV,2026-03-30,110372,1,100,0,378.0
10110031DEDEV_2026-03-30_G07,10110031DEDEV,2026-03-30,117808,1,100,0,263.0
10110031DEDEV_2026-03-30_G08,10110031DEDEV,2026-03-30,117822,1,4,0,474.0
10110031DEDEV_2026-03-30_G09,10110031DEDEV,2026-03-30,111462,1,10,0,353.0
10110031DEDEV_2026-03-30_G10,10110031DEDEV,2026-03-30,117821,2,24,9,120.0
10110031DEDEV_2026-03-30_G11,10110031DEDEV,2026-03-30,107629,1,1,0,99.0
10110031DEDEV_2026-03-30_G12,10110031DEDEV,2026-03-30,111463,2,6,8,156.0
10110031DEDEV_2026-03-30_G13,10110031DEDEV,2026-03-30,110787,1,4,0,82.0
10110031DEDEV_2026-03-30_G14,10110031DEDEV,2026-03-30,110787,1,10,0,249.0
10110031DEDEV_2026-03-30_G15,10110031DEDEV,2026-03-30,111443,1,8,0,75.0
10110031DEDEV_2026-03-30_G16,10110031DEDEV,2026-03-30,111418,1,200,0,551.0
10110031DEDEV_2026-03-30_G17,10110031DEDEV,2026-03-30,111468,1,5,0,451.0
10110031DEDEV_2026-03-30_G18,10110031DEDEV,2026-03-30,111431,1,10,0,116.0
10110031DEDEV_2026-03-30_G19,10110031DEDEV,2026-03-30,110740,1,4,0,88.0
10110031DEDEV_2026-03-30_G20,10110031DEDEV,2026-03-30,110371,1,20,0,268.0
10110031DEDEV_2026-03-30_G21,10110031DEDEV,2026-03-30,141458,2,32,18,181.0
10110031DEDEV_2026-03-30_G22,10110031DEDEV,2026-03-30,117785,1,50,0,1703.0
10110031DEDEV_2026-03-30_G23,10110031DEDEV,2026-03-30,117837,1,4,0,101.0
10110031DEDEV_2026-03-30_G24,10110031DEDEV,2026-03-30,109640,1,10,0,240.0
10110031DEDEV_2026-03-30_G25,10110031DEDEV,2026-03-30,111602,3,18,19,87.0
10110031DEDEV_2026-03-30_G26,10110031DEDEV,2026-03-30,110753,1,4,0,418.0
10110031DEDEV_2026-03-30_G27,10110031DEDEV,2026-03-30,118416,1,8,0,176.0
10110031DEDEV_2026-03-30_G28,10110031DEDEV,2026-03-30,110752,1,8,0,75.0
10110031DEDEV_2026-03-30_G29,10110031DEDEV,2026-03-30,118094,1,30,0,352.0
10110031DEDEV_2026-03-30_G30,10110031DEDEV,2026-03-30,141916,1,8,0,372.0
10110031DEDEV_2026-03-30_G31,10110031DEDEV,2026-03-30,115234,1,4,0,91.0
10110031DEDEV_2026-03-30_G32,10110031DEDEV,2026-03-30,106179,1,4,0,144.0
10110031DEDEV_2026-03-30_G33,10110031DEDEV,2026-03-30,111090,1,2,0,133.0
10110031DEDEV_2026-03-30_G34,10110031DEDEV,2026-03-30,110742,1,8,0,252.0
10110031DEDEV_2026-03-30_G35,10110031DEDEV,2026-03-30,110755,1,10,0,85.0
10110031DEDEV_2026-03-30_G36,10110031DEDEV,2026-03-30,117835,1,8,0,124.0
10110031DEDEV_2026-03-30_G37,10110031DEDEV,2026-03-30,110747,2,12,26,127.0
10110031DEDEV_2026-03-30_G38,10110031DEDEV,2026-03-30,110755,1,2,0,203.0
10110031DEDEV_2026-03-30_G39,10110031DEDEV,2026-03-30,"142045, 118253",2,30,20,211.0
10110031DEDEV_2026-03-30_G40,10110031DEDEV,2026-03-30,141456,2,44,11,182.0
10110031DEDEV_2026-03-30_G41,10110031DEDEV,2026-03-30,105705,1,2,0,143.0
10110031DEDEV_2026-03-30_G43,10110031DEDEV,2026-03-30,109645,1,4,0,177.0
10110031DEDEV_2026-03-30_G44,10110031DEDEV,2026-03-30,111444,1,4,0,109.0
10110031DEDEV_2026-03-30_G45,10110031DEDEV,2026-03-30,111172,1,12,0,189.0
10110031DEDEV_2026-03-30_G46,10110031DEDEV,2026-03-30,108711,1,24,0,325.0
10110031DEDEV_2026-03-30_G47,10110031DEDEV,2026-03-30,109645,1,7,0,749.0
10110031DEDEV_2026-03-30_G48,10110031DEDEV,2026-03-30,111444,1,2,0,115.0
10110031DEDEV_2026-03-30_G49,10110031DEDEV,2026-03-30,111442,1,3,0,1163.0
10110031DEDEV_2026-03-30_G50,10110031DEDEV,2026-03-30,110746,1,2,0,217.0
10110031DEDEV_2026-03-30_G51,10110031DEDEV,2026-03-30,110895,1,5,0,183.0
10110031DEDEV_2026-03-30_G52,10110031DEDEV,2026-03-30,141916,1,4,0,56.0
10110031DEDEV_2026-03-30_G53,10110031DEDEV,2026-03-30,111438,1,4,0,92.0
10110031DEDEV_2026-03-30_G54,10110031DEDEV,2026-03-30,110752,1,4,0,155.0
10110031DEDEV_2026-03-30_G55,10110031DEDEV,2026-03-30,140922,1,8,0,177.0
10110031DEDEV_2026-03-30_G56,10110031DEDEV,2026-03-30,111348,1,3,0,61.0
10110031DEDEV_2026-03-30_G57,10110031DEDEV,2026-03-30,111462,1,10,0,424.0
10110031DEDEV_2026-03-30_G58,10110031DEDEV,2026-03-30,111743,1,2,0,140.0
10110031DEDEV_2026-03-30_G59,10110031DEDEV,2026-03-30,141457,1,2,0,39.0
10110031DEDEV_2026-03-30_G60,10110031DEDEV,2026-03-30,111430,1,4,0,137.0
10110031DEDEV_2026-03-30_G61,10110031DEDEV,2026-03-30,110747,1,4,0,67.0
10110031DEDEV_2026-03-30_G62,10110031DEDEV,2026-03-30,118094,1,2,0,134.0
10110031DEDEV_2026-03-30_G63,10110031DEDEV,2026-03-30,117855,1,12,0,142.0
10110031DEDEV_2026-03-30_G64,10110031DEDEV,2026-03-30,140923,1,4,0,86.0
10110031DEDEV_2026-03-30_G65,10110031DEDEV,2026-03-30,110373,1,16,0,368.0
10110031DEDEV_2026-03-30_G66,10110031DEDEV,2026-03-30,110372,1,8,0,221.0
10110031DEDEV_2026-03-30_G67,10110031DEDEV,2026-03-30,110325,1,6,0,79.0
10110031DEDEV_2026-03-30_G68,10110031DEDEV,2026-03-30,110376,1,4,0,307.0
10110031DEDEV_2026-03-30_G69,10110031DEDEV,2026-03-30,109643,1,1,0,60.0
10110031DEDEV_2026-03-30_G70,10110031DEDEV,2026-03-30,117808,1,12,0,138.0
10110031DEDEV_2026-03-30_G71,10110031DEDEV,2026-03-30,110371,1,8,0,101.0
10110031DEDEV_2026-03-30_G72,10110031DEDEV,2026-03-30,117861,1,3,0,143.0
10110031DEDEV_2026-03-30_G73,10110031DEDEV,2026-03-30,117862,1,3,0,210.0
10110031DEDEV_2026-03-30_G74,10110031DEDEV,2026-03-30,141271,1,10,0,215.0
10110031DEDEV_2026-03-30_G75,10110031DEDEV,2026-03-30,111463,1,24,0,146.0
10110031DEDEV_2026-03-30_G76,10110031DEDEV,2026-03-30,111443,1,3,0,72.0
10110031DEDEV_2026-03-30_G77,10110031DEDEV,2026-03-30,117833,1,2,0,75.0
10110031DEDEV_2026-03-30_G78,10110031DEDEV,2026-03-30,142093,1,8,0,127.0
10110031DEDEV_2026-03-30_G79,10110031DEDEV,2026-03-30,111532,1,4,0,131.0
10110031DEDEV_2026-03-31_G02,10110031DEDEV,2026-03-31,111418,1,16,0,723.0
10110031DEDEV_2026-03-31_G03,10110031DEDEV,2026-03-31,109640,1,4,0,115.0
10110031DEDEV_2026-03-31_G04,10110031DEDEV,2026-03-31,117786,1,2,0,569.0
10110031DEDEV_2026-03-31_G05,10110031DEDEV,2026-03-31,109645,1,1,0,78.0
10110031DEDEV_2026-03-31_G06,10110031DEDEV,2026-03-31,111532,1,2,0,103.0
10110031DEDEV_2026-03-31_G07,10110031DEDEV,2026-03-31,117785,1,4,0,201.0
10110031DEDEV_2026-03-31_G08,10110031DEDEV,2026-03-31,110373,1,3,0,104.0
10110031DEDEV_2026-03-31_G09,10110031DEDEV,2026-03-31,110372,1,2,0,97.0
10110031DEDEV_2026-03-31_G10,10110031DEDEV,2026-03-31,111444,1,2,0,355.0
10110031DEDEV_2026-03-31_G11,10110031DEDEV,2026-03-31,108711,1,4,0,258.0
10110031DEDEV_2026-03-31_G12,10110031DEDEV,2026-03-31,117808,1,31,0,79.0
10110031DEDEV_2026-03-31_G13,10110031DEDEV,2026-03-31,142045,1,6,0,543.0
10110031DEDEV_2026-03-31_G14,10110031DEDEV,2026-03-31,140923,1,8,0,153.0
10110031DEDEV_2026-03-31_G15,10110031DEDEV,2026-03-31,105705,1,4,0,161.0
10110031DEDEV_2026-03-31_G16,10110031DEDEV,2026-03-31,110374,1,10,0,155.0
10110031DEDEV_2026-03-31_G17,10110031DEDEV,2026-03-31,117820,1,12,0,109.0
10110031DEDEV_2026-03-31_G18,10110031DEDEV,2026-03-31,110372,1,15,0,127.0
10110031DEDEV_2026-03-31_G19,10110031DEDEV,2026-03-31,110325,1,10,0,105.0
10110031DEDEV_2026-03-31_G20,10110031DEDEV,2026-03-31,109643,1,10,0,333.0
10110031DEDEV_2026-03-31_G21,10110031DEDEV,2026-03-31,117832,1,7,0,155.0
10110031DEDEV_2026-03-31_G22,10110031DEDEV,2026-03-31,117808,1,21,0,173.0
10110031DEDEV_2026-03-31_G23,10110031DEDEV,2026-03-31,140922,1,4,0,95.0
10110031DEDEV_2026-03-31_G24,10110031DEDEV,2026-03-31,"111462, 111418",2,13,23,116.0
10110031DEDEV_2026-03-31_G25,10110031DEDEV,2026-03-31,141457,1,5,0,110.0
10110031DEDEV_2026-03-31_G26,10110031DEDEV,2026-03-31,141457,1,4,0,46.0
10110031DEDEV_2026-03-31_G27,10110031DEDEV,2026-03-31,142093,1,7,0,404.0
10110031DEDEV_2026-03-31_G28,10110031DEDEV,2026-03-31,117830,1,4,0,177.0
10110031DEDEV_2026-03-31_G29,10110031DEDEV,2026-03-31,110787,1,8,0,404.0
10110031DEDEV_2026-03-31_G30,10110031DEDEV,2026-03-31,142045,1,4,0,155.0
10110031DEDEV_2026-03-31_G31,10110031DEDEV,2026-03-31,118094,1,3,0,84.0
10110031DEDEV_2026-03-31_G32,10110031DEDEV,2026-03-31,117862,1,4,0,114.0
10110031DEDEV_2026-03-31_G33,10110031DEDEV,2026-03-31,110747,1,3,0,77.0
10110031DEDEV_2026-03-31_G34,10110031DEDEV,2026-03-31,111439,1,4,0,339.0
10110031DEDEV_2026-03-31_G35,10110031DEDEV,2026-03-31,109645,2,8,26,134.0
10110031DEDEV_2026-03-31_G36,10110031DEDEV,2026-03-31,111172,1,3,0,130.0
10110031DEDEV_2026-03-31_G37,10110031DEDEV,2026-03-31,111532,1,8,0,185.0
10110031DEDEV_2026-03-31_G38,10110031DEDEV,2026-03-31,111444,1,4,0,126.0
10110031DEDEV_2026-03-31_G39,10110031DEDEV,2026-03-31,108711,1,5,0,145.0
10110031DEDEV_2026-03-31_G40,10110031DEDEV,2026-03-31,110895,1,4,0,223.0
10110031DEDEV_2026-03-31_G41,10110031DEDEV,2026-03-31,141047,1,3,0,967.0
10110031DEDEV_2026-03-31_G42,10110031DEDEV,2026-03-31,116241,2,6,19,468.0
10110031DEDEV_2026-03-31_G43,10110031DEDEV,2026-03-31,117797,1,4,0,719.0
10110031DEDEV_2026-03-31_G44,10110031DEDEV,2026-03-31,117797,1,4,0,45.0
10110031DEDEV_2026-03-31_G45,10110031DEDEV,2026-03-31,117797,1,6,0,812.0
10110031DEDEV_2026-04-07_G02,10110031DEDEV,2026-04-07,142014,1,3,0,125.0
10110031DEDEV_2026-04-07_G03,10110031DEDEV,2026-04-07,107830,1,4,0,367.0
10110031DEDEV_2026-04-07_G04,10110031DEDEV,2026-04-07,110745,1,4,0,122.0
10110031DEDEV_2026-04-07_G05,10110031DEDEV,2026-04-07,141166,1,1,0,506.0
10110031DEDEV_2026-04-07_G06,10110031DEDEV,2026-04-07,110325,1,3,0,333.0
10110031DEDEV_2026-04-07_G07,10110031DEDEV,2026-04-07,107830,1,4,0,174.0
10110031DEDEV_2026-04-07_G08,10110031DEDEV,2026-04-07,109640,1,8,0,290.0
10110031DEDEV_2026-04-07_G09,10110031DEDEV,2026-04-07,108794,1,2,0,121.0
10110031DEDEV_2026-04-07_G10,10110031DEDEV,2026-04-07,109640,1,20,0,239.0
10110031DEDEV_2026-04-07_G11,10110031DEDEV,2026-04-07,107263,1,2,0,369.0
10110031DEDEV_2026-04-07_G12,10110031DEDEV,2026-04-07,109640,1,8,0,95.0
10110031DEDEV_2026-04-07_G13,10110031DEDEV,2026-04-07,141166,1,4,0,283.0
10110031DEDEV_2026-04-07_G14,10110031DEDEV,2026-04-07,110745,1,4,0,462.0
10110031DEDEV_2026-04-07_G15,10110031DEDEV,2026-04-07,110579,1,4,0,1296.0
10110031DEDEV_2026-04-07_G16,10110031DEDEV,2026-04-07,"140920, 111356",2,6,27,88.0
10110031DEDEV_2026-04-07_G17,10110031DEDEV,2026-04-07,107830,1,1,0,103.0
10110031DEDEV_2026-04-07_G18,10110031DEDEV,2026-04-07,110745,1,2,0,114.0
10110031DEDEV_2026-04-07_G19,10110031DEDEV,2026-04-07,111441,1,2,0,331.0
10110031DEDEV_2026-04-07_G20,10110031DEDEV,2026-04-07,111532,1,6,0,342.0
10110031DEDEV_2026-04-07_G21,10110031DEDEV,2026-04-07,140923,1,8,0,102.0
10110031DEDEV_2026-04-07_G22,10110031DEDEV,2026-04-07,110745,1,20,0,237.0
10110031DEDEV_2026-04-07_G23,10110031DEDEV,2026-04-07,110374,1,2,0,291.0
10110031DEDEV_2026-04-07_G24,10110031DEDEV,2026-04-07,117809,1,2,0,42.0
10110031DEDEV_2026-04-07_G25,10110031DEDEV,2026-04-07,117820,1,6,0,103.0
10110031DEDEV_2026-04-07_G26,10110031DEDEV,2026-04-07,111463,1,3,0,278.0
10110031DEDEV_2026-04-07_G27,10110031DEDEV,2026-04-07,118317,1,1,0,199.0
10110031DEDEV_2026-04-07_G28,10110031DEDEV,2026-04-07,111468,1,4,0,152.0
10110031DEDEV_2026-04-07_G29,10110031DEDEV,2026-04-07,111466,1,10,0,155.0
10110031DEDEV_2026-04-07_G30,10110031DEDEV,2026-04-07,140922,1,6,0,72.0
10110031DEDEV_2026-04-07_G31,10110031DEDEV,2026-04-07,111462,1,4,0,67.0
10110031DEDEV_2026-04-07_G32,10110031DEDEV,2026-04-07,141066,1,2,0,170.0
10110031DEDEV_2026-04-07_G33,10110031DEDEV,2026-04-07,118094,1,4,0,72.0
10110031DEDEV_2026-04-07_G34,10110031DEDEV,2026-04-07,110711,1,2,0,46.0
10110031DEDEV_2026-04-07_G35,10110031DEDEV,2026-04-07,110373,1,8,0,120.0
10110031DEDEV_2026-04-07_G36,10110031DEDEV,2026-04-07,118299,1,11,0,43.0
10110031DEDEV_2026-04-07_G37,10110031DEDEV,2026-04-07,110745,1,3,0,73.0
10110031DEDEV_2026-04-07_G38,10110031DEDEV,2026-04-07,141456,1,1,0,93.0
10110031DEDEV_2026-04-07_G39,10110031DEDEV,2026-04-07,141271,1,6,0,130.0
10110031DEDEV_2026-04-08_G02,10110031DEDEV,2026-04-08,109643,1,4,0,166.0
10110031DEDEV_2026-04-08_G03,10110031DEDEV,2026-04-08,117832,1,1,0,75.0
10110031DEDEV_2026-04-08_G04,10110031DEDEV,2026-04-08,117808,1,12,0,97.0
10110031DEDEV_2026-04-08_G05,10110031DEDEV,2026-04-08,110371,1,9,0,70.0
10110031DEDEV_2026-04-08_G06,10110031DEDEV,2026-04-08,117787,1,2,0,119.0
10110031DEDEV_2026-04-08_G07,10110031DEDEV,2026-04-08,142093,1,6,0,78.0
10110031DEDEV_2026-04-08_G08,10110031DEDEV,2026-04-08,110740,1,2,0,74.0
10110031DEDEV_2026-04-08_G09,10110031DEDEV,2026-04-08,117831,1,2,0,46.0
10110031DEDEV_2026-04-08_G10,10110031DEDEV,2026-04-08,108711,1,2,0,66.0
10110031DEDEV_2026-04-08_G11,10110031DEDEV,2026-04-08,141458,1,4,0,75.0
10110031DEDEV_2026-04-08_G12,10110031DEDEV,2026-04-08,140923,1,3,0,282.0
10110031DEDEV_2026-04-08_G13,10110031DEDEV,2026-04-08,111602,1,3,0,75.0
10110031DEDEV_2026-04-08_G14,10110031DEDEV,2026-04-08,117862,1,4,0,161.0
10110031DEDEV_2026-04-08_G15,10110031DEDEV,2026-04-08,141823,1,4,0,853.0
10110031DEDEV_2026-04-08_G16,10110031DEDEV,2026-04-08,111467,1,1,0,376.0
10110031DEDEV_2026-04-08_G17,10110031DEDEV,2026-04-08,111467,1,3,0,770.0
10110031DEDEV_2026-04-08_G18,10110031DEDEV,2026-04-08,111793,1,2,0,503.0
10110031DEDEV_2026-04-08_G19,10110031DEDEV,2026-04-08,111463,3,21,22,1991.0
10110031DEDEV_2026-04-08_G20,10110031DEDEV,2026-04-08,118317,1,10,0,608.0
10110031DEDEV_2026-04-08_G21,10110031DEDEV,2026-04-08,117821,1,10,0,291.0
10110031DEDEV_2026-04-08_G22,10110031DEDEV,2026-04-08,117809,1,10,0,80.0
10110031DEDEV_2026-04-08_G23,10110031DEDEV,2026-04-08,117785,1,10,0,184.0
10110031DEDEV_2026-04-08_G24,10110031DEDEV,2026-04-08,110745,1,6,0,67.0
10110031DEDEV_2026-04-08_G25,10110031DEDEV,2026-04-08,110745,1,10,0,79.0
10110031DEDEV_2026-04-08_G26,10110031DEDEV,2026-04-08,141457,1,10,0,184.0
10110031DEDEV_2026-04-08_G27,10110031DEDEV,2026-04-08,141457,3,21,24,225.0
10110031DEDEV_2026-04-08_G28,10110031DEDEV,2026-04-08,111172,2,18,17,194.0
10110031DEDEV_2026-04-08_G29,10110031DEDEV,2026-04-08,111532,2,17,8,610.0
10110031DEDEV_2026-04-08_G30,10110031DEDEV,2026-04-08,108798,1,4,0,295.0
10110031DEDEV_2026-04-08_G31,10110031DEDEV,2026-04-08,108794,2,20,9,86.0
10110031DEDEV_2026-04-08_G32,10110031DEDEV,2026-04-08,142093,1,10,0,350.0
10110031DEDEV_2026-04-08_G33,10110031DEDEV,2026-04-08,142080,1,3,0,232.0
10110031DEDEV_2026-04-08_G34,10110031DEDEV,2026-04-08,110787,1,10,0,159.0
10110031DEDEV_2026-04-08_G35,10110031DEDEV,2026-04-08,110787,2,12,8,90.0
10110031DEDEV_2026-04-08_G36,10110031DEDEV,2026-04-08,108711,1,15,0,112.0
10110031DEDEV_2026-04-08_G37,10110031DEDEV,2026-04-08,141458,1,10,0,135.0
10110031DEDEV_2026-04-08_G38,10110031DEDEV,2026-04-08,111442,1,8,0,156.0
10110031DEDEV_2026-04-08_G39,10110031DEDEV,2026-04-08,111530,3,30,58,207.0
10110031DEDEV_2026-04-08_G40,10110031DEDEV,2026-04-08,140923,1,15,0,503.0
10110031DEDEV_2026-04-08_G41,10110031DEDEV,2026-04-08,110711,1,30,0,565.0
10110032MOREIRAJ_2025-10-09_G02,10110032MOREIRAJ,2025-10-09,111602,1,5,0,544.0
10110032MOREIRAJ_2025-10-09_G03,10110032MOREIRAJ,2025-10-09,110740,1,4,0,326.0
10110032MOREIRAJ_2025-10-09_G04,10110032MOREIRAJ,2025-10-09,110740,1,4,0,66.0
10110032MOREIRAJ_2025-10-09_G05,10110032MOREIRAJ,2025-10-09,108794,1,15,0,275.0
10110032MOREIRAJ_2025-10-09_G06,10110032MOREIRAJ,2025-10-09,111348,1,2,0,1663.0
10110032MOREIRAJ_2025-10-13_G02,10110032MOREIRAJ,2025-10-13,111172,1,8,0,184.0
10110032MOREIRAJ_2025-10-13_G03,10110032MOREIRAJ,2025-10-13,110373,1,70,0,2860.0
10110032MOREIRAJ_2025-10-13_G04,10110032MOREIRAJ,2025-10-13,117820,1,40,0,1037.0
10110032MOREIRAJ_2025-10-13_G05,10110032MOREIRAJ,2025-10-13,117822,1,15,0,163.0
10110032MOREIRAJ_2025-10-13_G06,10110032MOREIRAJ,2025-10-13,117822,1,5,0,31.0
10110032MOREIRAJ_2025-10-13_G07,10110032MOREIRAJ,2025-10-13,117809,1,20,0,439.0
10110032MOREIRAJ_2025-10-13_G09,10110032MOREIRAJ,2025-10-13,141140,1,156,0,1813.0
10110032MOREIRAJ_2025-10-31_G02,10110032MOREIRAJ,2025-10-31,111530,1,14,0,39.0
10110032MOREIRAJ_2025-10-31_G03,10110032MOREIRAJ,2025-10-31,110733,1,20,0,456.0
10110032MOREIRAJ_2025-10-31_G04,10110032MOREIRAJ,2025-10-31,111467,1,24,0,1077.0
10110032MOREIRAJ_2025-10-31_G05,10110032MOREIRAJ,2025-10-31,111602,1,36,0,1050.0
10110032MOREIRAJ_2025-10-31_G06,10110032MOREIRAJ,2025-10-31,110339,1,26,0,462.0
10110032MOREIRAJ_2025-10-31_G07,10110032MOREIRAJ,2025-10-31,117855,1,20,0,340.0
10110032MOREIRAJ_2025-10-31_G08,10110032MOREIRAJ,2025-10-31,117830,1,40,0,622.0
10110032MOREIRAJ_2025-10-31_G09,10110032MOREIRAJ,2025-10-31,117832,1,14,0,235.0
10110032MOREIRAJ_2025-10-31_G10,10110032MOREIRAJ,2025-10-31,110373,1,20,0,991.0
10110032MOREIRAJ_2025-10-31_G11,10110032MOREIRAJ,2025-10-31,110325,1,24,0,720.0
10110032MOREIRAJ_2025-10-31_G12,10110032MOREIRAJ,2025-10-31,110375,1,46,0,559.0
10110032MOREIRAJ_2025-10-31_G13,10110032MOREIRAJ,2025-10-31,118299,1,60,0,708.0
10110032MOREIRAJ_2025-10-31_G14,10110032MOREIRAJ,2025-10-31,117808,1,50,0,849.0
10110032MOREIRAJ_2025-10-31_G15,10110032MOREIRAJ,2025-10-31,111465,1,4,0,1175.0
10110032MOREIRAJ_2025-10-31_G16,10110032MOREIRAJ,2025-10-31,111466,1,8,0,198.0
10110032MOREIRAJ_2025-10-31_G17,10110032MOREIRAJ,2025-10-31,141047,1,1,0,1968.0
10110032MOREIRAJ_2025-10-31_G18,10110032MOREIRAJ,2025-10-31,111530,1,15,0,602.0
10110032MOREIRAJ_2025-10-31_G19,10110032MOREIRAJ,2025-10-31,109645,1,2,0,307.0
10110032MOREIRAJ_2025-10-31_G20,10110032MOREIRAJ,2025-10-31,109645,1,4,0,342.0
10110032MOREIRAJ_2025-10-31_G21,10110032MOREIRAJ,2025-10-31,118317,1,4,0,196.0
10110032MOREIRAJ_2025-10-31_G22,10110032MOREIRAJ,2025-10-31,110787,1,8,0,267.0
10110032MOREIRAJ_2025-10-31_G23,10110032MOREIRAJ,2025-10-31,110895,1,2,0,535.0
10110032MOREIRAJ_2025-10-31_G24,10110032MOREIRAJ,2025-10-31,109645,1,2,0,255.0
10110032MOREIRAJ_2025-10-31_G25,10110032MOREIRAJ,2025-10-31,141047,1,4,0,558.0
10110032MOREIRAJ_2025-10-31_G26,10110032MOREIRAJ,2025-10-31,111436,1,4,0,558.0
10110032MOREIRAJ_2025-10-31_G27,10110032MOREIRAJ,2025-10-31,109645,1,5,0,222.0
10110032MOREIRAJ_2025-10-31_G29,10110032MOREIRAJ,2025-10-31,111463,1,4,0,554.0
10110032MOREIRAJ_2025-10-31_G30,10110032MOREIRAJ,2025-10-31,117831,1,2,0,135.0
10110032MOREIRAJ_2025-10-31_G31,10110032MOREIRAJ,2025-10-31,110740,1,4,0,136.0
10110032MOREIRAJ_2025-10-31_G32,10110032MOREIRAJ,2025-10-31,118140,1,4,0,176.0
10110032MOREIRAJ_2025-10-31_G33,10110032MOREIRAJ,2025-10-31,111743,1,2,0,84.0
10110032MOREIRAJ_2025-10-31_G34,10110032MOREIRAJ,2025-10-31,141456,1,2,0,113.0
10110032MOREIRAJ_2025-10-31_G35,10110032MOREIRAJ,2025-10-31,108794,1,4,0,242.0
10110032MOREIRAJ_2025-10-31_G36,10110032MOREIRAJ,2025-10-31,111466,1,4,0,158.0
10110032MOREIRAJ_2025-10-31_G37,10110032MOREIRAJ,2025-10-31,117833,1,2,0,115.0
10110032MOREIRAJ_2025-10-31_G38,10110032MOREIRAJ,2025-10-31,111462,1,2,0,828.0
10110032MOREIRAJ_2025-10-31_G39,10110032MOREIRAJ,2025-10-31,117821,1,8,0,206.0
10110032MOREIRAJ_2025-10-31_G40,10110032MOREIRAJ,2025-10-31,111532,1,4,0,345.0
10110032MOREIRAJ_2025-10-31_G41,10110032MOREIRAJ,2025-10-31,110376,1,4,0,1290.0
10110032MOREIRAJ_2025-10-31_G42,10110032MOREIRAJ,2025-10-31,141202,1,2,0,148.0
10110032MOREIRAJ_2025-10-31_G43,10110032MOREIRAJ,2025-10-31,111602,1,4,0,112.0
10110032MOREIRAJ_2025-10-31_G44,10110032MOREIRAJ,2025-10-31,117820,1,4,0,266.0
10110032MOREIRAJ_2025-10-31_G45,10110032MOREIRAJ,2025-10-31,140911,1,4,0,1056.0
10110032MOREIRAJ_2025-10-31_G46,10110032MOREIRAJ,2025-10-31,107236,1,4,0,562.0
10110032MOREIRAJ_2025-11-30_G02,10110032MOREIRAJ,2025-11-30,110339,1,1,0,105.0
10110032MOREIRAJ_2025-11-30_G03,10110032MOREIRAJ,2025-11-30,110733,1,2,0,79.0
10110032MOREIRAJ_2025-11-30_G04,10110032MOREIRAJ,2025-11-30,117856,1,4,0,89.0
10110032MOREIRAJ_2025-11-30_G05,10110032MOREIRAJ,2025-11-30,107629,1,4,0,119.0
10110032MOREIRAJ_2025-11-30_G06,10110032MOREIRAJ,2025-11-30,117862,1,4,0,169.0
10110032MOREIRAJ_2025-11-30_G07,10110032MOREIRAJ,2025-11-30,110711,1,2,0,164.0
10110032MOREIRAJ_2025-11-30_G08,10110032MOREIRAJ,2025-11-30,111602,1,2,0,113.0
10110032MOREIRAJ_2025-11-30_G09,10110032MOREIRAJ,2025-11-30,109640,1,2,0,116.0
10110032MOREIRAJ_2025-11-30_G10,10110032MOREIRAJ,2025-11-30,141916,1,4,0,353.0
10110032MOREIRAJ_2025-11-30_G11,10110032MOREIRAJ,2025-11-30,111569,1,4,0,294.0
10110032MOREIRAJ_2025-11-30_G12,10110032MOREIRAJ,2025-11-30,111462,1,4,0,269.0
10110032MOREIRAJ_2025-11-30_G13,10110032MOREIRAJ,2025-11-30,105705,1,1,0,82.0
10110032MOREIRAJ_2025-11-30_G14,10110032MOREIRAJ,2025-11-30,111418,1,8,0,195.0
10110032MOREIRAJ_2025-11-30_G15,10110032MOREIRAJ,2025-11-30,111444,1,2,0,139.0
10110032MOREIRAJ_2025-11-30_G16,10110032MOREIRAJ,2025-11-30,117785,1,2,0,179.0
10110032MOREIRAJ_2025-11-30_G17,10110032MOREIRAJ,2025-11-30,141457,1,4,0,104.0
10110032MOREIRAJ_2025-11-30_G18,10110032MOREIRAJ,2025-11-30,111466,1,6,0,96.0
10110032MOREIRAJ_2025-11-30_G19,10110032MOREIRAJ,2025-11-30,141456,1,6,0,169.0
10110032MOREIRAJ_2025-11-30_G20,10110032MOREIRAJ,2025-11-30,117809,1,1,0,311.0
10110032MOREIRAJ_2025-11-30_G21,10110032MOREIRAJ,2025-11-30,110325,1,2,0,95.0
10110032MOREIRAJ_2025-11-30_G22,10110032MOREIRAJ,2025-11-30,110372,1,4,0,129.0
10110032MOREIRAJ_2025-11-30_G23,10110032MOREIRAJ,2025-11-30,118299,1,8,0,135.0
10110032MOREIRAJ_2025-11-30_G24,10110032MOREIRAJ,2025-11-30,111462,1,6,0,545.0
10110032MOREIRAJ_2025-11-30_G25,10110032MOREIRAJ,2025-11-30,118140,1,7,0,135.0
10110032MOREIRAJ_2025-11-30_G26,10110032MOREIRAJ,2025-11-30,111743,1,2,0,91.0
10110032MOREIRAJ_2025-11-30_G27,10110032MOREIRAJ,2025-11-30,111348,1,1,0,121.0
10110032MOREIRAJ_2025-11-30_G28,10110032MOREIRAJ,2025-11-30,110740,1,4,0,135.0
10110032MOREIRAJ_2025-11-30_G29,10110032MOREIRAJ,2025-11-30,110743,1,2,0,72.0
10110032MOREIRAJ_2025-11-30_G30,10110032MOREIRAJ,2025-11-30,111418,1,7,0,170.0
10110032MOREIRAJ_2025-11-30_G31,10110032MOREIRAJ,2025-11-30,111463,1,6,0,172.0
10110032MOREIRAJ_2025-11-30_G32,10110032MOREIRAJ,2025-11-30,117787,1,2,0,154.0
10110032MOREIRAJ_2025-11-30_G33,10110032MOREIRAJ,2025-11-30,117785,1,4,0,277.0
10110032MOREIRAJ_2025-11-30_G34,10110032MOREIRAJ,2025-11-30,117831,1,6,0,144.0
10110032MOREIRAJ_2025-11-30_G35,10110032MOREIRAJ,2025-11-30,110374,1,1,0,169.0
10110032MOREIRAJ_2025-11-30_G36,10110032MOREIRAJ,2025-11-30,117820,1,1,0,79.0
10110032MOREIRAJ_2025-11-30_G37,10110032MOREIRAJ,2025-11-30,110372,1,20,0,169.0
10110032MOREIRAJ_2025-11-30_G38,10110032MOREIRAJ,2025-11-30,118299,1,27,0,516.0
10110032MOREIRAJ_2025-11-30_G39,10110032MOREIRAJ,2025-11-30,117832,1,2,0,72.0
10110032MOREIRAJ_2025-11-30_G40,10110032MOREIRAJ,2025-11-30,141202,1,2,0,87.0
10110032MOREIRAJ_2025-11-30_G41,10110032MOREIRAJ,2025-11-30,118306,1,4,0,334.0
10110032MOREIRAJ_2025-11-30_G42,10110032MOREIRAJ,2025-11-30,110895,1,2,0,176.0
10110032MOREIRAJ_2025-11-30_G43,10110032MOREIRAJ,2025-11-30,108772,1,2,0,806.0
10110032MOREIRAJ_2025-11-30_G44,10110032MOREIRAJ,2025-11-30,110313,1,6,0,302.0
10110032MOREIRAJ_2025-11-30_G45,10110032MOREIRAJ,2025-11-30,140923,1,6,0,122.0
10110032MOREIRAJ_2025-11-30_G46,10110032MOREIRAJ,2025-11-30,117853,1,2,0,157.0
10110032MOREIRAJ_2025-11-30_G47,10110032MOREIRAJ,2025-11-30,117856,1,4,0,76.0
10110032MOREIRAJ_2025-11-30_G48,10110032MOREIRAJ,2025-11-30,117786,1,1,0,93.0
10110032MOREIRAJ_2025-11-30_G49,10110032MOREIRAJ,2025-11-30,117862,1,4,0,139.0
10110032MOREIRAJ_2025-11-30_G50,10110032MOREIRAJ,2025-11-30,111602,1,8,0,211.0
10110032MOREIRAJ_2025-11-30_G51,10110032MOREIRAJ,2025-11-30,109640,1,1,0,87.0
10110032MOREIRAJ_2025-11-30_G52,10110032MOREIRAJ,2025-11-30,117820,1,2,0,584.0
10110032MOREIRAJ_2025-11-30_G53,10110032MOREIRAJ,2025-11-30,118299,1,12,0,236.0
10110032MOREIRAJ_2025-12-12_G02,10110032MOREIRAJ,2025-12-12,110515,1,9,0,215.0
10110032MOREIRAJ_2025-12-12_G03,10110032MOREIRAJ,2025-12-12,111469,1,4,0,1449.0
10110032MOREIRAJ_2025-12-12_G04,10110032MOREIRAJ,2025-12-12,111530,1,4,0,256.0
10110032MOREIRAJ_2025-12-12_G05,10110032MOREIRAJ,2025-12-12,141823,1,4,0,485.0
10110032MOREIRAJ_2025-12-12_G06,10110032MOREIRAJ,2025-12-12,118140,1,4,0,68.0
10110032MOREIRAJ_2025-12-12_G07,10110032MOREIRAJ,2025-12-12,111602,1,4,0,191.0
10110032MOREIRAJ_2025-12-12_G08,10110032MOREIRAJ,2025-12-12,110895,1,2,0,172.0
10110032MOREIRAJ_2025-12-12_G09,10110032MOREIRAJ,2025-12-12,110711,1,4,0,181.0
10110032MOREIRAJ_2025-12-12_G10,10110032MOREIRAJ,2025-12-12,108711,1,4,0,162.0
10110032MOREIRAJ_2025-12-12_G11,10110032MOREIRAJ,2025-12-12,118140,1,4,0,143.0
10110032MOREIRAJ_2025-12-12_G12,10110032MOREIRAJ,2025-12-12,108795,1,4,0,114.0
10110032MOREIRAJ_2025-12-12_G13,10110032MOREIRAJ,2025-12-12,111467,1,1,0,587.0
10110032MOREIRAJ_2025-12-12_G14,10110032MOREIRAJ,2025-12-12,111462,1,8,0,170.0
10110032MOREIRAJ_2025-12-12_G15,10110032MOREIRAJ,2025-12-12,117832,1,2,0,126.0
10110032MOREIRAJ_2025-12-12_G16,10110032MOREIRAJ,2025-12-12,109641,1,20,0,64.0
10110032MOREIRAJ_2025-12-12_G17,10110032MOREIRAJ,2025-12-12,105705,1,8,0,466.0
10110032MOREIRAJ_2025-12-12_G18,10110032MOREIRAJ,2025-12-12,111418,1,13,0,1717.0
10110032MOREIRAJ_2025-12-12_G19,10110032MOREIRAJ,2025-12-12,111530,1,6,0,138.0
10110032MOREIRAJ_2025-12-12_G20,10110032MOREIRAJ,2025-12-12,111418,1,22,0,562.0
10110032MOREIRAJ_2025-12-12_G21,10110032MOREIRAJ,2025-12-12,118222,1,12,0,839.0
10110032MOREIRAJ_2025-12-12_G22,10110032MOREIRAJ,2025-12-12,111438,1,10,0,427.0
10110032MOREIRAJ_2025-12-12_G23,10110032MOREIRAJ,2025-12-12,140923,1,4,0,806.0
10110032MOREIRAJ_2025-12-12_G24,10110032MOREIRAJ,2025-12-12,111530,1,2,0,84.0
10110032MOREIRAJ_2025-12-12_G25,10110032MOREIRAJ,2025-12-12,117786,1,2,0,60.0
10110032MOREIRAJ_2025-12-12_G26,10110032MOREIRAJ,2025-12-12,117855,1,2,0,200.0
10110032MOREIRAJ_2025-12-12_G27,10110032MOREIRAJ,2025-12-12,110372,1,6,0,442.0
10110032MOREIRAJ_2025-12-12_G28,10110032MOREIRAJ,2025-12-12,108711,1,2,0,110.0
10110032MOREIRAJ_2025-12-12_G29,10110032MOREIRAJ,2025-12-12,110740,1,2,0,236.0
10110032MOREIRAJ_2025-12-12_G30,10110032MOREIRAJ,2025-12-12,111418,1,40,0,443.0
10110032MOREIRAJ_2025-12-12_G32,10110032MOREIRAJ,2025-12-12,110711,1,1,0,158.0
10110032MOREIRAJ_2025-12-12_G33,10110032MOREIRAJ,2025-12-12,110371,1,2,0,88.0
10110032MOREIRAJ_2025-12-12_G34,10110032MOREIRAJ,2025-12-12,110787,1,4,0,270.0
10110032MOREIRAJ_2025-12-12_G35,10110032MOREIRAJ,2025-12-12,111655,1,6,0,347.0
10110032MOREIRAJ_2025-12-12_G36,10110032MOREIRAJ,2025-12-12,111467,1,4,0,184.0
10110032MOREIRAJ_2025-12-12_G37,10110032MOREIRAJ,2025-12-12,110787,1,2,0,156.0
10110032MOREIRAJ_2025-12-12_G38,10110032MOREIRAJ,2025-12-12,111569,1,4,0,295.0
10110032MOREIRAJ_2025-12-12_G39,10110032MOREIRAJ,2025-12-12,118281,1,2,0,169.0
10110032MOREIRAJ_2025-12-12_G40,10110032MOREIRAJ,2025-12-12,110711,1,2,0,119.0
10110032MOREIRAJ_2025-12-12_G41,10110032MOREIRAJ,2025-12-12,111467,1,3,0,172.0
10110032MOREIRAJ_2025-12-12_G42,10110032MOREIRAJ,2025-12-12,118317,1,2,0,137.0
10110032MOREIRAJ_2025-12-12_G43,10110032MOREIRAJ,2025-12-12,141458,1,4,0,347.0
10110032MOREIRAJ_2025-12-12_G44,10110032MOREIRAJ,2025-12-12,118140,1,4,0,169.0
10110032MOREIRAJ_2025-12-12_G45,10110032MOREIRAJ,2025-12-12,111780,1,2,0,267.0
10110032MOREIRAJ_2025-12-12_G46,10110032MOREIRAJ,2025-12-12,110711,1,1,0,130.0
10110032MOREIRAJ_2025-12-12_G47,10110032MOREIRAJ,2025-12-12,111743,1,2,0,99.0
10110032MOREIRAJ_2025-12-12_G48,10110032MOREIRAJ,2025-12-12,117831,1,4,0,117.0
10110032MOREIRAJ_2025-12-13_G02,10110032MOREIRAJ,2025-12-13,110895,1,7,0,366.0
10110032MOREIRAJ_2025-12-13_G03,10110032MOREIRAJ,2025-12-13,100334,1,4,0,259.0
10110032MOREIRAJ_2025-12-13_G04,10110032MOREIRAJ,2025-12-13,111438,1,9,0,274.0
10110032MOREIRAJ_2025-12-13_G05,10110032MOREIRAJ,2025-12-13,110733,1,14,0,483.0
10110032MOREIRAJ_2025-12-13_G06,10110032MOREIRAJ,2025-12-13,117853,1,18,0,694.0
10110032MOREIRAJ_2025-12-13_G07,10110032MOREIRAJ,2025-12-13,110756,1,4,0,162.0
10110032MOREIRAJ_2025-12-13_G08,10110032MOREIRAJ,2025-12-13,117862,1,18,0,322.0
10110032MOREIRAJ_2025-12-13_G09,10110032MOREIRAJ,2025-12-13,111467,1,8,0,317.0
10110032MOREIRAJ_2025-12-13_G10,10110032MOREIRAJ,2025-12-13,109640,1,6,0,145.0
10110032MOREIRAJ_2025-12-13_G11,10110032MOREIRAJ,2025-12-13,118094,1,14,0,229.0
10110032MOREIRAJ_2025-12-13_G12,10110032MOREIRAJ,2025-12-13,140923,1,12,0,224.0
10110032MOREIRAJ_2025-12-13_G13,10110032MOREIRAJ,2025-12-13,111602,1,20,0,531.0
10110032MOREIRAJ_2025-12-13_G14,10110032MOREIRAJ,2025-12-13,117855,1,20,0,282.0
10110032MOREIRAJ_2025-12-13_G15,10110032MOREIRAJ,2025-12-13,110374,1,20,0,434.0
10110032MOREIRAJ_2025-12-13_G16,10110032MOREIRAJ,2025-12-13,117809,1,20,0,175.0
10110032MOREIRAJ_2025-12-13_G17,10110032MOREIRAJ,2025-12-13,117832,1,20,0,294.0
10110032MOREIRAJ_2025-12-13_G18,10110032MOREIRAJ,2025-12-13,109643,1,12,0,406.0
10110032MOREIRAJ_2025-12-13_G19,10110032MOREIRAJ,2025-12-13,110325,1,20,0,281.0
10110032MOREIRAJ_2025-12-13_G20,10110032MOREIRAJ,2025-12-13,117808,1,250,0,835.0
10110032MOREIRAJ_2025-12-13_G21,10110032MOREIRAJ,2025-12-13,110372,1,90,0,636.0
10110032MOREIRAJ_2025-12-13_G22,10110032MOREIRAJ,2025-12-13,118299,1,70,0,735.0
10110032MOREIRAJ_2025-12-13_G24,10110032MOREIRAJ,2025-12-13,108711,1,9,0,371.0
10110032MOREIRAJ_2025-12-13_G25,10110032MOREIRAJ,2025-12-13,108711,1,21,0,222.0
10110032MOREIRAJ_2025-12-13_G26,10110032MOREIRAJ,2025-12-13,141271,1,1,0,75.0
10110032MOREIRAJ_2025-12-13_G27,10110032MOREIRAJ,2025-12-13,141048,1,14,0,325.0
10110032MOREIRAJ_2026-01-09_G02,10110032MOREIRAJ,2026-01-09,141916,1,4,0,307.0
10110032MOREIRAJ_2026-01-09_G03,10110032MOREIRAJ,2026-01-09,118290,1,1,0,145.0
10110032MOREIRAJ_2026-01-09_G04,10110032MOREIRAJ,2026-01-09,118094,1,4,0,225.0
10110032MOREIRAJ_2026-01-09_G05,10110032MOREIRAJ,2026-01-09,141352,1,2,0,200.0
10110032MOREIRAJ_2026-01-09_G06,10110032MOREIRAJ,2026-01-09,140923,1,30,0,889.0
10110032MOREIRAJ_2026-02-27_G02,10110032MOREIRAJ,2026-02-27,109873,1,4,0,162.0
10110032MOREIRAJ_2026-02-27_G03,10110032MOREIRAJ,2026-02-27,117809,1,5,0,192.0
10110032MOREIRAJ_2026-02-27_G04,10110032MOREIRAJ,2026-02-27,117830,1,3,0,268.0
10110032MOREIRAJ_2026-02-27_G05,10110032MOREIRAJ,2026-02-27,110313,3,6,35,416.0
10110032MOREIRAJ_2026-02-27_G06,10110032MOREIRAJ,2026-02-27,109640,1,4,0,130.0
10110032MOREIRAJ_2026-02-27_G07,10110032MOREIRAJ,2026-02-27,140923,1,4,0,121.0
10110032MOREIRAJ_2026-02-27_G08,10110032MOREIRAJ,2026-02-27,140923,1,2,0,40.0
10110032MOREIRAJ_2026-02-27_G09,10110032MOREIRAJ,2026-02-27,140923,1,8,0,139.0
10110032MOREIRAJ_2026-02-27_G10,10110032MOREIRAJ,2026-02-27,117862,1,2,0,114.0
10110032MOREIRAJ_2026-02-27_G11,10110032MOREIRAJ,2026-02-27,118299,1,50,0,750.0
10110032MOREIRAJ_2026-02-27_G12,10110032MOREIRAJ,2026-02-27,117808,1,54,0,464.0
10110032MOREIRAJ_2026-02-27_G13,10110032MOREIRAJ,2026-02-27,109640,1,14,0,445.0
10110032MOREIRAJ_2026-02-27_G14,10110032MOREIRAJ,2026-02-27,111660,2,2,10,1031.0
10110032MOREIRAJ_2026-02-27_G15,10110032MOREIRAJ,2026-02-27,108759,1,9,0,343.0
10110032MOREIRAJ_2026-02-27_G16,10110032MOREIRAJ,2026-02-27,118290,1,1,0,403.0
10110032MOREIRAJ_2026-02-27_G17,10110032MOREIRAJ,2026-02-27,118290,1,6,0,275.0
10110032MOREIRAJ_2026-02-27_G18,10110032MOREIRAJ,2026-02-27,118290,1,1,0,47.0
10110032MOREIRAJ_2026-02-27_G19,10110032MOREIRAJ,2026-02-27,111569,1,5,0,232.0
10110032MOREIRAJ_2026-02-27_G20,10110032MOREIRAJ,2026-02-27,111438,3,12,38,267.0
10110032MOREIRAJ_2026-02-27_G21,10110032MOREIRAJ,2026-02-27,118306,1,1,0,446.0
10110032MOREIRAJ_2026-02-27_G22,10110032MOREIRAJ,2026-02-27,110895,1,3,0,121.0
10110032MOREIRAJ_2026-02-27_G23,10110032MOREIRAJ,2026-02-27,142045,3,11,20,301.0
10110032MOREIRAJ_2026-02-27_G24,10110032MOREIRAJ,2026-02-27,141318,1,1,0,395.0
10110032MOREIRAJ_2026-02-27_G25,10110032MOREIRAJ,2026-02-27,110742,1,2,0,54.0
10110032MOREIRAJ_2026-02-27_G26,10110032MOREIRAJ,2026-02-27,110742,1,3,0,140.0
10110032MOREIRAJ_2026-02-27_G27,10110032MOREIRAJ,2026-02-27,111569,1,4,0,161.0
10110032MOREIRAJ_2026-02-27_G28,10110032MOREIRAJ,2026-02-27,111569,1,1,0,83.0
10110032MOREIRAJ_2026-02-27_G29,10110032MOREIRAJ,2026-02-27,111532,1,24,0,602.0
10110032MOREIRAJ_2026-02-27_G30,10110032MOREIRAJ,2026-02-27,117785,1,2,0,76.0
10110032MOREIRAJ_2026-02-27_G31,10110032MOREIRAJ,2026-02-27,117833,1,1,0,69.0
10110032MOREIRAJ_2026-02-27_G32,10110032MOREIRAJ,2026-02-27,111743,1,2,0,101.0
10110032MOREIRAJ_2026-02-27_G33,10110032MOREIRAJ,2026-02-27,118330,1,1,0,111.0
10110032MOREIRAJ_2026-02-27_G34,10110032MOREIRAJ,2026-02-27,111462,1,3,0,90.0
10110032MOREIRAJ_2026-02-27_G35,10110032MOREIRAJ,2026-02-27,111462,1,8,0,500.0
10110032MOREIRAJ_2026-02-27_G36,10110032MOREIRAJ,2026-02-27,111462,1,1,0,34.0
10110032MOREIRAJ_2026-02-27_G37,10110032MOREIRAJ,2026-02-27,109645,1,14,0,191.0
10110032MOREIRAJ_2026-02-27_G38,10110032MOREIRAJ,2026-02-27,111463,1,6,0,266.0
10110032MOREIRAJ_2026-02-27_G39,10110032MOREIRAJ,2026-02-27,141458,1,3,0,171.0
10110032MOREIRAJ_2026-02-27_G40,10110032MOREIRAJ,2026-02-27,140922,1,14,0,1287.0
10110032MOREIRAJ_2026-02-27_G41,10110032MOREIRAJ,2026-02-27,140922,1,11,0,306.0
10110032MOREIRAJ_2026-02-27_G42,10110032MOREIRAJ,2026-02-27,141457,1,1,0,204.0
10110032MOREIRAJ_2026-02-27_G43,10110032MOREIRAJ,2026-02-27,111438,1,4,0,2615.0
10110032MOREIRAJ_2026-02-27_G44,10110032MOREIRAJ,2026-02-27,110755,1,8,0,174.0
10110032MOREIRAJ_2026-02-27_G45,10110032MOREIRAJ,2026-02-27,110373,2,22,13,307.0
10110032MOREIRAJ_2026-02-27_G46,10110032MOREIRAJ,2026-02-27,141457,1,10,0,311.0
10110032MOREIRAJ_2026-02-27_G47,10110032MOREIRAJ,2026-02-27,109640,1,6,0,298.0
10110032MOREIRAJ_2026-02-27_G48,10110032MOREIRAJ,2026-02-27,110895,1,4,0,479.0
10110032MOREIRAJ_2026-02-27_G49,10110032MOREIRAJ,2026-02-27,111602,1,8,0,195.0
10110032MOREIRAJ_2026-02-27_G51,10110032MOREIRAJ,2026-02-27,110313,1,15,0,302.0
10110032MOREIRAJ_2026-02-27_G52,10110032MOREIRAJ,2026-02-27,160055,1,2,0,143.0
10110032MOREIRAJ_2026-02-27_G53,10110032MOREIRAJ,2026-02-27,160051,1,3,0,110.0
10110032MOREIRAJ_2026-02-27_G54,10110032MOREIRAJ,2026-02-27,111462,1,11,0,680.0
10110032MOREIRAJ_2026-02-27_G55,10110032MOREIRAJ,2026-02-27,117855,1,20,0,483.0
10110032MOREIRAJ_2026-02-27_G56,10110032MOREIRAJ,2026-02-27,117855,1,49,0,630.0
10110032MOREIRAJ_2026-02-27_G57,10110032MOREIRAJ,2026-02-27,109640,1,18,0,1153.0
10110032MOREIRAJ_2026-02-27_G58,10110032MOREIRAJ,2026-02-27,110313,7,33,101,327.0
10110032MOREIRAJ_2026-02-27_G59,10110032MOREIRAJ,2026-02-27,110313,3,9,29,38.0
10110032MOREIRAJ_2026-02-27_G60,10110032MOREIRAJ,2026-02-27,140923,2,3,7,680.0
10110032MOREIRAJ_2026-02-27_G61,10110032MOREIRAJ,2026-02-27,111467,1,3,0,119.0
10110032MOREIRAJ_2026-03-29_G02,10110032MOREIRAJ,2026-03-29,141916,1,3,0,243.0
10110032MOREIRAJ_2026-03-29_G03,10110032MOREIRAJ,2026-03-29,111438,1,8,0,250.0
10110032MOREIRAJ_2026-03-29_G04,10110032MOREIRAJ,2026-03-29,111569,1,4,0,219.0
10110032MOREIRAJ_2026-03-29_G05,10110032MOREIRAJ,2026-03-29,141318,1,1,0,161.0
10110032MOREIRAJ_2026-03-29_G06,10110032MOREIRAJ,2026-03-29,110742,1,4,0,155.0
10110032MOREIRAJ_2026-03-29_G07,10110032MOREIRAJ,2026-03-29,117835,1,1,0,172.0
10110032MOREIRAJ_2026-03-29_G08,10110032MOREIRAJ,2026-03-29,142045,1,3,0,146.0
10110032MOREIRAJ_2026-03-29_G09,10110032MOREIRAJ,2026-03-29,100334,1,1,0,837.0
10110032MOREIRAJ_2026-03-29_G10,10110032MOREIRAJ,2026-03-29,111443,1,8,0,373.0
10110032MOREIRAJ_2026-03-29_G11,10110032MOREIRAJ,2026-03-29,111330,1,7,0,234.0
10110032MOREIRAJ_2026-03-29_G12,10110032MOREIRAJ,2026-03-29,140922,1,4,0,79.0
10110032MOREIRAJ_2026-03-29_G13,10110032MOREIRAJ,2026-03-29,111348,1,2,0,63.0
10110032MOREIRAJ_2026-03-29_G14,10110032MOREIRAJ,2026-03-29,111743,1,1,0,80.0
10110032MOREIRAJ_2026-03-29_G15,10110032MOREIRAJ,2026-03-29,141457,3,19,41,53.0
10110032MOREIRAJ_2026-03-29_G16,10110032MOREIRAJ,2026-03-29,141271,1,8,0,333.0
10110032MOREIRAJ_2026-03-29_G17,10110032MOREIRAJ,2026-03-29,109641,1,10,0,584.0
10110032MOREIRAJ_2026-03-29_G18,10110032MOREIRAJ,2026-03-29,111463,1,8,0,142.0
10110032MOREIRAJ_2026-03-29_G19,10110032MOREIRAJ,2026-03-29,111418,1,31,0,204.0
10110032MOREIRAJ_2026-03-29_G20,10110032MOREIRAJ,2026-03-29,111468,1,2,0,164.0
10110032MOREIRAJ_2026-03-29_G21,10110032MOREIRAJ,2026-03-29,117831,1,11,0,307.0
10110032MOREIRAJ_2026-03-29_G22,10110032MOREIRAJ,2026-03-29,117787,1,4,0,547.0
10110032MOREIRAJ_2026-03-29_G23,10110032MOREIRAJ,2026-03-29,105705,1,7,0,275.0
10110032MOREIRAJ_2026-03-29_G24,10110032MOREIRAJ,2026-03-29,141916,1,2,0,948.0
10110032MOREIRAJ_2026-03-29_G25,10110032MOREIRAJ,2026-03-29,108794,1,4,0,222.0
10110032MOREIRAJ_2026-03-29_G26,10110032MOREIRAJ,2026-03-29,111438,1,10,0,282.0
10110032MOREIRAJ_2026-03-29_G27,10110032MOREIRAJ,2026-03-29,110755,1,10,0,370.0
10110032MOREIRAJ_2026-03-29_G28,10110032MOREIRAJ,2026-03-29,111530,1,5,0,288.0
10110032MOREIRAJ_2026-03-29_G29,10110032MOREIRAJ,2026-03-29,110895,1,3,0,316.0
10110032MOREIRAJ_2026-03-29_G30,10110032MOREIRAJ,2026-03-29,117862,1,8,0,232.0
10110032MOREIRAJ_2026-03-29_G31,10110032MOREIRAJ,2026-03-29,109640,1,3,0,236.0
10110032MOREIRAJ_2026-03-29_G32,10110032MOREIRAJ,2026-03-29,142093,1,20,0,365.0
10110032MOREIRAJ_2026-03-29_G33,10110032MOREIRAJ,2026-03-29,117786,1,3,0,934.0
10110032MOREIRAJ_2026-03-29_G34,10110032MOREIRAJ,2026-03-29,110711,1,18,0,222.0
10110032MOREIRAJ_2026-03-29_G35,10110032MOREIRAJ,2026-03-29,111602,1,4,0,181.0
10110032MOREIRAJ_2026-03-29_G37,10110032MOREIRAJ,2026-03-29,108794,1,8,0,397.0
10110032MOREIRAJ_2026-03-29_G38,10110032MOREIRAJ,2026-03-29,111602,1,20,0,501.0
10110032MOREIRAJ_2026-03-29_G39,10110032MOREIRAJ,2026-03-29,108794,1,4,0,349.0
10110032MOREIRAJ_2026-03-29_G40,10110032MOREIRAJ,2026-03-29,108794,1,4,0,71.0
10110032MOREIRAJ_2026-03-29_G41,10110032MOREIRAJ,2026-03-29,117786,1,1,0,176.0
10110032MOREIRAJ_2026-03-29_G42,10110032MOREIRAJ,2026-03-29,108794,1,3,0,131.0
10110032MOREIRAJ_2026-03-29_G43,10110032MOREIRAJ,2026-03-29,110711,1,3,0,165.0
10110032MOREIRAJ_2026-03-29_G44,10110032MOREIRAJ,2026-03-29,108794,1,6,0,169.0
10110032MOREIRAJ_2026-03-29_G45,10110032MOREIRAJ,2026-03-29,109640,1,3,0,150.0
10110032MOREIRAJ_2026-03-29_G46,10110032MOREIRAJ,2026-03-29,110733,1,4,0,308.0
10110032MOREIRAJ_2026-03-29_G47,10110032MOREIRAJ,2026-03-29,142093,1,4,0,176.0
10110032MOREIRAJ_2026-03-29_G48,10110032MOREIRAJ,2026-03-29,109640,1,3,0,155.0
10110032MOREIRAJ_2026-03-29_G49,10110032MOREIRAJ,2026-03-29,117786,1,4,0,134.0
10110032MOREIRAJ_2026-03-29_G50,10110032MOREIRAJ,2026-03-29,110711,1,4,0,168.0
10110032MOREIRAJ_2026-03-29_G51,10110032MOREIRAJ,2026-03-29,108794,1,8,0,327.0
10110032MOREIRAJ_2026-03-29_G52,10110032MOREIRAJ,2026-03-29,110711,1,6,0,356.0
10110032MOREIRAJ_2026-03-29_G53,10110032MOREIRAJ,2026-03-29,117786,1,5,0,293.0
10110032MOREIRAJ_2026-03-29_G54,10110032MOREIRAJ,2026-03-29,110711,1,1,0,154.0
10110032MOREIRAJ_2026-03-29_G55,10110032MOREIRAJ,2026-03-29,110711,1,4,0,645.0
10110032MOREIRAJ_2026-03-29_G56,10110032MOREIRAJ,2026-03-29,110580,1,2,0,221.0
10110032MOREIRAJ_2026-03-29_G57,10110032MOREIRAJ,2026-03-29,108794,1,7,0,536.0
10110033SANTOSE_2025-09-25_G02,10110033SANTOSE,2025-09-25,111430,1,4,0,59.0
10110033SANTOSE_2025-09-25_G03,10110033SANTOSE,2025-09-25,111780,1,4,0,107.0
10110033SANTOSE_2025-09-25_G04,10110033SANTOSE,2025-09-25,118417,1,4,0,49.0
10110033SANTOSE_2025-09-25_G05,10110033SANTOSE,2025-09-25,114102,1,6,0,122.0
10110033SANTOSE_2025-09-25_G06,10110033SANTOSE,2025-09-25,111655,1,1,0,43.0
10110033SANTOSE_2025-09-25_G07,10110033SANTOSE,2025-09-25,110623,1,10,0,284.0
10110033SANTOSE_2025-09-25_G08,10110033SANTOSE,2025-09-25,110623,1,20,0,346.0
10110033SANTOSE_2025-09-25_G09,10110033SANTOSE,2025-09-25,110310,1,4,0,136.0
10110033SANTOSE_2025-09-25_G10,10110033SANTOSE,2025-09-25,141047,2,26,14,1200.0
10110033SANTOSE_2025-09-25_G11,10110033SANTOSE,2025-09-25,141066,1,10,0,208.0
10110033SANTOSE_2025-09-25_G12,10110033SANTOSE,2025-09-25,117856,1,60,0,299.0
10110033SANTOSE_2025-09-25_G13,10110033SANTOSE,2025-09-25,140923,1,60,0,218.0
10110033SANTOSE_2025-09-25_G14,10110033SANTOSE,2025-09-25,111530,1,50,0,536.0
10110033SANTOSE_2025-09-25_G15,10110033SANTOSE,2025-09-25,111650,1,2,0,52.0
10110033SANTOSE_2025-09-25_G16,10110033SANTOSE,2025-09-25,117935,1,16,0,77.0
10110033SANTOSE_2025-09-25_G17,10110033SANTOSE,2025-09-25,110313,1,7,0,105.0
10110033SANTOSE_2025-09-25_G18,10110033SANTOSE,2025-09-25,111602,1,50,0,445.0
10110033SANTOSE_2025-09-25_G19,10110033SANTOSE,2025-09-25,118330,1,6,0,83.0
10110033SANTOSE_2025-09-25_G20,10110033SANTOSE,2025-09-25,117831,1,50,0,391.0
10110033SANTOSE_2025-09-25_G21,10110033SANTOSE,2025-09-25,111532,1,60,0,431.0
10110033SANTOSE_2025-09-25_G22,10110033SANTOSE,2025-09-25,141457,1,50,0,1653.0
10110033SANTOSE_2025-09-25_G23,10110033SANTOSE,2025-09-25,108794,1,30,0,37.0
10110033SANTOSE_2025-09-25_G24,10110033SANTOSE,2025-09-25,118280,1,8,0,1609.0
10110033SANTOSE_2025-09-26_G02,10110033SANTOSE,2025-09-26,117808,1,108,0,538.0
10110033SANTOSE_2025-09-26_G03,10110033SANTOSE,2025-09-26,117808,1,108,0,440.0
10110033SANTOSE_2025-09-26_G04,10110033SANTOSE,2025-09-26,141456,1,460,0,2492.0
10110033SANTOSE_2025-09-26_G05,10110033SANTOSE,2025-09-26,109641,1,16,0,410.0
10110033SANTOSE_2025-09-26_G06,10110033SANTOSE,2025-09-26,111465,1,93,0,323.0
10110033SANTOSE_2025-09-26_G07,10110033SANTOSE,2025-09-26,141456,1,96,0,1088.0
10110033SANTOSE_2025-09-26_G08,10110033SANTOSE,2025-09-26,117832,1,487,0,1481.0
10110033SANTOSE_2025-09-26_G10,10110033SANTOSE,2025-09-26,111569,1,4,0,338.0
10110033SANTOSE_2025-09-26_G11,10110033SANTOSE,2025-09-26,105705,1,8,0,173.0
10110033SANTOSE_2025-09-26_G12,10110033SANTOSE,2025-09-26,111463,1,4,0,87.0
10110033SANTOSE_2025-09-26_G13,10110033SANTOSE,2025-09-26,140922,1,4,0,63.0
10110033SANTOSE_2025-09-26_G14,10110033SANTOSE,2025-09-26,111532,1,4,0,74.0
10110033SANTOSE_2025-09-26_G15,10110033SANTOSE,2025-09-26,111446,1,2,0,385.0
10110033SANTOSE_2025-09-26_G16,10110033SANTOSE,2025-09-26,117820,1,4,0,213.0
10110033SANTOSE_2025-09-26_G17,10110033SANTOSE,2025-09-26,117836,1,4,0,1319.0
10110033SANTOSE_2025-09-26_G18,10110033SANTOSE,2025-09-26,110895,2,4,13,208.0
10110033SANTOSE_2025-09-26_G19,10110033SANTOSE,2025-09-26,111655,1,1,0,114.0
10110033SANTOSE_2025-09-26_G20,10110033SANTOSE,2025-09-26,140922,1,2,0,255.0
10110033SANTOSE_2025-09-26_G21,10110033SANTOSE,2025-09-26,118140,1,11,0,63.0
10110033SANTOSE_2025-09-26_G22,10110033SANTOSE,2025-09-26,141458,1,8,0,171.0
10110033SANTOSE_2025-09-26_G23,10110033SANTOSE,2025-09-26,111182,1,4,0,89.0
10110033SANTOSE_2025-09-26_G24,10110033SANTOSE,2025-09-26,117862,1,2,0,709.0
10110033SANTOSE_2025-09-26_G25,10110033SANTOSE,2025-09-26,118299,1,4,0,191.0
10110033SANTOSE_2025-09-26_G26,10110033SANTOSE,2025-09-26,110372,1,4,0,123.0
10110033SANTOSE_2025-09-26_G27,10110033SANTOSE,2025-09-26,117808,1,8,0,117.0
10110033SANTOSE_2025-09-26_G28,10110033SANTOSE,2025-09-26,140923,1,6,0,278.0
10110033SANTOSE_2025-09-27_G02,10110033SANTOSE,2025-09-27,110751,1,8,0,209.0
10110033SANTOSE_2025-09-27_G03,10110033SANTOSE,2025-09-27,140922,1,10,0,178.0
10110033SANTOSE_2025-09-27_G04,10110033SANTOSE,2025-09-27,111466,1,30,0,308.0
10110033SANTOSE_2025-09-27_G05,10110033SANTOSE,2025-09-27,141458,1,15,0,682.0
10110033SANTOSE_2025-09-27_G06,10110033SANTOSE,2025-09-27,111462,1,25,0,858.0
10110033SANTOSE_2025-09-27_G07,10110033SANTOSE,2025-09-27,117831,1,50,0,616.0
10110033SANTOSE_2025-09-27_G08,10110033SANTOSE,2025-09-27,141457,1,70,0,1461.0
10110033SANTOSE_2025-09-27_G09,10110033SANTOSE,2025-09-27,109645,1,70,0,391.0
10110033SANTOSE_2025-09-27_G10,10110033SANTOSE,2025-09-27,111418,1,70,0,539.0
10110033SANTOSE_2025-09-27_G11,10110033SANTOSE,2025-09-27,117785,1,76,0,1065.0
10110033SANTOSE_2025-09-27_G12,10110033SANTOSE,2025-09-27,111438,1,40,0,1171.0
10110033SANTOSE_2025-09-27_G13,10110033SANTOSE,2025-09-27,117809,1,1,0,157.0
10110033SANTOSE_2025-09-27_G14,10110033SANTOSE,2025-09-27,120002,1,20,0,518.0
10110033SANTOSE_2025-09-29_G02,10110033SANTOSE,2025-09-29,110373,1,215,0,530.0
10110033SANTOSE_2025-09-29_G03,10110033SANTOSE,2025-09-29,108711,1,4,0,734.0
10110033SANTOSE_2025-09-29_G04,10110033SANTOSE,2025-09-29,140922,1,2,0,199.0
10110033SANTOSE_2025-09-29_G05,10110033SANTOSE,2025-09-29,141823,1,4,0,125.0
10110033SANTOSE_2025-09-29_G06,10110033SANTOSE,2025-09-29,118140,1,4,0,238.0
10110033SANTOSE_2025-09-29_G07,10110033SANTOSE,2025-09-29,111532,1,4,0,143.0
10110033SANTOSE_2025-09-29_G08,10110033SANTOSE,2025-09-29,111530,1,8,0,153.0
10110033SANTOSE_2025-09-29_G09,10110033SANTOSE,2025-09-29,111530,1,15,0,825.0
10110033SANTOSE_2025-09-29_G10,10110033SANTOSE,2025-09-29,111532,1,12,0,120.0
10110033SANTOSE_2025-09-29_G11,10110033SANTOSE,2025-09-29,111530,1,2,0,135.0
10110033SANTOSE_2025-09-29_G12,10110033SANTOSE,2025-09-29,110787,1,8,0,106.0
10110033SANTOSE_2025-09-29_G13,10110033SANTOSE,2025-09-29,107892,1,8,0,256.0
10110033SANTOSE_2025-09-29_G14,10110033SANTOSE,2025-09-29,111532,1,9,0,206.0
10110033SANTOSE_2025-09-29_G15,10110033SANTOSE,2025-09-29,111598,1,1,0,395.0
10110033SANTOSE_2025-09-29_G16,10110033SANTOSE,2025-09-29,107629,2,6,14,1260.0
10110033SANTOSE_2025-09-29_G17,10110033SANTOSE,2025-09-29,117855,2,7,6,313.0
10110033SANTOSE_2025-09-29_G18,10110033SANTOSE,2025-09-29,110339,1,3,0,112.0
10110033SANTOSE_2025-09-29_G19,10110033SANTOSE,2025-09-29,109640,4,14,23,150.0
10110033SANTOSE_2025-09-29_G20,10110033SANTOSE,2025-09-29,110752,2,2,7,100.0
10110033SANTOSE_2025-09-29_G21,10110033SANTOSE,2025-09-29,117837,2,4,6,334.0
10110033SANTOSE_2025-09-29_G22,10110033SANTOSE,2025-09-29,111441,1,6,0,324.0
10110033SANTOSE_2025-09-29_G23,10110033SANTOSE,2025-09-29,111441,1,4,0,37.0
10110033SANTOSE_2025-09-29_G24,10110033SANTOSE,2025-09-29,110755,2,6,6,48.0
10110033SANTOSE_2025-09-30_G02,10110033SANTOSE,2025-09-30,110895,2,14,6,97.0
10110033SANTOSE_2025-09-30_G03,10110033SANTOSE,2025-09-30,110895,3,22,26,130.0
10110033SANTOSE_2025-10-06_G02,10110033SANTOSE,2025-10-06,108795,2,6,6,127.0
10110033SANTOSE_2025-10-06_G03,10110033SANTOSE,2025-10-06,111463,1,22,0,216.0
10110033SANTOSE_2025-10-06_G04,10110033SANTOSE,2025-10-06,110740,1,6,0,92.0
10110033SANTOSE_2025-10-06_G05,10110033SANTOSE,2025-10-06,110740,1,6,0,59.0
10110033SANTOSE_2025-10-06_G06,10110033SANTOSE,2025-10-06,140922,1,9,0,621.0
10110033SANTOSE_2025-10-06_G07,10110033SANTOSE,2025-10-06,140922,1,24,0,119.0
10110033SANTOSE_2025-10-06_G08,10110033SANTOSE,2025-10-06,140922,1,30,0,1833.0
10110033SANTOSE_2025-10-06_G09,10110033SANTOSE,2025-10-06,111435,2,4,7,215.0
10110033SANTOSE_2025-10-06_G10,10110033SANTOSE,2025-10-06,108798,2,6,6,105.0
10110033SANTOSE_2025-10-06_G11,10110033SANTOSE,2025-10-06,111532,1,6,0,77.0
10110033SANTOSE_2025-10-06_G12,10110033SANTOSE,2025-10-06,111532,1,6,0,60.0
10110033SANTOSE_2025-10-06_G13,10110033SANTOSE,2025-10-06,109645,2,4,7,228.0
10110033SANTOSE_2025-10-06_G14,10110033SANTOSE,2025-10-06,108794,2,4,5,143.0
10110033SANTOSE_2025-10-06_G15,10110033SANTOSE,2025-10-06,141457,1,24,0,43.0
10110033SANTOSE_2025-10-06_G16,10110033SANTOSE,2025-10-06,111418,1,22,0,1143.0
10110033SANTOSE_2025-10-07_G02,10110033SANTOSE,2025-10-07,110339,1,3,0,409.0
10110033SANTOSE_2025-10-07_G03,10110033SANTOSE,2025-10-07,117855,1,4,0,261.0
10110033SANTOSE_2025-10-07_G04,10110033SANTOSE,2025-10-07,111602,1,14,0,197.0
10110033SANTOSE_2025-10-07_G05,10110033SANTOSE,2025-10-07,111530,1,16,0,1763.0
10110033SANTOSE_2025-10-07_G06,10110033SANTOSE,2025-10-07,111532,1,7,0,892.0
10110033SANTOSE_2025-10-07_G07,10110033SANTOSE,2025-10-07,110582,1,2,0,186.0
10110033SANTOSE_2025-10-07_G08,10110033SANTOSE,2025-10-07,110339,1,2,0,394.0
10110033SANTOSE_2025-10-07_G09,10110033SANTOSE,2025-10-07,111172,1,4,0,497.0
10110033SANTOSE_2025-10-07_G10,10110033SANTOSE,2025-10-07,118416,1,8,0,580.0
10110033SANTOSE_2025-10-07_G11,10110033SANTOSE,2025-10-07,118442,1,4,0,908.0
10110033SANTOSE_2025-10-07_G12,10110033SANTOSE,2025-10-07,111120,1,2,0,2165.0
10110033SANTOSE_2025-10-07_G13,10110033SANTOSE,2025-10-07,111532,1,7,0,492.0
10110033SANTOSE_2025-10-07_G14,10110033SANTOSE,2025-10-07,110711,1,9,0,139.0
10110033SANTOSE_2025-10-07_G15,10110033SANTOSE,2025-10-07,110711,1,5,0,221.0
10110033SANTOSE_2025-10-07_G16,10110033SANTOSE,2025-10-07,111532,1,4,0,93.0
10110033SANTOSE_2025-10-07_G17,10110033SANTOSE,2025-10-07,110339,1,2,0,100.0
10110033SANTOSE_2025-10-07_G19,10110033SANTOSE,2025-10-07,111465,1,1077,0,1799.0
10110033SANTOSE_2025-10-07_G20,10110033SANTOSE,2025-10-07,141456,1,1034,0,2051.0
10110033SANTOSE_2025-10-07_G21,10110033SANTOSE,2025-10-07,141457,1,1205,0,2988.0
10110033SANTOSE_2025-10-08_G02,10110033SANTOSE,2025-10-08,110752,1,15,0,292.0
10110033SANTOSE_2025-10-08_G03,10110033SANTOSE,2025-10-08,109640,1,2,0,1067.0
10110033SANTOSE_2025-10-08_G04,10110033SANTOSE,2025-10-08,110787,1,1,0,490.0
10110033SANTOSE_2025-10-08_G05,10110033SANTOSE,2025-10-08,109640,1,2,0,585.0
10110033SANTOSE_2025-10-08_G06,10110033SANTOSE,2025-10-08,111465,1,4,0,111.0
10110033SANTOSE_2025-10-08_G07,10110033SANTOSE,2025-10-08,118140,1,4,0,123.0
10110033SANTOSE_2025-10-08_G08,10110033SANTOSE,2025-10-08,110339,1,21,0,746.0
10110033SANTOSE_2025-10-08_G09,10110033SANTOSE,2025-10-08,111530,1,2,0,228.0
10110033SANTOSE_2025-10-08_G10,10110033SANTOSE,2025-10-08,111532,1,2,0,92.0
10110033SANTOSE_2025-10-08_G11,10110033SANTOSE,2025-10-08,110747,1,6,0,500.0
10110033SANTOSE_2025-10-08_G12,10110033SANTOSE,2025-10-08,117822,1,2,0,115.0
10110033SANTOSE_2025-10-08_G13,10110033SANTOSE,2025-10-08,110373,1,6,0,281.0
10110033SANTOSE_2025-10-08_G14,10110033SANTOSE,2025-10-08,110375,1,6,0,359.0
10110033SANTOSE_2025-10-08_G15,10110033SANTOSE,2025-10-08,111468,1,8,0,242.0
10110033SANTOSE_2025-10-08_G16,10110033SANTOSE,2025-10-08,140911,1,2,0,483.0
10110033SANTOSE_2025-10-09_G02,10110033SANTOSE,2025-10-09,111743,1,2,0,144.0
10110033SANTOSE_2025-10-09_G03,10110033SANTOSE,2025-10-09,"108798, 111532",2,3,18,70.0
10110033SANTOSE_2025-10-09_G04,10110033SANTOSE,2025-10-09,117842,1,4,0,96.0
10110033SANTOSE_2025-10-09_G05,10110033SANTOSE,2025-10-09,111469,1,4,0,83.0
10110033SANTOSE_2025-10-09_G06,10110033SANTOSE,2025-10-09,111437,1,20,0,1753.0
10110033SANTOSE_2025-10-09_G07,10110033SANTOSE,2025-10-09,118364,1,4,0,883.0
10110033SANTOSE_2025-10-09_G08,10110033SANTOSE,2025-10-09,118198,1,4,0,289.0
10110033SANTOSE_2025-10-09_G09,10110033SANTOSE,2025-10-09,118285,1,4,0,404.0
10110033SANTOSE_2025-10-09_G10,10110033SANTOSE,2025-10-09,111463,1,22,0,300.0
10110033SANTOSE_2025-10-09_G11,10110033SANTOSE,2025-10-09,116241,1,19,0,456.0
10110033SANTOSE_2025-10-09_G12,10110033SANTOSE,2025-10-09,110745,1,12,0,130.0
10110033SANTOSE_2025-10-09_G13,10110033SANTOSE,2025-10-09,111330,1,28,0,758.0
10110033SANTOSE_2025-10-09_G14,10110033SANTOSE,2025-10-09,110373,1,2,0,237.0
10110033SANTOSE_2025-10-09_G15,10110033SANTOSE,2025-10-09,117820,1,100,0,1061.0
10110033SANTOSE_2025-10-09_G16,10110033SANTOSE,2025-10-09,111441,1,72,0,1904.0
10110033SANTOSE_2025-10-09_G18,10110033SANTOSE,2025-10-09,111430,1,53,0,194.0
10110033SANTOSE_2025-10-09_G19,10110033SANTOSE,2025-10-09,111530,1,150,0,687.0
10110033SANTOSE_2025-10-09_G20,10110033SANTOSE,2025-10-09,111569,1,100,0,1077.0
10110033SANTOSE_2025-10-09_G21,10110033SANTOSE,2025-10-09,111466,1,181,0,1075.0
10110033SANTOSE_2025-10-09_G22,10110033SANTOSE,2025-10-09,118277,1,14,0,1175.0
10110033SANTOSE_2025-10-09_G23,10110033SANTOSE,2025-10-09,110339,1,2,0,796.0
10110033SANTOSE_2025-10-09_G24,10110033SANTOSE,2025-10-09,111602,1,1,0,724.0
10110033SANTOSE_2025-10-09_G25,10110033SANTOSE,2025-10-09,117856,1,4,0,146.0
10110033SANTOSE_2025-10-09_G26,10110033SANTOSE,2025-10-09,"110711, 111650",2,7,15,129.0
10110033SANTOSE_2025-10-09_G27,10110033SANTOSE,2025-10-09,117965,1,8,0,114.0
10110033SANTOSE_2025-10-09_G28,10110033SANTOSE,2025-10-09,108772,1,4,0,307.0
10110033SANTOSE_2025-10-09_G29,10110033SANTOSE,2025-10-09,141457,1,2,0,185.0
10110033SANTOSE_2025-10-09_G30,10110033SANTOSE,2025-10-09,117821,1,4,0,96.0
10110033SANTOSE_2025-10-09_G31,10110033SANTOSE,2025-10-09,"118140, 141458",2,4,14,47.0
10110033SANTOSE_2025-10-09_G32,10110033SANTOSE,2025-10-09,111418,1,2,0,203.0
10110033SANTOSE_2025-10-09_G33,10110033SANTOSE,2025-10-09,118286,1,2,0,71.0
10110033SANTOSE_2025-10-09_G34,10110033SANTOSE,2025-10-09,109643,1,2,0,111.0
10110033SANTOSE_2025-10-09_G35,10110033SANTOSE,2025-10-09,110372,1,2,0,121.0
10110033SANTOSE_2025-10-09_G36,10110033SANTOSE,2025-10-09,118299,1,6,0,81.0
10110033SANTOSE_2025-10-09_G37,10110033SANTOSE,2025-10-09,117833,1,2,0,73.0
10110033SANTOSE_2025-10-10_G02,10110033SANTOSE,2025-10-10,108794,1,2,0,89.0
10110033SANTOSE_2025-10-10_G03,10110033SANTOSE,2025-10-10,111466,1,20,0,136.0
10110033SANTOSE_2025-10-10_G04,10110033SANTOSE,2025-10-10,111465,1,3,0,204.0
10110033SANTOSE_2025-10-10_G05,10110033SANTOSE,2025-10-10,117833,1,4,0,52.0
10110033SANTOSE_2025-10-10_G06,10110033SANTOSE,2025-10-10,140922,1,10,0,184.0
10110033SANTOSE_2025-10-10_G07,10110033SANTOSE,2025-10-10,117821,1,2,0,77.0
10110033SANTOSE_2025-10-10_G08,10110033SANTOSE,2025-10-10,117831,1,12,0,453.0
10110033SANTOSE_2025-10-10_G09,10110033SANTOSE,2025-10-10,117809,1,12,0,172.0
10110033SANTOSE_2025-10-10_G10,10110033SANTOSE,2025-10-10,109643,1,2,0,198.0
10110033SANTOSE_2025-10-10_G11,10110033SANTOSE,2025-10-10,110373,1,80,0,219.0
10110033SANTOSE_2025-10-10_G12,10110033SANTOSE,2025-10-10,117832,1,6,0,158.0
10110033SANTOSE_2025-10-10_G13,10110033SANTOSE,2025-10-10,110375,1,12,0,95.0
10110033SANTOSE_2025-10-10_G14,10110033SANTOSE,2025-10-10,110376,1,2,0,67.0
10110033SANTOSE_2025-10-10_G15,10110033SANTOSE,2025-10-10,105470,1,2,0,297.0
10110033SANTOSE_2025-10-10_G16,10110033SANTOSE,2025-10-10,111530,1,4,0,133.0
10110033SANTOSE_2025-10-10_G17,10110033SANTOSE,2025-10-10,117965,1,4,0,64.0
10110033SANTOSE_2025-10-10_G18,10110033SANTOSE,2025-10-10,118403,1,4,0,125.0
10110033SANTOSE_2025-10-10_G19,10110033SANTOSE,2025-10-10,140922,1,4,0,101.0
10110033SANTOSE_2025-10-10_G20,10110033SANTOSE,2025-10-10,110895,1,4,0,188.0
10110033SANTOSE_2025-10-10_G21,10110033SANTOSE,2025-10-10,110374,1,1,0,289.0
10110033SANTOSE_2025-10-10_G22,10110033SANTOSE,2025-10-10,111620,1,1,0,409.0
10110033SANTOSE_2025-10-10_G23,10110033SANTOSE,2025-10-10,117935,1,4,0,97.0
10110033SANTOSE_2025-10-10_G24,10110033SANTOSE,2025-10-10,117856,1,2,0,109.0
10110033SANTOSE_2025-10-10_G25,10110033SANTOSE,2025-10-10,117856,1,4,0,58.0
10110033SANTOSE_2025-10-10_G26,10110033SANTOSE,2025-10-10,110787,1,1,0,101.0
10110033SANTOSE_2025-10-10_G27,10110033SANTOSE,2025-10-10,117856,1,4,0,138.0
10110033SANTOSE_2025-10-10_G28,10110033SANTOSE,2025-10-10,117856,1,4,0,69.0
10110033SANTOSE_2025-10-10_G29,10110033SANTOSE,2025-10-10,117856,1,4,0,196.0
10110033SANTOSE_2025-10-10_G30,10110033SANTOSE,2025-10-10,117808,1,100,0,2047.0
10110033SANTOSE_2025-10-10_G31,10110033SANTOSE,2025-10-10,117808,1,100,0,85.0
10110033SANTOSE_2025-10-10_G33,10110033SANTOSE,2025-10-10,111447,1,4,0,96.0
10110033SANTOSE_2025-10-10_G34,10110033SANTOSE,2025-10-10,117834,1,10,0,258.0
10110033SANTOSE_2025-10-10_G35,10110033SANTOSE,2025-10-10,111445,1,4,0,65.0
10110033SANTOSE_2025-10-10_G36,10110033SANTOSE,2025-10-10,110755,1,11,0,106.0
10110033SANTOSE_2025-10-10_G37,10110033SANTOSE,2025-10-10,117855,1,2,0,142.0
10110033SANTOSE_2025-10-10_G38,10110033SANTOSE,2025-10-10,140923,1,5,0,69.0
10110033SANTOSE_2025-10-10_G39,10110033SANTOSE,2025-10-10,107629,1,4,0,70.0
10110033SANTOSE_2025-10-10_G40,10110033SANTOSE,2025-10-10,"111530, 110711",3,9,28,277.0
10110033SANTOSE_2025-10-10_G41,10110033SANTOSE,2025-10-10,110733,1,4,0,86.0
10110033SANTOSE_2025-10-10_G42,10110033SANTOSE,2025-10-10,111602,1,2,0,121.0
10110033SANTOSE_2025-10-10_G43,10110033SANTOSE,2025-10-10,118094,1,4,0,283.0
10110033SANTOSE_2025-10-10_G44,10110033SANTOSE,2025-10-10,141456,1,5,0,1614.0
10110033SANTOSE_2025-10-10_G45,10110033SANTOSE,2025-10-10,111463,1,5,0,134.0
10110033SANTOSE_2025-10-10_G46,10110033SANTOSE,2025-10-10,108711,1,4,0,107.0
10110033SANTOSE_2025-10-10_G47,10110033SANTOSE,2025-10-10,117841,1,4,0,239.0
10110033SANTOSE_2025-10-10_G48,10110033SANTOSE,2025-10-10,111418,1,16,0,105.0
10110033SANTOSE_2025-10-10_G49,10110033SANTOSE,2025-10-10,111469,2,10,8,74.0
10110033SANTOSE_2025-10-10_G50,10110033SANTOSE,2025-10-10,140923,1,8,0,444.0
10110033SANTOSE_2025-10-10_G51,10110033SANTOSE,2025-10-10,110339,1,6,0,219.0
10110033SANTOSE_2025-10-10_G52,10110033SANTOSE,2025-10-10,111467,1,6,0,508.0
10110033SANTOSE_2025-10-10_G53,10110033SANTOSE,2025-10-10,117786,1,2,0,73.0
10110033SANTOSE_2025-10-10_G54,10110033SANTOSE,2025-10-10,109640,2,5,8,33.0
10110033SANTOSE_2025-10-10_G55,10110033SANTOSE,2025-10-10,111439,1,3,0,100.0
10110033SANTOSE_2025-10-10_G56,10110033SANTOSE,2025-10-10,111466,2,38,6,888.0
10110033SANTOSE_2025-10-10_G57,10110033SANTOSE,2025-10-10,140922,1,7,0,197.0
10110033SANTOSE_2025-10-10_G58,10110033SANTOSE,2025-10-10,117821,1,8,0,72.0
10110033SANTOSE_2025-10-10_G59,10110033SANTOSE,2025-10-10,118140,1,9,0,136.0
10110033SANTOSE_2025-10-10_G60,10110033SANTOSE,2025-10-10,100334,1,4,0,1118.0
10110033SANTOSE_2025-10-10_G61,10110033SANTOSE,2025-10-10,117855,2,10,16,47.0
10110033SANTOSE_2025-10-10_G62,10110033SANTOSE,2025-10-10,140923,1,7,0,118.0
10110033SANTOSE_2025-10-10_G63,10110033SANTOSE,2025-10-10,111530,1,7,0,140.0
10110033SANTOSE_2025-10-10_G64,10110033SANTOSE,2025-10-10,110711,1,4,0,66.0
10110033SANTOSE_2025-10-10_G65,10110033SANTOSE,2025-10-10,117862,1,6,0,139.0
10110033SANTOSE_2025-10-10_G66,10110033SANTOSE,2025-10-10,111465,1,4,0,473.0
10110033SANTOSE_2025-10-11_G02,10110033SANTOSE,2025-10-11,118140,1,8,0,262.0
10110033SANTOSE_2025-10-11_G03,10110033SANTOSE,2025-10-11,111465,1,9,0,175.0
10110033SANTOSE_2025-10-11_G04,10110033SANTOSE,2025-10-11,108794,1,6,0,220.0
10110033SANTOSE_2025-10-11_G05,10110033SANTOSE,2025-10-11,111466,2,24,10,388.0
10110033SANTOSE_2025-10-11_G06,10110033SANTOSE,2025-10-11,108794,1,4,0,94.0
10110033SANTOSE_2025-10-11_G07,10110033SANTOSE,2025-10-11,117808,1,25,0,216.0
10110033SANTOSE_2025-10-11_G08,10110033SANTOSE,2025-10-11,111463,1,2,0,125.0
10110033SANTOSE_2025-10-11_G09,10110033SANTOSE,2025-10-11,110373,1,23,0,121.0
10110033SANTOSE_2025-10-11_G10,10110033SANTOSE,2025-10-11,110325,1,2,0,86.0
10110033SANTOSE_2025-10-11_G11,10110033SANTOSE,2025-10-11,110129,1,2,0,1279.0
10110033SANTOSE_2025-10-11_G12,10110033SANTOSE,2025-10-11,141456,1,2,0,63.0
10110033SANTOSE_2025-10-11_G13,10110033SANTOSE,2025-10-11,111443,1,2,0,84.0
10110033SANTOSE_2025-10-11_G14,10110033SANTOSE,2025-10-11,"110740, 108711",2,6,19,40.0
10110033SANTOSE_2025-10-11_G15,10110033SANTOSE,2025-10-11,111743,1,5,0,92.0
10110033SANTOSE_2025-10-11_G16,10110033SANTOSE,2025-10-11,111435,1,2,0,66.0
10110033SANTOSE_2025-10-11_G17,10110033SANTOSE,2025-10-11,141823,1,7,0,561.0
10110033SANTOSE_2025-10-11_G18,10110033SANTOSE,2025-10-11,108794,2,4,5,61.0
10110033SANTOSE_2025-10-11_G19,10110033SANTOSE,2025-10-11,111466,1,2,0,51.0
10110033SANTOSE_2025-10-11_G20,10110033SANTOSE,2025-10-11,117833,1,4,0,97.0
10110033SANTOSE_2025-10-11_G21,10110033SANTOSE,2025-10-11,111442,1,4,0,57.0
10110033SANTOSE_2025-10-11_G22,10110033SANTOSE,2025-10-11,140922,1,5,0,36.0
10110033SANTOSE_2025-10-11_G23,10110033SANTOSE,2025-10-11,117831,1,2,0,61.0
10110033SANTOSE_2025-10-11_G24,10110033SANTOSE,2025-10-11,111468,1,2,0,77.0
10110033SANTOSE_2025-10-11_G25,10110033SANTOSE,2025-10-11,118140,1,40,0,288.0
10110033SANTOSE_2025-10-11_G26,10110033SANTOSE,2025-10-11,100334,1,12,0,609.0
10110033SANTOSE_2025-10-11_G27,10110033SANTOSE,2025-10-11,108759,1,1,0,161.0
10110033SANTOSE_2025-10-11_G28,10110033SANTOSE,2025-10-11,110742,1,4,0,136.0
10110033SANTOSE_2025-10-11_G29,10110033SANTOSE,2025-10-11,110582,1,1,0,90.0
10110033SANTOSE_2025-10-11_G30,10110033SANTOSE,2025-10-11,111660,1,2,0,76.0
10110033SANTOSE_2025-10-13_G02,10110033SANTOSE,2025-10-13,110740,1,4,0,594.0
10110033SANTOSE_2025-10-13_G03,10110033SANTOSE,2025-10-13,111431,1,15,0,305.0
10110033SANTOSE_2025-10-13_G04,10110033SANTOSE,2025-10-13,111465,1,50,0,1003.0
10110033SANTOSE_2025-10-13_G05,10110033SANTOSE,2025-10-13,117808,1,500,0,1203.0
10110033SANTOSE_2025-10-13_G06,10110033SANTOSE,2025-10-13,117820,1,26,0,139.0
10110033SANTOSE_2025-10-13_G07,10110033SANTOSE,2025-10-13,118299,1,500,0,2949.0
10110033SANTOSE_2025-10-14_G02,10110033SANTOSE,2025-10-14,110747,1,1,0,91.0
10110033SANTOSE_2025-10-14_G03,10110033SANTOSE,2025-10-14,111602,1,3,0,67.0
10110033SANTOSE_2025-10-14_G04,10110033SANTOSE,2025-10-14,111182,2,10,8,84.0
10110033SANTOSE_2025-10-14_G05,10110033SANTOSE,2025-10-14,111466,1,5,0,166.0
10110033SANTOSE_2025-10-14_G06,10110033SANTOSE,2025-10-14,108794,1,4,0,117.0
10110033SANTOSE_2025-10-14_G07,10110033SANTOSE,2025-10-14,111418,1,8,0,264.0
10110033SANTOSE_2025-10-14_G08,10110033SANTOSE,2025-10-14,117862,1,2,0,79.0
10110033SANTOSE_2025-10-14_G09,10110033SANTOSE,2025-10-14,118222,1,2,0,159.0
10110033SANTOSE_2025-10-14_G10,10110033SANTOSE,2025-10-14,109643,1,2,0,680.0
10110033SANTOSE_2025-10-14_G11,10110033SANTOSE,2025-10-14,110373,1,21,0,161.0
10110033SANTOSE_2025-10-14_G12,10110033SANTOSE,2025-10-14,110371,1,2,0,54.0
10110033SANTOSE_2025-10-14_G13,10110033SANTOSE,2025-10-14,118299,3,28,11,108.0
10110033SANTOSE_2025-10-14_G14,10110033SANTOSE,2025-10-14,110376,1,1,0,159.0
10110033SANTOSE_2025-10-14_G15,10110033SANTOSE,2025-10-14,117820,1,2,0,349.0
10110033SANTOSE_2025-10-14_G16,10110033SANTOSE,2025-10-14,110325,1,3,0,76.0
10110033SANTOSE_2025-10-14_G17,10110033SANTOSE,2025-10-14,118140,1,4,0,164.0
10110033SANTOSE_2025-10-14_G18,10110033SANTOSE,2025-10-14,111466,1,4,0,135.0
10110033SANTOSE_2025-10-14_G19,10110033SANTOSE,2025-10-14,111466,1,7,0,55.0
10110033SANTOSE_2025-10-14_G20,10110033SANTOSE,2025-10-14,111418,2,12,9,36.0
10110033SANTOSE_2025-10-14_G21,10110033SANTOSE,2025-10-14,111743,1,4,0,531.0
10110033SANTOSE_2025-10-14_G22,10110033SANTOSE,2025-10-14,111463,1,4,0,31.0
10110033SANTOSE_2025-10-14_G23,10110033SANTOSE,2025-10-14,141457,1,2,0,52.0
10110033SANTOSE_2025-10-14_G24,10110033SANTOSE,2025-10-14,111532,2,10,7,89.0
10110033SANTOSE_2025-10-14_G25,10110033SANTOSE,2025-10-14,111172,1,2,0,293.0
10110033SANTOSE_2025-10-14_G26,10110033SANTOSE,2025-10-14,117831,1,4,0,57.0
10110033SANTOSE_2025-10-14_G27,10110033SANTOSE,2025-10-14,141458,1,4,0,86.0
10110033SANTOSE_2025-10-14_G28,10110033SANTOSE,2025-10-14,111468,1,4,0,66.0
10110033SANTOSE_2025-10-14_G29,10110033SANTOSE,2025-10-14,117856,1,4,0,119.0
10110033SANTOSE_2025-10-14_G30,10110033SANTOSE,2025-10-14,140923,1,3,0,58.0
10110033SANTOSE_2025-10-14_G31,10110033SANTOSE,2025-10-14,117862,2,12,7,98.0
10110033SANTOSE_2025-10-14_G32,10110033SANTOSE,2025-10-14,117935,1,4,0,112.0
10110033SANTOSE_2025-10-14_G33,10110033SANTOSE,2025-10-14,110339,1,1,0,92.0
10110033SANTOSE_2025-10-14_G34,10110033SANTOSE,2025-10-14,111602,2,6,6,101.0
10110033SANTOSE_2025-10-14_G35,10110033SANTOSE,2025-10-14,111569,1,6,0,179.0
10110033SANTOSE_2025-10-14_G36,10110033SANTOSE,2025-10-14,118222,2,7,6,382.0
10110033SANTOSE_2025-10-14_G37,10110033SANTOSE,2025-10-14,110372,1,39,0,1244.0
10110033SANTOSE_2025-10-14_G38,10110033SANTOSE,2025-10-14,110372,1,12,0,235.0
10110033SANTOSE_2025-10-14_G39,10110033SANTOSE,2025-10-14,111430,1,8,0,428.0
10110033SANTOSE_2025-10-14_G40,10110033SANTOSE,2025-10-14,108794,1,14,0,267.0
10110033SANTOSE_2025-10-14_G41,10110033SANTOSE,2025-10-14,108772,1,4,0,67.0
10110033SANTOSE_2025-10-14_G42,10110033SANTOSE,2025-10-14,111602,1,10,0,183.0
10110033SANTOSE_2025-10-14_G43,10110033SANTOSE,2025-10-14,117809,1,4,0,120.0
10110033SANTOSE_2025-10-14_G44,10110033SANTOSE,2025-10-14,109643,1,8,0,243.0
10110033SANTOSE_2025-10-14_G45,10110033SANTOSE,2025-10-14,111530,1,22,0,439.0
10110033SANTOSE_2025-10-14_G46,10110033SANTOSE,2025-10-14,111532,1,34,0,284.0
10110033SANTOSE_2025-10-14_G48,10110033SANTOSE,2025-10-14,118299,1,128,0,107.0
10110033SANTOSE_2025-10-14_G49,10110033SANTOSE,2025-10-14,117788,1,12,0,309.0
10110033SANTOSE_2025-10-14_G50,10110033SANTOSE,2025-10-14,111530,1,30,0,273.0
10110033SANTOSE_2025-10-14_G51,10110033SANTOSE,2025-10-14,117935,1,16,0,179.0
10110033SANTOSE_2025-10-14_G52,10110033SANTOSE,2025-10-14,117856,1,20,0,962.0
10110033SANTOSE_2025-10-14_G53,10110033SANTOSE,2025-10-14,117786,1,50,0,717.0
10110033SANTOSE_2025-10-14_G54,10110033SANTOSE,2025-10-14,111602,2,70,18,186.0
10110033SANTOSE_2025-10-14_G55,10110033SANTOSE,2025-10-14,117830,2,26,10,524.0
10110033SANTOSE_2025-10-14_G56,10110033SANTOSE,2025-10-14,110376,1,10,0,1162.0
10110033SANTOSE_2025-10-14_G57,10110033SANTOSE,2025-10-14,107830,1,12,0,407.0
10110033SANTOSE_2025-10-14_G58,10110033SANTOSE,2025-10-14,117820,1,40,0,339.0
10110033SANTOSE_2025-10-14_G59,10110033SANTOSE,2025-10-14,117832,1,20,0,519.0
10110033SANTOSE_2025-10-14_G60,10110033SANTOSE,2025-10-14,117856,1,20,0,462.0
10110033SANTOSE_2025-10-14_G61,10110033SANTOSE,2025-10-14,110373,1,50,0,926.0
10110033SANTOSE_2025-10-14_G62,10110033SANTOSE,2025-10-14,117808,1,150,0,212.0
10110033SANTOSE_2025-10-14_G63,10110033SANTOSE,2025-10-14,117809,1,50,0,773.0
10110033SANTOSE_2025-10-14_G64,10110033SANTOSE,2025-10-14,118299,1,70,0,314.0
10110033SANTOSE_2025-10-15_G02,10110033SANTOSE,2025-10-15,140922,1,4,0,242.0
10110033SANTOSE_2025-10-15_G03,10110033SANTOSE,2025-10-15,110373,1,7,0,331.0
10110033SANTOSE_2025-10-15_G04,10110033SANTOSE,2025-10-15,110371,1,6,0,82.0
10110033SANTOSE_2025-10-15_G05,10110033SANTOSE,2025-10-15,117808,1,13,0,189.0
10110033SANTOSE_2025-10-15_G06,10110033SANTOSE,2025-10-15,117832,1,4,0,65.0
10110033SANTOSE_2025-10-15_G07,10110033SANTOSE,2025-10-15,118317,1,4,0,114.0
10110033SANTOSE_2025-10-15_G08,10110033SANTOSE,2025-10-15,117821,1,3,0,107.0
10110033SANTOSE_2025-10-15_G09,10110033SANTOSE,2025-10-15,140922,1,4,0,62.0
10110033SANTOSE_2025-10-15_G10,10110033SANTOSE,2025-10-15,111569,1,2,0,167.0
10110033SANTOSE_2025-10-15_G11,10110033SANTOSE,2025-10-15,111438,1,2,0,324.0
10110033SANTOSE_2025-10-15_G12,10110033SANTOSE,2025-10-15,111602,1,1,0,260.0
10110033SANTOSE_2025-10-15_G13,10110033SANTOSE,2025-10-15,140923,1,2,0,701.0
10110033SANTOSE_2025-10-15_G14,10110033SANTOSE,2025-10-15,111463,1,3,0,1985.0
10110033SANTOSE_2025-10-15_G15,10110033SANTOSE,2025-10-15,105705,1,2,0,76.0
10110033SANTOSE_2025-10-15_G16,10110033SANTOSE,2025-10-15,111418,1,22,0,71.0
10110033SANTOSE_2025-10-15_G17,10110033SANTOSE,2025-10-15,108711,1,11,0,277.0
10110033SANTOSE_2025-10-15_G18,10110033SANTOSE,2025-10-15,111532,1,12,0,131.0
10110033SANTOSE_2025-10-15_G19,10110033SANTOSE,2025-10-15,141823,2,11,5,59.0
10110033SANTOSE_2025-10-15_G20,10110033SANTOSE,2025-10-15,"118223, 111466",2,3,16,104.0
10110033SANTOSE_2025-10-15_G21,10110033SANTOSE,2025-10-15,117821,1,4,0,129.0
10110033SANTOSE_2025-10-15_G22,10110033SANTOSE,2025-10-15,140922,2,10,9,62.0
10110033SANTOSE_2025-10-15_G23,10110033SANTOSE,2025-10-15,140923,1,7,0,458.0
10110033SANTOSE_2025-10-15_G24,10110033SANTOSE,2025-10-15,111530,1,16,0,110.0
10110033SANTOSE_2025-10-15_G25,10110033SANTOSE,2025-10-15,110752,1,2,0,202.0
10110033SANTOSE_2025-10-15_G26,10110033SANTOSE,2025-10-15,111602,1,14,0,139.0
10110033SANTOSE_2025-10-15_G27,10110033SANTOSE,2025-10-15,117832,1,4,0,358.0
10110033SANTOSE_2025-10-15_G28,10110033SANTOSE,2025-10-15,109643,1,8,0,56.0
10110033SANTOSE_2025-10-15_G29,10110033SANTOSE,2025-10-15,110373,1,2,0,88.0
10110033SANTOSE_2025-10-15_G30,10110033SANTOSE,2025-10-15,110371,1,2,0,60.0
10110033SANTOSE_2025-10-15_G31,10110033SANTOSE,2025-10-15,118290,1,4,0,1045.0
10110033SANTOSE_2025-10-15_G32,10110033SANTOSE,2025-10-15,111530,1,5,0,131.0
10110033SANTOSE_2025-10-15_G33,10110033SANTOSE,2025-10-15,117785,1,6,0,258.0
10110033SANTOSE_2025-10-15_G35,10110033SANTOSE,2025-10-15,117809,1,200,0,941.0
10110033SANTOSE_2025-10-15_G36,10110033SANTOSE,2025-10-15,117855,1,100,0,1362.0
10110033SANTOSE_2025-10-15_G37,10110033SANTOSE,2025-10-15,117862,1,180,0,485.0
10110033SANTOSE_2025-10-15_G38,10110033SANTOSE,2025-10-15,101217,1,4,0,331.0
10110033SANTOSE_2025-10-15_G39,10110033SANTOSE,2025-10-15,117786,1,100,0,137.0
10110033SANTOSE_2025-10-15_G40,10110033SANTOSE,2025-10-15,110711,1,100,0,322.0
10110033SANTOSE_2025-10-15_G41,10110033SANTOSE,2025-10-15,118094,1,100,0,633.0
10110033SANTOSE_2025-10-15_G42,10110033SANTOSE,2025-10-15,111879,1,8,0,67.0
10110033SANTOSE_2025-10-15_G43,10110033SANTOSE,2025-10-15,111660,1,4,0,1138.0
10110033SANTOSE_2025-10-15_G44,10110033SANTOSE,2025-10-15,117965,1,12,0,288.0
10110033SANTOSE_2025-10-15_G45,10110033SANTOSE,2025-10-15,109640,1,4,0,455.0
10110033SANTOSE_2025-10-15_G46,10110033SANTOSE,2025-10-15,111602,1,16,0,183.0
10110033SANTOSE_2025-10-15_G47,10110033SANTOSE,2025-10-15,109641,1,6,0,129.0
10110033SANTOSE_2025-10-15_G48,10110033SANTOSE,2025-10-15,110371,1,20,0,527.0
10110033SANTOSE_2025-10-15_G49,10110033SANTOSE,2025-10-15,110372,1,30,0,312.0
10110033SANTOSE_2025-10-16_G02,10110033SANTOSE,2025-10-16,107830,1,3,0,502.0
10110033SANTOSE_2025-10-16_G03,10110033SANTOSE,2025-10-16,117820,1,6,0,206.0
10110033SANTOSE_2025-10-16_G04,10110033SANTOSE,2025-10-16,117832,1,5,0,116.0
10110033SANTOSE_2025-10-16_G05,10110033SANTOSE,2025-10-16,117808,1,3,0,75.0
10110033SANTOSE_2025-10-16_G06,10110033SANTOSE,2025-10-16,110372,1,8,0,65.0
10110033SANTOSE_2025-10-16_G07,10110033SANTOSE,2025-10-16,118299,1,12,0,275.0
10110033SANTOSE_2025-10-16_G08,10110033SANTOSE,2025-10-16,"141202, 117809",2,8,15,115.0
10110033SANTOSE_2025-10-16_G09,10110033SANTOSE,2025-10-16,111602,1,8,0,251.0
10110033SANTOSE_2025-10-16_G10,10110033SANTOSE,2025-10-16,117788,1,3,0,925.0
10110033SANTOSE_2025-10-16_G11,10110033SANTOSE,2025-10-16,117935,1,4,0,147.0
10110033SANTOSE_2025-10-16_G12,10110033SANTOSE,2025-10-16,118140,1,6,0,175.0
10110033SANTOSE_2025-10-16_G13,10110033SANTOSE,2025-10-16,105705,1,2,0,259.0
10110033SANTOSE_2025-10-16_G14,10110033SANTOSE,2025-10-16,110751,1,4,0,123.0
10110033SANTOSE_2025-10-16_G15,10110033SANTOSE,2025-10-16,111462,1,571,0,2878.0
10110033SANTOSE_2025-10-17_G02,10110033SANTOSE,2025-10-17,110740,1,2,0,98.0
10110033SANTOSE_2025-10-17_G03,10110033SANTOSE,2025-10-17,141823,1,11,0,170.0
10110033SANTOSE_2025-10-17_G04,10110033SANTOSE,2025-10-17,117833,1,2,0,150.0
10110033SANTOSE_2025-10-17_G05,10110033SANTOSE,2025-10-17,141458,1,6,0,192.0
10110033SANTOSE_2025-10-17_G06,10110033SANTOSE,2025-10-17,111468,1,2,0,189.0
10110033SANTOSE_2025-10-17_G07,10110033SANTOSE,2025-10-17,141202,1,5,0,124.0
10110033SANTOSE_2025-10-17_G08,10110033SANTOSE,2025-10-17,111743,1,4,0,451.0
10110033SANTOSE_2025-10-17_G09,10110033SANTOSE,2025-10-17,141823,1,5,0,165.0
10110033SANTOSE_2025-10-17_G10,10110033SANTOSE,2025-10-17,108794,1,7,0,106.0
10110033SANTOSE_2025-10-17_G11,10110033SANTOSE,2025-10-17,111466,1,4,0,60.0
10110033SANTOSE_2025-10-17_G12,10110033SANTOSE,2025-10-17,141458,1,6,0,84.0
10110033SANTOSE_2025-10-17_G13,10110033SANTOSE,2025-10-17,111468,1,3,0,55.0
10110033SANTOSE_2025-10-17_G14,10110033SANTOSE,2025-10-17,107830,1,8,0,176.0
10110033SANTOSE_2025-10-17_G15,10110033SANTOSE,2025-10-17,117820,1,12,0,132.0
10110033SANTOSE_2025-10-17_G16,10110033SANTOSE,2025-10-17,141202,1,4,0,45.0
10110033SANTOSE_2025-10-17_G17,10110033SANTOSE,2025-10-17,110325,1,4,0,42.0
10110033SANTOSE_2025-10-17_G18,10110033SANTOSE,2025-10-17,117862,1,10,0,768.0
10110033SANTOSE_2025-10-17_G19,10110033SANTOSE,2025-10-17,118094,1,2,0,108.0
10110033SANTOSE_2025-10-17_G20,10110033SANTOSE,2025-10-17,117809,1,250,0,961.0
10110033SANTOSE_2025-10-17_G21,10110033SANTOSE,2025-10-17,141286,1,2,0,1924.0
10110033SANTOSE_2025-10-17_G22,10110033SANTOSE,2025-10-17,108410,1,2,0,115.0
10110033SANTOSE_2025-10-17_G23,10110033SANTOSE,2025-10-17,118286,1,1,0,513.0
10110033SANTOSE_2025-10-17_G24,10110033SANTOSE,2025-10-17,110833,1,1,0,99.0
10110033SANTOSE_2025-10-17_G25,10110033SANTOSE,2025-10-17,118352,1,2,0,85.0
10110033SANTOSE_2025-10-17_G26,10110033SANTOSE,2025-10-17,110816,1,4,0,288.0
10110033SANTOSE_2025-10-17_G27,10110033SANTOSE,2025-10-17,111120,1,5,0,386.0
10110033SANTOSE_2025-10-17_G28,10110033SANTOSE,2025-10-17,108759,1,16,0,193.0
10110033SANTOSE_2025-10-17_G29,10110033SANTOSE,2025-10-17,110749,1,4,0,204.0
10110033SANTOSE_2025-10-17_G30,10110033SANTOSE,2025-10-17,108031,1,2,0,88.0
10110033SANTOSE_2025-10-17_G31,10110033SANTOSE,2025-10-17,117834,1,6,0,59.0
10110033SANTOSE_2025-10-17_G32,10110033SANTOSE,2025-10-17,118417,1,6,0,90.0
10110033SANTOSE_2025-10-17_G33,10110033SANTOSE,2025-10-17,110681,1,1,0,34.0
10110033SANTOSE_2025-10-17_G34,10110033SANTOSE,2025-10-17,111793,1,4,0,386.0
10110033SANTOSE_2025-10-18_G02,10110033SANTOSE,2025-10-18,141370,1,2,0,36.0
10110033SANTOSE_2025-10-18_G03,10110033SANTOSE,2025-10-18,110755,1,1,0,31.0
10110033SANTOSE_2025-10-18_G04,10110033SANTOSE,2025-10-18,111851,1,2,0,59.0
10110033SANTOSE_2025-10-18_G05,10110033SANTOSE,2025-10-18,118229,1,8,0,146.0
10110033SANTOSE_2025-10-18_G06,10110033SANTOSE,2025-10-18,110310,1,2,0,145.0
10110033SANTOSE_2025-10-18_G07,10110033SANTOSE,2025-10-18,107892,1,2,0,45.0
10110033SANTOSE_2025-10-18_G08,10110033SANTOSE,2025-10-18,110516,1,4,0,354.0
10110033SANTOSE_2025-10-18_G09,10110033SANTOSE,2025-10-18,110030,1,1,0,44.0
10110033SANTOSE_2025-10-18_G10,10110033SANTOSE,2025-10-18,109640,1,30,0,1822.0
10110033SANTOSE_2025-10-18_G11,10110033SANTOSE,2025-10-18,109640,1,34,0,395.0
10110033SANTOSE_2025-10-18_G12,10110033SANTOSE,2025-10-18,117855,1,16,0,1100.0
10110033SANTOSE_2025-10-18_G13,10110033SANTOSE,2025-10-18,111742,1,2,0,199.0
10110033SANTOSE_2025-10-18_G14,10110033SANTOSE,2025-10-18,118191,1,20,0,523.0
10110033SANTOSE_2025-10-18_G15,10110033SANTOSE,2025-10-18,118299,1,19,0,510.0
10110033SANTOSE_2025-10-18_G16,10110033SANTOSE,2025-10-18,111722,1,60,0,1294.0
10110033SANTOSE_2025-10-19_G02,10110033SANTOSE,2025-10-19,107629,1,4,0,71.0
10110033SANTOSE_2025-10-19_G03,10110033SANTOSE,2025-10-19,117862,1,4,0,62.0
10110033SANTOSE_2025-10-19_G04,10110033SANTOSE,2025-10-19,110733,1,4,0,56.0
10110033SANTOSE_2025-10-19_G05,10110033SANTOSE,2025-10-19,110752,1,4,0,102.0
10110033SANTOSE_2025-10-19_G06,10110033SANTOSE,2025-10-19,109640,1,2,0,158.0
10110033SANTOSE_2025-10-19_G07,10110033SANTOSE,2025-10-19,111602,1,2,0,79.0
10110033SANTOSE_2025-10-19_G08,10110033SANTOSE,2025-10-19,110371,1,4,0,136.0
10110033SANTOSE_2025-10-19_G09,10110033SANTOSE,2025-10-19,141202,1,6,0,93.0
10110033SANTOSE_2025-10-19_G10,10110033SANTOSE,2025-10-19,110325,1,2,0,63.0
10110033SANTOSE_2025-10-19_G11,10110033SANTOSE,2025-10-19,105705,1,2,0,115.0
10110033SANTOSE_2025-10-19_G12,10110033SANTOSE,2025-10-19,117838,1,4,0,100.0
10110033SANTOSE_2025-10-19_G13,10110033SANTOSE,2025-10-19,108711,1,3,0,91.0
10110033SANTOSE_2025-10-19_G14,10110033SANTOSE,2025-10-19,118140,1,2,0,166.0
10110033SANTOSE_2025-10-19_G15,10110033SANTOSE,2025-10-19,111418,1,2,0,53.0
10110033SANTOSE_2025-10-19_G16,10110033SANTOSE,2025-10-19,109643,1,4,0,155.0
10110033SANTOSE_2025-10-19_G17,10110033SANTOSE,2025-10-19,107830,1,4,0,101.0
10110033SANTOSE_2025-10-19_G18,10110033SANTOSE,2025-10-19,117788,1,2,0,420.0
10110033SANTOSE_2025-10-19_G19,10110033SANTOSE,2025-10-19,140923,1,4,0,277.0
10110033SANTOSE_2025-10-19_G20,10110033SANTOSE,2025-10-19,110733,1,2,0,90.0
10110033SANTOSE_2025-10-19_G21,10110033SANTOSE,2025-10-19,111602,1,2,0,165.0
10110033SANTOSE_2025-10-19_G22,10110033SANTOSE,2025-10-19,111465,1,8,0,117.0
10110033SANTOSE_2025-10-19_G23,10110033SANTOSE,2025-10-19,111468,1,4,0,52.0
10110033SANTOSE_2025-10-19_G24,10110033SANTOSE,2025-10-19,110371,1,3,0,91.0
10110033SANTOSE_2025-10-19_G25,10110033SANTOSE,2025-10-19,141202,1,4,0,86.0
10110033SANTOSE_2025-10-19_G26,10110033SANTOSE,2025-10-19,118140,1,8,0,110.0
10110033SANTOSE_2025-10-19_G27,10110033SANTOSE,2025-10-19,110376,1,4,0,131.0
10110033SANTOSE_2025-10-19_G28,10110033SANTOSE,2025-10-19,108711,1,4,0,113.0
10110033SANTOSE_2025-10-19_G29,10110033SANTOSE,2025-10-19,160057,1,16,0,521.0
10110033SANTOSE_2025-10-19_G30,10110033SANTOSE,2025-10-19,117785,1,4,0,380.0
10110033SANTOSE_2025-10-19_G31,10110033SANTOSE,2025-10-19,110733,1,4,0,157.0
10110033SANTOSE_2025-10-19_G32,10110033SANTOSE,2025-10-19,110711,1,4,0,68.0
10110033SANTOSE_2025-10-19_G33,10110033SANTOSE,2025-10-19,110112,1,4,0,230.0
10110033SANTOSE_2025-10-19_G34,10110033SANTOSE,2025-10-19,110711,1,4,0,171.0
10110033SANTOSE_2025-10-19_G35,10110033SANTOSE,2025-10-19,141823,1,3,0,141.0
10110033SANTOSE_2025-10-19_G36,10110033SANTOSE,2025-10-19,109640,1,20,0,370.0
10110033SANTOSE_2025-10-19_G37,10110033SANTOSE,2025-10-19,140911,1,24,0,362.0
10110033SANTOSE_2025-10-19_G38,10110033SANTOSE,2025-10-19,140911,1,2,0,345.0
10110033SANTOSE_2025-10-20_G02,10110033SANTOSE,2025-10-20,118299,1,100,0,391.0
10110033SANTOSE_2025-10-20_G03,10110033SANTOSE,2025-10-20,118299,1,112,0,265.0
10110033SANTOSE_2025-10-20_G04,10110033SANTOSE,2025-10-20,117820,1,30,0,523.0
10110033SANTOSE_2025-10-20_G05,10110033SANTOSE,2025-10-20,117820,1,50,0,339.0
10110033SANTOSE_2025-10-20_G06,10110033SANTOSE,2025-10-20,117832,1,20,0,900.0
10110033SANTOSE_2025-10-20_G07,10110033SANTOSE,2025-10-20,110373,1,50,0,682.0
10110033SANTOSE_2025-10-20_G08,10110033SANTOSE,2025-10-20,110373,1,40,0,73.0
10110033SANTOSE_2025-10-20_G09,10110033SANTOSE,2025-10-20,110339,1,44,0,2261.0
10110033SANTOSE_2025-10-20_G10,10110033SANTOSE,2025-10-20,117820,1,76,0,518.0
10110033SANTOSE_2025-10-20_G11,10110033SANTOSE,2025-10-20,118416,1,4,0,1268.0
10110033SANTOSE_2025-10-20_G12,10110033SANTOSE,2025-10-20,117862,1,16,0,870.0
10110033SANTOSE_2025-10-20_G13,10110033SANTOSE,2025-10-20,110339,1,8,0,119.0
10110033SANTOSE_2025-10-20_G14,10110033SANTOSE,2025-10-20,111793,1,2,0,51.0
10110033SANTOSE_2025-10-20_G15,10110033SANTOSE,2025-10-20,110325,1,2,0,322.0
10110033SANTOSE_2025-10-20_G16,10110033SANTOSE,2025-10-20,117820,1,10,0,119.0
10110033SANTOSE_2025-10-20_G17,10110033SANTOSE,2025-10-20,111468,1,4,0,135.0
10110033SANTOSE_2025-10-20_G18,10110033SANTOSE,2025-10-20,107830,1,6,0,341.0
10110033SANTOSE_2025-10-21_G02,10110033SANTOSE,2025-10-21,111743,1,14,0,256.0
10110033SANTOSE_2025-10-21_G03,10110033SANTOSE,2025-10-21,117831,1,12,0,81.0
10110033SANTOSE_2025-10-21_G04,10110033SANTOSE,2025-10-21,100334,1,6,0,186.0
10110033SANTOSE_2025-10-21_G05,10110033SANTOSE,2025-10-21,110339,1,40,0,2087.0
10110033SANTOSE_2025-10-21_G06,10110033SANTOSE,2025-10-21,118299,1,8,0,295.0
10110033SANTOSE_2025-10-21_G07,10110033SANTOSE,2025-10-21,110375,2,6,5,707.0
10110033SANTOSE_2025-10-21_G08,10110033SANTOSE,2025-10-21,117808,1,100,0,911.0
10110033SANTOSE_2025-10-21_G09,10110033SANTOSE,2025-10-21,118299,1,150,0,621.0
10110033SANTOSE_2025-10-21_G10,10110033SANTOSE,2025-10-21,110325,1,60,0,784.0
10110033SANTOSE_2025-10-21_G11,10110033SANTOSE,2025-10-21,110372,1,70,0,1165.0
10110033SANTOSE_2025-10-21_G12,10110033SANTOSE,2025-10-21,117830,1,10,0,106.0
10110033SANTOSE_2025-10-21_G13,10110033SANTOSE,2025-10-21,110742,1,2,0,84.0
10110033SANTOSE_2025-10-21_G14,10110033SANTOSE,2025-10-21,109641,1,2,0,108.0
10110033SANTOSE_2025-10-21_G15,10110033SANTOSE,2025-10-21,111468,1,2,0,88.0
10110033SANTOSE_2025-10-21_G16,10110033SANTOSE,2025-10-21,117785,1,60,0,277.0
10110033SANTOSE_2025-10-21_G17,10110033SANTOSE,2025-10-21,117862,1,4,0,259.0
10110033SANTOSE_2025-10-21_G18,10110033SANTOSE,2025-10-21,110339,2,9,8,92.0
10110033SANTOSE_2025-10-21_G19,10110033SANTOSE,2025-10-21,105705,1,4,0,227.0
10110033SANTOSE_2025-10-21_G20,10110033SANTOSE,2025-10-21,111743,1,4,0,84.0
10110033SANTOSE_2025-10-21_G21,10110033SANTOSE,2025-10-21,118140,1,4,0,315.0
10110033SANTOSE_2025-10-21_G22,10110033SANTOSE,2025-10-21,109647,1,3,0,376.0
10110033SANTOSE_2025-10-21_G24,10110033SANTOSE,2025-10-21,111439,1,2,0,74.0
10110033SANTOSE_2025-10-21_G25,10110033SANTOSE,2025-10-21,118298,2,7,6,109.0
10110033SANTOSE_2025-10-21_G26,10110033SANTOSE,2025-10-21,110711,1,3,0,1216.0
10110033SANTOSE_2025-10-21_G27,10110033SANTOSE,2025-10-21,110711,1,12,0,87.0
10110033SANTOSE_2025-10-21_G28,10110033SANTOSE,2025-10-21,117862,2,14,7,86.0
10110033SANTOSE_2025-10-21_G29,10110033SANTOSE,2025-10-21,"117853, 110733",2,3,30,163.0
10110033SANTOSE_2025-10-21_G30,10110033SANTOSE,2025-10-21,111467,1,4,0,277.0
10110033SANTOSE_2025-10-21_G31,10110033SANTOSE,2025-10-21,117786,1,4,0,122.0
10110033SANTOSE_2025-10-21_G32,10110033SANTOSE,2025-10-21,117786,1,4,0,40.0
10110033SANTOSE_2025-10-21_G33,10110033SANTOSE,2025-10-21,109640,1,3,0,51.0
10110033SANTOSE_2025-10-21_G34,10110033SANTOSE,2025-10-21,117855,2,8,8,550.0
10110033SANTOSE_2025-10-21_G35,10110033SANTOSE,2025-10-21,111530,2,27,7,118.0
10110033SANTOSE_2025-10-21_G36,10110033SANTOSE,2025-10-21,110580,1,2,0,245.0
10110033SANTOSE_2025-10-21_G37,10110033SANTOSE,2025-10-21,107830,1,100,0,1072.0
10110033SANTOSE_2025-10-21_G38,10110033SANTOSE,2025-10-21,107629,1,100,0,69.0
10110033SANTOSE_2025-10-21_G39,10110033SANTOSE,2025-10-21,108711,1,200,0,2521.0
10110033SANTOSE_2025-10-22_G02,10110033SANTOSE,2025-10-22,141456,1,4,0,66.0
10110033SANTOSE_2025-10-22_G03,10110033SANTOSE,2025-10-22,117831,1,20,0,160.0
10110033SANTOSE_2025-10-22_G04,10110033SANTOSE,2025-10-22,110751,1,4,0,59.0
10110033SANTOSE_2025-10-22_G05,10110033SANTOSE,2025-10-22,117838,1,4,0,349.0
10110033SANTOSE_2025-10-22_G06,10110033SANTOSE,2025-10-22,140922,1,4,0,48.0
10110033SANTOSE_2025-10-22_G07,10110033SANTOSE,2025-10-22,111348,1,4,0,31.0
10110033SANTOSE_2025-10-22_G08,10110033SANTOSE,2025-10-22,141457,1,20,0,242.0
10110033SANTOSE_2025-10-22_G09,10110033SANTOSE,2025-10-22,108798,1,4,0,67.0
10110033SANTOSE_2025-10-22_G10,10110033SANTOSE,2025-10-22,108794,1,8,0,61.0
10110033SANTOSE_2025-10-22_G11,10110033SANTOSE,2025-10-22,111469,1,4,0,45.0
10110033SANTOSE_2025-10-22_G12,10110033SANTOSE,2025-10-22,111431,1,4,0,201.0
10110033SANTOSE_2025-10-22_G13,10110033SANTOSE,2025-10-22,118317,1,8,0,61.0
10110033SANTOSE_2025-10-22_G14,10110033SANTOSE,2025-10-22,111418,1,20,0,386.0
10110033SANTOSE_2025-10-22_G15,10110033SANTOSE,2025-10-22,108711,1,8,0,260.0
10110033SANTOSE_2025-10-22_G16,10110033SANTOSE,2025-10-22,117787,1,4,0,437.0
10110033SANTOSE_2025-10-22_G17,10110033SANTOSE,2025-10-22,117785,1,30,0,207.0
10110033SANTOSE_2025-10-22_G18,10110033SANTOSE,2025-10-22,117821,1,8,0,252.0
10110033SANTOSE_2025-10-22_G19,10110033SANTOSE,2025-10-22,141458,1,4,0,65.0
10110033SANTOSE_2025-10-22_G20,10110033SANTOSE,2025-10-22,111465,1,8,0,64.0
10110033SANTOSE_2025-10-22_G21,10110033SANTOSE,2025-10-22,118140,1,65,0,393.0
10110033SANTOSE_2025-10-22_G22,10110033SANTOSE,2025-10-22,107236,1,70,0,3232.0
10110033SANTOSE_2025-10-22_G23,10110033SANTOSE,2025-10-22,"110371, 111743",2,1200,17,1026.0
10110033SANTOSE_2025-10-22_G25,10110033SANTOSE,2025-10-22,110745,1,250,0,31.0
10110033SANTOSE_2025-10-22_G26,10110033SANTOSE,2025-10-22,118094,1,130,0,1411.0
10110033SANTOSE_2025-10-22_G27,10110033SANTOSE,2025-10-22,111430,1,100,0,616.0
10110033SANTOSE_2025-10-22_G28,10110033SANTOSE,2025-10-22,111433,1,50,0,1533.0
10110033SANTOSE_2025-10-22_G29,10110033SANTOSE,2025-10-22,110751,1,50,0,558.0
10110033SANTOSE_2025-10-22_G30,10110033SANTOSE,2025-10-22,111435,1,20,0,1188.0
10110033SANTOSE_2025-10-22_G31,10110033SANTOSE,2025-10-22,118140,1,120,0,643.0
10110033SANTOSE_2025-10-22_G32,10110033SANTOSE,2025-10-22,117853,1,4,0,1009.0
10110033SANTOSE_2025-10-22_G33,10110033SANTOSE,2025-10-22,116241,1,2,0,82.0
10110033SANTOSE_2025-10-22_G34,10110033SANTOSE,2025-10-22,117808,1,2,0,338.0
10110033SANTOSE_2025-10-23_G02,10110033SANTOSE,2025-10-23,110755,1,8,0,291.0
10110033SANTOSE_2025-10-23_G03,10110033SANTOSE,2025-10-23,110754,1,4,0,298.0
10110033SANTOSE_2025-10-23_G04,10110033SANTOSE,2025-10-23,118222,1,20,0,504.0
10110033SANTOSE_2025-10-23_G05,10110033SANTOSE,2025-10-23,118222,1,10,0,286.0
10110033SANTOSE_2025-10-23_G06,10110033SANTOSE,2025-10-23,117835,1,3,0,245.0
10110033SANTOSE_2025-10-23_G07,10110033SANTOSE,2025-10-23,110339,4,24,29,867.0
10110033SANTOSE_2025-10-23_G08,10110033SANTOSE,2025-10-23,117855,3,20,17,259.0
10110033SANTOSE_2025-10-23_G09,10110033SANTOSE,2025-10-23,117862,1,10,0,247.0
10110033SANTOSE_2025-10-23_G10,10110033SANTOSE,2025-10-23,140923,2,70,7,233.0
10110033SANTOSE_2025-10-23_G11,10110033SANTOSE,2025-10-23,118094,1,10,0,172.0
10110033SANTOSE_2025-10-23_G12,10110033SANTOSE,2025-10-23,141066,1,1000,0,2500.0
10110033SANTOSE_2025-10-23_G13,10110033SANTOSE,2025-10-23,117830,3,130,20,348.0
10110033SANTOSE_2025-10-23_G14,10110033SANTOSE,2025-10-23,160054,1,8,0,639.0
10110033SANTOSE_2025-10-23_G15,10110033SANTOSE,2025-10-23,160051,1,10,0,116.0
10110033SANTOSE_2025-10-23_G16,10110033SANTOSE,2025-10-23,160057,1,2,0,105.0
10110033SANTOSE_2025-10-23_G18,10110033SANTOSE,2025-10-23,111466,1,16,0,287.0
10110033SANTOSE_2025-10-23_G19,10110033SANTOSE,2025-10-23,111743,1,1,0,41.0
10110033SANTOSE_2025-10-23_G20,10110033SANTOSE,2025-10-23,"111182, 111348",2,5,30,187.0
10110033SANTOSE_2025-10-23_G21,10110033SANTOSE,2025-10-23,108798,1,2,0,131.0
10110033SANTOSE_2025-10-23_G22,10110033SANTOSE,2025-10-23,141823,1,2,0,331.0
10110033SANTOSE_2025-10-23_G23,10110033SANTOSE,2025-10-23,118223,1,2,0,84.0
10110033SANTOSE_2025-10-23_G24,10110033SANTOSE,2025-10-23,111462,1,20,0,228.0
10110033SANTOSE_2025-10-23_G25,10110033SANTOSE,2025-10-23,111444,1,3,0,153.0
10110033SANTOSE_2025-10-23_G26,10110033SANTOSE,2025-10-23,118330,1,2,0,142.0
10110033SANTOSE_2025-10-23_G27,10110033SANTOSE,2025-10-23,111465,1,1,0,64.0
10110033SANTOSE_2025-10-23_G28,10110033SANTOSE,2025-10-23,111468,2,5,6,66.0
10110033SANTOSE_2025-10-23_G29,10110033SANTOSE,2025-10-23,100334,1,4,0,505.0
10110033SANTOSE_2025-10-23_G30,10110033SANTOSE,2025-10-23,116527,1,11,0,37.0
10110033SANTOSE_2025-10-23_G31,10110033SANTOSE,2025-10-23,118306,1,1,0,1283.0
10110033SANTOSE_2025-10-23_G32,10110033SANTOSE,2025-10-23,"117856, 118094",2,4,19,51.0
10110033SANTOSE_2025-10-23_G33,10110033SANTOSE,2025-10-23,111463,1,4,0,324.0
10110033SANTOSE_2025-10-23_G34,10110033SANTOSE,2025-10-23,117830,1,1,0,77.0
10110033SANTOSE_2025-10-23_G35,10110033SANTOSE,2025-10-23,117833,1,4,0,146.0
10110033SANTOSE_2025-10-23_G36,10110033SANTOSE,2025-10-23,109640,1,3,0,92.0
10110033SANTOSE_2025-10-23_G37,10110033SANTOSE,2025-10-23,111850,1,2,0,58.0
10110033SANTOSE_2025-10-23_G38,10110033SANTOSE,2025-10-23,107236,1,4,0,124.0
10110033SANTOSE_2025-10-23_G39,10110033SANTOSE,2025-10-23,111602,1,6,0,1305.0
10110033SANTOSE_2025-10-23_G40,10110033SANTOSE,2025-10-23,118140,1,4,0,158.0
10110033SANTOSE_2025-10-23_G41,10110033SANTOSE,2025-10-23,117831,1,2,0,76.0
10110033SANTOSE_2025-10-23_G42,10110033SANTOSE,2025-10-23,110751,1,2,0,265.0
10110033SANTOSE_2025-10-23_G43,10110033SANTOSE,2025-10-23,111469,1,6,0,103.0
10110033SANTOSE_2025-10-23_G44,10110033SANTOSE,2025-10-23,111418,1,4,0,101.0
10110033SANTOSE_2025-10-23_G45,10110033SANTOSE,2025-10-23,117787,1,2,0,64.0
10110033SANTOSE_2025-10-23_G46,10110033SANTOSE,2025-10-23,141458,1,2,0,222.0
10110033SANTOSE_2025-10-23_G47,10110033SANTOSE,2025-10-23,110325,1,2,0,52.0
10110033SANTOSE_2025-10-23_G48,10110033SANTOSE,2025-10-23,110372,1,4,0,485.0
10110033SANTOSE_2025-10-24_G02,10110033SANTOSE,2025-10-24,111602,1,8,0,666.0
10110033SANTOSE_2025-10-24_G03,10110033SANTOSE,2025-10-24,117855,1,2,0,859.0
10110033SANTOSE_2025-10-24_G04,10110033SANTOSE,2025-10-24,117831,1,2,0,170.0
10110033SANTOSE_2025-10-24_G05,10110033SANTOSE,2025-10-24,141457,1,4,0,118.0
10110033SANTOSE_2025-10-24_G06,10110033SANTOSE,2025-10-24,117830,1,2,0,85.0
10110033SANTOSE_2025-10-24_G07,10110033SANTOSE,2025-10-24,117820,1,4,0,72.0
10110033SANTOSE_2025-10-24_G08,10110033SANTOSE,2025-10-24,117856,2,18,7,1701.0
10110033SANTOSE_2025-10-24_G09,10110033SANTOSE,2025-10-24,118094,1,8,0,52.0
10110033SANTOSE_2025-10-24_G10,10110033SANTOSE,2025-10-24,110751,1,4,0,78.0
10110033SANTOSE_2025-10-24_G11,10110033SANTOSE,2025-10-24,109643,1,5,0,121.0
10110033SANTOSE_2025-10-24_G12,10110033SANTOSE,2025-10-24,140922,1,12,0,274.0
10110033SANTOSE_2025-10-24_G13,10110033SANTOSE,2025-10-24,108794,1,5,0,71.0
10110033SANTOSE_2025-10-24_G14,10110033SANTOSE,2025-10-24,111469,1,8,0,62.0
10110033SANTOSE_2025-10-24_G15,10110033SANTOSE,2025-10-24,118317,1,4,0,57.0
10110033SANTOSE_2025-10-24_G16,10110033SANTOSE,2025-10-24,"111172, 140923",2,25,22,310.0
10110033SANTOSE_2025-10-24_G17,10110033SANTOSE,2025-10-24,110339,1,12,0,143.0
10110033SANTOSE_2025-10-24_G18,10110033SANTOSE,2025-10-24,117837,1,2,0,65.0
10110033SANTOSE_2025-10-24_G19,10110033SANTOSE,2025-10-24,111602,2,24,14,546.0
10110033SANTOSE_2025-10-24_G20,10110033SANTOSE,2025-10-24,140923,1,23,0,278.0
10110033SANTOSE_2025-10-24_G21,10110033SANTOSE,2025-10-24,110787,1,1,0,84.0
10110033SANTOSE_2025-10-24_G22,10110033SANTOSE,2025-10-24,111602,1,8,0,192.0
10110033SANTOSE_2025-10-24_G23,10110033SANTOSE,2025-10-24,110787,1,4,0,188.0
10110033SANTOSE_2025-10-24_G24,10110033SANTOSE,2025-10-24,118222,1,2,0,131.0
10110033SANTOSE_2025-10-24_G25,10110033SANTOSE,2025-10-24,110129,1,4,0,90.0
10110033SANTOSE_2025-10-24_G26,10110033SANTOSE,2025-10-24,111462,1,3,0,210.0
10110033SANTOSE_2025-10-24_G28,10110033SANTOSE,2025-10-24,118094,1,10,0,207.0
10110033SANTOSE_2025-10-24_G29,10110033SANTOSE,2025-10-24,118311,1,6,0,1488.0
10110033SANTOSE_2025-10-24_G30,10110033SANTOSE,2025-10-24,111530,1,127,0,1096.0
10110033SANTOSE_2025-10-24_G31,10110033SANTOSE,2025-10-24,111602,1,7,0,2575.0
10110033SANTOSE_2025-10-24_G32,10110033SANTOSE,2025-10-24,117855,1,10,0,276.0
10110033SANTOSE_2025-10-24_G33,10110033SANTOSE,2025-10-24,109647,1,2,0,574.0
10110033SANTOSE_2025-10-24_G34,10110033SANTOSE,2025-10-24,117862,1,12,0,283.0
10110033SANTOSE_2025-10-24_G35,10110033SANTOSE,2025-10-24,111879,1,3,0,73.0
10110033SANTOSE_2025-10-24_G36,10110033SANTOSE,2025-10-24,140923,1,22,0,726.0
10110033SANTOSE_2025-10-25_G02,10110033SANTOSE,2025-10-25,117808,1,146,0,662.0
10110033SANTOSE_2025-10-25_G03,10110033SANTOSE,2025-10-25,110374,1,1,0,2771.0
10110033SANTOSE_2025-10-25_G04,10110033SANTOSE,2025-10-25,141456,1,12,0,418.0
10110033SANTOSE_2025-10-25_G05,10110033SANTOSE,2025-10-25,140911,1,2,0,340.0
10110033SANTOSE_2025-10-26_G02,10110033SANTOSE,2025-10-26,118140,1,8,0,147.0
10110033SANTOSE_2025-10-26_G03,10110033SANTOSE,2025-10-26,117831,1,12,0,358.0
10110033SANTOSE_2025-10-26_G04,10110033SANTOSE,2025-10-26,111418,1,8,0,67.0
10110033SANTOSE_2025-10-26_G05,10110033SANTOSE,2025-10-26,110787,1,13,0,109.0
10110033SANTOSE_2025-10-26_G06,10110033SANTOSE,2025-10-26,141823,1,11,0,187.0
10110033SANTOSE_2025-10-26_G07,10110033SANTOSE,2025-10-26,141457,1,36,0,869.0
10110033SANTOSE_2025-10-26_G08,10110033SANTOSE,2025-10-26,108794,1,8,0,88.0
10110033SANTOSE_2025-10-26_G09,10110033SANTOSE,2025-10-26,117833,1,10,0,120.0
10110033SANTOSE_2025-10-26_G10,10110033SANTOSE,2025-10-26,117785,1,32,0,130.0
10110033SANTOSE_2025-10-26_G11,10110033SANTOSE,2025-10-26,111602,1,20,0,1235.0
10110033SANTOSE_2025-10-26_G12,10110033SANTOSE,2025-10-26,110787,1,8,0,447.0
10110033SANTOSE_2025-10-26_G13,10110033SANTOSE,2025-10-26,109643,2,14,6,353.0
10110033SANTOSE_2025-10-26_G14,10110033SANTOSE,2025-10-26,109648,1,2,0,117.0
10110033SANTOSE_2025-10-26_G15,10110033SANTOSE,2025-10-26,110371,1,4,0,93.0
10110033SANTOSE_2025-10-26_G16,10110033SANTOSE,2025-10-26,111569,1,2,0,99.0
10110033SANTOSE_2025-10-26_G17,10110033SANTOSE,2025-10-26,118140,1,10,0,122.0
10110033SANTOSE_2025-10-26_G18,10110033SANTOSE,2025-10-26,111348,1,4,0,312.0
10110033SANTOSE_2025-10-26_G19,10110033SANTOSE,2025-10-26,111330,1,4,0,384.0
10110033SANTOSE_2025-10-26_G20,10110033SANTOSE,2025-10-26,116241,1,4,0,99.0
10110033SANTOSE_2025-10-26_G21,10110033SANTOSE,2025-10-26,105705,3,18,17,135.0
10110033SANTOSE_2025-10-26_G22,10110033SANTOSE,2025-10-26,140922,2,16,7,106.0
10110033SANTOSE_2025-10-26_G23,10110033SANTOSE,2025-10-26,111469,2,29,25,922.0
10110033SANTOSE_2025-10-26_G24,10110033SANTOSE,2025-10-26,111462,1,4,0,606.0
10110033SANTOSE_2025-10-26_G25,10110033SANTOSE,2025-10-26,111569,1,8,0,358.0
10110033SANTOSE_2025-10-27_G02,10110033SANTOSE,2025-10-27,118299,1,2,0,125.0
10110033SANTOSE_2025-10-27_G03,10110033SANTOSE,2025-10-27,111530,2,8,9,74.0
10110033SANTOSE_2025-10-27_G04,10110033SANTOSE,2025-10-27,110374,1,4,0,130.0
10110033SANTOSE_2025-10-27_G05,10110033SANTOSE,2025-10-27,117830,1,4,0,56.0
10110033SANTOSE_2025-10-27_G06,10110033SANTOSE,2025-10-27,110752,1,4,0,115.0
10110033SANTOSE_2025-10-27_G07,10110033SANTOSE,2025-10-27,111443,1,92,0,589.0
10110033SANTOSE_2025-10-27_G08,10110033SANTOSE,2025-10-27,111443,1,4,0,59.0
10110033SANTOSE_2025-10-27_G09,10110033SANTOSE,2025-10-27,141047,1,3,0,59.0
10110033SANTOSE_2025-10-27_G10,10110033SANTOSE,2025-10-27,110787,1,2,0,2893.0
10110033SANTOSE_2025-10-27_G11,10110033SANTOSE,2025-10-27,109495,1,4,0,1069.0
10110033SANTOSE_2025-10-27_G12,10110033SANTOSE,2025-10-27,117830,1,4,0,144.0
10110033SANTOSE_2025-10-27_G13,10110033SANTOSE,2025-10-27,111466,1,2,0,131.0
10110033SANTOSE_2025-10-27_G14,10110033SANTOSE,2025-10-27,117831,1,4,0,35.0
10110033SANTOSE_2025-10-27_G15,10110033SANTOSE,2025-10-27,111463,1,2,0,45.0
10110033SANTOSE_2025-10-27_G16,10110033SANTOSE,2025-10-27,111743,1,2,0,34.0
10110033SANTOSE_2025-10-27_G17,10110033SANTOSE,2025-10-27,117856,1,4,0,67.0
10110033SANTOSE_2025-10-27_G18,10110033SANTOSE,2025-10-27,117830,2,4,6,154.0
10110033SANTOSE_2025-10-27_G19,10110033SANTOSE,2025-10-27,140922,1,4,0,148.0
10110033SANTOSE_2025-10-27_G20,10110033SANTOSE,2025-10-27,108794,1,2,0,87.0
10110033SANTOSE_2025-10-27_G21,10110033SANTOSE,2025-10-27,110372,1,6,0,115.0
10110033SANTOSE_2025-10-27_G22,10110033SANTOSE,2025-10-27,111465,1,2,0,96.0
10110033SANTOSE_2025-10-27_G23,10110033SANTOSE,2025-10-27,110787,1,4,0,176.0
10110033SANTOSE_2025-10-27_G25,10110033SANTOSE,2025-10-27,110372,1,50,0,1300.0
10110033SANTOSE_2025-10-27_G26,10110033SANTOSE,2025-10-27,160054,1,8,0,2813.0
10110033SANTOSE_2025-10-27_G27,10110033SANTOSE,2025-10-27,117830,1,3,0,190.0
10110033SANTOSE_2025-10-27_G28,10110033SANTOSE,2025-10-27,141047,1,4,0,604.0
10110033SANTOSE_2025-10-27_G29,10110033SANTOSE,2025-10-27,111462,1,3,0,125.0
10110033SANTOSE_2025-10-27_G30,10110033SANTOSE,2025-10-27,111441,1,9,0,639.0
10110033SANTOSE_2025-10-27_G31,10110033SANTOSE,2025-10-27,111602,1,22,0,503.0
10110033SANTOSE_2025-10-28_G02,10110033SANTOSE,2025-10-28,108711,1,4,0,80.0
10110033SANTOSE_2025-10-28_G03,10110033SANTOSE,2025-10-28,110373,1,6,0,289.0
10110033SANTOSE_2025-10-28_G04,10110033SANTOSE,2025-10-28,101217,1,4,0,255.0
10110033SANTOSE_2025-10-28_G05,10110033SANTOSE,2025-10-28,109640,1,2,0,219.0
10110033SANTOSE_2025-10-28_G06,10110033SANTOSE,2025-10-28,110371,1,2,0,817.0
10110033SANTOSE_2025-10-28_G07,10110033SANTOSE,2025-10-28,118285,1,4,0,908.0
10110033SANTOSE_2025-10-28_G08,10110033SANTOSE,2025-10-28,117820,1,3,0,617.0
10110033SANTOSE_2025-10-28_G09,10110033SANTOSE,2025-10-28,110373,1,6,0,112.0
10110033SANTOSE_2025-10-28_G10,10110033SANTOSE,2025-10-28,117808,1,18,0,191.0
10110033SANTOSE_2025-10-28_G11,10110033SANTOSE,2025-10-28,118222,1,4,0,806.0
10110033SANTOSE_2025-10-28_G12,10110033SANTOSE,2025-10-28,111438,1,2,0,344.0
10110033SANTOSE_2025-10-28_G13,10110033SANTOSE,2025-10-28,117856,1,4,0,141.0
10110033SANTOSE_2025-10-28_G14,10110033SANTOSE,2025-10-28,117862,1,4,0,392.0
10110033SANTOSE_2025-10-28_G15,10110033SANTOSE,2025-10-28,141456,1,3,0,380.0
10110033SANTOSE_2025-10-28_G16,10110033SANTOSE,2025-10-28,111466,1,9,0,40.0
10110033SANTOSE_2025-10-28_G17,10110033SANTOSE,2025-10-28,117830,1,8,0,252.0
10110033SANTOSE_2025-10-28_G18,10110033SANTOSE,2025-10-28,110325,1,1,0,94.0
10110033SANTOSE_2025-10-28_G19,10110033SANTOSE,2025-10-28,111467,1,4,0,173.0
10110033SANTOSE_2025-10-28_G20,10110033SANTOSE,2025-10-28,141457,1,1,0,169.0
10110033SANTOSE_2025-10-28_G21,10110033SANTOSE,2025-10-28,117820,1,12,0,213.0
10110033SANTOSE_2025-10-28_G22,10110033SANTOSE,2025-10-28,117820,1,12,0,69.0
10110033SANTOSE_2025-10-28_G23,10110033SANTOSE,2025-10-28,110787,1,92,0,1256.0
10110033SANTOSE_2025-10-28_G24,10110033SANTOSE,2025-10-28,109640,1,33,0,267.0
10110033SANTOSE_2025-10-28_G25,10110033SANTOSE,2025-10-28,110895,1,2,0,211.0
10110033SANTOSE_2025-10-28_G27,10110033SANTOSE,2025-10-28,110623,1,1,0,109.0
10110033SANTOSE_2025-10-28_G28,10110033SANTOSE,2025-10-28,109495,1,2,0,119.0
10110033SANTOSE_2025-10-28_G29,10110033SANTOSE,2025-10-28,117856,1,3,0,942.0
10110033SANTOSE_2025-10-28_G30,10110033SANTOSE,2025-10-28,110741,1,2,0,1675.0
10110033SANTOSE_2025-10-28_G31,10110033SANTOSE,2025-10-28,110711,1,20,0,183.0
10110033SANTOSE_2025-10-28_G32,10110033SANTOSE,2025-10-28,111467,1,12,0,163.0
10110033SANTOSE_2025-10-28_G33,10110033SANTOSE,2025-10-28,117786,1,28,0,680.0
10110033SANTOSE_2025-10-28_G34,10110033SANTOSE,2025-10-28,110752,1,16,0,460.0
10110033SANTOSE_2025-10-28_G35,10110033SANTOSE,2025-10-28,109640,1,14,0,254.0
10110033SANTOSE_2025-10-28_G36,10110033SANTOSE,2025-10-28,140923,1,41,0,362.0
10110033SANTOSE_2025-10-28_G37,10110033SANTOSE,2025-10-28,110375,1,8,0,94.0
10110033SANTOSE_2025-10-28_G38,10110033SANTOSE,2025-10-28,118281,1,10,0,155.0
10110033SANTOSE_2025-10-28_G39,10110033SANTOSE,2025-10-28,117820,1,98,0,226.0
10110033SANTOSE_2025-10-28_G40,10110033SANTOSE,2025-10-28,110325,1,22,0,247.0
10110033SANTOSE_2025-10-28_G41,10110033SANTOSE,2025-10-28,141456,1,6,0,1605.0
10110033SANTOSE_2025-10-28_G42,10110033SANTOSE,2025-10-28,111466,1,3,0,75.0
10110033SANTOSE_2025-10-28_G43,10110033SANTOSE,2025-10-28,111463,1,1,0,120.0
10110033SANTOSE_2025-10-29_G02,10110033SANTOSE,2025-10-29,111348,1,2,0,103.0
10110033SANTOSE_2025-10-29_G03,10110033SANTOSE,2025-10-29,141457,1,2,0,60.0
10110033SANTOSE_2025-10-29_G04,10110033SANTOSE,2025-10-29,116241,1,2,0,58.0
10110033SANTOSE_2025-10-29_G05,10110033SANTOSE,2025-10-29,109640,1,1,0,83.0
10110033SANTOSE_2025-10-29_G06,10110033SANTOSE,2025-10-29,110325,1,2,0,128.0
10110033SANTOSE_2025-10-29_G07,10110033SANTOSE,2025-10-29,"141202, 111602, 110339",3,9,57,59.0
10110033SANTOSE_2025-10-29_G08,10110033SANTOSE,2025-10-29,117855,1,1,0,39.0
10110033SANTOSE_2025-10-29_G09,10110033SANTOSE,2025-10-29,"141458, 110745",2,4,26,53.0
10110033SANTOSE_2025-10-29_G10,10110033SANTOSE,2025-10-29,111468,1,1,0,37.0
10110033SANTOSE_2025-10-29_G11,10110033SANTOSE,2025-10-29,111569,1,4,0,81.0
10110033SANTOSE_2025-10-29_G12,10110033SANTOSE,2025-10-29,111444,1,2,0,93.0
10110033SANTOSE_2025-10-29_G13,10110033SANTOSE,2025-10-29,117833,1,2,0,45.0
10110033SANTOSE_2025-10-29_G14,10110033SANTOSE,2025-10-29,110747,1,2,0,47.0
10110033SANTOSE_2025-10-29_G15,10110033SANTOSE,2025-10-29,117832,1,2,0,47.0
10110033SANTOSE_2025-10-29_G16,10110033SANTOSE,2025-10-29,110373,1,2,0,44.0
10110033SANTOSE_2025-10-29_G17,10110033SANTOSE,2025-10-29,108770,1,6,0,60.0
10110033SANTOSE_2025-10-29_G18,10110033SANTOSE,2025-10-29,109643,1,1,0,90.0
10110033SANTOSE_2025-10-29_G19,10110033SANTOSE,2025-10-29,117820,2,8,6,1691.0
10110033SANTOSE_2025-10-29_G20,10110033SANTOSE,2025-10-29,117820,1,49,0,165.0
10110033SANTOSE_2025-10-29_G21,10110033SANTOSE,2025-10-29,118299,1,4,0,883.0
10110033SANTOSE_2025-10-29_G22,10110033SANTOSE,2025-10-29,105705,1,2,0,102.0
10110033SANTOSE_2025-10-29_G23,10110033SANTOSE,2025-10-29,111466,2,9,5,60.0
10110033SANTOSE_2025-10-29_G24,10110033SANTOSE,2025-10-29,111433,1,4,0,56.0
10110033SANTOSE_2025-10-29_G25,10110033SANTOSE,2025-10-29,111438,1,2,0,95.0
10110033SANTOSE_2025-10-29_G26,10110033SANTOSE,2025-10-29,111182,1,3,0,92.0
10110033SANTOSE_2025-10-29_G27,10110033SANTOSE,2025-10-29,118283,1,5,0,81.0
10110033SANTOSE_2025-10-29_G28,10110033SANTOSE,2025-10-29,118290,1,2,0,93.0
10110033SANTOSE_2025-10-29_G29,10110033SANTOSE,2025-10-29,111602,2,6,6,752.0
10110033SANTOSE_2025-10-29_G30,10110033SANTOSE,2025-10-29,118299,1,50,0,760.0
10110033SANTOSE_2025-10-29_G31,10110033SANTOSE,2025-10-29,118299,1,100,0,1476.0
10110033SANTOSE_2025-10-29_G33,10110033SANTOSE,2025-10-29,111463,1,30,0,167.0
10110033SANTOSE_2025-10-29_G34,10110033SANTOSE,2025-10-29,110740,1,30,0,87.0
10110033SANTOSE_2025-10-29_G35,10110033SANTOSE,2025-10-29,110787,1,6,0,342.0
10110033SANTOSE_2025-10-29_G36,10110033SANTOSE,2025-10-29,140922,1,24,0,966.0
10110033SANTOSE_2025-10-29_G37,10110033SANTOSE,2025-10-29,111348,1,8,0,60.0
10110033SANTOSE_2025-10-29_G38,10110033SANTOSE,2025-10-29,111743,1,12,0,105.0
10110033SANTOSE_2025-10-29_G39,10110033SANTOSE,2025-10-29,141457,1,24,0,2060.0
10110033SANTOSE_2025-10-29_G40,10110033SANTOSE,2025-10-29,111469,1,24,0,448.0
10110033SANTOSE_2025-10-29_G41,10110033SANTOSE,2025-10-29,117831,1,50,0,256.0
10110033SANTOSE_2025-10-29_G42,10110033SANTOSE,2025-10-29,110787,1,24,0,624.0
10110033SANTOSE_2025-10-29_G43,10110033SANTOSE,2025-10-29,111330,1,6,0,765.0
10110033SANTOSE_2025-10-29_G44,10110033SANTOSE,2025-10-29,141456,1,40,0,255.0
10110033SANTOSE_2025-10-29_G45,10110033SANTOSE,2025-10-29,111466,1,24,0,557.0
10110033SANTOSE_2025-10-29_G46,10110033SANTOSE,2025-10-29,109641,1,12,0,153.0
10110033SANTOSE_2025-10-29_G47,10110033SANTOSE,2025-10-29,117833,1,12,0,84.0
10110033SANTOSE_2025-10-29_G48,10110033SANTOSE,2025-10-29,111462,1,15,0,133.0
10110033SANTOSE_2025-10-29_G49,10110033SANTOSE,2025-10-29,111462,1,15,0,80.0
10110033SANTOSE_2025-10-29_G50,10110033SANTOSE,2025-10-29,111468,1,12,0,131.0
10110033SANTOSE_2025-10-30_G02,10110033SANTOSE,2025-10-30,111330,1,20,0,107.0
10110033SANTOSE_2025-10-30_G03,10110033SANTOSE,2025-10-30,111462,1,28,0,294.0
10110033SANTOSE_2025-10-30_G04,10110033SANTOSE,2025-10-30,111469,1,50,0,671.0
10110033SANTOSE_2025-10-30_G05,10110033SANTOSE,2025-10-30,118280,1,8,0,133.0
10110033SANTOSE_2025-10-30_G06,10110033SANTOSE,2025-10-30,106326,1,4,0,173.0
10110033SANTOSE_2025-10-30_G07,10110033SANTOSE,2025-10-30,111112,1,4,0,128.0
10110033SANTOSE_2025-10-30_G08,10110033SANTOSE,2025-10-30,111887,1,2,0,129.0
10110033SANTOSE_2025-10-30_G09,10110033SANTOSE,2025-10-30,108770,2,10,8,136.0
10110033SANTOSE_2025-10-30_G10,10110033SANTOSE,2025-10-30,108770,1,6,0,44.0
10110033SANTOSE_2025-10-30_G11,10110033SANTOSE,2025-10-30,111861,1,7,0,238.0
10110033SANTOSE_2025-10-30_G12,10110033SANTOSE,2025-10-30,110747,1,3,0,110.0
10110033SANTOSE_2025-10-30_G13,10110033SANTOSE,2025-10-30,110313,1,2,0,1620.0
10110033SANTOSE_2025-10-30_G14,10110033SANTOSE,2025-10-30,117786,2,3,5,1228.0
10110033SANTOSE_2025-10-30_G15,10110033SANTOSE,2025-10-30,110313,1,2,0,72.0
10110033SANTOSE_2025-10-30_G16,10110033SANTOSE,2025-10-30,100334,1,2,0,114.0
10110033SANTOSE_2025-10-30_G17,10110033SANTOSE,2025-10-30,110742,2,4,5,95.0
10110033SANTOSE_2025-10-30_G18,10110033SANTOSE,2025-10-30,111569,1,4,0,128.0
10110033SANTOSE_2025-10-30_G19,10110033SANTOSE,2025-10-30,100334,1,2,0,128.0
10110033SANTOSE_2025-10-30_G20,10110033SANTOSE,2025-10-30,100334,1,1,0,42.0
10110033SANTOSE_2025-10-30_G21,10110033SANTOSE,2025-10-30,117830,1,36,0,56.0
10110033SANTOSE_2025-10-30_G22,10110033SANTOSE,2025-10-30,118140,2,10,8,401.0
10110033SANTOSE_2025-10-30_G23,10110033SANTOSE,2025-10-30,"111743, 141457",2,6,15,93.0
10110033SANTOSE_2025-10-30_G24,10110033SANTOSE,2025-10-30,111469,1,30,0,876.0
10110033SANTOSE_2025-10-30_G25,10110033SANTOSE,2025-10-30,108794,1,2,0,175.0
10110033SANTOSE_2025-10-30_G26,10110033SANTOSE,2025-10-30,109641,1,12,0,138.0
10110033SANTOSE_2025-10-30_G27,10110033SANTOSE,2025-10-30,117785,1,20,0,118.0
10110033SANTOSE_2025-10-30_G28,10110033SANTOSE,2025-10-30,111462,1,12,0,48.0
10110033SANTOSE_2025-10-30_G29,10110033SANTOSE,2025-10-30,117808,1,3,0,114.0
10110033SANTOSE_2025-10-30_G30,10110033SANTOSE,2025-10-30,110372,1,34,0,394.0
10110033SANTOSE_2025-10-30_G31,10110033SANTOSE,2025-10-30,117808,1,100,0,288.0
10110033SANTOSE_2025-10-30_G32,10110033SANTOSE,2025-10-30,160053,1,3,0,1266.0
10110033SANTOSE_2025-10-30_G33,10110033SANTOSE,2025-10-30,117808,1,20,0,164.0
10110033SANTOSE_2025-10-30_G34,10110033SANTOSE,2025-10-30,110371,1,6,0,81.0
10110033SANTOSE_2025-10-30_G35,10110033SANTOSE,2025-10-30,117820,1,30,0,251.0
10110033SANTOSE_2025-10-30_G36,10110033SANTOSE,2025-10-30,110373,1,8,0,102.0
10110033SANTOSE_2025-10-30_G38,10110033SANTOSE,2025-10-30,111634,1,4,0,297.0
10110033SANTOSE_2025-10-30_G39,10110033SANTOSE,2025-10-30,141261,2,20,7,409.0
10110033SANTOSE_2025-10-30_G40,10110033SANTOSE,2025-10-30,111722,2,24,4,238.0
10110033SANTOSE_2025-10-30_G41,10110033SANTOSE,2025-10-30,111751,1,10,0,967.0
10110033SANTOSE_2025-10-30_G42,10110033SANTOSE,2025-10-30,141141,2,30,5,389.0
10110033SANTOSE_2025-10-30_G43,10110033SANTOSE,2025-10-30,111742,1,4,0,57.0
10110033SANTOSE_2025-10-30_G44,10110033SANTOSE,2025-10-30,141262,2,46,5,210.0
10110033SANTOSE_2025-10-30_G45,10110033SANTOSE,2025-10-30,111634,1,8,0,56.0
10110033SANTOSE_2025-10-30_G46,10110033SANTOSE,2025-10-30,141261,1,6,0,157.0
10110033SANTOSE_2025-10-30_G47,10110033SANTOSE,2025-10-30,111722,1,12,0,66.0
10110033SANTOSE_2025-10-30_G48,10110033SANTOSE,2025-10-30,111722,1,20,0,205.0
10110033SANTOSE_2025-10-30_G49,10110033SANTOSE,2025-10-30,118191,2,60,5,231.0
10110033SANTOSE_2025-10-30_G50,10110033SANTOSE,2025-10-30,110787,3,35,20,1502.0
10110033SANTOSE_2025-10-30_G51,10110033SANTOSE,2025-10-30,117785,4,40,43,654.0
10110033SANTOSE_2025-10-30_G52,10110033SANTOSE,2025-10-30,111462,3,32,15,86.0
10110033SANTOSE_2025-10-30_G53,10110033SANTOSE,2025-10-30,111468,1,30,0,447.0
10110033SANTOSE_2025-10-30_G54,10110033SANTOSE,2025-10-30,117822,1,37,0,723.0
10110033SANTOSE_2025-10-30_G55,10110033SANTOSE,2025-10-30,117832,1,33,0,602.0
10110033SANTOSE_2025-10-30_G56,10110033SANTOSE,2025-10-30,110374,1,43,0,272.0
10110033SANTOSE_2025-10-31_G02,10110033SANTOSE,2025-10-31,111462,1,310,0,405.0
10110033SANTOSE_2025-10-31_G03,10110033SANTOSE,2025-10-31,110374,1,420,0,1146.0
10110033SANTOSE_2025-10-31_G05,10110033SANTOSE,2025-10-31,"111469, 117821",2,30,25,335.0
10110033SANTOSE_2025-10-31_G06,10110033SANTOSE,2025-10-31,117830,1,43,0,406.0
10110033SANTOSE_2025-10-31_G07,10110033SANTOSE,2025-10-31,"117808, 117820",2,625,15,464.0
10110033SANTOSE_2025-11-05_G02,10110033SANTOSE,2025-11-05,111418,1,9,0,125.0
10110033SANTOSE_2025-11-05_G03,10110033SANTOSE,2025-11-05,110740,1,2,0,63.0
10110033SANTOSE_2025-11-05_G04,10110033SANTOSE,2025-11-05,110787,1,2,0,77.0
10110033SANTOSE_2025-11-05_G05,10110033SANTOSE,2025-11-05,141457,1,4,0,258.0
10110033SANTOSE_2025-11-05_G06,10110033SANTOSE,2025-11-05,111469,1,2,0,46.0
10110033SANTOSE_2025-11-05_G07,10110033SANTOSE,2025-11-05,141456,1,2,0,53.0
10110033SANTOSE_2025-11-05_G08,10110033SANTOSE,2025-11-05,108794,1,4,0,46.0
10110033SANTOSE_2025-11-05_G09,10110033SANTOSE,2025-11-05,111466,1,3,0,47.0
10110033SANTOSE_2025-11-05_G10,10110033SANTOSE,2025-11-05,108711,1,2,0,289.0
10110033SANTOSE_2025-11-05_G11,10110033SANTOSE,2025-11-05,141458,1,2,0,84.0
10110033SANTOSE_2025-11-05_G12,10110033SANTOSE,2025-11-05,117832,1,2,0,284.0
10110033SANTOSE_2025-11-05_G13,10110033SANTOSE,2025-11-05,117808,1,5,0,104.0
10110033SANTOSE_2025-11-05_G14,10110033SANTOSE,2025-11-05,110372,1,2,0,715.0
10110033SANTOSE_2025-11-05_G15,10110033SANTOSE,2025-11-05,110371,1,6,0,146.0
10110033SANTOSE_2025-11-05_G16,10110033SANTOSE,2025-11-05,111530,1,3,0,88.0
10110033SANTOSE_2025-11-05_G17,10110033SANTOSE,2025-11-05,141916,1,4,0,107.0
10110033SANTOSE_2025-11-05_G18,10110033SANTOSE,2025-11-05,111660,1,4,0,173.0
10110033SANTOSE_2025-11-05_G19,10110033SANTOSE,2025-11-05,110339,1,4,0,170.0
10110033SANTOSE_2025-11-05_G20,10110033SANTOSE,2025-11-05,110371,1,1,0,602.0
10110033SANTOSE_2025-11-05_G21,10110033SANTOSE,2025-11-05,110373,1,4,0,50.0
10110033SANTOSE_2025-11-05_G22,10110033SANTOSE,2025-11-05,111569,1,2,0,64.0
10110033SANTOSE_2025-11-05_G23,10110033SANTOSE,2025-11-05,141047,1,2,0,169.0
10110033SANTOSE_2025-11-05_G24,10110033SANTOSE,2025-11-05,110313,1,8,0,163.0
10110033SANTOSE_2025-11-05_G25,10110033SANTOSE,2025-11-05,117809,1,12,0,132.0
10110033SANTOSE_2025-11-05_G26,10110033SANTOSE,2025-11-05,118277,1,4,0,365.0
10110033SANTOSE_2025-11-05_G27,10110033SANTOSE,2025-11-05,117809,1,8,0,115.0
10110033SANTOSE_2025-11-05_G28,10110033SANTOSE,2025-11-05,110740,1,10,0,953.0
10110033SANTOSE_2025-11-06_G03,10110033SANTOSE,2025-11-06,117809,1,1,0,233.0
10110033SANTOSE_2025-11-06_G04,10110033SANTOSE,2025-11-06,"117831, 111418",2,11,16,267.0
10110033SANTOSE_2025-11-06_G05,10110033SANTOSE,2025-11-06,108795,1,2,0,51.0
10110033SANTOSE_2025-11-06_G06,10110033SANTOSE,2025-11-06,110740,1,4,0,49.0
10110033SANTOSE_2025-11-06_G07,10110033SANTOSE,2025-11-06,118140,1,4,0,67.0
10110033SANTOSE_2025-11-06_G08,10110033SANTOSE,2025-11-06,110787,1,2,0,184.0
10110033SANTOSE_2025-11-06_G09,10110033SANTOSE,2025-11-06,141457,1,6,0,57.0
10110033SANTOSE_2025-11-06_G10,10110033SANTOSE,2025-11-06,141456,1,8,0,160.0
10110033SANTOSE_2025-11-06_G11,10110033SANTOSE,2025-11-06,117841,1,1,0,45.0
10110033SANTOSE_2025-11-06_G12,10110033SANTOSE,2025-11-06,111743,1,4,0,85.0
10110033SANTOSE_2025-11-06_G13,10110033SANTOSE,2025-11-06,140923,1,2,0,526.0
10110033SANTOSE_2025-11-06_G14,10110033SANTOSE,2025-11-06,111530,1,4,0,119.0
10110033SANTOSE_2025-11-06_G15,10110033SANTOSE,2025-11-06,110711,1,2,0,116.0
10110033SANTOSE_2025-11-06_G16,10110033SANTOSE,2025-11-06,111602,1,4,0,115.0
10110033SANTOSE_2025-11-06_G17,10110033SANTOSE,2025-11-06,117855,1,2,0,131.0
10110033SANTOSE_2025-11-06_G18,10110033SANTOSE,2025-11-06,117809,1,1,0,276.0
10110033SANTOSE_2025-11-06_G19,10110033SANTOSE,2025-11-06,109648,1,4,0,85.0
10110033SANTOSE_2025-11-06_G20,10110033SANTOSE,2025-11-06,117830,1,2,0,97.0
10110033SANTOSE_2025-11-06_G21,10110033SANTOSE,2025-11-06,117832,1,4,0,80.0
10110033SANTOSE_2025-11-06_G22,10110033SANTOSE,2025-11-06,117808,1,12,0,155.0
10110033SANTOSE_2025-11-06_G23,10110033SANTOSE,2025-11-06,118299,1,11,0,148.0
10110033SANTOSE_2025-11-06_G24,10110033SANTOSE,2025-11-06,117809,1,2,0,231.0
10110033SANTOSE_2025-11-06_G25,10110033SANTOSE,2025-11-06,118140,1,4,0,292.0
10110033SANTOSE_2025-11-06_G26,10110033SANTOSE,2025-11-06,"117831, 111418",2,6,11,132.0
10110033SANTOSE_2025-11-06_G27,10110033SANTOSE,2025-11-06,111443,1,2,0,99.0
10110033SANTOSE_2025-11-06_G28,10110033SANTOSE,2025-11-06,110787,1,4,0,129.0
10110033SANTOSE_2025-11-06_G29,10110033SANTOSE,2025-11-06,141457,1,6,0,50.0
10110033SANTOSE_2025-11-06_G30,10110033SANTOSE,2025-11-06,141456,1,6,0,160.0
10110033SANTOSE_2025-11-06_G31,10110033SANTOSE,2025-11-06,117787,1,2,0,88.0
10110033SANTOSE_2025-11-06_G32,10110033SANTOSE,2025-11-06,"111743, 141458",2,6,25,104.0
10110033SANTOSE_2025-11-07_G02,10110033SANTOSE,2025-11-07,111569,1,2,0,137.0
10110033SANTOSE_2025-11-07_G03,10110033SANTOSE,2025-11-07,117862,1,8,0,609.0
10110033SANTOSE_2025-11-07_G04,10110033SANTOSE,2025-11-07,141047,1,4,0,276.0
10110033SANTOSE_2025-11-07_G05,10110033SANTOSE,2025-11-07,"117809, 117820",2,6,15,78.0
10110033SANTOSE_2025-11-07_G06,10110033SANTOSE,2025-11-07,117830,1,4,0,79.0
10110033SANTOSE_2025-11-07_G07,10110033SANTOSE,2025-11-07,117832,1,4,0,83.0
10110033SANTOSE_2025-11-07_G08,10110033SANTOSE,2025-11-07,117808,1,14,0,173.0
10110033SANTOSE_2025-11-07_G09,10110033SANTOSE,2025-11-07,118299,1,16,0,504.0
10110033SANTOSE_2025-11-07_G10,10110033SANTOSE,2025-11-07,117862,1,1,0,235.0
10110033SANTOSE_2025-11-07_G11,10110033SANTOSE,2025-11-07,117853,1,2,0,101.0
10110033SANTOSE_2025-11-07_G12,10110033SANTOSE,2025-11-07,110711,1,2,0,60.0
10110033SANTOSE_2025-11-07_G13,10110033SANTOSE,2025-11-07,111530,1,4,0,200.0
10110033SANTOSE_2025-11-07_G14,10110033SANTOSE,2025-11-07,110740,1,2,0,209.0
10110033SANTOSE_2025-11-07_G15,10110033SANTOSE,2025-11-07,"118140, 117838",2,6,20,210.0
10110033SANTOSE_2025-11-07_G16,10110033SANTOSE,2025-11-07,111532,1,2,0,128.0
10110033SANTOSE_2025-11-07_G17,10110033SANTOSE,2025-11-07,117821,1,4,0,230.0
10110033SANTOSE_2025-11-07_G18,10110033SANTOSE,2025-11-07,"117831, 111418",2,8,15,117.0
10110033SANTOSE_2025-11-07_G19,10110033SANTOSE,2025-11-07,140923,1,4,0,96.0
10110033SANTOSE_2025-11-07_G20,10110033SANTOSE,2025-11-07,117809,1,4,0,54.0
10110033SANTOSE_2025-11-07_G21,10110033SANTOSE,2025-11-07,117832,1,4,0,93.0
10110033SANTOSE_2025-11-07_G22,10110033SANTOSE,2025-11-07,118299,1,12,0,183.0
10110033SANTOSE_2025-11-07_G23,10110033SANTOSE,2025-11-07,117808,1,12,0,206.0
10110033SANTOSE_2025-11-07_G24,10110033SANTOSE,2025-11-07,110376,1,2,0,1342.0
10110033SANTOSE_2025-11-07_G25,10110033SANTOSE,2025-11-07,110374,1,2,0,444.0
10110033SANTOSE_2025-11-07_G26,10110033SANTOSE,2025-11-07,117809,1,8,0,337.0
10110033SANTOSE_2025-11-07_G27,10110033SANTOSE,2025-11-07,117830,1,4,0,64.0
10110033SANTOSE_2025-11-07_G28,10110033SANTOSE,2025-11-07,117832,1,4,0,42.0
10110033SANTOSE_2025-11-07_G29,10110033SANTOSE,2025-11-07,117808,1,8,0,139.0
10110033SANTOSE_2025-11-07_G30,10110033SANTOSE,2025-11-07,110372,1,14,0,85.0
10110033SANTOSE_2025-11-07_G31,10110033SANTOSE,2025-11-07,118299,1,11,0,2033.0
10110033SANTOSE_2025-11-07_G32,10110033SANTOSE,2025-11-07,110373,1,24,0,818.0
10110033SANTOSE_2025-11-07_G33,10110033SANTOSE,2025-11-07,141202,1,4,0,51.0
10110033SANTOSE_2025-11-07_G34,10110033SANTOSE,2025-11-07,110895,1,3,0,584.0
10110033SANTOSE_2025-11-10_G02,10110033SANTOSE,2025-11-10,111430,1,6,0,358.0
10110033SANTOSE_2025-11-10_G03,10110033SANTOSE,2025-11-10,111441,1,6,0,70.0
10110033SANTOSE_2025-11-10_G04,10110033SANTOSE,2025-11-10,110895,1,12,0,144.0
10110033SANTOSE_2025-11-10_G05,10110033SANTOSE,2025-11-10,111660,1,2,0,71.0
10110033SANTOSE_2025-11-10_G06,10110033SANTOSE,2025-11-10,111569,1,6,0,94.0
10110033SANTOSE_2025-11-10_G07,10110033SANTOSE,2025-11-10,105705,1,6,0,102.0
10110033SANTOSE_2025-11-10_G08,10110033SANTOSE,2025-11-10,111182,1,1,0,104.0
10110033SANTOSE_2025-11-10_G09,10110033SANTOSE,2025-11-10,110740,1,2,0,321.0
10110033SANTOSE_2025-11-10_G10,10110033SANTOSE,2025-11-10,"140922, 111348",2,46,17,147.0
10110033SANTOSE_2025-11-10_G11,10110033SANTOSE,2025-11-10,111418,1,2,0,199.0
10110033SANTOSE_2025-11-10_G12,10110033SANTOSE,2025-11-10,111463,1,5,0,132.0
10110033SANTOSE_2025-11-10_G13,10110033SANTOSE,2025-11-10,117787,1,5,0,200.0
10110033SANTOSE_2025-11-10_G14,10110033SANTOSE,2025-11-10,111462,1,20,0,164.0
10110033SANTOSE_2025-11-10_G15,10110033SANTOSE,2025-11-10,"111532, 141823",2,22,13,863.0
10110033SANTOSE_2025-11-10_G16,10110033SANTOSE,2025-11-10,110711,1,30,0,409.0
10110033SANTOSE_2025-11-10_G17,10110033SANTOSE,2025-11-10,108772,1,8,0,87.0
10110033SANTOSE_2025-11-10_G18,10110033SANTOSE,2025-11-10,110339,1,6,0,118.0
10110033SANTOSE_2025-11-10_G19,10110033SANTOSE,2025-11-10,110373,1,32,0,2331.0
10110033SANTOSE_2025-11-10_G20,10110033SANTOSE,2025-11-10,118299,1,34,0,243.0
10110033SANTOSE_2025-11-10_G21,10110033SANTOSE,2025-11-10,117808,1,2,0,49.0
10110033SANTOSE_2025-11-10_G22,10110033SANTOSE,2025-11-10,110372,1,35,0,498.0
10110033SANTOSE_2025-11-10_G23,10110033SANTOSE,2025-11-10,118094,1,10,0,238.0
10110033SANTOSE_2025-11-10_G24,10110033SANTOSE,2025-11-10,107629,1,6,0,135.0
10110033SANTOSE_2025-11-10_G25,10110033SANTOSE,2025-11-10,110711,1,23,0,170.0
10110033SANTOSE_2025-11-10_G26,10110033SANTOSE,2025-11-10,111602,1,17,0,126.0
10110033SANTOSE_2025-11-10_G27,10110033SANTOSE,2025-11-10,110339,1,11,0,98.0
10110033SANTOSE_2025-11-10_G29,10110033SANTOSE,2025-11-10,111530,1,50,0,85.0
10110033SANTOSE_2025-11-10_G30,10110033SANTOSE,2025-11-10,110741,1,14,0,298.0
10110033SANTOSE_2025-11-11_G02,10110033SANTOSE,2025-11-11,109647,1,10,0,157.0
10110033SANTOSE_2025-11-11_G03,10110033SANTOSE,2025-11-11,110750,1,9,0,188.0
10110033SANTOSE_2025-11-11_G04,10110033SANTOSE,2025-11-11,"111435, 108798",2,23,26,426.0
10110033SANTOSE_2025-11-11_G05,10110033SANTOSE,2025-11-11,110752,1,17,0,365.0
10110033SANTOSE_2025-11-11_G06,10110033SANTOSE,2025-11-11,107830,1,6,0,69.0
10110033SANTOSE_2025-11-11_G07,10110033SANTOSE,2025-11-11,110375,1,30,0,77.0
10110033SANTOSE_2025-11-11_G08,10110033SANTOSE,2025-11-11,109648,1,10,0,190.0
10110033SANTOSE_2025-11-11_G09,10110033SANTOSE,2025-11-11,110376,1,64,0,904.0
10110033SANTOSE_2025-11-11_G10,10110033SANTOSE,2025-11-11,111433,1,24,0,314.0
10110033SANTOSE_2025-11-11_G11,10110033SANTOSE,2025-11-11,111172,1,40,0,773.0
10110033SANTOSE_2025-11-11_G12,10110033SANTOSE,2025-11-11,105705,1,35,0,177.0
10110033SANTOSE_2025-11-11_G13,10110033SANTOSE,2025-11-11,109645,1,45,0,865.0
10110033SANTOSE_2025-11-11_G14,10110033SANTOSE,2025-11-11,111182,1,13,0,146.0
10110033SANTOSE_2025-11-11_G15,10110033SANTOSE,2025-11-11,111443,1,11,0,82.0
10110033SANTOSE_2025-11-11_G16,10110033SANTOSE,2025-11-11,118317,1,11,0,396.0
10110033SANTOSE_2025-11-11_G17,10110033SANTOSE,2025-11-11,110743,1,25,0,39.0
10110033SANTOSE_2025-11-11_G18,10110033SANTOSE,2025-11-11,117842,1,1,0,149.0
10110033SANTOSE_2025-11-11_G19,10110033SANTOSE,2025-11-11,111466,1,4,0,240.0
10110033SANTOSE_2025-11-11_G20,10110033SANTOSE,2025-11-11,111442,1,28,0,581.0
10110033SANTOSE_2025-11-11_G21,10110033SANTOSE,2025-11-11,107236,1,43,0,280.0
10110033SANTOSE_2025-11-11_G22,10110033SANTOSE,2025-11-11,140922,1,100,0,131.0
10110033SANTOSE_2025-11-11_G23,10110033SANTOSE,2025-11-11,111435,1,2,0,53.0
10110033SANTOSE_2025-11-11_G24,10110033SANTOSE,2025-11-11,111468,1,67,0,484.0
10110033SANTOSE_2025-11-11_G25,10110033SANTOSE,2025-11-11,108711,1,60,0,397.0
10110033SANTOSE_2025-11-11_G26,10110033SANTOSE,2025-11-11,117787,1,40,0,74.0
10110033SANTOSE_2025-11-11_G27,10110033SANTOSE,2025-11-11,118330,1,18,0,160.0
10110033SANTOSE_2025-11-11_G28,10110033SANTOSE,2025-11-11,111743,1,41,0,303.0
10110033SANTOSE_2025-11-11_G29,10110033SANTOSE,2025-11-11,118223,1,26,0,264.0
10110033SANTOSE_2025-11-11_G30,10110033SANTOSE,2025-11-11,108794,1,40,0,285.0
10110033SANTOSE_2025-11-11_G32,10110033SANTOSE,2025-11-11,111433,1,50,0,40.0
10110033SANTOSE_2025-11-11_G33,10110033SANTOSE,2025-11-11,111433,1,25,0,40.0
10110033SANTOSE_2025-11-11_G34,10110033SANTOSE,2025-11-11,111743,1,126,0,1660.0
10110033SANTOSE_2025-11-11_G35,10110033SANTOSE,2025-11-11,111434,1,100,0,96.0
10110033SANTOSE_2025-11-11_G36,10110033SANTOSE,2025-11-11,141202,1,176,0,360.0
10110033SANTOSE_2025-11-11_G37,10110033SANTOSE,2025-11-11,110374,1,170,0,598.0
10110033SANTOSE_2025-11-11_G39,10110033SANTOSE,2025-11-11,110733,2,6,10,342.0
10110033SANTOSE_2025-11-11_G40,10110033SANTOSE,2025-11-11,110711,1,15,0,595.0
10110033SANTOSE_2025-11-12_G03,10110033SANTOSE,2025-11-12,110623,1,2,0,344.0
10110033SANTOSE_2025-11-12_G04,10110033SANTOSE,2025-11-12,117834,1,4,0,336.0
10110033SANTOSE_2025-11-12_G05,10110033SANTOSE,2025-11-12,116527,1,2,0,268.0
10110033SANTOSE_2025-11-12_G06,10110033SANTOSE,2025-11-12,110582,1,4,0,68.0
10110033SANTOSE_2025-11-12_G07,10110033SANTOSE,2025-11-12,140911,1,5,0,105.0
10110033SANTOSE_2025-11-12_G08,10110033SANTOSE,2025-11-12,107904,1,4,0,340.0
10110033SANTOSE_2025-11-12_G09,10110033SANTOSE,2025-11-12,118306,1,82,0,3045.0
10110033SANTOSE_2025-11-12_G10,10110033SANTOSE,2025-11-12,111660,1,16,0,431.0
10110033SANTOSE_2025-11-12_G12,10110033SANTOSE,2025-11-12,111467,1,60,0,231.0
10110033SANTOSE_2025-11-12_G13,10110033SANTOSE,2025-11-12,117786,1,70,0,686.0
10110033SANTOSE_2025-11-12_G14,10110033SANTOSE,2025-11-12,110787,1,50,0,1022.0
10110033SANTOSE_2025-11-12_G15,10110033SANTOSE,2025-11-12,117833,1,60,0,613.0
10110033SANTOSE_2025-11-12_G16,10110033SANTOSE,2025-11-12,111743,1,54,0,581.0
10110033SANTOSE_2025-11-13_G03,10110033SANTOSE,2025-11-13,111446,1,1,0,261.0
10110033SANTOSE_2025-11-13_G04,10110033SANTOSE,2025-11-13,140922,1,12,0,162.0
10110033SANTOSE_2025-11-13_G05,10110033SANTOSE,2025-11-13,111441,1,27,0,371.0
10110033SANTOSE_2025-11-13_G07,10110033SANTOSE,2025-11-13,118140,1,2,0,83.0
10110033SANTOSE_2025-11-13_G08,10110033SANTOSE,2025-11-13,111462,1,2,0,84.0
10110033SANTOSE_2025-11-13_G09,10110033SANTOSE,2025-11-13,110372,1,6,0,276.0
10110033SANTOSE_2025-11-13_G10,10110033SANTOSE,2025-11-13,117832,1,2,0,68.0
10110033SANTOSE_2025-11-13_G11,10110033SANTOSE,2025-11-13,117808,1,2,0,173.0
10110033SANTOSE_2025-11-13_G12,10110033SANTOSE,2025-11-13,118306,1,2,0,106.0
10110033SANTOSE_2025-11-13_G13,10110033SANTOSE,2025-11-13,141318,1,4,0,98.0
10110033SANTOSE_2025-11-13_G14,10110033SANTOSE,2025-11-13,"117820, 117830, 110372, 117808, 117822",5,15,92,73.0
10110033SANTOSE_2025-11-13_G15,10110033SANTOSE,2025-11-13,110373,1,4,0,146.0
10110033SANTOSE_2025-11-13_G18,10110033SANTOSE,2025-11-13,117808,1,11,0,121.0
10110033SANTOSE_2025-11-13_G19,10110033SANTOSE,2025-11-13,110373,1,6,0,77.0
10110033SANTOSE_2025-11-13_G20,10110033SANTOSE,2025-11-13,141202,1,4,0,55.0
10110033SANTOSE_2025-11-13_G21,10110033SANTOSE,2025-11-13,117856,1,2,0,141.0
10110033SANTOSE_2025-11-13_G22,10110033SANTOSE,2025-11-13,117786,1,5,0,94.0
10110033SANTOSE_2025-11-14_G02,10110033SANTOSE,2025-11-14,117785,1,2,0,82.0
10110033SANTOSE_2025-11-14_G03,10110033SANTOSE,2025-11-14,117831,1,4,0,270.0
10110033SANTOSE_2025-11-14_G04,10110033SANTOSE,2025-11-14,110740,1,4,0,67.0
10110033SANTOSE_2025-11-14_G05,10110033SANTOSE,2025-11-14,141457,1,6,0,85.0
10110033SANTOSE_2025-11-14_G06,10110033SANTOSE,2025-11-14,117820,1,2,0,168.0
10110033SANTOSE_2025-11-14_G07,10110033SANTOSE,2025-11-14,110373,1,4,0,103.0
10110033SANTOSE_2025-11-14_G08,10110033SANTOSE,2025-11-14,111462,1,30,0,230.0
10110033SANTOSE_2025-11-14_G09,10110033SANTOSE,2025-11-14,109645,1,4,0,98.0
10110033SANTOSE_2025-11-14_G10,10110033SANTOSE,2025-11-14,110129,1,1,0,76.0
10110033SANTOSE_2025-11-14_G11,10110033SANTOSE,2025-11-14,110373,1,40,0,780.0
10110033SANTOSE_2025-11-14_G12,10110033SANTOSE,2025-11-14,118094,1,8,0,135.0
10110033SANTOSE_2025-11-14_G14,10110033SANTOSE,2025-11-14,109645,1,10,0,399.0
10110033SANTOSE_2025-11-14_G15,10110033SANTOSE,2025-11-14,109647,1,10,0,289.0
10110033SANTOSE_2025-11-14_G16,10110033SANTOSE,2025-11-14,109641,1,20,0,284.0
10110033SANTOSE_2025-11-16_G02,10110033SANTOSE,2025-11-16,110313,1,200,0,1131.0
10110033SANTOSE_2025-11-16_G03,10110033SANTOSE,2025-11-16,111463,1,400,0,171.0
10110033SANTOSE_2025-11-16_G04,10110033SANTOSE,2025-11-16,111466,1,600,0,2142.0
10110033SANTOSE_2025-11-17_G02,10110033SANTOSE,2025-11-17,110787,1,5,0,88.0
10110033SANTOSE_2025-11-17_G03,10110033SANTOSE,2025-11-17,109643,1,9,0,187.0
10110033SANTOSE_2025-11-17_G04,10110033SANTOSE,2025-11-17,110740,1,20,0,209.0
10110033SANTOSE_2025-11-17_G05,10110033SANTOSE,2025-11-17,141456,1,2,0,1483.0
10110033SANTOSE_2025-11-17_G06,10110033SANTOSE,2025-11-17,111532,1,11,0,257.0
10110033SANTOSE_2025-11-17_G07,10110033SANTOSE,2025-11-17,117831,1,4,0,155.0
10110033SANTOSE_2025-11-17_G08,10110033SANTOSE,2025-11-17,111532,1,15,0,192.0
10110033SANTOSE_2025-11-17_G09,10110033SANTOSE,2025-11-17,111876,1,6,0,506.0
10110033SANTOSE_2025-11-17_G10,10110033SANTOSE,2025-11-17,110373,1,4,0,1006.0
10110033SANTOSE_2025-11-17_G11,10110033SANTOSE,2025-11-17,110740,1,6,0,589.0
10110033SANTOSE_2025-11-17_G12,10110033SANTOSE,2025-11-17,160051,1,2,0,374.0
10110033SANTOSE_2025-11-17_G13,10110033SANTOSE,2025-11-17,117808,1,362,0,2980.0
10110033SANTOSE_2025-11-17_G14,10110033SANTOSE,2025-11-17,110740,1,4,0,181.0
10110033SANTOSE_2025-11-17_G15,10110033SANTOSE,2025-11-17,110787,1,30,0,1002.0
10110033SANTOSE_2025-11-17_G16,10110033SANTOSE,2025-11-17,110787,1,20,0,212.0
10110033SANTOSE_2025-11-17_G17,10110033SANTOSE,2025-11-17,141457,1,10,0,108.0
10110033SANTOSE_2025-11-17_G18,10110033SANTOSE,2025-11-17,"117831, 109645",2,28,18,286.0
10110033SANTOSE_2025-11-17_G20,10110033SANTOSE,2025-11-17,117831,1,8,0,446.0
10110033SANTOSE_2025-11-17_G21,10110033SANTOSE,2025-11-17,141202,1,4,0,106.0
10110033SANTOSE_2025-11-17_G22,10110033SANTOSE,2025-11-17,118140,1,4,0,687.0
10110033SANTOSE_2025-11-17_G24,10110033SANTOSE,2025-11-17,110741,1,15,0,127.0
10110033SANTOSE_2025-11-17_G25,10110033SANTOSE,2025-11-17,111879,1,12,0,83.0
10110033SANTOSE_2025-11-17_G26,10110033SANTOSE,2025-11-17,117861,1,20,0,167.0
10110033SANTOSE_2025-11-17_G27,10110033SANTOSE,2025-11-17,117861,2,69,10,236.0
10110033SANTOSE_2025-11-17_G28,10110033SANTOSE,2025-11-17,109640,4,47,31,526.0
10110033SANTOSE_2025-11-17_G29,10110033SANTOSE,2025-11-17,108772,1,17,0,506.0
10110033SANTOSE_2025-11-17_G30,10110033SANTOSE,2025-11-17,110752,1,5,0,92.0
10110033SANTOSE_2025-11-18_G02,10110033SANTOSE,2025-11-18,111467,1,8,0,173.0
10110033SANTOSE_2025-11-18_G03,10110033SANTOSE,2025-11-18,109640,1,17,0,37.0
10110033SANTOSE_2025-11-18_G04,10110033SANTOSE,2025-11-18,141047,2,37,11,220.0
10110033SANTOSE_2025-11-18_G05,10110033SANTOSE,2025-11-18,141047,1,12,0,247.0
10110033SANTOSE_2025-11-18_G06,10110033SANTOSE,2025-11-18,141047,1,1,0,53.0
10110033SANTOSE_2025-11-18_G07,10110033SANTOSE,2025-11-18,117830,1,31,0,114.0
10110033SANTOSE_2025-11-18_G08,10110033SANTOSE,2025-11-18,110372,1,350,0,1376.0
10110033SANTOSE_2025-11-18_G09,10110033SANTOSE,2025-11-18,118299,1,415,0,2379.0
10110033SANTOSE_2025-11-18_G10,10110033SANTOSE,2025-11-18,117808,1,9,0,184.0
10110033SANTOSE_2025-11-18_G11,10110033SANTOSE,2025-11-18,117808,1,305,0,796.0
10110033SANTOSE_2025-11-18_G12,10110033SANTOSE,2025-11-18,111182,1,12,0,85.0
10110033SANTOSE_2025-11-18_G13,10110033SANTOSE,2025-11-18,110313,1,141,0,689.0
10110033SANTOSE_2025-11-18_G14,10110033SANTOSE,2025-11-18,111441,1,1,0,64.0
10110033SANTOSE_2025-11-18_G15,10110033SANTOSE,2025-11-18,111743,1,39,0,222.0
10110033SANTOSE_2025-11-18_G16,10110033SANTOSE,2025-11-18,110740,1,40,0,458.0
10110033SANTOSE_2025-11-18_G17,10110033SANTOSE,2025-11-18,110787,1,50,0,345.0
10110033SANTOSE_2025-11-18_G18,10110033SANTOSE,2025-11-18,117821,1,44,0,262.0
10110033SANTOSE_2025-11-18_G19,10110033SANTOSE,2025-11-18,118330,1,14,0,192.0
10110033SANTOSE_2025-11-18_G20,10110033SANTOSE,2025-11-18,141823,1,19,0,276.0
10110033SANTOSE_2025-11-18_G22,10110033SANTOSE,2025-11-18,111436,1,8,0,247.0
10110033SANTOSE_2025-11-18_G23,10110033SANTOSE,2025-11-18,110741,1,4,0,160.0
10110033SANTOSE_2025-11-18_G24,10110033SANTOSE,2025-11-18,118094,1,16,0,103.0
10110033SANTOSE_2025-11-18_G25,10110033SANTOSE,2025-11-18,110313,1,55,0,191.0
10110033SANTOSE_2025-11-18_G26,10110033SANTOSE,2025-11-18,117935,1,18,0,218.0
10110033SANTOSE_2025-11-18_G27,10110033SANTOSE,2025-11-18,111467,1,42,0,284.0
10110033SANTOSE_2025-11-18_G28,10110033SANTOSE,2025-11-18,110376,1,28,0,139.0
10110033SANTOSE_2025-11-18_G29,10110033SANTOSE,2025-11-18,109647,1,264,0,1253.0
10110033SANTOSE_2025-11-18_G30,10110033SANTOSE,2025-11-18,110756,1,11,0,402.0
10110033SANTOSE_2025-11-19_G02,10110033SANTOSE,2025-11-19,"140922, 111348",2,10,17,88.0
10110033SANTOSE_2025-11-19_G03,10110033SANTOSE,2025-11-19,117841,1,4,0,112.0
10110033SANTOSE_2025-11-19_G04,10110033SANTOSE,2025-11-19,"109641, 117833",2,8,21,172.0
10110033SANTOSE_2025-11-19_G05,10110033SANTOSE,2025-11-19,117821,1,6,0,104.0
10110033SANTOSE_2025-11-19_G06,10110033SANTOSE,2025-11-19,118140,1,14,0,61.0
10110033SANTOSE_2025-11-19_G07,10110033SANTOSE,2025-11-19,141823,1,5,0,57.0
10110033SANTOSE_2025-11-19_G08,10110033SANTOSE,2025-11-19,118094,1,10,0,320.0
10110033SANTOSE_2025-11-19_G09,10110033SANTOSE,2025-11-19,118298,1,6,0,101.0
10110033SANTOSE_2025-11-19_G10,10110033SANTOSE,2025-11-19,117786,1,6,0,86.0
10110033SANTOSE_2025-11-19_G11,10110033SANTOSE,2025-11-19,110313,1,4,0,48.0
10110033SANTOSE_2025-11-19_G12,10110033SANTOSE,2025-11-19,117935,1,6,0,64.0
10110033SANTOSE_2025-11-19_G13,10110033SANTOSE,2025-11-19,108772,1,4,0,97.0
10110033SANTOSE_2025-11-19_G14,10110033SANTOSE,2025-11-19,111602,1,16,0,156.0
10110033SANTOSE_2025-11-19_G15,10110033SANTOSE,2025-11-19,109640,1,7,0,210.0
10110033SANTOSE_2025-11-19_G16,10110033SANTOSE,2025-11-19,111660,1,4,0,800.0
10110033SANTOSE_2025-11-19_G17,10110033SANTOSE,2025-11-19,117808,1,17,0,172.0
10110033SANTOSE_2025-11-19_G18,10110033SANTOSE,2025-11-19,117830,1,10,0,120.0
10110033SANTOSE_2025-11-19_G19,10110033SANTOSE,2025-11-19,111430,1,2,0,81.0
10110033SANTOSE_2025-11-19_G20,10110033SANTOSE,2025-11-19,108759,1,4,0,78.0
10110033SANTOSE_2025-11-19_G21,10110033SANTOSE,2025-11-19,118222,2,16,11,217.0
10110033SANTOSE_2025-11-19_G22,10110033SANTOSE,2025-11-19,117820,1,16,0,1353.0
10110033SANTOSE_2025-11-19_G23,10110033SANTOSE,2025-11-19,118271,1,40,0,1848.0
10110033SANTOSE_2025-11-19_G24,10110033SANTOSE,2025-11-19,110374,1,8,0,89.0
10110033SANTOSE_2025-11-19_G25,10110033SANTOSE,2025-11-19,118277,1,14,0,122.0
10110033SANTOSE_2025-11-19_G26,10110033SANTOSE,2025-11-19,110373,1,34,0,893.0
10110033SANTOSE_2025-11-19_G27,10110033SANTOSE,2025-11-19,110375,1,23,0,217.0
10110033SANTOSE_2025-11-19_G28,10110033SANTOSE,2025-11-19,117808,1,295,0,348.0
10110033SANTOSE_2025-11-19_G30,10110033SANTOSE,2025-11-19,110373,1,350,0,1399.0
10110033SANTOSE_2025-11-19_G31,10110033SANTOSE,2025-11-19,117820,1,457,0,1428.0
10110033SANTOSE_2025-11-19_G32,10110033SANTOSE,2025-11-19,111356,1,2,0,159.0
10110033SANTOSE_2025-11-19_G33,10110033SANTOSE,2025-11-19,107888,1,2,0,63.0
10110033SANTOSE_2025-11-19_G34,10110033SANTOSE,2025-11-19,105167,1,1,0,187.0
10110033SANTOSE_2025-11-19_G35,10110033SANTOSE,2025-11-19,111532,1,2,0,3489.0
10110033SANTOSE_2025-11-19_G36,10110033SANTOSE,2025-11-19,141823,1,4,0,35.0
10110033SANTOSE_2025-11-19_G37,10110033SANTOSE,2025-11-19,117808,1,20,0,169.0
10110033SANTOSE_2025-11-20_G02,10110033SANTOSE,2025-11-20,109640,1,2,0,168.0
10110033SANTOSE_2025-11-20_G04,10110033SANTOSE,2025-11-20,123343,1,20,0,1289.0
10110033SANTOSE_2025-11-21_G02,10110033SANTOSE,2025-11-21,110895,1,51,0,139.0
10110033SANTOSE_2025-11-21_G03,10110033SANTOSE,2025-11-21,141369,1,2,0,356.0
10110033SANTOSE_2025-11-21_G04,10110033SANTOSE,2025-11-21,141047,1,8,0,114.0
10110033SANTOSE_2025-11-21_G05,10110033SANTOSE,2025-11-21,117861,1,24,0,166.0
10110033SANTOSE_2025-11-21_G06,10110033SANTOSE,2025-11-21,111172,1,9,0,135.0
10110033SANTOSE_2025-11-21_G07,10110033SANTOSE,2025-11-21,160052,1,2,0,143.0
10110033SANTOSE_2025-11-21_G08,10110033SANTOSE,2025-11-21,117831,1,14,0,185.0
10110033SANTOSE_2025-11-21_G09,10110033SANTOSE,2025-11-21,117785,1,158,0,298.0
10110033SANTOSE_2025-11-21_G10,10110033SANTOSE,2025-11-21,111466,1,77,0,246.0
10110033SANTOSE_2025-11-21_G11,10110033SANTOSE,2025-11-21,141456,1,72,0,270.0
10110033SANTOSE_2025-11-21_G12,10110033SANTOSE,2025-11-21,117808,1,804,0,863.0
10110033SANTOSE_2025-11-21_G13,10110033SANTOSE,2025-11-21,110373,1,218,0,472.0
10110033SANTOSE_2025-11-21_G14,10110033SANTOSE,2025-11-21,117820,1,150,0,403.0
10110033SANTOSE_2025-11-21_G15,10110033SANTOSE,2025-11-21,110372,1,100,0,227.0
10110033SANTOSE_2025-11-21_G16,10110033SANTOSE,2025-11-21,117830,1,99,0,317.0
10110033SANTOSE_2025-11-21_G17,10110033SANTOSE,2025-11-21,117809,1,50,0,297.0
10110033SANTOSE_2025-11-21_G18,10110033SANTOSE,2025-11-21,105705,1,40,0,1336.0
10110033SANTOSE_2025-11-21_G19,10110033SANTOSE,2025-11-21,111330,1,13,0,126.0
10110033SANTOSE_2025-11-21_G20,10110033SANTOSE,2025-11-21,118140,1,140,0,415.0
10110033SANTOSE_2025-11-21_G21,10110033SANTOSE,2025-11-21,111418,1,120,0,1113.0
10110033SANTOSE_2025-11-21_G22,10110033SANTOSE,2025-11-21,111469,1,125,0,444.0
10110033SANTOSE_2025-11-21_G23,10110033SANTOSE,2025-11-21,111463,1,80,0,197.0
10110033SANTOSE_2025-11-21_G24,10110033SANTOSE,2025-11-21,109641,1,25,0,456.0
10110033SANTOSE_2025-11-21_G25,10110033SANTOSE,2025-11-21,141457,1,100,0,285.0
10110033SANTOSE_2025-11-21_G26,10110033SANTOSE,2025-11-21,117785,1,45,0,421.0
10110033SANTOSE_2025-11-22_G02,10110033SANTOSE,2025-11-22,117831,1,100,0,40.0
10110033SANTOSE_2025-11-22_G03,10110033SANTOSE,2025-11-22,117808,1,381,0,745.0
10110033SANTOSE_2025-11-22_G05,10110033SANTOSE,2025-11-22,140923,1,6,0,661.0
10110033SANTOSE_2025-11-22_G06,10110033SANTOSE,2025-11-22,141066,1,4,0,187.0
10110033SANTOSE_2025-11-22_G07,10110033SANTOSE,2025-11-22,108795,1,4,0,96.0
10110033SANTOSE_2025-11-22_G08,10110033SANTOSE,2025-11-22,110787,1,4,0,95.0
10110033SANTOSE_2025-11-22_G09,10110033SANTOSE,2025-11-22,118140,1,10,0,606.0
10110033SANTOSE_2025-11-22_G10,10110033SANTOSE,2025-11-22,141456,1,13,0,267.0
10110033SANTOSE_2025-11-22_G11,10110033SANTOSE,2025-11-22,141202,1,4,0,146.0
10110033SANTOSE_2025-11-22_G12,10110033SANTOSE,2025-11-22,117820,1,12,0,409.0
10110033SANTOSE_2025-11-22_G13,10110033SANTOSE,2025-11-22,110373,1,11,0,865.0
10110033SANTOSE_2025-11-22_G14,10110033SANTOSE,2025-11-22,117832,1,5,0,211.0
10110033SANTOSE_2025-11-23_G02,10110033SANTOSE,2025-11-23,111418,1,2,0,1146.0
10110033SANTOSE_2025-11-23_G03,10110033SANTOSE,2025-11-23,117831,1,2,0,87.0
10110033SANTOSE_2025-11-23_G04,10110033SANTOSE,2025-11-23,141456,1,4,0,46.0
10110033SANTOSE_2025-11-23_G05,10110033SANTOSE,2025-11-23,118299,1,10,0,566.0
10110033SANTOSE_2025-11-23_G06,10110033SANTOSE,2025-11-23,117830,1,2,0,72.0
10110033SANTOSE_2025-11-23_G07,10110033SANTOSE,2025-11-23,140911,1,4,0,1595.0
10110033SANTOSE_2025-11-23_G08,10110033SANTOSE,2025-11-23,105705,1,1,0,1002.0
10110033SANTOSE_2025-11-23_G09,10110033SANTOSE,2025-11-23,141458,1,2,0,765.0
10110033SANTOSE_2025-11-23_G10,10110033SANTOSE,2025-11-23,110711,1,4,0,185.0
10110033SANTOSE_2025-11-23_G11,10110033SANTOSE,2025-11-23,118094,1,4,0,587.0
10110033SANTOSE_2025-11-23_G12,10110033SANTOSE,2025-11-23,117837,1,4,0,111.0
10110033SANTOSE_2025-11-23_G13,10110033SANTOSE,2025-11-23,110753,1,2,0,31.0
10110033SANTOSE_2025-11-23_G14,10110033SANTOSE,2025-11-23,117856,1,1,0,163.0
10110033SANTOSE_2025-11-23_G15,10110033SANTOSE,2025-11-23,117786,1,1,0,67.0
10110033SANTOSE_2025-11-23_G17,10110033SANTOSE,2025-11-23,109647,1,2,0,46.0
10110033SANTOSE_2025-11-23_G18,10110033SANTOSE,2025-11-23,117855,1,10,0,109.0
10110033SANTOSE_2025-11-24_G02,10110033SANTOSE,2025-11-24,110129,1,3,0,126.0
10110033SANTOSE_2025-11-24_G03,10110033SANTOSE,2025-11-24,118140,1,6,0,86.0
10110033SANTOSE_2025-11-24_G04,10110033SANTOSE,2025-11-24,111330,1,1,0,63.0
10110033SANTOSE_2025-11-24_G05,10110033SANTOSE,2025-11-24,108798,1,2,0,61.0
10110033SANTOSE_2025-11-24_G06,10110033SANTOSE,2025-11-24,"111418, 111469",2,18,20,71.0
10110033SANTOSE_2025-11-24_G07,10110033SANTOSE,2025-11-24,111431,1,1,0,36.0
10110033SANTOSE_2025-11-24_G08,10110033SANTOSE,2025-11-24,118223,1,2,0,283.0
10110033SANTOSE_2025-11-24_G09,10110033SANTOSE,2025-11-24,"117787, 117833",2,5,12,1037.0
10110033SANTOSE_2025-11-24_G10,10110033SANTOSE,2025-11-24,117821,1,2,0,39.0
10110033SANTOSE_2025-11-24_G11,10110033SANTOSE,2025-11-24,141458,1,4,0,591.0
10110033SANTOSE_2025-11-24_G12,10110033SANTOSE,2025-11-24,141823,1,7,0,104.0
10110033SANTOSE_2025-11-24_G13,10110033SANTOSE,2025-11-24,111463,1,7,0,106.0
10110033SANTOSE_2025-11-24_G14,10110033SANTOSE,2025-11-24,141456,1,6,0,117.0
10110033SANTOSE_2025-11-24_G15,10110033SANTOSE,2025-11-24,110372,1,6,0,1840.0
10110033SANTOSE_2025-11-24_G16,10110033SANTOSE,2025-11-24,118299,1,11,0,974.0
10110033SANTOSE_2025-11-24_G17,10110033SANTOSE,2025-11-24,111469,1,26,0,452.0
10110033SANTOSE_2025-11-24_G18,10110033SANTOSE,2025-11-24,111466,1,52,0,545.0
10110033SANTOSE_2025-11-24_G19,10110033SANTOSE,2025-11-24,110371,1,119,0,731.0
10110033SANTOSE_2025-11-24_G20,10110033SANTOSE,2025-11-24,118140,1,4,0,461.0
10110033SANTOSE_2025-11-24_G21,10110033SANTOSE,2025-11-24,105705,1,4,0,88.0
10110033SANTOSE_2025-11-24_G22,10110033SANTOSE,2025-11-24,111532,1,1,0,32.0
10110033SANTOSE_2025-11-24_G23,10110033SANTOSE,2025-11-24,140922,1,2,0,97.0
10110033SANTOSE_2025-11-24_G24,10110033SANTOSE,2025-11-24,111418,1,4,0,56.0
10110033SANTOSE_2025-11-24_G25,10110033SANTOSE,2025-11-24,111463,1,2,0,85.0
10110033SANTOSE_2025-11-24_G26,10110033SANTOSE,2025-11-24,111466,1,4,0,65.0
10110033SANTOSE_2025-11-24_G27,10110033SANTOSE,2025-11-24,141456,1,4,0,49.0
10110033SANTOSE_2025-11-24_G28,10110033SANTOSE,2025-11-24,141823,1,8,0,203.0
10110033SANTOSE_2025-11-24_G29,10110033SANTOSE,2025-11-24,117808,1,12,0,130.0
10110033SANTOSE_2025-11-24_G30,10110033SANTOSE,2025-11-24,109643,1,2,0,71.0
10110033SANTOSE_2025-11-24_G31,10110033SANTOSE,2025-11-24,117855,1,4,0,127.0
10110033SANTOSE_2025-11-24_G32,10110033SANTOSE,2025-11-24,117786,1,1,0,72.0
10110033SANTOSE_2025-11-24_G33,10110033SANTOSE,2025-11-24,117856,1,1,0,82.0
10110033SANTOSE_2025-11-24_G34,10110033SANTOSE,2025-11-24,118299,1,26,0,409.0
10110033SANTOSE_2025-11-25_G02,10110033SANTOSE,2025-11-25,118271,2,3,7,1405.0
10110033SANTOSE_2025-11-25_G03,10110033SANTOSE,2025-11-25,117820,1,50,0,363.0
10110033SANTOSE_2025-11-25_G04,10110033SANTOSE,2025-11-25,117830,1,60,0,236.0
10110033SANTOSE_2025-11-25_G05,10110033SANTOSE,2025-11-25,160054,1,8,0,256.0
10110033SANTOSE_2025-11-25_G06,10110033SANTOSE,2025-11-25,111437,1,4,0,47.0
10110033SANTOSE_2025-11-25_G07,10110033SANTOSE,2025-11-25,107888,1,2,0,69.0
10110033SANTOSE_2025-11-25_G08,10110033SANTOSE,2025-11-25,110895,1,51,0,240.0
10110033SANTOSE_2025-11-25_G09,10110033SANTOSE,2025-11-25,117836,1,4,0,66.0
10110033SANTOSE_2025-11-25_G10,10110033SANTOSE,2025-11-25,117834,1,4,0,153.0
10110033SANTOSE_2025-11-25_G11,10110033SANTOSE,2025-11-25,118364,1,4,0,371.0
10110033SANTOSE_2025-11-25_G12,10110033SANTOSE,2025-11-25,118364,1,4,0,197.0
10110033SANTOSE_2025-11-25_G13,10110033SANTOSE,2025-11-25,105359,1,2,0,192.0
10110033SANTOSE_2025-11-25_G14,10110033SANTOSE,2025-11-25,109495,1,2,0,77.0
10110033SANTOSE_2025-11-25_G15,10110033SANTOSE,2025-11-25,110582,1,4,0,72.0
10110033SANTOSE_2025-11-25_G16,10110033SANTOSE,2025-11-25,108798,1,10,0,244.0
10110033SANTOSE_2025-11-25_G17,10110033SANTOSE,2025-11-25,108993,2,4,6,526.0
10110033SANTOSE_2025-11-25_G18,10110033SANTOSE,2025-11-25,111660,1,4,0,1281.0
10110033SANTOSE_2025-11-25_G19,10110033SANTOSE,2025-11-25,111569,1,4,0,109.0
10110033SANTOSE_2025-11-25_G20,10110033SANTOSE,2025-11-25,110747,1,4,0,92.0
10110033SANTOSE_2025-11-25_G21,10110033SANTOSE,2025-11-25,118222,1,4,0,49.0
10110033SANTOSE_2025-11-25_G22,10110033SANTOSE,2025-11-25,118094,1,12,0,156.0
10110033SANTOSE_2025-11-25_G23,10110033SANTOSE,2025-11-25,"110339, 110733",2,11,22,114.0
10110033SANTOSE_2025-11-25_G24,10110033SANTOSE,2025-11-25,117856,1,10,0,64.0
10110033SANTOSE_2025-11-25_G25,10110033SANTOSE,2025-11-25,141047,1,4,0,51.0
10110033SANTOSE_2025-11-25_G26,10110033SANTOSE,2025-11-25,140923,1,4,0,103.0
10110033SANTOSE_2025-11-25_G27,10110033SANTOSE,2025-11-25,109647,1,1,0,34.0
10110033SANTOSE_2025-11-25_G28,10110033SANTOSE,2025-11-25,140922,1,2,0,155.0
10110033SANTOSE_2025-11-25_G29,10110033SANTOSE,2025-11-25,"110787, 111435",2,5,13,47.0
10110033SANTOSE_2025-11-25_G30,10110033SANTOSE,2025-11-25,111469,2,14,7,569.0
10110033SANTOSE_2025-11-25_G31,10110033SANTOSE,2025-11-25,110743,1,4,0,38.0
10110033SANTOSE_2025-11-25_G32,10110033SANTOSE,2025-11-25,111463,1,9,0,105.0
10110033SANTOSE_2025-11-25_G33,10110033SANTOSE,2025-11-25,117785,1,4,0,77.0
10110033SANTOSE_2025-11-25_G34,10110033SANTOSE,2025-11-25,117831,1,7,0,146.0
10110033SANTOSE_2025-11-25_G35,10110033SANTOSE,2025-11-25,141823,1,5,0,55.0
10110033SANTOSE_2025-11-25_G36,10110033SANTOSE,2025-11-25,117820,1,7,0,117.0
10110033SANTOSE_2025-11-25_G37,10110033SANTOSE,2025-11-25,118299,3,13,21,87.0
10110033SANTOSE_2025-11-25_G38,10110033SANTOSE,2025-11-25,117832,1,2,0,70.0
10110033SANTOSE_2025-11-25_G39,10110033SANTOSE,2025-11-25,118140,1,4,0,147.0
10110033SANTOSE_2025-11-25_G40,10110033SANTOSE,2025-11-25,105705,1,1,0,31.0
10110033SANTOSE_2025-11-25_G41,10110033SANTOSE,2025-11-25,111433,1,2,0,34.0
10110033SANTOSE_2025-11-26_G02,10110033SANTOSE,2025-11-26,111438,1,2,0,1226.0
10110033SANTOSE_2025-11-26_G03,10110033SANTOSE,2025-11-26,110895,2,4,9,522.0
10110033SANTOSE_2025-11-26_G04,10110033SANTOSE,2025-11-26,"108759, 117836",2,3,26,71.0
10110033SANTOSE_2025-11-26_G05,10110033SANTOSE,2025-11-26,110747,1,1,0,101.0
10110033SANTOSE_2025-11-26_G06,10110033SANTOSE,2025-11-26,111876,2,5,8,855.0
10110033SANTOSE_2025-11-26_G07,10110033SANTOSE,2025-11-26,140923,1,1,0,1880.0
10110033SANTOSE_2025-11-26_G08,10110033SANTOSE,2025-11-26,117837,1,2,0,275.0
10110033SANTOSE_2025-11-26_G09,10110033SANTOSE,2025-11-26,110733,1,3,0,59.0
10110033SANTOSE_2025-11-26_G10,10110033SANTOSE,2025-11-26,110733,1,5,0,32.0
10110033SANTOSE_2025-11-26_G11,10110033SANTOSE,2025-11-26,117856,2,6,7,66.0
10110033SANTOSE_2025-11-26_G12,10110033SANTOSE,2025-11-26,110313,1,2,0,165.0
10110033SANTOSE_2025-11-26_G14,10110033SANTOSE,2025-11-26,111532,1,2,0,122.0
10110033SANTOSE_2025-11-26_G15,10110033SANTOSE,2025-11-26,108795,1,4,0,71.0
10110033SANTOSE_2025-11-26_G16,10110033SANTOSE,2025-11-26,110745,1,5,0,61.0
10110033SANTOSE_2025-11-26_G17,10110033SANTOSE,2025-11-26,140922,1,5,0,47.0
10110033SANTOSE_2025-11-26_G18,10110033SANTOSE,2025-11-26,110787,1,6,0,79.0
10110033SANTOSE_2025-11-26_G19,10110033SANTOSE,2025-11-26,"111469, 110740",2,12,13,85.0
10110033SANTOSE_2025-11-26_G20,10110033SANTOSE,2025-11-26,110743,1,4,0,66.0
10110033SANTOSE_2025-11-26_G21,10110033SANTOSE,2025-11-26,111442,1,1,0,115.0
10110033SANTOSE_2025-11-26_G22,10110033SANTOSE,2025-11-26,111463,1,16,0,404.0
10110033SANTOSE_2025-11-26_G23,10110033SANTOSE,2025-11-26,107236,1,4,0,266.0
10110033SANTOSE_2025-11-26_G24,10110033SANTOSE,2025-11-26,"109641, 117833",2,3,15,176.0
10110033SANTOSE_2025-11-26_G25,10110033SANTOSE,2025-11-26,117785,1,4,0,65.0
10110033SANTOSE_2025-11-26_G26,10110033SANTOSE,2025-11-26,141457,1,8,0,62.0
10110033SANTOSE_2025-11-26_G27,10110033SANTOSE,2025-11-26,111466,1,10,0,91.0
10110033SANTOSE_2025-11-26_G28,10110033SANTOSE,2025-11-26,111466,1,12,0,453.0
10110033SANTOSE_2025-11-26_G29,10110033SANTOSE,2025-11-26,117821,1,4,0,185.0
10110033SANTOSE_2025-11-26_G30,10110033SANTOSE,2025-11-26,141458,1,10,0,35.0
10110033SANTOSE_2025-11-26_G31,10110033SANTOSE,2025-11-26,141456,1,4,0,98.0
10110033SANTOSE_2025-11-26_G32,10110033SANTOSE,2025-11-26,141823,1,4,0,41.0
10110033SANTOSE_2025-11-26_G33,10110033SANTOSE,2025-11-26,111465,1,5,0,43.0
10110033SANTOSE_2025-11-26_G34,10110033SANTOSE,2025-11-26,117808,1,22,0,360.0
10110033SANTOSE_2025-11-26_G35,10110033SANTOSE,2025-11-26,109643,1,8,0,182.0
10110033SANTOSE_2025-11-26_G36,10110033SANTOSE,2025-11-26,111602,1,29,0,514.0
10110033SANTOSE_2025-11-26_G37,10110033SANTOSE,2025-11-26,111532,1,121,0,934.0
10110033SANTOSE_2025-11-26_G38,10110033SANTOSE,2025-11-26,110373,1,200,0,1501.0
10110033SANTOSE_2025-11-26_G39,10110033SANTOSE,2025-11-26,"117808, 110372",3,591,36,161.0
10110033SANTOSE_2025-11-26_G40,10110033SANTOSE,2025-11-26,111438,1,10,0,1696.0
10110033SANTOSE_2025-11-27_G02,10110033SANTOSE,2025-11-27,110339,1,3,0,49.0
10110033SANTOSE_2025-11-27_G03,10110033SANTOSE,2025-11-27,117856,1,3,0,56.0
10110033SANTOSE_2025-11-27_G04,10110033SANTOSE,2025-11-27,117786,1,2,0,228.0
10110033SANTOSE_2025-11-27_G05,10110033SANTOSE,2025-11-27,117855,2,5,7,93.0
10110033SANTOSE_2025-11-27_G06,10110033SANTOSE,2025-11-27,117862,1,8,0,198.0
10110033SANTOSE_2025-11-27_G07,10110033SANTOSE,2025-11-27,111602,3,15,14,119.0
10110033SANTOSE_2025-11-27_G08,10110033SANTOSE,2025-11-27,110711,1,4,0,210.0
10110033SANTOSE_2025-11-27_G09,10110033SANTOSE,2025-11-27,110747,2,4,7,102.0
10110033SANTOSE_2025-11-27_G10,10110033SANTOSE,2025-11-27,111437,1,2,0,125.0
10110033SANTOSE_2025-11-27_G11,10110033SANTOSE,2025-11-27,118140,2,10,9,351.0
10110033SANTOSE_2025-11-27_G12,10110033SANTOSE,2025-11-27,"105705, 111433",2,10,22,121.0
10110033SANTOSE_2025-11-27_G13,10110033SANTOSE,2025-11-27,111532,5,16,32,50.0
10110033SANTOSE_2025-11-27_G14,10110033SANTOSE,2025-11-27,111743,1,1,0,93.0
10110033SANTOSE_2025-11-27_G15,10110033SANTOSE,2025-11-27,140922,1,2,0,64.0
10110033SANTOSE_2025-11-27_G16,10110033SANTOSE,2025-11-27,110787,1,2,0,237.0
10110033SANTOSE_2025-11-27_G17,10110033SANTOSE,2025-11-27,108798,1,2,0,81.0
10110033SANTOSE_2025-11-27_G18,10110033SANTOSE,2025-11-27,111469,1,2,0,47.0
10110033SANTOSE_2025-11-27_G19,10110033SANTOSE,2025-11-27,111431,2,4,6,68.0
10110033SANTOSE_2025-11-27_G20,10110033SANTOSE,2025-11-27,110743,1,2,0,38.0
10110033SANTOSE_2025-11-27_G21,10110033SANTOSE,2025-11-27,111463,1,2,0,62.0
10110033SANTOSE_2025-11-27_G22,10110033SANTOSE,2025-11-27,107236,1,4,0,434.0
10110033SANTOSE_2025-11-27_G23,10110033SANTOSE,2025-11-27,141457,1,4,0,63.0
10110033SANTOSE_2025-11-27_G24,10110033SANTOSE,2025-11-27,111466,2,28,8,52.0
10110033SANTOSE_2025-11-27_G25,10110033SANTOSE,2025-11-27,117821,1,2,0,191.0
10110033SANTOSE_2025-11-27_G26,10110033SANTOSE,2025-11-27,117820,1,4,0,74.0
10110033SANTOSE_2025-11-27_G27,10110033SANTOSE,2025-11-27,117830,1,2,0,86.0
10110033SANTOSE_2025-11-27_G28,10110033SANTOSE,2025-11-27,110373,1,6,0,278.0
10110033SANTOSE_2025-11-27_G29,10110033SANTOSE,2025-11-27,110372,1,10,0,37.0
10110033SANTOSE_2025-11-27_G30,10110033SANTOSE,2025-11-27,110371,1,6,0,83.0
10110033SANTOSE_2025-11-27_G31,10110033SANTOSE,2025-11-27,109643,1,2,0,44.0
10110033SANTOSE_2025-11-27_G32,10110033SANTOSE,2025-11-27,117820,1,16,0,1147.0
10110033SANTOSE_2025-11-27_G33,10110033SANTOSE,2025-11-27,140923,1,4,0,92.0
10110033SANTOSE_2025-11-27_G34,10110033SANTOSE,2025-11-27,111430,1,4,0,371.0
10110033SANTOSE_2025-11-27_G35,10110033SANTOSE,2025-11-27,110733,1,1,0,53.0
10110033SANTOSE_2025-11-27_G36,10110033SANTOSE,2025-11-27,111469,1,4,0,78.0
10110033SANTOSE_2025-11-27_G37,10110033SANTOSE,2025-11-27,109641,1,2,0,76.0
10110033SANTOSE_2025-11-27_G38,10110033SANTOSE,2025-11-27,111444,1,2,0,50.0
10110033SANTOSE_2025-11-27_G39,10110033SANTOSE,2025-11-27,109640,1,2,0,131.0
10110033SANTOSE_2025-11-27_G40,10110033SANTOSE,2025-11-27,"141823, 111465",2,4,13,36.0
10110033SANTOSE_2025-11-27_G41,10110033SANTOSE,2025-11-27,110711,1,1,0,130.0
10110033SANTOSE_2025-11-27_G43,10110033SANTOSE,2025-11-27,111602,1,16,0,733.0
10110033SANTOSE_2025-11-27_G44,10110033SANTOSE,2025-11-27,109643,2,14,6,445.0
10110033SANTOSE_2025-11-27_G45,10110033SANTOSE,2025-11-27,111530,2,4,9,169.0
10110033SANTOSE_2025-11-27_G46,10110033SANTOSE,2025-11-27,111602,1,3,0,121.0
10110033SANTOSE_2025-11-27_G47,10110033SANTOSE,2025-11-27,118140,1,9,0,166.0
10110033SANTOSE_2025-11-27_G48,10110033SANTOSE,2025-11-27,111530,1,19,0,414.0
10110033SANTOSE_2025-11-27_G49,10110033SANTOSE,2025-11-27,118140,1,7,0,1084.0
10110033SANTOSE_2025-11-27_G50,10110033SANTOSE,2025-11-27,110745,1,4,0,58.0
10110033SANTOSE_2025-11-27_G51,10110033SANTOSE,2025-11-27,140922,1,3,0,35.0
10110033SANTOSE_2025-11-27_G52,10110033SANTOSE,2025-11-27,"110787, 108798",2,6,28,73.0
10110033SANTOSE_2025-11-27_G53,10110033SANTOSE,2025-11-27,111418,2,45,22,93.0
10110033SANTOSE_2025-11-27_G54,10110033SANTOSE,2025-11-27,111463,1,2,0,156.0
10110033SANTOSE_2025-11-27_G55,10110033SANTOSE,2025-11-27,117785,1,4,0,54.0
10110033SANTOSE_2025-11-27_G56,10110033SANTOSE,2025-11-27,141457,1,4,0,33.0
10110033SANTOSE_2025-11-27_G57,10110033SANTOSE,2025-11-27,111466,1,4,0,329.0
10110033SANTOSE_2025-11-27_G58,10110033SANTOSE,2025-11-27,141458,1,1,0,87.0
10110033SANTOSE_2025-11-27_G59,10110033SANTOSE,2025-11-27,141456,1,6,0,33.0
10110033SANTOSE_2025-11-27_G60,10110033SANTOSE,2025-11-27,111465,1,4,0,36.0
10110033SANTOSE_2025-11-27_G61,10110033SANTOSE,2025-11-27,111532,1,10,0,32.0
10110033SANTOSE_2025-11-27_G62,10110033SANTOSE,2025-11-27,117837,1,4,0,78.0
10110033SANTOSE_2025-11-27_G63,10110033SANTOSE,2025-11-27,110339,1,2,0,50.0
10110033SANTOSE_2025-11-27_G64,10110033SANTOSE,2025-11-27,117786,1,2,0,69.0
10110033SANTOSE_2025-11-27_G65,10110033SANTOSE,2025-11-27,117809,1,2,0,83.0
10110033SANTOSE_2025-11-27_G66,10110033SANTOSE,2025-11-27,117820,1,6,0,58.0
10110033SANTOSE_2025-11-27_G67,10110033SANTOSE,2025-11-27,110373,1,4,0,65.0
10110033SANTOSE_2025-11-27_G68,10110033SANTOSE,2025-11-27,117832,1,2,0,788.0
10110033SANTOSE_2025-11-27_G69,10110033SANTOSE,2025-11-27,110371,1,10,0,32.0
10110033SANTOSE_2025-11-27_G70,10110033SANTOSE,2025-11-27,109647,1,4,0,119.0
10110033SANTOSE_2025-11-27_G71,10110033SANTOSE,2025-11-27,117862,1,12,0,65.0
10110033SANTOSE_2025-11-27_G72,10110033SANTOSE,2025-11-27,111602,1,7,0,103.0
10110033SANTOSE_2025-11-27_G73,10110033SANTOSE,2025-11-27,109640,2,6,7,159.0
10110033SANTOSE_2025-11-27_G74,10110033SANTOSE,2025-11-27,110063,1,1,0,126.0
10110033SANTOSE_2025-11-27_G75,10110033SANTOSE,2025-11-27,111602,1,60,0,2087.0
10110033SANTOSE_2025-11-28_G02,10110033SANTOSE,2025-11-28,117835,1,3,0,237.0
10110033SANTOSE_2025-11-28_G03,10110033SANTOSE,2025-11-28,111430,1,4,0,67.0
10110033SANTOSE_2025-11-28_G04,10110033SANTOSE,2025-11-28,111569,1,2,0,50.0
10110033SANTOSE_2025-11-28_G05,10110033SANTOSE,2025-11-28,141916,1,3,0,115.0
10110033SANTOSE_2025-11-28_G06,10110033SANTOSE,2025-11-28,107892,1,2,0,90.0
10110033SANTOSE_2025-11-28_G07,10110033SANTOSE,2025-11-28,110313,1,2,0,159.0
10110033SANTOSE_2025-11-28_G08,10110033SANTOSE,2025-11-28,140923,1,13,0,82.0
10110033SANTOSE_2025-11-28_G09,10110033SANTOSE,2025-11-28,111530,1,6,0,91.0
10110033SANTOSE_2025-11-28_G10,10110033SANTOSE,2025-11-28,110339,1,2,0,56.0
10110033SANTOSE_2025-11-28_G11,10110033SANTOSE,2025-11-28,118298,1,3,0,157.0
10110033SANTOSE_2025-11-28_G12,10110033SANTOSE,2025-11-28,117786,1,2,0,84.0
10110033SANTOSE_2025-11-28_G13,10110033SANTOSE,2025-11-28,117855,1,2,0,85.0
10110033SANTOSE_2025-11-28_G14,10110033SANTOSE,2025-11-28,110372,1,36,0,401.0
10110033SANTOSE_2025-11-28_G15,10110033SANTOSE,2025-11-28,"117832, 110371",2,9,15,63.0
10110033SANTOSE_2025-11-28_G16,10110033SANTOSE,2025-11-28,110373,1,17,0,140.0
10110033SANTOSE_2025-11-28_G17,10110033SANTOSE,2025-11-28,117820,1,8,0,535.0
10110033SANTOSE_2025-11-28_G18,10110033SANTOSE,2025-11-28,117830,1,4,0,104.0
10110033SANTOSE_2025-11-28_G19,10110033SANTOSE,2025-11-28,118140,1,13,0,984.0
10110033SANTOSE_2025-11-28_G20,10110033SANTOSE,2025-11-28,111743,1,6,0,98.0
10110033SANTOSE_2025-11-28_G21,10110033SANTOSE,2025-11-28,140922,1,6,0,145.0
10110033SANTOSE_2025-11-28_G22,10110033SANTOSE,2025-11-28,108711,1,4,0,54.0
10110033SANTOSE_2025-11-28_G23,10110033SANTOSE,2025-11-28,108798,1,2,0,88.0
10110033SANTOSE_2025-11-28_G24,10110033SANTOSE,2025-11-28,111469,1,10,0,51.0
10110033SANTOSE_2025-11-28_G25,10110033SANTOSE,2025-11-28,111463,1,10,0,404.0
10110033SANTOSE_2025-11-28_G26,10110033SANTOSE,2025-11-28,117785,1,4,0,135.0
10110033SANTOSE_2025-11-28_G27,10110033SANTOSE,2025-11-28,111466,1,4,0,61.0
10110033SANTOSE_2025-11-28_G28,10110033SANTOSE,2025-11-28,117821,1,6,0,86.0
10110033SANTOSE_2025-11-28_G29,10110033SANTOSE,2025-11-28,111465,1,2,0,74.0
10110033SANTOSE_2025-11-28_G32,10110033SANTOSE,2025-11-28,110711,1,12,0,366.0
10110033SANTOSE_2025-11-28_G33,10110033SANTOSE,2025-11-28,111438,1,16,0,575.0
10110033SANTOSE_2025-11-28_G34,10110033SANTOSE,2025-11-28,111467,1,4,0,138.0
10110033SANTOSE_2025-11-28_G35,10110033SANTOSE,2025-11-28,117855,1,4,0,174.0
10110033SANTOSE_2025-11-28_G36,10110033SANTOSE,2025-11-28,110711,1,4,0,78.0
10110033SANTOSE_2025-11-28_G37,10110033SANTOSE,2025-11-28,111463,1,12,0,325.0
10110033SANTOSE_2025-11-28_G38,10110033SANTOSE,2025-11-28,117833,1,12,0,140.0
10110033SANTOSE_2025-11-28_G39,10110033SANTOSE,2025-11-28,117821,1,12,0,65.0
10110033SANTOSE_2025-11-28_G40,10110033SANTOSE,2025-11-28,117830,1,12,0,100.0
10110033SANTOSE_2025-11-28_G41,10110033SANTOSE,2025-11-28,117808,1,12,0,125.0
10110033SANTOSE_2025-11-28_G42,10110033SANTOSE,2025-11-28,"117809, 117820",2,24,11,75.0
10110033SANTOSE_2025-11-28_G43,10110033SANTOSE,2025-11-28,117832,1,12,0,101.0
10110033SANTOSE_2025-11-28_G44,10110033SANTOSE,2025-11-28,118299,1,12,0,61.0
10110033SANTOSE_2025-11-28_G45,10110033SANTOSE,2025-11-28,117808,1,14,0,710.0
10110033SANTOSE_2025-11-28_G46,10110033SANTOSE,2025-11-28,110895,1,8,0,407.0
10110033SANTOSE_2025-11-28_G47,10110033SANTOSE,2025-11-28,111438,1,4,0,389.0
10110033SANTOSE_2025-11-28_G48,10110033SANTOSE,2025-11-28,111172,1,3,0,100.0
10110033SANTOSE_2025-11-28_G49,10110033SANTOSE,2025-11-28,110325,1,2,0,89.0
10110033SANTOSE_2025-11-28_G50,10110033SANTOSE,2025-11-28,"117808, 110372",2,73,27,674.0
10110033SANTOSE_2025-11-28_G51,10110033SANTOSE,2025-11-28,118299,1,14,0,162.0
10110033SANTOSE_2025-11-28_G52,10110033SANTOSE,2025-11-28,117831,1,10,0,334.0
10110033SANTOSE_2025-11-28_G53,10110033SANTOSE,2025-11-28,111418,1,19,0,34.0
10110033SANTOSE_2025-11-28_G54,10110033SANTOSE,2025-11-28,111850,1,1,0,425.0
10110033SANTOSE_2025-11-28_G55,10110033SANTOSE,2025-11-28,111172,1,1,0,68.0
10110033SANTOSE_2025-11-28_G56,10110033SANTOSE,2025-11-28,110325,1,6,0,63.0
10110033SANTOSE_2025-11-28_G57,10110033SANTOSE,2025-11-28,109649,1,8,0,122.0
10110033SANTOSE_2025-11-28_G58,10110033SANTOSE,2025-11-28,"118140, 111660",2,64,16,622.0
10110033SANTOSE_2025-11-28_G59,10110033SANTOSE,2025-11-28,110313,1,3,0,1149.0
10110033SANTOSE_2025-11-28_G60,10110033SANTOSE,2025-11-28,110733,1,1,0,63.0
10110033SANTOSE_2025-11-28_G61,10110033SANTOSE,2025-11-28,110711,1,2,0,85.0
10110033SANTOSE_2025-11-28_G62,10110033SANTOSE,2025-11-28,111602,1,8,0,92.0
10110033SANTOSE_2025-11-28_G63,10110033SANTOSE,2025-11-28,111466,1,4,0,73.0
10110033SANTOSE_2025-11-28_G64,10110033SANTOSE,2025-11-28,140922,1,4,0,109.0
10110033SANTOSE_2025-11-28_G65,10110033SANTOSE,2025-11-28,110787,1,1,0,85.0
10110033SANTOSE_2025-11-28_G67,10110033SANTOSE,2025-11-28,141458,1,4,0,678.0
10110033SANTOSE_2025-11-29_G02,10110033SANTOSE,2025-11-29,110895,1,8,0,245.0
10110033SANTOSE_2025-11-29_G03,10110033SANTOSE,2025-11-29,111602,1,16,0,347.0
10110033SANTOSE_2025-11-29_G04,10110033SANTOSE,2025-11-29,110895,1,8,0,232.0
10110033SANTOSE_2025-11-29_G05,10110033SANTOSE,2025-11-29,117834,1,5,0,110.0
10110033SANTOSE_2025-11-29_G06,10110033SANTOSE,2025-11-29,111602,1,20,0,324.0
10110033SANTOSE_2025-11-29_G07,10110033SANTOSE,2025-11-29,111462,1,2,0,438.0
10110033SANTOSE_2025-11-29_G08,10110033SANTOSE,2025-11-29,118140,1,4,0,94.0
10110033SANTOSE_2025-11-29_G09,10110033SANTOSE,2025-11-29,111743,1,4,0,90.0
10110033SANTOSE_2025-11-29_G10,10110033SANTOSE,2025-11-29,108711,1,6,0,124.0
10110033SANTOSE_2025-11-29_G11,10110033SANTOSE,2025-11-29,110787,2,6,9,60.0
10110033SANTOSE_2025-11-29_G12,10110033SANTOSE,2025-11-29,"111435, 108798",2,6,27,51.0
10110033SANTOSE_2025-11-29_G13,10110033SANTOSE,2025-11-29,111469,1,18,0,66.0
10110033SANTOSE_2025-11-29_G14,10110033SANTOSE,2025-11-29,110740,1,4,0,80.0
10110033SANTOSE_2025-11-29_G15,10110033SANTOSE,2025-11-29,110743,1,2,0,37.0
10110033SANTOSE_2025-11-29_G16,10110033SANTOSE,2025-11-29,111442,1,4,0,55.0
10110033SANTOSE_2025-11-29_G17,10110033SANTOSE,2025-11-29,111418,1,9,0,45.0
10110033SANTOSE_2025-11-29_G18,10110033SANTOSE,2025-11-29,111463,1,4,0,58.0
10110033SANTOSE_2025-11-29_G19,10110033SANTOSE,2025-11-29,118223,1,2,0,41.0
10110033SANTOSE_2025-11-29_G20,10110033SANTOSE,2025-11-29,117785,1,2,0,74.0
10110033SANTOSE_2025-11-29_G21,10110033SANTOSE,2025-11-29,141456,1,4,0,139.0
10110033SANTOSE_2025-11-29_G22,10110033SANTOSE,2025-11-29,"141823, 111465",2,5,11,94.0
10110033SANTOSE_2025-11-29_G23,10110033SANTOSE,2025-11-29,117935,1,4,0,247.0
10110033SANTOSE_2025-11-29_G24,10110033SANTOSE,2025-11-29,111530,1,12,0,89.0
10110033SANTOSE_2025-11-29_G25,10110033SANTOSE,2025-11-29,107629,1,2,0,50.0
10110033SANTOSE_2025-11-29_G26,10110033SANTOSE,2025-11-29,110711,1,1,0,77.0
10110033SANTOSE_2025-11-29_G27,10110033SANTOSE,2025-11-29,111602,1,10,0,93.0
10110033SANTOSE_2025-11-29_G28,10110033SANTOSE,2025-11-29,117809,1,1,0,124.0
10110033SANTOSE_2025-11-29_G29,10110033SANTOSE,2025-11-29,117830,1,2,0,814.0
10110033SANTOSE_2025-11-29_G30,10110033SANTOSE,2025-11-29,109643,1,4,0,121.0
10110033SANTOSE_2025-11-29_G31,10110033SANTOSE,2025-11-29,110373,1,8,0,99.0
10110033SANTOSE_2025-11-29_G32,10110033SANTOSE,2025-11-29,141202,1,1,0,54.0
10110033SANTOSE_2025-11-29_G33,10110033SANTOSE,2025-11-29,111569,1,4,0,165.0
10110033SANTOSE_2025-11-29_G34,10110033SANTOSE,2025-11-29,118290,1,4,0,274.0
10110033SANTOSE_2025-11-29_G35,10110033SANTOSE,2025-11-29,110325,1,8,0,299.0
10110033SANTOSE_2025-11-29_G36,10110033SANTOSE,2025-11-29,110372,1,9,0,88.0
10110033SANTOSE_2025-11-29_G37,10110033SANTOSE,2025-11-29,110371,1,6,0,146.0
10110033SANTOSE_2025-11-29_G38,10110033SANTOSE,2025-11-29,109643,1,1,0,61.0
10110033SANTOSE_2025-11-29_G39,10110033SANTOSE,2025-11-29,110373,1,12,0,59.0
10110033SANTOSE_2025-11-29_G40,10110033SANTOSE,2025-11-29,111602,1,12,0,114.0
10110033SANTOSE_2025-11-29_G41,10110033SANTOSE,2025-11-29,109640,1,4,0,92.0
10110033SANTOSE_2025-11-29_G42,10110033SANTOSE,2025-11-29,111466,1,8,0,160.0
10110033SANTOSE_2025-11-29_G43,10110033SANTOSE,2025-11-29,111465,1,4,0,65.0
10110033SANTOSE_2025-11-29_G44,10110033SANTOSE,2025-11-29,"118222, 111660",2,8,17,107.0
10110033SANTOSE_2025-11-29_G45,10110033SANTOSE,2025-11-29,109647,1,4,0,117.0
10110033SANTOSE_2025-11-29_G46,10110033SANTOSE,2025-11-29,117856,1,2,0,62.0
10110033SANTOSE_2025-11-29_G47,10110033SANTOSE,2025-11-29,111462,1,6,0,103.0
10110033SANTOSE_2025-11-29_G48,10110033SANTOSE,2025-11-29,110741,1,2,0,224.0
10110033SANTOSE_2025-11-29_G49,10110033SANTOSE,2025-11-29,118299,1,205,0,693.0
10110033SANTOSE_2025-11-29_G50,10110033SANTOSE,2025-11-29,118299,1,292,0,610.0
10110033SANTOSE_2025-11-29_G51,10110033SANTOSE,2025-11-29,110375,1,100,0,259.0
10110033SANTOSE_2025-11-29_G52,10110033SANTOSE,2025-11-29,117808,1,216,0,44.0
10110033SANTOSE_2025-11-29_G53,10110033SANTOSE,2025-11-29,117832,1,100,0,556.0
10110033SANTOSE_2025-11-29_G54,10110033SANTOSE,2025-11-29,141202,1,26,0,149.0
10110033SANTOSE_2025-11-29_G55,10110033SANTOSE,2025-11-29,117822,1,30,0,194.0
10110033SANTOSE_2025-11-29_G56,10110033SANTOSE,2025-11-29,111172,1,16,0,117.0
10110033SANTOSE_2025-11-29_G57,10110033SANTOSE,2025-11-29,111532,1,80,0,188.0
10110033SANTOSE_2025-11-29_G59,10110033SANTOSE,2025-11-29,117855,1,2,0,97.0
10110033SANTOSE_2025-11-29_G60,10110033SANTOSE,2025-11-29,110711,1,3,0,70.0
10110033SANTOSE_2025-11-29_G61,10110033SANTOSE,2025-11-29,111602,1,7,0,75.0
10110033SANTOSE_2025-11-29_G62,10110033SANTOSE,2025-11-29,107236,1,1,0,80.0
10110033SANTOSE_2025-11-29_G63,10110033SANTOSE,2025-11-29,111602,1,4,0,68.0
10110033SANTOSE_2025-11-29_G64,10110033SANTOSE,2025-11-29,111602,1,12,0,145.0
10110033SANTOSE_2025-11-29_G65,10110033SANTOSE,2025-11-29,110711,1,8,0,250.0
10110033SANTOSE_2025-11-29_G66,10110033SANTOSE,2025-11-29,111602,1,8,0,108.0
10110033SANTOSE_2025-11-29_G67,10110033SANTOSE,2025-11-29,111172,1,5,0,209.0
10110033SANTOSE_2025-11-29_G68,10110033SANTOSE,2025-11-29,110895,1,4,0,76.0
10110033SANTOSE_2025-11-29_G69,10110033SANTOSE,2025-11-29,111530,1,8,0,97.0
10110033SANTOSE_2025-11-29_G70,10110033SANTOSE,2025-11-29,111441,1,10,0,168.0
10110033SANTOSE_2025-11-29_G71,10110033SANTOSE,2025-11-29,111530,1,5,0,359.0
10110033SANTOSE_2025-11-29_G72,10110033SANTOSE,2025-11-29,110325,1,8,0,89.0
10110033SANTOSE_2025-11-29_G73,10110033SANTOSE,2025-11-29,110755,1,4,0,62.0
10110033SANTOSE_2025-11-29_G74,10110033SANTOSE,2025-11-29,111602,1,12,0,896.0
10110033SANTOSE_2025-11-29_G75,10110033SANTOSE,2025-11-29,141823,1,4,0,45.0
10110033SANTOSE_2025-11-29_G76,10110033SANTOSE,2025-11-29,111569,1,8,0,1173.0
10110033SANTOSE_2025-11-29_G77,10110033SANTOSE,2025-11-29,117834,1,4,0,66.0
10110033SANTOSE_2025-11-29_G78,10110033SANTOSE,2025-11-29,118222,1,5,0,99.0
10110033SANTOSE_2025-11-29_G79,10110033SANTOSE,2025-11-29,140922,1,2,0,124.0
10110033SANTOSE_2025-11-29_G80,10110033SANTOSE,2025-11-29,110787,1,8,0,95.0
10110033SANTOSE_2025-11-29_G81,10110033SANTOSE,2025-11-29,111469,1,6,0,84.0
10110033SANTOSE_2025-11-29_G82,10110033SANTOSE,2025-11-29,141457,1,3,0,55.0
10110033SANTOSE_2025-11-29_G83,10110033SANTOSE,2025-11-29,141456,1,4,0,133.0
10110033SANTOSE_2025-11-29_G84,10110033SANTOSE,2025-11-29,111465,1,4,0,56.0
10110033SANTOSE_2025-11-29_G85,10110033SANTOSE,2025-11-29,117820,1,15,0,155.0
10110033SANTOSE_2025-11-29_G86,10110033SANTOSE,2025-11-29,117830,1,11,0,73.0
10110033SANTOSE_2025-11-29_G87,10110033SANTOSE,2025-11-29,118094,1,2,0,57.0
10110033SANTOSE_2025-11-29_G88,10110033SANTOSE,2025-11-29,110371,1,10,0,162.0
10110033SANTOSE_2025-11-29_G89,10110033SANTOSE,2025-11-29,111602,1,5,0,150.0
10110033SANTOSE_2025-11-29_G90,10110033SANTOSE,2025-11-29,109640,1,4,0,81.0
10110033SANTOSE_2025-11-29_G91,10110033SANTOSE,2025-11-29,110313,1,4,0,113.0
10110033SANTOSE_2025-11-29_G92,10110033SANTOSE,2025-11-29,110373,1,51,0,231.0
10110033SANTOSE_2025-11-29_G93,10110033SANTOSE,2025-11-29,111441,1,4,0,207.0
10110033SANTOSE_2025-11-29_G94,10110033SANTOSE,2025-11-29,141916,1,6,0,101.0
10110033SANTOSE_2025-11-29_G95,10110033SANTOSE,2025-11-29,140911,1,3,0,67.0
10110033SANTOSE_2025-11-29_G96,10110033SANTOSE,2025-11-29,118222,1,13,0,92.0
10110033SANTOSE_2025-11-29_G97,10110033SANTOSE,2025-11-29,110129,1,1,0,96.0
10110033SANTOSE_2025-11-29_G98,10110033SANTOSE,2025-11-29,118140,1,2,0,71.0
10110033SANTOSE_2025-11-29_G99,10110033SANTOSE,2025-11-29,111348,1,2,0,47.0
10110033SANTOSE_2025-11-29_G100,10110033SANTOSE,2025-11-29,108711,1,4,0,56.0
10110033SANTOSE_2025-11-29_G101,10110033SANTOSE,2025-11-29,108798,1,4,0,80.0
10110033SANTOSE_2025-11-29_G102,10110033SANTOSE,2025-11-29,111463,1,2,0,66.0
10110033SANTOSE_2025-11-29_G103,10110033SANTOSE,2025-11-29,107236,1,3,0,66.0
10110033SANTOSE_2025-11-29_G104,10110033SANTOSE,2025-11-29,141456,1,2,0,60.0
10110033SANTOSE_2025-11-29_G105,10110033SANTOSE,2025-11-29,"118094, 117935",2,10,27,130.0
10110033SANTOSE_2025-11-29_G106,10110033SANTOSE,2025-11-29,117853,1,1,0,105.0
10110033SANTOSE_2025-11-29_G107,10110033SANTOSE,2025-11-29,"111602, 117854",2,6,29,199.0
10110033SANTOSE_2025-11-29_G108,10110033SANTOSE,2025-11-29,110373,1,8,0,85.0
10110033SANTOSE_2025-11-29_G109,10110033SANTOSE,2025-11-29,141202,1,8,0,137.0
10110033SANTOSE_2025-11-29_G110,10110033SANTOSE,2025-11-29,110375,1,2,0,101.0
10110033SANTOSE_2025-11-29_G111,10110033SANTOSE,2025-11-29,118222,1,37,0,446.0
10110033SANTOSE_2025-11-29_G112,10110033SANTOSE,2025-11-29,110371,1,6,0,325.0
10110033SANTOSE_2025-11-29_G113,10110033SANTOSE,2025-11-29,117820,1,20,0,265.0
10110033SANTOSE_2025-11-29_G114,10110033SANTOSE,2025-11-29,117832,1,6,0,108.0
10110033SANTOSE_2025-11-29_G115,10110033SANTOSE,2025-11-29,117854,1,2,0,105.0
10110033SANTOSE_2025-11-29_G116,10110033SANTOSE,2025-11-29,118140,1,6,0,219.0
10110033SANTOSE_2025-11-29_G117,10110033SANTOSE,2025-11-29,111330,1,1,0,73.0
10110033SANTOSE_2025-11-29_G118,10110033SANTOSE,2025-11-29,117830,1,2,0,39.0
10110033SANTOSE_2025-11-29_G119,10110033SANTOSE,2025-11-29,118094,1,4,0,56.0
10110033SANTOSE_2025-11-29_G120,10110033SANTOSE,2025-11-29,117935,1,2,0,41.0
10110033SANTOSE_2025-11-29_G121,10110033SANTOSE,2025-11-29,111348,1,2,0,109.0
10110033SANTOSE_2025-11-29_G122,10110033SANTOSE,2025-11-29,108798,1,4,0,110.0
10110033SANTOSE_2025-11-29_G123,10110033SANTOSE,2025-11-29,110740,1,1,0,43.0
10110033SANTOSE_2025-11-29_G124,10110033SANTOSE,2025-11-29,"111466, 117821",2,8,12,59.0
10110033SANTOSE_2025-11-29_G125,10110033SANTOSE,2025-11-29,111602,1,2,0,48.0
10110033SANTOSE_2025-11-29_G126,10110033SANTOSE,2025-11-29,109640,1,1,0,37.0
10110033SANTOSE_2025-11-29_G127,10110033SANTOSE,2025-11-29,118140,1,1,0,94.0
10110033SANTOSE_2025-11-29_G128,10110033SANTOSE,2025-11-29,110745,1,4,0,66.0
10110033SANTOSE_2025-11-29_G129,10110033SANTOSE,2025-11-29,108711,1,5,0,48.0
10110033SANTOSE_2025-11-29_G130,10110033SANTOSE,2025-11-29,108798,1,4,0,78.0
10110033SANTOSE_2025-11-29_G131,10110033SANTOSE,2025-11-29,110740,1,4,0,94.0
10110033SANTOSE_2025-11-29_G132,10110033SANTOSE,2025-11-29,107236,1,2,0,67.0
10110033SANTOSE_2025-11-29_G133,10110033SANTOSE,2025-11-29,117821,1,4,0,76.0
10110033SANTOSE_2025-11-29_G134,10110033SANTOSE,2025-11-29,141456,1,8,0,58.0
10110033SANTOSE_2025-11-29_G135,10110033SANTOSE,2025-11-29,111465,1,2,0,33.0
10110033SANTOSE_2025-11-29_G137,10110033SANTOSE,2025-11-29,111602,1,8,0,115.0
10110033SANTOSE_2025-11-29_G138,10110033SANTOSE,2025-11-29,117830,1,6,0,262.0
10110033SANTOSE_2025-11-30_G02,10110033SANTOSE,2025-11-30,118299,1,50,0,257.0
10110033SANTOSE_2025-11-30_G03,10110033SANTOSE,2025-11-30,117808,1,39,0,151.0
10110033SANTOSE_2025-11-30_G04,10110033SANTOSE,2025-11-30,117830,1,50,0,313.0
10110033SANTOSE_2025-11-30_G05,10110033SANTOSE,2025-11-30,117808,1,161,0,370.0
10110033SANTOSE_2025-11-30_G06,10110033SANTOSE,2025-11-30,110372,1,238,0,290.0
10110033SANTOSE_2025-11-30_G07,10110033SANTOSE,2025-11-30,111438,1,20,0,690.0
10110033SANTOSE_2025-11-30_G08,10110033SANTOSE,2025-11-30,111530,1,16,0,858.0
10110033SANTOSE_2025-11-30_G09,10110033SANTOSE,2025-11-30,111438,2,54,17,595.0
10110033SANTOSE_2025-11-30_G10,10110033SANTOSE,2025-11-30,100334,1,3,0,1081.0
10110033SANTOSE_2025-11-30_G11,10110033SANTOSE,2025-11-30,111438,1,10,0,387.0
10110033SANTOSE_2025-11-30_G12,10110033SANTOSE,2025-11-30,110325,1,1,0,264.0
10110033SANTOSE_2025-11-30_G13,10110033SANTOSE,2025-11-30,111602,1,8,0,227.0
10110033SANTOSE_2025-11-30_G14,10110033SANTOSE,2025-11-30,110373,1,6,0,776.0
10110033SANTOSE_2025-11-30_G15,10110033SANTOSE,2025-11-30,110374,1,2,0,362.0
10110033SANTOSE_2025-11-30_G16,10110033SANTOSE,2025-11-30,141141,1,58,0,706.0
10110033SANTOSE_2025-12-03_G02,10110033SANTOSE,2025-12-03,123390,1,20,0,567.0
10110033SANTOSE_2025-12-08_G02,10110033SANTOSE,2025-12-08,117831,1,50,0,396.0
10110033SANTOSE_2025-12-08_G03,10110033SANTOSE,2025-12-08,107236,1,30,0,232.0
10110033SANTOSE_2025-12-08_G05,10110033SANTOSE,2025-12-08,111348,1,8,0,172.0
10110033SANTOSE_2025-12-08_G06,10110033SANTOSE,2025-12-08,108794,1,150,0,1951.0
10110033SANTOSE_2025-12-08_G07,10110033SANTOSE,2025-12-08,124624,1,150,0,1617.0
10110033SANTOSE_2025-12-09_G02,10110033SANTOSE,2025-12-09,108303,1,1,0,163.0
10110033SANTOSE_2025-12-09_G03,10110033SANTOSE,2025-12-09,141456,1,4,0,149.0
10110033SANTOSE_2025-12-09_G04,10110033SANTOSE,2025-12-09,111468,1,4,0,135.0
10110033SANTOSE_2025-12-09_G05,10110033SANTOSE,2025-12-09,117838,1,4,0,82.0
10110033SANTOSE_2025-12-09_G06,10110033SANTOSE,2025-12-09,141457,1,4,0,95.0
10110033SANTOSE_2025-12-09_G07,10110033SANTOSE,2025-12-09,111418,1,4,0,293.0
10110033SANTOSE_2025-12-09_G08,10110033SANTOSE,2025-12-09,111463,1,4,0,456.0
10110033SANTOSE_2025-12-09_G09,10110033SANTOSE,2025-12-09,111465,1,2,0,76.0
10110033SANTOSE_2025-12-09_G10,10110033SANTOSE,2025-12-09,108701,1,3,0,536.0
10110033SANTOSE_2025-12-09_G11,10110033SANTOSE,2025-12-09,110733,1,4,0,117.0
10110033SANTOSE_2025-12-09_G12,10110033SANTOSE,2025-12-09,117853,1,4,0,53.0
10110033SANTOSE_2025-12-09_G13,10110033SANTOSE,2025-12-09,117856,1,8,0,189.0
10110033SANTOSE_2025-12-09_G14,10110033SANTOSE,2025-12-09,107629,1,2,0,69.0
10110033SANTOSE_2025-12-09_G15,10110033SANTOSE,2025-12-09,111530,1,2,0,45.0
10110033SANTOSE_2025-12-09_G16,10110033SANTOSE,2025-12-09,117786,1,3,0,47.0
10110033SANTOSE_2025-12-09_G17,10110033SANTOSE,2025-12-09,110895,1,2,0,142.0
10110033SANTOSE_2025-12-09_G18,10110033SANTOSE,2025-12-09,110748,1,2,0,316.0
10110033SANTOSE_2025-12-09_G19,10110033SANTOSE,2025-12-09,110740,1,2,0,110.0
10110033SANTOSE_2025-12-09_G20,10110033SANTOSE,2025-12-09,111172,1,4,0,92.0
10110033SANTOSE_2025-12-09_G21,10110033SANTOSE,2025-12-09,"141456, 118140",2,7,16,356.0
10110033SANTOSE_2025-12-09_G22,10110033SANTOSE,2025-12-09,111468,1,2,0,85.0
10110033SANTOSE_2025-12-09_G23,10110033SANTOSE,2025-12-09,110745,1,2,0,287.0
10110033SANTOSE_2025-12-09_G24,10110033SANTOSE,2025-12-09,117838,1,2,0,33.0
10110033SANTOSE_2025-12-09_G25,10110033SANTOSE,2025-12-09,111532,1,2,0,79.0
10110033SANTOSE_2025-12-09_G26,10110033SANTOSE,2025-12-09,108794,1,4,0,50.0
10110033SANTOSE_2025-12-09_G27,10110033SANTOSE,2025-12-09,141457,1,4,0,46.0
10110033SANTOSE_2025-12-09_G28,10110033SANTOSE,2025-12-09,"108795, 111418",2,8,15,77.0
10110033SANTOSE_2025-12-09_G29,10110033SANTOSE,2025-12-09,117785,1,7,0,132.0
10110033SANTOSE_2025-12-09_G30,10110033SANTOSE,2025-12-09,111466,1,2,0,650.0
10110033SANTOSE_2025-12-09_G31,10110033SANTOSE,2025-12-09,109640,1,30,0,2081.0
10110033SANTOSE_2025-12-10_G02,10110033SANTOSE,2025-12-10,117809,1,56,0,970.0
10110033SANTOSE_2025-12-10_G03,10110033SANTOSE,2025-12-10,110371,1,480,0,203.0
10110033SANTOSE_2025-12-10_G04,10110033SANTOSE,2025-12-10,110373,1,1,0,151.0
10110033SANTOSE_2025-12-10_G05,10110033SANTOSE,2025-12-10,140922,1,230,0,1876.0
10110033SANTOSE_2025-12-11_G02,10110033SANTOSE,2025-12-11,141458,1,100,0,990.0
10110033SANTOSE_2025-12-11_G03,10110033SANTOSE,2025-12-11,140923,1,160,0,862.0
10110033SANTOSE_2025-12-11_G04,10110033SANTOSE,2025-12-11,111743,1,100,0,166.0
10110033SANTOSE_2025-12-11_G05,10110033SANTOSE,2025-12-11,117838,1,35,0,323.0
10110033SANTOSE_2025-12-11_G08,10110033SANTOSE,2025-12-11,118140,1,20,0,103.0
10110033SANTOSE_2025-12-11_G09,10110033SANTOSE,2025-12-11,141457,1,30,0,241.0
10110033SANTOSE_2025-12-11_G10,10110033SANTOSE,2025-12-11,117841,1,10,0,307.0
10110033SANTOSE_2025-12-11_G11,10110033SANTOSE,2025-12-11,111463,1,10,0,78.0
10110033SANTOSE_2025-12-11_G12,10110033SANTOSE,2025-12-11,"111469, 117831",2,20,21,1972.0
10110033SANTOSE_2025-12-11_G13,10110033SANTOSE,2025-12-11,111466,1,10,0,1554.0
10110033SANTOSE_2025-12-11_G14,10110033SANTOSE,2025-12-11,118299,1,20,0,802.0
10110033SANTOSE_2025-12-11_G15,10110033SANTOSE,2025-12-11,110374,1,10,0,431.0
10110033SANTOSE_2025-12-11_G16,10110033SANTOSE,2025-12-11,117853,1,10,0,152.0
10110033SANTOSE_2025-12-11_G17,10110033SANTOSE,2025-12-11,117786,1,10,0,687.0
10110033SANTOSE_2025-12-11_G18,10110033SANTOSE,2025-12-11,110755,1,10,0,84.0
10110033SANTOSE_2025-12-11_G19,10110033SANTOSE,2025-12-11,110747,1,10,0,109.0
10110033SANTOSE_2025-12-11_G20,10110033SANTOSE,2025-12-11,117855,1,10,0,184.0
10110033SANTOSE_2025-12-11_G21,10110033SANTOSE,2025-12-11,141458,1,30,0,417.0
10110033SANTOSE_2025-12-12_G02,10110033SANTOSE,2025-12-12,117835,1,2,0,44.0
10110033SANTOSE_2025-12-12_G03,10110033SANTOSE,2025-12-12,111447,1,4,0,71.0
10110033SANTOSE_2025-12-12_G04,10110033SANTOSE,2025-12-12,141916,1,4,0,137.0
10110033SANTOSE_2025-12-12_G05,10110033SANTOSE,2025-12-12,111655,1,10,0,305.0
10110033SANTOSE_2025-12-12_G06,10110033SANTOSE,2025-12-12,110129,1,4,0,202.0
10110033SANTOSE_2025-12-12_G07,10110033SANTOSE,2025-12-12,111348,1,3,0,177.0
10110033SANTOSE_2025-12-12_G08,10110033SANTOSE,2025-12-12,141456,1,8,0,277.0
10110033SANTOSE_2025-12-12_G09,10110033SANTOSE,2025-12-12,111743,1,4,0,337.0
10110033SANTOSE_2025-12-12_G10,10110033SANTOSE,2025-12-12,108711,1,8,0,350.0
10110033SANTOSE_2025-12-12_G11,10110033SANTOSE,2025-12-12,141458,1,4,0,403.0
10110033SANTOSE_2025-12-12_G12,10110033SANTOSE,2025-12-12,141823,1,4,0,394.0
10110033SANTOSE_2025-12-12_G13,10110033SANTOSE,2025-12-12,118094,1,8,0,358.0
10110033SANTOSE_2025-12-12_G14,10110033SANTOSE,2025-12-12,117861,1,2,0,263.0
10110033SANTOSE_2025-12-12_G15,10110033SANTOSE,2025-12-12,110339,1,4,0,104.0
10110033SANTOSE_2025-12-12_G16,10110033SANTOSE,2025-12-12,"117853, 117856",2,6,13,57.0
10110033SANTOSE_2025-12-12_G17,10110033SANTOSE,2025-12-12,111530,1,4,0,131.0
10110033SANTOSE_2025-12-12_G18,10110033SANTOSE,2025-12-12,110711,1,2,0,181.0
10110033SANTOSE_2025-12-12_G19,10110033SANTOSE,2025-12-12,118299,1,20,0,381.0
10110033SANTOSE_2025-12-12_G20,10110033SANTOSE,2025-12-12,110376,1,2,0,110.0
10110033SANTOSE_2025-12-12_G21,10110033SANTOSE,2025-12-12,160051,1,4,0,124.0
10110033SANTOSE_2025-12-12_G22,10110033SANTOSE,2025-12-12,110325,1,10,0,93.0
10110033SANTOSE_2025-12-12_G23,10110033SANTOSE,2025-12-12,160054,1,6,0,221.0
10110033SANTOSE_2025-12-12_G24,10110033SANTOSE,2025-12-12,110372,1,40,0,674.0
10110033SANTOSE_2025-12-12_G26,10110033SANTOSE,2025-12-12,117808,1,260,0,659.0
10110033SANTOSE_2025-12-12_G27,10110033SANTOSE,2025-12-12,110372,1,50,0,2116.0
10110033SANTOSE_2025-12-12_G28,10110033SANTOSE,2025-12-12,141202,1,8,0,161.0
10110033SANTOSE_2025-12-12_G29,10110033SANTOSE,2025-12-12,110373,1,50,0,483.0
10110033SANTOSE_2025-12-12_G30,10110033SANTOSE,2025-12-12,117809,1,50,0,75.0
10110033SANTOSE_2025-12-12_G31,10110033SANTOSE,2025-12-12,117808,1,700,0,306.0
10110033SANTOSE_2025-12-12_G32,10110033SANTOSE,2025-12-12,117822,1,5,0,146.0
10110033SANTOSE_2025-12-12_G33,10110033SANTOSE,2025-12-12,118281,1,31,0,136.0
10110033SANTOSE_2025-12-12_G34,10110033SANTOSE,2025-12-12,117808,1,69,0,2196.0
10110033SANTOSE_2025-12-12_G35,10110033SANTOSE,2025-12-12,117832,1,4,0,156.0
10110033SANTOSE_2025-12-12_G36,10110033SANTOSE,2025-12-12,110372,1,40,0,352.0
10110033SANTOSE_2025-12-12_G37,10110033SANTOSE,2025-12-12,110372,1,20,0,520.0
10110033SANTOSE_2025-12-12_G38,10110033SANTOSE,2025-12-12,110325,1,8,0,94.0
10110033SANTOSE_2025-12-12_G39,10110033SANTOSE,2025-12-12,110374,1,6,0,207.0
10110033SANTOSE_2025-12-12_G40,10110033SANTOSE,2025-12-12,141458,2,22,15,615.0
10110033SANTOSE_2025-12-12_G41,10110033SANTOSE,2025-12-12,117821,1,2,0,106.0
10110033SANTOSE_2025-12-14_G02,10110033SANTOSE,2025-12-14,117935,1,8,0,281.0
10110033SANTOSE_2025-12-14_G03,10110033SANTOSE,2025-12-14,140922,1,8,0,73.0
10110033SANTOSE_2025-12-14_G04,10110033SANTOSE,2025-12-14,160055,1,20,0,631.0
10110033SANTOSE_2025-12-14_G05,10110033SANTOSE,2025-12-14,118222,1,7,0,780.0
10110033SANTOSE_2025-12-14_G06,10110033SANTOSE,2025-12-14,117835,1,4,0,60.0
10110033SANTOSE_2025-12-14_G07,10110033SANTOSE,2025-12-14,111569,1,12,0,264.0
10110033SANTOSE_2025-12-14_G08,10110033SANTOSE,2025-12-14,111569,1,1,0,636.0
10110033SANTOSE_2025-12-14_G09,10110033SANTOSE,2025-12-14,110755,1,2,0,213.0
10110033SANTOSE_2025-12-14_G10,10110033SANTOSE,2025-12-14,110747,1,2,0,52.0
10110033SANTOSE_2025-12-14_G11,10110033SANTOSE,2025-12-14,118094,1,9,0,677.0
10110033SANTOSE_2025-12-14_G12,10110033SANTOSE,2025-12-14,140923,1,9,0,787.0
10110033SANTOSE_2025-12-14_G13,10110033SANTOSE,2025-12-14,117853,1,8,0,331.0
10110033SANTOSE_2025-12-14_G14,10110033SANTOSE,2025-12-14,111530,1,20,0,180.0
10110033SANTOSE_2025-12-14_G15,10110033SANTOSE,2025-12-14,111467,1,3,0,155.0
10110033SANTOSE_2025-12-14_G16,10110033SANTOSE,2025-12-14,111467,1,4,0,732.0
10110033SANTOSE_2025-12-14_G17,10110033SANTOSE,2025-12-14,117854,1,8,0,113.0
10110033SANTOSE_2025-12-14_G18,10110033SANTOSE,2025-12-14,110325,1,8,0,116.0
10110033SANTOSE_2025-12-14_G19,10110033SANTOSE,2025-12-14,110372,1,9,0,179.0
10110033SANTOSE_2025-12-14_G20,10110033SANTOSE,2025-12-14,117830,1,7,0,235.0
10110033SANTOSE_2025-12-14_G21,10110033SANTOSE,2025-12-14,118299,1,31,0,395.0
10110033SANTOSE_2025-12-14_G22,10110033SANTOSE,2025-12-14,141456,1,8,0,92.0
10110033SANTOSE_2025-12-14_G23,10110033SANTOSE,2025-12-14,111433,1,6,0,170.0
10110033SANTOSE_2025-12-14_G24,10110033SANTOSE,2025-12-14,105705,1,4,0,105.0
10110033SANTOSE_2025-12-14_G25,10110033SANTOSE,2025-12-14,111462,1,4,0,245.0
10110033SANTOSE_2025-12-14_G26,10110033SANTOSE,2025-12-14,111469,1,2,0,46.0
10110033SANTOSE_2025-12-14_G27,10110033SANTOSE,2025-12-14,117821,1,7,0,82.0
10110033SANTOSE_2025-12-14_G28,10110033SANTOSE,2025-12-14,117785,1,5,0,345.0
10110033SANTOSE_2025-12-14_G29,10110033SANTOSE,2025-12-14,117832,1,200,0,395.0
10110033SANTOSE_2025-12-14_G30,10110033SANTOSE,2025-12-14,110374,1,173,0,51.0
10110033SANTOSE_2025-12-14_G31,10110033SANTOSE,2025-12-14,110740,1,80,0,40.0
10110033SANTOSE_2025-12-15_G02,10110033SANTOSE,2025-12-15,111418,1,148,0,1008.0
10110033SANTOSE_2025-12-15_G03,10110033SANTOSE,2025-12-15,111418,1,130,0,377.0
10110033SANTOSE_2025-12-15_G04,10110033SANTOSE,2025-12-15,117838,1,16,0,143.0
10110033SANTOSE_2025-12-15_G05,10110033SANTOSE,2025-12-15,110374,1,6,0,87.0
10110033SANTOSE_2025-12-15_G06,10110033SANTOSE,2025-12-15,110743,1,22,0,304.0
10110033SANTOSE_2025-12-15_G07,10110033SANTOSE,2025-12-15,110741,1,4,0,57.0
10110033SANTOSE_2025-12-15_G08,10110033SANTOSE,2025-12-15,116611,1,5,0,98.0
10110033SANTOSE_2025-12-16_G02,10110033SANTOSE,2025-12-16,111441,2,11,7,85.0
10110033SANTOSE_2025-12-16_G03,10110033SANTOSE,2025-12-16,118222,1,4,0,88.0
10110033SANTOSE_2025-12-16_G04,10110033SANTOSE,2025-12-16,123345,1,4,0,2108.0
10110033SANTOSE_2025-12-16_G05,10110033SANTOSE,2025-12-16,124548,1,4,0,160.0
10110033SANTOSE_2025-12-16_G06,10110033SANTOSE,2025-12-16,122988,1,6,0,115.0
10110033SANTOSE_2025-12-16_G07,10110033SANTOSE,2025-12-16,124248,1,7,0,141.0
10110033SANTOSE_2025-12-16_G08,10110033SANTOSE,2025-12-16,124475,1,2,0,80.0
10110033SANTOSE_2025-12-16_G09,10110033SANTOSE,2025-12-16,122962,1,2,0,78.0
10110033SANTOSE_2025-12-16_G10,10110033SANTOSE,2025-12-16,122962,1,18,0,119.0
10110033SANTOSE_2025-12-16_G11,10110033SANTOSE,2025-12-16,124624,1,4,0,411.0
10110033SANTOSE_2025-12-16_G12,10110033SANTOSE,2025-12-16,122984,1,6,0,314.0
10110033SANTOSE_2025-12-16_G13,10110033SANTOSE,2025-12-16,122962,1,8,0,164.0
10110033SANTOSE_2025-12-16_G14,10110033SANTOSE,2025-12-16,122703,1,8,0,110.0
10110033SANTOSE_2025-12-16_G15,10110033SANTOSE,2025-12-16,124486,1,11,0,322.0
10110033SANTOSE_2025-12-16_G16,10110033SANTOSE,2025-12-16,123345,1,16,0,568.0
10110033SANTOSE_2025-12-16_G17,10110033SANTOSE,2025-12-16,124371,1,19,0,436.0
10110033SANTOSE_2025-12-16_G18,10110033SANTOSE,2025-12-16,124624,1,10,0,155.0
10110033SANTOSE_2025-12-16_G19,10110033SANTOSE,2025-12-16,120339,1,10,0,387.0
10110033SANTOSE_2025-12-16_G20,10110033SANTOSE,2025-12-16,122962,1,4,0,1162.0
10110033SANTOSE_2025-12-16_G21,10110033SANTOSE,2025-12-16,124624,1,4,0,241.0
10110033SANTOSE_2025-12-16_G22,10110033SANTOSE,2025-12-16,123344,1,5,0,290.0
10110033SANTOSE_2025-12-17_G02,10110033SANTOSE,2025-12-17,123313,1,4,0,132.0
10110033SANTOSE_2025-12-17_G03,10110033SANTOSE,2025-12-17,124370,1,8,0,146.0
10110033SANTOSE_2025-12-17_G04,10110033SANTOSE,2025-12-17,120339,1,3,0,77.0
10110033SANTOSE_2025-12-17_G05,10110033SANTOSE,2025-12-17,"122983, 122962",3,10,48,76.0
10110033SANTOSE_2025-12-17_G06,10110033SANTOSE,2025-12-17,124486,1,9,0,344.0
10110033SANTOSE_2025-12-17_G07,10110033SANTOSE,2025-12-17,"124371, 124624",2,48,29,97.0
10110033SANTOSE_2025-12-17_G08,10110033SANTOSE,2025-12-17,123563,1,48,0,1103.0
10110033SANTOSE_2025-12-17_G09,10110033SANTOSE,2025-12-17,123563,1,141,0,2362.0
10110033SANTOSE_2025-12-17_G10,10110033SANTOSE,2025-12-17,122962,1,54,0,786.0
10110033SANTOSE_2025-12-17_G11,10110033SANTOSE,2025-12-17,122962,1,170,0,2452.0
10110033SANTOSE_2025-12-17_G13,10110033SANTOSE,2025-12-17,111438,2,8,7,445.0
10110033SANTOSE_2025-12-17_G14,10110033SANTOSE,2025-12-17,100334,1,13,0,704.0
10110033SANTOSE_2025-12-17_G15,10110033SANTOSE,2025-12-17,110371,2,28,13,571.0
10110033SANTOSE_2025-12-17_G16,10110033SANTOSE,2025-12-17,110372,1,202,0,615.0
10110033SANTOSE_2025-12-17_G17,10110033SANTOSE,2025-12-17,117808,1,200,0,727.0
10110033SANTOSE_2025-12-17_G18,10110033SANTOSE,2025-12-17,117808,1,120,0,289.0
10110033SANTOSE_2025-12-17_G19,10110033SANTOSE,2025-12-17,110373,1,108,0,172.0
10110033SANTOSE_2025-12-17_G20,10110033SANTOSE,2025-12-17,110373,1,42,0,173.0
10110033SANTOSE_2025-12-17_G21,10110033SANTOSE,2025-12-17,110373,1,34,0,58.0
10110033SANTOSE_2025-12-17_G22,10110033SANTOSE,2025-12-17,110325,1,11,0,692.0
10110033SANTOSE_2025-12-17_G23,10110033SANTOSE,2025-12-17,117808,1,17,0,331.0
10110033SANTOSE_2025-12-17_G24,10110033SANTOSE,2025-12-17,117808,1,146,0,580.0
10110033SANTOSE_2025-12-17_G25,10110033SANTOSE,2025-12-17,110372,1,70,0,710.0
10110033SANTOSE_2025-12-18_G02,10110033SANTOSE,2025-12-18,117830,1,6,0,124.0
10110033SANTOSE_2025-12-18_G03,10110033SANTOSE,2025-12-18,110373,1,2,0,86.0
10110033SANTOSE_2025-12-18_G04,10110033SANTOSE,2025-12-18,110313,1,2,0,592.0
10110033SANTOSE_2025-12-18_G05,10110033SANTOSE,2025-12-18,111530,1,2,0,651.0
10110033SANTOSE_2025-12-18_G06,10110033SANTOSE,2025-12-18,140911,1,4,0,996.0
10110033SANTOSE_2025-12-18_G07,10110033SANTOSE,2025-12-18,111112,1,1,0,1012.0
10110033SANTOSE_2025-12-18_G08,10110033SANTOSE,2025-12-18,118418,1,4,0,107.0
10110033SANTOSE_2025-12-18_G09,10110033SANTOSE,2025-12-18,141916,1,12,0,421.0
10110033SANTOSE_2025-12-18_G11,10110033SANTOSE,2025-12-18,141318,1,4,0,294.0
10110033SANTOSE_2025-12-21_G02,10110033SANTOSE,2025-12-21,111879,1,2,0,1083.0
10110033SANTOSE_2025-12-21_G03,10110033SANTOSE,2025-12-21,111879,1,6,0,73.0
10110033SANTOSE_2025-12-21_G04,10110033SANTOSE,2025-12-21,118416,3,14,16,308.0
10110033SANTOSE_2025-12-21_G05,10110033SANTOSE,2025-12-21,117935,1,15,0,1255.0
10110033SANTOSE_2025-12-21_G06,10110033SANTOSE,2025-12-21,141047,1,16,0,1712.0
10110033SANTOSE_2025-12-21_G07,10110033SANTOSE,2025-12-21,110711,1,10,0,459.0
10110033SANTOSE_2025-12-21_G08,10110033SANTOSE,2025-12-21,117837,1,6,0,100.0
10110033SANTOSE_2025-12-21_G09,10110033SANTOSE,2025-12-21,140923,1,16,0,451.0
10110033SANTOSE_2025-12-21_G10,10110033SANTOSE,2025-12-21,117808,1,48,0,1402.0
10110033SANTOSE_2025-12-21_G11,10110033SANTOSE,2025-12-21,117808,1,50,0,149.0
10110033SANTOSE_2025-12-22_G02,10110033SANTOSE,2025-12-22,117862,1,30,0,386.0
10110033SANTOSE_2025-12-22_G03,10110033SANTOSE,2025-12-22,110711,1,6,0,97.0
10110033SANTOSE_2025-12-22_G04,10110033SANTOSE,2025-12-22,140922,1,30,0,449.0
10110033SANTOSE_2025-12-22_G05,10110033SANTOSE,2025-12-22,108798,1,10,0,356.0
10110033SANTOSE_2025-12-22_G06,10110033SANTOSE,2025-12-22,111463,1,40,0,164.0
10110033SANTOSE_2025-12-22_G07,10110033SANTOSE,2025-12-22,108711,1,8,0,327.0
10110033SANTOSE_2025-12-22_G08,10110033SANTOSE,2025-12-22,118317,1,5,0,101.0
10110033SANTOSE_2025-12-22_G09,10110033SANTOSE,2025-12-22,"117821, 118330",2,24,21,194.0
10110033SANTOSE_2025-12-22_G10,10110033SANTOSE,2025-12-22,110332,1,3,0,160.0
10110033SANTOSE_2025-12-22_G11,10110033SANTOSE,2025-12-22,117830,1,100,0,758.0
10110033SANTOSE_2025-12-22_G12,10110033SANTOSE,2025-12-22,109643,1,60,0,345.0
10110033SANTOSE_2025-12-22_G13,10110033SANTOSE,2025-12-22,117808,1,32,0,1440.0
10110033SANTOSE_2025-12-22_G14,10110033SANTOSE,2025-12-22,117809,1,130,0,283.0
10110033SANTOSE_2025-12-22_G15,10110033SANTOSE,2025-12-22,117822,1,8,0,101.0
10110033SANTOSE_2025-12-22_G16,10110033SANTOSE,2025-12-22,"110376, 117832",2,28,27,105.0
10110033SANTOSE_2025-12-22_G17,10110033SANTOSE,2025-12-22,110374,1,70,0,478.0
10110033SANTOSE_2025-12-22_G18,10110033SANTOSE,2025-12-22,111743,1,40,0,214.0
10110033SANTOSE_2025-12-22_G19,10110033SANTOSE,2025-12-22,117785,1,60,0,353.0
10110033SANTOSE_2025-12-22_G20,10110033SANTOSE,2025-12-22,110740,1,30,0,933.0
10110033SANTOSE_2025-12-22_G21,10110033SANTOSE,2025-12-22,141457,1,56,0,53.0
10110033SANTOSE_2025-12-22_G22,10110033SANTOSE,2025-12-22,"117831, 117833",2,132,19,763.0
10110033SANTOSE_2025-12-23_G02,10110033SANTOSE,2025-12-23,117833,1,1,0,106.0
10110033SANTOSE_2025-12-23_G03,10110033SANTOSE,2025-12-23,117820,1,11,0,151.0
10110033SANTOSE_2025-12-23_G04,10110033SANTOSE,2025-12-23,118299,1,14,0,143.0
10110033SANTOSE_2025-12-23_G05,10110033SANTOSE,2025-12-23,117820,1,27,0,811.0
10110033SANTOSE_2025-12-23_G06,10110033SANTOSE,2025-12-23,111469,1,2,0,128.0
10110033SANTOSE_2025-12-23_G07,10110033SANTOSE,2025-12-23,110373,1,11,0,136.0
10110033SANTOSE_2025-12-23_G08,10110033SANTOSE,2025-12-23,117820,1,10,0,298.0
10110033SANTOSE_2025-12-23_G09,10110033SANTOSE,2025-12-23,111462,1,8,0,332.0
10110033SANTOSE_2025-12-23_G10,10110033SANTOSE,2025-12-23,110373,1,4,0,144.0
10110033SANTOSE_2025-12-23_G12,10110033SANTOSE,2025-12-23,118299,1,40,0,611.0
10110033SANTOSE_2025-12-23_G13,10110033SANTOSE,2025-12-23,117808,1,20,0,383.0
10110033SANTOSE_2025-12-23_G14,10110033SANTOSE,2025-12-23,117820,1,3,0,324.0
10110033SANTOSE_2025-12-23_G15,10110033SANTOSE,2025-12-23,111743,1,8,0,1185.0
10110033SANTOSE_2025-12-23_G16,10110033SANTOSE,2025-12-23,110787,1,5,0,155.0
10110033SANTOSE_2025-12-23_G17,10110033SANTOSE,2025-12-23,117831,1,4,0,76.0
10110033SANTOSE_2025-12-23_G18,10110033SANTOSE,2025-12-23,108711,1,2,0,37.0
10110033SANTOSE_2025-12-23_G19,10110033SANTOSE,2025-12-23,118196,1,4,0,778.0
10110033SANTOSE_2025-12-23_G20,10110033SANTOSE,2025-12-23,111418,1,7,0,1975.0
10110033SANTOSE_2025-12-23_G21,10110033SANTOSE,2025-12-23,117821,1,8,0,65.0
10110033SANTOSE_2025-12-23_G22,10110033SANTOSE,2025-12-23,141456,1,4,0,161.0
10110033SANTOSE_2025-12-23_G24,10110033SANTOSE,2025-12-23,"117856, 110741",2,7,15,98.0
10110033SANTOSE_2025-12-23_G25,10110033SANTOSE,2025-12-23,110753,1,1,0,133.0
10110033SANTOSE_2025-12-24_G02,10110033SANTOSE,2025-12-24,100334,1,1,0,397.0
10110033SANTOSE_2025-12-24_G03,10110033SANTOSE,2025-12-24,109974,1,3,0,199.0
10110033SANTOSE_2025-12-24_G04,10110033SANTOSE,2025-12-24,107892,1,2,0,675.0
10110033SANTOSE_2025-12-24_G05,10110033SANTOSE,2025-12-24,117837,1,4,0,93.0
10110033SANTOSE_2025-12-24_G06,10110033SANTOSE,2025-12-24,110375,1,6,0,561.0
10110033SANTOSE_2025-12-24_G07,10110033SANTOSE,2025-12-24,117830,1,4,0,1567.0
10110033SANTOSE_2025-12-24_G08,10110033SANTOSE,2025-12-24,117809,1,2,0,119.0
10110033SANTOSE_2025-12-24_G09,10110033SANTOSE,2025-12-24,110787,1,4,0,386.0
10110033SANTOSE_2025-12-24_G10,10110033SANTOSE,2025-12-24,111418,1,4,0,123.0
10110033SANTOSE_2025-12-24_G11,10110033SANTOSE,2025-12-24,117808,1,4,0,89.0
10110033SANTOSE_2025-12-24_G12,10110033SANTOSE,2025-12-24,111467,1,1,0,377.0
10110033SANTOSE_2025-12-26_G02,10110033SANTOSE,2025-12-26,109645,1,2,0,243.0
10110033SANTOSE_2025-12-26_G03,10110033SANTOSE,2025-12-26,110751,1,2,0,163.0
10110033SANTOSE_2025-12-26_G04,10110033SANTOSE,2025-12-26,140922,1,6,0,48.0
10110033SANTOSE_2025-12-26_G05,10110033SANTOSE,2025-12-26,109641,1,2,0,70.0
10110033SANTOSE_2025-12-26_G06,10110033SANTOSE,2025-12-26,111463,1,10,0,157.0
10110033SANTOSE_2025-12-26_G07,10110033SANTOSE,2025-12-26,117831,1,4,0,79.0
10110033SANTOSE_2025-12-26_G08,10110033SANTOSE,2025-12-26,108711,1,4,0,38.0
10110033SANTOSE_2025-12-26_G09,10110033SANTOSE,2025-12-26,117861,1,4,0,105.0
10110033SANTOSE_2025-12-26_G10,10110033SANTOSE,2025-12-26,140923,1,5,0,41.0
10110033SANTOSE_2025-12-26_G11,10110033SANTOSE,2025-12-26,111602,1,3,0,82.0
10110033SANTOSE_2025-12-26_G12,10110033SANTOSE,2025-12-26,107629,1,1,0,53.0
10110033SANTOSE_2025-12-26_G13,10110033SANTOSE,2025-12-26,110711,2,5,6,1466.0
10110033SANTOSE_2025-12-26_G14,10110033SANTOSE,2025-12-26,117809,1,6,0,223.0
10110033SANTOSE_2025-12-26_G15,10110033SANTOSE,2025-12-26,110376,1,2,0,102.0
10110033SANTOSE_2025-12-26_G16,10110033SANTOSE,2025-12-26,117832,1,2,0,45.0
10110033SANTOSE_2025-12-26_G17,10110033SANTOSE,2025-12-26,110375,1,2,0,221.0
10110033SANTOSE_2025-12-26_G18,10110033SANTOSE,2025-12-26,110895,2,5,10,295.0
10110033SANTOSE_2025-12-26_G19,10110033SANTOSE,2025-12-26,117856,1,1,0,136.0
10110033SANTOSE_2025-12-26_G20,10110033SANTOSE,2025-12-26,141047,1,2,0,67.0
10110033SANTOSE_2025-12-26_G21,10110033SANTOSE,2025-12-26,110339,1,4,0,202.0
10110033SANTOSE_2025-12-26_G22,10110033SANTOSE,2025-12-26,118094,1,4,0,653.0
10110033SANTOSE_2025-12-26_G23,10110033SANTOSE,2025-12-26,140923,1,4,0,54.0
10110033SANTOSE_2025-12-26_G24,10110033SANTOSE,2025-12-26,117786,1,4,0,77.0
10110033SANTOSE_2025-12-26_G25,10110033SANTOSE,2025-12-26,109640,1,1,0,202.0
10110033SANTOSE_2025-12-26_G26,10110033SANTOSE,2025-12-26,118140,1,2,0,46.0
10110033SANTOSE_2025-12-26_G27,10110033SANTOSE,2025-12-26,111469,1,8,0,157.0
10110033SANTOSE_2025-12-26_G28,10110033SANTOSE,2025-12-26,117862,1,4,0,194.0
10110033SANTOSE_2025-12-26_G29,10110033SANTOSE,2025-12-26,117833,1,4,0,261.0
10110033SANTOSE_2025-12-26_G30,10110033SANTOSE,2025-12-26,111466,1,2,0,323.0
10110033SANTOSE_2025-12-26_G31,10110033SANTOSE,2025-12-26,111469,1,4,0,79.0
10110033SANTOSE_2025-12-26_G32,10110033SANTOSE,2025-12-26,111444,1,2,0,37.0
10110033SANTOSE_2025-12-26_G33,10110033SANTOSE,2025-12-26,117832,1,4,0,356.0
10110033SANTOSE_2025-12-26_G34,10110033SANTOSE,2025-12-26,117808,1,4,0,84.0
10110033SANTOSE_2025-12-26_G35,10110033SANTOSE,2025-12-26,141456,1,8,0,72.0
10110033SANTOSE_2025-12-26_G36,10110033SANTOSE,2025-12-26,117832,1,4,0,124.0
10110033SANTOSE_2025-12-26_G37,10110033SANTOSE,2025-12-26,110373,1,1,0,117.0
10110033SANTOSE_2025-12-26_G38,10110033SANTOSE,2025-12-26,"117833, 117785, 111466",4,14,65,318.0
10110033SANTOSE_2025-12-26_G39,10110033SANTOSE,2025-12-26,141271,1,2,0,52.0
10110033SANTOSE_2025-12-26_G40,10110033SANTOSE,2025-12-26,110787,1,2,0,34.0
10110033SANTOSE_2025-12-26_G41,10110033SANTOSE,2025-12-26,105705,1,2,0,31.0
10110033SANTOSE_2025-12-27_G02,10110033SANTOSE,2025-12-27,110373,1,200,0,343.0
10110033SANTOSE_2025-12-27_G03,10110033SANTOSE,2025-12-27,110372,1,100,0,207.0
10110033SANTOSE_2025-12-27_G04,10110033SANTOSE,2025-12-27,117830,1,50,0,356.0
10110033SANTOSE_2025-12-27_G05,10110033SANTOSE,2025-12-27,117830,1,38,0,43.0
10110033SANTOSE_2025-12-27_G06,10110033SANTOSE,2025-12-27,118299,1,216,0,893.0
10110033SANTOSE_2025-12-27_G07,10110033SANTOSE,2025-12-27,110742,4,20,28,2872.0
10110033SANTOSE_2025-12-27_G08,10110033SANTOSE,2025-12-27,111469,3,38,23,473.0
10110033SANTOSE_2025-12-27_G09,10110033SANTOSE,2025-12-27,117833,1,6,0,2167.0
10110033SANTOSE_2025-12-27_G10,10110033SANTOSE,2025-12-27,111418,1,20,0,523.0
10110033SANTOSE_2025-12-27_G11,10110033SANTOSE,2025-12-27,111462,2,72,11,770.0
10110033SANTOSE_2025-12-28_G02,10110033SANTOSE,2025-12-28,111330,1,2,0,193.0
10110033SANTOSE_2025-12-28_G03,10110033SANTOSE,2025-12-28,111469,1,19,0,200.0
10110033SANTOSE_2025-12-28_G04,10110033SANTOSE,2025-12-28,110787,1,2,0,682.0
10110033SANTOSE_2025-12-28_G05,10110033SANTOSE,2025-12-28,110787,1,20,0,89.0
10110033SANTOSE_2025-12-28_G06,10110033SANTOSE,2025-12-28,110787,1,3,0,375.0
10110033SANTOSE_2025-12-28_G07,10110033SANTOSE,2025-12-28,140922,1,12,0,478.0
10110033SANTOSE_2025-12-28_G08,10110033SANTOSE,2025-12-28,108711,1,12,0,150.0
10110033SANTOSE_2025-12-28_G09,10110033SANTOSE,2025-12-28,110711,1,12,0,98.0
10110033SANTOSE_2025-12-29_G02,10110033SANTOSE,2025-12-29,117785,2,177,11,1473.0
10110033SANTOSE_2025-12-29_G03,10110033SANTOSE,2025-12-29,118140,2,71,8,441.0
10110033SANTOSE_2025-12-29_G04,10110033SANTOSE,2025-12-29,111463,1,80,0,196.0
10110033SANTOSE_2025-12-29_G05,10110033SANTOSE,2025-12-29,111463,1,91,0,83.0
10110033SANTOSE_2025-12-29_G06,10110033SANTOSE,2025-12-29,"141456, 111463",4,159,40,57.0
10110033SANTOSE_2025-12-29_G07,10110033SANTOSE,2025-12-29,117833,2,41,9,1814.0
10110033SANTOSE_2025-12-29_G08,10110033SANTOSE,2025-12-29,117831,1,49,0,645.0
10110033SANTOSE_2025-12-29_G09,10110033SANTOSE,2025-12-29,100334,3,4,16,619.0
10110033SANTOSE_2025-12-29_G10,10110033SANTOSE,2025-12-29,109974,4,4,26,422.0
10110033SANTOSE_2025-12-29_G11,10110033SANTOSE,2025-12-29,109640,2,42,9,810.0
10110033SANTOSE_2025-12-29_G12,10110033SANTOSE,2025-12-29,140923,1,66,0,469.0
10110033SANTOSE_2025-12-29_G14,10110033SANTOSE,2025-12-29,117855,1,10,0,145.0
10110033SANTOSE_2025-12-29_G15,10110033SANTOSE,2025-12-29,110787,2,8,11,136.0
10110033SANTOSE_2025-12-29_G16,10110033SANTOSE,2025-12-29,118140,1,3,0,96.0
10110033SANTOSE_2025-12-29_G17,10110033SANTOSE,2025-12-29,117821,1,2,0,79.0
10110033SANTOSE_2025-12-29_G18,10110033SANTOSE,2025-12-29,111462,1,18,0,356.0
10110033SANTOSE_2025-12-29_G19,10110033SANTOSE,2025-12-29,117832,1,5,0,152.0
10110033SANTOSE_2025-12-29_G20,10110033SANTOSE,2025-12-29,118299,2,270,9,1228.0
10110033SANTOSE_2025-12-29_G21,10110033SANTOSE,2025-12-29,110711,1,4,0,617.0
10110033SANTOSE_2025-12-29_G22,10110033SANTOSE,2025-12-29,110787,1,2,0,2784.0
10110033SANTOSE_2025-12-29_G23,10110033SANTOSE,2025-12-29,118306,1,2,0,94.0
10110033SANTOSE_2025-12-29_G24,10110033SANTOSE,2025-12-29,111879,1,1,0,369.0
10110033SANTOSE_2025-12-29_G25,10110033SANTOSE,2025-12-29,117855,1,2,0,174.0
10110033SANTOSE_2025-12-30_G02,10110033SANTOSE,2025-12-30,111348,1,2,0,303.0
10110033SANTOSE_2025-12-30_G03,10110033SANTOSE,2025-12-30,111532,1,6,0,113.0
10110033SANTOSE_2025-12-30_G04,10110033SANTOSE,2025-12-30,111172,1,2,0,82.0
10110033SANTOSE_2025-12-30_G05,10110033SANTOSE,2025-12-30,111465,1,6,0,224.0
10110033SANTOSE_2025-12-30_G06,10110033SANTOSE,2025-12-30,118306,1,4,0,248.0
10110033SANTOSE_2025-12-30_G07,10110033SANTOSE,2025-12-30,117855,1,2,0,289.0
10110033SANTOSE_2025-12-30_G09,10110033SANTOSE,2025-12-30,111462,1,7,0,137.0
10110033SANTOSE_2025-12-30_G10,10110033SANTOSE,2025-12-30,111348,1,1,0,52.0
10110033SANTOSE_2025-12-30_G11,10110033SANTOSE,2025-12-30,118306,1,6,0,151.0
10110033SANTOSE_2025-12-30_G12,10110033SANTOSE,2025-12-30,111532,1,6,0,631.0
10110033SANTOSE_2025-12-30_G13,10110033SANTOSE,2025-12-30,111532,1,19,0,83.0
10110033SANTOSE_2025-12-30_G14,10110033SANTOSE,2025-12-30,111462,1,8,0,161.0
10110033SANTOSE_2025-12-30_G15,10110033SANTOSE,2025-12-30,111532,1,7,0,96.0
10110033SANTOSE_2025-12-30_G16,10110033SANTOSE,2025-12-30,110787,2,8,7,67.0
10110033SANTOSE_2025-12-30_G17,10110033SANTOSE,2025-12-30,107830,1,6,0,149.0
10110033SANTOSE_2025-12-30_G18,10110033SANTOSE,2025-12-30,110787,1,6,0,194.0
10110033SANTOSE_2025-12-30_G19,10110033SANTOSE,2025-12-30,107830,1,8,0,103.0
10110033SANTOSE_2025-12-30_G20,10110033SANTOSE,2025-12-30,111438,1,505,0,2634.0
10110033SANTOSE_2025-12-30_G22,10110033SANTOSE,2025-12-30,117935,1,4,0,202.0
10110033SANTOSE_2025-12-30_G23,10110033SANTOSE,2025-12-30,111876,1,4,0,126.0
10110033SANTOSE_2025-12-30_G24,10110033SANTOSE,2025-12-30,140923,1,3,0,344.0
10110033SANTOSE_2025-12-30_G25,10110033SANTOSE,2025-12-30,"111467, 110741, 118298",3,6,32,93.0
10110033SANTOSE_2025-12-30_G26,10110033SANTOSE,2025-12-30,110313,1,2,0,111.0
10110033SANTOSE_2025-12-30_G27,10110033SANTOSE,2025-12-30,111602,1,7,0,232.0
10110033SANTOSE_2025-12-30_G28,10110033SANTOSE,2025-12-30,110711,1,2,0,60.0
10110033SANTOSE_2025-12-30_G29,10110033SANTOSE,2025-12-30,107629,1,2,0,194.0
10110033SANTOSE_2025-12-30_G30,10110033SANTOSE,2025-12-30,117837,1,2,0,560.0
10110033SANTOSE_2025-12-30_G31,10110033SANTOSE,2025-12-30,110063,1,1,0,86.0
10110033SANTOSE_2025-12-30_G32,10110033SANTOSE,2025-12-30,111418,1,18,0,150.0
10110033SANTOSE_2025-12-30_G33,10110033SANTOSE,2025-12-30,140922,1,9,0,71.0
10110033SANTOSE_2025-12-30_G34,10110033SANTOSE,2025-12-30,111743,1,2,0,410.0
10110033SANTOSE_2025-12-30_G35,10110033SANTOSE,2025-12-30,111172,1,1,0,95.0
10110033SANTOSE_2025-12-30_G36,10110033SANTOSE,2025-12-30,110787,1,8,0,79.0
10110033SANTOSE_2025-12-30_G37,10110033SANTOSE,2025-12-30,111442,1,2,0,105.0
10110033SANTOSE_2025-12-30_G38,10110033SANTOSE,2025-12-30,111463,1,7,0,1363.0
10110033SANTOSE_2025-12-30_G39,10110033SANTOSE,2025-12-30,111465,1,4,0,93.0
10110033SANTOSE_2025-12-30_G40,10110033SANTOSE,2025-12-30,107236,1,4,0,154.0
10110033SANTOSE_2025-12-30_G41,10110033SANTOSE,2025-12-30,110740,1,4,0,68.0
10110033SANTOSE_2025-12-30_G42,10110033SANTOSE,2025-12-30,141456,1,4,0,85.0
10110033SANTOSE_2025-12-30_G43,10110033SANTOSE,2025-12-30,110372,1,16,0,1136.0
10110033SANTOSE_2025-12-30_G44,10110033SANTOSE,2025-12-30,117809,1,1,0,33.0
10110033SANTOSE_2025-12-30_G45,10110033SANTOSE,2025-12-30,117832,1,8,0,122.0
10110033SANTOSE_2025-12-30_G46,10110033SANTOSE,2025-12-30,117808,1,4,0,143.0
10110033SANTOSE_2025-12-30_G47,10110033SANTOSE,2025-12-30,110373,1,13,0,98.0
10110033SANTOSE_2025-12-31_G02,10110033SANTOSE,2025-12-31,110313,1,3,0,494.0
10110033SANTOSE_2025-12-31_G03,10110033SANTOSE,2025-12-31,107830,1,4,0,79.0
10110033SANTOSE_2025-12-31_G04,10110033SANTOSE,2025-12-31,111532,1,2,0,142.0
10110033SANTOSE_2025-12-31_G05,10110033SANTOSE,2025-12-31,110313,1,4,0,99.0
10110033SANTOSE_2025-12-31_G06,10110033SANTOSE,2025-12-31,107830,2,12,25,190.0
10110033SANTOSE_2025-12-31_G07,10110033SANTOSE,2025-12-31,111418,1,2,0,780.0
10110033SANTOSE_2025-12-31_G08,10110033SANTOSE,2025-12-31,111532,1,16,0,33.0
10110033SANTOSE_2025-12-31_G09,10110033SANTOSE,2025-12-31,107830,1,4,0,38.0
10110033SANTOSE_2025-12-31_G10,10110033SANTOSE,2025-12-31,"110313, 111418",2,9,28,48.0
10110033SANTOSE_2025-12-31_G11,10110033SANTOSE,2025-12-31,111462,1,4,0,34.0
10110033SANTOSE_2025-12-31_G12,10110033SANTOSE,2025-12-31,107830,1,6,0,52.0
10110033SANTOSE_2025-12-31_G13,10110033SANTOSE,2025-12-31,107830,1,4,0,37.0
10110033SANTOSE_2025-12-31_G14,10110033SANTOSE,2025-12-31,111418,1,2,0,81.0
10110033SANTOSE_2025-12-31_G15,10110033SANTOSE,2025-12-31,107830,1,3,0,50.0
10110033SANTOSE_2026-01-08_G02,10110033SANTOSE,2026-01-08,"111468, 117833",2,260,21,38.0
10110033SANTOSE_2026-01-08_G04,10110033SANTOSE,2026-01-08,111462,1,3,0,55.0
10110033SANTOSE_2026-01-08_G05,10110033SANTOSE,2026-01-08,111418,1,4,0,46.0
10110033SANTOSE_2026-01-08_G07,10110033SANTOSE,2026-01-08,117821,1,2,0,42.0
10110033SANTOSE_2026-01-09_G02,10110033SANTOSE,2026-01-09,141823,1,4,0,484.0
10110033SANTOSE_2026-01-09_G03,10110033SANTOSE,2026-01-09,111469,1,2,0,305.0
10110033SANTOSE_2026-01-09_G04,10110033SANTOSE,2026-01-09,107236,1,1,0,287.0
10110033SANTOSE_2026-01-09_G05,10110033SANTOSE,2026-01-09,141456,1,2,0,802.0
10110033SANTOSE_2026-01-09_G06,10110033SANTOSE,2026-01-09,108711,1,3,0,315.0
10110033SANTOSE_2026-01-09_G07,10110033SANTOSE,2026-01-09,117820,1,30,0,514.0
10110033SANTOSE_2026-01-09_G08,10110033SANTOSE,2026-01-09,109640,1,20,0,214.0
10110033SANTOSE_2026-01-09_G09,10110033SANTOSE,2026-01-09,110747,1,1,0,1371.0
10110033SANTOSE_2026-01-09_G10,10110033SANTOSE,2026-01-09,117856,1,1,0,2596.0
10110033SANTOSE_2026-01-09_G11,10110033SANTOSE,2026-01-09,110371,1,2,0,67.0
10110033SANTOSE_2026-01-09_G12,10110033SANTOSE,2026-01-09,118299,1,10,0,373.0
10110033SANTOSE_2026-01-09_G13,10110033SANTOSE,2026-01-09,111418,1,4,0,74.0
10110033SANTOSE_2026-01-09_G14,10110033SANTOSE,2026-01-09,117785,1,2,0,331.0
10110033SANTOSE_2026-01-09_G15,10110033SANTOSE,2026-01-09,117821,1,4,0,50.0
10110033SANTOSE_2026-01-09_G16,10110033SANTOSE,2026-01-09,111433,1,3,0,225.0
10110033SANTOSE_2026-01-09_G17,10110033SANTOSE,2026-01-09,118140,1,2,0,138.0
10110033SANTOSE_2026-01-09_G18,10110033SANTOSE,2026-01-09,117808,1,25,0,211.0
10110033SANTOSE_2026-01-09_G19,10110033SANTOSE,2026-01-09,118299,1,6,0,63.0
10110033SANTOSE_2026-01-09_G20,10110033SANTOSE,2026-01-09,109643,1,2,0,102.0
10110033SANTOSE_2026-01-09_G21,10110033SANTOSE,2026-01-09,118281,1,2,0,231.0
10110033SANTOSE_2026-01-09_G22,10110033SANTOSE,2026-01-09,118277,1,2,0,111.0
10110033SANTOSE_2026-01-09_G23,10110033SANTOSE,2026-01-09,118354,1,2,0,54.0
10110033SANTOSE_2026-01-09_G24,10110033SANTOSE,2026-01-09,111435,1,2,0,84.0
10110033SANTOSE_2026-01-09_G25,10110033SANTOSE,2026-01-09,117808,1,4,0,89.0
10110033SANTOSE_2026-01-09_G26,10110033SANTOSE,2026-01-09,110373,1,2,0,55.0
10110033SANTOSE_2026-01-11_G03,10110033SANTOSE,2026-01-11,118306,1,2,0,117.0
10110033SANTOSE_2026-01-11_G04,10110033SANTOSE,2026-01-11,110895,1,3,0,46.0
10110033SANTOSE_2026-01-11_G05,10110033SANTOSE,2026-01-11,110747,1,4,0,105.0
10110033SANTOSE_2026-01-11_G06,10110033SANTOSE,2026-01-11,140911,1,3,0,116.0
10110033SANTOSE_2026-01-11_G07,10110033SANTOSE,2026-01-11,111851,1,2,0,122.0
10110033SANTOSE_2026-01-11_G08,10110033SANTOSE,2026-01-11,142045,1,159,0,1135.0
10110033SANTOSE_2026-01-11_G09,10110033SANTOSE,2026-01-11,118290,1,19,0,243.0
10110033SANTOSE_2026-01-11_G10,10110033SANTOSE,2026-01-11,100334,1,10,0,218.0
10110033SANTOSE_2026-01-11_G11,10110033SANTOSE,2026-01-11,"118352, 118418, 118353, 108770",4,14,52,220.0
10110033SANTOSE_2026-01-12_G02,10110033SANTOSE,2026-01-12,118299,1,444,0,72.0
10110033SANTOSE_2026-01-12_G03,10110033SANTOSE,2026-01-12,110371,1,14,0,295.0
10110033SANTOSE_2026-01-12_G04,10110033SANTOSE,2026-01-12,117808,1,200,0,210.0
10110033SANTOSE_2026-01-12_G05,10110033SANTOSE,2026-01-12,111438,2,8,12,1991.0
10110033SANTOSE_2026-01-12_G06,10110033SANTOSE,2026-01-12,117832,2,4,8,164.0
10110033SANTOSE_2026-01-12_G07,10110033SANTOSE,2026-01-12,110373,1,16,0,216.0
10110033SANTOSE_2026-01-12_G08,10110033SANTOSE,2026-01-12,117830,3,30,15,62.0
10110033SANTOSE_2026-01-12_G09,10110033SANTOSE,2026-01-12,111463,1,60,0,2014.0
10110033SANTOSE_2026-01-12_G10,10110033SANTOSE,2026-01-12,141456,1,12,0,573.0
10110033SANTOSE_2026-01-12_G11,10110033SANTOSE,2026-01-12,105705,1,3,0,133.0
10110033SANTOSE_2026-01-12_G12,10110033SANTOSE,2026-01-12,105705,1,4,0,166.0
10110033SANTOSE_2026-01-12_G13,10110033SANTOSE,2026-01-12,111532,1,1,0,60.0
10110033SANTOSE_2026-01-12_G14,10110033SANTOSE,2026-01-12,111469,1,14,0,562.0
10110033SANTOSE_2026-01-12_G15,10110033SANTOSE,2026-01-12,117785,1,40,0,277.0
10110033SANTOSE_2026-01-12_G16,10110033SANTOSE,2026-01-12,111348,1,6,0,37.0
10110033SANTOSE_2026-01-12_G17,10110033SANTOSE,2026-01-12,111469,1,6,0,260.0
10110033SANTOSE_2026-01-12_G19,10110033SANTOSE,2026-01-12,111569,1,6,0,1519.0
10110033SANTOSE_2026-01-12_G20,10110033SANTOSE,2026-01-12,110895,1,5,0,86.0
10110033SANTOSE_2026-01-12_G21,10110033SANTOSE,2026-01-12,118290,1,1,0,199.0
10110033SANTOSE_2026-01-12_G22,10110033SANTOSE,2026-01-12,142045,1,2,0,246.0
10110033SANTOSE_2026-01-12_G23,10110033SANTOSE,2026-01-12,110895,1,4,0,56.0
10110033SANTOSE_2026-01-12_G24,10110033SANTOSE,2026-01-12,118290,1,1,0,121.0
10110033SANTOSE_2026-01-12_G25,10110033SANTOSE,2026-01-12,"118140, 117831",2,8,28,108.0
10110033SANTOSE_2026-01-12_G26,10110033SANTOSE,2026-01-12,111418,1,12,0,85.0
10110033SANTOSE_2026-01-12_G27,10110033SANTOSE,2026-01-12,140922,1,3,0,45.0
10110033SANTOSE_2026-01-12_G28,10110033SANTOSE,2026-01-12,111466,1,4,0,1159.0
10110033SANTOSE_2026-01-12_G29,10110033SANTOSE,2026-01-12,111468,1,3,0,70.0
10110033SANTOSE_2026-01-12_G30,10110033SANTOSE,2026-01-12,111463,1,3,0,80.0
10110033SANTOSE_2026-01-12_G31,10110033SANTOSE,2026-01-12,111469,1,3,0,171.0
10110033SANTOSE_2026-01-12_G32,10110033SANTOSE,2026-01-12,110740,1,2,0,262.0
10110033SANTOSE_2026-01-12_G33,10110033SANTOSE,2026-01-12,142045,1,13,0,1792.0
10110033SANTOSE_2026-01-12_G34,10110033SANTOSE,2026-01-12,118290,1,4,0,163.0
10110033SANTOSE_2026-01-12_G35,10110033SANTOSE,2026-01-12,111439,1,4,0,771.0
10110033SANTOSE_2026-01-12_G36,10110033SANTOSE,2026-01-12,117855,1,8,0,73.0
10110033SANTOSE_2026-01-12_G37,10110033SANTOSE,2026-01-12,118094,1,2,0,385.0
10110033SANTOSE_2026-01-12_G38,10110033SANTOSE,2026-01-12,117856,1,6,0,61.0
10110033SANTOSE_2026-01-12_G39,10110033SANTOSE,2026-01-12,110741,1,4,0,55.0
10110033SANTOSE_2026-01-12_G40,10110033SANTOSE,2026-01-12,118140,1,2,0,59.0
10110033SANTOSE_2026-01-12_G41,10110033SANTOSE,2026-01-12,111182,1,10,0,177.0
10110033SANTOSE_2026-01-13_G02,10110033SANTOSE,2026-01-13,110740,1,2,0,93.0
10110033SANTOSE_2026-01-13_G03,10110033SANTOSE,2026-01-13,141456,1,10,0,330.0
10110033SANTOSE_2026-01-13_G04,10110033SANTOSE,2026-01-13,111330,1,4,0,63.0
10110033SANTOSE_2026-01-13_G05,10110033SANTOSE,2026-01-13,110372,1,4,0,169.0
10110033SANTOSE_2026-01-13_G06,10110033SANTOSE,2026-01-13,110373,1,6,0,116.0
10110033SANTOSE_2026-01-13_G07,10110033SANTOSE,2026-01-13,109643,1,8,0,792.0
10110033SANTOSE_2026-01-13_G08,10110033SANTOSE,2026-01-13,111418,1,20,0,277.0
10110033SANTOSE_2026-01-13_G09,10110033SANTOSE,2026-01-13,117785,1,36,0,1160.0
10110033SANTOSE_2026-01-13_G10,10110033SANTOSE,2026-01-13,118299,1,57,0,262.0
10110033SANTOSE_2026-01-13_G11,10110033SANTOSE,2026-01-13,117820,1,100,0,251.0
10110033SANTOSE_2026-01-13_G12,10110033SANTOSE,2026-01-13,117808,1,100,0,928.0
10110033SANTOSE_2026-01-13_G13,10110033SANTOSE,2026-01-13,141313,1,4,0,827.0
10110033SANTOSE_2026-01-13_G14,10110033SANTOSE,2026-01-13,117855,1,14,0,190.0
10110033SANTOSE_2026-01-13_G15,10110033SANTOSE,2026-01-13,142045,1,41,0,370.0
10110033SANTOSE_2026-01-13_G16,10110033SANTOSE,2026-01-13,111418,1,70,0,2017.0
10110033SANTOSE_2026-01-13_G17,10110033SANTOSE,2026-01-13,117808,1,100,0,280.0
10110033SANTOSE_2026-01-13_G18,10110033SANTOSE,2026-01-13,117808,1,90,0,108.0
10110033SANTOSE_2026-01-13_G19,10110033SANTOSE,2026-01-13,117808,1,100,0,624.0
10110033SANTOSE_2026-01-13_G20,10110033SANTOSE,2026-01-13,117808,1,210,0,240.0
10110033SANTOSE_2026-01-13_G21,10110033SANTOSE,2026-01-13,110372,1,100,0,366.0
10110033SANTOSE_2026-01-13_G22,10110033SANTOSE,2026-01-13,110373,1,100,0,112.0
10110033SANTOSE_2026-01-15_G02,10110033SANTOSE,2026-01-15,111743,1,12,0,84.0
10110033SANTOSE_2026-01-15_G03,10110033SANTOSE,2026-01-15,108794,1,4,0,152.0
10110033SANTOSE_2026-01-15_G04,10110033SANTOSE,2026-01-15,118140,1,4,0,43.0
10110033SANTOSE_2026-01-15_G05,10110033SANTOSE,2026-01-15,140922,1,12,0,92.0
10110033SANTOSE_2026-01-15_G06,10110033SANTOSE,2026-01-15,117831,1,14,0,307.0
10110033SANTOSE_2026-01-15_G07,10110033SANTOSE,2026-01-15,117821,1,4,0,39.0
10110033SANTOSE_2026-01-15_G08,10110033SANTOSE,2026-01-15,110743,1,8,0,49.0
10110033SANTOSE_2026-01-15_G09,10110033SANTOSE,2026-01-15,118330,1,4,0,200.0
10110033SANTOSE_2026-01-15_G10,10110033SANTOSE,2026-01-15,109645,1,4,0,65.0
10110033SANTOSE_2026-01-15_G11,10110033SANTOSE,2026-01-15,111466,1,28,0,511.0
10110033SANTOSE_2026-01-15_G12,10110033SANTOSE,2026-01-15,111466,1,22,0,80.0
10110033SANTOSE_2026-01-15_G13,10110033SANTOSE,2026-01-15,111468,1,8,0,58.0
10110033SANTOSE_2026-01-15_G14,10110033SANTOSE,2026-01-15,111532,1,12,0,152.0
10110033SANTOSE_2026-01-15_G15,10110033SANTOSE,2026-01-15,117838,1,4,0,55.0
10110033SANTOSE_2026-01-15_G16,10110033SANTOSE,2026-01-15,141823,1,12,0,806.0
10110033SANTOSE_2026-01-15_G17,10110033SANTOSE,2026-01-15,111418,1,36,0,179.0
10110033SANTOSE_2026-01-15_G18,10110033SANTOSE,2026-01-15,108798,1,4,0,68.0
10110033SANTOSE_2026-01-15_G19,10110033SANTOSE,2026-01-15,117833,1,4,0,44.0
10110033SANTOSE_2026-01-15_G20,10110033SANTOSE,2026-01-15,141458,1,4,0,51.0
10110033SANTOSE_2026-01-15_G21,10110033SANTOSE,2026-01-15,141456,1,16,0,128.0
10110033SANTOSE_2026-01-15_G22,10110033SANTOSE,2026-01-15,110740,1,16,0,468.0
10110033SANTOSE_2026-01-15_G23,10110033SANTOSE,2026-01-15,111462,1,20,0,128.0
10110033SANTOSE_2026-01-15_G24,10110033SANTOSE,2026-01-15,"111469, 111444",2,42,14,183.0
10110033SANTOSE_2026-01-15_G25,10110033SANTOSE,2026-01-15,111430,1,2,0,598.0
10110033SANTOSE_2026-01-15_G26,10110033SANTOSE,2026-01-15,111438,1,2,0,43.0
10110033SANTOSE_2026-01-15_G27,10110033SANTOSE,2026-01-15,110747,1,8,0,86.0
10110033SANTOSE_2026-01-15_G28,10110033SANTOSE,2026-01-15,141916,1,4,0,105.0
10110033SANTOSE_2026-01-15_G29,10110033SANTOSE,2026-01-15,140923,1,29,0,187.0
10110033SANTOSE_2026-01-15_G30,10110033SANTOSE,2026-01-15,117786,1,4,0,69.0
10110033SANTOSE_2026-01-15_G31,10110033SANTOSE,2026-01-15,117808,1,42,0,392.0
10110033SANTOSE_2026-01-15_G32,10110033SANTOSE,2026-01-15,117862,1,2,0,42.0
10110033SANTOSE_2026-01-15_G33,10110033SANTOSE,2026-01-15,117808,1,20,0,97.0
10110033SANTOSE_2026-01-15_G34,10110033SANTOSE,2026-01-15,111441,1,10,0,203.0
10110033SANTOSE_2026-01-16_G02,10110033SANTOSE,2026-01-16,110582,1,4,0,416.0
10110033SANTOSE_2026-01-16_G03,10110033SANTOSE,2026-01-16,111466,1,14,0,216.0
10110033SANTOSE_2026-01-16_G04,10110033SANTOSE,2026-01-16,111530,1,12,0,142.0
10110033SANTOSE_2026-01-16_G05,10110033SANTOSE,2026-01-16,107830,1,2,0,1215.0
10110033SANTOSE_2026-01-16_G06,10110033SANTOSE,2026-01-16,141271,1,12,0,390.0
10110033SANTOSE_2026-01-16_G07,10110033SANTOSE,2026-01-16,111418,1,20,0,183.0
10110033SANTOSE_2026-01-16_G08,10110033SANTOSE,2026-01-16,117787,1,4,0,1675.0
10110033SANTOSE_2026-01-16_G09,10110033SANTOSE,2026-01-16,110895,1,2,0,105.0
10110033SANTOSE_2026-01-16_G10,10110033SANTOSE,2026-01-16,110313,1,1,0,72.0
10110033SANTOSE_2026-01-16_G11,10110033SANTOSE,2026-01-16,117855,1,4,0,350.0
10110033SANTOSE_2026-01-16_G12,10110033SANTOSE,2026-01-16,111650,1,4,0,104.0
10110033SANTOSE_2026-01-16_G13,10110033SANTOSE,2026-01-16,"118352, 118364, 141286",3,5,28,783.0
10110033SANTOSE_2026-01-16_G14,10110033SANTOSE,2026-01-16,118306,1,10,0,387.0
10110033SANTOSE_2026-01-16_G15,10110033SANTOSE,2026-01-16,111832,1,4,0,75.0
10110033SANTOSE_2026-01-16_G16,10110033SANTOSE,2026-01-16,118417,1,5,0,84.0
10110033SANTOSE_2026-01-16_G17,10110033SANTOSE,2026-01-16,116527,1,5,0,87.0
10110033SANTOSE_2026-01-16_G18,10110033SANTOSE,2026-01-16,111793,1,1,0,58.0
10110033SANTOSE_2026-01-16_G19,10110033SANTOSE,2026-01-16,141318,1,20,0,293.0
10110033SANTOSE_2026-01-16_G20,10110033SANTOSE,2026-01-16,110755,1,2,0,58.0
10110033SANTOSE_2026-01-16_G21,10110033SANTOSE,2026-01-16,111851,1,3,0,206.0
10110033SANTOSE_2026-01-16_G22,10110033SANTOSE,2026-01-16,110582,1,5,0,102.0
10110033SANTOSE_2026-01-16_G23,10110033SANTOSE,2026-01-16,109974,1,10,0,529.0
10110033SANTOSE_2026-01-26_G02,10110033SANTOSE,2026-01-26,117786,1,168,0,526.0
10110033SANTOSE_2026-01-26_G03,10110033SANTOSE,2026-01-26,117855,1,17,0,947.0
10110033SANTOSE_2026-01-26_G04,10110033SANTOSE,2026-01-26,109641,1,6,0,166.0
10110033SANTOSE_2026-01-26_G05,10110033SANTOSE,2026-01-26,111465,1,474,0,1150.0
10110033SANTOSE_2026-01-27_G02,10110033SANTOSE,2026-01-27,"110747, 108759",2,14,22,376.0
10110033SANTOSE_2026-01-27_G03,10110033SANTOSE,2026-01-27,140923,1,4,0,161.0
10110033SANTOSE_2026-01-27_G04,10110033SANTOSE,2026-01-27,111602,1,50,0,592.0
10110033SANTOSE_2026-01-27_G05,10110033SANTOSE,2026-01-27,141166,1,4,0,222.0
10110033SANTOSE_2026-01-27_G06,10110033SANTOSE,2026-01-27,105705,1,2,0,669.0
10110033SANTOSE_2026-01-27_G08,10110033SANTOSE,2026-01-27,111466,2,48,10,296.0
10110033SANTOSE_2026-02-04_G02,10110033SANTOSE,2026-02-04,117835,1,13,0,518.0
10110033SANTOSE_2026-02-04_G03,10110033SANTOSE,2026-02-04,117862,1,41,0,740.0
10110072COSTAA_2025-10-10_G02,10110072COSTAA,2025-10-10,105705,1,12,0,223.0
10110072COSTAA_2025-10-10_G03,10110072COSTAA,2025-10-10,111532,1,8,0,297.0
10110072COSTAA_2025-10-10_G04,10110072COSTAA,2025-10-10,111532,1,4,0,184.0
10110072COSTAA_2025-10-10_G05,10110072COSTAA,2025-10-10,111469,2,24,10,561.0
10110072COSTAA_2025-10-10_G06,10110072COSTAA,2025-10-10,111465,2,6,20,190.0
10110072COSTAA_2025-10-10_G07,10110072COSTAA,2025-10-10,140922,1,8,0,210.0
10110072COSTAA_2025-10-10_G08,10110072COSTAA,2025-10-10,111172,1,2,0,269.0
10110072COSTAA_2025-10-10_G09,10110072COSTAA,2025-10-10,117831,1,8,0,188.0
10110072COSTAA_2025-10-10_G10,10110072COSTAA,2025-10-10,141458,1,8,0,349.0
10110072COSTAA_2025-10-10_G11,10110072COSTAA,2025-10-10,110742,1,4,0,1492.0
10110072COSTAA_2025-10-10_G12,10110072COSTAA,2025-10-10,117836,1,1,0,320.0
10110072COSTAA_2025-10-10_G13,10110072COSTAA,2025-10-10,117834,1,6,0,394.0
10110072COSTAA_2025-10-10_G14,10110072COSTAA,2025-10-10,109640,1,8,0,1877.0
10110072COSTAA_2025-10-16_G02,10110072COSTAA,2025-10-16,108772,1,2,0,85.0
10110072COSTAA_2025-10-16_G03,10110072COSTAA,2025-10-16,105705,1,2,0,1034.0
10110072COSTAA_2025-10-16_G04,10110072COSTAA,2025-10-16,111463,1,3,0,113.0
10110072COSTAA_2025-10-16_G05,10110072COSTAA,2025-10-16,111466,1,1,0,107.0
10110072COSTAA_2025-10-16_G06,10110072COSTAA,2025-10-16,108711,1,11,0,279.0
10110072COSTAA_2025-10-16_G07,10110072COSTAA,2025-10-16,111532,1,12,0,307.0
10110072COSTAA_2025-10-16_G08,10110072COSTAA,2025-10-16,141823,2,11,18,219.0
10110072COSTAA_2025-10-16_G09,10110072COSTAA,2025-10-16,111418,1,22,0,327.0
10110072COSTAA_2025-10-16_G10,10110072COSTAA,2025-10-16,118223,1,2,0,727.0
10110072COSTAA_2025-10-16_G11,10110072COSTAA,2025-10-16,111602,1,7,0,531.0
10110072COSTAA_2025-10-16_G12,10110072COSTAA,2025-10-16,111466,1,14,0,288.0
10110072COSTAA_2025-10-16_G13,10110072COSTAA,2025-10-16,118317,1,3,0,217.0
10110072COSTAA_2025-10-16_G14,10110072COSTAA,2025-10-16,117785,1,7,0,145.0
10110072COSTAA_2025-10-16_G16,10110072COSTAA,2025-10-16,110371,1,10,0,163.0
10110072COSTAA_2025-10-16_G17,10110072COSTAA,2025-10-16,117820,1,5,0,108.0
10110072COSTAA_2025-10-16_G18,10110072COSTAA,2025-10-16,117808,1,40,0,916.0
10110072COSTAA_2025-10-16_G19,10110072COSTAA,2025-10-16,117808,1,20,0,167.0
10110072COSTAA_2025-10-16_G20,10110072COSTAA,2025-10-16,117808,1,20,0,183.0
10110072COSTAA_2025-10-16_G21,10110072COSTAA,2025-10-16,117822,1,2,0,252.0
10110072COSTAA_2025-10-16_G22,10110072COSTAA,2025-10-16,116527,1,4,0,2228.0
10110072COSTAA_2025-10-16_G23,10110072COSTAA,2025-10-16,117862,1,2,0,167.0
10110072COSTAA_2025-10-16_G24,10110072COSTAA,2025-10-16,109640,1,2,0,215.0
10110072COSTAA_2025-10-16_G25,10110072COSTAA,2025-10-16,118140,1,3,0,175.0
10110072COSTAA_2025-10-16_G26,10110072COSTAA,2025-10-16,111463,1,2,0,108.0
10110072COSTAA_2025-10-16_G27,10110072COSTAA,2025-10-16,110751,1,2,0,42.0
10110072COSTAA_2025-10-16_G28,10110072COSTAA,2025-10-16,111443,1,4,0,186.0
10110072COSTAA_2025-10-16_G29,10110072COSTAA,2025-10-16,141457,1,4,0,156.0
10110072COSTAA_2025-10-16_G30,10110072COSTAA,2025-10-16,111465,1,2,0,102.0
10110072COSTAA_2025-10-16_G31,10110072COSTAA,2025-10-16,117787,1,3,0,83.0
10110072COSTAA_2025-10-16_G32,10110072COSTAA,2025-10-16,117831,1,10,0,144.0
10110072COSTAA_2025-10-16_G33,10110072COSTAA,2025-10-16,110371,1,12,0,255.0
10110072COSTAA_2025-10-16_G34,10110072COSTAA,2025-10-16,117820,1,13,0,217.0
10110072COSTAA_2025-10-16_G35,10110072COSTAA,2025-10-16,117820,1,14,0,184.0
10110072COSTAA_2025-10-16_G36,10110072COSTAA,2025-10-16,110373,1,4,0,231.0
10110072COSTAA_2025-10-16_G37,10110072COSTAA,2025-10-16,118299,1,6,0,235.0
10110072COSTAA_2025-10-16_G38,10110072COSTAA,2025-10-16,117808,1,35,0,765.0
10110072COSTAA_2025-10-16_G39,10110072COSTAA,2025-10-16,117808,1,51,0,709.0
10110072COSTAA_2025-11-29_G02,10110072COSTAA,2025-11-29,120028,1,135,0,2552.0
10110072COSTAA_2025-11-29_G03,10110072COSTAA,2025-11-29,122967,1,104,0,2489.0
10110072COSTAA_2025-11-29_G04,10110072COSTAA,2025-11-29,109640,1,4,0,614.0
10110072COSTAA_2025-11-29_G05,10110072COSTAA,2025-11-29,110755,1,4,0,916.0
10110072COSTAA_2025-11-29_G06,10110072COSTAA,2025-11-29,110787,1,5,0,1397.0
10110072COSTAA_2025-11-29_G07,10110072COSTAA,2025-11-29,111530,2,45,30,251.0
10110072COSTAA_2025-11-29_G08,10110072COSTAA,2025-11-29,111530,1,4,0,513.0
10110072COSTAA_2025-11-29_G09,10110072COSTAA,2025-11-29,111462,1,49,0,474.0
10110072COSTAA_2025-11-29_G10,10110072COSTAA,2025-11-29,111462,1,11,0,67.0
10110072COSTAA_2025-11-29_G11,10110072COSTAA,2025-11-29,110325,1,100,0,670.0
10110072COSTAA_2025-11-29_G12,10110072COSTAA,2025-11-29,117808,1,142,0,1649.0
10110072COSTAA_2025-11-29_G13,10110072COSTAA,2025-11-29,117808,1,242,0,671.0
10110072COSTAA_2025-11-29_G14,10110072COSTAA,2025-11-29,111444,1,4,0,993.0
10110072COSTAA_2025-11-29_G15,10110072COSTAA,2025-11-29,111530,2,20,16,126.0
10110072COSTAA_2025-11-29_G16,10110072COSTAA,2025-11-29,111418,1,12,0,576.0
10110072COSTAA_2025-11-29_G18,10110072COSTAA,2025-11-29,110895,4,14,27,75.0
10110072COSTAA_2025-11-29_G19,10110072COSTAA,2025-11-29,111569,2,6,8,255.0
10110072COSTAA_2025-11-29_G20,10110072COSTAA,2025-11-29,111438,1,4,0,238.0
10110072COSTAA_2025-11-29_G21,10110072COSTAA,2025-11-29,108759,1,3,0,332.0
10110072COSTAA_2025-11-29_G22,10110072COSTAA,2025-11-29,111850,3,7,28,54.0
10110072COSTAA_2025-11-29_G23,10110072COSTAA,2025-11-29,117836,1,3,0,177.0
10110072COSTAA_2025-11-29_G24,10110072COSTAA,2025-11-29,140911,1,2,0,205.0
10110072COSTAA_2025-11-29_G25,10110072COSTAA,2025-11-29,110747,1,4,0,382.0
10110072COSTAA_2025-11-29_G26,10110072COSTAA,2025-11-29,118222,2,5,8,86.0
10110072COSTAA_2025-11-29_G27,10110072COSTAA,2025-11-29,118222,1,2,0,378.0
10110072COSTAA_2025-11-29_G28,10110072COSTAA,2025-11-29,107236,1,3,0,327.0
10110072COSTAA_2025-11-29_G29,10110072COSTAA,2025-11-29,117787,1,3,0,102.0
10110072COSTAA_2025-11-29_G30,10110072COSTAA,2025-11-29,117785,2,9,9,87.0
10110072COSTAA_2025-11-29_G31,10110072COSTAA,2025-11-29,141457,1,1,0,101.0
10110072COSTAA_2025-11-29_G32,10110072COSTAA,2025-11-29,111466,5,88,54,59.0
10110072COSTAA_2025-11-29_G33,10110072COSTAA,2025-11-29,117821,1,10,0,612.0
10110072COSTAA_2025-11-29_G34,10110072COSTAA,2025-11-29,141458,1,5,0,597.0
10110072COSTAA_2025-11-29_G35,10110072COSTAA,2025-11-29,117831,1,8,0,104.0
10110072COSTAA_2025-11-29_G36,10110072COSTAA,2025-11-29,141456,1,5,0,119.0
10110072COSTAA_2025-11-29_G37,10110072COSTAA,2025-11-29,141823,2,6,11,105.0
10110072COSTAA_2025-11-29_G38,10110072COSTAA,2025-11-29,111465,1,3,0,86.0
10110072COSTAA_2025-11-29_G39,10110072COSTAA,2025-11-29,118317,1,3,0,231.0
10110072COSTAA_2025-11-29_G40,10110072COSTAA,2025-11-29,107236,1,3,0,141.0
10110072COSTAA_2025-11-29_G41,10110072COSTAA,2025-11-29,111172,1,3,0,371.0
10110072COSTAA_2025-11-29_G42,10110072COSTAA,2025-11-29,118140,1,36,0,93.0
10110072COSTAA_2025-11-29_G43,10110072COSTAA,2025-11-29,160055,1,2,0,550.0
10110072COSTAA_2025-11-29_G44,10110072COSTAA,2025-11-29,111469,1,8,0,110.0
10110072COSTAA_2025-11-29_G45,10110072COSTAA,2025-11-29,110740,1,5,0,343.0
10110072COSTAA_2025-12-13_G02,10110072COSTAA,2025-12-13,122983,1,6,0,132.0
10110072COSTAA_2025-12-13_G03,10110072COSTAA,2025-12-13,122703,1,6,0,315.0
10110072COSTAA_2025-12-13_G04,10110072COSTAA,2025-12-13,124486,1,13,0,261.0
10110072COSTAA_2025-12-13_G05,10110072COSTAA,2025-12-13,124247,1,2,0,173.0
10110072COSTAA_2025-12-13_G06,10110072COSTAA,2025-12-13,123909,1,2,0,158.0
10110072COSTAA_2025-12-13_G07,10110072COSTAA,2025-12-13,124370,1,2,0,124.0
10110072COSTAA_2025-12-13_G08,10110072COSTAA,2025-12-13,123344,1,4,0,149.0
10110072COSTAA_2025-12-13_G09,10110072COSTAA,2025-12-13,122984,1,30,0,630.0
10110072COSTAA_2025-12-13_G10,10110072COSTAA,2025-12-13,122962,1,7,0,184.0
10110072COSTAA_2025-12-13_G11,10110072COSTAA,2025-12-13,122983,1,8,0,71.0
10110072COSTAA_2025-12-13_G12,10110072COSTAA,2025-12-13,121651,1,16,0,290.0
10110072COSTAA_2025-12-13_G13,10110072COSTAA,2025-12-13,121760,1,10,0,197.0
10110072COSTAA_2025-12-13_G14,10110072COSTAA,2025-12-13,124486,1,30,0,336.0
10110072COSTAA_2025-12-13_G15,10110072COSTAA,2025-12-13,122986,1,6,0,161.0
10110072COSTAA_2025-12-13_G16,10110072COSTAA,2025-12-13,123909,1,3,0,152.0
10110072COSTAA_2025-12-13_G17,10110072COSTAA,2025-12-13,124370,1,7,0,241.0
10110072COSTAA_2025-12-13_G18,10110072COSTAA,2025-12-13,123345,1,3,0,182.0
10110072COSTAA_2025-12-13_G19,10110072COSTAA,2025-12-13,124475,1,2,0,156.0
10110072COSTAA_2025-12-13_G20,10110072COSTAA,2025-12-13,122962,1,3,0,34.0
10110072COSTAA_2025-12-13_G21,10110072COSTAA,2025-12-13,121760,1,4,0,96.0
10110072COSTAA_2025-12-13_G22,10110072COSTAA,2025-12-13,123345,1,4,0,219.0
10110072COSTAA_2025-12-13_G23,10110072COSTAA,2025-12-13,124475,1,4,0,84.0
10110072COSTAA_2025-12-13_G24,10110072COSTAA,2025-12-13,121760,1,4,0,116.0
10110072COSTAA_2025-12-13_G25,10110072COSTAA,2025-12-13,124486,1,6,0,240.0
10110072COSTAA_2025-12-13_G26,10110072COSTAA,2025-12-13,124370,1,7,0,295.0
10110072COSTAA_2025-12-13_G27,10110072COSTAA,2025-12-13,124475,1,2,0,80.0
10110072COSTAA_2025-12-13_G28,10110072COSTAA,2025-12-13,121760,1,6,0,156.0
10110072COSTAA_2025-12-13_G29,10110072COSTAA,2025-12-13,124486,1,3,0,112.0
10110072COSTAA_2025-12-13_G30,10110072COSTAA,2025-12-13,124370,1,6,0,133.0
10110072COSTAA_2025-12-13_G31,10110072COSTAA,2025-12-13,123344,1,4,0,197.0
10110072COSTAA_2025-12-13_G32,10110072COSTAA,2025-12-13,122984,1,6,0,128.0
10110072COSTAA_2025-12-13_G33,10110072COSTAA,2025-12-13,124475,1,2,0,78.0
10110072COSTAA_2025-12-13_G34,10110072COSTAA,2025-12-13,122962,1,5,0,69.0
10110072COSTAA_2025-12-13_G35,10110072COSTAA,2025-12-13,121651,1,3,0,70.0
10110072COSTAA_2025-12-13_G36,10110072COSTAA,2025-12-13,121760,1,6,0,118.0
10110072COSTAA_2025-12-13_G37,10110072COSTAA,2025-12-13,123909,1,4,0,127.0
10110072COSTAA_2025-12-13_G38,10110072COSTAA,2025-12-13,124370,1,4,0,78.0
10110072COSTAA_2025-12-13_G39,10110072COSTAA,2025-12-13,123345,1,4,0,166.0
10110072COSTAA_2025-12-13_G41,10110072COSTAA,2025-12-13,120271,1,4,0,275.0
10110072COSTAA_2025-12-13_G42,10110072COSTAA,2025-12-13,122671,1,16,0,413.0
10110072COSTAA_2025-12-13_G43,10110072COSTAA,2025-12-13,124476,1,4,0,298.0
10110072COSTAA_2025-12-13_G44,10110072COSTAA,2025-12-13,122984,1,17,0,513.0
10110072COSTAA_2025-12-13_G45,10110072COSTAA,2025-12-13,124371,1,14,0,335.0
10110072COSTAA_2025-12-13_G46,10110072COSTAA,2025-12-13,121760,1,2,0,140.0
10110072COSTAA_2025-12-13_G47,10110072COSTAA,2025-12-13,122962,1,19,0,465.0
10110072COSTAA_2025-12-13_G48,10110072COSTAA,2025-12-13,122962,1,20,0,475.0
10110072COSTAA_2025-12-13_G49,10110072COSTAA,2025-12-13,121923,1,2,0,1773.0
10110072COSTAA_2025-12-13_G50,10110072COSTAA,2025-12-13,123313,1,8,0,1198.0
10110072COSTAA_2025-12-13_G51,10110072COSTAA,2025-12-13,123344,1,8,0,343.0
10110072COSTAA_2026-01-05_G02,10110072COSTAA,2026-01-05,123153,1,30,0,281.0
10110072COSTAA_2026-01-05_G03,10110072COSTAA,2026-01-05,120272,1,3,0,133.0
10110072COSTAA_2026-01-05_G04,10110072COSTAA,2026-01-05,122983,1,36,0,609.0
10110072COSTAA_2026-01-05_G05,10110072COSTAA,2026-01-05,120028,1,60,0,936.0
10110072COSTAA_2026-01-05_G06,10110072COSTAA,2026-01-05,122962,1,20,0,247.0
10110072COSTAA_2026-01-05_G07,10110072COSTAA,2026-01-05,"120028, 122962",2,30,15,445.0
10110072COSTAA_2026-01-05_G08,10110072COSTAA,2026-01-05,122982,1,24,0,186.0
10110072COSTAA_2026-01-06_G02,10110072COSTAA,2026-01-06,124548,1,24,0,430.0
10110072COSTAA_2026-01-06_G03,10110072COSTAA,2026-01-06,123889,1,2,0,132.0
10110072COSTAA_2026-01-06_G04,10110072COSTAA,2026-01-06,122189,1,5,0,208.0
10110072COSTAA_2026-01-06_G05,10110072COSTAA,2026-01-06,122984,1,8,0,277.0
10110072COSTAA_2026-01-06_G06,10110072COSTAA,2026-01-06,122196,1,10,0,173.0
10110072COSTAA_2026-01-06_G07,10110072COSTAA,2026-01-06,124594,1,15,0,810.0
10110072COSTAA_2026-01-06_G08,10110072COSTAA,2026-01-06,120389,1,13,0,614.0
10110072COSTAA_2026-01-06_G09,10110072COSTAA,2026-01-06,122673,1,100,0,1552.0
10110072COSTAA_2026-01-06_G10,10110072COSTAA,2026-01-06,122962,1,30,0,807.0
10110072COSTAA_2026-01-06_G11,10110072COSTAA,2026-01-06,122673,1,14,0,140.0
10110072COSTAA_2026-01-06_G12,10110072COSTAA,2026-01-06,123345,1,4,0,295.0
10110072COSTAA_2026-01-06_G13,10110072COSTAA,2026-01-06,122647,1,12,0,284.0
10110072COSTAA_2026-01-06_G14,10110072COSTAA,2026-01-06,124248,1,12,0,321.0
10110072COSTAA_2026-01-06_G15,10110072COSTAA,2026-01-06,122962,1,10,0,114.0
10110072COSTAA_2026-01-06_G16,10110072COSTAA,2026-01-06,122647,1,20,0,292.0
10110072COSTAA_2026-01-06_G17,10110072COSTAA,2026-01-06,122962,1,24,0,745.0
10110072COSTAA_2026-01-06_G18,10110072COSTAA,2026-01-06,124486,1,10,0,241.0
10110072COSTAA_2026-01-06_G19,10110072COSTAA,2026-01-06,120389,1,8,0,188.0
10110072COSTAA_2026-01-12_G02,10110072COSTAA,2026-01-12,124486,1,10,0,120.0
10110072COSTAA_2026-01-12_G03,10110072COSTAA,2026-01-12,124476,1,6,0,167.0
10110072COSTAA_2026-01-12_G04,10110072COSTAA,2026-01-12,123153,1,12,0,414.0
10110072COSTAA_2026-01-12_G05,10110072COSTAA,2026-01-12,120339,1,6,0,125.0
10110072COSTAA_2026-01-12_G06,10110072COSTAA,2026-01-12,122196,1,14,0,428.0
10110072COSTAA_2026-01-12_G07,10110072COSTAA,2026-01-12,123345,1,30,0,665.0
10110072COSTAA_2026-01-12_G08,10110072COSTAA,2026-01-12,123343,1,10,0,568.0
10110072COSTAA_2026-01-12_G09,10110072COSTAA,2026-01-12,124248,1,1,0,397.0
10110072COSTAA_2026-01-12_G10,10110072COSTAA,2026-01-12,122984,1,30,0,689.0
10110072COSTAA_2026-01-12_G11,10110072COSTAA,2026-01-12,120008,1,60,0,1322.0
10110072COSTAA_2026-01-12_G12,10110072COSTAA,2026-01-12,124433,1,12,0,153.0
10110072COSTAA_2026-01-12_G13,10110072COSTAA,2026-01-12,123344,1,3,0,150.0
10110072COSTAA_2026-01-12_G14,10110072COSTAA,2026-01-12,122962,1,26,0,183.0
10110072COSTAA_2026-01-12_G15,10110072COSTAA,2026-01-12,124486,1,10,0,108.0
10110072COSTAA_2026-01-12_G16,10110072COSTAA,2026-01-12,124475,1,4,0,49.0
10110072COSTAA_2026-01-12_G17,10110072COSTAA,2026-01-12,"121651, 121760",2,7,15,133.0
10110072COSTAA_2026-01-12_G18,10110072COSTAA,2026-01-12,123909,1,2,0,61.0
10110072COSTAA_2026-01-12_G19,10110072COSTAA,2026-01-12,123345,1,3,0,116.0
10110072COSTAA_2026-01-12_G20,10110072COSTAA,2026-01-12,124433,1,12,0,169.0
10110072COSTAA_2026-01-26_G02,10110072COSTAA,2026-01-26,122673,1,50,0,620.0
10110072COSTAA_2026-01-26_G03,10110072COSTAA,2026-01-26,124486,1,170,0,3481.0
10110072COSTAA_2026-02-12_G02,10110072COSTAA,2026-02-12,121760,1,50,0,1243.0
10110072COSTAA_2026-02-12_G03,10110072COSTAA,2026-02-12,122984,1,6,0,2269.0
10110072COSTAA_2026-02-12_G04,10110072COSTAA,2026-02-12,123343,2,12,30,239.0
10110072COSTAA_2026-02-12_G05,10110072COSTAA,2026-02-12,181280,1,5,0,343.0
10110072COSTAA_2026-02-12_G06,10110072COSTAA,2026-02-12,124370,1,67,0,1539.0
10110072COSTAA_2026-02-12_G07,10110072COSTAA,2026-02-12,122984,1,80,0,1483.0
10110072COSTAA_2026-02-12_G08,10110072COSTAA,2026-02-12,123153,1,80,0,668.0
10110072COSTAA_2026-02-12_G09,10110072COSTAA,2026-02-12,124371,2,34,10,42.0
10110072COSTAA_2026-03-13_G02,10110072COSTAA,2026-03-13,122189,1,12,0,197.0
10110072COSTAA_2026-03-13_G03,10110072COSTAA,2026-03-13,124371,1,60,0,880.0
10110072COSTAA_2026-03-13_G04,10110072COSTAA,2026-03-13,122962,1,6,0,969.0
10110072COSTAA_2026-03-13_G05,10110072COSTAA,2026-03-13,122647,1,9,0,320.0
10110072COSTAA_2026-03-13_G06,10110072COSTAA,2026-03-13,122671,1,6,0,67.0
10110072COSTAA_2026-03-13_G07,10110072COSTAA,2026-03-13,124486,1,10,0,78.0
10110072COSTAA_2026-03-13_G08,10110072COSTAA,2026-03-13,123909,1,8,0,142.0
10110072COSTAA_2026-03-13_G10,10110072COSTAA,2026-03-13,181056,1,27,0,614.0
10110072COSTAA_2026-03-13_G11,10110072COSTAA,2026-03-13,122647,1,2,0,130.0
10110072COSTAA_2026-03-13_G12,10110072COSTAA,2026-03-13,123492,1,10,0,653.0
10110072COSTAA_2026-03-13_G13,10110072COSTAA,2026-03-13,122962,1,8,0,166.0
10110072COSTAA_2026-03-13_G14,10110072COSTAA,2026-03-13,122962,1,12,0,773.0
10110072COSTAA_2026-03-13_G15,10110072COSTAA,2026-03-13,124486,1,16,0,512.0
10110072COSTAA_2026-03-13_G16,10110072COSTAA,2026-03-13,124728,1,2,0,284.0
10110072COSTAA_2026-03-13_G17,10110072COSTAA,2026-03-13,123344,1,4,0,216.0
10110072COSTAA_2026-03-13_G18,10110072COSTAA,2026-03-13,124729,1,8,0,171.0
10110072COSTAA_2026-03-13_G19,10110072COSTAA,2026-03-13,122962,1,4,0,104.0
10110072COSTAA_2026-03-13_G20,10110072COSTAA,2026-03-13,124370,1,8,0,292.0
10110072COSTAA_2026-03-13_G21,10110072COSTAA,2026-03-13,124475,1,6,0,151.0
10110072COSTAA_2026-03-13_G22,10110072COSTAA,2026-03-13,121760,1,5,0,88.0
10110072COSTAA_2026-03-13_G23,10110072COSTAA,2026-03-13,124476,1,6,0,180.0
10110072COSTAA_2026-03-13_G24,10110072COSTAA,2026-03-13,121651,1,4,0,136.0
10110072COSTAA_2026-03-13_G25,10110072COSTAA,2026-03-13,123345,1,4,0,153.0
10110072COSTAA_2026-03-13_G26,10110072COSTAA,2026-03-13,123343,1,2,0,298.0
10110072COSTAA_2026-03-13_G27,10110072COSTAA,2026-03-13,124582,1,10,0,116.0
10110072COSTAA_2026-03-13_G28,10110072COSTAA,2026-03-13,123889,1,2,0,321.0
10110072COSTAA_2026-03-13_G29,10110072COSTAA,2026-03-13,120389,1,7,0,1571.0
10110072COSTAA_2026-03-13_G30,10110072COSTAA,2026-03-13,123343,1,8,0,400.0
10110072COSTAA_2026-03-13_G31,10110072COSTAA,2026-03-13,122962,1,40,0,545.0
10110072COSTAA_2026-03-13_G32,10110072COSTAA,2026-03-13,122647,1,20,0,357.0
10110072COSTAA_2026-03-13_G33,10110072COSTAA,2026-03-13,124486,1,20,0,330.0
10110072COSTAA_2026-03-13_G34,10110072COSTAA,2026-03-13,124370,1,4,0,158.0
10110072COSTAA_2026-03-16_G02,10110072COSTAA,2026-03-16,120028,1,36,0,643.0
10110072COSTAA_2026-03-16_G03,10110072COSTAA,2026-03-16,123909,1,8,0,877.0
10110072COSTAA_2026-03-16_G04,10110072COSTAA,2026-03-16,124729,1,2,0,309.0
10110072COSTAA_2026-03-16_G05,10110072COSTAA,2026-03-16,122703,1,4,0,199.0
10110072COSTAA_2026-03-16_G06,10110072COSTAA,2026-03-16,121760,1,4,0,256.0
10110072COSTAA_2026-03-16_G07,10110072COSTAA,2026-03-16,"123343, 124729",2,4,29,241.0
10110072COSTAA_2026-03-16_G08,10110072COSTAA,2026-03-16,121651,1,2,0,142.0
10110072COSTAA_2026-03-16_G09,10110072COSTAA,2026-03-16,122962,1,24,0,452.0
10110072COSTAA_2026-03-16_G10,10110072COSTAA,2026-03-16,124370,1,4,0,189.0
10110072COSTAA_2026-03-16_G12,10110072COSTAA,2026-03-16,124729,1,8,0,805.0
10110072COSTAA_2026-03-16_G13,10110072COSTAA,2026-03-16,121760,1,4,0,94.0
10110072COSTAA_2026-03-16_G14,10110072COSTAA,2026-03-16,123345,1,6,0,265.0
10110072COSTAA_2026-03-16_G15,10110072COSTAA,2026-03-16,123343,1,4,0,250.0
10110072COSTAA_2026-03-16_G16,10110072COSTAA,2026-03-16,120028,1,30,0,455.0
10110072COSTAA_2026-03-16_G17,10110072COSTAA,2026-03-16,122962,1,4,0,65.0
10110072COSTAA_2026-03-16_G18,10110072COSTAA,2026-03-16,122962,1,4,0,90.0
10110072COSTAA_2026-03-16_G19,10110072COSTAA,2026-03-16,122962,1,4,0,216.0
10110072COSTAA_2026-03-16_G20,10110072COSTAA,2026-03-16,123344,1,2,0,135.0
10110072COSTAA_2026-03-16_G21,10110072COSTAA,2026-03-16,124729,1,2,0,80.0
10110072COSTAA_2026-03-16_G22,10110072COSTAA,2026-03-16,124729,1,2,0,109.0
10110072COSTAA_2026-03-16_G23,10110072COSTAA,2026-03-16,121760,1,4,0,204.0
10110072COSTAA_2026-03-16_G24,10110072COSTAA,2026-03-16,124476,1,2,0,121.0
10110072COSTAA_2026-03-16_G25,10110072COSTAA,2026-03-16,123345,1,6,0,326.0
10110072COSTAA_2026-03-16_G26,10110072COSTAA,2026-03-16,123345,1,4,0,89.0
10110072COSTAA_2026-03-16_G27,10110072COSTAA,2026-03-16,122962,1,5,0,253.0
10110072COSTAA_2026-03-16_G28,10110072COSTAA,2026-03-16,122962,1,8,0,125.0
10110072COSTAA_2026-03-16_G29,10110072COSTAA,2026-03-16,124370,1,8,0,148.0
10110072COSTAA_2026-03-16_G30,10110072COSTAA,2026-03-16,122962,1,1,0,123.0
10110072COSTAA_2026-03-16_G31,10110072COSTAA,2026-03-16,122962,1,8,0,80.0
10110072COSTAA_2026-03-16_G32,10110072COSTAA,2026-03-16,124370,1,8,0,277.0
10110072COSTAA_2026-03-18_G02,10110072COSTAA,2026-03-18,122185,1,113,0,1195.0
10110072COSTAA_2026-03-20_G02,10110072COSTAA,2026-03-20,123822,1,50,0,651.0
10110072COSTAA_2026-03-20_G03,10110072COSTAA,2026-03-20,122962,1,30,0,791.0
10110072COSTAA_2026-03-20_G04,10110072COSTAA,2026-03-20,122671,1,12,0,493.0
10110072COSTAA_2026-03-25_G02,10110072COSTAA,2026-03-25,109649,1,5,0,155.0
10110072COSTAA_2026-03-25_G03,10110072COSTAA,2026-03-25,141456,2,80,20,164.0
10110072COSTAA_2026-03-25_G04,10110072COSTAA,2026-03-25,111468,1,20,0,972.0
10110072COSTAA_2026-03-25_G05,10110072COSTAA,2026-03-25,111463,1,40,0,178.0
10110072COSTAA_2026-03-25_G06,10110072COSTAA,2026-03-25,140922,1,20,0,819.0
10110072COSTAA_2026-03-25_G07,10110072COSTAA,2026-03-25,111466,1,30,0,322.0
10110072COSTAA_2026-03-25_G08,10110072COSTAA,2026-03-25,111532,1,8,0,215.0
10110072COSTAA_2026-03-25_G09,10110072COSTAA,2026-03-25,110374,2,45,16,478.0
10110072COSTAA_2026-03-25_G10,10110072COSTAA,2026-03-25,110372,1,160,0,514.0
10110072COSTAA_2026-03-25_G11,10110072COSTAA,2026-03-25,117809,1,70,0,979.0
10110072COSTAA_2026-03-25_G12,10110072COSTAA,2026-03-25,110376,1,20,0,226.0
10110072COSTAA_2026-03-25_G13,10110072COSTAA,2026-03-25,117808,1,350,0,899.0
10110072COSTAA_2026-03-25_G14,10110072COSTAA,2026-03-25,110325,1,15,0,716.0
10110072COSTAA_2026-03-25_G15,10110072COSTAA,2026-03-25,117855,1,282,0,2313.0
10110072COSTAA_2026-03-25_G16,10110072COSTAA,2026-03-25,117855,1,157,0,497.0
10110072COSTAA_2026-03-25_G17,10110072COSTAA,2026-03-25,110376,1,40,0,433.0
10110072COSTAA_2026-03-25_G19,10110072COSTAA,2026-03-25,110895,1,4,0,1149.0
10110072COSTAA_2026-03-25_G20,10110072COSTAA,2026-03-25,141456,1,2,0,217.0
10110072COSTAA_2026-03-25_G21,10110072COSTAA,2026-03-25,111876,1,1,0,172.0
10110072COSTAA_2026-03-25_G22,10110072COSTAA,2026-03-25,111443,1,2,0,216.0
10110072COSTAA_2026-03-25_G23,10110072COSTAA,2026-03-25,141457,1,23,0,178.0
10110072COSTAA_2026-03-25_G24,10110072COSTAA,2026-03-25,141456,1,8,0,81.0
10110072COSTAA_2026-03-25_G25,10110072COSTAA,2026-03-25,141456,1,112,0,218.0
10110072COSTAA_2026-03-25_G26,10110072COSTAA,2026-03-25,110376,1,4,0,917.0
10110072COSTAA_2026-03-25_G27,10110072COSTAA,2026-03-25,111876,1,2,0,727.0
10110072COSTAA_2026-03-25_G28,10110072COSTAA,2026-03-25,110313,1,7,0,161.0
10110072COSTAA_2026-03-25_G29,10110072COSTAA,2026-03-25,117862,1,9,0,117.0
10110072COSTAA_2026-03-25_G30,10110072COSTAA,2026-03-25,111443,1,4,0,183.0
10110072COSTAA_2026-03-25_G31,10110072COSTAA,2026-03-25,141456,1,8,0,101.0
10110072COSTAA_2026-03-25_G32,10110072COSTAA,2026-03-25,105705,1,4,0,92.0
10110072COSTAA_2026-03-25_G33,10110072COSTAA,2026-03-25,118094,1,5,0,1984.0
10110072COSTAA_2026-03-25_G34,10110072COSTAA,2026-03-25,140923,1,10,0,101.0
10110072COSTAA_2026-03-25_G35,10110072COSTAA,2026-03-25,117856,1,10,0,246.0
10110072COSTAA_2026-03-25_G36,10110072COSTAA,2026-03-25,117861,1,5,0,204.0
10110072COSTAA_2026-03-25_G37,10110072COSTAA,2026-03-25,141823,1,10,0,113.0
10110072COSTAA_2026-03-25_G38,10110072COSTAA,2026-03-25,105705,1,2,0,84.0
10110072COSTAA_2026-03-25_G39,10110072COSTAA,2026-03-25,111468,1,14,0,352.0
10110072COSTAA_2026-03-25_G40,10110072COSTAA,2026-03-25,141458,1,10,0,569.0
10110072COSTAA_2026-03-31_G02,10110072COSTAA,2026-03-31,110711,1,34,0,154.0
10110072COSTAA_2026-03-31_G03,10110072COSTAA,2026-03-31,117855,1,3,0,699.0
10110072COSTAA_2026-03-31_G04,10110072COSTAA,2026-03-31,141352,1,12,0,116.0
10110072COSTAA_2026-03-31_G05,10110072COSTAA,2026-03-31,109640,1,4,0,307.0
10110072COSTAA_2026-03-31_G06,10110072COSTAA,2026-03-31,111530,2,13,16,243.0
10110072COSTAA_2026-03-31_G07,10110072COSTAA,2026-03-31,111602,1,16,0,214.0
10110072COSTAA_2026-03-31_G08,10110072COSTAA,2026-03-31,118317,1,8,0,1000.0
10110072COSTAA_2026-03-31_G09,10110072COSTAA,2026-03-31,141456,1,12,0,235.0
10110072COSTAA_2026-03-31_G10,10110072COSTAA,2026-03-31,111463,1,12,0,755.0
10110072COSTAA_2026-03-31_G11,10110072COSTAA,2026-03-31,141458,1,5,0,203.0
10110072COSTAA_2026-03-31_G13,10110072COSTAA,2026-03-31,109640,3,22,26,49.0
10110072COSTAA_2026-03-31_G14,10110072COSTAA,2026-03-31,111441,1,3,0,984.0
10110072COSTAA_2026-03-31_G15,10110072COSTAA,2026-03-31,110755,1,4,0,201.0
10110072COSTAA_2026-03-31_G16,10110072COSTAA,2026-03-31,110623,1,4,0,1447.0
10110072COSTAA_2026-03-31_G17,10110072COSTAA,2026-03-31,109645,1,37,0,575.0
10110072COSTAA_2026-03-31_G19,10110072COSTAA,2026-03-31,118417,1,2,0,188.0
10110072COSTAA_2026-03-31_G20,10110072COSTAA,2026-03-31,160057,2,8,6,326.0
10110072COSTAA_2026-03-31_G21,10110072COSTAA,2026-03-31,141318,1,4,0,394.0
10110072COSTAA_2026-03-31_G22,10110072COSTAA,2026-03-31,110755,1,8,0,88.0
10110072COSTAA_2026-03-31_G23,10110072COSTAA,2026-03-31,105167,1,4,0,1445.0
10110072COSTAA_2026-03-31_G24,10110072COSTAA,2026-03-31,109641,1,280,0,1982.0
10110073MUNIZI_2025-10-19_G02,10110073MUNIZI,2025-10-19,110372,1,2,0,211.0
10110073MUNIZI_2025-10-19_G03,10110073MUNIZI,2025-10-19,109640,1,8,0,387.0
10110073MUNIZI_2025-10-19_G04,10110073MUNIZI,2025-10-19,111743,1,4,0,2473.0
10110073MUNIZI_2025-10-19_G05,10110073MUNIZI,2025-10-19,111462,1,2,0,248.0
10110073MUNIZI_2025-10-19_G06,10110073MUNIZI,2025-10-19,110372,1,2,0,259.0
10110073MUNIZI_2025-10-19_G07,10110073MUNIZI,2025-10-19,110371,1,20,0,457.0
10110073MUNIZI_2025-10-19_G08,10110073MUNIZI,2025-10-19,110339,1,2,0,895.0
10110073MUNIZI_2025-10-19_G09,10110073MUNIZI,2025-10-19,111602,1,8,0,415.0
10110073MUNIZI_2025-10-19_G10,10110073MUNIZI,2025-10-19,111462,1,2,0,214.0
10110073MUNIZI_2025-10-19_G11,10110073MUNIZI,2025-10-19,108770,1,4,0,509.0
10110073MUNIZI_2025-10-19_G12,10110073MUNIZI,2025-10-19,110339,1,2,0,349.0
10110073MUNIZI_2025-10-19_G13,10110073MUNIZI,2025-10-19,110787,1,4,0,205.0
10110073MUNIZI_2025-10-19_G14,10110073MUNIZI,2025-10-19,111172,1,2,0,165.0
10110073MUNIZI_2025-10-19_G15,10110073MUNIZI,2025-10-19,108770,1,2,0,445.0
10110073MUNIZI_2025-10-19_G16,10110073MUNIZI,2025-10-19,110313,1,4,0,693.0
10110073MUNIZI_2025-10-19_G17,10110073MUNIZI,2025-10-19,110787,1,2,0,164.0
10110073MUNIZI_2025-10-20_G02,10110073MUNIZI,2025-10-20,110755,1,4,0,695.0
10110073MUNIZI_2025-10-20_G03,10110073MUNIZI,2025-10-20,110747,1,2,0,212.0
10110073MUNIZI_2025-10-20_G04,10110073MUNIZI,2025-10-20,111418,1,6,0,819.0
10110073MUNIZI_2025-10-20_G05,10110073MUNIZI,2025-10-20,118140,1,4,0,171.0
10110073MUNIZI_2025-10-20_G06,10110073MUNIZI,2025-10-20,117820,1,4,0,311.0
10110073MUNIZI_2025-10-20_G07,10110073MUNIZI,2025-10-20,118299,1,14,0,333.0
10110073MUNIZI_2025-10-20_G08,10110073MUNIZI,2025-10-20,118222,1,8,0,1225.0
10110073MUNIZI_2025-10-20_G09,10110073MUNIZI,2025-10-20,141456,1,6,0,374.0
10110073MUNIZI_2025-10-20_G10,10110073MUNIZI,2025-10-20,111418,1,4,0,173.0
10110073MUNIZI_2025-10-20_G11,10110073MUNIZI,2025-10-20,110371,1,2,0,204.0
10110073MUNIZI_2025-10-20_G12,10110073MUNIZI,2025-10-20,117820,1,4,0,145.0
10110073MUNIZI_2025-10-20_G13,10110073MUNIZI,2025-10-20,118299,1,6,0,226.0
10110073MUNIZI_2025-10-20_G14,10110073MUNIZI,2025-10-20,111438,1,2,0,1415.0
10110073MUNIZI_2025-10-20_G15,10110073MUNIZI,2025-10-20,109640,1,2,0,289.0
10110073MUNIZI_2025-10-20_G16,10110073MUNIZI,2025-10-20,117808,1,2,0,130.0
10110073MUNIZI_2025-10-20_G17,10110073MUNIZI,2025-10-20,110733,1,6,0,305.0
10110073MUNIZI_2025-10-20_G19,10110073MUNIZI,2025-10-20,118283,1,9,0,2852.0
10110073MUNIZI_2025-10-20_G20,10110073MUNIZI,2025-10-20,111463,1,100,0,2770.0
10110073MUNIZI_2025-10-20_G21,10110073MUNIZI,2025-10-20,109643,1,30,0,2988.0
10110073MUNIZI_2025-10-21_G03,10110073MUNIZI,2025-10-21,110376,1,11,0,892.0
10110073MUNIZI_2025-10-21_G04,10110073MUNIZI,2025-10-21,141202,1,20,0,626.0
10110073MUNIZI_2025-10-21_G05,10110073MUNIZI,2025-10-21,117822,1,5,0,171.0
10110073MUNIZI_2025-10-21_G06,10110073MUNIZI,2025-10-21,110372,1,15,0,3555.0
10110073MUNIZI_2025-10-21_G09,10110073MUNIZI,2025-10-21,111463,1,120,0,2879.0
10110073MUNIZI_2025-10-21_G10,10110073MUNIZI,2025-10-21,141457,1,100,0,2121.0
10110073MUNIZI_2025-10-21_G11,10110073MUNIZI,2025-10-21,111466,1,100,0,1029.0
10110073MUNIZI_2025-10-22_G03,10110073MUNIZI,2025-10-22,117831,1,2,0,100.0
10110073MUNIZI_2025-10-22_G04,10110073MUNIZI,2025-10-22,111463,1,2,0,74.0
10110073MUNIZI_2025-10-22_G05,10110073MUNIZI,2025-10-22,140922,1,5,0,280.0
10110073MUNIZI_2025-10-22_G06,10110073MUNIZI,2025-10-22,141823,1,4,0,235.0
10110073MUNIZI_2025-10-22_G07,10110073MUNIZI,2025-10-22,108794,1,4,0,150.0
10110073MUNIZI_2025-10-22_G08,10110073MUNIZI,2025-10-22,118317,1,5,0,162.0
10110073MUNIZI_2025-10-22_G09,10110073MUNIZI,2025-10-22,118094,1,4,0,770.0
10110073MUNIZI_2025-10-22_G10,10110073MUNIZI,2025-10-22,110339,1,4,0,188.0
10110073MUNIZI_2025-10-22_G11,10110073MUNIZI,2025-10-22,118222,1,7,0,1560.0
10110073MUNIZI_2025-10-22_G12,10110073MUNIZI,2025-10-22,117856,1,6,0,173.0
10110073MUNIZI_2025-10-22_G13,10110073MUNIZI,2025-10-22,140923,1,9,0,395.0
10110073MUNIZI_2025-10-22_G14,10110073MUNIZI,2025-10-22,118140,1,8,0,3071.0
10110073MUNIZI_2025-10-22_G15,10110073MUNIZI,2025-10-22,111469,1,4,0,361.0
10110073MUNIZI_2025-10-22_G16,10110073MUNIZI,2025-10-22,111462,1,4,0,184.0
10110073MUNIZI_2025-10-23_G02,10110073MUNIZI,2025-10-23,141318,1,199,0,2900.0
10110073MUNIZI_2025-10-23_G03,10110073MUNIZI,2025-10-23,140923,1,50,0,1664.0
10110073MUNIZI_2025-10-23_G04,10110073MUNIZI,2025-10-23,140923,1,5,0,92.0
10110073MUNIZI_2025-10-23_G05,10110073MUNIZI,2025-10-23,108770,1,4,0,1151.0
10110073MUNIZI_2025-10-23_G06,10110073MUNIZI,2025-10-23,118222,1,30,0,2099.0
10110073MUNIZI_2025-10-23_G07,10110073MUNIZI,2025-10-23,110623,1,38,0,1211.0
10110073MUNIZI_2025-10-23_G08,10110073MUNIZI,2025-10-23,111469,1,200,0,1627.0
10110073MUNIZI_2025-10-23_G09,10110073MUNIZI,2025-10-23,111418,1,1,0,206.0
10110073MUNIZI_2025-10-23_G10,10110073MUNIZI,2025-10-23,111418,1,5,0,63.0
10110073MUNIZI_2025-10-23_G11,10110073MUNIZI,2025-10-23,111418,1,74,0,318.0
10110073MUNIZI_2025-10-23_G13,10110073MUNIZI,2025-10-23,101217,1,3,0,283.0
10110073MUNIZI_2025-10-23_G14,10110073MUNIZI,2025-10-23,110339,1,4,0,147.0
10110073MUNIZI_2025-10-23_G15,10110073MUNIZI,2025-10-23,117808,1,6,0,212.0
10110073MUNIZI_2025-10-23_G16,10110073MUNIZI,2025-10-23,110373,1,5,0,169.0
10110073MUNIZI_2025-10-23_G17,10110073MUNIZI,2025-10-23,105705,1,4,0,265.0
10110073MUNIZI_2025-10-23_G18,10110073MUNIZI,2025-10-23,117831,1,4,0,160.0
10110073MUNIZI_2025-10-23_G19,10110073MUNIZI,2025-10-23,111463,1,6,0,182.0
10110073MUNIZI_2025-10-23_G20,10110073MUNIZI,2025-10-23,111861,1,1,0,1992.0
10110073MUNIZI_2025-10-23_G21,10110073MUNIZI,2025-10-23,105359,1,1,0,286.0
10110073MUNIZI_2025-10-23_G22,10110073MUNIZI,2025-10-23,141311,1,4,0,427.0
10110073MUNIZI_2025-10-23_G23,10110073MUNIZI,2025-10-23,111438,1,4,0,833.0
10110073MUNIZI_2025-10-23_G24,10110073MUNIZI,2025-10-23,140922,1,8,0,319.0
10110073MUNIZI_2025-10-23_G25,10110073MUNIZI,2025-10-23,140922,1,8,0,206.0
10110073MUNIZI_2025-10-23_G26,10110073MUNIZI,2025-10-23,140922,1,4,0,54.0
10110073MUNIZI_2025-10-23_G27,10110073MUNIZI,2025-10-23,111431,1,4,0,143.0
10110073MUNIZI_2025-10-23_G28,10110073MUNIZI,2025-10-23,111442,1,4,0,192.0
10110073MUNIZI_2025-10-23_G29,10110073MUNIZI,2025-10-23,117834,1,16,0,985.0
10110073MUNIZI_2025-10-23_G30,10110073MUNIZI,2025-10-23,110580,1,2,0,273.0
10110073MUNIZI_2025-10-24_G02,10110073MUNIZI,2025-10-24,111602,1,8,0,591.0
10110073MUNIZI_2025-10-24_G03,10110073MUNIZI,2025-10-24,117831,1,8,0,439.0
10110073MUNIZI_2025-10-24_G04,10110073MUNIZI,2025-10-24,141823,1,4,0,246.0
10110073MUNIZI_2025-10-24_G05,10110073MUNIZI,2025-10-24,141202,1,4,0,226.0
10110073MUNIZI_2025-10-24_G06,10110073MUNIZI,2025-10-24,111438,1,9,0,989.0
10110073MUNIZI_2025-10-24_G07,10110073MUNIZI,2025-10-24,108701,1,2,0,1683.0
10110073MUNIZI_2025-10-24_G08,10110073MUNIZI,2025-10-24,110711,1,4,0,183.0
10110073MUNIZI_2025-10-24_G09,10110073MUNIZI,2025-10-24,110750,1,2,0,147.0
10110073MUNIZI_2025-10-24_G10,10110073MUNIZI,2025-10-24,117935,1,4,0,155.0
10110073MUNIZI_2025-10-24_G11,10110073MUNIZI,2025-10-24,"108772, 111467",2,6,17,187.0
10110073MUNIZI_2025-10-24_G12,10110073MUNIZI,2025-10-24,110375,1,2,0,101.0
10110073MUNIZI_2025-10-24_G13,10110073MUNIZI,2025-10-24,117808,1,6,0,222.0
10110073MUNIZI_2025-10-24_G14,10110073MUNIZI,2025-10-24,118299,1,5,0,92.0
10110073MUNIZI_2025-10-24_G15,10110073MUNIZI,2025-10-24,111466,1,12,0,284.0
10110073MUNIZI_2025-10-24_G16,10110073MUNIZI,2025-10-24,111743,1,1,0,114.0
10110073MUNIZI_2025-10-24_G17,10110073MUNIZI,2025-10-24,111435,1,2,0,348.0
10110073MUNIZI_2025-10-24_G18,10110073MUNIZI,2025-10-24,141823,1,2,0,110.0
10110073MUNIZI_2025-10-24_G19,10110073MUNIZI,2025-10-24,111442,1,12,0,256.0
10110073MUNIZI_2025-10-24_G20,10110073MUNIZI,2025-10-24,111468,1,1,0,205.0
10110073MUNIZI_2025-10-24_G22,10110073MUNIZI,2025-10-24,111330,1,4,0,209.0
10110073MUNIZI_2025-10-24_G23,10110073MUNIZI,2025-10-24,101228,1,15,0,2860.0
10110073MUNIZI_2025-10-24_G24,10110073MUNIZI,2025-10-24,141456,1,28,0,1126.0
10110073MUNIZI_2025-10-25_G02,10110073MUNIZI,2025-10-25,110743,1,4,0,178.0
10110073MUNIZI_2025-10-25_G03,10110073MUNIZI,2025-10-25,111462,1,2,0,323.0
10110073MUNIZI_2025-10-26_G02,10110073MUNIZI,2025-10-26,117830,1,36,0,615.0
10110073MUNIZI_2025-10-26_G03,10110073MUNIZI,2025-10-26,117830,1,4,0,65.0
10110073MUNIZI_2025-10-26_G04,10110073MUNIZI,2025-10-26,117832,1,18,0,1125.0
10110073MUNIZI_2025-10-26_G05,10110073MUNIZI,2025-10-26,117808,1,100,0,1306.0
10110073MUNIZI_2025-10-26_G06,10110073MUNIZI,2025-10-26,110373,1,20,0,278.0
10110073MUNIZI_2025-10-26_G07,10110073MUNIZI,2025-10-26,117822,1,2,0,148.0
10110073MUNIZI_2025-11-05_G02,10110073MUNIZI,2025-11-05,117809,1,24,0,285.0
10110073MUNIZI_2025-11-05_G03,10110073MUNIZI,2025-11-05,117820,1,50,0,1801.0
10110073MUNIZI_2025-11-05_G04,10110073MUNIZI,2025-11-05,117830,1,12,0,699.0
10110073MUNIZI_2025-11-05_G05,10110073MUNIZI,2025-11-05,117822,1,4,0,268.0
10110073MUNIZI_2025-11-05_G06,10110073MUNIZI,2025-11-05,110371,1,50,0,935.0
10110073MUNIZI_2025-11-05_G07,10110073MUNIZI,2025-11-05,110325,1,2,0,109.0
10110073MUNIZI_2025-11-05_G08,10110073MUNIZI,2025-11-05,110325,1,6,0,204.0
10110073MUNIZI_2025-11-05_G09,10110073MUNIZI,2025-11-05,110325,1,18,0,1074.0
10110073MUNIZI_2025-11-06_G03,10110073MUNIZI,2025-11-06,111602,1,220,0,173.0
10110073MUNIZI_2025-11-06_G04,10110073MUNIZI,2025-11-06,111879,1,208,0,46.0
10110073MUNIZI_2025-11-06_G06,10110073MUNIZI,2025-11-06,118317,1,2,0,191.0
10110073MUNIZI_2025-11-06_G07,10110073MUNIZI,2025-11-06,109640,1,2,0,772.0
10110073MUNIZI_2025-11-06_G08,10110073MUNIZI,2025-11-06,117786,1,4,0,417.0
10110073MUNIZI_2025-11-06_G09,10110073MUNIZI,2025-11-06,117856,1,3,0,212.0
10110073MUNIZI_2025-11-06_G10,10110073MUNIZI,2025-11-06,140923,1,6,0,199.0
10110073MUNIZI_2025-11-06_G11,10110073MUNIZI,2025-11-06,111530,1,5,0,394.0
10110073MUNIZI_2025-11-06_G12,10110073MUNIZI,2025-11-06,117965,1,4,0,238.0
10110073MUNIZI_2025-11-06_G13,10110073MUNIZI,2025-11-06,117832,1,4,0,200.0
10110073MUNIZI_2025-11-06_G14,10110073MUNIZI,2025-11-06,110372,1,5,0,524.0
10110073MUNIZI_2025-11-06_G15,10110073MUNIZI,2025-11-06,118299,1,10,0,236.0
10110073MUNIZI_2025-11-06_G16,10110073MUNIZI,2025-11-06,110325,1,2,0,192.0
10110073MUNIZI_2025-11-06_G17,10110073MUNIZI,2025-11-06,141202,1,4,0,179.0
10110073MUNIZI_2025-11-06_G18,10110073MUNIZI,2025-11-06,108794,1,2,0,160.0
10110073MUNIZI_2025-11-06_G19,10110073MUNIZI,2025-11-06,111532,1,4,0,253.0
10110073MUNIZI_2025-11-06_G20,10110073MUNIZI,2025-11-06,117830,1,4,0,612.0
10110073MUNIZI_2025-11-06_G21,10110073MUNIZI,2025-11-06,117832,1,4,0,112.0
10110073MUNIZI_2025-11-06_G22,10110073MUNIZI,2025-11-06,117808,1,3,0,190.0
10110073MUNIZI_2025-11-06_G23,10110073MUNIZI,2025-11-06,110372,1,5,0,109.0
10110073MUNIZI_2025-11-06_G24,10110073MUNIZI,2025-11-06,118299,1,16,0,392.0
10110073MUNIZI_2025-11-06_G25,10110073MUNIZI,2025-11-06,110373,1,8,0,225.0
10110073MUNIZI_2025-11-06_G26,10110073MUNIZI,2025-11-06,117856,1,10,0,360.0
10110073MUNIZI_2025-11-06_G27,10110073MUNIZI,2025-11-06,140923,1,14,0,253.0
10110073MUNIZI_2025-11-06_G28,10110073MUNIZI,2025-11-06,117786,1,8,0,174.0
10110073MUNIZI_2025-11-06_G29,10110073MUNIZI,2025-11-06,117862,1,7,0,214.0
10110073MUNIZI_2025-11-06_G30,10110073MUNIZI,2025-11-06,117965,1,4,0,156.0
10110073MUNIZI_2025-11-07_G02,10110073MUNIZI,2025-11-07,111436,1,4,0,1781.0
10110073MUNIZI_2025-11-07_G03,10110073MUNIZI,2025-11-07,115821,1,4,0,1143.0
10110073MUNIZI_2025-11-07_G04,10110073MUNIZI,2025-11-07,160057,1,4,0,217.0
10110073MUNIZI_2025-11-07_G05,10110073MUNIZI,2025-11-07,117786,1,8,0,729.0
10110073MUNIZI_2025-11-07_G06,10110073MUNIZI,2025-11-07,117862,1,24,0,475.0
10110073MUNIZI_2025-11-07_G07,10110073MUNIZI,2025-11-07,110733,1,12,0,269.0
10110073MUNIZI_2025-11-07_G08,10110073MUNIZI,2025-11-07,117856,1,28,0,1161.0
10110073MUNIZI_2025-11-07_G10,10110073MUNIZI,2025-11-07,110895,1,40,0,948.0
10110073MUNIZI_2025-11-07_G11,10110073MUNIZI,2025-11-07,111660,1,50,0,1451.0
10110073MUNIZI_2025-11-08_G02,10110073MUNIZI,2025-11-08,108759,1,1,0,77.0
10110073MUNIZI_2025-11-08_G03,10110073MUNIZI,2025-11-08,117834,1,20,0,1303.0
10110073MUNIZI_2025-11-08_G04,10110073MUNIZI,2025-11-08,110895,1,3,0,104.0
10110073MUNIZI_2025-11-08_G05,10110073MUNIZI,2025-11-08,110755,1,7,0,271.0
10110073MUNIZI_2025-11-08_G06,10110073MUNIZI,2025-11-08,118290,1,2,0,107.0
10110073MUNIZI_2025-11-08_G07,10110073MUNIZI,2025-11-08,111660,1,1,0,77.0
10110073MUNIZI_2025-11-08_G08,10110073MUNIZI,2025-11-08,118222,1,20,0,513.0
10110073MUNIZI_2025-11-09_G02,10110073MUNIZI,2025-11-09,141823,1,6,0,176.0
10110073MUNIZI_2025-11-09_G03,10110073MUNIZI,2025-11-09,117831,1,8,0,486.0
10110073MUNIZI_2025-11-09_G04,10110073MUNIZI,2025-11-09,118140,1,28,0,835.0
10110073MUNIZI_2025-11-09_G05,10110073MUNIZI,2025-11-09,140922,1,4,0,102.0
10110073MUNIZI_2025-11-09_G06,10110073MUNIZI,2025-11-09,111465,1,4,0,175.0
10110073MUNIZI_2025-11-09_G07,10110073MUNIZI,2025-11-09,140923,1,8,0,940.0
10110073MUNIZI_2025-11-09_G08,10110073MUNIZI,2025-11-09,118140,1,20,0,320.0
10110073MUNIZI_2025-11-09_G09,10110073MUNIZI,2025-11-09,141823,1,20,0,267.0
10110073MUNIZI_2025-11-09_G10,10110073MUNIZI,2025-11-09,110895,1,4,0,222.0
10110073MUNIZI_2025-11-09_G11,10110073MUNIZI,2025-11-09,110733,1,12,0,539.0
10110073MUNIZI_2025-11-09_G12,10110073MUNIZI,2025-11-09,110733,1,4,0,1175.0
10110073MUNIZI_2025-11-09_G13,10110073MUNIZI,2025-11-09,110711,1,6,0,146.0
10110073MUNIZI_2025-11-09_G14,10110073MUNIZI,2025-11-09,118140,1,12,0,316.0
10110073MUNIZI_2025-11-09_G15,10110073MUNIZI,2025-11-09,140922,1,8,0,195.0
10110073MUNIZI_2025-11-09_G16,10110073MUNIZI,2025-11-09,108711,1,8,0,266.0
10110073MUNIZI_2025-11-09_G17,10110073MUNIZI,2025-11-09,111743,1,6,0,257.0
10110073MUNIZI_2025-11-09_G18,10110073MUNIZI,2025-11-09,111655,1,12,0,1094.0
10110073MUNIZI_2025-11-09_G19,10110073MUNIZI,2025-11-09,111655,1,4,0,88.0
10110073MUNIZI_2025-11-09_G20,10110073MUNIZI,2025-11-09,110895,1,30,0,457.0
10110073MUNIZI_2025-11-09_G21,10110073MUNIZI,2025-11-09,110895,1,30,0,744.0
10110073MUNIZI_2025-11-09_G22,10110073MUNIZI,2025-11-09,118290,1,4,0,555.0
10110073MUNIZI_2025-11-09_G23,10110073MUNIZI,2025-11-09,118290,1,4,0,85.0
10110073MUNIZI_2025-11-10_G02,10110073MUNIZI,2025-11-10,117856,1,4,0,463.0
10110073MUNIZI_2025-11-10_G03,10110073MUNIZI,2025-11-10,111876,1,5,0,123.0
10110073MUNIZI_2025-11-10_G04,10110073MUNIZI,2025-11-10,111876,1,5,0,79.0
10110073MUNIZI_2025-11-10_G05,10110073MUNIZI,2025-11-10,117862,1,50,0,870.0
10110073MUNIZI_2025-11-10_G06,10110073MUNIZI,2025-11-10,117853,1,2,0,450.0
10110073MUNIZI_2025-11-10_G07,10110073MUNIZI,2025-11-10,117853,1,2,0,61.0
10110073MUNIZI_2025-11-10_G08,10110073MUNIZI,2025-11-10,109640,1,12,0,824.0
10110073MUNIZI_2025-11-10_G09,10110073MUNIZI,2025-11-10,111602,2,16,12,185.0
10110073MUNIZI_2025-11-10_G10,10110073MUNIZI,2025-11-10,117855,1,20,0,722.0
10110073MUNIZI_2025-11-10_G11,10110073MUNIZI,2025-11-10,111462,1,20,0,1928.0
10110073MUNIZI_2025-11-10_G12,10110073MUNIZI,2025-11-10,111462,1,20,0,227.0
10110073MUNIZI_2025-11-10_G13,10110073MUNIZI,2025-11-10,117841,1,8,0,380.0
10110073MUNIZI_2025-11-10_G14,10110073MUNIZI,2025-11-10,111443,1,20,0,1164.0
10110073MUNIZI_2025-11-10_G16,10110073MUNIZI,2025-11-10,111660,1,2,0,153.0
10110073MUNIZI_2025-11-10_G17,10110073MUNIZI,2025-11-10,111569,1,40,0,663.0
10110073MUNIZI_2025-11-10_G18,10110073MUNIZI,2025-11-10,109647,1,3,0,318.0
10110073MUNIZI_2025-11-10_G19,10110073MUNIZI,2025-11-10,140923,1,14,0,623.0
10110073MUNIZI_2025-11-10_G20,10110073MUNIZI,2025-11-10,111602,1,6,0,184.0
10110073MUNIZI_2025-11-10_G21,10110073MUNIZI,2025-11-10,110374,1,62,0,844.0
10110073MUNIZI_2025-11-10_G22,10110073MUNIZI,2025-11-10,118299,1,23,0,717.0
10110073MUNIZI_2025-11-10_G23,10110073MUNIZI,2025-11-10,110373,1,34,0,1608.0
10110073MUNIZI_2025-11-10_G24,10110073MUNIZI,2025-11-10,109645,1,3,0,456.0
10110073MUNIZI_2025-11-10_G25,10110073MUNIZI,2025-11-10,117821,1,4,0,108.0
10110073MUNIZI_2025-11-10_G26,10110073MUNIZI,2025-11-10,111418,1,23,0,416.0
10110073MUNIZI_2025-11-10_G27,10110073MUNIZI,2025-11-10,118317,1,2,0,102.0
10110073MUNIZI_2025-11-10_G28,10110073MUNIZI,2025-11-10,141456,1,8,0,567.0
10110073MUNIZI_2025-11-10_G29,10110073MUNIZI,2025-11-10,117841,1,8,0,171.0
10110073MUNIZI_2025-11-10_G30,10110073MUNIZI,2025-11-10,111466,1,14,0,426.0
10110073MUNIZI_2025-11-10_G31,10110073MUNIZI,2025-11-10,111466,1,2,0,70.0
10110073MUNIZI_2025-11-10_G32,10110073MUNIZI,2025-11-10,116241,1,8,0,227.0
10110073MUNIZI_2025-11-10_G33,10110073MUNIZI,2025-11-10,111462,1,14,0,815.0
10110073MUNIZI_2025-11-10_G34,10110073MUNIZI,2025-11-10,141458,1,39,0,579.0
10110073MUNIZI_2025-11-11_G02,10110073MUNIZI,2025-11-11,110749,1,23,0,642.0
10110073MUNIZI_2025-11-11_G03,10110073MUNIZI,2025-11-11,111440,1,70,0,2190.0
10110073MUNIZI_2025-11-11_G04,10110073MUNIZI,2025-11-11,110755,1,34,0,1700.0
10110073MUNIZI_2025-11-11_G05,10110073MUNIZI,2025-11-11,111660,1,60,0,1664.0
10110073MUNIZI_2025-11-11_G07,10110073MUNIZI,2025-11-11,110746,1,70,0,1152.0
10110073MUNIZI_2025-11-11_G08,10110073MUNIZI,2025-11-11,110895,1,112,0,841.0
10110073MUNIZI_2025-11-11_G09,10110073MUNIZI,2025-11-11,110733,1,50,0,1462.0
10110073MUNIZI_2025-11-11_G10,10110073MUNIZI,2025-11-11,109647,1,20,0,2433.0
10110073MUNIZI_2025-11-11_G11,10110073MUNIZI,2025-11-11,111876,1,20,0,692.0
10110073MUNIZI_2025-11-11_G12,10110073MUNIZI,2025-11-11,117853,1,80,0,942.0
10110073MUNIZI_2025-11-11_G13,10110073MUNIZI,2025-11-11,140923,1,200,0,1315.0
10110073MUNIZI_2025-11-12_G02,10110073MUNIZI,2025-11-12,140922,1,269,0,1715.0
10110073MUNIZI_2025-11-12_G03,10110073MUNIZI,2025-11-12,117832,1,16,0,1917.0
10110073MUNIZI_2025-11-12_G04,10110073MUNIZI,2025-11-12,110374,1,10,0,206.0
10110073MUNIZI_2025-11-12_G05,10110073MUNIZI,2025-11-12,117809,1,32,0,582.0
10110073MUNIZI_2025-11-12_G06,10110073MUNIZI,2025-11-12,117820,1,60,0,2225.0
10110073MUNIZI_2025-11-12_G07,10110073MUNIZI,2025-11-12,110373,1,8,0,1249.0
10110073MUNIZI_2025-11-12_G10,10110073MUNIZI,2025-11-12,111430,1,8,0,1923.0
10110073MUNIZI_2025-11-12_G11,10110073MUNIZI,2025-11-12,111569,1,8,0,234.0
10110073MUNIZI_2025-11-12_G12,10110073MUNIZI,2025-11-12,108759,1,2,0,134.0
10110073MUNIZI_2025-11-12_G13,10110073MUNIZI,2025-11-12,117834,1,10,0,619.0
10110073MUNIZI_2025-11-12_G14,10110073MUNIZI,2025-11-12,110895,1,14,0,652.0
10110073MUNIZI_2025-11-12_G15,10110073MUNIZI,2025-11-12,110747,1,4,0,160.0
10110073MUNIZI_2025-11-12_G16,10110073MUNIZI,2025-11-12,118222,1,48,0,695.0
10110073MUNIZI_2025-11-12_G17,10110073MUNIZI,2025-11-12,111660,1,1,0,69.0
10110073MUNIZI_2025-11-13_G02,10110073MUNIZI,2025-11-13,117788,1,6,0,135.0
10110073MUNIZI_2025-11-13_G03,10110073MUNIZI,2025-11-13,111876,1,5,0,170.0
10110073MUNIZI_2025-11-13_G04,10110073MUNIZI,2025-11-13,117853,1,8,0,307.0
10110073MUNIZI_2025-11-13_G05,10110073MUNIZI,2025-11-13,117856,1,14,0,289.0
10110073MUNIZI_2025-11-13_G06,10110073MUNIZI,2025-11-13,141047,1,4,0,577.0
10110073MUNIZI_2025-11-13_G07,10110073MUNIZI,2025-11-13,107629,1,4,0,214.0
10110073MUNIZI_2025-11-13_G08,10110073MUNIZI,2025-11-13,117862,1,66,0,1263.0
10110073MUNIZI_2025-11-13_G09,10110073MUNIZI,2025-11-13,140923,1,42,0,1889.0
10110073MUNIZI_2025-11-13_G10,10110073MUNIZI,2025-11-13,111467,1,8,0,807.0
10110073MUNIZI_2025-11-13_G11,10110073MUNIZI,2025-11-13,141066,1,4,0,135.0
10110073MUNIZI_2025-11-13_G12,10110073MUNIZI,2025-11-13,110339,1,12,0,211.0
10110073MUNIZI_2025-11-13_G13,10110073MUNIZI,2025-11-13,141823,1,10,0,1235.0
10110073MUNIZI_2025-11-13_G14,10110073MUNIZI,2025-11-13,111462,1,34,0,394.0
10110073MUNIZI_2025-11-13_G15,10110073MUNIZI,2025-11-13,117831,1,23,0,221.0
10110073MUNIZI_2025-11-13_G16,10110073MUNIZI,2025-11-13,141458,1,39,0,719.0
10110073MUNIZI_2025-11-13_G18,10110073MUNIZI,2025-11-13,111462,1,12,0,215.0
10110073MUNIZI_2025-11-13_G19,10110073MUNIZI,2025-11-13,117820,1,16,0,275.0
10110073MUNIZI_2025-11-13_G20,10110073MUNIZI,2025-11-13,117808,1,12,0,316.0
10110073MUNIZI_2025-11-13_G21,10110073MUNIZI,2025-11-13,110373,1,20,0,329.0
10110073MUNIZI_2025-11-13_G22,10110073MUNIZI,2025-11-13,117831,1,2,0,483.0
10110073MUNIZI_2025-11-13_G23,10110073MUNIZI,2025-11-13,110751,1,2,0,100.0
10110073MUNIZI_2025-11-13_G24,10110073MUNIZI,2025-11-13,111462,1,1,0,118.0
10110073MUNIZI_2025-11-13_G25,10110073MUNIZI,2025-11-13,118140,1,2,0,170.0
10110073MUNIZI_2025-11-13_G26,10110073MUNIZI,2025-11-13,117809,1,4,0,1424.0
10110073MUNIZI_2025-11-13_G27,10110073MUNIZI,2025-11-13,110372,1,2,0,133.0
10110073MUNIZI_2025-11-13_G28,10110073MUNIZI,2025-11-13,117808,1,5,0,343.0
10110073MUNIZI_2025-11-13_G29,10110073MUNIZI,2025-11-13,141202,1,2,0,104.0
10110073MUNIZI_2025-11-13_G30,10110073MUNIZI,2025-11-13,110787,1,8,0,324.0
10110073MUNIZI_2025-11-14_G02,10110073MUNIZI,2025-11-14,117831,1,2,0,130.0
10110073MUNIZI_2025-11-14_G03,10110073MUNIZI,2025-11-14,118317,1,2,0,171.0
10110073MUNIZI_2025-11-14_G04,10110073MUNIZI,2025-11-14,117809,1,2,0,138.0
10110073MUNIZI_2025-11-14_G05,10110073MUNIZI,2025-11-14,117820,1,5,0,95.0
10110073MUNIZI_2025-11-14_G06,10110073MUNIZI,2025-11-14,110372,1,3,0,147.0
10110073MUNIZI_2025-11-14_G07,10110073MUNIZI,2025-11-14,117808,1,3,0,140.0
10110073MUNIZI_2025-11-14_G08,10110073MUNIZI,2025-11-14,110373,1,4,0,129.0
10110073MUNIZI_2025-11-14_G10,10110073MUNIZI,2025-11-14,141456,1,8,0,199.0
10110073MUNIZI_2025-11-14_G11,10110073MUNIZI,2025-11-14,111463,1,10,0,184.0
10110073MUNIZI_2025-11-14_G12,10110073MUNIZI,2025-11-14,111466,1,5,0,183.0
10110073MUNIZI_2025-11-14_G13,10110073MUNIZI,2025-11-14,141457,1,8,0,220.0
10110073MUNIZI_2025-11-14_G14,10110073MUNIZI,2025-11-14,117785,1,10,0,334.0
10110073MUNIZI_2025-11-14_G15,10110073MUNIZI,2025-11-14,111434,1,4,0,264.0
10110073MUNIZI_2025-11-14_G16,10110073MUNIZI,2025-11-14,109647,1,4,0,212.0
10110073MUNIZI_2025-11-14_G17,10110073MUNIZI,2025-11-14,117861,1,2,0,131.0
10110073MUNIZI_2025-11-14_G18,10110073MUNIZI,2025-11-14,109641,1,8,0,674.0
10110073MUNIZI_2025-11-14_G19,10110073MUNIZI,2025-11-14,110733,1,3,0,225.0
10110073MUNIZI_2025-11-14_G20,10110073MUNIZI,2025-11-14,110581,1,2,0,649.0
10110073MUNIZI_2025-11-14_G21,10110073MUNIZI,2025-11-14,110733,1,2,0,69.0
10110073MUNIZI_2025-11-14_G22,10110073MUNIZI,2025-11-14,140923,1,2,0,110.0
10110073MUNIZI_2025-11-14_G23,10110073MUNIZI,2025-11-14,105242,1,4,0,89.0
10110073MUNIZI_2025-11-14_G25,10110073MUNIZI,2025-11-14,110313,1,3,0,559.0
10110073MUNIZI_2025-11-14_G26,10110073MUNIZI,2025-11-14,110787,1,8,0,200.0
10110073MUNIZI_2025-11-14_G27,10110073MUNIZI,2025-11-14,110313,1,28,0,890.0
10110073MUNIZI_2025-11-14_G28,10110073MUNIZI,2025-11-14,110787,1,4,0,228.0
10110073MUNIZI_2025-11-14_G29,10110073MUNIZI,2025-11-14,111447,1,5,0,1171.0
10110073MUNIZI_2025-11-14_G30,10110073MUNIZI,2025-11-14,107888,1,6,0,139.0
10110073MUNIZI_2025-11-14_G31,10110073MUNIZI,2025-11-14,141916,1,8,0,219.0
10110073MUNIZI_2025-11-14_G32,10110073MUNIZI,2025-11-14,141035,1,1,0,107.0
10110073MUNIZI_2025-11-14_G33,10110073MUNIZI,2025-11-14,110741,1,4,0,158.0
10110073MUNIZI_2025-11-14_G34,10110073MUNIZI,2025-11-14,140957,1,2,0,126.0
10110073MUNIZI_2025-11-14_G35,10110073MUNIZI,2025-11-14,117786,1,19,0,349.0
10110073MUNIZI_2025-11-14_G36,10110073MUNIZI,2025-11-14,140923,1,8,0,212.0
10110073MUNIZI_2025-11-14_G37,10110073MUNIZI,2025-11-14,108772,1,9,0,192.0
10110073MUNIZI_2025-11-14_G38,10110073MUNIZI,2025-11-14,105242,1,8,0,305.0
10110073MUNIZI_2025-11-14_G39,10110073MUNIZI,2025-11-14,141066,1,15,0,871.0
10110073MUNIZI_2025-11-14_G40,10110073MUNIZI,2025-11-14,117820,1,1,0,197.0
10110073MUNIZI_2025-11-14_G41,10110073MUNIZI,2025-11-14,115821,1,4,0,975.0
10110073MUNIZI_2025-11-14_G42,10110073MUNIZI,2025-11-14,141457,1,2,0,387.0
10110073MUNIZI_2025-11-14_G43,10110073MUNIZI,2025-11-14,111442,1,46,0,580.0
10110073MUNIZI_2025-11-14_G44,10110073MUNIZI,2025-11-14,110313,1,8,0,713.0
10110073MUNIZI_2025-11-15_G02,10110073MUNIZI,2025-11-15,108759,1,4,0,314.0
10110073MUNIZI_2025-11-15_G03,10110073MUNIZI,2025-11-15,111569,1,9,0,1616.0
10110073MUNIZI_2025-11-15_G04,10110073MUNIZI,2025-11-15,117861,1,4,0,179.0
10110073MUNIZI_2025-11-15_G05,10110073MUNIZI,2025-11-15,111467,1,9,0,307.0
10110073MUNIZI_2025-11-15_G06,10110073MUNIZI,2025-11-15,110339,1,4,0,154.0
10110073MUNIZI_2025-11-15_G07,10110073MUNIZI,2025-11-15,111463,1,9,0,322.0
10110073MUNIZI_2025-11-15_G08,10110073MUNIZI,2025-11-15,117830,1,4,0,275.0
10110073MUNIZI_2025-11-15_G09,10110073MUNIZI,2025-11-15,117832,1,4,0,136.0
10110073MUNIZI_2025-11-15_G10,10110073MUNIZI,2025-11-15,110733,1,3,0,505.0
10110073MUNIZI_2025-11-15_G11,10110073MUNIZI,2025-11-15,117786,1,4,0,386.0
10110073MUNIZI_2025-11-15_G12,10110073MUNIZI,2025-11-15,107629,1,2,0,70.0
10110073MUNIZI_2025-11-15_G13,10110073MUNIZI,2025-11-15,117862,1,8,0,146.0
10110073MUNIZI_2025-11-15_G14,10110073MUNIZI,2025-11-15,118094,1,2,0,145.0
10110073MUNIZI_2025-11-15_G15,10110073MUNIZI,2025-11-15,140922,1,2,0,116.0
10110073MUNIZI_2025-11-16_G02,10110073MUNIZI,2025-11-16,111463,1,7,0,370.0
10110073MUNIZI_2025-11-16_G03,10110073MUNIZI,2025-11-16,110500,1,2,0,681.0
10110073MUNIZI_2025-11-16_G04,10110073MUNIZI,2025-11-16,110895,1,1,0,1128.0
10110073MUNIZI_2025-11-16_G05,10110073MUNIZI,2025-11-16,117861,1,4,0,182.0
10110073MUNIZI_2025-11-16_G06,10110073MUNIZI,2025-11-16,117856,1,6,0,164.0
10110073MUNIZI_2025-11-16_G07,10110073MUNIZI,2025-11-16,105705,1,10,0,961.0
10110073MUNIZI_2025-11-16_G08,10110073MUNIZI,2025-11-16,116241,1,4,0,179.0
10110073MUNIZI_2025-11-16_G09,10110073MUNIZI,2025-11-16,111465,1,8,0,243.0
10110073MUNIZI_2025-11-16_G10,10110073MUNIZI,2025-11-16,109640,1,38,0,1642.0
10110073MUNIZI_2025-11-16_G11,10110073MUNIZI,2025-11-16,110372,1,8,0,487.0
10110073MUNIZI_2025-11-16_G12,10110073MUNIZI,2025-11-16,117832,1,4,0,180.0
10110073MUNIZI_2025-11-16_G13,10110073MUNIZI,2025-11-16,109643,1,6,0,298.0
10110073MUNIZI_2025-11-16_G14,10110073MUNIZI,2025-11-16,117822,1,6,0,135.0
10110073MUNIZI_2025-11-16_G15,10110073MUNIZI,2025-11-16,110373,1,14,0,199.0
10110073MUNIZI_2025-11-16_G16,10110073MUNIZI,2025-11-16,109640,1,4,0,947.0
10110073MUNIZI_2025-11-16_G17,10110073MUNIZI,2025-11-16,109640,1,2,0,49.0
10110073MUNIZI_2025-11-16_G18,10110073MUNIZI,2025-11-16,108759,1,1,0,150.0
10110073MUNIZI_2025-11-16_G19,10110073MUNIZI,2025-11-16,109640,1,2,0,254.0
10110073MUNIZI_2025-11-16_G20,10110073MUNIZI,2025-11-16,111532,1,10,0,695.0
10110073MUNIZI_2025-11-16_G21,10110073MUNIZI,2025-11-16,117935,1,14,0,875.0
10110073MUNIZI_2025-11-16_G22,10110073MUNIZI,2025-11-16,109640,1,8,0,144.0
10110073MUNIZI_2025-11-17_G02,10110073MUNIZI,2025-11-17,109640,1,1,0,845.0
10110073MUNIZI_2025-11-17_G03,10110073MUNIZI,2025-11-17,117935,1,10,0,131.0
10110073MUNIZI_2025-11-17_G04,10110073MUNIZI,2025-11-17,111532,1,105,0,1613.0
10110073MUNIZI_2025-11-17_G05,10110073MUNIZI,2025-11-17,111430,1,4,0,2922.0
10110073MUNIZI_2025-11-17_G06,10110073MUNIZI,2025-11-17,108759,1,7,0,917.0
10110073MUNIZI_2025-11-17_G07,10110073MUNIZI,2025-11-17,117834,1,4,0,135.0
10110073MUNIZI_2025-11-17_G08,10110073MUNIZI,2025-11-17,141916,1,5,0,152.0
10110073MUNIZI_2025-11-17_G09,10110073MUNIZI,2025-11-17,110747,1,6,0,249.0
10110073MUNIZI_2025-11-17_G10,10110073MUNIZI,2025-11-17,111660,1,1,0,90.0
10110073MUNIZI_2025-11-17_G11,10110073MUNIZI,2025-11-17,107892,1,6,0,145.0
10110073MUNIZI_2025-11-17_G12,10110073MUNIZI,2025-11-17,118222,1,10,0,675.0
10110073MUNIZI_2025-11-17_G14,10110073MUNIZI,2025-11-17,117835,1,2,0,52.0
10110073MUNIZI_2025-11-17_G15,10110073MUNIZI,2025-11-17,111430,1,8,0,166.0
10110073MUNIZI_2025-11-17_G16,10110073MUNIZI,2025-11-17,118306,1,1,0,79.0
10110073MUNIZI_2025-11-17_G17,10110073MUNIZI,2025-11-17,118306,1,1,0,49.0
10110073MUNIZI_2025-11-17_G18,10110073MUNIZI,2025-11-17,109933,1,2,0,160.0
10110073MUNIZI_2025-11-17_G19,10110073MUNIZI,2025-11-17,109933,1,2,0,46.0
10110073MUNIZI_2025-11-17_G20,10110073MUNIZI,2025-11-17,110841,1,1,0,120.0
10110073MUNIZI_2025-11-17_G21,10110073MUNIZI,2025-11-17,108759,1,4,0,151.0
10110073MUNIZI_2025-11-17_G22,10110073MUNIZI,2025-11-17,111440,1,1,0,60.0
10110073MUNIZI_2025-11-17_G23,10110073MUNIZI,2025-11-17,111440,1,1,0,32.0
10110073MUNIZI_2025-11-17_G24,10110073MUNIZI,2025-11-17,117836,1,4,0,191.0
10110073MUNIZI_2025-11-17_G25,10110073MUNIZI,2025-11-17,110755,1,4,0,188.0
10110073MUNIZI_2025-11-17_G26,10110073MUNIZI,2025-11-17,110755,1,4,0,127.0
10110073MUNIZI_2025-11-17_G27,10110073MUNIZI,2025-11-17,110747,1,10,0,278.0
10110073MUNIZI_2025-11-17_G28,10110073MUNIZI,2025-11-17,111660,1,16,0,609.0
10110073MUNIZI_2025-11-17_G29,10110073MUNIZI,2025-11-17,107892,1,5,0,215.0
10110073MUNIZI_2025-11-17_G30,10110073MUNIZI,2025-11-17,118222,1,12,0,2421.0
10110073MUNIZI_2025-11-17_G31,10110073MUNIZI,2025-11-17,118222,1,12,0,301.0
10110073MUNIZI_2025-11-17_G32,10110073MUNIZI,2025-11-17,110313,1,8,0,944.0
10110073MUNIZI_2025-11-17_G33,10110073MUNIZI,2025-11-17,110895,1,6,0,271.0
10110073MUNIZI_2025-11-17_G34,10110073MUNIZI,2025-11-17,110313,1,8,0,241.0
10110073MUNIZI_2025-11-17_G35,10110073MUNIZI,2025-11-17,109640,1,14,0,595.0
10110073MUNIZI_2025-11-17_G36,10110073MUNIZI,2025-11-17,117862,1,20,0,514.0
10110073MUNIZI_2025-11-17_G37,10110073MUNIZI,2025-11-17,111467,1,4,0,155.0
10110073MUNIZI_2025-11-17_G38,10110073MUNIZI,2025-11-17,110374,1,3,0,143.0
10110073MUNIZI_2025-11-17_G39,10110073MUNIZI,2025-11-17,117830,1,10,0,235.0
10110073MUNIZI_2025-11-17_G40,10110073MUNIZI,2025-11-17,110372,1,30,0,769.0
10110073MUNIZI_2025-11-17_G41,10110073MUNIZI,2025-11-17,117808,1,30,0,737.0
10110073MUNIZI_2025-11-17_G42,10110073MUNIZI,2025-11-17,110373,1,20,0,195.0
10110073MUNIZI_2025-11-17_G43,10110073MUNIZI,2025-11-17,109640,1,4,0,430.0
10110073MUNIZI_2025-11-18_G02,10110073MUNIZI,2025-11-18,117808,1,3,0,148.0
10110073MUNIZI_2025-11-18_G03,10110073MUNIZI,2025-11-18,110313,1,4,0,407.0
10110073MUNIZI_2025-11-18_G04,10110073MUNIZI,2025-11-18,117862,1,4,0,1812.0
10110073MUNIZI_2025-11-18_G05,10110073MUNIZI,2025-11-18,141456,1,4,0,130.0
10110073MUNIZI_2025-11-18_G06,10110073MUNIZI,2025-11-18,118140,1,4,0,249.0
10110073MUNIZI_2025-11-18_G07,10110073MUNIZI,2025-11-18,118306,1,2,0,294.0
10110073MUNIZI_2025-11-18_G08,10110073MUNIZI,2025-11-18,110895,1,9,0,236.0
10110073MUNIZI_2025-11-18_G09,10110073MUNIZI,2025-11-18,117834,1,4,0,187.0
10110073MUNIZI_2025-11-18_G10,10110073MUNIZI,2025-11-18,117789,1,4,0,164.0
10110073MUNIZI_2025-11-18_G11,10110073MUNIZI,2025-11-18,141035,1,4,0,405.0
10110073MUNIZI_2025-11-18_G12,10110073MUNIZI,2025-11-18,109647,1,2,0,116.0
10110073MUNIZI_2025-11-18_G13,10110073MUNIZI,2025-11-18,117861,1,7,0,163.0
10110073MUNIZI_2025-11-18_G14,10110073MUNIZI,2025-11-18,118322,1,1,0,72.0
10110073MUNIZI_2025-11-18_G15,10110073MUNIZI,2025-11-18,110733,1,1,0,74.0
10110073MUNIZI_2025-11-18_G16,10110073MUNIZI,2025-11-18,108772,1,2,0,195.0
10110073MUNIZI_2025-11-18_G17,10110073MUNIZI,2025-11-18,110339,1,2,0,122.0
10110073MUNIZI_2025-11-18_G18,10110073MUNIZI,2025-11-18,118094,1,14,0,1248.0
10110073MUNIZI_2025-11-18_G19,10110073MUNIZI,2025-11-18,141456,1,11,0,504.0
10110073MUNIZI_2025-11-18_G20,10110073MUNIZI,2025-11-18,109645,1,8,0,137.0
10110073MUNIZI_2025-11-18_G21,10110073MUNIZI,2025-11-18,110787,1,3,0,109.0
10110073MUNIZI_2025-11-18_G22,10110073MUNIZI,2025-11-18,141457,1,23,0,451.0
10110073MUNIZI_2025-11-18_G23,10110073MUNIZI,2025-11-18,111444,1,4,0,89.0
10110073MUNIZI_2025-11-18_G24,10110073MUNIZI,2025-11-18,117787,1,2,0,137.0
10110073MUNIZI_2025-11-18_G25,10110073MUNIZI,2025-11-18,110743,1,2,0,125.0
10110073MUNIZI_2025-11-18_G26,10110073MUNIZI,2025-11-18,117831,1,17,0,601.0
10110073MUNIZI_2025-11-18_G28,10110073MUNIZI,2025-11-18,111348,1,16,0,650.0
10110073MUNIZI_2025-11-18_G29,10110073MUNIZI,2025-11-18,111754,1,100,0,495.0
10110073MUNIZI_2025-11-18_G30,10110073MUNIZI,2025-11-18,111462,1,14,0,341.0
10110073MUNIZI_2025-11-18_G31,10110073MUNIZI,2025-11-18,111348,1,56,0,1342.0
10110073MUNIZI_2025-11-18_G32,10110073MUNIZI,2025-11-18,111761,1,198,0,1225.0
10110073MUNIZI_2025-11-18_G33,10110073MUNIZI,2025-11-18,105705,1,10,0,1272.0
10110073MUNIZI_2025-11-18_G34,10110073MUNIZI,2025-11-18,109643,1,4,0,404.0
10110073MUNIZI_2025-11-18_G36,10110073MUNIZI,2025-11-18,111172,1,8,0,102.0
10110073MUNIZI_2025-11-18_G37,10110073MUNIZI,2025-11-18,111172,1,4,0,66.0
10110073MUNIZI_2025-11-19_G02,10110073MUNIZI,2025-11-19,111172,1,16,0,192.0
10110073MUNIZI_2025-11-19_G03,10110073MUNIZI,2025-11-19,109645,1,16,0,581.0
10110073MUNIZI_2025-11-19_G04,10110073MUNIZI,2025-11-19,110740,1,5,0,389.0
10110073MUNIZI_2025-11-19_G05,10110073MUNIZI,2025-11-19,110740,1,112,0,975.0
10110073MUNIZI_2025-11-19_G06,10110073MUNIZI,2025-11-19,110740,1,9,0,95.0
10110073MUNIZI_2025-11-19_G07,10110073MUNIZI,2025-11-19,111418,1,80,0,366.0
10110073MUNIZI_2025-11-19_G08,10110073MUNIZI,2025-11-19,111469,1,17,0,446.0
10110073MUNIZI_2025-11-19_G09,10110073MUNIZI,2025-11-19,118317,1,40,0,1158.0
10110073MUNIZI_2025-11-19_G10,10110073MUNIZI,2025-11-19,111466,1,3,0,114.0
10110073MUNIZI_2025-11-19_G11,10110073MUNIZI,2025-11-19,111532,1,4,0,126.0
10110073MUNIZI_2025-11-19_G12,10110073MUNIZI,2025-11-19,109974,1,12,0,1728.0
10110073MUNIZI_2025-11-19_G13,10110073MUNIZI,2025-11-19,107254,1,12,0,353.0
10110073MUNIZI_2025-11-19_G14,10110073MUNIZI,2025-11-19,110682,1,1,0,120.0
10110073MUNIZI_2025-11-19_G15,10110073MUNIZI,2025-11-19,109873,1,1,0,90.0
10110073MUNIZI_2025-11-19_G16,10110073MUNIZI,2025-11-19,118198,1,2,0,137.0
10110073MUNIZI_2025-11-19_G17,10110073MUNIZI,2025-11-19,111851,1,5,0,225.0
10110073MUNIZI_2025-11-19_G18,10110073MUNIZI,2025-11-19,110579,1,4,0,93.0
10110073MUNIZI_2025-11-19_G19,10110073MUNIZI,2025-11-19,118283,1,29,0,558.0
10110073MUNIZI_2025-11-19_G20,10110073MUNIZI,2025-11-19,118280,1,38,0,832.0
10110073MUNIZI_2025-11-19_G21,10110073MUNIZI,2025-11-19,110129,1,10,0,988.0
10110073MUNIZI_2025-11-19_G22,10110073MUNIZI,2025-11-19,109645,1,8,0,220.0
10110073MUNIZI_2025-11-19_G23,10110073MUNIZI,2025-11-19,110751,1,5,0,103.0
10110073MUNIZI_2025-11-19_G24,10110073MUNIZI,2025-11-19,111182,1,6,0,169.0
10110073MUNIZI_2025-11-19_G26,10110073MUNIZI,2025-11-19,111469,1,9,0,339.0
10110073MUNIZI_2025-11-19_G27,10110073MUNIZI,2025-11-19,117808,1,20,0,253.0
10110073MUNIZI_2025-11-19_G28,10110073MUNIZI,2025-11-19,111442,1,4,0,438.0
10110073MUNIZI_2025-11-19_G29,10110073MUNIZI,2025-11-19,118222,1,4,0,201.0
10110073MUNIZI_2025-11-19_G30,10110073MUNIZI,2025-11-19,117821,1,4,0,625.0
10110073MUNIZI_2025-11-19_G31,10110073MUNIZI,2025-11-19,111469,1,9,0,206.0
10110073MUNIZI_2025-11-19_G32,10110073MUNIZI,2025-11-19,111468,1,10,0,930.0
10110073MUNIZI_2025-11-19_G33,10110073MUNIZI,2025-11-19,109640,1,2,0,306.0
10110073MUNIZI_2025-11-19_G34,10110073MUNIZI,2025-11-19,111463,1,4,0,160.0
10110073MUNIZI_2025-11-19_G35,10110073MUNIZI,2025-11-19,117785,1,4,0,266.0
10110073MUNIZI_2025-11-19_G37,10110073MUNIZI,2025-11-19,110895,1,7,0,368.0
10110073MUNIZI_2025-11-19_G38,10110073MUNIZI,2025-11-19,117797,1,3,0,172.0
10110073MUNIZI_2025-11-19_G39,10110073MUNIZI,2025-11-19,111172,1,4,0,118.0
10110073MUNIZI_2025-11-20_G02,10110073MUNIZI,2025-11-20,110754,1,4,0,197.0
10110073MUNIZI_2025-11-20_G03,10110073MUNIZI,2025-11-20,111468,1,2,0,582.0
10110073MUNIZI_2025-11-20_G04,10110073MUNIZI,2025-11-20,111463,1,2,0,173.0
10110073MUNIZI_2025-11-20_G05,10110073MUNIZI,2025-11-20,117808,1,16,0,466.0
10110073MUNIZI_2025-11-20_G06,10110073MUNIZI,2025-11-20,111468,1,3,0,178.0
10110073MUNIZI_2025-11-20_G07,10110073MUNIZI,2025-11-20,111469,1,2,0,184.0
10110073MUNIZI_2025-11-20_G08,10110073MUNIZI,2025-11-20,111463,1,4,0,171.0
10110073MUNIZI_2025-11-20_G09,10110073MUNIZI,2025-11-20,110623,1,4,0,247.0
10110073MUNIZI_2025-11-20_G10,10110073MUNIZI,2025-11-20,111468,1,1,0,169.0
10110073MUNIZI_2025-11-20_G11,10110073MUNIZI,2025-11-20,111463,1,10,0,700.0
10110073MUNIZI_2025-11-20_G12,10110073MUNIZI,2025-11-20,111468,1,2,0,166.0
10110073MUNIZI_2025-11-20_G13,10110073MUNIZI,2025-11-20,111469,1,2,0,164.0
10110073MUNIZI_2025-11-20_G14,10110073MUNIZI,2025-11-20,117797,1,5,0,254.0
10110073MUNIZI_2025-11-20_G15,10110073MUNIZI,2025-11-20,111466,1,9,0,358.0
10110073MUNIZI_2025-11-20_G16,10110073MUNIZI,2025-11-20,117797,1,8,0,489.0
10110073MUNIZI_2025-11-20_G17,10110073MUNIZI,2025-11-20,111468,1,12,0,556.0
10110073MUNIZI_2025-11-20_G18,10110073MUNIZI,2025-11-20,111463,1,20,0,404.0
10110073MUNIZI_2025-11-20_G19,10110073MUNIZI,2025-11-20,140923,1,6,0,216.0
10110073MUNIZI_2025-11-20_G20,10110073MUNIZI,2025-11-20,118442,1,4,0,859.0
10110073MUNIZI_2025-11-20_G21,10110073MUNIZI,2025-11-20,110841,1,2,0,89.0
10110073MUNIZI_2025-11-20_G22,10110073MUNIZI,2025-11-20,111356,1,1,0,124.0
10110073MUNIZI_2025-11-20_G23,10110073MUNIZI,2025-11-20,110311,1,1,0,65.0
10110073MUNIZI_2025-11-20_G24,10110073MUNIZI,2025-11-20,111660,1,4,0,215.0
10110073MUNIZI_2025-11-20_G25,10110073MUNIZI,2025-11-20,110733,1,4,0,148.0
10110073MUNIZI_2025-11-20_G26,10110073MUNIZI,2025-11-20,140923,1,6,0,218.0
10110073MUNIZI_2025-11-20_G27,10110073MUNIZI,2025-11-20,108772,1,4,0,106.0
10110073MUNIZI_2025-11-20_G28,10110073MUNIZI,2025-11-20,110373,1,4,0,399.0
10110073MUNIZI_2025-11-21_G02,10110073MUNIZI,2025-11-21,118363,1,12,0,1359.0
10110073MUNIZI_2025-11-21_G03,10110073MUNIZI,2025-11-21,140915,1,26,0,1831.0
10110073MUNIZI_2025-11-21_G04,10110073MUNIZI,2025-11-21,118326,1,40,0,742.0
10110073MUNIZI_2025-11-21_G05,10110073MUNIZI,2025-11-21,118299,1,2,0,294.0
10110073MUNIZI_2025-11-21_G06,10110073MUNIZI,2025-11-21,114647,1,25,0,2763.0
10110073MUNIZI_2025-11-22_G02,10110073MUNIZI,2025-11-22,111330,1,4,0,167.0
10110073MUNIZI_2025-11-22_G03,10110073MUNIZI,2025-11-22,117830,1,39,0,1109.0
10110073MUNIZI_2025-11-22_G04,10110073MUNIZI,2025-11-22,110373,1,50,0,2790.0
10110073MUNIZI_2025-11-22_G05,10110073MUNIZI,2025-11-22,111743,1,60,0,2042.0
10110073MUNIZI_2025-11-22_G06,10110073MUNIZI,2025-11-22,108795,1,40,0,839.0
10110073MUNIZI_2025-11-22_G07,10110073MUNIZI,2025-11-22,140922,1,60,0,604.0
10110073MUNIZI_2025-11-24_G02,10110073MUNIZI,2025-11-24,110787,1,11,0,442.0
10110073MUNIZI_2025-11-24_G03,10110073MUNIZI,2025-11-24,111436,1,1,0,1134.0
10110073MUNIZI_2025-11-24_G04,10110073MUNIZI,2025-11-24,111441,1,20,0,909.0
10110073MUNIZI_2025-11-24_G05,10110073MUNIZI,2025-11-24,111466,1,28,0,871.0
10110073MUNIZI_2025-11-24_G06,10110073MUNIZI,2025-11-24,117831,1,71,0,817.0
10110073MUNIZI_2025-11-24_G08,10110073MUNIZI,2025-11-24,117822,1,10,0,207.0
10110073MUNIZI_2025-11-24_G10,10110073MUNIZI,2025-11-24,117935,1,31,0,392.0
10110073MUNIZI_2025-11-25_G02,10110073MUNIZI,2025-11-25,111418,1,109,0,761.0
10110073MUNIZI_2025-11-25_G03,10110073MUNIZI,2025-11-25,111418,1,45,0,603.0
10110073MUNIZI_2025-11-25_G05,10110073MUNIZI,2025-11-25,160054,1,17,0,275.0
10110073MUNIZI_2025-11-25_G06,10110073MUNIZI,2025-11-25,160052,1,2,0,149.0
10110073MUNIZI_2025-11-25_G07,10110073MUNIZI,2025-11-25,160051,1,14,0,358.0
10110073MUNIZI_2025-11-26_G03,10110073MUNIZI,2025-11-26,140923,1,8,0,184.0
10110073MUNIZI_2025-11-26_G04,10110073MUNIZI,2025-11-26,111467,1,19,0,945.0
10110073MUNIZI_2025-11-26_G05,10110073MUNIZI,2025-11-26,141047,1,8,0,284.0
10110073MUNIZI_2025-11-26_G06,10110073MUNIZI,2025-11-26,107629,1,12,0,229.0
10110073MUNIZI_2025-11-26_G07,10110073MUNIZI,2025-11-26,117786,1,20,0,1312.0
10110073MUNIZI_2025-11-26_G08,10110073MUNIZI,2025-11-26,141352,1,20,0,659.0
10110073MUNIZI_2025-11-26_G09,10110073MUNIZI,2025-11-26,109647,1,6,0,572.0
10110073MUNIZI_2025-11-26_G10,10110073MUNIZI,2025-11-26,117855,1,10,0,243.0
10110073MUNIZI_2025-11-26_G11,10110073MUNIZI,2025-11-26,111602,1,7,0,226.0
10110073MUNIZI_2025-11-26_G12,10110073MUNIZI,2025-11-26,117854,1,4,0,113.0
10110073MUNIZI_2025-11-26_G13,10110073MUNIZI,2025-11-26,108771,1,3,0,1742.0
10110073MUNIZI_2025-11-26_G14,10110073MUNIZI,2025-11-26,111569,1,4,0,297.0
10110073MUNIZI_2025-11-26_G15,10110073MUNIZI,2025-11-26,111438,1,13,0,398.0
10110073MUNIZI_2025-11-26_G16,10110073MUNIZI,2025-11-26,111438,1,5,0,127.0
10110073MUNIZI_2025-11-26_G17,10110073MUNIZI,2025-11-26,110373,1,5,0,288.0
10110073MUNIZI_2025-11-26_G18,10110073MUNIZI,2025-11-26,110372,1,167,0,1982.0
10110073MUNIZI_2025-11-26_G19,10110073MUNIZI,2025-11-26,118299,1,68,0,1149.0
10110073MUNIZI_2025-11-26_G20,10110073MUNIZI,2025-11-26,110371,1,20,0,257.0
10110073MUNIZI_2025-11-27_G02,10110073MUNIZI,2025-11-27,110372,1,407,0,1828.0
10110073MUNIZI_2025-11-27_G03,10110073MUNIZI,2025-11-27,117809,1,24,0,2344.0
10110073MUNIZI_2025-11-27_G04,10110073MUNIZI,2025-11-27,117830,1,20,0,205.0
10110073MUNIZI_2025-11-27_G05,10110073MUNIZI,2025-11-27,117808,1,180,0,1012.0
10110073MUNIZI_2025-11-27_G06,10110073MUNIZI,2025-11-27,117832,1,16,0,1193.0
10110073MUNIZI_2025-11-27_G07,10110073MUNIZI,2025-11-27,118299,1,400,0,1799.0
10110073MUNIZI_2025-11-27_G09,10110073MUNIZI,2025-11-27,108770,1,8,0,534.0
10110073MUNIZI_2025-11-27_G10,10110073MUNIZI,2025-11-27,108770,1,8,0,114.0
10110073MUNIZI_2025-11-27_G11,10110073MUNIZI,2025-11-27,111438,1,4,0,139.0
10110073MUNIZI_2025-11-27_G12,10110073MUNIZI,2025-11-27,111438,1,4,0,132.0
10110073MUNIZI_2025-11-27_G13,10110073MUNIZI,2025-11-27,110895,1,31,0,851.0
10110073MUNIZI_2025-11-27_G14,10110073MUNIZI,2025-11-27,108759,1,8,0,309.0
10110073MUNIZI_2025-11-27_G15,10110073MUNIZI,2025-11-27,118222,1,8,0,245.0
10110073MUNIZI_2025-11-27_G16,10110073MUNIZI,2025-11-27,107892,1,7,0,214.0
10110073MUNIZI_2025-11-27_G17,10110073MUNIZI,2025-11-27,117830,1,60,0,1215.0
10110073MUNIZI_2025-11-27_G18,10110073MUNIZI,2025-11-27,110373,1,40,0,547.0
10110073MUNIZI_2025-11-27_G19,10110073MUNIZI,2025-11-27,110373,1,30,0,1152.0
10110073MUNIZI_2025-11-27_G20,10110073MUNIZI,2025-11-27,110372,1,20,0,300.0
10110073MUNIZI_2025-11-27_G21,10110073MUNIZI,2025-11-27,110372,1,17,0,225.0
10110073MUNIZI_2025-11-27_G22,10110073MUNIZI,2025-11-27,110371,1,40,0,903.0
10110073MUNIZI_2025-11-27_G23,10110073MUNIZI,2025-11-27,110371,1,40,0,823.0
10110073MUNIZI_2025-11-27_G24,10110073MUNIZI,2025-11-27,110371,1,30,0,715.0
10110073MUNIZI_2025-11-27_G25,10110073MUNIZI,2025-11-27,110371,1,20,0,272.0
10110073MUNIZI_2025-11-27_G26,10110073MUNIZI,2025-11-27,110371,1,20,0,310.0
10110073MUNIZI_2025-11-27_G27,10110073MUNIZI,2025-11-27,141202,1,5,0,394.0
10110073MUNIZI_2025-11-28_G02,10110073MUNIZI,2025-11-28,110745,1,3,0,56.0
10110073MUNIZI_2025-11-28_G03,10110073MUNIZI,2025-11-28,110787,1,4,0,934.0
10110073MUNIZI_2025-11-28_G04,10110073MUNIZI,2025-11-28,111435,1,5,0,363.0
10110073MUNIZI_2025-11-28_G05,10110073MUNIZI,2025-11-28,118223,1,4,0,219.0
10110073MUNIZI_2025-11-28_G06,10110073MUNIZI,2025-11-28,141457,1,20,0,428.0
10110073MUNIZI_2025-11-28_G07,10110073MUNIZI,2025-11-28,117821,1,8,0,344.0
10110073MUNIZI_2025-11-28_G08,10110073MUNIZI,2025-11-28,141458,1,20,0,371.0
10110073MUNIZI_2025-11-28_G09,10110073MUNIZI,2025-11-28,141456,1,20,0,275.0
10110073MUNIZI_2025-11-28_G10,10110073MUNIZI,2025-11-28,111465,1,8,0,238.0
10110073MUNIZI_2025-11-28_G12,10110073MUNIZI,2025-11-28,111530,1,50,0,1187.0
10110073MUNIZI_2025-11-28_G13,10110073MUNIZI,2025-11-28,111530,1,100,0,1112.0
10110073MUNIZI_2025-11-28_G14,10110073MUNIZI,2025-11-28,111462,1,4,0,909.0
10110073MUNIZI_2025-11-28_G15,10110073MUNIZI,2025-11-28,110325,1,6,0,244.0
10110073MUNIZI_2025-11-28_G16,10110073MUNIZI,2025-11-28,110747,1,6,0,1703.0
10110073MUNIZI_2025-11-28_G17,10110073MUNIZI,2025-11-28,117786,1,8,0,365.0
10110073MUNIZI_2025-11-28_G18,10110073MUNIZI,2025-11-28,160054,1,6,0,389.0
10110073MUNIZI_2025-11-28_G19,10110073MUNIZI,2025-11-28,110371,1,2,0,182.0
10110073MUNIZI_2025-11-28_G21,10110073MUNIZI,2025-11-28,111569,1,10,0,266.0
10110073MUNIZI_2025-11-28_G22,10110073MUNIZI,2025-11-28,111569,1,20,0,701.0
10110073MUNIZI_2025-11-29_G02,10110073MUNIZI,2025-11-29,141916,1,12,0,295.0
10110073MUNIZI_2025-11-29_G03,10110073MUNIZI,2025-11-29,111660,1,4,0,128.0
10110073MUNIZI_2025-11-29_G04,10110073MUNIZI,2025-11-29,107892,1,8,0,314.0
10110073MUNIZI_2025-11-29_G05,10110073MUNIZI,2025-11-29,110313,1,9,0,393.0
10110073MUNIZI_2025-11-29_G06,10110073MUNIZI,2025-11-29,110313,1,9,0,120.0
10110073MUNIZI_2025-11-29_G07,10110073MUNIZI,2025-11-29,117935,1,5,0,157.0
10110073MUNIZI_2025-11-29_G08,10110073MUNIZI,2025-11-29,117786,1,11,0,442.0
10110073MUNIZI_2025-11-29_G09,10110073MUNIZI,2025-11-29,117786,1,12,0,305.0
10110073MUNIZI_2025-11-29_G10,10110073MUNIZI,2025-11-29,109647,1,10,0,283.0
10110073MUNIZI_2025-11-29_G11,10110073MUNIZI,2025-11-29,117855,1,16,0,547.0
10110073MUNIZI_2025-11-29_G12,10110073MUNIZI,2025-11-29,105705,1,12,0,276.0
10110073MUNIZI_2025-11-29_G13,10110073MUNIZI,2025-11-29,109645,1,20,0,228.0
10110073MUNIZI_2025-11-29_G14,10110073MUNIZI,2025-11-29,111330,1,4,0,207.0
10110073MUNIZI_2025-11-29_G15,10110073MUNIZI,2025-11-29,111435,1,8,0,190.0
10110073MUNIZI_2025-11-29_G16,10110073MUNIZI,2025-11-29,118223,1,8,0,281.0
10110073MUNIZI_2025-11-29_G17,10110073MUNIZI,2025-11-29,141457,1,20,0,568.0
10110073MUNIZI_2025-11-29_G18,10110073MUNIZI,2025-11-29,141456,1,20,0,244.0
10110073MUNIZI_2025-11-29_G19,10110073MUNIZI,2025-11-29,141456,1,3,0,54.0
10110073MUNIZI_2025-11-29_G20,10110073MUNIZI,2025-11-29,109640,1,2,0,3273.0
10110073MUNIZI_2025-11-29_G21,10110073MUNIZI,2025-11-29,117831,1,1,0,67.0
10110073MUNIZI_2025-11-29_G23,10110073MUNIZI,2025-11-29,111172,1,6,0,499.0
10110073MUNIZI_2025-11-29_G24,10110073MUNIZI,2025-11-29,111418,1,20,0,617.0
10110073MUNIZI_2025-11-29_G25,10110073MUNIZI,2025-11-29,140922,1,24,0,831.0
10110073MUNIZI_2025-11-29_G26,10110073MUNIZI,2025-11-29,117820,1,4,0,105.0
10110073MUNIZI_2025-11-29_G27,10110073MUNIZI,2025-11-29,109640,1,10,0,664.0
10110073MUNIZI_2025-11-29_G28,10110073MUNIZI,2025-11-29,116241,1,10,0,1122.0
10110073MUNIZI_2025-11-29_G29,10110073MUNIZI,2025-11-29,116241,1,12,0,1062.0
10110073MUNIZI_2025-11-29_G30,10110073MUNIZI,2025-11-29,110787,1,12,0,234.0
10110073MUNIZI_2025-11-29_G31,10110073MUNIZI,2025-11-29,111469,1,60,0,902.0
10110073MUNIZI_2025-11-29_G32,10110073MUNIZI,2025-11-29,111418,1,60,0,941.0
10110073MUNIZI_2025-11-29_G33,10110073MUNIZI,2025-11-29,111418,1,54,0,1218.0
10110073MUNIZI_2025-11-29_G34,10110073MUNIZI,2025-11-29,111418,1,12,0,464.0
10110073MUNIZI_2025-11-29_G35,10110073MUNIZI,2025-11-29,111418,1,94,0,2072.0
10110073MUNIZI_2025-11-30_G02,10110073MUNIZI,2025-11-30,117786,1,8,0,188.0
10110073MUNIZI_2025-11-30_G03,10110073MUNIZI,2025-11-30,117862,1,16,0,365.0
10110073MUNIZI_2025-11-30_G04,10110073MUNIZI,2025-11-30,111418,1,30,0,1141.0
10110073MUNIZI_2025-11-30_G05,10110073MUNIZI,2025-11-30,111418,1,20,0,564.0
10110073MUNIZI_2025-11-30_G06,10110073MUNIZI,2025-11-30,111463,1,50,0,1179.0
10110073MUNIZI_2025-11-30_G07,10110073MUNIZI,2025-11-30,109649,1,4,0,1769.0
10110073MUNIZI_2025-11-30_G08,10110073MUNIZI,2025-11-30,141202,1,4,0,133.0
10110073MUNIZI_2025-11-30_G09,10110073MUNIZI,2025-11-30,111602,1,12,0,200.0
10110073MUNIZI_2025-11-30_G10,10110073MUNIZI,2025-11-30,111431,1,8,0,1216.0
10110073MUNIZI_2025-11-30_G11,10110073MUNIZI,2025-11-30,110374,1,8,0,411.0
10110073MUNIZI_2025-12-04_G02,10110073MUNIZI,2025-12-04,118253,1,8,0,641.0
10110073MUNIZI_2025-12-04_G03,10110073MUNIZI,2025-12-04,110747,1,4,0,95.0
10110073MUNIZI_2025-12-04_G04,10110073MUNIZI,2025-12-04,141916,1,4,0,181.0
10110073MUNIZI_2025-12-04_G05,10110073MUNIZI,2025-12-04,100334,1,4,0,253.0
10110073MUNIZI_2025-12-04_G06,10110073MUNIZI,2025-12-04,100334,1,2,0,71.0
10110073MUNIZI_2025-12-04_G07,10110073MUNIZI,2025-12-04,118222,1,4,0,225.0
10110073MUNIZI_2025-12-04_G08,10110073MUNIZI,2025-12-04,118269,1,8,0,1671.0
10110073MUNIZI_2025-12-04_G09,10110073MUNIZI,2025-12-04,111438,1,6,0,497.0
10110073MUNIZI_2025-12-05_G02,10110073MUNIZI,2025-12-05,109649,1,4,0,320.0
10110073MUNIZI_2025-12-05_G03,10110073MUNIZI,2025-12-05,105705,1,6,0,236.0
10110073MUNIZI_2025-12-05_G04,10110073MUNIZI,2025-12-05,116241,1,2,0,84.0
10110073MUNIZI_2025-12-05_G05,10110073MUNIZI,2025-12-05,111330,1,11,0,305.0
10110073MUNIZI_2025-12-05_G06,10110073MUNIZI,2025-12-05,109641,1,4,0,301.0
10110073MUNIZI_2025-12-05_G07,10110073MUNIZI,2025-12-05,108798,1,1,0,132.0
10110073MUNIZI_2025-12-05_G08,10110073MUNIZI,2025-12-05,118223,1,2,0,106.0
10110073MUNIZI_2025-12-05_G09,10110073MUNIZI,2025-12-05,117787,1,10,0,249.0
10110073MUNIZI_2025-12-05_G10,10110073MUNIZI,2025-12-05,141035,1,6,0,275.0
10110073MUNIZI_2025-12-05_G11,10110073MUNIZI,2025-12-05,108701,1,4,0,408.0
10110073MUNIZI_2025-12-05_G12,10110073MUNIZI,2025-12-05,140923,1,100,0,1520.0
10110073MUNIZI_2025-12-05_G13,10110073MUNIZI,2025-12-05,110753,1,2,0,284.0
10110073MUNIZI_2025-12-05_G14,10110073MUNIZI,2025-12-05,117965,1,1,0,104.0
10110073MUNIZI_2025-12-05_G15,10110073MUNIZI,2025-12-05,141047,1,9,0,331.0
10110073MUNIZI_2025-12-05_G16,10110073MUNIZI,2025-12-05,108361,1,1,0,125.0
10110073MUNIZI_2025-12-05_G17,10110073MUNIZI,2025-12-05,111353,1,1,0,88.0
10110073MUNIZI_2025-12-05_G18,10110073MUNIZI,2025-12-05,101217,1,4,0,158.0
10110073MUNIZI_2025-12-05_G19,10110073MUNIZI,2025-12-05,118094,1,2,0,949.0
10110073MUNIZI_2025-12-05_G20,10110073MUNIZI,2025-12-05,140923,1,1,0,72.0
10110073MUNIZI_2025-12-05_G21,10110073MUNIZI,2025-12-05,110339,1,2,0,83.0
10110073MUNIZI_2025-12-05_G22,10110073MUNIZI,2025-12-05,111530,1,4,0,200.0
10110073MUNIZI_2025-12-05_G23,10110073MUNIZI,2025-12-05,117855,1,12,0,231.0
10110073MUNIZI_2025-12-05_G24,10110073MUNIZI,2025-12-05,117855,1,2,0,59.0
10110073MUNIZI_2025-12-05_G25,10110073MUNIZI,2025-12-05,110375,1,2,0,283.0
10110073MUNIZI_2025-12-05_G26,10110073MUNIZI,2025-12-05,110325,1,2,0,93.0
10110073MUNIZI_2025-12-05_G27,10110073MUNIZI,2025-12-05,110325,1,6,0,141.0
10110073MUNIZI_2025-12-05_G29,10110073MUNIZI,2025-12-05,118306,1,29,0,3384.0
10110073MUNIZI_2025-12-05_G30,10110073MUNIZI,2025-12-05,141916,1,9,0,386.0
10110073MUNIZI_2025-12-05_G31,10110073MUNIZI,2025-12-05,111660,1,32,0,1183.0
10110073MUNIZI_2025-12-05_G32,10110073MUNIZI,2025-12-05,140911,1,2,0,140.0
10110073MUNIZI_2025-12-05_G33,10110073MUNIZI,2025-12-05,111876,1,4,0,426.0
10110073MUNIZI_2025-12-05_G34,10110073MUNIZI,2025-12-05,118094,1,58,0,2890.0
10110073MUNIZI_2025-12-05_G35,10110073MUNIZI,2025-12-05,117935,1,13,0,411.0
10110073MUNIZI_2025-12-05_G36,10110073MUNIZI,2025-12-05,110741,1,27,0,333.0
10110073MUNIZI_2025-12-05_G37,10110073MUNIZI,2025-12-05,110733,1,19,0,397.0
10110073MUNIZI_2025-12-05_G38,10110073MUNIZI,2025-12-05,117853,1,5,0,199.0
10110073MUNIZI_2025-12-05_G39,10110073MUNIZI,2025-12-05,141047,1,18,0,732.0
10110073MUNIZI_2025-12-05_G40,10110073MUNIZI,2025-12-05,109647,1,43,0,1541.0
10110073MUNIZI_2025-12-05_G41,10110073MUNIZI,2025-12-05,117854,1,3,0,109.0
10110073MUNIZI_2025-12-06_G02,10110073MUNIZI,2025-12-06,109640,1,10,0,281.0
10110073MUNIZI_2025-12-06_G03,10110073MUNIZI,2025-12-06,110374,1,15,0,281.0
10110073MUNIZI_2025-12-06_G04,10110073MUNIZI,2025-12-06,110373,1,56,0,2979.0
10110073MUNIZI_2025-12-06_G05,10110073MUNIZI,2025-12-06,110373,1,2,0,608.0
10110073MUNIZI_2025-12-06_G06,10110073MUNIZI,2025-12-06,118299,1,373,0,940.0
10110073MUNIZI_2025-12-06_G07,10110073MUNIZI,2025-12-06,118280,1,4,0,961.0
10110073MUNIZI_2025-12-06_G08,10110073MUNIZI,2025-12-06,110747,1,10,0,207.0
10110073MUNIZI_2025-12-06_G09,10110073MUNIZI,2025-12-06,118222,1,16,0,445.0
10110073MUNIZI_2025-12-06_G10,10110073MUNIZI,2025-12-06,118094,1,10,0,260.0
10110073MUNIZI_2025-12-06_G11,10110073MUNIZI,2025-12-06,109647,1,2,0,159.0
10110073MUNIZI_2025-12-06_G12,10110073MUNIZI,2025-12-06,117862,1,12,0,221.0
10110073MUNIZI_2025-12-06_G13,10110073MUNIZI,2025-12-06,111330,1,3,0,461.0
10110073MUNIZI_2025-12-06_G14,10110073MUNIZI,2025-12-06,117841,1,2,0,112.0
10110073MUNIZI_2025-12-06_G15,10110073MUNIZI,2025-12-06,117831,1,30,0,746.0
10110073MUNIZI_2025-12-06_G16,10110073MUNIZI,2025-12-06,117821,1,30,0,353.0
10110073MUNIZI_2025-12-06_G17,10110073MUNIZI,2025-12-06,118330,1,2,0,47.0
10110073MUNIZI_2025-12-06_G18,10110073MUNIZI,2025-12-06,141458,1,12,0,267.0
10110073MUNIZI_2025-12-06_G19,10110073MUNIZI,2025-12-06,111172,1,1,0,408.0
10110073MUNIZI_2025-12-07_G02,10110073MUNIZI,2025-12-07,160057,1,6,0,258.0
10110073MUNIZI_2025-12-07_G03,10110073MUNIZI,2025-12-07,117830,1,8,0,407.0
10110073MUNIZI_2025-12-07_G04,10110073MUNIZI,2025-12-07,117820,1,50,0,1139.0
10110073MUNIZI_2025-12-07_G05,10110073MUNIZI,2025-12-07,118299,1,40,0,574.0
10110073MUNIZI_2025-12-07_G06,10110073MUNIZI,2025-12-07,160054,1,6,0,142.0
10110073MUNIZI_2025-12-07_G07,10110073MUNIZI,2025-12-07,115234,1,4,0,1064.0
10110073MUNIZI_2025-12-07_G08,10110073MUNIZI,2025-12-07,111569,1,18,0,1349.0
10110073MUNIZI_2025-12-07_G09,10110073MUNIZI,2025-12-07,111438,1,42,0,1118.0
10110073MUNIZI_2025-12-07_G10,10110073MUNIZI,2025-12-07,110755,1,8,0,677.0
10110073MUNIZI_2025-12-07_G11,10110073MUNIZI,2025-12-07,118222,1,4,0,370.0
10110073MUNIZI_2025-12-07_G12,10110073MUNIZI,2025-12-07,117935,1,4,0,614.0
10110073MUNIZI_2025-12-07_G13,10110073MUNIZI,2025-12-07,140923,1,9,0,128.0
10110073MUNIZI_2025-12-07_G14,10110073MUNIZI,2025-12-07,110339,1,9,0,227.0
10110073MUNIZI_2025-12-07_G15,10110073MUNIZI,2025-12-07,117853,1,5,0,153.0
10110073MUNIZI_2025-12-07_G16,10110073MUNIZI,2025-12-07,117854,1,3,0,163.0
10110073MUNIZI_2025-12-07_G17,10110073MUNIZI,2025-12-07,110374,1,13,0,288.0
10110073MUNIZI_2025-12-07_G18,10110073MUNIZI,2025-12-07,117808,1,5,0,148.0
10110073MUNIZI_2025-12-07_G19,10110073MUNIZI,2025-12-07,110372,1,2,0,136.0
10110073MUNIZI_2025-12-07_G20,10110073MUNIZI,2025-12-07,110372,1,35,0,652.0
10110073MUNIZI_2025-12-07_G21,10110073MUNIZI,2025-12-07,118299,1,26,0,802.0
10110073MUNIZI_2025-12-07_G22,10110073MUNIZI,2025-12-07,111348,1,2,0,730.0
10110073MUNIZI_2025-12-08_G02,10110073MUNIZI,2025-12-08,118140,1,2,0,137.0
10110073MUNIZI_2025-12-08_G03,10110073MUNIZI,2025-12-08,118140,1,20,0,818.0
10110073MUNIZI_2025-12-08_G04,10110073MUNIZI,2025-12-08,116241,1,12,0,308.0
10110073MUNIZI_2025-12-08_G05,10110073MUNIZI,2025-12-08,111743,1,6,0,896.0
10110073MUNIZI_2025-12-08_G06,10110073MUNIZI,2025-12-08,140922,1,10,0,247.0
10110073MUNIZI_2025-12-08_G07,10110073MUNIZI,2025-12-08,111418,1,6,0,209.0
10110073MUNIZI_2025-12-08_G08,10110073MUNIZI,2025-12-08,117821,1,6,0,738.0
10110073MUNIZI_2025-12-08_G09,10110073MUNIZI,2025-12-08,111465,1,14,0,353.0
10110073MUNIZI_2025-12-08_G10,10110073MUNIZI,2025-12-08,111465,1,2,0,52.0
10110073MUNIZI_2025-12-08_G12,10110073MUNIZI,2025-12-08,111569,1,4,0,856.0
10110073MUNIZI_2025-12-08_G13,10110073MUNIZI,2025-12-08,110895,1,3,0,154.0
10110073MUNIZI_2025-12-08_G14,10110073MUNIZI,2025-12-08,108759,1,2,0,167.0
10110073MUNIZI_2025-12-08_G15,10110073MUNIZI,2025-12-08,107892,1,4,0,208.0
10110073MUNIZI_2025-12-08_G16,10110073MUNIZI,2025-12-08,117861,1,4,0,1913.0
10110073MUNIZI_2025-12-08_G17,10110073MUNIZI,2025-12-08,141035,1,2,0,162.0
10110073MUNIZI_2025-12-08_G18,10110073MUNIZI,2025-12-08,117837,1,4,0,189.0
10110073MUNIZI_2025-12-08_G19,10110073MUNIZI,2025-12-08,110733,1,7,0,225.0
10110073MUNIZI_2025-12-08_G20,10110073MUNIZI,2025-12-08,117856,1,24,0,1069.0
10110073MUNIZI_2025-12-08_G21,10110073MUNIZI,2025-12-08,141066,1,10,0,394.0
10110073MUNIZI_2025-12-08_G22,10110073MUNIZI,2025-12-08,107629,1,2,0,123.0
10110073MUNIZI_2025-12-08_G23,10110073MUNIZI,2025-12-08,111530,1,14,0,691.0
10110073MUNIZI_2025-12-08_G24,10110073MUNIZI,2025-12-08,117786,1,12,0,244.0
10110073MUNIZI_2025-12-08_G25,10110073MUNIZI,2025-12-08,117855,1,4,0,245.0
10110073MUNIZI_2025-12-08_G26,10110073MUNIZI,2025-12-08,117862,1,16,0,586.0
10110073MUNIZI_2025-12-08_G27,10110073MUNIZI,2025-12-08,118094,1,2,0,270.0
10110073MUNIZI_2025-12-08_G28,10110073MUNIZI,2025-12-08,109640,1,5,0,152.0
10110073MUNIZI_2025-12-08_G29,10110073MUNIZI,2025-12-08,110711,1,3,0,174.0
10110073MUNIZI_2025-12-08_G30,10110073MUNIZI,2025-12-08,108772,1,2,0,200.0
10110073MUNIZI_2025-12-08_G31,10110073MUNIZI,2025-12-08,110129,1,5,0,844.0
10110073MUNIZI_2025-12-08_G32,10110073MUNIZI,2025-12-08,111348,1,6,0,1174.0
10110073MUNIZI_2025-12-08_G33,10110073MUNIZI,2025-12-08,110740,1,12,0,608.0
10110073MUNIZI_2025-12-08_G34,10110073MUNIZI,2025-12-08,118317,1,3,0,522.0
10110073MUNIZI_2025-12-09_G02,10110073MUNIZI,2025-12-09,141823,1,2,0,82.0
10110073MUNIZI_2025-12-09_G03,10110073MUNIZI,2025-12-09,141456,1,12,0,234.0
10110073MUNIZI_2025-12-09_G04,10110073MUNIZI,2025-12-09,105705,1,1,0,108.0
10110073MUNIZI_2025-12-09_G05,10110073MUNIZI,2025-12-09,111743,1,12,0,214.0
10110073MUNIZI_2025-12-09_G06,10110073MUNIZI,2025-12-09,117838,1,6,0,262.0
10110073MUNIZI_2025-12-09_G07,10110073MUNIZI,2025-12-09,140922,1,10,0,178.0
10110073MUNIZI_2025-12-09_G08,10110073MUNIZI,2025-12-09,111532,1,21,0,546.0
10110073MUNIZI_2025-12-09_G09,10110073MUNIZI,2025-12-09,141457,1,16,0,616.0
10110073MUNIZI_2025-12-09_G10,10110073MUNIZI,2025-12-09,108798,1,6,0,154.0
10110073MUNIZI_2025-12-09_G11,10110073MUNIZI,2025-12-09,141048,1,4,0,362.0
10110073MUNIZI_2025-12-09_G12,10110073MUNIZI,2025-12-09,111463,1,3,0,146.0
10110073MUNIZI_2025-12-09_G13,10110073MUNIZI,2025-12-09,117831,1,14,0,182.0
10110073MUNIZI_2025-12-09_G14,10110073MUNIZI,2025-12-09,117787,1,2,0,85.0
10110073MUNIZI_2025-12-09_G15,10110073MUNIZI,2025-12-09,111443,1,4,0,179.0
10110073MUNIZI_2025-12-09_G16,10110073MUNIZI,2025-12-09,117821,1,8,0,148.0
10110073MUNIZI_2025-12-09_G17,10110073MUNIZI,2025-12-09,118330,1,4,0,91.0
10110073MUNIZI_2025-12-09_G18,10110073MUNIZI,2025-12-09,117809,1,19,0,291.0
10110073MUNIZI_2025-12-09_G19,10110073MUNIZI,2025-12-09,117822,1,4,0,101.0
10110073MUNIZI_2025-12-09_G20,10110073MUNIZI,2025-12-09,110376,1,8,0,156.0
10110073MUNIZI_2025-12-09_G21,10110073MUNIZI,2025-12-09,117832,1,4,0,97.0
10110073MUNIZI_2025-12-09_G22,10110073MUNIZI,2025-12-09,109643,1,1,0,252.0
10110073MUNIZI_2025-12-10_G02,10110073MUNIZI,2025-12-10,118306,1,3,0,1998.0
10110073MUNIZI_2025-12-10_G03,10110073MUNIZI,2025-12-10,111569,1,4,0,546.0
10110073MUNIZI_2025-12-10_G04,10110073MUNIZI,2025-12-10,111430,1,2,0,62.0
10110073MUNIZI_2025-12-10_G05,10110073MUNIZI,2025-12-10,118222,1,11,0,440.0
10110073MUNIZI_2025-12-10_G06,10110073MUNIZI,2025-12-10,116527,1,4,0,619.0
10110073MUNIZI_2025-12-10_G07,10110073MUNIZI,2025-12-10,141916,1,2,0,148.0
10110073MUNIZI_2025-12-10_G08,10110073MUNIZI,2025-12-10,110747,1,6,0,213.0
10110073MUNIZI_2025-12-10_G09,10110073MUNIZI,2025-12-10,110754,1,2,0,233.0
10110073MUNIZI_2025-12-10_G10,10110073MUNIZI,2025-12-10,141456,1,40,0,1417.0
10110073MUNIZI_2025-12-10_G11,10110073MUNIZI,2025-12-10,118140,1,30,0,527.0
10110073MUNIZI_2025-12-10_G12,10110073MUNIZI,2025-12-10,110751,1,6,0,188.0
10110073MUNIZI_2025-12-10_G13,10110073MUNIZI,2025-12-10,111330,1,4,0,727.0
10110073MUNIZI_2025-12-10_G14,10110073MUNIZI,2025-12-10,111743,1,2,0,77.0
10110073MUNIZI_2025-12-10_G15,10110073MUNIZI,2025-12-10,111468,1,3,0,133.0
10110073MUNIZI_2025-12-10_G16,10110073MUNIZI,2025-12-10,111434,1,2,0,202.0
10110073MUNIZI_2025-12-10_G17,10110073MUNIZI,2025-12-10,110745,1,6,0,202.0
10110073MUNIZI_2025-12-10_G18,10110073MUNIZI,2025-12-10,140922,1,12,0,1684.0
10110073MUNIZI_2025-12-10_G19,10110073MUNIZI,2025-12-10,108711,1,10,0,125.0
10110073MUNIZI_2025-12-10_G20,10110073MUNIZI,2025-12-10,108794,1,4,0,110.0
10110073MUNIZI_2025-12-10_G22,10110073MUNIZI,2025-12-10,111776,1,6,0,272.0
10110073MUNIZI_2025-12-10_G23,10110073MUNIZI,2025-12-10,110582,1,11,0,964.0
10110073MUNIZI_2025-12-10_G24,10110073MUNIZI,2025-12-10,108961,1,1,0,158.0
10110073MUNIZI_2025-12-10_G26,10110073MUNIZI,2025-12-10,117855,1,108,0,1454.0
10110073MUNIZI_2025-12-10_G27,10110073MUNIZI,2025-12-10,111467,1,170,0,1152.0
10110073MUNIZI_2025-12-11_G04,10110073MUNIZI,2025-12-11,111467,1,1,0,218.0
10110073MUNIZI_2025-12-11_G05,10110073MUNIZI,2025-12-11,141047,1,1,0,115.0
10110073MUNIZI_2025-12-11_G06,10110073MUNIZI,2025-12-11,110752,1,1,0,105.0
10110073MUNIZI_2025-12-11_G07,10110073MUNIZI,2025-12-11,141456,1,1,0,119.0
10110073MUNIZI_2025-12-11_G08,10110073MUNIZI,2025-12-11,109645,1,8,0,169.0
10110073MUNIZI_2025-12-11_G09,10110073MUNIZI,2025-12-11,110745,1,2,0,106.0
10110073MUNIZI_2025-12-11_G10,10110073MUNIZI,2025-12-11,105705,1,1,0,119.0
10110073MUNIZI_2025-12-11_G11,10110073MUNIZI,2025-12-11,111418,1,2,0,114.0
10110073MUNIZI_2025-12-11_G12,10110073MUNIZI,2025-12-11,117787,1,2,0,96.0
10110073MUNIZI_2025-12-11_G13,10110073MUNIZI,2025-12-11,110740,1,1,0,77.0
10110073MUNIZI_2025-12-11_G14,10110073MUNIZI,2025-12-11,117785,1,6,0,126.0
10110073MUNIZI_2025-12-11_G15,10110073MUNIZI,2025-12-11,111466,1,2,0,114.0
10110073MUNIZI_2025-12-11_G16,10110073MUNIZI,2025-12-11,110374,1,3,0,177.0
10110073MUNIZI_2025-12-11_G17,10110073MUNIZI,2025-12-11,117809,1,1,0,63.0
10110073MUNIZI_2025-12-11_G18,10110073MUNIZI,2025-12-11,118298,1,3,0,164.0
10110073MUNIZI_2025-12-11_G19,10110073MUNIZI,2025-12-11,118140,1,12,0,830.0
10110073MUNIZI_2025-12-11_G20,10110073MUNIZI,2025-12-11,140922,1,4,0,106.0
10110073MUNIZI_2025-12-11_G21,10110073MUNIZI,2025-12-11,108711,1,4,0,130.0
10110073MUNIZI_2025-12-11_G22,10110073MUNIZI,2025-12-11,141202,1,8,0,178.0
10110073MUNIZI_2025-12-11_G23,10110073MUNIZI,2025-12-11,111602,1,4,0,398.0
10110073MUNIZI_2025-12-11_G24,10110073MUNIZI,2025-12-11,111530,1,20,0,306.0
10110073MUNIZI_2025-12-11_G25,10110073MUNIZI,2025-12-11,117855,1,4,0,243.0
10110073MUNIZI_2025-12-11_G26,10110073MUNIZI,2025-12-11,111467,1,5,0,121.0
10110073MUNIZI_2025-12-11_G27,10110073MUNIZI,2025-12-11,118317,1,3,0,332.0
10110073MUNIZI_2025-12-11_G28,10110073MUNIZI,2025-12-11,111172,1,6,0,162.0
10110073MUNIZI_2025-12-11_G29,10110073MUNIZI,2025-12-11,111466,1,45,0,1707.0
10110073MUNIZI_2025-12-11_G30,10110073MUNIZI,2025-12-11,111466,1,5,0,97.0
10110073MUNIZI_2025-12-11_G31,10110073MUNIZI,2025-12-11,117808,1,10,0,570.0
10110073MUNIZI_2025-12-11_G32,10110073MUNIZI,2025-12-11,111760,1,6,0,1099.0
10110073MUNIZI_2025-12-11_G33,10110073MUNIZI,2025-12-11,111739,1,5,0,127.0
10110073MUNIZI_2025-12-11_G34,10110073MUNIZI,2025-12-11,111759,1,30,0,898.0
10110073MUNIZI_2025-12-11_G35,10110073MUNIZI,2025-12-11,141141,1,10,0,330.0
10110073MUNIZI_2025-12-11_G36,10110073MUNIZI,2025-12-11,111724,1,5,0,2065.0
10110073MUNIZI_2025-12-11_G37,10110073MUNIZI,2025-12-11,141262,1,20,0,617.0
10110073MUNIZI_2025-12-12_G02,10110073MUNIZI,2025-12-12,111634,1,40,0,366.0
10110073MUNIZI_2025-12-12_G03,10110073MUNIZI,2025-12-12,118140,1,4,0,372.0
10110073MUNIZI_2025-12-12_G04,10110073MUNIZI,2025-12-12,140922,1,4,0,85.0
10110073MUNIZI_2025-12-12_G05,10110073MUNIZI,2025-12-12,111743,1,4,0,147.0
10110073MUNIZI_2025-12-12_G06,10110073MUNIZI,2025-12-12,117808,1,30,0,1855.0
10110073MUNIZI_2025-12-12_G08,10110073MUNIZI,2025-12-12,110080,1,2,0,120.0
10110073MUNIZI_2025-12-12_G09,10110073MUNIZI,2025-12-12,118353,1,4,0,239.0
10110073MUNIZI_2025-12-12_G10,10110073MUNIZI,2025-12-12,117835,1,2,0,85.0
10110073MUNIZI_2025-12-12_G11,10110073MUNIZI,2025-12-12,111569,1,4,0,195.0
10110073MUNIZI_2025-12-12_G12,10110073MUNIZI,2025-12-12,110895,1,16,0,366.0
10110073MUNIZI_2025-12-12_G13,10110073MUNIZI,2025-12-12,118283,1,26,0,912.0
10110073MUNIZI_2025-12-12_G14,10110073MUNIZI,2025-12-12,111655,1,5,0,135.0
10110073MUNIZI_2025-12-12_G15,10110073MUNIZI,2025-12-12,110765,1,2,0,157.0
10110073MUNIZI_2025-12-12_G16,10110073MUNIZI,2025-12-12,110081,1,2,0,80.0
10110073MUNIZI_2025-12-12_G17,10110073MUNIZI,2025-12-12,118417,1,1,0,82.0
10110073MUNIZI_2025-12-12_G18,10110073MUNIZI,2025-12-12,105359,1,1,0,166.0
10110073MUNIZI_2025-12-12_G19,10110073MUNIZI,2025-12-12,141370,1,2,0,128.0
10110073MUNIZI_2025-12-12_G20,10110073MUNIZI,2025-12-12,109471,1,2,0,129.0
10110073MUNIZI_2025-12-12_G21,10110073MUNIZI,2025-12-12,110834,1,3,0,264.0
10110073MUNIZI_2025-12-12_G22,10110073MUNIZI,2025-12-12,111441,1,2,0,696.0
10110073MUNIZI_2025-12-12_G23,10110073MUNIZI,2025-12-12,110755,1,3,0,319.0
10110073MUNIZI_2025-12-12_G24,10110073MUNIZI,2025-12-12,110339,1,4,0,143.0
10110073MUNIZI_2025-12-12_G25,10110073MUNIZI,2025-12-12,111530,1,4,0,151.0
10110073MUNIZI_2025-12-12_G26,10110073MUNIZI,2025-12-12,109640,1,6,0,242.0
10110073MUNIZI_2025-12-12_G27,10110073MUNIZI,2025-12-12,141202,1,4,0,185.0
10110073MUNIZI_2025-12-12_G28,10110073MUNIZI,2025-12-12,111418,1,10,0,518.0
10110073MUNIZI_2025-12-12_G29,10110073MUNIZI,2025-12-12,111418,1,20,0,388.0
10110073MUNIZI_2025-12-12_G30,10110073MUNIZI,2025-12-12,118140,1,14,0,324.0
10110073MUNIZI_2025-12-12_G31,10110073MUNIZI,2025-12-12,118140,1,8,0,122.0
10110073MUNIZI_2025-12-12_G32,10110073MUNIZI,2025-12-12,111463,1,8,0,1269.0
10110073MUNIZI_2025-12-12_G33,10110073MUNIZI,2025-12-12,111468,1,2,0,77.0
10110073MUNIZI_2025-12-12_G34,10110073MUNIZI,2025-12-12,117831,1,20,0,710.0
10110073MUNIZI_2025-12-12_G35,10110073MUNIZI,2025-12-12,111431,1,2,0,106.0
10110073MUNIZI_2025-12-12_G36,10110073MUNIZI,2025-12-12,141457,1,4,0,323.0
10110073MUNIZI_2025-12-13_G02,10110073MUNIZI,2025-12-13,110711,1,2,0,245.0
10110073MUNIZI_2025-12-13_G03,10110073MUNIZI,2025-12-13,117786,1,2,0,131.0
10110073MUNIZI_2025-12-13_G04,10110073MUNIZI,2025-12-13,111418,1,4,0,250.0
10110073MUNIZI_2025-12-13_G05,10110073MUNIZI,2025-12-13,110374,1,1,0,122.0
10110073MUNIZI_2025-12-13_G06,10110073MUNIZI,2025-12-13,117808,1,7,0,848.0
10110073MUNIZI_2025-12-13_G07,10110073MUNIZI,2025-12-13,110325,1,4,0,235.0
10110073MUNIZI_2025-12-13_G08,10110073MUNIZI,2025-12-13,117861,1,8,0,1118.0
10110073MUNIZI_2025-12-13_G09,10110073MUNIZI,2025-12-13,107629,1,4,0,330.0
10110073MUNIZI_2025-12-13_G10,10110073MUNIZI,2025-12-13,117786,1,4,0,143.0
10110073MUNIZI_2025-12-13_G11,10110073MUNIZI,2025-12-13,141456,1,14,0,491.0
10110073MUNIZI_2025-12-13_G12,10110073MUNIZI,2025-12-13,118140,1,20,0,345.0
10110073MUNIZI_2025-12-13_G13,10110073MUNIZI,2025-12-13,111463,1,30,0,381.0
10110073MUNIZI_2025-12-13_G14,10110073MUNIZI,2025-12-13,141202,1,8,0,153.0
10110073MUNIZI_2025-12-13_G15,10110073MUNIZI,2025-12-13,118317,1,10,0,638.0
10110073MUNIZI_2025-12-13_G16,10110073MUNIZI,2025-12-13,111465,1,4,0,130.0
10110073MUNIZI_2025-12-13_G17,10110073MUNIZI,2025-12-13,141456,1,12,0,232.0
10110073MUNIZI_2025-12-13_G18,10110073MUNIZI,2025-12-13,118140,1,24,0,460.0
10110073MUNIZI_2025-12-13_G19,10110073MUNIZI,2025-12-13,108795,1,3,0,100.0
10110073MUNIZI_2025-12-13_G20,10110073MUNIZI,2025-12-13,111463,1,17,0,318.0
10110073MUNIZI_2025-12-13_G21,10110073MUNIZI,2025-12-13,140922,1,2,0,60.0
10110073MUNIZI_2025-12-13_G22,10110073MUNIZI,2025-12-13,110751,1,2,0,73.0
10110073MUNIZI_2025-12-13_G23,10110073MUNIZI,2025-12-13,111468,1,2,0,57.0
10110073MUNIZI_2025-12-13_G24,10110073MUNIZI,2025-12-13,111182,1,2,0,84.0
10110073MUNIZI_2025-12-13_G25,10110073MUNIZI,2025-12-13,108711,1,6,0,159.0
10110073MUNIZI_2025-12-13_G26,10110073MUNIZI,2025-12-13,141823,1,10,0,257.0
10110073MUNIZI_2025-12-13_G27,10110073MUNIZI,2025-12-13,111433,1,8,0,441.0
10110073MUNIZI_2025-12-13_G28,10110073MUNIZI,2025-12-13,110743,1,4,0,417.0
10110073MUNIZI_2025-12-13_G29,10110073MUNIZI,2025-12-13,105705,1,1,0,78.0
10110073MUNIZI_2025-12-13_G30,10110073MUNIZI,2025-12-13,117831,1,7,0,137.0
10110073MUNIZI_2025-12-13_G31,10110073MUNIZI,2025-12-13,141457,1,4,0,356.0
10110073MUNIZI_2025-12-13_G32,10110073MUNIZI,2025-12-13,117785,1,13,0,188.0
10110073MUNIZI_2025-12-13_G33,10110073MUNIZI,2025-12-13,111443,1,4,0,117.0
10110073MUNIZI_2025-12-13_G34,10110073MUNIZI,2025-12-13,141458,1,4,0,141.0
10110073MUNIZI_2025-12-14_G02,10110073MUNIZI,2025-12-14,111655,1,10,0,272.0
10110073MUNIZI_2025-12-14_G03,10110073MUNIZI,2025-12-14,118290,1,4,0,170.0
10110073MUNIZI_2025-12-14_G04,10110073MUNIZI,2025-12-14,111602,1,15,0,670.0
10110073MUNIZI_2025-12-14_G05,10110073MUNIZI,2025-12-14,111467,1,10,0,208.0
10110073MUNIZI_2025-12-14_G06,10110073MUNIZI,2025-12-14,160055,1,8,0,238.0
10110073MUNIZI_2025-12-14_G07,10110073MUNIZI,2025-12-14,110373,1,13,0,710.0
10110073MUNIZI_2025-12-14_G08,10110073MUNIZI,2025-12-14,160054,1,4,0,186.0
10110073MUNIZI_2025-12-14_G09,10110073MUNIZI,2025-12-14,117862,1,3,0,466.0
10110073MUNIZI_2025-12-14_G10,10110073MUNIZI,2025-12-14,118299,1,16,0,197.0
10110073MUNIZI_2025-12-14_G11,10110073MUNIZI,2025-12-14,118222,1,10,0,439.0
10110073MUNIZI_2025-12-14_G12,10110073MUNIZI,2025-12-14,110755,1,1,0,82.0
10110073MUNIZI_2025-12-14_G13,10110073MUNIZI,2025-12-14,117788,1,4,0,279.0
10110073MUNIZI_2025-12-14_G14,10110073MUNIZI,2025-12-14,117862,1,6,0,187.0
10110073MUNIZI_2025-12-14_G15,10110073MUNIZI,2025-12-14,118140,1,8,0,232.0
10110073MUNIZI_2025-12-14_G16,10110073MUNIZI,2025-12-14,111462,1,4,0,164.0
10110073MUNIZI_2025-12-14_G17,10110073MUNIZI,2025-12-14,141458,1,6,0,166.0
10110073MUNIZI_2025-12-14_G18,10110073MUNIZI,2025-12-14,118299,1,24,0,521.0
10110073MUNIZI_2025-12-14_G19,10110073MUNIZI,2025-12-14,110740,1,16,0,702.0
10110073MUNIZI_2025-12-14_G20,10110073MUNIZI,2025-12-14,117809,1,12,0,207.0
10110073MUNIZI_2025-12-14_G21,10110073MUNIZI,2025-12-14,110740,1,4,0,217.0
10110073MUNIZI_2025-12-14_G22,10110073MUNIZI,2025-12-14,117809,1,6,0,152.0
10110073MUNIZI_2025-12-14_G23,10110073MUNIZI,2025-12-14,117785,1,4,0,1370.0
10110073MUNIZI_2025-12-14_G24,10110073MUNIZI,2025-12-14,109641,1,20,0,1276.0
10110073MUNIZI_2025-12-15_G02,10110073MUNIZI,2025-12-15,117809,1,6,0,2552.0
10110073MUNIZI_2025-12-15_G03,10110073MUNIZI,2025-12-15,117808,1,709,0,1790.0
10110073MUNIZI_2025-12-15_G04,10110073MUNIZI,2025-12-15,108770,1,1,0,1107.0
10110073MUNIZI_2025-12-15_G05,10110073MUNIZI,2025-12-15,118222,1,8,0,531.0
10110073MUNIZI_2025-12-15_G06,10110073MUNIZI,2025-12-15,118222,1,24,0,227.0
10110073MUNIZI_2025-12-15_G07,10110073MUNIZI,2025-12-15,117835,1,6,0,188.0
10110073MUNIZI_2025-12-15_G08,10110073MUNIZI,2025-12-15,117835,1,6,0,87.0
10110073MUNIZI_2025-12-15_G09,10110073MUNIZI,2025-12-15,111438,1,6,0,373.0
10110073MUNIZI_2025-12-15_G10,10110073MUNIZI,2025-12-15,111569,1,6,0,496.0
10110073MUNIZI_2025-12-15_G11,10110073MUNIZI,2025-12-15,111569,1,2,0,67.0
10110073MUNIZI_2025-12-15_G12,10110073MUNIZI,2025-12-15,108759,1,2,0,491.0
10110073MUNIZI_2025-12-15_G13,10110073MUNIZI,2025-12-15,141916,1,4,0,142.0
10110073MUNIZI_2025-12-15_G15,10110073MUNIZI,2025-12-15,111655,1,2,0,133.0
10110073MUNIZI_2025-12-15_G16,10110073MUNIZI,2025-12-15,111776,1,6,0,285.0
10110073MUNIZI_2025-12-15_G17,10110073MUNIZI,2025-12-15,110747,1,10,0,670.0
10110073MUNIZI_2025-12-15_G18,10110073MUNIZI,2025-12-15,110310,1,2,0,121.0
10110073MUNIZI_2025-12-15_G19,10110073MUNIZI,2025-12-15,108701,1,2,0,611.0
10110073MUNIZI_2025-12-15_G20,10110073MUNIZI,2025-12-15,117861,1,20,0,390.0
10110073MUNIZI_2025-12-15_G21,10110073MUNIZI,2025-12-15,141047,1,20,0,1005.0
10110073MUNIZI_2025-12-15_G22,10110073MUNIZI,2025-12-15,107629,1,20,0,554.0
10110073MUNIZI_2025-12-15_G23,10110073MUNIZI,2025-12-15,109647,1,10,0,236.0
10110073MUNIZI_2025-12-15_G24,10110073MUNIZI,2025-12-15,109645,1,10,0,296.0
10110073MUNIZI_2025-12-15_G25,10110073MUNIZI,2025-12-15,110743,1,10,0,587.0
10110073MUNIZI_2025-12-15_G26,10110073MUNIZI,2025-12-15,105705,1,20,0,361.0
10110073MUNIZI_2025-12-15_G28,10110073MUNIZI,2025-12-15,110376,1,10,0,140.0
10110073MUNIZI_2025-12-16_G02,10110073MUNIZI,2025-12-16,111463,1,34,0,807.0
10110073MUNIZI_2025-12-16_G03,10110073MUNIZI,2025-12-16,140922,1,21,0,356.0
10110073MUNIZI_2025-12-16_G04,10110073MUNIZI,2025-12-16,111418,1,130,0,2794.0
10110073MUNIZI_2025-12-16_G05,10110073MUNIZI,2025-12-16,141456,1,51,0,540.0
10110073MUNIZI_2025-12-16_G06,10110073MUNIZI,2025-12-16,111532,1,70,0,489.0
10110073MUNIZI_2025-12-16_G07,10110073MUNIZI,2025-12-16,110787,1,58,0,1174.0
10110073MUNIZI_2025-12-16_G08,10110073MUNIZI,2025-12-16,111466,1,27,0,1217.0
10110073MUNIZI_2025-12-16_G09,10110073MUNIZI,2025-12-16,117831,1,25,0,399.0
10110073MUNIZI_2025-12-16_G10,10110073MUNIZI,2025-12-16,118326,1,12,0,368.0
10110073MUNIZI_2025-12-16_G11,10110073MUNIZI,2025-12-16,141457,1,28,0,817.0
10110073MUNIZI_2025-12-16_G12,10110073MUNIZI,2025-12-16,141458,1,45,0,168.0
10110073MUNIZI_2025-12-16_G14,10110073MUNIZI,2025-12-16,111876,1,8,0,1062.0
10110073MUNIZI_2025-12-16_G15,10110073MUNIZI,2025-12-16,117862,1,20,0,493.0
10110073MUNIZI_2025-12-16_G16,10110073MUNIZI,2025-12-16,110740,1,20,0,282.0
10110073MUNIZI_2025-12-16_G17,10110073MUNIZI,2025-12-16,141458,1,20,0,341.0
10110073MUNIZI_2025-12-16_G18,10110073MUNIZI,2025-12-16,117836,1,6,0,651.0
10110073MUNIZI_2025-12-16_G19,10110073MUNIZI,2025-12-16,116527,1,4,0,157.0
10110073MUNIZI_2025-12-16_G20,10110073MUNIZI,2025-12-16,110895,1,2,0,111.0
10110073MUNIZI_2025-12-16_G21,10110073MUNIZI,2025-12-16,111655,1,5,0,163.0
10110073MUNIZI_2025-12-16_G22,10110073MUNIZI,2025-12-16,111446,1,4,0,176.0
10110073MUNIZI_2025-12-16_G23,10110073MUNIZI,2025-12-16,111433,1,2,0,231.0
10110073MUNIZI_2025-12-16_G24,10110073MUNIZI,2025-12-16,110741,1,40,0,2456.0
10110073MUNIZI_2025-12-16_G25,10110073MUNIZI,2025-12-16,107629,1,20,0,414.0
10110073MUNIZI_2025-12-16_G26,10110073MUNIZI,2025-12-16,108772,1,13,0,641.0
10110073MUNIZI_2025-12-16_G27,10110073MUNIZI,2025-12-16,117830,1,16,0,287.0
10110073MUNIZI_2025-12-16_G28,10110073MUNIZI,2025-12-16,117830,1,119,0,1345.0
10110073MUNIZI_2025-12-17_G02,10110073MUNIZI,2025-12-17,117935,1,37,0,735.0
10110073MUNIZI_2025-12-17_G03,10110073MUNIZI,2025-12-17,140923,1,100,0,1134.0
10110073MUNIZI_2025-12-17_G04,10110073MUNIZI,2025-12-17,110339,1,12,0,604.0
10110073MUNIZI_2025-12-17_G05,10110073MUNIZI,2025-12-17,141066,1,20,0,371.0
10110073MUNIZI_2025-12-17_G06,10110073MUNIZI,2025-12-17,111530,1,20,0,458.0
10110073MUNIZI_2025-12-17_G07,10110073MUNIZI,2025-12-17,109640,1,9,0,243.0
10110073MUNIZI_2025-12-17_G08,10110073MUNIZI,2025-12-17,117861,1,401,0,3006.0
10110073MUNIZI_2025-12-17_G09,10110073MUNIZI,2025-12-17,111466,1,210,0,683.0
10110073MUNIZI_2025-12-17_G11,10110073MUNIZI,2025-12-17,118299,1,54,0,102.0
10110073MUNIZI_2025-12-17_G12,10110073MUNIZI,2025-12-17,110371,1,1,0,1442.0
10110073MUNIZI_2025-12-17_G13,10110073MUNIZI,2025-12-17,110372,1,2,0,122.0
10110073MUNIZI_2025-12-17_G14,10110073MUNIZI,2025-12-17,117862,1,4,0,580.0
10110073MUNIZI_2025-12-17_G15,10110073MUNIZI,2025-12-17,117830,1,11,0,1201.0
10110073MUNIZI_2025-12-17_G16,10110073MUNIZI,2025-12-17,118253,1,1,0,324.0
10110073MUNIZI_2025-12-17_G17,10110073MUNIZI,2025-12-17,117862,1,6,0,295.0
10110073MUNIZI_2025-12-17_G18,10110073MUNIZI,2025-12-17,117862,1,2,0,33.0
10110073MUNIZI_2025-12-17_G19,10110073MUNIZI,2025-12-17,117830,1,1,0,170.0
10110073MUNIZI_2025-12-17_G20,10110073MUNIZI,2025-12-17,111465,1,1,0,648.0
10110073MUNIZI_2025-12-17_G21,10110073MUNIZI,2025-12-17,111463,1,4,0,122.0
10110073MUNIZI_2025-12-17_G22,10110073MUNIZI,2025-12-17,141456,1,6,0,243.0
10110073MUNIZI_2025-12-17_G23,10110073MUNIZI,2025-12-17,117831,1,7,0,178.0
10110073MUNIZI_2025-12-17_G24,10110073MUNIZI,2025-12-17,141457,1,4,0,163.0
10110073MUNIZI_2025-12-17_G25,10110073MUNIZI,2025-12-17,117821,1,2,0,103.0
10110073MUNIZI_2025-12-17_G26,10110073MUNIZI,2025-12-17,141458,1,14,0,333.0
10110073MUNIZI_2025-12-17_G27,10110073MUNIZI,2025-12-17,118094,1,2,0,269.0
10110073MUNIZI_2025-12-17_G28,10110073MUNIZI,2025-12-17,117856,1,4,0,397.0
10110073MUNIZI_2025-12-17_G29,10110073MUNIZI,2025-12-17,111467,1,4,0,171.0
10110073MUNIZI_2025-12-17_G30,10110073MUNIZI,2025-12-17,117830,1,2,0,99.0
10110073MUNIZI_2025-12-17_G31,10110073MUNIZI,2025-12-17,117832,1,2,0,116.0
10110073MUNIZI_2025-12-17_G32,10110073MUNIZI,2025-12-17,110895,1,2,0,217.0
10110073MUNIZI_2025-12-17_G33,10110073MUNIZI,2025-12-17,117808,1,98,0,2698.0
10110073MUNIZI_2025-12-18_G02,10110073MUNIZI,2025-12-18,118417,1,4,0,170.0
10110073MUNIZI_2025-12-18_G03,10110073MUNIZI,2025-12-18,117830,1,4,0,116.0
10110073MUNIZI_2025-12-18_G04,10110073MUNIZI,2025-12-18,117830,1,1,0,810.0
10110073MUNIZI_2025-12-18_G05,10110073MUNIZI,2025-12-18,117862,1,3,0,1842.0
10110073MUNIZI_2025-12-18_G06,10110073MUNIZI,2025-12-18,117830,1,4,0,100.0
10110073MUNIZI_2025-12-18_G07,10110073MUNIZI,2025-12-18,111530,1,2,0,1895.0
10110073MUNIZI_2025-12-18_G08,10110073MUNIZI,2025-12-18,117830,1,1,0,76.0
10110073MUNIZI_2025-12-18_G09,10110073MUNIZI,2025-12-18,111530,1,2,0,239.0
10110073MUNIZI_2025-12-18_G10,10110073MUNIZI,2025-12-18,117862,1,6,0,200.0
10110073MUNIZI_2025-12-18_G11,10110073MUNIZI,2025-12-18,109640,1,4,0,286.0
10110073MUNIZI_2025-12-18_G12,10110073MUNIZI,2025-12-18,117830,1,2,0,336.0
10110073MUNIZI_2025-12-18_G13,10110073MUNIZI,2025-12-18,141916,1,4,0,647.0
10110073MUNIZI_2025-12-18_G14,10110073MUNIZI,2025-12-18,110743,1,4,0,295.0
10110073MUNIZI_2025-12-18_G15,10110073MUNIZI,2025-12-18,117838,1,4,0,227.0
10110073MUNIZI_2025-12-18_G16,10110073MUNIZI,2025-12-18,109641,1,4,0,221.0
10110073MUNIZI_2025-12-18_G17,10110073MUNIZI,2025-12-18,110740,1,2,0,138.0
10110073MUNIZI_2025-12-18_G18,10110073MUNIZI,2025-12-18,111466,1,1,0,83.0
10110073MUNIZI_2025-12-18_G19,10110073MUNIZI,2025-12-18,141047,1,4,0,147.0
10110073MUNIZI_2025-12-18_G20,10110073MUNIZI,2025-12-18,111530,1,14,0,304.0
10110073MUNIZI_2025-12-18_G22,10110073MUNIZI,2025-12-18,105705,1,12,0,592.0
10110073MUNIZI_2025-12-18_G23,10110073MUNIZI,2025-12-18,109640,1,90,0,2036.0
10110073MUNIZI_2025-12-18_G24,10110073MUNIZI,2025-12-18,141456,1,6,0,2815.0
10110073MUNIZI_2025-12-18_G25,10110073MUNIZI,2025-12-18,110371,1,12,0,141.0
10110073MUNIZI_2025-12-18_G26,10110073MUNIZI,2025-12-18,117830,1,6,0,135.0
10110073MUNIZI_2025-12-18_G27,10110073MUNIZI,2025-12-18,117832,1,6,0,172.0
10110073MUNIZI_2025-12-18_G28,10110073MUNIZI,2025-12-18,110373,1,12,0,186.0
10110073MUNIZI_2025-12-18_G29,10110073MUNIZI,2025-12-18,118222,1,6,0,235.0
10110073MUNIZI_2025-12-18_G30,10110073MUNIZI,2025-12-18,111438,1,8,0,139.0
10110073MUNIZI_2025-12-18_G31,10110073MUNIZI,2025-12-18,110895,1,4,0,178.0
10110073MUNIZI_2025-12-18_G32,10110073MUNIZI,2025-12-18,111655,1,4,0,344.0
10110073MUNIZI_2025-12-18_G33,10110073MUNIZI,2025-12-18,110129,1,2,0,1469.0
10110073MUNIZI_2025-12-18_G34,10110073MUNIZI,2025-12-18,111463,1,1,0,155.0
10110073MUNIZI_2025-12-18_G35,10110073MUNIZI,2025-12-18,117785,1,14,0,267.0
10110073MUNIZI_2025-12-18_G36,10110073MUNIZI,2025-12-18,111469,1,2,0,126.0
10110073MUNIZI_2025-12-18_G37,10110073MUNIZI,2025-12-18,117831,1,27,0,407.0
10110073MUNIZI_2025-12-18_G38,10110073MUNIZI,2025-12-18,111466,1,9,0,666.0
10110073MUNIZI_2025-12-18_G39,10110073MUNIZI,2025-12-18,111468,1,2,0,99.0
10110073MUNIZI_2025-12-18_G40,10110073MUNIZI,2025-12-18,141458,1,4,0,94.0
10110073MUNIZI_2025-12-18_G41,10110073MUNIZI,2025-12-18,140923,1,4,0,184.0
10110073MUNIZI_2025-12-18_G42,10110073MUNIZI,2025-12-18,117856,1,2,0,62.0
10110073MUNIZI_2025-12-18_G43,10110073MUNIZI,2025-12-18,109640,1,4,0,152.0
10110073MUNIZI_2025-12-19_G02,10110073MUNIZI,2025-12-19,118299,1,2,0,83.0
10110073MUNIZI_2025-12-19_G03,10110073MUNIZI,2025-12-19,118299,1,12,0,135.0
10110073MUNIZI_2025-12-19_G04,10110073MUNIZI,2025-12-19,111469,1,2,0,101.0
10110073MUNIZI_2025-12-19_G05,10110073MUNIZI,2025-12-19,111532,1,4,0,120.0
10110073MUNIZI_2025-12-19_G06,10110073MUNIZI,2025-12-19,111532,1,6,0,179.0
10110073MUNIZI_2025-12-19_G07,10110073MUNIZI,2025-12-19,111532,1,2,0,143.0
10110073MUNIZI_2025-12-19_G08,10110073MUNIZI,2025-12-19,111532,1,4,0,1171.0
10110073MUNIZI_2025-12-19_G09,10110073MUNIZI,2025-12-19,111602,1,4,0,136.0
10110073MUNIZI_2025-12-19_G10,10110073MUNIZI,2025-12-19,141456,1,5,0,167.0
10110073MUNIZI_2025-12-19_G11,10110073MUNIZI,2025-12-19,141457,1,4,0,158.0
10110073MUNIZI_2025-12-19_G12,10110073MUNIZI,2025-12-19,117830,1,6,0,196.0
10110073MUNIZI_2025-12-19_G13,10110073MUNIZI,2025-12-19,111465,1,4,0,548.0
10110073MUNIZI_2025-12-19_G14,10110073MUNIZI,2025-12-19,111751,1,8,0,338.0
10110073MUNIZI_2025-12-19_G15,10110073MUNIZI,2025-12-19,111463,1,60,0,2443.0
10110073MUNIZI_2025-12-19_G16,10110073MUNIZI,2025-12-19,111418,1,26,0,430.0
10110073MUNIZI_2025-12-19_G17,10110073MUNIZI,2025-12-19,111418,1,22,0,384.0
10110073MUNIZI_2025-12-19_G18,10110073MUNIZI,2025-12-19,117785,1,30,0,619.0
10110073MUNIZI_2025-12-19_G19,10110073MUNIZI,2025-12-19,111465,1,10,0,688.0
10110073MUNIZI_2025-12-19_G20,10110073MUNIZI,2025-12-19,111418,1,28,0,719.0
10110073MUNIZI_2025-12-19_G21,10110073MUNIZI,2025-12-19,111418,1,60,0,1192.0
10110073MUNIZI_2025-12-19_G22,10110073MUNIZI,2025-12-19,111418,1,34,0,752.0
10110073MUNIZI_2025-12-19_G23,10110073MUNIZI,2025-12-19,111469,1,35,0,440.0
10110073MUNIZI_2025-12-19_G24,10110073MUNIZI,2025-12-19,111469,1,10,0,113.0
10110073MUNIZI_2025-12-20_G02,10110073MUNIZI,2025-12-20,118140,1,60,0,748.0
10110073MUNIZI_2025-12-20_G03,10110073MUNIZI,2025-12-20,141458,1,20,0,363.0
10110073MUNIZI_2025-12-20_G04,10110073MUNIZI,2025-12-20,141457,1,10,0,310.0
10110073MUNIZI_2025-12-20_G05,10110073MUNIZI,2025-12-20,"111466, 117821",2,90,16,1415.0
10110073MUNIZI_2025-12-20_G06,10110073MUNIZI,2025-12-20,111463,1,31,0,1334.0
10110073MUNIZI_2025-12-20_G07,10110073MUNIZI,2025-12-20,116241,1,6,0,285.0
10110073MUNIZI_2025-12-20_G08,10110073MUNIZI,2025-12-20,117785,1,28,0,362.0
10110073MUNIZI_2025-12-20_G09,10110073MUNIZI,2025-12-20,111532,1,33,0,729.0
10110073MUNIZI_2025-12-20_G10,10110073MUNIZI,2025-12-20,111433,1,10,0,1131.0
10110073MUNIZI_2025-12-20_G11,10110073MUNIZI,2025-12-20,117841,1,4,0,138.0
10110073MUNIZI_2025-12-20_G12,10110073MUNIZI,2025-12-20,109645,1,17,0,853.0
10110073MUNIZI_2025-12-20_G13,10110073MUNIZI,2025-12-20,111431,1,10,0,202.0
10110073MUNIZI_2025-12-20_G14,10110073MUNIZI,2025-12-20,111468,1,1,0,99.0
10110073MUNIZI_2025-12-20_G15,10110073MUNIZI,2025-12-20,111418,1,70,0,378.0
10110073MUNIZI_2025-12-21_G02,10110073MUNIZI,2025-12-21,160053,1,4,0,255.0
10110073MUNIZI_2025-12-21_G03,10110073MUNIZI,2025-12-21,160055,1,4,0,1413.0
10110073MUNIZI_2025-12-21_G04,10110073MUNIZI,2025-12-21,160054,1,4,0,609.0
10110073MUNIZI_2025-12-21_G05,10110073MUNIZI,2025-12-21,111438,1,130,0,1704.0
10110073MUNIZI_2025-12-21_G06,10110073MUNIZI,2025-12-21,111438,1,32,0,773.0
10110073MUNIZI_2025-12-21_G07,10110073MUNIZI,2025-12-21,111569,1,75,0,904.0
10110073MUNIZI_2025-12-21_G08,10110073MUNIZI,2025-12-21,111436,1,20,0,806.0
10110073MUNIZI_2025-12-21_G09,10110073MUNIZI,2025-12-21,110749,1,30,0,674.0
10110073MUNIZI_2025-12-21_G10,10110073MUNIZI,2025-12-21,109640,1,32,0,1500.0
10110073MUNIZI_2025-12-21_G11,10110073MUNIZI,2025-12-21,117854,1,30,0,322.0
10110073MUNIZI_2025-12-22_G02,10110073MUNIZI,2025-12-22,108711,1,20,0,322.0
10110073MUNIZI_2025-12-22_G03,10110073MUNIZI,2025-12-22,117808,1,150,0,3536.0
10110073MUNIZI_2025-12-22_G04,10110073MUNIZI,2025-12-22,141823,1,8,0,1813.0
10110073MUNIZI_2025-12-22_G05,10110073MUNIZI,2025-12-22,110747,1,2,0,173.0
10110073MUNIZI_2025-12-22_G06,10110073MUNIZI,2025-12-22,117856,1,2,0,98.0
10110073MUNIZI_2025-12-22_G07,10110073MUNIZI,2025-12-22,141352,1,2,0,134.0
10110073MUNIZI_2025-12-22_G08,10110073MUNIZI,2025-12-22,111182,1,1,0,137.0
10110073MUNIZI_2025-12-22_G09,10110073MUNIZI,2025-12-22,117831,1,5,0,154.0
10110073MUNIZI_2025-12-22_G10,10110073MUNIZI,2025-12-22,141456,1,2,0,96.0
10110073MUNIZI_2025-12-22_G11,10110073MUNIZI,2025-12-22,117830,1,2,0,131.0
10110073MUNIZI_2025-12-22_G12,10110073MUNIZI,2025-12-22,109643,1,2,0,139.0
10110073MUNIZI_2025-12-22_G13,10110073MUNIZI,2025-12-22,117808,1,6,0,197.0
10110073MUNIZI_2025-12-22_G14,10110073MUNIZI,2025-12-22,107888,1,4,0,716.0
10110073MUNIZI_2025-12-22_G15,10110073MUNIZI,2025-12-22,111436,1,4,0,309.0
10110073MUNIZI_2025-12-22_G16,10110073MUNIZI,2025-12-22,110895,1,2,0,121.0
10110073MUNIZI_2025-12-22_G17,10110073MUNIZI,2025-12-22,110747,1,2,0,105.0
10110073MUNIZI_2025-12-22_G19,10110073MUNIZI,2025-12-22,141271,1,1000,0,3150.0
10110073MUNIZI_2025-12-23_G02,10110073MUNIZI,2025-12-23,111466,1,712,0,3224.0
10110073MUNIZI_2025-12-23_G03,10110073MUNIZI,2025-12-23,111602,1,8,0,384.0
10110073MUNIZI_2025-12-23_G04,10110073MUNIZI,2025-12-23,117862,1,20,0,470.0
10110073MUNIZI_2025-12-23_G05,10110073MUNIZI,2025-12-23,111439,1,6,0,254.0
10110073MUNIZI_2025-12-23_G06,10110073MUNIZI,2025-12-23,117837,1,5,0,111.0
10110073MUNIZI_2025-12-23_G07,10110073MUNIZI,2025-12-23,117854,1,3,0,120.0
10110073MUNIZI_2025-12-23_G08,10110073MUNIZI,2025-12-23,111465,1,8,0,631.0
10110073MUNIZI_2025-12-23_G09,10110073MUNIZI,2025-12-23,111418,1,30,0,743.0
10110073MUNIZI_2025-12-23_G10,10110073MUNIZI,2025-12-23,111532,1,30,0,2318.0
10110073MUNIZI_2025-12-23_G11,10110073MUNIZI,2025-12-23,111463,1,24,0,558.0
10110073MUNIZI_2025-12-23_G12,10110073MUNIZI,2025-12-23,109645,1,4,0,76.0
10110073MUNIZI_2025-12-23_G13,10110073MUNIZI,2025-12-23,110745,1,2,0,188.0
10110073MUNIZI_2025-12-23_G14,10110073MUNIZI,2025-12-23,"105705, 118140",2,38,9,512.0
10110073MUNIZI_2025-12-23_G16,10110073MUNIZI,2025-12-23,117935,1,4,0,206.0
10110073MUNIZI_2025-12-23_G17,10110073MUNIZI,2025-12-23,110711,1,15,0,204.0
10110073MUNIZI_2025-12-23_G18,10110073MUNIZI,2025-12-23,110711,1,13,0,261.0
10110073MUNIZI_2025-12-23_G19,10110073MUNIZI,2025-12-23,110711,1,40,0,2116.0
10110073MUNIZI_2025-12-23_G20,10110073MUNIZI,2025-12-23,117809,1,40,0,1332.0
10110073MUNIZI_2025-12-23_G21,10110073MUNIZI,2025-12-23,118299,1,140,0,1537.0
10110073MUNIZI_2025-12-23_G22,10110073MUNIZI,2025-12-23,118299,1,134,0,1087.0
10110073MUNIZI_2025-12-23_G23,10110073MUNIZI,2025-12-23,110375,1,20,0,265.0
10110073MUNIZI_2025-12-23_G24,10110073MUNIZI,2025-12-23,118271,1,8,0,369.0
10110073MUNIZI_2025-12-23_G26,10110073MUNIZI,2025-12-23,107263,1,16,0,238.0
10110073MUNIZI_2025-12-23_G27,10110073MUNIZI,2025-12-23,111462,1,8,0,455.0
10110073MUNIZI_2025-12-24_G02,10110073MUNIZI,2025-12-24,108795,1,12,0,1393.0
10110073MUNIZI_2025-12-24_G03,10110073MUNIZI,2025-12-24,111743,1,12,0,204.0
10110073MUNIZI_2025-12-24_G04,10110073MUNIZI,2025-12-24,117785,1,20,0,767.0
10110073MUNIZI_2025-12-24_G05,10110073MUNIZI,2025-12-24,111172,1,32,0,421.0
10110073MUNIZI_2025-12-24_G06,10110073MUNIZI,2025-12-24,141823,1,12,0,164.0
10110073MUNIZI_2025-12-24_G07,10110073MUNIZI,2025-12-24,108798,1,11,0,227.0
10110073MUNIZI_2025-12-24_G08,10110073MUNIZI,2025-12-24,111463,1,30,0,1001.0
10110073MUNIZI_2025-12-24_G09,10110073MUNIZI,2025-12-24,117833,1,42,0,1795.0
10110073MUNIZI_2025-12-24_G10,10110073MUNIZI,2025-12-24,117833,1,30,0,338.0
10110073MUNIZI_2025-12-24_G11,10110073MUNIZI,2025-12-24,107236,1,7,0,608.0
10110073MUNIZI_2025-12-24_G12,10110073MUNIZI,2025-12-24,118140,1,20,0,1373.0
10110073MUNIZI_2025-12-24_G13,10110073MUNIZI,2025-12-24,111418,1,20,0,936.0
10110073MUNIZI_2025-12-24_G14,10110073MUNIZI,2025-12-24,111466,1,28,0,296.0
10110073MUNIZI_2025-12-24_G15,10110073MUNIZI,2025-12-24,110374,1,12,0,316.0
10110073MUNIZI_2025-12-26_G02,10110073MUNIZI,2025-12-26,117830,1,32,0,643.0
10110073MUNIZI_2025-12-26_G03,10110073MUNIZI,2025-12-26,117808,1,15,0,313.0
10110073MUNIZI_2025-12-26_G04,10110073MUNIZI,2025-12-26,117808,1,176,0,1058.0
10110073MUNIZI_2025-12-26_G05,10110073MUNIZI,2025-12-26,117808,1,159,0,1195.0
10110073MUNIZI_2025-12-26_G06,10110073MUNIZI,2025-12-26,110373,1,118,0,824.0
10110073MUNIZI_2025-12-26_G07,10110073MUNIZI,2025-12-26,110373,1,87,0,717.0
10110073MUNIZI_2025-12-26_G08,10110073MUNIZI,2025-12-26,117862,1,8,0,1113.0
10110073MUNIZI_2025-12-26_G09,10110073MUNIZI,2025-12-26,110787,1,2,0,102.0
10110073MUNIZI_2025-12-26_G10,10110073MUNIZI,2025-12-26,111728,1,80,0,2623.0
10110073MUNIZI_2025-12-27_G02,10110073MUNIZI,2025-12-27,111759,1,150,0,1719.0
10110073MUNIZI_2025-12-27_G03,10110073MUNIZI,2025-12-27,109643,1,60,0,1711.0
10110073MUNIZI_2025-12-27_G04,10110073MUNIZI,2025-12-27,110313,1,39,0,2031.0
10110073MUNIZI_2025-12-28_G02,10110073MUNIZI,2025-12-28,107830,2,6,13,222.0
10110073MUNIZI_2025-12-28_G03,10110073MUNIZI,2025-12-28,111467,1,8,0,543.0
10110073MUNIZI_2025-12-28_G04,10110073MUNIZI,2025-12-28,111467,1,4,0,64.0
10110073MUNIZI_2025-12-28_G05,10110073MUNIZI,2025-12-28,111467,1,2,0,38.0
10110073MUNIZI_2025-12-28_G06,10110073MUNIZI,2025-12-28,110787,1,7,0,160.0
10110073MUNIZI_2025-12-28_G07,10110073MUNIZI,2025-12-28,107830,1,4,0,303.0
10110073MUNIZI_2025-12-28_G08,10110073MUNIZI,2025-12-28,107830,1,2,0,31.0
10110073MUNIZI_2025-12-28_G09,10110073MUNIZI,2025-12-28,107830,1,1,0,60.0
10110073MUNIZI_2025-12-28_G10,10110073MUNIZI,2025-12-28,110787,1,4,0,87.0
10110073MUNIZI_2025-12-28_G11,10110073MUNIZI,2025-12-28,110787,1,2,0,74.0
10110073MUNIZI_2025-12-28_G12,10110073MUNIZI,2025-12-28,107830,1,4,0,210.0
10110073MUNIZI_2025-12-28_G13,10110073MUNIZI,2025-12-28,110787,1,64,0,992.0
10110073MUNIZI_2025-12-28_G14,10110073MUNIZI,2025-12-28,110787,1,32,0,1653.0
10110073MUNIZI_2025-12-28_G15,10110073MUNIZI,2025-12-28,107830,2,26,9,457.0
10110073MUNIZI_2025-12-28_G16,10110073MUNIZI,2025-12-28,111441,1,3,0,191.0
10110073MUNIZI_2025-12-28_G17,10110073MUNIZI,2025-12-28,111172,1,9,0,241.0
10110073MUNIZI_2025-12-28_G18,10110073MUNIZI,2025-12-28,110787,1,2,0,87.0
10110073MUNIZI_2025-12-28_G19,10110073MUNIZI,2025-12-28,110787,1,33,0,502.0
10110073MUNIZI_2025-12-28_G20,10110073MUNIZI,2025-12-28,117833,1,20,0,264.0
10110073MUNIZI_2025-12-28_G21,10110073MUNIZI,2025-12-28,110742,1,4,0,516.0
10110073MUNIZI_2025-12-28_G22,10110073MUNIZI,2025-12-28,110787,1,4,0,137.0
10110073MUNIZI_2025-12-28_G23,10110073MUNIZI,2025-12-28,111441,1,2,0,261.0
10110073MUNIZI_2025-12-28_G24,10110073MUNIZI,2025-12-28,111469,2,4,23,469.0
10110073MUNIZI_2025-12-28_G25,10110073MUNIZI,2025-12-28,110787,1,6,0,150.0
10110073MUNIZI_2025-12-28_G26,10110073MUNIZI,2025-12-28,111441,1,4,0,183.0
10110073MUNIZI_2025-12-28_G27,10110073MUNIZI,2025-12-28,110787,1,5,0,99.0
10110073MUNIZI_2025-12-29_G02,10110073MUNIZI,2025-12-29,117855,1,4,0,273.0
10110073MUNIZI_2025-12-29_G03,10110073MUNIZI,2025-12-29,107830,1,20,0,214.0
10110073MUNIZI_2025-12-29_G04,10110073MUNIZI,2025-12-29,107830,1,32,0,347.0
10110073MUNIZI_2025-12-29_G05,10110073MUNIZI,2025-12-29,107830,2,17,8,326.0
10110073MUNIZI_2025-12-29_G06,10110073MUNIZI,2025-12-29,141202,1,30,0,1455.0
10110073MUNIZI_2025-12-29_G07,10110073MUNIZI,2025-12-29,110742,1,4,0,148.0
10110073MUNIZI_2025-12-29_G08,10110073MUNIZI,2025-12-29,107830,1,9,0,1324.0
10110073MUNIZI_2025-12-29_G09,10110073MUNIZI,2025-12-29,107830,1,18,0,230.0
10110073MUNIZI_2025-12-29_G10,10110073MUNIZI,2025-12-29,110742,1,6,0,249.0
10110073MUNIZI_2025-12-29_G11,10110073MUNIZI,2025-12-29,110787,1,16,0,562.0
10110073MUNIZI_2025-12-29_G12,10110073MUNIZI,2025-12-29,117833,1,8,0,163.0
10110073MUNIZI_2025-12-29_G13,10110073MUNIZI,2025-12-29,117820,1,16,0,601.0
10110073MUNIZI_2025-12-29_G14,10110073MUNIZI,2025-12-29,107830,1,16,0,212.0
10110073MUNIZI_2025-12-29_G15,10110073MUNIZI,2025-12-29,107830,1,8,0,1066.0
10110073MUNIZI_2025-12-29_G16,10110073MUNIZI,2025-12-29,117820,1,20,0,226.0
10110073MUNIZI_2025-12-29_G17,10110073MUNIZI,2025-12-29,117841,2,3,14,2271.0
10110073MUNIZI_2025-12-29_G18,10110073MUNIZI,2025-12-29,117841,1,1,0,74.0
10110073MUNIZI_2025-12-29_G19,10110073MUNIZI,2025-12-29,111469,1,10,0,124.0
10110073MUNIZI_2025-12-29_G21,10110073MUNIZI,2025-12-29,111172,1,34,0,632.0
10110073MUNIZI_2025-12-29_G22,10110073MUNIZI,2025-12-29,110787,1,79,0,391.0
10110073MUNIZI_2025-12-29_G23,10110073MUNIZI,2025-12-29,110787,1,1,0,36.0
10110073MUNIZI_2025-12-29_G24,10110073MUNIZI,2025-12-29,111469,1,8,0,1141.0
10110073MUNIZI_2025-12-29_G25,10110073MUNIZI,2025-12-29,111469,1,32,0,246.0
10110073MUNIZI_2025-12-29_G26,10110073MUNIZI,2025-12-29,"111469, 117833",2,34,15,169.0
10110073MUNIZI_2025-12-29_G27,10110073MUNIZI,2025-12-29,117833,1,8,0,126.0
10110073MUNIZI_2025-12-29_G28,10110073MUNIZI,2025-12-29,111602,1,26,0,481.0
10110073MUNIZI_2025-12-29_G29,10110073MUNIZI,2025-12-29,110711,1,12,0,674.0
10110073MUNIZI_2025-12-29_G30,10110073MUNIZI,2025-12-29,110711,1,47,0,366.0
10110073MUNIZI_2025-12-29_G31,10110073MUNIZI,2025-12-29,110742,1,20,0,1153.0
10110073MUNIZI_2025-12-29_G32,10110073MUNIZI,2025-12-29,117855,1,12,0,323.0
10110073MUNIZI_2025-12-29_G33,10110073MUNIZI,2025-12-29,107830,1,14,0,206.0
10110073MUNIZI_2025-12-29_G34,10110073MUNIZI,2025-12-29,111348,1,4,0,146.0
10110073MUNIZI_2025-12-29_G35,10110073MUNIZI,2025-12-29,111532,1,41,0,869.0
10110073MUNIZI_2025-12-29_G36,10110073MUNIZI,2025-12-29,110787,1,20,0,400.0
10110073MUNIZI_2025-12-29_G37,10110073MUNIZI,2025-12-29,118094,1,4,0,489.0
10110073MUNIZI_2025-12-29_G38,10110073MUNIZI,2025-12-29,140923,1,4,0,156.0
10110073MUNIZI_2025-12-29_G39,10110073MUNIZI,2025-12-29,117856,1,4,0,138.0
10110073MUNIZI_2025-12-29_G40,10110073MUNIZI,2025-12-29,110711,1,5,0,125.0
10110073MUNIZI_2025-12-29_G41,10110073MUNIZI,2025-12-29,110339,1,2,0,70.0
10110073MUNIZI_2025-12-29_G42,10110073MUNIZI,2025-12-29,109640,1,4,0,167.0
10110073MUNIZI_2025-12-29_G43,10110073MUNIZI,2025-12-29,117854,1,6,0,239.0
10110073MUNIZI_2025-12-29_G44,10110073MUNIZI,2025-12-29,111441,1,4,0,273.0
10110073MUNIZI_2025-12-29_G45,10110073MUNIZI,2025-12-29,111569,1,8,0,197.0
10110073MUNIZI_2025-12-29_G46,10110073MUNIZI,2025-12-29,110755,1,3,0,157.0
10110073MUNIZI_2025-12-29_G47,10110073MUNIZI,2025-12-29,110747,1,4,0,139.0
10110073MUNIZI_2025-12-30_G02,10110073MUNIZI,2025-12-30,141823,1,4,0,145.0
10110073MUNIZI_2025-12-30_G03,10110073MUNIZI,2025-12-30,118140,1,16,0,281.0
10110073MUNIZI_2025-12-30_G04,10110073MUNIZI,2025-12-30,141456,1,8,0,163.0
10110073MUNIZI_2025-12-30_G05,10110073MUNIZI,2025-12-30,117820,1,20,0,305.0
10110073MUNIZI_2025-12-30_G06,10110073MUNIZI,2025-12-30,117832,1,4,0,138.0
10110073MUNIZI_2025-12-30_G07,10110073MUNIZI,2025-12-30,111348,1,3,0,458.0
10110073MUNIZI_2025-12-30_G08,10110073MUNIZI,2025-12-30,111532,1,3,0,161.0
10110073MUNIZI_2025-12-30_G09,10110073MUNIZI,2025-12-30,111532,1,1,0,31.0
10110073MUNIZI_2025-12-30_G10,10110073MUNIZI,2025-12-30,107830,1,5,0,275.0
10110073MUNIZI_2025-12-30_G11,10110073MUNIZI,2025-12-30,107830,1,3,0,60.0
10110073MUNIZI_2025-12-30_G12,10110073MUNIZI,2025-12-30,110742,1,4,0,156.0
10110073MUNIZI_2025-12-30_G13,10110073MUNIZI,2025-12-30,110742,1,2,0,183.0
10110073MUNIZI_2025-12-30_G14,10110073MUNIZI,2025-12-30,110742,1,5,0,76.0
10110073MUNIZI_2025-12-30_G15,10110073MUNIZI,2025-12-30,117935,1,4,0,357.0
10110073MUNIZI_2025-12-30_G16,10110073MUNIZI,2025-12-30,111530,1,10,0,296.0
10110073MUNIZI_2025-12-30_G17,10110073MUNIZI,2025-12-30,117855,1,10,0,256.0
10110073MUNIZI_2025-12-30_G18,10110073MUNIZI,2025-12-30,117855,1,20,0,592.0
10110073MUNIZI_2025-12-30_G19,10110073MUNIZI,2025-12-30,111348,1,5,0,406.0
10110073MUNIZI_2025-12-30_G20,10110073MUNIZI,2025-12-30,111418,1,10,0,238.0
10110073MUNIZI_2025-12-30_G21,10110073MUNIZI,2025-12-30,110787,1,9,0,192.0
10110073MUNIZI_2025-12-30_G22,10110073MUNIZI,2025-12-30,107830,1,4,0,108.0
10110073MUNIZI_2025-12-30_G23,10110073MUNIZI,2025-12-30,110742,1,4,0,687.0
10110073MUNIZI_2025-12-30_G24,10110073MUNIZI,2025-12-30,110742,2,8,11,483.0
10110073MUNIZI_2025-12-30_G25,10110073MUNIZI,2025-12-30,110742,2,8,8,639.0
10110073MUNIZI_2025-12-30_G26,10110073MUNIZI,2025-12-30,110787,1,9,0,174.0
10110073MUNIZI_2025-12-30_G27,10110073MUNIZI,2025-12-30,110787,1,2,0,35.0
10110073MUNIZI_2025-12-30_G28,10110073MUNIZI,2025-12-30,107830,1,4,0,134.0
10110073MUNIZI_2025-12-30_G29,10110073MUNIZI,2025-12-30,110742,2,20,9,361.0
10110073MUNIZI_2025-12-30_G30,10110073MUNIZI,2025-12-30,117808,1,150,0,1992.0
10110073MUNIZI_2025-12-30_G32,10110073MUNIZI,2025-12-30,111418,1,8,0,124.0
10110073MUNIZI_2025-12-30_G33,10110073MUNIZI,2025-12-30,111532,1,2,0,101.0
10110073MUNIZI_2025-12-30_G34,10110073MUNIZI,2025-12-30,111172,1,1,0,52.0
10110073MUNIZI_2025-12-30_G35,10110073MUNIZI,2025-12-30,111442,1,6,0,114.0
10110073MUNIZI_2025-12-30_G36,10110073MUNIZI,2025-12-30,111463,1,2,0,81.0
10110073MUNIZI_2025-12-30_G37,10110073MUNIZI,2025-12-30,105705,1,1,0,131.0
10110073MUNIZI_2025-12-30_G38,10110073MUNIZI,2025-12-30,110745,1,4,0,107.0
10110073MUNIZI_2025-12-30_G39,10110073MUNIZI,2025-12-30,111444,1,2,0,61.0
10110073MUNIZI_2025-12-30_G40,10110073MUNIZI,2025-12-30,108711,1,2,0,44.0
10110073MUNIZI_2025-12-30_G41,10110073MUNIZI,2025-12-30,107236,1,4,0,109.0
10110073MUNIZI_2025-12-30_G42,10110073MUNIZI,2025-12-30,118140,1,4,0,68.0
10110073MUNIZI_2025-12-30_G43,10110073MUNIZI,2025-12-30,110372,1,14,0,225.0
10110073MUNIZI_2025-12-30_G44,10110073MUNIZI,2025-12-30,110371,1,4,0,151.0
10110073MUNIZI_2025-12-30_G45,10110073MUNIZI,2025-12-30,117832,1,2,0,109.0
10110073MUNIZI_2025-12-30_G46,10110073MUNIZI,2025-12-30,160051,1,1,0,89.0
10110073MUNIZI_2025-12-30_G47,10110073MUNIZI,2025-12-30,117808,1,7,0,116.0
10110073MUNIZI_2025-12-30_G48,10110073MUNIZI,2025-12-30,117808,1,20,0,123.0
10110073MUNIZI_2025-12-30_G49,10110073MUNIZI,2025-12-30,110373,1,6,0,120.0
10110073MUNIZI_2025-12-30_G50,10110073MUNIZI,2025-12-30,141202,1,2,0,1964.0
10110073MUNIZI_2025-12-30_G51,10110073MUNIZI,2025-12-30,110372,1,2,0,338.0
10110073MUNIZI_2025-12-30_G52,10110073MUNIZI,2025-12-30,117856,1,2,0,135.0
10110073MUNIZI_2025-12-30_G53,10110073MUNIZI,2025-12-30,111602,1,2,0,112.0
10110073MUNIZI_2025-12-30_G54,10110073MUNIZI,2025-12-30,111530,1,2,0,170.0
10110073MUNIZI_2025-12-30_G55,10110073MUNIZI,2025-12-30,111438,1,10,0,581.0
10110073MUNIZI_2025-12-30_G56,10110073MUNIZI,2025-12-30,110747,1,1,0,135.0
10110073MUNIZI_2025-12-30_G57,10110073MUNIZI,2025-12-30,111532,1,2,0,812.0
10110073MUNIZI_2025-12-30_G58,10110073MUNIZI,2025-12-30,110374,1,4,0,161.0
10110073MUNIZI_2025-12-30_G59,10110073MUNIZI,2025-12-30,110372,1,15,0,192.0
10110073MUNIZI_2025-12-30_G60,10110073MUNIZI,2025-12-30,117809,1,3,0,102.0
10110073MUNIZI_2025-12-30_G61,10110073MUNIZI,2025-12-30,110375,1,4,0,160.0
10110073MUNIZI_2025-12-30_G62,10110073MUNIZI,2025-12-30,110325,1,3,0,79.0
10110073MUNIZI_2025-12-30_G63,10110073MUNIZI,2025-12-30,117808,1,12,0,330.0
10110073MUNIZI_2025-12-30_G64,10110073MUNIZI,2025-12-30,110373,1,8,0,648.0
10110073MUNIZI_2025-12-30_G65,10110073MUNIZI,2025-12-30,141202,1,4,0,75.0
10110073MUNIZI_2025-12-30_G66,10110073MUNIZI,2025-12-30,117809,1,5,0,2362.0
10110073MUNIZI_2025-12-30_G67,10110073MUNIZI,2025-12-30,117832,1,4,0,119.0
10110073MUNIZI_2025-12-30_G68,10110073MUNIZI,2025-12-30,109643,1,6,0,200.0
10110073MUNIZI_2025-12-30_G69,10110073MUNIZI,2025-12-30,117808,1,11,0,180.0
10110073MUNIZI_2025-12-30_G70,10110073MUNIZI,2025-12-30,141202,1,2,0,49.0
10110073MUNIZI_2025-12-30_G71,10110073MUNIZI,2025-12-30,110372,1,18,0,71.0
10110073MUNIZI_2025-12-31_G02,10110073MUNIZI,2025-12-31,111532,1,4,0,124.0
10110073MUNIZI_2025-12-31_G03,10110073MUNIZI,2025-12-31,117820,1,9,0,231.0
10110073MUNIZI_2025-12-31_G04,10110073MUNIZI,2025-12-31,117820,1,8,0,118.0
10110073MUNIZI_2025-12-31_G05,10110073MUNIZI,2025-12-31,111532,1,2,0,751.0
10110073MUNIZI_2025-12-31_G06,10110073MUNIZI,2025-12-31,107830,1,8,0,178.0
10110073MUNIZI_2025-12-31_G07,10110073MUNIZI,2025-12-31,141047,1,4,0,139.0
10110073MUNIZI_2025-12-31_G08,10110073MUNIZI,2025-12-31,107629,1,2,0,72.0
10110073MUNIZI_2025-12-31_G09,10110073MUNIZI,2025-12-31,111530,1,4,0,57.0
10110073MUNIZI_2025-12-31_G10,10110073MUNIZI,2025-12-31,110339,1,4,0,85.0
10110073MUNIZI_2025-12-31_G11,10110073MUNIZI,2025-12-31,108361,1,4,0,138.0
10110073MUNIZI_2025-12-31_G12,10110073MUNIZI,2025-12-31,117855,1,4,0,124.0
10110073MUNIZI_2025-12-31_G13,10110073MUNIZI,2025-12-31,117834,1,4,0,167.0
10110073MUNIZI_2025-12-31_G14,10110073MUNIZI,2025-12-31,110742,1,2,0,96.0
10110073MUNIZI_2025-12-31_G15,10110073MUNIZI,2025-12-31,110747,1,2,0,134.0
10110073MUNIZI_2025-12-31_G16,10110073MUNIZI,2025-12-31,111532,1,3,0,851.0
10110073MUNIZI_2025-12-31_G17,10110073MUNIZI,2025-12-31,110787,1,3,0,147.0
10110073MUNIZI_2025-12-31_G18,10110073MUNIZI,2025-12-31,117833,1,4,0,215.0
10110073MUNIZI_2025-12-31_G19,10110073MUNIZI,2025-12-31,118223,1,4,0,243.0
10110073MUNIZI_2025-12-31_G20,10110073MUNIZI,2025-12-31,111469,1,4,0,109.0
10110073MUNIZI_2025-12-31_G21,10110073MUNIZI,2025-12-31,117831,1,4,0,95.0
10110073MUNIZI_2025-12-31_G22,10110073MUNIZI,2025-12-31,111431,1,4,0,93.0
10110073MUNIZI_2025-12-31_G23,10110073MUNIZI,2025-12-31,117821,1,4,0,174.0
10110073MUNIZI_2025-12-31_G24,10110073MUNIZI,2025-12-31,141456,1,8,0,189.0
10110073MUNIZI_2025-12-31_G25,10110073MUNIZI,2025-12-31,109645,1,2,0,322.0
10110073MUNIZI_2025-12-31_G26,10110073MUNIZI,2025-12-31,118298,1,4,0,714.0
10110073MUNIZI_2025-12-31_G27,10110073MUNIZI,2025-12-31,111530,1,4,0,146.0
10110073MUNIZI_2025-12-31_G28,10110073MUNIZI,2025-12-31,110313,1,2,0,174.0
10110073MUNIZI_2025-12-31_G29,10110073MUNIZI,2025-12-31,108795,1,2,0,413.0
10110073MUNIZI_2025-12-31_G30,10110073MUNIZI,2025-12-31,117785,1,6,0,132.0
10110073MUNIZI_2025-12-31_G31,10110073MUNIZI,2025-12-31,117833,1,4,0,139.0
10110073MUNIZI_2025-12-31_G32,10110073MUNIZI,2025-12-31,117831,1,4,0,67.0
10110073MUNIZI_2025-12-31_G33,10110073MUNIZI,2025-12-31,117821,1,4,0,125.0
10110073MUNIZI_2026-01-06_G02,10110073MUNIZI,2026-01-06,110733,1,50,0,626.0
10110073MUNIZI_2026-01-06_G03,10110073MUNIZI,2026-01-06,117935,1,10,0,849.0
10110073MUNIZI_2026-01-06_G04,10110073MUNIZI,2026-01-06,117862,1,16,0,642.0
10110073MUNIZI_2026-01-06_G05,10110073MUNIZI,2026-01-06,141066,1,11,0,2128.0
10110073MUNIZI_2026-01-06_G06,10110073MUNIZI,2026-01-06,118094,1,12,0,553.0
10110073MUNIZI_2026-01-06_G07,10110073MUNIZI,2026-01-06,117861,1,10,0,176.0
10110073MUNIZI_2026-01-06_G08,10110073MUNIZI,2026-01-06,117856,1,24,0,288.0
10110073MUNIZI_2026-01-06_G09,10110073MUNIZI,2026-01-06,118298,1,4,0,162.0
10110073MUNIZI_2026-01-06_G10,10110073MUNIZI,2026-01-06,117853,1,10,0,1023.0
10110073MUNIZI_2026-01-06_G11,10110073MUNIZI,2026-01-06,110750,1,5,0,159.0
10110073MUNIZI_2026-01-06_G12,10110073MUNIZI,2026-01-06,141047,1,10,0,228.0
10110073MUNIZI_2026-01-06_G13,10110073MUNIZI,2026-01-06,107629,1,2,0,124.0
10110073MUNIZI_2026-01-06_G14,10110073MUNIZI,2026-01-06,111530,1,15,0,315.0
10110073MUNIZI_2026-01-06_G15,10110073MUNIZI,2026-01-06,117786,1,10,0,146.0
10110073MUNIZI_2026-01-06_G16,10110073MUNIZI,2026-01-06,141352,1,10,0,190.0
10110073MUNIZI_2026-01-06_G17,10110073MUNIZI,2026-01-06,108361,1,2,0,85.0
10110073MUNIZI_2026-01-06_G18,10110073MUNIZI,2026-01-06,110752,1,4,0,193.0
10110073MUNIZI_2026-01-06_G19,10110073MUNIZI,2026-01-06,111467,1,30,0,1194.0
10110073MUNIZI_2026-01-06_G20,10110073MUNIZI,2026-01-06,110339,1,20,0,320.0
10110073MUNIZI_2026-01-06_G21,10110073MUNIZI,2026-01-06,117809,1,8,0,1191.0
10110073MUNIZI_2026-01-07_G02,10110073MUNIZI,2026-01-07,117822,1,10,0,236.0
10110073MUNIZI_2026-01-07_G03,10110073MUNIZI,2026-01-07,117830,1,20,0,220.0
10110073MUNIZI_2026-01-07_G04,10110073MUNIZI,2026-01-07,109643,1,10,0,316.0
10110073MUNIZI_2026-01-07_G05,10110073MUNIZI,2026-01-07,117832,1,20,0,1101.0
10110073MUNIZI_2026-01-07_G06,10110073MUNIZI,2026-01-07,115775,1,10,0,1864.0
10110073MUNIZI_2026-01-07_G07,10110073MUNIZI,2026-01-07,111418,1,50,0,1191.0
10110073MUNIZI_2026-01-07_G08,10110073MUNIZI,2026-01-07,140923,1,300,0,1647.0
10110073MUNIZI_2026-01-07_G09,10110073MUNIZI,2026-01-07,111530,1,80,0,961.0
10110073MUNIZI_2026-01-07_G10,10110073MUNIZI,2026-01-07,117853,1,4,0,542.0
10110073MUNIZI_2026-01-07_G12,10110073MUNIZI,2026-01-07,141823,1,50,0,733.0
10110073MUNIZI_2026-01-07_G13,10110073MUNIZI,2026-01-07,110740,1,130,0,671.0
10110073MUNIZI_2026-01-07_G14,10110073MUNIZI,2026-01-07,111172,1,70,0,413.0
10110073MUNIZI_2026-01-07_G15,10110073MUNIZI,2026-01-07,110787,1,71,0,375.0
10110073MUNIZI_2026-01-07_G16,10110073MUNIZI,2026-01-07,141458,1,110,0,1509.0
10110073MUNIZI_2026-01-07_G17,10110073MUNIZI,2026-01-07,108711,1,81,0,415.0
10110073MUNIZI_2026-01-07_G18,10110073MUNIZI,2026-01-07,111465,1,80,0,210.0
10110073MUNIZI_2026-01-07_G19,10110073MUNIZI,2026-01-07,141047,1,55,0,885.0
10110073MUNIZI_2026-01-07_G20,10110073MUNIZI,2026-01-07,117786,1,110,0,265.0
10110073MUNIZI_2026-01-08_G02,10110073MUNIZI,2026-01-08,142014,1,2,0,897.0
10110073MUNIZI_2026-01-08_G03,10110073MUNIZI,2026-01-08,109974,1,6,0,251.0
10110073MUNIZI_2026-01-08_G04,10110073MUNIZI,2026-01-08,141249,1,2,0,143.0
10110073MUNIZI_2026-01-08_G05,10110073MUNIZI,2026-01-08,109974,1,6,0,237.0
10110073MUNIZI_2026-01-08_G06,10110073MUNIZI,2026-01-08,109640,1,30,0,987.0
10110073MUNIZI_2026-01-08_G07,10110073MUNIZI,2026-01-08,160051,1,24,0,413.0
10110073MUNIZI_2026-01-08_G09,10110073MUNIZI,2026-01-08,141992,1,2,0,292.0
10110073MUNIZI_2026-01-08_G10,10110073MUNIZI,2026-01-08,141992,1,2,0,98.0
10110073MUNIZI_2026-01-08_G11,10110073MUNIZI,2026-01-08,141370,1,2,0,526.0
10110073MUNIZI_2026-01-08_G12,10110073MUNIZI,2026-01-08,109974,1,1,0,410.0
10110073MUNIZI_2026-01-08_G13,10110073MUNIZI,2026-01-08,110750,1,8,0,405.0
10110073MUNIZI_2026-01-08_G14,10110073MUNIZI,2026-01-08,108961,1,1,0,89.0
10110073MUNIZI_2026-01-08_G15,10110073MUNIZI,2026-01-08,117841,1,2,0,376.0
10110073MUNIZI_2026-01-08_G16,10110073MUNIZI,2026-01-08,111348,1,10,0,272.0
10110073MUNIZI_2026-01-08_G17,10110073MUNIZI,2026-01-08,111199,1,3,0,666.0
10110073MUNIZI_2026-01-08_G18,10110073MUNIZI,2026-01-08,110895,1,130,0,875.0
10110073MUNIZI_2026-01-08_G19,10110073MUNIZI,2026-01-08,109643,1,116,0,593.0
10110073MUNIZI_2026-01-08_G20,10110073MUNIZI,2026-01-08,118094,1,140,0,934.0
10110073MUNIZI_2026-01-08_G21,10110073MUNIZI,2026-01-08,110895,1,4,0,811.0
10110073MUNIZI_2026-01-08_G22,10110073MUNIZI,2026-01-08,110623,1,2,0,144.0
10110073MUNIZI_2026-01-08_G23,10110073MUNIZI,2026-01-08,140923,1,6,0,252.0
10110073MUNIZI_2026-01-08_G24,10110073MUNIZI,2026-01-08,117856,1,4,0,76.0
10110073MUNIZI_2026-01-08_G25,10110073MUNIZI,2026-01-08,110313,1,1,0,139.0
10110073MUNIZI_2026-01-08_G26,10110073MUNIZI,2026-01-08,111876,1,4,0,193.0
10110073MUNIZI_2026-01-08_G27,10110073MUNIZI,2026-01-08,117935,1,1,0,100.0
10110073MUNIZI_2026-01-08_G28,10110073MUNIZI,2026-01-08,117808,1,7,0,1324.0
10110073MUNIZI_2026-01-08_G29,10110073MUNIZI,2026-01-08,110372,1,6,0,131.0
10110073MUNIZI_2026-01-08_G30,10110073MUNIZI,2026-01-08,110373,1,4,0,151.0
10110073MUNIZI_2026-01-08_G31,10110073MUNIZI,2026-01-08,117820,1,4,0,114.0
10110073MUNIZI_2026-01-08_G33,10110073MUNIZI,2026-01-08,111468,1,2,0,117.0
10110073MUNIZI_2026-01-09_G02,10110073MUNIZI,2026-01-09,111463,1,4,0,207.0
10110073MUNIZI_2026-01-09_G03,10110073MUNIZI,2026-01-09,108798,1,4,0,118.0
10110073MUNIZI_2026-01-09_G04,10110073MUNIZI,2026-01-09,117833,1,2,0,74.0
10110073MUNIZI_2026-01-09_G05,10110073MUNIZI,2026-01-09,117831,1,6,0,249.0
10110073MUNIZI_2026-01-09_G06,10110073MUNIZI,2026-01-09,118140,1,8,0,247.0
10110073MUNIZI_2026-01-09_G07,10110073MUNIZI,2026-01-09,111438,1,4,0,760.0
10110073MUNIZI_2026-01-09_G08,10110073MUNIZI,2026-01-09,110895,1,4,0,189.0
10110073MUNIZI_2026-01-09_G09,10110073MUNIZI,2026-01-09,110733,1,4,0,184.0
10110073MUNIZI_2026-01-09_G10,10110073MUNIZI,2026-01-09,140923,1,2,0,116.0
10110073MUNIZI_2026-01-09_G11,10110073MUNIZI,2026-01-09,107629,1,4,0,405.0
10110073MUNIZI_2026-01-09_G12,10110073MUNIZI,2026-01-09,111348,1,2,0,207.0
10110073MUNIZI_2026-01-09_G13,10110073MUNIZI,2026-01-09,111418,1,8,0,140.0
10110073MUNIZI_2026-01-09_G14,10110073MUNIZI,2026-01-09,111743,1,2,0,240.0
10110073MUNIZI_2026-01-09_G15,10110073MUNIZI,2026-01-09,118140,1,8,0,293.0
10110073MUNIZI_2026-01-09_G16,10110073MUNIZI,2026-01-09,110740,1,2,0,104.0
10110073MUNIZI_2026-01-09_G17,10110073MUNIZI,2026-01-09,141823,1,4,0,643.0
10110073MUNIZI_2026-01-09_G18,10110073MUNIZI,2026-01-09,109643,1,2,0,415.0
10110073MUNIZI_2026-01-09_G19,10110073MUNIZI,2026-01-09,111442,1,6,0,230.0
10110073MUNIZI_2026-01-09_G20,10110073MUNIZI,2026-01-09,111442,1,7,0,178.0
10110073MUNIZI_2026-01-09_G21,10110073MUNIZI,2026-01-09,110372,1,13,0,543.0
10110073MUNIZI_2026-01-09_G22,10110073MUNIZI,2026-01-09,118299,1,11,0,306.0
10110073MUNIZI_2026-01-09_G23,10110073MUNIZI,2026-01-09,111418,1,12,0,188.0
10110073MUNIZI_2026-01-09_G24,10110073MUNIZI,2026-01-09,118416,1,2,0,164.0
10110073MUNIZI_2026-01-09_G25,10110073MUNIZI,2026-01-09,111532,1,6,0,676.0
10110073MUNIZI_2026-01-09_G26,10110073MUNIZI,2026-01-09,110755,1,4,0,470.0
10110073MUNIZI_2026-01-09_G27,10110073MUNIZI,2026-01-09,111438,1,48,0,1366.0
10110073MUNIZI_2026-01-09_G28,10110073MUNIZI,2026-01-09,110372,1,48,0,759.0
10110073MUNIZI_2026-01-09_G30,10110073MUNIZI,2026-01-09,110748,1,4,0,201.0
10110073MUNIZI_2026-01-09_G31,10110073MUNIZI,2026-01-09,109645,1,6,0,287.0
10110073MUNIZI_2026-01-09_G32,10110073MUNIZI,2026-01-09,117842,1,11,0,675.0
10110073MUNIZI_2026-01-09_G33,10110073MUNIZI,2026-01-09,105705,1,18,0,1428.0
10110073MUNIZI_2026-01-09_G34,10110073MUNIZI,2026-01-09,108795,1,20,0,470.0
10110073MUNIZI_2026-01-09_G35,10110073MUNIZI,2026-01-09,111348,1,20,0,1364.0
10110073MUNIZI_2026-01-09_G36,10110073MUNIZI,2026-01-09,108794,1,40,0,1263.0
10110073MUNIZI_2026-01-09_G37,10110073MUNIZI,2026-01-09,110751,1,18,0,290.0
10110073MUNIZI_2026-01-09_G38,10110073MUNIZI,2026-01-09,117821,1,29,0,698.0
10110073MUNIZI_2026-01-09_G39,10110073MUNIZI,2026-01-09,110743,1,11,0,110.0
10110073MUNIZI_2026-01-09_G40,10110073MUNIZI,2026-01-09,111182,1,9,0,227.0
10110073MUNIZI_2026-01-09_G41,10110073MUNIZI,2026-01-09,117841,1,10,0,177.0
10110073MUNIZI_2026-01-09_G42,10110073MUNIZI,2026-01-09,109641,1,14,0,423.0
10110073MUNIZI_2026-01-09_G43,10110073MUNIZI,2026-01-09,111443,1,4,0,233.0
10110073MUNIZI_2026-01-09_G44,10110073MUNIZI,2026-01-09,117833,1,10,0,633.0
10110073MUNIZI_2026-01-09_G45,10110073MUNIZI,2026-01-09,141458,1,42,0,605.0
10110073MUNIZI_2026-01-09_G46,10110073MUNIZI,2026-01-09,111431,1,4,0,198.0
10110073MUNIZI_2026-01-09_G47,10110073MUNIZI,2026-01-09,111465,1,30,0,502.0
10110073MUNIZI_2026-01-09_G48,10110073MUNIZI,2026-01-09,118140,1,2,0,256.0
10110073MUNIZI_2026-01-09_G49,10110073MUNIZI,2026-01-09,111330,1,15,0,472.0
10110073MUNIZI_2026-01-09_G50,10110073MUNIZI,2026-01-09,111743,1,34,0,462.0
10110073MUNIZI_2026-01-09_G51,10110073MUNIZI,2026-01-09,141823,1,32,0,1337.0
10110073MUNIZI_2026-01-09_G52,10110073MUNIZI,2026-01-09,111433,1,24,0,642.0
10110073MUNIZI_2026-01-09_G53,10110073MUNIZI,2026-01-09,117831,1,50,0,542.0
10110073MUNIZI_2026-01-10_G02,10110073MUNIZI,2026-01-10,140911,1,2,0,175.0
10110073MUNIZI_2026-01-10_G03,10110073MUNIZI,2026-01-10,110372,1,11,0,1268.0
10110073MUNIZI_2026-01-10_G04,10110073MUNIZI,2026-01-10,110373,1,21,0,1301.0
10110073MUNIZI_2026-01-10_G05,10110073MUNIZI,2026-01-10,110371,1,4,0,170.0
10110073MUNIZI_2026-01-10_G06,10110073MUNIZI,2026-01-10,110372,1,2,0,121.0
10110073MUNIZI_2026-01-10_G07,10110073MUNIZI,2026-01-10,111532,1,10,0,295.0
10110073MUNIZI_2026-01-10_G08,10110073MUNIZI,2026-01-10,140922,1,4,0,127.0
10110073MUNIZI_2026-01-10_G09,10110073MUNIZI,2026-01-10,111463,1,2,0,503.0
10110073MUNIZI_2026-01-10_G10,10110073MUNIZI,2026-01-10,111469,1,4,0,163.0
10110073MUNIZI_2026-01-10_G11,10110073MUNIZI,2026-01-10,111465,1,2,0,161.0
10110073MUNIZI_2026-01-10_G12,10110073MUNIZI,2026-01-10,118140,1,4,0,166.0
10110073MUNIZI_2026-01-10_G13,10110073MUNIZI,2026-01-10,140923,1,7,0,247.0
10110073MUNIZI_2026-01-10_G14,10110073MUNIZI,2026-01-10,110313,1,4,0,192.0
10110073MUNIZI_2026-01-10_G15,10110073MUNIZI,2026-01-10,110339,1,2,0,214.0
10110073MUNIZI_2026-01-10_G16,10110073MUNIZI,2026-01-10,111441,1,2,0,285.0
10110073MUNIZI_2026-01-10_G17,10110073MUNIZI,2026-01-10,111569,1,6,0,180.0
10110073MUNIZI_2026-01-10_G18,10110073MUNIZI,2026-01-10,110747,1,4,0,1294.0
10110073MUNIZI_2026-01-10_G19,10110073MUNIZI,2026-01-10,117809,1,20,0,236.0
10110073MUNIZI_2026-01-10_G20,10110073MUNIZI,2026-01-10,110375,1,2,0,155.0
10110073MUNIZI_2026-01-10_G21,10110073MUNIZI,2026-01-10,141202,1,4,0,96.0
10110073MUNIZI_2026-01-11_G02,10110073MUNIZI,2026-01-11,111467,1,16,0,243.0
10110073MUNIZI_2026-01-11_G03,10110073MUNIZI,2026-01-11,117788,1,1,0,144.0
10110073MUNIZI_2026-01-11_G04,10110073MUNIZI,2026-01-11,117786,1,34,0,796.0
10110073MUNIZI_2026-01-11_G05,10110073MUNIZI,2026-01-11,110339,1,17,0,325.0
10110073MUNIZI_2026-01-11_G06,10110073MUNIZI,2026-01-11,117853,1,21,0,858.0
10110073MUNIZI_2026-01-11_G07,10110073MUNIZI,2026-01-11,141066,1,4,0,452.0
10110073MUNIZI_2026-01-11_G08,10110073MUNIZI,2026-01-11,107629,1,1,0,363.0
10110073MUNIZI_2026-01-11_G09,10110073MUNIZI,2026-01-11,118094,1,50,0,950.0
10110073MUNIZI_2026-01-11_G10,10110073MUNIZI,2026-01-11,140923,1,67,0,343.0
10110073MUNIZI_2026-01-11_G11,10110073MUNIZI,2026-01-11,110313,1,51,0,692.0
10110073MUNIZI_2026-01-11_G12,10110073MUNIZI,2026-01-11,117855,1,47,0,1916.0
10110073MUNIZI_2026-01-11_G13,10110073MUNIZI,2026-01-11,110743,1,4,0,155.0
10110073MUNIZI_2026-01-12_G02,10110073MUNIZI,2026-01-12,111418,1,329,0,2064.0
10110073MUNIZI_2026-01-12_G03,10110073MUNIZI,2026-01-12,110339,1,4,0,486.0
10110073MUNIZI_2026-01-12_G04,10110073MUNIZI,2026-01-12,109647,1,1,0,169.0
10110073MUNIZI_2026-01-12_G05,10110073MUNIZI,2026-01-12,118094,1,4,0,261.0
10110073MUNIZI_2026-01-12_G06,10110073MUNIZI,2026-01-12,117837,1,2,0,112.0
10110073MUNIZI_2026-01-12_G07,10110073MUNIZI,2026-01-12,140923,1,2,0,115.0
10110073MUNIZI_2026-01-12_G08,10110073MUNIZI,2026-01-12,140923,1,6,0,227.0
10110073MUNIZI_2026-01-12_G09,10110073MUNIZI,2026-01-12,117786,1,3,0,105.0
10110073MUNIZI_2026-01-12_G10,10110073MUNIZI,2026-01-12,117786,1,4,0,334.0
10110073MUNIZI_2026-01-12_G11,10110073MUNIZI,2026-01-12,117830,1,6,0,551.0
10110073MUNIZI_2026-01-12_G12,10110073MUNIZI,2026-01-12,111532,1,8,0,387.0
10110073MUNIZI_2026-01-12_G13,10110073MUNIZI,2026-01-12,111532,2,6,25,60.0
10110073MUNIZI_2026-01-12_G14,10110073MUNIZI,2026-01-12,118140,1,8,0,857.0
10110073MUNIZI_2026-01-12_G15,10110073MUNIZI,2026-01-12,118140,1,8,0,114.0
10110073MUNIZI_2026-01-12_G16,10110073MUNIZI,2026-01-12,140922,1,4,0,79.0
10110073MUNIZI_2026-01-12_G17,10110073MUNIZI,2026-01-12,140922,1,4,0,65.0
10110073MUNIZI_2026-01-12_G18,10110073MUNIZI,2026-01-12,117821,1,2,0,81.0
10110073MUNIZI_2026-01-12_G19,10110073MUNIZI,2026-01-12,117821,1,4,0,411.0
10110073MUNIZI_2026-01-12_G21,10110073MUNIZI,2026-01-12,110733,1,4,0,452.0
10110073MUNIZI_2026-01-12_G22,10110073MUNIZI,2026-01-12,117855,1,2,0,62.0
10110073MUNIZI_2026-01-12_G23,10110073MUNIZI,2026-01-12,117855,1,16,0,383.0
10110073MUNIZI_2026-01-12_G24,10110073MUNIZI,2026-01-12,118094,1,6,0,184.0
10110073MUNIZI_2026-01-12_G25,10110073MUNIZI,2026-01-12,111467,1,2,0,101.0
10110073MUNIZI_2026-01-12_G26,10110073MUNIZI,2026-01-12,140923,1,16,0,231.0
10110073MUNIZI_2026-01-12_G27,10110073MUNIZI,2026-01-12,140923,1,2,0,31.0
10110073MUNIZI_2026-01-12_G28,10110073MUNIZI,2026-01-12,110313,1,4,0,144.0
10110073MUNIZI_2026-01-12_G29,10110073MUNIZI,2026-01-12,111530,1,12,0,516.0
10110073MUNIZI_2026-01-12_G30,10110073MUNIZI,2026-01-12,110339,1,4,0,153.0
10110073MUNIZI_2026-01-12_G31,10110073MUNIZI,2026-01-12,117862,1,6,0,657.0
10110073MUNIZI_2026-01-12_G32,10110073MUNIZI,2026-01-12,110733,1,4,0,270.0
10110073MUNIZI_2026-01-12_G33,10110073MUNIZI,2026-01-12,117855,1,6,0,80.0
10110073MUNIZI_2026-01-12_G34,10110073MUNIZI,2026-01-12,118094,1,2,0,95.0
10110073MUNIZI_2026-01-12_G35,10110073MUNIZI,2026-01-12,111467,1,2,0,82.0
10110073MUNIZI_2026-01-12_G36,10110073MUNIZI,2026-01-12,140923,1,5,0,181.0
10110073MUNIZI_2026-01-12_G37,10110073MUNIZI,2026-01-12,111530,1,6,0,156.0
10110073MUNIZI_2026-01-12_G38,10110073MUNIZI,2026-01-12,117808,1,16,0,449.0
10110073MUNIZI_2026-01-12_G39,10110073MUNIZI,2026-01-12,118299,1,3,0,114.0
10110073MUNIZI_2026-01-12_G40,10110073MUNIZI,2026-01-12,111743,1,4,0,1018.0
10110073MUNIZI_2026-01-12_G41,10110073MUNIZI,2026-01-12,111532,1,43,0,527.0
10110073MUNIZI_2026-01-12_G42,10110073MUNIZI,2026-01-12,118140,1,30,0,502.0
10110073MUNIZI_2026-01-12_G44,10110073MUNIZI,2026-01-12,111172,1,3,0,143.0
10110073MUNIZI_2026-01-12_G45,10110073MUNIZI,2026-01-12,111469,1,2,0,130.0
10110073MUNIZI_2026-01-12_G46,10110073MUNIZI,2026-01-12,111469,1,3,0,65.0
10110073MUNIZI_2026-01-12_G47,10110073MUNIZI,2026-01-12,111465,1,10,0,202.0
10110073MUNIZI_2026-01-13_G02,10110073MUNIZI,2026-01-13,141456,1,2,0,36.0
10110073MUNIZI_2026-01-13_G03,10110073MUNIZI,2026-01-13,111463,1,50,0,855.0
10110073MUNIZI_2026-01-13_G04,10110073MUNIZI,2026-01-13,117808,1,40,0,1008.0
10110073MUNIZI_2026-01-13_G05,10110073MUNIZI,2026-01-13,110372,1,2,0,70.0
10110073MUNIZI_2026-01-13_G06,10110073MUNIZI,2026-01-13,109643,1,8,0,248.0
10110073MUNIZI_2026-01-13_G07,10110073MUNIZI,2026-01-13,117832,1,5,0,151.0
10110073MUNIZI_2026-01-13_G08,10110073MUNIZI,2026-01-13,117820,1,30,0,1102.0
10110073MUNIZI_2026-01-13_G09,10110073MUNIZI,2026-01-13,117830,1,21,0,369.0
10110073MUNIZI_2026-01-13_G10,10110073MUNIZI,2026-01-13,117855,1,3,0,258.0
10110073MUNIZI_2026-01-13_G11,10110073MUNIZI,2026-01-13,141047,1,4,0,308.0
10110073MUNIZI_2026-01-13_G12,10110073MUNIZI,2026-01-13,117786,1,4,0,143.0
10110073MUNIZI_2026-01-13_G13,10110073MUNIZI,2026-01-13,110339,1,3,0,483.0
10110073MUNIZI_2026-01-13_G14,10110073MUNIZI,2026-01-13,110895,1,5,0,219.0
10110073MUNIZI_2026-01-13_G15,10110073MUNIZI,2026-01-13,141916,1,4,0,205.0
10110073MUNIZI_2026-01-13_G16,10110073MUNIZI,2026-01-13,110372,1,51,0,1312.0
10110073MUNIZI_2026-01-13_G17,10110073MUNIZI,2026-01-13,110373,1,40,0,269.0
10110073MUNIZI_2026-01-13_G18,10110073MUNIZI,2026-01-13,110747,1,12,0,818.0
10110073MUNIZI_2026-01-13_G19,10110073MUNIZI,2026-01-13,140923,1,60,0,944.0
10110073MUNIZI_2026-01-13_G20,10110073MUNIZI,2026-01-13,142045,1,120,0,1094.0
10110073MUNIZI_2026-01-13_G22,10110073MUNIZI,2026-01-13,117861,1,2,0,111.0
10110073MUNIZI_2026-01-13_G23,10110073MUNIZI,2026-01-13,117842,1,2,0,650.0
10110073MUNIZI_2026-01-13_G24,10110073MUNIZI,2026-01-13,111463,1,32,0,333.0
10110073MUNIZI_2026-01-13_G25,10110073MUNIZI,2026-01-13,110746,1,4,0,549.0
10110073MUNIZI_2026-01-13_G26,10110073MUNIZI,2026-01-13,141318,1,10,0,366.0
10110073MUNIZI_2026-01-13_G27,10110073MUNIZI,2026-01-13,117789,1,2,0,93.0
10110073MUNIZI_2026-01-13_G28,10110073MUNIZI,2026-01-13,117862,1,150,0,974.0
10110073MUNIZI_2026-01-13_G29,10110073MUNIZI,2026-01-13,111530,1,151,0,572.0
10110073MUNIZI_2026-01-13_G30,10110073MUNIZI,2026-01-13,110733,1,30,0,1045.0
10110073MUNIZI_2026-01-13_G31,10110073MUNIZI,2026-01-13,117855,1,45,0,691.0
10110073MUNIZI_2026-01-13_G32,10110073MUNIZI,2026-01-13,118094,1,8,0,372.0
10110073MUNIZI_2026-01-13_G33,10110073MUNIZI,2026-01-13,141047,1,10,0,1032.0
10110073MUNIZI_2026-01-13_G34,10110073MUNIZI,2026-01-13,110339,1,2,0,666.0
10110073MUNIZI_2026-01-13_G35,10110073MUNIZI,2026-01-13,141695,1,4,0,430.0
10110073MUNIZI_2026-01-13_G36,10110073MUNIZI,2026-01-13,118306,1,12,0,1032.0
10110073MUNIZI_2026-01-13_G37,10110073MUNIZI,2026-01-13,110313,1,50,0,813.0
10110073MUNIZI_2026-01-13_G39,10110073MUNIZI,2026-01-13,141916,1,8,0,798.0
10110073MUNIZI_2026-01-13_G40,10110073MUNIZI,2026-01-13,140911,1,10,0,242.0
10110073MUNIZI_2026-01-13_G41,10110073MUNIZI,2026-01-13,110755,1,56,0,1271.0
10110073MUNIZI_2026-01-13_G42,10110073MUNIZI,2026-01-13,110742,1,81,0,1518.0
10110073MUNIZI_2026-01-14_G02,10110073MUNIZI,2026-01-14,111431,1,22,0,529.0
10110073MUNIZI_2026-01-14_G03,10110073MUNIZI,2026-01-14,109648,1,14,0,1062.0
10110073MUNIZI_2026-01-14_G04,10110073MUNIZI,2026-01-14,110339,1,16,0,1425.0
10110073MUNIZI_2026-01-14_G05,10110073MUNIZI,2026-01-14,110741,1,174,0,1984.0
10110073MUNIZI_2026-01-14_G06,10110073MUNIZI,2026-01-14,110750,1,64,0,842.0
10110073MUNIZI_2026-01-14_G08,10110073MUNIZI,2026-01-14,105705,1,20,0,473.0
10110073MUNIZI_2026-01-14_G09,10110073MUNIZI,2026-01-14,108795,1,30,0,548.0
10110073MUNIZI_2026-01-14_G10,10110073MUNIZI,2026-01-14,117831,1,46,0,564.0
10110073MUNIZI_2026-01-14_G11,10110073MUNIZI,2026-01-14,109645,1,4,0,142.0
10110073MUNIZI_2026-01-14_G12,10110073MUNIZI,2026-01-14,115209,1,2,0,228.0
10110073MUNIZI_2026-01-14_G13,10110073MUNIZI,2026-01-14,115209,1,2,0,171.0
10110073MUNIZI_2026-01-14_G14,10110073MUNIZI,2026-01-14,109641,1,10,0,497.0
10110073MUNIZI_2026-01-14_G15,10110073MUNIZI,2026-01-14,117833,1,33,0,338.0
10110073MUNIZI_2026-01-14_G16,10110073MUNIZI,2026-01-14,141458,1,19,0,433.0
10110073MUNIZI_2026-01-14_G17,10110073MUNIZI,2026-01-14,140922,1,43,0,2509.0
10110073MUNIZI_2026-01-14_G18,10110073MUNIZI,2026-01-14,111532,1,77,0,1263.0
10110073MUNIZI_2026-01-14_G19,10110073MUNIZI,2026-01-14,117785,1,127,0,1375.0
10110073MUNIZI_2026-01-14_G20,10110073MUNIZI,2026-01-14,108794,1,100,0,559.0
10110073MUNIZI_2026-01-14_G21,10110073MUNIZI,2026-01-14,111418,1,66,0,623.0
10110073MUNIZI_2026-01-15_G02,10110073MUNIZI,2026-01-15,111172,1,50,0,896.0
10110073MUNIZI_2026-01-15_G03,10110073MUNIZI,2026-01-15,111442,1,70,0,369.0
10110073MUNIZI_2026-01-15_G04,10110073MUNIZI,2026-01-15,111469,1,410,0,2187.0
10110073MUNIZI_2026-01-15_G05,10110073MUNIZI,2026-01-15,111441,1,14,0,688.0
10110073MUNIZI_2026-01-15_G06,10110073MUNIZI,2026-01-15,111569,1,30,0,706.0
10110073MUNIZI_2026-01-15_G07,10110073MUNIZI,2026-01-15,110755,1,20,0,618.0
10110073MUNIZI_2026-01-15_G08,10110073MUNIZI,2026-01-15,110741,1,4,0,123.0
10110073MUNIZI_2026-01-15_G09,10110073MUNIZI,2026-01-15,117854,1,30,0,520.0
10110073MUNIZI_2026-01-15_G11,10110073MUNIZI,2026-01-15,117787,1,60,0,906.0
10110073MUNIZI_2026-01-15_G12,10110073MUNIZI,2026-01-15,111462,1,100,0,710.0
10110073MUNIZI_2026-01-15_G13,10110073MUNIZI,2026-01-15,111418,1,500,0,1451.0
10110073MUNIZI_2026-01-15_G14,10110073MUNIZI,2026-01-15,117785,1,100,0,626.0
10110073MUNIZI_2026-01-15_G15,10110073MUNIZI,2026-01-15,110740,1,6,0,1370.0
10110073MUNIZI_2026-01-15_G16,10110073MUNIZI,2026-01-15,105705,1,1,0,64.0
10110073MUNIZI_2026-01-15_G17,10110073MUNIZI,2026-01-15,117831,1,4,0,282.0
10110073MUNIZI_2026-01-15_G18,10110073MUNIZI,2026-01-15,111462,1,12,0,119.0
10110073MUNIZI_2026-01-15_G19,10110073MUNIZI,2026-01-15,110743,1,2,0,115.0
10110073MUNIZI_2026-01-15_G20,10110073MUNIZI,2026-01-15,111466,1,10,0,139.0
10110073MUNIZI_2026-01-15_G21,10110073MUNIZI,2026-01-15,111532,1,1,0,64.0
10110073MUNIZI_2026-01-15_G22,10110073MUNIZI,2026-01-15,160055,1,2,0,150.0
10110073MUNIZI_2026-01-15_G23,10110073MUNIZI,2026-01-15,111442,1,4,0,159.0
10110073MUNIZI_2026-01-15_G24,10110073MUNIZI,2026-01-15,111418,1,6,0,186.0
10110073MUNIZI_2026-01-15_G25,10110073MUNIZI,2026-01-15,111443,1,5,0,134.0
10110073MUNIZI_2026-01-15_G26,10110073MUNIZI,2026-01-15,117787,1,2,0,311.0
10110073MUNIZI_2026-01-15_G27,10110073MUNIZI,2026-01-15,141458,1,8,0,548.0
10110073MUNIZI_2026-01-15_G28,10110073MUNIZI,2026-01-15,118140,1,2,0,268.0
10110073MUNIZI_2026-01-15_G29,10110073MUNIZI,2026-01-15,111467,1,3,0,196.0
10110073MUNIZI_2026-01-15_G30,10110073MUNIZI,2026-01-15,140923,1,8,0,141.0
10110073MUNIZI_2026-01-15_G31,10110073MUNIZI,2026-01-15,117861,1,4,0,138.0
10110073MUNIZI_2026-01-16_G02,10110073MUNIZI,2026-01-16,117853,1,4,0,68.0
10110073MUNIZI_2026-01-16_G03,10110073MUNIZI,2026-01-16,109647,1,1,0,98.0
10110073MUNIZI_2026-01-16_G04,10110073MUNIZI,2026-01-16,117855,1,1,0,109.0
10110073MUNIZI_2026-01-16_G05,10110073MUNIZI,2026-01-16,111447,1,2,0,216.0
10110073MUNIZI_2026-01-16_G06,10110073MUNIZI,2026-01-16,142045,1,5,0,142.0
10110073MUNIZI_2026-01-16_G07,10110073MUNIZI,2026-01-16,111569,1,1,0,91.0
10110073MUNIZI_2026-01-16_G08,10110073MUNIZI,2026-01-16,111569,1,2,0,66.0
10110073MUNIZI_2026-01-16_G09,10110073MUNIZI,2026-01-16,117834,1,3,0,497.0
10110073MUNIZI_2026-01-16_G10,10110073MUNIZI,2026-01-16,118290,1,1,0,915.0
10110073MUNIZI_2026-01-16_G11,10110073MUNIZI,2026-01-16,109643,1,3,0,188.0
10110073MUNIZI_2026-01-16_G12,10110073MUNIZI,2026-01-16,117832,1,2,0,75.0
10110073MUNIZI_2026-01-16_G13,10110073MUNIZI,2026-01-16,110373,1,6,0,109.0
10110073MUNIZI_2026-01-16_G14,10110073MUNIZI,2026-01-16,117808,1,19,0,226.0
10110073MUNIZI_2026-01-16_G15,10110073MUNIZI,2026-01-16,117808,1,200,0,1092.0
10110073MUNIZI_2026-01-16_G16,10110073MUNIZI,2026-01-16,117831,1,12,0,1698.0
10110073MUNIZI_2026-01-16_G17,10110073MUNIZI,2026-01-16,111462,1,8,0,62.0
10110073MUNIZI_2026-01-16_G18,10110073MUNIZI,2026-01-16,141271,1,20,0,198.0
10110073MUNIZI_2026-01-16_G19,10110073MUNIZI,2026-01-16,141823,1,8,0,97.0
10110073MUNIZI_2026-01-16_G20,10110073MUNIZI,2026-01-16,111418,1,40,0,309.0
10110073MUNIZI_2026-01-16_G21,10110073MUNIZI,2026-01-16,118416,1,2,0,496.0
10110073MUNIZI_2026-01-16_G22,10110073MUNIZI,2026-01-16,117862,1,10,0,387.0
10110073MUNIZI_2026-01-16_G23,10110073MUNIZI,2026-01-16,140923,1,20,0,462.0
10110073MUNIZI_2026-01-16_G24,10110073MUNIZI,2026-01-16,110313,1,4,0,114.0
10110073MUNIZI_2026-01-16_G25,10110073MUNIZI,2026-01-16,117855,1,2,0,100.0
10110073MUNIZI_2026-01-16_G26,10110073MUNIZI,2026-01-16,117820,1,12,0,210.0
10110073MUNIZI_2026-01-16_G27,10110073MUNIZI,2026-01-16,117830,1,10,0,272.0
10110073MUNIZI_2026-01-16_G28,10110073MUNIZI,2026-01-16,107888,1,4,0,415.0
10110073MUNIZI_2026-01-16_G29,10110073MUNIZI,2026-01-16,110895,1,4,0,304.0
10110073MUNIZI_2026-01-16_G30,10110073MUNIZI,2026-01-16,117785,1,10,0,265.0
10110073MUNIZI_2026-01-16_G31,10110073MUNIZI,2026-01-16,110373,1,20,0,405.0
10110073MUNIZI_2026-01-16_G33,10110073MUNIZI,2026-01-16,117808,1,20,0,264.0
10110073MUNIZI_2026-01-16_G34,10110073MUNIZI,2026-01-16,118253,1,5,0,762.0
10110073MUNIZI_2026-01-16_G35,10110073MUNIZI,2026-01-16,117834,1,5,0,94.0
10110073MUNIZI_2026-01-16_G36,10110073MUNIZI,2026-01-16,117862,2,5,13,114.0
10110073MUNIZI_2026-01-16_G37,10110073MUNIZI,2026-01-16,107629,1,6,0,243.0
10110073MUNIZI_2026-01-16_G38,10110073MUNIZI,2026-01-16,117820,1,20,0,593.0
10110073MUNIZI_2026-01-16_G39,10110073MUNIZI,2026-01-16,117808,1,50,0,1773.0
10110073MUNIZI_2026-01-16_G40,10110073MUNIZI,2026-01-16,111446,1,20,0,839.0
10110073MUNIZI_2026-01-16_G41,10110073MUNIZI,2026-01-16,118299,1,30,0,727.0
10110073MUNIZI_2026-01-16_G42,10110073MUNIZI,2026-01-16,109640,1,4,0,538.0
10110073MUNIZI_2026-01-16_G43,10110073MUNIZI,2026-01-16,111743,1,4,0,630.0
10110073MUNIZI_2026-01-16_G44,10110073MUNIZI,2026-01-16,105705,1,2,0,118.0
10110073MUNIZI_2026-01-16_G45,10110073MUNIZI,2026-01-16,111182,1,2,0,147.0
10110073MUNIZI_2026-01-16_G46,10110073MUNIZI,2026-01-16,109641,1,2,0,270.0
10110073MUNIZI_2026-01-16_G47,10110073MUNIZI,2026-01-16,142045,1,12,0,497.0
10110073MUNIZI_2026-01-16_G48,10110073MUNIZI,2026-01-16,110339,1,1,0,207.0
10110073MUNIZI_2026-01-16_G49,10110073MUNIZI,2026-01-16,117820,1,8,0,541.0
10110073MUNIZI_2026-01-17_G02,10110073MUNIZI,2026-01-17,111530,1,200,0,1099.0
10110073MUNIZI_2026-01-17_G03,10110073MUNIZI,2026-01-17,111463,1,400,0,1810.0
10110073MUNIZI_2026-01-17_G04,10110073MUNIZI,2026-01-17,117808,1,200,0,1318.0
10110073MUNIZI_2026-01-17_G05,10110073MUNIZI,2026-01-17,117808,1,68,0,1797.0
10110073MUNIZI_2026-01-17_G06,10110073MUNIZI,2026-01-17,117808,1,112,0,588.0
10110073MUNIZI_2026-01-17_G07,10110073MUNIZI,2026-01-17,109643,1,35,0,522.0
10110073MUNIZI_2026-01-17_G08,10110073MUNIZI,2026-01-17,142045,1,6,0,240.0
10110073MUNIZI_2026-01-17_G09,10110073MUNIZI,2026-01-17,111466,1,12,0,346.0
10110073MUNIZI_2026-01-17_G10,10110073MUNIZI,2026-01-17,109640,1,3,0,187.0
10110073MUNIZI_2026-01-17_G11,10110073MUNIZI,2026-01-17,140923,1,60,0,524.0
10110073MUNIZI_2026-01-17_G12,10110073MUNIZI,2026-01-17,117808,1,388,0,1562.0
10110073MUNIZI_2026-01-18_G02,10110073MUNIZI,2026-01-18,111348,1,12,0,415.0
10110073MUNIZI_2026-01-18_G03,10110073MUNIZI,2026-01-18,111602,1,8,0,1183.0
10110073MUNIZI_2026-01-18_G04,10110073MUNIZI,2026-01-18,111602,1,12,0,134.0
10110073MUNIZI_2026-01-18_G05,10110073MUNIZI,2026-01-18,111330,1,1,0,330.0
10110073MUNIZI_2026-01-18_G06,10110073MUNIZI,2026-01-18,111441,1,4,0,261.0
10110073MUNIZI_2026-01-18_G07,10110073MUNIZI,2026-01-18,108794,1,20,0,1872.0
10110073MUNIZI_2026-01-18_G08,10110073MUNIZI,2026-01-18,111532,1,16,0,284.0
10110073MUNIZI_2026-01-18_G09,10110073MUNIZI,2026-01-18,111172,1,4,0,176.0
10110073MUNIZI_2026-01-18_G10,10110073MUNIZI,2026-01-18,111466,1,70,0,37.0
10110073MUNIZI_2026-01-18_G11,10110073MUNIZI,2026-01-18,111602,1,30,0,990.0
10110073MUNIZI_2026-01-18_G12,10110073MUNIZI,2026-01-18,109643,1,4,0,215.0
10110073MUNIZI_2026-01-18_G13,10110073MUNIZI,2026-01-18,"110371, 141202",2,12,25,263.0
10110073MUNIZI_2026-01-18_G14,10110073MUNIZI,2026-01-18,"118299, 111466",2,16,18,942.0
10110073MUNIZI_2026-01-18_G15,10110073MUNIZI,2026-01-18,110895,1,2,0,110.0
10110073MUNIZI_2026-01-18_G16,10110073MUNIZI,2026-01-18,117808,1,30,0,295.0
10110073MUNIZI_2026-01-18_G17,10110073MUNIZI,2026-01-18,118299,1,4,0,193.0
10110073MUNIZI_2026-01-18_G18,10110073MUNIZI,2026-01-18,110373,1,2,0,70.0
10110073MUNIZI_2026-01-18_G19,10110073MUNIZI,2026-01-18,111466,1,4,0,168.0
10110073MUNIZI_2026-01-18_G20,10110073MUNIZI,2026-01-18,111430,1,2,0,485.0
10110073MUNIZI_2026-01-18_G21,10110073MUNIZI,2026-01-18,110372,1,20,0,146.0
10110073MUNIZI_2026-01-18_G22,10110073MUNIZI,2026-01-18,110373,1,2,0,144.0
10110073MUNIZI_2026-01-18_G23,10110073MUNIZI,2026-01-18,111469,1,8,0,146.0
10110073MUNIZI_2026-01-18_G24,10110073MUNIZI,2026-01-18,111467,1,2,0,172.0
10110073MUNIZI_2026-01-18_G25,10110073MUNIZI,2026-01-18,117835,1,8,0,212.0
10110073MUNIZI_2026-01-19_G02,10110073MUNIZI,2026-01-19,111602,1,3,0,156.0
10110073MUNIZI_2026-01-19_G03,10110073MUNIZI,2026-01-19,117808,1,30,0,1717.0
10110073MUNIZI_2026-01-19_G04,10110073MUNIZI,2026-01-19,118094,1,30,0,902.0
10110073MUNIZI_2026-01-19_G05,10110073MUNIZI,2026-01-19,117862,1,10,0,392.0
10110073MUNIZI_2026-01-19_G06,10110073MUNIZI,2026-01-19,111530,1,27,0,654.0
10110073MUNIZI_2026-01-19_G07,10110073MUNIZI,2026-01-19,110733,1,20,0,692.0
10110073MUNIZI_2026-01-19_G08,10110073MUNIZI,2026-01-19,110339,1,20,0,361.0
10110073MUNIZI_2026-01-19_G09,10110073MUNIZI,2026-01-19,110711,1,30,0,628.0
10110073MUNIZI_2026-01-19_G11,10110073MUNIZI,2026-01-19,111468,1,4,0,205.0
10110073MUNIZI_2026-01-19_G12,10110073MUNIZI,2026-01-19,117838,1,4,0,77.0
10110073MUNIZI_2026-01-19_G13,10110073MUNIZI,2026-01-19,117833,1,8,0,155.0
10110073MUNIZI_2026-01-19_G14,10110073MUNIZI,2026-01-19,141457,1,40,0,333.0
10110073MUNIZI_2026-01-19_G15,10110073MUNIZI,2026-01-19,117785,1,28,0,1837.0
10110073MUNIZI_2026-01-19_G16,10110073MUNIZI,2026-01-19,117786,1,4,0,339.0
10110073MUNIZI_2026-01-19_G17,10110073MUNIZI,2026-01-19,110339,1,5,0,200.0
10110073MUNIZI_2026-01-19_G18,10110073MUNIZI,2026-01-19,111602,1,7,0,186.0
10110073MUNIZI_2026-01-19_G19,10110073MUNIZI,2026-01-19,118299,1,400,0,1855.0
10110073MUNIZI_2026-01-19_G20,10110073MUNIZI,2026-01-19,117808,1,200,0,1562.0
10110073MUNIZI_2026-01-19_G21,10110073MUNIZI,2026-01-19,111434,1,4,0,767.0
10110073MUNIZI_2026-01-20_G02,10110073MUNIZI,2026-01-20,117837,1,20,0,609.0
10110073MUNIZI_2026-01-20_G03,10110073MUNIZI,2026-01-20,110313,1,31,0,1341.0
10110073MUNIZI_2026-01-20_G04,10110073MUNIZI,2026-01-20,141047,1,15,0,305.0
10110073MUNIZI_2026-01-20_G05,10110073MUNIZI,2026-01-20,117786,1,20,0,212.0
10110073MUNIZI_2026-01-20_G06,10110073MUNIZI,2026-01-20,109647,1,15,0,656.0
10110073MUNIZI_2026-01-20_G07,10110073MUNIZI,2026-01-20,109640,1,3,0,503.0
10110073MUNIZI_2026-01-20_G08,10110073MUNIZI,2026-01-20,140923,1,60,0,911.0
10110073MUNIZI_2026-01-20_G09,10110073MUNIZI,2026-01-20,117855,1,70,0,1155.0
10110073MUNIZI_2026-01-20_G10,10110073MUNIZI,2026-01-20,107830,1,40,0,664.0
10110073MUNIZI_2026-01-20_G11,10110073MUNIZI,2026-01-20,109643,1,55,0,956.0
10110073MUNIZI_2026-01-20_G12,10110073MUNIZI,2026-01-20,109643,1,35,0,310.0
10110073MUNIZI_2026-01-20_G13,10110073MUNIZI,2026-01-20,117808,1,130,0,684.0
10110073MUNIZI_2026-01-20_G15,10110073MUNIZI,2026-01-20,111462,1,45,0,836.0
10110073MUNIZI_2026-01-20_G16,10110073MUNIZI,2026-01-20,117821,1,2,0,288.0
10110073MUNIZI_2026-01-20_G17,10110073MUNIZI,2026-01-20,117821,1,20,0,416.0
10110073MUNIZI_2026-01-20_G18,10110073MUNIZI,2026-01-20,111466,1,22,0,286.0
10110073MUNIZI_2026-01-20_G19,10110073MUNIZI,2026-01-20,117788,1,20,0,875.0
10110073MUNIZI_2026-01-20_G20,10110073MUNIZI,2026-01-20,110741,1,6,0,145.0
10110073MUNIZI_2026-01-20_G21,10110073MUNIZI,2026-01-20,110741,1,8,0,144.0
10110073MUNIZI_2026-01-20_G22,10110073MUNIZI,2026-01-20,117861,1,3,0,174.0
10110073MUNIZI_2026-01-20_G23,10110073MUNIZI,2026-01-20,108794,1,73,0,628.0
10110073MUNIZI_2026-01-20_G24,10110073MUNIZI,2026-01-20,141823,1,70,0,813.0
10110073MUNIZI_2026-01-20_G25,10110073MUNIZI,2026-01-20,111469,1,80,0,686.0
10110073MUNIZI_2026-01-20_G26,10110073MUNIZI,2026-01-20,141458,1,52,0,937.0
10110073MUNIZI_2026-01-20_G27,10110073MUNIZI,2026-01-20,118298,1,48,0,947.0
10110073MUNIZI_2026-01-20_G28,10110073MUNIZI,2026-01-20,110374,1,16,0,350.0
10110073MUNIZI_2026-01-20_G29,10110073MUNIZI,2026-01-20,107830,1,8,0,217.0
10110073MUNIZI_2026-01-20_G30,10110073MUNIZI,2026-01-20,117821,1,2,0,659.0
10110073MUNIZI_2026-01-20_G31,10110073MUNIZI,2026-01-20,111466,1,16,0,203.0
10110073MUNIZI_2026-01-20_G32,10110073MUNIZI,2026-01-20,111466,1,4,0,56.0
10110073MUNIZI_2026-01-20_G33,10110073MUNIZI,2026-01-20,111466,1,8,0,84.0
10110073MUNIZI_2026-01-20_G34,10110073MUNIZI,2026-01-20,111462,1,14,0,98.0
10110073MUNIZI_2026-01-20_G35,10110073MUNIZI,2026-01-20,141457,1,8,0,125.0
10110073MUNIZI_2026-01-20_G36,10110073MUNIZI,2026-01-20,141457,1,36,0,474.0
10110073MUNIZI_2026-01-20_G37,10110073MUNIZI,2026-01-20,141457,1,12,0,290.0
10110073MUNIZI_2026-01-20_G38,10110073MUNIZI,2026-01-20,111469,1,2,0,72.0
10110073MUNIZI_2026-01-20_G39,10110073MUNIZI,2026-01-20,111465,1,3,0,74.0
10110073MUNIZI_2026-01-21_G02,10110073MUNIZI,2026-01-21,111602,1,10,0,269.0
10110073MUNIZI_2026-01-21_G03,10110073MUNIZI,2026-01-21,117856,1,2,0,778.0
10110073MUNIZI_2026-01-21_G04,10110073MUNIZI,2026-01-21,110756,1,2,0,93.0
10110073MUNIZI_2026-01-21_G05,10110073MUNIZI,2026-01-21,108361,1,4,0,98.0
10110073MUNIZI_2026-01-21_G06,10110073MUNIZI,2026-01-21,109640,1,1,0,88.0
10110073MUNIZI_2026-01-21_G07,10110073MUNIZI,2026-01-21,109640,1,5,0,112.0
10110073MUNIZI_2026-01-21_G08,10110073MUNIZI,2026-01-21,109640,1,8,0,1490.0
10110073MUNIZI_2026-01-21_G09,10110073MUNIZI,2026-01-21,117854,1,6,0,140.0
10110073MUNIZI_2026-01-21_G10,10110073MUNIZI,2026-01-21,110374,1,16,0,639.0
10110073MUNIZI_2026-01-21_G11,10110073MUNIZI,2026-01-21,118299,1,10,0,1403.0
10110073MUNIZI_2026-01-21_G12,10110073MUNIZI,2026-01-21,110372,1,1,0,46.0
10110073MUNIZI_2026-01-21_G13,10110073MUNIZI,2026-01-21,109643,1,8,0,328.0
10110073MUNIZI_2026-01-21_G14,10110073MUNIZI,2026-01-21,118299,1,54,0,638.0
10110073MUNIZI_2026-01-21_G15,10110073MUNIZI,2026-01-21,110372,1,40,0,425.0
10110073MUNIZI_2026-01-21_G16,10110073MUNIZI,2026-01-21,110895,1,4,0,214.0
10110073MUNIZI_2026-01-21_G17,10110073MUNIZI,2026-01-21,110895,1,4,0,59.0
10110073MUNIZI_2026-01-21_G18,10110073MUNIZI,2026-01-21,118299,1,150,0,1365.0
10110073MUNIZI_2026-01-21_G20,10110073MUNIZI,2026-01-21,117821,1,2,0,64.0
10110073MUNIZI_2026-01-21_G21,10110073MUNIZI,2026-01-21,111743,1,2,0,69.0
10110073MUNIZI_2026-01-21_G22,10110073MUNIZI,2026-01-21,109645,1,2,0,97.0
10110073MUNIZI_2026-01-21_G23,10110073MUNIZI,2026-01-21,109641,1,3,0,111.0
10110073MUNIZI_2026-01-21_G24,10110073MUNIZI,2026-01-21,141457,1,2,0,89.0
10110073MUNIZI_2026-01-21_G25,10110073MUNIZI,2026-01-21,118140,1,4,0,147.0
10110073MUNIZI_2026-01-21_G26,10110073MUNIZI,2026-01-21,110313,1,2,0,126.0
10110073MUNIZI_2026-01-21_G27,10110073MUNIZI,2026-01-21,111876,1,4,0,97.0
10110073MUNIZI_2026-01-21_G28,10110073MUNIZI,2026-01-21,110733,1,2,0,58.0
10110073MUNIZI_2026-01-21_G29,10110073MUNIZI,2026-01-21,109647,1,2,0,158.0
10110073MUNIZI_2026-01-21_G30,10110073MUNIZI,2026-01-21,109640,1,4,0,1184.0
10110073MUNIZI_2026-01-21_G31,10110073MUNIZI,2026-01-21,117809,1,2,0,109.0
10110073MUNIZI_2026-01-21_G32,10110073MUNIZI,2026-01-21,109643,1,4,0,235.0
10110073MUNIZI_2026-01-21_G33,10110073MUNIZI,2026-01-21,117808,1,8,0,97.0
10110073MUNIZI_2026-01-21_G34,10110073MUNIZI,2026-01-21,117830,1,4,0,108.0
10110073MUNIZI_2026-01-22_G02,10110073MUNIZI,2026-01-22,118280,1,2,0,110.0
10110073MUNIZI_2026-01-22_G03,10110073MUNIZI,2026-01-22,110500,1,2,0,283.0
10110073MUNIZI_2026-01-22_G04,10110073MUNIZI,2026-01-22,108759,1,24,0,1526.0
10110073MUNIZI_2026-01-22_G05,10110073MUNIZI,2026-01-22,111441,1,8,0,353.0
10110073MUNIZI_2026-01-22_G06,10110073MUNIZI,2026-01-22,118306,1,6,0,255.0
10110073MUNIZI_2026-01-22_G07,10110073MUNIZI,2026-01-22,110747,1,10,0,276.0
10110073MUNIZI_2026-01-22_G08,10110073MUNIZI,2026-01-22,141318,1,8,0,68.0
10110073MUNIZI_2026-01-22_G09,10110073MUNIZI,2026-01-22,140911,1,6,0,249.0
10110073MUNIZI_2026-01-22_G10,10110073MUNIZI,2026-01-22,110582,1,4,0,164.0
10110073MUNIZI_2026-01-22_G11,10110073MUNIZI,2026-01-22,117841,1,2,0,147.0
10110073MUNIZI_2026-01-22_G12,10110073MUNIZI,2026-01-22,117841,1,2,0,42.0
10110073MUNIZI_2026-01-22_G13,10110073MUNIZI,2026-01-22,141271,1,20,0,557.0
10110073MUNIZI_2026-01-22_G14,10110073MUNIZI,2026-01-22,141823,1,20,0,217.0
10110073MUNIZI_2026-01-22_G15,10110073MUNIZI,2026-01-22,111431,1,4,0,167.0
10110073MUNIZI_2026-01-22_G16,10110073MUNIZI,2026-01-22,110740,1,30,0,249.0
10110073MUNIZI_2026-01-22_G17,10110073MUNIZI,2026-01-22,117787,1,10,0,111.0
10110073MUNIZI_2026-01-22_G18,10110073MUNIZI,2026-01-22,117788,1,2,0,316.0
10110073MUNIZI_2026-01-22_G19,10110073MUNIZI,2026-01-22,110750,1,4,0,128.0
10110073MUNIZI_2026-01-22_G20,10110073MUNIZI,2026-01-22,109647,1,10,0,1054.0
10110073MUNIZI_2026-01-22_G21,10110073MUNIZI,2026-01-22,117861,1,20,0,2364.0
10110073MUNIZI_2026-01-22_G22,10110073MUNIZI,2026-01-22,117854,1,13,0,86.0
10110073MUNIZI_2026-01-22_G23,10110073MUNIZI,2026-01-22,141202,1,20,0,358.0
10110073MUNIZI_2026-01-22_G25,10110073MUNIZI,2026-01-22,117862,1,8,0,220.0
10110073MUNIZI_2026-01-22_G26,10110073MUNIZI,2026-01-22,108794,1,4,0,175.0
10110073MUNIZI_2026-01-22_G27,10110073MUNIZI,2026-01-22,118140,1,2,0,110.0
10110073MUNIZI_2026-01-22_G28,10110073MUNIZI,2026-01-22,110742,1,6,0,252.0
10110073MUNIZI_2026-01-22_G29,10110073MUNIZI,2026-01-22,110752,1,9,0,1282.0
10110073MUNIZI_2026-01-22_G30,10110073MUNIZI,2026-01-22,141035,1,4,0,142.0
10110073MUNIZI_2026-01-22_G31,10110073MUNIZI,2026-01-22,118094,1,10,0,183.0
10110073MUNIZI_2026-01-22_G32,10110073MUNIZI,2026-01-22,111467,1,15,0,326.0
10110073MUNIZI_2026-01-22_G33,10110073MUNIZI,2026-01-22,111467,1,10,0,122.0
10110073MUNIZI_2026-01-22_G34,10110073MUNIZI,2026-01-22,140923,1,20,0,340.0
10110073MUNIZI_2026-01-22_G35,10110073MUNIZI,2026-01-22,140923,1,20,0,836.0
10110073MUNIZI_2026-01-22_G36,10110073MUNIZI,2026-01-22,141047,1,5,0,253.0
10110073MUNIZI_2026-01-22_G37,10110073MUNIZI,2026-01-22,111876,1,6,0,173.0
10110073MUNIZI_2026-01-22_G38,10110073MUNIZI,2026-01-22,141352,1,10,0,224.0
10110073MUNIZI_2026-01-22_G39,10110073MUNIZI,2026-01-22,111602,1,14,0,206.0
10110073MUNIZI_2026-01-22_G40,10110073MUNIZI,2026-01-22,110339,1,10,0,130.0
10110073MUNIZI_2026-01-22_G41,10110073MUNIZI,2026-01-22,109640,1,12,0,764.0
10110073MUNIZI_2026-01-22_G42,10110073MUNIZI,2026-01-22,117855,1,20,0,103.0
10110073MUNIZI_2026-01-22_G43,10110073MUNIZI,2026-01-22,107629,1,8,0,1271.0
10110073MUNIZI_2026-01-22_G44,10110073MUNIZI,2026-01-22,110374,1,2,0,175.0
10110073MUNIZI_2026-01-22_G45,10110073MUNIZI,2026-01-22,111172,1,2,0,179.0
10110073MUNIZI_2026-01-22_G46,10110073MUNIZI,2026-01-22,117832,1,6,0,289.0
10110073MUNIZI_2026-01-22_G47,10110073MUNIZI,2026-01-22,108772,1,4,0,502.0
10110073MUNIZI_2026-01-22_G48,10110073MUNIZI,2026-01-22,117856,1,4,0,363.0
10110073MUNIZI_2026-01-22_G49,10110073MUNIZI,2026-01-22,108759,1,2,0,42.0
10110073MUNIZI_2026-01-23_G02,10110073MUNIZI,2026-01-23,111442,1,2,0,111.0
10110073MUNIZI_2026-01-23_G03,10110073MUNIZI,2026-01-23,110374,1,8,0,111.0
10110073MUNIZI_2026-01-23_G04,10110073MUNIZI,2026-01-23,117853,1,4,0,1113.0
10110073MUNIZI_2026-01-23_G05,10110073MUNIZI,2026-01-23,118094,1,5,0,130.0
10110073MUNIZI_2026-01-23_G06,10110073MUNIZI,2026-01-23,108798,1,4,0,120.0
10110073MUNIZI_2026-01-23_G07,10110073MUNIZI,2026-01-23,110500,1,5,0,1070.0
10110073MUNIZI_2026-01-23_G08,10110073MUNIZI,2026-01-23,111463,1,4,0,151.0
10110073MUNIZI_2026-01-23_G09,10110073MUNIZI,2026-01-23,117832,1,3,0,179.0
10110073MUNIZI_2026-01-23_G10,10110073MUNIZI,2026-01-23,117832,1,2,0,110.0
10110073MUNIZI_2026-01-23_G11,10110073MUNIZI,2026-01-23,117856,1,2,0,148.0
10110073MUNIZI_2026-01-23_G12,10110073MUNIZI,2026-01-23,108772,1,2,0,191.0
10110073MUNIZI_2026-01-23_G13,10110073MUNIZI,2026-01-23,108772,1,1,0,589.0
10110073MUNIZI_2026-01-23_G14,10110073MUNIZI,2026-01-23,117856,1,2,0,132.0
10110073MUNIZI_2026-01-23_G15,10110073MUNIZI,2026-01-23,111182,1,2,0,171.0
10110073MUNIZI_2026-01-23_G16,10110073MUNIZI,2026-01-23,117832,1,2,0,104.0
10110073MUNIZI_2026-01-23_G17,10110073MUNIZI,2026-01-23,118299,1,33,0,507.0
10110073MUNIZI_2026-01-23_G18,10110073MUNIZI,2026-01-23,110372,1,12,0,146.0
10110073MUNIZI_2026-01-23_G19,10110073MUNIZI,2026-01-23,117820,1,14,0,948.0
10110073MUNIZI_2026-01-23_G20,10110073MUNIZI,2026-01-23,141202,1,6,0,117.0
10110073MUNIZI_2026-01-23_G21,10110073MUNIZI,2026-01-23,109643,1,2,0,63.0
10110073MUNIZI_2026-01-23_G22,10110073MUNIZI,2026-01-23,117809,1,8,0,163.0
10110073MUNIZI_2026-01-23_G23,10110073MUNIZI,2026-01-23,117830,1,6,0,183.0
10110073MUNIZI_2026-01-23_G24,10110073MUNIZI,2026-01-23,108794,1,1,0,261.0
10110073MUNIZI_2026-01-23_G25,10110073MUNIZI,2026-01-23,110751,1,2,0,69.0
10110073MUNIZI_2026-01-23_G26,10110073MUNIZI,2026-01-23,140922,1,4,0,85.0
10110073MUNIZI_2026-01-23_G27,10110073MUNIZI,2026-01-23,109645,1,2,0,179.0
10110073MUNIZI_2026-01-23_G28,10110073MUNIZI,2026-01-23,111466,1,3,0,74.0
10110073MUNIZI_2026-01-23_G29,10110073MUNIZI,2026-01-23,141271,1,8,0,162.0
10110073MUNIZI_2026-01-23_G30,10110073MUNIZI,2026-01-23,111462,1,2,0,49.0
10110073MUNIZI_2026-01-23_G31,10110073MUNIZI,2026-01-23,141823,1,6,0,182.0
10110073MUNIZI_2026-01-23_G32,10110073MUNIZI,2026-01-23,111418,1,2,0,95.0
10110073MUNIZI_2026-01-23_G33,10110073MUNIZI,2026-01-23,111468,1,2,0,78.0
10110073MUNIZI_2026-01-23_G34,10110073MUNIZI,2026-01-23,117833,1,12,0,249.0
10110073MUNIZI_2026-01-23_G35,10110073MUNIZI,2026-01-23,110740,1,6,0,902.0
10110073MUNIZI_2026-01-23_G36,10110073MUNIZI,2026-01-23,118140,1,2,0,634.0
10110073MUNIZI_2026-01-23_G37,10110073MUNIZI,2026-01-23,117785,1,14,0,322.0
10110073MUNIZI_2026-01-23_G39,10110073MUNIZI,2026-01-23,117834,1,2,0,99.0
10110073MUNIZI_2026-01-23_G40,10110073MUNIZI,2026-01-23,100334,1,3,0,394.0
10110073MUNIZI_2026-01-23_G41,10110073MUNIZI,2026-01-23,111569,1,4,0,102.0
10110073MUNIZI_2026-01-23_G42,10110073MUNIZI,2026-01-23,118299,1,46,0,511.0
10110073MUNIZI_2026-01-23_G43,10110073MUNIZI,2026-01-23,110372,1,2,0,54.0
10110073MUNIZI_2026-01-23_G44,10110073MUNIZI,2026-01-23,117808,1,4,0,236.0
10110073MUNIZI_2026-01-23_G45,10110073MUNIZI,2026-01-23,110373,1,2,0,114.0
10110073MUNIZI_2026-01-23_G46,10110073MUNIZI,2026-01-23,117830,1,4,0,67.0
10110073MUNIZI_2026-01-23_G47,10110073MUNIZI,2026-01-23,110129,1,2,0,701.0
10110073MUNIZI_2026-01-23_G48,10110073MUNIZI,2026-01-23,111466,1,1,0,112.0
10110073MUNIZI_2026-01-23_G49,10110073MUNIZI,2026-01-23,111463,2,9,13,183.0
10110073MUNIZI_2026-01-23_G50,10110073MUNIZI,2026-01-23,117785,1,2,0,138.0
10110073MUNIZI_2026-01-23_G51,10110073MUNIZI,2026-01-23,111467,1,1,0,140.0
10110073MUNIZI_2026-01-23_G52,10110073MUNIZI,2026-01-23,110753,1,2,0,90.0
10110073MUNIZI_2026-01-23_G53,10110073MUNIZI,2026-01-23,109640,1,1,0,74.0
10110073MUNIZI_2026-01-23_G54,10110073MUNIZI,2026-01-23,117855,1,4,0,176.0
10110073MUNIZI_2026-01-23_G55,10110073MUNIZI,2026-01-23,111602,1,6,0,1945.0
10110073MUNIZI_2026-01-23_G56,10110073MUNIZI,2026-01-23,110374,1,60,0,1183.0
10110073MUNIZI_2026-01-23_G57,10110073MUNIZI,2026-01-23,110374,1,38,0,742.0
10110073MUNIZI_2026-01-23_G58,10110073MUNIZI,2026-01-23,111532,1,4,0,142.0
10110073MUNIZI_2026-01-23_G59,10110073MUNIZI,2026-01-23,118299,1,2,0,93.0
10110073MUNIZI_2026-01-23_G60,10110073MUNIZI,2026-01-23,110742,1,4,0,207.0
10110073MUNIZI_2026-01-23_G61,10110073MUNIZI,2026-01-23,108759,1,4,0,287.0
10110073MUNIZI_2026-01-23_G62,10110073MUNIZI,2026-01-23,111532,1,19,0,993.0
10110073MUNIZI_2026-01-23_G63,10110073MUNIZI,2026-01-23,111441,1,8,0,186.0
10110073MUNIZI_2026-01-23_G64,10110073MUNIZI,2026-01-23,110373,1,2,0,335.0
10110073MUNIZI_2026-01-23_G65,10110073MUNIZI,2026-01-23,117832,1,20,0,499.0
10110073MUNIZI_2026-01-24_G03,10110073MUNIZI,2026-01-24,118094,1,2,0,102.0
10110073MUNIZI_2026-01-24_G04,10110073MUNIZI,2026-01-24,140923,1,4,0,122.0
10110073MUNIZI_2026-01-24_G05,10110073MUNIZI,2026-01-24,107629,1,2,0,177.0
10110073MUNIZI_2026-01-24_G06,10110073MUNIZI,2026-01-24,109640,1,2,0,95.0
10110073MUNIZI_2026-01-24_G07,10110073MUNIZI,2026-01-24,117854,1,4,0,298.0
10110073MUNIZI_2026-01-24_G08,10110073MUNIZI,2026-01-24,117838,1,2,0,1360.0
10110073MUNIZI_2026-01-24_G09,10110073MUNIZI,2026-01-24,108794,1,7,0,179.0
10110073MUNIZI_2026-01-24_G10,10110073MUNIZI,2026-01-24,117821,1,2,0,79.0
10110073MUNIZI_2026-01-24_G11,10110073MUNIZI,2026-01-24,111532,1,12,0,446.0
10110073MUNIZI_2026-01-24_G12,10110073MUNIZI,2026-01-24,111469,1,3,0,122.0
10110073MUNIZI_2026-01-24_G13,10110073MUNIZI,2026-01-24,111431,1,4,0,92.0
10110073MUNIZI_2026-01-24_G14,10110073MUNIZI,2026-01-24,110740,1,4,0,112.0
10110073MUNIZI_2026-01-24_G15,10110073MUNIZI,2026-01-24,117787,1,2,0,69.0
10110073MUNIZI_2026-01-24_G16,10110073MUNIZI,2026-01-24,141458,1,4,0,134.0
10110073MUNIZI_2026-01-25_G02,10110073MUNIZI,2026-01-25,111469,1,4,0,111.0
10110073MUNIZI_2026-01-25_G03,10110073MUNIZI,2026-01-25,110374,1,12,0,172.0
10110073MUNIZI_2026-01-25_G04,10110073MUNIZI,2026-01-25,111430,1,2,0,511.0
10110073MUNIZI_2026-01-25_G05,10110073MUNIZI,2026-01-25,111438,1,2,0,49.0
10110073MUNIZI_2026-01-25_G06,10110073MUNIZI,2026-01-25,142045,1,1,0,85.0
10110073MUNIZI_2026-01-25_G07,10110073MUNIZI,2026-01-25,110895,1,2,0,60.0
10110073MUNIZI_2026-01-25_G08,10110073MUNIZI,2026-01-25,118253,1,4,0,93.0
10110073MUNIZI_2026-01-25_G09,10110073MUNIZI,2026-01-25,141318,1,2,0,154.0
10110073MUNIZI_2026-01-25_G10,10110073MUNIZI,2026-01-25,111876,1,2,0,199.0
10110073MUNIZI_2026-01-25_G11,10110073MUNIZI,2026-01-25,117856,1,4,0,74.0
10110073MUNIZI_2026-01-25_G12,10110073MUNIZI,2026-01-25,117855,1,2,0,98.0
10110073MUNIZI_2026-01-25_G13,10110073MUNIZI,2026-01-25,111418,1,6,0,311.0
10110073MUNIZI_2026-01-25_G14,10110073MUNIZI,2026-01-25,110313,1,6,0,311.0
10110073MUNIZI_2026-01-25_G15,10110073MUNIZI,2026-01-25,118094,1,2,0,303.0
10110073MUNIZI_2026-01-25_G16,10110073MUNIZI,2026-01-25,140923,1,1,0,60.0
10110073MUNIZI_2026-01-25_G17,10110073MUNIZI,2026-01-25,110339,1,1,0,83.0
10110073MUNIZI_2026-01-25_G18,10110073MUNIZI,2026-01-25,117855,1,4,0,271.0
10110073MUNIZI_2026-01-25_G19,10110073MUNIZI,2026-01-25,117862,1,4,0,157.0
10110073MUNIZI_2026-01-25_G20,10110073MUNIZI,2026-01-25,111532,1,2,0,101.0
10110073MUNIZI_2026-01-25_G21,10110073MUNIZI,2026-01-25,141271,1,4,0,105.0
10110073MUNIZI_2026-01-25_G22,10110073MUNIZI,2026-01-25,111418,1,9,0,172.0
10110073MUNIZI_2026-01-25_G23,10110073MUNIZI,2026-01-25,117808,1,4,0,126.0
10110073MUNIZI_2026-01-25_G24,10110073MUNIZI,2026-01-25,110373,1,8,0,139.0
10110073MUNIZI_2026-01-25_G25,10110073MUNIZI,2026-01-25,100334,1,2,0,132.0
10110073MUNIZI_2026-01-25_G26,10110073MUNIZI,2026-01-25,110372,1,16,0,1140.0
10110073MUNIZI_2026-01-25_G27,10110073MUNIZI,2026-01-25,117808,1,8,0,670.0
10110073MUNIZI_2026-01-25_G28,10110073MUNIZI,2026-01-25,118299,1,8,0,108.0
10110073MUNIZI_2026-01-25_G29,10110073MUNIZI,2026-01-25,111466,1,4,0,136.0
10110073MUNIZI_2026-01-25_G30,10110073MUNIZI,2026-01-25,111532,1,4,0,69.0
10110073MUNIZI_2026-01-25_G31,10110073MUNIZI,2026-01-25,111438,1,5,0,364.0
10110073MUNIZI_2026-01-25_G32,10110073MUNIZI,2026-01-25,110747,1,4,0,152.0
10110073MUNIZI_2026-01-25_G33,10110073MUNIZI,2026-01-25,118094,1,4,0,252.0
10110073MUNIZI_2026-01-25_G34,10110073MUNIZI,2026-01-25,117855,1,2,0,160.0
10110073MUNIZI_2026-01-25_G35,10110073MUNIZI,2026-01-25,117808,1,4,0,107.0
10110073MUNIZI_2026-01-25_G36,10110073MUNIZI,2026-01-25,118299,1,4,0,71.0
10110073MUNIZI_2026-01-25_G37,10110073MUNIZI,2026-01-25,108794,1,4,0,196.0
10110073MUNIZI_2026-01-26_G02,10110073MUNIZI,2026-01-26,116241,1,3,0,137.0
10110073MUNIZI_2026-01-26_G03,10110073MUNIZI,2026-01-26,160055,1,2,0,209.0
10110073MUNIZI_2026-01-26_G04,10110073MUNIZI,2026-01-26,111418,1,8,0,116.0
10110073MUNIZI_2026-01-26_G05,10110073MUNIZI,2026-01-26,111468,1,2,0,81.0
10110073MUNIZI_2026-01-26_G06,10110073MUNIZI,2026-01-26,118223,1,2,0,142.0
10110073MUNIZI_2026-01-26_G07,10110073MUNIZI,2026-01-26,111469,1,2,0,37.0
10110073MUNIZI_2026-01-26_G08,10110073MUNIZI,2026-01-26,118140,1,4,0,1299.0
10110073MUNIZI_2026-01-26_G09,10110073MUNIZI,2026-01-26,110733,1,4,0,1769.0
10110073MUNIZI_2026-01-26_G10,10110073MUNIZI,2026-01-26,117855,1,2,0,150.0
10110073MUNIZI_2026-01-26_G11,10110073MUNIZI,2026-01-26,117862,1,4,0,111.0
10110073MUNIZI_2026-01-26_G12,10110073MUNIZI,2026-01-26,117820,1,2,0,181.0
10110073MUNIZI_2026-01-26_G13,10110073MUNIZI,2026-01-26,117808,1,3,0,107.0
10110073MUNIZI_2026-01-26_G14,10110073MUNIZI,2026-01-26,118299,1,7,0,146.0
10110073MUNIZI_2026-01-26_G15,10110073MUNIZI,2026-01-26,110373,1,20,0,370.0
10110073MUNIZI_2026-01-26_G16,10110073MUNIZI,2026-01-26,108772,1,2,0,161.0
10110073MUNIZI_2026-01-26_G17,10110073MUNIZI,2026-01-26,117834,1,4,0,143.0
10110073MUNIZI_2026-01-26_G18,10110073MUNIZI,2026-01-26,110374,1,4,0,446.0
10110073MUNIZI_2026-01-26_G19,10110073MUNIZI,2026-01-26,110372,1,10,0,136.0
10110073MUNIZI_2026-01-26_G20,10110073MUNIZI,2026-01-26,117820,1,14,0,244.0
10110073MUNIZI_2026-01-26_G21,10110073MUNIZI,2026-01-26,141202,1,4,0,136.0
10110073MUNIZI_2026-01-26_G22,10110073MUNIZI,2026-01-26,118299,1,8,0,242.0
10110073MUNIZI_2026-01-26_G23,10110073MUNIZI,2026-01-26,110373,1,7,0,194.0
10110073MUNIZI_2026-01-26_G24,10110073MUNIZI,2026-01-26,117831,1,4,0,167.0
10110073MUNIZI_2026-01-26_G25,10110073MUNIZI,2026-01-26,117821,1,4,0,106.0
10110073MUNIZI_2026-01-26_G26,10110073MUNIZI,2026-01-26,111466,1,1,0,76.0
10110073MUNIZI_2026-01-26_G27,10110073MUNIZI,2026-01-26,111462,1,6,0,164.0
10110073MUNIZI_2026-01-26_G28,10110073MUNIZI,2026-01-26,111418,1,4,0,74.0
10110073MUNIZI_2026-01-26_G29,10110073MUNIZI,2026-01-26,111469,1,1,0,85.0
10110073MUNIZI_2026-01-26_G30,10110073MUNIZI,2026-01-26,117856,1,2,0,514.0
10110073MUNIZI_2026-01-26_G31,10110073MUNIZI,2026-01-26,110339,1,2,0,86.0
10110073MUNIZI_2026-01-26_G32,10110073MUNIZI,2026-01-26,117855,1,2,0,502.0
10110073MUNIZI_2026-01-26_G33,10110073MUNIZI,2026-01-26,117862,1,2,0,117.0
10110073MUNIZI_2026-01-26_G34,10110073MUNIZI,2026-01-26,110747,1,2,0,170.0
10110073MUNIZI_2026-01-26_G36,10110073MUNIZI,2026-01-26,117837,1,4,0,67.0
10110073MUNIZI_2026-01-26_G37,10110073MUNIZI,2026-01-26,140923,1,6,0,207.0
10110073MUNIZI_2026-01-26_G38,10110073MUNIZI,2026-01-26,141047,1,2,0,112.0
10110073MUNIZI_2026-01-26_G39,10110073MUNIZI,2026-01-26,117856,1,4,0,107.0
10110073MUNIZI_2026-01-26_G40,10110073MUNIZI,2026-01-26,109640,1,20,0,393.0
10110073MUNIZI_2026-01-26_G41,10110073MUNIZI,2026-01-26,109647,1,3,0,98.0
10110073MUNIZI_2026-01-26_G42,10110073MUNIZI,2026-01-26,117855,1,8,0,116.0
10110073MUNIZI_2026-01-26_G43,10110073MUNIZI,2026-01-26,"117856, 117862",2,4,8,336.0
10110073MUNIZI_2026-01-26_G44,10110073MUNIZI,2026-01-26,109641,1,6,0,360.0
10110073MUNIZI_2026-01-26_G45,10110073MUNIZI,2026-01-26,109645,1,4,0,111.0
10110073MUNIZI_2026-01-26_G46,10110073MUNIZI,2026-01-26,110787,1,10,0,113.0
10110073MUNIZI_2026-01-26_G47,10110073MUNIZI,2026-01-26,111465,1,8,0,220.0
10110073MUNIZI_2026-01-26_G48,10110073MUNIZI,2026-01-26,111465,1,6,0,89.0
10110073MUNIZI_2026-01-26_G49,10110073MUNIZI,2026-01-26,111469,1,2,0,91.0
10110073MUNIZI_2026-01-26_G50,10110073MUNIZI,2026-01-26,110740,1,7,0,215.0
10110073MUNIZI_2026-01-26_G51,10110073MUNIZI,2026-01-26,118140,1,5,0,1248.0
10110073MUNIZI_2026-01-26_G52,10110073MUNIZI,2026-01-26,141458,1,4,0,118.0
10110073MUNIZI_2026-01-26_G53,10110073MUNIZI,2026-01-26,117836,1,4,0,161.0
10110073MUNIZI_2026-01-26_G54,10110073MUNIZI,2026-01-26,110747,1,3,0,129.0
10110073MUNIZI_2026-01-26_G55,10110073MUNIZI,2026-01-26,110742,1,8,0,259.0
10110073MUNIZI_2026-01-26_G56,10110073MUNIZI,2026-01-26,111569,1,4,0,228.0
10110073MUNIZI_2026-01-26_G57,10110073MUNIZI,2026-01-26,109643,1,4,0,724.0
10110073MUNIZI_2026-01-26_G58,10110073MUNIZI,2026-01-26,110373,1,8,0,155.0
10110073MUNIZI_2026-01-26_G59,10110073MUNIZI,2026-01-26,107830,1,8,0,168.0
10110073MUNIZI_2026-01-26_G60,10110073MUNIZI,2026-01-26,111466,1,20,0,2173.0
10110073MUNIZI_2026-01-26_G61,10110073MUNIZI,2026-01-26,111463,1,10,0,190.0
10110073MUNIZI_2026-01-26_G62,10110073MUNIZI,2026-01-26,141457,1,4,0,102.0
10110073MUNIZI_2026-01-26_G63,10110073MUNIZI,2026-01-26,110787,1,10,0,232.0
10110073MUNIZI_2026-01-26_G64,10110073MUNIZI,2026-01-26,109640,1,4,0,146.0
10110073MUNIZI_2026-01-26_G65,10110073MUNIZI,2026-01-26,117808,1,70,0,898.0
10110073MUNIZI_2026-01-26_G66,10110073MUNIZI,2026-01-26,111433,1,2,0,761.0
10110073MUNIZI_2026-01-27_G02,10110073MUNIZI,2026-01-27,117842,1,1,0,51.0
10110073MUNIZI_2026-01-27_G03,10110073MUNIZI,2026-01-27,117821,1,1,0,52.0
10110073MUNIZI_2026-01-27_G04,10110073MUNIZI,2026-01-27,109645,1,4,0,128.0
10110073MUNIZI_2026-01-27_G05,10110073MUNIZI,2026-01-27,111466,1,14,0,105.0
10110073MUNIZI_2026-01-27_G06,10110073MUNIZI,2026-01-27,111462,1,21,0,493.0
10110073MUNIZI_2026-01-27_G07,10110073MUNIZI,2026-01-27,111465,1,4,0,94.0
10110073MUNIZI_2026-01-27_G08,10110073MUNIZI,2026-01-27,141457,1,4,0,142.0
10110073MUNIZI_2026-01-27_G09,10110073MUNIZI,2026-01-27,111469,1,4,0,66.0
10110073MUNIZI_2026-01-27_G10,10110073MUNIZI,2026-01-27,110740,1,3,0,107.0
10110073MUNIZI_2026-01-27_G11,10110073MUNIZI,2026-01-27,118140,1,8,0,155.0
10110073MUNIZI_2026-01-27_G12,10110073MUNIZI,2026-01-27,118140,1,4,0,36.0
10110073MUNIZI_2026-01-27_G13,10110073MUNIZI,2026-01-27,141458,1,2,0,88.0
10110073MUNIZI_2026-01-27_G14,10110073MUNIZI,2026-01-27,141458,1,6,0,119.0
10110073MUNIZI_2026-01-27_G15,10110073MUNIZI,2026-01-27,108794,1,4,0,1312.0
10110073MUNIZI_2026-01-27_G16,10110073MUNIZI,2026-01-27,110372,1,2,0,73.0
10110073MUNIZI_2026-01-27_G17,10110073MUNIZI,2026-01-27,111463,1,4,0,2308.0
10110073MUNIZI_2026-01-27_G18,10110073MUNIZI,2026-01-27,111463,1,4,0,31.0
10110073MUNIZI_2026-01-27_G19,10110073MUNIZI,2026-01-27,141457,1,4,0,152.0
10110073MUNIZI_2026-01-27_G20,10110073MUNIZI,2026-01-27,110371,1,8,0,302.0
10110073MUNIZI_2026-01-27_G21,10110073MUNIZI,2026-01-27,110787,1,2,0,454.0
10110073MUNIZI_2026-01-27_G22,10110073MUNIZI,2026-01-27,111463,1,4,0,283.0
10110073MUNIZI_2026-01-27_G23,10110073MUNIZI,2026-01-27,111433,1,2,0,165.0
10110073MUNIZI_2026-01-27_G24,10110073MUNIZI,2026-01-27,111433,1,4,0,1014.0
10110073MUNIZI_2026-01-27_G25,10110073MUNIZI,2026-01-27,110787,1,5,0,418.0
10110073MUNIZI_2026-01-27_G26,10110073MUNIZI,2026-01-27,111463,1,30,0,330.0
10110073MUNIZI_2026-01-27_G27,10110073MUNIZI,2026-01-27,110371,1,20,0,231.0
10110073MUNIZI_2026-01-27_G28,10110073MUNIZI,2026-01-27,111530,1,16,0,279.0
10110073MUNIZI_2026-01-27_G30,10110073MUNIZI,2026-01-27,140922,1,4,0,165.0
10110073MUNIZI_2026-01-27_G31,10110073MUNIZI,2026-01-27,117831,1,3,0,160.0
10110073MUNIZI_2026-01-27_G32,10110073MUNIZI,2026-01-27,118140,1,8,0,157.0
10110073MUNIZI_2026-01-27_G33,10110073MUNIZI,2026-01-27,107629,1,4,0,128.0
10110073MUNIZI_2026-01-27_G34,10110073MUNIZI,2026-01-27,141823,1,5,0,146.0
10110073MUNIZI_2026-01-27_G35,10110073MUNIZI,2026-01-27,111433,1,4,0,1260.0
10110073MUNIZI_2026-01-27_G36,10110073MUNIZI,2026-01-27,110787,1,3,0,118.0
10110073MUNIZI_2026-01-27_G37,10110073MUNIZI,2026-01-27,118299,1,15,0,220.0
10110073MUNIZI_2026-01-27_G38,10110073MUNIZI,2026-01-27,117808,1,24,0,335.0
10110073MUNIZI_2026-01-27_G39,10110073MUNIZI,2026-01-27,117820,1,12,0,211.0
10110073MUNIZI_2026-01-27_G40,10110073MUNIZI,2026-01-27,110371,1,20,0,964.0
10110073MUNIZI_2026-01-27_G41,10110073MUNIZI,2026-01-27,111348,1,6,0,501.0
10110073MUNIZI_2026-01-27_G42,10110073MUNIZI,2026-01-27,117831,1,24,0,246.0
10110073MUNIZI_2026-01-27_G43,10110073MUNIZI,2026-01-27,141457,1,24,0,386.0
10110073MUNIZI_2026-01-27_G44,10110073MUNIZI,2026-01-27,111569,1,12,0,242.0
10110073MUNIZI_2026-01-27_G45,10110073MUNIZI,2026-01-27,110752,1,8,0,747.0
10110073MUNIZI_2026-01-27_G46,10110073MUNIZI,2026-01-27,140911,1,4,0,1134.0
10110073MUNIZI_2026-01-27_G47,10110073MUNIZI,2026-01-27,108795,1,4,0,129.0
10110073MUNIZI_2026-01-27_G48,10110073MUNIZI,2026-01-27,111466,1,9,0,126.0
10110073MUNIZI_2026-01-27_G49,10110073MUNIZI,2026-01-27,118140,1,4,0,589.0
10110073MUNIZI_2026-01-27_G50,10110073MUNIZI,2026-01-27,111602,1,7,0,183.0
10110073MUNIZI_2026-01-27_G51,10110073MUNIZI,2026-01-27,111602,1,1,0,251.0
10110073MUNIZI_2026-01-27_G52,10110073MUNIZI,2026-01-27,110895,1,2,0,150.0
10110073MUNIZI_2026-01-27_G54,10110073MUNIZI,2026-01-27,160051,1,10,0,346.0
10110073MUNIZI_2026-01-27_G55,10110073MUNIZI,2026-01-27,110895,1,6,0,413.0
10110073MUNIZI_2026-01-27_G56,10110073MUNIZI,2026-01-27,110313,1,7,0,123.0
10110073MUNIZI_2026-01-28_G02,10110073MUNIZI,2026-01-28,111532,1,6,0,84.0
10110073MUNIZI_2026-01-28_G03,10110073MUNIZI,2026-01-28,110787,1,7,0,930.0
10110073MUNIZI_2026-01-28_G04,10110073MUNIZI,2026-01-28,111532,1,1,0,71.0
10110073MUNIZI_2026-01-28_G05,10110073MUNIZI,2026-01-28,111463,1,2,0,99.0
10110073MUNIZI_2026-01-28_G06,10110073MUNIZI,2026-01-28,141166,1,4,0,150.0
10110073MUNIZI_2026-01-28_G07,10110073MUNIZI,2026-01-28,111465,1,6,0,157.0
10110073MUNIZI_2026-01-28_G08,10110073MUNIZI,2026-01-28,110787,1,16,0,174.0
10110073MUNIZI_2026-01-28_G09,10110073MUNIZI,2026-01-28,111532,1,4,0,75.0
10110073MUNIZI_2026-01-28_G10,10110073MUNIZI,2026-01-28,111876,1,4,0,303.0
10110073MUNIZI_2026-01-28_G11,10110073MUNIZI,2026-01-28,141166,1,4,0,144.0
10110073MUNIZI_2026-01-28_G12,10110073MUNIZI,2026-01-28,111463,1,16,0,497.0
10110073MUNIZI_2026-01-28_G13,10110073MUNIZI,2026-01-28,110374,1,14,0,220.0
10110073MUNIZI_2026-01-28_G14,10110073MUNIZI,2026-01-28,117808,1,500,0,3260.0
10110073MUNIZI_2026-01-28_G15,10110073MUNIZI,2026-01-28,111467,1,15,0,1506.0
10110073MUNIZI_2026-01-28_G16,10110073MUNIZI,2026-01-28,111467,1,10,0,104.0
10110073MUNIZI_2026-01-28_G17,10110073MUNIZI,2026-01-28,111876,1,8,0,154.0
10110073MUNIZI_2026-01-28_G18,10110073MUNIZI,2026-01-28,111876,1,5,0,63.0
10110073MUNIZI_2026-01-28_G20,10110073MUNIZI,2026-01-28,108772,1,4,0,78.0
10110073MUNIZI_2026-01-28_G21,10110073MUNIZI,2026-01-28,141457,1,2,0,71.0
10110073MUNIZI_2026-01-28_G22,10110073MUNIZI,2026-01-28,141458,1,1,0,88.0
10110073MUNIZI_2026-01-28_G23,10110073MUNIZI,2026-01-28,117820,1,3,0,168.0
10110073MUNIZI_2026-01-28_G24,10110073MUNIZI,2026-01-28,110787,1,4,0,83.0
10110073MUNIZI_2026-01-28_G25,10110073MUNIZI,2026-01-28,141457,1,2,0,123.0
10110073MUNIZI_2026-01-28_G26,10110073MUNIZI,2026-01-28,111876,1,1,0,85.0
10110073MUNIZI_2026-01-28_G27,10110073MUNIZI,2026-01-28,105705,1,8,0,592.0
10110073MUNIZI_2026-01-28_G28,10110073MUNIZI,2026-01-28,111466,1,10,0,144.0
10110073MUNIZI_2026-01-28_G29,10110073MUNIZI,2026-01-28,110372,1,15,0,222.0
10110073MUNIZI_2026-01-28_G30,10110073MUNIZI,2026-01-28,110371,1,8,0,213.0
10110073MUNIZI_2026-01-28_G31,10110073MUNIZI,2026-01-28,111441,1,4,0,202.0
10110073MUNIZI_2026-01-28_G32,10110073MUNIZI,2026-01-28,110747,1,10,0,448.0
10110073MUNIZI_2026-01-28_G33,10110073MUNIZI,2026-01-28,110787,1,3,0,370.0
10110073MUNIZI_2026-01-28_G34,10110073MUNIZI,2026-01-28,141457,1,3,0,113.0
10110073MUNIZI_2026-01-28_G35,10110073MUNIZI,2026-01-28,141166,1,4,0,107.0
10110073MUNIZI_2026-01-28_G36,10110073MUNIZI,2026-01-28,111602,1,16,0,849.0
10110073MUNIZI_2026-01-28_G37,10110073MUNIZI,2026-01-28,111532,1,4,0,155.0
10110073MUNIZI_2026-01-28_G38,10110073MUNIZI,2026-01-28,140923,1,2,0,474.0
10110073MUNIZI_2026-01-28_G39,10110073MUNIZI,2026-01-28,117854,1,4,0,135.0
10110073MUNIZI_2026-01-28_G40,10110073MUNIZI,2026-01-28,111530,1,8,0,170.0
10110073MUNIZI_2026-01-28_G41,10110073MUNIZI,2026-01-28,141166,1,4,0,97.0
10110073MUNIZI_2026-01-28_G42,10110073MUNIZI,2026-01-28,141261,1,10,0,2655.0
10110073MUNIZI_2026-01-28_G43,10110073MUNIZI,2026-01-28,111722,1,10,0,303.0
10110073MUNIZI_2026-01-28_G44,10110073MUNIZI,2026-01-28,118191,1,36,0,855.0
10110073MUNIZI_2026-01-28_G45,10110073MUNIZI,2026-01-28,141155,1,10,0,335.0
10110073MUNIZI_2026-01-29_G02,10110073MUNIZI,2026-01-29,111722,1,36,0,1867.0
10110073MUNIZI_2026-01-29_G03,10110073MUNIZI,2026-01-29,118191,1,60,0,588.0
10110073MUNIZI_2026-01-29_G04,10110073MUNIZI,2026-01-29,111751,1,12,0,746.0
10110073MUNIZI_2026-01-29_G05,10110073MUNIZI,2026-01-29,111634,1,24,0,569.0
10110073MUNIZI_2026-01-29_G06,10110073MUNIZI,2026-01-29,"141262, 141261",2,48,24,1521.0
10110073MUNIZI_2026-01-29_G07,10110073MUNIZI,2026-01-29,141140,1,6,0,174.0
10110073MUNIZI_2026-01-29_G08,10110073MUNIZI,2026-01-29,111330,1,3,0,2684.0
10110073MUNIZI_2026-01-29_G09,10110073MUNIZI,2026-01-29,140922,1,2,0,169.0
10110073MUNIZI_2026-01-29_G10,10110073MUNIZI,2026-01-29,111743,1,1,0,45.0
10110073MUNIZI_2026-01-29_G11,10110073MUNIZI,2026-01-29,111532,1,5,0,83.0
10110073MUNIZI_2026-01-29_G12,10110073MUNIZI,2026-01-29,111462,1,6,0,91.0
10110073MUNIZI_2026-01-29_G13,10110073MUNIZI,2026-01-29,111418,1,16,0,313.0
10110073MUNIZI_2026-01-29_G14,10110073MUNIZI,2026-01-29,118140,1,17,0,205.0
10110073MUNIZI_2026-01-29_G15,10110073MUNIZI,2026-01-29,117855,1,25,0,603.0
10110073MUNIZI_2026-01-29_G17,10110073MUNIZI,2026-01-29,111532,1,1,0,45.0
10110073MUNIZI_2026-01-29_G18,10110073MUNIZI,2026-01-29,141271,1,8,0,317.0
10110073MUNIZI_2026-01-29_G19,10110073MUNIZI,2026-01-29,117831,1,6,0,94.0
10110073MUNIZI_2026-01-29_G20,10110073MUNIZI,2026-01-29,111468,1,1,0,63.0
10110073MUNIZI_2026-01-29_G21,10110073MUNIZI,2026-01-29,111469,1,12,0,196.0
10110073MUNIZI_2026-01-29_G22,10110073MUNIZI,2026-01-29,118140,1,4,0,136.0
10110073MUNIZI_2026-01-29_G23,10110073MUNIZI,2026-01-29,140923,1,2,0,119.0
10110073MUNIZI_2026-01-29_G24,10110073MUNIZI,2026-01-29,110733,1,1,0,88.0
10110073MUNIZI_2026-01-29_G25,10110073MUNIZI,2026-01-29,111602,1,9,0,221.0
10110073MUNIZI_2026-01-29_G26,10110073MUNIZI,2026-01-29,109647,1,2,0,73.0
10110073MUNIZI_2026-01-29_G27,10110073MUNIZI,2026-01-29,109640,1,5,0,160.0
10110073MUNIZI_2026-01-29_G28,10110073MUNIZI,2026-01-29,110374,1,7,0,206.0
10110073MUNIZI_2026-01-29_G29,10110073MUNIZI,2026-01-29,110373,1,8,0,164.0
10110073MUNIZI_2026-01-29_G30,10110073MUNIZI,2026-01-29,117830,1,1,0,65.0
10110073MUNIZI_2026-01-29_G31,10110073MUNIZI,2026-01-29,111530,1,20,0,782.0
10110073MUNIZI_2026-01-29_G32,10110073MUNIZI,2026-01-29,111530,1,6,0,168.0
10110073MUNIZI_2026-01-29_G33,10110073MUNIZI,2026-01-29,111530,1,14,0,706.0
10110073MUNIZI_2026-01-29_G34,10110073MUNIZI,2026-01-29,111530,1,74,0,671.0
10110073MUNIZI_2026-01-29_G35,10110073MUNIZI,2026-01-29,110376,1,20,0,2291.0
10110073MUNIZI_2026-01-29_G36,10110073MUNIZI,2026-01-29,110376,1,20,0,312.0
10110073MUNIZI_2026-01-29_G37,10110073MUNIZI,2026-01-29,110374,1,22,0,404.0
10110073MUNIZI_2026-01-29_G38,10110073MUNIZI,2026-01-29,110374,1,24,0,212.0
10110073MUNIZI_2026-01-29_G39,10110073MUNIZI,2026-01-29,118299,1,66,0,993.0
10110073MUNIZI_2026-01-29_G40,10110073MUNIZI,2026-01-29,118299,1,4,0,686.0
10110073MUNIZI_2026-01-30_G02,10110073MUNIZI,2026-01-30,111172,2,5,13,1093.0
10110073MUNIZI_2026-01-30_G03,10110073MUNIZI,2026-01-30,111172,1,8,0,52.0
10110073MUNIZI_2026-01-30_G04,10110073MUNIZI,2026-01-30,111172,1,1,0,92.0
10110073MUNIZI_2026-01-30_G05,10110073MUNIZI,2026-01-30,141262,1,20,0,333.0
10110073MUNIZI_2026-01-30_G06,10110073MUNIZI,2026-01-30,141261,1,10,0,742.0
10110073MUNIZI_2026-01-30_G07,10110073MUNIZI,2026-01-30,141261,1,6,0,374.0
10110073MUNIZI_2026-01-30_G08,10110073MUNIZI,2026-01-30,111722,1,8,0,369.0
10110073MUNIZI_2026-01-30_G09,10110073MUNIZI,2026-01-30,141262,1,8,0,133.0
10110073MUNIZI_2026-01-30_G10,10110073MUNIZI,2026-01-30,118191,1,10,0,343.0
10110073MUNIZI_2026-01-30_G11,10110073MUNIZI,2026-01-30,111740,1,6,0,497.0
10110073MUNIZI_2026-01-30_G12,10110073MUNIZI,2026-01-30,111634,1,10,0,277.0
10110073MUNIZI_2026-01-30_G14,10110073MUNIZI,2026-01-30,111434,1,2,0,127.0
10110073MUNIZI_2026-01-30_G15,10110073MUNIZI,2026-01-30,140923,1,4,0,1955.0
10110073MUNIZI_2026-01-30_G16,10110073MUNIZI,2026-01-30,140911,1,6,0,436.0
10110073MUNIZI_2026-01-30_G17,10110073MUNIZI,2026-01-30,111445,1,1,0,483.0
10110073MUNIZI_2026-01-30_G18,10110073MUNIZI,2026-01-30,118299,1,12,0,2031.0
10110073MUNIZI_2026-01-30_G19,10110073MUNIZI,2026-01-30,160053,1,6,0,306.0
10110073MUNIZI_2026-01-30_G20,10110073MUNIZI,2026-01-30,108772,1,2,0,142.0
10110073MUNIZI_2026-01-30_G21,10110073MUNIZI,2026-01-30,111602,1,10,0,767.0
10110073MUNIZI_2026-01-30_G22,10110073MUNIZI,2026-01-30,111602,1,5,0,96.0
10110073MUNIZI_2026-01-30_G23,10110073MUNIZI,2026-01-30,111602,1,2,0,2041.0
10110073MUNIZI_2026-01-30_G24,10110073MUNIZI,2026-01-30,111602,1,28,0,559.0
10110073MUNIZI_2026-01-30_G25,10110073MUNIZI,2026-01-30,111602,1,6,0,561.0
10110073MUNIZI_2026-01-30_G26,10110073MUNIZI,2026-01-30,111602,1,28,0,456.0
10110073MUNIZI_2026-01-30_G27,10110073MUNIZI,2026-01-30,111602,1,1,0,54.0
10110073MUNIZI_2026-01-30_G28,10110073MUNIZI,2026-01-30,111602,1,2,0,59.0
10110073MUNIZI_2026-01-31_G02,10110073MUNIZI,2026-01-31,111530,1,80,0,1447.0
10110073MUNIZI_2026-01-31_G03,10110073MUNIZI,2026-01-31,111530,1,8,0,656.0
10110073MUNIZI_2026-01-31_G05,10110073MUNIZI,2026-01-31,108795,1,1,0,99.0
10110073MUNIZI_2026-01-31_G06,10110073MUNIZI,2026-01-31,108795,1,9,0,148.0
10110073MUNIZI_2026-01-31_G07,10110073MUNIZI,2026-01-31,140922,1,10,0,142.0
10110073MUNIZI_2026-01-31_G08,10110073MUNIZI,2026-01-31,110787,1,14,0,372.0
10110073MUNIZI_2026-01-31_G09,10110073MUNIZI,2026-01-31,111466,1,2,0,62.0
10110073MUNIZI_2026-01-31_G10,10110073MUNIZI,2026-01-31,111353,1,2,0,1002.0
10110073MUNIZI_2026-01-31_G11,10110073MUNIZI,2026-01-31,110733,1,6,0,220.0
10110073MUNIZI_2026-01-31_G12,10110073MUNIZI,2026-01-31,111463,1,2,0,235.0
10110073MUNIZI_2026-01-31_G13,10110073MUNIZI,2026-01-31,111532,2,5,27,159.0
10110073MUNIZI_2026-01-31_G14,10110073MUNIZI,2026-01-31,141457,1,17,0,138.0
10110073MUNIZI_2026-02-03_G02,10110073MUNIZI,2026-02-03,111348,1,2,0,107.0
10110073MUNIZI_2026-02-03_G03,10110073MUNIZI,2026-02-03,108794,1,8,0,102.0
10110073MUNIZI_2026-02-03_G04,10110073MUNIZI,2026-02-03,111532,1,4,0,153.0
10110073MUNIZI_2026-02-03_G05,10110073MUNIZI,2026-02-03,117787,1,2,0,94.0
10110073MUNIZI_2026-02-03_G06,10110073MUNIZI,2026-02-03,118140,1,20,0,280.0
10110073MUNIZI_2026-02-03_G07,10110073MUNIZI,2026-02-03,118140,1,4,0,59.0
10110073MUNIZI_2026-02-03_G08,10110073MUNIZI,2026-02-03,111462,1,6,0,922.0
10110073MUNIZI_2026-02-03_G09,10110073MUNIZI,2026-02-03,111530,1,6,0,297.0
10110073MUNIZI_2026-02-03_G10,10110073MUNIZI,2026-02-03,110711,1,8,0,173.0
10110073MUNIZI_2026-02-03_G11,10110073MUNIZI,2026-02-03,110339,1,3,0,82.0
10110073MUNIZI_2026-02-03_G12,10110073MUNIZI,2026-02-03,110373,1,20,0,435.0
10110073MUNIZI_2026-02-03_G14,10110073MUNIZI,2026-02-03,117836,1,43,0,413.0
10110073MUNIZI_2026-02-03_G15,10110073MUNIZI,2026-02-03,107830,1,90,0,1201.0
10110073MUNIZI_2026-02-04_G02,10110073MUNIZI,2026-02-04,108794,1,1,0,294.0
10110073MUNIZI_2026-02-04_G03,10110073MUNIZI,2026-02-04,140922,1,1,0,63.0
10110073MUNIZI_2026-02-04_G04,10110073MUNIZI,2026-02-04,141457,1,1,0,142.0
10110073MUNIZI_2026-02-04_G05,10110073MUNIZI,2026-02-04,111465,1,1,0,94.0
10110073MUNIZI_2026-02-04_G06,10110073MUNIZI,2026-02-04,117785,1,1,0,147.0
10110073MUNIZI_2026-02-04_G07,10110073MUNIZI,2026-02-04,141262,1,1,0,882.0
10110073MUNIZI_2026-02-04_G08,10110073MUNIZI,2026-02-04,117820,1,150,0,2096.0
10110073MUNIZI_2026-02-04_G09,10110073MUNIZI,2026-02-04,110372,1,125,0,969.0
10110073MUNIZI_2026-02-04_G10,10110073MUNIZI,2026-02-04,118299,1,200,0,693.0
10110073MUNIZI_2026-02-04_G11,10110073MUNIZI,2026-02-04,117830,1,51,0,2203.0
10110073MUNIZI_2026-02-04_G12,10110073MUNIZI,2026-02-04,110373,1,200,0,917.0
10110073MUNIZI_2026-02-04_G14,10110073MUNIZI,2026-02-04,110371,1,200,0,144.0
10110073MUNIZI_2026-02-05_G02,10110073MUNIZI,2026-02-05,117785,1,40,0,828.0
10110073MUNIZI_2026-02-05_G03,10110073MUNIZI,2026-02-05,141271,1,20,0,239.0
10110073MUNIZI_2026-02-05_G04,10110073MUNIZI,2026-02-05,111462,1,24,0,246.0
10110073MUNIZI_2026-02-05_G05,10110073MUNIZI,2026-02-05,111468,1,24,0,392.0
10110073MUNIZI_2026-02-05_G06,10110073MUNIZI,2026-02-05,117786,1,45,0,858.0
10110073MUNIZI_2026-02-05_G07,10110073MUNIZI,2026-02-05,107629,1,35,0,679.0
10110073MUNIZI_2026-02-05_G08,10110073MUNIZI,2026-02-05,141166,1,40,0,750.0
10110073MUNIZI_2026-02-05_G09,10110073MUNIZI,2026-02-05,141456,1,60,0,806.0
10110073MUNIZI_2026-02-05_G10,10110073MUNIZI,2026-02-05,141456,1,50,0,2264.0
10110073MUNIZI_2026-02-05_G11,10110073MUNIZI,2026-02-05,111467,1,60,0,428.0
10110073MUNIZI_2026-02-05_G13,10110073MUNIZI,2026-02-05,111468,1,34,0,645.0
10110073MUNIZI_2026-02-05_G14,10110073MUNIZI,2026-02-05,105705,1,8,0,964.0
10110073MUNIZI_2026-02-05_G15,10110073MUNIZI,2026-02-05,116241,1,4,0,112.0
10110073MUNIZI_2026-02-05_G16,10110073MUNIZI,2026-02-05,111469,1,20,0,143.0
10110073MUNIZI_2026-02-05_G17,10110073MUNIZI,2026-02-05,141823,1,8,0,266.0
10110073MUNIZI_2026-02-05_G18,10110073MUNIZI,2026-02-05,108798,1,4,0,140.0
10110073MUNIZI_2026-02-05_G19,10110073MUNIZI,2026-02-05,141458,1,5,0,252.0
10110073MUNIZI_2026-02-05_G20,10110073MUNIZI,2026-02-05,117836,1,14,0,347.0
10110073MUNIZI_2026-02-05_G21,10110073MUNIZI,2026-02-05,141916,1,5,0,171.0
10110073MUNIZI_2026-02-05_G22,10110073MUNIZI,2026-02-05,118140,1,30,0,583.0
10110073MUNIZI_2026-02-05_G23,10110073MUNIZI,2026-02-05,109640,1,1,0,75.0
10110073MUNIZI_2026-02-05_G24,10110073MUNIZI,2026-02-05,109643,1,6,0,133.0
10110073MUNIZI_2026-02-05_G25,10110073MUNIZI,2026-02-05,109643,1,10,0,136.0
10110073MUNIZI_2026-02-05_G26,10110073MUNIZI,2026-02-05,100334,1,3,0,426.0
10110073MUNIZI_2026-02-05_G27,10110073MUNIZI,2026-02-05,140923,2,9,12,417.0
10110073MUNIZI_2026-02-05_G28,10110073MUNIZI,2026-02-05,100334,1,30,0,765.0
10110073MUNIZI_2026-02-05_G29,10110073MUNIZI,2026-02-05,117838,1,4,0,776.0
10110073MUNIZI_2026-02-05_G30,10110073MUNIZI,2026-02-05,105705,1,4,0,118.0
10110073MUNIZI_2026-02-05_G31,10110073MUNIZI,2026-02-05,117838,1,2,0,235.0
10110073MUNIZI_2026-02-05_G32,10110073MUNIZI,2026-02-05,111348,1,2,0,122.0
10110073MUNIZI_2026-02-05_G33,10110073MUNIZI,2026-02-05,111330,1,2,0,81.0
10110073MUNIZI_2026-02-05_G34,10110073MUNIZI,2026-02-05,111465,1,2,0,633.0
10110073MUNIZI_2026-02-05_G35,10110073MUNIZI,2026-02-05,118140,1,4,0,206.0
10110073MUNIZI_2026-02-05_G36,10110073MUNIZI,2026-02-05,108770,1,6,0,130.0
10110073MUNIZI_2026-02-05_G37,10110073MUNIZI,2026-02-05,110755,1,2,0,80.0
10110073MUNIZI_2026-02-05_G38,10110073MUNIZI,2026-02-05,110895,1,4,0,61.0
10110073MUNIZI_2026-02-05_G39,10110073MUNIZI,2026-02-05,110372,1,2,0,63.0
10110073MUNIZI_2026-02-05_G40,10110073MUNIZI,2026-02-05,118299,1,5,0,141.0
10110073MUNIZI_2026-02-05_G41,10110073MUNIZI,2026-02-05,110373,1,9,0,792.0
10110073MUNIZI_2026-02-05_G42,10110073MUNIZI,2026-02-05,105705,1,1,0,220.0
10110073MUNIZI_2026-02-05_G43,10110073MUNIZI,2026-02-05,118317,1,10,0,517.0
10110073MUNIZI_2026-02-06_G02,10110073MUNIZI,2026-02-06,111418,1,3,0,2605.0
10110073MUNIZI_2026-02-06_G03,10110073MUNIZI,2026-02-06,111463,1,4,0,217.0
10110073MUNIZI_2026-02-06_G04,10110073MUNIZI,2026-02-06,111532,1,6,0,194.0
10110073MUNIZI_2026-02-06_G05,10110073MUNIZI,2026-02-06,110325,2,6,18,130.0
10110073MUNIZI_2026-02-06_G06,10110073MUNIZI,2026-02-06,110372,1,20,0,220.0
10110073MUNIZI_2026-02-06_G07,10110073MUNIZI,2026-02-06,141047,1,6,0,116.0
10110073MUNIZI_2026-02-06_G08,10110073MUNIZI,2026-02-06,109641,1,6,0,1998.0
10110073MUNIZI_2026-02-06_G09,10110073MUNIZI,2026-02-06,111348,1,8,0,122.0
10110073MUNIZI_2026-02-06_G10,10110073MUNIZI,2026-02-06,108794,1,10,0,120.0
10110073MUNIZI_2026-02-06_G11,10110073MUNIZI,2026-02-06,111418,1,25,0,255.0
10110073MUNIZI_2026-02-06_G12,10110073MUNIZI,2026-02-06,110751,1,4,0,70.0
10110073MUNIZI_2026-02-06_G13,10110073MUNIZI,2026-02-06,111469,1,2,0,54.0
10110073MUNIZI_2026-02-06_G14,10110073MUNIZI,2026-02-06,111743,1,5,0,95.0
10110073MUNIZI_2026-02-06_G15,10110073MUNIZI,2026-02-06,109645,1,4,0,167.0
10110073MUNIZI_2026-02-06_G16,10110073MUNIZI,2026-02-06,111466,1,4,0,89.0
10110073MUNIZI_2026-02-06_G17,10110073MUNIZI,2026-02-06,111462,1,15,0,889.0
10110073MUNIZI_2026-02-06_G18,10110073MUNIZI,2026-02-06,111463,1,20,0,543.0
10110073MUNIZI_2026-02-06_G19,10110073MUNIZI,2026-02-06,111463,1,12,0,789.0
10110073MUNIZI_2026-02-06_G20,10110073MUNIZI,2026-02-06,111463,1,4,0,35.0
10110073MUNIZI_2026-02-06_G21,10110073MUNIZI,2026-02-06,111532,1,10,0,590.0
10110073MUNIZI_2026-02-06_G22,10110073MUNIZI,2026-02-06,111532,1,12,0,137.0
10110073MUNIZI_2026-02-06_G23,10110073MUNIZI,2026-02-06,117833,1,4,0,205.0
10110073MUNIZI_2026-02-06_G25,10110073MUNIZI,2026-02-06,111569,1,30,0,518.0
10110073MUNIZI_2026-02-06_G26,10110073MUNIZI,2026-02-06,110895,1,35,0,369.0
10110073MUNIZI_2026-02-06_G27,10110073MUNIZI,2026-02-06,111443,1,12,0,461.0
10110073MUNIZI_2026-02-06_G28,10110073MUNIZI,2026-02-06,141271,1,21,0,284.0
10110073MUNIZI_2026-02-06_G29,10110073MUNIZI,2026-02-06,111433,1,20,0,650.0
10110073MUNIZI_2026-02-06_G30,10110073MUNIZI,2026-02-06,111444,1,24,0,774.0
10110073MUNIZI_2026-02-06_G31,10110073MUNIZI,2026-02-06,109645,1,40,0,2660.0
10110073MUNIZI_2026-02-06_G32,10110073MUNIZI,2026-02-06,117785,1,50,0,1263.0
10110073MUNIZI_2026-02-06_G33,10110073MUNIZI,2026-02-06,118140,1,150,0,765.0
10110073MUNIZI_2026-02-06_G34,10110073MUNIZI,2026-02-06,142045,1,60,0,976.0
10110073MUNIZI_2026-02-07_G02,10110073MUNIZI,2026-02-07,117809,1,3,0,107.0
10110073MUNIZI_2026-02-07_G03,10110073MUNIZI,2026-02-07,109643,1,7,0,97.0
10110073MUNIZI_2026-02-07_G04,10110073MUNIZI,2026-02-07,110325,1,40,0,360.0
10110073MUNIZI_2026-02-07_G05,10110073MUNIZI,2026-02-07,117822,1,4,0,71.0
10110073MUNIZI_2026-02-07_G06,10110073MUNIZI,2026-02-07,117808,1,20,0,658.0
10110073MUNIZI_2026-02-07_G07,10110073MUNIZI,2026-02-07,117820,1,8,0,195.0
10110073MUNIZI_2026-02-07_G08,10110073MUNIZI,2026-02-07,118299,1,15,0,84.0
10110073MUNIZI_2026-02-07_G09,10110073MUNIZI,2026-02-07,118299,1,12,0,70.0
10110073MUNIZI_2026-02-07_G10,10110073MUNIZI,2026-02-07,110372,1,4,0,364.0
10110073MUNIZI_2026-02-07_G11,10110073MUNIZI,2026-02-07,117830,2,8,15,174.0
10110073MUNIZI_2026-02-07_G12,10110073MUNIZI,2026-02-07,110373,1,20,0,212.0
10110073MUNIZI_2026-02-07_G13,10110073MUNIZI,2026-02-07,117832,1,19,0,227.0
10110073MUNIZI_2026-02-07_G14,10110073MUNIZI,2026-02-07,117832,1,4,0,61.0
10110073MUNIZI_2026-02-07_G15,10110073MUNIZI,2026-02-07,111660,1,6,0,502.0
10110073MUNIZI_2026-02-07_G16,10110073MUNIZI,2026-02-07,111441,1,4,0,237.0
10110073MUNIZI_2026-02-07_G17,10110073MUNIZI,2026-02-07,111430,1,12,0,157.0
10110073MUNIZI_2026-02-07_G18,10110073MUNIZI,2026-02-07,110895,1,7,0,233.0
10110073MUNIZI_2026-02-07_G19,10110073MUNIZI,2026-02-07,111438,2,10,15,132.0
10110073MUNIZI_2026-02-07_G20,10110073MUNIZI,2026-02-07,141916,1,1,0,282.0
10110073MUNIZI_2026-02-07_G21,10110073MUNIZI,2026-02-07,141318,1,4,0,172.0
10110073MUNIZI_2026-02-07_G22,10110073MUNIZI,2026-02-07,110742,1,8,0,151.0
10110073MUNIZI_2026-02-07_G23,10110073MUNIZI,2026-02-07,100334,1,4,0,446.0
10110073MUNIZI_2026-02-07_G24,10110073MUNIZI,2026-02-07,111569,1,4,0,191.0
10110073MUNIZI_2026-02-07_G25,10110073MUNIZI,2026-02-07,111569,1,12,0,394.0
10110073MUNIZI_2026-02-08_G02,10110073MUNIZI,2026-02-08,110741,1,30,0,1396.0
10110073MUNIZI_2026-02-08_G03,10110073MUNIZI,2026-02-08,111879,1,20,0,724.0
10110073MUNIZI_2026-02-08_G04,10110073MUNIZI,2026-02-08,117787,1,40,0,497.0
10110073MUNIZI_2026-02-08_G05,10110073MUNIZI,2026-02-08,111435,1,4,0,192.0
10110073MUNIZI_2026-02-08_G06,10110073MUNIZI,2026-02-08,117838,1,10,0,585.0
10110073MUNIZI_2026-02-08_G07,10110073MUNIZI,2026-02-08,110129,1,80,0,804.0
10110073MUNIZI_2026-02-08_G08,10110073MUNIZI,2026-02-08,117855,1,4,0,2227.0
10110073MUNIZI_2026-02-08_G09,10110073MUNIZI,2026-02-08,110313,1,2,0,1404.0
10110073MUNIZI_2026-02-09_G02,10110073MUNIZI,2026-02-09,100334,2,12,10,362.0
10110073MUNIZI_2026-02-09_G03,10110073MUNIZI,2026-02-09,104308,1,4,0,566.0
10110073MUNIZI_2026-02-09_G04,10110073MUNIZI,2026-02-09,111465,1,2,0,811.0
10110073MUNIZI_2026-02-09_G06,10110073MUNIZI,2026-02-09,117862,1,4,0,115.0
10110073MUNIZI_2026-02-09_G07,10110073MUNIZI,2026-02-09,111530,1,4,0,103.0
10110073MUNIZI_2026-02-09_G08,10110073MUNIZI,2026-02-09,110711,1,3,0,118.0
10110073MUNIZI_2026-02-09_G09,10110073MUNIZI,2026-02-09,110339,1,2,0,85.0
10110073MUNIZI_2026-02-09_G10,10110073MUNIZI,2026-02-09,117808,1,4,0,150.0
10110073MUNIZI_2026-02-09_G11,10110073MUNIZI,2026-02-09,118299,1,3,0,234.0
10110073MUNIZI_2026-02-09_G12,10110073MUNIZI,2026-02-09,110371,1,7,0,86.0
10110073MUNIZI_2026-02-09_G13,10110073MUNIZI,2026-02-09,110375,1,2,0,132.0
10110073MUNIZI_2026-02-09_G14,10110073MUNIZI,2026-02-09,110373,1,8,0,202.0
10110073MUNIZI_2026-02-09_G15,10110073MUNIZI,2026-02-09,108711,1,4,0,169.0
10110073MUNIZI_2026-02-09_G16,10110073MUNIZI,2026-02-09,111466,1,7,0,159.0
10110073MUNIZI_2026-02-09_G17,10110073MUNIZI,2026-02-09,111463,1,2,0,237.0
10110073MUNIZI_2026-02-09_G18,10110073MUNIZI,2026-02-09,111438,1,4,0,108.0
10110073MUNIZI_2026-02-09_G19,10110073MUNIZI,2026-02-09,117820,2,8,20,623.0
10110073MUNIZI_2026-02-09_G20,10110073MUNIZI,2026-02-09,110371,1,9,0,128.0
10110073MUNIZI_2026-02-09_G21,10110073MUNIZI,2026-02-09,117808,1,8,0,100.0
10110073MUNIZI_2026-02-09_G22,10110073MUNIZI,2026-02-09,141202,1,2,0,68.0
10110073MUNIZI_2026-02-09_G23,10110073MUNIZI,2026-02-09,118299,1,8,0,94.0
10110073MUNIZI_2026-02-09_G24,10110073MUNIZI,2026-02-09,110371,1,3,0,129.0
10110073MUNIZI_2026-02-09_G25,10110073MUNIZI,2026-02-09,118317,1,3,0,170.0
10110073MUNIZI_2026-02-09_G26,10110073MUNIZI,2026-02-09,109641,1,4,0,167.0
10110073MUNIZI_2026-02-09_G27,10110073MUNIZI,2026-02-09,108795,1,4,0,88.0
10110073MUNIZI_2026-02-09_G28,10110073MUNIZI,2026-02-09,108794,1,2,0,73.0
10110073MUNIZI_2026-02-09_G29,10110073MUNIZI,2026-02-09,111469,1,8,0,121.0
10110073MUNIZI_2026-02-09_G30,10110073MUNIZI,2026-02-09,111743,1,2,0,53.0
10110073MUNIZI_2026-02-09_G31,10110073MUNIZI,2026-02-09,111466,1,3,0,178.0
10110073MUNIZI_2026-02-09_G32,10110073MUNIZI,2026-02-09,140923,1,4,0,84.0
10110073MUNIZI_2026-02-09_G33,10110073MUNIZI,2026-02-09,110711,1,4,0,190.0
10110073MUNIZI_2026-02-09_G34,10110073MUNIZI,2026-02-09,110754,1,1,0,97.0
10110073MUNIZI_2026-02-09_G35,10110073MUNIZI,2026-02-09,105705,1,4,0,393.0
10110073MUNIZI_2026-02-09_G36,10110073MUNIZI,2026-02-09,111348,1,4,0,120.0
10110073MUNIZI_2026-02-09_G37,10110073MUNIZI,2026-02-09,117785,1,1,0,37.0
10110073MUNIZI_2026-02-09_G38,10110073MUNIZI,2026-02-09,111469,1,12,0,185.0
10110073MUNIZI_2026-02-09_G39,10110073MUNIZI,2026-02-09,117841,1,4,0,109.0
10110073MUNIZI_2026-02-09_G40,10110073MUNIZI,2026-02-09,111466,1,4,0,78.0
10110073MUNIZI_2026-02-09_G41,10110073MUNIZI,2026-02-09,141271,1,4,0,81.0
10110073MUNIZI_2026-02-09_G42,10110073MUNIZI,2026-02-09,118140,1,4,0,59.0
10110073MUNIZI_2026-02-09_G43,10110073MUNIZI,2026-02-09,111418,1,1,0,72.0
10110073MUNIZI_2026-02-09_G44,10110073MUNIZI,2026-02-09,111435,1,4,0,137.0
10110073MUNIZI_2026-02-09_G45,10110073MUNIZI,2026-02-09,107830,1,2,0,438.0
10110073MUNIZI_2026-02-09_G46,10110073MUNIZI,2026-02-09,117809,1,2,0,75.0
10110073MUNIZI_2026-02-09_G47,10110073MUNIZI,2026-02-09,109643,1,2,0,60.0
10110073MUNIZI_2026-02-09_G48,10110073MUNIZI,2026-02-09,118299,1,8,0,55.0
10110073MUNIZI_2026-02-09_G49,10110073MUNIZI,2026-02-09,110372,1,2,0,96.0
10110073MUNIZI_2026-02-09_G50,10110073MUNIZI,2026-02-09,110375,1,4,0,119.0
10110073MUNIZI_2026-02-09_G51,10110073MUNIZI,2026-02-09,117862,1,4,0,137.0
10110073MUNIZI_2026-02-09_G52,10110073MUNIZI,2026-02-09,110711,1,1,0,79.0
10110073MUNIZI_2026-02-09_G53,10110073MUNIZI,2026-02-09,111602,1,1,0,42.0
10110073MUNIZI_2026-02-09_G54,10110073MUNIZI,2026-02-09,111430,1,4,0,157.0
10110073MUNIZI_2026-02-09_G55,10110073MUNIZI,2026-02-09,111569,2,8,15,135.0
10110073MUNIZI_2026-02-09_G56,10110073MUNIZI,2026-02-09,110748,1,4,0,1469.0
10110073MUNIZI_2026-02-09_G57,10110073MUNIZI,2026-02-09,109641,1,3,0,169.0
10110073MUNIZI_2026-02-09_G58,10110073MUNIZI,2026-02-09,108794,1,4,0,71.0
10110073MUNIZI_2026-02-09_G59,10110073MUNIZI,2026-02-09,117831,1,10,0,91.0
10110073MUNIZI_2026-02-10_G02,10110073MUNIZI,2026-02-10,111466,1,8,0,117.0
10110073MUNIZI_2026-02-10_G03,10110073MUNIZI,2026-02-10,111172,1,4,0,82.0
10110073MUNIZI_2026-02-10_G04,10110073MUNIZI,2026-02-10,111463,1,37,0,388.0
10110073MUNIZI_2026-02-10_G05,10110073MUNIZI,2026-02-10,109645,1,2,0,147.0
10110073MUNIZI_2026-02-10_G06,10110073MUNIZI,2026-02-10,141456,2,12,18,117.0
10110073MUNIZI_2026-02-10_G07,10110073MUNIZI,2026-02-10,111532,1,5,0,169.0
10110073MUNIZI_2026-02-10_G08,10110073MUNIZI,2026-02-10,111465,1,4,0,448.0
10110073MUNIZI_2026-02-10_G09,10110073MUNIZI,2026-02-10,141458,2,17,11,458.0
10110073MUNIZI_2026-02-10_G10,10110073MUNIZI,2026-02-10,117785,1,20,0,435.0
10110073MUNIZI_2026-02-10_G11,10110073MUNIZI,2026-02-10,111469,1,34,0,585.0
10110073MUNIZI_2026-02-10_G12,10110073MUNIZI,2026-02-10,111418,1,58,0,974.0
10110073MUNIZI_2026-02-10_G13,10110073MUNIZI,2026-02-10,140923,1,2,0,1115.0
10110073MUNIZI_2026-02-10_G14,10110073MUNIZI,2026-02-10,111602,1,6,0,122.0
10110073MUNIZI_2026-02-10_G15,10110073MUNIZI,2026-02-10,117856,1,2,0,67.0
10110073MUNIZI_2026-02-10_G16,10110073MUNIZI,2026-02-10,110339,1,2,0,96.0
10110073MUNIZI_2026-02-10_G17,10110073MUNIZI,2026-02-10,105705,1,2,0,238.0
10110073MUNIZI_2026-02-10_G18,10110073MUNIZI,2026-02-10,111532,1,8,0,108.0
10110073MUNIZI_2026-02-10_G19,10110073MUNIZI,2026-02-10,109643,1,2,0,118.0
10110073MUNIZI_2026-02-10_G20,10110073MUNIZI,2026-02-10,141318,1,4,0,160.0
10110073MUNIZI_2026-02-10_G21,10110073MUNIZI,2026-02-10,141456,1,2,0,547.0
10110073MUNIZI_2026-02-10_G22,10110073MUNIZI,2026-02-10,140923,1,6,0,418.0
10110073MUNIZI_2026-02-10_G23,10110073MUNIZI,2026-02-10,111602,1,5,0,104.0
10110073MUNIZI_2026-02-10_G24,10110073MUNIZI,2026-02-10,117856,1,4,0,129.0
10110073MUNIZI_2026-02-10_G25,10110073MUNIZI,2026-02-10,105705,1,4,0,602.0
10110073MUNIZI_2026-02-10_G26,10110073MUNIZI,2026-02-10,111532,1,3,0,89.0
10110073MUNIZI_2026-02-10_G27,10110073MUNIZI,2026-02-10,141318,1,4,0,158.0
10110073MUNIZI_2026-02-10_G28,10110073MUNIZI,2026-02-10,109643,1,2,0,96.0
10110073MUNIZI_2026-02-10_G30,10110073MUNIZI,2026-02-10,110374,1,10,0,165.0
10110073MUNIZI_2026-02-10_G31,10110073MUNIZI,2026-02-10,141202,1,10,0,163.0
10110073MUNIZI_2026-02-10_G32,10110073MUNIZI,2026-02-10,117830,1,20,0,261.0
10110073MUNIZI_2026-02-10_G33,10110073MUNIZI,2026-02-10,117834,1,18,0,767.0
10110073MUNIZI_2026-02-10_G34,10110073MUNIZI,2026-02-10,110749,1,46,0,265.0
10110073MUNIZI_2026-02-10_G35,10110073MUNIZI,2026-02-10,110373,1,4,0,521.0
10110073MUNIZI_2026-02-10_G37,10110073MUNIZI,2026-02-10,117861,1,90,0,826.0
10110073MUNIZI_2026-02-10_G38,10110073MUNIZI,2026-02-10,141166,1,70,0,535.0
10110073MUNIZI_2026-02-11_G02,10110073MUNIZI,2026-02-11,108711,1,2,0,93.0
10110073MUNIZI_2026-02-11_G03,10110073MUNIZI,2026-02-11,110743,1,4,0,104.0
10110073MUNIZI_2026-02-11_G04,10110073MUNIZI,2026-02-11,111466,1,4,0,83.0
10110073MUNIZI_2026-02-11_G05,10110073MUNIZI,2026-02-11,141823,1,8,0,134.0
10110073MUNIZI_2026-02-11_G06,10110073MUNIZI,2026-02-11,109645,1,4,0,171.0
10110073MUNIZI_2026-02-11_G07,10110073MUNIZI,2026-02-11,141456,1,9,0,228.0
10110073MUNIZI_2026-02-11_G08,10110073MUNIZI,2026-02-11,141456,1,8,0,95.0
10110073MUNIZI_2026-02-11_G09,10110073MUNIZI,2026-02-11,117838,1,1,0,69.0
10110073MUNIZI_2026-02-11_G10,10110073MUNIZI,2026-02-11,141457,1,6,0,94.0
10110073MUNIZI_2026-02-11_G11,10110073MUNIZI,2026-02-11,111465,1,2,0,114.0
10110073MUNIZI_2026-02-11_G12,10110073MUNIZI,2026-02-11,117808,1,5,0,383.0
10110073MUNIZI_2026-02-11_G13,10110073MUNIZI,2026-02-11,117822,1,4,0,410.0
10110073MUNIZI_2026-02-11_G14,10110073MUNIZI,2026-02-11,110376,1,8,0,294.0
10110073MUNIZI_2026-02-11_G15,10110073MUNIZI,2026-02-11,118299,1,8,0,232.0
10110073MUNIZI_2026-02-11_G16,10110073MUNIZI,2026-02-11,110372,1,8,0,195.0
10110073MUNIZI_2026-02-11_G17,10110073MUNIZI,2026-02-11,117830,1,8,0,205.0
10110073MUNIZI_2026-02-11_G18,10110073MUNIZI,2026-02-11,117862,1,6,0,593.0
10110073MUNIZI_2026-02-11_G19,10110073MUNIZI,2026-02-11,141047,1,4,0,166.0
10110073MUNIZI_2026-02-11_G20,10110073MUNIZI,2026-02-11,117856,1,6,0,183.0
10110073MUNIZI_2026-02-11_G21,10110073MUNIZI,2026-02-11,141166,1,5,0,134.0
10110073MUNIZI_2026-02-11_G23,10110073MUNIZI,2026-02-11,117820,1,69,0,852.0
10110073MUNIZI_2026-02-11_G25,10110073MUNIZI,2026-02-11,141457,1,320,0,1737.0
10110073MUNIZI_2026-02-11_G26,10110073MUNIZI,2026-02-11,111463,1,400,0,1329.0
10110073MUNIZI_2026-02-12_G02,10110073MUNIZI,2026-02-12,111443,1,10,0,331.0
10110073MUNIZI_2026-02-12_G03,10110073MUNIZI,2026-02-12,111418,1,200,0,996.0
10110073MUNIZI_2026-02-12_G04,10110073MUNIZI,2026-02-12,141271,1,200,0,1363.0
10110073MUNIZI_2026-02-12_G05,10110073MUNIZI,2026-02-12,117855,1,10,0,721.0
10110073MUNIZI_2026-02-12_G06,10110073MUNIZI,2026-02-12,140923,1,12,0,370.0
10110073MUNIZI_2026-02-12_G07,10110073MUNIZI,2026-02-12,118094,1,8,0,182.0
10110073MUNIZI_2026-02-12_G08,10110073MUNIZI,2026-02-12,118094,2,6,14,94.0
10110073MUNIZI_2026-02-12_G09,10110073MUNIZI,2026-02-12,111530,1,23,0,313.0
10110073MUNIZI_2026-02-12_G10,10110073MUNIZI,2026-02-12,117786,1,15,0,194.0
10110073MUNIZI_2026-02-12_G11,10110073MUNIZI,2026-02-12,110753,1,2,0,1727.0
10110073MUNIZI_2026-02-12_G12,10110073MUNIZI,2026-02-12,110711,1,23,0,290.0
10110073MUNIZI_2026-02-12_G13,10110073MUNIZI,2026-02-12,111602,1,26,0,307.0
10110073MUNIZI_2026-02-12_G14,10110073MUNIZI,2026-02-12,111439,1,150,0,1121.0
10110073MUNIZI_2026-02-12_G15,10110073MUNIZI,2026-02-12,118094,1,50,0,784.0
10110073MUNIZI_2026-02-12_G16,10110073MUNIZI,2026-02-12,142045,1,50,0,708.0
10110073MUNIZI_2026-02-12_G18,10110073MUNIZI,2026-02-12,107830,1,10,0,228.0
10110073MUNIZI_2026-02-12_G19,10110073MUNIZI,2026-02-12,110374,1,8,0,262.0
10110073MUNIZI_2026-02-12_G20,10110073MUNIZI,2026-02-12,117822,1,10,0,189.0
10110073MUNIZI_2026-02-12_G21,10110073MUNIZI,2026-02-12,110372,1,560,0,1422.0
10110073MUNIZI_2026-02-12_G22,10110073MUNIZI,2026-02-12,140923,1,27,0,3504.0
10110073MUNIZI_2026-02-12_G23,10110073MUNIZI,2026-02-12,140923,1,13,0,145.0
10110073MUNIZI_2026-02-12_G24,10110073MUNIZI,2026-02-12,118094,1,6,0,338.0
10110073MUNIZI_2026-02-12_G25,10110073MUNIZI,2026-02-12,107629,1,6,0,71.0
10110073MUNIZI_2026-02-12_G26,10110073MUNIZI,2026-02-12,117786,1,2,0,83.0
10110073MUNIZI_2026-02-12_G27,10110073MUNIZI,2026-02-12,141352,2,2,20,426.0
10110073MUNIZI_2026-02-12_G28,10110073MUNIZI,2026-02-12,110339,1,15,0,283.0
10110073MUNIZI_2026-02-12_G29,10110073MUNIZI,2026-02-12,117837,1,4,0,122.0
10110073MUNIZI_2026-02-12_G30,10110073MUNIZI,2026-02-12,142080,1,6,0,1044.0
10110073MUNIZI_2026-02-12_G31,10110073MUNIZI,2026-02-12,142080,2,18,13,250.0
10110073MUNIZI_2026-02-12_G32,10110073MUNIZI,2026-02-12,142080,2,10,10,129.0
10110073MUNIZI_2026-02-12_G33,10110073MUNIZI,2026-02-12,142080,1,10,0,338.0
10110073MUNIZI_2026-02-12_G34,10110073MUNIZI,2026-02-12,110740,1,24,0,636.0
10110073MUNIZI_2026-02-13_G02,10110073MUNIZI,2026-02-13,111466,1,8,0,147.0
10110073MUNIZI_2026-02-13_G03,10110073MUNIZI,2026-02-13,105705,1,6,0,280.0
10110073MUNIZI_2026-02-13_G04,10110073MUNIZI,2026-02-13,105705,4,24,41,168.0
10110073MUNIZI_2026-02-13_G05,10110073MUNIZI,2026-02-13,111442,1,4,0,275.0
10110073MUNIZI_2026-02-13_G06,10110073MUNIZI,2026-02-13,118223,1,16,0,917.0
10110073MUNIZI_2026-02-13_G07,10110073MUNIZI,2026-02-13,111463,2,8,14,145.0
10110073MUNIZI_2026-02-13_G08,10110073MUNIZI,2026-02-13,110371,1,4,0,196.0
10110073MUNIZI_2026-02-13_G09,10110073MUNIZI,2026-02-13,117820,1,4,0,65.0
10110073MUNIZI_2026-02-13_G10,10110073MUNIZI,2026-02-13,117820,1,6,0,58.0
10110073MUNIZI_2026-02-13_G11,10110073MUNIZI,2026-02-13,117832,1,12,0,247.0
10110073MUNIZI_2026-02-13_G12,10110073MUNIZI,2026-02-13,100334,1,6,0,358.0
10110073MUNIZI_2026-02-13_G13,10110073MUNIZI,2026-02-13,111569,1,4,0,113.0
10110073MUNIZI_2026-02-13_G14,10110073MUNIZI,2026-02-13,111441,1,20,0,707.0
10110073MUNIZI_2026-02-13_G15,10110073MUNIZI,2026-02-13,109641,1,37,0,1599.0
10110073MUNIZI_2026-02-13_G16,10110073MUNIZI,2026-02-13,110740,1,5,0,126.0
10110073MUNIZI_2026-02-13_G17,10110073MUNIZI,2026-02-13,108711,1,2,0,63.0
10110073MUNIZI_2026-02-13_G18,10110073MUNIZI,2026-02-13,111172,1,4,0,109.0
10110073MUNIZI_2026-02-13_G19,10110073MUNIZI,2026-02-13,109645,1,3,0,123.0
10110073MUNIZI_2026-02-13_G20,10110073MUNIZI,2026-02-13,111465,1,4,0,121.0
10110073MUNIZI_2026-02-13_G21,10110073MUNIZI,2026-02-13,141458,1,10,0,148.0
10110073MUNIZI_2026-02-13_G22,10110073MUNIZI,2026-02-13,111418,1,47,0,1118.0
10110073MUNIZI_2026-02-13_G23,10110073MUNIZI,2026-02-13,111660,2,16,11,282.0
10110073MUNIZI_2026-02-13_G24,10110073MUNIZI,2026-02-13,100334,1,2,0,157.0
10110073MUNIZI_2026-02-13_G25,10110073MUNIZI,2026-02-13,110755,1,26,0,822.0
10110073MUNIZI_2026-02-13_G26,10110073MUNIZI,2026-02-13,140923,1,20,0,573.0
10110073MUNIZI_2026-02-13_G27,10110073MUNIZI,2026-02-13,110741,1,7,0,143.0
10110073MUNIZI_2026-02-13_G28,10110073MUNIZI,2026-02-13,111602,1,10,0,276.0
10110073MUNIZI_2026-02-13_G29,10110073MUNIZI,2026-02-13,110339,1,10,0,349.0
10110073MUNIZI_2026-02-13_G30,10110073MUNIZI,2026-02-13,109643,1,3,0,366.0
10110073MUNIZI_2026-02-13_G31,10110073MUNIZI,2026-02-13,117808,1,10,0,182.0
10110073MUNIZI_2026-02-13_G33,10110073MUNIZI,2026-02-13,118140,1,50,0,722.0
10110073MUNIZI_2026-02-13_G34,10110073MUNIZI,2026-02-13,118140,2,15,23,569.0
10110073MUNIZI_2026-02-13_G35,10110073MUNIZI,2026-02-13,118140,1,35,0,649.0
10110073MUNIZI_2026-02-13_G36,10110073MUNIZI,2026-02-13,118140,1,50,0,465.0
10110073MUNIZI_2026-02-13_G37,10110073MUNIZI,2026-02-13,141457,2,100,30,691.0
10110073MUNIZI_2026-02-13_G38,10110073MUNIZI,2026-02-13,141457,1,50,0,130.0
10110073MUNIZI_2026-02-13_G39,10110073MUNIZI,2026-02-13,141457,1,50,0,86.0
10110073MUNIZI_2026-02-13_G40,10110073MUNIZI,2026-02-13,118416,1,35,0,1587.0
10110073MUNIZI_2026-02-13_G41,10110073MUNIZI,2026-02-13,117861,1,30,0,369.0
10110073MUNIZI_2026-02-13_G42,10110073MUNIZI,2026-02-13,140957,1,12,0,180.0
10110073MUNIZI_2026-02-13_G43,10110073MUNIZI,2026-02-13,111467,1,39,0,1149.0
10110073MUNIZI_2026-02-13_G44,10110073MUNIZI,2026-02-13,117788,1,20,0,754.0
10110073MUNIZI_2026-02-14_G02,10110073MUNIZI,2026-02-14,109641,1,4,0,244.0
10110073MUNIZI_2026-02-14_G03,10110073MUNIZI,2026-02-14,117831,1,49,0,469.0
10110073MUNIZI_2026-02-14_G04,10110073MUNIZI,2026-02-14,110751,1,6,0,118.0
10110073MUNIZI_2026-02-14_G05,10110073MUNIZI,2026-02-14,111743,1,39,0,614.0
10110073MUNIZI_2026-02-14_G06,10110073MUNIZI,2026-02-14,111172,1,23,0,505.0
10110073MUNIZI_2026-02-14_G07,10110073MUNIZI,2026-02-14,118317,1,28,0,102.0
10110073MUNIZI_2026-02-14_G08,10110073MUNIZI,2026-02-14,111418,1,28,0,358.0
10110073MUNIZI_2026-02-14_G09,10110073MUNIZI,2026-02-14,141271,1,60,0,897.0
10110073MUNIZI_2026-02-14_G10,10110073MUNIZI,2026-02-14,"108798, 117838",2,5,22,353.0
10110073MUNIZI_2026-02-14_G11,10110073MUNIZI,2026-02-14,118223,1,3,0,130.0
10110073MUNIZI_2026-02-14_G12,10110073MUNIZI,2026-02-14,111433,1,4,0,205.0
10110073MUNIZI_2026-02-14_G13,10110073MUNIZI,2026-02-14,111444,1,4,0,571.0
10110073MUNIZI_2026-02-14_G14,10110073MUNIZI,2026-02-14,111431,1,1,0,51.0
10110073MUNIZI_2026-02-14_G15,10110073MUNIZI,2026-02-14,110740,1,48,0,662.0
10110073MUNIZI_2026-02-14_G16,10110073MUNIZI,2026-02-14,117785,1,161,0,320.0
10110073MUNIZI_2026-02-14_G17,10110073MUNIZI,2026-02-14,118299,1,108,0,999.0
10110073MUNIZI_2026-02-14_G18,10110073MUNIZI,2026-02-14,108772,1,4,0,520.0
10110073MUNIZI_2026-02-14_G19,10110073MUNIZI,2026-02-14,110711,1,26,0,387.0
10110073MUNIZI_2026-02-15_G02,10110073MUNIZI,2026-02-15,108795,1,2,0,69.0
10110073MUNIZI_2026-02-15_G03,10110073MUNIZI,2026-02-15,111743,1,8,0,120.0
10110073MUNIZI_2026-02-15_G04,10110073MUNIZI,2026-02-15,118140,1,7,0,138.0
10110073MUNIZI_2026-02-15_G05,10110073MUNIZI,2026-02-15,118317,1,8,0,323.0
10110073MUNIZI_2026-02-15_G06,10110073MUNIZI,2026-02-15,111418,1,5,0,344.0
10110073MUNIZI_2026-02-15_G07,10110073MUNIZI,2026-02-15,109645,1,5,0,181.0
10110073MUNIZI_2026-02-15_G08,10110073MUNIZI,2026-02-15,111435,1,5,0,152.0
10110073MUNIZI_2026-02-15_G09,10110073MUNIZI,2026-02-15,141456,1,3,0,343.0
10110073MUNIZI_2026-02-15_G10,10110073MUNIZI,2026-02-15,107830,1,11,0,515.0
10110073MUNIZI_2026-02-15_G11,10110073MUNIZI,2026-02-15,141202,1,1,0,94.0
10110073MUNIZI_2026-02-15_G12,10110073MUNIZI,2026-02-15,117832,1,3,0,94.0
10110073MUNIZI_2026-02-15_G13,10110073MUNIZI,2026-02-15,140923,1,20,0,427.0
10110073MUNIZI_2026-02-15_G14,10110073MUNIZI,2026-02-15,111530,1,24,0,216.0
10110073MUNIZI_2026-02-15_G15,10110073MUNIZI,2026-02-15,110711,1,10,0,150.0
10110073MUNIZI_2026-02-15_G16,10110073MUNIZI,2026-02-15,110742,1,6,0,203.0
10110073MUNIZI_2026-02-15_G17,10110073MUNIZI,2026-02-15,111569,1,14,0,641.0
10110073MUNIZI_2026-02-15_G18,10110073MUNIZI,2026-02-15,117841,1,8,0,626.0
10110073MUNIZI_2026-02-15_G19,10110073MUNIZI,2026-02-15,118317,1,8,0,109.0
10110073MUNIZI_2026-02-15_G20,10110073MUNIZI,2026-02-15,118306,1,4,0,147.0
10110073MUNIZI_2026-02-15_G21,10110073MUNIZI,2026-02-15,118251,1,12,0,335.0
10110073MUNIZI_2026-02-15_G22,10110073MUNIZI,2026-02-15,111530,1,4,0,238.0
10110073MUNIZI_2026-02-15_G23,10110073MUNIZI,2026-02-15,111441,1,4,0,540.0
10110073MUNIZI_2026-02-15_G24,10110073MUNIZI,2026-02-15,111441,1,12,0,36.0
10110073MUNIZI_2026-02-15_G25,10110073MUNIZI,2026-02-15,111438,1,8,0,888.0
10110073MUNIZI_2026-02-15_G26,10110073MUNIZI,2026-02-15,117821,1,4,0,2061.0
10110073MUNIZI_2026-02-15_G27,10110073MUNIZI,2026-02-15,110787,1,5,0,356.0
10110073MUNIZI_2026-02-15_G28,10110073MUNIZI,2026-02-15,111172,1,3,0,82.0
10110073MUNIZI_2026-02-15_G29,10110073MUNIZI,2026-02-15,141271,1,1,0,110.0
10110073MUNIZI_2026-02-15_G30,10110073MUNIZI,2026-02-15,109645,1,3,0,109.0
10110073MUNIZI_2026-02-15_G31,10110073MUNIZI,2026-02-15,141457,1,14,0,171.0
10110073MUNIZI_2026-02-15_G32,10110073MUNIZI,2026-02-15,110740,1,10,0,90.0
10110073MUNIZI_2026-02-16_G02,10110073MUNIZI,2026-02-16,110371,1,34,0,1752.0
10110073MUNIZI_2026-02-16_G03,10110073MUNIZI,2026-02-16,118140,1,70,0,798.0
10110073MUNIZI_2026-02-16_G04,10110073MUNIZI,2026-02-16,117820,1,64,0,66.0
10110073MUNIZI_2026-02-16_G05,10110073MUNIZI,2026-02-16,117808,1,320,0,1867.0
10110073MUNIZI_2026-02-16_G06,10110073MUNIZI,2026-02-16,118299,1,45,0,74.0
10110073MUNIZI_2026-02-16_G07,10110073MUNIZI,2026-02-16,140923,1,80,0,734.0
10110073MUNIZI_2026-02-16_G08,10110073MUNIZI,2026-02-16,117861,1,16,0,1693.0
10110073MUNIZI_2026-02-16_G09,10110073MUNIZI,2026-02-16,117786,1,16,0,337.0
10110073MUNIZI_2026-02-16_G10,10110073MUNIZI,2026-02-16,141047,1,11,0,137.0
10110073MUNIZI_2026-02-16_G11,10110073MUNIZI,2026-02-16,110711,1,10,0,268.0
10110073MUNIZI_2026-02-16_G12,10110073MUNIZI,2026-02-16,117856,1,12,0,461.0
10110073MUNIZI_2026-02-16_G13,10110073MUNIZI,2026-02-16,111353,1,8,0,196.0
10110073MUNIZI_2026-02-16_G14,10110073MUNIZI,2026-02-16,110339,1,30,0,270.0
10110073MUNIZI_2026-02-16_G15,10110073MUNIZI,2026-02-16,107830,1,8,0,224.0
10110073MUNIZI_2026-02-16_G16,10110073MUNIZI,2026-02-16,110374,1,150,0,976.0
10110073MUNIZI_2026-02-16_G17,10110073MUNIZI,2026-02-16,117809,1,12,0,156.0
10110073MUNIZI_2026-02-16_G18,10110073MUNIZI,2026-02-16,110371,1,80,0,566.0
10110073MUNIZI_2026-02-16_G20,10110073MUNIZI,2026-02-16,111876,1,25,0,372.0
10110073MUNIZI_2026-02-16_G21,10110073MUNIZI,2026-02-16,118322,1,4,0,432.0
10110073MUNIZI_2026-02-16_G22,10110073MUNIZI,2026-02-16,117788,1,4,0,145.0
10110073MUNIZI_2026-02-16_G23,10110073MUNIZI,2026-02-16,111530,1,17,0,249.0
10110073MUNIZI_2026-02-16_G24,10110073MUNIZI,2026-02-16,141047,1,2,0,110.0
10110073MUNIZI_2026-02-16_G25,10110073MUNIZI,2026-02-16,118298,1,4,0,172.0
10110073MUNIZI_2026-02-16_G26,10110073MUNIZI,2026-02-16,110787,1,2,0,300.0
10110073MUNIZI_2026-02-16_G27,10110073MUNIZI,2026-02-16,109645,1,2,0,70.0
10110073MUNIZI_2026-02-16_G28,10110073MUNIZI,2026-02-16,110373,1,4,0,134.0
10110073MUNIZI_2026-02-16_G29,10110073MUNIZI,2026-02-16,142045,1,39,0,1192.0
10110073MUNIZI_2026-02-16_G30,10110073MUNIZI,2026-02-16,117835,1,8,0,175.0
10110073MUNIZI_2026-02-16_G31,10110073MUNIZI,2026-02-16,108770,1,4,0,168.0
10110073MUNIZI_2026-02-16_G32,10110073MUNIZI,2026-02-16,110895,1,13,0,574.0
10110073MUNIZI_2026-02-16_G33,10110073MUNIZI,2026-02-16,111438,1,13,0,261.0
10110073MUNIZI_2026-02-16_G34,10110073MUNIZI,2026-02-16,117836,1,4,0,130.0
10110073MUNIZI_2026-02-16_G35,10110073MUNIZI,2026-02-16,118306,1,4,0,127.0
10110073MUNIZI_2026-02-16_G36,10110073MUNIZI,2026-02-16,141916,1,3,0,321.0
10110073MUNIZI_2026-02-16_G37,10110073MUNIZI,2026-02-16,141318,1,2,0,81.0
10110073MUNIZI_2026-02-16_G38,10110073MUNIZI,2026-02-16,100334,1,6,0,192.0
10110073MUNIZI_2026-02-16_G39,10110073MUNIZI,2026-02-16,141352,1,4,0,338.0
10110073MUNIZI_2026-02-16_G40,10110073MUNIZI,2026-02-16,110339,1,16,0,433.0
10110073MUNIZI_2026-02-16_G41,10110073MUNIZI,2026-02-16,117837,1,8,0,242.0
10110073MUNIZI_2026-02-16_G42,10110073MUNIZI,2026-02-16,111879,1,4,0,1130.0
10110073MUNIZI_2026-02-16_G43,10110073MUNIZI,2026-02-16,111569,1,14,0,313.0
10110073MUNIZI_2026-02-16_G44,10110073MUNIZI,2026-02-16,110754,1,4,0,163.0
10110073MUNIZI_2026-02-16_G45,10110073MUNIZI,2026-02-16,117862,1,62,0,572.0
10110073MUNIZI_2026-02-16_G46,10110073MUNIZI,2026-02-16,117856,1,60,0,420.0
10110073MUNIZI_2026-02-16_G47,10110073MUNIZI,2026-02-16,140923,1,26,0,990.0
10110073MUNIZI_2026-02-16_G48,10110073MUNIZI,2026-02-16,110747,1,20,0,1016.0
10110073MUNIZI_2026-02-17_G02,10110073MUNIZI,2026-02-17,111532,1,10,0,572.0
10110073MUNIZI_2026-02-17_G03,10110073MUNIZI,2026-02-17,108795,1,8,0,150.0
10110073MUNIZI_2026-02-17_G04,10110073MUNIZI,2026-02-17,108711,1,17,0,720.0
10110073MUNIZI_2026-02-17_G05,10110073MUNIZI,2026-02-17,111743,1,4,0,291.0
10110073MUNIZI_2026-02-17_G06,10110073MUNIZI,2026-02-17,118330,1,3,0,140.0
10110073MUNIZI_2026-02-17_G07,10110073MUNIZI,2026-02-17,110787,1,1,0,71.0
10110073MUNIZI_2026-02-17_G08,10110073MUNIZI,2026-02-17,111172,1,8,0,142.0
10110073MUNIZI_2026-02-17_G09,10110073MUNIZI,2026-02-17,118317,1,4,0,86.0
10110073MUNIZI_2026-02-17_G10,10110073MUNIZI,2026-02-17,142093,1,12,0,123.0
10110073MUNIZI_2026-02-17_G11,10110073MUNIZI,2026-02-17,111418,1,20,0,377.0
10110073MUNIZI_2026-02-17_G12,10110073MUNIZI,2026-02-17,111465,1,2,0,309.0
10110073MUNIZI_2026-02-17_G13,10110073MUNIZI,2026-02-17,110743,1,4,0,1044.0
10110073MUNIZI_2026-02-17_G14,10110073MUNIZI,2026-02-17,140922,1,10,0,538.0
10110073MUNIZI_2026-02-17_G16,10110073MUNIZI,2026-02-17,141458,1,4,0,151.0
10110073MUNIZI_2026-02-17_G17,10110073MUNIZI,2026-02-17,111348,1,2,0,158.0
10110073MUNIZI_2026-02-17_G18,10110073MUNIZI,2026-02-17,117821,1,4,0,135.0
10110073MUNIZI_2026-02-17_G19,10110073MUNIZI,2026-02-17,118140,1,6,0,89.0
10110073MUNIZI_2026-02-17_G20,10110073MUNIZI,2026-02-17,111418,1,6,0,177.0
10110073MUNIZI_2026-02-17_G21,10110073MUNIZI,2026-02-17,141457,1,5,0,136.0
10110073MUNIZI_2026-02-17_G22,10110073MUNIZI,2026-02-17,141456,1,2,0,79.0
10110073MUNIZI_2026-02-17_G23,10110073MUNIZI,2026-02-17,140923,1,4,0,137.0
10110073MUNIZI_2026-02-17_G24,10110073MUNIZI,2026-02-17,117862,1,2,0,80.0
10110073MUNIZI_2026-02-17_G25,10110073MUNIZI,2026-02-17,110711,1,2,0,84.0
10110073MUNIZI_2026-02-17_G26,10110073MUNIZI,2026-02-17,117856,1,2,0,67.0
10110073MUNIZI_2026-02-17_G27,10110073MUNIZI,2026-02-17,117837,1,2,0,187.0
10110073MUNIZI_2026-02-17_G28,10110073MUNIZI,2026-02-17,111569,1,2,0,114.0
10110073MUNIZI_2026-02-17_G29,10110073MUNIZI,2026-02-17,117809,1,4,0,785.0
10110073MUNIZI_2026-02-17_G30,10110073MUNIZI,2026-02-17,117820,1,6,0,184.0
10110073MUNIZI_2026-02-17_G31,10110073MUNIZI,2026-02-17,110372,1,6,0,655.0
10110073MUNIZI_2026-02-17_G32,10110073MUNIZI,2026-02-17,118299,1,34,0,295.0
10110073MUNIZI_2026-02-17_G33,10110073MUNIZI,2026-02-17,110374,1,3,0,185.0
10110073MUNIZI_2026-02-17_G34,10110073MUNIZI,2026-02-17,108798,1,4,0,457.0
10110073MUNIZI_2026-02-17_G35,10110073MUNIZI,2026-02-17,111530,1,1,0,124.0
10110073MUNIZI_2026-02-17_G36,10110073MUNIZI,2026-02-17,111530,1,1,0,44.0
10110073MUNIZI_2026-02-17_G37,10110073MUNIZI,2026-02-17,111602,1,7,0,314.0
10110073MUNIZI_2026-02-17_G38,10110073MUNIZI,2026-02-17,117809,1,2,0,476.0
10110073MUNIZI_2026-02-17_G39,10110073MUNIZI,2026-02-17,118299,1,4,0,107.0
10110073MUNIZI_2026-02-17_G40,10110073MUNIZI,2026-02-17,117820,1,4,0,82.0
10110073MUNIZI_2026-02-17_G41,10110073MUNIZI,2026-02-17,117808,1,10,0,136.0
10110073MUNIZI_2026-02-17_G42,10110073MUNIZI,2026-02-17,110373,1,4,0,159.0
10110073MUNIZI_2026-02-17_G43,10110073MUNIZI,2026-02-17,110372,1,17,0,204.0
10110073MUNIZI_2026-02-17_G44,10110073MUNIZI,2026-02-17,117832,1,2,0,73.0
10110073MUNIZI_2026-02-17_G45,10110073MUNIZI,2026-02-17,108794,1,2,0,319.0
10110073MUNIZI_2026-02-17_G46,10110073MUNIZI,2026-02-17,108711,1,2,0,169.0
10110073MUNIZI_2026-02-17_G47,10110073MUNIZI,2026-02-17,111172,1,2,0,261.0
10110073MUNIZI_2026-02-17_G48,10110073MUNIZI,2026-02-17,111418,1,3,0,158.0
10110073MUNIZI_2026-02-17_G49,10110073MUNIZI,2026-02-17,109645,1,2,0,280.0
10110073MUNIZI_2026-02-17_G50,10110073MUNIZI,2026-02-17,118223,1,2,0,756.0
10110073MUNIZI_2026-02-17_G51,10110073MUNIZI,2026-02-17,111444,1,2,0,79.0
10110073MUNIZI_2026-02-17_G52,10110073MUNIZI,2026-02-17,107629,1,3,0,336.0
10110073MUNIZI_2026-02-17_G53,10110073MUNIZI,2026-02-17,111530,1,1,0,103.0
10110073MUNIZI_2026-02-17_G54,10110073MUNIZI,2026-02-17,111602,1,6,0,221.0
10110073MUNIZI_2026-02-17_G55,10110073MUNIZI,2026-02-17,110339,1,1,0,118.0
10110073MUNIZI_2026-02-17_G56,10110073MUNIZI,2026-02-17,117837,1,4,0,349.0
10110073MUNIZI_2026-02-17_G57,10110073MUNIZI,2026-02-17,117854,1,4,0,239.0
10110073MUNIZI_2026-02-18_G02,10110073MUNIZI,2026-02-18,110371,1,30,0,385.0
10110073MUNIZI_2026-02-18_G03,10110073MUNIZI,2026-02-18,110376,1,10,0,825.0
10110073MUNIZI_2026-02-18_G04,10110073MUNIZI,2026-02-18,110375,1,30,0,69.0
10110073MUNIZI_2026-02-18_G05,10110073MUNIZI,2026-02-18,117840,1,2,0,97.0
10110073MUNIZI_2026-02-18_G06,10110073MUNIZI,2026-02-18,111447,1,4,0,1073.0
10110073MUNIZI_2026-02-18_G07,10110073MUNIZI,2026-02-18,111861,1,2,0,495.0
10110073MUNIZI_2026-02-18_G08,10110073MUNIZI,2026-02-18,110841,1,1,0,182.0
10110073MUNIZI_2026-02-18_G09,10110073MUNIZI,2026-02-18,105359,1,3,0,169.0
10110073MUNIZI_2026-02-18_G10,10110073MUNIZI,2026-02-18,105359,1,4,0,61.0
10110073MUNIZI_2026-02-18_G12,10110073MUNIZI,2026-02-18,110374,1,375,0,967.0
10110073MUNIZI_2026-02-18_G13,10110073MUNIZI,2026-02-18,110376,1,150,0,1048.0
10110073MUNIZI_2026-02-18_G14,10110073MUNIZI,2026-02-18,110711,1,50,0,671.0
10110073MUNIZI_2026-02-18_G16,10110073MUNIZI,2026-02-18,111172,1,20,0,207.0
10110073MUNIZI_2026-02-18_G17,10110073MUNIZI,2026-02-18,110376,1,50,0,784.0
10110073MUNIZI_2026-02-18_G18,10110073MUNIZI,2026-02-18,111466,1,483,0,2719.0
10110073MUNIZI_2026-02-18_G19,10110073MUNIZI,2026-02-18,110374,1,44,0,1158.0
10110073MUNIZI_2026-02-18_G20,10110073MUNIZI,2026-02-18,117809,1,5,0,672.0
10110073MUNIZI_2026-02-18_G21,10110073MUNIZI,2026-02-18,142045,1,15,0,719.0
10110073MUNIZI_2026-02-18_G22,10110073MUNIZI,2026-02-18,111655,1,8,0,712.0
10110073MUNIZI_2026-02-18_G23,10110073MUNIZI,2026-02-18,111438,1,12,0,271.0
10110073MUNIZI_2026-02-18_G24,10110073MUNIZI,2026-02-18,110747,1,20,0,472.0
10110073MUNIZI_2026-02-19_G02,10110073MUNIZI,2026-02-19,117785,1,16,0,1362.0
10110073MUNIZI_2026-02-19_G03,10110073MUNIZI,2026-02-19,111462,1,4,0,126.0
10110073MUNIZI_2026-02-19_G04,10110073MUNIZI,2026-02-19,111348,1,8,0,148.0
10110073MUNIZI_2026-02-19_G05,10110073MUNIZI,2026-02-19,111532,1,3,0,129.0
10110073MUNIZI_2026-02-19_G06,10110073MUNIZI,2026-02-19,108711,1,3,0,104.0
10110073MUNIZI_2026-02-19_G07,10110073MUNIZI,2026-02-19,111469,1,12,0,266.0
10110073MUNIZI_2026-02-19_G08,10110073MUNIZI,2026-02-19,118140,1,15,0,321.0
10110073MUNIZI_2026-02-19_G09,10110073MUNIZI,2026-02-19,110787,1,3,0,197.0
10110073MUNIZI_2026-02-19_G10,10110073MUNIZI,2026-02-19,111172,1,2,0,92.0
10110073MUNIZI_2026-02-19_G11,10110073MUNIZI,2026-02-19,118317,1,5,0,192.0
10110073MUNIZI_2026-02-19_G12,10110073MUNIZI,2026-02-19,141457,1,12,0,350.0
10110073MUNIZI_2026-02-19_G13,10110073MUNIZI,2026-02-19,117787,1,1,0,1239.0
10110073MUNIZI_2026-02-19_G14,10110073MUNIZI,2026-02-19,141456,1,12,0,360.0
10110073MUNIZI_2026-02-19_G15,10110073MUNIZI,2026-02-19,111435,1,2,0,136.0
10110073MUNIZI_2026-02-19_G16,10110073MUNIZI,2026-02-19,110787,1,60,0,747.0
10110073MUNIZI_2026-02-19_G17,10110073MUNIZI,2026-02-19,118317,1,17,0,544.0
10110073MUNIZI_2026-02-19_G18,10110073MUNIZI,2026-02-19,141271,1,25,0,449.0
10110073MUNIZI_2026-02-19_G19,10110073MUNIZI,2026-02-19,111442,1,40,0,597.0
10110073MUNIZI_2026-02-19_G20,10110073MUNIZI,2026-02-19,111465,1,1,0,123.0
10110073MUNIZI_2026-02-19_G22,10110073MUNIZI,2026-02-19,111569,1,4,0,224.0
10110073MUNIZI_2026-02-19_G23,10110073MUNIZI,2026-02-19,110374,1,21,0,268.0
10110073MUNIZI_2026-02-19_G24,10110073MUNIZI,2026-02-19,117820,3,5,40,48.0
10110073MUNIZI_2026-02-19_G25,10110073MUNIZI,2026-02-19,110374,1,5,0,576.0
10110073MUNIZI_2026-02-19_G26,10110073MUNIZI,2026-02-19,110373,1,1,0,180.0
10110073MUNIZI_2026-02-19_G27,10110073MUNIZI,2026-02-19,117830,2,6,9,116.0
10110073MUNIZI_2026-02-19_G28,10110073MUNIZI,2026-02-19,117837,1,2,0,207.0
10110073MUNIZI_2026-02-19_G29,10110073MUNIZI,2026-02-19,110373,1,81,0,626.0
10110073MUNIZI_2026-02-19_G30,10110073MUNIZI,2026-02-19,111440,1,22,0,2543.0
10110073MUNIZI_2026-02-19_G31,10110073MUNIZI,2026-02-19,142045,1,1,0,88.0
10110073MUNIZI_2026-02-19_G32,10110073MUNIZI,2026-02-19,142045,1,10,0,136.0
10110073MUNIZI_2026-02-19_G33,10110073MUNIZI,2026-02-19,111443,1,109,0,1142.0
10110073MUNIZI_2026-02-19_G34,10110073MUNIZI,2026-02-19,111468,1,53,0,768.0
10110073MUNIZI_2026-02-19_G35,10110073MUNIZI,2026-02-19,111431,1,34,0,858.0
10110073MUNIZI_2026-02-20_G02,10110073MUNIZI,2026-02-20,111441,1,75,0,739.0
10110073MUNIZI_2026-02-20_G03,10110073MUNIZI,2026-02-20,110750,1,32,0,507.0
10110073MUNIZI_2026-02-20_G04,10110073MUNIZI,2026-02-20,117837,1,75,0,608.0
10110073MUNIZI_2026-02-20_G06,10110073MUNIZI,2026-02-20,108759,1,20,0,387.0
10110073MUNIZI_2026-02-20_G08,10110073MUNIZI,2026-02-20,117785,1,1,0,62.0
10110073MUNIZI_2026-02-20_G09,10110073MUNIZI,2026-02-20,142093,1,4,0,83.0
10110073MUNIZI_2026-02-20_G10,10110073MUNIZI,2026-02-20,141271,1,4,0,75.0
10110073MUNIZI_2026-02-20_G11,10110073MUNIZI,2026-02-20,141823,1,2,0,66.0
10110073MUNIZI_2026-02-20_G12,10110073MUNIZI,2026-02-20,109645,1,2,0,102.0
10110073MUNIZI_2026-02-20_G13,10110073MUNIZI,2026-02-20,111468,1,2,0,68.0
10110073MUNIZI_2026-02-20_G14,10110073MUNIZI,2026-02-20,117809,1,2,0,130.0
10110073MUNIZI_2026-02-20_G15,10110073MUNIZI,2026-02-20,118299,1,7,0,112.0
10110073MUNIZI_2026-02-20_G16,10110073MUNIZI,2026-02-20,117808,1,12,0,138.0
10110073MUNIZI_2026-02-20_G17,10110073MUNIZI,2026-02-20,110373,1,4,0,122.0
10110073MUNIZI_2026-02-20_G18,10110073MUNIZI,2026-02-20,110375,1,1,0,31.0
10110073MUNIZI_2026-02-20_G19,10110073MUNIZI,2026-02-20,110372,1,4,0,128.0
10110073MUNIZI_2026-02-20_G20,10110073MUNIZI,2026-02-20,118094,1,2,0,116.0
10110073MUNIZI_2026-02-20_G21,10110073MUNIZI,2026-02-20,117862,1,1,0,191.0
10110073MUNIZI_2026-02-20_G22,10110073MUNIZI,2026-02-20,109640,2,3,29,58.0
10110073MUNIZI_2026-02-20_G23,10110073MUNIZI,2026-02-20,117856,1,1,0,84.0
10110073MUNIZI_2026-02-20_G24,10110073MUNIZI,2026-02-20,110895,1,2,0,153.0
10110073MUNIZI_2026-02-20_G25,10110073MUNIZI,2026-02-20,108759,1,2,0,610.0
10110073MUNIZI_2026-02-20_G26,10110073MUNIZI,2026-02-20,108759,1,2,0,76.0
10110073MUNIZI_2026-02-20_G27,10110073MUNIZI,2026-02-20,109640,1,4,0,175.0
10110073MUNIZI_2026-02-20_G28,10110073MUNIZI,2026-02-20,109640,1,4,0,181.0
10110073MUNIZI_2026-02-20_G29,10110073MUNIZI,2026-02-20,109640,1,2,0,60.0
10110073MUNIZI_2026-02-20_G30,10110073MUNIZI,2026-02-20,117785,1,7,0,937.0
10110073MUNIZI_2026-02-20_G31,10110073MUNIZI,2026-02-20,111443,1,2,0,62.0
10110073MUNIZI_2026-02-20_G32,10110073MUNIZI,2026-02-20,111743,1,1,0,58.0
10110073MUNIZI_2026-02-20_G33,10110073MUNIZI,2026-02-20,111172,1,1,0,133.0
10110073MUNIZI_2026-02-20_G34,10110073MUNIZI,2026-02-20,111418,1,37,0,295.0
10110073MUNIZI_2026-02-20_G35,10110073MUNIZI,2026-02-20,117787,1,1,0,83.0
10110073MUNIZI_2026-02-20_G36,10110073MUNIZI,2026-02-20,140923,1,3,0,124.0
10110073MUNIZI_2026-02-20_G37,10110073MUNIZI,2026-02-20,105242,1,1,0,55.0
10110073MUNIZI_2026-02-20_G38,10110073MUNIZI,2026-02-20,117856,1,11,0,202.0
10110073MUNIZI_2026-02-21_G02,10110073MUNIZI,2026-02-21,110374,1,14,0,132.0
10110073MUNIZI_2026-02-21_G03,10110073MUNIZI,2026-02-21,117809,1,1,0,135.0
10110073MUNIZI_2026-02-21_G04,10110073MUNIZI,2026-02-21,110371,1,5,0,101.0
10110073MUNIZI_2026-02-21_G05,10110073MUNIZI,2026-02-21,117820,1,3,0,90.0
10110073MUNIZI_2026-02-21_G06,10110073MUNIZI,2026-02-21,117820,1,12,0,151.0
10110073MUNIZI_2026-02-21_G07,10110073MUNIZI,2026-02-21,117808,1,19,0,286.0
10110073MUNIZI_2026-02-21_G08,10110073MUNIZI,2026-02-21,110325,2,3,29,38.0
10110073MUNIZI_2026-02-21_G09,10110073MUNIZI,2026-02-21,110376,2,4,18,301.0
10110073MUNIZI_2026-02-21_G10,10110073MUNIZI,2026-02-21,110373,2,20,9,1343.0
10110073MUNIZI_2026-02-21_G11,10110073MUNIZI,2026-02-21,110373,1,20,0,144.0
10110073MUNIZI_2026-02-21_G12,10110073MUNIZI,2026-02-21,110375,1,1,0,90.0
10110073MUNIZI_2026-02-21_G13,10110073MUNIZI,2026-02-21,118299,2,5,13,422.0
10110073MUNIZI_2026-02-21_G14,10110073MUNIZI,2026-02-21,118299,1,32,0,268.0
10110073MUNIZI_2026-02-21_G15,10110073MUNIZI,2026-02-21,118299,1,15,0,170.0
10110073MUNIZI_2026-02-21_G16,10110073MUNIZI,2026-02-21,110372,1,22,0,187.0
10110073MUNIZI_2026-02-21_G17,10110073MUNIZI,2026-02-21,110372,1,14,0,128.0
10110073MUNIZI_2026-02-21_G18,10110073MUNIZI,2026-02-21,110372,1,20,0,340.0
10110073MUNIZI_2026-02-21_G20,10110073MUNIZI,2026-02-21,111602,1,24,0,179.0
10110073MUNIZI_2026-02-21_G21,10110073MUNIZI,2026-02-21,111532,1,3,0,123.0
10110073MUNIZI_2026-02-22_G02,10110073MUNIZI,2026-02-22,110376,1,4,0,233.0
10110073MUNIZI_2026-02-22_G03,10110073MUNIZI,2026-02-22,117832,1,8,0,146.0
10110073MUNIZI_2026-02-22_G04,10110073MUNIZI,2026-02-22,117830,1,16,0,207.0
10110073MUNIZI_2026-02-22_G05,10110073MUNIZI,2026-02-22,117808,1,200,0,485.0
10110073MUNIZI_2026-02-22_G06,10110073MUNIZI,2026-02-22,118299,1,350,0,1084.0
10110073MUNIZI_2026-02-22_G07,10110073MUNIZI,2026-02-22,140922,1,880,0,1959.0
10110073MUNIZI_2026-02-22_G08,10110073MUNIZI,2026-02-22,111530,1,16,0,1900.0
10110073MUNIZI_2026-02-22_G09,10110073MUNIZI,2026-02-22,111468,1,6,0,437.0
10110073MUNIZI_2026-02-22_G10,10110073MUNIZI,2026-02-22,111467,1,2,0,398.0
10110073MUNIZI_2026-02-22_G11,10110073MUNIZI,2026-02-22,111469,1,1,0,294.0
10110073MUNIZI_2026-02-22_G12,10110073MUNIZI,2026-02-22,140922,1,2,0,1322.0
10110073MUNIZI_2026-02-22_G13,10110073MUNIZI,2026-02-22,140922,1,2,0,104.0
10110073MUNIZI_2026-02-22_G14,10110073MUNIZI,2026-02-22,140922,1,2,0,485.0
10110073MUNIZI_2026-02-23_G02,10110073MUNIZI,2026-02-23,140922,1,2,0,282.0
10110073MUNIZI_2026-02-23_G03,10110073MUNIZI,2026-02-23,140957,1,2,0,188.0
10110073MUNIZI_2026-02-23_G04,10110073MUNIZI,2026-02-23,117853,1,2,0,122.0
10110073MUNIZI_2026-02-23_G05,10110073MUNIZI,2026-02-23,140922,1,1,0,105.0
10110073MUNIZI_2026-02-23_G06,10110073MUNIZI,2026-02-23,111467,1,4,0,376.0
10110073MUNIZI_2026-02-23_G07,10110073MUNIZI,2026-02-23,111469,1,8,0,850.0
10110073MUNIZI_2026-02-23_G10,10110073MUNIZI,2026-02-23,118306,1,1,0,671.0
10110073MUNIZI_2026-02-23_G11,10110073MUNIZI,2026-02-23,108759,1,3,0,397.0
10110073MUNIZI_2026-02-23_G12,10110073MUNIZI,2026-02-23,108770,1,2,0,201.0
10110073MUNIZI_2026-02-23_G13,10110073MUNIZI,2026-02-23,110741,1,2,0,1692.0
10110073MUNIZI_2026-02-23_G14,10110073MUNIZI,2026-02-23,111650,1,2,0,126.0
10110073MUNIZI_2026-02-23_G15,10110073MUNIZI,2026-02-23,109640,1,35,0,607.0
10110073MUNIZI_2026-02-23_G16,10110073MUNIZI,2026-02-23,110339,1,16,0,1564.0
10110073MUNIZI_2026-02-23_G17,10110073MUNIZI,2026-02-23,111330,1,14,0,1435.0
10110073MUNIZI_2026-02-23_G18,10110073MUNIZI,2026-02-23,111602,1,2,0,822.0
10110073MUNIZI_2026-02-23_G19,10110073MUNIZI,2026-02-23,111467,1,5,0,815.0
10110073MUNIZI_2026-02-23_G20,10110073MUNIZI,2026-02-23,117855,1,26,0,829.0
10110073MUNIZI_2026-02-24_G02,10110073MUNIZI,2026-02-24,110743,1,4,0,1989.0
10110073MUNIZI_2026-02-24_G03,10110073MUNIZI,2026-02-24,117785,1,4,0,213.0
10110073MUNIZI_2026-02-24_G04,10110073MUNIZI,2026-02-24,117833,1,3,0,165.0
10110073MUNIZI_2026-02-24_G05,10110073MUNIZI,2026-02-24,110751,1,4,0,368.0
10110073MUNIZI_2026-02-24_G06,10110073MUNIZI,2026-02-24,108711,1,6,0,210.0
10110073MUNIZI_2026-02-24_G07,10110073MUNIZI,2026-02-24,108711,1,4,0,960.0
10110073MUNIZI_2026-02-24_G08,10110073MUNIZI,2026-02-24,111743,1,4,0,81.0
10110073MUNIZI_2026-02-24_G09,10110073MUNIZI,2026-02-24,108795,1,2,0,109.0
10110073MUNIZI_2026-02-24_G10,10110073MUNIZI,2026-02-24,111466,1,4,0,73.0
10110073MUNIZI_2026-02-24_G11,10110073MUNIZI,2026-02-24,111172,2,6,13,126.0
10110073MUNIZI_2026-02-24_G12,10110073MUNIZI,2026-02-24,142093,1,12,0,203.0
10110073MUNIZI_2026-02-24_G13,10110073MUNIZI,2026-02-24,111418,1,20,0,392.0
10110073MUNIZI_2026-02-24_G14,10110073MUNIZI,2026-02-24,107236,2,8,11,531.0
10110073MUNIZI_2026-02-24_G15,10110073MUNIZI,2026-02-24,141823,1,2,0,107.0
10110073MUNIZI_2026-02-24_G16,10110073MUNIZI,2026-02-24,111442,1,8,0,92.0
10110073MUNIZI_2026-02-24_G17,10110073MUNIZI,2026-02-24,140922,1,12,0,182.0
10110073MUNIZI_2026-02-24_G18,10110073MUNIZI,2026-02-24,141456,1,8,0,226.0
10110073MUNIZI_2026-02-24_G19,10110073MUNIZI,2026-02-24,141456,1,2,0,40.0
10110073MUNIZI_2026-02-24_G20,10110073MUNIZI,2026-02-24,108798,1,4,0,65.0
10110073MUNIZI_2026-02-24_G21,10110073MUNIZI,2026-02-24,111465,1,3,0,65.0
10110073MUNIZI_2026-02-24_G22,10110073MUNIZI,2026-02-24,109645,1,8,0,414.0
10110073MUNIZI_2026-02-24_G23,10110073MUNIZI,2026-02-24,111468,1,2,0,50.0
10110073MUNIZI_2026-02-24_G24,10110073MUNIZI,2026-02-24,110740,1,2,0,140.0
10110073MUNIZI_2026-02-24_G25,10110073MUNIZI,2026-02-24,108759,1,2,0,2294.0
10110073MUNIZI_2026-02-24_G26,10110073MUNIZI,2026-02-24,110582,1,1,0,152.0
10110073MUNIZI_2026-02-24_G27,10110073MUNIZI,2026-02-24,117855,1,2,0,598.0
10110073MUNIZI_2026-02-24_G28,10110073MUNIZI,2026-02-24,117853,1,2,0,123.0
10110073MUNIZI_2026-02-24_G29,10110073MUNIZI,2026-02-24,111462,1,2,0,431.0
10110073MUNIZI_2026-02-24_G30,10110073MUNIZI,2026-02-24,140922,1,12,0,139.0
10110073MUNIZI_2026-02-24_G31,10110073MUNIZI,2026-02-24,111602,1,2,0,120.0
10110073MUNIZI_2026-02-24_G32,10110073MUNIZI,2026-02-24,140922,1,2,0,91.0
10110073MUNIZI_2026-02-24_G34,10110073MUNIZI,2026-02-24,111418,1,200,0,1621.0
10110073MUNIZI_2026-02-24_G35,10110073MUNIZI,2026-02-24,"111463, 118317",3,80,33,617.0
10110073MUNIZI_2026-02-24_G36,10110073MUNIZI,2026-02-24,142093,1,100,0,676.0
10110073MUNIZI_2026-02-24_G37,10110073MUNIZI,2026-02-24,118317,1,20,0,259.0
10110073MUNIZI_2026-02-24_G38,10110073MUNIZI,2026-02-24,111743,1,60,0,847.0
10110073MUNIZI_2026-02-24_G39,10110073MUNIZI,2026-02-24,111330,1,216,0,3133.0
10110073MUNIZI_2026-02-24_G40,10110073MUNIZI,2026-02-24,111330,1,79,0,836.0
10110073MUNIZI_2026-02-24_G41,10110073MUNIZI,2026-02-24,109641,1,90,0,486.0
10110073MUNIZI_2026-02-25_G02,10110073MUNIZI,2026-02-25,117821,1,7,0,116.0
10110073MUNIZI_2026-02-25_G03,10110073MUNIZI,2026-02-25,116241,1,4,0,121.0
10110073MUNIZI_2026-02-25_G04,10110073MUNIZI,2026-02-25,111330,1,8,0,175.0
10110073MUNIZI_2026-02-25_G05,10110073MUNIZI,2026-02-25,141456,1,4,0,114.0
10110073MUNIZI_2026-02-25_G06,10110073MUNIZI,2026-02-25,111530,1,40,0,1965.0
10110073MUNIZI_2026-02-25_G07,10110073MUNIZI,2026-02-25,109640,1,4,0,103.0
10110073MUNIZI_2026-02-25_G08,10110073MUNIZI,2026-02-25,141166,1,1,0,107.0
10110073MUNIZI_2026-02-25_G09,10110073MUNIZI,2026-02-25,111530,1,13,0,145.0
10110073MUNIZI_2026-02-25_G10,10110073MUNIZI,2026-02-25,111530,1,13,0,112.0
10110073MUNIZI_2026-02-25_G11,10110073MUNIZI,2026-02-25,111530,1,84,0,1463.0
10110073MUNIZI_2026-02-25_G12,10110073MUNIZI,2026-02-25,111462,1,50,0,1681.0
10110073MUNIZI_2026-02-25_G13,10110073MUNIZI,2026-02-25,111348,1,4,0,187.0
10110073MUNIZI_2026-02-25_G14,10110073MUNIZI,2026-02-25,117821,1,20,0,158.0
10110073MUNIZI_2026-02-25_G15,10110073MUNIZI,2026-02-25,111743,1,12,0,300.0
10110073MUNIZI_2026-02-25_G16,10110073MUNIZI,2026-02-25,111330,1,3,0,56.0
10110073MUNIZI_2026-02-25_G17,10110073MUNIZI,2026-02-25,118330,1,2,0,281.0
10110073MUNIZI_2026-02-25_G18,10110073MUNIZI,2026-02-25,110787,1,6,0,488.0
10110073MUNIZI_2026-02-25_G19,10110073MUNIZI,2026-02-25,111466,1,40,0,582.0
10110073MUNIZI_2026-02-25_G20,10110073MUNIZI,2026-02-25,111172,1,4,0,61.0
10110073MUNIZI_2026-02-25_G21,10110073MUNIZI,2026-02-25,142093,1,10,0,120.0
10110073MUNIZI_2026-02-25_G22,10110073MUNIZI,2026-02-25,109641,1,3,0,103.0
10110073MUNIZI_2026-02-25_G23,10110073MUNIZI,2026-02-25,111465,1,10,0,168.0
10110073MUNIZI_2026-02-25_G24,10110073MUNIZI,2026-02-25,109645,1,4,0,123.0
10110073MUNIZI_2026-02-25_G25,10110073MUNIZI,2026-02-25,141458,1,4,0,141.0
10110073MUNIZI_2026-02-25_G26,10110073MUNIZI,2026-02-25,117808,1,200,0,759.0
10110073MUNIZI_2026-02-25_G28,10110073MUNIZI,2026-02-25,110745,2,10,17,142.0
10110073MUNIZI_2026-02-25_G29,10110073MUNIZI,2026-02-25,117833,1,10,0,477.0
10110073MUNIZI_2026-02-25_G30,10110073MUNIZI,2026-02-25,110751,1,4,0,89.0
10110073MUNIZI_2026-02-25_G31,10110073MUNIZI,2026-02-25,111469,1,30,0,594.0
10110073MUNIZI_2026-02-25_G32,10110073MUNIZI,2026-02-25,111469,2,12,14,85.0
10110073MUNIZI_2026-02-25_G33,10110073MUNIZI,2026-02-25,118330,1,4,0,111.0
10110073MUNIZI_2026-02-25_G34,10110073MUNIZI,2026-02-25,118330,1,6,0,72.0
10110073MUNIZI_2026-02-25_G35,10110073MUNIZI,2026-02-25,110787,3,46,34,198.0
10110073MUNIZI_2026-02-25_G36,10110073MUNIZI,2026-02-25,110787,1,20,0,162.0
10110073MUNIZI_2026-02-25_G37,10110073MUNIZI,2026-02-25,105705,1,3,0,328.0
10110073MUNIZI_2026-02-25_G38,10110073MUNIZI,2026-02-25,118317,1,4,0,128.0
10110073MUNIZI_2026-02-25_G39,10110073MUNIZI,2026-02-25,118317,1,10,0,135.0
10110073MUNIZI_2026-02-25_G40,10110073MUNIZI,2026-02-25,141271,1,5,0,135.0
10110073MUNIZI_2026-02-25_G41,10110073MUNIZI,2026-02-25,140922,1,7,0,442.0
10110073MUNIZI_2026-02-25_G42,10110073MUNIZI,2026-02-25,140922,3,33,21,272.0
10110073MUNIZI_2026-02-25_G43,10110073MUNIZI,2026-02-25,111463,1,10,0,1202.0
10110073MUNIZI_2026-02-25_G44,10110073MUNIZI,2026-02-25,110313,2,8,12,270.0
10110073MUNIZI_2026-02-25_G45,10110073MUNIZI,2026-02-25,111530,1,15,0,331.0
10110073MUNIZI_2026-02-25_G46,10110073MUNIZI,2026-02-25,111602,1,10,0,275.0
10110073MUNIZI_2026-02-25_G47,10110073MUNIZI,2026-02-25,111602,1,4,0,258.0
10110073MUNIZI_2026-02-25_G48,10110073MUNIZI,2026-02-25,111602,1,6,0,77.0
10110073MUNIZI_2026-02-25_G49,10110073MUNIZI,2026-02-25,111602,1,4,0,98.0
10110073MUNIZI_2026-02-25_G50,10110073MUNIZI,2026-02-25,111602,2,30,13,142.0
10110073MUNIZI_2026-02-25_G51,10110073MUNIZI,2026-02-25,117837,1,5,0,436.0
10110073MUNIZI_2026-02-25_G52,10110073MUNIZI,2026-02-25,141066,1,4,0,115.0
10110073MUNIZI_2026-02-25_G53,10110073MUNIZI,2026-02-25,111467,2,14,10,124.0
10110073MUNIZI_2026-02-25_G54,10110073MUNIZI,2026-02-25,117855,1,10,0,205.0
10110073MUNIZI_2026-02-25_G55,10110073MUNIZI,2026-02-25,117855,1,5,0,82.0
10110073MUNIZI_2026-02-25_G56,10110073MUNIZI,2026-02-25,117855,2,22,9,510.0
10110073MUNIZI_2026-02-25_G57,10110073MUNIZI,2026-02-25,141166,1,6,0,245.0
10110073MUNIZI_2026-02-26_G02,10110073MUNIZI,2026-02-26,109641,1,6,0,292.0
10110073MUNIZI_2026-02-26_G03,10110073MUNIZI,2026-02-26,140922,1,4,0,52.0
10110073MUNIZI_2026-02-26_G04,10110073MUNIZI,2026-02-26,109645,2,4,8,261.0
10110073MUNIZI_2026-02-26_G05,10110073MUNIZI,2026-02-26,140922,1,4,0,80.0
10110073MUNIZI_2026-02-26_G06,10110073MUNIZI,2026-02-26,110313,1,12,0,1288.0
10110073MUNIZI_2026-02-26_G07,10110073MUNIZI,2026-02-26,110711,1,2,0,410.0
10110073MUNIZI_2026-02-26_G08,10110073MUNIZI,2026-02-26,117853,1,12,0,384.0
10110073MUNIZI_2026-02-26_G09,10110073MUNIZI,2026-02-26,111602,1,36,0,761.0
10110073MUNIZI_2026-02-26_G10,10110073MUNIZI,2026-02-26,111467,1,12,0,434.0
10110073MUNIZI_2026-02-26_G11,10110073MUNIZI,2026-02-26,117855,2,4,11,59.0
10110073MUNIZI_2026-02-26_G12,10110073MUNIZI,2026-02-26,117855,1,24,0,548.0
10110073MUNIZI_2026-02-26_G13,10110073MUNIZI,2026-02-26,110325,1,30,0,738.0
10110073MUNIZI_2026-02-26_G14,10110073MUNIZI,2026-02-26,109640,1,40,0,758.0
10110073MUNIZI_2026-02-26_G15,10110073MUNIZI,2026-02-26,118306,1,16,0,311.0
10110073MUNIZI_2026-02-26_G16,10110073MUNIZI,2026-02-26,111530,1,50,0,381.0
10110073MUNIZI_2026-02-26_G18,10110073MUNIZI,2026-02-26,111462,1,8,0,201.0
10110073MUNIZI_2026-02-26_G19,10110073MUNIZI,2026-02-26,111465,1,4,0,110.0
10110073MUNIZI_2026-02-26_G20,10110073MUNIZI,2026-02-26,111530,1,4,0,380.0
10110073MUNIZI_2026-02-26_G21,10110073MUNIZI,2026-02-26,108711,1,2,0,452.0
10110073MUNIZI_2026-02-26_G22,10110073MUNIZI,2026-02-26,111462,1,2,0,109.0
10110073MUNIZI_2026-02-26_G23,10110073MUNIZI,2026-02-26,117831,1,12,0,208.0
10110073MUNIZI_2026-02-26_G24,10110073MUNIZI,2026-02-26,111530,1,1,0,218.0
10110073MUNIZI_2026-02-26_G25,10110073MUNIZI,2026-02-26,106179,1,2,0,282.0
10110073MUNIZI_2026-02-26_G26,10110073MUNIZI,2026-02-26,117809,1,2,0,654.0
10110073MUNIZI_2026-02-26_G27,10110073MUNIZI,2026-02-26,118299,1,1,0,71.0
10110073MUNIZI_2026-02-26_G28,10110073MUNIZI,2026-02-26,117830,1,2,0,94.0
10110073MUNIZI_2026-02-26_G29,10110073MUNIZI,2026-02-26,141456,1,1,0,862.0
10110073MUNIZI_2026-02-26_G30,10110073MUNIZI,2026-02-26,107236,1,2,0,893.0
10110073MUNIZI_2026-02-26_G31,10110073MUNIZI,2026-02-26,117856,1,2,0,390.0
10110073MUNIZI_2026-02-26_G32,10110073MUNIZI,2026-02-26,110895,1,2,0,93.0
10110073MUNIZI_2026-02-26_G33,10110073MUNIZI,2026-02-26,117785,1,2,0,119.0
10110073MUNIZI_2026-02-26_G34,10110073MUNIZI,2026-02-26,111466,1,2,0,94.0
10110073MUNIZI_2026-02-26_G35,10110073MUNIZI,2026-02-26,142093,1,4,0,100.0
10110073MUNIZI_2026-02-26_G36,10110073MUNIZI,2026-02-26,111418,1,6,0,162.0
10110073MUNIZI_2026-02-26_G37,10110073MUNIZI,2026-02-26,141456,1,2,0,74.0
10110073MUNIZI_2026-02-26_G38,10110073MUNIZI,2026-02-26,111468,1,4,0,78.0
10110073MUNIZI_2026-02-26_G39,10110073MUNIZI,2026-02-26,109643,1,4,0,122.0
10110073MUNIZI_2026-02-26_G40,10110073MUNIZI,2026-02-26,117830,1,2,0,76.0
10110073MUNIZI_2026-02-26_G41,10110073MUNIZI,2026-02-26,117861,1,4,0,130.0
10110073MUNIZI_2026-02-26_G42,10110073MUNIZI,2026-02-26,110895,1,4,0,396.0
10110073MUNIZI_2026-02-26_G43,10110073MUNIZI,2026-02-26,110374,1,2,0,708.0
10110073MUNIZI_2026-02-26_G44,10110073MUNIZI,2026-02-26,117809,1,2,0,32.0
10110073MUNIZI_2026-02-26_G45,10110073MUNIZI,2026-02-26,110371,1,2,0,75.0
10110073MUNIZI_2026-02-26_G46,10110073MUNIZI,2026-02-26,110325,1,2,0,81.0
10110073MUNIZI_2026-02-26_G47,10110073MUNIZI,2026-02-26,117808,1,8,0,73.0
10110073MUNIZI_2026-02-26_G48,10110073MUNIZI,2026-02-26,109643,1,4,0,120.0
10110073MUNIZI_2026-02-26_G49,10110073MUNIZI,2026-02-26,110373,1,4,0,82.0
10110073MUNIZI_2026-02-26_G50,10110073MUNIZI,2026-02-26,110372,1,10,0,140.0
10110073MUNIZI_2026-02-26_G51,10110073MUNIZI,2026-02-26,111602,1,2,0,102.0
10110073MUNIZI_2026-02-27_G02,10110073MUNIZI,2026-02-27,140911,1,4,0,314.0
10110073MUNIZI_2026-02-27_G03,10110073MUNIZI,2026-02-27,117834,1,14,0,760.0
10110073MUNIZI_2026-02-27_G04,10110073MUNIZI,2026-02-27,111445,1,4,0,95.0
10110073MUNIZI_2026-02-27_G05,10110073MUNIZI,2026-02-27,111569,1,4,0,204.0
10110073MUNIZI_2026-02-27_G06,10110073MUNIZI,2026-02-27,110787,1,8,0,210.0
10110073MUNIZI_2026-02-27_G07,10110073MUNIZI,2026-02-27,110740,1,8,0,156.0
10110073MUNIZI_2026-02-27_G08,10110073MUNIZI,2026-02-27,141458,1,4,0,177.0
10110073MUNIZI_2026-02-27_G09,10110073MUNIZI,2026-02-27,118299,1,16,0,253.0
10110073MUNIZI_2026-02-27_G10,10110073MUNIZI,2026-02-27,111634,1,10,0,3362.0
10110073MUNIZI_2026-02-27_G11,10110073MUNIZI,2026-02-27,111532,1,16,0,1048.0
10110073MUNIZI_2026-02-27_G12,10110073MUNIZI,2026-02-27,111532,1,20,0,519.0
10110073MUNIZI_2026-02-27_G13,10110073MUNIZI,2026-02-27,117820,1,57,0,485.0
10110073MUNIZI_2026-02-27_G14,10110073MUNIZI,2026-02-27,117832,1,14,0,595.0
10110073MUNIZI_2026-02-27_G15,10110073MUNIZI,2026-02-27,141457,1,203,0,985.0
10110073MUNIZI_2026-02-27_G16,10110073MUNIZI,2026-02-27,117785,1,200,0,1551.0
10110073MUNIZI_2026-02-27_G18,10110073MUNIZI,2026-02-27,117809,1,52,0,688.0
10110073MUNIZI_2026-02-27_G19,10110073MUNIZI,2026-02-27,109648,1,2,0,108.0
10110073MUNIZI_2026-02-27_G20,10110073MUNIZI,2026-02-27,110325,1,28,0,291.0
10110073MUNIZI_2026-02-27_G21,10110073MUNIZI,2026-02-27,141202,1,7,0,129.0
10110073MUNIZI_2026-02-27_G22,10110073MUNIZI,2026-02-27,118281,1,2,0,112.0
10110073MUNIZI_2026-02-27_G23,10110073MUNIZI,2026-02-27,117830,1,74,0,955.0
10110073MUNIZI_2026-02-27_G24,10110073MUNIZI,2026-02-27,117830,1,49,0,595.0
10110073MUNIZI_2026-02-27_G25,10110073MUNIZI,2026-02-27,117820,1,118,0,439.0
10110073MUNIZI_2026-02-27_G26,10110073MUNIZI,2026-02-27,118299,2,392,16,1674.0
10110073MUNIZI_2026-02-27_G27,10110073MUNIZI,2026-02-27,117808,1,520,0,2079.0
10110073MUNIZI_2026-02-27_G28,10110073MUNIZI,2026-02-27,110372,1,185,0,880.0
10110073MUNIZI_2026-02-27_G30,10110073MUNIZI,2026-02-27,117809,5,11,53,88.0
10110073MUNIZI_2026-02-27_G31,10110073MUNIZI,2026-02-27,109648,1,2,0,165.0
10110073MUNIZI_2026-02-27_G32,10110073MUNIZI,2026-02-27,117820,5,37,42,141.0
10110073MUNIZI_2026-02-27_G33,10110073MUNIZI,2026-02-27,"117820, 117822",2,13,14,49.0
10110073MUNIZI_2026-02-28_G02,10110073MUNIZI,2026-02-28,141202,1,2,0,77.0
10110073MUNIZI_2026-02-28_G03,10110073MUNIZI,2026-02-28,110376,3,10,34,221.0
10110073MUNIZI_2026-02-28_G04,10110073MUNIZI,2026-02-28,110371,5,19,50,177.0
10110073MUNIZI_2026-02-28_G05,10110073MUNIZI,2026-02-28,110373,1,9,0,1128.0
10110073MUNIZI_2026-02-28_G06,10110073MUNIZI,2026-02-28,110373,3,7,20,45.0
10110073MUNIZI_2026-02-28_G07,10110073MUNIZI,2026-02-28,110373,1,4,0,67.0
10110073MUNIZI_2026-02-28_G08,10110073MUNIZI,2026-02-28,117808,3,21,29,550.0
10110073MUNIZI_2026-02-28_G09,10110073MUNIZI,2026-02-28,117808,1,2,0,43.0
10110073MUNIZI_2026-02-28_G10,10110073MUNIZI,2026-02-28,117808,1,15,0,74.0
10110073MUNIZI_2026-02-28_G11,10110073MUNIZI,2026-02-28,117808,2,8,16,36.0
10110073MUNIZI_2026-02-28_G12,10110073MUNIZI,2026-02-28,117832,1,9,0,260.0
10110073MUNIZI_2026-02-28_G13,10110073MUNIZI,2026-02-28,117832,1,5,0,87.0
10110073MUNIZI_2026-02-28_G14,10110073MUNIZI,2026-02-28,117832,2,8,10,119.0
10110073MUNIZI_2026-02-28_G15,10110073MUNIZI,2026-02-28,118299,4,28,32,408.0
10110073MUNIZI_2026-02-28_G16,10110073MUNIZI,2026-02-28,117830,3,12,22,654.0
10110073MUNIZI_2026-02-28_G17,10110073MUNIZI,2026-02-28,111469,1,12,0,1564.0
10110073MUNIZI_2026-02-28_G18,10110073MUNIZI,2026-02-28,142093,1,12,0,747.0
10110073MUNIZI_2026-02-28_G19,10110073MUNIZI,2026-02-28,111418,1,20,0,367.0
10110073MUNIZI_2026-02-28_G20,10110073MUNIZI,2026-02-28,110787,1,16,0,1210.0
10110073MUNIZI_2026-02-28_G21,10110073MUNIZI,2026-02-28,117808,1,100,0,465.0
10110073MUNIZI_2026-02-28_G22,10110073MUNIZI,2026-02-28,118299,1,250,0,882.0
10110073MUNIZI_2026-03-05_G02,10110073MUNIZI,2026-03-05,110376,1,7,0,693.0
10110073MUNIZI_2026-03-05_G03,10110073MUNIZI,2026-03-05,110371,1,20,0,202.0
10110073MUNIZI_2026-03-05_G04,10110073MUNIZI,2026-03-05,109643,1,10,0,236.0
10110073MUNIZI_2026-03-05_G05,10110073MUNIZI,2026-03-05,117832,1,20,0,246.0
10110073MUNIZI_2026-03-05_G06,10110073MUNIZI,2026-03-05,117830,1,20,0,654.0
10110073MUNIZI_2026-03-05_G07,10110073MUNIZI,2026-03-05,110373,1,100,0,259.0
10110073MUNIZI_2026-03-05_G08,10110073MUNIZI,2026-03-05,111330,1,4,0,927.0
10110073MUNIZI_2026-03-05_G09,10110073MUNIZI,2026-03-05,142093,1,20,0,202.0
10110073MUNIZI_2026-03-05_G10,10110073MUNIZI,2026-03-05,105705,1,4,0,191.0
10110073MUNIZI_2026-03-05_G11,10110073MUNIZI,2026-03-05,140922,1,6,0,304.0
10110073MUNIZI_2026-03-05_G12,10110073MUNIZI,2026-03-05,108794,1,4,0,82.0
10110073MUNIZI_2026-03-05_G13,10110073MUNIZI,2026-03-05,117833,1,4,0,119.0
10110073MUNIZI_2026-03-05_G14,10110073MUNIZI,2026-03-05,142093,1,8,0,184.0
10110073MUNIZI_2026-03-05_G15,10110073MUNIZI,2026-03-05,111462,1,4,0,129.0
10110073MUNIZI_2026-03-05_G16,10110073MUNIZI,2026-03-05,111442,1,4,0,123.0
10110073MUNIZI_2026-03-05_G17,10110073MUNIZI,2026-03-05,141456,1,4,0,85.0
10110073MUNIZI_2026-03-05_G18,10110073MUNIZI,2026-03-05,109645,1,2,0,96.0
10110073MUNIZI_2026-03-05_G19,10110073MUNIZI,2026-03-05,141823,1,4,0,133.0
10110073MUNIZI_2026-03-05_G20,10110073MUNIZI,2026-03-05,110787,1,1,0,807.0
10110073MUNIZI_2026-03-05_G21,10110073MUNIZI,2026-03-05,110895,1,8,0,1707.0
10110073MUNIZI_2026-03-05_G22,10110073MUNIZI,2026-03-05,110733,1,4,0,861.0
10110073MUNIZI_2026-03-05_G23,10110073MUNIZI,2026-03-05,118299,2,14,11,334.0
10110073MUNIZI_2026-03-05_G25,10110073MUNIZI,2026-03-05,117862,1,110,0,606.0
10110073MUNIZI_2026-03-05_G26,10110073MUNIZI,2026-03-05,117861,1,80,0,826.0
10110073MUNIZI_2026-03-05_G27,10110073MUNIZI,2026-03-05,110733,1,4,0,2983.0
10110073MUNIZI_2026-03-05_G28,10110073MUNIZI,2026-03-05,105705,1,4,0,240.0
10110073MUNIZI_2026-03-05_G29,10110073MUNIZI,2026-03-05,140923,1,2,0,217.0
10110073MUNIZI_2026-03-05_G30,10110073MUNIZI,2026-03-05,118094,1,4,0,95.0
10110073MUNIZI_2026-03-05_G31,10110073MUNIZI,2026-03-05,111430,1,30,0,2535.0
10110073MUNIZI_2026-03-05_G32,10110073MUNIZI,2026-03-05,117834,1,12,0,287.0
10110073MUNIZI_2026-03-06_G02,10110073MUNIZI,2026-03-06,118253,1,4,0,265.0
10110073MUNIZI_2026-03-06_G03,10110073MUNIZI,2026-03-06,"117836, 109497",2,8,6,152.0
10110073MUNIZI_2026-03-06_G04,10110073MUNIZI,2026-03-06,110582,1,4,0,268.0
10110073MUNIZI_2026-03-06_G05,10110073MUNIZI,2026-03-06,100334,1,12,0,1156.0
10110073MUNIZI_2026-03-06_G06,10110073MUNIZI,2026-03-06,111569,1,20,0,1260.0
10110073MUNIZI_2026-03-06_G07,10110073MUNIZI,2026-03-06,142093,1,50,0,648.0
10110073MUNIZI_2026-03-06_G08,10110073MUNIZI,2026-03-06,141916,1,12,0,649.0
10110073MUNIZI_2026-03-06_G09,10110073MUNIZI,2026-03-06,110895,1,30,0,1661.0
10110073MUNIZI_2026-03-06_G10,10110073MUNIZI,2026-03-06,"110895, 110747",2,15,23,47.0
10110073MUNIZI_2026-03-06_G12,10110073MUNIZI,2026-03-06,141048,1,8,0,437.0
10110073MUNIZI_2026-03-06_G13,10110073MUNIZI,2026-03-06,108798,1,5,0,307.0
10110073MUNIZI_2026-03-06_G14,10110073MUNIZI,2026-03-06,109645,1,4,0,185.0
10110073MUNIZI_2026-03-06_G15,10110073MUNIZI,2026-03-06,117329,1,8,0,222.0
10110073MUNIZI_2026-03-06_G16,10110073MUNIZI,2026-03-06,105705,1,5,0,119.0
10110073MUNIZI_2026-03-06_G17,10110073MUNIZI,2026-03-06,141458,1,8,0,382.0
10110073MUNIZI_2026-03-06_G18,10110073MUNIZI,2026-03-06,111418,1,40,0,1061.0
10110073MUNIZI_2026-03-06_G19,10110073MUNIZI,2026-03-06,141457,1,43,0,335.0
10110073MUNIZI_2026-03-06_G20,10110073MUNIZI,2026-03-06,117855,1,30,0,3174.0
10110073MUNIZI_2026-03-06_G21,10110073MUNIZI,2026-03-06,141166,1,11,0,458.0
10110073MUNIZI_2026-03-06_G22,10110073MUNIZI,2026-03-06,117821,1,1,0,494.0
10110073MUNIZI_2026-03-06_G23,10110073MUNIZI,2026-03-06,111743,1,4,0,80.0
10110073MUNIZI_2026-03-06_G24,10110073MUNIZI,2026-03-06,108711,1,4,0,79.0
10110073MUNIZI_2026-03-06_G25,10110073MUNIZI,2026-03-06,142093,2,12,21,277.0
10110073MUNIZI_2026-03-06_G26,10110073MUNIZI,2026-03-06,111462,5,34,45,129.0
10110073MUNIZI_2026-03-06_G27,10110073MUNIZI,2026-03-06,117831,2,4,9,365.0
10110073MUNIZI_2026-03-06_G28,10110073MUNIZI,2026-03-06,111442,1,3,0,107.0
10110073MUNIZI_2026-03-06_G29,10110073MUNIZI,2026-03-06,141456,4,19,41,129.0
10110073MUNIZI_2026-03-06_G30,10110073MUNIZI,2026-03-06,111418,1,10,0,341.0
10110073MUNIZI_2026-03-07_G02,10110073MUNIZI,2026-03-07,111418,1,8,0,227.0
10110073MUNIZI_2026-03-07_G03,10110073MUNIZI,2026-03-07,111418,1,37,0,653.0
10110073MUNIZI_2026-03-07_G04,10110073MUNIZI,2026-03-07,111418,3,16,39,111.0
10110073MUNIZI_2026-03-07_G05,10110073MUNIZI,2026-03-07,111465,1,2,0,147.0
10110073MUNIZI_2026-03-07_G06,10110073MUNIZI,2026-03-07,118223,2,6,9,82.0
10110073MUNIZI_2026-03-07_G07,10110073MUNIZI,2026-03-07,111468,1,16,0,257.0
10110073MUNIZI_2026-03-07_G08,10110073MUNIZI,2026-03-07,109645,3,4,19,65.0
10110073MUNIZI_2026-03-07_G09,10110073MUNIZI,2026-03-07,141457,2,6,21,122.0
10110073MUNIZI_2026-03-07_G10,10110073MUNIZI,2026-03-07,110740,4,25,30,1354.0
10110073MUNIZI_2026-03-07_G11,10110073MUNIZI,2026-03-07,141823,1,5,0,273.0
10110073MUNIZI_2026-03-07_G12,10110073MUNIZI,2026-03-07,141458,1,4,0,151.0
10110073MUNIZI_2026-03-07_G13,10110073MUNIZI,2026-03-07,141458,1,6,0,147.0
10110073MUNIZI_2026-03-07_G14,10110073MUNIZI,2026-03-07,141458,2,4,19,32.0
10110073MUNIZI_2026-03-07_G15,10110073MUNIZI,2026-03-07,107236,3,6,26,122.0
10110073MUNIZI_2026-03-07_G16,10110073MUNIZI,2026-03-07,117821,1,2,0,413.0
10110073MUNIZI_2026-03-07_G17,10110073MUNIZI,2026-03-07,107236,1,1,0,136.0
10110073MUNIZI_2026-03-07_G19,10110073MUNIZI,2026-03-07,141456,1,16,0,224.0
10110073MUNIZI_2026-03-07_G20,10110073MUNIZI,2026-03-07,141456,1,2,0,42.0
10110073MUNIZI_2026-03-07_G21,10110073MUNIZI,2026-03-07,141457,1,8,0,109.0
10110073MUNIZI_2026-03-08_G02,10110073MUNIZI,2026-03-08,111444,1,2,0,38.0
10110073MUNIZI_2026-03-08_G03,10110073MUNIZI,2026-03-08,117785,5,22,46,372.0
10110073MUNIZI_2026-03-08_G04,10110073MUNIZI,2026-03-08,111743,2,6,13,249.0
10110073MUNIZI_2026-03-08_G05,10110073MUNIZI,2026-03-08,111330,1,1,0,104.0
10110073MUNIZI_2026-03-08_G06,10110073MUNIZI,2026-03-08,108711,2,5,8,67.0
10110073MUNIZI_2026-03-08_G07,10110073MUNIZI,2026-03-08,108795,1,2,0,110.0
10110073MUNIZI_2026-03-08_G08,10110073MUNIZI,2026-03-08,108795,1,2,0,37.0
10110073MUNIZI_2026-03-08_G09,10110073MUNIZI,2026-03-08,141271,1,8,0,234.0
10110073MUNIZI_2026-03-08_G10,10110073MUNIZI,2026-03-08,117831,1,10,0,155.0
10110073MUNIZI_2026-03-08_G11,10110073MUNIZI,2026-03-08,111463,1,1,0,87.0
10110073MUNIZI_2026-03-08_G12,10110073MUNIZI,2026-03-08,111418,2,8,10,93.0
10110073MUNIZI_2026-03-08_G13,10110073MUNIZI,2026-03-08,141271,1,4,0,254.0
10110073MUNIZI_2026-03-08_G14,10110073MUNIZI,2026-03-08,109645,1,2,0,108.0
10110073MUNIZI_2026-03-08_G15,10110073MUNIZI,2026-03-08,110740,2,4,6,143.0
10110073MUNIZI_2026-03-08_G16,10110073MUNIZI,2026-03-08,141458,2,5,15,762.0
10110073MUNIZI_2026-03-08_G17,10110073MUNIZI,2026-03-08,116241,1,4,0,254.0
10110073MUNIZI_2026-03-08_G18,10110073MUNIZI,2026-03-08,108795,1,4,0,106.0
10110073MUNIZI_2026-03-08_G19,10110073MUNIZI,2026-03-08,111462,2,4,7,55.0
10110073MUNIZI_2026-03-08_G20,10110073MUNIZI,2026-03-08,109641,1,4,0,299.0
10110073MUNIZI_2026-03-08_G21,10110073MUNIZI,2026-03-08,111463,1,2,0,77.0
10110073MUNIZI_2026-03-08_G22,10110073MUNIZI,2026-03-08,110740,1,2,0,96.0
10110073MUNIZI_2026-03-08_G23,10110073MUNIZI,2026-03-08,110740,1,2,0,40.0
10110073MUNIZI_2026-03-08_G24,10110073MUNIZI,2026-03-08,118299,3,22,26,145.0
10110073MUNIZI_2026-03-08_G25,10110073MUNIZI,2026-03-08,117808,1,3,0,1341.0
10110073MUNIZI_2026-03-08_G26,10110073MUNIZI,2026-03-08,117808,1,31,0,210.0
10110073MUNIZI_2026-03-08_G27,10110073MUNIZI,2026-03-08,110374,1,8,0,126.0
10110073MUNIZI_2026-03-08_G28,10110073MUNIZI,2026-03-08,117809,2,13,7,163.0
10110073MUNIZI_2026-03-08_G29,10110073MUNIZI,2026-03-08,117820,3,30,25,150.0
10110073MUNIZI_2026-03-08_G30,10110073MUNIZI,2026-03-08,110325,2,6,7,332.0
10110073MUNIZI_2026-03-08_G31,10110073MUNIZI,2026-03-08,141202,1,2,0,106.0
10110073MUNIZI_2026-03-08_G32,10110073MUNIZI,2026-03-08,110376,1,4,0,110.0
10110073MUNIZI_2026-03-08_G33,10110073MUNIZI,2026-03-08,110371,2,12,7,238.0
10110073MUNIZI_2026-03-08_G34,10110073MUNIZI,2026-03-08,109643,1,1,0,237.0
10110073MUNIZI_2026-03-08_G35,10110073MUNIZI,2026-03-08,110373,1,10,0,141.0
10110073MUNIZI_2026-03-08_G36,10110073MUNIZI,2026-03-08,110375,1,4,0,62.0
10110073MUNIZI_2026-03-08_G37,10110073MUNIZI,2026-03-08,110372,2,21,14,331.0
10110073MUNIZI_2026-03-08_G38,10110073MUNIZI,2026-03-08,110372,1,30,0,63.0
10110073MUNIZI_2026-03-08_G39,10110073MUNIZI,2026-03-08,118299,1,4,0,223.0
10110073MUNIZI_2026-03-08_G40,10110073MUNIZI,2026-03-08,117830,3,9,18,148.0
10110073MUNIZI_2026-03-09_G02,10110073MUNIZI,2026-03-09,111469,1,150,0,3010.0
10110073MUNIZI_2026-03-09_G03,10110073MUNIZI,2026-03-09,108794,1,10,0,525.0
10110073MUNIZI_2026-03-09_G04,10110073MUNIZI,2026-03-09,117785,1,3,0,86.0
10110073MUNIZI_2026-03-09_G05,10110073MUNIZI,2026-03-09,117833,1,4,0,138.0
10110073MUNIZI_2026-03-09_G06,10110073MUNIZI,2026-03-09,117821,1,5,0,126.0
10110073MUNIZI_2026-03-09_G07,10110073MUNIZI,2026-03-09,108711,1,11,0,395.0
10110073MUNIZI_2026-03-09_G08,10110073MUNIZI,2026-03-09,111463,1,20,0,166.0
10110073MUNIZI_2026-03-09_G09,10110073MUNIZI,2026-03-09,108798,1,1,0,96.0
10110073MUNIZI_2026-03-09_G10,10110073MUNIZI,2026-03-09,111468,1,5,0,91.0
10110073MUNIZI_2026-03-09_G11,10110073MUNIZI,2026-03-09,111443,1,1,0,66.0
10110073MUNIZI_2026-03-09_G12,10110073MUNIZI,2026-03-09,110740,1,6,0,93.0
10110073MUNIZI_2026-03-09_G13,10110073MUNIZI,2026-03-09,105705,1,3,0,82.0
10110073MUNIZI_2026-03-09_G14,10110073MUNIZI,2026-03-09,107236,1,4,0,396.0
10110073MUNIZI_2026-03-09_G15,10110073MUNIZI,2026-03-09,142093,1,56,0,1203.0
10110073MUNIZI_2026-03-09_G16,10110073MUNIZI,2026-03-09,140923,1,15,0,1789.0
10110073MUNIZI_2026-03-09_G17,10110073MUNIZI,2026-03-09,118094,1,6,0,131.0
10110073MUNIZI_2026-03-09_G18,10110073MUNIZI,2026-03-09,117862,1,2,0,104.0
10110073MUNIZI_2026-03-09_G19,10110073MUNIZI,2026-03-09,117855,1,18,0,1319.0
10110073MUNIZI_2026-03-09_G20,10110073MUNIZI,2026-03-09,117856,1,4,0,131.0
10110073MUNIZI_2026-03-09_G21,10110073MUNIZI,2026-03-09,141352,1,4,0,143.0
10110073MUNIZI_2026-03-09_G22,10110073MUNIZI,2026-03-09,110339,1,8,0,231.0
10110073MUNIZI_2026-03-09_G24,10110073MUNIZI,2026-03-09,111438,1,40,0,439.0
10110073MUNIZI_2026-03-09_G25,10110073MUNIZI,2026-03-09,118306,1,12,0,443.0
10110073MUNIZI_2026-03-09_G27,10110073MUNIZI,2026-03-09,110313,1,2,0,714.0
10110073MUNIZI_2026-03-09_G28,10110073MUNIZI,2026-03-09,140923,1,9,0,165.0
10110073MUNIZI_2026-03-09_G29,10110073MUNIZI,2026-03-09,118094,2,12,12,79.0
10110073MUNIZI_2026-03-09_G30,10110073MUNIZI,2026-03-09,109647,1,4,0,212.0
10110073MUNIZI_2026-03-09_G31,10110073MUNIZI,2026-03-09,117862,1,2,0,66.0
10110073MUNIZI_2026-03-09_G32,10110073MUNIZI,2026-03-09,117855,2,19,9,160.0
10110073MUNIZI_2026-03-09_G33,10110073MUNIZI,2026-03-09,117855,1,20,0,133.0
10110073MUNIZI_2026-03-09_G34,10110073MUNIZI,2026-03-09,111602,1,4,0,847.0
10110073MUNIZI_2026-03-09_G35,10110073MUNIZI,2026-03-09,110733,1,2,0,49.0
10110073MUNIZI_2026-03-09_G36,10110073MUNIZI,2026-03-09,141047,2,18,8,237.0
10110073MUNIZI_2026-03-09_G37,10110073MUNIZI,2026-03-09,117861,1,2,0,93.0
10110073MUNIZI_2026-03-09_G38,10110073MUNIZI,2026-03-09,110339,2,8,9,136.0
10110073MUNIZI_2026-03-10_G02,10110073MUNIZI,2026-03-10,110751,1,4,0,560.0
10110073MUNIZI_2026-03-10_G03,10110073MUNIZI,2026-03-10,117821,1,9,0,120.0
10110073MUNIZI_2026-03-10_G04,10110073MUNIZI,2026-03-10,142093,1,1,0,94.0
10110073MUNIZI_2026-03-10_G05,10110073MUNIZI,2026-03-10,142093,2,26,7,127.0
10110073MUNIZI_2026-03-10_G06,10110073MUNIZI,2026-03-10,117831,2,10,10,269.0
10110073MUNIZI_2026-03-10_G07,10110073MUNIZI,2026-03-10,105705,1,3,0,460.0
10110073MUNIZI_2026-03-10_G08,10110073MUNIZI,2026-03-10,141458,2,11,25,125.0
10110073MUNIZI_2026-03-10_G09,10110073MUNIZI,2026-03-10,109641,1,8,0,380.0
10110073MUNIZI_2026-03-10_G10,10110073MUNIZI,2026-03-10,110740,1,8,0,40.0
10110073MUNIZI_2026-03-10_G11,10110073MUNIZI,2026-03-10,110740,1,4,0,72.0
10110073MUNIZI_2026-03-10_G13,10110073MUNIZI,2026-03-10,117785,1,12,0,369.0
10110073MUNIZI_2026-03-10_G14,10110073MUNIZI,2026-03-10,142080,1,4,0,214.0
10110073MUNIZI_2026-03-10_G15,10110073MUNIZI,2026-03-10,109645,1,4,0,97.0
10110073MUNIZI_2026-03-10_G16,10110073MUNIZI,2026-03-10,110740,1,20,0,576.0
10110073MUNIZI_2026-03-10_G17,10110073MUNIZI,2026-03-10,105705,1,4,0,107.0
10110073MUNIZI_2026-03-10_G18,10110073MUNIZI,2026-03-10,111469,1,26,0,589.0
10110073MUNIZI_2026-03-10_G19,10110073MUNIZI,2026-03-10,111469,1,28,0,313.0
10110073MUNIZI_2026-03-11_G02,10110073MUNIZI,2026-03-11,140922,1,40,0,559.0
10110073MUNIZI_2026-03-11_G03,10110073MUNIZI,2026-03-11,111348,1,4,0,128.0
10110073MUNIZI_2026-03-11_G04,10110073MUNIZI,2026-03-11,108794,1,14,0,225.0
10110073MUNIZI_2026-03-11_G05,10110073MUNIZI,2026-03-11,111462,1,19,0,183.0
10110073MUNIZI_2026-03-11_G06,10110073MUNIZI,2026-03-11,117833,1,2,0,95.0
10110073MUNIZI_2026-03-11_G07,10110073MUNIZI,2026-03-11,117821,1,39,0,1304.0
10110073MUNIZI_2026-03-11_G08,10110073MUNIZI,2026-03-11,108795,1,1,0,113.0
10110073MUNIZI_2026-03-11_G09,10110073MUNIZI,2026-03-11,111743,1,3,0,89.0
10110073MUNIZI_2026-03-11_G10,10110073MUNIZI,2026-03-11,142080,1,1,0,424.0
10110073MUNIZI_2026-03-11_G11,10110073MUNIZI,2026-03-11,109641,1,4,0,191.0
10110073MUNIZI_2026-03-11_G12,10110073MUNIZI,2026-03-11,117831,1,42,0,430.0
10110073MUNIZI_2026-03-11_G13,10110073MUNIZI,2026-03-11,111442,1,2,0,266.0
10110073MUNIZI_2026-03-11_G14,10110073MUNIZI,2026-03-11,118223,1,7,0,148.0
10110073MUNIZI_2026-03-11_G15,10110073MUNIZI,2026-03-11,109645,1,10,0,273.0
10110073MUNIZI_2026-03-11_G16,10110073MUNIZI,2026-03-11,141823,1,2,0,116.0
10110073MUNIZI_2026-03-11_G17,10110073MUNIZI,2026-03-11,141458,1,63,0,929.0
10110073MUNIZI_2026-03-11_G18,10110073MUNIZI,2026-03-11,142093,1,47,0,1051.0
10110073MUNIZI_2026-03-12_G02,10110073MUNIZI,2026-03-12,140922,2,8,7,462.0
10110073MUNIZI_2026-03-12_G03,10110073MUNIZI,2026-03-12,111348,2,10,6,168.0
10110073MUNIZI_2026-03-12_G04,10110073MUNIZI,2026-03-12,108794,2,8,7,112.0
10110073MUNIZI_2026-03-12_G05,10110073MUNIZI,2026-03-12,117785,2,20,9,226.0
10110073MUNIZI_2026-03-12_G06,10110073MUNIZI,2026-03-12,111462,2,16,26,346.0
10110073MUNIZI_2026-03-12_G07,10110073MUNIZI,2026-03-12,110743,1,2,0,61.0
10110073MUNIZI_2026-03-12_G08,10110073MUNIZI,2026-03-12,111743,2,9,14,165.0
10110073MUNIZI_2026-03-12_G09,10110073MUNIZI,2026-03-12,110332,1,1,0,127.0
10110073MUNIZI_2026-03-12_G10,10110073MUNIZI,2026-03-12,111442,3,4,26,188.0
10110073MUNIZI_2026-03-12_G11,10110073MUNIZI,2026-03-12,110787,2,10,9,112.0
10110073MUNIZI_2026-03-12_G12,10110073MUNIZI,2026-03-12,111418,1,2,0,171.0
10110073MUNIZI_2026-03-12_G13,10110073MUNIZI,2026-03-12,111465,1,3,0,156.0
10110073MUNIZI_2026-03-12_G14,10110073MUNIZI,2026-03-12,"111463, 109645",2,7,21,752.0
10110073MUNIZI_2026-03-12_G15,10110073MUNIZI,2026-03-12,117787,1,8,0,189.0
10110073MUNIZI_2026-03-12_G16,10110073MUNIZI,2026-03-12,105705,2,12,7,67.0
10110073MUNIZI_2026-03-12_G17,10110073MUNIZI,2026-03-12,141458,1,5,0,346.0
10110073MUNIZI_2026-03-12_G18,10110073MUNIZI,2026-03-12,110373,1,6,0,283.0
10110073MUNIZI_2026-03-12_G19,10110073MUNIZI,2026-03-12,142093,1,18,0,570.0
10110073MUNIZI_2026-03-12_G20,10110073MUNIZI,2026-03-12,110372,1,3,0,818.0
10110073MUNIZI_2026-03-12_G21,10110073MUNIZI,2026-03-12,111441,2,2,23,630.0
10110073MUNIZI_2026-03-12_G22,10110073MUNIZI,2026-03-12,111775,1,1,0,671.0
10110073MUNIZI_2026-03-12_G23,10110073MUNIZI,2026-03-12,111660,1,1,0,263.0
10110073MUNIZI_2026-03-12_G24,10110073MUNIZI,2026-03-12,111438,1,1,0,195.0
10110073MUNIZI_2026-03-12_G25,10110073MUNIZI,2026-03-12,142045,1,28,0,761.0
10110073MUNIZI_2026-03-12_G26,10110073MUNIZI,2026-03-12,111793,1,3,0,1878.0
10110073MUNIZI_2026-03-12_G27,10110073MUNIZI,2026-03-12,111112,1,1,0,234.0
10110073MUNIZI_2026-03-12_G28,10110073MUNIZI,2026-03-12,109647,1,1,0,266.0
10110073MUNIZI_2026-03-12_G29,10110073MUNIZI,2026-03-12,118322,1,1,0,60.0
10110073MUNIZI_2026-03-12_G30,10110073MUNIZI,2026-03-12,110733,4,17,32,136.0
10110073MUNIZI_2026-03-12_G31,10110073MUNIZI,2026-03-12,117862,1,3,0,309.0
10110073MUNIZI_2026-03-12_G32,10110073MUNIZI,2026-03-12,117855,1,6,0,81.0
10110073MUNIZI_2026-03-12_G33,10110073MUNIZI,2026-03-12,111602,3,18,16,206.0
10110073MUNIZI_2026-03-12_G34,10110073MUNIZI,2026-03-12,117856,3,12,16,173.0
10110073MUNIZI_2026-03-12_G35,10110073MUNIZI,2026-03-12,117856,1,6,0,117.0
10110073MUNIZI_2026-03-12_G36,10110073MUNIZI,2026-03-12,141047,1,4,0,128.0
10110073MUNIZI_2026-03-12_G37,10110073MUNIZI,2026-03-12,110339,1,8,0,515.0
10110073MUNIZI_2026-03-12_G38,10110073MUNIZI,2026-03-12,141066,1,2,0,80.0
10110073MUNIZI_2026-03-12_G39,10110073MUNIZI,2026-03-12,111467,2,8,10,106.0
10110073MUNIZI_2026-03-12_G40,10110073MUNIZI,2026-03-12,110372,1,8,0,384.0
10110073MUNIZI_2026-03-12_G42,10110073MUNIZI,2026-03-12,141261,1,12,0,221.0
10110073MUNIZI_2026-03-12_G43,10110073MUNIZI,2026-03-12,110740,1,2,0,1098.0
10110073MUNIZI_2026-03-12_G44,10110073MUNIZI,2026-03-12,140922,1,2,0,70.0
10110073MUNIZI_2026-03-12_G45,10110073MUNIZI,2026-03-12,141271,1,4,0,315.0
10110073MUNIZI_2026-03-12_G46,10110073MUNIZI,2026-03-12,111418,1,33,0,508.0
10110073MUNIZI_2026-03-12_G47,10110073MUNIZI,2026-03-12,111469,2,16,12,110.0
10110073MUNIZI_2026-03-12_G48,10110073MUNIZI,2026-03-12,142093,2,17,6,374.0
10110073MUNIZI_2026-03-12_G49,10110073MUNIZI,2026-03-12,117862,1,6,0,318.0
10110073MUNIZI_2026-03-12_G50,10110073MUNIZI,2026-03-12,117855,2,10,10,595.0
10110073MUNIZI_2026-03-12_G51,10110073MUNIZI,2026-03-12,111569,1,2,0,360.0
10110073MUNIZI_2026-03-12_G52,10110073MUNIZI,2026-03-12,110372,1,2,0,106.0
10110073MUNIZI_2026-03-12_G53,10110073MUNIZI,2026-03-12,140922,1,2,0,629.0
10110073MUNIZI_2026-03-12_G54,10110073MUNIZI,2026-03-12,142093,2,15,8,171.0
10110073MUNIZI_2026-03-12_G55,10110073MUNIZI,2026-03-12,111462,1,2,0,311.0
10110073MUNIZI_2026-03-12_G56,10110073MUNIZI,2026-03-12,111418,1,20,0,279.0
10110073MUNIZI_2026-03-12_G57,10110073MUNIZI,2026-03-12,111469,2,10,9,87.0
10110073MUNIZI_2026-03-12_G58,10110073MUNIZI,2026-03-12,110747,1,2,0,195.0
10110073MUNIZI_2026-03-12_G59,10110073MUNIZI,2026-03-12,117855,1,2,0,68.0
10110073MUNIZI_2026-03-12_G60,10110073MUNIZI,2026-03-12,117785,1,29,0,1274.0
10110073MUNIZI_2026-03-12_G61,10110073MUNIZI,2026-03-12,111462,2,20,11,216.0
10110073MUNIZI_2026-03-12_G62,10110073MUNIZI,2026-03-12,117833,1,1,0,105.0
10110073MUNIZI_2026-03-12_G63,10110073MUNIZI,2026-03-12,110751,1,4,0,89.0
10110073MUNIZI_2026-03-12_G64,10110073MUNIZI,2026-03-12,117821,1,2,0,92.0
10110073MUNIZI_2026-03-12_G65,10110073MUNIZI,2026-03-12,110743,1,2,0,43.0
10110073MUNIZI_2026-03-12_G66,10110073MUNIZI,2026-03-12,142093,1,14,0,266.0
10110073MUNIZI_2026-03-13_G02,10110073MUNIZI,2026-03-13,118223,1,4,0,168.0
10110073MUNIZI_2026-03-13_G03,10110073MUNIZI,2026-03-13,141823,1,3,0,128.0
10110073MUNIZI_2026-03-13_G04,10110073MUNIZI,2026-03-13,111469,2,3,12,142.0
10110073MUNIZI_2026-03-13_G05,10110073MUNIZI,2026-03-13,141458,1,38,0,351.0
10110073MUNIZI_2026-03-13_G06,10110073MUNIZI,2026-03-13,111418,1,59,0,987.0
10110073MUNIZI_2026-03-13_G07,10110073MUNIZI,2026-03-13,109933,1,4,0,378.0
10110073MUNIZI_2026-03-13_G08,10110073MUNIZI,2026-03-13,111445,1,12,0,311.0
10110073MUNIZI_2026-03-13_G09,10110073MUNIZI,2026-03-13,100334,1,2,0,159.0
10110073MUNIZI_2026-03-13_G10,10110073MUNIZI,2026-03-13,141916,1,2,0,114.0
10110073MUNIZI_2026-03-13_G11,10110073MUNIZI,2026-03-13,110740,1,2,0,697.0
10110073MUNIZI_2026-03-13_G12,10110073MUNIZI,2026-03-13,140922,2,11,10,119.0
10110073MUNIZI_2026-03-13_G13,10110073MUNIZI,2026-03-13,"111348, 108794",2,10,29,297.0
10110073MUNIZI_2026-03-13_G14,10110073MUNIZI,2026-03-13,117785,4,33,38,212.0
10110073MUNIZI_2026-03-13_G15,10110073MUNIZI,2026-03-13,111462,1,3,0,228.0
10110073MUNIZI_2026-03-13_G16,10110073MUNIZI,2026-03-13,111462,1,12,0,157.0
10110073MUNIZI_2026-03-13_G17,10110073MUNIZI,2026-03-13,117833,1,7,0,107.0
10110073MUNIZI_2026-03-13_G18,10110073MUNIZI,2026-03-13,117821,1,6,0,814.0
10110073MUNIZI_2026-03-13_G19,10110073MUNIZI,2026-03-13,110743,1,2,0,74.0
10110073MUNIZI_2026-03-13_G20,10110073MUNIZI,2026-03-13,110743,1,4,0,364.0
10110073MUNIZI_2026-03-13_G21,10110073MUNIZI,2026-03-13,142093,1,6,0,122.0
10110073MUNIZI_2026-03-13_G22,10110073MUNIZI,2026-03-13,117831,1,8,0,108.0
10110073MUNIZI_2026-03-13_G23,10110073MUNIZI,2026-03-13,111466,2,8,8,98.0
10110073MUNIZI_2026-03-13_G24,10110073MUNIZI,2026-03-13,111418,3,34,35,254.0
10110073MUNIZI_2026-03-13_G25,10110073MUNIZI,2026-03-13,118223,1,1,0,770.0
10110073MUNIZI_2026-03-13_G26,10110073MUNIZI,2026-03-13,109645,1,10,0,99.0
10110073MUNIZI_2026-03-13_G27,10110073MUNIZI,2026-03-13,141823,1,1,0,110.0
10110073MUNIZI_2026-03-13_G28,10110073MUNIZI,2026-03-13,105705,1,4,0,90.0
10110073MUNIZI_2026-03-13_G29,10110073MUNIZI,2026-03-13,111469,1,10,0,724.0
10110073MUNIZI_2026-03-13_G30,10110073MUNIZI,2026-03-13,141458,1,4,0,109.0
10110073MUNIZI_2026-03-13_G31,10110073MUNIZI,2026-03-13,141457,1,9,0,178.0
10110073MUNIZI_2026-03-13_G32,10110073MUNIZI,2026-03-13,117830,1,8,0,1439.0
10110073MUNIZI_2026-03-13_G34,10110073MUNIZI,2026-03-13,118350,1,4,0,1146.0
10110073MUNIZI_2026-03-14_G02,10110073MUNIZI,2026-03-14,105705,1,40,0,320.0
10110073MUNIZI_2026-03-14_G03,10110073MUNIZI,2026-03-14,109647,1,10,0,479.0
10110073MUNIZI_2026-03-14_G04,10110073MUNIZI,2026-03-14,140922,1,2,0,1484.0
10110073MUNIZI_2026-03-14_G05,10110073MUNIZI,2026-03-14,111348,1,6,0,209.0
10110073MUNIZI_2026-03-14_G06,10110073MUNIZI,2026-03-14,111462,1,22,0,532.0
10110073MUNIZI_2026-03-14_G07,10110073MUNIZI,2026-03-14,117833,1,24,0,492.0
10110073MUNIZI_2026-03-14_G08,10110073MUNIZI,2026-03-14,110743,1,8,0,268.0
10110073MUNIZI_2026-03-14_G09,10110073MUNIZI,2026-03-14,111743,1,16,0,438.0
10110073MUNIZI_2026-03-14_G10,10110073MUNIZI,2026-03-14,142080,1,4,0,321.0
10110073MUNIZI_2026-03-14_G11,10110073MUNIZI,2026-03-14,142093,1,6,0,519.0
10110073MUNIZI_2026-03-14_G12,10110073MUNIZI,2026-03-14,117831,1,40,0,1249.0
10110073MUNIZI_2026-03-14_G13,10110073MUNIZI,2026-03-14,111442,1,20,0,418.0
10110073MUNIZI_2026-03-14_G14,10110073MUNIZI,2026-03-14,108798,1,8,0,435.0
10110073MUNIZI_2026-03-14_G15,10110073MUNIZI,2026-03-14,111418,1,50,0,175.0
10110073MUNIZI_2026-03-14_G16,10110073MUNIZI,2026-03-14,109645,1,8,0,230.0
10110073MUNIZI_2026-03-14_G17,10110073MUNIZI,2026-03-14,111431,1,8,0,155.0
10110073MUNIZI_2026-03-14_G18,10110073MUNIZI,2026-03-14,141823,1,12,0,1090.0
10110073MUNIZI_2026-03-15_G02,10110073MUNIZI,2026-03-15,118317,1,8,0,290.0
10110073MUNIZI_2026-03-15_G03,10110073MUNIZI,2026-03-15,111438,1,17,0,198.0
10110073MUNIZI_2026-03-15_G05,10110073MUNIZI,2026-03-15,111435,1,12,0,971.0
10110073MUNIZI_2026-03-15_G06,10110073MUNIZI,2026-03-15,118317,1,2,0,869.0
10110073MUNIZI_2026-03-15_G07,10110073MUNIZI,2026-03-15,117831,1,8,0,194.0
10110073MUNIZI_2026-03-15_G08,10110073MUNIZI,2026-03-15,111466,1,6,0,732.0
10110073MUNIZI_2026-03-15_G09,10110073MUNIZI,2026-03-15,111530,1,22,0,706.0
10110073MUNIZI_2026-03-16_G02,10110073MUNIZI,2026-03-16,110375,1,2,0,299.0
10110073MUNIZI_2026-03-16_G03,10110073MUNIZI,2026-03-16,110371,1,20,0,228.0
10110073MUNIZI_2026-03-16_G04,10110073MUNIZI,2026-03-16,110751,1,4,0,143.0
10110073MUNIZI_2026-03-16_G05,10110073MUNIZI,2026-03-16,110741,1,4,0,122.0
10110073MUNIZI_2026-03-16_G06,10110073MUNIZI,2026-03-16,109640,1,14,0,777.0
10110073MUNIZI_2026-03-16_G07,10110073MUNIZI,2026-03-16,111466,1,12,0,1975.0
10110073MUNIZI_2026-03-16_G08,10110073MUNIZI,2026-03-16,111759,1,12,0,1319.0
10110073MUNIZI_2026-03-16_G09,10110073MUNIZI,2026-03-16,"118191, 111530",2,32,29,567.0
10110073MUNIZI_2026-03-16_G11,10110073MUNIZI,2026-03-16,111462,1,40,0,646.0
10110073MUNIZI_2026-03-16_G12,10110073MUNIZI,2026-03-16,142093,1,50,0,584.0
10110073MUNIZI_2026-03-16_G13,10110073MUNIZI,2026-03-16,141271,1,17,0,512.0
10110073MUNIZI_2026-03-16_G14,10110073MUNIZI,2026-03-16,107236,1,12,0,1077.0
10110073MUNIZI_2026-03-16_G15,10110073MUNIZI,2026-03-16,111442,1,16,0,609.0
10110073MUNIZI_2026-03-16_G16,10110073MUNIZI,2026-03-16,111435,1,12,0,182.0
10110073MUNIZI_2026-03-16_G17,10110073MUNIZI,2026-03-16,111469,1,25,0,270.0
10110073MUNIZI_2026-03-16_G18,10110073MUNIZI,2026-03-16,117809,1,28,0,580.0
10110073MUNIZI_2026-03-16_G19,10110073MUNIZI,2026-03-16,109643,1,16,0,243.0
10110073MUNIZI_2026-03-16_G20,10110073MUNIZI,2026-03-16,117820,1,200,0,2453.0
10110073MUNIZI_2026-03-16_G21,10110073MUNIZI,2026-03-16,110373,1,100,0,846.0
10110073MUNIZI_2026-03-16_G22,10110073MUNIZI,2026-03-16,110372,1,150,0,864.0
10110073MUNIZI_2026-03-17_G02,10110073MUNIZI,2026-03-17,111418,1,116,0,883.0
10110073MUNIZI_2026-03-17_G03,10110073MUNIZI,2026-03-17,110371,1,50,0,571.0
10110073MUNIZI_2026-03-17_G04,10110073MUNIZI,2026-03-17,118299,1,710,0,1743.0
10110073MUNIZI_2026-03-17_G05,10110073MUNIZI,2026-03-17,111465,1,4,0,867.0
10110073MUNIZI_2026-03-17_G06,10110073MUNIZI,2026-03-17,140922,1,4,0,177.0
10110073MUNIZI_2026-03-17_G07,10110073MUNIZI,2026-03-17,117785,1,2,0,87.0
10110073MUNIZI_2026-03-17_G08,10110073MUNIZI,2026-03-17,111466,1,17,0,303.0
10110073MUNIZI_2026-03-17_G09,10110073MUNIZI,2026-03-17,141271,1,6,0,110.0
10110073MUNIZI_2026-03-17_G10,10110073MUNIZI,2026-03-17,107236,1,2,0,71.0
10110073MUNIZI_2026-03-17_G11,10110073MUNIZI,2026-03-17,111418,1,10,0,236.0
10110073MUNIZI_2026-03-17_G12,10110073MUNIZI,2026-03-17,110129,1,6,0,89.0
10110073MUNIZI_2026-03-17_G13,10110073MUNIZI,2026-03-17,111469,1,2,0,63.0
10110073MUNIZI_2026-03-17_G14,10110073MUNIZI,2026-03-17,117809,1,3,0,261.0
10110073MUNIZI_2026-03-17_G15,10110073MUNIZI,2026-03-17,109643,1,4,0,109.0
10110073MUNIZI_2026-03-17_G16,10110073MUNIZI,2026-03-17,117808,1,8,0,80.0
10110073MUNIZI_2026-03-17_G17,10110073MUNIZI,2026-03-17,110373,1,11,0,171.0
10110073MUNIZI_2026-03-17_G18,10110073MUNIZI,2026-03-17,142093,1,200,0,3172.0
10110073MUNIZI_2026-03-17_G20,10110073MUNIZI,2026-03-17,111465,2,17,10,249.0
10110073MUNIZI_2026-03-17_G21,10110073MUNIZI,2026-03-17,117838,1,2,0,233.0
10110073MUNIZI_2026-03-17_G22,10110073MUNIZI,2026-03-17,111444,1,1,0,189.0
10110073MUNIZI_2026-03-17_G23,10110073MUNIZI,2026-03-17,118317,1,30,0,391.0
10110073MUNIZI_2026-03-17_G24,10110073MUNIZI,2026-03-17,140922,1,8,0,88.0
10110073MUNIZI_2026-03-17_G25,10110073MUNIZI,2026-03-17,117842,1,4,0,298.0
10110073MUNIZI_2026-03-17_G26,10110073MUNIZI,2026-03-17,117842,1,2,0,55.0
10110073MUNIZI_2026-03-17_G27,10110073MUNIZI,2026-03-17,111348,1,4,0,208.0
10110073MUNIZI_2026-03-17_G28,10110073MUNIZI,2026-03-17,108794,1,4,0,71.0
10110073MUNIZI_2026-03-17_G29,10110073MUNIZI,2026-03-17,111532,1,8,0,1431.0
10110073MUNIZI_2026-03-17_G30,10110073MUNIZI,2026-03-17,117785,2,5,8,65.0
10110073MUNIZI_2026-03-17_G31,10110073MUNIZI,2026-03-17,111462,2,5,12,132.0
10110073MUNIZI_2026-03-17_G32,10110073MUNIZI,2026-03-17,117833,3,7,15,111.0
10110073MUNIZI_2026-03-17_G33,10110073MUNIZI,2026-03-17,110751,2,3,6,100.0
10110073MUNIZI_2026-03-17_G34,10110073MUNIZI,2026-03-17,110751,1,11,0,113.0
10110073MUNIZI_2026-03-17_G35,10110073MUNIZI,2026-03-17,117821,1,4,0,120.0
10110073MUNIZI_2026-03-17_G36,10110073MUNIZI,2026-03-17,110743,1,4,0,108.0
10110073MUNIZI_2026-03-17_G37,10110073MUNIZI,2026-03-17,111418,3,22,34,170.0
10110073MUNIZI_2026-03-17_G38,10110073MUNIZI,2026-03-17,116241,1,4,0,1297.0
10110073MUNIZI_2026-03-17_G39,10110073MUNIZI,2026-03-17,108795,1,6,0,362.0
10110073MUNIZI_2026-03-17_G40,10110073MUNIZI,2026-03-17,109649,3,12,17,134.0
10110073MUNIZI_2026-03-17_G41,10110073MUNIZI,2026-03-17,111743,2,3,6,182.0
10110073MUNIZI_2026-03-17_G42,10110073MUNIZI,2026-03-17,142093,5,8,25,203.0
10110073MUNIZI_2026-03-17_G43,10110073MUNIZI,2026-03-17,141271,2,8,6,171.0
10110073MUNIZI_2026-03-17_G44,10110073MUNIZI,2026-03-17,109641,2,8,9,220.0
10110073MUNIZI_2026-03-17_G45,10110073MUNIZI,2026-03-17,117831,3,10,34,177.0
10110073MUNIZI_2026-03-17_G46,10110073MUNIZI,2026-03-17,107236,1,2,0,98.0
10110073MUNIZI_2026-03-17_G47,10110073MUNIZI,2026-03-17,107236,1,2,0,50.0
10110073MUNIZI_2026-03-17_G48,10110073MUNIZI,2026-03-17,107236,1,4,0,152.0
10110073MUNIZI_2026-03-17_G49,10110073MUNIZI,2026-03-17,111442,1,2,0,604.0
10110073MUNIZI_2026-03-17_G50,10110073MUNIZI,2026-03-17,111466,1,12,0,546.0
10110073MUNIZI_2026-03-18_G02,10110073MUNIZI,2026-03-18,111469,1,4,0,92.0
10110073MUNIZI_2026-03-18_G03,10110073MUNIZI,2026-03-18,111466,1,12,0,84.0
10110073MUNIZI_2026-03-18_G04,10110073MUNIZI,2026-03-18,111466,1,20,0,400.0
10110073MUNIZI_2026-03-18_G05,10110073MUNIZI,2026-03-18,111466,1,60,0,415.0
10110073MUNIZI_2026-03-18_G06,10110073MUNIZI,2026-03-18,140922,1,20,0,256.0
10110073MUNIZI_2026-03-18_G07,10110073MUNIZI,2026-03-18,117809,1,8,0,1274.0
10110073MUNIZI_2026-03-18_G08,10110073MUNIZI,2026-03-18,109643,2,12,6,136.0
10110073MUNIZI_2026-03-18_G09,10110073MUNIZI,2026-03-18,117820,1,5,0,105.0
10110073MUNIZI_2026-03-18_G10,10110073MUNIZI,2026-03-18,118299,1,35,0,335.0
10110073MUNIZI_2026-03-18_G11,10110073MUNIZI,2026-03-18,110371,1,11,0,171.0
10110073MUNIZI_2026-03-18_G12,10110073MUNIZI,2026-03-18,140923,1,6,0,253.0
10110073MUNIZI_2026-03-18_G13,10110073MUNIZI,2026-03-18,117855,1,6,0,384.0
10110073MUNIZI_2026-03-18_G14,10110073MUNIZI,2026-03-18,109640,1,16,0,1284.0
10110073MUNIZI_2026-03-18_G15,10110073MUNIZI,2026-03-18,117808,1,150,0,684.0
10110073MUNIZI_2026-03-18_G17,10110073MUNIZI,2026-03-18,111442,1,2,0,77.0
10110073MUNIZI_2026-03-18_G18,10110073MUNIZI,2026-03-18,111469,1,4,0,236.0
10110073MUNIZI_2026-03-18_G19,10110073MUNIZI,2026-03-18,141458,1,3,0,97.0
10110073MUNIZI_2026-03-18_G20,10110073MUNIZI,2026-03-18,110741,1,4,0,457.0
10110073MUNIZI_2026-03-18_G21,10110073MUNIZI,2026-03-18,117855,1,10,0,330.0
10110073MUNIZI_2026-03-18_G22,10110073MUNIZI,2026-03-18,117856,1,1,0,1070.0
10110073MUNIZI_2026-03-18_G23,10110073MUNIZI,2026-03-18,117808,1,16,0,1027.0
10110073MUNIZI_2026-03-18_G24,10110073MUNIZI,2026-03-18,110372,1,22,0,243.0
10110073MUNIZI_2026-03-18_G25,10110073MUNIZI,2026-03-18,141202,1,4,0,104.0
10110073MUNIZI_2026-03-18_G26,10110073MUNIZI,2026-03-18,118299,1,20,0,196.0
10110073MUNIZI_2026-03-18_G27,10110073MUNIZI,2026-03-18,110371,1,2,0,82.0
10110073MUNIZI_2026-03-18_G28,10110073MUNIZI,2026-03-18,117785,1,11,0,281.0
10110073MUNIZI_2026-03-18_G29,10110073MUNIZI,2026-03-18,111418,1,20,0,173.0
10110073MUNIZI_2026-03-18_G30,10110073MUNIZI,2026-03-18,110313,1,6,0,150.0
10110073MUNIZI_2026-03-18_G31,10110073MUNIZI,2026-03-18,110741,1,2,0,115.0
10110073MUNIZI_2026-03-18_G32,10110073MUNIZI,2026-03-18,141916,1,7,0,382.0
10110073MUNIZI_2026-03-18_G33,10110073MUNIZI,2026-03-18,110313,1,4,0,121.0
10110073MUNIZI_2026-03-18_G34,10110073MUNIZI,2026-03-18,140923,1,6,0,90.0
10110073MUNIZI_2026-03-18_G35,10110073MUNIZI,2026-03-18,110741,1,2,0,80.0
10110073MUNIZI_2026-03-18_G36,10110073MUNIZI,2026-03-18,117855,1,4,0,260.0
10110073MUNIZI_2026-03-18_G37,10110073MUNIZI,2026-03-18,111530,1,10,0,270.0
10110073MUNIZI_2026-03-18_G38,10110073MUNIZI,2026-03-18,117856,1,4,0,93.0
10110073MUNIZI_2026-03-18_G39,10110073MUNIZI,2026-03-18,111467,1,2,0,125.0
10110073MUNIZI_2026-03-18_G40,10110073MUNIZI,2026-03-18,141916,1,4,0,166.0
10110073MUNIZI_2026-03-18_G41,10110073MUNIZI,2026-03-18,117808,1,7,0,629.0
10110073MUNIZI_2026-03-18_G42,10110073MUNIZI,2026-03-18,117820,1,5,0,100.0
10110073MUNIZI_2026-03-18_G43,10110073MUNIZI,2026-03-18,110373,1,5,0,139.0
10110073MUNIZI_2026-03-18_G44,10110073MUNIZI,2026-03-18,110372,1,8,0,151.0
10110073MUNIZI_2026-03-18_G45,10110073MUNIZI,2026-03-18,117830,1,6,0,151.0
10110073MUNIZI_2026-03-18_G46,10110073MUNIZI,2026-03-18,117838,1,2,0,259.0
10110073MUNIZI_2026-03-18_G47,10110073MUNIZI,2026-03-18,117785,1,4,0,185.0
10110073MUNIZI_2026-03-18_G48,10110073MUNIZI,2026-03-18,111442,1,2,0,193.0
10110073MUNIZI_2026-03-18_G49,10110073MUNIZI,2026-03-18,111469,1,8,0,128.0
10110073MUNIZI_2026-03-18_G50,10110073MUNIZI,2026-03-18,141458,1,4,0,111.0
10110073MUNIZI_2026-03-19_G02,10110073MUNIZI,2026-03-19,118299,1,570,0,2329.0
10110073MUNIZI_2026-03-19_G04,10110073MUNIZI,2026-03-19,118330,1,5,0,864.0
10110073MUNIZI_2026-03-19_G05,10110073MUNIZI,2026-03-19,141458,1,40,0,1229.0
10110073MUNIZI_2026-03-19_G06,10110073MUNIZI,2026-03-19,141035,1,3,0,542.0
10110073MUNIZI_2026-03-19_G07,10110073MUNIZI,2026-03-19,117853,1,10,0,239.0
10110073MUNIZI_2026-03-19_G08,10110073MUNIZI,2026-03-19,117785,1,100,0,543.0
10110073MUNIZI_2026-03-19_G09,10110073MUNIZI,2026-03-19,111418,1,230,0,929.0
10110073MUNIZI_2026-03-19_G10,10110073MUNIZI,2026-03-19,111468,1,134,0,1747.0
10110073MUNIZI_2026-03-19_G11,10110073MUNIZI,2026-03-19,111433,1,7,0,141.0
10110073MUNIZI_2026-03-19_G12,10110073MUNIZI,2026-03-19,117820,1,310,0,2771.0
10110073MUNIZI_2026-03-20_G02,10110073MUNIZI,2026-03-20,110374,1,200,0,853.0
10110073MUNIZI_2026-03-20_G03,10110073MUNIZI,2026-03-20,110373,1,68,0,1272.0
10110073MUNIZI_2026-03-20_G04,10110073MUNIZI,2026-03-20,110372,1,300,0,1644.0
10110073MUNIZI_2026-03-20_G05,10110073MUNIZI,2026-03-20,110372,1,40,0,386.0
10110073MUNIZI_2026-03-20_G06,10110073MUNIZI,2026-03-20,110373,1,42,0,423.0
10110073MUNIZI_2026-03-20_G07,10110073MUNIZI,2026-03-20,110373,1,40,0,262.0
10110073MUNIZI_2026-03-20_G09,10110073MUNIZI,2026-03-20,117855,1,4,0,72.0
10110073MUNIZI_2026-03-20_G10,10110073MUNIZI,2026-03-20,110339,1,4,0,88.0
10110073MUNIZI_2026-03-20_G11,10110073MUNIZI,2026-03-20,141047,1,2,0,112.0
10110073MUNIZI_2026-03-20_G12,10110073MUNIZI,2026-03-20,117785,1,4,0,3054.0
10110073MUNIZI_2026-03-20_G13,10110073MUNIZI,2026-03-20,141456,1,8,0,204.0
10110073MUNIZI_2026-03-20_G14,10110073MUNIZI,2026-03-20,111463,1,12,0,2257.0
10110073MUNIZI_2026-03-20_G15,10110073MUNIZI,2026-03-20,111433,1,4,0,122.0
10110073MUNIZI_2026-03-20_G16,10110073MUNIZI,2026-03-20,110787,1,10,0,293.0
10110073MUNIZI_2026-03-20_G17,10110073MUNIZI,2026-03-20,110373,1,11,0,1720.0
10110073MUNIZI_2026-03-20_G18,10110073MUNIZI,2026-03-20,117820,1,8,0,117.0
10110073MUNIZI_2026-03-20_G19,10110073MUNIZI,2026-03-20,117808,1,13,0,632.0
10110073MUNIZI_2026-03-21_G02,10110073MUNIZI,2026-03-21,111418,1,4,0,196.0
10110073MUNIZI_2026-03-21_G03,10110073MUNIZI,2026-03-21,141271,1,4,0,112.0
10110073MUNIZI_2026-03-21_G04,10110073MUNIZI,2026-03-21,110740,1,4,0,89.0
10110073MUNIZI_2026-03-21_G05,10110073MUNIZI,2026-03-21,117808,1,8,0,103.0
10110073MUNIZI_2026-03-21_G06,10110073MUNIZI,2026-03-21,118299,1,4,0,350.0
10110073MUNIZI_2026-03-21_G07,10110073MUNIZI,2026-03-21,110371,1,11,0,340.0
10110073MUNIZI_2026-03-21_G08,10110073MUNIZI,2026-03-21,111532,1,5,0,837.0
10110073MUNIZI_2026-03-21_G09,10110073MUNIZI,2026-03-21,111462,1,3,0,176.0
10110073MUNIZI_2026-03-21_G10,10110073MUNIZI,2026-03-21,141458,1,40,0,1716.0
10110073MUNIZI_2026-03-21_G11,10110073MUNIZI,2026-03-21,110787,1,2,0,958.0
10110073MUNIZI_2026-03-21_G13,10110073MUNIZI,2026-03-21,118299,1,600,0,556.0
10110073MUNIZI_2026-03-22_G02,10110073MUNIZI,2026-03-22,109643,1,14,0,281.0
10110073MUNIZI_2026-03-22_G03,10110073MUNIZI,2026-03-22,117820,1,10,0,120.0
10110073MUNIZI_2026-03-22_G04,10110073MUNIZI,2026-03-22,110372,1,20,0,248.0
10110073MUNIZI_2026-03-22_G05,10110073MUNIZI,2026-03-22,160051,1,4,0,183.0
10110073MUNIZI_2026-03-22_G06,10110073MUNIZI,2026-03-22,110371,1,20,0,265.0
10110073MUNIZI_2026-03-22_G07,10110073MUNIZI,2026-03-22,160055,1,16,0,404.0
10110073MUNIZI_2026-03-22_G08,10110073MUNIZI,2026-03-22,111418,1,10,0,234.0
10110073MUNIZI_2026-03-22_G09,10110073MUNIZI,2026-03-22,111469,1,6,0,619.0
10110073MUNIZI_2026-03-22_G10,10110073MUNIZI,2026-03-22,109641,1,4,0,232.0
10110073MUNIZI_2026-03-22_G11,10110073MUNIZI,2026-03-22,111463,1,4,0,201.0
10110073MUNIZI_2026-03-22_G12,10110073MUNIZI,2026-03-22,110740,1,2,0,121.0
10110073MUNIZI_2026-03-22_G13,10110073MUNIZI,2026-03-22,111466,1,4,0,146.0
10110073MUNIZI_2026-03-22_G14,10110073MUNIZI,2026-03-22,141916,1,2,0,228.0
10110073MUNIZI_2026-03-22_G15,10110073MUNIZI,2026-03-22,111438,1,8,0,220.0
10110073MUNIZI_2026-03-22_G16,10110073MUNIZI,2026-03-22,111569,1,5,0,500.0
10110073MUNIZI_2026-03-22_G17,10110073MUNIZI,2026-03-22,118306,1,3,0,493.0
10110073MUNIZI_2026-03-22_G18,10110073MUNIZI,2026-03-22,100334,1,1,0,309.0
10110073MUNIZI_2026-03-22_G19,10110073MUNIZI,2026-03-22,117808,1,44,0,1019.0
10110073MUNIZI_2026-03-23_G02,10110073MUNIZI,2026-03-23,117820,1,46,0,612.0
10110073MUNIZI_2026-03-23_G03,10110073MUNIZI,2026-03-23,117808,1,32,0,387.0
10110073MUNIZI_2026-03-23_G04,10110073MUNIZI,2026-03-23,117808,1,22,0,215.0
10110073MUNIZI_2026-03-23_G05,10110073MUNIZI,2026-03-23,110371,1,12,0,232.0
10110073MUNIZI_2026-03-23_G06,10110073MUNIZI,2026-03-23,110371,1,7,0,134.0
10110073MUNIZI_2026-03-23_G07,10110073MUNIZI,2026-03-23,117809,1,20,0,558.0
10110073MUNIZI_2026-03-23_G08,10110073MUNIZI,2026-03-23,118299,1,18,0,161.0
10110073MUNIZI_2026-03-23_G09,10110073MUNIZI,2026-03-23,117808,2,120,12,379.0
10110073MUNIZI_2026-03-23_G10,10110073MUNIZI,2026-03-23,111418,3,27,34,1058.0
10110073MUNIZI_2026-03-23_G11,10110073MUNIZI,2026-03-23,117838,1,1,0,194.0
10110073MUNIZI_2026-03-23_G12,10110073MUNIZI,2026-03-23,111462,1,60,0,1530.0
10110073MUNIZI_2026-03-23_G13,10110073MUNIZI,2026-03-23,111418,1,135,0,816.0
10110073MUNIZI_2026-03-23_G14,10110073MUNIZI,2026-03-23,141271,1,10,0,913.0
10110073MUNIZI_2026-03-23_G15,10110073MUNIZI,2026-03-23,111433,1,1,0,199.0
10110073MUNIZI_2026-03-23_G16,10110073MUNIZI,2026-03-23,142093,1,330,0,612.0
10110073MUNIZI_2026-03-23_G17,10110073MUNIZI,2026-03-23,111447,1,50,0,862.0
10110073MUNIZI_2026-03-23_G18,10110073MUNIZI,2026-03-23,142045,1,2,0,252.0
10110073MUNIZI_2026-03-23_G19,10110073MUNIZI,2026-03-23,110373,1,68,0,446.0
10110073MUNIZI_2026-03-23_G21,10110073MUNIZI,2026-03-23,109645,1,78,0,660.0
10110073MUNIZI_2026-03-23_G22,10110073MUNIZI,2026-03-23,117855,1,17,0,319.0
10110073MUNIZI_2026-03-23_G23,10110073MUNIZI,2026-03-23,118299,1,193,0,1567.0
10110073MUNIZI_2026-03-23_G24,10110073MUNIZI,2026-03-23,109643,1,14,0,641.0
10110073MUNIZI_2026-03-23_G25,10110073MUNIZI,2026-03-23,110371,1,100,0,450.0
10110073MUNIZI_2026-03-23_G26,10110073MUNIZI,2026-03-23,117820,1,100,0,319.0
10110073MUNIZI_2026-03-23_G27,10110073MUNIZI,2026-03-23,110373,1,102,0,623.0
10110073MUNIZI_2026-03-23_G28,10110073MUNIZI,2026-03-23,110372,1,125,0,826.0
10110073MUNIZI_2026-03-24_G03,10110073MUNIZI,2026-03-24,118299,2,34,26,261.0
10110073MUNIZI_2026-03-24_G04,10110073MUNIZI,2026-03-24,117820,1,10,0,147.0
10110073MUNIZI_2026-03-24_G05,10110073MUNIZI,2026-03-24,110373,1,2,0,225.0
10110073MUNIZI_2026-03-24_G06,10110073MUNIZI,2026-03-24,110372,1,20,0,276.0
10110073MUNIZI_2026-03-24_G07,10110073MUNIZI,2026-03-24,117840,1,12,0,304.0
10110073MUNIZI_2026-03-24_G08,10110073MUNIZI,2026-03-24,110376,1,1,0,109.0
10110073MUNIZI_2026-03-24_G09,10110073MUNIZI,2026-03-24,110376,1,2,0,59.0
10110073MUNIZI_2026-03-24_G10,10110073MUNIZI,2026-03-24,117808,1,20,0,831.0
10110073MUNIZI_2026-03-24_G11,10110073MUNIZI,2026-03-24,110374,1,36,0,770.0
10110073MUNIZI_2026-03-24_G12,10110073MUNIZI,2026-03-24,110374,1,20,0,250.0
10110073MUNIZI_2026-03-24_G13,10110073MUNIZI,2026-03-24,117832,2,20,18,277.0
10110073MUNIZI_2026-03-24_G14,10110073MUNIZI,2026-03-24,110325,1,12,0,518.0
10110073MUNIZI_2026-03-24_G15,10110073MUNIZI,2026-03-24,110372,1,48,0,1691.0
10110073MUNIZI_2026-03-24_G16,10110073MUNIZI,2026-03-24,111466,1,28,0,531.0
10110073MUNIZI_2026-03-24_G17,10110073MUNIZI,2026-03-24,117785,1,8,0,162.0
10110073MUNIZI_2026-03-24_G18,10110073MUNIZI,2026-03-24,111463,1,16,0,310.0
10110073MUNIZI_2026-03-25_G03,10110073MUNIZI,2026-03-25,111465,1,30,0,581.0
10110073MUNIZI_2026-03-25_G04,10110073MUNIZI,2026-03-25,111743,1,80,0,271.0
10110073MUNIZI_2026-03-25_G05,10110073MUNIZI,2026-03-25,141456,1,107,0,492.0
10110073MUNIZI_2026-03-25_G06,10110073MUNIZI,2026-03-25,108798,1,1,0,124.0
10110073MUNIZI_2026-03-25_G07,10110073MUNIZI,2026-03-25,111418,1,255,0,994.0
10110073MUNIZI_2026-03-25_G08,10110073MUNIZI,2026-03-25,111463,1,200,0,824.0
10110073MUNIZI_2026-03-25_G09,10110073MUNIZI,2026-03-25,111469,1,40,0,673.0
10110073MUNIZI_2026-03-25_G10,10110073MUNIZI,2026-03-25,117785,1,100,0,1421.0
10110073MUNIZI_2026-03-25_G11,10110073MUNIZI,2026-03-25,110320,1,3,0,1254.0
10110073MUNIZI_2026-03-25_G12,10110073MUNIZI,2026-03-25,110747,1,16,0,1084.0
10110073MUNIZI_2026-03-25_G13,10110073MUNIZI,2026-03-25,111353,1,2,0,190.0
10110073MUNIZI_2026-03-25_G14,10110073MUNIZI,2026-03-25,111330,1,2,0,164.0
10110073MUNIZI_2026-03-25_G15,10110073MUNIZI,2026-03-25,110711,1,11,0,669.0
10110073MUNIZI_2026-03-25_G16,10110073MUNIZI,2026-03-25,117841,1,6,0,441.0
10110073MUNIZI_2026-03-26_G02,10110073MUNIZI,2026-03-26,110740,1,24,0,3351.0
10110073MUNIZI_2026-03-26_G03,10110073MUNIZI,2026-03-26,107236,1,240,0,917.0
10110073MUNIZI_2026-03-26_G04,10110073MUNIZI,2026-03-26,111469,1,404,0,1256.0
10110073MUNIZI_2026-03-26_G05,10110073MUNIZI,2026-03-26,111466,1,344,0,976.0
10110073MUNIZI_2026-03-26_G06,10110073MUNIZI,2026-03-26,118299,1,80,0,1153.0
10110073MUNIZI_2026-03-26_G08,10110073MUNIZI,2026-03-26,140922,1,4,0,159.0
10110073MUNIZI_2026-03-26_G09,10110073MUNIZI,2026-03-26,117842,1,3,0,78.0
10110073MUNIZI_2026-03-26_G10,10110073MUNIZI,2026-03-26,111462,1,8,0,111.0
10110073MUNIZI_2026-03-26_G11,10110073MUNIZI,2026-03-26,117821,1,7,0,120.0
10110073MUNIZI_2026-03-26_G12,10110073MUNIZI,2026-03-26,117785,1,8,0,119.0
10110073MUNIZI_2026-03-26_G13,10110073MUNIZI,2026-03-26,108795,1,3,0,81.0
10110073MUNIZI_2026-03-26_G14,10110073MUNIZI,2026-03-26,111743,1,2,0,131.0
10110073MUNIZI_2026-03-26_G15,10110073MUNIZI,2026-03-26,141271,1,3,0,93.0
10110073MUNIZI_2026-03-26_G16,10110073MUNIZI,2026-03-26,109641,1,5,0,91.0
10110073MUNIZI_2026-03-26_G17,10110073MUNIZI,2026-03-26,108798,1,4,0,153.0
10110073MUNIZI_2026-03-26_G18,10110073MUNIZI,2026-03-26,117833,1,2,0,155.0
10110073MUNIZI_2026-03-26_G19,10110073MUNIZI,2026-03-26,142093,1,16,0,473.0
10110073MUNIZI_2026-03-26_G20,10110073MUNIZI,2026-03-26,107236,1,3,0,118.0
10110073MUNIZI_2026-03-26_G21,10110073MUNIZI,2026-03-26,117831,1,3,0,105.0
10110073MUNIZI_2026-03-26_G22,10110073MUNIZI,2026-03-26,105705,1,3,0,447.0
10110073MUNIZI_2026-03-26_G23,10110073MUNIZI,2026-03-26,111469,1,6,0,373.0
10110073MUNIZI_2026-03-26_G24,10110073MUNIZI,2026-03-26,141458,1,3,0,96.0
10110073MUNIZI_2026-03-26_G25,10110073MUNIZI,2026-03-26,141916,1,2,0,124.0
10110073MUNIZI_2026-03-26_G26,10110073MUNIZI,2026-03-26,111438,1,6,0,148.0
10110073MUNIZI_2026-03-26_G27,10110073MUNIZI,2026-03-26,111569,1,2,0,114.0
10110073MUNIZI_2026-03-26_G28,10110073MUNIZI,2026-03-26,141318,1,3,0,446.0
10110073MUNIZI_2026-03-26_G29,10110073MUNIZI,2026-03-26,110742,1,3,0,65.0
10110073MUNIZI_2026-03-26_G30,10110073MUNIZI,2026-03-26,110755,1,12,0,166.0
10110073MUNIZI_2026-03-26_G31,10110073MUNIZI,2026-03-26,142045,1,20,0,557.0
10110073MUNIZI_2026-03-26_G32,10110073MUNIZI,2026-03-26,117835,1,3,0,172.0
10110073MUNIZI_2026-03-26_G33,10110073MUNIZI,2026-03-26,111440,1,2,0,85.0
10110073MUNIZI_2026-03-26_G34,10110073MUNIZI,2026-03-26,110747,1,2,0,47.0
10110073MUNIZI_2026-03-27_G03,10110073MUNIZI,2026-03-27,141457,1,4,0,35.0
10110073MUNIZI_2026-03-27_G04,10110073MUNIZI,2026-03-27,109641,1,20,0,231.0
10110073MUNIZI_2026-03-27_G05,10110073MUNIZI,2026-03-27,110787,1,4,0,91.0
10110073MUNIZI_2026-03-27_G06,10110073MUNIZI,2026-03-27,111418,1,7,0,142.0
10110073MUNIZI_2026-03-27_G07,10110073MUNIZI,2026-03-27,142093,1,4,0,538.0
10110073MUNIZI_2026-03-27_G08,10110073MUNIZI,2026-03-27,141823,1,1,0,95.0
10110073MUNIZI_2026-03-27_G09,10110073MUNIZI,2026-03-27,110374,1,5,0,107.0
10110073MUNIZI_2026-03-27_G10,10110073MUNIZI,2026-03-27,160051,1,6,0,220.0
10110073MUNIZI_2026-03-30_G02,10110073MUNIZI,2026-03-30,117820,1,7,0,117.0
10110073MUNIZI_2026-03-30_G03,10110073MUNIZI,2026-03-30,110373,1,6,0,152.0
10110073MUNIZI_2026-03-30_G04,10110073MUNIZI,2026-03-30,110372,1,6,0,203.0
10110073MUNIZI_2026-03-30_G05,10110073MUNIZI,2026-03-30,110371,1,8,0,786.0
10110073MUNIZI_2026-03-30_G06,10110073MUNIZI,2026-03-30,117830,1,3,0,47.0
10110073MUNIZI_2026-03-30_G07,10110073MUNIZI,2026-03-30,117808,1,2,0,122.0
10110073MUNIZI_2026-03-30_G08,10110073MUNIZI,2026-03-30,141271,1,6,0,679.0
10110073MUNIZI_2026-03-30_G09,10110073MUNIZI,2026-03-30,111463,1,3,0,187.0
10110073MUNIZI_2026-03-30_G10,10110073MUNIZI,2026-03-30,111418,1,8,0,184.0
10110073MUNIZI_2026-03-30_G11,10110073MUNIZI,2026-03-30,111468,1,2,0,71.0
10110073MUNIZI_2026-03-30_G12,10110073MUNIZI,2026-03-30,110740,1,2,0,101.0
10110073MUNIZI_2026-03-30_G13,10110073MUNIZI,2026-03-30,141456,1,7,0,533.0
10110073MUNIZI_2026-03-30_G14,10110073MUNIZI,2026-03-30,110580,1,2,0,234.0
10110073MUNIZI_2026-03-30_G15,10110073MUNIZI,2026-03-30,141352,1,4,0,135.0
10110073MUNIZI_2026-03-30_G16,10110073MUNIZI,2026-03-30,111602,1,4,0,99.0
10110073MUNIZI_2026-03-30_G17,10110073MUNIZI,2026-03-30,117862,1,4,0,118.0
10110073MUNIZI_2026-03-30_G18,10110073MUNIZI,2026-03-30,111743,1,20,0,627.0
10110073MUNIZI_2026-03-30_G19,10110073MUNIZI,2026-03-30,141823,1,12,0,214.0
10110073MUNIZI_2026-03-30_G20,10110073MUNIZI,2026-03-30,111602,1,16,0,170.0
10110073MUNIZI_2026-03-30_G21,10110073MUNIZI,2026-03-30,110711,1,4,0,415.0
10110073MUNIZI_2026-03-30_G22,10110073MUNIZI,2026-03-30,118283,1,2,0,1292.0
10110073MUNIZI_2026-03-30_G23,10110073MUNIZI,2026-03-30,118306,1,2,0,100.0
10110073MUNIZI_2026-03-30_G24,10110073MUNIZI,2026-03-30,141318,1,4,0,137.0
10110073MUNIZI_2026-03-30_G25,10110073MUNIZI,2026-03-30,110711,1,6,0,901.0
10110073MUNIZI_2026-03-30_G26,10110073MUNIZI,2026-03-30,"108361, 109640",2,7,11,142.0
10110073MUNIZI_2026-03-30_G28,10110073MUNIZI,2026-03-30,111462,1,30,0,198.0
10110073MUNIZI_2026-03-30_G29,10110073MUNIZI,2026-03-30,111443,1,4,0,270.0
10110073MUNIZI_2026-03-30_G30,10110073MUNIZI,2026-03-30,110787,1,22,0,1896.0
10110073MUNIZI_2026-03-30_G31,10110073MUNIZI,2026-03-30,117831,1,30,0,539.0
10110073MUNIZI_2026-03-30_G32,10110073MUNIZI,2026-03-30,111463,1,27,0,312.0
10110073MUNIZI_2026-03-30_G33,10110073MUNIZI,2026-03-30,111418,1,100,0,752.0
10110073MUNIZI_2026-03-30_G34,10110073MUNIZI,2026-03-30,142093,1,100,0,837.0
10110073MUNIZI_2026-03-30_G35,10110073MUNIZI,2026-03-30,115234,1,2,0,2073.0
10110073MUNIZI_2026-03-30_G36,10110073MUNIZI,2026-03-30,117836,1,4,0,180.0
10110073MUNIZI_2026-03-30_G37,10110073MUNIZI,2026-03-30,111430,1,8,0,232.0
10110073MUNIZI_2026-03-30_G38,10110073MUNIZI,2026-03-30,100334,1,10,0,609.0
10110073MUNIZI_2026-03-30_G39,10110073MUNIZI,2026-03-30,141456,1,70,0,566.0
10110073MUNIZI_2026-03-30_G40,10110073MUNIZI,2026-03-30,141916,1,24,0,224.0
10110073MUNIZI_2026-03-31_G02,10110073MUNIZI,2026-03-31,110371,1,50,0,2194.0
10110073MUNIZI_2026-03-31_G03,10110073MUNIZI,2026-03-31,140922,1,10,0,2287.0
10110073MUNIZI_2026-03-31_G04,10110073MUNIZI,2026-03-31,117821,1,20,0,280.0
10110073MUNIZI_2026-03-31_G05,10110073MUNIZI,2026-03-31,117785,1,30,0,324.0
10110073MUNIZI_2026-03-31_G06,10110073MUNIZI,2026-03-31,108795,1,14,0,154.0
10110073MUNIZI_2026-03-31_G07,10110073MUNIZI,2026-03-31,108795,1,9,0,71.0
10110073MUNIZI_2026-03-31_G08,10110073MUNIZI,2026-03-31,141456,2,40,13,523.0
10110073MUNIZI_2026-03-31_G09,10110073MUNIZI,2026-03-31,111463,1,5,0,318.0
10110073MUNIZI_2026-03-31_G10,10110073MUNIZI,2026-03-31,111463,1,35,0,495.0
10110073MUNIZI_2026-03-31_G11,10110073MUNIZI,2026-03-31,111532,1,10,0,92.0
10110073MUNIZI_2026-03-31_G12,10110073MUNIZI,2026-03-31,117833,1,40,0,432.0
10110073MUNIZI_2026-03-31_G13,10110073MUNIZI,2026-03-31,117831,1,10,0,200.0
10110073MUNIZI_2026-03-31_G14,10110073MUNIZI,2026-03-31,117822,1,20,0,177.0
10110073MUNIZI_2026-03-31_G15,10110073MUNIZI,2026-03-31,117822,1,20,0,88.0
10110073MUNIZI_2026-03-31_G16,10110073MUNIZI,2026-03-31,117830,1,50,0,692.0
10110073MUNIZI_2026-04-07_G02,10110073MUNIZI,2026-04-07,141066,1,2,0,190.0
10110073MUNIZI_2026-04-07_G03,10110073MUNIZI,2026-04-07,141823,1,8,0,392.0
10110073MUNIZI_2026-04-07_G04,10110073MUNIZI,2026-04-07,111110,1,2,0,1533.0
10110073MUNIZI_2026-04-07_G05,10110073MUNIZI,2026-04-07,111418,1,2,0,474.0
10110073MUNIZI_2026-04-07_G06,10110073MUNIZI,2026-04-07,110787,1,1,0,223.0
10110073MUNIZI_2026-04-07_G07,10110073MUNIZI,2026-04-07,140922,1,2,0,77.0
10110073MUNIZI_2026-04-07_G08,10110073MUNIZI,2026-04-07,111743,1,1,0,42.0
10110073MUNIZI_2026-04-07_G09,10110073MUNIZI,2026-04-07,111532,1,2,0,84.0
10110073MUNIZI_2026-04-07_G10,10110073MUNIZI,2026-04-07,110740,1,4,0,113.0
10110073MUNIZI_2026-04-07_G11,10110073MUNIZI,2026-04-07,117856,1,2,0,132.0
10110073MUNIZI_2026-04-07_G12,10110073MUNIZI,2026-04-07,140923,1,3,0,267.0
10110073MUNIZI_2026-04-07_G13,10110073MUNIZI,2026-04-07,111602,1,2,0,46.0
10110073MUNIZI_2026-04-07_G14,10110073MUNIZI,2026-04-07,111569,1,4,0,191.0
10110073MUNIZI_2026-04-07_G15,10110073MUNIZI,2026-04-07,111793,1,1,0,545.0
10110073MUNIZI_2026-04-07_G16,10110073MUNIZI,2026-04-07,110895,1,4,0,115.0
10110073MUNIZI_2026-04-07_G17,10110073MUNIZI,2026-04-07,107830,1,2,0,179.0
10110073MUNIZI_2026-04-07_G18,10110073MUNIZI,2026-04-07,107830,1,7,0,445.0
10110073MUNIZI_2026-04-07_G19,10110073MUNIZI,2026-04-07,141166,1,2,0,601.0
10110073MUNIZI_2026-04-07_G20,10110073MUNIZI,2026-04-07,111793,1,4,0,940.0
10110073MUNIZI_2026-04-07_G21,10110073MUNIZI,2026-04-07,110064,1,2,0,478.0
10110073MUNIZI_2026-04-08_G02,10110073MUNIZI,2026-04-08,111463,1,9,0,361.0
10110073MUNIZI_2026-04-08_G03,10110073MUNIZI,2026-04-08,110787,1,1,0,856.0
10110073MUNIZI_2026-04-08_G04,10110073MUNIZI,2026-04-08,140922,1,4,0,85.0
10110073MUNIZI_2026-04-08_G05,10110073MUNIZI,2026-04-08,105705,1,2,0,111.0
10110073MUNIZI_2026-04-08_G06,10110073MUNIZI,2026-04-08,111743,1,2,0,115.0
10110073MUNIZI_2026-04-08_G07,10110073MUNIZI,2026-04-08,141457,1,2,0,63.0
10110073MUNIZI_2026-04-08_G08,10110073MUNIZI,2026-04-08,111532,1,4,0,129.0
10110073MUNIZI_2026-04-08_G09,10110073MUNIZI,2026-04-08,117787,1,2,0,101.0
10110073MUNIZI_2026-04-08_G10,10110073MUNIZI,2026-04-08,110740,1,4,0,120.0
10110073MUNIZI_2026-04-08_G11,10110073MUNIZI,2026-04-08,117831,1,2,0,82.0
10110073MUNIZI_2026-04-08_G12,10110073MUNIZI,2026-04-08,117856,1,4,0,200.0
10110073MUNIZI_2026-04-08_G13,10110073MUNIZI,2026-04-08,111530,1,2,0,191.0
10110073MUNIZI_2026-04-08_G14,10110073MUNIZI,2026-04-08,140923,1,4,0,138.0
10110073MUNIZI_2026-04-08_G15,10110073MUNIZI,2026-04-08,111602,1,2,0,81.0
10110073MUNIZI_2026-04-08_G16,10110073MUNIZI,2026-04-08,141352,1,4,0,124.0
10110073MUNIZI_2026-04-08_G17,10110073MUNIZI,2026-04-08,117809,1,4,0,522.0
10110073MUNIZI_2026-04-08_G18,10110073MUNIZI,2026-04-08,117820,1,6,0,80.0
10110073MUNIZI_2026-04-08_G19,10110073MUNIZI,2026-04-08,118299,1,8,0,522.0
10110073MUNIZI_2026-04-08_G20,10110073MUNIZI,2026-04-08,110895,1,2,0,154.0
10110073MUNIZI_2026-04-08_G21,10110073MUNIZI,2026-04-08,110313,1,2,0,95.0
10110073MUNIZI_2026-04-08_G22,10110073MUNIZI,2026-04-08,107892,1,3,0,947.0
10110073MUNIZI_2026-04-08_G23,10110073MUNIZI,2026-04-08,111569,1,10,0,236.0
10110073MUNIZI_2026-04-08_G24,10110073MUNIZI,2026-04-08,110895,1,3,0,168.0
10110073MUNIZI_2026-04-08_G25,10110073MUNIZI,2026-04-08,110895,1,9,0,137.0
10110073MUNIZI_2026-04-08_G26,10110073MUNIZI,2026-04-08,110895,1,10,0,335.0
10110073MUNIZI_2026-04-08_G27,10110073MUNIZI,2026-04-08,111441,1,7,0,250.0
10110073MUNIZI_2026-04-08_G28,10110073MUNIZI,2026-04-08,110841,1,3,0,464.0
10110073MUNIZI_2026-04-08_G29,10110073MUNIZI,2026-04-08,142045,1,16,0,256.0
10110073MUNIZI_2026-04-08_G30,10110073MUNIZI,2026-04-08,111438,1,10,0,482.0
10110073MUNIZI_2026-04-08_G31,10110073MUNIZI,2026-04-08,110895,1,10,0,388.0
10110073MUNIZI_2026-04-08_G32,10110073MUNIZI,2026-04-08,160051,1,2,0,148.0
10110073MUNIZI_2026-04-08_G33,10110073MUNIZI,2026-04-08,109643,1,4,0,331.0
10110073MUNIZI_2026-04-08_G34,10110073MUNIZI,2026-04-08,107830,1,4,0,155.0
10110073MUNIZI_2026-04-08_G35,10110073MUNIZI,2026-04-08,107830,1,10,0,628.0
10110073MUNIZI_2026-04-08_G36,10110073MUNIZI,2026-04-08,117808,1,50,0,966.0
10110073MUNIZI_2026-04-08_G37,10110073MUNIZI,2026-04-08,110372,1,40,0,1029.0
10110073MUNIZI_2026-04-08_G38,10110073MUNIZI,2026-04-08,110373,1,30,0,155.0
10110074CONDEJ_2025-10-11_G02,10110074CONDEJ,2025-10-11,117855,1,4,0,231.0
10110074CONDEJ_2025-10-11_G03,10110074CONDEJ,2025-10-11,117862,1,4,0,225.0
10110074CONDEJ_2025-10-11_G04,10110074CONDEJ,2025-10-11,111467,1,1,0,173.0
10110074CONDEJ_2025-10-16_G02,10110074CONDEJ,2025-10-16,117835,1,4,0,218.0
10110074CONDEJ_2025-10-16_G03,10110074CONDEJ,2025-10-16,110745,1,4,0,194.0
10110074CONDEJ_2025-10-16_G04,10110074CONDEJ,2025-10-16,108759,1,2,0,2836.0
10110074CONDEJ_2025-10-16_G05,10110074CONDEJ,2025-10-16,140923,1,2,0,239.0
10110074CONDEJ_2025-10-16_G06,10110074CONDEJ,2025-10-16,116241,1,4,0,283.0
10110074CONDEJ_2025-10-16_G07,10110074CONDEJ,2025-10-16,118317,1,4,0,152.0
10110074CONDEJ_2025-10-16_G08,10110074CONDEJ,2025-10-16,117831,1,4,0,216.0
10110074CONDEJ_2025-10-16_G09,10110074CONDEJ,2025-10-16,111430,1,2,0,1230.0
10110074CONDEJ_2025-10-16_G10,10110074CONDEJ,2025-10-16,111569,1,4,0,152.0
10110074CONDEJ_2025-10-16_G11,10110074CONDEJ,2025-10-16,109643,1,8,0,934.0
10110074CONDEJ_2025-10-16_G12,10110074CONDEJ,2025-10-16,140923,1,4,0,747.0
10110074CONDEJ_2025-10-16_G13,10110074CONDEJ,2025-10-16,111418,1,11,0,455.0
10110074CONDEJ_2025-10-16_G15,10110074CONDEJ,2025-10-16,111439,1,2,0,1233.0
10110074CONDEJ_2025-10-16_G16,10110074CONDEJ,2025-10-16,110711,1,4,0,253.0
10110074CONDEJ_2025-10-16_G17,10110074CONDEJ,2025-10-16,117862,1,4,0,99.0
10110074CONDEJ_2025-10-16_G18,10110074CONDEJ,2025-10-16,110733,1,2,0,150.0
10110074CONDEJ_2025-10-16_G19,10110074CONDEJ,2025-10-16,117786,1,2,0,150.0
10110074CONDEJ_2025-10-16_G20,10110074CONDEJ,2025-10-16,111530,1,8,0,232.0
10110074CONDEJ_2025-10-16_G21,10110074CONDEJ,2025-10-16,111530,1,4,0,51.0
10110074CONDEJ_2025-10-16_G22,10110074CONDEJ,2025-10-16,117855,1,6,0,206.0
10110074CONDEJ_2025-10-16_G23,10110074CONDEJ,2025-10-16,117855,1,2,0,104.0
10110074CONDEJ_2025-10-16_G25,10110074CONDEJ,2025-10-16,117820,1,18,0,627.0
10110074CONDEJ_2025-10-16_G26,10110074CONDEJ,2025-10-16,117820,1,60,0,489.0
10110074CONDEJ_2025-10-16_G27,10110074CONDEJ,2025-10-16,117820,1,10,0,161.0
10110074CONDEJ_2025-10-17_G02,10110074CONDEJ,2025-10-17,118140,1,6,0,207.0
10110074CONDEJ_2025-10-17_G03,10110074CONDEJ,2025-10-17,111743,1,4,0,202.0
10110074CONDEJ_2025-10-17_G04,10110074CONDEJ,2025-10-17,141823,1,6,0,203.0
10110074CONDEJ_2025-10-17_G05,10110074CONDEJ,2025-10-17,117832,1,3,0,94.0
10110074CONDEJ_2025-10-17_G06,10110074CONDEJ,2025-10-17,118140,1,20,0,979.0
10110074CONDEJ_2025-10-17_G07,10110074CONDEJ,2025-10-17,141823,1,7,0,201.0
10110074CONDEJ_2025-10-17_G08,10110074CONDEJ,2025-10-17,110325,1,4,0,533.0
10110074CONDEJ_2025-10-17_G09,10110074CONDEJ,2025-10-17,141823,1,4,0,418.0
10110074CONDEJ_2025-10-17_G10,10110074CONDEJ,2025-10-17,140922,1,4,0,447.0
10110074CONDEJ_2025-10-17_G11,10110074CONDEJ,2025-10-17,110733,1,2,0,677.0
10110074CONDEJ_2025-10-17_G12,10110074CONDEJ,2025-10-17,141823,1,6,0,208.0
10110074CONDEJ_2025-10-17_G13,10110074CONDEJ,2025-10-17,140922,1,4,0,734.0
10110074CONDEJ_2025-10-17_G14,10110074CONDEJ,2025-10-17,117832,1,4,0,612.0
10110074CONDEJ_2025-10-17_G15,10110074CONDEJ,2025-10-17,118140,1,8,0,841.0
10110074CONDEJ_2025-10-17_G16,10110074CONDEJ,2025-10-17,108711,1,4,0,320.0
10110074CONDEJ_2025-10-17_G17,10110074CONDEJ,2025-10-17,141823,1,8,0,160.0
10110074CONDEJ_2025-10-17_G18,10110074CONDEJ,2025-10-17,111438,1,4,0,1117.0
10110074CONDEJ_2025-10-17_G19,10110074CONDEJ,2025-10-17,117836,1,2,0,106.0
10110074CONDEJ_2025-10-17_G20,10110074CONDEJ,2025-10-17,111435,1,4,0,340.0
10110074CONDEJ_2025-10-17_G21,10110074CONDEJ,2025-10-17,140922,1,4,0,94.0
10110074CONDEJ_2025-10-17_G22,10110074CONDEJ,2025-10-17,140922,1,4,0,98.0
10110074CONDEJ_2025-10-17_G23,10110074CONDEJ,2025-10-17,140922,1,4,0,57.0
10110074CONDEJ_2025-10-17_G24,10110074CONDEJ,2025-10-17,140922,1,8,0,72.0
10110074CONDEJ_2025-10-17_G25,10110074CONDEJ,2025-10-17,140922,1,4,0,62.0
10110074CONDEJ_2025-10-17_G27,10110074CONDEJ,2025-10-17,118140,1,2,0,181.0
10110074CONDEJ_2025-10-17_G28,10110074CONDEJ,2025-10-17,117808,1,24,0,680.0
10110074CONDEJ_2025-10-17_G29,10110074CONDEJ,2025-10-17,110371,1,3,0,128.0
10110074CONDEJ_2025-10-17_G30,10110074CONDEJ,2025-10-17,108711,1,4,0,556.0
10110074CONDEJ_2025-10-17_G31,10110074CONDEJ,2025-10-17,140922,1,4,0,364.0
10110074CONDEJ_2025-10-17_G32,10110074CONDEJ,2025-10-17,111463,1,2,0,939.0
10110074CONDEJ_2025-10-17_G33,10110074CONDEJ,2025-10-17,117833,1,4,0,398.0
10110074CONDEJ_2025-10-17_G34,10110074CONDEJ,2025-10-17,117808,1,61,0,747.0
10110074CONDEJ_2025-10-17_G35,10110074CONDEJ,2025-10-17,108711,1,12,0,1817.0
10110074CONDEJ_2025-10-17_G36,10110074CONDEJ,2025-10-17,111736,1,2,0,350.0
10110074CONDEJ_2025-10-17_G37,10110074CONDEJ,2025-10-17,111759,1,6,0,827.0
10110074CONDEJ_2025-10-17_G38,10110074CONDEJ,2025-10-17,141155,1,2,0,203.0
10110074CONDEJ_2025-10-17_G39,10110074CONDEJ,2025-10-17,141155,1,10,0,85.0
10110074CONDEJ_2025-10-17_G40,10110074CONDEJ,2025-10-17,118191,1,50,0,559.0
10110074CONDEJ_2025-10-17_G41,10110074CONDEJ,2025-10-17,111722,1,120,0,1065.0
10110074CONDEJ_2025-10-18_G02,10110074CONDEJ,2025-10-18,117820,2,12,30,348.0
10110074CONDEJ_2025-10-18_G03,10110074CONDEJ,2025-10-18,117820,1,16,0,124.0
10110074CONDEJ_2025-10-18_G04,10110074CONDEJ,2025-10-18,117820,2,16,28,624.0
10110074CONDEJ_2025-10-18_G05,10110074CONDEJ,2025-10-18,117820,1,10,0,52.0
10110074CONDEJ_2025-10-18_G06,10110074CONDEJ,2025-10-18,117820,1,6,0,51.0
10110074CONDEJ_2025-10-18_G07,10110074CONDEJ,2025-10-18,108770,1,11,0,1290.0
10110074CONDEJ_2025-10-18_G08,10110074CONDEJ,2025-10-18,118251,2,12,21,132.0
10110074CONDEJ_2025-10-18_G09,10110074CONDEJ,2025-10-18,141313,1,4,0,690.0
10110074CONDEJ_2025-10-18_G10,10110074CONDEJ,2025-10-18,110787,1,20,0,536.0
10110074CONDEJ_2025-10-18_G11,10110074CONDEJ,2025-10-18,111172,1,9,0,151.0
10110074CONDEJ_2025-10-18_G12,10110074CONDEJ,2025-10-18,111465,1,3,0,88.0
10110074CONDEJ_2025-10-18_G13,10110074CONDEJ,2025-10-18,110371,1,300,0,2324.0
10110074CONDEJ_2025-10-18_G14,10110074CONDEJ,2025-10-18,110372,1,2,0,73.0
10110074CONDEJ_2025-10-18_G15,10110074CONDEJ,2025-10-18,117808,2,900,12,47.0
10110074CONDEJ_2025-10-18_G16,10110074CONDEJ,2025-10-18,141066,1,10,0,1024.0
10110074CONDEJ_2025-10-18_G17,10110074CONDEJ,2025-10-18,118094,1,15,0,172.0
10110074CONDEJ_2025-10-18_G18,10110074CONDEJ,2025-10-18,107629,1,15,0,222.0
10110074CONDEJ_2025-10-18_G19,10110074CONDEJ,2025-10-18,117853,1,5,0,135.0
10110074CONDEJ_2025-10-18_G20,10110074CONDEJ,2025-10-18,141352,1,12,0,193.0
10110074CONDEJ_2025-10-18_G21,10110074CONDEJ,2025-10-18,109640,1,2,0,122.0
10110074CONDEJ_2025-10-18_G22,10110074CONDEJ,2025-10-18,109640,1,3,0,69.0
10110074CONDEJ_2025-10-18_G23,10110074CONDEJ,2025-10-18,111530,1,20,0,606.0
10110074CONDEJ_2025-10-18_G25,10110074CONDEJ,2025-10-18,111530,1,12,0,158.0
10110074CONDEJ_2025-10-18_G26,10110074CONDEJ,2025-10-18,117808,1,150,0,1185.0
10110074CONDEJ_2025-10-18_G27,10110074CONDEJ,2025-10-18,111433,1,4,0,901.0
10110074CONDEJ_2025-10-18_G28,10110074CONDEJ,2025-10-18,111463,1,20,0,548.0
10110074CONDEJ_2025-10-20_G02,10110074CONDEJ,2025-10-20,108770,1,2,0,432.0
10110074CONDEJ_2025-10-20_G03,10110074CONDEJ,2025-10-20,108770,1,2,0,48.0
10110074CONDEJ_2025-10-20_G04,10110074CONDEJ,2025-10-20,117836,1,4,0,152.0
10110074CONDEJ_2025-10-20_G05,10110074CONDEJ,2025-10-20,117853,1,2,0,124.0
10110074CONDEJ_2025-10-20_G06,10110074CONDEJ,2025-10-20,110339,1,4,0,204.0
10110074CONDEJ_2025-10-20_G07,10110074CONDEJ,2025-10-20,111602,1,4,0,291.0
10110074CONDEJ_2025-10-20_G08,10110074CONDEJ,2025-10-20,118140,1,6,0,599.0
10110074CONDEJ_2025-10-20_G09,10110074CONDEJ,2025-10-20,141457,1,4,0,69.0
10110074CONDEJ_2025-10-20_G10,10110074CONDEJ,2025-10-20,141823,1,4,0,143.0
10110074CONDEJ_2025-10-20_G11,10110074CONDEJ,2025-10-20,110711,1,10,0,418.0
10110074CONDEJ_2025-10-20_G12,10110074CONDEJ,2025-10-20,110733,1,4,0,224.0
10110074CONDEJ_2025-10-20_G13,10110074CONDEJ,2025-10-20,111466,1,8,0,287.0
10110074CONDEJ_2025-10-20_G14,10110074CONDEJ,2025-10-20,110787,1,4,0,306.0
10110074CONDEJ_2025-10-20_G15,10110074CONDEJ,2025-10-20,111463,1,96,0,1188.0
10110074CONDEJ_2025-10-20_G16,10110074CONDEJ,2025-10-20,108770,1,24,0,754.0
10110074CONDEJ_2025-10-20_G17,10110074CONDEJ,2025-10-20,118269,1,8,0,252.0
10110074CONDEJ_2025-10-20_G18,10110074CONDEJ,2025-10-20,141318,1,11,0,251.0
10110074CONDEJ_2025-10-20_G19,10110074CONDEJ,2025-10-20,107629,1,40,0,1354.0
10110074CONDEJ_2025-10-20_G20,10110074CONDEJ,2025-10-20,110753,1,20,0,423.0
10110074CONDEJ_2025-10-20_G21,10110074CONDEJ,2025-10-20,141352,1,20,0,265.0
10110074CONDEJ_2025-10-20_G22,10110074CONDEJ,2025-10-20,111602,1,1,0,79.0
10110074CONDEJ_2025-10-20_G24,10110074CONDEJ,2025-10-20,110711,1,4,0,109.0
10110074CONDEJ_2025-10-20_G25,10110074CONDEJ,2025-10-20,117862,1,10,0,178.0
10110074CONDEJ_2025-10-20_G26,10110074CONDEJ,2025-10-20,110733,1,5,0,121.0
10110074CONDEJ_2025-10-20_G27,10110074CONDEJ,2025-10-20,108772,1,3,0,108.0
10110074CONDEJ_2025-10-20_G28,10110074CONDEJ,2025-10-20,117832,1,48,0,573.0
10110074CONDEJ_2025-10-20_G29,10110074CONDEJ,2025-10-20,110372,1,220,0,912.0
10110074CONDEJ_2025-10-20_G30,10110074CONDEJ,2025-10-20,110373,1,80,0,264.0
10110074CONDEJ_2025-10-20_G31,10110074CONDEJ,2025-10-20,110376,1,10,0,808.0
10110074CONDEJ_2025-10-20_G32,10110074CONDEJ,2025-10-20,117808,1,300,0,1634.0
10110074CONDEJ_2025-10-20_G33,10110074CONDEJ,2025-10-20,117820,1,30,0,1413.0
10110074CONDEJ_2025-10-21_G02,10110074CONDEJ,2025-10-21,111469,1,8,0,662.0
10110074CONDEJ_2025-10-21_G03,10110074CONDEJ,2025-10-21,111660,1,4,0,934.0
10110074CONDEJ_2025-10-21_G04,10110074CONDEJ,2025-10-21,111569,1,4,0,109.0
10110074CONDEJ_2025-10-21_G05,10110074CONDEJ,2025-10-21,117856,1,2,0,141.0
10110074CONDEJ_2025-10-21_G06,10110074CONDEJ,2025-10-21,107629,1,4,0,171.0
10110074CONDEJ_2025-10-21_G07,10110074CONDEJ,2025-10-21,117862,1,1,0,145.0
10110074CONDEJ_2025-10-21_G08,10110074CONDEJ,2025-10-21,108772,1,1,0,171.0
10110074CONDEJ_2025-10-21_G09,10110074CONDEJ,2025-10-21,109640,1,5,0,267.0
10110074CONDEJ_2025-10-21_G10,10110074CONDEJ,2025-10-21,111530,1,4,0,183.0
10110074CONDEJ_2025-10-21_G11,10110074CONDEJ,2025-10-21,117830,1,11,0,802.0
10110074CONDEJ_2025-10-21_G12,10110074CONDEJ,2025-10-21,110372,1,6,0,149.0
10110074CONDEJ_2025-10-21_G13,10110074CONDEJ,2025-10-21,117820,1,16,0,229.0
10110074CONDEJ_2025-10-21_G14,10110074CONDEJ,2025-10-21,117856,1,4,0,570.0
10110074CONDEJ_2025-10-21_G15,10110074CONDEJ,2025-10-21,140923,1,3,0,109.0
10110074CONDEJ_2025-10-21_G16,10110074CONDEJ,2025-10-21,110741,1,4,0,428.0
10110074CONDEJ_2025-10-21_G17,10110074CONDEJ,2025-10-21,111650,1,4,0,148.0
10110074CONDEJ_2025-10-21_G18,10110074CONDEJ,2025-10-21,110339,1,5,0,120.0
10110074CONDEJ_2025-10-21_G19,10110074CONDEJ,2025-10-21,111445,1,4,0,280.0
10110074CONDEJ_2025-10-21_G20,10110074CONDEJ,2025-10-21,110623,1,2,0,117.0
10110074CONDEJ_2025-10-21_G21,10110074CONDEJ,2025-10-21,140923,1,3,0,1162.0
10110074CONDEJ_2025-10-21_G22,10110074CONDEJ,2025-10-21,140923,1,1,0,69.0
10110074CONDEJ_2025-10-21_G23,10110074CONDEJ,2025-10-21,111532,1,4,0,494.0
10110074CONDEJ_2025-10-21_G24,10110074CONDEJ,2025-10-21,111532,1,2,0,38.0
10110074CONDEJ_2025-10-21_G26,10110074CONDEJ,2025-10-21,117856,1,4,0,264.0
10110074CONDEJ_2025-10-21_G27,10110074CONDEJ,2025-10-21,111602,1,27,0,505.0
10110074CONDEJ_2025-10-21_G28,10110074CONDEJ,2025-10-21,117808,1,290,0,1755.0
10110074CONDEJ_2025-10-22_G02,10110074CONDEJ,2025-10-22,117831,1,2,0,96.0
10110074CONDEJ_2025-10-22_G03,10110074CONDEJ,2025-10-22,117821,1,8,0,164.0
10110074CONDEJ_2025-10-22_G04,10110074CONDEJ,2025-10-22,111850,1,2,0,191.0
10110074CONDEJ_2025-10-22_G05,10110074CONDEJ,2025-10-22,140911,1,5,0,434.0
10110074CONDEJ_2025-10-22_G06,10110074CONDEJ,2025-10-22,108770,1,107,0,2997.0
10110074CONDEJ_2025-10-22_G07,10110074CONDEJ,2025-10-22,108759,1,20,0,461.0
10110074CONDEJ_2025-10-22_G08,10110074CONDEJ,2025-10-22,109648,1,48,0,1305.0
10110074CONDEJ_2025-10-22_G10,10110074CONDEJ,2025-10-22,110743,1,4,0,467.0
10110074CONDEJ_2025-10-22_G11,10110074CONDEJ,2025-10-22,118299,1,262,0,1916.0
10110074CONDEJ_2025-10-22_G12,10110074CONDEJ,2025-10-22,110376,1,2,0,103.0
10110074CONDEJ_2025-10-22_G14,10110074CONDEJ,2025-10-22,117809,1,140,0,942.0
10110074CONDEJ_2025-10-22_G15,10110074CONDEJ,2025-10-22,110373,1,40,0,954.0
10110074CONDEJ_2025-10-23_G02,10110074CONDEJ,2025-10-23,110372,1,10,0,131.0
10110074CONDEJ_2025-10-23_G03,10110074CONDEJ,2025-10-23,118299,1,10,0,90.0
10110074CONDEJ_2025-10-23_G04,10110074CONDEJ,2025-10-23,117831,1,3,0,128.0
10110074CONDEJ_2025-10-23_G05,10110074CONDEJ,2025-10-23,111463,1,3,0,50.0
10110074CONDEJ_2025-10-23_G06,10110074CONDEJ,2025-10-23,108795,1,6,0,106.0
10110074CONDEJ_2025-10-23_G07,10110074CONDEJ,2025-10-23,111435,1,8,0,249.0
10110074CONDEJ_2025-10-23_G08,10110074CONDEJ,2025-10-23,141823,1,2,0,67.0
10110074CONDEJ_2025-10-23_G09,10110074CONDEJ,2025-10-23,118317,1,8,0,129.0
10110074CONDEJ_2025-10-23_G10,10110074CONDEJ,2025-10-23,108711,1,3,0,101.0
10110074CONDEJ_2025-10-23_G11,10110074CONDEJ,2025-10-23,117785,1,5,0,131.0
10110074CONDEJ_2025-10-23_G12,10110074CONDEJ,2025-10-23,111444,1,8,0,131.0
10110074CONDEJ_2025-10-23_G13,10110074CONDEJ,2025-10-23,141458,1,20,0,244.0
10110074CONDEJ_2025-10-23_G14,10110074CONDEJ,2025-10-23,110313,1,10,0,916.0
10110074CONDEJ_2025-10-23_G15,10110074CONDEJ,2025-10-23,111876,1,4,0,142.0
10110074CONDEJ_2025-10-23_G16,10110074CONDEJ,2025-10-23,111330,1,4,0,173.0
10110074CONDEJ_2025-10-23_G17,10110074CONDEJ,2025-10-23,111469,1,4,0,159.0
10110074CONDEJ_2025-10-23_G18,10110074CONDEJ,2025-10-23,117830,1,4,0,119.0
10110074CONDEJ_2025-10-23_G19,10110074CONDEJ,2025-10-23,110733,1,3,0,286.0
10110074CONDEJ_2025-10-23_G20,10110074CONDEJ,2025-10-23,110711,1,2,0,78.0
10110074CONDEJ_2025-10-23_G21,10110074CONDEJ,2025-10-23,118140,1,2,0,253.0
10110074CONDEJ_2025-10-23_G22,10110074CONDEJ,2025-10-23,111438,1,24,0,1090.0
10110074CONDEJ_2025-10-23_G23,10110074CONDEJ,2025-10-23,100334,1,6,0,192.0
10110074CONDEJ_2025-10-23_G24,10110074CONDEJ,2025-10-23,110747,1,6,0,796.0
10110074CONDEJ_2025-10-23_G25,10110074CONDEJ,2025-10-23,118281,1,118,0,2040.0
10110074CONDEJ_2025-10-23_G26,10110074CONDEJ,2025-10-23,117820,1,16,0,207.0
10110074CONDEJ_2025-10-23_G27,10110074CONDEJ,2025-10-23,117830,1,70,0,574.0
10110074CONDEJ_2025-10-23_G28,10110074CONDEJ,2025-10-23,117808,1,450,0,832.0
10110074CONDEJ_2025-10-23_G29,10110074CONDEJ,2025-10-23,110373,1,44,0,435.0
10110074CONDEJ_2025-10-23_G31,10110074CONDEJ,2025-10-23,107892,1,4,0,274.0
10110074CONDEJ_2025-10-23_G32,10110074CONDEJ,2025-10-23,110754,1,6,0,140.0
10110074CONDEJ_2025-10-23_G33,10110074CONDEJ,2025-10-23,117820,1,106,0,1209.0
10110074CONDEJ_2025-10-23_G34,10110074CONDEJ,2025-10-23,117832,1,40,0,695.0
10110074CONDEJ_2025-10-23_G35,10110074CONDEJ,2025-10-23,117808,1,29,0,293.0
10110074CONDEJ_2025-10-23_G36,10110074CONDEJ,2025-10-23,110373,1,24,0,152.0
10110074CONDEJ_2025-10-24_G02,10110074CONDEJ,2025-10-24,111602,1,4,0,62.0
10110074CONDEJ_2025-10-24_G03,10110074CONDEJ,2025-10-24,111462,1,1,0,739.0
10110074CONDEJ_2025-10-24_G04,10110074CONDEJ,2025-10-24,111602,1,12,0,842.0
10110074CONDEJ_2025-10-24_G05,10110074CONDEJ,2025-10-24,110787,1,4,0,209.0
10110074CONDEJ_2025-10-24_G06,10110074CONDEJ,2025-10-24,118222,1,4,0,705.0
10110074CONDEJ_2025-10-24_G07,10110074CONDEJ,2025-10-24,110747,1,6,0,134.0
10110074CONDEJ_2025-10-24_G08,10110074CONDEJ,2025-10-24,117832,1,5,0,119.0
10110074CONDEJ_2025-10-24_G09,10110074CONDEJ,2025-10-24,111463,1,4,0,159.0
10110074CONDEJ_2025-10-24_G10,10110074CONDEJ,2025-10-24,110740,1,4,0,156.0
10110074CONDEJ_2025-10-24_G11,10110074CONDEJ,2025-10-24,117820,1,8,0,175.0
10110074CONDEJ_2025-10-24_G12,10110074CONDEJ,2025-10-24,110711,1,4,0,106.0
10110074CONDEJ_2025-10-24_G13,10110074CONDEJ,2025-10-24,117935,1,2,0,117.0
10110074CONDEJ_2025-10-24_G14,10110074CONDEJ,2025-10-24,111467,1,4,0,129.0
10110074CONDEJ_2025-10-24_G15,10110074CONDEJ,2025-10-24,117786,1,2,0,88.0
10110074CONDEJ_2025-10-24_G16,10110074CONDEJ,2025-10-24,140923,1,3,0,258.0
10110074CONDEJ_2025-10-24_G17,10110074CONDEJ,2025-10-24,117855,1,4,0,117.0
10110074CONDEJ_2025-10-24_G18,10110074CONDEJ,2025-10-24,117820,1,4,0,426.0
10110074CONDEJ_2025-10-24_G19,10110074CONDEJ,2025-10-24,117808,1,5,0,208.0
10110074CONDEJ_2025-10-24_G20,10110074CONDEJ,2025-10-24,110373,1,6,0,114.0
10110074CONDEJ_2025-10-24_G21,10110074CONDEJ,2025-10-24,118222,1,7,0,219.0
10110074CONDEJ_2025-10-24_G22,10110074CONDEJ,2025-10-24,110747,1,4,0,156.0
10110074CONDEJ_2025-10-24_G23,10110074CONDEJ,2025-10-24,111569,1,18,0,2721.0
10110074CONDEJ_2025-10-24_G24,10110074CONDEJ,2025-10-24,110813,1,2,0,207.0
10110074CONDEJ_2025-10-24_G25,10110074CONDEJ,2025-10-24,110080,1,1,0,279.0
10110074CONDEJ_2025-10-24_G26,10110074CONDEJ,2025-10-24,118306,1,5,0,158.0
10110074CONDEJ_2025-10-24_G27,10110074CONDEJ,2025-10-24,118283,1,10,0,136.0
10110074CONDEJ_2025-10-24_G28,10110074CONDEJ,2025-10-24,110756,1,9,0,993.0
10110074CONDEJ_2025-10-24_G29,10110074CONDEJ,2025-10-24,117935,1,21,0,233.0
10110074CONDEJ_2025-10-24_G30,10110074CONDEJ,2025-10-24,108361,1,8,0,102.0
10110074CONDEJ_2025-10-24_G31,10110074CONDEJ,2025-10-24,111467,1,30,0,428.0
10110074CONDEJ_2025-10-24_G33,10110074CONDEJ,2025-10-24,110787,1,14,0,159.0
10110074CONDEJ_2025-10-24_G34,10110074CONDEJ,2025-10-24,111418,1,260,0,1140.0
10110074CONDEJ_2025-10-24_G35,10110074CONDEJ,2025-10-24,117785,1,150,0,1083.0
10110074CONDEJ_2025-10-24_G36,10110074CONDEJ,2025-10-24,107830,1,10,0,1912.0
10110074CONDEJ_2025-10-24_G37,10110074CONDEJ,2025-10-24,118269,1,8,0,418.0
10110074CONDEJ_2025-10-24_G38,10110074CONDEJ,2025-10-24,109933,1,4,0,561.0
10110074CONDEJ_2025-10-24_G39,10110074CONDEJ,2025-10-24,118330,1,10,0,2977.0
10110074CONDEJ_2025-10-24_G40,10110074CONDEJ,2025-10-24,141458,1,10,0,91.0
10110074CONDEJ_2025-10-24_G41,10110074CONDEJ,2025-10-24,117821,1,10,0,100.0
10110074CONDEJ_2025-10-24_G42,10110074CONDEJ,2025-10-24,111468,1,5,0,159.0
10110074CONDEJ_2025-10-25_G02,10110074CONDEJ,2025-10-25,110374,1,36,0,336.0
10110074CONDEJ_2025-10-25_G03,10110074CONDEJ,2025-10-25,110374,1,20,0,121.0
10110074CONDEJ_2025-10-25_G04,10110074CONDEJ,2025-10-25,117832,1,40,0,653.0
10110074CONDEJ_2025-10-25_G05,10110074CONDEJ,2025-10-25,117832,1,50,0,311.0
10110074CONDEJ_2025-10-25_G06,10110074CONDEJ,2025-10-25,110325,1,20,0,264.0
10110074CONDEJ_2025-10-25_G07,10110074CONDEJ,2025-10-25,111879,1,4,0,1297.0
10110074CONDEJ_2025-10-25_G08,10110074CONDEJ,2025-10-25,117935,2,6,29,107.0
10110074CONDEJ_2025-10-25_G10,10110074CONDEJ,2025-10-25,118140,1,12,0,87.0
10110074CONDEJ_2025-10-25_G11,10110074CONDEJ,2025-10-25,108794,1,12,0,150.0
10110074CONDEJ_2025-10-25_G12,10110074CONDEJ,2025-10-25,108711,1,12,0,504.0
10110074CONDEJ_2025-10-25_G13,10110074CONDEJ,2025-10-25,117821,1,8,0,152.0
10110074CONDEJ_2025-10-25_G14,10110074CONDEJ,2025-10-25,110787,2,20,8,1159.0
10110074CONDEJ_2025-10-25_G15,10110074CONDEJ,2025-10-25,118222,1,21,0,1948.0
10110074CONDEJ_2025-10-25_G16,10110074CONDEJ,2025-10-25,"108759, 118283",2,31,10,596.0
10110074CONDEJ_2025-10-25_G17,10110074CONDEJ,2025-10-25,117856,1,22,0,707.0
10110074CONDEJ_2025-10-25_G18,10110074CONDEJ,2025-10-25,111467,1,30,0,312.0
10110074CONDEJ_2025-10-25_G19,10110074CONDEJ,2025-10-25,111602,1,25,0,315.0
10110074CONDEJ_2025-10-25_G20,10110074CONDEJ,2025-10-25,105167,1,1,0,218.0
10110074CONDEJ_2025-10-27_G02,10110074CONDEJ,2025-10-27,118222,1,10,0,126.0
10110074CONDEJ_2025-10-27_G03,10110074CONDEJ,2025-10-27,118222,1,30,0,371.0
10110074CONDEJ_2025-10-27_G04,10110074CONDEJ,2025-10-27,110895,1,10,0,640.0
10110074CONDEJ_2025-10-27_G06,10110074CONDEJ,2025-10-27,109648,1,2,0,92.0
10110074CONDEJ_2025-10-27_G07,10110074CONDEJ,2025-10-27,160054,1,6,0,214.0
10110074CONDEJ_2025-10-28_G02,10110074CONDEJ,2025-10-28,110756,1,12,0,118.0
10110074CONDEJ_2025-10-28_G03,10110074CONDEJ,2025-10-28,105470,1,8,0,206.0
10110074CONDEJ_2025-10-28_G04,10110074CONDEJ,2025-10-28,108772,1,20,0,299.0
10110074CONDEJ_2025-10-28_G05,10110074CONDEJ,2025-10-28,110752,1,4,0,77.0
10110074CONDEJ_2025-10-28_G06,10110074CONDEJ,2025-10-28,109640,1,8,0,810.0
10110074CONDEJ_2025-10-28_G07,10110074CONDEJ,2025-10-28,111602,1,60,0,428.0
10110074CONDEJ_2025-10-28_G08,10110074CONDEJ,2025-10-28,141066,1,40,0,426.0
10110074CONDEJ_2025-10-28_G09,10110074CONDEJ,2025-10-28,110339,1,29,0,396.0
10110074CONDEJ_2025-10-28_G10,10110074CONDEJ,2025-10-28,105242,1,1,0,1340.0
10110074CONDEJ_2025-10-28_G11,10110074CONDEJ,2025-10-28,110092,1,12,0,701.0
10110074CONDEJ_2025-10-28_G12,10110074CONDEJ,2025-10-28,107629,1,40,0,228.0
10110074CONDEJ_2025-10-29_G02,10110074CONDEJ,2025-10-29,111466,1,2,0,946.0
10110074CONDEJ_2025-10-29_G03,10110074CONDEJ,2025-10-29,110325,1,4,0,128.0
10110074CONDEJ_2025-10-29_G04,10110074CONDEJ,2025-10-29,109640,1,2,0,185.0
10110074CONDEJ_2025-10-29_G05,10110074CONDEJ,2025-10-29,141823,1,12,0,343.0
10110074CONDEJ_2025-10-29_G06,10110074CONDEJ,2025-10-29,117856,1,6,0,376.0
10110074CONDEJ_2025-10-29_G07,10110074CONDEJ,2025-10-29,117856,1,4,0,62.0
10110074CONDEJ_2025-10-29_G08,10110074CONDEJ,2025-10-29,117856,1,2,0,48.0
10110074CONDEJ_2025-10-29_G09,10110074CONDEJ,2025-10-29,117856,1,4,0,120.0
10110074CONDEJ_2025-10-29_G10,10110074CONDEJ,2025-10-29,111330,1,4,0,167.0
10110074CONDEJ_2025-10-29_G13,10110074CONDEJ,2025-10-29,117841,1,10,0,184.0
10110074CONDEJ_2025-10-29_G14,10110074CONDEJ,2025-10-29,108794,1,1,0,53.0
10110074CONDEJ_2025-10-29_G15,10110074CONDEJ,2025-10-29,108711,1,45,0,849.0
10110074CONDEJ_2025-10-29_G16,10110074CONDEJ,2025-10-29,111467,1,20,0,717.0
10110074CONDEJ_2025-10-29_G17,10110074CONDEJ,2025-10-29,101217,1,2,0,85.0
10110074CONDEJ_2025-10-29_G18,10110074CONDEJ,2025-10-29,114100,1,9,0,2732.0
10110074CONDEJ_2025-10-29_G19,10110074CONDEJ,2025-10-29,140923,1,3,0,1259.0
10110074CONDEJ_2025-10-29_G20,10110074CONDEJ,2025-10-29,110339,1,3,0,94.0
10110074CONDEJ_2025-10-29_G21,10110074CONDEJ,2025-10-29,117831,1,7,0,186.0
10110074CONDEJ_2025-10-29_G22,10110074CONDEJ,2025-10-29,141262,1,41,0,1417.0
10110074CONDEJ_2025-10-29_G23,10110074CONDEJ,2025-10-29,111634,1,7,0,123.0
10110074CONDEJ_2025-10-29_G24,10110074CONDEJ,2025-10-29,117832,1,2,0,73.0
10110074CONDEJ_2025-10-29_G25,10110074CONDEJ,2025-10-29,118299,1,89,0,984.0
10110074CONDEJ_2025-10-30_G02,10110074CONDEJ,2025-10-30,111430,1,31,0,493.0
10110074CONDEJ_2025-10-30_G03,10110074CONDEJ,2025-10-30,110749,1,30,0,785.0
10110074CONDEJ_2025-10-30_G04,10110074CONDEJ,2025-10-30,117853,1,95,0,854.0
10110074CONDEJ_2025-10-30_G05,10110074CONDEJ,2025-10-30,110750,1,18,0,281.0
10110074CONDEJ_2025-10-30_G06,10110074CONDEJ,2025-10-30,110756,1,2,0,41.0
10110074CONDEJ_2025-10-30_G07,10110074CONDEJ,2025-10-30,111433,1,36,0,519.0
10110074CONDEJ_2025-10-30_G08,10110074CONDEJ,2025-10-30,117831,1,111,0,322.0
10110074CONDEJ_2025-10-30_G09,10110074CONDEJ,2025-10-30,141823,2,396,1,298.0
10110074CONDEJ_2025-10-30_G10,10110074CONDEJ,2025-10-30,108798,1,41,0,1516.0
10110074CONDEJ_2025-10-30_G11,10110074CONDEJ,2025-10-30,117787,1,55,0,483.0
10110074CONDEJ_2025-10-30_G12,10110074CONDEJ,2025-10-30,117821,1,25,0,304.0
10110074CONDEJ_2025-10-30_G13,10110074CONDEJ,2025-10-30,117830,1,22,0,2414.0
10110074CONDEJ_2025-10-30_G14,10110074CONDEJ,2025-10-30,117830,1,14,0,69.0
10110074CONDEJ_2025-10-30_G15,10110074CONDEJ,2025-10-30,110373,1,80,0,732.0
10110074CONDEJ_2025-10-30_G16,10110074CONDEJ,2025-10-30,118299,1,300,0,875.0
10110074CONDEJ_2025-10-30_G17,10110074CONDEJ,2025-10-30,111602,1,8,0,2440.0
10110074CONDEJ_2025-10-30_G18,10110074CONDEJ,2025-10-30,110754,1,4,0,109.0
10110074CONDEJ_2025-10-30_G19,10110074CONDEJ,2025-10-30,111532,1,10,0,115.0
10110074CONDEJ_2025-10-30_G20,10110074CONDEJ,2025-10-30,111532,1,8,0,217.0
10110074CONDEJ_2025-10-30_G21,10110074CONDEJ,2025-10-30,109643,1,4,0,171.0
10110074CONDEJ_2025-10-30_G22,10110074CONDEJ,2025-10-30,110374,1,8,0,102.0
10110074CONDEJ_2025-10-30_G23,10110074CONDEJ,2025-10-30,117808,1,4,0,260.0
10110074CONDEJ_2025-10-30_G25,10110074CONDEJ,2025-10-30,117808,1,116,0,852.0
10110074CONDEJ_2025-10-30_G26,10110074CONDEJ,2025-10-30,110371,1,57,0,528.0
10110074CONDEJ_2025-10-30_G27,10110074CONDEJ,2025-10-30,110375,1,30,0,887.0
10110074CONDEJ_2025-10-30_G28,10110074CONDEJ,2025-10-30,117808,1,50,0,828.0
10110074CONDEJ_2025-10-30_G30,10110074CONDEJ,2025-10-30,118299,1,400,0,1181.0
10110074CONDEJ_2025-10-31_G02,10110074CONDEJ,2025-10-31,111441,1,8,0,143.0
10110074CONDEJ_2025-10-31_G03,10110074CONDEJ,2025-10-31,111469,1,5,0,250.0
10110074CONDEJ_2025-10-31_G04,10110074CONDEJ,2025-10-31,111469,1,145,0,590.0
10110074CONDEJ_2025-10-31_G05,10110074CONDEJ,2025-10-31,111438,1,150,0,1495.0
10110074CONDEJ_2025-10-31_G06,10110074CONDEJ,2025-10-31,107830,1,22,0,1295.0
10110074CONDEJ_2025-10-31_G07,10110074CONDEJ,2025-10-31,110376,1,11,0,246.0
10110074CONDEJ_2025-10-31_G08,10110074CONDEJ,2025-10-31,110325,1,46,0,435.0
10110074CONDEJ_2025-10-31_G09,10110074CONDEJ,2025-10-31,108770,1,35,0,1439.0
10110074CONDEJ_2025-10-31_G10,10110074CONDEJ,2025-10-31,111438,1,8,0,582.0
10110074CONDEJ_2025-10-31_G11,10110074CONDEJ,2025-10-31,108759,1,6,0,105.0
10110074CONDEJ_2025-10-31_G12,10110074CONDEJ,2025-10-31,110741,1,39,0,772.0
10110074CONDEJ_2025-10-31_G13,10110074CONDEJ,2025-10-31,111876,1,26,0,599.0
10110074CONDEJ_2025-10-31_G14,10110074CONDEJ,2025-10-31,117855,1,300,0,1213.0
10110074CONDEJ_2025-10-31_G15,10110074CONDEJ,2025-10-31,110895,1,4,0,848.0
10110074CONDEJ_2025-10-31_G16,10110074CONDEJ,2025-10-31,110895,1,3,0,144.0
10110074CONDEJ_2025-10-31_G17,10110074CONDEJ,2025-10-31,110895,1,5,0,119.0
10110074CONDEJ_2025-10-31_G18,10110074CONDEJ,2025-10-31,110895,1,9,0,71.0
10110074CONDEJ_2025-10-31_G19,10110074CONDEJ,2025-10-31,110895,1,4,0,36.0
10110074CONDEJ_2025-10-31_G20,10110074CONDEJ,2025-10-31,111436,1,12,0,193.0
10110074CONDEJ_2025-10-31_G21,10110074CONDEJ,2025-10-31,111441,1,1,0,100.0
10110074CONDEJ_2025-10-31_G22,10110074CONDEJ,2025-10-31,111441,1,8,0,69.0
10110074CONDEJ_2025-10-31_G23,10110074CONDEJ,2025-10-31,111441,8,64,90,3470.0
10110074CONDEJ_2025-10-31_G24,10110074CONDEJ,2025-10-31,110742,1,2,0,1974.0
10110074CONDEJ_2025-10-31_G25,10110074CONDEJ,2025-10-31,117820,1,42,0,1128.0
10110074CONDEJ_2025-10-31_G26,10110074CONDEJ,2025-10-31,117830,1,28,0,144.0
10110074CONDEJ_2025-10-31_G27,10110074CONDEJ,2025-10-31,110372,1,131,0,1293.0
10110074CONDEJ_2025-10-31_G28,10110074CONDEJ,2025-10-31,118299,1,413,0,1263.0
10110074CONDEJ_2025-11-05_G02,10110074CONDEJ,2025-11-05,111445,1,8,0,258.0
10110074CONDEJ_2025-11-05_G03,10110074CONDEJ,2025-11-05,111569,1,2,0,89.0
10110074CONDEJ_2025-11-05_G04,10110074CONDEJ,2025-11-05,111182,1,2,0,120.0
10110074CONDEJ_2025-11-05_G05,10110074CONDEJ,2025-11-05,111430,1,4,0,1639.0
10110074CONDEJ_2025-11-05_G06,10110074CONDEJ,2025-11-05,118222,1,2,0,125.0
10110074CONDEJ_2025-11-05_G07,10110074CONDEJ,2025-11-05,111569,1,4,0,166.0
10110074CONDEJ_2025-11-05_G08,10110074CONDEJ,2025-11-05,110733,1,4,0,116.0
10110074CONDEJ_2025-11-05_G09,10110074CONDEJ,2025-11-05,110711,1,1,0,103.0
10110074CONDEJ_2025-11-05_G10,10110074CONDEJ,2025-11-05,111602,1,4,0,111.0
10110074CONDEJ_2025-11-05_G11,10110074CONDEJ,2025-11-05,117855,1,4,0,71.0
10110074CONDEJ_2025-11-05_G12,10110074CONDEJ,2025-11-05,111463,1,8,0,176.0
10110074CONDEJ_2025-11-05_G13,10110074CONDEJ,2025-11-05,118140,1,1,0,116.0
10110074CONDEJ_2025-11-05_G14,10110074CONDEJ,2025-11-05,110787,1,4,0,91.0
10110074CONDEJ_2025-11-05_G15,10110074CONDEJ,2025-11-05,111469,1,6,0,127.0
10110074CONDEJ_2025-11-05_G16,10110074CONDEJ,2025-11-05,118223,1,4,0,113.0
10110074CONDEJ_2025-11-05_G17,10110074CONDEJ,2025-11-05,111442,1,4,0,131.0
10110074CONDEJ_2025-11-05_G18,10110074CONDEJ,2025-11-05,141458,1,4,0,252.0
10110074CONDEJ_2025-11-05_G19,10110074CONDEJ,2025-11-05,109643,1,4,0,267.0
10110074CONDEJ_2025-11-05_G20,10110074CONDEJ,2025-11-05,118299,1,12,0,112.0
10110074CONDEJ_2025-11-05_G21,10110074CONDEJ,2025-11-05,110373,1,6,0,154.0
10110074CONDEJ_2025-11-06_G02,10110074CONDEJ,2025-11-06,110374,1,10,0,306.0
10110074CONDEJ_2025-11-06_G04,10110074CONDEJ,2025-11-06,110374,1,8,0,2562.0
10110074CONDEJ_2025-11-06_G05,10110074CONDEJ,2025-11-06,117809,1,40,0,160.0
10110074CONDEJ_2025-11-06_G06,10110074CONDEJ,2025-11-06,117809,1,30,0,86.0
10110074CONDEJ_2025-11-06_G07,10110074CONDEJ,2025-11-06,117820,1,40,0,588.0
10110074CONDEJ_2025-11-06_G08,10110074CONDEJ,2025-11-06,107830,1,30,0,424.0
10110074CONDEJ_2025-11-06_G09,10110074CONDEJ,2025-11-06,117830,1,8,0,87.0
10110074CONDEJ_2025-11-06_G10,10110074CONDEJ,2025-11-06,117832,1,30,0,222.0
10110074CONDEJ_2025-11-07_G02,10110074CONDEJ,2025-11-07,111430,1,2,0,695.0
10110074CONDEJ_2025-11-07_G03,10110074CONDEJ,2025-11-07,111438,1,4,0,205.0
10110074CONDEJ_2025-11-07_G04,10110074CONDEJ,2025-11-07,110755,1,2,0,120.0
10110074CONDEJ_2025-11-07_G05,10110074CONDEJ,2025-11-07,111569,1,4,0,68.0
10110074CONDEJ_2025-11-07_G06,10110074CONDEJ,2025-11-07,111569,1,6,0,56.0
10110074CONDEJ_2025-11-07_G07,10110074CONDEJ,2025-11-07,111569,1,8,0,137.0
10110074CONDEJ_2025-11-07_G08,10110074CONDEJ,2025-11-07,111418,1,390,0,1237.0
10110074CONDEJ_2025-11-07_G09,10110074CONDEJ,2025-11-07,118140,1,200,0,821.0
10110074CONDEJ_2025-11-07_G11,10110074CONDEJ,2025-11-07,117820,1,33,0,532.0
10110074CONDEJ_2025-11-07_G12,10110074CONDEJ,2025-11-07,117830,1,40,0,546.0
10110074CONDEJ_2025-11-07_G13,10110074CONDEJ,2025-11-07,117832,1,30,0,361.0
10110074CONDEJ_2025-11-07_G14,10110074CONDEJ,2025-11-07,117808,1,400,0,781.0
10110074CONDEJ_2025-11-07_G15,10110074CONDEJ,2025-11-07,118416,1,25,0,1295.0
10110074CONDEJ_2025-11-07_G16,10110074CONDEJ,2025-11-07,117788,1,6,0,464.0
10110074CONDEJ_2025-11-07_G17,10110074CONDEJ,2025-11-07,117837,1,40,0,613.0
10110074CONDEJ_2025-11-07_G18,10110074CONDEJ,2025-11-07,108772,1,7,0,162.0
10110074CONDEJ_2025-11-07_G19,10110074CONDEJ,2025-11-07,141047,1,40,0,607.0
10110074CONDEJ_2025-11-08_G02,10110074CONDEJ,2025-11-08,100334,1,4,0,85.0
10110074CONDEJ_2025-11-08_G03,10110074CONDEJ,2025-11-08,110895,1,5,0,127.0
10110074CONDEJ_2025-11-08_G04,10110074CONDEJ,2025-11-08,110895,1,3,0,66.0
10110074CONDEJ_2025-11-08_G05,10110074CONDEJ,2025-11-08,107892,1,2,0,175.0
10110074CONDEJ_2025-11-08_G06,10110074CONDEJ,2025-11-08,109643,1,2,0,269.0
10110074CONDEJ_2025-11-08_G07,10110074CONDEJ,2025-11-08,117832,1,5,0,90.0
10110074CONDEJ_2025-11-08_G08,10110074CONDEJ,2025-11-08,110374,1,2,0,100.0
10110074CONDEJ_2025-11-08_G09,10110074CONDEJ,2025-11-08,110374,1,3,0,41.0
10110074CONDEJ_2025-11-08_G10,10110074CONDEJ,2025-11-08,117830,1,2,0,98.0
10110074CONDEJ_2025-11-08_G11,10110074CONDEJ,2025-11-08,117808,1,16,0,157.0
10110074CONDEJ_2025-11-08_G12,10110074CONDEJ,2025-11-08,100334,1,2,0,1063.0
10110074CONDEJ_2025-11-08_G13,10110074CONDEJ,2025-11-08,110711,1,4,0,328.0
10110074CONDEJ_2025-11-08_G14,10110074CONDEJ,2025-11-08,111467,1,6,0,108.0
10110074CONDEJ_2025-11-08_G16,10110074CONDEJ,2025-11-08,110313,1,4,0,2295.0
10110074CONDEJ_2025-11-08_G17,10110074CONDEJ,2025-11-08,110313,1,4,0,65.0
10110074CONDEJ_2025-11-08_G18,10110074CONDEJ,2025-11-08,140922,1,6,0,149.0
10110074CONDEJ_2025-11-08_G19,10110074CONDEJ,2025-11-08,111792,1,1,0,2560.0
10110074CONDEJ_2025-11-10_G02,10110074CONDEJ,2025-11-10,110374,1,12,0,149.0
10110074CONDEJ_2025-11-10_G03,10110074CONDEJ,2025-11-10,117820,1,12,0,150.0
10110074CONDEJ_2025-11-10_G04,10110074CONDEJ,2025-11-10,117830,1,4,0,61.0
10110074CONDEJ_2025-11-10_G05,10110074CONDEJ,2025-11-10,117808,1,5,0,72.0
10110074CONDEJ_2025-11-10_G06,10110074CONDEJ,2025-11-10,110372,1,2,0,66.0
10110074CONDEJ_2025-11-10_G07,10110074CONDEJ,2025-11-10,110372,1,34,0,232.0
10110074CONDEJ_2025-11-10_G08,10110074CONDEJ,2025-11-10,110373,1,16,0,537.0
10110074CONDEJ_2025-11-10_G09,10110074CONDEJ,2025-11-10,118222,1,2,0,505.0
10110074CONDEJ_2025-11-10_G10,10110074CONDEJ,2025-11-10,111441,1,18,0,279.0
10110074CONDEJ_2025-11-10_G11,10110074CONDEJ,2025-11-10,111441,1,6,0,92.0
10110074CONDEJ_2025-11-10_G12,10110074CONDEJ,2025-11-10,110895,1,8,0,204.0
10110074CONDEJ_2025-11-10_G13,10110074CONDEJ,2025-11-10,111569,1,12,0,674.0
10110074CONDEJ_2025-11-10_G14,10110074CONDEJ,2025-11-10,141318,1,8,0,240.0
10110074CONDEJ_2025-11-10_G15,10110074CONDEJ,2025-11-10,110733,1,4,0,205.0
10110074CONDEJ_2025-11-10_G16,10110074CONDEJ,2025-11-10,117820,1,4,0,235.0
10110074CONDEJ_2025-11-10_G17,10110074CONDEJ,2025-11-10,110733,1,2,0,1902.0
10110074CONDEJ_2025-11-10_G18,10110074CONDEJ,2025-11-10,118140,1,4,0,111.0
10110074CONDEJ_2025-11-10_G19,10110074CONDEJ,2025-11-10,140922,1,4,0,62.0
10110074CONDEJ_2025-11-10_G20,10110074CONDEJ,2025-11-10,140923,1,19,0,289.0
10110074CONDEJ_2025-11-10_G21,10110074CONDEJ,2025-11-10,117820,1,10,0,894.0
10110074CONDEJ_2025-11-10_G22,10110074CONDEJ,2025-11-10,117830,1,2,0,52.0
10110074CONDEJ_2025-11-10_G23,10110074CONDEJ,2025-11-10,110372,1,3,0,110.0
10110074CONDEJ_2025-11-10_G24,10110074CONDEJ,2025-11-10,118299,1,8,0,285.0
10110074CONDEJ_2025-11-10_G25,10110074CONDEJ,2025-11-10,117786,1,4,0,188.0
10110074CONDEJ_2025-11-10_G26,10110074CONDEJ,2025-11-10,111467,1,3,0,87.0
10110074CONDEJ_2025-11-10_G27,10110074CONDEJ,2025-11-10,110313,1,4,0,110.0
10110074CONDEJ_2025-11-10_G28,10110074CONDEJ,2025-11-10,118094,1,4,0,88.0
10110074CONDEJ_2025-11-10_G29,10110074CONDEJ,2025-11-10,111879,1,4,0,73.0
10110074CONDEJ_2025-11-10_G30,10110074CONDEJ,2025-11-10,117862,1,4,0,92.0
10110074CONDEJ_2025-11-10_G31,10110074CONDEJ,2025-11-10,118222,1,2,0,1130.0
10110074CONDEJ_2025-11-10_G32,10110074CONDEJ,2025-11-10,111441,1,2,0,175.0
10110074CONDEJ_2025-11-10_G33,10110074CONDEJ,2025-11-10,111441,1,6,0,34.0
10110074CONDEJ_2025-11-10_G34,10110074CONDEJ,2025-11-10,110895,1,10,0,565.0
10110074CONDEJ_2025-11-10_G35,10110074CONDEJ,2025-11-10,141318,1,4,0,117.0
10110074CONDEJ_2025-11-10_G36,10110074CONDEJ,2025-11-10,111569,1,2,0,238.0
10110074CONDEJ_2025-11-10_G38,10110074CONDEJ,2025-11-10,109640,1,4,0,161.0
10110074CONDEJ_2025-11-10_G39,10110074CONDEJ,2025-11-10,111532,1,2,0,130.0
10110074CONDEJ_2025-11-10_G40,10110074CONDEJ,2025-11-10,117831,1,4,0,691.0
10110074CONDEJ_2025-11-10_G41,10110074CONDEJ,2025-11-10,118140,1,4,0,122.0
10110074CONDEJ_2025-11-10_G42,10110074CONDEJ,2025-11-10,140922,1,4,0,57.0
10110074CONDEJ_2025-11-10_G43,10110074CONDEJ,2025-11-10,141202,1,4,0,183.0
10110074CONDEJ_2025-11-10_G44,10110074CONDEJ,2025-11-10,118140,1,8,0,166.0
10110074CONDEJ_2025-11-10_G45,10110074CONDEJ,2025-11-10,141823,1,12,0,245.0
10110074CONDEJ_2025-11-10_G46,10110074CONDEJ,2025-11-10,141202,1,4,0,65.0
10110074CONDEJ_2025-11-10_G47,10110074CONDEJ,2025-11-10,110313,1,2,0,252.0
10110074CONDEJ_2025-11-10_G48,10110074CONDEJ,2025-11-10,111602,1,2,0,182.0
10110074CONDEJ_2025-11-10_G49,10110074CONDEJ,2025-11-10,117831,1,24,0,246.0
10110074CONDEJ_2025-11-10_G50,10110074CONDEJ,2025-11-10,111469,1,5,0,117.0
10110074CONDEJ_2025-11-10_G51,10110074CONDEJ,2025-11-10,117785,1,8,0,154.0
10110074CONDEJ_2025-11-10_G52,10110074CONDEJ,2025-11-10,117809,1,11,0,489.0
10110074CONDEJ_2025-11-10_G53,10110074CONDEJ,2025-11-10,117820,1,14,0,201.0
10110074CONDEJ_2025-11-10_G54,10110074CONDEJ,2025-11-10,117830,1,6,0,93.0
10110074CONDEJ_2025-11-10_G55,10110074CONDEJ,2025-11-10,117808,1,73,0,248.0
10110074CONDEJ_2025-11-10_G56,10110074CONDEJ,2025-11-10,110372,1,6,0,82.0
10110074CONDEJ_2025-11-10_G57,10110074CONDEJ,2025-11-10,118299,1,78,0,732.0
10110074CONDEJ_2025-11-10_G58,10110074CONDEJ,2025-11-10,110373,1,10,0,478.0
10110074CONDEJ_2025-11-10_G59,10110074CONDEJ,2025-11-10,110313,1,6,0,662.0
10110074CONDEJ_2025-11-10_G60,10110074CONDEJ,2025-11-10,141047,1,2,0,72.0
10110074CONDEJ_2025-11-10_G61,10110074CONDEJ,2025-11-10,118140,1,4,0,674.0
10110074CONDEJ_2025-11-10_G62,10110074CONDEJ,2025-11-10,118140,1,8,0,489.0
10110074CONDEJ_2025-11-10_G63,10110074CONDEJ,2025-11-10,117835,1,3,0,1702.0
10110074CONDEJ_2025-11-10_G64,10110074CONDEJ,2025-11-10,111430,1,34,0,734.0
10110074CONDEJ_2025-11-10_G65,10110074CONDEJ,2025-11-10,111430,1,4,0,84.0
10110074CONDEJ_2025-11-10_G66,10110074CONDEJ,2025-11-10,111441,1,2,0,38.0
10110074CONDEJ_2025-11-10_G67,10110074CONDEJ,2025-11-10,111445,1,8,0,241.0
10110074CONDEJ_2025-11-10_G68,10110074CONDEJ,2025-11-10,110755,1,30,0,574.0
10110074CONDEJ_2025-11-10_G69,10110074CONDEJ,2025-11-10,110755,1,2,0,33.0
10110074CONDEJ_2025-11-11_G02,10110074CONDEJ,2025-11-11,110733,1,7,0,110.0
10110074CONDEJ_2025-11-11_G03,10110074CONDEJ,2025-11-11,117786,1,30,0,246.0
10110074CONDEJ_2025-11-11_G04,10110074CONDEJ,2025-11-11,117808,1,900,0,1890.0
10110074CONDEJ_2025-11-11_G05,10110074CONDEJ,2025-11-11,110372,1,300,0,1516.0
10110074CONDEJ_2025-11-11_G06,10110074CONDEJ,2025-11-11,118222,1,18,0,984.0
10110074CONDEJ_2025-11-11_G07,10110074CONDEJ,2025-11-11,110895,1,32,0,614.0
10110074CONDEJ_2025-11-11_G08,10110074CONDEJ,2025-11-11,110895,1,33,0,225.0
10110074CONDEJ_2025-11-11_G09,10110074CONDEJ,2025-11-11,110895,1,30,0,47.0
10110074CONDEJ_2025-11-11_G10,10110074CONDEJ,2025-11-11,110755,1,7,0,1053.0
10110074CONDEJ_2025-11-11_G11,10110074CONDEJ,2025-11-11,111660,1,8,0,361.0
10110074CONDEJ_2025-11-11_G12,10110074CONDEJ,2025-11-11,107892,1,1,0,134.0
10110074CONDEJ_2025-11-11_G13,10110074CONDEJ,2025-11-11,111569,1,10,0,412.0
10110074CONDEJ_2025-11-11_G14,10110074CONDEJ,2025-11-11,110313,1,22,0,155.0
10110074CONDEJ_2025-11-11_G15,10110074CONDEJ,2025-11-11,108701,1,8,0,162.0
10110074CONDEJ_2025-11-11_G16,10110074CONDEJ,2025-11-11,111439,1,7,0,114.0
10110074CONDEJ_2025-11-11_G17,10110074CONDEJ,2025-11-11,111876,1,5,0,100.0
10110074CONDEJ_2025-11-11_G18,10110074CONDEJ,2025-11-11,117837,1,8,0,316.0
10110074CONDEJ_2025-11-11_G19,10110074CONDEJ,2025-11-11,117786,1,80,0,415.0
10110074CONDEJ_2025-11-11_G21,10110074CONDEJ,2025-11-11,110750,1,9,0,176.0
10110074CONDEJ_2025-11-11_G22,10110074CONDEJ,2025-11-11,108772,1,6,0,141.0
10110074CONDEJ_2025-11-11_G23,10110074CONDEJ,2025-11-11,111467,1,12,0,190.0
10110074CONDEJ_2025-11-11_G24,10110074CONDEJ,2025-11-11,117862,1,108,0,104.0
10110074CONDEJ_2025-11-11_G25,10110074CONDEJ,2025-11-11,"111602, 141066",2,45,28,41.0
10110074CONDEJ_2025-11-11_G26,10110074CONDEJ,2025-11-11,118140,1,23,0,2504.0
10110074CONDEJ_2025-11-11_G27,10110074CONDEJ,2025-11-11,105705,1,2,0,43.0
10110074CONDEJ_2025-11-11_G28,10110074CONDEJ,2025-11-11,109645,1,4,0,145.0
10110074CONDEJ_2025-11-11_G29,10110074CONDEJ,2025-11-11,110751,1,6,0,37.0
10110074CONDEJ_2025-11-11_G30,10110074CONDEJ,2025-11-11,111348,1,7,0,300.0
10110074CONDEJ_2025-11-11_G31,10110074CONDEJ,2025-11-11,111418,1,2,0,205.0
10110074CONDEJ_2025-11-11_G32,10110074CONDEJ,2025-11-11,111469,1,2,0,56.0
10110074CONDEJ_2025-11-11_G33,10110074CONDEJ,2025-11-11,111469,1,22,0,105.0
10110074CONDEJ_2025-11-11_G34,10110074CONDEJ,2025-11-11,111466,1,2,0,249.0
10110074CONDEJ_2025-11-11_G35,10110074CONDEJ,2025-11-11,108711,1,9,0,88.0
10110074CONDEJ_2025-11-11_G36,10110074CONDEJ,2025-11-11,117833,1,7,0,128.0
10110074CONDEJ_2025-11-11_G37,10110074CONDEJ,2025-11-11,117831,1,37,0,1365.0
10110074CONDEJ_2025-11-11_G38,10110074CONDEJ,2025-11-11,141457,1,65,0,749.0
10110074CONDEJ_2025-11-11_G39,10110074CONDEJ,2025-11-11,141823,1,56,0,986.0
10110074CONDEJ_2025-11-11_G40,10110074CONDEJ,2025-11-11,111439,1,4,0,695.0
10110074CONDEJ_2025-11-11_G41,10110074CONDEJ,2025-11-11,140923,1,2,0,86.0
10110074CONDEJ_2025-11-11_G42,10110074CONDEJ,2025-11-11,118140,1,10,0,305.0
10110074CONDEJ_2025-11-11_G43,10110074CONDEJ,2025-11-11,111433,1,4,0,74.0
10110074CONDEJ_2025-11-11_G44,10110074CONDEJ,2025-11-11,140922,1,13,0,130.0
10110074CONDEJ_2025-11-11_G45,10110074CONDEJ,2025-11-11,111469,1,2,0,106.0
10110074CONDEJ_2025-11-11_G46,10110074CONDEJ,2025-11-11,111442,1,6,0,105.0
10110074CONDEJ_2025-11-11_G47,10110074CONDEJ,2025-11-11,111444,1,3,0,62.0
10110074CONDEJ_2025-11-11_G48,10110074CONDEJ,2025-11-11,111462,1,8,0,96.0
10110074CONDEJ_2025-11-11_G49,10110074CONDEJ,2025-11-11,111469,1,20,0,688.0
10110074CONDEJ_2025-11-11_G50,10110074CONDEJ,2025-11-11,117785,1,6,0,212.0
10110074CONDEJ_2025-11-11_G51,10110074CONDEJ,2025-11-11,111418,1,24,0,419.0
10110074CONDEJ_2025-11-12_G02,10110074CONDEJ,2025-11-12,141047,1,1,0,102.0
10110074CONDEJ_2025-11-12_G03,10110074CONDEJ,2025-11-12,111463,1,21,0,421.0
10110074CONDEJ_2025-11-12_G04,10110074CONDEJ,2025-11-12,108711,1,2,0,87.0
10110074CONDEJ_2025-11-12_G05,10110074CONDEJ,2025-11-12,141458,1,32,0,2883.0
10110074CONDEJ_2025-11-12_G06,10110074CONDEJ,2025-11-12,141047,1,4,0,191.0
10110074CONDEJ_2025-11-12_G07,10110074CONDEJ,2025-11-12,110313,1,2,0,782.0
10110074CONDEJ_2025-11-12_G08,10110074CONDEJ,2025-11-12,117862,1,2,0,134.0
10110074CONDEJ_2025-11-12_G09,10110074CONDEJ,2025-11-12,140923,1,1,0,90.0
10110074CONDEJ_2025-11-12_G10,10110074CONDEJ,2025-11-12,111602,1,1,0,102.0
10110074CONDEJ_2025-11-12_G11,10110074CONDEJ,2025-11-12,141318,1,4,0,129.0
10110074CONDEJ_2025-11-12_G12,10110074CONDEJ,2025-11-12,118222,1,3,0,223.0
10110074CONDEJ_2025-11-12_G13,10110074CONDEJ,2025-11-12,110895,1,6,0,182.0
10110074CONDEJ_2025-11-12_G14,10110074CONDEJ,2025-11-12,111439,1,2,0,3570.0
10110074CONDEJ_2025-11-12_G15,10110074CONDEJ,2025-11-12,111876,1,4,0,72.0
10110074CONDEJ_2025-11-12_G16,10110074CONDEJ,2025-11-12,111467,1,16,0,280.0
10110074CONDEJ_2025-11-12_G17,10110074CONDEJ,2025-11-12,105705,1,12,0,248.0
10110074CONDEJ_2025-11-12_G18,10110074CONDEJ,2025-11-12,117821,1,8,0,124.0
10110074CONDEJ_2025-11-12_G19,10110074CONDEJ,2025-11-12,140922,1,11,0,370.0
10110074CONDEJ_2025-11-12_G20,10110074CONDEJ,2025-11-12,118140,1,24,0,588.0
10110074CONDEJ_2025-11-12_G21,10110074CONDEJ,2025-11-12,111463,1,8,0,119.0
10110074CONDEJ_2025-11-12_G22,10110074CONDEJ,2025-11-12,111743,1,1,0,814.0
10110074CONDEJ_2025-11-12_G23,10110074CONDEJ,2025-11-12,141458,1,16,0,640.0
10110074CONDEJ_2025-11-12_G24,10110074CONDEJ,2025-11-12,111532,1,2,0,227.0
10110074CONDEJ_2025-11-12_G25,10110074CONDEJ,2025-11-12,117820,1,334,0,1810.0
10110074CONDEJ_2025-11-12_G26,10110074CONDEJ,2025-11-12,117830,1,59,0,452.0
10110074CONDEJ_2025-11-12_G28,10110074CONDEJ,2025-11-12,109645,1,4,0,33.0
10110074CONDEJ_2025-11-12_G29,10110074CONDEJ,2025-11-12,110745,1,15,0,703.0
10110074CONDEJ_2025-11-12_G30,10110074CONDEJ,2025-11-12,140922,1,8,0,57.0
10110074CONDEJ_2025-11-12_G31,10110074CONDEJ,2025-11-12,141456,1,10,0,157.0
10110074CONDEJ_2025-11-12_G32,10110074CONDEJ,2025-11-12,111463,1,6,0,58.0
10110074CONDEJ_2025-11-12_G33,10110074CONDEJ,2025-11-12,115817,1,4,0,77.0
10110074CONDEJ_2025-11-12_G34,10110074CONDEJ,2025-11-12,117787,1,5,0,111.0
10110074CONDEJ_2025-11-12_G35,10110074CONDEJ,2025-11-12,109641,1,6,0,104.0
10110074CONDEJ_2025-11-12_G36,10110074CONDEJ,2025-11-12,118094,1,10,0,1396.0
10110074CONDEJ_2025-11-12_G37,10110074CONDEJ,2025-11-12,111876,1,4,0,207.0
10110074CONDEJ_2025-11-12_G38,10110074CONDEJ,2025-11-12,117861,1,1,0,97.0
10110074CONDEJ_2025-11-12_G39,10110074CONDEJ,2025-11-12,117856,1,10,0,116.0
10110074CONDEJ_2025-11-12_G40,10110074CONDEJ,2025-11-12,117862,1,7,0,83.0
10110074CONDEJ_2025-11-12_G41,10110074CONDEJ,2025-11-12,111467,1,10,0,144.0
10110074CONDEJ_2025-11-12_G42,10110074CONDEJ,2025-11-12,117785,1,10,0,1131.0
10110074CONDEJ_2025-11-12_G43,10110074CONDEJ,2025-11-12,141458,1,17,0,146.0
10110074CONDEJ_2025-11-12_G44,10110074CONDEJ,2025-11-12,117808,1,2000,0,3422.0
10110074CONDEJ_2025-11-13_G02,10110074CONDEJ,2025-11-13,117809,1,8,0,282.0
10110074CONDEJ_2025-11-13_G03,10110074CONDEJ,2025-11-13,118317,1,2,0,228.0
10110074CONDEJ_2025-11-13_G04,10110074CONDEJ,2025-11-13,118140,1,2,0,837.0
10110074CONDEJ_2025-11-13_G05,10110074CONDEJ,2025-11-13,141458,1,6,0,181.0
10110074CONDEJ_2025-11-13_G06,10110074CONDEJ,2025-11-13,108759,1,2,0,155.0
10110074CONDEJ_2025-11-13_G07,10110074CONDEJ,2025-11-13,110787,1,2,0,150.0
10110074CONDEJ_2025-11-13_G08,10110074CONDEJ,2025-11-13,117853,1,4,0,330.0
10110074CONDEJ_2025-11-13_G09,10110074CONDEJ,2025-11-13,117821,1,6,0,1301.0
10110074CONDEJ_2025-11-13_G10,10110074CONDEJ,2025-11-13,110740,1,4,0,135.0
10110074CONDEJ_2025-11-13_G11,10110074CONDEJ,2025-11-13,111348,1,8,0,491.0
10110074CONDEJ_2025-11-13_G12,10110074CONDEJ,2025-11-13,110787,1,24,0,179.0
10110074CONDEJ_2025-11-13_G13,10110074CONDEJ,2025-11-13,109641,1,15,0,421.0
10110074CONDEJ_2025-11-13_G14,10110074CONDEJ,2025-11-13,141457,1,20,0,466.0
10110074CONDEJ_2025-11-13_G15,10110074CONDEJ,2025-11-13,111743,1,12,0,703.0
10110074CONDEJ_2025-11-13_G16,10110074CONDEJ,2025-11-13,116241,1,20,0,587.0
10110074CONDEJ_2025-11-13_G17,10110074CONDEJ,2025-11-13,117835,1,2,0,1292.0
10110074CONDEJ_2025-11-13_G18,10110074CONDEJ,2025-11-13,108759,1,4,0,120.0
10110074CONDEJ_2025-11-13_G19,10110074CONDEJ,2025-11-13,118094,1,6,0,141.0
10110074CONDEJ_2025-11-13_G20,10110074CONDEJ,2025-11-13,140923,1,12,0,271.0
10110074CONDEJ_2025-11-13_G21,10110074CONDEJ,2025-11-13,111467,1,4,0,113.0
10110074CONDEJ_2025-11-13_G22,10110074CONDEJ,2025-11-13,117831,1,6,0,155.0
10110074CONDEJ_2025-11-13_G23,10110074CONDEJ,2025-11-13,141456,1,8,0,120.0
10110074CONDEJ_2025-11-13_G24,10110074CONDEJ,2025-11-13,117841,1,4,0,77.0
10110074CONDEJ_2025-11-13_G25,10110074CONDEJ,2025-11-13,116241,1,1,0,187.0
10110074CONDEJ_2025-11-13_G26,10110074CONDEJ,2025-11-13,111442,1,6,0,158.0
10110074CONDEJ_2025-11-13_G28,10110074CONDEJ,2025-11-13,110787,1,28,0,156.0
10110074CONDEJ_2025-11-13_G29,10110074CONDEJ,2025-11-13,118140,1,45,0,762.0
10110074CONDEJ_2025-11-13_G30,10110074CONDEJ,2025-11-13,111743,1,5,0,105.0
10110074CONDEJ_2025-11-13_G32,10110074CONDEJ,2025-11-13,111705,1,2,0,116.0
10110074CONDEJ_2025-11-13_G33,10110074CONDEJ,2025-11-13,118418,1,2,0,61.0
10110074CONDEJ_2025-11-13_G34,10110074CONDEJ,2025-11-13,110813,1,2,0,82.0
10110074CONDEJ_2025-11-13_G35,10110074CONDEJ,2025-11-13,111441,1,2,0,59.0
10110074CONDEJ_2025-11-13_G36,10110074CONDEJ,2025-11-13,111569,1,16,0,128.0
10110074CONDEJ_2025-11-13_G37,10110074CONDEJ,2025-11-13,108759,1,2,0,152.0
10110074CONDEJ_2025-11-13_G38,10110074CONDEJ,2025-11-13,103149,2,4,25,49.0
10110074CONDEJ_2025-11-13_G39,10110074CONDEJ,2025-11-13,118222,1,23,0,673.0
10110074CONDEJ_2025-11-13_G40,10110074CONDEJ,2025-11-13,111660,1,1,0,93.0
10110074CONDEJ_2025-11-13_G41,10110074CONDEJ,2025-11-13,110310,1,2,0,143.0
10110074CONDEJ_2025-11-13_G42,10110074CONDEJ,2025-11-13,110310,1,3,0,51.0
10110074CONDEJ_2025-11-13_G43,10110074CONDEJ,2025-11-13,110374,1,12,0,178.0
10110074CONDEJ_2025-11-13_G44,10110074CONDEJ,2025-11-13,117809,1,150,0,451.0
10110074CONDEJ_2025-11-13_G45,10110074CONDEJ,2025-11-13,117820,1,100,0,505.0
10110074CONDEJ_2025-11-13_G46,10110074CONDEJ,2025-11-13,118299,1,200,0,799.0
10110074CONDEJ_2025-11-13_G47,10110074CONDEJ,2025-11-13,117830,1,80,0,337.0
10110074CONDEJ_2025-11-13_G48,10110074CONDEJ,2025-11-13,117808,1,249,0,888.0
10110074CONDEJ_2025-11-14_G02,10110074CONDEJ,2025-11-14,117861,1,10,0,199.0
10110074CONDEJ_2025-11-14_G03,10110074CONDEJ,2025-11-14,117861,1,50,0,386.0
10110074CONDEJ_2025-11-14_G04,10110074CONDEJ,2025-11-14,118298,1,20,0,401.0
10110074CONDEJ_2025-11-14_G05,10110074CONDEJ,2025-11-14,141066,1,40,0,207.0
10110074CONDEJ_2025-11-14_G06,10110074CONDEJ,2025-11-14,118222,1,100,0,1014.0
10110074CONDEJ_2025-11-14_G08,10110074CONDEJ,2025-11-14,141916,1,32,0,250.0
10110074CONDEJ_2025-11-14_G09,10110074CONDEJ,2025-11-14,141916,1,16,0,363.0
10110074CONDEJ_2025-11-14_G10,10110074CONDEJ,2025-11-14,118222,1,9,0,122.0
10110074CONDEJ_2025-11-14_G11,10110074CONDEJ,2025-11-14,109648,1,3,0,272.0
10110074CONDEJ_2025-11-14_G12,10110074CONDEJ,2025-11-14,117820,1,80,0,178.0
10110074CONDEJ_2025-11-14_G13,10110074CONDEJ,2025-11-14,117808,1,81,0,612.0
10110074CONDEJ_2025-11-17_G02,10110074CONDEJ,2025-11-17,105705,1,10,0,271.0
10110074CONDEJ_2025-11-17_G03,10110074CONDEJ,2025-11-17,110740,1,80,0,380.0
10110074CONDEJ_2025-11-17_G04,10110074CONDEJ,2025-11-17,140922,1,20,0,329.0
10110074CONDEJ_2025-11-17_G05,10110074CONDEJ,2025-11-17,108798,1,10,0,178.0
10110074CONDEJ_2025-11-17_G06,10110074CONDEJ,2025-11-17,117831,1,50,0,744.0
10110074CONDEJ_2025-11-17_G07,10110074CONDEJ,2025-11-17,117833,1,30,0,145.0
10110074CONDEJ_2025-11-17_G08,10110074CONDEJ,2025-11-17,141823,1,20,0,279.0
10110074CONDEJ_2025-11-17_G09,10110074CONDEJ,2025-11-17,116611,1,1,0,176.0
10110074CONDEJ_2025-11-17_G10,10110074CONDEJ,2025-11-17,140923,1,20,0,511.0
10110074CONDEJ_2025-11-17_G11,10110074CONDEJ,2025-11-17,118094,1,10,0,224.0
10110074CONDEJ_2025-11-17_G12,10110074CONDEJ,2025-11-17,140923,1,250,0,812.0
10110074CONDEJ_2025-11-17_G13,10110074CONDEJ,2025-11-17,110623,1,4,0,1036.0
10110074CONDEJ_2025-11-17_G14,10110074CONDEJ,2025-11-17,117786,1,2,0,83.0
10110074CONDEJ_2025-11-17_G15,10110074CONDEJ,2025-11-17,109640,1,20,0,125.0
10110074CONDEJ_2025-11-17_G16,10110074CONDEJ,2025-11-17,118094,1,2,0,98.0
10110074CONDEJ_2025-11-17_G17,10110074CONDEJ,2025-11-17,110740,1,16,0,503.0
10110074CONDEJ_2025-11-17_G18,10110074CONDEJ,2025-11-17,117838,1,2,0,119.0
10110074CONDEJ_2025-11-17_G19,10110074CONDEJ,2025-11-17,111348,1,3,0,39.0
10110074CONDEJ_2025-11-17_G20,10110074CONDEJ,2025-11-17,111431,1,3,0,107.0
10110074CONDEJ_2025-11-17_G21,10110074CONDEJ,2025-11-17,117821,1,2,0,71.0
10110074CONDEJ_2025-11-17_G22,10110074CONDEJ,2025-11-17,141458,1,4,0,66.0
10110074CONDEJ_2025-11-17_G23,10110074CONDEJ,2025-11-17,117809,1,28,0,236.0
10110074CONDEJ_2025-11-17_G24,10110074CONDEJ,2025-11-17,117830,1,2,0,48.0
10110074CONDEJ_2025-11-17_G25,10110074CONDEJ,2025-11-17,117830,2,5,21,33.0
10110074CONDEJ_2025-11-17_G26,10110074CONDEJ,2025-11-17,110372,1,28,0,214.0
10110074CONDEJ_2025-11-17_G27,10110074CONDEJ,2025-11-17,109643,1,2,0,59.0
10110074CONDEJ_2025-11-17_G28,10110074CONDEJ,2025-11-17,117808,1,200,0,421.0
10110074CONDEJ_2025-11-18_G02,10110074CONDEJ,2025-11-18,111172,1,2,0,2719.0
10110074CONDEJ_2025-11-18_G03,10110074CONDEJ,2025-11-18,111433,1,2,0,64.0
10110074CONDEJ_2025-11-18_G04,10110074CONDEJ,2025-11-18,111182,1,2,0,106.0
10110074CONDEJ_2025-11-18_G05,10110074CONDEJ,2025-11-18,110740,1,4,0,38.0
10110074CONDEJ_2025-11-18_G06,10110074CONDEJ,2025-11-18,110740,1,30,0,164.0
10110074CONDEJ_2025-11-18_G07,10110074CONDEJ,2025-11-18,111418,1,30,0,525.0
10110074CONDEJ_2025-11-18_G08,10110074CONDEJ,2025-11-18,111463,2,3,9,198.0
10110074CONDEJ_2025-11-18_G09,10110074CONDEJ,2025-11-18,109641,1,4,0,182.0
10110074CONDEJ_2025-11-18_G10,10110074CONDEJ,2025-11-18,111532,1,29,0,308.0
10110074CONDEJ_2025-11-18_G11,10110074CONDEJ,2025-11-18,111532,1,21,0,170.0
10110074CONDEJ_2025-11-18_G12,10110074CONDEJ,2025-11-18,118317,1,50,0,693.0
10110074CONDEJ_2025-11-19_G02,10110074CONDEJ,2025-11-19,118317,1,5,0,187.0
10110074CONDEJ_2025-11-19_G03,10110074CONDEJ,2025-11-19,141457,1,4,0,414.0
10110074CONDEJ_2025-11-19_G04,10110074CONDEJ,2025-11-19,117785,1,20,0,222.0
10110074CONDEJ_2025-11-19_G05,10110074CONDEJ,2025-11-19,141458,1,6,0,83.0
10110074CONDEJ_2025-11-19_G06,10110074CONDEJ,2025-11-19,111447,1,8,0,1107.0
10110074CONDEJ_2025-11-19_G07,10110074CONDEJ,2025-11-19,118306,1,10,0,98.0
10110074CONDEJ_2025-11-19_G08,10110074CONDEJ,2025-11-19,108759,1,4,0,394.0
10110074CONDEJ_2025-11-19_G09,10110074CONDEJ,2025-11-19,117836,1,2,0,116.0
10110074CONDEJ_2025-11-19_G10,10110074CONDEJ,2025-11-19,116527,1,8,0,148.0
10110074CONDEJ_2025-11-19_G11,10110074CONDEJ,2025-11-19,141916,1,4,0,122.0
10110074CONDEJ_2025-11-19_G12,10110074CONDEJ,2025-11-19,118222,1,3,0,263.0
10110074CONDEJ_2025-11-21_G02,10110074CONDEJ,2025-11-21,111431,1,28,0,515.0
10110074CONDEJ_2025-11-21_G03,10110074CONDEJ,2025-11-21,117834,1,2,0,963.0
10110074CONDEJ_2025-11-21_G04,10110074CONDEJ,2025-11-21,140923,1,1,0,93.0
10110074CONDEJ_2025-11-21_G05,10110074CONDEJ,2025-11-21,117820,1,4,0,135.0
10110074CONDEJ_2025-11-21_G06,10110074CONDEJ,2025-11-21,110372,1,9,0,170.0
10110074CONDEJ_2025-11-21_G07,10110074CONDEJ,2025-11-21,110373,1,2,0,391.0
10110074CONDEJ_2025-11-21_G08,10110074CONDEJ,2025-11-21,116241,1,2,0,151.0
10110074CONDEJ_2025-11-21_G09,10110074CONDEJ,2025-11-21,110740,1,1,0,61.0
10110074CONDEJ_2025-11-21_G10,10110074CONDEJ,2025-11-21,141457,1,2,0,192.0
10110074CONDEJ_2025-11-21_G11,10110074CONDEJ,2025-11-21,141456,1,3,0,87.0
10110074CONDEJ_2025-11-21_G12,10110074CONDEJ,2025-11-21,109645,1,2,0,518.0
10110074CONDEJ_2025-11-21_G13,10110074CONDEJ,2025-11-21,110755,1,2,0,279.0
10110074CONDEJ_2025-11-21_G14,10110074CONDEJ,2025-11-21,111569,1,2,0,332.0
10110074CONDEJ_2025-11-21_G15,10110074CONDEJ,2025-11-21,117809,1,2,0,423.0
10110074CONDEJ_2025-11-21_G16,10110074CONDEJ,2025-11-21,117830,1,4,0,113.0
10110074CONDEJ_2025-11-21_G17,10110074CONDEJ,2025-11-21,110372,1,13,0,138.0
10110074CONDEJ_2025-11-21_G18,10110074CONDEJ,2025-11-21,141202,1,4,0,147.0
10110074CONDEJ_2025-11-21_G19,10110074CONDEJ,2025-11-21,110339,1,4,0,156.0
10110074CONDEJ_2025-11-21_G20,10110074CONDEJ,2025-11-21,117856,1,8,0,110.0
10110074CONDEJ_2025-11-21_G21,10110074CONDEJ,2025-11-21,141047,1,2,0,175.0
10110074CONDEJ_2025-11-21_G22,10110074CONDEJ,2025-11-21,117786,1,2,0,121.0
10110074CONDEJ_2025-11-21_G23,10110074CONDEJ,2025-11-21,140923,1,3,0,82.0
10110074CONDEJ_2025-11-21_G24,10110074CONDEJ,2025-11-21,111469,2,40,16,568.0
10110074CONDEJ_2025-11-21_G25,10110074CONDEJ,2025-11-21,111463,1,50,0,1410.0
10110074CONDEJ_2025-11-21_G26,10110074CONDEJ,2025-11-21,108711,1,10,0,112.0
10110074CONDEJ_2025-11-21_G27,10110074CONDEJ,2025-11-21,111743,1,35,0,871.0
10110074CONDEJ_2025-11-21_G28,10110074CONDEJ,2025-11-21,111182,1,8,0,429.0
10110074CONDEJ_2025-11-21_G29,10110074CONDEJ,2025-11-21,110740,1,40,0,699.0
10110074CONDEJ_2025-11-21_G30,10110074CONDEJ,2025-11-21,110745,1,27,0,256.0
10110074CONDEJ_2025-11-21_G31,10110074CONDEJ,2025-11-21,117787,1,12,0,140.0
10110074CONDEJ_2025-11-21_G32,10110074CONDEJ,2025-11-21,111444,1,6,0,106.0
10110074CONDEJ_2025-11-21_G33,10110074CONDEJ,2025-11-21,117821,1,100,0,971.0
10110074CONDEJ_2025-11-21_G34,10110074CONDEJ,2025-11-21,141823,1,20,0,474.0
10110074CONDEJ_2025-11-21_G36,10110074CONDEJ,2025-11-21,111430,1,2,0,146.0
10110074CONDEJ_2025-11-21_G37,10110074CONDEJ,2025-11-21,117856,1,4,0,148.0
10110074CONDEJ_2025-11-21_G38,10110074CONDEJ,2025-11-21,118140,1,7,0,149.0
10110074CONDEJ_2025-11-21_G39,10110074CONDEJ,2025-11-21,140922,1,2,0,214.0
10110074CONDEJ_2025-11-21_G40,10110074CONDEJ,2025-11-21,117855,1,10,0,550.0
10110074CONDEJ_2025-11-21_G41,10110074CONDEJ,2025-11-21,117831,1,3,0,188.0
10110074CONDEJ_2025-11-21_G42,10110074CONDEJ,2025-11-21,111466,1,41,0,1539.0
10110074CONDEJ_2025-11-22_G02,10110074CONDEJ,2025-11-22,111172,1,25,0,487.0
10110074CONDEJ_2025-11-22_G03,10110074CONDEJ,2025-11-22,118140,1,261,0,767.0
10110074CONDEJ_2025-11-22_G04,10110074CONDEJ,2025-11-22,109645,1,177,0,1121.0
10110074CONDEJ_2025-11-22_G05,10110074CONDEJ,2025-11-22,110745,1,14,0,188.0
10110074CONDEJ_2025-11-22_G06,10110074CONDEJ,2025-11-22,111530,1,70,0,646.0
10110074CONDEJ_2025-11-22_G07,10110074CONDEJ,2025-11-22,118322,2,6,9,249.0
10110074CONDEJ_2025-11-22_G08,10110074CONDEJ,2025-11-22,141047,1,25,0,463.0
10110074CONDEJ_2025-11-22_G09,10110074CONDEJ,2025-11-22,111602,1,30,0,245.0
10110074CONDEJ_2025-11-22_G11,10110074CONDEJ,2025-11-22,141318,1,4,0,97.0
10110074CONDEJ_2025-11-22_G12,10110074CONDEJ,2025-11-22,107892,1,8,0,194.0
10110074CONDEJ_2025-11-22_G13,10110074CONDEJ,2025-11-22,109640,1,8,0,172.0
10110074CONDEJ_2025-11-22_G14,10110074CONDEJ,2025-11-22,118140,1,2,0,1192.0
10110074CONDEJ_2025-11-22_G15,10110074CONDEJ,2025-11-22,111418,1,14,0,823.0
10110074CONDEJ_2025-11-22_G16,10110074CONDEJ,2025-11-22,117855,1,6,0,467.0
10110074CONDEJ_2025-11-22_G17,10110074CONDEJ,2025-11-22,117855,1,4,0,56.0
10110074CONDEJ_2025-11-22_G18,10110074CONDEJ,2025-11-22,109640,1,2,0,98.0
10110074CONDEJ_2025-11-22_G19,10110074CONDEJ,2025-11-22,111466,1,4,0,105.0
10110074CONDEJ_2025-11-22_G20,10110074CONDEJ,2025-11-22,118299,1,19,0,237.0
10110074CONDEJ_2025-11-22_G21,10110074CONDEJ,2025-11-22,110313,1,2,0,372.0
10110074CONDEJ_2025-11-22_G22,10110074CONDEJ,2025-11-22,117855,1,10,0,278.0
10110074CONDEJ_2025-11-22_G23,10110074CONDEJ,2025-11-22,117862,1,2,0,52.0
10110074CONDEJ_2025-11-22_G24,10110074CONDEJ,2025-11-22,109640,1,6,0,105.0
10110074CONDEJ_2025-11-22_G25,10110074CONDEJ,2025-11-22,117862,1,2,0,882.0
10110074CONDEJ_2025-11-22_G26,10110074CONDEJ,2025-11-22,111466,1,2,0,113.0
10110074CONDEJ_2025-11-22_G27,10110074CONDEJ,2025-11-22,118299,1,25,0,129.0
10110074CONDEJ_2025-11-22_G28,10110074CONDEJ,2025-11-22,110711,1,3,0,683.0
10110074CONDEJ_2025-11-22_G29,10110074CONDEJ,2025-11-22,111466,1,8,0,159.0
10110074CONDEJ_2025-11-22_G30,10110074CONDEJ,2025-11-22,111441,1,4,0,696.0
10110074CONDEJ_2025-11-22_G31,10110074CONDEJ,2025-11-22,118299,1,22,0,155.0
10110074CONDEJ_2025-11-22_G32,10110074CONDEJ,2025-11-22,117830,1,2,0,64.0
10110074CONDEJ_2025-11-22_G33,10110074CONDEJ,2025-11-22,118299,1,20,0,310.0
10110074CONDEJ_2025-11-22_G34,10110074CONDEJ,2025-11-22,117808,1,4,0,119.0
10110074CONDEJ_2025-11-22_G35,10110074CONDEJ,2025-11-22,110895,1,1,0,394.0
10110074CONDEJ_2025-11-22_G36,10110074CONDEJ,2025-11-22,111466,1,34,0,256.0
10110074CONDEJ_2025-11-24_G02,10110074CONDEJ,2025-11-24,115817,1,16,0,207.0
10110074CONDEJ_2025-11-24_G03,10110074CONDEJ,2025-11-24,111466,1,46,0,795.0
10110074CONDEJ_2025-11-24_G04,10110074CONDEJ,2025-11-24,108772,1,4,0,173.0
10110074CONDEJ_2025-11-24_G05,10110074CONDEJ,2025-11-24,117855,1,13,0,181.0
10110074CONDEJ_2025-11-24_G06,10110074CONDEJ,2025-11-24,117855,1,1,0,32.0
10110074CONDEJ_2025-11-24_G07,10110074CONDEJ,2025-11-24,110371,2,8,26,342.0
10110074CONDEJ_2025-11-24_G08,10110074CONDEJ,2025-11-24,118299,1,17,0,126.0
10110074CONDEJ_2025-11-24_G09,10110074CONDEJ,2025-11-24,117808,1,8,0,99.0
10110074CONDEJ_2025-11-24_G10,10110074CONDEJ,2025-11-24,111469,1,2,0,71.0
10110074CONDEJ_2025-11-24_G11,10110074CONDEJ,2025-11-24,111463,1,5,0,160.0
10110074CONDEJ_2025-11-24_G12,10110074CONDEJ,2025-11-24,117856,1,4,0,131.0
10110074CONDEJ_2025-11-24_G13,10110074CONDEJ,2025-11-24,110371,1,6,0,228.0
10110074CONDEJ_2025-11-24_G14,10110074CONDEJ,2025-11-24,110372,1,3,0,95.0
10110074CONDEJ_2025-11-24_G15,10110074CONDEJ,2025-11-24,117832,1,3,0,96.0
10110074CONDEJ_2025-11-24_G16,10110074CONDEJ,2025-11-24,111469,1,18,0,126.0
10110074CONDEJ_2025-11-24_G17,10110074CONDEJ,2025-11-24,117831,1,2,0,196.0
10110074CONDEJ_2025-11-24_G18,10110074CONDEJ,2025-11-24,111418,1,4,0,2504.0
10110074CONDEJ_2025-11-24_G19,10110074CONDEJ,2025-11-24,111463,1,6,0,124.0
10110074CONDEJ_2025-11-24_G20,10110074CONDEJ,2025-11-24,110371,1,10,0,145.0
10110074CONDEJ_2025-11-24_G21,10110074CONDEJ,2025-11-24,110371,1,10,0,57.0
10110074CONDEJ_2025-11-24_G22,10110074CONDEJ,2025-11-24,110711,1,2,0,740.0
10110074CONDEJ_2025-11-24_G23,10110074CONDEJ,2025-11-24,110787,1,5,0,84.0
10110074CONDEJ_2025-11-24_G24,10110074CONDEJ,2025-11-24,111466,1,4,0,147.0
10110074CONDEJ_2025-11-24_G25,10110074CONDEJ,2025-11-24,140923,1,4,0,321.0
10110074CONDEJ_2025-11-24_G26,10110074CONDEJ,2025-11-24,117809,1,50,0,642.0
10110074CONDEJ_2025-11-24_G27,10110074CONDEJ,2025-11-24,118299,1,120,0,787.0
10110074CONDEJ_2025-11-24_G28,10110074CONDEJ,2025-11-24,117830,1,60,0,537.0
10110074CONDEJ_2025-11-24_G29,10110074CONDEJ,2025-11-24,110372,1,200,0,739.0
10110074CONDEJ_2025-11-24_G31,10110074CONDEJ,2025-11-24,110373,1,100,0,88.0
10110074CONDEJ_2025-11-24_G32,10110074CONDEJ,2025-11-24,117808,1,120,0,667.0
10110074CONDEJ_2025-11-24_G33,10110074CONDEJ,2025-11-24,118222,1,20,0,485.0
10110074CONDEJ_2025-11-24_G34,10110074CONDEJ,2025-11-24,111851,1,2,0,58.0
10110074CONDEJ_2025-11-24_G35,10110074CONDEJ,2025-11-24,107892,1,1,0,80.0
10110074CONDEJ_2025-11-24_G36,10110074CONDEJ,2025-11-24,107892,1,2,0,39.0
10110074CONDEJ_2025-11-24_G38,10110074CONDEJ,2025-11-24,118222,1,8,0,227.0
10110074CONDEJ_2025-11-24_G39,10110074CONDEJ,2025-11-24,117797,1,1,0,768.0
10110074CONDEJ_2025-11-24_G40,10110074CONDEJ,2025-11-24,110741,1,30,0,329.0
10110074CONDEJ_2025-11-24_G41,10110074CONDEJ,2025-11-24,111876,1,2,0,83.0
10110074CONDEJ_2025-11-24_G42,10110074CONDEJ,2025-11-24,117853,1,4,0,118.0
10110074CONDEJ_2025-11-24_G43,10110074CONDEJ,2025-11-24,117786,1,4,0,103.0
10110074CONDEJ_2025-11-24_G44,10110074CONDEJ,2025-11-24,110371,1,30,0,289.0
10110074CONDEJ_2025-11-24_G45,10110074CONDEJ,2025-11-24,110373,1,100,0,293.0
10110074CONDEJ_2025-11-24_G46,10110074CONDEJ,2025-11-24,117832,1,30,0,363.0
10110074CONDEJ_2025-11-24_G47,10110074CONDEJ,2025-11-24,111660,1,8,0,147.0
10110074CONDEJ_2025-11-24_G48,10110074CONDEJ,2025-11-24,140911,1,7,0,91.0
10110074CONDEJ_2025-11-25_G02,10110074CONDEJ,2025-11-25,111602,1,4,0,97.0
10110074CONDEJ_2025-11-25_G03,10110074CONDEJ,2025-11-25,118140,1,4,0,129.0
10110074CONDEJ_2025-11-25_G04,10110074CONDEJ,2025-11-25,111743,1,1,0,45.0
10110074CONDEJ_2025-11-25_G05,10110074CONDEJ,2025-11-25,140922,1,4,0,254.0
10110074CONDEJ_2025-11-25_G06,10110074CONDEJ,2025-11-25,141457,1,8,0,181.0
10110074CONDEJ_2025-11-25_G07,10110074CONDEJ,2025-11-25,117820,1,8,0,169.0
10110074CONDEJ_2025-11-25_G08,10110074CONDEJ,2025-11-25,110373,1,4,0,115.0
10110074CONDEJ_2025-11-25_G09,10110074CONDEJ,2025-11-25,118299,1,36,0,249.0
10110074CONDEJ_2025-11-25_G10,10110074CONDEJ,2025-11-25,111530,1,4,0,532.0
10110074CONDEJ_2025-11-25_G11,10110074CONDEJ,2025-11-25,118299,1,24,0,480.0
10110074CONDEJ_2025-11-25_G12,10110074CONDEJ,2025-11-25,110371,1,4,0,74.0
10110074CONDEJ_2025-11-25_G13,10110074CONDEJ,2025-11-25,111705,1,2,0,1092.0
10110074CONDEJ_2025-11-25_G14,10110074CONDEJ,2025-11-25,118417,1,3,0,143.0
10110074CONDEJ_2025-11-25_G15,10110074CONDEJ,2025-11-25,111851,1,2,0,253.0
10110074CONDEJ_2025-11-25_G16,10110074CONDEJ,2025-11-25,110747,1,6,0,1630.0
10110074CONDEJ_2025-11-25_G17,10110074CONDEJ,2025-11-25,109643,1,4,0,164.0
10110074CONDEJ_2025-11-25_G18,10110074CONDEJ,2025-11-25,108770,1,4,0,1298.0
10110074CONDEJ_2025-11-25_G19,10110074CONDEJ,2025-11-25,108759,1,2,0,168.0
10110074CONDEJ_2025-11-25_G20,10110074CONDEJ,2025-11-25,111851,1,1,0,100.0
10110074CONDEJ_2025-11-25_G21,10110074CONDEJ,2025-11-25,110579,1,2,0,49.0
10110074CONDEJ_2025-11-25_G22,10110074CONDEJ,2025-11-25,117789,1,4,0,100.0
10110074CONDEJ_2025-11-25_G23,10110074CONDEJ,2025-11-25,118285,1,2,0,115.0
10110074CONDEJ_2025-11-25_G24,10110074CONDEJ,2025-11-25,111530,1,56,0,658.0
10110074CONDEJ_2025-11-25_G25,10110074CONDEJ,2025-11-25,117855,1,24,0,320.0
10110074CONDEJ_2025-11-25_G26,10110074CONDEJ,2025-11-25,111569,1,40,0,1176.0
10110074CONDEJ_2025-11-25_G27,10110074CONDEJ,2025-11-25,111441,1,20,0,605.0
10110074CONDEJ_2025-11-25_G29,10110074CONDEJ,2025-11-25,118250,1,4,0,460.0
10110074CONDEJ_2025-11-25_G30,10110074CONDEJ,2025-11-25,110741,1,2,0,519.0
10110074CONDEJ_2025-11-25_G31,10110074CONDEJ,2025-11-25,140923,1,2,0,112.0
10110074CONDEJ_2025-11-25_G32,10110074CONDEJ,2025-11-25,117862,1,5,0,123.0
10110074CONDEJ_2025-11-25_G33,10110074CONDEJ,2025-11-25,117820,1,10,0,840.0
10110074CONDEJ_2025-11-25_G34,10110074CONDEJ,2025-11-25,117830,1,10,0,76.0
10110074CONDEJ_2025-11-25_G35,10110074CONDEJ,2025-11-25,117808,1,30,0,169.0
10110074CONDEJ_2025-11-25_G36,10110074CONDEJ,2025-11-25,110372,1,3,0,44.0
10110074CONDEJ_2025-11-25_G37,10110074CONDEJ,2025-11-25,118299,1,14,0,94.0
10110074CONDEJ_2025-11-25_G38,10110074CONDEJ,2025-11-25,117935,1,2,0,292.0
10110074CONDEJ_2025-11-25_G39,10110074CONDEJ,2025-11-25,160051,1,4,0,77.0
10110074CONDEJ_2025-11-25_G40,10110074CONDEJ,2025-11-25,110371,1,3,0,98.0
10110074CONDEJ_2025-11-25_G41,10110074CONDEJ,2025-11-25,111438,1,4,0,2275.0
10110074CONDEJ_2025-11-25_G42,10110074CONDEJ,2025-11-25,111438,1,4,0,438.0
10110074CONDEJ_2025-11-25_G43,10110074CONDEJ,2025-11-25,111532,1,4,0,129.0
10110074CONDEJ_2025-11-25_G44,10110074CONDEJ,2025-11-25,111530,1,1,0,77.0
10110074CONDEJ_2025-11-25_G45,10110074CONDEJ,2025-11-25,111602,1,2,0,105.0
10110074CONDEJ_2025-11-25_G46,10110074CONDEJ,2025-11-25,111438,1,4,0,185.0
10110074CONDEJ_2025-11-25_G47,10110074CONDEJ,2025-11-25,111569,1,4,0,465.0
10110074CONDEJ_2025-11-25_G48,10110074CONDEJ,2025-11-25,111441,1,6,0,130.0
10110074CONDEJ_2025-11-25_G49,10110074CONDEJ,2025-11-25,110747,1,4,0,105.0
10110074CONDEJ_2025-11-25_G50,10110074CONDEJ,2025-11-25,118094,1,2,0,141.0
10110074CONDEJ_2025-11-25_G51,10110074CONDEJ,2025-11-25,111602,1,7,0,173.0
10110074CONDEJ_2025-11-25_G52,10110074CONDEJ,2025-11-25,105705,1,2,0,170.0
10110074CONDEJ_2025-11-25_G53,10110074CONDEJ,2025-11-25,111532,1,8,0,82.0
10110074CONDEJ_2025-11-25_G54,10110074CONDEJ,2025-11-25,117838,1,2,0,128.0
10110074CONDEJ_2025-11-25_G55,10110074CONDEJ,2025-11-25,118271,1,4,0,120.0
10110074CONDEJ_2025-11-25_G56,10110074CONDEJ,2025-11-25,117832,1,6,0,416.0
10110074CONDEJ_2025-11-25_G57,10110074CONDEJ,2025-11-25,117820,1,15,0,145.0
10110074CONDEJ_2025-11-25_G58,10110074CONDEJ,2025-11-25,110373,1,10,0,137.0
10110074CONDEJ_2025-11-26_G02,10110074CONDEJ,2025-11-26,140923,1,20,0,166.0
10110074CONDEJ_2025-11-26_G03,10110074CONDEJ,2025-11-26,111530,1,78,0,504.0
10110074CONDEJ_2025-11-26_G04,10110074CONDEJ,2025-11-26,110339,1,15,0,405.0
10110074CONDEJ_2025-11-26_G05,10110074CONDEJ,2025-11-26,110733,1,10,0,71.0
10110074CONDEJ_2025-11-26_G06,10110074CONDEJ,2025-11-26,117935,1,15,0,362.0
10110074CONDEJ_2025-11-26_G07,10110074CONDEJ,2025-11-26,117786,1,20,0,165.0
10110074CONDEJ_2025-11-26_G08,10110074CONDEJ,2025-11-26,117855,1,30,0,173.0
10110074CONDEJ_2025-11-26_G09,10110074CONDEJ,2025-11-26,117854,1,2,0,420.0
10110074CONDEJ_2025-11-26_G10,10110074CONDEJ,2025-11-26,111530,1,4,0,1532.0
10110074CONDEJ_2025-11-26_G11,10110074CONDEJ,2025-11-26,111530,1,30,0,139.0
10110074CONDEJ_2025-11-26_G13,10110074CONDEJ,2025-11-26,140923,1,40,0,253.0
10110074CONDEJ_2025-11-26_G14,10110074CONDEJ,2025-11-26,105705,1,4,0,104.0
10110074CONDEJ_2025-11-26_G15,10110074CONDEJ,2025-11-26,111532,1,191,0,903.0
10110074CONDEJ_2025-11-26_G16,10110074CONDEJ,2025-11-26,111435,1,2,0,173.0
10110074CONDEJ_2025-11-26_G17,10110074CONDEJ,2025-11-26,109641,1,13,0,176.0
10110074CONDEJ_2025-11-26_G18,10110074CONDEJ,2025-11-26,141457,1,100,0,304.0
10110074CONDEJ_2025-11-26_G19,10110074CONDEJ,2025-11-26,141458,1,51,0,1137.0
10110074CONDEJ_2025-11-26_G20,10110074CONDEJ,2025-11-26,110750,1,1,0,432.0
10110074CONDEJ_2025-11-26_G21,10110074CONDEJ,2025-11-26,117856,1,34,0,347.0
10110074CONDEJ_2025-11-26_G22,10110074CONDEJ,2025-11-26,117862,1,18,0,171.0
10110074CONDEJ_2025-11-26_G23,10110074CONDEJ,2025-11-26,109640,1,89,0,726.0
10110074CONDEJ_2025-11-26_G24,10110074CONDEJ,2025-11-26,111441,1,2,0,113.0
10110074CONDEJ_2025-11-26_G25,10110074CONDEJ,2025-11-26,110746,1,38,0,469.0
10110074CONDEJ_2025-11-26_G26,10110074CONDEJ,2025-11-26,108770,1,4,0,863.0
10110074CONDEJ_2025-11-26_G27,10110074CONDEJ,2025-11-26,108770,2,12,16,59.0
10110074CONDEJ_2025-11-26_G28,10110074CONDEJ,2025-11-26,111438,1,28,0,468.0
10110074CONDEJ_2025-11-26_G29,10110074CONDEJ,2025-11-26,111438,2,32,30,241.0
10110074CONDEJ_2025-11-27_G02,10110074CONDEJ,2025-11-27,111532,1,6,0,387.0
10110074CONDEJ_2025-11-27_G03,10110074CONDEJ,2025-11-27,109647,1,4,0,228.0
10110074CONDEJ_2025-11-27_G04,10110074CONDEJ,2025-11-27,110745,1,2,0,221.0
10110074CONDEJ_2025-11-27_G05,10110074CONDEJ,2025-11-27,111466,1,8,0,205.0
10110074CONDEJ_2025-11-27_G06,10110074CONDEJ,2025-11-27,107236,1,4,0,840.0
10110074CONDEJ_2025-11-27_G07,10110074CONDEJ,2025-11-27,118299,1,30,0,373.0
10110074CONDEJ_2025-11-27_G08,10110074CONDEJ,2025-11-27,111172,1,5,0,300.0
10110074CONDEJ_2025-11-27_G09,10110074CONDEJ,2025-11-27,110895,1,10,0,231.0
10110074CONDEJ_2025-11-27_G10,10110074CONDEJ,2025-11-27,111532,1,2,0,166.0
10110074CONDEJ_2025-11-27_G11,10110074CONDEJ,2025-11-27,111466,1,3,0,381.0
10110074CONDEJ_2025-11-27_G12,10110074CONDEJ,2025-11-27,110895,1,2,0,140.0
10110074CONDEJ_2025-11-27_G13,10110074CONDEJ,2025-11-27,111569,1,4,0,2094.0
10110074CONDEJ_2025-11-27_G14,10110074CONDEJ,2025-11-27,108759,1,8,0,129.0
10110074CONDEJ_2025-11-27_G15,10110074CONDEJ,2025-11-27,140911,1,11,0,153.0
10110074CONDEJ_2025-11-27_G16,10110074CONDEJ,2025-11-27,118222,1,40,0,811.0
10110074CONDEJ_2025-11-27_G17,10110074CONDEJ,2025-11-27,117855,1,60,0,1901.0
10110074CONDEJ_2025-11-27_G18,10110074CONDEJ,2025-11-27,110711,1,40,0,171.0
10110074CONDEJ_2025-11-27_G19,10110074CONDEJ,2025-11-27,109640,1,50,0,314.0
10110074CONDEJ_2025-11-27_G21,10110074CONDEJ,2025-11-27,111530,1,50,0,338.0
10110074CONDEJ_2025-11-27_G22,10110074CONDEJ,2025-11-27,110711,1,3,0,239.0
10110074CONDEJ_2025-11-27_G23,10110074CONDEJ,2025-11-27,160057,1,1,0,274.0
10110074CONDEJ_2025-11-27_G24,10110074CONDEJ,2025-11-27,111530,1,12,0,290.0
10110074CONDEJ_2025-11-27_G25,10110074CONDEJ,2025-11-27,111467,1,2,0,323.0
10110074CONDEJ_2025-11-27_G26,10110074CONDEJ,2025-11-27,118191,1,130,0,1756.0
10110074CONDEJ_2025-11-27_G27,10110074CONDEJ,2025-11-27,117808,1,1500,0,2368.0
10110074CONDEJ_2025-11-27_G28,10110074CONDEJ,2025-11-27,110371,1,370,0,2188.0
10110074CONDEJ_2025-11-27_G29,10110074CONDEJ,2025-11-27,111466,1,445,0,1679.0
10110074CONDEJ_2025-11-29_G02,10110074CONDEJ,2025-11-29,117935,1,1,0,108.0
10110074CONDEJ_2025-11-29_G03,10110074CONDEJ,2025-11-29,117856,1,8,0,168.0
10110074CONDEJ_2025-11-29_G04,10110074CONDEJ,2025-11-29,117862,1,4,0,98.0
10110074CONDEJ_2025-11-29_G05,10110074CONDEJ,2025-11-29,110745,1,1,0,99.0
10110074CONDEJ_2025-11-29_G06,10110074CONDEJ,2025-11-29,107236,1,4,0,137.0
10110074CONDEJ_2025-11-29_G07,10110074CONDEJ,2025-11-29,117821,1,4,0,141.0
10110074CONDEJ_2025-11-29_G08,10110074CONDEJ,2025-11-29,118418,1,1,0,979.0
10110074CONDEJ_2025-11-29_G09,10110074CONDEJ,2025-11-29,117935,1,5,0,122.0
10110074CONDEJ_2025-11-29_G10,10110074CONDEJ,2025-11-29,117853,1,1,0,99.0
10110074CONDEJ_2025-11-29_G11,10110074CONDEJ,2025-11-29,108711,1,3,0,459.0
10110074CONDEJ_2025-11-29_G12,10110074CONDEJ,2025-11-29,110371,1,4,0,76.0
10110074CONDEJ_2025-11-29_G13,10110074CONDEJ,2025-11-29,111876,1,4,0,498.0
10110074CONDEJ_2025-11-29_G14,10110074CONDEJ,2025-11-29,117935,1,4,0,97.0
10110074CONDEJ_2025-11-29_G15,10110074CONDEJ,2025-11-29,110752,1,2,0,2016.0
10110074CONDEJ_2025-11-29_G16,10110074CONDEJ,2025-11-29,117856,1,8,0,356.0
10110074CONDEJ_2025-11-29_G17,10110074CONDEJ,2025-11-29,117786,1,4,0,99.0
10110074CONDEJ_2025-11-29_G18,10110074CONDEJ,2025-11-29,111463,1,8,0,167.0
10110074CONDEJ_2025-11-29_G19,10110074CONDEJ,2025-11-29,107236,1,2,0,86.0
10110074CONDEJ_2025-11-29_G20,10110074CONDEJ,2025-11-29,111465,1,1,0,74.0
10110074CONDEJ_2025-11-29_G21,10110074CONDEJ,2025-11-29,110373,1,5,0,92.0
10110074CONDEJ_2025-11-29_G22,10110074CONDEJ,2025-11-29,110371,1,1,0,84.0
10110074CONDEJ_2025-11-29_G23,10110074CONDEJ,2025-11-29,110371,1,4,0,784.0
10110074CONDEJ_2025-11-29_G24,10110074CONDEJ,2025-11-29,111465,1,2,0,1201.0
10110074CONDEJ_2025-11-29_G25,10110074CONDEJ,2025-11-29,117832,1,5,0,447.0
10110074CONDEJ_2025-11-29_G26,10110074CONDEJ,2025-11-29,110371,1,6,0,63.0
10110074CONDEJ_2025-11-29_G28,10110074CONDEJ,2025-11-29,111530,1,4,0,93.0
10110074CONDEJ_2025-11-29_G29,10110074CONDEJ,2025-11-29,111602,1,4,0,141.0
10110074CONDEJ_2025-11-29_G30,10110074CONDEJ,2025-11-29,117808,1,4,0,103.0
10110074CONDEJ_2025-11-29_G31,10110074CONDEJ,2025-11-29,118299,1,10,0,258.0
10110074CONDEJ_2025-11-29_G32,10110074CONDEJ,2025-11-29,111602,1,4,0,440.0
10110074CONDEJ_2025-11-29_G33,10110074CONDEJ,2025-11-29,110313,1,1,0,208.0
10110074CONDEJ_2025-11-29_G34,10110074CONDEJ,2025-11-29,117831,1,8,0,211.0
10110074CONDEJ_2025-11-29_G35,10110074CONDEJ,2025-11-29,118299,1,10,0,220.0
10110074CONDEJ_2025-11-29_G36,10110074CONDEJ,2025-11-29,111602,1,8,0,538.0
10110074CONDEJ_2025-11-29_G37,10110074CONDEJ,2025-11-29,111602,1,1,0,52.0
10110074CONDEJ_2025-11-29_G38,10110074CONDEJ,2025-11-29,117831,1,4,0,149.0
10110074CONDEJ_2025-11-29_G39,10110074CONDEJ,2025-11-29,117808,1,4,0,330.0
10110074CONDEJ_2025-11-29_G40,10110074CONDEJ,2025-11-29,118299,1,5,0,171.0
10110074CONDEJ_2025-11-29_G41,10110074CONDEJ,2025-11-29,110895,1,4,0,631.0
10110074CONDEJ_2025-11-29_G42,10110074CONDEJ,2025-11-29,110711,1,6,0,153.0
10110074CONDEJ_2025-11-29_G43,10110074CONDEJ,2025-11-29,117785,1,4,0,1874.0
10110074CONDEJ_2025-11-29_G44,10110074CONDEJ,2025-11-29,141457,1,2,0,59.0
10110074CONDEJ_2025-11-29_G45,10110074CONDEJ,2025-11-29,111532,1,2,0,65.0
10110074CONDEJ_2025-11-29_G46,10110074CONDEJ,2025-11-29,141456,1,6,0,186.0
10110074CONDEJ_2025-11-29_G47,10110074CONDEJ,2025-11-29,110372,1,2,0,105.0
10110074CONDEJ_2025-11-29_G48,10110074CONDEJ,2025-11-29,110325,1,2,0,597.0
10110074CONDEJ_2025-11-29_G49,10110074CONDEJ,2025-11-29,118299,1,8,0,162.0
10110074CONDEJ_2025-11-29_G50,10110074CONDEJ,2025-11-29,118290,1,4,0,575.0
10110074CONDEJ_2025-11-29_G51,10110074CONDEJ,2025-11-29,110733,1,4,0,1808.0
10110074CONDEJ_2025-11-29_G52,10110074CONDEJ,2025-11-29,111441,1,12,0,186.0
10110074CONDEJ_2025-11-29_G53,10110074CONDEJ,2025-11-29,108759,1,4,0,1083.0
10110074CONDEJ_2025-12-02_G02,10110074CONDEJ,2025-12-02,110325,1,134,0,293.0
10110074CONDEJ_2025-12-02_G03,10110074CONDEJ,2025-12-02,110372,1,307,0,703.0
10110074CONDEJ_2025-12-02_G04,10110074CONDEJ,2025-12-02,110747,1,4,0,675.0
10110074CONDEJ_2025-12-02_G05,10110074CONDEJ,2025-12-02,117820,1,12,0,195.0
10110074CONDEJ_2025-12-02_G06,10110074CONDEJ,2025-12-02,141202,1,8,0,434.0
10110074CONDEJ_2025-12-02_G07,10110074CONDEJ,2025-12-02,141456,1,6,0,570.0
10110074CONDEJ_2025-12-02_G08,10110074CONDEJ,2025-12-02,117831,1,9,0,533.0
10110074CONDEJ_2025-12-02_G09,10110074CONDEJ,2025-12-02,117833,1,8,0,63.0
10110074CONDEJ_2025-12-02_G10,10110074CONDEJ,2025-12-02,141457,1,6,0,63.0
10110074CONDEJ_2025-12-02_G11,10110074CONDEJ,2025-12-02,117821,1,6,0,77.0
10110074CONDEJ_2025-12-02_G12,10110074CONDEJ,2025-12-02,141458,1,4,0,55.0
10110074CONDEJ_2025-12-02_G13,10110074CONDEJ,2025-12-02,110374,1,5,0,164.0
10110074CONDEJ_2025-12-02_G14,10110074CONDEJ,2025-12-02,117809,1,10,0,90.0
10110074CONDEJ_2025-12-02_G15,10110074CONDEJ,2025-12-02,117820,1,12,0,93.0
10110074CONDEJ_2025-12-02_G16,10110074CONDEJ,2025-12-02,117822,1,6,0,91.0
10110074CONDEJ_2025-12-02_G17,10110074CONDEJ,2025-12-02,110325,1,4,0,165.0
10110074CONDEJ_2025-12-02_G18,10110074CONDEJ,2025-12-02,110375,1,6,0,133.0
10110074CONDEJ_2025-12-02_G19,10110074CONDEJ,2025-12-02,117832,1,6,0,147.0
10110074CONDEJ_2025-12-03_G02,10110074CONDEJ,2025-12-03,108711,1,16,0,214.0
10110074CONDEJ_2025-12-03_G03,10110074CONDEJ,2025-12-03,110740,1,40,0,522.0
10110074CONDEJ_2025-12-03_G04,10110074CONDEJ,2025-12-03,111463,1,48,0,708.0
10110074CONDEJ_2025-12-03_G05,10110074CONDEJ,2025-12-03,118281,1,2,0,407.0
10110074CONDEJ_2025-12-03_G06,10110074CONDEJ,2025-12-03,110374,1,12,0,121.0
10110074CONDEJ_2025-12-03_G07,10110074CONDEJ,2025-12-03,117830,1,60,0,417.0
10110074CONDEJ_2025-12-03_G08,10110074CONDEJ,2025-12-03,109643,1,4,0,340.0
10110074CONDEJ_2025-12-03_G09,10110074CONDEJ,2025-12-03,110733,1,30,0,302.0
10110074CONDEJ_2025-12-03_G10,10110074CONDEJ,2025-12-03,141066,1,4,0,60.0
10110074CONDEJ_2025-12-03_G11,10110074CONDEJ,2025-12-03,117855,1,15,0,90.0
10110074CONDEJ_2025-12-03_G12,10110074CONDEJ,2025-12-03,110711,1,26,0,1313.0
10110074CONDEJ_2025-12-04_G02,10110074CONDEJ,2025-12-04,111438,1,23,0,162.0
10110074CONDEJ_2025-12-04_G04,10110074CONDEJ,2025-12-04,141035,1,4,0,159.0
10110074CONDEJ_2025-12-04_G05,10110074CONDEJ,2025-12-04,118416,1,2,0,58.0
10110074CONDEJ_2025-12-04_G06,10110074CONDEJ,2025-12-04,108701,1,2,0,291.0
10110074CONDEJ_2025-12-04_G07,10110074CONDEJ,2025-12-04,110741,1,20,0,477.0
10110074CONDEJ_2025-12-04_G08,10110074CONDEJ,2025-12-04,117935,1,18,0,254.0
10110074CONDEJ_2025-12-04_G09,10110074CONDEJ,2025-12-04,117837,1,10,0,417.0
10110074CONDEJ_2025-12-04_G10,10110074CONDEJ,2025-12-04,111650,1,8,0,107.0
10110074CONDEJ_2025-12-04_G11,10110074CONDEJ,2025-12-04,118298,1,10,0,126.0
10110074CONDEJ_2025-12-04_G12,10110074CONDEJ,2025-12-04,117853,1,20,0,1213.0
10110074CONDEJ_2025-12-04_G13,10110074CONDEJ,2025-12-04,110750,1,4,0,68.0
10110074CONDEJ_2025-12-04_G14,10110074CONDEJ,2025-12-04,107629,1,10,0,634.0
10110074CONDEJ_2025-12-04_G15,10110074CONDEJ,2025-12-04,111879,1,12,0,554.0
10110074CONDEJ_2025-12-04_G16,10110074CONDEJ,2025-12-04,109647,1,2,0,53.0
10110074CONDEJ_2025-12-04_G17,10110074CONDEJ,2025-12-04,110711,1,8,0,121.0
10110074CONDEJ_2025-12-04_G18,10110074CONDEJ,2025-12-04,116611,1,4,0,243.0
10110074CONDEJ_2025-12-04_G19,10110074CONDEJ,2025-12-04,108772,1,8,0,209.0
10110074CONDEJ_2025-12-04_G20,10110074CONDEJ,2025-12-04,111876,1,14,0,1144.0
10110074CONDEJ_2025-12-04_G21,10110074CONDEJ,2025-12-04,109471,1,2,0,107.0
10110074CONDEJ_2025-12-04_G22,10110074CONDEJ,2025-12-04,116616,1,4,0,99.0
10110074CONDEJ_2025-12-04_G23,10110074CONDEJ,2025-12-04,117809,1,10,0,3339.0
10110074CONDEJ_2025-12-04_G24,10110074CONDEJ,2025-12-04,110325,1,10,0,139.0
10110074CONDEJ_2025-12-04_G25,10110074CONDEJ,2025-12-04,117935,1,5,0,92.0
10110074CONDEJ_2025-12-04_G26,10110074CONDEJ,2025-12-04,140923,1,4,0,64.0
10110074CONDEJ_2025-12-04_G27,10110074CONDEJ,2025-12-04,107629,1,5,0,117.0
10110074CONDEJ_2025-12-04_G28,10110074CONDEJ,2025-12-04,111530,1,8,0,78.0
10110074CONDEJ_2025-12-04_G29,10110074CONDEJ,2025-12-04,111530,2,14,11,85.0
10110074CONDEJ_2025-12-04_G30,10110074CONDEJ,2025-12-04,109647,1,6,0,268.0
10110074CONDEJ_2025-12-04_G31,10110074CONDEJ,2025-12-04,117855,3,30,24,266.0
10110074CONDEJ_2025-12-08_G02,10110074CONDEJ,2025-12-08,108759,1,14,0,126.0
10110074CONDEJ_2025-12-08_G03,10110074CONDEJ,2025-12-08,111440,1,10,0,717.0
10110074CONDEJ_2025-12-08_G04,10110074CONDEJ,2025-12-08,141318,1,3,0,154.0
10110074CONDEJ_2025-12-08_G05,10110074CONDEJ,2025-12-08,111851,1,4,0,124.0
10110074CONDEJ_2025-12-08_G06,10110074CONDEJ,2025-12-08,109648,1,2,0,188.0
10110074CONDEJ_2025-12-08_G07,10110074CONDEJ,2025-12-08,110376,1,35,0,321.0
10110074CONDEJ_2025-12-08_G08,10110074CONDEJ,2025-12-08,107629,1,20,0,700.0
10110074CONDEJ_2025-12-08_G09,10110074CONDEJ,2025-12-08,110756,1,6,0,218.0
10110074CONDEJ_2025-12-08_G10,10110074CONDEJ,2025-12-08,118094,1,180,0,1182.0
10110074CONDEJ_2025-12-09_G02,10110074CONDEJ,2025-12-09,118253,1,9,0,541.0
10110074CONDEJ_2025-12-09_G03,10110074CONDEJ,2025-12-09,118417,1,3,0,173.0
10110074CONDEJ_2025-12-09_G04,10110074CONDEJ,2025-12-09,110372,1,100,0,323.0
10110074CONDEJ_2025-12-09_G05,10110074CONDEJ,2025-12-09,118299,1,1086,0,1893.0
10110074CONDEJ_2025-12-09_G06,10110074CONDEJ,2025-12-09,111438,1,4,0,3070.0
10110074CONDEJ_2025-12-09_G07,10110074CONDEJ,2025-12-09,118222,1,28,0,171.0
10110074CONDEJ_2025-12-09_G08,10110074CONDEJ,2025-12-09,118283,1,2,0,402.0
10110074CONDEJ_2025-12-09_G09,10110074CONDEJ,2025-12-09,117834,1,2,0,56.0
10110074CONDEJ_2025-12-09_G10,10110074CONDEJ,2025-12-09,141916,1,8,0,167.0
10110074CONDEJ_2025-12-09_G11,10110074CONDEJ,2025-12-09,107892,2,2,21,85.0
10110074CONDEJ_2025-12-09_G12,10110074CONDEJ,2025-12-09,118094,1,8,0,164.0
10110074CONDEJ_2025-12-09_G13,10110074CONDEJ,2025-12-09,117861,1,4,0,454.0
10110074CONDEJ_2025-12-09_G14,10110074CONDEJ,2025-12-09,117861,1,7,0,40.0
10110074CONDEJ_2025-12-09_G15,10110074CONDEJ,2025-12-09,117861,2,12,19,31.0
10110074CONDEJ_2025-12-09_G16,10110074CONDEJ,2025-12-09,110752,1,1,0,301.0
10110074CONDEJ_2025-12-09_G17,10110074CONDEJ,2025-12-09,110339,1,20,0,173.0
10110074CONDEJ_2025-12-09_G18,10110074CONDEJ,2025-12-09,117856,1,15,0,141.0
10110074CONDEJ_2025-12-09_G19,10110074CONDEJ,2025-12-09,141047,1,4,0,136.0
10110074CONDEJ_2025-12-09_G20,10110074CONDEJ,2025-12-09,111530,1,100,0,759.0
10110074CONDEJ_2025-12-09_G21,10110074CONDEJ,2025-12-09,117786,1,15,0,340.0
10110074CONDEJ_2025-12-09_G22,10110074CONDEJ,2025-12-09,117855,1,30,0,220.0
10110074CONDEJ_2025-12-09_G25,10110074CONDEJ,2025-12-09,117809,1,168,0,1483.0
10110074CONDEJ_2025-12-09_G26,10110074CONDEJ,2025-12-09,117832,1,180,0,551.0
10110074CONDEJ_2025-12-09_G27,10110074CONDEJ,2025-12-09,111463,1,610,0,3045.0
10110074CONDEJ_2025-12-10_G02,10110074CONDEJ,2025-12-10,109643,1,7,0,1122.0
10110074CONDEJ_2025-12-10_G03,10110074CONDEJ,2025-12-10,110325,1,14,0,123.0
10110074CONDEJ_2025-12-10_G04,10110074CONDEJ,2025-12-10,110372,1,90,0,448.0
10110074CONDEJ_2025-12-10_G05,10110074CONDEJ,2025-12-10,111650,1,2,0,1084.0
10110074CONDEJ_2025-12-10_G06,10110074CONDEJ,2025-12-10,118094,1,6,0,279.0
10110074CONDEJ_2025-12-10_G07,10110074CONDEJ,2025-12-10,110374,1,1,0,509.0
10110074CONDEJ_2025-12-10_G08,10110074CONDEJ,2025-12-10,109648,1,4,0,119.0
10110074CONDEJ_2025-12-10_G09,10110074CONDEJ,2025-12-10,117832,1,4,0,80.0
10110074CONDEJ_2025-12-10_G10,10110074CONDEJ,2025-12-10,118140,1,2,0,89.0
10110074CONDEJ_2025-12-10_G11,10110074CONDEJ,2025-12-10,111743,1,4,0,130.0
10110074CONDEJ_2025-12-10_G12,10110074CONDEJ,2025-12-10,111650,1,4,0,177.0
10110074CONDEJ_2025-12-10_G13,10110074CONDEJ,2025-12-10,117862,1,6,0,142.0
10110074CONDEJ_2025-12-10_G14,10110074CONDEJ,2025-12-10,118094,1,10,0,510.0
10110074CONDEJ_2025-12-10_G15,10110074CONDEJ,2025-12-10,110500,1,1,0,113.0
10110074CONDEJ_2025-12-10_G16,10110074CONDEJ,2025-12-10,108770,1,4,0,79.0
10110074CONDEJ_2025-12-10_G17,10110074CONDEJ,2025-12-10,110064,1,2,0,385.0
10110074CONDEJ_2025-12-10_G18,10110074CONDEJ,2025-12-10,111462,1,2,0,662.0
10110074CONDEJ_2025-12-10_G19,10110074CONDEJ,2025-12-10,111466,1,2,0,114.0
10110074CONDEJ_2025-12-10_G20,10110074CONDEJ,2025-12-10,118094,1,4,0,163.0
10110074CONDEJ_2025-12-10_G21,10110074CONDEJ,2025-12-10,108794,1,30,0,346.0
10110074CONDEJ_2025-12-10_G22,10110074CONDEJ,2025-12-10,107236,1,7,0,94.0
10110074CONDEJ_2025-12-10_G23,10110074CONDEJ,2025-12-10,115234,1,4,0,109.0
10110074CONDEJ_2025-12-10_G24,10110074CONDEJ,2025-12-10,107236,1,8,0,2135.0
10110074CONDEJ_2025-12-10_G25,10110074CONDEJ,2025-12-10,117808,1,16,0,231.0
10110074CONDEJ_2025-12-10_G26,10110074CONDEJ,2025-12-10,110372,1,13,0,864.0
10110074CONDEJ_2025-12-10_G27,10110074CONDEJ,2025-12-10,118299,1,22,0,182.0
10110074CONDEJ_2025-12-10_G28,10110074CONDEJ,2025-12-10,117785,1,4,0,174.0
10110074CONDEJ_2025-12-10_G29,10110074CONDEJ,2025-12-10,110740,1,4,0,93.0
10110074CONDEJ_2025-12-10_G31,10110074CONDEJ,2025-12-10,118416,1,14,0,340.0
10110074CONDEJ_2025-12-10_G32,10110074CONDEJ,2025-12-10,140923,1,150,0,821.0
10110074CONDEJ_2025-12-10_G33,10110074CONDEJ,2025-12-10,111602,1,20,0,451.0
10110074CONDEJ_2025-12-10_G34,10110074CONDEJ,2025-12-10,141066,1,70,0,176.0
10110074CONDEJ_2025-12-10_G35,10110074CONDEJ,2025-12-10,117855,1,60,0,2581.0
10110074CONDEJ_2025-12-10_G36,10110074CONDEJ,2025-12-10,117862,1,20,0,621.0
10110074CONDEJ_2025-12-10_G37,10110074CONDEJ,2025-12-10,115817,1,6,0,606.0
10110074CONDEJ_2025-12-10_G38,10110074CONDEJ,2025-12-10,117787,1,20,0,146.0
10110074CONDEJ_2025-12-10_G39,10110074CONDEJ,2025-12-10,111462,1,20,0,217.0
10110074CONDEJ_2025-12-11_G02,10110074CONDEJ,2025-12-11,111743,1,13,0,135.0
10110074CONDEJ_2025-12-11_G03,10110074CONDEJ,2025-12-11,141458,1,15,0,283.0
10110074CONDEJ_2025-12-11_G04,10110074CONDEJ,2025-12-11,111418,1,100,0,1301.0
10110074CONDEJ_2025-12-11_G05,10110074CONDEJ,2025-12-11,111463,1,30,0,225.0
10110074CONDEJ_2025-12-11_G07,10110074CONDEJ,2025-12-11,111418,1,23,0,222.0
10110074CONDEJ_2025-12-11_G08,10110074CONDEJ,2025-12-11,111466,1,6,0,82.0
10110074CONDEJ_2025-12-11_G09,10110074CONDEJ,2025-12-11,109643,1,2,0,115.0
10110074CONDEJ_2025-12-11_G10,10110074CONDEJ,2025-12-11,110325,1,5,0,78.0
10110074CONDEJ_2025-12-11_G11,10110074CONDEJ,2025-12-11,118094,1,4,0,410.0
10110074CONDEJ_2025-12-11_G12,10110074CONDEJ,2025-12-11,111602,1,6,0,251.0
10110074CONDEJ_2025-12-11_G13,10110074CONDEJ,2025-12-11,117853,1,4,0,65.0
10110074CONDEJ_2025-12-11_G14,10110074CONDEJ,2025-12-11,117856,1,4,0,129.0
10110074CONDEJ_2025-12-11_G15,10110074CONDEJ,2025-12-11,117855,1,6,0,164.0
10110074CONDEJ_2025-12-11_G16,10110074CONDEJ,2025-12-11,109643,1,5,0,188.0
10110074CONDEJ_2025-12-11_G17,10110074CONDEJ,2025-12-11,117835,1,10,0,806.0
10110074CONDEJ_2025-12-11_G18,10110074CONDEJ,2025-12-11,111655,1,6,0,147.0
10110074CONDEJ_2025-12-11_G19,10110074CONDEJ,2025-12-11,110755,1,4,0,230.0
10110074CONDEJ_2025-12-11_G20,10110074CONDEJ,2025-12-11,108759,1,1,0,88.0
10110074CONDEJ_2025-12-11_G21,10110074CONDEJ,2025-12-11,110325,1,6,0,205.0
10110074CONDEJ_2025-12-11_G22,10110074CONDEJ,2025-12-11,111655,1,5,0,1651.0
10110074CONDEJ_2025-12-11_G23,10110074CONDEJ,2025-12-11,110755,1,12,0,307.0
10110074CONDEJ_2025-12-11_G24,10110074CONDEJ,2025-12-11,140922,1,5,0,133.0
10110074CONDEJ_2025-12-11_G25,10110074CONDEJ,2025-12-11,111462,1,12,0,212.0
10110074CONDEJ_2025-12-11_G27,10110074CONDEJ,2025-12-11,118222,1,2,0,80.0
10110074CONDEJ_2025-12-11_G28,10110074CONDEJ,2025-12-11,140923,1,12,0,232.0
10110074CONDEJ_2025-12-11_G29,10110074CONDEJ,2025-12-11,111602,1,12,0,178.0
10110074CONDEJ_2025-12-11_G30,10110074CONDEJ,2025-12-11,117856,1,8,0,371.0
10110074CONDEJ_2025-12-11_G31,10110074CONDEJ,2025-12-11,111530,1,11,0,137.0
10110074CONDEJ_2025-12-11_G32,10110074CONDEJ,2025-12-11,117786,1,3,0,57.0
10110074CONDEJ_2025-12-11_G33,10110074CONDEJ,2025-12-11,117855,1,2,0,102.0
10110074CONDEJ_2025-12-11_G34,10110074CONDEJ,2025-12-11,110374,1,4,0,107.0
10110074CONDEJ_2025-12-11_G35,10110074CONDEJ,2025-12-11,117808,1,8,0,89.0
10110074CONDEJ_2025-12-11_G36,10110074CONDEJ,2025-12-11,110372,1,20,0,193.0
10110074CONDEJ_2025-12-11_G37,10110074CONDEJ,2025-12-11,110325,1,16,0,771.0
10110074CONDEJ_2025-12-11_G38,10110074CONDEJ,2025-12-11,118140,2,21,14,547.0
10110074CONDEJ_2025-12-11_G39,10110074CONDEJ,2025-12-11,141271,1,3,0,134.0
10110074CONDEJ_2025-12-11_G40,10110074CONDEJ,2025-12-11,111463,1,9,0,176.0
10110074CONDEJ_2025-12-11_G41,10110074CONDEJ,2025-12-11,111463,1,2,0,52.0
10110074CONDEJ_2025-12-11_G42,10110074CONDEJ,2025-12-11,108770,1,2,0,1227.0
10110074CONDEJ_2025-12-11_G43,10110074CONDEJ,2025-12-11,110895,1,5,0,158.0
10110074CONDEJ_2025-12-11_G44,10110074CONDEJ,2025-12-11,118222,1,9,0,130.0
10110074CONDEJ_2025-12-12_G02,10110074CONDEJ,2025-12-12,111469,1,7,0,84.0
10110074CONDEJ_2025-12-12_G03,10110074CONDEJ,2025-12-12,107236,1,8,0,145.0
10110074CONDEJ_2025-12-12_G04,10110074CONDEJ,2025-12-12,110740,1,4,0,64.0
10110074CONDEJ_2025-12-12_G05,10110074CONDEJ,2025-12-12,117785,1,23,0,307.0
10110074CONDEJ_2025-12-12_G06,10110074CONDEJ,2025-12-12,110375,1,11,0,834.0
10110074CONDEJ_2025-12-12_G07,10110074CONDEJ,2025-12-12,111443,1,4,0,167.0
10110074CONDEJ_2025-12-12_G08,10110074CONDEJ,2025-12-12,111466,1,40,0,422.0
10110074CONDEJ_2025-12-12_G09,10110074CONDEJ,2025-12-12,111467,1,2,0,722.0
10110074CONDEJ_2025-12-12_G10,10110074CONDEJ,2025-12-12,110339,1,6,0,127.0
10110074CONDEJ_2025-12-12_G11,10110074CONDEJ,2025-12-12,111602,1,4,0,1552.0
10110074CONDEJ_2025-12-12_G12,10110074CONDEJ,2025-12-12,111468,1,1,0,99.0
10110074CONDEJ_2025-12-12_G13,10110074CONDEJ,2025-12-12,111466,1,6,0,79.0
10110074CONDEJ_2025-12-12_G14,10110074CONDEJ,2025-12-12,111463,1,2,0,69.0
10110074CONDEJ_2025-12-12_G15,10110074CONDEJ,2025-12-12,110374,1,4,0,122.0
10110074CONDEJ_2025-12-12_G16,10110074CONDEJ,2025-12-12,117808,1,36,0,193.0
10110074CONDEJ_2025-12-12_G17,10110074CONDEJ,2025-12-12,110371,1,12,0,91.0
10110074CONDEJ_2025-12-12_G18,10110074CONDEJ,2025-12-12,110372,1,30,0,375.0
10110074CONDEJ_2025-12-12_G19,10110074CONDEJ,2025-12-12,110787,1,4,0,553.0
10110074CONDEJ_2025-12-12_G20,10110074CONDEJ,2025-12-12,110711,1,4,0,643.0
10110074CONDEJ_2025-12-12_G21,10110074CONDEJ,2025-12-12,117853,1,8,0,121.0
10110074CONDEJ_2025-12-12_G22,10110074CONDEJ,2025-12-12,110787,1,8,0,215.0
10110074CONDEJ_2025-12-12_G23,10110074CONDEJ,2025-12-12,140923,1,16,0,151.0
10110074CONDEJ_2025-12-12_G24,10110074CONDEJ,2025-12-12,117837,1,8,0,107.0
10110074CONDEJ_2025-12-12_G25,10110074CONDEJ,2025-12-12,141047,1,8,0,219.0
10110074CONDEJ_2025-12-12_G26,10110074CONDEJ,2025-12-12,111418,1,342,0,1492.0
10110074CONDEJ_2025-12-12_G27,10110074CONDEJ,2025-12-12,111418,1,20,0,39.0
10110074CONDEJ_2025-12-12_G28,10110074CONDEJ,2025-12-12,109643,1,2,0,104.0
10110074CONDEJ_2025-12-12_G29,10110074CONDEJ,2025-12-12,118299,1,4,0,406.0
10110074CONDEJ_2025-12-12_G30,10110074CONDEJ,2025-12-12,111418,1,76,0,159.0
10110074CONDEJ_2025-12-12_G31,10110074CONDEJ,2025-12-12,117785,1,128,0,473.0
10110074CONDEJ_2025-12-12_G32,10110074CONDEJ,2025-12-12,110371,1,79,0,263.0
10110074CONDEJ_2025-12-12_G33,10110074CONDEJ,2025-12-12,110372,1,100,0,315.0
10110074CONDEJ_2025-12-12_G34,10110074CONDEJ,2025-12-12,111850,1,2,0,369.0
10110074CONDEJ_2025-12-12_G35,10110074CONDEJ,2025-12-12,118290,1,4,0,157.0
10110074CONDEJ_2025-12-12_G36,10110074CONDEJ,2025-12-12,"118290, 111430",2,5,18,565.0
10110074CONDEJ_2025-12-12_G37,10110074CONDEJ,2025-12-12,110895,1,6,0,352.0
10110074CONDEJ_2025-12-12_G39,10110074CONDEJ,2025-12-12,141035,1,2,0,161.0
10110074CONDEJ_2025-12-12_G40,10110074CONDEJ,2025-12-12,118416,1,4,0,80.0
10110074CONDEJ_2025-12-12_G41,10110074CONDEJ,2025-12-12,117788,1,4,0,188.0
10110074CONDEJ_2025-12-12_G42,10110074CONDEJ,2025-12-12,117935,1,13,0,910.0
10110074CONDEJ_2025-12-12_G43,10110074CONDEJ,2025-12-12,117861,1,4,0,156.0
10110074CONDEJ_2025-12-12_G44,10110074CONDEJ,2025-12-12,111602,1,34,0,145.0
10110074CONDEJ_2025-12-12_G45,10110074CONDEJ,2025-12-12,117837,1,2,0,183.0
10110074CONDEJ_2025-12-12_G46,10110074CONDEJ,2025-12-12,110711,1,11,0,71.0
10110074CONDEJ_2025-12-12_G47,10110074CONDEJ,2025-12-12,111650,1,2,0,86.0
10110074CONDEJ_2025-12-12_G48,10110074CONDEJ,2025-12-12,110339,1,5,0,101.0
10110074CONDEJ_2025-12-12_G49,10110074CONDEJ,2025-12-12,117853,1,7,0,142.0
10110074CONDEJ_2025-12-12_G50,10110074CONDEJ,2025-12-12,141047,1,5,0,166.0
10110074CONDEJ_2025-12-12_G51,10110074CONDEJ,2025-12-12,117786,1,42,0,1395.0
10110074CONDEJ_2025-12-12_G52,10110074CONDEJ,2025-12-12,110756,1,1,0,34.0
10110074CONDEJ_2025-12-12_G53,10110074CONDEJ,2025-12-12,141352,1,4,0,63.0
10110074CONDEJ_2025-12-12_G54,10110074CONDEJ,2025-12-12,117855,1,66,0,545.0
10110074CONDEJ_2025-12-12_G55,10110074CONDEJ,2025-12-12,118094,1,40,0,479.0
10110074CONDEJ_2025-12-12_G56,10110074CONDEJ,2025-12-12,117856,1,80,0,909.0
10110074CONDEJ_2025-12-12_G57,10110074CONDEJ,2025-12-12,111467,1,9,0,229.0
10110074CONDEJ_2025-12-12_G58,10110074CONDEJ,2025-12-12,109640,1,6,0,141.0
10110074CONDEJ_2025-12-12_G59,10110074CONDEJ,2025-12-12,117854,1,4,0,127.0
10110074CONDEJ_2025-12-12_G60,10110074CONDEJ,2025-12-12,140923,1,55,0,166.0
10110074CONDEJ_2025-12-13_G02,10110074CONDEJ,2025-12-13,111438,1,2,0,1624.0
10110074CONDEJ_2025-12-13_G03,10110074CONDEJ,2025-12-13,140923,1,7,0,158.0
10110074CONDEJ_2025-12-13_G04,10110074CONDEJ,2025-12-13,111602,1,4,0,65.0
10110074CONDEJ_2025-12-13_G05,10110074CONDEJ,2025-12-13,117808,1,1,0,81.0
10110074CONDEJ_2025-12-13_G06,10110074CONDEJ,2025-12-13,118299,1,5,0,393.0
10110074CONDEJ_2025-12-13_G07,10110074CONDEJ,2025-12-13,118299,1,100,0,95.0
10110074CONDEJ_2025-12-13_G08,10110074CONDEJ,2025-12-13,117840,1,8,0,337.0
10110074CONDEJ_2025-12-13_G09,10110074CONDEJ,2025-12-13,110372,1,6,0,92.0
10110074CONDEJ_2025-12-13_G10,10110074CONDEJ,2025-12-13,141202,1,2,0,102.0
10110074CONDEJ_2025-12-13_G11,10110074CONDEJ,2025-12-13,111438,1,3,0,3410.0
10110074CONDEJ_2025-12-13_G12,10110074CONDEJ,2025-12-13,111569,1,3,0,60.0
10110074CONDEJ_2025-12-13_G13,10110074CONDEJ,2025-12-13,110895,1,2,0,88.0
10110074CONDEJ_2025-12-13_G14,10110074CONDEJ,2025-12-13,118290,1,3,0,109.0
10110074CONDEJ_2025-12-13_G15,10110074CONDEJ,2025-12-13,110747,1,2,0,199.0
10110074CONDEJ_2025-12-13_G16,10110074CONDEJ,2025-12-13,110372,1,6,0,288.0
10110074CONDEJ_2025-12-13_G17,10110074CONDEJ,2025-12-13,111530,1,4,0,335.0
10110074CONDEJ_2025-12-13_G18,10110074CONDEJ,2025-12-13,140923,1,1,0,119.0
10110074CONDEJ_2025-12-13_G19,10110074CONDEJ,2025-12-13,141047,1,2,0,147.0
10110074CONDEJ_2025-12-13_G20,10110074CONDEJ,2025-12-13,117786,1,4,0,65.0
10110074CONDEJ_2025-12-13_G21,10110074CONDEJ,2025-12-13,117855,1,1,0,101.0
10110074CONDEJ_2025-12-13_G22,10110074CONDEJ,2025-12-13,109640,1,2,0,66.0
10110074CONDEJ_2025-12-13_G23,10110074CONDEJ,2025-12-13,118317,1,1,0,168.0
10110074CONDEJ_2025-12-13_G24,10110074CONDEJ,2025-12-13,111418,1,7,0,95.0
10110074CONDEJ_2025-12-13_G25,10110074CONDEJ,2025-12-13,117785,1,3,0,52.0
10110074CONDEJ_2025-12-13_G26,10110074CONDEJ,2025-12-13,110740,1,4,0,103.0
10110074CONDEJ_2025-12-13_G27,10110074CONDEJ,2025-12-13,111602,1,8,0,287.0
10110074CONDEJ_2025-12-13_G28,10110074CONDEJ,2025-12-13,109640,1,4,0,225.0
10110074CONDEJ_2025-12-13_G30,10110074CONDEJ,2025-12-13,110745,1,6,0,161.0
10110074CONDEJ_2025-12-13_G31,10110074CONDEJ,2025-12-13,111469,1,1,0,278.0
10110074CONDEJ_2025-12-13_G32,10110074CONDEJ,2025-12-13,107236,1,4,0,45.0
10110074CONDEJ_2025-12-13_G33,10110074CONDEJ,2025-12-13,141458,1,4,0,117.0
10110074CONDEJ_2025-12-13_G34,10110074CONDEJ,2025-12-13,118094,1,6,0,375.0
10110074CONDEJ_2025-12-13_G35,10110074CONDEJ,2025-12-13,110339,1,2,0,103.0
10110074CONDEJ_2025-12-13_G36,10110074CONDEJ,2025-12-13,111530,1,8,0,179.0
10110074CONDEJ_2025-12-13_G37,10110074CONDEJ,2025-12-13,111467,1,4,0,1176.0
10110074CONDEJ_2025-12-13_G38,10110074CONDEJ,2025-12-13,117856,1,44,0,1808.0
10110074CONDEJ_2025-12-13_G39,10110074CONDEJ,2025-12-13,117862,1,93,0,1203.0
10110074CONDEJ_2025-12-13_G40,10110074CONDEJ,2025-12-13,111530,1,19,0,119.0
10110074CONDEJ_2025-12-15_G02,10110074CONDEJ,2025-12-15,111430,1,4,0,80.0
10110074CONDEJ_2025-12-15_G03,10110074CONDEJ,2025-12-15,118251,1,10,0,94.0
10110074CONDEJ_2025-12-15_G04,10110074CONDEJ,2025-12-15,118094,1,4,0,705.0
10110074CONDEJ_2025-12-15_G05,10110074CONDEJ,2025-12-15,117861,1,6,0,76.0
10110074CONDEJ_2025-12-15_G06,10110074CONDEJ,2025-12-15,140923,1,6,0,79.0
10110074CONDEJ_2025-12-15_G07,10110074CONDEJ,2025-12-15,117856,1,8,0,69.0
10110074CONDEJ_2025-12-15_G08,10110074CONDEJ,2025-12-15,141047,1,4,0,122.0
10110074CONDEJ_2025-12-15_G09,10110074CONDEJ,2025-12-15,117855,1,6,0,144.0
10110074CONDEJ_2025-12-15_G10,10110074CONDEJ,2025-12-15,117862,1,4,0,67.0
10110074CONDEJ_2025-12-15_G11,10110074CONDEJ,2025-12-15,111467,1,10,0,119.0
10110074CONDEJ_2025-12-15_G12,10110074CONDEJ,2025-12-15,110711,1,6,0,93.0
10110074CONDEJ_2025-12-15_G13,10110074CONDEJ,2025-12-15,107629,1,4,0,135.0
10110074CONDEJ_2025-12-15_G14,10110074CONDEJ,2025-12-15,110374,1,20,0,400.0
10110074CONDEJ_2025-12-15_G15,10110074CONDEJ,2025-12-15,117809,1,10,0,133.0
10110074CONDEJ_2025-12-15_G16,10110074CONDEJ,2025-12-15,117808,1,16,0,339.0
10110074CONDEJ_2025-12-15_G17,10110074CONDEJ,2025-12-15,117832,1,8,0,109.0
10110074CONDEJ_2025-12-15_G18,10110074CONDEJ,2025-12-15,110375,1,4,0,148.0
10110074CONDEJ_2025-12-15_G19,10110074CONDEJ,2025-12-15,110372,1,20,0,128.0
10110074CONDEJ_2025-12-15_G20,10110074CONDEJ,2025-12-15,117808,1,240,0,2429.0
10110074CONDEJ_2025-12-15_G21,10110074CONDEJ,2025-12-15,111418,1,40,0,1835.0
10110074CONDEJ_2025-12-15_G22,10110074CONDEJ,2025-12-15,111467,1,8,0,521.0
10110074CONDEJ_2025-12-15_G23,10110074CONDEJ,2025-12-15,111532,1,9,0,234.0
10110074CONDEJ_2025-12-15_G24,10110074CONDEJ,2025-12-15,111172,1,9,0,155.0
10110074CONDEJ_2025-12-15_G25,10110074CONDEJ,2025-12-15,118299,1,4,0,269.0
10110074CONDEJ_2025-12-15_G26,10110074CONDEJ,2025-12-15,118299,1,6,0,125.0
10110074CONDEJ_2025-12-15_G27,10110074CONDEJ,2025-12-15,118094,1,3,0,601.0
10110074CONDEJ_2025-12-15_G28,10110074CONDEJ,2025-12-15,117861,1,3,0,64.0
10110074CONDEJ_2025-12-15_G29,10110074CONDEJ,2025-12-15,140923,1,18,0,110.0
10110074CONDEJ_2025-12-15_G30,10110074CONDEJ,2025-12-15,117856,1,6,0,72.0
10110074CONDEJ_2025-12-15_G31,10110074CONDEJ,2025-12-15,141047,1,4,0,104.0
10110074CONDEJ_2025-12-15_G32,10110074CONDEJ,2025-12-15,111467,1,8,0,95.0
10110074CONDEJ_2025-12-15_G33,10110074CONDEJ,2025-12-15,110711,1,1,0,65.0
10110074CONDEJ_2025-12-15_G35,10110074CONDEJ,2025-12-15,117832,1,12,0,122.0
10110074CONDEJ_2025-12-15_G36,10110074CONDEJ,2025-12-15,110372,1,60,0,824.0
10110074CONDEJ_2025-12-15_G37,10110074CONDEJ,2025-12-15,110371,1,8,0,1701.0
10110074CONDEJ_2025-12-15_G38,10110074CONDEJ,2025-12-15,118299,1,8,0,86.0
10110074CONDEJ_2025-12-15_G39,10110074CONDEJ,2025-12-15,141457,1,10,0,303.0
10110074CONDEJ_2025-12-15_G40,10110074CONDEJ,2025-12-15,111655,1,2,0,118.0
10110074CONDEJ_2025-12-15_G41,10110074CONDEJ,2025-12-15,118222,1,4,0,1103.0
10110074CONDEJ_2025-12-15_G42,10110074CONDEJ,2025-12-15,117835,1,2,0,228.0
10110074CONDEJ_2025-12-15_G43,10110074CONDEJ,2025-12-15,111569,1,6,0,943.0
10110074CONDEJ_2025-12-15_G44,10110074CONDEJ,2025-12-15,110755,1,4,0,117.0
10110074CONDEJ_2025-12-15_G45,10110074CONDEJ,2025-12-15,141916,1,4,0,82.0
10110074CONDEJ_2025-12-15_G47,10110074CONDEJ,2025-12-15,117808,1,8,0,83.0
10110074CONDEJ_2025-12-15_G48,10110074CONDEJ,2025-12-15,117855,1,16,0,342.0
10110074CONDEJ_2025-12-16_G02,10110074CONDEJ,2025-12-16,110740,1,4,0,106.0
10110074CONDEJ_2025-12-16_G03,10110074CONDEJ,2025-12-16,108711,1,21,0,99.0
10110074CONDEJ_2025-12-16_G04,10110074CONDEJ,2025-12-16,117862,1,4,0,1180.0
10110074CONDEJ_2025-12-16_G05,10110074CONDEJ,2025-12-16,117830,1,4,0,92.0
10110074CONDEJ_2025-12-16_G06,10110074CONDEJ,2025-12-16,111602,1,60,0,1121.0
10110074CONDEJ_2025-12-16_G07,10110074CONDEJ,2025-12-16,111172,1,2,0,669.0
10110074CONDEJ_2025-12-16_G08,10110074CONDEJ,2025-12-16,117808,1,6,0,282.0
10110074CONDEJ_2025-12-16_G09,10110074CONDEJ,2025-12-16,111530,1,81,0,1637.0
10110074CONDEJ_2025-12-16_G10,10110074CONDEJ,2025-12-16,111530,3,64,31,1493.0
10110074CONDEJ_2025-12-16_G11,10110074CONDEJ,2025-12-16,117830,1,48,0,369.0
10110074CONDEJ_2025-12-16_G12,10110074CONDEJ,2025-12-16,118299,1,200,0,462.0
10110074CONDEJ_2025-12-16_G13,10110074CONDEJ,2025-12-16,108795,1,16,0,1398.0
10110074CONDEJ_2025-12-16_G14,10110074CONDEJ,2025-12-16,108711,1,12,0,119.0
10110074CONDEJ_2025-12-16_G15,10110074CONDEJ,2025-12-16,118140,1,8,0,124.0
10110074CONDEJ_2025-12-16_G16,10110074CONDEJ,2025-12-16,110373,1,20,0,656.0
10110074CONDEJ_2025-12-16_G17,10110074CONDEJ,2025-12-16,111532,1,92,0,409.0
10110074CONDEJ_2025-12-16_G18,10110074CONDEJ,2025-12-16,111172,1,5,0,125.0
10110074CONDEJ_2025-12-16_G20,10110074CONDEJ,2025-12-16,108770,1,2,0,1900.0
10110074CONDEJ_2025-12-16_G21,10110074CONDEJ,2025-12-16,115234,1,4,0,279.0
10110074CONDEJ_2025-12-16_G22,10110074CONDEJ,2025-12-16,111569,1,20,0,254.0
10110074CONDEJ_2025-12-16_G23,10110074CONDEJ,2025-12-16,118283,1,4,0,79.0
10110074CONDEJ_2025-12-16_G24,10110074CONDEJ,2025-12-16,111655,1,4,0,75.0
10110074CONDEJ_2025-12-16_G25,10110074CONDEJ,2025-12-16,110755,1,7,0,107.0
10110074CONDEJ_2025-12-16_G26,10110074CONDEJ,2025-12-16,111655,1,4,0,91.0
10110074CONDEJ_2025-12-16_G27,10110074CONDEJ,2025-12-16,110755,1,5,0,36.0
10110074CONDEJ_2025-12-16_G28,10110074CONDEJ,2025-12-16,111655,1,4,0,74.0
10110074CONDEJ_2025-12-16_G29,10110074CONDEJ,2025-12-16,118222,1,80,0,3398.0
10110074CONDEJ_2025-12-16_G30,10110074CONDEJ,2025-12-16,118290,1,11,0,478.0
10110074CONDEJ_2025-12-16_G31,10110074CONDEJ,2025-12-16,141313,1,2,0,88.0
10110074CONDEJ_2025-12-16_G32,10110074CONDEJ,2025-12-16,111418,1,215,0,965.0
10110074CONDEJ_2025-12-16_G33,10110074CONDEJ,2025-12-16,111743,1,20,0,610.0
10110074CONDEJ_2025-12-16_G34,10110074CONDEJ,2025-12-16,118140,1,60,0,298.0
10110074CONDEJ_2025-12-16_G35,10110074CONDEJ,2025-12-16,117821,1,12,0,222.0
10110074CONDEJ_2025-12-17_G02,10110074CONDEJ,2025-12-17,110376,1,65,0,611.0
10110074CONDEJ_2025-12-17_G03,10110074CONDEJ,2025-12-17,109640,1,50,0,1463.0
10110074CONDEJ_2025-12-17_G04,10110074CONDEJ,2025-12-17,117935,1,55,0,318.0
10110074CONDEJ_2025-12-17_G05,10110074CONDEJ,2025-12-17,140957,1,16,0,381.0
10110074CONDEJ_2025-12-17_G06,10110074CONDEJ,2025-12-17,140923,1,100,0,419.0
10110074CONDEJ_2025-12-17_G07,10110074CONDEJ,2025-12-17,111650,1,20,0,1298.0
10110074CONDEJ_2025-12-17_G08,10110074CONDEJ,2025-12-17,141047,1,42,0,178.0
10110074CONDEJ_2025-12-17_G09,10110074CONDEJ,2025-12-17,111530,1,39,0,1328.0
10110074CONDEJ_2025-12-17_G11,10110074CONDEJ,2025-12-17,109640,1,69,0,1191.0
10110074CONDEJ_2025-12-17_G12,10110074CONDEJ,2025-12-17,110740,1,150,0,640.0
10110074CONDEJ_2025-12-17_G13,10110074CONDEJ,2025-12-17,111466,1,33,0,188.0
10110074CONDEJ_2025-12-17_G14,10110074CONDEJ,2025-12-17,117809,1,40,0,484.0
10110074CONDEJ_2025-12-17_G15,10110074CONDEJ,2025-12-17,117830,1,20,0,138.0
10110074CONDEJ_2025-12-17_G16,10110074CONDEJ,2025-12-17,117808,1,47,0,178.0
10110074CONDEJ_2025-12-17_G17,10110074CONDEJ,2025-12-17,118299,1,87,0,487.0
10110074CONDEJ_2025-12-17_G19,10110074CONDEJ,2025-12-17,118222,2,7,11,1008.0
10110074CONDEJ_2025-12-18_G02,10110074CONDEJ,2025-12-18,105705,1,4,0,113.0
10110074CONDEJ_2025-12-18_G03,10110074CONDEJ,2025-12-18,141456,1,24,0,191.0
10110074CONDEJ_2025-12-18_G04,10110074CONDEJ,2025-12-18,111182,1,4,0,289.0
10110074CONDEJ_2025-12-18_G05,10110074CONDEJ,2025-12-18,110376,1,12,0,136.0
10110074CONDEJ_2025-12-18_G06,10110074CONDEJ,2025-12-18,110895,1,5,0,576.0
10110074CONDEJ_2025-12-18_G07,10110074CONDEJ,2025-12-18,118094,1,6,0,119.0
10110074CONDEJ_2025-12-18_G08,10110074CONDEJ,2025-12-18,109647,1,1,0,83.0
10110074CONDEJ_2025-12-18_G09,10110074CONDEJ,2025-12-18,111467,1,8,0,256.0
10110074CONDEJ_2025-12-18_G10,10110074CONDEJ,2025-12-18,111182,1,3,0,149.0
10110074CONDEJ_2025-12-18_G11,10110074CONDEJ,2025-12-18,109645,1,4,0,99.0
10110074CONDEJ_2025-12-18_G12,10110074CONDEJ,2025-12-18,118140,2,9,8,269.0
10110074CONDEJ_2025-12-18_G13,10110074CONDEJ,2025-12-18,111569,1,10,0,272.0
10110074CONDEJ_2025-12-18_G14,10110074CONDEJ,2025-12-18,117785,1,10,0,218.0
10110074CONDEJ_2025-12-18_G15,10110074CONDEJ,2025-12-18,118299,1,20,0,270.0
10110074CONDEJ_2025-12-18_G16,10110074CONDEJ,2025-12-18,110372,1,20,0,218.0
10110074CONDEJ_2025-12-18_G17,10110074CONDEJ,2025-12-18,117808,1,24,0,235.0
10110074CONDEJ_2025-12-18_G18,10110074CONDEJ,2025-12-18,110373,1,20,0,400.0
10110074CONDEJ_2025-12-18_G19,10110074CONDEJ,2025-12-18,111430,1,4,0,2848.0
10110074CONDEJ_2025-12-18_G20,10110074CONDEJ,2025-12-18,110339,1,3,0,144.0
10110074CONDEJ_2025-12-18_G21,10110074CONDEJ,2025-12-18,117855,1,4,0,146.0
10110074CONDEJ_2025-12-18_G22,10110074CONDEJ,2025-12-18,110711,1,4,0,150.0
10110074CONDEJ_2025-12-18_G23,10110074CONDEJ,2025-12-18,118317,1,2,0,381.0
10110074CONDEJ_2025-12-18_G24,10110074CONDEJ,2025-12-18,111418,1,8,0,187.0
10110074CONDEJ_2025-12-18_G25,10110074CONDEJ,2025-12-18,118140,1,4,0,127.0
10110074CONDEJ_2025-12-18_G26,10110074CONDEJ,2025-12-18,117830,1,2,0,224.0
10110074CONDEJ_2025-12-18_G27,10110074CONDEJ,2025-12-18,110373,1,12,0,132.0
10110074CONDEJ_2025-12-18_G28,10110074CONDEJ,2025-12-18,117808,1,12,0,401.0
10110074CONDEJ_2025-12-18_G29,10110074CONDEJ,2025-12-18,117830,1,2,0,632.0
10110074CONDEJ_2025-12-18_G30,10110074CONDEJ,2025-12-18,110373,1,8,0,151.0
10110074CONDEJ_2025-12-18_G31,10110074CONDEJ,2025-12-18,110373,1,14,0,69.0
10110074CONDEJ_2025-12-18_G32,10110074CONDEJ,2025-12-18,117862,1,1,0,118.0
10110074CONDEJ_2025-12-18_G33,10110074CONDEJ,2025-12-18,141262,1,8,0,545.0
10110074CONDEJ_2025-12-18_G35,10110074CONDEJ,2025-12-18,110373,1,126,0,542.0
10110074CONDEJ_2025-12-18_G36,10110074CONDEJ,2025-12-18,110373,1,23,0,42.0
10110074CONDEJ_2025-12-18_G37,10110074CONDEJ,2025-12-18,160054,1,8,0,596.0
10110074CONDEJ_2025-12-18_G38,10110074CONDEJ,2025-12-18,160054,1,6,0,34.0
10110074CONDEJ_2025-12-18_G39,10110074CONDEJ,2025-12-18,160051,1,2,0,91.0
10110074CONDEJ_2025-12-18_G40,10110074CONDEJ,2025-12-18,141456,1,12,0,603.0
10110074CONDEJ_2025-12-18_G41,10110074CONDEJ,2025-12-18,117785,1,20,0,595.0
10110074CONDEJ_2025-12-18_G42,10110074CONDEJ,2025-12-18,111434,1,2,0,88.0
10110074CONDEJ_2025-12-18_G43,10110074CONDEJ,2025-12-18,111532,1,4,0,54.0
10110074CONDEJ_2025-12-18_G44,10110074CONDEJ,2025-12-18,141823,1,7,0,81.0
10110074CONDEJ_2025-12-18_G45,10110074CONDEJ,2025-12-18,111435,1,5,0,81.0
10110074CONDEJ_2025-12-18_G46,10110074CONDEJ,2025-12-18,117842,1,10,0,144.0
10110074CONDEJ_2025-12-18_G47,10110074CONDEJ,2025-12-18,105705,1,28,0,212.0
10110074CONDEJ_2025-12-18_G48,10110074CONDEJ,2025-12-18,117841,1,4,0,143.0
10110074CONDEJ_2025-12-18_G49,10110074CONDEJ,2025-12-18,111469,1,7,0,65.0
10110074CONDEJ_2025-12-18_G50,10110074CONDEJ,2025-12-18,110740,1,10,0,166.0
10110074CONDEJ_2025-12-18_G51,10110074CONDEJ,2025-12-18,141457,1,8,0,77.0
10110074CONDEJ_2025-12-18_G52,10110074CONDEJ,2025-12-18,111468,1,1,0,110.0
10110074CONDEJ_2025-12-18_G53,10110074CONDEJ,2025-12-18,141458,1,30,0,1270.0
10110074CONDEJ_2025-12-18_G54,10110074CONDEJ,2025-12-18,117853,1,4,0,402.0
10110074CONDEJ_2025-12-18_G55,10110074CONDEJ,2025-12-18,141047,1,4,0,108.0
10110074CONDEJ_2025-12-18_G56,10110074CONDEJ,2025-12-18,117786,1,8,0,144.0
10110074CONDEJ_2025-12-18_G57,10110074CONDEJ,2025-12-18,111467,1,13,0,366.0
10110074CONDEJ_2025-12-18_G58,10110074CONDEJ,2025-12-18,117854,1,2,0,246.0
10110074CONDEJ_2025-12-18_G59,10110074CONDEJ,2025-12-18,117834,1,6,0,141.0
10110074CONDEJ_2025-12-18_G60,10110074CONDEJ,2025-12-18,141916,1,2,0,181.0
10110074CONDEJ_2025-12-18_G61,10110074CONDEJ,2025-12-18,118290,1,1,0,125.0
10110074CONDEJ_2025-12-18_G62,10110074CONDEJ,2025-12-18,107892,1,2,0,64.0
10110074CONDEJ_2025-12-19_G02,10110074CONDEJ,2025-12-19,111418,1,44,0,178.0
10110074CONDEJ_2025-12-19_G03,10110074CONDEJ,2025-12-19,111532,1,48,0,679.0
10110074CONDEJ_2025-12-19_G04,10110074CONDEJ,2025-12-19,111532,1,52,0,35.0
10110074CONDEJ_2025-12-19_G05,10110074CONDEJ,2025-12-19,117935,1,31,0,673.0
10110074CONDEJ_2025-12-19_G06,10110074CONDEJ,2025-12-19,141823,1,10,0,697.0
10110074CONDEJ_2025-12-19_G07,10110074CONDEJ,2025-12-19,111466,1,99,0,165.0
10110074CONDEJ_2025-12-19_G08,10110074CONDEJ,2025-12-19,117935,1,5,0,2471.0
10110074CONDEJ_2025-12-19_G09,10110074CONDEJ,2025-12-19,141457,1,6,0,144.0
10110074CONDEJ_2025-12-19_G10,10110074CONDEJ,2025-12-19,111466,1,2,0,99.0
10110074CONDEJ_2025-12-19_G11,10110074CONDEJ,2025-12-19,111466,1,3,0,46.0
10110074CONDEJ_2025-12-19_G12,10110074CONDEJ,2025-12-19,117820,1,6,0,132.0
10110074CONDEJ_2025-12-19_G13,10110074CONDEJ,2025-12-19,111602,1,8,0,768.0
10110074CONDEJ_2025-12-19_G14,10110074CONDEJ,2025-12-19,111602,1,4,0,37.0
10110074CONDEJ_2025-12-19_G15,10110074CONDEJ,2025-12-19,111532,1,6,0,186.0
10110074CONDEJ_2025-12-19_G16,10110074CONDEJ,2025-12-19,111602,1,6,0,55.0
10110074CONDEJ_2025-12-19_G17,10110074CONDEJ,2025-12-19,111602,1,10,0,1663.0
10110074CONDEJ_2025-12-19_G18,10110074CONDEJ,2025-12-19,111602,1,40,0,238.0
10110074CONDEJ_2025-12-20_G02,10110074CONDEJ,2025-12-20,117785,1,4,0,62.0
10110074CONDEJ_2025-12-20_G03,10110074CONDEJ,2025-12-20,141048,1,12,0,125.0
10110074CONDEJ_2025-12-20_G04,10110074CONDEJ,2025-12-20,111469,1,40,0,323.0
10110074CONDEJ_2025-12-20_G05,10110074CONDEJ,2025-12-20,111466,1,12,0,199.0
10110074CONDEJ_2025-12-20_G06,10110074CONDEJ,2025-12-20,118222,1,4,0,179.0
10110074CONDEJ_2025-12-20_G07,10110074CONDEJ,2025-12-20,117935,1,3,0,131.0
10110074CONDEJ_2025-12-20_G08,10110074CONDEJ,2025-12-20,111602,1,8,0,82.0
10110074CONDEJ_2025-12-20_G09,10110074CONDEJ,2025-12-20,117809,1,20,0,386.0
10110074CONDEJ_2025-12-20_G10,10110074CONDEJ,2025-12-20,110371,1,20,0,224.0
10110074CONDEJ_2025-12-20_G11,10110074CONDEJ,2025-12-20,117820,1,108,0,338.0
10110074CONDEJ_2025-12-20_G12,10110074CONDEJ,2025-12-20,117832,1,6,0,190.0
10110074CONDEJ_2025-12-20_G13,10110074CONDEJ,2025-12-20,109643,1,8,0,143.0
10110074CONDEJ_2025-12-20_G14,10110074CONDEJ,2025-12-20,110325,1,10,0,114.0
10110074CONDEJ_2025-12-20_G15,10110074CONDEJ,2025-12-20,117820,1,40,0,565.0
10110074CONDEJ_2025-12-20_G16,10110074CONDEJ,2025-12-20,117820,1,10,0,36.0
10110074CONDEJ_2025-12-20_G17,10110074CONDEJ,2025-12-20,110373,1,1,0,51.0
10110074CONDEJ_2025-12-20_G18,10110074CONDEJ,2025-12-20,117808,1,100,0,183.0
10110074CONDEJ_2025-12-22_G02,10110074CONDEJ,2025-12-22,111469,1,2,0,97.0
10110074CONDEJ_2025-12-22_G03,10110074CONDEJ,2025-12-22,111435,1,2,0,175.0
10110074CONDEJ_2025-12-22_G04,10110074CONDEJ,2025-12-22,108711,1,6,0,1117.0
10110074CONDEJ_2025-12-22_G05,10110074CONDEJ,2025-12-22,117808,1,16,0,1380.0
10110074CONDEJ_2025-12-22_G06,10110074CONDEJ,2025-12-22,110733,1,3,0,2794.0
10110074CONDEJ_2025-12-22_G07,10110074CONDEJ,2025-12-22,118094,1,4,0,127.0
10110074CONDEJ_2025-12-22_G08,10110074CONDEJ,2025-12-22,111602,4,33,37,59.0
10110074CONDEJ_2025-12-22_G09,10110074CONDEJ,2025-12-22,118298,1,6,0,255.0
10110074CONDEJ_2025-12-22_G10,10110074CONDEJ,2025-12-22,141047,1,10,0,152.0
10110074CONDEJ_2025-12-22_G12,10110074CONDEJ,2025-12-22,111569,1,3,0,101.0
10110074CONDEJ_2025-12-22_G13,10110074CONDEJ,2025-12-22,110325,1,4,0,143.0
10110074CONDEJ_2025-12-22_G14,10110074CONDEJ,2025-12-22,111530,1,3,0,131.0
10110074CONDEJ_2025-12-22_G15,10110074CONDEJ,2025-12-22,109640,1,10,0,188.0
10110074CONDEJ_2025-12-22_G16,10110074CONDEJ,2025-12-22,111463,1,2,0,70.0
10110074CONDEJ_2025-12-22_G17,10110074CONDEJ,2025-12-22,111466,1,3,0,156.0
10110074CONDEJ_2025-12-22_G18,10110074CONDEJ,2025-12-22,111569,1,2,0,2199.0
10110074CONDEJ_2025-12-22_G19,10110074CONDEJ,2025-12-22,110325,1,2,0,144.0
10110074CONDEJ_2025-12-22_G20,10110074CONDEJ,2025-12-22,111418,1,6,0,126.0
10110074CONDEJ_2025-12-22_G21,10110074CONDEJ,2025-12-22,111743,1,2,0,52.0
10110074CONDEJ_2025-12-22_G22,10110074CONDEJ,2025-12-22,111532,1,2,0,76.0
10110074CONDEJ_2025-12-22_G23,10110074CONDEJ,2025-12-22,141457,1,3,0,161.0
10110074CONDEJ_2025-12-22_G24,10110074CONDEJ,2025-12-22,141456,1,10,0,126.0
10110074CONDEJ_2025-12-22_G25,10110074CONDEJ,2025-12-22,141458,1,3,0,67.0
10110074CONDEJ_2025-12-22_G26,10110074CONDEJ,2025-12-22,110373,1,20,0,547.0
10110074CONDEJ_2025-12-22_G27,10110074CONDEJ,2025-12-22,140923,1,3,0,3161.0
10110074CONDEJ_2025-12-23_G02,10110074CONDEJ,2025-12-23,111441,2,75,11,505.0
10110074CONDEJ_2025-12-23_G03,10110074CONDEJ,2025-12-23,111462,1,6,0,706.0
10110074CONDEJ_2025-12-23_G04,10110074CONDEJ,2025-12-23,111469,1,4,0,114.0
10110074CONDEJ_2025-12-23_G05,10110074CONDEJ,2025-12-23,117808,1,100,0,1171.0
10110074CONDEJ_2025-12-23_G06,10110074CONDEJ,2025-12-23,141916,1,16,0,480.0
10110074CONDEJ_2025-12-23_G07,10110074CONDEJ,2025-12-23,110372,1,50,0,412.0
10110074CONDEJ_2025-12-23_G08,10110074CONDEJ,2025-12-23,111437,1,8,0,343.0
10110074CONDEJ_2025-12-23_G09,10110074CONDEJ,2025-12-23,111441,1,43,0,393.0
10110074CONDEJ_2025-12-23_G10,10110074CONDEJ,2025-12-23,110374,1,21,0,425.0
10110074CONDEJ_2025-12-23_G11,10110074CONDEJ,2025-12-23,110372,1,383,0,534.0
10110074CONDEJ_2025-12-23_G12,10110074CONDEJ,2025-12-23,111462,1,11,0,1167.0
10110074CONDEJ_2025-12-23_G13,10110074CONDEJ,2025-12-23,111469,1,14,0,132.0
10110074CONDEJ_2025-12-23_G14,10110074CONDEJ,2025-12-23,111418,1,37,0,805.0
10110074CONDEJ_2025-12-23_G15,10110074CONDEJ,2025-12-23,118317,1,25,0,190.0
10110074CONDEJ_2025-12-23_G17,10110074CONDEJ,2025-12-23,111469,1,2,0,55.0
10110074CONDEJ_2025-12-23_G18,10110074CONDEJ,2025-12-23,111469,1,115,0,852.0
10110074CONDEJ_2025-12-23_G19,10110074CONDEJ,2025-12-23,111466,1,10,0,489.0
10110074CONDEJ_2025-12-23_G20,10110074CONDEJ,2025-12-23,111466,1,52,0,45.0
10110074CONDEJ_2025-12-23_G21,10110074CONDEJ,2025-12-23,140957,1,4,0,299.0
10110074CONDEJ_2025-12-23_G22,10110074CONDEJ,2025-12-23,107629,1,10,0,200.0
10110074CONDEJ_2025-12-23_G23,10110074CONDEJ,2025-12-23,117861,1,30,0,528.0
10110074CONDEJ_2025-12-23_G25,10110074CONDEJ,2025-12-23,117842,1,2,0,310.0
10110074CONDEJ_2025-12-23_G26,10110074CONDEJ,2025-12-23,108795,1,4,0,89.0
10110074CONDEJ_2025-12-23_G27,10110074CONDEJ,2025-12-23,117785,1,17,0,209.0
10110074CONDEJ_2025-12-23_G28,10110074CONDEJ,2025-12-23,117838,1,4,0,115.0
10110074CONDEJ_2025-12-23_G29,10110074CONDEJ,2025-12-23,111469,1,10,0,298.0
10110074CONDEJ_2025-12-23_G30,10110074CONDEJ,2025-12-23,108711,1,2,0,55.0
10110074CONDEJ_2025-12-23_G31,10110074CONDEJ,2025-12-23,107236,1,5,0,171.0
10110074CONDEJ_2025-12-23_G32,10110074CONDEJ,2025-12-23,117787,1,2,0,102.0
10110074CONDEJ_2025-12-23_G33,10110074CONDEJ,2025-12-23,111418,1,8,0,949.0
10110074CONDEJ_2025-12-27_G02,10110074CONDEJ,2025-12-27,110376,1,10,0,189.0
10110074CONDEJ_2025-12-27_G03,10110074CONDEJ,2025-12-27,118299,1,58,0,550.0
10110074CONDEJ_2025-12-27_G04,10110074CONDEJ,2025-12-27,118299,1,324,0,1398.0
10110074CONDEJ_2025-12-27_G05,10110074CONDEJ,2025-12-27,117808,1,192,0,600.0
10110074CONDEJ_2025-12-27_G06,10110074CONDEJ,2025-12-27,111418,6,90,86,2692.0
10110074CONDEJ_2025-12-27_G07,10110074CONDEJ,2025-12-27,111466,1,4,0,505.0
10110074CONDEJ_2025-12-27_G08,10110074CONDEJ,2025-12-27,111466,1,10,0,31.0
10110074CONDEJ_2025-12-27_G09,10110074CONDEJ,2025-12-27,111469,1,6,0,156.0
10110074CONDEJ_2025-12-27_G10,10110074CONDEJ,2025-12-27,117831,1,2,0,49.0
10110074CONDEJ_2025-12-27_G11,10110074CONDEJ,2025-12-27,118140,1,1,0,61.0
10110074CONDEJ_2025-12-27_G12,10110074CONDEJ,2025-12-27,118140,1,2,0,33.0
10110074CONDEJ_2025-12-27_G13,10110074CONDEJ,2025-12-27,110740,2,5,20,79.0
10110074CONDEJ_2025-12-27_G14,10110074CONDEJ,2025-12-27,141456,2,24,13,103.0
10110074CONDEJ_2025-12-27_G15,10110074CONDEJ,2025-12-27,141458,3,4,13,39.0
10110074CONDEJ_2025-12-27_G16,10110074CONDEJ,2025-12-27,110371,2,14,16,355.0
10110074CONDEJ_2025-12-27_G17,10110074CONDEJ,2025-12-27,117832,1,2,0,227.0
10110074CONDEJ_2025-12-27_G18,10110074CONDEJ,2025-12-27,"110325, 118094",3,14,39,278.0
10110074CONDEJ_2025-12-27_G19,10110074CONDEJ,2025-12-27,111569,1,2,0,1208.0
10110074CONDEJ_2025-12-27_G20,10110074CONDEJ,2025-12-27,117822,1,4,0,138.0
10110074CONDEJ_2025-12-27_G21,10110074CONDEJ,2025-12-27,117830,1,4,0,50.0
10110074CONDEJ_2025-12-27_G22,10110074CONDEJ,2025-12-27,117856,1,2,0,70.0
10110074CONDEJ_2025-12-27_G23,10110074CONDEJ,2025-12-27,111602,1,8,0,161.0
10110074CONDEJ_2025-12-27_G24,10110074CONDEJ,2025-12-27,117786,1,4,0,94.0
10110074CONDEJ_2025-12-27_G25,10110074CONDEJ,2025-12-27,140922,1,2,0,130.0
10110074CONDEJ_2025-12-27_G26,10110074CONDEJ,2025-12-27,110743,1,4,0,74.0
10110074CONDEJ_2025-12-27_G27,10110074CONDEJ,2025-12-27,141823,1,4,0,88.0
10110074CONDEJ_2025-12-27_G28,10110074CONDEJ,2025-12-27,111469,1,6,0,160.0
10110074CONDEJ_2025-12-27_G29,10110074CONDEJ,2025-12-27,108711,1,1,0,45.0
10110074CONDEJ_2025-12-27_G30,10110074CONDEJ,2025-12-27,110740,1,2,0,89.0
10110074CONDEJ_2025-12-27_G31,10110074CONDEJ,2025-12-27,141456,1,6,0,33.0
10110074CONDEJ_2025-12-27_G32,10110074CONDEJ,2025-12-27,110129,1,4,0,157.0
10110074CONDEJ_2025-12-27_G34,10110074CONDEJ,2025-12-27,140922,1,5,0,134.0
10110074CONDEJ_2025-12-27_G35,10110074CONDEJ,2025-12-27,140922,1,10,0,39.0
10110074CONDEJ_2025-12-27_G36,10110074CONDEJ,2025-12-27,117821,1,10,0,906.0
10110074CONDEJ_2025-12-27_G37,10110074CONDEJ,2025-12-27,141456,1,20,0,158.0
10110074CONDEJ_2025-12-27_G38,10110074CONDEJ,2025-12-27,117831,1,20,0,454.0
10110074CONDEJ_2025-12-27_G39,10110074CONDEJ,2025-12-27,111418,1,58,0,610.0
10110074CONDEJ_2025-12-27_G40,10110074CONDEJ,2025-12-27,110751,1,2,0,359.0
10110074CONDEJ_2025-12-27_G41,10110074CONDEJ,2025-12-27,141823,1,7,0,127.0
10110074CONDEJ_2025-12-27_G42,10110074CONDEJ,2025-12-27,118094,1,7,0,243.0
10110074CONDEJ_2025-12-27_G43,10110074CONDEJ,2025-12-27,140923,1,2,0,114.0
10110074CONDEJ_2025-12-27_G44,10110074CONDEJ,2025-12-27,141047,1,3,0,735.0
10110074CONDEJ_2025-12-27_G45,10110074CONDEJ,2025-12-27,107629,1,2,0,112.0
10110074CONDEJ_2025-12-27_G46,10110074CONDEJ,2025-12-27,117786,1,2,0,109.0
10110074CONDEJ_2025-12-27_G47,10110074CONDEJ,2025-12-27,111467,1,4,0,80.0
10110074CONDEJ_2025-12-27_G48,10110074CONDEJ,2025-12-27,110711,1,6,0,51.0
10110074CONDEJ_2025-12-29_G02,10110074CONDEJ,2025-12-29,117808,1,526,0,1108.0
10110074CONDEJ_2025-12-29_G03,10110074CONDEJ,2025-12-29,111441,1,16,0,2013.0
10110074CONDEJ_2025-12-29_G04,10110074CONDEJ,2025-12-29,111441,3,10,31,42.0
10110074CONDEJ_2025-12-29_G05,10110074CONDEJ,2025-12-29,111441,2,15,12,41.0
10110074CONDEJ_2025-12-29_G06,10110074CONDEJ,2025-12-29,111462,1,41,0,1276.0
10110074CONDEJ_2025-12-29_G07,10110074CONDEJ,2025-12-29,111532,2,29,16,408.0
10110074CONDEJ_2025-12-29_G08,10110074CONDEJ,2025-12-29,111532,3,10,17,32.0
10110074CONDEJ_2025-12-29_G09,10110074CONDEJ,2025-12-29,110787,2,12,10,360.0
10110074CONDEJ_2025-12-29_G10,10110074CONDEJ,2025-12-29,111530,3,17,28,324.0
10110074CONDEJ_2025-12-29_G11,10110074CONDEJ,2025-12-29,111467,2,33,7,229.0
10110074CONDEJ_2025-12-29_G12,10110074CONDEJ,2025-12-29,111532,1,34,0,3211.0
10110074CONDEJ_2025-12-29_G13,10110074CONDEJ,2025-12-29,141271,1,4,0,375.0
10110074CONDEJ_2025-12-30_G02,10110074CONDEJ,2025-12-30,110313,1,2,0,118.0
10110074CONDEJ_2025-12-30_G03,10110074CONDEJ,2025-12-30,111530,1,4,0,138.0
10110074CONDEJ_2025-12-30_G04,10110074CONDEJ,2025-12-30,110787,1,4,0,77.0
10110074CONDEJ_2025-12-30_G05,10110074CONDEJ,2025-12-30,111469,1,2,0,61.0
10110074CONDEJ_2025-12-30_G06,10110074CONDEJ,2025-12-30,111462,1,4,0,125.0
10110074CONDEJ_2025-12-30_G07,10110074CONDEJ,2025-12-30,117820,1,8,0,349.0
10110074CONDEJ_2025-12-30_G08,10110074CONDEJ,2025-12-30,118299,1,4,0,53.0
10110074CONDEJ_2025-12-30_G09,10110074CONDEJ,2025-12-30,110373,1,13,0,111.0
10110074CONDEJ_2025-12-30_G10,10110074CONDEJ,2025-12-30,111532,1,1,0,1465.0
10110074CONDEJ_2025-12-30_G11,10110074CONDEJ,2025-12-30,160051,1,20,0,226.0
10110074CONDEJ_2025-12-30_G12,10110074CONDEJ,2025-12-30,111330,1,8,0,184.0
10110074CONDEJ_2025-12-30_G13,10110074CONDEJ,2025-12-30,111532,1,6,0,59.0
10110074CONDEJ_2025-12-30_G14,10110074CONDEJ,2025-12-30,110787,1,7,0,68.0
10110074CONDEJ_2025-12-30_G15,10110074CONDEJ,2025-12-30,110313,1,1,0,53.0
10110074CONDEJ_2025-12-30_G16,10110074CONDEJ,2025-12-30,110313,1,4,0,89.0
10110074CONDEJ_2025-12-30_G17,10110074CONDEJ,2025-12-30,117820,1,6,0,167.0
10110074CONDEJ_2025-12-30_G18,10110074CONDEJ,2025-12-30,111532,1,4,0,116.0
10110074CONDEJ_2025-12-30_G19,10110074CONDEJ,2025-12-30,110787,1,19,0,164.0
10110074CONDEJ_2025-12-30_G20,10110074CONDEJ,2025-12-30,109643,1,2,0,1525.0
10110074CONDEJ_2025-12-30_G21,10110074CONDEJ,2025-12-30,117808,1,8,0,138.0
10110074CONDEJ_2025-12-30_G22,10110074CONDEJ,2025-12-30,117832,1,2,0,95.0
10110074CONDEJ_2025-12-30_G23,10110074CONDEJ,2025-12-30,110375,1,4,0,129.0
10110074CONDEJ_2025-12-30_G24,10110074CONDEJ,2025-12-30,109643,1,2,0,73.0
10110074CONDEJ_2025-12-30_G25,10110074CONDEJ,2025-12-30,118222,1,3,0,55.0
10110074CONDEJ_2025-12-30_G26,10110074CONDEJ,2025-12-30,110895,1,1,0,332.0
10110074CONDEJ_2025-12-30_G27,10110074CONDEJ,2025-12-30,110313,1,5,0,1654.0
10110074CONDEJ_2025-12-30_G28,10110074CONDEJ,2025-12-30,111348,1,4,0,122.0
10110074CONDEJ_2025-12-30_G29,10110074CONDEJ,2025-12-30,110313,1,5,0,1570.0
10110074CONDEJ_2025-12-30_G30,10110074CONDEJ,2025-12-30,117820,1,226,0,668.0
10110074CONDEJ_2025-12-30_G31,10110074CONDEJ,2025-12-30,110373,1,117,0,397.0
10110074CONDEJ_2025-12-30_G32,10110074CONDEJ,2025-12-30,110313,1,1,0,340.0
10110074CONDEJ_2025-12-30_G33,10110074CONDEJ,2025-12-30,110313,1,14,0,33.0
10110074CONDEJ_2025-12-30_G34,10110074CONDEJ,2025-12-30,110373,1,16,0,611.0
10110074CONDEJ_2025-12-30_G36,10110074CONDEJ,2025-12-30,111462,1,12,0,241.0
10110074CONDEJ_2025-12-30_G37,10110074CONDEJ,2025-12-30,111446,1,4,0,2897.0
10110074CONDEJ_2025-12-30_G38,10110074CONDEJ,2025-12-30,111348,2,5,8,86.0
10110074CONDEJ_2025-12-30_G39,10110074CONDEJ,2025-12-30,105705,1,8,0,150.0
10110074CONDEJ_2025-12-30_G40,10110074CONDEJ,2025-12-30,111465,1,20,0,88.0
10110074CONDEJ_2025-12-30_G41,10110074CONDEJ,2025-12-30,110740,1,2,0,139.0
10110074CONDEJ_2025-12-30_G42,10110074CONDEJ,2025-12-30,111462,3,133,38,98.0
10110074CONDEJ_2025-12-30_G43,10110074CONDEJ,2025-12-30,109645,1,1,0,460.0
10110074CONDEJ_2025-12-30_G44,10110074CONDEJ,2025-12-30,118306,1,5,0,1257.0
10110074CONDEJ_2025-12-30_G45,10110074CONDEJ,2025-12-30,105359,1,1,0,150.0
10110074CONDEJ_2025-12-30_G46,10110074CONDEJ,2025-12-30,"117861, 117856",2,4,26,136.0
10110074CONDEJ_2025-12-30_G47,10110074CONDEJ,2025-12-30,110313,3,11,16,100.0
10110074CONDEJ_2025-12-30_G48,10110074CONDEJ,2025-12-30,117855,1,40,0,186.0
10110074CONDEJ_2025-12-30_G49,10110074CONDEJ,2025-12-30,110313,1,14,0,1024.0
10110074CONDEJ_2025-12-30_G50,10110074CONDEJ,2025-12-30,117820,1,2,0,76.0
10110074CONDEJ_2025-12-30_G51,10110074CONDEJ,2025-12-30,110313,1,4,0,2066.0
10110074CONDEJ_2025-12-30_G52,10110074CONDEJ,2025-12-30,111532,1,4,0,91.0
10110074CONDEJ_2025-12-30_G53,10110074CONDEJ,2025-12-30,110313,1,12,0,83.0
10110074CONDEJ_2025-12-30_G54,10110074CONDEJ,2025-12-30,117854,1,4,0,131.0
10110074CONDEJ_2026-01-02_G02,10110074CONDEJ,2026-01-02,109640,1,4,0,279.0
10110074CONDEJ_2026-01-02_G03,10110074CONDEJ,2026-01-02,109643,1,4,0,123.0
10110074CONDEJ_2026-01-02_G04,10110074CONDEJ,2026-01-02,108794,2,10,18,754.0
10110074CONDEJ_2026-01-02_G05,10110074CONDEJ,2026-01-02,117820,1,6,0,299.0
10110074CONDEJ_2026-01-02_G06,10110074CONDEJ,2026-01-02,108794,1,4,0,69.0
10110074CONDEJ_2026-01-05_G02,10110074CONDEJ,2026-01-05,111743,1,4,0,404.0
10110074CONDEJ_2026-01-06_G02,10110074CONDEJ,2026-01-06,111569,1,2,0,89.0
10110074CONDEJ_2026-01-06_G03,10110074CONDEJ,2026-01-06,117835,1,4,0,105.0
10110074CONDEJ_2026-01-06_G04,10110074CONDEJ,2026-01-06,118253,1,4,0,77.0
10110074CONDEJ_2026-01-06_G05,10110074CONDEJ,2026-01-06,111467,1,1,0,142.0
10110074CONDEJ_2026-01-06_G06,10110074CONDEJ,2026-01-06,110733,1,4,0,163.0
10110074CONDEJ_2026-01-06_G07,10110074CONDEJ,2026-01-06,105705,1,2,0,281.0
10110074CONDEJ_2026-01-06_G08,10110074CONDEJ,2026-01-06,"140922, 117821",2,6,17,62.0
10110074CONDEJ_2026-01-06_G09,10110074CONDEJ,2026-01-06,111466,1,4,0,116.0
10110074CONDEJ_2026-01-06_G10,10110074CONDEJ,2026-01-06,111532,1,6,0,61.0
10110074CONDEJ_2026-01-06_G11,10110074CONDEJ,2026-01-06,111463,1,8,0,154.0
10110074CONDEJ_2026-01-06_G12,10110074CONDEJ,2026-01-06,110787,1,6,0,122.0
10110074CONDEJ_2026-01-06_G13,10110074CONDEJ,2026-01-06,111433,1,5,0,96.0
10110074CONDEJ_2026-01-06_G14,10110074CONDEJ,2026-01-06,110373,1,10,0,128.0
10110074CONDEJ_2026-01-06_G15,10110074CONDEJ,2026-01-06,111468,1,1,0,353.0
10110074CONDEJ_2026-01-06_G16,10110074CONDEJ,2026-01-06,140922,1,1,0,58.0
10110074CONDEJ_2026-01-06_G17,10110074CONDEJ,2026-01-06,141823,1,4,0,179.0
10110074CONDEJ_2026-01-06_G18,10110074CONDEJ,2026-01-06,141456,1,17,0,182.0
10110074CONDEJ_2026-01-06_G19,10110074CONDEJ,2026-01-06,110313,1,30,0,882.0
10110074CONDEJ_2026-01-06_G20,10110074CONDEJ,2026-01-06,111530,1,5,0,964.0
10110074CONDEJ_2026-01-06_G21,10110074CONDEJ,2026-01-06,110372,1,150,0,806.0
10110074CONDEJ_2026-01-06_G22,10110074CONDEJ,2026-01-06,110371,1,100,0,612.0
10110074CONDEJ_2026-01-06_G23,10110074CONDEJ,2026-01-06,110325,1,100,0,533.0
10110074CONDEJ_2026-01-06_G24,10110074CONDEJ,2026-01-06,110373,1,200,0,417.0
10110074CONDEJ_2026-01-06_G25,10110074CONDEJ,2026-01-06,111466,1,100,0,365.0
10110074CONDEJ_2026-01-06_G26,10110074CONDEJ,2026-01-06,111463,1,100,0,231.0
10110074CONDEJ_2026-01-06_G27,10110074CONDEJ,2026-01-06,111465,1,100,0,988.0
10110074CONDEJ_2026-01-06_G28,10110074CONDEJ,2026-01-06,118140,1,100,0,217.0
10110074CONDEJ_2026-01-06_G29,10110074CONDEJ,2026-01-06,111469,1,300,0,850.0
10110074CONDEJ_2026-01-08_G02,10110074CONDEJ,2026-01-08,109648,1,2,0,42.0
10110074CONDEJ_2026-01-08_G03,10110074CONDEJ,2026-01-08,110371,1,20,0,157.0
10110074CONDEJ_2026-01-08_G04,10110074CONDEJ,2026-01-08,108770,1,2,0,92.0
10110074CONDEJ_2026-01-08_G05,10110074CONDEJ,2026-01-08,111569,1,8,0,162.0
10110074CONDEJ_2026-01-08_G06,10110074CONDEJ,2026-01-08,141916,1,2,0,132.0
10110074CONDEJ_2026-01-08_G07,10110074CONDEJ,2026-01-08,110755,1,8,0,161.0
10110074CONDEJ_2026-01-08_G08,10110074CONDEJ,2026-01-08,117856,1,20,0,380.0
10110074CONDEJ_2026-01-08_G09,10110074CONDEJ,2026-01-08,110313,1,4,0,98.0
10110074CONDEJ_2026-01-08_G10,10110074CONDEJ,2026-01-08,117786,1,6,0,165.0
10110074CONDEJ_2026-01-08_G11,10110074CONDEJ,2026-01-08,108361,1,3,0,56.0
10110074CONDEJ_2026-01-08_G12,10110074CONDEJ,2026-01-08,109647,1,3,0,39.0
10110074CONDEJ_2026-01-08_G13,10110074CONDEJ,2026-01-08,109640,1,4,0,84.0
10110074CONDEJ_2026-01-08_G14,10110074CONDEJ,2026-01-08,111650,1,4,0,124.0
10110074CONDEJ_2026-01-08_G15,10110074CONDEJ,2026-01-08,110740,1,4,0,205.0
10110074CONDEJ_2026-01-08_G16,10110074CONDEJ,2026-01-08,117821,1,4,0,315.0
10110074CONDEJ_2026-01-08_G17,10110074CONDEJ,2026-01-08,111468,1,8,0,104.0
10110074CONDEJ_2026-01-08_G18,10110074CONDEJ,2026-01-08,110787,1,4,0,81.0
10110074CONDEJ_2026-01-08_G19,10110074CONDEJ,2026-01-08,141458,1,2,0,68.0
10110074CONDEJ_2026-01-08_G20,10110074CONDEJ,2026-01-08,117831,1,6,0,60.0
10110074CONDEJ_2026-01-08_G21,10110074CONDEJ,2026-01-08,111431,1,2,0,56.0
10110074CONDEJ_2026-01-08_G22,10110074CONDEJ,2026-01-08,110740,1,3,0,70.0
10110074CONDEJ_2026-01-08_G23,10110074CONDEJ,2026-01-08,107236,1,2,0,40.0
10110074CONDEJ_2026-01-08_G24,10110074CONDEJ,2026-01-08,141456,1,4,0,59.0
10110074CONDEJ_2026-01-08_G25,10110074CONDEJ,2026-01-08,108711,1,2,0,383.0
10110074CONDEJ_2026-01-08_G26,10110074CONDEJ,2026-01-08,108770,1,3,0,155.0
10110074CONDEJ_2026-01-08_G27,10110074CONDEJ,2026-01-08,117785,1,10,0,2238.0
10110074CONDEJ_2026-01-08_G28,10110074CONDEJ,2026-01-08,117821,1,2,0,49.0
10110074CONDEJ_2026-01-08_G29,10110074CONDEJ,2026-01-08,111743,1,2,0,46.0
10110074CONDEJ_2026-01-08_G30,10110074CONDEJ,2026-01-08,111466,1,15,0,114.0
10110074CONDEJ_2026-01-08_G31,10110074CONDEJ,2026-01-08,111469,1,12,0,112.0
10110074CONDEJ_2026-01-08_G32,10110074CONDEJ,2026-01-08,111431,1,6,0,75.0
10110074CONDEJ_2026-01-08_G33,10110074CONDEJ,2026-01-08,118140,1,10,0,72.0
10110074CONDEJ_2026-01-08_G34,10110074CONDEJ,2026-01-08,110740,1,6,0,142.0
10110074CONDEJ_2026-01-08_G35,10110074CONDEJ,2026-01-08,141456,1,2,0,92.0
10110074CONDEJ_2026-01-08_G36,10110074CONDEJ,2026-01-08,117830,1,2,0,93.0
10110074CONDEJ_2026-01-08_G37,10110074CONDEJ,2026-01-08,117820,1,8,0,98.0
10110074CONDEJ_2026-01-09_G02,10110074CONDEJ,2026-01-09,140923,1,22,0,170.0
10110074CONDEJ_2026-01-09_G03,10110074CONDEJ,2026-01-09,142045,1,26,0,105.0
10110074CONDEJ_2026-01-09_G04,10110074CONDEJ,2026-01-09,100334,1,8,0,876.0
10110074CONDEJ_2026-01-09_G05,10110074CONDEJ,2026-01-09,118299,1,12,0,465.0
10110074CONDEJ_2026-01-09_G06,10110074CONDEJ,2026-01-09,141202,1,10,0,176.0
10110074CONDEJ_2026-01-09_G07,10110074CONDEJ,2026-01-09,111532,1,30,0,646.0
10110074CONDEJ_2026-01-09_G08,10110074CONDEJ,2026-01-09,108795,1,2,0,85.0
10110074CONDEJ_2026-01-09_G09,10110074CONDEJ,2026-01-09,111743,1,6,0,103.0
10110074CONDEJ_2026-01-09_G10,10110074CONDEJ,2026-01-09,110740,1,8,0,184.0
10110074CONDEJ_2026-01-09_G11,10110074CONDEJ,2026-01-09,110733,1,9,0,1947.0
10110074CONDEJ_2026-01-09_G12,10110074CONDEJ,2026-01-09,141047,1,2,0,65.0
10110074CONDEJ_2026-01-09_G13,10110074CONDEJ,2026-01-09,110339,1,14,0,132.0
10110074CONDEJ_2026-01-09_G14,10110074CONDEJ,2026-01-09,117853,1,4,0,61.0
10110074CONDEJ_2026-01-09_G15,10110074CONDEJ,2026-01-09,109640,1,8,0,184.0
10110074CONDEJ_2026-01-09_G16,10110074CONDEJ,2026-01-09,111441,1,30,0,286.0
10110074CONDEJ_2026-01-09_G17,10110074CONDEJ,2026-01-09,117834,1,3,0,590.0
10110074CONDEJ_2026-01-09_G18,10110074CONDEJ,2026-01-09,110755,1,4,0,109.0
10110074CONDEJ_2026-01-09_G19,10110074CONDEJ,2026-01-09,110339,1,6,0,404.0
10110074CONDEJ_2026-01-09_G20,10110074CONDEJ,2026-01-09,110751,1,2,0,612.0
10110074CONDEJ_2026-01-09_G21,10110074CONDEJ,2026-01-09,111532,1,5,0,706.0
10110074CONDEJ_2026-01-09_G23,10110074CONDEJ,2026-01-09,118094,1,14,0,184.0
10110074CONDEJ_2026-01-09_G24,10110074CONDEJ,2026-01-09,140923,1,40,0,247.0
10110074CONDEJ_2026-01-09_G25,10110074CONDEJ,2026-01-09,117856,1,4,0,465.0
10110074CONDEJ_2026-01-09_G26,10110074CONDEJ,2026-01-09,111467,1,8,0,49.0
10110074CONDEJ_2026-01-09_G27,10110074CONDEJ,2026-01-09,110313,1,2,0,210.0
10110074CONDEJ_2026-01-09_G28,10110074CONDEJ,2026-01-09,141047,1,5,0,132.0
10110074CONDEJ_2026-01-09_G29,10110074CONDEJ,2026-01-09,117786,1,10,0,161.0
10110074CONDEJ_2026-01-09_G30,10110074CONDEJ,2026-01-09,110339,1,6,0,120.0
10110074CONDEJ_2026-01-09_G31,10110074CONDEJ,2026-01-09,117832,1,30,0,283.0
10110074CONDEJ_2026-01-09_G32,10110074CONDEJ,2026-01-09,117830,1,31,0,532.0
10110074CONDEJ_2026-01-09_G33,10110074CONDEJ,2026-01-09,118299,1,648,0,1805.0
10110074CONDEJ_2026-01-09_G34,10110074CONDEJ,2026-01-09,117809,1,240,0,1077.0
10110074CONDEJ_2026-01-09_G35,10110074CONDEJ,2026-01-09,111441,1,2,0,2221.0
10110074CONDEJ_2026-01-09_G36,10110074CONDEJ,2026-01-09,111569,1,2,0,118.0
10110074CONDEJ_2026-01-09_G37,10110074CONDEJ,2026-01-09,110747,1,4,0,233.0
10110074CONDEJ_2026-01-09_G38,10110074CONDEJ,2026-01-09,110373,1,6,0,128.0
10110074CONDEJ_2026-01-09_G39,10110074CONDEJ,2026-01-09,118140,1,2,0,128.0
10110074CONDEJ_2026-01-09_G40,10110074CONDEJ,2026-01-09,140923,1,5,0,241.0
10110074CONDEJ_2026-01-09_G41,10110074CONDEJ,2026-01-09,117856,1,4,0,53.0
10110074CONDEJ_2026-01-09_G42,10110074CONDEJ,2026-01-09,110313,1,2,0,85.0
10110074CONDEJ_2026-01-10_G02,10110074CONDEJ,2026-01-10,111418,2,13,23,68.0
10110074CONDEJ_2026-01-10_G03,10110074CONDEJ,2026-01-10,140922,2,5,28,88.0
10110074CONDEJ_2026-01-10_G04,10110074CONDEJ,2026-01-10,117821,1,2,0,57.0
10110074CONDEJ_2026-01-10_G05,10110074CONDEJ,2026-01-10,117841,1,2,0,108.0
10110074CONDEJ_2026-01-10_G06,10110074CONDEJ,2026-01-10,111468,1,2,0,53.0
10110074CONDEJ_2026-01-10_G07,10110074CONDEJ,2026-01-10,111435,2,5,12,89.0
10110074CONDEJ_2026-01-10_G08,10110074CONDEJ,2026-01-10,141823,1,4,0,92.0
10110074CONDEJ_2026-01-10_G09,10110074CONDEJ,2026-01-10,111442,2,8,8,54.0
10110074CONDEJ_2026-01-10_G10,10110074CONDEJ,2026-01-10,108798,2,2,6,454.0
10110074CONDEJ_2026-01-10_G11,10110074CONDEJ,2026-01-10,110745,1,2,0,60.0
10110074CONDEJ_2026-01-10_G12,10110074CONDEJ,2026-01-10,111465,2,6,6,48.0
10110074CONDEJ_2026-01-10_G13,10110074CONDEJ,2026-01-10,110740,2,6,10,278.0
10110074CONDEJ_2026-01-10_G14,10110074CONDEJ,2026-01-10,110832,1,4,0,1160.0
10110074CONDEJ_2026-01-10_G15,10110074CONDEJ,2026-01-10,117965,1,4,0,277.0
10110074CONDEJ_2026-01-10_G16,10110074CONDEJ,2026-01-10,117862,1,8,0,261.0
10110074CONDEJ_2026-01-10_G17,10110074CONDEJ,2026-01-10,110733,1,11,0,377.0
10110074CONDEJ_2026-01-10_G18,10110074CONDEJ,2026-01-10,118094,1,4,0,181.0
10110074CONDEJ_2026-01-10_G19,10110074CONDEJ,2026-01-10,117837,1,2,0,417.0
10110074CONDEJ_2026-01-10_G20,10110074CONDEJ,2026-01-10,111467,1,10,0,157.0
10110074CONDEJ_2026-01-10_G21,10110074CONDEJ,2026-01-10,140923,1,24,0,2112.0
10110074CONDEJ_2026-01-10_G22,10110074CONDEJ,2026-01-10,141047,1,10,0,341.0
10110074CONDEJ_2026-01-10_G23,10110074CONDEJ,2026-01-10,107629,1,4,0,200.0
10110074CONDEJ_2026-01-10_G24,10110074CONDEJ,2026-01-10,117786,1,8,0,71.0
10110074CONDEJ_2026-01-10_G25,10110074CONDEJ,2026-01-10,109640,1,4,0,108.0
10110074CONDEJ_2026-01-10_G26,10110074CONDEJ,2026-01-10,111569,1,7,0,393.0
10110074CONDEJ_2026-01-10_G27,10110074CONDEJ,2026-01-10,110895,1,4,0,117.0
10110074CONDEJ_2026-01-10_G28,10110074CONDEJ,2026-01-10,116527,1,4,0,93.0
10110074CONDEJ_2026-01-10_G29,10110074CONDEJ,2026-01-10,110754,1,4,0,89.0
10110074CONDEJ_2026-01-10_G30,10110074CONDEJ,2026-01-10,111743,1,20,0,1890.0
10110074CONDEJ_2026-01-10_G31,10110074CONDEJ,2026-01-10,108795,1,15,0,491.0
10110074CONDEJ_2026-01-10_G32,10110074CONDEJ,2026-01-10,118285,1,4,0,210.0
10110074CONDEJ_2026-01-10_G33,10110074CONDEJ,2026-01-10,111348,1,5,0,53.0
10110074CONDEJ_2026-01-10_G34,10110074CONDEJ,2026-01-10,108794,1,3,0,59.0
10110074CONDEJ_2026-01-10_G35,10110074CONDEJ,2026-01-10,117785,1,50,0,695.0
10110074CONDEJ_2026-01-10_G36,10110074CONDEJ,2026-01-10,111462,1,44,0,405.0
10110074CONDEJ_2026-01-10_G37,10110074CONDEJ,2026-01-10,111418,1,80,0,66.0
10110074CONDEJ_2026-01-10_G38,10110074CONDEJ,2026-01-10,140922,1,10,0,393.0
10110074CONDEJ_2026-01-10_G39,10110074CONDEJ,2026-01-10,110743,1,8,0,80.0
10110074CONDEJ_2026-01-10_G40,10110074CONDEJ,2026-01-10,111468,1,4,0,277.0
10110074CONDEJ_2026-01-10_G41,10110074CONDEJ,2026-01-10,111442,1,7,0,198.0
10110074CONDEJ_2026-01-10_G42,10110074CONDEJ,2026-01-10,108798,1,8,0,98.0
10110074CONDEJ_2026-01-10_G43,10110074CONDEJ,2026-01-10,141458,1,22,0,146.0
10110074CONDEJ_2026-01-10_G44,10110074CONDEJ,2026-01-10,117831,1,45,0,152.0
10110074CONDEJ_2026-01-10_G45,10110074CONDEJ,2026-01-10,110740,1,12,0,509.0
10110074CONDEJ_2026-01-10_G46,10110074CONDEJ,2026-01-10,117787,1,20,0,635.0
10110074CONDEJ_2026-01-10_G47,10110074CONDEJ,2026-01-10,111532,1,70,0,118.0
10110074CONDEJ_2026-01-10_G49,10110074CONDEJ,2026-01-10,111462,1,14,0,92.0
10110074CONDEJ_2026-01-10_G50,10110074CONDEJ,2026-01-10,"117821, 118330",2,7,29,538.0
10110074CONDEJ_2026-01-10_G51,10110074CONDEJ,2026-01-10,111469,1,3,0,137.0
10110074CONDEJ_2026-01-10_G52,10110074CONDEJ,2026-01-10,111465,1,3,0,58.0
10110074CONDEJ_2026-01-10_G53,10110074CONDEJ,2026-01-10,111443,1,1,0,351.0
10110074CONDEJ_2026-01-10_G54,10110074CONDEJ,2026-01-10,"117785, 108794",2,24,9,162.0
10110074CONDEJ_2026-01-12_G02,10110074CONDEJ,2026-01-12,111431,1,4,0,64.0
10110074CONDEJ_2026-01-12_G03,10110074CONDEJ,2026-01-12,110787,1,7,0,102.0
10110074CONDEJ_2026-01-12_G04,10110074CONDEJ,2026-01-12,110740,1,4,0,92.0
10110074CONDEJ_2026-01-12_G05,10110074CONDEJ,2026-01-12,111418,1,30,0,2757.0
10110074CONDEJ_2026-01-12_G06,10110074CONDEJ,2026-01-12,140922,1,22,0,227.0
10110074CONDEJ_2026-01-13_G02,10110074CONDEJ,2026-01-13,110895,1,1,0,141.0
10110074CONDEJ_2026-01-13_G03,10110074CONDEJ,2026-01-13,109643,1,4,0,94.0
10110074CONDEJ_2026-01-13_G04,10110074CONDEJ,2026-01-13,117820,1,4,0,73.0
10110074CONDEJ_2026-01-13_G05,10110074CONDEJ,2026-01-13,117830,1,4,0,77.0
10110074CONDEJ_2026-01-13_G06,10110074CONDEJ,2026-01-13,117855,1,4,0,129.0
10110074CONDEJ_2026-01-13_G07,10110074CONDEJ,2026-01-13,140923,1,2,0,93.0
10110074CONDEJ_2026-01-13_G08,10110074CONDEJ,2026-01-13,110313,1,4,0,67.0
10110074CONDEJ_2026-01-13_G09,10110074CONDEJ,2026-01-13,117856,1,2,0,84.0
10110074CONDEJ_2026-01-13_G10,10110074CONDEJ,2026-01-13,117853,1,4,0,76.0
10110074CONDEJ_2026-01-13_G11,10110074CONDEJ,2026-01-13,111743,1,2,0,225.0
10110074CONDEJ_2026-01-13_G12,10110074CONDEJ,2026-01-13,111532,1,2,0,141.0
10110074CONDEJ_2026-01-13_G13,10110074CONDEJ,2026-01-13,118140,1,2,0,54.0
10110074CONDEJ_2026-01-13_G14,10110074CONDEJ,2026-01-13,117831,1,6,0,95.0
10110074CONDEJ_2026-01-13_G15,10110074CONDEJ,2026-01-13,140922,1,2,0,65.0
10110074CONDEJ_2026-01-13_G16,10110074CONDEJ,2026-01-13,109645,1,2,0,75.0
10110074CONDEJ_2026-01-13_G17,10110074CONDEJ,2026-01-13,117838,1,2,0,46.0
10110074CONDEJ_2026-01-13_G18,10110074CONDEJ,2026-01-13,110740,1,2,0,89.0
10110074CONDEJ_2026-01-13_G19,10110074CONDEJ,2026-01-13,110372,1,10,0,1477.0
10110074CONDEJ_2026-01-13_G20,10110074CONDEJ,2026-01-13,141202,1,2,0,81.0
10110074CONDEJ_2026-01-13_G21,10110074CONDEJ,2026-01-13,117820,1,8,0,88.0
10110074CONDEJ_2026-01-13_G22,10110074CONDEJ,2026-01-13,117830,1,4,0,82.0
10110074CONDEJ_2026-01-13_G23,10110074CONDEJ,2026-01-13,107830,1,4,0,65.0
10110074CONDEJ_2026-01-13_G24,10110074CONDEJ,2026-01-13,110895,1,4,0,165.0
10110074CONDEJ_2026-01-13_G25,10110074CONDEJ,2026-01-13,117836,1,2,0,63.0
10110074CONDEJ_2026-01-13_G26,10110074CONDEJ,2026-01-13,110746,1,3,0,262.0
10110074CONDEJ_2026-01-13_G27,10110074CONDEJ,2026-01-13,142045,1,4,0,1148.0
10110074CONDEJ_2026-01-13_G28,10110074CONDEJ,2026-01-13,111569,1,2,0,47.0
10110074CONDEJ_2026-01-13_G29,10110074CONDEJ,2026-01-13,110895,1,4,0,396.0
10110074CONDEJ_2026-01-13_G30,10110074CONDEJ,2026-01-13,110747,1,4,0,135.0
10110074CONDEJ_2026-01-13_G31,10110074CONDEJ,2026-01-13,110740,1,2,0,210.0
10110074CONDEJ_2026-01-13_G32,10110074CONDEJ,2026-01-13,111431,1,2,0,69.0
10110074CONDEJ_2026-01-13_G33,10110074CONDEJ,2026-01-13,110895,1,4,0,180.0
10110074CONDEJ_2026-01-13_G34,10110074CONDEJ,2026-01-13,110733,1,4,0,146.0
10110074CONDEJ_2026-01-13_G35,10110074CONDEJ,2026-01-13,117837,1,2,0,88.0
10110074CONDEJ_2026-01-13_G36,10110074CONDEJ,2026-01-13,111467,1,4,0,51.0
10110074CONDEJ_2026-01-13_G37,10110074CONDEJ,2026-01-13,117856,1,4,0,108.0
10110074CONDEJ_2026-01-13_G38,10110074CONDEJ,2026-01-13,110339,1,4,0,53.0
10110074CONDEJ_2026-01-13_G39,10110074CONDEJ,2026-01-13,117855,1,4,0,1289.0
10110074CONDEJ_2026-01-13_G40,10110074CONDEJ,2026-01-13,140923,1,2,0,110.0
10110074CONDEJ_2026-01-13_G41,10110074CONDEJ,2026-01-13,117862,1,4,0,65.0
10110074CONDEJ_2026-01-13_G42,10110074CONDEJ,2026-01-13,110313,1,2,0,43.0
10110074CONDEJ_2026-01-13_G43,10110074CONDEJ,2026-01-13,117856,1,4,0,92.0
10110074CONDEJ_2026-01-13_G44,10110074CONDEJ,2026-01-13,111532,1,4,0,1698.0
10110074CONDEJ_2026-01-13_G45,10110074CONDEJ,2026-01-13,110751,1,8,0,90.0
10110074CONDEJ_2026-01-13_G46,10110074CONDEJ,2026-01-13,110743,1,5,0,215.0
10110074CONDEJ_2026-01-13_G47,10110074CONDEJ,2026-01-13,111466,2,4,8,202.0
10110074CONDEJ_2026-01-13_G48,10110074CONDEJ,2026-01-13,111442,1,4,0,147.0
10110074CONDEJ_2026-01-13_G49,10110074CONDEJ,2026-01-13,111463,1,37,0,89.0
10110074CONDEJ_2026-01-13_G50,10110074CONDEJ,2026-01-13,141456,1,3,0,254.0
10110074CONDEJ_2026-01-13_G51,10110074CONDEJ,2026-01-13,110733,1,4,0,777.0
10110074CONDEJ_2026-01-13_G52,10110074CONDEJ,2026-01-13,117855,1,8,0,95.0
10110074CONDEJ_2026-01-13_G53,10110074CONDEJ,2026-01-13,140923,1,4,0,89.0
10110074CONDEJ_2026-01-13_G54,10110074CONDEJ,2026-01-13,110313,1,4,0,67.0
10110074CONDEJ_2026-01-13_G55,10110074CONDEJ,2026-01-13,141047,1,4,0,67.0
10110074CONDEJ_2026-01-13_G56,10110074CONDEJ,2026-01-13,118299,1,10,0,163.0
10110074CONDEJ_2026-01-13_G57,10110074CONDEJ,2026-01-13,109643,1,5,0,141.0
10110074CONDEJ_2026-01-13_G58,10110074CONDEJ,2026-01-13,111462,1,10,0,684.0
10110074CONDEJ_2026-01-13_G59,10110074CONDEJ,2026-01-13,111418,1,20,0,94.0
10110074CONDEJ_2026-01-13_G60,10110074CONDEJ,2026-01-13,111442,1,10,0,178.0
10110074CONDEJ_2026-01-13_G61,10110074CONDEJ,2026-01-13,111443,1,20,0,177.0
10110074CONDEJ_2026-01-13_G62,10110074CONDEJ,2026-01-13,141456,1,10,0,137.0
10110074CONDEJ_2026-01-13_G64,10110074CONDEJ,2026-01-13,108794,1,32,0,301.0
10110074CONDEJ_2026-01-13_G65,10110074CONDEJ,2026-01-13,111532,1,161,0,733.0
10110074CONDEJ_2026-01-13_G66,10110074CONDEJ,2026-01-13,111462,1,38,0,739.0
10110074CONDEJ_2026-01-13_G67,10110074CONDEJ,2026-01-13,117821,1,41,0,406.0
10110074CONDEJ_2026-01-13_G68,10110074CONDEJ,2026-01-13,141271,1,6,0,163.0
10110074CONDEJ_2026-01-13_G69,10110074CONDEJ,2026-01-13,110740,1,10,0,486.0
10110074CONDEJ_2026-01-13_G70,10110074CONDEJ,2026-01-13,111463,1,14,0,281.0
10110074CONDEJ_2026-01-13_G71,10110074CONDEJ,2026-01-13,111469,1,21,0,165.0
10110074CONDEJ_2026-01-13_G72,10110074CONDEJ,2026-01-13,141035,1,4,0,684.0
10110074CONDEJ_2026-01-13_G73,10110074CONDEJ,2026-01-13,110741,1,25,0,322.0
10110074CONDEJ_2026-01-13_G74,10110074CONDEJ,2026-01-13,118298,1,1,0,633.0
10110074CONDEJ_2026-01-13_G75,10110074CONDEJ,2026-01-13,140923,1,317,0,465.0
10110074CONDEJ_2026-01-13_G76,10110074CONDEJ,2026-01-13,110313,1,6,0,383.0
10110074CONDEJ_2026-01-13_G77,10110074CONDEJ,2026-01-13,117861,1,7,0,95.0
10110074CONDEJ_2026-01-13_G78,10110074CONDEJ,2026-01-13,111530,1,60,0,267.0
10110074CONDEJ_2026-01-13_G79,10110074CONDEJ,2026-01-13,117854,1,5,0,572.0
10110074CONDEJ_2026-01-13_G80,10110074CONDEJ,2026-01-13,116241,1,48,0,214.0
10110074CONDEJ_2026-01-13_G81,10110074CONDEJ,2026-01-13,117856,1,28,0,860.0
10110074CONDEJ_2026-01-13_G82,10110074CONDEJ,2026-01-13,110711,1,31,0,256.0
10110074CONDEJ_2026-01-14_G02,10110074CONDEJ,2026-01-14,111466,1,4,0,797.0
10110074CONDEJ_2026-01-14_G03,10110074CONDEJ,2026-01-14,111468,1,1,0,50.0
10110074CONDEJ_2026-01-14_G04,10110074CONDEJ,2026-01-14,110733,1,3,0,475.0
10110074CONDEJ_2026-01-14_G05,10110074CONDEJ,2026-01-14,117862,1,13,0,121.0
10110074CONDEJ_2026-01-14_G06,10110074CONDEJ,2026-01-14,117853,1,2,0,131.0
10110074CONDEJ_2026-01-14_G07,10110074CONDEJ,2026-01-14,117855,1,3,0,74.0
10110074CONDEJ_2026-01-14_G08,10110074CONDEJ,2026-01-14,111569,1,2,0,722.0
10110074CONDEJ_2026-01-14_G09,10110074CONDEJ,2026-01-14,117821,1,2,0,229.0
10110074CONDEJ_2026-01-14_G10,10110074CONDEJ,2026-01-14,140911,1,2,0,409.0
10110074CONDEJ_2026-01-14_G11,10110074CONDEJ,2026-01-14,142045,1,4,0,322.0
10110074CONDEJ_2026-01-14_G12,10110074CONDEJ,2026-01-14,118299,1,2,0,156.0
10110074CONDEJ_2026-01-14_G13,10110074CONDEJ,2026-01-14,108794,1,3,0,89.0
10110074CONDEJ_2026-01-14_G14,10110074CONDEJ,2026-01-14,111466,1,1,0,159.0
10110074CONDEJ_2026-01-14_G15,10110074CONDEJ,2026-01-14,110733,1,11,0,201.0
10110074CONDEJ_2026-01-14_G16,10110074CONDEJ,2026-01-14,117862,1,12,0,145.0
10110074CONDEJ_2026-01-14_G17,10110074CONDEJ,2026-01-14,117855,1,1,0,139.0
10110074CONDEJ_2026-01-14_G18,10110074CONDEJ,2026-01-14,111743,1,3,0,1997.0
10110074CONDEJ_2026-01-14_G19,10110074CONDEJ,2026-01-14,108795,1,2,0,94.0
10110074CONDEJ_2026-01-14_G20,10110074CONDEJ,2026-01-14,118140,1,4,0,49.0
10110074CONDEJ_2026-01-14_G21,10110074CONDEJ,2026-01-14,117831,1,6,0,46.0
10110074CONDEJ_2026-01-14_G22,10110074CONDEJ,2026-01-14,111418,1,2,0,32.0
10110074CONDEJ_2026-01-14_G23,10110074CONDEJ,2026-01-14,140922,1,4,0,35.0
10110074CONDEJ_2026-01-14_G24,10110074CONDEJ,2026-01-14,117833,1,3,0,148.0
10110074CONDEJ_2026-01-14_G25,10110074CONDEJ,2026-01-14,141458,1,4,0,48.0
10110074CONDEJ_2026-01-14_G26,10110074CONDEJ,2026-01-14,110733,1,2,0,72.0
10110074CONDEJ_2026-01-14_G27,10110074CONDEJ,2026-01-14,117862,1,1,0,67.0
10110074CONDEJ_2026-01-14_G28,10110074CONDEJ,2026-01-14,140923,1,1,0,72.0
10110074CONDEJ_2026-01-14_G29,10110074CONDEJ,2026-01-14,110313,1,4,0,58.0
10110074CONDEJ_2026-01-14_G30,10110074CONDEJ,2026-01-14,117856,1,2,0,160.0
10110074CONDEJ_2026-01-14_G31,10110074CONDEJ,2026-01-14,141352,1,1,0,60.0
10110074CONDEJ_2026-01-14_G32,10110074CONDEJ,2026-01-14,109647,1,2,0,108.0
10110074CONDEJ_2026-01-14_G33,10110074CONDEJ,2026-01-14,118299,1,13,0,165.0
10110074CONDEJ_2026-01-14_G34,10110074CONDEJ,2026-01-14,117830,1,4,0,136.0
10110074CONDEJ_2026-01-14_G35,10110074CONDEJ,2026-01-14,142045,1,1,0,95.0
10110074CONDEJ_2026-01-14_G36,10110074CONDEJ,2026-01-14,110895,1,4,0,98.0
10110074CONDEJ_2026-01-14_G37,10110074CONDEJ,2026-01-14,141916,1,2,0,257.0
10110074CONDEJ_2026-01-14_G39,10110074CONDEJ,2026-01-14,110372,1,105,0,177.0
10110074CONDEJ_2026-01-14_G40,10110074CONDEJ,2026-01-14,117809,1,50,0,1572.0
10110074CONDEJ_2026-01-14_G41,10110074CONDEJ,2026-01-14,110373,1,352,0,2436.0
10110074CONDEJ_2026-01-14_G42,10110074CONDEJ,2026-01-14,117809,1,112,0,1623.0
10110074CONDEJ_2026-01-14_G43,10110074CONDEJ,2026-01-14,117820,1,470,0,1629.0
10110074CONDEJ_2026-01-14_G44,10110074CONDEJ,2026-01-14,110374,1,124,0,232.0
10110074CONDEJ_2026-01-15_G02,10110074CONDEJ,2026-01-15,111172,1,28,0,129.0
10110074CONDEJ_2026-01-15_G03,10110074CONDEJ,2026-01-15,111466,1,108,0,320.0
10110074CONDEJ_2026-01-15_G04,10110074CONDEJ,2026-01-15,111466,1,80,0,474.0
10110074CONDEJ_2026-01-15_G05,10110074CONDEJ,2026-01-15,111462,1,30,0,551.0
10110074CONDEJ_2026-01-15_G06,10110074CONDEJ,2026-01-15,108770,1,8,0,475.0
10110074CONDEJ_2026-01-15_G07,10110074CONDEJ,2026-01-15,118094,1,7,0,164.0
10110074CONDEJ_2026-01-15_G08,10110074CONDEJ,2026-01-15,110313,1,8,0,358.0
10110074CONDEJ_2026-01-15_G09,10110074CONDEJ,2026-01-15,110740,1,4,0,275.0
10110074CONDEJ_2026-01-15_G10,10110074CONDEJ,2026-01-15,141066,1,6,0,2400.0
10110074CONDEJ_2026-01-15_G11,10110074CONDEJ,2026-01-15,118094,1,4,0,210.0
10110074CONDEJ_2026-01-15_G12,10110074CONDEJ,2026-01-15,111467,1,8,0,70.0
10110074CONDEJ_2026-01-15_G13,10110074CONDEJ,2026-01-15,140923,2,40,14,96.0
10110074CONDEJ_2026-01-15_G14,10110074CONDEJ,2026-01-15,117856,1,6,0,503.0
10110074CONDEJ_2026-01-15_G15,10110074CONDEJ,2026-01-15,110733,1,2,0,660.0
10110074CONDEJ_2026-01-15_G16,10110074CONDEJ,2026-01-15,117853,1,24,0,96.0
10110074CONDEJ_2026-01-15_G17,10110074CONDEJ,2026-01-15,141047,1,3,0,241.0
10110074CONDEJ_2026-01-15_G18,10110074CONDEJ,2026-01-15,118299,1,300,0,1183.0
10110074CONDEJ_2026-01-15_G19,10110074CONDEJ,2026-01-15,117862,1,150,0,1548.0
10110074CONDEJ_2026-01-15_G20,10110074CONDEJ,2026-01-15,117935,1,23,0,241.0
10110074CONDEJ_2026-01-15_G21,10110074CONDEJ,2026-01-15,111467,1,62,0,577.0
10110074CONDEJ_2026-01-15_G22,10110074CONDEJ,2026-01-15,111463,1,191,0,1325.0
10110074CONDEJ_2026-01-15_G24,10110074CONDEJ,2026-01-15,108795,1,2,0,71.0
10110074CONDEJ_2026-01-15_G25,10110074CONDEJ,2026-01-15,108794,1,2,0,45.0
10110074CONDEJ_2026-01-15_G26,10110074CONDEJ,2026-01-15,140922,1,4,0,58.0
10110074CONDEJ_2026-01-15_G27,10110074CONDEJ,2026-01-15,111468,1,2,0,32.0
10110074CONDEJ_2026-01-15_G28,10110074CONDEJ,2026-01-15,117838,1,1,0,92.0
10110074CONDEJ_2026-01-15_G29,10110074CONDEJ,2026-01-15,141823,1,4,0,312.0
10110074CONDEJ_2026-01-15_G30,10110074CONDEJ,2026-01-15,111418,1,4,0,62.0
10110074CONDEJ_2026-01-15_G31,10110074CONDEJ,2026-01-15,111763,1,2,0,118.0
10110074CONDEJ_2026-01-15_G32,10110074CONDEJ,2026-01-15,117833,1,4,0,63.0
10110074CONDEJ_2026-01-15_G33,10110074CONDEJ,2026-01-15,111463,1,6,0,60.0
10110074CONDEJ_2026-01-15_G34,10110074CONDEJ,2026-01-15,110373,1,2,0,71.0
10110074CONDEJ_2026-01-15_G35,10110074CONDEJ,2026-01-15,110371,1,2,0,35.0
10110074CONDEJ_2026-01-15_G36,10110074CONDEJ,2026-01-15,110313,1,4,0,589.0
10110074CONDEJ_2026-01-15_G37,10110074CONDEJ,2026-01-15,118094,1,2,0,363.0
10110074CONDEJ_2026-01-15_G38,10110074CONDEJ,2026-01-15,117862,1,4,0,91.0
10110074CONDEJ_2026-01-15_G39,10110074CONDEJ,2026-01-15,140923,1,16,0,759.0
10110074CONDEJ_2026-01-15_G40,10110074CONDEJ,2026-01-15,117786,1,8,0,166.0
10110074CONDEJ_2026-01-15_G42,10110074CONDEJ,2026-01-15,117809,1,8,0,217.0
10110074CONDEJ_2026-01-16_G02,10110074CONDEJ,2026-01-16,111438,1,4,0,310.0
10110074CONDEJ_2026-01-16_G03,10110074CONDEJ,2026-01-16,111569,1,2,0,94.0
10110074CONDEJ_2026-01-16_G04,10110074CONDEJ,2026-01-16,118290,1,4,0,100.0
10110074CONDEJ_2026-01-16_G05,10110074CONDEJ,2026-01-16,110372,1,6,0,436.0
10110074CONDEJ_2026-01-16_G06,10110074CONDEJ,2026-01-16,117820,1,2,0,101.0
10110074CONDEJ_2026-01-16_G07,10110074CONDEJ,2026-01-16,117830,1,4,0,139.0
10110074CONDEJ_2026-01-16_G08,10110074CONDEJ,2026-01-16,111467,1,2,0,179.0
10110074CONDEJ_2026-01-16_G09,10110074CONDEJ,2026-01-16,140923,1,4,0,84.0
10110074CONDEJ_2026-01-16_G10,10110074CONDEJ,2026-01-16,107629,1,1,0,143.0
10110074CONDEJ_2026-01-16_G11,10110074CONDEJ,2026-01-16,117786,1,2,0,44.0
10110074CONDEJ_2026-01-16_G12,10110074CONDEJ,2026-01-16,117855,1,2,0,94.0
10110074CONDEJ_2026-01-16_G13,10110074CONDEJ,2026-01-16,111743,1,2,0,472.0
10110074CONDEJ_2026-01-16_G14,10110074CONDEJ,2026-01-16,111418,1,2,0,225.0
10110074CONDEJ_2026-01-16_G15,10110074CONDEJ,2026-01-16,118140,1,8,0,495.0
10110074CONDEJ_2026-01-16_G16,10110074CONDEJ,2026-01-16,117785,1,3,0,56.0
10110074CONDEJ_2026-01-16_G17,10110074CONDEJ,2026-01-16,142045,1,20,0,307.0
10110074CONDEJ_2026-01-16_G18,10110074CONDEJ,2026-01-16,110372,1,20,0,449.0
10110074CONDEJ_2026-01-16_G19,10110074CONDEJ,2026-01-16,117820,1,10,0,213.0
10110074CONDEJ_2026-01-16_G20,10110074CONDEJ,2026-01-16,110373,1,40,0,81.0
10110074CONDEJ_2026-01-16_G21,10110074CONDEJ,2026-01-16,111441,3,40,34,939.0
10110074CONDEJ_2026-01-16_G22,10110074CONDEJ,2026-01-16,111466,1,78,0,1091.0
10110074CONDEJ_2026-01-16_G23,10110074CONDEJ,2026-01-16,110374,1,60,0,1007.0
10110074CONDEJ_2026-01-16_G24,10110074CONDEJ,2026-01-16,110313,1,4,0,111.0
10110074CONDEJ_2026-01-16_G25,10110074CONDEJ,2026-01-16,117808,1,82,0,2130.0
10110074CONDEJ_2026-01-16_G26,10110074CONDEJ,2026-01-16,111440,1,1,0,1403.0
10110074CONDEJ_2026-01-16_G28,10110074CONDEJ,2026-01-16,118140,1,7,0,191.0
10110074CONDEJ_2026-01-16_G29,10110074CONDEJ,2026-01-16,111418,1,5,0,761.0
10110074CONDEJ_2026-01-16_G30,10110074CONDEJ,2026-01-16,118299,1,47,0,1115.0
10110074CONDEJ_2026-01-16_G31,10110074CONDEJ,2026-01-16,111743,1,8,0,1197.0
10110074CONDEJ_2026-01-16_G32,10110074CONDEJ,2026-01-16,105705,1,2,0,155.0
10110074CONDEJ_2026-01-16_G33,10110074CONDEJ,2026-01-16,108795,2,3,13,62.0
10110074CONDEJ_2026-01-16_G34,10110074CONDEJ,2026-01-16,117831,1,4,0,180.0
10110074CONDEJ_2026-01-16_G35,10110074CONDEJ,2026-01-16,111462,1,8,0,96.0
10110074CONDEJ_2026-01-16_G36,10110074CONDEJ,2026-01-16,140922,2,10,9,60.0
10110074CONDEJ_2026-01-16_G37,10110074CONDEJ,2026-01-16,111532,2,17,11,242.0
10110074CONDEJ_2026-01-16_G38,10110074CONDEJ,2026-01-16,109641,1,1,0,80.0
10110074CONDEJ_2026-01-16_G39,10110074CONDEJ,2026-01-16,141823,2,7,10,68.0
10110074CONDEJ_2026-01-16_G40,10110074CONDEJ,2026-01-16,111442,3,19,21,48.0
10110074CONDEJ_2026-01-16_G41,10110074CONDEJ,2026-01-16,111418,1,8,0,318.0
10110074CONDEJ_2026-01-16_G42,10110074CONDEJ,2026-01-16,111418,1,14,0,31.0
10110074CONDEJ_2026-01-16_G43,10110074CONDEJ,2026-01-16,111463,3,17,24,1492.0
10110074CONDEJ_2026-01-16_G44,10110074CONDEJ,2026-01-16,118223,1,4,0,125.0
10110074CONDEJ_2026-01-16_G45,10110074CONDEJ,2026-01-16,111469,2,23,21,121.0
10110074CONDEJ_2026-01-16_G46,10110074CONDEJ,2026-01-16,111444,1,2,0,116.0
10110074CONDEJ_2026-01-16_G47,10110074CONDEJ,2026-01-16,110740,2,8,7,63.0
10110074CONDEJ_2026-01-16_G48,10110074CONDEJ,2026-01-16,118140,3,26,35,244.0
10110074CONDEJ_2026-01-16_G49,10110074CONDEJ,2026-01-16,117787,2,6,15,70.0
10110074CONDEJ_2026-01-16_G50,10110074CONDEJ,2026-01-16,117785,1,1,0,120.0
10110074CONDEJ_2026-01-16_G51,10110074CONDEJ,2026-01-16,118094,1,2,0,362.0
10110074CONDEJ_2026-01-16_G52,10110074CONDEJ,2026-01-16,111467,1,4,0,49.0
10110074CONDEJ_2026-01-16_G53,10110074CONDEJ,2026-01-16,110313,3,10,19,79.0
10110074CONDEJ_2026-01-16_G54,10110074CONDEJ,2026-01-16,140923,2,8,8,92.0
10110074CONDEJ_2026-01-16_G55,10110074CONDEJ,2026-01-16,"117861, 107629",2,4,29,157.0
10110074CONDEJ_2026-01-16_G56,10110074CONDEJ,2026-01-16,117786,1,2,0,45.0
10110074CONDEJ_2026-01-16_G57,10110074CONDEJ,2026-01-16,110733,1,2,0,41.0
10110074CONDEJ_2026-01-16_G58,10110074CONDEJ,2026-01-16,109647,1,2,0,72.0
10110074CONDEJ_2026-01-16_G59,10110074CONDEJ,2026-01-16,117855,2,4,7,43.0
10110074CONDEJ_2026-01-16_G60,10110074CONDEJ,2026-01-16,117862,2,5,6,79.0
10110074CONDEJ_2026-01-16_G61,10110074CONDEJ,2026-01-16,110747,1,4,0,563.0
10110074CONDEJ_2026-01-16_G62,10110074CONDEJ,2026-01-16,111418,1,267,0,300.0
10110074CONDEJ_2026-01-17_G02,10110074CONDEJ,2026-01-17,110581,1,2,0,216.0
10110074CONDEJ_2026-01-17_G03,10110074CONDEJ,2026-01-17,118298,1,12,0,55.0
10110074CONDEJ_2026-01-17_G04,10110074CONDEJ,2026-01-17,117856,1,4,0,123.0
10110074CONDEJ_2026-01-17_G05,10110074CONDEJ,2026-01-17,110756,1,5,0,68.0
10110074CONDEJ_2026-01-17_G06,10110074CONDEJ,2026-01-17,110733,1,1,0,77.0
10110074CONDEJ_2026-01-17_G07,10110074CONDEJ,2026-01-17,117853,1,2,0,61.0
10110074CONDEJ_2026-01-17_G08,10110074CONDEJ,2026-01-17,"110339, 105242",2,2,28,87.0
10110074CONDEJ_2026-01-17_G09,10110074CONDEJ,2026-01-17,108770,1,1,0,125.0
10110074CONDEJ_2026-01-17_G10,10110074CONDEJ,2026-01-17,117834,1,4,0,170.0
10110074CONDEJ_2026-01-17_G11,10110074CONDEJ,2026-01-17,110755,1,1,0,119.0
10110074CONDEJ_2026-01-17_G12,10110074CONDEJ,2026-01-17,109648,1,2,0,138.0
10110074CONDEJ_2026-01-17_G13,10110074CONDEJ,2026-01-17,110372,1,275,0,861.0
10110074CONDEJ_2026-01-17_G15,10110074CONDEJ,2026-01-17,117820,1,60,0,149.0
10110074CONDEJ_2026-01-17_G16,10110074CONDEJ,2026-01-17,110375,1,52,0,338.0
10110074CONDEJ_2026-01-17_G17,10110074CONDEJ,2026-01-17,110373,1,60,0,627.0
10110074CONDEJ_2026-01-19_G02,10110074CONDEJ,2026-01-19,111602,1,1,0,181.0
10110074CONDEJ_2026-01-19_G03,10110074CONDEJ,2026-01-19,118299,1,8,0,151.0
10110074CONDEJ_2026-01-19_G04,10110074CONDEJ,2026-01-19,111466,1,65,0,404.0
10110074CONDEJ_2026-01-19_G05,10110074CONDEJ,2026-01-19,111466,1,43,0,40.0
10110074CONDEJ_2026-01-19_G06,10110074CONDEJ,2026-01-19,111172,1,6,0,339.0
10110074CONDEJ_2026-01-19_G07,10110074CONDEJ,2026-01-19,107830,1,6,0,123.0
10110074CONDEJ_2026-01-19_G09,10110074CONDEJ,2026-01-19,117841,1,2,0,284.0
10110074CONDEJ_2026-01-19_G10,10110074CONDEJ,2026-01-19,117787,1,10,0,124.0
10110074CONDEJ_2026-01-19_G11,10110074CONDEJ,2026-01-19,110129,1,30,0,647.0
10110074CONDEJ_2026-01-19_G12,10110074CONDEJ,2026-01-19,117808,1,80,0,1174.0
10110074CONDEJ_2026-01-19_G13,10110074CONDEJ,2026-01-19,110374,1,18,0,652.0
10110074CONDEJ_2026-01-19_G14,10110074CONDEJ,2026-01-19,117809,1,50,0,458.0
10110074CONDEJ_2026-01-19_G15,10110074CONDEJ,2026-01-19,110372,1,60,0,192.0
10110074CONDEJ_2026-01-19_G16,10110074CONDEJ,2026-01-19,117822,1,12,0,267.0
10110074CONDEJ_2026-01-19_G17,10110074CONDEJ,2026-01-19,117820,1,30,0,121.0
10110074CONDEJ_2026-01-19_G18,10110074CONDEJ,2026-01-19,141202,1,16,0,1970.0
10110074CONDEJ_2026-01-19_G19,10110074CONDEJ,2026-01-19,110371,1,12,0,124.0
10110074CONDEJ_2026-01-19_G20,10110074CONDEJ,2026-01-19,110373,1,30,0,147.0
10110074CONDEJ_2026-01-19_G21,10110074CONDEJ,2026-01-19,117830,1,16,0,77.0
10110074CONDEJ_2026-01-19_G22,10110074CONDEJ,2026-01-19,118299,1,70,0,610.0
10110074CONDEJ_2026-01-20_G02,10110074CONDEJ,2026-01-20,117842,1,5,0,97.0
10110074CONDEJ_2026-01-20_G03,10110074CONDEJ,2026-01-20,110743,1,8,0,207.0
10110074CONDEJ_2026-01-20_G04,10110074CONDEJ,2026-01-20,111468,1,3,0,134.0
10110074CONDEJ_2026-01-20_G05,10110074CONDEJ,2026-01-20,"117838, 111434",2,12,23,104.0
10110074CONDEJ_2026-01-20_G06,10110074CONDEJ,2026-01-20,141271,1,20,0,481.0
10110074CONDEJ_2026-01-20_G07,10110074CONDEJ,2026-01-20,111435,1,5,0,75.0
10110074CONDEJ_2026-01-20_G08,10110074CONDEJ,2026-01-20,108798,1,5,0,107.0
10110074CONDEJ_2026-01-20_G09,10110074CONDEJ,2026-01-20,111418,1,150,0,339.0
10110074CONDEJ_2026-01-20_G10,10110074CONDEJ,2026-01-20,111469,1,100,0,467.0
10110074CONDEJ_2026-01-20_G11,10110074CONDEJ,2026-01-20,111465,1,18,0,249.0
10110074CONDEJ_2026-01-20_G12,10110074CONDEJ,2026-01-20,118140,1,60,0,615.0
10110074CONDEJ_2026-01-20_G13,10110074CONDEJ,2026-01-20,141458,1,50,0,613.0
10110074CONDEJ_2026-01-20_G14,10110074CONDEJ,2026-01-20,117785,1,80,0,345.0
10110074CONDEJ_2026-01-20_G15,10110074CONDEJ,2026-01-20,111462,1,40,0,535.0
10110074CONDEJ_2026-01-20_G17,10110074CONDEJ,2026-01-20,117821,1,6,0,350.0
10110074CONDEJ_2026-01-20_G18,10110074CONDEJ,2026-01-20,110332,1,1,0,56.0
10110074CONDEJ_2026-01-20_G19,10110074CONDEJ,2026-01-20,111418,1,11,0,157.0
10110074CONDEJ_2026-01-20_G20,10110074CONDEJ,2026-01-20,111469,1,2,0,110.0
10110074CONDEJ_2026-01-20_G21,10110074CONDEJ,2026-01-20,141458,1,4,0,126.0
10110074CONDEJ_2026-01-20_G22,10110074CONDEJ,2026-01-20,117785,1,17,0,90.0
10110074CONDEJ_2026-01-20_G23,10110074CONDEJ,2026-01-20,142045,1,9,0,492.0
10110074CONDEJ_2026-01-20_G24,10110074CONDEJ,2026-01-20,109471,1,1,0,241.0
10110074CONDEJ_2026-01-20_G25,10110074CONDEJ,2026-01-20,110582,1,1,0,323.0
10110074CONDEJ_2026-01-20_G26,10110074CONDEJ,2026-01-20,117820,2,12,6,329.0
10110074CONDEJ_2026-01-20_G27,10110074CONDEJ,2026-01-20,141202,2,3,8,69.0
10110074CONDEJ_2026-01-20_G28,10110074CONDEJ,2026-01-20,110373,1,17,0,202.0
10110074CONDEJ_2026-01-20_G29,10110074CONDEJ,2026-01-20,"117830, 107830",3,28,15,70.0
10110074CONDEJ_2026-01-20_G30,10110074CONDEJ,2026-01-20,110373,1,17,0,419.0
10110074CONDEJ_2026-01-21_G02,10110074CONDEJ,2026-01-21,111602,1,2,0,130.0
10110074CONDEJ_2026-01-21_G03,10110074CONDEJ,2026-01-21,107629,1,2,0,67.0
10110074CONDEJ_2026-01-21_G04,10110074CONDEJ,2026-01-21,110372,1,11,0,480.0
10110074CONDEJ_2026-01-21_G05,10110074CONDEJ,2026-01-21,111743,1,4,0,1433.0
10110074CONDEJ_2026-01-21_G06,10110074CONDEJ,2026-01-21,140923,1,16,0,706.0
10110074CONDEJ_2026-01-21_G07,10110074CONDEJ,2026-01-21,111602,1,3,0,89.0
10110074CONDEJ_2026-01-21_G08,10110074CONDEJ,2026-01-21,140911,2,2,6,149.0
10110074CONDEJ_2026-01-21_G09,10110074CONDEJ,2026-01-21,110373,1,8,0,402.0
10110074CONDEJ_2026-01-21_G10,10110074CONDEJ,2026-01-21,111469,1,4,0,141.0
10110074CONDEJ_2026-01-21_G11,10110074CONDEJ,2026-01-21,140922,1,4,0,734.0
10110074CONDEJ_2026-01-21_G12,10110074CONDEJ,2026-01-21,100334,1,2,0,118.0
10110074CONDEJ_2026-01-21_G13,10110074CONDEJ,2026-01-21,117837,1,4,0,128.0
10110074CONDEJ_2026-01-21_G14,10110074CONDEJ,2026-01-21,141271,1,4,0,186.0
10110074CONDEJ_2026-01-21_G15,10110074CONDEJ,2026-01-21,110740,1,2,0,125.0
10110074CONDEJ_2026-01-21_G16,10110074CONDEJ,2026-01-21,140911,1,3,0,107.0
10110074CONDEJ_2026-01-21_G17,10110074CONDEJ,2026-01-21,108759,1,2,0,386.0
10110074CONDEJ_2026-01-21_G18,10110074CONDEJ,2026-01-21,110313,1,5,0,1806.0
10110074CONDEJ_2026-01-21_G19,10110074CONDEJ,2026-01-21,140923,1,50,0,292.0
10110074CONDEJ_2026-01-21_G20,10110074CONDEJ,2026-01-21,141352,1,3,0,374.0
10110074CONDEJ_2026-01-21_G21,10110074CONDEJ,2026-01-21,110339,1,10,0,165.0
10110074CONDEJ_2026-01-21_G22,10110074CONDEJ,2026-01-21,109640,1,20,0,301.0
10110074CONDEJ_2026-01-21_G23,10110074CONDEJ,2026-01-21,111650,1,2,0,92.0
10110074CONDEJ_2026-01-21_G24,10110074CONDEJ,2026-01-21,109640,1,26,0,34.0
10110074CONDEJ_2026-01-21_G25,10110074CONDEJ,2026-01-21,117861,1,10,0,653.0
10110074CONDEJ_2026-01-21_G26,10110074CONDEJ,2026-01-21,117861,2,14,6,78.0
10110074CONDEJ_2026-01-21_G27,10110074CONDEJ,2026-01-21,118299,1,316,0,607.0
10110074CONDEJ_2026-01-21_G28,10110074CONDEJ,2026-01-21,118299,1,184,0,450.0
10110074CONDEJ_2026-01-21_G29,10110074CONDEJ,2026-01-21,117808,1,100,0,740.0
10110074CONDEJ_2026-01-21_G30,10110074CONDEJ,2026-01-21,117809,1,69,0,369.0
10110074CONDEJ_2026-01-21_G32,10110074CONDEJ,2026-01-21,110372,1,19,0,748.0
10110074CONDEJ_2026-01-21_G33,10110074CONDEJ,2026-01-21,117820,1,23,0,357.0
10110074CONDEJ_2026-01-21_G34,10110074CONDEJ,2026-01-21,107830,1,2,0,469.0
10110074CONDEJ_2026-01-21_G35,10110074CONDEJ,2026-01-21,117786,1,2,0,3141.0
10110074CONDEJ_2026-01-21_G36,10110074CONDEJ,2026-01-21,117787,1,4,0,99.0
10110074CONDEJ_2026-01-21_G37,10110074CONDEJ,2026-01-21,110313,1,1,0,313.0
10110074CONDEJ_2026-01-21_G38,10110074CONDEJ,2026-01-21,109640,1,4,0,120.0
10110074CONDEJ_2026-01-21_G39,10110074CONDEJ,2026-01-21,117820,1,8,0,207.0
10110074CONDEJ_2026-01-21_G40,10110074CONDEJ,2026-01-21,109643,1,4,0,206.0
10110074CONDEJ_2026-01-21_G41,10110074CONDEJ,2026-01-21,117830,1,4,0,104.0
10110074CONDEJ_2026-01-21_G42,10110074CONDEJ,2026-01-21,141457,1,4,0,984.0
10110074CONDEJ_2026-01-21_G43,10110074CONDEJ,2026-01-21,141458,1,2,0,97.0
10110074CONDEJ_2026-01-21_G44,10110074CONDEJ,2026-01-21,111418,1,1,0,158.0
10110074CONDEJ_2026-01-21_G45,10110074CONDEJ,2026-01-21,118140,1,4,0,182.0
10110074CONDEJ_2026-01-22_G02,10110074CONDEJ,2026-01-22,118299,1,522,0,2067.0
10110074CONDEJ_2026-01-22_G03,10110074CONDEJ,2026-01-22,108759,1,7,0,509.0
10110074CONDEJ_2026-01-22_G04,10110074CONDEJ,2026-01-22,109640,1,22,0,847.0
10110074CONDEJ_2026-01-22_G05,10110074CONDEJ,2026-01-22,141457,1,2,0,792.0
10110074CONDEJ_2026-01-22_G06,10110074CONDEJ,2026-01-22,140923,1,4,0,140.0
10110074CONDEJ_2026-01-22_G07,10110074CONDEJ,2026-01-22,110313,1,2,0,37.0
10110074CONDEJ_2026-01-22_G08,10110074CONDEJ,2026-01-22,111602,1,20,0,538.0
10110074CONDEJ_2026-01-22_G09,10110074CONDEJ,2026-01-22,109640,1,120,0,1834.0
10110074CONDEJ_2026-01-22_G10,10110074CONDEJ,2026-01-22,108759,1,6,0,353.0
10110074CONDEJ_2026-01-22_G11,10110074CONDEJ,2026-01-22,140923,1,6,0,196.0
10110074CONDEJ_2026-01-22_G12,10110074CONDEJ,2026-01-22,117830,1,15,0,346.0
10110074CONDEJ_2026-01-22_G13,10110074CONDEJ,2026-01-22,110373,1,9,0,92.0
10110074CONDEJ_2026-01-22_G14,10110074CONDEJ,2026-01-22,109640,1,14,0,781.0
10110074CONDEJ_2026-01-22_G16,10110074CONDEJ,2026-01-22,117808,1,352,0,1279.0
10110074CONDEJ_2026-01-22_G17,10110074CONDEJ,2026-01-22,108772,1,15,0,279.0
10110074CONDEJ_2026-01-22_G18,10110074CONDEJ,2026-01-22,117830,1,50,0,1648.0
10110074CONDEJ_2026-01-22_G19,10110074CONDEJ,2026-01-22,110374,1,4,0,330.0
10110074CONDEJ_2026-01-22_G20,10110074CONDEJ,2026-01-22,110374,1,13,0,37.0
10110074CONDEJ_2026-01-22_G21,10110074CONDEJ,2026-01-22,118094,1,12,0,364.0
10110074CONDEJ_2026-01-22_G22,10110074CONDEJ,2026-01-22,110895,1,2,0,733.0
10110074CONDEJ_2026-01-22_G23,10110074CONDEJ,2026-01-22,140922,1,4,0,145.0
10110074CONDEJ_2026-01-22_G24,10110074CONDEJ,2026-01-22,117831,1,4,0,44.0
10110074CONDEJ_2026-01-22_G25,10110074CONDEJ,2026-01-22,111876,1,14,0,187.0
10110074CONDEJ_2026-01-22_G26,10110074CONDEJ,2026-01-22,108772,1,2,0,258.0
10110074CONDEJ_2026-01-22_G27,10110074CONDEJ,2026-01-22,110374,1,5,0,106.0
10110074CONDEJ_2026-01-22_G28,10110074CONDEJ,2026-01-22,117832,1,18,0,253.0
10110074CONDEJ_2026-01-22_G29,10110074CONDEJ,2026-01-22,111463,1,12,0,220.0
10110074CONDEJ_2026-01-22_G30,10110074CONDEJ,2026-01-22,111438,1,4,0,155.0
10110074CONDEJ_2026-01-23_G02,10110074CONDEJ,2026-01-23,118094,1,2,0,163.0
10110074CONDEJ_2026-01-23_G03,10110074CONDEJ,2026-01-23,117856,1,12,0,130.0
10110074CONDEJ_2026-01-23_G04,10110074CONDEJ,2026-01-23,111353,1,4,0,87.0
10110074CONDEJ_2026-01-23_G05,10110074CONDEJ,2026-01-23,117797,1,4,0,140.0
10110074CONDEJ_2026-01-23_G06,10110074CONDEJ,2026-01-23,108795,1,8,0,119.0
10110074CONDEJ_2026-01-23_G07,10110074CONDEJ,2026-01-23,140922,1,10,0,108.0
10110074CONDEJ_2026-01-23_G08,10110074CONDEJ,2026-01-23,111743,1,6,0,70.0
10110074CONDEJ_2026-01-23_G09,10110074CONDEJ,2026-01-23,110740,1,6,0,177.0
10110074CONDEJ_2026-01-23_G10,10110074CONDEJ,2026-01-23,117787,1,6,0,78.0
10110074CONDEJ_2026-01-23_G11,10110074CONDEJ,2026-01-23,115817,1,3,0,330.0
10110074CONDEJ_2026-01-23_G12,10110074CONDEJ,2026-01-23,"105705, 108795",2,23,18,218.0
10110074CONDEJ_2026-01-23_G13,10110074CONDEJ,2026-01-23,118285,1,20,0,209.0
10110074CONDEJ_2026-01-23_G14,10110074CONDEJ,2026-01-23,140922,1,30,0,208.0
10110074CONDEJ_2026-01-23_G15,10110074CONDEJ,2026-01-23,111466,1,100,0,1277.0
10110074CONDEJ_2026-01-24_G02,10110074CONDEJ,2026-01-24,141458,1,4,0,111.0
10110074CONDEJ_2026-01-24_G03,10110074CONDEJ,2026-01-24,111442,1,2,0,113.0
10110074CONDEJ_2026-01-24_G04,10110074CONDEJ,2026-01-24,109643,1,1,0,61.0
10110074CONDEJ_2026-01-24_G05,10110074CONDEJ,2026-01-24,117830,1,2,0,75.0
10110074CONDEJ_2026-01-24_G06,10110074CONDEJ,2026-01-24,110374,1,6,0,715.0
10110074CONDEJ_2026-01-24_G07,10110074CONDEJ,2026-01-24,111418,1,14,0,450.0
10110074CONDEJ_2026-01-24_G08,10110074CONDEJ,2026-01-24,111469,1,3,0,103.0
10110074CONDEJ_2026-01-24_G09,10110074CONDEJ,2026-01-24,141458,1,2,0,63.0
10110074CONDEJ_2026-01-24_G10,10110074CONDEJ,2026-01-24,142045,1,3,0,526.0
10110074CONDEJ_2026-01-24_G11,10110074CONDEJ,2026-01-24,141318,1,4,0,67.0
10110074CONDEJ_2026-01-24_G12,10110074CONDEJ,2026-01-24,"100334, 111441",2,12,16,98.0
10110074CONDEJ_2026-01-24_G13,10110074CONDEJ,2026-01-24,117808,1,10,0,331.0
10110074CONDEJ_2026-01-24_G14,10110074CONDEJ,2026-01-24,110373,1,10,0,90.0
10110074CONDEJ_2026-01-24_G15,10110074CONDEJ,2026-01-24,117830,1,4,0,67.0
10110074CONDEJ_2026-01-24_G16,10110074CONDEJ,2026-01-24,110740,1,2,0,160.0
10110074CONDEJ_2026-01-24_G17,10110074CONDEJ,2026-01-24,111438,1,4,0,193.0
10110074CONDEJ_2026-01-24_G18,10110074CONDEJ,2026-01-24,141318,1,2,0,97.0
10110074CONDEJ_2026-01-24_G19,10110074CONDEJ,2026-01-24,110374,1,9,0,307.0
10110074CONDEJ_2026-01-24_G20,10110074CONDEJ,2026-01-24,110372,1,15,0,84.0
10110074CONDEJ_2026-01-24_G21,10110074CONDEJ,2026-01-24,118299,1,9,0,107.0
10110074CONDEJ_2026-01-24_G22,10110074CONDEJ,2026-01-24,110373,1,16,0,122.0
10110074CONDEJ_2026-01-24_G23,10110074CONDEJ,2026-01-24,110313,1,1,0,131.0
10110074CONDEJ_2026-01-24_G24,10110074CONDEJ,2026-01-24,105705,1,40,0,1603.0
10110074CONDEJ_2026-01-24_G25,10110074CONDEJ,2026-01-24,109645,1,6,0,598.0
10110074CONDEJ_2026-01-24_G26,10110074CONDEJ,2026-01-24,111466,1,200,0,47.0
10110074CONDEJ_2026-01-24_G27,10110074CONDEJ,2026-01-24,111330,1,6,0,104.0
10110074CONDEJ_2026-01-24_G28,10110074CONDEJ,2026-01-24,109641,2,18,9,147.0
10110074CONDEJ_2026-01-24_G29,10110074CONDEJ,2026-01-24,109645,1,4,0,106.0
10110074CONDEJ_2026-01-24_G30,10110074CONDEJ,2026-01-24,111463,1,32,0,220.0
10110074CONDEJ_2026-01-26_G02,10110074CONDEJ,2026-01-26,110372,1,966,0,1845.0
10110074CONDEJ_2026-01-26_G03,10110074CONDEJ,2026-01-26,117808,1,1000,0,2428.0
10110074CONDEJ_2026-01-26_G04,10110074CONDEJ,2026-01-26,111463,1,4,0,1290.0
10110074CONDEJ_2026-01-26_G05,10110074CONDEJ,2026-01-26,110371,1,5,0,168.0
10110074CONDEJ_2026-01-26_G06,10110074CONDEJ,2026-01-26,111532,1,6,0,132.0
10110074CONDEJ_2026-01-26_G07,10110074CONDEJ,2026-01-26,111532,1,2,0,69.0
10110074CONDEJ_2026-01-26_G09,10110074CONDEJ,2026-01-26,111467,1,20,0,195.0
10110074CONDEJ_2026-01-26_G10,10110074CONDEJ,2026-01-26,117788,1,2,0,116.0
10110074CONDEJ_2026-01-26_G11,10110074CONDEJ,2026-01-26,110750,1,5,0,64.0
10110074CONDEJ_2026-01-26_G12,10110074CONDEJ,2026-01-26,110339,1,10,0,100.0
10110074CONDEJ_2026-01-26_G13,10110074CONDEJ,2026-01-26,141352,1,8,0,341.0
10110074CONDEJ_2026-01-26_G14,10110074CONDEJ,2026-01-26,"111602, 141166, 105242",3,42,51,173.0
10110074CONDEJ_2026-01-26_G15,10110074CONDEJ,2026-01-26,117855,1,90,0,437.0
10110074CONDEJ_2026-01-26_G16,10110074CONDEJ,2026-01-26,117854,1,10,0,198.0
10110074CONDEJ_2026-01-26_G17,10110074CONDEJ,2026-01-26,111447,1,2,0,288.0
10110074CONDEJ_2026-01-26_G18,10110074CONDEJ,2026-01-26,111441,1,4,0,69.0
10110074CONDEJ_2026-01-26_G19,10110074CONDEJ,2026-01-26,110841,1,2,0,86.0
10110074CONDEJ_2026-01-26_G20,10110074CONDEJ,2026-01-26,110895,1,80,0,190.0
10110074CONDEJ_2026-01-26_G21,10110074CONDEJ,2026-01-26,117834,1,4,0,349.0
10110074CONDEJ_2026-01-26_G22,10110074CONDEJ,2026-01-26,116527,1,4,0,90.0
10110074CONDEJ_2026-01-26_G23,10110074CONDEJ,2026-01-26,141318,1,10,0,107.0
10110074CONDEJ_2026-01-26_G24,10110074CONDEJ,2026-01-26,118271,1,4,0,62.0
10110074CONDEJ_2026-01-26_G25,10110074CONDEJ,2026-01-26,118271,1,4,0,43.0
10110074CONDEJ_2026-01-27_G02,10110074CONDEJ,2026-01-27,140957,1,4,0,135.0
10110074CONDEJ_2026-01-27_G03,10110074CONDEJ,2026-01-27,140923,1,100,0,568.0
10110074CONDEJ_2026-01-27_G04,10110074CONDEJ,2026-01-27,140922,1,80,0,166.0
10110074CONDEJ_2026-01-27_G05,10110074CONDEJ,2026-01-27,111418,1,300,0,502.0
10110074CONDEJ_2026-01-27_G06,10110074CONDEJ,2026-01-27,101217,1,200,0,2123.0
10110074CONDEJ_2026-01-27_G07,10110074CONDEJ,2026-01-27,108794,1,500,0,1012.0
10110074CONDEJ_2026-01-27_G08,10110074CONDEJ,2026-01-27,111462,1,250,0,1812.0
10110074CONDEJ_2026-01-27_G09,10110074CONDEJ,2026-01-27,111740,1,375,0,923.0
10110074CONDEJ_2026-01-27_G10,10110074CONDEJ,2026-01-27,107830,1,150,0,901.0
10110074CONDEJ_2026-01-28_G02,10110074CONDEJ,2026-01-28,110371,1,20,0,253.0
10110074CONDEJ_2026-01-28_G03,10110074CONDEJ,2026-01-28,117808,1,50,0,49.0
10110074CONDEJ_2026-01-28_G05,10110074CONDEJ,2026-01-28,111466,1,30,0,693.0
10110074CONDEJ_2026-01-28_G06,10110074CONDEJ,2026-01-28,111435,1,35,0,116.0
10110074CONDEJ_2026-01-28_G07,10110074CONDEJ,2026-01-28,111418,1,60,0,203.0
10110074CONDEJ_2026-01-28_G08,10110074CONDEJ,2026-01-28,108798,1,1,0,59.0
10110074CONDEJ_2026-01-28_G09,10110074CONDEJ,2026-01-28,110740,1,6,0,198.0
10110074CONDEJ_2026-01-28_G10,10110074CONDEJ,2026-01-28,110740,1,34,0,36.0
10110074CONDEJ_2026-01-28_G11,10110074CONDEJ,2026-01-28,111433,1,30,0,658.0
10110074CONDEJ_2026-01-28_G13,10110074CONDEJ,2026-01-28,109640,1,6,0,794.0
10110074CONDEJ_2026-01-28_G14,10110074CONDEJ,2026-01-28,117855,1,16,0,158.0
10110074CONDEJ_2026-01-28_G15,10110074CONDEJ,2026-01-28,117862,1,19,0,851.0
10110074CONDEJ_2026-01-28_G16,10110074CONDEJ,2026-01-28,117832,1,34,0,592.0
10110074CONDEJ_2026-01-28_G17,10110074CONDEJ,2026-01-28,118299,1,100,0,674.0
10110074CONDEJ_2026-01-28_G18,10110074CONDEJ,2026-01-28,117809,1,90,0,1191.0
10110074CONDEJ_2026-01-28_G19,10110074CONDEJ,2026-01-28,110372,1,10,0,160.0
10110074CONDEJ_2026-01-28_G20,10110074CONDEJ,2026-01-28,117787,1,10,0,181.0
10110074CONDEJ_2026-01-29_G02,10110074CONDEJ,2026-01-29,109640,1,2,0,1824.0
10110074CONDEJ_2026-01-29_G03,10110074CONDEJ,2026-01-29,111441,1,6,0,142.0
10110074CONDEJ_2026-01-29_G04,10110074CONDEJ,2026-01-29,108772,1,3,0,146.0
10110074CONDEJ_2026-01-29_G05,10110074CONDEJ,2026-01-29,"111602, 141166",2,11,29,116.0
10110074CONDEJ_2026-01-29_G06,10110074CONDEJ,2026-01-29,109640,1,4,0,54.0
10110074CONDEJ_2026-01-29_G07,10110074CONDEJ,2026-01-29,111879,1,1,0,308.0
10110074CONDEJ_2026-01-29_G08,10110074CONDEJ,2026-01-29,141457,1,40,0,732.0
10110074CONDEJ_2026-01-29_G09,10110074CONDEJ,2026-01-29,117832,1,40,0,401.0
10110074CONDEJ_2026-01-29_G10,10110074CONDEJ,2026-01-29,141166,1,5,0,980.0
10110074CONDEJ_2026-01-29_G11,10110074CONDEJ,2026-01-29,111172,1,4,0,333.0
10110074CONDEJ_2026-01-29_G12,10110074CONDEJ,2026-01-29,110787,1,5,0,334.0
10110074CONDEJ_2026-01-29_G14,10110074CONDEJ,2026-01-29,"108798, 111418",2,7,22,119.0
10110074CONDEJ_2026-01-29_G15,10110074CONDEJ,2026-01-29,111469,1,4,0,108.0
10110074CONDEJ_2026-01-29_G16,10110074CONDEJ,2026-01-29,111530,1,43,0,266.0
10110074CONDEJ_2026-01-29_G17,10110074CONDEJ,2026-01-29,111602,1,13,0,428.0
10110074CONDEJ_2026-01-29_G18,10110074CONDEJ,2026-01-29,111330,1,2,0,1103.0
10110074CONDEJ_2026-01-29_G19,10110074CONDEJ,2026-01-29,110787,1,1,0,101.0
10110074CONDEJ_2026-01-29_G20,10110074CONDEJ,2026-01-29,141456,1,1,0,1073.0
10110074CONDEJ_2026-01-29_G21,10110074CONDEJ,2026-01-29,141456,1,9,0,186.0
10110074CONDEJ_2026-01-29_G22,10110074CONDEJ,2026-01-29,118094,1,7,0,2855.0
10110074CONDEJ_2026-01-29_G23,10110074CONDEJ,2026-01-29,"117788, 117862",2,5,25,113.0
10110074CONDEJ_2026-01-29_G24,10110074CONDEJ,2026-01-29,110313,1,1,0,36.0
10110074CONDEJ_2026-01-29_G25,10110074CONDEJ,2026-01-29,141047,1,3,0,83.0
10110074CONDEJ_2026-01-29_G26,10110074CONDEJ,2026-01-29,107629,1,4,0,60.0
10110074CONDEJ_2026-01-29_G27,10110074CONDEJ,2026-01-29,117856,1,2,0,65.0
10110074CONDEJ_2026-01-29_G28,10110074CONDEJ,2026-01-29,117786,1,29,0,50.0
10110074CONDEJ_2026-01-29_G29,10110074CONDEJ,2026-01-29,110756,1,1,0,126.0
10110074CONDEJ_2026-01-29_G30,10110074CONDEJ,2026-01-29,110339,1,4,0,49.0
10110074CONDEJ_2026-01-29_G31,10110074CONDEJ,2026-01-29,141166,1,15,0,43.0
10110074CONDEJ_2026-01-29_G32,10110074CONDEJ,2026-01-29,109640,1,9,0,64.0
10110074CONDEJ_2026-01-30_G02,10110074CONDEJ,2026-01-30,"117831, 111463",2,32,27,218.0
10110074CONDEJ_2026-01-30_G03,10110074CONDEJ,2026-01-30,141823,1,6,0,112.0
10110074CONDEJ_2026-01-30_G04,10110074CONDEJ,2026-01-30,111418,1,16,0,200.0
10110074CONDEJ_2026-01-30_G05,10110074CONDEJ,2026-01-30,118223,1,5,0,97.0
10110074CONDEJ_2026-01-30_G06,10110074CONDEJ,2026-01-30,141457,1,10,0,854.0
10110074CONDEJ_2026-01-30_G07,10110074CONDEJ,2026-01-30,117787,1,4,0,81.0
10110074CONDEJ_2026-01-30_G08,10110074CONDEJ,2026-01-30,118140,1,8,0,75.0
10110074CONDEJ_2026-01-30_G09,10110074CONDEJ,2026-01-30,141458,1,12,0,144.0
10110074CONDEJ_2026-01-30_G10,10110074CONDEJ,2026-01-30,"110745, 117842",2,9,24,1204.0
10110074CONDEJ_2026-01-30_G11,10110074CONDEJ,2026-01-30,110787,1,4,0,92.0
10110074CONDEJ_2026-01-30_G12,10110074CONDEJ,2026-01-30,111532,2,23,13,206.0
10110074CONDEJ_2026-01-30_G13,10110074CONDEJ,2026-01-30,141823,1,3,0,291.0
10110074CONDEJ_2026-01-30_G14,10110074CONDEJ,2026-01-30,111468,1,5,0,100.0
10110074CONDEJ_2026-01-30_G15,10110074CONDEJ,2026-01-30,141457,2,80,15,205.0
10110074CONDEJ_2026-01-30_G16,10110074CONDEJ,2026-01-30,110374,2,33,10,416.0
10110074CONDEJ_2026-01-30_G17,10110074CONDEJ,2026-01-30,109643,1,10,0,487.0
10110074CONDEJ_2026-01-30_G18,10110074CONDEJ,2026-01-30,118299,1,400,0,580.0
10110074CONDEJ_2026-01-30_G19,10110074CONDEJ,2026-01-30,117808,1,193,0,1731.0
10110074CONDEJ_2026-01-30_G20,10110074CONDEJ,2026-01-30,110375,1,3,0,288.0
10110074CONDEJ_2026-01-30_G21,10110074CONDEJ,2026-01-30,117832,2,66,17,141.0
10110074CONDEJ_2026-01-30_G22,10110074CONDEJ,2026-01-30,110371,1,48,0,696.0
10110074CONDEJ_2026-01-30_G24,10110074CONDEJ,2026-01-30,140922,1,88,0,164.0
10110074CONDEJ_2026-01-30_G25,10110074CONDEJ,2026-01-30,117821,1,50,0,1280.0
10110074CONDEJ_2026-01-30_G26,10110074CONDEJ,2026-01-30,111743,2,12,10,393.0
10110074CONDEJ_2026-01-30_G27,10110074CONDEJ,2026-01-30,110787,1,16,0,121.0
10110074CONDEJ_2026-01-30_G28,10110074CONDEJ,2026-01-30,111172,1,6,0,149.0
10110074CONDEJ_2026-01-30_G29,10110074CONDEJ,2026-01-30,108798,1,6,0,179.0
10110074CONDEJ_2026-01-30_G30,10110074CONDEJ,2026-01-30,111532,1,11,0,72.0
10110074CONDEJ_2026-01-30_G31,10110074CONDEJ,2026-01-30,118140,1,4,0,2727.0
10110074CONDEJ_2026-01-30_G32,10110074CONDEJ,2026-01-30,117785,2,72,19,169.0
10110074CONDEJ_2026-01-30_G33,10110074CONDEJ,2026-01-30,111462,1,42,0,1508.0
10110074CONDEJ_2026-01-30_G34,10110074CONDEJ,2026-01-30,117787,1,36,0,137.0
10110074CONDEJ_2026-01-30_G35,10110074CONDEJ,2026-01-30,117856,1,33,0,2700.0
10110074CONDEJ_2026-01-30_G36,10110074CONDEJ,2026-01-30,"108711, 117833",2,52,7,2704.0
10110074CONDEJ_2026-02-03_G02,10110074CONDEJ,2026-02-03,110373,1,916,0,1383.0
10110074CONDEJ_2026-02-03_G03,10110074CONDEJ,2026-02-03,118299,1,770,0,2321.0
10110074CONDEJ_2026-02-03_G04,10110074CONDEJ,2026-02-03,108711,1,6,0,2052.0
10110074CONDEJ_2026-02-03_G05,10110074CONDEJ,2026-02-03,"111469, 111743",2,6,14,125.0
10110074CONDEJ_2026-02-03_G06,10110074CONDEJ,2026-02-03,111463,1,4,0,120.0
10110074CONDEJ_2026-02-03_G07,10110074CONDEJ,2026-02-03,117837,1,4,0,173.0
10110074CONDEJ_2026-02-03_G08,10110074CONDEJ,2026-02-03,110711,1,4,0,215.0
10110074CONDEJ_2026-02-05_G02,10110074CONDEJ,2026-02-05,111469,1,16,0,130.0
10110074CONDEJ_2026-02-05_G03,10110074CONDEJ,2026-02-05,109645,1,16,0,301.0
10110074CONDEJ_2026-02-05_G04,10110074CONDEJ,2026-02-05,117841,1,14,0,165.0
10110074CONDEJ_2026-02-05_G05,10110074CONDEJ,2026-02-05,117831,1,50,0,1362.0
10110074CONDEJ_2026-02-05_G06,10110074CONDEJ,2026-02-05,111463,1,12,0,250.0
10110074CONDEJ_2026-02-05_G07,10110074CONDEJ,2026-02-05,111465,1,14,0,359.0
10110074CONDEJ_2026-02-05_G08,10110074CONDEJ,2026-02-05,117785,1,12,0,315.0
10110074CONDEJ_2026-02-05_G09,10110074CONDEJ,2026-02-05,140923,1,96,0,283.0
10110074CONDEJ_2026-02-05_G10,10110074CONDEJ,2026-02-05,141047,1,8,0,387.0
10110074CONDEJ_2026-02-05_G11,10110074CONDEJ,2026-02-05,117856,1,22,0,87.0
10110074CONDEJ_2026-02-05_G12,10110074CONDEJ,2026-02-05,110339,1,17,0,226.0
10110074CONDEJ_2026-02-05_G13,10110074CONDEJ,2026-02-05,141166,1,21,0,288.0
10110074CONDEJ_2026-02-05_G14,10110074CONDEJ,2026-02-05,118094,1,8,0,3248.0
10110074CONDEJ_2026-02-05_G15,10110074CONDEJ,2026-02-05,111467,1,20,0,118.0
10110074CONDEJ_2026-02-05_G16,10110074CONDEJ,2026-02-05,117862,1,12,0,227.0
10110074CONDEJ_2026-02-05_G17,10110074CONDEJ,2026-02-05,140923,1,11,0,75.0
10110074CONDEJ_2026-02-05_G18,10110074CONDEJ,2026-02-05,117786,1,4,0,58.0
10110074CONDEJ_2026-02-05_G19,10110074CONDEJ,2026-02-05,141047,1,10,0,332.0
10110074CONDEJ_2026-02-05_G20,10110074CONDEJ,2026-02-05,107629,1,4,0,81.0
10110074CONDEJ_2026-02-05_G21,10110074CONDEJ,2026-02-05,117856,1,6,0,113.0
10110074CONDEJ_2026-02-05_G22,10110074CONDEJ,2026-02-05,110339,1,4,0,96.0
10110074CONDEJ_2026-02-05_G23,10110074CONDEJ,2026-02-05,141166,1,8,0,108.0
10110074CONDEJ_2026-02-05_G24,10110074CONDEJ,2026-02-05,117808,1,430,0,944.0
10110074CONDEJ_2026-02-05_G26,10110074CONDEJ,2026-02-05,110895,1,4,0,57.0
10110074CONDEJ_2026-02-05_G27,10110074CONDEJ,2026-02-05,118094,1,6,0,323.0
10110074CONDEJ_2026-02-05_G28,10110074CONDEJ,2026-02-05,111530,1,6,0,288.0
10110074CONDEJ_2026-02-05_G29,10110074CONDEJ,2026-02-05,117786,1,2,0,47.0
10110074CONDEJ_2026-02-05_G30,10110074CONDEJ,2026-02-05,111602,1,8,0,96.0
10110074CONDEJ_2026-02-05_G31,10110074CONDEJ,2026-02-05,110787,1,6,0,111.0
10110074CONDEJ_2026-02-05_G32,10110074CONDEJ,2026-02-05,110787,2,4,7,31.0
10110074CONDEJ_2026-02-05_G33,10110074CONDEJ,2026-02-05,141456,1,24,0,149.0
10110074CONDEJ_2026-02-05_G34,10110074CONDEJ,2026-02-05,110374,1,6,0,150.0
10110074CONDEJ_2026-02-05_G35,10110074CONDEJ,2026-02-05,110374,2,7,14,40.0
10110074CONDEJ_2026-02-05_G36,10110074CONDEJ,2026-02-05,110325,1,10,0,610.0
10110074CONDEJ_2026-02-05_G37,10110074CONDEJ,2026-02-05,140922,1,880,0,2307.0
10110074CONDEJ_2026-02-06_G02,10110074CONDEJ,2026-02-06,108411,1,2,0,138.0
10110074CONDEJ_2026-02-06_G03,10110074CONDEJ,2026-02-06,110714,1,4,0,129.0
10110074CONDEJ_2026-02-06_G04,10110074CONDEJ,2026-02-06,111793,1,5,0,94.0
10110074CONDEJ_2026-02-06_G05,10110074CONDEJ,2026-02-06,141916,1,60,0,380.0
10110074CONDEJ_2026-02-06_G06,10110074CONDEJ,2026-02-06,140915,1,4,0,540.0
10110074CONDEJ_2026-02-06_G07,10110074CONDEJ,2026-02-06,117789,1,2,0,1625.0
10110074CONDEJ_2026-02-06_G08,10110074CONDEJ,2026-02-06,141695,1,8,0,189.0
10110074CONDEJ_2026-02-06_G09,10110074CONDEJ,2026-02-06,142028,1,2,0,99.0
10110074CONDEJ_2026-02-06_G10,10110074CONDEJ,2026-02-06,118229,1,2,0,73.0
10110074CONDEJ_2026-02-06_G11,10110074CONDEJ,2026-02-06,105359,1,7,0,232.0
10110074CONDEJ_2026-02-06_G12,10110074CONDEJ,2026-02-06,117840,1,3,0,1687.0
10110074CONDEJ_2026-02-06_G13,10110074CONDEJ,2026-02-06,118281,1,23,0,599.0
10110074CONDEJ_2026-02-06_G14,10110074CONDEJ,2026-02-06,160051,1,9,0,41.0
10110074CONDEJ_2026-02-06_G15,10110074CONDEJ,2026-02-06,118271,1,2,0,205.0
10110074CONDEJ_2026-02-06_G16,10110074CONDEJ,2026-02-06,108361,1,6,0,685.0
10110074CONDEJ_2026-02-06_G17,10110074CONDEJ,2026-02-06,111353,1,13,0,98.0
10110074CONDEJ_2026-02-06_G20,10110074CONDEJ,2026-02-06,110895,1,99,0,810.0
10110074CONDEJ_2026-02-06_G21,10110074CONDEJ,2026-02-06,100334,1,33,0,363.0
10110074CONDEJ_2026-02-06_G22,10110074CONDEJ,2026-02-06,117834,1,26,0,81.0
10110074CONDEJ_2026-02-06_G23,10110074CONDEJ,2026-02-06,111569,1,43,0,162.0
10110074CONDEJ_2026-02-06_G24,10110074CONDEJ,2026-02-06,117822,1,6,0,1167.0
10110074CONDEJ_2026-02-06_G25,10110074CONDEJ,2026-02-06,117820,1,180,0,509.0
10110074CONDEJ_2026-02-06_G26,10110074CONDEJ,2026-02-06,110376,1,16,0,248.0
10110074CONDEJ_2026-02-06_G27,10110074CONDEJ,2026-02-06,110372,1,125,0,397.0
10110074CONDEJ_2026-02-06_G28,10110074CONDEJ,2026-02-06,110371,1,200,0,1430.0
10110074CONDEJ_2026-02-06_G29,10110074CONDEJ,2026-02-06,110373,1,150,0,1383.0
10110074CONDEJ_2026-02-06_G30,10110074CONDEJ,2026-02-06,108711,1,27,0,905.0
10110074CONDEJ_2026-02-06_G31,10110074CONDEJ,2026-02-06,141457,1,20,0,122.0
10110074CONDEJ_2026-02-06_G32,10110074CONDEJ,2026-02-06,117833,1,16,0,761.0
10110074CONDEJ_2026-02-06_G33,10110074CONDEJ,2026-02-06,110325,1,100,0,1423.0
10110074CONDEJ_2026-02-06_G34,10110074CONDEJ,2026-02-06,117809,1,50,0,372.0
10110074CONDEJ_2026-02-07_G02,10110074CONDEJ,2026-02-07,142045,1,17,0,602.0
10110074CONDEJ_2026-02-07_G03,10110074CONDEJ,2026-02-07,110755,1,13,0,656.0
10110074CONDEJ_2026-02-07_G04,10110074CONDEJ,2026-02-07,100334,1,12,0,409.0
10110074CONDEJ_2026-02-07_G05,10110074CONDEJ,2026-02-07,111569,1,19,0,196.0
10110074CONDEJ_2026-02-07_G06,10110074CONDEJ,2026-02-07,110581,1,6,0,2485.0
10110074CONDEJ_2026-02-07_G07,10110074CONDEJ,2026-02-07,117856,1,24,0,709.0
10110074CONDEJ_2026-02-07_G08,10110074CONDEJ,2026-02-07,110756,1,12,0,2184.0
10110074CONDEJ_2026-02-07_G09,10110074CONDEJ,2026-02-07,110339,1,29,0,1532.0
10110074CONDEJ_2026-02-07_G10,10110074CONDEJ,2026-02-07,107236,1,19,0,1388.0
10110074CONDEJ_2026-02-07_G11,10110074CONDEJ,2026-02-07,111463,1,50,0,538.0
10110074CONDEJ_2026-02-07_G12,10110074CONDEJ,2026-02-07,111435,1,13,0,195.0
10110074CONDEJ_2026-02-07_G13,10110074CONDEJ,2026-02-07,117785,1,1,0,53.0
10110074CONDEJ_2026-02-07_G14,10110074CONDEJ,2026-02-07,117838,1,10,0,302.0
10110074CONDEJ_2026-02-07_G16,10110074CONDEJ,2026-02-07,116611,1,4,0,240.0
10110074CONDEJ_2026-02-07_G17,10110074CONDEJ,2026-02-07,140957,1,4,0,304.0
10110074CONDEJ_2026-02-07_G18,10110074CONDEJ,2026-02-07,117788,1,8,0,143.0
10110074CONDEJ_2026-02-07_G19,10110074CONDEJ,2026-02-07,118298,1,20,0,163.0
10110074CONDEJ_2026-02-07_G20,10110074CONDEJ,2026-02-07,"111530, 111650",2,8,23,68.0
10110074CONDEJ_2026-02-07_G21,10110074CONDEJ,2026-02-07,141047,1,90,0,369.0
10110074CONDEJ_2026-02-07_G22,10110074CONDEJ,2026-02-07,117856,1,40,0,473.0
10110074CONDEJ_2026-02-07_G23,10110074CONDEJ,2026-02-07,110339,1,50,0,260.0
10110074CONDEJ_2026-02-07_G24,10110074CONDEJ,2026-02-07,109647,1,24,0,720.0
10110074CONDEJ_2026-02-07_G25,10110074CONDEJ,2026-02-07,107629,1,40,0,1027.0
10110074CONDEJ_2026-02-07_G26,10110074CONDEJ,2026-02-07,117822,1,30,0,231.0
10110074CONDEJ_2026-02-07_G27,10110074CONDEJ,2026-02-07,141202,1,6,0,107.0
10110074CONDEJ_2026-02-07_G28,10110074CONDEJ,2026-02-07,110376,1,60,0,194.0
10110074CONDEJ_2026-02-07_G29,10110074CONDEJ,2026-02-07,110375,1,20,0,144.0
10110074CONDEJ_2026-02-07_G30,10110074CONDEJ,2026-02-07,117832,1,180,0,224.0
10110074CONDEJ_2026-02-09_G02,10110074CONDEJ,2026-02-09,111743,1,12,0,101.0
10110074CONDEJ_2026-02-09_G03,10110074CONDEJ,2026-02-09,111172,1,1,0,67.0
10110074CONDEJ_2026-02-09_G04,10110074CONDEJ,2026-02-09,118140,1,8,0,131.0
10110074CONDEJ_2026-02-09_G05,10110074CONDEJ,2026-02-09,105705,1,6,0,67.0
10110074CONDEJ_2026-02-09_G06,10110074CONDEJ,2026-02-09,111418,1,4,0,370.0
10110074CONDEJ_2026-02-09_G07,10110074CONDEJ,2026-02-09,141458,1,4,0,187.0
10110074CONDEJ_2026-02-09_G08,10110074CONDEJ,2026-02-09,110374,1,4,0,250.0
10110074CONDEJ_2026-02-09_G09,10110074CONDEJ,2026-02-09,117820,1,6,0,266.0
10110074CONDEJ_2026-02-09_G10,10110074CONDEJ,2026-02-09,109643,1,10,0,106.0
10110074CONDEJ_2026-02-09_G11,10110074CONDEJ,2026-02-09,117808,1,15,0,989.0
10110074CONDEJ_2026-02-09_G12,10110074CONDEJ,2026-02-09,118299,1,5,0,94.0
10110074CONDEJ_2026-02-09_G13,10110074CONDEJ,2026-02-09,110372,1,8,0,120.0
10110074CONDEJ_2026-02-09_G14,10110074CONDEJ,2026-02-09,117830,1,8,0,390.0
10110074CONDEJ_2026-02-09_G15,10110074CONDEJ,2026-02-09,110373,1,8,0,108.0
10110074CONDEJ_2026-02-09_G16,10110074CONDEJ,2026-02-09,110373,1,6,0,100.0
10110074CONDEJ_2026-02-09_G17,10110074CONDEJ,2026-02-09,100334,1,4,0,144.0
10110074CONDEJ_2026-02-09_G18,10110074CONDEJ,2026-02-09,111743,1,2,0,1616.0
10110074CONDEJ_2026-02-09_G19,10110074CONDEJ,2026-02-09,111466,1,2,0,261.0
10110074CONDEJ_2026-02-09_G20,10110074CONDEJ,2026-02-09,118140,1,2,0,78.0
10110074CONDEJ_2026-02-09_G21,10110074CONDEJ,2026-02-09,111463,1,2,0,93.0
10110074CONDEJ_2026-02-09_G22,10110074CONDEJ,2026-02-09,141823,1,2,0,88.0
10110074CONDEJ_2026-02-09_G23,10110074CONDEJ,2026-02-09,142045,1,6,0,604.0
10110074CONDEJ_2026-02-09_G24,10110074CONDEJ,2026-02-09,111441,1,2,0,221.0
10110074CONDEJ_2026-02-09_G25,10110074CONDEJ,2026-02-09,111438,1,2,0,122.0
10110074CONDEJ_2026-02-09_G26,10110074CONDEJ,2026-02-09,105705,1,2,0,85.0
10110074CONDEJ_2026-02-09_G27,10110074CONDEJ,2026-02-09,117861,1,4,0,127.0
10110074CONDEJ_2026-02-09_G28,10110074CONDEJ,2026-02-09,140923,1,2,0,78.0
10110074CONDEJ_2026-02-09_G29,10110074CONDEJ,2026-02-09,140923,1,6,0,309.0
10110074CONDEJ_2026-02-09_G30,10110074CONDEJ,2026-02-09,142045,1,3,0,568.0
10110074CONDEJ_2026-02-09_G31,10110074CONDEJ,2026-02-09,140923,1,6,0,221.0
10110074CONDEJ_2026-02-09_G32,10110074CONDEJ,2026-02-09,111532,1,12,0,152.0
10110074CONDEJ_2026-02-09_G33,10110074CONDEJ,2026-02-09,111438,1,8,0,1366.0
10110074CONDEJ_2026-02-09_G34,10110074CONDEJ,2026-02-09,105705,1,2,0,383.0
10110074CONDEJ_2026-02-09_G35,10110074CONDEJ,2026-02-09,110895,1,1,0,1079.0
10110074CONDEJ_2026-02-09_G36,10110074CONDEJ,2026-02-09,142045,1,5,0,71.0
10110074CONDEJ_2026-02-09_G37,10110074CONDEJ,2026-02-09,111438,2,2,16,31.0
10110074CONDEJ_2026-02-09_G38,10110074CONDEJ,2026-02-09,111330,2,10,7,284.0
10110074CONDEJ_2026-02-09_G39,10110074CONDEJ,2026-02-09,111330,1,2,0,33.0
10110074CONDEJ_2026-02-09_G41,10110074CONDEJ,2026-02-09,110895,1,4,0,93.0
10110074CONDEJ_2026-02-09_G42,10110074CONDEJ,2026-02-09,111438,1,2,0,80.0
10110074CONDEJ_2026-02-09_G43,10110074CONDEJ,2026-02-09,110747,1,2,0,229.0
10110074CONDEJ_2026-02-09_G44,10110074CONDEJ,2026-02-09,141916,1,2,0,121.0
10110074CONDEJ_2026-02-09_G45,10110074CONDEJ,2026-02-09,100334,2,10,14,100.0
10110074CONDEJ_2026-02-09_G46,10110074CONDEJ,2026-02-09,140923,1,16,0,1039.0
10110074CONDEJ_2026-02-09_G47,10110074CONDEJ,2026-02-09,141047,1,2,0,179.0
10110074CONDEJ_2026-02-09_G48,10110074CONDEJ,2026-02-09,117830,1,5,0,199.0
10110074CONDEJ_2026-02-09_G49,10110074CONDEJ,2026-02-09,110372,1,16,0,240.0
10110074CONDEJ_2026-02-09_G50,10110074CONDEJ,2026-02-09,110373,1,7,0,110.0
10110074CONDEJ_2026-02-09_G51,10110074CONDEJ,2026-02-09,117854,1,5,0,1972.0
10110074CONDEJ_2026-02-09_G52,10110074CONDEJ,2026-02-09,110711,2,4,9,350.0
10110074CONDEJ_2026-02-09_G53,10110074CONDEJ,2026-02-09,118094,1,7,0,141.0
10110074CONDEJ_2026-02-09_G54,10110074CONDEJ,2026-02-09,110581,1,2,0,120.0
10110074CONDEJ_2026-02-09_G55,10110074CONDEJ,2026-02-09,110371,1,360,0,1268.0
10110074CONDEJ_2026-02-09_G56,10110074CONDEJ,2026-02-09,108770,1,10,0,122.0
10110074CONDEJ_2026-02-09_G57,10110074CONDEJ,2026-02-09,110895,1,150,0,711.0
10110074CONDEJ_2026-02-09_G58,10110074CONDEJ,2026-02-09,117789,1,5,0,155.0
10110074CONDEJ_2026-02-09_G59,10110074CONDEJ,2026-02-09,108772,1,20,0,552.0
10110074CONDEJ_2026-02-09_G60,10110074CONDEJ,2026-02-09,141166,1,42,0,680.0
10110074CONDEJ_2026-02-09_G61,10110074CONDEJ,2026-02-09,"110753, 110750",3,22,23,38.0
10110074CONDEJ_2026-02-09_G62,10110074CONDEJ,2026-02-09,110711,1,120,0,220.0
10110074CONDEJ_2026-02-09_G63,10110074CONDEJ,2026-02-09,111743,1,170,0,212.0
10110074CONDEJ_2026-02-09_G64,10110074CONDEJ,2026-02-09,111466,1,159,0,231.0
10110074CONDEJ_2026-02-09_G65,10110074CONDEJ,2026-02-09,111172,1,50,0,305.0
10110074CONDEJ_2026-02-09_G66,10110074CONDEJ,2026-02-09,111446,1,2,0,180.0
10110074CONDEJ_2026-02-09_G67,10110074CONDEJ,2026-02-09,111468,1,19,0,182.0
10110074CONDEJ_2026-02-09_G68,10110074CONDEJ,2026-02-09,111435,1,4,0,61.0
10110074CONDEJ_2026-02-09_G69,10110074CONDEJ,2026-02-09,111330,1,10,0,61.0
10110074CONDEJ_2026-02-10_G02,10110074CONDEJ,2026-02-10,110747,1,20,0,75.0
10110074CONDEJ_2026-02-10_G03,10110074CONDEJ,2026-02-10,100334,1,4,0,500.0
10110074CONDEJ_2026-02-10_G04,10110074CONDEJ,2026-02-10,109641,1,4,0,84.0
10110074CONDEJ_2026-02-10_G05,10110074CONDEJ,2026-02-10,141456,1,3,0,105.0
10110074CONDEJ_2026-02-10_G06,10110074CONDEJ,2026-02-10,110371,1,4,0,133.0
10110074CONDEJ_2026-02-10_G07,10110074CONDEJ,2026-02-10,110325,1,2,0,108.0
10110074CONDEJ_2026-02-10_G08,10110074CONDEJ,2026-02-10,110372,1,6,0,413.0
10110074CONDEJ_2026-02-10_G09,10110074CONDEJ,2026-02-10,111441,1,5,0,352.0
10110074CONDEJ_2026-02-10_G10,10110074CONDEJ,2026-02-10,111430,1,6,0,107.0
10110074CONDEJ_2026-02-10_G11,10110074CONDEJ,2026-02-10,108770,1,2,0,70.0
10110074CONDEJ_2026-02-10_G12,10110074CONDEJ,2026-02-10,110755,1,3,0,68.0
10110074CONDEJ_2026-02-10_G13,10110074CONDEJ,2026-02-10,110895,1,32,0,254.0
10110074CONDEJ_2026-02-10_G14,10110074CONDEJ,2026-02-10,111438,1,24,0,83.0
10110074CONDEJ_2026-02-10_G15,10110074CONDEJ,2026-02-10,110747,1,12,0,207.0
10110074CONDEJ_2026-02-10_G16,10110074CONDEJ,2026-02-10,110742,1,8,0,136.0
10110074CONDEJ_2026-02-10_G17,10110074CONDEJ,2026-02-10,111569,1,30,0,266.0
10110074CONDEJ_2026-02-10_G18,10110074CONDEJ,2026-02-10,110754,1,4,0,285.0
10110074CONDEJ_2026-02-10_G19,10110074CONDEJ,2026-02-10,107830,1,2,0,1342.0
10110074CONDEJ_2026-02-10_G20,10110074CONDEJ,2026-02-10,110374,1,6,0,161.0
10110074CONDEJ_2026-02-10_G21,10110074CONDEJ,2026-02-10,110371,1,18,0,131.0
10110074CONDEJ_2026-02-10_G22,10110074CONDEJ,2026-02-10,110325,1,14,0,1036.0
10110074CONDEJ_2026-02-10_G23,10110074CONDEJ,2026-02-10,110376,1,4,0,81.0
10110074CONDEJ_2026-02-10_G24,10110074CONDEJ,2026-02-10,117832,1,16,0,114.0
10110074CONDEJ_2026-02-10_G25,10110074CONDEJ,2026-02-10,110372,1,63,0,388.0
10110074CONDEJ_2026-02-10_G26,10110074CONDEJ,2026-02-10,110373,1,2,0,214.0
10110074CONDEJ_2026-02-10_G27,10110074CONDEJ,2026-02-10,105705,1,2,0,210.0
10110074CONDEJ_2026-02-10_G29,10110074CONDEJ,2026-02-10,111438,2,10,17,335.0
10110074CONDEJ_2026-02-10_G30,10110074CONDEJ,2026-02-10,100334,1,6,0,223.0
10110074CONDEJ_2026-02-10_G31,10110074CONDEJ,2026-02-10,109643,1,16,0,1107.0
10110074CONDEJ_2026-02-10_G32,10110074CONDEJ,2026-02-10,110325,1,8,0,138.0
10110074CONDEJ_2026-02-10_G33,10110074CONDEJ,2026-02-10,117808,1,300,0,570.0
10110074CONDEJ_2026-02-10_G34,10110074CONDEJ,2026-02-10,117832,1,20,0,256.0
10110074CONDEJ_2026-02-10_G35,10110074CONDEJ,2026-02-10,117830,1,22,0,84.0
10110074CONDEJ_2026-02-10_G36,10110074CONDEJ,2026-02-10,110339,1,4,0,204.0
10110074CONDEJ_2026-02-10_G37,10110074CONDEJ,2026-02-10,111876,1,9,0,171.0
10110074CONDEJ_2026-02-10_G39,10110074CONDEJ,2026-02-10,117808,1,300,0,674.0
10110074CONDEJ_2026-02-10_G40,10110074CONDEJ,2026-02-10,111879,1,7,0,441.0
10110074CONDEJ_2026-02-11_G02,10110074CONDEJ,2026-02-11,111743,1,5,0,233.0
10110074CONDEJ_2026-02-11_G03,10110074CONDEJ,2026-02-11,118140,1,12,0,226.0
10110074CONDEJ_2026-02-11_G04,10110074CONDEJ,2026-02-11,141823,1,5,0,74.0
10110074CONDEJ_2026-02-11_G05,10110074CONDEJ,2026-02-11,142045,1,2,0,1023.0
10110074CONDEJ_2026-02-11_G06,10110074CONDEJ,2026-02-11,142045,1,4,0,105.0
10110074CONDEJ_2026-02-11_G07,10110074CONDEJ,2026-02-11,141916,1,1,0,97.0
10110074CONDEJ_2026-02-11_G08,10110074CONDEJ,2026-02-11,111569,1,2,0,86.0
10110074CONDEJ_2026-02-11_G09,10110074CONDEJ,2026-02-11,141261,1,4,0,287.0
10110074CONDEJ_2026-02-11_G10,10110074CONDEJ,2026-02-11,141262,1,8,0,84.0
10110074CONDEJ_2026-02-11_G12,10110074CONDEJ,2026-02-11,111467,2,15,8,401.0
10110074CONDEJ_2026-02-11_G13,10110074CONDEJ,2026-02-11,107629,2,5,8,82.0
10110074CONDEJ_2026-02-11_G14,10110074CONDEJ,2026-02-11,117862,2,13,9,90.0
10110074CONDEJ_2026-02-11_G15,10110074CONDEJ,2026-02-11,111650,2,2,7,104.0
10110074CONDEJ_2026-02-11_G16,10110074CONDEJ,2026-02-11,117786,2,14,7,38.0
10110074CONDEJ_2026-02-11_G17,10110074CONDEJ,2026-02-11,110339,2,30,14,235.0
10110074CONDEJ_2026-02-11_G18,10110074CONDEJ,2026-02-11,117837,2,5,7,207.0
10110074CONDEJ_2026-02-11_G19,10110074CONDEJ,2026-02-11,110733,1,6,0,58.0
10110074CONDEJ_2026-02-11_G20,10110074CONDEJ,2026-02-11,110787,2,16,8,358.0
10110074CONDEJ_2026-02-11_G21,10110074CONDEJ,2026-02-11,117831,1,20,0,211.0
10110074CONDEJ_2026-02-11_G22,10110074CONDEJ,2026-02-11,117821,2,20,7,620.0
10110074CONDEJ_2026-02-11_G23,10110074CONDEJ,2026-02-11,111743,2,5,7,97.0
10110074CONDEJ_2026-02-11_G24,10110074CONDEJ,2026-02-11,118140,2,50,9,124.0
10110074CONDEJ_2026-02-11_G25,10110074CONDEJ,2026-02-11,111532,2,11,7,353.0
10110074CONDEJ_2026-02-11_G26,10110074CONDEJ,2026-02-11,117809,1,209,0,2498.0
10110074CONDEJ_2026-02-12_G02,10110074CONDEJ,2026-02-12,105705,1,2,0,834.0
10110074CONDEJ_2026-02-12_G03,10110074CONDEJ,2026-02-12,141456,1,3,0,310.0
10110074CONDEJ_2026-02-12_G04,10110074CONDEJ,2026-02-12,117809,1,4,0,167.0
10110074CONDEJ_2026-02-12_G05,10110074CONDEJ,2026-02-12,117808,1,3,0,144.0
10110074CONDEJ_2026-02-12_G06,10110074CONDEJ,2026-02-12,111442,1,4,0,72.0
10110074CONDEJ_2026-02-12_G07,10110074CONDEJ,2026-02-12,141047,1,4,0,107.0
10110074CONDEJ_2026-02-12_G08,10110074CONDEJ,2026-02-12,117833,1,8,0,137.0
10110074CONDEJ_2026-02-12_G09,10110074CONDEJ,2026-02-12,110711,1,4,0,926.0
10110074CONDEJ_2026-02-12_G10,10110074CONDEJ,2026-02-12,109647,1,4,0,197.0
10110074CONDEJ_2026-02-12_G11,10110074CONDEJ,2026-02-12,141166,1,2,0,125.0
10110074CONDEJ_2026-02-12_G12,10110074CONDEJ,2026-02-12,117831,1,2,0,63.0
10110074CONDEJ_2026-02-12_G13,10110074CONDEJ,2026-02-12,111418,1,4,0,154.0
10110074CONDEJ_2026-02-12_G14,10110074CONDEJ,2026-02-12,118140,1,1,0,54.0
10110074CONDEJ_2026-02-12_G15,10110074CONDEJ,2026-02-12,141456,1,8,0,120.0
10110074CONDEJ_2026-02-12_G16,10110074CONDEJ,2026-02-12,117785,1,2,0,88.0
10110074CONDEJ_2026-02-12_G17,10110074CONDEJ,2026-02-12,117820,1,2,0,144.0
10110074CONDEJ_2026-02-12_G18,10110074CONDEJ,2026-02-12,117832,1,6,0,134.0
10110074CONDEJ_2026-02-12_G19,10110074CONDEJ,2026-02-12,117809,1,6,0,307.0
10110074CONDEJ_2026-02-12_G20,10110074CONDEJ,2026-02-12,142045,1,2,0,1935.0
10110074CONDEJ_2026-02-12_G21,10110074CONDEJ,2026-02-12,117855,1,2,0,115.0
10110074CONDEJ_2026-02-12_G22,10110074CONDEJ,2026-02-12,140923,1,6,0,127.0
10110074CONDEJ_2026-02-12_G23,10110074CONDEJ,2026-02-12,107629,1,2,0,164.0
10110074CONDEJ_2026-02-12_G24,10110074CONDEJ,2026-02-12,117786,1,2,0,99.0
10110074CONDEJ_2026-02-12_G25,10110074CONDEJ,2026-02-12,117837,1,4,0,188.0
10110074CONDEJ_2026-02-12_G26,10110074CONDEJ,2026-02-12,117809,1,6,0,516.0
10110074CONDEJ_2026-02-12_G27,10110074CONDEJ,2026-02-12,118299,1,8,0,200.0
10110074CONDEJ_2026-02-12_G28,10110074CONDEJ,2026-02-12,117830,1,2,0,90.0
10110074CONDEJ_2026-02-12_G29,10110074CONDEJ,2026-02-12,110373,1,1,0,75.0
10110074CONDEJ_2026-02-12_G30,10110074CONDEJ,2026-02-12,117831,1,2,0,104.0
10110074CONDEJ_2026-02-12_G31,10110074CONDEJ,2026-02-12,108711,1,2,0,50.0
10110074CONDEJ_2026-02-12_G32,10110074CONDEJ,2026-02-12,110743,1,2,0,476.0
10110074CONDEJ_2026-02-12_G33,10110074CONDEJ,2026-02-12,111466,1,2,0,79.0
10110074CONDEJ_2026-02-12_G34,10110074CONDEJ,2026-02-12,111418,1,4,0,67.0
10110074CONDEJ_2026-02-12_G35,10110074CONDEJ,2026-02-12,118140,1,4,0,37.0
10110074CONDEJ_2026-02-12_G36,10110074CONDEJ,2026-02-12,141456,1,2,0,56.0
10110074CONDEJ_2026-02-12_G37,10110074CONDEJ,2026-02-12,111465,1,3,0,39.0
10110074CONDEJ_2026-02-12_G38,10110074CONDEJ,2026-02-12,118317,1,2,0,333.0
10110074CONDEJ_2026-02-12_G39,10110074CONDEJ,2026-02-12,110711,1,2,0,958.0
10110074CONDEJ_2026-02-12_G40,10110074CONDEJ,2026-02-12,117809,1,4,0,446.0
10110074CONDEJ_2026-02-12_G42,10110074CONDEJ,2026-02-12,110841,1,3,0,73.0
10110074CONDEJ_2026-02-12_G43,10110074CONDEJ,2026-02-12,111467,1,120,0,972.0
10110074CONDEJ_2026-02-12_G44,10110074CONDEJ,2026-02-12,141066,1,10,0,199.0
10110074CONDEJ_2026-02-12_G45,10110074CONDEJ,2026-02-12,110787,1,64,0,211.0
10110074CONDEJ_2026-02-12_G46,10110074CONDEJ,2026-02-12,108794,1,62,0,718.0
10110074CONDEJ_2026-02-12_G47,10110074CONDEJ,2026-02-12,141456,1,220,0,308.0
10110074CONDEJ_2026-02-16_G02,10110074CONDEJ,2026-02-16,117862,1,1,0,93.0
10110074CONDEJ_2026-02-16_G03,10110074CONDEJ,2026-02-16,110339,1,1,0,757.0
10110074CONDEJ_2026-02-16_G04,10110074CONDEJ,2026-02-16,117854,1,4,0,447.0
10110074CONDEJ_2026-02-16_G05,10110074CONDEJ,2026-02-16,141166,1,4,0,363.0
10110074CONDEJ_2026-02-16_G06,10110074CONDEJ,2026-02-16,108795,1,1,0,1152.0
10110074CONDEJ_2026-02-16_G07,10110074CONDEJ,2026-02-16,108711,1,8,0,221.0
10110074CONDEJ_2026-02-16_G08,10110074CONDEJ,2026-02-16,107236,1,2,0,101.0
10110074CONDEJ_2026-02-16_G09,10110074CONDEJ,2026-02-16,111442,1,4,0,60.0
10110074CONDEJ_2026-02-16_G10,10110074CONDEJ,2026-02-16,117787,1,2,0,73.0
10110074CONDEJ_2026-02-16_G11,10110074CONDEJ,2026-02-16,110740,1,2,0,42.0
10110074CONDEJ_2026-02-16_G12,10110074CONDEJ,2026-02-16,111463,1,9,0,75.0
10110074CONDEJ_2026-02-16_G13,10110074CONDEJ,2026-02-16,117832,1,6,0,189.0
10110074CONDEJ_2026-02-16_G14,10110074CONDEJ,2026-02-16,110375,1,4,0,147.0
10110074CONDEJ_2026-02-16_G15,10110074CONDEJ,2026-02-16,117830,1,4,0,901.0
10110074CONDEJ_2026-02-16_G16,10110074CONDEJ,2026-02-16,142080,1,2,0,1954.0
10110074CONDEJ_2026-02-16_G17,10110074CONDEJ,2026-02-16,110372,1,181,0,1428.0
10110074CONDEJ_2026-02-16_G18,10110074CONDEJ,2026-02-16,117854,1,4,0,1922.0
10110074CONDEJ_2026-02-16_G19,10110074CONDEJ,2026-02-16,111199,1,2,0,108.0
10110074CONDEJ_2026-02-16_G20,10110074CONDEJ,2026-02-16,110339,1,4,0,175.0
10110074CONDEJ_2026-02-16_G21,10110074CONDEJ,2026-02-16,108957,1,4,0,308.0
10110074CONDEJ_2026-02-16_G22,10110074CONDEJ,2026-02-16,110841,1,6,0,134.0
10110074CONDEJ_2026-02-16_G24,10110074CONDEJ,2026-02-16,111120,2,5,10,73.0
10110074CONDEJ_2026-02-16_G25,10110074CONDEJ,2026-02-16,109641,1,5,0,342.0
10110074CONDEJ_2026-02-16_G26,10110074CONDEJ,2026-02-16,108795,1,59,0,419.0
10110074CONDEJ_2026-02-16_G27,10110074CONDEJ,2026-02-16,111348,1,10,0,250.0
10110074CONDEJ_2026-02-16_G28,10110074CONDEJ,2026-02-16,108711,1,19,0,248.0
10110074CONDEJ_2026-02-16_G29,10110074CONDEJ,2026-02-16,117841,1,7,0,659.0
10110074CONDEJ_2026-02-16_G30,10110074CONDEJ,2026-02-16,117831,2,41,17,285.0
10110074CONDEJ_2026-02-16_G31,10110074CONDEJ,2026-02-16,141271,1,12,0,156.0
10110074CONDEJ_2026-02-16_G32,10110074CONDEJ,2026-02-16,111465,1,5,0,186.0
10110074CONDEJ_2026-02-16_G33,10110074CONDEJ,2026-02-16,111465,1,41,0,34.0
10110074CONDEJ_2026-02-16_G34,10110074CONDEJ,2026-02-16,111435,1,30,0,492.0
10110074CONDEJ_2026-02-16_G35,10110074CONDEJ,2026-02-16,111435,1,42,0,32.0
10110074CONDEJ_2026-02-16_G36,10110074CONDEJ,2026-02-16,117835,1,6,0,2027.0
10110074CONDEJ_2026-02-16_G37,10110074CONDEJ,2026-02-16,141352,1,59,0,348.0
10110074CONDEJ_2026-02-16_G38,10110074CONDEJ,2026-02-16,117785,1,57,0,2592.0
10110074CONDEJ_2026-02-16_G39,10110074CONDEJ,2026-02-16,117785,1,60,0,31.0
10110074CONDEJ_2026-02-16_G40,10110074CONDEJ,2026-02-16,111468,1,30,0,829.0
10110074CONDEJ_2026-02-16_G41,10110074CONDEJ,2026-02-16,117831,1,24,0,690.0
10110074CONDEJ_2026-02-17_G02,10110074CONDEJ,2026-02-17,108770,1,34,0,924.0
10110074CONDEJ_2026-02-17_G03,10110074CONDEJ,2026-02-17,111655,1,70,0,985.0
10110074CONDEJ_2026-02-17_G04,10110074CONDEJ,2026-02-17,111445,1,1,0,60.0
10110074CONDEJ_2026-02-17_G05,10110074CONDEJ,2026-02-17,111439,1,87,0,771.0
10110074CONDEJ_2026-02-17_G06,10110074CONDEJ,2026-02-17,110745,1,1,0,2934.0
10110074CONDEJ_2026-02-17_G07,10110074CONDEJ,2026-02-17,109641,1,20,0,211.0
10110074CONDEJ_2026-02-17_G08,10110074CONDEJ,2026-02-17,118140,3,82,17,315.0
10110074CONDEJ_2026-02-17_G09,10110074CONDEJ,2026-02-17,111172,1,15,0,865.0
10110074CONDEJ_2026-02-17_G10,10110074CONDEJ,2026-02-17,111446,1,40,0,205.0
10110074CONDEJ_2026-02-17_G11,10110074CONDEJ,2026-02-17,105705,1,17,0,527.0
10110074CONDEJ_2026-02-17_G12,10110074CONDEJ,2026-02-17,141458,1,4,0,829.0
10110074CONDEJ_2026-02-17_G13,10110074CONDEJ,2026-02-17,110787,1,6,0,103.0
10110074CONDEJ_2026-02-17_G14,10110074CONDEJ,2026-02-17,118306,1,4,0,1064.0
10110074CONDEJ_2026-02-17_G15,10110074CONDEJ,2026-02-17,110747,1,4,0,31.0
10110074CONDEJ_2026-02-17_G16,10110074CONDEJ,2026-02-17,142045,1,2,0,231.0
10110074CONDEJ_2026-02-17_G18,10110074CONDEJ,2026-02-17,140923,1,6,0,342.0
10110074CONDEJ_2026-02-17_G19,10110074CONDEJ,2026-02-17,107629,1,2,0,298.0
10110074CONDEJ_2026-02-17_G20,10110074CONDEJ,2026-02-17,111602,1,5,0,539.0
10110074CONDEJ_2026-02-17_G21,10110074CONDEJ,2026-02-17,"141066, 117855",2,2,16,98.0
10110074CONDEJ_2026-02-17_G22,10110074CONDEJ,2026-02-17,111530,1,4,0,763.0
10110074CONDEJ_2026-02-17_G23,10110074CONDEJ,2026-02-17,110787,1,2,0,52.0
10110074CONDEJ_2026-02-17_G24,10110074CONDEJ,2026-02-17,110747,1,2,0,1984.0
10110074CONDEJ_2026-02-17_G25,10110074CONDEJ,2026-02-17,111569,1,4,0,91.0
10110074CONDEJ_2026-02-17_G26,10110074CONDEJ,2026-02-17,117830,1,4,0,109.0
10110074CONDEJ_2026-02-17_G27,10110074CONDEJ,2026-02-17,117856,1,2,0,169.0
10110074CONDEJ_2026-02-17_G28,10110074CONDEJ,2026-02-17,"110374, 110372, 111468",4,16,73,3528.0
10110074CONDEJ_2026-02-18_G02,10110074CONDEJ,2026-02-18,118285,1,6,0,1369.0
10110074CONDEJ_2026-02-18_G03,10110074CONDEJ,2026-02-18,111348,1,20,0,103.0
10110074CONDEJ_2026-02-18_G04,10110074CONDEJ,2026-02-18,117821,1,30,0,42.0
10110074CONDEJ_2026-02-19_G02,10110074CONDEJ,2026-02-19,110752,1,4,0,94.0
10110074CONDEJ_2026-02-19_G03,10110074CONDEJ,2026-02-19,110750,1,3,0,97.0
10110074CONDEJ_2026-02-19_G04,10110074CONDEJ,2026-02-19,110741,1,2,0,185.0
10110074CONDEJ_2026-02-19_G05,10110074CONDEJ,2026-02-19,118094,1,2,0,308.0
10110074CONDEJ_2026-02-19_G06,10110074CONDEJ,2026-02-19,"109647, 111879, 141166",3,8,24,76.0
10110074CONDEJ_2026-02-19_G08,10110074CONDEJ,2026-02-19,117808,1,4,0,67.0
10110074CONDEJ_2026-02-19_G09,10110074CONDEJ,2026-02-19,110372,1,12,0,178.0
10110074CONDEJ_2026-02-19_G10,10110074CONDEJ,2026-02-19,140923,1,5,0,312.0
10110074CONDEJ_2026-02-20_G02,10110074CONDEJ,2026-02-20,111469,1,4,0,202.0
10110074CONDEJ_2026-02-20_G03,10110074CONDEJ,2026-02-20,111532,1,2,0,407.0
10110074CONDEJ_2026-02-20_G04,10110074CONDEJ,2026-02-20,141313,1,2,0,222.0
10110074CONDEJ_2026-02-20_G05,10110074CONDEJ,2026-02-20,109640,1,4,0,188.0
10110074CONDEJ_2026-02-20_G06,10110074CONDEJ,2026-02-20,111532,1,2,0,94.0
10110074CONDEJ_2026-02-20_G07,10110074CONDEJ,2026-02-20,107830,1,2,0,1007.0
10110074CONDEJ_2026-02-20_G08,10110074CONDEJ,2026-02-20,117809,1,2,0,179.0
10110074CONDEJ_2026-02-20_G09,10110074CONDEJ,2026-02-20,109648,1,1,0,128.0
10110074CONDEJ_2026-02-20_G10,10110074CONDEJ,2026-02-20,110371,1,1,0,47.0
10110074CONDEJ_2026-02-20_G11,10110074CONDEJ,2026-02-20,117820,1,6,0,60.0
10110074CONDEJ_2026-02-20_G12,10110074CONDEJ,2026-02-20,110325,1,2,0,167.0
10110074CONDEJ_2026-02-20_G13,10110074CONDEJ,2026-02-20,110373,1,1,0,131.0
10110074CONDEJ_2026-02-20_G14,10110074CONDEJ,2026-02-20,110372,1,4,0,183.0
10110074CONDEJ_2026-02-20_G15,10110074CONDEJ,2026-02-20,117830,1,3,0,381.0
10110074CONDEJ_2026-02-20_G16,10110074CONDEJ,2026-02-20,110374,1,2,0,1582.0
10110074CONDEJ_2026-02-20_G17,10110074CONDEJ,2026-02-20,110371,1,1,0,67.0
10110074CONDEJ_2026-02-20_G18,10110074CONDEJ,2026-02-20,110325,1,4,0,293.0
10110074CONDEJ_2026-02-20_G19,10110074CONDEJ,2026-02-20,110373,1,4,0,297.0
10110074CONDEJ_2026-02-20_G20,10110074CONDEJ,2026-02-20,117830,1,7,0,95.0
10110074CONDEJ_2026-02-21_G02,10110074CONDEJ,2026-02-21,111348,1,20,0,120.0
10110074CONDEJ_2026-02-21_G03,10110074CONDEJ,2026-02-21,111532,1,30,0,159.0
10110074CONDEJ_2026-02-21_G04,10110074CONDEJ,2026-02-21,117821,1,8,0,377.0
10110074CONDEJ_2026-02-21_G05,10110074CONDEJ,2026-02-21,111743,1,68,0,223.0
10110074CONDEJ_2026-02-21_G06,10110074CONDEJ,2026-02-21,111330,1,2,0,34.0
10110074CONDEJ_2026-02-21_G07,10110074CONDEJ,2026-02-21,111172,1,10,0,313.0
10110074CONDEJ_2026-02-21_G08,10110074CONDEJ,2026-02-21,142093,1,29,0,119.0
10110074CONDEJ_2026-02-21_G09,10110074CONDEJ,2026-02-21,117838,1,27,0,173.0
10110074CONDEJ_2026-02-21_G10,10110074CONDEJ,2026-02-21,111468,1,1,0,152.0
10110074CONDEJ_2026-02-21_G11,10110074CONDEJ,2026-02-21,110374,1,16,0,217.0
10110074CONDEJ_2026-02-21_G12,10110074CONDEJ,2026-02-21,110373,1,50,0,306.0
10110074CONDEJ_2026-02-21_G13,10110074CONDEJ,2026-02-21,107830,1,9,0,322.0
10110074CONDEJ_2026-02-21_G14,10110074CONDEJ,2026-02-21,160057,1,30,0,589.0
10110074CONDEJ_2026-02-21_G15,10110074CONDEJ,2026-02-21,160051,1,20,0,388.0
10110074CONDEJ_2026-02-21_G16,10110074CONDEJ,2026-02-21,111443,1,11,0,280.0
10110074CONDEJ_2026-02-21_G17,10110074CONDEJ,2026-02-21,111469,1,6,0,224.0
10110074CONDEJ_2026-02-21_G18,10110074CONDEJ,2026-02-21,110755,1,4,0,281.0
10110074CONDEJ_2026-02-21_G20,10110074CONDEJ,2026-02-21,109640,1,18,0,1347.0
10110074CONDEJ_2026-02-21_G21,10110074CONDEJ,2026-02-21,142045,1,45,0,886.0
10110074CONDEJ_2026-02-23_G02,10110074CONDEJ,2026-02-23,109640,1,7,0,141.0
10110074CONDEJ_2026-02-23_G03,10110074CONDEJ,2026-02-23,111602,1,12,0,141.0
10110074CONDEJ_2026-02-23_G04,10110074CONDEJ,2026-02-23,117853,1,4,0,906.0
10110074CONDEJ_2026-02-23_G05,10110074CONDEJ,2026-02-23,142045,1,4,0,118.0
10110074CONDEJ_2026-02-23_G06,10110074CONDEJ,2026-02-23,118317,1,5,0,404.0
10110074CONDEJ_2026-02-23_G07,10110074CONDEJ,2026-02-23,111469,1,4,0,162.0
10110074CONDEJ_2026-02-23_G08,10110074CONDEJ,2026-02-23,111602,1,6,0,431.0
10110074CONDEJ_2026-02-23_G09,10110074CONDEJ,2026-02-23,111330,1,2,0,87.0
10110074CONDEJ_2026-02-23_G10,10110074CONDEJ,2026-02-23,142045,1,6,0,287.0
10110074CONDEJ_2026-02-23_G11,10110074CONDEJ,2026-02-23,118317,1,6,0,438.0
10110074CONDEJ_2026-02-23_G12,10110074CONDEJ,2026-02-23,109640,1,4,0,608.0
10110074CONDEJ_2026-02-23_G13,10110074CONDEJ,2026-02-23,111330,4,16,27,150.0
10110074CONDEJ_2026-02-23_G14,10110074CONDEJ,2026-02-23,142045,1,6,0,202.0
10110074CONDEJ_2026-02-23_G15,10110074CONDEJ,2026-02-23,118317,1,4,0,77.0
10110074CONDEJ_2026-02-23_G16,10110074CONDEJ,2026-02-23,111469,1,2,0,115.0
10110074CONDEJ_2026-02-23_G17,10110074CONDEJ,2026-02-23,117808,1,100,0,855.0
10110074CONDEJ_2026-02-23_G18,10110074CONDEJ,2026-02-23,118299,2,216,27,1276.0
10110074CONDEJ_2026-02-23_G19,10110074CONDEJ,2026-02-23,110372,1,87,0,2126.0
10110074CONDEJ_2026-02-24_G02,10110074CONDEJ,2026-02-24,111602,1,8,0,346.0
10110074CONDEJ_2026-02-24_G03,10110074CONDEJ,2026-02-24,111602,1,3,0,79.0
10110074CONDEJ_2026-02-24_G04,10110074CONDEJ,2026-02-24,117832,1,8,0,202.0
10110074CONDEJ_2026-02-24_G05,10110074CONDEJ,2026-02-24,117808,1,60,0,1002.0
10110074CONDEJ_2026-02-24_G06,10110074CONDEJ,2026-02-24,111602,1,4,0,277.0
10110074CONDEJ_2026-02-24_G07,10110074CONDEJ,2026-02-24,111602,1,30,0,2052.0
10110074CONDEJ_2026-02-24_G08,10110074CONDEJ,2026-02-24,140911,1,12,0,2092.0
10110074CONDEJ_2026-02-25_G02,10110074CONDEJ,2026-02-25,110787,1,50,0,1894.0
10110074CONDEJ_2026-02-25_G03,10110074CONDEJ,2026-02-25,141823,2,100,15,583.0
10110074CONDEJ_2026-02-25_G04,10110074CONDEJ,2026-02-25,109645,1,36,0,770.0
10110074CONDEJ_2026-02-25_G05,10110074CONDEJ,2026-02-25,141457,1,40,0,443.0
10110074CONDEJ_2026-02-25_G06,10110074CONDEJ,2026-02-25,140923,1,50,0,833.0
10110074CONDEJ_2026-02-25_G07,10110074CONDEJ,2026-02-25,118094,1,36,0,1164.0
10110074CONDEJ_2026-02-25_G08,10110074CONDEJ,2026-02-25,107629,1,45,0,108.0
10110074CONDEJ_2026-02-25_G09,10110074CONDEJ,2026-02-25,117862,1,50,0,1053.0
10110074CONDEJ_2026-02-25_G10,10110074CONDEJ,2026-02-25,141352,1,40,0,479.0
10110074CONDEJ_2026-02-25_G11,10110074CONDEJ,2026-02-25,110372,1,500,0,2731.0
10110074CONDEJ_2026-02-26_G02,10110074CONDEJ,2026-02-26,107892,2,4,6,98.0
10110074CONDEJ_2026-02-26_G03,10110074CONDEJ,2026-02-26,117861,1,2,0,71.0
10110074CONDEJ_2026-02-26_G04,10110074CONDEJ,2026-02-26,109643,1,4,0,170.0
10110074CONDEJ_2026-02-26_G05,10110074CONDEJ,2026-02-26,118290,1,1,0,93.0
10110074CONDEJ_2026-02-26_G06,10110074CONDEJ,2026-02-26,109643,1,4,0,225.0
10110074CONDEJ_2026-02-26_G07,10110074CONDEJ,2026-02-26,111430,1,4,0,687.0
10110074CONDEJ_2026-02-26_G08,10110074CONDEJ,2026-02-26,111445,1,2,0,92.0
10110074CONDEJ_2026-02-26_G09,10110074CONDEJ,2026-02-26,118290,1,3,0,171.0
10110074CONDEJ_2026-02-26_G10,10110074CONDEJ,2026-02-26,108770,1,2,0,66.0
10110074CONDEJ_2026-02-26_G11,10110074CONDEJ,2026-02-26,110755,1,2,0,72.0
10110074CONDEJ_2026-02-26_G12,10110074CONDEJ,2026-02-26,142045,1,6,0,80.0
10110074CONDEJ_2026-02-26_G13,10110074CONDEJ,2026-02-26,110752,1,4,0,273.0
10110074CONDEJ_2026-02-26_G14,10110074CONDEJ,2026-02-26,109647,1,1,0,178.0
10110074CONDEJ_2026-02-26_G15,10110074CONDEJ,2026-02-26,117862,1,3,0,64.0
10110074CONDEJ_2026-02-26_G16,10110074CONDEJ,2026-02-26,141047,1,4,0,59.0
10110074CONDEJ_2026-02-26_G17,10110074CONDEJ,2026-02-26,111602,1,7,0,126.0
10110074CONDEJ_2026-02-26_G18,10110074CONDEJ,2026-02-26,117856,1,12,0,1126.0
10110074CONDEJ_2026-02-26_G19,10110074CONDEJ,2026-02-26,117809,1,2,0,122.0
10110074CONDEJ_2026-02-26_G20,10110074CONDEJ,2026-02-26,110371,1,20,0,361.0
10110074CONDEJ_2026-02-26_G21,10110074CONDEJ,2026-02-26,117820,1,4,0,67.0
10110074CONDEJ_2026-02-26_G22,10110074CONDEJ,2026-02-26,110325,1,6,0,87.0
10110074CONDEJ_2026-02-26_G23,10110074CONDEJ,2026-02-26,117808,1,10,0,135.0
10110074CONDEJ_2026-02-26_G24,10110074CONDEJ,2026-02-26,110748,1,2,0,1570.0
10110074CONDEJ_2026-02-26_G25,10110074CONDEJ,2026-02-26,118317,1,4,0,604.0
10110074CONDEJ_2026-02-26_G26,10110074CONDEJ,2026-02-26,116241,1,1,0,81.0
10110074CONDEJ_2026-02-26_G27,10110074CONDEJ,2026-02-26,111330,1,4,0,97.0
10110074CONDEJ_2026-02-26_G28,10110074CONDEJ,2026-02-26,111466,1,8,0,159.0
10110074CONDEJ_2026-02-26_G29,10110074CONDEJ,2026-02-26,142093,1,4,0,60.0
10110074CONDEJ_2026-02-26_G30,10110074CONDEJ,2026-02-26,117831,1,6,0,87.0
10110074CONDEJ_2026-02-26_G31,10110074CONDEJ,2026-02-26,111442,1,6,0,63.0
10110074CONDEJ_2026-02-26_G32,10110074CONDEJ,2026-02-26,117838,1,2,0,58.0
10110074CONDEJ_2026-02-26_G33,10110074CONDEJ,2026-02-26,109645,1,4,0,39.0
10110074CONDEJ_2026-02-26_G34,10110074CONDEJ,2026-02-26,142093,1,2,0,159.0
10110074CONDEJ_2026-02-26_G35,10110074CONDEJ,2026-02-26,140911,1,4,0,389.0
10110074CONDEJ_2026-02-26_G36,10110074CONDEJ,2026-02-26,140911,1,2,0,358.0
10110074CONDEJ_2026-02-26_G37,10110074CONDEJ,2026-02-26,111602,1,20,0,138.0
10110074CONDEJ_2026-02-26_G38,10110074CONDEJ,2026-02-26,111602,1,40,0,750.0
10110074CONDEJ_2026-02-26_G39,10110074CONDEJ,2026-02-26,109643,1,2,0,133.0
10110074CONDEJ_2026-02-26_G40,10110074CONDEJ,2026-02-26,110313,2,6,7,53.0
10110074CONDEJ_2026-02-26_G41,10110074CONDEJ,2026-02-26,110313,1,12,0,108.0
10110074CONDEJ_2026-02-26_G42,10110074CONDEJ,2026-02-26,111602,1,20,0,467.0
10110074CONDEJ_2026-02-26_G43,10110074CONDEJ,2026-02-26,118290,1,1,0,159.0
10110074CONDEJ_2026-02-26_G44,10110074CONDEJ,2026-02-26,110711,1,2,0,116.0
10110074CONDEJ_2026-02-26_G46,10110074CONDEJ,2026-02-26,111418,1,8,0,229.0
10110074CONDEJ_2026-02-26_G47,10110074CONDEJ,2026-02-26,111466,1,4,0,80.0
10110074CONDEJ_2026-02-26_G48,10110074CONDEJ,2026-02-26,110371,1,4,0,120.0
10110074CONDEJ_2026-02-26_G49,10110074CONDEJ,2026-02-26,109647,1,8,0,124.0
10110074CONDEJ_2026-02-26_G50,10110074CONDEJ,2026-02-26,109641,1,20,0,130.0
10110074CONDEJ_2026-02-26_G51,10110074CONDEJ,2026-02-26,117861,1,8,0,1977.0
10110074CONDEJ_2026-02-26_G52,10110074CONDEJ,2026-02-26,117808,1,2,0,106.0
10110074CONDEJ_2026-02-26_G53,10110074CONDEJ,2026-02-26,107892,1,4,0,468.0
10110074CONDEJ_2026-02-26_G54,10110074CONDEJ,2026-02-26,111602,1,14,0,155.0
10110074CONDEJ_2026-02-26_G55,10110074CONDEJ,2026-02-26,142093,1,2,0,238.0
10110074CONDEJ_2026-02-26_G56,10110074CONDEJ,2026-02-26,110582,1,6,0,830.0
10110074CONDEJ_2026-02-26_G57,10110074CONDEJ,2026-02-26,118094,1,6,0,355.0
10110074CONDEJ_2026-02-26_G58,10110074CONDEJ,2026-02-26,111532,1,10,0,255.0
10110074CONDEJ_2026-02-26_G59,10110074CONDEJ,2026-02-26,141456,1,4,0,110.0
10110074CONDEJ_2026-02-26_G60,10110074CONDEJ,2026-02-26,118094,1,6,0,579.0
10110074CONDEJ_2026-02-26_G61,10110074CONDEJ,2026-02-26,111462,1,10,0,1679.0
10110074CONDEJ_2026-02-26_G62,10110074CONDEJ,2026-02-26,109643,1,4,0,118.0
10110074CONDEJ_2026-02-27_G02,10110074CONDEJ,2026-02-27,108794,1,18,0,501.0
10110074CONDEJ_2026-02-27_G03,10110074CONDEJ,2026-02-27,117785,1,25,0,154.0
10110074CONDEJ_2026-02-27_G04,10110074CONDEJ,2026-02-27,110751,1,12,0,75.0
10110074CONDEJ_2026-02-27_G05,10110074CONDEJ,2026-02-27,111743,1,166,0,324.0
10110074CONDEJ_2026-02-27_G06,10110074CONDEJ,2026-02-27,118330,1,11,0,447.0
10110074CONDEJ_2026-02-27_G07,10110074CONDEJ,2026-02-27,108711,1,20,0,87.0
10110074CONDEJ_2026-02-27_G08,10110074CONDEJ,2026-02-27,111466,1,28,0,140.0
10110074CONDEJ_2026-02-27_G09,10110074CONDEJ,2026-02-27,142080,1,3,0,89.0
10110074CONDEJ_2026-02-27_G10,10110074CONDEJ,2026-02-27,109641,1,17,0,160.0
10110074CONDEJ_2026-02-27_G11,10110074CONDEJ,2026-02-27,111418,1,60,0,343.0
10110074CONDEJ_2026-02-27_G12,10110074CONDEJ,2026-02-27,109645,1,10,0,205.0
10110074CONDEJ_2026-02-27_G13,10110074CONDEJ,2026-02-27,111433,1,5,0,485.0
10110074CONDEJ_2026-02-27_G14,10110074CONDEJ,2026-02-27,111431,1,10,0,78.0
10110074CONDEJ_2026-02-27_G15,10110074CONDEJ,2026-02-27,117329,1,12,0,100.0
10110074CONDEJ_2026-02-27_G16,10110074CONDEJ,2026-02-27,110740,1,3,0,40.0
10110074CONDEJ_2026-02-27_G17,10110074CONDEJ,2026-02-27,111463,1,114,0,510.0
10110074CONDEJ_2026-02-27_G18,10110074CONDEJ,2026-02-27,118277,1,11,0,307.0
10110074CONDEJ_2026-02-27_G19,10110074CONDEJ,2026-02-27,118271,1,4,0,177.0
10110074CONDEJ_2026-02-27_G20,10110074CONDEJ,2026-02-27,110374,1,57,0,298.0
10110074CONDEJ_2026-02-27_G21,10110074CONDEJ,2026-02-27,117809,1,122,0,368.0
10110074CONDEJ_2026-02-27_G22,10110074CONDEJ,2026-02-27,110325,1,32,0,342.0
10110074CONDEJ_2026-02-27_G23,10110074CONDEJ,2026-02-27,110752,1,8,0,2491.0
10110074CONDEJ_2026-02-27_G24,10110074CONDEJ,2026-02-27,110750,1,3,0,109.0
10110074CONDEJ_2026-02-27_G25,10110074CONDEJ,2026-02-27,110313,1,2,0,234.0
10110074CONDEJ_2026-02-27_G26,10110074CONDEJ,2026-02-27,111439,1,4,0,65.0
10110074CONDEJ_2026-02-27_G27,10110074CONDEJ,2026-02-27,110741,1,4,0,71.0
10110074CONDEJ_2026-02-27_G28,10110074CONDEJ,2026-02-27,111530,1,6,0,410.0
10110074CONDEJ_2026-02-27_G29,10110074CONDEJ,2026-02-27,109640,1,4,0,610.0
10110074CONDEJ_2026-02-27_G30,10110074CONDEJ,2026-02-27,118094,1,4,0,86.0
10110074CONDEJ_2026-02-27_G31,10110074CONDEJ,2026-02-27,109647,1,4,0,464.0
10110074CONDEJ_2026-02-27_G32,10110074CONDEJ,2026-02-27,117861,1,2,0,228.0
10110074CONDEJ_2026-02-27_G33,10110074CONDEJ,2026-02-27,111879,1,1,0,380.0
10110074CONDEJ_2026-02-27_G34,10110074CONDEJ,2026-02-27,117809,1,2,0,478.0
10110074CONDEJ_2026-02-27_G35,10110074CONDEJ,2026-02-27,118299,1,10,0,165.0
10110074CONDEJ_2026-02-27_G36,10110074CONDEJ,2026-02-27,117808,1,10,0,99.0
10110074CONDEJ_2026-02-27_G37,10110074CONDEJ,2026-02-27,117832,1,3,0,54.0
10110074CONDEJ_2026-02-27_G38,10110074CONDEJ,2026-02-27,110372,1,16,0,179.0
10110074CONDEJ_2026-02-27_G40,10110074CONDEJ,2026-02-27,116241,1,4,0,305.0
10110074CONDEJ_2026-02-27_G41,10110074CONDEJ,2026-02-27,108795,1,1,0,157.0
10110074CONDEJ_2026-02-27_G42,10110074CONDEJ,2026-02-27,111466,1,4,0,93.0
10110074CONDEJ_2026-02-27_G43,10110074CONDEJ,2026-02-27,111462,2,16,14,77.0
10110074CONDEJ_2026-02-27_G44,10110074CONDEJ,2026-02-27,142080,1,4,0,122.0
10110074CONDEJ_2026-02-27_G45,10110074CONDEJ,2026-02-27,141271,1,4,0,56.0
10110074CONDEJ_2026-02-27_G46,10110074CONDEJ,2026-02-27,111463,1,8,0,2457.0
10110074CONDEJ_2026-02-27_G47,10110074CONDEJ,2026-02-27,117838,1,2,0,142.0
10110074CONDEJ_2026-02-27_G48,10110074CONDEJ,2026-02-27,111465,3,7,14,121.0
10110074CONDEJ_2026-02-27_G49,10110074CONDEJ,2026-02-27,111469,1,20,0,170.0
10110074CONDEJ_2026-02-27_G50,10110074CONDEJ,2026-02-27,141458,1,4,0,97.0
10110074CONDEJ_2026-02-27_G51,10110074CONDEJ,2026-02-27,117786,1,1,0,317.0
10110074CONDEJ_2026-03-03_G02,10110074CONDEJ,2026-03-03,140911,1,8,0,156.0
10110074CONDEJ_2026-03-03_G03,10110074CONDEJ,2026-03-03,110733,1,4,0,188.0
10110074CONDEJ_2026-03-03_G04,10110074CONDEJ,2026-03-03,141286,1,1,0,165.0
10110074CONDEJ_2026-03-03_G05,10110074CONDEJ,2026-03-03,110733,1,2,0,780.0
10110074CONDEJ_2026-03-03_G06,10110074CONDEJ,2026-03-03,110733,1,4,0,42.0
10110074CONDEJ_2026-03-03_G07,10110074CONDEJ,2026-03-03,118304,1,4,0,352.0
10110074CONDEJ_2026-03-03_G08,10110074CONDEJ,2026-03-03,140922,1,4,0,2190.0
10110074CONDEJ_2026-03-03_G09,10110074CONDEJ,2026-03-03,117842,1,4,0,57.0
10110074CONDEJ_2026-03-03_G10,10110074CONDEJ,2026-03-03,108794,1,4,0,55.0
10110074CONDEJ_2026-03-03_G11,10110074CONDEJ,2026-03-03,111466,1,4,0,124.0
10110074CONDEJ_2026-03-03_G12,10110074CONDEJ,2026-03-03,142093,1,8,0,64.0
10110074CONDEJ_2026-03-03_G13,10110074CONDEJ,2026-03-03,108798,1,4,0,109.0
10110074CONDEJ_2026-03-03_G14,10110074CONDEJ,2026-03-03,117838,1,2,0,41.0
10110074CONDEJ_2026-03-03_G15,10110074CONDEJ,2026-03-03,111468,1,3,0,42.0
10110074CONDEJ_2026-03-03_G16,10110074CONDEJ,2026-03-03,111431,1,4,0,53.0
10110074CONDEJ_2026-03-04_G02,10110074CONDEJ,2026-03-04,141047,1,3,0,121.0
10110074CONDEJ_2026-03-04_G03,10110074CONDEJ,2026-03-04,111879,1,1,0,44.0
10110074CONDEJ_2026-03-04_G04,10110074CONDEJ,2026-03-04,110756,1,4,0,74.0
10110074CONDEJ_2026-03-04_G05,10110074CONDEJ,2026-03-04,141166,1,4,0,94.0
10110074CONDEJ_2026-03-04_G06,10110074CONDEJ,2026-03-04,107892,1,2,0,96.0
10110074CONDEJ_2026-03-04_G07,10110074CONDEJ,2026-03-04,117820,1,9,0,218.0
10110074CONDEJ_2026-03-04_G08,10110074CONDEJ,2026-03-04,110376,1,3,0,95.0
10110074CONDEJ_2026-03-04_G09,10110074CONDEJ,2026-03-04,118299,1,12,0,242.0
10110074CONDEJ_2026-03-05_G02,10110074CONDEJ,2026-03-05,111723,1,8,0,404.0
10110074CONDEJ_2026-03-05_G03,10110074CONDEJ,2026-03-05,111722,1,10,0,143.0
10110074CONDEJ_2026-03-05_G04,10110074CONDEJ,2026-03-05,118191,1,30,0,189.0
10110074CONDEJ_2026-03-05_G05,10110074CONDEJ,2026-03-05,111751,1,8,0,68.0
10110074CONDEJ_2026-03-05_G06,10110074CONDEJ,2026-03-05,111532,1,12,0,1079.0
10110074CONDEJ_2026-03-05_G07,10110074CONDEJ,2026-03-05,116241,1,2,0,70.0
10110074CONDEJ_2026-03-05_G08,10110074CONDEJ,2026-03-05,111466,1,20,0,51.0
10110074CONDEJ_2026-03-05_G09,10110074CONDEJ,2026-03-05,142093,1,50,0,215.0
10110074CONDEJ_2026-03-05_G10,10110074CONDEJ,2026-03-05,111446,1,28,0,205.0
10110074CONDEJ_2026-03-05_G11,10110074CONDEJ,2026-03-05,142080,1,5,0,154.0
10110074CONDEJ_2026-03-05_G12,10110074CONDEJ,2026-03-05,111418,1,40,0,478.0
10110074CONDEJ_2026-03-05_G13,10110074CONDEJ,2026-03-05,109645,1,13,0,473.0
10110074CONDEJ_2026-03-05_G14,10110074CONDEJ,2026-03-05,141457,1,40,0,263.0
10110074CONDEJ_2026-03-05_G15,10110074CONDEJ,2026-03-05,141458,1,12,0,125.0
10110074CONDEJ_2026-03-05_G16,10110074CONDEJ,2026-03-05,118094,1,16,0,1901.0
10110074CONDEJ_2026-03-05_G17,10110074CONDEJ,2026-03-05,140911,1,2,0,151.0
10110074CONDEJ_2026-03-05_G19,10110074CONDEJ,2026-03-05,110374,1,50,0,756.0
10110074CONDEJ_2026-03-05_G20,10110074CONDEJ,2026-03-05,109648,1,4,0,71.0
10110074CONDEJ_2026-03-05_G21,10110074CONDEJ,2026-03-05,117822,1,20,0,214.0
10110074CONDEJ_2026-03-05_G23,10110074CONDEJ,2026-03-05,117820,1,100,0,558.0
10110074CONDEJ_2026-03-05_G24,10110074CONDEJ,2026-03-05,110325,1,20,0,403.0
10110074CONDEJ_2026-03-05_G25,10110074CONDEJ,2026-03-05,141202,1,3,0,68.0
10110074CONDEJ_2026-03-05_G26,10110074CONDEJ,2026-03-05,110373,1,114,0,219.0
10110074CONDEJ_2026-03-05_G27,10110074CONDEJ,2026-03-05,118281,1,2,0,236.0
10110074CONDEJ_2026-03-05_G28,10110074CONDEJ,2026-03-05,110372,1,100,0,163.0
10110074CONDEJ_2026-03-05_G29,10110074CONDEJ,2026-03-05,117808,1,300,0,1676.0
10110074CONDEJ_2026-03-05_G30,10110074CONDEJ,2026-03-05,118299,1,210,0,213.0
10110074CONDEJ_2026-03-05_G31,10110074CONDEJ,2026-03-05,117830,1,40,0,574.0
10110074CONDEJ_2026-03-06_G02,10110074CONDEJ,2026-03-06,118281,1,60,0,308.0
10110074CONDEJ_2026-03-06_G03,10110074CONDEJ,2026-03-06,110752,1,10,0,2103.0
10110074CONDEJ_2026-03-06_G04,10110074CONDEJ,2026-03-06,110733,2,24,20,129.0
10110074CONDEJ_2026-03-06_G05,10110074CONDEJ,2026-03-06,141047,1,12,0,198.0
10110074CONDEJ_2026-03-06_G06,10110074CONDEJ,2026-03-06,117861,1,12,0,136.0
10110074CONDEJ_2026-03-06_G07,10110074CONDEJ,2026-03-06,111467,1,10,0,383.0
10110074CONDEJ_2026-03-06_G08,10110074CONDEJ,2026-03-06,111443,2,12,13,327.0
10110074CONDEJ_2026-03-06_G09,10110074CONDEJ,2026-03-06,141458,1,15,0,486.0
10110074CONDEJ_2026-03-06_G10,10110074CONDEJ,2026-03-06,117808,1,2000,0,2574.0
10110074CONDEJ_2026-03-06_G12,10110074CONDEJ,2026-03-06,117808,1,300,0,828.0
10110074CONDEJ_2026-03-06_G14,10110074CONDEJ,2026-03-06,111439,1,4,0,74.0
10110074CONDEJ_2026-03-06_G15,10110074CONDEJ,2026-03-06,140923,1,90,0,89.0
10110074CONDEJ_2026-03-06_G16,10110074CONDEJ,2026-03-06,110741,1,1,0,536.0
10110074CONDEJ_2026-03-06_G17,10110074CONDEJ,2026-03-06,118094,1,2,0,155.0
10110074CONDEJ_2026-03-06_G18,10110074CONDEJ,2026-03-06,117862,1,4,0,603.0
10110074CONDEJ_2026-03-06_G19,10110074CONDEJ,2026-03-06,111879,1,10,0,349.0
10110074CONDEJ_2026-03-06_G20,10110074CONDEJ,2026-03-06,117856,1,10,0,629.0
10110074CONDEJ_2026-03-06_G21,10110074CONDEJ,2026-03-06,110733,1,53,0,178.0
10110074CONDEJ_2026-03-06_G22,10110074CONDEJ,2026-03-06,110339,1,2,0,276.0
10110074CONDEJ_2026-03-06_G23,10110074CONDEJ,2026-03-06,110063,1,4,0,380.0
10110074CONDEJ_2026-03-07_G02,10110074CONDEJ,2026-03-07,118283,1,10,0,911.0
10110074CONDEJ_2026-03-07_G03,10110074CONDEJ,2026-03-07,110841,1,4,0,62.0
10110074CONDEJ_2026-03-07_G04,10110074CONDEJ,2026-03-07,100334,1,30,0,373.0
10110074CONDEJ_2026-03-07_G05,10110074CONDEJ,2026-03-07,116527,1,4,0,375.0
10110074CONDEJ_2026-03-07_G06,10110074CONDEJ,2026-03-07,141916,1,4,0,577.0
10110074CONDEJ_2026-03-07_G07,10110074CONDEJ,2026-03-07,105359,1,5,0,94.0
10110074CONDEJ_2026-03-07_G08,10110074CONDEJ,2026-03-07,110582,1,2,0,46.0
10110074CONDEJ_2026-03-07_G09,10110074CONDEJ,2026-03-07,117289,1,4,0,228.0
10110074CONDEJ_2026-03-07_G11,10110074CONDEJ,2026-03-07,117831,1,200,0,1865.0
10110074CONDEJ_2026-03-07_G12,10110074CONDEJ,2026-03-07,105705,1,100,0,723.0
10110074CONDEJ_2026-03-07_G13,10110074CONDEJ,2026-03-07,108711,1,30,0,1548.0
10110074CONDEJ_2026-03-07_G14,10110074CONDEJ,2026-03-07,142080,1,10,0,128.0
10110074CONDEJ_2026-03-07_G15,10110074CONDEJ,2026-03-07,111442,1,37,0,869.0
10110074CONDEJ_2026-03-07_G16,10110074CONDEJ,2026-03-07,118306,1,2,0,626.0
10110074CONDEJ_2026-03-07_G17,10110074CONDEJ,2026-03-07,141916,1,2,0,101.0
10110074CONDEJ_2026-03-07_G18,10110074CONDEJ,2026-03-07,141047,1,2,0,3062.0
10110074CONDEJ_2026-03-09_G02,10110074CONDEJ,2026-03-09,140923,2,40,12,426.0
10110074CONDEJ_2026-03-09_G03,10110074CONDEJ,2026-03-09,110741,1,24,0,629.0
10110074CONDEJ_2026-03-09_G04,10110074CONDEJ,2026-03-09,118094,1,16,0,708.0
10110074CONDEJ_2026-03-09_G05,10110074CONDEJ,2026-03-09,111876,1,12,0,660.0
10110074CONDEJ_2026-03-09_G06,10110074CONDEJ,2026-03-09,111602,1,3,0,76.0
10110074CONDEJ_2026-03-09_G07,10110074CONDEJ,2026-03-09,141047,2,28,6,1181.0
10110074CONDEJ_2026-03-09_G08,10110074CONDEJ,2026-03-09,111467,1,6,0,103.0
10110074CONDEJ_2026-03-09_G09,10110074CONDEJ,2026-03-09,111467,1,18,0,206.0
10110074CONDEJ_2026-03-09_G10,10110074CONDEJ,2026-03-09,110740,1,11,0,432.0
10110074CONDEJ_2026-03-09_G11,10110074CONDEJ,2026-03-09,111433,1,12,0,314.0
10110074CONDEJ_2026-03-09_G12,10110074CONDEJ,2026-03-09,111435,1,8,0,110.0
10110074CONDEJ_2026-03-09_G14,10110074CONDEJ,2026-03-09,110372,1,200,0,413.0
10110074CONDEJ_2026-03-10_G02,10110074CONDEJ,2026-03-10,111602,1,154,0,540.0
10110074CONDEJ_2026-03-10_G03,10110074CONDEJ,2026-03-10,111532,1,10,0,369.0
10110074CONDEJ_2026-03-10_G04,10110074CONDEJ,2026-03-10,118299,1,496,0,1497.0
10110074CONDEJ_2026-03-10_G05,10110074CONDEJ,2026-03-10,111759,1,12,0,943.0
10110074CONDEJ_2026-03-10_G06,10110074CONDEJ,2026-03-10,142093,1,1,0,560.0
10110074CONDEJ_2026-03-10_G07,10110074CONDEJ,2026-03-10,109643,1,144,0,1230.0
10110074CONDEJ_2026-03-10_G08,10110074CONDEJ,2026-03-10,107892,1,27,0,211.0
10110074CONDEJ_2026-03-10_G09,10110074CONDEJ,2026-03-10,117834,1,21,0,314.0
10110074CONDEJ_2026-03-10_G10,10110074CONDEJ,2026-03-10,107888,1,92,0,552.0
10110074CONDEJ_2026-03-10_G12,10110074CONDEJ,2026-03-10,117831,1,200,0,871.0
10110074CONDEJ_2026-03-10_G13,10110074CONDEJ,2026-03-10,109647,1,8,0,1303.0
10110074CONDEJ_2026-03-11_G02,10110074CONDEJ,2026-03-11,111743,1,360,0,1521.0
10110074CONDEJ_2026-03-11_G03,10110074CONDEJ,2026-03-11,141271,1,4,0,182.0
10110074CONDEJ_2026-03-11_G04,10110074CONDEJ,2026-03-11,105705,1,50,0,231.0
10110074CONDEJ_2026-03-11_G05,10110074CONDEJ,2026-03-11,117862,1,5,0,2264.0
10110074CONDEJ_2026-03-11_G06,10110074CONDEJ,2026-03-11,117856,1,3,0,205.0
10110074CONDEJ_2026-03-11_G07,10110074CONDEJ,2026-03-11,110895,1,2,0,848.0
10110074CONDEJ_2026-03-11_G08,10110074CONDEJ,2026-03-11,111569,1,14,0,104.0
10110074CONDEJ_2026-03-11_G09,10110074CONDEJ,2026-03-11,110755,1,22,0,254.0
10110074CONDEJ_2026-03-11_G10,10110074CONDEJ,2026-03-11,110742,1,4,0,256.0
10110074CONDEJ_2026-03-11_G11,10110074CONDEJ,2026-03-11,118094,1,9,0,195.0
10110074CONDEJ_2026-03-11_G12,10110074CONDEJ,2026-03-11,109647,1,12,0,225.0
10110074CONDEJ_2026-03-11_G13,10110074CONDEJ,2026-03-11,117855,1,2,0,53.0
10110074CONDEJ_2026-03-11_G14,10110074CONDEJ,2026-03-11,110372,1,42,0,313.0
10110074CONDEJ_2026-03-11_G15,10110074CONDEJ,2026-03-11,110372,1,2,0,109.0
10110074CONDEJ_2026-03-11_G16,10110074CONDEJ,2026-03-11,117820,1,26,0,1822.0
10110074CONDEJ_2026-03-11_G17,10110074CONDEJ,2026-03-11,117808,1,48,0,1895.0
10110074CONDEJ_2026-03-11_G18,10110074CONDEJ,2026-03-11,117809,1,4,0,59.0
10110074CONDEJ_2026-03-11_G19,10110074CONDEJ,2026-03-11,110371,2,14,10,420.0
10110074CONDEJ_2026-03-11_G20,10110074CONDEJ,2026-03-11,110373,1,36,0,279.0
10110074CONDEJ_2026-03-11_G22,10110074CONDEJ,2026-03-11,111532,1,20,0,169.0
10110074CONDEJ_2026-03-11_G23,10110074CONDEJ,2026-03-11,117785,1,10,0,85.0
10110074CONDEJ_2026-03-11_G24,10110074CONDEJ,2026-03-11,111462,1,22,0,106.0
10110074CONDEJ_2026-03-11_G25,10110074CONDEJ,2026-03-11,117821,1,8,0,121.0
10110074CONDEJ_2026-03-11_G26,10110074CONDEJ,2026-03-11,108711,1,3,0,134.0
10110074CONDEJ_2026-03-11_G27,10110074CONDEJ,2026-03-11,111743,1,4,0,94.0
10110074CONDEJ_2026-03-11_G28,10110074CONDEJ,2026-03-11,142080,1,8,0,128.0
10110074CONDEJ_2026-03-11_G29,10110074CONDEJ,2026-03-11,109641,1,12,0,1155.0
10110074CONDEJ_2026-03-11_G30,10110074CONDEJ,2026-03-11,117831,1,3,0,54.0
10110074CONDEJ_2026-03-11_G31,10110074CONDEJ,2026-03-11,111466,1,2,0,42.0
10110074CONDEJ_2026-03-11_G32,10110074CONDEJ,2026-03-11,111465,1,2,0,114.0
10110074CONDEJ_2026-03-11_G33,10110074CONDEJ,2026-03-11,111463,1,37,0,160.0
10110074CONDEJ_2026-03-11_G34,10110074CONDEJ,2026-03-11,141457,1,2,0,66.0
10110074CONDEJ_2026-03-11_G35,10110074CONDEJ,2026-03-11,111469,1,26,0,171.0
10110074CONDEJ_2026-03-11_G36,10110074CONDEJ,2026-03-11,111469,1,2,0,140.0
10110074CONDEJ_2026-03-11_G37,10110074CONDEJ,2026-03-11,141458,1,5,0,321.0
10110074CONDEJ_2026-03-11_G38,10110074CONDEJ,2026-03-11,111418,1,48,0,256.0
10110074CONDEJ_2026-03-11_G39,10110074CONDEJ,2026-03-11,117837,1,4,0,1488.0
10110074CONDEJ_2026-03-11_G40,10110074CONDEJ,2026-03-11,117820,1,10,0,3106.0
10110074CONDEJ_2026-03-11_G41,10110074CONDEJ,2026-03-11,117820,1,8,0,60.0
10110074CONDEJ_2026-03-11_G42,10110074CONDEJ,2026-03-11,"109643, 110376",2,6,16,74.0
10110074CONDEJ_2026-03-11_G43,10110074CONDEJ,2026-03-11,110371,1,6,0,111.0
10110074CONDEJ_2026-03-11_G44,10110074CONDEJ,2026-03-11,110373,2,8,8,170.0
10110074CONDEJ_2026-03-11_G45,10110074CONDEJ,2026-03-11,118299,3,21,16,47.0
10110074CONDEJ_2026-03-11_G46,10110074CONDEJ,2026-03-11,117832,1,6,0,870.0
10110074CONDEJ_2026-03-11_G47,10110074CONDEJ,2026-03-11,117830,1,6,0,62.0
10110074CONDEJ_2026-03-12_G02,10110074CONDEJ,2026-03-12,118283,2,42,18,292.0
10110074CONDEJ_2026-03-12_G03,10110074CONDEJ,2026-03-12,142093,1,62,0,493.0
10110074CONDEJ_2026-03-12_G04,10110074CONDEJ,2026-03-12,111418,1,30,0,473.0
10110074CONDEJ_2026-03-12_G05,10110074CONDEJ,2026-03-12,108794,1,20,0,652.0
10110074CONDEJ_2026-03-12_G06,10110074CONDEJ,2026-03-12,110743,1,10,0,244.0
10110074CONDEJ_2026-03-12_G07,10110074CONDEJ,2026-03-12,111743,1,35,0,785.0
10110074CONDEJ_2026-03-12_G08,10110074CONDEJ,2026-03-12,141457,1,2,0,1724.0
10110074CONDEJ_2026-03-12_G09,10110074CONDEJ,2026-03-12,111418,1,100,0,1149.0
10110074CONDEJ_2026-03-12_G10,10110074CONDEJ,2026-03-12,110747,2,62,7,245.0
10110074CONDEJ_2026-03-12_G11,10110074CONDEJ,2026-03-12,117862,1,80,0,1033.0
10110074CONDEJ_2026-03-12_G12,10110074CONDEJ,2026-03-12,111602,1,50,0,144.0
10110074CONDEJ_2026-03-12_G13,10110074CONDEJ,2026-03-12,117853,1,24,0,512.0
10110074CONDEJ_2026-03-12_G14,10110074CONDEJ,2026-03-12,140922,1,2,0,1016.0
10110074CONDEJ_2026-03-12_G15,10110074CONDEJ,2026-03-12,111462,1,4,0,50.0
10110074CONDEJ_2026-03-12_G16,10110074CONDEJ,2026-03-12,142093,2,22,9,60.0
10110074CONDEJ_2026-03-12_G17,10110074CONDEJ,2026-03-12,"141271, 111418",2,5,29,112.0
10110074CONDEJ_2026-03-12_G18,10110074CONDEJ,2026-03-12,111418,1,54,0,60.0
10110074CONDEJ_2026-03-12_G19,10110074CONDEJ,2026-03-12,141457,1,4,0,280.0
10110074CONDEJ_2026-03-12_G20,10110074CONDEJ,2026-03-12,111469,1,2,0,133.0
10110074CONDEJ_2026-03-12_G21,10110074CONDEJ,2026-03-12,141458,1,8,0,111.0
10110074CONDEJ_2026-03-12_G22,10110074CONDEJ,2026-03-12,111569,1,2,0,1059.0
10110074CONDEJ_2026-03-12_G24,10110074CONDEJ,2026-03-12,142093,1,4,0,148.0
10110074CONDEJ_2026-03-12_G25,10110074CONDEJ,2026-03-12,117831,1,4,0,82.0
10110074CONDEJ_2026-03-12_G26,10110074CONDEJ,2026-03-12,141458,1,4,0,127.0
10110074CONDEJ_2026-03-12_G27,10110074CONDEJ,2026-03-12,110325,1,4,0,94.0
10110074CONDEJ_2026-03-12_G28,10110074CONDEJ,2026-03-12,110371,1,4,0,106.0
10110074CONDEJ_2026-03-12_G29,10110074CONDEJ,2026-03-12,118299,1,326,0,1505.0
10110074CONDEJ_2026-03-12_G30,10110074CONDEJ,2026-03-12,111634,1,10,0,1933.0
10110074CONDEJ_2026-03-13_G02,10110074CONDEJ,2026-03-13,142045,1,2,0,597.0
10110074CONDEJ_2026-03-13_G03,10110074CONDEJ,2026-03-13,141916,2,10,6,85.0
10110074CONDEJ_2026-03-13_G04,10110074CONDEJ,2026-03-13,110742,1,4,0,239.0
10110074CONDEJ_2026-03-13_G05,10110074CONDEJ,2026-03-13,110747,3,6,13,191.0
10110074CONDEJ_2026-03-13_G06,10110074CONDEJ,2026-03-13,117837,1,4,0,678.0
10110074CONDEJ_2026-03-13_G07,10110074CONDEJ,2026-03-13,117837,4,14,38,108.0
10110074CONDEJ_2026-03-13_G08,10110074CONDEJ,2026-03-13,117786,1,8,0,345.0
10110074CONDEJ_2026-03-13_G09,10110074CONDEJ,2026-03-13,141166,6,10,32,394.0
10110074CONDEJ_2026-03-13_G10,10110074CONDEJ,2026-03-13,110313,3,10,12,259.0
10110074CONDEJ_2026-03-13_G11,10110074CONDEJ,2026-03-13,"140923, 107629",6,28,46,493.0
10110074CONDEJ_2026-03-13_G12,10110074CONDEJ,2026-03-13,107629,1,2,0,89.0
10110074CONDEJ_2026-03-13_G13,10110074CONDEJ,2026-03-13,111530,5,17,27,125.0
10110074CONDEJ_2026-03-13_G14,10110074CONDEJ,2026-03-13,110733,5,13,27,185.0
10110074CONDEJ_2026-03-13_G15,10110074CONDEJ,2026-03-13,117862,4,10,20,131.0
10110074CONDEJ_2026-03-13_G16,10110074CONDEJ,2026-03-13,118299,5,31,26,854.0
10110074CONDEJ_2026-03-13_G17,10110074CONDEJ,2026-03-13,117832,4,24,21,245.0
10110074CONDEJ_2026-03-13_G18,10110074CONDEJ,2026-03-13,117830,4,8,20,216.0
10110074CONDEJ_2026-03-13_G19,10110074CONDEJ,2026-03-13,117855,1,4,0,286.0
10110074CONDEJ_2026-03-13_G20,10110074CONDEJ,2026-03-13,117855,1,4,0,78.0
10110074CONDEJ_2026-03-13_G21,10110074CONDEJ,2026-03-13,111602,10,50,62,66.0
10110074CONDEJ_2026-03-13_G22,10110074CONDEJ,2026-03-13,117856,3,8,20,40.0
10110074CONDEJ_2026-03-13_G23,10110074CONDEJ,2026-03-13,"117856, 141352",4,6,48,244.0
10110074CONDEJ_2026-03-13_G24,10110074CONDEJ,2026-03-13,"141352, 117853",5,29,43,162.0
10110074CONDEJ_2026-03-13_G25,10110074CONDEJ,2026-03-13,117853,1,2,0,32.0
10110074CONDEJ_2026-03-13_G26,10110074CONDEJ,2026-03-13,108772,1,2,0,1921.0
10110074CONDEJ_2026-03-13_G27,10110074CONDEJ,2026-03-13,"141066, 111467",2,3,27,108.0
10110074CONDEJ_2026-03-13_G28,10110074CONDEJ,2026-03-13,140922,2,10,8,166.0
10110074CONDEJ_2026-03-13_G29,10110074CONDEJ,2026-03-13,117821,1,2,0,199.0
10110074CONDEJ_2026-03-13_G30,10110074CONDEJ,2026-03-13,"160055, 108795",2,4,15,99.0
10110074CONDEJ_2026-03-13_G31,10110074CONDEJ,2026-03-13,108795,1,4,0,61.0
10110074CONDEJ_2026-03-13_G32,10110074CONDEJ,2026-03-13,111743,6,15,35,34.0
10110074CONDEJ_2026-03-13_G33,10110074CONDEJ,2026-03-13,142093,8,18,42,297.0
10110074CONDEJ_2026-03-13_G34,10110074CONDEJ,2026-03-13,109641,1,2,0,103.0
10110074CONDEJ_2026-03-13_G35,10110074CONDEJ,2026-03-13,109641,1,2,0,40.0
10110074CONDEJ_2026-03-13_G36,10110074CONDEJ,2026-03-13,"117831, 107236",4,7,34,60.0
10110074CONDEJ_2026-03-13_G37,10110074CONDEJ,2026-03-13,111466,6,31,61,46.0
10110074CONDEJ_2026-03-13_G38,10110074CONDEJ,2026-03-13,117838,1,4,0,262.0
10110074CONDEJ_2026-03-13_G39,10110074CONDEJ,2026-03-13,117838,1,1,0,159.0
10110074CONDEJ_2026-03-13_G40,10110074CONDEJ,2026-03-13,111465,1,4,0,53.0
10110074CONDEJ_2026-03-13_G41,10110074CONDEJ,2026-03-13,111418,8,49,79,65.0
10110074CONDEJ_2026-03-13_G42,10110074CONDEJ,2026-03-13,"111463, 141457",2,5,27,476.0
10110074CONDEJ_2026-03-13_G43,10110074CONDEJ,2026-03-13,141457,1,2,0,73.0
10110074CONDEJ_2026-03-13_G44,10110074CONDEJ,2026-03-13,117787,2,4,9,33.0
10110074CONDEJ_2026-03-13_G45,10110074CONDEJ,2026-03-13,110129,1,2,0,60.0
10110074CONDEJ_2026-03-13_G46,10110074CONDEJ,2026-03-13,141823,1,4,0,97.0
10110074CONDEJ_2026-03-13_G47,10110074CONDEJ,2026-03-13,141823,1,1,0,58.0
10110074CONDEJ_2026-03-13_G48,10110074CONDEJ,2026-03-13,111469,2,22,10,54.0
10110074CONDEJ_2026-03-13_G49,10110074CONDEJ,2026-03-13,141458,3,8,34,198.0
10110074CONDEJ_2026-03-13_G50,10110074CONDEJ,2026-03-13,110376,1,6,0,170.0
10110074CONDEJ_2026-03-14_G02,10110074CONDEJ,2026-03-14,117855,1,10,0,306.0
10110074CONDEJ_2026-03-14_G03,10110074CONDEJ,2026-03-14,111602,1,10,0,117.0
10110074CONDEJ_2026-03-14_G04,10110074CONDEJ,2026-03-14,110339,1,10,0,110.0
10110074CONDEJ_2026-03-14_G05,10110074CONDEJ,2026-03-14,117821,1,10,0,445.0
10110074CONDEJ_2026-03-14_G06,10110074CONDEJ,2026-03-14,111442,1,10,0,329.0
10110074CONDEJ_2026-03-14_G07,10110074CONDEJ,2026-03-14,111418,1,10,0,119.0
10110074CONDEJ_2026-03-14_G08,10110074CONDEJ,2026-03-14,111469,1,20,0,265.0
10110074CONDEJ_2026-03-14_G09,10110074CONDEJ,2026-03-14,141458,1,20,0,171.0
10110074CONDEJ_2026-03-14_G10,10110074CONDEJ,2026-03-14,117830,1,20,0,883.0
10110074CONDEJ_2026-03-14_G11,10110074CONDEJ,2026-03-14,117808,1,30,0,103.0
10110074CONDEJ_2026-03-14_G12,10110074CONDEJ,2026-03-14,118299,1,20,0,292.0
10110074CONDEJ_2026-03-14_G13,10110074CONDEJ,2026-03-14,141155,1,5,0,2722.0
10110074CONDEJ_2026-03-14_G14,10110074CONDEJ,2026-03-14,118191,1,40,0,779.0
10110074CONDEJ_2026-03-14_G15,10110074CONDEJ,2026-03-14,111438,2,7,11,861.0
10110074CONDEJ_2026-03-14_G16,10110074CONDEJ,2026-03-14,109640,2,4,7,153.0
10110074CONDEJ_2026-03-14_G17,10110074CONDEJ,2026-03-14,118317,1,6,0,256.0
10110074CONDEJ_2026-03-14_G18,10110074CONDEJ,2026-03-14,117809,1,40,0,391.0
10110074CONDEJ_2026-03-14_G19,10110074CONDEJ,2026-03-14,117820,1,70,0,187.0
10110074CONDEJ_2026-03-14_G20,10110074CONDEJ,2026-03-14,109643,1,18,0,1989.0
10110074CONDEJ_2026-03-14_G21,10110074CONDEJ,2026-03-14,109643,2,26,6,51.0
10110074CONDEJ_2026-03-14_G22,10110074CONDEJ,2026-03-14,110372,1,80,0,308.0
10110074CONDEJ_2026-03-14_G23,10110074CONDEJ,2026-03-14,118299,1,100,0,313.0
10110074CONDEJ_2026-03-14_G24,10110074CONDEJ,2026-03-14,117832,1,7,0,185.0
10110074CONDEJ_2026-03-14_G25,10110074CONDEJ,2026-03-14,110371,1,9,0,910.0
10110074CONDEJ_2026-03-14_G27,10110074CONDEJ,2026-03-14,117853,1,19,0,323.0
10110074CONDEJ_2026-03-14_G28,10110074CONDEJ,2026-03-14,109640,1,24,0,78.0
10110074CONDEJ_2026-03-14_G29,10110074CONDEJ,2026-03-14,110816,1,2,0,1415.0
10110074CONDEJ_2026-03-14_G30,10110074CONDEJ,2026-03-14,109873,1,2,0,186.0
10110074CONDEJ_2026-03-14_G31,10110074CONDEJ,2026-03-14,109872,1,2,0,116.0
10110074CONDEJ_2026-03-16_G02,10110074CONDEJ,2026-03-16,111438,1,7,0,171.0
10110074CONDEJ_2026-03-16_G03,10110074CONDEJ,2026-03-16,111466,1,27,0,629.0
10110074CONDEJ_2026-03-16_G04,10110074CONDEJ,2026-03-16,111530,1,2,0,892.0
10110074CONDEJ_2026-03-16_G05,10110074CONDEJ,2026-03-16,111466,1,6,0,594.0
10110074CONDEJ_2026-03-16_G06,10110074CONDEJ,2026-03-16,118299,1,18,0,191.0
10110074CONDEJ_2026-03-16_G09,10110074CONDEJ,2026-03-16,111569,1,2,0,211.0
10110074CONDEJ_2026-03-16_G10,10110074CONDEJ,2026-03-16,111438,1,1,0,46.0
10110074CONDEJ_2026-03-16_G11,10110074CONDEJ,2026-03-16,100334,1,3,0,97.0
10110074CONDEJ_2026-03-16_G12,10110074CONDEJ,2026-03-16,110747,1,1,0,80.0
10110074CONDEJ_2026-03-16_G13,10110074CONDEJ,2026-03-16,111530,1,3,0,147.0
10110074CONDEJ_2026-03-16_G14,10110074CONDEJ,2026-03-16,110733,1,4,0,94.0
10110074CONDEJ_2026-03-16_G15,10110074CONDEJ,2026-03-16,109640,2,7,7,188.0
10110074CONDEJ_2026-03-16_G16,10110074CONDEJ,2026-03-16,111462,1,8,0,337.0
10110074CONDEJ_2026-03-16_G17,10110074CONDEJ,2026-03-16,110743,1,2,0,80.0
10110074CONDEJ_2026-03-16_G18,10110074CONDEJ,2026-03-16,109641,1,6,0,140.0
10110074CONDEJ_2026-03-16_G19,10110074CONDEJ,2026-03-16,110740,1,4,0,265.0
10110074CONDEJ_2026-03-16_G20,10110074CONDEJ,2026-03-16,109645,1,1,0,104.0
10110074CONDEJ_2026-03-16_G21,10110074CONDEJ,2026-03-16,118223,1,3,0,83.0
10110074CONDEJ_2026-03-16_G22,10110074CONDEJ,2026-03-16,111602,1,25,0,2040.0
10110074CONDEJ_2026-03-16_G23,10110074CONDEJ,2026-03-16,141166,1,3,0,204.0
10110074CONDEJ_2026-03-16_G24,10110074CONDEJ,2026-03-16,111465,1,6,0,480.0
10110074CONDEJ_2026-03-16_G25,10110074CONDEJ,2026-03-16,111602,1,4,0,116.0
10110074CONDEJ_2026-03-16_G26,10110074CONDEJ,2026-03-16,111465,1,14,0,1039.0
10110074CONDEJ_2026-03-16_G27,10110074CONDEJ,2026-03-16,160051,1,30,0,407.0
10110074CONDEJ_2026-03-16_G28,10110074CONDEJ,2026-03-16,160057,1,10,0,335.0
10110074CONDEJ_2026-03-16_G29,10110074CONDEJ,2026-03-16,111465,1,3,0,113.0
10110074CONDEJ_2026-03-16_G30,10110074CONDEJ,2026-03-16,111532,1,20,0,146.0
10110074CONDEJ_2026-03-16_G31,10110074CONDEJ,2026-03-16,111602,1,1,0,53.0
10110074CONDEJ_2026-03-16_G32,10110074CONDEJ,2026-03-16,110373,1,1290,0,2470.0
10110074CONDEJ_2026-03-17_G02,10110074CONDEJ,2026-03-17,117855,1,4,0,395.0
10110074CONDEJ_2026-03-17_G03,10110074CONDEJ,2026-03-17,118298,1,4,0,210.0
10110074CONDEJ_2026-03-17_G04,10110074CONDEJ,2026-03-17,110733,1,4,0,62.0
10110074CONDEJ_2026-03-17_G05,10110074CONDEJ,2026-03-17,117856,1,7,0,92.0
10110074CONDEJ_2026-03-17_G06,10110074CONDEJ,2026-03-17,110339,1,7,0,562.0
10110074CONDEJ_2026-03-17_G07,10110074CONDEJ,2026-03-17,141352,1,8,0,143.0
10110074CONDEJ_2026-03-17_G08,10110074CONDEJ,2026-03-17,117853,2,21,14,107.0
10110074CONDEJ_2026-03-17_G09,10110074CONDEJ,2026-03-17,117837,1,8,0,757.0
10110074CONDEJ_2026-03-17_G10,10110074CONDEJ,2026-03-17,110373,1,2,0,2621.0
10110074CONDEJ_2026-03-17_G11,10110074CONDEJ,2026-03-17,110371,1,22,0,1012.0
10110074CONDEJ_2026-03-17_G12,10110074CONDEJ,2026-03-17,118299,1,224,0,173.0
10110074CONDEJ_2026-03-17_G13,10110074CONDEJ,2026-03-17,110755,1,7,0,2030.0
10110074CONDEJ_2026-03-17_G14,10110074CONDEJ,2026-03-17,115775,1,17,0,67.0
10110074CONDEJ_2026-03-17_G15,10110074CONDEJ,2026-03-17,110747,1,5,0,120.0
10110074CONDEJ_2026-03-17_G16,10110074CONDEJ,2026-03-17,111778,1,2,0,1794.0
10110074CONDEJ_2026-03-17_G18,10110074CONDEJ,2026-03-17,117834,1,2,0,78.0
10110074CONDEJ_2026-03-17_G19,10110074CONDEJ,2026-03-17,111437,1,2,0,159.0
10110074CONDEJ_2026-03-17_G20,10110074CONDEJ,2026-03-17,105359,1,2,0,70.0
10110074CONDEJ_2026-03-17_G21,10110074CONDEJ,2026-03-17,110623,1,2,0,174.0
10110074CONDEJ_2026-03-17_G22,10110074CONDEJ,2026-03-17,110747,1,2,0,96.0
10110074CONDEJ_2026-03-17_G23,10110074CONDEJ,2026-03-17,117809,1,1,0,146.0
10110074CONDEJ_2026-03-17_G24,10110074CONDEJ,2026-03-17,117808,1,6,0,46.0
10110074CONDEJ_2026-03-17_G25,10110074CONDEJ,2026-03-17,117820,1,20,0,610.0
10110074CONDEJ_2026-03-17_G26,10110074CONDEJ,2026-03-17,110373,1,18,0,1461.0
10110074CONDEJ_2026-03-17_G27,10110074CONDEJ,2026-03-17,110372,1,20,0,297.0
10110074CONDEJ_2026-03-17_G28,10110074CONDEJ,2026-03-17,117830,1,5,0,257.0
10110074CONDEJ_2026-03-17_G29,10110074CONDEJ,2026-03-17,140923,1,4,0,2538.0
10110074CONDEJ_2026-03-17_G30,10110074CONDEJ,2026-03-17,111530,1,2,0,185.0
10110074CONDEJ_2026-03-17_G31,10110074CONDEJ,2026-03-17,109647,1,2,0,53.0
10110074CONDEJ_2026-03-17_G32,10110074CONDEJ,2026-03-17,110733,1,2,0,88.0
10110074CONDEJ_2026-03-17_G33,10110074CONDEJ,2026-03-17,111602,1,3,0,41.0
10110074CONDEJ_2026-03-17_G34,10110074CONDEJ,2026-03-17,110339,1,4,0,52.0
10110074CONDEJ_2026-03-17_G35,10110074CONDEJ,2026-03-17,141352,1,2,0,47.0
10110074CONDEJ_2026-03-17_G36,10110074CONDEJ,2026-03-17,109640,1,2,0,46.0
10110074CONDEJ_2026-03-17_G37,10110074CONDEJ,2026-03-17,108772,1,2,0,183.0
10110074CONDEJ_2026-03-17_G38,10110074CONDEJ,2026-03-17,117862,1,2,0,72.0
10110074CONDEJ_2026-03-18_G02,10110074CONDEJ,2026-03-18,141166,2,11,15,287.0
10110074CONDEJ_2026-03-18_G03,10110074CONDEJ,2026-03-18,140923,2,32,8,1447.0
10110074CONDEJ_2026-03-18_G04,10110074CONDEJ,2026-03-18,117831,1,15,0,3178.0
10110074CONDEJ_2026-03-18_G05,10110074CONDEJ,2026-03-18,108798,1,3,0,64.0
10110074CONDEJ_2026-03-18_G06,10110074CONDEJ,2026-03-18,111431,1,6,0,62.0
10110074CONDEJ_2026-03-18_G07,10110074CONDEJ,2026-03-18,117787,1,4,0,125.0
10110074CONDEJ_2026-03-18_G08,10110074CONDEJ,2026-03-18,111469,1,30,0,82.0
10110074CONDEJ_2026-03-18_G09,10110074CONDEJ,2026-03-18,141458,1,10,0,263.0
10110074CONDEJ_2026-03-18_G10,10110074CONDEJ,2026-03-18,141916,1,2,0,1671.0
10110074CONDEJ_2026-03-18_G11,10110074CONDEJ,2026-03-18,142045,1,2,0,300.0
10110074CONDEJ_2026-03-18_G12,10110074CONDEJ,2026-03-18,140923,1,4,0,155.0
10110074CONDEJ_2026-03-18_G13,10110074CONDEJ,2026-03-18,111530,1,4,0,118.0
10110074CONDEJ_2026-03-18_G14,10110074CONDEJ,2026-03-18,117856,1,4,0,66.0
10110074CONDEJ_2026-03-18_G15,10110074CONDEJ,2026-03-18,111532,1,2,0,1363.0
10110074CONDEJ_2026-03-18_G16,10110074CONDEJ,2026-03-18,109641,1,3,0,237.0
10110074CONDEJ_2026-03-18_G17,10110074CONDEJ,2026-03-18,105705,1,2,0,103.0
10110074CONDEJ_2026-03-18_G18,10110074CONDEJ,2026-03-18,111418,1,2,0,110.0
10110074CONDEJ_2026-03-18_G19,10110074CONDEJ,2026-03-18,117808,1,8,0,178.0
10110074CONDEJ_2026-03-18_G20,10110074CONDEJ,2026-03-18,117809,1,2,0,52.0
10110074CONDEJ_2026-03-18_G21,10110074CONDEJ,2026-03-18,118299,1,8,0,141.0
10110074CONDEJ_2026-03-18_G22,10110074CONDEJ,2026-03-18,117830,1,4,0,59.0
10110074CONDEJ_2026-03-19_G02,10110074CONDEJ,2026-03-19,111438,1,4,0,1743.0
10110074CONDEJ_2026-03-19_G03,10110074CONDEJ,2026-03-19,117855,1,2,0,135.0
10110074CONDEJ_2026-03-19_G04,10110074CONDEJ,2026-03-19,109641,1,30,0,554.0
10110074CONDEJ_2026-03-19_G05,10110074CONDEJ,2026-03-19,110740,1,6,0,182.0
10110074CONDEJ_2026-03-19_G06,10110074CONDEJ,2026-03-19,111466,1,10,0,140.0
10110074CONDEJ_2026-03-19_G07,10110074CONDEJ,2026-03-19,117808,1,30,0,375.0
10110074CONDEJ_2026-03-19_G08,10110074CONDEJ,2026-03-19,118299,1,20,0,122.0
10110074CONDEJ_2026-03-19_G09,10110074CONDEJ,2026-03-19,110371,1,8,0,164.0
10110074CONDEJ_2026-03-20_G02,10110074CONDEJ,2026-03-20,124371,1,4,0,308.0
10110074CONDEJ_2026-03-20_G03,10110074CONDEJ,2026-03-20,124371,1,8,0,287.0
10110074CONDEJ_2026-03-20_G04,10110074CONDEJ,2026-03-20,123344,1,2,0,265.0
10110074CONDEJ_2026-03-20_G05,10110074CONDEJ,2026-03-20,122962,1,28,0,1384.0
10110074CONDEJ_2026-03-20_G06,10110074CONDEJ,2026-03-20,123344,1,8,0,387.0
10110074CONDEJ_2026-03-20_G07,10110074CONDEJ,2026-03-20,124248,1,16,0,550.0
10110074CONDEJ_2026-03-20_G08,10110074CONDEJ,2026-03-20,122647,1,2,0,215.0
10110074CONDEJ_2026-03-20_G09,10110074CONDEJ,2026-03-20,122673,1,4,0,76.0
10110074CONDEJ_2026-03-20_G10,10110074CONDEJ,2026-03-20,122673,1,10,0,347.0
10110074CONDEJ_2026-03-20_G11,10110074CONDEJ,2026-03-20,123343,1,2,0,859.0
10110074CONDEJ_2026-03-20_G12,10110074CONDEJ,2026-03-20,123345,1,8,0,395.0
10110074CONDEJ_2026-03-20_G13,10110074CONDEJ,2026-03-20,123345,1,8,0,344.0
10110074CONDEJ_2026-03-25_G02,10110074CONDEJ,2026-03-25,118298,1,6,0,241.0
10110074CONDEJ_2026-03-25_G03,10110074CONDEJ,2026-03-25,110310,1,3,0,178.0
10110074CONDEJ_2026-03-25_G04,10110074CONDEJ,2026-03-25,142045,1,5,0,155.0
10110074CONDEJ_2026-03-25_G05,10110074CONDEJ,2026-03-25,111532,2,16,16,168.0
10110074CONDEJ_2026-03-25_G06,10110074CONDEJ,2026-03-25,140922,1,4,0,981.0
10110074CONDEJ_2026-03-25_G07,10110074CONDEJ,2026-03-25,110376,1,4,0,213.0
10110074CONDEJ_2026-03-25_G08,10110074CONDEJ,2026-03-25,111465,1,12,0,172.0
10110074CONDEJ_2026-03-25_G09,10110074CONDEJ,2026-03-25,111463,1,2,0,166.0
10110074CONDEJ_2026-03-25_G11,10110074CONDEJ,2026-03-25,107236,1,4,0,228.0
10110074CONDEJ_2026-03-25_G12,10110074CONDEJ,2026-03-25,111418,1,8,0,156.0
10110074CONDEJ_2026-03-25_G13,10110074CONDEJ,2026-03-25,111469,1,36,0,257.0
10110074CONDEJ_2026-03-25_G14,10110074CONDEJ,2026-03-25,110740,1,8,0,162.0
10110074CONDEJ_2026-03-25_G15,10110074CONDEJ,2026-03-25,110895,1,4,0,2345.0
10110074CONDEJ_2026-03-25_G16,10110074CONDEJ,2026-03-25,110755,1,1,0,73.0
10110074CONDEJ_2026-03-25_G18,10110074CONDEJ,2026-03-25,111446,1,136,0,654.0
10110074CONDEJ_2026-03-25_G19,10110074CONDEJ,2026-03-25,109641,1,2,0,107.0
10110074CONDEJ_2026-03-25_G20,10110074CONDEJ,2026-03-25,109645,1,244,0,632.0
10110074CONDEJ_2026-03-25_G21,10110074CONDEJ,2026-03-25,111436,1,2,0,3425.0
10110074CONDEJ_2026-03-25_G22,10110074CONDEJ,2026-03-25,141916,1,4,0,313.0
10110074CONDEJ_2026-03-25_G23,10110074CONDEJ,2026-03-25,111438,1,4,0,71.0
10110074CONDEJ_2026-03-25_G24,10110074CONDEJ,2026-03-25,117835,1,4,0,145.0
10110074CONDEJ_2026-03-25_G25,10110074CONDEJ,2026-03-25,140911,1,3,0,73.0
10110074CONDEJ_2026-03-25_G26,10110074CONDEJ,2026-03-25,110747,1,6,0,79.0
10110074CONDEJ_2026-03-25_G27,10110074CONDEJ,2026-03-25,117289,1,2,0,203.0
10110074CONDEJ_2026-03-25_G28,10110074CONDEJ,2026-03-25,141066,1,4,0,2225.0
10110074CONDEJ_2026-03-26_G02,10110074CONDEJ,2026-03-26,117838,1,23,0,244.0
10110074CONDEJ_2026-03-26_G03,10110074CONDEJ,2026-03-26,141456,1,40,0,508.0
10110074CONDEJ_2026-03-26_G04,10110074CONDEJ,2026-03-26,108798,1,2,0,470.0
10110074CONDEJ_2026-03-26_G05,10110074CONDEJ,2026-03-26,111468,1,10,0,173.0
10110074CONDEJ_2026-03-26_G06,10110074CONDEJ,2026-03-26,111431,1,6,0,156.0
10110074CONDEJ_2026-03-26_G07,10110074CONDEJ,2026-03-26,107236,1,1,0,250.0
10110074CONDEJ_2026-03-26_G08,10110074CONDEJ,2026-03-26,105705,1,20,0,358.0
10110074CONDEJ_2026-03-26_G09,10110074CONDEJ,2026-03-26,117787,1,50,0,559.0
10110074CONDEJ_2026-03-26_G10,10110074CONDEJ,2026-03-26,141166,1,12,0,2504.0
10110074CONDEJ_2026-03-26_G11,10110074CONDEJ,2026-03-26,110372,1,20,0,168.0
10110074CONDEJ_2026-03-26_G12,10110074CONDEJ,2026-03-26,117808,1,4,0,54.0
10110074CONDEJ_2026-03-26_G13,10110074CONDEJ,2026-03-26,118299,1,122,0,146.0
10110074CONDEJ_2026-03-26_G14,10110074CONDEJ,2026-03-26,111438,1,9,0,646.0
10110074CONDEJ_2026-03-26_G15,10110074CONDEJ,2026-03-26,110841,1,1,0,58.0
10110074CONDEJ_2026-03-26_G16,10110074CONDEJ,2026-03-26,110112,1,2,0,256.0
10110074CONDEJ_2026-03-26_G17,10110074CONDEJ,2026-03-26,142045,1,24,0,331.0
10110074CONDEJ_2026-03-26_G18,10110074CONDEJ,2026-03-26,118229,1,4,0,181.0
10110074CONDEJ_2026-03-26_G19,10110074CONDEJ,2026-03-26,110747,1,2,0,61.0
10110074CONDEJ_2026-03-26_G20,10110074CONDEJ,2026-03-26,"111330, 111348",2,4,23,204.0
10110074CONDEJ_2026-03-26_G21,10110074CONDEJ,2026-03-26,111465,1,1,0,64.0
10110074CONDEJ_2026-03-26_G22,10110074CONDEJ,2026-03-26,110743,1,2,0,37.0
10110074CONDEJ_2026-03-26_G23,10110074CONDEJ,2026-03-26,110787,1,10,0,85.0
10110074CONDEJ_2026-03-26_G24,10110074CONDEJ,2026-03-26,111530,2,136,9,871.0
10110074CONDEJ_2026-03-26_G25,10110074CONDEJ,2026-03-26,109640,1,30,0,259.0
10110074CONDEJ_2026-03-26_G26,10110074CONDEJ,2026-03-26,108770,1,34,0,1120.0
10110074CONDEJ_2026-03-26_G27,10110074CONDEJ,2026-03-26,117841,1,5,0,177.0
10110074CONDEJ_2026-03-26_G29,10110074CONDEJ,2026-03-26,110376,1,18,0,562.0
10110074CONDEJ_2026-03-26_G30,10110074CONDEJ,2026-03-26,141456,2,8,8,1324.0
10110074CONDEJ_2026-03-26_G31,10110074CONDEJ,2026-03-26,111469,1,12,0,243.0
10110074CONDEJ_2026-03-26_G32,10110074CONDEJ,2026-03-26,"111876, 111443",2,8,25,158.0
10110074CONDEJ_2026-03-26_G33,10110074CONDEJ,2026-03-26,141456,1,4,0,107.0
10110074CONDEJ_2026-03-26_G34,10110074CONDEJ,2026-03-26,105705,1,4,0,116.0
10110074CONDEJ_2026-03-26_G35,10110074CONDEJ,2026-03-26,141457,1,4,0,167.0
10110074CONDEJ_2026-03-26_G37,10110074CONDEJ,2026-03-26,111602,1,9,0,599.0
10110074CONDEJ_2026-03-26_G38,10110074CONDEJ,2026-03-26,117837,1,18,0,187.0
10110074CONDEJ_2026-03-26_G39,10110074CONDEJ,2026-03-26,111876,1,3,0,271.0
10110074CONDEJ_2026-03-28_G02,10110074CONDEJ,2026-03-28,160057,1,2,0,67.0
10110074CONDEJ_2026-03-28_G03,10110074CONDEJ,2026-03-28,142045,1,2,0,88.0
10110074CONDEJ_2026-03-28_G04,10110074CONDEJ,2026-03-28,117855,1,2,0,73.0
10110074CONDEJ_2026-03-28_G05,10110074CONDEJ,2026-03-28,"111602, 141166",2,4,13,70.0
10110074CONDEJ_2026-03-28_G06,10110074CONDEJ,2026-03-28,110339,1,1,0,47.0
10110074CONDEJ_2026-03-28_G07,10110074CONDEJ,2026-03-28,141352,1,2,0,35.0
10110074CONDEJ_2026-03-28_G08,10110074CONDEJ,2026-03-28,141047,1,2,0,53.0
10110074CONDEJ_2026-03-28_G09,10110074CONDEJ,2026-03-28,140922,1,6,0,80.0
10110074CONDEJ_2026-03-28_G10,10110074CONDEJ,2026-03-28,111465,1,1,0,55.0
10110074CONDEJ_2026-03-28_G11,10110074CONDEJ,2026-03-28,117785,1,10,0,119.0
10110074CONDEJ_2026-03-28_G12,10110074CONDEJ,2026-03-28,117838,1,2,0,76.0
10110074CONDEJ_2026-03-28_G13,10110074CONDEJ,2026-03-28,111463,1,7,0,58.0
10110074CONDEJ_2026-03-28_G14,10110074CONDEJ,2026-03-28,111418,1,3,0,83.0
10110074CONDEJ_2026-03-28_G15,10110074CONDEJ,2026-03-28,117833,1,2,0,45.0
10110074CONDEJ_2026-03-28_G16,10110074CONDEJ,2026-03-28,142093,1,1,0,52.0
10110074CONDEJ_2026-03-28_G17,10110074CONDEJ,2026-03-28,110372,1,10,0,218.0
10110074CONDEJ_2026-03-28_G18,10110074CONDEJ,2026-03-28,141202,1,8,0,60.0
10110074CONDEJ_2026-03-28_G19,10110074CONDEJ,2026-03-28,160051,1,4,0,123.0
10110074CONDEJ_2026-03-28_G20,10110074CONDEJ,2026-03-28,117808,1,10,0,379.0
10110074CONDEJ_2026-03-28_G21,10110074CONDEJ,2026-03-28,117822,1,2,0,81.0
10110074CONDEJ_2026-03-28_G22,10110074CONDEJ,2026-03-28,117830,1,2,0,47.0
10110074CONDEJ_2026-03-28_G23,10110074CONDEJ,2026-03-28,142093,1,4,0,368.0
10110074CONDEJ_2026-03-28_G24,10110074CONDEJ,2026-03-28,141823,1,4,0,118.0
10110074CONDEJ_2026-03-28_G25,10110074CONDEJ,2026-03-28,108770,1,1,0,89.0
10110074CONDEJ_2026-03-28_G26,10110074CONDEJ,2026-03-28,111530,1,7,0,90.0
10110074CONDEJ_2026-03-28_G27,10110074CONDEJ,2026-03-28,141166,1,1,0,47.0
10110074CONDEJ_2026-03-28_G28,10110074CONDEJ,2026-03-28,109640,1,6,0,363.0
10110074CONDEJ_2026-03-28_G29,10110074CONDEJ,2026-03-28,111330,1,2,0,113.0
10110074CONDEJ_2026-03-28_G30,10110074CONDEJ,2026-03-28,105705,1,2,0,319.0
10110074CONDEJ_2026-03-28_G31,10110074CONDEJ,2026-03-28,111418,1,12,0,122.0
10110074CONDEJ_2026-03-28_G32,10110074CONDEJ,2026-03-28,107236,1,8,0,118.0
10110074CONDEJ_2026-03-28_G33,10110074CONDEJ,2026-03-28,110740,1,4,0,53.0
10110074CONDEJ_2026-03-28_G34,10110074CONDEJ,2026-03-28,109933,1,6,0,424.0
10110074CONDEJ_2026-03-28_G35,10110074CONDEJ,2026-03-28,118306,1,5,0,176.0
10110074CONDEJ_2026-03-28_G36,10110074CONDEJ,2026-03-28,141318,1,10,0,160.0
10110074CONDEJ_2026-03-28_G37,10110074CONDEJ,2026-03-28,111430,1,10,0,104.0
10110074CONDEJ_2026-03-28_G38,10110074CONDEJ,2026-03-28,110741,1,10,0,1984.0
10110074CONDEJ_2026-03-28_G39,10110074CONDEJ,2026-03-28,117855,1,10,0,104.0
10110074CONDEJ_2026-03-28_G40,10110074CONDEJ,2026-03-28,110313,1,20,0,168.0
10110074CONDEJ_2026-03-28_G41,10110074CONDEJ,2026-03-28,111463,1,30,0,1567.0
10110074CONDEJ_2026-03-28_G42,10110074CONDEJ,2026-03-28,111418,1,100,0,322.0
10110074CONDEJ_2026-03-28_G43,10110074CONDEJ,2026-03-28,110373,1,20,0,572.0
10110074CONDEJ_2026-03-28_G44,10110074CONDEJ,2026-03-28,141202,1,10,0,73.0
10110074CONDEJ_2026-03-28_G45,10110074CONDEJ,2026-03-28,110325,1,20,0,113.0
10110074CONDEJ_2026-03-28_G46,10110074CONDEJ,2026-03-28,117853,1,5,0,1885.0
10110074CONDEJ_2026-03-28_G47,10110074CONDEJ,2026-03-28,111602,1,4,0,360.0
10110074CONDEJ_2026-03-28_G49,10110074CONDEJ,2026-03-28,110373,1,4,0,126.0
10110074CONDEJ_2026-03-28_G50,10110074CONDEJ,2026-03-28,110372,1,16,0,149.0
10110074CONDEJ_2026-03-28_G51,10110074CONDEJ,2026-03-28,118280,1,80,0,796.0
10110074CONDEJ_2026-03-28_G52,10110074CONDEJ,2026-03-28,118283,1,80,0,925.0
10110074CONDEJ_2026-03-28_G53,10110074CONDEJ,2026-03-28,118285,1,80,0,599.0
10110074CONDEJ_2026-03-28_G54,10110074CONDEJ,2026-03-28,118326,1,80,0,193.0
10110074CONDEJ_2026-03-28_G55,10110074CONDEJ,2026-03-28,117809,1,60,0,778.0
10110074CONDEJ_2026-03-28_G56,10110074CONDEJ,2026-03-28,118271,1,79,0,1102.0
10110074CONDEJ_2026-03-28_G57,10110074CONDEJ,2026-03-28,118277,1,80,0,355.0
10110074CONDEJ_2026-03-28_G58,10110074CONDEJ,2026-03-28,110372,1,120,0,650.0
10110074CONDEJ_2026-03-28_G59,10110074CONDEJ,2026-03-28,117808,1,500,0,817.0
10110074CONDEJ_2026-03-28_G60,10110074CONDEJ,2026-03-28,118299,1,500,0,1062.0
10110074CONDEJ_2026-03-29_G02,10110074CONDEJ,2026-03-29,117855,1,2,0,115.0
10110074CONDEJ_2026-03-29_G03,10110074CONDEJ,2026-03-29,111348,1,2,0,78.0
10110074CONDEJ_2026-03-29_G04,10110074CONDEJ,2026-03-29,111462,1,6,0,62.0
10110074CONDEJ_2026-03-29_G05,10110074CONDEJ,2026-03-29,117785,1,4,0,73.0
10110074CONDEJ_2026-03-29_G06,10110074CONDEJ,2026-03-29,141456,1,4,0,96.0
10110074CONDEJ_2026-03-29_G07,10110074CONDEJ,2026-03-29,111418,1,10,0,69.0
10110074CONDEJ_2026-03-29_G08,10110074CONDEJ,2026-03-29,141458,1,4,0,96.0
10110074CONDEJ_2026-03-29_G09,10110074CONDEJ,2026-03-29,117787,1,2,0,201.0
10110074CONDEJ_2026-03-29_G10,10110074CONDEJ,2026-03-29,110374,1,4,0,107.0
10110074CONDEJ_2026-03-29_G11,10110074CONDEJ,2026-03-29,117820,1,4,0,76.0
10110074CONDEJ_2026-03-29_G12,10110074CONDEJ,2026-03-29,110372,1,7,0,169.0
10110074CONDEJ_2026-03-29_G13,10110074CONDEJ,2026-03-29,117808,1,4,0,87.0
10110074CONDEJ_2026-03-29_G14,10110074CONDEJ,2026-03-29,110371,1,3,0,67.0
10110074CONDEJ_2026-03-29_G15,10110074CONDEJ,2026-03-29,110711,1,2,0,579.0
10110074CONDEJ_2026-03-29_G16,10110074CONDEJ,2026-03-29,117786,1,12,0,293.0
10110074CONDEJ_2026-03-29_G17,10110074CONDEJ,2026-03-29,108794,1,8,0,316.0
10110074CONDEJ_2026-03-29_G18,10110074CONDEJ,2026-03-29,107236,1,4,0,104.0
10110074CONDEJ_2026-03-29_G19,10110074CONDEJ,2026-03-29,110711,1,2,0,158.0
10110074CONDEJ_2026-03-29_G20,10110074CONDEJ,2026-03-29,110374,1,10,0,2722.0
10110074CONDEJ_2026-03-29_G21,10110074CONDEJ,2026-03-29,110373,1,5,0,179.0
10110074CONDEJ_2026-03-29_G22,10110074CONDEJ,2026-03-29,111463,1,10,0,197.0
10110074CONDEJ_2026-03-29_G23,10110074CONDEJ,2026-03-29,108794,1,4,0,99.0
10110074CONDEJ_2026-03-29_G24,10110074CONDEJ,2026-03-29,108770,1,4,0,163.0
10110074CONDEJ_2026-03-29_G25,10110074CONDEJ,2026-03-29,110325,1,4,0,651.0
10110074CONDEJ_2026-03-29_G27,10110074CONDEJ,2026-03-29,111850,1,4,0,105.0
10110074CONDEJ_2026-03-29_G28,10110074CONDEJ,2026-03-29,100334,1,20,0,1191.0
10110074CONDEJ_2026-03-29_G29,10110074CONDEJ,2026-03-29,111569,1,5,0,1658.0
10110074CONDEJ_2026-03-29_G30,10110074CONDEJ,2026-03-29,142045,1,3,0,111.0
10110074CONDEJ_2026-03-29_G31,10110074CONDEJ,2026-03-29,117787,1,4,0,124.0
10110074CONDEJ_2026-03-29_G32,10110074CONDEJ,2026-03-29,141823,1,3,0,144.0
10110074CONDEJ_2026-03-30_G02,10110074CONDEJ,2026-03-30,110580,1,2,0,110.0
10110074CONDEJ_2026-03-30_G03,10110074CONDEJ,2026-03-30,111530,1,4,0,91.0
10110074CONDEJ_2026-03-30_G04,10110074CONDEJ,2026-03-30,118299,1,4,0,917.0
10110074CONDEJ_2026-03-30_G05,10110074CONDEJ,2026-03-30,110374,1,8,0,111.0
10110074CONDEJ_2026-03-30_G06,10110074CONDEJ,2026-03-30,117820,1,8,0,177.0
10110074CONDEJ_2026-03-30_G07,10110074CONDEJ,2026-03-30,110373,1,12,0,120.0
10110074CONDEJ_2026-03-30_G08,10110074CONDEJ,2026-03-30,110372,1,8,0,84.0
10110074CONDEJ_2026-03-30_G09,10110074CONDEJ,2026-03-30,109643,1,4,0,98.0
10110074CONDEJ_2026-03-30_G10,10110074CONDEJ,2026-03-30,110371,1,8,0,92.0
10110074CONDEJ_2026-03-30_G11,10110074CONDEJ,2026-03-30,110755,1,10,0,147.0
10110074CONDEJ_2026-03-30_G12,10110074CONDEJ,2026-03-30,118229,1,2,0,120.0
10110074CONDEJ_2026-03-30_G13,10110074CONDEJ,2026-03-30,140922,1,12,0,874.0
10110074CONDEJ_2026-03-30_G14,10110074CONDEJ,2026-03-30,117821,1,4,0,222.0
10110074CONDEJ_2026-03-30_G15,10110074CONDEJ,2026-03-30,111743,1,2,0,71.0
10110074CONDEJ_2026-03-30_G16,10110074CONDEJ,2026-03-30,142093,1,12,0,302.0
10110074CONDEJ_2026-03-30_G17,10110074CONDEJ,2026-03-30,111431,1,1,0,45.0
10110074CONDEJ_2026-03-30_G18,10110074CONDEJ,2026-03-30,141823,1,4,0,184.0
10110074CONDEJ_2026-03-30_G19,10110074CONDEJ,2026-03-30,107629,1,4,0,755.0
10110074CONDEJ_2026-03-30_G20,10110074CONDEJ,2026-03-30,117855,1,12,0,164.0
10110074CONDEJ_2026-03-30_G21,10110074CONDEJ,2026-03-30,110376,1,3,0,1112.0
10110074CONDEJ_2026-03-30_G22,10110074CONDEJ,2026-03-30,117832,1,86,0,119.0
10110074CONDEJ_2026-03-30_G24,10110074CONDEJ,2026-03-30,141456,1,6,0,159.0
10110074CONDEJ_2026-03-30_G26,10110074CONDEJ,2026-03-30,111439,1,6,0,134.0
10110074CONDEJ_2026-03-30_G27,10110074CONDEJ,2026-03-30,117861,1,30,0,71.0
10110074CONDEJ_2026-03-30_G28,10110074CONDEJ,2026-03-30,117862,1,30,0,405.0
10110074CONDEJ_2026-03-30_G29,10110074CONDEJ,2026-03-30,110787,1,16,0,489.0
10110074CONDEJ_2026-03-30_G30,10110074CONDEJ,2026-03-30,142045,1,25,0,309.0
10110074CONDEJ_2026-03-30_G31,10110074CONDEJ,2026-03-30,117842,1,30,0,326.0
10110074CONDEJ_2026-03-30_G32,10110074CONDEJ,2026-03-30,111462,1,25,0,304.0
10110074CONDEJ_2026-03-30_G33,10110074CONDEJ,2026-03-30,117821,1,30,0,151.0
10110074CONDEJ_2026-03-30_G34,10110074CONDEJ,2026-03-30,141456,1,25,0,285.0
10110074CONDEJ_2026-03-30_G35,10110074CONDEJ,2026-03-30,111463,2,36,23,502.0
10110074CONDEJ_2026-03-30_G36,10110074CONDEJ,2026-03-30,111443,1,12,0,261.0
10110074CONDEJ_2026-03-30_G37,10110074CONDEJ,2026-03-30,111418,1,350,0,1076.0
10110074CONDEJ_2026-03-30_G38,10110074CONDEJ,2026-03-30,117833,1,30,0,2171.0
10110074CONDEJ_2026-03-30_G39,10110074CONDEJ,2026-03-30,117831,1,60,0,201.0
10110074CONDEJ_2026-03-30_G40,10110074CONDEJ,2026-03-30,141458,1,30,0,358.0
10110074CONDEJ_2026-03-30_G41,10110074CONDEJ,2026-03-30,118299,1,325,0,937.0
10110074CONDEJ_2026-03-30_G42,10110074CONDEJ,2026-03-30,111530,1,164,0,1659.0
10110074CONDEJ_2026-03-30_G43,10110074CONDEJ,2026-03-30,"110580, 108770",2,10,17,55.0
10110074CONDEJ_2026-03-30_G44,10110074CONDEJ,2026-03-30,111434,1,40,0,792.0
10110074CONDEJ_2026-03-30_G45,10110074CONDEJ,2026-03-30,111172,1,40,0,230.0
10110074CONDEJ_2026-03-30_G46,10110074CONDEJ,2026-03-30,108794,1,40,0,354.0
10110074CONDEJ_2026-03-31_G02,10110074CONDEJ,2026-03-31,110711,1,6,0,359.0
10110074CONDEJ_2026-03-31_G03,10110074CONDEJ,2026-03-31,111530,1,4,0,146.0
10110074CONDEJ_2026-03-31_G04,10110074CONDEJ,2026-03-31,111172,1,1,0,92.0
10110074CONDEJ_2026-03-31_G05,10110074CONDEJ,2026-03-31,108711,1,3,0,93.0
10110074CONDEJ_2026-03-31_G06,10110074CONDEJ,2026-03-31,111532,1,8,0,112.0
10110074CONDEJ_2026-03-31_G07,10110074CONDEJ,2026-03-31,108711,1,1,0,115.0
10110074CONDEJ_2026-03-31_G08,10110074CONDEJ,2026-03-31,111532,1,10,0,300.0
10110074CONDEJ_2026-03-31_G09,10110074CONDEJ,2026-03-31,117786,1,4,0,211.0
10110074CONDEJ_2026-03-31_G10,10110074CONDEJ,2026-03-31,142045,1,2,0,147.0
10110074CONDEJ_2026-03-31_G11,10110074CONDEJ,2026-03-31,110711,1,1,0,111.0
10110074CONDEJ_2026-03-31_G12,10110074CONDEJ,2026-03-31,140923,1,4,0,102.0
10110074CONDEJ_2026-03-31_G13,10110074CONDEJ,2026-03-31,117809,1,4,0,308.0
10110074CONDEJ_2026-03-31_G14,10110074CONDEJ,2026-03-31,117820,1,8,0,77.0
10110074CONDEJ_2026-03-31_G15,10110074CONDEJ,2026-03-31,110373,1,6,0,124.0
10110074CONDEJ_2026-03-31_G16,10110074CONDEJ,2026-03-31,110376,1,4,0,91.0
10110074CONDEJ_2026-03-31_G17,10110074CONDEJ,2026-03-31,110375,1,4,0,190.0
10110074CONDEJ_2026-03-31_G18,10110074CONDEJ,2026-03-31,117808,1,4,0,106.0
10110074CONDEJ_2026-03-31_G19,10110074CONDEJ,2026-03-31,110371,1,4,0,36.0
10110074CONDEJ_2026-03-31_G20,10110074CONDEJ,2026-03-31,140922,1,8,0,351.0
10110074CONDEJ_2026-03-31_G21,10110074CONDEJ,2026-03-31,109645,1,4,0,58.0
10110074CONDEJ_2026-03-31_G22,10110074CONDEJ,2026-03-31,110743,1,2,0,63.0
10110074CONDEJ_2026-03-31_G23,10110074CONDEJ,2026-03-31,141457,1,8,0,98.0
10110074CONDEJ_2026-03-31_G24,10110074CONDEJ,2026-03-31,111172,1,4,0,49.0
10110074CONDEJ_2026-03-31_G25,10110074CONDEJ,2026-03-31,111463,1,6,0,223.0
10110074CONDEJ_2026-03-31_G26,10110074CONDEJ,2026-03-31,108798,1,4,0,77.0
10110074CONDEJ_2026-03-31_G27,10110074CONDEJ,2026-03-31,108794,1,2,0,56.0
10110074CONDEJ_2026-03-31_G28,10110074CONDEJ,2026-03-31,142093,1,8,0,66.0
10110074CONDEJ_2026-03-31_G29,10110074CONDEJ,2026-03-31,110740,1,4,0,96.0
10110074CONDEJ_2026-03-31_G30,10110074CONDEJ,2026-03-31,117831,1,4,0,40.0
10110074CONDEJ_2026-03-31_G31,10110074CONDEJ,2026-03-31,108711,1,2,0,58.0
10110074CONDEJ_2026-03-31_G32,10110074CONDEJ,2026-03-31,108711,1,4,0,1141.0
10110074CONDEJ_2026-03-31_G33,10110074CONDEJ,2026-03-31,111172,1,2,0,181.0
10110074CONDEJ_2026-03-31_G34,10110074CONDEJ,2026-03-31,111172,1,2,0,103.0
10110074CONDEJ_2026-03-31_G35,10110074CONDEJ,2026-03-31,111441,1,27,0,510.0
10110074CONDEJ_2026-03-31_G36,10110074CONDEJ,2026-03-31,109645,1,2,0,1402.0
10110074CONDEJ_2026-03-31_G37,10110074CONDEJ,2026-03-31,105705,1,12,0,165.0
10110074CONDEJ_2026-03-31_G38,10110074CONDEJ,2026-03-31,111444,1,6,0,87.0
10110074CONDEJ_2026-03-31_G39,10110074CONDEJ,2026-03-31,141457,1,2,0,62.0
10110074CONDEJ_2026-03-31_G40,10110074CONDEJ,2026-03-31,111172,1,7,0,36.0
10110074CONDEJ_2026-03-31_G41,10110074CONDEJ,2026-03-31,111463,1,6,0,112.0
10110074CONDEJ_2026-03-31_G42,10110074CONDEJ,2026-03-31,111532,1,5,0,50.0
10110074CONDEJ_2026-03-31_G43,10110074CONDEJ,2026-03-31,108711,4,19,44,46.0
10110074CONDEJ_2026-03-31_G44,10110074CONDEJ,2026-03-31,108711,4,139,33,35.0
10110074CONDEJ_2026-03-31_G45,10110074CONDEJ,2026-03-31,105705,1,8,0,2397.0
10110074CONDEJ_2026-03-31_G46,10110074CONDEJ,2026-03-31,117821,5,18,49,46.0
10110074CONDEJ_2026-03-31_G47,10110074CONDEJ,2026-03-31,117821,1,4,0,337.0
10110074CONDEJ_2026-03-31_G48,10110074CONDEJ,2026-03-31,111418,1,2,0,80.0
10110074CONDEJ_2026-03-31_G49,10110074CONDEJ,2026-03-31,117785,3,38,38,66.0
10110074CONDEJ_2026-03-31_G51,10110074CONDEJ,2026-03-31,142093,2,9,7,238.0
10110074CONDEJ_2026-03-31_G52,10110074CONDEJ,2026-03-31,110129,1,3,0,227.0
10110074CONDEJ_2026-03-31_G53,10110074CONDEJ,2026-03-31,111468,1,716,0,3459.0
10110074CONDEJ_2026-03-31_G54,10110074CONDEJ,2026-03-31,111468,1,15,0,372.0
10110074CONDEJ_2026-04-03_G02,10110074CONDEJ,2026-04-03,111743,1,50,0,308.0
10110074CONDEJ_2026-04-03_G03,10110074CONDEJ,2026-04-03,111463,1,200,0,488.0
10110074CONDEJ_2026-04-03_G04,10110074CONDEJ,2026-04-03,108711,1,50,0,1453.0
10110074CONDEJ_2026-04-03_G05,10110074CONDEJ,2026-04-03,118299,1,450,0,158.0
10110074CONDEJ_2026-04-03_G06,10110074CONDEJ,2026-04-03,117820,1,700,0,1101.0
10110074CONDEJ_2026-04-03_G07,10110074CONDEJ,2026-04-03,110372,1,150,0,467.0
10110076LIMAL_2025-10-28_G02,10110076LIMAL,2025-10-28,111172,1,4,0,171.0
10110076LIMAL_2025-10-28_G03,10110076LIMAL,2025-10-28,111532,1,20,0,199.0
10110076LIMAL_2025-10-28_G04,10110076LIMAL,2025-10-28,160051,1,1,0,748.0
10110076LIMAL_2025-10-28_G05,10110076LIMAL,2025-10-28,111759,1,2,0,73.0
10110076LIMAL_2025-10-28_G06,10110076LIMAL,2025-10-28,111634,1,6,0,574.0
10110076LIMAL_2025-10-28_G07,10110076LIMAL,2025-10-28,111634,1,8,0,44.0
10110076LIMAL_2025-10-28_G08,10110076LIMAL,2025-10-28,160051,1,3,0,715.0
10110076LIMAL_2025-10-29_G02,10110076LIMAL,2025-10-29,140988,1,2,0,55.0
10110076LIMAL_2025-11-01_G02,10110076LIMAL,2025-11-01,117820,1,50,0,77.0
10110076LIMAL_2025-11-01_G03,10110076LIMAL,2025-11-01,123492,1,8,0,106.0
10110076LIMAL_2025-11-01_G04,10110076LIMAL,2025-11-01,110317,1,2,0,81.0
10110076LIMAL_2025-11-01_G05,10110076LIMAL,2025-11-01,110317,1,2,0,36.0
10110076LIMAL_2025-11-01_G06,10110076LIMAL,2025-11-01,123520,1,20,0,117.0
10110076LIMAL_2025-11-01_G07,10110076LIMAL,2025-11-01,"110895, 109471",2,5,17,53.0
10110076LIMAL_2025-11-01_G08,10110076LIMAL,2025-11-01,107236,1,1,0,39.0
10110076LIMAL_2025-11-01_G09,10110076LIMAL,2025-11-01,107236,1,1,0,59.0
10110076LIMAL_2025-11-01_G10,10110076LIMAL,2025-11-01,107236,3,14,38,61.0
10110076LIMAL_2025-11-01_G11,10110076LIMAL,2025-11-01,123520,2,18,13,38.0
10110076LIMAL_2025-11-01_G12,10110076LIMAL,2025-11-01,"111723, 110787",2,66,8,38.0
10110076LIMAL_2025-11-01_G13,10110076LIMAL,2025-11-01,117820,1,60,0,49.0
10110076LIMAL_2025-11-01_G14,10110076LIMAL,2025-11-01,181235,1,2,0,50.0
10110076LIMAL_2025-11-01_G15,10110076LIMAL,2025-11-01,110743,1,4,0,120.0
10110076LIMAL_2025-11-01_G16,10110076LIMAL,2025-11-01,"117820, 123520",3,34,19,51.0
10110076LIMAL_2025-11-01_G17,10110076LIMAL,2025-11-01,110374,1,18,0,46.0
10110076LIMAL_2025-11-01_G18,10110076LIMAL,2025-11-01,"110895, 110374",2,12,12,34.0
10110076LIMAL_2025-11-01_G19,10110076LIMAL,2025-11-01,111441,3,17,12,32.0
10110076LIMAL_2025-11-01_G20,10110076LIMAL,2025-11-01,110895,1,4,0,148.0
10110076LIMAL_2025-11-01_G21,10110076LIMAL,2025-11-01,110895,2,13,5,140.0
10110076LIMAL_2025-11-01_G22,10110076LIMAL,2025-11-01,118279,1,2,0,113.0
10110076LIMAL_2025-11-03_G02,10110076LIMAL,2025-11-03,110895,1,4,0,169.0
10110076LIMAL_2025-11-03_G03,10110076LIMAL,2025-11-03,"110895, 141047",2,8,18,36.0
10110076LIMAL_2025-11-24_G02,10110076LIMAL,2025-11-24,117861,1,11,0,119.0
10110076LIMAL_2025-11-24_G03,10110076LIMAL,2025-11-24,122984,1,3,0,117.0
10110076LIMAL_2025-12-17_G02,10110076LIMAL,2025-12-17,111466,3,22,30,191.0
10110076LIMAL_2025-12-17_G03,10110076LIMAL,2025-12-17,"111466, 111462",2,24,15,72.0
10110076LIMAL_2025-12-26_G02,10110076LIMAL,2025-12-26,111879,1,169,0,224.0
10110076LIMAL_2025-12-26_G03,10110076LIMAL,2025-12-26,110515,1,12,0,54.0
10110076LIMAL_2025-12-26_G04,10110076LIMAL,2025-12-26,111532,1,329,0,295.0
10110076LIMAL_2025-12-27_G02,10110076LIMAL,2025-12-27,111330,2,3,17,116.0
10110076LIMAL_2025-12-29_G02,10110076LIMAL,2025-12-29,"108795, 110374",2,6,25,69.0
10110076LIMAL_2025-12-29_G03,10110076LIMAL,2025-12-29,111602,1,33,0,63.0
10110076LIMAL_2025-12-29_G04,10110076LIMAL,2025-12-29,"111330, 124594, 123345, 123313",4,114,62,63.0
10110076LIMAL_2025-12-29_G05,10110076LIMAL,2025-12-29,109649,1,53,0,325.0
10110076LIMAL_2025-12-29_G06,10110076LIMAL,2025-12-29,141916,1,10,0,99.0
10110076LIMAL_2025-12-29_G07,10110076LIMAL,2025-12-29,141457,1,1,0,243.0
10110076LIMAL_2025-12-30_G02,10110076LIMAL,2025-12-30,111442,1,2,0,872.0
10110076LIMAL_2025-12-30_G03,10110076LIMAL,2025-12-30,181057,1,12,0,270.0
10110076LIMAL_2025-12-30_G04,10110076LIMAL,2025-12-30,118222,1,4,0,431.0
10110076LIMAL_2025-12-30_G05,10110076LIMAL,2025-12-30,111442,4,38,35,132.0
10110076LIMAL_2025-12-30_G06,10110076LIMAL,2025-12-30,"118222, 111438, 117935, 111602, 109647, 117785, 111418, 111743, 111172",12,38,121,881.0
10110076LIMAL_2025-12-30_G07,10110076LIMAL,2025-12-30,"111634, 141262, 110372, 117809, 117830",5,6,52,54.0
10110076LIMAL_2025-12-30_G08,10110076LIMAL,2025-12-30,"110376, 118299, 117808, 117820, 124486, 122673, 123343",9,61,132,32.0
10110076LIMAL_2026-01-08_G02,10110076LIMAL,2026-01-08,181057,1,1,0,47.0
10110076LIMAL_2026-01-08_G03,10110076LIMAL,2026-01-08,181057,1,1,0,32.0
10110076LIMAL_2026-01-08_G04,10110076LIMAL,2026-01-08,123345,1,1,0,85.0
10110076LIMAL_2026-01-08_G05,10110076LIMAL,2026-01-08,118222,1,1,0,86.0
10110076LIMAL_2026-01-08_G06,10110076LIMAL,2026-01-08,"111532, 117808, 110372, 118299, 117830",5,13,36,39.0
10110076LIMAL_2026-01-08_G08,10110076LIMAL,2026-01-08,118418,1,10,0,384.0
10110076LIMAL_2026-01-08_G09,10110076LIMAL,2026-01-08,123562,1,40,0,98.0
10110076LIMAL_2026-01-19_G02,10110076LIMAL,2026-01-19,108993,1,2,0,116.0
10110076LIMAL_2026-01-19_G03,10110076LIMAL,2026-01-19,123822,1,20,0,504.0
10110076LIMAL_2026-01-20_G02,10110076LIMAL,2026-01-20,108770,1,2,0,100.0
10110076LIMAL_2026-01-20_G03,10110076LIMAL,2026-01-20,141458,1,4,0,75.0
10110076LIMAL_2026-01-20_G04,10110076LIMAL,2026-01-20,141458,1,2,0,101.0
10110076LIMAL_2026-01-20_G05,10110076LIMAL,2026-01-20,141458,1,25,0,135.0
10110076LIMAL_2026-01-20_G06,10110076LIMAL,2026-01-20,"111463, 141458",2,24,30,65.0
10110076LIMAL_2026-01-20_G07,10110076LIMAL,2026-01-20,141458,1,25,0,47.0
10110076LIMAL_2026-01-20_G08,10110076LIMAL,2026-01-20,111602,1,8,0,65.0
10110076LIMAL_2026-01-22_G02,10110076LIMAL,2026-01-22,"108701, 140923, 110756, 111602, 108795, 111532, 111463, 118299, 110372, 117820, 110371, 109643, 117808, 110373, 117830, 117832",23,173,190,50.0
10110076LIMAL_2026-01-22_G03,10110076LIMAL,2026-01-22,124370,1,1,0,77.0
10110076LIMAL_2026-01-23_G03,10110076LIMAL,2026-01-23,"117838, 110371",2,39,17,76.0
10110076LIMAL_2026-01-23_G04,10110076LIMAL,2026-01-23,"122967, 123822",2,84,19,249.0
10110076LIMAL_2026-01-23_G05,10110076LIMAL,2026-01-23,122967,1,20,0,39.0
10110076LIMAL_2026-01-28_G02,10110076LIMAL,2026-01-28,"111754, 118191, 111759",3,130,44,123.0
10110076LIMAL_2026-01-28_G03,10110076LIMAL,2026-01-28,118191,1,30,0,48.0
10110076LIMAL_2026-01-28_G04,10110076LIMAL,2026-01-28,111724,1,4,0,212.0
10110076LIMAL_2026-01-28_G05,10110076LIMAL,2026-01-28,117808,1,108,0,114.0
10110076LIMAL_2026-01-29_G02,10110076LIMAL,2026-01-29,141141,1,8,0,47.0
10110076LIMAL_2026-01-29_G04,10110076LIMAL,2026-01-29,124247,2,10,15,36.0
10110076LIMAL_2026-01-29_G05,10110076LIMAL,2026-01-29,124486,1,6,0,95.0
10110076LIMAL_2026-01-29_G06,10110076LIMAL,2026-01-29,122671,1,4,0,278.0
10110076LIMAL_2026-01-29_G07,10110076LIMAL,2026-01-29,124476,1,6,0,148.0
10110076LIMAL_2026-01-29_G08,10110076LIMAL,2026-01-29,121923,2,4,11,93.0
10110076LIMAL_2026-01-29_G09,10110076LIMAL,2026-01-29,123313,1,4,0,199.0
10110076LIMAL_2026-01-29_G10,10110076LIMAL,2026-01-29,123343,1,9,0,313.0
10110076LIMAL_2026-01-29_G11,10110076LIMAL,2026-01-29,123343,1,5,0,141.0
10110076LIMAL_2026-01-29_G12,10110076LIMAL,2026-01-29,124486,1,18,0,252.0
10110076LIMAL_2026-01-29_G13,10110076LIMAL,2026-01-29,124486,1,17,0,308.0
10110076LIMAL_2026-01-29_G14,10110076LIMAL,2026-01-29,122671,1,2,0,286.0
10110076LIMAL_2026-01-29_G15,10110076LIMAL,2026-01-29,123492,1,2,0,194.0
10110076LIMAL_2026-01-29_G16,10110076LIMAL,2026-01-29,122962,1,15,0,373.0
10110076LIMAL_2026-01-29_G17,10110076LIMAL,2026-01-29,122962,1,31,0,66.0
10110076LIMAL_2026-01-29_G18,10110076LIMAL,2026-01-29,122962,1,31,0,59.0
10110076LIMAL_2026-01-29_G19,10110076LIMAL,2026-01-29,123909,1,14,0,564.0
10110076LIMAL_2026-01-29_G20,10110076LIMAL,2026-01-29,124486,1,23,0,1277.0
10110076LIMAL_2026-01-29_G21,10110076LIMAL,2026-01-29,181887,1,4,0,317.0
10110076LIMAL_2026-01-29_G22,10110076LIMAL,2026-01-29,181056,1,4,0,456.0
10110076LIMAL_2026-01-29_G23,10110076LIMAL,2026-01-29,181057,1,2,0,107.0
10110076LIMAL_2026-01-29_G24,10110076LIMAL,2026-01-29,123345,1,4,0,199.0
10110076LIMAL_2026-01-29_G25,10110076LIMAL,2026-01-29,124247,1,3,0,179.0
10110076LIMAL_2026-01-29_G26,10110076LIMAL,2026-01-29,122671,1,2,0,149.0
10110076LIMAL_2026-01-29_G27,10110076LIMAL,2026-01-29,122673,1,12,0,186.0
10110076LIMAL_2026-01-29_G28,10110076LIMAL,2026-01-29,122647,1,2,0,90.0
10110076LIMAL_2026-01-29_G29,10110076LIMAL,2026-01-29,124624,1,8,0,471.0
10110076LIMAL_2026-01-31_G02,10110076LIMAL,2026-01-31,"122967, 141262",3,15,34,76.0
10110076LIMAL_2026-01-31_G03,10110076LIMAL,2026-01-31,"110325, 110390, 111438",3,9,21,59.0
10110076LIMAL_2026-01-31_G04,10110076LIMAL,2026-01-31,111530,1,90,0,116.0
10110076LIMAL_2026-01-31_G05,10110076LIMAL,2026-01-31,"111742, 111330",2,13,24,34.0
10110076LIMAL_2026-01-31_G06,10110076LIMAL,2026-01-31,141262,1,8,0,47.0
10110076LIMAL_2026-01-31_G07,10110076LIMAL,2026-01-31,"141141, 111330",3,10,23,56.0
10110076LIMAL_2026-01-31_G08,10110076LIMAL,2026-01-31,111530,1,15,0,96.0
10110076LIMAL_2026-02-05_G02,10110076LIMAL,2026-02-05,141456,1,4,0,56.0
10110076LIMAL_2026-02-14_G02,10110076LIMAL,2026-02-14,123153,1,12,0,170.0
10110076LIMAL_2026-02-23_G02,10110076LIMAL,2026-02-23,124370,1,97,0,255.0
10110076LIMAL_2026-02-23_G03,10110076LIMAL,2026-02-23,124370,1,3,0,57.0
10110076LIMAL_2026-02-23_G04,10110076LIMAL,2026-02-23,124370,1,20,0,74.0
10110076LIMAL_2026-02-25_G02,10110076LIMAL,2026-02-25,118271,1,4,0,491.0
10110076LIMAL_2026-02-27_G02,10110076LIMAL,2026-02-27,141457,1,150,0,154.0
10110076LIMAL_2026-02-28_G02,10110076LIMAL,2026-02-28,105705,1,12,0,255.0
10110076LIMAL_2026-03-02_G02,10110076LIMAL,2026-03-02,124548,2,240,10,38.0
10110076LIMAL_2026-03-05_G02,10110076LIMAL,2026-03-05,"111602, 111530, 141352",5,187,49,99.0
10110076LIMAL_2026-03-05_G03,10110076LIMAL,2026-03-05,"140922, 109649, 111462, 141457, 117809, 110325, 118191, 110372, 117808, 118299",13,141,134,37.0
10110076LIMAL_2026-03-05_G04,10110076LIMAL,2026-03-05,124371,1,32,0,47.0
10110076LIMAL_2026-03-06_G02,10110076LIMAL,2026-03-06,124728,1,120,0,48.0
10110076LIMAL_2026-03-06_G03,10110076LIMAL,2026-03-06,124728,1,10,0,50.0
10110076LIMAL_2026-03-06_G04,10110076LIMAL,2026-03-06,124486,1,3,0,42.0
10110076LIMAL_2026-03-06_G05,10110076LIMAL,2026-03-06,111722,1,10,0,61.0
10110076LIMAL_2026-03-06_G06,10110076LIMAL,2026-03-06,"124728, 124248",2,8,11,40.0
10110076LIMAL_2026-03-06_G07,10110076LIMAL,2026-03-06,124728,1,4,0,105.0
10110076LIMAL_2026-03-06_G08,10110076LIMAL,2026-03-06,124370,1,1,0,222.0
10110076LIMAL_2026-03-06_G09,10110076LIMAL,2026-03-06,141155,1,4,0,301.0
10110076LIMAL_2026-03-06_G10,10110076LIMAL,2026-03-06,"124728, 124248",2,6,7,86.0
10110076LIMAL_2026-03-06_G11,10110076LIMAL,2026-03-06,124728,1,4,0,50.0
10110076LIMAL_2026-03-06_G12,10110076LIMAL,2026-03-06,"123909, 124728",4,40,69,105.0
10110076LIMAL_2026-03-10_G02,10110076LIMAL,2026-03-10,124371,1,6,0,230.0
10110076LIMAL_2026-03-10_G03,10110076LIMAL,2026-03-10,124475,1,6,0,187.0
10110076LIMAL_2026-03-11_G02,10110076LIMAL,2026-03-11,118290,1,4,0,369.0
10110076LIMAL_2026-03-11_G03,10110076LIMAL,2026-03-11,141166,1,10,0,235.0
10110076LIMAL_2026-03-11_G04,10110076LIMAL,2026-03-11,110752,1,4,0,115.0
10110076LIMAL_2026-03-11_G05,10110076LIMAL,2026-03-11,110313,1,6,0,68.0
10110076LIMAL_2026-03-11_G06,10110076LIMAL,2026-03-11,110741,1,2,0,68.0
10110076LIMAL_2026-03-11_G07,10110076LIMAL,2026-03-11,109647,1,6,0,88.0
10110076LIMAL_2026-03-11_G08,10110076LIMAL,2026-03-11,111602,1,20,0,252.0
10110076LIMAL_2026-03-11_G09,10110076LIMAL,2026-03-11,117855,1,100,0,359.0
10110076LIMAL_2026-03-11_G10,10110076LIMAL,2026-03-11,110339,1,30,0,383.0
10110076LIMAL_2026-03-11_G11,10110076LIMAL,2026-03-11,141047,1,9,0,233.0
10110076LIMAL_2026-03-11_G12,10110076LIMAL,2026-03-11,140922,1,7,0,80.0
10110076LIMAL_2026-03-11_G13,10110076LIMAL,2026-03-11,111348,1,3,0,40.0
10110076LIMAL_2026-03-11_G14,10110076LIMAL,2026-03-11,117833,1,3,0,62.0
10110076LIMAL_2026-03-11_G15,10110076LIMAL,2026-03-11,140923,1,42,0,299.0
10110076LIMAL_2026-03-11_G16,10110076LIMAL,2026-03-11,117821,1,10,0,433.0
10110076LIMAL_2026-03-11_G17,10110076LIMAL,2026-03-11,111743,1,6,0,118.0
10110076LIMAL_2026-03-11_G18,10110076LIMAL,2026-03-11,109645,1,10,0,139.0
10110076LIMAL_2026-03-11_G19,10110076LIMAL,2026-03-11,111469,1,96,0,776.0
10110076LIMAL_2026-03-11_G20,10110076LIMAL,2026-03-11,109641,1,36,0,396.0
10110076LIMAL_2026-03-11_G21,10110076LIMAL,2026-03-11,111431,1,2,0,97.0
10110076LIMAL_2026-03-11_G22,10110076LIMAL,2026-03-11,111443,1,2,0,82.0
10110076LIMAL_2026-03-11_G23,10110076LIMAL,2026-03-11,141823,1,7,0,70.0
10110076LIMAL_2026-03-11_G24,10110076LIMAL,2026-03-11,105705,1,14,0,101.0
10110076LIMAL_2026-03-11_G25,10110076LIMAL,2026-03-11,111418,1,62,0,316.0
10110076LIMAL_2026-03-11_G26,10110076LIMAL,2026-03-11,142093,1,22,0,717.0
10110076LIMAL_2026-03-11_G27,10110076LIMAL,2026-03-11,111463,1,35,0,253.0
10110076LIMAL_2026-03-11_G28,10110076LIMAL,2026-03-11,110374,1,24,0,500.0
10110076LIMAL_2026-03-11_G29,10110076LIMAL,2026-03-11,109643,1,6,0,79.0
10110076LIMAL_2026-03-11_G30,10110076LIMAL,2026-03-11,110325,1,9,0,107.0
10110076LIMAL_2026-03-11_G31,10110076LIMAL,2026-03-11,141202,1,3,0,58.0
10110076LIMAL_2026-03-11_G32,10110076LIMAL,2026-03-11,117832,1,3,0,99.0
10110076LIMAL_2026-03-11_G33,10110076LIMAL,2026-03-11,110372,1,104,0,231.0
10110076LIMAL_2026-03-11_G34,10110076LIMAL,2026-03-11,110372,1,2,0,48.0
10110076LIMAL_2026-03-11_G35,10110076LIMAL,2026-03-11,110373,1,47,0,617.0
10110076LIMAL_2026-03-11_G36,10110076LIMAL,2026-03-11,111330,1,3,0,247.0
10110076LIMAL_2026-03-11_G37,10110076LIMAL,2026-03-11,111348,1,2,0,133.0
10110076LIMAL_2026-03-11_G38,10110076LIMAL,2026-03-11,111462,1,2,0,99.0
10110076LIMAL_2026-03-11_G39,10110076LIMAL,2026-03-11,"109641, 111442",3,5,53,113.0
10110076LIMAL_2026-03-11_G40,10110076LIMAL,2026-03-11,109645,1,3,0,105.0
10110076LIMAL_2026-03-11_G41,10110076LIMAL,2026-03-11,141457,1,4,0,61.0
10110076LIMAL_2026-03-11_G42,10110076LIMAL,2026-03-11,141823,1,4,0,34.0
10110076LIMAL_2026-03-11_G43,10110076LIMAL,2026-03-11,111469,1,6,0,78.0
10110076LIMAL_2026-03-11_G44,10110076LIMAL,2026-03-11,110372,1,6,0,236.0
10110076LIMAL_2026-03-11_G45,10110076LIMAL,2026-03-11,110374,1,2,0,130.0
10110076LIMAL_2026-03-11_G46,10110076LIMAL,2026-03-11,109643,1,5,0,73.0
10110076LIMAL_2026-03-11_G47,10110076LIMAL,2026-03-11,118299,1,2,0,260.0
10110076LIMAL_2026-03-13_G02,10110076LIMAL,2026-03-13,140922,1,14,0,154.0
10110076LIMAL_2026-03-13_G03,10110076LIMAL,2026-03-13,118285,1,2,0,51.0
10110076LIMAL_2026-03-13_G04,10110076LIMAL,2026-03-13,111532,1,24,0,117.0
10110076LIMAL_2026-03-13_G05,10110076LIMAL,2026-03-13,111462,1,3,0,90.0
10110076LIMAL_2026-03-13_G06,10110076LIMAL,2026-03-13,111743,1,1,0,57.0
10110076LIMAL_2026-03-13_G07,10110076LIMAL,2026-03-13,142093,1,19,0,308.0
10110076LIMAL_2026-03-13_G08,10110076LIMAL,2026-03-13,141271,1,16,0,114.0
10110076LIMAL_2026-03-13_G09,10110076LIMAL,2026-03-13,110787,1,3,0,104.0
10110076LIMAL_2026-03-13_G10,10110076LIMAL,2026-03-13,141456,1,12,0,251.0
10110076LIMAL_2026-03-13_G11,10110076LIMAL,2026-03-13,111418,1,8,0,59.0
10110076LIMAL_2026-03-13_G12,10110076LIMAL,2026-03-13,118223,1,4,0,50.0
10110076LIMAL_2026-03-13_G13,10110076LIMAL,2026-03-13,111463,1,8,0,114.0
10110076LIMAL_2026-03-13_G14,10110076LIMAL,2026-03-13,141457,1,8,0,78.0
10110076LIMAL_2026-03-13_G15,10110076LIMAL,2026-03-13,141823,1,4,0,64.0
10110076LIMAL_2026-03-13_G16,10110076LIMAL,2026-03-13,111469,1,8,0,66.0
10110076LIMAL_2026-03-13_G17,10110076LIMAL,2026-03-13,141458,1,13,0,100.0
10110076LIMAL_2026-03-13_G18,10110076LIMAL,2026-03-13,117785,1,41,0,556.0
10110076LIMAL_2026-03-14_G02,10110076LIMAL,2026-03-14,111751,1,1,0,44.0
10110076LIMAL_2026-03-18_G02,10110076LIMAL,2026-03-18,111182,1,3,0,2052.0
10110076LIMAL_2026-03-18_G03,10110076LIMAL,2026-03-18,111876,1,2,0,36.0
10110076LIMAL_2026-03-18_G05,10110076LIMAL,2026-03-18,"118094, 111876",3,12,20,2918.0
10110076LIMAL_2026-03-19_G02,10110076LIMAL,2026-03-19,111441,1,1,0,43.0
10110076LIMAL_2026-03-19_G03,10110076LIMAL,2026-03-19,111441,1,1,0,91.0
10110076LIMAL_2026-03-19_G05,10110076LIMAL,2026-03-19,"124624, 122195",2,87,19,54.0
10110076LIMAL_2026-03-20_G02,10110076LIMAL,2026-03-20,124475,1,7,0,251.0
10110076LIMAL_2026-03-20_G03,10110076LIMAL,2026-03-20,124370,1,16,0,310.0
10110076LIMAL_2026-03-20_G04,10110076LIMAL,2026-03-20,121760,1,8,0,84.0
10110076LIMAL_2026-03-20_G05,10110076LIMAL,2026-03-20,123344,1,20,0,291.0
10110076LIMAL_2026-03-20_G06,10110076LIMAL,2026-03-20,124248,1,10,0,322.0
10110076LIMAL_2026-03-20_G07,10110076LIMAL,2026-03-20,124248,1,110,0,1208.0
10110076LIMAL_2026-03-20_G09,10110076LIMAL,2026-03-20,122962,1,8,0,274.0
10110076LIMAL_2026-03-20_G10,10110076LIMAL,2026-03-20,120271,1,1,0,158.0
10110076LIMAL_2026-03-20_G11,10110076LIMAL,2026-03-20,123561,1,12,0,261.0
10110076LIMAL_2026-03-20_G12,10110076LIMAL,2026-03-20,124371,1,8,0,200.0
10110076LIMAL_2026-03-20_G13,10110076LIMAL,2026-03-20,122185,1,6,0,163.0
10110076LIMAL_2026-03-20_G14,10110076LIMAL,2026-03-20,120389,1,22,0,307.0
10110076LIMAL_2026-03-20_G15,10110076LIMAL,2026-03-20,122983,1,8,0,209.0
10110076LIMAL_2026-03-20_G16,10110076LIMAL,2026-03-20,124477,1,3,0,579.0
10110076LIMAL_2026-03-20_G17,10110076LIMAL,2026-03-20,122962,1,4,0,61.0
10110076LIMAL_2026-03-20_G18,10110076LIMAL,2026-03-20,124582,1,4,0,263.0
10110076LIMAL_2026-03-20_G19,10110076LIMAL,2026-03-20,122185,1,4,0,138.0
10110076LIMAL_2026-03-20_G20,10110076LIMAL,2026-03-20,124248,1,24,0,642.0
10110076LIMAL_2026-03-20_G21,10110076LIMAL,2026-03-20,122983,1,24,0,799.0
10110076LIMAL_2026-03-20_G22,10110076LIMAL,2026-03-20,121760,1,10,0,212.0
10110076LIMAL_2026-03-20_G23,10110076LIMAL,2026-03-20,121651,1,2,0,219.0
10110076LIMAL_2026-03-20_G24,10110076LIMAL,2026-03-20,122962,1,2,0,210.0
10110076LIMAL_2026-03-20_G25,10110076LIMAL,2026-03-20,124247,1,2,0,94.0
10110076LIMAL_2026-03-20_G26,10110076LIMAL,2026-03-20,124582,1,8,0,293.0
10110076LIMAL_2026-03-20_G27,10110076LIMAL,2026-03-20,122185,1,16,0,190.0
10110076LIMAL_2026-03-23_G02,10110076LIMAL,2026-03-23,111876,2,7,17,42.0
10110076LIMAL_2026-03-28_G02,10110076LIMAL,2026-03-28,117821,1,4,0,135.0
10110076LIMAL_2026-03-28_G03,10110076LIMAL,2026-03-28,117785,1,2,0,160.0
10110076LIMAL_2026-03-28_G04,10110076LIMAL,2026-03-28,141457,2,4,22,104.0
10110076LIMAL_2026-03-28_G05,10110076LIMAL,2026-03-28,111463,1,3,0,139.0
10110076LIMAL_2026-03-28_G06,10110076LIMAL,2026-03-28,111468,1,2,0,173.0
10110076LIMAL_2026-03-28_G07,10110076LIMAL,2026-03-28,142093,1,4,0,180.0
10110076LIMAL_2026-03-28_G08,10110076LIMAL,2026-03-28,110895,1,2,0,526.0
10110076LIMAL_2026-03-28_G09,10110076LIMAL,2026-03-28,142045,1,4,0,231.0
10110076LIMAL_2026-03-28_G10,10110076LIMAL,2026-03-28,117820,1,8,0,541.0
10110076LIMAL_2026-03-28_G11,10110076LIMAL,2026-03-28,110373,1,8,0,179.0
10110076LIMAL_2026-03-28_G12,10110076LIMAL,2026-03-28,110372,1,5,0,172.0
10110076LIMAL_2026-03-28_G13,10110076LIMAL,2026-03-28,117808,1,10,0,565.0
10110076LIMAL_2026-03-28_G14,10110076LIMAL,2026-03-28,109643,1,4,0,168.0
10110076LIMAL_2026-03-28_G15,10110076LIMAL,2026-03-28,118299,1,14,0,225.0
10110076LIMAL_2026-03-28_G16,10110076LIMAL,2026-03-28,117830,1,7,0,247.0
10110076LIMAL_2026-03-28_G17,10110076LIMAL,2026-03-28,118094,1,3,0,538.0
10110076LIMAL_2026-03-28_G18,10110076LIMAL,2026-03-28,111530,1,1,0,48.0
10110076LIMAL_2026-03-28_G19,10110076LIMAL,2026-03-28,140923,1,4,0,136.0
10110076LIMAL_2026-03-28_G20,10110076LIMAL,2026-03-28,117856,1,2,0,72.0
10110076LIMAL_2026-03-28_G21,10110076LIMAL,2026-03-28,117861,1,2,0,119.0
10110076LIMAL_2026-03-28_G22,10110076LIMAL,2026-03-28,109640,1,3,0,99.0
10110076LIMAL_2026-03-28_G23,10110076LIMAL,2026-03-28,117862,1,4,0,118.0
10110076LIMAL_2026-03-28_G24,10110076LIMAL,2026-03-28,110372,1,8,0,442.0
10110076LIMAL_2026-03-28_G25,10110076LIMAL,2026-03-28,118299,1,10,0,255.0
10110076LIMAL_2026-03-28_G26,10110076LIMAL,2026-03-28,140923,1,1,0,183.0
10110076LIMAL_2026-03-28_G27,10110076LIMAL,2026-03-28,117809,1,1,0,187.0
10110076LIMAL_2026-03-28_G28,10110076LIMAL,2026-03-28,118299,1,10,0,116.0
10110076LIMAL_2026-03-28_G29,10110076LIMAL,2026-03-28,111462,1,4,0,365.0
10110076LIMAL_2026-03-28_G30,10110076LIMAL,2026-03-28,111465,1,4,0,133.0
10110076LIMAL_2026-03-28_G31,10110076LIMAL,2026-03-28,111463,1,4,0,103.0
10110076LIMAL_2026-03-28_G32,10110076LIMAL,2026-03-28,111468,1,2,0,158.0
10110076LIMAL_2026-03-28_G33,10110076LIMAL,2026-03-28,117831,1,2,0,152.0
10110076LIMAL_2026-03-28_G34,10110076LIMAL,2026-03-28,117809,1,6,0,1029.0
10110076LIMAL_2026-03-28_G35,10110076LIMAL,2026-03-28,117820,1,2,0,64.0
10110076LIMAL_2026-03-28_G36,10110076LIMAL,2026-03-28,110373,1,1,0,98.0
10110076LIMAL_2026-03-28_G37,10110076LIMAL,2026-03-28,141202,1,2,0,122.0
10110076LIMAL_2026-03-28_G38,10110076LIMAL,2026-03-28,110325,1,3,0,76.0
10110076LIMAL_2026-03-28_G39,10110076LIMAL,2026-03-28,110372,1,20,0,188.0
10110076LIMAL_2026-03-28_G40,10110076LIMAL,2026-03-28,118299,1,20,0,156.0
10110076LIMAL_2026-03-28_G41,10110076LIMAL,2026-03-28,140957,1,1,0,188.0
10110076LIMAL_2026-03-28_G42,10110076LIMAL,2026-03-28,109640,1,2,0,259.0
10110076LIMAL_2026-03-28_G43,10110076LIMAL,2026-03-28,108770,3,16,33,1411.0
10110076LIMAL_2026-03-28_G44,10110076LIMAL,2026-03-28,110895,1,10,0,591.0
10110076LIMAL_2026-03-28_G45,10110076LIMAL,2026-03-28,110895,1,20,0,69.0
10110076LIMAL_2026-03-28_G46,10110076LIMAL,2026-03-28,108770,2,8,9,217.0
10110076LIMAL_2026-03-28_G47,10110076LIMAL,2026-03-28,110742,1,4,0,232.0
10110076LIMAL_2026-03-28_G48,10110076LIMAL,2026-03-28,118306,1,20,0,537.0
10110076LIMAL_2026-03-28_G49,10110076LIMAL,2026-03-28,117785,1,40,0,302.0
10110076LIMAL_2026-03-28_G50,10110076LIMAL,2026-03-28,110332,1,4,0,287.0
10110076LIMAL_2026-03-28_G51,10110076LIMAL,2026-03-28,141457,3,38,37,61.0
10110076LIMAL_2026-03-28_G52,10110076LIMAL,2026-03-28,141457,2,49,29,156.0
10110076LIMAL_2026-03-28_G53,10110076LIMAL,2026-03-28,117838,1,20,0,518.0
10110076LIMAL_2026-03-28_G54,10110076LIMAL,2026-03-28,111463,2,30,17,500.0
10110076LIMAL_2026-03-28_G55,10110076LIMAL,2026-03-28,110787,1,40,0,353.0
10110076LIMAL_2026-03-28_G56,10110076LIMAL,2026-03-28,117833,1,30,0,736.0
10110076LIMAL_2026-03-28_G57,10110076LIMAL,2026-03-28,111468,1,40,0,242.0
10110076LIMAL_2026-03-28_G58,10110076LIMAL,2026-03-28,110740,1,10,0,340.0
10110076LIMAL_2026-03-28_G59,10110076LIMAL,2026-03-28,117831,1,20,0,281.0
10110076LIMAL_2026-03-28_G60,10110076LIMAL,2026-03-28,141823,1,20,0,294.0
10110076LIMAL_2026-03-28_G61,10110076LIMAL,2026-03-28,111466,1,2,0,403.0
10110076LIMAL_2026-03-28_G62,10110076LIMAL,2026-03-28,117787,1,20,0,596.0
10110077NASCIMENTOW_2025-10-28_G02,10110077NASCIMENTOW,2025-10-28,122673,1,60,0,2448.0
10110077NASCIMENTOW_2025-10-28_G03,10110077NASCIMENTOW,2025-10-28,123889,1,12,0,1683.0
10110077NASCIMENTOW_2025-10-28_G04,10110077NASCIMENTOW,2025-10-28,120028,1,20,0,1242.0
10110077NASCIMENTOW_2025-10-28_G05,10110077NASCIMENTOW,2025-10-28,122185,1,12,0,743.0
10110077NASCIMENTOW_2025-10-28_G06,10110077NASCIMENTOW,2025-10-28,124248,1,10,0,438.0
10110077NASCIMENTOW_2025-10-28_G07,10110077NASCIMENTOW,2025-10-28,123344,1,4,0,553.0
10110077NASCIMENTOW_2025-10-28_G08,10110077NASCIMENTOW,2025-10-28,123909,1,4,0,589.0
10110077NASCIMENTOW_2025-10-28_G09,10110077NASCIMENTOW,2025-10-28,121760,1,1,0,221.0
10110077NASCIMENTOW_2025-10-28_G10,10110077NASCIMENTOW,2025-10-28,123345,1,6,0,335.0
10110077NASCIMENTOW_2025-10-28_G11,10110077NASCIMENTOW,2025-10-28,123822,1,3,0,573.0
10110077NASCIMENTOW_2025-10-28_G12,10110077NASCIMENTOW,2025-10-28,124370,1,9,0,551.0
10110077NASCIMENTOW_2025-10-28_G13,10110077NASCIMENTOW,2025-10-28,124247,1,2,0,336.0
10110077NASCIMENTOW_2025-10-28_G14,10110077NASCIMENTOW,2025-10-28,121651,1,8,0,611.0
10110077NASCIMENTOW_2025-10-28_G15,10110077NASCIMENTOW,2025-10-28,123345,2,20,18,473.0
10110077NASCIMENTOW_2025-10-28_G16,10110077NASCIMENTOW,2025-10-28,122962,1,20,0,602.0
10110077NASCIMENTOW_2025-10-28_G17,10110077NASCIMENTOW,2025-10-28,123822,1,2,0,196.0
10110077NASCIMENTOW_2025-10-28_G18,10110077NASCIMENTOW,2025-10-28,122673,1,4,0,609.0
10110077NASCIMENTOW_2025-10-28_G19,10110077NASCIMENTOW,2025-10-28,124247,1,2,0,294.0
10110077NASCIMENTOW_2025-10-28_G20,10110077NASCIMENTOW,2025-10-28,122673,1,20,0,682.0
10110077NASCIMENTOW_2025-10-28_G21,10110077NASCIMENTOW,2025-10-28,124247,1,6,0,479.0
10110077NASCIMENTOW_2025-10-28_G22,10110077NASCIMENTOW,2025-10-28,123345,1,4,0,191.0
10110077NASCIMENTOW_2025-10-28_G23,10110077NASCIMENTOW,2025-10-28,122984,1,10,0,634.0
10110077NASCIMENTOW_2025-10-28_G25,10110077NASCIMENTOW,2025-10-28,124475,1,4,0,418.0
10110077NASCIMENTOW_2025-10-28_G26,10110077NASCIMENTOW,2025-10-28,122703,1,4,0,212.0
10110077NASCIMENTOW_2025-10-28_G27,10110077NASCIMENTOW,2025-10-28,124486,1,6,0,400.0
10110077NASCIMENTOW_2025-10-28_G28,10110077NASCIMENTOW,2025-10-28,121923,1,2,0,1660.0
10110077NASCIMENTOW_2025-10-28_G29,10110077NASCIMENTOW,2025-10-28,123344,1,8,0,1903.0
10110077NASCIMENTOW_2025-10-28_G30,10110077NASCIMENTOW,2025-10-28,123343,1,8,0,1869.0
10110077NASCIMENTOW_2025-10-29_G02,10110077NASCIMENTOW,2025-10-29,124371,1,20,0,2195.0
10110077NASCIMENTOW_2025-10-29_G03,10110077NASCIMENTOW,2025-10-29,122673,1,1,0,409.0
10110077NASCIMENTOW_2025-10-29_G05,10110077NASCIMENTOW,2025-10-29,122647,1,4,0,198.0
10110077NASCIMENTOW_2025-10-29_G06,10110077NASCIMENTOW,2025-10-29,124370,1,12,0,526.0
10110077NASCIMENTOW_2025-10-29_G07,10110077NASCIMENTOW,2025-10-29,124486,1,78,0,2680.0
10110077NASCIMENTOW_2025-10-29_G08,10110077NASCIMENTOW,2025-10-29,124486,1,20,0,730.0
10110077NASCIMENTOW_2025-10-29_G09,10110077NASCIMENTOW,2025-10-29,181057,1,6,0,1593.0
10110077NASCIMENTOW_2025-10-29_G10,10110077NASCIMENTOW,2025-10-29,181057,1,2,0,326.0
10110077NASCIMENTOW_2025-10-29_G11,10110077NASCIMENTOW,2025-10-29,181057,1,6,0,187.0
10110077NASCIMENTOW_2025-10-29_G13,10110077NASCIMENTOW,2025-10-29,122962,1,31,0,661.0
10110077NASCIMENTOW_2025-10-29_G14,10110077NASCIMENTOW,2025-10-29,124264,1,4,0,600.0
10110077NASCIMENTOW_2025-10-29_G15,10110077NASCIMENTOW,2025-10-29,123889,1,8,0,606.0
10110077NASCIMENTOW_2025-10-29_G16,10110077NASCIMENTOW,2025-10-29,124371,1,4,0,495.0
10110077NASCIMENTOW_2025-10-29_G17,10110077NASCIMENTOW,2025-10-29,123822,1,56,0,1871.0
10110077NASCIMENTOW_2025-10-29_G18,10110077NASCIMENTOW,2025-10-29,123492,1,4,0,2467.0
10110077NASCIMENTOW_2025-10-29_G19,10110077NASCIMENTOW,2025-10-29,181057,1,5,0,464.0
10110077NASCIMENTOW_2025-10-30_G02,10110077NASCIMENTOW,2025-10-30,120008,1,10,0,618.0
10110077NASCIMENTOW_2025-10-30_G03,10110077NASCIMENTOW,2025-10-30,122962,1,108,0,3427.0
10110077NASCIMENTOW_2025-10-30_G04,10110077NASCIMENTOW,2025-10-30,124511,1,70,0,3162.0
10110077NASCIMENTOW_2025-10-30_G05,10110077NASCIMENTOW,2025-10-30,124370,1,12,0,484.0
10110077NASCIMENTOW_2025-10-30_G06,10110077NASCIMENTOW,2025-10-30,122982,1,4,0,337.0
10110077NASCIMENTOW_2025-10-30_G07,10110077NASCIMENTOW,2025-10-30,124486,1,34,0,537.0
10110077NASCIMENTOW_2025-10-30_G08,10110077NASCIMENTOW,2025-10-30,121651,1,30,0,710.0
10110077NASCIMENTOW_2025-10-30_G09,10110077NASCIMENTOW,2025-10-30,123344,1,20,0,1289.0
10110077NASCIMENTOW_2025-10-30_G10,10110077NASCIMENTOW,2025-10-30,122962,1,20,0,448.0
10110077NASCIMENTOW_2025-10-30_G11,10110077NASCIMENTOW,2025-10-30,122671,1,8,0,423.0
10110077NASCIMENTOW_2025-10-30_G12,10110077NASCIMENTOW,2025-10-30,124370,1,20,0,462.0
10110077NASCIMENTOW_2025-10-30_G13,10110077NASCIMENTOW,2025-10-30,122982,1,12,0,356.0
10110077NASCIMENTOW_2025-10-30_G14,10110077NASCIMENTOW,2025-10-30,122982,1,16,0,892.0
10110077NASCIMENTOW_2025-10-30_G15,10110077NASCIMENTOW,2025-10-30,121651,1,12,0,445.0
10110077NASCIMENTOW_2025-10-30_G17,10110077NASCIMENTOW,2025-10-30,123345,1,30,0,838.0
10110077NASCIMENTOW_2025-10-31_G02,10110077NASCIMENTOW,2025-10-31,122673,1,10,0,542.0
10110077NASCIMENTOW_2025-10-31_G03,10110077NASCIMENTOW,2025-10-31,123343,1,4,0,272.0
10110077NASCIMENTOW_2025-10-31_G05,10110077NASCIMENTOW,2025-10-31,122982,1,12,0,708.0
10110077NASCIMENTOW_2025-10-31_G06,10110077NASCIMENTOW,2025-10-31,122988,1,8,0,276.0
10110077NASCIMENTOW_2025-10-31_G07,10110077NASCIMENTOW,2025-10-31,123561,1,20,0,364.0
10110077NASCIMENTOW_2025-10-31_G08,10110077NASCIMENTOW,2025-10-31,118140,1,2,0,776.0
10110077NASCIMENTOW_2025-10-31_G09,10110077NASCIMENTOW,2025-10-31,120028,1,29,0,1055.0
10110077NASCIMENTOW_2025-10-31_G10,10110077NASCIMENTOW,2025-10-31,123313,1,10,0,381.0
10110077NASCIMENTOW_2025-10-31_G11,10110077NASCIMENTOW,2025-10-31,123343,1,8,0,692.0
10110077NASCIMENTOW_2025-10-31_G13,10110077NASCIMENTOW,2025-10-31,181057,1,2,0,86.0
10110077NASCIMENTOW_2025-10-31_G14,10110077NASCIMENTOW,2025-10-31,122982,1,20,0,423.0
10110077NASCIMENTOW_2025-10-31_G15,10110077NASCIMENTOW,2025-10-31,120272,1,7,0,756.0
10110077NASCIMENTOW_2025-10-31_G16,10110077NASCIMENTOW,2025-10-31,122962,1,4,0,1496.0
10110077NASCIMENTOW_2025-10-31_G17,10110077NASCIMENTOW,2025-10-31,122647,1,10,0,509.0
10110077NASCIMENTOW_2025-10-31_G18,10110077NASCIMENTOW,2025-10-31,181057,1,3,0,86.0
10110077NASCIMENTOW_2025-10-31_G19,10110077NASCIMENTOW,2025-10-31,181057,1,2,0,96.0
10110077NASCIMENTOW_2025-10-31_G20,10110077NASCIMENTOW,2025-10-31,181057,1,2,0,92.0
10110077NASCIMENTOW_2025-11-06_G02,10110077NASCIMENTOW,2025-11-06,120271,1,52,0,886.0
10110077NASCIMENTOW_2025-11-06_G03,10110077NASCIMENTOW,2025-11-06,120028,1,40,0,1655.0
10110077NASCIMENTOW_2025-11-06_G04,10110077NASCIMENTOW,2025-11-06,123345,1,26,0,1582.0
10110077NASCIMENTOW_2025-11-06_G05,10110077NASCIMENTOW,2025-11-06,122962,1,64,0,1411.0
10110077NASCIMENTOW_2025-11-06_G06,10110077NASCIMENTOW,2025-11-06,122671,1,36,0,1287.0
10110077NASCIMENTOW_2025-11-06_G07,10110077NASCIMENTOW,2025-11-06,122983,1,32,0,791.0
10110077NASCIMENTOW_2025-11-06_G08,10110077NASCIMENTOW,2025-11-06,122984,1,25,0,2611.0
10110077NASCIMENTOW_2025-11-06_G09,10110077NASCIMENTOW,2025-11-06,124624,1,8,0,495.0
10110077NASCIMENTOW_2025-11-06_G10,10110077NASCIMENTOW,2025-11-06,124594,1,4,0,359.0
10110077NASCIMENTOW_2025-11-06_G11,10110077NASCIMENTOW,2025-11-06,122962,1,4,0,187.0
10110077NASCIMENTOW_2025-11-06_G12,10110077NASCIMENTOW,2025-11-06,122673,1,16,0,411.0
10110077NASCIMENTOW_2025-11-06_G13,10110077NASCIMENTOW,2025-11-06,122647,1,8,0,131.0
10110077NASCIMENTOW_2025-11-06_G14,10110077NASCIMENTOW,2025-11-06,122671,1,16,0,261.0
10110077NASCIMENTOW_2025-11-06_G15,10110077NASCIMENTOW,2025-11-06,123345,1,16,0,849.0
10110077NASCIMENTOW_2025-11-06_G16,10110077NASCIMENTOW,2025-11-06,120271,1,4,0,554.0
10110077NASCIMENTOW_2025-11-06_G18,10110077NASCIMENTOW,2025-11-06,122647,1,20,0,458.0
10110077NASCIMENTOW_2025-11-06_G19,10110077NASCIMENTOW,2025-11-06,122962,1,70,0,3082.0
10110077NASCIMENTOW_2025-11-06_G20,10110077NASCIMENTOW,2025-11-06,122673,1,8,0,1312.0
10110077NASCIMENTOW_2025-11-06_G21,10110077NASCIMENTOW,2025-11-06,122673,1,25,0,420.0
10110077NASCIMENTOW_2025-11-06_G22,10110077NASCIMENTOW,2025-11-06,122673,1,6,0,697.0
10110077NASCIMENTOW_2025-11-06_G23,10110077NASCIMENTOW,2025-11-06,123344,1,14,0,688.0
10110077NASCIMENTOW_2025-11-06_G24,10110077NASCIMENTOW,2025-11-06,123909,1,6,0,255.0
10110077NASCIMENTOW_2025-11-07_G02,10110077NASCIMENTOW,2025-11-07,124486,1,24,0,730.0
10110077NASCIMENTOW_2025-11-07_G03,10110077NASCIMENTOW,2025-11-07,122962,1,20,0,953.0
10110077NASCIMENTOW_2025-11-07_G04,10110077NASCIMENTOW,2025-11-07,123822,1,100,0,2476.0
10110077NASCIMENTOW_2025-11-07_G05,10110077NASCIMENTOW,2025-11-07,124486,1,1,0,208.0
10110077NASCIMENTOW_2025-11-07_G06,10110077NASCIMENTOW,2025-11-07,122703,1,8,0,269.0
10110077NASCIMENTOW_2025-11-07_G07,10110077NASCIMENTOW,2025-11-07,122189,1,1,0,431.0
10110077NASCIMENTOW_2025-11-07_G08,10110077NASCIMENTOW,2025-11-07,122962,1,24,0,931.0
10110077NASCIMENTOW_2025-11-07_G09,10110077NASCIMENTOW,2025-11-07,124486,1,34,0,874.0
10110077NASCIMENTOW_2025-11-07_G10,10110077NASCIMENTOW,2025-11-07,122671,1,8,0,348.0
10110077NASCIMENTOW_2025-11-07_G11,10110077NASCIMENTOW,2025-11-07,122962,1,12,0,635.0
10110077NASCIMENTOW_2025-11-07_G12,10110077NASCIMENTOW,2025-11-07,124486,1,8,0,322.0
10110077NASCIMENTOW_2025-11-07_G13,10110077NASCIMENTOW,2025-11-07,124247,1,8,0,417.0
10110077NASCIMENTOW_2025-11-07_G14,10110077NASCIMENTOW,2025-11-07,123909,1,8,0,954.0
10110077NASCIMENTOW_2025-11-07_G15,10110077NASCIMENTOW,2025-11-07,124247,1,25,0,1854.0
10110077NASCIMENTOW_2025-11-07_G17,10110077NASCIMENTOW,2025-11-07,122986,1,4,0,794.0
10110077NASCIMENTOW_2025-11-07_G18,10110077NASCIMENTOW,2025-11-07,122986,1,2,0,342.0
10110077NASCIMENTOW_2025-11-07_G19,10110077NASCIMENTOW,2025-11-07,123822,1,10,0,355.0
10110077NASCIMENTOW_2025-11-07_G20,10110077NASCIMENTOW,2025-11-07,122962,1,34,0,1000.0
10110077NASCIMENTOW_2025-11-07_G21,10110077NASCIMENTOW,2025-11-07,122984,1,12,0,540.0
10110077NASCIMENTOW_2025-11-07_G22,10110077NASCIMENTOW,2025-11-07,123313,1,8,0,2139.0
10110077NASCIMENTOW_2025-11-07_G23,10110077NASCIMENTOW,2025-11-07,123345,1,4,0,138.0
10110077NASCIMENTOW_2025-11-08_G02,10110077NASCIMENTOW,2025-11-08,124370,1,60,0,1960.0
10110077NASCIMENTOW_2025-11-08_G03,10110077NASCIMENTOW,2025-11-08,124624,1,12,0,426.0
10110077NASCIMENTOW_2025-11-08_G04,10110077NASCIMENTOW,2025-11-08,123344,1,10,0,1167.0
10110077NASCIMENTOW_2025-11-08_G05,10110077NASCIMENTOW,2025-11-08,123909,1,10,0,372.0
10110077NASCIMENTOW_2025-11-08_G06,10110077NASCIMENTOW,2025-11-08,122983,1,5,0,219.0
10110077NASCIMENTOW_2025-11-08_G07,10110077NASCIMENTOW,2025-11-08,124475,1,4,0,325.0
10110077NASCIMENTOW_2025-11-08_G08,10110077NASCIMENTOW,2025-11-08,124370,1,12,0,304.0
10110077NASCIMENTOW_2025-11-08_G09,10110077NASCIMENTOW,2025-11-08,123343,1,8,0,391.0
10110077NASCIMENTOW_2025-11-08_G10,10110077NASCIMENTOW,2025-11-08,123345,1,10,0,223.0
10110077NASCIMENTOW_2025-11-08_G11,10110077NASCIMENTOW,2025-11-08,122984,1,40,0,1301.0
10110077NASCIMENTOW_2025-11-08_G12,10110077NASCIMENTOW,2025-11-08,123344,1,4,0,174.0
10110077NASCIMENTOW_2025-11-08_G13,10110077NASCIMENTOW,2025-11-08,123909,1,1,0,147.0
10110077NASCIMENTOW_2025-11-08_G14,10110077NASCIMENTOW,2025-11-08,122185,1,9,0,380.0
10110077NASCIMENTOW_2025-11-08_G15,10110077NASCIMENTOW,2025-11-08,122962,1,8,0,251.0
10110077NASCIMENTOW_2025-11-08_G16,10110077NASCIMENTOW,2025-11-08,124371,1,36,0,1546.0
10110077NASCIMENTOW_2025-11-08_G17,10110077NASCIMENTOW,2025-11-08,120028,1,2,0,150.0
10110077NASCIMENTOW_2025-11-08_G18,10110077NASCIMENTOW,2025-11-08,124475,1,4,0,167.0
10110077NASCIMENTOW_2025-11-08_G19,10110077NASCIMENTOW,2025-11-08,124370,1,76,0,2355.0
10110077NASCIMENTOW_2025-11-08_G20,10110077NASCIMENTOW,2025-11-08,122984,1,40,0,2514.0
10110077NASCIMENTOW_2025-11-08_G22,10110077NASCIMENTOW,2025-11-08,124248,1,48,0,1139.0
10110077NASCIMENTOW_2025-11-08_G23,10110077NASCIMENTOW,2025-11-08,122988,1,4,0,403.0
10110077NASCIMENTOW_2025-11-08_G24,10110077NASCIMENTOW,2025-11-08,122986,1,4,0,143.0
10110077NASCIMENTOW_2025-11-08_G25,10110077NASCIMENTOW,2025-11-08,122647,1,6,0,258.0
10110077NASCIMENTOW_2025-11-08_G26,10110077NASCIMENTOW,2025-11-08,124247,1,6,0,271.0
10110077NASCIMENTOW_2025-11-08_G27,10110077NASCIMENTOW,2025-11-08,122983,1,5,0,286.0
10110077NASCIMENTOW_2025-11-08_G28,10110077NASCIMENTOW,2025-11-08,124247,1,10,0,225.0
10110077NASCIMENTOW_2025-11-08_G29,10110077NASCIMENTOW,2025-11-08,123560,1,10,0,355.0
10110077NASCIMENTOW_2025-11-08_G30,10110077NASCIMENTOW,2025-11-08,122962,1,50,0,884.0
10110077NASCIMENTOW_2025-11-08_G31,10110077NASCIMENTOW,2025-11-08,124486,1,40,0,1027.0
10110077NASCIMENTOW_2025-11-08_G32,10110077NASCIMENTOW,2025-11-08,123909,1,4,0,349.0
10110077NASCIMENTOW_2025-11-08_G33,10110077NASCIMENTOW,2025-11-08,124486,1,11,0,454.0
10110077NASCIMENTOW_2025-11-10_G02,10110077NASCIMENTOW,2025-11-10,123343,1,4,0,472.0
10110077NASCIMENTOW_2025-11-10_G03,10110077NASCIMENTOW,2025-11-10,123345,1,4,0,157.0
10110077NASCIMENTOW_2025-11-10_G04,10110077NASCIMENTOW,2025-11-10,124486,1,40,0,572.0
10110077NASCIMENTOW_2025-11-10_G05,10110077NASCIMENTOW,2025-11-10,124486,1,6,0,339.0
10110077NASCIMENTOW_2025-11-10_G06,10110077NASCIMENTOW,2025-11-10,120028,1,40,0,1010.0
10110077NASCIMENTOW_2025-11-11_G02,10110077NASCIMENTOW,2025-11-11,122647,1,7,0,228.0
10110077NASCIMENTOW_2025-11-11_G03,10110077NASCIMENTOW,2025-11-11,120008,1,54,0,748.0
10110077NASCIMENTOW_2025-11-11_G04,10110077NASCIMENTOW,2025-11-11,123909,1,40,0,1085.0
10110077NASCIMENTOW_2025-11-11_G05,10110077NASCIMENTOW,2025-11-11,124624,1,4,0,76.0
10110077NASCIMENTOW_2025-11-11_G06,10110077NASCIMENTOW,2025-11-11,121760,1,4,0,203.0
10110077NASCIMENTOW_2025-11-11_G07,10110077NASCIMENTOW,2025-11-11,122703,1,4,0,154.0
10110077NASCIMENTOW_2025-11-11_G08,10110077NASCIMENTOW,2025-11-11,121651,1,6,0,131.0
10110077NASCIMENTOW_2025-11-11_G09,10110077NASCIMENTOW,2025-11-11,123343,1,4,0,60.0
10110077NASCIMENTOW_2025-11-11_G10,10110077NASCIMENTOW,2025-11-11,123345,1,17,0,515.0
10110077NASCIMENTOW_2025-11-11_G11,10110077NASCIMENTOW,2025-11-11,122189,1,11,0,241.0
10110077NASCIMENTOW_2025-11-11_G12,10110077NASCIMENTOW,2025-11-11,124486,1,13,0,332.0
10110077NASCIMENTOW_2025-11-11_G13,10110077NASCIMENTOW,2025-11-11,122671,1,8,0,107.0
10110077NASCIMENTOW_2025-11-11_G14,10110077NASCIMENTOW,2025-11-11,124475,1,4,0,222.0
10110077NASCIMENTOW_2025-11-11_G15,10110077NASCIMENTOW,2025-11-11,123343,1,4,0,165.0
10110077NASCIMENTOW_2025-11-11_G16,10110077NASCIMENTOW,2025-11-11,122962,1,64,0,1253.0
10110077NASCIMENTOW_2025-11-11_G17,10110077NASCIMENTOW,2025-11-11,121760,1,5,0,241.0
10110077NASCIMENTOW_2025-11-11_G18,10110077NASCIMENTOW,2025-11-11,124475,1,9,0,332.0
10110077NASCIMENTOW_2025-11-11_G19,10110077NASCIMENTOW,2025-11-11,122962,1,12,0,426.0
10110077NASCIMENTOW_2025-11-11_G20,10110077NASCIMENTOW,2025-11-11,124486,1,8,0,1283.0
10110077NASCIMENTOW_2025-11-11_G21,10110077NASCIMENTOW,2025-11-11,124247,1,8,0,665.0
10110077NASCIMENTOW_2025-11-11_G22,10110077NASCIMENTOW,2025-11-11,123343,1,7,0,502.0
10110077NASCIMENTOW_2025-11-11_G23,10110077NASCIMENTOW,2025-11-11,181057,1,7,0,2668.0
10110077NASCIMENTOW_2025-11-11_G24,10110077NASCIMENTOW,2025-11-11,123822,1,19,0,1382.0
10110077NASCIMENTOW_2025-11-11_G25,10110077NASCIMENTOW,2025-11-11,123822,1,36,0,985.0
10110077NASCIMENTOW_2025-11-11_G26,10110077NASCIMENTOW,2025-11-11,124486,1,8,0,213.0
10110077NASCIMENTOW_2025-11-12_G02,10110077NASCIMENTOW,2025-11-12,124248,1,20,0,509.0
10110077NASCIMENTOW_2025-11-12_G03,10110077NASCIMENTOW,2025-11-12,123492,1,10,0,2956.0
10110077NASCIMENTOW_2025-11-12_G04,10110077NASCIMENTOW,2025-11-12,123492,1,1,0,444.0
10110077NASCIMENTOW_2025-11-12_G05,10110077NASCIMENTOW,2025-11-12,124624,1,6,0,739.0
10110077NASCIMENTOW_2025-11-12_G06,10110077NASCIMENTOW,2025-11-12,122984,1,8,0,270.0
10110077NASCIMENTOW_2025-11-12_G07,10110077NASCIMENTOW,2025-11-12,122673,1,30,0,504.0
10110077NASCIMENTOW_2025-11-12_G08,10110077NASCIMENTOW,2025-11-12,123345,1,12,0,380.0
10110077NASCIMENTOW_2025-11-12_G09,10110077NASCIMENTOW,2025-11-12,122962,1,4,0,817.0
10110077NASCIMENTOW_2025-11-12_G10,10110077NASCIMENTOW,2025-11-12,122185,1,7,0,377.0
10110077NASCIMENTOW_2025-11-12_G11,10110077NASCIMENTOW,2025-11-12,122983,1,3,0,302.0
10110077NASCIMENTOW_2025-11-12_G12,10110077NASCIMENTOW,2025-11-12,123344,1,4,0,169.0
10110077NASCIMENTOW_2025-11-12_G13,10110077NASCIMENTOW,2025-11-12,124486,1,6,0,240.0
10110077NASCIMENTOW_2025-11-12_G14,10110077NASCIMENTOW,2025-11-12,124476,1,4,0,169.0
10110077NASCIMENTOW_2025-11-12_G15,10110077NASCIMENTOW,2025-11-12,124248,1,4,0,165.0
10110077NASCIMENTOW_2025-11-12_G16,10110077NASCIMENTOW,2025-11-12,123909,1,6,0,241.0
10110077NASCIMENTOW_2025-11-12_G17,10110077NASCIMENTOW,2025-11-12,124371,1,6,0,225.0
10110077NASCIMENTOW_2025-11-12_G18,10110077NASCIMENTOW,2025-11-12,122982,1,4,0,237.0
10110077NASCIMENTOW_2025-11-12_G19,10110077NASCIMENTOW,2025-11-12,123343,1,6,0,336.0
10110077NASCIMENTOW_2025-11-12_G20,10110077NASCIMENTOW,2025-11-12,123345,1,20,0,351.0
10110077NASCIMENTOW_2025-11-12_G21,10110077NASCIMENTOW,2025-11-12,122703,1,8,0,295.0
10110077NASCIMENTOW_2025-11-12_G22,10110077NASCIMENTOW,2025-11-12,123560,1,6,0,245.0
10110077NASCIMENTOW_2025-11-12_G23,10110077NASCIMENTOW,2025-11-12,124264,1,107,0,3108.0
10110077NASCIMENTOW_2025-11-12_G24,10110077NASCIMENTOW,2025-11-12,122982,1,2,0,181.0
10110077NASCIMENTOW_2025-11-12_G25,10110077NASCIMENTOW,2025-11-12,120008,1,12,0,604.0
10110077NASCIMENTOW_2025-11-12_G26,10110077NASCIMENTOW,2025-11-12,180073,1,6,0,1098.0
10110077NASCIMENTOW_2025-11-12_G28,10110077NASCIMENTOW,2025-11-12,123153,1,10,0,306.0
10110077NASCIMENTOW_2025-11-12_G29,10110077NASCIMENTOW,2025-11-12,124247,1,40,0,1060.0
10110077NASCIMENTOW_2025-11-12_G30,10110077NASCIMENTOW,2025-11-12,124548,1,10,0,573.0
10110077NASCIMENTOW_2025-11-12_G31,10110077NASCIMENTOW,2025-11-12,114647,1,4,0,624.0
10110077NASCIMENTOW_2025-11-12_G32,10110077NASCIMENTOW,2025-11-12,124248,1,40,0,1435.0
10110077NASCIMENTOW_2025-11-12_G33,10110077NASCIMENTOW,2025-11-12,124624,1,10,0,412.0
10110077NASCIMENTOW_2025-11-12_G34,10110077NASCIMENTOW,2025-11-12,124624,1,7,0,140.0
10110077NASCIMENTOW_2025-11-12_G35,10110077NASCIMENTOW,2025-11-12,124624,1,2,0,65.0
10110077NASCIMENTOW_2025-11-12_G36,10110077NASCIMENTOW,2025-11-12,124624,1,23,0,995.0
10110077NASCIMENTOW_2025-11-12_G37,10110077NASCIMENTOW,2025-11-12,123313,1,3,0,214.0
10110077NASCIMENTOW_2025-11-12_G38,10110077NASCIMENTOW,2025-11-12,123345,1,10,0,196.0
10110077NASCIMENTOW_2025-11-13_G02,10110077NASCIMENTOW,2025-11-13,124476,1,2,0,219.0
10110077NASCIMENTOW_2025-11-13_G03,10110077NASCIMENTOW,2025-11-13,122962,1,16,0,594.0
10110077NASCIMENTOW_2025-11-13_G04,10110077NASCIMENTOW,2025-11-13,124486,1,10,0,230.0
10110077NASCIMENTOW_2025-11-13_G05,10110077NASCIMENTOW,2025-11-13,123822,1,20,0,383.0
10110077NASCIMENTOW_2025-11-13_G06,10110077NASCIMENTOW,2025-11-13,124624,1,35,0,531.0
10110077NASCIMENTOW_2025-11-13_G07,10110077NASCIMENTOW,2025-11-13,123343,1,35,0,2007.0
10110077NASCIMENTOW_2025-11-13_G08,10110077NASCIMENTOW,2025-11-13,122962,1,60,0,1642.0
10110077NASCIMENTOW_2025-11-13_G09,10110077NASCIMENTOW,2025-11-13,124486,1,60,0,669.0
10110077NASCIMENTOW_2025-11-13_G10,10110077NASCIMENTOW,2025-11-13,122673,1,4,0,439.0
10110077NASCIMENTOW_2025-11-13_G11,10110077NASCIMENTOW,2025-11-13,124624,1,4,0,869.0
10110077NASCIMENTOW_2025-11-13_G12,10110077NASCIMENTOW,2025-11-13,122673,1,2,0,110.0
10110077NASCIMENTOW_2025-11-13_G13,10110077NASCIMENTOW,2025-11-13,124486,1,7,0,272.0
10110077NASCIMENTOW_2025-11-13_G14,10110077NASCIMENTOW,2025-11-13,123909,1,8,0,169.0
10110077NASCIMENTOW_2025-11-13_G15,10110077NASCIMENTOW,2025-11-13,122962,1,9,0,854.0
10110077NASCIMENTOW_2025-11-13_G16,10110077NASCIMENTOW,2025-11-13,124370,1,34,0,770.0
10110077NASCIMENTOW_2025-11-13_G17,10110077NASCIMENTOW,2025-11-13,123343,1,30,0,1293.0
10110077NASCIMENTOW_2025-11-13_G18,10110077NASCIMENTOW,2025-11-13,123345,1,12,0,692.0
10110077NASCIMENTOW_2025-11-13_G19,10110077NASCIMENTOW,2025-11-13,123012,1,16,0,1263.0
10110077NASCIMENTOW_2025-11-13_G20,10110077NASCIMENTOW,2025-11-13,122647,1,22,0,229.0
10110077NASCIMENTOW_2025-11-13_G21,10110077NASCIMENTOW,2025-11-13,122673,1,9,0,249.0
10110077NASCIMENTOW_2025-11-13_G22,10110077NASCIMENTOW,2025-11-13,122967,1,40,0,615.0
10110077NASCIMENTOW_2025-11-13_G23,10110077NASCIMENTOW,2025-11-13,124247,1,9,0,237.0
10110077NASCIMENTOW_2025-11-13_G25,10110077NASCIMENTOW,2025-11-13,120028,1,21,0,877.0
10110077NASCIMENTOW_2025-11-13_G26,10110077NASCIMENTOW,2025-11-13,124486,1,4,0,164.0
10110077NASCIMENTOW_2025-11-13_G27,10110077NASCIMENTOW,2025-11-13,123822,1,20,0,272.0
10110077NASCIMENTOW_2025-11-13_G28,10110077NASCIMENTOW,2025-11-13,123909,1,10,0,142.0
10110077NASCIMENTOW_2025-11-13_G29,10110077NASCIMENTOW,2025-11-13,122983,1,20,0,1971.0
10110077NASCIMENTOW_2025-11-13_G30,10110077NASCIMENTOW,2025-11-13,124247,1,12,0,382.0
10110077NASCIMENTOW_2025-11-14_G02,10110077NASCIMENTOW,2025-11-14,181887,1,1,0,1018.0
10110077NASCIMENTOW_2025-11-14_G03,10110077NASCIMENTOW,2025-11-14,181887,1,2,0,241.0
10110077NASCIMENTOW_2025-11-14_G04,10110077NASCIMENTOW,2025-11-14,181887,1,4,0,244.0
10110077NASCIMENTOW_2025-11-14_G05,10110077NASCIMENTOW,2025-11-14,122671,1,4,0,182.0
10110077NASCIMENTOW_2025-11-14_G06,10110077NASCIMENTOW,2025-11-14,124370,1,2,0,106.0
10110077NASCIMENTOW_2025-11-14_G07,10110077NASCIMENTOW,2025-11-14,124486,1,1,0,137.0
10110077NASCIMENTOW_2025-11-14_G08,10110077NASCIMENTOW,2025-11-14,122988,1,9,0,445.0
10110077NASCIMENTOW_2025-11-14_G09,10110077NASCIMENTOW,2025-11-14,122982,1,4,0,304.0
10110077NASCIMENTOW_2025-11-14_G10,10110077NASCIMENTOW,2025-11-14,124248,1,10,0,272.0
10110077NASCIMENTOW_2025-11-14_G11,10110077NASCIMENTOW,2025-11-14,124247,1,20,0,497.0
10110077NASCIMENTOW_2025-11-14_G12,10110077NASCIMENTOW,2025-11-14,122986,1,10,0,1227.0
10110077NASCIMENTOW_2025-11-14_G13,10110077NASCIMENTOW,2025-11-14,122984,1,20,0,647.0
10110077NASCIMENTOW_2025-11-14_G14,10110077NASCIMENTOW,2025-11-14,123889,1,8,0,229.0
10110077NASCIMENTOW_2025-11-14_G15,10110077NASCIMENTOW,2025-11-14,122185,1,2,0,150.0
10110077NASCIMENTOW_2025-11-14_G16,10110077NASCIMENTOW,2025-11-14,124624,1,4,0,156.0
10110077NASCIMENTOW_2025-11-14_G17,10110077NASCIMENTOW,2025-11-14,122647,1,2,0,213.0
10110077NASCIMENTOW_2025-11-14_G18,10110077NASCIMENTOW,2025-11-14,122673,1,10,0,224.0
10110077NASCIMENTOW_2025-11-14_G19,10110077NASCIMENTOW,2025-11-14,122984,1,12,0,608.0
10110077NASCIMENTOW_2025-11-14_G20,10110077NASCIMENTOW,2025-11-14,122967,1,12,0,551.0
10110077NASCIMENTOW_2025-11-14_G21,10110077NASCIMENTOW,2025-11-14,121651,1,30,0,652.0
10110077NASCIMENTOW_2025-11-14_G22,10110077NASCIMENTOW,2025-11-14,124486,1,4,0,231.0
10110077NASCIMENTOW_2025-11-14_G23,10110077NASCIMENTOW,2025-11-14,123822,1,30,0,414.0
10110077NASCIMENTOW_2025-11-14_G24,10110077NASCIMENTOW,2025-11-14,124486,1,20,0,220.0
10110077NASCIMENTOW_2025-11-14_G25,10110077NASCIMENTOW,2025-11-14,123909,1,6,0,278.0
10110077NASCIMENTOW_2025-11-14_G26,10110077NASCIMENTOW,2025-11-14,122671,1,1,0,132.0
10110077NASCIMENTOW_2025-11-14_G27,10110077NASCIMENTOW,2025-11-14,122962,1,20,0,522.0
10110077NASCIMENTOW_2025-11-14_G29,10110077NASCIMENTOW,2025-11-14,122962,1,120,0,1989.0
10110077NASCIMENTOW_2025-11-14_G30,10110077NASCIMENTOW,2025-11-14,124486,1,30,0,725.0
10110077NASCIMENTOW_2025-11-14_G31,10110077NASCIMENTOW,2025-11-14,122671,1,8,0,242.0
10110077NASCIMENTOW_2025-11-14_G32,10110077NASCIMENTOW,2025-11-14,181887,1,2,0,297.0
10110077NASCIMENTOW_2025-11-15_G02,10110077NASCIMENTOW,2025-11-15,124486,1,40,0,836.0
10110077NASCIMENTOW_2025-11-15_G03,10110077NASCIMENTOW,2025-11-15,121760,1,2,0,634.0
10110077NASCIMENTOW_2025-11-15_G05,10110077NASCIMENTOW,2025-11-15,122671,1,22,0,326.0
10110077NASCIMENTOW_2025-11-15_G06,10110077NASCIMENTOW,2025-11-15,123909,1,51,0,111.0
10110077NASCIMENTOW_2025-11-15_G07,10110077NASCIMENTOW,2025-11-15,120389,1,17,0,1062.0
10110077NASCIMENTOW_2025-11-15_G08,10110077NASCIMENTOW,2025-11-15,122962,1,60,0,1236.0
10110077NASCIMENTOW_2025-11-15_G09,10110077NASCIMENTOW,2025-11-15,181887,1,4,0,700.0
10110077NASCIMENTOW_2025-11-15_G10,10110077NASCIMENTOW,2025-11-15,181887,1,10,0,2988.0
10110077NASCIMENTOW_2025-11-15_G11,10110077NASCIMENTOW,2025-11-15,181237,1,2,0,381.0
10110077NASCIMENTOW_2025-11-15_G12,10110077NASCIMENTOW,2025-11-15,180373,1,4,0,450.0
10110077NASCIMENTOW_2025-11-15_G13,10110077NASCIMENTOW,2025-11-15,181057,1,4,0,349.0
10110077NASCIMENTOW_2025-11-15_G14,10110077NASCIMENTOW,2025-11-15,123345,1,70,0,1393.0
10110077NASCIMENTOW_2025-11-15_G16,10110077NASCIMENTOW,2025-11-15,124486,1,30,0,762.0
10110077NASCIMENTOW_2025-11-15_G17,10110077NASCIMENTOW,2025-11-15,122185,1,30,0,685.0
10110077NASCIMENTOW_2025-11-15_G18,10110077NASCIMENTOW,2025-11-15,124486,1,20,0,568.0
10110077NASCIMENTOW_2025-11-15_G19,10110077NASCIMENTOW,2025-11-15,124370,1,36,0,764.0
10110077NASCIMENTOW_2025-11-15_G20,10110077NASCIMENTOW,2025-11-15,122967,1,4,0,137.0
10110077NASCIMENTOW_2025-11-15_G21,10110077NASCIMENTOW,2025-11-15,124371,1,20,0,1122.0
10110077NASCIMENTOW_2025-11-15_G22,10110077NASCIMENTOW,2025-11-15,122986,1,1,0,171.0
10110077NASCIMENTOW_2025-11-15_G23,10110077NASCIMENTOW,2025-11-15,122981,1,8,0,200.0
10110077NASCIMENTOW_2025-11-15_G24,10110077NASCIMENTOW,2025-11-15,120271,1,2,0,78.0
10110077NASCIMENTOW_2025-11-15_G25,10110077NASCIMENTOW,2025-11-15,120028,1,1,0,157.0
10110077NASCIMENTOW_2025-11-15_G26,10110077NASCIMENTOW,2025-11-15,120389,1,14,0,429.0
10110077NASCIMENTOW_2025-11-15_G27,10110077NASCIMENTOW,2025-11-15,123343,1,8,0,214.0
10110077NASCIMENTOW_2025-11-17_G02,10110077NASCIMENTOW,2025-11-17,121651,1,12,0,627.0
10110077NASCIMENTOW_2025-11-17_G03,10110077NASCIMENTOW,2025-11-17,122962,1,19,0,595.0
10110077NASCIMENTOW_2025-11-17_G04,10110077NASCIMENTOW,2025-11-17,122984,1,7,0,587.0
10110077NASCIMENTOW_2025-11-17_G05,10110077NASCIMENTOW,2025-11-17,123561,1,9,0,215.0
10110077NASCIMENTOW_2025-11-17_G06,10110077NASCIMENTOW,2025-11-17,121760,1,34,0,436.0
10110077NASCIMENTOW_2025-11-17_G07,10110077NASCIMENTOW,2025-11-17,122984,1,2,0,208.0
10110077NASCIMENTOW_2025-11-17_G08,10110077NASCIMENTOW,2025-11-17,124370,1,12,0,289.0
10110077NASCIMENTOW_2025-11-17_G09,10110077NASCIMENTOW,2025-11-17,124486,1,9,0,221.0
10110077NASCIMENTOW_2025-11-17_G10,10110077NASCIMENTOW,2025-11-17,124548,1,7,0,816.0
10110077NASCIMENTOW_2025-11-17_G11,10110077NASCIMENTOW,2025-11-17,123345,1,4,0,298.0
10110077NASCIMENTOW_2025-11-17_G12,10110077NASCIMENTOW,2025-11-17,124486,1,3,0,161.0
10110077NASCIMENTOW_2025-11-17_G13,10110077NASCIMENTOW,2025-11-17,121651,1,12,0,250.0
10110077NASCIMENTOW_2025-11-17_G14,10110077NASCIMENTOW,2025-11-17,122962,1,4,0,115.0
10110077NASCIMENTOW_2025-11-17_G15,10110077NASCIMENTOW,2025-11-17,123344,1,6,0,193.0
10110077NASCIMENTOW_2025-11-17_G16,10110077NASCIMENTOW,2025-11-17,124624,1,4,0,186.0
10110077NASCIMENTOW_2025-11-17_G17,10110077NASCIMENTOW,2025-11-17,122984,1,5,0,254.0
10110077NASCIMENTOW_2025-11-17_G18,10110077NASCIMENTOW,2025-11-17,122982,1,4,0,197.0
10110077NASCIMENTOW_2025-11-17_G19,10110077NASCIMENTOW,2025-11-17,120028,1,20,0,795.0
10110077NASCIMENTOW_2025-11-17_G20,10110077NASCIMENTOW,2025-11-17,120272,1,3,0,2928.0
10110077NASCIMENTOW_2025-11-17_G21,10110077NASCIMENTOW,2025-11-17,120389,1,6,0,237.0
10110077NASCIMENTOW_2025-11-17_G22,10110077NASCIMENTOW,2025-11-17,123909,1,10,0,295.0
10110077NASCIMENTOW_2025-11-17_G23,10110077NASCIMENTOW,2025-11-17,123344,1,18,0,1222.0
10110077NASCIMENTOW_2025-11-17_G24,10110077NASCIMENTOW,2025-11-17,122981,1,2,0,294.0
10110077NASCIMENTOW_2025-11-17_G25,10110077NASCIMENTOW,2025-11-17,122981,1,4,0,137.0
10110077NASCIMENTOW_2025-11-17_G26,10110077NASCIMENTOW,2025-11-17,122671,1,3,0,150.0
10110077NASCIMENTOW_2025-11-17_G27,10110077NASCIMENTOW,2025-11-17,124247,1,4,0,247.0
10110077NASCIMENTOW_2025-11-17_G28,10110077NASCIMENTOW,2025-11-17,124486,1,6,0,403.0
10110077NASCIMENTOW_2025-11-17_G29,10110077NASCIMENTOW,2025-11-17,122981,1,4,0,238.0
10110077NASCIMENTOW_2025-11-17_G30,10110077NASCIMENTOW,2025-11-17,123343,1,8,0,188.0
10110077NASCIMENTOW_2025-11-17_G31,10110077NASCIMENTOW,2025-11-17,123153,1,30,0,751.0
10110077NASCIMENTOW_2025-11-17_G32,10110077NASCIMENTOW,2025-11-17,120339,1,6,0,384.0
10110077NASCIMENTOW_2025-11-17_G33,10110077NASCIMENTOW,2025-11-17,123343,1,4,0,161.0
10110077NASCIMENTOW_2025-11-17_G35,10110077NASCIMENTOW,2025-11-17,121760,1,22,0,1728.0
10110077NASCIMENTOW_2025-11-17_G36,10110077NASCIMENTOW,2025-11-17,124248,1,6,0,263.0
10110077NASCIMENTOW_2025-11-17_G37,10110077NASCIMENTOW,2025-11-17,124247,1,1,0,257.0
10110077NASCIMENTOW_2025-11-17_G38,10110077NASCIMENTOW,2025-11-17,124247,1,7,0,188.0
10110077NASCIMENTOW_2025-11-17_G39,10110077NASCIMENTOW,2025-11-17,124475,1,5,0,484.0
10110077NASCIMENTOW_2025-11-17_G40,10110077NASCIMENTOW,2025-11-17,122983,1,2,0,113.0
10110077NASCIMENTOW_2025-11-17_G41,10110077NASCIMENTOW,2025-11-17,122962,1,6,0,186.0
10110077NASCIMENTOW_2025-11-17_G42,10110077NASCIMENTOW,2025-11-17,124371,1,4,0,133.0
10110077NASCIMENTOW_2025-11-17_G43,10110077NASCIMENTOW,2025-11-17,123345,1,2,0,256.0
10110077NASCIMENTOW_2025-11-17_G44,10110077NASCIMENTOW,2025-11-17,123343,1,2,0,380.0
10110077NASCIMENTOW_2025-11-17_G45,10110077NASCIMENTOW,2025-11-17,123343,1,6,0,146.0
10110077NASCIMENTOW_2025-11-17_G46,10110077NASCIMENTOW,2025-11-17,123343,1,4,0,276.0
10110077NASCIMENTOW_2025-11-19_G02,10110077NASCIMENTOW,2025-11-19,122962,1,12,0,247.0
10110077NASCIMENTOW_2025-11-19_G03,10110077NASCIMENTOW,2025-11-19,124486,1,8,0,362.0
10110077NASCIMENTOW_2025-11-19_G04,10110077NASCIMENTOW,2025-11-19,123889,1,60,0,873.0
10110077NASCIMENTOW_2025-11-19_G05,10110077NASCIMENTOW,2025-11-19,123153,1,70,0,2275.0
10110077NASCIMENTOW_2025-11-19_G06,10110077NASCIMENTOW,2025-11-19,123492,1,1,0,244.0
10110077NASCIMENTOW_2025-11-19_G07,10110077NASCIMENTOW,2025-11-19,122962,1,12,0,513.0
10110077NASCIMENTOW_2025-11-19_G08,10110077NASCIMENTOW,2025-11-19,122671,1,20,0,1211.0
10110077NASCIMENTOW_2025-11-19_G09,10110077NASCIMENTOW,2025-11-19,123909,1,20,0,478.0
10110077NASCIMENTOW_2025-11-19_G10,10110077NASCIMENTOW,2025-11-19,122673,1,10,0,369.0
10110077NASCIMENTOW_2025-11-19_G11,10110077NASCIMENTOW,2025-11-19,122962,1,12,0,393.0
10110077NASCIMENTOW_2025-11-19_G12,10110077NASCIMENTOW,2025-11-19,122962,1,20,0,395.0
10110077NASCIMENTOW_2025-11-19_G13,10110077NASCIMENTOW,2025-11-19,123909,1,13,0,467.0
10110077NASCIMENTOW_2025-11-19_G14,10110077NASCIMENTOW,2025-11-19,120389,1,21,0,765.0
10110077NASCIMENTOW_2025-11-19_G15,10110077NASCIMENTOW,2025-11-19,124486,1,20,0,646.0
10110077NASCIMENTOW_2025-11-19_G16,10110077NASCIMENTOW,2025-11-19,123343,1,2,0,533.0
10110077NASCIMENTOW_2025-11-19_G17,10110077NASCIMENTOW,2025-11-19,123909,1,12,0,353.0
10110077NASCIMENTOW_2025-11-19_G18,10110077NASCIMENTOW,2025-11-19,124247,1,12,0,853.0
10110077NASCIMENTOW_2025-11-19_G19,10110077NASCIMENTOW,2025-11-19,122962,1,60,0,1452.0
10110077NASCIMENTOW_2025-11-19_G20,10110077NASCIMENTOW,2025-11-19,124486,1,14,0,392.0
10110077NASCIMENTOW_2025-11-19_G21,10110077NASCIMENTOW,2025-11-19,121760,1,4,0,329.0
10110077NASCIMENTOW_2025-11-19_G22,10110077NASCIMENTOW,2025-11-19,124476,1,8,0,136.0
10110077NASCIMENTOW_2025-11-19_G23,10110077NASCIMENTOW,2025-11-19,123344,1,10,0,323.0
10110077NASCIMENTOW_2025-11-19_G24,10110077NASCIMENTOW,2025-11-19,121760,1,8,0,369.0
10110077NASCIMENTOW_2025-11-19_G25,10110077NASCIMENTOW,2025-11-19,123345,1,3,0,263.0
10110077NASCIMENTOW_2025-11-19_G26,10110077NASCIMENTOW,2025-11-19,123313,1,1,0,130.0
10110077NASCIMENTOW_2025-11-19_G28,10110077NASCIMENTOW,2025-11-19,123822,1,1,0,286.0
10110077NASCIMENTOW_2025-11-19_G29,10110077NASCIMENTOW,2025-11-19,124370,1,10,0,1051.0
10110077NASCIMENTOW_2025-11-19_G30,10110077NASCIMENTOW,2025-11-19,122962,1,4,0,259.0
10110077NASCIMENTOW_2025-11-19_G31,10110077NASCIMENTOW,2025-11-19,124486,1,3,0,307.0
10110077NASCIMENTOW_2025-11-19_G32,10110077NASCIMENTOW,2025-11-19,120272,1,8,0,1082.0
10110077NASCIMENTOW_2025-11-19_G33,10110077NASCIMENTOW,2025-11-19,120008,1,8,0,313.0
10110077NASCIMENTOW_2025-11-21_G02,10110077NASCIMENTOW,2025-11-21,122671,1,40,0,2373.0
10110077NASCIMENTOW_2025-11-21_G03,10110077NASCIMENTOW,2025-11-21,120389,1,40,0,571.0
10110077NASCIMENTOW_2025-11-21_G04,10110077NASCIMENTOW,2025-11-21,124548,1,72,0,2087.0
10110077NASCIMENTOW_2025-11-21_G05,10110077NASCIMENTOW,2025-11-21,122983,1,33,0,856.0
10110077NASCIMENTOW_2025-11-21_G06,10110077NASCIMENTOW,2025-11-21,120339,1,20,0,440.0
10110077NASCIMENTOW_2025-11-21_G07,10110077NASCIMENTOW,2025-11-21,120339,1,4,0,152.0
10110077NASCIMENTOW_2025-11-21_G08,10110077NASCIMENTOW,2025-11-21,120389,1,6,0,241.0
10110077NASCIMENTOW_2025-11-21_G09,10110077NASCIMENTOW,2025-11-21,120271,1,10,0,291.0
10110077NASCIMENTOW_2025-11-21_G11,10110077NASCIMENTOW,2025-11-21,120028,1,20,0,375.0
10110077NASCIMENTOW_2025-11-21_G12,10110077NASCIMENTOW,2025-11-21,124370,1,20,0,534.0
10110077NASCIMENTOW_2025-11-21_G13,10110077NASCIMENTOW,2025-11-21,124370,1,80,0,1602.0
10110077NASCIMENTOW_2025-11-21_G14,10110077NASCIMENTOW,2025-11-21,122703,1,8,0,339.0
10110077NASCIMENTOW_2025-11-21_G15,10110077NASCIMENTOW,2025-11-21,124371,1,20,0,496.0
10110077NASCIMENTOW_2025-11-21_G16,10110077NASCIMENTOW,2025-11-21,124371,1,60,0,1331.0
10110077NASCIMENTOW_2025-11-21_G17,10110077NASCIMENTOW,2025-11-21,124486,1,20,0,330.0
10110077NASCIMENTOW_2025-11-21_G18,10110077NASCIMENTOW,2025-11-21,123560,1,4,0,116.0
10110077NASCIMENTOW_2025-11-22_G02,10110077NASCIMENTOW,2025-11-22,122984,1,48,0,1037.0
10110077NASCIMENTOW_2025-11-22_G03,10110077NASCIMENTOW,2025-11-22,123822,1,13,0,298.0
10110077NASCIMENTOW_2025-11-22_G04,10110077NASCIMENTOW,2025-11-22,123345,1,16,0,544.0
10110077NASCIMENTOW_2025-11-22_G05,10110077NASCIMENTOW,2025-11-22,124370,1,1,0,152.0
10110077NASCIMENTOW_2025-11-22_G06,10110077NASCIMENTOW,2025-11-22,124371,1,8,0,334.0
10110077NASCIMENTOW_2025-11-22_G07,10110077NASCIMENTOW,2025-11-22,123909,1,50,0,827.0
10110077NASCIMENTOW_2025-11-22_G08,10110077NASCIMENTOW,2025-11-22,120389,1,16,0,348.0
10110077NASCIMENTOW_2025-11-22_G09,10110077NASCIMENTOW,2025-11-22,124486,1,100,0,1653.0
10110077NASCIMENTOW_2025-11-22_G10,10110077NASCIMENTOW,2025-11-22,121651,1,1,0,183.0
10110077NASCIMENTOW_2025-11-22_G11,10110077NASCIMENTOW,2025-11-22,122986,1,2,0,440.0
10110077NASCIMENTOW_2025-11-22_G12,10110077NASCIMENTOW,2025-11-22,122962,1,24,0,1654.0
10110077NASCIMENTOW_2025-11-22_G13,10110077NASCIMENTOW,2025-11-22,124247,1,20,0,387.0
10110077NASCIMENTOW_2025-11-22_G14,10110077NASCIMENTOW,2025-11-22,122982,1,6,0,158.0
10110077NASCIMENTOW_2025-11-22_G15,10110077NASCIMENTOW,2025-11-22,124476,1,4,0,168.0
10110077NASCIMENTOW_2025-11-22_G16,10110077NASCIMENTOW,2025-11-22,122647,1,2,0,100.0
10110077NASCIMENTOW_2025-11-22_G17,10110077NASCIMENTOW,2025-11-22,124370,1,30,0,750.0
10110077NASCIMENTOW_2025-11-22_G18,10110077NASCIMENTOW,2025-11-22,124371,1,40,0,861.0
10110077NASCIMENTOW_2025-11-22_G19,10110077NASCIMENTOW,2025-11-22,121651,1,10,0,391.0
10110077NASCIMENTOW_2025-11-22_G20,10110077NASCIMENTOW,2025-11-22,124594,1,12,0,1725.0
10110077NASCIMENTOW_2025-11-22_G21,10110077NASCIMENTOW,2025-11-22,122647,1,4,0,139.0
10110077NASCIMENTOW_2025-11-22_G22,10110077NASCIMENTOW,2025-11-22,122671,1,8,0,267.0
10110077NASCIMENTOW_2025-11-22_G23,10110077NASCIMENTOW,2025-11-22,122983,1,3,0,120.0
10110077NASCIMENTOW_2025-11-22_G24,10110077NASCIMENTOW,2025-11-22,120389,1,40,0,774.0
10110077NASCIMENTOW_2025-11-22_G25,10110077NASCIMENTOW,2025-11-22,122673,1,8,0,331.0
10110077NASCIMENTOW_2025-11-22_G26,10110077NASCIMENTOW,2025-11-22,123521,1,1,0,135.0
10110077NASCIMENTOW_2025-11-22_G27,10110077NASCIMENTOW,2025-11-22,123343,1,8,0,549.0
10110077NASCIMENTOW_2025-11-22_G28,10110077NASCIMENTOW,2025-11-22,123313,1,6,0,130.0
10110077NASCIMENTOW_2025-11-25_G02,10110077NASCIMENTOW,2025-11-25,122984,1,22,0,612.0
10110077NASCIMENTOW_2025-11-25_G03,10110077NASCIMENTOW,2025-11-25,122984,1,11,0,261.0
10110077NASCIMENTOW_2025-11-25_G04,10110077NASCIMENTOW,2025-11-25,124248,1,5,0,252.0
10110077NASCIMENTOW_2025-11-25_G05,10110077NASCIMENTOW,2025-11-25,122984,1,8,0,156.0
10110077NASCIMENTOW_2025-11-25_G06,10110077NASCIMENTOW,2025-11-25,123889,1,4,0,155.0
10110077NASCIMENTOW_2025-11-25_G07,10110077NASCIMENTOW,2025-11-25,123153,1,30,0,618.0
10110077NASCIMENTOW_2025-11-25_G08,10110077NASCIMENTOW,2025-11-25,124248,1,4,0,121.0
10110077NASCIMENTOW_2025-11-25_G09,10110077NASCIMENTOW,2025-11-25,123909,1,4,0,186.0
10110077NASCIMENTOW_2025-11-25_G10,10110077NASCIMENTOW,2025-11-25,120389,1,2,0,130.0
10110077NASCIMENTOW_2025-11-25_G11,10110077NASCIMENTOW,2025-11-25,122673,1,2,0,200.0
10110077NASCIMENTOW_2025-11-25_G12,10110077NASCIMENTOW,2025-11-25,124247,1,12,0,344.0
10110077NASCIMENTOW_2025-11-25_G13,10110077NASCIMENTOW,2025-11-25,123947,1,4,0,351.0
10110077NASCIMENTOW_2025-11-25_G14,10110077NASCIMENTOW,2025-11-25,123889,1,30,0,1074.0
10110077NASCIMENTOW_2025-11-25_G15,10110077NASCIMENTOW,2025-11-25,122673,1,30,0,513.0
10110077NASCIMENTOW_2025-11-25_G16,10110077NASCIMENTOW,2025-11-25,124247,1,24,0,759.0
10110077NASCIMENTOW_2025-11-25_G18,10110077NASCIMENTOW,2025-11-25,180094,1,4,0,148.0
10110077NASCIMENTOW_2025-11-25_G19,10110077NASCIMENTOW,2025-11-25,122962,1,50,0,322.0
10110077NASCIMENTOW_2025-11-26_G02,10110077NASCIMENTOW,2025-11-26,124248,1,2,0,956.0
10110077NASCIMENTOW_2025-11-26_G03,10110077NASCIMENTOW,2025-11-26,122984,1,10,0,343.0
10110077NASCIMENTOW_2025-11-26_G04,10110077NASCIMENTOW,2025-11-26,120028,1,36,0,1055.0
10110077NASCIMENTOW_2025-11-26_G05,10110077NASCIMENTOW,2025-11-26,124486,1,24,0,610.0
10110077NASCIMENTOW_2025-11-26_G06,10110077NASCIMENTOW,2025-11-26,122982,1,4,0,195.0
10110077NASCIMENTOW_2025-11-26_G07,10110077NASCIMENTOW,2025-11-26,124486,1,4,0,222.0
10110077NASCIMENTOW_2025-11-26_G08,10110077NASCIMENTOW,2025-11-26,124486,1,12,0,294.0
10110077NASCIMENTOW_2025-11-26_G09,10110077NASCIMENTOW,2025-11-26,122983,1,18,0,474.0
10110077NASCIMENTOW_2025-11-26_G10,10110077NASCIMENTOW,2025-11-26,180024,1,11,0,979.0
10110077NASCIMENTOW_2025-11-26_G11,10110077NASCIMENTOW,2025-11-26,122962,1,8,0,256.0
10110077NASCIMENTOW_2025-11-26_G12,10110077NASCIMENTOW,2025-11-26,124476,1,2,0,436.0
10110077NASCIMENTOW_2025-11-26_G13,10110077NASCIMENTOW,2025-11-26,123343,1,3,0,233.0
10110077NASCIMENTOW_2025-11-26_G14,10110077NASCIMENTOW,2025-11-26,123909,1,12,0,351.0
10110077NASCIMENTOW_2025-11-26_G15,10110077NASCIMENTOW,2025-11-26,180024,1,2,0,145.0
10110077NASCIMENTOW_2025-11-26_G16,10110077NASCIMENTOW,2025-11-26,124248,1,2,0,138.0
10110077NASCIMENTOW_2025-11-26_G17,10110077NASCIMENTOW,2025-11-26,123313,1,12,0,371.0
10110077NASCIMENTOW_2025-11-26_G18,10110077NASCIMENTOW,2025-11-26,120271,1,8,0,562.0
10110077NASCIMENTOW_2025-11-26_G19,10110077NASCIMENTOW,2025-11-26,124486,1,20,0,566.0
10110077NASCIMENTOW_2025-11-26_G20,10110077NASCIMENTOW,2025-11-26,121651,1,20,0,816.0
10110077NASCIMENTOW_2025-11-26_G21,10110077NASCIMENTOW,2025-11-26,124548,1,8,0,292.0
10110077NASCIMENTOW_2025-11-26_G22,10110077NASCIMENTOW,2025-11-26,123344,1,12,0,958.0
10110077NASCIMENTOW_2025-11-26_G23,10110077NASCIMENTOW,2025-11-26,122962,1,12,0,287.0
10110077NASCIMENTOW_2025-11-26_G24,10110077NASCIMENTOW,2025-11-26,122185,1,100,0,1796.0
10110077NASCIMENTOW_2025-11-26_G25,10110077NASCIMENTOW,2025-11-26,122984,1,120,0,1967.0
10110077NASCIMENTOW_2025-11-26_G26,10110077NASCIMENTOW,2025-11-26,123822,1,24,0,1482.0
10110077NASCIMENTOW_2025-11-26_G28,10110077NASCIMENTOW,2025-11-26,121651,1,15,0,290.0
10110077NASCIMENTOW_2025-11-26_G29,10110077NASCIMENTOW,2025-11-26,120028,1,10,0,598.0
10110077NASCIMENTOW_2025-11-26_G30,10110077NASCIMENTOW,2025-11-26,122962,1,30,0,569.0
10110077NASCIMENTOW_2025-11-26_G31,10110077NASCIMENTOW,2025-11-26,124486,1,20,0,415.0
10110077NASCIMENTOW_2025-11-26_G32,10110077NASCIMENTOW,2025-11-26,122962,1,32,0,569.0
10110077NASCIMENTOW_2025-11-26_G33,10110077NASCIMENTOW,2025-11-26,122185,1,40,0,683.0
10110077NASCIMENTOW_2025-11-26_G34,10110077NASCIMENTOW,2025-11-26,122647,1,4,0,112.0
10110077NASCIMENTOW_2025-11-26_G35,10110077NASCIMENTOW,2025-11-26,124486,1,4,0,145.0
10110077NASCIMENTOW_2025-11-26_G36,10110077NASCIMENTOW,2025-11-26,120008,1,19,0,1121.0
10110077NASCIMENTOW_2025-11-26_G37,10110077NASCIMENTOW,2025-11-26,122962,1,6,0,211.0
10110077NASCIMENTOW_2025-11-26_G38,10110077NASCIMENTOW,2025-11-26,122647,1,6,0,175.0
10110077NASCIMENTOW_2025-11-27_G02,10110077NASCIMENTOW,2025-11-27,124248,1,14,0,331.0
10110077NASCIMENTOW_2025-11-27_G03,10110077NASCIMENTOW,2025-11-27,123081,1,10,0,152.0
10110077NASCIMENTOW_2025-11-27_G04,10110077NASCIMENTOW,2025-11-27,122988,1,6,0,187.0
10110077NASCIMENTOW_2025-11-27_G05,10110077NASCIMENTOW,2025-11-27,124475,1,6,0,483.0
10110077NASCIMENTOW_2025-11-27_G06,10110077NASCIMENTOW,2025-11-27,122983,1,8,0,185.0
10110077NASCIMENTOW_2025-11-27_G07,10110077NASCIMENTOW,2025-11-27,124371,1,20,0,375.0
10110077NASCIMENTOW_2025-11-27_G08,10110077NASCIMENTOW,2025-11-27,124486,1,20,0,354.0
10110077NASCIMENTOW_2025-11-27_G09,10110077NASCIMENTOW,2025-11-27,124370,1,7,0,262.0
10110077NASCIMENTOW_2025-11-27_G10,10110077NASCIMENTOW,2025-11-27,124247,1,6,0,275.0
10110077NASCIMENTOW_2025-11-27_G11,10110077NASCIMENTOW,2025-11-27,124548,1,10,0,341.0
10110077NASCIMENTOW_2025-11-27_G12,10110077NASCIMENTOW,2025-11-27,123822,1,14,0,241.0
10110077NASCIMENTOW_2025-11-27_G13,10110077NASCIMENTOW,2025-11-27,124475,1,6,0,162.0
10110077NASCIMENTOW_2025-11-27_G14,10110077NASCIMENTOW,2025-11-27,122671,1,4,0,136.0
10110077NASCIMENTOW_2025-11-27_G15,10110077NASCIMENTOW,2025-11-27,122983,1,2,0,107.0
10110077NASCIMENTOW_2025-11-27_G16,10110077NASCIMENTOW,2025-11-27,121760,1,4,0,132.0
10110077NASCIMENTOW_2025-11-27_G17,10110077NASCIMENTOW,2025-11-27,124371,1,4,0,114.0
10110077NASCIMENTOW_2025-11-27_G18,10110077NASCIMENTOW,2025-11-27,124486,1,15,0,368.0
10110077NASCIMENTOW_2025-11-27_G19,10110077NASCIMENTOW,2025-11-27,124370,1,12,0,408.0
10110077NASCIMENTOW_2025-11-27_G20,10110077NASCIMENTOW,2025-11-27,122962,1,12,0,367.0
10110077NASCIMENTOW_2025-11-27_G21,10110077NASCIMENTOW,2025-11-27,124486,1,28,0,577.0
10110077NASCIMENTOW_2025-11-27_G22,10110077NASCIMENTOW,2025-11-27,122983,1,10,0,2454.0
10110077NASCIMENTOW_2025-11-27_G23,10110077NASCIMENTOW,2025-11-27,122983,1,12,0,319.0
10110077NASCIMENTOW_2025-11-27_G24,10110077NASCIMENTOW,2025-11-27,120339,1,12,0,528.0
10110077NASCIMENTOW_2025-11-27_G25,10110077NASCIMENTOW,2025-11-27,120339,1,6,0,322.0
10110077NASCIMENTOW_2025-11-27_G26,10110077NASCIMENTOW,2025-11-27,123521,1,2,0,113.0
10110077NASCIMENTOW_2025-11-27_G27,10110077NASCIMENTOW,2025-11-27,122983,1,8,0,607.0
10110077NASCIMENTOW_2025-11-27_G28,10110077NASCIMENTOW,2025-11-27,122962,1,16,0,259.0
10110077NASCIMENTOW_2025-11-27_G29,10110077NASCIMENTOW,2025-11-27,124486,1,20,0,422.0
10110077NASCIMENTOW_2025-11-27_G30,10110077NASCIMENTOW,2025-11-27,123822,1,16,0,546.0
10110077NASCIMENTOW_2025-11-27_G31,10110077NASCIMENTOW,2025-11-27,122962,1,30,0,361.0
10110077NASCIMENTOW_2025-11-27_G32,10110077NASCIMENTOW,2025-11-27,120321,1,4,0,179.0
10110077NASCIMENTOW_2025-11-27_G33,10110077NASCIMENTOW,2025-11-27,122962,1,100,0,2104.0
10110077NASCIMENTOW_2025-11-27_G34,10110077NASCIMENTOW,2025-11-27,123909,1,30,0,636.0
10110077NASCIMENTOW_2025-11-27_G35,10110077NASCIMENTOW,2025-11-27,120389,1,13,0,762.0
10110077NASCIMENTOW_2025-11-27_G36,10110077NASCIMENTOW,2025-11-27,124370,1,20,0,459.0
10110077NASCIMENTOW_2025-11-27_G37,10110077NASCIMENTOW,2025-11-27,124247,1,20,0,466.0
10110077NASCIMENTOW_2025-11-27_G38,10110077NASCIMENTOW,2025-11-27,123343,1,20,0,682.0
10110077NASCIMENTOW_2025-11-27_G39,10110077NASCIMENTOW,2025-11-27,123345,1,80,0,951.0
10110077NASCIMENTOW_2025-11-27_G41,10110077NASCIMENTOW,2025-11-27,122673,1,6,0,242.0
10110077NASCIMENTOW_2025-11-27_G42,10110077NASCIMENTOW,2025-11-27,123889,1,20,0,534.0
10110077NASCIMENTOW_2025-11-27_G43,10110077NASCIMENTOW,2025-11-27,123345,1,60,0,1689.0
10110077NASCIMENTOW_2025-11-27_G44,10110077NASCIMENTOW,2025-11-27,122962,1,24,0,256.0
10110077NASCIMENTOW_2025-11-28_G02,10110077NASCIMENTOW,2025-11-28,122673,1,6,0,262.0
10110077NASCIMENTOW_2025-11-28_G03,10110077NASCIMENTOW,2025-11-28,120028,1,1,0,158.0
10110077NASCIMENTOW_2025-11-28_G04,10110077NASCIMENTOW,2025-11-28,123344,1,8,0,475.0
10110077NASCIMENTOW_2025-11-28_G05,10110077NASCIMENTOW,2025-11-28,122962,1,2,0,100.0
10110077NASCIMENTOW_2025-11-28_G06,10110077NASCIMENTOW,2025-11-28,124475,1,12,0,328.0
10110077NASCIMENTOW_2025-11-28_G07,10110077NASCIMENTOW,2025-11-28,122671,1,6,0,219.0
10110077NASCIMENTOW_2025-11-28_G08,10110077NASCIMENTOW,2025-11-28,121760,1,12,0,746.0
10110077NASCIMENTOW_2025-11-28_G09,10110077NASCIMENTOW,2025-11-28,123909,1,9,0,175.0
10110077NASCIMENTOW_2025-11-28_G10,10110077NASCIMENTOW,2025-11-28,122673,1,2,0,214.0
10110077NASCIMENTOW_2025-11-28_G11,10110077NASCIMENTOW,2025-11-28,123343,1,18,0,1151.0
10110077NASCIMENTOW_2025-11-28_G12,10110077NASCIMENTOW,2025-11-28,123345,1,31,0,714.0
10110077NASCIMENTOW_2025-11-28_G13,10110077NASCIMENTOW,2025-11-28,123344,1,24,0,822.0
10110077NASCIMENTOW_2025-11-28_G14,10110077NASCIMENTOW,2025-11-28,122983,1,18,0,359.0
10110077NASCIMENTOW_2025-11-28_G15,10110077NASCIMENTOW,2025-11-28,122962,1,8,0,156.0
10110077NASCIMENTOW_2025-11-28_G17,10110077NASCIMENTOW,2025-11-28,124486,1,80,0,1325.0
10110077NASCIMENTOW_2025-11-28_G18,10110077NASCIMENTOW,2025-11-28,122962,1,100,0,1683.0
10110077NASCIMENTOW_2025-11-28_G19,10110077NASCIMENTOW,2025-11-28,124248,1,30,0,1437.0
10110077NASCIMENTOW_2025-11-28_G20,10110077NASCIMENTOW,2025-11-28,122984,1,20,0,411.0
10110077NASCIMENTOW_2025-11-28_G22,10110077NASCIMENTOW,2025-11-28,122962,1,16,0,2024.0
10110077NASCIMENTOW_2025-11-28_G23,10110077NASCIMENTOW,2025-11-28,121651,1,12,0,247.0
10110077NASCIMENTOW_2025-11-28_G24,10110077NASCIMENTOW,2025-11-28,124486,1,14,0,600.0
10110077NASCIMENTOW_2025-11-28_G25,10110077NASCIMENTOW,2025-11-28,122962,1,15,0,531.0
10110077NASCIMENTOW_2025-11-28_G26,10110077NASCIMENTOW,2025-11-28,124486,1,10,0,294.0
10110077NASCIMENTOW_2025-11-28_G27,10110077NASCIMENTOW,2025-11-28,120028,1,10,0,346.0
10110077NASCIMENTOW_2025-11-28_G28,10110077NASCIMENTOW,2025-11-28,123909,1,22,0,451.0
10110077NASCIMENTOW_2025-11-28_G29,10110077NASCIMENTOW,2025-11-28,124264,1,14,0,390.0
10110077NASCIMENTOW_2025-11-28_G30,10110077NASCIMENTOW,2025-11-28,124486,1,10,0,144.0
10110077NASCIMENTOW_2025-11-28_G31,10110077NASCIMENTOW,2025-11-28,123153,1,11,0,285.0
10110077NASCIMENTOW_2025-11-28_G32,10110077NASCIMENTOW,2025-11-28,124486,1,4,0,151.0
10110077NASCIMENTOW_2025-11-28_G33,10110077NASCIMENTOW,2025-11-28,124371,1,8,0,233.0
10110077NASCIMENTOW_2025-11-28_G34,10110077NASCIMENTOW,2025-11-28,124370,1,10,0,260.0
10110077NASCIMENTOW_2025-11-28_G35,10110077NASCIMENTOW,2025-11-28,122962,1,20,0,529.0
10110077NASCIMENTOW_2025-11-29_G02,10110077NASCIMENTOW,2025-11-29,122962,1,50,0,762.0
10110077NASCIMENTOW_2025-11-29_G03,10110077NASCIMENTOW,2025-11-29,124486,1,50,0,680.0
10110077NASCIMENTOW_2025-11-29_G04,10110077NASCIMENTOW,2025-11-29,123345,1,4,0,284.0
10110077NASCIMENTOW_2025-11-29_G05,10110077NASCIMENTOW,2025-11-29,122962,1,13,0,327.0
10110077NASCIMENTOW_2025-11-29_G06,10110077NASCIMENTOW,2025-11-29,124486,1,16,0,326.0
10110077NASCIMENTOW_2025-11-29_G07,10110077NASCIMENTOW,2025-11-29,122647,1,11,0,411.0
10110077NASCIMENTOW_2025-11-29_G08,10110077NASCIMENTOW,2025-11-29,122962,1,1,0,511.0
10110077NASCIMENTOW_2025-11-29_G09,10110077NASCIMENTOW,2025-11-29,120028,1,1,0,118.0
10110077NASCIMENTOW_2025-11-29_G10,10110077NASCIMENTOW,2025-11-29,122984,1,40,0,590.0
10110077NASCIMENTOW_2025-11-29_G11,10110077NASCIMENTOW,2025-11-29,124486,1,15,0,394.0
10110077NASCIMENTOW_2025-11-29_G12,10110077NASCIMENTOW,2025-11-29,122962,1,76,0,1293.0
10110077NASCIMENTOW_2025-11-29_G13,10110077NASCIMENTOW,2025-11-29,124486,1,38,0,422.0
10110077NASCIMENTOW_2025-11-29_G14,10110077NASCIMENTOW,2025-11-29,122984,1,20,0,219.0
10110077NASCIMENTOW_2025-11-29_G15,10110077NASCIMENTOW,2025-11-29,122988,1,16,0,195.0
10110077NASCIMENTOW_2025-11-29_G16,10110077NASCIMENTOW,2025-11-29,123343,1,4,0,262.0
10110077NASCIMENTOW_2025-11-29_G17,10110077NASCIMENTOW,2025-11-29,121651,1,2,0,856.0
10110077NASCIMENTOW_2025-11-29_G18,10110077NASCIMENTOW,2025-11-29,121651,1,50,0,1514.0
10110077NASCIMENTOW_2025-11-29_G19,10110077NASCIMENTOW,2025-11-29,123345,1,30,0,1812.0
10110077NASCIMENTOW_2025-11-29_G21,10110077NASCIMENTOW,2025-11-29,124248,1,60,0,1305.0
10110077NASCIMENTOW_2025-11-29_G22,10110077NASCIMENTOW,2025-11-29,181057,1,1,0,223.0
10110077NASCIMENTOW_2025-11-29_G23,10110077NASCIMENTOW,2025-11-29,122962,1,12,0,399.0
10110077NASCIMENTOW_2025-11-29_G24,10110077NASCIMENTOW,2025-11-29,122647,1,6,0,230.0
10110077NASCIMENTOW_2025-11-29_G25,10110077NASCIMENTOW,2025-11-29,122673,1,6,0,284.0
10110077NASCIMENTOW_2025-11-29_G26,10110077NASCIMENTOW,2025-11-29,180054,1,3,0,644.0
10110077NASCIMENTOW_2025-11-29_G27,10110077NASCIMENTOW,2025-11-29,122984,1,20,0,587.0
10110077NASCIMENTOW_2025-11-30_G02,10110077NASCIMENTOW,2025-11-30,121651,1,2,0,111.0
10110077NASCIMENTOW_2025-11-30_G03,10110077NASCIMENTOW,2025-11-30,121760,1,2,0,126.0
10110077NASCIMENTOW_2025-11-30_G04,10110077NASCIMENTOW,2025-11-30,124594,1,8,0,477.0
10110077NASCIMENTOW_2025-11-30_G05,10110077NASCIMENTOW,2025-11-30,122984,1,16,0,311.0
10110077NASCIMENTOW_2025-11-30_G06,10110077NASCIMENTOW,2025-11-30,124624,1,8,0,294.0
10110077NASCIMENTOW_2025-11-30_G07,10110077NASCIMENTOW,2025-11-30,124248,1,16,0,299.0
10110077NASCIMENTOW_2025-11-30_G08,10110077NASCIMENTOW,2025-11-30,121651,1,2,0,134.0
10110077NASCIMENTOW_2025-11-30_G09,10110077NASCIMENTOW,2025-11-30,121760,1,6,0,137.0
10110077NASCIMENTOW_2025-11-30_G10,10110077NASCIMENTOW,2025-11-30,122703,1,8,0,291.0
10110077NASCIMENTOW_2025-11-30_G11,10110077NASCIMENTOW,2025-11-30,124248,1,26,0,577.0
10110077NASCIMENTOW_2025-11-30_G12,10110077NASCIMENTOW,2025-11-30,121651,1,2,0,151.0
10110077NASCIMENTOW_2025-11-30_G13,10110077NASCIMENTOW,2025-11-30,121760,1,2,0,138.0
10110077NASCIMENTOW_2025-11-30_G14,10110077NASCIMENTOW,2025-11-30,123345,1,4,0,85.0
10110077NASCIMENTOW_2025-11-30_G15,10110077NASCIMENTOW,2025-11-30,124486,1,3,0,336.0
10110077NASCIMENTOW_2025-11-30_G16,10110077NASCIMENTOW,2025-11-30,122962,1,8,0,225.0
10110077NASCIMENTOW_2025-11-30_G17,10110077NASCIMENTOW,2025-11-30,124475,1,12,0,229.0
10110077NASCIMENTOW_2025-11-30_G18,10110077NASCIMENTOW,2025-11-30,121760,1,8,0,117.0
10110077NASCIMENTOW_2025-11-30_G19,10110077NASCIMENTOW,2025-11-30,123313,1,2,0,251.0
10110077NASCIMENTOW_2025-11-30_G20,10110077NASCIMENTOW,2025-11-30,124486,1,16,0,394.0
10110077NASCIMENTOW_2025-11-30_G21,10110077NASCIMENTOW,2025-11-30,122962,1,16,0,317.0
10110077NASCIMENTOW_2025-11-30_G22,10110077NASCIMENTOW,2025-11-30,122647,1,42,0,605.0
10110077NASCIMENTOW_2025-11-30_G23,10110077NASCIMENTOW,2025-11-30,123344,1,2,0,224.0
10110077NASCIMENTOW_2025-11-30_G24,10110077NASCIMENTOW,2025-11-30,121760,1,4,0,101.0
10110077NASCIMENTOW_2025-11-30_G25,10110077NASCIMENTOW,2025-11-30,124371,1,4,0,71.0
10110077NASCIMENTOW_2025-11-30_G26,10110077NASCIMENTOW,2025-11-30,123343,1,4,0,238.0
10110077NASCIMENTOW_2025-11-30_G27,10110077NASCIMENTOW,2025-11-30,123345,1,10,0,544.0
10110077NASCIMENTOW_2025-11-30_G28,10110077NASCIMENTOW,2025-11-30,122673,1,6,0,462.0
10110077NASCIMENTOW_2025-11-30_G29,10110077NASCIMENTOW,2025-11-30,122673,1,20,0,258.0
10110077NASCIMENTOW_2025-11-30_G30,10110077NASCIMENTOW,2025-11-30,123344,1,7,0,1487.0
10110077NASCIMENTOW_2025-11-30_G31,10110077NASCIMENTOW,2025-11-30,121651,1,5,0,196.0
10110077NASCIMENTOW_2025-11-30_G32,10110077NASCIMENTOW,2025-11-30,121760,1,16,0,301.0
10110077NASCIMENTOW_2025-11-30_G33,10110077NASCIMENTOW,2025-11-30,122962,1,5,0,148.0
10110077NASCIMENTOW_2025-11-30_G34,10110077NASCIMENTOW,2025-11-30,123344,1,6,0,199.0
10110077NASCIMENTOW_2025-11-30_G35,10110077NASCIMENTOW,2025-11-30,122671,1,4,0,145.0
10110077NASCIMENTOW_2025-11-30_G36,10110077NASCIMENTOW,2025-11-30,122673,1,8,0,645.0
10110077NASCIMENTOW_2025-11-30_G37,10110077NASCIMENTOW,2025-11-30,122962,1,16,0,1390.0
10110077NASCIMENTOW_2025-11-30_G38,10110077NASCIMENTOW,2025-11-30,120028,1,12,0,183.0
10110077NASCIMENTOW_2025-11-30_G39,10110077NASCIMENTOW,2025-11-30,123822,1,20,0,177.0
10110077NASCIMENTOW_2025-11-30_G40,10110077NASCIMENTOW,2025-11-30,124486,1,16,0,223.0
10110077NASCIMENTOW_2025-11-30_G41,10110077NASCIMENTOW,2025-11-30,123344,1,4,0,381.0
10110077NASCIMENTOW_2025-11-30_G42,10110077NASCIMENTOW,2025-11-30,124624,1,2,0,201.0
10110077NASCIMENTOW_2025-11-30_G43,10110077NASCIMENTOW,2025-11-30,123343,1,6,0,146.0
10110077NASCIMENTOW_2025-12-05_G02,10110077NASCIMENTOW,2025-12-05,122984,1,86,0,1394.0
10110077NASCIMENTOW_2025-12-05_G03,10110077NASCIMENTOW,2025-12-05,122982,1,12,0,257.0
10110077NASCIMENTOW_2025-12-05_G04,10110077NASCIMENTOW,2025-12-05,122983,1,16,0,244.0
10110077NASCIMENTOW_2025-12-05_G05,10110077NASCIMENTOW,2025-12-05,124247,1,2,0,116.0
10110077NASCIMENTOW_2025-12-05_G06,10110077NASCIMENTOW,2025-12-05,122984,1,30,0,473.0
10110077NASCIMENTOW_2025-12-05_G07,10110077NASCIMENTOW,2025-12-05,122962,1,12,0,309.0
10110077NASCIMENTOW_2025-12-05_G08,10110077NASCIMENTOW,2025-12-05,122671,1,6,0,255.0
10110077NASCIMENTOW_2025-12-05_G09,10110077NASCIMENTOW,2025-12-05,124486,1,8,0,267.0
10110077NASCIMENTOW_2025-12-05_G10,10110077NASCIMENTOW,2025-12-05,123492,1,10,0,414.0
10110077NASCIMENTOW_2025-12-05_G11,10110077NASCIMENTOW,2025-12-05,122671,1,12,0,275.0
10110077NASCIMENTOW_2025-12-05_G12,10110077NASCIMENTOW,2025-12-05,120389,1,10,0,243.0
10110077NASCIMENTOW_2025-12-05_G13,10110077NASCIMENTOW,2025-12-05,123909,1,10,0,146.0
10110077NASCIMENTOW_2025-12-05_G14,10110077NASCIMENTOW,2025-12-05,122962,1,70,0,1223.0
10110077NASCIMENTOW_2025-12-05_G15,10110077NASCIMENTOW,2025-12-05,124486,1,30,0,476.0
10110077NASCIMENTOW_2025-12-05_G16,10110077NASCIMENTOW,2025-12-05,124248,1,20,0,2195.0
10110077NASCIMENTOW_2025-12-05_G17,10110077NASCIMENTOW,2025-12-05,122962,1,16,0,1296.0
10110077NASCIMENTOW_2025-12-05_G18,10110077NASCIMENTOW,2025-12-05,122647,1,40,0,660.0
10110077NASCIMENTOW_2025-12-05_G19,10110077NASCIMENTOW,2025-12-05,120028,1,60,0,1455.0
10110077NASCIMENTOW_2025-12-05_G20,10110077NASCIMENTOW,2025-12-05,120287,1,14,0,284.0
10110077NASCIMENTOW_2025-12-05_G21,10110077NASCIMENTOW,2025-12-05,122185,1,12,0,265.0
10110077NASCIMENTOW_2025-12-05_G22,10110077NASCIMENTOW,2025-12-05,122185,1,2,0,111.0
10110077NASCIMENTOW_2025-12-05_G23,10110077NASCIMENTOW,2025-12-05,122962,1,13,0,336.0
10110077NASCIMENTOW_2025-12-05_G24,10110077NASCIMENTOW,2025-12-05,124486,1,20,0,318.0
10110077NASCIMENTOW_2025-12-05_G25,10110077NASCIMENTOW,2025-12-05,123909,1,4,0,214.0
10110077NASCIMENTOW_2025-12-05_G26,10110077NASCIMENTOW,2025-12-05,122984,1,8,0,146.0
10110077NASCIMENTOW_2025-12-05_G27,10110077NASCIMENTOW,2025-12-05,124248,1,2,0,115.0
10110077NASCIMENTOW_2025-12-05_G28,10110077NASCIMENTOW,2025-12-05,122983,1,4,0,110.0
10110077NASCIMENTOW_2025-12-05_G29,10110077NASCIMENTOW,2025-12-05,122967,1,8,0,107.0
10110077NASCIMENTOW_2025-12-05_G30,10110077NASCIMENTOW,2025-12-05,120028,1,6,0,222.0
10110077NASCIMENTOW_2025-12-05_G31,10110077NASCIMENTOW,2025-12-05,124247,1,4,0,134.0
10110077NASCIMENTOW_2025-12-05_G32,10110077NASCIMENTOW,2025-12-05,122984,1,10,0,221.0
10110077NASCIMENTOW_2025-12-05_G33,10110077NASCIMENTOW,2025-12-05,122982,1,20,0,281.0
10110077NASCIMENTOW_2025-12-05_G35,10110077NASCIMENTOW,2025-12-05,124486,1,10,0,163.0
10110077NASCIMENTOW_2025-12-05_G36,10110077NASCIMENTOW,2025-12-05,124264,1,10,0,150.0
10110077NASCIMENTOW_2025-12-05_G37,10110077NASCIMENTOW,2025-12-05,124486,1,10,0,182.0
10110077NASCIMENTOW_2025-12-05_G38,10110077NASCIMENTOW,2025-12-05,122962,1,16,0,386.0
10110077NASCIMENTOW_2025-12-05_G39,10110077NASCIMENTOW,2025-12-05,180676,1,2,0,293.0
10110077NASCIMENTOW_2025-12-05_G40,10110077NASCIMENTOW,2025-12-05,124548,1,2,0,194.0
10110077NASCIMENTOW_2025-12-05_G41,10110077NASCIMENTOW,2025-12-05,124548,1,2,0,237.0
10110077NASCIMENTOW_2025-12-05_G42,10110077NASCIMENTOW,2025-12-05,124264,1,20,0,331.0
10110077NASCIMENTOW_2025-12-05_G43,10110077NASCIMENTOW,2025-12-05,123153,1,10,0,172.0
10110077NASCIMENTOW_2025-12-05_G44,10110077NASCIMENTOW,2025-12-05,180024,1,4,0,395.0
10110077NASCIMENTOW_2025-12-05_G45,10110077NASCIMENTOW,2025-12-05,181887,1,12,0,1143.0
10110077NASCIMENTOW_2025-12-05_G46,10110077NASCIMENTOW,2025-12-05,124486,1,4,0,153.0
10110077NASCIMENTOW_2025-12-05_G47,10110077NASCIMENTOW,2025-12-05,124477,1,2,0,813.0
10110077NASCIMENTOW_2025-12-05_G48,10110077NASCIMENTOW,2025-12-05,124624,1,3,0,218.0
10110077NASCIMENTOW_2025-12-05_G49,10110077NASCIMENTOW,2025-12-05,121760,1,8,0,215.0
10110077NASCIMENTOW_2025-12-05_G50,10110077NASCIMENTOW,2025-12-05,123343,1,8,0,307.0
10110077NASCIMENTOW_2025-12-05_G51,10110077NASCIMENTOW,2025-12-05,123313,1,4,0,169.0
10110077NASCIMENTOW_2025-12-06_G02,10110077NASCIMENTOW,2025-12-06,122671,1,3,0,235.0
10110077NASCIMENTOW_2025-12-06_G03,10110077NASCIMENTOW,2025-12-06,123343,1,10,0,401.0
10110077NASCIMENTOW_2025-12-06_G04,10110077NASCIMENTOW,2025-12-06,123345,1,26,0,634.0
10110077NASCIMENTOW_2025-12-06_G05,10110077NASCIMENTOW,2025-12-06,124624,1,2,0,574.0
10110077NASCIMENTOW_2025-12-06_G06,10110077NASCIMENTOW,2025-12-06,124624,1,2,0,37.0
10110077NASCIMENTOW_2025-12-06_G07,10110077NASCIMENTOW,2025-12-06,124476,1,8,0,377.0
10110077NASCIMENTOW_2025-12-06_G08,10110077NASCIMENTOW,2025-12-06,122984,1,8,0,359.0
10110077NASCIMENTOW_2025-12-06_G09,10110077NASCIMENTOW,2025-12-06,120271,1,2,0,67.0
10110077NASCIMENTOW_2025-12-06_G10,10110077NASCIMENTOW,2025-12-06,122983,1,12,0,239.0
10110077NASCIMENTOW_2025-12-06_G11,10110077NASCIMENTOW,2025-12-06,122983,1,4,0,194.0
10110077NASCIMENTOW_2025-12-06_G12,10110077NASCIMENTOW,2025-12-06,120339,1,2,0,130.0
10110077NASCIMENTOW_2025-12-06_G13,10110077NASCIMENTOW,2025-12-06,120339,1,24,0,736.0
10110077NASCIMENTOW_2025-12-06_G14,10110077NASCIMENTOW,2025-12-06,123313,1,4,0,141.0
10110077NASCIMENTOW_2025-12-06_G15,10110077NASCIMENTOW,2025-12-06,"120028, 123909",2,38,1,790.0
10110077NASCIMENTOW_2025-12-06_G16,10110077NASCIMENTOW,2025-12-06,123343,1,4,0,211.0
10110077NASCIMENTOW_2025-12-06_G17,10110077NASCIMENTOW,2025-12-06,123822,1,6,0,257.0
10110077NASCIMENTOW_2025-12-06_G18,10110077NASCIMENTOW,2025-12-06,123822,1,16,0,513.0
10110077NASCIMENTOW_2025-12-06_G19,10110077NASCIMENTOW,2025-12-06,122962,1,100,0,1385.0
10110077NASCIMENTOW_2025-12-06_G20,10110077NASCIMENTOW,2025-12-06,114647,1,4,0,590.0
10110077NASCIMENTOW_2025-12-06_G21,10110077NASCIMENTOW,2025-12-06,122962,1,24,0,1658.0
10110077NASCIMENTOW_2025-12-06_G22,10110077NASCIMENTOW,2025-12-06,122647,1,6,0,1332.0
10110077NASCIMENTOW_2025-12-06_G23,10110077NASCIMENTOW,2025-12-06,122962,1,30,0,889.0
10110077NASCIMENTOW_2025-12-06_G24,10110077NASCIMENTOW,2025-12-06,123344,1,2,0,1484.0
10110077NASCIMENTOW_2025-12-06_G25,10110077NASCIMENTOW,2025-12-06,123345,1,2,0,148.0
10110077NASCIMENTOW_2025-12-06_G26,10110077NASCIMENTOW,2025-12-06,123344,1,2,0,400.0
10110077NASCIMENTOW_2025-12-06_G27,10110077NASCIMENTOW,2025-12-06,114647,1,1,0,162.0
10110077NASCIMENTOW_2025-12-06_G28,10110077NASCIMENTOW,2025-12-06,121651,1,8,0,341.0
10110077NASCIMENTOW_2025-12-06_G29,10110077NASCIMENTOW,2025-12-06,121651,1,11,0,238.0
10110077NASCIMENTOW_2025-12-06_G30,10110077NASCIMENTOW,2025-12-06,122703,1,8,0,347.0
10110077NASCIMENTOW_2025-12-06_G31,10110077NASCIMENTOW,2025-12-06,181887,1,20,0,514.0
10110077NASCIMENTOW_2025-12-08_G02,10110077NASCIMENTOW,2025-12-08,124624,1,2,0,221.0
10110077NASCIMENTOW_2025-12-08_G03,10110077NASCIMENTOW,2025-12-08,123947,1,16,0,796.0
10110077NASCIMENTOW_2025-12-08_G04,10110077NASCIMENTOW,2025-12-08,124594,1,14,0,586.0
10110077NASCIMENTOW_2025-12-08_G05,10110077NASCIMENTOW,2025-12-08,123153,1,12,0,202.0
10110077NASCIMENTOW_2025-12-08_G06,10110077NASCIMENTOW,2025-12-08,124247,1,22,0,423.0
10110077NASCIMENTOW_2025-12-08_G07,10110077NASCIMENTOW,2025-12-08,124486,1,6,0,32.0
10110077NASCIMENTOW_2025-12-08_G08,10110077NASCIMENTOW,2025-12-08,181906,1,5,0,218.0
10110077NASCIMENTOW_2025-12-08_G09,10110077NASCIMENTOW,2025-12-08,120272,1,8,0,38.0
10110077NASCIMENTOW_2025-12-08_G10,10110077NASCIMENTOW,2025-12-08,122189,1,2,0,144.0
10110077NASCIMENTOW_2025-12-08_G11,10110077NASCIMENTOW,2025-12-08,122196,1,8,0,59.0
10110077NASCIMENTOW_2025-12-08_G12,10110077NASCIMENTOW,2025-12-08,123313,1,1,0,63.0
10110077NASCIMENTOW_2025-12-08_G13,10110077NASCIMENTOW,2025-12-08,124247,1,6,0,93.0
10110077NASCIMENTOW_2025-12-08_G14,10110077NASCIMENTOW,2025-12-08,123153,1,12,0,366.0
10110077NASCIMENTOW_2025-12-08_G15,10110077NASCIMENTOW,2025-12-08,124370,1,27,0,437.0
10110077NASCIMENTOW_2025-12-08_G16,10110077NASCIMENTOW,2025-12-08,123889,1,2,0,45.0
10110077NASCIMENTOW_2025-12-08_G17,10110077NASCIMENTOW,2025-12-08,124264,1,2,0,140.0
10110077NASCIMENTOW_2025-12-08_G18,10110077NASCIMENTOW,2025-12-08,123153,1,10,0,48.0
10110077NASCIMENTOW_2025-12-08_G19,10110077NASCIMENTOW,2025-12-08,124248,1,10,0,349.0
10110077NASCIMENTOW_2025-12-08_G20,10110077NASCIMENTOW,2025-12-08,124548,1,16,0,339.0
10110077NASCIMENTOW_2025-12-08_G21,10110077NASCIMENTOW,2025-12-08,124594,1,16,0,527.0
10110077NASCIMENTOW_2025-12-08_G22,10110077NASCIMENTOW,2025-12-08,120339,1,20,0,224.0
10110077NASCIMENTOW_2025-12-08_G23,10110077NASCIMENTOW,2025-12-08,124624,1,4,0,126.0
10110077NASCIMENTOW_2025-12-08_G24,10110077NASCIMENTOW,2025-12-08,123153,1,10,0,58.0
10110077NASCIMENTOW_2025-12-08_G25,10110077NASCIMENTOW,2025-12-08,124486,1,6,0,137.0
10110077NASCIMENTOW_2025-12-08_G26,10110077NASCIMENTOW,2025-12-08,124247,1,4,0,94.0
10110077NASCIMENTOW_2025-12-08_G27,10110077NASCIMENTOW,2025-12-08,122962,1,50,0,1853.0
10110077NASCIMENTOW_2025-12-08_G28,10110077NASCIMENTOW,2025-12-08,124371,1,100,0,2750.0
10110077NASCIMENTOW_2025-12-08_G29,10110077NASCIMENTOW,2025-12-08,122647,1,8,0,72.0
10110077NASCIMENTOW_2025-12-08_G30,10110077NASCIMENTOW,2025-12-08,124370,1,100,0,1619.0
10110077NASCIMENTOW_2025-12-08_G31,10110077NASCIMENTOW,2025-12-08,120008,1,4,0,76.0
10110077NASCIMENTOW_2025-12-08_G32,10110077NASCIMENTOW,2025-12-08,122673,1,6,0,130.0
10110077NASCIMENTOW_2025-12-09_G02,10110077NASCIMENTOW,2025-12-09,124486,1,16,0,341.0
10110077NASCIMENTOW_2025-12-09_G04,10110077NASCIMENTOW,2025-12-09,123909,1,8,0,212.0
10110077NASCIMENTOW_2025-12-09_G05,10110077NASCIMENTOW,2025-12-09,123345,1,12,0,423.0
10110077NASCIMENTOW_2025-12-09_G06,10110077NASCIMENTOW,2025-12-09,122647,1,6,0,1122.0
10110077NASCIMENTOW_2025-12-09_G07,10110077NASCIMENTOW,2025-12-09,122962,1,6,0,138.0
10110077NASCIMENTOW_2025-12-09_G08,10110077NASCIMENTOW,2025-12-09,122671,1,10,0,92.0
10110077NASCIMENTOW_2025-12-09_G09,10110077NASCIMENTOW,2025-12-09,122673,1,6,0,190.0
10110077NASCIMENTOW_2025-12-09_G10,10110077NASCIMENTOW,2025-12-09,124486,1,6,0,196.0
10110077NASCIMENTOW_2025-12-09_G11,10110077NASCIMENTOW,2025-12-09,120028,1,6,0,215.0
10110077NASCIMENTOW_2025-12-09_G12,10110077NASCIMENTOW,2025-12-09,123822,1,22,0,492.0
10110077NASCIMENTOW_2025-12-09_G13,10110077NASCIMENTOW,2025-12-09,122984,1,20,0,305.0
10110077NASCIMENTOW_2025-12-09_G14,10110077NASCIMENTOW,2025-12-09,124486,1,30,0,479.0
10110077NASCIMENTOW_2025-12-09_G15,10110077NASCIMENTOW,2025-12-09,123345,1,20,0,413.0
10110077NASCIMENTOW_2025-12-09_G16,10110077NASCIMENTOW,2025-12-09,122673,1,6,0,295.0
10110077NASCIMENTOW_2025-12-09_G17,10110077NASCIMENTOW,2025-12-09,123909,1,1,0,66.0
10110077NASCIMENTOW_2025-12-09_G18,10110077NASCIMENTOW,2025-12-09,124370,1,5,0,106.0
10110077NASCIMENTOW_2025-12-09_G19,10110077NASCIMENTOW,2025-12-09,123909,1,6,0,203.0
10110077NASCIMENTOW_2025-12-09_G20,10110077NASCIMENTOW,2025-12-09,124248,1,10,0,162.0
10110077NASCIMENTOW_2025-12-09_G21,10110077NASCIMENTOW,2025-12-09,124247,1,6,0,145.0
10110077NASCIMENTOW_2025-12-09_G22,10110077NASCIMENTOW,2025-12-09,123822,1,8,0,245.0
10110077NASCIMENTOW_2025-12-09_G23,10110077NASCIMENTOW,2025-12-09,122962,1,18,0,1044.0
10110077NASCIMENTOW_2025-12-09_G24,10110077NASCIMENTOW,2025-12-09,124486,1,12,0,213.0
10110077NASCIMENTOW_2025-12-09_G25,10110077NASCIMENTOW,2025-12-09,124433,1,12,0,322.0
10110077NASCIMENTOW_2025-12-09_G26,10110077NASCIMENTOW,2025-12-09,124247,1,8,0,204.0
10110077NASCIMENTOW_2025-12-09_G28,10110077NASCIMENTOW,2025-12-09,181527,1,44,0,2684.0
10110077NASCIMENTOW_2025-12-10_G02,10110077NASCIMENTOW,2025-12-10,122984,1,70,0,1389.0
10110077NASCIMENTOW_2025-12-10_G03,10110077NASCIMENTOW,2025-12-10,124248,1,50,0,646.0
10110077NASCIMENTOW_2025-12-10_G04,10110077NASCIMENTOW,2025-12-10,124247,1,10,0,190.0
10110077NASCIMENTOW_2025-12-10_G05,10110077NASCIMENTOW,2025-12-10,123822,1,50,0,2372.0
10110077NASCIMENTOW_2025-12-10_G07,10110077NASCIMENTOW,2025-12-10,123345,1,5,0,331.0
10110077NASCIMENTOW_2025-12-10_G08,10110077NASCIMENTOW,2025-12-10,123080,1,40,0,397.0
10110077NASCIMENTOW_2025-12-10_G09,10110077NASCIMENTOW,2025-12-10,121760,1,5,0,59.0
10110077NASCIMENTOW_2025-12-10_G10,10110077NASCIMENTOW,2025-12-10,123343,1,3,0,346.0
10110077NASCIMENTOW_2025-12-10_G11,10110077NASCIMENTOW,2025-12-10,124247,1,30,0,553.0
10110077NASCIMENTOW_2025-12-10_G12,10110077NASCIMENTOW,2025-12-10,124247,1,20,0,145.0
10110077NASCIMENTOW_2025-12-10_G13,10110077NASCIMENTOW,2025-12-10,122673,1,14,0,199.0
10110077NASCIMENTOW_2025-12-11_G02,10110077NASCIMENTOW,2025-12-11,124486,1,178,0,3141.0
10110077NASCIMENTOW_2025-12-11_G04,10110077NASCIMENTOW,2025-12-11,124486,1,103,0,2072.0
10110077NASCIMENTOW_2025-12-11_G06,10110077NASCIMENTOW,2025-12-11,122647,1,12,0,2329.0
10110077NASCIMENTOW_2025-12-11_G07,10110077NASCIMENTOW,2025-12-11,123153,1,194,0,1762.0
10110077NASCIMENTOW_2025-12-11_G08,10110077NASCIMENTOW,2025-12-11,121760,1,21,0,1001.0
10110077NASCIMENTOW_2025-12-11_G09,10110077NASCIMENTOW,2025-12-11,123345,1,60,0,1312.0
10110077NASCIMENTOW_2025-12-12_G02,10110077NASCIMENTOW,2025-12-12,123822,1,6,0,235.0
10110077NASCIMENTOW_2025-12-12_G03,10110077NASCIMENTOW,2025-12-12,123909,1,4,0,126.0
10110077NASCIMENTOW_2025-12-12_G04,10110077NASCIMENTOW,2025-12-12,122673,1,40,0,499.0
10110077NASCIMENTOW_2025-12-12_G05,10110077NASCIMENTOW,2025-12-12,122671,1,32,0,323.0
10110077NASCIMENTOW_2025-12-12_G06,10110077NASCIMENTOW,2025-12-12,122962,1,8,0,142.0
10110077NASCIMENTOW_2025-12-12_G07,10110077NASCIMENTOW,2025-12-12,124548,1,10,0,563.0
10110077NASCIMENTOW_2025-12-12_G08,10110077NASCIMENTOW,2025-12-12,122984,1,30,0,483.0
10110077NASCIMENTOW_2025-12-12_G09,10110077NASCIMENTOW,2025-12-12,122962,1,16,0,250.0
10110077NASCIMENTOW_2025-12-12_G10,10110077NASCIMENTOW,2025-12-12,120028,1,20,0,707.0
10110077NASCIMENTOW_2025-12-12_G11,10110077NASCIMENTOW,2025-12-12,123909,1,8,0,148.0
10110077NASCIMENTOW_2025-12-12_G12,10110077NASCIMENTOW,2025-12-12,124486,1,10,0,204.0
10110077NASCIMENTOW_2025-12-12_G13,10110077NASCIMENTOW,2025-12-12,123345,1,2,0,113.0
10110077NASCIMENTOW_2025-12-12_G14,10110077NASCIMENTOW,2025-12-12,122962,1,20,0,252.0
10110077NASCIMENTOW_2025-12-12_G15,10110077NASCIMENTOW,2025-12-12,123822,1,10,0,203.0
10110077NASCIMENTOW_2025-12-12_G16,10110077NASCIMENTOW,2025-12-12,122673,1,24,0,2032.0
10110077NASCIMENTOW_2025-12-12_G17,10110077NASCIMENTOW,2025-12-12,123343,1,1,0,225.0
10110077NASCIMENTOW_2025-12-12_G18,10110077NASCIMENTOW,2025-12-12,122962,1,12,0,203.0
10110077NASCIMENTOW_2025-12-12_G19,10110077NASCIMENTOW,2025-12-12,123822,1,38,0,745.0
10110077NASCIMENTOW_2025-12-12_G20,10110077NASCIMENTOW,2025-12-12,122967,1,32,0,484.0
10110077NASCIMENTOW_2025-12-12_G21,10110077NASCIMENTOW,2025-12-12,120028,1,15,0,314.0
10110077NASCIMENTOW_2025-12-12_G22,10110077NASCIMENTOW,2025-12-12,122984,1,12,0,184.0
10110077NASCIMENTOW_2025-12-12_G23,10110077NASCIMENTOW,2025-12-12,122185,1,3,0,90.0
10110077NASCIMENTOW_2025-12-12_G24,10110077NASCIMENTOW,2025-12-12,124248,1,4,0,132.0
10110077NASCIMENTOW_2025-12-12_G25,10110077NASCIMENTOW,2025-12-12,124486,1,8,0,154.0
10110077NASCIMENTOW_2025-12-12_G26,10110077NASCIMENTOW,2025-12-12,180073,1,3,0,1301.0
10110077NASCIMENTOW_2025-12-12_G27,10110077NASCIMENTOW,2025-12-12,120339,1,10,0,315.0
10110077NASCIMENTOW_2025-12-12_G28,10110077NASCIMENTOW,2025-12-12,122962,1,24,0,430.0
10110077NASCIMENTOW_2025-12-12_G29,10110077NASCIMENTOW,2025-12-12,124486,1,18,0,441.0
10110077NASCIMENTOW_2025-12-12_G30,10110077NASCIMENTOW,2025-12-12,120008,1,4,0,279.0
10110077NASCIMENTOW_2025-12-12_G31,10110077NASCIMENTOW,2025-12-12,122984,1,28,0,649.0
10110077NASCIMENTOW_2025-12-12_G32,10110077NASCIMENTOW,2025-12-12,123080,1,20,0,413.0
10110077NASCIMENTOW_2025-12-12_G33,10110077NASCIMENTOW,2025-12-12,124486,1,2,0,102.0
10110077NASCIMENTOW_2025-12-12_G34,10110077NASCIMENTOW,2025-12-12,123344,1,11,0,1160.0
10110077NASCIMENTOW_2025-12-12_G35,10110077NASCIMENTOW,2025-12-12,124477,1,4,0,122.0
10110077NASCIMENTOW_2025-12-12_G36,10110077NASCIMENTOW,2025-12-12,121651,1,7,0,421.0
10110077NASCIMENTOW_2025-12-12_G37,10110077NASCIMENTOW,2025-12-12,124371,1,10,0,166.0
10110077NASCIMENTOW_2025-12-12_G39,10110077NASCIMENTOW,2025-12-12,122962,1,10,0,394.0
10110077NASCIMENTOW_2025-12-12_G40,10110077NASCIMENTOW,2025-12-12,124475,1,12,0,467.0
10110077NASCIMENTOW_2025-12-12_G41,10110077NASCIMENTOW,2025-12-12,121760,1,6,0,131.0
10110077NASCIMENTOW_2025-12-12_G42,10110077NASCIMENTOW,2025-12-12,124370,1,8,0,322.0
10110077NASCIMENTOW_2025-12-13_G02,10110077NASCIMENTOW,2025-12-13,124476,1,8,0,230.0
10110077NASCIMENTOW_2025-12-13_G03,10110077NASCIMENTOW,2025-12-13,124476,1,8,0,97.0
10110077NASCIMENTOW_2025-12-13_G04,10110077NASCIMENTOW,2025-12-13,122983,1,8,0,119.0
10110077NASCIMENTOW_2025-12-13_G05,10110077NASCIMENTOW,2025-12-13,124371,1,8,0,145.0
10110077NASCIMENTOW_2025-12-13_G06,10110077NASCIMENTOW,2025-12-13,124371,1,12,0,340.0
10110077NASCIMENTOW_2025-12-13_G07,10110077NASCIMENTOW,2025-12-13,121760,1,60,0,1265.0
10110077NASCIMENTOW_2025-12-13_G08,10110077NASCIMENTOW,2025-12-13,121760,1,20,0,366.0
10110077NASCIMENTOW_2025-12-13_G09,10110077NASCIMENTOW,2025-12-13,124486,1,35,0,2898.0
10110077NASCIMENTOW_2025-12-13_G10,10110077NASCIMENTOW,2025-12-13,124486,1,15,0,225.0
10110077NASCIMENTOW_2025-12-13_G11,10110077NASCIMENTOW,2025-12-13,124486,1,14,0,248.0
10110077NASCIMENTOW_2025-12-13_G12,10110077NASCIMENTOW,2025-12-13,123909,1,12,0,211.0
10110077NASCIMENTOW_2025-12-13_G13,10110077NASCIMENTOW,2025-12-13,123521,1,4,0,94.0
10110077NASCIMENTOW_2025-12-13_G14,10110077NASCIMENTOW,2025-12-13,123081,1,2,0,1107.0
10110077NASCIMENTOW_2025-12-13_G15,10110077NASCIMENTOW,2025-12-13,123081,1,14,0,456.0
10110077NASCIMENTOW_2025-12-13_G16,10110077NASCIMENTOW,2025-12-13,122981,1,4,0,74.0
10110077NASCIMENTOW_2025-12-13_G17,10110077NASCIMENTOW,2025-12-13,122983,1,4,0,162.0
10110077NASCIMENTOW_2025-12-13_G18,10110077NASCIMENTOW,2025-12-13,124247,1,6,0,78.0
10110077NASCIMENTOW_2025-12-13_G19,10110077NASCIMENTOW,2025-12-13,123343,1,7,0,239.0
10110077NASCIMENTOW_2025-12-13_G20,10110077NASCIMENTOW,2025-12-13,114647,1,8,0,1329.0
10110077NASCIMENTOW_2025-12-13_G21,10110077NASCIMENTOW,2025-12-13,124475,1,5,0,448.0
10110077NASCIMENTOW_2025-12-13_G22,10110077NASCIMENTOW,2025-12-13,122984,2,146,25,1956.0
10110077NASCIMENTOW_2025-12-13_G23,10110077NASCIMENTOW,2025-12-13,122984,1,60,0,577.0
10110077NASCIMENTOW_2025-12-13_G24,10110077NASCIMENTOW,2025-12-13,123344,1,2,0,55.0
10110077NASCIMENTOW_2025-12-13_G25,10110077NASCIMENTOW,2025-12-13,124475,1,4,0,129.0
10110077NASCIMENTOW_2025-12-13_G26,10110077NASCIMENTOW,2025-12-13,122962,1,8,0,66.0
10110077NASCIMENTOW_2025-12-13_G27,10110077NASCIMENTOW,2025-12-13,121651,1,6,0,53.0
10110077NASCIMENTOW_2025-12-13_G28,10110077NASCIMENTOW,2025-12-13,124486,1,4,0,89.0
10110077NASCIMENTOW_2025-12-13_G29,10110077NASCIMENTOW,2025-12-13,123344,1,4,0,49.0
10110077NASCIMENTOW_2025-12-13_G30,10110077NASCIMENTOW,2025-12-13,120339,1,4,0,98.0
10110077NASCIMENTOW_2025-12-13_G31,10110077NASCIMENTOW,2025-12-13,122984,1,2,0,62.0
10110077NASCIMENTOW_2025-12-13_G32,10110077NASCIMENTOW,2025-12-13,124475,1,2,0,66.0
10110077NASCIMENTOW_2025-12-13_G33,10110077NASCIMENTOW,2025-12-13,121651,1,10,0,133.0
10110077NASCIMENTOW_2025-12-13_G34,10110077NASCIMENTOW,2025-12-13,124486,1,4,0,96.0
10110077NASCIMENTOW_2025-12-13_G35,10110077NASCIMENTOW,2025-12-13,123909,1,9,0,116.0
10110077NASCIMENTOW_2025-12-13_G36,10110077NASCIMENTOW,2025-12-13,123345,1,11,0,118.0
10110077NASCIMENTOW_2025-12-13_G37,10110077NASCIMENTOW,2025-12-13,123343,1,6,0,1031.0
10110077NASCIMENTOW_2025-12-13_G38,10110077NASCIMENTOW,2025-12-13,121651,1,10,0,350.0
10110077NASCIMENTOW_2025-12-13_G39,10110077NASCIMENTOW,2025-12-13,123909,1,1,0,73.0
10110077NASCIMENTOW_2025-12-13_G40,10110077NASCIMENTOW,2025-12-13,122962,1,24,0,583.0
10110077NASCIMENTOW_2025-12-13_G41,10110077NASCIMENTOW,2025-12-13,124486,1,16,0,221.0
10110077NASCIMENTOW_2025-12-13_G43,10110077NASCIMENTOW,2025-12-13,123822,1,17,0,131.0
10110077NASCIMENTOW_2025-12-13_G44,10110077NASCIMENTOW,2025-12-13,122647,1,151,0,2153.0
10110077NASCIMENTOW_2025-12-13_G45,10110077NASCIMENTOW,2025-12-13,124370,1,200,0,3234.0
10110077NASCIMENTOW_2025-12-15_G02,10110077NASCIMENTOW,2025-12-15,124248,1,20,0,1140.0
10110077NASCIMENTOW_2025-12-15_G03,10110077NASCIMENTOW,2025-12-15,123822,1,17,0,1535.0
10110077NASCIMENTOW_2025-12-15_G04,10110077NASCIMENTOW,2025-12-15,123822,1,33,0,671.0
10110077NASCIMENTOW_2025-12-15_G05,10110077NASCIMENTOW,2025-12-15,122189,1,4,0,136.0
10110077NASCIMENTOW_2025-12-15_G06,10110077NASCIMENTOW,2025-12-15,120008,1,16,0,473.0
10110077NASCIMENTOW_2025-12-15_G07,10110077NASCIMENTOW,2025-12-15,123153,1,20,0,424.0
10110077NASCIMENTOW_2025-12-15_G08,10110077NASCIMENTOW,2025-12-15,123343,1,2,0,179.0
10110077NASCIMENTOW_2025-12-15_G09,10110077NASCIMENTOW,2025-12-15,122962,1,16,0,432.0
10110077NASCIMENTOW_2025-12-15_G10,10110077NASCIMENTOW,2025-12-15,120028,1,1,0,319.0
10110077NASCIMENTOW_2025-12-15_G11,10110077NASCIMENTOW,2025-12-15,120028,1,1,0,137.0
10110077NASCIMENTOW_2025-12-15_G12,10110077NASCIMENTOW,2025-12-15,121760,1,3,0,83.0
10110077NASCIMENTOW_2025-12-15_G13,10110077NASCIMENTOW,2025-12-15,123345,1,10,0,184.0
10110077NASCIMENTOW_2025-12-15_G14,10110077NASCIMENTOW,2025-12-15,124624,1,4,0,383.0
10110077NASCIMENTOW_2025-12-15_G16,10110077NASCIMENTOW,2025-12-15,181907,1,4,0,516.0
10110077NASCIMENTOW_2025-12-15_G17,10110077NASCIMENTOW,2025-12-15,181237,1,1,0,909.0
10110077NASCIMENTOW_2025-12-15_G18,10110077NASCIMENTOW,2025-12-15,122962,1,48,0,956.0
10110077NASCIMENTOW_2025-12-15_G19,10110077NASCIMENTOW,2025-12-15,124486,1,2,0,112.0
10110077NASCIMENTOW_2025-12-15_G20,10110077NASCIMENTOW,2025-12-15,122962,1,16,0,174.0
10110077NASCIMENTOW_2025-12-15_G21,10110077NASCIMENTOW,2025-12-15,122962,1,20,0,163.0
10110077NASCIMENTOW_2025-12-15_G22,10110077NASCIMENTOW,2025-12-15,123909,1,13,0,32.0
10110077NASCIMENTOW_2025-12-15_G23,10110077NASCIMENTOW,2025-12-15,122962,1,38,0,486.0
10110077NASCIMENTOW_2025-12-15_G25,10110077NASCIMENTOW,2025-12-15,123344,1,8,0,212.0
10110077NASCIMENTOW_2025-12-15_G26,10110077NASCIMENTOW,2025-12-15,123344,1,5,0,97.0
10110077NASCIMENTOW_2025-12-15_G27,10110077NASCIMENTOW,2025-12-15,122671,1,8,0,176.0
10110077NASCIMENTOW_2025-12-15_G28,10110077NASCIMENTOW,2025-12-15,124594,1,4,0,286.0
10110077NASCIMENTOW_2025-12-15_G29,10110077NASCIMENTOW,2025-12-15,120339,1,1,0,217.0
10110077NASCIMENTOW_2025-12-15_G30,10110077NASCIMENTOW,2025-12-15,124475,1,4,0,72.0
10110077NASCIMENTOW_2025-12-15_G31,10110077NASCIMENTOW,2025-12-15,124370,1,8,0,283.0
10110077NASCIMENTOW_2025-12-15_G32,10110077NASCIMENTOW,2025-12-15,123344,1,4,0,139.0
10110077NASCIMENTOW_2025-12-15_G33,10110077NASCIMENTOW,2025-12-15,123345,1,6,0,167.0
10110077NASCIMENTOW_2025-12-15_G34,10110077NASCIMENTOW,2025-12-15,123822,1,15,0,508.0
10110077NASCIMENTOW_2025-12-16_G02,10110077NASCIMENTOW,2025-12-16,124370,1,12,0,485.0
10110077NASCIMENTOW_2025-12-16_G03,10110077NASCIMENTOW,2025-12-16,124475,1,4,0,112.0
10110077NASCIMENTOW_2025-12-16_G04,10110077NASCIMENTOW,2025-12-16,124371,1,4,0,110.0
10110077NASCIMENTOW_2025-12-16_G05,10110077NASCIMENTOW,2025-12-16,123345,1,10,0,106.0
10110077NASCIMENTOW_2025-12-16_G06,10110077NASCIMENTOW,2025-12-16,122984,1,48,0,624.0
10110077NASCIMENTOW_2025-12-16_G07,10110077NASCIMENTOW,2025-12-16,122984,1,30,0,443.0
10110077NASCIMENTOW_2025-12-16_G08,10110077NASCIMENTOW,2025-12-16,124248,1,30,0,339.0
10110077NASCIMENTOW_2025-12-16_G09,10110077NASCIMENTOW,2025-12-16,123345,1,11,0,123.0
10110077NASCIMENTOW_2025-12-16_G10,10110077NASCIMENTOW,2025-12-16,123909,1,2,0,421.0
10110077NASCIMENTOW_2025-12-16_G11,10110077NASCIMENTOW,2025-12-16,122673,1,5,0,179.0
10110077NASCIMENTOW_2025-12-16_G12,10110077NASCIMENTOW,2025-12-16,122673,1,3,0,169.0
10110077NASCIMENTOW_2025-12-16_G13,10110077NASCIMENTOW,2025-12-16,181907,1,6,0,345.0
10110077NASCIMENTOW_2025-12-16_G14,10110077NASCIMENTOW,2025-12-16,123889,1,50,0,2646.0
10110077NASCIMENTOW_2025-12-16_G15,10110077NASCIMENTOW,2025-12-16,120028,1,12,0,268.0
10110077NASCIMENTOW_2025-12-16_G16,10110077NASCIMENTOW,2025-12-16,120008,1,4,0,176.0
10110077NASCIMENTOW_2025-12-16_G17,10110077NASCIMENTOW,2025-12-16,124486,1,56,0,956.0
10110077NASCIMENTOW_2025-12-16_G18,10110077NASCIMENTOW,2025-12-16,180024,1,8,0,759.0
10110077NASCIMENTOW_2025-12-16_G19,10110077NASCIMENTOW,2025-12-16,123344,1,2,0,1120.0
10110077NASCIMENTOW_2025-12-16_G20,10110077NASCIMENTOW,2025-12-16,123492,1,2,0,241.0
10110077NASCIMENTOW_2025-12-16_G21,10110077NASCIMENTOW,2025-12-16,120339,1,20,0,1226.0
10110077NASCIMENTOW_2025-12-16_G22,10110077NASCIMENTOW,2025-12-16,124476,1,10,0,195.0
10110077NASCIMENTOW_2025-12-16_G23,10110077NASCIMENTOW,2025-12-16,124475,1,10,0,410.0
10110077NASCIMENTOW_2025-12-16_G24,10110077NASCIMENTOW,2025-12-16,120389,1,6,0,141.0
10110077NASCIMENTOW_2025-12-16_G25,10110077NASCIMENTOW,2025-12-16,121651,1,10,0,167.0
10110077NASCIMENTOW_2025-12-16_G26,10110077NASCIMENTOW,2025-12-16,122962,1,10,0,234.0
10110077NASCIMENTOW_2025-12-16_G28,10110077NASCIMENTOW,2025-12-16,124486,1,10,0,64.0
10110077NASCIMENTOW_2025-12-16_G29,10110077NASCIMENTOW,2025-12-16,120028,1,10,0,656.0
10110077NASCIMENTOW_2025-12-16_G30,10110077NASCIMENTOW,2025-12-16,123909,1,4,0,120.0
10110077NASCIMENTOW_2025-12-16_G31,10110077NASCIMENTOW,2025-12-16,123521,1,2,0,118.0
10110077NASCIMENTOW_2025-12-16_G32,10110077NASCIMENTOW,2025-12-16,123561,1,2,0,512.0
10110077NASCIMENTOW_2025-12-16_G33,10110077NASCIMENTOW,2025-12-16,123345,1,30,0,539.0
10110077NASCIMENTOW_2025-12-16_G34,10110077NASCIMENTOW,2025-12-16,122967,1,8,0,1019.0
10110077NASCIMENTOW_2025-12-16_G35,10110077NASCIMENTOW,2025-12-16,120028,1,2,0,141.0
10110077NASCIMENTOW_2025-12-16_G36,10110077NASCIMENTOW,2025-12-16,122647,1,13,0,389.0
10110077NASCIMENTOW_2025-12-16_G37,10110077NASCIMENTOW,2025-12-16,122647,1,72,0,1432.0
10110077NASCIMENTOW_2025-12-16_G38,10110077NASCIMENTOW,2025-12-16,122962,1,24,0,491.0
10110077NASCIMENTOW_2025-12-16_G39,10110077NASCIMENTOW,2025-12-16,122962,1,1,0,67.0
10110077NASCIMENTOW_2025-12-16_G40,10110077NASCIMENTOW,2025-12-16,120028,1,6,0,328.0
10110077NASCIMENTOW_2025-12-16_G41,10110077NASCIMENTOW,2025-12-16,122185,1,8,0,108.0
10110077NASCIMENTOW_2025-12-16_G42,10110077NASCIMENTOW,2025-12-16,122962,1,20,0,260.0
10110077NASCIMENTOW_2025-12-17_G02,10110077NASCIMENTOW,2025-12-17,124475,1,18,0,954.0
10110077NASCIMENTOW_2025-12-17_G03,10110077NASCIMENTOW,2025-12-17,122962,1,1,0,107.0
10110077NASCIMENTOW_2025-12-17_G04,10110077NASCIMENTOW,2025-12-17,122703,1,8,0,225.0
10110077NASCIMENTOW_2025-12-17_G05,10110077NASCIMENTOW,2025-12-17,124486,1,1,0,109.0
10110077NASCIMENTOW_2025-12-17_G06,10110077NASCIMENTOW,2025-12-17,122673,1,1,0,173.0
10110077NASCIMENTOW_2025-12-17_G08,10110077NASCIMENTOW,2025-12-17,122647,1,12,0,405.0
10110077NASCIMENTOW_2025-12-17_G09,10110077NASCIMENTOW,2025-12-17,123889,1,12,0,171.0
10110077NASCIMENTOW_2025-12-17_G10,10110077NASCIMENTOW,2025-12-17,122673,1,18,0,397.0
10110077NASCIMENTOW_2025-12-17_G11,10110077NASCIMENTOW,2025-12-17,123822,1,80,0,958.0
10110077NASCIMENTOW_2025-12-17_G12,10110077NASCIMENTOW,2025-12-17,122673,1,6,0,1607.0
10110077NASCIMENTOW_2025-12-17_G13,10110077NASCIMENTOW,2025-12-17,122673,1,16,0,384.0
10110077NASCIMENTOW_2025-12-17_G14,10110077NASCIMENTOW,2025-12-17,123345,1,10,0,323.0
10110077NASCIMENTOW_2025-12-17_G15,10110077NASCIMENTOW,2025-12-17,124486,1,20,0,1974.0
10110077NASCIMENTOW_2025-12-17_G16,10110077NASCIMENTOW,2025-12-17,122988,1,20,0,363.0
10110077NASCIMENTOW_2025-12-17_G17,10110077NASCIMENTOW,2025-12-17,123344,1,36,0,1410.0
10110077NASCIMENTOW_2025-12-17_G19,10110077NASCIMENTOW,2025-12-17,122962,1,40,0,473.0
10110077NASCIMENTOW_2025-12-17_G20,10110077NASCIMENTOW,2025-12-17,124371,1,9,0,279.0
10110077NASCIMENTOW_2025-12-17_G21,10110077NASCIMENTOW,2025-12-17,124486,1,63,0,1341.0
10110077NASCIMENTOW_2025-12-17_G22,10110077NASCIMENTOW,2025-12-17,124476,1,6,0,413.0
10110077NASCIMENTOW_2025-12-17_G23,10110077NASCIMENTOW,2025-12-17,122988,1,2,0,88.0
10110077NASCIMENTOW_2025-12-17_G24,10110077NASCIMENTOW,2025-12-17,124248,1,58,0,813.0
10110077NASCIMENTOW_2025-12-17_G25,10110077NASCIMENTOW,2025-12-17,124475,1,2,0,75.0
10110077NASCIMENTOW_2025-12-17_G26,10110077NASCIMENTOW,2025-12-17,122962,1,25,0,481.0
10110077NASCIMENTOW_2025-12-17_G27,10110077NASCIMENTOW,2025-12-17,122962,1,21,0,288.0
10110077NASCIMENTOW_2025-12-17_G28,10110077NASCIMENTOW,2025-12-17,121760,1,4,0,105.0
10110077NASCIMENTOW_2025-12-17_G29,10110077NASCIMENTOW,2025-12-17,123313,1,4,0,205.0
10110077NASCIMENTOW_2025-12-17_G30,10110077NASCIMENTOW,2025-12-17,124594,1,10,0,568.0
10110077NASCIMENTOW_2025-12-18_G02,10110077NASCIMENTOW,2025-12-18,120389,1,20,0,454.0
10110077NASCIMENTOW_2025-12-18_G03,10110077NASCIMENTOW,2025-12-18,121760,1,80,0,2923.0
10110077NASCIMENTOW_2025-12-18_G04,10110077NASCIMENTOW,2025-12-18,124264,1,18,0,303.0
10110077NASCIMENTOW_2025-12-18_G05,10110077NASCIMENTOW,2025-12-18,124475,1,10,0,616.0
10110077NASCIMENTOW_2025-12-18_G06,10110077NASCIMENTOW,2025-12-18,122962,1,10,0,203.0
10110077NASCIMENTOW_2025-12-18_G07,10110077NASCIMENTOW,2025-12-18,123909,1,11,0,520.0
10110077NASCIMENTOW_2025-12-18_G08,10110077NASCIMENTOW,2025-12-18,122673,1,9,0,540.0
10110077NASCIMENTOW_2025-12-18_G09,10110077NASCIMENTOW,2025-12-18,124370,1,4,0,779.0
10110077NASCIMENTOW_2025-12-18_G10,10110077NASCIMENTOW,2025-12-18,121651,1,9,0,258.0
10110077NASCIMENTOW_2025-12-18_G11,10110077NASCIMENTOW,2025-12-18,124371,1,2,0,173.0
10110077NASCIMENTOW_2025-12-18_G12,10110077NASCIMENTOW,2025-12-18,121760,1,10,0,504.0
10110077NASCIMENTOW_2025-12-18_G13,10110077NASCIMENTOW,2025-12-18,124486,1,5,0,124.0
10110077NASCIMENTOW_2025-12-18_G14,10110077NASCIMENTOW,2025-12-18,122962,1,4,0,164.0
10110077NASCIMENTOW_2025-12-18_G15,10110077NASCIMENTOW,2025-12-18,123345,1,4,0,169.0
10110077NASCIMENTOW_2025-12-18_G16,10110077NASCIMENTOW,2025-12-18,123344,1,4,0,150.0
10110077NASCIMENTOW_2025-12-18_G17,10110077NASCIMENTOW,2025-12-18,124370,1,5,0,277.0
10110077NASCIMENTOW_2025-12-18_G18,10110077NASCIMENTOW,2025-12-18,124475,1,4,0,102.0
10110077NASCIMENTOW_2025-12-18_G19,10110077NASCIMENTOW,2025-12-18,121651,1,2,0,148.0
10110077NASCIMENTOW_2025-12-18_G20,10110077NASCIMENTOW,2025-12-18,121760,1,6,0,129.0
10110077NASCIMENTOW_2025-12-18_G21,10110077NASCIMENTOW,2025-12-18,124486,1,10,0,163.0
10110077NASCIMENTOW_2025-12-18_G22,10110077NASCIMENTOW,2025-12-18,122962,1,12,0,230.0
10110077NASCIMENTOW_2025-12-18_G23,10110077NASCIMENTOW,2025-12-18,123345,1,4,0,170.0
10110077NASCIMENTOW_2025-12-18_G24,10110077NASCIMENTOW,2025-12-18,122962,1,4,0,142.0
10110077NASCIMENTOW_2025-12-18_G25,10110077NASCIMENTOW,2025-12-18,124475,1,2,0,108.0
10110077NASCIMENTOW_2025-12-18_G26,10110077NASCIMENTOW,2025-12-18,124371,1,4,0,98.0
10110077NASCIMENTOW_2025-12-18_G27,10110077NASCIMENTOW,2025-12-18,124486,1,1,0,139.0
10110077NASCIMENTOW_2025-12-18_G28,10110077NASCIMENTOW,2025-12-18,121651,1,8,0,114.0
10110077NASCIMENTOW_2025-12-18_G29,10110077NASCIMENTOW,2025-12-18,124486,1,2,0,96.0
10110077NASCIMENTOW_2025-12-18_G30,10110077NASCIMENTOW,2025-12-18,123345,1,4,0,240.0
10110077NASCIMENTOW_2025-12-18_G31,10110077NASCIMENTOW,2025-12-18,122703,1,4,0,175.0
10110077NASCIMENTOW_2025-12-18_G32,10110077NASCIMENTOW,2025-12-18,124371,1,4,0,104.0
10110077NASCIMENTOW_2025-12-18_G33,10110077NASCIMENTOW,2025-12-18,121760,1,4,0,103.0
10110077NASCIMENTOW_2025-12-18_G34,10110077NASCIMENTOW,2025-12-18,123344,1,6,0,176.0
10110077NASCIMENTOW_2025-12-18_G35,10110077NASCIMENTOW,2025-12-18,124370,1,4,0,80.0
10110077NASCIMENTOW_2025-12-18_G36,10110077NASCIMENTOW,2025-12-18,121760,1,2,0,88.0
10110077NASCIMENTOW_2025-12-18_G37,10110077NASCIMENTOW,2025-12-18,123909,1,8,0,194.0
10110077NASCIMENTOW_2025-12-18_G38,10110077NASCIMENTOW,2025-12-18,121651,1,2,0,115.0
10110077NASCIMENTOW_2025-12-18_G39,10110077NASCIMENTOW,2025-12-18,121760,1,4,0,130.0
10110077NASCIMENTOW_2025-12-18_G40,10110077NASCIMENTOW,2025-12-18,123344,1,4,0,232.0
10110077NASCIMENTOW_2025-12-18_G41,10110077NASCIMENTOW,2025-12-18,121651,1,2,0,136.0
10110077NASCIMENTOW_2025-12-18_G42,10110077NASCIMENTOW,2025-12-18,122962,1,6,0,126.0
10110077NASCIMENTOW_2025-12-18_G43,10110077NASCIMENTOW,2025-12-18,124477,1,6,0,1193.0
10110077NASCIMENTOW_2025-12-18_G44,10110077NASCIMENTOW,2025-12-18,120272,1,2,0,271.0
10110077NASCIMENTOW_2025-12-18_G45,10110077NASCIMENTOW,2025-12-18,122981,1,3,0,108.0
10110077NASCIMENTOW_2025-12-18_G46,10110077NASCIMENTOW,2025-12-18,122984,1,60,0,1109.0
10110077NASCIMENTOW_2025-12-18_G47,10110077NASCIMENTOW,2025-12-18,122185,1,60,0,1001.0
10110077NASCIMENTOW_2025-12-18_G48,10110077NASCIMENTOW,2025-12-18,124248,1,10,0,165.0
10110077NASCIMENTOW_2025-12-18_G49,10110077NASCIMENTOW,2025-12-18,122983,1,10,0,169.0
10110077NASCIMENTOW_2025-12-18_G50,10110077NASCIMENTOW,2025-12-18,120389,1,10,0,207.0
10110077NASCIMENTOW_2025-12-18_G51,10110077NASCIMENTOW,2025-12-18,124486,1,14,0,365.0
10110077NASCIMENTOW_2025-12-18_G52,10110077NASCIMENTOW,2025-12-18,122962,1,42,0,704.0
10110077NASCIMENTOW_2025-12-18_G53,10110077NASCIMENTOW,2025-12-18,122962,1,18,0,427.0
10110077NASCIMENTOW_2025-12-18_G54,10110077NASCIMENTOW,2025-12-18,120028,1,8,0,362.0
10110077NASCIMENTOW_2025-12-18_G55,10110077NASCIMENTOW,2025-12-18,122986,1,3,0,110.0
10110077NASCIMENTOW_2025-12-18_G56,10110077NASCIMENTOW,2025-12-18,122673,1,10,0,128.0
10110077NASCIMENTOW_2025-12-18_G57,10110077NASCIMENTOW,2025-12-18,123521,1,8,0,217.0
10110077NASCIMENTOW_2025-12-18_G58,10110077NASCIMENTOW,2025-12-18,123561,1,8,0,493.0
10110077NASCIMENTOW_2025-12-18_G60,10110077NASCIMENTOW,2025-12-18,121651,1,2,0,32.0
10110077NASCIMENTOW_2025-12-18_G61,10110077NASCIMENTOW,2025-12-18,121760,1,2,0,91.0
10110077NASCIMENTOW_2025-12-18_G62,10110077NASCIMENTOW,2025-12-18,124475,1,6,0,139.0
10110077NASCIMENTOW_2025-12-18_G63,10110077NASCIMENTOW,2025-12-18,121651,1,2,0,158.0
10110077NASCIMENTOW_2025-12-18_G64,10110077NASCIMENTOW,2025-12-18,124486,1,8,0,334.0
10110077NASCIMENTOW_2025-12-18_G65,10110077NASCIMENTOW,2025-12-18,123344,1,2,0,423.0
10110077NASCIMENTOW_2025-12-18_G66,10110077NASCIMENTOW,2025-12-18,124370,1,2,0,107.0
10110077NASCIMENTOW_2025-12-18_G67,10110077NASCIMENTOW,2025-12-18,122962,1,4,0,68.0
10110077NASCIMENTOW_2025-12-18_G68,10110077NASCIMENTOW,2025-12-18,123345,1,2,0,95.0
10110077NASCIMENTOW_2025-12-19_G02,10110077NASCIMENTOW,2025-12-19,123909,1,12,0,286.0
10110077NASCIMENTOW_2025-12-19_G03,10110077NASCIMENTOW,2025-12-19,122673,1,54,0,1406.0
10110077NASCIMENTOW_2025-12-19_G04,10110077NASCIMENTOW,2025-12-19,122962,1,16,0,260.0
10110077NASCIMENTOW_2025-12-19_G05,10110077NASCIMENTOW,2025-12-19,122673,1,90,0,1931.0
10110077NASCIMENTOW_2025-12-19_G06,10110077NASCIMENTOW,2025-12-19,123345,1,50,0,1086.0
10110077NASCIMENTOW_2025-12-19_G07,10110077NASCIMENTOW,2025-12-19,123343,1,10,0,422.0
10110077NASCIMENTOW_2025-12-19_G08,10110077NASCIMENTOW,2025-12-19,123343,1,5,0,349.0
10110077NASCIMENTOW_2025-12-19_G09,10110077NASCIMENTOW,2025-12-19,120339,1,8,0,1670.0
10110077NASCIMENTOW_2025-12-19_G10,10110077NASCIMENTOW,2025-12-19,120389,1,24,0,822.0
10110077NASCIMENTOW_2025-12-19_G11,10110077NASCIMENTOW,2025-12-19,181057,1,2,0,102.0
10110077NASCIMENTOW_2025-12-19_G12,10110077NASCIMENTOW,2025-12-19,123492,1,3,0,943.0
10110077NASCIMENTOW_2025-12-19_G13,10110077NASCIMENTOW,2025-12-19,124594,1,2,0,756.0
10110077NASCIMENTOW_2025-12-19_G14,10110077NASCIMENTOW,2025-12-19,122984,1,4,0,250.0
10110077NASCIMENTOW_2025-12-19_G15,10110077NASCIMENTOW,2025-12-19,124248,1,4,0,158.0
10110077NASCIMENTOW_2025-12-19_G16,10110077NASCIMENTOW,2025-12-19,122988,1,3,0,191.0
10110077NASCIMENTOW_2025-12-19_G17,10110077NASCIMENTOW,2025-12-19,123153,1,4,0,181.0
10110077NASCIMENTOW_2025-12-19_G18,10110077NASCIMENTOW,2025-12-19,123822,1,8,0,225.0
10110077NASCIMENTOW_2025-12-19_G19,10110077NASCIMENTOW,2025-12-19,120271,1,2,0,554.0
10110077NASCIMENTOW_2025-12-19_G20,10110077NASCIMENTOW,2025-12-19,123562,1,2,0,136.0
10110077NASCIMENTOW_2025-12-19_G21,10110077NASCIMENTOW,2025-12-19,122962,1,24,0,509.0
10110077NASCIMENTOW_2025-12-19_G22,10110077NASCIMENTOW,2025-12-19,124264,1,2,0,312.0
10110077NASCIMENTOW_2025-12-19_G23,10110077NASCIMENTOW,2025-12-19,123081,1,20,0,545.0
10110077NASCIMENTOW_2025-12-19_G24,10110077NASCIMENTOW,2025-12-19,123081,1,4,0,126.0
10110077NASCIMENTOW_2025-12-19_G25,10110077NASCIMENTOW,2025-12-19,122981,1,4,0,194.0
10110077NASCIMENTOW_2025-12-19_G26,10110077NASCIMENTOW,2025-12-19,122984,1,4,0,113.0
10110077NASCIMENTOW_2025-12-19_G27,10110077NASCIMENTOW,2025-12-19,124248,1,4,0,140.0
10110077NASCIMENTOW_2025-12-19_G28,10110077NASCIMENTOW,2025-12-19,121651,1,10,0,188.0
10110077NASCIMENTOW_2025-12-19_G29,10110077NASCIMENTOW,2025-12-19,122962,1,20,0,254.0
10110077NASCIMENTOW_2025-12-19_G30,10110077NASCIMENTOW,2025-12-19,122673,1,5,0,101.0
10110077NASCIMENTOW_2025-12-19_G31,10110077NASCIMENTOW,2025-12-19,123492,1,13,0,958.0
10110077NASCIMENTOW_2025-12-19_G32,10110077NASCIMENTOW,2025-12-19,122984,1,44,0,1252.0
10110077NASCIMENTOW_2025-12-19_G33,10110077NASCIMENTOW,2025-12-19,122185,1,58,0,502.0
10110077NASCIMENTOW_2025-12-19_G34,10110077NASCIMENTOW,2025-12-19,122962,1,14,0,109.0
10110077NASCIMENTOW_2025-12-19_G36,10110077NASCIMENTOW,2025-12-19,124248,1,16,0,1568.0
10110077NASCIMENTOW_2025-12-19_G37,10110077NASCIMENTOW,2025-12-19,124486,1,10,0,142.0
10110077NASCIMENTOW_2025-12-19_G38,10110077NASCIMENTOW,2025-12-19,122962,1,16,0,253.0
10110077NASCIMENTOW_2025-12-19_G39,10110077NASCIMENTOW,2025-12-19,124247,1,38,0,801.0
10110077NASCIMENTOW_2025-12-19_G40,10110077NASCIMENTOW,2025-12-19,122983,1,8,0,155.0
10110077NASCIMENTOW_2025-12-19_G41,10110077NASCIMENTOW,2025-12-19,120028,1,2,0,326.0
10110077NASCIMENTOW_2025-12-19_G42,10110077NASCIMENTOW,2025-12-19,120389,1,4,0,111.0
10110077NASCIMENTOW_2025-12-19_G43,10110077NASCIMENTOW,2025-12-19,123909,1,10,0,976.0
10110077NASCIMENTOW_2025-12-20_G02,10110077NASCIMENTOW,2025-12-20,122962,1,40,0,499.0
10110077NASCIMENTOW_2025-12-20_G03,10110077NASCIMENTOW,2025-12-20,123909,1,2,0,254.0
10110077NASCIMENTOW_2025-12-20_G04,10110077NASCIMENTOW,2025-12-20,123343,1,2,0,158.0
10110077NASCIMENTOW_2025-12-20_G05,10110077NASCIMENTOW,2025-12-20,123344,1,3,0,248.0
10110077NASCIMENTOW_2025-12-20_G06,10110077NASCIMENTOW,2025-12-20,123344,1,2,0,78.0
10110077NASCIMENTOW_2025-12-20_G07,10110077NASCIMENTOW,2025-12-20,122962,1,7,0,216.0
10110077NASCIMENTOW_2025-12-20_G08,10110077NASCIMENTOW,2025-12-20,122962,1,4,0,209.0
10110077NASCIMENTOW_2025-12-20_G09,10110077NASCIMENTOW,2025-12-20,124370,1,6,0,62.0
10110077NASCIMENTOW_2025-12-20_G10,10110077NASCIMENTOW,2025-12-20,124248,1,4,0,134.0
10110077NASCIMENTOW_2025-12-20_G11,10110077NASCIMENTOW,2025-12-20,124475,1,1,0,65.0
10110077NASCIMENTOW_2025-12-20_G12,10110077NASCIMENTOW,2025-12-20,124475,1,3,0,103.0
10110077NASCIMENTOW_2025-12-20_G13,10110077NASCIMENTOW,2025-12-20,121760,1,6,0,125.0
10110077NASCIMENTOW_2025-12-20_G14,10110077NASCIMENTOW,2025-12-20,121651,1,4,0,63.0
10110077NASCIMENTOW_2025-12-20_G15,10110077NASCIMENTOW,2025-12-20,123909,1,2,0,194.0
10110077NASCIMENTOW_2025-12-20_G16,10110077NASCIMENTOW,2025-12-20,123345,1,3,0,160.0
10110077NASCIMENTOW_2025-12-20_G17,10110077NASCIMENTOW,2025-12-20,123345,1,2,0,151.0
10110077NASCIMENTOW_2025-12-20_G18,10110077NASCIMENTOW,2025-12-20,123909,1,2,0,126.0
10110077NASCIMENTOW_2025-12-20_G19,10110077NASCIMENTOW,2025-12-20,123343,1,4,0,88.0
10110077NASCIMENTOW_2025-12-20_G20,10110077NASCIMENTOW,2025-12-20,123343,1,12,0,912.0
10110077NASCIMENTOW_2025-12-20_G21,10110077NASCIMENTOW,2025-12-20,122962,1,2,0,231.0
10110077NASCIMENTOW_2025-12-20_G22,10110077NASCIMENTOW,2025-12-20,124594,1,6,0,463.0
10110077NASCIMENTOW_2025-12-20_G23,10110077NASCIMENTOW,2025-12-20,124475,1,2,0,234.0
10110077NASCIMENTOW_2025-12-20_G24,10110077NASCIMENTOW,2025-12-20,120339,1,4,0,239.0
10110077NASCIMENTOW_2025-12-20_G25,10110077NASCIMENTOW,2025-12-20,123345,1,2,0,122.0
10110077NASCIMENTOW_2025-12-20_G26,10110077NASCIMENTOW,2025-12-20,123343,1,4,0,157.0
10110077NASCIMENTOW_2025-12-20_G27,10110077NASCIMENTOW,2025-12-20,123313,1,6,0,497.0
10110077NASCIMENTOW_2025-12-20_G28,10110077NASCIMENTOW,2025-12-20,123345,1,14,0,763.0
10110077NASCIMENTOW_2025-12-20_G29,10110077NASCIMENTOW,2025-12-20,122962,1,4,0,168.0
10110077NASCIMENTOW_2025-12-20_G30,10110077NASCIMENTOW,2025-12-20,120389,1,20,0,500.0
10110077NASCIMENTOW_2025-12-20_G31,10110077NASCIMENTOW,2025-12-20,120028,1,4,0,77.0
10110077NASCIMENTOW_2025-12-20_G32,10110077NASCIMENTOW,2025-12-20,124264,1,13,0,466.0
10110077NASCIMENTOW_2025-12-20_G33,10110077NASCIMENTOW,2025-12-20,120028,1,50,0,1193.0
10110077NASCIMENTOW_2025-12-20_G34,10110077NASCIMENTOW,2025-12-20,122185,1,4,0,158.0
10110077NASCIMENTOW_2025-12-20_G35,10110077NASCIMENTOW,2025-12-20,122988,1,4,0,313.0
10110077NASCIMENTOW_2025-12-20_G36,10110077NASCIMENTOW,2025-12-20,123822,1,21,0,1036.0
10110077NASCIMENTOW_2025-12-20_G37,10110077NASCIMENTOW,2025-12-20,120028,1,4,0,173.0
10110077NASCIMENTOW_2025-12-20_G38,10110077NASCIMENTOW,2025-12-20,181057,1,61,0,1485.0
10110077NASCIMENTOW_2025-12-20_G39,10110077NASCIMENTOW,2025-12-20,123153,1,12,0,569.0
10110077NASCIMENTOW_2025-12-20_G40,10110077NASCIMENTOW,2025-12-20,123345,1,10,0,346.0
10110077NASCIMENTOW_2025-12-20_G41,10110077NASCIMENTOW,2025-12-20,123344,1,4,0,116.0
10110077NASCIMENTOW_2025-12-20_G42,10110077NASCIMENTOW,2025-12-20,124476,1,4,0,243.0
10110077NASCIMENTOW_2025-12-20_G43,10110077NASCIMENTOW,2025-12-20,123345,1,6,0,224.0
10110077NASCIMENTOW_2025-12-20_G45,10110077NASCIMENTOW,2025-12-20,122673,1,20,0,1181.0
10110077NASCIMENTOW_2025-12-20_G46,10110077NASCIMENTOW,2025-12-20,124370,1,2,0,837.0
10110077NASCIMENTOW_2025-12-20_G47,10110077NASCIMENTOW,2025-12-20,124370,1,2,0,87.0
10110077NASCIMENTOW_2025-12-20_G48,10110077NASCIMENTOW,2025-12-20,123822,1,2,0,283.0
10110077NASCIMENTOW_2025-12-20_G49,10110077NASCIMENTOW,2025-12-20,124247,1,8,0,324.0
10110077NASCIMENTOW_2025-12-20_G50,10110077NASCIMENTOW,2025-12-20,124247,1,8,0,294.0
10110077NASCIMENTOW_2025-12-20_G51,10110077NASCIMENTOW,2025-12-20,123345,1,2,0,873.0
10110077NASCIMENTOW_2025-12-22_G02,10110077NASCIMENTOW,2025-12-22,123909,1,4,0,178.0
10110077NASCIMENTOW_2025-12-22_G03,10110077NASCIMENTOW,2025-12-22,123909,2,2,16,82.0
10110077NASCIMENTOW_2025-12-22_G04,10110077NASCIMENTOW,2025-12-22,123343,1,3,0,383.0
10110077NASCIMENTOW_2025-12-22_G05,10110077NASCIMENTOW,2025-12-22,123343,1,5,0,116.0
10110077NASCIMENTOW_2025-12-22_G06,10110077NASCIMENTOW,2025-12-22,123343,1,4,0,346.0
10110077NASCIMENTOW_2025-12-22_G07,10110077NASCIMENTOW,2025-12-22,124248,1,2,0,76.0
10110077NASCIMENTOW_2025-12-22_G08,10110077NASCIMENTOW,2025-12-22,122647,1,2,0,437.0
10110077NASCIMENTOW_2025-12-22_G09,10110077NASCIMENTOW,2025-12-22,124248,1,4,0,300.0
10110077NASCIMENTOW_2025-12-22_G10,10110077NASCIMENTOW,2025-12-22,122962,1,4,0,136.0
10110077NASCIMENTOW_2025-12-22_G11,10110077NASCIMENTOW,2025-12-22,123343,1,2,0,104.0
10110077NASCIMENTOW_2025-12-22_G12,10110077NASCIMENTOW,2025-12-22,123343,1,6,0,287.0
10110077NASCIMENTOW_2025-12-22_G13,10110077NASCIMENTOW,2025-12-22,122673,1,6,0,246.0
10110077NASCIMENTOW_2025-12-22_G14,10110077NASCIMENTOW,2025-12-22,124594,1,4,0,423.0
10110077NASCIMENTOW_2025-12-22_G15,10110077NASCIMENTOW,2025-12-22,123343,1,2,0,160.0
10110077NASCIMENTOW_2025-12-22_G16,10110077NASCIMENTOW,2025-12-22,123909,1,2,0,163.0
10110077NASCIMENTOW_2025-12-22_G17,10110077NASCIMENTOW,2025-12-22,123343,1,2,0,160.0
10110077NASCIMENTOW_2025-12-22_G18,10110077NASCIMENTOW,2025-12-22,123343,1,4,0,174.0
10110077NASCIMENTOW_2025-12-22_G19,10110077NASCIMENTOW,2025-12-22,122962,1,16,0,692.0
10110077NASCIMENTOW_2025-12-22_G20,10110077NASCIMENTOW,2025-12-22,122962,1,12,0,165.0
10110077NASCIMENTOW_2025-12-22_G21,10110077NASCIMENTOW,2025-12-22,124486,1,12,0,425.0
10110077NASCIMENTOW_2025-12-22_G22,10110077NASCIMENTOW,2025-12-22,123909,1,6,0,211.0
10110077NASCIMENTOW_2025-12-22_G23,10110077NASCIMENTOW,2025-12-22,122962,1,50,0,883.0
10110077NASCIMENTOW_2025-12-22_G24,10110077NASCIMENTOW,2025-12-22,124486,1,4,0,162.0
10110077NASCIMENTOW_2025-12-22_G25,10110077NASCIMENTOW,2025-12-22,120028,1,10,0,345.0
10110077NASCIMENTOW_2025-12-22_G26,10110077NASCIMENTOW,2025-12-22,121923,1,4,0,189.0
10110077NASCIMENTOW_2025-12-22_G27,10110077NASCIMENTOW,2025-12-22,120271,1,8,0,226.0
10110077NASCIMENTOW_2025-12-22_G28,10110077NASCIMENTOW,2025-12-22,124486,1,6,0,140.0
10110077NASCIMENTOW_2025-12-22_G29,10110077NASCIMENTOW,2025-12-22,120028,1,8,0,253.0
10110077NASCIMENTOW_2025-12-22_G30,10110077NASCIMENTOW,2025-12-22,122962,1,30,0,409.0
10110077NASCIMENTOW_2025-12-22_G31,10110077NASCIMENTOW,2025-12-22,122647,1,2,0,88.0
10110077NASCIMENTOW_2025-12-22_G32,10110077NASCIMENTOW,2025-12-22,124486,1,2,0,74.0
10110077NASCIMENTOW_2025-12-22_G33,10110077NASCIMENTOW,2025-12-22,123909,1,2,0,234.0
10110077NASCIMENTOW_2025-12-22_G34,10110077NASCIMENTOW,2025-12-22,123343,1,5,0,188.0
10110077NASCIMENTOW_2025-12-22_G35,10110077NASCIMENTOW,2025-12-22,122673,1,20,0,564.0
10110077NASCIMENTOW_2025-12-22_G36,10110077NASCIMENTOW,2025-12-22,122647,1,4,0,460.0
10110077NASCIMENTOW_2025-12-22_G37,10110077NASCIMENTOW,2025-12-22,122983,1,6,0,256.0
10110077NASCIMENTOW_2025-12-23_G02,10110077NASCIMENTOW,2025-12-23,124486,1,8,0,725.0
10110077NASCIMENTOW_2025-12-23_G03,10110077NASCIMENTOW,2025-12-23,122962,1,24,0,655.0
10110077NASCIMENTOW_2025-12-23_G04,10110077NASCIMENTOW,2025-12-23,124248,1,18,0,577.0
10110077NASCIMENTOW_2025-12-23_G05,10110077NASCIMENTOW,2025-12-23,122984,1,2,0,233.0
10110077NASCIMENTOW_2025-12-23_G06,10110077NASCIMENTOW,2025-12-23,124486,1,3,0,120.0
10110077NASCIMENTOW_2025-12-23_G07,10110077NASCIMENTOW,2025-12-23,124247,1,2,0,219.0
10110077NASCIMENTOW_2025-12-23_G08,10110077NASCIMENTOW,2025-12-23,120028,1,40,0,1032.0
10110077NASCIMENTOW_2025-12-23_G09,10110077NASCIMENTOW,2025-12-23,122962,1,60,0,813.0
10110077NASCIMENTOW_2025-12-24_G03,10110077NASCIMENTOW,2025-12-24,120389,1,16,0,361.0
10110077NASCIMENTOW_2025-12-24_G04,10110077NASCIMENTOW,2025-12-24,123909,1,8,0,226.0
10110077NASCIMENTOW_2025-12-24_G05,10110077NASCIMENTOW,2025-12-24,124370,1,36,0,1329.0
10110077NASCIMENTOW_2025-12-24_G06,10110077NASCIMENTOW,2025-12-24,123313,1,4,0,192.0
10110077NASCIMENTOW_2025-12-24_G07,10110077NASCIMENTOW,2025-12-24,123343,1,12,0,973.0
10110077NASCIMENTOW_2025-12-26_G02,10110077NASCIMENTOW,2025-12-26,124486,1,130,0,2027.0
10110077NASCIMENTOW_2025-12-26_G03,10110077NASCIMENTOW,2025-12-26,121651,1,40,0,798.0
10110077NASCIMENTOW_2025-12-26_G05,10110077NASCIMENTOW,2025-12-26,121760,1,18,0,492.0
10110077NASCIMENTOW_2025-12-26_G06,10110077NASCIMENTOW,2025-12-26,122982,1,16,0,600.0
10110077NASCIMENTOW_2025-12-26_G08,10110077NASCIMENTOW,2025-12-26,124594,1,8,0,418.0
10110077NASCIMENTOW_2025-12-26_G09,10110077NASCIMENTOW,2025-12-26,124594,1,10,0,271.0
10110077NASCIMENTOW_2025-12-26_G10,10110077NASCIMENTOW,2025-12-26,123947,1,8,0,1145.0
10110077NASCIMENTOW_2025-12-26_G11,10110077NASCIMENTOW,2025-12-26,124486,1,6,0,250.0
10110077NASCIMENTOW_2025-12-26_G12,10110077NASCIMENTOW,2025-12-26,124486,1,4,0,132.0
10110077NASCIMENTOW_2025-12-26_G13,10110077NASCIMENTOW,2025-12-26,124624,1,6,0,190.0
10110077NASCIMENTOW_2025-12-26_G14,10110077NASCIMENTOW,2025-12-26,123153,1,6,0,1252.0
10110077NASCIMENTOW_2025-12-26_G15,10110077NASCIMENTOW,2025-12-26,124486,1,10,0,65.0
10110077NASCIMENTOW_2025-12-26_G16,10110077NASCIMENTOW,2025-12-26,123153,1,12,0,256.0
10110077NASCIMENTOW_2025-12-26_G17,10110077NASCIMENTOW,2025-12-26,123153,1,6,0,276.0
10110077NASCIMENTOW_2025-12-26_G18,10110077NASCIMENTOW,2025-12-26,123153,1,12,0,220.0
10110077NASCIMENTOW_2025-12-26_G19,10110077NASCIMENTOW,2025-12-26,122185,1,30,0,529.0
10110077NASCIMENTOW_2025-12-26_G20,10110077NASCIMENTOW,2025-12-26,122962,1,100,0,995.0
10110077NASCIMENTOW_2025-12-26_G21,10110077NASCIMENTOW,2025-12-26,120339,1,4,0,257.0
10110077NASCIMENTOW_2025-12-26_G22,10110077NASCIMENTOW,2025-12-26,124624,1,4,0,254.0
10110077NASCIMENTOW_2025-12-26_G23,10110077NASCIMENTOW,2025-12-26,122984,1,24,0,569.0
10110077NASCIMENTOW_2025-12-29_G02,10110077NASCIMENTOW,2025-12-29,122673,1,2,0,319.0
10110077NASCIMENTOW_2025-12-29_G03,10110077NASCIMENTOW,2025-12-29,120028,1,8,0,155.0
10110077NASCIMENTOW_2025-12-29_G04,10110077NASCIMENTOW,2025-12-29,122671,1,16,0,676.0
10110077NASCIMENTOW_2025-12-29_G05,10110077NASCIMENTOW,2025-12-29,122673,1,6,0,192.0
10110077NASCIMENTOW_2025-12-29_G06,10110077NASCIMENTOW,2025-12-29,122647,1,80,0,1899.0
10110077NASCIMENTOW_2025-12-29_G07,10110077NASCIMENTOW,2025-12-29,120028,1,30,0,998.0
10110077NASCIMENTOW_2025-12-29_G08,10110077NASCIMENTOW,2025-12-29,122673,1,10,0,248.0
10110077NASCIMENTOW_2025-12-30_G02,10110077NASCIMENTOW,2025-12-30,124486,2,4,8,137.0
10110077NASCIMENTOW_2025-12-30_G03,10110077NASCIMENTOW,2025-12-30,124370,1,10,0,646.0
10110077NASCIMENTOW_2025-12-30_G04,10110077NASCIMENTOW,2025-12-30,121760,1,4,0,244.0
10110077NASCIMENTOW_2025-12-30_G05,10110077NASCIMENTOW,2025-12-30,124247,1,2,0,279.0
10110077NASCIMENTOW_2025-12-30_G06,10110077NASCIMENTOW,2025-12-30,123344,1,2,0,249.0
10110077NASCIMENTOW_2025-12-30_G07,10110077NASCIMENTOW,2025-12-30,121760,1,4,0,148.0
10110077NASCIMENTOW_2025-12-30_G08,10110077NASCIMENTOW,2025-12-30,123909,1,4,0,261.0
10110077NASCIMENTOW_2025-12-30_G09,10110077NASCIMENTOW,2025-12-30,122673,1,16,0,646.0
10110077NASCIMENTOW_2025-12-30_G10,10110077NASCIMENTOW,2025-12-30,123343,1,11,0,472.0
10110077NASCIMENTOW_2025-12-30_G11,10110077NASCIMENTOW,2025-12-30,122962,1,8,0,478.0
10110077NASCIMENTOW_2025-12-30_G12,10110077NASCIMENTOW,2025-12-30,124486,1,8,0,194.0
10110077NASCIMENTOW_2025-12-30_G13,10110077NASCIMENTOW,2025-12-30,122647,1,8,0,189.0
10110077NASCIMENTOW_2025-12-30_G14,10110077NASCIMENTOW,2025-12-30,122671,1,8,0,232.0
10110077NASCIMENTOW_2025-12-30_G15,10110077NASCIMENTOW,2025-12-30,121760,1,12,0,580.0
10110077NASCIMENTOW_2025-12-30_G16,10110077NASCIMENTOW,2025-12-30,123909,1,8,0,151.0
10110077NASCIMENTOW_2025-12-30_G17,10110077NASCIMENTOW,2025-12-30,122673,1,8,0,170.0
10110077NASCIMENTOW_2025-12-30_G18,10110077NASCIMENTOW,2025-12-30,123345,1,10,0,280.0
10110077NASCIMENTOW_2025-12-30_G19,10110077NASCIMENTOW,2025-12-30,123343,1,10,0,553.0
10110077NASCIMENTOW_2025-12-30_G20,10110077NASCIMENTOW,2025-12-30,122647,1,3,0,108.0
10110077NASCIMENTOW_2025-12-30_G21,10110077NASCIMENTOW,2025-12-30,123343,1,4,0,140.0
10110077NASCIMENTOW_2025-12-30_G22,10110077NASCIMENTOW,2025-12-30,122982,1,10,0,455.0
10110077NASCIMENTOW_2025-12-30_G23,10110077NASCIMENTOW,2025-12-30,124247,1,2,0,315.0
10110077NASCIMENTOW_2025-12-30_G25,10110077NASCIMENTOW,2025-12-30,122962,1,20,0,366.0
10110077NASCIMENTOW_2025-12-30_G26,10110077NASCIMENTOW,2025-12-30,122982,1,28,0,449.0
10110077NASCIMENTOW_2025-12-30_G27,10110077NASCIMENTOW,2025-12-30,124371,1,20,0,333.0
10110077NASCIMENTOW_2025-12-30_G28,10110077NASCIMENTOW,2025-12-30,122981,1,7,0,164.0
10110077NASCIMENTOW_2025-12-30_G29,10110077NASCIMENTOW,2025-12-30,122962,1,5,0,227.0
10110077NASCIMENTOW_2025-12-30_G30,10110077NASCIMENTOW,2025-12-30,122967,1,8,0,174.0
10110077NASCIMENTOW_2025-12-30_G31,10110077NASCIMENTOW,2025-12-30,124476,1,8,0,117.0
10110077NASCIMENTOW_2025-12-30_G32,10110077NASCIMENTOW,2025-12-30,120028,1,10,0,294.0
10110077NASCIMENTOW_2025-12-30_G33,10110077NASCIMENTOW,2025-12-30,122671,1,1,0,212.0
10110077NASCIMENTOW_2025-12-30_G34,10110077NASCIMENTOW,2025-12-30,124475,1,16,0,538.0
10110077NASCIMENTOW_2025-12-30_G35,10110077NASCIMENTOW,2025-12-30,121760,1,9,0,492.0
10110077NASCIMENTOW_2025-12-30_G36,10110077NASCIMENTOW,2025-12-30,123343,1,10,0,232.0
10110077NASCIMENTOW_2025-12-30_G37,10110077NASCIMENTOW,2025-12-30,122982,1,9,0,100.0
10110077NASCIMENTOW_2025-12-30_G38,10110077NASCIMENTOW,2025-12-30,122983,1,6,0,82.0
10110077NASCIMENTOW_2025-12-30_G39,10110077NASCIMENTOW,2025-12-30,122647,1,6,0,280.0
10110077NASCIMENTOW_2025-12-30_G40,10110077NASCIMENTOW,2025-12-30,123153,1,16,0,580.0
10110077NASCIMENTOW_2025-12-30_G41,10110077NASCIMENTOW,2025-12-30,122671,1,8,0,312.0
10110077NASCIMENTOW_2025-12-30_G42,10110077NASCIMENTOW,2025-12-30,120339,1,10,0,428.0
10110077NASCIMENTOW_2025-12-30_G43,10110077NASCIMENTOW,2025-12-30,124370,1,50,0,1163.0
10110077NASCIMENTOW_2025-12-31_G02,10110077NASCIMENTOW,2025-12-31,120389,1,30,0,904.0
10110077NASCIMENTOW_2025-12-31_G03,10110077NASCIMENTOW,2025-12-31,120028,1,20,0,370.0
10110077NASCIMENTOW_2025-12-31_G04,10110077NASCIMENTOW,2025-12-31,122671,1,3,0,290.0
10110077NASCIMENTOW_2025-12-31_G05,10110077NASCIMENTOW,2025-12-31,122673,1,6,0,250.0
10110077NASCIMENTOW_2025-12-31_G06,10110077NASCIMENTOW,2025-12-31,120028,1,50,0,2812.0
10110077NASCIMENTOW_2025-12-31_G07,10110077NASCIMENTOW,2025-12-31,122962,1,150,0,2230.0
10110077NASCIMENTOW_2025-12-31_G08,10110077NASCIMENTOW,2025-12-31,122962,1,8,0,339.0
10110077NASCIMENTOW_2025-12-31_G09,10110077NASCIMENTOW,2025-12-31,123909,1,71,0,1149.0
10110077NASCIMENTOW_2026-01-08_G02,10110077NASCIMENTOW,2026-01-08,123909,1,8,0,86.0
10110077NASCIMENTOW_2026-01-08_G03,10110077NASCIMENTOW,2026-01-08,124486,1,10,0,222.0
10110077NASCIMENTOW_2026-01-08_G04,10110077NASCIMENTOW,2026-01-08,122962,1,40,0,1012.0
10110077NASCIMENTOW_2026-01-08_G05,10110077NASCIMENTOW,2026-01-08,123153,1,4,0,449.0
10110077NASCIMENTOW_2026-01-08_G06,10110077NASCIMENTOW,2026-01-08,121651,1,24,0,633.0
10110077NASCIMENTOW_2026-01-08_G07,10110077NASCIMENTOW,2026-01-08,121760,1,40,0,986.0
10110077NASCIMENTOW_2026-01-08_G08,10110077NASCIMENTOW,2026-01-08,123345,1,50,0,620.0
10110077NASCIMENTOW_2026-01-08_G09,10110077NASCIMENTOW,2026-01-08,123343,1,10,0,605.0
10110077NASCIMENTOW_2026-01-08_G10,10110077NASCIMENTOW,2026-01-08,124486,1,36,0,833.0
10110077NASCIMENTOW_2026-01-08_G11,10110077NASCIMENTOW,2026-01-08,122962,1,32,0,782.0
10110077NASCIMENTOW_2026-01-08_G12,10110077NASCIMENTOW,2026-01-08,120028,1,12,0,1328.0
10110077NASCIMENTOW_2026-01-08_G13,10110077NASCIMENTOW,2026-01-08,124486,1,34,0,1423.0
10110077NASCIMENTOW_2026-01-09_G02,10110077NASCIMENTOW,2026-01-09,124548,1,3,0,119.0
10110077NASCIMENTOW_2026-01-09_G03,10110077NASCIMENTOW,2026-01-09,120272,1,8,0,369.0
10110077NASCIMENTOW_2026-01-09_G04,10110077NASCIMENTOW,2026-01-09,120339,1,3,0,72.0
10110077NASCIMENTOW_2026-01-09_G05,10110077NASCIMENTOW,2026-01-09,122196,1,8,0,178.0
10110077NASCIMENTOW_2026-01-09_G06,10110077NASCIMENTOW,2026-01-09,120339,1,12,0,304.0
10110077NASCIMENTOW_2026-01-09_G07,10110077NASCIMENTOW,2026-01-09,124548,1,12,0,187.0
10110077NASCIMENTOW_2026-01-09_G08,10110077NASCIMENTOW,2026-01-09,122962,1,12,0,331.0
10110077NASCIMENTOW_2026-01-09_G09,10110077NASCIMENTOW,2026-01-09,122647,1,8,0,205.0
10110077NASCIMENTOW_2026-01-09_G10,10110077NASCIMENTOW,2026-01-09,122673,1,12,0,284.0
10110077NASCIMENTOW_2026-01-09_G11,10110077NASCIMENTOW,2026-01-09,123153,1,2,0,98.0
10110077NASCIMENTOW_2026-01-09_G12,10110077NASCIMENTOW,2026-01-09,122962,1,24,0,2837.0
10110077NASCIMENTOW_2026-01-09_G13,10110077NASCIMENTOW,2026-01-09,121651,1,20,0,452.0
10110077NASCIMENTOW_2026-01-09_G14,10110077NASCIMENTOW,2026-01-09,124370,1,16,0,652.0
10110077NASCIMENTOW_2026-01-09_G15,10110077NASCIMENTOW,2026-01-09,123313,1,10,0,327.0
10110077NASCIMENTOW_2026-01-09_G16,10110077NASCIMENTOW,2026-01-09,122962,1,32,0,761.0
10110077NASCIMENTOW_2026-01-09_G17,10110077NASCIMENTOW,2026-01-09,124248,1,4,0,117.0
10110077NASCIMENTOW_2026-01-09_G18,10110077NASCIMENTOW,2026-01-09,120008,1,32,0,658.0
10110077NASCIMENTOW_2026-01-09_G19,10110077NASCIMENTOW,2026-01-09,120008,1,50,0,1077.0
10110077NASCIMENTOW_2026-01-09_G20,10110077NASCIMENTOW,2026-01-09,122185,1,5,0,169.0
10110077NASCIMENTOW_2026-01-09_G21,10110077NASCIMENTOW,2026-01-09,122962,1,50,0,1550.0
10110077NASCIMENTOW_2026-01-09_G22,10110077NASCIMENTOW,2026-01-09,124486,1,100,0,3229.0
10110077NASCIMENTOW_2026-01-09_G23,10110077NASCIMENTOW,2026-01-09,122962,1,4,0,110.0
10110077NASCIMENTOW_2026-01-09_G24,10110077NASCIMENTOW,2026-01-09,123822,1,32,0,1031.0
10110077NASCIMENTOW_2026-01-09_G25,10110077NASCIMENTOW,2026-01-09,124486,1,10,0,137.0
10110077NASCIMENTOW_2026-01-09_G26,10110077NASCIMENTOW,2026-01-09,122962,1,2,0,82.0
10110077NASCIMENTOW_2026-01-09_G28,10110077NASCIMENTOW,2026-01-09,120389,1,50,0,981.0
10110077NASCIMENTOW_2026-01-09_G29,10110077NASCIMENTOW,2026-01-09,122962,1,12,0,295.0
10110077NASCIMENTOW_2026-01-09_G30,10110077NASCIMENTOW,2026-01-09,122647,1,4,0,115.0
10110077NASCIMENTOW_2026-01-09_G31,10110077NASCIMENTOW,2026-01-09,120028,1,16,0,329.0
10110077NASCIMENTOW_2026-01-09_G32,10110077NASCIMENTOW,2026-01-09,124624,1,4,0,674.0
10110077NASCIMENTOW_2026-01-09_G33,10110077NASCIMENTOW,2026-01-09,124594,1,2,0,159.0
10110077NASCIMENTOW_2026-01-09_G34,10110077NASCIMENTOW,2026-01-09,124486,1,8,0,221.0
10110077NASCIMENTOW_2026-01-09_G35,10110077NASCIMENTOW,2026-01-09,123822,1,50,0,833.0
10110077NASCIMENTOW_2026-01-09_G36,10110077NASCIMENTOW,2026-01-09,124594,1,6,0,292.0
10110077NASCIMENTOW_2026-01-09_G37,10110077NASCIMENTOW,2026-01-09,122185,1,2,0,266.0
10110077NASCIMENTOW_2026-01-09_G38,10110077NASCIMENTOW,2026-01-09,122185,1,2,0,52.0
10110077NASCIMENTOW_2026-01-09_G39,10110077NASCIMENTOW,2026-01-09,124486,1,50,0,1817.0
10110077NASCIMENTOW_2026-01-10_G02,10110077NASCIMENTOW,2026-01-10,123909,1,6,0,116.0
10110077NASCIMENTOW_2026-01-10_G03,10110077NASCIMENTOW,2026-01-10,122962,1,30,0,485.0
10110077NASCIMENTOW_2026-01-10_G04,10110077NASCIMENTOW,2026-01-10,123822,1,122,0,2742.0
10110077NASCIMENTOW_2026-01-10_G05,10110077NASCIMENTOW,2026-01-10,124486,1,15,0,240.0
10110077NASCIMENTOW_2026-01-10_G06,10110077NASCIMENTOW,2026-01-10,122962,1,50,0,1040.0
10110077NASCIMENTOW_2026-01-10_G07,10110077NASCIMENTOW,2026-01-10,123909,1,10,0,147.0
10110077NASCIMENTOW_2026-01-10_G08,10110077NASCIMENTOW,2026-01-10,122673,1,11,0,189.0
10110077NASCIMENTOW_2026-01-10_G09,10110077NASCIMENTOW,2026-01-10,123822,1,34,0,588.0
10110077NASCIMENTOW_2026-01-12_G02,10110077NASCIMENTOW,2026-01-12,123344,1,10,0,309.0
10110077NASCIMENTOW_2026-01-12_G03,10110077NASCIMENTOW,2026-01-12,122982,1,2,0,67.0
10110077NASCIMENTOW_2026-01-12_G04,10110077NASCIMENTOW,2026-01-12,124475,1,6,0,50.0
10110077NASCIMENTOW_2026-01-12_G05,10110077NASCIMENTOW,2026-01-12,123343,1,10,0,847.0
10110077NASCIMENTOW_2026-01-12_G06,10110077NASCIMENTOW,2026-01-12,123345,1,8,0,390.0
10110077NASCIMENTOW_2026-01-12_G07,10110077NASCIMENTOW,2026-01-12,120389,1,28,0,834.0
10110077NASCIMENTOW_2026-01-12_G08,10110077NASCIMENTOW,2026-01-12,122673,1,150,0,2183.0
10110077NASCIMENTOW_2026-01-12_G09,10110077NASCIMENTOW,2026-01-12,122673,1,10,0,265.0
10110077NASCIMENTOW_2026-01-12_G10,10110077NASCIMENTOW,2026-01-12,122962,1,40,0,738.0
10110077NASCIMENTOW_2026-01-12_G11,10110077NASCIMENTOW,2026-01-12,123822,1,50,0,1078.0
10110077NASCIMENTOW_2026-01-12_G12,10110077NASCIMENTOW,2026-01-12,123345,1,2,0,852.0
10110077NASCIMENTOW_2026-01-12_G13,10110077NASCIMENTOW,2026-01-12,124486,1,6,0,325.0
10110077NASCIMENTOW_2026-01-12_G14,10110077NASCIMENTOW,2026-01-12,123344,1,2,0,183.0
10110077NASCIMENTOW_2026-01-12_G15,10110077NASCIMENTOW,2026-01-12,121651,1,6,0,87.0
10110077NASCIMENTOW_2026-01-12_G16,10110077NASCIMENTOW,2026-01-12,121760,1,2,0,292.0
10110077NASCIMENTOW_2026-01-12_G17,10110077NASCIMENTOW,2026-01-12,124486,1,7,0,107.0
10110077NASCIMENTOW_2026-01-12_G18,10110077NASCIMENTOW,2026-01-12,122962,1,8,0,157.0
10110077NASCIMENTOW_2026-01-12_G19,10110077NASCIMENTOW,2026-01-12,123909,1,3,0,360.0
10110077NASCIMENTOW_2026-01-12_G20,10110077NASCIMENTOW,2026-01-12,123344,1,2,0,116.0
10110077NASCIMENTOW_2026-01-12_G21,10110077NASCIMENTOW,2026-01-12,121760,1,4,0,271.0
10110077NASCIMENTOW_2026-01-12_G22,10110077NASCIMENTOW,2026-01-12,123909,1,4,0,113.0
10110077NASCIMENTOW_2026-01-12_G23,10110077NASCIMENTOW,2026-01-12,123345,1,8,0,425.0
10110077NASCIMENTOW_2026-01-12_G24,10110077NASCIMENTOW,2026-01-12,124486,1,5,0,1031.0
10110077NASCIMENTOW_2026-01-12_G25,10110077NASCIMENTOW,2026-01-12,122962,1,8,0,239.0
10110077NASCIMENTOW_2026-01-12_G26,10110077NASCIMENTOW,2026-01-12,122647,1,8,0,253.0
10110077NASCIMENTOW_2026-01-12_G27,10110077NASCIMENTOW,2026-01-12,122673,1,10,0,78.0
10110077NASCIMENTOW_2026-01-12_G28,10110077NASCIMENTOW,2026-01-12,122673,1,10,0,328.0
10110077NASCIMENTOW_2026-01-12_G29,10110077NASCIMENTOW,2026-01-12,122962,1,40,0,541.0
10110077NASCIMENTOW_2026-01-12_G30,10110077NASCIMENTOW,2026-01-12,124486,1,10,0,112.0
10110077NASCIMENTOW_2026-01-12_G31,10110077NASCIMENTOW,2026-01-12,123909,1,4,0,144.0
10110077NASCIMENTOW_2026-01-12_G32,10110077NASCIMENTOW,2026-01-12,123909,1,4,0,201.0
10110077NASCIMENTOW_2026-01-13_G02,10110077NASCIMENTOW,2026-01-13,123909,1,1,0,328.0
10110077NASCIMENTOW_2026-01-13_G03,10110077NASCIMENTOW,2026-01-13,123520,1,12,0,360.0
10110077NASCIMENTOW_2026-01-13_G04,10110077NASCIMENTOW,2026-01-13,122962,1,4,0,713.0
10110077NASCIMENTOW_2026-01-13_G05,10110077NASCIMENTOW,2026-01-13,124486,1,3,0,152.0
10110077NASCIMENTOW_2026-01-13_G06,10110077NASCIMENTOW,2026-01-13,121760,1,6,0,232.0
10110077NASCIMENTOW_2026-01-13_G07,10110077NASCIMENTOW,2026-01-13,123909,1,10,0,121.0
10110077NASCIMENTOW_2026-01-13_G08,10110077NASCIMENTOW,2026-01-13,123345,1,6,0,125.0
10110077NASCIMENTOW_2026-01-13_G09,10110077NASCIMENTOW,2026-01-13,123313,1,4,0,225.0
10110077NASCIMENTOW_2026-01-13_G10,10110077NASCIMENTOW,2026-01-13,122984,1,4,0,192.0
10110077NASCIMENTOW_2026-01-13_G11,10110077NASCIMENTOW,2026-01-13,124370,1,4,0,270.0
10110077NASCIMENTOW_2026-01-13_G12,10110077NASCIMENTOW,2026-01-13,121651,1,3,0,110.0
10110077NASCIMENTOW_2026-01-13_G13,10110077NASCIMENTOW,2026-01-13,123909,1,2,0,104.0
10110077NASCIMENTOW_2026-01-13_G14,10110077NASCIMENTOW,2026-01-13,121651,1,11,0,344.0
10110077NASCIMENTOW_2026-01-13_G15,10110077NASCIMENTOW,2026-01-13,124370,1,6,0,178.0
10110077NASCIMENTOW_2026-01-13_G16,10110077NASCIMENTOW,2026-01-13,121651,1,18,0,343.0
10110077NASCIMENTOW_2026-01-13_G17,10110077NASCIMENTOW,2026-01-13,123909,1,2,0,111.0
10110077NASCIMENTOW_2026-01-13_G18,10110077NASCIMENTOW,2026-01-13,122984,1,8,0,131.0
10110077NASCIMENTOW_2026-01-13_G19,10110077NASCIMENTOW,2026-01-13,120389,1,8,0,248.0
10110077NASCIMENTOW_2026-01-13_G20,10110077NASCIMENTOW,2026-01-13,122962,1,4,0,189.0
10110077NASCIMENTOW_2026-01-13_G21,10110077NASCIMENTOW,2026-01-13,124486,1,9,0,152.0
10110077NASCIMENTOW_2026-01-13_G22,10110077NASCIMENTOW,2026-01-13,122983,1,4,0,137.0
10110077NASCIMENTOW_2026-01-13_G23,10110077NASCIMENTOW,2026-01-13,124475,1,6,0,77.0
10110077NASCIMENTOW_2026-01-13_G24,10110077NASCIMENTOW,2026-01-13,121651,1,7,0,184.0
10110077NASCIMENTOW_2026-01-13_G25,10110077NASCIMENTOW,2026-01-13,121760,1,9,0,119.0
10110077NASCIMENTOW_2026-01-13_G26,10110077NASCIMENTOW,2026-01-13,123345,1,5,0,448.0
10110077NASCIMENTOW_2026-01-13_G28,10110077NASCIMENTOW,2026-01-13,122962,1,12,0,1120.0
10110077NASCIMENTOW_2026-01-13_G29,10110077NASCIMENTOW,2026-01-13,124486,1,15,0,255.0
10110077NASCIMENTOW_2026-01-13_G31,10110077NASCIMENTOW,2026-01-13,124370,1,6,0,162.0
10110077NASCIMENTOW_2026-01-13_G32,10110077NASCIMENTOW,2026-01-13,122703,1,6,0,183.0
10110077NASCIMENTOW_2026-01-13_G33,10110077NASCIMENTOW,2026-01-13,122962,1,1,0,62.0
10110077NASCIMENTOW_2026-01-13_G34,10110077NASCIMENTOW,2026-01-13,122647,1,4,0,149.0
10110077NASCIMENTOW_2026-01-13_G35,10110077NASCIMENTOW,2026-01-13,124371,1,2,0,133.0
10110077NASCIMENTOW_2026-01-13_G36,10110077NASCIMENTOW,2026-01-13,124486,1,10,0,156.0
10110077NASCIMENTOW_2026-01-13_G37,10110077NASCIMENTOW,2026-01-13,124475,1,6,0,190.0
10110077NASCIMENTOW_2026-01-13_G38,10110077NASCIMENTOW,2026-01-13,121651,1,18,0,491.0
10110077NASCIMENTOW_2026-01-13_G39,10110077NASCIMENTOW,2026-01-13,122673,1,2,0,144.0
10110077NASCIMENTOW_2026-01-13_G40,10110077NASCIMENTOW,2026-01-13,121760,1,11,0,414.0
10110077NASCIMENTOW_2026-01-13_G41,10110077NASCIMENTOW,2026-01-13,123313,1,2,0,238.0
10110077NASCIMENTOW_2026-01-13_G42,10110077NASCIMENTOW,2026-01-13,123345,1,14,0,330.0
10110077NASCIMENTOW_2026-01-13_G43,10110077NASCIMENTOW,2026-01-13,123343,1,12,0,572.0
10110077NASCIMENTOW_2026-01-13_G44,10110077NASCIMENTOW,2026-01-13,122962,1,24,0,421.0
10110077NASCIMENTOW_2026-01-13_G45,10110077NASCIMENTOW,2026-01-13,123822,1,20,0,565.0
10110077NASCIMENTOW_2026-01-13_G46,10110077NASCIMENTOW,2026-01-13,122647,1,6,0,174.0
10110077NASCIMENTOW_2026-01-13_G47,10110077NASCIMENTOW,2026-01-13,124486,1,16,0,237.0
10110077NASCIMENTOW_2026-01-13_G48,10110077NASCIMENTOW,2026-01-13,123345,1,4,0,189.0
10110077NASCIMENTOW_2026-01-13_G49,10110077NASCIMENTOW,2026-01-13,123909,1,2,0,591.0
10110077NASCIMENTOW_2026-01-13_G50,10110077NASCIMENTOW,2026-01-13,123345,1,2,0,218.0
10110077NASCIMENTOW_2026-01-14_G02,10110077NASCIMENTOW,2026-01-14,124486,1,9,0,441.0
10110077NASCIMENTOW_2026-01-14_G03,10110077NASCIMENTOW,2026-01-14,123080,1,168,0,2786.0
10110077NASCIMENTOW_2026-01-14_G04,10110077NASCIMENTOW,2026-01-14,123390,1,1,0,883.0
10110077NASCIMENTOW_2026-01-14_G05,10110077NASCIMENTOW,2026-01-14,123343,1,7,0,506.0
10110077NASCIMENTOW_2026-01-14_G06,10110077NASCIMENTOW,2026-01-14,123562,1,8,0,575.0
10110077NASCIMENTOW_2026-01-14_G07,10110077NASCIMENTOW,2026-01-14,124370,1,6,0,275.0
10110077NASCIMENTOW_2026-01-14_G08,10110077NASCIMENTOW,2026-01-14,124248,1,6,0,157.0
10110077NASCIMENTOW_2026-01-14_G09,10110077NASCIMENTOW,2026-01-14,121760,1,8,0,1140.0
10110077NASCIMENTOW_2026-01-14_G10,10110077NASCIMENTOW,2026-01-14,124475,1,4,0,222.0
10110077NASCIMENTOW_2026-01-14_G11,10110077NASCIMENTOW,2026-01-14,123521,1,2,0,328.0
10110077NASCIMENTOW_2026-01-14_G12,10110077NASCIMENTOW,2026-01-14,123345,1,10,0,305.0
10110077NASCIMENTOW_2026-01-14_G13,10110077NASCIMENTOW,2026-01-14,122984,1,3,0,2172.0
10110077NASCIMENTOW_2026-01-14_G14,10110077NASCIMENTOW,2026-01-14,123561,1,24,0,503.0
10110077NASCIMENTOW_2026-01-14_G15,10110077NASCIMENTOW,2026-01-14,122981,1,16,0,198.0
10110077NASCIMENTOW_2026-01-14_G17,10110077NASCIMENTOW,2026-01-14,122983,1,6,0,166.0
10110077NASCIMENTOW_2026-01-14_G18,10110077NASCIMENTOW,2026-01-14,122983,1,20,0,344.0
10110077NASCIMENTOW_2026-01-14_G19,10110077NASCIMENTOW,2026-01-14,122983,1,30,0,771.0
10110077NASCIMENTOW_2026-01-14_G20,10110077NASCIMENTOW,2026-01-14,120339,1,2,0,167.0
10110077NASCIMENTOW_2026-01-14_G21,10110077NASCIMENTOW,2026-01-14,120339,1,4,0,84.0
10110077NASCIMENTOW_2026-01-14_G22,10110077NASCIMENTOW,2026-01-14,122986,1,16,0,306.0
10110077NASCIMENTOW_2026-01-14_G23,10110077NASCIMENTOW,2026-01-14,123313,1,4,0,263.0
10110077NASCIMENTOW_2026-01-14_G24,10110077NASCIMENTOW,2026-01-14,123313,1,8,0,340.0
10110077NASCIMENTOW_2026-01-14_G25,10110077NASCIMENTOW,2026-01-14,120389,1,20,0,606.0
10110077NASCIMENTOW_2026-01-14_G26,10110077NASCIMENTOW,2026-01-14,122962,1,8,0,207.0
10110077NASCIMENTOW_2026-01-14_G27,10110077NASCIMENTOW,2026-01-14,122983,1,4,0,110.0
10110077NASCIMENTOW_2026-01-14_G28,10110077NASCIMENTOW,2026-01-14,120028,1,4,0,142.0
10110077NASCIMENTOW_2026-01-14_G29,10110077NASCIMENTOW,2026-01-14,123081,1,8,0,304.0
10110077NASCIMENTOW_2026-01-14_G30,10110077NASCIMENTOW,2026-01-14,120272,1,4,0,265.0
10110077NASCIMENTOW_2026-01-14_G31,10110077NASCIMENTOW,2026-01-14,122185,1,4,0,251.0
10110077NASCIMENTOW_2026-01-14_G32,10110077NASCIMENTOW,2026-01-14,122673,1,20,0,448.0
10110077NASCIMENTOW_2026-01-15_G03,10110077NASCIMENTOW,2026-01-15,124477,1,12,0,1682.0
10110077NASCIMENTOW_2026-01-15_G04,10110077NASCIMENTOW,2026-01-15,124371,1,50,0,1962.0
10110077NASCIMENTOW_2026-01-15_G05,10110077NASCIMENTOW,2026-01-15,121760,1,40,0,896.0
10110077NASCIMENTOW_2026-01-15_G06,10110077NASCIMENTOW,2026-01-15,124475,1,40,0,605.0
10110077NASCIMENTOW_2026-01-15_G07,10110077NASCIMENTOW,2026-01-15,123909,1,20,0,185.0
10110077NASCIMENTOW_2026-01-15_G08,10110077NASCIMENTOW,2026-01-15,123313,1,4,0,164.0
10110077NASCIMENTOW_2026-01-15_G09,10110077NASCIMENTOW,2026-01-15,123343,1,24,0,357.0
10110077NASCIMENTOW_2026-01-15_G10,10110077NASCIMENTOW,2026-01-15,123345,1,30,0,737.0
10110077NASCIMENTOW_2026-01-15_G12,10110077NASCIMENTOW,2026-01-15,122647,1,54,0,1429.0
10110077NASCIMENTOW_2026-01-15_G13,10110077NASCIMENTOW,2026-01-15,124624,1,3,0,173.0
10110077NASCIMENTOW_2026-01-15_G14,10110077NASCIMENTOW,2026-01-15,124370,1,2,0,128.0
10110077NASCIMENTOW_2026-01-15_G15,10110077NASCIMENTOW,2026-01-15,124486,1,4,0,118.0
10110077NASCIMENTOW_2026-01-15_G16,10110077NASCIMENTOW,2026-01-15,124248,1,4,0,144.0
10110077NASCIMENTOW_2026-01-15_G17,10110077NASCIMENTOW,2026-01-15,122986,1,2,0,130.0
10110077NASCIMENTOW_2026-01-15_G18,10110077NASCIMENTOW,2026-01-15,120028,1,30,0,669.0
10110077NASCIMENTOW_2026-01-15_G19,10110077NASCIMENTOW,2026-01-15,122962,1,20,0,487.0
10110077NASCIMENTOW_2026-01-15_G20,10110077NASCIMENTOW,2026-01-15,122647,1,20,0,429.0
10110077NASCIMENTOW_2026-01-15_G21,10110077NASCIMENTOW,2026-01-15,124624,1,3,0,180.0
10110077NASCIMENTOW_2026-01-15_G22,10110077NASCIMENTOW,2026-01-15,124624,1,17,0,649.0
10110077NASCIMENTOW_2026-01-15_G23,10110077NASCIMENTOW,2026-01-15,123822,1,13,0,468.0
10110077NASCIMENTOW_2026-01-16_G02,10110077NASCIMENTOW,2026-01-16,123344,1,4,0,334.0
10110077NASCIMENTOW_2026-01-16_G03,10110077NASCIMENTOW,2026-01-16,122984,1,60,0,1054.0
10110077NASCIMENTOW_2026-01-16_G04,10110077NASCIMENTOW,2026-01-16,124370,1,33,0,965.0
10110077NASCIMENTOW_2026-01-16_G05,10110077NASCIMENTOW,2026-01-16,124486,1,16,0,355.0
10110077NASCIMENTOW_2026-01-16_G06,10110077NASCIMENTOW,2026-01-16,123822,1,16,0,397.0
10110077NASCIMENTOW_2026-01-16_G07,10110077NASCIMENTOW,2026-01-16,122671,1,6,0,135.0
10110077NASCIMENTOW_2026-01-16_G08,10110077NASCIMENTOW,2026-01-16,122647,1,4,0,98.0
10110077NASCIMENTOW_2026-01-16_G09,10110077NASCIMENTOW,2026-01-16,124248,1,26,0,290.0
10110077NASCIMENTOW_2026-01-16_G10,10110077NASCIMENTOW,2026-01-16,121651,1,8,0,196.0
10110077NASCIMENTOW_2026-01-16_G11,10110077NASCIMENTOW,2026-01-16,122962,1,25,0,307.0
10110077NASCIMENTOW_2026-01-16_G12,10110077NASCIMENTOW,2026-01-16,124548,1,6,0,231.0
10110077NASCIMENTOW_2026-01-16_G13,10110077NASCIMENTOW,2026-01-16,122185,1,60,0,890.0
10110077NASCIMENTOW_2026-01-16_G14,10110077NASCIMENTOW,2026-01-16,123909,1,5,0,111.0
10110077NASCIMENTOW_2026-01-16_G15,10110077NASCIMENTOW,2026-01-16,122967,1,8,0,546.0
10110077NASCIMENTOW_2026-01-16_G16,10110077NASCIMENTOW,2026-01-16,124486,1,12,0,365.0
10110077NASCIMENTOW_2026-01-16_G18,10110077NASCIMENTOW,2026-01-16,123313,1,30,0,1856.0
10110077NASCIMENTOW_2026-01-16_G19,10110077NASCIMENTOW,2026-01-16,123562,1,14,0,360.0
10110077NASCIMENTOW_2026-01-16_G20,10110077NASCIMENTOW,2026-01-16,122981,1,2,0,157.0
10110077NASCIMENTOW_2026-01-16_G21,10110077NASCIMENTOW,2026-01-16,122962,1,66,0,1171.0
10110077NASCIMENTOW_2026-01-16_G23,10110077NASCIMENTOW,2026-01-16,122984,1,24,0,455.0
10110077NASCIMENTOW_2026-01-16_G24,10110077NASCIMENTOW,2026-01-16,122962,1,16,0,1394.0
10110077NASCIMENTOW_2026-01-16_G25,10110077NASCIMENTOW,2026-01-16,122671,1,4,0,237.0
10110077NASCIMENTOW_2026-01-16_G26,10110077NASCIMENTOW,2026-01-16,124486,1,50,0,579.0
10110077NASCIMENTOW_2026-01-16_G27,10110077NASCIMENTOW,2026-01-16,122984,1,1,0,110.0
10110077NASCIMENTOW_2026-01-16_G28,10110077NASCIMENTOW,2026-01-16,122983,1,8,0,173.0
10110077NASCIMENTOW_2026-01-16_G29,10110077NASCIMENTOW,2026-01-16,124483,1,4,0,89.0
10110077NASCIMENTOW_2026-01-16_G30,10110077NASCIMENTOW,2026-01-16,124248,1,12,0,175.0
10110077NASCIMENTOW_2026-01-16_G31,10110077NASCIMENTOW,2026-01-16,124483,1,27,0,355.0
10110077NASCIMENTOW_2026-01-16_G32,10110077NASCIMENTOW,2026-01-16,124483,1,2,0,94.0
10110077NASCIMENTOW_2026-01-16_G33,10110077NASCIMENTOW,2026-01-16,122983,1,2,0,105.0
10110077NASCIMENTOW_2026-01-16_G34,10110077NASCIMENTOW,2026-01-16,122984,1,4,0,1140.0
10110077NASCIMENTOW_2026-01-16_G35,10110077NASCIMENTOW,2026-01-16,123344,1,4,0,179.0
10110077NASCIMENTOW_2026-01-16_G36,10110077NASCIMENTOW,2026-01-16,120389,1,7,0,150.0
10110077NASCIMENTOW_2026-01-16_G37,10110077NASCIMENTOW,2026-01-16,123343,1,2,0,240.0
10110077NASCIMENTOW_2026-01-16_G38,10110077NASCIMENTOW,2026-01-16,120339,1,2,0,72.0
10110077NASCIMENTOW_2026-01-16_G39,10110077NASCIMENTOW,2026-01-16,122185,1,8,0,354.0
10110077NASCIMENTOW_2026-01-17_G02,10110077NASCIMENTOW,2026-01-17,122962,1,28,0,633.0
10110077NASCIMENTOW_2026-01-17_G04,10110077NASCIMENTOW,2026-01-17,120389,1,6,0,230.0
10110077NASCIMENTOW_2026-01-17_G05,10110077NASCIMENTOW,2026-01-17,124486,1,10,0,1007.0
10110077NASCIMENTOW_2026-01-17_G06,10110077NASCIMENTOW,2026-01-17,122967,1,8,0,456.0
10110077NASCIMENTOW_2026-01-17_G07,10110077NASCIMENTOW,2026-01-17,123492,1,5,0,333.0
10110077NASCIMENTOW_2026-01-17_G08,10110077NASCIMENTOW,2026-01-17,122982,1,16,0,214.0
10110077NASCIMENTOW_2026-01-17_G09,10110077NASCIMENTOW,2026-01-17,121760,1,12,0,255.0
10110077NASCIMENTOW_2026-01-17_G10,10110077NASCIMENTOW,2026-01-17,124248,1,40,0,403.0
10110077NASCIMENTOW_2026-01-17_G11,10110077NASCIMENTOW,2026-01-17,122962,1,40,0,576.0
10110077NASCIMENTOW_2026-01-17_G12,10110077NASCIMENTOW,2026-01-17,124548,1,10,0,150.0
10110077NASCIMENTOW_2026-01-17_G13,10110077NASCIMENTOW,2026-01-17,122185,1,80,0,998.0
10110077NASCIMENTOW_2026-01-17_G14,10110077NASCIMENTOW,2026-01-17,123521,1,6,0,94.0
10110077NASCIMENTOW_2026-01-17_G15,10110077NASCIMENTOW,2026-01-17,123313,1,4,0,134.0
10110077NASCIMENTOW_2026-01-17_G16,10110077NASCIMENTOW,2026-01-17,123343,1,50,0,332.0
10110077NASCIMENTOW_2026-01-17_G17,10110077NASCIMENTOW,2026-01-17,123345,1,20,0,978.0
10110077NASCIMENTOW_2026-01-17_G18,10110077NASCIMENTOW,2026-01-17,122984,1,19,0,1879.0
10110077NASCIMENTOW_2026-01-17_G19,10110077NASCIMENTOW,2026-01-17,124248,1,16,0,243.0
10110077NASCIMENTOW_2026-01-17_G20,10110077NASCIMENTOW,2026-01-17,122962,1,9,0,533.0
10110077NASCIMENTOW_2026-01-17_G21,10110077NASCIMENTOW,2026-01-17,124486,1,25,0,981.0
10110077NASCIMENTOW_2026-01-17_G22,10110077NASCIMENTOW,2026-01-17,124486,1,20,0,206.0
10110077NASCIMENTOW_2026-01-17_G24,10110077NASCIMENTOW,2026-01-17,124371,1,16,0,994.0
10110077NASCIMENTOW_2026-01-17_G25,10110077NASCIMENTOW,2026-01-17,122984,1,9,0,314.0
10110077NASCIMENTOW_2026-01-17_G26,10110077NASCIMENTOW,2026-01-17,121760,1,50,0,1104.0
10110077NASCIMENTOW_2026-01-17_G27,10110077NASCIMENTOW,2026-01-17,122962,1,9,0,266.0
10110077NASCIMENTOW_2026-01-17_G28,10110077NASCIMENTOW,2026-01-17,123343,1,21,0,654.0
10110077NASCIMENTOW_2026-01-17_G29,10110077NASCIMENTOW,2026-01-17,123345,1,22,0,1072.0
10110077NASCIMENTOW_2026-01-17_G30,10110077NASCIMENTOW,2026-01-17,122988,1,4,0,439.0
10110077NASCIMENTOW_2026-01-17_G31,10110077NASCIMENTOW,2026-01-17,122703,1,5,0,110.0
10110077NASCIMENTOW_2026-01-17_G32,10110077NASCIMENTOW,2026-01-17,122981,1,4,0,177.0
10110077NASCIMENTOW_2026-01-17_G33,10110077NASCIMENTOW,2026-01-17,122983,1,6,0,121.0
10110077NASCIMENTOW_2026-01-17_G34,10110077NASCIMENTOW,2026-01-17,120271,1,2,0,77.0
10110077NASCIMENTOW_2026-01-17_G35,10110077NASCIMENTOW,2026-01-17,121760,1,4,0,130.0
10110077NASCIMENTOW_2026-01-17_G36,10110077NASCIMENTOW,2026-01-17,120272,1,3,0,114.0
10110077NASCIMENTOW_2026-01-19_G02,10110077NASCIMENTOW,2026-01-19,124370,1,2,0,258.0
10110077NASCIMENTOW_2026-01-19_G03,10110077NASCIMENTOW,2026-01-19,124476,1,8,0,264.0
10110077NASCIMENTOW_2026-01-19_G04,10110077NASCIMENTOW,2026-01-19,123345,1,2,0,187.0
10110077NASCIMENTOW_2026-01-19_G05,10110077NASCIMENTOW,2026-01-19,120008,1,20,0,497.0
10110077NASCIMENTOW_2026-01-19_G06,10110077NASCIMENTOW,2026-01-19,120028,1,8,0,77.0
10110077NASCIMENTOW_2026-01-19_G07,10110077NASCIMENTOW,2026-01-19,122984,1,15,0,290.0
10110077NASCIMENTOW_2026-01-19_G08,10110077NASCIMENTOW,2026-01-19,180024,1,2,0,360.0
10110077NASCIMENTOW_2026-01-19_G09,10110077NASCIMENTOW,2026-01-19,124370,1,2,0,498.0
10110077NASCIMENTOW_2026-01-19_G10,10110077NASCIMENTOW,2026-01-19,124371,1,2,0,88.0
10110077NASCIMENTOW_2026-01-19_G11,10110077NASCIMENTOW,2026-01-19,121760,1,6,0,251.0
10110077NASCIMENTOW_2026-01-19_G12,10110077NASCIMENTOW,2026-01-19,121928,1,2,0,138.0
10110077NASCIMENTOW_2026-01-19_G13,10110077NASCIMENTOW,2026-01-19,124486,1,26,0,559.0
10110077NASCIMENTOW_2026-01-19_G14,10110077NASCIMENTOW,2026-01-19,122671,1,4,0,173.0
10110077NASCIMENTOW_2026-01-19_G15,10110077NASCIMENTOW,2026-01-19,122983,1,30,0,628.0
10110077NASCIMENTOW_2026-01-19_G16,10110077NASCIMENTOW,2026-01-19,124483,1,10,0,146.0
10110077NASCIMENTOW_2026-01-19_G17,10110077NASCIMENTOW,2026-01-19,124483,1,30,0,546.0
10110077NASCIMENTOW_2026-01-19_G18,10110077NASCIMENTOW,2026-01-19,123344,1,1,0,140.0
10110077NASCIMENTOW_2026-01-19_G19,10110077NASCIMENTOW,2026-01-19,121760,1,3,0,177.0
10110077NASCIMENTOW_2026-01-19_G20,10110077NASCIMENTOW,2026-01-19,122673,1,30,0,866.0
10110077NASCIMENTOW_2026-01-19_G21,10110077NASCIMENTOW,2026-01-19,120008,1,25,0,1299.0
10110077NASCIMENTOW_2026-01-19_G22,10110077NASCIMENTOW,2026-01-19,122962,1,40,0,1347.0
10110077NASCIMENTOW_2026-01-19_G23,10110077NASCIMENTOW,2026-01-19,120028,1,50,0,1183.0
10110077NASCIMENTOW_2026-01-19_G24,10110077NASCIMENTOW,2026-01-19,122647,1,20,0,1320.0
10110077NASCIMENTOW_2026-01-19_G25,10110077NASCIMENTOW,2026-01-19,122967,1,20,0,290.0
10110077NASCIMENTOW_2026-01-19_G26,10110077NASCIMENTOW,2026-01-19,120028,1,40,0,1010.0
10110077NASCIMENTOW_2026-01-19_G27,10110077NASCIMENTOW,2026-01-19,122962,1,20,0,257.0
10110077NASCIMENTOW_2026-01-19_G28,10110077NASCIMENTOW,2026-01-19,120028,1,20,0,562.0
10110077NASCIMENTOW_2026-01-19_G30,10110077NASCIMENTOW,2026-01-19,122962,1,4,0,205.0
10110077NASCIMENTOW_2026-01-19_G31,10110077NASCIMENTOW,2026-01-19,123345,1,2,0,116.0
10110077NASCIMENTOW_2026-01-19_G32,10110077NASCIMENTOW,2026-01-19,124370,1,1,0,137.0
10110077NASCIMENTOW_2026-01-19_G33,10110077NASCIMENTOW,2026-01-19,124370,1,1,0,69.0
10110077NASCIMENTOW_2026-01-19_G34,10110077NASCIMENTOW,2026-01-19,123313,1,4,0,191.0
10110077NASCIMENTOW_2026-01-19_G35,10110077NASCIMENTOW,2026-01-19,124486,1,20,0,347.0
10110077NASCIMENTOW_2026-01-19_G36,10110077NASCIMENTOW,2026-01-19,123344,1,2,0,146.0
10110077NASCIMENTOW_2026-01-19_G37,10110077NASCIMENTOW,2026-01-19,122988,1,4,0,266.0
10110077NASCIMENTOW_2026-01-19_G38,10110077NASCIMENTOW,2026-01-19,122984,1,4,0,147.0
10110077NASCIMENTOW_2026-01-19_G39,10110077NASCIMENTOW,2026-01-19,122673,1,2,0,280.0
10110077NASCIMENTOW_2026-01-19_G40,10110077NASCIMENTOW,2026-01-19,124371,1,4,0,75.0
10110077NASCIMENTOW_2026-01-19_G41,10110077NASCIMENTOW,2026-01-19,122982,1,6,0,124.0
10110077NASCIMENTOW_2026-01-19_G42,10110077NASCIMENTOW,2026-01-19,122962,1,12,0,304.0
10110077NASCIMENTOW_2026-01-19_G43,10110077NASCIMENTOW,2026-01-19,122962,1,12,0,171.0
10110077NASCIMENTOW_2026-01-19_G44,10110077NASCIMENTOW,2026-01-19,124486,1,22,0,479.0
10110077NASCIMENTOW_2026-01-19_G45,10110077NASCIMENTOW,2026-01-19,121760,1,4,0,202.0
10110077NASCIMENTOW_2026-01-19_G46,10110077NASCIMENTOW,2026-01-19,122962,1,8,0,224.0
10110077NASCIMENTOW_2026-01-19_G47,10110077NASCIMENTOW,2026-01-19,122703,1,9,0,807.0
10110077NASCIMENTOW_2026-01-19_G48,10110077NASCIMENTOW,2026-01-19,122671,1,4,0,179.0
10110077NASCIMENTOW_2026-01-19_G49,10110077NASCIMENTOW,2026-01-19,124476,1,8,0,135.0
10110077NASCIMENTOW_2026-01-19_G50,10110077NASCIMENTOW,2026-01-19,121651,1,4,0,407.0
10110077NASCIMENTOW_2026-01-19_G51,10110077NASCIMENTOW,2026-01-19,122962,1,8,0,128.0
10110077NASCIMENTOW_2026-01-19_G52,10110077NASCIMENTOW,2026-01-19,123345,1,6,0,192.0
10110077NASCIMENTOW_2026-01-19_G53,10110077NASCIMENTOW,2026-01-19,122962,1,32,0,595.0
10110077NASCIMENTOW_2026-01-19_G54,10110077NASCIMENTOW,2026-01-19,124486,1,2,0,207.0
10110077NASCIMENTOW_2026-01-19_G55,10110077NASCIMENTOW,2026-01-19,124248,1,4,0,136.0
10110077NASCIMENTOW_2026-01-19_G56,10110077NASCIMENTOW,2026-01-19,122984,1,4,0,131.0
10110077NASCIMENTOW_2026-01-19_G57,10110077NASCIMENTOW,2026-01-19,124371,1,5,0,77.0
10110077NASCIMENTOW_2026-01-19_G58,10110077NASCIMENTOW,2026-01-19,124475,1,2,0,118.0
10110077NASCIMENTOW_2026-01-19_G59,10110077NASCIMENTOW,2026-01-19,120028,1,18,0,366.0
10110077NASCIMENTOW_2026-01-19_G60,10110077NASCIMENTOW,2026-01-19,123909,1,2,0,84.0
10110077NASCIMENTOW_2026-01-19_G61,10110077NASCIMENTOW,2026-01-19,123343,1,4,0,205.0
10110077NASCIMENTOW_2026-01-19_G62,10110077NASCIMENTOW,2026-01-19,123345,1,2,0,101.0
10110077NASCIMENTOW_2026-01-19_G63,10110077NASCIMENTOW,2026-01-19,122647,1,10,0,343.0
10110077NASCIMENTOW_2026-01-20_G02,10110077NASCIMENTOW,2026-01-20,122962,1,16,0,1350.0
10110077NASCIMENTOW_2026-01-20_G03,10110077NASCIMENTOW,2026-01-20,122962,1,11,0,544.0
10110077NASCIMENTOW_2026-01-20_G04,10110077NASCIMENTOW,2026-01-20,123889,1,50,0,942.0
10110077NASCIMENTOW_2026-01-20_G05,10110077NASCIMENTOW,2026-01-20,124483,1,40,0,602.0
10110077NASCIMENTOW_2026-01-20_G06,10110077NASCIMENTOW,2026-01-20,123313,1,20,0,1962.0
10110077NASCIMENTOW_2026-01-20_G07,10110077NASCIMENTOW,2026-01-20,123345,1,4,0,609.0
10110077NASCIMENTOW_2026-01-20_G08,10110077NASCIMENTOW,2026-01-20,122185,1,18,0,403.0
10110077NASCIMENTOW_2026-01-20_G09,10110077NASCIMENTOW,2026-01-20,123153,1,30,0,667.0
10110077NASCIMENTOW_2026-01-20_G10,10110077NASCIMENTOW,2026-01-20,123492,1,50,0,621.0
10110077NASCIMENTOW_2026-01-20_G11,10110077NASCIMENTOW,2026-01-20,123343,1,18,0,373.0
10110077NASCIMENTOW_2026-01-20_G12,10110077NASCIMENTOW,2026-01-20,122983,1,1,0,166.0
10110077NASCIMENTOW_2026-01-20_G13,10110077NASCIMENTOW,2026-01-20,124483,1,4,0,314.0
10110077NASCIMENTOW_2026-01-20_G14,10110077NASCIMENTOW,2026-01-20,120272,1,1,0,78.0
10110077NASCIMENTOW_2026-01-20_G15,10110077NASCIMENTOW,2026-01-20,123343,1,1,0,215.0
10110077NASCIMENTOW_2026-01-20_G16,10110077NASCIMENTOW,2026-01-20,124624,1,8,0,906.0
10110077NASCIMENTOW_2026-01-20_G17,10110077NASCIMENTOW,2026-01-20,124248,1,6,0,80.0
10110077NASCIMENTOW_2026-01-20_G18,10110077NASCIMENTOW,2026-01-20,122988,1,2,0,127.0
10110077NASCIMENTOW_2026-01-20_G19,10110077NASCIMENTOW,2026-01-20,124370,1,9,0,574.0
10110077NASCIMENTOW_2026-01-20_G20,10110077NASCIMENTOW,2026-01-20,122983,1,12,0,423.0
10110077NASCIMENTOW_2026-01-20_G21,10110077NASCIMENTOW,2026-01-20,122984,1,16,0,274.0
10110077NASCIMENTOW_2026-01-20_G22,10110077NASCIMENTOW,2026-01-20,123153,1,10,0,80.0
10110077NASCIMENTOW_2026-01-20_G23,10110077NASCIMENTOW,2026-01-20,122962,1,4,0,193.0
10110077NASCIMENTOW_2026-01-20_G24,10110077NASCIMENTOW,2026-01-20,122185,1,4,0,172.0
10110077NASCIMENTOW_2026-01-20_G25,10110077NASCIMENTOW,2026-01-20,123343,1,6,0,418.0
10110077NASCIMENTOW_2026-01-20_G26,10110077NASCIMENTOW,2026-01-20,123345,1,20,0,1512.0
10110077NASCIMENTOW_2026-01-20_G27,10110077NASCIMENTOW,2026-01-20,124594,1,12,0,1042.0
10110077NASCIMENTOW_2026-01-20_G28,10110077NASCIMENTOW,2026-01-20,123561,1,16,0,533.0
10110077NASCIMENTOW_2026-01-20_G29,10110077NASCIMENTOW,2026-01-20,120339,1,4,0,171.0
10110077NASCIMENTOW_2026-01-20_G31,10110077NASCIMENTOW,2026-01-20,120339,1,10,0,191.0
10110077NASCIMENTOW_2026-01-20_G32,10110077NASCIMENTOW,2026-01-20,122983,1,30,0,346.0
10110077NASCIMENTOW_2026-01-20_G33,10110077NASCIMENTOW,2026-01-20,124594,1,20,0,1435.0
10110077NASCIMENTOW_2026-01-20_G34,10110077NASCIMENTOW,2026-01-20,122962,1,13,0,549.0
10110077NASCIMENTOW_2026-01-20_G35,10110077NASCIMENTOW,2026-01-20,124624,1,14,0,1251.0
10110077NASCIMENTOW_2026-01-20_G36,10110077NASCIMENTOW,2026-01-20,124594,1,6,0,310.0
10110077NASCIMENTOW_2026-01-20_G37,10110077NASCIMENTOW,2026-01-20,122671,1,42,0,983.0
10110077NASCIMENTOW_2026-01-20_G38,10110077NASCIMENTOW,2026-01-20,124475,1,30,0,716.0
10110077NASCIMENTOW_2026-01-20_G39,10110077NASCIMENTOW,2026-01-20,123909,1,65,0,1198.0
10110077NASCIMENTOW_2026-01-21_G02,10110077NASCIMENTOW,2026-01-21,122983,1,20,0,452.0
10110077NASCIMENTOW_2026-01-21_G03,10110077NASCIMENTOW,2026-01-21,123153,1,20,0,486.0
10110077NASCIMENTOW_2026-01-21_G04,10110077NASCIMENTOW,2026-01-21,123343,1,40,0,898.0
10110077NASCIMENTOW_2026-01-21_G05,10110077NASCIMENTOW,2026-01-21,122647,1,4,0,279.0
10110077NASCIMENTOW_2026-01-21_G06,10110077NASCIMENTOW,2026-01-21,124476,1,10,0,402.0
10110077NASCIMENTOW_2026-01-21_G07,10110077NASCIMENTOW,2026-01-21,123561,1,8,0,280.0
10110077NASCIMENTOW_2026-01-21_G08,10110077NASCIMENTOW,2026-01-21,123822,1,4,0,474.0
10110077NASCIMENTOW_2026-01-21_G09,10110077NASCIMENTOW,2026-01-21,123344,1,2,0,195.0
10110077NASCIMENTOW_2026-01-21_G10,10110077NASCIMENTOW,2026-01-21,122962,1,10,0,223.0
10110077NASCIMENTOW_2026-01-21_G11,10110077NASCIMENTOW,2026-01-21,120028,1,8,0,537.0
10110077NASCIMENTOW_2026-01-21_G12,10110077NASCIMENTOW,2026-01-21,123909,1,1,0,94.0
10110077NASCIMENTOW_2026-01-21_G13,10110077NASCIMENTOW,2026-01-21,123521,1,4,0,87.0
10110077NASCIMENTOW_2026-01-21_G14,10110077NASCIMENTOW,2026-01-21,123345,1,11,0,384.0
10110077NASCIMENTOW_2026-01-21_G15,10110077NASCIMENTOW,2026-01-21,124486,1,6,0,201.0
10110077NASCIMENTOW_2026-01-21_G16,10110077NASCIMENTOW,2026-01-21,123344,1,4,0,225.0
10110077NASCIMENTOW_2026-01-21_G17,10110077NASCIMENTOW,2026-01-21,124370,1,5,0,963.0
10110077NASCIMENTOW_2026-01-21_G18,10110077NASCIMENTOW,2026-01-21,122983,1,3,0,280.0
10110077NASCIMENTOW_2026-01-21_G19,10110077NASCIMENTOW,2026-01-21,122984,1,11,0,255.0
10110077NASCIMENTOW_2026-01-21_G20,10110077NASCIMENTOW,2026-01-21,124371,1,4,0,212.0
10110077NASCIMENTOW_2026-01-21_G21,10110077NASCIMENTOW,2026-01-21,121760,1,4,0,50.0
10110077NASCIMENTOW_2026-01-21_G22,10110077NASCIMENTOW,2026-01-21,114647,1,2,0,68.0
10110077NASCIMENTOW_2026-01-21_G23,10110077NASCIMENTOW,2026-01-21,123343,1,6,0,143.0
10110077NASCIMENTOW_2026-01-21_G24,10110077NASCIMENTOW,2026-01-21,123345,1,8,0,318.0
10110077NASCIMENTOW_2026-01-21_G25,10110077NASCIMENTOW,2026-01-21,122671,1,8,0,351.0
10110077NASCIMENTOW_2026-01-22_G02,10110077NASCIMENTOW,2026-01-22,120389,1,10,0,242.0
10110077NASCIMENTOW_2026-01-22_G03,10110077NASCIMENTOW,2026-01-22,124486,1,18,0,645.0
10110077NASCIMENTOW_2026-01-22_G04,10110077NASCIMENTOW,2026-01-22,122673,1,165,0,3266.0
10110077NASCIMENTOW_2026-01-22_G05,10110077NASCIMENTOW,2026-01-22,124371,1,14,0,202.0
10110077NASCIMENTOW_2026-01-22_G06,10110077NASCIMENTOW,2026-01-22,123153,1,42,0,680.0
10110077NASCIMENTOW_2026-01-22_G07,10110077NASCIMENTOW,2026-01-22,124475,1,18,0,434.0
10110077NASCIMENTOW_2026-01-22_G08,10110077NASCIMENTOW,2026-01-22,122647,1,32,0,1809.0
10110077NASCIMENTOW_2026-01-22_G09,10110077NASCIMENTOW,2026-01-22,122962,1,30,0,1111.0
10110077NASCIMENTOW_2026-01-22_G10,10110077NASCIMENTOW,2026-01-22,122983,1,12,0,1634.0
10110077NASCIMENTOW_2026-01-22_G11,10110077NASCIMENTOW,2026-01-22,122982,1,150,0,1712.0
10110077NASCIMENTOW_2026-01-22_G12,10110077NASCIMENTOW,2026-01-22,123153,1,4,0,140.0
10110077NASCIMENTOW_2026-01-22_G13,10110077NASCIMENTOW,2026-01-22,124264,1,4,0,211.0
10110077NASCIMENTOW_2026-01-22_G14,10110077NASCIMENTOW,2026-01-22,123343,1,4,0,236.0
10110077NASCIMENTOW_2026-01-22_G15,10110077NASCIMENTOW,2026-01-22,123345,1,4,0,222.0
10110077NASCIMENTOW_2026-01-22_G16,10110077NASCIMENTOW,2026-01-22,124486,1,4,0,179.0
10110077NASCIMENTOW_2026-01-22_G17,10110077NASCIMENTOW,2026-01-22,121760,1,5,0,157.0
10110077NASCIMENTOW_2026-01-22_G18,10110077NASCIMENTOW,2026-01-22,123909,1,4,0,142.0
10110077NASCIMENTOW_2026-01-22_G19,10110077NASCIMENTOW,2026-01-22,181887,1,1,0,332.0
10110077NASCIMENTOW_2026-01-22_G20,10110077NASCIMENTOW,2026-01-22,123343,1,4,0,209.0
10110077NASCIMENTOW_2026-01-22_G21,10110077NASCIMENTOW,2026-01-22,123345,1,2,0,78.0
10110077NASCIMENTOW_2026-01-22_G22,10110077NASCIMENTOW,2026-01-22,124624,1,9,0,1048.0
10110077NASCIMENTOW_2026-01-22_G23,10110077NASCIMENTOW,2026-01-22,123344,1,17,0,897.0
10110077NASCIMENTOW_2026-01-22_G24,10110077NASCIMENTOW,2026-01-22,122983,1,3,0,157.0
10110077NASCIMENTOW_2026-01-22_G25,10110077NASCIMENTOW,2026-01-22,123909,1,4,0,132.0
10110077NASCIMENTOW_2026-01-22_G26,10110077NASCIMENTOW,2026-01-22,123345,1,5,0,222.0
10110077NASCIMENTOW_2026-01-22_G27,10110077NASCIMENTOW,2026-01-22,124486,1,23,0,474.0
10110077NASCIMENTOW_2026-01-22_G28,10110077NASCIMENTOW,2026-01-22,122981,1,4,0,110.0
10110077NASCIMENTOW_2026-01-22_G29,10110077NASCIMENTOW,2026-01-22,124371,1,4,0,82.0
10110077NASCIMENTOW_2026-01-22_G30,10110077NASCIMENTOW,2026-01-22,122986,1,10,0,161.0
10110077NASCIMENTOW_2026-01-22_G31,10110077NASCIMENTOW,2026-01-22,123345,1,2,0,172.0
10110077NASCIMENTOW_2026-01-22_G33,10110077NASCIMENTOW,2026-01-22,122673,1,4,0,263.0
10110077NASCIMENTOW_2026-01-22_G34,10110077NASCIMENTOW,2026-01-22,122671,1,9,0,175.0
10110077NASCIMENTOW_2026-01-22_G35,10110077NASCIMENTOW,2026-01-22,124475,1,11,0,463.0
10110077NASCIMENTOW_2026-01-22_G36,10110077NASCIMENTOW,2026-01-22,123909,1,16,0,447.0
10110077NASCIMENTOW_2026-01-22_G37,10110077NASCIMENTOW,2026-01-22,122984,1,15,0,850.0
10110077NASCIMENTOW_2026-01-22_G38,10110077NASCIMENTOW,2026-01-22,120008,1,40,0,571.0
10110077NASCIMENTOW_2026-01-22_G39,10110077NASCIMENTOW,2026-01-22,120008,1,40,0,1142.0
10110077NASCIMENTOW_2026-01-23_G02,10110077NASCIMENTOW,2026-01-23,123947,1,12,0,624.0
10110077NASCIMENTOW_2026-01-23_G03,10110077NASCIMENTOW,2026-01-23,122673,1,20,0,287.0
10110077NASCIMENTOW_2026-01-23_G04,10110077NASCIMENTOW,2026-01-23,122673,1,6,0,258.0
10110077NASCIMENTOW_2026-01-23_G05,10110077NASCIMENTOW,2026-01-23,123889,1,4,0,142.0
10110077NASCIMENTOW_2026-01-23_G06,10110077NASCIMENTOW,2026-01-23,122986,1,30,0,619.0
10110077NASCIMENTOW_2026-01-23_G07,10110077NASCIMENTOW,2026-01-23,122673,1,30,0,628.0
10110077NASCIMENTOW_2026-01-23_G08,10110077NASCIMENTOW,2026-01-23,122673,1,26,0,259.0
10110077NASCIMENTOW_2026-01-23_G09,10110077NASCIMENTOW,2026-01-23,122673,1,6,0,130.0
10110077NASCIMENTOW_2026-01-23_G10,10110077NASCIMENTOW,2026-01-23,122673,1,4,0,146.0
10110077NASCIMENTOW_2026-01-23_G11,10110077NASCIMENTOW,2026-01-23,124486,1,40,0,1409.0
10110077NASCIMENTOW_2026-01-23_G12,10110077NASCIMENTOW,2026-01-23,122962,1,80,0,822.0
10110077NASCIMENTOW_2026-01-23_G13,10110077NASCIMENTOW,2026-01-23,122673,1,200,0,2861.0
10110077NASCIMENTOW_2026-01-23_G14,10110077NASCIMENTOW,2026-01-23,124477,1,4,0,419.0
10110077NASCIMENTOW_2026-01-23_G15,10110077NASCIMENTOW,2026-01-23,123909,1,12,0,478.0
10110077NASCIMENTOW_2026-01-23_G16,10110077NASCIMENTOW,2026-01-23,124370,1,8,0,245.0
10110077NASCIMENTOW_2026-01-23_G17,10110077NASCIMENTOW,2026-01-23,122983,1,4,0,272.0
10110077NASCIMENTOW_2026-01-23_G18,10110077NASCIMENTOW,2026-01-23,121760,1,13,0,243.0
10110077NASCIMENTOW_2026-01-23_G19,10110077NASCIMENTOW,2026-01-23,124475,1,6,0,59.0
10110077NASCIMENTOW_2026-01-23_G20,10110077NASCIMENTOW,2026-01-23,123313,1,6,0,303.0
10110077NASCIMENTOW_2026-01-23_G21,10110077NASCIMENTOW,2026-01-23,123345,1,24,0,282.0
10110077NASCIMENTOW_2026-01-23_G22,10110077NASCIMENTOW,2026-01-23,123344,1,4,0,113.0
10110077NASCIMENTOW_2026-01-23_G23,10110077NASCIMENTOW,2026-01-23,123345,1,2,0,86.0
10110077NASCIMENTOW_2026-01-23_G24,10110077NASCIMENTOW,2026-01-23,122988,1,2,0,329.0
10110077NASCIMENTOW_2026-01-23_G25,10110077NASCIMENTOW,2026-01-23,123909,1,8,0,86.0
10110077NASCIMENTOW_2026-01-23_G26,10110077NASCIMENTOW,2026-01-23,122983,1,6,0,314.0
10110077NASCIMENTOW_2026-01-23_G27,10110077NASCIMENTOW,2026-01-23,122984,1,10,0,168.0
10110077NASCIMENTOW_2026-01-23_G28,10110077NASCIMENTOW,2026-01-23,124248,1,12,0,192.0
10110077NASCIMENTOW_2026-01-23_G29,10110077NASCIMENTOW,2026-01-23,123343,1,8,0,277.0
10110077NASCIMENTOW_2026-01-23_G30,10110077NASCIMENTOW,2026-01-23,123344,1,3,0,118.0
10110077NASCIMENTOW_2026-01-23_G31,10110077NASCIMENTOW,2026-01-23,123909,1,6,0,143.0
10110077NASCIMENTOW_2026-01-23_G32,10110077NASCIMENTOW,2026-01-23,124486,1,2,0,108.0
10110077NASCIMENTOW_2026-01-23_G33,10110077NASCIMENTOW,2026-01-23,122671,1,4,0,114.0
10110077NASCIMENTOW_2026-01-23_G34,10110077NASCIMENTOW,2026-01-23,124264,1,4,0,130.0
10110077NASCIMENTOW_2026-01-23_G35,10110077NASCIMENTOW,2026-01-23,120389,1,20,0,474.0
10110077NASCIMENTOW_2026-01-23_G36,10110077NASCIMENTOW,2026-01-23,120028,1,4,0,115.0
10110077NASCIMENTOW_2026-01-23_G37,10110077NASCIMENTOW,2026-01-23,123344,1,4,0,71.0
10110077NASCIMENTOW_2026-01-23_G38,10110077NASCIMENTOW,2026-01-23,123909,1,4,0,205.0
10110077NASCIMENTOW_2026-01-23_G39,10110077NASCIMENTOW,2026-01-23,121760,1,2,0,154.0
10110077NASCIMENTOW_2026-01-23_G40,10110077NASCIMENTOW,2026-01-23,123153,1,2,0,137.0
10110077NASCIMENTOW_2026-01-23_G41,10110077NASCIMENTOW,2026-01-23,123343,1,2,0,117.0
10110077NASCIMENTOW_2026-01-23_G42,10110077NASCIMENTOW,2026-01-23,123345,1,2,0,113.0
10110077NASCIMENTOW_2026-01-23_G44,10110077NASCIMENTOW,2026-01-23,124371,1,30,0,996.0
10110077NASCIMENTOW_2026-01-23_G45,10110077NASCIMENTOW,2026-01-23,124371,1,30,0,548.0
10110077NASCIMENTOW_2026-01-23_G46,10110077NASCIMENTOW,2026-01-23,124370,1,80,0,3054.0
10110077NASCIMENTOW_2026-01-24_G02,10110077NASCIMENTOW,2026-01-24,122189,1,2,0,298.0
10110077NASCIMENTOW_2026-01-24_G03,10110077NASCIMENTOW,2026-01-24,123889,1,3,0,266.0
10110077NASCIMENTOW_2026-01-24_G04,10110077NASCIMENTOW,2026-01-24,120272,1,5,0,242.0
10110077NASCIMENTOW_2026-01-24_G05,10110077NASCIMENTOW,2026-01-24,124248,1,2,0,213.0
10110077NASCIMENTOW_2026-01-24_G06,10110077NASCIMENTOW,2026-01-24,120339,1,2,0,345.0
10110077NASCIMENTOW_2026-01-24_G07,10110077NASCIMENTOW,2026-01-24,124486,1,24,0,567.0
10110077NASCIMENTOW_2026-01-24_G08,10110077NASCIMENTOW,2026-01-24,123343,1,2,0,410.0
10110077NASCIMENTOW_2026-01-24_G09,10110077NASCIMENTOW,2026-01-24,123889,1,1,0,403.0
10110077NASCIMENTOW_2026-01-24_G10,10110077NASCIMENTOW,2026-01-24,123909,1,100,0,1537.0
10110077NASCIMENTOW_2026-01-24_G11,10110077NASCIMENTOW,2026-01-24,122962,1,16,0,931.0
10110077NASCIMENTOW_2026-01-24_G12,10110077NASCIMENTOW,2026-01-24,120028,1,5,0,268.0
10110077NASCIMENTOW_2026-01-24_G13,10110077NASCIMENTOW,2026-01-24,122984,1,56,0,1237.0
10110077NASCIMENTOW_2026-01-24_G14,10110077NASCIMENTOW,2026-01-24,120272,1,26,0,421.0
10110077NASCIMENTOW_2026-01-24_G15,10110077NASCIMENTOW,2026-01-24,120272,1,6,0,70.0
10110077NASCIMENTOW_2026-01-24_G16,10110077NASCIMENTOW,2026-01-24,120028,1,10,0,226.0
10110077NASCIMENTOW_2026-01-24_G17,10110077NASCIMENTOW,2026-01-24,122185,1,12,0,254.0
10110077NASCIMENTOW_2026-01-24_G18,10110077NASCIMENTOW,2026-01-24,122962,1,80,0,1904.0
10110077NASCIMENTOW_2026-01-24_G19,10110077NASCIMENTOW,2026-01-24,122673,1,20,0,198.0
10110077NASCIMENTOW_2026-01-24_G20,10110077NASCIMENTOW,2026-01-24,122671,1,20,0,255.0
10110077NASCIMENTOW_2026-01-24_G21,10110077NASCIMENTOW,2026-01-24,122647,1,20,0,416.0
10110077NASCIMENTOW_2026-01-24_G22,10110077NASCIMENTOW,2026-01-24,122673,1,50,0,733.0
10110077NASCIMENTOW_2026-01-26_G02,10110077NASCIMENTOW,2026-01-26,122962,1,100,0,1662.0
10110077NASCIMENTOW_2026-01-26_G03,10110077NASCIMENTOW,2026-01-26,122962,1,40,0,1100.0
10110077NASCIMENTOW_2026-01-26_G04,10110077NASCIMENTOW,2026-01-26,122647,1,30,0,1207.0
10110077NASCIMENTOW_2026-01-26_G05,10110077NASCIMENTOW,2026-01-26,122984,1,60,0,2061.0
10110077NASCIMENTOW_2026-01-26_G06,10110077NASCIMENTOW,2026-01-26,124248,1,80,0,1449.0
10110077NASCIMENTOW_2026-01-26_G07,10110077NASCIMENTOW,2026-01-26,122962,1,20,0,2053.0
10110077NASCIMENTOW_2026-01-26_G08,10110077NASCIMENTOW,2026-01-26,122647,1,30,0,552.0
10110077NASCIMENTOW_2026-01-26_G09,10110077NASCIMENTOW,2026-01-26,122988,1,10,0,558.0
10110077NASCIMENTOW_2026-01-26_G10,10110077NASCIMENTOW,2026-01-26,122962,1,55,0,483.0
10110077NASCIMENTOW_2026-01-26_G11,10110077NASCIMENTOW,2026-01-26,124486,1,48,0,1046.0
10110077NASCIMENTOW_2026-01-26_G12,10110077NASCIMENTOW,2026-01-26,120028,1,48,0,1292.0
10110077NASCIMENTOW_2026-01-26_G13,10110077NASCIMENTOW,2026-01-26,122962,1,60,0,583.0
10110077NASCIMENTOW_2026-01-26_G15,10110077NASCIMENTOW,2026-01-26,122982,1,8,0,230.0
10110077NASCIMENTOW_2026-01-26_G16,10110077NASCIMENTOW,2026-01-26,124248,1,1,0,773.0
10110077NASCIMENTOW_2026-01-26_G17,10110077NASCIMENTOW,2026-01-26,122647,1,14,0,436.0
10110077NASCIMENTOW_2026-01-26_G18,10110077NASCIMENTOW,2026-01-26,122962,1,16,0,366.0
10110077NASCIMENTOW_2026-01-26_G19,10110077NASCIMENTOW,2026-01-26,122962,1,20,0,405.0
10110077NASCIMENTOW_2026-01-26_G20,10110077NASCIMENTOW,2026-01-26,120008,1,6,0,647.0
10110077NASCIMENTOW_2026-01-27_G02,10110077NASCIMENTOW,2026-01-27,122673,1,8,0,532.0
10110077NASCIMENTOW_2026-01-27_G03,10110077NASCIMENTOW,2026-01-27,123345,1,4,0,143.0
10110077NASCIMENTOW_2026-01-27_G04,10110077NASCIMENTOW,2026-01-27,124624,1,2,0,86.0
10110077NASCIMENTOW_2026-01-27_G05,10110077NASCIMENTOW,2026-01-27,124594,1,4,0,151.0
10110077NASCIMENTOW_2026-01-27_G06,10110077NASCIMENTOW,2026-01-27,122984,1,4,0,246.0
10110077NASCIMENTOW_2026-01-27_G07,10110077NASCIMENTOW,2026-01-27,124486,1,6,0,253.0
10110077NASCIMENTOW_2026-01-27_G08,10110077NASCIMENTOW,2026-01-27,121760,1,3,0,681.0
10110077NASCIMENTOW_2026-01-27_G09,10110077NASCIMENTOW,2026-01-27,124475,1,3,0,120.0
10110077NASCIMENTOW_2026-01-27_G10,10110077NASCIMENTOW,2026-01-27,123345,1,3,0,135.0
10110077NASCIMENTOW_2026-01-27_G11,10110077NASCIMENTOW,2026-01-27,123343,1,7,0,247.0
10110077NASCIMENTOW_2026-01-27_G12,10110077NASCIMENTOW,2026-01-27,124248,1,24,0,882.0
10110077NASCIMENTOW_2026-01-27_G13,10110077NASCIMENTOW,2026-01-27,124624,1,4,0,260.0
10110077NASCIMENTOW_2026-01-27_G14,10110077NASCIMENTOW,2026-01-27,123153,1,12,0,312.0
10110077NASCIMENTOW_2026-01-27_G15,10110077NASCIMENTOW,2026-01-27,181056,1,4,0,409.0
10110077NASCIMENTOW_2026-01-27_G16,10110077NASCIMENTOW,2026-01-27,181056,1,5,0,111.0
10110077NASCIMENTOW_2026-01-27_G17,10110077NASCIMENTOW,2026-01-27,181056,1,3,0,304.0
10110077NASCIMENTOW_2026-01-27_G18,10110077NASCIMENTOW,2026-01-27,122962,1,8,0,208.0
10110077NASCIMENTOW_2026-01-27_G19,10110077NASCIMENTOW,2026-01-27,122673,1,8,0,168.0
10110077NASCIMENTOW_2026-01-27_G20,10110077NASCIMENTOW,2026-01-27,122185,1,22,0,932.0
10110077NASCIMENTOW_2026-01-27_G21,10110077NASCIMENTOW,2026-01-27,123345,1,9,0,594.0
10110077NASCIMENTOW_2026-01-27_G22,10110077NASCIMENTOW,2026-01-27,122984,1,9,0,367.0
10110077NASCIMENTOW_2026-01-27_G23,10110077NASCIMENTOW,2026-01-27,122671,1,2,0,261.0
10110077NASCIMENTOW_2026-01-27_G24,10110077NASCIMENTOW,2026-01-27,122185,1,80,0,2556.0
10110077NASCIMENTOW_2026-01-27_G25,10110077NASCIMENTOW,2026-01-27,123343,2,40,10,1763.0
10110077NASCIMENTOW_2026-01-27_G26,10110077NASCIMENTOW,2026-01-27,123562,1,4,0,260.0
10110077NASCIMENTOW_2026-01-27_G27,10110077NASCIMENTOW,2026-01-27,124624,1,20,0,499.0
10110077NASCIMENTOW_2026-01-27_G28,10110077NASCIMENTOW,2026-01-27,123909,1,37,0,647.0
10110077NASCIMENTOW_2026-01-27_G29,10110077NASCIMENTOW,2026-01-27,122671,1,30,0,754.0
10110077NASCIMENTOW_2026-01-27_G31,10110077NASCIMENTOW,2026-01-27,124548,1,2,0,229.0
10110077NASCIMENTOW_2026-01-27_G32,10110077NASCIMENTOW,2026-01-27,124370,1,35,0,862.0
10110077NASCIMENTOW_2026-01-27_G33,10110077NASCIMENTOW,2026-01-27,123080,1,4,0,337.0
10110077NASCIMENTOW_2026-01-27_G34,10110077NASCIMENTOW,2026-01-27,124475,1,30,0,773.0
10110077NASCIMENTOW_2026-01-27_G35,10110077NASCIMENTOW,2026-01-27,122647,1,20,0,415.0
10110077NASCIMENTOW_2026-01-27_G36,10110077NASCIMENTOW,2026-01-27,124483,1,6,0,282.0
10110077NASCIMENTOW_2026-01-28_G02,10110077NASCIMENTOW,2026-01-28,121760,1,4,0,123.0
10110077NASCIMENTOW_2026-01-28_G03,10110077NASCIMENTOW,2026-01-28,124475,1,4,0,209.0
10110077NASCIMENTOW_2026-01-28_G04,10110077NASCIMENTOW,2026-01-28,123343,1,4,0,256.0
10110077NASCIMENTOW_2026-01-28_G05,10110077NASCIMENTOW,2026-01-28,124247,1,20,0,468.0
10110077NASCIMENTOW_2026-01-28_G06,10110077NASCIMENTOW,2026-01-28,124486,1,4,0,501.0
10110077NASCIMENTOW_2026-01-28_G07,10110077NASCIMENTOW,2026-01-28,181235,1,10,0,318.0
10110077NASCIMENTOW_2026-01-28_G08,10110077NASCIMENTOW,2026-01-28,124594,1,4,0,178.0
10110077NASCIMENTOW_2026-01-28_G09,10110077NASCIMENTOW,2026-01-28,124477,1,1,0,186.0
10110077NASCIMENTOW_2026-01-28_G10,10110077NASCIMENTOW,2026-01-28,121651,1,4,0,280.0
10110077NASCIMENTOW_2026-01-28_G11,10110077NASCIMENTOW,2026-01-28,122962,1,4,0,101.0
10110077NASCIMENTOW_2026-01-28_G12,10110077NASCIMENTOW,2026-01-28,124371,1,5,0,300.0
10110077NASCIMENTOW_2026-01-28_G13,10110077NASCIMENTOW,2026-01-28,124370,1,14,0,402.0
10110077NASCIMENTOW_2026-01-28_G14,10110077NASCIMENTOW,2026-01-28,120028,1,1,0,195.0
10110077NASCIMENTOW_2026-01-28_G15,10110077NASCIMENTOW,2026-01-28,124475,1,8,0,279.0
10110077NASCIMENTOW_2026-01-28_G16,10110077NASCIMENTOW,2026-01-28,123343,1,4,0,1115.0
10110077NASCIMENTOW_2026-01-28_G17,10110077NASCIMENTOW,2026-01-28,123153,1,8,0,730.0
10110077NASCIMENTOW_2026-01-28_G18,10110077NASCIMENTOW,2026-01-28,120389,1,28,0,831.0
10110077NASCIMENTOW_2026-01-28_G19,10110077NASCIMENTOW,2026-01-28,120028,1,46,0,2433.0
10110077NASCIMENTOW_2026-01-28_G20,10110077NASCIMENTOW,2026-01-28,122962,1,53,0,331.0
10110077NASCIMENTOW_2026-01-28_G21,10110077NASCIMENTOW,2026-01-28,120028,1,20,0,631.0
10110077NASCIMENTOW_2026-01-28_G22,10110077NASCIMENTOW,2026-01-28,122962,1,20,0,406.0
10110077NASCIMENTOW_2026-01-28_G23,10110077NASCIMENTOW,2026-01-28,120028,1,50,0,1446.0
10110077NASCIMENTOW_2026-01-28_G24,10110077NASCIMENTOW,2026-01-28,122647,1,40,0,1912.0
10110077NASCIMENTOW_2026-01-28_G25,10110077NASCIMENTOW,2026-01-28,120028,1,20,0,547.0
10110077NASCIMENTOW_2026-01-28_G26,10110077NASCIMENTOW,2026-01-28,120028,1,10,0,163.0
10110077NASCIMENTOW_2026-01-28_G27,10110077NASCIMENTOW,2026-01-28,122647,1,60,0,1250.0
10110077NASCIMENTOW_2026-01-28_G29,10110077NASCIMENTOW,2026-01-28,124247,1,6,0,452.0
10110077NASCIMENTOW_2026-01-28_G30,10110077NASCIMENTOW,2026-01-28,124486,1,4,0,175.0
10110077NASCIMENTOW_2026-01-28_G31,10110077NASCIMENTOW,2026-01-28,122962,1,6,0,225.0
10110077NASCIMENTOW_2026-01-28_G32,10110077NASCIMENTOW,2026-01-28,123344,1,6,0,299.0
10110077NASCIMENTOW_2026-01-28_G33,10110077NASCIMENTOW,2026-01-28,123909,1,2,0,280.0
10110077NASCIMENTOW_2026-01-28_G34,10110077NASCIMENTOW,2026-01-28,123153,1,8,0,186.0
10110077NASCIMENTOW_2026-01-28_G35,10110077NASCIMENTOW,2026-01-28,124475,1,8,0,347.0
10110077NASCIMENTOW_2026-01-28_G36,10110077NASCIMENTOW,2026-01-28,122962,1,4,0,1137.0
10110077NASCIMENTOW_2026-01-29_G02,10110077NASCIMENTOW,2026-01-29,124486,1,24,0,401.0
10110077NASCIMENTOW_2026-01-29_G03,10110077NASCIMENTOW,2026-01-29,123909,1,36,0,501.0
10110077NASCIMENTOW_2026-01-29_G04,10110077NASCIMENTOW,2026-01-29,124370,1,36,0,471.0
10110077NASCIMENTOW_2026-01-29_G05,10110077NASCIMENTOW,2026-01-29,123822,1,8,0,98.0
10110077NASCIMENTOW_2026-01-29_G06,10110077NASCIMENTOW,2026-01-29,124475,1,40,0,785.0
10110077NASCIMENTOW_2026-01-29_G07,10110077NASCIMENTOW,2026-01-29,122647,1,6,0,114.0
10110077NASCIMENTOW_2026-01-29_G08,10110077NASCIMENTOW,2026-01-29,124248,1,8,0,438.0
10110077NASCIMENTOW_2026-01-29_G09,10110077NASCIMENTOW,2026-01-29,123343,1,24,0,957.0
10110077NASCIMENTOW_2026-01-29_G10,10110077NASCIMENTOW,2026-01-29,123344,1,10,0,1038.0
10110077NASCIMENTOW_2026-01-29_G11,10110077NASCIMENTOW,2026-01-29,124477,1,7,0,257.0
10110077NASCIMENTOW_2026-01-29_G12,10110077NASCIMENTOW,2026-01-29,123909,1,12,0,273.0
10110077NASCIMENTOW_2026-01-29_G13,10110077NASCIMENTOW,2026-01-29,122673,1,30,0,561.0
10110077NASCIMENTOW_2026-01-29_G14,10110077NASCIMENTOW,2026-01-29,121760,1,18,0,438.0
10110077NASCIMENTOW_2026-01-29_G15,10110077NASCIMENTOW,2026-01-29,121760,1,12,0,266.0
10110077NASCIMENTOW_2026-01-29_G16,10110077NASCIMENTOW,2026-01-29,124370,1,12,0,388.0
10110077NASCIMENTOW_2026-01-29_G17,10110077NASCIMENTOW,2026-01-29,124370,1,18,0,671.0
10110077NASCIMENTOW_2026-01-29_G18,10110077NASCIMENTOW,2026-01-29,122988,1,4,0,171.0
10110077NASCIMENTOW_2026-01-29_G19,10110077NASCIMENTOW,2026-01-29,123153,1,78,0,1370.0
10110077NASCIMENTOW_2026-01-29_G20,10110077NASCIMENTOW,2026-01-29,124475,1,12,0,648.0
10110077NASCIMENTOW_2026-01-29_G21,10110077NASCIMENTOW,2026-01-29,124475,1,18,0,468.0
10110077NASCIMENTOW_2026-01-29_G22,10110077NASCIMENTOW,2026-01-29,123343,1,10,0,272.0
10110077NASCIMENTOW_2026-01-29_G23,10110077NASCIMENTOW,2026-01-29,123345,2,64,29,1998.0
10110077NASCIMENTOW_2026-01-29_G24,10110077NASCIMENTOW,2026-01-29,124486,1,6,0,724.0
10110077NASCIMENTOW_2026-01-29_G25,10110077NASCIMENTOW,2026-01-29,123344,1,10,0,275.0
10110077NASCIMENTOW_2026-01-29_G26,10110077NASCIMENTOW,2026-01-29,122671,1,4,0,366.0
10110077NASCIMENTOW_2026-01-29_G27,10110077NASCIMENTOW,2026-01-29,123909,1,8,0,161.0
10110077NASCIMENTOW_2026-01-29_G28,10110077NASCIMENTOW,2026-01-29,122982,1,4,0,213.0
10110077NASCIMENTOW_2026-01-29_G30,10110077NASCIMENTOW,2026-01-29,123080,1,6,0,79.0
10110077NASCIMENTOW_2026-01-29_G31,10110077NASCIMENTOW,2026-01-29,123080,1,10,0,111.0
10110077NASCIMENTOW_2026-01-29_G32,10110077NASCIMENTOW,2026-01-29,124475,1,8,0,182.0
10110077NASCIMENTOW_2026-01-29_G33,10110077NASCIMENTOW,2026-01-29,124475,1,10,0,236.0
10110077NASCIMENTOW_2026-01-29_G34,10110077NASCIMENTOW,2026-01-29,124483,1,3,0,113.0
10110077NASCIMENTOW_2026-01-29_G35,10110077NASCIMENTOW,2026-01-29,123343,1,16,0,569.0
10110077NASCIMENTOW_2026-01-29_G36,10110077NASCIMENTOW,2026-01-29,123345,1,13,0,515.0
10110077NASCIMENTOW_2026-01-29_G37,10110077NASCIMENTOW,2026-01-29,124486,1,10,0,262.0
10110077NASCIMENTOW_2026-01-29_G38,10110077NASCIMENTOW,2026-01-29,123344,1,10,0,417.0
10110077NASCIMENTOW_2026-01-29_G39,10110077NASCIMENTOW,2026-01-29,124624,1,4,0,223.0
10110077NASCIMENTOW_2026-01-29_G40,10110077NASCIMENTOW,2026-01-29,122671,1,13,0,281.0
10110077NASCIMENTOW_2026-01-29_G41,10110077NASCIMENTOW,2026-01-29,122984,1,4,0,358.0
10110077NASCIMENTOW_2026-01-29_G42,10110077NASCIMENTOW,2026-01-29,123909,1,20,0,707.0
10110077NASCIMENTOW_2026-01-29_G43,10110077NASCIMENTOW,2026-01-29,122673,1,4,0,182.0
10110077NASCIMENTOW_2026-01-29_G44,10110077NASCIMENTOW,2026-01-29,124370,1,10,0,135.0
10110077NASCIMENTOW_2026-01-29_G45,10110077NASCIMENTOW,2026-01-29,123080,1,4,0,181.0
10110077NASCIMENTOW_2026-01-29_G46,10110077NASCIMENTOW,2026-01-29,124371,1,4,0,73.0
10110077NASCIMENTOW_2026-01-29_G47,10110077NASCIMENTOW,2026-01-29,124370,1,20,0,448.0
10110077NASCIMENTOW_2026-01-29_G48,10110077NASCIMENTOW,2026-01-29,124475,1,7,0,206.0
10110077NASCIMENTOW_2026-01-29_G49,10110077NASCIMENTOW,2026-01-29,124475,1,10,0,218.0
10110077NASCIMENTOW_2026-01-29_G50,10110077NASCIMENTOW,2026-01-29,181057,1,2,0,445.0
10110077NASCIMENTOW_2026-01-29_G51,10110077NASCIMENTOW,2026-01-29,123343,1,7,0,221.0
10110077NASCIMENTOW_2026-01-29_G52,10110077NASCIMENTOW,2026-01-29,123343,1,13,0,708.0
10110077NASCIMENTOW_2026-01-30_G02,10110077NASCIMENTOW,2026-01-30,120389,1,8,0,565.0
10110077NASCIMENTOW_2026-01-30_G03,10110077NASCIMENTOW,2026-01-30,120339,1,9,0,145.0
10110077NASCIMENTOW_2026-01-30_G04,10110077NASCIMENTOW,2026-01-30,120339,1,6,0,94.0
10110077NASCIMENTOW_2026-01-30_G05,10110077NASCIMENTOW,2026-01-30,124371,1,17,0,387.0
10110077NASCIMENTOW_2026-01-30_G06,10110077NASCIMENTOW,2026-01-30,124370,1,7,0,116.0
10110077NASCIMENTOW_2026-01-30_G07,10110077NASCIMENTOW,2026-01-30,124476,1,7,0,139.0
10110077NASCIMENTOW_2026-01-30_G08,10110077NASCIMENTOW,2026-01-30,124476,1,2,0,144.0
10110077NASCIMENTOW_2026-01-30_G09,10110077NASCIMENTOW,2026-01-30,123909,1,12,0,180.0
10110077NASCIMENTOW_2026-01-30_G10,10110077NASCIMENTOW,2026-01-30,123909,1,12,0,328.0
10110077NASCIMENTOW_2026-01-30_G11,10110077NASCIMENTOW,2026-01-30,124475,1,1,0,187.0
10110077NASCIMENTOW_2026-01-30_G12,10110077NASCIMENTOW,2026-01-30,124475,1,5,0,63.0
10110077NASCIMENTOW_2026-01-30_G13,10110077NASCIMENTOW,2026-01-30,123521,1,2,0,135.0
10110077NASCIMENTOW_2026-01-30_G14,10110077NASCIMENTOW,2026-01-30,122962,1,20,0,1448.0
10110077NASCIMENTOW_2026-01-30_G15,10110077NASCIMENTOW,2026-01-30,122647,1,20,0,458.0
10110077NASCIMENTOW_2026-01-30_G16,10110077NASCIMENTOW,2026-01-30,121760,1,1,0,1011.0
10110077NASCIMENTOW_2026-01-30_G17,10110077NASCIMENTOW,2026-01-30,181057,1,4,0,294.0
10110077NASCIMENTOW_2026-01-30_G18,10110077NASCIMENTOW,2026-01-30,124247,1,20,0,331.0
10110077NASCIMENTOW_2026-01-30_G19,10110077NASCIMENTOW,2026-01-30,122671,1,4,0,162.0
10110077NASCIMENTOW_2026-01-30_G20,10110077NASCIMENTOW,2026-01-30,122962,1,6,0,111.0
10110077NASCIMENTOW_2026-01-30_G21,10110077NASCIMENTOW,2026-01-30,124486,1,8,0,181.0
10110077NASCIMENTOW_2026-01-30_G22,10110077NASCIMENTOW,2026-01-30,122962,1,17,0,246.0
10110077NASCIMENTOW_2026-01-30_G23,10110077NASCIMENTOW,2026-01-30,122962,1,3,0,229.0
10110077NASCIMENTOW_2026-01-30_G24,10110077NASCIMENTOW,2026-01-30,124247,1,20,0,686.0
10110077NASCIMENTOW_2026-01-30_G25,10110077NASCIMENTOW,2026-01-30,122962,1,8,0,263.0
10110077NASCIMENTOW_2026-01-30_G27,10110077NASCIMENTOW,2026-01-30,124247,1,8,0,238.0
10110077NASCIMENTOW_2026-01-30_G28,10110077NASCIMENTOW,2026-01-30,123492,1,20,0,217.0
10110077NASCIMENTOW_2026-01-30_G29,10110077NASCIMENTOW,2026-01-30,120008,1,17,0,377.0
10110077NASCIMENTOW_2026-01-30_G30,10110077NASCIMENTOW,2026-01-30,122962,1,20,0,212.0
10110077NASCIMENTOW_2026-01-30_G32,10110077NASCIMENTOW,2026-01-30,122671,1,18,0,657.0
10110077NASCIMENTOW_2026-01-30_G33,10110077NASCIMENTOW,2026-01-30,123492,1,14,0,279.0
10110077NASCIMENTOW_2026-01-31_G02,10110077NASCIMENTOW,2026-01-31,181057,1,4,0,256.0
10110077NASCIMENTOW_2026-01-31_G03,10110077NASCIMENTOW,2026-01-31,122962,1,16,0,201.0
10110077NASCIMENTOW_2026-01-31_G04,10110077NASCIMENTOW,2026-01-31,122981,1,10,0,177.0
10110077NASCIMENTOW_2026-01-31_G05,10110077NASCIMENTOW,2026-01-31,121760,1,7,0,253.0
10110077NASCIMENTOW_2026-01-31_G06,10110077NASCIMENTOW,2026-01-31,121760,1,7,0,210.0
10110077NASCIMENTOW_2026-01-31_G07,10110077NASCIMENTOW,2026-01-31,122984,1,30,0,778.0
10110077NASCIMENTOW_2026-01-31_G08,10110077NASCIMENTOW,2026-01-31,123561,1,12,0,192.0
10110077NASCIMENTOW_2026-01-31_G09,10110077NASCIMENTOW,2026-01-31,122673,1,16,0,587.0
10110077NASCIMENTOW_2026-01-31_G10,10110077NASCIMENTOW,2026-01-31,122703,1,4,0,471.0
10110077NASCIMENTOW_2026-01-31_G11,10110077NASCIMENTOW,2026-01-31,122703,1,10,0,166.0
10110077NASCIMENTOW_2026-01-31_G12,10110077NASCIMENTOW,2026-01-31,123909,1,2,0,147.0
10110077NASCIMENTOW_2026-01-31_G13,10110077NASCIMENTOW,2026-01-31,122962,1,20,0,417.0
10110077NASCIMENTOW_2026-01-31_G14,10110077NASCIMENTOW,2026-01-31,120028,1,30,0,483.0
10110077NASCIMENTOW_2026-01-31_G15,10110077NASCIMENTOW,2026-01-31,124486,1,12,0,3325.0
10110077NASCIMENTOW_2026-01-31_G16,10110077NASCIMENTOW,2026-01-31,122962,1,20,0,693.0
10110077NASCIMENTOW_2026-01-31_G17,10110077NASCIMENTOW,2026-01-31,122962,1,30,0,718.0
10110077NASCIMENTOW_2026-01-31_G18,10110077NASCIMENTOW,2026-01-31,122982,1,4,0,164.0
10110077NASCIMENTOW_2026-01-31_G19,10110077NASCIMENTOW,2026-01-31,180094,1,2,0,483.0
10110077NASCIMENTOW_2026-01-31_G20,10110077NASCIMENTOW,2026-01-31,124433,1,20,0,807.0
10110077NASCIMENTOW_2026-01-31_G21,10110077NASCIMENTOW,2026-01-31,124475,1,7,0,141.0
10110077NASCIMENTOW_2026-01-31_G22,10110077NASCIMENTOW,2026-01-31,124370,1,1,0,658.0
10110077NASCIMENTOW_2026-01-31_G23,10110077NASCIMENTOW,2026-01-31,122962,1,6,0,173.0
10110077NASCIMENTOW_2026-01-31_G24,10110077NASCIMENTOW,2026-01-31,124370,1,1,0,73.0
10110077NASCIMENTOW_2026-01-31_G25,10110077NASCIMENTOW,2026-01-31,124486,1,2,0,82.0
10110077NASCIMENTOW_2026-01-31_G26,10110077NASCIMENTOW,2026-01-31,124475,1,2,0,105.0
10110077NASCIMENTOW_2026-01-31_G27,10110077NASCIMENTOW,2026-01-31,181052,1,1,0,184.0
10110077NASCIMENTOW_2026-01-31_G28,10110077NASCIMENTOW,2026-01-31,181052,1,1,0,431.0
10110077NASCIMENTOW_2026-01-31_G29,10110077NASCIMENTOW,2026-01-31,181052,2,2,26,56.0
10110077NASCIMENTOW_2026-01-31_G30,10110077NASCIMENTOW,2026-01-31,122647,1,1,0,279.0
10110077NASCIMENTOW_2026-01-31_G31,10110077NASCIMENTOW,2026-01-31,122671,1,2,0,215.0
10110077NASCIMENTOW_2026-01-31_G32,10110077NASCIMENTOW,2026-01-31,122962,1,1,0,54.0
10110077NASCIMENTOW_2026-01-31_G33,10110077NASCIMENTOW,2026-01-31,122673,1,4,0,158.0
10110077NASCIMENTOW_2026-01-31_G34,10110077NASCIMENTOW,2026-01-31,122673,1,4,0,244.0
10110077NASCIMENTOW_2026-01-31_G35,10110077NASCIMENTOW,2026-01-31,122671,1,2,0,61.0
10110077NASCIMENTOW_2026-01-31_G36,10110077NASCIMENTOW,2026-01-31,122962,1,1,0,105.0
10110077NASCIMENTOW_2026-01-31_G37,10110077NASCIMENTOW,2026-01-31,122647,1,1,0,217.0
10110077NASCIMENTOW_2026-01-31_G39,10110077NASCIMENTOW,2026-01-31,123343,2,6,14,114.0
10110077NASCIMENTOW_2026-02-04_G02,10110077NASCIMENTOW,2026-02-04,122962,1,250,0,3058.0
10110077NASCIMENTOW_2026-02-05_G02,10110077NASCIMENTOW,2026-02-05,121760,1,4,0,384.0
10110077NASCIMENTOW_2026-02-05_G03,10110077NASCIMENTOW,2026-02-05,123343,1,7,0,672.0
10110077NASCIMENTOW_2026-02-05_G04,10110077NASCIMENTOW,2026-02-05,120028,1,8,0,269.0
10110077NASCIMENTOW_2026-02-05_G05,10110077NASCIMENTOW,2026-02-05,123345,1,2,0,238.0
10110077NASCIMENTOW_2026-02-05_G06,10110077NASCIMENTOW,2026-02-05,124248,1,32,0,838.0
10110077NASCIMENTOW_2026-02-05_G07,10110077NASCIMENTOW,2026-02-05,122962,1,20,0,504.0
10110077NASCIMENTOW_2026-02-05_G08,10110077NASCIMENTOW,2026-02-05,124486,1,30,0,585.0
10110077NASCIMENTOW_2026-02-05_G09,10110077NASCIMENTOW,2026-02-05,123313,1,4,0,319.0
10110077NASCIMENTOW_2026-02-05_G10,10110077NASCIMENTOW,2026-02-05,123343,1,3,0,141.0
10110077NASCIMENTOW_2026-02-05_G11,10110077NASCIMENTOW,2026-02-05,123889,1,10,0,436.0
10110077NASCIMENTOW_2026-02-05_G12,10110077NASCIMENTOW,2026-02-05,124483,1,6,0,450.0
10110077NASCIMENTOW_2026-02-05_G13,10110077NASCIMENTOW,2026-02-05,123153,1,10,0,279.0
10110077NASCIMENTOW_2026-02-05_G14,10110077NASCIMENTOW,2026-02-05,123889,1,2,0,140.0
10110077NASCIMENTOW_2026-02-05_G15,10110077NASCIMENTOW,2026-02-05,123153,1,8,0,287.0
10110077NASCIMENTOW_2026-02-05_G16,10110077NASCIMENTOW,2026-02-05,124486,1,10,0,146.0
10110077NASCIMENTOW_2026-02-05_G17,10110077NASCIMENTOW,2026-02-05,122983,1,1,0,85.0
10110077NASCIMENTOW_2026-02-05_G18,10110077NASCIMENTOW,2026-02-05,122647,1,8,0,147.0
10110077NASCIMENTOW_2026-02-05_G19,10110077NASCIMENTOW,2026-02-05,123343,1,30,0,1536.0
10110077NASCIMENTOW_2026-02-05_G20,10110077NASCIMENTOW,2026-02-05,122671,1,8,0,225.0
10110077NASCIMENTOW_2026-02-05_G21,10110077NASCIMENTOW,2026-02-05,122962,1,26,0,945.0
10110077NASCIMENTOW_2026-02-05_G22,10110077NASCIMENTOW,2026-02-05,124486,1,17,0,605.0
10110077NASCIMENTOW_2026-02-05_G23,10110077NASCIMENTOW,2026-02-05,124548,1,50,0,1433.0
10110077NASCIMENTOW_2026-02-05_G24,10110077NASCIMENTOW,2026-02-05,122984,1,50,0,1040.0
10110077NASCIMENTOW_2026-02-05_G26,10110077NASCIMENTOW,2026-02-05,124248,1,34,0,521.0
10110077NASCIMENTOW_2026-02-06_G03,10110077NASCIMENTOW,2026-02-06,120028,1,64,0,946.0
10110077NASCIMENTOW_2026-02-06_G04,10110077NASCIMENTOW,2026-02-06,122647,1,20,0,475.0
10110077NASCIMENTOW_2026-02-06_G05,10110077NASCIMENTOW,2026-02-06,123344,1,2,0,98.0
10110077NASCIMENTOW_2026-02-06_G06,10110077NASCIMENTOW,2026-02-06,124475,1,4,0,266.0
10110077NASCIMENTOW_2026-02-06_G07,10110077NASCIMENTOW,2026-02-06,124475,1,4,0,310.0
10110077NASCIMENTOW_2026-02-06_G08,10110077NASCIMENTOW,2026-02-06,122962,1,60,0,1098.0
10110077NASCIMENTOW_2026-02-06_G09,10110077NASCIMENTOW,2026-02-06,120339,1,10,0,482.0
10110077NASCIMENTOW_2026-02-06_G11,10110077NASCIMENTOW,2026-02-06,123343,1,2,0,252.0
10110077NASCIMENTOW_2026-02-06_G12,10110077NASCIMENTOW,2026-02-06,124486,1,2,0,60.0
10110077NASCIMENTOW_2026-02-06_G13,10110077NASCIMENTOW,2026-02-06,123909,1,2,0,152.0
10110077NASCIMENTOW_2026-02-06_G14,10110077NASCIMENTOW,2026-02-06,124247,1,2,0,98.0
10110077NASCIMENTOW_2026-02-06_G15,10110077NASCIMENTOW,2026-02-06,123345,1,2,0,401.0
10110077NASCIMENTOW_2026-02-06_G16,10110077NASCIMENTOW,2026-02-06,120339,1,4,0,288.0
10110077NASCIMENTOW_2026-02-06_G17,10110077NASCIMENTOW,2026-02-06,122185,1,2,0,103.0
10110077NASCIMENTOW_2026-02-06_G18,10110077NASCIMENTOW,2026-02-06,123345,1,30,0,558.0
10110077NASCIMENTOW_2026-02-06_G19,10110077NASCIMENTOW,2026-02-06,123345,1,8,0,166.0
10110077NASCIMENTOW_2026-02-06_G20,10110077NASCIMENTOW,2026-02-06,120008,1,8,0,293.0
10110077NASCIMENTOW_2026-02-06_G21,10110077NASCIMENTOW,2026-02-06,122984,1,8,0,141.0
10110077NASCIMENTOW_2026-02-06_G22,10110077NASCIMENTOW,2026-02-06,124248,1,4,0,350.0
10110077NASCIMENTOW_2026-02-06_G23,10110077NASCIMENTOW,2026-02-06,123822,1,150,0,594.0
10110077NASCIMENTOW_2026-02-06_G24,10110077NASCIMENTOW,2026-02-06,120008,1,24,0,447.0
10110077NASCIMENTOW_2026-02-06_G25,10110077NASCIMENTOW,2026-02-06,124486,1,46,0,823.0
10110077NASCIMENTOW_2026-02-06_G26,10110077NASCIMENTOW,2026-02-06,122962,1,52,0,1172.0
10110077NASCIMENTOW_2026-02-06_G27,10110077NASCIMENTOW,2026-02-06,124486,1,21,0,392.0
10110077NASCIMENTOW_2026-02-07_G02,10110077NASCIMENTOW,2026-02-07,124624,1,4,0,85.0
10110077NASCIMENTOW_2026-02-07_G03,10110077NASCIMENTOW,2026-02-07,124594,1,4,0,288.0
10110077NASCIMENTOW_2026-02-07_G04,10110077NASCIMENTOW,2026-02-07,123889,1,4,0,540.0
10110077NASCIMENTOW_2026-02-07_G05,10110077NASCIMENTOW,2026-02-07,122962,1,87,0,1514.0
10110077NASCIMENTOW_2026-02-07_G06,10110077NASCIMENTOW,2026-02-07,122962,1,3,0,62.0
10110077NASCIMENTOW_2026-02-07_G07,10110077NASCIMENTOW,2026-02-07,124370,1,70,0,1970.0
10110077NASCIMENTOW_2026-02-07_G08,10110077NASCIMENTOW,2026-02-07,123153,1,8,0,1166.0
10110077NASCIMENTOW_2026-02-07_G09,10110077NASCIMENTOW,2026-02-07,123909,1,40,0,1123.0
10110077NASCIMENTOW_2026-02-07_G10,10110077NASCIMENTOW,2026-02-07,124486,1,90,0,1769.0
10110077NASCIMENTOW_2026-02-07_G11,10110077NASCIMENTOW,2026-02-07,124370,1,32,0,822.0
10110077NASCIMENTOW_2026-02-07_G12,10110077NASCIMENTOW,2026-02-07,123345,1,40,0,1488.0
10110077NASCIMENTOW_2026-02-07_G13,10110077NASCIMENTOW,2026-02-07,121651,1,30,0,1915.0
10110077NASCIMENTOW_2026-02-07_G14,10110077NASCIMENTOW,2026-02-07,122962,1,80,0,1614.0
10110077NASCIMENTOW_2026-02-07_G16,10110077NASCIMENTOW,2026-02-07,122983,1,60,0,1324.0
10110077NASCIMENTOW_2026-02-07_G17,10110077NASCIMENTOW,2026-02-07,122647,1,7,0,2419.0
10110077NASCIMENTOW_2026-02-07_G18,10110077NASCIMENTOW,2026-02-07,122962,1,4,0,305.0
10110077NASCIMENTOW_2026-02-07_G19,10110077NASCIMENTOW,2026-02-07,124624,1,8,0,289.0
10110077NASCIMENTOW_2026-02-07_G20,10110077NASCIMENTOW,2026-02-07,124594,1,6,0,320.0
10110077NASCIMENTOW_2026-02-07_G21,10110077NASCIMENTOW,2026-02-07,124624,1,11,0,463.0
10110077NASCIMENTOW_2026-02-07_G22,10110077NASCIMENTOW,2026-02-07,124594,1,2,0,295.0
10110077NASCIMENTOW_2026-02-07_G23,10110077NASCIMENTOW,2026-02-07,123822,1,40,0,900.0
10110077NASCIMENTOW_2026-02-09_G02,10110077NASCIMENTOW,2026-02-09,123344,1,2,0,241.0
10110077NASCIMENTOW_2026-02-09_G03,10110077NASCIMENTOW,2026-02-09,123344,1,2,0,77.0
10110077NASCIMENTOW_2026-02-09_G04,10110077NASCIMENTOW,2026-02-09,124264,1,100,0,2201.0
10110077NASCIMENTOW_2026-02-09_G06,10110077NASCIMENTOW,2026-02-09,121760,1,16,0,759.0
10110077NASCIMENTOW_2026-02-09_G07,10110077NASCIMENTOW,2026-02-09,122983,1,36,0,1299.0
10110077NASCIMENTOW_2026-02-09_G08,10110077NASCIMENTOW,2026-02-09,122983,1,20,0,402.0
10110077NASCIMENTOW_2026-02-09_G09,10110077NASCIMENTOW,2026-02-09,122983,1,50,0,1142.0
10110077NASCIMENTOW_2026-02-09_G10,10110077NASCIMENTOW,2026-02-09,124370,1,8,0,196.0
10110077NASCIMENTOW_2026-02-09_G11,10110077NASCIMENTOW,2026-02-09,124475,1,40,0,1414.0
10110077NASCIMENTOW_2026-02-09_G12,10110077NASCIMENTOW,2026-02-09,124475,1,7,0,840.0
10110077NASCIMENTOW_2026-02-09_G13,10110077NASCIMENTOW,2026-02-09,123313,1,20,0,296.0
10110077NASCIMENTOW_2026-02-09_G14,10110077NASCIMENTOW,2026-02-09,123343,1,2,0,776.0
10110077NASCIMENTOW_2026-02-09_G15,10110077NASCIMENTOW,2026-02-09,123343,1,2,0,34.0
10110077NASCIMENTOW_2026-02-09_G16,10110077NASCIMENTOW,2026-02-09,123345,1,6,0,127.0
10110077NASCIMENTOW_2026-02-09_G17,10110077NASCIMENTOW,2026-02-09,123822,1,5,0,294.0
10110077NASCIMENTOW_2026-02-09_G18,10110077NASCIMENTOW,2026-02-09,122984,1,8,0,185.0
10110077NASCIMENTOW_2026-02-09_G19,10110077NASCIMENTOW,2026-02-09,122986,1,6,0,200.0
10110077NASCIMENTOW_2026-02-09_G20,10110077NASCIMENTOW,2026-02-09,124594,1,4,0,175.0
10110077NASCIMENTOW_2026-02-09_G21,10110077NASCIMENTOW,2026-02-09,122962,1,1,0,97.0
10110077NASCIMENTOW_2026-02-09_G22,10110077NASCIMENTOW,2026-02-09,123909,1,4,0,192.0
10110077NASCIMENTOW_2026-02-09_G24,10110077NASCIMENTOW,2026-02-09,124248,1,1,0,62.0
10110077NASCIMENTOW_2026-02-09_G25,10110077NASCIMENTOW,2026-02-09,120389,1,4,0,220.0
10110077NASCIMENTOW_2026-02-09_G26,10110077NASCIMENTOW,2026-02-09,122962,1,30,0,549.0
10110077NASCIMENTOW_2026-02-09_G27,10110077NASCIMENTOW,2026-02-09,123909,1,10,0,319.0
10110077NASCIMENTOW_2026-02-09_G28,10110077NASCIMENTOW,2026-02-09,122962,1,68,0,1247.0
10110077NASCIMENTOW_2026-02-09_G29,10110077NASCIMENTOW,2026-02-09,120028,1,50,0,857.0
10110077NASCIMENTOW_2026-02-09_G30,10110077NASCIMENTOW,2026-02-09,124486,1,22,0,832.0
10110077NASCIMENTOW_2026-02-09_G31,10110077NASCIMENTOW,2026-02-09,120339,1,2,0,398.0
10110077NASCIMENTOW_2026-02-09_G32,10110077NASCIMENTOW,2026-02-09,124486,1,30,0,1035.0
10110077NASCIMENTOW_2026-02-09_G33,10110077NASCIMENTOW,2026-02-09,120389,1,2,0,183.0
10110077NASCIMENTOW_2026-02-09_G34,10110077NASCIMENTOW,2026-02-09,122962,1,8,0,141.0
10110077NASCIMENTOW_2026-02-09_G35,10110077NASCIMENTOW,2026-02-09,123822,1,4,0,96.0
10110077NASCIMENTOW_2026-02-09_G36,10110077NASCIMENTOW,2026-02-09,122962,1,32,0,750.0
10110077NASCIMENTOW_2026-02-10_G02,10110077NASCIMENTOW,2026-02-10,124548,1,14,0,1158.0
10110077NASCIMENTOW_2026-02-10_G03,10110077NASCIMENTOW,2026-02-10,124475,1,10,0,236.0
10110077NASCIMENTOW_2026-02-10_G04,10110077NASCIMENTOW,2026-02-10,124548,1,12,0,384.0
10110077NASCIMENTOW_2026-02-10_G05,10110077NASCIMENTOW,2026-02-10,124486,1,90,0,2067.0
10110077NASCIMENTOW_2026-02-10_G06,10110077NASCIMENTOW,2026-02-10,123822,1,57,0,1035.0
10110077NASCIMENTOW_2026-02-10_G07,10110077NASCIMENTOW,2026-02-10,123343,1,2,0,530.0
10110077NASCIMENTOW_2026-02-10_G08,10110077NASCIMENTOW,2026-02-10,123345,1,4,0,217.0
10110077NASCIMENTOW_2026-02-10_G09,10110077NASCIMENTOW,2026-02-10,123344,1,11,0,877.0
10110077NASCIMENTOW_2026-02-10_G10,10110077NASCIMENTOW,2026-02-10,121651,1,2,0,561.0
10110077NASCIMENTOW_2026-02-10_G11,10110077NASCIMENTOW,2026-02-10,124370,1,2,0,94.0
10110077NASCIMENTOW_2026-02-10_G12,10110077NASCIMENTOW,2026-02-10,124247,1,12,0,269.0
10110077NASCIMENTOW_2026-02-10_G13,10110077NASCIMENTOW,2026-02-10,122962,1,40,0,1360.0
10110077NASCIMENTOW_2026-02-10_G14,10110077NASCIMENTOW,2026-02-10,122962,1,12,0,264.0
10110077NASCIMENTOW_2026-02-10_G15,10110077NASCIMENTOW,2026-02-10,124486,1,10,0,282.0
10110077NASCIMENTOW_2026-02-10_G16,10110077NASCIMENTOW,2026-02-10,124264,1,60,0,1434.0
10110077NASCIMENTOW_2026-02-10_G17,10110077NASCIMENTOW,2026-02-10,122671,1,16,0,1995.0
10110077NASCIMENTOW_2026-02-10_G18,10110077NASCIMENTOW,2026-02-10,122962,1,30,0,419.0
10110077NASCIMENTOW_2026-02-10_G19,10110077NASCIMENTOW,2026-02-10,124486,1,30,0,538.0
10110077NASCIMENTOW_2026-02-10_G20,10110077NASCIMENTOW,2026-02-10,123822,1,40,0,901.0
10110077NASCIMENTOW_2026-02-10_G21,10110077NASCIMENTOW,2026-02-10,124486,1,4,0,122.0
10110077NASCIMENTOW_2026-02-10_G22,10110077NASCIMENTOW,2026-02-10,123343,1,2,0,205.0
10110077NASCIMENTOW_2026-02-10_G23,10110077NASCIMENTOW,2026-02-10,120339,1,16,0,343.0
10110077NASCIMENTOW_2026-02-10_G24,10110077NASCIMENTOW,2026-02-10,122962,1,4,0,72.0
10110077NASCIMENTOW_2026-02-10_G25,10110077NASCIMENTOW,2026-02-10,122984,1,40,0,606.0
10110077NASCIMENTOW_2026-02-10_G27,10110077NASCIMENTOW,2026-02-10,122185,1,40,0,875.0
10110077NASCIMENTOW_2026-02-10_G28,10110077NASCIMENTOW,2026-02-10,122962,1,6,0,270.0
10110077NASCIMENTOW_2026-02-10_G29,10110077NASCIMENTOW,2026-02-10,124486,1,2,0,125.0
10110077NASCIMENTOW_2026-02-10_G30,10110077NASCIMENTOW,2026-02-10,124486,1,24,0,335.0
10110077NASCIMENTOW_2026-02-10_G31,10110077NASCIMENTOW,2026-02-10,122984,1,9,0,976.0
10110077NASCIMENTOW_2026-02-10_G32,10110077NASCIMENTOW,2026-02-10,122983,1,8,0,323.0
10110077NASCIMENTOW_2026-02-10_G33,10110077NASCIMENTOW,2026-02-10,124370,1,10,0,692.0
10110077NASCIMENTOW_2026-02-10_G34,10110077NASCIMENTOW,2026-02-10,123343,1,4,0,227.0
10110077NASCIMENTOW_2026-02-10_G35,10110077NASCIMENTOW,2026-02-10,123344,1,4,0,1186.0
10110077NASCIMENTOW_2026-02-10_G36,10110077NASCIMENTOW,2026-02-10,122984,1,4,0,216.0
10110077NASCIMENTOW_2026-02-10_G37,10110077NASCIMENTOW,2026-02-10,122647,1,20,0,260.0
10110077NASCIMENTOW_2026-02-10_G38,10110077NASCIMENTOW,2026-02-10,124486,1,8,0,764.0
10110077NASCIMENTOW_2026-02-10_G39,10110077NASCIMENTOW,2026-02-10,123822,1,3,0,211.0
10110077NASCIMENTOW_2026-02-11_G02,10110077NASCIMENTOW,2026-02-11,122983,1,2,0,58.0
10110077NASCIMENTOW_2026-02-11_G03,10110077NASCIMENTOW,2026-02-11,122983,1,4,0,39.0
10110077NASCIMENTOW_2026-02-11_G04,10110077NASCIMENTOW,2026-02-11,122983,1,4,0,154.0
10110077NASCIMENTOW_2026-02-11_G05,10110077NASCIMENTOW,2026-02-11,122983,1,10,0,636.0
10110077NASCIMENTOW_2026-02-11_G06,10110077NASCIMENTOW,2026-02-11,122983,1,8,0,404.0
10110077NASCIMENTOW_2026-02-11_G07,10110077NASCIMENTOW,2026-02-11,124370,2,6,20,150.0
10110077NASCIMENTOW_2026-02-11_G08,10110077NASCIMENTOW,2026-02-11,123344,1,6,0,261.0
10110077NASCIMENTOW_2026-02-11_G09,10110077NASCIMENTOW,2026-02-11,122983,1,2,0,182.0
10110077NASCIMENTOW_2026-02-11_G10,10110077NASCIMENTOW,2026-02-11,124624,1,6,0,222.0
10110077NASCIMENTOW_2026-02-11_G11,10110077NASCIMENTOW,2026-02-11,123313,1,12,0,337.0
10110077NASCIMENTOW_2026-02-11_G12,10110077NASCIMENTOW,2026-02-11,123345,1,18,0,689.0
10110077NASCIMENTOW_2026-02-11_G13,10110077NASCIMENTOW,2026-02-11,123313,1,4,0,489.0
10110077NASCIMENTOW_2026-02-11_G14,10110077NASCIMENTOW,2026-02-11,122195,1,4,0,229.0
10110077NASCIMENTOW_2026-02-11_G15,10110077NASCIMENTOW,2026-02-11,124486,1,40,0,863.0
10110077NASCIMENTOW_2026-02-11_G16,10110077NASCIMENTOW,2026-02-11,123492,1,9,0,275.0
10110077NASCIMENTOW_2026-02-11_G17,10110077NASCIMENTOW,2026-02-11,120389,1,20,0,398.0
10110077NASCIMENTOW_2026-02-11_G18,10110077NASCIMENTOW,2026-02-11,122983,1,8,0,570.0
10110077NASCIMENTOW_2026-02-11_G19,10110077NASCIMENTOW,2026-02-11,123822,1,20,0,355.0
10110077NASCIMENTOW_2026-02-11_G20,10110077NASCIMENTOW,2026-02-11,122962,1,3,0,127.0
10110077NASCIMENTOW_2026-02-11_G21,10110077NASCIMENTOW,2026-02-11,124264,1,4,0,459.0
10110077NASCIMENTOW_2026-02-11_G22,10110077NASCIMENTOW,2026-02-11,124264,1,6,0,125.0
10110077NASCIMENTOW_2026-02-11_G23,10110077NASCIMENTOW,2026-02-11,180024,1,2,0,527.0
10110077NASCIMENTOW_2026-02-11_G24,10110077NASCIMENTOW,2026-02-11,180023,1,2,0,1308.0
10110077NASCIMENTOW_2026-02-11_G25,10110077NASCIMENTOW,2026-02-11,122962,1,2,0,1216.0
10110077NASCIMENTOW_2026-02-11_G26,10110077NASCIMENTOW,2026-02-11,124486,1,4,0,113.0
10110077NASCIMENTOW_2026-02-11_G27,10110077NASCIMENTOW,2026-02-11,122962,1,10,0,246.0
10110077NASCIMENTOW_2026-02-11_G28,10110077NASCIMENTOW,2026-02-11,123344,1,2,0,101.0
10110077NASCIMENTOW_2026-02-11_G29,10110077NASCIMENTOW,2026-02-11,122189,1,2,0,157.0
10110077NASCIMENTOW_2026-02-11_G30,10110077NASCIMENTOW,2026-02-11,120272,1,9,0,213.0
10110077NASCIMENTOW_2026-02-11_G31,10110077NASCIMENTOW,2026-02-11,122196,1,8,0,159.0
10110077NASCIMENTOW_2026-02-11_G32,10110077NASCIMENTOW,2026-02-11,124248,1,70,0,1345.0
10110077NASCIMENTOW_2026-02-11_G33,10110077NASCIMENTOW,2026-02-11,122962,1,2,0,55.0
10110077NASCIMENTOW_2026-02-11_G34,10110077NASCIMENTOW,2026-02-11,124486,1,1,0,138.0
10110077NASCIMENTOW_2026-02-11_G35,10110077NASCIMENTOW,2026-02-11,122962,1,4,0,123.0
10110077NASCIMENTOW_2026-02-11_G36,10110077NASCIMENTOW,2026-02-11,124486,1,2,0,136.0
10110077NASCIMENTOW_2026-02-11_G37,10110077NASCIMENTOW,2026-02-11,123343,1,2,0,170.0
10110077NASCIMENTOW_2026-02-11_G38,10110077NASCIMENTOW,2026-02-11,122962,1,6,0,123.0
10110077NASCIMENTOW_2026-02-11_G39,10110077NASCIMENTOW,2026-02-11,124486,1,18,0,319.0
10110077NASCIMENTOW_2026-02-11_G40,10110077NASCIMENTOW,2026-02-11,124486,1,8,0,248.0
10110077NASCIMENTOW_2026-02-11_G41,10110077NASCIMENTOW,2026-02-11,124548,1,31,0,1055.0
10110077NASCIMENTOW_2026-02-11_G43,10110077NASCIMENTOW,2026-02-11,122982,1,20,0,508.0
10110077NASCIMENTOW_2026-02-11_G44,10110077NASCIMENTOW,2026-02-11,123345,1,10,0,465.0
10110077NASCIMENTOW_2026-02-11_G45,10110077NASCIMENTOW,2026-02-11,124594,1,6,0,287.0
10110077NASCIMENTOW_2026-02-11_G46,10110077NASCIMENTOW,2026-02-11,122962,1,8,0,190.0
10110077NASCIMENTOW_2026-02-11_G47,10110077NASCIMENTOW,2026-02-11,122962,1,16,0,258.0
10110077NASCIMENTOW_2026-02-11_G48,10110077NASCIMENTOW,2026-02-11,122647,1,10,0,591.0
10110077NASCIMENTOW_2026-02-11_G49,10110077NASCIMENTOW,2026-02-11,122962,1,69,0,1542.0
10110077NASCIMENTOW_2026-02-11_G50,10110077NASCIMENTOW,2026-02-11,120028,1,31,0,451.0
10110077NASCIMENTOW_2026-02-11_G51,10110077NASCIMENTOW,2026-02-11,122185,1,2,0,110.0
10110077NASCIMENTOW_2026-02-11_G52,10110077NASCIMENTOW,2026-02-11,122984,1,8,0,208.0
10110077NASCIMENTOW_2026-02-11_G53,10110077NASCIMENTOW,2026-02-11,120008,1,53,0,1357.0
10110077NASCIMENTOW_2026-02-12_G02,10110077NASCIMENTOW,2026-02-12,124486,1,13,0,1076.0
10110077NASCIMENTOW_2026-02-12_G03,10110077NASCIMENTOW,2026-02-12,122671,1,10,0,128.0
10110077NASCIMENTOW_2026-02-12_G04,10110077NASCIMENTOW,2026-02-12,122962,1,6,0,130.0
10110077NASCIMENTOW_2026-02-12_G05,10110077NASCIMENTOW,2026-02-12,123909,1,12,0,538.0
10110077NASCIMENTOW_2026-02-12_G06,10110077NASCIMENTOW,2026-02-12,123520,1,2,0,87.0
10110077NASCIMENTOW_2026-02-12_G07,10110077NASCIMENTOW,2026-02-12,124486,1,10,0,199.0
10110077NASCIMENTOW_2026-02-12_G08,10110077NASCIMENTOW,2026-02-12,123345,1,5,0,294.0
10110077NASCIMENTOW_2026-02-12_G09,10110077NASCIMENTOW,2026-02-12,181052,1,1,0,1211.0
10110077NASCIMENTOW_2026-02-12_G10,10110077NASCIMENTOW,2026-02-12,181052,2,2,30,52.0
10110077NASCIMENTOW_2026-02-12_G11,10110077NASCIMENTOW,2026-02-12,181052,10,10,97,36.0
10110077NASCIMENTOW_2026-02-12_G12,10110077NASCIMENTOW,2026-02-12,181052,1,1,0,72.0
10110077NASCIMENTOW_2026-02-12_G13,10110077NASCIMENTOW,2026-02-12,181057,1,13,0,1567.0
10110077NASCIMENTOW_2026-02-12_G14,10110077NASCIMENTOW,2026-02-12,181052,1,6,0,236.0
10110077NASCIMENTOW_2026-02-12_G16,10110077NASCIMENTOW,2026-02-12,123153,1,4,0,539.0
10110077NASCIMENTOW_2026-02-12_G17,10110077NASCIMENTOW,2026-02-12,120389,1,30,0,535.0
10110077NASCIMENTOW_2026-02-12_G18,10110077NASCIMENTOW,2026-02-12,121760,1,6,0,942.0
10110077NASCIMENTOW_2026-02-12_G19,10110077NASCIMENTOW,2026-02-12,123909,1,60,0,1312.0
10110077NASCIMENTOW_2026-02-12_G21,10110077NASCIMENTOW,2026-02-12,124247,1,2,0,293.0
10110077NASCIMENTOW_2026-02-12_G22,10110077NASCIMENTOW,2026-02-12,122986,1,30,0,1301.0
10110077NASCIMENTOW_2026-02-12_G23,10110077NASCIMENTOW,2026-02-12,123345,1,8,0,177.0
10110077NASCIMENTOW_2026-02-12_G24,10110077NASCIMENTOW,2026-02-12,123520,1,12,0,418.0
10110077NASCIMENTOW_2026-02-12_G25,10110077NASCIMENTOW,2026-02-12,123313,1,8,0,243.0
10110077NASCIMENTOW_2026-02-12_G26,10110077NASCIMENTOW,2026-02-12,123345,1,2,0,182.0
10110077NASCIMENTOW_2026-02-12_G27,10110077NASCIMENTOW,2026-02-12,123343,1,8,0,286.0
10110077NASCIMENTOW_2026-02-12_G28,10110077NASCIMENTOW,2026-02-12,124486,1,2,0,146.0
10110077NASCIMENTOW_2026-02-12_G29,10110077NASCIMENTOW,2026-02-12,122984,1,4,0,998.0
10110077NASCIMENTOW_2026-02-12_G30,10110077NASCIMENTOW,2026-02-12,122986,1,12,0,320.0
10110077NASCIMENTOW_2026-02-12_G31,10110077NASCIMENTOW,2026-02-12,122967,1,3,0,284.0
10110077NASCIMENTOW_2026-02-12_G32,10110077NASCIMENTOW,2026-02-12,123344,1,14,0,519.0
10110077NASCIMENTOW_2026-02-12_G33,10110077NASCIMENTOW,2026-02-12,121651,1,3,0,195.0
10110077NASCIMENTOW_2026-02-12_G34,10110077NASCIMENTOW,2026-02-12,124247,1,12,0,419.0
10110077NASCIMENTOW_2026-02-12_G35,10110077NASCIMENTOW,2026-02-12,121760,1,2,0,204.0
10110077NASCIMENTOW_2026-02-12_G36,10110077NASCIMENTOW,2026-02-12,121760,1,6,0,245.0
10110077NASCIMENTOW_2026-02-13_G02,10110077NASCIMENTOW,2026-02-13,124624,1,6,0,821.0
10110077NASCIMENTOW_2026-02-13_G03,10110077NASCIMENTOW,2026-02-13,122988,1,6,0,268.0
10110077NASCIMENTOW_2026-02-13_G04,10110077NASCIMENTOW,2026-02-13,124486,1,150,0,2491.0
10110077NASCIMENTOW_2026-02-13_G05,10110077NASCIMENTOW,2026-02-13,124486,1,18,0,397.0
10110077NASCIMENTOW_2026-02-13_G06,10110077NASCIMENTOW,2026-02-13,123344,1,3,0,257.0
10110077NASCIMENTOW_2026-02-13_G07,10110077NASCIMENTOW,2026-02-13,122703,1,4,0,167.0
10110077NASCIMENTOW_2026-02-13_G08,10110077NASCIMENTOW,2026-02-13,121760,1,4,0,202.0
10110077NASCIMENTOW_2026-02-13_G09,10110077NASCIMENTOW,2026-02-13,124371,1,5,0,256.0
10110077NASCIMENTOW_2026-02-13_G10,10110077NASCIMENTOW,2026-02-13,123345,1,2,0,196.0
10110077NASCIMENTOW_2026-02-13_G11,10110077NASCIMENTOW,2026-02-13,123343,1,14,0,703.0
10110077NASCIMENTOW_2026-02-13_G12,10110077NASCIMENTOW,2026-02-13,124371,1,2,0,68.0
10110077NASCIMENTOW_2026-02-13_G13,10110077NASCIMENTOW,2026-02-13,122984,1,20,0,609.0
10110077NASCIMENTOW_2026-02-14_G02,10110077NASCIMENTOW,2026-02-14,123345,1,13,0,852.0
10110077NASCIMENTOW_2026-02-14_G03,10110077NASCIMENTOW,2026-02-14,123560,1,6,0,334.0
10110077NASCIMENTOW_2026-02-14_G04,10110077NASCIMENTOW,2026-02-14,123344,1,17,0,633.0
10110077NASCIMENTOW_2026-02-14_G05,10110077NASCIMENTOW,2026-02-14,122962,1,20,0,374.0
10110077NASCIMENTOW_2026-02-14_G06,10110077NASCIMENTOW,2026-02-14,122703,1,4,0,194.0
10110077NASCIMENTOW_2026-02-14_G07,10110077NASCIMENTOW,2026-02-14,121651,1,5,0,177.0
10110077NASCIMENTOW_2026-02-14_G08,10110077NASCIMENTOW,2026-02-14,124476,1,9,0,149.0
10110077NASCIMENTOW_2026-02-14_G09,10110077NASCIMENTOW,2026-02-14,122984,1,6,0,203.0
10110077NASCIMENTOW_2026-02-14_G10,10110077NASCIMENTOW,2026-02-14,123909,1,4,0,180.0
10110077NASCIMENTOW_2026-02-14_G11,10110077NASCIMENTOW,2026-02-14,122968,1,8,0,178.0
10110077NASCIMENTOW_2026-02-14_G12,10110077NASCIMENTOW,2026-02-14,124486,1,12,0,210.0
10110077NASCIMENTOW_2026-02-14_G13,10110077NASCIMENTOW,2026-02-14,122962,1,36,0,681.0
10110077NASCIMENTOW_2026-02-14_G14,10110077NASCIMENTOW,2026-02-14,124486,1,30,0,518.0
10110077NASCIMENTOW_2026-02-14_G15,10110077NASCIMENTOW,2026-02-14,122962,1,4,0,159.0
10110077NASCIMENTOW_2026-02-14_G16,10110077NASCIMENTOW,2026-02-14,123343,1,8,0,933.0
10110077NASCIMENTOW_2026-02-14_G17,10110077NASCIMENTOW,2026-02-14,120389,1,8,0,77.0
10110077NASCIMENTOW_2026-02-14_G19,10110077NASCIMENTOW,2026-02-14,122962,1,40,0,517.0
10110077NASCIMENTOW_2026-02-14_G20,10110077NASCIMENTOW,2026-02-14,124486,1,65,0,1383.0
10110077NASCIMENTOW_2026-02-14_G21,10110077NASCIMENTOW,2026-02-14,122981,1,5,0,193.0
10110077NASCIMENTOW_2026-02-14_G22,10110077NASCIMENTOW,2026-02-14,122703,1,3,0,110.0
10110077NASCIMENTOW_2026-02-14_G23,10110077NASCIMENTOW,2026-02-14,124371,1,30,0,546.0
10110077NASCIMENTOW_2026-02-14_G24,10110077NASCIMENTOW,2026-02-14,124624,1,2,0,316.0
10110077NASCIMENTOW_2026-02-14_G25,10110077NASCIMENTOW,2026-02-14,122962,1,2,0,152.0
10110077NASCIMENTOW_2026-02-14_G26,10110077NASCIMENTOW,2026-02-14,124486,1,23,0,292.0
10110077NASCIMENTOW_2026-02-16_G02,10110077NASCIMENTOW,2026-02-16,124486,1,8,0,112.0
10110077NASCIMENTOW_2026-02-16_G03,10110077NASCIMENTOW,2026-02-16,124486,1,39,0,530.0
10110077NASCIMENTOW_2026-02-16_G04,10110077NASCIMENTOW,2026-02-16,123822,1,32,0,741.0
10110077NASCIMENTOW_2026-02-16_G05,10110077NASCIMENTOW,2026-02-16,122988,1,4,0,232.0
10110077NASCIMENTOW_2026-02-16_G06,10110077NASCIMENTOW,2026-02-16,124624,1,3,0,268.0
10110077NASCIMENTOW_2026-02-16_G07,10110077NASCIMENTOW,2026-02-16,124624,1,17,0,950.0
10110077NASCIMENTOW_2026-02-16_G08,10110077NASCIMENTOW,2026-02-16,123343,1,16,0,770.0
10110077NASCIMENTOW_2026-02-16_G09,10110077NASCIMENTOW,2026-02-16,120339,1,10,0,868.0
10110077NASCIMENTOW_2026-02-16_G10,10110077NASCIMENTOW,2026-02-16,122185,1,25,0,185.0
10110077NASCIMENTOW_2026-02-16_G11,10110077NASCIMENTOW,2026-02-16,120339,1,16,0,249.0
10110077NASCIMENTOW_2026-02-16_G12,10110077NASCIMENTOW,2026-02-16,123345,1,7,0,1065.0
10110077NASCIMENTOW_2026-02-16_G13,10110077NASCIMENTOW,2026-02-16,122185,1,17,0,452.0
10110077NASCIMENTOW_2026-02-16_G14,10110077NASCIMENTOW,2026-02-16,122984,1,233,0,3416.0
10110077NASCIMENTOW_2026-02-16_G15,10110077NASCIMENTOW,2026-02-16,120339,1,6,0,1335.0
10110077NASCIMENTOW_2026-02-16_G16,10110077NASCIMENTOW,2026-02-16,124247,1,6,0,134.0
10110077NASCIMENTOW_2026-02-16_G17,10110077NASCIMENTOW,2026-02-16,123153,1,2,0,182.0
10110077NASCIMENTOW_2026-02-16_G18,10110077NASCIMENTOW,2026-02-16,123153,1,9,0,97.0
10110077NASCIMENTOW_2026-02-16_G19,10110077NASCIMENTOW,2026-02-16,123343,1,4,0,259.0
10110077NASCIMENTOW_2026-02-16_G21,10110077NASCIMENTOW,2026-02-16,123909,1,19,0,806.0
10110077NASCIMENTOW_2026-02-16_G22,10110077NASCIMENTOW,2026-02-16,123344,1,2,0,591.0
10110077NASCIMENTOW_2026-02-16_G23,10110077NASCIMENTOW,2026-02-16,124264,1,14,0,315.0
10110077NASCIMENTOW_2026-02-16_G24,10110077NASCIMENTOW,2026-02-16,121651,1,2,0,147.0
10110077NASCIMENTOW_2026-02-16_G25,10110077NASCIMENTOW,2026-02-16,123521,1,12,0,172.0
10110077NASCIMENTOW_2026-02-16_G26,10110077NASCIMENTOW,2026-02-16,124486,1,20,0,457.0
10110077NASCIMENTOW_2026-02-16_G27,10110077NASCIMENTOW,2026-02-16,123343,1,2,0,184.0
10110077NASCIMENTOW_2026-02-16_G28,10110077NASCIMENTOW,2026-02-16,124475,1,10,0,162.0
10110077NASCIMENTOW_2026-02-16_G29,10110077NASCIMENTOW,2026-02-16,124371,1,4,0,151.0
10110077NASCIMENTOW_2026-02-16_G30,10110077NASCIMENTOW,2026-02-16,123345,1,35,0,1318.0
10110077NASCIMENTOW_2026-02-16_G31,10110077NASCIMENTOW,2026-02-16,121760,1,3,0,309.0
10110077NASCIMENTOW_2026-02-16_G32,10110077NASCIMENTOW,2026-02-16,123344,1,5,0,197.0
10110077NASCIMENTOW_2026-02-16_G33,10110077NASCIMENTOW,2026-02-16,124477,1,3,0,152.0
10110077NASCIMENTOW_2026-02-16_G34,10110077NASCIMENTOW,2026-02-16,121651,1,4,0,139.0
10110077NASCIMENTOW_2026-02-16_G35,10110077NASCIMENTOW,2026-02-16,124476,1,2,0,153.0
10110077NASCIMENTOW_2026-02-16_G36,10110077NASCIMENTOW,2026-02-16,121760,1,7,0,117.0
10110077NASCIMENTOW_2026-02-16_G37,10110077NASCIMENTOW,2026-02-16,121760,1,2,0,219.0
10110077NASCIMENTOW_2026-02-17_G02,10110077NASCIMENTOW,2026-02-17,120028,1,30,0,493.0
10110077NASCIMENTOW_2026-02-17_G03,10110077NASCIMENTOW,2026-02-17,122647,1,40,0,734.0
10110077NASCIMENTOW_2026-02-17_G04,10110077NASCIMENTOW,2026-02-17,123822,1,17,0,504.0
10110077NASCIMENTOW_2026-02-17_G05,10110077NASCIMENTOW,2026-02-17,123822,1,13,0,211.0
10110077NASCIMENTOW_2026-02-17_G06,10110077NASCIMENTOW,2026-02-17,122962,1,22,0,405.0
10110077NASCIMENTOW_2026-02-17_G07,10110077NASCIMENTOW,2026-02-17,120028,1,12,0,321.0
10110077NASCIMENTOW_2026-02-17_G08,10110077NASCIMENTOW,2026-02-17,123345,1,10,0,1343.0
10110077NASCIMENTOW_2026-02-17_G09,10110077NASCIMENTOW,2026-02-17,123344,1,1,0,265.0
10110077NASCIMENTOW_2026-02-17_G10,10110077NASCIMENTOW,2026-02-17,124476,1,4,0,147.0
10110077NASCIMENTOW_2026-02-17_G11,10110077NASCIMENTOW,2026-02-17,122185,1,68,0,1334.0
10110077NASCIMENTOW_2026-02-17_G12,10110077NASCIMENTOW,2026-02-17,123492,1,4,0,228.0
10110077NASCIMENTOW_2026-02-17_G13,10110077NASCIMENTOW,2026-02-17,123345,1,2,0,182.0
10110077NASCIMENTOW_2026-02-17_G14,10110077NASCIMENTOW,2026-02-17,123909,1,4,0,274.0
10110077NASCIMENTOW_2026-02-17_G15,10110077NASCIMENTOW,2026-02-17,121651,1,2,0,135.0
10110077NASCIMENTOW_2026-02-17_G16,10110077NASCIMENTOW,2026-02-17,124475,1,2,0,119.0
10110077NASCIMENTOW_2026-02-17_G17,10110077NASCIMENTOW,2026-02-17,122984,1,24,0,501.0
10110077NASCIMENTOW_2026-02-17_G18,10110077NASCIMENTOW,2026-02-17,123909,1,2,0,246.0
10110077NASCIMENTOW_2026-02-17_G19,10110077NASCIMENTOW,2026-02-17,124370,1,14,0,346.0
10110077NASCIMENTOW_2026-02-17_G20,10110077NASCIMENTOW,2026-02-17,121651,1,4,0,122.0
10110077NASCIMENTOW_2026-02-17_G21,10110077NASCIMENTOW,2026-02-17,124371,1,4,0,99.0
10110077NASCIMENTOW_2026-02-17_G22,10110077NASCIMENTOW,2026-02-17,123344,1,3,0,149.0
10110077NASCIMENTOW_2026-02-17_G23,10110077NASCIMENTOW,2026-02-17,124370,1,2,0,117.0
10110077NASCIMENTOW_2026-02-17_G24,10110077NASCIMENTOW,2026-02-17,122962,1,8,0,176.0
10110077NASCIMENTOW_2026-02-17_G25,10110077NASCIMENTOW,2026-02-17,124475,1,4,0,163.0
10110077NASCIMENTOW_2026-02-17_G26,10110077NASCIMENTOW,2026-02-17,123345,1,4,0,154.0
10110077NASCIMENTOW_2026-02-17_G27,10110077NASCIMENTOW,2026-02-17,123345,1,4,0,277.0
10110077NASCIMENTOW_2026-02-17_G28,10110077NASCIMENTOW,2026-02-17,122962,1,4,0,146.0
10110077NASCIMENTOW_2026-02-17_G29,10110077NASCIMENTOW,2026-02-17,124475,1,6,0,182.0
10110077NASCIMENTOW_2026-02-17_G31,10110077NASCIMENTOW,2026-02-17,124486,1,10,0,264.0
10110077NASCIMENTOW_2026-02-17_G32,10110077NASCIMENTOW,2026-02-17,124486,1,2,0,120.0
10110077NASCIMENTOW_2026-02-17_G33,10110077NASCIMENTOW,2026-02-17,122984,1,8,0,408.0
10110077NASCIMENTOW_2026-02-17_G34,10110077NASCIMENTOW,2026-02-17,124486,1,6,0,79.0
10110077NASCIMENTOW_2026-02-17_G36,10110077NASCIMENTOW,2026-02-17,121651,1,2,0,164.0
10110077NASCIMENTOW_2026-02-17_G37,10110077NASCIMENTOW,2026-02-17,120339,1,20,0,416.0
10110077NASCIMENTOW_2026-02-17_G38,10110077NASCIMENTOW,2026-02-17,122982,1,12,0,185.0
10110077NASCIMENTOW_2026-02-17_G39,10110077NASCIMENTOW,2026-02-17,122984,1,126,0,2084.0
10110077NASCIMENTOW_2026-02-17_G40,10110077NASCIMENTOW,2026-02-17,124624,1,60,0,651.0
10110077NASCIMENTOW_2026-02-17_G41,10110077NASCIMENTOW,2026-02-17,124624,1,2,0,117.0
10110077NASCIMENTOW_2026-02-17_G42,10110077NASCIMENTOW,2026-02-17,124248,1,27,0,784.0
10110077NASCIMENTOW_2026-02-18_G02,10110077NASCIMENTOW,2026-02-18,123822,1,20,0,963.0
10110077NASCIMENTOW_2026-02-18_G03,10110077NASCIMENTOW,2026-02-18,121651,1,60,0,1363.0
10110077NASCIMENTOW_2026-02-18_G04,10110077NASCIMENTOW,2026-02-18,120389,1,10,0,765.0
10110077NASCIMENTOW_2026-02-18_G05,10110077NASCIMENTOW,2026-02-18,122962,1,20,0,1008.0
10110077NASCIMENTOW_2026-02-18_G06,10110077NASCIMENTOW,2026-02-18,123909,1,30,0,155.0
10110077NASCIMENTOW_2026-02-18_G07,10110077NASCIMENTOW,2026-02-18,124486,1,20,0,329.0
10110077NASCIMENTOW_2026-02-18_G08,10110077NASCIMENTOW,2026-02-18,123343,1,30,0,775.0
10110077NASCIMENTOW_2026-02-18_G09,10110077NASCIMENTOW,2026-02-18,123343,1,2,0,168.0
10110077NASCIMENTOW_2026-02-18_G10,10110077NASCIMENTOW,2026-02-18,122185,1,4,0,225.0
10110077NASCIMENTOW_2026-02-18_G11,10110077NASCIMENTOW,2026-02-18,124624,1,4,0,125.0
10110077NASCIMENTOW_2026-02-18_G12,10110077NASCIMENTOW,2026-02-18,124477,1,4,0,161.0
10110077NASCIMENTOW_2026-02-18_G14,10110077NASCIMENTOW,2026-02-18,124486,1,150,0,2320.0
10110077NASCIMENTOW_2026-02-19_G02,10110077NASCIMENTOW,2026-02-19,123822,1,9,0,197.0
10110077NASCIMENTOW_2026-02-19_G03,10110077NASCIMENTOW,2026-02-19,122984,1,8,0,376.0
10110077NASCIMENTOW_2026-02-19_G04,10110077NASCIMENTOW,2026-02-19,123909,1,20,0,439.0
10110077NASCIMENTOW_2026-02-19_G05,10110077NASCIMENTOW,2026-02-19,124248,1,3,0,190.0
10110077NASCIMENTOW_2026-02-19_G06,10110077NASCIMENTOW,2026-02-19,"123313, 123345",2,35,17,1641.0
10110077NASCIMENTOW_2026-02-19_G07,10110077NASCIMENTOW,2026-02-19,123343,1,5,0,175.0
10110077NASCIMENTOW_2026-02-19_G09,10110077NASCIMENTOW,2026-02-19,123344,1,7,0,829.0
10110077NASCIMENTOW_2026-02-19_G10,10110077NASCIMENTOW,2026-02-19,121760,1,2,0,202.0
10110077NASCIMENTOW_2026-02-19_G11,10110077NASCIMENTOW,2026-02-19,123909,1,1,0,75.0
10110077NASCIMENTOW_2026-02-19_G12,10110077NASCIMENTOW,2026-02-19,123909,1,4,0,43.0
10110077NASCIMENTOW_2026-02-19_G13,10110077NASCIMENTOW,2026-02-19,120339,1,4,0,1128.0
10110077NASCIMENTOW_2026-02-19_G14,10110077NASCIMENTOW,2026-02-19,124486,1,6,0,118.0
10110077NASCIMENTOW_2026-02-19_G15,10110077NASCIMENTOW,2026-02-19,121760,1,8,0,205.0
10110077NASCIMENTOW_2026-02-19_G16,10110077NASCIMENTOW,2026-02-19,121760,1,3,0,186.0
10110077NASCIMENTOW_2026-02-19_G17,10110077NASCIMENTOW,2026-02-19,123345,1,1,0,116.0
10110077NASCIMENTOW_2026-02-19_G18,10110077NASCIMENTOW,2026-02-19,123345,1,24,0,908.0
10110077NASCIMENTOW_2026-02-19_G19,10110077NASCIMENTOW,2026-02-19,124486,1,8,0,84.0
10110077NASCIMENTOW_2026-02-19_G20,10110077NASCIMENTOW,2026-02-19,124486,1,3,0,68.0
10110077NASCIMENTOW_2026-02-19_G21,10110077NASCIMENTOW,2026-02-19,122185,1,30,0,1353.0
10110077NASCIMENTOW_2026-02-19_G22,10110077NASCIMENTOW,2026-02-19,123909,1,6,0,232.0
10110077NASCIMENTOW_2026-02-19_G23,10110077NASCIMENTOW,2026-02-19,123343,1,1,0,84.0
10110077NASCIMENTOW_2026-02-19_G24,10110077NASCIMENTOW,2026-02-19,123343,1,6,0,298.0
10110077NASCIMENTOW_2026-02-19_G25,10110077NASCIMENTOW,2026-02-19,123345,1,1,0,79.0
10110077NASCIMENTOW_2026-02-19_G26,10110077NASCIMENTOW,2026-02-19,124475,1,8,0,239.0
10110077NASCIMENTOW_2026-02-19_G27,10110077NASCIMENTOW,2026-02-19,121760,1,4,0,528.0
10110077NASCIMENTOW_2026-02-19_G28,10110077NASCIMENTOW,2026-02-19,122983,1,2,0,100.0
10110077NASCIMENTOW_2026-02-19_G29,10110077NASCIMENTOW,2026-02-19,123909,1,4,0,286.0
10110077NASCIMENTOW_2026-02-19_G30,10110077NASCIMENTOW,2026-02-19,123345,1,4,0,166.0
10110077NASCIMENTOW_2026-02-19_G31,10110077NASCIMENTOW,2026-02-19,122703,1,12,0,205.0
10110077NASCIMENTOW_2026-02-19_G32,10110077NASCIMENTOW,2026-02-19,123153,1,4,0,350.0
10110077NASCIMENTOW_2026-02-20_G02,10110077NASCIMENTOW,2026-02-20,124486,1,12,0,471.0
10110077NASCIMENTOW_2026-02-20_G03,10110077NASCIMENTOW,2026-02-20,122962,1,20,0,1087.0
10110077NASCIMENTOW_2026-02-20_G04,10110077NASCIMENTOW,2026-02-20,124483,1,11,0,151.0
10110077NASCIMENTOW_2026-02-20_G05,10110077NASCIMENTOW,2026-02-20,122983,1,24,0,590.0
10110077NASCIMENTOW_2026-02-20_G06,10110077NASCIMENTOW,2026-02-20,124594,1,4,0,935.0
10110077NASCIMENTOW_2026-02-20_G07,10110077NASCIMENTOW,2026-02-20,122984,1,12,0,436.0
10110077NASCIMENTOW_2026-02-20_G08,10110077NASCIMENTOW,2026-02-20,123909,1,2,0,85.0
10110077NASCIMENTOW_2026-02-20_G09,10110077NASCIMENTOW,2026-02-20,122986,1,4,0,60.0
10110077NASCIMENTOW_2026-02-20_G10,10110077NASCIMENTOW,2026-02-20,124248,1,8,0,188.0
10110077NASCIMENTOW_2026-02-20_G11,10110077NASCIMENTOW,2026-02-20,123822,1,12,0,339.0
10110077NASCIMENTOW_2026-02-20_G12,10110077NASCIMENTOW,2026-02-20,122962,1,30,0,555.0
10110077NASCIMENTOW_2026-02-20_G13,10110077NASCIMENTOW,2026-02-20,123492,1,30,0,1164.0
10110077NASCIMENTOW_2026-02-20_G14,10110077NASCIMENTOW,2026-02-20,122962,1,20,0,397.0
10110077NASCIMENTOW_2026-02-20_G15,10110077NASCIMENTOW,2026-02-20,123822,1,24,0,467.0
10110077NASCIMENTOW_2026-02-20_G16,10110077NASCIMENTOW,2026-02-20,122982,1,14,0,315.0
10110077NASCIMENTOW_2026-02-20_G17,10110077NASCIMENTOW,2026-02-20,122988,1,5,0,116.0
10110077NASCIMENTOW_2026-02-20_G18,10110077NASCIMENTOW,2026-02-20,123080,1,8,0,254.0
10110077NASCIMENTOW_2026-02-20_G19,10110077NASCIMENTOW,2026-02-20,124486,1,72,0,1621.0
10110077NASCIMENTOW_2026-02-20_G20,10110077NASCIMENTOW,2026-02-20,122962,1,8,0,888.0
10110077NASCIMENTOW_2026-02-20_G21,10110077NASCIMENTOW,2026-02-20,120028,1,40,0,723.0
10110077NASCIMENTOW_2026-02-20_G22,10110077NASCIMENTOW,2026-02-20,122984,1,30,0,664.0
10110077NASCIMENTOW_2026-02-20_G23,10110077NASCIMENTOW,2026-02-20,122984,1,10,0,160.0
10110077NASCIMENTOW_2026-02-20_G24,10110077NASCIMENTOW,2026-02-20,122984,1,4,0,78.0
10110077NASCIMENTOW_2026-02-20_G25,10110077NASCIMENTOW,2026-02-20,124248,1,3,0,166.0
10110077NASCIMENTOW_2026-02-20_G26,10110077NASCIMENTOW,2026-02-20,124594,1,20,0,332.0
10110077NASCIMENTOW_2026-02-20_G27,10110077NASCIMENTOW,2026-02-20,123080,1,13,0,498.0
10110077NASCIMENTOW_2026-02-20_G28,10110077NASCIMENTOW,2026-02-20,123343,1,19,0,1204.0
10110077NASCIMENTOW_2026-02-20_G30,10110077NASCIMENTOW,2026-02-20,124486,1,6,0,214.0
10110077NASCIMENTOW_2026-02-20_G31,10110077NASCIMENTOW,2026-02-20,122984,1,12,0,400.0
10110077NASCIMENTOW_2026-02-20_G32,10110077NASCIMENTOW,2026-02-20,122983,1,8,0,233.0
10110077NASCIMENTOW_2026-02-21_G02,10110077NASCIMENTOW,2026-02-21,123345,1,20,0,1009.0
10110077NASCIMENTOW_2026-02-21_G03,10110077NASCIMENTOW,2026-02-21,120028,1,50,0,1864.0
10110077NASCIMENTOW_2026-02-21_G04,10110077NASCIMENTOW,2026-02-21,122962,1,16,0,227.0
10110077NASCIMENTOW_2026-02-21_G05,10110077NASCIMENTOW,2026-02-21,124486,1,40,0,737.0
10110077NASCIMENTOW_2026-02-21_G06,10110077NASCIMENTOW,2026-02-21,124248,1,18,0,447.0
10110077NASCIMENTOW_2026-02-21_G07,10110077NASCIMENTOW,2026-02-21,120272,1,8,0,329.0
10110077NASCIMENTOW_2026-02-21_G08,10110077NASCIMENTOW,2026-02-21,124594,1,16,0,505.0
10110077NASCIMENTOW_2026-02-21_G09,10110077NASCIMENTOW,2026-02-21,122962,1,16,0,221.0
10110077NASCIMENTOW_2026-02-21_G10,10110077NASCIMENTOW,2026-02-21,124486,1,10,0,72.0
10110077NASCIMENTOW_2026-02-21_G11,10110077NASCIMENTOW,2026-02-21,124594,1,16,0,345.0
10110077NASCIMENTOW_2026-02-21_G12,10110077NASCIMENTOW,2026-02-21,120008,1,26,0,666.0
10110077NASCIMENTOW_2026-02-23_G02,10110077NASCIMENTOW,2026-02-23,124582,1,48,0,1465.0
10110077NASCIMENTOW_2026-02-23_G04,10110077NASCIMENTOW,2026-02-23,122962,1,24,0,451.0
10110077NASCIMENTOW_2026-02-23_G05,10110077NASCIMENTOW,2026-02-23,122962,1,15,0,248.0
10110077NASCIMENTOW_2026-02-23_G06,10110077NASCIMENTOW,2026-02-23,122185,1,10,0,408.0
10110077NASCIMENTOW_2026-02-23_G07,10110077NASCIMENTOW,2026-02-23,122984,1,12,0,371.0
10110077NASCIMENTOW_2026-02-23_G08,10110077NASCIMENTOW,2026-02-23,124248,1,4,0,120.0
10110077NASCIMENTOW_2026-02-23_G09,10110077NASCIMENTOW,2026-02-23,123313,1,2,0,321.0
10110077NASCIMENTOW_2026-02-23_G10,10110077NASCIMENTOW,2026-02-23,180024,1,4,0,1209.0
10110077NASCIMENTOW_2026-02-25_G02,10110077NASCIMENTOW,2026-02-25,122984,1,20,0,641.0
10110077NASCIMENTOW_2026-02-25_G03,10110077NASCIMENTOW,2026-02-25,124247,1,2,0,128.0
10110077NASCIMENTOW_2026-02-25_G04,10110077NASCIMENTOW,2026-02-25,122983,1,8,0,236.0
10110077NASCIMENTOW_2026-02-25_G05,10110077NASCIMENTOW,2026-02-25,124248,1,60,0,678.0
10110077NASCIMENTOW_2026-02-25_G06,10110077NASCIMENTOW,2026-02-25,124477,1,6,0,236.0
10110077NASCIMENTOW_2026-02-25_G07,10110077NASCIMENTOW,2026-02-25,122671,1,4,0,161.0
10110077NASCIMENTOW_2026-02-25_G08,10110077NASCIMENTOW,2026-02-25,122986,1,14,0,268.0
10110077NASCIMENTOW_2026-02-25_G09,10110077NASCIMENTOW,2026-02-25,123345,1,20,0,243.0
10110077NASCIMENTOW_2026-02-25_G10,10110077NASCIMENTOW,2026-02-25,123343,1,12,0,399.0
10110077NASCIMENTOW_2026-02-25_G11,10110077NASCIMENTOW,2026-02-25,124475,1,8,0,245.0
10110077NASCIMENTOW_2026-02-25_G12,10110077NASCIMENTOW,2026-02-25,122988,1,2,0,54.0
10110077NASCIMENTOW_2026-02-25_G13,10110077NASCIMENTOW,2026-02-25,124476,1,2,0,80.0
10110077NASCIMENTOW_2026-02-25_G14,10110077NASCIMENTOW,2026-02-25,123909,1,4,0,161.0
10110077NASCIMENTOW_2026-02-25_G15,10110077NASCIMENTOW,2026-02-25,123343,1,10,0,1913.0
10110077NASCIMENTOW_2026-02-25_G16,10110077NASCIMENTOW,2026-02-25,122647,1,36,0,624.0
10110077NASCIMENTOW_2026-02-25_G17,10110077NASCIMENTOW,2026-02-25,122984,1,20,0,963.0
10110077NASCIMENTOW_2026-02-25_G18,10110077NASCIMENTOW,2026-02-25,123344,1,4,0,504.0
10110077NASCIMENTOW_2026-02-25_G19,10110077NASCIMENTOW,2026-02-25,122671,1,1,0,89.0
10110077NASCIMENTOW_2026-02-25_G20,10110077NASCIMENTOW,2026-02-25,120028,1,1,0,79.0
10110077NASCIMENTOW_2026-02-25_G21,10110077NASCIMENTOW,2026-02-25,121760,1,4,0,110.0
10110077NASCIMENTOW_2026-02-25_G22,10110077NASCIMENTOW,2026-02-25,123909,1,11,0,180.0
10110077NASCIMENTOW_2026-02-25_G23,10110077NASCIMENTOW,2026-02-25,122986,1,2,0,130.0
10110077NASCIMENTOW_2026-02-25_G24,10110077NASCIMENTOW,2026-02-25,124248,1,22,0,252.0
10110077NASCIMENTOW_2026-02-25_G25,10110077NASCIMENTOW,2026-02-25,123343,1,24,0,402.0
10110077NASCIMENTOW_2026-02-26_G02,10110077NASCIMENTOW,2026-02-26,124486,1,27,0,577.0
10110077NASCIMENTOW_2026-02-26_G03,10110077NASCIMENTOW,2026-02-26,122962,1,7,0,1516.0
10110077NASCIMENTOW_2026-02-26_G04,10110077NASCIMENTOW,2026-02-26,122189,1,2,0,311.0
10110077NASCIMENTOW_2026-02-26_G05,10110077NASCIMENTOW,2026-02-26,121651,2,8,30,207.0
10110077NASCIMENTOW_2026-02-26_G06,10110077NASCIMENTOW,2026-02-26,123909,1,8,0,204.0
10110077NASCIMENTOW_2026-02-26_G07,10110077NASCIMENTOW,2026-02-26,123560,1,6,0,276.0
10110077NASCIMENTOW_2026-02-26_G08,10110077NASCIMENTOW,2026-02-26,122189,1,8,0,152.0
10110077NASCIMENTOW_2026-02-26_G09,10110077NASCIMENTOW,2026-02-26,122982,1,8,0,157.0
10110077NASCIMENTOW_2026-02-26_G10,10110077NASCIMENTOW,2026-02-26,120272,1,6,0,85.0
10110077NASCIMENTOW_2026-02-26_G11,10110077NASCIMENTOW,2026-02-26,124248,1,2,0,67.0
10110077NASCIMENTOW_2026-02-26_G12,10110077NASCIMENTOW,2026-02-26,122962,1,50,0,514.0
10110077NASCIMENTOW_2026-02-26_G13,10110077NASCIMENTOW,2026-02-26,123313,1,6,0,443.0
10110077NASCIMENTOW_2026-02-26_G14,10110077NASCIMENTOW,2026-02-26,123344,1,10,0,243.0
10110077NASCIMENTOW_2026-02-26_G15,10110077NASCIMENTOW,2026-02-26,121760,1,7,0,206.0
10110077NASCIMENTOW_2026-02-26_G16,10110077NASCIMENTOW,2026-02-26,124371,1,4,0,117.0
10110077NASCIMENTOW_2026-02-26_G17,10110077NASCIMENTOW,2026-02-26,124433,1,12,0,236.0
10110077NASCIMENTOW_2026-02-26_G18,10110077NASCIMENTOW,2026-02-26,123344,1,20,0,336.0
10110077NASCIMENTOW_2026-02-26_G19,10110077NASCIMENTOW,2026-02-26,123345,1,10,0,297.0
10110077NASCIMENTOW_2026-02-26_G20,10110077NASCIMENTOW,2026-02-26,124486,1,10,0,589.0
10110077NASCIMENTOW_2026-02-26_G21,10110077NASCIMENTOW,2026-02-26,122962,1,12,0,531.0
10110077NASCIMENTOW_2026-02-26_G22,10110077NASCIMENTOW,2026-02-26,124370,1,4,0,293.0
10110077NASCIMENTOW_2026-02-26_G23,10110077NASCIMENTOW,2026-02-26,122962,1,12,0,191.0
10110077NASCIMENTOW_2026-02-26_G24,10110077NASCIMENTOW,2026-02-26,121760,1,1,0,157.0
10110077NASCIMENTOW_2026-02-26_G25,10110077NASCIMENTOW,2026-02-26,123822,1,32,0,591.0
10110077NASCIMENTOW_2026-02-26_G26,10110077NASCIMENTOW,2026-02-26,124486,1,4,0,2026.0
10110077NASCIMENTOW_2026-02-26_G28,10110077NASCIMENTOW,2026-02-26,122962,1,32,0,444.0
10110077NASCIMENTOW_2026-02-26_G29,10110077NASCIMENTOW,2026-02-26,124248,1,10,0,223.0
10110077NASCIMENTOW_2026-02-26_G30,10110077NASCIMENTOW,2026-02-26,122962,2,10,24,111.0
10110077NASCIMENTOW_2026-02-26_G31,10110077NASCIMENTOW,2026-02-26,123822,1,8,0,143.0
10110077NASCIMENTOW_2026-02-26_G32,10110077NASCIMENTOW,2026-02-26,123345,1,2,0,185.0
10110077NASCIMENTOW_2026-02-26_G33,10110077NASCIMENTOW,2026-02-26,124582,1,40,0,649.0
10110077NASCIMENTOW_2026-02-26_G34,10110077NASCIMENTOW,2026-02-26,124247,1,4,0,113.0
10110077NASCIMENTOW_2026-02-26_G35,10110077NASCIMENTOW,2026-02-26,122703,1,4,0,66.0
10110077NASCIMENTOW_2026-02-26_G36,10110077NASCIMENTOW,2026-02-26,121760,1,10,0,217.0
10110077NASCIMENTOW_2026-02-26_G37,10110077NASCIMENTOW,2026-02-26,124370,1,6,0,1733.0
10110077NASCIMENTOW_2026-02-26_G38,10110077NASCIMENTOW,2026-02-26,124486,1,4,0,609.0
10110077NASCIMENTOW_2026-02-26_G39,10110077NASCIMENTOW,2026-02-26,123343,1,5,0,712.0
10110077NASCIMENTOW_2026-02-26_G40,10110077NASCIMENTOW,2026-02-26,123345,1,20,0,535.0
10110077NASCIMENTOW_2026-02-27_G02,10110077NASCIMENTOW,2026-02-27,123562,1,25,0,415.0
10110077NASCIMENTOW_2026-02-27_G03,10110077NASCIMENTOW,2026-02-27,124486,1,2,0,2027.0
10110077NASCIMENTOW_2026-02-27_G04,10110077NASCIMENTOW,2026-02-27,122962,1,4,0,495.0
10110077NASCIMENTOW_2026-02-27_G05,10110077NASCIMENTOW,2026-02-27,123909,1,7,0,1264.0
10110077NASCIMENTOW_2026-02-27_G06,10110077NASCIMENTOW,2026-02-27,124486,1,12,0,901.0
10110077NASCIMENTOW_2026-02-27_G07,10110077NASCIMENTOW,2026-02-27,122962,1,12,0,394.0
10110077NASCIMENTOW_2026-02-27_G08,10110077NASCIMENTOW,2026-02-27,122962,1,12,0,232.0
10110077NASCIMENTOW_2026-02-27_G09,10110077NASCIMENTOW,2026-02-27,124486,1,17,0,1311.0
10110077NASCIMENTOW_2026-02-27_G10,10110077NASCIMENTOW,2026-02-27,122962,1,18,0,2701.0
10110077NASCIMENTOW_2026-02-27_G11,10110077NASCIMENTOW,2026-02-27,122962,1,18,0,516.0
10110077NASCIMENTOW_2026-02-27_G12,10110077NASCIMENTOW,2026-02-27,122647,1,2,0,169.0
10110077NASCIMENTOW_2026-02-27_G13,10110077NASCIMENTOW,2026-02-27,122671,2,4,21,97.0
10110077NASCIMENTOW_2026-02-27_G14,10110077NASCIMENTOW,2026-02-27,123909,1,16,0,344.0
10110077NASCIMENTOW_2026-02-27_G15,10110077NASCIMENTOW,2026-02-27,124248,1,2,0,121.0
10110077NASCIMENTOW_2026-02-27_G16,10110077NASCIMENTOW,2026-02-27,124370,1,12,0,691.0
10110077NASCIMENTOW_2026-02-27_G17,10110077NASCIMENTOW,2026-02-27,122984,1,6,0,296.0
10110077NASCIMENTOW_2026-02-27_G18,10110077NASCIMENTOW,2026-02-27,123344,1,14,0,771.0
10110077NASCIMENTOW_2026-02-27_G19,10110077NASCIMENTOW,2026-02-27,122671,1,3,0,373.0
10110077NASCIMENTOW_2026-02-27_G20,10110077NASCIMENTOW,2026-02-27,124475,1,18,0,679.0
10110077NASCIMENTOW_2026-02-27_G21,10110077NASCIMENTOW,2026-02-27,124476,1,8,0,73.0
10110077NASCIMENTOW_2026-02-27_G22,10110077NASCIMENTOW,2026-02-27,121760,1,18,0,210.0
10110077NASCIMENTOW_2026-02-27_G23,10110077NASCIMENTOW,2026-02-27,124248,1,1,0,72.0
10110077NASCIMENTOW_2026-02-27_G24,10110077NASCIMENTOW,2026-02-27,122962,1,4,0,492.0
10110077NASCIMENTOW_2026-02-27_G25,10110077NASCIMENTOW,2026-02-27,121760,1,2,0,255.0
10110077NASCIMENTOW_2026-02-27_G26,10110077NASCIMENTOW,2026-02-27,123345,1,6,0,201.0
10110077NASCIMENTOW_2026-02-27_G28,10110077NASCIMENTOW,2026-02-27,122962,1,50,0,981.0
10110077NASCIMENTOW_2026-02-27_G29,10110077NASCIMENTOW,2026-02-27,120339,1,2,0,140.0
10110077NASCIMENTOW_2026-02-27_G30,10110077NASCIMENTOW,2026-02-27,120389,1,9,0,259.0
10110077NASCIMENTOW_2026-02-27_G31,10110077NASCIMENTOW,2026-02-27,120389,1,6,0,205.0
10110077NASCIMENTOW_2026-02-27_G32,10110077NASCIMENTOW,2026-02-27,123081,1,9,0,171.0
10110077NASCIMENTOW_2026-02-27_G33,10110077NASCIMENTOW,2026-02-27,121760,1,34,0,669.0
10110077NASCIMENTOW_2026-02-27_G34,10110077NASCIMENTOW,2026-02-27,123909,1,3,0,189.0
10110077NASCIMENTOW_2026-02-27_G35,10110077NASCIMENTOW,2026-02-27,124248,1,10,0,75.0
10110077NASCIMENTOW_2026-02-27_G36,10110077NASCIMENTOW,2026-02-27,123313,1,20,0,718.0
10110077NASCIMENTOW_2026-02-27_G37,10110077NASCIMENTOW,2026-02-27,123343,1,22,0,733.0
10110077NASCIMENTOW_2026-02-27_G38,10110077NASCIMENTOW,2026-02-27,120339,1,6,0,267.0
10110077NASCIMENTOW_2026-02-27_G39,10110077NASCIMENTOW,2026-02-27,124247,1,8,0,99.0
10110077NASCIMENTOW_2026-02-27_G40,10110077NASCIMENTOW,2026-02-27,123313,1,3,0,96.0
10110077NASCIMENTOW_2026-02-27_G41,10110077NASCIMENTOW,2026-02-27,123343,1,9,0,333.0
10110077NASCIMENTOW_2026-02-27_G42,10110077NASCIMENTOW,2026-02-27,123561,1,6,0,150.0
10110077NASCIMENTOW_2026-02-27_G43,10110077NASCIMENTOW,2026-02-27,122671,1,10,0,119.0
10110077NASCIMENTOW_2026-02-27_G44,10110077NASCIMENTOW,2026-02-27,121651,1,12,0,177.0
10110077NASCIMENTOW_2026-02-27_G45,10110077NASCIMENTOW,2026-02-27,124475,1,10,0,228.0
10110077NASCIMENTOW_2026-02-27_G46,10110077NASCIMENTOW,2026-02-27,121760,1,20,0,251.0
10110077NASCIMENTOW_2026-02-27_G47,10110077NASCIMENTOW,2026-02-27,122185,1,10,0,222.0
10110077NASCIMENTOW_2026-02-27_G48,10110077NASCIMENTOW,2026-02-27,123521,1,2,0,97.0
10110077NASCIMENTOW_2026-02-28_G02,10110077NASCIMENTOW,2026-02-28,123345,1,60,0,762.0
10110077NASCIMENTOW_2026-02-28_G03,10110077NASCIMENTOW,2026-02-28,124264,1,34,0,404.0
10110077NASCIMENTOW_2026-02-28_G04,10110077NASCIMENTOW,2026-02-28,122984,1,4,0,768.0
10110077NASCIMENTOW_2026-02-28_G05,10110077NASCIMENTOW,2026-02-28,122962,1,32,0,1147.0
10110077NASCIMENTOW_2026-02-28_G06,10110077NASCIMENTOW,2026-02-28,122962,1,36,0,710.0
10110077NASCIMENTOW_2026-02-28_G07,10110077NASCIMENTOW,2026-02-28,122962,1,10,0,603.0
10110077NASCIMENTOW_2026-02-28_G08,10110077NASCIMENTOW,2026-02-28,124370,1,10,0,671.0
10110077NASCIMENTOW_2026-02-28_G09,10110077NASCIMENTOW,2026-02-28,122671,1,4,0,81.0
10110077NASCIMENTOW_2026-02-28_G10,10110077NASCIMENTOW,2026-02-28,124247,1,6,0,102.0
10110077NASCIMENTOW_2026-02-28_G11,10110077NASCIMENTOW,2026-02-28,124475,1,14,0,252.0
10110077NASCIMENTOW_2026-02-28_G12,10110077NASCIMENTOW,2026-02-28,122983,1,7,0,526.0
10110077NASCIMENTOW_2026-02-28_G13,10110077NASCIMENTOW,2026-02-28,123909,1,14,0,346.0
10110077NASCIMENTOW_2026-02-28_G14,10110077NASCIMENTOW,2026-02-28,122673,1,14,0,860.0
10110077NASCIMENTOW_2026-02-28_G15,10110077NASCIMENTOW,2026-02-28,181052,1,12,0,807.0
10110077NASCIMENTOW_2026-02-28_G16,10110077NASCIMENTOW,2026-02-28,"123343, 123345",3,124,22,959.0
10110077NASCIMENTOW_2026-03-04_G02,10110077NASCIMENTOW,2026-03-04,124370,1,16,0,636.0
10110077NASCIMENTOW_2026-03-05_G03,10110077NASCIMENTOW,2026-03-05,122962,1,16,0,1055.0
10110077NASCIMENTOW_2026-03-05_G04,10110077NASCIMENTOW,2026-03-05,122647,1,8,0,287.0
10110077NASCIMENTOW_2026-03-05_G05,10110077NASCIMENTOW,2026-03-05,124486,1,6,0,222.0
10110077NASCIMENTOW_2026-03-05_G06,10110077NASCIMENTOW,2026-03-05,124582,1,4,0,143.0
10110077NASCIMENTOW_2026-03-06_G02,10110077NASCIMENTOW,2026-03-06,122185,1,3,0,251.0
10110077NASCIMENTOW_2026-03-06_G03,10110077NASCIMENTOW,2026-03-06,122984,2,7,15,449.0
10110077NASCIMENTOW_2026-03-06_G04,10110077NASCIMENTOW,2026-03-06,122647,1,9,0,907.0
10110077NASCIMENTOW_2026-03-06_G05,10110077NASCIMENTOW,2026-03-06,124582,1,14,0,282.0
10110077NASCIMENTOW_2026-03-06_G06,10110077NASCIMENTOW,2026-03-06,124484,1,6,0,300.0
10110077NASCIMENTOW_2026-03-06_G08,10110077NASCIMENTOW,2026-03-06,124728,1,168,0,1450.0
10110077NASCIMENTOW_2026-03-06_G09,10110077NASCIMENTOW,2026-03-06,123889,1,16,0,825.0
10110077NASCIMENTOW_2026-03-06_G10,10110077NASCIMENTOW,2026-03-06,124484,1,20,0,320.0
10110077NASCIMENTOW_2026-03-06_G11,10110077NASCIMENTOW,2026-03-06,124486,1,12,0,246.0
10110077NASCIMENTOW_2026-03-06_G12,10110077NASCIMENTOW,2026-03-06,122962,1,16,0,1159.0
10110077NASCIMENTOW_2026-03-06_G13,10110077NASCIMENTOW,2026-03-06,124486,1,20,0,554.0
10110077NASCIMENTOW_2026-03-06_G14,10110077NASCIMENTOW,2026-03-06,124486,1,40,0,969.0
10110077NASCIMENTOW_2026-03-07_G02,10110077NASCIMENTOW,2026-03-07,122962,1,49,0,819.0
10110077NASCIMENTOW_2026-03-07_G04,10110077NASCIMENTOW,2026-03-07,120339,1,1,0,413.0
10110077NASCIMENTOW_2026-03-07_G05,10110077NASCIMENTOW,2026-03-07,122984,1,28,0,1646.0
10110077NASCIMENTOW_2026-03-09_G02,10110077NASCIMENTOW,2026-03-09,122703,1,4,0,189.0
10110077NASCIMENTOW_2026-03-09_G03,10110077NASCIMENTOW,2026-03-09,124433,1,4,0,340.0
10110077NASCIMENTOW_2026-03-09_G04,10110077NASCIMENTOW,2026-03-09,120389,1,6,0,194.0
10110077NASCIMENTOW_2026-03-09_G05,10110077NASCIMENTOW,2026-03-09,123081,1,6,0,327.0
10110077NASCIMENTOW_2026-03-09_G06,10110077NASCIMENTOW,2026-03-09,122984,1,4,0,280.0
10110077NASCIMENTOW_2026-03-09_G07,10110077NASCIMENTOW,2026-03-09,120028,1,80,0,2175.0
10110077NASCIMENTOW_2026-03-09_G08,10110077NASCIMENTOW,2026-03-09,122962,1,10,0,98.0
10110077NASCIMENTOW_2026-03-09_G09,10110077NASCIMENTOW,2026-03-09,122703,1,10,0,263.0
10110077NASCIMENTOW_2026-03-09_G10,10110077NASCIMENTOW,2026-03-09,121651,1,5,0,214.0
10110077NASCIMENTOW_2026-03-09_G11,10110077NASCIMENTOW,2026-03-09,122671,1,1,0,96.0
10110077NASCIMENTOW_2026-03-09_G12,10110077NASCIMENTOW,2026-03-09,124476,1,8,0,161.0
10110077NASCIMENTOW_2026-03-09_G13,10110077NASCIMENTOW,2026-03-09,121760,1,13,0,430.0
10110077NASCIMENTOW_2026-03-09_G14,10110077NASCIMENTOW,2026-03-09,122185,1,4,0,415.0
10110077NASCIMENTOW_2026-03-09_G15,10110077NASCIMENTOW,2026-03-09,124248,1,16,0,305.0
10110077NASCIMENTOW_2026-03-09_G16,10110077NASCIMENTOW,2026-03-09,123345,1,6,0,363.0
10110077NASCIMENTOW_2026-03-09_G17,10110077NASCIMENTOW,2026-03-09,124586,1,2,0,192.0
10110077NASCIMENTOW_2026-03-09_G18,10110077NASCIMENTOW,2026-03-09,122673,1,12,0,778.0
10110077NASCIMENTOW_2026-03-09_G19,10110077NASCIMENTOW,2026-03-09,122647,1,26,0,650.0
10110077NASCIMENTOW_2026-03-09_G20,10110077NASCIMENTOW,2026-03-09,124594,1,6,0,195.0
10110077NASCIMENTOW_2026-03-09_G21,10110077NASCIMENTOW,2026-03-09,121651,1,12,0,302.0
10110077NASCIMENTOW_2026-03-09_G22,10110077NASCIMENTOW,2026-03-09,120389,1,1,0,114.0
10110077NASCIMENTOW_2026-03-09_G23,10110077NASCIMENTOW,2026-03-09,124475,1,8,0,148.0
10110077NASCIMENTOW_2026-03-09_G24,10110077NASCIMENTOW,2026-03-09,122982,1,2,0,150.0
10110077NASCIMENTOW_2026-03-09_G25,10110077NASCIMENTOW,2026-03-09,124370,1,10,0,135.0
10110077NASCIMENTOW_2026-03-09_G26,10110077NASCIMENTOW,2026-03-09,121760,1,12,0,333.0
10110077NASCIMENTOW_2026-03-09_G27,10110077NASCIMENTOW,2026-03-09,124371,1,4,0,255.0
10110077NASCIMENTOW_2026-03-09_G28,10110077NASCIMENTOW,2026-03-09,123909,1,10,0,122.0
10110077NASCIMENTOW_2026-03-09_G29,10110077NASCIMENTOW,2026-03-09,122962,1,40,0,2864.0
10110077NASCIMENTOW_2026-03-09_G30,10110077NASCIMENTOW,2026-03-09,124486,1,60,0,970.0
10110077NASCIMENTOW_2026-03-09_G31,10110077NASCIMENTOW,2026-03-09,122962,1,80,0,1889.0
10110077NASCIMENTOW_2026-03-09_G32,10110077NASCIMENTOW,2026-03-09,124594,1,4,0,186.0
10110077NASCIMENTOW_2026-03-09_G33,10110077NASCIMENTOW,2026-03-09,122981,1,4,0,129.0
10110077NASCIMENTOW_2026-03-09_G35,10110077NASCIMENTOW,2026-03-09,123822,1,11,0,377.0
10110077NASCIMENTOW_2026-03-09_G36,10110077NASCIMENTOW,2026-03-09,122185,1,4,0,97.0
10110077NASCIMENTOW_2026-03-09_G37,10110077NASCIMENTOW,2026-03-09,123909,1,2,0,121.0
10110077NASCIMENTOW_2026-03-09_G38,10110077NASCIMENTOW,2026-03-09,122986,1,7,0,119.0
10110077NASCIMENTOW_2026-03-09_G39,10110077NASCIMENTOW,2026-03-09,123345,1,10,0,176.0
10110077NASCIMENTOW_2026-03-09_G40,10110077NASCIMENTOW,2026-03-09,123313,1,2,0,672.0
10110077NASCIMENTOW_2026-03-09_G41,10110077NASCIMENTOW,2026-03-09,123889,1,4,0,192.0
10110077NASCIMENTOW_2026-03-09_G42,10110077NASCIMENTOW,2026-03-09,123889,1,4,0,201.0
10110077NASCIMENTOW_2026-03-09_G43,10110077NASCIMENTOW,2026-03-09,122984,1,8,0,361.0
10110077NASCIMENTOW_2026-03-09_G44,10110077NASCIMENTOW,2026-03-09,122984,1,16,0,1524.0
10110077NASCIMENTOW_2026-03-09_G45,10110077NASCIMENTOW,2026-03-09,122984,1,16,0,639.0
10110077NASCIMENTOW_2026-03-09_G46,10110077NASCIMENTOW,2026-03-09,121651,1,50,0,2680.0
10110077NASCIMENTOW_2026-03-10_G02,10110077NASCIMENTOW,2026-03-10,124477,1,6,0,185.0
10110077NASCIMENTOW_2026-03-10_G03,10110077NASCIMENTOW,2026-03-10,123344,1,3,0,833.0
10110077NASCIMENTOW_2026-03-10_G04,10110077NASCIMENTOW,2026-03-10,123345,1,4,0,204.0
10110077NASCIMENTOW_2026-03-10_G05,10110077NASCIMENTOW,2026-03-10,123313,1,8,0,404.0
10110077NASCIMENTOW_2026-03-10_G06,10110077NASCIMENTOW,2026-03-10,124624,1,8,0,377.0
10110077NASCIMENTOW_2026-03-10_G07,10110077NASCIMENTOW,2026-03-10,124594,1,8,0,530.0
10110077NASCIMENTOW_2026-03-10_G08,10110077NASCIMENTOW,2026-03-10,123561,1,50,0,936.0
10110077NASCIMENTOW_2026-03-10_G09,10110077NASCIMENTOW,2026-03-10,123561,1,32,0,759.0
10110077NASCIMENTOW_2026-03-10_G10,10110077NASCIMENTOW,2026-03-10,122983,1,30,0,659.0
10110077NASCIMENTOW_2026-03-10_G11,10110077NASCIMENTOW,2026-03-10,122983,1,42,0,790.0
10110077NASCIMENTOW_2026-03-10_G12,10110077NASCIMENTOW,2026-03-10,122983,1,8,0,201.0
10110077NASCIMENTOW_2026-03-10_G13,10110077NASCIMENTOW,2026-03-10,122983,1,40,0,1017.0
10110077NASCIMENTOW_2026-03-10_G14,10110077NASCIMENTOW,2026-03-10,122185,1,12,0,188.0
10110077NASCIMENTOW_2026-03-10_G15,10110077NASCIMENTOW,2026-03-10,122471,1,10,0,466.0
10110077NASCIMENTOW_2026-03-10_G16,10110077NASCIMENTOW,2026-03-10,120339,1,8,0,693.0
10110077NASCIMENTOW_2026-03-10_G17,10110077NASCIMENTOW,2026-03-10,122983,1,40,0,2063.0
10110077NASCIMENTOW_2026-03-10_G18,10110077NASCIMENTOW,2026-03-10,122983,1,20,0,299.0
10110077NASCIMENTOW_2026-03-10_G19,10110077NASCIMENTOW,2026-03-10,123345,1,6,0,586.0
10110077NASCIMENTOW_2026-03-10_G20,10110077NASCIMENTOW,2026-03-10,123313,1,12,0,202.0
10110077NASCIMENTOW_2026-03-10_G21,10110077NASCIMENTOW,2026-03-10,123313,1,4,0,202.0
10110077NASCIMENTOW_2026-03-10_G22,10110077NASCIMENTOW,2026-03-10,124624,2,14,24,396.0
10110077NASCIMENTOW_2026-03-10_G23,10110077NASCIMENTOW,2026-03-10,124624,1,8,0,49.0
10110077NASCIMENTOW_2026-03-10_G24,10110077NASCIMENTOW,2026-03-10,123344,1,6,0,910.0
10110077NASCIMENTOW_2026-03-10_G25,10110077NASCIMENTOW,2026-03-10,124477,1,6,0,235.0
10110077NASCIMENTOW_2026-03-10_G26,10110077NASCIMENTOW,2026-03-10,120271,4,10,54,184.0
10110077NASCIMENTOW_2026-03-10_G27,10110077NASCIMENTOW,2026-03-10,123561,1,10,0,175.0
10110077NASCIMENTOW_2026-03-10_G28,10110077NASCIMENTOW,2026-03-10,121651,1,8,0,279.0
10110077NASCIMENTOW_2026-03-10_G29,10110077NASCIMENTOW,2026-03-10,121651,1,8,0,222.0
10110077NASCIMENTOW_2026-03-10_G31,10110077NASCIMENTOW,2026-03-10,122983,1,12,0,314.0
10110077NASCIMENTOW_2026-03-10_G32,10110077NASCIMENTOW,2026-03-10,120339,1,2,0,130.0
10110077NASCIMENTOW_2026-03-10_G33,10110077NASCIMENTOW,2026-03-10,120339,1,2,0,124.0
10110077NASCIMENTOW_2026-03-10_G34,10110077NASCIMENTOW,2026-03-10,120339,1,4,0,220.0
10110077NASCIMENTOW_2026-03-10_G35,10110077NASCIMENTOW,2026-03-10,120339,1,8,0,150.0
10110077NASCIMENTOW_2026-03-10_G36,10110077NASCIMENTOW,2026-03-10,120339,1,6,0,126.0
10110077NASCIMENTOW_2026-03-10_G37,10110077NASCIMENTOW,2026-03-10,120339,1,12,0,238.0
10110077NASCIMENTOW_2026-03-10_G38,10110077NASCIMENTOW,2026-03-10,123345,1,4,0,521.0
10110077NASCIMENTOW_2026-03-10_G39,10110077NASCIMENTOW,2026-03-10,123344,1,2,0,129.0
10110077NASCIMENTOW_2026-03-10_G40,10110077NASCIMENTOW,2026-03-10,121760,1,10,0,342.0
10110077NASCIMENTOW_2026-03-10_G41,10110077NASCIMENTOW,2026-03-10,122962,1,35,0,525.0
10110077NASCIMENTOW_2026-03-10_G42,10110077NASCIMENTOW,2026-03-10,122982,1,5,0,191.0
10110077NASCIMENTOW_2026-03-10_G43,10110077NASCIMENTOW,2026-03-10,124476,1,4,0,52.0
10110077NASCIMENTOW_2026-03-10_G44,10110077NASCIMENTOW,2026-03-10,124486,1,48,0,775.0
10110077NASCIMENTOW_2026-03-10_G45,10110077NASCIMENTOW,2026-03-10,123344,1,2,0,161.0
10110077NASCIMENTOW_2026-03-10_G46,10110077NASCIMENTOW,2026-03-10,121760,1,6,0,269.0
10110077NASCIMENTOW_2026-03-10_G47,10110077NASCIMENTOW,2026-03-10,122703,1,2,0,160.0
10110077NASCIMENTOW_2026-03-10_G48,10110077NASCIMENTOW,2026-03-10,124371,1,1,0,66.0
10110077NASCIMENTOW_2026-03-10_G49,10110077NASCIMENTOW,2026-03-10,124370,1,8,0,148.0
10110077NASCIMENTOW_2026-03-10_G50,10110077NASCIMENTOW,2026-03-10,124476,1,6,0,126.0
10110077NASCIMENTOW_2026-03-10_G51,10110077NASCIMENTOW,2026-03-10,121651,1,8,0,124.0
10110077NASCIMENTOW_2026-03-10_G52,10110077NASCIMENTOW,2026-03-10,124624,1,12,0,310.0
10110077NASCIMENTOW_2026-03-10_G53,10110077NASCIMENTOW,2026-03-10,122703,1,6,0,330.0
10110077NASCIMENTOW_2026-03-10_G54,10110077NASCIMENTOW,2026-03-10,120272,1,16,0,433.0
10110077NASCIMENTOW_2026-03-10_G55,10110077NASCIMENTOW,2026-03-10,122988,1,8,0,143.0
10110077NASCIMENTOW_2026-03-10_G56,10110077NASCIMENTOW,2026-03-10,123344,1,2,0,108.0
10110077NASCIMENTOW_2026-03-10_G57,10110077NASCIMENTOW,2026-03-10,121760,1,10,0,244.0
10110077NASCIMENTOW_2026-03-10_G58,10110077NASCIMENTOW,2026-03-10,122671,1,4,0,107.0
10110077NASCIMENTOW_2026-03-10_G59,10110077NASCIMENTOW,2026-03-10,123909,1,5,0,119.0
10110077NASCIMENTOW_2026-03-11_G02,10110077NASCIMENTOW,2026-03-11,122962,1,9,0,202.0
10110077NASCIMENTOW_2026-03-11_G03,10110077NASCIMENTOW,2026-03-11,124371,1,11,0,297.0
10110077NASCIMENTOW_2026-03-11_G04,10110077NASCIMENTOW,2026-03-11,124486,1,2,0,93.0
10110077NASCIMENTOW_2026-03-11_G05,10110077NASCIMENTOW,2026-03-11,124486,1,40,0,500.0
10110077NASCIMENTOW_2026-03-11_G06,10110077NASCIMENTOW,2026-03-11,122986,1,7,0,263.0
10110077NASCIMENTOW_2026-03-11_G07,10110077NASCIMENTOW,2026-03-11,121651,1,17,0,349.0
10110077NASCIMENTOW_2026-03-11_G08,10110077NASCIMENTOW,2026-03-11,122983,1,13,0,1031.0
10110077NASCIMENTOW_2026-03-11_G09,10110077NASCIMENTOW,2026-03-11,123521,1,4,0,322.0
10110077NASCIMENTOW_2026-03-11_G10,10110077NASCIMENTOW,2026-03-11,124475,1,30,0,175.0
10110077NASCIMENTOW_2026-03-11_G11,10110077NASCIMENTOW,2026-03-11,122196,1,8,0,721.0
10110077NASCIMENTOW_2026-03-11_G12,10110077NASCIMENTOW,2026-03-11,122962,1,50,0,2258.0
10110077NASCIMENTOW_2026-03-11_G13,10110077NASCIMENTOW,2026-03-11,122962,1,24,0,529.0
10110077NASCIMENTOW_2026-03-11_G14,10110077NASCIMENTOW,2026-03-11,122962,1,60,0,851.0
10110077NASCIMENTOW_2026-03-11_G15,10110077NASCIMENTOW,2026-03-11,122647,1,30,0,602.0
10110077NASCIMENTOW_2026-03-11_G16,10110077NASCIMENTOW,2026-03-11,122647,1,20,0,326.0
10110077NASCIMENTOW_2026-03-11_G17,10110077NASCIMENTOW,2026-03-11,120028,1,50,0,595.0
10110077NASCIMENTOW_2026-03-11_G18,10110077NASCIMENTOW,2026-03-11,124486,1,50,0,751.0
10110077NASCIMENTOW_2026-03-11_G19,10110077NASCIMENTOW,2026-03-11,124486,1,14,0,138.0
10110077NASCIMENTOW_2026-03-11_G20,10110077NASCIMENTOW,2026-03-11,124486,1,10,0,205.0
10110077NASCIMENTOW_2026-03-11_G21,10110077NASCIMENTOW,2026-03-11,122984,1,3,0,795.0
10110077NASCIMENTOW_2026-03-11_G22,10110077NASCIMENTOW,2026-03-11,124486,1,7,0,1216.0
10110077NASCIMENTOW_2026-03-11_G23,10110077NASCIMENTOW,2026-03-11,123344,1,2,0,672.0
10110077NASCIMENTOW_2026-03-11_G24,10110077NASCIMENTOW,2026-03-11,121760,1,2,0,155.0
10110077NASCIMENTOW_2026-03-11_G25,10110077NASCIMENTOW,2026-03-11,124248,1,8,0,141.0
10110077NASCIMENTOW_2026-03-11_G26,10110077NASCIMENTOW,2026-03-11,121651,1,2,0,96.0
10110077NASCIMENTOW_2026-03-11_G27,10110077NASCIMENTOW,2026-03-11,123343,1,4,0,180.0
10110077NASCIMENTOW_2026-03-11_G28,10110077NASCIMENTOW,2026-03-11,122962,1,8,0,172.0
10110077NASCIMENTOW_2026-03-11_G29,10110077NASCIMENTOW,2026-03-11,124582,1,20,0,641.0
10110077NASCIMENTOW_2026-03-11_G30,10110077NASCIMENTOW,2026-03-11,124248,1,20,0,171.0
10110077NASCIMENTOW_2026-03-11_G31,10110077NASCIMENTOW,2026-03-11,124486,1,12,0,445.0
10110077NASCIMENTOW_2026-03-11_G32,10110077NASCIMENTOW,2026-03-11,124483,1,1,0,129.0
10110077NASCIMENTOW_2026-03-11_G34,10110077NASCIMENTOW,2026-03-11,124486,1,12,0,258.0
10110077NASCIMENTOW_2026-03-11_G35,10110077NASCIMENTOW,2026-03-11,123344,1,4,0,250.0
10110077NASCIMENTOW_2026-03-11_G36,10110077NASCIMENTOW,2026-03-11,124477,1,2,0,63.0
10110077NASCIMENTOW_2026-03-11_G37,10110077NASCIMENTOW,2026-03-11,121760,1,2,0,295.0
10110077NASCIMENTOW_2026-03-11_G38,10110077NASCIMENTOW,2026-03-11,124370,1,3,0,110.0
10110077NASCIMENTOW_2026-03-11_G39,10110077NASCIMENTOW,2026-03-11,121651,1,4,0,124.0
10110077NASCIMENTOW_2026-03-11_G40,10110077NASCIMENTOW,2026-03-11,123909,1,1,0,73.0
10110077NASCIMENTOW_2026-03-11_G41,10110077NASCIMENTOW,2026-03-11,124483,1,2,0,166.0
10110077NASCIMENTOW_2026-03-11_G42,10110077NASCIMENTOW,2026-03-11,124728,1,4,0,720.0
10110077NASCIMENTOW_2026-03-11_G43,10110077NASCIMENTOW,2026-03-11,124483,1,6,0,1829.0
10110077NASCIMENTOW_2026-03-11_G44,10110077NASCIMENTOW,2026-03-11,"123343, 180024",2,12,30,425.0
10110077NASCIMENTOW_2026-03-11_G45,10110077NASCIMENTOW,2026-03-11,181907,1,2,0,715.0
10110077NASCIMENTOW_2026-03-11_G46,10110077NASCIMENTOW,2026-03-11,124433,1,12,0,1162.0
10110077NASCIMENTOW_2026-03-11_G47,10110077NASCIMENTOW,2026-03-11,122673,1,22,0,368.0
10110077NASCIMENTOW_2026-03-11_G48,10110077NASCIMENTOW,2026-03-11,122673,1,20,0,309.0
10110077NASCIMENTOW_2026-03-11_G49,10110077NASCIMENTOW,2026-03-11,122673,1,6,0,188.0
10110077NASCIMENTOW_2026-03-11_G50,10110077NASCIMENTOW,2026-03-11,122962,1,50,0,797.0
10110077NASCIMENTOW_2026-03-12_G03,10110077NASCIMENTOW,2026-03-12,124486,1,30,0,517.0
10110077NASCIMENTOW_2026-03-12_G04,10110077NASCIMENTOW,2026-03-12,122983,1,4,0,119.0
10110077NASCIMENTOW_2026-03-12_G05,10110077NASCIMENTOW,2026-03-12,123345,1,5,0,181.0
10110077NASCIMENTOW_2026-03-12_G06,10110077NASCIMENTOW,2026-03-12,122962,1,7,0,201.0
10110077NASCIMENTOW_2026-03-12_G07,10110077NASCIMENTOW,2026-03-12,124370,1,10,0,330.0
10110077NASCIMENTOW_2026-03-12_G08,10110077NASCIMENTOW,2026-03-12,122703,1,4,0,91.0
10110077NASCIMENTOW_2026-03-12_G09,10110077NASCIMENTOW,2026-03-12,124371,1,7,0,1155.0
10110077NASCIMENTOW_2026-03-12_G11,10110077NASCIMENTOW,2026-03-12,121651,1,4,0,134.0
10110077NASCIMENTOW_2026-03-12_G12,10110077NASCIMENTOW,2026-03-12,122983,1,4,0,117.0
10110077NASCIMENTOW_2026-03-12_G13,10110077NASCIMENTOW,2026-03-12,122962,1,7,0,124.0
10110077NASCIMENTOW_2026-03-12_G14,10110077NASCIMENTOW,2026-03-12,124486,1,6,0,203.0
10110077NASCIMENTOW_2026-03-12_G15,10110077NASCIMENTOW,2026-03-12,124582,1,10,0,201.0
10110077NASCIMENTOW_2026-03-12_G16,10110077NASCIMENTOW,2026-03-12,124486,1,13,0,489.0
10110077NASCIMENTOW_2026-03-12_G17,10110077NASCIMENTOW,2026-03-12,123822,1,40,0,1510.0
10110077NASCIMENTOW_2026-03-12_G18,10110077NASCIMENTOW,2026-03-12,124247,1,2,0,401.0
10110077NASCIMENTOW_2026-03-12_G19,10110077NASCIMENTOW,2026-03-12,122962,1,4,0,130.0
10110077NASCIMENTOW_2026-03-12_G20,10110077NASCIMENTOW,2026-03-12,124582,1,4,0,266.0
10110077NASCIMENTOW_2026-03-12_G21,10110077NASCIMENTOW,2026-03-12,124248,1,3,0,54.0
10110077NASCIMENTOW_2026-03-12_G22,10110077NASCIMENTOW,2026-03-12,124486,1,4,0,629.0
10110077NASCIMENTOW_2026-03-12_G23,10110077NASCIMENTOW,2026-03-12,122962,1,20,0,333.0
10110077NASCIMENTOW_2026-03-12_G24,10110077NASCIMENTOW,2026-03-12,120028,1,60,0,2120.0
10110077NASCIMENTOW_2026-03-13_G02,10110077NASCIMENTOW,2026-03-13,122984,1,24,0,521.0
10110077NASCIMENTOW_2026-03-13_G03,10110077NASCIMENTOW,2026-03-13,123343,1,8,0,333.0
10110077NASCIMENTOW_2026-03-13_G04,10110077NASCIMENTOW,2026-03-13,122962,1,40,0,414.0
10110077NASCIMENTOW_2026-03-13_G05,10110077NASCIMENTOW,2026-03-13,124248,1,20,0,621.0
10110077NASCIMENTOW_2026-03-13_G06,10110077NASCIMENTOW,2026-03-13,122962,1,144,0,2447.0
10110077NASCIMENTOW_2026-03-13_G07,10110077NASCIMENTOW,2026-03-13,124475,1,10,0,654.0
10110077NASCIMENTOW_2026-03-13_G08,10110077NASCIMENTOW,2026-03-13,122673,1,11,0,127.0
10110077NASCIMENTOW_2026-03-13_G09,10110077NASCIMENTOW,2026-03-13,124486,1,40,0,619.0
10110077NASCIMENTOW_2026-03-13_G10,10110077NASCIMENTOW,2026-03-13,122185,1,10,0,355.0
10110077NASCIMENTOW_2026-03-13_G11,10110077NASCIMENTOW,2026-03-13,122983,1,16,0,370.0
10110077NASCIMENTOW_2026-03-13_G12,10110077NASCIMENTOW,2026-03-13,120339,1,1,0,170.0
10110077NASCIMENTOW_2026-03-13_G13,10110077NASCIMENTOW,2026-03-13,122986,1,6,0,990.0
10110077NASCIMENTOW_2026-03-13_G14,10110077NASCIMENTOW,2026-03-13,122962,1,8,0,110.0
10110077NASCIMENTOW_2026-03-13_G15,10110077NASCIMENTOW,2026-03-13,122647,1,16,0,290.0
10110077NASCIMENTOW_2026-03-13_G16,10110077NASCIMENTOW,2026-03-13,122671,1,4,0,107.0
10110077NASCIMENTOW_2026-03-13_G17,10110077NASCIMENTOW,2026-03-13,122962,1,20,0,465.0
10110077NASCIMENTOW_2026-03-13_G18,10110077NASCIMENTOW,2026-03-13,124486,1,14,0,397.0
10110077NASCIMENTOW_2026-03-13_G19,10110077NASCIMENTOW,2026-03-13,123345,1,10,0,331.0
10110077NASCIMENTOW_2026-03-13_G20,10110077NASCIMENTOW,2026-03-13,123345,1,10,0,282.0
10110077NASCIMENTOW_2026-03-13_G21,10110077NASCIMENTOW,2026-03-13,122703,1,4,0,298.0
10110077NASCIMENTOW_2026-03-13_G22,10110077NASCIMENTOW,2026-03-13,122673,1,6,0,69.0
10110077NASCIMENTOW_2026-03-13_G23,10110077NASCIMENTOW,2026-03-13,124371,1,4,0,137.0
10110077NASCIMENTOW_2026-03-13_G24,10110077NASCIMENTOW,2026-03-13,122967,1,60,0,2532.0
10110077NASCIMENTOW_2026-03-13_G25,10110077NASCIMENTOW,2026-03-13,120028,1,20,0,237.0
10110077NASCIMENTOW_2026-03-13_G26,10110077NASCIMENTOW,2026-03-13,122962,1,14,0,359.0
10110077NASCIMENTOW_2026-03-13_G27,10110077NASCIMENTOW,2026-03-13,122185,1,30,0,639.0
10110077NASCIMENTOW_2026-03-13_G28,10110077NASCIMENTOW,2026-03-13,122962,1,22,0,436.0
10110077NASCIMENTOW_2026-03-13_G29,10110077NASCIMENTOW,2026-03-13,122962,1,10,0,157.0
10110077NASCIMENTOW_2026-03-13_G31,10110077NASCIMENTOW,2026-03-13,122962,1,28,0,513.0
10110077NASCIMENTOW_2026-03-13_G32,10110077NASCIMENTOW,2026-03-13,123562,1,2,0,193.0
10110077NASCIMENTOW_2026-03-13_G33,10110077NASCIMENTOW,2026-03-13,122671,1,8,0,67.0
10110077NASCIMENTOW_2026-03-13_G34,10110077NASCIMENTOW,2026-03-13,123492,1,40,0,568.0
10110077NASCIMENTOW_2026-03-13_G35,10110077NASCIMENTOW,2026-03-13,122962,1,60,0,746.0
10110077NASCIMENTOW_2026-03-13_G36,10110077NASCIMENTOW,2026-03-13,124248,1,1,0,709.0
10110077NASCIMENTOW_2026-03-13_G37,10110077NASCIMENTOW,2026-03-13,122982,1,8,0,320.0
10110077NASCIMENTOW_2026-03-13_G38,10110077NASCIMENTOW,2026-03-13,122988,1,3,0,336.0
10110077NASCIMENTOW_2026-03-14_G03,10110077NASCIMENTOW,2026-03-14,114647,1,2,0,572.0
10110077NASCIMENTOW_2026-03-14_G04,10110077NASCIMENTOW,2026-03-14,123345,1,30,0,454.0
10110077NASCIMENTOW_2026-03-14_G05,10110077NASCIMENTOW,2026-03-14,123313,1,2,0,790.0
10110077NASCIMENTOW_2026-03-14_G06,10110077NASCIMENTOW,2026-03-14,124729,1,4,0,117.0
10110077NASCIMENTOW_2026-03-14_G07,10110077NASCIMENTOW,2026-03-14,124247,1,4,0,201.0
10110077NASCIMENTOW_2026-03-14_G08,10110077NASCIMENTOW,2026-03-14,121760,1,16,0,569.0
10110077NASCIMENTOW_2026-03-14_G09,10110077NASCIMENTOW,2026-03-14,124476,1,1,0,139.0
10110077NASCIMENTOW_2026-03-14_G10,10110077NASCIMENTOW,2026-03-14,122673,1,14,0,985.0
10110077NASCIMENTOW_2026-03-14_G11,10110077NASCIMENTOW,2026-03-14,122962,1,36,0,1604.0
10110077NASCIMENTOW_2026-03-14_G12,10110077NASCIMENTOW,2026-03-14,124484,1,12,0,182.0
10110077NASCIMENTOW_2026-03-14_G13,10110077NASCIMENTOW,2026-03-14,120028,1,24,0,336.0
10110077NASCIMENTOW_2026-03-14_G14,10110077NASCIMENTOW,2026-03-14,120339,1,26,0,434.0
10110077NASCIMENTOW_2026-03-14_G15,10110077NASCIMENTOW,2026-03-14,120339,1,4,0,58.0
10110077NASCIMENTOW_2026-03-14_G17,10110077NASCIMENTOW,2026-03-14,120287,1,100,0,878.0
10110077NASCIMENTOW_2026-03-16_G02,10110077NASCIMENTOW,2026-03-16,123343,1,1,0,358.0
10110077NASCIMENTOW_2026-03-16_G03,10110077NASCIMENTOW,2026-03-16,123343,1,10,0,120.0
10110077NASCIMENTOW_2026-03-16_G04,10110077NASCIMENTOW,2026-03-16,123344,1,3,0,358.0
10110077NASCIMENTOW_2026-03-16_G05,10110077NASCIMENTOW,2026-03-16,123344,1,6,0,88.0
10110077NASCIMENTOW_2026-03-16_G06,10110077NASCIMENTOW,2026-03-16,124475,1,4,0,298.0
10110077NASCIMENTOW_2026-03-16_G07,10110077NASCIMENTOW,2026-03-16,124486,1,8,0,138.0
10110077NASCIMENTOW_2026-03-16_G08,10110077NASCIMENTOW,2026-03-16,124486,1,36,0,813.0
10110077NASCIMENTOW_2026-03-16_G09,10110077NASCIMENTOW,2026-03-16,123909,1,20,0,564.0
10110077NASCIMENTOW_2026-03-16_G10,10110077NASCIMENTOW,2026-03-16,124624,1,4,0,478.0
10110077NASCIMENTOW_2026-03-16_G11,10110077NASCIMENTOW,2026-03-16,124729,1,16,0,540.0
10110077NASCIMENTOW_2026-03-16_G12,10110077NASCIMENTOW,2026-03-16,124582,1,23,0,395.0
10110077NASCIMENTOW_2026-03-16_G13,10110077NASCIMENTOW,2026-03-16,122185,1,28,0,296.0
10110077NASCIMENTOW_2026-03-16_G14,10110077NASCIMENTOW,2026-03-16,123313,1,8,0,292.0
10110077NASCIMENTOW_2026-03-16_G15,10110077NASCIMENTOW,2026-03-16,124729,1,2,0,136.0
10110077NASCIMENTOW_2026-03-16_G16,10110077NASCIMENTOW,2026-03-16,124729,1,2,0,59.0
10110077NASCIMENTOW_2026-03-16_G17,10110077NASCIMENTOW,2026-03-16,123313,1,4,0,240.0
10110077NASCIMENTOW_2026-03-16_G18,10110077NASCIMENTOW,2026-03-16,122647,1,30,0,717.0
10110077NASCIMENTOW_2026-03-16_G19,10110077NASCIMENTOW,2026-03-16,122962,1,32,0,508.0
10110077NASCIMENTOW_2026-03-16_G20,10110077NASCIMENTOW,2026-03-16,124486,1,1,0,260.0
10110077NASCIMENTOW_2026-03-16_G21,10110077NASCIMENTOW,2026-03-16,123561,1,59,0,1416.0
10110077NASCIMENTOW_2026-03-16_G22,10110077NASCIMENTOW,2026-03-16,120271,1,12,0,977.0
10110077NASCIMENTOW_2026-03-16_G23,10110077NASCIMENTOW,2026-03-16,124594,1,8,0,222.0
10110077NASCIMENTOW_2026-03-16_G24,10110077NASCIMENTOW,2026-03-16,123561,1,30,0,41.0
10110077NASCIMENTOW_2026-03-16_G25,10110077NASCIMENTOW,2026-03-16,123561,1,4,0,66.0
10110077NASCIMENTOW_2026-03-16_G26,10110077NASCIMENTOW,2026-03-16,123561,1,4,0,58.0
10110077NASCIMENTOW_2026-03-16_G27,10110077NASCIMENTOW,2026-03-16,123561,1,5,0,117.0
10110077NASCIMENTOW_2026-03-16_G28,10110077NASCIMENTOW,2026-03-16,122981,1,24,0,446.0
10110077NASCIMENTOW_2026-03-16_G29,10110077NASCIMENTOW,2026-03-16,124371,1,2,0,92.0
10110077NASCIMENTOW_2026-03-16_G30,10110077NASCIMENTOW,2026-03-16,122185,1,12,0,113.0
10110077NASCIMENTOW_2026-03-16_G31,10110077NASCIMENTOW,2026-03-16,122983,1,12,0,262.0
10110077NASCIMENTOW_2026-03-16_G32,10110077NASCIMENTOW,2026-03-16,122983,1,12,0,317.0
10110077NASCIMENTOW_2026-03-16_G33,10110077NASCIMENTOW,2026-03-16,122983,1,4,0,91.0
10110077NASCIMENTOW_2026-03-16_G34,10110077NASCIMENTOW,2026-03-16,123313,1,6,0,278.0
10110077NASCIMENTOW_2026-03-16_G35,10110077NASCIMENTOW,2026-03-16,123822,1,12,0,1378.0
10110077NASCIMENTOW_2026-03-16_G36,10110077NASCIMENTOW,2026-03-16,124483,1,4,0,450.0
10110077NASCIMENTOW_2026-03-16_G37,10110077NASCIMENTOW,2026-03-16,122962,1,9,0,201.0
10110077NASCIMENTOW_2026-03-16_G38,10110077NASCIMENTOW,2026-03-16,122962,1,8,0,83.0
10110077NASCIMENTOW_2026-03-16_G39,10110077NASCIMENTOW,2026-03-16,124486,1,12,0,549.0
10110077NASCIMENTOW_2026-03-16_G40,10110077NASCIMENTOW,2026-03-16,124486,1,8,0,205.0
10110077NASCIMENTOW_2026-03-16_G42,10110077NASCIMENTOW,2026-03-16,124486,1,12,0,279.0
10110077NASCIMENTOW_2026-03-16_G43,10110077NASCIMENTOW,2026-03-16,124247,1,8,0,182.0
10110077NASCIMENTOW_2026-03-16_G44,10110077NASCIMENTOW,2026-03-16,124247,2,16,30,151.0
10110077NASCIMENTOW_2026-03-16_G45,10110077NASCIMENTOW,2026-03-16,120389,1,4,0,353.0
10110077NASCIMENTOW_2026-03-16_G46,10110077NASCIMENTOW,2026-03-16,123345,1,6,0,193.0
10110077NASCIMENTOW_2026-03-16_G47,10110077NASCIMENTOW,2026-03-16,"124247, 122962",2,24,27,294.0
10110077NASCIMENTOW_2026-03-16_G48,10110077NASCIMENTOW,2026-03-16,120028,1,20,0,265.0
10110077NASCIMENTOW_2026-03-16_G49,10110077NASCIMENTOW,2026-03-16,124484,1,50,0,736.0
10110077NASCIMENTOW_2026-03-16_G50,10110077NASCIMENTOW,2026-03-16,122962,1,16,0,1144.0
10110077NASCIMENTOW_2026-03-16_G51,10110077NASCIMENTOW,2026-03-16,124486,1,30,0,811.0
10110077NASCIMENTOW_2026-03-16_G52,10110077NASCIMENTOW,2026-03-16,122982,1,20,0,408.0
10110077NASCIMENTOW_2026-03-16_G53,10110077NASCIMENTOW,2026-03-16,120028,1,50,0,1196.0
10110077NASCIMENTOW_2026-03-16_G54,10110077NASCIMENTOW,2026-03-16,122962,1,64,0,854.0
10110077NASCIMENTOW_2026-03-17_G02,10110077NASCIMENTOW,2026-03-17,123345,1,12,0,1285.0
10110077NASCIMENTOW_2026-03-17_G03,10110077NASCIMENTOW,2026-03-17,123909,1,24,0,1444.0
10110077NASCIMENTOW_2026-03-17_G04,10110077NASCIMENTOW,2026-03-17,123822,1,12,0,652.0
10110077NASCIMENTOW_2026-03-17_G05,10110077NASCIMENTOW,2026-03-17,124477,1,6,0,304.0
10110077NASCIMENTOW_2026-03-17_G06,10110077NASCIMENTOW,2026-03-17,124729,1,8,0,222.0
10110077NASCIMENTOW_2026-03-17_G07,10110077NASCIMENTOW,2026-03-17,124594,1,4,0,144.0
10110077NASCIMENTOW_2026-03-17_G08,10110077NASCIMENTOW,2026-03-17,124475,1,12,0,224.0
10110077NASCIMENTOW_2026-03-17_G09,10110077NASCIMENTOW,2026-03-17,124370,1,30,0,594.0
10110077NASCIMENTOW_2026-03-17_G10,10110077NASCIMENTOW,2026-03-17,124484,1,18,0,260.0
10110077NASCIMENTOW_2026-03-17_G11,10110077NASCIMENTOW,2026-03-17,124484,1,3,0,82.0
10110077NASCIMENTOW_2026-03-17_G12,10110077NASCIMENTOW,2026-03-17,124371,1,12,0,179.0
10110077NASCIMENTOW_2026-03-17_G13,10110077NASCIMENTOW,2026-03-17,122982,1,4,0,162.0
10110077NASCIMENTOW_2026-03-17_G14,10110077NASCIMENTOW,2026-03-17,122982,1,32,0,494.0
10110077NASCIMENTOW_2026-03-17_G15,10110077NASCIMENTOW,2026-03-17,122982,1,12,0,83.0
10110077NASCIMENTOW_2026-03-17_G16,10110077NASCIMENTOW,2026-03-17,124582,1,24,0,601.0
10110077NASCIMENTOW_2026-03-17_G17,10110077NASCIMENTOW,2026-03-17,121760,1,18,0,609.0
10110077NASCIMENTOW_2026-03-17_G18,10110077NASCIMENTOW,2026-03-17,124476,1,4,0,66.0
10110077NASCIMENTOW_2026-03-17_G19,10110077NASCIMENTOW,2026-03-17,124486,1,40,0,392.0
10110077NASCIMENTOW_2026-03-17_G20,10110077NASCIMENTOW,2026-03-17,122983,1,4,0,164.0
10110077NASCIMENTOW_2026-03-17_G22,10110077NASCIMENTOW,2026-03-17,124582,1,20,0,495.0
10110077NASCIMENTOW_2026-03-17_G23,10110077NASCIMENTOW,2026-03-17,124582,1,16,0,371.0
10110077NASCIMENTOW_2026-03-17_G24,10110077NASCIMENTOW,2026-03-17,124486,1,3,0,113.0
10110077NASCIMENTOW_2026-03-17_G25,10110077NASCIMENTOW,2026-03-17,122986,1,1,0,54.0
10110077NASCIMENTOW_2026-03-17_G26,10110077NASCIMENTOW,2026-03-17,121651,1,4,0,113.0
10110077NASCIMENTOW_2026-03-17_G27,10110077NASCIMENTOW,2026-03-17,123909,1,5,0,456.0
10110077NASCIMENTOW_2026-03-17_G28,10110077NASCIMENTOW,2026-03-17,120389,1,8,0,362.0
10110077NASCIMENTOW_2026-03-17_G29,10110077NASCIMENTOW,2026-03-17,120028,1,6,0,188.0
10110077NASCIMENTOW_2026-03-17_G30,10110077NASCIMENTOW,2026-03-17,123343,1,3,0,308.0
10110077NASCIMENTOW_2026-03-17_G31,10110077NASCIMENTOW,2026-03-17,124729,1,2,0,114.0
10110077NASCIMENTOW_2026-03-17_G32,10110077NASCIMENTOW,2026-03-17,122962,1,4,0,82.0
10110077NASCIMENTOW_2026-03-17_G33,10110077NASCIMENTOW,2026-03-17,124370,1,8,0,220.0
10110077NASCIMENTOW_2026-03-17_G34,10110077NASCIMENTOW,2026-03-17,124486,1,2,0,130.0
10110077NASCIMENTOW_2026-03-17_G35,10110077NASCIMENTOW,2026-03-17,121651,1,7,0,100.0
10110077NASCIMENTOW_2026-03-17_G36,10110077NASCIMENTOW,2026-03-17,123909,1,2,0,270.0
10110077NASCIMENTOW_2026-03-17_G37,10110077NASCIMENTOW,2026-03-17,123344,1,6,0,238.0
10110077NASCIMENTOW_2026-03-17_G38,10110077NASCIMENTOW,2026-03-17,124729,1,2,0,232.0
10110077NASCIMENTOW_2026-03-17_G39,10110077NASCIMENTOW,2026-03-17,122962,1,4,0,127.0
10110077NASCIMENTOW_2026-03-17_G40,10110077NASCIMENTOW,2026-03-17,122703,1,4,0,136.0
10110077NASCIMENTOW_2026-03-17_G41,10110077NASCIMENTOW,2026-03-17,124370,1,4,0,138.0
10110077NASCIMENTOW_2026-03-17_G42,10110077NASCIMENTOW,2026-03-17,124582,1,4,0,120.0
10110077NASCIMENTOW_2026-03-17_G43,10110077NASCIMENTOW,2026-03-17,121760,1,8,0,490.0
10110077NASCIMENTOW_2026-03-17_G44,10110077NASCIMENTOW,2026-03-17,120028,1,13,0,440.0
10110077NASCIMENTOW_2026-03-17_G45,10110077NASCIMENTOW,2026-03-17,124476,1,4,0,81.0
10110077NASCIMENTOW_2026-03-17_G46,10110077NASCIMENTOW,2026-03-17,124486,1,16,0,211.0
10110077NASCIMENTOW_2026-03-17_G47,10110077NASCIMENTOW,2026-03-17,121651,1,5,0,123.0
10110077NASCIMENTOW_2026-03-18_G02,10110077NASCIMENTOW,2026-03-18,122962,1,30,0,512.0
10110077NASCIMENTOW_2026-03-18_G03,10110077NASCIMENTOW,2026-03-18,124486,1,10,0,617.0
10110077NASCIMENTOW_2026-03-18_G04,10110077NASCIMENTOW,2026-03-18,124483,1,4,0,194.0
10110077NASCIMENTOW_2026-03-18_G05,10110077NASCIMENTOW,2026-03-18,123822,1,24,0,790.0
10110077NASCIMENTOW_2026-03-18_G06,10110077NASCIMENTOW,2026-03-18,122962,1,32,0,737.0
10110077NASCIMENTOW_2026-03-18_G07,10110077NASCIMENTOW,2026-03-18,124486,1,40,0,744.0
10110077NASCIMENTOW_2026-03-18_G08,10110077NASCIMENTOW,2026-03-18,123344,1,6,0,247.0
10110077NASCIMENTOW_2026-03-18_G09,10110077NASCIMENTOW,2026-03-18,122962,1,4,0,290.0
10110077NASCIMENTOW_2026-03-18_G10,10110077NASCIMENTOW,2026-03-18,124725,1,32,0,919.0
10110077NASCIMENTOW_2026-03-18_G11,10110077NASCIMENTOW,2026-03-18,122962,1,5,0,480.0
10110077NASCIMENTOW_2026-03-18_G12,10110077NASCIMENTOW,2026-03-18,121760,1,10,0,212.0
10110077NASCIMENTOW_2026-03-18_G13,10110077NASCIMENTOW,2026-03-18,122671,1,2,0,256.0
10110077NASCIMENTOW_2026-03-18_G14,10110077NASCIMENTOW,2026-03-18,121651,1,11,0,265.0
10110077NASCIMENTOW_2026-03-18_G15,10110077NASCIMENTOW,2026-03-18,123909,1,10,0,267.0
10110077NASCIMENTOW_2026-03-18_G16,10110077NASCIMENTOW,2026-03-18,123345,1,34,0,941.0
10110077NASCIMENTOW_2026-03-18_G17,10110077NASCIMENTOW,2026-03-18,"123343, 123345",2,38,17,1193.0
10110077NASCIMENTOW_2026-03-18_G18,10110077NASCIMENTOW,2026-03-18,124247,1,6,0,102.0
10110077NASCIMENTOW_2026-03-18_G19,10110077NASCIMENTOW,2026-03-18,124370,1,5,0,222.0
10110077NASCIMENTOW_2026-03-18_G20,10110077NASCIMENTOW,2026-03-18,124371,1,10,0,244.0
10110077NASCIMENTOW_2026-03-18_G21,10110077NASCIMENTOW,2026-03-18,124476,1,10,0,335.0
10110077NASCIMENTOW_2026-03-18_G22,10110077NASCIMENTOW,2026-03-18,122983,1,4,0,202.0
10110077NASCIMENTOW_2026-03-18_G23,10110077NASCIMENTOW,2026-03-18,121651,1,12,0,242.0
10110077NASCIMENTOW_2026-03-18_G25,10110077NASCIMENTOW,2026-03-18,122962,1,30,0,633.0
10110077NASCIMENTOW_2026-03-18_G26,10110077NASCIMENTOW,2026-03-18,124486,1,70,0,957.0
10110077NASCIMENTOW_2026-03-18_G27,10110077NASCIMENTOW,2026-03-18,120389,1,20,0,262.0
10110077NASCIMENTOW_2026-03-18_G28,10110077NASCIMENTOW,2026-03-18,122962,1,10,0,218.0
10110077NASCIMENTOW_2026-03-18_G29,10110077NASCIMENTOW,2026-03-18,124725,1,8,0,320.0
10110077NASCIMENTOW_2026-03-18_G30,10110077NASCIMENTOW,2026-03-18,120008,1,20,0,603.0
10110077NASCIMENTOW_2026-03-18_G31,10110077NASCIMENTOW,2026-03-18,123822,1,36,0,941.0
10110077NASCIMENTOW_2026-03-18_G32,10110077NASCIMENTOW,2026-03-18,124247,1,10,0,466.0
10110077NASCIMENTOW_2026-03-18_G33,10110077NASCIMENTOW,2026-03-18,122962,1,10,0,109.0
10110077NASCIMENTOW_2026-03-18_G34,10110077NASCIMENTOW,2026-03-18,124486,1,1,0,150.0
10110077NASCIMENTOW_2026-03-19_G02,10110077NASCIMENTOW,2026-03-19,122671,1,4,0,372.0
10110077NASCIMENTOW_2026-03-19_G03,10110077NASCIMENTOW,2026-03-19,124582,1,10,0,323.0
10110077NASCIMENTOW_2026-03-19_G04,10110077NASCIMENTOW,2026-03-19,122185,1,6,0,242.0
10110077NASCIMENTOW_2026-03-19_G05,10110077NASCIMENTOW,2026-03-19,122983,1,2,0,123.0
10110077NASCIMENTOW_2026-03-19_G06,10110077NASCIMENTOW,2026-03-19,122185,1,7,0,256.0
10110077NASCIMENTOW_2026-03-19_G07,10110077NASCIMENTOW,2026-03-19,123909,1,6,0,370.0
10110077NASCIMENTOW_2026-03-19_G08,10110077NASCIMENTOW,2026-03-19,120271,1,4,0,771.0
10110077NASCIMENTOW_2026-03-19_G09,10110077NASCIMENTOW,2026-03-19,120271,1,16,0,300.0
10110077NASCIMENTOW_2026-03-19_G10,10110077NASCIMENTOW,2026-03-19,124594,1,2,0,89.0
10110077NASCIMENTOW_2026-03-19_G11,10110077NASCIMENTOW,2026-03-19,123561,1,6,0,233.0
10110077NASCIMENTOW_2026-03-19_G12,10110077NASCIMENTOW,2026-03-19,122981,1,16,0,275.0
10110077NASCIMENTOW_2026-03-19_G13,10110077NASCIMENTOW,2026-03-19,122981,1,2,0,94.0
10110077NASCIMENTOW_2026-03-19_G14,10110077NASCIMENTOW,2026-03-19,120389,1,2,0,56.0
10110077NASCIMENTOW_2026-03-19_G15,10110077NASCIMENTOW,2026-03-19,124371,1,6,0,175.0
10110077NASCIMENTOW_2026-03-19_G16,10110077NASCIMENTOW,2026-03-19,122983,1,8,0,61.0
10110077NASCIMENTOW_2026-03-19_G17,10110077NASCIMENTOW,2026-03-19,120339,1,8,0,262.0
10110077NASCIMENTOW_2026-03-19_G18,10110077NASCIMENTOW,2026-03-19,120271,1,4,0,119.0
10110077NASCIMENTOW_2026-03-19_G19,10110077NASCIMENTOW,2026-03-19,"122983, 123343",2,9,18,192.0
10110077NASCIMENTOW_2026-03-19_G20,10110077NASCIMENTOW,2026-03-19,120028,1,60,0,664.0
10110077NASCIMENTOW_2026-03-19_G21,10110077NASCIMENTOW,2026-03-19,120389,1,20,0,276.0
10110077NASCIMENTOW_2026-03-19_G22,10110077NASCIMENTOW,2026-03-19,120028,1,50,0,698.0
10110077NASCIMENTOW_2026-03-19_G23,10110077NASCIMENTOW,2026-03-19,123343,1,3,0,793.0
10110077NASCIMENTOW_2026-03-19_G24,10110077NASCIMENTOW,2026-03-19,124247,1,10,0,171.0
10110077NASCIMENTOW_2026-03-19_G25,10110077NASCIMENTOW,2026-03-19,122962,1,2,0,424.0
10110077NASCIMENTOW_2026-03-19_G26,10110077NASCIMENTOW,2026-03-19,124484,1,6,0,169.0
10110077NASCIMENTOW_2026-03-19_G27,10110077NASCIMENTOW,2026-03-19,124582,1,18,0,443.0
10110077NASCIMENTOW_2026-03-19_G28,10110077NASCIMENTOW,2026-03-19,124486,1,18,0,273.0
10110077NASCIMENTOW_2026-03-19_G29,10110077NASCIMENTOW,2026-03-19,121923,1,2,0,407.0
10110077NASCIMENTOW_2026-03-19_G30,10110077NASCIMENTOW,2026-03-19,"123345, 123343",2,22,5,1276.0
10110077NASCIMENTOW_2026-03-19_G31,10110077NASCIMENTOW,2026-03-19,122962,1,4,0,596.0
10110077NASCIMENTOW_2026-03-19_G32,10110077NASCIMENTOW,2026-03-19,123344,1,11,0,596.0
10110077NASCIMENTOW_2026-03-19_G33,10110077NASCIMENTOW,2026-03-19,121760,1,12,0,329.0
10110077NASCIMENTOW_2026-03-19_G34,10110077NASCIMENTOW,2026-03-19,123345,1,10,0,252.0
10110077NASCIMENTOW_2026-03-19_G35,10110077NASCIMENTOW,2026-03-19,124370,1,1,0,697.0
10110077NASCIMENTOW_2026-03-19_G36,10110077NASCIMENTOW,2026-03-19,124484,1,32,0,460.0
10110077NASCIMENTOW_2026-03-19_G37,10110077NASCIMENTOW,2026-03-19,121760,1,24,0,305.0
10110077NASCIMENTOW_2026-03-19_G38,10110077NASCIMENTOW,2026-03-19,124582,1,4,0,133.0
10110077NASCIMENTOW_2026-03-19_G39,10110077NASCIMENTOW,2026-03-19,124486,1,2,0,68.0
10110077NASCIMENTOW_2026-03-19_G40,10110077NASCIMENTOW,2026-03-19,123909,1,5,0,381.0
10110077NASCIMENTOW_2026-03-19_G41,10110077NASCIMENTOW,2026-03-19,123344,1,14,0,606.0
10110077NASCIMENTOW_2026-03-19_G42,10110077NASCIMENTOW,2026-03-19,123345,1,31,0,1089.0
10110077NASCIMENTOW_2026-03-19_G44,10110077NASCIMENTOW,2026-03-19,122962,1,2,0,138.0
10110077NASCIMENTOW_2026-03-19_G45,10110077NASCIMENTOW,2026-03-19,121760,1,3,0,158.0
10110077NASCIMENTOW_2026-03-19_G46,10110077NASCIMENTOW,2026-03-19,123344,1,17,0,586.0
10110077NASCIMENTOW_2026-03-19_G47,10110077NASCIMENTOW,2026-03-19,123345,1,11,0,903.0
10110077NASCIMENTOW_2026-03-19_G48,10110077NASCIMENTOW,2026-03-19,123909,1,5,0,411.0
10110077NASCIMENTOW_2026-03-19_G49,10110077NASCIMENTOW,2026-03-19,122703,1,10,0,241.0
10110077NASCIMENTOW_2026-03-19_G50,10110077NASCIMENTOW,2026-03-19,124370,1,4,0,219.0
10110077NASCIMENTOW_2026-03-19_G51,10110077NASCIMENTOW,2026-03-19,124371,1,3,0,124.0
10110077NASCIMENTOW_2026-03-19_G52,10110077NASCIMENTOW,2026-03-19,121760,1,16,0,207.0
10110077NASCIMENTOW_2026-03-19_G53,10110077NASCIMENTOW,2026-03-19,124486,1,6,0,65.0
10110077NASCIMENTOW_2026-03-19_G54,10110077NASCIMENTOW,2026-03-19,121651,1,2,0,167.0
10110077NASCIMENTOW_2026-03-19_G55,10110077NASCIMENTOW,2026-03-19,123344,1,3,0,269.0
10110077NASCIMENTOW_2026-03-19_G56,10110077NASCIMENTOW,2026-03-19,123344,1,12,0,424.0
10110077NASCIMENTOW_2026-03-19_G57,10110077NASCIMENTOW,2026-03-19,123345,1,4,0,161.0
10110077NASCIMENTOW_2026-03-19_G58,10110077NASCIMENTOW,2026-03-19,123345,1,2,0,457.0
10110077NASCIMENTOW_2026-03-19_G59,10110077NASCIMENTOW,2026-03-19,123344,1,6,0,207.0
10110077NASCIMENTOW_2026-03-19_G60,10110077NASCIMENTOW,2026-03-19,124370,1,3,0,230.0
10110077NASCIMENTOW_2026-03-19_G61,10110077NASCIMENTOW,2026-03-19,124371,1,8,0,142.0
10110077NASCIMENTOW_2026-03-19_G62,10110077NASCIMENTOW,2026-03-19,124486,1,10,0,211.0
10110077NASCIMENTOW_2026-03-19_G63,10110077NASCIMENTOW,2026-03-19,124486,1,21,0,300.0
10110077NASCIMENTOW_2026-03-19_G64,10110077NASCIMENTOW,2026-03-19,123344,1,2,0,128.0
10110077NASCIMENTOW_2026-03-19_G65,10110077NASCIMENTOW,2026-03-19,122962,1,8,0,235.0
10110077NASCIMENTOW_2026-03-19_G66,10110077NASCIMENTOW,2026-03-19,124486,1,14,0,253.0
10110077NASCIMENTOW_2026-03-19_G67,10110077NASCIMENTOW,2026-03-19,122671,1,12,0,282.0
10110077NASCIMENTOW_2026-03-19_G68,10110077NASCIMENTOW,2026-03-19,123909,1,30,0,635.0
10110077NASCIMENTOW_2026-03-21_G02,10110077NASCIMENTOW,2026-03-21,122962,1,40,0,459.0
10110077NASCIMENTOW_2026-03-21_G03,10110077NASCIMENTOW,2026-03-21,124483,1,20,0,245.0
10110077NASCIMENTOW_2026-03-21_G04,10110077NASCIMENTOW,2026-03-21,122673,1,34,0,181.0
10110077NASCIMENTOW_2026-03-21_G05,10110077NASCIMENTOW,2026-03-21,120389,1,11,0,127.0
10110077NASCIMENTOW_2026-03-21_G06,10110077NASCIMENTOW,2026-03-21,124371,1,80,0,953.0
10110077NASCIMENTOW_2026-03-21_G07,10110077NASCIMENTOW,2026-03-21,122983,1,10,0,154.0
10110077NASCIMENTOW_2026-03-21_G08,10110077NASCIMENTOW,2026-03-21,124476,1,30,0,1509.0
10110077NASCIMENTOW_2026-03-21_G09,10110077NASCIMENTOW,2026-03-21,123343,1,39,0,370.0
10110077NASCIMENTOW_2026-03-21_G10,10110077NASCIMENTOW,2026-03-21,118179,1,4,0,480.0
10110077NASCIMENTOW_2026-03-21_G11,10110077NASCIMENTOW,2026-03-21,123561,1,5,0,621.0
10110077NASCIMENTOW_2026-03-21_G12,10110077NASCIMENTOW,2026-03-21,"124484, 123344",2,320,17,2572.0
10110077NASCIMENTOW_2026-03-21_G13,10110077NASCIMENTOW,2026-03-21,124475,1,10,0,929.0
10110077NASCIMENTOW_2026-03-21_G14,10110077NASCIMENTOW,2026-03-21,124370,1,6,0,328.0
10110077NASCIMENTOW_2026-03-21_G15,10110077NASCIMENTOW,2026-03-21,121760,1,16,0,400.0
10110077NASCIMENTOW_2026-03-21_G16,10110077NASCIMENTOW,2026-03-21,122982,1,1,0,69.0
10110077NASCIMENTOW_2026-03-21_G17,10110077NASCIMENTOW,2026-03-21,124248,1,3,0,73.0
10110077NASCIMENTOW_2026-03-21_G18,10110077NASCIMENTOW,2026-03-21,124582,1,6,0,134.0
10110077NASCIMENTOW_2026-03-21_G19,10110077NASCIMENTOW,2026-03-21,124729,1,4,0,180.0
10110077NASCIMENTOW_2026-03-21_G20,10110077NASCIMENTOW,2026-03-21,123344,1,20,0,1733.0
10110077NASCIMENTOW_2026-03-21_G21,10110077NASCIMENTOW,2026-03-21,124486,1,20,0,1344.0
10110077NASCIMENTOW_2026-03-21_G22,10110077NASCIMENTOW,2026-03-21,122671,1,24,0,374.0
10110077NASCIMENTOW_2026-03-21_G23,10110077NASCIMENTOW,2026-03-21,124484,1,12,0,281.0
10110077NASCIMENTOW_2026-03-21_G25,10110077NASCIMENTOW,2026-03-21,122962,1,23,0,345.0
10110077NASCIMENTOW_2026-03-21_G26,10110077NASCIMENTOW,2026-03-21,124486,1,11,0,144.0
10110077NASCIMENTOW_2026-03-21_G27,10110077NASCIMENTOW,2026-03-21,123343,1,12,0,365.0
10110077NASCIMENTOW_2026-03-21_G28,10110077NASCIMENTOW,2026-03-21,124484,1,20,0,284.0
10110077NASCIMENTOW_2026-03-21_G29,10110077NASCIMENTOW,2026-03-21,123909,1,2,0,232.0
10110077NASCIMENTOW_2026-03-21_G30,10110077NASCIMENTOW,2026-03-21,124486,1,4,0,273.0
10110077NASCIMENTOW_2026-03-21_G31,10110077NASCIMENTOW,2026-03-21,123345,1,30,0,100.0
10110077NASCIMENTOW_2026-03-21_G32,10110077NASCIMENTOW,2026-03-21,124725,2,6,14,1637.0
10110077NASCIMENTOW_2026-03-21_G33,10110077NASCIMENTOW,2026-03-21,124725,3,12,33,130.0
10110077NASCIMENTOW_2026-03-21_G34,10110077NASCIMENTOW,2026-03-21,124725,4,16,38,33.0
10110077NASCIMENTOW_2026-03-23_G02,10110077NASCIMENTOW,2026-03-23,180073,1,6,0,865.0
10110077NASCIMENTOW_2026-03-23_G03,10110077NASCIMENTOW,2026-03-23,122962,1,4,0,41.0
10110077NASCIMENTOW_2026-03-23_G04,10110077NASCIMENTOW,2026-03-23,120028,1,6,0,236.0
10110077NASCIMENTOW_2026-03-23_G05,10110077NASCIMENTOW,2026-03-23,124248,1,100,0,2115.0
10110077NASCIMENTOW_2026-03-23_G06,10110077NASCIMENTOW,2026-03-23,123345,1,40,0,1242.0
10110077NASCIMENTOW_2026-03-23_G07,10110077NASCIMENTOW,2026-03-23,120389,1,10,0,785.0
10110077NASCIMENTOW_2026-03-23_G08,10110077NASCIMENTOW,2026-03-23,120028,1,4,0,180.0
10110077NASCIMENTOW_2026-03-23_G09,10110077NASCIMENTOW,2026-03-23,124624,1,20,0,418.0
10110077NASCIMENTOW_2026-03-23_G10,10110077NASCIMENTOW,2026-03-23,124624,1,17,0,728.0
10110077NASCIMENTOW_2026-03-23_G11,10110077NASCIMENTOW,2026-03-23,124624,1,18,0,613.0
10110077NASCIMENTOW_2026-03-23_G12,10110077NASCIMENTOW,2026-03-23,122962,1,18,0,234.0
10110077NASCIMENTOW_2026-03-23_G13,10110077NASCIMENTOW,2026-03-23,123343,1,6,0,262.0
10110077NASCIMENTOW_2026-03-23_G14,10110077NASCIMENTOW,2026-03-23,123344,1,12,0,177.0
10110077NASCIMENTOW_2026-03-23_G15,10110077NASCIMENTOW,2026-03-23,124486,1,30,0,699.0
10110077NASCIMENTOW_2026-03-23_G16,10110077NASCIMENTOW,2026-03-23,122962,1,48,0,580.0
10110077NASCIMENTOW_2026-03-23_G17,10110077NASCIMENTOW,2026-03-23,120028,1,30,0,1451.0
10110077NASCIMENTOW_2026-03-24_G02,10110077NASCIMENTOW,2026-03-24,123345,1,100,0,368.0
10110077NASCIMENTOW_2026-03-24_G03,10110077NASCIMENTOW,2026-03-24,121760,1,4,0,556.0
10110077NASCIMENTOW_2026-03-24_G04,10110077NASCIMENTOW,2026-03-24,121760,1,2,0,193.0
10110077NASCIMENTOW_2026-03-24_G05,10110077NASCIMENTOW,2026-03-24,120028,1,8,0,220.0
10110077NASCIMENTOW_2026-03-24_G07,10110077NASCIMENTOW,2026-03-24,180024,1,20,0,1413.0
10110077NASCIMENTOW_2026-03-24_G08,10110077NASCIMENTOW,2026-03-24,123344,1,20,0,1015.0
10110077NASCIMENTOW_2026-03-24_G09,10110077NASCIMENTOW,2026-03-24,122962,1,8,0,263.0
10110077NASCIMENTOW_2026-03-24_G10,10110077NASCIMENTOW,2026-03-24,122703,1,12,0,166.0
10110077NASCIMENTOW_2026-03-24_G11,10110077NASCIMENTOW,2026-03-24,124475,1,8,0,73.0
10110077NASCIMENTOW_2026-03-24_G12,10110077NASCIMENTOW,2026-03-24,124370,1,2,0,296.0
10110077NASCIMENTOW_2026-03-24_G13,10110077NASCIMENTOW,2026-03-24,"121760, 122647",2,17,21,189.0
10110077NASCIMENTOW_2026-03-24_G14,10110077NASCIMENTOW,2026-03-24,124371,1,2,0,85.0
10110077NASCIMENTOW_2026-03-24_G15,10110077NASCIMENTOW,2026-03-24,124476,1,2,0,108.0
10110077NASCIMENTOW_2026-03-24_G16,10110077NASCIMENTOW,2026-03-24,123345,1,13,0,213.0
10110077NASCIMENTOW_2026-03-24_G17,10110077NASCIMENTOW,2026-03-24,123343,1,4,0,203.0
10110077NASCIMENTOW_2026-03-24_G18,10110077NASCIMENTOW,2026-03-24,124725,1,2,0,1208.0
10110077NASCIMENTOW_2026-03-24_G19,10110077NASCIMENTOW,2026-03-24,124725,1,2,0,86.0
10110077NASCIMENTOW_2026-03-24_G20,10110077NASCIMENTOW,2026-03-24,124594,1,4,0,341.0
10110077NASCIMENTOW_2026-03-24_G21,10110077NASCIMENTOW,2026-03-24,122647,1,2,0,943.0
10110077NASCIMENTOW_2026-03-24_G22,10110077NASCIMENTOW,2026-03-24,124725,1,8,0,358.0
10110077NASCIMENTOW_2026-03-24_G23,10110077NASCIMENTOW,2026-03-24,122962,1,8,0,150.0
10110077NASCIMENTOW_2026-03-24_G24,10110077NASCIMENTOW,2026-03-24,120028,1,6,0,114.0
10110077NASCIMENTOW_2026-03-24_G25,10110077NASCIMENTOW,2026-03-24,120272,1,8,0,143.0
10110077NASCIMENTOW_2026-03-24_G26,10110077NASCIMENTOW,2026-03-24,122189,1,4,0,221.0
10110077NASCIMENTOW_2026-03-24_G27,10110077NASCIMENTOW,2026-03-24,122673,1,8,0,91.0
10110077NASCIMENTOW_2026-03-24_G28,10110077NASCIMENTOW,2026-03-24,122647,1,6,0,124.0
10110077NASCIMENTOW_2026-03-24_G30,10110077NASCIMENTOW,2026-03-24,124484,1,10,0,146.0
10110077NASCIMENTOW_2026-03-24_G31,10110077NASCIMENTOW,2026-03-24,124725,1,2,0,152.0
10110077NASCIMENTOW_2026-03-24_G32,10110077NASCIMENTOW,2026-03-24,120272,1,2,0,131.0
10110077NASCIMENTOW_2026-03-24_G33,10110077NASCIMENTOW,2026-03-24,124594,1,6,0,338.0
10110077NASCIMENTOW_2026-03-24_G34,10110077NASCIMENTOW,2026-03-24,123080,1,6,0,140.0
10110077NASCIMENTOW_2026-03-24_G35,10110077NASCIMENTOW,2026-03-24,124725,1,2,0,77.0
10110077NASCIMENTOW_2026-03-24_G36,10110077NASCIMENTOW,2026-03-24,122647,1,50,0,662.0
10110077NASCIMENTOW_2026-03-24_G37,10110077NASCIMENTOW,2026-03-24,124548,1,25,0,734.0
10110077NASCIMENTOW_2026-03-24_G38,10110077NASCIMENTOW,2026-03-24,123345,1,5,0,161.0
10110077NASCIMENTOW_2026-03-24_G39,10110077NASCIMENTOW,2026-03-24,124725,1,2,0,211.0
10110077NASCIMENTOW_2026-03-24_G40,10110077NASCIMENTOW,2026-03-24,124624,2,8,26,559.0
10110077NASCIMENTOW_2026-03-24_G41,10110077NASCIMENTOW,2026-03-24,122962,1,80,0,1646.0
10110077NASCIMENTOW_2026-03-24_G42,10110077NASCIMENTOW,2026-03-24,122703,1,8,0,338.0
10110077NASCIMENTOW_2026-03-24_G43,10110077NASCIMENTOW,2026-03-24,124486,1,20,0,137.0
10110077NASCIMENTOW_2026-03-24_G44,10110077NASCIMENTOW,2026-03-24,120389,1,8,0,122.0
10110077NASCIMENTOW_2026-03-24_G45,10110077NASCIMENTOW,2026-03-24,124264,1,4,0,140.0
10110077NASCIMENTOW_2026-03-24_G46,10110077NASCIMENTOW,2026-03-24,120028,1,3,0,100.0
10110077NASCIMENTOW_2026-03-24_G47,10110077NASCIMENTOW,2026-03-24,122647,1,4,0,91.0
10110077NASCIMENTOW_2026-03-24_G48,10110077NASCIMENTOW,2026-03-24,124582,1,20,0,271.0
10110077NASCIMENTOW_2026-03-24_G49,10110077NASCIMENTOW,2026-03-24,"122671, 124476",2,12,11,64.0
10110077NASCIMENTOW_2026-03-24_G50,10110077NASCIMENTOW,2026-03-24,124729,1,8,0,71.0
10110077NASCIMENTOW_2026-03-24_G51,10110077NASCIMENTOW,2026-03-24,121651,1,40,0,588.0
10110077NASCIMENTOW_2026-03-25_G02,10110077NASCIMENTOW,2026-03-25,124264,1,40,0,1204.0
10110077NASCIMENTOW_2026-03-25_G03,10110077NASCIMENTOW,2026-03-25,120028,1,40,0,821.0
10110077NASCIMENTOW_2026-03-25_G05,10110077NASCIMENTOW,2026-03-25,122962,1,20,0,550.0
10110077NASCIMENTOW_2026-03-25_G06,10110077NASCIMENTOW,2026-03-25,124486,1,80,0,821.0
10110077NASCIMENTOW_2026-03-25_G07,10110077NASCIMENTOW,2026-03-25,123344,1,3,0,56.0
10110077NASCIMENTOW_2026-03-25_G08,10110077NASCIMENTOW,2026-03-25,124475,1,6,0,93.0
10110077NASCIMENTOW_2026-03-25_G09,10110077NASCIMENTOW,2026-03-25,121760,1,2,0,145.0
10110077NASCIMENTOW_2026-03-25_G10,10110077NASCIMENTOW,2026-03-25,124247,1,2,0,38.0
10110077NASCIMENTOW_2026-03-25_G11,10110077NASCIMENTOW,2026-03-25,124476,1,10,0,328.0
10110077NASCIMENTOW_2026-03-25_G12,10110077NASCIMENTOW,2026-03-25,181057,1,4,0,123.0
10110077NASCIMENTOW_2026-03-25_G13,10110077NASCIMENTOW,2026-03-25,120389,1,2,0,55.0
10110077NASCIMENTOW_2026-03-25_G14,10110077NASCIMENTOW,2026-03-25,122983,1,2,0,42.0
10110077NASCIMENTOW_2026-03-25_G15,10110077NASCIMENTOW,2026-03-25,122967,1,3,0,70.0
10110077NASCIMENTOW_2026-03-25_G16,10110077NASCIMENTOW,2026-03-25,123344,1,2,0,72.0
10110077NASCIMENTOW_2026-03-25_G17,10110077NASCIMENTOW,2026-03-25,121760,1,2,0,64.0
10110077NASCIMENTOW_2026-03-25_G18,10110077NASCIMENTOW,2026-03-25,"124582, 124371",2,6,15,127.0
10110077NASCIMENTOW_2026-03-25_G19,10110077NASCIMENTOW,2026-03-25,124476,1,5,0,88.0
10110077NASCIMENTOW_2026-03-25_G20,10110077NASCIMENTOW,2026-03-25,123345,1,2,0,94.0
10110077NASCIMENTOW_2026-03-25_G21,10110077NASCIMENTOW,2026-03-25,123343,1,2,0,97.0
10110077NASCIMENTOW_2026-03-25_G22,10110077NASCIMENTOW,2026-03-25,123909,1,2,0,290.0
10110077NASCIMENTOW_2026-03-25_G23,10110077NASCIMENTOW,2026-03-25,123344,1,2,0,149.0
10110077NASCIMENTOW_2026-03-25_G24,10110077NASCIMENTOW,2026-03-25,123313,1,2,0,146.0
10110077NASCIMENTOW_2026-03-25_G25,10110077NASCIMENTOW,2026-03-25,123345,1,2,0,264.0
10110077NASCIMENTOW_2026-03-25_G26,10110077NASCIMENTOW,2026-03-25,123343,1,4,0,124.0
10110077NASCIMENTOW_2026-03-25_G27,10110077NASCIMENTOW,2026-03-25,124486,1,4,0,79.0
10110077NASCIMENTOW_2026-03-25_G28,10110077NASCIMENTOW,2026-03-25,123344,1,4,0,95.0
10110077NASCIMENTOW_2026-03-25_G29,10110077NASCIMENTOW,2026-03-25,124582,1,2,0,110.0
10110077NASCIMENTOW_2026-03-25_G30,10110077NASCIMENTOW,2026-03-25,122983,1,4,0,58.0
10110077NASCIMENTOW_2026-03-25_G31,10110077NASCIMENTOW,2026-03-25,"123345, 123909",2,8,16,111.0
10110077NASCIMENTOW_2026-03-25_G32,10110077NASCIMENTOW,2026-03-25,124370,1,2,0,459.0
10110077NASCIMENTOW_2026-03-25_G33,10110077NASCIMENTOW,2026-03-25,123345,1,2,0,99.0
10110077NASCIMENTOW_2026-03-25_G34,10110077NASCIMENTOW,2026-03-25,124247,1,30,0,1754.0
10110077NASCIMENTOW_2026-03-25_G35,10110077NASCIMENTOW,2026-03-25,124247,1,30,0,181.0
10110077NASCIMENTOW_2026-03-25_G36,10110077NASCIMENTOW,2026-03-25,124582,1,30,0,268.0
10110077NASCIMENTOW_2026-03-25_G37,10110077NASCIMENTOW,2026-03-25,124582,1,8,0,74.0
10110077NASCIMENTOW_2026-03-25_G38,10110077NASCIMENTOW,2026-03-25,122185,1,2,0,93.0
10110077NASCIMENTOW_2026-03-25_G39,10110077NASCIMENTOW,2026-03-25,124247,1,2,0,114.0
10110077NASCIMENTOW_2026-03-25_G40,10110077NASCIMENTOW,2026-03-25,124582,1,4,0,144.0
10110077NASCIMENTOW_2026-03-25_G41,10110077NASCIMENTOW,2026-03-25,122196,1,32,0,244.0
10110077NASCIMENTOW_2026-03-25_G42,10110077NASCIMENTOW,2026-03-25,122189,1,48,0,422.0
10110077NASCIMENTOW_2026-03-25_G43,10110077NASCIMENTOW,2026-03-25,122967,1,50,0,977.0
10110077NASCIMENTOW_2026-03-25_G45,10110077NASCIMENTOW,2026-03-25,124475,1,8,0,169.0
10110077NASCIMENTOW_2026-03-25_G46,10110077NASCIMENTOW,2026-03-25,124370,1,6,0,285.0
10110077NASCIMENTOW_2026-03-25_G47,10110077NASCIMENTOW,2026-03-25,121760,1,10,0,46.0
10110077NASCIMENTOW_2026-03-25_G48,10110077NASCIMENTOW,2026-03-25,122671,1,5,0,205.0
10110077NASCIMENTOW_2026-03-25_G49,10110077NASCIMENTOW,2026-03-25,123822,1,2,0,75.0
10110077NASCIMENTOW_2026-03-25_G50,10110077NASCIMENTOW,2026-03-25,124476,1,4,0,73.0
10110077NASCIMENTOW_2026-03-25_G51,10110077NASCIMENTOW,2026-03-25,124729,1,4,0,251.0
10110077NASCIMENTOW_2026-03-25_G52,10110077NASCIMENTOW,2026-03-25,"121651, 123909",2,14,25,176.0
10110077NASCIMENTOW_2026-03-25_G53,10110077NASCIMENTOW,2026-03-25,123343,1,5,0,264.0
10110077NASCIMENTOW_2026-03-25_G54,10110077NASCIMENTOW,2026-03-25,122962,1,15,0,256.0
10110077NASCIMENTOW_2026-03-25_G55,10110077NASCIMENTOW,2026-03-25,122962,2,23,28,233.0
10110077NASCIMENTOW_2026-03-25_G56,10110077NASCIMENTOW,2026-03-25,124486,2,24,19,147.0
10110077NASCIMENTOW_2026-03-25_G57,10110077NASCIMENTOW,2026-03-25,124247,1,3,0,43.0
10110077NASCIMENTOW_2026-03-25_G58,10110077NASCIMENTOW,2026-03-25,124582,1,6,0,32.0
10110077NASCIMENTOW_2026-03-25_G59,10110077NASCIMENTOW,2026-03-25,124371,1,10,0,133.0
10110077NASCIMENTOW_2026-03-25_G60,10110077NASCIMENTOW,2026-03-25,124729,1,4,0,83.0
10110077NASCIMENTOW_2026-03-25_G61,10110077NASCIMENTOW,2026-03-25,124729,1,4,0,64.0
10110077NASCIMENTOW_2026-03-25_G62,10110077NASCIMENTOW,2026-03-25,123343,1,10,0,222.0
10110077NASCIMENTOW_2026-03-25_G63,10110077NASCIMENTOW,2026-03-25,124486,1,30,0,219.0
10110077NASCIMENTOW_2026-03-26_G02,10110077NASCIMENTOW,2026-03-26,120389,1,20,0,1079.0
10110077NASCIMENTOW_2026-03-26_G03,10110077NASCIMENTOW,2026-03-26,120028,1,30,0,1213.0
10110077NASCIMENTOW_2026-03-26_G04,10110077NASCIMENTOW,2026-03-26,124582,1,20,0,1597.0
10110077NASCIMENTOW_2026-03-26_G05,10110077NASCIMENTOW,2026-03-26,122185,1,30,0,363.0
10110077NASCIMENTOW_2026-03-26_G06,10110077NASCIMENTOW,2026-03-26,122983,1,20,0,844.0
10110077NASCIMENTOW_2026-03-26_G07,10110077NASCIMENTOW,2026-03-26,122967,1,16,0,141.0
10110077NASCIMENTOW_2026-03-26_G08,10110077NASCIMENTOW,2026-03-26,122962,1,20,0,231.0
10110077NASCIMENTOW_2026-03-26_G09,10110077NASCIMENTOW,2026-03-26,123822,1,20,0,729.0
10110077NASCIMENTOW_2026-03-26_G10,10110077NASCIMENTOW,2026-03-26,124247,1,10,0,628.0
10110077NASCIMENTOW_2026-03-26_G11,10110077NASCIMENTOW,2026-03-26,181057,1,4,0,572.0
10110077NASCIMENTOW_2026-03-26_G12,10110077NASCIMENTOW,2026-03-26,123822,1,50,0,1241.0
10110077NASCIMENTOW_2026-03-26_G13,10110077NASCIMENTOW,2026-03-26,122962,1,32,0,429.0
10110077NASCIMENTOW_2026-03-26_G14,10110077NASCIMENTOW,2026-03-26,124486,1,12,0,280.0
10110077NASCIMENTOW_2026-03-26_G15,10110077NASCIMENTOW,2026-03-26,120028,1,20,0,297.0
10110077NASCIMENTOW_2026-03-26_G16,10110077NASCIMENTOW,2026-03-26,123343,1,6,0,84.0
10110077NASCIMENTOW_2026-03-26_G17,10110077NASCIMENTOW,2026-03-26,122962,1,100,0,951.0
10110077NASCIMENTOW_2026-03-26_G18,10110077NASCIMENTOW,2026-03-26,122962,1,20,0,252.0
10110077NASCIMENTOW_2026-03-26_G19,10110077NASCIMENTOW,2026-03-26,122647,1,51,0,543.0
10110077NASCIMENTOW_2026-03-27_G02,10110077NASCIMENTOW,2026-03-27,120389,1,4,0,78.0
10110077NASCIMENTOW_2026-03-27_G03,10110077NASCIMENTOW,2026-03-27,122982,1,2,0,63.0
10110077NASCIMENTOW_2026-03-27_G04,10110077NASCIMENTOW,2026-03-27,120028,1,4,0,98.0
10110077NASCIMENTOW_2026-03-27_G05,10110077NASCIMENTOW,2026-03-27,121760,1,14,0,117.0
10110077NASCIMENTOW_2026-03-27_G06,10110077NASCIMENTOW,2026-03-27,124486,1,2,0,101.0
10110077NASCIMENTOW_2026-03-27_G07,10110077NASCIMENTOW,2026-03-27,124487,1,8,0,207.0
10110077NASCIMENTOW_2026-03-27_G08,10110077NASCIMENTOW,2026-03-27,124486,1,8,0,255.0
10110077NASCIMENTOW_2026-03-27_G09,10110077NASCIMENTOW,2026-03-27,123343,1,8,0,2411.0
10110077NASCIMENTOW_2026-03-27_G10,10110077NASCIMENTOW,2026-03-27,124484,1,8,0,883.0
10110077NASCIMENTOW_2026-03-27_G11,10110077NASCIMENTOW,2026-03-27,122647,1,6,0,398.0
10110077NASCIMENTOW_2026-03-27_G12,10110077NASCIMENTOW,2026-03-27,123909,1,4,0,138.0
10110077NASCIMENTOW_2026-03-27_G13,10110077NASCIMENTOW,2026-03-27,124264,1,10,0,264.0
10110077NASCIMENTOW_2026-03-27_G14,10110077NASCIMENTOW,2026-03-27,124484,1,20,0,259.0
10110077NASCIMENTOW_2026-03-27_G15,10110077NASCIMENTOW,2026-03-27,124728,1,8,0,306.0
10110077NASCIMENTOW_2026-03-27_G16,10110077NASCIMENTOW,2026-03-27,124484,1,8,0,239.0
10110077NASCIMENTOW_2026-03-27_G17,10110077NASCIMENTOW,2026-03-27,124484,1,20,0,315.0
10110077NASCIMENTOW_2026-03-27_G18,10110077NASCIMENTOW,2026-03-27,120028,1,14,0,264.0
10110077NASCIMENTOW_2026-03-27_G19,10110077NASCIMENTOW,2026-03-27,122673,1,16,0,193.0
10110077NASCIMENTOW_2026-03-27_G20,10110077NASCIMENTOW,2026-03-27,124484,1,12,0,132.0
10110077NASCIMENTOW_2026-03-27_G21,10110077NASCIMENTOW,2026-03-27,122647,1,8,0,310.0
10110077NASCIMENTOW_2026-03-27_G22,10110077NASCIMENTOW,2026-03-27,124247,1,6,0,157.0
10110077NASCIMENTOW_2026-03-27_G23,10110077NASCIMENTOW,2026-03-27,124586,1,17,0,247.0
10110077NASCIMENTOW_2026-03-27_G24,10110077NASCIMENTOW,2026-03-27,120389,1,20,0,454.0
10110077NASCIMENTOW_2026-03-27_G25,10110077NASCIMENTOW,2026-03-27,122647,1,2,0,34.0
10110077NASCIMENTOW_2026-03-27_G26,10110077NASCIMENTOW,2026-03-27,122673,1,10,0,133.0
10110077NASCIMENTOW_2026-03-27_G27,10110077NASCIMENTOW,2026-03-27,122673,1,8,0,169.0
10110077NASCIMENTOW_2026-03-27_G28,10110077NASCIMENTOW,2026-03-27,124484,1,30,0,322.0
10110077NASCIMENTOW_2026-03-27_G29,10110077NASCIMENTOW,2026-03-27,122647,1,8,0,158.0
10110077NASCIMENTOW_2026-03-27_G30,10110077NASCIMENTOW,2026-03-27,122673,1,4,0,37.0
10110077NASCIMENTOW_2026-03-27_G31,10110077NASCIMENTOW,2026-03-27,122673,1,14,0,173.0
10110077NASCIMENTOW_2026-03-27_G32,10110077NASCIMENTOW,2026-03-27,122647,1,2,0,44.0
10110077NASCIMENTOW_2026-03-27_G33,10110077NASCIMENTOW,2026-03-27,122673,1,4,0,496.0
10110077NASCIMENTOW_2026-03-27_G34,10110077NASCIMENTOW,2026-03-27,124475,1,30,0,884.0
10110077NASCIMENTOW_2026-03-27_G35,10110077NASCIMENTOW,2026-03-27,124582,1,37,0,588.0
10110077NASCIMENTOW_2026-03-27_G36,10110077NASCIMENTOW,2026-03-27,124371,1,30,0,465.0
10110077NASCIMENTOW_2026-03-27_G37,10110077NASCIMENTOW,2026-03-27,124489,1,2,0,723.0
10110077NASCIMENTOW_2026-03-27_G38,10110077NASCIMENTOW,2026-03-27,120028,1,12,0,1018.0
10110077NASCIMENTOW_2026-03-27_G39,10110077NASCIMENTOW,2026-03-27,122185,1,40,0,856.0
10110077NASCIMENTOW_2026-03-27_G40,10110077NASCIMENTOW,2026-03-27,124370,1,4,0,139.0
10110077NASCIMENTOW_2026-03-27_G41,10110077NASCIMENTOW,2026-03-27,121760,1,12,0,371.0
10110077NASCIMENTOW_2026-03-27_G42,10110077NASCIMENTOW,2026-03-27,123345,1,38,0,622.0
10110077NASCIMENTOW_2026-03-27_G43,10110077NASCIMENTOW,2026-03-27,124475,1,16,0,364.0
10110077NASCIMENTOW_2026-03-27_G44,10110077NASCIMENTOW,2026-03-27,121760,1,20,0,390.0
10110077NASCIMENTOW_2026-03-27_G46,10110077NASCIMENTOW,2026-03-27,123345,1,40,0,200.0
10110077NASCIMENTOW_2026-03-27_G47,10110077NASCIMENTOW,2026-03-27,123345,1,40,0,255.0
10110077NASCIMENTOW_2026-03-27_G48,10110077NASCIMENTOW,2026-03-27,124489,1,4,0,84.0
10110077NASCIMENTOW_2026-03-27_G49,10110077NASCIMENTOW,2026-03-27,123081,1,13,0,585.0
10110077NASCIMENTOW_2026-03-27_G50,10110077NASCIMENTOW,2026-03-27,181057,1,6,0,771.0
10110077NASCIMENTOW_2026-03-27_G51,10110077NASCIMENTOW,2026-03-27,122962,1,5,0,119.0
10110077NASCIMENTOW_2026-03-27_G52,10110077NASCIMENTOW,2026-03-27,122962,1,15,0,163.0
10110077NASCIMENTOW_2026-03-27_G53,10110077NASCIMENTOW,2026-03-27,122185,1,40,0,650.0
10110077NASCIMENTOW_2026-03-27_G54,10110077NASCIMENTOW,2026-03-27,124582,1,10,0,146.0
10110077NASCIMENTOW_2026-03-27_G55,10110077NASCIMENTOW,2026-03-27,121760,1,30,0,1344.0
10110077NASCIMENTOW_2026-03-27_G56,10110077NASCIMENTOW,2026-03-27,122673,1,6,0,312.0
10110077NASCIMENTOW_2026-03-28_G02,10110077NASCIMENTOW,2026-03-28,180078,1,7,0,3445.0
10110077NASCIMENTOW_2026-03-28_G03,10110077NASCIMENTOW,2026-03-28,180418,1,1,0,581.0
10110077NASCIMENTOW_2026-03-28_G04,10110077NASCIMENTOW,2026-03-28,120389,1,10,0,1604.0
10110077NASCIMENTOW_2026-03-28_G05,10110077NASCIMENTOW,2026-03-28,122671,1,7,0,96.0
10110077NASCIMENTOW_2026-03-28_G06,10110077NASCIMENTOW,2026-03-28,124486,1,12,0,160.0
10110077NASCIMENTOW_2026-03-28_G07,10110077NASCIMENTOW,2026-03-28,122986,1,12,0,433.0
10110077NASCIMENTOW_2026-03-28_G08,10110077NASCIMENTOW,2026-03-28,122962,1,24,0,2769.0
10110077NASCIMENTOW_2026-03-28_G09,10110077NASCIMENTOW,2026-03-28,124624,1,8,0,240.0
10110077NASCIMENTOW_2026-03-28_G10,10110077NASCIMENTOW,2026-03-28,124486,1,4,0,231.0
10110077NASCIMENTOW_2026-03-28_G11,10110077NASCIMENTOW,2026-03-28,120272,1,5,0,146.0
10110077NASCIMENTOW_2026-03-28_G12,10110077NASCIMENTOW,2026-03-28,122983,1,12,0,243.0
10110077NASCIMENTOW_2026-03-28_G13,10110077NASCIMENTOW,2026-03-28,122962,1,16,0,212.0
10110077NASCIMENTOW_2026-03-28_G14,10110077NASCIMENTOW,2026-03-28,122981,1,3,0,150.0
10110077NASCIMENTOW_2026-03-28_G16,10110077NASCIMENTOW,2026-03-28,"122982, 122988",2,24,19,410.0
10110077NASCIMENTOW_2026-03-28_G17,10110077NASCIMENTOW,2026-03-28,124370,1,12,0,309.0
10110077NASCIMENTOW_2026-03-28_G18,10110077NASCIMENTOW,2026-03-28,122671,1,1,0,110.0
10110077NASCIMENTOW_2026-03-28_G19,10110077NASCIMENTOW,2026-03-28,124486,1,12,0,107.0
10110077NASCIMENTOW_2026-03-28_G20,10110077NASCIMENTOW,2026-03-28,124371,1,8,0,261.0
10110077NASCIMENTOW_2026-03-28_G21,10110077NASCIMENTOW,2026-03-28,121651,1,30,0,442.0
10110077NASCIMENTOW_2026-03-28_G22,10110077NASCIMENTOW,2026-03-28,120028,1,30,0,586.0
10110077NASCIMENTOW_2026-03-28_G23,10110077NASCIMENTOW,2026-03-28,124486,1,20,0,255.0
10110077NASCIMENTOW_2026-03-28_G24,10110077NASCIMENTOW,2026-03-28,122962,1,40,0,500.0
10110077NASCIMENTOW_2026-03-30_G02,10110077NASCIMENTOW,2026-03-30,123562,1,6,0,172.0
10110077NASCIMENTOW_2026-03-30_G03,10110077NASCIMENTOW,2026-03-30,123344,1,5,0,367.0
10110077NASCIMENTOW_2026-03-30_G04,10110077NASCIMENTOW,2026-03-30,124475,1,3,0,70.0
10110077NASCIMENTOW_2026-03-30_G05,10110077NASCIMENTOW,2026-03-30,121760,1,2,0,105.0
10110077NASCIMENTOW_2026-03-30_G06,10110077NASCIMENTOW,2026-03-30,124476,1,7,0,140.0
10110077NASCIMENTOW_2026-03-30_G07,10110077NASCIMENTOW,2026-03-30,121651,1,7,0,164.0
10110077NASCIMENTOW_2026-03-30_G08,10110077NASCIMENTOW,2026-03-30,181057,1,2,0,241.0
10110077NASCIMENTOW_2026-03-30_G09,10110077NASCIMENTOW,2026-03-30,124475,1,4,0,1841.0
10110077NASCIMENTOW_2026-03-30_G10,10110077NASCIMENTOW,2026-03-30,121760,1,4,0,186.0
10110077NASCIMENTOW_2026-03-30_G11,10110077NASCIMENTOW,2026-03-30,123345,1,4,0,153.0
10110077NASCIMENTOW_2026-03-30_G12,10110077NASCIMENTOW,2026-03-30,123345,1,12,0,179.0
10110077NASCIMENTOW_2026-03-30_G13,10110077NASCIMENTOW,2026-03-30,123343,1,12,0,181.0
10110077NASCIMENTOW_2026-03-30_G14,10110077NASCIMENTOW,2026-03-30,123343,1,7,0,605.0
10110077NASCIMENTOW_2026-03-30_G15,10110077NASCIMENTOW,2026-03-30,122962,1,9,0,153.0
10110077NASCIMENTOW_2026-03-30_G16,10110077NASCIMENTOW,2026-03-30,122962,1,12,0,135.0
10110077NASCIMENTOW_2026-03-30_G17,10110077NASCIMENTOW,2026-03-30,124475,1,2,0,225.0
10110077NASCIMENTOW_2026-03-30_G18,10110077NASCIMENTOW,2026-03-30,124370,1,15,0,224.0
10110077NASCIMENTOW_2026-03-30_G19,10110077NASCIMENTOW,2026-03-30,122671,1,2,0,78.0
10110077NASCIMENTOW_2026-03-30_G20,10110077NASCIMENTOW,2026-03-30,121760,1,4,0,95.0
10110077NASCIMENTOW_2026-03-30_G21,10110077NASCIMENTOW,2026-03-30,"121651, 123909",2,18,21,123.0
10110077NASCIMENTOW_2026-03-30_G22,10110077NASCIMENTOW,2026-03-30,123909,1,7,0,697.0
10110077NASCIMENTOW_2026-03-30_G23,10110077NASCIMENTOW,2026-03-30,123345,1,6,0,208.0
10110077NASCIMENTOW_2026-03-30_G24,10110077NASCIMENTOW,2026-03-30,124370,1,2,0,92.0
10110077NASCIMENTOW_2026-03-30_G25,10110077NASCIMENTOW,2026-03-30,124486,1,4,0,68.0
10110077NASCIMENTOW_2026-03-30_G26,10110077NASCIMENTOW,2026-03-30,122647,1,30,0,764.0
10110077NASCIMENTOW_2026-03-30_G27,10110077NASCIMENTOW,2026-03-30,122962,1,16,0,229.0
10110077NASCIMENTOW_2026-03-30_G28,10110077NASCIMENTOW,2026-03-30,124370,1,4,0,84.0
10110077NASCIMENTOW_2026-03-30_G29,10110077NASCIMENTOW,2026-03-30,122962,1,12,0,168.0
10110077NASCIMENTOW_2026-03-30_G30,10110077NASCIMENTOW,2026-03-30,124486,1,3,0,195.0
10110077NASCIMENTOW_2026-03-30_G31,10110077NASCIMENTOW,2026-03-30,123345,1,4,0,125.0
10110077NASCIMENTOW_2026-03-30_G32,10110077NASCIMENTOW,2026-03-30,124582,1,16,0,271.0
10110077NASCIMENTOW_2026-03-30_G33,10110077NASCIMENTOW,2026-03-30,122962,1,24,0,337.0
10110077NASCIMENTOW_2026-03-30_G34,10110077NASCIMENTOW,2026-03-30,123822,1,10,0,247.0
10110077NASCIMENTOW_2026-03-30_G35,10110077NASCIMENTOW,2026-03-30,124624,1,14,0,614.0
10110077NASCIMENTOW_2026-03-30_G36,10110077NASCIMENTOW,2026-03-30,124594,1,8,0,336.0
10110077NASCIMENTOW_2026-03-30_G37,10110077NASCIMENTOW,2026-03-30,123909,1,5,0,743.0
10110077NASCIMENTOW_2026-03-30_G38,10110077NASCIMENTOW,2026-03-30,123344,1,3,0,275.0
10110077NASCIMENTOW_2026-03-30_G39,10110077NASCIMENTOW,2026-03-30,123345,1,2,0,225.0
10110077NASCIMENTOW_2026-03-30_G40,10110077NASCIMENTOW,2026-03-30,124486,1,4,0,1817.0
10110077NASCIMENTOW_2026-03-30_G41,10110077NASCIMENTOW,2026-03-30,122962,2,9,25,355.0
10110077NASCIMENTOW_2026-03-30_G42,10110077NASCIMENTOW,2026-03-30,123345,1,4,0,162.0
10110077NASCIMENTOW_2026-03-30_G43,10110077NASCIMENTOW,2026-03-30,124476,1,6,0,920.0
10110077NASCIMENTOW_2026-03-30_G44,10110077NASCIMENTOW,2026-03-30,120389,1,50,0,865.0
10110077NASCIMENTOW_2026-03-30_G45,10110077NASCIMENTOW,2026-03-30,123081,1,1,0,704.0
10110077NASCIMENTOW_2026-03-30_G46,10110077NASCIMENTOW,2026-03-30,121760,1,2,0,72.0
10110077NASCIMENTOW_2026-03-30_G47,10110077NASCIMENTOW,2026-03-30,"121651, 123909",2,18,21,226.0
10110077NASCIMENTOW_2026-03-30_G49,10110077NASCIMENTOW,2026-03-30,123909,1,3,0,224.0
10110077NASCIMENTOW_2026-03-30_G50,10110077NASCIMENTOW,2026-03-30,121651,1,3,0,348.0
10110077NASCIMENTOW_2026-03-30_G51,10110077NASCIMENTOW,2026-03-30,124582,1,4,0,209.0
10110077NASCIMENTOW_2026-03-30_G52,10110077NASCIMENTOW,2026-03-30,121760,1,4,0,216.0
10110077NASCIMENTOW_2026-03-30_G53,10110077NASCIMENTOW,2026-03-30,121651,1,9,0,270.0
10110077NASCIMENTOW_2026-03-30_G54,10110077NASCIMENTOW,2026-03-30,124582,1,30,0,550.0
10110077NASCIMENTOW_2026-03-30_G55,10110077NASCIMENTOW,2026-03-30,121760,1,3,0,207.0
10110077NASCIMENTOW_2026-03-30_G56,10110077NASCIMENTOW,2026-03-30,122983,1,8,0,165.0
10110077NASCIMENTOW_2026-03-30_G57,10110077NASCIMENTOW,2026-03-30,124582,1,8,0,166.0
10110077NASCIMENTOW_2026-03-30_G58,10110077NASCIMENTOW,2026-03-30,122671,1,3,0,342.0
10110077NASCIMENTOW_2026-03-30_G59,10110077NASCIMENTOW,2026-03-30,124486,1,3,0,80.0
10110077NASCIMENTOW_2026-03-30_G60,10110077NASCIMENTOW,2026-03-30,124371,1,4,0,440.0
10110077NASCIMENTOW_2026-03-30_G61,10110077NASCIMENTOW,2026-03-30,122703,1,6,0,125.0
10110077NASCIMENTOW_2026-03-30_G62,10110077NASCIMENTOW,2026-03-30,122703,1,2,0,172.0
10110077NASCIMENTOW_2026-03-30_G63,10110077NASCIMENTOW,2026-03-30,124486,1,12,0,228.0
10110077NASCIMENTOW_2026-03-30_G64,10110077NASCIMENTOW,2026-03-30,122962,1,20,0,1299.0
10110077NASCIMENTOW_2026-03-31_G02,10110077NASCIMENTOW,2026-03-31,124475,1,60,0,1994.0
10110077NASCIMENTOW_2026-03-31_G03,10110077NASCIMENTOW,2026-03-31,124484,1,120,0,2390.0
10110077NASCIMENTOW_2026-03-31_G04,10110077NASCIMENTOW,2026-03-31,124371,1,10,0,576.0
10110077NASCIMENTOW_2026-03-31_G05,10110077NASCIMENTOW,2026-03-31,124487,1,6,0,2294.0
10110077NASCIMENTOW_2026-03-31_G06,10110077NASCIMENTOW,2026-03-31,123822,1,25,0,748.0
10110077NASCIMENTOW_2026-03-31_G07,10110077NASCIMENTOW,2026-03-31,124582,1,32,0,584.0
10110077NASCIMENTOW_2026-03-31_G08,10110077NASCIMENTOW,2026-03-31,124489,1,8,0,217.0
10110077NASCIMENTOW_2026-03-31_G09,10110077NASCIMENTOW,2026-03-31,124370,1,12,0,873.0
10110077NASCIMENTOW_2026-03-31_G10,10110077NASCIMENTOW,2026-03-31,123343,1,2,0,208.0
10110077NASCIMENTOW_2026-03-31_G11,10110077NASCIMENTOW,2026-03-31,123344,1,4,0,131.0
10110077NASCIMENTOW_2026-03-31_G12,10110077NASCIMENTOW,2026-03-31,122983,1,4,0,236.0
10110077NASCIMENTOW_2026-03-31_G13,10110077NASCIMENTOW,2026-03-31,120271,1,2,0,327.0
10110077NASCIMENTOW_2026-03-31_G14,10110077NASCIMENTOW,2026-03-31,124486,2,34,30,642.0
10110077NASCIMENTOW_2026-03-31_G15,10110077NASCIMENTOW,2026-03-31,124582,1,4,0,156.0
10110077NASCIMENTOW_2026-03-31_G16,10110077NASCIMENTOW,2026-03-31,123343,1,4,0,299.0
10110077NASCIMENTOW_2026-03-31_G17,10110077NASCIMENTOW,2026-03-31,123343,1,6,0,203.0
10110077NASCIMENTOW_2026-03-31_G18,10110077NASCIMENTOW,2026-03-31,124594,1,4,0,306.0
10110077NASCIMENTOW_2026-03-31_G20,10110077NASCIMENTOW,2026-03-31,122962,1,50,0,927.0
10110077NASCIMENTOW_2026-03-31_G21,10110077NASCIMENTOW,2026-03-31,124475,1,8,0,385.0
10110077NASCIMENTOW_2026-03-31_G22,10110077NASCIMENTOW,2026-03-31,124728,1,1,0,99.0
10110077NASCIMENTOW_2026-03-31_G23,10110077NASCIMENTOW,2026-03-31,124486,1,40,0,706.0
10110077NASCIMENTOW_2026-03-31_G24,10110077NASCIMENTOW,2026-03-31,120389,1,8,0,43.0
10110077NASCIMENTOW_2026-03-31_G25,10110077NASCIMENTOW,2026-03-31,124484,1,1,0,103.0
10110077NASCIMENTOW_2026-03-31_G26,10110077NASCIMENTOW,2026-03-31,124247,1,4,0,68.0
10110077NASCIMENTOW_2026-03-31_G27,10110077NASCIMENTOW,2026-03-31,122671,1,7,0,166.0
10110077NASCIMENTOW_2026-03-31_G28,10110077NASCIMENTOW,2026-03-31,120028,1,24,0,223.0
10110077NASCIMENTOW_2026-03-31_G29,10110077NASCIMENTOW,2026-03-31,122986,1,6,0,266.0
10110077NASCIMENTOW_2026-03-31_G30,10110077NASCIMENTOW,2026-03-31,123521,1,4,0,91.0
10110077NASCIMENTOW_2026-03-31_G31,10110077NASCIMENTOW,2026-03-31,124371,1,8,0,137.0
10110077NASCIMENTOW_2026-03-31_G32,10110077NASCIMENTOW,2026-03-31,123343,1,2,0,573.0
10110077NASCIMENTOW_2026-03-31_G33,10110077NASCIMENTOW,2026-03-31,123343,1,22,0,871.0
10110183SOUSAD_2026-01-16_G02,10110183SOUSAD,2026-01-16,142045,1,2,0,69.0
10110183SOUSAD_2026-01-16_G03,10110183SOUSAD,2026-01-16,111438,1,2,0,128.0
10110183SOUSAD_2026-01-16_G04,10110183SOUSAD,2026-01-16,111569,1,6,0,592.0
10110183SOUSAD_2026-01-16_G05,10110183SOUSAD,2026-01-16,141916,1,4,0,317.0
10110183SOUSAD_2026-01-16_G06,10110183SOUSAD,2026-01-16,100334,1,1,0,141.0
10110183SOUSAD_2026-01-16_G07,10110183SOUSAD,2026-01-16,110755,1,1,0,98.0
10110183SOUSAD_2026-01-16_G08,10110183SOUSAD,2026-01-16,110755,1,4,0,110.0
10110183SOUSAD_2026-01-16_G09,10110183SOUSAD,2026-01-16,110755,1,4,0,624.0
10110183SOUSAD_2026-01-16_G10,10110183SOUSAD,2026-01-16,109974,1,1,0,127.0
10110183SOUSAD_2026-01-16_G11,10110183SOUSAD,2026-01-16,118299,1,12,0,789.0
10110183SOUSAD_2026-01-16_G12,10110183SOUSAD,2026-01-16,118299,1,3,0,46.0
10110183SOUSAD_2026-01-16_G13,10110183SOUSAD,2026-01-16,118299,1,19,0,111.0
10110183SOUSAD_2026-01-16_G14,10110183SOUSAD,2026-01-16,110373,1,5,0,137.0
10110183SOUSAD_2026-01-16_G15,10110183SOUSAD,2026-01-16,107830,1,4,0,145.0
10110183SOUSAD_2026-01-16_G16,10110183SOUSAD,2026-01-16,116241,2,4,12,895.0
10110183SOUSAD_2026-01-16_G17,10110183SOUSAD,2026-01-16,110751,1,6,0,205.0
10110183SOUSAD_2026-01-17_G02,10110183SOUSAD,2026-01-17,111569,1,5,0,166.0
10110183SOUSAD_2026-01-17_G03,10110183SOUSAD,2026-01-17,111743,1,2,0,143.0
10110183SOUSAD_2026-01-17_G04,10110183SOUSAD,2026-01-17,105705,1,16,0,421.0
10110183SOUSAD_2026-01-17_G05,10110183SOUSAD,2026-01-17,111468,1,2,0,110.0
10110183SOUSAD_2026-01-17_G06,10110183SOUSAD,2026-01-17,111443,1,4,0,175.0
10110183SOUSAD_2026-01-17_G07,10110183SOUSAD,2026-01-17,111431,1,4,0,168.0
10110183SOUSAD_2026-01-17_G08,10110183SOUSAD,2026-01-17,110740,1,8,0,534.0
10110183SOUSAD_2026-01-17_G09,10110183SOUSAD,2026-01-17,117787,1,2,0,93.0
10110183SOUSAD_2026-01-17_G10,10110183SOUSAD,2026-01-17,117785,1,30,0,444.0
10110183SOUSAD_2026-01-17_G11,10110183SOUSAD,2026-01-17,110373,1,22,0,557.0
10110183SOUSAD_2026-01-17_G13,10110183SOUSAD,2026-01-17,117861,1,2,0,158.0
10110183SOUSAD_2026-01-17_G14,10110183SOUSAD,2026-01-17,117786,1,4,0,134.0
10110183SOUSAD_2026-01-17_G15,10110183SOUSAD,2026-01-17,111602,1,12,0,171.0
10110183SOUSAD_2026-01-17_G16,10110183SOUSAD,2026-01-17,110339,1,2,0,78.0
10110183SOUSAD_2026-01-17_G17,10110183SOUSAD,2026-01-17,110339,1,2,0,50.0
10110183SOUSAD_2026-01-17_G18,10110183SOUSAD,2026-01-17,117808,1,16,0,369.0
10110183SOUSAD_2026-01-17_G19,10110183SOUSAD,2026-01-17,117830,1,2,0,150.0
10110183SOUSAD_2026-01-17_G20,10110183SOUSAD,2026-01-17,107830,1,2,0,64.0
10110183SOUSAD_2026-01-17_G21,10110183SOUSAD,2026-01-17,118052,1,2,0,734.0
10110183SOUSAD_2026-01-17_G22,10110183SOUSAD,2026-01-17,110895,1,1,0,91.0
10110183SOUSAD_2026-01-17_G23,10110183SOUSAD,2026-01-17,110895,1,7,0,84.0
10110183SOUSAD_2026-01-17_G24,10110183SOUSAD,2026-01-17,111569,1,4,0,169.0
10110183SOUSAD_2026-01-19_G02,10110183SOUSAD,2026-01-19,117862,1,10,0,433.0
10110183SOUSAD_2026-01-19_G03,10110183SOUSAD,2026-01-19,111602,1,8,0,186.0
10110183SOUSAD_2026-01-19_G04,10110183SOUSAD,2026-01-19,117797,1,4,0,151.0
10110183SOUSAD_2026-01-19_G06,10110183SOUSAD,2026-01-19,111569,1,10,0,224.0
10110183SOUSAD_2026-01-19_G07,10110183SOUSAD,2026-01-19,110747,1,10,0,211.0
10110183SOUSAD_2026-01-19_G08,10110183SOUSAD,2026-01-19,110752,1,6,0,318.0
10110183SOUSAD_2026-01-19_G09,10110183SOUSAD,2026-01-19,117861,1,20,0,662.0
10110183SOUSAD_2026-01-19_G10,10110183SOUSAD,2026-01-19,111466,1,25,0,466.0
10110183SOUSAD_2026-01-19_G11,10110183SOUSAD,2026-01-19,109645,1,10,0,154.0
10110183SOUSAD_2026-01-19_G12,10110183SOUSAD,2026-01-19,110500,1,2,0,1219.0
10110183SOUSAD_2026-01-19_G13,10110183SOUSAD,2026-01-19,142045,1,8,0,674.0
10110183SOUSAD_2026-01-19_G14,10110183SOUSAD,2026-01-19,110542,1,8,0,248.0
10110183SOUSAD_2026-01-19_G15,10110183SOUSAD,2026-01-19,105359,1,1,0,83.0
10110183SOUSAD_2026-01-19_G16,10110183SOUSAD,2026-01-19,117832,1,5,0,554.0
10110183SOUSAD_2026-01-19_G17,10110183SOUSAD,2026-01-19,110375,1,20,0,1802.0
10110183SOUSAD_2026-01-19_G18,10110183SOUSAD,2026-01-19,117855,1,32,0,1138.0
10110183SOUSAD_2026-01-20_G02,10110183SOUSAD,2026-01-20,110372,1,20,0,145.0
10110183SOUSAD_2026-01-20_G03,10110183SOUSAD,2026-01-20,117822,1,12,0,504.0
10110183SOUSAD_2026-01-20_G04,10110183SOUSAD,2026-01-20,109643,1,10,0,189.0
10110183SOUSAD_2026-01-20_G05,10110183SOUSAD,2026-01-20,107830,1,24,0,622.0
10110183SOUSAD_2026-01-20_G06,10110183SOUSAD,2026-01-20,110371,1,100,0,549.0
10110183SOUSAD_2026-01-20_G07,10110183SOUSAD,2026-01-20,110373,1,150,0,1119.0
10110183SOUSAD_2026-01-20_G08,10110183SOUSAD,2026-01-20,117830,1,60,0,1032.0
10110183SOUSAD_2026-01-20_G10,10110183SOUSAD,2026-01-20,111743,1,7,0,84.0
10110183SOUSAD_2026-01-20_G11,10110183SOUSAD,2026-01-20,108794,1,5,0,294.0
10110183SOUSAD_2026-01-20_G12,10110183SOUSAD,2026-01-20,108794,1,6,0,68.0
10110183SOUSAD_2026-01-20_G13,10110183SOUSAD,2026-01-20,118330,1,1,0,84.0
10110183SOUSAD_2026-01-20_G14,10110183SOUSAD,2026-01-20,110332,1,1,0,79.0
10110183SOUSAD_2026-01-20_G15,10110183SOUSAD,2026-01-20,111435,1,1,0,93.0
10110183SOUSAD_2026-01-20_G16,10110183SOUSAD,2026-01-20,111443,1,1,0,91.0
10110183SOUSAD_2026-01-20_G17,10110183SOUSAD,2026-01-20,108798,1,3,0,107.0
10110183SOUSAD_2026-01-20_G18,10110183SOUSAD,2026-01-20,111418,1,11,0,74.0
10110183SOUSAD_2026-01-20_G19,10110183SOUSAD,2026-01-20,111465,1,3,0,307.0
10110183SOUSAD_2026-01-20_G20,10110183SOUSAD,2026-01-20,110740,1,10,0,215.0
10110183SOUSAD_2026-01-20_G21,10110183SOUSAD,2026-01-20,110372,1,40,0,1279.0
10110183SOUSAD_2026-01-20_G22,10110183SOUSAD,2026-01-20,110372,1,40,0,61.0
10110183SOUSAD_2026-01-20_G23,10110183SOUSAD,2026-01-20,118281,1,1,0,400.0
10110183SOUSAD_2026-01-20_G24,10110183SOUSAD,2026-01-20,117786,1,10,0,153.0
10110183SOUSAD_2026-01-20_G25,10110183SOUSAD,2026-01-20,117786,1,10,0,93.0
10110183SOUSAD_2026-01-20_G26,10110183SOUSAD,2026-01-20,110733,1,3,0,56.0
10110183SOUSAD_2026-01-20_G27,10110183SOUSAD,2026-01-20,110733,1,3,0,38.0
10110183SOUSAD_2026-01-20_G28,10110183SOUSAD,2026-01-20,109647,1,1,0,81.0
10110183SOUSAD_2026-01-20_G29,10110183SOUSAD,2026-01-20,105242,1,1,0,186.0
10110183SOUSAD_2026-01-20_G30,10110183SOUSAD,2026-01-20,109640,1,2,0,299.0
10110183SOUSAD_2026-01-21_G02,10110183SOUSAD,2026-01-21,109640,1,2,0,42.0
10110183SOUSAD_2026-01-21_G03,10110183SOUSAD,2026-01-21,141457,1,2,0,80.0
10110183SOUSAD_2026-01-21_G04,10110183SOUSAD,2026-01-21,110372,1,2,0,124.0
10110183SOUSAD_2026-01-21_G06,10110183SOUSAD,2026-01-21,108772,1,4,0,1052.0
10110183SOUSAD_2026-01-21_G07,10110183SOUSAD,2026-01-21,110751,1,2,0,122.0
10110183SOUSAD_2026-01-21_G08,10110183SOUSAD,2026-01-21,118299,1,10,0,214.0
10110183SOUSAD_2026-01-21_G09,10110183SOUSAD,2026-01-21,110372,1,11,0,1034.0
10110183SOUSAD_2026-01-21_G10,10110183SOUSAD,2026-01-21,117808,1,12,0,199.0
10110183SOUSAD_2026-01-21_G11,10110183SOUSAD,2026-01-21,111441,1,3,0,481.0
10110183SOUSAD_2026-01-21_G12,10110183SOUSAD,2026-01-21,110895,1,1,0,111.0
10110183SOUSAD_2026-01-21_G13,10110183SOUSAD,2026-01-21,100334,1,2,0,103.0
10110183SOUSAD_2026-01-21_G14,10110183SOUSAD,2026-01-21,111418,1,12,0,203.0
10110183SOUSAD_2026-01-21_G15,10110183SOUSAD,2026-01-21,111469,1,8,0,184.0
10110183SOUSAD_2026-01-21_G16,10110183SOUSAD,2026-01-21,110740,1,2,0,113.0
10110183SOUSAD_2026-01-21_G17,10110183SOUSAD,2026-01-21,118140,1,4,0,80.0
10110183SOUSAD_2026-01-21_G18,10110183SOUSAD,2026-01-21,110313,1,4,0,305.0
10110183SOUSAD_2026-01-21_G19,10110183SOUSAD,2026-01-21,141458,1,40,0,1116.0
10110183SOUSAD_2026-01-21_G20,10110183SOUSAD,2026-01-21,118140,1,30,0,234.0
10110183SOUSAD_2026-01-21_G22,10110183SOUSAD,2026-01-21,110748,1,2,0,164.0
10110183SOUSAD_2026-01-21_G23,10110183SOUSAD,2026-01-21,105705,1,3,0,145.0
10110183SOUSAD_2026-01-21_G24,10110183SOUSAD,2026-01-21,117842,1,4,0,113.0
10110183SOUSAD_2026-01-21_G25,10110183SOUSAD,2026-01-21,108795,1,6,0,75.0
10110183SOUSAD_2026-01-21_G26,10110183SOUSAD,2026-01-21,117831,1,5,0,82.0
10110183SOUSAD_2026-01-21_G27,10110183SOUSAD,2026-01-21,111462,1,7,0,193.0
10110183SOUSAD_2026-01-21_G28,10110183SOUSAD,2026-01-21,111462,1,7,0,65.0
10110183SOUSAD_2026-01-21_G29,10110183SOUSAD,2026-01-21,109641,1,20,0,579.0
10110183SOUSAD_2026-01-21_G30,10110183SOUSAD,2026-01-21,141457,1,13,0,411.0
10110183SOUSAD_2026-01-21_G31,10110183SOUSAD,2026-01-21,111438,1,4,0,340.0
10110183SOUSAD_2026-01-21_G32,10110183SOUSAD,2026-01-21,110895,1,4,0,164.0
10110183SOUSAD_2026-01-21_G33,10110183SOUSAD,2026-01-21,117836,1,1,0,74.0
10110183SOUSAD_2026-01-21_G34,10110183SOUSAD,2026-01-21,111569,1,1,0,203.0
10110183SOUSAD_2026-01-21_G35,10110183SOUSAD,2026-01-21,118094,1,2,0,159.0
10110183SOUSAD_2026-01-21_G36,10110183SOUSAD,2026-01-21,117837,1,2,0,79.0
10110183SOUSAD_2026-01-21_G37,10110183SOUSAD,2026-01-21,111467,1,4,0,82.0
10110183SOUSAD_2026-01-21_G38,10110183SOUSAD,2026-01-21,110733,1,4,0,101.0
10110183SOUSAD_2026-01-21_G39,10110183SOUSAD,2026-01-21,110752,1,1,0,663.0
10110183SOUSAD_2026-01-21_G40,10110183SOUSAD,2026-01-21,142045,1,5,0,395.0
10110183SOUSAD_2026-01-21_G41,10110183SOUSAD,2026-01-21,117836,1,3,0,139.0
10110183SOUSAD_2026-01-21_G42,10110183SOUSAD,2026-01-21,109640,1,6,0,379.0
10110183SOUSAD_2026-01-21_G43,10110183SOUSAD,2026-01-21,111602,1,2,0,745.0
10110183SOUSAD_2026-01-21_G44,10110183SOUSAD,2026-01-21,110313,1,1,0,141.0
10110183SOUSAD_2026-01-21_G45,10110183SOUSAD,2026-01-21,109640,1,1,0,191.0
10110183SOUSAD_2026-01-21_G46,10110183SOUSAD,2026-01-21,140923,1,8,0,222.0
10110183SOUSAD_2026-01-21_G47,10110183SOUSAD,2026-01-21,117821,1,6,0,777.0
10110183SOUSAD_2026-01-21_G48,10110183SOUSAD,2026-01-21,111466,1,1,0,107.0
10110183SOUSAD_2026-01-21_G49,10110183SOUSAD,2026-01-21,110372,1,4,0,111.0
10110183SOUSAD_2026-01-21_G50,10110183SOUSAD,2026-01-21,117820,1,4,0,174.0
10110183SOUSAD_2026-01-21_G51,10110183SOUSAD,2026-01-21,110373,1,7,0,222.0
10110183SOUSAD_2026-01-21_G52,10110183SOUSAD,2026-01-21,110373,1,4,0,69.0
10110183SOUSAD_2026-01-21_G53,10110183SOUSAD,2026-01-21,111532,1,4,0,849.0
10110183SOUSAD_2026-01-21_G54,10110183SOUSAD,2026-01-21,141457,1,7,0,310.0
10110183SOUSAD_2026-01-21_G55,10110183SOUSAD,2026-01-21,110372,1,12,0,226.0
10110183SOUSAD_2026-01-21_G56,10110183SOUSAD,2026-01-21,117854,1,12,0,234.0
10110183SOUSAD_2026-01-21_G57,10110183SOUSAD,2026-01-21,109640,1,1,0,789.0
10110183SOUSAD_2026-01-21_G58,10110183SOUSAD,2026-01-21,109640,1,2,0,44.0
10110183SOUSAD_2026-01-21_G59,10110183SOUSAD,2026-01-21,109640,1,2,0,49.0
10110183SOUSAD_2026-01-21_G60,10110183SOUSAD,2026-01-21,140923,1,2,0,183.0
10110183SOUSAD_2026-01-21_G61,10110183SOUSAD,2026-01-21,109640,1,3,0,121.0
10110183SOUSAD_2026-01-21_G62,10110183SOUSAD,2026-01-21,110895,1,1,0,125.0
10110183SOUSAD_2026-01-21_G63,10110183SOUSAD,2026-01-21,117809,1,2,0,117.0
10110183SOUSAD_2026-01-21_G64,10110183SOUSAD,2026-01-21,117820,1,2,0,111.0
10110183SOUSAD_2026-01-22_G02,10110183SOUSAD,2026-01-22,118269,1,4,0,334.0
10110183SOUSAD_2026-01-22_G03,10110183SOUSAD,2026-01-22,108759,1,4,0,382.0
10110183SOUSAD_2026-01-22_G04,10110183SOUSAD,2026-01-22,108759,1,2,0,67.0
10110183SOUSAD_2026-01-22_G05,10110183SOUSAD,2026-01-22,111441,1,4,0,99.0
10110183SOUSAD_2026-01-22_G06,10110183SOUSAD,2026-01-22,111441,2,6,22,99.0
10110183SOUSAD_2026-01-22_G07,10110183SOUSAD,2026-01-22,115234,1,2,0,45.0
10110183SOUSAD_2026-01-22_G08,10110183SOUSAD,2026-01-22,142045,1,10,0,299.0
10110183SOUSAD_2026-01-22_G09,10110183SOUSAD,2026-01-22,142045,1,10,0,1329.0
10110183SOUSAD_2026-01-22_G10,10110183SOUSAD,2026-01-22,110895,1,7,0,91.0
10110183SOUSAD_2026-01-22_G11,10110183SOUSAD,2026-01-22,100334,1,4,0,174.0
10110183SOUSAD_2026-01-22_G12,10110183SOUSAD,2026-01-22,111569,1,8,0,196.0
10110183SOUSAD_2026-01-22_G13,10110183SOUSAD,2026-01-22,111569,1,4,0,118.0
10110183SOUSAD_2026-01-22_G14,10110183SOUSAD,2026-01-22,118094,1,10,0,296.0
10110183SOUSAD_2026-01-22_G15,10110183SOUSAD,2026-01-22,117837,1,4,0,341.0
10110183SOUSAD_2026-01-22_G16,10110183SOUSAD,2026-01-22,110313,1,10,0,214.0
10110183SOUSAD_2026-01-22_G17,10110183SOUSAD,2026-01-22,107629,1,4,0,116.0
10110183SOUSAD_2026-01-22_G18,10110183SOUSAD,2026-01-22,107629,1,6,0,77.0
10110183SOUSAD_2026-01-22_G19,10110183SOUSAD,2026-01-22,117786,1,5,0,121.0
10110183SOUSAD_2026-01-22_G20,10110183SOUSAD,2026-01-22,111353,1,2,0,474.0
10110183SOUSAD_2026-01-22_G21,10110183SOUSAD,2026-01-22,109640,1,14,0,451.0
10110183SOUSAD_2026-01-22_G22,10110183SOUSAD,2026-01-22,109640,1,4,0,492.0
10110183SOUSAD_2026-01-22_G23,10110183SOUSAD,2026-01-22,117861,1,10,0,71.0
10110183SOUSAD_2026-01-22_G24,10110183SOUSAD,2026-01-22,117855,1,10,0,457.0
10110183SOUSAD_2026-01-22_G25,10110183SOUSAD,2026-01-22,109640,1,15,0,1358.0
10110183SOUSAD_2026-01-22_G26,10110183SOUSAD,2026-01-22,110733,1,10,0,455.0
10110183SOUSAD_2026-01-22_G28,10110183SOUSAD,2026-01-22,111876,2,5,8,112.0
10110183SOUSAD_2026-01-22_G29,10110183SOUSAD,2026-01-22,109649,1,6,0,200.0
10110183SOUSAD_2026-01-22_G30,10110183SOUSAD,2026-01-22,111876,1,1,0,69.0
10110183SOUSAD_2026-01-22_G31,10110183SOUSAD,2026-01-22,108759,1,2,0,161.0
10110183SOUSAD_2026-01-22_G32,10110183SOUSAD,2026-01-22,111532,1,1,0,116.0
10110183SOUSAD_2026-01-22_G33,10110183SOUSAD,2026-01-22,110374,1,16,0,767.0
10110183SOUSAD_2026-01-22_G34,10110183SOUSAD,2026-01-22,117832,1,40,0,741.0
10110183SOUSAD_2026-01-22_G35,10110183SOUSAD,2026-01-22,111441,1,7,0,1313.0
10110183SOUSAD_2026-01-22_G36,10110183SOUSAD,2026-01-22,105359,1,1,0,266.0
10110183SOUSAD_2026-01-22_G37,10110183SOUSAD,2026-01-22,142045,1,60,0,1125.0
10110183SOUSAD_2026-01-22_G38,10110183SOUSAD,2026-01-22,109640,1,13,0,452.0
10110183SOUSAD_2026-01-22_G39,10110183SOUSAD,2026-01-22,109643,1,15,0,309.0
10110183SOUSAD_2026-01-22_G40,10110183SOUSAD,2026-01-22,117808,1,372,0,1947.0
10110183SOUSAD_2026-01-23_G02,10110183SOUSAD,2026-01-23,108759,1,11,0,358.0
10110183SOUSAD_2026-01-23_G03,10110183SOUSAD,2026-01-23,141047,1,2,0,237.0
10110183SOUSAD_2026-01-23_G04,10110183SOUSAD,2026-01-23,111353,1,4,0,157.0
10110183SOUSAD_2026-01-23_G05,10110183SOUSAD,2026-01-23,117797,1,4,0,131.0
10110183SOUSAD_2026-01-23_G06,10110183SOUSAD,2026-01-23,111743,1,6,0,197.0
10110183SOUSAD_2026-01-23_G07,10110183SOUSAD,2026-01-23,110740,1,4,0,250.0
10110183SOUSAD_2026-01-23_G08,10110183SOUSAD,2026-01-23,118140,1,5,0,58.0
10110183SOUSAD_2026-01-23_G09,10110183SOUSAD,2026-01-23,117809,1,4,0,230.0
10110183SOUSAD_2026-01-23_G10,10110183SOUSAD,2026-01-23,118281,1,12,0,156.0
10110183SOUSAD_2026-01-23_G11,10110183SOUSAD,2026-01-23,107830,1,50,0,546.0
10110183SOUSAD_2026-01-23_G12,10110183SOUSAD,2026-01-23,111743,1,20,0,318.0
10110183SOUSAD_2026-01-23_G13,10110183SOUSAD,2026-01-23,111434,1,6,0,185.0
10110183SOUSAD_2026-01-23_G14,10110183SOUSAD,2026-01-23,111431,1,4,0,143.0
10110183SOUSAD_2026-01-23_G15,10110183SOUSAD,2026-01-23,117787,1,20,0,675.0
10110183SOUSAD_2026-01-23_G16,10110183SOUSAD,2026-01-23,141271,1,100,0,57.0
10110183SOUSAD_2026-01-23_G17,10110183SOUSAD,2026-01-23,109649,1,28,0,86.0
10110183SOUSAD_2026-01-24_G02,10110183SOUSAD,2026-01-24,100334,1,10,0,319.0
10110183SOUSAD_2026-01-24_G03,10110183SOUSAD,2026-01-24,111469,1,4,0,84.0
10110183SOUSAD_2026-01-24_G04,10110183SOUSAD,2026-01-24,160051,1,2,0,142.0
10110183SOUSAD_2026-01-24_G05,10110183SOUSAD,2026-01-24,111532,1,9,0,1119.0
10110183SOUSAD_2026-01-24_G06,10110183SOUSAD,2026-01-24,111441,1,4,0,842.0
10110183SOUSAD_2026-01-24_G07,10110183SOUSAD,2026-01-24,110747,1,2,0,116.0
10110183SOUSAD_2026-01-24_G08,10110183SOUSAD,2026-01-24,100334,1,2,0,102.0
10110183SOUSAD_2026-01-24_G09,10110183SOUSAD,2026-01-24,140923,1,4,0,101.0
10110183SOUSAD_2026-01-24_G10,10110183SOUSAD,2026-01-24,111466,1,4,0,380.0
10110183SOUSAD_2026-01-24_G11,10110183SOUSAD,2026-01-24,111469,1,6,0,115.0
10110183SOUSAD_2026-01-24_G12,10110183SOUSAD,2026-01-24,118140,1,4,0,400.0
10110183SOUSAD_2026-01-24_G13,10110183SOUSAD,2026-01-24,110374,1,3,0,279.0
10110183SOUSAD_2026-01-24_G14,10110183SOUSAD,2026-01-24,110372,1,2,0,73.0
10110183SOUSAD_2026-01-24_G15,10110183SOUSAD,2026-01-24,117808,1,4,0,122.0
10110183SOUSAD_2026-01-24_G16,10110183SOUSAD,2026-01-24,117830,1,1,0,87.0
10110183SOUSAD_2026-01-24_G17,10110183SOUSAD,2026-01-24,111602,1,8,0,1988.0
10110183SOUSAD_2026-01-24_G18,10110183SOUSAD,2026-01-24,111602,1,12,0,120.0
10110183SOUSAD_2026-01-24_G19,10110183SOUSAD,2026-01-24,108772,1,12,0,224.0
10110183SOUSAD_2026-01-24_G20,10110183SOUSAD,2026-01-24,109649,1,3,0,123.0
10110183SOUSAD_2026-01-24_G21,10110183SOUSAD,2026-01-24,111330,1,3,0,238.0
10110183SOUSAD_2026-01-24_G22,10110183SOUSAD,2026-01-24,141458,1,60,0,525.0
10110183SOUSAD_2026-01-26_G03,10110183SOUSAD,2026-01-26,117808,1,108,0,2019.0
10110183SOUSAD_2026-01-26_G04,10110183SOUSAD,2026-01-26,117808,1,188,0,768.0
10110183SOUSAD_2026-01-26_G06,10110183SOUSAD,2026-01-26,117808,1,705,0,1768.0
10110183SOUSAD_2026-01-26_G07,10110183SOUSAD,2026-01-26,118299,1,1000,0,1889.0
10110183SOUSAD_2026-01-26_G08,10110183SOUSAD,2026-01-26,118299,1,386,0,1563.0
10110183SOUSAD_2026-01-27_G02,10110183SOUSAD,2026-01-27,110371,1,2,0,173.0
10110183SOUSAD_2026-01-27_G03,10110183SOUSAD,2026-01-27,110787,1,36,0,639.0
10110183SOUSAD_2026-01-27_G04,10110183SOUSAD,2026-01-27,141166,1,4,0,261.0
10110183SOUSAD_2026-01-27_G05,10110183SOUSAD,2026-01-27,141166,1,2,0,40.0
10110183SOUSAD_2026-01-27_G06,10110183SOUSAD,2026-01-27,110787,1,10,0,217.0
10110183SOUSAD_2026-01-27_G07,10110183SOUSAD,2026-01-27,141457,1,20,0,311.0
10110183SOUSAD_2026-01-27_G08,10110183SOUSAD,2026-01-27,110787,1,4,0,281.0
10110183SOUSAD_2026-01-27_G09,10110183SOUSAD,2026-01-27,111602,1,2,0,121.0
10110183SOUSAD_2026-01-27_G10,10110183SOUSAD,2026-01-27,111602,1,3,0,163.0
10110183SOUSAD_2026-01-27_G11,10110183SOUSAD,2026-01-27,111466,1,6,0,342.0
10110183SOUSAD_2026-01-27_G12,10110183SOUSAD,2026-01-27,111469,1,4,0,124.0
10110183SOUSAD_2026-01-27_G13,10110183SOUSAD,2026-01-27,110373,1,10,0,158.0
10110183SOUSAD_2026-01-27_G14,10110183SOUSAD,2026-01-27,140923,1,2,0,470.0
10110183SOUSAD_2026-01-27_G15,10110183SOUSAD,2026-01-27,111602,1,3,0,138.0
10110183SOUSAD_2026-01-27_G16,10110183SOUSAD,2026-01-27,109647,1,2,0,67.0
10110183SOUSAD_2026-01-27_G17,10110183SOUSAD,2026-01-27,140922,1,3,0,345.0
10110183SOUSAD_2026-01-27_G18,10110183SOUSAD,2026-01-27,111466,1,3,0,125.0
10110183SOUSAD_2026-01-27_G19,10110183SOUSAD,2026-01-27,111418,1,8,0,175.0
10110183SOUSAD_2026-01-27_G20,10110183SOUSAD,2026-01-27,118140,1,6,0,111.0
10110183SOUSAD_2026-01-27_G21,10110183SOUSAD,2026-01-27,110374,1,6,0,243.0
10110183SOUSAD_2026-01-27_G22,10110183SOUSAD,2026-01-27,117820,1,2,0,119.0
10110183SOUSAD_2026-01-27_G23,10110183SOUSAD,2026-01-27,110373,1,4,0,106.0
10110183SOUSAD_2026-01-27_G24,10110183SOUSAD,2026-01-27,110371,1,6,0,98.0
10110183SOUSAD_2026-01-27_G25,10110183SOUSAD,2026-01-27,111532,1,1,0,518.0
10110183SOUSAD_2026-01-27_G26,10110183SOUSAD,2026-01-27,111736,1,4,0,405.0
10110183SOUSAD_2026-01-27_G27,10110183SOUSAD,2026-01-27,111602,1,20,0,256.0
10110183SOUSAD_2026-01-27_G28,10110183SOUSAD,2026-01-27,111751,1,5,0,375.0
10110183SOUSAD_2026-01-27_G29,10110183SOUSAD,2026-01-27,141262,1,60,0,625.0
10110183SOUSAD_2026-01-27_G30,10110183SOUSAD,2026-01-27,111740,1,3,0,241.0
10110183SOUSAD_2026-01-27_G31,10110183SOUSAD,2026-01-27,111634,1,60,0,468.0
10110183SOUSAD_2026-01-27_G32,10110183SOUSAD,2026-01-27,110787,1,12,0,418.0
10110183SOUSAD_2026-01-27_G33,10110183SOUSAD,2026-01-27,141457,1,12,0,521.0
10110183SOUSAD_2026-01-27_G34,10110183SOUSAD,2026-01-27,111737,1,20,0,709.0
10110183SOUSAD_2026-01-28_G02,10110183SOUSAD,2026-01-28,111430,1,6,0,185.0
10110183SOUSAD_2026-01-28_G03,10110183SOUSAD,2026-01-28,117834,1,4,0,125.0
10110183SOUSAD_2026-01-28_G04,10110183SOUSAD,2026-01-28,110742,1,4,0,114.0
10110183SOUSAD_2026-01-28_G05,10110183SOUSAD,2026-01-28,100334,1,5,0,434.0
10110183SOUSAD_2026-01-28_G06,10110183SOUSAD,2026-01-28,111467,1,10,0,369.0
10110183SOUSAD_2026-01-28_G07,10110183SOUSAD,2026-01-28,111602,1,35,0,164.0
10110183SOUSAD_2026-01-28_G08,10110183SOUSAD,2026-01-28,111602,1,20,0,308.0
10110183SOUSAD_2026-01-28_G09,10110183SOUSAD,2026-01-28,117862,1,15,0,321.0
10110183SOUSAD_2026-01-28_G11,10110183SOUSAD,2026-01-28,111439,1,8,0,168.0
10110183SOUSAD_2026-01-28_G12,10110183SOUSAD,2026-01-28,141047,2,40,13,204.0
10110183SOUSAD_2026-01-28_G13,10110183SOUSAD,2026-01-28,107629,1,30,0,609.0
10110183SOUSAD_2026-01-28_G14,10110183SOUSAD,2026-01-28,117856,1,40,0,632.0
10110183SOUSAD_2026-01-28_G16,10110183SOUSAD,2026-01-28,108759,1,3,0,367.0
10110183SOUSAD_2026-01-28_G17,10110183SOUSAD,2026-01-28,111441,1,5,0,183.0
10110183SOUSAD_2026-01-28_G18,10110183SOUSAD,2026-01-28,142045,1,17,0,182.0
10110183SOUSAD_2026-01-28_G19,10110183SOUSAD,2026-01-28,110895,1,10,0,677.0
10110183SOUSAD_2026-01-28_G20,10110183SOUSAD,2026-01-28,110742,1,5,0,235.0
10110183SOUSAD_2026-01-28_G21,10110183SOUSAD,2026-01-28,118299,1,10,0,249.0
10110183SOUSAD_2026-01-28_G22,10110183SOUSAD,2026-01-28,117808,1,40,0,724.0
10110183SOUSAD_2026-01-28_G23,10110183SOUSAD,2026-01-28,100334,1,5,0,1037.0
10110183SOUSAD_2026-01-28_G24,10110183SOUSAD,2026-01-28,110742,1,4,0,184.0
10110183SOUSAD_2026-01-28_G25,10110183SOUSAD,2026-01-28,110753,1,4,0,107.0
10110183SOUSAD_2026-01-28_G26,10110183SOUSAD,2026-01-28,111348,1,20,0,268.0
10110183SOUSAD_2026-01-28_G27,10110183SOUSAD,2026-01-28,111418,1,550,0,2270.0
10110183SOUSAD_2026-01-28_G28,10110183SOUSAD,2026-01-28,142045,1,6,0,1023.0
10110183SOUSAD_2026-01-28_G29,10110183SOUSAD,2026-01-28,110742,1,2,0,85.0
10110183SOUSAD_2026-01-28_G30,10110183SOUSAD,2026-01-28,110754,1,4,0,129.0
10110183SOUSAD_2026-01-28_G31,10110183SOUSAD,2026-01-28,111439,1,2,0,290.0
10110183SOUSAD_2026-01-28_G32,10110183SOUSAD,2026-01-28,111530,1,8,0,124.0
10110183SOUSAD_2026-01-28_G33,10110183SOUSAD,2026-01-28,140923,1,8,0,116.0
10110183SOUSAD_2026-01-28_G34,10110183SOUSAD,2026-01-28,117856,1,4,0,106.0
10110183SOUSAD_2026-01-29_G02,10110183SOUSAD,2026-01-29,140923,1,5,0,104.0
10110183SOUSAD_2026-01-29_G03,10110183SOUSAD,2026-01-29,107629,1,2,0,129.0
10110183SOUSAD_2026-01-29_G04,10110183SOUSAD,2026-01-29,111876,1,3,0,74.0
10110183SOUSAD_2026-01-29_G05,10110183SOUSAD,2026-01-29,110339,1,1,0,54.0
10110183SOUSAD_2026-01-29_G06,10110183SOUSAD,2026-01-29,111602,1,3,0,89.0
10110183SOUSAD_2026-01-29_G07,10110183SOUSAD,2026-01-29,110374,1,4,0,190.0
10110183SOUSAD_2026-01-29_G08,10110183SOUSAD,2026-01-29,117820,1,8,0,138.0
10110183SOUSAD_2026-01-29_G09,10110183SOUSAD,2026-01-29,117808,1,4,0,120.0
10110183SOUSAD_2026-01-29_G10,10110183SOUSAD,2026-01-29,110375,1,2,0,55.0
10110183SOUSAD_2026-01-29_G11,10110183SOUSAD,2026-01-29,117832,1,3,0,122.0
10110183SOUSAD_2026-01-29_G12,10110183SOUSAD,2026-01-29,110787,1,1,0,382.0
10110183SOUSAD_2026-01-29_G13,10110183SOUSAD,2026-01-29,111172,1,4,0,183.0
10110183SOUSAD_2026-01-29_G14,10110183SOUSAD,2026-01-29,108772,1,4,0,120.0
10110183SOUSAD_2026-01-29_G15,10110183SOUSAD,2026-01-29,141166,1,9,0,263.0
10110183SOUSAD_2026-01-29_G16,10110183SOUSAD,2026-01-29,109640,1,3,0,96.0
10110183SOUSAD_2026-01-29_G17,10110183SOUSAD,2026-01-29,110787,1,27,0,550.0
10110183SOUSAD_2026-01-29_G18,10110183SOUSAD,2026-01-29,108759,1,7,0,357.0
10110183SOUSAD_2026-01-29_G19,10110183SOUSAD,2026-01-29,141166,1,19,0,258.0
10110183SOUSAD_2026-01-29_G20,10110183SOUSAD,2026-01-29,141457,1,16,0,110.0
10110183SOUSAD_2026-01-29_G21,10110183SOUSAD,2026-01-29,118140,1,2,0,406.0
10110183SOUSAD_2026-01-29_G22,10110183SOUSAD,2026-01-29,111602,1,6,0,960.0
10110183SOUSAD_2026-01-29_G23,10110183SOUSAD,2026-01-29,111602,1,2,0,77.0
10110183SOUSAD_2026-01-29_G24,10110183SOUSAD,2026-01-29,111879,2,8,28,1089.0
10110183SOUSAD_2026-01-29_G25,10110183SOUSAD,2026-01-29,111876,1,4,0,140.0
10110183SOUSAD_2026-01-29_G26,10110183SOUSAD,2026-01-29,111602,1,10,0,135.0
10110183SOUSAD_2026-01-29_G27,10110183SOUSAD,2026-01-29,111602,1,8,0,325.0
10110183SOUSAD_2026-01-29_G29,10110183SOUSAD,2026-01-29,111330,1,13,0,653.0
10110183SOUSAD_2026-01-29_G30,10110183SOUSAD,2026-01-29,141166,1,20,0,738.0
10110183SOUSAD_2026-01-29_G31,10110183SOUSAD,2026-01-29,111330,1,14,0,308.0
10110183SOUSAD_2026-01-29_G32,10110183SOUSAD,2026-01-29,110372,1,4,0,339.0
10110183SOUSAD_2026-01-29_G33,10110183SOUSAD,2026-01-29,111469,1,8,0,200.0
10110183SOUSAD_2026-01-29_G34,10110183SOUSAD,2026-01-29,111443,1,4,0,390.0
10110183SOUSAD_2026-01-29_G35,10110183SOUSAD,2026-01-29,141166,1,20,0,618.0
10110183SOUSAD_2026-01-29_G36,10110183SOUSAD,2026-01-29,111530,1,4,0,209.0
10110183SOUSAD_2026-01-29_G37,10110183SOUSAD,2026-01-29,109640,1,6,0,372.0
10110183SOUSAD_2026-01-29_G38,10110183SOUSAD,2026-01-29,141458,1,24,0,307.0
10110183SOUSAD_2026-01-29_G39,10110183SOUSAD,2026-01-29,110374,1,7,0,1002.0
10110183SOUSAD_2026-01-29_G40,10110183SOUSAD,2026-01-29,117809,1,77,0,446.0
10110183SOUSAD_2026-01-29_G41,10110183SOUSAD,2026-01-29,110372,1,131,0,710.0
10110183SOUSAD_2026-01-29_G42,10110183SOUSAD,2026-01-29,117830,1,71,0,613.0
10110183SOUSAD_2026-01-29_G43,10110183SOUSAD,2026-01-29,110371,1,74,0,461.0
10110183SOUSAD_2026-01-29_G44,10110183SOUSAD,2026-01-29,141166,1,2,0,652.0
10110183SOUSAD_2026-01-29_G45,10110183SOUSAD,2026-01-29,108772,1,3,0,266.0
10110183SOUSAD_2026-01-29_G46,10110183SOUSAD,2026-01-29,110741,1,1,0,77.0
10110183SOUSAD_2026-01-29_G47,10110183SOUSAD,2026-01-29,110741,1,1,0,45.0
10110183SOUSAD_2026-01-29_G48,10110183SOUSAD,2026-01-29,141166,1,3,0,182.0
10110183SOUSAD_2026-01-29_G49,10110183SOUSAD,2026-01-29,111433,1,4,0,147.0
10110183SOUSAD_2026-01-29_G50,10110183SOUSAD,2026-01-29,118094,1,8,0,349.0
10110183SOUSAD_2026-01-29_G51,10110183SOUSAD,2026-01-29,141318,1,2,0,131.0
10110183SOUSAD_2026-01-29_G52,10110183SOUSAD,2026-01-29,111569,1,1,0,93.0
10110183SOUSAD_2026-01-30_G02,10110183SOUSAD,2026-01-30,111530,1,38,0,573.0
10110183SOUSAD_2026-01-30_G03,10110183SOUSAD,2026-01-30,111441,1,1,0,599.0
10110183SOUSAD_2026-01-30_G04,10110183SOUSAD,2026-01-30,111569,1,2,0,143.0
10110183SOUSAD_2026-01-30_G05,10110183SOUSAD,2026-01-30,110371,1,40,0,103.0
10110183SOUSAD_2026-01-30_G06,10110183SOUSAD,2026-01-30,110372,1,45,0,1016.0
10110183SOUSAD_2026-01-30_G07,10110183SOUSAD,2026-01-30,110740,1,10,0,276.0
10110183SOUSAD_2026-01-30_G08,10110183SOUSAD,2026-01-30,110787,1,4,0,141.0
10110183SOUSAD_2026-01-30_G09,10110183SOUSAD,2026-01-30,111199,1,8,0,981.0
10110183SOUSAD_2026-01-30_G10,10110183SOUSAD,2026-01-30,118094,1,8,0,301.0
10110183SOUSAD_2026-01-30_G11,10110183SOUSAD,2026-01-30,118094,1,6,0,72.0
10110183SOUSAD_2026-01-30_G12,10110183SOUSAD,2026-01-30,117837,1,7,0,121.0
10110183SOUSAD_2026-01-30_G13,10110183SOUSAD,2026-01-30,117837,1,7,0,53.0
10110183SOUSAD_2026-01-30_G14,10110183SOUSAD,2026-01-30,110753,1,2,0,93.0
10110183SOUSAD_2026-01-30_G15,10110183SOUSAD,2026-01-30,110753,1,6,0,65.0
10110183SOUSAD_2026-01-30_G16,10110183SOUSAD,2026-01-30,140923,1,12,0,260.0
10110183SOUSAD_2026-01-30_G17,10110183SOUSAD,2026-01-30,108772,1,2,0,120.0
10110183SOUSAD_2026-01-30_G18,10110183SOUSAD,2026-01-30,107629,1,6,0,143.0
10110183SOUSAD_2026-01-30_G19,10110183SOUSAD,2026-01-30,117856,1,11,0,402.0
10110183SOUSAD_2026-01-30_G20,10110183SOUSAD,2026-01-30,110339,1,12,0,489.0
10110183SOUSAD_2026-01-30_G21,10110183SOUSAD,2026-01-30,111353,1,1,0,69.0
10110183SOUSAD_2026-01-30_G22,10110183SOUSAD,2026-01-30,111353,1,5,0,55.0
10110183SOUSAD_2026-01-30_G23,10110183SOUSAD,2026-01-30,109640,1,39,0,995.0
10110183SOUSAD_2026-01-30_G24,10110183SOUSAD,2026-01-30,110063,1,2,0,532.0
10110183SOUSAD_2026-01-30_G25,10110183SOUSAD,2026-01-30,111602,1,120,0,669.0
10110183SOUSAD_2026-01-30_G26,10110183SOUSAD,2026-01-30,111602,2,89,21,163.0
10110183SOUSAD_2026-01-30_G27,10110183SOUSAD,2026-01-30,111120,1,12,0,1038.0
10110183SOUSAD_2026-01-30_G28,10110183SOUSAD,2026-01-30,108759,1,1,0,229.0
10110183SOUSAD_2026-01-30_G29,10110183SOUSAD,2026-01-30,108759,1,1,0,33.0
10110183SOUSAD_2026-01-30_G30,10110183SOUSAD,2026-01-30,105359,1,4,0,112.0
10110183SOUSAD_2026-01-30_G31,10110183SOUSAD,2026-01-30,111569,1,2,0,119.0
10110183SOUSAD_2026-01-30_G32,10110183SOUSAD,2026-01-30,106865,1,8,0,175.0
10110183SOUSAD_2026-01-30_G33,10110183SOUSAD,2026-01-30,110371,1,20,0,229.0
10110183SOUSAD_2026-01-30_G35,10110183SOUSAD,2026-01-30,111466,1,20,0,120.0
10110183SOUSAD_2026-01-30_G36,10110183SOUSAD,2026-01-30,108798,1,8,0,296.0
10110183SOUSAD_2026-01-30_G37,10110183SOUSAD,2026-01-30,118140,1,500,0,2985.0
10110183SOUSAD_2026-01-30_G38,10110183SOUSAD,2026-01-30,110787,1,80,0,387.0
10110183SOUSAD_2026-01-30_G39,10110183SOUSAD,2026-01-30,108759,1,13,0,395.0
10110183SOUSAD_2026-01-30_G40,10110183SOUSAD,2026-01-30,110747,1,4,0,248.0
10110183SOUSAD_2026-01-30_G41,10110183SOUSAD,2026-01-30,110733,1,14,0,215.0
10110183SOUSAD_2026-01-30_G42,10110183SOUSAD,2026-01-30,110375,1,17,0,258.0
10110183SOUSAD_2026-01-30_G43,10110183SOUSAD,2026-01-30,117820,1,28,0,326.0
10110183SOUSAD_2026-01-30_G44,10110183SOUSAD,2026-01-30,118253,1,2,0,716.0
10110183SOUSAD_2026-01-30_G45,10110183SOUSAD,2026-01-30,118253,1,2,0,256.0
10110183SOUSAD_2026-01-30_G46,10110183SOUSAD,2026-01-30,117836,1,2,0,97.0
10110183SOUSAD_2026-01-30_G47,10110183SOUSAD,2026-01-30,117836,1,2,0,36.0
10110183SOUSAD_2026-01-30_G48,10110183SOUSAD,2026-01-30,110747,1,2,0,58.0
10110183SOUSAD_2026-01-30_G49,10110183SOUSAD,2026-01-30,116527,1,2,0,108.0
10110183SOUSAD_2026-01-30_G50,10110183SOUSAD,2026-01-30,116527,1,2,0,125.0
10110183SOUSAD_2026-01-30_G51,10110183SOUSAD,2026-01-30,111615,2,4,7,81.0
10110183SOUSAD_2026-01-30_G52,10110183SOUSAD,2026-01-30,110740,1,4,0,157.0
10110183SOUSAD_2026-01-30_G53,10110183SOUSAD,2026-01-30,111463,1,49,0,832.0
10110183SOUSAD_2026-01-30_G54,10110183SOUSAD,2026-01-30,141457,1,38,0,236.0
10110183SOUSAD_2026-01-30_G55,10110183SOUSAD,2026-01-30,"110740, 117787",2,14,27,984.0
10110183SOUSAD_2026-01-30_G56,10110183SOUSAD,2026-01-30,141458,1,50,0,971.0
10110183SOUSAD_2026-01-30_G57,10110183SOUSAD,2026-01-30,141047,1,11,0,273.0
10110183SOUSAD_2026-01-30_G58,10110183SOUSAD,2026-01-30,111353,1,6,0,296.0
10110183SOUSAD_2026-01-30_G59,10110183SOUSAD,2026-01-30,141166,1,23,0,395.0
10110183SOUSAD_2026-02-03_G02,10110183SOUSAD,2026-02-03,111469,1,86,0,360.0
10110183SOUSAD_2026-02-03_G03,10110183SOUSAD,2026-02-03,141457,1,19,0,308.0
10110183SOUSAD_2026-02-03_G04,10110183SOUSAD,2026-02-03,117820,1,90,0,420.0
10110183SOUSAD_2026-02-03_G05,10110183SOUSAD,2026-02-03,110313,1,50,0,1023.0
10110183SOUSAD_2026-02-03_G06,10110183SOUSAD,2026-02-03,111469,1,50,0,617.0
10110183SOUSAD_2026-02-04_G02,10110183SOUSAD,2026-02-04,110325,1,66,0,132.0
10110183SOUSAD_2026-02-04_G03,10110183SOUSAD,2026-02-04,117822,1,40,0,747.0
10110183SOUSAD_2026-02-04_G04,10110183SOUSAD,2026-02-04,110376,1,20,0,445.0
10110183SOUSAD_2026-02-04_G05,10110183SOUSAD,2026-02-04,110371,1,130,0,664.0
10110183SOUSAD_2026-02-04_G06,10110183SOUSAD,2026-02-04,117830,1,40,0,276.0
10110183SOUSAD_2026-02-04_G07,10110183SOUSAD,2026-02-04,110373,1,150,0,774.0
10110183SOUSAD_2026-02-04_G08,10110183SOUSAD,2026-02-04,117832,1,55,0,197.0
10110183SOUSAD_2026-02-04_G09,10110183SOUSAD,2026-02-04,109643,1,50,0,783.0
10110183SOUSAD_2026-02-04_G10,10110183SOUSAD,2026-02-04,109643,1,25,0,318.0
10110183SOUSAD_2026-02-04_G11,10110183SOUSAD,2026-02-04,117820,1,150,0,899.0
10110183SOUSAD_2026-02-04_G12,10110183SOUSAD,2026-02-04,110372,1,160,0,678.0
10110183SOUSAD_2026-02-04_G13,10110183SOUSAD,2026-02-04,117786,1,60,0,2447.0
10110183SOUSAD_2026-02-04_G14,10110183SOUSAD,2026-02-04,109640,2,70,28,331.0
10110183SOUSAD_2026-02-04_G15,10110183SOUSAD,2026-02-04,109647,1,25,0,745.0
10110183SOUSAD_2026-02-04_G16,10110183SOUSAD,2026-02-04,109647,1,15,0,206.0
10110183SOUSAD_2026-02-04_G18,10110183SOUSAD,2026-02-04,111443,1,47,0,481.0
10110183SOUSAD_2026-02-04_G19,10110183SOUSAD,2026-02-04,108798,1,52,0,1486.0
10110183SOUSAD_2026-02-04_G20,10110183SOUSAD,2026-02-04,110787,2,8,22,1236.0
10110183SOUSAD_2026-02-04_G21,10110183SOUSAD,2026-02-04,108794,2,7,8,57.0
10110183SOUSAD_2026-02-04_G22,10110183SOUSAD,2026-02-04,111418,1,12,0,93.0
10110183SOUSAD_2026-02-04_G23,10110183SOUSAD,2026-02-04,108711,1,4,0,78.0
10110183SOUSAD_2026-02-04_G24,10110183SOUSAD,2026-02-04,111469,1,4,0,63.0
10110183SOUSAD_2026-02-04_G25,10110183SOUSAD,2026-02-04,109645,2,7,6,75.0
10110183SOUSAD_2026-02-04_G26,10110183SOUSAD,2026-02-04,111466,1,13,0,309.0
10110183SOUSAD_2026-02-04_G27,10110183SOUSAD,2026-02-04,111466,1,6,0,76.0
10110183SOUSAD_2026-02-04_G28,10110183SOUSAD,2026-02-04,117831,1,2,0,74.0
10110183SOUSAD_2026-02-04_G29,10110183SOUSAD,2026-02-04,108798,1,1,0,117.0
10110183SOUSAD_2026-02-04_G30,10110183SOUSAD,2026-02-04,111444,1,4,0,57.0
10110183SOUSAD_2026-02-04_G31,10110183SOUSAD,2026-02-04,111465,1,2,0,93.0
10110183SOUSAD_2026-02-04_G32,10110183SOUSAD,2026-02-04,111435,2,4,7,188.0
10110183SOUSAD_2026-02-04_G33,10110183SOUSAD,2026-02-04,117787,1,5,0,94.0
10110183SOUSAD_2026-02-04_G34,10110183SOUSAD,2026-02-04,118140,1,3,0,70.0
10110183SOUSAD_2026-02-04_G35,10110183SOUSAD,2026-02-04,117785,1,17,0,85.0
10110183SOUSAD_2026-02-04_G36,10110183SOUSAD,2026-02-04,117831,1,2,0,249.0
10110183SOUSAD_2026-02-04_G37,10110183SOUSAD,2026-02-04,111467,1,2,0,138.0
10110183SOUSAD_2026-02-04_G38,10110183SOUSAD,2026-02-04,111530,1,8,0,112.0
10110183SOUSAD_2026-02-04_G39,10110183SOUSAD,2026-02-04,110339,1,3,0,98.0
10110183SOUSAD_2026-02-04_G40,10110183SOUSAD,2026-02-04,110339,1,6,0,91.0
10110183SOUSAD_2026-02-04_G41,10110183SOUSAD,2026-02-04,117837,1,4,0,74.0
10110183SOUSAD_2026-02-04_G42,10110183SOUSAD,2026-02-04,117837,1,4,0,50.0
10110183SOUSAD_2026-02-04_G43,10110183SOUSAD,2026-02-04,111441,1,2,0,301.0
10110183SOUSAD_2026-02-05_G02,10110183SOUSAD,2026-02-05,110374,1,26,0,219.0
10110183SOUSAD_2026-02-05_G03,10110183SOUSAD,2026-02-05,109643,1,15,0,330.0
10110183SOUSAD_2026-02-05_G04,10110183SOUSAD,2026-02-05,117820,1,75,0,1433.0
10110183SOUSAD_2026-02-05_G05,10110183SOUSAD,2026-02-05,118299,1,67,0,142.0
10110183SOUSAD_2026-02-05_G06,10110183SOUSAD,2026-02-05,117808,1,400,0,1394.0
10110183SOUSAD_2026-02-05_G07,10110183SOUSAD,2026-02-05,110373,1,86,0,389.0
10110183SOUSAD_2026-02-05_G08,10110183SOUSAD,2026-02-05,110748,1,4,0,1635.0
10110183SOUSAD_2026-02-05_G09,10110183SOUSAD,2026-02-05,110740,1,12,0,132.0
10110183SOUSAD_2026-02-05_G10,10110183SOUSAD,2026-02-05,109641,1,8,0,154.0
10110183SOUSAD_2026-02-05_G11,10110183SOUSAD,2026-02-05,108795,1,4,0,64.0
10110183SOUSAD_2026-02-05_G12,10110183SOUSAD,2026-02-05,111348,1,4,0,72.0
10110183SOUSAD_2026-02-05_G13,10110183SOUSAD,2026-02-05,117821,1,12,0,120.0
10110183SOUSAD_2026-02-05_G14,10110183SOUSAD,2026-02-05,108711,1,8,0,66.0
10110183SOUSAD_2026-02-05_G15,10110183SOUSAD,2026-02-05,111743,1,11,0,103.0
10110183SOUSAD_2026-02-05_G16,10110183SOUSAD,2026-02-05,111466,1,8,0,196.0
10110183SOUSAD_2026-02-05_G17,10110183SOUSAD,2026-02-05,141823,1,9,0,303.0
10110183SOUSAD_2026-02-05_G18,10110183SOUSAD,2026-02-05,141457,1,30,0,166.0
10110183SOUSAD_2026-02-05_G19,10110183SOUSAD,2026-02-05,111465,1,2,0,259.0
10110183SOUSAD_2026-02-05_G20,10110183SOUSAD,2026-02-05,117785,1,39,0,286.0
10110183SOUSAD_2026-02-05_G21,10110183SOUSAD,2026-02-05,111660,1,5,0,418.0
10110183SOUSAD_2026-02-05_G22,10110183SOUSAD,2026-02-05,142045,1,3,0,122.0
10110183SOUSAD_2026-02-05_G23,10110183SOUSAD,2026-02-05,110895,1,4,0,88.0
10110183SOUSAD_2026-02-05_G24,10110183SOUSAD,2026-02-05,110747,1,4,0,140.0
10110183SOUSAD_2026-02-05_G25,10110183SOUSAD,2026-02-05,116527,1,4,0,105.0
10110183SOUSAD_2026-02-05_G26,10110183SOUSAD,2026-02-05,100334,1,8,0,344.0
10110183SOUSAD_2026-02-05_G27,10110183SOUSAD,2026-02-05,111569,1,8,0,134.0
10110183SOUSAD_2026-02-05_G28,10110183SOUSAD,2026-02-05,108770,1,4,0,270.0
10110183SOUSAD_2026-02-05_G29,10110183SOUSAD,2026-02-05,117832,1,5,0,262.0
10110183SOUSAD_2026-02-05_G31,10110183SOUSAD,2026-02-05,118286,1,4,0,58.0
10110183SOUSAD_2026-02-05_G32,10110183SOUSAD,2026-02-05,110064,1,2,0,241.0
10110183SOUSAD_2026-02-05_G33,10110183SOUSAD,2026-02-05,117835,1,10,0,305.0
10110183SOUSAD_2026-02-05_G34,10110183SOUSAD,2026-02-05,118283,1,20,0,166.0
10110183SOUSAD_2026-02-05_G35,10110183SOUSAD,2026-02-05,111655,1,12,0,234.0
10110183SOUSAD_2026-02-05_G36,10110183SOUSAD,2026-02-05,118253,1,4,0,143.0
10110183SOUSAD_2026-02-05_G37,10110183SOUSAD,2026-02-05,111438,1,10,0,265.0
10110183SOUSAD_2026-02-05_G38,10110183SOUSAD,2026-02-05,110747,1,6,0,293.0
10110183SOUSAD_2026-02-05_G39,10110183SOUSAD,2026-02-05,116527,1,4,0,117.0
10110183SOUSAD_2026-02-05_G40,10110183SOUSAD,2026-02-05,100334,1,50,0,2150.0
10110183SOUSAD_2026-02-05_G41,10110183SOUSAD,2026-02-05,111569,1,17,0,1497.0
10110183SOUSAD_2026-02-05_G42,10110183SOUSAD,2026-02-05,110325,1,40,0,257.0
10110183SOUSAD_2026-02-05_G43,10110183SOUSAD,2026-02-05,141202,1,24,0,303.0
10110183SOUSAD_2026-02-05_G44,10110183SOUSAD,2026-02-05,160053,1,4,0,177.0
10110183SOUSAD_2026-02-05_G45,10110183SOUSAD,2026-02-05,118271,1,4,0,803.0
10110183SOUSAD_2026-02-05_G46,10110183SOUSAD,2026-02-05,141035,1,3,0,114.0
10110183SOUSAD_2026-02-05_G47,10110183SOUSAD,2026-02-05,111650,1,3,0,140.0
10110183SOUSAD_2026-02-05_G48,10110183SOUSAD,2026-02-05,117842,1,10,0,143.0
10110183SOUSAD_2026-02-05_G49,10110183SOUSAD,2026-02-05,118285,1,2,0,52.0
10110183SOUSAD_2026-02-05_G50,10110183SOUSAD,2026-02-05,110751,1,4,0,68.0
10110183SOUSAD_2026-02-05_G51,10110183SOUSAD,2026-02-05,107830,1,40,0,538.0
10110183SOUSAD_2026-02-05_G52,10110183SOUSAD,2026-02-05,111431,1,8,0,232.0
10110183SOUSAD_2026-02-06_G02,10110183SOUSAD,2026-02-06,117821,1,100,0,316.0
10110183SOUSAD_2026-02-06_G03,10110183SOUSAD,2026-02-06,108711,1,106,0,634.0
10110183SOUSAD_2026-02-06_G04,10110183SOUSAD,2026-02-06,111469,1,200,0,925.0
10110183SOUSAD_2026-02-06_G05,10110183SOUSAD,2026-02-06,141823,1,140,0,738.0
10110183SOUSAD_2026-02-06_G06,10110183SOUSAD,2026-02-06,118140,1,250,0,1287.0
10110183SOUSAD_2026-02-06_G07,10110183SOUSAD,2026-02-06,141458,1,200,0,755.0
10110183SOUSAD_2026-02-06_G08,10110183SOUSAD,2026-02-06,118094,1,120,0,502.0
10110183SOUSAD_2026-02-06_G09,10110183SOUSAD,2026-02-06,140923,1,175,0,592.0
10110183SOUSAD_2026-02-06_G10,10110183SOUSAD,2026-02-06,109643,1,125,0,1006.0
10110183SOUSAD_2026-02-06_G11,10110183SOUSAD,2026-02-06,105705,1,80,0,982.0
10110183SOUSAD_2026-02-06_G12,10110183SOUSAD,2026-02-06,111330,1,60,0,475.0
10110183SOUSAD_2026-02-06_G13,10110183SOUSAD,2026-02-06,109645,1,45,0,183.0
10110183SOUSAD_2026-02-06_G14,10110183SOUSAD,2026-02-06,111443,1,40,0,538.0
10110183SOUSAD_2026-02-06_G15,10110183SOUSAD,2026-02-06,111532,1,20,0,498.0
10110183SOUSAD_2026-02-06_G16,10110183SOUSAD,2026-02-06,118223,1,20,0,985.0
10110183SOUSAD_2026-02-06_G18,10110183SOUSAD,2026-02-06,110741,1,12,0,817.0
10110183SOUSAD_2026-02-06_G19,10110183SOUSAD,2026-02-06,111530,1,38,0,274.0
10110183SOUSAD_2026-02-06_G20,10110183SOUSAD,2026-02-06,111530,2,5,14,165.0
10110183SOUSAD_2026-02-06_G21,10110183SOUSAD,2026-02-06,141166,1,12,0,189.0
10110183SOUSAD_2026-02-06_G22,10110183SOUSAD,2026-02-06,110325,1,20,0,78.0
10110183SOUSAD_2026-02-06_G23,10110183SOUSAD,2026-02-06,110325,1,50,0,237.0
10110183SOUSAD_2026-02-06_G24,10110183SOUSAD,2026-02-06,117820,1,160,0,920.0
10110183SOUSAD_2026-02-06_G25,10110183SOUSAD,2026-02-06,118299,1,100,0,438.0
10110183SOUSAD_2026-02-06_G26,10110183SOUSAD,2026-02-06,160051,1,12,0,344.0
10110183SOUSAD_2026-02-06_G27,10110183SOUSAD,2026-02-06,110373,1,200,0,503.0
10110183SOUSAD_2026-02-06_G28,10110183SOUSAD,2026-02-06,117808,1,80,0,743.0
10110183SOUSAD_2026-02-06_G29,10110183SOUSAD,2026-02-06,110325,1,50,0,612.0
10110183SOUSAD_2026-02-06_G30,10110183SOUSAD,2026-02-06,117820,1,80,0,377.0
10110183SOUSAD_2026-02-06_G31,10110183SOUSAD,2026-02-06,142045,1,10,0,468.0
10110183SOUSAD_2026-02-06_G32,10110183SOUSAD,2026-02-06,140923,1,40,0,568.0
10110183SOUSAD_2026-02-06_G33,10110183SOUSAD,2026-02-06,117834,1,6,0,1174.0
10110183SOUSAD_2026-02-06_G34,10110183SOUSAD,2026-02-06,111441,1,37,0,651.0
10110183SOUSAD_2026-02-06_G35,10110183SOUSAD,2026-02-06,111430,1,6,0,303.0
10110183SOUSAD_2026-02-06_G36,10110183SOUSAD,2026-02-06,142045,1,30,0,447.0
10110183SOUSAD_2026-02-06_G37,10110183SOUSAD,2026-02-06,108770,1,21,0,353.0
10110183SOUSAD_2026-02-06_G38,10110183SOUSAD,2026-02-06,110755,1,25,0,393.0
10110183SOUSAD_2026-02-06_G39,10110183SOUSAD,2026-02-06,110375,1,50,0,547.0
10110183SOUSAD_2026-02-06_G40,10110183SOUSAD,2026-02-06,107830,1,31,0,231.0
10110183SOUSAD_2026-02-07_G02,10110183SOUSAD,2026-02-07,108794,1,40,0,87.0
10110183SOUSAD_2026-02-07_G03,10110183SOUSAD,2026-02-07,117821,1,37,0,441.0
10110183SOUSAD_2026-02-07_G04,10110183SOUSAD,2026-02-07,108711,1,50,0,659.0
10110183SOUSAD_2026-02-07_G05,10110183SOUSAD,2026-02-07,108711,1,50,0,129.0
10110183SOUSAD_2026-02-07_G06,10110183SOUSAD,2026-02-07,111469,1,70,0,264.0
10110183SOUSAD_2026-02-07_G07,10110183SOUSAD,2026-02-07,111469,1,50,0,241.0
10110183SOUSAD_2026-02-07_G08,10110183SOUSAD,2026-02-07,111743,1,10,0,360.0
10110183SOUSAD_2026-02-07_G09,10110183SOUSAD,2026-02-07,111743,1,30,0,41.0
10110183SOUSAD_2026-02-07_G10,10110183SOUSAD,2026-02-07,111466,1,30,0,459.0
10110183SOUSAD_2026-02-07_G11,10110183SOUSAD,2026-02-07,141271,1,30,0,373.0
10110183SOUSAD_2026-02-07_G12,10110183SOUSAD,2026-02-07,118140,2,120,20,253.0
10110183SOUSAD_2026-02-07_G13,10110183SOUSAD,2026-02-07,111418,1,120,0,723.0
10110183SOUSAD_2026-02-07_G14,10110183SOUSAD,2026-02-07,111418,1,60,0,32.0
10110183SOUSAD_2026-02-07_G15,10110183SOUSAD,2026-02-07,108798,1,20,0,3022.0
10110183SOUSAD_2026-02-07_G16,10110183SOUSAD,2026-02-07,111465,1,12,0,355.0
10110183SOUSAD_2026-02-07_G17,10110183SOUSAD,2026-02-07,117785,1,17,0,604.0
10110183SOUSAD_2026-02-07_G19,10110183SOUSAD,2026-02-07,111438,1,20,0,633.0
10110183SOUSAD_2026-02-07_G20,10110183SOUSAD,2026-02-07,110747,1,20,0,309.0
10110183SOUSAD_2026-02-07_G21,10110183SOUSAD,2026-02-07,100334,1,4,0,364.0
10110183SOUSAD_2026-02-07_G22,10110183SOUSAD,2026-02-07,109641,1,4,0,475.0
10110183SOUSAD_2026-02-07_G23,10110183SOUSAD,2026-02-07,110372,1,6,0,115.0
10110183SOUSAD_2026-02-07_G24,10110183SOUSAD,2026-02-07,110371,1,4,0,80.0
10110183SOUSAD_2026-02-07_G25,10110183SOUSAD,2026-02-07,105705,1,2,0,272.0
10110183SOUSAD_2026-02-07_G26,10110183SOUSAD,2026-02-07,111348,1,11,0,411.0
10110183SOUSAD_2026-02-07_G27,10110183SOUSAD,2026-02-07,111330,1,20,0,134.0
10110183SOUSAD_2026-02-07_G28,10110183SOUSAD,2026-02-07,108711,1,20,0,435.0
10110183SOUSAD_2026-02-07_G29,10110183SOUSAD,2026-02-07,110743,1,30,0,257.0
10110183SOUSAD_2026-02-07_G30,10110183SOUSAD,2026-02-07,111469,1,32,0,575.0
10110183SOUSAD_2026-02-07_G31,10110183SOUSAD,2026-02-07,109645,1,28,0,427.0
10110183SOUSAD_2026-02-07_G32,10110183SOUSAD,2026-02-07,111466,1,11,0,137.0
10110183SOUSAD_2026-02-07_G33,10110183SOUSAD,2026-02-07,111443,1,4,0,101.0
10110183SOUSAD_2026-02-07_G34,10110183SOUSAD,2026-02-07,105705,1,17,0,448.0
10110183SOUSAD_2026-02-07_G35,10110183SOUSAD,2026-02-07,108798,1,20,0,381.0
10110183SOUSAD_2026-02-09_G02,10110183SOUSAD,2026-02-09,109647,1,25,0,351.0
10110183SOUSAD_2026-02-09_G03,10110183SOUSAD,2026-02-09,110711,1,39,0,298.0
10110183SOUSAD_2026-02-09_G04,10110183SOUSAD,2026-02-09,110313,1,15,0,401.0
10110183SOUSAD_2026-02-09_G05,10110183SOUSAD,2026-02-09,111530,1,34,0,398.0
10110183SOUSAD_2026-02-09_G06,10110183SOUSAD,2026-02-09,111466,1,100,0,447.0
10110183SOUSAD_2026-02-09_G07,10110183SOUSAD,2026-02-09,111462,1,32,0,297.0
10110183SOUSAD_2026-02-09_G08,10110183SOUSAD,2026-02-09,111463,1,50,0,744.0
10110183SOUSAD_2026-02-09_G09,10110183SOUSAD,2026-02-09,141456,1,70,0,525.0
10110183SOUSAD_2026-02-09_G10,10110183SOUSAD,2026-02-09,141458,1,50,0,343.0
10110183SOUSAD_2026-02-09_G11,10110183SOUSAD,2026-02-09,140911,1,6,0,715.0
10110183SOUSAD_2026-02-09_G12,10110183SOUSAD,2026-02-09,110372,1,2,0,129.0
10110183SOUSAD_2026-02-09_G13,10110183SOUSAD,2026-02-09,111602,1,4,0,996.0
10110183SOUSAD_2026-02-09_G14,10110183SOUSAD,2026-02-09,110374,1,4,0,144.0
10110183SOUSAD_2026-02-09_G15,10110183SOUSAD,2026-02-09,142045,1,10,0,535.0
10110183SOUSAD_2026-02-09_G16,10110183SOUSAD,2026-02-09,111441,1,3,0,116.0
10110183SOUSAD_2026-02-09_G17,10110183SOUSAD,2026-02-09,111438,1,1,0,102.0
10110183SOUSAD_2026-02-09_G18,10110183SOUSAD,2026-02-09,105705,1,4,0,106.0
10110183SOUSAD_2026-02-09_G19,10110183SOUSAD,2026-02-09,111532,1,3,0,182.0
10110183SOUSAD_2026-02-09_G20,10110183SOUSAD,2026-02-09,142045,1,2,0,143.0
10110183SOUSAD_2026-02-09_G21,10110183SOUSAD,2026-02-09,111441,1,6,0,365.0
10110183SOUSAD_2026-02-09_G22,10110183SOUSAD,2026-02-09,105705,1,2,0,147.0
10110183SOUSAD_2026-02-09_G23,10110183SOUSAD,2026-02-09,111532,1,2,0,198.0
10110183SOUSAD_2026-02-09_G24,10110183SOUSAD,2026-02-09,109640,1,2,0,262.0
10110183SOUSAD_2026-02-09_G25,10110183SOUSAD,2026-02-09,142045,1,13,0,1267.0
10110183SOUSAD_2026-02-09_G26,10110183SOUSAD,2026-02-09,110895,1,7,0,119.0
10110183SOUSAD_2026-02-09_G27,10110183SOUSAD,2026-02-09,111438,1,6,0,435.0
10110183SOUSAD_2026-02-09_G28,10110183SOUSAD,2026-02-09,111876,1,4,0,433.0
10110183SOUSAD_2026-02-09_G29,10110183SOUSAD,2026-02-09,140923,1,12,0,185.0
10110183SOUSAD_2026-02-09_G30,10110183SOUSAD,2026-02-09,110740,1,4,0,111.0
10110183SOUSAD_2026-02-09_G31,10110183SOUSAD,2026-02-09,111438,1,6,0,326.0
10110183SOUSAD_2026-02-09_G32,10110183SOUSAD,2026-02-09,110747,1,4,0,105.0
10110183SOUSAD_2026-02-09_G33,10110183SOUSAD,2026-02-09,111569,1,8,0,527.0
10110183SOUSAD_2026-02-09_G34,10110183SOUSAD,2026-02-09,111876,1,4,0,403.0
10110183SOUSAD_2026-02-09_G35,10110183SOUSAD,2026-02-09,140923,1,5,0,146.0
10110183SOUSAD_2026-02-09_G36,10110183SOUSAD,2026-02-09,110740,1,6,0,124.0
10110183SOUSAD_2026-02-09_G37,10110183SOUSAD,2026-02-09,105705,1,4,0,113.0
10110183SOUSAD_2026-02-09_G39,10110183SOUSAD,2026-02-09,141047,1,10,0,209.0
10110183SOUSAD_2026-02-09_G40,10110183SOUSAD,2026-02-09,111602,1,8,0,99.0
10110183SOUSAD_2026-02-09_G41,10110183SOUSAD,2026-02-09,117820,1,48,0,622.0
10110183SOUSAD_2026-02-09_G42,10110183SOUSAD,2026-02-09,117808,1,35,0,768.0
10110183SOUSAD_2026-02-09_G43,10110183SOUSAD,2026-02-09,118299,1,138,0,826.0
10110183SOUSAD_2026-02-09_G44,10110183SOUSAD,2026-02-09,117832,1,14,0,338.0
10110183SOUSAD_2026-02-09_G45,10110183SOUSAD,2026-02-09,117830,1,34,0,256.0
10110183SOUSAD_2026-02-09_G46,10110183SOUSAD,2026-02-09,111418,1,49,0,782.0
10110183SOUSAD_2026-02-09_G47,10110183SOUSAD,2026-02-09,110751,1,16,0,643.0
10110183SOUSAD_2026-02-09_G48,10110183SOUSAD,2026-02-09,110740,1,28,0,474.0
10110183SOUSAD_2026-02-09_G49,10110183SOUSAD,2026-02-09,117821,1,35,0,282.0
10110183SOUSAD_2026-02-09_G50,10110183SOUSAD,2026-02-09,108711,1,2,0,194.0
10110183SOUSAD_2026-02-09_G51,10110183SOUSAD,2026-02-09,108711,1,11,0,83.0
10110183SOUSAD_2026-02-09_G52,10110183SOUSAD,2026-02-09,108711,1,10,0,80.0
10110183SOUSAD_2026-02-09_G53,10110183SOUSAD,2026-02-09,111438,1,6,0,1195.0
10110183SOUSAD_2026-02-09_G54,10110183SOUSAD,2026-02-09,111438,1,8,0,124.0
10110183SOUSAD_2026-02-09_G55,10110183SOUSAD,2026-02-09,117836,1,5,0,86.0
10110183SOUSAD_2026-02-09_G56,10110183SOUSAD,2026-02-09,110747,1,8,0,356.0
10110183SOUSAD_2026-02-09_G57,10110183SOUSAD,2026-02-09,100334,1,5,0,421.0
10110183SOUSAD_2026-02-09_G58,10110183SOUSAD,2026-02-09,111569,1,5,0,148.0
10110183SOUSAD_2026-02-09_G59,10110183SOUSAD,2026-02-09,110754,1,1,0,94.0
10110183SOUSAD_2026-02-09_G60,10110183SOUSAD,2026-02-09,110376,1,13,0,416.0
10110183SOUSAD_2026-02-09_G61,10110183SOUSAD,2026-02-09,118299,1,19,0,837.0
10110183SOUSAD_2026-02-09_G62,10110183SOUSAD,2026-02-09,117862,1,34,0,548.0
10110183SOUSAD_2026-02-10_G02,10110183SOUSAD,2026-02-10,140923,1,6,0,101.0
10110183SOUSAD_2026-02-10_G03,10110183SOUSAD,2026-02-10,141047,1,5,0,122.0
10110183SOUSAD_2026-02-10_G04,10110183SOUSAD,2026-02-10,110711,1,8,0,101.0
10110183SOUSAD_2026-02-10_G05,10110183SOUSAD,2026-02-10,111602,1,9,0,96.0
10110183SOUSAD_2026-02-10_G06,10110183SOUSAD,2026-02-10,110339,1,2,0,72.0
10110183SOUSAD_2026-02-10_G07,10110183SOUSAD,2026-02-10,109647,1,2,0,74.0
10110183SOUSAD_2026-02-10_G08,10110183SOUSAD,2026-02-10,111447,1,4,0,286.0
10110183SOUSAD_2026-02-10_G09,10110183SOUSAD,2026-02-10,110755,1,7,0,357.0
10110183SOUSAD_2026-02-10_G10,10110183SOUSAD,2026-02-10,110747,1,16,0,742.0
10110183SOUSAD_2026-02-10_G11,10110183SOUSAD,2026-02-10,111569,1,18,0,402.0
10110183SOUSAD_2026-02-10_G12,10110183SOUSAD,2026-02-10,111418,1,26,0,614.0
10110183SOUSAD_2026-02-10_G13,10110183SOUSAD,2026-02-10,111441,1,4,0,469.0
10110183SOUSAD_2026-02-10_G14,10110183SOUSAD,2026-02-10,110623,1,3,0,234.0
10110183SOUSAD_2026-02-10_G15,10110183SOUSAD,2026-02-10,111418,1,4,0,1114.0
10110183SOUSAD_2026-02-10_G16,10110183SOUSAD,2026-02-10,110371,1,4,0,131.0
10110183SOUSAD_2026-02-10_G17,10110183SOUSAD,2026-02-10,110325,1,4,0,122.0
10110183SOUSAD_2026-02-10_G18,10110183SOUSAD,2026-02-10,118140,1,4,0,109.0
10110183SOUSAD_2026-02-10_G19,10110183SOUSAD,2026-02-10,111463,1,5,0,117.0
10110183SOUSAD_2026-02-10_G20,10110183SOUSAD,2026-02-10,111418,1,6,0,69.0
10110183SOUSAD_2026-02-10_G21,10110183SOUSAD,2026-02-10,110371,1,1,0,81.0
10110183SOUSAD_2026-02-10_G22,10110183SOUSAD,2026-02-10,117820,1,6,0,69.0
10110183SOUSAD_2026-02-10_G23,10110183SOUSAD,2026-02-10,110325,1,1,0,51.0
10110183SOUSAD_2026-02-10_G24,10110183SOUSAD,2026-02-10,110376,1,1,0,95.0
10110183SOUSAD_2026-02-10_G25,10110183SOUSAD,2026-02-10,110372,1,15,0,161.0
10110183SOUSAD_2026-02-10_G26,10110183SOUSAD,2026-02-10,111463,1,2,0,378.0
10110183SOUSAD_2026-02-10_G27,10110183SOUSAD,2026-02-10,111418,1,11,0,290.0
10110183SOUSAD_2026-02-10_G28,10110183SOUSAD,2026-02-10,110371,1,7,0,133.0
10110183SOUSAD_2026-02-10_G29,10110183SOUSAD,2026-02-10,117820,1,4,0,90.0
10110183SOUSAD_2026-02-10_G30,10110183SOUSAD,2026-02-10,110325,1,4,0,70.0
10110183SOUSAD_2026-02-10_G31,10110183SOUSAD,2026-02-10,110376,1,4,0,122.0
10110183SOUSAD_2026-02-10_G32,10110183SOUSAD,2026-02-10,110372,1,3,0,94.0
10110183SOUSAD_2026-02-10_G33,10110183SOUSAD,2026-02-10,117830,1,2,0,117.0
10110183SOUSAD_2026-02-10_G34,10110183SOUSAD,2026-02-10,111418,1,4,0,135.0
10110183SOUSAD_2026-02-10_G35,10110183SOUSAD,2026-02-10,117820,1,8,0,99.0
10110183SOUSAD_2026-02-10_G36,10110183SOUSAD,2026-02-10,110372,1,8,0,111.0
10110183SOUSAD_2026-02-10_G38,10110183SOUSAD,2026-02-10,117809,1,4,0,2921.0
10110183SOUSAD_2026-02-10_G39,10110183SOUSAD,2026-02-10,110371,1,8,0,122.0
10110183SOUSAD_2026-02-10_G40,10110183SOUSAD,2026-02-10,117820,1,3,0,49.0
10110183SOUSAD_2026-02-10_G41,10110183SOUSAD,2026-02-10,110325,1,4,0,76.0
10110183SOUSAD_2026-02-10_G42,10110183SOUSAD,2026-02-10,117808,1,6,0,100.0
10110183SOUSAD_2026-02-10_G43,10110183SOUSAD,2026-02-10,141202,1,2,0,55.0
10110183SOUSAD_2026-02-10_G44,10110183SOUSAD,2026-02-10,117832,1,2,0,95.0
10110183SOUSAD_2026-02-10_G45,10110183SOUSAD,2026-02-10,110372,1,18,0,165.0
10110183SOUSAD_2026-02-10_G46,10110183SOUSAD,2026-02-10,117830,1,1,0,93.0
10110183SOUSAD_2026-02-10_G47,10110183SOUSAD,2026-02-10,141456,1,5,0,174.0
10110183SOUSAD_2026-02-10_G48,10110183SOUSAD,2026-02-10,118223,1,2,0,72.0
10110183SOUSAD_2026-02-10_G49,10110183SOUSAD,2026-02-10,111532,1,2,0,59.0
10110183SOUSAD_2026-02-10_G50,10110183SOUSAD,2026-02-10,141458,1,2,0,88.0
10110183SOUSAD_2026-02-10_G51,10110183SOUSAD,2026-02-10,110754,1,16,0,400.0
10110183SOUSAD_2026-02-10_G52,10110183SOUSAD,2026-02-10,111469,1,16,0,273.0
10110183SOUSAD_2026-02-10_G53,10110183SOUSAD,2026-02-10,118140,1,16,0,258.0
10110183SOUSAD_2026-02-10_G54,10110183SOUSAD,2026-02-10,117809,1,3,0,241.0
10110183SOUSAD_2026-02-10_G55,10110183SOUSAD,2026-02-10,107830,1,5,0,70.0
10110183SOUSAD_2026-02-10_G56,10110183SOUSAD,2026-02-10,110371,1,4,0,100.0
10110183SOUSAD_2026-02-10_G57,10110183SOUSAD,2026-02-10,117820,1,3,0,50.0
10110183SOUSAD_2026-02-10_G58,10110183SOUSAD,2026-02-10,109643,1,1,0,51.0
10110183SOUSAD_2026-02-10_G59,10110183SOUSAD,2026-02-10,110325,1,8,0,85.0
10110183SOUSAD_2026-02-10_G60,10110183SOUSAD,2026-02-10,117808,1,7,0,96.0
10110183SOUSAD_2026-02-10_G61,10110183SOUSAD,2026-02-10,110376,1,4,0,214.0
10110183SOUSAD_2026-02-10_G62,10110183SOUSAD,2026-02-10,118299,1,30,0,414.0
10110183SOUSAD_2026-02-10_G63,10110183SOUSAD,2026-02-10,117832,1,2,0,58.0
10110183SOUSAD_2026-02-10_G64,10110183SOUSAD,2026-02-10,110372,1,8,0,230.0
10110183SOUSAD_2026-02-10_G65,10110183SOUSAD,2026-02-10,117830,1,2,0,134.0
10110183SOUSAD_2026-02-10_G66,10110183SOUSAD,2026-02-10,110373,1,4,0,112.0
10110183SOUSAD_2026-02-10_G67,10110183SOUSAD,2026-02-10,117785,1,5,0,80.0
10110183SOUSAD_2026-02-10_G68,10110183SOUSAD,2026-02-10,141458,1,4,0,62.0
10110183SOUSAD_2026-02-10_G69,10110183SOUSAD,2026-02-10,117861,1,2,0,298.0
10110183SOUSAD_2026-02-10_G70,10110183SOUSAD,2026-02-10,111467,1,4,0,80.0
10110183SOUSAD_2026-02-10_G71,10110183SOUSAD,2026-02-10,117862,1,2,0,99.0
10110183SOUSAD_2026-02-10_G72,10110183SOUSAD,2026-02-10,117856,1,2,0,86.0
10110183SOUSAD_2026-02-10_G73,10110183SOUSAD,2026-02-10,109640,1,6,0,118.0
10110183SOUSAD_2026-02-10_G74,10110183SOUSAD,2026-02-10,110339,1,2,0,45.0
10110183SOUSAD_2026-02-10_G75,10110183SOUSAD,2026-02-10,117838,1,2,0,487.0
10110183SOUSAD_2026-02-10_G76,10110183SOUSAD,2026-02-10,107236,1,4,0,191.0
10110183SOUSAD_2026-02-10_G77,10110183SOUSAD,2026-02-10,117831,1,7,0,220.0
10110183SOUSAD_2026-02-10_G78,10110183SOUSAD,2026-02-10,110740,1,4,0,91.0
10110183SOUSAD_2026-02-10_G79,10110183SOUSAD,2026-02-10,111172,1,6,0,108.0
10110183SOUSAD_2026-02-10_G80,10110183SOUSAD,2026-02-10,111418,1,2,0,75.0
10110183SOUSAD_2026-02-10_G81,10110183SOUSAD,2026-02-10,111532,1,2,0,79.0
10110183SOUSAD_2026-02-10_G82,10110183SOUSAD,2026-02-10,141457,1,1,0,99.0
10110183SOUSAD_2026-02-10_G83,10110183SOUSAD,2026-02-10,117787,1,1,0,72.0
10110183SOUSAD_2026-02-10_G84,10110183SOUSAD,2026-02-10,117809,1,4,0,138.0
10110183SOUSAD_2026-02-10_G85,10110183SOUSAD,2026-02-10,110371,1,4,0,121.0
10110183SOUSAD_2026-02-10_G86,10110183SOUSAD,2026-02-10,117808,1,4,0,134.0
10110183SOUSAD_2026-02-10_G87,10110183SOUSAD,2026-02-10,118299,1,4,0,457.0
10110183SOUSAD_2026-02-10_G88,10110183SOUSAD,2026-02-10,110372,1,11,0,112.0
10110183SOUSAD_2026-02-10_G89,10110183SOUSAD,2026-02-10,117830,1,2,0,91.0
10110183SOUSAD_2026-02-10_G90,10110183SOUSAD,2026-02-10,110373,1,6,0,133.0
10110183SOUSAD_2026-02-10_G91,10110183SOUSAD,2026-02-10,118418,1,8,0,1316.0
10110183SOUSAD_2026-02-10_G92,10110183SOUSAD,2026-02-10,141995,1,4,0,334.0
10110183SOUSAD_2026-02-10_G93,10110183SOUSAD,2026-02-10,117834,1,4,0,308.0
10110183SOUSAD_2026-02-10_G94,10110183SOUSAD,2026-02-10,108770,1,4,0,138.0
10110183SOUSAD_2026-02-10_G95,10110183SOUSAD,2026-02-10,110325,1,3,0,42.0
10110183SOUSAD_2026-02-10_G96,10110183SOUSAD,2026-02-10,110841,1,1,0,189.0
10110183SOUSAD_2026-02-10_G97,10110183SOUSAD,2026-02-10,111438,1,2,0,66.0
10110183SOUSAD_2026-02-10_G98,10110183SOUSAD,2026-02-10,111356,1,2,0,103.0
10110183SOUSAD_2026-02-10_G99,10110183SOUSAD,2026-02-10,110742,1,4,0,117.0
10110183SOUSAD_2026-02-10_G100,10110183SOUSAD,2026-02-10,105359,1,4,0,90.0
10110183SOUSAD_2026-02-10_G101,10110183SOUSAD,2026-02-10,141916,1,7,0,185.0
10110183SOUSAD_2026-02-11_G02,10110183SOUSAD,2026-02-11,111172,1,2,0,439.0
10110183SOUSAD_2026-02-11_G03,10110183SOUSAD,2026-02-11,111418,1,35,0,244.0
10110183SOUSAD_2026-02-11_G04,10110183SOUSAD,2026-02-11,111418,1,20,0,161.0
10110183SOUSAD_2026-02-11_G05,10110183SOUSAD,2026-02-11,141456,1,4,0,292.0
10110183SOUSAD_2026-02-11_G06,10110183SOUSAD,2026-02-11,111465,1,5,0,150.0
10110183SOUSAD_2026-02-11_G07,10110183SOUSAD,2026-02-11,110752,1,2,0,118.0
10110183SOUSAD_2026-02-11_G08,10110183SOUSAD,2026-02-11,117861,1,2,0,73.0
10110183SOUSAD_2026-02-11_G09,10110183SOUSAD,2026-02-11,118094,1,4,0,72.0
10110183SOUSAD_2026-02-11_G10,10110183SOUSAD,2026-02-11,110372,1,4,0,110.0
10110183SOUSAD_2026-02-11_G11,10110183SOUSAD,2026-02-11,110372,1,36,0,206.0
10110183SOUSAD_2026-02-11_G13,10110183SOUSAD,2026-02-11,111660,1,1,0,134.0
10110183SOUSAD_2026-02-11_G14,10110183SOUSAD,2026-02-11,111660,1,1,0,51.0
10110183SOUSAD_2026-02-11_G15,10110183SOUSAD,2026-02-11,111430,1,1,0,289.0
10110183SOUSAD_2026-02-11_G16,10110183SOUSAD,2026-02-11,118283,1,6,0,137.0
10110183SOUSAD_2026-02-11_G17,10110183SOUSAD,2026-02-11,118283,1,6,0,122.0
10110183SOUSAD_2026-02-11_G18,10110183SOUSAD,2026-02-11,118283,1,6,0,70.0
10110183SOUSAD_2026-02-11_G19,10110183SOUSAD,2026-02-11,110841,2,2,30,48.0
10110183SOUSAD_2026-02-11_G20,10110183SOUSAD,2026-02-11,110895,1,12,0,178.0
10110183SOUSAD_2026-02-11_G21,10110183SOUSAD,2026-02-11,110895,1,12,0,703.0
10110183SOUSAD_2026-02-11_G22,10110183SOUSAD,2026-02-11,110747,2,4,7,60.0
10110183SOUSAD_2026-02-11_G23,10110183SOUSAD,2026-02-11,111569,1,1,0,268.0
10110183SOUSAD_2026-02-11_G24,10110183SOUSAD,2026-02-11,110623,2,6,8,82.0
10110183SOUSAD_2026-02-11_G25,10110183SOUSAD,2026-02-11,117820,1,50,0,333.0
10110183SOUSAD_2026-02-11_G26,10110183SOUSAD,2026-02-11,117822,1,6,0,368.0
10110183SOUSAD_2026-02-11_G27,10110183SOUSAD,2026-02-11,110376,1,6,0,228.0
10110183SOUSAD_2026-02-11_G28,10110183SOUSAD,2026-02-11,118281,1,2,0,145.0
10110183SOUSAD_2026-02-11_G29,10110183SOUSAD,2026-02-11,118271,1,1,0,180.0
10110183SOUSAD_2026-02-11_G30,10110183SOUSAD,2026-02-11,110373,1,10,0,385.0
10110183SOUSAD_2026-02-11_G31,10110183SOUSAD,2026-02-11,110373,1,10,0,130.0
10110183SOUSAD_2026-02-11_G32,10110183SOUSAD,2026-02-11,110064,1,2,0,2223.0
10110183SOUSAD_2026-02-11_G33,10110183SOUSAD,2026-02-11,109471,1,2,0,164.0
10110183SOUSAD_2026-02-11_G34,10110183SOUSAD,2026-02-11,105359,1,2,0,319.0
10110183SOUSAD_2026-02-11_G35,10110183SOUSAD,2026-02-11,111530,1,70,0,584.0
10110183SOUSAD_2026-02-12_G02,10110183SOUSAD,2026-02-12,141995,1,4,0,674.0
10110183SOUSAD_2026-02-12_G03,10110183SOUSAD,2026-02-12,118283,1,28,0,454.0
10110183SOUSAD_2026-02-12_G04,10110183SOUSAD,2026-02-12,142045,1,50,0,606.0
10110183SOUSAD_2026-02-12_G05,10110183SOUSAD,2026-02-12,118253,1,12,0,749.0
10110183SOUSAD_2026-02-12_G06,10110183SOUSAD,2026-02-12,117836,1,6,0,382.0
10110183SOUSAD_2026-02-12_G07,10110183SOUSAD,2026-02-12,116527,1,5,0,311.0
10110183SOUSAD_2026-02-12_G08,10110183SOUSAD,2026-02-12,111793,1,8,0,125.0
10110183SOUSAD_2026-02-12_G09,10110183SOUSAD,2026-02-12,111090,1,4,0,119.0
10110183SOUSAD_2026-02-12_G10,10110183SOUSAD,2026-02-12,142045,1,50,0,693.0
10110183SOUSAD_2026-02-12_G11,10110183SOUSAD,2026-02-12,142045,1,50,0,586.0
10110183SOUSAD_2026-02-12_G12,10110183SOUSAD,2026-02-12,110832,1,2,0,779.0
10110183SOUSAD_2026-02-12_G13,10110183SOUSAD,2026-02-12,111876,1,24,0,188.0
10110183SOUSAD_2026-02-12_G14,10110183SOUSAD,2026-02-12,105242,1,2,0,395.0
10110183SOUSAD_2026-02-12_G15,10110183SOUSAD,2026-02-12,118094,1,60,0,418.0
10110183SOUSAD_2026-02-12_G16,10110183SOUSAD,2026-02-12,117797,1,20,0,574.0
10110183SOUSAD_2026-02-12_G17,10110183SOUSAD,2026-02-12,111879,1,6,0,363.0
10110183SOUSAD_2026-02-12_G18,10110183SOUSAD,2026-02-12,117820,1,150,0,1130.0
10110183SOUSAD_2026-02-12_G19,10110183SOUSAD,2026-02-12,108711,1,8,0,893.0
10110183SOUSAD_2026-02-12_G20,10110183SOUSAD,2026-02-12,116241,1,8,0,116.0
10110183SOUSAD_2026-02-12_G21,10110183SOUSAD,2026-02-12,111469,1,16,0,152.0
10110183SOUSAD_2026-02-12_G22,10110183SOUSAD,2026-02-12,111172,1,8,0,351.0
10110183SOUSAD_2026-02-12_G23,10110183SOUSAD,2026-02-12,118140,1,48,0,553.0
10110183SOUSAD_2026-02-12_G24,10110183SOUSAD,2026-02-12,111532,1,8,0,195.0
10110183SOUSAD_2026-02-12_G25,10110183SOUSAD,2026-02-12,111463,1,16,0,197.0
10110183SOUSAD_2026-02-12_G26,10110183SOUSAD,2026-02-12,111431,1,8,0,282.0
10110183SOUSAD_2026-02-12_G27,10110183SOUSAD,2026-02-12,141457,1,8,0,132.0
10110183SOUSAD_2026-02-12_G28,10110183SOUSAD,2026-02-12,110740,1,16,0,214.0
10110183SOUSAD_2026-02-12_G29,10110183SOUSAD,2026-02-12,160057,1,4,0,150.0
10110183SOUSAD_2026-02-12_G31,10110183SOUSAD,2026-02-12,117834,1,6,0,222.0
10110183SOUSAD_2026-02-12_G32,10110183SOUSAD,2026-02-12,111441,1,8,0,249.0
10110183SOUSAD_2026-02-12_G33,10110183SOUSAD,2026-02-12,108770,1,8,0,185.0
10110183SOUSAD_2026-02-12_G34,10110183SOUSAD,2026-02-12,110895,1,8,0,102.0
10110183SOUSAD_2026-02-12_G35,10110183SOUSAD,2026-02-12,111438,1,12,0,221.0
10110183SOUSAD_2026-02-12_G36,10110183SOUSAD,2026-02-12,111569,1,20,0,567.0
10110183SOUSAD_2026-02-12_G37,10110183SOUSAD,2026-02-12,117830,1,20,0,162.0
10110183SOUSAD_2026-02-12_G38,10110183SOUSAD,2026-02-12,110374,1,32,0,475.0
10110183SOUSAD_2026-02-12_G39,10110183SOUSAD,2026-02-12,108795,1,4,0,256.0
10110183SOUSAD_2026-02-12_G40,10110183SOUSAD,2026-02-12,108711,1,8,0,168.0
10110183SOUSAD_2026-02-12_G41,10110183SOUSAD,2026-02-12,111442,1,8,0,124.0
10110183SOUSAD_2026-02-12_G42,10110183SOUSAD,2026-02-12,111442,1,6,0,159.0
10110183SOUSAD_2026-02-12_G43,10110183SOUSAD,2026-02-12,117830,1,4,0,808.0
10110183SOUSAD_2026-02-12_G44,10110183SOUSAD,2026-02-12,117809,1,3,0,618.0
10110183SOUSAD_2026-02-12_G45,10110183SOUSAD,2026-02-12,117832,1,10,0,151.0
10110183SOUSAD_2026-02-12_G46,10110183SOUSAD,2026-02-12,110373,1,10,0,106.0
10110183SOUSAD_2026-02-12_G47,10110183SOUSAD,2026-02-12,117833,1,5,0,1223.0
10110183SOUSAD_2026-02-12_G48,10110183SOUSAD,2026-02-12,110740,1,4,0,78.0
10110183SOUSAD_2026-02-12_G49,10110183SOUSAD,2026-02-12,111466,2,22,28,164.0
10110183SOUSAD_2026-02-12_G50,10110183SOUSAD,2026-02-12,109645,1,4,0,113.0
10110183SOUSAD_2026-02-12_G51,10110183SOUSAD,2026-02-12,141456,1,6,0,83.0
10110183SOUSAD_2026-02-12_G52,10110183SOUSAD,2026-02-12,111660,1,6,0,204.0
10110183SOUSAD_2026-02-12_G53,10110183SOUSAD,2026-02-12,111441,1,1,0,69.0
10110183SOUSAD_2026-02-12_G54,10110183SOUSAD,2026-02-12,110371,1,4,0,61.0
10110183SOUSAD_2026-02-12_G55,10110183SOUSAD,2026-02-12,117808,1,12,0,120.0
10110183SOUSAD_2026-02-12_G56,10110183SOUSAD,2026-02-12,111172,1,4,0,599.0
10110183SOUSAD_2026-02-12_G57,10110183SOUSAD,2026-02-12,110373,1,2,0,160.0
10110183SOUSAD_2026-02-12_G58,10110183SOUSAD,2026-02-12,111172,1,4,0,218.0
10110183SOUSAD_2026-02-12_G59,10110183SOUSAD,2026-02-12,111418,1,8,0,123.0
10110183SOUSAD_2026-02-12_G60,10110183SOUSAD,2026-02-12,117808,1,7,0,159.0
10110183SOUSAD_2026-02-12_G61,10110183SOUSAD,2026-02-12,111466,1,17,0,438.0
10110183SOUSAD_2026-02-12_G62,10110183SOUSAD,2026-02-12,105705,1,2,0,112.0
10110183SOUSAD_2026-02-12_G63,10110183SOUSAD,2026-02-12,141456,1,2,0,102.0
10110183SOUSAD_2026-02-12_G64,10110183SOUSAD,2026-02-12,141456,1,16,0,127.0
10110183SOUSAD_2026-02-12_G65,10110183SOUSAD,2026-02-12,111602,1,4,0,331.0
10110183SOUSAD_2026-02-12_G66,10110183SOUSAD,2026-02-12,110325,1,2,0,82.0
10110183SOUSAD_2026-02-12_G67,10110183SOUSAD,2026-02-12,110373,1,16,0,184.0
10110183SOUSAD_2026-02-12_G68,10110183SOUSAD,2026-02-12,111418,1,12,0,349.0
10110183SOUSAD_2026-02-12_G69,10110183SOUSAD,2026-02-12,117785,1,8,0,123.0
10110183SOUSAD_2026-02-12_G70,10110183SOUSAD,2026-02-12,111602,1,3,0,268.0
10110183SOUSAD_2026-02-12_G71,10110183SOUSAD,2026-02-12,110373,1,2,0,113.0
10110183SOUSAD_2026-02-12_G72,10110183SOUSAD,2026-02-12,111466,1,7,0,135.0
10110183SOUSAD_2026-02-12_G73,10110183SOUSAD,2026-02-12,141456,1,6,0,126.0
10110183SOUSAD_2026-02-12_G74,10110183SOUSAD,2026-02-12,118317,1,7,0,528.0
10110183SOUSAD_2026-02-12_G75,10110183SOUSAD,2026-02-12,118317,1,9,0,294.0
10110183SOUSAD_2026-02-13_G02,10110183SOUSAD,2026-02-13,142080,1,26,0,733.0
10110183SOUSAD_2026-02-13_G03,10110183SOUSAD,2026-02-13,117831,1,300,0,1147.0
10110183SOUSAD_2026-02-13_G04,10110183SOUSAD,2026-02-13,118140,1,250,0,945.0
10110183SOUSAD_2026-02-13_G05,10110183SOUSAD,2026-02-13,110787,1,140,0,593.0
10110183SOUSAD_2026-02-13_G06,10110183SOUSAD,2026-02-13,111172,1,57,0,753.0
10110183SOUSAD_2026-02-13_G07,10110183SOUSAD,2026-02-13,111172,1,13,0,81.0
10110183SOUSAD_2026-02-13_G08,10110183SOUSAD,2026-02-13,141271,1,100,0,526.0
10110183SOUSAD_2026-02-13_G09,10110183SOUSAD,2026-02-13,110740,1,60,0,606.0
10110183SOUSAD_2026-02-13_G10,10110183SOUSAD,2026-02-13,141456,1,47,0,414.0
10110183SOUSAD_2026-02-13_G11,10110183SOUSAD,2026-02-13,118418,1,7,0,446.0
10110183SOUSAD_2026-02-13_G12,10110183SOUSAD,2026-02-13,111354,1,4,0,365.0
10110183SOUSAD_2026-02-13_G13,10110183SOUSAD,2026-02-13,110475,1,4,0,180.0
10110183SOUSAD_2026-02-13_G14,10110183SOUSAD,2026-02-13,111655,1,1,0,116.0
10110183SOUSAD_2026-02-13_G15,10110183SOUSAD,2026-02-13,111445,1,1,0,162.0
10110183SOUSAD_2026-02-13_G16,10110183SOUSAD,2026-02-13,111090,1,2,0,786.0
10110183SOUSAD_2026-02-13_G17,10110183SOUSAD,2026-02-13,117820,1,250,0,1716.0
10110183SOUSAD_2026-02-14_G02,10110183SOUSAD,2026-02-14,110787,1,4,0,172.0
10110183SOUSAD_2026-02-14_G03,10110183SOUSAD,2026-02-14,117831,1,150,0,133.0
10110183SOUSAD_2026-02-14_G04,10110183SOUSAD,2026-02-14,118299,1,150,0,507.0
10110183SOUSAD_2026-02-14_G05,10110183SOUSAD,2026-02-14,117808,1,656,0,713.0
10110183SOUSAD_2026-02-14_G07,10110183SOUSAD,2026-02-14,108794,1,10,0,66.0
10110183SOUSAD_2026-02-14_G08,10110183SOUSAD,2026-02-14,111466,1,40,0,235.0
10110183SOUSAD_2026-02-14_G09,10110183SOUSAD,2026-02-14,111418,1,60,0,323.0
10110183SOUSAD_2026-02-14_G10,10110183SOUSAD,2026-02-14,111442,1,2,0,131.0
10110183SOUSAD_2026-02-14_G11,10110183SOUSAD,2026-02-14,111433,1,4,0,154.0
10110183SOUSAD_2026-02-14_G12,10110183SOUSAD,2026-02-14,141457,1,40,0,254.0
10110183SOUSAD_2026-02-14_G13,10110183SOUSAD,2026-02-14,141456,1,50,0,228.0
10110183SOUSAD_2026-02-14_G14,10110183SOUSAD,2026-02-14,140923,1,70,0,316.0
10110183SOUSAD_2026-02-14_G15,10110183SOUSAD,2026-02-14,110741,1,2,0,99.0
10110183SOUSAD_2026-02-14_G16,10110183SOUSAD,2026-02-14,111467,1,20,0,359.0
10110183SOUSAD_2026-02-14_G17,10110183SOUSAD,2026-02-14,141047,1,10,0,233.0
10110183SOUSAD_2026-02-14_G18,10110183SOUSAD,2026-02-14,110711,1,25,0,311.0
10110183SOUSAD_2026-02-14_G19,10110183SOUSAD,2026-02-14,110711,1,15,0,131.0
10110183SOUSAD_2026-02-14_G20,10110183SOUSAD,2026-02-14,117856,1,50,0,176.0
10110183SOUSAD_2026-02-14_G21,10110183SOUSAD,2026-02-14,117837,1,20,0,709.0
10110183SOUSAD_2026-02-14_G22,10110183SOUSAD,2026-02-14,141066,1,10,0,110.0
10110183SOUSAD_2026-02-14_G23,10110183SOUSAD,2026-02-14,117808,1,300,0,1130.0
10110183SOUSAD_2026-02-14_G24,10110183SOUSAD,2026-02-14,117809,1,95,0,389.0
10110183SOUSAD_2026-02-14_G25,10110183SOUSAD,2026-02-14,117820,1,50,0,500.0
10110183SOUSAD_2026-02-16_G02,10110183SOUSAD,2026-02-16,111743,1,2,0,73.0
10110183SOUSAD_2026-02-16_G03,10110183SOUSAD,2026-02-16,111172,1,1,0,65.0
10110183SOUSAD_2026-02-16_G04,10110183SOUSAD,2026-02-16,111418,1,3,0,87.0
10110183SOUSAD_2026-02-16_G05,10110183SOUSAD,2026-02-16,117831,1,3,0,68.0
10110183SOUSAD_2026-02-16_G06,10110183SOUSAD,2026-02-16,109645,1,2,0,79.0
10110183SOUSAD_2026-02-16_G07,10110183SOUSAD,2026-02-16,141457,1,7,0,118.0
10110183SOUSAD_2026-02-16_G08,10110183SOUSAD,2026-02-16,117787,1,2,0,48.0
10110183SOUSAD_2026-02-16_G09,10110183SOUSAD,2026-02-16,141458,1,3,0,78.0
10110183SOUSAD_2026-02-16_G10,10110183SOUSAD,2026-02-16,118304,1,4,0,223.0
10110183SOUSAD_2026-02-16_G11,10110183SOUSAD,2026-02-16,142045,1,4,0,100.0
10110183SOUSAD_2026-02-16_G12,10110183SOUSAD,2026-02-16,141916,1,4,0,163.0
10110183SOUSAD_2026-02-16_G13,10110183SOUSAD,2026-02-16,111569,1,4,0,167.0
10110183SOUSAD_2026-02-16_G14,10110183SOUSAD,2026-02-16,111466,1,6,0,295.0
10110183SOUSAD_2026-02-16_G15,10110183SOUSAD,2026-02-16,111172,1,2,0,38.0
10110183SOUSAD_2026-02-16_G16,10110183SOUSAD,2026-02-16,160055,1,1,0,99.0
10110183SOUSAD_2026-02-16_G17,10110183SOUSAD,2026-02-16,111418,1,1,0,50.0
10110183SOUSAD_2026-02-16_G18,10110183SOUSAD,2026-02-16,111463,1,2,0,91.0
10110183SOUSAD_2026-02-16_G19,10110183SOUSAD,2026-02-16,141456,1,2,0,65.0
10110183SOUSAD_2026-02-16_G20,10110183SOUSAD,2026-02-16,110373,1,2,0,79.0
10110183SOUSAD_2026-02-16_G21,10110183SOUSAD,2026-02-16,117832,1,4,0,87.0
10110183SOUSAD_2026-02-16_G22,10110183SOUSAD,2026-02-16,109641,1,2,0,217.0
10110183SOUSAD_2026-02-16_G23,10110183SOUSAD,2026-02-16,160055,1,2,0,78.0
10110183SOUSAD_2026-02-16_G24,10110183SOUSAD,2026-02-16,160051,1,4,0,135.0
10110183SOUSAD_2026-02-16_G25,10110183SOUSAD,2026-02-16,110895,1,3,0,112.0
10110183SOUSAD_2026-02-16_G26,10110183SOUSAD,2026-02-16,111438,1,4,0,90.0
10110183SOUSAD_2026-02-16_G27,10110183SOUSAD,2026-02-16,110747,1,2,0,107.0
10110183SOUSAD_2026-02-16_G28,10110183SOUSAD,2026-02-16,141916,1,4,0,136.0
10110183SOUSAD_2026-02-16_G29,10110183SOUSAD,2026-02-16,141318,1,4,0,70.0
10110183SOUSAD_2026-02-16_G30,10110183SOUSAD,2026-02-16,100334,1,2,0,55.0
10110183SOUSAD_2026-02-16_G31,10110183SOUSAD,2026-02-16,110623,1,2,0,255.0
10110183SOUSAD_2026-02-16_G32,10110183SOUSAD,2026-02-16,108772,1,2,0,236.0
10110183SOUSAD_2026-02-16_G33,10110183SOUSAD,2026-02-16,117861,1,2,0,116.0
10110183SOUSAD_2026-02-16_G34,10110183SOUSAD,2026-02-16,117862,1,2,0,94.0
10110183SOUSAD_2026-02-16_G35,10110183SOUSAD,2026-02-16,111530,1,16,0,174.0
10110183SOUSAD_2026-02-16_G36,10110183SOUSAD,2026-02-16,111602,1,3,0,110.0
10110183SOUSAD_2026-02-16_G37,10110183SOUSAD,2026-02-16,117856,1,10,0,117.0
10110183SOUSAD_2026-02-16_G38,10110183SOUSAD,2026-02-16,108361,1,2,0,111.0
10110183SOUSAD_2026-02-16_G39,10110183SOUSAD,2026-02-16,117854,1,4,0,774.0
10110183SOUSAD_2026-02-16_G40,10110183SOUSAD,2026-02-16,111466,1,4,0,370.0
10110183SOUSAD_2026-02-16_G41,10110183SOUSAD,2026-02-16,117785,1,5,0,156.0
10110183SOUSAD_2026-02-16_G42,10110183SOUSAD,2026-02-16,108795,1,2,0,79.0
10110183SOUSAD_2026-02-16_G43,10110183SOUSAD,2026-02-16,117833,1,2,0,65.0
10110183SOUSAD_2026-02-16_G44,10110183SOUSAD,2026-02-16,118140,1,2,0,57.0
10110183SOUSAD_2026-02-16_G45,10110183SOUSAD,2026-02-16,110787,1,8,0,88.0
10110183SOUSAD_2026-02-16_G46,10110183SOUSAD,2026-02-16,111418,1,10,0,160.0
10110183SOUSAD_2026-02-16_G47,10110183SOUSAD,2026-02-16,141457,1,8,0,301.0
10110183SOUSAD_2026-02-16_G48,10110183SOUSAD,2026-02-16,111463,1,4,0,82.0
10110183SOUSAD_2026-02-16_G49,10110183SOUSAD,2026-02-16,141456,1,7,0,102.0
10110183SOUSAD_2026-02-16_G50,10110183SOUSAD,2026-02-16,117834,1,4,0,168.0
10110183SOUSAD_2026-02-16_G51,10110183SOUSAD,2026-02-16,140923,1,6,0,1146.0
10110183SOUSAD_2026-02-16_G52,10110183SOUSAD,2026-02-16,117862,1,10,0,117.0
10110183SOUSAD_2026-02-16_G53,10110183SOUSAD,2026-02-16,117856,2,8,8,169.0
10110183SOUSAD_2026-02-16_G54,10110183SOUSAD,2026-02-16,110339,1,10,0,160.0
10110183SOUSAD_2026-02-16_G55,10110183SOUSAD,2026-02-16,117854,1,2,0,87.0
10110183SOUSAD_2026-02-16_G56,10110183SOUSAD,2026-02-16,141166,1,2,0,73.0
10110183SOUSAD_2026-02-16_G57,10110183SOUSAD,2026-02-16,111660,1,2,0,105.0
10110183SOUSAD_2026-02-16_G58,10110183SOUSAD,2026-02-16,117835,1,2,0,126.0
10110183SOUSAD_2026-02-16_G59,10110183SOUSAD,2026-02-16,118306,1,4,0,115.0
10110183SOUSAD_2026-02-16_G60,10110183SOUSAD,2026-02-16,110747,1,4,0,340.0
10110183SOUSAD_2026-02-16_G61,10110183SOUSAD,2026-02-16,111532,1,4,0,321.0
10110183SOUSAD_2026-02-16_G62,10110183SOUSAD,2026-02-16,109641,1,2,0,88.0
10110183SOUSAD_2026-02-16_G63,10110183SOUSAD,2026-02-16,111465,1,4,0,77.0
10110183SOUSAD_2026-02-16_G64,10110183SOUSAD,2026-02-16,110740,1,2,0,52.0
10110183SOUSAD_2026-02-16_G65,10110183SOUSAD,2026-02-16,111463,1,5,0,81.0
10110183SOUSAD_2026-02-16_G66,10110183SOUSAD,2026-02-16,141458,1,4,0,87.0
10110183SOUSAD_2026-02-16_G67,10110183SOUSAD,2026-02-16,107830,1,4,0,570.0
10110183SOUSAD_2026-02-16_G68,10110183SOUSAD,2026-02-16,110372,1,40,0,846.0
10110183SOUSAD_2026-02-16_G69,10110183SOUSAD,2026-02-16,117809,1,12,0,197.0
10110183SOUSAD_2026-02-16_G70,10110183SOUSAD,2026-02-16,117808,1,30,0,365.0
10110183SOUSAD_2026-02-16_G71,10110183SOUSAD,2026-02-16,110325,1,3,0,75.0
10110183SOUSAD_2026-02-16_G72,10110183SOUSAD,2026-02-16,117822,1,2,0,38.0
10110183SOUSAD_2026-02-16_G73,10110183SOUSAD,2026-02-16,117832,1,12,0,159.0
10110183SOUSAD_2026-02-16_G75,10110183SOUSAD,2026-02-16,110748,1,4,0,163.0
10110183SOUSAD_2026-02-16_G76,10110183SOUSAD,2026-02-16,117785,1,10,0,110.0
10110183SOUSAD_2026-02-16_G77,10110183SOUSAD,2026-02-16,109641,1,6,0,155.0
10110183SOUSAD_2026-02-16_G78,10110183SOUSAD,2026-02-16,117833,1,6,0,428.0
10110183SOUSAD_2026-02-16_G79,10110183SOUSAD,2026-02-16,110743,1,4,0,92.0
10110183SOUSAD_2026-02-16_G80,10110183SOUSAD,2026-02-16,111743,1,16,0,173.0
10110183SOUSAD_2026-02-16_G81,10110183SOUSAD,2026-02-16,111172,1,3,0,93.0
10110183SOUSAD_2026-02-16_G82,10110183SOUSAD,2026-02-16,142093,1,68,0,334.0
10110183SOUSAD_2026-02-16_G83,10110183SOUSAD,2026-02-16,117831,1,22,0,952.0
10110183SOUSAD_2026-02-16_G84,10110183SOUSAD,2026-02-16,108798,1,2,0,90.0
10110183SOUSAD_2026-02-16_G85,10110183SOUSAD,2026-02-16,117787,1,4,0,129.0
10110183SOUSAD_2026-02-16_G86,10110183SOUSAD,2026-02-16,111463,1,22,0,777.0
10110183SOUSAD_2026-02-16_G87,10110183SOUSAD,2026-02-16,111876,1,12,0,373.0
10110183SOUSAD_2026-02-16_G88,10110183SOUSAD,2026-02-16,141047,1,8,0,235.0
10110183SOUSAD_2026-02-16_G89,10110183SOUSAD,2026-02-16,118298,1,3,0,60.0
10110183SOUSAD_2026-02-16_G90,10110183SOUSAD,2026-02-16,110339,1,8,0,150.0
10110183SOUSAD_2026-02-16_G91,10110183SOUSAD,2026-02-16,141066,1,8,0,184.0
10110183SOUSAD_2026-02-16_G92,10110183SOUSAD,2026-02-16,107830,1,4,0,204.0
10110183SOUSAD_2026-02-16_G93,10110183SOUSAD,2026-02-16,110372,1,25,0,346.0
10110183SOUSAD_2026-02-16_G94,10110183SOUSAD,2026-02-16,117809,1,27,0,191.0
10110183SOUSAD_2026-02-16_G95,10110183SOUSAD,2026-02-16,118299,1,226,0,685.0
10110183SOUSAD_2026-02-16_G96,10110183SOUSAD,2026-02-16,110371,1,16,0,246.0
10110183SOUSAD_2026-02-16_G97,10110183SOUSAD,2026-02-16,117820,1,52,0,743.0
10110183SOUSAD_2026-02-16_G98,10110183SOUSAD,2026-02-16,117808,1,596,0,1737.0
10110183SOUSAD_2026-02-16_G99,10110183SOUSAD,2026-02-16,117822,1,18,0,608.0
10110183SOUSAD_2026-02-16_G100,10110183SOUSAD,2026-02-16,141202,1,30,0,231.0
10110183SOUSAD_2026-02-16_G101,10110183SOUSAD,2026-02-16,117832,1,30,0,411.0
10110183SOUSAD_2026-02-16_G102,10110183SOUSAD,2026-02-16,117830,1,30,0,565.0
10110183SOUSAD_2026-02-17_G02,10110183SOUSAD,2026-02-17,141262,1,30,0,351.0
10110183SOUSAD_2026-02-17_G03,10110183SOUSAD,2026-02-17,111740,1,10,0,237.0
10110183SOUSAD_2026-02-17_G04,10110183SOUSAD,2026-02-17,118191,1,20,0,397.0
10110183SOUSAD_2026-02-17_G05,10110183SOUSAD,2026-02-17,141262,1,30,0,622.0
10110183SOUSAD_2026-02-17_G06,10110183SOUSAD,2026-02-17,110895,1,1,0,926.0
10110183SOUSAD_2026-02-17_G07,10110183SOUSAD,2026-02-17,117785,1,2,0,110.0
10110183SOUSAD_2026-02-17_G08,10110183SOUSAD,2026-02-17,108795,1,1,0,75.0
10110183SOUSAD_2026-02-17_G09,10110183SOUSAD,2026-02-17,111348,1,1,0,51.0
10110183SOUSAD_2026-02-17_G10,10110183SOUSAD,2026-02-17,108794,1,1,0,53.0
10110183SOUSAD_2026-02-17_G11,10110183SOUSAD,2026-02-17,117833,1,2,0,48.0
10110183SOUSAD_2026-02-17_G12,10110183SOUSAD,2026-02-17,108711,1,2,0,42.0
10110183SOUSAD_2026-02-17_G13,10110183SOUSAD,2026-02-17,111743,1,1,0,33.0
10110183SOUSAD_2026-02-17_G14,10110183SOUSAD,2026-02-17,118140,1,4,0,56.0
10110183SOUSAD_2026-02-17_G15,10110183SOUSAD,2026-02-17,110787,1,2,0,68.0
10110183SOUSAD_2026-02-17_G16,10110183SOUSAD,2026-02-17,111418,1,4,0,594.0
10110183SOUSAD_2026-02-17_G17,10110183SOUSAD,2026-02-17,141457,1,4,0,99.0
10110183SOUSAD_2026-02-17_G18,10110183SOUSAD,2026-02-17,117787,1,2,0,49.0
10110183SOUSAD_2026-02-17_G19,10110183SOUSAD,2026-02-17,110740,1,1,0,44.0
10110183SOUSAD_2026-02-17_G20,10110183SOUSAD,2026-02-17,140923,1,6,0,146.0
10110183SOUSAD_2026-02-17_G21,10110183SOUSAD,2026-02-17,111530,1,1,0,60.0
10110183SOUSAD_2026-02-17_G22,10110183SOUSAD,2026-02-17,111602,1,5,0,99.0
10110183SOUSAD_2026-02-17_G23,10110183SOUSAD,2026-02-17,117809,1,2,0,115.0
10110183SOUSAD_2026-02-17_G24,10110183SOUSAD,2026-02-17,141202,1,2,0,83.0
10110183SOUSAD_2026-02-17_G25,10110183SOUSAD,2026-02-17,110375,1,2,0,78.0
10110183SOUSAD_2026-02-17_G26,10110183SOUSAD,2026-02-17,117832,1,2,0,67.0
10110183SOUSAD_2026-02-17_G27,10110183SOUSAD,2026-02-17,109641,1,1,0,1690.0
10110183SOUSAD_2026-02-17_G28,10110183SOUSAD,2026-02-17,108794,1,1,0,48.0
10110183SOUSAD_2026-02-17_G29,10110183SOUSAD,2026-02-17,117833,1,4,0,103.0
10110183SOUSAD_2026-02-17_G30,10110183SOUSAD,2026-02-17,117821,1,2,0,654.0
10110183SOUSAD_2026-02-17_G31,10110183SOUSAD,2026-02-17,118140,1,3,0,181.0
10110183SOUSAD_2026-02-17_G32,10110183SOUSAD,2026-02-17,111466,1,2,0,242.0
10110183SOUSAD_2026-02-17_G33,10110183SOUSAD,2026-02-17,141823,1,1,0,77.0
10110183SOUSAD_2026-02-17_G34,10110183SOUSAD,2026-02-17,111418,1,6,0,84.0
10110183SOUSAD_2026-02-17_G35,10110183SOUSAD,2026-02-17,118223,1,2,0,110.0
10110183SOUSAD_2026-02-17_G36,10110183SOUSAD,2026-02-17,141457,1,8,0,129.0
10110183SOUSAD_2026-02-17_G37,10110183SOUSAD,2026-02-17,111463,1,4,0,80.0
10110183SOUSAD_2026-02-17_G38,10110183SOUSAD,2026-02-17,141456,1,8,0,96.0
10110183SOUSAD_2026-02-17_G39,10110183SOUSAD,2026-02-17,108772,1,2,0,146.0
10110183SOUSAD_2026-02-17_G40,10110183SOUSAD,2026-02-17,140923,1,6,0,297.0
10110183SOUSAD_2026-02-17_G41,10110183SOUSAD,2026-02-17,110741,1,4,0,105.0
10110183SOUSAD_2026-02-17_G42,10110183SOUSAD,2026-02-17,117862,1,6,0,620.0
10110183SOUSAD_2026-02-17_G43,10110183SOUSAD,2026-02-17,111602,1,1,0,862.0
10110183SOUSAD_2026-02-17_G44,10110183SOUSAD,2026-02-17,110787,1,6,0,88.0
10110183SOUSAD_2026-02-17_G45,10110183SOUSAD,2026-02-17,117861,1,8,0,135.0
10110183SOUSAD_2026-02-17_G46,10110183SOUSAD,2026-02-17,117861,1,4,0,49.0
10110183SOUSAD_2026-02-17_G47,10110183SOUSAD,2026-02-17,107629,1,1,0,59.0
10110183SOUSAD_2026-02-17_G48,10110183SOUSAD,2026-02-17,111530,1,7,0,120.0
10110183SOUSAD_2026-02-17_G49,10110183SOUSAD,2026-02-17,111532,1,20,0,497.0
10110183SOUSAD_2026-02-17_G51,10110183SOUSAD,2026-02-17,111468,1,4,0,128.0
10110183SOUSAD_2026-02-17_G52,10110183SOUSAD,2026-02-17,108772,1,2,0,194.0
10110183SOUSAD_2026-02-17_G53,10110183SOUSAD,2026-02-17,111530,1,5,0,149.0
10110183SOUSAD_2026-02-17_G54,10110183SOUSAD,2026-02-17,110711,1,3,0,99.0
10110183SOUSAD_2026-02-17_G55,10110183SOUSAD,2026-02-17,110373,1,8,0,126.0
10110183SOUSAD_2026-02-17_G56,10110183SOUSAD,2026-02-17,108772,1,4,0,170.0
10110183SOUSAD_2026-02-17_G57,10110183SOUSAD,2026-02-17,140923,1,4,0,113.0
10110183SOUSAD_2026-02-17_G58,10110183SOUSAD,2026-02-17,111530,1,1,0,220.0
10110183SOUSAD_2026-02-17_G59,10110183SOUSAD,2026-02-17,110895,1,3,0,79.0
10110183SOUSAD_2026-02-17_G60,10110183SOUSAD,2026-02-17,141457,1,2,0,110.0
10110183SOUSAD_2026-02-17_G61,10110183SOUSAD,2026-02-17,141456,1,4,0,87.0
10110183SOUSAD_2026-02-17_G62,10110183SOUSAD,2026-02-17,117809,1,4,0,513.0
10110183SOUSAD_2026-02-17_G63,10110183SOUSAD,2026-02-17,117830,1,1,0,105.0
10110183SOUSAD_2026-02-17_G64,10110183SOUSAD,2026-02-17,111463,1,2,0,339.0
10110183SOUSAD_2026-02-17_G65,10110183SOUSAD,2026-02-17,118299,1,2,0,127.0
10110183SOUSAD_2026-02-17_G66,10110183SOUSAD,2026-02-17,117820,1,2,0,47.0
10110183SOUSAD_2026-02-17_G67,10110183SOUSAD,2026-02-17,117830,1,2,0,128.0
10110183SOUSAD_2026-02-17_G68,10110183SOUSAD,2026-02-17,117833,1,1,0,111.0
10110183SOUSAD_2026-02-17_G69,10110183SOUSAD,2026-02-17,118140,1,2,0,256.0
10110183SOUSAD_2026-02-17_G70,10110183SOUSAD,2026-02-17,109645,1,2,0,131.0
10110183SOUSAD_2026-02-17_G71,10110183SOUSAD,2026-02-17,111530,1,4,0,133.0
10110183SOUSAD_2026-02-17_G72,10110183SOUSAD,2026-02-17,110711,1,2,0,107.0
10110183SOUSAD_2026-02-17_G73,10110183SOUSAD,2026-02-17,142045,1,1,0,305.0
10110183SOUSAD_2026-02-17_G74,10110183SOUSAD,2026-02-17,140923,1,6,0,615.0
10110183SOUSAD_2026-02-17_G75,10110183SOUSAD,2026-02-17,111466,1,12,0,258.0
10110183SOUSAD_2026-02-17_G76,10110183SOUSAD,2026-02-17,110787,1,4,0,106.0
10110183SOUSAD_2026-02-17_G77,10110183SOUSAD,2026-02-17,111466,1,12,0,557.0
10110183SOUSAD_2026-02-17_G78,10110183SOUSAD,2026-02-17,118299,1,10,0,191.0
10110183SOUSAD_2026-02-17_G79,10110183SOUSAD,2026-02-17,142080,1,2,0,378.0
10110183SOUSAD_2026-02-17_G80,10110183SOUSAD,2026-02-17,108795,1,2,0,146.0
10110183SOUSAD_2026-02-17_G81,10110183SOUSAD,2026-02-17,111743,1,2,0,67.0
10110183SOUSAD_2026-02-17_G82,10110183SOUSAD,2026-02-17,118140,1,2,0,60.0
10110183SOUSAD_2026-02-17_G83,10110183SOUSAD,2026-02-17,110787,1,2,0,73.0
10110183SOUSAD_2026-02-17_G84,10110183SOUSAD,2026-02-17,118317,1,4,0,62.0
10110183SOUSAD_2026-02-17_G85,10110183SOUSAD,2026-02-17,141457,1,2,0,202.0
10110183SOUSAD_2026-02-17_G86,10110183SOUSAD,2026-02-17,118299,1,2,0,125.0
10110183SOUSAD_2026-02-17_G87,10110183SOUSAD,2026-02-17,117808,1,4,0,70.0
10110183SOUSAD_2026-02-17_G88,10110183SOUSAD,2026-02-17,117832,1,2,0,119.0
10110183SOUSAD_2026-02-17_G89,10110183SOUSAD,2026-02-17,117830,1,2,0,54.0
10110183SOUSAD_2026-02-17_G90,10110183SOUSAD,2026-02-17,110895,1,1,0,104.0
10110183SOUSAD_2026-02-17_G91,10110183SOUSAD,2026-02-17,140923,1,2,0,105.0
10110183SOUSAD_2026-02-17_G92,10110183SOUSAD,2026-02-17,111530,1,2,0,74.0
10110183SOUSAD_2026-02-17_G93,10110183SOUSAD,2026-02-17,111602,1,3,0,194.0
10110183SOUSAD_2026-02-17_G94,10110183SOUSAD,2026-02-17,109647,1,4,0,126.0
10110183SOUSAD_2026-02-18_G02,10110183SOUSAD,2026-02-18,118299,1,12,0,117.0
10110183SOUSAD_2026-02-18_G03,10110183SOUSAD,2026-02-18,118299,1,12,0,150.0
10110183SOUSAD_2026-02-18_G04,10110183SOUSAD,2026-02-18,117808,2,100,13,213.0
10110183SOUSAD_2026-02-18_G05,10110183SOUSAD,2026-02-18,111466,1,24,0,1684.0
10110183SOUSAD_2026-02-18_G06,10110183SOUSAD,2026-02-18,142093,1,3,0,148.0
10110183SOUSAD_2026-02-18_G07,10110183SOUSAD,2026-02-18,111418,1,14,0,206.0
10110183SOUSAD_2026-02-18_G08,10110183SOUSAD,2026-02-18,111468,1,4,0,124.0
10110183SOUSAD_2026-02-18_G09,10110183SOUSAD,2026-02-18,111468,1,4,0,36.0
10110183SOUSAD_2026-02-18_G10,10110183SOUSAD,2026-02-18,111439,1,2,0,117.0
10110183SOUSAD_2026-02-18_G11,10110183SOUSAD,2026-02-18,140923,1,4,0,53.0
10110183SOUSAD_2026-02-18_G12,10110183SOUSAD,2026-02-18,141166,1,8,0,120.0
10110183SOUSAD_2026-02-18_G13,10110183SOUSAD,2026-02-18,110373,1,34,0,259.0
10110183SOUSAD_2026-02-18_G14,10110183SOUSAD,2026-02-18,110374,1,22,0,328.0
10110183SOUSAD_2026-02-18_G15,10110183SOUSAD,2026-02-18,117808,1,100,0,240.0
10110183SOUSAD_2026-02-18_G16,10110183SOUSAD,2026-02-18,107830,1,2,0,655.0
10110183SOUSAD_2026-02-18_G17,10110183SOUSAD,2026-02-18,110373,1,40,0,128.0
10110183SOUSAD_2026-02-18_G18,10110183SOUSAD,2026-02-18,110372,1,450,0,1576.0
10110183SOUSAD_2026-02-18_G19,10110183SOUSAD,2026-02-18,110711,1,2,0,96.0
10110183SOUSAD_2026-02-18_G20,10110183SOUSAD,2026-02-18,141166,1,40,0,361.0
10110183SOUSAD_2026-02-18_G21,10110183SOUSAD,2026-02-18,117785,1,260,0,667.0
10110183SOUSAD_2026-02-18_G22,10110183SOUSAD,2026-02-18,118317,1,6,0,226.0
10110183SOUSAD_2026-02-19_G02,10110183SOUSAD,2026-02-19,109640,1,4,0,248.0
10110183SOUSAD_2026-02-19_G03,10110183SOUSAD,2026-02-19,118298,1,4,0,126.0
10110183SOUSAD_2026-02-19_G04,10110183SOUSAD,2026-02-19,117831,1,6,0,221.0
10110183SOUSAD_2026-02-19_G05,10110183SOUSAD,2026-02-19,111418,1,4,0,291.0
10110183SOUSAD_2026-02-19_G06,10110183SOUSAD,2026-02-19,141458,1,8,0,176.0
10110183SOUSAD_2026-02-19_G07,10110183SOUSAD,2026-02-19,118299,1,10,0,444.0
10110183SOUSAD_2026-02-19_G08,10110183SOUSAD,2026-02-19,117830,1,4,0,191.0
10110183SOUSAD_2026-02-19_G09,10110183SOUSAD,2026-02-19,111447,1,2,0,510.0
10110183SOUSAD_2026-02-19_G10,10110183SOUSAD,2026-02-19,111441,1,2,0,206.0
10110183SOUSAD_2026-02-19_G11,10110183SOUSAD,2026-02-19,111569,1,6,0,402.0
10110183SOUSAD_2026-02-19_G12,10110183SOUSAD,2026-02-19,108770,1,2,0,288.0
10110183SOUSAD_2026-02-19_G13,10110183SOUSAD,2026-02-19,110755,1,2,0,77.0
10110183SOUSAD_2026-02-19_G14,10110183SOUSAD,2026-02-19,110895,1,4,0,225.0
10110183SOUSAD_2026-02-19_G15,10110183SOUSAD,2026-02-19,111438,1,2,0,249.0
10110183SOUSAD_2026-02-19_G16,10110183SOUSAD,2026-02-19,141916,1,2,0,217.0
10110183SOUSAD_2026-02-19_G17,10110183SOUSAD,2026-02-19,110754,1,2,0,197.0
10110183SOUSAD_2026-02-19_G18,10110183SOUSAD,2026-02-19,142093,1,12,0,269.0
10110183SOUSAD_2026-02-19_G19,10110183SOUSAD,2026-02-19,142080,1,4,0,115.0
10110183SOUSAD_2026-02-19_G20,10110183SOUSAD,2026-02-19,109641,1,4,0,89.0
10110183SOUSAD_2026-02-19_G21,10110183SOUSAD,2026-02-19,111418,1,24,0,559.0
10110183SOUSAD_2026-02-19_G22,10110183SOUSAD,2026-02-19,111435,1,2,0,110.0
10110183SOUSAD_2026-02-19_G24,10110183SOUSAD,2026-02-19,108770,1,2,0,116.0
10110183SOUSAD_2026-02-19_G25,10110183SOUSAD,2026-02-19,118283,1,4,0,76.0
10110183SOUSAD_2026-02-19_G26,10110183SOUSAD,2026-02-19,117836,1,4,0,273.0
10110183SOUSAD_2026-02-19_G27,10110183SOUSAD,2026-02-19,117789,1,1,0,158.0
10110183SOUSAD_2026-02-19_G28,10110183SOUSAD,2026-02-19,111172,1,8,0,171.0
10110183SOUSAD_2026-02-19_G29,10110183SOUSAD,2026-02-19,111418,1,8,0,119.0
10110183SOUSAD_2026-02-19_G30,10110183SOUSAD,2026-02-19,117838,1,2,0,87.0
10110183SOUSAD_2026-02-19_G31,10110183SOUSAD,2026-02-19,141457,1,3,0,93.0
10110183SOUSAD_2026-02-19_G32,10110183SOUSAD,2026-02-19,111463,1,2,0,101.0
10110183SOUSAD_2026-02-19_G33,10110183SOUSAD,2026-02-19,141458,1,6,0,135.0
10110183SOUSAD_2026-02-19_G34,10110183SOUSAD,2026-02-19,111876,1,3,0,1375.0
10110183SOUSAD_2026-02-19_G35,10110183SOUSAD,2026-02-19,111439,1,2,0,64.0
10110183SOUSAD_2026-02-19_G36,10110183SOUSAD,2026-02-19,140923,1,3,0,48.0
10110183SOUSAD_2026-02-19_G37,10110183SOUSAD,2026-02-19,117809,1,2,0,59.0
10110183SOUSAD_2026-02-19_G38,10110183SOUSAD,2026-02-19,117808,1,4,0,96.0
10110183SOUSAD_2026-02-19_G39,10110183SOUSAD,2026-02-19,110372,1,10,0,231.0
10110183SOUSAD_2026-02-19_G40,10110183SOUSAD,2026-02-19,111462,1,13,0,734.0
10110183SOUSAD_2026-02-19_G41,10110183SOUSAD,2026-02-19,111469,1,9,0,375.0
10110183SOUSAD_2026-02-19_G42,10110183SOUSAD,2026-02-19,117808,1,8,0,107.0
10110183SOUSAD_2026-02-19_G43,10110183SOUSAD,2026-02-19,111418,1,7,0,2533.0
10110183SOUSAD_2026-02-19_G44,10110183SOUSAD,2026-02-19,110787,1,2,0,76.0
10110183SOUSAD_2026-02-19_G45,10110183SOUSAD,2026-02-19,111172,1,6,0,73.0
10110183SOUSAD_2026-02-19_G46,10110183SOUSAD,2026-02-19,141457,1,2,0,116.0
10110183SOUSAD_2026-02-19_G47,10110183SOUSAD,2026-02-19,111463,1,2,0,69.0
10110183SOUSAD_2026-02-19_G48,10110183SOUSAD,2026-02-19,141458,1,4,0,73.0
10110183SOUSAD_2026-02-19_G49,10110183SOUSAD,2026-02-19,117836,1,2,0,100.0
10110183SOUSAD_2026-02-20_G03,10110183SOUSAD,2026-02-20,111462,1,50,0,104.0
10110183SOUSAD_2026-02-20_G04,10110183SOUSAD,2026-02-20,111469,1,4,0,282.0
10110183SOUSAD_2026-02-20_G05,10110183SOUSAD,2026-02-20,111172,1,12,0,322.0
10110183SOUSAD_2026-02-20_G06,10110183SOUSAD,2026-02-20,142093,2,54,14,578.0
10110183SOUSAD_2026-02-20_G07,10110183SOUSAD,2026-02-20,107236,1,6,0,338.0
10110183SOUSAD_2026-02-20_G08,10110183SOUSAD,2026-02-20,111433,1,5,0,98.0
10110183SOUSAD_2026-02-20_G09,10110183SOUSAD,2026-02-20,110740,1,30,0,184.0
10110183SOUSAD_2026-02-20_G10,10110183SOUSAD,2026-02-20,141456,1,2,0,394.0
10110183SOUSAD_2026-02-20_G11,10110183SOUSAD,2026-02-20,111467,1,2,0,450.0
10110183SOUSAD_2026-02-20_G12,10110183SOUSAD,2026-02-20,111467,1,6,0,120.0
10110183SOUSAD_2026-02-20_G13,10110183SOUSAD,2026-02-20,107629,1,8,0,155.0
10110183SOUSAD_2026-02-20_G14,10110183SOUSAD,2026-02-20,109640,1,20,0,625.0
10110183SOUSAD_2026-02-20_G15,10110183SOUSAD,2026-02-20,110711,1,6,0,219.0
10110183SOUSAD_2026-02-20_G16,10110183SOUSAD,2026-02-20,110711,1,4,0,31.0
10110183SOUSAD_2026-02-20_G17,10110183SOUSAD,2026-02-20,117854,2,3,30,133.0
10110183SOUSAD_2026-02-20_G18,10110183SOUSAD,2026-02-20,118364,1,4,0,749.0
10110183SOUSAD_2026-02-20_G19,10110183SOUSAD,2026-02-20,118283,1,50,0,536.0
10110183SOUSAD_2026-02-20_G20,10110183SOUSAD,2026-02-20,114650,1,4,0,751.0
10110183SOUSAD_2026-02-20_G21,10110183SOUSAD,2026-02-20,118253,1,4,0,102.0
10110183SOUSAD_2026-02-20_G22,10110183SOUSAD,2026-02-20,140915,1,8,0,380.0
10110183SOUSAD_2026-02-21_G02,10110183SOUSAD,2026-02-21,103149,1,2,0,96.0
10110183SOUSAD_2026-02-21_G03,10110183SOUSAD,2026-02-21,118299,1,1110,0,2829.0
10110183SOUSAD_2026-02-21_G05,10110183SOUSAD,2026-02-21,118289,1,4,0,246.0
10110183SOUSAD_2026-02-21_G06,10110183SOUSAD,2026-02-21,105242,1,3,0,174.0
10110183SOUSAD_2026-02-21_G07,10110183SOUSAD,2026-02-21,109640,1,6,0,124.0
10110183SOUSAD_2026-02-21_G08,10110183SOUSAD,2026-02-21,109640,1,7,0,82.0
10110183SOUSAD_2026-02-21_G09,10110183SOUSAD,2026-02-21,141047,1,30,0,171.0
10110183SOUSAD_2026-02-21_G10,10110183SOUSAD,2026-02-21,111602,1,12,0,977.0
10110183SOUSAD_2026-02-21_G11,10110183SOUSAD,2026-02-21,117837,1,13,0,316.0
10110183SOUSAD_2026-02-21_G12,10110183SOUSAD,2026-02-21,110376,1,3,0,73.0
10110183SOUSAD_2026-02-21_G13,10110183SOUSAD,2026-02-21,117809,1,85,0,255.0
10110183SOUSAD_2026-02-21_G14,10110183SOUSAD,2026-02-21,111462,1,4,0,958.0
10110183SOUSAD_2026-02-21_G15,10110183SOUSAD,2026-02-21,111348,1,2,0,159.0
10110183SOUSAD_2026-02-21_G16,10110183SOUSAD,2026-02-21,117833,1,3,0,73.0
10110183SOUSAD_2026-02-21_G17,10110183SOUSAD,2026-02-21,117821,1,2,0,234.0
10110183SOUSAD_2026-02-21_G18,10110183SOUSAD,2026-02-21,111469,1,4,0,218.0
10110183SOUSAD_2026-02-21_G19,10110183SOUSAD,2026-02-21,111172,1,4,0,238.0
10110183SOUSAD_2026-02-21_G20,10110183SOUSAD,2026-02-21,117831,1,5,0,116.0
10110183SOUSAD_2026-02-21_G21,10110183SOUSAD,2026-02-21,141456,1,3,0,115.0
10110183SOUSAD_2026-02-21_G22,10110183SOUSAD,2026-02-21,111468,1,2,0,122.0
10110183SOUSAD_2026-02-21_G23,10110183SOUSAD,2026-02-21,111463,1,5,0,245.0
10110183SOUSAD_2026-02-21_G24,10110183SOUSAD,2026-02-21,141458,1,6,0,141.0
10110183SOUSAD_2026-02-21_G25,10110183SOUSAD,2026-02-21,117808,1,12,0,166.0
10110183SOUSAD_2026-02-21_G26,10110183SOUSAD,2026-02-21,110325,1,4,0,60.0
10110183SOUSAD_2026-02-21_G27,10110183SOUSAD,2026-02-21,160051,1,2,0,162.0
10110183SOUSAD_2026-02-21_G28,10110183SOUSAD,2026-02-21,110373,1,18,0,112.0
10110183SOUSAD_2026-02-21_G29,10110183SOUSAD,2026-02-21,117830,1,8,0,94.0
10110183SOUSAD_2026-02-21_G30,10110183SOUSAD,2026-02-21,101217,1,3,0,102.0
10110183SOUSAD_2026-02-23_G02,10110183SOUSAD,2026-02-23,110500,1,10,0,689.0
10110183SOUSAD_2026-02-23_G03,10110183SOUSAD,2026-02-23,111861,1,8,0,296.0
10110183SOUSAD_2026-02-23_G04,10110183SOUSAD,2026-02-23,110841,1,3,0,234.0
10110183SOUSAD_2026-02-23_G05,10110183SOUSAD,2026-02-23,111793,1,1,0,67.0
10110183SOUSAD_2026-02-23_G06,10110183SOUSAD,2026-02-23,111793,1,10,0,258.0
10110183SOUSAD_2026-02-23_G07,10110183SOUSAD,2026-02-23,111437,1,2,0,92.0
10110183SOUSAD_2026-02-23_G08,10110183SOUSAD,2026-02-23,141318,1,8,0,391.0
10110183SOUSAD_2026-02-23_G09,10110183SOUSAD,2026-02-23,105359,1,4,0,55.0
10110183SOUSAD_2026-02-23_G10,10110183SOUSAD,2026-02-23,105359,1,2,0,37.0
10110183SOUSAD_2026-02-23_G11,10110183SOUSAD,2026-02-23,111851,1,1,0,215.0
10110183SOUSAD_2026-02-23_G12,10110183SOUSAD,2026-02-23,141313,1,3,0,279.0
10110183SOUSAD_2026-02-23_G13,10110183SOUSAD,2026-02-23,110753,1,2,0,181.0
10110183SOUSAD_2026-02-23_G14,10110183SOUSAD,2026-02-23,110711,1,48,0,606.0
10110183SOUSAD_2026-02-23_G15,10110183SOUSAD,2026-02-23,110339,1,30,0,554.0
10110183SOUSAD_2026-02-23_G16,10110183SOUSAD,2026-02-23,118299,1,432,0,825.0
10110183SOUSAD_2026-02-23_G17,10110183SOUSAD,2026-02-23,110753,1,4,0,929.0
10110183SOUSAD_2026-02-23_G18,10110183SOUSAD,2026-02-23,110741,1,6,0,125.0
10110183SOUSAD_2026-02-23_G19,10110183SOUSAD,2026-02-23,118094,1,20,0,280.0
10110183SOUSAD_2026-02-23_G20,10110183SOUSAD,2026-02-23,109647,1,1,0,70.0
10110183SOUSAD_2026-02-23_G21,10110183SOUSAD,2026-02-23,117788,1,5,0,51.0
10110183SOUSAD_2026-02-23_G22,10110183SOUSAD,2026-02-23,117862,1,10,0,104.0
10110183SOUSAD_2026-02-23_G23,10110183SOUSAD,2026-02-23,111530,1,30,0,474.0
10110183SOUSAD_2026-02-23_G24,10110183SOUSAD,2026-02-23,111530,1,22,0,191.0
10110183SOUSAD_2026-02-23_G25,10110183SOUSAD,2026-02-23,111530,1,28,0,106.0
10110183SOUSAD_2026-02-23_G26,10110183SOUSAD,2026-02-23,109640,2,9,8,356.0
10110183SOUSAD_2026-02-23_G27,10110183SOUSAD,2026-02-23,111602,3,49,23,212.0
10110183SOUSAD_2026-02-23_G28,10110183SOUSAD,2026-02-23,141352,1,7,0,397.0
10110183SOUSAD_2026-02-23_G29,10110183SOUSAD,2026-02-23,117786,1,40,0,199.0
10110183SOUSAD_2026-02-23_G30,10110183SOUSAD,2026-02-23,117855,1,10,0,389.0
10110183SOUSAD_2026-02-23_G31,10110183SOUSAD,2026-02-23,117855,1,30,0,136.0
10110183SOUSAD_2026-02-23_G32,10110183SOUSAD,2026-02-23,111442,1,8,0,1278.0
10110183SOUSAD_2026-02-23_G33,10110183SOUSAD,2026-02-23,141456,1,20,0,138.0
10110183SOUSAD_2026-02-23_G34,10110183SOUSAD,2026-02-23,108798,1,15,0,98.0
10110183SOUSAD_2026-02-23_G35,10110183SOUSAD,2026-02-23,109645,1,12,0,219.0
10110183SOUSAD_2026-02-23_G36,10110183SOUSAD,2026-02-23,111468,1,35,0,119.0
10110183SOUSAD_2026-02-24_G02,10110183SOUSAD,2026-02-24,111602,1,8,0,682.0
10110183SOUSAD_2026-02-24_G03,10110183SOUSAD,2026-02-24,110373,1,7,0,96.0
10110183SOUSAD_2026-02-24_G04,10110183SOUSAD,2026-02-24,111602,1,4,0,217.0
10110183SOUSAD_2026-02-24_G05,10110183SOUSAD,2026-02-24,110787,1,32,0,204.0
10110183SOUSAD_2026-02-24_G06,10110183SOUSAD,2026-02-24,141202,1,16,0,183.0
10110183SOUSAD_2026-02-24_G07,10110183SOUSAD,2026-02-24,118253,1,4,0,695.0
10110183SOUSAD_2026-02-24_G08,10110183SOUSAD,2026-02-24,110787,1,32,0,399.0
10110183SOUSAD_2026-02-24_G09,10110183SOUSAD,2026-02-24,111569,1,8,0,573.0
10110183SOUSAD_2026-02-24_G10,10110183SOUSAD,2026-02-24,118290,1,2,0,215.0
10110183SOUSAD_2026-02-24_G11,10110183SOUSAD,2026-02-24,118290,1,7,0,149.0
10110183SOUSAD_2026-02-24_G12,10110183SOUSAD,2026-02-24,118290,1,9,0,322.0
10110183SOUSAD_2026-02-24_G13,10110183SOUSAD,2026-02-24,111743,1,2,0,605.0
10110183SOUSAD_2026-02-24_G14,10110183SOUSAD,2026-02-24,141456,1,4,0,127.0
10110183SOUSAD_2026-02-24_G15,10110183SOUSAD,2026-02-24,141457,1,8,0,1008.0
10110183SOUSAD_2026-02-25_G02,10110183SOUSAD,2026-02-25,141823,1,67,0,306.0
10110183SOUSAD_2026-02-25_G03,10110183SOUSAD,2026-02-25,141456,1,112,0,1047.0
10110183SOUSAD_2026-02-25_G04,10110183SOUSAD,2026-02-25,111120,1,5,0,1110.0
10110183SOUSAD_2026-02-25_G05,10110183SOUSAD,2026-02-25,110310,1,2,0,101.0
10110183SOUSAD_2026-02-25_G06,10110183SOUSAD,2026-02-25,115234,1,1,0,52.0
10110183SOUSAD_2026-02-25_G07,10110183SOUSAD,2026-02-25,111569,1,9,0,131.0
10110183SOUSAD_2026-02-25_G08,10110183SOUSAD,2026-02-25,111445,1,12,0,347.0
10110183SOUSAD_2026-02-25_G09,10110183SOUSAD,2026-02-25,110454,1,2,0,198.0
10110183SOUSAD_2026-02-25_G10,10110183SOUSAD,2026-02-25,118290,1,4,0,263.0
10110183SOUSAD_2026-02-25_G11,10110183SOUSAD,2026-02-25,108770,1,6,0,142.0
10110183SOUSAD_2026-02-25_G12,10110183SOUSAD,2026-02-25,111832,1,4,0,266.0
10110183SOUSAD_2026-02-25_G13,10110183SOUSAD,2026-02-25,118253,1,4,0,91.0
10110183SOUSAD_2026-02-25_G14,10110183SOUSAD,2026-02-25,111438,1,20,0,315.0
10110183SOUSAD_2026-02-25_G15,10110183SOUSAD,2026-02-25,111438,1,22,0,117.0
10110183SOUSAD_2026-02-25_G16,10110183SOUSAD,2026-02-25,117836,1,8,0,209.0
10110183SOUSAD_2026-02-25_G17,10110183SOUSAD,2026-02-25,115775,1,3,0,269.0
10110183SOUSAD_2026-02-25_G18,10110183SOUSAD,2026-02-25,141916,1,9,0,368.0
10110183SOUSAD_2026-02-25_G19,10110183SOUSAD,2026-02-25,110742,1,2,0,211.0
10110183SOUSAD_2026-02-25_G20,10110183SOUSAD,2026-02-25,111851,1,1,0,131.0
10110183SOUSAD_2026-02-25_G21,10110183SOUSAD,2026-02-25,118229,1,8,0,184.0
10110183SOUSAD_2026-02-25_G22,10110183SOUSAD,2026-02-25,111705,1,2,0,82.0
10110183SOUSAD_2026-02-25_G23,10110183SOUSAD,2026-02-25,140920,1,1,0,55.0
10110183SOUSAD_2026-02-25_G24,10110183SOUSAD,2026-02-25,118269,1,4,0,52.0
10110183SOUSAD_2026-02-25_G26,10110183SOUSAD,2026-02-25,141035,1,8,0,315.0
10110183SOUSAD_2026-02-25_G27,10110183SOUSAD,2026-02-25,117797,1,8,0,278.0
10110183SOUSAD_2026-02-25_G28,10110183SOUSAD,2026-02-25,118094,1,20,0,279.0
10110183SOUSAD_2026-02-25_G29,10110183SOUSAD,2026-02-25,140957,1,4,0,63.0
10110183SOUSAD_2026-02-25_G30,10110183SOUSAD,2026-02-25,110581,1,1,0,90.0
10110183SOUSAD_2026-02-25_G31,10110183SOUSAD,2026-02-25,109647,1,14,0,290.0
10110183SOUSAD_2026-02-25_G32,10110183SOUSAD,2026-02-25,118298,1,15,0,144.0
10110183SOUSAD_2026-02-25_G33,10110183SOUSAD,2026-02-25,117786,1,20,0,273.0
10110183SOUSAD_2026-02-25_G34,10110183SOUSAD,2026-02-25,117861,1,20,0,479.0
10110183SOUSAD_2026-02-25_G35,10110183SOUSAD,2026-02-25,141066,1,26,0,205.0
10110183SOUSAD_2026-02-25_G36,10110183SOUSAD,2026-02-25,111879,1,10,0,535.0
10110183SOUSAD_2026-02-25_G37,10110183SOUSAD,2026-02-25,118317,1,3,0,466.0
10110183SOUSAD_2026-02-25_G38,10110183SOUSAD,2026-02-25,111442,1,20,0,285.0
10110183SOUSAD_2026-02-25_G39,10110183SOUSAD,2026-02-25,118317,1,30,0,1329.0
10110183SOUSAD_2026-02-25_G40,10110183SOUSAD,2026-02-25,111330,1,4,0,702.0
10110183SOUSAD_2026-02-25_G41,10110183SOUSAD,2026-02-25,108711,1,9,0,96.0
10110183SOUSAD_2026-02-25_G42,10110183SOUSAD,2026-02-25,118317,1,4,0,144.0
10110183SOUSAD_2026-02-25_G43,10110183SOUSAD,2026-02-25,111442,1,4,0,59.0
10110183SOUSAD_2026-02-25_G44,10110183SOUSAD,2026-02-25,141457,1,14,0,229.0
10110183SOUSAD_2026-02-25_G45,10110183SOUSAD,2026-02-25,107236,1,7,0,197.0
10110183SOUSAD_2026-02-25_G46,10110183SOUSAD,2026-02-25,111418,1,30,0,197.0
10110183SOUSAD_2026-02-25_G47,10110183SOUSAD,2026-02-25,117861,1,4,0,397.0
10110183SOUSAD_2026-02-25_G48,10110183SOUSAD,2026-02-25,111467,1,4,0,82.0
10110183SOUSAD_2026-02-25_G49,10110183SOUSAD,2026-02-25,118290,1,1,0,89.0
10110183SOUSAD_2026-02-25_G50,10110183SOUSAD,2026-02-25,109649,1,3,0,1188.0
10110183SOUSAD_2026-02-25_G51,10110183SOUSAD,2026-02-25,111468,1,10,0,1040.0
10110183SOUSAD_2026-02-25_G52,10110183SOUSAD,2026-02-25,111435,1,8,0,115.0
10110183SOUSAD_2026-02-25_G53,10110183SOUSAD,2026-02-25,140911,2,32,16,161.0
10110183SOUSAD_2026-02-25_G54,10110183SOUSAD,2026-02-25,107892,1,13,0,288.0
10110183SOUSAD_2026-02-25_G55,10110183SOUSAD,2026-02-25,111655,1,4,0,621.0
10110183SOUSAD_2026-02-25_G56,10110183SOUSAD,2026-02-25,160053,1,4,0,782.0
10110183SOUSAD_2026-02-26_G02,10110183SOUSAD,2026-02-26,160055,1,2,0,124.0
10110183SOUSAD_2026-02-26_G03,10110183SOUSAD,2026-02-26,160053,1,2,0,108.0
10110183SOUSAD_2026-02-26_G04,10110183SOUSAD,2026-02-26,110313,1,4,0,124.0
10110183SOUSAD_2026-02-26_G05,10110183SOUSAD,2026-02-26,109640,1,4,0,83.0
10110183SOUSAD_2026-02-26_G06,10110183SOUSAD,2026-02-26,111530,1,36,0,633.0
10110183SOUSAD_2026-02-26_G07,10110183SOUSAD,2026-02-26,111602,1,20,0,215.0
10110183SOUSAD_2026-02-26_G08,10110183SOUSAD,2026-02-26,141166,1,6,0,92.0
10110183SOUSAD_2026-02-26_G09,10110183SOUSAD,2026-02-26,110325,1,30,0,263.0
10110183SOUSAD_2026-02-26_G10,10110183SOUSAD,2026-02-26,160057,1,2,0,234.0
10110183SOUSAD_2026-02-26_G11,10110183SOUSAD,2026-02-26,110745,1,6,0,232.0
10110183SOUSAD_2026-02-26_G12,10110183SOUSAD,2026-02-26,141456,1,12,0,502.0
10110183SOUSAD_2026-02-26_G13,10110183SOUSAD,2026-02-26,110325,1,11,0,129.0
10110183SOUSAD_2026-02-26_G14,10110183SOUSAD,2026-02-26,160051,1,1,0,68.0
10110183SOUSAD_2026-02-26_G15,10110183SOUSAD,2026-02-26,110745,1,8,0,1200.0
10110183SOUSAD_2026-02-26_G16,10110183SOUSAD,2026-02-26,110745,1,4,0,65.0
10110183SOUSAD_2026-02-26_G17,10110183SOUSAD,2026-02-26,111469,1,60,0,522.0
10110183SOUSAD_2026-02-26_G18,10110183SOUSAD,2026-02-26,105705,1,12,0,754.0
10110183SOUSAD_2026-02-26_G19,10110183SOUSAD,2026-02-26,141458,1,36,0,611.0
10110183SOUSAD_2026-02-26_G20,10110183SOUSAD,2026-02-26,110374,1,21,0,278.0
10110183SOUSAD_2026-02-26_G21,10110183SOUSAD,2026-02-26,111172,1,6,0,1677.0
10110183SOUSAD_2026-02-26_G22,10110183SOUSAD,2026-02-26,111462,1,50,0,757.0
10110183SOUSAD_2026-02-26_G23,10110183SOUSAD,2026-02-26,141456,1,80,0,372.0
10110183SOUSAD_2026-02-26_G24,10110183SOUSAD,2026-02-26,111468,1,4,0,118.0
10110183SOUSAD_2026-02-26_G25,10110183SOUSAD,2026-02-26,107236,1,2,0,164.0
10110183SOUSAD_2026-02-26_G26,10110183SOUSAD,2026-02-26,110313,1,2,0,488.0
10110183SOUSAD_2026-02-26_G27,10110183SOUSAD,2026-02-26,111530,1,7,0,729.0
10110183SOUSAD_2026-02-26_G29,10110183SOUSAD,2026-02-26,111462,1,2,0,143.0
10110183SOUSAD_2026-02-26_G30,10110183SOUSAD,2026-02-26,111532,1,4,0,117.0
10110183SOUSAD_2026-02-26_G31,10110183SOUSAD,2026-02-26,111532,1,4,0,41.0
10110183SOUSAD_2026-02-26_G32,10110183SOUSAD,2026-02-26,105705,1,2,0,204.0
10110183SOUSAD_2026-02-26_G33,10110183SOUSAD,2026-02-26,109643,1,9,0,172.0
10110183SOUSAD_2026-02-26_G34,10110183SOUSAD,2026-02-26,118283,1,2,0,251.0
10110183SOUSAD_2026-02-26_G35,10110183SOUSAD,2026-02-26,111469,1,16,0,145.0
10110183SOUSAD_2026-02-26_G36,10110183SOUSAD,2026-02-26,111469,1,14,0,100.0
10110183SOUSAD_2026-02-26_G37,10110183SOUSAD,2026-02-26,109643,1,10,0,129.0
10110183SOUSAD_2026-02-26_G38,10110183SOUSAD,2026-02-26,110313,1,10,0,106.0
10110183SOUSAD_2026-02-26_G39,10110183SOUSAD,2026-02-26,111602,1,4,0,260.0
10110183SOUSAD_2026-02-26_G40,10110183SOUSAD,2026-02-26,110787,1,5,0,206.0
10110183SOUSAD_2026-02-26_G41,10110183SOUSAD,2026-02-26,111469,1,3,0,294.0
10110183SOUSAD_2026-02-26_G42,10110183SOUSAD,2026-02-26,111469,1,4,0,47.0
10110183SOUSAD_2026-02-26_G43,10110183SOUSAD,2026-02-26,111462,1,6,0,387.0
10110183SOUSAD_2026-02-26_G44,10110183SOUSAD,2026-02-26,111462,1,4,0,65.0
10110183SOUSAD_2026-02-26_G45,10110183SOUSAD,2026-02-26,118290,1,4,0,1000.0
10110183SOUSAD_2026-02-26_G46,10110183SOUSAD,2026-02-26,142045,1,8,0,344.0
10110183SOUSAD_2026-02-26_G47,10110183SOUSAD,2026-02-26,111530,1,11,0,146.0
10110183SOUSAD_2026-02-26_G48,10110183SOUSAD,2026-02-26,108794,1,4,0,348.0
10110183SOUSAD_2026-02-26_G49,10110183SOUSAD,2026-02-26,117785,1,8,0,79.0
10110183SOUSAD_2026-02-26_G50,10110183SOUSAD,2026-02-26,117821,1,16,0,104.0
10110183SOUSAD_2026-02-26_G51,10110183SOUSAD,2026-02-26,111462,1,14,0,240.0
10110183SOUSAD_2026-02-26_G52,10110183SOUSAD,2026-02-26,111418,1,60,0,129.0
10110183SOUSAD_2026-02-26_G53,10110183SOUSAD,2026-02-26,111465,1,6,0,270.0
10110183SOUSAD_2026-02-26_G54,10110183SOUSAD,2026-02-26,111465,1,2,0,33.0
10110183SOUSAD_2026-02-26_G55,10110183SOUSAD,2026-02-26,118223,1,4,0,46.0
10110183SOUSAD_2026-02-26_G56,10110183SOUSAD,2026-02-26,111433,1,12,0,319.0
10110183SOUSAD_2026-02-26_G57,10110183SOUSAD,2026-02-26,111431,1,8,0,98.0
10110183SOUSAD_2026-02-26_G58,10110183SOUSAD,2026-02-26,111435,1,4,0,101.0
10110183SOUSAD_2026-02-26_G59,10110183SOUSAD,2026-02-26,117787,1,4,0,207.0
10110183SOUSAD_2026-02-26_G60,10110183SOUSAD,2026-02-26,111463,1,16,0,124.0
10110183SOUSAD_2026-02-26_G61,10110183SOUSAD,2026-02-26,141458,1,8,0,110.0
10110183SOUSAD_2026-02-26_G62,10110183SOUSAD,2026-02-26,110313,1,8,0,382.0
10110183SOUSAD_2026-02-26_G63,10110183SOUSAD,2026-02-26,110741,1,8,0,106.0
10110183SOUSAD_2026-02-26_G64,10110183SOUSAD,2026-02-26,117862,1,12,0,171.0
10110183SOUSAD_2026-02-26_G65,10110183SOUSAD,2026-02-26,111602,1,28,0,319.0
10110183SOUSAD_2026-02-26_G66,10110183SOUSAD,2026-02-26,117856,1,12,0,260.0
10110183SOUSAD_2026-02-26_G67,10110183SOUSAD,2026-02-26,110339,1,16,0,219.0
10110183SOUSAD_2026-02-26_G68,10110183SOUSAD,2026-02-26,117855,1,8,0,148.0
10110183SOUSAD_2026-02-26_G69,10110183SOUSAD,2026-02-26,110374,1,36,0,746.0
10110183SOUSAD_2026-02-26_G70,10110183SOUSAD,2026-02-26,110313,2,20,23,242.0
10110183SOUSAD_2026-02-26_G71,10110183SOUSAD,2026-02-26,109643,1,2,0,306.0
10110183SOUSAD_2026-02-26_G72,10110183SOUSAD,2026-02-26,117809,1,2,0,91.0
10110183SOUSAD_2026-02-26_G73,10110183SOUSAD,2026-02-26,117820,1,2,0,33.0
10110183SOUSAD_2026-02-26_G74,10110183SOUSAD,2026-02-26,117808,1,12,0,94.0
10110183SOUSAD_2026-02-26_G75,10110183SOUSAD,2026-02-26,117830,1,4,0,110.0
10110183SOUSAD_2026-02-26_G76,10110183SOUSAD,2026-02-26,111743,1,2,0,118.0
10110183SOUSAD_2026-02-26_G77,10110183SOUSAD,2026-02-26,117831,1,3,0,94.0
10110183SOUSAD_2026-02-26_G78,10110183SOUSAD,2026-02-26,141457,1,5,0,109.0
10110183SOUSAD_2026-02-26_G79,10110183SOUSAD,2026-02-26,110895,1,1,0,198.0
10110183SOUSAD_2026-02-26_G80,10110183SOUSAD,2026-02-26,111602,1,2,0,67.0
10110183SOUSAD_2026-02-26_G81,10110183SOUSAD,2026-02-26,110313,1,3,0,267.0
10110183SOUSAD_2026-02-26_G82,10110183SOUSAD,2026-02-26,109640,1,2,0,128.0
10110183SOUSAD_2026-02-26_G83,10110183SOUSAD,2026-02-26,111469,1,3,0,97.0
10110183SOUSAD_2026-02-26_G84,10110183SOUSAD,2026-02-26,111462,1,11,0,139.0
10110183SOUSAD_2026-02-26_G85,10110183SOUSAD,2026-02-26,111530,1,2,0,156.0
10110183SOUSAD_2026-02-26_G86,10110183SOUSAD,2026-02-26,111602,1,2,0,99.0
10110183SOUSAD_2026-02-26_G87,10110183SOUSAD,2026-02-26,117856,1,4,0,53.0
10110183SOUSAD_2026-02-26_G88,10110183SOUSAD,2026-02-26,117831,1,4,0,58.0
10110183SOUSAD_2026-02-26_G89,10110183SOUSAD,2026-02-26,141457,1,2,0,84.0
10110183SOUSAD_2026-02-26_G90,10110183SOUSAD,2026-02-26,111462,1,12,0,381.0
10110183SOUSAD_2026-02-26_G91,10110183SOUSAD,2026-02-26,111469,1,15,0,126.0
10110183SOUSAD_2026-02-27_G02,10110183SOUSAD,2026-02-27,110313,1,10,0,264.0
10110183SOUSAD_2026-02-27_G03,10110183SOUSAD,2026-02-27,110313,1,8,0,77.0
10110183SOUSAD_2026-02-27_G04,10110183SOUSAD,2026-02-27,118094,1,2,0,330.0
10110183SOUSAD_2026-02-27_G05,10110183SOUSAD,2026-02-27,117862,1,12,0,126.0
10110183SOUSAD_2026-02-27_G06,10110183SOUSAD,2026-02-27,117856,1,8,0,342.0
10110183SOUSAD_2026-02-27_G07,10110183SOUSAD,2026-02-27,117861,1,4,0,261.0
10110183SOUSAD_2026-02-27_G08,10110183SOUSAD,2026-02-27,117855,1,4,0,81.0
10110183SOUSAD_2026-02-27_G09,10110183SOUSAD,2026-02-27,117855,1,8,0,77.0
10110183SOUSAD_2026-02-27_G10,10110183SOUSAD,2026-02-27,141166,1,4,0,109.0
10110183SOUSAD_2026-02-27_G11,10110183SOUSAD,2026-02-27,118326,2,20,24,1058.0
10110183SOUSAD_2026-02-27_G12,10110183SOUSAD,2026-02-27,141456,3,150,28,145.0
10110183SOUSAD_2026-02-27_G13,10110183SOUSAD,2026-02-27,118326,2,4,5,90.0
10110183SOUSAD_2026-02-27_G14,10110183SOUSAD,2026-02-27,118299,1,547,0,1808.0
10110183SOUSAD_2026-02-27_G15,10110183SOUSAD,2026-02-27,117808,1,543,0,1100.0
10110183SOUSAD_2026-02-27_G16,10110183SOUSAD,2026-02-27,141202,1,28,0,447.0
10110183SOUSAD_2026-02-27_G17,10110183SOUSAD,2026-02-27,111430,1,2,0,1022.0
10110183SOUSAD_2026-02-27_G18,10110183SOUSAD,2026-02-27,111430,1,2,0,73.0
10110183SOUSAD_2026-02-27_G19,10110183SOUSAD,2026-02-27,110310,1,5,0,150.0
10110183SOUSAD_2026-02-27_G20,10110183SOUSAD,2026-02-27,109933,2,2,30,117.0
10110183SOUSAD_2026-02-27_G21,10110183SOUSAD,2026-02-27,110454,1,1,0,54.0
10110183SOUSAD_2026-02-27_G22,10110183SOUSAD,2026-02-27,111356,1,2,0,137.0
10110183SOUSAD_2026-02-27_G23,10110183SOUSAD,2026-02-27,111356,1,3,0,53.0
10110183SOUSAD_2026-02-27_G24,10110183SOUSAD,2026-02-27,110081,3,5,13,123.0
10110183SOUSAD_2026-02-27_G25,10110183SOUSAD,2026-02-27,142045,1,20,0,228.0
10110183SOUSAD_2026-02-27_G26,10110183SOUSAD,2026-02-27,142045,1,5,0,181.0
10110183SOUSAD_2026-02-27_G27,10110183SOUSAD,2026-02-27,142045,1,8,0,64.0
10110183SOUSAD_2026-02-27_G28,10110183SOUSAD,2026-02-27,110354,2,4,14,741.0
10110183SOUSAD_2026-02-27_G29,10110183SOUSAD,2026-02-27,100334,2,6,23,72.0
10110183SOUSAD_2026-02-27_G30,10110183SOUSAD,2026-02-27,107892,2,4,9,328.0
10110183SOUSAD_2026-02-27_G31,10110183SOUSAD,2026-02-27,110579,1,1,0,92.0
10110183SOUSAD_2026-02-27_G32,10110183SOUSAD,2026-02-27,106865,2,2,6,54.0
10110183SOUSAD_2026-02-27_G33,10110183SOUSAD,2026-02-27,110582,2,2,8,102.0
10110183SOUSAD_2026-02-27_G34,10110183SOUSAD,2026-02-27,105272,2,4,6,104.0
10110183SOUSAD_2026-02-27_G35,10110183SOUSAD,2026-02-27,117789,1,5,0,69.0
10110183SOUSAD_2026-02-27_G36,10110183SOUSAD,2026-02-27,110516,1,2,0,158.0
10110183SOUSAD_2026-02-27_G37,10110183SOUSAD,2026-02-27,110749,3,4,20,106.0
10110183SOUSAD_2026-02-27_G38,10110183SOUSAD,2026-02-27,111530,1,2,0,124.0
10110183SOUSAD_2026-02-27_G39,10110183SOUSAD,2026-02-27,111530,1,100,0,184.0
10110183SOUSAD_2026-02-27_G40,10110183SOUSAD,2026-02-27,111876,1,2,0,649.0
10110183SOUSAD_2026-02-27_G41,10110183SOUSAD,2026-02-27,105470,1,2,0,81.0
10110183SOUSAD_2026-02-27_G42,10110183SOUSAD,2026-02-27,111602,1,53,0,372.0
10110183SOUSAD_2026-02-27_G44,10110183SOUSAD,2026-02-27,110756,1,4,0,44.0
10110183SOUSAD_2026-02-27_G45,10110183SOUSAD,2026-02-27,111530,1,55,0,340.0
10110183SOUSAD_2026-02-27_G46,10110183SOUSAD,2026-02-27,105470,1,2,0,225.0
10110183SOUSAD_2026-02-27_G47,10110183SOUSAD,2026-02-27,108361,1,1,0,80.0
10110183SOUSAD_2026-02-27_G48,10110183SOUSAD,2026-02-27,117786,2,40,15,61.0
10110183SOUSAD_2026-02-27_G49,10110183SOUSAD,2026-02-27,111467,1,11,0,326.0
10110183SOUSAD_2026-02-27_G50,10110183SOUSAD,2026-02-27,111879,1,5,0,304.0
10110183SOUSAD_2026-02-27_G51,10110183SOUSAD,2026-02-27,106860,1,1,0,332.0
10110183SOUSAD_2026-02-27_G52,10110183SOUSAD,2026-02-27,108361,1,1,0,98.0
10110183SOUSAD_2026-02-27_G53,10110183SOUSAD,2026-02-27,110376,1,2,0,91.0
10110183SOUSAD_2026-02-27_G54,10110183SOUSAD,2026-02-27,110752,2,2,17,82.0
10110183SOUSAD_2026-02-27_G55,10110183SOUSAD,2026-02-27,106860,1,1,0,40.0
10110183SOUSAD_2026-02-27_G56,10110183SOUSAD,2026-02-27,111530,1,70,0,361.0
10110183SOUSAD_2026-02-27_G57,10110183SOUSAD,2026-02-27,110753,1,19,0,1506.0
10110183SOUSAD_2026-02-27_G58,10110183SOUSAD,2026-02-27,111439,1,20,0,200.0
10110183SOUSAD_2026-02-27_G59,10110183SOUSAD,2026-02-27,140923,1,93,0,504.0
10110183SOUSAD_2026-02-27_G60,10110183SOUSAD,2026-02-27,117853,1,4,0,192.0
10110183SOUSAD_2026-02-27_G61,10110183SOUSAD,2026-02-27,117862,1,22,0,167.0
10110183SOUSAD_2026-02-27_G62,10110183SOUSAD,2026-02-27,111602,1,147,0,341.0
10110183SOUSAD_2026-02-27_G63,10110183SOUSAD,2026-02-27,111879,1,32,0,1050.0
10110183SOUSAD_2026-02-27_G64,10110183SOUSAD,2026-02-27,106179,1,1,0,206.0
10110183SOUSAD_2026-02-27_G65,10110183SOUSAD,2026-02-27,108759,1,5,0,188.0
10110183SOUSAD_2026-02-27_G66,10110183SOUSAD,2026-02-27,111832,1,1,0,67.0
10110183SOUSAD_2026-02-27_G67,10110183SOUSAD,2026-02-27,111437,1,3,0,123.0
10110183SOUSAD_2026-02-27_G68,10110183SOUSAD,2026-02-27,110742,1,15,0,330.0
10110183SOUSAD_2026-02-27_G69,10110183SOUSAD,2026-02-27,117820,1,28,0,219.0
10110183SOUSAD_2026-02-27_G70,10110183SOUSAD,2026-02-27,117822,1,5,0,82.0
10110183SOUSAD_2026-02-27_G71,10110183SOUSAD,2026-02-27,109643,1,22,0,460.0
10110183SOUSAD_2026-02-27_G72,10110183SOUSAD,2026-02-27,110375,1,53,0,282.0
10110183SOUSAD_2026-02-27_G73,10110183SOUSAD,2026-02-27,117832,1,23,0,237.0
10110183SOUSAD_2026-02-27_G74,10110183SOUSAD,2026-02-27,109641,1,24,0,747.0
10110183SOUSAD_2026-02-27_G75,10110183SOUSAD,2026-02-27,141823,1,24,0,169.0
10110183SOUSAD_2026-02-27_G76,10110183SOUSAD,2026-02-27,111465,1,26,0,867.0
10110183SOUSAD_2026-02-27_G77,10110183SOUSAD,2026-02-27,111465,1,7,0,65.0
10110183SOUSAD_2026-02-27_G78,10110183SOUSAD,2026-02-27,109645,1,33,0,331.0
10110183SOUSAD_2026-02-27_G79,10110183SOUSAD,2026-02-27,111468,1,14,0,227.0
10110183SOUSAD_2026-02-27_G80,10110183SOUSAD,2026-02-27,107236,1,12,0,268.0
10110183SOUSAD_2026-02-28_G02,10110183SOUSAD,2026-02-28,142093,1,2,0,85.0
10110183SOUSAD_2026-02-28_G03,10110183SOUSAD,2026-02-28,117785,1,4,0,89.0
10110183SOUSAD_2026-02-28_G04,10110183SOUSAD,2026-02-28,111602,1,6,0,176.0
10110183SOUSAD_2026-02-28_G05,10110183SOUSAD,2026-02-28,108794,1,5,0,84.0
10110183SOUSAD_2026-02-28_G06,10110183SOUSAD,2026-02-28,108795,1,4,0,84.0
10110183SOUSAD_2026-02-28_G07,10110183SOUSAD,2026-02-28,111466,1,2,0,45.0
10110183SOUSAD_2026-02-28_G08,10110183SOUSAD,2026-02-28,108798,1,2,0,78.0
10110183SOUSAD_2026-02-28_G09,10110183SOUSAD,2026-02-28,110376,1,2,0,79.0
10110183SOUSAD_2026-02-28_G10,10110183SOUSAD,2026-02-28,110373,1,5,0,75.0
10110183SOUSAD_2026-02-28_G11,10110183SOUSAD,2026-02-28,110372,1,4,0,249.0
10110183SOUSAD_2026-02-28_G12,10110183SOUSAD,2026-02-28,111433,1,4,0,151.0
10110183SOUSAD_2026-02-28_G13,10110183SOUSAD,2026-02-28,140922,1,2,0,252.0
10110183SOUSAD_2026-02-28_G14,10110183SOUSAD,2026-02-28,108794,1,2,0,35.0
10110183SOUSAD_2026-02-28_G15,10110183SOUSAD,2026-02-28,117785,1,3,0,34.0
10110183SOUSAD_2026-02-28_G16,10110183SOUSAD,2026-02-28,142093,1,2,0,62.0
10110183SOUSAD_2026-02-28_G17,10110183SOUSAD,2026-02-28,141456,1,2,0,77.0
10110183SOUSAD_2026-02-28_G18,10110183SOUSAD,2026-02-28,108798,1,2,0,48.0
10110183SOUSAD_2026-02-28_G19,10110183SOUSAD,2026-02-28,110374,1,2,0,95.0
10110183SOUSAD_2026-02-28_G20,10110183SOUSAD,2026-02-28,110373,1,4,0,100.0
10110183SOUSAD_2026-02-28_G21,10110183SOUSAD,2026-02-28,117830,1,2,0,64.0
10110183SOUSAD_2026-02-28_G22,10110183SOUSAD,2026-02-28,111530,1,1,0,91.0
10110183SOUSAD_2026-02-28_G23,10110183SOUSAD,2026-02-28,117862,1,1,0,106.0
10110183SOUSAD_2026-02-28_G24,10110183SOUSAD,2026-02-28,111602,1,1,0,322.0
10110183SOUSAD_2026-02-28_G25,10110183SOUSAD,2026-02-28,141066,1,4,0,107.0
10110183SOUSAD_2026-02-28_G26,10110183SOUSAD,2026-02-28,140922,1,5,0,132.0
10110183SOUSAD_2026-02-28_G27,10110183SOUSAD,2026-02-28,111466,1,4,0,70.0
10110183SOUSAD_2026-02-28_G28,10110183SOUSAD,2026-02-28,117831,1,5,0,91.0
10110183SOUSAD_2026-02-28_G29,10110183SOUSAD,2026-02-28,111465,1,2,0,108.0
10110183SOUSAD_2026-02-28_G30,10110183SOUSAD,2026-02-28,110740,1,1,0,117.0
10110183SOUSAD_2026-02-28_G31,10110183SOUSAD,2026-02-28,111530,1,6,0,145.0
10110183SOUSAD_2026-02-28_G32,10110183SOUSAD,2026-02-28,111602,1,4,0,106.0
10110183SOUSAD_2026-02-28_G33,10110183SOUSAD,2026-02-28,117786,1,2,0,89.0
10110183SOUSAD_2026-02-28_G34,10110183SOUSAD,2026-02-28,117861,1,2,0,74.0
10110183SOUSAD_2026-02-28_G35,10110183SOUSAD,2026-02-28,110373,1,3,0,61.0
10110183SOUSAD_2026-02-28_G36,10110183SOUSAD,2026-02-28,117832,1,4,0,100.0
10110183SOUSAD_2026-02-28_G37,10110183SOUSAD,2026-02-28,108794,1,2,0,286.0
10110183SOUSAD_2026-02-28_G38,10110183SOUSAD,2026-02-28,117785,1,4,0,37.0
10110183SOUSAD_2026-02-28_G39,10110183SOUSAD,2026-02-28,111466,1,4,0,78.0
10110183SOUSAD_2026-02-28_G40,10110183SOUSAD,2026-02-28,111463,1,1,0,61.0
10110183SOUSAD_2026-02-28_G41,10110183SOUSAD,2026-02-28,110374,1,2,0,84.0
10110183SOUSAD_2026-02-28_G42,10110183SOUSAD,2026-02-28,117820,1,4,0,55.0
10110183SOUSAD_2026-02-28_G43,10110183SOUSAD,2026-02-28,110325,1,2,0,65.0
10110183SOUSAD_2026-02-28_G44,10110183SOUSAD,2026-02-28,117830,1,4,0,123.0
10110183SOUSAD_2026-02-28_G45,10110183SOUSAD,2026-02-28,117856,1,4,0,330.0
10110183SOUSAD_2026-02-28_G46,10110183SOUSAD,2026-02-28,141066,1,1,0,83.0
10110183SOUSAD_2026-02-28_G47,10110183SOUSAD,2026-02-28,141458,1,4,0,110.0
10110183SOUSAD_2026-02-28_G48,10110183SOUSAD,2026-02-28,111532,1,3,0,2805.0
10110183SOUSAD_2026-02-28_G49,10110183SOUSAD,2026-02-28,111530,1,1,0,73.0
10110183SOUSAD_2026-02-28_G50,10110183SOUSAD,2026-02-28,111532,1,4,0,97.0
10110183SOUSAD_2026-02-28_G51,10110183SOUSAD,2026-02-28,111530,1,4,0,84.0
10110183SOUSAD_2026-02-28_G52,10110183SOUSAD,2026-02-28,111532,1,17,0,172.0
10110183SOUSAD_2026-02-28_G53,10110183SOUSAD,2026-02-28,111532,1,2,0,1455.0
10110183SOUSAD_2026-02-28_G54,10110183SOUSAD,2026-02-28,110310,1,1,0,204.0
10110183SOUSAD_2026-02-28_G55,10110183SOUSAD,2026-02-28,108794,1,2,0,1555.0
10110183SOUSAD_2026-02-28_G56,10110183SOUSAD,2026-02-28,110787,1,4,0,97.0
10110183SOUSAD_2026-02-28_G57,10110183SOUSAD,2026-02-28,141456,1,4,0,73.0
10110183SOUSAD_2026-02-28_G58,10110183SOUSAD,2026-02-28,141457,1,4,0,77.0
10110183SOUSAD_2026-02-28_G59,10110183SOUSAD,2026-02-28,111876,1,4,0,112.0
10110183SOUSAD_2026-02-28_G60,10110183SOUSAD,2026-02-28,108361,1,4,0,81.0
10110183SOUSAD_2026-02-28_G61,10110183SOUSAD,2026-02-28,110325,1,3,0,113.0
10110183SOUSAD_2026-02-28_G63,10110183SOUSAD,2026-02-28,110313,1,6,0,133.0
10110183SOUSAD_2026-02-28_G64,10110183SOUSAD,2026-02-28,110371,1,6,0,121.0
10110183SOUSAD_2026-02-28_G65,10110183SOUSAD,2026-02-28,110372,1,18,0,141.0
10110183SOUSAD_2026-02-28_G66,10110183SOUSAD,2026-02-28,118416,1,8,0,392.0
10110183SOUSAD_2026-02-28_G67,10110183SOUSAD,2026-02-28,118418,1,4,0,643.0
10110183SOUSAD_2026-02-28_G68,10110183SOUSAD,2026-02-28,118417,1,6,0,138.0
10110183SOUSAD_2026-02-28_G69,10110183SOUSAD,2026-02-28,111736,1,1,0,463.0
10110183SOUSAD_2026-03-03_G02,10110183SOUSAD,2026-03-03,118418,1,1,0,111.0
10110183SOUSAD_2026-03-03_G03,10110183SOUSAD,2026-03-03,108957,1,2,0,99.0
10110183SOUSAD_2026-03-03_G04,10110183SOUSAD,2026-03-03,110500,1,2,0,106.0
10110183SOUSAD_2026-03-03_G05,10110183SOUSAD,2026-03-03,118417,1,2,0,180.0
10110183SOUSAD_2026-03-03_G06,10110183SOUSAD,2026-03-03,111793,1,3,0,75.0
10110183SOUSAD_2026-03-03_G07,10110183SOUSAD,2026-03-03,142045,1,20,0,359.0
10110183SOUSAD_2026-03-03_G08,10110183SOUSAD,2026-03-03,141916,1,6,0,184.0
10110183SOUSAD_2026-03-03_G09,10110183SOUSAD,2026-03-03,110092,1,4,0,690.0
10110183SOUSAD_2026-03-03_G10,10110183SOUSAD,2026-03-03,140923,1,8,0,134.0
10110183SOUSAD_2026-03-03_G11,10110183SOUSAD,2026-03-03,107629,1,4,0,89.0
10110183SOUSAD_2026-03-03_G12,10110183SOUSAD,2026-03-03,111876,1,6,0,105.0
10110183SOUSAD_2026-03-03_G13,10110183SOUSAD,2026-03-03,105470,1,2,0,70.0
10110183SOUSAD_2026-03-03_G14,10110183SOUSAD,2026-03-03,108361,1,5,0,244.0
10110183SOUSAD_2026-03-03_G15,10110183SOUSAD,2026-03-03,110733,1,6,0,601.0
10110183SOUSAD_2026-03-03_G16,10110183SOUSAD,2026-03-03,110733,1,4,0,1014.0
10110183SOUSAD_2026-03-03_G17,10110183SOUSAD,2026-03-03,141035,1,2,0,101.0
10110183SOUSAD_2026-03-03_G18,10110183SOUSAD,2026-03-03,117797,1,3,0,180.0
10110183SOUSAD_2026-03-03_G19,10110183SOUSAD,2026-03-03,140923,1,2,0,247.0
10110183SOUSAD_2026-03-03_G20,10110183SOUSAD,2026-03-03,141047,1,4,0,89.0
10110183SOUSAD_2026-03-03_G21,10110183SOUSAD,2026-03-03,111876,1,4,0,60.0
10110183SOUSAD_2026-03-03_G22,10110183SOUSAD,2026-03-03,117786,1,1,0,71.0
10110183SOUSAD_2026-03-03_G23,10110183SOUSAD,2026-03-03,117861,1,2,0,66.0
10110183SOUSAD_2026-03-03_G24,10110183SOUSAD,2026-03-03,117837,1,4,0,75.0
10110183SOUSAD_2026-03-03_G25,10110183SOUSAD,2026-03-03,111467,1,4,0,71.0
10110183SOUSAD_2026-03-03_G26,10110183SOUSAD,2026-03-03,117854,1,2,0,103.0
10110183SOUSAD_2026-03-03_G27,10110183SOUSAD,2026-03-03,117809,1,11,0,348.0
10110183SOUSAD_2026-03-03_G28,10110183SOUSAD,2026-03-03,117820,1,6,0,84.0
10110183SOUSAD_2026-03-03_G29,10110183SOUSAD,2026-03-03,111443,1,2,0,210.0
10110183SOUSAD_2026-03-03_G30,10110183SOUSAD,2026-03-03,105705,1,6,0,504.0
10110183SOUSAD_2026-03-03_G31,10110183SOUSAD,2026-03-03,105705,1,1,0,37.0
10110183SOUSAD_2026-03-03_G32,10110183SOUSAD,2026-03-03,108711,1,4,0,428.0
10110183SOUSAD_2026-03-03_G33,10110183SOUSAD,2026-03-03,108795,1,4,0,52.0
10110183SOUSAD_2026-03-03_G34,10110183SOUSAD,2026-03-03,117831,1,4,0,89.0
10110183SOUSAD_2026-03-03_G35,10110183SOUSAD,2026-03-03,111463,1,4,0,42.0
10110183SOUSAD_2026-03-03_G36,10110183SOUSAD,2026-03-03,111418,1,4,0,96.0
10110183SOUSAD_2026-03-03_G37,10110183SOUSAD,2026-03-03,117832,1,4,0,94.0
10110183SOUSAD_2026-03-03_G38,10110183SOUSAD,2026-03-03,110372,1,4,0,66.0
10110183SOUSAD_2026-03-03_G39,10110183SOUSAD,2026-03-03,110313,1,4,0,121.0
10110183SOUSAD_2026-03-03_G40,10110183SOUSAD,2026-03-03,141155,1,8,0,1230.0
10110183SOUSAD_2026-03-03_G41,10110183SOUSAD,2026-03-03,111759,1,8,0,188.0
10110183SOUSAD_2026-03-03_G42,10110183SOUSAD,2026-03-03,111723,1,8,0,106.0
10110183SOUSAD_2026-03-03_G43,10110183SOUSAD,2026-03-03,111751,1,10,0,494.0
10110183SOUSAD_2026-03-03_G44,10110183SOUSAD,2026-03-03,118191,1,20,0,237.0
10110183SOUSAD_2026-03-03_G45,10110183SOUSAD,2026-03-03,111634,1,12,0,358.0
10110183SOUSAD_2026-03-03_G46,10110183SOUSAD,2026-03-03,118191,1,12,0,166.0
10110183SOUSAD_2026-03-03_G47,10110183SOUSAD,2026-03-03,111759,1,12,0,352.0
10110183SOUSAD_2026-03-03_G48,10110183SOUSAD,2026-03-03,111723,1,8,0,560.0
10110183SOUSAD_2026-03-04_G02,10110183SOUSAD,2026-03-04,117785,1,269,0,1014.0
10110183SOUSAD_2026-03-04_G04,10110183SOUSAD,2026-03-04,108711,1,56,0,435.0
10110183SOUSAD_2026-03-04_G05,10110183SOUSAD,2026-03-04,111433,1,31,0,406.0
10110183SOUSAD_2026-03-04_G06,10110183SOUSAD,2026-03-04,111435,1,98,0,446.0
10110183SOUSAD_2026-03-04_G07,10110183SOUSAD,2026-03-04,141457,1,141,0,473.0
10110183SOUSAD_2026-03-04_G08,10110183SOUSAD,2026-03-04,117832,1,143,0,318.0
10110183SOUSAD_2026-03-04_G09,10110183SOUSAD,2026-03-04,117830,1,80,0,227.0
10110183SOUSAD_2026-03-04_G10,10110183SOUSAD,2026-03-04,110741,1,58,0,345.0
10110183SOUSAD_2026-03-04_G11,10110183SOUSAD,2026-03-04,111530,1,72,0,200.0
10110183SOUSAD_2026-03-04_G12,10110183SOUSAD,2026-03-04,118306,1,73,0,485.0
10110183SOUSAD_2026-03-05_G02,10110183SOUSAD,2026-03-05,111751,1,8,0,195.0
10110183SOUSAD_2026-03-05_G03,10110183SOUSAD,2026-03-05,111722,1,10,0,183.0
10110183SOUSAD_2026-03-05_G04,10110183SOUSAD,2026-03-05,118191,1,12,0,94.0
10110183SOUSAD_2026-03-05_G05,10110183SOUSAD,2026-03-05,141141,1,8,0,210.0
10110183SOUSAD_2026-03-05_G06,10110183SOUSAD,2026-03-05,141155,1,8,0,94.0
10110183SOUSAD_2026-03-05_G07,10110183SOUSAD,2026-03-05,111759,1,8,0,115.0
10110183SOUSAD_2026-03-05_G08,10110183SOUSAD,2026-03-05,111723,1,8,0,117.0
10110183SOUSAD_2026-03-05_G09,10110183SOUSAD,2026-03-05,141262,1,10,0,218.0
10110183SOUSAD_2026-03-05_G10,10110183SOUSAD,2026-03-05,118191,1,20,0,419.0
10110183SOUSAD_2026-03-05_G11,10110183SOUSAD,2026-03-05,141155,1,8,0,415.0
10110183SOUSAD_2026-03-05_G12,10110183SOUSAD,2026-03-05,118191,1,30,0,258.0
10110183SOUSAD_2026-03-05_G13,10110183SOUSAD,2026-03-05,"111439, 140923",2,30,24,470.0
10110183SOUSAD_2026-03-05_G14,10110183SOUSAD,2026-03-05,118094,1,3,0,215.0
10110183SOUSAD_2026-03-05_G15,10110183SOUSAD,2026-03-05,117862,1,6,0,106.0
10110183SOUSAD_2026-03-05_G16,10110183SOUSAD,2026-03-05,110733,1,6,0,182.0
10110183SOUSAD_2026-03-05_G17,10110183SOUSAD,2026-03-05,117856,1,8,0,111.0
10110183SOUSAD_2026-03-05_G18,10110183SOUSAD,2026-03-05,111530,1,4,0,83.0
10110183SOUSAD_2026-03-05_G19,10110183SOUSAD,2026-03-05,117837,1,7,0,213.0
10110183SOUSAD_2026-03-05_G20,10110183SOUSAD,2026-03-05,110339,1,4,0,62.0
10110183SOUSAD_2026-03-05_G21,10110183SOUSAD,2026-03-05,110740,1,20,0,188.0
10110183SOUSAD_2026-03-05_G22,10110183SOUSAD,2026-03-05,111469,1,8,0,124.0
10110183SOUSAD_2026-03-05_G23,10110183SOUSAD,2026-03-05,111444,1,3,0,372.0
10110183SOUSAD_2026-03-05_G24,10110183SOUSAD,2026-03-05,118299,1,108,0,266.0
10110183SOUSAD_2026-03-05_G25,10110183SOUSAD,2026-03-05,118299,1,92,0,209.0
10110183SOUSAD_2026-03-05_G26,10110183SOUSAD,2026-03-05,141262,1,20,0,1334.0
10110183SOUSAD_2026-03-05_G27,10110183SOUSAD,2026-03-05,111751,1,10,0,223.0
10110183SOUSAD_2026-03-05_G28,10110183SOUSAD,2026-03-05,111634,1,8,0,144.0
10110183SOUSAD_2026-03-05_G29,10110183SOUSAD,2026-03-05,118191,1,30,0,233.0
10110183SOUSAD_2026-03-05_G31,10110183SOUSAD,2026-03-05,108794,1,40,0,80.0
10110183SOUSAD_2026-03-05_G32,10110183SOUSAD,2026-03-05,111446,1,10,0,456.0
10110183SOUSAD_2026-03-05_G33,10110183SOUSAD,2026-03-05,141271,1,40,0,296.0
10110183SOUSAD_2026-03-05_G34,10110183SOUSAD,2026-03-05,110129,1,20,0,199.0
10110183SOUSAD_2026-03-05_G35,10110183SOUSAD,2026-03-05,141823,1,20,0,504.0
10110183SOUSAD_2026-03-05_G36,10110183SOUSAD,2026-03-05,108798,1,40,0,104.0
10110183SOUSAD_2026-03-05_G37,10110183SOUSAD,2026-03-05,110313,1,65,0,714.0
10110183SOUSAD_2026-03-05_G38,10110183SOUSAD,2026-03-05,110741,1,20,0,609.0
10110183SOUSAD_2026-03-05_G39,10110183SOUSAD,2026-03-05,141047,1,70,0,297.0
10110183SOUSAD_2026-03-05_G40,10110183SOUSAD,2026-03-05,111876,1,19,0,224.0
10110183SOUSAD_2026-03-05_G41,10110183SOUSAD,2026-03-05,110733,1,15,0,203.0
10110183SOUSAD_2026-03-05_G42,10110183SOUSAD,2026-03-05,141066,1,20,0,197.0
10110183SOUSAD_2026-03-05_G43,10110183SOUSAD,2026-03-05,141166,1,71,0,594.0
10110183SOUSAD_2026-03-05_G44,10110183SOUSAD,2026-03-05,140922,1,10,0,671.0
10110183SOUSAD_2026-03-05_G45,10110183SOUSAD,2026-03-05,117785,1,40,0,516.0
10110183SOUSAD_2026-03-05_G46,10110183SOUSAD,2026-03-05,142093,1,46,0,699.0
10110183SOUSAD_2026-03-05_G47,10110183SOUSAD,2026-03-05,111463,1,40,0,381.0
10110183SOUSAD_2026-03-05_G48,10110183SOUSAD,2026-03-05,109645,1,9,0,319.0
10110183SOUSAD_2026-03-05_G49,10110183SOUSAD,2026-03-05,110740,1,14,0,242.0
10110183SOUSAD_2026-03-05_G50,10110183SOUSAD,2026-03-05,141823,1,12,0,92.0
10110183SOUSAD_2026-03-05_G51,10110183SOUSAD,2026-03-05,111469,1,50,0,405.0
10110183SOUSAD_2026-03-05_G52,10110183SOUSAD,2026-03-05,141458,1,40,0,430.0
10110183SOUSAD_2026-03-05_G53,10110183SOUSAD,2026-03-05,111431,1,8,0,250.0
10110183SOUSAD_2026-03-05_G54,10110183SOUSAD,2026-03-05,118290,1,10,0,319.0
10110183SOUSAD_2026-03-05_G55,10110183SOUSAD,2026-03-05,110755,1,6,0,89.0
10110183SOUSAD_2026-03-05_G56,10110183SOUSAD,2026-03-05,141916,1,9,0,216.0
10110183SOUSAD_2026-03-05_G57,10110183SOUSAD,2026-03-05,107892,1,3,0,143.0
10110183SOUSAD_2026-03-06_G02,10110183SOUSAD,2026-03-06,110751,1,9,0,406.0
10110183SOUSAD_2026-03-06_G03,10110183SOUSAD,2026-03-06,110743,1,12,0,314.0
10110183SOUSAD_2026-03-06_G04,10110183SOUSAD,2026-03-06,111418,1,800,0,1305.0
10110183SOUSAD_2026-03-06_G05,10110183SOUSAD,2026-03-06,110740,1,11,0,320.0
10110183SOUSAD_2026-03-06_G06,10110183SOUSAD,2026-03-06,117785,1,20,0,740.0
10110183SOUSAD_2026-03-06_G07,10110183SOUSAD,2026-03-06,111743,1,4,0,80.0
10110183SOUSAD_2026-03-06_G08,10110183SOUSAD,2026-03-06,160055,1,1,0,77.0
10110183SOUSAD_2026-03-06_G09,10110183SOUSAD,2026-03-06,111462,1,30,0,172.0
10110183SOUSAD_2026-03-06_G10,10110183SOUSAD,2026-03-06,111463,1,40,0,461.0
10110183SOUSAD_2026-03-06_G11,10110183SOUSAD,2026-03-06,111418,1,30,0,367.0
10110183SOUSAD_2026-03-06_G12,10110183SOUSAD,2026-03-06,111465,1,10,0,334.0
10110183SOUSAD_2026-03-06_G13,10110183SOUSAD,2026-03-06,111443,1,16,0,176.0
10110183SOUSAD_2026-03-06_G14,10110183SOUSAD,2026-03-06,110372,1,60,0,640.0
10110183SOUSAD_2026-03-06_G15,10110183SOUSAD,2026-03-06,110373,1,60,0,563.0
10110183SOUSAD_2026-03-06_G16,10110183SOUSAD,2026-03-06,141166,1,15,0,217.0
10110183SOUSAD_2026-03-06_G17,10110183SOUSAD,2026-03-06,117832,1,100,0,1797.0
10110183SOUSAD_2026-03-06_G18,10110183SOUSAD,2026-03-06,118299,1,1517,0,1392.0
10110183SOUSAD_2026-03-06_G19,10110183SOUSAD,2026-03-06,117831,1,50,0,1294.0
10110183SOUSAD_2026-03-06_G21,10110183SOUSAD,2026-03-06,108794,1,11,0,260.0
10110183SOUSAD_2026-03-06_G22,10110183SOUSAD,2026-03-06,111532,1,10,0,123.0
10110183SOUSAD_2026-03-06_G23,10110183SOUSAD,2026-03-06,117821,1,24,0,1319.0
10110183SOUSAD_2026-03-06_G24,10110183SOUSAD,2026-03-06,116241,2,15,13,123.0
10110183SOUSAD_2026-03-06_G25,10110183SOUSAD,2026-03-06,111743,1,10,0,138.0
10110183SOUSAD_2026-03-06_G26,10110183SOUSAD,2026-03-06,141271,1,12,0,288.0
10110183SOUSAD_2026-03-06_G27,10110183SOUSAD,2026-03-06,111463,1,60,0,166.0
10110183SOUSAD_2026-03-06_G28,10110183SOUSAD,2026-03-06,111418,1,100,0,470.0
10110183SOUSAD_2026-03-06_G29,10110183SOUSAD,2026-03-06,117838,1,6,0,126.0
10110183SOUSAD_2026-03-06_G30,10110183SOUSAD,2026-03-06,141457,1,60,0,361.0
10110183SOUSAD_2026-03-06_G31,10110183SOUSAD,2026-03-06,117787,1,3,0,75.0
10110183SOUSAD_2026-03-06_G32,10110183SOUSAD,2026-03-06,105705,1,5,0,87.0
10110183SOUSAD_2026-03-06_G33,10110183SOUSAD,2026-03-06,111469,1,80,0,300.0
10110183SOUSAD_2026-03-06_G34,10110183SOUSAD,2026-03-06,110787,1,16,0,475.0
10110183SOUSAD_2026-03-06_G35,10110183SOUSAD,2026-03-06,140922,1,10,0,2460.0
10110183SOUSAD_2026-03-06_G36,10110183SOUSAD,2026-03-06,111348,1,6,0,70.0
10110183SOUSAD_2026-03-06_G37,10110183SOUSAD,2026-03-06,108794,1,50,0,586.0
10110183SOUSAD_2026-03-06_G38,10110183SOUSAD,2026-03-06,111532,1,35,0,384.0
10110183SOUSAD_2026-03-06_G39,10110183SOUSAD,2026-03-06,117785,1,35,0,352.0
10110183SOUSAD_2026-03-06_G40,10110183SOUSAD,2026-03-06,111743,1,30,0,501.0
10110183SOUSAD_2026-03-06_G41,10110183SOUSAD,2026-03-06,108795,1,3,0,95.0
10110183SOUSAD_2026-03-06_G42,10110183SOUSAD,2026-03-06,142093,1,120,0,967.0
10110183SOUSAD_2026-03-06_G43,10110183SOUSAD,2026-03-06,142080,1,16,0,161.0
10110183SOUSAD_2026-03-06_G44,10110183SOUSAD,2026-03-06,141271,1,25,0,230.0
10110183SOUSAD_2026-03-07_G02,10110183SOUSAD,2026-03-07,110751,1,10,0,131.0
10110183SOUSAD_2026-03-07_G03,10110183SOUSAD,2026-03-07,111743,1,260,0,870.0
10110183SOUSAD_2026-03-07_G04,10110183SOUSAD,2026-03-07,141456,1,43,0,320.0
10110183SOUSAD_2026-03-07_G05,10110183SOUSAD,2026-03-07,118223,1,7,0,104.0
10110183SOUSAD_2026-03-07_G06,10110183SOUSAD,2026-03-07,109645,1,50,0,345.0
10110183SOUSAD_2026-03-07_G07,10110183SOUSAD,2026-03-07,111431,1,2,0,71.0
10110183SOUSAD_2026-03-07_G08,10110183SOUSAD,2026-03-07,141457,1,450,0,982.0
10110183SOUSAD_2026-03-07_G09,10110183SOUSAD,2026-03-07,105705,1,16,0,412.0
10110183SOUSAD_2026-03-07_G11,10110183SOUSAD,2026-03-07,110371,1,6,0,100.0
10110183SOUSAD_2026-03-07_G12,10110183SOUSAD,2026-03-07,110373,1,10,0,90.0
10110183SOUSAD_2026-03-07_G13,10110183SOUSAD,2026-03-07,110372,1,10,0,160.0
10110183SOUSAD_2026-03-07_G14,10110183SOUSAD,2026-03-07,118299,1,8,0,146.0
10110183SOUSAD_2026-03-07_G15,10110183SOUSAD,2026-03-07,117830,1,2,0,84.0
10110183SOUSAD_2026-03-07_G16,10110183SOUSAD,2026-03-07,140923,1,8,0,150.0
10110183SOUSAD_2026-03-07_G17,10110183SOUSAD,2026-03-07,117855,1,4,0,89.0
10110183SOUSAD_2026-03-07_G18,10110183SOUSAD,2026-03-07,117856,1,4,0,177.0
10110183SOUSAD_2026-03-07_G19,10110183SOUSAD,2026-03-07,140922,1,4,0,180.0
10110183SOUSAD_2026-03-07_G20,10110183SOUSAD,2026-03-07,116241,1,8,0,355.0
10110183SOUSAD_2026-03-07_G21,10110183SOUSAD,2026-03-07,111532,1,4,0,107.0
10110183SOUSAD_2026-03-07_G22,10110183SOUSAD,2026-03-07,117820,1,4,0,310.0
10110183SOUSAD_2026-03-07_G23,10110183SOUSAD,2026-03-07,110371,1,8,0,97.0
10110183SOUSAD_2026-03-07_G24,10110183SOUSAD,2026-03-07,110373,1,16,0,123.0
10110183SOUSAD_2026-03-07_G25,10110183SOUSAD,2026-03-07,110372,1,12,0,120.0
10110183SOUSAD_2026-03-07_G26,10110183SOUSAD,2026-03-07,118299,1,11,0,103.0
10110183SOUSAD_2026-03-07_G27,10110183SOUSAD,2026-03-07,117830,1,7,0,248.0
10110183SOUSAD_2026-03-07_G28,10110183SOUSAD,2026-03-07,110313,1,2,0,84.0
10110183SOUSAD_2026-03-07_G29,10110183SOUSAD,2026-03-07,140923,1,7,0,77.0
10110183SOUSAD_2026-03-07_G30,10110183SOUSAD,2026-03-07,117855,1,8,0,100.0
10110183SOUSAD_2026-03-07_G31,10110183SOUSAD,2026-03-07,117856,1,2,0,158.0
10110183SOUSAD_2026-03-07_G32,10110183SOUSAD,2026-03-07,142045,1,6,0,235.0
10110183SOUSAD_2026-03-07_G33,10110183SOUSAD,2026-03-07,140922,1,8,0,189.0
10110183SOUSAD_2026-03-07_G34,10110183SOUSAD,2026-03-07,109643,2,4,6,369.0
10110183SOUSAD_2026-03-07_G35,10110183SOUSAD,2026-03-07,111462,1,4,0,163.0
10110183SOUSAD_2026-03-07_G36,10110183SOUSAD,2026-03-07,111462,1,21,0,130.0
10110183SOUSAD_2026-03-07_G37,10110183SOUSAD,2026-03-07,142080,1,4,0,94.0
10110183SOUSAD_2026-03-07_G38,10110183SOUSAD,2026-03-07,142093,1,3,0,188.0
10110183SOUSAD_2026-03-07_G39,10110183SOUSAD,2026-03-07,142093,1,12,0,335.0
10110183SOUSAD_2026-03-07_G40,10110183SOUSAD,2026-03-07,111348,1,25,0,601.0
10110183SOUSAD_2026-03-07_G41,10110183SOUSAD,2026-03-07,110751,1,3,0,222.0
10110183SOUSAD_2026-03-07_G42,10110183SOUSAD,2026-03-07,111743,1,59,0,452.0
10110183SOUSAD_2026-03-07_G43,10110183SOUSAD,2026-03-07,108795,1,24,0,321.0
10110183SOUSAD_2026-03-07_G44,10110183SOUSAD,2026-03-07,111445,1,8,0,1112.0
10110183SOUSAD_2026-03-07_G45,10110183SOUSAD,2026-03-07,111569,1,4,0,311.0
10110183SOUSAD_2026-03-07_G46,10110183SOUSAD,2026-03-07,141318,1,8,0,362.0
10110183SOUSAD_2026-03-07_G47,10110183SOUSAD,2026-03-07,110313,1,1,0,117.0
10110183SOUSAD_2026-03-07_G48,10110183SOUSAD,2026-03-07,110313,1,2,0,43.0
10110183SOUSAD_2026-03-07_G49,10110183SOUSAD,2026-03-07,140923,1,4,0,57.0
10110183SOUSAD_2026-03-07_G50,10110183SOUSAD,2026-03-07,140923,1,2,0,52.0
10110183SOUSAD_2026-03-07_G51,10110183SOUSAD,2026-03-07,140923,1,2,0,59.0
10110183SOUSAD_2026-03-07_G52,10110183SOUSAD,2026-03-07,118094,1,8,0,133.0
10110183SOUSAD_2026-03-07_G53,10110183SOUSAD,2026-03-07,117862,2,10,8,66.0
10110183SOUSAD_2026-03-07_G54,10110183SOUSAD,2026-03-07,117856,5,20,52,163.0
10110183SOUSAD_2026-03-07_G55,10110183SOUSAD,2026-03-07,110733,1,6,0,699.0
10110183SOUSAD_2026-03-07_G56,10110183SOUSAD,2026-03-07,110733,1,1,0,36.0
10110183SOUSAD_2026-03-07_G57,10110183SOUSAD,2026-03-07,117786,1,2,0,841.0
10110183SOUSAD_2026-03-09_G02,10110183SOUSAD,2026-03-09,118330,1,5,0,106.0
10110183SOUSAD_2026-03-09_G03,10110183SOUSAD,2026-03-09,142093,1,130,0,585.0
10110183SOUSAD_2026-03-09_G04,10110183SOUSAD,2026-03-09,142080,1,7,0,159.0
10110183SOUSAD_2026-03-09_G05,10110183SOUSAD,2026-03-09,117831,1,60,0,288.0
10110183SOUSAD_2026-03-09_G06,10110183SOUSAD,2026-03-09,111763,1,4,0,120.0
10110183SOUSAD_2026-03-09_G07,10110183SOUSAD,2026-03-09,110740,1,170,0,841.0
10110183SOUSAD_2026-03-09_G08,10110183SOUSAD,2026-03-09,110372,1,130,0,458.0
10110183SOUSAD_2026-03-09_G09,10110183SOUSAD,2026-03-09,110313,1,24,0,698.0
10110183SOUSAD_2026-03-09_G10,10110183SOUSAD,2026-03-09,140923,1,40,0,1307.0
10110183SOUSAD_2026-03-09_G11,10110183SOUSAD,2026-03-09,110741,1,4,0,193.0
10110183SOUSAD_2026-03-09_G12,10110183SOUSAD,2026-03-09,111879,1,1,0,91.0
10110183SOUSAD_2026-03-09_G13,10110183SOUSAD,2026-03-09,117856,1,40,0,296.0
10110183SOUSAD_2026-03-09_G14,10110183SOUSAD,2026-03-09,141352,1,7,0,558.0
10110183SOUSAD_2026-03-09_G15,10110183SOUSAD,2026-03-09,141047,1,20,0,532.0
10110183SOUSAD_2026-03-09_G16,10110183SOUSAD,2026-03-09,110339,1,24,0,248.0
10110183SOUSAD_2026-03-09_G17,10110183SOUSAD,2026-03-09,111467,1,15,0,240.0
10110183SOUSAD_2026-03-09_G18,10110183SOUSAD,2026-03-09,117834,1,8,0,163.0
10110183SOUSAD_2026-03-09_G19,10110183SOUSAD,2026-03-09,111655,1,3,0,88.0
10110183SOUSAD_2026-03-09_G20,10110183SOUSAD,2026-03-09,118229,1,4,0,220.0
10110183SOUSAD_2026-03-09_G21,10110183SOUSAD,2026-03-09,117808,1,200,0,297.0
10110183SOUSAD_2026-03-09_G22,10110183SOUSAD,2026-03-09,109643,1,30,0,768.0
10110183SOUSAD_2026-03-10_G02,10110183SOUSAD,2026-03-10,117785,1,2,0,146.0
10110183SOUSAD_2026-03-10_G03,10110183SOUSAD,2026-03-10,141456,1,16,0,171.0
10110183SOUSAD_2026-03-10_G04,10110183SOUSAD,2026-03-10,111418,1,10,0,80.0
10110183SOUSAD_2026-03-10_G05,10110183SOUSAD,2026-03-10,111463,1,14,0,104.0
10110183SOUSAD_2026-03-10_G06,10110183SOUSAD,2026-03-10,111441,1,5,0,393.0
10110183SOUSAD_2026-03-10_G07,10110183SOUSAD,2026-03-10,111569,1,28,0,724.0
10110183SOUSAD_2026-03-10_G08,10110183SOUSAD,2026-03-10,142045,1,9,0,181.0
10110183SOUSAD_2026-03-10_G09,10110183SOUSAD,2026-03-10,117808,1,8,0,389.0
10110183SOUSAD_2026-03-10_G10,10110183SOUSAD,2026-03-10,118299,1,23,0,142.0
10110183SOUSAD_2026-03-10_G11,10110183SOUSAD,2026-03-10,110373,1,22,0,187.0
10110183SOUSAD_2026-03-10_G12,10110183SOUSAD,2026-03-10,110372,1,8,0,165.0
10110183SOUSAD_2026-03-10_G13,10110183SOUSAD,2026-03-10,109649,1,320,0,1496.0
10110183SOUSAD_2026-03-10_G14,10110183SOUSAD,2026-03-10,111466,1,713,0,2183.0
10110183SOUSAD_2026-03-10_G15,10110183SOUSAD,2026-03-10,117808,2,23,7,955.0
10110183SOUSAD_2026-03-10_G16,10110183SOUSAD,2026-03-10,109643,4,34,34,229.0
10110183SOUSAD_2026-03-10_G17,10110183SOUSAD,2026-03-10,110373,1,5,0,287.0
10110183SOUSAD_2026-03-10_G18,10110183SOUSAD,2026-03-10,110373,1,7,0,330.0
10110183SOUSAD_2026-03-10_G20,10110183SOUSAD,2026-03-10,117833,1,60,0,382.0
10110183SOUSAD_2026-03-10_G21,10110183SOUSAD,2026-03-10,111743,1,70,0,593.0
10110183SOUSAD_2026-03-10_G22,10110183SOUSAD,2026-03-10,111466,1,20,0,311.0
10110183SOUSAD_2026-03-10_G23,10110183SOUSAD,2026-03-10,111469,1,20,0,154.0
10110183SOUSAD_2026-03-10_G24,10110183SOUSAD,2026-03-10,118418,1,26,0,376.0
10110183SOUSAD_2026-03-10_G25,10110183SOUSAD,2026-03-10,118286,1,8,0,163.0
10110183SOUSAD_2026-03-10_G26,10110183SOUSAD,2026-03-10,110747,1,40,0,348.0
10110183SOUSAD_2026-03-10_G27,10110183SOUSAD,2026-03-10,118364,1,8,0,351.0
10110183SOUSAD_2026-03-10_G28,10110183SOUSAD,2026-03-10,118363,1,8,0,266.0
10110183SOUSAD_2026-03-10_G29,10110183SOUSAD,2026-03-10,118253,1,12,0,305.0
10110183SOUSAD_2026-03-10_G30,10110183SOUSAD,2026-03-10,118251,1,12,0,531.0
10110183SOUSAD_2026-03-10_G31,10110183SOUSAD,2026-03-10,140911,1,100,0,817.0
10110183SOUSAD_2026-03-11_G02,10110183SOUSAD,2026-03-11,117785,1,100,0,712.0
10110183SOUSAD_2026-03-11_G03,10110183SOUSAD,2026-03-11,117821,1,60,0,409.0
10110183SOUSAD_2026-03-11_G04,10110183SOUSAD,2026-03-11,108795,1,50,0,886.0
10110183SOUSAD_2026-03-11_G05,10110183SOUSAD,2026-03-11,111743,2,44,14,494.0
10110183SOUSAD_2026-03-11_G06,10110183SOUSAD,2026-03-11,142093,1,12,0,151.0
10110183SOUSAD_2026-03-11_G07,10110183SOUSAD,2026-03-11,141271,1,40,0,286.0
10110183SOUSAD_2026-03-11_G08,10110183SOUSAD,2026-03-11,111442,1,23,0,564.0
10110183SOUSAD_2026-03-11_G09,10110183SOUSAD,2026-03-11,141456,1,14,0,364.0
10110183SOUSAD_2026-03-11_G10,10110183SOUSAD,2026-03-11,141456,1,16,0,324.0
10110183SOUSAD_2026-03-11_G11,10110183SOUSAD,2026-03-11,111418,1,200,0,1258.0
10110183SOUSAD_2026-03-11_G12,10110183SOUSAD,2026-03-11,118223,1,100,0,521.0
10110183SOUSAD_2026-03-11_G13,10110183SOUSAD,2026-03-11,141457,1,2,0,199.0
10110183SOUSAD_2026-03-11_G14,10110183SOUSAD,2026-03-11,110740,1,80,0,634.0
10110183SOUSAD_2026-03-11_G15,10110183SOUSAD,2026-03-11,111469,1,2,0,75.0
10110183SOUSAD_2026-03-11_G16,10110183SOUSAD,2026-03-11,141458,1,100,0,335.0
10110183SOUSAD_2026-03-11_G17,10110183SOUSAD,2026-03-11,141458,1,22,0,177.0
10110183SOUSAD_2026-03-11_G18,10110183SOUSAD,2026-03-11,108957,1,4,0,1070.0
10110183SOUSAD_2026-03-11_G19,10110183SOUSAD,2026-03-11,142045,1,214,0,2891.0
10110183SOUSAD_2026-03-11_G20,10110183SOUSAD,2026-03-11,111090,1,1,0,44.0
10110183SOUSAD_2026-03-11_G22,10110183SOUSAD,2026-03-11,140911,1,2,0,87.0
10110183SOUSAD_2026-03-11_G23,10110183SOUSAD,2026-03-11,111469,1,172,0,332.0
10110183SOUSAD_2026-03-11_G24,10110183SOUSAD,2026-03-11,111469,1,28,0,537.0
10110183SOUSAD_2026-03-11_G25,10110183SOUSAD,2026-03-11,111530,1,2,0,712.0
10110183SOUSAD_2026-03-11_G26,10110183SOUSAD,2026-03-11,111530,1,1,0,132.0
10110183SOUSAD_2026-03-11_G27,10110183SOUSAD,2026-03-11,160057,1,60,0,883.0
10110183SOUSAD_2026-03-11_G28,10110183SOUSAD,2026-03-11,110372,1,51,0,948.0
10110183SOUSAD_2026-03-11_G29,10110183SOUSAD,2026-03-11,117808,1,404,0,2239.0
10110183SOUSAD_2026-03-11_G30,10110183SOUSAD,2026-03-11,117820,1,265,0,224.0
10110183SOUSAD_2026-03-11_G31,10110183SOUSAD,2026-03-11,110371,1,9,0,508.0
10110183SOUSAD_2026-03-11_G32,10110183SOUSAD,2026-03-11,110373,1,61,0,530.0
10110183SOUSAD_2026-03-11_G33,10110183SOUSAD,2026-03-11,110313,1,7,0,107.0
10110183SOUSAD_2026-03-11_G34,10110183SOUSAD,2026-03-11,117856,1,22,0,510.0
10110183SOUSAD_2026-03-11_G35,10110183SOUSAD,2026-03-11,111418,1,193,0,925.0
10110183SOUSAD_2026-03-11_G36,10110183SOUSAD,2026-03-11,117785,1,128,0,578.0
10110183SOUSAD_2026-03-12_G02,10110183SOUSAD,2026-03-12,140922,1,4,0,118.0
10110183SOUSAD_2026-03-12_G03,10110183SOUSAD,2026-03-12,111462,1,5,0,96.0
10110183SOUSAD_2026-03-12_G04,10110183SOUSAD,2026-03-12,111743,1,2,0,136.0
10110183SOUSAD_2026-03-12_G05,10110183SOUSAD,2026-03-12,142093,1,2,0,78.0
10110183SOUSAD_2026-03-12_G06,10110183SOUSAD,2026-03-12,142093,1,8,0,109.0
10110183SOUSAD_2026-03-12_G07,10110183SOUSAD,2026-03-12,141271,1,4,0,71.0
10110183SOUSAD_2026-03-12_G08,10110183SOUSAD,2026-03-12,117831,1,4,0,68.0
10110183SOUSAD_2026-03-12_G09,10110183SOUSAD,2026-03-12,117831,1,2,0,34.0
10110183SOUSAD_2026-03-12_G10,10110183SOUSAD,2026-03-12,111418,1,8,0,159.0
10110183SOUSAD_2026-03-12_G11,10110183SOUSAD,2026-03-12,111469,1,2,0,132.0
10110183SOUSAD_2026-03-12_G12,10110183SOUSAD,2026-03-12,142045,1,2,0,261.0
10110183SOUSAD_2026-03-12_G13,10110183SOUSAD,2026-03-12,141916,1,4,0,85.0
10110183SOUSAD_2026-03-12_G14,10110183SOUSAD,2026-03-12,117862,1,4,0,112.0
10110183SOUSAD_2026-03-12_G15,10110183SOUSAD,2026-03-12,117855,1,2,0,55.0
10110183SOUSAD_2026-03-12_G16,10110183SOUSAD,2026-03-12,111469,1,4,0,503.0
10110183SOUSAD_2026-03-12_G17,10110183SOUSAD,2026-03-12,110373,1,8,0,221.0
10110183SOUSAD_2026-03-12_G18,10110183SOUSAD,2026-03-12,117837,1,1,0,265.0
10110183SOUSAD_2026-03-12_G19,10110183SOUSAD,2026-03-12,111530,1,2,0,1271.0
10110183SOUSAD_2026-03-12_G20,10110183SOUSAD,2026-03-12,117855,1,4,0,80.0
10110183SOUSAD_2026-03-12_G21,10110183SOUSAD,2026-03-12,111602,1,2,0,85.0
10110183SOUSAD_2026-03-12_G22,10110183SOUSAD,2026-03-12,111418,1,4,0,116.0
10110183SOUSAD_2026-03-12_G23,10110183SOUSAD,2026-03-12,111463,1,4,0,66.0
10110183SOUSAD_2026-03-12_G24,10110183SOUSAD,2026-03-12,105705,1,1,0,231.0
10110183SOUSAD_2026-03-12_G25,10110183SOUSAD,2026-03-12,141458,1,2,0,85.0
10110183SOUSAD_2026-03-12_G26,10110183SOUSAD,2026-03-12,117808,1,5,0,257.0
10110183SOUSAD_2026-03-12_G27,10110183SOUSAD,2026-03-12,117830,1,4,0,196.0
10110183SOUSAD_2026-03-12_G28,10110183SOUSAD,2026-03-12,117785,1,12,0,210.0
10110183SOUSAD_2026-03-12_G29,10110183SOUSAD,2026-03-12,117808,1,24,0,190.0
10110183SOUSAD_2026-03-12_G30,10110183SOUSAD,2026-03-12,108794,1,2,0,75.0
10110183SOUSAD_2026-03-12_G31,10110183SOUSAD,2026-03-12,117831,1,4,0,132.0
10110183SOUSAD_2026-03-12_G32,10110183SOUSAD,2026-03-12,111418,1,6,0,149.0
10110183SOUSAD_2026-03-12_G33,10110183SOUSAD,2026-03-12,111469,1,3,0,86.0
10110183SOUSAD_2026-03-12_G34,10110183SOUSAD,2026-03-12,111462,1,4,0,252.0
10110183SOUSAD_2026-03-12_G35,10110183SOUSAD,2026-03-12,142093,1,4,0,98.0
10110183SOUSAD_2026-03-12_G36,10110183SOUSAD,2026-03-12,142093,1,4,0,38.0
10110183SOUSAD_2026-03-12_G37,10110183SOUSAD,2026-03-12,141271,1,4,0,87.0
10110183SOUSAD_2026-03-12_G38,10110183SOUSAD,2026-03-12,111418,1,4,0,134.0
10110183SOUSAD_2026-03-12_G39,10110183SOUSAD,2026-03-12,111469,1,4,0,97.0
10110183SOUSAD_2026-03-12_G40,10110183SOUSAD,2026-03-12,140923,1,2,0,256.0
10110183SOUSAD_2026-03-12_G41,10110183SOUSAD,2026-03-12,117862,1,2,0,68.0
10110183SOUSAD_2026-03-12_G42,10110183SOUSAD,2026-03-12,110325,1,2,0,60.0
10110183SOUSAD_2026-03-12_G43,10110183SOUSAD,2026-03-12,110373,1,4,0,95.0
10110183SOUSAD_2026-03-12_G44,10110183SOUSAD,2026-03-12,110740,1,2,0,135.0
10110183SOUSAD_2026-03-12_G45,10110183SOUSAD,2026-03-12,108794,1,3,0,132.0
10110183SOUSAD_2026-03-12_G46,10110183SOUSAD,2026-03-12,142093,1,16,0,316.0
10110183SOUSAD_2026-03-12_G47,10110183SOUSAD,2026-03-12,142093,1,2,0,40.0
10110183SOUSAD_2026-03-12_G48,10110183SOUSAD,2026-03-12,111418,2,31,29,420.0
10110183SOUSAD_2026-03-12_G49,10110183SOUSAD,2026-03-12,141823,1,2,0,98.0
10110183SOUSAD_2026-03-12_G50,10110183SOUSAD,2026-03-12,111469,1,1,0,88.0
10110183SOUSAD_2026-03-12_G51,10110183SOUSAD,2026-03-12,111469,1,4,0,45.0
10110183SOUSAD_2026-03-12_G52,10110183SOUSAD,2026-03-12,117820,1,2,0,167.0
10110183SOUSAD_2026-03-12_G53,10110183SOUSAD,2026-03-12,110372,1,2,0,77.0
10110183SOUSAD_2026-03-12_G54,10110183SOUSAD,2026-03-12,110747,1,2,0,131.0
10110183SOUSAD_2026-03-12_G55,10110183SOUSAD,2026-03-12,111469,1,2,0,92.0
10110183SOUSAD_2026-03-12_G56,10110183SOUSAD,2026-03-12,110747,1,2,0,118.0
10110183SOUSAD_2026-03-12_G57,10110183SOUSAD,2026-03-12,141066,1,4,0,110.0
10110183SOUSAD_2026-03-12_G58,10110183SOUSAD,2026-03-12,110339,1,5,0,307.0
10110183SOUSAD_2026-03-12_G59,10110183SOUSAD,2026-03-12,117808,1,40,0,398.0
10110183SOUSAD_2026-03-12_G60,10110183SOUSAD,2026-03-12,118094,1,2,0,1473.0
10110183SOUSAD_2026-03-12_G61,10110183SOUSAD,2026-03-12,140923,1,25,0,236.0
10110183SOUSAD_2026-03-12_G62,10110183SOUSAD,2026-03-12,110733,1,1,0,72.0
10110183SOUSAD_2026-03-12_G63,10110183SOUSAD,2026-03-12,117862,1,17,0,133.0
10110183SOUSAD_2026-03-12_G64,10110183SOUSAD,2026-03-12,141047,1,10,0,146.0
10110183SOUSAD_2026-03-12_G66,10110183SOUSAD,2026-03-12,141066,1,4,0,245.0
10110183SOUSAD_2026-03-12_G67,10110183SOUSAD,2026-03-12,141318,1,4,0,112.0
10110183SOUSAD_2026-03-12_G68,10110183SOUSAD,2026-03-12,111430,1,16,0,176.0
10110183SOUSAD_2026-03-12_G69,10110183SOUSAD,2026-03-12,117837,1,2,0,158.0
10110183SOUSAD_2026-03-12_G70,10110183SOUSAD,2026-03-12,117785,1,122,0,423.0
10110183SOUSAD_2026-03-12_G71,10110183SOUSAD,2026-03-12,111418,1,226,0,777.0
10110183SOUSAD_2026-03-12_G72,10110183SOUSAD,2026-03-12,110371,1,81,0,778.0
10110183SOUSAD_2026-03-12_G73,10110183SOUSAD,2026-03-12,111446,1,6,0,631.0
10110183SOUSAD_2026-03-12_G74,10110183SOUSAD,2026-03-12,108794,1,4,0,422.0
10110183SOUSAD_2026-03-12_G75,10110183SOUSAD,2026-03-12,117785,1,1,0,42.0
10110183SOUSAD_2026-03-12_G76,10110183SOUSAD,2026-03-12,142093,1,2,0,53.0
10110183SOUSAD_2026-03-12_G77,10110183SOUSAD,2026-03-12,111418,1,17,0,131.0
10110183SOUSAD_2026-03-12_G78,10110183SOUSAD,2026-03-12,141823,1,1,0,76.0
10110183SOUSAD_2026-03-12_G79,10110183SOUSAD,2026-03-12,111469,1,10,0,89.0
10110183SOUSAD_2026-03-12_G80,10110183SOUSAD,2026-03-12,118094,1,1,0,119.0
10110183SOUSAD_2026-03-12_G81,10110183SOUSAD,2026-03-12,110733,1,2,0,65.0
10110183SOUSAD_2026-03-12_G82,10110183SOUSAD,2026-03-12,141166,1,3,0,140.0
10110183SOUSAD_2026-03-12_G83,10110183SOUSAD,2026-03-12,117855,1,1,0,268.0
10110183SOUSAD_2026-03-12_G84,10110183SOUSAD,2026-03-12,141166,1,2,0,82.0
10110183SOUSAD_2026-03-12_G85,10110183SOUSAD,2026-03-12,111467,1,6,0,112.0
10110183SOUSAD_2026-03-12_G86,10110183SOUSAD,2026-03-12,108794,1,4,0,153.0
10110183SOUSAD_2026-03-12_G87,10110183SOUSAD,2026-03-12,117821,1,1,0,61.0
10110183SOUSAD_2026-03-12_G88,10110183SOUSAD,2026-03-12,142093,1,12,0,325.0
10110183SOUSAD_2026-03-12_G89,10110183SOUSAD,2026-03-12,111418,1,3,0,92.0
10110183SOUSAD_2026-03-12_G90,10110183SOUSAD,2026-03-12,111469,1,1,0,93.0
10110183SOUSAD_2026-03-12_G91,10110183SOUSAD,2026-03-12,108794,1,4,0,162.0
10110183SOUSAD_2026-03-12_G92,10110183SOUSAD,2026-03-12,117785,1,2,0,54.0
10110183SOUSAD_2026-03-12_G93,10110183SOUSAD,2026-03-12,142093,1,6,0,85.0
10110183SOUSAD_2026-03-12_G94,10110183SOUSAD,2026-03-12,111418,1,24,0,215.0
10110183SOUSAD_2026-03-12_G95,10110183SOUSAD,2026-03-12,111469,1,6,0,126.0
10110183SOUSAD_2026-03-12_G96,10110183SOUSAD,2026-03-12,142045,1,2,0,431.0
10110183SOUSAD_2026-03-12_G97,10110183SOUSAD,2026-03-12,110733,1,3,0,128.0
10110183SOUSAD_2026-03-12_G98,10110183SOUSAD,2026-03-12,117862,1,2,0,55.0
10110183SOUSAD_2026-03-12_G99,10110183SOUSAD,2026-03-12,117853,1,2,0,106.0
10110183SOUSAD_2026-03-12_G100,10110183SOUSAD,2026-03-12,141166,1,9,0,115.0
10110183SOUSAD_2026-03-12_G101,10110183SOUSAD,2026-03-12,108794,1,8,0,243.0
10110183SOUSAD_2026-03-12_G102,10110183SOUSAD,2026-03-12,111418,1,15,0,700.0
10110183SOUSAD_2026-03-12_G103,10110183SOUSAD,2026-03-12,141823,1,2,0,89.0
10110183SOUSAD_2026-03-12_G104,10110183SOUSAD,2026-03-12,141823,1,2,0,33.0
10110183SOUSAD_2026-03-12_G105,10110183SOUSAD,2026-03-12,111469,1,2,0,70.0
10110183SOUSAD_2026-03-12_G106,10110183SOUSAD,2026-03-12,142093,1,31,0,362.0
10110183SOUSAD_2026-03-12_G107,10110183SOUSAD,2026-03-12,142093,1,2,0,35.0
10110183SOUSAD_2026-03-12_G108,10110183SOUSAD,2026-03-12,110373,1,2,0,70.0
10110183SOUSAD_2026-03-12_G109,10110183SOUSAD,2026-03-12,111569,1,8,0,236.0
10110183SOUSAD_2026-03-12_G110,10110183SOUSAD,2026-03-12,110747,1,4,0,144.0
10110183SOUSAD_2026-03-12_G111,10110183SOUSAD,2026-03-12,117855,1,21,0,529.0
10110183SOUSAD_2026-03-12_G112,10110183SOUSAD,2026-03-12,110339,1,8,0,230.0
10110183SOUSAD_2026-03-12_G113,10110183SOUSAD,2026-03-12,140922,1,3,0,495.0
10110183SOUSAD_2026-03-12_G114,10110183SOUSAD,2026-03-12,142093,1,12,0,133.0
10110183SOUSAD_2026-03-12_G115,10110183SOUSAD,2026-03-12,111462,1,12,0,382.0
10110183SOUSAD_2026-03-12_G116,10110183SOUSAD,2026-03-12,110740,1,9,0,122.0
10110183SOUSAD_2026-03-12_G117,10110183SOUSAD,2026-03-12,111743,1,2,0,100.0
10110183SOUSAD_2026-03-12_G118,10110183SOUSAD,2026-03-12,111418,1,6,0,147.0
10110183SOUSAD_2026-03-12_G119,10110183SOUSAD,2026-03-12,117785,1,2,0,77.0
10110183SOUSAD_2026-03-12_G120,10110183SOUSAD,2026-03-12,111469,1,8,0,231.0
10110183SOUSAD_2026-03-13_G02,10110183SOUSAD,2026-03-13,110740,1,12,0,163.0
10110183SOUSAD_2026-03-13_G03,10110183SOUSAD,2026-03-13,108794,1,6,0,144.0
10110183SOUSAD_2026-03-13_G04,10110183SOUSAD,2026-03-13,117785,1,40,0,593.0
10110183SOUSAD_2026-03-13_G05,10110183SOUSAD,2026-03-13,117833,1,12,0,239.0
10110183SOUSAD_2026-03-13_G06,10110183SOUSAD,2026-03-13,117821,1,4,0,61.0
10110183SOUSAD_2026-03-13_G07,10110183SOUSAD,2026-03-13,111743,1,6,0,172.0
10110183SOUSAD_2026-03-13_G08,10110183SOUSAD,2026-03-13,117831,1,9,0,150.0
10110183SOUSAD_2026-03-13_G09,10110183SOUSAD,2026-03-13,110339,1,13,0,334.0
10110183SOUSAD_2026-03-13_G10,10110183SOUSAD,2026-03-13,117820,1,40,0,111.0
10110183SOUSAD_2026-03-13_G11,10110183SOUSAD,2026-03-13,111530,1,78,0,495.0
10110183SOUSAD_2026-03-13_G12,10110183SOUSAD,2026-03-13,111462,1,4,0,907.0
10110183SOUSAD_2026-03-13_G13,10110183SOUSAD,2026-03-13,142093,1,9,0,134.0
10110183SOUSAD_2026-03-13_G14,10110183SOUSAD,2026-03-13,141271,1,2,0,36.0
10110183SOUSAD_2026-03-13_G15,10110183SOUSAD,2026-03-13,111418,1,4,0,72.0
10110183SOUSAD_2026-03-13_G16,10110183SOUSAD,2026-03-13,141457,1,4,0,74.0
10110183SOUSAD_2026-03-13_G17,10110183SOUSAD,2026-03-13,141823,1,4,0,67.0
10110183SOUSAD_2026-03-13_G18,10110183SOUSAD,2026-03-13,111469,1,6,0,56.0
10110183SOUSAD_2026-03-13_G19,10110183SOUSAD,2026-03-13,141458,1,4,0,95.0
10110183SOUSAD_2026-03-13_G20,10110183SOUSAD,2026-03-13,117862,1,2,0,100.0
10110183SOUSAD_2026-03-13_G21,10110183SOUSAD,2026-03-13,110740,1,11,0,185.0
10110183SOUSAD_2026-03-13_G22,10110183SOUSAD,2026-03-13,117785,1,3,0,77.0
10110183SOUSAD_2026-03-13_G23,10110183SOUSAD,2026-03-13,116241,1,5,0,345.0
10110183SOUSAD_2026-03-13_G24,10110183SOUSAD,2026-03-13,108795,1,18,0,147.0
10110183SOUSAD_2026-03-13_G25,10110183SOUSAD,2026-03-13,141823,1,10,0,114.0
10110183SOUSAD_2026-03-13_G26,10110183SOUSAD,2026-03-13,111569,1,20,0,237.0
10110183SOUSAD_2026-03-13_G27,10110183SOUSAD,2026-03-13,118250,1,2,0,227.0
10110183SOUSAD_2026-03-13_G28,10110183SOUSAD,2026-03-13,110755,1,7,0,279.0
10110183SOUSAD_2026-03-13_G29,10110183SOUSAD,2026-03-13,111430,1,21,0,359.0
10110183SOUSAD_2026-03-13_G30,10110183SOUSAD,2026-03-13,117862,1,6,0,287.0
10110183SOUSAD_2026-03-13_G31,10110183SOUSAD,2026-03-13,111467,1,4,0,206.0
10110183SOUSAD_2026-03-13_G32,10110183SOUSAD,2026-03-13,110339,1,8,0,214.0
10110183SOUSAD_2026-03-13_G33,10110183SOUSAD,2026-03-13,117808,1,30,0,67.0
10110183SOUSAD_2026-03-13_G34,10110183SOUSAD,2026-03-13,110372,1,20,0,205.0
10110183SOUSAD_2026-03-13_G35,10110183SOUSAD,2026-03-13,110371,1,30,0,372.0
10110183SOUSAD_2026-03-13_G36,10110183SOUSAD,2026-03-13,117853,1,4,0,144.0
10110183SOUSAD_2026-03-13_G37,10110183SOUSAD,2026-03-13,108772,1,8,0,119.0
10110183SOUSAD_2026-03-13_G38,10110183SOUSAD,2026-03-13,111850,1,1,0,640.0
10110183SOUSAD_2026-03-13_G39,10110183SOUSAD,2026-03-13,141166,1,2,0,243.0
10110183SOUSAD_2026-03-13_G40,10110183SOUSAD,2026-03-13,141166,1,6,0,136.0
10110183SOUSAD_2026-03-13_G41,10110183SOUSAD,2026-03-13,110313,1,8,0,140.0
10110183SOUSAD_2026-03-13_G42,10110183SOUSAD,2026-03-13,111602,1,20,0,192.0
10110183SOUSAD_2026-03-13_G43,10110183SOUSAD,2026-03-13,111532,1,36,0,565.0
10110183SOUSAD_2026-03-13_G44,10110183SOUSAD,2026-03-13,111532,1,4,0,60.0
10110183SOUSAD_2026-03-13_G45,10110183SOUSAD,2026-03-13,111743,1,3,0,342.0
10110183SOUSAD_2026-03-13_G46,10110183SOUSAD,2026-03-13,111445,1,8,0,365.0
10110183SOUSAD_2026-03-13_G47,10110183SOUSAD,2026-03-13,110747,1,15,0,536.0
10110183SOUSAD_2026-03-13_G49,10110183SOUSAD,2026-03-13,142093,1,8,0,203.0
10110183SOUSAD_2026-03-13_G50,10110183SOUSAD,2026-03-13,108772,1,3,0,617.0
10110183SOUSAD_2026-03-13_G51,10110183SOUSAD,2026-03-13,111532,1,9,0,167.0
10110183SOUSAD_2026-03-13_G52,10110183SOUSAD,2026-03-13,111466,1,3,0,140.0
10110183SOUSAD_2026-03-13_G53,10110183SOUSAD,2026-03-13,118299,1,6,0,210.0
10110183SOUSAD_2026-03-13_G54,10110183SOUSAD,2026-03-13,111532,1,6,0,125.0
10110183SOUSAD_2026-03-13_G55,10110183SOUSAD,2026-03-13,111469,1,2,0,112.0
10110183SOUSAD_2026-03-13_G56,10110183SOUSAD,2026-03-13,111469,1,6,0,42.0
10110183SOUSAD_2026-03-13_G57,10110183SOUSAD,2026-03-13,111602,1,4,0,105.0
10110183SOUSAD_2026-03-13_G58,10110183SOUSAD,2026-03-13,117820,1,100,0,580.0
10110183SOUSAD_2026-03-13_G59,10110183SOUSAD,2026-03-13,117808,1,215,0,652.0
10110183SOUSAD_2026-03-13_G60,10110183SOUSAD,2026-03-13,110325,1,120,0,437.0
10110183SOUSAD_2026-03-13_G61,10110183SOUSAD,2026-03-13,110372,1,200,0,484.0
10110183SOUSAD_2026-03-13_G62,10110183SOUSAD,2026-03-13,110373,1,200,0,1027.0
10110183SOUSAD_2026-03-13_G63,10110183SOUSAD,2026-03-13,118299,1,66,0,308.0
10110183SOUSAD_2026-03-13_G64,10110183SOUSAD,2026-03-13,118299,1,50,0,208.0
10110183SOUSAD_2026-03-13_G65,10110183SOUSAD,2026-03-13,110371,1,200,0,608.0
10110183SOUSAD_2026-03-13_G66,10110183SOUSAD,2026-03-13,110372,1,100,0,238.0
10110183SOUSAD_2026-03-13_G67,10110183SOUSAD,2026-03-13,111348,1,4,0,230.0
10110183SOUSAD_2026-03-13_G68,10110183SOUSAD,2026-03-13,142080,1,6,0,126.0
10110183SOUSAD_2026-03-13_G69,10110183SOUSAD,2026-03-13,141458,1,60,0,419.0
10110183SOUSAD_2026-03-13_G70,10110183SOUSAD,2026-03-13,117855,1,50,0,332.0
10110183SOUSAD_2026-03-13_G71,10110183SOUSAD,2026-03-13,108772,1,4,0,132.0
10110183SOUSAD_2026-03-14_G02,10110183SOUSAD,2026-03-14,104534,1,2,0,91.0
10110183SOUSAD_2026-03-14_G03,10110183SOUSAD,2026-03-14,110753,1,5,0,471.0
10110183SOUSAD_2026-03-14_G04,10110183SOUSAD,2026-03-14,110750,1,1,0,161.0
10110183SOUSAD_2026-03-14_G05,10110183SOUSAD,2026-03-14,110313,1,35,0,51.0
10110183SOUSAD_2026-03-14_G06,10110183SOUSAD,2026-03-14,110741,1,7,0,719.0
10110183SOUSAD_2026-03-14_G07,10110183SOUSAD,2026-03-14,117855,1,14,0,230.0
10110183SOUSAD_2026-03-14_G08,10110183SOUSAD,2026-03-14,110733,1,40,0,817.0
10110183SOUSAD_2026-03-14_G09,10110183SOUSAD,2026-03-14,117853,1,30,0,372.0
10110183SOUSAD_2026-03-14_G10,10110183SOUSAD,2026-03-14,141047,1,8,0,152.0
10110183SOUSAD_2026-03-14_G11,10110183SOUSAD,2026-03-14,108772,1,22,0,433.0
10110183SOUSAD_2026-03-14_G12,10110183SOUSAD,2026-03-14,111650,1,6,0,155.0
10110183SOUSAD_2026-03-14_G13,10110183SOUSAD,2026-03-14,109645,1,4,0,264.0
10110183SOUSAD_2026-03-14_G14,10110183SOUSAD,2026-03-14,105705,1,40,0,286.0
10110183SOUSAD_2026-03-14_G15,10110183SOUSAD,2026-03-14,111469,1,50,0,239.0
10110183SOUSAD_2026-03-14_G16,10110183SOUSAD,2026-03-14,110740,1,40,0,2843.0
10110183SOUSAD_2026-03-14_G17,10110183SOUSAD,2026-03-14,110753,1,2,0,1617.0
10110183SOUSAD_2026-03-14_G18,10110183SOUSAD,2026-03-14,141035,1,9,0,325.0
10110183SOUSAD_2026-03-14_G19,10110183SOUSAD,2026-03-14,110752,1,10,0,165.0
10110183SOUSAD_2026-03-14_G20,10110183SOUSAD,2026-03-14,110313,1,15,0,282.0
10110183SOUSAD_2026-03-14_G21,10110183SOUSAD,2026-03-14,140923,1,50,0,258.0
10110183SOUSAD_2026-03-14_G22,10110183SOUSAD,2026-03-14,110741,1,19,0,768.0
10110183SOUSAD_2026-03-14_G23,10110183SOUSAD,2026-03-14,109647,1,2,0,163.0
10110183SOUSAD_2026-03-14_G24,10110183SOUSAD,2026-03-14,117862,1,20,0,247.0
10110183SOUSAD_2026-03-14_G25,10110183SOUSAD,2026-03-14,117856,1,30,0,489.0
10110183SOUSAD_2026-03-14_G26,10110183SOUSAD,2026-03-14,117853,1,20,0,492.0
10110183SOUSAD_2026-03-14_G27,10110183SOUSAD,2026-03-14,117861,1,6,0,136.0
10110183SOUSAD_2026-03-14_G28,10110183SOUSAD,2026-03-14,141066,1,15,0,302.0
10110183SOUSAD_2026-03-14_G29,10110183SOUSAD,2026-03-14,106860,1,2,0,163.0
10110183SOUSAD_2026-03-14_G30,10110183SOUSAD,2026-03-14,117787,1,12,0,175.0
10110183SOUSAD_2026-03-14_G31,10110183SOUSAD,2026-03-14,110129,1,10,0,130.0
10110183SOUSAD_2026-03-14_G32,10110183SOUSAD,2026-03-14,117833,1,45,0,425.0
10110183SOUSAD_2026-03-14_G33,10110183SOUSAD,2026-03-14,141166,1,15,0,382.0
10110183SOUSAD_2026-03-14_G35,10110183SOUSAD,2026-03-14,118317,1,16,0,436.0
10110183SOUSAD_2026-03-14_G36,10110183SOUSAD,2026-03-14,118317,1,9,0,52.0
10110183SOUSAD_2026-03-14_G37,10110183SOUSAD,2026-03-14,111462,1,170,0,650.0
10110183SOUSAD_2026-03-14_G38,10110183SOUSAD,2026-03-14,110751,1,6,0,216.0
10110183SOUSAD_2026-03-14_G39,10110183SOUSAD,2026-03-14,141271,1,20,0,476.0
10110183SOUSAD_2026-03-14_G40,10110183SOUSAD,2026-03-14,118223,1,4,0,219.0
10110183SOUSAD_2026-03-16_G02,10110183SOUSAD,2026-03-16,140922,1,20,0,164.0
10110183SOUSAD_2026-03-16_G03,10110183SOUSAD,2026-03-16,108711,1,20,0,190.0
10110183SOUSAD_2026-03-16_G04,10110183SOUSAD,2026-03-16,111743,1,40,0,490.0
10110183SOUSAD_2026-03-16_G05,10110183SOUSAD,2026-03-16,110740,1,30,0,255.0
10110183SOUSAD_2026-03-16_G06,10110183SOUSAD,2026-03-16,108798,1,10,0,425.0
10110183SOUSAD_2026-03-16_G07,10110183SOUSAD,2026-03-16,111468,1,30,0,224.0
10110183SOUSAD_2026-03-16_G08,10110183SOUSAD,2026-03-16,111431,1,20,0,1090.0
10110183SOUSAD_2026-03-16_G09,10110183SOUSAD,2026-03-16,111418,1,150,0,406.0
10110183SOUSAD_2026-03-16_G10,10110183SOUSAD,2026-03-16,105705,1,20,0,256.0
10110183SOUSAD_2026-03-16_G11,10110183SOUSAD,2026-03-16,105894,1,3,0,358.0
10110183SOUSAD_2026-03-16_G12,10110183SOUSAD,2026-03-16,140923,1,30,0,342.0
10110183SOUSAD_2026-03-16_G13,10110183SOUSAD,2026-03-16,111438,2,2,22,1520.0
10110183SOUSAD_2026-03-16_G14,10110183SOUSAD,2026-03-16,111466,1,10,0,139.0
10110183SOUSAD_2026-03-16_G15,10110183SOUSAD,2026-03-16,118299,1,6,0,1002.0
10110183SOUSAD_2026-03-16_G16,10110183SOUSAD,2026-03-16,111466,1,6,0,228.0
10110183SOUSAD_2026-03-16_G17,10110183SOUSAD,2026-03-16,111466,1,3,0,37.0
10110183SOUSAD_2026-03-16_G18,10110183SOUSAD,2026-03-16,111466,1,4,0,180.0
10110183SOUSAD_2026-03-16_G19,10110183SOUSAD,2026-03-16,110895,1,4,0,111.0
10110183SOUSAD_2026-03-16_G20,10110183SOUSAD,2026-03-16,111438,1,4,0,104.0
10110183SOUSAD_2026-03-16_G22,10110183SOUSAD,2026-03-16,117820,1,6,0,924.0
10110183SOUSAD_2026-03-16_G23,10110183SOUSAD,2026-03-16,109643,1,8,0,68.0
10110183SOUSAD_2026-03-16_G24,10110183SOUSAD,2026-03-16,117808,1,8,0,65.0
10110183SOUSAD_2026-03-16_G25,10110183SOUSAD,2026-03-16,140923,1,1,0,73.0
10110183SOUSAD_2026-03-16_G26,10110183SOUSAD,2026-03-16,117855,1,8,0,91.0
10110183SOUSAD_2026-03-16_G27,10110183SOUSAD,2026-03-16,109640,1,4,0,116.0
10110183SOUSAD_2026-03-16_G28,10110183SOUSAD,2026-03-16,141047,1,4,0,154.0
10110183SOUSAD_2026-03-16_G29,10110183SOUSAD,2026-03-16,111438,1,4,0,188.0
10110183SOUSAD_2026-03-16_G30,10110183SOUSAD,2026-03-16,142045,1,1,0,328.0
10110183SOUSAD_2026-03-16_G31,10110183SOUSAD,2026-03-16,141823,1,4,0,118.0
10110183SOUSAD_2026-03-16_G32,10110183SOUSAD,2026-03-16,111469,1,12,0,84.0
10110183SOUSAD_2026-03-16_G33,10110183SOUSAD,2026-03-16,142093,1,4,0,354.0
10110183SOUSAD_2026-03-16_G34,10110183SOUSAD,2026-03-16,117785,1,8,0,553.0
10110183SOUSAD_2026-03-16_G35,10110183SOUSAD,2026-03-16,118299,1,10,0,126.0
10110183SOUSAD_2026-03-16_G36,10110183SOUSAD,2026-03-16,111435,1,4,0,278.0
10110183SOUSAD_2026-03-16_G37,10110183SOUSAD,2026-03-16,118299,1,6,0,185.0
10110183SOUSAD_2026-03-16_G38,10110183SOUSAD,2026-03-16,110373,1,8,0,371.0
10110183SOUSAD_2026-03-16_G39,10110183SOUSAD,2026-03-16,117820,1,3,0,70.0
10110183SOUSAD_2026-03-16_G40,10110183SOUSAD,2026-03-16,109643,1,4,0,173.0
10110183SOUSAD_2026-03-16_G41,10110183SOUSAD,2026-03-16,117808,1,35,0,317.0
10110183SOUSAD_2026-03-16_G42,10110183SOUSAD,2026-03-16,110372,1,4,0,80.0
10110183SOUSAD_2026-03-16_G43,10110183SOUSAD,2026-03-16,118299,1,18,0,95.0
10110183SOUSAD_2026-03-16_G44,10110183SOUSAD,2026-03-16,117830,1,1,0,52.0
10110183SOUSAD_2026-03-16_G45,10110183SOUSAD,2026-03-16,142093,1,1,0,98.0
10110183SOUSAD_2026-03-16_G46,10110183SOUSAD,2026-03-16,111418,1,4,0,112.0
10110183SOUSAD_2026-03-16_G47,10110183SOUSAD,2026-03-16,110742,1,2,0,106.0
10110183SOUSAD_2026-03-16_G48,10110183SOUSAD,2026-03-16,141066,1,2,0,93.0
10110183SOUSAD_2026-03-16_G49,10110183SOUSAD,2026-03-16,111743,1,6,0,412.0
10110183SOUSAD_2026-03-16_G50,10110183SOUSAD,2026-03-16,111438,1,2,0,192.0
10110183SOUSAD_2026-03-16_G51,10110183SOUSAD,2026-03-16,108772,1,2,0,208.0
10110183SOUSAD_2026-03-16_G52,10110183SOUSAD,2026-03-16,118299,1,17,0,126.0
10110183SOUSAD_2026-03-16_G53,10110183SOUSAD,2026-03-16,117821,1,8,0,151.0
10110183SOUSAD_2026-03-16_G54,10110183SOUSAD,2026-03-16,111418,1,16,0,132.0
10110183SOUSAD_2026-03-16_G55,10110183SOUSAD,2026-03-16,118299,1,8,0,392.0
10110183SOUSAD_2026-03-16_G56,10110183SOUSAD,2026-03-16,140923,1,7,0,145.0
10110183SOUSAD_2026-03-16_G57,10110183SOUSAD,2026-03-16,111530,1,2,0,91.0
10110183SOUSAD_2026-03-16_G58,10110183SOUSAD,2026-03-16,117862,1,4,0,76.0
10110183SOUSAD_2026-03-16_G59,10110183SOUSAD,2026-03-16,110339,1,4,0,127.0
10110183SOUSAD_2026-03-16_G60,10110183SOUSAD,2026-03-16,109640,1,3,0,102.0
10110183SOUSAD_2026-03-16_G61,10110183SOUSAD,2026-03-16,140922,1,4,0,113.0
10110183SOUSAD_2026-03-16_G62,10110183SOUSAD,2026-03-16,118352,1,1,0,1264.0
10110183SOUSAD_2026-03-16_G63,10110183SOUSAD,2026-03-16,141916,1,20,0,250.0
10110183SOUSAD_2026-03-16_G64,10110183SOUSAD,2026-03-16,111569,1,8,0,360.0
10110183SOUSAD_2026-03-16_G65,10110183SOUSAD,2026-03-16,111356,1,1,0,126.0
10110183SOUSAD_2026-03-16_G66,10110183SOUSAD,2026-03-16,141035,1,5,0,286.0
10110183SOUSAD_2026-03-16_G67,10110183SOUSAD,2026-03-16,111199,1,2,0,81.0
10110183SOUSAD_2026-03-16_G68,10110183SOUSAD,2026-03-16,140923,1,100,0,495.0
10110183SOUSAD_2026-03-16_G69,10110183SOUSAD,2026-03-16,108772,1,10,0,295.0
10110183SOUSAD_2026-03-16_G70,10110183SOUSAD,2026-03-16,117785,1,110,0,474.0
10110183SOUSAD_2026-03-16_G71,10110183SOUSAD,2026-03-16,110332,1,4,0,86.0
10110183SOUSAD_2026-03-16_G72,10110183SOUSAD,2026-03-16,141271,1,10,0,125.0
10110183SOUSAD_2026-03-17_G02,10110183SOUSAD,2026-03-17,111330,1,6,0,392.0
10110183SOUSAD_2026-03-17_G03,10110183SOUSAD,2026-03-17,111465,1,4,0,121.0
10110183SOUSAD_2026-03-17_G04,10110183SOUSAD,2026-03-17,111466,1,4,0,115.0
10110183SOUSAD_2026-03-17_G05,10110183SOUSAD,2026-03-17,118280,1,4,0,123.0
10110183SOUSAD_2026-03-17_G06,10110183SOUSAD,2026-03-17,140911,1,3,0,143.0
10110183SOUSAD_2026-03-17_G07,10110183SOUSAD,2026-03-17,118290,1,1,0,148.0
10110183SOUSAD_2026-03-17_G08,10110183SOUSAD,2026-03-17,111602,2,6,20,127.0
10110183SOUSAD_2026-03-17_G09,10110183SOUSAD,2026-03-17,111172,1,12,0,988.0
10110183SOUSAD_2026-03-17_G10,10110183SOUSAD,2026-03-17,117838,1,12,0,283.0
10110183SOUSAD_2026-03-17_G11,10110183SOUSAD,2026-03-17,111532,1,26,0,506.0
10110183SOUSAD_2026-03-17_G12,10110183SOUSAD,2026-03-17,111532,1,94,0,759.0
10110183SOUSAD_2026-03-17_G13,10110183SOUSAD,2026-03-17,117785,2,36,16,34.0
10110183SOUSAD_2026-03-17_G14,10110183SOUSAD,2026-03-17,111462,1,32,0,346.0
10110183SOUSAD_2026-03-17_G15,10110183SOUSAD,2026-03-17,117821,2,36,9,264.0
10110183SOUSAD_2026-03-17_G16,10110183SOUSAD,2026-03-17,111418,2,49,15,966.0
10110183SOUSAD_2026-03-17_G17,10110183SOUSAD,2026-03-17,160055,1,4,0,378.0
10110183SOUSAD_2026-03-17_G18,10110183SOUSAD,2026-03-17,108795,1,16,0,51.0
10110183SOUSAD_2026-03-17_G19,10110183SOUSAD,2026-03-17,111743,1,41,0,248.0
10110183SOUSAD_2026-03-17_G20,10110183SOUSAD,2026-03-17,142093,2,52,9,323.0
10110183SOUSAD_2026-03-17_G21,10110183SOUSAD,2026-03-17,109641,1,11,0,448.0
10110183SOUSAD_2026-03-17_G22,10110183SOUSAD,2026-03-17,117831,1,40,0,216.0
10110183SOUSAD_2026-03-17_G23,10110183SOUSAD,2026-03-17,117787,1,12,0,314.0
10110183SOUSAD_2026-03-17_G24,10110183SOUSAD,2026-03-17,141458,1,24,0,373.0
10110183SOUSAD_2026-03-17_G25,10110183SOUSAD,2026-03-17,110755,1,4,0,621.0
10110183SOUSAD_2026-03-17_G26,10110183SOUSAD,2026-03-17,110339,1,8,0,172.0
10110183SOUSAD_2026-03-17_G27,10110183SOUSAD,2026-03-17,117834,1,2,0,77.0
10110183SOUSAD_2026-03-17_G28,10110183SOUSAD,2026-03-17,110740,1,2,0,167.0
10110183SOUSAD_2026-03-17_G29,10110183SOUSAD,2026-03-17,141916,1,2,0,92.0
10110183SOUSAD_2026-03-17_G30,10110183SOUSAD,2026-03-17,142045,1,4,0,94.0
10110183SOUSAD_2026-03-17_G31,10110183SOUSAD,2026-03-17,117835,1,4,0,115.0
10110183SOUSAD_2026-03-17_G32,10110183SOUSAD,2026-03-17,118290,1,1,0,74.0
10110183SOUSAD_2026-03-17_G33,10110183SOUSAD,2026-03-17,111465,1,2,0,563.0
10110183SOUSAD_2026-03-17_G34,10110183SOUSAD,2026-03-17,111435,1,10,0,219.0
10110183SOUSAD_2026-03-17_G35,10110183SOUSAD,2026-03-17,117785,1,4,0,136.0
10110183SOUSAD_2026-03-17_G36,10110183SOUSAD,2026-03-17,111462,1,3,0,44.0
10110183SOUSAD_2026-03-17_G37,10110183SOUSAD,2026-03-17,117821,1,3,0,56.0
10110183SOUSAD_2026-03-17_G38,10110183SOUSAD,2026-03-17,111418,1,2,0,50.0
10110183SOUSAD_2026-03-17_G39,10110183SOUSAD,2026-03-17,110332,1,2,0,72.0
10110183SOUSAD_2026-03-17_G40,10110183SOUSAD,2026-03-17,107236,1,3,0,77.0
10110183SOUSAD_2026-03-17_G41,10110183SOUSAD,2026-03-17,109645,1,8,0,115.0
10110183SOUSAD_2026-03-17_G42,10110183SOUSAD,2026-03-17,111431,1,2,0,201.0
10110183SOUSAD_2026-03-17_G43,10110183SOUSAD,2026-03-17,105705,1,10,0,188.0
10110183SOUSAD_2026-03-17_G44,10110183SOUSAD,2026-03-17,117854,1,4,0,229.0
10110183SOUSAD_2026-03-17_G45,10110183SOUSAD,2026-03-17,111602,1,7,0,200.0
10110183SOUSAD_2026-03-17_G47,10110183SOUSAD,2026-03-17,140911,1,12,0,215.0
10110183SOUSAD_2026-03-17_G48,10110183SOUSAD,2026-03-17,111465,1,18,0,515.0
10110183SOUSAD_2026-03-17_G49,10110183SOUSAD,2026-03-17,111438,1,4,0,606.0
10110183SOUSAD_2026-03-17_G50,10110183SOUSAD,2026-03-17,111438,1,10,0,48.0
10110183SOUSAD_2026-03-17_G51,10110183SOUSAD,2026-03-17,110755,1,8,0,316.0
10110183SOUSAD_2026-03-17_G52,10110183SOUSAD,2026-03-17,105167,1,4,0,116.0
10110183SOUSAD_2026-03-17_G53,10110183SOUSAD,2026-03-17,110339,1,30,0,569.0
10110183SOUSAD_2026-03-17_G54,10110183SOUSAD,2026-03-17,111530,1,10,0,587.0
10110183SOUSAD_2026-03-17_G55,10110183SOUSAD,2026-03-17,111466,1,2,0,66.0
10110183SOUSAD_2026-03-17_G56,10110183SOUSAD,2026-03-17,118290,1,3,0,137.0
10110183SOUSAD_2026-03-17_G57,10110183SOUSAD,2026-03-17,111438,1,7,0,528.0
10110183SOUSAD_2026-03-17_G58,10110183SOUSAD,2026-03-17,117785,1,2,0,239.0
10110183SOUSAD_2026-03-17_G59,10110183SOUSAD,2026-03-17,111469,1,3,0,101.0
10110183SOUSAD_2026-03-17_G60,10110183SOUSAD,2026-03-17,117808,1,20,0,219.0
10110183SOUSAD_2026-03-17_G61,10110183SOUSAD,2026-03-17,117808,1,30,0,307.0
10110183SOUSAD_2026-03-17_G62,10110183SOUSAD,2026-03-17,118299,1,12,0,258.0
10110183SOUSAD_2026-03-17_G63,10110183SOUSAD,2026-03-17,117855,1,3,0,313.0
10110183SOUSAD_2026-03-17_G64,10110183SOUSAD,2026-03-17,111465,1,3,0,81.0
10110183SOUSAD_2026-03-17_G65,10110183SOUSAD,2026-03-17,111466,1,2,0,84.0
10110183SOUSAD_2026-03-17_G66,10110183SOUSAD,2026-03-17,141352,1,4,0,1384.0
10110183SOUSAD_2026-03-17_G67,10110183SOUSAD,2026-03-17,108361,1,2,0,51.0
10110183SOUSAD_2026-03-17_G68,10110183SOUSAD,2026-03-17,117862,1,2,0,103.0
10110183SOUSAD_2026-03-17_G69,10110183SOUSAD,2026-03-17,110753,1,4,0,338.0
10110183SOUSAD_2026-03-17_G70,10110183SOUSAD,2026-03-17,"117822, 111876",2,6,30,510.0
10110183SOUSAD_2026-03-17_G71,10110183SOUSAD,2026-03-17,111876,1,3,0,36.0
10110183SOUSAD_2026-03-17_G72,10110183SOUSAD,2026-03-17,117809,1,5,0,228.0
10110183SOUSAD_2026-03-17_G73,10110183SOUSAD,2026-03-17,110372,1,12,0,261.0
10110183SOUSAD_2026-03-17_G74,10110183SOUSAD,2026-03-17,117830,1,2,0,93.0
10110183SOUSAD_2026-03-17_G75,10110183SOUSAD,2026-03-17,110753,1,2,0,117.0
10110183SOUSAD_2026-03-17_G76,10110183SOUSAD,2026-03-17,111777,1,2,0,290.0
10110183SOUSAD_2026-03-17_G77,10110183SOUSAD,2026-03-17,117837,1,2,0,636.0
10110183SOUSAD_2026-03-17_G78,10110183SOUSAD,2026-03-17,117855,1,2,0,289.0
10110183SOUSAD_2026-03-17_G79,10110183SOUSAD,2026-03-17,111530,1,6,0,118.0
10110183SOUSAD_2026-03-17_G80,10110183SOUSAD,2026-03-17,110733,1,2,0,260.0
10110183SOUSAD_2026-03-17_G81,10110183SOUSAD,2026-03-17,141352,1,4,0,81.0
10110183SOUSAD_2026-03-17_G82,10110183SOUSAD,2026-03-17,117853,1,2,0,36.0
10110183SOUSAD_2026-03-17_G83,10110183SOUSAD,2026-03-17,117861,1,4,0,65.0
10110183SOUSAD_2026-03-17_G84,10110183SOUSAD,2026-03-17,141066,1,2,0,68.0
10110183SOUSAD_2026-03-18_G02,10110183SOUSAD,2026-03-18,111876,1,3,0,420.0
10110183SOUSAD_2026-03-18_G03,10110183SOUSAD,2026-03-18,141166,1,28,0,248.0
10110183SOUSAD_2026-03-18_G04,10110183SOUSAD,2026-03-18,111530,1,49,0,358.0
10110183SOUSAD_2026-03-18_G05,10110183SOUSAD,2026-03-18,117853,2,8,7,303.0
10110183SOUSAD_2026-03-18_G06,10110183SOUSAD,2026-03-18,108772,1,8,0,347.0
10110183SOUSAD_2026-03-18_G07,10110183SOUSAD,2026-03-18,108772,1,14,0,63.0
10110183SOUSAD_2026-03-18_G08,10110183SOUSAD,2026-03-18,118299,1,40,0,2629.0
10110183SOUSAD_2026-03-18_G09,10110183SOUSAD,2026-03-18,111431,1,4,0,989.0
10110183SOUSAD_2026-03-18_G10,10110183SOUSAD,2026-03-18,111469,1,4,0,146.0
10110183SOUSAD_2026-03-18_G11,10110183SOUSAD,2026-03-18,110371,1,4,0,109.0
10110183SOUSAD_2026-03-18_G12,10110183SOUSAD,2026-03-18,111172,1,4,0,312.0
10110183SOUSAD_2026-03-18_G13,10110183SOUSAD,2026-03-18,111743,1,2,0,109.0
10110183SOUSAD_2026-03-18_G14,10110183SOUSAD,2026-03-18,111530,1,8,0,265.0
10110183SOUSAD_2026-03-18_G16,10110183SOUSAD,2026-03-18,110740,1,2,0,74.0
10110183SOUSAD_2026-03-18_G17,10110183SOUSAD,2026-03-18,111469,1,8,0,198.0
10110183SOUSAD_2026-03-18_G18,10110183SOUSAD,2026-03-18,110313,1,4,0,129.0
10110183SOUSAD_2026-03-18_G19,10110183SOUSAD,2026-03-18,111602,1,1,0,154.0
10110183SOUSAD_2026-03-18_G20,10110183SOUSAD,2026-03-18,117808,1,5,0,163.0
10110183SOUSAD_2026-03-18_G21,10110183SOUSAD,2026-03-18,111602,1,4,0,167.0
10110183SOUSAD_2026-03-18_G22,10110183SOUSAD,2026-03-18,111438,1,4,0,134.0
10110183SOUSAD_2026-03-18_G23,10110183SOUSAD,2026-03-18,100334,1,6,0,185.0
10110183SOUSAD_2026-03-18_G24,10110183SOUSAD,2026-03-18,110747,1,1,0,83.0
10110183SOUSAD_2026-03-18_G25,10110183SOUSAD,2026-03-18,117833,1,2,0,215.0
10110183SOUSAD_2026-03-18_G26,10110183SOUSAD,2026-03-18,111743,1,4,0,121.0
10110183SOUSAD_2026-03-18_G27,10110183SOUSAD,2026-03-18,142093,2,13,8,123.0
10110183SOUSAD_2026-03-18_G28,10110183SOUSAD,2026-03-18,141271,1,4,0,114.0
10110183SOUSAD_2026-03-18_G29,10110183SOUSAD,2026-03-18,111442,1,14,0,164.0
10110183SOUSAD_2026-03-18_G30,10110183SOUSAD,2026-03-18,111466,1,6,0,110.0
10110183SOUSAD_2026-03-18_G31,10110183SOUSAD,2026-03-18,111469,1,4,0,101.0
10110183SOUSAD_2026-03-18_G32,10110183SOUSAD,2026-03-18,111438,1,4,0,409.0
10110183SOUSAD_2026-03-18_G33,10110183SOUSAD,2026-03-18,109641,1,4,0,198.0
10110183SOUSAD_2026-03-18_G34,10110183SOUSAD,2026-03-18,110740,1,2,0,81.0
10110183SOUSAD_2026-03-18_G35,10110183SOUSAD,2026-03-18,140922,1,6,0,249.0
10110183SOUSAD_2026-03-18_G36,10110183SOUSAD,2026-03-18,111465,2,5,23,713.0
10110183SOUSAD_2026-03-18_G37,10110183SOUSAD,2026-03-18,111444,1,3,0,148.0
10110183SOUSAD_2026-03-18_G38,10110183SOUSAD,2026-03-18,111330,1,1,0,121.0
10110183SOUSAD_2026-03-18_G39,10110183SOUSAD,2026-03-18,141457,1,25,0,350.0
10110183SOUSAD_2026-03-18_G40,10110183SOUSAD,2026-03-18,140922,1,4,0,168.0
10110183SOUSAD_2026-03-18_G41,10110183SOUSAD,2026-03-18,140922,1,4,0,49.0
10110183SOUSAD_2026-03-18_G42,10110183SOUSAD,2026-03-18,111348,1,5,0,72.0
10110183SOUSAD_2026-03-18_G43,10110183SOUSAD,2026-03-18,111348,1,5,0,42.0
10110183SOUSAD_2026-03-18_G44,10110183SOUSAD,2026-03-18,108794,2,6,23,45.0
10110183SOUSAD_2026-03-18_G45,10110183SOUSAD,2026-03-18,117785,1,10,0,97.0
10110183SOUSAD_2026-03-18_G46,10110183SOUSAD,2026-03-18,117785,1,10,0,613.0
10110183SOUSAD_2026-03-18_G47,10110183SOUSAD,2026-03-18,111462,1,7,0,61.0
10110183SOUSAD_2026-03-18_G48,10110183SOUSAD,2026-03-18,111462,1,7,0,255.0
10110183SOUSAD_2026-03-18_G49,10110183SOUSAD,2026-03-18,117833,2,5,22,127.0
10110183SOUSAD_2026-03-18_G50,10110183SOUSAD,2026-03-18,111418,1,8,0,108.0
10110183SOUSAD_2026-03-18_G51,10110183SOUSAD,2026-03-18,111418,1,8,0,93.0
10110183SOUSAD_2026-03-18_G52,10110183SOUSAD,2026-03-18,111743,2,6,29,77.0
10110183SOUSAD_2026-03-18_G53,10110183SOUSAD,2026-03-18,142093,1,17,0,583.0
10110183SOUSAD_2026-03-18_G54,10110183SOUSAD,2026-03-18,142093,1,17,0,219.0
10110183SOUSAD_2026-03-18_G55,10110183SOUSAD,2026-03-18,107236,1,8,0,277.0
10110183SOUSAD_2026-03-18_G56,10110183SOUSAD,2026-03-18,111442,2,2,18,77.0
10110183SOUSAD_2026-03-18_G57,10110183SOUSAD,2026-03-18,110740,1,5,0,45.0
10110183SOUSAD_2026-03-18_G58,10110183SOUSAD,2026-03-18,108798,1,5,0,100.0
10110183SOUSAD_2026-03-18_G59,10110183SOUSAD,2026-03-18,108798,1,5,0,36.0
10110183SOUSAD_2026-03-18_G60,10110183SOUSAD,2026-03-18,111463,2,8,30,73.0
10110183SOUSAD_2026-03-18_G61,10110183SOUSAD,2026-03-18,109645,1,5,0,291.0
10110183SOUSAD_2026-03-18_G62,10110183SOUSAD,2026-03-18,109645,1,5,0,337.0
10110183SOUSAD_2026-03-18_G63,10110183SOUSAD,2026-03-18,105705,2,11,6,347.0
10110183SOUSAD_2026-03-18_G64,10110183SOUSAD,2026-03-18,141458,1,5,0,151.0
10110183SOUSAD_2026-03-18_G65,10110183SOUSAD,2026-03-18,141458,1,5,0,35.0
10110183SOUSAD_2026-03-18_G66,10110183SOUSAD,2026-03-18,141457,1,25,0,604.0
10110183SOUSAD_2026-03-18_G67,10110183SOUSAD,2026-03-18,111444,1,2,0,382.0
10110183SOUSAD_2026-03-18_G68,10110183SOUSAD,2026-03-18,118283,1,2,0,140.0
10110183SOUSAD_2026-03-18_G69,10110183SOUSAD,2026-03-18,111569,1,2,0,140.0
10110183SOUSAD_2026-03-18_G70,10110183SOUSAD,2026-03-18,111569,1,2,0,42.0
10110183SOUSAD_2026-03-18_G71,10110183SOUSAD,2026-03-18,"118306, 118417",3,3,31,55.0
10110183SOUSAD_2026-03-18_G72,10110183SOUSAD,2026-03-18,142045,2,6,18,183.0
10110183SOUSAD_2026-03-18_G73,10110183SOUSAD,2026-03-18,111438,1,1,0,366.0
10110183SOUSAD_2026-03-18_G74,10110183SOUSAD,2026-03-18,118283,1,2,0,190.0
10110183SOUSAD_2026-03-19_G02,10110183SOUSAD,2026-03-19,141916,1,8,0,150.0
10110183SOUSAD_2026-03-19_G03,10110183SOUSAD,2026-03-19,117789,1,4,0,111.0
10110183SOUSAD_2026-03-19_G04,10110183SOUSAD,2026-03-19,118269,1,2,0,199.0
10110183SOUSAD_2026-03-19_G05,10110183SOUSAD,2026-03-19,140923,1,12,0,153.0
10110183SOUSAD_2026-03-19_G06,10110183SOUSAD,2026-03-19,111650,1,4,0,72.0
10110183SOUSAD_2026-03-19_G07,10110183SOUSAD,2026-03-19,117856,1,8,0,118.0
10110183SOUSAD_2026-03-19_G08,10110183SOUSAD,2026-03-19,109641,1,6,0,1685.0
10110183SOUSAD_2026-03-19_G09,10110183SOUSAD,2026-03-19,141823,1,8,0,135.0
10110183SOUSAD_2026-03-19_G10,10110183SOUSAD,2026-03-19,110373,1,17,0,131.0
10110183SOUSAD_2026-03-19_G11,10110183SOUSAD,2026-03-19,117830,1,10,0,128.0
10110183SOUSAD_2026-03-19_G12,10110183SOUSAD,2026-03-19,140919,1,3,0,469.0
10110183SOUSAD_2026-03-19_G13,10110183SOUSAD,2026-03-19,111110,1,2,0,121.0
10110183SOUSAD_2026-03-19_G14,10110183SOUSAD,2026-03-19,141370,1,2,0,330.0
10110183SOUSAD_2026-03-19_G15,10110183SOUSAD,2026-03-19,111120,1,1,0,282.0
10110183SOUSAD_2026-03-19_G16,10110183SOUSAD,2026-03-19,106179,1,4,0,116.0
10110183SOUSAD_2026-03-19_G17,10110183SOUSAD,2026-03-19,110289,1,3,0,175.0
10110183SOUSAD_2026-03-19_G18,10110183SOUSAD,2026-03-19,141995,1,2,0,44.0
10110183SOUSAD_2026-03-19_G19,10110183SOUSAD,2026-03-19,141916,1,10,0,128.0
10110183SOUSAD_2026-03-19_G20,10110183SOUSAD,2026-03-19,110310,1,2,0,72.0
10110183SOUSAD_2026-03-19_G21,10110183SOUSAD,2026-03-19,117834,1,8,0,154.0
10110183SOUSAD_2026-03-19_G22,10110183SOUSAD,2026-03-19,111445,1,12,0,550.0
10110183SOUSAD_2026-03-19_G23,10110183SOUSAD,2026-03-19,111438,1,14,0,284.0
10110183SOUSAD_2026-03-19_G24,10110183SOUSAD,2026-03-19,111438,1,4,0,343.0
10110183SOUSAD_2026-03-19_G25,10110183SOUSAD,2026-03-19,141286,1,4,0,549.0
10110183SOUSAD_2026-03-19_G26,10110183SOUSAD,2026-03-19,118283,1,7,0,133.0
10110183SOUSAD_2026-03-19_G27,10110183SOUSAD,2026-03-19,107888,1,4,0,88.0
10110183SOUSAD_2026-03-19_G28,10110183SOUSAD,2026-03-19,141368,1,6,0,91.0
10110183SOUSAD_2026-03-19_G29,10110183SOUSAD,2026-03-19,111832,1,4,0,96.0
10110183SOUSAD_2026-03-19_G30,10110183SOUSAD,2026-03-19,118253,1,8,0,399.0
10110183SOUSAD_2026-03-20_G02,10110183SOUSAD,2026-03-20,141369,1,2,0,287.0
10110183SOUSAD_2026-03-20_G03,10110183SOUSAD,2026-03-20,110742,1,3,0,937.0
10110183SOUSAD_2026-03-20_G04,10110183SOUSAD,2026-03-20,110742,1,4,0,54.0
10110183SOUSAD_2026-03-20_G05,10110183SOUSAD,2026-03-20,117837,1,1,0,369.0
10110183SOUSAD_2026-03-20_G06,10110183SOUSAD,2026-03-20,110733,1,4,0,490.0
10110183SOUSAD_2026-03-20_G07,10110183SOUSAD,2026-03-20,109640,1,2,0,112.0
10110183SOUSAD_2026-03-20_G08,10110183SOUSAD,2026-03-20,109640,1,14,0,178.0
10110183SOUSAD_2026-03-20_G09,10110183SOUSAD,2026-03-20,109640,2,46,14,182.0
10110183SOUSAD_2026-03-20_G10,10110183SOUSAD,2026-03-20,142080,3,8,13,971.0
10110183SOUSAD_2026-03-20_G11,10110183SOUSAD,2026-03-20,111469,1,8,0,144.0
10110183SOUSAD_2026-03-20_G12,10110183SOUSAD,2026-03-20,117808,1,4,0,143.0
10110183SOUSAD_2026-03-20_G13,10110183SOUSAD,2026-03-20,110372,1,4,0,85.0
10110183SOUSAD_2026-03-20_G14,10110183SOUSAD,2026-03-20,140922,1,8,0,108.0
10110183SOUSAD_2026-03-20_G15,10110183SOUSAD,2026-03-20,117842,1,2,0,46.0
10110183SOUSAD_2026-03-20_G16,10110183SOUSAD,2026-03-20,117785,1,11,0,37.0
10110183SOUSAD_2026-03-20_G17,10110183SOUSAD,2026-03-20,111462,1,7,0,113.0
10110183SOUSAD_2026-03-20_G18,10110183SOUSAD,2026-03-20,111465,1,4,0,110.0
10110183SOUSAD_2026-03-20_G19,10110183SOUSAD,2026-03-20,111418,1,40,0,313.0
10110183SOUSAD_2026-03-20_G20,10110183SOUSAD,2026-03-20,141271,1,10,0,432.0
10110183SOUSAD_2026-03-20_G21,10110183SOUSAD,2026-03-20,111442,1,4,0,94.0
10110183SOUSAD_2026-03-20_G22,10110183SOUSAD,2026-03-20,110740,1,8,0,120.0
10110183SOUSAD_2026-03-20_G23,10110183SOUSAD,2026-03-20,141823,1,6,0,90.0
10110183SOUSAD_2026-03-20_G24,10110183SOUSAD,2026-03-20,117855,1,5,0,519.0
10110183SOUSAD_2026-03-20_G25,10110183SOUSAD,2026-03-20,117788,1,4,0,90.0
10110183SOUSAD_2026-03-20_G26,10110183SOUSAD,2026-03-20,111879,1,8,0,216.0
10110183SOUSAD_2026-03-20_G27,10110183SOUSAD,2026-03-20,117856,1,16,0,189.0
10110183SOUSAD_2026-03-20_G28,10110183SOUSAD,2026-03-20,141047,1,4,0,114.0
10110183SOUSAD_2026-03-20_G29,10110183SOUSAD,2026-03-20,109640,1,7,0,421.0
10110183SOUSAD_2026-03-20_G30,10110183SOUSAD,2026-03-20,118281,1,16,0,620.0
10110183SOUSAD_2026-03-20_G31,10110183SOUSAD,2026-03-20,118281,1,40,0,42.0
10110183SOUSAD_2026-03-20_G32,10110183SOUSAD,2026-03-20,118281,1,52,0,395.0
10110183SOUSAD_2026-03-20_G33,10110183SOUSAD,2026-03-20,118281,1,5,0,91.0
10110183SOUSAD_2026-03-20_G34,10110183SOUSAD,2026-03-20,118283,1,50,0,124.0
10110183SOUSAD_2026-03-20_G35,10110183SOUSAD,2026-03-20,140915,1,8,0,351.0
10110183SOUSAD_2026-03-20_G37,10110183SOUSAD,2026-03-20,117808,1,350,0,826.0
10110183SOUSAD_2026-03-20_G38,10110183SOUSAD,2026-03-20,117808,1,157,0,673.0
10110183SOUSAD_2026-03-20_G39,10110183SOUSAD,2026-03-20,141202,1,147,0,606.0
10110183SOUSAD_2026-03-20_G40,10110183SOUSAD,2026-03-20,110375,1,3,0,234.0
10110183SOUSAD_2026-03-20_G41,10110183SOUSAD,2026-03-20,118299,1,503,0,1109.0
10110183SOUSAD_2026-03-20_G42,10110183SOUSAD,2026-03-20,141066,1,4,0,976.0
10110183SOUSAD_2026-03-21_G02,10110183SOUSAD,2026-03-21,140922,1,8,0,132.0
10110183SOUSAD_2026-03-21_G03,10110183SOUSAD,2026-03-21,117785,1,12,0,110.0
10110183SOUSAD_2026-03-21_G04,10110183SOUSAD,2026-03-21,111462,1,62,0,165.0
10110183SOUSAD_2026-03-21_G05,10110183SOUSAD,2026-03-21,110751,1,2,0,270.0
10110183SOUSAD_2026-03-21_G06,10110183SOUSAD,2026-03-21,111465,1,8,0,60.0
10110183SOUSAD_2026-03-21_G07,10110183SOUSAD,2026-03-21,142093,1,8,0,184.0
10110183SOUSAD_2026-03-21_G08,10110183SOUSAD,2026-03-21,117831,1,14,0,119.0
10110183SOUSAD_2026-03-21_G09,10110183SOUSAD,2026-03-21,111418,1,30,0,373.0
10110183SOUSAD_2026-03-21_G10,10110183SOUSAD,2026-03-21,109641,1,4,0,188.0
10110183SOUSAD_2026-03-21_G11,10110183SOUSAD,2026-03-21,110740,1,8,0,126.0
10110183SOUSAD_2026-03-21_G12,10110183SOUSAD,2026-03-21,141823,1,20,0,131.0
10110183SOUSAD_2026-03-21_G13,10110183SOUSAD,2026-03-21,111469,1,8,0,98.0
10110183SOUSAD_2026-03-21_G14,10110183SOUSAD,2026-03-21,117837,1,6,0,903.0
10110183SOUSAD_2026-03-21_G15,10110183SOUSAD,2026-03-21,117855,1,10,0,245.0
10110183SOUSAD_2026-03-21_G16,10110183SOUSAD,2026-03-21,118094,1,2,0,100.0
10110183SOUSAD_2026-03-21_G17,10110183SOUSAD,2026-03-21,117856,1,6,0,444.0
10110183SOUSAD_2026-03-21_G18,10110183SOUSAD,2026-03-21,110339,1,4,0,94.0
10110183SOUSAD_2026-03-21_G19,10110183SOUSAD,2026-03-21,141047,1,2,0,132.0
10110183SOUSAD_2026-03-21_G20,10110183SOUSAD,2026-03-21,109640,2,46,7,181.0
10110183SOUSAD_2026-03-21_G21,10110183SOUSAD,2026-03-21,117862,1,3,0,492.0
10110183SOUSAD_2026-03-21_G22,10110183SOUSAD,2026-03-21,117834,1,4,0,139.0
10110183SOUSAD_2026-03-21_G23,10110183SOUSAD,2026-03-21,111438,1,2,0,43.0
10110183SOUSAD_2026-03-21_G24,10110183SOUSAD,2026-03-21,142045,1,8,0,2583.0
10110183SOUSAD_2026-03-21_G25,10110183SOUSAD,2026-03-21,110747,1,4,0,84.0
10110183SOUSAD_2026-03-21_G26,10110183SOUSAD,2026-03-21,110372,1,180,0,452.0
10110183SOUSAD_2026-03-21_G27,10110183SOUSAD,2026-03-21,160057,1,6,0,1694.0
10110183SOUSAD_2026-03-21_G28,10110183SOUSAD,2026-03-21,160055,1,2,0,93.0
10110183SOUSAD_2026-03-21_G29,10110183SOUSAD,2026-03-21,160051,1,6,0,98.0
10110183SOUSAD_2026-03-21_G30,10110183SOUSAD,2026-03-21,111743,1,3,0,452.0
10110183SOUSAD_2026-03-21_G31,10110183SOUSAD,2026-03-21,117831,1,1,0,39.0
10110183SOUSAD_2026-03-21_G32,10110183SOUSAD,2026-03-21,110787,2,4,24,68.0
10110183SOUSAD_2026-03-21_G33,10110183SOUSAD,2026-03-21,110740,1,2,0,57.0
10110183SOUSAD_2026-03-21_G34,10110183SOUSAD,2026-03-21,141458,1,2,0,158.0
10110183SOUSAD_2026-03-21_G35,10110183SOUSAD,2026-03-21,140923,1,2,0,108.0
10110183SOUSAD_2026-03-21_G36,10110183SOUSAD,2026-03-21,111602,1,3,0,56.0
10110183SOUSAD_2026-03-21_G37,10110183SOUSAD,2026-03-21,141352,1,4,0,74.0
10110183SOUSAD_2026-03-21_G38,10110183SOUSAD,2026-03-21,118299,1,11,0,268.0
10110183SOUSAD_2026-03-21_G39,10110183SOUSAD,2026-03-21,117820,1,4,0,117.0
10110183SOUSAD_2026-03-21_G40,10110183SOUSAD,2026-03-21,117808,1,11,0,70.0
10110183SOUSAD_2026-03-21_G41,10110183SOUSAD,2026-03-21,110787,1,1,0,204.0
10110183SOUSAD_2026-03-21_G42,10110183SOUSAD,2026-03-21,109640,1,2,0,273.0
10110183SOUSAD_2026-03-21_G43,10110183SOUSAD,2026-03-21,117862,1,1,0,61.0
10110183SOUSAD_2026-03-21_G44,10110183SOUSAD,2026-03-21,110787,1,4,0,79.0
10110183SOUSAD_2026-03-21_G46,10110183SOUSAD,2026-03-21,111463,1,6,0,56.0
10110183SOUSAD_2026-03-21_G47,10110183SOUSAD,2026-03-21,110787,1,6,0,64.0
10110183SOUSAD_2026-03-21_G48,10110183SOUSAD,2026-03-21,111468,1,2,0,1249.0
10110183SOUSAD_2026-03-21_G49,10110183SOUSAD,2026-03-21,111463,1,4,0,61.0
10110183SOUSAD_2026-03-21_G50,10110183SOUSAD,2026-03-21,110787,1,6,0,66.0
10110183SOUSAD_2026-03-21_G51,10110183SOUSAD,2026-03-21,111468,1,6,0,198.0
10110183SOUSAD_2026-03-21_G52,10110183SOUSAD,2026-03-21,111463,1,5,0,89.0
10110183SOUSAD_2026-03-21_G53,10110183SOUSAD,2026-03-21,111466,1,6,0,98.0
10110183SOUSAD_2026-03-21_G54,10110183SOUSAD,2026-03-21,141318,1,4,0,153.0
10110183SOUSAD_2026-03-21_G55,10110183SOUSAD,2026-03-21,140923,1,8,0,122.0
10110183SOUSAD_2026-03-21_G56,10110183SOUSAD,2026-03-21,117785,1,10,0,123.0
10110183SOUSAD_2026-03-21_G57,10110183SOUSAD,2026-03-21,117831,1,6,0,72.0
10110183SOUSAD_2026-03-21_G58,10110183SOUSAD,2026-03-21,141458,1,4,0,162.0
10110183SOUSAD_2026-03-21_G59,10110183SOUSAD,2026-03-21,117809,1,6,0,217.0
10110183SOUSAD_2026-03-21_G60,10110183SOUSAD,2026-03-21,118299,1,80,0,221.0
10110183SOUSAD_2026-03-21_G61,10110183SOUSAD,2026-03-21,117820,1,10,0,136.0
10110183SOUSAD_2026-03-21_G62,10110183SOUSAD,2026-03-21,117808,1,25,0,319.0
10110183SOUSAD_2026-03-21_G63,10110183SOUSAD,2026-03-21,111468,1,2,0,292.0
10110183SOUSAD_2026-03-21_G64,10110183SOUSAD,2026-03-21,110787,1,5,0,343.0
10110183SOUSAD_2026-03-21_G65,10110183SOUSAD,2026-03-21,110372,1,150,0,370.0
10110183SOUSAD_2026-03-21_G66,10110183SOUSAD,2026-03-21,117808,1,80,0,629.0
10110183SOUSAD_2026-03-23_G02,10110183SOUSAD,2026-03-23,110755,1,3,0,684.0
10110183SOUSAD_2026-03-23_G03,10110183SOUSAD,2026-03-23,117856,1,4,0,115.0
10110183SOUSAD_2026-03-23_G04,10110183SOUSAD,2026-03-23,110339,1,5,0,68.0
10110183SOUSAD_2026-03-23_G05,10110183SOUSAD,2026-03-23,140923,1,16,0,305.0
10110183SOUSAD_2026-03-23_G06,10110183SOUSAD,2026-03-23,111602,1,9,0,122.0
10110183SOUSAD_2026-03-23_G07,10110183SOUSAD,2026-03-23,141047,1,2,0,487.0
10110183SOUSAD_2026-03-23_G08,10110183SOUSAD,2026-03-23,142093,1,6,0,750.0
10110183SOUSAD_2026-03-23_G09,10110183SOUSAD,2026-03-23,111469,1,12,0,351.0
10110183SOUSAD_2026-03-23_G10,10110183SOUSAD,2026-03-23,117838,1,2,0,132.0
10110183SOUSAD_2026-03-23_G11,10110183SOUSAD,2026-03-23,111442,1,5,0,154.0
10110183SOUSAD_2026-03-23_G12,10110183SOUSAD,2026-03-23,117833,1,2,0,107.0
10110183SOUSAD_2026-03-23_G13,10110183SOUSAD,2026-03-23,111463,1,5,0,147.0
10110183SOUSAD_2026-03-23_G14,10110183SOUSAD,2026-03-23,110787,1,4,0,98.0
10110183SOUSAD_2026-03-23_G15,10110183SOUSAD,2026-03-23,110740,1,6,0,91.0
10110183SOUSAD_2026-03-23_G16,10110183SOUSAD,2026-03-23,118317,1,1,0,68.0
10110183SOUSAD_2026-03-23_G17,10110183SOUSAD,2026-03-23,110129,1,8,0,93.0
10110183SOUSAD_2026-03-23_G18,10110183SOUSAD,2026-03-23,141823,1,4,0,63.0
10110183SOUSAD_2026-03-23_G19,10110183SOUSAD,2026-03-23,111466,1,10,0,1562.0
10110183SOUSAD_2026-03-23_G20,10110183SOUSAD,2026-03-23,141458,1,8,0,106.0
10110183SOUSAD_2026-03-23_G21,10110183SOUSAD,2026-03-23,142045,1,16,0,2720.0
10110183SOUSAD_2026-03-23_G22,10110183SOUSAD,2026-03-23,110747,1,4,0,264.0
10110183SOUSAD_2026-03-23_G23,10110183SOUSAD,2026-03-23,142093,1,6,0,191.0
10110183SOUSAD_2026-03-23_G24,10110183SOUSAD,2026-03-23,111463,1,21,0,288.0
10110183SOUSAD_2026-03-23_G25,10110183SOUSAD,2026-03-23,111433,1,2,0,52.0
10110183SOUSAD_2026-03-23_G26,10110183SOUSAD,2026-03-23,110740,1,4,0,89.0
10110183SOUSAD_2026-03-23_G27,10110183SOUSAD,2026-03-23,141823,1,10,0,86.0
10110183SOUSAD_2026-03-23_G28,10110183SOUSAD,2026-03-23,110373,1,6,0,132.0
10110183SOUSAD_2026-03-23_G29,10110183SOUSAD,2026-03-23,118094,1,2,0,387.0
10110183SOUSAD_2026-03-23_G30,10110183SOUSAD,2026-03-23,110339,1,2,0,304.0
10110183SOUSAD_2026-03-23_G32,10110183SOUSAD,2026-03-23,141271,1,12,0,398.0
10110183SOUSAD_2026-03-23_G33,10110183SOUSAD,2026-03-23,110787,1,10,0,341.0
10110183SOUSAD_2026-03-23_G34,10110183SOUSAD,2026-03-23,117832,1,10,0,139.0
10110183SOUSAD_2026-03-23_G35,10110183SOUSAD,2026-03-23,111463,1,8,0,218.0
10110183SOUSAD_2026-03-23_G36,10110183SOUSAD,2026-03-23,110374,1,8,0,117.0
10110183SOUSAD_2026-03-23_G37,10110183SOUSAD,2026-03-23,142093,1,6,0,155.0
10110183SOUSAD_2026-03-23_G38,10110183SOUSAD,2026-03-23,111463,1,16,0,1122.0
10110183SOUSAD_2026-03-23_G39,10110183SOUSAD,2026-03-23,110374,1,6,0,111.0
10110183SOUSAD_2026-03-23_G40,10110183SOUSAD,2026-03-23,117329,1,6,0,777.0
10110183SOUSAD_2026-03-23_G41,10110183SOUSAD,2026-03-23,118285,1,50,0,1014.0
10110183SOUSAD_2026-03-23_G42,10110183SOUSAD,2026-03-23,"110751, 111465",2,57,5,877.0
10110183SOUSAD_2026-03-23_G43,10110183SOUSAD,2026-03-23,111743,1,80,0,180.0
10110183SOUSAD_2026-03-23_G44,10110183SOUSAD,2026-03-23,109641,1,23,0,386.0
10110183SOUSAD_2026-03-23_G45,10110183SOUSAD,2026-03-23,118326,1,43,0,464.0
10110183SOUSAD_2026-03-23_G46,10110183SOUSAD,2026-03-23,110740,1,7,0,70.0
10110183SOUSAD_2026-03-23_G47,10110183SOUSAD,2026-03-23,110375,1,23,0,626.0
10110183SOUSAD_2026-03-23_G48,10110183SOUSAD,2026-03-23,118277,1,15,0,860.0
10110183SOUSAD_2026-03-23_G49,10110183SOUSAD,2026-03-23,110374,1,3,0,912.0
10110183SOUSAD_2026-03-23_G50,10110183SOUSAD,2026-03-23,117809,1,2,0,49.0
10110183SOUSAD_2026-03-23_G51,10110183SOUSAD,2026-03-23,117820,1,4,0,56.0
10110183SOUSAD_2026-03-23_G52,10110183SOUSAD,2026-03-23,110372,1,10,0,132.0
10110183SOUSAD_2026-03-23_G53,10110183SOUSAD,2026-03-23,117830,1,5,0,122.0
10110183SOUSAD_2026-03-23_G54,10110183SOUSAD,2026-03-23,117821,1,4,0,146.0
10110183SOUSAD_2026-03-23_G55,10110183SOUSAD,2026-03-23,111469,1,2,0,285.0
10110183SOUSAD_2026-03-23_G56,10110183SOUSAD,2026-03-23,111466,1,4,0,105.0
10110183SOUSAD_2026-03-23_G57,10110183SOUSAD,2026-03-23,118094,1,4,0,119.0
10110183SOUSAD_2026-03-23_G58,10110183SOUSAD,2026-03-23,118298,1,4,0,95.0
10110183SOUSAD_2026-03-23_G59,10110183SOUSAD,2026-03-23,140923,1,5,0,54.0
10110183SOUSAD_2026-03-24_G02,10110183SOUSAD,2026-03-24,140922,1,9,0,227.0
10110183SOUSAD_2026-03-24_G03,10110183SOUSAD,2026-03-24,140922,1,14,0,69.0
10110183SOUSAD_2026-03-24_G04,10110183SOUSAD,2026-03-24,117842,2,5,30,60.0
10110183SOUSAD_2026-03-24_G05,10110183SOUSAD,2026-03-24,111462,1,14,0,94.0
10110183SOUSAD_2026-03-24_G06,10110183SOUSAD,2026-03-24,111462,1,22,0,39.0
10110183SOUSAD_2026-03-24_G07,10110183SOUSAD,2026-03-24,111465,1,2,0,396.0
10110183SOUSAD_2026-03-24_G08,10110183SOUSAD,2026-03-24,117821,2,41,10,46.0
10110183SOUSAD_2026-03-24_G09,10110183SOUSAD,2026-03-24,111743,2,53,22,435.0
10110183SOUSAD_2026-03-24_G10,10110183SOUSAD,2026-03-24,111418,1,91,0,595.0
10110183SOUSAD_2026-03-24_G11,10110183SOUSAD,2026-03-24,141271,1,6,0,450.0
10110183SOUSAD_2026-03-24_G12,10110183SOUSAD,2026-03-24,109641,1,24,0,56.0
10110183SOUSAD_2026-03-24_G13,10110183SOUSAD,2026-03-24,110740,2,14,6,444.0
10110183SOUSAD_2026-03-24_G14,10110183SOUSAD,2026-03-24,117831,1,43,0,144.0
10110183SOUSAD_2026-03-24_G15,10110183SOUSAD,2026-03-24,141823,2,4,22,370.0
10110183SOUSAD_2026-03-24_G16,10110183SOUSAD,2026-03-24,141823,2,6,30,32.0
10110183SOUSAD_2026-03-24_G17,10110183SOUSAD,2026-03-24,105705,1,6,0,144.0
10110183SOUSAD_2026-03-24_G18,10110183SOUSAD,2026-03-24,111442,1,2,0,150.0
10110183SOUSAD_2026-03-24_G19,10110183SOUSAD,2026-03-24,111418,1,61,0,285.0
10110183SOUSAD_2026-03-24_G20,10110183SOUSAD,2026-03-24,109649,1,4,0,360.0
10110183SOUSAD_2026-03-24_G21,10110183SOUSAD,2026-03-24,109648,2,4,26,267.0
10110183SOUSAD_2026-03-24_G22,10110183SOUSAD,2026-03-24,109643,1,34,0,40.0
10110183SOUSAD_2026-03-24_G23,10110183SOUSAD,2026-03-24,141202,1,4,0,603.0
10110183SOUSAD_2026-03-24_G24,10110183SOUSAD,2026-03-24,110375,2,5,21,85.0
10110183SOUSAD_2026-03-24_G25,10110183SOUSAD,2026-03-24,110371,1,14,0,247.0
10110183SOUSAD_2026-03-24_G26,10110183SOUSAD,2026-03-24,109649,1,2,0,3548.0
10110183SOUSAD_2026-03-24_G27,10110183SOUSAD,2026-03-24,140922,1,20,0,62.0
10110183SOUSAD_2026-03-24_G28,10110183SOUSAD,2026-03-24,111466,1,30,0,531.0
10110183SOUSAD_2026-03-24_G29,10110183SOUSAD,2026-03-24,111532,1,30,0,634.0
10110183SOUSAD_2026-03-24_G30,10110183SOUSAD,2026-03-24,111532,1,12,0,192.0
10110183SOUSAD_2026-03-24_G31,10110183SOUSAD,2026-03-24,117821,1,12,0,76.0
10110183SOUSAD_2026-03-24_G32,10110183SOUSAD,2026-03-24,110743,1,10,0,74.0
10110183SOUSAD_2026-03-24_G33,10110183SOUSAD,2026-03-24,142093,1,30,0,140.0
10110183SOUSAD_2026-03-24_G35,10110183SOUSAD,2026-03-24,117838,1,12,0,280.0
10110183SOUSAD_2026-03-24_G36,10110183SOUSAD,2026-03-24,109641,1,10,0,457.0
10110183SOUSAD_2026-03-24_G37,10110183SOUSAD,2026-03-24,108798,1,7,0,286.0
10110183SOUSAD_2026-03-24_G38,10110183SOUSAD,2026-03-24,111469,1,10,0,114.0
10110183SOUSAD_2026-03-24_G39,10110183SOUSAD,2026-03-24,110740,1,8,0,65.0
10110183SOUSAD_2026-03-24_G40,10110183SOUSAD,2026-03-24,117831,1,30,0,41.0
10110183SOUSAD_2026-03-24_G41,10110183SOUSAD,2026-03-24,141458,1,20,0,542.0
10110183SOUSAD_2026-03-24_G42,10110183SOUSAD,2026-03-24,111442,1,4,0,186.0
10110183SOUSAD_2026-03-24_G43,10110183SOUSAD,2026-03-24,110741,1,12,0,445.0
10110183SOUSAD_2026-03-24_G44,10110183SOUSAD,2026-03-24,117855,1,10,0,125.0
10110183SOUSAD_2026-03-24_G45,10110183SOUSAD,2026-03-24,107629,1,7,0,358.0
10110183SOUSAD_2026-03-24_G46,10110183SOUSAD,2026-03-24,111530,1,17,0,1089.0
10110183SOUSAD_2026-03-24_G47,10110183SOUSAD,2026-03-24,111439,2,4,8,205.0
10110183SOUSAD_2026-03-24_G48,10110183SOUSAD,2026-03-24,111602,1,17,0,189.0
10110183SOUSAD_2026-03-24_G49,10110183SOUSAD,2026-03-24,111602,1,13,0,344.0
10110183SOUSAD_2026-03-24_G50,10110183SOUSAD,2026-03-24,110339,1,12,0,57.0
10110183SOUSAD_2026-03-24_G51,10110183SOUSAD,2026-03-24,141202,1,10,0,1160.0
10110183SOUSAD_2026-03-24_G52,10110183SOUSAD,2026-03-24,111443,1,4,0,1051.0
10110183SOUSAD_2026-03-24_G53,10110183SOUSAD,2026-03-24,111435,1,2,0,145.0
10110183SOUSAD_2026-03-24_G54,10110183SOUSAD,2026-03-24,111462,1,8,0,182.0
10110183SOUSAD_2026-03-24_G55,10110183SOUSAD,2026-03-24,142093,1,6,0,82.0
10110183SOUSAD_2026-03-24_G56,10110183SOUSAD,2026-03-24,111418,1,8,0,118.0
10110183SOUSAD_2026-03-24_G57,10110183SOUSAD,2026-03-24,141271,1,4,0,58.0
10110183SOUSAD_2026-03-24_G58,10110183SOUSAD,2026-03-24,107236,1,2,0,56.0
10110183SOUSAD_2026-03-24_G59,10110183SOUSAD,2026-03-24,111463,1,10,0,137.0
10110183SOUSAD_2026-03-24_G60,10110183SOUSAD,2026-03-24,110787,1,5,0,480.0
10110183SOUSAD_2026-03-24_G61,10110183SOUSAD,2026-03-24,118317,1,4,0,75.0
10110183SOUSAD_2026-03-24_G62,10110183SOUSAD,2026-03-24,110752,1,4,0,468.0
10110183SOUSAD_2026-03-24_G63,10110183SOUSAD,2026-03-24,117855,1,4,0,127.0
10110183SOUSAD_2026-03-24_G64,10110183SOUSAD,2026-03-24,111439,1,4,0,118.0
10110183SOUSAD_2026-03-24_G65,10110183SOUSAD,2026-03-24,140923,1,4,0,102.0
10110183SOUSAD_2026-03-24_G66,10110183SOUSAD,2026-03-24,117862,1,4,0,106.0
10110183SOUSAD_2026-03-24_G67,10110183SOUSAD,2026-03-24,111462,1,12,0,368.0
10110183SOUSAD_2026-03-24_G68,10110183SOUSAD,2026-03-24,142093,1,12,0,117.0
10110183SOUSAD_2026-03-24_G69,10110183SOUSAD,2026-03-24,118330,1,4,0,84.0
10110183SOUSAD_2026-03-24_G70,10110183SOUSAD,2026-03-24,111418,1,12,0,246.0
10110183SOUSAD_2026-03-24_G71,10110183SOUSAD,2026-03-24,109641,1,4,0,78.0
10110183SOUSAD_2026-03-24_G72,10110183SOUSAD,2026-03-24,107236,1,3,0,68.0
10110183SOUSAD_2026-03-24_G73,10110183SOUSAD,2026-03-24,117833,1,2,0,92.0
10110183SOUSAD_2026-03-24_G74,10110183SOUSAD,2026-03-24,118223,1,3,0,48.0
10110183SOUSAD_2026-03-24_G75,10110183SOUSAD,2026-03-24,111469,1,8,0,116.0
10110183SOUSAD_2026-03-24_G76,10110183SOUSAD,2026-03-24,117787,1,2,0,67.0
10110183SOUSAD_2026-03-24_G77,10110183SOUSAD,2026-03-24,110895,1,2,0,120.0
10110183SOUSAD_2026-03-24_G78,10110183SOUSAD,2026-03-24,110755,1,2,0,93.0
10110183SOUSAD_2026-03-24_G79,10110183SOUSAD,2026-03-24,110374,1,8,0,553.0
10110183SOUSAD_2026-03-24_G80,10110183SOUSAD,2026-03-24,117809,1,4,0,42.0
10110183SOUSAD_2026-03-24_G81,10110183SOUSAD,2026-03-24,117820,1,8,0,64.0
10110183SOUSAD_2026-03-24_G82,10110183SOUSAD,2026-03-24,110375,1,4,0,98.0
10110183SOUSAD_2026-03-24_G83,10110183SOUSAD,2026-03-24,117830,1,6,0,148.0
10110183SOUSAD_2026-03-25_G02,10110183SOUSAD,2026-03-25,118094,1,2,0,147.0
10110183SOUSAD_2026-03-25_G03,10110183SOUSAD,2026-03-25,111530,1,4,0,62.0
10110183SOUSAD_2026-03-25_G04,10110183SOUSAD,2026-03-25,117855,1,4,0,95.0
10110183SOUSAD_2026-03-25_G05,10110183SOUSAD,2026-03-25,117856,1,8,0,161.0
10110183SOUSAD_2026-03-25_G06,10110183SOUSAD,2026-03-25,117861,1,2,0,75.0
10110183SOUSAD_2026-03-25_G07,10110183SOUSAD,2026-03-25,117862,1,4,0,80.0
10110183SOUSAD_2026-03-25_G08,10110183SOUSAD,2026-03-25,111438,1,4,0,151.0
10110183SOUSAD_2026-03-25_G09,10110183SOUSAD,2026-03-25,110742,1,2,0,114.0
10110183SOUSAD_2026-03-25_G10,10110183SOUSAD,2026-03-25,117835,1,4,0,276.0
10110183SOUSAD_2026-03-25_G11,10110183SOUSAD,2026-03-25,118229,1,4,0,153.0
10110183SOUSAD_2026-03-25_G12,10110183SOUSAD,2026-03-25,100334,1,4,0,112.0
10110183SOUSAD_2026-03-25_G13,10110183SOUSAD,2026-03-25,110747,1,4,0,228.0
10110183SOUSAD_2026-03-25_G14,10110183SOUSAD,2026-03-25,111435,1,2,0,146.0
10110183SOUSAD_2026-03-25_G15,10110183SOUSAD,2026-03-25,140922,1,4,0,84.0
10110183SOUSAD_2026-03-25_G16,10110183SOUSAD,2026-03-25,117821,1,2,0,66.0
10110183SOUSAD_2026-03-25_G17,10110183SOUSAD,2026-03-25,107236,1,2,0,64.0
10110183SOUSAD_2026-03-25_G18,10110183SOUSAD,2026-03-25,141456,1,4,0,110.0
10110183SOUSAD_2026-03-25_G19,10110183SOUSAD,2026-03-25,111463,1,10,0,99.0
10110183SOUSAD_2026-03-25_G20,10110183SOUSAD,2026-03-25,110787,1,4,0,65.0
10110183SOUSAD_2026-03-25_G21,10110183SOUSAD,2026-03-25,109643,1,2,0,135.0
10110183SOUSAD_2026-03-25_G22,10110183SOUSAD,2026-03-25,117820,1,4,0,42.0
10110183SOUSAD_2026-03-25_G23,10110183SOUSAD,2026-03-25,110373,1,16,0,110.0
10110183SOUSAD_2026-03-25_G24,10110183SOUSAD,2026-03-25,110372,1,10,0,110.0
10110183SOUSAD_2026-03-25_G25,10110183SOUSAD,2026-03-25,117808,1,12,0,427.0
10110183SOUSAD_2026-03-25_G26,10110183SOUSAD,2026-03-25,117822,1,4,0,101.0
10110183SOUSAD_2026-03-25_G27,10110183SOUSAD,2026-03-25,117830,1,4,0,61.0
10110183SOUSAD_2026-03-25_G28,10110183SOUSAD,2026-03-25,108772,1,1,0,199.0
10110183SOUSAD_2026-03-25_G29,10110183SOUSAD,2026-03-25,108772,1,2,0,33.0
10110183SOUSAD_2026-03-25_G30,10110183SOUSAD,2026-03-25,111530,1,4,0,282.0
10110183SOUSAD_2026-03-25_G31,10110183SOUSAD,2026-03-25,111876,1,5,0,101.0
10110183SOUSAD_2026-03-25_G32,10110183SOUSAD,2026-03-25,111876,1,4,0,87.0
10110183SOUSAD_2026-03-25_G33,10110183SOUSAD,2026-03-25,109640,1,1,0,66.0
10110183SOUSAD_2026-03-25_G34,10110183SOUSAD,2026-03-25,108759,1,4,0,227.0
10110183SOUSAD_2026-03-25_G35,10110183SOUSAD,2026-03-25,108772,1,1,0,182.0
10110183SOUSAD_2026-03-25_G36,10110183SOUSAD,2026-03-25,111466,1,40,0,373.0
10110183SOUSAD_2026-03-25_G37,10110183SOUSAD,2026-03-25,108772,1,4,0,346.0
10110183SOUSAD_2026-03-25_G38,10110183SOUSAD,2026-03-25,110711,1,2,0,459.0
10110183SOUSAD_2026-03-25_G39,10110183SOUSAD,2026-03-25,111466,1,28,0,1068.0
10110183SOUSAD_2026-03-25_G40,10110183SOUSAD,2026-03-25,107236,1,4,0,244.0
10110183SOUSAD_2026-03-25_G41,10110183SOUSAD,2026-03-25,111418,1,8,0,198.0
10110183SOUSAD_2026-03-25_G42,10110183SOUSAD,2026-03-25,111469,1,28,0,492.0
10110183SOUSAD_2026-03-25_G43,10110183SOUSAD,2026-03-25,110740,1,4,0,67.0
10110183SOUSAD_2026-03-25_G44,10110183SOUSAD,2026-03-25,111466,1,32,0,376.0
10110183SOUSAD_2026-03-25_G45,10110183SOUSAD,2026-03-25,107236,1,4,0,292.0
10110183SOUSAD_2026-03-25_G46,10110183SOUSAD,2026-03-25,111418,1,8,0,115.0
10110183SOUSAD_2026-03-25_G47,10110183SOUSAD,2026-03-25,111469,1,32,0,181.0
10110183SOUSAD_2026-03-25_G48,10110183SOUSAD,2026-03-25,110740,1,8,0,42.0
10110183SOUSAD_2026-03-25_G49,10110183SOUSAD,2026-03-25,111466,1,40,0,235.0
10110183SOUSAD_2026-03-25_G50,10110183SOUSAD,2026-03-25,107236,1,4,0,237.0
10110183SOUSAD_2026-03-25_G51,10110183SOUSAD,2026-03-25,111418,1,8,0,136.0
10110183SOUSAD_2026-03-25_G52,10110183SOUSAD,2026-03-25,111469,1,16,0,281.0
10110183SOUSAD_2026-03-25_G53,10110183SOUSAD,2026-03-25,111466,1,36,0,508.0
10110183SOUSAD_2026-03-25_G54,10110183SOUSAD,2026-03-25,107236,1,8,0,270.0
10110183SOUSAD_2026-03-25_G55,10110183SOUSAD,2026-03-25,111418,1,12,0,104.0
10110183SOUSAD_2026-03-25_G56,10110183SOUSAD,2026-03-25,111469,1,40,0,950.0
10110183SOUSAD_2026-03-25_G57,10110183SOUSAD,2026-03-25,110740,1,8,0,144.0
10110183SOUSAD_2026-03-25_G58,10110183SOUSAD,2026-03-25,111532,1,7,0,310.0
10110183SOUSAD_2026-03-25_G59,10110183SOUSAD,2026-03-25,111462,1,8,0,162.0
10110183SOUSAD_2026-03-25_G60,10110183SOUSAD,2026-03-25,110751,1,4,0,57.0
10110183SOUSAD_2026-03-25_G62,10110183SOUSAD,2026-03-25,141457,1,12,0,116.0
10110183SOUSAD_2026-03-25_G63,10110183SOUSAD,2026-03-25,107236,1,2,0,207.0
10110183SOUSAD_2026-03-25_G64,10110183SOUSAD,2026-03-25,141456,1,4,0,132.0
10110183SOUSAD_2026-03-25_G65,10110183SOUSAD,2026-03-25,111418,1,16,0,133.0
10110183SOUSAD_2026-03-25_G66,10110183SOUSAD,2026-03-25,111468,1,6,0,78.0
10110183SOUSAD_2026-03-25_G67,10110183SOUSAD,2026-03-25,111463,1,4,0,53.0
10110183SOUSAD_2026-03-25_G68,10110183SOUSAD,2026-03-25,111469,1,8,0,224.0
10110183SOUSAD_2026-03-25_G69,10110183SOUSAD,2026-03-25,111466,1,44,0,387.0
10110183SOUSAD_2026-03-25_G70,10110183SOUSAD,2026-03-25,107236,1,8,0,302.0
10110183SOUSAD_2026-03-25_G71,10110183SOUSAD,2026-03-25,111418,1,12,0,124.0
10110183SOUSAD_2026-03-25_G72,10110183SOUSAD,2026-03-25,111469,1,48,0,287.0
10110183SOUSAD_2026-03-25_G73,10110183SOUSAD,2026-03-25,110754,1,80,0,707.0
10110183SOUSAD_2026-03-25_G74,10110183SOUSAD,2026-03-25,111465,1,206,0,986.0
10110183SOUSAD_2026-03-25_G75,10110183SOUSAD,2026-03-25,109641,1,1,0,253.0
10110183SOUSAD_2026-03-25_G76,10110183SOUSAD,2026-03-25,109649,1,254,0,1221.0
10110183SOUSAD_2026-03-25_G77,10110183SOUSAD,2026-03-25,111743,1,20,0,932.0
10110183SOUSAD_2026-03-25_G78,10110183SOUSAD,2026-03-25,111435,1,6,0,240.0
10110183SOUSAD_2026-03-25_G79,10110183SOUSAD,2026-03-25,111435,1,4,0,48.0
10110183SOUSAD_2026-03-25_G80,10110183SOUSAD,2026-03-25,111466,5,52,52,67.0
10110183SOUSAD_2026-03-25_G81,10110183SOUSAD,2026-03-25,111462,1,15,0,582.0
10110183SOUSAD_2026-03-25_G82,10110183SOUSAD,2026-03-25,110751,1,5,0,178.0
10110183SOUSAD_2026-03-25_G83,10110183SOUSAD,2026-03-25,111465,2,9,7,31.0
10110183SOUSAD_2026-03-25_G84,10110183SOUSAD,2026-03-25,118330,1,4,0,242.0
10110183SOUSAD_2026-03-25_G85,10110183SOUSAD,2026-03-25,141271,1,10,0,99.0
10110183SOUSAD_2026-03-25_G86,10110183SOUSAD,2026-03-25,109641,2,10,8,108.0
10110183SOUSAD_2026-03-25_G87,10110183SOUSAD,2026-03-25,107236,1,10,0,242.0
10110183SOUSAD_2026-03-25_G88,10110183SOUSAD,2026-03-25,111418,1,30,0,173.0
10110183SOUSAD_2026-03-25_G89,10110183SOUSAD,2026-03-25,111468,1,10,0,1158.0
10110183SOUSAD_2026-03-26_G02,10110183SOUSAD,2026-03-26,111462,1,20,0,53.0
10110183SOUSAD_2026-03-26_G03,10110183SOUSAD,2026-03-26,111465,1,12,0,254.0
10110183SOUSAD_2026-03-26_G04,10110183SOUSAD,2026-03-26,117821,1,30,0,185.0
10110183SOUSAD_2026-03-26_G05,10110183SOUSAD,2026-03-26,117785,1,10,0,521.0
10110183SOUSAD_2026-03-26_G06,10110183SOUSAD,2026-03-26,111743,1,7,0,132.0
10110183SOUSAD_2026-03-26_G07,10110183SOUSAD,2026-03-26,110787,1,7,0,238.0
10110183SOUSAD_2026-03-26_G08,10110183SOUSAD,2026-03-26,111418,1,50,0,188.0
10110183SOUSAD_2026-03-26_G09,10110183SOUSAD,2026-03-26,111468,1,20,0,661.0
10110183SOUSAD_2026-03-26_G10,10110183SOUSAD,2026-03-26,142093,1,70,0,604.0
10110183SOUSAD_2026-03-26_G11,10110183SOUSAD,2026-03-26,111463,1,50,0,897.0
10110183SOUSAD_2026-03-26_G12,10110183SOUSAD,2026-03-26,110895,1,1,0,309.0
10110183SOUSAD_2026-03-26_G13,10110183SOUSAD,2026-03-26,118283,1,2,0,90.0
10110183SOUSAD_2026-03-26_G14,10110183SOUSAD,2026-03-26,111569,1,4,0,78.0
10110183SOUSAD_2026-03-26_G15,10110183SOUSAD,2026-03-26,118094,1,4,0,222.0
10110183SOUSAD_2026-03-26_G16,10110183SOUSAD,2026-03-26,117861,1,4,0,104.0
10110183SOUSAD_2026-03-26_G17,10110183SOUSAD,2026-03-26,110313,1,5,0,94.0
10110183SOUSAD_2026-03-26_G18,10110183SOUSAD,2026-03-26,110372,1,150,0,722.0
10110183SOUSAD_2026-03-26_G19,10110183SOUSAD,2026-03-26,117808,1,150,0,753.0
10110183SOUSAD_2026-03-26_G20,10110183SOUSAD,2026-03-26,118299,1,4,0,420.0
10110183SOUSAD_2026-03-26_G21,10110183SOUSAD,2026-03-26,117832,1,12,0,76.0
10110183SOUSAD_2026-03-26_G22,10110183SOUSAD,2026-03-26,118299,1,196,0,843.0
10110183SOUSAD_2026-03-26_G23,10110183SOUSAD,2026-03-26,111602,1,4,0,200.0
10110183SOUSAD_2026-03-26_G24,10110183SOUSAD,2026-03-26,110372,1,400,0,2072.0
10110183SOUSAD_2026-03-26_G25,10110183SOUSAD,2026-03-26,110371,1,120,0,839.0
10110183SOUSAD_2026-03-26_G27,10110183SOUSAD,2026-03-26,110373,1,1,0,379.0
10110183SOUSAD_2026-03-26_G28,10110183SOUSAD,2026-03-26,117820,1,2,0,45.0
10110183SOUSAD_2026-03-26_G29,10110183SOUSAD,2026-03-26,110372,1,2,0,93.0
10110183SOUSAD_2026-03-26_G30,10110183SOUSAD,2026-03-26,117808,1,4,0,74.0
10110183SOUSAD_2026-03-26_G31,10110183SOUSAD,2026-03-26,117822,1,4,0,118.0
10110183SOUSAD_2026-03-26_G32,10110183SOUSAD,2026-03-26,110371,1,4,0,47.0
10110183SOUSAD_2026-03-26_G33,10110183SOUSAD,2026-03-26,117785,1,1,0,255.0
10110183SOUSAD_2026-03-26_G34,10110183SOUSAD,2026-03-26,111466,1,100,0,319.0
10110183SOUSAD_2026-03-26_G35,10110183SOUSAD,2026-03-26,111466,2,38,7,358.0
10110183SOUSAD_2026-03-26_G36,10110183SOUSAD,2026-03-26,117855,1,3,0,832.0
10110183SOUSAD_2026-03-26_G37,10110183SOUSAD,2026-03-26,117862,1,20,0,181.0
10110183SOUSAD_2026-03-26_G38,10110183SOUSAD,2026-03-26,111433,2,34,13,174.0
10110183SOUSAD_2026-03-26_G39,10110183SOUSAD,2026-03-26,117841,1,2,0,1608.0
10110183SOUSAD_2026-03-26_G40,10110183SOUSAD,2026-03-26,111462,1,6,0,343.0
10110183SOUSAD_2026-03-26_G41,10110183SOUSAD,2026-03-26,110751,1,1,0,67.0
10110183SOUSAD_2026-03-26_G42,10110183SOUSAD,2026-03-26,117785,1,100,0,819.0
10110183SOUSAD_2026-03-26_G43,10110183SOUSAD,2026-03-26,108795,1,6,0,88.0
10110183SOUSAD_2026-03-26_G44,10110183SOUSAD,2026-03-26,111743,1,5,0,274.0
10110183SOUSAD_2026-03-26_G45,10110183SOUSAD,2026-03-26,117838,1,21,0,419.0
10110183SOUSAD_2026-03-26_G46,10110183SOUSAD,2026-03-26,109641,1,5,0,386.0
10110183SOUSAD_2026-03-26_G47,10110183SOUSAD,2026-03-26,110787,1,2,0,49.0
10110183SOUSAD_2026-03-26_G48,10110183SOUSAD,2026-03-26,111418,1,34,0,64.0
10110183SOUSAD_2026-03-26_G49,10110183SOUSAD,2026-03-26,111468,1,5,0,691.0
10110183SOUSAD_2026-03-26_G50,10110183SOUSAD,2026-03-26,142093,1,58,0,177.0
10110183SOUSAD_2026-03-26_G51,10110183SOUSAD,2026-03-26,117831,1,4,0,259.0
10110183SOUSAD_2026-03-26_G52,10110183SOUSAD,2026-03-26,141823,1,5,0,64.0
10110183SOUSAD_2026-03-26_G53,10110183SOUSAD,2026-03-26,105705,1,5,0,369.0
10110183SOUSAD_2026-03-26_G54,10110183SOUSAD,2026-03-26,117787,1,12,0,282.0
10110183SOUSAD_2026-03-26_G55,10110183SOUSAD,2026-03-26,111876,1,4,0,126.0
10110183SOUSAD_2026-03-26_G56,10110183SOUSAD,2026-03-26,110313,1,15,0,250.0
10110183SOUSAD_2026-03-26_G57,10110183SOUSAD,2026-03-26,109643,1,10,0,373.0
10110183SOUSAD_2026-03-26_G58,10110183SOUSAD,2026-03-26,110373,1,7,0,206.0
10110183SOUSAD_2026-03-26_G59,10110183SOUSAD,2026-03-26,117820,1,6,0,75.0
10110183SOUSAD_2026-03-26_G60,10110183SOUSAD,2026-03-26,110372,1,95,0,327.0
10110183SOUSAD_2026-03-26_G61,10110183SOUSAD,2026-03-26,110375,1,13,0,373.0
10110183SOUSAD_2026-03-27_G02,10110183SOUSAD,2026-03-27,117856,1,6,0,186.0
10110183SOUSAD_2026-03-27_G03,10110183SOUSAD,2026-03-27,111348,1,4,0,190.0
10110183SOUSAD_2026-03-27_G04,10110183SOUSAD,2026-03-27,111348,1,4,0,36.0
10110183SOUSAD_2026-03-27_G05,10110183SOUSAD,2026-03-27,105705,1,11,0,236.0
10110183SOUSAD_2026-03-27_G06,10110183SOUSAD,2026-03-27,110374,1,8,0,726.0
10110183SOUSAD_2026-03-27_G07,10110183SOUSAD,2026-03-27,110371,1,6,0,138.0
10110183SOUSAD_2026-03-27_G08,10110183SOUSAD,2026-03-27,111602,1,12,0,174.0
10110183SOUSAD_2026-03-27_G09,10110183SOUSAD,2026-03-27,110313,1,4,0,138.0
10110183SOUSAD_2026-03-27_G10,10110183SOUSAD,2026-03-27,142093,1,20,0,1049.0
10110183SOUSAD_2026-03-27_G11,10110183SOUSAD,2026-03-27,110332,1,8,0,606.0
10110183SOUSAD_2026-03-27_G12,10110183SOUSAD,2026-03-27,105705,1,4,0,116.0
10110183SOUSAD_2026-03-27_G13,10110183SOUSAD,2026-03-27,140922,1,8,0,252.0
10110183SOUSAD_2026-03-27_G15,10110183SOUSAD,2026-03-27,118306,1,8,0,128.0
10110183SOUSAD_2026-03-27_G16,10110183SOUSAD,2026-03-27,110755,1,2,0,62.0
10110183SOUSAD_2026-03-27_G17,10110183SOUSAD,2026-03-27,118094,1,4,0,114.0
10110183SOUSAD_2026-03-27_G18,10110183SOUSAD,2026-03-27,117855,1,2,0,94.0
10110183SOUSAD_2026-03-27_G19,10110183SOUSAD,2026-03-27,117862,1,2,0,88.0
10110183SOUSAD_2026-03-27_G20,10110183SOUSAD,2026-03-27,111443,1,2,0,269.0
10110183SOUSAD_2026-03-27_G21,10110183SOUSAD,2026-03-27,111348,1,4,0,85.0
10110183SOUSAD_2026-03-27_G22,10110183SOUSAD,2026-03-27,111462,1,3,0,66.0
10110183SOUSAD_2026-03-27_G23,10110183SOUSAD,2026-03-27,117785,1,12,0,190.0
10110183SOUSAD_2026-03-27_G24,10110183SOUSAD,2026-03-27,111743,1,8,0,124.0
10110183SOUSAD_2026-03-27_G25,10110183SOUSAD,2026-03-27,141457,1,4,0,286.0
10110183SOUSAD_2026-03-27_G26,10110183SOUSAD,2026-03-27,111463,1,4,0,64.0
10110183SOUSAD_2026-03-27_G27,10110183SOUSAD,2026-03-27,110787,1,4,0,76.0
10110183SOUSAD_2026-03-27_G28,10110183SOUSAD,2026-03-27,141456,1,5,0,85.0
10110183SOUSAD_2026-03-27_G29,10110183SOUSAD,2026-03-27,111418,1,8,0,71.0
10110183SOUSAD_2026-03-27_G30,10110183SOUSAD,2026-03-27,142093,1,8,0,84.0
10110183SOUSAD_2026-03-27_G31,10110183SOUSAD,2026-03-27,110740,1,4,0,91.0
10110183SOUSAD_2026-03-27_G32,10110183SOUSAD,2026-03-27,141458,1,8,0,156.0
10110183SOUSAD_2026-03-27_G33,10110183SOUSAD,2026-03-27,110374,1,1,0,253.0
10110183SOUSAD_2026-03-27_G34,10110183SOUSAD,2026-03-27,117809,1,4,0,207.0
10110183SOUSAD_2026-03-27_G35,10110183SOUSAD,2026-03-27,117820,1,12,0,95.0
10110183SOUSAD_2026-03-27_G36,10110183SOUSAD,2026-03-27,141202,1,8,0,110.0
10110183SOUSAD_2026-03-27_G37,10110183SOUSAD,2026-03-27,110325,1,4,0,52.0
10110183SOUSAD_2026-03-27_G38,10110183SOUSAD,2026-03-27,117808,1,60,0,545.0
10110183SOUSAD_2026-03-27_G39,10110183SOUSAD,2026-03-27,110375,1,6,0,520.0
10110183SOUSAD_2026-03-27_G40,10110183SOUSAD,2026-03-27,117832,1,4,0,51.0
10110183SOUSAD_2026-03-27_G41,10110183SOUSAD,2026-03-27,118299,1,24,0,193.0
10110183SOUSAD_2026-03-27_G42,10110183SOUSAD,2026-03-27,110371,1,12,0,87.0
10110183SOUSAD_2026-03-27_G43,10110183SOUSAD,2026-03-27,117830,1,6,0,54.0
10110183SOUSAD_2026-03-27_G44,10110183SOUSAD,2026-03-27,117855,1,2,0,460.0
10110183SOUSAD_2026-03-27_G45,10110183SOUSAD,2026-03-27,140923,1,2,0,577.0
10110183SOUSAD_2026-03-27_G46,10110183SOUSAD,2026-03-27,109640,1,4,0,144.0
10110183SOUSAD_2026-03-27_G47,10110183SOUSAD,2026-03-27,117809,1,1,0,279.0
10110183SOUSAD_2026-03-27_G48,10110183SOUSAD,2026-03-27,110325,1,4,0,76.0
10110183SOUSAD_2026-03-27_G49,10110183SOUSAD,2026-03-27,117832,1,2,0,62.0
10110183SOUSAD_2026-03-27_G50,10110183SOUSAD,2026-03-27,117830,1,6,0,87.0
10110183SOUSAD_2026-03-29_G02,10110183SOUSAD,2026-03-29,140923,1,2,0,136.0
10110183SOUSAD_2026-03-29_G03,10110183SOUSAD,2026-03-29,141352,1,3,0,74.0
10110183SOUSAD_2026-03-29_G04,10110183SOUSAD,2026-03-29,141066,1,2,0,58.0
10110183SOUSAD_2026-03-29_G05,10110183SOUSAD,2026-03-29,141047,1,2,0,56.0
10110183SOUSAD_2026-03-29_G06,10110183SOUSAD,2026-03-29,111876,1,2,0,91.0
10110183SOUSAD_2026-03-29_G07,10110183SOUSAD,2026-03-29,117862,1,2,0,406.0
10110183SOUSAD_2026-03-29_G08,10110183SOUSAD,2026-03-29,117808,1,4,0,396.0
10110183SOUSAD_2026-03-29_G09,10110183SOUSAD,2026-03-29,110371,1,2,0,198.0
10110183SOUSAD_2026-03-29_G10,10110183SOUSAD,2026-03-29,117820,1,7,0,158.0
10110183SOUSAD_2026-03-29_G11,10110183SOUSAD,2026-03-29,110373,1,4,0,81.0
10110183SOUSAD_2026-03-29_G12,10110183SOUSAD,2026-03-29,110372,1,7,0,242.0
10110183SOUSAD_2026-03-29_G13,10110183SOUSAD,2026-03-29,117786,1,1,0,356.0
10110183SOUSAD_2026-03-29_G14,10110183SOUSAD,2026-03-29,118094,1,2,0,103.0
10110183SOUSAD_2026-03-29_G15,10110183SOUSAD,2026-03-29,110711,1,10,0,153.0
10110183SOUSAD_2026-03-29_G16,10110183SOUSAD,2026-03-29,117855,1,6,0,188.0
10110183SOUSAD_2026-03-29_G17,10110183SOUSAD,2026-03-29,140923,1,12,0,159.0
10110183SOUSAD_2026-03-29_G18,10110183SOUSAD,2026-03-29,117856,1,1,0,394.0
10110183SOUSAD_2026-03-29_G19,10110183SOUSAD,2026-03-29,141352,1,6,0,94.0
10110183SOUSAD_2026-03-29_G20,10110183SOUSAD,2026-03-29,117861,1,2,0,158.0
10110183SOUSAD_2026-03-29_G21,10110183SOUSAD,2026-03-29,111602,1,3,0,250.0
10110183SOUSAD_2026-03-29_G22,10110183SOUSAD,2026-03-29,117862,1,2,0,59.0
10110183SOUSAD_2026-03-29_G23,10110183SOUSAD,2026-03-29,110372,1,15,0,225.0
10110183SOUSAD_2026-03-29_G24,10110183SOUSAD,2026-03-29,117830,1,2,0,194.0
10110183SOUSAD_2026-03-29_G25,10110183SOUSAD,2026-03-29,111569,1,4,0,571.0
10110183SOUSAD_2026-03-29_G26,10110183SOUSAD,2026-03-29,105705,1,2,0,172.0
10110183SOUSAD_2026-03-29_G27,10110183SOUSAD,2026-03-29,110711,1,2,0,1552.0
10110183SOUSAD_2026-03-29_G28,10110183SOUSAD,2026-03-29,110711,1,6,0,38.0
10110183SOUSAD_2026-03-29_G29,10110183SOUSAD,2026-03-29,111530,1,10,0,364.0
10110183SOUSAD_2026-03-29_G30,10110183SOUSAD,2026-03-29,111602,1,10,0,147.0
10110183SOUSAD_2026-03-29_G31,10110183SOUSAD,2026-03-29,110313,1,2,0,45.0
10110183SOUSAD_2026-03-29_G32,10110183SOUSAD,2026-03-29,110755,1,6,0,116.0
10110183SOUSAD_2026-03-29_G33,10110183SOUSAD,2026-03-29,141456,1,4,0,88.0
10110183SOUSAD_2026-03-29_G34,10110183SOUSAD,2026-03-29,111530,1,10,0,305.0
10110183SOUSAD_2026-03-29_G35,10110183SOUSAD,2026-03-29,111469,1,14,0,215.0
10110183SOUSAD_2026-03-29_G36,10110183SOUSAD,2026-03-29,111466,1,6,0,233.0
10110183SOUSAD_2026-03-29_G37,10110183SOUSAD,2026-03-29,118299,1,62,0,677.0
10110183SOUSAD_2026-03-29_G38,10110183SOUSAD,2026-03-29,117841,1,2,0,521.0
10110183SOUSAD_2026-03-29_G39,10110183SOUSAD,2026-03-29,111469,1,6,0,294.0
10110183SOUSAD_2026-03-29_G40,10110183SOUSAD,2026-03-29,118299,1,4,0,221.0
10110183SOUSAD_2026-03-29_G41,10110183SOUSAD,2026-03-29,108794,1,4,0,201.0
10110183SOUSAD_2026-03-29_G42,10110183SOUSAD,2026-03-29,109640,1,10,0,255.0
10110183SOUSAD_2026-03-29_G43,10110183SOUSAD,2026-03-29,111530,1,30,0,409.0
10110183SOUSAD_2026-03-29_G44,10110183SOUSAD,2026-03-29,111602,1,7,0,91.0
10110183SOUSAD_2026-03-29_G45,10110183SOUSAD,2026-03-29,110895,1,3,0,1783.0
10110183SOUSAD_2026-03-29_G46,10110183SOUSAD,2026-03-29,111602,1,5,0,249.0
10110183SOUSAD_2026-03-29_G47,10110183SOUSAD,2026-03-29,110711,1,1,0,163.0
10110183SOUSAD_2026-03-29_G48,10110183SOUSAD,2026-03-29,111530,1,1,0,105.0
10110183SOUSAD_2026-03-29_G50,10110183SOUSAD,2026-03-29,117821,1,3,0,67.0
10110183SOUSAD_2026-03-29_G51,10110183SOUSAD,2026-03-29,117841,1,2,0,56.0
10110183SOUSAD_2026-03-29_G52,10110183SOUSAD,2026-03-29,117785,1,4,0,44.0
10110183SOUSAD_2026-03-29_G53,10110183SOUSAD,2026-03-29,141457,1,3,0,108.0
10110183SOUSAD_2026-03-29_G54,10110183SOUSAD,2026-03-29,111463,1,3,0,77.0
10110183SOUSAD_2026-03-29_G55,10110183SOUSAD,2026-03-29,110374,1,2,0,125.0
10110183SOUSAD_2026-03-29_G56,10110183SOUSAD,2026-03-29,110374,1,22,0,122.0
10110183SOUSAD_2026-03-29_G57,10110183SOUSAD,2026-03-29,117820,1,17,0,214.0
10110183SOUSAD_2026-03-29_G58,10110183SOUSAD,2026-03-29,110373,1,2,0,79.0
10110183SOUSAD_2026-03-29_G59,10110183SOUSAD,2026-03-29,117830,1,3,0,91.0
10110183SOUSAD_2026-03-29_G60,10110183SOUSAD,2026-03-29,110895,1,2,0,109.0
10110183SOUSAD_2026-03-29_G61,10110183SOUSAD,2026-03-29,117834,1,2,0,52.0
10110183SOUSAD_2026-03-29_G62,10110183SOUSAD,2026-03-29,116527,1,2,0,593.0
10110183SOUSAD_2026-03-29_G63,10110183SOUSAD,2026-03-29,142045,1,8,0,133.0
10110183SOUSAD_2026-03-29_G64,10110183SOUSAD,2026-03-29,109647,1,8,0,164.0
10110183SOUSAD_2026-03-29_G65,10110183SOUSAD,2026-03-29,110711,1,3,0,44.0
10110183SOUSAD_2026-03-29_G66,10110183SOUSAD,2026-03-29,117820,1,18,0,373.0
10110183SOUSAD_2026-03-29_G67,10110183SOUSAD,2026-03-29,110373,1,20,0,362.0
10110183SOUSAD_2026-03-29_G68,10110183SOUSAD,2026-03-29,105705,1,3,0,1118.0
10110183SOUSAD_2026-03-29_G69,10110183SOUSAD,2026-03-29,111418,1,4,0,484.0
10110183SOUSAD_2026-03-29_G70,10110183SOUSAD,2026-03-29,111353,1,2,0,123.0
10110183SOUSAD_2026-03-29_G71,10110183SOUSAD,2026-03-29,110339,1,2,0,1401.0
10110183SOUSAD_2026-03-29_G72,10110183SOUSAD,2026-03-29,111530,1,2,0,79.0
10110183SOUSAD_2026-03-29_G73,10110183SOUSAD,2026-03-29,111602,1,2,0,95.0
10110183SOUSAD_2026-03-29_G74,10110183SOUSAD,2026-03-29,117821,1,4,0,169.0
10110183SOUSAD_2026-03-29_G75,10110183SOUSAD,2026-03-29,110787,1,6,0,221.0
10110183SOUSAD_2026-03-29_G76,10110183SOUSAD,2026-03-29,108794,1,1,0,205.0
10110183SOUSAD_2026-03-29_G77,10110183SOUSAD,2026-03-29,108794,1,3,0,42.0
10110183SOUSAD_2026-03-29_G78,10110183SOUSAD,2026-03-29,110374,1,3,0,324.0
10110183SOUSAD_2026-03-29_G79,10110183SOUSAD,2026-03-29,141202,1,2,0,91.0
10110183SOUSAD_2026-03-29_G80,10110183SOUSAD,2026-03-29,117808,1,8,0,368.0
10110183SOUSAD_2026-03-29_G81,10110183SOUSAD,2026-03-29,110371,1,5,0,279.0
10110183SOUSAD_2026-03-29_G82,10110183SOUSAD,2026-03-29,141271,1,6,0,617.0
10110183SOUSAD_2026-03-29_G83,10110183SOUSAD,2026-03-29,118306,1,4,0,367.0
10110183SOUSAD_2026-03-29_G84,10110183SOUSAD,2026-03-29,110755,1,4,0,69.0
10110183SOUSAD_2026-03-29_G85,10110183SOUSAD,2026-03-29,117785,1,4,0,130.0
10110183SOUSAD_2026-03-29_G86,10110183SOUSAD,2026-03-29,108794,1,2,0,89.0
10110183SOUSAD_2026-03-29_G87,10110183SOUSAD,2026-03-29,109640,1,4,0,85.0
10110183SOUSAD_2026-03-29_G88,10110183SOUSAD,2026-03-29,117855,1,4,0,142.0
10110183SOUSAD_2026-03-30_G02,10110183SOUSAD,2026-03-30,110895,1,6,0,82.0
10110183SOUSAD_2026-03-30_G03,10110183SOUSAD,2026-03-30,160055,1,2,0,125.0
10110183SOUSAD_2026-03-30_G04,10110183SOUSAD,2026-03-30,141457,1,20,0,719.0
10110183SOUSAD_2026-03-30_G05,10110183SOUSAD,2026-03-30,111467,1,3,0,983.0
10110183SOUSAD_2026-03-30_G06,10110183SOUSAD,2026-03-30,110711,1,3,0,88.0
10110183SOUSAD_2026-03-30_G07,10110183SOUSAD,2026-03-30,110374,1,30,0,195.0
10110183SOUSAD_2026-03-30_G08,10110183SOUSAD,2026-03-30,108770,1,3,0,852.0
10110183SOUSAD_2026-03-30_G09,10110183SOUSAD,2026-03-30,111172,1,19,0,387.0
10110183SOUSAD_2026-03-30_G11,10110183SOUSAD,2026-03-30,117786,1,3,0,223.0
10110183SOUSAD_2026-03-30_G12,10110183SOUSAD,2026-03-30,110711,1,6,0,1027.0
10110183SOUSAD_2026-03-30_G13,10110183SOUSAD,2026-03-30,108770,1,4,0,346.0
10110183SOUSAD_2026-03-30_G14,10110183SOUSAD,2026-03-30,111602,1,4,0,134.0
10110183SOUSAD_2026-03-30_G15,10110183SOUSAD,2026-03-30,110895,1,4,0,204.0
10110183SOUSAD_2026-03-30_G16,10110183SOUSAD,2026-03-30,110313,1,5,0,1535.0
10110183SOUSAD_2026-03-30_G17,10110183SOUSAD,2026-03-30,141457,1,2,0,104.0
10110183SOUSAD_2026-03-30_G18,10110183SOUSAD,2026-03-30,111172,1,7,0,77.0
10110183SOUSAD_2026-03-30_G19,10110183SOUSAD,2026-03-30,111532,1,8,0,95.0
10110183SOUSAD_2026-03-30_G20,10110183SOUSAD,2026-03-30,110325,1,6,0,141.0
10110183SOUSAD_2026-03-30_G21,10110183SOUSAD,2026-03-30,110373,1,4,0,98.0
10110183SOUSAD_2026-03-30_G22,10110183SOUSAD,2026-03-30,111530,1,4,0,142.0
10110183SOUSAD_2026-03-30_G23,10110183SOUSAD,2026-03-30,141456,1,7,0,379.0
10110183SOUSAD_2026-03-30_G24,10110183SOUSAD,2026-03-30,141457,1,3,0,85.0
10110183SOUSAD_2026-03-30_G25,10110183SOUSAD,2026-03-30,111172,1,22,0,305.0
10110183SOUSAD_2026-03-30_G26,10110183SOUSAD,2026-03-30,111532,1,6,0,110.0
10110183SOUSAD_2026-03-30_G27,10110183SOUSAD,2026-03-30,110895,1,4,0,149.0
10110183SOUSAD_2026-03-30_G28,10110183SOUSAD,2026-03-30,108770,1,2,0,218.0
10110183SOUSAD_2026-03-30_G29,10110183SOUSAD,2026-03-30,110711,1,2,0,115.0
10110183SOUSAD_2026-03-30_G30,10110183SOUSAD,2026-03-30,117862,1,2,0,129.0
10110183SOUSAD_2026-03-30_G31,10110183SOUSAD,2026-03-30,110325,1,16,0,196.0
10110183SOUSAD_2026-03-30_G32,10110183SOUSAD,2026-03-30,109640,1,2,0,382.0
10110183SOUSAD_2026-03-30_G33,10110183SOUSAD,2026-03-30,111530,1,4,0,106.0
10110183SOUSAD_2026-03-30_G34,10110183SOUSAD,2026-03-30,111602,1,4,0,204.0
10110183SOUSAD_2026-03-30_G35,10110183SOUSAD,2026-03-30,110313,1,4,0,96.0
10110183SOUSAD_2026-03-30_G36,10110183SOUSAD,2026-03-30,110582,1,8,0,201.0
10110183SOUSAD_2026-03-30_G37,10110183SOUSAD,2026-03-30,111532,1,2,0,92.0
10110183SOUSAD_2026-03-30_G38,10110183SOUSAD,2026-03-30,111438,1,2,0,404.0
10110183SOUSAD_2026-03-30_G39,10110183SOUSAD,2026-03-30,111569,1,2,0,120.0
10110183SOUSAD_2026-03-30_G40,10110183SOUSAD,2026-03-30,110747,1,4,0,166.0
10110183SOUSAD_2026-03-30_G41,10110183SOUSAD,2026-03-30,110754,1,2,0,222.0
10110183SOUSAD_2026-03-30_G42,10110183SOUSAD,2026-03-30,109647,1,10,0,161.0
10110183SOUSAD_2026-03-30_G43,10110183SOUSAD,2026-03-30,111602,1,5,0,96.0
10110183SOUSAD_2026-03-30_G44,10110183SOUSAD,2026-03-30,111462,1,2,0,254.0
10110183SOUSAD_2026-03-30_G45,10110183SOUSAD,2026-03-30,117820,1,4,0,89.0
10110183SOUSAD_2026-03-30_G46,10110183SOUSAD,2026-03-30,110711,2,4,6,768.0
10110183SOUSAD_2026-03-30_G47,10110183SOUSAD,2026-03-30,111172,1,18,0,181.0
10110183SOUSAD_2026-03-30_G48,10110183SOUSAD,2026-03-30,111532,1,10,0,463.0
10110183SOUSAD_2026-03-30_G49,10110183SOUSAD,2026-03-30,110895,1,6,0,135.0
10110183SOUSAD_2026-03-30_G50,10110183SOUSAD,2026-03-30,111530,1,2,0,325.0
10110183SOUSAD_2026-03-30_G51,10110183SOUSAD,2026-03-30,110313,1,3,0,85.0
10110183SOUSAD_2026-03-30_G52,10110183SOUSAD,2026-03-30,117820,1,10,0,129.0
10110183SOUSAD_2026-03-30_G53,10110183SOUSAD,2026-03-30,117808,1,5,0,96.0
10110183SOUSAD_2026-03-30_G54,10110183SOUSAD,2026-03-30,111532,1,2,0,344.0
10110183SOUSAD_2026-03-30_G55,10110183SOUSAD,2026-03-30,142093,1,4,0,103.0
10110183SOUSAD_2026-03-30_G56,10110183SOUSAD,2026-03-30,141458,1,12,0,100.0
10110183SOUSAD_2026-03-31_G02,10110183SOUSAD,2026-03-31,110895,1,10,0,198.0
10110183SOUSAD_2026-03-31_G03,10110183SOUSAD,2026-03-31,110895,1,20,0,191.0
10110183SOUSAD_2026-03-31_G04,10110183SOUSAD,2026-03-31,109645,1,10,0,173.0
10110183SOUSAD_2026-03-31_G05,10110183SOUSAD,2026-03-31,111172,3,72,13,391.0
10110183SOUSAD_2026-03-31_G06,10110183SOUSAD,2026-03-31,111532,4,33,27,605.0
10110183SOUSAD_2026-03-31_G07,10110183SOUSAD,2026-03-31,108794,1,30,0,424.0
10110183SOUSAD_2026-03-31_G08,10110183SOUSAD,2026-03-31,110787,2,10,26,384.0
10110183SOUSAD_2026-03-31_G09,10110183SOUSAD,2026-03-31,117786,1,25,0,158.0
10110183SOUSAD_2026-03-31_G10,10110183SOUSAD,2026-03-31,117786,1,60,0,89.0
10110183SOUSAD_2026-03-31_G11,10110183SOUSAD,2026-03-31,110374,1,10,0,544.0
10110183SOUSAD_2026-03-31_G12,10110183SOUSAD,2026-03-31,109645,1,4,0,772.0
10110183SOUSAD_2026-03-31_G13,10110183SOUSAD,2026-03-31,111172,1,1,0,164.0
10110183SOUSAD_2026-03-31_G14,10110183SOUSAD,2026-03-31,111172,3,9,10,1138.0
10110183SOUSAD_2026-03-31_G15,10110183SOUSAD,2026-03-31,108711,2,6,6,124.0
10110183SOUSAD_2026-03-31_G16,10110183SOUSAD,2026-03-31,"111172, 108711",4,13,39,401.0
10110183SOUSAD_2026-03-31_G17,10110183SOUSAD,2026-03-31,108711,1,6,0,121.0
10110183SOUSAD_2026-03-31_G18,10110183SOUSAD,2026-03-31,111172,2,6,7,428.0
10110183SOUSAD_2026-03-31_G19,10110183SOUSAD,2026-03-31,"108794, 108711",2,2,23,93.0
10110183SOUSAD_2026-03-31_G20,10110183SOUSAD,2026-03-31,108711,1,5,0,55.0
10110183SOUSAD_2026-03-31_G21,10110183SOUSAD,2026-03-31,110895,1,5,0,226.0
10110183SOUSAD_2026-03-31_G22,10110183SOUSAD,2026-03-31,110895,1,7,0,261.0
10110183SOUSAD_2026-03-31_G23,10110183SOUSAD,2026-03-31,111434,1,12,0,748.0
10110183SOUSAD_2026-03-31_G24,10110183SOUSAD,2026-03-31,111330,1,4,0,279.0
10110183SOUSAD_2026-03-31_G25,10110183SOUSAD,2026-03-31,140922,1,14,0,111.0
10110183SOUSAD_2026-03-31_G26,10110183SOUSAD,2026-03-31,111465,1,2,0,169.0
10110183SOUSAD_2026-03-31_G27,10110183SOUSAD,2026-03-31,111418,1,2,0,48.0
10110183SOUSAD_2026-03-31_G28,10110183SOUSAD,2026-03-31,117785,1,1,0,53.0
10110183SOUSAD_2026-03-31_G29,10110183SOUSAD,2026-03-31,111172,5,13,24,81.0
10110183SOUSAD_2026-03-31_G30,10110183SOUSAD,2026-03-31,111532,1,10,0,328.0
10110183SOUSAD_2026-03-31_G31,10110183SOUSAD,2026-03-31,108794,1,8,0,318.0
10110183SOUSAD_2026-03-31_G32,10110183SOUSAD,2026-03-31,142093,1,3,0,105.0
10110183SOUSAD_2026-03-31_G33,10110183SOUSAD,2026-03-31,117831,1,1,0,70.0
10110183SOUSAD_2026-03-31_G34,10110183SOUSAD,2026-03-31,108711,10,51,89,52.0
10110183SOUSAD_2026-03-31_G35,10110183SOUSAD,2026-03-31,110895,2,30,7,682.0
10110183SOUSAD_2026-03-31_G36,10110183SOUSAD,2026-03-31,108770,1,4,0,388.0
10110183SOUSAD_2026-03-31_G37,10110183SOUSAD,2026-03-31,142045,1,4,0,114.0
10110183SOUSAD_2026-03-31_G38,10110183SOUSAD,2026-03-31,111434,1,2,0,665.0
10110183SOUSAD_2026-03-31_G39,10110183SOUSAD,2026-03-31,109645,1,4,0,56.0
10110183SOUSAD_2026-03-31_G40,10110183SOUSAD,2026-03-31,111532,3,27,14,100.0
10110183SOUSAD_2026-03-31_G42,10110183SOUSAD,2026-03-31,108794,1,2,0,56.0
10110183SOUSAD_2026-03-31_G43,10110183SOUSAD,2026-03-31,111442,1,1,0,285.0
10110183SOUSAD_2026-03-31_G44,10110183SOUSAD,2026-03-31,111442,1,4,0,126.0
10110183SOUSAD_2026-03-31_G45,10110183SOUSAD,2026-03-31,141916,1,2,0,563.0
10110183SOUSAD_2026-03-31_G46,10110183SOUSAD,2026-03-31,117834,3,10,14,146.0
10110183SOUSAD_2026-03-31_G47,10110183SOUSAD,2026-03-31,111441,1,2,0,59.0
10110183SOUSAD_2026-03-31_G48,10110183SOUSAD,2026-03-31,111441,3,6,24,97.0
10110183SOUSAD_2026-03-31_G49,10110183SOUSAD,2026-03-31,111438,1,2,0,193.0
10110183SOUSAD_2026-03-31_G50,10110183SOUSAD,2026-03-31,111438,1,4,0,648.0
10110183SOUSAD_2026-03-31_G51,10110183SOUSAD,2026-03-31,111569,1,1,0,163.0
10110183SOUSAD_2026-03-31_G52,10110183SOUSAD,2026-03-31,160057,1,9,0,126.0
10110183SOUSAD_2026-03-31_G53,10110183SOUSAD,2026-03-31,142045,1,29,0,533.0
10110183SOUSAD_2026-03-31_G54,10110183SOUSAD,2026-03-31,118229,1,4,0,140.0
10110183SOUSAD_2026-03-31_G55,10110183SOUSAD,2026-03-31,117856,3,13,52,893.0
10110183SOUSAD_2026-03-31_G56,10110183SOUSAD,2026-03-31,110743,1,12,0,1402.0
10110183SOUSAD_2026-03-31_G57,10110183SOUSAD,2026-03-31,109649,1,10,0,131.0
10110183SOUSAD_2026-03-31_G58,10110183SOUSAD,2026-03-31,117831,1,20,0,141.0
10110183SOUSAD_2026-03-31_G59,10110183SOUSAD,2026-03-31,110750,1,33,0,1468.0
10110183SOUSAD_2026-03-31_G60,10110183SOUSAD,2026-03-31,111762,1,20,0,502.0
10110183SOUSAD_2026-03-31_G61,10110183SOUSAD,2026-03-31,111418,1,40,0,923.0
10110183SOUSAD_2026-03-31_G62,10110183SOUSAD,2026-03-31,110740,1,16,0,710.0
10110183SOUSAD_2026-04-01_G02,10110183SOUSAD,2026-04-01,110753,1,142,0,1601.0
10110183SOUSAD_2026-04-01_G03,10110183SOUSAD,2026-04-01,109647,1,300,0,1197.0
10110183SOUSAD_2026-04-01_G04,10110183SOUSAD,2026-04-01,117834,1,39,0,489.0
10110183SOUSAD_2026-04-01_G05,10110183SOUSAD,2026-04-01,111876,1,52,0,885.0
10110183SOUSAD_2026-04-01_G06,10110183SOUSAD,2026-04-01,107263,1,21,0,751.0
10110183SOUSAD_2026-04-01_G07,10110183SOUSAD,2026-04-01,111468,1,1,0,361.0
10110183SOUSAD_2026-04-01_G08,10110183SOUSAD,2026-04-01,111465,1,414,0,1150.0
10110183SOUSAD_2026-04-01_G09,10110183SOUSAD,2026-04-01,109649,1,193,0,731.0
10110183SOUSAD_2026-04-01_G10,10110183SOUSAD,2026-04-01,111602,1,151,0,479.0
10110183SOUSAD_2026-04-07_G02,10110183SOUSAD,2026-04-07,111444,1,4,0,88.0
10110183SOUSAD_2026-04-07_G03,10110183SOUSAD,2026-04-07,111743,1,4,0,100.0
10110183SOUSAD_2026-04-07_G04,10110183SOUSAD,2026-04-07,111532,1,8,0,175.0
10110183SOUSAD_2026-04-07_G05,10110183SOUSAD,2026-04-07,142093,1,8,0,144.0
10110183SOUSAD_2026-04-07_G06,10110183SOUSAD,2026-04-07,108711,1,2,0,150.0
10110183SOUSAD_2026-04-07_G07,10110183SOUSAD,2026-04-07,111469,1,8,0,344.0
10110183SOUSAD_2026-04-07_G08,10110183SOUSAD,2026-04-07,111465,1,2,0,241.0
10110183SOUSAD_2026-04-07_G09,10110183SOUSAD,2026-04-07,111348,1,4,0,304.0
10110183SOUSAD_2026-04-07_G10,10110183SOUSAD,2026-04-07,111469,1,8,0,371.0
10110183SOUSAD_2026-04-07_G11,10110183SOUSAD,2026-04-07,110787,1,4,0,444.0
10110183SOUSAD_2026-04-07_G12,10110183SOUSAD,2026-04-07,110787,1,4,0,49.0
10110183SOUSAD_2026-04-07_G13,10110183SOUSAD,2026-04-07,111466,1,8,0,167.0
10110183SOUSAD_2026-04-07_G14,10110183SOUSAD,2026-04-07,111465,1,1,0,156.0
10110183SOUSAD_2026-04-07_G15,10110183SOUSAD,2026-04-07,111530,1,8,0,173.0
10110183SOUSAD_2026-04-07_G16,10110183SOUSAD,2026-04-07,111530,3,11,23,62.0
10110183SOUSAD_2026-04-07_G17,10110183SOUSAD,2026-04-07,140923,1,9,0,165.0
10110183SOUSAD_2026-04-07_G18,10110183SOUSAD,2026-04-07,117837,1,4,0,34.0
10110183SOUSAD_2026-04-07_G19,10110183SOUSAD,2026-04-07,118094,1,3,0,97.0
10110183SOUSAD_2026-04-07_G20,10110183SOUSAD,2026-04-07,111467,1,3,0,256.0
10110183SOUSAD_2026-04-07_G21,10110183SOUSAD,2026-04-07,141047,1,4,0,283.0
10110183SOUSAD_2026-04-07_G22,10110183SOUSAD,2026-04-07,107830,1,6,0,336.0
10110183SOUSAD_2026-04-07_G23,10110183SOUSAD,2026-04-07,111463,1,4,0,778.0
10110183SOUSAD_2026-04-07_G24,10110183SOUSAD,2026-04-07,110787,1,4,0,127.0
10110183SOUSAD_2026-04-07_G25,10110183SOUSAD,2026-04-07,140922,1,3,0,105.0
10110183SOUSAD_2026-04-07_G26,10110183SOUSAD,2026-04-07,108795,1,4,0,71.0
10110183SOUSAD_2026-04-07_G27,10110183SOUSAD,2026-04-07,117821,1,3,0,69.0
10110183SOUSAD_2026-04-07_G28,10110183SOUSAD,2026-04-07,110745,1,4,0,81.0
10110183SOUSAD_2026-04-07_G29,10110183SOUSAD,2026-04-07,111532,1,4,0,564.0
10110183SOUSAD_2026-04-07_G30,10110183SOUSAD,2026-04-07,108794,1,4,0,94.0
10110183SOUSAD_2026-04-07_G31,10110183SOUSAD,2026-04-07,108711,1,3,0,479.0
10110183SOUSAD_2026-04-07_G32,10110183SOUSAD,2026-04-07,117856,1,4,0,271.0
10110183SOUSAD_2026-04-07_G33,10110183SOUSAD,2026-04-07,110741,1,3,0,175.0
10110183SOUSAD_2026-04-07_G34,10110183SOUSAD,2026-04-07,"110711, 111530",2,7,21,96.0
10110183SOUSAD_2026-04-07_G35,10110183SOUSAD,2026-04-07,110339,1,3,0,201.0
10110183SOUSAD_2026-04-07_G36,10110183SOUSAD,2026-04-07,110313,1,6,0,99.0
10110183SOUSAD_2026-04-07_G37,10110183SOUSAD,2026-04-07,110374,1,4,0,123.0
10110183SOUSAD_2026-04-07_G38,10110183SOUSAD,2026-04-07,117820,1,8,0,1294.0
10110183SOUSAD_2026-04-07_G39,10110183SOUSAD,2026-04-07,118299,1,12,0,141.0
10110183SOUSAD_2026-04-07_G40,10110183SOUSAD,2026-04-07,117832,1,2,0,119.0
10110183SOUSAD_2026-04-07_G41,10110183SOUSAD,2026-04-07,117808,1,12,0,130.0
10110183SOUSAD_2026-04-07_G42,10110183SOUSAD,2026-04-07,117830,1,4,0,167.0
10110183SOUSAD_2026-04-07_G43,10110183SOUSAD,2026-04-07,117855,1,1,0,96.0
10110183SOUSAD_2026-04-07_G44,10110183SOUSAD,2026-04-07,142093,1,2,0,71.0
10110183SOUSAD_2026-04-07_G45,10110183SOUSAD,2026-04-07,117831,1,1,0,112.0
10110183SOUSAD_2026-04-07_G46,10110183SOUSAD,2026-04-07,110787,1,1,0,268.0
10110183SOUSAD_2026-04-07_G47,10110183SOUSAD,2026-04-07,109648,1,2,0,364.0
10110183SOUSAD_2026-04-07_G48,10110183SOUSAD,2026-04-07,118299,1,8,0,94.0
10110183SOUSAD_2026-04-07_G49,10110183SOUSAD,2026-04-07,117832,1,4,0,88.0
10110183SOUSAD_2026-04-08_G02,10110183SOUSAD,2026-04-08,142093,1,6,0,69.0
10110191SILVAD_2026-01-23_G02,10110191SILVAD,2026-01-23,111602,1,7,0,179.0
10110191SILVAD_2026-01-23_G03,10110191SILVAD,2026-01-23,111602,1,51,0,923.0
10110191SILVAD_2026-01-23_G04,10110191SILVAD,2026-01-23,108772,1,4,0,212.0
10110191SILVAD_2026-01-23_G05,10110191SILVAD,2026-01-23,117856,1,7,0,191.0
10110191SILVAD_2026-01-23_G06,10110191SILVAD,2026-01-23,110339,1,4,0,132.0
10110191SILVAD_2026-01-23_G07,10110191SILVAD,2026-01-23,117809,1,2,0,198.0
10110191SILVAD_2026-01-23_G08,10110191SILVAD,2026-01-23,117832,1,3,0,164.0
10110191SILVAD_2026-01-23_G09,10110191SILVAD,2026-01-23,117832,1,10,0,175.0
10110191SILVAD_2026-01-23_G10,10110191SILVAD,2026-01-23,140922,1,4,0,691.0
10110191SILVAD_2026-01-23_G11,10110191SILVAD,2026-01-23,111466,1,20,0,480.0
10110191SILVAD_2026-01-23_G12,10110191SILVAD,2026-01-23,111462,1,6,0,219.0
10110191SILVAD_2026-01-23_G14,10110191SILVAD,2026-01-23,118094,1,20,0,449.0
10110191SILVAD_2026-01-23_G15,10110191SILVAD,2026-01-23,111467,1,2,0,157.0
10110191SILVAD_2026-01-23_G16,10110191SILVAD,2026-01-23,140923,1,20,0,556.0
10110191SILVAD_2026-01-24_G02,10110191SILVAD,2026-01-24,110339,1,10,0,171.0
10110191SILVAD_2026-01-24_G03,10110191SILVAD,2026-01-24,117855,1,8,0,207.0
10110191SILVAD_2026-01-24_G04,10110191SILVAD,2026-01-24,111532,1,20,0,648.0
10110191SILVAD_2026-01-24_G05,10110191SILVAD,2026-01-24,110895,1,1,0,873.0
10110191SILVAD_2026-01-24_G06,10110191SILVAD,2026-01-24,110500,1,3,0,229.0
10110191SILVAD_2026-01-24_G07,10110191SILVAD,2026-01-24,117821,1,3,0,310.0
10110191SILVAD_2026-01-24_G08,10110191SILVAD,2026-01-24,110332,1,2,0,107.0
10110191SILVAD_2026-01-24_G09,10110191SILVAD,2026-01-24,108798,1,2,0,107.0
10110191SILVAD_2026-01-24_G10,10110191SILVAD,2026-01-24,117809,1,5,0,211.0
10110191SILVAD_2026-01-24_G11,10110191SILVAD,2026-01-24,117820,1,6,0,136.0
10110191SILVAD_2026-01-24_G12,10110191SILVAD,2026-01-24,117808,1,10,0,256.0
10110191SILVAD_2026-01-24_G13,10110191SILVAD,2026-01-24,118299,1,5,0,131.0
10110191SILVAD_2026-01-24_G14,10110191SILVAD,2026-01-24,108772,1,4,0,167.0
10110191SILVAD_2026-01-24_G15,10110191SILVAD,2026-01-24,117856,1,2,0,442.0
10110191SILVAD_2026-01-24_G16,10110191SILVAD,2026-01-24,110742,1,1,0,484.0
10110191SILVAD_2026-01-24_G17,10110191SILVAD,2026-01-24,110372,1,40,0,419.0
10110191SILVAD_2026-01-24_G18,10110191SILVAD,2026-01-24,118299,1,30,0,609.0
10110191SILVAD_2026-01-24_G19,10110191SILVAD,2026-01-24,111532,1,12,0,180.0
10110191SILVAD_2026-01-24_G20,10110191SILVAD,2026-01-24,117856,1,2,0,380.0
10110191SILVAD_2026-01-24_G21,10110191SILVAD,2026-01-24,110895,1,3,0,1060.0
10110191SILVAD_2026-01-24_G22,10110191SILVAD,2026-01-24,110373,1,20,0,695.0
10110191SILVAD_2026-01-24_G23,10110191SILVAD,2026-01-24,141202,1,2,0,341.0
10110191SILVAD_2026-01-24_G24,10110191SILVAD,2026-01-24,117808,1,24,0,242.0
10110191SILVAD_2026-01-24_G25,10110191SILVAD,2026-01-24,118299,1,12,0,129.0
10110191SILVAD_2026-01-24_G26,10110191SILVAD,2026-01-24,117830,1,4,0,163.0
10110191SILVAD_2026-01-24_G27,10110191SILVAD,2026-01-24,141047,1,4,0,170.0
10110191SILVAD_2026-01-24_G28,10110191SILVAD,2026-01-24,117855,1,4,0,154.0
10110191SILVAD_2026-01-24_G29,10110191SILVAD,2026-01-24,109641,1,2,0,186.0
10110191SILVAD_2026-01-24_G30,10110191SILVAD,2026-01-24,105705,1,4,0,556.0
10110191SILVAD_2026-01-24_G31,10110191SILVAD,2026-01-24,108795,1,2,0,57.0
10110191SILVAD_2026-01-24_G32,10110191SILVAD,2026-01-24,108794,1,3,0,57.0
10110191SILVAD_2026-01-24_G33,10110191SILVAD,2026-01-24,140922,1,5,0,157.0
10110191SILVAD_2026-01-25_G02,10110191SILVAD,2026-01-25,141318,1,4,0,331.0
10110191SILVAD_2026-01-25_G03,10110191SILVAD,2026-01-25,100334,1,1,0,45.0
10110191SILVAD_2026-01-25_G04,10110191SILVAD,2026-01-25,111569,1,8,0,133.0
10110191SILVAD_2026-01-25_G05,10110191SILVAD,2026-01-25,111876,1,7,0,174.0
10110191SILVAD_2026-01-25_G06,10110191SILVAD,2026-01-25,117855,1,2,0,115.0
10110191SILVAD_2026-01-25_G07,10110191SILVAD,2026-01-25,111466,1,6,0,333.0
10110191SILVAD_2026-01-25_G08,10110191SILVAD,2026-01-25,111418,1,8,0,210.0
10110191SILVAD_2026-01-25_G09,10110191SILVAD,2026-01-25,110740,1,7,0,209.0
10110191SILVAD_2026-01-25_G10,10110191SILVAD,2026-01-25,110374,1,4,0,462.0
10110191SILVAD_2026-01-25_G11,10110191SILVAD,2026-01-25,110372,1,6,0,659.0
10110191SILVAD_2026-01-25_G12,10110191SILVAD,2026-01-25,117808,1,4,0,190.0
10110191SILVAD_2026-01-25_G13,10110191SILVAD,2026-01-25,118299,1,9,0,137.0
10110191SILVAD_2026-01-25_G14,10110191SILVAD,2026-01-25,100334,1,4,0,120.0
10110191SILVAD_2026-01-25_G15,10110191SILVAD,2026-01-25,117821,1,3,0,171.0
10110191SILVAD_2026-01-25_G16,10110191SILVAD,2026-01-25,117856,1,8,0,474.0
10110191SILVAD_2026-01-25_G17,10110191SILVAD,2026-01-25,111438,1,8,0,718.0
10110191SILVAD_2026-01-25_G18,10110191SILVAD,2026-01-25,110747,1,2,0,194.0
10110191SILVAD_2026-01-25_G19,10110191SILVAD,2026-01-25,100334,1,1,0,70.0
10110191SILVAD_2026-01-25_G20,10110191SILVAD,2026-01-25,118094,1,1,0,160.0
10110191SILVAD_2026-01-25_G21,10110191SILVAD,2026-01-25,140923,1,8,0,353.0
10110191SILVAD_2026-01-25_G22,10110191SILVAD,2026-01-25,110339,1,2,0,114.0
10110191SILVAD_2026-01-25_G23,10110191SILVAD,2026-01-25,117862,1,5,0,308.0
10110191SILVAD_2026-01-25_G24,10110191SILVAD,2026-01-25,111532,1,1,0,91.0
10110191SILVAD_2026-01-25_G25,10110191SILVAD,2026-01-25,141271,1,4,0,107.0
10110191SILVAD_2026-01-25_G26,10110191SILVAD,2026-01-25,111418,1,14,0,160.0
10110191SILVAD_2026-01-25_G27,10110191SILVAD,2026-01-25,117785,1,4,0,137.0
10110191SILVAD_2026-01-25_G28,10110191SILVAD,2026-01-25,117820,1,4,0,131.0
10110191SILVAD_2026-01-25_G29,10110191SILVAD,2026-01-25,117808,1,11,0,173.0
10110191SILVAD_2026-01-25_G30,10110191SILVAD,2026-01-25,109640,1,3,0,804.0
10110191SILVAD_2026-01-25_G31,10110191SILVAD,2026-01-25,109645,1,2,0,233.0
10110191SILVAD_2026-01-26_G02,10110191SILVAD,2026-01-26,141916,1,6,0,226.0
10110191SILVAD_2026-01-26_G03,10110191SILVAD,2026-01-26,141318,1,4,0,97.0
10110191SILVAD_2026-01-26_G04,10110191SILVAD,2026-01-26,140911,1,1,0,44.0
10110191SILVAD_2026-01-26_G05,10110191SILVAD,2026-01-26,110623,1,4,0,139.0
10110191SILVAD_2026-01-26_G06,10110191SILVAD,2026-01-26,117837,1,2,0,314.0
10110191SILVAD_2026-01-26_G07,10110191SILVAD,2026-01-26,140923,1,8,0,176.0
10110191SILVAD_2026-01-26_G08,10110191SILVAD,2026-01-26,111876,1,2,0,134.0
10110191SILVAD_2026-01-26_G09,10110191SILVAD,2026-01-26,110339,1,8,0,126.0
10110191SILVAD_2026-01-26_G10,10110191SILVAD,2026-01-26,117855,1,5,0,131.0
10110191SILVAD_2026-01-26_G11,10110191SILVAD,2026-01-26,110063,1,2,0,325.0
10110191SILVAD_2026-01-26_G12,10110191SILVAD,2026-01-26,117862,1,5,0,137.0
10110191SILVAD_2026-01-26_G13,10110191SILVAD,2026-01-26,111466,1,8,0,404.0
10110191SILVAD_2026-01-26_G14,10110191SILVAD,2026-01-26,111532,1,5,0,100.0
10110191SILVAD_2026-01-26_G15,10110191SILVAD,2026-01-26,111462,1,8,0,123.0
10110191SILVAD_2026-01-26_G16,10110191SILVAD,2026-01-26,111418,1,5,0,123.0
10110191SILVAD_2026-01-26_G17,10110191SILVAD,2026-01-26,111468,1,4,0,65.0
10110191SILVAD_2026-01-26_G18,10110191SILVAD,2026-01-26,117833,1,4,0,152.0
10110191SILVAD_2026-01-26_G19,10110191SILVAD,2026-01-26,110740,1,8,0,219.0
10110191SILVAD_2026-01-26_G20,10110191SILVAD,2026-01-26,117787,1,3,0,177.0
10110191SILVAD_2026-01-26_G21,10110191SILVAD,2026-01-26,141458,1,10,0,141.0
10110191SILVAD_2026-01-26_G22,10110191SILVAD,2026-01-26,117785,1,7,0,86.0
10110191SILVAD_2026-01-26_G23,10110191SILVAD,2026-01-26,110733,1,1,0,158.0
10110191SILVAD_2026-01-26_G24,10110191SILVAD,2026-01-26,118140,1,3,0,588.0
10110191SILVAD_2026-01-26_G25,10110191SILVAD,2026-01-26,111467,1,4,0,641.0
10110191SILVAD_2026-01-26_G26,10110191SILVAD,2026-01-26,108772,1,1,0,121.0
10110191SILVAD_2026-01-26_G27,10110191SILVAD,2026-01-26,117862,1,6,0,82.0
10110191SILVAD_2026-01-26_G28,10110191SILVAD,2026-01-26,117831,1,3,0,152.0
10110191SILVAD_2026-01-26_G29,10110191SILVAD,2026-01-26,111418,1,8,0,158.0
10110191SILVAD_2026-01-26_G30,10110191SILVAD,2026-01-26,111468,1,2,0,71.0
10110191SILVAD_2026-01-26_G31,10110191SILVAD,2026-01-26,111469,1,4,0,450.0
10110191SILVAD_2026-01-26_G32,10110191SILVAD,2026-01-26,110740,1,6,0,99.0
10110191SILVAD_2026-01-26_G33,10110191SILVAD,2026-01-26,118140,1,1,0,177.0
10110191SILVAD_2026-01-26_G34,10110191SILVAD,2026-01-26,141458,1,6,0,127.0
10110191SILVAD_2026-01-26_G35,10110191SILVAD,2026-01-26,117785,1,6,0,63.0
10110191SILVAD_2026-01-26_G36,10110191SILVAD,2026-01-26,110372,1,11,0,230.0
10110191SILVAD_2026-01-26_G37,10110191SILVAD,2026-01-26,117820,1,5,0,114.0
10110191SILVAD_2026-01-26_G38,10110191SILVAD,2026-01-26,141202,1,6,0,92.0
10110191SILVAD_2026-01-26_G39,10110191SILVAD,2026-01-26,118299,1,3,0,96.0
10110191SILVAD_2026-01-26_G40,10110191SILVAD,2026-01-26,110373,1,6,0,118.0
10110191SILVAD_2026-01-26_G41,10110191SILVAD,2026-01-26,117832,1,3,0,128.0
10110191SILVAD_2026-01-26_G42,10110191SILVAD,2026-01-26,111438,1,2,0,723.0
10110191SILVAD_2026-01-26_G43,10110191SILVAD,2026-01-26,141916,1,4,0,150.0
10110191SILVAD_2026-01-26_G44,10110191SILVAD,2026-01-26,111876,1,4,0,167.0
10110191SILVAD_2026-01-26_G45,10110191SILVAD,2026-01-26,117856,1,2,0,164.0
10110191SILVAD_2026-01-26_G46,10110191SILVAD,2026-01-26,109640,1,2,0,92.0
10110191SILVAD_2026-01-26_G47,10110191SILVAD,2026-01-26,110339,1,2,0,61.0
10110191SILVAD_2026-01-26_G48,10110191SILVAD,2026-01-26,117861,1,4,0,155.0
10110191SILVAD_2026-01-26_G49,10110191SILVAD,2026-01-26,117809,1,2,0,165.0
10110191SILVAD_2026-01-26_G50,10110191SILVAD,2026-01-26,110372,1,2,0,60.0
10110191SILVAD_2026-01-26_G51,10110191SILVAD,2026-01-26,118299,1,4,0,128.0
10110191SILVAD_2026-01-26_G52,10110191SILVAD,2026-01-26,117832,1,2,0,73.0
10110191SILVAD_2026-01-26_G53,10110191SILVAD,2026-01-26,117831,1,2,0,217.0
10110191SILVAD_2026-01-26_G54,10110191SILVAD,2026-01-26,111466,1,5,0,120.0
10110191SILVAD_2026-01-26_G55,10110191SILVAD,2026-01-26,111418,1,2,0,99.0
10110191SILVAD_2026-01-26_G56,10110191SILVAD,2026-01-26,117833,1,2,0,91.0
10110191SILVAD_2026-01-26_G57,10110191SILVAD,2026-01-26,110740,1,4,0,144.0
10110191SILVAD_2026-01-26_G58,10110191SILVAD,2026-01-26,117785,1,4,0,99.0
10110191SILVAD_2026-01-26_G60,10110191SILVAD,2026-01-26,117820,1,8,0,136.0
10110191SILVAD_2026-01-26_G61,10110191SILVAD,2026-01-26,107830,1,4,0,214.0
10110191SILVAD_2026-01-26_G62,10110191SILVAD,2026-01-26,117832,1,4,0,109.0
10110191SILVAD_2026-01-26_G63,10110191SILVAD,2026-01-26,110787,1,4,0,161.0
10110191SILVAD_2026-01-26_G64,10110191SILVAD,2026-01-26,111463,1,10,0,387.0
10110191SILVAD_2026-01-26_G65,10110191SILVAD,2026-01-26,141823,1,4,0,65.0
10110191SILVAD_2026-01-26_G66,10110191SILVAD,2026-01-26,141457,1,8,0,158.0
10110191SILVAD_2026-01-26_G67,10110191SILVAD,2026-01-26,109640,1,11,0,433.0
10110191SILVAD_2026-01-26_G68,10110191SILVAD,2026-01-26,118140,1,7,0,470.0
10110191SILVAD_2026-01-26_G69,10110191SILVAD,2026-01-26,117809,1,200,0,1208.0
10110191SILVAD_2026-01-26_G70,10110191SILVAD,2026-01-26,110372,1,300,0,936.0
10110191SILVAD_2026-01-26_G71,10110191SILVAD,2026-01-26,117820,1,114,0,286.0
10110191SILVAD_2026-01-26_G72,10110191SILVAD,2026-01-26,118271,1,15,0,307.0
10110191SILVAD_2026-01-26_G73,10110191SILVAD,2026-01-26,110373,1,38,0,488.0
10110191SILVAD_2026-01-26_G74,10110191SILVAD,2026-01-26,107830,1,10,0,179.0
10110191SILVAD_2026-01-26_G75,10110191SILVAD,2026-01-26,118277,1,80,0,1292.0
10110191SILVAD_2026-01-26_G76,10110191SILVAD,2026-01-26,110374,1,3,0,809.0
10110191SILVAD_2026-01-26_G77,10110191SILVAD,2026-01-26,111602,1,3,0,130.0
10110191SILVAD_2026-01-26_G78,10110191SILVAD,2026-01-26,141166,1,30,0,480.0
10110191SILVAD_2026-01-26_G79,10110191SILVAD,2026-01-26,110787,1,10,0,535.0
10110191SILVAD_2026-01-26_G80,10110191SILVAD,2026-01-26,111418,1,10,0,195.0
10110191SILVAD_2026-01-26_G81,10110191SILVAD,2026-01-26,117808,1,20,0,270.0
10110191SILVAD_2026-01-26_G83,10110191SILVAD,2026-01-26,110374,1,3,0,329.0
10110191SILVAD_2026-01-26_G84,10110191SILVAD,2026-01-26,110787,1,4,0,136.0
10110191SILVAD_2026-01-26_G85,10110191SILVAD,2026-01-26,110787,1,11,0,150.0
10110191SILVAD_2026-01-27_G02,10110191SILVAD,2026-01-27,110313,1,21,0,244.0
10110191SILVAD_2026-01-27_G03,10110191SILVAD,2026-01-27,117855,1,24,0,1532.0
10110191SILVAD_2026-01-27_G04,10110191SILVAD,2026-01-27,117861,1,188,0,329.0
10110191SILVAD_2026-01-27_G06,10110191SILVAD,2026-01-27,110895,1,2,0,806.0
10110191SILVAD_2026-01-27_G07,10110191SILVAD,2026-01-27,140922,1,2,0,300.0
10110191SILVAD_2026-01-27_G08,10110191SILVAD,2026-01-27,111743,1,2,0,48.0
10110191SILVAD_2026-01-27_G09,10110191SILVAD,2026-01-27,110787,1,6,0,116.0
10110191SILVAD_2026-01-27_G10,10110191SILVAD,2026-01-27,111418,1,2,0,97.0
10110191SILVAD_2026-01-27_G11,10110191SILVAD,2026-01-27,110740,1,1,0,108.0
10110191SILVAD_2026-01-27_G12,10110191SILVAD,2026-01-27,118299,1,10,0,134.0
10110191SILVAD_2026-01-27_G13,10110191SILVAD,2026-01-27,141457,1,1,0,321.0
10110191SILVAD_2026-01-27_G14,10110191SILVAD,2026-01-27,110787,1,3,0,217.0
10110191SILVAD_2026-01-27_G15,10110191SILVAD,2026-01-27,141457,1,1,0,123.0
10110191SILVAD_2026-01-27_G16,10110191SILVAD,2026-01-27,111602,1,2,0,515.0
10110191SILVAD_2026-01-27_G17,10110191SILVAD,2026-01-27,110787,1,2,0,137.0
10110191SILVAD_2026-01-27_G18,10110191SILVAD,2026-01-27,141457,1,4,0,130.0
10110191SILVAD_2026-01-27_G19,10110191SILVAD,2026-01-27,110374,1,4,0,109.0
10110191SILVAD_2026-01-27_G20,10110191SILVAD,2026-01-27,110371,1,4,0,140.0
10110191SILVAD_2026-01-27_G21,10110191SILVAD,2026-01-27,111433,1,2,0,309.0
10110191SILVAD_2026-01-27_G22,10110191SILVAD,2026-01-27,111463,1,4,0,133.0
10110191SILVAD_2026-01-27_G24,10110191SILVAD,2026-01-27,110372,1,78,0,650.0
10110191SILVAD_2026-01-27_G25,10110191SILVAD,2026-01-27,117822,1,8,0,419.0
10110191SILVAD_2026-01-27_G26,10110191SILVAD,2026-01-27,117820,1,20,0,188.0
10110191SILVAD_2026-01-27_G27,10110191SILVAD,2026-01-27,110373,1,110,0,475.0
10110191SILVAD_2026-01-27_G28,10110191SILVAD,2026-01-27,117830,1,4,0,214.0
10110191SILVAD_2026-01-27_G29,10110191SILVAD,2026-01-27,117832,1,20,0,308.0
10110191SILVAD_2026-01-27_G30,10110191SILVAD,2026-01-27,110371,1,40,0,255.0
10110191SILVAD_2026-01-27_G31,10110191SILVAD,2026-01-27,141271,1,8,0,439.0
10110191SILVAD_2026-01-27_G32,10110191SILVAD,2026-01-27,111462,1,3,0,55.0
10110191SILVAD_2026-01-27_G33,10110191SILVAD,2026-01-27,111418,1,27,0,245.0
10110191SILVAD_2026-01-27_G34,10110191SILVAD,2026-01-27,117833,1,4,0,102.0
10110191SILVAD_2026-01-27_G35,10110191SILVAD,2026-01-27,111469,1,6,0,94.0
10110191SILVAD_2026-01-27_G36,10110191SILVAD,2026-01-27,118140,1,20,0,233.0
10110191SILVAD_2026-01-27_G37,10110191SILVAD,2026-01-27,141458,1,20,0,676.0
10110191SILVAD_2026-01-27_G38,10110191SILVAD,2026-01-27,117785,1,17,0,126.0
10110191SILVAD_2026-01-27_G39,10110191SILVAD,2026-01-27,118283,1,6,0,169.0
10110191SILVAD_2026-01-27_G40,10110191SILVAD,2026-01-27,109643,1,30,0,470.0
10110191SILVAD_2026-01-27_G41,10110191SILVAD,2026-01-27,117855,1,6,0,347.0
10110191SILVAD_2026-01-27_G42,10110191SILVAD,2026-01-27,111602,1,10,0,663.0
10110191SILVAD_2026-01-27_G43,10110191SILVAD,2026-01-27,111602,1,5,0,147.0
10110191SILVAD_2026-01-27_G44,10110191SILVAD,2026-01-27,141457,1,10,0,654.0
10110191SILVAD_2026-01-27_G45,10110191SILVAD,2026-01-27,111445,1,1,0,656.0
10110191SILVAD_2026-01-27_G47,10110191SILVAD,2026-01-27,111876,1,2,0,526.0
10110191SILVAD_2026-01-27_G48,10110191SILVAD,2026-01-27,111602,1,3,0,193.0
10110191SILVAD_2026-01-27_G49,10110191SILVAD,2026-01-27,141166,1,2,0,49.0
10110191SILVAD_2026-01-27_G50,10110191SILVAD,2026-01-27,111463,1,2,0,159.0
10110191SILVAD_2026-01-27_G51,10110191SILVAD,2026-01-27,141457,1,4,0,112.0
10110191SILVAD_2026-01-28_G02,10110191SILVAD,2026-01-28,117856,1,20,0,365.0
10110191SILVAD_2026-01-28_G03,10110191SILVAD,2026-01-28,141352,1,4,0,122.0
10110191SILVAD_2026-01-28_G04,10110191SILVAD,2026-01-28,111602,1,20,0,511.0
10110191SILVAD_2026-01-28_G05,10110191SILVAD,2026-01-28,111462,1,30,0,834.0
10110191SILVAD_2026-01-28_G06,10110191SILVAD,2026-01-28,111418,1,50,0,789.0
10110191SILVAD_2026-01-28_G07,10110191SILVAD,2026-01-28,117808,1,80,0,561.0
10110191SILVAD_2026-01-28_G08,10110191SILVAD,2026-01-28,110371,1,30,0,303.0
10110191SILVAD_2026-01-28_G09,10110191SILVAD,2026-01-28,111418,1,4,0,425.0
10110191SILVAD_2026-01-28_G10,10110191SILVAD,2026-01-28,111418,1,8,0,87.0
10110191SILVAD_2026-01-28_G11,10110191SILVAD,2026-01-28,117808,1,26,0,451.0
10110191SILVAD_2026-01-28_G12,10110191SILVAD,2026-01-28,110372,1,4,0,103.0
10110191SILVAD_2026-01-28_G13,10110191SILVAD,2026-01-28,105705,1,6,0,404.0
10110191SILVAD_2026-01-28_G14,10110191SILVAD,2026-01-28,108795,1,4,0,78.0
10110191SILVAD_2026-01-28_G15,10110191SILVAD,2026-01-28,117831,1,4,0,156.0
10110191SILVAD_2026-01-28_G16,10110191SILVAD,2026-01-28,141823,1,6,0,146.0
10110191SILVAD_2026-01-28_G17,10110191SILVAD,2026-01-28,111468,1,6,0,158.0
10110191SILVAD_2026-01-28_G18,10110191SILVAD,2026-01-28,141457,1,4,0,124.0
10110191SILVAD_2026-01-28_G19,10110191SILVAD,2026-01-28,110740,1,2,0,125.0
10110191SILVAD_2026-01-28_G20,10110191SILVAD,2026-01-28,110373,1,7,0,118.0
10110191SILVAD_2026-01-28_G21,10110191SILVAD,2026-01-28,107830,1,2,0,88.0
10110191SILVAD_2026-01-28_G22,10110191SILVAD,2026-01-28,140923,1,6,0,158.0
10110191SILVAD_2026-01-28_G23,10110191SILVAD,2026-01-28,111569,1,4,0,1339.0
10110191SILVAD_2026-01-28_G24,10110191SILVAD,2026-01-28,111705,1,1,0,183.0
10110191SILVAD_2026-01-28_G26,10110191SILVAD,2026-01-28,110787,2,14,21,159.0
10110191SILVAD_2026-01-28_G27,10110191SILVAD,2026-01-28,111530,1,3,0,182.0
10110191SILVAD_2026-01-28_G28,10110191SILVAD,2026-01-28,111530,1,15,0,530.0
10110191SILVAD_2026-01-28_G29,10110191SILVAD,2026-01-28,110787,1,4,0,108.0
10110191SILVAD_2026-01-28_G30,10110191SILVAD,2026-01-28,111433,1,2,0,193.0
10110191SILVAD_2026-01-28_G31,10110191SILVAD,2026-01-28,110747,1,8,0,415.0
10110191SILVAD_2026-01-28_G32,10110191SILVAD,2026-01-28,111602,1,5,0,197.0
10110191SILVAD_2026-01-28_G33,10110191SILVAD,2026-01-28,109640,1,4,0,105.0
10110191SILVAD_2026-01-28_G34,10110191SILVAD,2026-01-28,140922,1,3,0,118.0
10110191SILVAD_2026-01-28_G35,10110191SILVAD,2026-01-28,111444,1,4,0,126.0
10110191SILVAD_2026-01-28_G36,10110191SILVAD,2026-01-28,110740,1,4,0,95.0
10110191SILVAD_2026-01-28_G37,10110191SILVAD,2026-01-28,111463,1,4,0,514.0
10110191SILVAD_2026-01-28_G38,10110191SILVAD,2026-01-28,111530,1,52,0,572.0
10110191SILVAD_2026-01-28_G39,10110191SILVAD,2026-01-28,110325,1,1,0,812.0
10110191SILVAD_2026-01-28_G40,10110191SILVAD,2026-01-28,111446,1,1,0,99.0
10110191SILVAD_2026-01-28_G41,10110191SILVAD,2026-01-28,160051,1,8,0,231.0
10110191SILVAD_2026-01-28_G42,10110191SILVAD,2026-01-28,141166,1,3,0,117.0
10110191SILVAD_2026-01-28_G43,10110191SILVAD,2026-01-28,109640,1,16,0,781.0
10110191SILVAD_2026-01-28_G44,10110191SILVAD,2026-01-28,110787,1,30,0,331.0
10110191SILVAD_2026-01-28_G45,10110191SILVAD,2026-01-28,109649,1,4,0,121.0
10110191SILVAD_2026-01-28_G46,10110191SILVAD,2026-01-28,141456,1,4,0,60.0
10110191SILVAD_2026-01-28_G47,10110191SILVAD,2026-01-28,110787,1,28,0,857.0
10110191SILVAD_2026-01-28_G48,10110191SILVAD,2026-01-28,111463,1,50,0,543.0
10110191SILVAD_2026-01-28_G49,10110191SILVAD,2026-01-28,141457,1,20,0,215.0
10110191SILVAD_2026-01-28_G50,10110191SILVAD,2026-01-28,110742,1,5,0,231.0
10110191SILVAD_2026-01-28_G51,10110191SILVAD,2026-01-28,111602,1,16,0,143.0
10110191SILVAD_2026-01-28_G52,10110191SILVAD,2026-01-28,141166,1,16,0,445.0
10110191SILVAD_2026-01-28_G54,10110191SILVAD,2026-01-28,110371,1,20,0,145.0
10110191SILVAD_2026-01-28_G55,10110191SILVAD,2026-01-28,110371,1,20,0,56.0
10110191SILVAD_2026-01-28_G56,10110191SILVAD,2026-01-28,110742,1,8,0,305.0
10110191SILVAD_2026-01-28_G57,10110191SILVAD,2026-01-28,110374,2,6,26,265.0
10110191SILVAD_2026-01-29_G02,10110191SILVAD,2026-01-29,141166,1,1,0,164.0
10110191SILVAD_2026-01-29_G03,10110191SILVAD,2026-01-29,110787,1,8,0,139.0
10110191SILVAD_2026-01-29_G04,10110191SILVAD,2026-01-29,111433,1,4,0,187.0
10110191SILVAD_2026-01-29_G05,10110191SILVAD,2026-01-29,110371,1,2,0,361.0
10110191SILVAD_2026-01-29_G06,10110191SILVAD,2026-01-29,111602,1,8,0,556.0
10110191SILVAD_2026-01-29_G07,10110191SILVAD,2026-01-29,111602,1,10,0,119.0
10110191SILVAD_2026-01-29_G08,10110191SILVAD,2026-01-29,141166,1,2,0,1633.0
10110191SILVAD_2026-01-29_G09,10110191SILVAD,2026-01-29,110787,1,2,0,351.0
10110191SILVAD_2026-01-29_G10,10110191SILVAD,2026-01-29,110371,1,3,0,129.0
10110191SILVAD_2026-01-29_G11,10110191SILVAD,2026-01-29,111463,1,4,0,182.0
10110191SILVAD_2026-01-29_G12,10110191SILVAD,2026-01-29,110374,1,8,0,170.0
10110191SILVAD_2026-01-29_G13,10110191SILVAD,2026-01-29,111602,1,1,0,415.0
10110191SILVAD_2026-01-29_G14,10110191SILVAD,2026-01-29,111602,1,3,0,41.0
10110191SILVAD_2026-01-29_G15,10110191SILVAD,2026-01-29,110374,1,4,0,379.0
10110191SILVAD_2026-01-29_G16,10110191SILVAD,2026-01-29,110374,1,4,0,43.0
10110191SILVAD_2026-01-29_G17,10110191SILVAD,2026-01-29,111602,1,6,0,41.0
10110191SILVAD_2026-01-29_G18,10110191SILVAD,2026-01-29,111463,1,8,0,149.0
10110191SILVAD_2026-01-29_G19,10110191SILVAD,2026-01-29,111722,1,24,0,1017.0
10110191SILVAD_2026-01-29_G20,10110191SILVAD,2026-01-29,118191,1,12,0,152.0
10110191SILVAD_2026-01-29_G21,10110191SILVAD,2026-01-29,141262,1,12,0,126.0
10110191SILVAD_2026-01-29_G22,10110191SILVAD,2026-01-29,110313,1,5,0,2517.0
10110191SILVAD_2026-01-29_G23,10110191SILVAD,2026-01-29,107629,1,2,0,144.0
10110191SILVAD_2026-01-29_G24,10110191SILVAD,2026-01-29,141352,1,5,0,97.0
10110191SILVAD_2026-01-29_G25,10110191SILVAD,2026-01-29,111353,1,8,0,92.0
10110191SILVAD_2026-01-29_G26,10110191SILVAD,2026-01-29,111602,1,32,0,653.0
10110191SILVAD_2026-01-29_G27,10110191SILVAD,2026-01-29,110374,1,25,0,487.0
10110191SILVAD_2026-01-29_G29,10110191SILVAD,2026-01-29,160053,1,6,0,609.0
10110191SILVAD_2026-01-29_G30,10110191SILVAD,2026-01-29,110741,1,4,0,349.0
10110191SILVAD_2026-01-29_G31,10110191SILVAD,2026-01-29,111530,1,14,0,233.0
10110191SILVAD_2026-01-29_G32,10110191SILVAD,2026-01-29,111530,1,6,0,124.0
10110191SILVAD_2026-01-29_G33,10110191SILVAD,2026-01-29,111530,1,20,0,687.0
10110191SILVAD_2026-01-29_G34,10110191SILVAD,2026-01-29,111530,1,4,0,1473.0
10110191SILVAD_2026-01-29_G35,10110191SILVAD,2026-01-29,110741,1,4,0,195.0
10110191SILVAD_2026-01-29_G36,10110191SILVAD,2026-01-29,111530,1,8,0,166.0
10110191SILVAD_2026-01-29_G37,10110191SILVAD,2026-01-29,105705,1,12,0,2006.0
10110191SILVAD_2026-01-29_G38,10110191SILVAD,2026-01-29,110787,1,40,0,506.0
10110191SILVAD_2026-01-29_G39,10110191SILVAD,2026-01-29,110787,1,16,0,212.0
10110191SILVAD_2026-01-29_G40,10110191SILVAD,2026-01-29,110787,1,20,0,571.0
10110191SILVAD_2026-01-29_G41,10110191SILVAD,2026-01-29,111532,1,60,0,342.0
10110191SILVAD_2026-01-29_G43,10110191SILVAD,2026-01-29,111172,2,6,25,73.0
10110191SILVAD_2026-01-29_G44,10110191SILVAD,2026-01-29,141456,1,14,0,499.0
10110191SILVAD_2026-01-30_G02,10110191SILVAD,2026-01-30,111463,1,30,0,443.0
10110191SILVAD_2026-01-30_G03,10110191SILVAD,2026-01-30,141823,1,24,0,190.0
10110191SILVAD_2026-01-30_G04,10110191SILVAD,2026-01-30,141457,1,50,0,454.0
10110191SILVAD_2026-01-30_G05,10110191SILVAD,2026-01-30,141457,1,38,0,318.0
10110191SILVAD_2026-01-30_G06,10110191SILVAD,2026-01-30,141457,1,32,0,334.0
10110191SILVAD_2026-01-30_G07,10110191SILVAD,2026-01-30,111431,1,4,0,152.0
10110191SILVAD_2026-01-30_G08,10110191SILVAD,2026-01-30,111530,1,4,0,1036.0
10110191SILVAD_2026-01-30_G09,10110191SILVAD,2026-01-30,111530,1,9,0,137.0
10110191SILVAD_2026-01-30_G10,10110191SILVAD,2026-01-30,141140,1,4,0,295.0
10110191SILVAD_2026-01-30_G11,10110191SILVAD,2026-01-30,118191,1,10,0,590.0
10110191SILVAD_2026-01-30_G12,10110191SILVAD,2026-01-30,111634,1,8,0,191.0
10110191SILVAD_2026-01-30_G13,10110191SILVAD,2026-01-30,111740,1,4,0,169.0
10110191SILVAD_2026-01-30_G14,10110191SILVAD,2026-01-30,111722,1,8,0,178.0
10110191SILVAD_2026-01-30_G15,10110191SILVAD,2026-01-30,110129,1,4,0,2728.0
10110191SILVAD_2026-01-30_G16,10110191SILVAD,2026-01-30,111465,1,4,0,96.0
10110191SILVAD_2026-01-30_G17,10110191SILVAD,2026-01-30,111465,1,4,0,54.0
10110191SILVAD_2026-01-30_G18,10110191SILVAD,2026-01-30,108795,1,1,0,66.0
10110191SILVAD_2026-01-30_G19,10110191SILVAD,2026-01-30,108795,1,4,0,36.0
10110191SILVAD_2026-01-30_G20,10110191SILVAD,2026-01-30,109645,1,2,0,85.0
10110191SILVAD_2026-01-30_G21,10110191SILVAD,2026-01-30,109645,1,4,0,49.0
10110191SILVAD_2026-01-30_G22,10110191SILVAD,2026-01-30,110787,1,14,0,111.0
10110191SILVAD_2026-01-30_G23,10110191SILVAD,2026-01-30,111466,1,21,0,121.0
10110191SILVAD_2026-01-30_G24,10110191SILVAD,2026-01-30,111532,1,28,0,850.0
10110191SILVAD_2026-01-30_G25,10110191SILVAD,2026-01-30,111532,1,8,0,60.0
10110191SILVAD_2026-01-30_G27,10110191SILVAD,2026-01-30,117808,1,300,0,734.0
10110191SILVAD_2026-01-30_G28,10110191SILVAD,2026-01-30,117808,1,500,0,678.0
10110191SILVAD_2026-01-30_G29,10110191SILVAD,2026-01-30,140911,1,3,0,503.0
10110191SILVAD_2026-01-30_G30,10110191SILVAD,2026-01-30,110373,1,2,0,151.0
10110191SILVAD_2026-01-30_G31,10110191SILVAD,2026-01-30,141166,1,2,0,316.0
10110191SILVAD_2026-01-30_G32,10110191SILVAD,2026-01-30,109643,1,2,0,905.0
10110191SILVAD_2026-01-30_G33,10110191SILVAD,2026-01-30,117820,1,11,0,150.0
10110191SILVAD_2026-01-30_G34,10110191SILVAD,2026-01-30,110372,1,13,0,109.0
10110191SILVAD_2026-01-30_G35,10110191SILVAD,2026-01-30,117808,1,10,0,154.0
10110191SILVAD_2026-01-30_G36,10110191SILVAD,2026-01-30,117808,1,50,0,230.0
10110191SILVAD_2026-01-30_G37,10110191SILVAD,2026-01-30,117832,1,14,0,330.0
10110191SILVAD_2026-01-30_G38,10110191SILVAD,2026-01-30,110371,1,10,0,80.0
10110191SILVAD_2026-01-30_G39,10110191SILVAD,2026-01-30,110371,1,4,0,38.0
10110191SILVAD_2026-01-30_G40,10110191SILVAD,2026-01-30,110371,2,8,25,53.0
10110191SILVAD_2026-01-30_G41,10110191SILVAD,2026-01-30,118285,1,2,0,805.0
10110191SILVAD_2026-01-30_G42,10110191SILVAD,2026-01-30,118326,1,2,0,88.0
10110191SILVAD_2026-01-30_G43,10110191SILVAD,2026-01-30,110711,1,4,0,236.0
10110191SILVAD_2026-01-30_G44,10110191SILVAD,2026-01-30,109933,1,4,0,109.0
10110191SILVAD_2026-01-30_G45,10110191SILVAD,2026-01-30,111468,1,4,0,722.0
10110191SILVAD_2026-01-30_G46,10110191SILVAD,2026-01-30,111602,1,5,0,236.0
10110191SILVAD_2026-01-30_G47,10110191SILVAD,2026-01-30,110374,1,14,0,354.0
10110191SILVAD_2026-01-30_G48,10110191SILVAD,2026-01-30,111602,1,2,0,112.0
10110191SILVAD_2026-01-30_G49,10110191SILVAD,2026-01-30,111468,1,4,0,125.0
10110191SILVAD_2026-01-30_G50,10110191SILVAD,2026-01-30,111469,1,7,0,158.0
10110191SILVAD_2026-01-30_G51,10110191SILVAD,2026-01-30,111602,1,12,0,538.0
10110191SILVAD_2026-01-30_G52,10110191SILVAD,2026-01-30,105705,1,8,0,133.0
10110191SILVAD_2026-01-30_G53,10110191SILVAD,2026-01-30,110374,1,14,0,183.0
10110191SILVAD_2026-01-30_G54,10110191SILVAD,2026-01-30,111602,1,8,0,188.0
10110191SILVAD_2026-01-30_G55,10110191SILVAD,2026-01-30,110374,1,18,0,157.0
10110191SILVAD_2026-01-30_G56,10110191SILVAD,2026-01-30,111602,1,10,0,426.0
10110191SILVAD_2026-01-30_G57,10110191SILVAD,2026-01-30,141166,1,4,0,173.0
10110191SILVAD_2026-01-30_G58,10110191SILVAD,2026-01-30,111468,1,8,0,130.0
10110191SILVAD_2026-01-30_G60,10110191SILVAD,2026-01-30,111602,1,8,0,471.0
10110191SILVAD_2026-01-30_G61,10110191SILVAD,2026-01-30,105705,1,3,0,78.0
10110191SILVAD_2026-01-30_G62,10110191SILVAD,2026-01-30,110374,1,5,0,59.0
10110191SILVAD_2026-01-30_G63,10110191SILVAD,2026-01-30,111602,1,2,0,134.0
10110191SILVAD_2026-01-30_G64,10110191SILVAD,2026-01-30,111602,1,54,0,333.0
10110191SILVAD_2026-01-31_G02,10110191SILVAD,2026-01-31,111602,1,8,0,152.0
10110191SILVAD_2026-01-31_G03,10110191SILVAD,2026-01-31,118317,1,8,0,393.0
10110191SILVAD_2026-01-31_G04,10110191SILVAD,2026-01-31,141457,1,50,0,387.0
10110191SILVAD_2026-01-31_G05,10110191SILVAD,2026-01-31,110376,1,1,0,85.0
10110191SILVAD_2026-01-31_G06,10110191SILVAD,2026-01-31,118281,1,4,0,98.0
10110191SILVAD_2026-01-31_G07,10110191SILVAD,2026-01-31,110376,1,2,0,109.0
10110191SILVAD_2026-01-31_G08,10110191SILVAD,2026-01-31,110376,1,11,0,268.0
10110191SILVAD_2026-01-31_G09,10110191SILVAD,2026-01-31,111433,1,4,0,582.0
10110191SILVAD_2026-01-31_G10,10110191SILVAD,2026-01-31,118299,1,8,0,891.0
10110191SILVAD_2026-01-31_G11,10110191SILVAD,2026-01-31,118140,1,6,0,214.0
10110191SILVAD_2026-01-31_G12,10110191SILVAD,2026-01-31,111530,1,22,0,511.0
10110191SILVAD_2026-01-31_G13,10110191SILVAD,2026-01-31,111530,1,4,0,202.0
10110191SILVAD_2026-01-31_G14,10110191SILVAD,2026-01-31,110711,1,3,0,328.0
10110191SILVAD_2026-01-31_G15,10110191SILVAD,2026-01-31,111530,1,8,0,164.0
10110191SILVAD_2026-01-31_G16,10110191SILVAD,2026-01-31,111530,1,8,0,52.0
10110191SILVAD_2026-01-31_G17,10110191SILVAD,2026-01-31,110787,1,20,0,221.0
10110191SILVAD_2026-01-31_G18,10110191SILVAD,2026-01-31,105705,1,8,0,2307.0
10110191SILVAD_2026-01-31_G19,10110191SILVAD,2026-01-31,105705,1,4,0,48.0
10110191SILVAD_2026-01-31_G20,10110191SILVAD,2026-01-31,111466,1,1,0,71.0
10110191SILVAD_2026-01-31_G21,10110191SILVAD,2026-01-31,141458,1,4,0,136.0
10110191SILVAD_2026-01-31_G22,10110191SILVAD,2026-01-31,141458,1,4,0,41.0
10110191SILVAD_2026-01-31_G23,10110191SILVAD,2026-01-31,117836,1,20,0,295.0
10110191SILVAD_2026-01-31_G24,10110191SILVAD,2026-01-31,117836,1,2,0,49.0
10110191SILVAD_2026-01-31_G25,10110191SILVAD,2026-01-31,109640,1,2,0,281.0
10110191SILVAD_2026-01-31_G26,10110191SILVAD,2026-01-31,117786,1,2,0,374.0
10110191SILVAD_2026-01-31_G27,10110191SILVAD,2026-01-31,105705,1,8,0,265.0
10110191SILVAD_2026-01-31_G28,10110191SILVAD,2026-01-31,118094,1,2,0,243.0
10110191SILVAD_2026-01-31_G29,10110191SILVAD,2026-01-31,117861,1,4,0,97.0
10110191SILVAD_2026-01-31_G30,10110191SILVAD,2026-01-31,117862,1,4,0,140.0
10110191SILVAD_2026-01-31_G31,10110191SILVAD,2026-01-31,111602,1,14,0,123.0
10110191SILVAD_2026-01-31_G32,10110191SILVAD,2026-01-31,111602,1,10,0,54.0
10110191SILVAD_2026-01-31_G33,10110191SILVAD,2026-01-31,107629,1,2,0,113.0
10110191SILVAD_2026-01-31_G34,10110191SILVAD,2026-01-31,111876,1,6,0,120.0
10110191SILVAD_2026-01-31_G35,10110191SILVAD,2026-01-31,117786,1,11,0,223.0
10110191SILVAD_2026-01-31_G36,10110191SILVAD,2026-01-31,117836,1,2,0,131.0
10110191SILVAD_2026-01-31_G37,10110191SILVAD,2026-01-31,117820,1,135,0,804.0
10110191SILVAD_2026-02-03_G02,10110191SILVAD,2026-02-03,141456,1,20,0,351.0
10110191SILVAD_2026-02-03_G03,10110191SILVAD,2026-02-03,107236,1,5,0,203.0
10110191SILVAD_2026-02-03_G04,10110191SILVAD,2026-02-03,111569,1,4,0,134.0
10110191SILVAD_2026-02-03_G05,10110191SILVAD,2026-02-03,110582,1,4,0,71.0
10110191SILVAD_2026-02-03_G06,10110191SILVAD,2026-02-03,111655,1,2,0,446.0
10110191SILVAD_2026-02-03_G07,10110191SILVAD,2026-02-03,110711,1,3,0,175.0
10110191SILVAD_2026-02-03_G08,10110191SILVAD,2026-02-03,110755,1,4,0,1077.0
10110191SILVAD_2026-02-03_G09,10110191SILVAD,2026-02-03,111530,1,20,0,33.0
10110191SILVAD_2026-02-03_G10,10110191SILVAD,2026-02-03,108711,1,2,0,464.0
10110191SILVAD_2026-02-03_G11,10110191SILVAD,2026-02-03,110895,1,4,0,216.0
10110191SILVAD_2026-02-03_G13,10110191SILVAD,2026-02-03,111446,1,279,0,1344.0
10110191SILVAD_2026-02-04_G02,10110191SILVAD,2026-02-04,110372,1,20,0,261.0
10110191SILVAD_2026-02-04_G03,10110191SILVAD,2026-02-04,110372,1,15,0,66.0
10110191SILVAD_2026-02-04_G04,10110191SILVAD,2026-02-04,117808,1,10,0,680.0
10110191SILVAD_2026-02-04_G05,10110191SILVAD,2026-02-04,141916,1,4,0,107.0
10110191SILVAD_2026-02-04_G06,10110191SILVAD,2026-02-04,110325,3,6,29,314.0
10110191SILVAD_2026-02-04_G07,10110191SILVAD,2026-02-04,118299,1,4,0,136.0
10110191SILVAD_2026-02-04_G08,10110191SILVAD,2026-02-04,111660,1,8,0,187.0
10110191SILVAD_2026-02-04_G09,10110191SILVAD,2026-02-04,140923,1,12,0,306.0
10110191SILVAD_2026-02-04_G10,10110191SILVAD,2026-02-04,111780,1,4,0,545.0
10110191SILVAD_2026-02-04_G11,10110191SILVAD,2026-02-04,109640,1,8,0,177.0
10110191SILVAD_2026-02-04_G12,10110191SILVAD,2026-02-04,118140,1,4,0,86.0
10110191SILVAD_2026-02-04_G13,10110191SILVAD,2026-02-04,140922,1,30,0,380.0
10110191SILVAD_2026-02-04_G14,10110191SILVAD,2026-02-04,141368,1,2,0,200.0
10110191SILVAD_2026-02-04_G15,10110191SILVAD,2026-02-04,111438,1,4,0,83.0
10110191SILVAD_2026-02-04_G16,10110191SILVAD,2026-02-04,111569,1,6,0,132.0
10110191SILVAD_2026-02-04_G17,10110191SILVAD,2026-02-04,105705,1,8,0,403.0
10110191SILVAD_2026-02-04_G18,10110191SILVAD,2026-02-04,111530,1,6,0,125.0
10110191SILVAD_2026-02-04_G19,10110191SILVAD,2026-02-04,117856,1,2,0,88.0
10110191SILVAD_2026-02-04_G20,10110191SILVAD,2026-02-04,110325,1,4,0,84.0
10110191SILVAD_2026-02-04_G21,10110191SILVAD,2026-02-04,110373,1,8,0,111.0
10110191SILVAD_2026-02-04_G23,10110191SILVAD,2026-02-04,110711,1,6,0,104.0
10110191SILVAD_2026-02-04_G24,10110191SILVAD,2026-02-04,108711,2,8,11,111.0
10110191SILVAD_2026-02-04_G25,10110191SILVAD,2026-02-04,110325,1,12,0,140.0
10110191SILVAD_2026-02-05_G02,10110191SILVAD,2026-02-05,116241,1,4,0,91.0
10110191SILVAD_2026-02-05_G03,10110191SILVAD,2026-02-05,111469,1,10,0,102.0
10110191SILVAD_2026-02-05_G04,10110191SILVAD,2026-02-05,109645,1,10,0,134.0
10110191SILVAD_2026-02-05_G05,10110191SILVAD,2026-02-05,111466,1,30,0,318.0
10110191SILVAD_2026-02-05_G06,10110191SILVAD,2026-02-05,111462,1,10,0,129.0
10110191SILVAD_2026-02-05_G07,10110191SILVAD,2026-02-05,111463,1,10,0,275.0
10110191SILVAD_2026-02-05_G08,10110191SILVAD,2026-02-05,141457,1,10,0,126.0
10110191SILVAD_2026-02-05_G09,10110191SILVAD,2026-02-05,141458,1,10,0,164.0
10110191SILVAD_2026-02-05_G10,10110191SILVAD,2026-02-05,117785,1,10,0,78.0
10110191SILVAD_2026-02-05_G11,10110191SILVAD,2026-02-05,110733,1,2,0,530.0
10110191SILVAD_2026-02-05_G12,10110191SILVAD,2026-02-05,118094,1,5,0,566.0
10110191SILVAD_2026-02-05_G13,10110191SILVAD,2026-02-05,117861,1,5,0,109.0
10110191SILVAD_2026-02-05_G14,10110191SILVAD,2026-02-05,117862,1,20,0,416.0
10110191SILVAD_2026-02-05_G15,10110191SILVAD,2026-02-05,107629,1,5,0,123.0
10110191SILVAD_2026-02-05_G16,10110191SILVAD,2026-02-05,141352,1,5,0,88.0
10110191SILVAD_2026-02-05_G17,10110191SILVAD,2026-02-05,141166,1,10,0,347.0
10110191SILVAD_2026-02-05_G18,10110191SILVAD,2026-02-05,110755,1,12,0,1059.0
10110191SILVAD_2026-02-05_G19,10110191SILVAD,2026-02-05,111655,1,2,0,112.0
10110191SILVAD_2026-02-05_G20,10110191SILVAD,2026-02-05,111655,1,3,0,92.0
10110191SILVAD_2026-02-05_G21,10110191SILVAD,2026-02-05,118317,2,6,10,362.0
10110191SILVAD_2026-02-05_G22,10110191SILVAD,2026-02-05,108711,1,4,0,332.0
10110191SILVAD_2026-02-05_G23,10110191SILVAD,2026-02-05,108711,2,8,28,49.0
10110191SILVAD_2026-02-05_G24,10110191SILVAD,2026-02-05,107236,1,4,0,124.0
10110191SILVAD_2026-02-05_G25,10110191SILVAD,2026-02-05,107236,1,4,0,36.0
10110191SILVAD_2026-02-05_G26,10110191SILVAD,2026-02-05,111353,1,4,0,1056.0
10110191SILVAD_2026-02-05_G27,10110191SILVAD,2026-02-05,117787,1,2,0,213.0
10110191SILVAD_2026-02-05_G28,10110191SILVAD,2026-02-05,118140,1,3,0,80.0
10110191SILVAD_2026-02-05_G29,10110191SILVAD,2026-02-05,117809,1,6,0,196.0
10110191SILVAD_2026-02-05_G30,10110191SILVAD,2026-02-05,110373,1,7,0,164.0
10110191SILVAD_2026-02-05_G31,10110191SILVAD,2026-02-05,109640,1,6,0,214.0
10110191SILVAD_2026-02-05_G32,10110191SILVAD,2026-02-05,108770,1,2,0,984.0
10110191SILVAD_2026-02-05_G34,10110191SILVAD,2026-02-05,110751,1,4,0,119.0
10110191SILVAD_2026-02-05_G35,10110191SILVAD,2026-02-05,111443,1,2,0,114.0
10110191SILVAD_2026-02-05_G36,10110191SILVAD,2026-02-05,111532,1,39,0,475.0
10110191SILVAD_2026-02-05_G37,10110191SILVAD,2026-02-05,111602,1,24,0,454.0
10110191SILVAD_2026-02-05_G38,10110191SILVAD,2026-02-05,110756,1,2,0,58.0
10110191SILVAD_2026-02-05_G39,10110191SILVAD,2026-02-05,111445,1,4,0,280.0
10110191SILVAD_2026-02-05_G40,10110191SILVAD,2026-02-05,108759,1,5,0,180.0
10110191SILVAD_2026-02-05_G41,10110191SILVAD,2026-02-05,110755,1,3,0,217.0
10110191SILVAD_2026-02-05_G42,10110191SILVAD,2026-02-05,111569,1,8,0,341.0
10110191SILVAD_2026-02-05_G43,10110191SILVAD,2026-02-05,118317,1,4,0,867.0
10110191SILVAD_2026-02-05_G44,10110191SILVAD,2026-02-05,105705,1,6,0,156.0
10110191SILVAD_2026-02-05_G45,10110191SILVAD,2026-02-05,140922,1,8,0,105.0
10110191SILVAD_2026-02-05_G46,10110191SILVAD,2026-02-05,111469,1,4,0,61.0
10110191SILVAD_2026-02-05_G47,10110191SILVAD,2026-02-05,111469,1,6,0,45.0
10110191SILVAD_2026-02-05_G48,10110191SILVAD,2026-02-05,111469,1,20,0,153.0
10110191SILVAD_2026-02-05_G49,10110191SILVAD,2026-02-05,111463,1,8,0,151.0
10110191SILVAD_2026-02-05_G50,10110191SILVAD,2026-02-05,117809,1,40,0,1438.0
10110191SILVAD_2026-02-05_G51,10110191SILVAD,2026-02-05,109648,1,4,0,67.0
10110191SILVAD_2026-02-05_G52,10110191SILVAD,2026-02-05,110325,1,10,0,136.0
10110191SILVAD_2026-02-05_G53,10110191SILVAD,2026-02-05,110325,1,10,0,97.0
10110191SILVAD_2026-02-05_G54,10110191SILVAD,2026-02-05,110325,1,20,0,146.0
10110191SILVAD_2026-02-05_G55,10110191SILVAD,2026-02-05,117809,1,4,0,316.0
10110191SILVAD_2026-02-05_G56,10110191SILVAD,2026-02-05,117822,1,10,0,311.0
10110191SILVAD_2026-02-05_G57,10110191SILVAD,2026-02-05,117822,1,2,0,51.0
10110191SILVAD_2026-02-05_G58,10110191SILVAD,2026-02-05,110376,1,6,0,98.0
10110191SILVAD_2026-02-05_G59,10110191SILVAD,2026-02-05,110376,1,10,0,261.0
10110191SILVAD_2026-02-05_G60,10110191SILVAD,2026-02-05,118299,1,100,0,195.0
10110191SILVAD_2026-02-05_G61,10110191SILVAD,2026-02-05,118299,1,50,0,380.0
10110191SILVAD_2026-02-05_G62,10110191SILVAD,2026-02-05,118299,1,9,0,57.0
10110191SILVAD_2026-02-05_G63,10110191SILVAD,2026-02-05,118299,1,30,0,184.0
10110191SILVAD_2026-02-05_G64,10110191SILVAD,2026-02-05,110371,2,90,30,352.0
10110191SILVAD_2026-02-05_G65,10110191SILVAD,2026-02-05,117808,1,100,0,707.0
10110191SILVAD_2026-02-06_G02,10110191SILVAD,2026-02-06,118250,1,14,0,497.0
10110191SILVAD_2026-02-06_G03,10110191SILVAD,2026-02-06,117832,1,8,0,489.0
10110191SILVAD_2026-02-06_G04,10110191SILVAD,2026-02-06,111438,1,100,0,1083.0
10110191SILVAD_2026-02-06_G05,10110191SILVAD,2026-02-06,108711,1,2,0,951.0
10110191SILVAD_2026-02-06_G06,10110191SILVAD,2026-02-06,111660,1,2,0,150.0
10110191SILVAD_2026-02-06_G07,10110191SILVAD,2026-02-06,117834,1,2,0,223.0
10110191SILVAD_2026-02-06_G08,10110191SILVAD,2026-02-06,111655,1,2,0,77.0
10110191SILVAD_2026-02-06_G09,10110191SILVAD,2026-02-06,110623,1,2,0,88.0
10110191SILVAD_2026-02-06_G10,10110191SILVAD,2026-02-06,107629,1,2,0,102.0
10110191SILVAD_2026-02-06_G11,10110191SILVAD,2026-02-06,109641,1,1,0,115.0
10110191SILVAD_2026-02-06_G12,10110191SILVAD,2026-02-06,111348,1,2,0,62.0
10110191SILVAD_2026-02-06_G13,10110191SILVAD,2026-02-06,111532,1,3,0,95.0
10110191SILVAD_2026-02-06_G14,10110191SILVAD,2026-02-06,111465,1,2,0,61.0
10110191SILVAD_2026-02-06_G15,10110191SILVAD,2026-02-06,141458,1,2,0,66.0
10110191SILVAD_2026-02-06_G16,10110191SILVAD,2026-02-06,107830,1,2,0,120.0
10110191SILVAD_2026-02-06_G17,10110191SILVAD,2026-02-06,117822,1,4,0,220.0
10110191SILVAD_2026-02-06_G18,10110191SILVAD,2026-02-06,117820,1,3,0,70.0
10110191SILVAD_2026-02-06_G19,10110191SILVAD,2026-02-06,141202,1,4,0,65.0
10110191SILVAD_2026-02-06_G20,10110191SILVAD,2026-02-06,111655,1,3,0,227.0
10110191SILVAD_2026-02-06_G21,10110191SILVAD,2026-02-06,111655,1,2,0,53.0
10110191SILVAD_2026-02-06_G22,10110191SILVAD,2026-02-06,107236,2,4,25,135.0
10110191SILVAD_2026-02-06_G23,10110191SILVAD,2026-02-06,111530,1,2,0,87.0
10110191SILVAD_2026-02-06_G24,10110191SILVAD,2026-02-06,110755,1,10,0,380.0
10110191SILVAD_2026-02-06_G25,10110191SILVAD,2026-02-06,111655,1,3,0,143.0
10110191SILVAD_2026-02-06_G26,10110191SILVAD,2026-02-06,111655,1,3,0,37.0
10110191SILVAD_2026-02-06_G27,10110191SILVAD,2026-02-06,111530,1,1,0,76.0
10110191SILVAD_2026-02-06_G28,10110191SILVAD,2026-02-06,108711,1,4,0,145.0
10110191SILVAD_2026-02-06_G29,10110191SILVAD,2026-02-06,141456,1,4,0,73.0
10110191SILVAD_2026-02-06_G30,10110191SILVAD,2026-02-06,107236,1,3,0,93.0
10110191SILVAD_2026-02-06_G31,10110191SILVAD,2026-02-06,110325,2,8,30,133.0
10110191SILVAD_2026-02-06_G32,10110191SILVAD,2026-02-06,110374,1,16,0,524.0
10110191SILVAD_2026-02-06_G33,10110191SILVAD,2026-02-06,117820,1,6,0,142.0
10110191SILVAD_2026-02-06_G34,10110191SILVAD,2026-02-06,110371,1,30,0,695.0
10110191SILVAD_2026-02-06_G35,10110191SILVAD,2026-02-06,117808,1,20,0,165.0
10110191SILVAD_2026-02-06_G36,10110191SILVAD,2026-02-06,110373,1,38,0,543.0
10110191SILVAD_2026-02-06_G37,10110191SILVAD,2026-02-06,118251,1,4,0,415.0
10110191SILVAD_2026-02-06_G38,10110191SILVAD,2026-02-06,110372,1,39,0,101.0
10110191SILVAD_2026-02-06_G39,10110191SILVAD,2026-02-06,110895,1,6,0,755.0
10110191SILVAD_2026-02-06_G40,10110191SILVAD,2026-02-06,110746,1,5,0,432.0
10110191SILVAD_2026-02-06_G42,10110191SILVAD,2026-02-06,108711,1,50,0,318.0
10110191SILVAD_2026-02-06_G43,10110191SILVAD,2026-02-06,116241,1,16,0,900.0
10110191SILVAD_2026-02-06_G44,10110191SILVAD,2026-02-06,111469,1,50,0,778.0
10110191SILVAD_2026-02-06_G45,10110191SILVAD,2026-02-06,111466,1,100,0,308.0
10110191SILVAD_2026-02-06_G46,10110191SILVAD,2026-02-06,111463,1,65,0,632.0
10110191SILVAD_2026-02-06_G47,10110191SILVAD,2026-02-06,111463,1,100,0,188.0
10110191SILVAD_2026-02-06_G48,10110191SILVAD,2026-02-06,111532,1,50,0,349.0
10110191SILVAD_2026-02-06_G49,10110191SILVAD,2026-02-06,141457,1,55,0,742.0
10110191SILVAD_2026-02-06_G50,10110191SILVAD,2026-02-06,117820,1,300,0,3422.0
10110191SILVAD_2026-02-07_G02,10110191SILVAD,2026-02-07,118317,1,25,0,806.0
10110191SILVAD_2026-02-07_G03,10110191SILVAD,2026-02-07,110787,1,27,0,415.0
10110191SILVAD_2026-02-07_G04,10110191SILVAD,2026-02-07,110787,1,4,0,89.0
10110191SILVAD_2026-02-07_G05,10110191SILVAD,2026-02-07,110740,1,4,0,57.0
10110191SILVAD_2026-02-07_G06,10110191SILVAD,2026-02-07,110740,1,4,0,36.0
10110191SILVAD_2026-02-07_G07,10110191SILVAD,2026-02-07,105705,1,4,0,72.0
10110191SILVAD_2026-02-07_G08,10110191SILVAD,2026-02-07,117821,1,3,0,105.0
10110191SILVAD_2026-02-07_G09,10110191SILVAD,2026-02-07,108711,1,8,0,81.0
10110191SILVAD_2026-02-07_G10,10110191SILVAD,2026-02-07,111743,1,5,0,63.0
10110191SILVAD_2026-02-07_G11,10110191SILVAD,2026-02-07,141456,1,20,0,155.0
10110191SILVAD_2026-02-07_G12,10110191SILVAD,2026-02-07,111443,1,3,0,751.0
10110191SILVAD_2026-02-07_G13,10110191SILVAD,2026-02-07,111172,1,11,0,263.0
10110191SILVAD_2026-02-07_G14,10110191SILVAD,2026-02-07,107236,1,10,0,80.0
10110191SILVAD_2026-02-07_G15,10110191SILVAD,2026-02-07,111433,1,8,0,252.0
10110191SILVAD_2026-02-07_G16,10110191SILVAD,2026-02-07,111435,1,2,0,382.0
10110191SILVAD_2026-02-07_G17,10110191SILVAD,2026-02-07,141458,1,8,0,189.0
10110191SILVAD_2026-02-07_G18,10110191SILVAD,2026-02-07,117785,1,2,0,809.0
10110191SILVAD_2026-02-07_G19,10110191SILVAD,2026-02-07,141458,1,4,0,82.0
10110191SILVAD_2026-02-07_G20,10110191SILVAD,2026-02-07,109641,2,11,23,453.0
10110191SILVAD_2026-02-07_G21,10110191SILVAD,2026-02-07,118094,1,10,0,250.0
10110191SILVAD_2026-02-07_G22,10110191SILVAD,2026-02-07,117862,1,4,0,141.0
10110191SILVAD_2026-02-07_G23,10110191SILVAD,2026-02-07,111530,1,61,0,631.0
10110191SILVAD_2026-02-07_G24,10110191SILVAD,2026-02-07,117786,1,4,0,61.0
10110191SILVAD_2026-02-07_G25,10110191SILVAD,2026-02-07,111602,1,24,0,1253.0
10110191SILVAD_2026-02-07_G26,10110191SILVAD,2026-02-07,109640,1,12,0,103.0
10110191SILVAD_2026-02-07_G27,10110191SILVAD,2026-02-07,141166,1,12,0,370.0
10110191SILVAD_2026-02-07_G28,10110191SILVAD,2026-02-07,109647,1,1,0,39.0
10110191SILVAD_2026-02-07_G29,10110191SILVAD,2026-02-07,117837,1,4,0,157.0
10110191SILVAD_2026-02-08_G02,10110191SILVAD,2026-02-08,117832,1,2,0,42.0
10110191SILVAD_2026-02-08_G03,10110191SILVAD,2026-02-08,117830,1,4,0,126.0
10110191SILVAD_2026-02-08_G04,10110191SILVAD,2026-02-08,108794,1,4,0,177.0
10110191SILVAD_2026-02-08_G05,10110191SILVAD,2026-02-08,110740,1,2,0,83.0
10110191SILVAD_2026-02-08_G06,10110191SILVAD,2026-02-08,108711,1,4,0,68.0
10110191SILVAD_2026-02-08_G07,10110191SILVAD,2026-02-08,108711,1,5,0,43.0
10110191SILVAD_2026-02-08_G08,10110191SILVAD,2026-02-08,111418,1,14,0,105.0
10110191SILVAD_2026-02-08_G09,10110191SILVAD,2026-02-08,117785,1,2,0,88.0
10110191SILVAD_2026-02-08_G10,10110191SILVAD,2026-02-08,118094,1,4,0,160.0
10110191SILVAD_2026-02-08_G11,10110191SILVAD,2026-02-08,111467,1,4,0,127.0
10110191SILVAD_2026-02-08_G12,10110191SILVAD,2026-02-08,117837,1,4,0,142.0
10110191SILVAD_2026-02-08_G13,10110191SILVAD,2026-02-08,117854,1,4,0,88.0
10110191SILVAD_2026-02-08_G14,10110191SILVAD,2026-02-08,111441,1,34,0,659.0
10110191SILVAD_2026-02-08_G15,10110191SILVAD,2026-02-08,111430,1,6,0,92.0
10110191SILVAD_2026-02-08_G16,10110191SILVAD,2026-02-08,108770,1,2,0,90.0
10110191SILVAD_2026-02-08_G17,10110191SILVAD,2026-02-08,110755,1,8,0,120.0
10110191SILVAD_2026-02-08_G18,10110191SILVAD,2026-02-08,111438,1,14,0,443.0
10110191SILVAD_2026-02-08_G19,10110191SILVAD,2026-02-08,117820,1,36,0,1275.0
10110191SILVAD_2026-02-08_G20,10110191SILVAD,2026-02-08,109641,1,6,0,114.0
10110191SILVAD_2026-02-08_G21,10110191SILVAD,2026-02-08,111441,1,16,0,427.0
10110191SILVAD_2026-02-08_G22,10110191SILVAD,2026-02-08,142045,1,4,0,183.0
10110191SILVAD_2026-02-08_G23,10110191SILVAD,2026-02-08,111438,1,4,0,85.0
10110191SILVAD_2026-02-08_G24,10110191SILVAD,2026-02-08,111438,1,30,0,691.0
10110191SILVAD_2026-02-08_G25,10110191SILVAD,2026-02-08,110374,1,16,0,193.0
10110191SILVAD_2026-02-08_G26,10110191SILVAD,2026-02-08,117830,1,2,0,169.0
10110191SILVAD_2026-02-08_G27,10110191SILVAD,2026-02-08,111466,1,10,0,218.0
10110191SILVAD_2026-02-08_G28,10110191SILVAD,2026-02-08,111418,1,11,0,121.0
10110191SILVAD_2026-02-08_G29,10110191SILVAD,2026-02-08,117785,1,8,0,126.0
10110191SILVAD_2026-02-08_G30,10110191SILVAD,2026-02-08,111467,1,2,0,135.0
10110191SILVAD_2026-02-08_G31,10110191SILVAD,2026-02-08,118250,1,4,0,423.0
10110191SILVAD_2026-02-08_G32,10110191SILVAD,2026-02-08,111441,1,10,0,382.0
10110191SILVAD_2026-02-08_G33,10110191SILVAD,2026-02-08,111569,1,2,0,54.0
10110191SILVAD_2026-02-08_G34,10110191SILVAD,2026-02-08,110755,1,5,0,333.0
10110191SILVAD_2026-02-08_G35,10110191SILVAD,2026-02-08,110755,1,4,0,421.0
10110191SILVAD_2026-02-08_G36,10110191SILVAD,2026-02-08,111438,1,6,0,92.0
10110191SILVAD_2026-02-08_G37,10110191SILVAD,2026-02-08,140923,1,3,0,101.0
10110191SILVAD_2026-02-08_G38,10110191SILVAD,2026-02-08,116241,1,3,0,121.0
10110191SILVAD_2026-02-08_G40,10110191SILVAD,2026-02-08,111463,1,4,0,72.0
10110191SILVAD_2026-02-08_G41,10110191SILVAD,2026-02-08,117820,1,23,0,271.0
10110191SILVAD_2026-02-09_G02,10110191SILVAD,2026-02-09,111569,1,8,0,746.0
10110191SILVAD_2026-02-09_G03,10110191SILVAD,2026-02-09,101217,1,1,0,1064.0
10110191SILVAD_2026-02-09_G04,10110191SILVAD,2026-02-09,108770,1,4,0,247.0
10110191SILVAD_2026-02-09_G05,10110191SILVAD,2026-02-09,109645,1,4,0,318.0
10110191SILVAD_2026-02-09_G06,10110191SILVAD,2026-02-09,118299,1,8,0,342.0
10110191SILVAD_2026-02-09_G07,10110191SILVAD,2026-02-09,110372,1,6,0,717.0
10110191SILVAD_2026-02-09_G08,10110191SILVAD,2026-02-09,109974,1,5,0,622.0
10110191SILVAD_2026-02-09_G09,10110191SILVAD,2026-02-09,141456,1,4,0,131.0
10110191SILVAD_2026-02-09_G10,10110191SILVAD,2026-02-09,111602,1,15,0,247.0
10110191SILVAD_2026-02-09_G11,10110191SILVAD,2026-02-09,118223,1,4,0,122.0
10110191SILVAD_2026-02-09_G12,10110191SILVAD,2026-02-09,117808,1,16,0,460.0
10110191SILVAD_2026-02-09_G13,10110191SILVAD,2026-02-09,118299,1,12,0,189.0
10110191SILVAD_2026-02-09_G14,10110191SILVAD,2026-02-09,110372,1,5,0,58.0
10110191SILVAD_2026-02-09_G15,10110191SILVAD,2026-02-09,117830,1,7,0,126.0
10110191SILVAD_2026-02-09_G16,10110191SILVAD,2026-02-09,108794,1,2,0,212.0
10110191SILVAD_2026-02-09_G17,10110191SILVAD,2026-02-09,141271,1,4,0,96.0
10110191SILVAD_2026-02-09_G18,10110191SILVAD,2026-02-09,118140,1,4,0,50.0
10110191SILVAD_2026-02-09_G19,10110191SILVAD,2026-02-09,111463,1,1,0,67.0
10110191SILVAD_2026-02-09_G20,10110191SILVAD,2026-02-09,111418,1,4,0,58.0
10110191SILVAD_2026-02-09_G21,10110191SILVAD,2026-02-09,117785,1,4,0,117.0
10110191SILVAD_2026-02-09_G22,10110191SILVAD,2026-02-09,118094,1,2,0,153.0
10110191SILVAD_2026-02-09_G23,10110191SILVAD,2026-02-09,117862,1,2,0,77.0
10110191SILVAD_2026-02-09_G24,10110191SILVAD,2026-02-09,117786,1,6,0,67.0
10110191SILVAD_2026-02-09_G25,10110191SILVAD,2026-02-09,117856,1,2,0,90.0
10110191SILVAD_2026-02-09_G26,10110191SILVAD,2026-02-09,110895,1,4,0,147.0
10110191SILVAD_2026-02-09_G27,10110191SILVAD,2026-02-09,109641,1,4,0,775.0
10110191SILVAD_2026-02-09_G28,10110191SILVAD,2026-02-09,108794,1,4,0,341.0
10110191SILVAD_2026-02-09_G29,10110191SILVAD,2026-02-09,110740,1,4,0,60.0
10110191SILVAD_2026-02-09_G30,10110191SILVAD,2026-02-09,108711,1,1,0,32.0
10110191SILVAD_2026-02-09_G31,10110191SILVAD,2026-02-09,111466,1,4,0,109.0
10110191SILVAD_2026-02-09_G32,10110191SILVAD,2026-02-09,118140,1,2,0,111.0
10110191SILVAD_2026-02-09_G33,10110191SILVAD,2026-02-09,107236,1,2,0,41.0
10110191SILVAD_2026-02-09_G34,10110191SILVAD,2026-02-09,111463,1,5,0,78.0
10110191SILVAD_2026-02-09_G35,10110191SILVAD,2026-02-09,141823,1,4,0,47.0
10110191SILVAD_2026-02-09_G36,10110191SILVAD,2026-02-09,117809,1,2,0,90.0
10110191SILVAD_2026-02-09_G37,10110191SILVAD,2026-02-09,117820,1,1,0,55.0
10110191SILVAD_2026-02-09_G38,10110191SILVAD,2026-02-09,118299,1,1,0,104.0
10110191SILVAD_2026-02-09_G39,10110191SILVAD,2026-02-09,110372,1,3,0,59.0
10110191SILVAD_2026-02-09_G40,10110191SILVAD,2026-02-09,117830,1,1,0,73.0
10110191SILVAD_2026-02-09_G41,10110191SILVAD,2026-02-09,110711,1,4,0,519.0
10110191SILVAD_2026-02-09_G42,10110191SILVAD,2026-02-09,140923,1,5,0,80.0
10110191SILVAD_2026-02-09_G43,10110191SILVAD,2026-02-09,117862,1,4,0,65.0
10110191SILVAD_2026-02-09_G44,10110191SILVAD,2026-02-09,111530,1,6,0,68.0
10110191SILVAD_2026-02-09_G45,10110191SILVAD,2026-02-09,117786,1,4,0,56.0
10110191SILVAD_2026-02-09_G46,10110191SILVAD,2026-02-09,110339,1,2,0,89.0
10110191SILVAD_2026-02-09_G48,10110191SILVAD,2026-02-09,110787,1,28,0,174.0
10110191SILVAD_2026-02-09_G49,10110191SILVAD,2026-02-09,108795,1,2,0,90.0
10110191SILVAD_2026-02-09_G50,10110191SILVAD,2026-02-09,117831,1,18,0,110.0
10110191SILVAD_2026-02-09_G51,10110191SILVAD,2026-02-09,110740,1,30,0,753.0
10110191SILVAD_2026-02-09_G52,10110191SILVAD,2026-02-09,117821,1,20,0,328.0
10110191SILVAD_2026-02-09_G53,10110191SILVAD,2026-02-09,108711,1,6,0,75.0
10110191SILVAD_2026-02-09_G54,10110191SILVAD,2026-02-09,111469,1,12,0,139.0
10110191SILVAD_2026-02-09_G55,10110191SILVAD,2026-02-09,111743,1,22,0,540.0
10110191SILVAD_2026-02-09_G56,10110191SILVAD,2026-02-09,111466,2,22,14,151.0
10110191SILVAD_2026-02-09_G57,10110191SILVAD,2026-02-09,111172,1,3,0,67.0
10110191SILVAD_2026-02-09_G58,10110191SILVAD,2026-02-09,105705,1,4,0,479.0
10110191SILVAD_2026-02-09_G59,10110191SILVAD,2026-02-09,111463,1,29,0,230.0
10110191SILVAD_2026-02-09_G60,10110191SILVAD,2026-02-09,111418,1,35,0,791.0
10110191SILVAD_2026-02-09_G61,10110191SILVAD,2026-02-09,109645,1,6,0,149.0
10110191SILVAD_2026-02-09_G62,10110191SILVAD,2026-02-09,141456,1,4,0,63.0
10110191SILVAD_2026-02-09_G63,10110191SILVAD,2026-02-09,141457,1,8,0,73.0
10110191SILVAD_2026-02-09_G64,10110191SILVAD,2026-02-09,111465,1,9,0,314.0
10110191SILVAD_2026-02-09_G65,10110191SILVAD,2026-02-09,111435,1,6,0,74.0
10110191SILVAD_2026-02-09_G66,10110191SILVAD,2026-02-09,117787,1,2,0,52.0
10110191SILVAD_2026-02-09_G67,10110191SILVAD,2026-02-09,117785,1,40,0,420.0
10110191SILVAD_2026-02-09_G68,10110191SILVAD,2026-02-09,117835,1,3,0,142.0
10110191SILVAD_2026-02-09_G69,10110191SILVAD,2026-02-09,110895,1,3,0,76.0
10110191SILVAD_2026-02-09_G70,10110191SILVAD,2026-02-09,142045,1,184,0,1579.0
10110191SILVAD_2026-02-09_G71,10110191SILVAD,2026-02-09,109641,1,4,0,847.0
10110191SILVAD_2026-02-09_G72,10110191SILVAD,2026-02-09,110740,1,4,0,100.0
10110191SILVAD_2026-02-09_G73,10110191SILVAD,2026-02-09,117821,1,6,0,78.0
10110191SILVAD_2026-02-09_G74,10110191SILVAD,2026-02-09,111466,1,30,0,91.0
10110191SILVAD_2026-02-09_G75,10110191SILVAD,2026-02-09,111466,1,2,0,51.0
10110191SILVAD_2026-02-09_G76,10110191SILVAD,2026-02-09,111172,1,4,0,260.0
10110191SILVAD_2026-02-09_G77,10110191SILVAD,2026-02-09,111463,1,23,0,494.0
10110191SILVAD_2026-02-09_G78,10110191SILVAD,2026-02-09,111418,1,98,0,133.0
10110191SILVAD_2026-02-09_G79,10110191SILVAD,2026-02-09,111532,1,8,0,104.0
10110191SILVAD_2026-02-10_G02,10110191SILVAD,2026-02-10,117820,1,66,0,151.0
10110191SILVAD_2026-02-10_G03,10110191SILVAD,2026-02-10,110371,1,10,0,346.0
10110191SILVAD_2026-02-10_G04,10110191SILVAD,2026-02-10,110325,1,10,0,132.0
10110191SILVAD_2026-02-10_G05,10110191SILVAD,2026-02-10,110325,1,4,0,45.0
10110191SILVAD_2026-02-10_G06,10110191SILVAD,2026-02-10,110372,1,43,0,517.0
10110191SILVAD_2026-02-10_G07,10110191SILVAD,2026-02-10,117832,1,8,0,467.0
10110191SILVAD_2026-02-10_G08,10110191SILVAD,2026-02-10,110373,1,114,0,107.0
10110191SILVAD_2026-02-10_G09,10110191SILVAD,2026-02-10,100334,1,1,0,1231.0
10110191SILVAD_2026-02-10_G10,10110191SILVAD,2026-02-10,111602,1,3,0,128.0
10110191SILVAD_2026-02-10_G11,10110191SILVAD,2026-02-10,140923,1,4,0,226.0
10110191SILVAD_2026-02-10_G12,10110191SILVAD,2026-02-10,111467,1,1,0,210.0
10110191SILVAD_2026-02-10_G13,10110191SILVAD,2026-02-10,117862,1,2,0,71.0
10110191SILVAD_2026-02-10_G14,10110191SILVAD,2026-02-10,111602,1,12,0,200.0
10110191SILVAD_2026-02-10_G15,10110191SILVAD,2026-02-10,110339,1,1,0,86.0
10110191SILVAD_2026-02-10_G16,10110191SILVAD,2026-02-10,141166,1,1,0,98.0
10110191SILVAD_2026-02-10_G17,10110191SILVAD,2026-02-10,107830,1,2,0,101.0
10110191SILVAD_2026-02-10_G18,10110191SILVAD,2026-02-10,118299,1,4,0,90.0
10110191SILVAD_2026-02-10_G19,10110191SILVAD,2026-02-10,110372,1,4,0,92.0
10110191SILVAD_2026-02-10_G20,10110191SILVAD,2026-02-10,110373,1,12,0,191.0
10110191SILVAD_2026-02-10_G21,10110191SILVAD,2026-02-10,117838,1,2,0,345.0
10110191SILVAD_2026-02-10_G22,10110191SILVAD,2026-02-10,111443,1,2,0,97.0
10110191SILVAD_2026-02-10_G23,10110191SILVAD,2026-02-10,118317,1,4,0,747.0
10110191SILVAD_2026-02-10_G25,10110191SILVAD,2026-02-10,118140,1,40,0,305.0
10110191SILVAD_2026-02-10_G26,10110191SILVAD,2026-02-10,141823,1,20,0,329.0
10110191SILVAD_2026-02-10_G27,10110191SILVAD,2026-02-10,141456,1,10,0,832.0
10110191SILVAD_2026-02-10_G28,10110191SILVAD,2026-02-10,141457,1,70,0,341.0
10110191SILVAD_2026-02-10_G29,10110191SILVAD,2026-02-10,107236,1,10,0,396.0
10110191SILVAD_2026-02-10_G30,10110191SILVAD,2026-02-10,117833,1,20,0,309.0
10110191SILVAD_2026-02-10_G31,10110191SILVAD,2026-02-10,108711,1,10,0,261.0
10110191SILVAD_2026-02-10_G32,10110191SILVAD,2026-02-10,111172,1,25,0,391.0
10110191SILVAD_2026-02-10_G33,10110191SILVAD,2026-02-10,141271,1,40,0,509.0
10110191SILVAD_2026-02-10_G34,10110191SILVAD,2026-02-10,107236,1,20,0,1591.0
10110191SILVAD_2026-02-10_G35,10110191SILVAD,2026-02-10,117833,1,52,0,426.0
10110191SILVAD_2026-02-10_G36,10110191SILVAD,2026-02-10,108711,2,52,30,482.0
10110191SILVAD_2026-02-10_G37,10110191SILVAD,2026-02-10,111466,1,19,0,355.0
10110191SILVAD_2026-02-10_G38,10110191SILVAD,2026-02-10,111172,1,2,0,38.0
10110191SILVAD_2026-02-10_G39,10110191SILVAD,2026-02-10,118140,1,56,0,490.0
10110191SILVAD_2026-02-10_G40,10110191SILVAD,2026-02-10,117838,1,25,0,239.0
10110191SILVAD_2026-02-10_G41,10110191SILVAD,2026-02-10,117838,1,5,0,41.0
10110191SILVAD_2026-02-11_G02,10110191SILVAD,2026-02-11,108711,1,19,0,96.0
10110191SILVAD_2026-02-11_G03,10110191SILVAD,2026-02-11,"111466, 111446",2,4,22,73.0
10110191SILVAD_2026-02-11_G04,10110191SILVAD,2026-02-11,111418,1,150,0,663.0
10110191SILVAD_2026-02-11_G05,10110191SILVAD,2026-02-11,118140,1,2,0,210.0
10110191SILVAD_2026-02-11_G06,10110191SILVAD,2026-02-11,141456,1,50,0,598.0
10110191SILVAD_2026-02-11_G07,10110191SILVAD,2026-02-11,108798,1,6,0,63.0
10110191SILVAD_2026-02-11_G08,10110191SILVAD,2026-02-11,117821,1,44,0,275.0
10110191SILVAD_2026-02-11_G09,10110191SILVAD,2026-02-11,117809,1,20,0,1472.0
10110191SILVAD_2026-02-11_G10,10110191SILVAD,2026-02-11,117820,1,36,0,596.0
10110191SILVAD_2026-02-11_G11,10110191SILVAD,2026-02-11,110325,1,60,0,269.0
10110191SILVAD_2026-02-11_G12,10110191SILVAD,2026-02-11,110325,1,40,0,98.0
10110191SILVAD_2026-02-11_G13,10110191SILVAD,2026-02-11,110325,1,20,0,206.0
10110191SILVAD_2026-02-11_G14,10110191SILVAD,2026-02-11,141202,1,12,0,182.0
10110191SILVAD_2026-02-11_G15,10110191SILVAD,2026-02-11,110376,1,20,0,245.0
10110191SILVAD_2026-02-11_G16,10110191SILVAD,2026-02-11,118299,1,60,0,178.0
10110191SILVAD_2026-02-11_G17,10110191SILVAD,2026-02-11,110372,1,80,0,747.0
10110191SILVAD_2026-02-11_G18,10110191SILVAD,2026-02-11,110375,1,20,0,203.0
10110191SILVAD_2026-02-11_G19,10110191SILVAD,2026-02-11,110373,1,60,0,316.0
10110191SILVAD_2026-02-11_G20,10110191SILVAD,2026-02-11,117856,1,24,0,457.0
10110191SILVAD_2026-02-11_G21,10110191SILVAD,2026-02-11,117856,1,29,0,463.0
10110191SILVAD_2026-02-12_G02,10110191SILVAD,2026-02-12,100334,1,3,0,694.0
10110191SILVAD_2026-02-12_G03,10110191SILVAD,2026-02-12,111467,1,4,0,142.0
10110191SILVAD_2026-02-12_G04,10110191SILVAD,2026-02-12,107629,1,2,0,50.0
10110191SILVAD_2026-02-12_G05,10110191SILVAD,2026-02-12,111602,1,2,0,75.0
10110191SILVAD_2026-02-12_G06,10110191SILVAD,2026-02-12,109645,1,1,0,368.0
10110191SILVAD_2026-02-12_G07,10110191SILVAD,2026-02-12,110374,1,8,0,166.0
10110191SILVAD_2026-02-12_G08,10110191SILVAD,2026-02-12,117808,1,1,0,94.0
10110191SILVAD_2026-02-12_G09,10110191SILVAD,2026-02-12,160051,1,4,0,130.0
10110191SILVAD_2026-02-12_G10,10110191SILVAD,2026-02-12,110787,1,28,0,396.0
10110191SILVAD_2026-02-12_G11,10110191SILVAD,2026-02-12,110711,1,4,0,446.0
10110191SILVAD_2026-02-12_G12,10110191SILVAD,2026-02-12,110787,1,5,0,129.0
10110191SILVAD_2026-02-12_G13,10110191SILVAD,2026-02-12,111466,1,6,0,77.0
10110191SILVAD_2026-02-12_G14,10110191SILVAD,2026-02-12,110373,1,11,0,185.0
10110191SILVAD_2026-02-12_G15,10110191SILVAD,2026-02-12,111441,1,8,0,339.0
10110191SILVAD_2026-02-12_G16,10110191SILVAD,2026-02-12,111439,1,12,0,181.0
10110191SILVAD_2026-02-12_G17,10110191SILVAD,2026-02-12,111602,1,12,0,372.0
10110191SILVAD_2026-02-12_G18,10110191SILVAD,2026-02-12,110787,1,10,0,124.0
10110191SILVAD_2026-02-12_G19,10110191SILVAD,2026-02-12,109645,1,3,0,70.0
10110191SILVAD_2026-02-12_G20,10110191SILVAD,2026-02-12,141457,1,7,0,129.0
10110191SILVAD_2026-02-12_G21,10110191SILVAD,2026-02-12,110372,1,11,0,144.0
10110191SILVAD_2026-02-12_G22,10110191SILVAD,2026-02-12,107830,1,6,0,1215.0
10110191SILVAD_2026-02-12_G23,10110191SILVAD,2026-02-12,118299,1,22,0,168.0
10110191SILVAD_2026-02-12_G24,10110191SILVAD,2026-02-12,117820,1,32,0,50.0
10110191SILVAD_2026-02-12_G25,10110191SILVAD,2026-02-12,117808,1,44,0,409.0
10110191SILVAD_2026-02-12_G26,10110191SILVAD,2026-02-12,110325,1,8,0,288.0
10110191SILVAD_2026-02-12_G27,10110191SILVAD,2026-02-12,117822,1,2,0,54.0
10110191SILVAD_2026-02-12_G28,10110191SILVAD,2026-02-12,117822,1,5,0,42.0
10110191SILVAD_2026-02-12_G29,10110191SILVAD,2026-02-12,110376,1,2,0,87.0
10110191SILVAD_2026-02-12_G30,10110191SILVAD,2026-02-12,110372,1,112,0,129.0
10110191SILVAD_2026-02-12_G31,10110191SILVAD,2026-02-12,111441,1,6,0,906.0
10110191SILVAD_2026-02-12_G32,10110191SILVAD,2026-02-12,108770,1,2,0,123.0
10110191SILVAD_2026-02-12_G33,10110191SILVAD,2026-02-12,110895,1,5,0,269.0
10110191SILVAD_2026-02-12_G34,10110191SILVAD,2026-02-12,111569,1,4,0,622.0
10110191SILVAD_2026-02-12_G35,10110191SILVAD,2026-02-12,111569,1,4,0,113.0
10110191SILVAD_2026-02-12_G36,10110191SILVAD,2026-02-12,117820,1,2,0,112.0
10110191SILVAD_2026-02-12_G37,10110191SILVAD,2026-02-12,111569,1,4,0,200.0
10110191SILVAD_2026-02-12_G38,10110191SILVAD,2026-02-12,117820,1,8,0,211.0
10110191SILVAD_2026-02-13_G02,10110191SILVAD,2026-02-13,117830,1,2,0,273.0
10110191SILVAD_2026-02-13_G03,10110191SILVAD,2026-02-13,111418,1,24,0,339.0
10110191SILVAD_2026-02-13_G04,10110191SILVAD,2026-02-13,111465,1,3,0,92.0
10110191SILVAD_2026-02-13_G05,10110191SILVAD,2026-02-13,108795,1,8,0,299.0
10110191SILVAD_2026-02-13_G06,10110191SILVAD,2026-02-13,108711,1,8,0,100.0
10110191SILVAD_2026-02-13_G07,10110191SILVAD,2026-02-13,110372,1,20,0,289.0
10110191SILVAD_2026-02-13_G08,10110191SILVAD,2026-02-13,107236,1,4,0,396.0
10110191SILVAD_2026-02-13_G09,10110191SILVAD,2026-02-13,141823,1,1,0,83.0
10110191SILVAD_2026-02-13_G10,10110191SILVAD,2026-02-13,117832,1,4,0,153.0
10110191SILVAD_2026-02-13_G11,10110191SILVAD,2026-02-13,140923,1,15,0,226.0
10110191SILVAD_2026-02-13_G12,10110191SILVAD,2026-02-13,105167,1,1,0,356.0
10110191SILVAD_2026-02-13_G13,10110191SILVAD,2026-02-13,111743,1,8,0,185.0
10110191SILVAD_2026-02-13_G14,10110191SILVAD,2026-02-13,111743,1,16,0,173.0
10110191SILVAD_2026-02-13_G15,10110191SILVAD,2026-02-13,111743,1,16,0,650.0
10110191SILVAD_2026-02-13_G16,10110191SILVAD,2026-02-13,111348,1,2,0,778.0
10110191SILVAD_2026-02-13_G17,10110191SILVAD,2026-02-13,117831,1,5,0,70.0
10110191SILVAD_2026-02-13_G18,10110191SILVAD,2026-02-13,108711,1,5,0,145.0
10110191SILVAD_2026-02-13_G19,10110191SILVAD,2026-02-13,160055,1,20,0,341.0
10110191SILVAD_2026-02-13_G20,10110191SILVAD,2026-02-13,111418,1,33,0,386.0
10110191SILVAD_2026-02-13_G21,10110191SILVAD,2026-02-13,111532,1,10,0,95.0
10110191SILVAD_2026-02-13_G22,10110191SILVAD,2026-02-13,105705,1,2,0,52.0
10110191SILVAD_2026-02-13_G23,10110191SILVAD,2026-02-13,105705,1,2,0,49.0
10110191SILVAD_2026-02-13_G24,10110191SILVAD,2026-02-13,109645,1,8,0,113.0
10110191SILVAD_2026-02-13_G25,10110191SILVAD,2026-02-13,117838,1,1,0,48.0
10110191SILVAD_2026-02-13_G26,10110191SILVAD,2026-02-13,141457,1,4,0,97.0
10110191SILVAD_2026-02-13_G27,10110191SILVAD,2026-02-13,110374,1,3,0,272.0
10110191SILVAD_2026-02-13_G28,10110191SILVAD,2026-02-13,118299,1,31,0,215.0
10110191SILVAD_2026-02-13_G29,10110191SILVAD,2026-02-13,117820,1,10,0,187.0
10110191SILVAD_2026-02-13_G30,10110191SILVAD,2026-02-13,117820,1,2,0,33.0
10110191SILVAD_2026-02-13_G31,10110191SILVAD,2026-02-13,"117808, 110325",2,15,26,487.0
10110191SILVAD_2026-02-13_G32,10110191SILVAD,2026-02-13,110325,1,23,0,112.0
10110191SILVAD_2026-02-13_G33,10110191SILVAD,2026-02-13,160053,1,20,0,382.0
10110191SILVAD_2026-02-13_G34,10110191SILVAD,2026-02-13,110372,1,51,0,371.0
10110191SILVAD_2026-02-13_G35,10110191SILVAD,2026-02-13,110373,1,19,0,702.0
10110191SILVAD_2026-02-13_G36,10110191SILVAD,2026-02-13,110895,1,11,0,206.0
10110191SILVAD_2026-02-13_G37,10110191SILVAD,2026-02-13,110747,1,15,0,257.0
10110191SILVAD_2026-02-13_G38,10110191SILVAD,2026-02-13,116527,1,4,0,100.0
10110191SILVAD_2026-02-13_G39,10110191SILVAD,2026-02-13,100334,1,12,0,359.0
10110191SILVAD_2026-02-13_G40,10110191SILVAD,2026-02-13,110582,1,3,0,125.0
10110191SILVAD_2026-02-13_G41,10110191SILVAD,2026-02-13,140923,1,20,0,352.0
10110191SILVAD_2026-02-13_G42,10110191SILVAD,2026-02-13,118094,1,8,0,123.0
10110191SILVAD_2026-02-13_G43,10110191SILVAD,2026-02-13,117862,1,6,0,109.0
10110191SILVAD_2026-02-13_G44,10110191SILVAD,2026-02-13,111602,1,8,0,115.0
10110191SILVAD_2026-02-13_G45,10110191SILVAD,2026-02-13,110339,1,4,0,116.0
10110191SILVAD_2026-02-13_G47,10110191SILVAD,2026-02-13,110895,1,4,0,185.0
10110191SILVAD_2026-02-13_G48,10110191SILVAD,2026-02-13,100334,1,2,0,95.0
10110191SILVAD_2026-02-13_G49,10110191SILVAD,2026-02-13,140923,1,4,0,116.0
10110191SILVAD_2026-02-13_G50,10110191SILVAD,2026-02-13,117862,1,4,0,121.0
10110191SILVAD_2026-02-13_G51,10110191SILVAD,2026-02-13,110711,1,3,0,103.0
10110191SILVAD_2026-02-13_G52,10110191SILVAD,2026-02-13,110787,1,2,0,163.0
10110191SILVAD_2026-02-13_G53,10110191SILVAD,2026-02-13,111418,1,8,0,135.0
10110191SILVAD_2026-02-13_G54,10110191SILVAD,2026-02-13,141457,1,2,0,107.0
10110191SILVAD_2026-02-13_G55,10110191SILVAD,2026-02-13,111435,1,4,0,131.0
10110191SILVAD_2026-02-13_G56,10110191SILVAD,2026-02-13,110740,1,4,0,91.0
10110191SILVAD_2026-02-13_G57,10110191SILVAD,2026-02-13,141456,1,4,0,153.0
10110191SILVAD_2026-02-13_G58,10110191SILVAD,2026-02-13,110371,1,2,0,160.0
10110191SILVAD_2026-02-13_G59,10110191SILVAD,2026-02-13,117820,1,13,0,91.0
10110191SILVAD_2026-02-13_G60,10110191SILVAD,2026-02-13,110325,1,2,0,72.0
10110191SILVAD_2026-02-13_G61,10110191SILVAD,2026-02-13,111530,1,4,0,328.0
10110191SILVAD_2026-02-13_G62,10110191SILVAD,2026-02-13,111530,1,4,0,31.0
10110191SILVAD_2026-02-13_G63,10110191SILVAD,2026-02-13,118418,1,1,0,307.0
10110191SILVAD_2026-02-13_G64,10110191SILVAD,2026-02-13,117862,1,2,0,151.0
10110191SILVAD_2026-02-13_G65,10110191SILVAD,2026-02-13,117856,1,4,0,157.0
10110191SILVAD_2026-02-13_G66,10110191SILVAD,2026-02-13,108361,1,1,0,61.0
10110191SILVAD_2026-02-13_G67,10110191SILVAD,2026-02-13,108794,1,1,0,112.0
10110191SILVAD_2026-02-13_G68,10110191SILVAD,2026-02-13,117831,1,3,0,53.0
10110191SILVAD_2026-02-13_G69,10110191SILVAD,2026-02-13,108711,1,2,0,90.0
10110191SILVAD_2026-02-13_G70,10110191SILVAD,2026-02-13,118140,1,2,0,36.0
10110191SILVAD_2026-02-13_G71,10110191SILVAD,2026-02-13,110332,1,4,0,95.0
10110191SILVAD_2026-02-13_G72,10110191SILVAD,2026-02-13,117838,1,2,0,173.0
10110191SILVAD_2026-02-13_G73,10110191SILVAD,2026-02-13,141457,1,4,0,154.0
10110191SILVAD_2026-02-13_G74,10110191SILVAD,2026-02-13,141456,1,8,0,144.0
10110191SILVAD_2026-02-13_G75,10110191SILVAD,2026-02-13,117785,1,4,0,67.0
10110191SILVAD_2026-02-13_G76,10110191SILVAD,2026-02-13,118299,1,10,0,591.0
10110191SILVAD_2026-02-13_G77,10110191SILVAD,2026-02-13,117808,1,12,0,152.0
10110191SILVAD_2026-02-13_G78,10110191SILVAD,2026-02-13,110373,1,8,0,115.0
10110191SILVAD_2026-02-13_G79,10110191SILVAD,2026-02-13,111463,1,2,0,1175.0
10110191SILVAD_2026-02-13_G80,10110191SILVAD,2026-02-13,141997,1,1,0,376.0
10110191SILVAD_2026-02-13_G81,10110191SILVAD,2026-02-13,118298,1,2,0,293.0
10110191SILVAD_2026-02-13_G82,10110191SILVAD,2026-02-13,117862,1,4,0,169.0
10110191SILVAD_2026-02-13_G83,10110191SILVAD,2026-02-13,110756,1,4,0,95.0
10110191SILVAD_2026-02-13_G84,10110191SILVAD,2026-02-13,109647,1,2,0,82.0
10110191SILVAD_2026-02-13_G85,10110191SILVAD,2026-02-13,118140,1,4,0,121.0
10110191SILVAD_2026-02-13_G86,10110191SILVAD,2026-02-13,141271,1,4,0,143.0
10110191SILVAD_2026-02-13_G87,10110191SILVAD,2026-02-13,117785,1,4,0,81.0
10110191SILVAD_2026-02-13_G88,10110191SILVAD,2026-02-13,118299,1,2,0,154.0
10110191SILVAD_2026-02-13_G89,10110191SILVAD,2026-02-13,110371,1,6,0,44.0
10110191SILVAD_2026-02-13_G90,10110191SILVAD,2026-02-13,117820,1,14,0,127.0
10110191SILVAD_2026-02-13_G91,10110191SILVAD,2026-02-13,117808,1,22,0,294.0
10110191SILVAD_2026-02-13_G92,10110191SILVAD,2026-02-13,110325,1,6,0,44.0
10110191SILVAD_2026-02-13_G94,10110191SILVAD,2026-02-13,110787,1,6,0,536.0
10110191SILVAD_2026-02-13_G95,10110191SILVAD,2026-02-13,111442,1,10,0,258.0
10110191SILVAD_2026-02-13_G96,10110191SILVAD,2026-02-13,142045,1,4,0,179.0
10110191SILVAD_2026-02-14_G02,10110191SILVAD,2026-02-14,110895,1,4,0,118.0
10110191SILVAD_2026-02-14_G03,10110191SILVAD,2026-02-14,141318,1,4,0,110.0
10110191SILVAD_2026-02-14_G04,10110191SILVAD,2026-02-14,111569,1,4,0,251.0
10110191SILVAD_2026-02-14_G05,10110191SILVAD,2026-02-14,111876,1,4,0,109.0
10110191SILVAD_2026-02-14_G06,10110191SILVAD,2026-02-14,140923,1,4,0,282.0
10110191SILVAD_2026-02-14_G07,10110191SILVAD,2026-02-14,117862,1,4,0,74.0
10110191SILVAD_2026-02-14_G08,10110191SILVAD,2026-02-14,141047,1,4,0,91.0
10110191SILVAD_2026-02-14_G09,10110191SILVAD,2026-02-14,111172,1,4,0,131.0
10110191SILVAD_2026-02-14_G10,10110191SILVAD,2026-02-14,111418,1,4,0,116.0
10110191SILVAD_2026-02-14_G11,10110191SILVAD,2026-02-14,141271,1,4,0,55.0
10110191SILVAD_2026-02-14_G12,10110191SILVAD,2026-02-14,141457,1,4,0,115.0
10110191SILVAD_2026-02-14_G13,10110191SILVAD,2026-02-14,110740,1,4,0,70.0
10110191SILVAD_2026-02-14_G14,10110191SILVAD,2026-02-14,141456,1,4,0,130.0
10110191SILVAD_2026-02-14_G15,10110191SILVAD,2026-02-14,117785,1,4,0,55.0
10110191SILVAD_2026-02-14_G16,10110191SILVAD,2026-02-14,118299,1,12,0,402.0
10110191SILVAD_2026-02-14_G17,10110191SILVAD,2026-02-14,117820,1,40,0,210.0
10110191SILVAD_2026-02-14_G18,10110191SILVAD,2026-02-14,117808,1,60,0,193.0
10110191SILVAD_2026-02-14_G19,10110191SILVAD,2026-02-14,110372,1,4,0,137.0
10110191SILVAD_2026-02-14_G20,10110191SILVAD,2026-02-14,117832,1,4,0,88.0
10110191SILVAD_2026-02-14_G21,10110191SILVAD,2026-02-14,117830,1,8,0,94.0
10110191SILVAD_2026-02-14_G22,10110191SILVAD,2026-02-14,111463,1,4,0,299.0
10110191SILVAD_2026-02-14_G23,10110191SILVAD,2026-02-14,111172,1,4,0,246.0
10110191SILVAD_2026-02-14_G24,10110191SILVAD,2026-02-14,118299,1,4,0,188.0
10110191SILVAD_2026-02-14_G25,10110191SILVAD,2026-02-14,110373,1,2,0,163.0
10110191SILVAD_2026-02-14_G26,10110191SILVAD,2026-02-14,142045,1,18,0,384.0
10110191SILVAD_2026-02-14_G27,10110191SILVAD,2026-02-14,117834,1,4,0,176.0
10110191SILVAD_2026-02-14_G28,10110191SILVAD,2026-02-14,110895,1,2,0,236.0
10110191SILVAD_2026-02-14_G29,10110191SILVAD,2026-02-14,110747,1,4,0,180.0
10110191SILVAD_2026-02-14_G30,10110191SILVAD,2026-02-14,111569,1,2,0,67.0
10110191SILVAD_2026-02-14_G31,10110191SILVAD,2026-02-14,142045,1,120,0,2115.0
10110191SILVAD_2026-02-14_G32,10110191SILVAD,2026-02-14,118283,1,100,0,567.0
10110191SILVAD_2026-02-14_G33,10110191SILVAD,2026-02-14,110755,1,3,0,273.0
10110191SILVAD_2026-02-14_G34,10110191SILVAD,2026-02-14,107830,1,22,0,108.0
10110191SILVAD_2026-02-14_G35,10110191SILVAD,2026-02-14,117820,1,57,0,693.0
10110191SILVAD_2026-02-14_G36,10110191SILVAD,2026-02-14,110376,1,14,0,180.0
10110191SILVAD_2026-02-14_G37,10110191SILVAD,2026-02-14,110372,1,100,0,284.0
10110191SILVAD_2026-02-14_G38,10110191SILVAD,2026-02-14,118094,1,48,0,606.0
10110191SILVAD_2026-02-14_G39,10110191SILVAD,2026-02-14,117862,1,52,0,290.0
10110191SILVAD_2026-02-14_G40,10110191SILVAD,2026-02-14,111650,1,20,0,611.0
10110191SILVAD_2026-02-14_G41,10110191SILVAD,2026-02-14,141066,1,43,0,161.0
10110191SILVAD_2026-02-15_G02,10110191SILVAD,2026-02-15,111442,1,1,0,229.0
10110191SILVAD_2026-02-15_G03,10110191SILVAD,2026-02-15,118224,1,16,0,511.0
10110191SILVAD_2026-02-15_G04,10110191SILVAD,2026-02-15,111438,1,4,0,160.0
10110191SILVAD_2026-02-15_G05,10110191SILVAD,2026-02-15,110742,1,3,0,129.0
10110191SILVAD_2026-02-15_G06,10110191SILVAD,2026-02-15,111530,1,30,0,422.0
10110191SILVAD_2026-02-15_G07,10110191SILVAD,2026-02-15,111530,1,20,0,383.0
10110191SILVAD_2026-02-15_G08,10110191SILVAD,2026-02-15,111465,1,2,0,198.0
10110191SILVAD_2026-02-15_G09,10110191SILVAD,2026-02-15,110747,1,1,0,820.0
10110191SILVAD_2026-02-15_G10,10110191SILVAD,2026-02-15,110747,1,2,0,36.0
10110191SILVAD_2026-02-15_G11,10110191SILVAD,2026-02-15,111569,1,2,0,140.0
10110191SILVAD_2026-02-15_G12,10110191SILVAD,2026-02-15,117862,1,2,0,248.0
10110191SILVAD_2026-02-15_G13,10110191SILVAD,2026-02-15,111530,1,22,0,979.0
10110191SILVAD_2026-02-15_G14,10110191SILVAD,2026-02-15,111569,1,4,0,479.0
10110191SILVAD_2026-02-15_G15,10110191SILVAD,2026-02-15,111466,1,4,0,252.0
10110191SILVAD_2026-02-15_G16,10110191SILVAD,2026-02-15,111348,1,2,0,223.0
10110191SILVAD_2026-02-15_G17,10110191SILVAD,2026-02-15,110372,1,2,0,132.0
10110191SILVAD_2026-02-15_G18,10110191SILVAD,2026-02-15,111441,1,16,0,1876.0
10110191SILVAD_2026-02-15_G19,10110191SILVAD,2026-02-15,111438,1,9,0,477.0
10110191SILVAD_2026-02-15_G20,10110191SILVAD,2026-02-15,111438,1,11,0,191.0
10110191SILVAD_2026-02-16_G02,10110191SILVAD,2026-02-16,111876,1,2,0,400.0
10110191SILVAD_2026-02-16_G03,10110191SILVAD,2026-02-16,110741,1,2,0,135.0
10110191SILVAD_2026-02-16_G04,10110191SILVAD,2026-02-16,117862,1,2,0,135.0
10110191SILVAD_2026-02-16_G05,10110191SILVAD,2026-02-16,140923,1,8,0,107.0
10110191SILVAD_2026-02-16_G06,10110191SILVAD,2026-02-16,108795,1,5,0,148.0
10110191SILVAD_2026-02-16_G07,10110191SILVAD,2026-02-16,108794,1,6,0,84.0
10110191SILVAD_2026-02-16_G08,10110191SILVAD,2026-02-16,110787,1,20,0,225.0
10110191SILVAD_2026-02-16_G09,10110191SILVAD,2026-02-16,141823,1,10,0,543.0
10110191SILVAD_2026-02-16_G10,10110191SILVAD,2026-02-16,111442,1,8,0,73.0
10110191SILVAD_2026-02-16_G11,10110191SILVAD,2026-02-16,110740,1,6,0,185.0
10110191SILVAD_2026-02-16_G12,10110191SILVAD,2026-02-16,111463,1,1,0,44.0
10110191SILVAD_2026-02-16_G13,10110191SILVAD,2026-02-16,141456,1,3,0,186.0
10110191SILVAD_2026-02-16_G14,10110191SILVAD,2026-02-16,111465,1,4,0,189.0
10110191SILVAD_2026-02-16_G15,10110191SILVAD,2026-02-16,109641,1,14,0,1710.0
10110191SILVAD_2026-02-16_G16,10110191SILVAD,2026-02-16,108794,1,21,0,216.0
10110191SILVAD_2026-02-16_G17,10110191SILVAD,2026-02-16,117833,1,25,0,196.0
10110191SILVAD_2026-02-16_G18,10110191SILVAD,2026-02-16,110751,1,12,0,101.0
10110191SILVAD_2026-02-16_G19,10110191SILVAD,2026-02-16,108711,1,32,0,522.0
10110191SILVAD_2026-02-16_G20,10110191SILVAD,2026-02-16,111172,1,8,0,308.0
10110191SILVAD_2026-02-16_G21,10110191SILVAD,2026-02-16,107236,1,18,0,243.0
10110191SILVAD_2026-02-16_G22,10110191SILVAD,2026-02-16,109645,1,19,0,569.0
10110191SILVAD_2026-02-16_G23,10110191SILVAD,2026-02-16,111433,1,10,0,340.0
10110191SILVAD_2026-02-16_G24,10110191SILVAD,2026-02-16,117329,1,8,0,114.0
10110191SILVAD_2026-02-16_G25,10110191SILVAD,2026-02-16,141457,1,11,0,137.0
10110191SILVAD_2026-02-16_G26,10110191SILVAD,2026-02-16,117808,1,1000,0,1833.0
10110191SILVAD_2026-02-16_G27,10110191SILVAD,2026-02-16,110325,1,28,0,315.0
10110191SILVAD_2026-02-16_G28,10110191SILVAD,2026-02-16,117830,1,18,0,201.0
10110191SILVAD_2026-02-18_G02,10110191SILVAD,2026-02-18,111743,1,30,0,279.0
10110191SILVAD_2026-02-18_G03,10110191SILVAD,2026-02-18,111172,1,40,0,364.0
10110191SILVAD_2026-02-18_G04,10110191SILVAD,2026-02-18,118317,1,13,0,77.0
10110191SILVAD_2026-02-18_G05,10110191SILVAD,2026-02-18,142080,1,10,0,106.0
10110191SILVAD_2026-02-18_G06,10110191SILVAD,2026-02-18,111442,1,5,0,95.0
10110191SILVAD_2026-02-18_G07,10110191SILVAD,2026-02-18,111468,1,14,0,273.0
10110191SILVAD_2026-02-18_G08,10110191SILVAD,2026-02-18,111444,1,2,0,82.0
10110191SILVAD_2026-02-18_G09,10110191SILVAD,2026-02-18,111435,1,3,0,954.0
10110191SILVAD_2026-02-18_G10,10110191SILVAD,2026-02-18,117787,1,30,0,160.0
10110191SILVAD_2026-02-18_G11,10110191SILVAD,2026-02-18,109649,1,23,0,305.0
10110191SILVAD_2026-02-18_G12,10110191SILVAD,2026-02-18,111438,1,117,0,2808.0
10110191SILVAD_2026-02-18_G13,10110191SILVAD,2026-02-18,117821,1,15,0,564.0
10110191SILVAD_2026-02-18_G14,10110191SILVAD,2026-02-18,118140,1,25,0,329.0
10110191SILVAD_2026-02-18_G15,10110191SILVAD,2026-02-18,110787,1,62,0,640.0
10110191SILVAD_2026-02-18_G16,10110191SILVAD,2026-02-18,111466,1,75,0,347.0
10110191SILVAD_2026-02-18_G17,10110191SILVAD,2026-02-18,142080,1,7,0,156.0
10110191SILVAD_2026-02-18_G18,10110191SILVAD,2026-02-18,117831,1,60,0,279.0
10110191SILVAD_2026-02-18_G19,10110191SILVAD,2026-02-18,111442,1,17,0,281.0
10110191SILVAD_2026-02-18_G20,10110191SILVAD,2026-02-18,111418,1,50,0,784.0
10110191SILVAD_2026-02-18_G22,10110191SILVAD,2026-02-18,111433,1,56,0,379.0
10110191SILVAD_2026-02-18_G23,10110191SILVAD,2026-02-18,141456,1,50,0,463.0
10110191SILVAD_2026-02-19_G02,10110191SILVAD,2026-02-19,110374,1,12,0,1426.0
10110191SILVAD_2026-02-19_G03,10110191SILVAD,2026-02-19,117809,1,3,0,68.0
10110191SILVAD_2026-02-19_G04,10110191SILVAD,2026-02-19,118299,1,24,0,179.0
10110191SILVAD_2026-02-19_G05,10110191SILVAD,2026-02-19,110371,1,10,0,74.0
10110191SILVAD_2026-02-19_G06,10110191SILVAD,2026-02-19,117820,1,45,0,35.0
10110191SILVAD_2026-02-19_G07,10110191SILVAD,2026-02-19,117808,1,149,0,1482.0
10110191SILVAD_2026-02-19_G08,10110191SILVAD,2026-02-19,110325,1,3,0,109.0
10110191SILVAD_2026-02-19_G09,10110191SILVAD,2026-02-19,110373,1,32,0,253.0
10110191SILVAD_2026-02-19_G10,10110191SILVAD,2026-02-19,110372,1,41,0,541.0
10110191SILVAD_2026-02-19_G11,10110191SILVAD,2026-02-19,140923,1,2,0,93.0
10110191SILVAD_2026-02-19_G12,10110191SILVAD,2026-02-19,118094,1,2,0,83.0
10110191SILVAD_2026-02-19_G13,10110191SILVAD,2026-02-19,111530,1,20,0,486.0
10110191SILVAD_2026-02-19_G14,10110191SILVAD,2026-02-19,111879,1,3,0,412.0
10110191SILVAD_2026-02-19_G15,10110191SILVAD,2026-02-19,111569,2,22,20,341.0
10110191SILVAD_2026-02-19_G16,10110191SILVAD,2026-02-19,110895,1,1,0,276.0
10110191SILVAD_2026-02-19_G17,10110191SILVAD,2026-02-19,111418,1,200,0,1691.0
10110191SILVAD_2026-02-19_G18,10110191SILVAD,2026-02-19,117838,1,16,0,622.0
10110191SILVAD_2026-02-19_G20,10110191SILVAD,2026-02-19,160055,1,10,0,162.0
10110191SILVAD_2026-02-19_G21,10110191SILVAD,2026-02-19,141271,1,6,0,142.0
10110191SILVAD_2026-02-19_G22,10110191SILVAD,2026-02-19,111431,1,4,0,153.0
10110191SILVAD_2026-02-19_G23,10110191SILVAD,2026-02-19,111660,1,7,0,136.0
10110191SILVAD_2026-02-19_G24,10110191SILVAD,2026-02-19,108794,1,35,0,611.0
10110191SILVAD_2026-02-19_G25,10110191SILVAD,2026-02-19,141457,1,720,0,2914.0
10110191SILVAD_2026-02-19_G26,10110191SILVAD,2026-02-19,111569,1,30,0,646.0
10110191SILVAD_2026-02-19_G27,10110191SILVAD,2026-02-19,142045,1,20,0,502.0
10110191SILVAD_2026-02-19_G28,10110191SILVAD,2026-02-19,110895,1,1,0,83.0
10110191SILVAD_2026-02-19_G29,10110191SILVAD,2026-02-19,140923,1,50,0,528.0
10110191SILVAD_2026-02-19_G30,10110191SILVAD,2026-02-19,107629,1,20,0,377.0
10110191SILVAD_2026-02-19_G31,10110191SILVAD,2026-02-19,111602,1,120,0,895.0
10110191SILVAD_2026-02-19_G32,10110191SILVAD,2026-02-19,117837,1,12,0,244.0
10110191SILVAD_2026-02-20_G03,10110191SILVAD,2026-02-20,142080,1,16,0,161.0
10110191SILVAD_2026-02-20_G04,10110191SILVAD,2026-02-20,109641,1,40,0,275.0
10110191SILVAD_2026-02-20_G05,10110191SILVAD,2026-02-20,109641,1,20,0,133.0
10110191SILVAD_2026-02-20_G06,10110191SILVAD,2026-02-20,118223,1,7,0,346.0
10110191SILVAD_2026-02-20_G07,10110191SILVAD,2026-02-20,109645,1,10,0,110.0
10110191SILVAD_2026-02-20_G08,10110191SILVAD,2026-02-20,109647,1,20,0,307.0
10110191SILVAD_2026-02-20_G09,10110191SILVAD,2026-02-20,109647,1,10,0,315.0
10110191SILVAD_2026-02-20_G10,10110191SILVAD,2026-02-20,109640,1,80,0,894.0
10110191SILVAD_2026-02-20_G11,10110191SILVAD,2026-02-20,109640,1,20,0,185.0
10110191SILVAD_2026-02-20_G12,10110191SILVAD,2026-02-20,141456,1,17,0,1013.0
10110191SILVAD_2026-02-20_G13,10110191SILVAD,2026-02-20,111418,1,700,0,757.0
10110191SILVAD_2026-02-20_G15,10110191SILVAD,2026-02-20,111530,1,4,0,1138.0
10110191SILVAD_2026-02-20_G16,10110191SILVAD,2026-02-20,118094,1,2,0,651.0
10110191SILVAD_2026-02-20_G17,10110191SILVAD,2026-02-20,107629,1,1,0,51.0
10110191SILVAD_2026-02-20_G18,10110191SILVAD,2026-02-20,109640,1,1,0,128.0
10110191SILVAD_2026-02-20_G19,10110191SILVAD,2026-02-20,111462,1,4,0,259.0
10110191SILVAD_2026-02-20_G20,10110191SILVAD,2026-02-20,111462,1,7,0,107.0
10110191SILVAD_2026-02-20_G21,10110191SILVAD,2026-02-20,111348,1,4,0,199.0
10110191SILVAD_2026-02-20_G22,10110191SILVAD,2026-02-20,117785,1,1,0,36.0
10110191SILVAD_2026-02-20_G23,10110191SILVAD,2026-02-20,118140,1,1,0,57.0
10110191SILVAD_2026-02-20_G24,10110191SILVAD,2026-02-20,110787,1,4,0,69.0
10110191SILVAD_2026-02-20_G25,10110191SILVAD,2026-02-20,111466,1,4,0,48.0
10110191SILVAD_2026-02-20_G26,10110191SILVAD,2026-02-20,"111172, 118317",2,5,27,38.0
10110191SILVAD_2026-02-20_G27,10110191SILVAD,2026-02-20,111418,1,3,0,63.0
10110191SILVAD_2026-02-20_G28,10110191SILVAD,2026-02-20,141823,1,2,0,63.0
10110191SILVAD_2026-02-20_G29,10110191SILVAD,2026-02-20,141457,1,4,0,109.0
10110191SILVAD_2026-02-20_G30,10110191SILVAD,2026-02-20,111463,1,8,0,83.0
10110191SILVAD_2026-02-20_G31,10110191SILVAD,2026-02-20,110325,1,4,0,102.0
10110191SILVAD_2026-02-20_G32,10110191SILVAD,2026-02-20,110372,1,16,0,204.0
10110191SILVAD_2026-02-20_G33,10110191SILVAD,2026-02-20,141140,1,4,0,699.0
10110191SILVAD_2026-02-20_G34,10110191SILVAD,2026-02-20,141141,1,10,0,146.0
10110191SILVAD_2026-02-20_G35,10110191SILVAD,2026-02-20,110374,1,100,0,991.0
10110191SILVAD_2026-02-20_G36,10110191SILVAD,2026-02-20,118299,1,250,0,993.0
10110191SILVAD_2026-02-20_G37,10110191SILVAD,2026-02-20,141202,1,60,0,418.0
10110191SILVAD_2026-02-20_G38,10110191SILVAD,2026-02-20,110373,1,400,0,1255.0
10110191SILVAD_2026-02-20_G39,10110191SILVAD,2026-02-20,110372,1,300,0,793.0
10110191SILVAD_2026-02-20_G40,10110191SILVAD,2026-02-20,117832,1,100,0,140.0
10110191SILVAD_2026-02-20_G41,10110191SILVAD,2026-02-20,117830,1,60,0,428.0
10110191SILVAD_2026-02-21_G02,10110191SILVAD,2026-02-21,118299,1,600,0,1269.0
10110191SILVAD_2026-02-21_G03,10110191SILVAD,2026-02-21,111439,1,5,0,1082.0
10110191SILVAD_2026-02-21_G04,10110191SILVAD,2026-02-21,140923,1,9,0,229.0
10110191SILVAD_2026-02-21_G05,10110191SILVAD,2026-02-21,140923,1,13,0,75.0
10110191SILVAD_2026-02-21_G06,10110191SILVAD,2026-02-21,109647,1,2,0,86.0
10110191SILVAD_2026-02-21_G07,10110191SILVAD,2026-02-21,117862,1,7,0,81.0
10110191SILVAD_2026-02-21_G08,10110191SILVAD,2026-02-21,117862,1,13,0,232.0
10110191SILVAD_2026-02-21_G09,10110191SILVAD,2026-02-21,109640,1,1,0,57.0
10110191SILVAD_2026-02-21_G10,10110191SILVAD,2026-02-21,117861,1,9,0,91.0
10110191SILVAD_2026-02-21_G11,10110191SILVAD,2026-02-21,110711,1,2,0,44.0
10110191SILVAD_2026-02-21_G12,10110191SILVAD,2026-02-21,110711,1,5,0,46.0
10110191SILVAD_2026-02-21_G13,10110191SILVAD,2026-02-21,117856,1,15,0,347.0
10110191SILVAD_2026-02-21_G14,10110191SILVAD,2026-02-21,141352,1,2,0,78.0
10110191SILVAD_2026-02-21_G15,10110191SILVAD,2026-02-21,117837,1,3,0,97.0
10110191SILVAD_2026-02-21_G16,10110191SILVAD,2026-02-21,141166,2,6,19,85.0
10110191SILVAD_2026-02-21_G17,10110191SILVAD,2026-02-21,109640,1,17,0,193.0
10110191SILVAD_2026-02-21_G18,10110191SILVAD,2026-02-21,109640,1,7,0,76.0
10110191SILVAD_2026-02-21_G19,10110191SILVAD,2026-02-21,111530,1,8,0,384.0
10110191SILVAD_2026-02-21_G20,10110191SILVAD,2026-02-21,111530,1,10,0,49.0
10110191SILVAD_2026-02-21_G21,10110191SILVAD,2026-02-21,111530,1,11,0,49.0
10110191SILVAD_2026-02-21_G22,10110191SILVAD,2026-02-21,111876,1,5,0,354.0
10110191SILVAD_2026-02-21_G23,10110191SILVAD,2026-02-21,111330,1,7,0,584.0
10110191SILVAD_2026-02-21_G24,10110191SILVAD,2026-02-21,111330,1,3,0,159.0
10110191SILVAD_2026-02-21_G25,10110191SILVAD,2026-02-21,111462,1,13,0,842.0
10110191SILVAD_2026-02-21_G26,10110191SILVAD,2026-02-21,111462,1,7,0,69.0
10110191SILVAD_2026-02-21_G27,10110191SILVAD,2026-02-21,117785,1,15,0,150.0
10110191SILVAD_2026-02-21_G28,10110191SILVAD,2026-02-21,110787,1,36,0,81.0
10110191SILVAD_2026-02-21_G29,10110191SILVAD,2026-02-21,111172,2,40,9,352.0
10110191SILVAD_2026-02-21_G30,10110191SILVAD,2026-02-21,142093,1,50,0,281.0
10110191SILVAD_2026-02-21_G31,10110191SILVAD,2026-02-21,111418,1,50,0,546.0
10110191SILVAD_2026-02-21_G32,10110191SILVAD,2026-02-21,117787,1,40,0,415.0
10110191SILVAD_2026-02-21_G33,10110191SILVAD,2026-02-21,141456,1,80,0,180.0
10110191SILVAD_2026-02-21_G34,10110191SILVAD,2026-02-21,117853,1,9,0,671.0
10110191SILVAD_2026-02-21_G35,10110191SILVAD,2026-02-21,109640,2,29,11,67.0
10110191SILVAD_2026-02-21_G36,10110191SILVAD,2026-02-21,141458,1,20,0,444.0
10110191SILVAD_2026-02-22_G02,10110191SILVAD,2026-02-22,117855,1,1,0,939.0
10110191SILVAD_2026-02-22_G03,10110191SILVAD,2026-02-22,111469,1,18,0,350.0
10110191SILVAD_2026-02-22_G04,10110191SILVAD,2026-02-22,111469,1,4,0,133.0
10110191SILVAD_2026-02-22_G05,10110191SILVAD,2026-02-22,111469,1,4,0,36.0
10110191SILVAD_2026-02-22_G06,10110191SILVAD,2026-02-22,111469,1,8,0,81.0
10110191SILVAD_2026-02-22_G07,10110191SILVAD,2026-02-22,110374,1,4,0,585.0
10110191SILVAD_2026-02-22_G08,10110191SILVAD,2026-02-22,111530,1,4,0,159.0
10110191SILVAD_2026-02-22_G09,10110191SILVAD,2026-02-22,111602,1,2,0,86.0
10110191SILVAD_2026-02-22_G10,10110191SILVAD,2026-02-22,111462,1,1,0,270.0
10110191SILVAD_2026-02-22_G11,10110191SILVAD,2026-02-22,111462,1,1,0,177.0
10110191SILVAD_2026-02-22_G12,10110191SILVAD,2026-02-22,111469,1,22,0,308.0
10110191SILVAD_2026-02-22_G13,10110191SILVAD,2026-02-22,141202,1,4,0,526.0
10110191SILVAD_2026-02-22_G14,10110191SILVAD,2026-02-22,111462,1,10,0,305.0
10110191SILVAD_2026-02-22_G15,10110191SILVAD,2026-02-22,111469,1,4,0,232.0
10110191SILVAD_2026-02-22_G16,10110191SILVAD,2026-02-22,111462,1,12,0,201.0
10110191SILVAD_2026-02-22_G17,10110191SILVAD,2026-02-22,111466,1,4,0,424.0
10110191SILVAD_2026-02-22_G18,10110191SILVAD,2026-02-22,111462,1,12,0,747.0
10110191SILVAD_2026-02-22_G19,10110191SILVAD,2026-02-22,111462,1,5,0,154.0
10110191SILVAD_2026-02-22_G20,10110191SILVAD,2026-02-22,111469,2,23,11,203.0
10110191SILVAD_2026-02-23_G02,10110191SILVAD,2026-02-23,109640,1,5,0,766.0
10110191SILVAD_2026-02-23_G03,10110191SILVAD,2026-02-23,111462,1,19,0,152.0
10110191SILVAD_2026-02-23_G04,10110191SILVAD,2026-02-23,111469,1,85,0,330.0
10110191SILVAD_2026-02-23_G05,10110191SILVAD,2026-02-23,111530,2,19,22,748.0
10110191SILVAD_2026-02-23_G06,10110191SILVAD,2026-02-23,110748,1,2,0,2053.0
10110191SILVAD_2026-02-23_G07,10110191SILVAD,2026-02-23,110751,1,3,0,238.0
10110191SILVAD_2026-02-23_G08,10110191SILVAD,2026-02-23,140922,1,4,0,47.0
10110191SILVAD_2026-02-23_G09,10110191SILVAD,2026-02-23,141456,1,5,0,157.0
10110191SILVAD_2026-02-23_G10,10110191SILVAD,2026-02-23,111465,1,4,0,56.0
10110191SILVAD_2026-02-23_G11,10110191SILVAD,2026-02-23,110740,1,8,0,101.0
10110191SILVAD_2026-02-23_G12,10110191SILVAD,2026-02-23,110740,1,4,0,47.0
10110191SILVAD_2026-02-23_G13,10110191SILVAD,2026-02-23,141458,1,8,0,163.0
10110191SILVAD_2026-02-23_G14,10110191SILVAD,2026-02-23,111850,1,2,0,773.0
10110191SILVAD_2026-02-23_G16,10110191SILVAD,2026-02-23,110374,1,10,0,155.0
10110191SILVAD_2026-02-23_G17,10110191SILVAD,2026-02-23,117820,1,40,0,43.0
10110191SILVAD_2026-02-23_G18,10110191SILVAD,2026-02-23,110376,1,40,0,1077.0
10110191SILVAD_2026-02-23_G19,10110191SILVAD,2026-02-23,111861,1,5,0,394.0
10110191SILVAD_2026-02-23_G20,10110191SILVAD,2026-02-23,116241,1,30,0,1507.0
10110191SILVAD_2026-02-23_G21,10110191SILVAD,2026-02-23,142093,1,20,0,1046.0
10110191SILVAD_2026-02-23_G22,10110191SILVAD,2026-02-23,111446,1,2,0,76.0
10110191SILVAD_2026-02-23_G23,10110191SILVAD,2026-02-23,111418,1,60,0,466.0
10110191SILVAD_2026-02-23_G24,10110191SILVAD,2026-02-23,107236,1,6,0,95.0
10110191SILVAD_2026-02-23_G25,10110191SILVAD,2026-02-23,111442,1,8,0,86.0
10110191SILVAD_2026-02-23_G26,10110191SILVAD,2026-02-23,111530,1,2,0,773.0
10110191SILVAD_2026-02-23_G27,10110191SILVAD,2026-02-23,111530,1,78,0,122.0
10110191SILVAD_2026-02-23_G28,10110191SILVAD,2026-02-23,110895,1,11,0,587.0
10110191SILVAD_2026-02-23_G29,10110191SILVAD,2026-02-23,110747,1,9,0,256.0
10110191SILVAD_2026-02-23_G30,10110191SILVAD,2026-02-23,111430,1,12,0,161.0
10110191SILVAD_2026-02-23_G31,10110191SILVAD,2026-02-23,117835,1,5,0,143.0
10110191SILVAD_2026-02-23_G32,10110191SILVAD,2026-02-23,108770,1,8,0,219.0
10110191SILVAD_2026-02-23_G33,10110191SILVAD,2026-02-23,110742,1,20,0,404.0
10110191SILVAD_2026-02-23_G34,10110191SILVAD,2026-02-23,110623,1,14,0,214.0
10110191SILVAD_2026-02-23_G35,10110191SILVAD,2026-02-23,110582,1,4,0,58.0
10110191SILVAD_2026-02-23_G37,10110191SILVAD,2026-02-23,111462,1,4,0,34.0
10110191SILVAD_2026-02-23_G38,10110191SILVAD,2026-02-23,111330,1,4,0,69.0
10110191SILVAD_2026-02-24_G02,10110191SILVAD,2026-02-24,117855,1,3,0,97.0
10110191SILVAD_2026-02-24_G03,10110191SILVAD,2026-02-24,117855,1,3,0,42.0
10110191SILVAD_2026-02-24_G04,10110191SILVAD,2026-02-24,111469,1,3,0,210.0
10110191SILVAD_2026-02-24_G05,10110191SILVAD,2026-02-24,109640,1,5,0,139.0
10110191SILVAD_2026-02-24_G06,10110191SILVAD,2026-02-24,141823,1,20,0,250.0
10110191SILVAD_2026-02-24_G07,10110191SILVAD,2026-02-24,111462,1,2,0,298.0
10110191SILVAD_2026-02-24_G08,10110191SILVAD,2026-02-24,111469,1,11,0,163.0
10110191SILVAD_2026-02-24_G09,10110191SILVAD,2026-02-24,117841,1,5,0,157.0
10110191SILVAD_2026-02-24_G10,10110191SILVAD,2026-02-24,140922,1,2,0,73.0
10110191SILVAD_2026-02-24_G11,10110191SILVAD,2026-02-24,117855,1,18,0,355.0
10110191SILVAD_2026-02-24_G12,10110191SILVAD,2026-02-24,117855,1,17,0,151.0
10110191SILVAD_2026-02-24_G13,10110191SILVAD,2026-02-24,111469,1,8,0,338.0
10110191SILVAD_2026-02-24_G14,10110191SILVAD,2026-02-24,111469,1,11,0,133.0
10110191SILVAD_2026-02-24_G15,10110191SILVAD,2026-02-24,111469,1,28,0,281.0
10110191SILVAD_2026-02-24_G16,10110191SILVAD,2026-02-24,140922,1,2,0,241.0
10110191SILVAD_2026-02-24_G17,10110191SILVAD,2026-02-24,111469,1,1,0,75.0
10110191SILVAD_2026-02-24_G18,10110191SILVAD,2026-02-24,110374,1,8,0,1066.0
10110191SILVAD_2026-02-24_G19,10110191SILVAD,2026-02-24,117809,1,16,0,154.0
10110191SILVAD_2026-02-24_G20,10110191SILVAD,2026-02-24,110371,1,12,0,227.0
10110191SILVAD_2026-02-24_G21,10110191SILVAD,2026-02-24,117820,1,20,0,229.0
10110191SILVAD_2026-02-24_G22,10110191SILVAD,2026-02-24,110325,1,6,0,98.0
10110191SILVAD_2026-02-24_G23,10110191SILVAD,2026-02-24,117822,1,3,0,48.0
10110191SILVAD_2026-02-24_G24,10110191SILVAD,2026-02-24,117840,1,5,0,90.0
10110191SILVAD_2026-02-24_G25,10110191SILVAD,2026-02-24,118299,1,20,0,145.0
10110191SILVAD_2026-02-24_G26,10110191SILVAD,2026-02-24,118299,1,20,0,1179.0
10110191SILVAD_2026-02-24_G27,10110191SILVAD,2026-02-24,110373,1,40,0,165.0
10110191SILVAD_2026-02-24_G28,10110191SILVAD,2026-02-24,110375,1,8,0,89.0
10110191SILVAD_2026-02-24_G29,10110191SILVAD,2026-02-24,110372,1,20,0,52.0
10110191SILVAD_2026-02-24_G30,10110191SILVAD,2026-02-24,117830,1,5,0,159.0
10110191SILVAD_2026-02-24_G31,10110191SILVAD,2026-02-24,141458,1,2,0,157.0
10110191SILVAD_2026-02-24_G32,10110191SILVAD,2026-02-24,117831,1,4,0,139.0
10110191SILVAD_2026-02-24_G33,10110191SILVAD,2026-02-24,141166,1,3,0,819.0
10110191SILVAD_2026-02-24_G35,10110191SILVAD,2026-02-24,117855,1,3,0,122.0
10110191SILVAD_2026-02-24_G36,10110191SILVAD,2026-02-24,118094,1,4,0,216.0
10110191SILVAD_2026-02-24_G37,10110191SILVAD,2026-02-24,111466,1,3,0,118.0
10110191SILVAD_2026-02-24_G38,10110191SILVAD,2026-02-24,117855,1,10,0,225.0
10110191SILVAD_2026-02-24_G39,10110191SILVAD,2026-02-24,140911,1,6,0,343.0
10110191SILVAD_2026-02-24_G40,10110191SILVAD,2026-02-24,140981,1,1,0,130.0
10110191SILVAD_2026-02-24_G41,10110191SILVAD,2026-02-24,141997,1,1,0,139.0
10110191SILVAD_2026-02-24_G42,10110191SILVAD,2026-02-24,111120,1,1,0,125.0
10110191SILVAD_2026-02-24_G43,10110191SILVAD,2026-02-24,105272,1,1,0,89.0
10110191SILVAD_2026-02-24_G44,10110191SILVAD,2026-02-24,110500,1,3,0,138.0
10110191SILVAD_2026-02-24_G45,10110191SILVAD,2026-02-24,110310,1,1,0,126.0
10110191SILVAD_2026-02-24_G46,10110191SILVAD,2026-02-24,118290,1,1,0,103.0
10110191SILVAD_2026-02-24_G47,10110191SILVAD,2026-02-24,110841,1,3,0,77.0
10110191SILVAD_2026-02-24_G48,10110191SILVAD,2026-02-24,140920,1,2,0,93.0
10110191SILVAD_2026-02-24_G49,10110191SILVAD,2026-02-24,140923,1,1,0,360.0
10110191SILVAD_2026-02-24_G50,10110191SILVAD,2026-02-24,118094,1,1,0,90.0
10110191SILVAD_2026-02-24_G51,10110191SILVAD,2026-02-24,107629,1,2,0,76.0
10110191SILVAD_2026-02-24_G52,10110191SILVAD,2026-02-24,110895,1,12,0,1243.0
10110191SILVAD_2026-02-24_G53,10110191SILVAD,2026-02-24,110833,1,1,0,135.0
10110191SILVAD_2026-02-24_G54,10110191SILVAD,2026-02-24,117853,1,2,0,337.0
10110191SILVAD_2026-02-24_G55,10110191SILVAD,2026-02-24,117853,1,2,0,47.0
10110191SILVAD_2026-02-24_G56,10110191SILVAD,2026-02-24,140911,1,12,0,264.0
10110191SILVAD_2026-02-24_G57,10110191SILVAD,2026-02-24,141313,1,2,0,145.0
10110191SILVAD_2026-02-24_G58,10110191SILVAD,2026-02-24,140911,1,12,0,128.0
10110191SILVAD_2026-02-24_G59,10110191SILVAD,2026-02-24,109640,1,8,0,492.0
10110191SILVAD_2026-02-24_G60,10110191SILVAD,2026-02-24,117853,1,2,0,111.0
10110191SILVAD_2026-02-24_G61,10110191SILVAD,2026-02-24,111441,1,2,0,967.0
10110191SILVAD_2026-02-24_G62,10110191SILVAD,2026-02-24,110743,1,2,0,154.0
10110191SILVAD_2026-02-24_G63,10110191SILVAD,2026-02-24,108794,1,4,0,137.0
10110191SILVAD_2026-02-24_G64,10110191SILVAD,2026-02-24,117785,1,4,0,50.0
10110191SILVAD_2026-02-24_G65,10110191SILVAD,2026-02-24,117833,1,2,0,90.0
10110191SILVAD_2026-02-24_G66,10110191SILVAD,2026-02-24,117821,1,1,0,55.0
10110191SILVAD_2026-02-24_G67,10110191SILVAD,2026-02-24,110787,1,2,0,60.0
10110191SILVAD_2026-02-24_G68,10110191SILVAD,2026-02-24,111466,1,12,0,117.0
10110191SILVAD_2026-02-24_G69,10110191SILVAD,2026-02-24,111418,1,11,0,268.0
10110191SILVAD_2026-02-24_G70,10110191SILVAD,2026-02-24,117831,1,4,0,64.0
10110191SILVAD_2026-02-24_G71,10110191SILVAD,2026-02-24,140922,1,8,0,191.0
10110191SILVAD_2026-02-24_G72,10110191SILVAD,2026-02-24,141456,1,2,0,105.0
10110191SILVAD_2026-02-24_G73,10110191SILVAD,2026-02-24,111468,1,2,0,55.0
10110191SILVAD_2026-02-24_G74,10110191SILVAD,2026-02-24,111433,1,2,0,58.0
10110191SILVAD_2026-02-24_G75,10110191SILVAD,2026-02-24,141457,1,2,0,71.0
10110191SILVAD_2026-02-24_G76,10110191SILVAD,2026-02-24,110740,1,4,0,73.0
10110191SILVAD_2026-02-24_G77,10110191SILVAD,2026-02-24,111463,1,12,0,179.0
10110191SILVAD_2026-02-24_G78,10110191SILVAD,2026-02-24,141458,1,3,0,98.0
10110191SILVAD_2026-02-24_G80,10110191SILVAD,2026-02-24,110374,1,2,0,48.0
10110191SILVAD_2026-02-24_G81,10110191SILVAD,2026-02-24,117809,1,4,0,494.0
10110191SILVAD_2026-02-24_G82,10110191SILVAD,2026-02-24,118299,1,16,0,130.0
10110191SILVAD_2026-02-25_G02,10110191SILVAD,2026-02-25,117820,1,8,0,57.0
10110191SILVAD_2026-02-25_G03,10110191SILVAD,2026-02-25,110325,1,2,0,68.0
10110191SILVAD_2026-02-25_G04,10110191SILVAD,2026-02-25,117822,1,4,0,54.0
10110191SILVAD_2026-02-25_G05,10110191SILVAD,2026-02-25,110373,1,12,0,150.0
10110191SILVAD_2026-02-25_G06,10110191SILVAD,2026-02-25,117832,1,4,0,74.0
10110191SILVAD_2026-02-25_G07,10110191SILVAD,2026-02-25,110372,1,24,0,175.0
10110191SILVAD_2026-02-25_G08,10110191SILVAD,2026-02-25,117830,1,4,0,102.0
10110191SILVAD_2026-02-25_G09,10110191SILVAD,2026-02-25,140923,1,6,0,448.0
10110191SILVAD_2026-02-25_G10,10110191SILVAD,2026-02-25,111602,1,4,0,109.0
10110191SILVAD_2026-02-25_G11,10110191SILVAD,2026-02-25,117856,1,2,0,66.0
10110191SILVAD_2026-02-25_G12,10110191SILVAD,2026-02-25,108361,1,2,0,60.0
10110191SILVAD_2026-02-25_G13,10110191SILVAD,2026-02-25,117786,1,2,0,57.0
10110191SILVAD_2026-02-25_G14,10110191SILVAD,2026-02-25,110339,1,2,0,89.0
10110191SILVAD_2026-02-25_G15,10110191SILVAD,2026-02-25,111444,1,5,0,221.0
10110191SILVAD_2026-02-25_G16,10110191SILVAD,2026-02-25,108794,1,6,0,167.0
10110191SILVAD_2026-02-25_G17,10110191SILVAD,2026-02-25,117785,1,7,0,54.0
10110191SILVAD_2026-02-25_G18,10110191SILVAD,2026-02-25,111743,1,6,0,90.0
10110191SILVAD_2026-02-25_G19,10110191SILVAD,2026-02-25,110787,1,5,0,67.0
10110191SILVAD_2026-02-25_G20,10110191SILVAD,2026-02-25,108795,1,2,0,57.0
10110191SILVAD_2026-02-25_G21,10110191SILVAD,2026-02-25,111466,1,10,0,89.0
10110191SILVAD_2026-02-25_G22,10110191SILVAD,2026-02-25,111418,1,23,0,426.0
10110191SILVAD_2026-02-25_G23,10110191SILVAD,2026-02-25,109641,1,4,0,72.0
10110191SILVAD_2026-02-25_G24,10110191SILVAD,2026-02-25,141823,1,3,0,48.0
10110191SILVAD_2026-02-25_G25,10110191SILVAD,2026-02-25,111442,1,1,0,39.0
10110191SILVAD_2026-02-25_G26,10110191SILVAD,2026-02-25,140922,1,8,0,123.0
10110191SILVAD_2026-02-25_G27,10110191SILVAD,2026-02-25,109645,1,1,0,91.0
10110191SILVAD_2026-02-25_G28,10110191SILVAD,2026-02-25,111468,1,4,0,55.0
10110191SILVAD_2026-02-25_G29,10110191SILVAD,2026-02-25,111435,1,1,0,64.0
10110191SILVAD_2026-02-25_G30,10110191SILVAD,2026-02-25,141457,1,20,0,107.0
10110191SILVAD_2026-02-25_G31,10110191SILVAD,2026-02-25,110740,1,9,0,98.0
10110191SILVAD_2026-02-25_G32,10110191SILVAD,2026-02-25,111463,1,20,0,528.0
10110191SILVAD_2026-02-25_G33,10110191SILVAD,2026-02-25,107236,1,2,0,97.0
10110191SILVAD_2026-02-25_G34,10110191SILVAD,2026-02-25,111467,1,6,0,280.0
10110191SILVAD_2026-02-25_G35,10110191SILVAD,2026-02-25,110752,1,1,0,103.0
10110191SILVAD_2026-02-25_G36,10110191SILVAD,2026-02-25,140923,1,4,0,90.0
10110191SILVAD_2026-02-25_G37,10110191SILVAD,2026-02-25,118094,1,2,0,75.0
10110191SILVAD_2026-02-25_G38,10110191SILVAD,2026-02-25,107629,1,5,0,79.0
10110191SILVAD_2026-02-25_G39,10110191SILVAD,2026-02-25,109647,1,3,0,83.0
10110191SILVAD_2026-02-25_G40,10110191SILVAD,2026-02-25,117862,1,3,0,49.0
10110191SILVAD_2026-02-25_G41,10110191SILVAD,2026-02-25,141047,1,1,0,66.0
10110191SILVAD_2026-02-25_G42,10110191SILVAD,2026-02-25,111602,1,19,0,282.0
10110191SILVAD_2026-02-25_G43,10110191SILVAD,2026-02-25,117856,1,3,0,91.0
10110191SILVAD_2026-02-25_G44,10110191SILVAD,2026-02-25,110756,1,2,0,55.0
10110191SILVAD_2026-02-25_G45,10110191SILVAD,2026-02-25,117786,1,5,0,465.0
10110191SILVAD_2026-02-25_G46,10110191SILVAD,2026-02-25,110339,1,5,0,112.0
10110191SILVAD_2026-02-25_G47,10110191SILVAD,2026-02-25,110895,1,1,0,1156.0
10110191SILVAD_2026-02-25_G48,10110191SILVAD,2026-02-25,117861,2,3,20,212.0
10110191SILVAD_2026-02-25_G49,10110191SILVAD,2026-02-25,111466,1,4,0,624.0
10110191SILVAD_2026-02-25_G50,10110191SILVAD,2026-02-25,110373,1,2,0,133.0
10110191SILVAD_2026-02-25_G51,10110191SILVAD,2026-02-25,117853,1,4,0,138.0
10110191SILVAD_2026-02-25_G52,10110191SILVAD,2026-02-25,140922,1,2,0,91.0
10110191SILVAD_2026-02-25_G53,10110191SILVAD,2026-02-25,140922,1,3,0,41.0
10110191SILVAD_2026-02-25_G54,10110191SILVAD,2026-02-25,160051,1,2,0,39.0
10110191SILVAD_2026-02-25_G55,10110191SILVAD,2026-02-25,107892,3,12,17,443.0
10110191SILVAD_2026-02-25_G56,10110191SILVAD,2026-02-25,117855,1,8,0,388.0
10110191SILVAD_2026-02-25_G57,10110191SILVAD,2026-02-25,111462,1,1,0,255.0
10110191SILVAD_2026-02-25_G58,10110191SILVAD,2026-02-25,160055,1,6,0,103.0
10110191SILVAD_2026-02-25_G59,10110191SILVAD,2026-02-25,160056,1,2,0,71.0
10110191SILVAD_2026-02-25_G60,10110191SILVAD,2026-02-25,160051,1,10,0,110.0
10110191SILVAD_2026-02-25_G61,10110191SILVAD,2026-02-25,160051,1,12,0,217.0
10110191SILVAD_2026-02-25_G63,10110191SILVAD,2026-02-25,105705,1,63,0,1068.0
10110191SILVAD_2026-02-25_G64,10110191SILVAD,2026-02-25,118140,1,16,0,1415.0
10110191SILVAD_2026-02-25_G65,10110191SILVAD,2026-02-25,111443,1,12,0,498.0
10110191SILVAD_2026-02-25_G66,10110191SILVAD,2026-02-25,111469,1,16,0,135.0
10110191SILVAD_2026-02-25_G67,10110191SILVAD,2026-02-25,111466,1,28,0,218.0
10110191SILVAD_2026-02-25_G68,10110191SILVAD,2026-02-25,118317,1,21,0,382.0
10110191SILVAD_2026-02-25_G69,10110191SILVAD,2026-02-25,118317,1,3,0,138.0
10110191SILVAD_2026-02-25_G70,10110191SILVAD,2026-02-25,109641,1,20,0,239.0
10110191SILVAD_2026-02-25_G71,10110191SILVAD,2026-02-25,111418,1,32,0,362.0
10110191SILVAD_2026-02-25_G72,10110191SILVAD,2026-02-25,111418,1,24,0,254.0
10110191SILVAD_2026-02-25_G73,10110191SILVAD,2026-02-25,111433,1,20,0,282.0
10110191SILVAD_2026-02-25_G74,10110191SILVAD,2026-02-25,110740,1,20,0,662.0
10110191SILVAD_2026-02-25_G75,10110191SILVAD,2026-02-25,111463,1,28,0,264.0
10110191SILVAD_2026-02-25_G76,10110191SILVAD,2026-02-25,110325,1,24,0,198.0
10110191SILVAD_2026-02-25_G77,10110191SILVAD,2026-02-25,109643,1,12,0,399.0
10110191SILVAD_2026-02-25_G78,10110191SILVAD,2026-02-25,110373,1,24,0,369.0
10110191SILVAD_2026-02-25_G79,10110191SILVAD,2026-02-25,110372,1,28,0,244.0
10110191SILVAD_2026-02-25_G80,10110191SILVAD,2026-02-25,110752,1,20,0,295.0
10110191SILVAD_2026-02-25_G81,10110191SILVAD,2026-02-25,111439,1,16,0,311.0
10110191SILVAD_2026-02-25_G82,10110191SILVAD,2026-02-25,110741,1,12,0,176.0
10110191SILVAD_2026-02-25_G83,10110191SILVAD,2026-02-25,110741,1,20,0,459.0
10110191SILVAD_2026-02-25_G84,10110191SILVAD,2026-02-25,109640,1,12,0,153.0
10110191SILVAD_2026-02-25_G86,10110191SILVAD,2026-02-25,117854,1,12,0,231.0
10110191SILVAD_2026-02-25_G87,10110191SILVAD,2026-02-25,141166,1,20,0,144.0
10110191SILVAD_2026-02-26_G02,10110191SILVAD,2026-02-26,111569,1,20,0,379.0
10110191SILVAD_2026-02-26_G03,10110191SILVAD,2026-02-26,111438,1,32,0,274.0
10110191SILVAD_2026-02-26_G04,10110191SILVAD,2026-02-26,111441,1,28,0,798.0
10110191SILVAD_2026-02-26_G05,10110191SILVAD,2026-02-26,142045,1,24,0,148.0
10110191SILVAD_2026-02-26_G06,10110191SILVAD,2026-02-26,111437,1,12,0,444.0
10110191SILVAD_2026-02-26_G07,10110191SILVAD,2026-02-26,110749,1,10,0,142.0
10110191SILVAD_2026-02-26_G08,10110191SILVAD,2026-02-26,110895,1,8,0,1660.0
10110191SILVAD_2026-02-26_G09,10110191SILVAD,2026-02-26,111532,1,110,0,2387.0
10110191SILVAD_2026-02-26_G10,10110191SILVAD,2026-02-26,117785,1,200,0,853.0
10110191SILVAD_2026-02-26_G11,10110191SILVAD,2026-02-26,111469,1,29,0,357.0
10110191SILVAD_2026-02-26_G12,10110191SILVAD,2026-02-26,111469,1,15,0,201.0
10110191SILVAD_2026-02-26_G13,10110191SILVAD,2026-02-26,111469,1,16,0,1040.0
10110191SILVAD_2026-02-26_G14,10110191SILVAD,2026-02-26,110787,1,12,0,130.0
10110191SILVAD_2026-02-26_G15,10110191SILVAD,2026-02-26,108711,1,4,0,42.0
10110191SILVAD_2026-02-26_G16,10110191SILVAD,2026-02-26,111172,1,4,0,52.0
10110191SILVAD_2026-02-26_G17,10110191SILVAD,2026-02-26,142093,1,20,0,111.0
10110191SILVAD_2026-02-26_G18,10110191SILVAD,2026-02-26,111446,1,2,0,50.0
10110191SILVAD_2026-02-26_G19,10110191SILVAD,2026-02-26,117831,1,50,0,212.0
10110191SILVAD_2026-02-26_G20,10110191SILVAD,2026-02-26,141456,1,300,0,968.0
10110191SILVAD_2026-02-27_G02,10110191SILVAD,2026-02-27,117855,1,2,0,646.0
10110191SILVAD_2026-02-27_G03,10110191SILVAD,2026-02-27,117855,1,2,0,64.0
10110191SILVAD_2026-02-27_G04,10110191SILVAD,2026-02-27,108794,1,4,0,113.0
10110191SILVAD_2026-02-27_G05,10110191SILVAD,2026-02-27,117855,1,4,0,175.0
10110191SILVAD_2026-02-27_G06,10110191SILVAD,2026-02-27,117855,1,16,0,267.0
10110191SILVAD_2026-02-27_G07,10110191SILVAD,2026-02-27,160057,1,2,0,309.0
10110191SILVAD_2026-02-27_G08,10110191SILVAD,2026-02-27,141318,1,4,0,128.0
10110191SILVAD_2026-02-27_G09,10110191SILVAD,2026-02-27,118290,1,4,0,156.0
10110191SILVAD_2026-02-27_G10,10110191SILVAD,2026-02-27,141318,1,4,0,188.0
10110191SILVAD_2026-02-27_G11,10110191SILVAD,2026-02-27,117856,1,8,0,235.0
10110191SILVAD_2026-02-27_G12,10110191SILVAD,2026-02-27,111532,1,226,0,2995.0
10110191SILVAD_2026-02-27_G13,10110191SILVAD,2026-02-27,111532,1,14,0,313.0
10110191SILVAD_2026-02-27_G14,10110191SILVAD,2026-02-27,117808,1,341,0,33.0
10110191SILVAD_2026-02-27_G16,10110191SILVAD,2026-02-27,110313,1,2,0,104.0
10110191SILVAD_2026-02-27_G17,10110191SILVAD,2026-02-27,140923,6,11,37,39.0
10110191SILVAD_2026-02-28_G02,10110191SILVAD,2026-02-28,111530,5,26,27,108.0
10110191SILVAD_2026-02-28_G03,10110191SILVAD,2026-02-28,107629,3,9,16,142.0
10110191SILVAD_2026-02-28_G04,10110191SILVAD,2026-02-28,117862,2,5,9,110.0
10110191SILVAD_2026-02-28_G05,10110191SILVAD,2026-02-28,117862,3,13,13,392.0
10110191SILVAD_2026-02-28_G06,10110191SILVAD,2026-02-28,141047,3,8,15,92.0
10110191SILVAD_2026-02-28_G07,10110191SILVAD,2026-02-28,111876,2,5,7,106.0
10110191SILVAD_2026-02-28_G08,10110191SILVAD,2026-02-28,111602,7,29,49,61.0
10110191SILVAD_2026-02-28_G09,10110191SILVAD,2026-02-28,117856,2,7,8,203.0
10110191SILVAD_2026-02-28_G10,10110191SILVAD,2026-02-28,108361,1,2,0,196.0
10110191SILVAD_2026-02-28_G11,10110191SILVAD,2026-02-28,"117786, 117861",4,10,21,76.0
10110191SILVAD_2026-02-28_G12,10110191SILVAD,2026-02-28,110339,3,19,16,443.0
10110191SILVAD_2026-02-28_G13,10110191SILVAD,2026-02-28,111467,2,10,10,174.0
10110191SILVAD_2026-02-28_G14,10110191SILVAD,2026-02-28,110063,1,1,0,189.0
10110191SILVAD_2026-02-28_G15,10110191SILVAD,2026-02-28,141166,3,9,13,83.0
10110191SILVAD_2026-02-28_G16,10110191SILVAD,2026-02-28,117834,1,4,0,244.0
10110191SILVAD_2026-02-28_G17,10110191SILVAD,2026-02-28,111569,3,10,16,108.0
10110191SILVAD_2026-02-28_G18,10110191SILVAD,2026-02-28,111438,1,1,0,106.0
10110191SILVAD_2026-02-28_G19,10110191SILVAD,2026-02-28,111441,2,8,6,108.0
10110191SILVAD_2026-02-28_G20,10110191SILVAD,2026-02-28,141916,1,2,0,131.0
10110191SILVAD_2026-02-28_G21,10110191SILVAD,2026-02-28,111850,1,1,0,418.0
10110191SILVAD_2026-02-28_G22,10110191SILVAD,2026-02-28,110372,2,20,8,412.0
10110191SILVAD_2026-02-28_G23,10110191SILVAD,2026-02-28,117830,1,6,0,195.0
10110191SILVAD_2026-02-28_G24,10110191SILVAD,2026-02-28,117830,1,7,0,34.0
10110191SILVAD_2026-02-28_G25,10110191SILVAD,2026-02-28,110372,3,51,26,71.0
10110191SILVAD_2026-02-28_G26,10110191SILVAD,2026-02-28,110372,1,13,0,205.0
10110191SILVAD_2026-02-28_G27,10110191SILVAD,2026-02-28,110373,1,64,0,989.0
10110191SILVAD_2026-02-28_G28,10110191SILVAD,2026-02-28,110372,1,69,0,382.0
10110191SILVAD_2026-02-28_G29,10110191SILVAD,2026-02-28,111418,1,37,0,743.0
10110191SILVAD_2026-02-28_G30,10110191SILVAD,2026-02-28,111348,1,16,0,1340.0
10110191SILVAD_2026-02-28_G31,10110191SILVAD,2026-02-28,109641,1,20,0,527.0
10110191SILVAD_2026-02-28_G32,10110191SILVAD,2026-02-28,111469,1,20,0,192.0
10110191SILVAD_2026-02-28_G33,10110191SILVAD,2026-02-28,118290,1,4,0,408.0
10110191SILVAD_2026-02-28_G34,10110191SILVAD,2026-02-28,111438,1,10,0,47.0
10110191SILVAD_2026-02-28_G35,10110191SILVAD,2026-02-28,109640,1,20,0,535.0
10110191SILVAD_2026-02-28_G36,10110191SILVAD,2026-02-28,110755,1,4,0,283.0
10110191SILVAD_2026-03-03_G02,10110191SILVAD,2026-03-03,141155,1,12,0,383.0
10110191SILVAD_2026-03-03_G03,10110191SILVAD,2026-03-03,111723,1,8,0,209.0
10110191SILVAD_2026-03-03_G04,10110191SILVAD,2026-03-03,118191,1,30,0,158.0
10110191SILVAD_2026-03-03_G05,10110191SILVAD,2026-03-03,141140,1,10,0,642.0
10110191SILVAD_2026-03-03_G06,10110191SILVAD,2026-03-03,141155,1,8,0,426.0
10110191SILVAD_2026-03-03_G07,10110191SILVAD,2026-03-03,111759,1,12,0,112.0
10110191SILVAD_2026-03-03_G08,10110191SILVAD,2026-03-03,111723,1,8,0,122.0
10110191SILVAD_2026-03-03_G09,10110191SILVAD,2026-03-03,111634,1,12,0,255.0
10110191SILVAD_2026-03-03_G10,10110191SILVAD,2026-03-03,111751,1,8,0,60.0
10110191SILVAD_2026-03-03_G11,10110191SILVAD,2026-03-03,118191,1,30,0,417.0
10110191SILVAD_2026-03-03_G12,10110191SILVAD,2026-03-03,141262,1,20,0,374.0
10110191SILVAD_2026-03-03_G13,10110191SILVAD,2026-03-03,118191,1,30,0,290.0
10110191SILVAD_2026-03-03_G14,10110191SILVAD,2026-03-03,111723,1,8,0,384.0
10110191SILVAD_2026-03-03_G15,10110191SILVAD,2026-03-03,141155,1,12,0,603.0
10110191SILVAD_2026-03-03_G16,10110191SILVAD,2026-03-03,111742,1,8,0,969.0
10110191SILVAD_2026-03-03_G17,10110191SILVAD,2026-03-03,141155,1,10,0,339.0
10110191SILVAD_2026-03-03_G18,10110191SILVAD,2026-03-03,111759,1,10,0,119.0
10110191SILVAD_2026-03-03_G19,10110191SILVAD,2026-03-03,111723,1,8,0,384.0
10110191SILVAD_2026-03-03_G20,10110191SILVAD,2026-03-03,111634,1,8,0,149.0
10110191SILVAD_2026-03-03_G21,10110191SILVAD,2026-03-03,111751,1,10,0,84.0
10110191SILVAD_2026-03-03_G22,10110191SILVAD,2026-03-03,141140,1,8,0,1288.0
10110191SILVAD_2026-03-03_G23,10110191SILVAD,2026-03-03,141140,1,8,0,249.0
10110191SILVAD_2026-03-03_G24,10110191SILVAD,2026-03-03,141140,1,10,0,355.0
10110191SILVAD_2026-03-03_G25,10110191SILVAD,2026-03-03,141155,1,12,0,103.0
10110191SILVAD_2026-03-03_G26,10110191SILVAD,2026-03-03,141155,1,16,0,481.0
10110191SILVAD_2026-03-03_G27,10110191SILVAD,2026-03-03,111759,1,10,0,109.0
10110191SILVAD_2026-03-03_G28,10110191SILVAD,2026-03-03,111723,1,8,0,211.0
10110191SILVAD_2026-03-03_G30,10110191SILVAD,2026-03-03,118191,1,20,0,164.0
10110191SILVAD_2026-03-03_G31,10110191SILVAD,2026-03-03,141262,1,20,0,176.0
10110191SILVAD_2026-03-04_G02,10110191SILVAD,2026-03-04,111723,1,8,0,146.0
10110191SILVAD_2026-03-04_G03,10110191SILVAD,2026-03-04,118191,1,20,0,429.0
10110191SILVAD_2026-03-04_G04,10110191SILVAD,2026-03-04,111759,1,12,0,214.0
10110191SILVAD_2026-03-04_G05,10110191SILVAD,2026-03-04,111723,1,8,0,112.0
10110191SILVAD_2026-03-04_G06,10110191SILVAD,2026-03-04,118191,1,40,0,443.0
10110191SILVAD_2026-03-04_G07,10110191SILVAD,2026-03-04,141262,1,20,0,139.0
10110191SILVAD_2026-03-04_G08,10110191SILVAD,2026-03-04,141141,1,20,0,380.0
10110191SILVAD_2026-03-04_G09,10110191SILVAD,2026-03-04,141155,1,8,0,111.0
10110191SILVAD_2026-03-04_G10,10110191SILVAD,2026-03-04,111723,1,8,0,271.0
10110191SILVAD_2026-03-04_G11,10110191SILVAD,2026-03-04,111634,1,10,0,140.0
10110191SILVAD_2026-03-04_G12,10110191SILVAD,2026-03-04,118191,1,20,0,341.0
10110191SILVAD_2026-03-04_G13,10110191SILVAD,2026-03-04,141141,1,10,0,380.0
10110191SILVAD_2026-03-04_G14,10110191SILVAD,2026-03-04,141140,1,10,0,186.0
10110191SILVAD_2026-03-04_G15,10110191SILVAD,2026-03-04,111742,1,10,0,178.0
10110191SILVAD_2026-03-04_G16,10110191SILVAD,2026-03-04,141155,1,8,0,119.0
10110191SILVAD_2026-03-04_G17,10110191SILVAD,2026-03-04,111723,1,8,0,124.0
10110191SILVAD_2026-03-04_G18,10110191SILVAD,2026-03-04,111634,1,10,0,134.0
10110191SILVAD_2026-03-04_G19,10110191SILVAD,2026-03-04,111751,1,10,0,134.0
10110191SILVAD_2026-03-04_G20,10110191SILVAD,2026-03-04,118191,1,30,0,318.0
10110191SILVAD_2026-03-04_G21,10110191SILVAD,2026-03-04,110313,1,148,0,1885.0
10110191SILVAD_2026-03-04_G22,10110191SILVAD,2026-03-04,110313,2,124,12,89.0
10110191SILVAD_2026-03-04_G23,10110191SILVAD,2026-03-04,117834,1,30,0,1677.0
10110191SILVAD_2026-03-04_G24,10110191SILVAD,2026-03-04,110754,1,55,0,330.0
10110191SILVAD_2026-03-04_G26,10110191SILVAD,2026-03-04,117821,1,2,0,167.0
10110191SILVAD_2026-03-04_G27,10110191SILVAD,2026-03-04,141456,1,4,0,89.0
10110191SILVAD_2026-03-04_G28,10110191SILVAD,2026-03-04,118223,1,8,0,68.0
10110191SILVAD_2026-03-04_G29,10110191SILVAD,2026-03-04,109645,1,4,0,59.0
10110191SILVAD_2026-03-04_G30,10110191SILVAD,2026-03-04,110740,1,8,0,117.0
10110191SILVAD_2026-03-04_G31,10110191SILVAD,2026-03-04,110372,1,20,0,531.0
10110191SILVAD_2026-03-04_G32,10110191SILVAD,2026-03-04,110313,1,150,0,1036.0
10110191SILVAD_2026-03-04_G33,10110191SILVAD,2026-03-04,111876,1,148,0,736.0
10110191SILVAD_2026-03-04_G34,10110191SILVAD,2026-03-04,111330,1,16,0,1157.0
10110191SILVAD_2026-03-04_G35,10110191SILVAD,2026-03-04,110374,1,521,0,1172.0
10110191SILVAD_2026-03-04_G36,10110191SILVAD,2026-03-04,110743,1,50,0,848.0
10110191SILVAD_2026-03-04_G38,10110191SILVAD,2026-03-04,108794,1,30,0,346.0
10110191SILVAD_2026-03-04_G39,10110191SILVAD,2026-03-04,111462,3,54,35,255.0
10110191SILVAD_2026-03-04_G40,10110191SILVAD,2026-03-04,111442,1,30,0,350.0
10110191SILVAD_2026-03-04_G41,10110191SILVAD,2026-03-04,111418,1,100,0,593.0
10110191SILVAD_2026-03-04_G42,10110191SILVAD,2026-03-04,111433,1,4,0,723.0
10110191SILVAD_2026-03-05_G02,10110191SILVAD,2026-03-05,105705,8,37,59,355.0
10110191SILVAD_2026-03-05_G03,10110191SILVAD,2026-03-05,105705,1,1,0,260.0
10110191SILVAD_2026-03-05_G04,10110191SILVAD,2026-03-05,110313,1,4,0,218.0
10110191SILVAD_2026-03-05_G05,10110191SILVAD,2026-03-05,110741,1,4,0,134.0
10110191SILVAD_2026-03-05_G06,10110191SILVAD,2026-03-05,118094,1,50,0,315.0
10110191SILVAD_2026-03-05_G07,10110191SILVAD,2026-03-05,107629,1,10,0,220.0
10110191SILVAD_2026-03-05_G08,10110191SILVAD,2026-03-05,117862,1,30,0,226.0
10110191SILVAD_2026-03-05_G09,10110191SILVAD,2026-03-05,141047,1,10,0,491.0
10110191SILVAD_2026-03-05_G10,10110191SILVAD,2026-03-05,111876,1,6,0,75.0
10110191SILVAD_2026-03-05_G11,10110191SILVAD,2026-03-05,117856,1,10,0,225.0
10110191SILVAD_2026-03-05_G12,10110191SILVAD,2026-03-05,141352,1,30,0,135.0
10110191SILVAD_2026-03-05_G13,10110191SILVAD,2026-03-05,110339,1,20,0,439.0
10110191SILVAD_2026-03-05_G14,10110191SILVAD,2026-03-05,140922,1,1,0,861.0
10110191SILVAD_2026-03-05_G15,10110191SILVAD,2026-03-05,111743,1,3,0,75.0
10110191SILVAD_2026-03-05_G16,10110191SILVAD,2026-03-05,141271,1,12,0,156.0
10110191SILVAD_2026-03-05_G17,10110191SILVAD,2026-03-05,111442,1,2,0,49.0
10110191SILVAD_2026-03-05_G18,10110191SILVAD,2026-03-05,109645,1,4,0,123.0
10110191SILVAD_2026-03-05_G19,10110191SILVAD,2026-03-05,110740,1,2,0,90.0
10110191SILVAD_2026-03-05_G20,10110191SILVAD,2026-03-05,141823,1,8,0,94.0
10110191SILVAD_2026-03-05_G21,10110191SILVAD,2026-03-05,111660,1,8,0,181.0
10110191SILVAD_2026-03-05_G22,10110191SILVAD,2026-03-05,108759,1,4,0,150.0
10110191SILVAD_2026-03-05_G23,10110191SILVAD,2026-03-05,142045,1,8,0,159.0
10110191SILVAD_2026-03-05_G24,10110191SILVAD,2026-03-05,110742,1,4,0,81.0
10110191SILVAD_2026-03-05_G25,10110191SILVAD,2026-03-05,100334,1,8,0,614.0
10110191SILVAD_2026-03-05_G26,10110191SILVAD,2026-03-05,117862,1,1,0,124.0
10110191SILVAD_2026-03-05_G27,10110191SILVAD,2026-03-05,141047,1,2,0,93.0
10110191SILVAD_2026-03-05_G28,10110191SILVAD,2026-03-05,117861,1,1,0,59.0
10110191SILVAD_2026-03-05_G29,10110191SILVAD,2026-03-05,111467,1,1,0,83.0
10110191SILVAD_2026-03-05_G30,10110191SILVAD,2026-03-05,141166,1,6,0,100.0
10110191SILVAD_2026-03-05_G31,10110191SILVAD,2026-03-05,117856,1,6,0,2253.0
10110191SILVAD_2026-03-05_G32,10110191SILVAD,2026-03-05,110339,1,4,0,119.0
10110191SILVAD_2026-03-05_G33,10110191SILVAD,2026-03-05,117861,1,2,0,112.0
10110191SILVAD_2026-03-05_G34,10110191SILVAD,2026-03-05,141166,1,4,0,61.0
10110191SILVAD_2026-03-05_G35,10110191SILVAD,2026-03-05,111441,1,4,0,109.0
10110191SILVAD_2026-03-05_G36,10110191SILVAD,2026-03-05,142045,1,8,0,256.0
10110191SILVAD_2026-03-05_G37,10110191SILVAD,2026-03-05,117822,1,4,0,320.0
10110191SILVAD_2026-03-05_G38,10110191SILVAD,2026-03-05,117809,1,4,0,37.0
10110227EVARISTOJ_2026-02-20_G02,10110227EVARISTOJ,2026-02-20,110755,1,8,0,494.0
10110227EVARISTOJ_2026-02-20_G03,10110227EVARISTOJ,2026-02-20,111438,1,20,0,270.0
10110227EVARISTOJ_2026-02-20_G04,10110227EVARISTOJ,2026-02-20,117836,1,4,0,1138.0
10110227EVARISTOJ_2026-02-20_G05,10110227EVARISTOJ,2026-02-20,118251,1,3,0,599.0
10110227EVARISTOJ_2026-02-20_G06,10110227EVARISTOJ,2026-02-20,111655,1,8,0,257.0
10110227EVARISTOJ_2026-02-20_G07,10110227EVARISTOJ,2026-02-20,142045,1,50,0,1446.0
10110227EVARISTOJ_2026-02-20_G08,10110227EVARISTOJ,2026-02-20,118285,1,20,0,1035.0
10110227EVARISTOJ_2026-02-21_G02,10110227EVARISTOJ,2026-02-21,117808,1,521,0,2212.0
10110227EVARISTOJ_2026-02-21_G04,10110227EVARISTOJ,2026-02-21,118306,1,1,0,112.0
10110227EVARISTOJ_2026-02-21_G05,10110227EVARISTOJ,2026-02-21,109495,1,1,0,201.0
10110227EVARISTOJ_2026-02-21_G06,10110227EVARISTOJ,2026-02-21,108794,1,7,0,396.0
10110227EVARISTOJ_2026-02-21_G07,10110227EVARISTOJ,2026-02-21,111172,1,1,0,132.0
10110227EVARISTOJ_2026-02-21_G08,10110227EVARISTOJ,2026-02-21,117838,1,20,0,210.0
10110227EVARISTOJ_2026-02-21_G09,10110227EVARISTOJ,2026-02-21,111468,1,17,0,333.0
10110227EVARISTOJ_2026-02-21_G10,10110227EVARISTOJ,2026-02-21,141458,1,5,0,935.0
10110227EVARISTOJ_2026-02-21_G11,10110227EVARISTOJ,2026-02-21,160057,1,2,0,969.0
10110227EVARISTOJ_2026-02-21_G12,10110227EVARISTOJ,2026-02-21,140923,1,1,0,835.0
10110227EVARISTOJ_2026-02-21_G13,10110227EVARISTOJ,2026-02-21,117862,1,4,0,191.0
10110227EVARISTOJ_2026-02-21_G14,10110227EVARISTOJ,2026-02-21,111530,1,4,0,46.0
10110227EVARISTOJ_2026-02-21_G15,10110227EVARISTOJ,2026-02-21,141166,1,1,0,1398.0
10110227EVARISTOJ_2026-02-23_G02,10110227EVARISTOJ,2026-02-23,110751,1,8,0,219.0
10110227EVARISTOJ_2026-02-23_G03,10110227EVARISTOJ,2026-02-23,160055,1,4,0,412.0
10110227EVARISTOJ_2026-02-23_G04,10110227EVARISTOJ,2026-02-23,109641,1,20,0,431.0
10110227EVARISTOJ_2026-02-23_G05,10110227EVARISTOJ,2026-02-23,109645,1,20,0,577.0
10110227EVARISTOJ_2026-02-23_G06,10110227EVARISTOJ,2026-02-23,111435,1,5,0,441.0
10110227EVARISTOJ_2026-02-23_G07,10110227EVARISTOJ,2026-02-23,110375,1,10,0,784.0
10110227EVARISTOJ_2026-02-23_G08,10110227EVARISTOJ,2026-02-23,111469,1,47,0,969.0
10110227EVARISTOJ_2026-02-23_G09,10110227EVARISTOJ,2026-02-23,118350,1,12,0,1089.0
10110227EVARISTOJ_2026-02-23_G10,10110227EVARISTOJ,2026-02-23,108711,1,20,0,666.0
10110227EVARISTOJ_2026-02-23_G11,10110227EVARISTOJ,2026-02-23,111469,1,75,0,864.0
10110227EVARISTOJ_2026-02-23_G12,10110227EVARISTOJ,2026-02-23,111466,1,30,0,926.0
10110227EVARISTOJ_2026-02-23_G13,10110227EVARISTOJ,2026-02-23,111172,1,20,0,472.0
10110227EVARISTOJ_2026-02-23_G14,10110227EVARISTOJ,2026-02-23,109641,1,5,0,223.0
10110227EVARISTOJ_2026-02-23_G15,10110227EVARISTOJ,2026-02-23,118306,1,10,0,1073.0
10110227EVARISTOJ_2026-02-23_G16,10110227EVARISTOJ,2026-02-23,108759,2,10,16,338.0
10110227EVARISTOJ_2026-02-24_G02,10110227EVARISTOJ,2026-02-24,141047,1,16,0,583.0
10110227EVARISTOJ_2026-02-24_G03,10110227EVARISTOJ,2026-02-24,110325,1,8,0,199.0
10110227EVARISTOJ_2026-02-24_G04,10110227EVARISTOJ,2026-02-24,111467,1,8,0,377.0
10110227EVARISTOJ_2026-02-24_G05,10110227EVARISTOJ,2026-02-24,111348,1,4,0,351.0
10110227EVARISTOJ_2026-02-24_G06,10110227EVARISTOJ,2026-02-24,108711,1,2,0,402.0
10110227EVARISTOJ_2026-02-24_G07,10110227EVARISTOJ,2026-02-24,111743,1,7,0,105.0
10110227EVARISTOJ_2026-02-24_G08,10110227EVARISTOJ,2026-02-24,110787,1,4,0,162.0
10110227EVARISTOJ_2026-02-24_G09,10110227EVARISTOJ,2026-02-24,117787,1,2,0,128.0
10110227EVARISTOJ_2026-02-24_G10,10110227EVARISTOJ,2026-02-24,141458,1,4,0,428.0
10110227EVARISTOJ_2026-02-24_G11,10110227EVARISTOJ,2026-02-24,118290,1,7,0,601.0
10110227EVARISTOJ_2026-02-24_G12,10110227EVARISTOJ,2026-02-24,141047,1,2,0,296.0
10110227EVARISTOJ_2026-02-24_G13,10110227EVARISTOJ,2026-02-24,111172,1,2,0,326.0
10110227EVARISTOJ_2026-02-24_G14,10110227EVARISTOJ,2026-02-24,117830,1,6,0,226.0
10110227EVARISTOJ_2026-02-24_G15,10110227EVARISTOJ,2026-02-24,110373,1,20,0,404.0
10110227EVARISTOJ_2026-02-24_G16,10110227EVARISTOJ,2026-02-24,117832,1,4,0,800.0
10110227EVARISTOJ_2026-02-24_G17,10110227EVARISTOJ,2026-02-24,118094,1,4,0,294.0
10110227EVARISTOJ_2026-02-24_G18,10110227EVARISTOJ,2026-02-24,111467,1,2,0,320.0
10110227EVARISTOJ_2026-02-25_G02,10110227EVARISTOJ,2026-02-25,141166,1,18,0,672.0
10110227EVARISTOJ_2026-02-25_G03,10110227EVARISTOJ,2026-02-25,110711,1,10,0,495.0
10110227EVARISTOJ_2026-02-25_G04,10110227EVARISTOJ,2026-02-25,108794,1,30,0,1149.0
10110227EVARISTOJ_2026-02-25_G05,10110227EVARISTOJ,2026-02-25,110751,1,2,0,186.0
10110227EVARISTOJ_2026-02-25_G06,10110227EVARISTOJ,2026-02-25,116241,1,8,0,306.0
10110227EVARISTOJ_2026-02-25_G07,10110227EVARISTOJ,2026-02-25,111330,1,6,0,470.0
10110227EVARISTOJ_2026-02-25_G08,10110227EVARISTOJ,2026-02-25,111442,1,20,0,607.0
10110227EVARISTOJ_2026-02-25_G09,10110227EVARISTOJ,2026-02-25,117838,1,15,0,428.0
10110227EVARISTOJ_2026-02-25_G10,10110227EVARISTOJ,2026-02-25,117838,1,7,0,121.0
10110227EVARISTOJ_2026-02-25_G11,10110227EVARISTOJ,2026-02-25,118223,1,3,0,262.0
10110227EVARISTOJ_2026-02-25_G12,10110227EVARISTOJ,2026-02-25,111468,1,26,0,656.0
10110227EVARISTOJ_2026-02-25_G13,10110227EVARISTOJ,2026-02-25,111435,1,2,0,93.0
10110227EVARISTOJ_2026-02-25_G15,10110227EVARISTOJ,2026-02-25,110740,1,26,0,650.0
10110227EVARISTOJ_2026-02-25_G16,10110227EVARISTOJ,2026-02-25,110743,1,10,0,220.0
10110227EVARISTOJ_2026-02-25_G17,10110227EVARISTOJ,2026-02-25,109648,1,8,0,262.0
10110227EVARISTOJ_2026-02-25_G18,10110227EVARISTOJ,2026-02-25,117822,1,18,0,513.0
10110227EVARISTOJ_2026-02-25_G19,10110227EVARISTOJ,2026-02-25,111330,2,42,12,1001.0
10110227EVARISTOJ_2026-02-25_G20,10110227EVARISTOJ,2026-02-25,111172,1,20,0,783.0
10110227EVARISTOJ_2026-02-25_G21,10110227EVARISTOJ,2026-02-25,110332,1,11,0,335.0
10110227EVARISTOJ_2026-02-25_G22,10110227EVARISTOJ,2026-02-25,111743,1,30,0,606.0
10110227EVARISTOJ_2026-02-25_G23,10110227EVARISTOJ,2026-02-25,107236,1,30,0,93.0
10110227EVARISTOJ_2026-02-25_G24,10110227EVARISTOJ,2026-02-25,118094,1,8,0,1312.0
10110227EVARISTOJ_2026-02-25_G25,10110227EVARISTOJ,2026-02-25,107629,1,1,0,164.0
10110227EVARISTOJ_2026-02-25_G26,10110227EVARISTOJ,2026-02-25,111602,1,15,0,661.0
10110227EVARISTOJ_2026-02-25_G27,10110227EVARISTOJ,2026-02-25,117786,1,4,0,241.0
10110227EVARISTOJ_2026-02-25_G28,10110227EVARISTOJ,2026-02-25,117853,1,10,0,1521.0
10110227EVARISTOJ_2026-02-25_G29,10110227EVARISTOJ,2026-02-25,105242,1,2,0,159.0
10110227EVARISTOJ_2026-02-25_G30,10110227EVARISTOJ,2026-02-25,140957,1,2,0,145.0
10110227EVARISTOJ_2026-02-25_G31,10110227EVARISTOJ,2026-02-25,111650,1,4,0,114.0
10110227EVARISTOJ_2026-02-25_G32,10110227EVARISTOJ,2026-02-25,110756,1,2,0,165.0
10110227EVARISTOJ_2026-02-25_G33,10110227EVARISTOJ,2026-02-25,117855,2,62,19,571.0
10110227EVARISTOJ_2026-02-25_G34,10110227EVARISTOJ,2026-02-25,117855,1,42,0,54.0
10110227EVARISTOJ_2026-02-25_G35,10110227EVARISTOJ,2026-02-25,117289,1,2,0,1338.0
10110227EVARISTOJ_2026-02-25_G36,10110227EVARISTOJ,2026-02-25,109643,1,42,0,267.0
10110227EVARISTOJ_2026-02-25_G37,10110227EVARISTOJ,2026-02-25,141202,1,10,0,183.0
10110227EVARISTOJ_2026-02-26_G02,10110227EVARISTOJ,2026-02-26,118306,1,12,0,192.0
10110227EVARISTOJ_2026-02-26_G03,10110227EVARISTOJ,2026-02-26,160053,1,2,0,369.0
10110227EVARISTOJ_2026-02-26_G04,10110227EVARISTOJ,2026-02-26,160051,1,1,0,47.0
10110227EVARISTOJ_2026-02-26_G05,10110227EVARISTOJ,2026-02-26,160055,1,2,0,271.0
10110227EVARISTOJ_2026-02-26_G06,10110227EVARISTOJ,2026-02-26,111462,1,30,0,666.0
10110227EVARISTOJ_2026-02-26_G07,10110227EVARISTOJ,2026-02-26,141456,1,20,0,637.0
10110227EVARISTOJ_2026-02-26_G08,10110227EVARISTOJ,2026-02-26,118317,1,20,0,949.0
10110227EVARISTOJ_2026-02-26_G09,10110227EVARISTOJ,2026-02-26,118290,1,1,0,2337.0
10110227EVARISTOJ_2026-02-26_G10,10110227EVARISTOJ,2026-02-26,118306,1,4,0,183.0
10110227EVARISTOJ_2026-02-26_G11,10110227EVARISTOJ,2026-02-26,118094,1,6,0,190.0
10110227EVARISTOJ_2026-02-26_G12,10110227EVARISTOJ,2026-02-26,110373,1,162,0,1396.0
10110227EVARISTOJ_2026-02-26_G13,10110227EVARISTOJ,2026-02-26,110313,1,16,0,1418.0
10110227EVARISTOJ_2026-02-26_G14,10110227EVARISTOJ,2026-02-26,110313,1,84,0,267.0
10110227EVARISTOJ_2026-02-26_G16,10110227EVARISTOJ,2026-02-26,118290,1,3,0,1073.0
10110227EVARISTOJ_2026-02-26_G17,10110227EVARISTOJ,2026-02-26,111469,1,14,0,667.0
10110227EVARISTOJ_2026-02-26_G18,10110227EVARISTOJ,2026-02-26,111465,1,1,0,338.0
10110227EVARISTOJ_2026-02-26_G19,10110227EVARISTOJ,2026-02-26,111462,1,10,0,956.0
10110227EVARISTOJ_2026-02-26_G20,10110227EVARISTOJ,2026-02-26,109643,1,2,0,144.0
10110227EVARISTOJ_2026-02-26_G21,10110227EVARISTOJ,2026-02-26,118290,1,4,0,160.0
10110227EVARISTOJ_2026-02-26_G22,10110227EVARISTOJ,2026-02-26,111330,1,8,0,234.0
10110227EVARISTOJ_2026-02-26_G23,10110227EVARISTOJ,2026-02-26,160057,1,4,0,560.0
10110227EVARISTOJ_2026-02-26_G24,10110227EVARISTOJ,2026-02-26,108759,1,4,0,1003.0
10110227EVARISTOJ_2026-02-26_G25,10110227EVARISTOJ,2026-02-26,110755,1,4,0,222.0
10110227EVARISTOJ_2026-02-26_G26,10110227EVARISTOJ,2026-02-26,110895,1,8,0,284.0
10110227EVARISTOJ_2026-02-26_G27,10110227EVARISTOJ,2026-02-26,141202,1,4,0,204.0
10110227EVARISTOJ_2026-02-26_G28,10110227EVARISTOJ,2026-02-26,111438,1,24,0,1157.0
10110227EVARISTOJ_2026-02-26_G29,10110227EVARISTOJ,2026-02-26,117830,1,24,0,365.0
10110227EVARISTOJ_2026-02-26_G30,10110227EVARISTOJ,2026-02-26,110373,1,48,0,644.0
10110227EVARISTOJ_2026-02-26_G31,10110227EVARISTOJ,2026-02-26,110313,1,2,0,1717.0
10110227EVARISTOJ_2026-02-26_G32,10110227EVARISTOJ,2026-02-26,111462,1,12,0,258.0
10110227EVARISTOJ_2026-02-26_G33,10110227EVARISTOJ,2026-02-26,111465,1,2,0,128.0
10110227EVARISTOJ_2026-02-26_G34,10110227EVARISTOJ,2026-02-26,109643,1,6,0,160.0
10110227EVARISTOJ_2026-02-26_G35,10110227EVARISTOJ,2026-02-26,110313,1,2,0,125.0
10110227EVARISTOJ_2026-02-26_G36,10110227EVARISTOJ,2026-02-26,117855,1,8,0,158.0
10110227EVARISTOJ_2026-02-27_G02,10110227EVARISTOJ,2026-02-27,140923,1,3,0,91.0
10110227EVARISTOJ_2026-02-27_G03,10110227EVARISTOJ,2026-02-27,140923,1,15,0,104.0
10110227EVARISTOJ_2026-02-27_G04,10110227EVARISTOJ,2026-02-27,109647,1,4,0,345.0
10110227EVARISTOJ_2026-02-27_G05,10110227EVARISTOJ,2026-02-27,117856,1,4,0,115.0
10110227EVARISTOJ_2026-02-27_G06,10110227EVARISTOJ,2026-02-27,117861,1,4,0,137.0
10110227EVARISTOJ_2026-02-27_G07,10110227EVARISTOJ,2026-02-27,117837,1,2,0,133.0
10110227EVARISTOJ_2026-02-27_G08,10110227EVARISTOJ,2026-02-27,110339,1,6,0,130.0
10110227EVARISTOJ_2026-02-27_G09,10110227EVARISTOJ,2026-02-27,118052,1,1,0,468.0
10110227EVARISTOJ_2026-02-27_G10,10110227EVARISTOJ,2026-02-27,117856,1,17,0,785.0
10110227EVARISTOJ_2026-02-27_G11,10110227EVARISTOJ,2026-02-27,118290,2,9,17,320.0
10110227EVARISTOJ_2026-02-27_G12,10110227EVARISTOJ,2026-02-27,118052,2,2,28,304.0
10110227EVARISTOJ_2026-02-27_G13,10110227EVARISTOJ,2026-02-27,118417,2,9,15,265.0
10110227EVARISTOJ_2026-02-27_G14,10110227EVARISTOJ,2026-02-27,141166,1,50,0,1651.0
10110227EVARISTOJ_2026-02-27_G15,10110227EVARISTOJ,2026-02-27,118299,1,201,0,1443.0
10110227EVARISTOJ_2026-02-27_G16,10110227EVARISTOJ,2026-02-27,117808,1,262,0,422.0
10110227EVARISTOJ_2026-02-27_G17,10110227EVARISTOJ,2026-02-27,109640,1,76,0,1573.0
10110227EVARISTOJ_2026-02-27_G18,10110227EVARISTOJ,2026-02-27,110752,1,2,0,656.0
10110227EVARISTOJ_2026-02-27_G19,10110227EVARISTOJ,2026-02-27,110313,1,21,0,425.0
10110227EVARISTOJ_2026-02-27_G20,10110227EVARISTOJ,2026-02-27,110313,1,40,0,487.0
10110227EVARISTOJ_2026-02-27_G21,10110227EVARISTOJ,2026-02-27,110741,2,16,17,1091.0
10110227EVARISTOJ_2026-02-27_G22,10110227EVARISTOJ,2026-02-27,111530,1,104,0,1090.0
10110227EVARISTOJ_2026-02-27_G24,10110227EVARISTOJ,2026-02-27,110748,1,15,0,2021.0
10110227EVARISTOJ_2026-02-27_G25,10110227EVARISTOJ,2026-02-27,111444,1,3,0,325.0
10110227EVARISTOJ_2026-02-27_G26,10110227EVARISTOJ,2026-02-27,117821,1,9,0,314.0
10110227EVARISTOJ_2026-02-27_G27,10110227EVARISTOJ,2026-02-27,110787,1,96,0,1195.0
10110227EVARISTOJ_2026-02-27_G28,10110227EVARISTOJ,2026-02-27,117841,1,1,0,243.0
10110227EVARISTOJ_2026-02-27_G29,10110227EVARISTOJ,2026-02-27,111172,1,1,0,52.0
10110227EVARISTOJ_2026-02-27_G30,10110227EVARISTOJ,2026-02-27,111172,1,20,0,417.0
10110227EVARISTOJ_2026-02-27_G31,10110227EVARISTOJ,2026-02-27,111172,1,43,0,163.0
10110227EVARISTOJ_2026-02-27_G32,10110227EVARISTOJ,2026-02-27,111462,1,1,0,771.0
10110227EVARISTOJ_2026-02-27_G33,10110227EVARISTOJ,2026-02-27,111462,1,40,0,306.0
10110227EVARISTOJ_2026-02-27_G34,10110227EVARISTOJ,2026-02-27,142080,1,13,0,385.0
10110227EVARISTOJ_2026-02-27_G35,10110227EVARISTOJ,2026-02-27,110787,1,20,0,1637.0
10110227EVARISTOJ_2026-02-27_G36,10110227EVARISTOJ,2026-02-27,110787,1,19,0,34.0
10110227EVARISTOJ_2026-02-27_G37,10110227EVARISTOJ,2026-02-27,111442,1,6,0,336.0
10110227EVARISTOJ_2026-02-27_G38,10110227EVARISTOJ,2026-02-27,108798,1,79,0,1618.0
10110227EVARISTOJ_2026-02-27_G39,10110227EVARISTOJ,2026-02-27,111469,1,38,0,900.0
10110227EVARISTOJ_2026-02-28_G02,10110227EVARISTOJ,2026-02-28,141457,1,20,0,849.0
10110227EVARISTOJ_2026-02-28_G03,10110227EVARISTOJ,2026-02-28,110313,2,12,11,1303.0
10110227EVARISTOJ_2026-02-28_G04,10110227EVARISTOJ,2026-02-28,117855,1,5,0,246.0
10110227EVARISTOJ_2026-02-28_G05,10110227EVARISTOJ,2026-02-28,118253,1,8,0,629.0
10110227EVARISTOJ_2026-02-28_G06,10110227EVARISTOJ,2026-02-28,110313,1,2,0,403.0
10110227EVARISTOJ_2026-02-28_G07,10110227EVARISTOJ,2026-02-28,107892,1,2,0,230.0
10110227EVARISTOJ_2026-02-28_G08,10110227EVARISTOJ,2026-02-28,107892,1,4,0,93.0
10110227EVARISTOJ_2026-02-28_G09,10110227EVARISTOJ,2026-02-28,110313,1,2,0,110.0
10110227EVARISTOJ_2026-02-28_G10,10110227EVARISTOJ,2026-02-28,117855,1,3,0,205.0
10110227EVARISTOJ_2026-02-28_G11,10110227EVARISTOJ,2026-02-28,117855,1,5,0,39.0
10110227EVARISTOJ_2026-02-28_G12,10110227EVARISTOJ,2026-02-28,111353,1,4,0,2247.0
10110227EVARISTOJ_2026-02-28_G13,10110227EVARISTOJ,2026-02-28,111353,1,4,0,140.0
10110227EVARISTOJ_2026-02-28_G14,10110227EVARISTOJ,2026-02-28,141271,1,2,0,142.0
10110227EVARISTOJ_2026-02-28_G15,10110227EVARISTOJ,2026-02-28,141271,1,6,0,62.0
10110227EVARISTOJ_2026-02-28_G16,10110227EVARISTOJ,2026-02-28,111532,1,4,0,283.0
10110227EVARISTOJ_2026-02-28_G17,10110227EVARISTOJ,2026-02-28,111532,1,4,0,719.0
10110227EVARISTOJ_2026-02-28_G18,10110227EVARISTOJ,2026-02-28,140923,1,4,0,670.0
10110227EVARISTOJ_2026-02-28_G19,10110227EVARISTOJ,2026-02-28,111532,1,12,0,1122.0
10110227EVARISTOJ_2026-02-28_G20,10110227EVARISTOJ,2026-02-28,111532,1,7,0,323.0
10110227EVARISTOJ_2026-02-28_G21,10110227EVARISTOJ,2026-02-28,108759,1,1,0,239.0
10110227EVARISTOJ_2026-02-28_G23,10110227EVARISTOJ,2026-02-28,109640,1,16,0,583.0
10110227EVARISTOJ_2026-03-03_G02,10110227EVARISTOJ,2026-03-03,117785,1,3,0,406.0
10110227EVARISTOJ_2026-03-03_G03,10110227EVARISTOJ,2026-03-03,118094,1,2,0,1267.0
10110227EVARISTOJ_2026-03-03_G04,10110227EVARISTOJ,2026-03-03,110733,1,5,0,138.0
10110227EVARISTOJ_2026-03-03_G05,10110227EVARISTOJ,2026-03-03,110733,1,2,0,145.0
10110227EVARISTOJ_2026-03-03_G06,10110227EVARISTOJ,2026-03-03,110733,1,2,0,103.0
10110227EVARISTOJ_2026-03-03_G07,10110227EVARISTOJ,2026-03-03,110733,1,4,0,85.0
10110227EVARISTOJ_2026-03-03_G08,10110227EVARISTOJ,2026-03-03,110373,1,20,0,2009.0
10110227EVARISTOJ_2026-03-03_G09,10110227EVARISTOJ,2026-03-03,108711,1,48,0,641.0
10110227EVARISTOJ_2026-03-03_G10,10110227EVARISTOJ,2026-03-03,111742,1,10,0,1377.0
10110227EVARISTOJ_2026-03-03_G11,10110227EVARISTOJ,2026-03-03,141155,1,8,0,779.0
10110227EVARISTOJ_2026-03-03_G12,10110227EVARISTOJ,2026-03-03,111759,1,12,0,271.0
10110227EVARISTOJ_2026-03-03_G13,10110227EVARISTOJ,2026-03-03,111723,1,8,0,179.0
10110227EVARISTOJ_2026-03-03_G14,10110227EVARISTOJ,2026-03-03,111751,1,10,0,478.0
10110227EVARISTOJ_2026-03-03_G15,10110227EVARISTOJ,2026-03-03,118191,1,30,0,806.0
10110227EVARISTOJ_2026-03-03_G16,10110227EVARISTOJ,2026-03-03,111759,1,8,0,579.0
10110227EVARISTOJ_2026-03-03_G17,10110227EVARISTOJ,2026-03-03,111723,1,8,0,700.0
10110227EVARISTOJ_2026-03-04_G02,10110227EVARISTOJ,2026-03-04,109640,1,148,0,780.0
10110227EVARISTOJ_2026-03-04_G04,10110227EVARISTOJ,2026-03-04,110733,3,16,30,195.0
10110227EVARISTOJ_2026-03-04_G05,10110227EVARISTOJ,2026-03-04,110313,2,20,13,215.0
10110227EVARISTOJ_2026-03-04_G06,10110227EVARISTOJ,2026-03-04,117787,2,6,12,807.0
10110227EVARISTOJ_2026-03-04_G07,10110227EVARISTOJ,2026-03-04,110740,1,10,0,73.0
10110227EVARISTOJ_2026-03-04_G08,10110227EVARISTOJ,2026-03-04,110740,1,20,0,51.0
10110227EVARISTOJ_2026-03-04_G09,10110227EVARISTOJ,2026-03-04,117785,2,40,10,563.0
10110227EVARISTOJ_2026-03-04_G10,10110227EVARISTOJ,2026-03-04,111743,1,2,0,3144.0
10110227EVARISTOJ_2026-03-04_G11,10110227EVARISTOJ,2026-03-04,142093,1,12,0,86.0
10110227EVARISTOJ_2026-03-04_G12,10110227EVARISTOJ,2026-03-04,111462,1,16,0,133.0
10110227EVARISTOJ_2026-03-04_G13,10110227EVARISTOJ,2026-03-04,109641,1,6,0,254.0
10110227EVARISTOJ_2026-03-04_G14,10110227EVARISTOJ,2026-03-04,111418,1,9,0,453.0
10110227EVARISTOJ_2026-03-04_G15,10110227EVARISTOJ,2026-03-04,117838,2,5,16,89.0
10110227EVARISTOJ_2026-03-04_G16,10110227EVARISTOJ,2026-03-04,141457,1,18,0,303.0
10110227EVARISTOJ_2026-03-04_G17,10110227EVARISTOJ,2026-03-04,110740,1,8,0,339.0
10110227EVARISTOJ_2026-03-04_G18,10110227EVARISTOJ,2026-03-04,111441,1,4,0,796.0
10110227EVARISTOJ_2026-03-04_G19,10110227EVARISTOJ,2026-03-04,116527,1,2,0,154.0
10110227EVARISTOJ_2026-03-04_G20,10110227EVARISTOJ,2026-03-04,100334,1,4,0,120.0
10110227EVARISTOJ_2026-03-04_G21,10110227EVARISTOJ,2026-03-04,110733,1,2,0,302.0
10110227EVARISTOJ_2026-03-04_G22,10110227EVARISTOJ,2026-03-04,109643,1,12,0,423.0
10110227EVARISTOJ_2026-03-05_G02,10110227EVARISTOJ,2026-03-05,110747,1,4,0,599.0
10110227EVARISTOJ_2026-03-05_G03,10110227EVARISTOJ,2026-03-05,141262,1,10,0,484.0
10110227EVARISTOJ_2026-03-05_G04,10110227EVARISTOJ,2026-03-05,111751,1,12,0,325.0
10110227EVARISTOJ_2026-03-05_G05,10110227EVARISTOJ,2026-03-05,111723,1,8,0,580.0
10110227EVARISTOJ_2026-03-05_G06,10110227EVARISTOJ,2026-03-05,110747,1,4,0,902.0
10110227EVARISTOJ_2026-03-05_G07,10110227EVARISTOJ,2026-03-05,117834,1,4,0,146.0
10110227EVARISTOJ_2026-03-05_G08,10110227EVARISTOJ,2026-03-05,118290,1,4,0,173.0
10110227EVARISTOJ_2026-03-05_G09,10110227EVARISTOJ,2026-03-05,111441,1,4,0,124.0
10110227EVARISTOJ_2026-03-05_G10,10110227EVARISTOJ,2026-03-05,142045,1,12,0,335.0
10110227EVARISTOJ_2026-03-05_G11,10110227EVARISTOJ,2026-03-05,110895,1,8,0,512.0
10110227EVARISTOJ_2026-03-05_G12,10110227EVARISTOJ,2026-03-05,110733,1,3,0,970.0
10110227EVARISTOJ_2026-03-05_G13,10110227EVARISTOJ,2026-03-05,140911,1,2,0,105.0
10110227EVARISTOJ_2026-03-05_G14,10110227EVARISTOJ,2026-03-05,110733,1,3,0,242.0
10110227EVARISTOJ_2026-03-05_G15,10110227EVARISTOJ,2026-03-05,111723,1,8,0,1138.0
10110227EVARISTOJ_2026-03-05_G17,10110227EVARISTOJ,2026-03-05,118330,1,5,0,315.0
10110227EVARISTOJ_2026-03-05_G18,10110227EVARISTOJ,2026-03-05,117838,1,11,0,182.0
10110227EVARISTOJ_2026-03-05_G19,10110227EVARISTOJ,2026-03-05,111468,1,1,0,635.0
10110227EVARISTOJ_2026-03-05_G20,10110227EVARISTOJ,2026-03-05,117787,1,60,0,577.0
10110227EVARISTOJ_2026-03-05_G21,10110227EVARISTOJ,2026-03-05,105705,1,34,0,441.0
10110227EVARISTOJ_2026-03-05_G22,10110227EVARISTOJ,2026-03-05,109641,1,30,0,493.0
10110227EVARISTOJ_2026-03-05_G23,10110227EVARISTOJ,2026-03-05,117833,1,50,0,1309.0
10110227EVARISTOJ_2026-03-05_G24,10110227EVARISTOJ,2026-03-05,108711,1,60,0,642.0
10110227EVARISTOJ_2026-03-05_G25,10110227EVARISTOJ,2026-03-05,110752,1,7,0,2081.0
10110227EVARISTOJ_2026-03-05_G26,10110227EVARISTOJ,2026-03-05,110750,1,11,0,164.0
10110227EVARISTOJ_2026-03-05_G27,10110227EVARISTOJ,2026-03-05,118094,1,9,0,260.0
10110227EVARISTOJ_2026-03-05_G28,10110227EVARISTOJ,2026-03-05,117862,1,1,0,229.0
10110227EVARISTOJ_2026-03-05_G29,10110227EVARISTOJ,2026-03-05,117856,1,9,0,108.0
10110227EVARISTOJ_2026-03-05_G30,10110227EVARISTOJ,2026-03-05,110339,1,8,0,358.0
10110227EVARISTOJ_2026-03-05_G31,10110227EVARISTOJ,2026-03-05,140923,1,30,0,788.0
10110227EVARISTOJ_2026-03-06_G02,10110227EVARISTOJ,2026-03-06,110325,1,20,0,652.0
10110227EVARISTOJ_2026-03-06_G03,10110227EVARISTOJ,2026-03-06,110376,1,8,0,158.0
10110227EVARISTOJ_2026-03-06_G04,10110227EVARISTOJ,2026-03-06,110374,1,60,0,775.0
10110227EVARISTOJ_2026-03-06_G05,10110227EVARISTOJ,2026-03-06,110373,1,300,0,590.0
10110227EVARISTOJ_2026-03-06_G06,10110227EVARISTOJ,2026-03-06,111660,1,10,0,604.0
10110227EVARISTOJ_2026-03-06_G07,10110227EVARISTOJ,2026-03-06,110755,1,17,0,712.0
10110227EVARISTOJ_2026-03-06_G08,10110227EVARISTOJ,2026-03-06,110841,1,1,0,147.0
10110227EVARISTOJ_2026-03-06_G09,10110227EVARISTOJ,2026-03-06,111440,1,9,0,703.0
10110227EVARISTOJ_2026-03-06_G10,10110227EVARISTOJ,2026-03-06,111440,1,8,0,338.0
10110227EVARISTOJ_2026-03-06_G11,10110227EVARISTOJ,2026-03-06,115234,1,12,0,288.0
10110227EVARISTOJ_2026-03-06_G12,10110227EVARISTOJ,2026-03-06,111532,1,6,0,1986.0
10110227EVARISTOJ_2026-03-06_G13,10110227EVARISTOJ,2026-03-06,117836,1,10,0,570.0
10110227EVARISTOJ_2026-03-06_G14,10110227EVARISTOJ,2026-03-06,118306,1,16,0,434.0
10110227EVARISTOJ_2026-03-06_G15,10110227EVARISTOJ,2026-03-06,111879,1,12,0,486.0
10110227EVARISTOJ_2026-03-06_G16,10110227EVARISTOJ,2026-03-06,117838,1,20,0,352.0
10110227EVARISTOJ_2026-03-06_G17,10110227EVARISTOJ,2026-03-06,117787,1,100,0,984.0
10110227EVARISTOJ_2026-03-06_G19,10110227EVARISTOJ,2026-03-06,111445,1,4,0,164.0
10110227EVARISTOJ_2026-03-06_G20,10110227EVARISTOJ,2026-03-06,118250,1,8,0,977.0
10110227EVARISTOJ_2026-03-06_G21,10110227EVARISTOJ,2026-03-06,142045,1,8,0,249.0
10110227EVARISTOJ_2026-03-06_G22,10110227EVARISTOJ,2026-03-06,141916,1,12,0,62.0
10110227EVARISTOJ_2026-03-06_G23,10110227EVARISTOJ,2026-03-06,100334,1,40,0,496.0
10110227EVARISTOJ_2026-03-06_G24,10110227EVARISTOJ,2026-03-06,111569,1,24,0,847.0
10110227EVARISTOJ_2026-03-06_G25,10110227EVARISTOJ,2026-03-06,111443,1,5,0,311.0
10110227EVARISTOJ_2026-03-06_G26,10110227EVARISTOJ,2026-03-06,110740,1,24,0,273.0
10110227EVARISTOJ_2026-03-06_G27,10110227EVARISTOJ,2026-03-06,111660,1,5,0,3211.0
10110227EVARISTOJ_2026-03-06_G28,10110227EVARISTOJ,2026-03-06,110747,1,8,0,226.0
10110227EVARISTOJ_2026-03-06_G29,10110227EVARISTOJ,2026-03-06,110895,1,6,0,407.0
10110227EVARISTOJ_2026-03-06_G30,10110227EVARISTOJ,2026-03-06,117834,1,4,0,102.0
10110227EVARISTOJ_2026-03-06_G31,10110227EVARISTOJ,2026-03-06,118290,1,4,0,339.0
10110227EVARISTOJ_2026-03-06_G32,10110227EVARISTOJ,2026-03-06,110841,1,2,0,114.0
10110227EVARISTOJ_2026-03-06_G33,10110227EVARISTOJ,2026-03-06,111569,1,12,0,109.0
10110227EVARISTOJ_2026-03-06_G34,10110227EVARISTOJ,2026-03-06,111438,1,15,0,443.0
10110227EVARISTOJ_2026-03-06_G35,10110227EVARISTOJ,2026-03-06,111441,1,4,0,368.0
10110227EVARISTOJ_2026-03-06_G36,10110227EVARISTOJ,2026-03-06,142045,1,20,0,947.0
10110227EVARISTOJ_2026-03-06_G37,10110227EVARISTOJ,2026-03-06,141318,1,4,0,109.0
10110227EVARISTOJ_2026-03-06_G38,10110227EVARISTOJ,2026-03-06,110742,1,4,0,109.0
10110227EVARISTOJ_2026-03-06_G39,10110227EVARISTOJ,2026-03-06,110623,1,4,0,463.0
10110227EVARISTOJ_2026-03-06_G40,10110227EVARISTOJ,2026-03-06,140911,1,1,0,175.0
10110227EVARISTOJ_2026-03-06_G41,10110227EVARISTOJ,2026-03-06,111440,1,8,0,92.0
10110227EVARISTOJ_2026-03-07_G02,10110227EVARISTOJ,2026-03-07,140957,1,6,0,262.0
10110227EVARISTOJ_2026-03-07_G03,10110227EVARISTOJ,2026-03-07,109647,1,10,0,195.0
10110227EVARISTOJ_2026-03-07_G04,10110227EVARISTOJ,2026-03-07,111879,1,5,0,377.0
10110227EVARISTOJ_2026-03-07_G05,10110227EVARISTOJ,2026-03-07,110339,1,130,0,614.0
10110227EVARISTOJ_2026-03-07_G07,10110227EVARISTOJ,2026-03-07,107629,1,80,0,744.0
10110227EVARISTOJ_2026-03-07_G08,10110227EVARISTOJ,2026-03-07,118298,1,20,0,735.0
10110227EVARISTOJ_2026-03-07_G09,10110227EVARISTOJ,2026-03-07,110733,1,40,0,470.0
10110227EVARISTOJ_2026-03-07_G10,10110227EVARISTOJ,2026-03-07,141352,1,5,0,354.0
10110227EVARISTOJ_2026-03-07_G11,10110227EVARISTOJ,2026-03-07,117786,1,9,0,338.0
10110227EVARISTOJ_2026-03-07_G12,10110227EVARISTOJ,2026-03-07,141066,1,25,0,445.0
10110227EVARISTOJ_2026-03-07_G13,10110227EVARISTOJ,2026-03-07,141047,1,100,0,1395.0
10110227EVARISTOJ_2026-03-07_G14,10110227EVARISTOJ,2026-03-07,117861,1,120,0,1123.0
10110227EVARISTOJ_2026-03-07_G15,10110227EVARISTOJ,2026-03-07,117789,1,2,0,1360.0
10110227EVARISTOJ_2026-03-07_G16,10110227EVARISTOJ,2026-03-07,140923,2,6,10,771.0
10110227EVARISTOJ_2026-03-07_G17,10110227EVARISTOJ,2026-03-07,117862,1,6,0,221.0
10110227EVARISTOJ_2026-03-07_G18,10110227EVARISTOJ,2026-03-07,117862,1,14,0,224.0
10110227EVARISTOJ_2026-03-07_G19,10110227EVARISTOJ,2026-03-07,117856,1,4,0,131.0
10110227EVARISTOJ_2026-03-07_G20,10110227EVARISTOJ,2026-03-07,110733,3,13,17,97.0
10110227EVARISTOJ_2026-03-07_G21,10110227EVARISTOJ,2026-03-07,108361,1,2,0,482.0
10110227EVARISTOJ_2026-03-07_G22,10110227EVARISTOJ,2026-03-07,117786,1,2,0,70.0
10110227EVARISTOJ_2026-03-07_G23,10110227EVARISTOJ,2026-03-07,141047,1,2,0,81.0
10110227EVARISTOJ_2026-03-07_G24,10110227EVARISTOJ,2026-03-07,117861,3,12,21,55.0
10110227EVARISTOJ_2026-03-07_G25,10110227EVARISTOJ,2026-03-07,110339,3,6,26,155.0
10110227EVARISTOJ_2026-03-07_G26,10110227EVARISTOJ,2026-03-07,111467,1,1,0,268.0
10110227EVARISTOJ_2026-03-07_G27,10110227EVARISTOJ,2026-03-07,110313,1,2,0,107.0
10110227EVARISTOJ_2026-03-09_G02,10110227EVARISTOJ,2026-03-09,111430,1,7,0,270.0
10110227EVARISTOJ_2026-03-09_G03,10110227EVARISTOJ,2026-03-09,160057,1,4,0,281.0
10110227EVARISTOJ_2026-03-09_G04,10110227EVARISTOJ,2026-03-09,105359,1,2,0,119.0
10110227EVARISTOJ_2026-03-09_G05,10110227EVARISTOJ,2026-03-09,110313,1,75,0,839.0
10110227EVARISTOJ_2026-03-09_G06,10110227EVARISTOJ,2026-03-09,140923,1,190,0,1345.0
10110227EVARISTOJ_2026-03-09_G07,10110227EVARISTOJ,2026-03-09,108794,1,6,0,936.0
10110227EVARISTOJ_2026-03-09_G08,10110227EVARISTOJ,2026-03-09,110751,1,5,0,116.0
10110227EVARISTOJ_2026-03-09_G09,10110227EVARISTOJ,2026-03-09,109641,1,10,0,232.0
10110227EVARISTOJ_2026-03-09_G10,10110227EVARISTOJ,2026-03-09,111442,1,16,0,66.0
10110227EVARISTOJ_2026-03-09_G11,10110227EVARISTOJ,2026-03-09,109645,1,10,0,363.0
10110227EVARISTOJ_2026-03-09_G12,10110227EVARISTOJ,2026-03-09,111469,1,120,0,803.0
10110227EVARISTOJ_2026-03-09_G13,10110227EVARISTOJ,2026-03-09,142093,1,100,0,854.0
10110227EVARISTOJ_2026-03-09_G14,10110227EVARISTOJ,2026-03-09,111462,1,112,0,837.0
10110227EVARISTOJ_2026-03-09_G15,10110227EVARISTOJ,2026-03-09,118299,1,50,0,960.0
10110227EVARISTOJ_2026-03-10_G02,10110227EVARISTOJ,2026-03-10,141202,1,16,0,100.0
10110227EVARISTOJ_2026-03-10_G03,10110227EVARISTOJ,2026-03-10,110371,1,16,0,1134.0
10110227EVARISTOJ_2026-03-10_G04,10110227EVARISTOJ,2026-03-10,109643,1,4,0,163.0
10110227EVARISTOJ_2026-03-10_G05,10110227EVARISTOJ,2026-03-10,118299,1,8,0,130.0
10110227EVARISTOJ_2026-03-10_G06,10110227EVARISTOJ,2026-03-10,117832,1,14,0,178.0
10110227EVARISTOJ_2026-03-10_G07,10110227EVARISTOJ,2026-03-10,117855,1,2,0,473.0
10110227EVARISTOJ_2026-03-10_G08,10110227EVARISTOJ,2026-03-10,117855,1,29,0,264.0
10110227EVARISTOJ_2026-03-10_G09,10110227EVARISTOJ,2026-03-10,111442,1,9,0,584.0
10110227EVARISTOJ_2026-03-10_G10,10110227EVARISTOJ,2026-03-10,110373,1,90,0,517.0
10110227EVARISTOJ_2026-03-10_G11,10110227EVARISTOJ,2026-03-10,110313,2,6,10,620.0
10110227EVARISTOJ_2026-03-10_G12,10110227EVARISTOJ,2026-03-10,140923,3,7,17,156.0
10110227EVARISTOJ_2026-03-10_G13,10110227EVARISTOJ,2026-03-10,109647,1,4,0,250.0
10110227EVARISTOJ_2026-03-10_G14,10110227EVARISTOJ,2026-03-10,117855,1,2,0,66.0
10110227EVARISTOJ_2026-03-10_G15,10110227EVARISTOJ,2026-03-10,111602,1,16,0,562.0
10110227EVARISTOJ_2026-03-10_G16,10110227EVARISTOJ,2026-03-10,111602,1,20,0,46.0
10110227EVARISTOJ_2026-03-10_G17,10110227EVARISTOJ,2026-03-10,110339,3,9,30,789.0
10110227EVARISTOJ_2026-03-10_G18,10110227EVARISTOJ,2026-03-10,110747,1,4,0,253.0
10110227EVARISTOJ_2026-03-10_G19,10110227EVARISTOJ,2026-03-10,110895,1,2,0,228.0
10110227EVARISTOJ_2026-03-10_G20,10110227EVARISTOJ,2026-03-10,142045,2,6,12,191.0
10110227EVARISTOJ_2026-03-10_G21,10110227EVARISTOJ,2026-03-10,110371,1,2,0,366.0
10110227EVARISTOJ_2026-03-10_G22,10110227EVARISTOJ,2026-03-10,109643,1,4,0,96.0
10110227EVARISTOJ_2026-03-10_G23,10110227EVARISTOJ,2026-03-10,110373,1,10,0,83.0
10110227EVARISTOJ_2026-03-10_G24,10110227EVARISTOJ,2026-03-10,110372,2,32,19,224.0
10110227EVARISTOJ_2026-03-10_G25,10110227EVARISTOJ,2026-03-10,117830,1,4,0,335.0
10110227EVARISTOJ_2026-03-10_G26,10110227EVARISTOJ,2026-03-10,140922,2,6,9,301.0
10110227EVARISTOJ_2026-03-10_G27,10110227EVARISTOJ,2026-03-10,142080,1,4,0,155.0
10110227EVARISTOJ_2026-03-10_G28,10110227EVARISTOJ,2026-03-10,110740,1,2,0,161.0
10110227EVARISTOJ_2026-03-10_G29,10110227EVARISTOJ,2026-03-10,105705,2,4,12,145.0
10110227EVARISTOJ_2026-03-10_G30,10110227EVARISTOJ,2026-03-10,117830,1,8,0,145.0
10110227EVARISTOJ_2026-03-10_G32,10110227EVARISTOJ,2026-03-10,110313,1,20,0,646.0
10110227EVARISTOJ_2026-03-10_G33,10110227EVARISTOJ,2026-03-10,111439,1,2,0,280.0
10110227EVARISTOJ_2026-03-10_G34,10110227EVARISTOJ,2026-03-10,140957,1,13,0,401.0
10110227EVARISTOJ_2026-03-10_G35,10110227EVARISTOJ,2026-03-10,110733,1,60,0,426.0
10110227EVARISTOJ_2026-03-10_G36,10110227EVARISTOJ,2026-03-10,141066,1,100,0,778.0
10110227EVARISTOJ_2026-03-10_G37,10110227EVARISTOJ,2026-03-10,118298,1,16,0,374.0
10110227EVARISTOJ_2026-03-10_G38,10110227EVARISTOJ,2026-03-10,117840,1,15,0,382.0
10110227EVARISTOJ_2026-03-10_G39,10110227EVARISTOJ,2026-03-10,117830,1,70,0,803.0
10110227EVARISTOJ_2026-03-10_G40,10110227EVARISTOJ,2026-03-10,118299,1,483,0,731.0
10110227EVARISTOJ_2026-03-11_G02,10110227EVARISTOJ,2026-03-11,110752,1,4,0,603.0
10110227EVARISTOJ_2026-03-11_G03,10110227EVARISTOJ,2026-03-11,140923,1,2,0,87.0
10110227EVARISTOJ_2026-03-11_G04,10110227EVARISTOJ,2026-03-11,140923,1,30,0,360.0
10110227EVARISTOJ_2026-03-11_G05,10110227EVARISTOJ,2026-03-11,110733,1,68,0,1171.0
10110227EVARISTOJ_2026-03-11_G06,10110227EVARISTOJ,2026-03-11,111467,1,50,0,410.0
10110227EVARISTOJ_2026-03-11_G07,10110227EVARISTOJ,2026-03-11,118094,1,60,0,526.0
10110227EVARISTOJ_2026-03-11_G08,10110227EVARISTOJ,2026-03-11,110733,1,100,0,791.0
10110227EVARISTOJ_2026-03-11_G09,10110227EVARISTOJ,2026-03-11,117862,1,40,0,344.0
10110227EVARISTOJ_2026-03-11_G10,10110227EVARISTOJ,2026-03-11,117820,1,2,0,635.0
10110227EVARISTOJ_2026-03-11_G11,10110227EVARISTOJ,2026-03-11,110376,1,3,0,163.0
10110227EVARISTOJ_2026-03-11_G12,10110227EVARISTOJ,2026-03-11,118299,1,10,0,79.0
10110227EVARISTOJ_2026-03-11_G13,10110227EVARISTOJ,2026-03-11,118306,1,20,0,829.0
10110227EVARISTOJ_2026-03-11_G14,10110227EVARISTOJ,2026-03-11,110742,1,4,0,642.0
10110227EVARISTOJ_2026-03-11_G15,10110227EVARISTOJ,2026-03-11,111440,2,6,22,221.0
10110227EVARISTOJ_2026-03-11_G16,10110227EVARISTOJ,2026-03-11,110754,1,2,0,287.0
10110227EVARISTOJ_2026-03-11_G18,10110227EVARISTOJ,2026-03-11,110313,1,2,0,208.0
10110227EVARISTOJ_2026-03-11_G19,10110227EVARISTOJ,2026-03-11,110733,1,4,0,308.0
10110227EVARISTOJ_2026-03-11_G20,10110227EVARISTOJ,2026-03-11,111602,1,2,0,127.0
10110227EVARISTOJ_2026-03-11_G21,10110227EVARISTOJ,2026-03-11,108795,1,4,0,223.0
10110227EVARISTOJ_2026-03-11_G22,10110227EVARISTOJ,2026-03-11,110747,1,2,0,731.0
10110227EVARISTOJ_2026-03-11_G23,10110227EVARISTOJ,2026-03-11,111469,1,7,0,179.0
10110227EVARISTOJ_2026-03-11_G24,10110227EVARISTOJ,2026-03-11,141166,1,2,0,310.0
10110227EVARISTOJ_2026-03-11_G25,10110227EVARISTOJ,2026-03-11,117808,1,36,0,3112.0
10110227EVARISTOJ_2026-03-11_G26,10110227EVARISTOJ,2026-03-11,117809,2,16,28,223.0
10110227EVARISTOJ_2026-03-11_G27,10110227EVARISTOJ,2026-03-11,109643,1,4,0,433.0
10110227EVARISTOJ_2026-03-11_G28,10110227EVARISTOJ,2026-03-11,110325,1,8,0,253.0
10110227EVARISTOJ_2026-03-11_G29,10110227EVARISTOJ,2026-03-11,117822,1,8,0,175.0
10110227EVARISTOJ_2026-03-11_G30,10110227EVARISTOJ,2026-03-11,117840,2,10,10,117.0
10110227EVARISTOJ_2026-03-11_G31,10110227EVARISTOJ,2026-03-11,110371,1,6,0,137.0
10110227EVARISTOJ_2026-03-11_G32,10110227EVARISTOJ,2026-03-11,110371,1,30,0,166.0
10110227EVARISTOJ_2026-03-11_G33,10110227EVARISTOJ,2026-03-11,110373,1,35,0,580.0
10110227EVARISTOJ_2026-03-11_G34,10110227EVARISTOJ,2026-03-11,118299,1,23,0,396.0
10110227EVARISTOJ_2026-03-11_G35,10110227EVARISTOJ,2026-03-11,117830,1,10,0,350.0
10110227EVARISTOJ_2026-03-11_G36,10110227EVARISTOJ,2026-03-11,117820,2,56,16,612.0
10110227EVARISTOJ_2026-03-12_G02,10110227EVARISTOJ,2026-03-12,110372,2,13,12,47.0
10110227EVARISTOJ_2026-03-12_G03,10110227EVARISTOJ,2026-03-12,110371,1,19,0,197.0
10110227EVARISTOJ_2026-03-12_G04,10110227EVARISTOJ,2026-03-12,110373,1,3,0,202.0
10110227EVARISTOJ_2026-03-12_G05,10110227EVARISTOJ,2026-03-12,117830,1,6,0,125.0
10110227EVARISTOJ_2026-03-12_G06,10110227EVARISTOJ,2026-03-12,117831,1,4,0,610.0
10110227EVARISTOJ_2026-03-12_G07,10110227EVARISTOJ,2026-03-12,111469,1,22,0,293.0
10110227EVARISTOJ_2026-03-12_G08,10110227EVARISTOJ,2026-03-12,140923,1,2,0,601.0
10110227EVARISTOJ_2026-03-12_G09,10110227EVARISTOJ,2026-03-12,117862,1,4,0,351.0
10110227EVARISTOJ_2026-03-12_G10,10110227EVARISTOJ,2026-03-12,111602,1,2,0,156.0
10110227EVARISTOJ_2026-03-12_G11,10110227EVARISTOJ,2026-03-12,110743,1,16,0,351.0
10110227EVARISTOJ_2026-03-12_G12,10110227EVARISTOJ,2026-03-12,141458,1,12,0,478.0
10110227EVARISTOJ_2026-03-12_G13,10110227EVARISTOJ,2026-03-12,109643,1,8,0,266.0
10110227EVARISTOJ_2026-03-12_G14,10110227EVARISTOJ,2026-03-12,111469,1,24,0,688.0
10110227EVARISTOJ_2026-03-12_G15,10110227EVARISTOJ,2026-03-12,110372,1,12,0,300.0
10110227EVARISTOJ_2026-03-12_G16,10110227EVARISTOJ,2026-03-12,117820,1,24,0,176.0
10110227EVARISTOJ_2026-03-12_G17,10110227EVARISTOJ,2026-03-12,117808,1,40,0,968.0
10110227EVARISTOJ_2026-03-12_G18,10110227EVARISTOJ,2026-03-12,117808,1,36,0,898.0
10110227EVARISTOJ_2026-03-12_G19,10110227EVARISTOJ,2026-03-12,142045,1,3,0,333.0
10110227EVARISTOJ_2026-03-12_G20,10110227EVARISTOJ,2026-03-12,110374,1,5,0,270.0
10110227EVARISTOJ_2026-03-12_G21,10110227EVARISTOJ,2026-03-12,117820,1,12,0,220.0
10110227EVARISTOJ_2026-03-12_G22,10110227EVARISTOJ,2026-03-12,110373,1,2,0,225.0
10110227EVARISTOJ_2026-03-12_G23,10110227EVARISTOJ,2026-03-12,111466,1,5,0,234.0
10110227EVARISTOJ_2026-03-12_G24,10110227EVARISTOJ,2026-03-12,142093,1,8,0,765.0
10110227EVARISTOJ_2026-03-12_G25,10110227EVARISTOJ,2026-03-12,111602,1,7,0,118.0
10110227EVARISTOJ_2026-03-12_G26,10110227EVARISTOJ,2026-03-12,110313,1,5,0,206.0
10110227EVARISTOJ_2026-03-12_G27,10110227EVARISTOJ,2026-03-12,117820,1,6,0,420.0
10110227EVARISTOJ_2026-03-12_G28,10110227EVARISTOJ,2026-03-12,118299,1,12,0,436.0
10110227EVARISTOJ_2026-03-12_G29,10110227EVARISTOJ,2026-03-12,117808,1,498,0,2222.0
10110227EVARISTOJ_2026-03-12_G31,10110227EVARISTOJ,2026-03-12,110325,1,14,0,177.0
10110227EVARISTOJ_2026-03-12_G32,10110227EVARISTOJ,2026-03-12,110373,1,317,0,1363.0
10110227EVARISTOJ_2026-03-12_G33,10110227EVARISTOJ,2026-03-12,110372,1,209,0,855.0
10110227EVARISTOJ_2026-03-12_G34,10110227EVARISTOJ,2026-03-12,141166,1,4,0,1535.0
10110227EVARISTOJ_2026-03-12_G35,10110227EVARISTOJ,2026-03-12,117785,1,1,0,141.0
10110227EVARISTOJ_2026-03-12_G36,10110227EVARISTOJ,2026-03-12,117821,1,2,0,69.0
10110227EVARISTOJ_2026-03-12_G37,10110227EVARISTOJ,2026-03-12,111418,1,20,0,135.0
10110227EVARISTOJ_2026-03-12_G38,10110227EVARISTOJ,2026-03-12,142093,1,24,0,523.0
10110227EVARISTOJ_2026-03-12_G39,10110227EVARISTOJ,2026-03-12,117855,1,27,0,1193.0
10110227EVARISTOJ_2026-03-12_G40,10110227EVARISTOJ,2026-03-12,111467,1,1,0,320.0
10110227EVARISTOJ_2026-03-12_G41,10110227EVARISTOJ,2026-03-12,110374,1,31,0,451.0
10110227EVARISTOJ_2026-03-12_G42,10110227EVARISTOJ,2026-03-12,141166,1,42,0,710.0
10110227EVARISTOJ_2026-03-12_G43,10110227EVARISTOJ,2026-03-12,111466,1,56,0,1547.0
10110227EVARISTOJ_2026-03-12_G44,10110227EVARISTOJ,2026-03-12,141202,1,2,0,79.0
10110227EVARISTOJ_2026-03-12_G45,10110227EVARISTOJ,2026-03-12,117808,1,11,0,560.0
10110227EVARISTOJ_2026-03-12_G46,10110227EVARISTOJ,2026-03-12,110374,1,10,0,189.0
10110227EVARISTOJ_2026-03-12_G47,10110227EVARISTOJ,2026-03-12,110373,1,15,0,200.0
10110227EVARISTOJ_2026-03-12_G48,10110227EVARISTOJ,2026-03-12,111850,1,2,0,467.0
10110227EVARISTOJ_2026-03-12_G49,10110227EVARISTOJ,2026-03-12,142093,1,4,0,379.0
10110227EVARISTOJ_2026-03-13_G02,10110227EVARISTOJ,2026-03-13,107629,1,3,0,125.0
10110227EVARISTOJ_2026-03-13_G03,10110227EVARISTOJ,2026-03-13,110339,1,4,0,176.0
10110227EVARISTOJ_2026-03-13_G04,10110227EVARISTOJ,2026-03-13,117809,1,4,0,344.0
10110227EVARISTOJ_2026-03-13_G05,10110227EVARISTOJ,2026-03-13,110740,1,4,0,126.0
10110227EVARISTOJ_2026-03-13_G06,10110227EVARISTOJ,2026-03-13,108794,1,4,0,136.0
10110227EVARISTOJ_2026-03-13_G07,10110227EVARISTOJ,2026-03-13,117785,1,4,0,91.0
10110227EVARISTOJ_2026-03-13_G08,10110227EVARISTOJ,2026-03-13,117833,1,4,0,106.0
10110227EVARISTOJ_2026-03-13_G09,10110227EVARISTOJ,2026-03-13,117831,1,2,0,117.0
10110227EVARISTOJ_2026-03-13_G10,10110227EVARISTOJ,2026-03-13,111466,1,4,0,72.0
10110227EVARISTOJ_2026-03-13_G11,10110227EVARISTOJ,2026-03-13,111532,1,5,0,639.0
10110227EVARISTOJ_2026-03-13_G12,10110227EVARISTOJ,2026-03-13,111532,1,3,0,56.0
10110227EVARISTOJ_2026-03-13_G13,10110227EVARISTOJ,2026-03-13,117831,1,4,0,152.0
10110227EVARISTOJ_2026-03-13_G14,10110227EVARISTOJ,2026-03-13,111466,1,14,0,54.0
10110227EVARISTOJ_2026-03-13_G15,10110227EVARISTOJ,2026-03-13,111418,1,6,0,272.0
10110227EVARISTOJ_2026-03-13_G16,10110227EVARISTOJ,2026-03-13,111469,1,4,0,116.0
10110227EVARISTOJ_2026-03-13_G17,10110227EVARISTOJ,2026-03-13,141458,1,2,0,117.0
10110227EVARISTOJ_2026-03-13_G18,10110227EVARISTOJ,2026-03-13,118306,1,2,0,136.0
10110227EVARISTOJ_2026-03-13_G19,10110227EVARISTOJ,2026-03-13,110755,1,1,0,104.0
10110227EVARISTOJ_2026-03-13_G20,10110227EVARISTOJ,2026-03-13,117820,1,2,0,138.0
10110227EVARISTOJ_2026-03-13_G21,10110227EVARISTOJ,2026-03-13,111602,1,7,0,196.0
10110227EVARISTOJ_2026-03-13_G22,10110227EVARISTOJ,2026-03-13,108772,1,2,0,441.0
10110227EVARISTOJ_2026-03-13_G23,10110227EVARISTOJ,2026-03-13,107236,1,4,0,180.0
10110227EVARISTOJ_2026-03-13_G24,10110227EVARISTOJ,2026-03-13,111466,1,3,0,73.0
10110227EVARISTOJ_2026-03-13_G25,10110227EVARISTOJ,2026-03-13,110623,1,6,0,215.0
10110227EVARISTOJ_2026-03-13_G26,10110227EVARISTOJ,2026-03-13,111530,1,6,0,182.0
10110227EVARISTOJ_2026-03-13_G27,10110227EVARISTOJ,2026-03-13,117853,1,4,0,145.0
10110227EVARISTOJ_2026-03-13_G28,10110227EVARISTOJ,2026-03-13,107236,1,6,0,201.0
10110227EVARISTOJ_2026-03-13_G29,10110227EVARISTOJ,2026-03-13,111466,1,10,0,410.0
10110227EVARISTOJ_2026-03-13_G30,10110227EVARISTOJ,2026-03-13,111530,1,6,0,209.0
10110227EVARISTOJ_2026-03-13_G31,10110227EVARISTOJ,2026-03-13,111466,1,4,0,46.0
10110227EVARISTOJ_2026-03-13_G32,10110227EVARISTOJ,2026-03-13,117855,2,6,9,840.0
10110227EVARISTOJ_2026-03-13_G33,10110227EVARISTOJ,2026-03-13,140922,1,2,0,1245.0
10110227EVARISTOJ_2026-03-13_G34,10110227EVARISTOJ,2026-03-13,142093,2,17,25,88.0
10110227EVARISTOJ_2026-03-13_G35,10110227EVARISTOJ,2026-03-13,111431,1,2,0,181.0
10110227EVARISTOJ_2026-03-13_G36,10110227EVARISTOJ,2026-03-13,111469,1,2,0,76.0
10110227EVARISTOJ_2026-03-13_G37,10110227EVARISTOJ,2026-03-13,142045,1,4,0,254.0
10110227EVARISTOJ_2026-03-13_G38,10110227EVARISTOJ,2026-03-13,110313,1,2,0,95.0
10110227EVARISTOJ_2026-03-13_G39,10110227EVARISTOJ,2026-03-13,141247,1,4,0,1051.0
10110227EVARISTOJ_2026-03-13_G40,10110227EVARISTOJ,2026-03-13,141286,1,2,0,385.0
10110227EVARISTOJ_2026-03-13_G41,10110227EVARISTOJ,2026-03-13,107892,1,1,0,95.0
10110227EVARISTOJ_2026-03-13_G42,10110227EVARISTOJ,2026-03-13,141311,1,2,0,223.0
10110227EVARISTOJ_2026-03-13_G43,10110227EVARISTOJ,2026-03-13,107888,1,6,0,463.0
10110227EVARISTOJ_2026-03-13_G45,10110227EVARISTOJ,2026-03-13,141318,1,6,0,406.0
10110227EVARISTOJ_2026-03-13_G46,10110227EVARISTOJ,2026-03-13,140920,1,4,0,1376.0
10110227EVARISTOJ_2026-03-13_G47,10110227EVARISTOJ,2026-03-13,111602,1,1,0,130.0
10110227EVARISTOJ_2026-03-13_G48,10110227EVARISTOJ,2026-03-13,117797,1,20,0,583.0
10110227EVARISTOJ_2026-03-13_G49,10110227EVARISTOJ,2026-03-13,140911,1,32,0,1376.0
10110227EVARISTOJ_2026-03-13_G50,10110227EVARISTOJ,2026-03-13,141271,1,40,0,905.0
10110227EVARISTOJ_2026-03-13_G51,10110227EVARISTOJ,2026-03-13,107236,1,30,0,181.0
10110227EVARISTOJ_2026-03-13_G52,10110227EVARISTOJ,2026-03-13,141456,1,220,0,1003.0
10110227EVARISTOJ_2026-03-13_G53,10110227EVARISTOJ,2026-03-13,108798,1,32,0,446.0
10110227EVARISTOJ_2026-03-13_G54,10110227EVARISTOJ,2026-03-13,141457,1,100,0,349.0
10110227EVARISTOJ_2026-03-13_G55,10110227EVARISTOJ,2026-03-13,142093,1,110,0,655.0
10110227EVARISTOJ_2026-03-13_G56,10110227EVARISTOJ,2026-03-13,118317,1,40,0,484.0
10110227EVARISTOJ_2026-03-14_G02,10110227EVARISTOJ,2026-03-14,110030,1,1,0,395.0
10110227EVARISTOJ_2026-03-14_G03,10110227EVARISTOJ,2026-03-14,117834,1,14,0,428.0
10110227EVARISTOJ_2026-03-14_G04,10110227EVARISTOJ,2026-03-14,111569,1,20,0,846.0
10110227EVARISTOJ_2026-03-14_G05,10110227EVARISTOJ,2026-03-14,111445,1,2,0,50.0
10110227EVARISTOJ_2026-03-14_G06,10110227EVARISTOJ,2026-03-14,118250,1,5,0,293.0
10110227EVARISTOJ_2026-03-14_G07,10110227EVARISTOJ,2026-03-14,107888,1,6,0,235.0
10110227EVARISTOJ_2026-03-14_G08,10110227EVARISTOJ,2026-03-14,100334,1,5,0,64.0
10110227EVARISTOJ_2026-03-14_G09,10110227EVARISTOJ,2026-03-14,118306,1,7,0,311.0
10110227EVARISTOJ_2026-03-14_G10,10110227EVARISTOJ,2026-03-14,118417,1,8,0,194.0
10110227EVARISTOJ_2026-03-14_G11,10110227EVARISTOJ,2026-03-14,110623,1,2,0,525.0
10110227EVARISTOJ_2026-03-14_G12,10110227EVARISTOJ,2026-03-14,110582,1,8,0,145.0
10110227EVARISTOJ_2026-03-14_G13,10110227EVARISTOJ,2026-03-14,110747,1,68,0,725.0
10110227EVARISTOJ_2026-03-14_G14,10110227EVARISTOJ,2026-03-14,118251,1,5,0,653.0
10110227EVARISTOJ_2026-03-14_G16,10110227EVARISTOJ,2026-03-14,111348,1,12,0,179.0
10110227EVARISTOJ_2026-03-14_G17,10110227EVARISTOJ,2026-03-14,108794,1,20,0,90.0
10110227EVARISTOJ_2026-03-14_G18,10110227EVARISTOJ,2026-03-14,111462,1,10,0,366.0
10110227EVARISTOJ_2026-03-14_G19,10110227EVARISTOJ,2026-03-14,117821,1,10,0,577.0
10110227EVARISTOJ_2026-03-14_G20,10110227EVARISTOJ,2026-03-14,111743,1,10,0,213.0
10110227EVARISTOJ_2026-03-14_G21,10110227EVARISTOJ,2026-03-14,142080,1,4,0,112.0
10110227EVARISTOJ_2026-03-14_G22,10110227EVARISTOJ,2026-03-14,142093,1,30,0,83.0
10110227EVARISTOJ_2026-03-14_G23,10110227EVARISTOJ,2026-03-14,141271,1,10,0,407.0
10110227EVARISTOJ_2026-03-14_G24,10110227EVARISTOJ,2026-03-14,117831,1,30,0,403.0
10110227EVARISTOJ_2026-03-14_G25,10110227EVARISTOJ,2026-03-14,110740,1,12,0,327.0
10110227EVARISTOJ_2026-03-14_G26,10110227EVARISTOJ,2026-03-14,108798,1,15,0,235.0
10110227EVARISTOJ_2026-03-14_G27,10110227EVARISTOJ,2026-03-14,111418,1,60,0,975.0
10110227EVARISTOJ_2026-03-14_G28,10110227EVARISTOJ,2026-03-14,141457,1,13,0,684.0
10110227EVARISTOJ_2026-03-14_G30,10110227EVARISTOJ,2026-03-14,118416,1,8,0,200.0
10110227EVARISTOJ_2026-03-14_G31,10110227EVARISTOJ,2026-03-14,141035,1,3,0,362.0
10110227EVARISTOJ_2026-03-14_G32,10110227EVARISTOJ,2026-03-14,108961,1,3,0,170.0
10110227EVARISTOJ_2026-03-14_G33,10110227EVARISTOJ,2026-03-14,117853,1,10,0,195.0
10110227EVARISTOJ_2026-03-14_G34,10110227EVARISTOJ,2026-03-14,108772,1,20,0,516.0
10110227EVARISTOJ_2026-03-14_G35,10110227EVARISTOJ,2026-03-14,117855,1,46,0,328.0
10110227EVARISTOJ_2026-03-14_G36,10110227EVARISTOJ,2026-03-14,141823,1,20,0,566.0
10110227EVARISTOJ_2026-03-16_G02,10110227EVARISTOJ,2026-03-16,109648,1,20,0,400.0
10110227EVARISTOJ_2026-03-16_G03,10110227EVARISTOJ,2026-03-16,110372,1,60,0,512.0
10110227EVARISTOJ_2026-03-16_G04,10110227EVARISTOJ,2026-03-16,110376,1,80,0,510.0
10110227EVARISTOJ_2026-03-16_G05,10110227EVARISTOJ,2026-03-16,110375,1,200,0,514.0
10110227EVARISTOJ_2026-03-16_G06,10110227EVARISTOJ,2026-03-16,110371,1,80,0,1137.0
10110227EVARISTOJ_2026-03-16_G07,10110227EVARISTOJ,2026-03-16,111569,1,40,0,1087.0
10110227EVARISTOJ_2026-03-16_G08,10110227EVARISTOJ,2026-03-16,111438,1,60,0,519.0
10110227EVARISTOJ_2026-03-16_G09,10110227EVARISTOJ,2026-03-16,109640,1,16,0,856.0
10110227EVARISTOJ_2026-03-16_G10,10110227EVARISTOJ,2026-03-16,111469,1,12,0,421.0
10110227EVARISTOJ_2026-03-16_G11,10110227EVARISTOJ,2026-03-16,111348,1,24,0,397.0
10110227EVARISTOJ_2026-03-16_G12,10110227EVARISTOJ,2026-03-16,118253,1,8,0,281.0
10110227EVARISTOJ_2026-03-16_G13,10110227EVARISTOJ,2026-03-16,142093,1,4,0,572.0
10110227EVARISTOJ_2026-03-16_G14,10110227EVARISTOJ,2026-03-16,141823,1,4,0,494.0
10110227EVARISTOJ_2026-03-16_G15,10110227EVARISTOJ,2026-03-16,110895,1,1,0,218.0
10110227EVARISTOJ_2026-03-16_G16,10110227EVARISTOJ,2026-03-16,111530,1,4,0,356.0
10110227EVARISTOJ_2026-03-16_G17,10110227EVARISTOJ,2026-03-16,117853,1,4,0,203.0
10110227EVARISTOJ_2026-03-16_G18,10110227EVARISTOJ,2026-03-16,109640,1,8,0,347.0
10110227EVARISTOJ_2026-03-16_G19,10110227EVARISTOJ,2026-03-16,110373,1,10,0,284.0
10110227EVARISTOJ_2026-03-16_G20,10110227EVARISTOJ,2026-03-16,111330,1,2,0,530.0
10110227EVARISTOJ_2026-03-16_G21,10110227EVARISTOJ,2026-03-16,117821,1,2,0,165.0
10110227EVARISTOJ_2026-03-16_G22,10110227EVARISTOJ,2026-03-16,111466,1,2,0,99.0
10110227EVARISTOJ_2026-03-16_G23,10110227EVARISTOJ,2026-03-16,141823,1,2,0,128.0
10110227EVARISTOJ_2026-03-16_G24,10110227EVARISTOJ,2026-03-16,105705,1,4,0,116.0
10110227EVARISTOJ_2026-03-16_G25,10110227EVARISTOJ,2026-03-16,111469,1,3,0,100.0
10110227EVARISTOJ_2026-03-16_G27,10110227EVARISTOJ,2026-03-16,111530,1,5,0,711.0
10110227EVARISTOJ_2026-03-16_G28,10110227EVARISTOJ,2026-03-16,110313,1,5,0,254.0
10110227EVARISTOJ_2026-03-16_G29,10110227EVARISTOJ,2026-03-16,111466,1,12,0,252.0
10110227EVARISTOJ_2026-03-16_G30,10110227EVARISTOJ,2026-03-16,109640,1,6,0,560.0
10110227EVARISTOJ_2026-03-16_G31,10110227EVARISTOJ,2026-03-16,110373,1,4,0,184.0
10110227EVARISTOJ_2026-03-16_G32,10110227EVARISTOJ,2026-03-16,140922,1,5,0,159.0
10110227EVARISTOJ_2026-03-16_G33,10110227EVARISTOJ,2026-03-16,111850,1,2,0,130.0
10110227EVARISTOJ_2026-03-16_G34,10110227EVARISTOJ,2026-03-16,111435,1,2,0,309.0
10110227EVARISTOJ_2026-03-16_G35,10110227EVARISTOJ,2026-03-16,111348,1,1,0,180.0
10110227EVARISTOJ_2026-03-16_G36,10110227EVARISTOJ,2026-03-16,116241,1,4,0,203.0
10110227EVARISTOJ_2026-03-16_G37,10110227EVARISTOJ,2026-03-16,109641,1,2,0,179.0
10110227EVARISTOJ_2026-03-16_G38,10110227EVARISTOJ,2026-03-16,117831,1,12,0,117.0
10110227EVARISTOJ_2026-03-16_G39,10110227EVARISTOJ,2026-03-16,118223,1,2,0,123.0
10110227EVARISTOJ_2026-03-16_G40,10110227EVARISTOJ,2026-03-16,117787,1,8,0,143.0
10110227EVARISTOJ_2026-03-16_G41,10110227EVARISTOJ,2026-03-16,110375,1,10,0,338.0
10110227EVARISTOJ_2026-03-16_G42,10110227EVARISTOJ,2026-03-16,117830,1,10,0,268.0
10110227EVARISTOJ_2026-03-16_G43,10110227EVARISTOJ,2026-03-16,117820,1,40,0,773.0
10110227EVARISTOJ_2026-03-16_G44,10110227EVARISTOJ,2026-03-16,118306,1,2,0,237.0
10110227EVARISTOJ_2026-03-16_G45,10110227EVARISTOJ,2026-03-16,110747,1,6,0,419.0
10110227EVARISTOJ_2026-03-16_G46,10110227EVARISTOJ,2026-03-16,110339,1,8,0,316.0
10110227EVARISTOJ_2026-03-16_G47,10110227EVARISTOJ,2026-03-16,141047,1,2,0,103.0
10110227EVARISTOJ_2026-03-16_G48,10110227EVARISTOJ,2026-03-16,108772,1,2,0,89.0
10110227EVARISTOJ_2026-03-16_G49,10110227EVARISTOJ,2026-03-16,111418,1,6,0,464.0
10110227EVARISTOJ_2026-03-16_G50,10110227EVARISTOJ,2026-03-16,111743,1,4,0,115.0
10110227EVARISTOJ_2026-03-16_G51,10110227EVARISTOJ,2026-03-16,117820,1,100,0,1673.0
10110227EVARISTOJ_2026-03-16_G52,10110227EVARISTOJ,2026-03-16,110373,1,100,0,793.0
10110227EVARISTOJ_2026-03-16_G53,10110227EVARISTOJ,2026-03-16,110372,1,300,0,1077.0
10110227EVARISTOJ_2026-03-16_G54,10110227EVARISTOJ,2026-03-16,160051,1,3,0,158.0
10110227EVARISTOJ_2026-03-16_G55,10110227EVARISTOJ,2026-03-16,141823,1,20,0,249.0
10110227EVARISTOJ_2026-03-17_G02,10110227EVARISTOJ,2026-03-17,105242,1,4,0,122.0
10110227EVARISTOJ_2026-03-17_G03,10110227EVARISTOJ,2026-03-17,117855,1,31,0,366.0
10110227EVARISTOJ_2026-03-17_G04,10110227EVARISTOJ,2026-03-17,117855,1,20,0,252.0
10110227EVARISTOJ_2026-03-17_G05,10110227EVARISTOJ,2026-03-17,107629,1,16,0,400.0
10110227EVARISTOJ_2026-03-17_G06,10110227EVARISTOJ,2026-03-17,111530,1,16,0,146.0
10110227EVARISTOJ_2026-03-17_G07,10110227EVARISTOJ,2026-03-17,110733,1,40,0,1169.0
10110227EVARISTOJ_2026-03-17_G08,10110227EVARISTOJ,2026-03-17,110339,1,20,0,367.0
10110227EVARISTOJ_2026-03-17_G09,10110227EVARISTOJ,2026-03-17,117853,1,12,0,255.0
10110227EVARISTOJ_2026-03-17_G10,10110227EVARISTOJ,2026-03-17,141047,2,30,24,220.0
10110227EVARISTOJ_2026-03-17_G11,10110227EVARISTOJ,2026-03-17,117862,1,18,0,229.0
10110227EVARISTOJ_2026-03-17_G12,10110227EVARISTOJ,2026-03-17,107629,1,20,0,808.0
10110227EVARISTOJ_2026-03-17_G13,10110227EVARISTOJ,2026-03-17,110895,1,12,0,650.0
10110227EVARISTOJ_2026-03-17_G14,10110227EVARISTOJ,2026-03-17,111602,1,40,0,510.0
10110227EVARISTOJ_2026-03-17_G15,10110227EVARISTOJ,2026-03-17,142093,1,32,0,573.0
10110227EVARISTOJ_2026-03-17_G16,10110227EVARISTOJ,2026-03-17,141271,1,3,0,527.0
10110227EVARISTOJ_2026-03-17_G17,10110227EVARISTOJ,2026-03-17,117831,1,20,0,59.0
10110227EVARISTOJ_2026-03-17_G18,10110227EVARISTOJ,2026-03-17,117787,1,18,0,599.0
10110227EVARISTOJ_2026-03-17_G19,10110227EVARISTOJ,2026-03-17,141997,2,8,13,902.0
10110227EVARISTOJ_2026-03-17_G20,10110227EVARISTOJ,2026-03-17,142093,1,13,0,1082.0
10110227EVARISTOJ_2026-03-17_G22,10110227EVARISTOJ,2026-03-17,111430,1,2,0,184.0
10110227EVARISTOJ_2026-03-17_G23,10110227EVARISTOJ,2026-03-17,110895,2,5,12,294.0
10110227EVARISTOJ_2026-03-17_G24,10110227EVARISTOJ,2026-03-17,111438,1,8,0,380.0
10110227EVARISTOJ_2026-03-17_G25,10110227EVARISTOJ,2026-03-17,100334,1,2,0,402.0
10110227EVARISTOJ_2026-03-17_G26,10110227EVARISTOJ,2026-03-17,109471,1,2,0,233.0
10110227EVARISTOJ_2026-03-17_G27,10110227EVARISTOJ,2026-03-17,140923,1,6,0,760.0
10110227EVARISTOJ_2026-03-17_G28,10110227EVARISTOJ,2026-03-17,117855,1,4,0,162.0
10110227EVARISTOJ_2026-03-17_G29,10110227EVARISTOJ,2026-03-17,117788,1,1,0,707.0
10110227EVARISTOJ_2026-03-17_G30,10110227EVARISTOJ,2026-03-17,110733,1,8,0,171.0
10110227EVARISTOJ_2026-03-17_G31,10110227EVARISTOJ,2026-03-17,111602,1,10,0,57.0
10110227EVARISTOJ_2026-03-17_G32,10110227EVARISTOJ,2026-03-17,117856,1,10,0,176.0
10110227EVARISTOJ_2026-03-17_G33,10110227EVARISTOJ,2026-03-17,110339,1,8,0,216.0
10110227EVARISTOJ_2026-03-17_G34,10110227EVARISTOJ,2026-03-17,109640,2,8,13,303.0
10110227EVARISTOJ_2026-03-17_G35,10110227EVARISTOJ,2026-03-17,117861,1,3,0,729.0
10110227EVARISTOJ_2026-03-17_G36,10110227EVARISTOJ,2026-03-17,141066,1,4,0,217.0
10110227EVARISTOJ_2026-03-17_G37,10110227EVARISTOJ,2026-03-17,117808,1,12,0,254.0
10110227EVARISTOJ_2026-03-17_G38,10110227EVARISTOJ,2026-03-17,117820,1,8,0,388.0
10110227EVARISTOJ_2026-03-17_G39,10110227EVARISTOJ,2026-03-17,110373,1,8,0,43.0
10110227EVARISTOJ_2026-03-17_G40,10110227EVARISTOJ,2026-03-17,118299,1,30,0,473.0
10110227EVARISTOJ_2026-03-17_G41,10110227EVARISTOJ,2026-03-17,110895,1,2,0,550.0
10110227EVARISTOJ_2026-03-17_G42,10110227EVARISTOJ,2026-03-17,140923,1,6,0,155.0
10110227EVARISTOJ_2026-03-18_G02,10110227EVARISTOJ,2026-03-18,111438,2,20,14,282.0
10110227EVARISTOJ_2026-03-18_G03,10110227EVARISTOJ,2026-03-18,108411,1,2,0,648.0
10110227EVARISTOJ_2026-03-18_G04,10110227EVARISTOJ,2026-03-18,111780,1,1,0,134.0
10110227EVARISTOJ_2026-03-18_G05,10110227EVARISTOJ,2026-03-18,111418,1,20,0,171.0
10110227EVARISTOJ_2026-03-18_G06,10110227EVARISTOJ,2026-03-18,111465,1,4,0,301.0
10110227EVARISTOJ_2026-03-18_G07,10110227EVARISTOJ,2026-03-18,117809,1,80,0,690.0
10110227EVARISTOJ_2026-03-18_G08,10110227EVARISTOJ,2026-03-18,117808,1,500,0,2491.0
10110227EVARISTOJ_2026-03-18_G09,10110227EVARISTOJ,2026-03-18,111172,1,4,0,1344.0
10110227EVARISTOJ_2026-03-18_G10,10110227EVARISTOJ,2026-03-18,111465,1,8,0,284.0
10110227EVARISTOJ_2026-03-18_G11,10110227EVARISTOJ,2026-03-18,118317,1,4,0,124.0
10110227EVARISTOJ_2026-03-18_G12,10110227EVARISTOJ,2026-03-18,111330,1,4,0,575.0
10110227EVARISTOJ_2026-03-18_G13,10110227EVARISTOJ,2026-03-18,140922,1,2,0,170.0
10110227EVARISTOJ_2026-03-18_G14,10110227EVARISTOJ,2026-03-18,111462,1,8,0,93.0
10110227EVARISTOJ_2026-03-18_G15,10110227EVARISTOJ,2026-03-18,117821,2,8,12,207.0
10110227EVARISTOJ_2026-03-18_G16,10110227EVARISTOJ,2026-03-18,111418,1,8,0,179.0
10110227EVARISTOJ_2026-03-18_G17,10110227EVARISTOJ,2026-03-18,116241,1,1,0,890.0
10110227EVARISTOJ_2026-03-18_G18,10110227EVARISTOJ,2026-03-18,111743,1,4,0,266.0
10110227EVARISTOJ_2026-03-18_G19,10110227EVARISTOJ,2026-03-18,142093,1,12,0,301.0
10110227EVARISTOJ_2026-03-18_G20,10110227EVARISTOJ,2026-03-18,109641,1,20,0,523.0
10110227EVARISTOJ_2026-03-18_G21,10110227EVARISTOJ,2026-03-18,"117808, 118299",3,26,26,130.0
10110227EVARISTOJ_2026-03-18_G22,10110227EVARISTOJ,2026-03-18,111438,1,3,0,372.0
10110227EVARISTOJ_2026-03-18_G23,10110227EVARISTOJ,2026-03-18,109640,1,18,0,675.0
10110227EVARISTOJ_2026-03-18_G24,10110227EVARISTOJ,2026-03-18,"117853, 111467",2,8,13,740.0
10110227EVARISTOJ_2026-03-18_G25,10110227EVARISTOJ,2026-03-18,117862,2,4,7,322.0
10110227EVARISTOJ_2026-03-18_G27,10110227EVARISTOJ,2026-03-18,110339,1,4,0,43.0
10110227EVARISTOJ_2026-03-18_G28,10110227EVARISTOJ,2026-03-18,109640,2,4,10,141.0
10110227EVARISTOJ_2026-03-18_G29,10110227EVARISTOJ,2026-03-18,117809,1,1,0,155.0
10110227EVARISTOJ_2026-03-18_G30,10110227EVARISTOJ,2026-03-18,116241,1,4,0,166.0
10110227EVARISTOJ_2026-03-18_G31,10110227EVARISTOJ,2026-03-18,110371,2,18,9,176.0
10110227EVARISTOJ_2026-03-18_G32,10110227EVARISTOJ,2026-03-18,111530,1,1,0,173.0
10110227EVARISTOJ_2026-03-18_G33,10110227EVARISTOJ,2026-03-18,117862,1,2,0,105.0
10110227EVARISTOJ_2026-03-18_G34,10110227EVARISTOJ,2026-03-18,109643,1,2,0,450.0
10110227EVARISTOJ_2026-03-18_G35,10110227EVARISTOJ,2026-03-18,117820,1,16,0,64.0
10110227EVARISTOJ_2026-03-18_G36,10110227EVARISTOJ,2026-03-18,110372,2,10,11,219.0
10110227EVARISTOJ_2026-03-18_G37,10110227EVARISTOJ,2026-03-18,110371,1,12,0,120.0
10110227EVARISTOJ_2026-03-18_G38,10110227EVARISTOJ,2026-03-18,109640,1,2,0,223.0
10110227EVARISTOJ_2026-03-18_G39,10110227EVARISTOJ,2026-03-18,117837,2,2,22,1234.0
10110227EVARISTOJ_2026-03-18_G40,10110227EVARISTOJ,2026-03-18,110752,2,2,8,229.0
10110227EVARISTOJ_2026-03-18_G41,10110227EVARISTOJ,2026-03-18,110313,2,10,20,235.0
10110227EVARISTOJ_2026-03-18_G42,10110227EVARISTOJ,2026-03-18,140923,4,14,46,170.0
10110227EVARISTOJ_2026-03-18_G43,10110227EVARISTOJ,2026-03-18,110741,2,2,6,402.0
10110227EVARISTOJ_2026-03-18_G44,10110227EVARISTOJ,2026-03-18,111879,2,4,8,189.0
10110227EVARISTOJ_2026-03-18_G45,10110227EVARISTOJ,2026-03-18,111602,1,1,0,67.0
10110227EVARISTOJ_2026-03-18_G46,10110227EVARISTOJ,2026-03-18,111602,1,9,0,563.0
10110227EVARISTOJ_2026-03-18_G47,10110227EVARISTOJ,2026-03-18,110339,2,10,14,169.0
10110227EVARISTOJ_2026-03-18_G48,10110227EVARISTOJ,2026-03-18,111467,2,6,9,228.0
10110227EVARISTOJ_2026-03-18_G49,10110227EVARISTOJ,2026-03-18,141047,4,12,32,135.0
10110227EVARISTOJ_2026-03-18_G50,10110227EVARISTOJ,2026-03-18,108772,1,30,0,466.0
10110227EVARISTOJ_2026-03-18_G51,10110227EVARISTOJ,2026-03-18,109640,1,20,0,540.0
10110227EVARISTOJ_2026-03-18_G52,10110227EVARISTOJ,2026-03-18,141066,1,6,0,387.0
10110227EVARISTOJ_2026-03-18_G53,10110227EVARISTOJ,2026-03-18,117862,2,6,16,142.0
10110227EVARISTOJ_2026-03-18_G54,10110227EVARISTOJ,2026-03-18,111876,1,5,0,788.0
10110227EVARISTOJ_2026-03-18_G55,10110227EVARISTOJ,2026-03-18,142045,1,5,0,1605.0
10110227EVARISTOJ_2026-03-18_G56,10110227EVARISTOJ,2026-03-18,111438,2,2,9,457.0
10110227EVARISTOJ_2026-03-19_G02,10110227EVARISTOJ,2026-03-19,141823,1,2,0,268.0
10110227EVARISTOJ_2026-03-19_G03,10110227EVARISTOJ,2026-03-19,111469,1,10,0,62.0
10110227EVARISTOJ_2026-03-19_G04,10110227EVARISTOJ,2026-03-19,117830,1,8,0,236.0
10110227EVARISTOJ_2026-03-19_G05,10110227EVARISTOJ,2026-03-19,110681,1,1,0,478.0
10110227EVARISTOJ_2026-03-19_G06,10110227EVARISTOJ,2026-03-19,111447,1,8,0,1561.0
10110227EVARISTOJ_2026-03-19_G07,10110227EVARISTOJ,2026-03-19,118306,1,2,0,155.0
10110227EVARISTOJ_2026-03-19_G08,10110227EVARISTOJ,2026-03-19,109648,1,5,0,273.0
10110227EVARISTOJ_2026-03-19_G09,10110227EVARISTOJ,2026-03-19,141202,1,30,0,257.0
10110227EVARISTOJ_2026-03-19_G10,10110227EVARISTOJ,2026-03-19,117840,1,8,0,934.0
10110227EVARISTOJ_2026-03-19_G11,10110227EVARISTOJ,2026-03-19,117830,1,40,0,178.0
10110227EVARISTOJ_2026-03-19_G12,10110227EVARISTOJ,2026-03-19,110371,1,100,0,725.0
10110227EVARISTOJ_2026-03-19_G13,10110227EVARISTOJ,2026-03-19,117820,1,150,0,462.0
10110227EVARISTOJ_2026-03-19_G14,10110227EVARISTOJ,2026-03-19,111743,1,40,0,659.0
10110227EVARISTOJ_2026-03-19_G15,10110227EVARISTOJ,2026-03-19,109641,1,20,0,515.0
10110227EVARISTOJ_2026-03-20_G02,10110227EVARISTOJ,2026-03-20,117785,1,8,0,97.0
10110227EVARISTOJ_2026-03-20_G03,10110227EVARISTOJ,2026-03-20,111446,1,8,0,103.0
10110227EVARISTOJ_2026-03-20_G04,10110227EVARISTOJ,2026-03-20,111442,1,4,0,217.0
10110227EVARISTOJ_2026-03-20_G05,10110227EVARISTOJ,2026-03-20,141456,1,4,0,96.0
10110227EVARISTOJ_2026-03-20_G06,10110227EVARISTOJ,2026-03-20,111463,3,22,36,140.0
10110227EVARISTOJ_2026-03-20_G07,10110227EVARISTOJ,2026-03-20,111469,3,10,13,465.0
10110227EVARISTOJ_2026-03-20_G08,10110227EVARISTOJ,2026-03-20,111469,2,36,13,31.0
10110227EVARISTOJ_2026-03-20_G09,10110227EVARISTOJ,2026-03-20,"117834, 117853",3,16,23,725.0
10110227EVARISTOJ_2026-03-20_G10,10110227EVARISTOJ,2026-03-20,117856,1,4,0,59.0
10110227EVARISTOJ_2026-03-20_G11,10110227EVARISTOJ,2026-03-20,117862,1,4,0,727.0
10110227EVARISTOJ_2026-03-20_G12,10110227EVARISTOJ,2026-03-20,117855,1,4,0,293.0
10110227EVARISTOJ_2026-03-20_G13,10110227EVARISTOJ,2026-03-20,110373,1,24,0,35.0
10110227EVARISTOJ_2026-03-20_G14,10110227EVARISTOJ,2026-03-20,117809,1,4,0,1119.0
10110227EVARISTOJ_2026-03-20_G15,10110227EVARISTOJ,2026-03-20,117809,1,2,0,32.0
10110227EVARISTOJ_2026-03-20_G16,10110227EVARISTOJ,2026-03-20,117808,1,4,0,368.0
10110227EVARISTOJ_2026-03-20_G17,10110227EVARISTOJ,2026-03-20,118299,1,8,0,175.0
10110227EVARISTOJ_2026-03-20_G18,10110227EVARISTOJ,2026-03-20,117832,1,2,0,84.0
10110227EVARISTOJ_2026-03-20_G19,10110227EVARISTOJ,2026-03-20,110371,1,4,0,183.0
10110227EVARISTOJ_2026-03-20_G20,10110227EVARISTOJ,2026-03-20,117830,2,14,7,89.0
10110227EVARISTOJ_2026-03-20_G21,10110227EVARISTOJ,2026-03-20,111466,1,13,0,260.0
10110227EVARISTOJ_2026-03-20_G23,10110227EVARISTOJ,2026-03-20,110339,1,9,0,397.0
10110227EVARISTOJ_2026-03-20_G24,10110227EVARISTOJ,2026-03-20,140922,1,363,0,1217.0
10110227EVARISTOJ_2026-03-20_G25,10110227EVARISTOJ,2026-03-20,111462,1,114,0,652.0
10110227EVARISTOJ_2026-03-20_G26,10110227EVARISTOJ,2026-03-20,110371,1,14,0,677.0
10110227EVARISTOJ_2026-03-20_G27,10110227EVARISTOJ,2026-03-20,110374,1,6,0,772.0
10110227EVARISTOJ_2026-03-20_G28,10110227EVARISTOJ,2026-03-20,117808,1,12,0,127.0
10110227EVARISTOJ_2026-03-20_G29,10110227EVARISTOJ,2026-03-20,110372,1,20,0,477.0
10110227EVARISTOJ_2026-03-21_G02,10110227EVARISTOJ,2026-03-21,111463,1,4,0,92.0
10110227EVARISTOJ_2026-03-21_G03,10110227EVARISTOJ,2026-03-21,110748,1,4,0,187.0
10110227EVARISTOJ_2026-03-21_G04,10110227EVARISTOJ,2026-03-21,142093,1,4,0,177.0
10110227EVARISTOJ_2026-03-21_G05,10110227EVARISTOJ,2026-03-21,120002,1,2,0,100.0
10110227EVARISTOJ_2026-03-21_G06,10110227EVARISTOJ,2026-03-21,111463,1,2,0,146.0
10110227EVARISTOJ_2026-03-21_G07,10110227EVARISTOJ,2026-03-21,111468,1,2,0,81.0
10110227EVARISTOJ_2026-03-21_G08,10110227EVARISTOJ,2026-03-21,111463,1,8,0,273.0
10110227EVARISTOJ_2026-03-21_G09,10110227EVARISTOJ,2026-03-21,111443,1,12,0,1829.0
10110227EVARISTOJ_2026-03-21_G10,10110227EVARISTOJ,2026-03-21,111532,1,4,0,213.0
10110227EVARISTOJ_2026-03-21_G11,10110227EVARISTOJ,2026-03-21,111465,1,2,0,71.0
10110227EVARISTOJ_2026-03-21_G12,10110227EVARISTOJ,2026-03-21,111463,1,10,0,194.0
10110227EVARISTOJ_2026-03-21_G13,10110227EVARISTOJ,2026-03-21,109640,1,4,0,174.0
10110227EVARISTOJ_2026-03-21_G14,10110227EVARISTOJ,2026-03-21,111530,1,8,0,211.0
10110227EVARISTOJ_2026-03-21_G15,10110227EVARISTOJ,2026-03-21,111466,1,20,0,2705.0
10110227EVARISTOJ_2026-03-21_G16,10110227EVARISTOJ,2026-03-21,111602,1,12,0,854.0
10110227EVARISTOJ_2026-03-21_G17,10110227EVARISTOJ,2026-03-21,111435,1,4,0,228.0
10110227EVARISTOJ_2026-03-21_G18,10110227EVARISTOJ,2026-03-21,111532,1,12,0,192.0
10110227EVARISTOJ_2026-03-21_G19,10110227EVARISTOJ,2026-03-21,111463,1,30,0,631.0
10110227EVARISTOJ_2026-03-21_G20,10110227EVARISTOJ,2026-03-21,111466,1,40,0,426.0
10110227EVARISTOJ_2026-03-21_G21,10110227EVARISTOJ,2026-03-21,141166,1,20,0,914.0
10110227EVARISTOJ_2026-03-21_G22,10110227EVARISTOJ,2026-03-21,111532,1,8,0,227.0
10110227EVARISTOJ_2026-03-21_G23,10110227EVARISTOJ,2026-03-21,111463,1,8,0,82.0
10110227EVARISTOJ_2026-03-21_G24,10110227EVARISTOJ,2026-03-21,141458,1,24,0,475.0
10110227EVARISTOJ_2026-03-21_G25,10110227EVARISTOJ,2026-03-21,111602,1,10,0,384.0
10110227EVARISTOJ_2026-03-21_G26,10110227EVARISTOJ,2026-03-21,117832,1,22,0,312.0
10110227EVARISTOJ_2026-03-21_G28,10110227EVARISTOJ,2026-03-21,141456,2,46,30,259.0
10110227EVARISTOJ_2026-03-21_G29,10110227EVARISTOJ,2026-03-21,111463,1,70,0,1068.0
10110227EVARISTOJ_2026-03-21_G30,10110227EVARISTOJ,2026-03-21,111463,1,37,0,441.0
10110227EVARISTOJ_2026-03-21_G31,10110227EVARISTOJ,2026-03-21,110741,1,6,0,413.0
10110227EVARISTOJ_2026-03-21_G32,10110227EVARISTOJ,2026-03-21,118306,1,4,0,160.0
10110227EVARISTOJ_2026-03-21_G33,10110227EVARISTOJ,2026-03-21,141318,1,2,0,98.0
10110227EVARISTOJ_2026-03-21_G34,10110227EVARISTOJ,2026-03-21,110325,1,8,0,635.0
10110227EVARISTOJ_2026-03-21_G35,10110227EVARISTOJ,2026-03-21,141202,1,6,0,404.0
10110227EVARISTOJ_2026-03-23_G02,10110227EVARISTOJ,2026-03-23,111602,1,3,0,216.0
10110227EVARISTOJ_2026-03-23_G03,10110227EVARISTOJ,2026-03-23,110374,2,10,16,231.0
10110227EVARISTOJ_2026-03-23_G04,10110227EVARISTOJ,2026-03-23,117832,2,13,10,222.0
10110227EVARISTOJ_2026-03-23_G05,10110227EVARISTOJ,2026-03-23,111602,1,48,0,730.0
10110227EVARISTOJ_2026-03-23_G06,10110227EVARISTOJ,2026-03-23,118323,1,1,0,636.0
10110227EVARISTOJ_2026-03-23_G07,10110227EVARISTOJ,2026-03-23,110374,2,16,8,141.0
10110227EVARISTOJ_2026-03-23_G08,10110227EVARISTOJ,2026-03-23,110373,1,4,0,886.0
10110227EVARISTOJ_2026-03-23_G09,10110227EVARISTOJ,2026-03-23,110372,1,2,0,98.0
10110227EVARISTOJ_2026-03-23_G10,10110227EVARISTOJ,2026-03-23,117832,1,4,0,157.0
10110227EVARISTOJ_2026-03-23_G11,10110227EVARISTOJ,2026-03-23,110371,1,10,0,173.0
10110227EVARISTOJ_2026-03-23_G12,10110227EVARISTOJ,2026-03-23,117830,1,2,0,117.0
10110227EVARISTOJ_2026-03-23_G13,10110227EVARISTOJ,2026-03-23,111418,1,15,0,96.0
10110227EVARISTOJ_2026-03-23_G14,10110227EVARISTOJ,2026-03-23,111463,1,4,0,246.0
10110227EVARISTOJ_2026-03-23_G15,10110227EVARISTOJ,2026-03-23,118094,1,3,0,719.0
10110227EVARISTOJ_2026-03-23_G16,10110227EVARISTOJ,2026-03-23,110339,1,2,0,63.0
10110227EVARISTOJ_2026-03-23_G17,10110227EVARISTOJ,2026-03-23,111463,1,1,0,145.0
10110227EVARISTOJ_2026-03-23_G18,10110227EVARISTOJ,2026-03-23,110372,1,12,0,215.0
10110227EVARISTOJ_2026-03-23_G19,10110227EVARISTOJ,2026-03-23,142045,1,5,0,124.0
10110227EVARISTOJ_2026-03-23_G20,10110227EVARISTOJ,2026-03-23,111418,1,23,0,416.0
10110227EVARISTOJ_2026-03-23_G21,10110227EVARISTOJ,2026-03-23,111418,1,5,0,347.0
10110227EVARISTOJ_2026-03-23_G22,10110227EVARISTOJ,2026-03-23,111469,1,4,0,102.0
10110227EVARISTOJ_2026-03-23_G23,10110227EVARISTOJ,2026-03-23,111463,2,7,8,91.0
10110227EVARISTOJ_2026-03-23_G24,10110227EVARISTOJ,2026-03-23,110787,1,2,0,120.0
10110227EVARISTOJ_2026-03-23_G25,10110227EVARISTOJ,2026-03-23,141823,1,12,0,168.0
10110227EVARISTOJ_2026-03-23_G26,10110227EVARISTOJ,2026-03-23,117855,1,6,0,819.0
10110227EVARISTOJ_2026-03-23_G27,10110227EVARISTOJ,2026-03-23,118094,1,2,0,98.0
10110227EVARISTOJ_2026-03-23_G28,10110227EVARISTOJ,2026-03-23,140923,1,3,0,229.0
10110227EVARISTOJ_2026-03-23_G29,10110227EVARISTOJ,2026-03-23,110374,1,6,0,623.0
10110227EVARISTOJ_2026-03-23_G30,10110227EVARISTOJ,2026-03-23,142045,1,3,0,184.0
10110227EVARISTOJ_2026-03-23_G31,10110227EVARISTOJ,2026-03-23,110747,1,2,0,196.0
10110227EVARISTOJ_2026-03-23_G32,10110227EVARISTOJ,2026-03-23,110339,1,2,0,181.0
10110227EVARISTOJ_2026-03-23_G33,10110227EVARISTOJ,2026-03-23,111602,1,28,0,1553.0
10110227EVARISTOJ_2026-03-23_G34,10110227EVARISTOJ,2026-03-23,110740,1,4,0,274.0
10110227EVARISTOJ_2026-03-23_G36,10110227EVARISTOJ,2026-03-23,110325,1,35,0,280.0
10110227EVARISTOJ_2026-03-23_G37,10110227EVARISTOJ,2026-03-23,117832,1,17,0,740.0
10110227EVARISTOJ_2026-03-23_G38,10110227EVARISTOJ,2026-03-23,117832,1,10,0,619.0
10110227EVARISTOJ_2026-03-23_G39,10110227EVARISTOJ,2026-03-23,109649,1,2,0,422.0
10110227EVARISTOJ_2026-03-23_G40,10110227EVARISTOJ,2026-03-23,109640,1,16,0,1081.0
10110227EVARISTOJ_2026-03-23_G41,10110227EVARISTOJ,2026-03-23,105359,1,11,0,151.0
10110227EVARISTOJ_2026-03-23_G43,10110227EVARISTOJ,2026-03-23,111438,1,2,0,1116.0
10110227EVARISTOJ_2026-03-23_G44,10110227EVARISTOJ,2026-03-23,142045,1,2,0,165.0
10110227EVARISTOJ_2026-03-23_G45,10110227EVARISTOJ,2026-03-23,110373,1,10,0,203.0
10110227EVARISTOJ_2026-03-23_G46,10110227EVARISTOJ,2026-03-23,111463,1,4,0,355.0
10110227EVARISTOJ_2026-03-23_G47,10110227EVARISTOJ,2026-03-23,111466,1,7,0,132.0
10110227EVARISTOJ_2026-03-23_G48,10110227EVARISTOJ,2026-03-23,141458,1,6,0,76.0
10110227EVARISTOJ_2026-03-23_G49,10110227EVARISTOJ,2026-03-23,111418,1,10,0,283.0
10110227EVARISTOJ_2026-03-24_G02,10110227EVARISTOJ,2026-03-24,109647,1,2,0,143.0
10110227EVARISTOJ_2026-03-24_G03,10110227EVARISTOJ,2026-03-24,109647,1,1,0,737.0
10110227EVARISTOJ_2026-03-24_G04,10110227EVARISTOJ,2026-03-24,117788,1,1,0,51.0
10110227EVARISTOJ_2026-03-24_G05,10110227EVARISTOJ,2026-03-24,111879,2,4,10,156.0
10110227EVARISTOJ_2026-03-24_G06,10110227EVARISTOJ,2026-03-24,141166,2,19,17,79.0
10110227EVARISTOJ_2026-03-24_G07,10110227EVARISTOJ,2026-03-24,117856,1,36,0,491.0
10110227EVARISTOJ_2026-03-24_G08,10110227EVARISTOJ,2026-03-24,141352,1,8,0,224.0
10110227EVARISTOJ_2026-03-24_G09,10110227EVARISTOJ,2026-03-24,117853,3,10,29,148.0
10110227EVARISTOJ_2026-03-24_G10,10110227EVARISTOJ,2026-03-24,117853,1,4,0,51.0
10110227EVARISTOJ_2026-03-24_G11,10110227EVARISTOJ,2026-03-24,109640,1,54,0,786.0
10110227EVARISTOJ_2026-03-24_G12,10110227EVARISTOJ,2026-03-24,140923,1,36,0,1409.0
10110227EVARISTOJ_2026-03-24_G13,10110227EVARISTOJ,2026-03-24,111602,1,84,0,691.0
10110227EVARISTOJ_2026-03-24_G14,10110227EVARISTOJ,2026-03-24,117837,1,6,0,659.0
10110227EVARISTOJ_2026-03-24_G15,10110227EVARISTOJ,2026-03-24,109648,1,4,0,115.0
10110227EVARISTOJ_2026-03-24_G16,10110227EVARISTOJ,2026-03-24,111418,1,12,0,767.0
10110227EVARISTOJ_2026-03-24_G17,10110227EVARISTOJ,2026-03-24,141457,1,1,0,152.0
10110227EVARISTOJ_2026-03-24_G18,10110227EVARISTOJ,2026-03-24,141271,1,4,0,108.0
10110227EVARISTOJ_2026-03-24_G19,10110227EVARISTOJ,2026-03-24,110740,1,2,0,126.0
10110227EVARISTOJ_2026-03-24_G20,10110227EVARISTOJ,2026-03-24,110895,1,4,0,205.0
10110227EVARISTOJ_2026-03-24_G21,10110227EVARISTOJ,2026-03-24,111438,1,4,0,259.0
10110227EVARISTOJ_2026-03-24_G22,10110227EVARISTOJ,2026-03-24,105705,1,4,0,417.0
10110227EVARISTOJ_2026-03-24_G23,10110227EVARISTOJ,2026-03-24,117831,1,4,0,347.0
10110227EVARISTOJ_2026-03-24_G24,10110227EVARISTOJ,2026-03-24,110374,1,6,0,378.0
10110227EVARISTOJ_2026-03-24_G25,10110227EVARISTOJ,2026-03-24,118299,1,11,0,182.0
10110227EVARISTOJ_2026-03-24_G26,10110227EVARISTOJ,2026-03-24,110372,1,6,0,200.0
10110227EVARISTOJ_2026-03-24_G27,10110227EVARISTOJ,2026-03-24,141202,1,1,0,140.0
10110227EVARISTOJ_2026-03-24_G28,10110227EVARISTOJ,2026-03-24,140922,1,8,0,159.0
10110227EVARISTOJ_2026-03-24_G29,10110227EVARISTOJ,2026-03-24,110374,1,30,0,727.0
10110227EVARISTOJ_2026-03-24_G31,10110227EVARISTOJ,2026-03-24,111569,1,3,0,365.0
10110227EVARISTOJ_2026-03-24_G32,10110227EVARISTOJ,2026-03-24,111356,1,2,0,101.0
10110227EVARISTOJ_2026-03-24_G33,10110227EVARISTOJ,2026-03-24,108031,1,4,0,71.0
10110227EVARISTOJ_2026-03-24_G34,10110227EVARISTOJ,2026-03-24,105359,1,3,0,156.0
10110227EVARISTOJ_2026-03-24_G35,10110227EVARISTOJ,2026-03-24,110582,1,11,0,302.0
10110227EVARISTOJ_2026-03-24_G36,10110227EVARISTOJ,2026-03-24,111430,1,2,0,319.0
10110227EVARISTOJ_2026-03-24_G37,10110227EVARISTOJ,2026-03-24,110747,1,5,0,396.0
10110227EVARISTOJ_2026-03-24_G38,10110227EVARISTOJ,2026-03-24,117853,1,7,0,768.0
10110227EVARISTOJ_2026-03-24_G39,10110227EVARISTOJ,2026-03-24,111602,1,3,0,247.0
10110227EVARISTOJ_2026-03-24_G40,10110227EVARISTOJ,2026-03-24,117856,1,12,0,351.0
10110227EVARISTOJ_2026-03-24_G41,10110227EVARISTOJ,2026-03-24,117861,1,14,0,605.0
10110227EVARISTOJ_2026-03-24_G42,10110227EVARISTOJ,2026-03-24,110371,1,4,0,2274.0
10110227EVARISTOJ_2026-03-24_G43,10110227EVARISTOJ,2026-03-24,110372,1,10,0,261.0
10110227EVARISTOJ_2026-03-24_G44,10110227EVARISTOJ,2026-03-24,117808,1,20,0,85.0
10110227EVARISTOJ_2026-03-24_G45,10110227EVARISTOJ,2026-03-24,110375,1,2,0,215.0
10110227EVARISTOJ_2026-03-24_G46,10110227EVARISTOJ,2026-03-24,117832,1,3,0,96.0
10110227EVARISTOJ_2026-03-24_G47,10110227EVARISTOJ,2026-03-24,111438,1,3,0,422.0
10110227EVARISTOJ_2026-03-24_G48,10110227EVARISTOJ,2026-03-24,116527,1,4,0,227.0
10110227EVARISTOJ_2026-03-24_G49,10110227EVARISTOJ,2026-03-24,110747,1,2,0,105.0
10110227EVARISTOJ_2026-03-24_G50,10110227EVARISTOJ,2026-03-24,110750,1,4,0,632.0
10110227EVARISTOJ_2026-03-24_G51,10110227EVARISTOJ,2026-03-24,110741,1,4,0,141.0
10110227EVARISTOJ_2026-03-24_G52,10110227EVARISTOJ,2026-03-24,109647,1,3,0,219.0
10110227EVARISTOJ_2026-03-24_G53,10110227EVARISTOJ,2026-03-24,117853,1,2,0,101.0
10110227EVARISTOJ_2026-03-24_G54,10110227EVARISTOJ,2026-03-24,140923,1,4,0,93.0
10110227EVARISTOJ_2026-03-24_G55,10110227EVARISTOJ,2026-03-24,117862,1,4,0,132.0
10110227EVARISTOJ_2026-03-24_G56,10110227EVARISTOJ,2026-03-24,117855,1,4,0,312.0
10110227EVARISTOJ_2026-03-24_G57,10110227EVARISTOJ,2026-03-24,110371,1,4,0,969.0
10110227EVARISTOJ_2026-03-25_G02,10110227EVARISTOJ,2026-03-25,118299,2,18,13,114.0
10110227EVARISTOJ_2026-03-25_G03,10110227EVARISTOJ,2026-03-25,117832,1,5,0,243.0
10110227EVARISTOJ_2026-03-25_G04,10110227EVARISTOJ,2026-03-25,110371,1,4,0,681.0
10110227EVARISTOJ_2026-03-25_G05,10110227EVARISTOJ,2026-03-25,117808,1,40,0,511.0
10110227EVARISTOJ_2026-03-25_G06,10110227EVARISTOJ,2026-03-25,110755,1,4,0,881.0
10110227EVARISTOJ_2026-03-25_G07,10110227EVARISTOJ,2026-03-25,141166,1,4,0,179.0
10110227EVARISTOJ_2026-03-25_G08,10110227EVARISTOJ,2026-03-25,111532,1,12,0,675.0
10110227EVARISTOJ_2026-03-25_G09,10110227EVARISTOJ,2026-03-25,118094,1,4,0,622.0
10110227EVARISTOJ_2026-03-25_G10,10110227EVARISTOJ,2026-03-25,140922,1,30,0,1051.0
10110227EVARISTOJ_2026-03-25_G11,10110227EVARISTOJ,2026-03-25,141457,1,10,0,447.0
10110227EVARISTOJ_2026-03-25_G12,10110227EVARISTOJ,2026-03-25,111468,1,9,0,1034.0
10110227EVARISTOJ_2026-03-25_G13,10110227EVARISTOJ,2026-03-25,117855,1,20,0,543.0
10110227EVARISTOJ_2026-03-25_G14,10110227EVARISTOJ,2026-03-25,110339,1,7,0,132.0
10110227EVARISTOJ_2026-03-25_G15,10110227EVARISTOJ,2026-03-25,111443,1,4,0,812.0
10110227EVARISTOJ_2026-03-25_G16,10110227EVARISTOJ,2026-03-25,111466,1,28,0,1908.0
10110227EVARISTOJ_2026-03-25_G17,10110227EVARISTOJ,2026-03-25,111418,1,8,0,132.0
10110227EVARISTOJ_2026-03-25_G18,10110227EVARISTOJ,2026-03-25,110740,1,4,0,116.0
10110227EVARISTOJ_2026-03-25_G19,10110227EVARISTOJ,2026-03-25,111469,1,32,0,441.0
10110227EVARISTOJ_2026-03-25_G20,10110227EVARISTOJ,2026-03-25,111418,1,16,0,459.0
10110227EVARISTOJ_2026-03-25_G21,10110227EVARISTOJ,2026-03-25,110740,1,12,0,189.0
10110227EVARISTOJ_2026-03-25_G22,10110227EVARISTOJ,2026-03-25,107236,1,12,0,200.0
10110227EVARISTOJ_2026-03-25_G24,10110227EVARISTOJ,2026-03-25,110325,1,459,0,2770.0
10110227EVARISTOJ_2026-03-25_G25,10110227EVARISTOJ,2026-03-25,109648,1,6,0,2311.0
10110227EVARISTOJ_2026-03-25_G26,10110227EVARISTOJ,2026-03-25,109643,2,10,9,101.0
10110227EVARISTOJ_2026-03-25_G27,10110227EVARISTOJ,2026-03-25,117820,1,30,0,127.0
10110227EVARISTOJ_2026-03-25_G28,10110227EVARISTOJ,2026-03-25,110373,1,70,0,530.0
10110227EVARISTOJ_2026-03-25_G29,10110227EVARISTOJ,2026-03-25,117808,1,130,0,694.0
10110227EVARISTOJ_2026-03-25_G30,10110227EVARISTOJ,2026-03-25,117831,1,10,0,247.0
10110227EVARISTOJ_2026-03-25_G31,10110227EVARISTOJ,2026-03-25,111469,1,10,0,142.0
10110227EVARISTOJ_2026-03-25_G32,10110227EVARISTOJ,2026-03-25,110129,1,10,0,133.0
10110227EVARISTOJ_2026-03-27_G02,10110227EVARISTOJ,2026-03-27,110895,1,2,0,130.0
10110227EVARISTOJ_2026-03-27_G03,10110227EVARISTOJ,2026-03-27,141318,1,16,0,251.0
10110227EVARISTOJ_2026-03-27_G04,10110227EVARISTOJ,2026-03-27,100334,1,2,0,132.0
10110227EVARISTOJ_2026-03-27_G05,10110227EVARISTOJ,2026-03-27,110747,1,12,0,335.0
10110227EVARISTOJ_2026-03-27_G06,10110227EVARISTOJ,2026-03-27,142045,1,24,0,604.0
10110227EVARISTOJ_2026-03-27_G07,10110227EVARISTOJ,2026-03-27,118094,1,3,0,136.0
10110227EVARISTOJ_2026-03-27_G08,10110227EVARISTOJ,2026-03-27,117853,1,2,0,125.0
10110227EVARISTOJ_2026-03-27_G09,10110227EVARISTOJ,2026-03-27,140923,1,1,0,79.0
10110227EVARISTOJ_2026-03-27_G10,10110227EVARISTOJ,2026-03-27,141166,1,3,0,81.0
10110227EVARISTOJ_2026-03-27_G11,10110227EVARISTOJ,2026-03-27,141352,1,10,0,84.0
10110227EVARISTOJ_2026-03-27_G12,10110227EVARISTOJ,2026-03-27,111602,1,11,0,445.0
10110227EVARISTOJ_2026-03-27_G13,10110227EVARISTOJ,2026-03-27,118280,1,30,0,777.0
10110227EVARISTOJ_2026-03-27_G14,10110227EVARISTOJ,2026-03-27,118283,1,40,0,539.0
10110227EVARISTOJ_2026-03-27_G15,10110227EVARISTOJ,2026-03-27,118285,1,30,0,534.0
10110227EVARISTOJ_2026-03-27_G17,10110227EVARISTOJ,2026-03-27,111743,1,4,0,125.0
10110227EVARISTOJ_2026-03-27_G18,10110227EVARISTOJ,2026-03-27,109641,1,6,0,271.0
10110227EVARISTOJ_2026-03-27_G19,10110227EVARISTOJ,2026-03-27,110755,1,2,0,111.0
10110227EVARISTOJ_2026-03-27_G20,10110227EVARISTOJ,2026-03-27,109640,1,8,0,218.0
10110227EVARISTOJ_2026-03-27_G21,10110227EVARISTOJ,2026-03-27,111462,1,2,0,560.0
10110227EVARISTOJ_2026-03-27_G22,10110227EVARISTOJ,2026-03-27,110332,1,2,0,83.0
10110227EVARISTOJ_2026-03-27_G23,10110227EVARISTOJ,2026-03-27,111463,1,5,0,130.0
10110227EVARISTOJ_2026-03-27_G24,10110227EVARISTOJ,2026-03-27,141456,1,4,0,122.0
10110227EVARISTOJ_2026-03-27_G25,10110227EVARISTOJ,2026-03-27,111418,1,5,0,73.0
10110227EVARISTOJ_2026-03-27_G26,10110227EVARISTOJ,2026-03-27,111466,1,1,0,105.0
10110227EVARISTOJ_2026-03-27_G27,10110227EVARISTOJ,2026-03-27,141202,1,2,0,322.0
10110227EVARISTOJ_2026-03-27_G28,10110227EVARISTOJ,2026-03-27,110372,1,11,0,212.0
10110227EVARISTOJ_2026-03-27_G29,10110227EVARISTOJ,2026-03-27,117808,1,10,0,271.0
10110227EVARISTOJ_2026-03-27_G30,10110227EVARISTOJ,2026-03-27,117822,1,2,0,108.0
10110227EVARISTOJ_2026-03-27_G31,10110227EVARISTOJ,2026-03-27,117830,1,3,0,77.0
10110227EVARISTOJ_2026-03-27_G32,10110227EVARISTOJ,2026-03-27,111602,1,2,0,113.0
10110227EVARISTOJ_2026-03-27_G33,10110227EVARISTOJ,2026-03-27,117837,1,3,0,74.0
10110227EVARISTOJ_2026-03-27_G34,10110227EVARISTOJ,2026-03-27,117862,1,4,0,132.0
10110227EVARISTOJ_2026-03-27_G35,10110227EVARISTOJ,2026-03-27,111569,1,1,0,168.0
10110227EVARISTOJ_2026-03-27_G36,10110227EVARISTOJ,2026-03-27,111437,1,2,0,227.0
10110227EVARISTOJ_2026-03-27_G37,10110227EVARISTOJ,2026-03-27,110755,1,2,0,100.0
10110227EVARISTOJ_2026-03-27_G38,10110227EVARISTOJ,2026-03-27,110747,1,2,0,131.0
10110227EVARISTOJ_2026-03-27_G39,10110227EVARISTOJ,2026-03-27,105705,1,4,0,424.0
10110227EVARISTOJ_2026-03-27_G40,10110227EVARISTOJ,2026-03-27,117841,1,2,0,156.0
10110227EVARISTOJ_2026-03-27_G41,10110227EVARISTOJ,2026-03-27,111418,1,8,0,396.0
10110227EVARISTOJ_2026-03-27_G42,10110227EVARISTOJ,2026-03-27,107236,1,4,0,244.0
10110227EVARISTOJ_2026-03-27_G43,10110227EVARISTOJ,2026-03-27,110740,1,8,0,103.0
10110227EVARISTOJ_2026-03-27_G44,10110227EVARISTOJ,2026-03-27,111469,1,16,0,68.0
10110227EVARISTOJ_2026-03-27_G45,10110227EVARISTOJ,2026-03-27,111466,1,40,0,389.0
10110227EVARISTOJ_2026-03-27_G46,10110227EVARISTOJ,2026-03-27,111418,1,8,0,727.0
10110227EVARISTOJ_2026-03-27_G47,10110227EVARISTOJ,2026-03-27,107236,1,4,0,171.0
10110227EVARISTOJ_2026-03-27_G48,10110227EVARISTOJ,2026-03-27,110740,1,8,0,119.0
10110227EVARISTOJ_2026-03-27_G49,10110227EVARISTOJ,2026-03-27,111469,1,32,0,102.0
10110227EVARISTOJ_2026-03-27_G50,10110227EVARISTOJ,2026-03-27,111466,1,32,0,1017.0
10110227EVARISTOJ_2026-03-27_G51,10110227EVARISTOJ,2026-03-27,111445,1,9,0,288.0
10110227EVARISTOJ_2026-03-27_G52,10110227EVARISTOJ,2026-03-27,117820,1,6,0,119.0
10110227EVARISTOJ_2026-03-27_G53,10110227EVARISTOJ,2026-03-27,111462,1,2,0,426.0
10110227EVARISTOJ_2026-03-27_G54,10110227EVARISTOJ,2026-03-27,117785,1,4,0,128.0
10110227EVARISTOJ_2026-03-27_G55,10110227EVARISTOJ,2026-03-27,111463,1,2,0,73.0
10110227EVARISTOJ_2026-03-27_G56,10110227EVARISTOJ,2026-03-27,141456,1,6,0,157.0
10110227EVARISTOJ_2026-03-27_G57,10110227EVARISTOJ,2026-03-27,111418,1,2,0,56.0
10110227EVARISTOJ_2026-03-27_G58,10110227EVARISTOJ,2026-03-27,107236,1,2,0,77.0
10110227EVARISTOJ_2026-03-27_G59,10110227EVARISTOJ,2026-03-27,110740,1,2,0,49.0
10110227EVARISTOJ_2026-03-27_G60,10110227EVARISTOJ,2026-03-27,117831,1,2,0,71.0
10110227EVARISTOJ_2026-03-27_G61,10110227EVARISTOJ,2026-03-27,141457,1,2,0,245.0
10110227EVARISTOJ_2026-03-27_G62,10110227EVARISTOJ,2026-03-27,110755,1,6,0,116.0
10110227EVARISTOJ_2026-03-28_G02,10110227EVARISTOJ,2026-03-28,140956,1,8,0,93.0
10110227EVARISTOJ_2026-03-28_G03,10110227EVARISTOJ,2026-03-28,110895,1,20,0,277.0
10110227EVARISTOJ_2026-03-28_G04,10110227EVARISTOJ,2026-03-28,118283,1,4,0,377.0
10110227EVARISTOJ_2026-03-28_G05,10110227EVARISTOJ,2026-03-28,140911,1,20,0,852.0
10110227EVARISTOJ_2026-03-28_G06,10110227EVARISTOJ,2026-03-28,142045,1,300,0,2922.0
10110227EVARISTOJ_2026-03-28_G07,10110227EVARISTOJ,2026-03-28,118271,1,2,0,2185.0
10110227EVARISTOJ_2026-03-28_G08,10110227EVARISTOJ,2026-03-28,118277,1,4,0,65.0
10110227EVARISTOJ_2026-03-28_G09,10110227EVARISTOJ,2026-03-28,118279,1,4,0,90.0
10110227EVARISTOJ_2026-03-28_G10,10110227EVARISTOJ,2026-03-28,141202,1,60,0,485.0
10110227EVARISTOJ_2026-03-28_G11,10110227EVARISTOJ,2026-03-28,117853,1,2,0,2565.0
10110227EVARISTOJ_2026-03-28_G12,10110227EVARISTOJ,2026-03-28,111466,1,8,0,1411.0
10110227EVARISTOJ_2026-03-28_G13,10110227EVARISTOJ,2026-03-28,111602,1,6,0,216.0
10110227EVARISTOJ_2026-03-28_G14,10110227EVARISTOJ,2026-03-28,107629,1,2,0,600.0
10110227EVARISTOJ_2026-03-28_G15,10110227EVARISTOJ,2026-03-28,111433,1,4,0,142.0
10110227EVARISTOJ_2026-03-28_G16,10110227EVARISTOJ,2026-03-28,110325,1,2,0,59.0
10110227EVARISTOJ_2026-03-28_G18,10110227EVARISTOJ,2026-03-28,117785,1,2,0,240.0
10110227EVARISTOJ_2026-03-28_G19,10110227EVARISTOJ,2026-03-28,108795,1,4,0,97.0
10110227EVARISTOJ_2026-03-28_G20,10110227EVARISTOJ,2026-03-28,111463,1,4,0,129.0
10110227EVARISTOJ_2026-03-28_G21,10110227EVARISTOJ,2026-03-28,110787,1,2,0,54.0
10110227EVARISTOJ_2026-03-28_G22,10110227EVARISTOJ,2026-03-28,141456,1,2,0,146.0
10110227EVARISTOJ_2026-03-28_G23,10110227EVARISTOJ,2026-03-28,111418,1,10,0,87.0
10110227EVARISTOJ_2026-03-28_G24,10110227EVARISTOJ,2026-03-28,117833,1,8,0,351.0
10110227EVARISTOJ_2026-03-28_G25,10110227EVARISTOJ,2026-03-28,111468,1,7,0,160.0
10110227EVARISTOJ_2026-03-28_G26,10110227EVARISTOJ,2026-03-28,141823,1,2,0,110.0
10110227EVARISTOJ_2026-03-28_G27,10110227EVARISTOJ,2026-03-28,110325,1,1,0,1472.0
10110227EVARISTOJ_2026-03-28_G28,10110227EVARISTOJ,2026-03-28,117840,1,2,0,71.0
10110227EVARISTOJ_2026-03-28_G29,10110227EVARISTOJ,2026-03-28,110376,1,6,0,60.0
10110227EVARISTOJ_2026-03-28_G30,10110227EVARISTOJ,2026-03-28,110372,1,12,0,103.0
10110227EVARISTOJ_2026-03-28_G31,10110227EVARISTOJ,2026-03-28,110371,1,2,0,187.0
10110227EVARISTOJ_2026-03-28_G32,10110227EVARISTOJ,2026-03-28,117808,1,30,0,361.0
10110227EVARISTOJ_2026-03-28_G33,10110227EVARISTOJ,2026-03-28,118299,1,80,0,674.0
10110227EVARISTOJ_2026-03-28_G34,10110227EVARISTOJ,2026-03-28,111602,1,16,0,251.0
10110227EVARISTOJ_2026-03-29_G02,10110227EVARISTOJ,2026-03-29,108795,1,4,0,127.0
10110227EVARISTOJ_2026-03-29_G03,10110227EVARISTOJ,2026-03-29,141271,1,8,0,119.0
10110227EVARISTOJ_2026-03-29_G04,10110227EVARISTOJ,2026-03-29,117838,1,2,0,38.0
10110227EVARISTOJ_2026-03-29_G05,10110227EVARISTOJ,2026-03-29,110787,1,2,0,73.0
10110227EVARISTOJ_2026-03-29_G06,10110227EVARISTOJ,2026-03-29,111418,1,2,0,197.0
10110227EVARISTOJ_2026-03-29_G07,10110227EVARISTOJ,2026-03-29,108794,1,4,0,68.0
10110227EVARISTOJ_2026-03-29_G08,10110227EVARISTOJ,2026-03-29,142093,1,2,0,78.0
10110227EVARISTOJ_2026-03-29_G09,10110227EVARISTOJ,2026-03-29,107236,1,3,0,126.0
10110227EVARISTOJ_2026-03-29_G10,10110227EVARISTOJ,2026-03-29,110740,1,6,0,93.0
10110227EVARISTOJ_2026-03-29_G11,10110227EVARISTOJ,2026-03-29,141458,1,2,0,77.0
10110227EVARISTOJ_2026-03-29_G12,10110227EVARISTOJ,2026-03-29,111441,1,3,0,171.0
10110227EVARISTOJ_2026-03-29_G13,10110227EVARISTOJ,2026-03-29,118306,1,4,0,94.0
10110227EVARISTOJ_2026-03-29_G14,10110227EVARISTOJ,2026-03-29,111430,1,2,0,100.0
10110227EVARISTOJ_2026-03-29_G15,10110227EVARISTOJ,2026-03-29,117786,1,6,0,847.0
10110227EVARISTOJ_2026-03-29_G16,10110227EVARISTOJ,2026-03-29,107629,1,2,0,238.0
10110227EVARISTOJ_2026-03-29_G17,10110227EVARISTOJ,2026-03-29,110711,1,2,0,89.0
10110227EVARISTOJ_2026-03-29_G18,10110227EVARISTOJ,2026-03-29,117837,1,1,0,74.0
10110227EVARISTOJ_2026-03-29_G19,10110227EVARISTOJ,2026-03-29,110339,1,4,0,50.0
10110227EVARISTOJ_2026-03-29_G20,10110227EVARISTOJ,2026-03-29,141352,1,2,0,106.0
10110227EVARISTOJ_2026-03-29_G21,10110227EVARISTOJ,2026-03-29,117862,1,1,0,102.0
10110227EVARISTOJ_2026-03-29_G22,10110227EVARISTOJ,2026-03-29,111530,1,14,0,2357.0
10110227EVARISTOJ_2026-03-29_G23,10110227EVARISTOJ,2026-03-29,110313,1,2,0,138.0
10110227EVARISTOJ_2026-03-29_G24,10110227EVARISTOJ,2026-03-29,118299,1,38,0,367.0
10110227EVARISTOJ_2026-03-29_G25,10110227EVARISTOJ,2026-03-29,111469,1,12,0,416.0
10110227EVARISTOJ_2026-03-29_G26,10110227EVARISTOJ,2026-03-29,110711,1,1,0,389.0
10110227EVARISTOJ_2026-03-29_G27,10110227EVARISTOJ,2026-03-29,109640,1,2,0,206.0
10110227EVARISTOJ_2026-03-29_G28,10110227EVARISTOJ,2026-03-29,111530,1,20,0,237.0
10110227EVARISTOJ_2026-03-29_G29,10110227EVARISTOJ,2026-03-29,111602,1,10,0,337.0
10110227EVARISTOJ_2026-03-29_G30,10110227EVARISTOJ,2026-03-29,160051,1,5,0,215.0
10110227EVARISTOJ_2026-03-29_G31,10110227EVARISTOJ,2026-03-29,111602,1,8,0,183.0
10110227EVARISTOJ_2026-03-29_G32,10110227EVARISTOJ,2026-03-29,109640,1,10,0,331.0
10110227EVARISTOJ_2026-03-29_G33,10110227EVARISTOJ,2026-03-29,110580,1,2,0,450.0
10110227EVARISTOJ_2026-03-29_G34,10110227EVARISTOJ,2026-03-29,111602,1,7,0,2405.0
10110227EVARISTOJ_2026-03-29_G35,10110227EVARISTOJ,2026-03-29,117837,1,6,0,373.0
10110227EVARISTOJ_2026-03-29_G36,10110227EVARISTOJ,2026-03-29,117841,1,4,0,447.0
10110227EVARISTOJ_2026-03-29_G38,10110227EVARISTOJ,2026-03-29,111602,1,4,0,328.0
10110227EVARISTOJ_2026-03-29_G39,10110227EVARISTOJ,2026-03-29,141457,1,5,0,105.0
10110227EVARISTOJ_2026-03-29_G40,10110227EVARISTOJ,2026-03-29,111172,1,2,0,88.0
10110227EVARISTOJ_2026-03-29_G41,10110227EVARISTOJ,2026-03-29,117820,1,4,0,1133.0
10110227EVARISTOJ_2026-03-29_G42,10110227EVARISTOJ,2026-03-29,110373,1,20,0,339.0
10110227EVARISTOJ_2026-03-29_G43,10110227EVARISTOJ,2026-03-29,111743,1,2,0,88.0
10110227EVARISTOJ_2026-03-29_G44,10110227EVARISTOJ,2026-03-29,140957,1,1,0,184.0
10110227EVARISTOJ_2026-03-29_G45,10110227EVARISTOJ,2026-03-29,111353,1,2,0,126.0
10110227EVARISTOJ_2026-03-29_G46,10110227EVARISTOJ,2026-03-29,111743,1,2,0,130.0
10110227EVARISTOJ_2026-03-29_G47,10110227EVARISTOJ,2026-03-29,141823,1,2,0,195.0
10110227EVARISTOJ_2026-03-29_G48,10110227EVARISTOJ,2026-03-29,110373,1,10,0,177.0
10110227EVARISTOJ_2026-03-29_G49,10110227EVARISTOJ,2026-03-29,141823,1,2,0,1488.0
10110227EVARISTOJ_2026-03-29_G50,10110227EVARISTOJ,2026-03-29,111348,1,4,0,1644.0
10110227EVARISTOJ_2026-03-29_G51,10110227EVARISTOJ,2026-03-29,111462,1,3,0,311.0
10110227EVARISTOJ_2026-03-29_G52,10110227EVARISTOJ,2026-03-29,141456,1,2,0,111.0
10110227EVARISTOJ_2026-03-29_G53,10110227EVARISTOJ,2026-03-29,107236,1,4,0,237.0
10110227EVARISTOJ_2026-03-29_G54,10110227EVARISTOJ,2026-03-29,110711,1,3,0,308.0
10110227EVARISTOJ_2026-03-29_G55,10110227EVARISTOJ,2026-03-29,111530,1,2,0,161.0
10110227EVARISTOJ_2026-03-29_G56,10110227EVARISTOJ,2026-03-29,111602,1,1,0,32.0
10110227EVARISTOJ_2026-03-29_G57,10110227EVARISTOJ,2026-03-29,110325,1,4,0,214.0
10110227EVARISTOJ_2026-03-29_G58,10110227EVARISTOJ,2026-03-29,110372,1,12,0,194.0
10110227EVARISTOJ_2026-03-29_G59,10110227EVARISTOJ,2026-03-29,117808,1,8,0,534.0
10110227EVARISTOJ_2026-03-29_G60,10110227EVARISTOJ,2026-03-29,100334,1,2,0,171.0
10110227EVARISTOJ_2026-03-30_G02,10110227EVARISTOJ,2026-03-30,109640,1,4,0,563.0
10110227EVARISTOJ_2026-03-30_G03,10110227EVARISTOJ,2026-03-30,111462,1,10,0,299.0
10110227EVARISTOJ_2026-03-30_G04,10110227EVARISTOJ,2026-03-30,117821,1,10,0,198.0
10110227EVARISTOJ_2026-03-30_G05,10110227EVARISTOJ,2026-03-30,117820,1,16,0,147.0
10110227EVARISTOJ_2026-03-30_G06,10110227EVARISTOJ,2026-03-30,110373,1,3,0,283.0
10110227EVARISTOJ_2026-03-30_G07,10110227EVARISTOJ,2026-03-30,109640,1,20,0,783.0
10110227EVARISTOJ_2026-03-30_G08,10110227EVARISTOJ,2026-03-30,117786,2,11,10,657.0
10110227EVARISTOJ_2026-03-30_G09,10110227EVARISTOJ,2026-03-30,111602,2,4,9,156.0
10110227EVARISTOJ_2026-03-30_G10,10110227EVARISTOJ,2026-03-30,110373,1,4,0,300.0
10110227EVARISTOJ_2026-03-30_G11,10110227EVARISTOJ,2026-03-30,111602,1,9,0,426.0
10110227EVARISTOJ_2026-03-30_G12,10110227EVARISTOJ,2026-03-30,109640,1,39,0,821.0
10110227EVARISTOJ_2026-03-30_G13,10110227EVARISTOJ,2026-03-30,111172,1,59,0,1340.0
10110227EVARISTOJ_2026-03-30_G14,10110227EVARISTOJ,2026-03-30,117786,2,32,11,832.0
10110227EVARISTOJ_2026-03-30_G15,10110227EVARISTOJ,2026-03-30,110711,3,15,16,1722.0
10110227EVARISTOJ_2026-03-30_G16,10110227EVARISTOJ,2026-03-30,110711,2,12,8,272.0
10110227EVARISTOJ_2026-03-30_G18,10110227EVARISTOJ,2026-03-30,111530,1,1,0,565.0
10110227EVARISTOJ_2026-03-30_G19,10110227EVARISTOJ,2026-03-30,141456,1,12,0,468.0
10110227EVARISTOJ_2026-03-30_G20,10110227EVARISTOJ,2026-03-30,109640,1,4,0,341.0
10110227EVARISTOJ_2026-03-30_G21,10110227EVARISTOJ,2026-03-30,110711,1,24,0,1703.0
10110227EVARISTOJ_2026-03-30_G22,10110227EVARISTOJ,2026-03-30,110711,1,20,0,44.0
10110227EVARISTOJ_2026-03-30_G23,10110227EVARISTOJ,2026-03-30,111602,1,4,0,62.0
10110227EVARISTOJ_2026-03-30_G24,10110227EVARISTOJ,2026-03-30,108798,1,5,0,1651.0
10110227EVARISTOJ_2026-03-30_G25,10110227EVARISTOJ,2026-03-30,117841,1,4,0,600.0
10110227EVARISTOJ_2026-03-30_G26,10110227EVARISTOJ,2026-03-30,141457,1,5,0,143.0
10110227EVARISTOJ_2026-03-30_G27,10110227EVARISTOJ,2026-03-30,111532,1,4,0,258.0
10110227EVARISTOJ_2026-03-30_G28,10110227EVARISTOJ,2026-03-30,111172,1,10,0,154.0
10110227EVARISTOJ_2026-03-30_G29,10110227EVARISTOJ,2026-03-30,111463,1,3,0,135.0
10110227EVARISTOJ_2026-03-30_G30,10110227EVARISTOJ,2026-03-30,110787,1,4,0,95.0
10110227EVARISTOJ_2026-03-30_G31,10110227EVARISTOJ,2026-03-30,117797,1,1,0,336.0
10110227EVARISTOJ_2026-03-30_G32,10110227EVARISTOJ,2026-03-30,110325,1,3,0,185.0
10110227EVARISTOJ_2026-03-30_G33,10110227EVARISTOJ,2026-03-30,111530,1,2,0,547.0
10110227EVARISTOJ_2026-03-30_G34,10110227EVARISTOJ,2026-03-30,111602,1,5,0,168.0
10110227EVARISTOJ_2026-03-30_G35,10110227EVARISTOJ,2026-03-30,110895,1,2,0,205.0
10110227EVARISTOJ_2026-03-30_G36,10110227EVARISTOJ,2026-03-30,111532,1,3,0,247.0
10110227EVARISTOJ_2026-03-30_G37,10110227EVARISTOJ,2026-03-30,111441,1,2,0,683.0
10110227EVARISTOJ_2026-03-30_G38,10110227EVARISTOJ,2026-03-30,111879,1,2,0,225.0
10110227EVARISTOJ_2026-03-30_G39,10110227EVARISTOJ,2026-03-30,111330,1,4,0,388.0
10110227EVARISTOJ_2026-03-30_G40,10110227EVARISTOJ,2026-03-30,111532,1,4,0,138.0
10110227EVARISTOJ_2026-03-30_G41,10110227EVARISTOJ,2026-03-30,111441,1,3,0,144.0
10110227EVARISTOJ_2026-03-30_G42,10110227EVARISTOJ,2026-03-30,111850,1,5,0,128.0
10110227EVARISTOJ_2026-03-30_G43,10110227EVARISTOJ,2026-03-30,111441,1,30,0,790.0
10110227EVARISTOJ_2026-03-31_G02,10110227EVARISTOJ,2026-03-31,108711,1,3,0,104.0
10110227EVARISTOJ_2026-03-31_G03,10110227EVARISTOJ,2026-03-31,110740,1,10,0,210.0
10110227EVARISTOJ_2026-03-31_G04,10110227EVARISTOJ,2026-03-31,111172,1,3,0,573.0
10110227EVARISTOJ_2026-03-31_G05,10110227EVARISTOJ,2026-03-31,108711,1,2,0,109.0
10110227EVARISTOJ_2026-03-31_G06,10110227EVARISTOJ,2026-03-31,110895,1,2,0,212.0
10110227EVARISTOJ_2026-03-31_G07,10110227EVARISTOJ,2026-03-31,111532,1,4,0,933.0
10110227EVARISTOJ_2026-03-31_G08,10110227EVARISTOJ,2026-03-31,108711,1,4,0,101.0
10110227EVARISTOJ_2026-03-31_G09,10110227EVARISTOJ,2026-03-31,111172,1,4,0,615.0
10110227EVARISTOJ_2026-03-31_G10,10110227EVARISTOJ,2026-03-31,111532,1,2,0,80.0
10110227EVARISTOJ_2026-03-31_G11,10110227EVARISTOJ,2026-03-31,108711,1,3,0,54.0
10110227EVARISTOJ_2026-03-31_G12,10110227EVARISTOJ,2026-03-31,108711,1,3,0,217.0
10110227EVARISTOJ_2026-03-31_G13,10110227EVARISTOJ,2026-03-31,108711,1,6,0,307.0
10110227EVARISTOJ_2026-03-31_G14,10110227EVARISTOJ,2026-03-31,110711,1,1,0,177.0
10110227EVARISTOJ_2026-03-31_G15,10110227EVARISTOJ,2026-03-31,111441,1,8,0,1238.0
10110227EVARISTOJ_2026-03-31_G16,10110227EVARISTOJ,2026-03-31,111532,1,4,0,180.0
10110227EVARISTOJ_2026-03-31_G17,10110227EVARISTOJ,2026-03-31,111444,1,10,0,869.0
10110227EVARISTOJ_2026-03-31_G18,10110227EVARISTOJ,2026-03-31,117786,9,25,92,1819.0
10110227EVARISTOJ_2026-03-31_G19,10110227EVARISTOJ,2026-03-31,110711,1,5,0,314.0
10110227EVARISTOJ_2026-03-31_G20,10110227EVARISTOJ,2026-03-31,111530,1,4,0,126.0
10110227EVARISTOJ_2026-03-31_G21,10110227EVARISTOJ,2026-03-31,111602,4,12,23,248.0
10110227EVARISTOJ_2026-03-31_G22,10110227EVARISTOJ,2026-03-31,110373,1,4,0,748.0
10110227EVARISTOJ_2026-03-31_G23,10110227EVARISTOJ,2026-03-31,110372,1,15,0,76.0
10110227EVARISTOJ_2026-03-31_G24,10110227EVARISTOJ,2026-03-31,141202,1,2,0,163.0
10110227EVARISTOJ_2026-03-31_G25,10110227EVARISTOJ,2026-03-31,110325,1,4,0,57.0
10110227EVARISTOJ_2026-03-31_G26,10110227EVARISTOJ,2026-03-31,110376,1,12,0,107.0
10110227EVARISTOJ_2026-03-31_G27,10110227EVARISTOJ,2026-03-31,117808,1,15,0,266.0
10110227EVARISTOJ_2026-03-31_G28,10110227EVARISTOJ,2026-03-31,110371,1,15,0,124.0
10110227EVARISTOJ_2026-03-31_G29,10110227EVARISTOJ,2026-03-31,118299,2,15,13,420.0
10110227EVARISTOJ_2026-03-31_G31,10110227EVARISTOJ,2026-03-31,118094,2,17,11,54.0
10110227EVARISTOJ_2026-03-31_G32,10110227EVARISTOJ,2026-03-31,110580,4,13,24,262.0
10110227EVARISTOJ_2026-03-31_G33,10110227EVARISTOJ,2026-03-31,117856,1,1,0,420.0
10110227EVARISTOJ_2026-03-31_G34,10110227EVARISTOJ,2026-03-31,110339,4,13,29,148.0
10110227EVARISTOJ_2026-03-31_G35,10110227EVARISTOJ,2026-03-31,111602,3,16,35,1097.0
10110227EVARISTOJ_2026-03-31_G36,10110227EVARISTOJ,2026-03-31,111602,1,5,0,388.0
10110227EVARISTOJ_2026-03-31_G37,10110227EVARISTOJ,2026-03-31,117862,1,2,0,157.0
10110227EVARISTOJ_2026-03-31_G38,10110227EVARISTOJ,2026-03-31,117834,1,33,0,2380.0
10110227EVARISTOJ_2026-03-31_G39,10110227EVARISTOJ,2026-03-31,111447,1,3,0,329.0
10110227EVARISTOJ_2026-03-31_G40,10110227EVARISTOJ,2026-03-31,111569,1,6,0,181.0
10110227EVARISTOJ_2026-03-31_G41,10110227EVARISTOJ,2026-03-31,109647,1,33,0,620.0
10110227EVARISTOJ_2026-04-01_G02,10110227EVARISTOJ,2026-04-01,111330,1,15,0,535.0
10110227EVARISTOJ_2026-04-01_G03,10110227EVARISTOJ,2026-04-01,111465,1,32,0,638.0
10110227EVARISTOJ_2026-04-01_G04,10110227EVARISTOJ,2026-04-01,142093,1,19,0,274.0
10110227EVARISTOJ_2026-04-01_G05,10110227EVARISTOJ,2026-04-01,142093,1,173,0,515.0
10110227EVARISTOJ_2026-04-01_G06,10110227EVARISTOJ,2026-04-01,111431,1,32,0,476.0
10110227EVARISTOJ_2026-04-01_G07,10110227EVARISTOJ,2026-04-01,110740,1,32,0,225.0
10110227EVARISTOJ_2026-04-01_G08,10110227EVARISTOJ,2026-04-01,111762,1,20,0,623.0
10110227EVARISTOJ_2026-04-01_G09,10110227EVARISTOJ,2026-04-01,109647,1,9,0,501.0
10110227EVARISTOJ_2026-04-01_G10,10110227EVARISTOJ,2026-04-01,140923,1,20,0,763.0
10110227EVARISTOJ_2026-04-01_G11,10110227EVARISTOJ,2026-04-01,142045,1,20,0,340.0
10110227EVARISTOJ_2026-04-01_G12,10110227EVARISTOJ,2026-04-01,110895,1,32,0,65.0
10110227EVARISTOJ_2026-04-01_G13,10110227EVARISTOJ,2026-04-01,111447,1,32,0,964.0
10110227EVARISTOJ_2026-04-01_G14,10110227EVARISTOJ,2026-04-01,110742,1,8,0,518.0
10110227EVARISTOJ_2026-04-01_G15,10110227EVARISTOJ,2026-04-01,111430,1,20,0,242.0
10110227EVARISTOJ_2026-04-01_G16,10110227EVARISTOJ,2026-04-01,111447,1,8,0,695.0
10110227EVARISTOJ_2026-04-01_G17,10110227EVARISTOJ,2026-04-01,"111439, 141066",2,28,19,429.0
10110227EVARISTOJ_2026-04-01_G18,10110227EVARISTOJ,2026-04-01,110313,1,14,0,416.0
10110227EVARISTOJ_2026-04-07_G02,10110227EVARISTOJ,2026-04-07,111418,1,4,0,1729.0
10110227EVARISTOJ_2026-04-07_G03,10110227EVARISTOJ,2026-04-07,142093,1,4,0,162.0
10110227EVARISTOJ_2026-04-07_G04,10110227EVARISTOJ,2026-04-07,111466,1,3,0,129.0
10110227EVARISTOJ_2026-04-07_G05,10110227EVARISTOJ,2026-04-07,105705,1,1,0,178.0
10110227EVARISTOJ_2026-04-07_G06,10110227EVARISTOJ,2026-04-07,111743,1,2,0,194.0
10110227EVARISTOJ_2026-04-07_G07,10110227EVARISTOJ,2026-04-07,117833,1,5,0,169.0
10110227EVARISTOJ_2026-04-07_G08,10110227EVARISTOJ,2026-04-07,117831,1,2,0,119.0
10110227EVARISTOJ_2026-04-07_G09,10110227EVARISTOJ,2026-04-07,108711,1,1,0,56.0
10110227EVARISTOJ_2026-04-07_G10,10110227EVARISTOJ,2026-04-07,110373,1,9,0,197.0
10110227EVARISTOJ_2026-04-07_G11,10110227EVARISTOJ,2026-04-07,118299,1,8,0,102.0
10110227EVARISTOJ_2026-04-07_G12,10110227EVARISTOJ,2026-04-07,110372,1,16,0,88.0
10110227EVARISTOJ_2026-04-07_G13,10110227EVARISTOJ,2026-04-07,117808,1,3,0,235.0
10110227EVARISTOJ_2026-04-07_G14,10110227EVARISTOJ,2026-04-07,110371,1,4,0,82.0
10110227EVARISTOJ_2026-04-07_G15,10110227EVARISTOJ,2026-04-07,110895,1,2,0,192.0
10110227EVARISTOJ_2026-04-07_G16,10110227EVARISTOJ,2026-04-07,118306,1,2,0,105.0
10110227EVARISTOJ_2026-04-07_G17,10110227EVARISTOJ,2026-04-07,117856,1,2,0,351.0
10110227EVARISTOJ_2026-04-07_G18,10110227EVARISTOJ,2026-04-07,110752,1,2,0,87.0
10110227EVARISTOJ_2026-04-07_G19,10110227EVARISTOJ,2026-04-07,107629,1,2,0,333.0
10110227EVARISTOJ_2026-04-07_G20,10110227EVARISTOJ,2026-04-07,118094,1,4,0,86.0
10110227EVARISTOJ_2026-04-07_G21,10110227EVARISTOJ,2026-04-07,111530,1,1,0,78.0
10110227EVARISTOJ_2026-04-07_G22,10110227EVARISTOJ,2026-04-07,110895,1,9,0,266.0
10110227EVARISTOJ_2026-04-07_G23,10110227EVARISTOJ,2026-04-07,107254,1,1,0,182.0
10110227EVARISTOJ_2026-04-07_G24,10110227EVARISTOJ,2026-04-07,110582,1,5,0,183.0
10110227EVARISTOJ_2026-04-07_G25,10110227EVARISTOJ,2026-04-07,107236,1,2,0,917.0
10110227EVARISTOJ_2026-04-07_G26,10110227EVARISTOJ,2026-04-07,109640,1,1,0,83.0
10110227EVARISTOJ_2026-04-07_G27,10110227EVARISTOJ,2026-04-07,141916,1,5,0,315.0
10110227EVARISTOJ_2026-04-07_G28,10110227EVARISTOJ,2026-04-07,111793,1,2,0,617.0
10110227EVARISTOJ_2026-04-07_G29,10110227EVARISTOJ,2026-04-07,111793,1,6,0,97.0
10110227EVARISTOJ_2026-04-07_G30,10110227EVARISTOJ,2026-04-07,117856,1,1,0,598.0
10110227EVARISTOJ_2026-04-07_G31,10110227EVARISTOJ,2026-04-07,141456,1,4,0,140.0
10110227EVARISTOJ_2026-04-07_G32,10110227EVARISTOJ,2026-04-07,141457,1,1,0,45.0
10110227EVARISTOJ_2026-04-07_G33,10110227EVARISTOJ,2026-04-07,110745,1,8,0,412.0
10110227EVARISTOJ_2026-04-07_G34,10110227EVARISTOJ,2026-04-07,110745,1,4,0,45.0
10110230SOUSAH_2026-02-23_G02,10110230SOUSAH,2026-02-23,117836,1,12,0,255.0
10110230SOUSAH_2026-02-23_G03,10110230SOUSAH,2026-02-23,118306,1,8,0,147.0
10110230SOUSAH_2026-02-23_G04,10110230SOUSAH,2026-02-23,100963,1,2,0,166.0
10110230SOUSAH_2026-02-23_G05,10110230SOUSAH,2026-02-23,109640,1,4,0,167.0
10110230SOUSAH_2026-02-23_G06,10110230SOUSAH,2026-02-23,117820,1,2,0,221.0
10110230SOUSAH_2026-02-23_G07,10110230SOUSAH,2026-02-23,117785,1,4,0,510.0
10110230SOUSAH_2026-02-23_G08,10110230SOUSAH,2026-02-23,111466,1,4,0,145.0
10110230SOUSAH_2026-02-23_G09,10110230SOUSAH,2026-02-23,141456,1,4,0,112.0
10110230SOUSAH_2026-02-23_G10,10110230SOUSAH,2026-02-23,117809,1,42,0,1123.0
10110230SOUSAH_2026-02-23_G11,10110230SOUSAH,2026-02-23,110376,1,10,0,250.0
10110230SOUSAH_2026-02-23_G12,10110230SOUSAH,2026-02-23,111172,1,1,0,328.0
10110230SOUSAH_2026-02-23_G13,10110230SOUSAH,2026-02-23,107236,1,1,0,86.0
10110230SOUSAH_2026-02-23_G14,10110230SOUSAH,2026-02-23,117831,1,2,0,336.0
10110230SOUSAH_2026-02-23_G15,10110230SOUSAH,2026-02-23,117785,1,47,0,833.0
10110230SOUSAH_2026-02-23_G16,10110230SOUSAH,2026-02-23,141456,1,54,0,787.0
10110230SOUSAH_2026-02-23_G17,10110230SOUSAH,2026-02-23,111469,1,2,0,1462.0
10110230SOUSAH_2026-02-23_G18,10110230SOUSAH,2026-02-23,117853,1,4,0,133.0
10110230SOUSAH_2026-02-23_G20,10110230SOUSAH,2026-02-23,111469,1,4,0,241.0
10110230SOUSAH_2026-02-23_G21,10110230SOUSAH,2026-02-23,140922,1,2,0,368.0
10110230SOUSAH_2026-02-23_G22,10110230SOUSAH,2026-02-23,111469,1,2,0,288.0
10110230SOUSAH_2026-02-23_G23,10110230SOUSAH,2026-02-23,111469,1,3,0,72.0
10110230SOUSAH_2026-02-23_G24,10110230SOUSAH,2026-02-23,118140,1,2,0,276.0
10110230SOUSAH_2026-02-23_G25,10110230SOUSAH,2026-02-23,109640,1,2,0,388.0
10110230SOUSAH_2026-02-23_G26,10110230SOUSAH,2026-02-23,111469,1,9,0,179.0
10110230SOUSAH_2026-02-24_G02,10110230SOUSAH,2026-02-24,111462,1,6,0,478.0
10110230SOUSAH_2026-02-24_G03,10110230SOUSAH,2026-02-24,140922,1,3,0,255.0
10110230SOUSAH_2026-02-24_G04,10110230SOUSAH,2026-02-24,140922,1,5,0,481.0
10110230SOUSAH_2026-02-24_G05,10110230SOUSAH,2026-02-24,140922,1,2,0,106.0
10110230SOUSAH_2026-02-24_G06,10110230SOUSAH,2026-02-24,140922,1,12,0,459.0
10110230SOUSAH_2026-02-24_G07,10110230SOUSAH,2026-02-24,110895,1,2,0,777.0
10110230SOUSAH_2026-02-24_G08,10110230SOUSAH,2026-02-24,118140,1,8,0,472.0
10110230SOUSAH_2026-02-24_G09,10110230SOUSAH,2026-02-24,108759,1,2,0,862.0
10110230SOUSAH_2026-02-24_G10,10110230SOUSAH,2026-02-24,111569,1,6,0,225.0
10110230SOUSAH_2026-02-24_G11,10110230SOUSAH,2026-02-24,117835,1,6,0,199.0
10110230SOUSAH_2026-02-24_G12,10110230SOUSAH,2026-02-24,108770,1,2,0,68.0
10110230SOUSAH_2026-02-24_G13,10110230SOUSAH,2026-02-24,110755,2,7,23,326.0
10110230SOUSAH_2026-02-24_G14,10110230SOUSAH,2026-02-24,111438,1,2,0,437.0
10110230SOUSAH_2026-02-24_G15,10110230SOUSAH,2026-02-24,141916,1,1,0,149.0
10110230SOUSAH_2026-02-24_G16,10110230SOUSAH,2026-02-24,100334,1,4,0,229.0
10110230SOUSAH_2026-02-24_G17,10110230SOUSAH,2026-02-24,111467,1,5,0,897.0
10110230SOUSAH_2026-02-24_G18,10110230SOUSAH,2026-02-24,140923,1,10,0,229.0
10110230SOUSAH_2026-02-24_G19,10110230SOUSAH,2026-02-24,118094,1,2,0,118.0
10110230SOUSAH_2026-02-24_G20,10110230SOUSAH,2026-02-24,109647,1,2,0,63.0
10110230SOUSAH_2026-02-24_G21,10110230SOUSAH,2026-02-24,117862,1,4,0,107.0
10110230SOUSAH_2026-02-24_G22,10110230SOUSAH,2026-02-24,111650,1,1,0,63.0
10110230SOUSAH_2026-02-24_G23,10110230SOUSAH,2026-02-24,141047,1,4,0,112.0
10110230SOUSAH_2026-02-24_G24,10110230SOUSAH,2026-02-24,117856,1,2,0,115.0
10110230SOUSAH_2026-02-24_G25,10110230SOUSAH,2026-02-24,108361,1,1,0,73.0
10110230SOUSAH_2026-02-24_G26,10110230SOUSAH,2026-02-24,117786,1,10,0,286.0
10110230SOUSAH_2026-02-24_G27,10110230SOUSAH,2026-02-24,117837,1,8,0,339.0
10110230SOUSAH_2026-02-24_G28,10110230SOUSAH,2026-02-24,110339,1,2,0,213.0
10110230SOUSAH_2026-02-24_G29,10110230SOUSAH,2026-02-24,109640,1,2,0,906.0
10110230SOUSAH_2026-02-24_G30,10110230SOUSAH,2026-02-24,117855,1,6,0,202.0
10110230SOUSAH_2026-02-24_G31,10110230SOUSAH,2026-02-24,111462,1,9,0,231.0
10110230SOUSAH_2026-02-24_G32,10110230SOUSAH,2026-02-24,111469,1,4,0,129.0
10110230SOUSAH_2026-02-24_G33,10110230SOUSAH,2026-02-24,110711,1,1,0,248.0
10110230SOUSAH_2026-02-24_G34,10110230SOUSAH,2026-02-24,117853,1,4,0,282.0
10110230SOUSAH_2026-02-24_G35,10110230SOUSAH,2026-02-24,117855,1,12,0,249.0
10110230SOUSAH_2026-02-24_G37,10110230SOUSAH,2026-02-24,142045,1,100,0,1407.0
10110230SOUSAH_2026-02-24_G38,10110230SOUSAH,2026-02-24,141066,1,40,0,1048.0
10110230SOUSAH_2026-02-24_G39,10110230SOUSAH,2026-02-24,141166,1,60,0,700.0
10110230SOUSAH_2026-02-24_G40,10110230SOUSAH,2026-02-24,110371,1,40,0,340.0
10110230SOUSAH_2026-02-24_G41,10110230SOUSAH,2026-02-24,110373,1,200,0,1233.0
10110230SOUSAH_2026-02-24_G42,10110230SOUSAH,2026-02-24,110375,1,40,0,257.0
10110230SOUSAH_2026-02-24_G43,10110230SOUSAH,2026-02-24,110372,1,200,0,1195.0
10110230SOUSAH_2026-02-24_G44,10110230SOUSAH,2026-02-24,109649,1,74,0,1186.0
10110230SOUSAH_2026-02-24_G45,10110230SOUSAH,2026-02-24,109649,1,316,0,962.0
10110230SOUSAH_2026-02-24_G47,10110230SOUSAH,2026-02-24,108759,1,4,0,194.0
10110230SOUSAH_2026-02-25_G02,10110230SOUSAH,2026-02-25,117820,1,34,0,680.0
10110230SOUSAH_2026-02-25_G03,10110230SOUSAH,2026-02-25,118281,1,2,0,119.0
10110230SOUSAH_2026-02-25_G04,10110230SOUSAH,2026-02-25,118306,1,4,0,763.0
10110230SOUSAH_2026-02-25_G05,10110230SOUSAH,2026-02-25,141318,1,4,0,202.0
10110230SOUSAH_2026-02-25_G06,10110230SOUSAH,2026-02-25,142093,1,42,0,581.0
10110230SOUSAH_2026-02-25_G07,10110230SOUSAH,2026-02-25,111442,1,4,0,191.0
10110230SOUSAH_2026-02-25_G08,10110230SOUSAH,2026-02-25,111532,1,80,0,710.0
10110230SOUSAH_2026-02-25_G09,10110230SOUSAH,2026-02-25,110325,1,1,0,592.0
10110230SOUSAH_2026-02-25_G10,10110230SOUSAH,2026-02-25,107892,1,4,0,1432.0
10110230SOUSAH_2026-02-25_G11,10110230SOUSAH,2026-02-25,117853,1,1,0,234.0
10110230SOUSAH_2026-02-25_G12,10110230SOUSAH,2026-02-25,117855,1,8,0,181.0
10110230SOUSAH_2026-02-25_G13,10110230SOUSAH,2026-02-25,111462,1,6,0,189.0
10110230SOUSAH_2026-02-25_G14,10110230SOUSAH,2026-02-25,111469,1,4,0,166.0
10110230SOUSAH_2026-02-25_G15,10110230SOUSAH,2026-02-25,140922,1,1,0,508.0
10110230SOUSAH_2026-02-25_G16,10110230SOUSAH,2026-02-25,110895,1,3,0,668.0
10110230SOUSAH_2026-02-25_G17,10110230SOUSAH,2026-02-25,140923,1,20,0,339.0
10110230SOUSAH_2026-02-25_G18,10110230SOUSAH,2026-02-25,109647,1,4,0,131.0
10110230SOUSAH_2026-02-25_G19,10110230SOUSAH,2026-02-25,118298,1,1,0,149.0
10110230SOUSAH_2026-02-25_G20,10110230SOUSAH,2026-02-25,117786,1,6,0,532.0
10110230SOUSAH_2026-02-25_G21,10110230SOUSAH,2026-02-25,117837,1,4,0,150.0
10110230SOUSAH_2026-02-25_G22,10110230SOUSAH,2026-02-25,117855,1,12,0,269.0
10110230SOUSAH_2026-02-25_G23,10110230SOUSAH,2026-02-25,111602,1,30,0,830.0
10110230SOUSAH_2026-02-25_G24,10110230SOUSAH,2026-02-25,141456,1,20,0,306.0
10110230SOUSAH_2026-02-25_G26,10110230SOUSAH,2026-02-25,118290,1,1,0,218.0
10110230SOUSAH_2026-02-25_G27,10110230SOUSAH,2026-02-25,118290,1,3,0,57.0
10110230SOUSAH_2026-02-25_G28,10110230SOUSAH,2026-02-25,118290,1,4,0,302.0
10110230SOUSAH_2026-02-25_G29,10110230SOUSAH,2026-02-25,110755,1,4,0,51.0
10110230SOUSAH_2026-02-25_G30,10110230SOUSAH,2026-02-25,110742,1,4,0,196.0
10110230SOUSAH_2026-02-25_G31,10110230SOUSAH,2026-02-25,107892,1,6,0,403.0
10110230SOUSAH_2026-02-25_G32,10110230SOUSAH,2026-02-25,107892,1,4,0,226.0
10110230SOUSAH_2026-02-25_G33,10110230SOUSAH,2026-02-25,110371,1,20,0,607.0
10110230SOUSAH_2026-02-25_G34,10110230SOUSAH,2026-02-25,117820,1,50,0,361.0
10110230SOUSAH_2026-02-25_G35,10110230SOUSAH,2026-02-25,109643,1,6,0,494.0
10110230SOUSAH_2026-02-25_G36,10110230SOUSAH,2026-02-25,109643,1,7,0,99.0
10110230SOUSAH_2026-02-25_G37,10110230SOUSAH,2026-02-25,109643,1,4,0,85.0
10110230SOUSAH_2026-02-25_G38,10110230SOUSAH,2026-02-25,110373,1,40,0,1004.0
10110230SOUSAH_2026-02-25_G39,10110230SOUSAH,2026-02-25,110373,1,20,0,395.0
10110230SOUSAH_2026-02-25_G40,10110230SOUSAH,2026-02-25,110373,1,12,0,125.0
10110230SOUSAH_2026-02-25_G41,10110230SOUSAH,2026-02-25,110372,1,30,0,869.0
10110230SOUSAH_2026-02-25_G42,10110230SOUSAH,2026-02-25,117808,1,80,0,691.0
10110230SOUSAH_2026-02-26_G02,10110230SOUSAH,2026-02-26,110373,3,25,53,174.0
10110230SOUSAH_2026-02-26_G03,10110230SOUSAH,2026-02-26,110373,1,20,0,33.0
10110230SOUSAH_2026-02-26_G04,10110230SOUSAH,2026-02-26,117832,1,14,0,561.0
10110230SOUSAH_2026-02-26_G05,10110230SOUSAH,2026-02-26,111439,1,4,0,666.0
10110230SOUSAH_2026-02-26_G06,10110230SOUSAH,2026-02-26,111602,7,17,100,261.0
10110230SOUSAH_2026-02-26_G07,10110230SOUSAH,2026-02-26,111467,1,1,0,350.0
10110230SOUSAH_2026-02-26_G08,10110230SOUSAH,2026-02-26,111348,1,10,0,210.0
10110230SOUSAH_2026-02-26_G09,10110230SOUSAH,2026-02-26,111743,1,5,0,256.0
10110230SOUSAH_2026-02-26_G10,10110230SOUSAH,2026-02-26,110787,1,8,0,108.0
10110230SOUSAH_2026-02-26_G11,10110230SOUSAH,2026-02-26,141457,1,10,0,585.0
10110230SOUSAH_2026-02-26_G12,10110230SOUSAH,2026-02-26,141457,1,8,0,104.0
10110230SOUSAH_2026-02-26_G13,10110230SOUSAH,2026-02-26,140922,1,4,0,397.0
10110230SOUSAH_2026-02-26_G14,10110230SOUSAH,2026-02-26,110313,1,8,0,1247.0
10110230SOUSAH_2026-02-26_G15,10110230SOUSAH,2026-02-26,111530,1,20,0,393.0
10110230SOUSAH_2026-02-26_G16,10110230SOUSAH,2026-02-26,111602,1,36,0,248.0
10110230SOUSAH_2026-02-26_G17,10110230SOUSAH,2026-02-26,109640,1,31,0,707.0
10110230SOUSAH_2026-02-26_G18,10110230SOUSAH,2026-02-26,109640,1,1,0,32.0
10110230SOUSAH_2026-02-26_G19,10110230SOUSAH,2026-02-26,109640,1,60,0,443.0
10110230SOUSAH_2026-02-26_G20,10110230SOUSAH,2026-02-26,111467,1,24,0,549.0
10110230SOUSAH_2026-02-26_G21,10110230SOUSAH,2026-02-26,101217,1,12,0,192.0
10110230SOUSAH_2026-02-26_G23,10110230SOUSAH,2026-02-26,118290,1,12,0,515.0
10110230SOUSAH_2026-02-26_G24,10110230SOUSAH,2026-02-26,108770,1,5,0,82.0
10110230SOUSAH_2026-02-26_G25,10110230SOUSAH,2026-02-26,117808,1,126,0,391.0
10110230SOUSAH_2026-02-26_G26,10110230SOUSAH,2026-02-26,118299,1,209,0,2298.0
10110230SOUSAH_2026-02-26_G27,10110230SOUSAH,2026-02-26,118299,1,8,0,108.0
10110230SOUSAH_2026-02-26_G28,10110230SOUSAH,2026-02-26,110373,1,150,0,1045.0
10110230SOUSAH_2026-02-26_G29,10110230SOUSAH,2026-02-26,140922,1,20,0,802.0
10110230SOUSAH_2026-02-26_G30,10110230SOUSAH,2026-02-26,111469,1,30,0,390.0
10110230SOUSAH_2026-02-26_G31,10110230SOUSAH,2026-02-26,111462,1,4,0,78.0
10110230SOUSAH_2026-02-26_G32,10110230SOUSAH,2026-02-26,110313,1,5,0,803.0
10110230SOUSAH_2026-02-26_G34,10110230SOUSAH,2026-02-26,111462,1,16,0,612.0
10110230SOUSAH_2026-02-27_G02,10110230SOUSAH,2026-02-27,118299,1,60,0,1052.0
10110230SOUSAH_2026-02-27_G03,10110230SOUSAH,2026-02-27,111569,1,4,0,1676.0
10110230SOUSAH_2026-02-27_G04,10110230SOUSAH,2026-02-27,111438,1,1,0,43.0
10110230SOUSAH_2026-02-27_G05,10110230SOUSAH,2026-02-27,110313,1,3,0,88.0
10110230SOUSAH_2026-02-27_G06,10110230SOUSAH,2026-02-27,111530,1,35,0,410.0
10110230SOUSAH_2026-02-27_G07,10110230SOUSAH,2026-02-27,111530,1,15,0,146.0
10110230SOUSAH_2026-02-27_G08,10110230SOUSAH,2026-02-27,117862,1,2,0,140.0
10110230SOUSAH_2026-02-27_G09,10110230SOUSAH,2026-02-27,111602,1,18,0,542.0
10110230SOUSAH_2026-02-27_G10,10110230SOUSAH,2026-02-27,111532,1,4,0,376.0
10110230SOUSAH_2026-02-27_G11,10110230SOUSAH,2026-02-27,118299,1,30,0,714.0
10110230SOUSAH_2026-02-27_G12,10110230SOUSAH,2026-02-27,110373,1,4,0,106.0
10110230SOUSAH_2026-02-27_G13,10110230SOUSAH,2026-02-27,111569,1,4,0,449.0
10110230SOUSAH_2026-02-27_G14,10110230SOUSAH,2026-02-27,111441,1,2,0,377.0
10110230SOUSAH_2026-02-27_G15,10110230SOUSAH,2026-02-27,111441,1,4,0,110.0
10110230SOUSAH_2026-02-27_G16,10110230SOUSAH,2026-02-27,142045,1,2,0,120.0
10110230SOUSAH_2026-02-27_G17,10110230SOUSAH,2026-02-27,107892,1,2,0,107.0
10110230SOUSAH_2026-02-27_G18,10110230SOUSAH,2026-02-27,110313,1,4,0,155.0
10110230SOUSAH_2026-02-27_G19,10110230SOUSAH,2026-02-27,110313,1,16,0,158.0
10110230SOUSAH_2026-02-27_G20,10110230SOUSAH,2026-02-27,109640,1,3,0,40.0
10110230SOUSAH_2026-02-27_G21,10110230SOUSAH,2026-02-27,109640,3,7,35,34.0
10110230SOUSAH_2026-02-27_G22,10110230SOUSAH,2026-02-27,111530,1,33,0,763.0
10110230SOUSAH_2026-02-27_G23,10110230SOUSAH,2026-02-27,111530,2,50,21,37.0
10110230SOUSAH_2026-02-27_G24,10110230SOUSAH,2026-02-27,111467,1,6,0,586.0
10110230SOUSAH_2026-02-27_G25,10110230SOUSAH,2026-02-27,117855,1,20,0,235.0
10110230SOUSAH_2026-02-27_G26,10110230SOUSAH,2026-02-27,141166,1,3,0,54.0
10110230SOUSAH_2026-02-27_G28,10110230SOUSAH,2026-02-27,111743,1,22,0,385.0
10110230SOUSAH_2026-02-27_G29,10110230SOUSAH,2026-02-27,142080,1,6,0,119.0
10110230SOUSAH_2026-02-27_G30,10110230SOUSAH,2026-02-27,109641,1,12,0,155.0
10110230SOUSAH_2026-02-27_G31,10110230SOUSAH,2026-02-27,117831,1,61,0,504.0
10110230SOUSAH_2026-02-27_G32,10110230SOUSAH,2026-02-27,111442,2,2,13,220.0
10110230SOUSAH_2026-02-27_G33,10110230SOUSAH,2026-02-27,111418,1,70,0,211.0
10110230SOUSAH_2026-02-27_G34,10110230SOUSAH,2026-02-27,141456,1,87,0,874.0
10110230SOUSAH_2026-02-27_G35,10110230SOUSAH,2026-02-27,141456,1,58,0,548.0
10110230SOUSAH_2026-02-27_G36,10110230SOUSAH,2026-02-27,117838,1,3,0,783.0
10110230SOUSAH_2026-02-27_G37,10110230SOUSAH,2026-02-27,117787,1,6,0,154.0
10110230SOUSAH_2026-02-27_G38,10110230SOUSAH,2026-02-27,110740,1,19,0,407.0
10110230SOUSAH_2026-02-27_G40,10110230SOUSAH,2026-02-27,110374,1,20,0,642.0
10110230SOUSAH_2026-02-28_G02,10110230SOUSAH,2026-02-28,117820,1,80,0,1269.0
10110230SOUSAH_2026-02-28_G03,10110230SOUSAH,2026-02-28,117822,2,12,15,283.0
10110230SOUSAH_2026-02-28_G04,10110230SOUSAH,2026-02-28,118299,1,80,0,414.0
10110230SOUSAH_2026-02-28_G05,10110230SOUSAH,2026-02-28,117830,1,40,0,440.0
10110230SOUSAH_2026-02-28_G06,10110230SOUSAH,2026-02-28,111438,1,18,0,1150.0
10110230SOUSAH_2026-02-28_G07,10110230SOUSAH,2026-02-28,118306,1,4,0,115.0
10110230SOUSAH_2026-02-28_G08,10110230SOUSAH,2026-02-28,141318,1,20,0,312.0
10110230SOUSAH_2026-02-28_G09,10110230SOUSAH,2026-02-28,110313,1,40,0,476.0
10110230SOUSAH_2026-02-28_G10,10110230SOUSAH,2026-02-28,111530,1,20,0,175.0
10110230SOUSAH_2026-02-28_G11,10110230SOUSAH,2026-02-28,107629,1,2,0,207.0
10110230SOUSAH_2026-02-28_G12,10110230SOUSAH,2026-02-28,111602,1,60,0,565.0
10110230SOUSAH_2026-02-28_G13,10110230SOUSAH,2026-02-28,117856,1,34,0,428.0
10110230SOUSAH_2026-02-28_G14,10110230SOUSAH,2026-02-28,117786,1,12,0,869.0
10110230SOUSAH_2026-02-28_G15,10110230SOUSAH,2026-02-28,117855,1,30,0,341.0
10110230SOUSAH_2026-02-28_G16,10110230SOUSAH,2026-02-28,110339,1,12,0,635.0
10110230SOUSAH_2026-02-28_G17,10110230SOUSAH,2026-02-28,140922,1,8,0,1035.0
10110230SOUSAH_2026-02-28_G18,10110230SOUSAH,2026-02-28,111443,3,9,37,1416.0
10110230SOUSAH_2026-03-03_G02,10110230SOUSAH,2026-03-03,141155,1,8,0,310.0
10110230SOUSAH_2026-03-03_G03,10110230SOUSAH,2026-03-03,111723,1,8,0,1354.0
10110230SOUSAH_2026-03-03_G04,10110230SOUSAH,2026-03-03,111751,1,8,0,224.0
10110230SOUSAH_2026-03-03_G05,10110230SOUSAH,2026-03-03,118191,1,30,0,968.0
10110230SOUSAH_2026-03-03_G06,10110230SOUSAH,2026-03-03,141262,1,30,0,646.0
10110230SOUSAH_2026-03-03_G07,10110230SOUSAH,2026-03-03,141140,1,8,0,971.0
10110230SOUSAH_2026-03-03_G08,10110230SOUSAH,2026-03-03,141155,1,8,0,716.0
10110230SOUSAH_2026-03-03_G09,10110230SOUSAH,2026-03-03,111723,1,8,0,568.0
10110230SOUSAH_2026-03-03_G10,10110230SOUSAH,2026-03-03,111759,1,10,0,459.0
10110230SOUSAH_2026-03-03_G11,10110230SOUSAH,2026-03-03,111751,1,10,0,273.0
10110230SOUSAH_2026-03-03_G12,10110230SOUSAH,2026-03-03,118191,1,20,0,1037.0
10110230SOUSAH_2026-03-03_G13,10110230SOUSAH,2026-03-03,141262,1,20,0,306.0
10110230SOUSAH_2026-03-03_G14,10110230SOUSAH,2026-03-03,111723,1,8,0,1049.0
10110230SOUSAH_2026-03-03_G15,10110230SOUSAH,2026-03-03,141262,1,20,0,180.0
10110230SOUSAH_2026-03-03_G17,10110230SOUSAH,2026-03-03,141141,1,10,0,580.0
10110230SOUSAH_2026-03-04_G02,10110230SOUSAH,2026-03-04,111759,1,20,0,298.0
10110230SOUSAH_2026-03-04_G03,10110230SOUSAH,2026-03-04,111723,1,8,0,198.0
10110230SOUSAH_2026-03-04_G04,10110230SOUSAH,2026-03-04,111634,1,10,0,658.0
10110230SOUSAH_2026-03-04_G05,10110230SOUSAH,2026-03-04,111751,1,10,0,248.0
10110230SOUSAH_2026-03-04_G06,10110230SOUSAH,2026-03-04,141262,1,20,0,289.0
10110230SOUSAH_2026-03-04_G07,10110230SOUSAH,2026-03-04,141141,1,16,0,816.0
10110230SOUSAH_2026-03-04_G08,10110230SOUSAH,2026-03-04,141155,1,8,0,542.0
10110230SOUSAH_2026-03-04_G09,10110230SOUSAH,2026-03-04,111723,1,8,0,221.0
10110230SOUSAH_2026-03-04_G10,10110230SOUSAH,2026-03-04,111751,1,8,0,264.0
10110230SOUSAH_2026-03-04_G11,10110230SOUSAH,2026-03-04,118191,1,12,0,278.0
10110230SOUSAH_2026-03-04_G12,10110230SOUSAH,2026-03-04,141141,1,16,0,844.0
10110230SOUSAH_2026-03-04_G13,10110230SOUSAH,2026-03-04,141141,1,10,0,190.0
10110230SOUSAH_2026-03-04_G14,10110230SOUSAH,2026-03-04,111441,1,71,0,1563.0
10110230SOUSAH_2026-03-04_G15,10110230SOUSAH,2026-03-04,107892,1,42,0,539.0
10110230SOUSAH_2026-03-04_G16,10110230SOUSAH,2026-03-04,107892,1,31,0,354.0
10110230SOUSAH_2026-03-04_G17,10110230SOUSAH,2026-03-04,109640,1,43,0,1268.0
10110230SOUSAH_2026-03-04_G18,10110230SOUSAH,2026-03-04,111530,1,260,0,1259.0
10110230SOUSAH_2026-03-05_G02,10110230SOUSAH,2026-03-05,110733,1,40,0,72.0
10110230SOUSAH_2026-03-05_G03,10110230SOUSAH,2026-03-05,117854,1,40,0,1780.0
10110230SOUSAH_2026-03-05_G04,10110230SOUSAH,2026-03-05,110733,1,4,0,2606.0
10110230SOUSAH_2026-03-05_G05,10110230SOUSAH,2026-03-05,117786,2,10,17,190.0
10110230SOUSAH_2026-03-05_G06,10110230SOUSAH,2026-03-05,110371,1,16,0,368.0
10110230SOUSAH_2026-03-05_G07,10110230SOUSAH,2026-03-05,117830,1,6,0,191.0
10110230SOUSAH_2026-03-05_G08,10110230SOUSAH,2026-03-05,140922,1,4,0,585.0
10110230SOUSAH_2026-03-05_G09,10110230SOUSAH,2026-03-05,140922,1,10,0,36.0
10110230SOUSAH_2026-03-05_G10,10110230SOUSAH,2026-03-05,110743,1,2,0,202.0
10110230SOUSAH_2026-03-05_G11,10110230SOUSAH,2026-03-05,111418,1,6,0,171.0
10110230SOUSAH_2026-03-05_G12,10110230SOUSAH,2026-03-05,109645,1,10,0,337.0
10110230SOUSAH_2026-03-05_G13,10110230SOUSAH,2026-03-05,111469,1,9,0,203.0
10110230SOUSAH_2026-03-05_G15,10110230SOUSAH,2026-03-05,110313,1,8,0,312.0
10110230SOUSAH_2026-03-05_G16,10110230SOUSAH,2026-03-05,118094,1,8,0,284.0
10110230SOUSAH_2026-03-06_G02,10110230SOUSAH,2026-03-06,111876,1,6,0,357.0
10110230SOUSAH_2026-03-06_G03,10110230SOUSAH,2026-03-06,117856,1,18,0,321.0
10110230SOUSAH_2026-03-06_G04,10110230SOUSAH,2026-03-06,110733,1,20,0,726.0
10110230SOUSAH_2026-03-06_G05,10110230SOUSAH,2026-03-06,117786,1,20,0,351.0
10110230SOUSAH_2026-03-06_G06,10110230SOUSAH,2026-03-06,110339,1,50,0,552.0
10110230SOUSAH_2026-03-06_G07,10110230SOUSAH,2026-03-06,117862,1,80,0,2026.0
10110230SOUSAH_2026-03-06_G08,10110230SOUSAH,2026-03-06,140922,1,4,0,2113.0
10110230SOUSAH_2026-03-06_G09,10110230SOUSAH,2026-03-06,110733,1,2,0,193.0
10110230SOUSAH_2026-03-06_G10,10110230SOUSAH,2026-03-06,110787,1,6,0,427.0
10110230SOUSAH_2026-03-06_G11,10110230SOUSAH,2026-03-06,110747,1,2,0,835.0
10110230SOUSAH_2026-03-06_G12,10110230SOUSAH,2026-03-06,140911,1,6,0,371.0
10110230SOUSAH_2026-03-06_G13,10110230SOUSAH,2026-03-06,111532,1,4,0,493.0
10110230SOUSAH_2026-03-06_G14,10110230SOUSAH,2026-03-06,110747,1,2,0,150.0
10110230SOUSAH_2026-03-06_G15,10110230SOUSAH,2026-03-06,110733,1,4,0,206.0
10110230SOUSAH_2026-03-06_G16,10110230SOUSAH,2026-03-06,111532,1,2,0,291.0
10110230SOUSAH_2026-03-06_G17,10110230SOUSAH,2026-03-06,110733,1,4,0,214.0
10110230SOUSAH_2026-03-06_G18,10110230SOUSAH,2026-03-06,110733,1,4,0,169.0
10110230SOUSAH_2026-03-06_G19,10110230SOUSAH,2026-03-06,110747,1,2,0,216.0
10110230SOUSAH_2026-03-06_G21,10110230SOUSAH,2026-03-06,110310,1,2,0,76.0
10110230SOUSAH_2026-03-06_G22,10110230SOUSAH,2026-03-06,110755,1,4,0,149.0
10110230SOUSAH_2026-03-06_G23,10110230SOUSAH,2026-03-06,111438,1,4,0,131.0
10110230SOUSAH_2026-03-06_G24,10110230SOUSAH,2026-03-06,118306,1,2,0,112.0
10110230SOUSAH_2026-03-06_G25,10110230SOUSAH,2026-03-06,141916,1,1,0,122.0
10110230SOUSAH_2026-03-06_G26,10110230SOUSAH,2026-03-06,110747,1,4,0,443.0
10110230SOUSAH_2026-03-06_G27,10110230SOUSAH,2026-03-06,141997,1,1,0,335.0
10110230SOUSAH_2026-03-06_G28,10110230SOUSAH,2026-03-06,117855,1,4,0,499.0
10110230SOUSAH_2026-03-06_G29,10110230SOUSAH,2026-03-06,110752,1,4,0,308.0
10110230SOUSAH_2026-03-06_G30,10110230SOUSAH,2026-03-06,110313,1,2,0,124.0
10110230SOUSAH_2026-03-06_G31,10110230SOUSAH,2026-03-06,110313,1,1,0,38.0
10110230SOUSAH_2026-03-06_G32,10110230SOUSAH,2026-03-06,110313,1,4,0,63.0
10110230SOUSAH_2026-03-06_G33,10110230SOUSAH,2026-03-06,140923,1,3,0,61.0
10110230SOUSAH_2026-03-06_G34,10110230SOUSAH,2026-03-06,117820,1,8,0,486.0
10110230SOUSAH_2026-03-06_G35,10110230SOUSAH,2026-03-06,117820,1,15,0,134.0
10110230SOUSAH_2026-03-06_G36,10110230SOUSAH,2026-03-06,117820,2,13,12,62.0
10110230SOUSAH_2026-03-06_G37,10110230SOUSAH,2026-03-06,110371,1,4,0,160.0
10110230SOUSAH_2026-03-06_G38,10110230SOUSAH,2026-03-06,160051,1,1,0,229.0
10110230SOUSAH_2026-03-06_G39,10110230SOUSAH,2026-03-06,109643,1,4,0,142.0
10110230SOUSAH_2026-03-06_G40,10110230SOUSAH,2026-03-06,110373,1,4,0,99.0
10110230SOUSAH_2026-03-06_G41,10110230SOUSAH,2026-03-06,110373,2,28,23,55.0
10110230SOUSAH_2026-03-06_G42,10110230SOUSAH,2026-03-06,117808,1,4,0,313.0
10110230SOUSAH_2026-03-06_G43,10110230SOUSAH,2026-03-06,117808,1,30,0,625.0
10110230SOUSAH_2026-03-06_G44,10110230SOUSAH,2026-03-06,118299,1,8,0,93.0
10110230SOUSAH_2026-03-06_G45,10110230SOUSAH,2026-03-06,117830,2,13,24,155.0
10110230SOUSAH_2026-03-06_G46,10110230SOUSAH,2026-03-06,110373,1,20,0,230.0
10110230SOUSAH_2026-03-06_G47,10110230SOUSAH,2026-03-06,110582,1,1,0,1621.0
10110230SOUSAH_2026-03-06_G48,10110230SOUSAH,2026-03-06,111660,1,10,0,451.0
10110230SOUSAH_2026-03-06_G49,10110230SOUSAH,2026-03-06,111660,1,14,0,63.0
10110230SOUSAH_2026-03-06_G50,10110230SOUSAH,2026-03-06,111660,1,1,0,31.0
10110230SOUSAH_2026-03-06_G51,10110230SOUSAH,2026-03-06,108759,1,4,0,327.0
10110230SOUSAH_2026-03-06_G52,10110230SOUSAH,2026-03-06,117834,1,2,0,227.0
10110230SOUSAH_2026-03-06_G53,10110230SOUSAH,2026-03-06,111569,1,18,0,271.0
10110230SOUSAH_2026-03-06_G54,10110230SOUSAH,2026-03-06,111438,1,2,0,476.0
10110230SOUSAH_2026-03-06_G55,10110230SOUSAH,2026-03-06,111438,1,12,0,71.0
10110230SOUSAH_2026-03-07_G02,10110230SOUSAH,2026-03-07,142045,4,33,49,881.0
10110230SOUSAH_2026-03-07_G03,10110230SOUSAH,2026-03-07,141916,4,12,57,611.0
10110230SOUSAH_2026-03-07_G04,10110230SOUSAH,2026-03-07,141318,2,8,16,230.0
10110230SOUSAH_2026-03-07_G05,10110230SOUSAH,2026-03-07,141318,2,8,13,34.0
10110230SOUSAH_2026-03-07_G06,10110230SOUSAH,2026-03-07,140911,1,3,0,1241.0
10110230SOUSAH_2026-03-07_G07,10110230SOUSAH,2026-03-07,118269,2,8,12,367.0
10110230SOUSAH_2026-03-07_G08,10110230SOUSAH,2026-03-07,110755,2,23,13,251.0
10110230SOUSAH_2026-03-07_G09,10110230SOUSAH,2026-03-07,110755,1,8,0,646.0
10110230SOUSAH_2026-03-07_G10,10110230SOUSAH,2026-03-07,111660,1,2,0,2990.0
10110230SOUSAH_2026-03-07_G11,10110230SOUSAH,2026-03-07,118290,1,2,0,200.0
10110230SOUSAH_2026-03-07_G12,10110230SOUSAH,2026-03-07,142045,1,2,0,298.0
10110230SOUSAH_2026-03-07_G13,10110230SOUSAH,2026-03-07,110755,1,2,0,154.0
10110230SOUSAH_2026-03-07_G14,10110230SOUSAH,2026-03-07,117820,1,66,0,813.0
10110230SOUSAH_2026-03-07_G15,10110230SOUSAH,2026-03-07,110376,1,2,0,305.0
10110230SOUSAH_2026-03-07_G16,10110230SOUSAH,2026-03-07,110371,1,3,0,159.0
10110230SOUSAH_2026-03-07_G17,10110230SOUSAH,2026-03-07,109643,1,14,0,176.0
10110230SOUSAH_2026-03-07_G18,10110230SOUSAH,2026-03-07,110373,1,10,0,270.0
10110230SOUSAH_2026-03-08_G02,10110230SOUSAH,2026-03-08,117808,1,6,0,31.0
10110230SOUSAH_2026-03-08_G03,10110230SOUSAH,2026-03-08,110374,2,3,13,533.0
10110230SOUSAH_2026-03-08_G04,10110230SOUSAH,2026-03-08,117809,3,14,43,103.0
10110230SOUSAH_2026-03-08_G05,10110230SOUSAH,2026-03-08,117820,4,26,49,153.0
10110230SOUSAH_2026-03-08_G06,10110230SOUSAH,2026-03-08,110325,1,5,0,367.0
10110230SOUSAH_2026-03-08_G07,10110230SOUSAH,2026-03-08,141202,1,2,0,133.0
10110230SOUSAH_2026-03-08_G08,10110230SOUSAH,2026-03-08,"110371, 110373",3,12,46,367.0
10110230SOUSAH_2026-03-08_G09,10110230SOUSAH,2026-03-08,110373,4,20,50,319.0
10110230SOUSAH_2026-03-08_G10,10110230SOUSAH,2026-03-08,110375,2,6,13,196.0
10110230SOUSAH_2026-03-08_G11,10110230SOUSAH,2026-03-08,117832,3,12,31,92.0
10110230SOUSAH_2026-03-08_G12,10110230SOUSAH,2026-03-08,110372,7,96,106,182.0
10110230SOUSAH_2026-03-08_G13,10110230SOUSAH,2026-03-08,118299,1,11,0,656.0
10110230SOUSAH_2026-03-08_G14,10110230SOUSAH,2026-03-08,117830,1,2,0,380.0
10110230SOUSAH_2026-03-08_G15,10110230SOUSAH,2026-03-08,110895,1,2,0,965.0
10110230SOUSAH_2026-03-08_G16,10110230SOUSAH,2026-03-08,117834,1,4,0,117.0
10110230SOUSAH_2026-03-08_G17,10110230SOUSAH,2026-03-08,110841,1,3,0,149.0
10110230SOUSAH_2026-03-08_G18,10110230SOUSAH,2026-03-08,103149,1,1,0,190.0
10110230SOUSAH_2026-03-08_G19,10110230SOUSAH,2026-03-08,118417,1,1,0,195.0
10110230SOUSAH_2026-03-08_G20,10110230SOUSAH,2026-03-08,118251,1,2,0,98.0
10110230SOUSAH_2026-03-08_G21,10110230SOUSAH,2026-03-08,142045,1,2,0,1104.0
10110230SOUSAH_2026-03-08_G22,10110230SOUSAH,2026-03-08,141916,2,10,20,82.0
10110230SOUSAH_2026-03-08_G23,10110230SOUSAH,2026-03-08,141313,2,3,12,264.0
10110230SOUSAH_2026-03-08_G24,10110230SOUSAH,2026-03-08,140911,1,3,0,108.0
10110230SOUSAH_2026-03-08_G25,10110230SOUSAH,2026-03-08,111440,3,10,29,78.0
10110230SOUSAH_2026-03-08_G26,10110230SOUSAH,2026-03-08,142014,1,2,0,504.0
10110230SOUSAH_2026-03-08_G27,10110230SOUSAH,2026-03-08,111430,2,6,15,294.0
10110230SOUSAH_2026-03-08_G28,10110230SOUSAH,2026-03-08,110500,1,1,0,172.0
10110230SOUSAH_2026-03-08_G29,10110230SOUSAH,2026-03-08,110747,4,10,37,706.0
10110230SOUSAH_2026-03-09_G02,10110230SOUSAH,2026-03-09,117789,1,1,0,223.0
10110230SOUSAH_2026-03-09_G03,10110230SOUSAH,2026-03-09,142093,1,200,0,811.0
10110230SOUSAH_2026-03-09_G04,10110230SOUSAH,2026-03-09,110740,1,6,0,164.0
10110230SOUSAH_2026-03-09_G05,10110230SOUSAH,2026-03-09,111660,1,4,0,1315.0
10110230SOUSAH_2026-03-09_G06,10110230SOUSAH,2026-03-09,117835,1,1,0,221.0
10110230SOUSAH_2026-03-09_G07,10110230SOUSAH,2026-03-09,100334,1,7,0,110.0
10110230SOUSAH_2026-03-09_G08,10110230SOUSAH,2026-03-09,118253,1,4,0,231.0
10110230SOUSAH_2026-03-09_G09,10110230SOUSAH,2026-03-09,111569,1,3,0,31.0
10110230SOUSAH_2026-03-09_G10,10110230SOUSAH,2026-03-09,111438,1,6,0,231.0
10110230SOUSAH_2026-03-09_G11,10110230SOUSAH,2026-03-09,111441,1,5,0,641.0
10110230SOUSAH_2026-03-09_G12,10110230SOUSAH,2026-03-09,110755,1,7,0,821.0
10110230SOUSAH_2026-03-09_G13,10110230SOUSAH,2026-03-09,142045,1,20,0,284.0
10110230SOUSAH_2026-03-09_G14,10110230SOUSAH,2026-03-09,141318,1,2,0,501.0
10110230SOUSAH_2026-03-09_G15,10110230SOUSAH,2026-03-09,107892,1,2,0,158.0
10110230SOUSAH_2026-03-09_G16,10110230SOUSAH,2026-03-09,140911,1,2,0,128.0
10110230SOUSAH_2026-03-09_G19,10110230SOUSAH,2026-03-09,117834,1,2,0,194.0
10110230SOUSAH_2026-03-09_G20,10110230SOUSAH,2026-03-09,117809,1,1,0,79.0
10110230SOUSAH_2026-03-09_G21,10110230SOUSAH,2026-03-09,117820,1,2,0,87.0
10110230SOUSAH_2026-03-09_G22,10110230SOUSAH,2026-03-09,110373,1,20,0,440.0
10110230SOUSAH_2026-03-09_G23,10110230SOUSAH,2026-03-09,110375,1,2,0,94.0
10110230SOUSAH_2026-03-09_G24,10110230SOUSAH,2026-03-09,140923,1,1,0,266.0
10110230SOUSAH_2026-03-09_G25,10110230SOUSAH,2026-03-09,118094,1,6,0,336.0
10110230SOUSAH_2026-03-09_G26,10110230SOUSAH,2026-03-09,117862,1,4,0,168.0
10110230SOUSAH_2026-03-09_G27,10110230SOUSAH,2026-03-09,117856,1,4,0,141.0
10110230SOUSAH_2026-03-09_G28,10110230SOUSAH,2026-03-09,111467,1,2,0,133.0
10110230SOUSAH_2026-03-09_G29,10110230SOUSAH,2026-03-09,142093,1,13,0,397.0
10110230SOUSAH_2026-03-09_G30,10110230SOUSAH,2026-03-09,111462,1,2,0,68.0
10110230SOUSAH_2026-03-09_G31,10110230SOUSAH,2026-03-09,109641,1,6,0,391.0
10110230SOUSAH_2026-03-09_G32,10110230SOUSAH,2026-03-09,117831,1,4,0,68.0
10110230SOUSAH_2026-03-09_G33,10110230SOUSAH,2026-03-09,110740,1,4,0,173.0
10110230SOUSAH_2026-03-09_G34,10110230SOUSAH,2026-03-09,111469,1,7,0,121.0
10110230SOUSAH_2026-03-09_G35,10110230SOUSAH,2026-03-09,111469,1,2,0,45.0
10110230SOUSAH_2026-03-09_G36,10110230SOUSAH,2026-03-09,111602,1,2,0,359.0
10110230SOUSAH_2026-03-09_G37,10110230SOUSAH,2026-03-09,142080,1,8,0,381.0
10110230SOUSAH_2026-03-09_G38,10110230SOUSAH,2026-03-09,110747,1,3,0,1235.0
10110230SOUSAH_2026-03-09_G39,10110230SOUSAH,2026-03-09,110741,1,4,0,185.0
10110230SOUSAH_2026-03-09_G40,10110230SOUSAH,2026-03-09,117855,1,4,0,133.0
10110230SOUSAH_2026-03-09_G41,10110230SOUSAH,2026-03-09,110733,1,4,0,121.0
10110230SOUSAH_2026-03-09_G42,10110230SOUSAH,2026-03-09,110371,1,6,0,85.0
10110230SOUSAH_2026-03-09_G43,10110230SOUSAH,2026-03-09,110373,1,4,0,99.0
10110230SOUSAH_2026-03-09_G44,10110230SOUSAH,2026-03-09,118299,1,14,0,122.0
10110230SOUSAH_2026-03-09_G45,10110230SOUSAH,2026-03-09,117785,1,2,0,161.0
10110230SOUSAH_2026-03-09_G46,10110230SOUSAH,2026-03-09,110743,1,2,0,73.0
10110230SOUSAH_2026-03-09_G47,10110230SOUSAH,2026-03-09,142093,1,4,0,115.0
10110230SOUSAH_2026-03-09_G48,10110230SOUSAH,2026-03-09,142093,1,10,0,100.0
10110230SOUSAH_2026-03-09_G49,10110230SOUSAH,2026-03-09,141271,1,4,0,137.0
10110230SOUSAH_2026-03-09_G50,10110230SOUSAH,2026-03-09,111418,1,4,0,604.0
10110230SOUSAH_2026-03-09_G51,10110230SOUSAH,2026-03-09,118223,1,8,0,127.0
10110230SOUSAH_2026-03-09_G52,10110230SOUSAH,2026-03-09,110740,1,4,0,106.0
10110230SOUSAH_2026-03-09_G53,10110230SOUSAH,2026-03-09,110129,1,3,0,83.0
10110230SOUSAH_2026-03-09_G54,10110230SOUSAH,2026-03-09,141823,1,2,0,33.0
10110230SOUSAH_2026-03-09_G55,10110230SOUSAH,2026-03-09,105705,1,17,0,214.0
10110230SOUSAH_2026-03-09_G56,10110230SOUSAH,2026-03-09,111469,1,4,0,69.0
10110230SOUSAH_2026-03-10_G02,10110230SOUSAH,2026-03-10,110313,1,4,0,328.0
10110230SOUSAH_2026-03-10_G03,10110230SOUSAH,2026-03-10,140923,2,8,11,90.0
10110230SOUSAH_2026-03-10_G04,10110230SOUSAH,2026-03-10,117862,2,8,28,330.0
10110230SOUSAH_2026-03-10_G05,10110230SOUSAH,2026-03-10,"111650, 117855",2,14,18,294.0
10110230SOUSAH_2026-03-10_G06,10110230SOUSAH,2026-03-10,117855,1,8,0,37.0
10110230SOUSAH_2026-03-10_G07,10110230SOUSAH,2026-03-10,117855,1,4,0,64.0
10110230SOUSAH_2026-03-10_G08,10110230SOUSAH,2026-03-10,141047,1,4,0,390.0
10110230SOUSAH_2026-03-10_G09,10110230SOUSAH,2026-03-10,111430,1,34,0,1277.0
10110230SOUSAH_2026-03-10_G10,10110230SOUSAH,2026-03-10,111439,1,166,0,1073.0
10110230SOUSAH_2026-03-10_G11,10110230SOUSAH,2026-03-10,111569,1,70,0,952.0
10110230SOUSAH_2026-03-10_G12,10110230SOUSAH,2026-03-10,141916,1,20,0,411.0
10110230SOUSAH_2026-03-10_G13,10110230SOUSAH,2026-03-10,110339,1,50,0,529.0
10110230SOUSAH_2026-03-10_G14,10110230SOUSAH,2026-03-10,110376,1,100,0,414.0
10110230SOUSAH_2026-03-10_G15,10110230SOUSAH,2026-03-10,117786,1,3,0,2034.0
10110230SOUSAH_2026-03-10_G16,10110230SOUSAH,2026-03-10,118094,2,10,19,153.0
10110230SOUSAH_2026-03-10_G17,10110230SOUSAH,2026-03-10,109647,1,1,0,136.0
10110230SOUSAH_2026-03-10_G18,10110230SOUSAH,2026-03-10,117862,1,8,0,75.0
10110230SOUSAH_2026-03-10_G19,10110230SOUSAH,2026-03-10,117855,1,4,0,79.0
10110230SOUSAH_2026-03-10_G20,10110230SOUSAH,2026-03-10,111602,1,7,0,205.0
10110230SOUSAH_2026-03-10_G21,10110230SOUSAH,2026-03-10,111467,1,2,0,156.0
10110230SOUSAH_2026-03-10_G22,10110230SOUSAH,2026-03-10,111602,1,23,0,247.0
10110230SOUSAH_2026-03-10_G23,10110230SOUSAH,2026-03-10,140923,1,25,0,366.0
10110230SOUSAH_2026-03-10_G25,10110230SOUSAH,2026-03-10,110325,1,60,0,887.0
10110230SOUSAH_2026-03-10_G26,10110230SOUSAH,2026-03-10,141202,1,39,0,1597.0
10110230SOUSAH_2026-03-10_G27,10110230SOUSAH,2026-03-10,117840,1,9,0,196.0
10110230SOUSAH_2026-03-10_G28,10110230SOUSAH,2026-03-10,117830,1,12,0,180.0
10110230SOUSAH_2026-03-11_G02,10110230SOUSAH,2026-03-11,117835,1,10,0,236.0
10110230SOUSAH_2026-03-11_G03,10110230SOUSAH,2026-03-11,118283,1,10,0,387.0
10110230SOUSAH_2026-03-11_G04,10110230SOUSAH,2026-03-11,110841,1,7,0,139.0
10110230SOUSAH_2026-03-11_G05,10110230SOUSAH,2026-03-11,107888,1,6,0,148.0
10110230SOUSAH_2026-03-11_G06,10110230SOUSAH,2026-03-11,100334,1,20,0,532.0
10110230SOUSAH_2026-03-11_G07,10110230SOUSAH,2026-03-11,111569,1,29,0,589.0
10110230SOUSAH_2026-03-11_G08,10110230SOUSAH,2026-03-11,110755,1,13,0,654.0
10110230SOUSAH_2026-03-11_G09,10110230SOUSAH,2026-03-11,140922,1,4,0,886.0
10110230SOUSAH_2026-03-11_G10,10110230SOUSAH,2026-03-11,140922,1,6,0,39.0
10110230SOUSAH_2026-03-11_G11,10110230SOUSAH,2026-03-11,140922,3,33,34,33.0
10110230SOUSAH_2026-03-11_G12,10110230SOUSAH,2026-03-11,117842,1,1,0,770.0
10110230SOUSAH_2026-03-11_G13,10110230SOUSAH,2026-03-11,111348,2,10,12,54.0
10110230SOUSAH_2026-03-11_G14,10110230SOUSAH,2026-03-11,108794,1,5,0,118.0
10110230SOUSAH_2026-03-11_G15,10110230SOUSAH,2026-03-11,111532,1,14,0,130.0
10110230SOUSAH_2026-03-11_G16,10110230SOUSAH,2026-03-11,117785,2,8,18,176.0
10110230SOUSAH_2026-03-11_G17,10110230SOUSAH,2026-03-11,117821,2,7,15,406.0
10110230SOUSAH_2026-03-11_G18,10110230SOUSAH,2026-03-11,142093,1,21,0,137.0
10110230SOUSAH_2026-03-11_G19,10110230SOUSAH,2026-03-11,109641,1,6,0,207.0
10110230SOUSAH_2026-03-11_G20,10110230SOUSAH,2026-03-11,117831,1,10,0,206.0
10110230SOUSAH_2026-03-11_G21,10110230SOUSAH,2026-03-11,141456,2,14,11,168.0
10110230SOUSAH_2026-03-11_G22,10110230SOUSAH,2026-03-11,108798,1,4,0,840.0
10110230SOUSAH_2026-03-11_G23,10110230SOUSAH,2026-03-11,111418,4,68,62,92.0
10110230SOUSAH_2026-03-11_G24,10110230SOUSAH,2026-03-11,117838,1,2,0,494.0
10110230SOUSAH_2026-03-11_G25,10110230SOUSAH,2026-03-11,111465,1,4,0,299.0
10110230SOUSAH_2026-03-11_G26,10110230SOUSAH,2026-03-11,109645,4,39,56,127.0
10110230SOUSAH_2026-03-11_G27,10110230SOUSAH,2026-03-11,141457,2,14,17,528.0
10110230SOUSAH_2026-03-11_G28,10110230SOUSAH,2026-03-11,110740,2,34,17,320.0
10110230SOUSAH_2026-03-11_G29,10110230SOUSAH,2026-03-11,141823,1,12,0,867.0
10110230SOUSAH_2026-03-11_G30,10110230SOUSAH,2026-03-11,105705,1,4,0,393.0
10110230SOUSAH_2026-03-11_G31,10110230SOUSAH,2026-03-11,111469,1,4,0,107.0
10110230SOUSAH_2026-03-11_G32,10110230SOUSAH,2026-03-11,141458,1,4,0,230.0
10110230SOUSAH_2026-03-11_G34,10110230SOUSAH,2026-03-11,141318,1,4,0,149.0
10110230SOUSAH_2026-03-11_G35,10110230SOUSAH,2026-03-11,110742,1,4,0,111.0
10110230SOUSAH_2026-03-11_G36,10110230SOUSAH,2026-03-11,111430,1,2,0,143.0
10110230SOUSAH_2026-03-11_G37,10110230SOUSAH,2026-03-11,109643,1,35,0,768.0
10110230SOUSAH_2026-03-11_G38,10110230SOUSAH,2026-03-11,110325,1,40,0,861.0
10110230SOUSAH_2026-03-11_G39,10110230SOUSAH,2026-03-11,141202,1,2,0,579.0
10110230SOUSAH_2026-03-11_G40,10110230SOUSAH,2026-03-11,117840,1,2,0,86.0
10110230SOUSAH_2026-03-11_G41,10110230SOUSAH,2026-03-11,117830,1,72,0,569.0
10110230SOUSAH_2026-03-11_G42,10110230SOUSAH,2026-03-11,117797,1,4,0,361.0
10110230SOUSAH_2026-03-11_G43,10110230SOUSAH,2026-03-11,140923,1,17,0,307.0
10110230SOUSAH_2026-03-11_G44,10110230SOUSAH,2026-03-11,118094,1,43,0,330.0
10110230SOUSAH_2026-03-11_G45,10110230SOUSAH,2026-03-11,109647,1,4,0,788.0
10110230SOUSAH_2026-03-11_G46,10110230SOUSAH,2026-03-11,110733,1,4,0,78.0
10110230SOUSAH_2026-03-11_G47,10110230SOUSAH,2026-03-11,117862,1,103,0,703.0
10110230SOUSAH_2026-03-11_G48,10110230SOUSAH,2026-03-11,111879,1,1,0,147.0
10110230SOUSAH_2026-03-11_G49,10110230SOUSAH,2026-03-11,141066,1,2,0,88.0
10110230SOUSAH_2026-03-11_G50,10110230SOUSAH,2026-03-11,141047,1,12,0,422.0
10110230SOUSAH_2026-03-12_G02,10110230SOUSAH,2026-03-12,109643,1,4,0,225.0
10110230SOUSAH_2026-03-12_G03,10110230SOUSAH,2026-03-12,160051,1,1,0,99.0
10110230SOUSAH_2026-03-12_G04,10110230SOUSAH,2026-03-12,111330,1,2,0,749.0
10110230SOUSAH_2026-03-12_G05,10110230SOUSAH,2026-03-12,111444,1,3,0,828.0
10110230SOUSAH_2026-03-12_G06,10110230SOUSAH,2026-03-12,111462,1,2,0,227.0
10110230SOUSAH_2026-03-12_G07,10110230SOUSAH,2026-03-12,117833,2,6,12,210.0
10110230SOUSAH_2026-03-12_G08,10110230SOUSAH,2026-03-12,"111743, 110332",2,5,29,395.0
10110230SOUSAH_2026-03-12_G09,10110230SOUSAH,2026-03-12,108798,2,10,13,174.0
10110230SOUSAH_2026-03-12_G10,10110230SOUSAH,2026-03-12,111418,1,8,0,185.0
10110230SOUSAH_2026-03-12_G11,10110230SOUSAH,2026-03-12,111465,1,3,0,91.0
10110230SOUSAH_2026-03-12_G12,10110230SOUSAH,2026-03-12,111463,1,4,0,121.0
10110230SOUSAH_2026-03-12_G13,10110230SOUSAH,2026-03-12,109645,2,10,14,60.0
10110230SOUSAH_2026-03-12_G14,10110230SOUSAH,2026-03-12,141457,1,25,0,541.0
10110230SOUSAH_2026-03-12_G15,10110230SOUSAH,2026-03-12,141457,1,25,0,374.0
10110230SOUSAH_2026-03-12_G16,10110230SOUSAH,2026-03-12,105705,1,12,0,308.0
10110230SOUSAH_2026-03-12_G17,10110230SOUSAH,2026-03-12,141458,1,5,0,307.0
10110230SOUSAH_2026-03-12_G18,10110230SOUSAH,2026-03-12,117830,2,10,10,135.0
10110230SOUSAH_2026-03-12_G19,10110230SOUSAH,2026-03-12,110372,2,10,29,1385.0
10110230SOUSAH_2026-03-12_G20,10110230SOUSAH,2026-03-12,118283,3,8,33,670.0
10110230SOUSAH_2026-03-12_G21,10110230SOUSAH,2026-03-12,110841,1,1,0,294.0
10110230SOUSAH_2026-03-12_G22,10110230SOUSAH,2026-03-12,111569,2,4,11,64.0
10110230SOUSAH_2026-03-12_G23,10110230SOUSAH,2026-03-12,111438,1,1,0,69.0
10110230SOUSAH_2026-03-12_G24,10110230SOUSAH,2026-03-12,118306,3,6,25,96.0
10110230SOUSAH_2026-03-12_G25,10110230SOUSAH,2026-03-12,118417,2,2,9,183.0
10110230SOUSAH_2026-03-12_G26,10110230SOUSAH,2026-03-12,142045,2,10,7,103.0
10110230SOUSAH_2026-03-12_G27,10110230SOUSAH,2026-03-12,118290,1,1,0,623.0
10110230SOUSAH_2026-03-12_G29,10110230SOUSAH,2026-03-12,140911,1,4,0,95.0
10110230SOUSAH_2026-03-12_G30,10110230SOUSAH,2026-03-12,111430,1,8,0,277.0
10110230SOUSAH_2026-03-12_G31,10110230SOUSAH,2026-03-12,110747,1,4,0,87.0
10110230SOUSAH_2026-03-12_G32,10110230SOUSAH,2026-03-12,117808,1,322,0,1249.0
10110230SOUSAH_2026-03-12_G33,10110230SOUSAH,2026-03-12,117820,1,20,0,290.0
10110230SOUSAH_2026-03-12_G34,10110230SOUSAH,2026-03-12,109643,1,12,0,554.0
10110230SOUSAH_2026-03-12_G35,10110230SOUSAH,2026-03-12,141202,1,3,0,120.0
10110230SOUSAH_2026-03-12_G36,10110230SOUSAH,2026-03-12,110325,1,2,0,32.0
10110230SOUSAH_2026-03-12_G37,10110230SOUSAH,2026-03-12,110372,1,172,0,1094.0
10110230SOUSAH_2026-03-12_G38,10110230SOUSAH,2026-03-12,110373,1,106,0,231.0
10110230SOUSAH_2026-03-12_G39,10110230SOUSAH,2026-03-12,117830,1,18,0,366.0
10110230SOUSAH_2026-03-12_G40,10110230SOUSAH,2026-03-12,117862,1,36,0,1295.0
10110230SOUSAH_2026-03-12_G41,10110230SOUSAH,2026-03-12,108711,1,1,0,1578.0
10110230SOUSAH_2026-03-12_G42,10110230SOUSAH,2026-03-12,109497,1,4,0,110.0
10110230SOUSAH_2026-03-12_G43,10110230SOUSAH,2026-03-12,108794,1,3,0,344.0
10110230SOUSAH_2026-03-12_G44,10110230SOUSAH,2026-03-12,111462,1,3,0,122.0
10110230SOUSAH_2026-03-12_G45,10110230SOUSAH,2026-03-12,142093,1,4,0,100.0
10110230SOUSAH_2026-03-12_G46,10110230SOUSAH,2026-03-12,109641,1,4,0,150.0
10110230SOUSAH_2026-03-12_G47,10110230SOUSAH,2026-03-12,111469,1,12,0,70.0
10110230SOUSAH_2026-03-12_G48,10110230SOUSAH,2026-03-12,141458,1,2,0,96.0
10110230SOUSAH_2026-03-13_G02,10110230SOUSAH,2026-03-13,108772,1,2,0,145.0
10110230SOUSAH_2026-03-13_G03,10110230SOUSAH,2026-03-13,141035,1,1,0,128.0
10110230SOUSAH_2026-03-13_G04,10110230SOUSAH,2026-03-13,117855,1,6,0,192.0
10110230SOUSAH_2026-03-13_G05,10110230SOUSAH,2026-03-13,117855,1,24,0,142.0
10110230SOUSAH_2026-03-13_G06,10110230SOUSAH,2026-03-13,111602,1,2,0,226.0
10110230SOUSAH_2026-03-13_G07,10110230SOUSAH,2026-03-13,141166,5,21,58,224.0
10110230SOUSAH_2026-03-13_G08,10110230SOUSAH,2026-03-13,111467,1,5,0,212.0
10110230SOUSAH_2026-03-13_G09,10110230SOUSAH,2026-03-13,117786,1,2,0,580.0
10110230SOUSAH_2026-03-13_G10,10110230SOUSAH,2026-03-13,117786,1,2,0,262.0
10110230SOUSAH_2026-03-13_G11,10110230SOUSAH,2026-03-13,117786,1,4,0,197.0
10110230SOUSAH_2026-03-13_G12,10110230SOUSAH,2026-03-13,117786,1,3,0,35.0
10110230SOUSAH_2026-03-13_G13,10110230SOUSAH,2026-03-13,111444,1,2,0,788.0
10110230SOUSAH_2026-03-13_G14,10110230SOUSAH,2026-03-13,117785,1,2,0,186.0
10110230SOUSAH_2026-03-13_G15,10110230SOUSAH,2026-03-13,117821,1,1,0,91.0
10110230SOUSAH_2026-03-13_G16,10110230SOUSAH,2026-03-13,142093,2,8,14,741.0
10110230SOUSAH_2026-03-13_G17,10110230SOUSAH,2026-03-13,141457,1,24,0,160.0
10110230SOUSAH_2026-03-13_G18,10110230SOUSAH,2026-03-13,111469,2,8,10,218.0
10110230SOUSAH_2026-03-13_G19,10110230SOUSAH,2026-03-13,117808,2,20,11,2773.0
10110230SOUSAH_2026-03-13_G20,10110230SOUSAH,2026-03-13,117808,2,15,29,37.0
10110230SOUSAH_2026-03-13_G21,10110230SOUSAH,2026-03-13,117809,1,10,0,334.0
10110230SOUSAH_2026-03-13_G22,10110230SOUSAH,2026-03-13,141202,3,30,23,392.0
10110230SOUSAH_2026-03-13_G23,10110230SOUSAH,2026-03-13,110325,5,26,86,175.0
10110230SOUSAH_2026-03-13_G24,10110230SOUSAH,2026-03-13,110372,1,40,0,502.0
10110230SOUSAH_2026-03-13_G25,10110230SOUSAH,2026-03-13,110372,3,38,39,38.0
10110230SOUSAH_2026-03-13_G26,10110230SOUSAH,2026-03-13,110373,1,20,0,695.0
10110230SOUSAH_2026-03-13_G27,10110230SOUSAH,2026-03-13,118299,1,40,0,432.0
10110230SOUSAH_2026-03-13_G28,10110230SOUSAH,2026-03-13,118299,1,60,0,45.0
10110230SOUSAH_2026-03-13_G29,10110230SOUSAH,2026-03-13,118299,3,86,43,33.0
10110230SOUSAH_2026-03-13_G31,10110230SOUSAH,2026-03-13,111602,1,6,0,289.0
10110230SOUSAH_2026-03-13_G32,10110230SOUSAH,2026-03-13,116241,1,8,0,893.0
10110230SOUSAH_2026-03-13_G33,10110230SOUSAH,2026-03-13,109641,1,20,0,699.0
10110230SOUSAH_2026-03-13_G34,10110230SOUSAH,2026-03-13,111463,1,1,0,139.0
10110230SOUSAH_2026-03-13_G35,10110230SOUSAH,2026-03-13,111469,1,6,0,516.0
10110230SOUSAH_2026-03-13_G36,10110230SOUSAH,2026-03-13,141458,1,4,0,93.0
10110230SOUSAH_2026-03-13_G37,10110230SOUSAH,2026-03-13,111441,1,6,0,707.0
10110230SOUSAH_2026-03-13_G38,10110230SOUSAH,2026-03-13,109640,1,14,0,319.0
10110230SOUSAH_2026-03-13_G39,10110230SOUSAH,2026-03-13,111530,1,4,0,83.0
10110230SOUSAH_2026-03-13_G40,10110230SOUSAH,2026-03-13,109640,1,10,0,58.0
10110230SOUSAH_2026-03-13_G41,10110230SOUSAH,2026-03-13,111467,1,2,0,53.0
10110230SOUSAH_2026-03-13_G42,10110230SOUSAH,2026-03-13,118317,1,15,0,92.0
10110230SOUSAH_2026-03-13_G43,10110230SOUSAH,2026-03-13,118317,1,7,0,67.0
10110230SOUSAH_2026-03-13_G44,10110230SOUSAH,2026-03-13,111530,1,4,0,395.0
10110230SOUSAH_2026-03-13_G45,10110230SOUSAH,2026-03-13,111466,1,15,0,206.0
10110230SOUSAH_2026-03-13_G46,10110230SOUSAH,2026-03-13,118317,1,11,0,214.0
10110230SOUSAH_2026-03-13_G47,10110230SOUSAH,2026-03-13,118317,1,15,0,265.0
10110230SOUSAH_2026-03-13_G48,10110230SOUSAH,2026-03-13,118317,1,4,0,488.0
10110230SOUSAH_2026-03-13_G49,10110230SOUSAH,2026-03-13,118317,1,10,0,465.0
10110230SOUSAH_2026-03-14_G02,10110230SOUSAH,2026-03-14,100334,1,4,0,209.0
10110230SOUSAH_2026-03-14_G03,10110230SOUSAH,2026-03-14,110755,1,12,0,129.0
10110230SOUSAH_2026-03-14_G04,10110230SOUSAH,2026-03-14,142045,1,45,0,665.0
10110230SOUSAH_2026-03-14_G05,10110230SOUSAH,2026-03-14,"109640, 118317",2,43,20,442.0
10110230SOUSAH_2026-03-14_G06,10110230SOUSAH,2026-03-14,111440,1,8,0,120.0
10110230SOUSAH_2026-03-14_G07,10110230SOUSAH,2026-03-14,140923,1,11,0,436.0
10110230SOUSAH_2026-03-14_G08,10110230SOUSAH,2026-03-14,111530,1,3,0,213.0
10110230SOUSAH_2026-03-14_G09,10110230SOUSAH,2026-03-14,110733,1,12,0,82.0
10110230SOUSAH_2026-03-14_G10,10110230SOUSAH,2026-03-14,109640,1,8,0,178.0
10110230SOUSAH_2026-03-14_G11,10110230SOUSAH,2026-03-14,140922,1,12,0,909.0
10110230SOUSAH_2026-03-14_G12,10110230SOUSAH,2026-03-14,142093,1,16,0,134.0
10110230SOUSAH_2026-03-14_G13,10110230SOUSAH,2026-03-14,111466,1,13,0,160.0
10110230SOUSAH_2026-03-14_G14,10110230SOUSAH,2026-03-14,111463,2,10,13,198.0
10110230SOUSAH_2026-03-14_G15,10110230SOUSAH,2026-03-14,117820,1,7,0,498.0
10110230SOUSAH_2026-03-14_G16,10110230SOUSAH,2026-03-14,110325,1,3,0,152.0
10110230SOUSAH_2026-03-14_G17,10110230SOUSAH,2026-03-14,110372,2,5,29,86.0
10110230SOUSAH_2026-03-14_G18,10110230SOUSAH,2026-03-14,110373,1,4,0,698.0
10110230SOUSAH_2026-03-14_G19,10110230SOUSAH,2026-03-14,118299,1,14,0,70.0
10110230SOUSAH_2026-03-14_G20,10110230SOUSAH,2026-03-14,111443,1,3,0,1121.0
10110230SOUSAH_2026-03-14_G21,10110230SOUSAH,2026-03-14,141823,2,6,15,93.0
10110230SOUSAH_2026-03-14_G22,10110230SOUSAH,2026-03-14,141458,1,2,0,115.0
10110230SOUSAH_2026-03-14_G23,10110230SOUSAH,2026-03-14,110373,1,10,0,179.0
10110230SOUSAH_2026-03-14_G24,10110230SOUSAH,2026-03-14,117820,1,13,0,108.0
10110230SOUSAH_2026-03-14_G25,10110230SOUSAH,2026-03-14,160051,1,4,0,159.0
10110230SOUSAH_2026-03-14_G26,10110230SOUSAH,2026-03-14,117832,1,6,0,108.0
10110230SOUSAH_2026-03-14_G27,10110230SOUSAH,2026-03-14,117830,1,2,0,67.0
10110230SOUSAH_2026-03-14_G28,10110230SOUSAH,2026-03-14,110372,1,30,0,1314.0
10110230SOUSAH_2026-03-14_G29,10110230SOUSAH,2026-03-14,110373,1,16,0,260.0
10110230SOUSAH_2026-03-14_G30,10110230SOUSAH,2026-03-14,111462,1,16,0,789.0
10110230SOUSAH_2026-03-15_G02,10110230SOUSAH,2026-03-15,117820,1,4,0,181.0
10110230SOUSAH_2026-03-15_G03,10110230SOUSAH,2026-03-15,110372,1,10,0,172.0
10110230SOUSAH_2026-03-15_G04,10110230SOUSAH,2026-03-15,111462,1,5,0,172.0
10110230SOUSAH_2026-03-15_G05,10110230SOUSAH,2026-03-15,142093,1,7,0,182.0
10110230SOUSAH_2026-03-15_G06,10110230SOUSAH,2026-03-15,117831,1,2,0,120.0
10110230SOUSAH_2026-03-15_G07,10110230SOUSAH,2026-03-15,111466,1,2,0,126.0
10110230SOUSAH_2026-03-15_G08,10110230SOUSAH,2026-03-15,110740,1,3,0,159.0
10110230SOUSAH_2026-03-15_G09,10110230SOUSAH,2026-03-15,111469,1,3,0,289.0
10110230SOUSAH_2026-03-15_G10,10110230SOUSAH,2026-03-15,111530,1,17,0,284.0
10110230SOUSAH_2026-03-15_G11,10110230SOUSAH,2026-03-15,111602,1,7,0,223.0
10110230SOUSAH_2026-03-15_G12,10110230SOUSAH,2026-03-15,111466,1,8,0,1009.0
10110230SOUSAH_2026-03-15_G13,10110230SOUSAH,2026-03-15,111435,1,32,0,2419.0
10110230SOUSAH_2026-03-15_G14,10110230SOUSAH,2026-03-15,118317,1,32,0,396.0
10110230SOUSAH_2026-03-15_G15,10110230SOUSAH,2026-03-15,140922,1,12,0,1022.0
10110230SOUSAH_2026-03-15_G16,10110230SOUSAH,2026-03-15,107629,1,2,0,719.0
10110230SOUSAH_2026-03-15_G17,10110230SOUSAH,2026-03-15,111602,1,6,0,287.0
10110230SOUSAH_2026-03-15_G18,10110230SOUSAH,2026-03-15,111438,1,3,0,160.0
10110230SOUSAH_2026-03-15_G19,10110230SOUSAH,2026-03-15,111348,1,2,0,257.0
10110230SOUSAH_2026-03-15_G20,10110230SOUSAH,2026-03-15,142080,1,6,0,101.0
10110230SOUSAH_2026-03-15_G21,10110230SOUSAH,2026-03-15,118317,1,12,0,598.0
10110230SOUSAH_2026-03-16_G02,10110230SOUSAH,2026-03-16,111530,1,20,0,1003.0
10110230SOUSAH_2026-03-16_G03,10110230SOUSAH,2026-03-16,111737,1,30,0,1544.0
10110230SOUSAH_2026-03-16_G04,10110230SOUSAH,2026-03-16,111759,1,40,0,1826.0
10110230SOUSAH_2026-03-17_G03,10110230SOUSAH,2026-03-17,117830,1,200,0,917.0
10110230SOUSAH_2026-03-17_G04,10110230SOUSAH,2026-03-17,117856,1,120,0,891.0
10110230SOUSAH_2026-03-17_G05,10110230SOUSAH,2026-03-17,110339,1,120,0,374.0
10110230SOUSAH_2026-03-17_G06,10110230SOUSAH,2026-03-17,140922,1,160,0,693.0
10110230SOUSAH_2026-03-17_G07,10110230SOUSAH,2026-03-17,111462,1,200,0,700.0
10110230SOUSAH_2026-03-17_G08,10110230SOUSAH,2026-03-17,110740,1,94,0,603.0
10110230SOUSAH_2026-03-17_G10,10110230SOUSAH,2026-03-17,111447,1,46,0,865.0
10110230SOUSAH_2026-03-17_G11,10110230SOUSAH,2026-03-17,111440,1,10,0,445.0
10110230SOUSAH_2026-03-17_G12,10110230SOUSAH,2026-03-17,110754,1,35,0,901.0
10110230SOUSAH_2026-03-17_G13,10110230SOUSAH,2026-03-17,111465,1,19,0,912.0
10110230SOUSAH_2026-03-17_G14,10110230SOUSAH,2026-03-17,141456,1,31,0,657.0
10110230SOUSAH_2026-03-17_G15,10110230SOUSAH,2026-03-17,111330,1,41,0,1052.0
10110230SOUSAH_2026-03-17_G16,10110230SOUSAH,2026-03-17,118317,1,24,0,2472.0
10110230SOUSAH_2026-03-17_G17,10110230SOUSAH,2026-03-17,117785,1,16,0,183.0
10110230SOUSAH_2026-03-17_G18,10110230SOUSAH,2026-03-17,111418,1,24,0,427.0
10110230SOUSAH_2026-03-18_G02,10110230SOUSAH,2026-03-18,111569,1,4,0,184.0
10110230SOUSAH_2026-03-18_G03,10110230SOUSAH,2026-03-18,110339,1,4,0,135.0
10110230SOUSAH_2026-03-18_G04,10110230SOUSAH,2026-03-18,118281,1,6,0,700.0
10110230SOUSAH_2026-03-18_G05,10110230SOUSAH,2026-03-18,111435,1,11,0,1071.0
10110230SOUSAH_2026-03-18_G06,10110230SOUSAH,2026-03-18,110310,1,3,0,2267.0
10110230SOUSAH_2026-03-18_G07,10110230SOUSAH,2026-03-18,111438,1,40,0,355.0
10110230SOUSAH_2026-03-18_G08,10110230SOUSAH,2026-03-18,111569,1,28,0,635.0
10110230SOUSAH_2026-03-18_G09,10110230SOUSAH,2026-03-18,111356,1,2,0,332.0
10110230SOUSAH_2026-03-18_G10,10110230SOUSAH,2026-03-18,118052,1,4,0,81.0
10110230SOUSAH_2026-03-18_G11,10110230SOUSAH,2026-03-18,109873,1,2,0,53.0
10110230SOUSAH_2026-03-18_G12,10110230SOUSAH,2026-03-18,110354,1,4,0,101.0
10110230SOUSAH_2026-03-18_G13,10110230SOUSAH,2026-03-18,105359,1,1,0,55.0
10110230SOUSAH_2026-03-18_G14,10110230SOUSAH,2026-03-18,110423,1,4,0,220.0
10110230SOUSAH_2026-03-18_G15,10110230SOUSAH,2026-03-18,110582,1,5,0,290.0
10110230SOUSAH_2026-03-18_G16,10110230SOUSAH,2026-03-18,141286,1,2,0,601.0
10110230SOUSAH_2026-03-18_G17,10110230SOUSAH,2026-03-18,111120,1,4,0,495.0
10110230SOUSAH_2026-03-18_G19,10110230SOUSAH,2026-03-18,118306,1,4,0,232.0
10110230SOUSAH_2026-03-18_G20,10110230SOUSAH,2026-03-18,110742,1,4,0,122.0
10110230SOUSAH_2026-03-18_G21,10110230SOUSAH,2026-03-18,109495,1,4,0,221.0
10110230SOUSAH_2026-03-18_G22,10110230SOUSAH,2026-03-18,117789,1,4,0,126.0
10110230SOUSAH_2026-03-18_G23,10110230SOUSAH,2026-03-18,117809,1,67,0,1038.0
10110230SOUSAH_2026-03-18_G24,10110230SOUSAH,2026-03-18,109648,1,4,0,252.0
10110230SOUSAH_2026-03-18_G25,10110230SOUSAH,2026-03-18,117820,1,115,0,543.0
10110230SOUSAH_2026-03-18_G26,10110230SOUSAH,2026-03-18,110373,1,47,0,94.0
10110230SOUSAH_2026-03-18_G27,10110230SOUSAH,2026-03-18,141202,1,9,0,798.0
10110230SOUSAH_2026-03-18_G28,10110230SOUSAH,2026-03-18,"110372, 117840",2,145,11,795.0
10110230SOUSAH_2026-03-18_G29,10110230SOUSAH,2026-03-18,110375,1,31,0,432.0
10110230SOUSAH_2026-03-18_G30,10110230SOUSAH,2026-03-18,110371,1,178,0,846.0
10110230SOUSAH_2026-03-18_G31,10110230SOUSAH,2026-03-18,117842,1,5,0,1251.0
10110230SOUSAH_2026-03-18_G32,10110230SOUSAH,2026-03-18,111348,1,22,0,43.0
10110230SOUSAH_2026-03-19_G02,10110230SOUSAH,2026-03-19,111743,1,38,0,632.0
10110230SOUSAH_2026-03-19_G03,10110230SOUSAH,2026-03-19,111602,1,8,0,1417.0
10110230SOUSAH_2026-03-19_G04,10110230SOUSAH,2026-03-19,100334,1,8,0,431.0
10110230SOUSAH_2026-03-19_G05,10110230SOUSAH,2026-03-19,111569,1,16,0,241.0
10110230SOUSAH_2026-03-19_G06,10110230SOUSAH,2026-03-19,111430,1,8,0,874.0
10110230SOUSAH_2026-03-19_G07,10110230SOUSAH,2026-03-19,110747,1,12,0,2173.0
10110230SOUSAH_2026-03-19_G08,10110230SOUSAH,2026-03-19,140923,1,24,0,292.0
10110230SOUSAH_2026-03-19_G09,10110230SOUSAH,2026-03-19,111602,1,12,0,285.0
10110230SOUSAH_2026-03-19_G10,10110230SOUSAH,2026-03-19,111467,1,8,0,605.0
10110230SOUSAH_2026-03-19_G11,10110230SOUSAH,2026-03-19,141047,1,8,0,138.0
10110230SOUSAH_2026-03-19_G12,10110230SOUSAH,2026-03-19,117862,1,16,0,207.0
10110230SOUSAH_2026-03-19_G13,10110230SOUSAH,2026-03-19,110373,1,60,0,772.0
10110230SOUSAH_2026-03-19_G14,10110230SOUSAH,2026-03-19,110372,1,72,0,834.0
10110230SOUSAH_2026-03-19_G15,10110230SOUSAH,2026-03-19,160051,1,12,0,177.0
10110230SOUSAH_2026-03-19_G16,10110230SOUSAH,2026-03-19,110375,1,6,0,318.0
10110230SOUSAH_2026-03-19_G18,10110230SOUSAH,2026-03-19,111462,1,40,0,155.0
10110230SOUSAH_2026-03-19_G19,10110230SOUSAH,2026-03-19,117833,1,9,0,1028.0
10110230SOUSAH_2026-03-19_G20,10110230SOUSAH,2026-03-19,117787,1,30,0,159.0
10110230SOUSAH_2026-03-19_G21,10110230SOUSAH,2026-03-19,141823,1,50,0,1118.0
10110230SOUSAH_2026-03-19_G22,10110230SOUSAH,2026-03-19,111440,1,5,0,939.0
10110230SOUSAH_2026-03-19_G23,10110230SOUSAH,2026-03-19,117789,1,5,0,39.0
10110230SOUSAH_2026-03-19_G24,10110230SOUSAH,2026-03-19,118250,1,9,0,1144.0
10110230SOUSAH_2026-03-19_G25,10110230SOUSAH,2026-03-19,118306,1,6,0,447.0
10110230SOUSAH_2026-03-19_G26,10110230SOUSAH,2026-03-19,100334,1,10,0,195.0
10110230SOUSAH_2026-03-19_G27,10110230SOUSAH,2026-03-19,117809,1,8,0,1109.0
10110230SOUSAH_2026-03-19_G28,10110230SOUSAH,2026-03-19,141823,1,1,0,188.0
10110230SOUSAH_2026-03-19_G29,10110230SOUSAH,2026-03-19,110895,1,4,0,315.0
10110230SOUSAH_2026-03-19_G30,10110230SOUSAH,2026-03-19,111602,1,4,0,169.0
10110230SOUSAH_2026-03-19_G31,10110230SOUSAH,2026-03-19,141823,1,3,0,119.0
10110230SOUSAH_2026-03-19_G32,10110230SOUSAH,2026-03-19,110755,1,1,0,175.0
10110230SOUSAH_2026-03-19_G33,10110230SOUSAH,2026-03-19,140923,1,8,0,215.0
10110230SOUSAH_2026-03-19_G34,10110230SOUSAH,2026-03-19,110733,1,3,0,149.0
10110230SOUSAH_2026-03-19_G35,10110230SOUSAH,2026-03-19,140922,1,4,0,133.0
10110230SOUSAH_2026-03-20_G02,10110230SOUSAH,2026-03-20,110755,1,44,0,1387.0
10110230SOUSAH_2026-03-20_G03,10110230SOUSAH,2026-03-20,111418,1,118,0,1745.0
10110230SOUSAH_2026-03-20_G04,10110230SOUSAH,2026-03-20,111468,2,37,11,554.0
10110230SOUSAH_2026-03-20_G05,10110230SOUSAH,2026-03-20,140923,1,36,0,763.0
10110230SOUSAH_2026-03-20_G06,10110230SOUSAH,2026-03-20,111530,1,7,0,482.0
10110230SOUSAH_2026-03-20_G07,10110230SOUSAH,2026-03-20,109647,1,38,0,305.0
10110230SOUSAH_2026-03-20_G08,10110230SOUSAH,2026-03-20,109647,1,42,0,658.0
10110230SOUSAH_2026-03-20_G09,10110230SOUSAH,2026-03-20,109640,1,64,0,1724.0
10110230SOUSAH_2026-03-20_G10,10110230SOUSAH,2026-03-20,110339,1,52,0,376.0
10110230SOUSAH_2026-03-20_G12,10110230SOUSAH,2026-03-20,111430,1,2,0,180.0
10110230SOUSAH_2026-03-20_G13,10110230SOUSAH,2026-03-20,110747,1,9,0,78.0
10110230SOUSAH_2026-03-20_G14,10110230SOUSAH,2026-03-20,110372,1,50,0,3030.0
10110230SOUSAH_2026-03-20_G15,10110230SOUSAH,2026-03-20,141202,1,2,0,367.0
10110230SOUSAH_2026-03-20_G16,10110230SOUSAH,2026-03-20,111569,1,2,0,323.0
10110230SOUSAH_2026-03-20_G17,10110230SOUSAH,2026-03-20,141202,1,5,0,114.0
10110230SOUSAH_2026-03-20_G18,10110230SOUSAH,2026-03-20,110325,1,4,0,112.0
10110230SOUSAH_2026-03-20_G19,10110230SOUSAH,2026-03-20,110371,1,12,0,283.0
10110230SOUSAH_2026-03-20_G20,10110230SOUSAH,2026-03-20,142045,1,10,0,377.0
10110230SOUSAH_2026-03-20_G21,10110230SOUSAH,2026-03-20,110747,1,2,0,82.0
10110230SOUSAH_2026-03-20_G22,10110230SOUSAH,2026-03-20,117855,1,2,0,146.0
10110230SOUSAH_2026-03-20_G23,10110230SOUSAH,2026-03-20,110373,1,6,0,788.0
10110230SOUSAH_2026-03-20_G24,10110230SOUSAH,2026-03-20,109643,1,4,0,191.0
10110230SOUSAH_2026-03-20_G25,10110230SOUSAH,2026-03-20,117808,1,15,0,95.0
10110230SOUSAH_2026-03-20_G26,10110230SOUSAH,2026-03-20,118299,1,2,0,211.0
10110230SOUSAH_2026-03-20_G27,10110230SOUSAH,2026-03-20,109640,1,6,0,380.0
10110230SOUSAH_2026-03-20_G28,10110230SOUSAH,2026-03-20,142045,1,18,0,1181.0
10110230SOUSAH_2026-03-20_G29,10110230SOUSAH,2026-03-20,117855,1,4,0,201.0
10110230SOUSAH_2026-03-21_G02,10110230SOUSAH,2026-03-21,141271,1,2,0,175.0
10110230SOUSAH_2026-03-21_G03,10110230SOUSAH,2026-03-21,110740,1,6,0,87.0
10110230SOUSAH_2026-03-21_G04,10110230SOUSAH,2026-03-21,111569,1,6,0,284.0
10110230SOUSAH_2026-03-21_G05,10110230SOUSAH,2026-03-21,117808,1,86,0,568.0
10110230SOUSAH_2026-03-21_G06,10110230SOUSAH,2026-03-21,118299,1,36,0,493.0
10110230SOUSAH_2026-03-21_G07,10110230SOUSAH,2026-03-21,117830,1,10,0,163.0
10110230SOUSAH_2026-03-21_G08,10110230SOUSAH,2026-03-21,118094,1,2,0,424.0
10110230SOUSAH_2026-03-21_G09,10110230SOUSAH,2026-03-21,109640,2,8,10,219.0
10110230SOUSAH_2026-03-21_G10,10110230SOUSAH,2026-03-21,111569,1,4,0,422.0
10110230SOUSAH_2026-03-21_G11,10110230SOUSAH,2026-03-21,142045,1,10,0,172.0
10110230SOUSAH_2026-03-21_G12,10110230SOUSAH,2026-03-21,117856,1,2,0,240.0
10110230SOUSAH_2026-03-21_G13,10110230SOUSAH,2026-03-21,111418,1,2,0,179.0
10110230SOUSAH_2026-03-21_G14,10110230SOUSAH,2026-03-21,111469,1,2,0,110.0
10110230SOUSAH_2026-03-21_G15,10110230SOUSAH,2026-03-21,117830,1,4,0,334.0
10110230SOUSAH_2026-03-21_G16,10110230SOUSAH,2026-03-21,118299,1,17,0,361.0
10110230SOUSAH_2026-03-21_G17,10110230SOUSAH,2026-03-21,111463,1,2,0,224.0
10110230SOUSAH_2026-03-21_G18,10110230SOUSAH,2026-03-21,110740,1,16,0,98.0
10110230SOUSAH_2026-03-22_G02,10110230SOUSAH,2026-03-22,118094,1,4,0,91.0
10110230SOUSAH_2026-03-22_G03,10110230SOUSAH,2026-03-22,110339,1,7,0,89.0
10110230SOUSAH_2026-03-22_G04,10110230SOUSAH,2026-03-22,118299,1,25,0,291.0
10110230SOUSAH_2026-03-22_G05,10110230SOUSAH,2026-03-22,110373,1,10,0,62.0
10110230SOUSAH_2026-03-22_G06,10110230SOUSAH,2026-03-22,117808,1,20,0,123.0
10110230SOUSAH_2026-03-22_G07,10110230SOUSAH,2026-03-22,117785,1,4,0,177.0
10110230SOUSAH_2026-03-22_G08,10110230SOUSAH,2026-03-22,117821,1,2,0,97.0
10110230SOUSAH_2026-03-22_G09,10110230SOUSAH,2026-03-22,111469,1,6,0,134.0
10110230SOUSAH_2026-03-22_G10,10110230SOUSAH,2026-03-22,111442,1,2,0,89.0
10110230SOUSAH_2026-03-22_G11,10110230SOUSAH,2026-03-22,111463,1,4,0,377.0
10110230SOUSAH_2026-03-22_G12,10110230SOUSAH,2026-03-22,110787,1,2,0,98.0
10110230SOUSAH_2026-03-22_G13,10110230SOUSAH,2026-03-22,110740,1,4,0,72.0
10110230SOUSAH_2026-03-22_G14,10110230SOUSAH,2026-03-22,111466,1,4,0,116.0
10110230SOUSAH_2026-03-22_G15,10110230SOUSAH,2026-03-22,141458,1,4,0,134.0
10110230SOUSAH_2026-03-22_G16,10110230SOUSAH,2026-03-22,111418,1,20,0,86.0
10110230SOUSAH_2026-03-22_G17,10110230SOUSAH,2026-03-22,111438,1,8,0,458.0
10110230SOUSAH_2026-03-22_G18,10110230SOUSAH,2026-03-22,111569,1,10,0,188.0
10110230SOUSAH_2026-03-22_G19,10110230SOUSAH,2026-03-22,111430,1,2,0,246.0
10110230SOUSAH_2026-03-22_G20,10110230SOUSAH,2026-03-22,117855,1,4,0,174.0
10110230SOUSAH_2026-03-22_G21,10110230SOUSAH,2026-03-22,140923,1,2,0,215.0
10110230SOUSAH_2026-03-22_G22,10110230SOUSAH,2026-03-22,111435,1,2,0,126.0
10110230SOUSAH_2026-03-22_G23,10110230SOUSAH,2026-03-22,111462,1,4,0,108.0
10110230SOUSAH_2026-03-22_G24,10110230SOUSAH,2026-03-22,142093,1,5,0,106.0
10110230SOUSAH_2026-03-22_G25,10110230SOUSAH,2026-03-22,111743,1,4,0,250.0
10110230SOUSAH_2026-03-22_G26,10110230SOUSAH,2026-03-22,117831,1,4,0,78.0
10110230SOUSAH_2026-03-22_G27,10110230SOUSAH,2026-03-22,110787,1,2,0,89.0
10110230SOUSAH_2026-03-22_G28,10110230SOUSAH,2026-03-22,118317,1,4,0,66.0
10110230SOUSAH_2026-03-22_G29,10110230SOUSAH,2026-03-22,110374,1,30,0,1842.0
10110230SOUSAH_2026-03-22_G30,10110230SOUSAH,2026-03-22,118299,1,28,0,264.0
10110230SOUSAH_2026-03-22_G31,10110230SOUSAH,2026-03-22,117820,1,40,0,736.0
10110230SOUSAH_2026-03-22_G32,10110230SOUSAH,2026-03-22,111199,1,2,0,1454.0
10110230SOUSAH_2026-03-22_G33,10110230SOUSAH,2026-03-22,140923,1,25,0,762.0
10110230SOUSAH_2026-03-22_G34,10110230SOUSAH,2026-03-22,111602,1,31,0,139.0
10110230SOUSAH_2026-03-23_G02,10110230SOUSAH,2026-03-23,111469,1,16,0,413.0
10110230SOUSAH_2026-03-23_G03,10110230SOUSAH,2026-03-23,111466,1,16,0,191.0
10110230SOUSAH_2026-03-23_G04,10110230SOUSAH,2026-03-23,110374,1,10,0,945.0
10110230SOUSAH_2026-03-23_G05,10110230SOUSAH,2026-03-23,109643,1,3,0,107.0
10110230SOUSAH_2026-03-23_G06,10110230SOUSAH,2026-03-23,110372,1,20,0,95.0
10110230SOUSAH_2026-03-23_G07,10110230SOUSAH,2026-03-23,140922,1,2,0,221.0
10110230SOUSAH_2026-03-23_G08,10110230SOUSAH,2026-03-23,111348,1,3,0,78.0
10110230SOUSAH_2026-03-23_G09,10110230SOUSAH,2026-03-23,111462,1,4,0,86.0
10110230SOUSAH_2026-03-23_G10,10110230SOUSAH,2026-03-23,111418,1,20,0,203.0
10110230SOUSAH_2026-03-23_G11,10110230SOUSAH,2026-03-23,111469,1,30,0,420.0
10110230SOUSAH_2026-03-23_G12,10110230SOUSAH,2026-03-23,111463,1,20,0,199.0
10110230SOUSAH_2026-03-23_G13,10110230SOUSAH,2026-03-23,141823,1,2,0,95.0
10110230SOUSAH_2026-03-23_G14,10110230SOUSAH,2026-03-23,110752,1,2,0,156.0
10110230SOUSAH_2026-03-23_G15,10110230SOUSAH,2026-03-23,109647,1,4,0,163.0
10110230SOUSAH_2026-03-23_G16,10110230SOUSAH,2026-03-23,140923,1,20,0,762.0
10110230SOUSAH_2026-03-23_G17,10110230SOUSAH,2026-03-23,141166,1,6,0,60.0
10110230SOUSAH_2026-03-23_G18,10110230SOUSAH,2026-03-23,111569,1,10,0,242.0
10110230SOUSAH_2026-03-23_G19,10110230SOUSAH,2026-03-23,110755,1,8,0,208.0
10110230SOUSAH_2026-03-23_G20,10110230SOUSAH,2026-03-23,117835,1,6,0,150.0
10110230SOUSAH_2026-03-23_G21,10110230SOUSAH,2026-03-23,100334,1,3,0,137.0
10110230SOUSAH_2026-03-23_G22,10110230SOUSAH,2026-03-23,110747,1,6,0,417.0
10110230SOUSAH_2026-03-23_G23,10110230SOUSAH,2026-03-23,118299,1,5,0,253.0
10110230SOUSAH_2026-03-23_G24,10110230SOUSAH,2026-03-23,109643,1,2,0,138.0
10110230SOUSAH_2026-03-23_G25,10110230SOUSAH,2026-03-23,"117820, 110373",2,10,28,98.0
10110230SOUSAH_2026-03-23_G26,10110230SOUSAH,2026-03-23,110372,1,31,0,380.0
10110230SOUSAH_2026-03-23_G27,10110230SOUSAH,2026-03-23,117861,1,2,0,440.0
10110230SOUSAH_2026-03-23_G28,10110230SOUSAH,2026-03-23,118223,1,1,0,1034.0
10110230SOUSAH_2026-03-23_G29,10110230SOUSAH,2026-03-23,140922,1,2,0,76.0
10110230SOUSAH_2026-03-23_G31,10110230SOUSAH,2026-03-23,140923,1,4,0,67.0
10110230SOUSAH_2026-03-23_G32,10110230SOUSAH,2026-03-23,100334,1,2,0,473.0
10110230SOUSAH_2026-03-23_G33,10110230SOUSAH,2026-03-23,140923,1,3,0,297.0
10110230SOUSAH_2026-03-23_G34,10110230SOUSAH,2026-03-23,110787,2,8,12,139.0
10110230SOUSAH_2026-03-23_G35,10110230SOUSAH,2026-03-23,118299,1,6,0,195.0
10110230SOUSAH_2026-03-23_G36,10110230SOUSAH,2026-03-23,110373,1,2,0,479.0
10110230SOUSAH_2026-03-23_G37,10110230SOUSAH,2026-03-23,110755,1,12,0,826.0
10110230SOUSAH_2026-03-23_G38,10110230SOUSAH,2026-03-23,110747,1,3,0,189.0
10110230SOUSAH_2026-03-23_G39,10110230SOUSAH,2026-03-23,117855,1,2,0,257.0
10110230SOUSAH_2026-03-23_G40,10110230SOUSAH,2026-03-23,118094,1,2,0,114.0
10110230SOUSAH_2026-03-23_G41,10110230SOUSAH,2026-03-23,140923,1,2,0,124.0
10110230SOUSAH_2026-03-23_G42,10110230SOUSAH,2026-03-23,118317,1,2,0,113.0
10110230SOUSAH_2026-03-23_G43,10110230SOUSAH,2026-03-23,110374,1,4,0,220.0
10110230SOUSAH_2026-03-23_G44,10110230SOUSAH,2026-03-23,111569,1,4,0,243.0
10110230SOUSAH_2026-03-23_G45,10110230SOUSAH,2026-03-23,111468,1,2,0,269.0
10110230SOUSAH_2026-03-23_G46,10110230SOUSAH,2026-03-23,111463,1,9,0,99.0
10110230SOUSAH_2026-03-23_G47,10110230SOUSAH,2026-03-23,110373,1,3,0,165.0
10110230SOUSAH_2026-03-23_G48,10110230SOUSAH,2026-03-23,142045,1,12,0,442.0
10110230SOUSAH_2026-03-23_G49,10110230SOUSAH,2026-03-23,141823,1,12,0,219.0
10110230SOUSAH_2026-03-23_G50,10110230SOUSAH,2026-03-23,100334,1,1,0,1397.0
10110230SOUSAH_2026-03-23_G51,10110230SOUSAH,2026-03-23,141066,1,20,0,170.0
10110230SOUSAH_2026-03-23_G52,10110230SOUSAH,2026-03-23,118317,1,100,0,1816.0
10110230SOUSAH_2026-03-23_G53,10110230SOUSAH,2026-03-23,111443,1,40,0,394.0
10110230SOUSAH_2026-03-24_G02,10110230SOUSAH,2026-03-24,108772,1,18,0,412.0
10110230SOUSAH_2026-03-24_G03,10110230SOUSAH,2026-03-24,110750,1,1,0,58.0
10110230SOUSAH_2026-03-24_G04,10110230SOUSAH,2026-03-24,117855,7,95,98,65.0
10110230SOUSAH_2026-03-24_G05,10110230SOUSAH,2026-03-24,118094,1,12,0,2599.0
10110230SOUSAH_2026-03-24_G06,10110230SOUSAH,2026-03-24,117788,1,5,0,280.0
10110230SOUSAH_2026-03-24_G07,10110230SOUSAH,2026-03-24,118298,3,14,41,139.0
10110230SOUSAH_2026-03-24_G08,10110230SOUSAH,2026-03-24,110733,2,13,25,176.0
10110230SOUSAH_2026-03-24_G09,10110230SOUSAH,2026-03-24,141166,2,15,11,279.0
10110230SOUSAH_2026-03-24_G10,10110230SOUSAH,2026-03-24,110756,1,2,0,135.0
10110230SOUSAH_2026-03-24_G11,10110230SOUSAH,2026-03-24,117861,1,1,0,849.0
10110230SOUSAH_2026-03-24_G12,10110230SOUSAH,2026-03-24,117785,1,26,0,244.0
10110230SOUSAH_2026-03-24_G13,10110230SOUSAH,2026-03-24,111462,1,12,0,195.0
10110230SOUSAH_2026-03-24_G14,10110230SOUSAH,2026-03-24,117821,1,5,0,240.0
10110230SOUSAH_2026-03-24_G15,10110230SOUSAH,2026-03-24,142093,1,41,0,510.0
10110230SOUSAH_2026-03-24_G16,10110230SOUSAH,2026-03-24,108795,1,4,0,184.0
10110230SOUSAH_2026-03-24_G17,10110230SOUSAH,2026-03-24,111743,1,39,0,669.0
10110230SOUSAH_2026-03-24_G18,10110230SOUSAH,2026-03-24,117831,1,43,0,476.0
10110230SOUSAH_2026-03-24_G19,10110230SOUSAH,2026-03-24,117831,1,29,0,37.0
10110230SOUSAH_2026-03-24_G20,10110230SOUSAH,2026-03-24,111418,1,71,0,425.0
10110230SOUSAH_2026-03-24_G21,10110230SOUSAH,2026-03-24,111468,1,2,0,955.0
10110230SOUSAH_2026-03-24_G22,10110230SOUSAH,2026-03-24,109645,1,2,0,70.0
10110230SOUSAH_2026-03-24_G23,10110230SOUSAH,2026-03-24,117787,1,3,0,109.0
10110230SOUSAH_2026-03-24_G24,10110230SOUSAH,2026-03-24,141823,1,1,0,815.0
10110230SOUSAH_2026-03-24_G26,10110230SOUSAH,2026-03-24,118306,1,4,0,158.0
10110230SOUSAH_2026-03-24_G27,10110230SOUSAH,2026-03-24,117797,1,4,0,121.0
10110230SOUSAH_2026-03-24_G28,10110230SOUSAH,2026-03-24,117862,1,7,0,161.0
10110230SOUSAH_2026-03-24_G29,10110230SOUSAH,2026-03-24,111468,1,85,0,264.0
10110230SOUSAH_2026-03-24_G30,10110230SOUSAH,2026-03-24,141456,1,96,0,893.0
10110230SOUSAH_2026-03-24_G31,10110230SOUSAH,2026-03-24,117855,1,124,0,1054.0
10110230SOUSAH_2026-03-24_G32,10110230SOUSAH,2026-03-24,123345,1,100,0,2464.0
10110230SOUSAH_2026-03-24_G33,10110230SOUSAH,2026-03-24,117785,1,100,0,954.0
10110230SOUSAH_2026-03-24_G34,10110230SOUSAH,2026-03-24,118299,1,1679,0,3277.0
10110230SOUSAH_2026-03-25_G02,10110230SOUSAH,2026-03-25,109933,2,12,11,185.0
10110230SOUSAH_2026-03-25_G03,10110230SOUSAH,2026-03-25,111439,1,4,0,214.0
10110230SOUSAH_2026-03-25_G04,10110230SOUSAH,2026-03-25,117832,1,12,0,205.0
10110230SOUSAH_2026-03-25_G05,10110230SOUSAH,2026-03-25,110325,1,6,0,299.0
10110230SOUSAH_2026-03-25_G06,10110230SOUSAH,2026-03-25,117808,1,60,0,1034.0
10110230SOUSAH_2026-03-25_G07,10110230SOUSAH,2026-03-25,111466,3,48,43,166.0
10110230SOUSAH_2026-03-25_G08,10110230SOUSAH,2026-03-25,111468,2,8,11,2451.0
10110230SOUSAH_2026-03-25_G09,10110230SOUSAH,2026-03-25,111463,2,24,10,160.0
10110230SOUSAH_2026-03-25_G10,10110230SOUSAH,2026-03-25,110740,1,16,0,330.0
10110230SOUSAH_2026-03-25_G11,10110230SOUSAH,2026-03-25,110325,1,30,0,723.0
10110230SOUSAH_2026-03-25_G12,10110230SOUSAH,2026-03-25,107263,1,10,0,1994.0
10110230SOUSAH_2026-03-25_G13,10110230SOUSAH,2026-03-25,111443,1,10,0,918.0
10110230SOUSAH_2026-03-25_G15,10110230SOUSAH,2026-03-25,110374,1,100,0,471.0
10110230SOUSAH_2026-03-25_G16,10110230SOUSAH,2026-03-25,110373,1,300,0,1520.0
10110230SOUSAH_2026-03-25_G17,10110230SOUSAH,2026-03-25,117820,1,100,0,133.0
10110230SOUSAH_2026-03-25_G18,10110230SOUSAH,2026-03-25,117832,1,100,0,544.0
10110230SOUSAH_2026-03-25_G19,10110230SOUSAH,2026-03-25,117822,1,29,0,490.0
10110230SOUSAH_2026-03-25_G20,10110230SOUSAH,2026-03-25,117830,1,100,0,794.0
10110230SOUSAH_2026-03-25_G21,10110230SOUSAH,2026-03-25,111466,1,162,0,1249.0
10110230SOUSAH_2026-03-25_G22,10110230SOUSAH,2026-03-25,142093,1,100,0,700.0
10110230SOUSAH_2026-03-25_G23,10110230SOUSAH,2026-03-25,141458,1,60,0,293.0
10110230SOUSAH_2026-03-26_G03,10110230SOUSAH,2026-03-26,109643,1,8,0,91.0
10110230SOUSAH_2026-03-26_G04,10110230SOUSAH,2026-03-26,110325,1,1,0,178.0
10110230SOUSAH_2026-03-26_G05,10110230SOUSAH,2026-03-26,111439,1,2,0,136.0
10110230SOUSAH_2026-03-26_G06,10110230SOUSAH,2026-03-26,111439,1,2,0,56.0
10110230SOUSAH_2026-03-26_G07,10110230SOUSAH,2026-03-26,110733,1,8,0,126.0
10110230SOUSAH_2026-03-26_G08,10110230SOUSAH,2026-03-26,111602,1,8,0,115.0
10110230SOUSAH_2026-03-26_G09,10110230SOUSAH,2026-03-26,109640,1,3,0,180.0
10110230SOUSAH_2026-03-26_G10,10110230SOUSAH,2026-03-26,110313,1,2,0,144.0
10110230SOUSAH_2026-03-26_G11,10110230SOUSAH,2026-03-26,117862,1,3,0,140.0
10110230SOUSAH_2026-03-26_G12,10110230SOUSAH,2026-03-26,110895,1,8,0,160.0
10110230SOUSAH_2026-03-26_G13,10110230SOUSAH,2026-03-26,117808,1,508,0,2068.0
10110230SOUSAH_2026-03-26_G15,10110230SOUSAH,2026-03-26,117862,1,6,0,367.0
10110230SOUSAH_2026-03-26_G16,10110230SOUSAH,2026-03-26,110325,1,18,0,303.0
10110230SOUSAH_2026-03-26_G17,10110230SOUSAH,2026-03-26,141457,1,4,0,139.0
10110230SOUSAH_2026-03-26_G18,10110230SOUSAH,2026-03-26,141456,1,9,0,738.0
10110230SOUSAH_2026-03-26_G19,10110230SOUSAH,2026-03-26,160055,1,14,0,373.0
10110230SOUSAH_2026-03-26_G20,10110230SOUSAH,2026-03-26,118317,1,1,0,266.0
10110230SOUSAH_2026-03-29_G02,10110230SOUSAH,2026-03-29,110374,1,4,0,203.0
10110230SOUSAH_2026-03-29_G03,10110230SOUSAH,2026-03-29,117822,1,4,0,173.0
10110230SOUSAH_2026-03-29_G04,10110230SOUSAH,2026-03-29,111602,1,2,0,109.0
10110230SOUSAH_2026-03-29_G05,10110230SOUSAH,2026-03-29,141457,1,8,0,761.0
10110230SOUSAH_2026-03-29_G06,10110230SOUSAH,2026-03-29,141271,1,4,0,109.0
10110230SOUSAH_2026-03-29_G07,10110230SOUSAH,2026-03-29,111418,1,6,0,125.0
10110230SOUSAH_2026-03-29_G08,10110230SOUSAH,2026-03-29,142093,1,4,0,98.0
10110230SOUSAH_2026-03-29_G09,10110230SOUSAH,2026-03-29,141458,1,10,0,229.0
10110230SOUSAH_2026-03-29_G10,10110230SOUSAH,2026-03-29,105705,1,1,0,258.0
10110230SOUSAH_2026-03-29_G11,10110230SOUSAH,2026-03-29,142045,1,2,0,411.0
10110230SOUSAH_2026-03-29_G12,10110230SOUSAH,2026-03-29,111602,2,7,18,190.0
10110230SOUSAH_2026-03-29_G13,10110230SOUSAH,2026-03-29,109640,1,4,0,265.0
10110230SOUSAH_2026-03-29_G14,10110230SOUSAH,2026-03-29,140923,1,1,0,70.0
10110230SOUSAH_2026-03-29_G15,10110230SOUSAH,2026-03-29,117855,1,2,0,127.0
10110230SOUSAH_2026-03-29_G16,10110230SOUSAH,2026-03-29,110372,2,14,17,319.0
10110230SOUSAH_2026-03-29_G17,10110230SOUSAH,2026-03-29,110374,1,3,0,415.0
10110230SOUSAH_2026-03-29_G18,10110230SOUSAH,2026-03-29,110374,1,2,0,58.0
10110230SOUSAH_2026-03-29_G19,10110230SOUSAH,2026-03-29,118299,2,12,25,1345.0
10110230SOUSAH_2026-03-29_G20,10110230SOUSAH,2026-03-29,117840,1,4,0,108.0
10110230SOUSAH_2026-03-29_G21,10110230SOUSAH,2026-03-29,117821,1,4,0,224.0
10110230SOUSAH_2026-03-29_G22,10110230SOUSAH,2026-03-29,111463,1,4,0,143.0
10110230SOUSAH_2026-03-29_G23,10110230SOUSAH,2026-03-29,110787,1,4,0,129.0
10110230SOUSAH_2026-03-29_G24,10110230SOUSAH,2026-03-29,111418,1,4,0,99.0
10110230SOUSAH_2026-03-29_G25,10110230SOUSAH,2026-03-29,142093,1,6,0,678.0
10110230SOUSAH_2026-03-29_G26,10110230SOUSAH,2026-03-29,110740,1,4,0,301.0
10110230SOUSAH_2026-03-29_G27,10110230SOUSAH,2026-03-29,141823,1,4,0,120.0
10110230SOUSAH_2026-03-29_G28,10110230SOUSAH,2026-03-29,141457,2,4,9,298.0
10110230SOUSAH_2026-03-29_G29,10110230SOUSAH,2026-03-29,111433,1,1,0,95.0
10110230SOUSAH_2026-03-29_G30,10110230SOUSAH,2026-03-29,111442,1,2,0,502.0
10110230SOUSAH_2026-03-29_G31,10110230SOUSAH,2026-03-29,118317,1,2,0,167.0
10110230SOUSAH_2026-03-29_G32,10110230SOUSAH,2026-03-29,110733,1,1,0,326.0
10110230SOUSAH_2026-03-29_G33,10110230SOUSAH,2026-03-29,110373,1,2,0,165.0
10110230SOUSAH_2026-03-30_G02,10110230SOUSAH,2026-03-30,141823,1,8,0,227.0
10110230SOUSAH_2026-03-30_G03,10110230SOUSAH,2026-03-30,110755,1,4,0,156.0
10110230SOUSAH_2026-03-30_G04,10110230SOUSAH,2026-03-30,110339,1,4,0,178.0
10110230SOUSAH_2026-03-30_G05,10110230SOUSAH,2026-03-30,110374,1,6,0,660.0
10110230SOUSAH_2026-03-30_G06,10110230SOUSAH,2026-03-30,117820,1,10,0,130.0
10110230SOUSAH_2026-03-30_G07,10110230SOUSAH,2026-03-30,111743,1,4,0,325.0
10110230SOUSAH_2026-03-30_G08,10110230SOUSAH,2026-03-30,110373,1,10,0,130.0
10110230SOUSAH_2026-03-30_G09,10110230SOUSAH,2026-03-30,141271,1,1,0,156.0
10110230SOUSAH_2026-03-30_G10,10110230SOUSAH,2026-03-30,117838,1,2,0,95.0
10110230SOUSAH_2026-03-30_G11,10110230SOUSAH,2026-03-30,111463,1,12,0,129.0
10110230SOUSAH_2026-03-30_G12,10110230SOUSAH,2026-03-30,108798,1,9,0,548.0
10110230SOUSAH_2026-03-30_G13,10110230SOUSAH,2026-03-30,117833,1,4,0,36.0
10110230SOUSAH_2026-03-30_G14,10110230SOUSAH,2026-03-30,"111468, 142093",2,8,26,106.0
10110230SOUSAH_2026-03-30_G15,10110230SOUSAH,2026-03-30,109643,1,4,0,96.0
10110230SOUSAH_2026-03-30_G16,10110230SOUSAH,2026-03-30,141823,1,4,0,181.0
10110230SOUSAH_2026-03-30_G17,10110230SOUSAH,2026-03-30,117830,1,4,0,130.0
10110230SOUSAH_2026-03-30_G18,10110230SOUSAH,2026-03-30,111172,1,2,0,1037.0
10110230SOUSAH_2026-03-30_G19,10110230SOUSAH,2026-03-30,140922,1,8,0,1681.0
10110230SOUSAH_2026-03-30_G20,10110230SOUSAH,2026-03-30,141457,1,12,0,61.0
10110230SOUSAH_2026-03-30_G21,10110230SOUSAH,2026-03-30,108794,1,12,0,950.0
10110230SOUSAH_2026-03-30_G23,10110230SOUSAH,2026-03-30,110741,1,8,0,325.0
10110230SOUSAH_2026-03-30_G24,10110230SOUSAH,2026-03-30,107629,1,20,0,162.0
10110230SOUSAH_2026-03-30_G25,10110230SOUSAH,2026-03-30,118094,1,8,0,395.0
10110230SOUSAH_2026-03-30_G26,10110230SOUSAH,2026-03-30,110895,1,30,0,855.0
10110230SOUSAH_2026-03-30_G27,10110230SOUSAH,2026-03-30,108770,1,8,0,271.0
10110230SOUSAH_2026-03-30_G28,10110230SOUSAH,2026-03-30,109647,1,16,0,548.0
10110230SOUSAH_2026-03-30_G29,10110230SOUSAH,2026-03-30,110711,1,40,0,472.0
10110230SOUSAH_2026-03-30_G30,10110230SOUSAH,2026-03-30,110711,1,21,0,56.0
10110230SOUSAH_2026-03-30_G31,10110230SOUSAH,2026-03-30,110580,1,7,0,253.0
10110230SOUSAH_2026-03-30_G32,10110230SOUSAH,2026-03-30,140923,2,67,29,220.0
10110230SOUSAH_2026-03-30_G33,10110230SOUSAH,2026-03-30,110339,1,8,0,381.0
10110230SOUSAH_2026-03-30_G34,10110230SOUSAH,2026-03-30,141047,1,16,0,270.0
10110230SOUSAH_2026-03-30_G35,10110230SOUSAH,2026-03-30,111602,1,32,0,335.0
10110230SOUSAH_2026-03-30_G36,10110230SOUSAH,2026-03-30,110313,2,40,27,238.0
10110230SOUSAH_2026-03-30_G37,10110230SOUSAH,2026-03-30,117862,1,20,0,603.0
10110230SOUSAH_2026-03-30_G38,10110230SOUSAH,2026-03-30,110063,1,3,0,605.0
10110230SOUSAH_2026-03-30_G39,10110230SOUSAH,2026-03-30,101217,1,4,0,169.0
10110230SOUSAH_2026-03-30_G40,10110230SOUSAH,2026-03-30,109640,1,30,0,1637.0
10110230SOUSAH_2026-03-31_G02,10110230SOUSAH,2026-03-31,117809,1,13,0,160.0
10110230SOUSAH_2026-03-31_G03,10110230SOUSAH,2026-03-31,117820,1,14,0,351.0
10110230SOUSAH_2026-03-31_G04,10110230SOUSAH,2026-03-31,140922,1,7,0,420.0
10110230SOUSAH_2026-03-31_G05,10110230SOUSAH,2026-03-31,109645,2,9,23,83.0
10110230SOUSAH_2026-03-31_G06,10110230SOUSAH,2026-03-31,111462,1,10,0,126.0
10110230SOUSAH_2026-03-31_G07,10110230SOUSAH,2026-03-31,117785,1,4,0,161.0
10110230SOUSAH_2026-03-31_G08,10110230SOUSAH,2026-03-31,108795,1,2,0,83.0
10110230SOUSAH_2026-03-31_G09,10110230SOUSAH,2026-03-31,141456,1,22,0,408.0
10110230SOUSAH_2026-03-31_G10,10110230SOUSAH,2026-03-31,141457,3,54,41,222.0
10110230SOUSAH_2026-03-31_G11,10110230SOUSAH,2026-03-31,111463,3,48,34,701.0
10110230SOUSAH_2026-03-31_G12,10110230SOUSAH,2026-03-31,108794,1,8,0,509.0
10110230SOUSAH_2026-03-31_G13,10110230SOUSAH,2026-03-31,142093,1,4,0,103.0
10110230SOUSAH_2026-03-31_G14,10110230SOUSAH,2026-03-31,110740,1,2,0,141.0
10110230SOUSAH_2026-03-31_G15,10110230SOUSAH,2026-03-31,117831,1,2,0,79.0
10110230SOUSAH_2026-03-31_G16,10110230SOUSAH,2026-03-31,141458,1,24,0,643.0
10110230SOUSAH_2026-03-31_G17,10110230SOUSAH,2026-03-31,111172,1,2,0,1577.0
10110230SOUSAH_2026-03-31_G18,10110230SOUSAH,2026-03-31,111441,1,8,0,410.0
10110230SOUSAH_2026-03-31_G19,10110230SOUSAH,2026-03-31,111172,1,3,0,337.0
10110230SOUSAH_2026-03-31_G20,10110230SOUSAH,2026-03-31,110711,1,1,0,166.0
10110230SOUSAH_2026-03-31_G21,10110230SOUSAH,2026-03-31,109645,1,4,0,310.0
10110230SOUSAH_2026-03-31_G22,10110230SOUSAH,2026-03-31,111172,1,1,0,63.0
10110230SOUSAH_2026-03-31_G23,10110230SOUSAH,2026-03-31,111441,1,2,0,282.0
10110230SOUSAH_2026-03-31_G24,10110230SOUSAH,2026-03-31,108711,1,2,0,152.0
10110230SOUSAH_2026-03-31_G25,10110230SOUSAH,2026-03-31,111532,1,30,0,502.0
10110230SOUSAH_2026-03-31_G26,10110230SOUSAH,2026-03-31,111172,1,4,0,385.0
10110230SOUSAH_2026-03-31_G27,10110230SOUSAH,2026-03-31,111441,1,6,0,84.0
10110230SOUSAH_2026-04-07_G02,10110230SOUSAH,2026-04-07,124486,1,24,0,2494.0
10110230SOUSAH_2026-04-07_G03,10110230SOUSAH,2026-04-07,124486,1,24,0,346.0
10110230SOUSAH_2026-04-07_G04,10110230SOUSAH,2026-04-07,123343,1,25,0,703.0
10110230SOUSAH_2026-04-07_G05,10110230SOUSAH,2026-04-07,124486,1,5,0,1309.0
10110230SOUSAH_2026-04-07_G06,10110230SOUSAH,2026-04-07,124486,1,40,0,991.0
10110230SOUSAH_2026-04-07_G07,10110230SOUSAH,2026-04-07,122962,1,32,0,1139.0
10110230SOUSAH_2026-04-08_G02,10110230SOUSAH,2026-04-08,122647,1,30,0,3041.0
10110230SOUSAH_2026-04-08_G03,10110230SOUSAH,2026-04-08,123080,1,1,0,74.0
10110255FERREIRAP_2026-03-15_G02,10110255FERREIRAP,2026-03-15,111438,1,12,0,1472.0
10110255FERREIRAP_2026-03-15_G03,10110255FERREIRAP,2026-03-15,111466,1,8,0,1231.0
10110255FERREIRAP_2026-03-15_G04,10110255FERREIRAP,2026-03-15,111532,1,4,0,1004.0
10110255FERREIRAP_2026-03-15_G05,10110255FERREIRAP,2026-03-15,111438,1,8,0,1096.0
10110255FERREIRAP_2026-03-15_G06,10110255FERREIRAP,2026-03-15,111530,1,10,0,334.0
10110255FERREIRAP_2026-03-15_G07,10110255FERREIRAP,2026-03-15,111602,1,5,0,212.0
10110255FERREIRAP_2026-03-15_G08,10110255FERREIRAP,2026-03-15,118317,1,3,0,304.0
10110255FERREIRAP_2026-03-15_G09,10110255FERREIRAP,2026-03-15,111466,1,24,0,252.0
10110255FERREIRAP_2026-03-16_G02,10110255FERREIRAP,2026-03-16,111602,1,4,0,212.0
10110255FERREIRAP_2026-03-16_G03,10110255FERREIRAP,2026-03-16,118317,1,10,0,454.0
10110255FERREIRAP_2026-03-16_G04,10110255FERREIRAP,2026-03-16,111465,1,4,0,537.0
10110255FERREIRAP_2026-03-16_G06,10110255FERREIRAP,2026-03-16,118299,1,100,0,388.0
10110255FERREIRAP_2026-03-16_G07,10110255FERREIRAP,2026-03-16,117862,1,51,0,1636.0
10110255FERREIRAP_2026-03-16_G08,10110255FERREIRAP,2026-03-16,110339,1,8,0,554.0
10110255FERREIRAP_2026-03-16_G09,10110255FERREIRAP,2026-03-16,105705,1,34,0,1672.0
10110255FERREIRAP_2026-03-16_G11,10110255FERREIRAP,2026-03-16,100334,1,10,0,641.0
10110255FERREIRAP_2026-03-16_G13,10110255FERREIRAP,2026-03-16,110313,1,30,0,1271.0
10110255FERREIRAP_2026-03-16_G14,10110255FERREIRAP,2026-03-16,140923,1,46,0,1656.0
10110255FERREIRAP_2026-03-17_G02,10110255FERREIRAP,2026-03-17,110733,1,14,0,955.0
10110255FERREIRAP_2026-03-17_G03,10110255FERREIRAP,2026-03-17,117853,1,13,0,557.0
10110255FERREIRAP_2026-03-17_G04,10110255FERREIRAP,2026-03-17,100334,1,2,0,1154.0
10110255FERREIRAP_2026-03-17_G05,10110255FERREIRAP,2026-03-17,140923,1,6,0,308.0
10110255FERREIRAP_2026-03-17_G06,10110255FERREIRAP,2026-03-17,111530,1,4,0,1272.0
10110255FERREIRAP_2026-03-17_G07,10110255FERREIRAP,2026-03-17,111602,1,7,0,288.0
10110255FERREIRAP_2026-03-17_G08,10110255FERREIRAP,2026-03-17,110339,1,1,0,79.0
10110255FERREIRAP_2026-03-17_G09,10110255FERREIRAP,2026-03-17,141047,1,4,0,299.0
10110255FERREIRAP_2026-03-17_G10,10110255FERREIRAP,2026-03-17,108772,1,2,0,131.0
10110255FERREIRAP_2026-03-17_G13,10110255FERREIRAP,2026-03-17,140923,1,50,0,1243.0
10110255FERREIRAP_2026-03-17_G14,10110255FERREIRAP,2026-03-17,117855,1,70,0,1784.0
10110255FERREIRAP_2026-03-17_G15,10110255FERREIRAP,2026-03-17,117855,1,70,0,975.0
10110255FERREIRAP_2026-03-17_G16,10110255FERREIRAP,2026-03-17,110756,1,20,0,386.0
10110255FERREIRAP_2026-03-17_G17,10110255FERREIRAP,2026-03-17,141916,1,4,0,1913.0
10110255FERREIRAP_2026-03-17_G18,10110255FERREIRAP,2026-03-17,117808,1,18,0,360.0
10110255FERREIRAP_2026-03-17_G19,10110255FERREIRAP,2026-03-17,141202,1,6,0,206.0
10110255FERREIRAP_2026-03-17_G20,10110255FERREIRAP,2026-03-17,110372,1,22,0,475.0
10110255FERREIRAP_2026-03-17_G21,10110255FERREIRAP,2026-03-17,118299,1,20,0,100.0
10110255FERREIRAP_2026-03-18_G02,10110255FERREIRAP,2026-03-18,140923,1,200,0,2068.0
10110255FERREIRAP_2026-03-18_G03,10110255FERREIRAP,2026-03-18,111530,1,18,0,692.0
10110255FERREIRAP_2026-03-18_G04,10110255FERREIRAP,2026-03-18,109640,1,120,0,1815.0
10110255FERREIRAP_2026-03-18_G05,10110255FERREIRAP,2026-03-18,108772,1,18,0,725.0
10110255FERREIRAP_2026-03-18_G06,10110255FERREIRAP,2026-03-18,117862,1,220,0,2217.0
10110255FERREIRAP_2026-03-18_G07,10110255FERREIRAP,2026-03-18,110313,1,2,0,1191.0
10110255FERREIRAP_2026-03-18_G08,10110255FERREIRAP,2026-03-18,109640,2,24,18,3414.0
10110255FERREIRAP_2026-03-18_G09,10110255FERREIRAP,2026-03-18,109640,1,2,0,36.0
10110255FERREIRAP_2026-03-18_G10,10110255FERREIRAP,2026-03-18,111602,1,12,0,807.0
10110255FERREIRAP_2026-03-18_G11,10110255FERREIRAP,2026-03-18,111467,1,2,0,252.0
10110255FERREIRAP_2026-03-18_G12,10110255FERREIRAP,2026-03-18,140911,1,6,0,79.0
10110255FERREIRAP_2026-03-18_G13,10110255FERREIRAP,2026-03-18,111530,1,4,0,257.0
10110255FERREIRAP_2026-03-18_G14,10110255FERREIRAP,2026-03-18,111467,1,2,0,868.0
10110255FERREIRAP_2026-03-18_G15,10110255FERREIRAP,2026-03-18,117833,1,3,0,95.0
10110255FERREIRAP_2026-03-18_G16,10110255FERREIRAP,2026-03-18,108795,1,1,0,274.0
10110255FERREIRAP_2026-03-18_G17,10110255FERREIRAP,2026-03-18,142093,1,3,0,126.0
10110255FERREIRAP_2026-03-18_G18,10110255FERREIRAP,2026-03-18,117831,1,3,0,88.0
10110255FERREIRAP_2026-03-18_G19,10110255FERREIRAP,2026-03-18,110740,1,1,0,96.0
10110255FERREIRAP_2026-03-18_G20,10110255FERREIRAP,2026-03-18,"141823, 111469",2,5,9,138.0
10110255FERREIRAP_2026-03-18_G21,10110255FERREIRAP,2026-03-18,141458,1,6,0,170.0
10110255FERREIRAP_2026-03-18_G22,10110255FERREIRAP,2026-03-18,117808,1,10,0,154.0
10110255FERREIRAP_2026-03-18_G23,10110255FERREIRAP,2026-03-18,118299,1,8,0,130.0
10110255FERREIRAP_2026-03-18_G24,10110255FERREIRAP,2026-03-18,111466,1,3,0,1403.0
10110255FERREIRAP_2026-03-18_G25,10110255FERREIRAP,2026-03-18,111602,1,8,0,207.0
10110255FERREIRAP_2026-03-18_G26,10110255FERREIRAP,2026-03-18,111466,1,4,0,84.0
10110255FERREIRAP_2026-03-18_G27,10110255FERREIRAP,2026-03-18,109649,2,6,10,298.0
10110255FERREIRAP_2026-03-18_G28,10110255FERREIRAP,2026-03-18,111172,1,2,0,585.0
10110255FERREIRAP_2026-03-18_G31,10110255FERREIRAP,2026-03-18,117855,1,4,0,154.0
10110255FERREIRAP_2026-03-18_G32,10110255FERREIRAP,2026-03-18,111530,1,2,0,122.0
10110255FERREIRAP_2026-03-18_G33,10110255FERREIRAP,2026-03-18,111602,1,10,0,255.0
10110255FERREIRAP_2026-03-18_G34,10110255FERREIRAP,2026-03-18,117856,1,7,0,162.0
10110255FERREIRAP_2026-03-18_G35,10110255FERREIRAP,2026-03-18,110756,1,4,0,178.0
10110255FERREIRAP_2026-03-18_G36,10110255FERREIRAP,2026-03-18,109640,1,8,0,471.0
10110255FERREIRAP_2026-03-18_G37,10110255FERREIRAP,2026-03-18,117788,1,25,0,824.0
10110255FERREIRAP_2026-03-18_G38,10110255FERREIRAP,2026-03-18,117785,1,59,0,1213.0
10110255FERREIRAP_2026-03-19_G02,10110255FERREIRAP,2026-03-19,109641,1,7,0,461.0
10110255FERREIRAP_2026-03-19_G03,10110255FERREIRAP,2026-03-19,117787,1,4,0,3355.0
10110255FERREIRAP_2026-03-19_G04,10110255FERREIRAP,2026-03-19,117820,1,3,0,155.0
10110255FERREIRAP_2026-03-19_G05,10110255FERREIRAP,2026-03-19,111602,1,6,0,529.0
10110255FERREIRAP_2026-03-25_G02,10110255FERREIRAP,2026-03-25,108411,1,2,0,1303.0
10110255FERREIRAP_2026-03-25_G03,10110255FERREIRAP,2026-03-25,117835,1,4,0,203.0
10110255FERREIRAP_2026-03-25_G04,10110255FERREIRAP,2026-03-25,141456,1,4,0,185.0
10110255FERREIRAP_2026-03-25_G05,10110255FERREIRAP,2026-03-25,110751,1,10,0,221.0
10110255FERREIRAP_2026-03-25_G06,10110255FERREIRAP,2026-03-25,111446,1,2,0,260.0
10110255FERREIRAP_2026-03-25_G07,10110255FERREIRAP,2026-03-25,110373,1,300,0,1785.0
10110256LIMAL_2026-03-15_G02,10110256LIMAL,2026-03-15,111602,1,7,0,706.0
10110256LIMAL_2026-03-15_G03,10110256LIMAL,2026-03-15,111530,1,5,0,523.0
10110256LIMAL_2026-03-15_G04,10110256LIMAL,2026-03-15,111602,1,13,0,615.0
10110256LIMAL_2026-03-15_G05,10110256LIMAL,2026-03-15,111466,1,6,0,849.0
10110256LIMAL_2026-03-15_G06,10110256LIMAL,2026-03-15,117830,1,2,0,262.0
10110256LIMAL_2026-03-15_G07,10110256LIMAL,2026-03-15,142045,1,12,0,465.0
10110256LIMAL_2026-03-15_G08,10110256LIMAL,2026-03-15,109640,1,3,0,276.0
10110256LIMAL_2026-03-15_G09,10110256LIMAL,2026-03-15,109640,1,42,0,2541.0
10110256LIMAL_2026-03-16_G02,10110256LIMAL,2026-03-16,109640,1,20,0,1432.0
10110256LIMAL_2026-03-16_G03,10110256LIMAL,2026-03-16,118191,1,100,0,1338.0
10110256LIMAL_2026-03-16_G04,10110256LIMAL,2026-03-16,111445,1,6,0,3393.0
10110256LIMAL_2026-03-16_G05,10110256LIMAL,2026-03-16,111447,1,30,0,2475.0
10110256LIMAL_2026-03-17_G02,10110256LIMAL,2026-03-17,108794,1,500,0,1508.0
10110256LIMAL_2026-03-17_G03,10110256LIMAL,2026-03-17,111569,1,21,0,2952.0
10110256LIMAL_2026-03-17_G04,10110256LIMAL,2026-03-17,111569,1,40,0,192.0
10110256LIMAL_2026-03-17_G07,10110256LIMAL,2026-03-17,110895,1,2,0,59.0
10110256LIMAL_2026-03-17_G08,10110256LIMAL,2026-03-17,110895,1,2,0,106.0
10110256LIMAL_2026-03-17_G09,10110256LIMAL,2026-03-17,141916,1,2,0,107.0
10110256LIMAL_2026-03-17_G10,10110256LIMAL,2026-03-17,117834,1,2,0,102.0
10110256LIMAL_2026-03-17_G11,10110256LIMAL,2026-03-17,117834,1,2,0,820.0
10110256LIMAL_2026-03-17_G12,10110256LIMAL,2026-03-17,111438,1,4,0,552.0
10110256LIMAL_2026-03-17_G13,10110256LIMAL,2026-03-17,100334,2,4,16,246.0
10110256LIMAL_2026-03-17_G14,10110256LIMAL,2026-03-17,111569,1,2,0,234.0
10110256LIMAL_2026-03-17_G15,10110256LIMAL,2026-03-17,109471,1,2,0,298.0
10110256LIMAL_2026-03-17_G16,10110256LIMAL,2026-03-17,118306,1,2,0,140.0
10110256LIMAL_2026-03-17_G17,10110256LIMAL,2026-03-17,110755,1,8,0,326.0
10110256LIMAL_2026-03-17_G18,10110256LIMAL,2026-03-17,141318,1,2,0,220.0
10110256LIMAL_2026-03-17_G19,10110256LIMAL,2026-03-17,141318,1,4,0,269.0
10110256LIMAL_2026-03-17_G20,10110256LIMAL,2026-03-17,142045,1,2,0,326.0
10110256LIMAL_2026-03-17_G21,10110256LIMAL,2026-03-17,142045,2,10,27,2272.0
10110256LIMAL_2026-03-17_G22,10110256LIMAL,2026-03-17,140911,1,4,0,368.0
10110256LIMAL_2026-03-17_G23,10110256LIMAL,2026-03-17,111438,1,4,0,390.0
10110256LIMAL_2026-03-17_G24,10110256LIMAL,2026-03-17,111438,1,4,0,149.0
10110256LIMAL_2026-03-18_G02,10110256LIMAL,2026-03-18,110740,1,30,0,797.0
10110256LIMAL_2026-03-18_G03,10110256LIMAL,2026-03-18,110740,1,8,0,302.0
10110256LIMAL_2026-03-18_G04,10110256LIMAL,2026-03-18,108798,1,1,0,177.0
10110256LIMAL_2026-03-18_G05,10110256LIMAL,2026-03-18,109645,1,5,0,291.0
10110256LIMAL_2026-03-18_G06,10110256LIMAL,2026-03-18,111431,1,2,0,217.0
10110256LIMAL_2026-03-18_G07,10110256LIMAL,2026-03-18,117787,2,3,14,283.0
10110256LIMAL_2026-03-18_G08,10110256LIMAL,2026-03-18,110129,1,4,0,578.0
10110256LIMAL_2026-03-18_G09,10110256LIMAL,2026-03-18,141823,1,3,0,207.0
10110256LIMAL_2026-03-18_G10,10110256LIMAL,2026-03-18,141823,1,3,0,87.0
10110256LIMAL_2026-03-18_G11,10110256LIMAL,2026-03-18,105705,1,1,0,1779.0
10110256LIMAL_2026-03-18_G12,10110256LIMAL,2026-03-18,111469,1,4,0,190.0
10110256LIMAL_2026-03-18_G13,10110256LIMAL,2026-03-18,100334,1,4,0,2114.0
10110256LIMAL_2026-03-18_G14,10110256LIMAL,2026-03-18,111465,1,10,0,799.0
10110256LIMAL_2026-03-18_G15,10110256LIMAL,2026-03-18,117785,1,12,0,1065.0
10110256LIMAL_2026-03-18_G16,10110256LIMAL,2026-03-18,111743,1,4,0,351.0
10110256LIMAL_2026-03-18_G17,10110256LIMAL,2026-03-18,142093,1,2,0,362.0
10110256LIMAL_2026-03-18_G18,10110256LIMAL,2026-03-18,142093,1,4,0,197.0
10110256LIMAL_2026-03-18_G19,10110256LIMAL,2026-03-18,142093,1,12,0,457.0
10110256LIMAL_2026-03-18_G21,10110256LIMAL,2026-03-18,117808,1,6,0,259.0
10110256LIMAL_2026-03-18_G22,10110256LIMAL,2026-03-18,117820,1,8,0,474.0
10110256LIMAL_2026-03-18_G23,10110256LIMAL,2026-03-18,110372,1,10,0,519.0
10110256LIMAL_2026-03-18_G24,10110256LIMAL,2026-03-18,160055,1,8,0,1520.0
10110256LIMAL_2026-03-18_G26,10110256LIMAL,2026-03-18,140922,1,8,0,982.0
10110256LIMAL_2026-03-19_G03,10110256LIMAL,2026-03-19,118052,1,2,0,220.0
10110256LIMAL_2026-03-19_G04,10110256LIMAL,2026-03-19,110531,1,2,0,269.0
10110256LIMAL_2026-03-19_G05,10110256LIMAL,2026-03-19,105359,1,4,0,413.0
10110256LIMAL_2026-03-20_G02,10110256LIMAL,2026-03-20,141456,1,2,0,1181.0
10110256LIMAL_2026-03-20_G03,10110256LIMAL,2026-03-20,141456,1,6,0,746.0
10110256LIMAL_2026-03-20_G04,10110256LIMAL,2026-03-20,111433,2,6,14,382.0
10110256LIMAL_2026-03-20_G05,10110256LIMAL,2026-03-20,110895,1,4,0,728.0
10110256LIMAL_2026-03-20_G06,10110256LIMAL,2026-03-20,142045,1,2,0,245.0
10110256LIMAL_2026-03-20_G07,10110256LIMAL,2026-03-20,141047,1,4,0,1322.0
10110256LIMAL_2026-03-20_G08,10110256LIMAL,2026-03-20,111466,1,4,0,1081.0
10110256LIMAL_2026-03-20_G09,10110256LIMAL,2026-03-20,117808,1,6,0,421.0
10110256LIMAL_2026-03-20_G10,10110256LIMAL,2026-03-20,110373,1,8,0,244.0
10110256LIMAL_2026-03-20_G11,10110256LIMAL,2026-03-20,117830,1,2,0,185.0
10110256LIMAL_2026-03-20_G12,10110256LIMAL,2026-03-20,110582,1,1,0,247.0
10110256LIMAL_2026-03-20_G14,10110256LIMAL,2026-03-20,111418,1,198,0,3373.0
10110256LIMAL_2026-03-20_G15,10110256LIMAL,2026-03-20,111569,1,4,0,1495.0
10110256LIMAL_2026-03-20_G16,10110256LIMAL,2026-03-20,110742,1,8,0,318.0
10110256LIMAL_2026-03-20_G17,10110256LIMAL,2026-03-20,110747,1,12,0,324.0
10110256LIMAL_2026-03-20_G18,10110256LIMAL,2026-03-20,110747,1,8,0,78.0
10110256LIMAL_2026-03-20_G19,10110256LIMAL,2026-03-20,110747,1,30,0,95.0
10110256LIMAL_2026-03-21_G02,10110256LIMAL,2026-03-21,118317,1,12,0,599.0
10110256LIMAL_2026-03-21_G03,10110256LIMAL,2026-03-21,117832,1,11,0,424.0
10110256LIMAL_2026-03-21_G04,10110256LIMAL,2026-03-21,111530,1,8,0,665.0
10110256LIMAL_2026-03-21_G05,10110256LIMAL,2026-03-21,111466,1,4,0,668.0
10110256LIMAL_2026-03-21_G06,10110256LIMAL,2026-03-21,111532,1,3,0,400.0
10110256LIMAL_2026-03-21_G07,10110256LIMAL,2026-03-21,105705,1,6,0,466.0
10110256LIMAL_2026-03-21_G08,10110256LIMAL,2026-03-21,117820,1,2,0,3187.0
10110256LIMAL_2026-03-21_G09,10110256LIMAL,2026-03-21,117836,1,4,0,348.0
10110256LIMAL_2026-03-21_G10,10110256LIMAL,2026-03-21,111466,1,24,0,897.0
10110256LIMAL_2026-03-21_G11,10110256LIMAL,2026-03-21,141458,1,36,0,1459.0
10110256LIMAL_2026-03-22_G02,10110256LIMAL,2026-03-22,141318,1,4,0,193.0
10110256LIMAL_2026-03-22_G03,10110256LIMAL,2026-03-22,111467,1,2,0,591.0
10110256LIMAL_2026-03-22_G04,10110256LIMAL,2026-03-22,110752,1,2,0,495.0
10110256LIMAL_2026-03-22_G05,10110256LIMAL,2026-03-22,107629,1,2,0,162.0
10110256LIMAL_2026-03-22_G06,10110256LIMAL,2026-03-22,111435,1,2,0,173.0
10110256LIMAL_2026-03-22_G07,10110256LIMAL,2026-03-22,140922,1,2,0,678.0
10110256LIMAL_2026-03-22_G08,10110256LIMAL,2026-03-22,117785,1,6,0,621.0
10110256LIMAL_2026-03-22_G09,10110256LIMAL,2026-03-22,111462,1,4,0,225.0
10110256LIMAL_2026-03-22_G10,10110256LIMAL,2026-03-22,111743,1,8,0,312.0
10110256LIMAL_2026-03-22_G11,10110256LIMAL,2026-03-22,117831,1,7,0,220.0
10110256LIMAL_2026-03-22_G12,10110256LIMAL,2026-03-22,111418,1,30,0,1849.0
10110256LIMAL_2026-03-22_G13,10110256LIMAL,2026-03-22,141458,1,10,0,735.0
10110256LIMAL_2026-03-22_G14,10110256LIMAL,2026-03-22,110373,1,10,0,350.0
10110256LIMAL_2026-03-22_G15,10110256LIMAL,2026-03-22,117808,1,128,0,690.0
10110256LIMAL_2026-03-22_G16,10110256LIMAL,2026-03-22,110371,1,17,0,351.0
10110256LIMAL_2026-03-23_G02,10110256LIMAL,2026-03-23,118094,1,4,0,407.0
10110256LIMAL_2026-03-23_G03,10110256LIMAL,2026-03-23,140923,1,4,0,195.0
10110256LIMAL_2026-03-23_G04,10110256LIMAL,2026-03-23,140923,1,4,0,99.0
10110256LIMAL_2026-03-23_G05,10110256LIMAL,2026-03-23,117785,1,20,0,542.0
10110256LIMAL_2026-03-23_G06,10110256LIMAL,2026-03-23,117785,1,14,0,414.0
10110256LIMAL_2026-03-23_G07,10110256LIMAL,2026-03-23,117785,1,8,0,33.0
10110256LIMAL_2026-03-23_G08,10110256LIMAL,2026-03-23,117785,1,12,0,72.0
10110256LIMAL_2026-03-23_G09,10110256LIMAL,2026-03-23,142093,1,10,0,2256.0
10110256LIMAL_2026-03-23_G10,10110256LIMAL,2026-03-23,117831,1,36,0,2779.0
10110256LIMAL_2026-03-23_G12,10110256LIMAL,2026-03-23,109471,1,4,0,121.0
10110256LIMAL_2026-03-23_G13,10110256LIMAL,2026-03-23,118306,1,2,0,1018.0
10110256LIMAL_2026-03-23_G14,10110256LIMAL,2026-03-23,110747,1,20,0,849.0
10110256LIMAL_2026-03-23_G15,10110256LIMAL,2026-03-23,117862,1,20,0,2293.0
10110256LIMAL_2026-03-23_G16,10110256LIMAL,2026-03-23,110841,1,6,0,460.0
10110256LIMAL_2026-03-23_G17,10110256LIMAL,2026-03-23,117856,1,20,0,2319.0
10110256LIMAL_2026-03-23_G18,10110256LIMAL,2026-03-23,111430,1,2,0,1248.0
10110256LIMAL_2026-03-24_G04,10110256LIMAL,2026-03-24,111439,1,6,0,581.0
10110256LIMAL_2026-03-24_G05,10110256LIMAL,2026-03-24,111602,1,2,0,215.0
10110256LIMAL_2026-03-24_G06,10110256LIMAL,2026-03-24,111443,1,4,0,1168.0
10110256LIMAL_2026-03-24_G07,10110256LIMAL,2026-03-24,111443,1,10,0,1608.0
10110256LIMAL_2026-03-24_G08,10110256LIMAL,2026-03-24,140922,1,5,0,435.0
10110256LIMAL_2026-03-24_G09,10110256LIMAL,2026-03-24,117785,1,10,0,647.0
10110256LIMAL_2026-03-24_G10,10110256LIMAL,2026-03-24,142093,1,4,0,425.0
10110256LIMAL_2026-03-24_G11,10110256LIMAL,2026-03-24,141456,1,4,0,307.0
10110256LIMAL_2026-03-24_G12,10110256LIMAL,2026-03-24,105705,1,5,0,350.0
10110256LIMAL_2026-03-25_G02,10110256LIMAL,2026-03-25,111569,1,8,0,516.0
10110256LIMAL_2026-03-25_G03,10110256LIMAL,2026-03-25,111430,1,8,0,415.0
10110256LIMAL_2026-03-25_G04,10110256LIMAL,2026-03-25,140923,1,12,0,590.0
10110256LIMAL_2026-03-25_G05,10110256LIMAL,2026-03-25,111602,1,12,0,2244.0
10110256LIMAL_2026-03-25_G06,10110256LIMAL,2026-03-25,140923,1,3,0,482.0
10110256LIMAL_2026-03-25_G07,10110256LIMAL,2026-03-25,118299,1,80,0,1986.0
10110256LIMAL_2026-03-25_G08,10110256LIMAL,2026-03-25,111418,1,80,0,1345.0
10110256LIMAL_2026-03-25_G10,10110256LIMAL,2026-03-25,105242,1,2,0,3492.0
10110256LIMAL_2026-03-25_G11,10110256LIMAL,2026-03-25,140923,1,200,0,1065.0
10110256LIMAL_2026-03-25_G12,10110256LIMAL,2026-03-25,110372,1,301,0,2914.0
10110256LIMAL_2026-03-26_G02,10110256LIMAL,2026-03-26,109643,1,8,0,468.0
10110256LIMAL_2026-03-26_G03,10110256LIMAL,2026-03-26,141202,1,2,0,187.0
10110256LIMAL_2026-03-26_G04,10110256LIMAL,2026-03-26,117840,1,2,0,127.0
10110256LIMAL_2026-03-26_G05,10110256LIMAL,2026-03-26,110375,1,3,0,149.0
10110256LIMAL_2026-03-26_G06,10110256LIMAL,2026-03-26,117830,1,7,0,1172.0
10110256LIMAL_2026-03-26_G07,10110256LIMAL,2026-03-26,110741,1,3,0,668.0
10110256LIMAL_2026-03-26_G08,10110256LIMAL,2026-03-26,107629,1,2,0,208.0
10110256LIMAL_2026-03-26_G09,10110256LIMAL,2026-03-26,118094,1,1,0,135.0
10110256LIMAL_2026-03-26_G10,10110256LIMAL,2026-03-26,117855,1,20,0,372.0
10110256LIMAL_2026-03-26_G11,10110256LIMAL,2026-03-26,117853,1,5,0,178.0
10110256LIMAL_2026-03-26_G12,10110256LIMAL,2026-03-26,141166,1,4,0,309.0
10110256LIMAL_2026-03-26_G13,10110256LIMAL,2026-03-26,117856,1,7,0,273.0
10110256LIMAL_2026-03-26_G14,10110256LIMAL,2026-03-26,117837,1,5,0,270.0
10110256LIMAL_2026-03-26_G15,10110256LIMAL,2026-03-26,110339,1,8,0,211.0
10110256LIMAL_2026-03-26_G16,10110256LIMAL,2026-03-26,141352,1,7,0,283.0
10110256LIMAL_2026-03-26_G17,10110256LIMAL,2026-03-26,141047,1,2,0,199.0
10110256LIMAL_2026-03-26_G18,10110256LIMAL,2026-03-26,101217,1,2,0,395.0
10110256LIMAL_2026-03-27_G02,10110256LIMAL,2026-03-27,110372,1,50,0,1285.0
10110256LIMAL_2026-03-27_G03,10110256LIMAL,2026-03-27,117832,1,20,0,1143.0
10110256LIMAL_2026-03-27_G04,10110256LIMAL,2026-03-27,118317,1,20,0,1999.0
10110256LIMAL_2026-03-27_G05,10110256LIMAL,2026-03-27,111418,1,50,0,1848.0
10110256LIMAL_2026-03-27_G06,10110256LIMAL,2026-03-27,111438,1,2,0,826.0
10110256LIMAL_2026-03-27_G07,10110256LIMAL,2026-03-27,111569,1,2,0,193.0
10110256LIMAL_2026-03-27_G08,10110256LIMAL,2026-03-27,110747,1,4,0,159.0
10110256LIMAL_2026-03-27_G09,10110256LIMAL,2026-03-27,118094,1,2,0,307.0
10110256LIMAL_2026-03-27_G10,10110256LIMAL,2026-03-27,140922,1,8,0,320.0
10110256LIMAL_2026-03-27_G11,10110256LIMAL,2026-03-27,109641,1,4,0,191.0
10110256LIMAL_2026-03-27_G12,10110256LIMAL,2026-03-27,111463,1,4,0,95.0
10110256LIMAL_2026-03-27_G13,10110256LIMAL,2026-03-27,110787,1,2,0,112.0
10110256LIMAL_2026-03-27_G14,10110256LIMAL,2026-03-27,142093,1,2,0,175.0
10110256LIMAL_2026-03-27_G15,10110256LIMAL,2026-03-27,141823,1,4,0,161.0
10110256LIMAL_2026-03-27_G16,10110256LIMAL,2026-03-27,105705,1,2,0,134.0
10110256LIMAL_2026-03-27_G18,10110256LIMAL,2026-03-27,110372,1,95,0,1531.0
10110256LIMAL_2026-03-27_G19,10110256LIMAL,2026-03-27,109643,1,10,0,870.0
10110256LIMAL_2026-03-27_G20,10110256LIMAL,2026-03-27,110375,1,13,0,1070.0
10110256LIMAL_2026-03-27_G21,10110256LIMAL,2026-03-27,117822,1,1,0,199.0
10110256LIMAL_2026-03-28_G02,10110256LIMAL,2026-03-28,110582,1,8,0,783.0
10110256LIMAL_2026-03-29_G02,10110256LIMAL,2026-03-29,140922,1,16,0,787.0
10110256LIMAL_2026-03-29_G03,10110256LIMAL,2026-03-29,108794,1,4,0,138.0
10110256LIMAL_2026-03-29_G05,10110256LIMAL,2026-03-29,141456,1,40,0,3395.0
10110256LIMAL_2026-03-30_G02,10110256LIMAL,2026-03-30,117820,1,4,0,327.0
10110256LIMAL_2026-03-30_G03,10110256LIMAL,2026-03-30,111602,1,30,0,1613.0
10110256LIMAL_2026-03-30_G04,10110256LIMAL,2026-03-30,111743,1,20,0,1274.0
10110256LIMAL_2026-03-30_G05,10110256LIMAL,2026-03-30,141823,1,12,0,405.0
10110256LIMAL_2026-03-30_G06,10110256LIMAL,2026-03-30,109640,1,3,0,1439.0
10110256LIMAL_2026-03-30_G07,10110256LIMAL,2026-03-30,111602,1,2,0,411.0
10110256LIMAL_2026-03-30_G08,10110256LIMAL,2026-03-30,118094,1,3,0,999.0
10110256LIMAL_2026-03-30_G09,10110256LIMAL,2026-03-30,140923,1,9,0,663.0
10110256LIMAL_2026-03-30_G10,10110256LIMAL,2026-03-30,117856,1,4,0,507.0
10110256LIMAL_2026-03-30_G12,10110256LIMAL,2026-03-30,110373,1,150,0,2490.0
10110256LIMAL_2026-03-30_G13,10110256LIMAL,2026-03-30,110372,1,125,0,3581.0
10110256LIMAL_2026-03-30_G14,10110256LIMAL,2026-03-30,110325,1,54,0,1637.0
10110256LIMAL_2026-03-31_G02,10110256LIMAL,2026-03-31,140923,1,10,0,2888.0
10110256LIMAL_2026-03-31_G03,10110256LIMAL,2026-03-31,110374,1,30,0,1675.0
10110256LIMAL_2026-03-31_G04,10110256LIMAL,2026-03-31,117820,1,30,0,1938.0
10110256LIMAL_2026-04-08_G02,10110256LIMAL,2026-04-08,110745,1,30,0,465.0
10110256LIMAL_2026-04-08_G03,10110256LIMAL,2026-04-08,110745,1,17,0,87.0
10110256LIMAL_2026-04-08_G04,10110256LIMAL,2026-04-08,110745,1,6,0,72.0
10110256LIMAL_2026-04-08_G05,10110256LIMAL,2026-04-08,142093,1,208,0,2334.0
10110256LIMAL_2026-04-08_G07,10110256LIMAL,2026-04-08,118094,1,10,0,385.0
10110256LIMAL_2026-04-08_G08,10110256LIMAL,2026-04-08,117786,1,10,0,197.0
10110256LIMAL_2026-04-08_G09,10110256LIMAL,2026-04-08,117786,1,10,0,153.0
10110256LIMAL_2026-04-08_G10,10110256LIMAL,2026-04-08,117786,1,10,0,128.0
10110256LIMAL_2026-04-08_G11,10110256LIMAL,2026-04-08,110711,1,6,0,462.0
10110257PINHEIROD_2026-04-02_G02,10110257PINHEIROD,2026-04-02,111469,1,16,0,318.0
10110257PINHEIROD_2026-04-02_G03,10110257PINHEIROD,2026-04-02,111469,1,12,0,106.0
10110257PINHEIROD_2026-04-02_G04,10110257PINHEIROD,2026-04-02,"117832, 110711",3,90,33,86.0
10110257PINHEIROD_2026-04-02_G05,10110257PINHEIROD,2026-04-02,118317,1,5,0,44.0
10110257PINHEIROD_2026-04-02_G06,10110257PINHEIROD,2026-04-02,118299,1,180,0,44.0
10110257PINHEIROD_2026-04-02_G07,10110257PINHEIROD,2026-04-02,107236,1,4,0,101.0
10110257PINHEIROD_2026-04-02_G08,10110257PINHEIROD,2026-04-02,107236,1,1,0,128.0
10110257PINHEIROD_2026-04-02_G09,10110257PINHEIROD,2026-04-02,"116241, 108711",2,36,16,63.0
10110257PINHEIROD_2026-04-02_G10,10110257PINHEIROD,2026-04-02,"111442, 116241",2,25,20,41.0
10110257PINHEIROD_2026-04-02_G11,10110257PINHEIROD,2026-04-02,111469,1,16,0,55.0
10110257PINHEIROD_2026-04-02_G12,10110257PINHEIROD,2026-04-02,118299,1,100,0,41.0
10110257PINHEIROD_2026-04-02_G13,10110257PINHEIROD,2026-04-02,116241,1,10,0,61.0
10110257PINHEIROD_2026-04-02_G14,10110257PINHEIROD,2026-04-02,118299,1,20,0,81.0
10110257PINHEIROD_2026-04-02_G15,10110257PINHEIROD,2026-04-02,124729,1,8,0,107.0
10110257PINHEIROD_2026-04-02_G16,10110257PINHEIROD,2026-04-02,"111530, 116241, 107236",4,65,55,65.0
10110257PINHEIROD_2026-04-02_G17,10110257PINHEIROD,2026-04-02,111469,1,13,0,70.0
10110257PINHEIROD_2026-04-02_G18,10110257PINHEIROD,2026-04-02,111775,1,4,0,40.0
10110258SANTOSL_2026-03-27_G02,10110258SANTOSL,2026-03-27,124247,1,13,0,1408.0
10110258SANTOSL_2026-03-27_G03,10110258SANTOSL,2026-03-27,123345,1,4,0,523.0
10110258SANTOSL_2026-03-27_G04,10110258SANTOSL,2026-03-27,123344,1,20,0,1384.0
10110258SANTOSL_2026-03-27_G05,10110258SANTOSL,2026-03-27,122962,1,20,0,658.0
10110258SANTOSL_2026-03-27_G06,10110258SANTOSL,2026-03-27,122988,1,20,0,842.0
10110258SANTOSL_2026-03-27_G07,10110258SANTOSL,2026-03-27,122962,1,80,0,1404.0
10110258SANTOSL_2026-03-27_G08,10110258SANTOSL,2026-03-27,122962,1,2,0,290.0
10110258SANTOSL_2026-03-27_G09,10110258SANTOSL,2026-03-27,123909,1,12,0,859.0
10110258SANTOSL_2026-03-27_G10,10110258SANTOSL,2026-03-27,124486,1,30,0,1306.0
10110258SANTOSL_2026-03-27_G11,10110258SANTOSL,2026-03-27,122962,1,4,0,524.0
10110258SANTOSL_2026-03-27_G12,10110258SANTOSL,2026-03-27,124582,1,4,0,377.0
10110258SANTOSL_2026-03-27_G14,10110258SANTOSL,2026-03-27,122962,1,112,0,1102.0
10110258SANTOSL_2026-03-27_G15,10110258SANTOSL,2026-03-27,122671,1,8,0,124.0
10110258SANTOSL_2026-03-27_G16,10110258SANTOSL,2026-03-27,124486,1,20,0,368.0
10110258SANTOSL_2026-03-28_G02,10110258SANTOSL,2026-03-28,122983,1,4,0,222.0
10110258SANTOSL_2026-03-28_G03,10110258SANTOSL,2026-03-28,122673,1,20,0,451.0
10110258SANTOSL_2026-03-28_G04,10110258SANTOSL,2026-03-28,124489,1,8,0,361.0
10110258SANTOSL_2026-03-28_G05,10110258SANTOSL,2026-03-28,124489,1,72,0,1226.0
10110258SANTOSL_2026-03-28_G06,10110258SANTOSL,2026-03-28,122962,1,150,0,732.0
10110258SANTOSL_2026-03-28_G07,10110258SANTOSL,2026-03-28,120028,1,40,0,1796.0
10110258SANTOSL_2026-03-28_G08,10110258SANTOSL,2026-03-28,124486,1,20,0,563.0
10110258SANTOSL_2026-03-28_G09,10110258SANTOSL,2026-03-28,123344,1,3,0,1252.0
10110258SANTOSL_2026-03-28_G10,10110258SANTOSL,2026-03-28,122647,1,6,0,397.0
10110258SANTOSL_2026-03-28_G11,10110258SANTOSL,2026-03-28,124594,1,2,0,302.0
10110258SANTOSL_2026-03-28_G12,10110258SANTOSL,2026-03-28,124582,1,9,0,268.0
10110258SANTOSL_2026-03-28_G13,10110258SANTOSL,2026-03-28,124247,1,10,0,162.0
10110258SANTOSL_2026-03-28_G14,10110258SANTOSL,2026-03-28,123822,1,50,0,831.0
10110258SANTOSL_2026-03-28_G15,10110258SANTOSL,2026-03-28,123909,1,6,0,74.0
10110258SANTOSL_2026-03-28_G16,10110258SANTOSL,2026-03-28,124624,1,2,0,364.0
10110258SANTOSL_2026-03-28_G17,10110258SANTOSL,2026-03-28,124582,1,4,0,208.0
10110258SANTOSL_2026-03-28_G18,10110258SANTOSL,2026-03-28,124489,1,7,0,242.0
10110258SANTOSL_2026-03-28_G19,10110258SANTOSL,2026-03-28,124594,1,4,0,395.0
10110258SANTOSL_2026-03-28_G20,10110258SANTOSL,2026-03-28,124582,1,7,0,263.0
10110258SANTOSL_2026-03-28_G21,10110258SANTOSL,2026-03-28,124489,1,6,0,129.0
10110258SANTOSL_2026-03-28_G22,10110258SANTOSL,2026-03-28,122671,1,24,0,558.0
10110258SANTOSL_2026-03-28_G23,10110258SANTOSL,2026-03-28,124247,1,24,0,2589.0
10110258SANTOSL_2026-03-28_G24,10110258SANTOSL,2026-03-28,124370,1,7,0,373.0
10110258SANTOSL_2026-03-28_G25,10110258SANTOSL,2026-03-28,124486,1,10,0,187.0
10110258SANTOSL_2026-03-28_G27,10110258SANTOSL,2026-03-28,124475,1,7,0,292.0
10110258SANTOSL_2026-03-28_G28,10110258SANTOSL,2026-03-28,121760,1,10,0,207.0
10110258SANTOSL_2026-03-28_G29,10110258SANTOSL,2026-03-28,121760,1,4,0,101.0
10110258SANTOSL_2026-03-28_G30,10110258SANTOSL,2026-03-28,123344,1,4,0,588.0
10110258SANTOSL_2026-03-28_G31,10110258SANTOSL,2026-03-28,124475,1,3,0,216.0
10110258SANTOSL_2026-03-28_G32,10110258SANTOSL,2026-03-28,124475,1,8,0,175.0
10110258SANTOSL_2026-03-28_G33,10110258SANTOSL,2026-03-28,122647,1,4,0,109.0
10110258SANTOSL_2026-03-28_G34,10110258SANTOSL,2026-03-28,124486,1,4,0,124.0
10110258SANTOSL_2026-03-28_G35,10110258SANTOSL,2026-03-28,122673,1,1,0,208.0
10110258SANTOSL_2026-03-28_G36,10110258SANTOSL,2026-03-28,122673,1,4,0,230.0
10110258SANTOSL_2026-03-28_G37,10110258SANTOSL,2026-03-28,121651,1,9,0,364.0
10110258SANTOSL_2026-03-28_G38,10110258SANTOSL,2026-03-28,124582,1,4,0,182.0
10110258SANTOSL_2026-03-28_G39,10110258SANTOSL,2026-03-28,123345,1,2,0,589.0
10110258SANTOSL_2026-03-28_G40,10110258SANTOSL,2026-03-28,181057,1,2,0,448.0
10110258SANTOSL_2026-03-30_G02,10110258SANTOSL,2026-03-30,122982,1,16,0,711.0
10110258SANTOSL_2026-03-30_G03,10110258SANTOSL,2026-03-30,122988,1,2,0,213.0
10110258SANTOSL_2026-03-30_G04,10110258SANTOSL,2026-03-30,124486,1,2,0,108.0
10110258SANTOSL_2026-03-30_G05,10110258SANTOSL,2026-03-30,124594,1,12,0,1790.0
10110258SANTOSL_2026-03-30_G06,10110258SANTOSL,2026-03-30,124728,1,12,0,332.0
10110258SANTOSL_2026-03-30_G07,10110258SANTOSL,2026-03-30,124486,1,20,0,314.0
10110258SANTOSL_2026-03-30_G08,10110258SANTOSL,2026-03-30,121651,1,10,0,2203.0
10110258SANTOSL_2026-03-30_G09,10110258SANTOSL,2026-03-30,123345,1,2,0,776.0
10110258SANTOSL_2026-03-30_G10,10110258SANTOSL,2026-03-30,122962,1,7,0,193.0
10110258SANTOSL_2026-03-30_G11,10110258SANTOSL,2026-03-30,122988,1,1,0,396.0
10110258SANTOSL_2026-03-30_G12,10110258SANTOSL,2026-03-30,122962,1,5,0,63.0
10110258SANTOSL_2026-03-30_G13,10110258SANTOSL,2026-03-30,124486,1,4,0,261.0
10110258SANTOSL_2026-03-30_G15,10110258SANTOSL,2026-03-30,122962,1,64,0,941.0
10110258SANTOSL_2026-03-30_G16,10110258SANTOSL,2026-03-30,120028,1,12,0,727.0
10110258SANTOSL_2026-03-30_G17,10110258SANTOSL,2026-03-30,122962,1,2,0,231.0
10110258SANTOSL_2026-03-30_G18,10110258SANTOSL,2026-03-30,122673,1,6,0,1259.0
10110258SANTOSL_2026-03-30_G19,10110258SANTOSL,2026-03-30,122185,1,10,0,942.0
10110258SANTOSL_2026-03-30_G20,10110258SANTOSL,2026-03-30,123345,1,37,0,522.0
10110258SANTOSL_2026-03-30_G21,10110258SANTOSL,2026-03-30,121651,1,12,0,971.0
10110258SANTOSL_2026-03-31_G02,10110258SANTOSL,2026-03-31,122962,1,12,0,398.0
10110258SANTOSL_2026-03-31_G03,10110258SANTOSL,2026-03-31,120389,1,100,0,1339.0
10110258SANTOSL_2026-03-31_G04,10110258SANTOSL,2026-03-31,124370,1,40,0,1567.0
10110258SANTOSL_2026-03-31_G05,10110258SANTOSL,2026-03-31,122673,1,80,0,2056.0
10110258SANTOSL_2026-03-31_G06,10110258SANTOSL,2026-03-31,123344,1,30,0,875.0
10110258SANTOSL_2026-03-31_G07,10110258SANTOSL,2026-03-31,122962,1,16,0,2139.0
10110258SANTOSL_2026-03-31_G08,10110258SANTOSL,2026-03-31,120389,1,50,0,1322.0
10110258SANTOSL_2026-03-31_G09,10110258SANTOSL,2026-03-31,122962,1,28,0,868.0
10110258SANTOSL_2026-03-31_G10,10110258SANTOSL,2026-03-31,120028,1,36,0,863.0
10110258SANTOSL_2026-03-31_G11,10110258SANTOSL,2026-03-31,120028,1,8,0,190.0
10110258SANTOSL_2026-03-31_G12,10110258SANTOSL,2026-03-31,120028,1,13,0,312.0
10110258SANTOSL_2026-03-31_G13,10110258SANTOSL,2026-03-31,124624,1,20,0,1659.0
10110258SANTOSL_2026-03-31_G14,10110258SANTOSL,2026-03-31,122962,1,20,0,405.0
10110258SANTOSL_2026-03-31_G15,10110258SANTOSL,2026-03-31,122962,1,20,0,465.0
10110258SANTOSL_2026-03-31_G16,10110258SANTOSL,2026-03-31,124582,1,18,0,523.0
10110258SANTOSL_2026-03-31_G18,10110258SANTOSL,2026-03-31,124486,1,20,0,173.0
10110258SANTOSL_2026-03-31_G19,10110258SANTOSL,2026-03-31,122185,1,20,0,890.0
10110258SANTOSL_2026-03-31_G20,10110258SANTOSL,2026-03-31,123345,1,20,0,383.0
10110259FURLANL_2026-03-23_G02,10110259FURLANL,2026-03-23,111463,1,10,0,382.0
10110259FURLANL_2026-03-23_G03,10110259FURLANL,2026-03-23,111602,1,2,0,286.0
10110259FURLANL_2026-03-23_G04,10110259FURLANL,2026-03-23,110339,1,6,0,126.0
10110259FURLANL_2026-03-23_G05,10110259FURLANL,2026-03-23,118299,1,30,0,573.0
10110259FURLANL_2026-03-23_G06,10110259FURLANL,2026-03-23,110372,1,3,0,356.0
10110259FURLANL_2026-03-23_G07,10110259FURLANL,2026-03-23,111532,1,16,0,724.0
10110259FURLANL_2026-03-23_G08,10110259FURLANL,2026-03-23,111463,1,4,0,1810.0
10110259FURLANL_2026-03-23_G09,10110259FURLANL,2026-03-23,110787,2,5,29,86.0
10110259FURLANL_2026-03-23_G10,10110259FURLANL,2026-03-23,142093,1,14,0,250.0
10110259FURLANL_2026-03-23_G11,10110259FURLANL,2026-03-23,111418,1,9,0,197.0
10110259FURLANL_2026-03-23_G12,10110259FURLANL,2026-03-23,118299,1,14,0,901.0
10110259FURLANL_2026-03-23_G13,10110259FURLANL,2026-03-23,110372,1,30,0,310.0
10110259FURLANL_2026-03-23_G14,10110259FURLANL,2026-03-23,117808,1,31,0,308.0
10110259FURLANL_2026-03-23_G15,10110259FURLANL,2026-03-23,111463,1,6,0,1019.0
10110259FURLANL_2026-03-23_G16,10110259FURLANL,2026-03-23,142045,1,12,0,633.0
10110259FURLANL_2026-03-23_G18,10110259FURLANL,2026-03-23,111172,1,5,0,1277.0
10110259FURLANL_2026-03-23_G19,10110259FURLANL,2026-03-23,140922,1,2,0,46.0
10110259FURLANL_2026-03-23_G20,10110259FURLANL,2026-03-23,142093,1,5,0,132.0
10110259FURLANL_2026-03-23_G21,10110259FURLANL,2026-03-23,111418,1,6,0,223.0
10110259FURLANL_2026-03-23_G22,10110259FURLANL,2026-03-23,110740,1,2,0,97.0
10110259FURLANL_2026-03-23_G23,10110259FURLANL,2026-03-23,141823,1,2,0,93.0
10110259FURLANL_2026-03-24_G02,10110259FURLANL,2026-03-24,117830,1,4,0,265.0
10110259FURLANL_2026-03-24_G03,10110259FURLANL,2026-03-24,140922,1,4,0,179.0
10110259FURLANL_2026-03-24_G04,10110259FURLANL,2026-03-24,117833,1,2,0,96.0
10110259FURLANL_2026-03-24_G05,10110259FURLANL,2026-03-24,110787,1,4,0,106.0
10110259FURLANL_2026-03-24_G06,10110259FURLANL,2026-03-24,111530,1,3,0,207.0
10110259FURLANL_2026-03-24_G07,10110259FURLANL,2026-03-24,140923,1,4,0,117.0
10110259FURLANL_2026-03-24_G08,10110259FURLANL,2026-03-24,111602,1,2,0,79.0
10110259FURLANL_2026-03-24_G09,10110259FURLANL,2026-03-24,111602,1,2,0,39.0
10110259FURLANL_2026-03-24_G10,10110259FURLANL,2026-03-24,109640,1,2,0,132.0
10110259FURLANL_2026-03-24_G11,10110259FURLANL,2026-03-24,110895,1,4,0,181.0
10110259FURLANL_2026-03-24_G12,10110259FURLANL,2026-03-24,142045,1,2,0,115.0
10110259FURLANL_2026-03-24_G13,10110259FURLANL,2026-03-24,118299,1,3,0,810.0
10110259FURLANL_2026-03-24_G14,10110259FURLANL,2026-03-24,117820,1,4,0,148.0
10110259FURLANL_2026-03-24_G15,10110259FURLANL,2026-03-24,111172,1,4,0,199.0
10110259FURLANL_2026-03-24_G16,10110259FURLANL,2026-03-24,141457,1,2,0,447.0
10110259FURLANL_2026-03-24_G17,10110259FURLANL,2026-03-24,140922,1,3,0,124.0
10110259FURLANL_2026-03-24_G18,10110259FURLANL,2026-03-24,111418,1,4,0,124.0
10110259FURLANL_2026-03-24_G19,10110259FURLANL,2026-03-24,117833,1,1,0,93.0
10110259FURLANL_2026-03-24_G20,10110259FURLANL,2026-03-24,110787,1,3,0,114.0
10110259FURLANL_2026-03-24_G21,10110259FURLANL,2026-03-24,140923,1,4,0,203.0
10110259FURLANL_2026-03-24_G22,10110259FURLANL,2026-03-24,111602,1,2,0,68.0
10110259FURLANL_2026-03-24_G23,10110259FURLANL,2026-03-24,117856,1,4,0,69.0
10110259FURLANL_2026-03-24_G24,10110259FURLANL,2026-03-24,110895,1,2,0,148.0
10110259FURLANL_2026-03-24_G25,10110259FURLANL,2026-03-24,118299,1,12,0,381.0
10110259FURLANL_2026-03-24_G26,10110259FURLANL,2026-03-24,117808,1,10,0,552.0
10110259FURLANL_2026-03-24_G27,10110259FURLANL,2026-03-24,111743,1,1,0,194.0
10110259FURLANL_2026-03-24_G28,10110259FURLANL,2026-03-24,111418,1,2,0,224.0
10110259FURLANL_2026-03-24_G29,10110259FURLANL,2026-03-24,110787,1,2,0,982.0
10110259FURLANL_2026-03-24_G30,10110259FURLANL,2026-03-24,141458,1,4,0,167.0
10110259FURLANL_2026-03-24_G31,10110259FURLANL,2026-03-24,140923,1,1,0,174.0
10110259FURLANL_2026-03-24_G32,10110259FURLANL,2026-03-24,111602,1,2,0,65.0
10110259FURLANL_2026-03-24_G33,10110259FURLANL,2026-03-24,109640,1,4,0,133.0
10110259FURLANL_2026-03-24_G34,10110259FURLANL,2026-03-24,117809,1,4,0,283.0
10110259FURLANL_2026-03-24_G35,10110259FURLANL,2026-03-24,111743,1,2,0,215.0
10110259FURLANL_2026-03-24_G36,10110259FURLANL,2026-03-24,111418,1,2,0,55.0
10110259FURLANL_2026-03-24_G37,10110259FURLANL,2026-03-24,111468,1,1,0,53.0
10110259FURLANL_2026-03-24_G38,10110259FURLANL,2026-03-24,111433,1,3,0,118.0
10110259FURLANL_2026-03-24_G39,10110259FURLANL,2026-03-24,118317,1,2,0,96.0
10110259FURLANL_2026-03-24_G40,10110259FURLANL,2026-03-24,111532,1,1,0,364.0
10110259FURLANL_2026-03-24_G41,10110259FURLANL,2026-03-24,111467,1,1,0,164.0
10110259FURLANL_2026-03-24_G42,10110259FURLANL,2026-03-24,117797,1,1,0,239.0
10110259FURLANL_2026-03-24_G43,10110259FURLANL,2026-03-24,111602,1,4,0,165.0
10110259FURLANL_2026-03-24_G44,10110259FURLANL,2026-03-24,110895,1,1,0,175.0
10110259FURLANL_2026-03-24_G45,10110259FURLANL,2026-03-24,141456,1,4,0,834.0
10110259FURLANL_2026-03-24_G46,10110259FURLANL,2026-03-24,141456,1,2,0,344.0
10110259FURLANL_2026-03-24_G47,10110259FURLANL,2026-03-24,117809,1,4,0,395.0
10110259FURLANL_2026-03-24_G48,10110259FURLANL,2026-03-24,118299,1,8,0,108.0
10110259FURLANL_2026-03-24_G49,10110259FURLANL,2026-03-24,117820,1,2,0,89.0
10110259FURLANL_2026-03-24_G50,10110259FURLANL,2026-03-24,117808,1,8,0,127.0
10110259FURLANL_2026-03-24_G51,10110259FURLANL,2026-03-24,117830,1,2,0,621.0
10110259FURLANL_2026-03-24_G52,10110259FURLANL,2026-03-24,111418,1,2,0,287.0
10110259FURLANL_2026-03-24_G53,10110259FURLANL,2026-03-24,110787,1,4,0,101.0
10110259FURLANL_2026-03-24_G54,10110259FURLANL,2026-03-24,141457,1,1,0,298.0
10110259FURLANL_2026-03-24_G55,10110259FURLANL,2026-03-24,140923,1,3,0,116.0
10110259FURLANL_2026-03-24_G56,10110259FURLANL,2026-03-24,111602,1,1,0,114.0
10110259FURLANL_2026-03-24_G57,10110259FURLANL,2026-03-24,111602,1,3,0,82.0
10110259FURLANL_2026-03-24_G58,10110259FURLANL,2026-03-24,109640,1,2,0,151.0
10110259FURLANL_2026-03-24_G59,10110259FURLANL,2026-03-24,110895,1,1,0,186.0
10110259FURLANL_2026-03-24_G60,10110259FURLANL,2026-03-24,111438,1,2,0,115.0
10110259FURLANL_2026-03-24_G61,10110259FURLANL,2026-03-24,117832,1,4,0,613.0
10110259FURLANL_2026-03-24_G62,10110259FURLANL,2026-03-24,110895,1,1,0,107.0
10110259FURLANL_2026-03-24_G63,10110259FURLANL,2026-03-24,117809,1,3,0,227.0
10110259FURLANL_2026-03-24_G64,10110259FURLANL,2026-03-24,118299,1,6,0,175.0
10110259FURLANL_2026-03-24_G65,10110259FURLANL,2026-03-24,117820,1,8,0,418.0
10110259FURLANL_2026-03-24_G66,10110259FURLANL,2026-03-24,110372,1,15,0,235.0
10110259FURLANL_2026-03-24_G67,10110259FURLANL,2026-03-24,117808,1,10,0,123.0
10110259FURLANL_2026-03-24_G68,10110259FURLANL,2026-03-24,117832,1,2,0,635.0
10110259FURLANL_2026-03-24_G69,10110259FURLANL,2026-03-24,117832,1,4,0,58.0
10110259FURLANL_2026-03-24_G70,10110259FURLANL,2026-03-24,141457,1,15,0,471.0
10110259FURLANL_2026-03-24_G71,10110259FURLANL,2026-03-24,111466,1,5,0,160.0
10110259FURLANL_2026-03-24_G72,10110259FURLANL,2026-03-24,117785,1,6,0,108.0
10110259FURLANL_2026-03-24_G73,10110259FURLANL,2026-03-24,111462,1,2,0,83.0
10110259FURLANL_2026-03-24_G74,10110259FURLANL,2026-03-24,111743,1,2,0,147.0
10110259FURLANL_2026-03-24_G76,10110259FURLANL,2026-03-24,141456,1,2,0,86.0
10110259FURLANL_2026-03-24_G77,10110259FURLANL,2026-03-24,117833,1,4,0,114.0
10110259FURLANL_2026-03-24_G78,10110259FURLANL,2026-03-24,110339,1,4,0,230.0
10110259FURLANL_2026-03-24_G79,10110259FURLANL,2026-03-24,111876,1,2,0,301.0
10110259FURLANL_2026-03-25_G02,10110259FURLANL,2026-03-25,109648,1,6,0,437.0
10110259FURLANL_2026-03-25_G03,10110259FURLANL,2026-03-25,118277,1,10,0,326.0
10110259FURLANL_2026-03-25_G04,10110259FURLANL,2026-03-25,117832,1,220,0,919.0
10110259FURLANL_2026-03-25_G05,10110259FURLANL,2026-03-25,111650,1,16,0,472.0
10110259FURLANL_2026-03-25_G06,10110259FURLANL,2026-03-25,117856,1,60,0,946.0
10110259FURLANL_2026-03-25_G07,10110259FURLANL,2026-03-25,118285,1,10,0,383.0
10110259FURLANL_2026-03-25_G08,10110259FURLANL,2026-03-25,117837,1,40,0,2207.0
10110259FURLANL_2026-03-25_G09,10110259FURLANL,2026-03-25,118271,1,16,0,569.0
10110259FURLANL_2026-03-25_G10,10110259FURLANL,2026-03-25,111851,1,2,0,155.0
10110259FURLANL_2026-03-25_G11,10110259FURLANL,2026-03-25,140911,1,5,0,194.0
10110259FURLANL_2026-03-25_G12,10110259FURLANL,2026-03-25,111438,1,40,0,1325.0
10110259FURLANL_2026-03-25_G13,10110259FURLANL,2026-03-25,141271,1,100,0,1924.0
10110259FURLANL_2026-03-25_G15,10110259FURLANL,2026-03-25,111435,1,7,0,159.0
10110259FURLANL_2026-03-25_G16,10110259FURLANL,2026-03-25,111330,1,12,0,503.0
10110259FURLANL_2026-03-25_G17,10110259FURLANL,2026-03-25,140922,1,16,0,2974.0
10110259FURLANL_2026-03-25_G18,10110259FURLANL,2026-03-25,111433,1,11,0,102.0
10110259FURLANL_2026-03-25_G19,10110259FURLANL,2026-03-25,111431,1,5,0,45.0
10110259FURLANL_2026-03-26_G02,10110259FURLANL,2026-03-26,141457,1,100,0,1077.0
10110259FURLANL_2026-03-26_G03,10110259FURLANL,2026-03-26,110787,1,11,0,488.0
10110259FURLANL_2026-03-26_G04,10110259FURLANL,2026-03-26,110787,1,100,0,831.0
10110259FURLANL_2026-03-26_G05,10110259FURLANL,2026-03-26,141456,1,44,0,852.0
10110259FURLANL_2026-03-26_G06,10110259FURLANL,2026-03-26,111418,1,50,0,3123.0
10110259FURLANL_2026-03-26_G08,10110259FURLANL,2026-03-26,117832,1,14,0,148.0
10110259FURLANL_2026-03-26_G09,10110259FURLANL,2026-03-26,117822,1,7,0,289.0
10110259FURLANL_2026-03-26_G10,10110259FURLANL,2026-03-26,111443,1,11,0,311.0
10110259FURLANL_2026-03-26_G11,10110259FURLANL,2026-03-26,111435,1,6,0,173.0
10110259FURLANL_2026-03-26_G12,10110259FURLANL,2026-03-26,111330,1,17,0,833.0
10110259FURLANL_2026-03-26_G13,10110259FURLANL,2026-03-26,140922,1,31,0,1179.0
10110259FURLANL_2026-03-26_G14,10110259FURLANL,2026-03-26,115209,1,12,0,612.0
10110259FURLANL_2026-03-26_G15,10110259FURLANL,2026-03-26,111462,1,60,0,1325.0
10110259FURLANL_2026-03-27_G02,10110259FURLANL,2026-03-27,118299,1,6,0,147.0
10110259FURLANL_2026-03-27_G03,10110259FURLANL,2026-03-27,110339,1,6,0,209.0
10110259FURLANL_2026-03-27_G04,10110259FURLANL,2026-03-27,141047,1,2,0,131.0
10110259FURLANL_2026-03-27_G05,10110259FURLANL,2026-03-27,118269,1,2,0,569.0
10110259FURLANL_2026-03-27_G06,10110259FURLANL,2026-03-27,109643,1,12,0,550.0
10110259FURLANL_2026-03-27_G07,10110259FURLANL,2026-03-27,141202,1,3,0,138.0
10110259FURLANL_2026-03-27_G08,10110259FURLANL,2026-03-27,160051,1,1,0,149.0
10110259FURLANL_2026-03-27_G09,10110259FURLANL,2026-03-27,110372,1,14,0,193.0
10110259FURLANL_2026-03-27_G10,10110259FURLANL,2026-03-27,109641,1,4,0,940.0
10110259FURLANL_2026-03-27_G11,10110259FURLANL,2026-03-27,111418,1,3,0,774.0
10110259FURLANL_2026-03-27_G12,10110259FURLANL,2026-03-27,142093,1,3,0,68.0
10110259FURLANL_2026-03-27_G13,10110259FURLANL,2026-03-27,105705,1,2,0,179.0
10110259FURLANL_2026-03-27_G14,10110259FURLANL,2026-03-27,141458,1,2,0,113.0
10110259FURLANL_2026-03-27_G15,10110259FURLANL,2026-03-27,117822,1,1,0,86.0
10110259FURLANL_2026-03-27_G16,10110259FURLANL,2026-03-27,110374,1,3,0,563.0
10110259FURLANL_2026-03-27_G17,10110259FURLANL,2026-03-27,117809,1,2,0,82.0
10110259FURLANL_2026-03-27_G18,10110259FURLANL,2026-03-27,141202,1,1,0,204.0
10110259FURLANL_2026-03-27_G19,10110259FURLANL,2026-03-27,117840,1,4,0,111.0
10110259FURLANL_2026-03-27_G20,10110259FURLANL,2026-03-27,117830,1,1,0,102.0
10110259FURLANL_2026-03-27_G21,10110259FURLANL,2026-03-27,142045,1,2,0,125.0
10110259FURLANL_2026-03-27_G22,10110259FURLANL,2026-03-27,110373,1,6,0,2661.0
10110259FURLANL_2026-03-27_G23,10110259FURLANL,2026-03-27,142093,1,6,0,500.0
10110259FURLANL_2026-03-27_G24,10110259FURLANL,2026-03-27,111602,1,4,0,516.0
10110259FURLANL_2026-03-27_G25,10110259FURLANL,2026-03-27,110313,1,2,0,186.0
10110259FURLANL_2026-03-27_G26,10110259FURLANL,2026-03-27,111602,1,6,0,1255.0
10110259FURLANL_2026-03-27_G27,10110259FURLANL,2026-03-27,108795,1,2,0,870.0
10110259FURLANL_2026-03-27_G28,10110259FURLANL,2026-03-27,141458,1,10,0,280.0
10110259FURLANL_2026-03-27_G29,10110259FURLANL,2026-03-27,141457,1,12,0,728.0
10110259FURLANL_2026-03-27_G31,10110259FURLANL,2026-03-27,142093,1,2,0,162.0
10110259FURLANL_2026-03-27_G32,10110259FURLANL,2026-03-27,142093,1,16,0,218.0
10110259FURLANL_2026-03-27_G33,10110259FURLANL,2026-03-27,140911,1,4,0,664.0
10110259FURLANL_2026-03-27_G34,10110259FURLANL,2026-03-27,142093,1,12,0,268.0
10110259FURLANL_2026-03-27_G35,10110259FURLANL,2026-03-27,140911,1,12,0,541.0
10110259FURLANL_2026-03-27_G36,10110259FURLANL,2026-03-27,142093,1,12,0,242.0
10110259FURLANL_2026-03-27_G37,10110259FURLANL,2026-03-27,142093,1,16,0,892.0
10110259FURLANL_2026-03-27_G38,10110259FURLANL,2026-03-27,110787,1,12,0,221.0
10110259FURLANL_2026-03-27_G39,10110259FURLANL,2026-03-27,142093,1,20,0,680.0
10110259FURLANL_2026-03-27_G40,10110259FURLANL,2026-03-27,110313,1,8,0,392.0
10110259FURLANL_2026-03-28_G02,10110259FURLANL,2026-03-28,117820,1,50,0,1795.0
10110259FURLANL_2026-03-28_G03,10110259FURLANL,2026-03-28,110372,1,100,0,1004.0
10110259FURLANL_2026-03-28_G04,10110259FURLANL,2026-03-28,117832,1,20,0,603.0
10110259FURLANL_2026-03-28_G05,10110259FURLANL,2026-03-28,117822,1,10,0,399.0
10110259FURLANL_2026-03-28_G06,10110259FURLANL,2026-03-28,117830,1,20,0,1842.0
10110259FURLANL_2026-03-28_G07,10110259FURLANL,2026-03-28,140922,1,20,0,354.0
10110259FURLANL_2026-03-28_G08,10110259FURLANL,2026-03-28,117842,1,20,0,643.0
10110259FURLANL_2026-03-28_G09,10110259FURLANL,2026-03-28,111462,1,20,0,1080.0
10110259FURLANL_2026-03-28_G10,10110259FURLANL,2026-03-28,117821,1,20,0,300.0
10110259FURLANL_2026-03-28_G11,10110259FURLANL,2026-03-28,110743,1,20,0,1011.0
10110259FURLANL_2026-03-28_G13,10110259FURLANL,2026-03-28,109647,1,10,0,359.0
10110259FURLANL_2026-03-28_G14,10110259FURLANL,2026-03-28,117855,1,14,0,181.0
10110259FURLANL_2026-03-28_G15,10110259FURLANL,2026-03-28,140923,1,2,0,145.0
10110259FURLANL_2026-03-28_G16,10110259FURLANL,2026-03-28,117862,1,6,0,975.0
10110259FURLANL_2026-03-28_G17,10110259FURLANL,2026-03-28,141271,1,4,0,145.0
10110259FURLANL_2026-03-28_G18,10110259FURLANL,2026-03-28,141456,1,10,0,287.0
10110259FURLANL_2026-03-28_G19,10110259FURLANL,2026-03-28,111418,1,12,0,146.0
10110259FURLANL_2026-03-30_G02,10110259FURLANL,2026-03-30,109647,1,4,0,90.0
10110259FURLANL_2026-03-30_G03,10110259FURLANL,2026-03-30,117820,1,39,0,1026.0
10110259FURLANL_2026-03-30_G04,10110259FURLANL,2026-03-30,117820,1,6,0,136.0
10110259FURLANL_2026-03-30_G05,10110259FURLANL,2026-03-30,141202,1,92,0,1840.0
10110259FURLANL_2026-03-30_G06,10110259FURLANL,2026-03-30,110372,1,92,0,949.0
10110259FURLANL_2026-03-30_G07,10110259FURLANL,2026-03-30,110325,1,26,0,788.0
10110259FURLANL_2026-03-30_G08,10110259FURLANL,2026-03-30,109640,1,18,0,592.0
10110259FURLANL_2026-03-30_G09,10110259FURLANL,2026-03-30,140923,1,73,0,297.0
10110259FURLANL_2026-03-30_G10,10110259FURLANL,2026-03-30,111530,1,43,0,1960.0
10110259FURLANL_2026-03-30_G12,10110259FURLANL,2026-03-30,110787,1,4,0,137.0
10110259FURLANL_2026-03-30_G13,10110259FURLANL,2026-03-30,111445,1,4,0,245.0
10110259FURLANL_2026-03-30_G14,10110259FURLANL,2026-03-30,142093,1,4,0,809.0
10110259FURLANL_2026-03-30_G16,10110259FURLANL,2026-03-30,117786,1,4,0,232.0
10110259FURLANL_2026-03-30_G17,10110259FURLANL,2026-03-30,111602,1,3,0,412.0
10110259FURLANL_2026-03-30_G18,10110259FURLANL,2026-03-30,110787,1,4,0,161.0
10110259FURLANL_2026-03-30_G19,10110259FURLANL,2026-03-30,117786,1,68,0,2374.0
10110259FURLANL_2026-03-30_G20,10110259FURLANL,2026-03-30,117786,1,60,0,539.0
10110259FURLANL_2026-03-30_G21,10110259FURLANL,2026-03-30,109645,1,4,0,1875.0
10110259FURLANL_2026-03-30_G22,10110259FURLANL,2026-03-30,108794,1,5,0,170.0
10110259FURLANL_2026-03-30_G23,10110259FURLANL,2026-03-30,110711,1,4,0,140.0
10110259FURLANL_2026-03-30_G24,10110259FURLANL,2026-03-30,109640,1,2,0,114.0
10110259FURLANL_2026-03-30_G25,10110259FURLANL,2026-03-30,111602,1,12,0,197.0
10110259FURLANL_2026-03-30_G26,10110259FURLANL,2026-03-30,110313,1,10,0,170.0
10110260MATOSL_2026-03-25_G02,10110260MATOSL,2026-03-25,111438,1,26,0,1168.0
10110260MATOSL_2026-03-25_G03,10110260MATOSL,2026-03-25,118250,1,12,0,696.0
10110260MATOSL_2026-03-25_G04,10110260MATOSL,2026-03-25,107254,1,2,0,274.0
10110260MATOSL_2026-03-25_G05,10110260MATOSL,2026-03-25,117835,1,4,0,455.0
10110260MATOSL_2026-03-25_G06,10110260MATOSL,2026-03-25,110374,1,50,0,1756.0
10110260MATOSL_2026-03-25_G07,10110260MATOSL,2026-03-25,117809,1,70,0,1787.0
10110260MATOSL_2026-03-25_G08,10110260MATOSL,2026-03-25,118277,1,16,0,1189.0
10110260MATOSL_2026-03-25_G09,10110260MATOSL,2026-03-25,118299,1,52,0,2435.0
10110260MATOSL_2026-03-25_G11,10110260MATOSL,2026-03-25,117832,1,50,0,1503.0
10110260MATOSL_2026-03-25_G12,10110260MATOSL,2026-03-25,140923,1,20,0,1869.0
10110260MATOSL_2026-03-25_G13,10110260MATOSL,2026-03-25,117785,1,30,0,3220.0
10110260MATOSL_2026-03-25_G15,10110260MATOSL,2026-03-25,142093,1,36,0,870.0
10110260MATOSL_2026-03-25_G16,10110260MATOSL,2026-03-25,110787,1,12,0,66.0
10110260MATOSL_2026-03-26_G02,10110260MATOSL,2026-03-26,111418,1,24,0,681.0
10110260MATOSL_2026-03-26_G03,10110260MATOSL,2026-03-26,110740,1,12,0,491.0
10110260MATOSL_2026-03-26_G04,10110260MATOSL,2026-03-26,111469,1,12,0,335.0
10110260MATOSL_2026-03-26_G05,10110260MATOSL,2026-03-26,111466,1,80,0,1296.0
10110260MATOSL_2026-03-26_G06,10110260MATOSL,2026-03-26,111418,1,16,0,1584.0
10110260MATOSL_2026-03-26_G07,10110260MATOSL,2026-03-26,107236,1,8,0,198.0
10110260MATOSL_2026-03-27_G02,10110260MATOSL,2026-03-27,142045,1,3,0,368.0
10110260MATOSL_2026-03-27_G03,10110260MATOSL,2026-03-27,110747,1,4,0,186.0
10110260MATOSL_2026-03-27_G04,10110260MATOSL,2026-03-27,111330,1,4,0,2316.0
10110260MATOSL_2026-03-27_G05,10110260MATOSL,2026-03-27,140922,1,6,0,137.0
10110260MATOSL_2026-03-27_G06,10110260MATOSL,2026-03-27,117785,1,2,0,252.0
10110260MATOSL_2026-03-27_G07,10110260MATOSL,2026-03-27,111463,1,1,0,106.0
10110260MATOSL_2026-03-27_G08,10110260MATOSL,2026-03-27,141456,1,4,0,224.0
10110260MATOSL_2026-03-27_G09,10110260MATOSL,2026-03-27,142093,1,7,0,406.0
10110260MATOSL_2026-03-27_G10,10110260MATOSL,2026-03-27,117785,1,1,0,1548.0
10110260MATOSL_2026-03-27_G11,10110260MATOSL,2026-03-27,141456,1,4,0,167.0
10110260MATOSL_2026-03-27_G12,10110260MATOSL,2026-03-27,110740,1,2,0,220.0
10110260MATOSL_2026-03-27_G13,10110260MATOSL,2026-03-27,141823,1,1,0,72.0
10110260MATOSL_2026-03-27_G14,10110260MATOSL,2026-03-27,105705,1,4,0,152.0
10110260MATOSL_2026-03-27_G15,10110260MATOSL,2026-03-27,110325,1,4,0,838.0
10110260MATOSL_2026-03-27_G16,10110260MATOSL,2026-03-27,117841,1,6,0,1383.0
10110260MATOSL_2026-03-27_G17,10110260MATOSL,2026-03-27,117841,1,2,0,44.0
10110260MATOSL_2026-03-27_G18,10110260MATOSL,2026-03-27,111602,1,8,0,1312.0
10110260MATOSL_2026-03-27_G19,10110260MATOSL,2026-03-27,160057,1,4,0,970.0
10110260MATOSL_2026-03-27_G20,10110260MATOSL,2026-03-27,160051,1,4,0,872.0
10110260MATOSL_2026-03-27_G21,10110260MATOSL,2026-03-27,117855,1,4,0,186.0
10110260MATOSL_2026-03-27_G22,10110260MATOSL,2026-03-27,142093,1,10,0,757.0
10110260MATOSL_2026-03-27_G23,10110260MATOSL,2026-03-27,117841,1,8,0,885.0
10110260MATOSL_2026-03-27_G24,10110260MATOSL,2026-03-27,140911,1,6,0,1561.0
10110260MATOSL_2026-03-27_G25,10110260MATOSL,2026-03-27,140911,1,4,0,198.0
10110260MATOSL_2026-03-28_G02,10110260MATOSL,2026-03-28,117861,1,2,0,276.0
10110260MATOSL_2026-03-28_G03,10110260MATOSL,2026-03-28,109640,1,2,0,144.0
10110260MATOSL_2026-03-28_G04,10110260MATOSL,2026-03-28,117821,1,1,0,332.0
10110260MATOSL_2026-03-28_G05,10110260MATOSL,2026-03-28,117785,1,4,0,166.0
10110260MATOSL_2026-03-28_G06,10110260MATOSL,2026-03-28,141271,1,8,0,298.0
10110260MATOSL_2026-03-28_G07,10110260MATOSL,2026-03-28,111463,1,1,0,90.0
10110260MATOSL_2026-03-28_G08,10110260MATOSL,2026-03-28,141456,1,8,0,497.0
10110260MATOSL_2026-03-28_G09,10110260MATOSL,2026-03-28,142093,1,2,0,168.0
10110260MATOSL_2026-03-28_G10,10110260MATOSL,2026-03-28,141823,1,1,0,1893.0
10110260MATOSL_2026-03-28_G11,10110260MATOSL,2026-03-28,141458,1,4,0,1036.0
10110260MATOSL_2026-03-28_G12,10110260MATOSL,2026-03-28,117785,1,6,0,197.0
10110260MATOSL_2026-03-28_G13,10110260MATOSL,2026-03-28,141457,1,4,0,139.0
10110260MATOSL_2026-03-28_G14,10110260MATOSL,2026-03-28,109641,1,1,0,129.0
10110260MATOSL_2026-03-28_G15,10110260MATOSL,2026-03-28,111463,1,4,0,121.0
10110260MATOSL_2026-03-28_G16,10110260MATOSL,2026-03-28,111418,1,1,0,142.0
10110260MATOSL_2026-03-28_G17,10110260MATOSL,2026-03-28,117831,1,4,0,123.0
10110260MATOSL_2026-03-28_G18,10110260MATOSL,2026-03-28,117809,1,2,0,460.0
10110260MATOSL_2026-03-28_G19,10110260MATOSL,2026-03-28,140923,1,1,0,232.0
10110260MATOSL_2026-03-28_G20,10110260MATOSL,2026-03-28,111743,1,1,0,186.0
10110260MATOSL_2026-03-28_G21,10110260MATOSL,2026-03-28,111463,1,1,0,107.0
10110260MATOSL_2026-03-28_G22,10110260MATOSL,2026-03-28,111468,1,2,0,411.0
10110260MATOSL_2026-03-28_G23,10110260MATOSL,2026-03-28,117831,1,2,0,163.0
10110260MATOSL_2026-03-28_G25,10110260MATOSL,2026-03-28,111462,1,2,0,620.0
10110260MATOSL_2026-03-28_G26,10110260MATOSL,2026-03-28,110751,1,2,0,117.0
10110260MATOSL_2026-03-28_G27,10110260MATOSL,2026-03-28,141457,1,4,0,149.0
10110260MATOSL_2026-03-28_G28,10110260MATOSL,2026-03-28,141456,1,2,0,128.0
10110260MATOSL_2026-03-28_G29,10110260MATOSL,2026-03-28,110740,1,2,0,214.0
10110260MATOSL_2026-03-28_G30,10110260MATOSL,2026-03-28,110895,1,2,0,320.0
10110260MATOSL_2026-03-28_G31,10110260MATOSL,2026-03-28,110747,1,4,0,228.0
10110260MATOSL_2026-03-28_G32,10110260MATOSL,2026-03-28,117820,1,4,0,1127.0
10110260MATOSL_2026-03-28_G33,10110260MATOSL,2026-03-28,110325,1,4,0,209.0
10110260MATOSL_2026-03-28_G34,10110260MATOSL,2026-03-28,117808,1,20,0,1804.0
10110260MATOSL_2026-03-28_G35,10110260MATOSL,2026-03-28,118299,1,8,0,385.0
10110260MATOSL_2026-03-28_G37,10110260MATOSL,2026-03-28,142093,1,14,0,537.0
10110260MATOSL_2026-03-28_G38,10110260MATOSL,2026-03-28,111530,1,50,0,1300.0
10110260MATOSL_2026-03-30_G02,10110260MATOSL,2026-03-30,100334,1,4,0,1064.0
10110260MATOSL_2026-03-30_G03,10110260MATOSL,2026-03-30,140922,1,17,0,906.0
10110260MATOSL_2026-03-30_G04,10110260MATOSL,2026-03-30,111348,1,13,0,541.0
10110260MATOSL_2026-03-30_G05,10110260MATOSL,2026-03-30,111462,1,51,0,1396.0
10110260MATOSL_2026-03-30_G06,10110260MATOSL,2026-03-30,105705,1,8,0,673.0
10110260MATOSL_2026-03-30_G07,10110260MATOSL,2026-03-30,111465,1,5,0,387.0
10110260MATOSL_2026-03-30_G08,10110260MATOSL,2026-03-30,111465,1,4,0,123.0
10110260MATOSL_2026-03-30_G09,10110260MATOSL,2026-03-30,111463,1,25,0,1480.0
10110260MATOSL_2026-03-30_G10,10110260MATOSL,2026-03-30,111463,1,53,0,1383.0
10110260MATOSL_2026-03-30_G11,10110260MATOSL,2026-03-30,110787,1,14,0,272.0
10110260MATOSL_2026-03-30_G12,10110260MATOSL,2026-03-30,140922,1,8,0,300.0
10110260MATOSL_2026-03-30_G13,10110260MATOSL,2026-03-30,110787,1,50,0,825.0
10110260MATOSL_2026-03-30_G14,10110260MATOSL,2026-03-30,108798,1,12,0,323.0
10110260MATOSL_2026-03-30_G15,10110260MATOSL,2026-03-30,108794,1,44,0,599.0
10110260MATOSL_2026-03-30_G16,10110260MATOSL,2026-03-30,110129,1,42,0,2616.0
10110260MATOSL_2026-03-30_G17,10110260MATOSL,2026-03-30,111469,1,35,0,858.0
10110260MATOSL_2026-03-30_G18,10110260MATOSL,2026-03-30,108794,1,14,0,1384.0
10110260MATOSL_2026-03-30_G19,10110260MATOSL,2026-03-30,111172,1,2,0,768.0
10110260MATOSL_2026-03-30_G21,10110260MATOSL,2026-03-30,111602,1,4,0,239.0
10110260MATOSL_2026-03-30_G22,10110260MATOSL,2026-03-30,111172,1,25,0,1200.0
10110260MATOSL_2026-03-30_G23,10110260MATOSL,2026-03-30,111172,1,4,0,125.0
10110260MATOSL_2026-03-30_G24,10110260MATOSL,2026-03-30,111172,1,4,0,1717.0
10110260MATOSL_2026-03-30_G25,10110260MATOSL,2026-03-30,111172,1,8,0,1065.0
10110260MATOSL_2026-03-30_G26,10110260MATOSL,2026-03-30,110711,1,1,0,1021.0
10110271OLIVEIRAL_2026-03-21_G02,10110271OLIVEIRAL,2026-03-21,111879,1,11,0,2286.0
10110271OLIVEIRAL_2026-03-21_G03,10110271OLIVEIRAL,2026-03-21,111602,1,2,0,110.0
10110271OLIVEIRAL_2026-03-21_G04,10110271OLIVEIRAL,2026-03-21,141047,1,13,0,683.0
10110271OLIVEIRAL_2026-03-21_G05,10110271OLIVEIRAL,2026-03-21,117837,1,10,0,690.0
10110271OLIVEIRAL_2026-03-23_G03,10110271OLIVEIRAL,2026-03-23,110374,1,6,0,298.0
10110271OLIVEIRAL_2026-03-23_G05,10110271OLIVEIRAL,2026-03-23,111463,1,8,0,462.0
10110271OLIVEIRAL_2026-03-23_G07,10110271OLIVEIRAL,2026-03-23,109643,1,13,0,291.0
10110271OLIVEIRAL_2026-03-23_G08,10110271OLIVEIRAL,2026-03-23,100334,1,4,0,1079.0
10110271OLIVEIRAL_2026-03-23_G09,10110271OLIVEIRAL,2026-03-23,117835,1,1,0,194.0
10110271OLIVEIRAL_2026-03-23_G10,10110271OLIVEIRAL,2026-03-23,140923,1,4,0,368.0
10110271OLIVEIRAL_2026-03-23_G11,10110271OLIVEIRAL,2026-03-23,117861,1,1,0,232.0
10110271OLIVEIRAL_2026-03-23_G12,10110271OLIVEIRAL,2026-03-23,111465,1,6,0,550.0
10110271OLIVEIRAL_2026-03-23_G13,10110271OLIVEIRAL,2026-03-23,142093,1,4,0,271.0
10110271OLIVEIRAL_2026-03-24_G02,10110271OLIVEIRAL,2026-03-24,118323,1,2,0,1029.0
10110271OLIVEIRAL_2026-03-24_G03,10110271OLIVEIRAL,2026-03-24,110747,1,2,0,195.0
10110271OLIVEIRAL_2026-03-24_G04,10110271OLIVEIRAL,2026-03-24,110747,1,2,0,67.0
10110271OLIVEIRAL_2026-03-24_G05,10110271OLIVEIRAL,2026-03-24,110373,1,74,0,1917.0
10110271OLIVEIRAL_2026-03-24_G06,10110271OLIVEIRAL,2026-03-24,117809,1,52,0,1352.0
10110271OLIVEIRAL_2026-03-24_G07,10110271OLIVEIRAL,2026-03-24,117809,1,35,0,340.0
10110271OLIVEIRAL_2026-03-24_G08,10110271OLIVEIRAL,2026-03-24,117837,2,4,21,601.0
10110271OLIVEIRAL_2026-03-24_G09,10110271OLIVEIRAL,2026-03-24,141202,1,6,0,2183.0
10110271OLIVEIRAL_2026-03-24_G10,10110271OLIVEIRAL,2026-03-24,110733,1,85,0,1766.0
10110271OLIVEIRAL_2026-03-24_G11,10110271OLIVEIRAL,2026-03-24,117862,1,49,0,304.0
10110271OLIVEIRAL_2026-03-24_G12,10110271OLIVEIRAL,2026-03-24,140922,1,62,0,3367.0
10110271OLIVEIRAL_2026-03-24_G13,10110271OLIVEIRAL,2026-03-24,111468,1,64,0,1614.0
10110271OLIVEIRAL_2026-03-24_G15,10110271OLIVEIRAL,2026-03-24,117832,1,20,0,508.0
10110271OLIVEIRAL_2026-03-24_G16,10110271OLIVEIRAL,2026-03-24,110895,1,6,0,359.0
10110271OLIVEIRAL_2026-03-24_G17,10110271OLIVEIRAL,2026-03-24,111532,1,50,0,243.0
10110271OLIVEIRAL_2026-03-24_G18,10110271OLIVEIRAL,2026-03-24,141457,1,95,0,1174.0
10110271OLIVEIRAL_2026-03-24_G19,10110271OLIVEIRAL,2026-03-24,141456,1,16,0,739.0
10110271OLIVEIRAL_2026-03-24_G20,10110271OLIVEIRAL,2026-03-24,111348,1,12,0,666.0
10110271OLIVEIRAL_2026-03-24_G21,10110271OLIVEIRAL,2026-03-24,141456,1,4,0,147.0
10110271OLIVEIRAL_2026-03-24_G22,10110271OLIVEIRAL,2026-03-24,141456,1,3,0,84.0
10110271OLIVEIRAL_2026-03-24_G23,10110271OLIVEIRAL,2026-03-24,110787,1,10,0,296.0
10110271OLIVEIRAL_2026-03-24_G24,10110271OLIVEIRAL,2026-03-24,105705,1,6,0,378.0
10110271OLIVEIRAL_2026-03-24_G25,10110271OLIVEIRAL,2026-03-24,117822,1,3,0,123.0
10110271OLIVEIRAL_2026-03-24_G26,10110271OLIVEIRAL,2026-03-24,111443,1,2,0,831.0
10110271OLIVEIRAL_2026-03-24_G27,10110271OLIVEIRAL,2026-03-24,141456,1,4,0,373.0
10110271OLIVEIRAL_2026-03-24_G28,10110271OLIVEIRAL,2026-03-24,141456,1,4,0,93.0
10110271OLIVEIRAL_2026-03-24_G29,10110271OLIVEIRAL,2026-03-24,111463,1,13,0,146.0
10110271OLIVEIRAL_2026-03-24_G30,10110271OLIVEIRAL,2026-03-24,141456,1,4,0,544.0
10110271OLIVEIRAL_2026-03-24_G31,10110271OLIVEIRAL,2026-03-24,111463,1,6,0,177.0
10110271OLIVEIRAL_2026-03-24_G32,10110271OLIVEIRAL,2026-03-24,140923,1,10,0,237.0
10110271OLIVEIRAL_2026-03-24_G33,10110271OLIVEIRAL,2026-03-24,111330,1,4,0,185.0
10110271OLIVEIRAL_2026-03-24_G34,10110271OLIVEIRAL,2026-03-24,105705,1,4,0,808.0
10110271OLIVEIRAL_2026-03-24_G35,10110271OLIVEIRAL,2026-03-24,110895,1,6,0,243.0
10110271OLIVEIRAL_2026-03-24_G36,10110271OLIVEIRAL,2026-03-24,110376,1,6,0,193.0
10110271OLIVEIRAL_2026-03-24_G37,10110271OLIVEIRAL,2026-03-24,117862,1,4,0,259.0
10110271OLIVEIRAL_2026-03-24_G38,10110271OLIVEIRAL,2026-03-24,111463,1,16,0,310.0
10110271OLIVEIRAL_2026-03-26_G02,10110271OLIVEIRAL,2026-03-26,117785,1,100,0,1276.0
10110271OLIVEIRAL_2026-03-26_G03,10110271OLIVEIRAL,2026-03-26,111418,1,100,0,2166.0
10110271OLIVEIRAL_2026-03-26_G04,10110271OLIVEIRAL,2026-03-26,110374,1,100,0,566.0
10110271OLIVEIRAL_2026-03-26_G05,10110271OLIVEIRAL,2026-03-26,117809,1,50,0,1357.0
10110271OLIVEIRAL_2026-03-26_G06,10110271OLIVEIRAL,2026-03-26,110373,1,400,0,2101.0
10110271OLIVEIRAL_2026-03-26_G07,10110271OLIVEIRAL,2026-03-26,117820,1,107,0,523.0
10110271OLIVEIRAL_2026-03-26_G09,10110271OLIVEIRAL,2026-03-26,111569,1,5,0,190.0
10110271OLIVEIRAL_2026-03-26_G10,10110271OLIVEIRAL,2026-03-26,142045,1,4,0,306.0
10110271OLIVEIRAL_2026-03-26_G11,10110271OLIVEIRAL,2026-03-26,105705,1,2,0,246.0
10110271OLIVEIRAL_2026-03-26_G12,10110271OLIVEIRAL,2026-03-26,117834,1,2,0,754.0
10110271OLIVEIRAL_2026-03-26_G13,10110271OLIVEIRAL,2026-03-26,117834,1,2,0,88.0
10110271OLIVEIRAL_2026-03-26_G14,10110271OLIVEIRAL,2026-03-26,111438,1,8,0,311.0
10110271OLIVEIRAL_2026-03-26_G15,10110271OLIVEIRAL,2026-03-26,111447,1,4,0,372.0
10110271OLIVEIRAL_2026-03-26_G16,10110271OLIVEIRAL,2026-03-26,111438,1,4,0,292.0
10110271OLIVEIRAL_2026-03-26_G17,10110271OLIVEIRAL,2026-03-26,117836,1,1,0,1399.0
10110271OLIVEIRAL_2026-03-26_G18,10110271OLIVEIRAL,2026-03-26,109495,1,3,0,227.0
10110271OLIVEIRAL_2026-03-26_G19,10110271OLIVEIRAL,2026-03-26,118094,1,10,0,473.0
10110271OLIVEIRAL_2026-03-26_G20,10110271OLIVEIRAL,2026-03-26,111530,1,23,0,338.0
10110271OLIVEIRAL_2026-03-26_G21,10110271OLIVEIRAL,2026-03-26,117788,1,20,0,507.0
10110271OLIVEIRAL_2026-03-26_G22,10110271OLIVEIRAL,2026-03-26,117855,1,1,0,118.0
10110271OLIVEIRAL_2026-03-26_G23,10110271OLIVEIRAL,2026-03-26,140923,1,45,0,980.0
10110271OLIVEIRAL_2026-03-26_G24,10110271OLIVEIRAL,2026-03-26,140923,1,43,0,1039.0
10110271OLIVEIRAL_2026-03-26_G25,10110271OLIVEIRAL,2026-03-26,141166,1,22,0,240.0
10110271OLIVEIRAL_2026-03-26_G26,10110271OLIVEIRAL,2026-03-26,141166,1,8,0,185.0
10110271OLIVEIRAL_2026-03-26_G27,10110271OLIVEIRAL,2026-03-26,117856,1,13,0,232.0
10110271OLIVEIRAL_2026-03-26_G28,10110271OLIVEIRAL,2026-03-26,110756,1,2,0,85.0
10110271OLIVEIRAL_2026-03-26_G29,10110271OLIVEIRAL,2026-03-26,117837,1,17,0,740.0
10110271OLIVEIRAL_2026-03-26_G30,10110271OLIVEIRAL,2026-03-26,117862,1,1,0,338.0
10110271OLIVEIRAL_2026-03-26_G31,10110271OLIVEIRAL,2026-03-26,141202,1,1,0,189.0
10110271OLIVEIRAL_2026-03-26_G32,10110271OLIVEIRAL,2026-03-26,117840,1,15,0,234.0
10110271OLIVEIRAL_2026-03-26_G33,10110271OLIVEIRAL,2026-03-26,110376,1,2,0,95.0
10110271OLIVEIRAL_2026-03-26_G34,10110271OLIVEIRAL,2026-03-26,117822,1,1,0,152.0
10110271OLIVEIRAL_2026-03-26_G35,10110271OLIVEIRAL,2026-03-26,110371,1,550,0,1180.0
10110271OLIVEIRAL_2026-03-27_G02,10110271OLIVEIRAL,2026-03-27,111348,1,3,0,186.0
10110271OLIVEIRAL_2026-03-27_G03,10110271OLIVEIRAL,2026-03-27,117785,1,24,0,345.0
10110271OLIVEIRAL_2026-03-27_G04,10110271OLIVEIRAL,2026-03-27,142093,1,8,0,275.0
10110271OLIVEIRAL_2026-03-27_G05,10110271OLIVEIRAL,2026-03-27,117820,1,20,0,336.0
10110271OLIVEIRAL_2026-03-27_G06,10110271OLIVEIRAL,2026-03-27,117808,1,30,0,881.0
10110271OLIVEIRAL_2026-03-27_G07,10110271OLIVEIRAL,2026-03-27,118326,1,30,0,1958.0
10110271OLIVEIRAL_2026-03-27_G09,10110271OLIVEIRAL,2026-03-27,117834,1,5,0,802.0
10110271OLIVEIRAL_2026-03-27_G10,10110271OLIVEIRAL,2026-03-27,117834,1,5,0,64.0
10110271OLIVEIRAL_2026-03-27_G11,10110271OLIVEIRAL,2026-03-27,107888,1,2,0,99.0
10110271OLIVEIRAL_2026-03-27_G12,10110271OLIVEIRAL,2026-03-27,107888,1,2,0,37.0
10110271OLIVEIRAL_2026-03-27_G13,10110271OLIVEIRAL,2026-03-27,118306,1,2,0,96.0
10110271OLIVEIRAL_2026-03-27_G14,10110271OLIVEIRAL,2026-03-27,118306,1,2,0,39.0
10110271OLIVEIRAL_2026-03-27_G15,10110271OLIVEIRAL,2026-03-27,110742,1,2,0,131.0
10110271OLIVEIRAL_2026-03-27_G16,10110271OLIVEIRAL,2026-03-27,110742,1,2,0,37.0
10110271OLIVEIRAL_2026-03-27_G17,10110271OLIVEIRAL,2026-03-27,109495,1,3,0,293.0
10110271OLIVEIRAL_2026-03-27_G18,10110271OLIVEIRAL,2026-03-27,118094,1,10,0,189.0
10110271OLIVEIRAL_2026-03-27_G19,10110271OLIVEIRAL,2026-03-27,117788,1,20,0,229.0
10110271OLIVEIRAL_2026-03-27_G20,10110271OLIVEIRAL,2026-03-27,117855,1,1,0,250.0
10110271OLIVEIRAL_2026-03-27_G21,10110271OLIVEIRAL,2026-03-27,140923,1,45,0,621.0
10110271OLIVEIRAL_2026-03-27_G22,10110271OLIVEIRAL,2026-03-27,111879,1,3,0,278.0
10110271OLIVEIRAL_2026-03-27_G23,10110271OLIVEIRAL,2026-03-27,111879,1,3,0,69.0
10110271OLIVEIRAL_2026-03-27_G24,10110271OLIVEIRAL,2026-03-27,117856,1,13,0,360.0
10110271OLIVEIRAL_2026-03-27_G25,10110271OLIVEIRAL,2026-03-27,110756,1,2,0,75.0
10110271OLIVEIRAL_2026-03-27_G26,10110271OLIVEIRAL,2026-03-27,117837,1,17,0,424.0
10110271OLIVEIRAL_2026-03-27_G27,10110271OLIVEIRAL,2026-03-27,117862,1,1,0,129.0
10110271OLIVEIRAL_2026-03-27_G28,10110271OLIVEIRAL,2026-03-27,110374,1,13,0,201.0
10110271OLIVEIRAL_2026-03-27_G29,10110271OLIVEIRAL,2026-03-27,117809,1,8,0,178.0
10110271OLIVEIRAL_2026-03-27_G30,10110271OLIVEIRAL,2026-03-27,109648,1,7,0,215.0
10110271OLIVEIRAL_2026-03-27_G31,10110271OLIVEIRAL,2026-03-27,109648,1,7,0,109.0
10110271OLIVEIRAL_2026-03-27_G32,10110271OLIVEIRAL,2026-03-27,117820,1,6,0,116.0
10110271OLIVEIRAL_2026-03-27_G33,10110271OLIVEIRAL,2026-03-27,110373,1,7,0,141.0
10110271OLIVEIRAL_2026-03-27_G34,10110271OLIVEIRAL,2026-03-27,141202,1,1,0,119.0
10110271OLIVEIRAL_2026-03-28_G02,10110271OLIVEIRAL,2026-03-28,111530,1,40,0,1310.0
10110271OLIVEIRAL_2026-03-28_G03,10110271OLIVEIRAL,2026-03-28,109640,1,11,0,329.0
10110271OLIVEIRAL_2026-03-28_G04,10110271OLIVEIRAL,2026-03-28,111876,1,5,0,335.0
10110271OLIVEIRAL_2026-03-28_G05,10110271OLIVEIRAL,2026-03-28,110313,1,120,0,1101.0
10110271OLIVEIRAL_2026-03-28_G06,10110271OLIVEIRAL,2026-03-28,118285,1,4,0,703.0
10110271OLIVEIRAL_2026-03-28_G07,10110271OLIVEIRAL,2026-03-28,118326,1,4,0,3146.0
10110271OLIVEIRAL_2026-03-28_G08,10110271OLIVEIRAL,2026-03-28,110311,1,2,0,1015.0
10110271OLIVEIRAL_2026-03-28_G09,10110271OLIVEIRAL,2026-03-28,142045,1,44,0,1467.0
10110271OLIVEIRAL_2026-03-28_G10,10110271OLIVEIRAL,2026-03-28,111172,1,5,0,1442.0
10110271OLIVEIRAL_2026-03-28_G12,10110271OLIVEIRAL,2026-03-28,117786,1,24,0,715.0
10110271OLIVEIRAL_2026-03-28_G13,10110271OLIVEIRAL,2026-03-28,111530,1,9,0,222.0
10110271OLIVEIRAL_2026-03-28_G14,10110271OLIVEIRAL,2026-03-28,111530,1,11,0,306.0
10110271OLIVEIRAL_2026-03-28_G15,10110271OLIVEIRAL,2026-03-28,110711,1,12,0,1898.0
10110271OLIVEIRAL_2026-03-28_G16,10110271OLIVEIRAL,2026-03-28,110711,1,60,0,858.0
10110271OLIVEIRAL_2026-03-28_G17,10110271OLIVEIRAL,2026-03-28,140923,1,16,0,415.0
10110271OLIVEIRAL_2026-03-28_G18,10110271OLIVEIRAL,2026-03-28,141066,1,4,0,325.0
10110271OLIVEIRAL_2026-03-28_G20,10110271OLIVEIRAL,2026-03-28,141916,1,4,0,1115.0
10110271OLIVEIRAL_2026-03-28_G21,10110271OLIVEIRAL,2026-03-28,108794,1,57,0,446.0
10110271OLIVEIRAL_2026-03-28_G22,10110271OLIVEIRAL,2026-03-28,110711,1,4,0,570.0
10110271OLIVEIRAL_2026-03-28_G23,10110271OLIVEIRAL,2026-03-28,123345,1,12,0,808.0
10110271OLIVEIRAL_2026-03-29_G02,10110271OLIVEIRAL,2026-03-29,110787,1,3,0,162.0
10110271OLIVEIRAL_2026-03-29_G03,10110271OLIVEIRAL,2026-03-29,111418,1,3,0,159.0
10110271OLIVEIRAL_2026-03-29_G04,10110271OLIVEIRAL,2026-03-29,108794,1,2,0,57.0
10110271OLIVEIRAL_2026-03-29_G05,10110271OLIVEIRAL,2026-03-29,108794,1,2,0,40.0
10110271OLIVEIRAL_2026-03-29_G06,10110271OLIVEIRAL,2026-03-29,141458,1,2,0,181.0
10110271OLIVEIRAL_2026-03-29_G07,10110271OLIVEIRAL,2026-03-29,110711,1,2,0,321.0
10110271OLIVEIRAL_2026-03-29_G08,10110271OLIVEIRAL,2026-03-29,117786,1,2,0,901.0
10110271OLIVEIRAL_2026-03-29_G09,10110271OLIVEIRAL,2026-03-29,105242,1,2,0,134.0
10110271OLIVEIRAL_2026-03-29_G10,10110271OLIVEIRAL,2026-03-29,141047,1,4,0,210.0
10110271OLIVEIRAL_2026-03-29_G11,10110271OLIVEIRAL,2026-03-29,117862,1,2,0,134.0
10110271OLIVEIRAL_2026-03-29_G12,10110271OLIVEIRAL,2026-03-29,110374,1,4,0,1009.0
10110271OLIVEIRAL_2026-03-29_G13,10110271OLIVEIRAL,2026-03-29,117809,1,2,0,68.0
10110271OLIVEIRAL_2026-03-29_G14,10110271OLIVEIRAL,2026-03-29,117820,1,10,0,226.0
10110271OLIVEIRAL_2026-03-29_G15,10110271OLIVEIRAL,2026-03-29,110373,1,8,0,189.0
10110271OLIVEIRAL_2026-03-29_G16,10110271OLIVEIRAL,2026-03-29,117808,1,6,0,648.0
10110271OLIVEIRAL_2026-03-29_G17,10110271OLIVEIRAL,2026-03-29,141457,1,4,0,2488.0
10110271OLIVEIRAL_2026-03-29_G18,10110271OLIVEIRAL,2026-03-29,110787,1,2,0,141.0
10110271OLIVEIRAL_2026-03-29_G19,10110271OLIVEIRAL,2026-03-29,110787,1,2,0,39.0
10110271OLIVEIRAL_2026-03-29_G20,10110271OLIVEIRAL,2026-03-29,111172,1,2,0,2568.0
10110271OLIVEIRAL_2026-03-29_G21,10110271OLIVEIRAL,2026-03-29,110895,1,2,0,2807.0
10110271OLIVEIRAL_2026-03-29_G22,10110271OLIVEIRAL,2026-03-29,110755,1,4,0,142.0
10110271OLIVEIRAL_2026-03-29_G24,10110271OLIVEIRAL,2026-03-29,140957,1,2,0,563.0
10110271OLIVEIRAL_2026-03-29_G25,10110271OLIVEIRAL,2026-03-29,141823,1,4,0,427.0
10110271OLIVEIRAL_2026-04-07_G02,10110271OLIVEIRAL,2026-04-07,111602,1,165,0,1963.0
10110271OLIVEIRAL_2026-04-07_G03,10110271OLIVEIRAL,2026-04-07,142093,1,410,0,3423.0
10110271OLIVEIRAL_2026-04-07_G04,10110271OLIVEIRAL,2026-04-07,111442,1,98,0,1014.0
10110271OLIVEIRAL_2026-04-07_G05,10110271OLIVEIRAL,2026-04-07,110376,1,154,0,2425.0
10110271OLIVEIRAL_2026-04-08_G02,10110271OLIVEIRAL,2026-04-08,110895,1,6,0,99.0
10110271OLIVEIRAL_2026-04-08_G03,10110271OLIVEIRAL,2026-04-08,111441,1,2,0,102.0
10110272NETOP_2026-03-21_G02,10110272NETOP,2026-03-21,141916,1,12,0,177.0
10110272NETOP_2026-03-21_G03,10110272NETOP,2026-03-21,117834,1,1,0,69.0
10110272NETOP_2026-03-21_G04,10110272NETOP,2026-03-21,110841,1,2,0,148.0
10110272NETOP_2026-03-21_G05,10110272NETOP,2026-03-21,100334,1,13,0,256.0
10110272NETOP_2026-03-21_G06,10110272NETOP,2026-03-21,100334,1,5,0,138.0
10110272NETOP_2026-03-21_G07,10110272NETOP,2026-03-21,100334,1,7,0,190.0
10110272NETOP_2026-03-21_G08,10110272NETOP,2026-03-21,118417,1,2,0,459.0
10110272NETOP_2026-03-21_G09,10110272NETOP,2026-03-21,115775,1,7,0,1827.0
10110272NETOP_2026-03-21_G10,10110272NETOP,2026-03-21,117835,1,5,0,532.0
10110272NETOP_2026-03-21_G11,10110272NETOP,2026-03-21,110623,1,4,0,235.0
10110272NETOP_2026-03-21_G12,10110272NETOP,2026-03-21,110582,1,4,0,132.0
10110272NETOP_2026-03-21_G13,10110272NETOP,2026-03-21,140911,1,10,0,2338.0
10110272NETOP_2026-03-21_G14,10110272NETOP,2026-03-21,118229,1,4,0,263.0
10110272NETOP_2026-03-21_G15,10110272NETOP,2026-03-21,117789,1,5,0,109.0
10110272NETOP_2026-03-21_G16,10110272NETOP,2026-03-21,100334,1,16,0,71.0
10110272NETOP_2026-03-21_G17,10110272NETOP,2026-03-21,110747,1,17,0,633.0
10110272NETOP_2026-03-21_G18,10110272NETOP,2026-03-21,116241,1,1,0,1236.0
10110272NETOP_2026-03-21_G19,10110272NETOP,2026-03-21,118223,1,2,0,1093.0
10110272NETOP_2026-03-21_G20,10110272NETOP,2026-03-21,117785,1,53,0,549.0
10110272NETOP_2026-03-21_G21,10110272NETOP,2026-03-21,110313,1,2,0,1019.0
10110272NETOP_2026-03-21_G22,10110272NETOP,2026-03-21,111602,1,2,0,113.0
10110272NETOP_2026-03-21_G24,10110272NETOP,2026-03-21,110787,1,1,0,77.0
10110272NETOP_2026-03-21_G25,10110272NETOP,2026-03-21,108759,1,2,0,711.0
10110272NETOP_2026-03-21_G26,10110272NETOP,2026-03-21,111468,1,3,0,738.0
10110272NETOP_2026-03-21_G27,10110272NETOP,2026-03-21,110787,1,2,0,93.0
10110272NETOP_2026-03-21_G28,10110272NETOP,2026-03-21,110325,1,2,0,109.0
10110272NETOP_2026-03-21_G29,10110272NETOP,2026-03-21,111418,1,20,0,510.0
10110272NETOP_2026-03-21_G30,10110272NETOP,2026-03-21,109648,1,2,0,345.0
10110272NETOP_2026-03-21_G31,10110272NETOP,2026-03-21,109643,1,2,0,92.0
10110272NETOP_2026-03-21_G32,10110272NETOP,2026-03-21,110373,1,6,0,95.0
10110272NETOP_2026-03-21_G33,10110272NETOP,2026-03-21,110372,1,25,0,210.0
10110272NETOP_2026-03-21_G34,10110272NETOP,2026-03-21,141202,1,6,0,110.0
10110272NETOP_2026-03-21_G35,10110272NETOP,2026-03-21,117830,1,14,0,236.0
10110272NETOP_2026-03-21_G36,10110272NETOP,2026-03-21,109640,1,4,0,422.0
10110272NETOP_2026-03-21_G37,10110272NETOP,2026-03-21,111743,1,2,0,143.0
10110272NETOP_2026-03-21_G38,10110272NETOP,2026-03-21,111418,1,2,0,86.0
10110272NETOP_2026-03-21_G39,10110272NETOP,2026-03-21,110787,1,4,0,94.0
10110272NETOP_2026-03-21_G40,10110272NETOP,2026-03-21,117809,1,2,0,113.0
10110272NETOP_2026-03-21_G41,10110272NETOP,2026-03-21,118299,1,6,0,108.0
10110272NETOP_2026-03-21_G42,10110272NETOP,2026-03-21,117820,1,3,0,100.0
10110272NETOP_2026-03-21_G43,10110272NETOP,2026-03-21,117808,1,8,0,124.0
10110272NETOP_2026-03-23_G02,10110272NETOP,2026-03-23,123561,1,10,0,270.0
10110272NETOP_2026-03-23_G03,10110272NETOP,2026-03-23,124475,1,6,0,552.0
10110272NETOP_2026-03-23_G04,10110272NETOP,2026-03-23,124582,1,16,0,392.0
10110272NETOP_2026-03-23_G05,10110272NETOP,2026-03-23,124476,1,6,0,189.0
10110272NETOP_2026-03-23_G06,10110272NETOP,2026-03-23,124725,1,2,0,200.0
10110272NETOP_2026-03-23_G07,10110272NETOP,2026-03-23,124725,1,2,0,353.0
10110272NETOP_2026-03-23_G08,10110272NETOP,2026-03-23,124725,1,2,0,475.0
10110272NETOP_2026-03-23_G09,10110272NETOP,2026-03-23,122962,1,27,0,1360.0
10110272NETOP_2026-03-23_G10,10110272NETOP,2026-03-23,122962,1,73,0,3285.0
10110272NETOP_2026-03-23_G11,10110272NETOP,2026-03-23,122647,1,20,0,1411.0
10110272NETOP_2026-03-23_G12,10110272NETOP,2026-03-23,122962,1,24,0,419.0
10110272NETOP_2026-03-23_G13,10110272NETOP,2026-03-23,124486,1,14,0,343.0
10110272NETOP_2026-03-23_G14,10110272NETOP,2026-03-23,123822,1,24,0,1754.0
10110272NETOP_2026-03-23_G16,10110272NETOP,2026-03-23,122671,1,8,0,144.0
10110272NETOP_2026-03-23_G17,10110272NETOP,2026-03-23,123822,1,8,0,966.0
10110272NETOP_2026-03-23_G18,10110272NETOP,2026-03-23,122962,1,6,0,521.0
10110272NETOP_2026-03-23_G19,10110272NETOP,2026-03-23,124486,1,4,0,140.0
10110272NETOP_2026-03-23_G20,10110272NETOP,2026-03-23,122647,1,2,0,191.0
10110272NETOP_2026-03-23_G21,10110272NETOP,2026-03-23,122962,1,100,0,1104.0
10110272NETOP_2026-03-23_G22,10110272NETOP,2026-03-23,124486,1,30,0,1029.0
10110272NETOP_2026-03-24_G02,10110272NETOP,2026-03-24,110376,1,1,0,75.0
10110272NETOP_2026-03-24_G03,10110272NETOP,2026-03-24,140923,1,8,0,52.0
10110272NETOP_2026-03-24_G04,10110272NETOP,2026-03-24,111443,2,8,25,467.0
10110272NETOP_2026-03-24_G05,10110272NETOP,2026-03-24,111466,1,8,0,562.0
10110272NETOP_2026-03-24_G06,10110272NETOP,2026-03-24,142093,1,10,0,336.0
10110272NETOP_2026-03-24_G07,10110272NETOP,2026-03-24,111418,1,13,0,433.0
10110272NETOP_2026-03-24_G08,10110272NETOP,2026-03-24,141457,1,4,0,175.0
10110272NETOP_2026-03-24_G09,10110272NETOP,2026-03-24,111469,1,8,0,107.0
10110272NETOP_2026-03-24_G10,10110272NETOP,2026-03-24,110373,1,12,0,412.0
10110272NETOP_2026-03-24_G11,10110272NETOP,2026-03-24,110372,1,4,0,129.0
10110272NETOP_2026-03-24_G12,10110272NETOP,2026-03-24,117808,1,46,0,453.0
10110272NETOP_2026-03-24_G13,10110272NETOP,2026-03-24,117822,1,2,0,103.0
10110272NETOP_2026-03-24_G14,10110272NETOP,2026-03-24,110325,1,4,0,506.0
10110272NETOP_2026-03-24_G15,10110272NETOP,2026-03-24,111469,1,8,0,785.0
10110272NETOP_2026-03-24_G16,10110272NETOP,2026-03-24,110373,1,4,0,169.0
10110272NETOP_2026-03-24_G17,10110272NETOP,2026-03-24,110372,1,4,0,84.0
10110272NETOP_2026-03-24_G18,10110272NETOP,2026-03-24,100334,1,6,0,205.0
10110272NETOP_2026-03-24_G19,10110272NETOP,2026-03-24,142093,1,12,0,481.0
10110272NETOP_2026-03-24_G20,10110272NETOP,2026-03-24,141458,1,6,0,204.0
10110272NETOP_2026-03-24_G21,10110272NETOP,2026-03-24,142093,1,2,0,1003.0
10110272NETOP_2026-03-24_G22,10110272NETOP,2026-03-24,110787,1,1,0,100.0
10110272NETOP_2026-03-24_G23,10110272NETOP,2026-03-24,111469,1,6,0,109.0
10110272NETOP_2026-03-24_G24,10110272NETOP,2026-03-24,110740,1,6,0,115.0
10110272NETOP_2026-03-24_G25,10110272NETOP,2026-03-24,110895,1,1,0,137.0
10110272NETOP_2026-03-24_G26,10110272NETOP,2026-03-24,141457,1,6,0,189.0
10110272NETOP_2026-03-24_G27,10110272NETOP,2026-03-24,111466,1,2,0,199.0
10110272NETOP_2026-03-24_G28,10110272NETOP,2026-03-24,141457,1,4,0,1039.0
10110272NETOP_2026-03-24_G29,10110272NETOP,2026-03-24,141457,1,6,0,154.0
10110272NETOP_2026-03-24_G30,10110272NETOP,2026-03-24,111439,1,4,0,145.0
10110272NETOP_2026-03-24_G31,10110272NETOP,2026-03-24,111602,1,6,0,219.0
10110272NETOP_2026-03-24_G32,10110272NETOP,2026-03-24,141456,1,25,0,304.0
10110272NETOP_2026-03-24_G33,10110272NETOP,2026-03-24,110787,1,19,0,863.0
10110272NETOP_2026-03-24_G34,10110272NETOP,2026-03-24,111462,1,104,0,1368.0
10110272NETOP_2026-03-24_G36,10110272NETOP,2026-03-24,141456,1,4,0,170.0
10110272NETOP_2026-03-24_G37,10110272NETOP,2026-03-24,141456,1,4,0,108.0
10110272NETOP_2026-03-24_G38,10110272NETOP,2026-03-24,141456,1,4,0,67.0
10110272NETOP_2026-03-24_G39,10110272NETOP,2026-03-24,111463,1,2,0,69.0
10110272NETOP_2026-03-24_G40,10110272NETOP,2026-03-24,111463,1,4,0,76.0
10110272NETOP_2026-03-24_G41,10110272NETOP,2026-03-24,110325,1,2,0,177.0
10110272NETOP_2026-03-24_G42,10110272NETOP,2026-03-24,111438,1,6,0,528.0
10110272NETOP_2026-03-24_G43,10110272NETOP,2026-03-24,117862,1,4,0,774.0
10110272NETOP_2026-03-24_G44,10110272NETOP,2026-03-24,141456,1,4,0,135.0
10110272NETOP_2026-03-24_G45,10110272NETOP,2026-03-24,111438,1,8,0,1136.0
10110272NETOP_2026-03-24_G46,10110272NETOP,2026-03-24,111438,1,20,0,479.0
10110272NETOP_2026-03-24_G47,10110272NETOP,2026-03-24,117862,1,4,0,348.0
10110272NETOP_2026-03-24_G48,10110272NETOP,2026-03-24,111443,1,4,0,269.0
10110272NETOP_2026-03-24_G49,10110272NETOP,2026-03-24,111443,2,12,19,67.0
10110272NETOP_2026-03-24_G50,10110272NETOP,2026-03-24,141456,1,4,0,325.0
10110272NETOP_2026-03-24_G51,10110272NETOP,2026-03-24,111463,1,20,0,330.0
10110272NETOP_2026-03-24_G52,10110272NETOP,2026-03-24,110325,1,4,0,466.0
10110272NETOP_2026-03-24_G53,10110272NETOP,2026-03-24,111443,1,2,0,237.0
10110272NETOP_2026-03-24_G54,10110272NETOP,2026-03-24,111443,1,4,0,96.0
10110272NETOP_2026-03-24_G55,10110272NETOP,2026-03-24,105705,1,4,0,391.0
10110272NETOP_2026-03-24_G56,10110272NETOP,2026-03-24,111330,1,4,0,307.0
10110272NETOP_2026-03-24_G57,10110272NETOP,2026-03-24,111463,1,6,0,113.0
10110272NETOP_2026-03-24_G58,10110272NETOP,2026-03-24,111438,1,1,0,87.0
10110272NETOP_2026-03-24_G59,10110272NETOP,2026-03-24,117862,1,2,0,196.0
10110272NETOP_2026-03-24_G60,10110272NETOP,2026-03-24,111438,1,3,0,351.0
10110272NETOP_2026-03-24_G61,10110272NETOP,2026-03-24,111439,1,4,0,119.0
10110272NETOP_2026-03-24_G62,10110272NETOP,2026-03-24,117862,1,6,0,122.0
10110272NETOP_2026-03-24_G63,10110272NETOP,2026-03-24,111463,1,4,0,141.0
10110272NETOP_2026-03-24_G64,10110272NETOP,2026-03-24,111438,1,10,0,500.0
10110272NETOP_2026-03-24_G65,10110272NETOP,2026-03-24,105705,1,2,0,278.0
10110272NETOP_2026-03-24_G66,10110272NETOP,2026-03-24,117862,1,4,0,85.0
10110272NETOP_2026-03-24_G67,10110272NETOP,2026-03-24,111438,1,3,0,187.0
10110272NETOP_2026-03-24_G68,10110272NETOP,2026-03-24,111463,1,4,0,148.0
10110272NETOP_2026-03-24_G69,10110272NETOP,2026-03-24,141456,1,4,0,195.0
10110272NETOP_2026-03-24_G70,10110272NETOP,2026-03-24,141456,1,4,0,39.0
10110272NETOP_2026-03-25_G02,10110272NETOP,2026-03-25,111466,1,8,0,179.0
10110272NETOP_2026-03-25_G03,10110272NETOP,2026-03-25,117821,1,4,0,153.0
10110272NETOP_2026-03-25_G04,10110272NETOP,2026-03-25,141457,1,2,0,308.0
10110272NETOP_2026-03-25_G05,10110272NETOP,2026-03-25,141457,1,6,0,44.0
10110272NETOP_2026-03-25_G06,10110272NETOP,2026-03-25,141457,1,12,0,88.0
10110272NETOP_2026-03-25_G07,10110272NETOP,2026-03-25,111418,1,9,0,141.0
10110272NETOP_2026-03-25_G08,10110272NETOP,2026-03-25,141456,1,12,0,156.0
10110272NETOP_2026-03-25_G09,10110272NETOP,2026-03-25,117833,1,6,0,86.0
10110272NETOP_2026-03-25_G10,10110272NETOP,2026-03-25,111469,1,4,0,100.0
10110272NETOP_2026-03-25_G11,10110272NETOP,2026-03-25,117831,1,4,0,205.0
10110272NETOP_2026-03-25_G12,10110272NETOP,2026-03-25,117809,1,4,0,357.0
10110272NETOP_2026-03-25_G13,10110272NETOP,2026-03-25,117809,1,8,0,83.0
10110272NETOP_2026-03-25_G14,10110272NETOP,2026-03-25,110373,1,8,0,132.0
10110272NETOP_2026-03-25_G15,10110272NETOP,2026-03-25,110372,1,12,0,584.0
10110272NETOP_2026-03-25_G16,10110272NETOP,2026-03-25,118299,1,21,0,43.0
10110272NETOP_2026-03-25_G17,10110272NETOP,2026-03-25,117808,1,12,0,397.0
10110272NETOP_2026-03-25_G18,10110272NETOP,2026-03-25,110375,1,2,0,81.0
10110272NETOP_2026-03-25_G19,10110272NETOP,2026-03-25,117832,1,1,0,75.0
10110272NETOP_2026-03-25_G20,10110272NETOP,2026-03-25,117830,1,4,0,93.0
10110272NETOP_2026-03-25_G21,10110272NETOP,2026-03-25,117785,1,4,0,661.0
10110272NETOP_2026-03-25_G22,10110272NETOP,2026-03-25,117809,1,50,0,1297.0
10110272NETOP_2026-03-25_G23,10110272NETOP,2026-03-25,110373,1,100,0,1155.0
10110272NETOP_2026-03-25_G24,10110272NETOP,2026-03-25,110375,1,10,0,156.0
10110272NETOP_2026-03-25_G25,10110272NETOP,2026-03-25,140911,1,3,0,791.0
10110272NETOP_2026-03-25_G26,10110272NETOP,2026-03-25,105167,1,1,0,186.0
10110272NETOP_2026-03-25_G27,10110272NETOP,2026-03-25,141352,1,10,0,274.0
10110272NETOP_2026-03-25_G28,10110272NETOP,2026-03-25,141456,1,9,0,606.0
10110272NETOP_2026-03-25_G29,10110272NETOP,2026-03-25,111443,1,16,0,927.0
10110272NETOP_2026-03-25_G30,10110272NETOP,2026-03-25,110374,1,28,0,198.0
10110272NETOP_2026-03-25_G31,10110272NETOP,2026-03-25,111466,1,64,0,1884.0
10110272NETOP_2026-03-25_G32,10110272NETOP,2026-03-25,111469,1,68,0,565.0
10110272NETOP_2026-03-25_G33,10110272NETOP,2026-03-25,117808,1,20,0,589.0
10110272NETOP_2026-03-25_G34,10110272NETOP,2026-03-25,110375,1,5,0,60.0
10110272NETOP_2026-03-25_G35,10110272NETOP,2026-03-25,117822,1,2,0,86.0
10110272NETOP_2026-03-25_G36,10110272NETOP,2026-03-25,117830,1,4,0,68.0
10110272NETOP_2026-03-25_G37,10110272NETOP,2026-03-25,107629,1,5,0,199.0
10110272NETOP_2026-03-25_G38,10110272NETOP,2026-03-25,117856,1,8,0,226.0
10110272NETOP_2026-03-25_G39,10110272NETOP,2026-03-25,108361,1,2,0,73.0
10110272NETOP_2026-03-25_G40,10110272NETOP,2026-03-25,141047,1,5,0,97.0
10110272NETOP_2026-03-25_G41,10110272NETOP,2026-03-25,117862,1,6,0,111.0
10110272NETOP_2026-03-25_G43,10110272NETOP,2026-03-25,141456,1,7,0,193.0
10110272NETOP_2026-03-25_G44,10110272NETOP,2026-03-25,111469,1,16,0,468.0
10110272NETOP_2026-03-25_G45,10110272NETOP,2026-03-25,110313,1,2,0,333.0
10110272NETOP_2026-03-25_G46,10110272NETOP,2026-03-25,117862,1,3,0,95.0
10110272NETOP_2026-03-25_G47,10110272NETOP,2026-03-25,141457,1,4,0,104.0
10110272NETOP_2026-03-25_G48,10110272NETOP,2026-03-25,141456,1,4,0,153.0
10110272NETOP_2026-03-25_G49,10110272NETOP,2026-03-25,141456,1,4,0,143.0
10110272NETOP_2026-03-25_G50,10110272NETOP,2026-03-25,141456,1,4,0,49.0
10110272NETOP_2026-03-25_G51,10110272NETOP,2026-03-25,111469,1,12,0,268.0
10110272NETOP_2026-03-25_G52,10110272NETOP,2026-03-25,111876,1,6,0,450.0
10110272NETOP_2026-03-25_G53,10110272NETOP,2026-03-25,141456,1,4,0,1232.0
10110272NETOP_2026-03-25_G54,10110272NETOP,2026-03-25,105705,1,4,0,95.0
10110272NETOP_2026-03-25_G55,10110272NETOP,2026-03-25,111443,1,2,0,183.0
10110272NETOP_2026-03-25_G56,10110272NETOP,2026-03-25,117809,1,20,0,1073.0
10110272NETOP_2026-03-25_G57,10110272NETOP,2026-03-25,117809,1,10,0,124.0
10110272NETOP_2026-03-25_G58,10110272NETOP,2026-03-25,160051,1,4,0,176.0
10110272NETOP_2026-03-25_G59,10110272NETOP,2026-03-25,117822,1,4,0,123.0
10110272NETOP_2026-03-25_G60,10110272NETOP,2026-03-25,117830,1,20,0,534.0
10110272NETOP_2026-03-25_G61,10110272NETOP,2026-03-25,117830,1,10,0,82.0
10110272NETOP_2026-03-25_G62,10110272NETOP,2026-03-25,117862,1,10,0,183.0
10110272NETOP_2026-03-25_G63,10110272NETOP,2026-03-25,142093,1,40,0,1048.0
10110272NETOP_2026-03-26_G02,10110272NETOP,2026-03-26,118094,1,20,0,269.0
10110272NETOP_2026-03-26_G03,10110272NETOP,2026-03-26,118322,1,8,0,185.0
10110272NETOP_2026-03-26_G04,10110272NETOP,2026-03-26,117797,1,9,0,101.0
10110272NETOP_2026-03-26_G05,10110272NETOP,2026-03-26,111650,1,8,0,258.0
10110272NETOP_2026-03-26_G06,10110272NETOP,2026-03-26,111879,1,16,0,304.0
10110272NETOP_2026-03-26_G07,10110272NETOP,2026-03-26,117856,1,81,0,238.0
10110272NETOP_2026-03-26_G08,10110272NETOP,2026-03-26,110339,1,44,0,637.0
10110272NETOP_2026-03-26_G09,10110272NETOP,2026-03-26,141352,1,30,0,681.0
10110272NETOP_2026-03-26_G10,10110272NETOP,2026-03-26,111353,1,8,0,101.0
10110272NETOP_2026-03-26_G11,10110272NETOP,2026-03-26,118416,1,4,0,355.0
10110272NETOP_2026-03-26_G12,10110272NETOP,2026-03-26,111199,1,2,0,109.0
10110272NETOP_2026-03-26_G13,10110272NETOP,2026-03-26,117837,1,10,0,469.0
10110272NETOP_2026-03-26_G14,10110272NETOP,2026-03-26,141916,1,37,0,369.0
10110272NETOP_2026-03-26_G15,10110272NETOP,2026-03-26,118250,1,8,0,176.0
10110272NETOP_2026-03-26_G16,10110272NETOP,2026-03-26,118253,1,8,0,311.0
10110272NETOP_2026-03-26_G17,10110272NETOP,2026-03-26,118417,1,11,0,347.0
10110272NETOP_2026-03-26_G18,10110272NETOP,2026-03-26,115775,1,8,0,286.0
10110272NETOP_2026-03-26_G19,10110272NETOP,2026-03-26,140915,1,4,0,334.0
10110272NETOP_2026-03-26_G20,10110272NETOP,2026-03-26,141318,1,8,0,177.0
10110272NETOP_2026-03-26_G21,10110272NETOP,2026-03-26,111463,1,55,0,1224.0
10110272NETOP_2026-03-26_G22,10110272NETOP,2026-03-26,111743,1,50,0,608.0
10110272NETOP_2026-03-26_G23,10110272NETOP,2026-03-26,141456,1,156,0,852.0
10110272NETOP_2026-03-26_G24,10110272NETOP,2026-03-26,118299,1,286,0,1004.0
10110272NETOP_2026-03-26_G25,10110272NETOP,2026-03-26,118299,1,432,0,815.0
10110272NETOP_2026-03-26_G26,10110272NETOP,2026-03-26,118299,1,381,0,1502.0
10110272NETOP_2026-03-26_G27,10110272NETOP,2026-03-26,118299,1,224,0,397.0
10110272NETOP_2026-03-26_G29,10110272NETOP,2026-03-26,107236,1,40,0,359.0
10110272NETOP_2026-03-26_G30,10110272NETOP,2026-03-26,110740,1,28,0,356.0
10110272NETOP_2026-03-26_G31,10110272NETOP,2026-03-26,111466,1,680,0,1766.0
10110272NETOP_2026-03-26_G32,10110272NETOP,2026-03-26,111469,1,220,0,986.0
10110272NETOP_2026-03-26_G33,10110272NETOP,2026-03-26,124248,1,29,0,2251.0
10110272NETOP_2026-03-26_G34,10110272NETOP,2026-03-26,121760,1,20,0,560.0
10110272NETOP_2026-03-26_G35,10110272NETOP,2026-03-26,122185,1,42,0,1328.0
10110272NETOP_2026-03-26_G36,10110272NETOP,2026-03-26,181057,1,6,0,301.0
10110272NETOP_2026-03-28_G02,10110272NETOP,2026-03-28,118251,1,2,0,145.0
10110272NETOP_2026-03-28_G03,10110272NETOP,2026-03-28,111602,1,13,0,243.0
10110272NETOP_2026-03-28_G04,10110272NETOP,2026-03-28,118326,1,2,0,109.0
10110272NETOP_2026-03-28_G05,10110272NETOP,2026-03-28,110376,1,21,0,184.0
10110272NETOP_2026-03-28_G06,10110272NETOP,2026-03-28,110372,1,400,0,1054.0
10110272NETOP_2026-03-28_G07,10110272NETOP,2026-03-28,118299,1,539,0,2048.0
10110272NETOP_2026-03-28_G08,10110272NETOP,2026-03-28,110371,1,100,0,240.0
10110272NETOP_2026-03-28_G09,10110272NETOP,2026-03-28,118299,1,333,0,676.0
10110272NETOP_2026-03-28_G10,10110272NETOP,2026-03-28,111602,1,221,0,2461.0
10110272NETOP_2026-03-28_G11,10110272NETOP,2026-03-28,111530,1,82,0,579.0
10110272NETOP_2026-03-28_G12,10110272NETOP,2026-03-28,110080,1,1,0,701.0
10110272NETOP_2026-03-28_G13,10110272NETOP,2026-03-28,111530,1,8,0,307.0
10110272NETOP_2026-03-28_G14,10110272NETOP,2026-03-28,117861,1,4,0,241.0
10110272NETOP_2026-03-28_G15,10110272NETOP,2026-03-28,117862,1,20,0,306.0
10110272NETOP_2026-03-28_G16,10110272NETOP,2026-03-28,111532,1,10,0,437.0
10110272NETOP_2026-03-28_G17,10110272NETOP,2026-03-28,111743,1,6,0,271.0
10110272NETOP_2026-03-28_G18,10110272NETOP,2026-03-28,111468,1,30,0,357.0
10110272NETOP_2026-03-28_G19,10110272NETOP,2026-03-28,111418,1,28,0,988.0
10110272NETOP_2026-03-28_G20,10110272NETOP,2026-03-28,107236,1,12,0,158.0
10110272NETOP_2026-03-28_G21,10110272NETOP,2026-03-28,110740,1,8,0,179.0
10110272NETOP_2026-03-28_G22,10110272NETOP,2026-03-28,111602,1,1,0,395.0
10110272NETOP_2026-03-28_G23,10110272NETOP,2026-03-28,110787,1,2,0,87.0
10110272NETOP_2026-03-28_G24,10110272NETOP,2026-03-28,110787,1,2,0,42.0
10110272NETOP_2026-03-28_G25,10110272NETOP,2026-03-28,110787,1,2,0,106.0
10110272NETOP_2026-03-28_G27,10110272NETOP,2026-03-28,109640,1,2,0,235.0
10110272NETOP_2026-03-28_G28,10110272NETOP,2026-03-28,142045,1,2,0,399.0
10110272NETOP_2026-03-28_G29,10110272NETOP,2026-03-28,111438,1,8,0,218.0
10110272NETOP_2026-03-28_G30,10110272NETOP,2026-03-28,111418,1,4,0,103.0
10110272NETOP_2026-03-28_G31,10110272NETOP,2026-03-28,140922,1,20,0,2951.0
10110272NETOP_2026-03-28_G32,10110272NETOP,2026-03-28,110751,1,4,0,140.0
10110272NETOP_2026-03-28_G33,10110272NETOP,2026-03-28,117821,1,10,0,119.0
10110272NETOP_2026-03-28_G34,10110272NETOP,2026-03-28,118330,1,6,0,218.0
10110272NETOP_2026-03-28_G35,10110272NETOP,2026-03-28,141457,1,30,0,264.0
10110272NETOP_2026-03-28_G36,10110272NETOP,2026-03-28,141457,1,10,0,115.0
10110272NETOP_2026-03-28_G37,10110272NETOP,2026-03-28,111433,1,4,0,79.0
10110272NETOP_2026-03-28_G38,10110272NETOP,2026-03-28,109641,1,5,0,662.0
10110272NETOP_2026-03-28_G39,10110272NETOP,2026-03-28,111463,1,2,0,54.0
10110272NETOP_2026-03-28_G40,10110272NETOP,2026-03-28,111463,1,20,0,159.0
10110272NETOP_2026-03-28_G41,10110272NETOP,2026-03-28,111463,1,33,0,934.0
10110272NETOP_2026-03-28_G42,10110272NETOP,2026-03-28,111463,1,6,0,45.0
10110272NETOP_2026-03-28_G43,10110272NETOP,2026-03-28,110787,2,20,19,94.0
10110272NETOP_2026-03-28_G44,10110272NETOP,2026-03-28,110787,1,20,0,243.0
10110272NETOP_2026-03-28_G45,10110272NETOP,2026-03-28,141456,3,23,40,182.0
10110272NETOP_2026-03-28_G46,10110272NETOP,2026-03-28,108798,1,4,0,195.0
10110272NETOP_2026-03-28_G47,10110272NETOP,2026-03-28,111418,1,10,0,165.0
10110272NETOP_2026-03-28_G48,10110272NETOP,2026-03-28,108794,1,10,0,92.0
10110272NETOP_2026-03-28_G49,10110272NETOP,2026-03-28,142093,1,10,0,150.0
10110272NETOP_2026-03-28_G50,10110272NETOP,2026-03-28,110740,1,4,0,1281.0
10110272NETOP_2026-03-28_G51,10110272NETOP,2026-03-28,117831,1,16,0,72.0
10110272NETOP_2026-03-28_G52,10110272NETOP,2026-03-28,141458,1,10,0,428.0
10110272NETOP_2026-03-29_G02,10110272NETOP,2026-03-29,111437,1,2,0,115.0
10110272NETOP_2026-03-29_G03,10110272NETOP,2026-03-29,110755,1,2,0,102.0
10110272NETOP_2026-03-29_G04,10110272NETOP,2026-03-29,110747,1,2,0,92.0
10110272NETOP_2026-03-29_G05,10110272NETOP,2026-03-29,110711,1,4,0,194.0
10110272NETOP_2026-03-29_G06,10110272NETOP,2026-03-29,117855,1,2,0,182.0
10110272NETOP_2026-03-29_G07,10110272NETOP,2026-03-29,140923,1,6,0,166.0
10110272NETOP_2026-03-29_G08,10110272NETOP,2026-03-29,117856,1,8,0,178.0
10110272NETOP_2026-03-29_G09,10110272NETOP,2026-03-29,141352,1,4,0,96.0
10110272NETOP_2026-03-29_G10,10110272NETOP,2026-03-29,141066,1,4,0,76.0
10110272NETOP_2026-03-29_G11,10110272NETOP,2026-03-29,111602,1,3,0,318.0
10110272NETOP_2026-03-29_G12,10110272NETOP,2026-03-29,110374,1,4,0,211.0
10110272NETOP_2026-03-29_G13,10110272NETOP,2026-03-29,117809,1,4,0,128.0
10110272NETOP_2026-03-29_G14,10110272NETOP,2026-03-29,117808,1,6,0,216.0
10110272NETOP_2026-03-29_G15,10110272NETOP,2026-03-29,117786,1,2,0,487.0
10110272NETOP_2026-03-29_G16,10110272NETOP,2026-03-29,117786,1,7,0,96.0
10110272NETOP_2026-03-29_G17,10110272NETOP,2026-03-29,110711,1,2,0,140.0
10110272NETOP_2026-03-29_G18,10110272NETOP,2026-03-29,110711,1,2,0,92.0
10110272NETOP_2026-03-29_G19,10110272NETOP,2026-03-29,108794,1,4,0,150.0
10110272NETOP_2026-03-29_G20,10110272NETOP,2026-03-29,110711,2,5,14,231.0
10110272NETOP_2026-03-29_G21,10110272NETOP,2026-03-29,109640,1,20,0,1082.0
10110272NETOP_2026-03-29_G22,10110272NETOP,2026-03-29,117808,1,700,0,2746.0
10110272NETOP_2026-03-29_G23,10110272NETOP,2026-03-29,141271,1,3,0,1159.0
10110272NETOP_2026-03-29_G24,10110272NETOP,2026-03-29,141456,1,2,0,166.0
10110272NETOP_2026-03-29_G25,10110272NETOP,2026-03-29,111418,1,8,0,196.0
10110272NETOP_2026-03-29_G26,10110272NETOP,2026-03-29,142093,1,3,0,110.0
10110272NETOP_2026-03-29_G27,10110272NETOP,2026-03-29,141458,1,5,0,190.0
10110272NETOP_2026-03-29_G28,10110272NETOP,2026-03-29,110374,1,8,0,147.0
10110272NETOP_2026-03-29_G29,10110272NETOP,2026-03-29,110747,1,3,0,162.0
10110272NETOP_2026-03-29_G30,10110272NETOP,2026-03-29,109640,1,2,0,101.0
10110272NETOP_2026-03-29_G31,10110272NETOP,2026-03-29,118299,1,3,0,887.0
10110272NETOP_2026-03-29_G32,10110272NETOP,2026-03-29,141047,1,7,0,1962.0
10110272NETOP_2026-03-29_G34,10110272NETOP,2026-03-29,111602,1,4,0,96.0
10110272NETOP_2026-03-29_G35,10110272NETOP,2026-03-29,108770,1,8,0,232.0
10110272NETOP_2026-03-29_G36,10110272NETOP,2026-03-29,110787,1,1,0,165.0
10110272NETOP_2026-03-29_G37,10110272NETOP,2026-03-29,117855,1,1,0,346.0
10110272NETOP_2026-03-29_G38,10110272NETOP,2026-03-29,117820,1,5,0,135.0
10110272NETOP_2026-03-29_G39,10110272NETOP,2026-03-29,118094,1,24,0,441.0
10110272NETOP_2026-03-29_G40,10110272NETOP,2026-03-29,117785,1,20,0,260.0
10110272NETOP_2026-03-29_G41,10110272NETOP,2026-03-29,111418,1,20,0,194.0
10110272NETOP_2026-03-29_G42,10110272NETOP,2026-03-29,105705,1,13,0,490.0
10110272NETOP_2026-03-29_G43,10110272NETOP,2026-03-29,110374,1,10,0,491.0
10110272NETOP_2026-03-29_G44,10110272NETOP,2026-03-29,110325,1,10,0,119.0
10110272NETOP_2026-03-29_G45,10110272NETOP,2026-03-29,109643,1,10,0,110.0
10110272NETOP_2026-03-29_G46,10110272NETOP,2026-03-29,117822,1,5,0,277.0
10110272NETOP_2026-03-29_G47,10110272NETOP,2026-03-29,117830,1,20,0,170.0
10110272NETOP_2026-03-29_G48,10110272NETOP,2026-03-29,141047,1,4,0,745.0
10110272NETOP_2026-03-29_G49,10110272NETOP,2026-03-29,109640,1,13,0,314.0
10110272NETOP_2026-03-29_G50,10110272NETOP,2026-03-29,111530,1,19,0,174.0
10110272NETOP_2026-03-29_G51,10110272NETOP,2026-03-29,140922,1,1,0,112.0
10110272NETOP_2026-03-29_G52,10110272NETOP,2026-03-29,141271,1,4,0,211.0
10110272NETOP_2026-03-29_G53,10110272NETOP,2026-03-29,111418,1,8,0,146.0
10110272NETOP_2026-03-29_G54,10110272NETOP,2026-03-29,108794,1,7,0,123.0
10110272NETOP_2026-03-29_G55,10110272NETOP,2026-03-29,108794,1,2,0,32.0
10110272NETOP_2026-03-29_G56,10110272NETOP,2026-03-29,142093,1,7,0,109.0
10110272NETOP_2026-03-29_G57,10110272NETOP,2026-03-29,141458,1,6,0,156.0
10110272NETOP_2026-03-29_G58,10110272NETOP,2026-03-29,111435,1,2,0,421.0
10110272NETOP_2026-03-29_G59,10110272NETOP,2026-03-29,111348,1,2,0,121.0
10110272NETOP_2026-03-29_G60,10110272NETOP,2026-03-29,117821,1,2,0,91.0
10110272NETOP_2026-03-29_G61,10110272NETOP,2026-03-29,141271,1,4,0,189.0
10110272NETOP_2026-03-29_G62,10110272NETOP,2026-03-29,109641,1,4,0,196.0
10110272NETOP_2026-03-29_G63,10110272NETOP,2026-03-29,142093,1,2,0,84.0
10110272NETOP_2026-03-29_G64,10110272NETOP,2026-03-29,141202,1,4,0,106.0
10110272NETOP_2026-03-29_G65,10110272NETOP,2026-03-29,110374,1,2,0,150.0
10110272NETOP_2026-03-29_G66,10110272NETOP,2026-03-29,141202,1,1,0,288.0
10110272NETOP_2026-03-29_G67,10110272NETOP,2026-03-29,110372,1,8,0,211.0
10110272NETOP_2026-03-29_G68,10110272NETOP,2026-03-29,109643,1,12,0,138.0
10110272NETOP_2026-03-29_G69,10110272NETOP,2026-03-29,110371,1,8,0,156.0
10110272NETOP_2026-03-29_G70,10110272NETOP,2026-03-29,117820,1,6,0,162.0
10110272NETOP_2026-03-29_G71,10110272NETOP,2026-03-29,110374,1,4,0,85.0
10110272NETOP_2026-03-29_G72,10110272NETOP,2026-03-29,141047,1,4,0,763.0
10110272NETOP_2026-03-29_G73,10110272NETOP,2026-03-29,140922,1,4,0,242.0
10110272NETOP_2026-03-30_G02,10110272NETOP,2026-03-30,108770,1,11,0,349.0
10110272NETOP_2026-03-30_G03,10110272NETOP,2026-03-30,111120,1,14,0,1791.0
10110272NETOP_2026-03-30_G04,10110272NETOP,2026-03-30,108770,1,50,0,718.0
10110272NETOP_2026-03-30_G05,10110272NETOP,2026-03-30,110895,1,80,0,685.0
10110272NETOP_2026-03-30_G06,10110272NETOP,2026-03-30,110711,1,1,0,150.0
10110272NETOP_2026-03-30_G07,10110272NETOP,2026-03-30,111530,1,60,0,493.0
10110272NETOP_2026-03-30_G08,10110272NETOP,2026-03-30,111602,1,8,0,105.0
10110272NETOP_2026-03-30_G09,10110272NETOP,2026-03-30,110313,1,55,0,596.0
10110272NETOP_2026-03-30_G10,10110272NETOP,2026-03-30,109640,1,103,0,483.0
10110272NETOP_2026-03-30_G11,10110272NETOP,2026-03-30,111348,1,26,0,164.0
10110272NETOP_2026-03-30_G12,10110272NETOP,2026-03-30,141457,1,40,0,377.0
10110272NETOP_2026-03-30_G13,10110272NETOP,2026-03-30,111463,1,5,0,451.0
10110272NETOP_2026-03-30_G14,10110272NETOP,2026-03-30,110787,1,12,0,123.0
10110272NETOP_2026-03-30_G15,10110272NETOP,2026-03-30,108794,1,60,0,787.0
10110272NETOP_2026-03-30_G16,10110272NETOP,2026-03-30,111466,1,96,0,556.0
10110272NETOP_2026-03-30_G17,10110272NETOP,2026-03-30,117786,1,45,0,848.0
10110272NETOP_2026-03-30_G18,10110272NETOP,2026-03-30,141457,1,40,0,351.0
10110272NETOP_2026-03-30_G19,10110272NETOP,2026-03-30,111172,1,44,0,930.0
10110272NETOP_2026-03-30_G20,10110272NETOP,2026-03-30,111172,1,26,0,137.0
10110272NETOP_2026-03-30_G21,10110272NETOP,2026-03-30,111330,1,28,0,302.0
10110272NETOP_2026-03-30_G23,10110272NETOP,2026-03-30,141457,1,3,0,103.0
10110272NETOP_2026-03-30_G24,10110272NETOP,2026-03-30,111463,1,10,0,138.0
10110272NETOP_2026-03-30_G25,10110272NETOP,2026-03-30,108770,1,1,0,102.0
10110272NETOP_2026-03-30_G26,10110272NETOP,2026-03-30,117786,1,2,0,163.0
10110272NETOP_2026-03-30_G27,10110272NETOP,2026-03-30,111439,1,2,0,89.0
10110272NETOP_2026-03-30_G28,10110272NETOP,2026-03-30,109640,1,4,0,596.0
10110272NETOP_2026-03-30_G29,10110272NETOP,2026-03-30,141166,1,11,0,2530.0
10110272NETOP_2026-03-30_G30,10110272NETOP,2026-03-30,141166,1,26,0,58.0
10110272NETOP_2026-03-30_G31,10110272NETOP,2026-03-30,117786,1,7,0,152.0
10110272NETOP_2026-03-30_G32,10110272NETOP,2026-03-30,117786,1,7,0,120.0
10110272NETOP_2026-03-30_G33,10110272NETOP,2026-03-30,110711,1,39,0,119.0
10110272NETOP_2026-03-30_G34,10110272NETOP,2026-03-30,110711,2,15,27,690.0
10110272NETOP_2026-03-30_G35,10110272NETOP,2026-03-30,110711,1,27,0,365.0
10110272NETOP_2026-03-30_G36,10110272NETOP,2026-03-30,110711,4,32,41,542.0
10110272NETOP_2026-03-30_G37,10110272NETOP,2026-03-30,111876,3,6,24,563.0
10110272NETOP_2026-03-30_G38,10110272NETOP,2026-03-30,111602,1,11,0,259.0
10110272NETOP_2026-03-30_G39,10110272NETOP,2026-03-30,111602,1,11,0,85.0
10110272NETOP_2026-03-30_G40,10110272NETOP,2026-03-30,110313,2,4,6,44.0
10110272NETOP_2026-03-30_G41,10110272NETOP,2026-03-30,111602,1,3,0,129.0
10110272NETOP_2026-03-30_G42,10110272NETOP,2026-03-30,111602,1,37,0,290.0
10110272NETOP_2026-03-30_G43,10110272NETOP,2026-03-30,109645,1,20,0,507.0
10110272NETOP_2026-03-30_G44,10110272NETOP,2026-03-30,109645,1,62,0,623.0
10110272NETOP_2026-03-30_G45,10110272NETOP,2026-03-30,109645,1,30,0,355.0
10110272NETOP_2026-03-30_G46,10110272NETOP,2026-03-30,109645,2,34,14,33.0
10110272NETOP_2026-03-30_G47,10110272NETOP,2026-03-30,111172,4,7,42,346.0
10110272NETOP_2026-03-30_G48,10110272NETOP,2026-03-30,111532,1,30,0,139.0
10110272NETOP_2026-03-30_G49,10110272NETOP,2026-03-30,108794,1,16,0,677.0
10110272NETOP_2026-03-30_G50,10110272NETOP,2026-03-30,108794,1,15,0,84.0
10110272NETOP_2026-03-31_G02,10110272NETOP,2026-03-31,110711,1,10,0,419.0
10110272NETOP_2026-03-31_G03,10110272NETOP,2026-03-31,140923,1,1,0,104.0
10110272NETOP_2026-03-31_G04,10110272NETOP,2026-03-31,111530,1,1,0,96.0
10110272NETOP_2026-03-31_G05,10110272NETOP,2026-03-31,141456,1,4,0,159.0
10110272NETOP_2026-03-31_G06,10110272NETOP,2026-03-31,109641,1,2,0,132.0
10110272NETOP_2026-03-31_G07,10110272NETOP,2026-03-31,111463,1,2,0,46.0
10110272NETOP_2026-03-31_G08,10110272NETOP,2026-03-31,110787,1,2,0,108.0
10110272NETOP_2026-03-31_G09,10110272NETOP,2026-03-31,117831,1,4,0,90.0
10110272NETOP_2026-03-31_G10,10110272NETOP,2026-03-31,108711,1,4,0,174.0
10110272NETOP_2026-03-31_G11,10110272NETOP,2026-03-31,117329,1,4,0,191.0
10110272NETOP_2026-03-31_G12,10110272NETOP,2026-03-31,111462,1,4,0,234.0
10110272NETOP_2026-03-31_G13,10110272NETOP,2026-03-31,117809,1,4,0,86.0
10110272NETOP_2026-03-31_G14,10110272NETOP,2026-03-31,117820,1,4,0,92.0
10110272NETOP_2026-03-31_G15,10110272NETOP,2026-03-31,110373,1,4,0,151.0
10110272NETOP_2026-03-31_G16,10110272NETOP,2026-03-31,110895,1,4,0,1530.0
10110272NETOP_2026-03-31_G17,10110272NETOP,2026-03-31,117786,1,2,0,161.0
10110272NETOP_2026-03-31_G18,10110272NETOP,2026-03-31,111172,1,4,0,130.0
10110272NETOP_2026-03-31_G19,10110272NETOP,2026-03-31,110895,1,8,0,190.0
10110272NETOP_2026-03-31_G20,10110272NETOP,2026-03-31,108770,1,2,0,115.0
10110272NETOP_2026-03-31_G21,10110272NETOP,2026-03-31,117786,1,2,0,63.0
10110272NETOP_2026-03-31_G22,10110272NETOP,2026-03-31,108711,1,2,0,104.0
10110272NETOP_2026-03-31_G23,10110272NETOP,2026-03-31,116241,1,3,0,436.0
10110272NETOP_2026-03-31_G24,10110272NETOP,2026-03-31,110895,1,4,0,588.0
10110272NETOP_2026-03-31_G25,10110272NETOP,2026-03-31,111602,1,24,0,332.0
10110272NETOP_2026-03-31_G26,10110272NETOP,2026-03-31,108711,1,3,0,163.0
10110272NETOP_2026-03-31_G27,10110272NETOP,2026-03-31,110895,1,20,0,2582.0
10110272NETOP_2026-03-31_G28,10110272NETOP,2026-03-31,108770,1,4,0,140.0
10110272NETOP_2026-03-31_G29,10110272NETOP,2026-03-31,110755,1,8,0,228.0
10110272NETOP_2026-03-31_G30,10110272NETOP,2026-03-31,100334,1,2,0,107.0
10110272NETOP_2026-03-31_G31,10110272NETOP,2026-03-31,111441,1,1,0,431.0
10110272NETOP_2026-03-31_G32,10110272NETOP,2026-03-31,111441,1,10,0,529.0
10110272NETOP_2026-03-31_G33,10110272NETOP,2026-03-31,140957,1,1,0,82.0
10110272NETOP_2026-03-31_G34,10110272NETOP,2026-03-31,110711,1,30,0,330.0
10110272NETOP_2026-03-31_G35,10110272NETOP,2026-03-31,105470,1,4,0,168.0
10110272NETOP_2026-03-31_G36,10110272NETOP,2026-03-31,140923,1,16,0,227.0
10110272NETOP_2026-03-31_G37,10110272NETOP,2026-03-31,109640,1,6,0,112.0
10110272NETOP_2026-03-31_G38,10110272NETOP,2026-03-31,109640,1,6,0,69.0
10110272NETOP_2026-03-31_G39,10110272NETOP,2026-03-31,111530,1,3,0,97.0
10110272NETOP_2026-03-31_G40,10110272NETOP,2026-03-31,117821,1,5,0,604.0
10110272NETOP_2026-03-31_G41,10110272NETOP,2026-03-31,111172,1,4,0,115.0
10110272NETOP_2026-03-31_G43,10110272NETOP,2026-03-31,110372,1,46,0,270.0
10110272NETOP_2026-03-31_G44,10110272NETOP,2026-03-31,110376,1,4,0,346.0
10110272NETOP_2026-03-31_G45,10110272NETOP,2026-03-31,110376,1,1,0,31.0
10110272NETOP_2026-03-31_G46,10110272NETOP,2026-03-31,110376,1,5,0,47.0
10110272NETOP_2026-03-31_G47,10110272NETOP,2026-03-31,110376,1,12,0,51.0
10110272NETOP_2026-03-31_G48,10110272NETOP,2026-03-31,160051,1,10,0,154.0
10110272NETOP_2026-03-31_G49,10110272NETOP,2026-03-31,160051,1,10,0,65.0
10110272NETOP_2026-03-31_G50,10110272NETOP,2026-03-31,160051,1,5,0,39.0
10110272NETOP_2026-03-31_G51,10110272NETOP,2026-03-31,117822,1,1,0,280.0
10110272NETOP_2026-03-31_G52,10110272NETOP,2026-03-31,110371,1,9,0,85.0
10110272NETOP_2026-03-31_G53,10110272NETOP,2026-03-31,110371,1,8,0,253.0
10110272NETOP_2026-03-31_G54,10110272NETOP,2026-03-31,110371,1,12,0,77.0
10110272NETOP_2026-03-31_G55,10110272NETOP,2026-03-31,117830,1,18,0,164.0
10110272NETOP_2026-03-31_G56,10110272NETOP,2026-03-31,117830,1,10,0,79.0
10110272NETOP_2026-03-31_G57,10110272NETOP,2026-03-31,117830,1,12,0,156.0
10110272NETOP_2026-03-31_G58,10110272NETOP,2026-03-31,117830,1,2,0,52.0
10110272NETOP_2026-03-31_G59,10110272NETOP,2026-03-31,111722,1,4,0,423.0
10110272NETOP_2026-03-31_G60,10110272NETOP,2026-03-31,111569,1,166,0,1973.0
10110272NETOP_2026-03-31_G61,10110272NETOP,2026-03-31,110753,1,17,0,398.0
10110272NETOP_2026-03-31_G62,10110272NETOP,2026-03-31,118094,1,41,0,165.0
10110272NETOP_2026-03-31_G63,10110272NETOP,2026-03-31,108711,1,160,0,869.0
10110272NETOP_2026-03-31_G64,10110272NETOP,2026-03-31,108711,1,60,0,368.0
10110272NETOP_2026-04-01_G03,10110272NETOP,2026-04-01,"109641, 111465",2,61,12,535.0
10110272NETOP_2026-04-01_G04,10110272NETOP,2026-04-01,110313,1,233,0,1229.0
10110272NETOP_2026-04-06_G02,10110272NETOP,2026-04-06,120028,1,60,0,1783.0
10110272NETOP_2026-04-06_G04,10110272NETOP,2026-04-06,123344,1,28,0,460.0
ALVESL_2025-01-14_G02,ALVESL,2025-01-14,110755,1,20,0,179.0
ALVESL_2025-01-14_G03,ALVESL,2025-01-14,111438,1,24,0,130.0
ALVESL_2025-01-14_G04,ALVESL,2025-01-14,110742,1,8,0,321.0
ALVESL_2025-01-14_G05,ALVESL,2025-01-14,111430,1,8,0,72.0
ALVESL_2025-01-14_G06,ALVESL,2025-01-14,118306,1,1,0,101.0
ALVESL_2025-01-14_G07,ALVESL,2025-01-14,110747,1,13,0,182.0
ALVESL_2025-01-14_G08,ALVESL,2025-01-14,118250,1,9,0,374.0
ALVESL_2025-01-14_G09,ALVESL,2025-01-14,118222,1,4,0,89.0
ALVESL_2025-01-14_G10,ALVESL,2025-01-14,117853,1,16,0,468.0
ALVESL_2025-01-14_G11,ALVESL,2025-01-14,117853,1,4,0,67.0
ALVESL_2025-01-14_G12,ALVESL,2025-01-14,111530,1,10,0,127.0
ALVESL_2025-01-14_G13,ALVESL,2025-01-14,110313,1,6,0,1045.0
ALVESL_2025-01-14_G14,ALVESL,2025-01-14,111467,1,11,0,69.0
ALVESL_2025-01-14_G15,ALVESL,2025-01-14,117856,1,12,0,194.0
ALVESL_2025-01-14_G16,ALVESL,2025-01-14,109640,1,8,0,76.0
ALVESL_2025-01-14_G17,ALVESL,2025-01-14,117786,1,6,0,111.0
ALVESL_2025-01-14_G18,ALVESL,2025-01-14,118298,1,6,0,102.0
ALVESL_2025-01-14_G19,ALVESL,2025-01-14,141047,1,9,0,154.0
ALVESL_2025-01-14_G20,ALVESL,2025-01-14,118094,2,60,10,110.0
ALVESL_2025-01-14_G21,ALVESL,2025-01-14,117820,1,201,0,954.0
ALVESL_2025-01-14_G22,ALVESL,2025-01-14,117809,1,3,0,255.0
ALVESL_2025-01-14_G23,ALVESL,2025-01-14,108711,1,25,0,193.0
ALVESL_2025-01-14_G24,ALVESL,2025-01-14,108794,1,1,0,128.0
ALVESL_2025-01-14_G25,ALVESL,2025-01-14,109645,1,4,0,117.0
ALVESL_2025-01-14_G26,ALVESL,2025-01-14,105705,1,4,0,85.0
ALVESL_2025-01-14_G27,ALVESL,2025-01-14,117821,1,49,0,157.0
ALVESL_2025-01-14_G28,ALVESL,2025-01-14,110743,1,3,0,284.0
ALVESL_2025-01-14_G30,ALVESL,2025-01-14,110733,1,4,0,106.0
ALVESL_2025-01-14_G31,ALVESL,2025-01-14,110711,1,12,0,111.0
ALVESL_2025-01-14_G32,ALVESL,2025-01-14,140922,1,4,0,121.0
ALVESL_2025-01-14_G33,ALVESL,2025-01-14,141047,1,4,0,115.0
ALVESL_2025-01-14_G34,ALVESL,2025-01-14,111530,1,8,0,136.0
ALVESL_2025-01-14_G35,ALVESL,2025-01-14,140922,1,12,0,490.0
ALVESL_2025-01-14_G36,ALVESL,2025-01-14,110313,1,4,0,152.0
ALVESL_2025-01-14_G37,ALVESL,2025-01-14,108794,1,6,0,92.0
ALVESL_2025-01-14_G38,ALVESL,2025-01-14,108794,1,4,0,50.0
ALVESL_2025-01-14_G39,ALVESL,2025-01-14,111463,1,8,0,218.0
ALVESL_2025-01-14_G40,ALVESL,2025-01-14,111463,1,82,0,318.0
ALVESL_2025-01-14_G41,ALVESL,2025-01-14,109640,1,4,0,325.0
ALVESL_2025-01-14_G42,ALVESL,2025-01-14,111442,1,6,0,96.0
ALVESL_2025-01-14_G43,ALVESL,2025-01-14,111442,1,10,0,65.0
ALVESL_2025-01-14_G44,ALVESL,2025-01-14,140922,1,8,0,105.0
ALVESL_2025-01-14_G45,ALVESL,2025-01-14,140922,1,8,0,101.0
ALVESL_2025-01-14_G46,ALVESL,2025-01-14,111463,1,12,0,175.0
ALVESL_2025-01-14_G47,ALVESL,2025-01-14,110313,2,10,14,336.0
ALVESL_2025-01-14_G48,ALVESL,2025-01-14,108711,1,4,0,79.0
ALVESL_2025-01-14_G49,ALVESL,2025-01-14,118299,1,86,0,979.0
ALVESL_2025-01-14_G50,ALVESL,2025-01-14,110372,1,27,0,261.0
ALVESL_2025-01-14_G51,ALVESL,2025-01-14,111435,1,6,0,187.0
ALVESL_2025-01-14_G52,ALVESL,2025-01-14,110740,1,14,0,106.0
ALVESL_2025-01-14_G53,ALVESL,2025-01-14,110751,1,2,0,138.0
ALVESL_2025-01-14_G54,ALVESL,2025-01-14,108795,1,4,0,68.0
ALVESL_2025-01-14_G55,ALVESL,2025-01-14,140922,1,2,0,52.0
ALVESL_2025-01-14_G56,ALVESL,2025-01-14,117821,1,25,0,183.0
ALVESL_2025-01-14_G57,ALVESL,2025-01-14,117785,1,2,0,86.0
ALVESL_2025-01-14_G58,ALVESL,2025-01-14,111418,1,123,0,581.0
ALVESL_2025-01-14_G59,ALVESL,2025-01-14,111462,1,60,0,298.0
ALVESL_2025-01-14_G60,ALVESL,2025-01-14,118299,1,124,0,307.0
ALVESL_2025-01-14_G61,ALVESL,2025-01-14,117831,1,19,0,110.0
ALVESL_2025-01-14_G62,ALVESL,2025-01-14,117821,1,9,0,138.0
ALVESL_2025-01-20_G02,ALVESL,2025-01-20,107830,1,40,0,228.0
ALVESL_2025-01-20_G03,ALVESL,2025-01-20,117830,1,400,0,555.0
ALVESL_2025-01-20_G04,ALVESL,2025-01-20,117821,1,14,0,368.0
ALVESL_2025-01-20_G05,ALVESL,2025-01-20,110129,1,20,0,658.0
ALVESL_2025-01-20_G06,ALVESL,2025-01-20,108795,1,40,0,224.0
ALVESL_2025-01-20_G07,ALVESL,2025-01-20,108736,1,12,0,639.0
ALVESL_2025-01-20_G08,ALVESL,2025-01-20,110745,2,95,28,465.0
ALVESL_2025-01-20_G09,ALVESL,2025-01-20,110339,1,2,0,772.0
ALVESL_2025-01-20_G10,ALVESL,2025-01-20,118403,1,4,0,71.0
ALVESL_2025-01-20_G11,ALVESL,2025-01-20,117853,1,2,0,67.0
ALVESL_2025-01-20_G12,ALVESL,2025-01-20,"110313, 110752",2,5,23,82.0
ALVESL_2025-01-20_G13,ALVESL,2025-01-20,111530,1,31,0,65.0
ALVESL_2025-01-20_G14,ALVESL,2025-01-20,117855,1,9,0,61.0
ALVESL_2025-01-20_G15,ALVESL,2025-01-20,117855,1,9,0,286.0
ALVESL_2025-01-20_G16,ALVESL,2025-01-20,118298,1,4,0,634.0
ALVESL_2025-01-20_G17,ALVESL,2025-01-20,117786,1,6,0,105.0
ALVESL_2025-01-20_G18,ALVESL,2025-01-20,108772,1,2,0,69.0
ALVESL_2025-01-20_G19,ALVESL,2025-01-20,110711,1,10,0,242.0
ALVESL_2025-01-20_G20,ALVESL,2025-01-20,117856,1,18,0,49.0
ALVESL_2025-01-20_G21,ALVESL,2025-01-20,117862,1,22,0,395.0
ALVESL_2025-01-20_G22,ALVESL,2025-01-20,117809,1,10,0,155.0
ALVESL_2025-01-20_G23,ALVESL,2025-01-20,108794,1,24,0,291.0
ALVESL_2025-01-20_G24,ALVESL,2025-01-20,117808,1,617,0,1790.0
ALVESL_2025-01-20_G25,ALVESL,2025-01-20,111418,2,74,14,349.0
ALVESL_2025-01-20_G26,ALVESL,2025-01-20,117833,1,8,0,648.0
ALVESL_2025-01-20_G27,ALVESL,2025-01-20,118140,1,12,0,1127.0
ALVESL_2025-01-20_G28,ALVESL,2025-01-20,108711,1,8,0,138.0
ALVESL_2025-01-20_G29,ALVESL,2025-01-20,111530,1,7,0,232.0
ALVESL_2025-01-20_G30,ALVESL,2025-01-20,110895,1,40,0,349.0
ALVESL_2025-01-20_G31,ALVESL,2025-01-20,111466,1,22,0,294.0
ALVESL_2025-01-20_G32,ALVESL,2025-01-20,110515,1,40,0,129.0
ALVESL_2025-01-20_G33,ALVESL,2025-01-20,118299,1,23,0,241.0
ALVESL_2025-01-20_G34,ALVESL,2025-01-20,111530,1,12,0,649.0
ALVESL_2025-01-20_G35,ALVESL,2025-01-20,111530,1,6,0,137.0
ALVESL_2025-01-20_G36,ALVESL,2025-01-20,118094,1,6,0,180.0
ALVESL_2025-01-20_G37,ALVESL,2025-01-20,118317,2,25,18,111.0
ALVESL_2025-01-20_G38,ALVESL,2025-01-20,110745,1,2,0,621.0
ALVESL_2025-01-20_G39,ALVESL,2025-01-20,111743,1,2,0,132.0
ALVESL_2025-01-20_G41,ALVESL,2025-01-20,117808,1,200,0,712.0
ALVESL_2025-01-20_G42,ALVESL,2025-01-20,117808,1,229,0,31.0
ALVESL_2025-01-20_G43,ALVESL,2025-01-20,117808,1,121,0,108.0
ALVESL_2025-01-20_G44,ALVESL,2025-01-20,110372,2,205,17,378.0
ALVESL_2025-01-20_G45,ALVESL,2025-01-20,110375,1,38,0,445.0
ALVESL_2025-01-20_G46,ALVESL,2025-01-20,117840,1,7,0,317.0
ALVESL_2025-01-20_G47,ALVESL,2025-01-20,117809,1,100,0,442.0
ALVESL_2025-01-20_G48,ALVESL,2025-01-20,118299,2,133,23,183.0
ALVESL_2025-01-20_G49,ALVESL,2025-01-20,110373,1,20,0,678.0
ALVESL_2025-01-20_G50,ALVESL,2025-01-20,111418,1,200,0,809.0
ALVESL_2025-01-22_G02,ALVESL,2025-01-22,108411,1,2,0,328.0
ALVESL_2025-01-22_G03,ALVESL,2025-01-22,114097,1,12,0,237.0
ALVESL_2025-01-22_G04,ALVESL,2025-01-22,118290,1,23,0,299.0
ALVESL_2025-01-22_G05,ALVESL,2025-01-22,110747,1,20,0,1969.0
ALVESL_2025-01-22_G06,ALVESL,2025-01-22,111110,1,5,0,301.0
ALVESL_2025-01-22_G07,ALVESL,2025-01-22,110064,1,2,0,95.0
ALVESL_2025-01-22_G08,ALVESL,2025-01-22,110320,1,1,0,82.0
ALVESL_2025-01-22_G09,ALVESL,2025-01-22,108410,1,1,0,235.0
ALVESL_2025-01-22_G10,ALVESL,2025-01-22,110475,1,2,0,197.0
ALVESL_2025-01-22_G11,ALVESL,2025-01-22,111620,1,1,0,282.0
ALVESL_2025-01-22_G12,ALVESL,2025-01-22,110289,1,1,0,121.0
ALVESL_2025-01-22_G13,ALVESL,2025-01-22,110579,1,3,0,229.0
ALVESL_2025-01-22_G14,ALVESL,2025-01-22,110081,1,1,0,144.0
ALVESL_2025-01-22_G15,ALVESL,2025-01-22,110841,1,6,0,280.0
ALVESL_2025-01-22_G16,ALVESL,2025-01-22,106922,1,2,0,321.0
ALVESL_2025-01-22_G17,ALVESL,2025-01-22,140911,1,60,0,520.0
ALVESL_2025-01-22_G18,ALVESL,2025-01-22,111850,1,40,0,319.0
ALVESL_2025-01-22_G19,ALVESL,2025-01-22,110500,1,10,0,726.0
ALVESL_2025-01-22_G20,ALVESL,2025-01-22,100334,1,3,0,1549.0
ALVESL_2025-01-22_G21,ALVESL,2025-01-22,111438,1,7,0,142.0
ALVESL_2025-01-22_G22,ALVESL,2025-01-22,111569,1,20,0,365.0
ALVESL_2025-01-22_G23,ALVESL,2025-01-22,109937,1,4,0,180.0
ALVESL_2025-01-22_G24,ALVESL,2025-01-22,110747,1,7,0,188.0
ALVESL_2025-01-22_G25,ALVESL,2025-01-22,111530,1,10,0,265.0
ALVESL_2025-01-22_G26,ALVESL,2025-01-22,118094,1,4,0,1086.0
ALVESL_2025-01-22_G27,ALVESL,2025-01-22,109647,1,14,0,210.0
ALVESL_2025-01-22_G28,ALVESL,2025-01-22,111435,1,16,0,590.0
ALVESL_2025-01-22_G29,ALVESL,2025-01-22,111418,1,50,0,582.0
ALVESL_2025-01-22_G30,ALVESL,2025-01-22,118140,1,15,0,334.0
ALVESL_2025-01-22_G31,ALVESL,2025-01-22,110787,1,2,0,203.0
ALVESL_2025-01-22_G32,ALVESL,2025-01-22,111462,1,8,0,356.0
ALVESL_2025-01-22_G33,ALVESL,2025-01-22,110372,1,17,0,1443.0
ALVESL_2025-01-22_G34,ALVESL,2025-01-22,117808,1,230,0,514.0
ALVESL_2025-01-22_G36,ALVESL,2025-01-22,109643,1,2,0,860.0
ALVESL_2025-01-22_G37,ALVESL,2025-01-22,160053,1,20,0,595.0
ALVESL_2025-01-22_G38,ALVESL,2025-01-22,111850,1,4,0,657.0
ALVESL_2025-01-22_G39,ALVESL,2025-01-22,118290,1,4,0,2878.0
ALVESL_2025-01-22_G40,ALVESL,2025-01-22,118290,1,4,0,167.0
ALVESL_2025-01-22_G41,ALVESL,2025-01-22,109747,1,4,0,451.0
ALVESL_2025-01-22_G42,ALVESL,2025-01-22,117820,1,30,0,487.0
ALVESL_2025-01-22_G43,ALVESL,2025-01-22,107830,1,8,0,118.0
ALVESL_2025-01-22_G44,ALVESL,2025-01-22,118299,1,30,0,448.0
ALVESL_2025-01-22_G45,ALVESL,2025-01-22,117808,1,30,0,175.0
ALVESL_2025-01-22_G46,ALVESL,2025-01-22,117830,1,10,0,113.0
ALVESL_2025-01-23_G03,ALVESL,2025-01-23,124247,1,4,0,580.0
ALVESL_2025-01-23_G04,ALVESL,2025-01-23,123909,1,5,0,463.0
ALVESL_2025-01-23_G05,ALVESL,2025-01-23,122189,1,9,0,1157.0
ALVESV_2025-01-13_G02,ALVESV,2025-01-13,117853,1,4,0,137.0
ALVESV_2025-01-13_G03,ALVESV,2025-01-13,141047,1,2,0,187.0
ALVESV_2025-01-13_G04,ALVESV,2025-01-13,110711,1,3,0,116.0
ALVESV_2025-01-13_G05,ALVESV,2025-01-13,117809,1,10,0,549.0
ALVESV_2025-01-13_G06,ALVESV,2025-01-13,110375,1,4,0,108.0
ALVESV_2025-01-13_G07,ALVESV,2025-01-13,160053,1,9,0,469.0
ALVESV_2025-01-13_G08,ALVESV,2025-01-13,111463,1,8,0,158.0
ALVESV_2025-01-13_G09,ALVESV,2025-01-13,110373,2,80,28,465.0
ALVESV_2025-01-31_G02,ALVESV,2025-01-31,123343,1,2,0,71.0
ALVESV_2025-02-01_G02,ALVESV,2025-02-01,123311,1,149,0,396.0
ALVESV_2025-02-26_G02,ALVESV,2025-02-26,123909,1,4,0,910.0
ALVESV_2025-02-26_G03,ALVESV,2025-02-26,122673,1,12,0,1069.0
ALVESV_2025-02-26_G04,ALVESV,2025-02-26,124476,1,2,0,369.0
ALVESV_2025-02-26_G05,ALVESV,2025-02-26,124476,1,2,0,91.0
ALVESV_2025-02-26_G06,ALVESV,2025-02-26,122185,1,34,0,890.0
ALVESV_2025-02-26_G07,ALVESV,2025-02-26,124476,1,2,0,165.0
ALVESV_2025-02-26_G08,ALVESV,2025-02-26,124476,1,2,0,116.0
ALVESV_2025-02-26_G09,ALVESV,2025-02-26,122673,1,8,0,637.0
ALVESV_2025-02-26_G10,ALVESV,2025-02-26,124476,1,2,0,217.0
ALVESV_2025-02-26_G11,ALVESV,2025-02-26,122673,1,5,0,160.0
ALVESV_2025-02-26_G12,ALVESV,2025-02-26,122962,1,32,0,930.0
ALVESV_2025-02-26_G13,ALVESV,2025-02-26,181235,1,4,0,459.0
ALVESV_2025-02-27_G02,ALVESV,2025-02-27,124247,1,8,0,591.0
ALVESV_2025-02-27_G03,ALVESV,2025-02-27,122988,1,2,0,81.0
ALVESV_2025-02-27_G04,ALVESV,2025-02-27,121651,1,4,0,112.0
ALVESV_2025-02-27_G05,ALVESV,2025-02-27,123909,1,4,0,213.0
ALVESV_2025-02-27_G06,ALVESV,2025-02-27,122981,1,12,0,1394.0
ALVESV_2025-02-27_G07,ALVESV,2025-02-27,180038,1,3,0,394.0
ALVESV_2025-02-27_G08,ALVESV,2025-02-27,123343,1,6,0,489.0
ALVESV_2025-02-27_G09,ALVESV,2025-02-27,123492,1,6,0,173.0
ALVESV_2025-02-27_G10,ALVESV,2025-02-27,124475,1,12,0,398.0
ALVESV_2025-03-11_G02,ALVESV,2025-03-11,118094,1,2,0,90.0
ALVESV_2025-03-11_G03,ALVESV,2025-03-11,117856,1,1,0,197.0
ALVESV_2025-03-11_G04,ALVESV,2025-03-11,118094,1,2,0,92.0
ALVESV_2025-03-11_G05,ALVESV,2025-03-11,108711,1,2,0,186.0
ALVESV_2025-03-11_G06,ALVESV,2025-03-11,110733,1,12,0,266.0
ALVESV_2025-03-11_G07,ALVESV,2025-03-11,117831,1,20,0,282.0
ALVESV_2025-03-11_G08,ALVESV,2025-03-11,111530,1,6,0,594.0
ALVESV_2025-03-11_G09,ALVESV,2025-03-11,111530,1,4,0,156.0
ALVESV_2025-03-11_G10,ALVESV,2025-03-11,111532,1,4,0,149.0
ALVESV_2025-03-11_G11,ALVESV,2025-03-11,111463,1,20,0,353.0
ALVESV_2025-03-11_G12,ALVESV,2025-03-11,110372,1,100,0,844.0
ALVESV_2025-03-11_G13,ALVESV,2025-03-11,117808,1,80,0,617.0
ALVESV_2025-03-11_G14,ALVESV,2025-03-11,111463,1,11,0,150.0
ALVESV_2025-03-11_G15,ALVESV,2025-03-11,111466,1,25,0,495.0
ALVESV_2025-03-11_G16,ALVESV,2025-03-11,111438,1,3,0,375.0
ALVESV_2025-03-11_G17,ALVESV,2025-03-11,111530,1,3,0,367.0
ALVESV_2025-03-11_G18,ALVESV,2025-03-11,111463,1,21,0,307.0
ALVESV_2025-03-11_G19,ALVESV,2025-03-11,117833,1,3,0,188.0
ALVESV_2025-03-11_G20,ALVESV,2025-03-11,111466,1,10,0,221.0
ALVESV_2025-03-11_G21,ALVESV,2025-03-11,111532,1,5,0,376.0
ALVESV_2025-03-11_G22,ALVESV,2025-03-11,111430,1,12,0,219.0
ALVESV_2025-03-11_G23,ALVESV,2025-03-11,118094,1,4,0,73.0
ALVESV_2025-03-11_G24,ALVESV,2025-03-11,117856,1,2,0,82.0
ALVESV_2025-03-11_G25,ALVESV,2025-03-11,108772,1,2,0,126.0
ALVESV_2025-03-11_G26,ALVESV,2025-03-11,118317,1,2,0,199.0
ALVESV_2025-03-11_G27,ALVESV,2025-03-11,108711,1,1,0,43.0
ALVESV_2025-03-11_G28,ALVESV,2025-03-11,111463,1,36,0,367.0
ALVESV_2025-03-11_G29,ALVESV,2025-03-11,111530,1,2,0,965.0
ALVESV_2025-03-11_G30,ALVESV,2025-03-11,111466,1,4,0,153.0
ALVESV_2025-03-11_G31,ALVESV,2025-03-11,111463,1,6,0,157.0
ALVESV_2025-03-11_G32,ALVESV,2025-03-11,117833,1,6,0,116.0
ALVESV_2025-03-11_G33,ALVESV,2025-03-11,110325,1,2,0,118.0
ALVESV_2025-03-11_G34,ALVESV,2025-03-11,117808,1,2,0,63.0
ALVESV_2025-03-11_G35,ALVESV,2025-03-11,110373,1,4,0,195.0
ALVESV_2025-03-11_G36,ALVESV,2025-03-11,110371,1,20,0,2012.0
ALVESV_2025-03-11_G37,ALVESV,2025-03-11,110376,1,4,0,178.0
ALVESV_2025-03-11_G38,ALVESV,2025-03-11,110372,1,30,0,149.0
ALVESV_2025-03-11_G39,ALVESV,2025-03-11,117809,1,14,0,176.0
ALVESV_2025-03-11_G40,ALVESV,2025-03-11,118299,1,12,0,105.0
ALVESV_2025-03-11_G41,ALVESV,2025-03-11,110373,1,30,0,479.0
ALVESV_2025-03-11_G42,ALVESV,2025-03-11,110375,1,4,0,78.0
ALVESV_2025-03-11_G43,ALVESV,2025-03-11,109747,1,10,0,123.0
ALVESV_2025-03-11_G44,ALVESV,2025-03-11,116241,1,2,0,317.0
ALVESV_2025-03-11_G45,ALVESV,2025-03-11,111431,1,2,0,47.0
ALVESV_2025-03-11_G46,ALVESV,2025-03-11,118004,1,2,0,235.0
ALVESV_2025-03-11_G47,ALVESV,2025-03-11,109641,1,2,0,54.0
ALVESV_2025-03-11_G48,ALVESV,2025-03-11,111442,1,8,0,135.0
ALVESV_2025-03-11_G49,ALVESV,2025-03-11,111433,1,2,0,133.0
ALVESV_2025-03-11_G50,ALVESV,2025-03-11,108794,1,4,0,33.0
ALVESV_2025-03-11_G51,ALVESV,2025-03-11,111743,1,5,0,328.0
ALVESV_2025-03-12_G02,ALVESV,2025-03-12,110376,1,6,0,198.0
ALVESV_2025-03-12_G03,ALVESV,2025-03-12,117830,1,20,0,183.0
ALVESV_2025-03-12_G04,ALVESV,2025-03-12,117840,1,3,0,115.0
ALVESV_2025-03-12_G05,ALVESV,2025-03-12,109643,1,20,0,192.0
ALVESV_2025-03-12_G06,ALVESV,2025-03-12,110743,1,2,0,242.0
ALVESV_2025-03-12_G07,ALVESV,2025-03-12,111348,1,12,0,106.0
ALVESV_2025-03-12_G08,ALVESV,2025-03-12,116241,1,6,0,83.0
ALVESV_2025-03-12_G09,ALVESV,2025-03-12,111431,1,8,0,72.0
ALVESV_2025-03-12_G10,ALVESV,2025-03-12,108736,1,1,0,144.0
ALVESV_2025-03-12_G11,ALVESV,2025-03-12,111435,1,15,0,325.0
ALVESV_2025-03-12_G12,ALVESV,2025-03-12,111532,1,9,0,126.0
ALVESV_2025-03-12_G13,ALVESV,2025-03-12,107236,1,12,0,212.0
ALVESV_2025-03-12_G14,ALVESV,2025-03-12,140922,1,13,0,139.0
ALVESV_2025-03-12_G15,ALVESV,2025-03-12,111172,1,22,0,161.0
ALVESV_2025-03-12_G16,ALVESV,2025-03-12,117838,1,2,0,235.0
ALVESV_2025-03-12_G17,ALVESV,2025-03-12,110745,1,9,0,182.0
ALVESV_2025-03-12_G18,ALVESV,2025-03-12,118223,1,5,0,137.0
ALVESV_2025-03-12_G19,ALVESV,2025-03-12,111462,1,34,0,480.0
ALVESV_2025-03-12_G20,ALVESV,2025-03-12,118317,1,26,0,292.0
ALVESV_2025-03-12_G21,ALVESV,2025-03-12,111442,1,14,0,170.0
ALVESV_2025-03-12_G22,ALVESV,2025-03-12,108794,1,11,0,280.0
ALVESV_2025-03-12_G23,ALVESV,2025-03-12,117821,1,40,0,577.0
ALVESV_2025-03-12_G24,ALVESV,2025-03-12,117831,1,30,0,287.0
ALVESV_2025-03-15_G02,ALVESV,2025-03-15,124264,1,6,0,160.0
ALVESV_2025-03-15_G03,ALVESV,2025-03-15,122984,1,100,0,1144.0
ALVESV_2025-03-15_G04,ALVESV,2025-03-15,122647,1,2,0,42.0
ALVESV_2025-03-15_G05,ALVESV,2025-03-15,120271,1,7,0,415.0
ALVESV_2025-03-15_G06,ALVESV,2025-03-15,124594,1,6,0,374.0
ALVESV_2025-03-15_G07,ALVESV,2025-03-15,124371,1,2,0,98.0
ALVESV_2025-03-15_G08,ALVESV,2025-03-15,124475,1,6,0,100.0
ALVESV_2025-03-15_G09,ALVESV,2025-03-15,122673,1,8,0,259.0
ALVESV_2025-03-15_G10,ALVESV,2025-03-15,124370,1,8,0,287.0
ALVESV_2025-03-15_G11,ALVESV,2025-03-15,124476,1,16,0,625.0
ALVESV_2025-03-15_G13,ALVESV,2025-03-15,122962,1,12,0,103.0
ALVESV_2025-03-15_G14,ALVESV,2025-03-15,122647,1,4,0,359.0
ALVESV_2025-03-15_G15,ALVESV,2025-03-15,122185,1,16,0,198.0
ALVESV_2025-03-17_G02,ALVESV,2025-03-17,111438,1,4,0,113.0
ALVESV_2025-03-17_G03,ALVESV,2025-03-17,117855,1,6,0,90.0
ALVESV_2025-03-17_G04,ALVESV,2025-03-17,110515,1,66,0,203.0
ALVESV_2025-03-17_G05,ALVESV,2025-03-17,111469,1,8,0,319.0
ALVESV_2025-03-17_G06,ALVESV,2025-03-17,111418,1,4,0,226.0
ALVESV_2025-03-17_G07,ALVESV,2025-03-17,118094,1,16,0,345.0
ALVESV_2025-03-17_G08,ALVESV,2025-03-17,111330,1,4,0,693.0
ALVESV_2025-03-17_G09,ALVESV,2025-03-17,116241,1,2,0,819.0
ALVESV_2025-03-17_G10,ALVESV,2025-03-17,117787,1,7,0,136.0
ALVESV_2025-03-17_G11,ALVESV,2025-03-17,118299,1,10,0,144.0
ALVESV_2025-03-17_G12,ALVESV,2025-03-17,117808,1,34,0,197.0
ALVESV_2025-03-17_G13,ALVESV,2025-03-17,117809,1,2,0,187.0
ALVESV_2025-03-17_G14,ALVESV,2025-03-17,110373,1,4,0,44.0
ALVESV_2025-03-17_G15,ALVESV,2025-03-17,110372,1,13,0,185.0
ALVESV_2025-03-17_G16,ALVESV,2025-03-17,109643,1,4,0,116.0
ALVESV_2025-03-17_G17,ALVESV,2025-03-17,117832,1,2,0,91.0
ALVESV_2025-03-17_G18,ALVESV,2025-03-17,111602,1,14,0,181.0
ALVESV_2025-03-17_G19,ALVESV,2025-03-17,140922,1,5,0,255.0
ALVESV_2025-03-17_G20,ALVESV,2025-03-17,111441,1,2,0,196.0
ALVESV_2025-03-17_G21,ALVESV,2025-03-17,111569,1,4,0,105.0
ALVESV_2025-03-17_G22,ALVESV,2025-03-17,110895,1,4,0,80.0
ALVESV_2025-03-17_G23,ALVESV,2025-03-17,100334,1,1,0,41.0
ALVESV_2025-03-17_G24,ALVESV,2025-03-17,117835,1,1,0,84.0
ALVESV_2025-03-17_G25,ALVESV,2025-03-17,117862,1,4,0,135.0
ALVESV_2025-03-17_G26,ALVESV,2025-03-17,111469,1,4,0,83.0
ALVESV_2025-03-17_G27,ALVESV,2025-03-17,111435,1,2,0,100.0
ALVESV_2025-03-17_G28,ALVESV,2025-03-17,117785,1,2,0,76.0
ALVESV_2025-03-17_G29,ALVESV,2025-03-17,111462,1,2,0,80.0
ALVESV_2025-03-17_G30,ALVESV,2025-03-17,110787,1,3,0,77.0
ALVESV_2025-03-17_G31,ALVESV,2025-03-17,118299,1,4,0,149.0
ALVESV_2025-03-17_G32,ALVESV,2025-03-17,117808,1,24,0,48.0
ALVESV_2025-03-17_G33,ALVESV,2025-03-17,110372,1,6,0,147.0
ALVESV_2025-03-17_G34,ALVESV,2025-03-17,110371,1,3,0,54.0
ALVESV_2025-03-17_G35,ALVESV,2025-03-17,109643,1,4,0,79.0
ALVESV_2025-03-17_G36,ALVESV,2025-03-17,109747,1,4,0,93.0
ALVESV_2025-03-17_G37,ALVESV,2025-03-17,110313,1,2,0,201.0
ALVESV_2025-03-17_G38,ALVESV,2025-03-17,109649,1,3,0,151.0
ALVESV_2025-03-17_G39,ALVESV,2025-03-17,111443,1,4,0,166.0
ALVESV_2025-03-17_G40,ALVESV,2025-03-17,118299,1,14,0,198.0
ALVESV_2025-03-17_G41,ALVESV,2025-03-17,117808,1,12,0,84.0
ALVESV_2025-03-17_G42,ALVESV,2025-03-17,110373,1,6,0,103.0
ALVESV_2025-03-17_G43,ALVESV,2025-03-17,117820,1,12,0,54.0
ALVESV_2025-03-17_G44,ALVESV,2025-03-17,110372,1,8,0,70.0
ALVESV_2025-03-17_G45,ALVESV,2025-03-17,110787,1,9,0,249.0
ALVESV_2025-03-17_G46,ALVESV,2025-03-17,110787,1,7,0,347.0
ALVESV_2025-03-17_G47,ALVESV,2025-03-17,108794,1,8,0,176.0
ALVESV_2025-03-17_G48,ALVESV,2025-03-17,109641,1,4,0,169.0
ALVESV_2025-03-17_G49,ALVESV,2025-03-17,140922,1,12,0,100.0
ALVESV_2025-03-17_G50,ALVESV,2025-03-17,140957,1,6,0,484.0
ALVESV_2025-03-17_G51,ALVESV,2025-03-17,110832,1,2,0,195.0
ALVESV_2025-03-17_G52,ALVESV,2025-03-17,118094,1,12,0,53.0
ALVESV_2025-03-17_G53,ALVESV,2025-03-17,117856,1,40,0,761.0
ALVESV_2025-03-17_G54,ALVESV,2025-03-17,110741,1,10,0,178.0
ALVESV_2025-03-17_G55,ALVESV,2025-03-17,117855,1,30,0,306.0
ALVESV_2025-03-17_G56,ALVESV,2025-03-17,117861,1,13,0,135.0
ALVESV_2025-03-17_G57,ALVESV,2025-03-17,108772,2,50,21,148.0
ALVESV_2025-03-17_G58,ALVESV,2025-03-17,110515,1,50,0,505.0
ALVESV_2025-03-17_G59,ALVESV,2025-03-17,111530,1,80,0,466.0
ALVESV_2025-03-17_G60,ALVESV,2025-03-17,110711,1,80,0,440.0
ALVESV_2025-03-17_G61,ALVESV,2025-03-17,111348,1,6,0,221.0
ALVESV_2025-03-17_G62,ALVESV,2025-03-17,107236,1,16,0,104.0
ALVESV_2025-03-17_G63,ALVESV,2025-03-17,108736,1,4,0,272.0
ALVESV_2025-03-17_G64,ALVESV,2025-03-17,111172,2,50,24,77.0
ALVESV_2025-03-17_G65,ALVESV,2025-03-17,"111418, 108711",2,90,21,907.0
ALVESV_2025-03-17_G66,ALVESV,2025-03-17,114100,1,1,0,312.0
ALVESV_2025-03-17_G67,ALVESV,2025-03-17,108794,1,70,0,136.0
ALVESV_2025-03-20_G02,ALVESV,2025-03-20,"110740, 108795",2,38,28,143.0
ALVESV_2025-03-20_G03,ALVESV,2025-03-20,118223,1,14,0,327.0
ALVESV_2025-03-20_G04,ALVESV,2025-03-20,118140,1,35,0,258.0
ALVESV_2025-03-20_G05,ALVESV,2025-03-20,111466,1,30,0,307.0
ALVESV_2025-03-20_G06,ALVESV,2025-03-20,111532,1,56,0,393.0
ALVESV_2025-03-20_G07,ALVESV,2025-03-20,118326,1,4,0,600.0
ALVESV_2025-03-20_G08,ALVESV,2025-03-20,109643,1,10,0,1078.0
ALVESV_2025-03-20_G09,ALVESV,2025-03-20,117809,1,33,0,50.0
ALVESV_2025-03-20_G10,ALVESV,2025-03-20,118191,1,16,0,193.0
ALVESV_2025-03-20_G11,ALVESV,2025-03-20,110374,1,60,0,529.0
ALVESV_2025-03-20_G12,ALVESV,2025-03-20,117808,1,106,0,275.0
ALVESV_2025-04-12_G02,ALVESV,2025-04-12,124371,1,18,0,244.0
ALVESV_2025-04-12_G03,ALVESV,2025-04-12,121651,1,14,0,353.0
ALVESV_2025-04-12_G04,ALVESV,2025-04-12,122986,1,12,0,131.0
ALVESV_2025-04-12_G05,ALVESV,2025-04-12,122981,1,10,0,315.0
ALVESV_2025-04-12_G06,ALVESV,2025-04-12,124476,1,6,0,139.0
ALVESV_2025-04-12_G07,ALVESV,2025-04-12,122982,1,36,0,226.0
ALVESV_2025-04-12_G08,ALVESV,2025-04-12,124486,1,18,0,104.0
ALVESV_2025-04-12_G09,ALVESV,2025-04-12,124248,1,18,0,133.0
ALVESV_2025-04-12_G10,ALVESV,2025-04-12,124370,1,6,0,54.0
ALVESV_2025-04-12_G11,ALVESV,2025-04-12,"124370, 123561",2,10,21,37.0
ALVESV_2025-04-12_G12,ALVESV,2025-04-12,"122984, 123909",2,21,24,231.0
ALVESV_2025-04-12_G13,ALVESV,2025-04-12,122988,1,18,0,273.0
ALVESV_2025-04-12_G14,ALVESV,2025-04-12,124475,1,4,0,109.0
ALVESV_2025-04-12_G15,ALVESV,2025-04-12,"121651, 122983",2,22,9,380.0
ALVESV_2025-06-11_G02,ALVESV,2025-06-11,110515,1,2,0,86.0
ALVESV_2025-06-11_G03,ALVESV,2025-06-11,109643,1,1,0,58.0
ALVESV_2025-06-11_G04,ALVESV,2025-06-11,111441,1,1,0,104.0
ALVESV_2025-06-11_G05,ALVESV,2025-06-11,109640,3,4,41,52.0
ALVESV_2025-06-11_G06,ALVESV,2025-06-11,111530,1,2,0,56.0
ALVESV_2025-06-11_G07,ALVESV,2025-06-11,110373,1,6,0,179.0
ALVESV_2025-06-11_G08,ALVESV,2025-06-11,110371,1,4,0,120.0
ALVESV_2025-06-11_G09,ALVESV,2025-06-11,111433,1,1,0,76.0
ALVESV_2025-06-11_G10,ALVESV,2025-06-11,118140,1,5,0,114.0
ALVESV_2025-06-11_G11,ALVESV,2025-06-11,111469,1,1,0,58.0
ALVESV_2025-06-11_G12,ALVESV,2025-06-11,141202,1,3,0,663.0
ALVESV_2025-06-11_G13,ALVESV,2025-06-11,111634,1,8,0,534.0
ALVESV_2025-06-11_G14,ALVESV,2025-06-11,141261,1,10,0,262.0
ALVESV_2025-06-11_G15,ALVESV,2025-06-11,111722,1,12,0,192.0
ALVESV_2025-06-11_G16,ALVESV,2025-06-11,111759,1,8,0,596.0
ALVESV_2025-06-11_G17,ALVESV,2025-06-11,111738,1,12,0,161.0
ALVESV_2025-06-11_G18,ALVESV,2025-06-11,141262,1,16,0,202.0
ALVESV_2025-06-11_G19,ALVESV,2025-06-11,111751,1,12,0,95.0
ALVESV_2025-06-11_G20,ALVESV,2025-06-11,111740,1,6,0,89.0
ALVESV_2025-06-11_G21,ALVESV,2025-06-11,111634,1,10,0,78.0
ALVESV_2025-06-11_G22,ALVESV,2025-06-11,141261,1,10,0,163.0
ALVESV_2025-06-11_G23,ALVESV,2025-06-11,111722,1,20,0,380.0
ALVESV_2025-06-11_G24,ALVESV,2025-06-11,110787,1,3,0,207.0
ALVESV_2025-06-11_G25,ALVESV,2025-06-11,111569,1,3,0,337.0
ALVESV_2025-06-11_G26,ALVESV,2025-06-11,141047,1,2,0,146.0
ALVESV_2025-06-11_G27,ALVESV,2025-06-11,110515,1,4,0,149.0
ALVESV_2025-06-11_G28,ALVESV,2025-06-11,111469,1,4,0,77.0
ALVESV_2025-06-11_G29,ALVESV,2025-06-11,111172,1,3,0,91.0
ALVESV_2025-06-11_G30,ALVESV,2025-06-11,111418,1,14,0,170.0
ALVESV_2025-06-11_G31,ALVESV,2025-06-11,110787,1,3,0,93.0
ALVESV_2025-06-11_G32,ALVESV,2025-06-11,110374,1,6,0,320.0
ALVESV_2025-06-11_G33,ALVESV,2025-06-11,117808,1,4,0,55.0
ALVESV_2025-06-11_G34,ALVESV,2025-06-11,110373,1,7,0,147.0
ALVESV_2025-06-11_G35,ALVESV,2025-06-11,110372,1,8,0,332.0
ALVESV_2025-06-11_G36,ALVESV,2025-06-11,110371,1,5,0,96.0
ALVESV_2025-06-11_G37,ALVESV,2025-06-11,108759,1,4,0,344.0
ALVESV_2025-06-11_G38,ALVESV,2025-06-11,111620,1,2,0,245.0
ALVESV_2025-06-11_G39,ALVESV,2025-06-11,111469,1,1,0,553.0
ALVESV_2025-06-11_G40,ALVESV,2025-06-11,111418,1,16,0,166.0
ALVESV_2025-06-11_G41,ALVESV,2025-06-11,117785,1,4,0,67.0
ALVESV_2025-06-11_G42,ALVESV,2025-06-11,117820,1,22,0,196.0
ALVESV_2025-06-11_G43,ALVESV,2025-06-11,110374,1,8,0,162.0
ALVESV_2025-06-11_G44,ALVESV,2025-06-11,117808,1,3,0,67.0
ALVESV_2025-06-11_G45,ALVESV,2025-06-11,118299,1,10,0,131.0
ALVESV_2025-06-11_G46,ALVESV,2025-06-11,110372,1,11,0,210.0
ALVESV_2025-06-11_G47,ALVESV,2025-06-11,111418,1,16,0,451.0
ALVESV_2025-06-11_G48,ALVESV,2025-06-11,110787,1,23,0,209.0
ALVESV_2025-06-11_G49,ALVESV,2025-06-11,110787,1,4,0,39.0
ALVESV_2025-06-11_G50,ALVESV,2025-06-11,117820,1,6,0,102.0
ALVESV_2025-06-11_G51,ALVESV,2025-06-11,117808,1,90,0,561.0
ALVESV_2025-06-11_G52,ALVESV,2025-06-11,110373,1,38,0,541.0
ALVESV_2025-06-11_G53,ALVESV,2025-06-11,118299,1,24,0,185.0
ALVESV_2025-06-11_G54,ALVESV,2025-06-11,118222,1,2,0,1097.0
ALVESV_2025-06-11_G56,ALVESV,2025-06-11,110313,1,4,0,437.0
ALVESV_2025-06-11_G57,ALVESV,2025-06-11,118140,1,8,0,99.0
ALVESV_2025-06-11_G58,ALVESV,2025-06-11,110582,1,6,0,391.0
ALVESV_2025-06-11_G59,ALVESV,2025-06-11,110742,1,18,0,203.0
ALVESV_2025-06-11_G60,ALVESV,2025-06-11,100334,1,6,0,86.0
ALVESV_2025-06-11_G61,ALVESV,2025-06-11,118306,1,3,0,103.0
ALVESV_2025-06-11_G62,ALVESV,2025-06-11,111441,1,4,0,380.0
ALVESV_2025-06-11_G63,ALVESV,2025-06-11,109937,1,3,0,139.0
ALVESV_2025-06-12_G03,ALVESV,2025-06-12,117855,1,2,0,304.0
ALVESV_2025-06-12_G04,ALVESV,2025-06-12,111602,1,5,0,327.0
ALVESV_2025-06-12_G06,ALVESV,2025-06-12,160051,1,6,0,143.0
ALVESV_2025-06-12_G07,ALVESV,2025-06-12,140922,1,4,0,184.0
ALVESV_2025-06-12_G08,ALVESV,2025-06-12,111466,1,2,0,40.0
ALVESV_2025-06-12_G09,ALVESV,2025-06-12,110373,1,2,0,63.0
ALVESV_2025-06-12_G10,ALVESV,2025-06-12,111469,1,1,0,79.0
ALVESV_2025-06-12_G11,ALVESV,2025-06-12,110325,1,4,0,100.0
ALVESV_2025-06-12_G12,ALVESV,2025-06-12,117808,1,1,0,106.0
ALVESV_2025-06-14_G02,ALVESV,2025-06-14,110325,1,12,0,170.0
ALVESV_2025-06-14_G03,ALVESV,2025-06-14,109640,1,69,0,1026.0
ALVESV_2025-11-05_G02,ALVESV,2025-11-05,111172,1,2,0,121.0
ALVESV_2025-11-05_G03,ALVESV,2025-11-05,111532,1,1,0,69.0
ALVESV_2025-11-05_G04,ALVESV,2025-11-05,111463,1,10,0,139.0
ALVESV_2025-11-05_G05,ALVESV,2025-11-05,117831,1,8,0,116.0
ALVESV_2025-11-05_G06,ALVESV,2025-11-05,118140,2,8,6,88.0
ALVESV_2025-11-05_G07,ALVESV,2025-11-05,110787,1,4,0,272.0
ALVESV_2025-11-05_G08,ALVESV,2025-11-05,111469,2,8,7,40.0
ALVESV_2025-11-05_G09,ALVESV,2025-11-05,117787,1,1,0,133.0
ALVESV_2025-11-05_G10,ALVESV,2025-11-05,111438,1,2,0,87.0
ALVESV_2025-11-05_G11,ALVESV,2025-11-05,110374,1,1,0,111.0
ALVESV_2025-11-05_G12,ALVESV,2025-11-05,117808,1,6,0,140.0
ALVESV_2025-11-05_G13,ALVESV,2025-11-05,118299,1,4,0,123.0
ALVESV_2025-11-05_G14,ALVESV,2025-11-05,117786,1,4,0,170.0
ALVESV_2025-11-05_G15,ALVESV,2025-11-05,111530,1,6,0,258.0
ALVESV_2025-11-05_G16,ALVESV,2025-11-05,117855,1,2,0,84.0
BARBOSAC_2025-04-01_G02,BARBOSAC,2025-04-01,117808,1,9,0,90.0
BARBOSAC_2025-04-01_G03,BARBOSAC,2025-04-01,124370,1,24,0,98.0
BARBOSAC_2025-04-01_G04,BARBOSAC,2025-04-01,"124247, 124248, 122983, 122984",4,83,58,525.0
BARBOSAC_2025-04-01_G05,BARBOSAC,2025-04-01,118222,1,4,0,364.0
BARBOSAC_2025-04-01_G06,BARBOSAC,2025-04-01,117822,1,1,0,201.0
BARBOSAC_2025-04-01_G07,BARBOSAC,2025-04-01,118222,1,8,0,129.0
BARBOSAC_2025-04-01_G08,BARBOSAC,2025-04-01,117835,1,2,0,161.0
BARBOSAC_2025-04-01_G09,BARBOSAC,2025-04-01,123313,1,3,0,205.0
BARBOSAC_2025-04-01_G10,BARBOSAC,2025-04-01,122962,1,24,0,245.0
BARBOSAC_2025-04-01_G11,BARBOSAC,2025-04-01,122962,1,29,0,100.0
BARBOSAC_2025-04-01_G12,BARBOSAC,2025-04-01,105894,1,3,0,81.0
BARBOSAC_2025-04-01_G13,BARBOSAC,2025-04-01,118222,1,12,0,132.0
BARBOSAC_2025-04-01_G14,BARBOSAC,2025-04-01,124370,1,60,0,646.0
BARBOSAC_2025-04-01_G15,BARBOSAC,2025-04-01,122962,1,82,0,288.0
BARBOSAC_2025-04-01_G16,BARBOSAC,2025-04-01,122962,1,18,0,39.0
BARBOSAC_2025-04-01_G17,BARBOSAC,2025-04-01,110372,1,29,0,324.0
BARBOSAC_2025-04-01_G18,BARBOSAC,2025-04-01,110372,2,28,15,109.0
BARBOSAC_2025-04-01_G19,BARBOSAC,2025-04-01,117808,1,50,0,167.0
BARBOSAC_2025-04-01_G20,BARBOSAC,2025-04-01,115773,1,1,0,336.0
BARBOSAC_2025-04-01_G21,BARBOSAC,2025-04-01,108759,2,8,30,205.0
BARBOSAC_2025-04-01_G22,BARBOSAC,2025-04-01,110755,1,1,0,938.0
BARBOSAC_2025-04-01_G23,BARBOSAC,2025-04-01,122188,1,35,0,1029.0
BARBOSAC_2025-04-01_G24,BARBOSAC,2025-04-01,180054,1,1,0,96.0
BARBOSAC_2025-04-01_G25,BARBOSAC,2025-04-01,120287,1,12,0,75.0
BARBOSAC_2025-04-01_G26,BARBOSAC,2025-04-01,111530,1,6,0,351.0
BARBOSAC_2025-04-01_G27,BARBOSAC,2025-04-01,111879,1,7,0,66.0
BARBOSAC_2025-04-01_G28,BARBOSAC,2025-04-01,118222,1,98,0,40.0
BARBOSAC_2025-04-01_G29,BARBOSAC,2025-04-01,118229,1,4,0,44.0
BARBOSAC_2025-04-01_G30,BARBOSAC,2025-04-01,116241,1,5,0,57.0
BARBOSAC_2025-04-01_G31,BARBOSAC,2025-04-01,116241,1,2,0,38.0
BARBOSAC_2025-04-01_G32,BARBOSAC,2025-04-01,110129,1,12,0,57.0
BARBOSAC_2025-04-01_G33,BARBOSAC,2025-04-01,118140,1,10,0,46.0
BARBOSAC_2025-04-01_G34,BARBOSAC,2025-04-01,117835,1,5,0,69.0
BARBOSAC_2025-04-01_G35,BARBOSAC,2025-04-01,"123492, 124370",2,12,22,144.0
BARBOSAC_2025-04-29_G02,BARBOSAC,2025-04-29,120028,1,10,0,216.0
BARBOSAC_2025-04-29_G03,BARBOSAC,2025-04-29,122983,1,15,0,243.0
BARBOSAC_2025-04-29_G04,BARBOSAC,2025-04-29,123909,1,12,0,407.0
BARBOSAC_2025-04-29_G05,BARBOSAC,2025-04-29,122962,1,21,0,186.0
BARBOSAC_2025-04-29_G06,BARBOSAC,2025-04-29,122981,1,4,0,329.0
BARBOSAC_2025-04-29_G07,BARBOSAC,2025-04-29,124476,1,16,0,429.0
BARBOSAC_2025-04-29_G08,BARBOSAC,2025-04-29,124371,1,10,0,217.0
BARBOSAC_2025-04-29_G09,BARBOSAC,2025-04-29,123344,1,20,0,408.0
BARBOSAC_2025-04-29_G10,BARBOSAC,2025-04-29,123343,1,10,0,158.0
BARBOSAC_2025-04-29_G11,BARBOSAC,2025-04-29,123313,1,10,0,115.0
BARBOSAC_2025-05-31_G02,BARBOSAC,2025-05-31,110582,1,4,0,93.0
BARBOSAC_2025-05-31_G03,BARBOSAC,2025-05-31,111172,1,4,0,86.0
BARBOSAC_2025-05-31_G04,BARBOSAC,2025-05-31,105705,1,6,0,146.0
BARBOSAC_2025-05-31_G05,BARBOSAC,2025-05-31,110841,1,4,0,167.0
BARBOSAC_2025-05-31_G06,BARBOSAC,2025-05-31,118283,1,2,0,81.0
BARBOSAC_2025-05-31_G07,BARBOSAC,2025-05-31,110895,1,6,0,131.0
BARBOSAC_2025-05-31_G08,BARBOSAC,2025-05-31,108770,1,4,0,113.0
BARBOSAC_2025-05-31_G09,BARBOSAC,2025-05-31,117935,1,2,0,276.0
BARBOSAC_2025-05-31_G10,BARBOSAC,2025-05-31,117855,1,4,0,37.0
BARBOSAC_2025-05-31_G11,BARBOSAC,2025-05-31,110515,1,9,0,200.0
BARBOSAC_2025-05-31_G12,BARBOSAC,2025-05-31,111650,1,4,0,353.0
BARBOSAC_2025-05-31_G13,BARBOSAC,2025-05-31,111743,1,4,0,167.0
BARBOSAC_2025-05-31_G14,BARBOSAC,2025-05-31,111466,1,6,0,106.0
BARBOSAC_2025-05-31_G15,BARBOSAC,2025-05-31,108711,1,2,0,106.0
BARBOSAC_2025-05-31_G16,BARBOSAC,2025-05-31,111465,1,4,0,152.0
BARBOSAC_2025-05-31_G17,BARBOSAC,2025-05-31,111418,1,8,0,87.0
BARBOSAC_2025-05-31_G18,BARBOSAC,2025-05-31,118299,1,12,0,270.0
BARBOSAC_2025-05-31_G19,BARBOSAC,2025-05-31,117830,1,4,0,206.0
BARBOSAC_2025-05-31_G20,BARBOSAC,2025-05-31,117808,1,6,0,174.0
BARBOSAC_2025-05-31_G21,BARBOSAC,2025-05-31,118299,1,16,0,235.0
BARBOSAC_2025-05-31_G22,BARBOSAC,2025-05-31,118222,1,4,0,171.0
BARBOSAC_2025-05-31_G23,BARBOSAC,2025-05-31,110895,1,4,0,233.0
BARBOSAC_2025-05-31_G24,BARBOSAC,2025-05-31,111602,1,4,0,90.0
BARBOSAC_2025-05-31_G25,BARBOSAC,2025-05-31,110787,1,4,0,104.0
BARBOSAC_2025-05-31_G26,BARBOSAC,2025-05-31,109640,1,3,0,104.0
BARBOSAC_2025-05-31_G27,BARBOSAC,2025-05-31,111602,1,3,0,71.0
BARBOSAC_2025-05-31_G28,BARBOSAC,2025-05-31,117830,1,8,0,443.0
BARBOSAC_2025-05-31_G29,BARBOSAC,2025-05-31,118306,1,4,0,249.0
BARBOSAC_2025-05-31_G30,BARBOSAC,2025-05-31,118223,1,4,0,138.0
BARBOSAC_2025-05-31_G31,BARBOSAC,2025-05-31,111650,1,4,0,126.0
BARBOSAC_2025-05-31_G32,BARBOSAC,2025-05-31,111850,1,4,0,173.0
BARBOSAC_2025-05-31_G33,BARBOSAC,2025-05-31,118418,1,4,0,123.0
BARBOSAC_2025-05-31_G34,BARBOSAC,2025-05-31,118253,1,4,0,124.0
BARBOSAC_2025-05-31_G35,BARBOSAC,2025-05-31,109974,1,2,0,144.0
BARBOSAC_2025-05-31_G36,BARBOSAC,2025-05-31,100334,1,9,0,471.0
BARBOSAC_2025-05-31_G37,BARBOSAC,2025-05-31,160054,1,4,0,76.0
BARBOSAC_2025-05-31_G38,BARBOSAC,2025-05-31,160052,1,2,0,79.0
BARBOSAC_2025-05-31_G39,BARBOSAC,2025-05-31,105705,1,12,0,201.0
BARBOSAC_2025-05-31_G40,BARBOSAC,2025-05-31,111182,1,8,0,321.0
BARBOSAC_2025-05-31_G41,BARBOSAC,2025-05-31,111172,1,4,0,125.0
BARBOSAC_2025-05-31_G42,BARBOSAC,2025-05-31,118223,1,4,0,91.0
BARBOSAC_2025-05-31_G43,BARBOSAC,2025-05-31,111348,1,6,0,161.0
BARBOSAC_2025-05-31_G44,BARBOSAC,2025-05-31,117830,1,8,0,308.0
BARBOSAC_2025-05-31_G45,BARBOSAC,2025-05-31,118222,1,10,0,157.0
BARBOSAC_2025-05-31_G46,BARBOSAC,2025-05-31,111850,1,4,0,145.0
BARBOSAC_2025-05-31_G47,BARBOSAC,2025-05-31,118094,1,3,0,79.0
BARBOSAC_2025-05-31_G48,BARBOSAC,2025-05-31,110339,1,4,0,119.0
BARBOSAC_2025-05-31_G49,BARBOSAC,2025-05-31,117862,1,4,0,98.0
BARBOSAC_2025-05-31_G50,BARBOSAC,2025-05-31,117861,1,2,0,102.0
BARBOSAC_2025-05-31_G51,BARBOSAC,2025-05-31,117856,1,6,0,119.0
BARBOSAC_2025-05-31_G52,BARBOSAC,2025-05-31,109641,1,2,0,188.0
BARBOSAC_2025-05-31_G53,BARBOSAC,2025-05-31,117838,1,2,0,67.0
BARBOSAC_2025-05-31_G54,BARBOSAC,2025-05-31,110745,1,1,0,89.0
BARBOSAC_2025-05-31_G55,BARBOSAC,2025-05-31,111172,1,2,0,65.0
BARBOSAC_2025-05-31_G56,BARBOSAC,2025-05-31,140922,1,8,0,324.0
BARBOSAC_2025-05-31_G57,BARBOSAC,2025-05-31,116527,1,4,0,147.0
BARBOSAC_2025-05-31_G58,BARBOSAC,2025-05-31,118223,1,8,0,194.0
BARBOSAC_2025-05-31_G59,BARBOSAC,2025-05-31,117787,1,4,0,117.0
BARBOSAC_2025-05-31_G60,BARBOSAC,2025-05-31,109643,1,2,0,194.0
BARBOSAC_2025-05-31_G61,BARBOSAC,2025-05-31,117935,1,1,0,189.0
BARBOSAC_2025-05-31_G62,BARBOSAC,2025-05-31,110741,1,2,0,129.0
BARBOSAC_2025-05-31_G63,BARBOSAC,2025-05-31,100334,1,6,0,191.0
BARBOSAC_2025-05-31_G64,BARBOSAC,2025-05-31,117836,2,6,19,63.0
BARBOSAC_2025-05-31_G65,BARBOSAC,2025-05-31,111443,1,2,0,107.0
BARBOSAC_2025-05-31_G66,BARBOSAC,2025-05-31,108795,1,2,0,65.0
BARBOSAC_2025-05-31_G67,BARBOSAC,2025-05-31,117838,1,2,0,80.0
BARBOSAC_2025-05-31_G68,BARBOSAC,2025-05-31,140922,1,8,0,108.0
BARBOSAC_2025-05-31_G69,BARBOSAC,2025-05-31,111433,1,4,0,123.0
BARBOSAC_2025-05-31_G70,BARBOSAC,2025-05-31,111330,1,5,0,77.0
BARBOSAC_2025-05-31_G71,BARBOSAC,2025-05-31,118222,1,8,0,107.0
BARBOSAC_2025-05-31_G72,BARBOSAC,2025-05-31,110755,1,8,0,116.0
BARBOSAC_2025-05-31_G73,BARBOSAC,2025-05-31,105705,1,4,0,139.0
BARBOSAC_2025-07-31_G02,BARBOSAC,2025-07-31,123345,1,1,0,100.0
BARBOSAC_2025-07-31_G03,BARBOSAC,2025-07-31,123344,1,13,0,236.0
BARBOSAC_2025-07-31_G04,BARBOSAC,2025-07-31,123822,1,5,0,106.0
BARBOSAC_2025-07-31_G05,BARBOSAC,2025-07-31,"122962, 122703",2,2,22,46.0
BARBOSAC_2025-07-31_G06,BARBOSAC,2025-07-31,124248,1,6,0,124.0
BARBOSAC_2025-07-31_G07,BARBOSAC,2025-07-31,124248,1,70,0,629.0
BARBOSAC_2025-07-31_G08,BARBOSAC,2025-07-31,121651,1,4,0,159.0
BARBOSAC_2025-07-31_G09,BARBOSAC,2025-07-31,124486,1,30,0,313.0
BARBOSAC_2025-07-31_G10,BARBOSAC,2025-07-31,122185,1,4,0,171.0
BARBOSAC_2025-07-31_G11,BARBOSAC,2025-07-31,122983,1,1,0,71.0
BARBOSAC_2025-07-31_G12,BARBOSAC,2025-07-31,124475,1,4,0,74.0
BARBOSAC_2025-07-31_G13,BARBOSAC,2025-07-31,123345,1,5,0,898.0
BARBOSAC_2025-07-31_G14,BARBOSAC,2025-07-31,123343,1,2,0,184.0
BARBOSAC_2025-07-31_G15,BARBOSAC,2025-07-31,123313,1,4,0,1024.0
BARBOSAC_2025-07-31_G16,BARBOSAC,2025-07-31,123343,2,12,12,168.0
BARBOSAC_2025-07-31_G17,BARBOSAC,2025-07-31,123343,2,11,30,41.0
BARBOSAC_2025-07-31_G18,BARBOSAC,2025-07-31,123343,1,7,0,46.0
BARBOSAC_2025-07-31_G19,BARBOSAC,2025-07-31,123153,1,9,0,192.0
BARBOSAC_2025-07-31_G20,BARBOSAC,2025-07-31,123909,2,11,11,123.0
BARBOSAC_2025-07-31_G21,BARBOSAC,2025-07-31,123909,3,18,33,48.0
BARBOSAC_2025-07-31_G22,BARBOSAC,2025-07-31,123909,1,12,0,121.0
BARBOSAC_2025-07-31_G23,BARBOSAC,2025-07-31,122962,3,9,39,111.0
BARBOSAC_2025-07-31_G24,BARBOSAC,2025-07-31,"120272, 124624",2,6,26,59.0
BARBOSAC_2025-07-31_G25,BARBOSAC,2025-07-31,"120339, 121760",3,14,29,67.0
BARBOSAC_2025-07-31_G26,BARBOSAC,2025-07-31,121760,1,16,0,69.0
BARBOSAC_2025-07-31_G27,BARBOSAC,2025-07-31,121760,1,25,0,198.0
BARBOSAC_2025-07-31_G28,BARBOSAC,2025-07-31,122647,1,2,0,73.0
BARBOSAC_2025-07-31_G29,BARBOSAC,2025-07-31,124370,1,12,0,111.0
BARBOSAC_2025-07-31_G30,BARBOSAC,2025-07-31,124248,1,4,0,62.0
BARBOSAC_2025-07-31_G31,BARBOSAC,2025-07-31,121651,1,2,0,37.0
BARBOSAC_2025-07-31_G32,BARBOSAC,2025-07-31,120028,1,6,0,52.0
BARBOSAC_2025-07-31_G33,BARBOSAC,2025-07-31,124486,1,2,0,35.0
BARBOSAC_2025-07-31_G34,BARBOSAC,2025-07-31,124486,1,10,0,32.0
BARBOSAC_2025-07-31_G35,BARBOSAC,2025-07-31,124371,2,10,14,101.0
BARBOSAC_2025-07-31_G36,BARBOSAC,2025-07-31,124475,1,6,0,97.0
BARBOSAC_2025-07-31_G37,BARBOSAC,2025-07-31,124594,1,2,0,67.0
BARBOSAC_2025-07-31_G38,BARBOSAC,2025-07-31,124477,1,4,0,389.0
BARBOSAC_2025-07-31_G39,BARBOSAC,2025-07-31,124264,1,8,0,275.0
BARBOSAC_2025-07-31_G40,BARBOSAC,2025-07-31,123344,2,68,14,217.0
BARBOSAC_2025-10-24_G02,BARBOSAC,2025-10-24,123343,1,12,0,335.0
BARBOSAC_2025-10-24_G03,BARBOSAC,2025-10-24,181887,1,2,0,250.0
BARBOSAC_2025-10-24_G04,BARBOSAC,2025-10-24,123344,1,13,0,358.0
BARBOSAC_2025-10-24_G05,BARBOSAC,2025-10-24,123345,1,18,0,505.0
BARBOSAC_2025-10-24_G06,BARBOSAC,2025-10-24,122962,1,50,0,939.0
BARBOSAC_2025-10-24_G07,BARBOSAC,2025-10-24,120028,1,28,0,414.0
BARBOSAC_2025-10-24_G08,BARBOSAC,2025-10-24,124248,1,18,0,728.0
BARBOSAC_2025-10-24_G09,BARBOSAC,2025-10-24,122185,1,2,0,123.0
BARBOSAC_2025-10-24_G10,BARBOSAC,2025-10-24,122185,1,18,0,369.0
BARBOSAC_2025-10-24_G11,BARBOSAC,2025-10-24,124247,1,6,0,64.0
BARBOSAC_2025-10-24_G12,BARBOSAC,2025-10-24,122673,1,4,0,170.0
BARBOSAC_2026-04-08_G02,BARBOSAC,2026-04-08,118229,1,5,0,97.0
CARIOLAW_2025-01-13_G02,CARIOLAW,2025-01-13,110747,1,86,0,1313.0
CARIOLAW_2025-01-14_G02,CARIOLAW,2025-01-14,117820,1,313,0,1473.0
CARIOLAW_2025-01-14_G03,CARIOLAW,2025-01-14,118299,1,178,0,574.0
CARIOLAW_2025-01-15_G03,CARIOLAW,2025-01-15,118222,1,162,0,375.0
CARIOLAW_2025-01-17_G02,CARIOLAW,2025-01-17,124370,1,28,0,1755.0
CARIOLAW_2025-01-17_G03,CARIOLAW,2025-01-17,123909,1,10,0,69.0
CARIOLAW_2025-01-17_G04,CARIOLAW,2025-01-17,121651,1,7,0,171.0
CARIOLAW_2025-01-17_G05,CARIOLAW,2025-01-17,122703,1,12,0,217.0
CARIOLAW_2025-01-17_G06,CARIOLAW,2025-01-17,122985,1,6,0,124.0
CARIOLAW_2025-01-17_G07,CARIOLAW,2025-01-17,180372,1,1,0,143.0
CARIOLAW_2025-01-17_G08,CARIOLAW,2025-01-17,180372,1,1,0,38.0
CARIOLAW_2025-01-17_G09,CARIOLAW,2025-01-17,181057,1,1,0,151.0
CARIOLAW_2025-01-17_G10,CARIOLAW,2025-01-17,122984,1,60,0,868.0
CARIOLAW_2025-01-18_G02,CARIOLAW,2025-01-18,111655,1,3,0,127.0
CARIOLAW_2025-01-18_G03,CARIOLAW,2025-01-18,111441,1,2,0,158.0
CARIOLAW_2025-01-18_G04,CARIOLAW,2025-01-18,111438,1,4,0,101.0
CARIOLAW_2025-01-18_G05,CARIOLAW,2025-01-18,111438,1,6,0,123.0
CARIOLAW_2025-01-18_G06,CARIOLAW,2025-01-18,108770,1,4,0,120.0
CARIOLAW_2025-01-18_G07,CARIOLAW,2025-01-18,111430,1,3,0,146.0
CARIOLAW_2025-01-18_G08,CARIOLAW,2025-01-18,118306,1,1,0,515.0
CARIOLAW_2025-01-18_G09,CARIOLAW,2025-01-18,118306,1,30,0,1333.0
CARIOLAW_2025-01-18_G10,CARIOLAW,2025-01-18,118290,1,4,0,1260.0
CARIOLAW_2025-01-18_G11,CARIOLAW,2025-01-18,110747,1,10,0,286.0
CARIOLAW_2025-01-18_G12,CARIOLAW,2025-01-18,110339,1,18,0,1708.0
CARIOLAW_2025-01-18_G13,CARIOLAW,2025-01-18,111650,1,4,0,176.0
CARIOLAW_2025-01-18_G14,CARIOLAW,2025-01-18,111467,1,8,0,195.0
CARIOLAW_2025-01-18_G15,CARIOLAW,2025-01-18,117855,1,30,0,614.0
CARIOLAW_2025-01-18_G16,CARIOLAW,2025-01-18,117855,1,5,0,83.0
CARIOLAW_2025-01-18_G17,CARIOLAW,2025-01-18,117855,1,1,0,68.0
CARIOLAW_2025-01-18_G19,CARIOLAW,2025-01-18,117786,1,6,0,219.0
CARIOLAW_2025-01-18_G20,CARIOLAW,2025-01-18,110711,1,4,0,213.0
CARIOLAW_2025-01-18_G21,CARIOLAW,2025-01-18,117862,1,30,0,874.0
CARIOLAW_2025-01-18_G22,CARIOLAW,2025-01-18,117855,1,30,0,1031.0
CARIOLAW_2025-01-18_G23,CARIOLAW,2025-01-18,117830,1,50,0,1123.0
CARIOLAW_2025-01-18_G24,CARIOLAW,2025-01-18,117820,1,2,0,179.0
CARIOLAW_2025-01-18_G25,CARIOLAW,2025-01-18,110372,2,51,6,499.0
CARIOLAW_2025-01-18_G26,CARIOLAW,2025-01-18,118222,1,15,0,1386.0
CARIOLAW_2025-01-18_G27,CARIOLAW,2025-01-18,118290,1,4,0,239.0
CARIOLAW_2025-01-18_G28,CARIOLAW,2025-01-18,116527,1,10,0,257.0
CARIOLAW_2025-01-18_G29,CARIOLAW,2025-01-18,106179,1,4,0,560.0
CARIOLAW_2025-01-20_G02,CARIOLAW,2025-01-20,111530,1,4,0,170.0
CARIOLAW_2025-01-20_G03,CARIOLAW,2025-01-20,110339,1,2,0,159.0
CARIOLAW_2025-01-20_G04,CARIOLAW,2025-01-20,110787,1,2,0,132.0
CARIOLAW_2025-01-20_G05,CARIOLAW,2025-01-20,110582,1,12,0,764.0
CARIOLAW_2025-01-20_G06,CARIOLAW,2025-01-20,116527,1,2,0,209.0
CARIOLAW_2025-01-20_G07,CARIOLAW,2025-01-20,110895,1,27,0,890.0
CARIOLAW_2025-01-20_G08,CARIOLAW,2025-01-20,117853,1,2,0,278.0
CARIOLAW_2025-01-20_G09,CARIOLAW,2025-01-20,117853,1,6,0,121.0
CARIOLAW_2025-01-20_G10,CARIOLAW,2025-01-20,111602,1,10,0,727.0
CARIOLAW_2025-01-20_G11,CARIOLAW,2025-01-20,140922,1,29,0,478.0
CARIOLAW_2025-01-20_G12,CARIOLAW,2025-01-20,110787,1,2,0,139.0
CARIOLAW_2025-01-20_G13,CARIOLAW,2025-01-20,118140,1,2,0,125.0
CARIOLAW_2025-01-20_G14,CARIOLAW,2025-01-20,110372,1,2,0,104.0
CARIOLAW_2025-01-20_G15,CARIOLAW,2025-01-20,117820,1,60,0,1292.0
CARIOLAW_2025-01-20_G16,CARIOLAW,2025-01-20,111530,1,36,0,653.0
CARIOLAW_2025-01-20_G17,CARIOLAW,2025-01-20,117785,1,24,0,966.0
CARIOLAW_2025-01-20_G18,CARIOLAW,2025-01-20,109641,1,6,0,353.0
CARIOLAW_2025-01-20_G19,CARIOLAW,2025-01-20,117831,1,9,0,236.0
CARIOLAW_2025-01-20_G20,CARIOLAW,2025-01-20,108711,1,7,0,162.0
CARIOLAW_2025-01-20_G21,CARIOLAW,2025-01-20,111418,1,12,0,237.0
CARIOLAW_2025-01-20_G22,CARIOLAW,2025-01-20,111463,1,3,0,60.0
CARIOLAW_2025-01-20_G23,CARIOLAW,2025-01-20,111462,1,30,0,550.0
CARIOLAW_2025-01-20_G24,CARIOLAW,2025-01-20,118222,1,4,0,368.0
CARIOLAW_2025-01-20_G25,CARIOLAW,2025-01-20,111441,1,8,0,226.0
CARIOLAW_2025-01-20_G26,CARIOLAW,2025-01-20,111438,1,6,0,175.0
CARIOLAW_2025-01-20_G27,CARIOLAW,2025-01-20,111530,1,10,0,159.0
CARIOLAW_2025-01-20_G28,CARIOLAW,2025-01-20,141047,1,6,0,178.0
CARIOLAW_2025-01-20_G29,CARIOLAW,2025-01-20,108794,1,5,0,942.0
CARIOLAW_2025-01-20_G30,CARIOLAW,2025-01-20,117785,1,10,0,146.0
CARIOLAW_2025-01-20_G31,CARIOLAW,2025-01-20,110787,1,2,0,303.0
CARIOLAW_2025-01-20_G32,CARIOLAW,2025-01-20,110787,1,13,0,85.0
CARIOLAW_2025-01-20_G33,CARIOLAW,2025-01-20,109645,1,6,0,108.0
CARIOLAW_2025-01-20_G34,CARIOLAW,2025-01-20,110745,1,4,0,228.0
CARIOLAW_2025-01-20_G35,CARIOLAW,2025-01-20,108795,1,4,0,104.0
CARIOLAW_2025-01-20_G36,CARIOLAW,2025-01-20,108711,1,2,0,58.0
CARIOLAW_2025-01-20_G37,CARIOLAW,2025-01-20,111418,1,10,0,268.0
CARIOLAW_2025-01-20_G38,CARIOLAW,2025-01-20,111418,1,2,0,53.0
CARIOLAW_2025-01-20_G39,CARIOLAW,2025-01-20,111418,1,2,0,39.0
CARIOLAW_2025-01-20_G40,CARIOLAW,2025-01-20,110374,1,4,0,245.0
CARIOLAW_2025-01-20_G41,CARIOLAW,2025-01-20,107830,1,5,0,198.0
CARIOLAW_2025-01-20_G42,CARIOLAW,2025-01-20,110372,1,15,0,429.0
CARIOLAW_2025-01-20_G43,CARIOLAW,2025-01-20,118299,1,5,0,170.0
CARIOLAW_2025-01-20_G44,CARIOLAW,2025-01-20,107830,1,4,0,128.0
CARIOLAW_2025-01-20_G45,CARIOLAW,2025-01-20,110371,1,4,0,724.0
CARIOLAW_2025-01-20_G46,CARIOLAW,2025-01-20,117820,1,134,0,287.0
CARIOLAW_2025-01-20_G47,CARIOLAW,2025-01-20,107830,1,6,0,1124.0
CARIOLAW_2025-01-20_G48,CARIOLAW,2025-01-20,117830,1,28,0,296.0
CARIOLAW_2025-01-20_G50,CARIOLAW,2025-01-20,111530,1,8,0,280.0
CARIOLAW_2025-01-20_G51,CARIOLAW,2025-01-20,110745,1,8,0,622.0
CARIOLAW_2025-01-20_G52,CARIOLAW,2025-01-20,110787,1,9,0,184.0
CARIOLAW_2025-01-20_G53,CARIOLAW,2025-01-20,118317,1,12,0,229.0
CARIOLAW_2025-01-20_G54,CARIOLAW,2025-01-20,110895,1,14,0,1541.0
CARIOLAW_2025-01-20_G55,CARIOLAW,2025-01-20,118317,1,6,0,261.0
CARIOLAW_2025-01-20_G56,CARIOLAW,2025-01-20,110895,1,6,0,186.0
CARIOLAW_2025-01-20_G57,CARIOLAW,2025-01-20,118317,1,5,0,165.0
CARIOLAW_2025-01-20_G58,CARIOLAW,2025-01-20,110895,1,3,0,125.0
CARIOLAW_2025-01-20_G59,CARIOLAW,2025-01-20,110895,1,4,0,148.0
CARIOLAW_2025-01-20_G60,CARIOLAW,2025-01-20,111660,1,9,0,526.0
CARIOLAW_2025-01-20_G61,CARIOLAW,2025-01-20,118290,1,1,0,221.0
CARIOLAW_2025-01-20_G62,CARIOLAW,2025-01-20,115234,1,1,0,83.0
CARIOLAW_2025-01-20_G63,CARIOLAW,2025-01-20,111172,1,6,0,292.0
CARIOLAW_2025-01-20_G64,CARIOLAW,2025-01-20,108711,1,25,0,524.0
CARIOLAW_2025-01-21_G02,CARIOLAW,2025-01-21,100334,1,10,0,316.0
CARIOLAW_2025-01-21_G03,CARIOLAW,2025-01-21,111438,1,2,0,135.0
CARIOLAW_2025-01-21_G04,CARIOLAW,2025-01-21,109937,1,2,0,86.0
CARIOLAW_2025-01-21_G05,CARIOLAW,2025-01-21,110747,1,2,0,178.0
CARIOLAW_2025-01-21_G06,CARIOLAW,2025-01-21,116527,1,12,0,503.0
CARIOLAW_2025-01-21_G07,CARIOLAW,2025-01-21,109747,1,10,0,1282.0
CARIOLAW_2025-01-21_G08,CARIOLAW,2025-01-21,117809,1,4,0,183.0
CARIOLAW_2025-01-21_G09,CARIOLAW,2025-01-21,117820,1,5,0,131.0
CARIOLAW_2025-01-21_G10,CARIOLAW,2025-01-21,117808,1,16,0,659.0
CARIOLAW_2025-01-21_G11,CARIOLAW,2025-01-21,117808,2,83,9,323.0
CARIOLAW_2025-01-21_G12,CARIOLAW,2025-01-21,117830,1,5,0,343.0
CARIOLAW_2025-01-21_G13,CARIOLAW,2025-01-21,110376,1,6,0,95.0
CARIOLAW_2025-01-21_G14,CARIOLAW,2025-01-21,110372,1,36,0,363.0
CARIOLAW_2025-01-21_G15,CARIOLAW,2025-01-21,110372,1,20,0,73.0
CARIOLAW_2025-01-21_G16,CARIOLAW,2025-01-21,110743,1,2,0,1015.0
CARIOLAW_2025-01-21_G17,CARIOLAW,2025-01-21,111469,1,2,0,72.0
CARIOLAW_2025-01-21_G18,CARIOLAW,2025-01-21,111469,1,14,0,116.0
CARIOLAW_2025-01-21_G19,CARIOLAW,2025-01-21,111469,1,4,0,42.0
CARIOLAW_2025-01-21_G20,CARIOLAW,2025-01-21,118004,1,2,0,356.0
CARIOLAW_2025-01-21_G21,CARIOLAW,2025-01-21,111530,1,8,0,1063.0
CARIOLAW_2025-01-21_G22,CARIOLAW,2025-01-21,111655,1,6,0,415.0
CARIOLAW_2025-01-21_G23,CARIOLAW,2025-01-21,111569,1,6,0,583.0
CARIOLAW_2025-01-21_G24,CARIOLAW,2025-01-21,110373,1,8,0,213.0
CARIOLAW_2025-01-21_G25,CARIOLAW,2025-01-21,111462,1,12,0,424.0
CARIOLAW_2025-01-21_G26,CARIOLAW,2025-01-21,111602,1,12,0,991.0
CARIOLAW_2025-01-21_G27,CARIOLAW,2025-01-21,108794,1,4,0,212.0
CARIOLAW_2025-01-21_G28,CARIOLAW,2025-01-21,111602,1,8,0,161.0
CARIOLAW_2025-01-21_G29,CARIOLAW,2025-01-21,110371,1,5,0,226.0
CARIOLAW_2025-01-21_G30,CARIOLAW,2025-01-21,110371,1,7,0,86.0
CARIOLAW_2025-01-21_G31,CARIOLAW,2025-01-21,110372,1,16,0,468.0
CARIOLAW_2025-01-21_G32,CARIOLAW,2025-01-21,108361,1,2,0,729.0
CARIOLAW_2025-01-21_G33,CARIOLAW,2025-01-21,118403,1,22,0,273.0
CARIOLAW_2025-01-21_G34,CARIOLAW,2025-01-21,111650,1,2,0,141.0
CARIOLAW_2025-01-21_G35,CARIOLAW,2025-01-21,110063,1,12,0,156.0
CARIOLAW_2025-01-21_G36,CARIOLAW,2025-01-21,118299,1,8,0,229.0
CARIOLAW_2025-01-21_G37,CARIOLAW,2025-01-21,117808,1,800,0,1937.0
CARIOLAW_2025-01-21_G38,CARIOLAW,2025-01-21,110376,1,8,0,590.0
CARIOLAW_2025-01-21_G39,CARIOLAW,2025-01-21,117785,1,68,0,937.0
CARIOLAW_2025-01-21_G40,CARIOLAW,2025-01-21,110745,1,21,0,474.0
CARIOLAW_2025-01-21_G41,CARIOLAW,2025-01-21,117820,1,50,0,777.0
CARIOLAW_2025-01-21_G42,CARIOLAW,2025-01-21,117830,1,25,0,266.0
CARIOLAW_2025-01-21_G43,CARIOLAW,2025-01-21,117830,1,23,0,244.0
CARIOLAW_2025-01-21_G45,CARIOLAW,2025-01-21,111438,1,4,0,356.0
CARIOLAW_2025-01-21_G46,CARIOLAW,2025-01-21,110895,1,4,0,247.0
CARIOLAW_2025-01-21_G47,CARIOLAW,2025-01-21,110515,1,2,0,340.0
CARIOLAW_2025-01-21_G48,CARIOLAW,2025-01-21,141047,1,4,0,156.0
CARIOLAW_2025-01-21_G49,CARIOLAW,2025-01-21,110711,1,4,0,156.0
CARIOLAW_2025-01-21_G50,CARIOLAW,2025-01-21,117831,1,3,0,753.0
CARIOLAW_2025-01-21_G51,CARIOLAW,2025-01-21,117838,1,4,0,158.0
CARIOLAW_2025-01-21_G52,CARIOLAW,2025-01-21,117830,1,6,0,253.0
CARIOLAW_2025-01-21_G53,CARIOLAW,2025-01-21,107830,1,4,0,169.0
CARIOLAW_2025-01-21_G54,CARIOLAW,2025-01-21,110895,1,3,0,211.0
CARIOLAW_2025-01-21_G55,CARIOLAW,2025-01-21,118094,1,2,0,449.0
CARIOLAW_2025-01-21_G56,CARIOLAW,2025-01-21,110515,1,2,0,162.0
CARIOLAW_2025-01-21_G57,CARIOLAW,2025-01-21,110711,1,4,0,135.0
CARIOLAW_2025-01-21_G58,CARIOLAW,2025-01-21,111418,1,10,0,202.0
CARIOLAW_2025-01-21_G59,CARIOLAW,2025-01-21,110787,1,22,0,276.0
CARIOLAW_2025-01-21_G60,CARIOLAW,2025-01-21,110745,1,4,0,124.0
CARIOLAW_2025-01-21_G61,CARIOLAW,2025-01-21,116241,1,4,0,120.0
CARIOLAW_2025-01-21_G62,CARIOLAW,2025-01-21,108711,1,4,0,83.0
CARIOLAW_2025-01-21_G63,CARIOLAW,2025-01-21,118140,1,3,0,125.0
CARIOLAW_2025-01-22_G02,CARIOLAW,2025-01-22,110374,1,9,0,87.0
CARIOLAW_2025-01-22_G03,CARIOLAW,2025-01-22,110373,1,5,0,159.0
CARIOLAW_2025-01-22_G04,CARIOLAW,2025-01-22,110373,1,4,0,36.0
CARIOLAW_2025-01-22_G05,CARIOLAW,2025-01-22,110371,1,12,0,179.0
CARIOLAW_2025-01-22_G06,CARIOLAW,2025-01-22,111569,1,10,0,555.0
CARIOLAW_2025-01-22_G07,CARIOLAW,2025-01-22,110895,1,17,0,235.0
CARIOLAW_2025-01-22_G08,CARIOLAW,2025-01-22,110376,1,4,0,558.0
CARIOLAW_2025-01-22_G09,CARIOLAW,2025-01-22,110372,1,240,0,1305.0
CARIOLAW_2025-01-22_G10,CARIOLAW,2025-01-22,117832,1,19,0,262.0
CARIOLAW_2025-01-22_G11,CARIOLAW,2025-01-22,117832,1,29,0,192.0
CARIOLAW_2025-01-22_G12,CARIOLAW,2025-01-22,110373,2,134,10,476.0
CARIOLAW_2025-01-22_G13,CARIOLAW,2025-01-22,111435,1,3,0,1850.0
CARIOLAW_2025-01-22_G14,CARIOLAW,2025-01-22,118140,1,5,0,202.0
CARIOLAW_2025-01-22_G15,CARIOLAW,2025-01-22,111466,1,21,0,324.0
CARIOLAW_2025-01-22_G16,CARIOLAW,2025-01-22,117831,1,16,0,381.0
CARIOLAW_2025-01-22_G17,CARIOLAW,2025-01-22,111348,1,4,0,249.0
CARIOLAW_2025-01-22_G18,CARIOLAW,2025-01-22,111443,1,2,0,67.0
CARIOLAW_2025-01-22_G19,CARIOLAW,2025-01-22,105705,1,3,0,96.0
CARIOLAW_2025-01-22_G20,CARIOLAW,2025-01-22,110743,1,1,0,85.0
CARIOLAW_2025-01-22_G21,CARIOLAW,2025-01-22,111469,1,10,0,173.0
CARIOLAW_2025-01-22_G22,CARIOLAW,2025-01-22,111462,1,8,0,407.0
CARIOLAW_2025-01-22_G23,CARIOLAW,2025-01-22,110374,1,16,0,233.0
CARIOLAW_2025-01-22_G24,CARIOLAW,2025-01-22,117820,1,15,0,170.0
CARIOLAW_2025-01-22_G25,CARIOLAW,2025-01-22,107830,1,3,0,66.0
CARIOLAW_2025-01-22_G26,CARIOLAW,2025-01-22,110371,1,9,0,153.0
CARIOLAW_2025-01-22_G27,CARIOLAW,2025-01-22,117830,1,15,0,142.0
CARIOLAW_2025-01-22_G28,CARIOLAW,2025-01-22,109643,1,10,0,179.0
CARIOLAW_2025-01-22_G29,CARIOLAW,2025-01-22,117808,1,110,0,461.0
CARIOLAW_2025-01-22_G30,CARIOLAW,2025-01-22,118299,1,12,0,544.0
CARIOLAW_2025-01-22_G31,CARIOLAW,2025-01-22,110373,1,26,0,280.0
CARIOLAW_2025-01-22_G32,CARIOLAW,2025-01-22,110373,1,24,0,154.0
CARIOLAW_2025-01-22_G33,CARIOLAW,2025-01-22,118299,1,24,0,158.0
CARIOLAW_2025-01-22_G34,CARIOLAW,2025-01-22,117855,1,8,0,1159.0
CARIOLAW_2025-01-22_G35,CARIOLAW,2025-01-22,111444,1,2,0,249.0
CARIOLAW_2025-01-22_G36,CARIOLAW,2025-01-22,108770,1,4,0,154.0
CARIOLAW_2025-01-22_G37,CARIOLAW,2025-01-22,111660,1,10,0,293.0
CARIOLAW_2025-01-22_G38,CARIOLAW,2025-01-22,117855,1,18,0,657.0
CARIOLAW_2025-01-22_G39,CARIOLAW,2025-01-22,140922,1,4,0,363.0
CARIOLAW_2025-01-22_G40,CARIOLAW,2025-01-22,110745,1,12,0,284.0
CARIOLAW_2025-01-22_G41,CARIOLAW,2025-01-22,111444,1,12,0,257.0
CARIOLAW_2025-01-22_G42,CARIOLAW,2025-01-22,111466,1,20,0,244.0
CARIOLAW_2025-01-22_G43,CARIOLAW,2025-01-22,111469,1,20,0,503.0
CARIOLAW_2025-01-22_G44,CARIOLAW,2025-01-22,111438,1,6,0,344.0
CARIOLAW_2025-01-22_G45,CARIOLAW,2025-01-22,111466,1,12,0,83.0
CARIOLAW_2025-01-22_G46,CARIOLAW,2025-01-22,111466,1,12,0,217.0
CARIOLAW_2025-01-22_G47,CARIOLAW,2025-01-22,109641,1,2,0,59.0
CARIOLAW_2025-01-22_G48,CARIOLAW,2025-01-22,111463,1,8,0,121.0
CARIOLAW_2025-01-22_G49,CARIOLAW,2025-01-22,110371,1,4,0,151.0
CARIOLAW_2025-01-22_G50,CARIOLAW,2025-01-22,118299,1,12,0,170.0
CARIOLAW_2025-01-22_G51,CARIOLAW,2025-01-22,118299,1,4,0,37.0
CARIOLAW_2025-01-22_G52,CARIOLAW,2025-01-22,111348,1,2,0,82.0
CARIOLAW_2025-01-22_G54,CARIOLAW,2025-01-22,110313,1,8,0,253.0
CARIOLAW_2025-01-22_G55,CARIOLAW,2025-01-22,140922,1,4,0,170.0
CARIOLAW_2025-01-22_G56,CARIOLAW,2025-01-22,108711,1,8,0,334.0
CARIOLAW_2025-01-22_G57,CARIOLAW,2025-01-22,117855,1,2,0,263.0
CARIOLAW_2025-01-22_G58,CARIOLAW,2025-01-22,110895,1,4,0,168.0
CARIOLAW_2025-01-22_G59,CARIOLAW,2025-01-22,110895,1,4,0,82.0
CARIOLAW_2025-01-22_G60,CARIOLAW,2025-01-22,118299,1,3,0,244.0
CARIOLAW_2025-01-22_G61,CARIOLAW,2025-01-22,117855,1,2,0,205.0
CARIOLAW_2025-01-22_G62,CARIOLAW,2025-01-22,111602,1,4,0,111.0
CARIOLAW_2025-01-22_G63,CARIOLAW,2025-01-22,111602,1,16,0,502.0
CARIOLAW_2025-01-22_G64,CARIOLAW,2025-01-22,117855,1,2,0,162.0
CARIOLAW_2025-01-22_G65,CARIOLAW,2025-01-22,160057,1,6,0,328.0
CARIOLAW_2025-01-22_G66,CARIOLAW,2025-01-22,117855,1,5,0,202.0
CARIOLAW_2025-01-22_G67,CARIOLAW,2025-01-22,110374,1,4,0,100.0
CARIOLAW_2025-01-22_G68,CARIOLAW,2025-01-22,110787,1,10,0,544.0
CARIOLAW_2025-01-22_G69,CARIOLAW,2025-01-22,111444,1,8,0,467.0
CARIOLAW_2025-01-22_G70,CARIOLAW,2025-01-22,111444,1,14,0,238.0
CARIOLAW_2025-01-22_G71,CARIOLAW,2025-01-22,111444,1,12,0,57.0
CARIOLAW_2025-01-22_G72,CARIOLAW,2025-01-22,118004,1,18,0,421.0
CARIOLAW_2025-01-22_G73,CARIOLAW,2025-01-22,111431,1,6,0,208.0
CARIOLAW_2025-01-27_G02,CARIOLAW,2025-01-27,111463,1,20,0,180.0
CARIOLAW_2025-01-27_G03,CARIOLAW,2025-01-27,118299,1,1,0,78.0
CARIOLAW_2025-01-27_G04,CARIOLAW,2025-01-27,117836,1,4,0,439.0
CARIOLAW_2025-01-27_G05,CARIOLAW,2025-01-27,111569,1,4,0,99.0
CARIOLAW_2025-01-27_G06,CARIOLAW,2025-01-27,117830,1,12,0,212.0
CARIOLAW_2025-01-27_G07,CARIOLAW,2025-01-27,117830,2,11,21,41.0
CARIOLAW_2025-01-27_G08,CARIOLAW,2025-01-27,117830,1,6,0,33.0
CARIOLAW_2025-01-27_G09,CARIOLAW,2025-01-27,117820,1,3,0,89.0
CARIOLAW_2025-01-27_G10,CARIOLAW,2025-01-27,117820,1,32,0,171.0
CARIOLAW_2025-01-27_G11,CARIOLAW,2025-01-27,109641,1,8,0,220.0
CARIOLAW_2025-01-27_G12,CARIOLAW,2025-01-27,109641,5,70,49,543.0
CARIOLAW_2025-01-27_G13,CARIOLAW,2025-01-27,109645,1,4,0,401.0
CARIOLAW_2025-01-27_G14,CARIOLAW,2025-01-27,110745,1,8,0,264.0
CARIOLAW_2025-01-27_G15,CARIOLAW,2025-01-27,105705,1,8,0,125.0
CARIOLAW_2025-01-27_G16,CARIOLAW,2025-01-27,111469,1,4,0,64.0
CARIOLAW_2025-01-27_G17,CARIOLAW,2025-01-27,111463,1,4,0,45.0
CARIOLAW_2025-01-27_G18,CARIOLAW,2025-01-27,111463,1,4,0,34.0
CARIOLAW_2025-01-27_G19,CARIOLAW,2025-01-27,111469,1,8,0,101.0
CARIOLAW_2025-01-27_G20,CARIOLAW,2025-01-27,111463,1,30,0,261.0
CARIOLAW_2025-01-27_G21,CARIOLAW,2025-01-27,110895,1,52,0,894.0
CARIOLAW_2025-01-27_G22,CARIOLAW,2025-01-27,111442,1,48,0,390.0
CARIOLAW_2025-01-27_G23,CARIOLAW,2025-01-27,111466,1,60,0,79.0
CARIOLAW_2025-01-27_G24,CARIOLAW,2025-01-27,117785,1,46,0,356.0
CARIOLAW_2025-01-27_G25,CARIOLAW,2025-01-27,111469,1,40,0,730.0
CARIOLAW_2025-01-27_G26,CARIOLAW,2025-01-27,111462,1,50,0,362.0
CARIOLAW_2025-03-15_G02,CARIOLAW,2025-03-15,110339,1,4,0,324.0
CARIOLAW_2025-03-15_G03,CARIOLAW,2025-03-15,110515,1,4,0,100.0
CARIOLAW_2025-03-15_G04,CARIOLAW,2025-03-15,110711,1,1,0,110.0
CARIOLAW_2025-03-15_G05,CARIOLAW,2025-03-15,105242,1,2,0,340.0
CARIOLAW_2025-03-15_G06,CARIOLAW,2025-03-15,110711,1,2,0,356.0
CARIOLAW_2025-03-15_G07,CARIOLAW,2025-03-15,"117831, 117833",2,5,12,94.0
CARIOLAW_2025-03-15_G08,CARIOLAW,2025-03-15,117785,1,4,0,320.0
CARIOLAW_2025-03-15_G09,CARIOLAW,2025-03-15,118140,1,1,0,57.0
CARIOLAW_2025-03-15_G10,CARIOLAW,2025-03-15,110787,1,2,0,72.0
CARIOLAW_2025-03-15_G11,CARIOLAW,2025-03-15,105705,1,2,0,76.0
CARIOLAW_2025-03-15_G12,CARIOLAW,2025-03-15,118299,1,10,0,138.0
CARIOLAW_2025-03-15_G13,CARIOLAW,2025-03-15,110376,1,3,0,100.0
CARIOLAW_2025-03-15_G14,CARIOLAW,2025-03-15,117808,1,10,0,54.0
CARIOLAW_2025-03-15_G15,CARIOLAW,2025-03-15,117809,1,2,0,81.0
CARIOLAW_2025-03-15_G16,CARIOLAW,2025-03-15,110373,1,4,0,40.0
CARIOLAW_2025-03-15_G17,CARIOLAW,2025-03-15,110375,1,2,0,96.0
CARIOLAW_2025-03-15_G18,CARIOLAW,2025-03-15,117820,1,2,0,95.0
CARIOLAW_2025-03-15_G19,CARIOLAW,2025-03-15,110373,1,2,0,352.0
CARIOLAW_2025-03-15_G20,CARIOLAW,2025-03-15,105242,1,2,0,87.0
CARIOLAW_2025-03-15_G21,CARIOLAW,2025-03-15,110711,1,6,0,83.0
CARIOLAW_2025-03-15_G22,CARIOLAW,2025-03-15,110743,1,2,0,828.0
CARIOLAW_2025-03-15_G23,CARIOLAW,2025-03-15,111466,1,9,0,86.0
CARIOLAW_2025-03-15_G24,CARIOLAW,2025-03-15,111532,1,4,0,110.0
CARIOLAW_2025-03-15_G25,CARIOLAW,2025-03-15,117833,1,2,0,91.0
CARIOLAW_2025-03-15_G26,CARIOLAW,2025-03-15,118140,1,4,0,77.0
CARIOLAW_2025-03-15_G27,CARIOLAW,2025-03-15,111418,1,1,0,81.0
CARIOLAW_2025-03-15_G28,CARIOLAW,2025-03-15,111465,1,2,0,93.0
CARIOLAW_2025-03-15_G29,CARIOLAW,2025-03-15,117808,1,10,0,169.0
CARIOLAW_2025-03-15_G30,CARIOLAW,2025-03-15,110373,1,4,0,102.0
CARIOLAW_2025-03-15_G31,CARIOLAW,2025-03-15,117830,1,6,0,83.0
CARIOLAW_2025-03-15_G32,CARIOLAW,2025-03-15,117820,1,1,0,141.0
CARIOLAW_2025-03-15_G33,CARIOLAW,2025-03-15,140957,1,6,0,758.0
CARIOLAW_2025-03-15_G34,CARIOLAW,2025-03-15,110582,1,6,0,158.0
CARIOLAW_2025-03-15_G35,CARIOLAW,2025-03-15,110373,1,6,0,834.0
CARIOLAW_2025-03-15_G36,CARIOLAW,2025-03-15,111330,1,8,0,176.0
CARIOLAW_2025-03-15_G37,CARIOLAW,2025-03-15,105705,1,4,0,252.0
CARIOLAW_2025-03-15_G38,CARIOLAW,2025-03-15,117785,1,12,0,138.0
CARIOLAW_2025-03-15_G39,CARIOLAW,2025-03-15,111418,1,8,0,112.0
CARIOLAW_2025-03-15_G40,CARIOLAW,2025-03-15,111650,1,1,0,352.0
CARIOLAW_2025-03-15_G41,CARIOLAW,2025-03-15,110787,1,8,0,82.0
CARIOLAW_2025-03-15_G42,CARIOLAW,2025-03-15,110747,1,2,0,184.0
CARIOLAW_2025-03-15_G43,CARIOLAW,2025-03-15,109937,1,2,0,56.0
CARIOLAW_2025-03-15_G44,CARIOLAW,2025-03-15,110339,1,2,0,107.0
CARIOLAW_2025-03-15_G45,CARIOLAW,2025-03-15,117856,1,4,0,60.0
CARIOLAW_2025-03-15_G46,CARIOLAW,2025-03-15,110733,1,5,0,66.0
CARIOLAW_2025-03-15_G47,CARIOLAW,2025-03-15,117855,1,2,0,67.0
CARIOLAW_2025-03-15_G48,CARIOLAW,2025-03-15,117786,1,3,0,106.0
CARIOLAW_2025-03-15_G49,CARIOLAW,2025-03-15,118299,1,9,0,131.0
CARIOLAW_2025-03-15_G50,CARIOLAW,2025-03-15,117822,1,3,0,35.0
CARIOLAW_2025-03-15_G51,CARIOLAW,2025-03-15,110373,1,6,0,97.0
CARIOLAW_2025-03-15_G52,CARIOLAW,2025-03-15,110374,1,3,0,76.0
CARIOLAW_2025-03-15_G53,CARIOLAW,2025-03-15,117820,1,10,0,32.0
CARIOLAW_2025-03-15_G54,CARIOLAW,2025-03-15,117862,1,4,0,907.0
CARIOLAW_2025-03-15_G55,CARIOLAW,2025-03-15,111530,1,8,0,182.0
CARIOLAW_2025-03-15_G56,CARIOLAW,2025-03-15,111172,1,1,0,69.0
CARIOLAW_2025-03-15_G57,CARIOLAW,2025-03-15,109647,2,151,24,2162.0
CARIOLAW_2025-03-15_G58,CARIOLAW,2025-03-15,111602,1,100,0,739.0
CARIOLAW_2025-03-15_G59,CARIOLAW,2025-03-15,110741,1,20,0,484.0
CARIOLAW_2025-03-15_G60,CARIOLAW,2025-03-15,109640,1,20,0,176.0
CARIOLAW_2025-03-15_G61,CARIOLAW,2025-03-15,111182,1,54,0,1574.0
CARIOLAW_2025-03-15_G62,CARIOLAW,2025-03-15,111182,2,35,10,44.0
CARIOLAW_2025-03-15_G63,CARIOLAW,2025-03-15,108711,1,47,0,1034.0
CARIOLAW_2025-03-15_G64,CARIOLAW,2025-03-15,117785,2,350,25,714.0
CARIOLAW_2025-03-15_G65,CARIOLAW,2025-03-15,111532,1,8,0,1062.0
CARIOLAW_2025-03-15_G66,CARIOLAW,2025-03-15,110747,1,8,0,728.0
CARIOLAW_2025-03-15_G67,CARIOLAW,2025-03-15,111430,1,16,0,119.0
CARIOLAW_2025-03-15_G68,CARIOLAW,2025-03-15,118094,1,3,0,150.0
CARIOLAW_2025-03-15_G69,CARIOLAW,2025-03-15,110339,1,10,0,222.0
CARIOLAW_2025-03-15_G70,CARIOLAW,2025-03-15,110515,1,12,0,137.0
CARIOLAW_2025-03-15_G71,CARIOLAW,2025-03-15,110711,1,2,0,124.0
CARIOLAW_2025-03-15_G72,CARIOLAW,2025-03-15,111466,1,60,0,319.0
CARIOLAW_2025-03-15_G73,CARIOLAW,2025-03-15,111532,1,20,0,355.0
CARIOLAW_2025-03-15_G74,CARIOLAW,2025-03-15,117831,1,40,0,280.0
CARIOLAW_2025-03-15_G75,CARIOLAW,2025-03-15,140922,1,30,0,254.0
CARIOLAW_2025-03-15_G76,CARIOLAW,2025-03-15,111468,1,12,0,118.0
CARIOLAW_2025-03-15_G77,CARIOLAW,2025-03-15,111172,1,12,0,68.0
CARIOLAW_2025-03-15_G78,CARIOLAW,2025-03-15,118140,1,30,0,157.0
CARIOLAW_2025-03-15_G79,CARIOLAW,2025-03-15,111418,1,60,0,265.0
CARIOLAW_2025-03-15_G80,CARIOLAW,2025-03-15,117841,1,2,0,212.0
CARIOLAW_2025-03-15_G81,CARIOLAW,2025-03-15,109645,1,4,0,50.0
CARIOLAW_2025-03-15_G82,CARIOLAW,2025-03-15,110371,1,50,0,227.0
CARIOLAW_2025-03-15_G83,CARIOLAW,2025-03-15,118299,1,150,0,711.0
CARIOLAW_2025-03-19_G02,CARIOLAW,2025-03-19,123153,1,80,0,589.0
CARIOLAW_2025-03-19_G03,CARIOLAW,2025-03-19,123153,1,20,0,2021.0
CARIOLAW_2025-03-19_G04,CARIOLAW,2025-03-19,123345,1,4,0,252.0
CARIOLAW_2025-03-19_G05,CARIOLAW,2025-03-19,123153,1,10,0,792.0
CARIOLAW_2025-03-19_G06,CARIOLAW,2025-03-19,123345,1,2,0,239.0
CARIOLAW_2025-03-19_G07,CARIOLAW,2025-03-19,122673,1,16,0,417.0
CARIOLAW_2025-03-19_G08,CARIOLAW,2025-03-19,180590,1,3,0,480.0
CARIOLAW_2025-03-19_G09,CARIOLAW,2025-03-19,122647,1,12,0,420.0
CARIOLAW_2025-03-19_G10,CARIOLAW,2025-03-19,111851,1,1,0,1307.0
CARIOLAW_2025-03-19_G11,CARIOLAW,2025-03-19,108770,1,2,0,75.0
CARIOLAW_2025-03-19_G12,CARIOLAW,2025-03-19,117862,1,8,0,74.0
CARIOLAW_2025-03-19_G13,CARIOLAW,2025-03-19,117855,1,7,0,142.0
CARIOLAW_2025-03-19_G14,CARIOLAW,2025-03-19,111876,1,8,0,114.0
CARIOLAW_2025-03-19_G15,CARIOLAW,2025-03-19,109649,1,2,0,305.0
CARIOLAW_2025-03-19_G16,CARIOLAW,2025-03-19,111348,1,6,0,93.0
CARIOLAW_2025-03-19_G17,CARIOLAW,2025-03-19,111469,1,8,0,307.0
CARIOLAW_2025-03-19_G18,CARIOLAW,2025-03-19,111172,1,9,0,104.0
CARIOLAW_2025-03-19_G19,CARIOLAW,2025-03-19,118140,1,3,0,116.0
CARIOLAW_2025-03-19_G20,CARIOLAW,2025-03-19,111430,1,4,0,196.0
CARIOLAW_2025-03-19_G21,CARIOLAW,2025-03-19,117862,1,8,0,137.0
CARIOLAW_2025-03-19_G22,CARIOLAW,2025-03-19,117853,1,3,0,53.0
CARIOLAW_2025-03-19_G23,CARIOLAW,2025-03-19,110741,1,4,0,307.0
CARIOLAW_2025-03-19_G24,CARIOLAW,2025-03-19,117855,1,6,0,61.0
CARIOLAW_2025-03-19_G25,CARIOLAW,2025-03-19,111172,2,17,27,119.0
CARIOLAW_2025-03-19_G26,CARIOLAW,2025-03-19,110745,1,4,0,184.0
CARIOLAW_2025-03-19_G27,CARIOLAW,2025-03-19,111465,1,3,0,108.0
CARIOLAW_2025-03-19_G28,CARIOLAW,2025-03-19,110895,1,4,0,221.0
CARIOLAW_2025-03-19_G29,CARIOLAW,2025-03-19,117862,1,2,0,172.0
CARIOLAW_2025-03-19_G30,CARIOLAW,2025-03-19,117853,1,3,0,62.0
CARIOLAW_2025-03-19_G31,CARIOLAW,2025-03-19,110745,1,4,0,81.0
CARIOLAW_2025-03-19_G32,CARIOLAW,2025-03-19,111438,1,8,0,150.0
CARIOLAW_2025-03-19_G33,CARIOLAW,2025-03-19,110895,1,4,0,145.0
CARIOLAW_2025-03-19_G34,CARIOLAW,2025-03-19,107629,1,2,0,41.0
CARIOLAW_2025-03-19_G35,CARIOLAW,2025-03-19,110740,2,10,7,180.0
CARIOLAW_2025-03-19_G36,CARIOLAW,2025-03-19,110515,1,27,0,204.0
CARIOLAW_2025-03-19_G37,CARIOLAW,2025-03-19,109640,1,12,0,229.0
CARIOLAW_2025-03-19_G38,CARIOLAW,2025-03-19,111469,1,52,0,420.0
CARIOLAW_2025-03-19_G39,CARIOLAW,2025-03-19,111418,1,78,0,329.0
CARIOLAW_2025-03-19_G40,CARIOLAW,2025-03-19,111463,1,6,0,134.0
CARIOLAW_2025-03-19_G41,CARIOLAW,2025-03-19,111602,1,4,0,438.0
CARIOLAW_2025-03-19_G42,CARIOLAW,2025-03-19,110745,1,4,0,166.0
CARIOLAW_2025-03-19_G43,CARIOLAW,2025-03-19,117862,1,2,0,138.0
CARIOLAW_2025-03-19_G44,CARIOLAW,2025-03-19,117935,1,1,0,137.0
CARIOLAW_2025-03-19_G45,CARIOLAW,2025-03-19,110895,1,1,0,141.0
CARIOLAW_2025-03-19_G46,CARIOLAW,2025-03-19,117862,1,5,0,73.0
CARIOLAW_2025-03-19_G47,CARIOLAW,2025-03-19,117853,1,2,0,78.0
CARIOLAW_2025-03-19_G48,CARIOLAW,2025-03-19,110313,1,1,0,69.0
CARIOLAW_2025-03-19_G49,CARIOLAW,2025-03-19,111172,1,9,0,125.0
CARIOLAW_2025-03-19_G50,CARIOLAW,2025-03-19,110745,1,4,0,112.0
CARIOLAW_2025-03-19_G51,CARIOLAW,2025-03-19,110374,1,1,0,97.0
CARIOLAW_2025-03-19_G52,CARIOLAW,2025-03-19,111465,1,3,0,146.0
CARIOLAW_2025-03-19_G53,CARIOLAW,2025-03-19,111418,1,19,0,156.0
CARIOLAW_2025-03-19_G54,CARIOLAW,2025-03-19,117853,1,5,0,420.0
CARIOLAW_2025-03-19_G55,CARIOLAW,2025-03-19,111602,1,3,0,109.0
CARIOLAW_2025-03-19_G56,CARIOLAW,2025-03-19,117785,1,30,0,72.0
CARIOLAW_2025-03-19_G57,CARIOLAW,2025-03-19,118317,1,4,0,233.0
CARIOLAW_2025-03-19_G58,CARIOLAW,2025-03-19,111438,1,2,0,133.0
CARIOLAW_2025-03-19_G59,CARIOLAW,2025-03-19,"118094, 111469",3,8,36,74.0
CARIOLAW_2025-03-19_G60,CARIOLAW,2025-03-19,111418,1,2,0,95.0
CARIOLAW_2025-03-19_G61,CARIOLAW,2025-03-19,111418,1,56,0,77.0
CARIOLAW_2025-03-19_G62,CARIOLAW,2025-03-19,111441,1,5,0,473.0
CARIOLAW_2025-03-19_G63,CARIOLAW,2025-03-19,"111469, 111418, 110373, 118094, 110515, 111530, 109640",8,120,123,188.0
CARIOLAW_2025-03-19_G64,CARIOLAW,2025-03-19,116241,3,6,19,1894.0
CARIOLAW_2025-03-27_G02,CARIOLAW,2025-03-27,117833,1,2,0,123.0
CARIOLAW_2025-03-27_G03,CARIOLAW,2025-03-27,118290,1,4,0,145.0
CARIOLAW_2025-03-27_G04,CARIOLAW,2025-03-27,111172,1,4,0,392.0
CARIOLAW_2025-03-27_G05,CARIOLAW,2025-03-27,110376,1,2,0,117.0
CARIOLAW_2025-03-27_G06,CARIOLAW,2025-03-27,118299,1,18,0,82.0
CARIOLAW_2025-03-27_G07,CARIOLAW,2025-03-27,117820,1,2,0,384.0
CARIOLAW_2025-03-27_G08,CARIOLAW,2025-03-27,109640,1,30,0,657.0
CARIOLAW_2025-03-27_G09,CARIOLAW,2025-03-27,111172,1,12,0,689.0
CARIOLAW_2025-03-27_G10,CARIOLAW,2025-03-27,111182,1,11,0,662.0
CARIOLAW_2025-03-27_G11,CARIOLAW,2025-03-27,109641,1,10,0,135.0
CARIOLAW_2025-03-27_G12,CARIOLAW,2025-03-27,111469,1,8,0,137.0
CARIOLAW_2025-03-27_G13,CARIOLAW,2025-03-27,111569,1,2,0,266.0
CARIOLAW_2025-03-27_G14,CARIOLAW,2025-03-27,111441,1,4,0,139.0
CARIOLAW_2025-03-27_G15,CARIOLAW,2025-03-27,111463,1,12,0,249.0
CARIOLAW_2025-03-27_G16,CARIOLAW,2025-03-27,110372,1,20,0,289.0
CARIOLAW_2025-03-27_G17,CARIOLAW,2025-03-27,110740,1,2,0,242.0
CARIOLAW_2025-03-27_G18,CARIOLAW,2025-03-27,117835,1,2,0,651.0
CARIOLAW_2025-03-27_G19,CARIOLAW,2025-03-27,117834,1,14,0,123.0
CARIOLAW_2025-03-27_G20,CARIOLAW,2025-03-27,111441,1,12,0,130.0
CARIOLAW_2025-03-27_G21,CARIOLAW,2025-03-27,117836,1,4,0,134.0
CARIOLAW_2025-03-27_G22,CARIOLAW,2025-03-27,140922,1,10,0,131.0
CARIOLAW_2025-03-27_G23,CARIOLAW,2025-03-27,111330,1,18,0,253.0
CARIOLAW_2025-03-27_G24,CARIOLAW,2025-03-27,111532,1,4,0,114.0
CARIOLAW_2025-03-27_G25,CARIOLAW,2025-03-27,105705,1,6,0,120.0
CARIOLAW_2025-03-27_G26,CARIOLAW,2025-03-27,117820,1,32,0,334.0
CARIOLAW_2025-03-27_G27,CARIOLAW,2025-03-27,141047,2,8,8,1087.0
CARIOLAW_2025-03-27_G28,CARIOLAW,2025-03-27,111467,1,50,0,129.0
CARIOLAW_2025-03-27_G29,CARIOLAW,2025-03-27,109640,1,52,0,438.0
CARIOLAW_2025-03-27_G30,CARIOLAW,2025-03-27,118222,1,33,0,814.0
CARIOLAW_2025-03-27_G31,CARIOLAW,2025-03-27,111467,1,37,0,405.0
CARIOLAW_2025-03-27_G32,CARIOLAW,2025-03-27,111467,4,23,25,31.0
CARIOLAW_2025-03-27_G33,CARIOLAW,2025-03-27,110372,1,200,0,349.0
CARIOLAW_2025-03-27_G34,CARIOLAW,2025-03-27,111430,1,4,0,399.0
CARIOLAW_2025-03-27_G35,CARIOLAW,2025-03-27,109641,1,16,0,122.0
CARIOLAW_2025-03-27_G36,CARIOLAW,2025-03-27,141047,1,8,0,526.0
CARIOLAW_2025-03-27_G37,CARIOLAW,2025-03-27,111467,1,1,0,72.0
CARIOLAW_2025-03-27_G38,CARIOLAW,2025-03-27,117808,2,258,19,211.0
CARIOLAW_2025-03-27_G39,CARIOLAW,2025-03-27,117820,1,4,0,474.0
CARIOLAW_2025-03-27_G40,CARIOLAW,2025-03-27,111739,1,4,0,1114.0
CARIOLAW_2025-03-27_G41,CARIOLAW,2025-03-27,111759,1,6,0,357.0
CARIOLAW_2025-03-27_G42,CARIOLAW,2025-03-27,111753,1,10,0,226.0
CARIOLAW_2025-03-27_G43,CARIOLAW,2025-03-27,111761,1,4,0,190.0
CARIOLAW_2025-03-27_G44,CARIOLAW,2025-03-27,111751,1,4,0,121.0
CARIOLAW_2025-03-27_G45,CARIOLAW,2025-03-27,111722,1,24,0,231.0
CARIOLAW_2025-03-27_G46,CARIOLAW,2025-03-27,141262,1,8,0,469.0
CARIOLAW_2025-03-27_G47,CARIOLAW,2025-03-27,111740,1,8,0,399.0
CARIOLAW_2025-03-27_G48,CARIOLAW,2025-03-27,111634,1,24,0,282.0
CARIOLAW_2025-03-27_G49,CARIOLAW,2025-03-27,141261,1,24,0,135.0
CARIOLAW_2025-03-27_G50,CARIOLAW,2025-03-27,118191,1,10,0,325.0
CARIOLAW_2025-03-27_G51,CARIOLAW,2025-03-27,111739,1,4,0,188.0
CARIOLAW_2025-03-27_G52,CARIOLAW,2025-03-27,111759,1,4,0,213.0
CARIOLAW_2025-03-27_G53,CARIOLAW,2025-03-27,111753,1,8,0,93.0
CARIOLAW_2025-03-27_G54,CARIOLAW,2025-03-27,111761,1,4,0,155.0
CARIOLAW_2025-03-27_G55,CARIOLAW,2025-03-27,111634,1,10,0,132.0
CARIOLAW_2025-03-27_G56,CARIOLAW,2025-03-27,141262,1,8,0,110.0
CARIOLAW_2025-03-27_G57,CARIOLAW,2025-03-27,111740,1,8,0,182.0
CARIOLAW_2025-03-27_G58,CARIOLAW,2025-03-27,141261,1,10,0,157.0
CARIOLAW_2025-03-27_G59,CARIOLAW,2025-03-27,118191,1,10,0,181.0
CARIOLAW_2025-03-27_G60,CARIOLAW,2025-03-27,141047,1,2,0,540.0
CARIOLAW_2025-03-27_G61,CARIOLAW,2025-03-27,109640,1,44,0,154.0
CARIOLAW_2025-03-27_G62,CARIOLAW,2025-03-27,117808,1,12,0,180.0
CARIOLAW_2025-03-27_G63,CARIOLAW,2025-03-27,110374,1,56,0,232.0
CARIOLAW_2025-03-27_G64,CARIOLAW,2025-03-27,140922,1,6,0,272.0
CARIOLAW_2025-03-27_G65,CARIOLAW,2025-03-27,111466,1,32,0,100.0
CARIOLAW_2025-03-27_G66,CARIOLAW,2025-03-27,111446,1,16,0,354.0
CARIOLAW_2025-03-27_G67,CARIOLAW,2025-03-27,111182,1,10,0,184.0
CARIOLAW_2025-03-27_G68,CARIOLAW,2025-03-27,109641,1,23,0,277.0
CARIOLAW_2025-03-27_G69,CARIOLAW,2025-03-27,111469,1,12,0,293.0
CARIOLAW_2025-03-27_G70,CARIOLAW,2025-03-27,111569,1,78,0,636.0
CARIOLAW_2025-03-27_G71,CARIOLAW,2025-03-27,111569,1,44,0,176.0
CARIOLAW_2025-03-27_G72,CARIOLAW,2025-03-27,118140,1,95,0,376.0
CARIOLAW_2025-03-27_G73,CARIOLAW,2025-03-27,111466,1,70,0,355.0
CARIOLAW_2025-03-27_G74,CARIOLAW,2025-03-27,105705,1,1,0,299.0
CARIOLAW_2025-03-27_G75,CARIOLAW,2025-03-27,118094,1,22,0,163.0
CARIOLAW_2025-03-27_G76,CARIOLAW,2025-03-27,110733,1,90,0,316.0
CARIOLAW_2025-03-27_G77,CARIOLAW,2025-03-27,117935,1,35,0,383.0
CARIOLAW_2025-03-27_G78,CARIOLAW,2025-03-27,111530,1,42,0,227.0
CARIOLAW_2025-03-27_G79,CARIOLAW,2025-03-27,108772,1,62,0,557.0
CARIOLAW_2025-03-27_G80,CARIOLAW,2025-03-27,108772,2,77,15,46.0
CARIOLAW_2025-03-29_G02,CARIOLAW,2025-03-29,122986,1,16,0,310.0
CARIOLAW_2025-03-29_G03,CARIOLAW,2025-03-29,121760,1,35,0,2763.0
CARIOLAW_2025-03-29_G04,CARIOLAW,2025-03-29,121760,1,1,0,164.0
CARIOLAW_2025-03-29_G05,CARIOLAW,2025-03-29,124486,1,63,0,398.0
CARIOLAW_2025-03-29_G06,CARIOLAW,2025-03-29,122988,1,12,0,720.0
CARIOLAW_2025-03-29_G07,CARIOLAW,2025-03-29,124476,2,40,13,697.0
CARIOLAW_2025-03-29_G08,CARIOLAW,2025-03-29,123343,1,12,0,667.0
CARIOLAW_2025-03-29_G09,CARIOLAW,2025-03-29,124248,1,20,0,469.0
CARIOLAW_2025-03-29_G10,CARIOLAW,2025-03-29,124486,1,20,0,504.0
CARIOLAW_2025-03-29_G11,CARIOLAW,2025-03-29,123032,1,20,0,458.0
CARIOLAW_2025-03-29_G12,CARIOLAW,2025-03-29,123032,1,4,0,377.0
CARIOLAW_2025-03-29_G13,CARIOLAW,2025-03-29,122985,1,37,0,549.0
CARIOLAW_2025-03-29_G14,CARIOLAW,2025-03-29,122671,1,1,0,327.0
CARIOLAW_2025-03-29_G15,CARIOLAW,2025-03-29,120271,1,1,0,99.0
CARIOLAW_2025-03-29_G16,CARIOLAW,2025-03-29,123562,1,3,0,86.0
CARIOLAW_2025-03-29_G17,CARIOLAW,2025-03-29,"124475, 124476, 123562, 122984, 121923",5,26,102,63.0
CARIOLAW_2025-03-29_G18,CARIOLAW,2025-03-29,121760,1,1,0,123.0
CARIOLAW_2025-03-29_G19,CARIOLAW,2025-03-29,122983,1,2,0,72.0
CARIOLAW_2025-03-29_G20,CARIOLAW,2025-03-29,123521,1,1,0,83.0
CARIOLAW_2025-03-29_G22,CARIOLAW,2025-03-29,122647,1,48,0,1030.0
CARIOLAW_2025-03-29_G23,CARIOLAW,2025-03-29,121760,1,8,0,302.0
CARIOLAW_2025-03-29_G24,CARIOLAW,2025-03-29,123909,1,3,0,131.0
CARIOLAW_2025-03-29_G25,CARIOLAW,2025-03-29,123032,1,8,0,264.0
CARIOLAW_2025-03-29_G26,CARIOLAW,2025-03-29,"123909, 123032",2,36,24,149.0
CARIOLAW_2025-03-29_G27,CARIOLAW,2025-03-29,122671,1,10,0,653.0
CARIOLAW_2025-03-29_G28,CARIOLAW,2025-03-29,123032,1,14,0,227.0
CARIOLAW_2025-03-30_G02,CARIOLAW,2025-03-30,111467,1,20,0,169.0
CARIOLAW_2025-03-30_G03,CARIOLAW,2025-03-30,111467,1,19,0,96.0
CARIOLAW_2025-03-30_G04,CARIOLAW,2025-03-30,111467,1,11,0,97.0
CARIOLAW_2025-03-30_G05,CARIOLAW,2025-03-30,111467,1,5,0,41.0
CARIOLAW_2025-03-30_G06,CARIOLAW,2025-03-30,111467,1,50,0,432.0
CARIOLAW_2025-03-30_G07,CARIOLAW,2025-03-30,118290,1,6,0,2983.0
CARIOLAW_2025-03-30_G08,CARIOLAW,2025-03-30,110746,1,6,0,735.0
CARIOLAW_2025-03-30_G09,CARIOLAW,2025-03-30,111439,1,3,0,675.0
CARIOLAW_2025-03-30_G10,CARIOLAW,2025-03-30,111467,1,16,0,237.0
CARIOLAW_2025-03-30_G11,CARIOLAW,2025-03-30,111467,1,20,0,105.0
CARIOLAW_2025-03-30_G12,CARIOLAW,2025-03-30,111468,1,10,0,93.0
CARIOLAW_2025-03-30_G13,CARIOLAW,2025-03-30,117787,1,8,0,140.0
CARIOLAW_2025-03-30_G14,CARIOLAW,2025-03-30,110371,1,80,0,246.0
CARIOLAW_2025-03-30_G15,CARIOLAW,2025-03-30,117830,1,2,0,70.0
CARIOLAW_2025-03-30_G16,CARIOLAW,2025-03-30,107830,1,4,0,58.0
CARIOLAW_2025-03-30_G17,CARIOLAW,2025-03-30,110373,1,216,0,238.0
CARIOLAW_2025-03-30_G18,CARIOLAW,2025-03-30,110372,1,108,0,98.0
CARIOLAW_2025-03-30_G19,CARIOLAW,2025-03-30,117808,1,108,0,188.0
CARIOLAW_2025-03-30_G20,CARIOLAW,2025-03-30,110374,1,50,0,192.0
CARIOLAW_2025-03-30_G21,CARIOLAW,2025-03-30,117808,1,1,0,631.0
CARIOLAW_2025-03-30_G22,CARIOLAW,2025-03-30,118299,1,4,0,492.0
CARIOLAW_2025-03-30_G23,CARIOLAW,2025-03-30,110371,1,14,0,178.0
CARIOLAW_2025-03-30_G24,CARIOLAW,2025-03-30,110373,1,10,0,191.0
CARIOLAW_2025-03-30_G25,CARIOLAW,2025-03-30,111438,1,2,0,181.0
CARIOLAW_2025-03-30_G26,CARIOLAW,2025-03-30,111330,1,16,0,178.0
CARIOLAW_2025-03-30_G27,CARIOLAW,2025-03-30,117820,2,8,13,135.0
CARIOLAW_2025-03-30_G28,CARIOLAW,2025-03-30,111634,1,10,0,475.0
CARIOLAW_2025-03-30_G29,CARIOLAW,2025-03-30,111722,1,6,0,75.0
CARIOLAW_2025-03-30_G30,CARIOLAW,2025-03-30,141262,1,4,0,131.0
CARIOLAW_2025-03-30_G31,CARIOLAW,2025-03-30,111740,1,8,0,816.0
CARIOLAW_2025-03-30_G32,CARIOLAW,2025-03-30,141261,1,10,0,154.0
CARIOLAW_2025-03-30_G33,CARIOLAW,2025-03-30,118191,1,12,0,135.0
CARIOLAW_2025-03-30_G34,CARIOLAW,2025-03-30,111530,1,10,0,307.0
CARIOLAW_2025-03-30_G35,CARIOLAW,2025-03-30,141047,1,6,0,192.0
CARIOLAW_2025-03-30_G36,CARIOLAW,2025-03-30,110752,1,6,0,324.0
CARIOLAW_2025-03-30_G37,CARIOLAW,2025-03-30,110752,1,9,0,70.0
CARIOLAW_2025-03-30_G38,CARIOLAW,2025-03-30,111467,1,12,0,349.0
CARIOLAW_2025-03-30_G39,CARIOLAW,2025-03-30,110373,1,4,0,1264.0
CARIOLAW_2025-03-30_G40,CARIOLAW,2025-03-30,110787,1,12,0,177.0
CARIOLAW_2025-03-30_G41,CARIOLAW,2025-03-30,111433,1,2,0,96.0
CARIOLAW_2025-03-30_G42,CARIOLAW,2025-03-30,110373,1,2,0,172.0
CARIOLAW_2025-03-30_G43,CARIOLAW,2025-03-30,111433,1,2,0,117.0
CARIOLAW_2025-03-30_G44,CARIOLAW,2025-03-30,110373,1,2,0,144.0
CARIOLAW_2025-03-30_G45,CARIOLAW,2025-03-30,110371,1,4,0,129.0
CARIOLAW_2025-03-30_G46,CARIOLAW,2025-03-30,118222,2,6,27,81.0
CARIOLAW_2025-03-30_G47,CARIOLAW,2025-03-30,141047,1,4,0,105.0
CARIOLAW_2025-03-30_G48,CARIOLAW,2025-03-30,110752,1,4,0,86.0
CARIOLAW_2025-03-30_G49,CARIOLAW,2025-03-30,111172,1,2,0,61.0
CARIOLAW_2025-03-30_G50,CARIOLAW,2025-03-30,110787,1,12,0,408.0
CARIOLAW_2025-03-30_G52,CARIOLAW,2025-03-30,111431,1,4,0,644.0
CARIOLAW_2025-03-30_G53,CARIOLAW,2025-03-30,141047,1,2,0,144.0
CARIOLAW_2025-03-30_G54,CARIOLAW,2025-03-30,109647,1,2,0,153.0
CARIOLAW_2025-03-30_G55,CARIOLAW,2025-03-30,141047,1,8,0,159.0
CARIOLAW_2025-03-30_G56,CARIOLAW,2025-03-30,110752,1,4,0,333.0
CARIOLAW_2025-03-30_G57,CARIOLAW,2025-03-30,111467,1,17,0,168.0
CARIOLAW_2025-03-30_G58,CARIOLAW,2025-03-30,117787,1,11,0,217.0
CARIOLAW_2025-03-30_G59,CARIOLAW,2025-03-30,141047,1,4,0,526.0
CARIOLAW_2025-03-30_G60,CARIOLAW,2025-03-30,111467,1,4,0,48.0
CARIOLAW_2025-03-30_G61,CARIOLAW,2025-03-30,110371,1,4,0,643.0
CARIOLAW_2025-03-30_G62,CARIOLAW,2025-03-30,118253,1,4,0,141.0
CARIOLAW_2025-03-30_G63,CARIOLAW,2025-03-30,118253,1,4,0,44.0
CARIOLAW_2025-03-30_G64,CARIOLAW,2025-03-30,111602,1,12,0,226.0
CARIOLAW_2025-03-30_G65,CARIOLAW,2025-03-30,111468,1,2,0,72.0
CARIOLAW_2025-03-30_G66,CARIOLAW,2025-03-30,110313,1,12,0,267.0
CARIOLAW_2025-03-30_G67,CARIOLAW,2025-03-30,110325,1,12,0,308.0
CARIOLAW_2025-03-30_G68,CARIOLAW,2025-03-30,141047,1,1,0,117.0
CARIOLAW_2025-03-30_G69,CARIOLAW,2025-03-30,111467,1,2,0,281.0
CARIOLAW_2025-03-30_G70,CARIOLAW,2025-03-30,110373,1,8,0,124.0
CARIOLAW_2025-03-30_G71,CARIOLAW,2025-03-30,111467,1,12,0,161.0
CARIOLAW_2025-03-30_G72,CARIOLAW,2025-03-30,117787,1,5,0,194.0
CARIOLAW_2025-03-30_G73,CARIOLAW,2025-03-30,111467,1,8,0,595.0
CARIOLAW_2025-03-30_G74,CARIOLAW,2025-03-30,110371,1,2,0,68.0
CARIOLAW_2025-04-11_G02,CARIOLAW,2025-04-11,110515,1,1,0,145.0
CARIOLAW_2025-04-11_G03,CARIOLAW,2025-04-11,111463,1,2,0,83.0
CARIOLAW_2025-04-11_G04,CARIOLAW,2025-04-11,"110787, 111465",2,4,29,126.0
CARIOLAW_2025-04-11_G05,CARIOLAW,2025-04-11,110374,1,4,0,76.0
CARIOLAW_2025-04-11_G06,CARIOLAW,2025-04-11,110373,1,2,0,100.0
CARIOLAW_2025-04-11_G07,CARIOLAW,2025-04-11,111462,1,3,0,134.0
CARIOLAW_2025-04-11_G08,CARIOLAW,2025-04-11,111418,1,16,0,34.0
CARIOLAW_2025-04-11_G09,CARIOLAW,2025-04-11,111463,1,8,0,100.0
CARIOLAW_2025-04-11_G10,CARIOLAW,2025-04-11,111466,1,24,0,366.0
CARIOLAW_2025-04-11_G11,CARIOLAW,2025-04-11,111466,1,4,0,31.0
CARIOLAW_2025-04-11_G12,CARIOLAW,2025-04-11,111532,1,10,0,130.0
CARIOLAW_2025-04-11_G13,CARIOLAW,2025-04-11,111763,1,2,0,117.0
CARIOLAW_2025-04-11_G14,CARIOLAW,2025-04-11,118299,1,9,0,90.0
CARIOLAW_2025-04-11_G15,CARIOLAW,2025-04-11,109643,1,4,0,117.0
CARIOLAW_2025-04-11_G16,CARIOLAW,2025-04-11,117820,1,14,0,114.0
CARIOLAW_2025-04-11_G17,CARIOLAW,2025-04-11,117808,1,12,0,116.0
CARIOLAW_2025-04-11_G18,CARIOLAW,2025-04-11,110372,2,28,12,302.0
CARIOLAW_2025-04-11_G19,CARIOLAW,2025-04-11,110373,1,15,0,164.0
CARIOLAW_2025-04-11_G20,CARIOLAW,2025-04-11,110755,1,4,0,258.0
CARIOLAW_2025-04-11_G21,CARIOLAW,2025-04-11,118222,1,7,0,58.0
CARIOLAW_2025-04-11_G22,CARIOLAW,2025-04-11,111602,1,6,0,177.0
CARIOLAW_2025-04-11_G23,CARIOLAW,2025-04-11,117820,1,27,0,115.0
CARIOLAW_2025-04-11_G24,CARIOLAW,2025-04-11,118299,1,8,0,137.0
CARIOLAW_2025-04-11_G25,CARIOLAW,2025-04-11,117830,1,8,0,211.0
CARIOLAW_2025-04-11_G26,CARIOLAW,2025-04-11,111462,1,5,0,93.0
CARIOLAW_2025-04-11_G27,CARIOLAW,2025-04-11,118140,1,16,0,66.0
CARIOLAW_2025-05-06_G02,CARIOLAW,2025-05-06,122194,1,10,0,38.0
CARIOLAW_2025-05-06_G03,CARIOLAW,2025-05-06,124248,1,83,0,116.0
CARIOLAW_2025-06-11_G02,CARIOLAW,2025-06-11,111443,1,148,0,1029.0
CARIOLAW_2025-06-11_G03,CARIOLAW,2025-06-11,107254,1,4,0,664.0
CARIOLAW_2025-06-11_G04,CARIOLAW,2025-06-11,111462,1,2,0,502.0
CARIOLAW_2025-06-11_G05,CARIOLAW,2025-06-11,111172,1,2,0,77.0
CARIOLAW_2025-06-11_G06,CARIOLAW,2025-06-11,118299,1,9,0,119.0
CARIOLAW_2025-06-11_G07,CARIOLAW,2025-06-11,117809,1,27,0,114.0
CARIOLAW_2025-06-11_G09,CARIOLAW,2025-06-11,110313,1,8,0,613.0
CARIOLAW_2025-06-11_G10,CARIOLAW,2025-06-11,109641,1,6,0,214.0
CARIOLAW_2025-06-11_G11,CARIOLAW,2025-06-11,110711,1,4,0,365.0
CARIOLAW_2025-06-11_G12,CARIOLAW,2025-06-11,110733,1,4,0,191.0
CARIOLAW_2025-06-11_G13,CARIOLAW,2025-06-11,110313,1,4,0,90.0
CARIOLAW_2025-06-11_G14,CARIOLAW,2025-06-11,118140,1,2,0,78.0
CARIOLAW_2025-06-11_G15,CARIOLAW,2025-06-11,108711,1,4,0,102.0
CARIOLAW_2025-06-11_G16,CARIOLAW,2025-06-11,109648,1,4,0,333.0
CARIOLAW_2025-06-11_G17,CARIOLAW,2025-06-11,117837,1,2,0,108.0
CARIOLAW_2025-06-11_G18,CARIOLAW,2025-06-11,110313,1,4,0,131.0
CARIOLAW_2025-06-11_G19,CARIOLAW,2025-06-11,111530,1,8,0,149.0
CARIOLAW_2025-06-11_G20,CARIOLAW,2025-06-11,140911,1,2,0,187.0
CARIOLAW_2025-06-11_G21,CARIOLAW,2025-06-11,111463,1,4,0,1341.0
CARIOLAW_2025-06-11_G22,CARIOLAW,2025-06-11,140922,1,3,0,106.0
CARIOLAW_2025-06-11_G23,CARIOLAW,2025-06-11,111466,1,4,0,41.0
CARIOLAW_2025-06-11_G24,CARIOLAW,2025-06-11,111418,1,4,0,150.0
CARIOLAW_2025-06-11_G25,CARIOLAW,2025-06-11,117785,1,8,0,133.0
CARIOLAW_2025-06-11_G26,CARIOLAW,2025-06-11,111444,1,4,0,64.0
CARIOLAW_2025-06-11_G27,CARIOLAW,2025-06-11,111433,1,3,0,64.0
CARIOLAW_2025-06-11_G28,CARIOLAW,2025-06-11,100334,1,2,0,173.0
CARIOLAW_2025-06-11_G29,CARIOLAW,2025-06-11,117808,1,55,0,571.0
CARIOLAW_2025-06-11_G30,CARIOLAW,2025-06-11,118299,1,12,0,181.0
CARIOLAW_2025-06-11_G31,CARIOLAW,2025-06-11,110371,1,4,0,111.0
CARIOLAW_2025-06-11_G32,CARIOLAW,2025-06-11,117820,1,9,0,125.0
CARIOLAW_2025-06-11_G33,CARIOLAW,2025-06-11,110374,1,8,0,216.0
CARIOLAW_2025-06-11_G34,CARIOLAW,2025-06-11,110733,1,4,0,174.0
CARIOLAW_2025-06-11_G35,CARIOLAW,2025-06-11,108711,1,4,0,247.0
CARIOLAW_2025-06-11_G36,CARIOLAW,2025-06-11,118140,1,10,0,71.0
CARIOLAW_2025-06-11_G37,CARIOLAW,2025-06-11,110325,1,20,0,564.0
CARIOLAW_2025-06-24_G02,CARIOLAW,2025-06-24,117855,1,1,0,35.0
CARIOLAW_2025-06-24_G04,CARIOLAW,2025-06-24,118299,1,200,0,1958.0
CARIOLAW_2025-06-24_G05,CARIOLAW,2025-06-24,118299,1,4,0,462.0
CARIOLAW_2025-06-24_G06,CARIOLAW,2025-06-24,118299,1,300,0,948.0
CARIOLAW_2025-06-24_G07,CARIOLAW,2025-06-24,117808,1,1000,0,2128.0
CARIOLAW_2025-07-09_G02,CARIOLAW,2025-07-09,122185,1,4,0,391.0
CARIOLAW_2025-07-09_G03,CARIOLAW,2025-07-09,124486,1,16,0,661.0
CARIOLAW_2025-07-09_G04,CARIOLAW,2025-07-09,122962,1,12,0,280.0
CARIOLAW_2025-07-09_G05,CARIOLAW,2025-07-09,123822,1,120,0,2353.0
CARIOLAW_2025-07-09_G06,CARIOLAW,2025-07-09,122647,1,100,0,2047.0
CARIOLAW_2025-07-09_G07,CARIOLAW,2025-07-09,120339,1,1,0,257.0
CARIOLAW_2025-07-09_G08,CARIOLAW,2025-07-09,122962,1,12,0,243.0
CARIOLAW_2025-07-09_G09,CARIOLAW,2025-07-09,123344,1,6,0,890.0
CARIOLAW_2025-07-09_G10,CARIOLAW,2025-07-09,121760,1,4,0,205.0
CARIOLAW_2025-07-09_G11,CARIOLAW,2025-07-09,122671,1,4,0,191.0
CARIOLAW_2025-07-09_G12,CARIOLAW,2025-07-09,124370,1,14,0,532.0
CARIOLAW_2025-07-09_G13,CARIOLAW,2025-07-09,122984,1,9,0,300.0
CARIOLAW_2025-07-09_G14,CARIOLAW,2025-07-09,122962,1,6,0,169.0
CARIOLAW_2025-07-09_G15,CARIOLAW,2025-07-09,122185,1,6,0,218.0
CARIOLAW_2025-07-09_G16,CARIOLAW,2025-07-09,123909,1,8,0,348.0
CARIOLAW_2025-07-09_G17,CARIOLAW,2025-07-09,122981,1,4,0,59.0
CARIOLAW_2025-07-09_G18,CARIOLAW,2025-07-09,124476,1,6,0,388.0
CARIOLAW_2025-07-09_G19,CARIOLAW,2025-07-09,123822,1,10,0,516.0
CARIOLAW_2025-07-09_G20,CARIOLAW,2025-07-09,124486,1,36,0,996.0
CARIOLAW_2025-07-09_G22,CARIOLAW,2025-07-09,123822,1,30,0,862.0
CARIOLAW_2025-07-09_G23,CARIOLAW,2025-07-09,120028,1,4,0,208.0
CARIOLAW_2025-07-09_G24,CARIOLAW,2025-07-09,124486,1,20,0,678.0
CARIOLAW_2025-07-09_G25,CARIOLAW,2025-07-09,120028,1,38,0,657.0
CARIOLAW_2025-07-09_G26,CARIOLAW,2025-07-09,122962,1,32,0,921.0
CARIOLAW_2025-07-09_G27,CARIOLAW,2025-07-09,120339,1,2,0,222.0
CARIOLAW_2025-07-09_G28,CARIOLAW,2025-07-09,122647,1,8,0,110.0
CARIOLAW_2025-07-09_G29,CARIOLAW,2025-07-09,124476,1,4,0,159.0
CARIOLAW_2025-07-09_G30,CARIOLAW,2025-07-09,124486,1,24,0,580.0
CARIOLAW_2025-08-14_G02,CARIOLAW,2025-08-14,124475,1,6,0,55.0
CARIOLAW_2025-08-14_G03,CARIOLAW,2025-08-14,120272,1,10,0,125.0
CARIOLAW_2025-08-14_G04,CARIOLAW,2025-08-14,122986,1,1,0,105.0
CARIOLAW_2025-08-14_G05,CARIOLAW,2025-08-14,122647,1,1,0,34.0
CARIOLAW_2025-08-14_G06,CARIOLAW,2025-08-14,124248,1,1,0,46.0
CARIOLAW_2025-08-14_G07,CARIOLAW,2025-08-14,122185,2,6,30,135.0
CARIOLAW_2025-08-14_G08,CARIOLAW,2025-08-14,122962,1,1,0,176.0
CARIOLAW_2025-08-14_G09,CARIOLAW,2025-08-14,122982,1,12,0,165.0
CARIOLAW_2025-08-14_G10,CARIOLAW,2025-08-14,123080,1,6,0,364.0
CARIOLAW_2025-08-14_G11,CARIOLAW,2025-08-14,123080,1,2,0,84.0
CARIOLAW_2025-08-14_G12,CARIOLAW,2025-08-14,124548,1,6,0,157.0
CARIOLAW_2025-08-14_G13,CARIOLAW,2025-08-14,124370,1,10,0,128.0
CARIOLAW_2025-08-14_G14,CARIOLAW,2025-08-14,124370,1,2,0,33.0
CARIOLAW_2025-08-14_G15,CARIOLAW,2025-08-14,123909,1,1,0,128.0
CARIOLAW_2025-08-14_G16,CARIOLAW,2025-08-14,124248,1,2,0,167.0
CARIOLAW_2025-08-14_G17,CARIOLAW,2025-08-14,122982,1,12,0,649.0
CARIOLAW_2025-08-14_G18,CARIOLAW,2025-08-14,"121760, 124486",3,13,20,257.0
CARIOLAW_2025-08-15_G02,CARIOLAW,2025-08-15,180026,1,6,0,2147.0
CARIOLAW_2025-08-15_G03,CARIOLAW,2025-08-15,180169,1,1,0,928.0
CARIOLAW_2025-08-15_G04,CARIOLAW,2025-08-15,180169,2,3,7,656.0
CARIOLAW_2025-08-15_G05,CARIOLAW,2025-08-15,181056,1,2,0,1022.0
CARIOLAW_2025-08-15_G06,CARIOLAW,2025-08-15,124475,1,4,0,87.0
CARIOLAW_2025-08-15_G07,CARIOLAW,2025-08-15,122988,2,4,11,123.0
CARIOLAW_2025-08-15_G08,CARIOLAW,2025-08-15,124371,1,2,0,92.0
CARIOLAW_2025-08-15_G09,CARIOLAW,2025-08-15,124247,1,7,0,113.0
CARIOLAW_2025-08-15_G10,CARIOLAW,2025-08-15,"124476, 124370",2,6,6,102.0
CARIOLAW_2025-08-15_G11,CARIOLAW,2025-08-15,120339,1,2,0,1077.0
CARIOLAW_2025-08-15_G12,CARIOLAW,2025-08-15,122671,1,13,0,2089.0
CARIOLAW_2025-08-15_G13,CARIOLAW,2025-08-15,122673,1,50,0,460.0
CARIOLAW_2025-08-15_G14,CARIOLAW,2025-08-15,122671,1,32,0,591.0
CARIOLAW_2025-08-15_G15,CARIOLAW,2025-08-15,123909,1,7,0,62.0
CARIOLAW_2025-08-15_G16,CARIOLAW,2025-08-15,120028,1,10,0,242.0
CARIOLAW_2025-08-15_G17,CARIOLAW,2025-08-15,123345,1,4,0,77.0
CARIOLAW_2025-08-15_G18,CARIOLAW,2025-08-15,123909,1,10,0,382.0
CARIOLAW_2025-08-15_G19,CARIOLAW,2025-08-15,124486,1,30,0,371.0
CARIOLAW_2025-08-15_G20,CARIOLAW,2025-08-15,124486,1,30,0,453.0
CARIOLAW_2025-08-15_G21,CARIOLAW,2025-08-15,"123153, 123345",2,8,11,205.0
CARIOLAW_2025-09-15_G02,CARIOLAW,2025-09-15,109640,1,6,0,1994.0
CARIOLAW_2025-09-15_G04,CARIOLAW,2025-09-15,118253,1,20,0,2904.0
CARIOLAW_2025-09-15_G05,CARIOLAW,2025-09-15,111440,1,50,0,1462.0
CARIOLAW_2025-09-15_G06,CARIOLAW,2025-09-15,111440,1,10,0,962.0
CARIOLAW_2025-09-15_G07,CARIOLAW,2025-09-15,111655,1,50,0,815.0
CARIOLAW_2025-09-15_G08,CARIOLAW,2025-09-15,109645,1,30,0,854.0
CARIOLAW_2025-09-15_G09,CARIOLAW,2025-09-15,117787,1,25,0,876.0
CARIOLAW_2025-09-15_G10,CARIOLAW,2025-09-15,111530,1,4,0,974.0
CARIOLAW_2025-09-15_G11,CARIOLAW,2025-09-15,109640,1,5,0,166.0
CARIOLAW_2025-09-15_G12,CARIOLAW,2025-09-15,109641,1,2,0,277.0
CARIOLAW_2025-09-15_G13,CARIOLAW,2025-09-15,111532,1,10,0,279.0
CARIOLAW_2025-09-15_G14,CARIOLAW,2025-09-15,117821,1,4,0,140.0
CARIOLAW_2025-09-15_G15,CARIOLAW,2025-09-15,105705,1,2,0,175.0
CARIOLAW_2025-09-15_G16,CARIOLAW,2025-09-15,107236,1,2,0,217.0
CARIOLAW_2025-09-15_G17,CARIOLAW,2025-09-15,111441,1,4,0,642.0
CARIOLAW_2025-09-15_G18,CARIOLAW,2025-09-15,111438,1,4,0,206.0
CARIOLAW_2025-09-15_G19,CARIOLAW,2025-09-15,111418,1,2,0,181.0
CARIOLAW_2025-09-15_G20,CARIOLAW,2025-09-15,109645,1,3,0,161.0
CARIOLAW_2025-09-15_G21,CARIOLAW,2025-09-15,118140,1,2,0,285.0
CARIOLAW_2025-09-15_G22,CARIOLAW,2025-09-15,141458,1,4,0,233.0
CARIOLAW_2025-09-16_G02,CARIOLAW,2025-09-16,117786,1,20,0,949.0
CARIOLAW_2025-09-16_G03,CARIOLAW,2025-09-16,110374,1,80,0,1509.0
CARIOLAW_2025-09-17_G02,CARIOLAW,2025-09-17,110733,1,1,0,138.0
CARIOLAW_2025-09-17_G03,CARIOLAW,2025-09-17,117853,1,2,0,113.0
CARIOLAW_2025-09-17_G04,CARIOLAW,2025-09-17,117837,1,2,0,370.0
CARIOLAW_2025-09-17_G05,CARIOLAW,2025-09-17,111463,1,1,0,330.0
CARIOLAW_2025-09-17_G06,CARIOLAW,2025-09-17,111418,1,2,0,101.0
CARIOLAW_2025-09-17_G07,CARIOLAW,2025-09-17,111348,1,2,0,216.0
CARIOLAW_2025-09-17_G08,CARIOLAW,2025-09-17,140922,1,2,0,115.0
CARIOLAW_2025-09-17_G09,CARIOLAW,2025-09-17,117831,1,1,0,80.0
CARIOLAW_2025-09-17_G10,CARIOLAW,2025-09-17,111465,1,2,0,80.0
CARIOLAW_2025-09-17_G11,CARIOLAW,2025-09-17,110374,1,2,0,292.0
CARIOLAW_2025-09-17_G12,CARIOLAW,2025-09-17,110373,1,4,0,198.0
CARIOLAW_2025-09-17_G13,CARIOLAW,2025-09-17,110371,1,2,0,260.0
CARIOLAW_2025-09-17_G14,CARIOLAW,2025-09-17,117808,1,2,0,157.0
CARIOLAW_2025-09-17_G16,CARIOLAW,2025-09-17,109649,1,5,0,1291.0
CARIOLAW_2025-09-17_G17,CARIOLAW,2025-09-17,118222,1,2,0,1962.0
CARIOLAW_2025-09-17_G18,CARIOLAW,2025-09-17,140956,1,4,0,336.0
CARIOLAW_2025-09-17_G19,CARIOLAW,2025-09-17,118306,1,2,0,146.0
CARIOLAW_2025-09-17_G20,CARIOLAW,2025-09-17,110742,1,4,0,225.0
CARIOLAW_2025-09-17_G21,CARIOLAW,2025-09-17,100334,1,2,0,268.0
CARIOLAW_2025-09-17_G22,CARIOLAW,2025-09-17,110755,1,2,0,166.0
CARIOLAW_2025-09-17_G23,CARIOLAW,2025-09-17,117835,1,2,0,156.0
CARIOLAW_2025-09-17_G24,CARIOLAW,2025-09-17,111660,1,2,0,1328.0
CARIOLAW_2025-09-17_G25,CARIOLAW,2025-09-17,117862,1,6,0,1476.0
CARIOLAW_2025-09-17_G26,CARIOLAW,2025-09-17,107629,1,2,0,107.0
CARIOLAW_2025-09-17_G27,CARIOLAW,2025-09-17,111530,1,2,0,74.0
CARIOLAW_2025-09-17_G28,CARIOLAW,2025-09-17,117935,2,3,29,81.0
CARIOLAW_2025-09-17_G29,CARIOLAW,2025-09-17,110733,1,1,0,53.0
CARIOLAW_2025-09-17_G30,CARIOLAW,2025-09-17,117853,1,8,0,207.0
CARIOLAW_2025-09-17_G32,CARIOLAW,2025-09-17,110313,1,2,0,220.0
CARIOLAW_2025-09-17_G33,CARIOLAW,2025-09-17,111467,2,2,28,167.0
CARIOLAW_2025-09-17_G34,CARIOLAW,2025-09-17,111602,1,4,0,148.0
CARIOLAW_2025-09-17_G35,CARIOLAW,2025-09-17,141047,1,4,0,345.0
CARIOLAW_2025-09-17_G36,CARIOLAW,2025-09-17,117856,1,1,0,458.0
CARIOLAW_2025-09-17_G37,CARIOLAW,2025-09-17,117808,1,8,0,1015.0
CARIOLAW_2025-09-17_G38,CARIOLAW,2025-09-17,110787,1,3,0,615.0
CARIOLAW_2025-09-17_G39,CARIOLAW,2025-09-17,117808,1,6,0,241.0
CARIOLAW_2025-09-17_G40,CARIOLAW,2025-09-17,118140,1,10,0,586.0
CARIOLAW_2025-09-17_G41,CARIOLAW,2025-09-17,110787,1,4,0,138.0
CARIOLAW_2025-09-18_G02,CARIOLAW,2025-09-18,141456,1,4,0,398.0
CARIOLAW_2025-09-18_G03,CARIOLAW,2025-09-18,105705,1,4,0,169.0
CARIOLAW_2025-09-18_G04,CARIOLAW,2025-09-18,111469,1,16,0,545.0
CARIOLAW_2025-09-18_G05,CARIOLAW,2025-09-18,141458,1,4,0,199.0
CARIOLAW_2025-09-18_G06,CARIOLAW,2025-09-18,117841,1,5,0,222.0
CARIOLAW_2025-09-18_G07,CARIOLAW,2025-09-18,111435,1,4,0,272.0
CARIOLAW_2025-09-18_G08,CARIOLAW,2025-09-18,117787,1,4,0,153.0
CARIOLAW_2025-09-18_G09,CARIOLAW,2025-09-18,111438,1,12,0,2179.0
CARIOLAW_2025-09-18_G10,CARIOLAW,2025-09-18,118317,1,4,0,176.0
CARIOLAW_2025-09-18_G11,CARIOLAW,2025-09-18,110373,1,16,0,969.0
CARIOLAW_2025-09-18_G12,CARIOLAW,2025-09-18,117808,1,30,0,440.0
CARIOLAW_2025-09-18_G13,CARIOLAW,2025-09-18,111602,1,27,0,1730.0
CARIOLAW_2025-09-18_G14,CARIOLAW,2025-09-18,140911,1,2,0,2102.0
CARIOLAW_2025-09-18_G15,CARIOLAW,2025-09-18,111437,1,2,0,479.0
CARIOLAW_2025-09-18_G16,CARIOLAW,2025-09-18,111438,1,3,0,271.0
CARIOLAW_2025-09-18_G17,CARIOLAW,2025-09-18,111430,1,4,0,111.0
CARIOLAW_2025-09-18_G18,CARIOLAW,2025-09-18,116527,1,4,0,421.0
CARIOLAW_2025-09-18_G19,CARIOLAW,2025-09-18,117935,1,2,0,834.0
CARIOLAW_2025-09-18_G20,CARIOLAW,2025-09-18,118140,1,6,0,160.0
CARIOLAW_2025-09-18_G21,CARIOLAW,2025-09-18,140922,1,2,0,195.0
CARIOLAW_2025-09-18_G22,CARIOLAW,2025-09-18,110755,1,4,0,1356.0
CARIOLAW_2025-09-18_G23,CARIOLAW,2025-09-18,160057,1,2,0,222.0
CARIOLAW_2025-09-18_G24,CARIOLAW,2025-09-18,109640,1,1,0,83.0
CARIOLAW_2025-09-18_G25,CARIOLAW,2025-09-18,160054,1,2,0,234.0
CARIOLAW_2025-09-18_G27,CARIOLAW,2025-09-18,141066,1,5,0,124.0
CARIOLAW_2025-09-18_G28,CARIOLAW,2025-09-18,117862,1,11,0,210.0
CARIOLAW_2025-09-18_G29,CARIOLAW,2025-09-18,109647,1,2,0,108.0
CARIOLAW_2025-09-18_G30,CARIOLAW,2025-09-18,118298,1,9,0,209.0
CARIOLAW_2025-09-18_G31,CARIOLAW,2025-09-18,117861,1,5,0,212.0
CARIOLAW_2025-09-18_G32,CARIOLAW,2025-09-18,117855,1,11,0,290.0
CARIOLAW_2025-09-18_G33,CARIOLAW,2025-09-18,111602,1,20,0,478.0
CARIOLAW_2025-09-18_G34,CARIOLAW,2025-09-18,117786,1,6,0,740.0
CARIOLAW_2025-09-18_G35,CARIOLAW,2025-09-18,109640,1,10,0,404.0
CARIOLAW_2025-09-18_G36,CARIOLAW,2025-09-18,117820,1,4,0,191.0
CARIOLAW_2025-09-18_G37,CARIOLAW,2025-09-18,117822,1,6,0,155.0
CARIOLAW_2025-09-18_G38,CARIOLAW,2025-09-18,117830,1,18,0,279.0
CARIOLAW_2025-09-18_G39,CARIOLAW,2025-09-18,117808,1,26,0,1432.0
CARIOLAW_2025-09-18_G40,CARIOLAW,2025-09-18,107830,1,6,0,1108.0
CARIOLAW_2025-09-18_G41,CARIOLAW,2025-09-18,117820,1,13,0,216.0
CARIOLAW_2025-09-19_G02,CARIOLAW,2025-09-19,110787,1,2,0,144.0
CARIOLAW_2025-09-19_G03,CARIOLAW,2025-09-19,111602,1,2,0,243.0
CARIOLAW_2025-09-19_G04,CARIOLAW,2025-09-19,118299,1,108,0,903.0
CARIOLAW_2025-09-19_G05,CARIOLAW,2025-09-19,110787,1,17,0,874.0
CARIOLAW_2025-09-19_G06,CARIOLAW,2025-09-19,111602,1,7,0,277.0
CARIOLAW_2025-09-19_G07,CARIOLAW,2025-09-19,109640,1,4,0,209.0
CARIOLAW_2025-09-19_G08,CARIOLAW,2025-09-19,115773,1,4,0,429.0
CARIOLAW_2025-09-19_G09,CARIOLAW,2025-09-19,111530,1,68,0,1479.0
CARIOLAW_2025-09-19_G10,CARIOLAW,2025-09-19,107830,1,4,0,1476.0
CARIOLAW_2025-09-19_G11,CARIOLAW,2025-09-19,111463,1,4,0,149.0
CARIOLAW_2025-09-19_G12,CARIOLAW,2025-09-19,111601,1,1,0,699.0
CARIOLAW_2025-09-19_G13,CARIOLAW,2025-09-19,118094,1,8,0,409.0
CARIOLAW_2025-09-19_G14,CARIOLAW,2025-09-19,105705,1,10,0,649.0
CARIOLAW_2025-09-19_G15,CARIOLAW,2025-09-19,106865,1,2,0,338.0
CARIOLAW_2025-09-19_G16,CARIOLAW,2025-09-19,110515,1,4,0,566.0
CARIOLAW_2025-09-19_G17,CARIOLAW,2025-09-19,111466,1,4,0,2142.0
CARIOLAW_2025-09-19_G18,CARIOLAW,2025-09-19,111466,1,96,0,275.0
CARIOLAW_2025-09-25_G02,CARIOLAW,2025-09-25,140923,1,6,0,148.0
CARIOLAW_2025-09-25_G03,CARIOLAW,2025-09-25,117862,1,2,0,47.0
CARIOLAW_2025-09-25_G04,CARIOLAW,2025-09-25,111530,1,1,0,46.0
CARIOLAW_2025-09-25_G05,CARIOLAW,2025-09-25,117861,1,3,0,55.0
CARIOLAW_2025-09-25_G06,CARIOLAW,2025-09-25,111602,1,10,0,141.0
CARIOLAW_2025-09-25_G07,CARIOLAW,2025-09-25,117786,1,4,0,346.0
CARIOLAW_2025-09-25_G08,CARIOLAW,2025-09-25,117831,1,4,0,127.0
CARIOLAW_2025-09-25_G09,CARIOLAW,2025-09-25,111465,1,4,0,92.0
CARIOLAW_2025-09-25_G10,CARIOLAW,2025-09-25,111462,1,2,0,80.0
CARIOLAW_2025-09-25_G11,CARIOLAW,2025-09-25,110325,1,6,0,135.0
CARIOLAW_2025-09-25_G12,CARIOLAW,2025-09-25,111418,1,6,0,121.0
CARIOLAW_2025-09-25_G13,CARIOLAW,2025-09-25,117808,1,9,0,201.0
CARIOLAW_2025-09-25_G14,CARIOLAW,2025-09-25,118299,1,24,0,343.0
CARIOLAW_2025-09-25_G15,CARIOLAW,2025-09-25,108798,1,1,0,84.0
CARIOLAW_2025-09-25_G16,CARIOLAW,2025-09-25,110372,1,12,0,83.0
CARIOLAW_2025-09-25_G17,CARIOLAW,2025-09-25,111463,1,8,0,105.0
CARIOLAW_2025-09-25_G18,CARIOLAW,2025-09-25,109643,1,8,0,156.0
CARIOLAW_2025-09-25_G19,CARIOLAW,2025-09-25,110743,1,2,0,367.0
CARIOLAW_2025-09-25_G20,CARIOLAW,2025-09-25,110373,1,12,0,354.0
CARIOLAW_2025-09-25_G22,CARIOLAW,2025-09-25,109649,1,20,0,437.0
CARIOLAW_2025-09-25_G23,CARIOLAW,2025-09-25,110373,1,17,0,1791.0
CARIOLAW_2025-09-25_G24,CARIOLAW,2025-09-25,110373,1,20,0,69.0
CARIOLAW_2025-09-25_G25,CARIOLAW,2025-09-25,118140,1,10,0,1507.0
CARIOLAW_2025-09-25_G26,CARIOLAW,2025-09-25,140923,1,5,0,224.0
CARIOLAW_2025-09-25_G27,CARIOLAW,2025-09-25,140923,1,3,0,41.0
CARIOLAW_2025-09-25_G28,CARIOLAW,2025-09-25,140923,1,2,0,31.0
CARIOLAW_2025-09-25_G29,CARIOLAW,2025-09-25,110325,1,2,0,105.0
CARIOLAW_2025-09-25_G30,CARIOLAW,2025-09-25,160057,1,2,0,778.0
CARIOLAW_2025-09-25_G31,CARIOLAW,2025-09-25,118140,1,10,0,212.0
CARIOLAW_2025-09-25_G32,CARIOLAW,2025-09-25,108759,1,4,0,196.0
CARIOLAW_2025-09-25_G33,CARIOLAW,2025-09-25,111433,1,10,0,126.0
CARIOLAW_2025-09-25_G34,CARIOLAW,2025-09-25,111532,1,7,0,922.0
CARIOLAW_2025-09-25_G35,CARIOLAW,2025-09-25,117833,1,2,0,75.0
CARIOLAW_2025-09-25_G36,CARIOLAW,2025-09-25,111602,1,20,0,640.0
CARIOLAW_2025-09-25_G37,CARIOLAW,2025-09-25,110372,1,2,0,166.0
CARIOLAW_2025-09-25_G38,CARIOLAW,2025-09-25,141202,1,4,0,88.0
CARIOLAW_2025-09-25_G39,CARIOLAW,2025-09-25,110325,1,4,0,49.0
CARIOLAW_2025-09-25_G40,CARIOLAW,2025-09-25,140923,3,67,27,342.0
CARIOLAW_2025-09-25_G42,CARIOLAW,2025-09-25,108772,1,2,0,69.0
CARIOLAW_2025-09-25_G43,CARIOLAW,2025-09-25,109640,1,2,0,86.0
CARIOLAW_2025-09-25_G44,CARIOLAW,2025-09-25,110752,1,2,0,53.0
CARIOLAW_2025-09-25_G45,CARIOLAW,2025-09-25,118140,1,3,0,98.0
CARIOLAW_2025-09-25_G46,CARIOLAW,2025-09-25,110325,1,2,0,106.0
CARIOLAW_2025-09-25_G47,CARIOLAW,2025-09-25,110325,1,4,0,52.0
CARIOLAW_2025-09-25_G48,CARIOLAW,2025-09-25,110325,1,4,0,53.0
CARIOLAW_2025-09-25_G49,CARIOLAW,2025-09-25,110787,1,4,0,168.0
CARIOLAW_2025-09-25_G50,CARIOLAW,2025-09-25,110372,1,15,0,115.0
CARIOLAW_2025-09-25_G51,CARIOLAW,2025-09-25,111469,1,3,0,110.0
CARIOLAW_2025-09-25_G52,CARIOLAW,2025-09-25,117862,1,7,0,138.0
CARIOLAW_2025-09-25_G53,CARIOLAW,2025-09-25,111530,1,2,0,60.0
CARIOLAW_2025-09-25_G54,CARIOLAW,2025-09-25,117861,1,2,0,55.0
CARIOLAW_2025-09-25_G55,CARIOLAW,2025-09-25,109647,1,7,0,115.0
CARIOLAW_2025-09-25_G56,CARIOLAW,2025-09-25,160051,1,10,0,1906.0
CARIOLAW_2025-09-25_G57,CARIOLAW,2025-09-25,111743,1,150,0,2376.0
CARIOLAW_2025-09-25_G58,CARIOLAW,2025-09-25,118140,1,150,0,655.0
CARIOLAW_2025-09-30_G02,CARIOLAW,2025-09-30,108770,1,2,0,175.0
CARIOLAW_2025-09-30_G03,CARIOLAW,2025-09-30,111430,1,1,0,189.0
CARIOLAW_2025-09-30_G04,CARIOLAW,2025-09-30,117837,1,2,0,432.0
CARIOLAW_2025-09-30_G05,CARIOLAW,2025-09-30,141456,1,4,0,245.0
CARIOLAW_2025-09-30_G06,CARIOLAW,2025-09-30,108798,1,2,0,193.0
CARIOLAW_2025-09-30_G07,CARIOLAW,2025-09-30,111418,1,6,0,248.0
CARIOLAW_2025-09-30_G08,CARIOLAW,2025-09-30,141458,1,2,0,117.0
CARIOLAW_2025-09-30_G09,CARIOLAW,2025-09-30,117821,1,2,0,162.0
CARIOLAW_2025-09-30_G10,CARIOLAW,2025-09-30,118140,1,1,0,240.0
CARIOLAW_2025-09-30_G11,CARIOLAW,2025-09-30,110374,1,1,0,173.0
CARIOLAW_2025-09-30_G12,CARIOLAW,2025-09-30,110372,1,16,0,645.0
CARIOLAW_2025-09-30_G13,CARIOLAW,2025-09-30,117808,1,8,0,303.0
CARIOLAW_2025-09-30_G14,CARIOLAW,2025-09-30,110376,1,2,0,150.0
CARIOLAW_2025-09-30_G15,CARIOLAW,2025-09-30,110373,1,2,0,157.0
CARIOLAW_2025-09-30_G16,CARIOLAW,2025-09-30,117830,1,2,0,107.0
CARIOLAW_2025-09-30_G17,CARIOLAW,2025-09-30,118299,1,8,0,154.0
CARIOLAW_2025-09-30_G18,CARIOLAW,2025-09-30,111530,1,6,0,2196.0
CARIOLAW_2025-09-30_G19,CARIOLAW,2025-09-30,110787,1,2,0,107.0
CARIOLAW_2025-09-30_G20,CARIOLAW,2025-09-30,117856,1,8,0,674.0
CARIOLAW_2025-09-30_G21,CARIOLAW,2025-09-30,111530,1,12,0,455.0
CARIOLAW_2025-09-30_G22,CARIOLAW,2025-09-30,111530,1,6,0,132.0
CARIOLAW_2025-09-30_G23,CARIOLAW,2025-09-30,140923,1,12,0,2325.0
CARIOLAW_2025-09-30_G24,CARIOLAW,2025-09-30,108772,1,8,0,338.0
CARIOLAW_2025-09-30_G25,CARIOLAW,2025-09-30,108772,1,4,0,128.0
CARIOLAW_2025-09-30_G27,CARIOLAW,2025-09-30,117855,1,300,0,2432.0
CARIOLAW_2025-09-30_G28,CARIOLAW,2025-09-30,111467,1,100,0,1633.0
CARIOLAW_2025-10-15_G03,CARIOLAW,2025-10-15,"118271, 117820",3,66,38,136.0
CARIOLAW_2025-10-15_G04,CARIOLAW,2025-10-15,"118353, 106179, 111120, 118418, 108993, 118179",6,25,41,50.0
CARIOLAW_2025-10-15_G05,CARIOLAW,2025-10-15,"118271, 114100",2,39,23,39.0
CARIOLAW_2025-10-15_G06,CARIOLAW,2025-10-15,118283,1,18,0,279.0
CARIOLAW_2025-10-15_G07,CARIOLAW,2025-10-15,116611,1,7,0,69.0
CARIOLAW_2025-10-15_G08,CARIOLAW,2025-10-15,118222,1,264,0,47.0
CARIOLAW_2025-10-15_G09,CARIOLAW,2025-10-15,111441,1,6,0,144.0
CARIOLAW_2025-10-15_G10,CARIOLAW,2025-10-15,110339,1,4,0,47.0
CARIOLAW_2025-10-15_G11,CARIOLAW,2025-10-15,118222,1,130,0,580.0
CARIOLAW_2025-10-15_G12,CARIOLAW,2025-10-15,110313,1,4,0,139.0
CARIOLAW_2025-10-15_G13,CARIOLAW,2025-10-15,116611,1,2,0,106.0
CARIOLAW_2025-10-15_G14,CARIOLAW,2025-10-15,111348,1,4,0,181.0
CARIOLAW_2025-10-15_G15,CARIOLAW,2025-10-15,111348,1,2,0,48.0
CARIOLAW_2025-10-15_G16,CARIOLAW,2025-10-15,107263,1,2,0,117.0
CARIOLAW_2025-10-15_G17,CARIOLAW,2025-10-15,"111348, 110743",2,46,30,48.0
CARIOLAW_2025-10-15_G18,CARIOLAW,2025-10-15,124370,1,4,0,45.0
CARIOLAW_2025-10-15_G19,CARIOLAW,2025-10-15,111620,1,5,0,163.0
CARIOLAW_2025-10-15_G20,CARIOLAW,2025-10-15,"117855, 122962",4,96,64,40.0
CARIOLAW_2025-10-15_G21,CARIOLAW,2025-10-15,111348,1,2,0,82.0
CARIOLAW_2025-10-15_G22,CARIOLAW,2025-10-15,118140,2,13,6,149.0
CARIOLAW_2025-10-15_G23,CARIOLAW,2025-10-15,"118140, 122962",2,17,13,35.0
CARIOLAW_2025-10-15_G24,CARIOLAW,2025-10-15,"111348, 118140",3,36,11,201.0
CASTROA_2025-01-13_G02,CASTROA,2025-01-13,122185,1,6,0,515.0
CASTROA_2025-01-13_G03,CASTROA,2025-01-13,120028,1,11,0,282.0
CASTROA_2025-01-13_G04,CASTROA,2025-01-13,123907,1,1,0,83.0
CASTROA_2025-01-13_G05,CASTROA,2025-01-13,123343,1,2,0,294.0
CASTROA_2025-01-13_G06,CASTROA,2025-01-13,123313,1,6,0,185.0
CASTROA_2025-01-14_G02,CASTROA,2025-01-14,122962,1,40,0,1070.0
CASTROA_2025-01-14_G03,CASTROA,2025-01-14,122962,1,24,0,375.0
CASTROA_2025-01-14_G04,CASTROA,2025-01-14,123908,1,8,0,189.0
CASTROA_2025-01-14_G05,CASTROA,2025-01-14,122962,1,6,0,974.0
CASTROA_2025-01-14_G06,CASTROA,2025-01-14,124371,1,10,0,281.0
CASTROA_2025-01-14_G07,CASTROA,2025-01-14,121651,1,24,0,804.0
CASTROA_2025-01-14_G08,CASTROA,2025-01-14,123947,1,2,0,190.0
CASTROA_2025-01-14_G09,CASTROA,2025-01-14,122986,1,8,0,301.0
CASTROA_2025-01-14_G10,CASTROA,2025-01-14,123343,1,1,0,233.0
CASTROA_2025-01-14_G11,CASTROA,2025-01-14,122962,1,4,0,105.0
CASTROA_2025-01-14_G12,CASTROA,2025-01-14,122647,1,2,0,102.0
CASTROA_2025-01-14_G13,CASTROA,2025-01-14,122673,1,4,0,221.0
CASTROA_2025-01-14_G14,CASTROA,2025-01-14,123822,1,20,0,1212.0
CASTROA_2025-01-14_G15,CASTROA,2025-01-14,123822,1,40,0,610.0
CASTROA_2025-01-14_G17,CASTROA,2025-01-14,122671,1,14,0,372.0
CASTROA_2025-01-14_G18,CASTROA,2025-01-14,123909,1,16,0,223.0
CASTROA_2025-01-14_G19,CASTROA,2025-01-14,123153,1,9,0,295.0
CASTROA_2025-01-14_G20,CASTROA,2025-01-14,123344,1,4,0,146.0
CASTROA_2025-01-14_G21,CASTROA,2025-01-14,121651,1,3,0,82.0
CASTROA_2025-01-14_G22,CASTROA,2025-01-14,123153,2,4,13,104.0
CASTROA_2025-01-14_G24,CASTROA,2025-01-14,122986,1,4,0,181.0
CASTROA_2025-01-14_G25,CASTROA,2025-01-14,124247,1,10,0,189.0
CASTROA_2025-01-14_G26,CASTROA,2025-01-14,123343,1,8,0,151.0
CASTROA_2025-01-14_G27,CASTROA,2025-01-14,123909,1,2,0,203.0
CASTROA_2025-01-14_G28,CASTROA,2025-01-14,123343,1,2,0,121.0
CASTROA_2025-01-14_G29,CASTROA,2025-01-14,120339,1,4,0,360.0
CASTROA_2025-01-14_G30,CASTROA,2025-01-14,123911,1,4,0,77.0
CASTROA_2025-01-14_G31,CASTROA,2025-01-14,122984,1,8,0,358.0
CASTROA_2025-01-14_G32,CASTROA,2025-01-14,123907,1,4,0,138.0
CASTROA_2025-01-14_G33,CASTROA,2025-01-14,123153,1,4,0,171.0
CASTROA_2025-01-15_G02,CASTROA,2025-01-15,122981,1,17,0,746.0
CASTROA_2025-01-15_G03,CASTROA,2025-01-15,124370,1,6,0,114.0
CASTROA_2025-01-15_G04,CASTROA,2025-01-15,181235,1,2,0,366.0
CASTROA_2025-01-15_G05,CASTROA,2025-01-15,122671,1,6,0,3135.0
CASTROA_2025-01-15_G06,CASTROA,2025-01-15,123909,1,4,0,158.0
CASTROA_2025-01-15_G07,CASTROA,2025-01-15,124247,1,6,0,327.0
CASTROA_2025-01-15_G08,CASTROA,2025-01-15,123153,1,20,0,556.0
CASTROA_2025-01-15_G09,CASTROA,2025-01-15,124264,1,12,0,469.0
CASTROA_2025-01-15_G11,CASTROA,2025-01-15,124247,1,100,0,1969.0
CASTROA_2025-01-15_G12,CASTROA,2025-01-15,122962,1,58,0,911.0
CASTROA_2025-01-15_G13,CASTROA,2025-01-15,123907,1,71,0,752.0
CASTROA_2025-01-15_G14,CASTROA,2025-01-15,123907,1,21,0,577.0
CASTROA_2025-01-15_G15,CASTROA,2025-01-15,124248,1,6,0,2266.0
CASTROA_2025-01-15_G16,CASTROA,2025-01-15,123907,1,4,0,178.0
CASTROA_2025-01-15_G17,CASTROA,2025-01-15,123492,1,18,0,904.0
CASTROA_2025-01-15_G18,CASTROA,2025-01-15,123153,1,20,0,398.0
CASTROA_2025-01-15_G19,CASTROA,2025-01-15,123907,1,20,0,278.0
CASTROA_2025-01-15_G20,CASTROA,2025-01-15,123345,1,6,0,151.0
DAMATAJ_2025-02-07_G02,DAMATAJ,2025-02-07,122988,1,2,0,153.0
DAMATAJ_2025-02-07_G03,DAMATAJ,2025-02-07,122188,1,3,0,244.0
DAMATAJ_2025-02-07_G04,DAMATAJ,2025-02-07,122962,1,32,0,710.0
DAMATAJ_2025-02-07_G05,DAMATAJ,2025-02-07,122647,1,38,0,979.0
DAMATAJ_2025-02-07_G06,DAMATAJ,2025-02-07,122962,1,40,0,606.0
DAMATAJ_2025-02-07_G07,DAMATAJ,2025-02-07,122647,1,20,0,609.0
DAMATAJ_2025-02-11_G02,DAMATAJ,2025-02-11,118004,1,7,0,283.0
DAMATAJ_2025-02-11_G03,DAMATAJ,2025-02-11,110740,1,15,0,173.0
DAMATAJ_2025-02-11_G04,DAMATAJ,2025-02-11,111468,1,10,0,81.0
DAMATAJ_2025-02-11_G05,DAMATAJ,2025-02-11,118140,1,14,0,114.0
DAMATAJ_2025-02-11_G06,DAMATAJ,2025-02-11,117787,1,10,0,157.0
DAMATAJ_2025-02-11_G07,DAMATAJ,2025-02-11,117841,1,6,0,94.0
DAMATAJ_2025-02-11_G08,DAMATAJ,2025-02-11,"117821, 111462",2,83,30,758.0
DAMATAJ_2025-02-11_G09,DAMATAJ,2025-02-11,116241,1,6,0,329.0
DAMATAJ_2025-02-11_G10,DAMATAJ,2025-02-11,117831,1,50,0,417.0
DAMATAJ_2025-02-12_G02,DAMATAJ,2025-02-12,117835,1,6,0,261.0
DAMATAJ_2025-02-12_G03,DAMATAJ,2025-02-12,110747,1,12,0,342.0
DAMATAJ_2025-02-12_G04,DAMATAJ,2025-02-12,111466,1,90,0,312.0
DAMATAJ_2025-02-12_G05,DAMATAJ,2025-02-12,110787,1,40,0,509.0
DAMATAJ_2025-02-12_G06,DAMATAJ,2025-02-12,118298,1,8,0,166.0
DAMATAJ_2025-02-12_G07,DAMATAJ,2025-02-12,117837,1,8,0,196.0
DAMATAJ_2025-02-12_G08,DAMATAJ,2025-02-12,117855,1,2,0,68.0
DAMATAJ_2025-02-12_G09,DAMATAJ,2025-02-12,111876,1,7,0,123.0
DAMATAJ_2025-02-12_G10,DAMATAJ,2025-02-12,117808,1,600,0,519.0
DAMATAJ_2025-02-12_G11,DAMATAJ,2025-02-12,111467,1,19,0,163.0
DAMATAJ_2025-02-12_G12,DAMATAJ,2025-02-12,110339,1,11,0,204.0
DAMATAJ_2025-02-12_G13,DAMATAJ,2025-02-12,118094,1,35,0,966.0
DAMATAJ_2025-02-12_G14,DAMATAJ,2025-02-12,110374,1,25,0,315.0
DAMATAJ_2025-02-12_G15,DAMATAJ,2025-02-12,107830,1,12,0,118.0
DAMATAJ_2025-02-12_G16,DAMATAJ,2025-02-12,117840,1,10,0,119.0
DAMATAJ_2025-02-12_G17,DAMATAJ,2025-02-12,110371,1,300,0,613.0
DAMATAJ_2025-02-12_G18,DAMATAJ,2025-02-12,111465,1,20,0,553.0
DAMATAJ_2025-02-12_G19,DAMATAJ,2025-02-12,117830,1,42,0,286.0
DAMATAJ_2025-02-12_G20,DAMATAJ,2025-02-12,109643,1,20,0,168.0
DAMATAJ_2025-02-12_G21,DAMATAJ,2025-02-12,110372,1,200,0,514.0
DAMATAJ_2025-02-12_G22,DAMATAJ,2025-02-12,110373,1,200,0,514.0
DAMATAJ_2025-03-17_G02,DAMATAJ,2025-03-17,111418,1,112,0,545.0
DAMATAJ_2025-03-17_G03,DAMATAJ,2025-03-17,110372,1,297,0,1145.0
DAMATAJ_2025-03-17_G06,DAMATAJ,2025-03-17,118306,1,20,0,107.0
DAMATAJ_2025-03-17_G07,DAMATAJ,2025-03-17,117862,1,10,0,247.0
DAMATAJ_2025-03-17_G08,DAMATAJ,2025-03-17,117935,1,4,0,97.0
DAMATAJ_2025-03-17_G09,DAMATAJ,2025-03-17,111466,1,20,0,147.0
DAMATAJ_2025-03-17_G10,DAMATAJ,2025-03-17,118299,1,30,0,370.0
DAMATAJ_2025-03-17_G11,DAMATAJ,2025-03-17,110372,1,20,0,160.0
DAMATAJ_2025-03-17_G12,DAMATAJ,2025-03-17,117830,1,30,0,161.0
DAMATAJ_2025-03-17_G13,DAMATAJ,2025-03-17,110374,1,10,0,135.0
DAMATAJ_2025-03-17_G14,DAMATAJ,2025-03-17,140922,1,20,0,311.0
DAMATAJ_2025-03-17_G15,DAMATAJ,2025-03-17,111462,1,10,0,214.0
DAMATAJ_2025-03-17_G16,DAMATAJ,2025-03-17,110745,1,10,0,66.0
DAMATAJ_2025-03-17_G17,DAMATAJ,2025-03-17,117821,1,20,0,275.0
DAMATAJ_2025-03-17_G18,DAMATAJ,2025-03-17,105705,1,10,0,254.0
DAMATAJ_2025-03-17_G19,DAMATAJ,2025-03-17,111465,1,20,0,150.0
DAMATAJ_2025-03-17_G20,DAMATAJ,2025-03-17,117786,1,30,0,200.0
DAMATAJ_2025-03-17_G21,DAMATAJ,2025-03-17,111530,1,10,0,524.0
DAMATAJ_2025-03-17_G22,DAMATAJ,2025-03-17,110515,1,10,0,99.0
DAMATAJ_2025-03-17_G23,DAMATAJ,2025-03-17,117785,1,60,0,294.0
DAMATAJ_2025-03-17_G24,DAMATAJ,2025-03-17,117808,1,60,0,307.0
DAMATAJ_2025-03-18_G02,DAMATAJ,2025-03-18,117809,1,288,0,606.0
DAMATAJ_2025-03-18_G03,DAMATAJ,2025-03-18,110372,1,707,0,1350.0
DAMATAJ_2025-03-18_G04,DAMATAJ,2025-03-18,117830,1,19,0,168.0
DAMATAJ_2025-03-18_G05,DAMATAJ,2025-03-18,110371,1,200,0,503.0
DAMATAJ_2025-03-18_G06,DAMATAJ,2025-03-18,110374,1,4,0,123.0
DAMATAJ_2025-03-18_G07,DAMATAJ,2025-03-18,117808,1,8,0,167.0
DAMATAJ_2025-03-18_G08,DAMATAJ,2025-03-18,110895,1,32,0,885.0
DAMATAJ_2025-03-18_G09,DAMATAJ,2025-03-18,110895,1,2,0,328.0
DAMATAJ_2025-03-18_G10,DAMATAJ,2025-03-18,109649,1,1,0,3463.0
DAMATAJ_2025-03-18_G11,DAMATAJ,2025-03-18,111182,1,8,0,194.0
DAMATAJ_2025-03-18_G12,DAMATAJ,2025-03-18,107236,1,23,0,679.0
DAMATAJ_2025-03-18_G13,DAMATAJ,2025-03-18,111467,1,69,0,566.0
DAMATAJ_2025-03-18_G14,DAMATAJ,2025-03-18,109640,1,56,0,100.0
DAMATAJ_2025-03-18_G15,DAMATAJ,2025-03-18,111462,1,100,0,525.0
DAMATAJ_2025-03-18_G16,DAMATAJ,2025-03-18,111469,1,32,0,467.0
DAMATAJ_2025-03-18_G17,DAMATAJ,2025-03-18,111466,1,20,0,157.0
DAMATAJ_2025-03-18_G18,DAMATAJ,2025-03-18,117830,1,81,0,169.0
DAMATAJ_2025-03-21_G02,DAMATAJ,2025-03-21,"107236, 111742, 111738",3,11,23,73.0
DAMATAJ_2025-03-21_G03,DAMATAJ,2025-03-21,111761,1,8,0,68.0
DAMATAJ_2025-03-21_G04,DAMATAJ,2025-03-21,111738,1,7,0,65.0
DAMATAJ_2025-03-24_G02,DAMATAJ,2025-03-24,123345,1,16,0,287.0
DAMATAJ_2025-03-24_G03,DAMATAJ,2025-03-24,124248,1,60,0,1249.0
DAMATAJ_2025-03-24_G04,DAMATAJ,2025-03-24,122985,1,12,0,377.0
DAMATAJ_2025-03-24_G05,DAMATAJ,2025-03-24,122983,1,24,0,467.0
DAMATAJ_2025-03-24_G06,DAMATAJ,2025-03-24,123492,1,22,0,598.0
DAMATAJ_2025-03-24_G07,DAMATAJ,2025-03-24,122984,1,48,0,764.0
DAMATAJ_2025-03-24_G08,DAMATAJ,2025-03-24,124248,1,4,0,125.0
DAMATAJ_2025-03-24_G09,DAMATAJ,2025-03-24,122185,1,4,0,291.0
DAMATAJ_2025-03-24_G10,DAMATAJ,2025-03-24,124247,1,24,0,377.0
DAMATAJ_2025-03-24_G11,DAMATAJ,2025-03-24,122984,1,4,0,123.0
DAMATAJ_2025-03-24_G12,DAMATAJ,2025-03-24,122983,1,20,0,662.0
DAMATAJ_2025-03-24_G13,DAMATAJ,2025-03-24,122962,1,24,0,457.0
DAMATAJ_2025-03-24_G14,DAMATAJ,2025-03-24,124486,1,24,0,368.0
DAMATAJ_2025-03-24_G15,DAMATAJ,2025-03-24,120339,1,11,0,580.0
DAMATAJ_2025-03-24_G16,DAMATAJ,2025-03-24,122983,1,8,0,120.0
DAMATAJ_2025-03-24_G17,DAMATAJ,2025-03-24,122983,1,8,0,71.0
DAMATAJ_2025-03-24_G18,DAMATAJ,2025-03-24,124486,1,12,0,156.0
DAMATAJ_2025-03-24_G19,DAMATAJ,2025-03-24,121651,1,5,0,383.0
DAMATAJ_2025-03-24_G20,DAMATAJ,2025-03-24,124370,1,2,0,391.0
DAMATAJ_2025-03-24_G21,DAMATAJ,2025-03-24,123344,1,2,0,200.0
DAMATAJ_2025-03-24_G22,DAMATAJ,2025-03-24,122962,1,12,0,409.0
DAMATAJ_2025-03-24_G23,DAMATAJ,2025-03-24,124486,1,12,0,363.0
DAMATAJ_2025-03-24_G24,DAMATAJ,2025-03-24,124475,1,2,0,217.0
DAMATAJ_2025-03-24_G25,DAMATAJ,2025-03-24,121760,1,12,0,818.0
DAMATAJ_2025-03-24_G26,DAMATAJ,2025-03-24,121760,1,4,0,212.0
DAMATAJ_2025-03-24_G27,DAMATAJ,2025-03-24,122983,1,4,0,128.0
DAMATAJ_2025-03-24_G28,DAMATAJ,2025-03-24,122647,1,2,0,78.0
DAMATAJ_2025-03-24_G29,DAMATAJ,2025-03-24,181235,1,2,0,227.0
DAMATAJ_2025-03-24_G30,DAMATAJ,2025-03-24,122962,1,2,0,504.0
DAMATAJ_2025-03-24_G31,DAMATAJ,2025-03-24,122647,1,2,0,162.0
DAMATAJ_2025-03-24_G32,DAMATAJ,2025-03-24,123561,1,8,0,177.0
DAMATAJ_2025-03-24_G33,DAMATAJ,2025-03-24,122988,1,2,0,155.0
DAMATAJ_2025-03-24_G34,DAMATAJ,2025-03-24,122984,1,40,0,683.0
DAMATAJ_2025-03-24_G35,DAMATAJ,2025-03-24,120272,1,8,0,184.0
DAMATAJ_2025-03-24_G36,DAMATAJ,2025-03-24,122189,1,2,0,121.0
DAMATAJ_2025-03-24_G37,DAMATAJ,2025-03-24,123343,1,1,0,308.0
DAMATAJ_2025-03-24_G38,DAMATAJ,2025-03-24,123343,1,3,0,72.0
DAMATAJ_2025-03-24_G39,DAMATAJ,2025-03-24,123909,1,2,0,319.0
DAMATAJ_2025-03-24_G40,DAMATAJ,2025-03-24,122983,1,7,0,91.0
DAMATAJ_2025-03-24_G41,DAMATAJ,2025-03-24,122981,1,1,0,94.0
DAMATAJ_2025-03-24_G42,DAMATAJ,2025-03-24,120271,1,8,0,92.0
DAMATAJ_2025-03-24_G43,DAMATAJ,2025-03-24,124247,1,2,0,288.0
DAMATAJ_2025-03-24_G44,DAMATAJ,2025-03-24,122185,1,4,0,177.0
DAMATAJ_2025-03-24_G45,DAMATAJ,2025-03-24,123345,1,6,0,343.0
DAMATAJ_2025-03-24_G46,DAMATAJ,2025-03-24,122983,1,20,0,217.0
DAMATAJ_2025-03-24_G47,DAMATAJ,2025-03-24,122984,1,8,0,101.0
DAMATAJ_2025-03-24_G48,DAMATAJ,2025-03-24,122983,1,4,0,147.0
DAMATAJ_2025-03-24_G49,DAMATAJ,2025-03-24,120339,1,2,0,299.0
DAMATAJ_2025-03-24_G50,DAMATAJ,2025-03-24,122962,1,12,0,262.0
DAMATAJ_2025-03-24_G51,DAMATAJ,2025-03-24,124486,1,12,0,298.0
DAMATAJ_2025-03-24_G52,DAMATAJ,2025-03-24,123909,1,2,0,76.0
DAMATAJ_2025-03-24_G53,DAMATAJ,2025-03-24,122962,1,4,0,114.0
DAMATAJ_2025-03-24_G54,DAMATAJ,2025-03-24,120287,1,4,0,233.0
DAMATAJ_2025-03-24_G55,DAMATAJ,2025-03-24,123080,1,8,0,202.0
DAMATAJ_2025-03-24_G56,DAMATAJ,2025-03-24,123080,1,16,0,329.0
DAMATAJ_2025-03-24_G57,DAMATAJ,2025-03-24,124248,1,17,0,354.0
DAMATAJ_2025-03-27_G02,DAMATAJ,2025-03-27,117785,1,300,0,646.0
DAMATAJ_2025-03-27_G03,DAMATAJ,2025-03-27,117935,1,530,0,1227.0
DAMATAJ_2025-03-27_G04,DAMATAJ,2025-03-27,117856,1,55,0,317.0
DAMATAJ_2025-03-27_G05,DAMATAJ,2025-03-27,111602,1,423,0,2417.0
DAMATAJ_2025-03-27_G06,DAMATAJ,2025-03-27,109647,1,130,0,513.0
DAMATAJ_2025-03-27_G07,DAMATAJ,2025-03-27,111348,1,5,0,123.0
DAMATAJ_2025-03-27_G08,DAMATAJ,2025-03-27,117785,1,220,0,632.0
DAMATAJ_2025-03-27_G10,DAMATAJ,2025-03-27,118403,1,41,0,271.0
DAMATAJ_2025-03-27_G11,DAMATAJ,2025-03-27,109647,1,84,0,530.0
DAMATAJ_2025-03-27_G12,DAMATAJ,2025-03-27,109647,1,15,0,260.0
DAMATAJ_2025-03-27_G13,DAMATAJ,2025-03-27,110749,1,16,0,479.0
DAMATAJ_2025-03-27_G14,DAMATAJ,2025-03-27,111437,1,80,0,605.0
DAMATAJ_2025-03-27_G15,DAMATAJ,2025-03-27,111430,1,126,0,973.0
DAMATAJ_2025-03-27_G16,DAMATAJ,2025-03-27,111466,1,20,0,204.0
DAMATAJ_2025-03-27_G17,DAMATAJ,2025-03-27,117785,1,101,0,583.0
DAMATAJ_2025-03-27_G18,DAMATAJ,2025-03-27,117935,1,850,0,2189.0
DAMATAJ_2025-03-27_G19,DAMATAJ,2025-03-27,110741,1,50,0,562.0
DAMATAJ_2025-03-27_G20,DAMATAJ,2025-03-27,117935,1,60,0,277.0
DAMATAJ_2025-03-27_G21,DAMATAJ,2025-03-27,117786,1,298,0,763.0
DAMATAJ_2025-03-27_G22,DAMATAJ,2025-03-27,117785,1,320,0,747.0
DAMATAJ_2025-03-27_G23,DAMATAJ,2025-03-27,111442,1,181,0,818.0
DAMATAJ_2025-04-08_G02,DAMATAJ,2025-04-08,118290,1,4,0,1013.0
DAMATAJ_2025-04-08_G03,DAMATAJ,2025-04-08,118290,1,2,0,49.0
DAMATAJ_2025-04-08_G04,DAMATAJ,2025-04-08,110733,1,8,0,371.0
DAMATAJ_2025-04-08_G05,DAMATAJ,2025-04-08,110325,1,6,0,99.0
DAMATAJ_2025-04-08_G06,DAMATAJ,2025-04-08,110325,1,6,0,58.0
DAMATAJ_2025-04-08_G07,DAMATAJ,2025-04-08,118140,1,14,0,311.0
DAMATAJ_2025-04-08_G08,DAMATAJ,2025-04-08,109645,1,20,0,212.0
DAMATAJ_2025-04-08_G09,DAMATAJ,2025-04-08,110515,1,5,0,259.0
DAMATAJ_2025-04-08_G10,DAMATAJ,2025-04-08,110313,1,8,0,431.0
DAMATAJ_2025-04-08_G11,DAMATAJ,2025-04-08,116241,1,4,0,117.0
DAMATAJ_2025-04-08_G12,DAMATAJ,2025-04-08,110895,1,5,0,113.0
DAMATAJ_2025-04-08_G13,DAMATAJ,2025-04-08,100334,1,8,0,135.0
DAMATAJ_2025-04-08_G14,DAMATAJ,2025-04-08,100334,1,8,0,128.0
DAMATAJ_2025-04-08_G15,DAMATAJ,2025-04-08,109640,1,16,0,232.0
DAMATAJ_2025-04-08_G16,DAMATAJ,2025-04-08,109649,1,138,0,960.0
DAMATAJ_2025-04-08_G17,DAMATAJ,2025-04-08,110515,1,81,0,322.0
DAMATAJ_2025-04-08_G18,DAMATAJ,2025-04-08,117861,1,657,0,1447.0
DAMATAJ_2025-04-08_G19,DAMATAJ,2025-04-08,108795,1,20,0,1370.0
DAMATAJ_2025-04-08_G20,DAMATAJ,2025-04-08,111433,1,100,0,470.0
DAMATAJ_2025-04-08_G21,DAMATAJ,2025-04-08,109641,1,100,0,581.0
DAMATAJ_2025-04-08_G22,DAMATAJ,2025-04-08,105705,1,60,0,485.0
DAMATAJ_2025-04-08_G23,DAMATAJ,2025-04-08,110787,1,69,0,230.0
DAMATAJ_2025-04-08_G24,DAMATAJ,2025-04-08,110711,1,100,0,536.0
DAMATAJ_2025-04-08_G25,DAMATAJ,2025-04-08,110374,1,100,0,198.0
DAMATAJ_2025-04-08_G26,DAMATAJ,2025-04-08,111430,1,350,0,1228.0
DAMATAJ_2025-04-08_G27,DAMATAJ,2025-04-08,121760,1,15,0,1127.0
DAMATAJ_2025-04-08_G28,DAMATAJ,2025-04-08,122981,1,8,0,143.0
DAMATAJ_2025-04-08_G29,DAMATAJ,2025-04-08,124247,1,4,0,104.0
DAMATAJ_2025-04-08_G30,DAMATAJ,2025-04-08,122703,1,12,0,200.0
DAMATAJ_2025-04-08_G31,DAMATAJ,2025-04-08,124248,1,17,0,446.0
DAMATAJ_2025-04-08_G32,DAMATAJ,2025-04-08,122982,1,30,0,289.0
DAMATAJ_2025-04-08_G33,DAMATAJ,2025-04-08,122185,1,50,0,658.0
DAMATAJ_2025-04-08_G34,DAMATAJ,2025-04-08,122984,1,140,0,1733.0
DAMATAJ_2025-04-08_G35,DAMATAJ,2025-04-08,123889,1,4,0,148.0
DAMATAJ_2025-04-08_G36,DAMATAJ,2025-04-08,123344,1,14,0,704.0
DAMATAJ_2025-04-08_G37,DAMATAJ,2025-04-08,124248,1,175,0,1419.0
DAMATAJ_2025-04-10_G02,DAMATAJ,2025-04-10,118140,1,12,0,201.0
DAMATAJ_2025-04-10_G03,DAMATAJ,2025-04-10,140922,1,12,0,89.0
DAMATAJ_2025-04-10_G04,DAMATAJ,2025-04-10,110313,1,20,0,442.0
DAMATAJ_2025-04-10_G05,DAMATAJ,2025-04-10,111602,1,40,0,546.0
DAMATAJ_2025-04-10_G06,DAMATAJ,2025-04-10,110787,1,4,0,606.0
DAMATAJ_2025-04-10_G07,DAMATAJ,2025-04-10,110313,1,12,0,327.0
DAMATAJ_2025-04-10_G08,DAMATAJ,2025-04-10,118140,1,4,0,100.0
DAMATAJ_2025-04-10_G09,DAMATAJ,2025-04-10,140922,1,12,0,171.0
DAMATAJ_2025-04-11_G02,DAMATAJ,2025-04-11,110711,1,4,0,625.0
DAMATAJ_2025-04-11_G03,DAMATAJ,2025-04-11,110372,1,4,0,171.0
DAMATAJ_2025-04-11_G04,DAMATAJ,2025-04-11,110371,1,48,0,363.0
DAMATAJ_2025-04-11_G05,DAMATAJ,2025-04-11,111463,1,5,0,211.0
DAMATAJ_2025-04-11_G06,DAMATAJ,2025-04-11,110711,1,4,0,101.0
DAMATAJ_2025-04-11_G07,DAMATAJ,2025-04-11,141313,1,4,0,542.0
DAMATAJ_2025-04-11_G08,DAMATAJ,2025-04-11,107236,1,4,0,375.0
DAMATAJ_2025-04-11_G09,DAMATAJ,2025-04-11,110500,1,3,0,466.0
DAMATAJ_2025-04-11_G10,DAMATAJ,2025-04-11,117820,1,6,0,260.0
DAMATAJ_2025-04-11_G11,DAMATAJ,2025-04-11,117808,1,6,0,133.0
DAMATAJ_2025-04-11_G12,DAMATAJ,2025-04-11,111569,1,4,0,122.0
DAMATAJ_2025-04-11_G13,DAMATAJ,2025-04-11,110787,1,6,0,174.0
DAMATAJ_2025-04-11_G15,DAMATAJ,2025-04-11,110373,1,448,0,733.0
DAMATAJ_2025-04-11_G16,DAMATAJ,2025-04-11,110374,1,250,0,1209.0
DAMATAJ_2025-04-11_G17,DAMATAJ,2025-04-11,111602,1,63,0,396.0
DAMATAJ_2025-04-11_G18,DAMATAJ,2025-04-11,111462,1,63,0,139.0
DAMATAJ_2025-04-11_G19,DAMATAJ,2025-04-11,111172,1,59,0,623.0
DAMATAJ_2025-04-11_G20,DAMATAJ,2025-04-11,111435,1,65,0,194.0
DAMATAJ_2025-04-11_G21,DAMATAJ,2025-04-11,110745,1,770,0,2211.0
DAMATAJ_2025-04-11_G22,DAMATAJ,2025-04-11,110373,1,172,0,864.0
DAMATAJ_2025-04-11_G23,DAMATAJ,2025-04-11,110372,1,1300,0,3345.0
DAMATAJ_2025-04-12_G02,DAMATAJ,2025-04-12,120339,1,10,0,192.0
DAMATAJ_2025-04-12_G03,DAMATAJ,2025-04-12,122983,1,6,0,134.0
DAMATAJ_2025-04-12_G04,DAMATAJ,2025-04-12,123345,1,22,0,466.0
DAMATAJ_2025-04-12_G05,DAMATAJ,2025-04-12,123345,1,4,0,249.0
DAMATAJ_2025-04-12_G06,DAMATAJ,2025-04-12,180073,1,2,0,433.0
DAMATAJ_2025-04-12_G07,DAMATAJ,2025-04-12,123344,1,2,0,758.0
DAMATAJ_2025-04-12_G08,DAMATAJ,2025-04-12,124476,1,2,0,222.0
DAMATAJ_2025-04-12_G09,DAMATAJ,2025-04-12,124370,1,2,0,70.0
DAMATAJ_2025-04-12_G10,DAMATAJ,2025-04-12,124370,1,8,0,182.0
DAMATAJ_2025-04-12_G11,DAMATAJ,2025-04-12,124475,1,2,0,89.0
DAMATAJ_2025-04-12_G12,DAMATAJ,2025-04-12,123909,1,2,0,45.0
DAMATAJ_2025-04-12_G13,DAMATAJ,2025-04-12,121651,1,4,0,170.0
DAMATAJ_2025-04-12_G14,DAMATAJ,2025-04-12,123344,1,20,0,157.0
DAMATAJ_2025-04-12_G15,DAMATAJ,2025-04-12,123343,1,5,0,442.0
DAMATAJ_2025-04-12_G16,DAMATAJ,2025-04-12,122703,1,2,0,80.0
DAMATAJ_2025-04-12_G17,DAMATAJ,2025-04-12,124248,1,4,0,69.0
DAMATAJ_2025-04-12_G18,DAMATAJ,2025-04-12,124370,1,12,0,237.0
DAMATAJ_2025-04-12_G19,DAMATAJ,2025-04-12,124475,1,8,0,346.0
DAMATAJ_2025-04-12_G20,DAMATAJ,2025-04-12,121651,1,8,0,344.0
DAMATAJ_2025-04-12_G21,DAMATAJ,2025-04-12,122647,1,30,0,669.0
DAMATAJ_2025-04-12_G23,DAMATAJ,2025-04-12,121651,1,40,0,1097.0
DAMATAJ_2025-04-12_G24,DAMATAJ,2025-04-12,123343,1,34,0,826.0
DAMATAJ_2025-04-12_G25,DAMATAJ,2025-04-12,120008,1,30,0,936.0
DAMATAJ_2025-04-12_G26,DAMATAJ,2025-04-12,123344,1,4,0,593.0
DAMATAJ_2025-04-12_G27,DAMATAJ,2025-04-12,122703,1,4,0,173.0
DAMATAJ_2025-04-12_G28,DAMATAJ,2025-04-12,124476,1,4,0,154.0
DAMATAJ_2025-04-12_G29,DAMATAJ,2025-04-12,123343,1,2,0,122.0
DAMATAJ_2025-04-12_G30,DAMATAJ,2025-04-12,124486,1,4,0,69.0
DAMATAJ_2025-04-12_G31,DAMATAJ,2025-04-12,124370,1,12,0,138.0
DAMATAJ_2025-04-12_G32,DAMATAJ,2025-04-12,123909,1,2,0,77.0
DAMATAJ_2025-04-12_G33,DAMATAJ,2025-04-12,121651,1,6,0,206.0
DAMATAJ_2025-04-12_G34,DAMATAJ,2025-04-12,122703,1,4,0,126.0
DAMATAJ_2025-04-12_G35,DAMATAJ,2025-04-12,122185,1,8,0,156.0
DAMATAJ_2025-04-12_G36,DAMATAJ,2025-04-12,124370,1,12,0,85.0
DAMATAJ_2025-04-12_G37,DAMATAJ,2025-04-12,122984,1,6,0,183.0
DAMATAJ_2025-04-12_G38,DAMATAJ,2025-04-12,122988,1,18,0,253.0
DAMATAJ_2025-04-12_G39,DAMATAJ,2025-04-12,121760,1,2,0,100.0
DAMATAJ_2025-04-12_G40,DAMATAJ,2025-04-12,123562,1,4,0,75.0
DAMATAJ_2025-04-12_G41,DAMATAJ,2025-04-12,122984,1,4,0,74.0
DAMATAJ_2025-04-12_G42,DAMATAJ,2025-04-12,122983,1,4,0,131.0
DAMATAJ_2025-04-12_G43,DAMATAJ,2025-04-12,121760,1,56,0,3170.0
DAMATAJ_2025-04-12_G44,DAMATAJ,2025-04-12,123153,1,10,0,128.0
DAMATAJ_2025-04-12_G45,DAMATAJ,2025-04-12,122671,1,10,0,119.0
DAMATAJ_2025-04-12_G46,DAMATAJ,2025-04-12,122981,1,32,0,444.0
DAMATAJ_2025-04-12_G47,DAMATAJ,2025-04-12,124476,1,10,0,182.0
DAMATAJ_2025-04-12_G48,DAMATAJ,2025-04-12,124476,1,5,0,84.0
DAMATAJ_2025-04-12_G49,DAMATAJ,2025-04-12,122647,1,8,0,194.0
DAMATAJ_2025-04-12_G50,DAMATAJ,2025-04-12,122982,1,12,0,352.0
DAMATAJ_2025-04-12_G51,DAMATAJ,2025-04-12,"122185, 123345",2,220,21,587.0
DAMATAJ_2025-04-12_G52,DAMATAJ,2025-04-12,124248,1,4,0,760.0
DAMATAJ_2025-04-12_G53,DAMATAJ,2025-04-12,121923,1,4,0,89.0
DAMATAJ_2025-04-14_G02,DAMATAJ,2025-04-14,122962,1,16,0,256.0
DAMATAJ_2025-04-15_G02,DAMATAJ,2025-04-15,122671,1,10,0,348.0
DAMATAJ_2025-04-15_G03,DAMATAJ,2025-04-15,122647,1,8,0,132.0
DAMATAJ_2025-04-15_G04,DAMATAJ,2025-04-15,122673,1,11,0,264.0
DAMATAJ_2025-04-15_G05,DAMATAJ,2025-04-15,123909,1,27,0,855.0
DAMATAJ_2025-04-15_G07,DAMATAJ,2025-04-15,181365,1,1,0,315.0
DAMATAJ_2025-04-15_G08,DAMATAJ,2025-04-15,122985,1,10,0,455.0
DAMATAJ_2025-04-15_G09,DAMATAJ,2025-04-15,122673,1,12,0,234.0
DAMATAJ_2025-04-15_G10,DAMATAJ,2025-04-15,122962,1,4,0,209.0
DAMATAJ_2025-04-15_G11,DAMATAJ,2025-04-15,120028,1,14,0,230.0
DAMATAJ_2025-04-15_G12,DAMATAJ,2025-04-15,122962,1,12,0,316.0
DAMATAJ_2025-04-15_G13,DAMATAJ,2025-04-15,122962,1,20,0,350.0
DAMATAJ_2025-04-15_G14,DAMATAJ,2025-04-15,122962,1,6,0,252.0
DAMATAJ_2025-04-15_G15,DAMATAJ,2025-04-15,122962,1,12,0,284.0
DAMATAJ_2025-04-15_G16,DAMATAJ,2025-04-15,122962,1,10,0,150.0
DAMATAJ_2025-04-15_G17,DAMATAJ,2025-04-15,122673,1,6,0,147.0
DAMATAJ_2025-04-15_G18,DAMATAJ,2025-04-15,122986,1,4,0,222.0
DAMATAJ_2025-04-15_G19,DAMATAJ,2025-04-15,122982,1,4,0,134.0
DAMATAJ_2025-04-15_G20,DAMATAJ,2025-04-15,122988,1,2,0,91.0
DAMATAJ_2025-04-15_G21,DAMATAJ,2025-04-15,123345,1,6,0,124.0
DAMATAJ_2025-04-15_G22,DAMATAJ,2025-04-15,123343,1,4,0,108.0
DAMATAJ_2025-04-15_G23,DAMATAJ,2025-04-15,120389,1,4,0,209.0
DAMATAJ_2025-04-15_G24,DAMATAJ,2025-04-15,123889,1,4,0,184.0
DAMATAJ_2025-04-15_G25,DAMATAJ,2025-04-15,123345,1,4,0,162.0
DAMATAJ_2025-04-15_G26,DAMATAJ,2025-04-15,122962,1,12,0,253.0
DAMATAJ_2025-04-15_G27,DAMATAJ,2025-04-15,122647,1,12,0,299.0
DAMATAJ_2025-04-16_G02,DAMATAJ,2025-04-16,117808,1,1973,0,1146.0
DAMATAJ_2025-04-16_G03,DAMATAJ,2025-04-16,110895,1,200,0,773.0
DAMATAJ_2025-04-16_G04,DAMATAJ,2025-04-16,117840,1,1,0,109.0
DAMATAJ_2025-04-16_G05,DAMATAJ,2025-04-16,105335,1,2,0,176.0
DAMATAJ_2025-04-16_G06,DAMATAJ,2025-04-16,108795,1,21,0,138.0
DAMATAJ_2025-04-22_G02,DAMATAJ,2025-04-22,120339,1,16,0,459.0
DAMATAJ_2025-04-23_G02,DAMATAJ,2025-04-23,123822,1,38,0,911.0
DAMATAJ_2025-04-23_G03,DAMATAJ,2025-04-23,122962,1,4,0,153.0
DAMATAJ_2025-04-23_G04,DAMATAJ,2025-04-23,122647,1,2,0,45.0
DAMATAJ_2025-04-23_G05,DAMATAJ,2025-04-23,124486,1,6,0,182.0
DAMATAJ_2025-04-23_G06,DAMATAJ,2025-04-23,122673,1,2,0,94.0
DAMATAJ_2025-04-23_G07,DAMATAJ,2025-04-23,123343,1,10,0,245.0
DAMATAJ_2025-04-23_G08,DAMATAJ,2025-04-23,124594,1,4,0,337.0
DAMATAJ_2025-04-23_G09,DAMATAJ,2025-04-23,121760,1,40,0,1108.0
DAMATAJ_2025-04-23_G10,DAMATAJ,2025-04-23,124370,1,7,0,165.0
DAMATAJ_2025-04-23_G11,DAMATAJ,2025-04-23,124370,1,11,0,179.0
DAMATAJ_2025-04-23_G12,DAMATAJ,2025-04-23,122703,1,9,0,154.0
DAMATAJ_2025-04-23_G13,DAMATAJ,2025-04-23,120389,1,5,0,161.0
DAMATAJ_2025-04-23_G14,DAMATAJ,2025-04-23,"122984, 123343",2,6,24,150.0
DAMATAJ_2025-04-23_G16,DAMATAJ,2025-04-23,122962,1,16,0,328.0
DAMATAJ_2025-04-23_G17,DAMATAJ,2025-04-23,121760,1,16,0,261.0
DAMATAJ_2025-04-23_G18,DAMATAJ,2025-04-23,124370,1,50,0,1039.0
DAMATAJ_2025-04-23_G19,DAMATAJ,2025-04-23,122185,1,31,0,378.0
DAMATAJ_2025-04-23_G20,DAMATAJ,2025-04-23,124486,1,10,0,198.0
DAMATAJ_2025-04-23_G21,DAMATAJ,2025-04-23,123521,1,3,0,90.0
DAMATAJ_2025-04-23_G22,DAMATAJ,2025-04-23,124371,1,30,0,435.0
DAMATAJ_2025-04-23_G23,DAMATAJ,2025-04-23,122985,1,10,0,166.0
DAMATAJ_2025-04-24_G02,DAMATAJ,2025-04-24,122671,1,1,0,59.0
DAMATAJ_2025-04-24_G03,DAMATAJ,2025-04-24,123153,1,24,0,483.0
DAMATAJ_2025-04-24_G04,DAMATAJ,2025-04-24,124370,1,20,0,505.0
DAMATAJ_2025-04-24_G05,DAMATAJ,2025-04-24,124370,1,20,0,300.0
DAMATAJ_2025-04-24_G06,DAMATAJ,2025-04-24,122703,1,1,0,134.0
DAMATAJ_2025-04-24_G07,DAMATAJ,2025-04-24,123822,1,1,0,43.0
DAMATAJ_2025-04-24_G08,DAMATAJ,2025-04-24,122185,1,12,0,243.0
DAMATAJ_2025-04-24_G09,DAMATAJ,2025-04-24,120389,1,8,0,110.0
DAMATAJ_2025-04-24_G10,DAMATAJ,2025-04-24,123080,1,4,0,94.0
DAMATAJ_2025-04-24_G11,DAMATAJ,2025-04-24,120339,1,4,0,146.0
DAMATAJ_2025-04-24_G12,DAMATAJ,2025-04-24,122985,1,6,0,159.0
DAMATAJ_2025-04-24_G13,DAMATAJ,2025-04-24,121651,1,20,0,399.0
DAMATAJ_2025-04-24_G14,DAMATAJ,2025-04-24,181056,1,2,0,217.0
DAMATAJ_2025-04-24_G16,DAMATAJ,2025-04-24,122981,1,10,0,85.0
DAMATAJ_2025-04-24_G17,DAMATAJ,2025-04-24,120339,1,105,0,1484.0
DAMATAJ_2025-04-24_G18,DAMATAJ,2025-04-24,122983,1,64,0,1319.0
DAMATAJ_2025-04-24_G19,DAMATAJ,2025-04-24,123561,1,2,0,245.0
DAMATAJ_2025-04-24_G20,DAMATAJ,2025-04-24,123561,1,16,0,358.0
DAMATAJ_2025-04-24_G21,DAMATAJ,2025-04-24,121651,1,12,0,166.0
DAMATAJ_2025-04-24_G22,DAMATAJ,2025-04-24,121651,1,6,0,114.0
DAMATAJ_2025-04-24_G23,DAMATAJ,2025-04-24,120028,1,2,0,140.0
DAMATAJ_2025-04-24_G24,DAMATAJ,2025-04-24,122962,1,6,0,125.0
DAMATAJ_2025-04-24_G25,DAMATAJ,2025-04-24,124486,1,24,0,563.0
DAMATAJ_2025-04-24_G26,DAMATAJ,2025-04-24,123153,1,30,0,735.0
DAMATAJ_2025-04-24_G27,DAMATAJ,2025-04-24,124370,1,12,0,232.0
DAMATAJ_2025-04-24_G28,DAMATAJ,2025-04-24,124594,2,4,10,100.0
DAMATAJ_2025-04-24_G29,DAMATAJ,2025-04-24,124371,1,4,0,151.0
DAMATAJ_2025-04-24_G30,DAMATAJ,2025-04-24,124486,1,1,0,46.0
DAMATAJ_2025-04-24_G31,DAMATAJ,2025-04-24,124248,1,1,0,74.0
DAMATAJ_2025-04-24_G32,DAMATAJ,2025-04-24,122673,1,8,0,202.0
DAMATAJ_2025-04-24_G33,DAMATAJ,2025-04-24,124476,1,4,0,271.0
DAMATAJ_2025-04-24_G34,DAMATAJ,2025-04-24,123909,1,2,0,109.0
DAMATAJ_2025-04-24_G35,DAMATAJ,2025-04-24,122962,1,16,0,194.0
DAMATAJ_2025-04-24_G36,DAMATAJ,2025-04-24,122671,1,12,0,447.0
DAMATAJ_2025-04-24_G37,DAMATAJ,2025-04-24,123909,1,8,0,240.0
DAMATAJ_2025-04-24_G38,DAMATAJ,2025-04-24,123153,1,20,0,280.0
DAMATAJ_2025-04-24_G40,DAMATAJ,2025-04-24,124548,1,82,0,1770.0
DAMATAJ_2025-04-25_G02,DAMATAJ,2025-04-25,120339,3,17,36,169.0
DAMATAJ_2025-04-25_G03,DAMATAJ,2025-04-25,123344,1,6,0,566.0
DAMATAJ_2025-04-25_G04,DAMATAJ,2025-04-25,123313,3,18,15,266.0
DAMATAJ_2025-04-25_G05,DAMATAJ,2025-04-25,123344,1,6,0,985.0
DAMATAJ_2025-04-25_G06,DAMATAJ,2025-04-25,124548,1,51,0,1008.0
DAMATAJ_2025-04-25_G07,DAMATAJ,2025-04-25,123153,1,10,0,304.0
DAMATAJ_2025-04-25_G08,DAMATAJ,2025-04-25,122988,1,8,0,227.0
DAMATAJ_2025-04-25_G09,DAMATAJ,2025-04-25,180024,1,4,0,201.0
DAMATAJ_2025-04-25_G10,DAMATAJ,2025-04-25,180183,1,2,0,284.0
DAMATAJ_2025-04-25_G12,DAMATAJ,2025-04-25,124477,1,4,0,255.0
DAMATAJ_2025-04-25_G13,DAMATAJ,2025-04-25,124370,1,4,0,151.0
DAMATAJ_2025-04-25_G14,DAMATAJ,2025-04-25,124371,1,6,0,243.0
DAMATAJ_2025-04-25_G15,DAMATAJ,2025-04-25,124475,1,10,0,169.0
DAMATAJ_2025-04-25_G16,DAMATAJ,2025-04-25,"122985, 123313",2,6,29,123.0
DAMATAJ_2025-04-25_G17,DAMATAJ,2025-04-25,181280,1,4,0,127.0
DAMATAJ_2025-04-25_G18,DAMATAJ,2025-04-25,122962,1,8,0,159.0
DAMATAJ_2025-04-25_G19,DAMATAJ,2025-04-25,124486,1,4,0,318.0
DAMATAJ_2025-04-25_G20,DAMATAJ,2025-04-25,123822,1,30,0,649.0
DAMATAJ_2025-04-25_G21,DAMATAJ,2025-04-25,122982,1,4,0,172.0
DAMATAJ_2025-04-25_G22,DAMATAJ,2025-04-25,122984,1,4,0,164.0
DAMATAJ_2025-04-25_G23,DAMATAJ,2025-04-25,124433,1,12,0,290.0
DAMATAJ_2025-04-25_G24,DAMATAJ,2025-04-25,122703,1,10,0,264.0
DAMATAJ_2025-04-25_G25,DAMATAJ,2025-04-25,123561,1,5,0,124.0
DAMATAJ_2025-04-25_G26,DAMATAJ,2025-04-25,122984,1,20,0,545.0
DAMATAJ_2025-04-25_G27,DAMATAJ,2025-04-25,180001,1,2,0,277.0
DAMATAJ_2025-04-25_G28,DAMATAJ,2025-04-25,181237,1,1,0,602.0
DAMATAJ_2025-04-25_G29,DAMATAJ,2025-04-25,123561,1,20,0,391.0
DAMATAJ_2025-04-25_G30,DAMATAJ,2025-04-25,124371,1,10,0,222.0
DAMATAJ_2025-04-25_G31,DAMATAJ,2025-04-25,121651,1,10,0,226.0
DAMATAJ_2025-04-25_G32,DAMATAJ,2025-04-25,122703,1,10,0,354.0
DAMATAJ_2025-04-25_G33,DAMATAJ,2025-04-25,122983,1,4,0,140.0
DAMATAJ_2025-04-25_G34,DAMATAJ,2025-04-25,123343,1,6,0,136.0
DAMATAJ_2025-04-25_G35,DAMATAJ,2025-04-25,122703,1,7,0,104.0
DAMATAJ_2025-04-25_G36,DAMATAJ,2025-04-25,122703,1,5,0,80.0
DAMATAJ_2025-04-25_G37,DAMATAJ,2025-04-25,124247,1,6,0,361.0
DAMATAJ_2025-04-28_G02,DAMATAJ,2025-04-28,122962,1,95,0,1174.0
DAMATAJ_2025-04-29_G02,DAMATAJ,2025-04-29,124476,1,4,0,214.0
DAMATAJ_2025-04-29_G03,DAMATAJ,2025-04-29,122703,1,14,0,431.0
DAMATAJ_2025-04-29_G04,DAMATAJ,2025-04-29,"124370, 122185",2,45,8,733.0
DAMATAJ_2025-04-29_G05,DAMATAJ,2025-04-29,"122673, 122984",2,62,6,180.0
DAMATAJ_2025-04-29_G06,DAMATAJ,2025-04-29,120339,1,13,0,725.0
DAMATAJ_2025-04-29_G07,DAMATAJ,2025-04-29,122985,1,10,0,439.0
DAMATAJ_2025-04-29_G08,DAMATAJ,2025-04-29,123889,1,4,0,275.0
DAMATAJ_2025-04-29_G09,DAMATAJ,2025-04-29,"123822, 122983",2,21,6,678.0
DAMATAJ_2025-04-29_G10,DAMATAJ,2025-04-29,122962,1,5,0,145.0
DAMATAJ_2025-04-29_G12,DAMATAJ,2025-04-29,122981,1,18,0,545.0
DAMATAJ_2025-04-29_G13,DAMATAJ,2025-04-29,122983,1,22,0,1577.0
DAMATAJ_2025-04-29_G14,DAMATAJ,2025-04-29,122983,1,10,0,213.0
DAMATAJ_2025-04-29_G15,DAMATAJ,2025-04-29,123313,2,10,6,220.0
DAMATAJ_2025-04-29_G16,DAMATAJ,2025-04-29,122985,1,10,0,68.0
DAMATAJ_2025-04-29_G17,DAMATAJ,2025-04-29,"122985, 123947",2,72,7,293.0
DAMATAJ_2025-05-13_G02,DAMATAJ,2025-05-13,111430,1,2,0,365.0
DAMATAJ_2025-05-13_G03,DAMATAJ,2025-05-13,115234,1,2,0,2765.0
DAMATAJ_2025-05-13_G04,DAMATAJ,2025-05-13,107236,1,4,0,127.0
DAMATAJ_2025-05-18_G02,DAMATAJ,2025-05-18,111723,1,5,0,395.0
DAMATAJ_2025-05-18_G03,DAMATAJ,2025-05-18,111738,1,6,0,236.0
DAMATAJ_2025-05-18_G04,DAMATAJ,2025-05-18,111738,1,5,0,34.0
DAMATAJ_2025-05-18_G05,DAMATAJ,2025-05-18,111742,1,4,0,329.0
DAMATAJ_2025-05-18_G06,DAMATAJ,2025-05-18,111634,4,69,50,452.0
DAMATAJ_2025-05-18_G07,DAMATAJ,2025-05-18,111741,1,10,0,198.0
DAMATAJ_2025-05-18_G08,DAMATAJ,2025-05-18,111740,2,3,22,37.0
DAMATAJ_2025-05-18_G09,DAMATAJ,2025-05-18,111751,1,10,0,209.0
DAMATAJ_2025-05-18_G10,DAMATAJ,2025-05-18,118191,1,100,0,410.0
DAMATAJ_2025-05-18_G11,DAMATAJ,2025-05-18,141262,6,85,82,511.0
DAMATAJ_2025-05-18_G12,DAMATAJ,2025-05-18,111722,3,108,26,326.0
DAMATAJ_2025-05-18_G13,DAMATAJ,2025-05-18,111722,1,200,0,92.0
DAMATAJ_2025-05-18_G14,DAMATAJ,2025-05-18,111741,1,10,0,1096.0
DAMATAJ_2025-05-18_G15,DAMATAJ,2025-05-18,111753,1,12,0,404.0
DAMATAJ_2025-05-18_G16,DAMATAJ,2025-05-18,111759,1,1,0,849.0
DAMATAJ_2025-05-18_G17,DAMATAJ,2025-05-18,111753,1,4,0,333.0
DAMATAJ_2025-05-18_G18,DAMATAJ,2025-05-18,111742,1,5,0,1086.0
DAMATAJ_2025-05-18_G19,DAMATAJ,2025-05-18,111759,3,32,26,362.0
DAMATAJ_2025-05-18_G20,DAMATAJ,2025-05-18,111761,2,14,7,389.0
DAMATAJ_2025-05-18_G21,DAMATAJ,2025-05-18,111754,1,18,0,2106.0
DAMATAJ_2025-05-18_G22,DAMATAJ,2025-05-18,111755,3,46,19,604.0
DAMATAJ_2025-05-18_G23,DAMATAJ,2025-05-18,111753,2,32,29,873.0
DAMATAJ_2025-05-18_G24,DAMATAJ,2025-05-18,111723,1,10,0,965.0
DAMATAJ_2025-05-18_G25,DAMATAJ,2025-05-18,111723,2,5,11,117.0
DAMATAJ_2025-05-18_G26,DAMATAJ,2025-05-18,110742,1,2,0,198.0
DAMATAJ_2025-05-18_G27,DAMATAJ,2025-05-18,111753,1,18,0,256.0
DAMATAJ_2025-05-18_G28,DAMATAJ,2025-05-18,111738,3,129,32,48.0
DAMATAJ_2025-05-19_G02,DAMATAJ,2025-05-19,140922,1,2,0,178.0
DAMATAJ_2025-05-19_G03,DAMATAJ,2025-05-19,111468,1,3,0,45.0
DAMATAJ_2025-05-19_G04,DAMATAJ,2025-05-19,111466,1,5,0,73.0
DAMATAJ_2025-05-19_G05,DAMATAJ,2025-05-19,118140,1,4,0,68.0
DAMATAJ_2025-05-19_G06,DAMATAJ,2025-05-19,108794,1,2,0,141.0
DAMATAJ_2025-05-19_G07,DAMATAJ,2025-05-19,111418,1,3,0,60.0
DAMATAJ_2025-05-19_G08,DAMATAJ,2025-05-19,109645,1,4,0,65.0
DAMATAJ_2025-05-19_G09,DAMATAJ,2025-05-19,"107236, 117785",2,5,30,96.0
DAMATAJ_2025-05-19_G10,DAMATAJ,2025-05-19,111465,1,1,0,49.0
DAMATAJ_2025-05-19_G11,DAMATAJ,2025-05-19,109643,1,2,0,143.0
DAMATAJ_2025-05-19_G12,DAMATAJ,2025-05-19,110325,1,2,0,152.0
DAMATAJ_2025-05-19_G13,DAMATAJ,2025-05-19,110373,1,4,0,80.0
DAMATAJ_2025-05-19_G14,DAMATAJ,2025-05-19,107830,1,3,0,44.0
DAMATAJ_2025-05-19_G15,DAMATAJ,2025-05-19,110372,1,15,0,365.0
DAMATAJ_2025-05-19_G16,DAMATAJ,2025-05-19,117830,1,8,0,119.0
DAMATAJ_2025-05-19_G17,DAMATAJ,2025-05-19,110375,1,6,0,97.0
DAMATAJ_2025-05-19_G18,DAMATAJ,2025-05-19,110371,1,2,0,224.0
DAMATAJ_2025-05-19_G19,DAMATAJ,2025-05-19,117809,1,6,0,51.0
DAMATAJ_2025-05-19_G20,DAMATAJ,2025-05-19,117808,1,7,0,82.0
DAMATAJ_2025-05-19_G21,DAMATAJ,2025-05-19,118306,1,2,0,714.0
DAMATAJ_2025-05-19_G22,DAMATAJ,2025-05-19,117835,1,2,0,71.0
DAMATAJ_2025-05-19_G23,DAMATAJ,2025-05-19,110752,1,2,0,172.0
DAMATAJ_2025-05-19_G24,DAMATAJ,2025-05-19,117856,1,4,0,48.0
DAMATAJ_2025-05-19_G25,DAMATAJ,2025-05-19,110515,1,1,0,89.0
DAMATAJ_2025-05-19_G26,DAMATAJ,2025-05-19,111530,1,2,0,45.0
DAMATAJ_2025-05-19_G27,DAMATAJ,2025-05-19,111435,1,2,0,137.0
DAMATAJ_2025-05-19_G28,DAMATAJ,2025-05-19,110740,1,4,0,105.0
DAMATAJ_2025-05-19_G29,DAMATAJ,2025-05-19,111462,1,3,0,91.0
DAMATAJ_2025-05-19_G30,DAMATAJ,2025-05-19,109641,1,4,0,43.0
DAMATAJ_2025-05-19_G31,DAMATAJ,2025-05-19,117787,1,4,0,74.0
DAMATAJ_2025-05-19_G32,DAMATAJ,2025-05-19,111182,1,4,0,45.0
DAMATAJ_2025-05-19_G33,DAMATAJ,2025-05-19,108711,1,2,0,47.0
DAMATAJ_2025-05-19_G34,DAMATAJ,2025-05-19,140922,1,4,0,63.0
DAMATAJ_2025-05-19_G35,DAMATAJ,2025-05-19,111468,1,1,0,409.0
DAMATAJ_2025-05-19_G36,DAMATAJ,2025-05-19,110745,1,4,0,31.0
DAMATAJ_2025-05-19_G37,DAMATAJ,2025-05-19,117833,1,6,0,82.0
DAMATAJ_2025-05-19_G38,DAMATAJ,2025-05-19,111172,1,2,0,66.0
DAMATAJ_2025-05-19_G39,DAMATAJ,2025-05-19,108772,1,4,0,903.0
DAMATAJ_2025-05-19_G40,DAMATAJ,2025-05-19,"141047, 107629",2,8,17,114.0
DAMATAJ_2025-05-19_G41,DAMATAJ,2025-05-19,111850,1,5,0,172.0
DAMATAJ_2025-05-19_G42,DAMATAJ,2025-05-19,117861,1,5,0,66.0
DAMATAJ_2025-05-19_G43,DAMATAJ,2025-05-19,111467,1,2,0,73.0
DAMATAJ_2025-05-19_G44,DAMATAJ,2025-05-19,111120,1,1,0,69.0
DAMATAJ_2025-05-19_G45,DAMATAJ,2025-05-19,117856,1,6,0,142.0
DAMATAJ_2025-05-19_G46,DAMATAJ,2025-05-19,110515,1,2,0,42.0
DAMATAJ_2025-05-19_G47,DAMATAJ,2025-05-19,110895,1,2,0,202.0
DAMATAJ_2025-05-19_G48,DAMATAJ,2025-05-19,109643,1,5,0,103.0
DAMATAJ_2025-05-19_G49,DAMATAJ,2025-05-19,110374,1,2,0,131.0
DAMATAJ_2025-05-19_G50,DAMATAJ,2025-05-19,110373,1,2,0,65.0
DAMATAJ_2025-05-19_G51,DAMATAJ,2025-05-19,117822,1,2,0,62.0
DAMATAJ_2025-05-19_G52,DAMATAJ,2025-05-19,110376,1,2,0,40.0
DAMATAJ_2025-05-19_G53,DAMATAJ,2025-05-19,108798,1,2,0,63.0
DAMATAJ_2025-05-19_G54,DAMATAJ,2025-05-19,"110372, 117830",2,15,17,205.0
DAMATAJ_2025-05-19_G55,DAMATAJ,2025-05-19,111418,1,15,0,159.0
DAMATAJ_2025-05-19_G56,DAMATAJ,2025-05-19,111530,1,10,0,239.0
DAMATAJ_2025-05-19_G57,DAMATAJ,2025-05-19,118223,1,4,0,1156.0
DAMATAJ_2025-05-19_G58,DAMATAJ,2025-05-19,110375,1,4,0,65.0
DAMATAJ_2025-05-19_G59,DAMATAJ,2025-05-19,118299,1,23,0,154.0
DAMATAJ_2025-05-19_G60,DAMATAJ,2025-05-19,109645,1,3,0,75.0
DAMATAJ_2025-05-19_G61,DAMATAJ,2025-05-19,111348,1,4,0,55.0
DAMATAJ_2025-05-19_G62,DAMATAJ,2025-05-19,"110371, 111444",2,10,27,190.0
DAMATAJ_2025-05-19_G63,DAMATAJ,2025-05-19,117809,1,8,0,139.0
DAMATAJ_2025-05-19_G64,DAMATAJ,2025-05-19,117808,1,20,0,147.0
DAMATAJ_2025-05-19_G65,DAMATAJ,2025-05-19,107236,1,2,0,55.0
DAMATAJ_2025-05-19_G66,DAMATAJ,2025-05-19,111463,1,10,0,87.0
DAMATAJ_2025-05-19_G67,DAMATAJ,2025-05-19,117785,1,2,0,38.0
DAMATAJ_2025-05-19_G68,DAMATAJ,2025-05-19,110747,1,2,0,535.0
DAMATAJ_2025-05-19_G69,DAMATAJ,2025-05-19,141047,1,4,0,71.0
DAMATAJ_2025-05-19_G70,DAMATAJ,2025-05-19,108711,1,6,0,107.0
DAMATAJ_2025-05-19_G71,DAMATAJ,2025-05-19,110373,1,8,0,71.0
DAMATAJ_2025-05-19_G72,DAMATAJ,2025-05-19,118306,1,2,0,62.0
DAMATAJ_2025-05-19_G73,DAMATAJ,2025-05-19,117821,1,1,0,56.0
DAMATAJ_2025-05-19_G74,DAMATAJ,2025-05-19,111466,1,6,0,51.0
DAMATAJ_2025-05-19_G75,DAMATAJ,2025-05-19,118140,1,4,0,51.0
DAMATAJ_2025-05-19_G76,DAMATAJ,2025-05-19,111467,1,3,0,103.0
DAMATAJ_2025-05-19_G77,DAMATAJ,2025-05-19,117856,1,2,0,61.0
DAMATAJ_2025-05-19_G78,DAMATAJ,2025-05-19,110372,1,16,0,146.0
DAMATAJ_2025-05-19_G79,DAMATAJ,2025-05-19,117830,1,4,0,51.0
DAMATAJ_2025-05-19_G80,DAMATAJ,2025-05-19,111418,1,2,0,63.0
DAMATAJ_2025-05-19_G81,DAMATAJ,2025-05-19,118299,1,6,0,89.0
DAMATAJ_2025-05-19_G82,DAMATAJ,2025-05-19,110895,1,4,0,72.0
DAMATAJ_2025-05-19_G83,DAMATAJ,2025-05-19,110371,1,10,0,129.0
DAMATAJ_2025-05-19_G84,DAMATAJ,2025-05-19,107236,1,2,0,103.0
DAMATAJ_2025-05-19_G85,DAMATAJ,2025-05-19,111463,1,2,0,31.0
DAMATAJ_2025-05-19_G86,DAMATAJ,2025-05-19,117785,1,6,0,65.0
DAMATAJ_2025-05-19_G87,DAMATAJ,2025-05-19,117808,1,20,0,190.0
DAMATAJ_2025-05-19_G88,DAMATAJ,2025-05-19,110325,1,2,0,353.0
DAMATAJ_2025-05-19_G89,DAMATAJ,2025-05-19,107830,1,6,0,90.0
DAMATAJ_2025-05-19_G90,DAMATAJ,2025-05-19,117820,1,8,0,95.0
DAMATAJ_2025-05-19_G91,DAMATAJ,2025-05-19,117822,1,4,0,52.0
DAMATAJ_2025-05-19_G92,DAMATAJ,2025-05-19,110372,1,30,0,234.0
DAMATAJ_2025-05-19_G93,DAMATAJ,2025-05-19,117830,1,4,0,293.0
DAMATAJ_2025-05-19_G94,DAMATAJ,2025-05-19,110375,1,2,0,42.0
DAMATAJ_2025-05-19_G95,DAMATAJ,2025-05-19,118299,1,26,0,161.0
DAMATAJ_2025-05-19_G96,DAMATAJ,2025-05-19,110371,1,2,0,69.0
DAMATAJ_2025-05-19_G97,DAMATAJ,2025-05-19,117808,1,6,0,101.0
DAMATAJ_2025-05-19_G98,DAMATAJ,2025-05-19,110747,1,3,0,134.0
DAMATAJ_2025-05-19_G99,DAMATAJ,2025-05-19,111850,1,2,0,55.0
DAMATAJ_2025-05-19_G100,DAMATAJ,2025-05-19,118306,1,4,0,95.0
DAMATAJ_2025-05-19_G101,DAMATAJ,2025-05-19,110112,1,2,0,65.0
DAMATAJ_2025-05-19_G102,DAMATAJ,2025-05-19,110895,1,7,0,101.0
DAMATAJ_2025-05-19_G103,DAMATAJ,2025-05-19,108772,1,2,0,98.0
DAMATAJ_2025-05-19_G104,DAMATAJ,2025-05-19,118094,1,2,0,60.0
DAMATAJ_2025-05-19_G105,DAMATAJ,2025-05-19,110580,1,2,0,57.0
DAMATAJ_2025-05-19_G106,DAMATAJ,2025-05-19,111876,1,2,0,78.0
DAMATAJ_2025-05-19_G107,DAMATAJ,2025-05-19,110339,1,6,0,1325.0
DAMATAJ_2025-05-19_G108,DAMATAJ,2025-05-19,117855,1,4,0,67.0
DAMATAJ_2025-05-19_G109,DAMATAJ,2025-05-19,117861,1,2,0,38.0
DAMATAJ_2025-05-19_G110,DAMATAJ,2025-05-19,117856,1,2,0,73.0
DAMATAJ_2025-05-19_G111,DAMATAJ,2025-05-19,110515,1,4,0,83.0
DAMATAJ_2025-05-25_G02,DAMATAJ,2025-05-25,110371,1,16,0,155.0
DAMATAJ_2025-05-25_G03,DAMATAJ,2025-05-25,117837,1,4,0,129.0
DAMATAJ_2025-05-25_G04,DAMATAJ,2025-05-25,117838,1,4,0,56.0
DAMATAJ_2025-05-25_G05,DAMATAJ,2025-05-25,117831,1,8,0,109.0
DAMATAJ_2025-05-25_G06,DAMATAJ,2025-05-25,111172,1,3,0,70.0
DAMATAJ_2025-05-25_G07,DAMATAJ,2025-05-25,117820,1,20,0,152.0
DAMATAJ_2025-05-25_G08,DAMATAJ,2025-05-25,117786,1,4,0,94.0
DAMATAJ_2025-05-25_G09,DAMATAJ,2025-05-25,108770,1,6,0,135.0
DAMATAJ_2025-05-25_G10,DAMATAJ,2025-05-25,110515,1,16,0,274.0
DAMATAJ_2025-05-25_G11,DAMATAJ,2025-05-25,118299,1,40,0,217.0
DAMATAJ_2025-05-25_G12,DAMATAJ,2025-05-25,110375,1,12,0,245.0
DAMATAJ_2025-05-25_G13,DAMATAJ,2025-05-25,117821,1,8,0,113.0
DAMATAJ_2025-05-25_G14,DAMATAJ,2025-05-25,111348,1,3,0,69.0
DAMATAJ_2025-05-25_G15,DAMATAJ,2025-05-25,140911,1,10,0,333.0
DAMATAJ_2025-05-25_G16,DAMATAJ,2025-05-25,110895,1,2,0,184.0
DAMATAJ_2025-05-25_G17,DAMATAJ,2025-05-25,108711,1,4,0,164.0
DAMATAJ_2025-05-25_G18,DAMATAJ,2025-05-25,118140,1,1,0,71.0
DAMATAJ_2025-05-25_G19,DAMATAJ,2025-05-25,111602,1,12,0,145.0
DAMATAJ_2025-05-25_G20,DAMATAJ,2025-05-25,118004,1,1,0,40.0
DAMATAJ_2025-05-25_G21,DAMATAJ,2025-05-25,110515,1,12,0,242.0
DAMATAJ_2025-05-25_G22,DAMATAJ,2025-05-25,110895,1,6,0,644.0
DAMATAJ_2025-05-25_G23,DAMATAJ,2025-05-25,109974,1,2,0,147.0
DAMATAJ_2025-05-25_G24,DAMATAJ,2025-05-25,110711,1,2,0,136.0
DAMATAJ_2025-05-25_G25,DAMATAJ,2025-05-25,110740,1,6,0,100.0
DAMATAJ_2025-05-25_G26,DAMATAJ,2025-05-25,118094,1,8,0,113.0
DAMATAJ_2025-05-25_G27,DAMATAJ,2025-05-25,111462,1,4,0,91.0
DAMATAJ_2025-05-25_G28,DAMATAJ,2025-05-25,111463,1,4,0,66.0
DAMATAJ_2025-05-25_G29,DAMATAJ,2025-05-25,110376,1,2,0,83.0
DAMATAJ_2025-05-25_G30,DAMATAJ,2025-05-25,110372,1,6,0,110.0
DAMATAJ_2025-05-25_G31,DAMATAJ,2025-05-25,109645,1,2,0,243.0
DAMATAJ_2025-05-25_G32,DAMATAJ,2025-05-25,111465,1,3,0,65.0
DAMATAJ_2025-05-25_G33,DAMATAJ,2025-05-25,110711,1,22,0,897.0
DAMATAJ_2025-05-25_G34,DAMATAJ,2025-05-25,110373,1,7,0,666.0
DAMATAJ_2025-05-25_G35,DAMATAJ,2025-05-25,108711,1,6,0,74.0
DAMATAJ_2025-05-25_G36,DAMATAJ,2025-05-25,118140,1,22,0,214.0
DAMATAJ_2025-05-25_G37,DAMATAJ,2025-05-25,110579,1,8,0,178.0
DAMATAJ_2025-05-25_G38,DAMATAJ,2025-05-25,110787,2,6,25,161.0
DAMATAJ_2025-05-25_G39,DAMATAJ,2025-05-25,108711,1,4,0,713.0
DAMATAJ_2025-05-25_G40,DAMATAJ,2025-05-25,111468,1,4,0,50.0
DAMATAJ_2025-05-25_G41,DAMATAJ,2025-05-25,117855,1,4,0,131.0
DAMATAJ_2025-05-25_G42,DAMATAJ,2025-05-25,110741,1,2,0,119.0
DAMATAJ_2025-05-25_G43,DAMATAJ,2025-05-25,117855,1,1,0,993.0
DAMATAJ_2025-05-25_G44,DAMATAJ,2025-05-25,117833,1,4,0,132.0
DAMATAJ_2025-05-25_G45,DAMATAJ,2025-05-25,141202,1,2,0,87.0
DAMATAJ_2025-05-25_G46,DAMATAJ,2025-05-25,110787,1,8,0,137.0
DAMATAJ_2025-05-25_G47,DAMATAJ,2025-05-25,110787,1,4,0,50.0
DAMATAJ_2025-05-25_G48,DAMATAJ,2025-05-25,111465,1,2,0,67.0
DAMATAJ_2025-05-25_G49,DAMATAJ,2025-05-25,110500,1,1,0,336.0
DAMATAJ_2025-05-25_G50,DAMATAJ,2025-05-25,110325,1,4,0,160.0
DAMATAJ_2025-05-25_G51,DAMATAJ,2025-05-25,111743,1,4,0,259.0
DAMATAJ_2025-05-25_G52,DAMATAJ,2025-05-25,108711,1,4,0,86.0
DAMATAJ_2025-05-25_G53,DAMATAJ,2025-05-25,140922,1,8,0,89.0
DAMATAJ_2025-05-25_G54,DAMATAJ,2025-05-25,111466,1,8,0,431.0
DAMATAJ_2025-05-25_G55,DAMATAJ,2025-05-25,111468,1,1,0,118.0
DAMATAJ_2025-05-25_G56,DAMATAJ,2025-05-25,117820,1,4,0,87.0
DAMATAJ_2025-05-25_G57,DAMATAJ,2025-05-25,111602,1,1,0,65.0
DAMATAJ_2025-05-25_G58,DAMATAJ,2025-05-25,117830,1,4,0,123.0
DAMATAJ_2025-05-25_G59,DAMATAJ,2025-05-25,118299,1,4,0,113.0
DAMATAJ_2025-05-25_G60,DAMATAJ,2025-05-25,117830,1,4,0,86.0
DAMATAJ_2025-05-25_G61,DAMATAJ,2025-05-25,141202,1,2,0,77.0
DAMATAJ_2025-05-25_G62,DAMATAJ,2025-05-25,110741,1,12,0,383.0
DAMATAJ_2025-05-25_G63,DAMATAJ,2025-05-25,111850,1,4,0,120.0
DAMATAJ_2025-05-25_G64,DAMATAJ,2025-05-25,111466,1,4,0,142.0
DAMATAJ_2025-05-25_G65,DAMATAJ,2025-05-25,118140,1,4,0,123.0
DAMATAJ_2025-05-25_G66,DAMATAJ,2025-05-25,110376,1,12,0,107.0
DAMATAJ_2025-05-25_G67,DAMATAJ,2025-05-25,118299,1,12,0,124.0
DAMATAJ_2025-05-25_G68,DAMATAJ,2025-05-25,110787,1,6,0,138.0
DAMATAJ_2025-05-26_G02,DAMATAJ,2025-05-26,109641,1,4,0,183.0
DAMATAJ_2025-05-26_G03,DAMATAJ,2025-05-26,109643,1,20,0,157.0
DAMATAJ_2025-05-26_G04,DAMATAJ,2025-05-26,105705,1,10,0,243.0
DAMATAJ_2025-05-26_G05,DAMATAJ,2025-05-26,118299,1,30,0,274.0
DAMATAJ_2025-05-26_G06,DAMATAJ,2025-05-26,118306,1,10,0,359.0
DAMATAJ_2025-05-26_G07,DAMATAJ,2025-05-26,117835,1,6,0,183.0
DAMATAJ_2025-05-26_G08,DAMATAJ,2025-05-26,118317,1,20,0,196.0
DAMATAJ_2025-05-26_G09,DAMATAJ,2025-05-26,111602,1,20,0,396.0
DAMATAJ_2025-05-26_G10,DAMATAJ,2025-05-26,111438,1,2,0,91.0
DAMATAJ_2025-05-26_G11,DAMATAJ,2025-05-26,109937,1,3,0,54.0
DAMATAJ_2025-05-26_G12,DAMATAJ,2025-05-26,111463,1,4,0,121.0
DAMATAJ_2025-05-26_G13,DAMATAJ,2025-05-26,110374,1,5,0,84.0
DAMATAJ_2025-05-26_G14,DAMATAJ,2025-05-26,111466,1,5,0,98.0
DAMATAJ_2025-05-26_G15,DAMATAJ,2025-05-26,110373,1,6,0,84.0
DAMATAJ_2025-05-26_G16,DAMATAJ,2025-05-26,118140,1,9,0,162.0
DAMATAJ_2025-05-26_G17,DAMATAJ,2025-05-26,117832,1,4,0,117.0
DAMATAJ_2025-05-26_G18,DAMATAJ,2025-05-26,117821,1,2,0,116.0
DAMATAJ_2025-05-26_G19,DAMATAJ,2025-05-26,117808,1,8,0,932.0
DAMATAJ_2025-05-26_G20,DAMATAJ,2025-05-26,111462,1,4,0,74.0
DAMATAJ_2025-05-26_G21,DAMATAJ,2025-05-26,117785,1,5,0,69.0
DAMATAJ_2025-05-26_G22,DAMATAJ,2025-05-26,111463,1,2,0,34.0
DAMATAJ_2025-05-26_G23,DAMATAJ,2025-05-26,117855,1,2,0,90.0
DAMATAJ_2025-05-26_G24,DAMATAJ,2025-05-26,111466,1,2,0,72.0
DAMATAJ_2025-05-26_G25,DAMATAJ,2025-05-26,117820,1,12,0,116.0
DAMATAJ_2025-05-26_G26,DAMATAJ,2025-05-26,117835,1,2,0,75.0
DAMATAJ_2025-05-26_G27,DAMATAJ,2025-05-26,"110372, 117832",2,4,30,49.0
DAMATAJ_2025-05-26_G28,DAMATAJ,2025-05-26,111742,1,2,0,962.0
DAMATAJ_2025-05-26_G29,DAMATAJ,2025-05-26,111724,1,16,0,523.0
DAMATAJ_2025-05-26_G30,DAMATAJ,2025-05-26,111724,1,3,0,365.0
DAMATAJ_2025-05-26_G31,DAMATAJ,2025-05-26,111762,1,1,0,79.0
DAMATAJ_2025-05-26_G32,DAMATAJ,2025-05-26,111742,1,1,0,618.0
DAMATAJ_2025-05-26_G33,DAMATAJ,2025-05-26,111754,1,3,0,237.0
DAMATAJ_2025-05-26_G34,DAMATAJ,2025-05-26,111751,1,3,0,605.0
DAMATAJ_2025-05-26_G35,DAMATAJ,2025-05-26,111757,1,2,0,49.0
DAMATAJ_2025-05-26_G36,DAMATAJ,2025-05-26,141202,1,4,0,576.0
DAMATAJ_2025-05-26_G37,DAMATAJ,2025-05-26,105705,1,10,0,171.0
DAMATAJ_2025-05-26_G38,DAMATAJ,2025-05-26,109643,1,16,0,363.0
DAMATAJ_2025-05-26_G39,DAMATAJ,2025-05-26,109641,1,10,0,181.0
DAMATAJ_2025-05-26_G40,DAMATAJ,2025-05-26,118222,1,4,0,93.0
DAMATAJ_2025-05-26_G41,DAMATAJ,2025-05-26,141202,1,4,0,90.0
DAMATAJ_2025-05-26_G42,DAMATAJ,2025-05-26,141202,1,4,0,96.0
DAMATAJ_2025-05-26_G43,DAMATAJ,2025-05-26,110787,1,3,0,166.0
DAMATAJ_2025-05-26_G44,DAMATAJ,2025-05-26,110711,1,5,0,262.0
DAMATAJ_2025-05-26_G45,DAMATAJ,2025-05-26,110339,1,10,0,108.0
DAMATAJ_2025-05-26_G46,DAMATAJ,2025-05-26,111439,1,5,0,162.0
DAMATAJ_2025-05-26_G47,DAMATAJ,2025-05-26,110747,1,4,0,146.0
DAMATAJ_2025-05-26_G48,DAMATAJ,2025-05-26,110746,1,4,0,127.0
DAMATAJ_2025-05-26_G49,DAMATAJ,2025-05-26,110755,1,6,0,412.0
DAMATAJ_2025-05-26_G50,DAMATAJ,2025-05-26,110372,1,8,0,70.0
DAMATAJ_2025-05-26_G51,DAMATAJ,2025-05-26,117832,1,12,0,68.0
DAMATAJ_2025-05-26_G52,DAMATAJ,2025-05-26,111433,1,5,0,193.0
DAMATAJ_2025-05-26_G53,DAMATAJ,2025-05-26,111418,1,10,0,110.0
DAMATAJ_2025-05-26_G54,DAMATAJ,2025-05-26,111418,1,18,0,1271.0
DAMATAJ_2025-05-26_G56,DAMATAJ,2025-05-26,111530,1,657,0,517.0
DAMATAJ_2025-05-26_G57,DAMATAJ,2025-05-26,110749,1,1,0,1660.0
DAMATAJ_2025-05-26_G58,DAMATAJ,2025-05-26,110749,1,2,0,130.0
DAMATAJ_2025-05-26_G59,DAMATAJ,2025-05-26,110756,1,2,0,334.0
DAMATAJ_2025-05-26_G60,DAMATAJ,2025-05-26,111463,1,40,0,184.0
DAMATAJ_2025-05-26_G61,DAMATAJ,2025-05-26,109641,1,10,0,371.0
DAMATAJ_2025-05-26_G62,DAMATAJ,2025-05-26,110325,1,20,0,366.0
DAMATAJ_2025-05-26_G63,DAMATAJ,2025-05-26,160054,1,6,0,65.0
DAMATAJ_2025-05-26_G64,DAMATAJ,2025-05-26,110374,1,20,0,216.0
DAMATAJ_2025-05-26_G65,DAMATAJ,2025-05-26,111172,1,20,0,941.0
DAMATAJ_2025-05-26_G66,DAMATAJ,2025-05-26,111431,1,10,0,116.0
DAMATAJ_2025-05-26_G67,DAMATAJ,2025-05-26,160055,1,4,0,235.0
DAMATAJ_2025-05-26_G68,DAMATAJ,2025-05-26,110332,1,1,0,114.0
DAMATAJ_2025-05-26_G69,DAMATAJ,2025-05-26,117787,1,10,0,146.0
DAMATAJ_2025-05-26_G70,DAMATAJ,2025-05-26,117821,1,40,0,838.0
DAMATAJ_2025-05-26_G71,DAMATAJ,2025-05-26,160051,1,2,0,164.0
DAMATAJ_2025-05-26_G72,DAMATAJ,2025-05-26,118004,1,30,0,502.0
DAMATAJ_2025-05-26_G73,DAMATAJ,2025-05-26,117935,1,30,0,107.0
DAMATAJ_2025-05-26_G74,DAMATAJ,2025-05-26,117788,1,4,0,177.0
DAMATAJ_2025-05-26_G75,DAMATAJ,2025-05-26,107629,1,20,0,181.0
DAMATAJ_2025-05-26_G76,DAMATAJ,2025-05-26,111876,1,12,0,234.0
DAMATAJ_2025-05-26_G77,DAMATAJ,2025-05-26,118298,1,5,0,164.0
DAMATAJ_2025-05-26_G78,DAMATAJ,2025-05-26,118403,1,4,0,87.0
DAMATAJ_2025-05-26_G79,DAMATAJ,2025-05-26,110741,1,26,0,354.0
DAMATAJ_2025-05-27_G02,DAMATAJ,2025-05-27,117935,1,20,0,120.0
DAMATAJ_2025-05-27_G03,DAMATAJ,2025-05-27,110582,1,4,0,536.0
DAMATAJ_2025-05-27_G04,DAMATAJ,2025-05-27,110747,1,4,0,49.0
DAMATAJ_2025-05-27_G05,DAMATAJ,2025-05-27,118306,1,3,0,97.0
DAMATAJ_2025-05-27_G06,DAMATAJ,2025-05-27,111441,1,8,0,136.0
DAMATAJ_2025-05-27_G07,DAMATAJ,2025-05-27,114097,1,2,0,89.0
DAMATAJ_2025-05-27_G08,DAMATAJ,2025-05-27,105359,1,2,0,61.0
DAMATAJ_2025-05-27_G09,DAMATAJ,2025-05-27,109937,1,6,0,107.0
DAMATAJ_2025-05-27_G10,DAMATAJ,2025-05-27,110310,1,2,0,72.0
DAMATAJ_2025-05-27_G11,DAMATAJ,2025-05-27,108770,1,15,0,397.0
DAMATAJ_2025-05-27_G12,DAMATAJ,2025-05-27,118298,1,5,0,681.0
DAMATAJ_2025-06-01_G02,DAMATAJ,2025-06-01,111743,1,750,0,745.0
DAMATAJ_2025-06-01_G03,DAMATAJ,2025-06-01,111743,1,830,0,1098.0
DAMATAJ_2025-06-10_G02,DAMATAJ,2025-06-10,122647,1,200,0,3408.0
DAMATAJ_2025-06-10_G04,DAMATAJ,2025-06-10,124475,1,6,0,89.0
DAMATAJ_2025-06-10_G05,DAMATAJ,2025-06-10,124475,1,4,0,195.0
DAMATAJ_2025-06-10_G06,DAMATAJ,2025-06-10,123344,1,10,0,274.0
DAMATAJ_2025-06-10_G07,DAMATAJ,2025-06-10,120028,1,20,0,577.0
DAMATAJ_2025-06-10_G08,DAMATAJ,2025-06-10,121651,1,3,0,122.0
DAMATAJ_2025-06-10_G09,DAMATAJ,2025-06-10,123313,1,2,0,116.0
DAMATAJ_2025-06-10_G10,DAMATAJ,2025-06-10,124371,1,4,0,198.0
DAMATAJ_2025-06-10_G11,DAMATAJ,2025-06-10,124475,1,2,0,54.0
DAMATAJ_2025-06-10_G12,DAMATAJ,2025-06-10,122673,1,6,0,248.0
DAMATAJ_2025-06-10_G13,DAMATAJ,2025-06-10,124370,1,11,0,446.0
DAMATAJ_2025-06-10_G14,DAMATAJ,2025-06-10,122185,1,12,0,161.0
DAMATAJ_2025-06-10_G15,DAMATAJ,2025-06-10,123909,1,1,0,77.0
DAMATAJ_2025-06-10_G16,DAMATAJ,2025-06-10,124475,1,2,0,138.0
DAMATAJ_2025-06-10_G17,DAMATAJ,2025-06-10,122985,1,4,0,322.0
DAMATAJ_2025-06-10_G18,DAMATAJ,2025-06-10,124371,1,3,0,167.0
DAMATAJ_2025-06-10_G19,DAMATAJ,2025-06-10,123521,1,4,0,68.0
DAMATAJ_2025-06-10_G20,DAMATAJ,2025-06-10,122962,1,40,0,527.0
DAMATAJ_2025-06-10_G21,DAMATAJ,2025-06-10,181235,1,4,0,435.0
DAMATAJ_2025-06-10_G22,DAMATAJ,2025-06-10,114647,1,4,0,736.0
DAMATAJ_2025-06-10_G23,DAMATAJ,2025-06-10,122647,1,8,0,435.0
DAMATAJ_2025-06-10_G24,DAMATAJ,2025-06-10,122962,1,12,0,456.0
DAMATAJ_2025-06-10_G25,DAMATAJ,2025-06-10,122673,1,9,0,163.0
DAMATAJ_2025-06-10_G26,DAMATAJ,2025-06-10,124486,1,8,0,238.0
DAMATAJ_2025-06-10_G27,DAMATAJ,2025-06-10,122962,1,30,0,420.0
DAMATAJ_2025-06-10_G28,DAMATAJ,2025-06-10,122671,1,4,0,153.0
DAMATAJ_2025-06-10_G29,DAMATAJ,2025-06-10,124486,1,12,0,204.0
DAMATAJ_2025-06-10_G30,DAMATAJ,2025-06-10,123909,1,6,0,135.0
DAMATAJ_2025-06-10_G31,DAMATAJ,2025-06-10,123153,1,50,0,569.0
DAMATAJ_2025-06-10_G32,DAMATAJ,2025-06-10,180023,1,20,0,2795.0
DAMATAJ_2025-06-11_G03,DAMATAJ,2025-06-11,122982,1,30,0,433.0
DAMATAJ_2025-06-11_G04,DAMATAJ,2025-06-11,123153,1,20,0,299.0
DAMATAJ_2025-06-11_G05,DAMATAJ,2025-06-11,122988,1,16,0,237.0
DAMATAJ_2025-06-11_G06,DAMATAJ,2025-06-11,122984,1,30,0,514.0
DAMATAJ_2025-06-11_G07,DAMATAJ,2025-06-11,120271,1,2,0,510.0
DAMATAJ_2025-06-11_G08,DAMATAJ,2025-06-11,123080,1,104,0,86.0
DAMATAJ_2025-06-11_G09,DAMATAJ,2025-06-11,123080,1,25,0,289.0
DAMATAJ_2025-06-11_G10,DAMATAJ,2025-06-11,124248,1,20,0,221.0
DAMATAJ_2025-06-11_G11,DAMATAJ,2025-06-11,181235,1,4,0,545.0
DAMATAJ_2025-06-11_G12,DAMATAJ,2025-06-11,122673,1,10,0,245.0
DAMATAJ_2025-06-11_G13,DAMATAJ,2025-06-11,122671,1,4,0,196.0
DAMATAJ_2025-06-11_G14,DAMATAJ,2025-06-11,122647,1,4,0,118.0
DAMATAJ_2025-06-11_G15,DAMATAJ,2025-06-11,122673,1,12,0,182.0
DAMATAJ_2025-06-11_G16,DAMATAJ,2025-06-11,123343,1,4,0,110.0
DAMATAJ_2025-06-11_G17,DAMATAJ,2025-06-11,123345,1,6,0,260.0
DAMATAJ_2025-06-11_G18,DAMATAJ,2025-06-11,124370,1,4,0,332.0
DAMATAJ_2025-06-11_G19,DAMATAJ,2025-06-11,124371,1,2,0,153.0
DAMATAJ_2025-06-11_G20,DAMATAJ,2025-06-11,124371,1,6,0,102.0
DAMATAJ_2025-06-11_G21,DAMATAJ,2025-06-11,122647,1,6,0,181.0
DAMATAJ_2025-06-11_G22,DAMATAJ,2025-06-11,122673,1,70,0,1053.0
DAMATAJ_2025-06-11_G23,DAMATAJ,2025-06-11,122988,1,10,0,43.0
DAMATAJ_2025-06-11_G24,DAMATAJ,2025-06-11,124486,1,15,0,372.0
DAMATAJ_2025-06-11_G25,DAMATAJ,2025-06-11,180083,1,1,0,1603.0
DAMATAJ_2025-06-11_G26,DAMATAJ,2025-06-11,123909,1,3,0,167.0
DAMATAJ_2025-06-11_G27,DAMATAJ,2025-06-11,123344,1,7,0,81.0
DAMATAJ_2025-06-11_G28,DAMATAJ,2025-06-11,122985,1,4,0,151.0
DAMATAJ_2025-06-11_G29,DAMATAJ,2025-06-11,123562,1,3,0,368.0
DAMATAJ_2025-06-11_G30,DAMATAJ,2025-06-11,123153,1,2,0,109.0
DAMATAJ_2025-06-11_G31,DAMATAJ,2025-06-11,122983,1,10,0,164.0
DAMATAJ_2025-06-11_G32,DAMATAJ,2025-06-11,122703,1,8,0,167.0
DAMATAJ_2025-06-11_G33,DAMATAJ,2025-06-11,124371,1,1,0,127.0
DAMATAJ_2025-06-11_G34,DAMATAJ,2025-06-11,124475,1,12,0,320.0
DAMATAJ_2025-06-11_G35,DAMATAJ,2025-06-11,123344,1,6,0,246.0
DAMATAJ_2025-06-12_G02,DAMATAJ,2025-06-12,121651,1,2,0,84.0
DAMATAJ_2025-06-12_G03,DAMATAJ,2025-06-12,121760,1,3,0,97.0
DAMATAJ_2025-06-12_G04,DAMATAJ,2025-06-12,124476,1,5,0,172.0
DAMATAJ_2025-06-12_G05,DAMATAJ,2025-06-12,124247,1,2,0,150.0
DAMATAJ_2025-06-12_G06,DAMATAJ,2025-06-12,123130,1,2,0,70.0
DAMATAJ_2025-06-12_G07,DAMATAJ,2025-06-12,123343,1,4,0,175.0
DAMATAJ_2025-06-12_G08,DAMATAJ,2025-06-12,123345,1,7,0,106.0
DAMATAJ_2025-06-12_G09,DAMATAJ,2025-06-12,123345,1,11,0,175.0
DAMATAJ_2025-06-12_G11,DAMATAJ,2025-06-12,180094,2,2,21,262.0
DAMATAJ_2025-06-12_G12,DAMATAJ,2025-06-12,124548,1,20,0,417.0
DAMATAJ_2025-06-12_G13,DAMATAJ,2025-06-12,120339,1,1,0,213.0
DAMATAJ_2025-06-12_G14,DAMATAJ,2025-06-12,181235,1,24,0,1157.0
DAMATAJ_2025-06-12_G15,DAMATAJ,2025-06-12,181057,1,24,0,314.0
DAMATAJ_2025-06-12_G16,DAMATAJ,2025-06-12,122962,1,10,0,95.0
DAMATAJ_2025-06-12_G17,DAMATAJ,2025-06-12,124486,1,40,0,539.0
DAMATAJ_2025-06-12_G18,DAMATAJ,2025-06-12,120028,1,40,0,598.0
DAMATAJ_2025-06-12_G19,DAMATAJ,2025-06-12,122962,1,24,0,352.0
DAMATAJ_2025-06-12_G20,DAMATAJ,2025-06-12,122647,1,10,0,269.0
DAMATAJ_2025-06-12_G22,DAMATAJ,2025-06-12,122983,1,80,0,1238.0
DAMATAJ_2025-06-12_G23,DAMATAJ,2025-06-12,122981,1,32,0,438.0
DAMATAJ_2025-06-13_G02,DAMATAJ,2025-06-13,123521,1,60,0,928.0
DAMATAJ_2025-06-13_G03,DAMATAJ,2025-06-13,124248,1,30,0,413.0
DAMATAJ_2025-06-13_G04,DAMATAJ,2025-06-13,121651,1,40,0,308.0
DAMATAJ_2025-06-13_G05,DAMATAJ,2025-06-13,121651,1,40,0,298.0
DAMATAJ_2025-06-13_G06,DAMATAJ,2025-06-13,122962,1,30,0,453.0
DAMATAJ_2025-06-13_G07,DAMATAJ,2025-06-13,124371,1,8,0,94.0
DAMATAJ_2025-06-13_G08,DAMATAJ,2025-06-13,123345,1,10,0,113.0
DAMATAJ_2025-06-13_G10,DAMATAJ,2025-06-13,122962,1,32,0,488.0
DAMATAJ_2025-06-13_G11,DAMATAJ,2025-06-13,124486,1,16,0,421.0
DAMATAJ_2025-06-13_G12,DAMATAJ,2025-06-13,122962,1,38,0,423.0
DAMATAJ_2025-06-13_G13,DAMATAJ,2025-06-13,122647,1,4,0,113.0
DAMATAJ_2025-06-13_G14,DAMATAJ,2025-06-13,122647,1,8,0,52.0
DAMATAJ_2025-06-13_G15,DAMATAJ,2025-06-13,122673,1,14,0,289.0
DAMATAJ_2025-06-13_G16,DAMATAJ,2025-06-13,122984,1,16,0,391.0
DAMATAJ_2025-06-13_G17,DAMATAJ,2025-06-13,122673,1,20,0,190.0
DAMATAJ_2025-06-13_G18,DAMATAJ,2025-06-13,122647,1,12,0,238.0
DAMATAJ_2025-06-13_G19,DAMATAJ,2025-06-13,124433,1,8,0,645.0
DAMATAJ_2025-06-13_G20,DAMATAJ,2025-06-13,123153,1,12,0,212.0
DAMATAJ_2025-06-13_G21,DAMATAJ,2025-06-13,123345,1,12,0,309.0
DAMATAJ_2025-06-13_G22,DAMATAJ,2025-06-13,124486,1,20,0,124.0
DAMATAJ_2025-06-13_G23,DAMATAJ,2025-06-13,123343,1,4,0,656.0
DAMATAJ_2025-06-14_G02,DAMATAJ,2025-06-14,123153,1,1,0,219.0
DAMATAJ_2025-06-14_G03,DAMATAJ,2025-06-14,124624,1,4,0,549.0
DAMATAJ_2025-06-14_G04,DAMATAJ,2025-06-14,122962,1,40,0,1068.0
DAMATAJ_2025-06-14_G05,DAMATAJ,2025-06-14,123345,1,40,0,325.0
DAMATAJ_2025-06-14_G06,DAMATAJ,2025-06-14,122962,1,40,0,534.0
DAMATAJ_2025-06-14_G07,DAMATAJ,2025-06-14,124370,1,100,0,2646.0
DAMATAJ_2025-06-14_G08,DAMATAJ,2025-06-14,122185,1,15,0,195.0
DAMATAJ_2025-06-14_G09,DAMATAJ,2025-06-14,124371,1,44,0,847.0
DAMATAJ_2025-06-14_G10,DAMATAJ,2025-06-14,122962,1,140,0,2692.0
DAMATAJ_2025-06-14_G11,DAMATAJ,2025-06-14,124486,1,40,0,419.0
DAMATAJ_2025-06-14_G12,DAMATAJ,2025-06-14,121760,1,4,0,83.0
DAMATAJ_2025-06-14_G13,DAMATAJ,2025-06-14,123345,1,8,0,127.0
DAMATAJ_2025-06-14_G14,DAMATAJ,2025-06-14,122962,1,1,0,68.0
DAMATAJ_2025-06-14_G15,DAMATAJ,2025-06-14,122983,1,1,0,54.0
DAMATAJ_2025-06-14_G16,DAMATAJ,2025-06-14,124370,1,3,0,72.0
DAMATAJ_2025-06-14_G17,DAMATAJ,2025-06-14,122986,1,4,0,113.0
DAMATAJ_2025-06-14_G18,DAMATAJ,2025-06-14,121651,1,2,0,73.0
DAMATAJ_2025-06-14_G19,DAMATAJ,2025-06-14,123344,1,3,0,142.0
DAMATAJ_2025-06-14_G20,DAMATAJ,2025-06-14,123345,1,20,0,228.0
DAMATAJ_2025-06-14_G21,DAMATAJ,2025-06-14,122983,1,8,0,442.0
DAMATAJ_2025-06-14_G22,DAMATAJ,2025-06-14,124248,1,8,0,230.0
DAMATAJ_2025-06-14_G23,DAMATAJ,2025-06-14,124247,1,8,0,163.0
DAMATAJ_2025-06-14_G24,DAMATAJ,2025-06-14,123345,1,5,0,132.0
DAMATAJ_2025-06-14_G25,DAMATAJ,2025-06-14,123345,1,4,0,210.0
DAMATAJ_2025-06-14_G26,DAMATAJ,2025-06-14,181056,1,4,0,206.0
DAMATAJ_2025-06-14_G27,DAMATAJ,2025-06-14,124370,1,8,0,158.0
DAMATAJ_2025-06-14_G28,DAMATAJ,2025-06-14,124371,1,6,0,122.0
DAMATAJ_2025-06-14_G29,DAMATAJ,2025-06-14,121651,1,10,0,134.0
DAMATAJ_2025-06-14_G30,DAMATAJ,2025-06-14,121760,1,4,0,209.0
DAMATAJ_2025-06-14_G31,DAMATAJ,2025-06-14,122196,1,8,0,161.0
DAMATAJ_2025-06-14_G32,DAMATAJ,2025-06-14,123344,1,10,0,198.0
DAMATAJ_2025-06-14_G33,DAMATAJ,2025-06-14,124247,1,4,0,200.0
DAMATAJ_2025-06-14_G34,DAMATAJ,2025-06-14,181057,1,110,0,2364.0
DAMATAJ_2025-06-17_G02,DAMATAJ,2025-06-17,124370,1,16,0,710.0
DAMATAJ_2025-06-17_G03,DAMATAJ,2025-06-17,124486,1,9,0,188.0
DAMATAJ_2025-06-17_G04,DAMATAJ,2025-06-17,122962,1,20,0,304.0
DAMATAJ_2025-06-17_G05,DAMATAJ,2025-06-17,122703,1,8,0,112.0
DAMATAJ_2025-06-17_G06,DAMATAJ,2025-06-17,123909,1,2,0,127.0
DAMATAJ_2025-06-17_G07,DAMATAJ,2025-06-17,124371,1,12,0,151.0
DAMATAJ_2025-06-17_G08,DAMATAJ,2025-06-17,124475,1,10,0,287.0
DAMATAJ_2025-06-17_G09,DAMATAJ,2025-06-17,123344,1,9,0,170.0
DAMATAJ_2025-06-17_G10,DAMATAJ,2025-06-17,124247,1,3,0,368.0
DAMATAJ_2025-06-17_G11,DAMATAJ,2025-06-17,124370,1,6,0,170.0
DAMATAJ_2025-06-17_G12,DAMATAJ,2025-06-17,124486,1,4,0,134.0
DAMATAJ_2025-06-17_G13,DAMATAJ,2025-06-17,122962,1,4,0,82.0
DAMATAJ_2025-06-17_G14,DAMATAJ,2025-06-17,122703,1,2,0,87.0
DAMATAJ_2025-06-17_G15,DAMATAJ,2025-06-17,124371,1,4,0,80.0
DAMATAJ_2025-06-17_G16,DAMATAJ,2025-06-17,124475,1,4,0,116.0
DAMATAJ_2025-06-17_G17,DAMATAJ,2025-06-17,123344,1,8,0,141.0
DAMATAJ_2025-06-17_G18,DAMATAJ,2025-06-17,123311,1,19,0,712.0
DAMATAJ_2025-06-17_G19,DAMATAJ,2025-06-17,123889,1,2,0,416.0
DAMATAJ_2025-06-17_G20,DAMATAJ,2025-06-17,120321,1,20,0,914.0
DAMATAJ_2025-06-17_G21,DAMATAJ,2025-06-17,122962,1,50,0,1473.0
DAMATAJ_2025-06-17_G22,DAMATAJ,2025-06-17,124477,1,4,0,208.0
DAMATAJ_2025-06-17_G23,DAMATAJ,2025-06-17,122962,1,4,0,153.0
DAMATAJ_2025-06-17_G24,DAMATAJ,2025-06-17,124486,1,6,0,132.0
DAMATAJ_2025-06-17_G25,DAMATAJ,2025-06-17,122962,1,8,0,105.0
DAMATAJ_2025-06-17_G26,DAMATAJ,2025-06-17,120389,1,10,0,114.0
DAMATAJ_2025-06-17_G27,DAMATAJ,2025-06-17,122983,1,20,0,241.0
DAMATAJ_2025-06-17_G28,DAMATAJ,2025-06-17,123822,1,38,0,695.0
DAMATAJ_2025-06-17_G29,DAMATAJ,2025-06-17,124477,1,2,0,190.0
DAMATAJ_2025-06-17_G30,DAMATAJ,2025-06-17,124248,1,16,0,341.0
DAMATAJ_2025-06-17_G31,DAMATAJ,2025-06-17,122962,1,20,0,202.0
DAMATAJ_2025-06-18_G03,DAMATAJ,2025-06-18,122671,1,11,0,150.0
DAMATAJ_2025-06-18_G04,DAMATAJ,2025-06-18,124264,1,2,0,229.0
DAMATAJ_2025-06-18_G05,DAMATAJ,2025-06-18,124370,1,16,0,427.0
DAMATAJ_2025-06-18_G06,DAMATAJ,2025-06-18,123909,1,10,0,167.0
DAMATAJ_2025-06-18_G07,DAMATAJ,2025-06-18,124371,1,6,0,51.0
DAMATAJ_2025-06-18_G08,DAMATAJ,2025-06-18,122703,1,4,0,159.0
DAMATAJ_2025-06-18_G09,DAMATAJ,2025-06-18,122984,1,7,0,202.0
DAMATAJ_2025-06-18_G10,DAMATAJ,2025-06-18,122984,1,17,0,203.0
DAMATAJ_2025-06-18_G11,DAMATAJ,2025-06-18,122984,1,10,0,157.0
DAMATAJ_2025-06-18_G12,DAMATAJ,2025-06-18,124248,1,7,0,165.0
DAMATAJ_2025-06-18_G13,DAMATAJ,2025-06-18,122962,1,40,0,508.0
DAMATAJ_2025-06-18_G14,DAMATAJ,2025-06-18,122962,1,60,0,1125.0
DAMATAJ_2025-06-18_G15,DAMATAJ,2025-06-18,124370,1,10,0,344.0
DAMATAJ_2025-06-18_G17,DAMATAJ,2025-06-18,123153,1,145,0,3438.0
DAMATAJ_2025-06-18_G18,DAMATAJ,2025-06-18,124371,1,150,0,2573.0
DAMATAJ_2025-06-18_G19,DAMATAJ,2025-06-18,123344,1,48,0,180.0
DAMATAJ_2025-06-18_G20,DAMATAJ,2025-06-18,123521,1,5,0,729.0
DAMATAJ_2025-06-18_G21,DAMATAJ,2025-06-18,123521,1,7,0,301.0
DAMATAJ_2025-06-18_G22,DAMATAJ,2025-06-18,122185,1,10,0,220.0
DAMATAJ_2025-06-18_G23,DAMATAJ,2025-06-18,122673,1,30,0,723.0
DAMATAJ_2025-06-19_G02,DAMATAJ,2025-06-19,122647,1,13,0,271.0
DAMATAJ_2025-06-19_G03,DAMATAJ,2025-06-19,122647,1,8,0,41.0
DAMATAJ_2025-06-19_G04,DAMATAJ,2025-06-19,121304,1,12,0,1868.0
DAMATAJ_2025-06-19_G05,DAMATAJ,2025-06-19,123345,1,119,0,774.0
DAMATAJ_2025-06-19_G06,DAMATAJ,2025-06-19,123153,1,130,0,2459.0
DAMATAJ_2025-06-19_G07,DAMATAJ,2025-06-19,121651,1,149,0,3365.0
DAMATAJ_2025-06-19_G08,DAMATAJ,2025-06-19,181057,1,62,0,3392.0
DAMATAJ_2025-06-19_G09,DAMATAJ,2025-06-19,181057,1,28,0,576.0
DAMATAJ_2025-06-19_G10,DAMATAJ,2025-06-19,124594,1,8,0,470.0
DAMATAJ_2025-06-19_G11,DAMATAJ,2025-06-19,122982,1,50,0,600.0
DAMATAJ_2025-06-19_G12,DAMATAJ,2025-06-19,122983,1,1,0,81.0
DAMATAJ_2025-06-19_G13,DAMATAJ,2025-06-19,124475,1,8,0,171.0
DAMATAJ_2025-06-19_G14,DAMATAJ,2025-06-19,124248,1,8,0,131.0
DAMATAJ_2025-06-19_G15,DAMATAJ,2025-06-19,123344,1,2,0,81.0
DAMATAJ_2025-06-19_G16,DAMATAJ,2025-06-19,124247,1,10,0,146.0
DAMATAJ_2025-06-19_G18,DAMATAJ,2025-06-19,123889,1,6,0,284.0
DAMATAJ_2025-06-19_G19,DAMATAJ,2025-06-19,122671,1,4,0,225.0
DAMATAJ_2025-06-19_G20,DAMATAJ,2025-06-19,124370,1,4,0,118.0
DAMATAJ_2025-06-19_G21,DAMATAJ,2025-06-19,121760,1,4,0,103.0
DAMATAJ_2025-06-19_G22,DAMATAJ,2025-06-19,122703,1,4,0,153.0
DAMATAJ_2025-06-19_G23,DAMATAJ,2025-06-19,120028,1,2,0,272.0
DAMATAJ_2025-06-19_G24,DAMATAJ,2025-06-19,124371,1,4,0,127.0
DAMATAJ_2025-06-19_G25,DAMATAJ,2025-06-19,124475,1,6,0,125.0
DAMATAJ_2025-06-19_G26,DAMATAJ,2025-06-19,124248,1,4,0,123.0
DAMATAJ_2025-06-19_G27,DAMATAJ,2025-06-19,123344,1,6,0,195.0
DAMATAJ_2025-06-19_G28,DAMATAJ,2025-06-19,123345,1,4,0,1522.0
DAMATAJ_2025-06-19_G29,DAMATAJ,2025-06-19,121760,1,5,0,295.0
DAMATAJ_2025-06-19_G30,DAMATAJ,2025-06-19,124370,1,6,0,197.0
DAMATAJ_2025-06-19_G31,DAMATAJ,2025-06-19,124486,1,6,0,164.0
DAMATAJ_2025-06-19_G32,DAMATAJ,2025-06-19,122962,1,8,0,215.0
DAMATAJ_2025-06-19_G33,DAMATAJ,2025-06-19,122984,1,8,0,163.0
DAMATAJ_2025-06-19_G34,DAMATAJ,2025-06-19,124248,1,4,0,192.0
DAMATAJ_2025-06-19_G35,DAMATAJ,2025-06-19,123344,1,4,0,195.0
DAMATAJ_2025-06-19_G36,DAMATAJ,2025-06-19,123345,1,4,0,78.0
DAMATAJ_2025-06-19_G37,DAMATAJ,2025-06-19,122983,1,10,0,437.0
DAMATAJ_2025-06-19_G38,DAMATAJ,2025-06-19,124370,1,4,0,424.0
DAMATAJ_2025-06-19_G39,DAMATAJ,2025-06-19,124486,1,8,0,171.0
DAMATAJ_2025-06-19_G40,DAMATAJ,2025-06-19,122982,1,4,0,157.0
DAMATAJ_2025-06-19_G41,DAMATAJ,2025-06-19,123909,1,3,0,58.0
DAMATAJ_2025-06-19_G42,DAMATAJ,2025-06-19,122984,1,3,0,114.0
DAMATAJ_2025-06-19_G43,DAMATAJ,2025-06-19,124248,1,2,0,91.0
DAMATAJ_2025-06-19_G44,DAMATAJ,2025-06-19,124248,1,2,0,63.0
DAMATAJ_2025-06-19_G45,DAMATAJ,2025-06-19,123345,1,4,0,287.0
DAMATAJ_2025-06-19_G46,DAMATAJ,2025-06-19,122196,1,2,0,296.0
DAMATAJ_2025-06-19_G47,DAMATAJ,2025-06-19,120272,1,8,0,168.0
DAMATAJ_2025-06-19_G48,DAMATAJ,2025-06-19,122189,1,4,0,129.0
DAMATAJ_2025-06-19_G49,DAMATAJ,2025-06-19,122196,1,8,0,191.0
DAMATAJ_2025-06-19_G50,DAMATAJ,2025-06-19,122981,1,1,0,55.0
DAMATAJ_2025-06-19_G51,DAMATAJ,2025-06-19,124370,1,11,0,227.0
DAMATAJ_2025-06-19_G52,DAMATAJ,2025-06-19,124475,1,10,0,411.0
DAMATAJ_2025-06-19_G53,DAMATAJ,2025-06-19,122982,1,16,0,285.0
DAMATAJ_2025-06-19_G54,DAMATAJ,2025-06-19,120272,1,6,0,163.0
DAMATAJ_2025-06-19_G55,DAMATAJ,2025-06-19,124548,1,8,0,272.0
DAMATAJ_2025-06-19_G56,DAMATAJ,2025-06-19,122673,1,2,0,196.0
DAMATAJ_2025-06-20_G02,DAMATAJ,2025-06-20,124486,1,17,0,487.0
DAMATAJ_2025-06-20_G03,DAMATAJ,2025-06-20,123889,1,6,0,257.0
DAMATAJ_2025-06-20_G04,DAMATAJ,2025-06-20,122185,1,12,0,310.0
DAMATAJ_2025-06-20_G05,DAMATAJ,2025-06-20,122673,1,24,0,473.0
DAMATAJ_2025-06-20_G06,DAMATAJ,2025-06-20,122983,1,16,0,292.0
DAMATAJ_2025-06-20_G07,DAMATAJ,2025-06-20,123889,1,10,0,262.0
DAMATAJ_2025-06-20_G09,DAMATAJ,2025-06-20,122962,1,40,0,359.0
DAMATAJ_2025-06-20_G10,DAMATAJ,2025-06-20,122983,1,9,0,151.0
DAMATAJ_2025-06-20_G11,DAMATAJ,2025-06-20,122984,1,8,0,98.0
DAMATAJ_2025-06-20_G12,DAMATAJ,2025-06-20,122196,1,16,0,241.0
DAMATAJ_2025-06-20_G13,DAMATAJ,2025-06-20,124247,1,5,0,151.0
DAMATAJ_2025-06-20_G14,DAMATAJ,2025-06-20,123153,1,4,0,1021.0
DAMATAJ_2025-06-20_G15,DAMATAJ,2025-06-20,123153,1,2,0,153.0
DAMATAJ_2025-06-20_G16,DAMATAJ,2025-06-20,123343,1,2,0,130.0
DAMATAJ_2025-06-20_G17,DAMATAJ,2025-06-20,124370,1,4,0,175.0
DAMATAJ_2025-06-20_G18,DAMATAJ,2025-06-20,122983,1,4,0,148.0
DAMATAJ_2025-06-20_G19,DAMATAJ,2025-06-20,122185,1,40,0,568.0
DAMATAJ_2025-06-20_G20,DAMATAJ,2025-06-20,124248,1,8,0,158.0
DAMATAJ_2025-06-20_G21,DAMATAJ,2025-06-20,122962,1,12,0,279.0
DAMATAJ_2025-06-20_G22,DAMATAJ,2025-06-20,120028,1,50,0,788.0
DAMATAJ_2025-06-20_G23,DAMATAJ,2025-06-20,122962,1,40,0,525.0
DAMATAJ_2025-06-20_G24,DAMATAJ,2025-06-20,"122671, 122962",2,8,21,89.0
DAMATAJ_2025-06-20_G25,DAMATAJ,2025-06-20,"122673, 123343",2,20,21,50.0
DAMATAJ_2025-06-20_G27,DAMATAJ,2025-06-20,122671,1,4,0,98.0
DAMATAJ_2025-06-20_G28,DAMATAJ,2025-06-20,122962,1,4,0,115.0
DAMATAJ_2025-06-20_G29,DAMATAJ,2025-06-20,124486,1,12,0,576.0
DAMATAJ_2025-06-20_G30,DAMATAJ,2025-06-20,123909,1,6,0,131.0
DAMATAJ_2025-06-20_G31,DAMATAJ,2025-06-20,124370,1,3,0,181.0
DAMATAJ_2025-06-20_G32,DAMATAJ,2025-06-20,122647,1,2,0,78.0
DAMATAJ_2025-06-20_G33,DAMATAJ,2025-06-20,124475,1,4,0,104.0
DAMATAJ_2025-06-20_G34,DAMATAJ,2025-06-20,123345,1,4,0,206.0
DAMATAJ_2025-06-20_G35,DAMATAJ,2025-06-20,123343,1,8,0,224.0
DAMATAJ_2025-06-20_G36,DAMATAJ,2025-06-20,122962,1,10,0,382.0
DAMATAJ_2025-06-20_G37,DAMATAJ,2025-06-20,124247,1,6,0,1127.0
DAMATAJ_2025-06-20_G38,DAMATAJ,2025-06-20,120287,1,20,0,676.0
DAMATAJ_2025-06-20_G39,DAMATAJ,2025-06-20,180168,1,2,0,1178.0
DAMATAJ_2025-06-20_G40,DAMATAJ,2025-06-20,180054,1,2,0,176.0
DAMATAJ_2025-06-20_G41,DAMATAJ,2025-06-20,123343,1,4,0,211.0
DAMATAJ_2025-06-20_G42,DAMATAJ,2025-06-20,122984,1,16,0,197.0
DAMATAJ_2025-06-20_G43,DAMATAJ,2025-06-20,122983,1,5,0,182.0
DAMATAJ_2025-06-20_G44,DAMATAJ,2025-06-20,124486,1,2,0,72.0
DAMATAJ_2025-06-20_G45,DAMATAJ,2025-06-20,122982,1,16,0,279.0
DAMATAJ_2025-06-20_G46,DAMATAJ,2025-06-20,123343,1,4,0,166.0
DAMATAJ_2025-06-21_G02,DAMATAJ,2025-06-21,124486,1,4,0,53.0
DAMATAJ_2025-06-21_G03,DAMATAJ,2025-06-21,124548,1,19,0,295.0
DAMATAJ_2025-06-21_G04,DAMATAJ,2025-06-21,124624,1,40,0,387.0
DAMATAJ_2025-06-21_G05,DAMATAJ,2025-06-21,120028,1,107,0,2006.0
DAMATAJ_2025-06-21_G06,DAMATAJ,2025-06-21,122673,1,45,0,798.0
DAMATAJ_2025-06-21_G07,DAMATAJ,2025-06-21,124476,1,13,0,249.0
DAMATAJ_2025-06-21_G08,DAMATAJ,2025-06-21,124476,1,2,0,138.0
DAMATAJ_2025-06-21_G09,DAMATAJ,2025-06-21,124624,1,200,0,2675.0
DAMATAJ_2025-06-21_G10,DAMATAJ,2025-06-21,122984,1,32,0,1757.0
DAMATAJ_2025-06-21_G11,DAMATAJ,2025-06-21,122185,1,18,0,274.0
DAMATAJ_2025-06-21_G12,DAMATAJ,2025-06-21,124624,1,12,0,447.0
DAMATAJ_2025-06-21_G13,DAMATAJ,2025-06-21,123343,1,3,0,177.0
DAMATAJ_2025-06-21_G14,DAMATAJ,2025-06-21,123080,1,16,0,414.0
DAMATAJ_2025-06-21_G15,DAMATAJ,2025-06-21,123343,2,28,8,469.0
DAMATAJ_2025-06-21_G16,DAMATAJ,2025-06-21,123343,2,11,12,580.0
DAMATAJ_2025-06-21_G17,DAMATAJ,2025-06-21,124624,1,1,0,271.0
DAMATAJ_2025-06-21_G18,DAMATAJ,2025-06-21,122984,1,37,0,1413.0
DAMATAJ_2025-06-21_G19,DAMATAJ,2025-06-21,120008,1,50,0,622.0
DAMATAJ_2025-06-21_G20,DAMATAJ,2025-06-21,123343,1,2,0,108.0
DAMATAJ_2025-06-21_G21,DAMATAJ,2025-06-21,122984,1,5,0,208.0
DAMATAJ_2025-06-21_G22,DAMATAJ,2025-06-21,123343,1,4,0,116.0
DAMATAJ_2025-06-21_G23,DAMATAJ,2025-06-21,124624,1,2,0,1393.0
DAMATAJ_2025-06-26_G02,DAMATAJ,2025-06-26,123345,1,6,0,192.0
DAMATAJ_2025-06-26_G03,DAMATAJ,2025-06-26,124247,1,7,0,260.0
DAMATAJ_2025-06-26_G04,DAMATAJ,2025-06-26,123561,1,2,0,93.0
DAMATAJ_2025-06-26_G05,DAMATAJ,2025-06-26,121651,1,2,0,69.0
DAMATAJ_2025-06-26_G06,DAMATAJ,2025-06-26,124371,1,4,0,210.0
DAMATAJ_2025-06-26_G07,DAMATAJ,2025-06-26,124476,1,4,0,225.0
DAMATAJ_2025-06-26_G08,DAMATAJ,2025-06-26,124486,1,8,0,230.0
DAMATAJ_2025-06-26_G09,DAMATAJ,2025-06-26,124486,1,10,0,158.0
DAMATAJ_2025-06-26_G10,DAMATAJ,2025-06-26,123909,1,4,0,241.0
DAMATAJ_2025-06-26_G11,DAMATAJ,2025-06-26,122962,1,4,0,186.0
DAMATAJ_2025-06-26_G12,DAMATAJ,2025-06-26,121760,1,5,0,182.0
DAMATAJ_2025-06-26_G13,DAMATAJ,2025-06-26,124624,1,4,0,566.0
DAMATAJ_2025-06-26_G14,DAMATAJ,2025-06-26,123345,1,4,0,178.0
DAMATAJ_2025-06-26_G15,DAMATAJ,2025-06-26,123343,1,3,0,265.0
DAMATAJ_2025-06-26_G16,DAMATAJ,2025-06-26,123343,1,9,0,466.0
DAMATAJ_2025-06-26_G17,DAMATAJ,2025-06-26,181235,1,2,0,289.0
DAMATAJ_2025-06-26_G18,DAMATAJ,2025-06-26,181057,1,4,0,142.0
DAMATAJ_2025-06-26_G19,DAMATAJ,2025-06-26,180054,1,2,0,245.0
DAMATAJ_2025-06-26_G20,DAMATAJ,2025-06-26,123344,1,35,0,369.0
DAMATAJ_2025-06-26_G21,DAMATAJ,2025-06-26,121760,1,41,0,655.0
DAMATAJ_2025-06-26_G22,DAMATAJ,2025-06-26,124624,1,1,0,128.0
DAMATAJ_2025-06-26_G23,DAMATAJ,2025-06-26,123343,1,12,0,519.0
DAMATAJ_2025-06-27_G02,DAMATAJ,2025-06-27,124486,1,20,0,321.0
DAMATAJ_2025-06-27_G03,DAMATAJ,2025-06-27,122983,1,20,0,801.0
DAMATAJ_2025-06-27_G04,DAMATAJ,2025-06-27,122982,1,30,0,511.0
DAMATAJ_2025-06-27_G05,DAMATAJ,2025-06-27,123909,1,8,0,351.0
DAMATAJ_2025-06-27_G06,DAMATAJ,2025-06-27,122984,1,30,0,757.0
DAMATAJ_2025-06-27_G07,DAMATAJ,2025-06-27,122984,1,30,0,604.0
DAMATAJ_2025-06-27_G08,DAMATAJ,2025-06-27,122185,1,10,0,155.0
DAMATAJ_2025-06-27_G09,DAMATAJ,2025-06-27,124594,1,20,0,394.0
DAMATAJ_2025-07-03_G02,DAMATAJ,2025-07-03,122982,1,23,0,379.0
DAMATAJ_2025-07-03_G03,DAMATAJ,2025-07-03,122988,1,16,0,325.0
DAMATAJ_2025-07-03_G04,DAMATAJ,2025-07-03,181887,1,4,0,236.0
DAMATAJ_2025-07-03_G05,DAMATAJ,2025-07-03,123561,1,6,0,78.0
DAMATAJ_2025-07-03_G06,DAMATAJ,2025-07-03,123520,1,1,0,181.0
DAMATAJ_2025-07-03_G07,DAMATAJ,2025-07-03,122982,1,8,0,193.0
DAMATAJ_2025-07-03_G08,DAMATAJ,2025-07-03,121651,1,12,0,357.0
DAMATAJ_2025-07-03_G09,DAMATAJ,2025-07-03,122981,1,8,0,73.0
DAMATAJ_2025-07-03_G10,DAMATAJ,2025-07-03,181056,1,6,0,211.0
DAMATAJ_2025-07-03_G11,DAMATAJ,2025-07-03,123561,1,9,0,74.0
DAMATAJ_2025-07-03_G12,DAMATAJ,2025-07-03,123561,1,2,0,142.0
DAMATAJ_2025-07-03_G13,DAMATAJ,2025-07-03,123521,1,11,0,199.0
DAMATAJ_2025-07-03_G14,DAMATAJ,2025-07-03,122647,1,40,0,835.0
DAMATAJ_2025-07-03_G15,DAMATAJ,2025-07-03,122962,1,16,0,298.0
DAMATAJ_2025-07-03_G16,DAMATAJ,2025-07-03,122647,1,50,0,795.0
DAMATAJ_2025-07-03_G17,DAMATAJ,2025-07-03,122647,1,32,0,358.0
DAMATAJ_2025-07-03_G18,DAMATAJ,2025-07-03,120028,1,58,0,741.0
DAMATAJ_2025-07-03_G19,DAMATAJ,2025-07-03,122962,1,50,0,624.0
DAMATAJ_2025-07-03_G20,DAMATAJ,2025-07-03,122962,1,50,0,1063.0
DAMATAJ_2025-07-04_G02,DAMATAJ,2025-07-04,120389,1,20,0,260.0
DAMATAJ_2025-07-04_G03,DAMATAJ,2025-07-04,123822,1,1,0,368.0
DAMATAJ_2025-07-04_G05,DAMATAJ,2025-07-04,124486,1,12,0,228.0
DAMATAJ_2025-07-04_G06,DAMATAJ,2025-07-04,122962,1,20,0,252.0
DAMATAJ_2025-07-04_G07,DAMATAJ,2025-07-04,124486,1,40,0,664.0
DAMATAJ_2025-07-04_G08,DAMATAJ,2025-07-04,122962,1,18,0,186.0
DAMATAJ_2025-07-04_G09,DAMATAJ,2025-07-04,124486,1,15,0,277.0
DAMATAJ_2025-07-04_G10,DAMATAJ,2025-07-04,122962,1,15,0,476.0
DAMATAJ_2025-07-04_G11,DAMATAJ,2025-07-04,122962,1,18,0,340.0
DAMATAJ_2025-07-04_G12,DAMATAJ,2025-07-04,123153,1,16,0,286.0
DAMATAJ_2025-07-04_G13,DAMATAJ,2025-07-04,124264,1,16,0,259.0
DAMATAJ_2025-07-04_G14,DAMATAJ,2025-07-04,120339,1,20,0,1448.0
DAMATAJ_2025-07-04_G15,DAMATAJ,2025-07-04,124624,1,34,0,567.0
DAMATAJ_2025-07-04_G16,DAMATAJ,2025-07-04,122983,1,12,0,335.0
DAMATAJ_2025-07-04_G17,DAMATAJ,2025-07-04,124486,1,16,0,429.0
DAMATAJ_2025-07-04_G18,DAMATAJ,2025-07-04,121651,1,12,0,308.0
DAMATAJ_2025-07-04_G19,DAMATAJ,2025-07-04,124548,1,60,0,1074.0
DIASGABRIEL_2025-01-27_G02,DIASGABRIEL,2025-01-27,"109643, 118140",2,20,13,72.0
DIASGABRIEL_2025-01-27_G03,DIASGABRIEL,2025-01-27,118140,2,6,24,255.0
DIASGABRIEL_2025-01-27_G04,DIASGABRIEL,2025-01-27,118140,2,33,8,59.0
DIASGABRIEL_2025-01-27_G05,DIASGABRIEL,2025-01-27,"122647, 110376, 110373, 114662, 120008, 123343, 110371, 118094, 111792, 120046, 111469",13,127,266,32.0
DIASGABRIEL_2025-01-27_G06,DIASGABRIEL,2025-01-27,110373,1,150,0,48.0
DIASGABRIEL_2025-01-27_G07,DIASGABRIEL,2025-01-27,123343,1,8,0,60.0
DIASGABRIEL_2025-01-27_G08,DIASGABRIEL,2025-01-27,"123911, 110325",2,21,24,111.0
DIASGABRIEL_2025-01-27_G09,DIASGABRIEL,2025-01-27,"109643, 122986, 111792",3,10,42,99.0
DIASGABRIEL_2025-01-27_G10,DIASGABRIEL,2025-01-27,"111812, 110742, 101228",3,16,25,237.0
DIASGABRIEL_2025-01-29_G02,DIASGABRIEL,2025-01-29,117842,1,5,0,2400.0
DIASGABRIEL_2025-01-31_G02,DIASGABRIEL,2025-01-31,111418,1,7,0,167.0
DIASGABRIEL_2025-01-31_G03,DIASGABRIEL,2025-01-31,"123345, 117855",2,87,29,88.0
DIASGABRIEL_2025-01-31_G04,DIASGABRIEL,2025-01-31,110515,1,7,0,37.0
DIASGABRIEL_2025-01-31_G05,DIASGABRIEL,2025-01-31,111602,1,12,0,246.0
DIASGABRIEL_2025-01-31_G06,DIASGABRIEL,2025-01-31,"109747, 110325",3,10,26,39.0
DIASGABRIEL_2025-01-31_G07,DIASGABRIEL,2025-01-31,122703,1,4,0,106.0
DIASGABRIEL_2025-01-31_G08,DIASGABRIEL,2025-01-31,117855,1,2,0,234.0
DIASGABRIEL_2025-01-31_G09,DIASGABRIEL,2025-01-31,114662,1,24,0,508.0
DIASGABRIEL_2025-01-31_G10,DIASGABRIEL,2025-01-31,121760,1,4,0,61.0
DIASGABRIEL_2025-01-31_G11,DIASGABRIEL,2025-01-31,121651,1,4,0,122.0
DIASGABRIEL_2025-01-31_G12,DIASGABRIEL,2025-01-31,111737,1,3,0,369.0
DIASGABRIEL_2025-01-31_G13,DIASGABRIEL,2025-01-31,180077,1,2,0,280.0
DIASGABRIEL_2025-01-31_G14,DIASGABRIEL,2025-01-31,180024,1,7,0,46.0
DIASGABRIEL_2025-02-06_G02,DIASGABRIEL,2025-02-06,111437,1,4,0,32.0
DIASGABRIEL_2025-02-06_G03,DIASGABRIEL,2025-02-06,121760,1,4,0,93.0
DIASGABRIEL_2025-02-06_G04,DIASGABRIEL,2025-02-06,110743,1,2,0,45.0
DIASGABRIEL_2025-02-06_G05,DIASGABRIEL,2025-02-06,"117855, 111443",2,9,14,35.0
DIASGABRIEL_2025-02-06_G06,DIASGABRIEL,2025-02-06,111465,1,10,0,816.0
DIASGABRIEL_2025-02-06_G07,DIASGABRIEL,2025-02-06,111743,1,3,0,140.0
DIASGABRIEL_2025-02-06_G08,DIASGABRIEL,2025-02-06,111418,1,50,0,308.0
DIASGABRIEL_2025-02-06_G09,DIASGABRIEL,2025-02-06,122962,1,16,0,388.0
DIASGABRIEL_2025-02-06_G11,DIASGABRIEL,2025-02-06,117842,1,1,0,148.0
DIASGABRIEL_2025-02-06_G12,DIASGABRIEL,2025-02-06,110376,1,16,0,70.0
DIASGABRIEL_2025-02-06_G13,DIASGABRIEL,2025-02-06,122985,1,2,0,666.0
DIASGABRIEL_2025-02-06_G14,DIASGABRIEL,2025-02-06,123343,1,2,0,160.0
DIASGABRIEL_2025-02-06_G15,DIASGABRIEL,2025-02-06,122671,1,4,0,80.0
DIASGABRIEL_2025-02-06_G16,DIASGABRIEL,2025-02-06,123909,1,12,0,148.0
DIASGABRIEL_2025-02-06_G17,DIASGABRIEL,2025-02-06,123909,1,6,0,57.0
DIASGABRIEL_2025-02-06_G18,DIASGABRIEL,2025-02-06,121651,1,10,0,284.0
DIASGABRIEL_2025-02-06_G19,DIASGABRIEL,2025-02-06,124247,1,4,0,148.0
DIASGABRIEL_2025-02-06_G20,DIASGABRIEL,2025-02-06,121760,1,7,0,113.0
DIASGABRIEL_2025-02-06_G21,DIASGABRIEL,2025-02-06,"122985, 123343",2,8,25,59.0
DIASGABRIEL_2025-02-06_G22,DIASGABRIEL,2025-02-06,120389,1,2,0,247.0
DIASGABRIEL_2025-02-06_G23,DIASGABRIEL,2025-02-06,123153,1,20,0,295.0
DIASGABRIEL_2025-02-06_G24,DIASGABRIEL,2025-02-06,123153,1,30,0,219.0
DIASGABRIEL_2025-02-07_G02,DIASGABRIEL,2025-02-07,111469,1,2,0,36.0
DIASGABRIEL_2025-02-13_G02,DIASGABRIEL,2025-02-13,111655,1,5,0,2682.0
DIASGABRIEL_2025-02-14_G02,DIASGABRIEL,2025-02-14,"117822, 110372, 110376, 110325, 110374, 117832, 117808, 117820",9,138,47,97.0
DIASGABRIEL_2025-02-14_G03,DIASGABRIEL,2025-02-14,"117832, 110372, 117808",5,246,38,51.0
DIASGABRIEL_2025-02-14_G05,DIASGABRIEL,2025-02-14,"117831, 117808",2,94,19,368.0
DIASGABRIEL_2025-02-14_G06,DIASGABRIEL,2025-02-14,109643,1,47,0,115.0
DIASGABRIEL_2025-02-15_G02,DIASGABRIEL,2025-02-15,109937,1,2,0,3493.0
DIASGABRIEL_2025-02-15_G03,DIASGABRIEL,2025-02-15,110339,1,2,0,108.0
DIASGABRIEL_2025-02-15_G04,DIASGABRIEL,2025-02-15,111466,1,4,0,350.0
DIASGABRIEL_2025-02-15_G05,DIASGABRIEL,2025-02-15,111466,1,7,0,56.0
DIASGABRIEL_2025-02-15_G06,DIASGABRIEL,2025-02-15,140922,1,33,0,165.0
DIASGABRIEL_2025-02-15_G07,DIASGABRIEL,2025-02-15,110787,1,4,0,64.0
DIASGABRIEL_2025-02-15_G08,DIASGABRIEL,2025-02-15,110372,1,2,0,115.0
DIASGABRIEL_2025-02-15_G09,DIASGABRIEL,2025-02-15,117809,1,14,0,161.0
DIASGABRIEL_2025-02-15_G10,DIASGABRIEL,2025-02-15,117820,1,2,0,60.0
DIASGABRIEL_2025-02-15_G11,DIASGABRIEL,2025-02-15,111530,1,1,0,278.0
DIASGABRIEL_2025-02-15_G12,DIASGABRIEL,2025-02-15,117785,1,10,0,112.0
DIASGABRIEL_2025-02-15_G13,DIASGABRIEL,2025-02-15,109933,1,1,0,712.0
DIASGABRIEL_2025-02-15_G14,DIASGABRIEL,2025-02-15,117835,1,7,0,100.0
DIASGABRIEL_2025-02-15_G15,DIASGABRIEL,2025-02-15,110895,1,10,0,222.0
DIASGABRIEL_2025-02-15_G16,DIASGABRIEL,2025-02-15,110895,1,8,0,52.0
DIASGABRIEL_2025-02-15_G17,DIASGABRIEL,2025-02-15,111569,1,21,0,116.0
DIASGABRIEL_2025-02-15_G18,DIASGABRIEL,2025-02-15,118290,1,4,0,194.0
DIASGABRIEL_2025-02-15_G19,DIASGABRIEL,2025-02-15,116527,1,4,0,75.0
DIASGABRIEL_2025-02-15_G20,DIASGABRIEL,2025-02-15,117854,1,10,0,306.0
DIASGABRIEL_2025-02-15_G21,DIASGABRIEL,2025-02-15,117837,1,10,0,354.0
DIASGABRIEL_2025-02-15_G22,DIASGABRIEL,2025-02-15,111467,1,8,0,136.0
DIASGABRIEL_2025-02-15_G23,DIASGABRIEL,2025-02-15,111467,1,4,0,36.0
DIASGABRIEL_2025-02-15_G24,DIASGABRIEL,2025-02-15,117855,1,20,0,437.0
DIASGABRIEL_2025-02-15_G25,DIASGABRIEL,2025-02-15,118094,1,2,0,120.0
DIASGABRIEL_2025-02-15_G26,DIASGABRIEL,2025-02-15,110313,1,11,0,98.0
DIASGABRIEL_2025-02-15_G27,DIASGABRIEL,2025-02-15,109647,1,8,0,103.0
DIASGABRIEL_2025-02-15_G28,DIASGABRIEL,2025-02-15,111530,1,5,0,87.0
DIASGABRIEL_2025-02-15_G29,DIASGABRIEL,2025-02-15,105242,1,4,0,49.0
DIASGABRIEL_2025-02-15_G30,DIASGABRIEL,2025-02-15,117786,1,13,0,123.0
DIASGABRIEL_2025-02-15_G31,DIASGABRIEL,2025-02-15,117786,1,3,0,37.0
DIASGABRIEL_2025-02-15_G32,DIASGABRIEL,2025-02-15,110711,1,5,0,229.0
DIASGABRIEL_2025-02-15_G33,DIASGABRIEL,2025-02-15,141047,1,3,0,49.0
DIASGABRIEL_2025-02-15_G34,DIASGABRIEL,2025-02-15,111443,1,8,0,318.0
DIASGABRIEL_2025-02-15_G35,DIASGABRIEL,2025-02-15,111435,1,5,0,157.0
DIASGABRIEL_2025-02-15_G36,DIASGABRIEL,2025-02-15,111431,1,6,0,68.0
DIASGABRIEL_2025-02-15_G37,DIASGABRIEL,2025-02-15,117831,1,20,0,231.0
DIASGABRIEL_2025-02-15_G38,DIASGABRIEL,2025-02-15,111418,1,19,0,123.0
DIASGABRIEL_2025-02-15_G39,DIASGABRIEL,2025-02-15,111466,1,20,0,161.0
DIASGABRIEL_2025-02-15_G40,DIASGABRIEL,2025-02-15,111172,1,4,0,152.0
DIASGABRIEL_2025-02-17_G02,DIASGABRIEL,2025-02-17,"108711, 117832",2,16,17,264.0
DIASGABRIEL_2025-02-17_G03,DIASGABRIEL,2025-02-17,122962,1,2,0,340.0
DIASGABRIEL_2025-02-17_G04,DIASGABRIEL,2025-02-17,117787,1,34,0,55.0
DIASGABRIEL_2025-02-17_G05,DIASGABRIEL,2025-02-17,108711,1,4,0,37.0
DIASGABRIEL_2025-02-17_G07,DIASGABRIEL,2025-02-17,108711,1,1,0,165.0
DIASGABRIEL_2025-02-18_G02,DIASGABRIEL,2025-02-18,117808,1,900,0,66.0
DIASGABRIEL_2025-02-18_G03,DIASGABRIEL,2025-02-18,117832,1,77,0,53.0
DIASGABRIEL_2025-02-18_G04,DIASGABRIEL,2025-02-18,"117855, 117832",3,150,24,48.0
DIASGABRIEL_2025-02-18_G05,DIASGABRIEL,2025-02-18,117832,2,60,18,63.0
DIASGABRIEL_2025-02-18_G06,DIASGABRIEL,2025-02-18,117832,2,14,12,44.0
DIASGABRIEL_2025-02-18_G07,DIASGABRIEL,2025-02-18,120008,1,3,0,149.0
DIASGABRIEL_2025-02-18_G08,DIASGABRIEL,2025-02-18,109641,1,4,0,172.0
DIASGABRIEL_2025-02-18_G09,DIASGABRIEL,2025-02-18,117832,1,2,0,43.0
DIASGABRIEL_2025-02-18_G10,DIASGABRIEL,2025-02-18,"120008, 117832",2,47,14,48.0
DIASGABRIEL_2025-02-18_G11,DIASGABRIEL,2025-02-18,"108711, 117832",2,60,15,41.0
DIASGABRIEL_2025-02-18_G12,DIASGABRIEL,2025-02-18,117832,1,2,0,80.0
DIASGABRIEL_2025-02-18_G13,DIASGABRIEL,2025-02-18,117832,5,21,45,50.0
DIASGABRIEL_2025-02-18_G14,DIASGABRIEL,2025-02-18,"108711, 111812",2,6,30,39.0
DIASGABRIEL_2025-02-18_G15,DIASGABRIEL,2025-02-18,110339,1,8,0,43.0
DIASGABRIEL_2025-02-18_G16,DIASGABRIEL,2025-02-18,122962,1,300,0,56.0
DIASGABRIEL_2025-02-18_G17,DIASGABRIEL,2025-02-18,117832,1,2,0,32.0
DIASGABRIEL_2025-02-18_G18,DIASGABRIEL,2025-02-18,"122962, 117832, 117840",3,332,52,40.0
DIASGABRIEL_2025-02-18_G19,DIASGABRIEL,2025-02-18,"122962, 117832",2,95,16,387.0
DIASGABRIEL_2025-02-18_G20,DIASGABRIEL,2025-02-18,122962,2,76,17,52.0
DIASGABRIEL_2025-02-20_G02,DIASGABRIEL,2025-02-20,122962,1,10,0,52.0
DIASGABRIEL_2025-02-20_G03,DIASGABRIEL,2025-02-20,109647,1,4,0,921.0
DIASGABRIEL_2025-02-20_G04,DIASGABRIEL,2025-02-20,109647,1,3,0,37.0
DIASGABRIEL_2025-02-20_G05,DIASGABRIEL,2025-02-20,117838,1,14,0,61.0
DIASGABRIEL_2025-02-20_G06,DIASGABRIEL,2025-02-20,110376,1,108,0,106.0
DIASGABRIEL_2025-02-20_G07,DIASGABRIEL,2025-02-20,110376,1,124,0,65.0
DIASGABRIEL_2025-02-20_G08,DIASGABRIEL,2025-02-20,117830,1,8,0,328.0
DIASGABRIEL_2025-02-20_G09,DIASGABRIEL,2025-02-20,181907,2,12,9,107.0
DIASGABRIEL_2025-02-20_G10,DIASGABRIEL,2025-02-20,117838,1,12,0,53.0
DIASGABRIEL_2025-02-20_G11,DIASGABRIEL,2025-02-20,122968,1,12,0,47.0
DIASGABRIEL_2025-02-21_G02,DIASGABRIEL,2025-02-21,123907,1,10,0,72.0
DIASGABRIEL_2025-02-21_G05,DIASGABRIEL,2025-02-21,123907,1,4,0,40.0
DIASGABRIEL_2025-02-21_G06,DIASGABRIEL,2025-02-21,"121923, 123521",2,4,6,151.0
DIASGABRIEL_2025-02-21_G07,DIASGABRIEL,2025-02-21,111172,1,3,0,1391.0
DIASGABRIEL_2025-02-21_G08,DIASGABRIEL,2025-02-21,111650,1,4,0,2424.0
DIASGABRIEL_2025-02-21_G09,DIASGABRIEL,2025-02-21,110376,1,9,0,61.0
DIASGABRIEL_2025-02-21_G10,DIASGABRIEL,2025-02-21,117853,1,1,0,84.0
DIASGABRIEL_2025-02-21_G11,DIASGABRIEL,2025-02-21,"109647, 111435",2,5,12,110.0
DIASGABRIEL_2025-02-21_G12,DIASGABRIEL,2025-02-21,181056,1,1,0,49.0
DIASGABRIEL_2025-02-21_G13,DIASGABRIEL,2025-02-21,111468,1,8,0,53.0
DIASGABRIEL_2025-02-22_G03,DIASGABRIEL,2025-02-22,122705,1,1,0,88.0
DIASGABRIEL_2025-02-24_G02,DIASGABRIEL,2025-02-24,122962,1,100,0,60.0
DIASGABRIEL_2025-02-24_G03,DIASGABRIEL,2025-02-24,122983,1,7,0,123.0
DIASGABRIEL_2025-02-24_G04,DIASGABRIEL,2025-02-24,122962,2,82,14,41.0
DIASGABRIEL_2025-02-25_G02,DIASGABRIEL,2025-02-25,"108772, 108794",6,84,74,33.0
DIASGABRIEL_2025-02-25_G03,DIASGABRIEL,2025-02-25,124247,1,50,0,942.0
DIASGABRIEL_2025-02-25_G04,DIASGABRIEL,2025-02-25,"122984, 122983, 118290",4,46,63,124.0
DIASGABRIEL_2025-02-27_G02,DIASGABRIEL,2025-02-27,123345,1,100,0,38.0
DIASGABRIEL_2025-02-27_G03,DIASGABRIEL,2025-02-27,117855,1,2,0,69.0
DIASGABRIEL_2025-02-27_G04,DIASGABRIEL,2025-02-27,117855,1,15,0,89.0
DIASGABRIEL_2025-02-27_G05,DIASGABRIEL,2025-02-27,110752,1,8,0,34.0
DIASGABRIEL_2025-02-28_G02,DIASGABRIEL,2025-02-28,110752,1,4,0,62.0
DIASGABRIEL_2025-02-28_G03,DIASGABRIEL,2025-02-28,"117856, 111602, 109640, 117855, 117935, 111530",30,168,168,1019.0
DIASGABRIEL_2025-02-28_G04,DIASGABRIEL,2025-02-28,117833,4,33,32,32.0
DIASGABRIEL_2025-02-28_G05,DIASGABRIEL,2025-02-28,"111348, 117833",2,6,5,71.0
DIASGABRIEL_2025-02-28_G06,DIASGABRIEL,2025-02-28,"118004, 111330, 140922",7,22,57,57.0
DIASGABRIEL_2025-02-28_G07,DIASGABRIEL,2025-02-28,"109641, 111172, 111418, 110787, 117785, 108711, 111463, 110740, 118140, 117831, 111466, 111469, 111462, 111465",39,125,232,414.0
DIASGABRIEL_2025-02-28_G08,DIASGABRIEL,2025-02-28,"110325, 110371, 110372, 110374, 117830, 118299, 117832, 110373, 117808, 117820",23,135,141,56.0
DIASGABRIEL_2025-02-28_G09,DIASGABRIEL,2025-02-28,"122647, 123343",4,45,45,40.0
DIASGABRIEL_2025-02-28_G10,DIASGABRIEL,2025-02-28,123343,1,4,0,37.0
DIASGABRIEL_2025-02-28_G11,DIASGABRIEL,2025-02-28,"123343, 124475",3,49,37,56.0
DIASGABRIEL_2025-03-01_G03,DIASGABRIEL,2025-03-01,"111438, 110755",2,18,4,994.0
DIASGABRIEL_2025-03-03_G02,DIASGABRIEL,2025-03-03,122647,1,16,0,48.0
DIASGABRIEL_2025-03-03_G03,DIASGABRIEL,2025-03-03,110376,1,4,0,35.0
DIASGABRIEL_2025-03-03_G04,DIASGABRIEL,2025-03-03,120028,1,81,0,40.0
DIASGABRIEL_2025-03-03_G05,DIASGABRIEL,2025-03-03,120028,1,40,0,43.0
DIASGABRIEL_2025-03-03_G06,DIASGABRIEL,2025-03-03,111738,1,173,0,60.0
DIASGABRIEL_2025-03-03_G07,DIASGABRIEL,2025-03-03,123313,2,9,4,119.0
DIASGABRIEL_2025-03-03_G08,DIASGABRIEL,2025-03-03,123343,1,16,0,76.0
DIASGABRIEL_2025-03-03_G09,DIASGABRIEL,2025-03-03,"123343, 123313",2,13,14,64.0
DIASGABRIEL_2025-03-03_G10,DIASGABRIEL,2025-03-03,123313,1,2,0,52.0
DIASGABRIEL_2025-03-03_G11,DIASGABRIEL,2025-03-03,"110742, 110747, 107892, 118222, 109937, 111569, 110895, 109873, 105272, 118198, 110310, 117935, 109647, 117786, 110580, 110313, 117856, 110733, 111602, 110711, 109640, 117855, 111876, 110515, 110339",42,233,230,48.0
DIASGABRIEL_2025-03-03_G12,DIASGABRIEL,2025-03-03,"108772, 117833, 110743, 111446, 107236, 111532, 118004, 111468, 111172, 111330, 111743, 111418, 117785, 118223, 110129, 111463, 110740, 118140, 117831, 117821, 111466, 111469, 111462, 111433, 111465, 110374, 110325, 110372, 110371, 114091, 117830, 110373, 160051, 110375, 117820, 123313",50,453,350,49.0
DIASGABRIEL_2025-03-03_G13,DIASGABRIEL,2025-03-03,123343,1,3,0,100.0
DIASGABRIEL_2025-03-03_G14,DIASGABRIEL,2025-03-03,118191,1,5,0,72.0
DIASGABRIEL_2025-03-03_G15,DIASGABRIEL,2025-03-03,124476,1,4,0,54.0
DIASGABRIEL_2025-03-03_G16,DIASGABRIEL,2025-03-03,117935,1,2,0,167.0
DIASGABRIEL_2025-03-03_G17,DIASGABRIEL,2025-03-03,108794,1,4,0,46.0
DIASGABRIEL_2025-03-05_G02,DIASGABRIEL,2025-03-05,"118290, 111438",2,31,9,43.0
DIASGABRIEL_2025-03-05_G03,DIASGABRIEL,2025-03-05,124476,1,4,0,100.0
DIASGABRIEL_2025-03-05_G04,DIASGABRIEL,2025-03-05,"117935, 122647",2,15,15,62.0
DIASGABRIEL_2025-03-05_G05,DIASGABRIEL,2025-03-05,124476,1,8,0,60.0
DIASGABRIEL_2025-03-05_G06,DIASGABRIEL,2025-03-05,124476,1,8,0,79.0
DIASGABRIEL_2025-03-05_G07,DIASGABRIEL,2025-03-05,124476,1,2,0,36.0
DIASGABRIEL_2025-03-05_G08,DIASGABRIEL,2025-03-05,"111463, 108794",3,63,17,52.0
DIASGABRIEL_2025-03-05_G09,DIASGABRIEL,2025-03-05,110733,3,7,59,36.0
DIASGABRIEL_2025-03-05_G10,DIASGABRIEL,2025-03-05,110733,2,6,11,51.0
DIASGABRIEL_2025-03-05_G11,DIASGABRIEL,2025-03-05,"124475, 123313",2,5,11,39.0
DIASGABRIEL_2025-03-05_G12,DIASGABRIEL,2025-03-05,"124475, 111435, 111530, 117856",4,42,76,32.0
DIASGABRIEL_2025-03-05_G13,DIASGABRIEL,2025-03-05,111655,1,1,0,153.0
DIASGABRIEL_2025-03-05_G14,DIASGABRIEL,2025-03-05,110733,3,33,31,318.0
DIASGABRIEL_2025-03-05_G15,DIASGABRIEL,2025-03-05,110733,4,14,41,75.0
DIASGABRIEL_2025-03-05_G16,DIASGABRIEL,2025-03-05,110733,2,24,10,224.0
DIASGABRIEL_2025-03-05_G18,DIASGABRIEL,2025-03-05,110733,1,1,0,1905.0
DIASGABRIEL_2025-03-06_G02,DIASGABRIEL,2025-03-06,117789,1,70,0,32.0
DIASGABRIEL_2025-03-06_G03,DIASGABRIEL,2025-03-06,124476,1,12,0,592.0
DIASGABRIEL_2025-03-06_G04,DIASGABRIEL,2025-03-06,110752,4,7,33,58.0
DIASGABRIEL_2025-03-06_G07,DIASGABRIEL,2025-03-06,111724,1,7,0,61.0
DIASGABRIEL_2025-03-07_G02,DIASGABRIEL,2025-03-07,110741,1,2,0,2314.0
DIASGABRIEL_2025-03-07_G04,DIASGABRIEL,2025-03-07,109649,1,22,0,1036.0
DIASGABRIEL_2025-03-08_G02,DIASGABRIEL,2025-03-08,111438,1,7,0,93.0
DIASGABRIEL_2025-03-08_G03,DIASGABRIEL,2025-03-08,181057,1,2,0,137.0
DIASGABRIEL_2025-03-08_G04,DIASGABRIEL,2025-03-08,124486,1,20,0,37.0
DIASGABRIEL_2025-03-08_G05,DIASGABRIEL,2025-03-08,124486,1,8,0,83.0
DIASGABRIEL_2025-03-08_G06,DIASGABRIEL,2025-03-08,124486,1,34,0,51.0
DIASGABRIEL_2025-03-08_G07,DIASGABRIEL,2025-03-08,"181057, 124486",2,28,24,73.0
DIASGABRIEL_2025-03-10_G02,DIASGABRIEL,2025-03-10,110741,1,2,0,75.0
DIASGABRIEL_2025-03-10_G03,DIASGABRIEL,2025-03-10,124486,1,60,0,72.0
DIASGABRIEL_2025-03-10_G04,DIASGABRIEL,2025-03-10,"109640, 109641",4,76,41,38.0
DIASGABRIEL_2025-03-10_G05,DIASGABRIEL,2025-03-10,"110895, 111438",2,16,14,1433.0
DIASGABRIEL_2025-03-10_G06,DIASGABRIEL,2025-03-10,181907,1,1,0,2841.0
DIASGABRIEL_2025-03-13_G03,DIASGABRIEL,2025-03-13,123909,1,13,0,65.0
DIASGABRIEL_2025-03-13_G06,DIASGABRIEL,2025-03-13,111469,2,16,9,1248.0
DIASGABRIEL_2025-03-13_G07,DIASGABRIEL,2025-03-13,111469,2,11,6,468.0
DIASGABRIEL_2025-03-13_G08,DIASGABRIEL,2025-03-13,123909,1,26,0,65.0
DIASGABRIEL_2025-03-13_G09,DIASGABRIEL,2025-03-13,111469,1,26,0,1571.0
DIASGABRIEL_2025-03-13_G10,DIASGABRIEL,2025-03-13,"116241, 111469",2,82,9,1223.0
DIASGABRIEL_2025-03-13_G11,DIASGABRIEL,2025-03-13,110895,1,99,0,573.0
DIASGABRIEL_2025-03-13_G12,DIASGABRIEL,2025-03-13,124486,1,11,0,293.0
DIASGABRIEL_2025-03-13_G13,DIASGABRIEL,2025-03-13,124486,1,49,0,37.0
DIASGABRIEL_2025-03-13_G14,DIASGABRIEL,2025-03-13,"110740, 116241",7,73,94,148.0
DIASGABRIEL_2025-03-14_G02,DIASGABRIEL,2025-03-14,"123800, 122962, 124371, 124475, 122984, 122983, 120028, 124486, 122967, 122982, 124370, 122185, 123343",19,69,213,61.0
DIASGABRIEL_2025-03-14_G05,DIASGABRIEL,2025-03-14,"111469, 114650",2,12,27,39.0
DIASGABRIEL_2025-03-14_G06,DIASGABRIEL,2025-03-14,111441,1,10,0,231.0
DIASGABRIEL_2025-03-14_G07,DIASGABRIEL,2025-03-14,122962,1,14,0,834.0
DIASGABRIEL_2025-03-18_G02,DIASGABRIEL,2025-03-18,114647,1,8,0,37.0
DIASGABRIEL_2025-03-20_G02,DIASGABRIEL,2025-03-20,111439,1,10,0,96.0
DIASGABRIEL_2025-03-20_G03,DIASGABRIEL,2025-03-20,123911,1,5,0,48.0
DIASGABRIEL_2025-03-21_G02,DIASGABRIEL,2025-03-21,116241,1,13,0,468.0
DIASGABRIEL_2025-03-21_G03,DIASGABRIEL,2025-03-21,111743,1,4,0,32.0
DIASGABRIEL_2025-03-21_G04,DIASGABRIEL,2025-03-21,"123344, 111743, 108794, 111439",8,31,103,108.0
DIASGABRIEL_2025-03-24_G02,DIASGABRIEL,2025-03-24,110755,1,5,0,127.0
DIASGABRIEL_2025-03-24_G03,DIASGABRIEL,2025-03-24,111431,1,4,0,64.0
DIASGABRIEL_2025-03-24_G04,DIASGABRIEL,2025-03-24,110895,1,40,0,1110.0
DIASGABRIEL_2025-03-24_G05,DIASGABRIEL,2025-03-24,123560,1,11,0,50.0
DIASGABRIEL_2025-03-24_G06,DIASGABRIEL,2025-03-24,"122195, 108794, 111743",3,19,32,32.0
DIASGABRIEL_2025-03-24_G07,DIASGABRIEL,2025-03-24,111722,1,46,0,41.0
DIASGABRIEL_2025-03-24_G08,DIASGABRIEL,2025-03-24,"111723, 117787, 111438",3,23,56,34.0
DIASGABRIEL_2025-03-24_G09,DIASGABRIEL,2025-03-24,180098,1,2,0,37.0
DIASGABRIEL_2025-03-24_G10,DIASGABRIEL,2025-03-24,"111724, 111742",2,15,13,54.0
DIASGABRIEL_2025-03-24_G11,DIASGABRIEL,2025-03-24,111660,1,1,0,48.0
DIASGABRIEL_2025-03-24_G12,DIASGABRIEL,2025-03-24,111433,1,10,0,34.0
DIASGABRIEL_2025-03-24_G13,DIASGABRIEL,2025-03-24,111793,1,11,0,59.0
DIASGABRIEL_2025-03-24_G15,DIASGABRIEL,2025-03-24,107236,1,1,0,2693.0
DIASGABRIEL_2025-03-25_G02,DIASGABRIEL,2025-03-25,110755,1,8,0,51.0
DIASGABRIEL_2025-04-04_G02,DIASGABRIEL,2025-04-04,110500,1,11,0,110.0
DIASGABRIEL_2025-04-08_G02,DIASGABRIEL,2025-04-08,"107830, 111466, 110752, 110755",5,34,84,223.0
DIASGABRIEL_2025-04-08_G03,DIASGABRIEL,2025-04-08,"110752, 117837, 110332, 107830, 124486",8,38,87,186.0
DIASGABRIEL_2025-04-08_G04,DIASGABRIEL,2025-04-08,"107830, 111462",4,56,47,34.0
DIASGABRIEL_2025-04-08_G05,DIASGABRIEL,2025-04-08,"107830, 111441",6,36,81,33.0
DIASGABRIEL_2025-04-09_G02,DIASGABRIEL,2025-04-09,"118280, 117853",2,11,16,46.0
DIASGABRIEL_2025-04-09_G04,DIASGABRIEL,2025-04-09,111850,1,9,0,133.0
DIASGABRIEL_2025-04-09_G05,DIASGABRIEL,2025-04-09,100334,1,4,0,151.0
DIASGABRIEL_2025-04-09_G06,DIASGABRIEL,2025-04-09,110895,1,6,0,58.0
DIASGABRIEL_2025-04-09_G07,DIASGABRIEL,2025-04-09,111569,1,4,0,46.0
DIASGABRIEL_2025-04-09_G08,DIASGABRIEL,2025-04-09,116527,1,1,0,92.0
DIASGABRIEL_2025-04-09_G09,DIASGABRIEL,2025-04-09,118403,1,3,0,258.0
DIASGABRIEL_2025-04-09_G10,DIASGABRIEL,2025-04-09,118298,1,5,0,122.0
DIASGABRIEL_2025-04-09_G11,DIASGABRIEL,2025-04-09,117837,5,18,43,990.0
DIASGABRIEL_2025-04-09_G12,DIASGABRIEL,2025-04-09,141047,1,2,0,572.0
DIASGABRIEL_2025-04-09_G13,DIASGABRIEL,2025-04-09,110733,1,14,0,67.0
DIASGABRIEL_2025-04-09_G14,DIASGABRIEL,2025-04-09,110752,1,6,0,120.0
DIASGABRIEL_2025-04-09_G15,DIASGABRIEL,2025-04-09,111467,1,6,0,46.0
DIASGABRIEL_2025-04-09_G16,DIASGABRIEL,2025-04-09,117856,1,11,0,75.0
DIASGABRIEL_2025-04-09_G17,DIASGABRIEL,2025-04-09,111602,1,8,0,147.0
DIASGABRIEL_2025-04-09_G18,DIASGABRIEL,2025-04-09,110515,1,11,0,303.0
DIASGABRIEL_2025-04-09_G19,DIASGABRIEL,2025-04-09,110325,1,18,0,220.0
DIASGABRIEL_2025-04-09_G20,DIASGABRIEL,2025-04-09,160054,1,4,0,103.0
DIASGABRIEL_2025-04-09_G21,DIASGABRIEL,2025-04-09,109643,1,3,0,86.0
DIASGABRIEL_2025-04-09_G22,DIASGABRIEL,2025-04-09,107830,1,8,0,61.0
DIASGABRIEL_2025-04-09_G23,DIASGABRIEL,2025-04-09,117830,1,19,0,805.0
DIASGABRIEL_2025-04-09_G24,DIASGABRIEL,2025-04-09,117832,1,3,0,194.0
DIASGABRIEL_2025-04-09_G25,DIASGABRIEL,2025-04-09,110374,1,41,0,115.0
DIASGABRIEL_2025-04-09_G26,DIASGABRIEL,2025-04-09,160051,2,5,6,226.0
DIASGABRIEL_2025-04-09_G27,DIASGABRIEL,2025-04-09,110743,1,1,0,325.0
DIASGABRIEL_2025-04-09_G28,DIASGABRIEL,2025-04-09,117831,1,18,0,97.0
DIASGABRIEL_2025-04-09_G29,DIASGABRIEL,2025-04-09,111469,2,17,12,169.0
DIASGABRIEL_2025-04-09_G30,DIASGABRIEL,2025-04-09,111462,1,37,0,112.0
DIASGABRIEL_2025-04-09_G31,DIASGABRIEL,2025-04-09,111433,1,1,0,289.0
DIASGABRIEL_2025-04-09_G32,DIASGABRIEL,2025-04-09,118004,4,10,42,36.0
DIASGABRIEL_2025-04-09_G33,DIASGABRIEL,2025-04-09,118140,2,29,14,211.0
DIASGABRIEL_2025-04-09_G34,DIASGABRIEL,2025-04-09,111418,2,61,25,263.0
DIASGABRIEL_2025-04-09_G35,DIASGABRIEL,2025-04-09,140922,1,38,0,427.0
DIASGABRIEL_2025-04-09_G36,DIASGABRIEL,2025-04-09,111463,2,38,19,173.0
DIASGABRIEL_2025-04-09_G37,DIASGABRIEL,2025-04-09,111466,1,2,0,191.0
DIASGABRIEL_2025-04-09_G38,DIASGABRIEL,2025-04-09,111532,1,7,0,70.0
DIASGABRIEL_2025-04-09_G39,DIASGABRIEL,2025-04-09,109641,1,4,0,156.0
DIASGABRIEL_2025-04-09_G40,DIASGABRIEL,2025-04-09,109645,4,23,35,70.0
DIASGABRIEL_2025-04-09_G41,DIASGABRIEL,2025-04-09,108794,1,3,0,194.0
DIASGABRIEL_2025-04-09_G42,DIASGABRIEL,2025-04-09,110745,1,6,0,40.0
DIASGABRIEL_2025-04-09_G43,DIASGABRIEL,2025-04-09,118317,2,14,13,99.0
DIASGABRIEL_2025-04-09_G44,DIASGABRIEL,2025-04-09,110787,2,13,13,285.0
DIASGABRIEL_2025-04-09_G45,DIASGABRIEL,2025-04-09,117821,1,15,0,72.0
DIASGABRIEL_2025-04-09_G46,DIASGABRIEL,2025-04-09,117785,1,7,0,126.0
DIASGABRIEL_2025-04-09_G47,DIASGABRIEL,2025-04-09,111465,1,8,0,72.0
DIASGABRIEL_2025-04-09_G48,DIASGABRIEL,2025-04-09,110895,1,10,0,2391.0
DIASGABRIEL_2025-04-09_G49,DIASGABRIEL,2025-04-09,110339,1,4,0,133.0
DIASGABRIEL_2025-04-09_G50,DIASGABRIEL,2025-04-09,110313,1,11,0,92.0
DIASGABRIEL_2025-04-09_G51,DIASGABRIEL,2025-04-09,117855,1,4,0,110.0
DIASGABRIEL_2025-04-09_G52,DIASGABRIEL,2025-04-09,110752,1,4,0,47.0
DIASGABRIEL_2025-04-09_G53,DIASGABRIEL,2025-04-09,110515,1,19,0,102.0
DIASGABRIEL_2025-04-09_G54,DIASGABRIEL,2025-04-09,110711,1,4,0,91.0
DIASGABRIEL_2025-04-09_G55,DIASGABRIEL,2025-04-09,111469,1,1,0,167.0
DIASGABRIEL_2025-04-09_G56,DIASGABRIEL,2025-04-09,111462,1,15,0,51.0
DIASGABRIEL_2025-04-09_G57,DIASGABRIEL,2025-04-09,118004,1,9,0,487.0
DIASGABRIEL_2025-04-09_G58,DIASGABRIEL,2025-04-09,118140,1,33,0,74.0
DIASGABRIEL_2025-04-09_G59,DIASGABRIEL,2025-04-09,111468,1,3,0,260.0
DIASGABRIEL_2025-04-09_G60,DIASGABRIEL,2025-04-09,111466,1,7,0,44.0
DIASGABRIEL_2025-04-09_G61,DIASGABRIEL,2025-04-09,117833,1,4,0,80.0
DIASGABRIEL_2025-04-09_G62,DIASGABRIEL,2025-04-09,109641,1,4,0,45.0
DIASGABRIEL_2025-04-09_G63,DIASGABRIEL,2025-04-09,109645,1,9,0,45.0
DIASGABRIEL_2025-04-09_G64,DIASGABRIEL,2025-04-09,108794,1,5,0,95.0
DIASGABRIEL_2025-04-09_G65,DIASGABRIEL,2025-04-09,105705,1,3,0,72.0
DIASGABRIEL_2025-04-09_G66,DIASGABRIEL,2025-04-09,110787,1,7,0,65.0
DIASGABRIEL_2025-04-09_G67,DIASGABRIEL,2025-04-09,111465,1,1,0,57.0
DIASGABRIEL_2025-04-09_G68,DIASGABRIEL,2025-04-09,107830,1,10,0,282.0
DIASGABRIEL_2025-04-09_G69,DIASGABRIEL,2025-04-09,110371,1,6,0,55.0
DIASGABRIEL_2025-04-09_G70,DIASGABRIEL,2025-04-09,117808,1,16,0,92.0
DIASGABRIEL_2025-04-09_G71,DIASGABRIEL,2025-04-09,110374,1,8,0,112.0
DIASGABRIEL_2025-04-09_G72,DIASGABRIEL,2025-04-09,110372,1,10,0,113.0
DIASGABRIEL_2025-04-09_G73,DIASGABRIEL,2025-04-09,110373,1,24,0,133.0
DIASGABRIEL_2025-04-09_G74,DIASGABRIEL,2025-04-09,109645,1,4,0,389.0
DIASGABRIEL_2025-04-09_G75,DIASGABRIEL,2025-04-09,110752,2,2,7,64.0
DIASGABRIEL_2025-04-09_G76,DIASGABRIEL,2025-04-09,110755,1,50,0,211.0
DIASGABRIEL_2025-04-09_G77,DIASGABRIEL,2025-04-09,111469,1,35,0,304.0
DIASGABRIEL_2025-04-09_G78,DIASGABRIEL,2025-04-09,111462,1,2,0,162.0
DIASGABRIEL_2025-04-09_G79,DIASGABRIEL,2025-04-09,118004,1,5,0,69.0
DIASGABRIEL_2025-04-09_G80,DIASGABRIEL,2025-04-09,118140,1,27,0,224.0
DIASGABRIEL_2025-04-09_G81,DIASGABRIEL,2025-04-09,109645,1,20,0,182.0
DIASGABRIEL_2025-04-09_G82,DIASGABRIEL,2025-04-09,108794,1,2,0,314.0
DIASGABRIEL_2025-04-09_G83,DIASGABRIEL,2025-04-09,117821,1,4,0,69.0
DIASGABRIEL_2025-04-09_G84,DIASGABRIEL,2025-04-09,118299,1,30,0,167.0
DIASGABRIEL_2025-04-09_G85,DIASGABRIEL,2025-04-09,109643,1,17,0,184.0
DIASGABRIEL_2025-04-09_G86,DIASGABRIEL,2025-04-09,107830,2,12,15,95.0
DIASGABRIEL_2025-04-09_G87,DIASGABRIEL,2025-04-09,117820,1,30,0,102.0
DIASGABRIEL_2025-04-09_G88,DIASGABRIEL,2025-04-09,117808,1,380,0,431.0
DIASGABRIEL_2025-04-09_G89,DIASGABRIEL,2025-04-09,117832,1,18,0,164.0
DIASGABRIEL_2025-04-09_G90,DIASGABRIEL,2025-04-09,110373,1,80,0,139.0
DIASGABRIEL_2025-04-09_G91,DIASGABRIEL,2025-04-09,109747,1,4,0,220.0
DIASGABRIEL_2025-04-09_G92,DIASGABRIEL,2025-04-09,110374,1,46,0,66.0
DIASGABRIEL_2025-04-12_G02,DIASGABRIEL,2025-04-12,110756,1,198,0,751.0
DIASGABRIEL_2025-04-12_G03,DIASGABRIEL,2025-04-12,109649,1,37,0,399.0
DIASGABRIEL_2025-04-12_G04,DIASGABRIEL,2025-04-12,110582,2,8,12,1329.0
DIASGABRIEL_2025-04-12_G05,DIASGABRIEL,2025-04-12,110755,1,2,0,87.0
DIASGABRIEL_2025-04-12_G06,DIASGABRIEL,2025-04-12,100334,1,8,0,126.0
DIASGABRIEL_2025-04-12_G07,DIASGABRIEL,2025-04-12,117855,1,4,0,92.0
DIASGABRIEL_2025-04-12_G08,DIASGABRIEL,2025-04-12,111467,1,4,0,50.0
DIASGABRIEL_2025-04-12_G09,DIASGABRIEL,2025-04-12,110515,1,9,0,250.0
DIASGABRIEL_2025-04-12_G10,DIASGABRIEL,2025-04-12,111469,1,2,0,74.0
DIASGABRIEL_2025-04-12_G11,DIASGABRIEL,2025-04-12,111469,1,10,0,71.0
DIASGABRIEL_2025-04-12_G12,DIASGABRIEL,2025-04-12,111418,1,80,0,127.0
DIASGABRIEL_2025-04-12_G13,DIASGABRIEL,2025-04-12,111532,1,38,0,313.0
DIASGABRIEL_2025-04-12_G14,DIASGABRIEL,2025-04-12,118317,1,3,0,89.0
DIASGABRIEL_2025-04-12_G15,DIASGABRIEL,2025-04-12,110325,1,4,0,167.0
DIASGABRIEL_2025-04-12_G16,DIASGABRIEL,2025-04-12,110325,1,12,0,63.0
DIASGABRIEL_2025-04-12_G17,DIASGABRIEL,2025-04-12,117820,2,49,7,221.0
DIASGABRIEL_2025-04-12_G18,DIASGABRIEL,2025-04-12,117808,1,430,0,583.0
DIASGABRIEL_2025-04-12_G19,DIASGABRIEL,2025-04-12,118299,1,196,0,285.0
DIASGABRIEL_2025-04-12_G20,DIASGABRIEL,2025-04-12,118299,1,2,0,55.0
DIASGABRIEL_2025-04-12_G21,DIASGABRIEL,2025-04-12,109643,1,10,0,112.0
DIASGABRIEL_2025-04-12_G22,DIASGABRIEL,2025-04-12,110371,1,12,0,65.0
DIASGABRIEL_2025-04-12_G23,DIASGABRIEL,2025-04-12,117830,1,40,0,248.0
DIASGABRIEL_2025-04-12_G24,DIASGABRIEL,2025-04-12,117832,1,4,0,158.0
DIASGABRIEL_2025-04-12_G25,DIASGABRIEL,2025-04-12,117832,1,12,0,76.0
DIASGABRIEL_2025-04-12_G26,DIASGABRIEL,2025-04-12,110373,2,24,17,97.0
DIASGABRIEL_2025-04-14_G02,DIASGABRIEL,2025-04-14,118222,1,14,0,172.0
DIASGABRIEL_2025-04-14_G03,DIASGABRIEL,2025-04-14,118004,3,21,32,68.0
DIASGABRIEL_2025-04-14_G04,DIASGABRIEL,2025-04-14,111441,1,1,0,1603.0
DIASGABRIEL_2025-04-14_G05,DIASGABRIEL,2025-04-14,108772,1,6,0,48.0
DIASGABRIEL_2025-04-14_G06,DIASGABRIEL,2025-04-14,"110756, 111462, 107830, 111182, 110755, 117837, 111743, 110374",18,76,254,31.0
DIASGABRIEL_2025-04-14_G07,DIASGABRIEL,2025-04-14,"116241, 118290",2,15,27,175.0
DIASGABRIEL_2025-04-14_G08,DIASGABRIEL,2025-04-14,180057,1,2,0,35.0
DIASGABRIEL_2025-04-14_G09,DIASGABRIEL,2025-04-14,111431,1,6,0,37.0
DIASGABRIEL_2025-04-14_G10,DIASGABRIEL,2025-04-14,110756,1,4,0,36.0
DIASGABRIEL_2025-04-14_G12,DIASGABRIEL,2025-04-14,"118280, 118326",2,27,17,121.0
DIASGABRIEL_2025-04-14_G13,DIASGABRIEL,2025-04-14,"111466, 116241, 110515, 110374, 107830, 110372, 110787, 117821",10,34,98,73.0
DIASGABRIEL_2025-04-14_G15,DIASGABRIEL,2025-04-14,123947,1,10,0,41.0
DIASGABRIEL_2025-04-14_G16,DIASGABRIEL,2025-04-14,118326,1,2,0,47.0
DIASGABRIEL_2025-04-15_G02,DIASGABRIEL,2025-04-15,124475,1,4,0,72.0
DIASGABRIEL_2025-04-15_G03,DIASGABRIEL,2025-04-15,"111441, 117834",2,2,28,59.0
DIASGABRIEL_2025-04-15_G04,DIASGABRIEL,2025-04-15,123947,1,20,0,71.0
DIASGABRIEL_2025-04-15_G05,DIASGABRIEL,2025-04-15,"110749, 122985, 122962",3,14,38,40.0
DIASGABRIEL_2025-04-15_G06,DIASGABRIEL,2025-04-15,123947,1,8,0,45.0
DIASGABRIEL_2025-04-16_G02,DIASGABRIEL,2025-04-16,"111356, 141249, 111463",3,246,38,111.0
DIASGABRIEL_2025-04-22_G03,DIASGABRIEL,2025-04-22,"118140, 118004, 181235",6,66,97,142.0
DIASGABRIEL_2025-04-22_G04,DIASGABRIEL,2025-04-22,"111463, 124594, 118322, 123344, 120995, 110743, 110325, 118229, 111887, 118326",11,186,213,36.0
DIASGABRIEL_2025-04-22_G05,DIASGABRIEL,2025-04-22,124371,1,79,0,315.0
DIASGABRIEL_2025-04-22_G06,DIASGABRIEL,2025-04-22,"110376, 123911",2,11,13,179.0
DIASGABRIEL_2025-04-22_G07,DIASGABRIEL,2025-04-22,124486,1,1,0,32.0
DIASGABRIEL_2025-04-22_G08,DIASGABRIEL,2025-04-22,"117836, 105242, 121651, 109937",4,15,72,561.0
DIASGABRIEL_2025-04-22_G09,DIASGABRIEL,2025-04-22,"122962, 122985",2,5,5,33.0
DIASGABRIEL_2025-04-22_G10,DIASGABRIEL,2025-04-22,124371,1,30,0,64.0
DIASGABRIEL_2025-04-23_G03,DIASGABRIEL,2025-04-23,"141249, 109643",2,76,19,53.0
DIASGABRIEL_2025-04-24_G02,DIASGABRIEL,2025-04-24,123947,2,84,24,412.0
DIASGABRIEL_2025-04-24_G03,DIASGABRIEL,2025-04-24,"118354, 107830, 110372, 111172",4,14,67,47.0
DIASGABRIEL_2025-04-24_G04,DIASGABRIEL,2025-04-24,111755,1,8,0,418.0
DIASGABRIEL_2025-04-24_G05,DIASGABRIEL,2025-04-24,108711,1,2,0,100.0
DIASGABRIEL_2025-04-24_G06,DIASGABRIEL,2025-04-24,109640,1,1,0,50.0
DIASGABRIEL_2025-04-25_G02,DIASGABRIEL,2025-04-25,111444,2,32,6,206.0
DIASGABRIEL_2025-04-25_G03,DIASGABRIEL,2025-04-25,111444,2,12,10,56.0
DIASGABRIEL_2025-04-25_G05,DIASGABRIEL,2025-04-25,111182,1,4,0,32.0
DIASGABRIEL_2025-04-25_G06,DIASGABRIEL,2025-04-25,"123947, 110448, 111447, 111445",5,19,101,67.0
DIASGABRIEL_2025-04-28_G02,DIASGABRIEL,2025-04-28,100334,1,2,0,53.0
DIASGABRIEL_2025-04-28_G03,DIASGABRIEL,2025-04-28,140911,1,2,0,45.0
DIASGABRIEL_2025-04-28_G04,DIASGABRIEL,2025-04-28,122194,1,1,0,57.0
DIASGABRIEL_2025-04-28_G05,DIASGABRIEL,2025-04-28,"111620, 118100",2,6,13,44.0
DIASGABRIEL_2025-04-28_G06,DIASGABRIEL,2025-04-28,111444,1,8,0,62.0
DIASGABRIEL_2025-04-28_G07,DIASGABRIEL,2025-04-28,117935,1,49,0,62.0
DIASGABRIEL_2025-04-29_G02,DIASGABRIEL,2025-04-29,117820,1,5,0,1567.0
DIASGABRIEL_2025-04-29_G03,DIASGABRIEL,2025-04-29,"120028, 122983, 180035",3,29,32,41.0
DIASGABRIEL_2025-04-29_G04,DIASGABRIEL,2025-04-29,117841,1,10,0,33.0
DIASGABRIEL_2025-05-01_G02,DIASGABRIEL,2025-05-01,109649,2,135,6,293.0
DIASGABRIEL_2025-05-03_G02,DIASGABRIEL,2025-05-03,"118229, 123313",2,14,25,303.0
DIASGABRIEL_2025-05-03_G03,DIASGABRIEL,2025-05-03,"181057, 109933, 110755, 100334, 105359, 111445, 108759, 123344, 123313, 122647, 111182, 111465",16,87,178,41.0
DIASGABRIEL_2025-05-03_G04,DIASGABRIEL,2025-05-03,"181906, 111182, 111442, 117820, 118290",5,74,78,53.0
DIASGABRIEL_2025-05-03_G05,DIASGABRIEL,2025-05-03,"109645, 111438",2,9,13,54.0
DIASGABRIEL_2025-05-03_G06,DIASGABRIEL,2025-05-03,"111530, 111468, 108794, 107236",4,67,27,52.0
DIASGABRIEL_2025-05-03_G07,DIASGABRIEL,2025-05-03,"122985, 111354",2,5,29,34.0
DIASGABRIEL_2025-05-03_G08,DIASGABRIEL,2025-05-03,114647,1,40,0,46.0
DIASGABRIEL_2025-05-03_G09,DIASGABRIEL,2025-05-03,"118094, 109640",2,4,7,35.0
DIASGABRIEL_2025-05-08_G02,DIASGABRIEL,2025-05-08,117822,1,8,0,719.0
DIASGABRIEL_2025-05-08_G03,DIASGABRIEL,2025-05-08,117822,1,2,0,33.0
DIASGABRIEL_2025-05-08_G04,DIASGABRIEL,2025-05-08,"110755, 117853, 117822",3,12,22,2485.0
DIASGABRIEL_2025-05-08_G05,DIASGABRIEL,2025-05-08,"117822, 110741",2,10,12,55.0
DIASGABRIEL_2025-05-08_G06,DIASGABRIEL,2025-05-08,117822,3,10,22,301.0
DIASGABRIEL_2025-05-08_G07,DIASGABRIEL,2025-05-08,"117822, 111445",2,5,24,37.0
DIASGABRIEL_2025-05-08_G08,DIASGABRIEL,2025-05-08,111445,1,8,0,124.0
DIASGABRIEL_2025-05-08_G09,DIASGABRIEL,2025-05-08,"120389, 124247, 123343",3,37,19,1422.0
DIASGABRIEL_2025-05-09_G02,DIASGABRIEL,2025-05-09,"117822, 105242",3,10,50,122.0
DIASGABRIEL_2025-05-09_G03,DIASGABRIEL,2025-05-09,"122647, 122962",2,35,12,489.0
DIASGABRIEL_2025-05-09_G04,DIASGABRIEL,2025-05-09,111723,1,45,0,206.0
DIASGABRIEL_2025-05-12_G03,DIASGABRIEL,2025-05-12,124248,3,44,25,66.0
DIASGABRIEL_2025-05-12_G04,DIASGABRIEL,2025-05-12,124248,1,3,0,46.0
DIASGABRIEL_2025-05-12_G05,DIASGABRIEL,2025-05-12,117788,1,2,0,89.0
DIASGABRIEL_2025-05-12_G06,DIASGABRIEL,2025-05-12,124248,2,10,17,589.0
DIASGABRIEL_2025-05-12_G07,DIASGABRIEL,2025-05-12,181057,1,25,0,1036.0
DIASGABRIEL_2025-05-13_G02,DIASGABRIEL,2025-05-13,110313,1,56,0,66.0
DIASGABRIEL_2025-05-13_G03,DIASGABRIEL,2025-05-13,"110733, 111439, 110711, 111743, 118004, 111761, 116241, 111435, 111469, 117821, 111463, 118140, 111532, 117833, 111172, 117785, 108794, 118191, 110325, 117820, 110373, 110374, 110372, 118299, 117832, 117830, 117808, 117809",46,356,292,37.0
DIASGABRIEL_2025-05-13_G04,DIASGABRIEL,2025-05-13,110313,1,1,0,985.0
DIASGABRIEL_2025-05-13_G05,DIASGABRIEL,2025-05-13,109640,1,6,0,1157.0
DIASGABRIEL_2025-05-13_G06,DIASGABRIEL,2025-05-13,124248,1,29,0,52.0
DIASGABRIEL_2025-05-13_G07,DIASGABRIEL,2025-05-13,110747,1,69,0,48.0
DIASGABRIEL_2025-05-13_G08,DIASGABRIEL,2025-05-13,118140,1,4,0,35.0
DIASGABRIEL_2025-05-13_G09,DIASGABRIEL,2025-05-13,110371,1,12,0,43.0
DIASGABRIEL_2025-05-13_G10,DIASGABRIEL,2025-05-13,110371,1,13,0,41.0
DIASGABRIEL_2025-05-13_G11,DIASGABRIEL,2025-05-13,109640,1,3,0,39.0
DIASGABRIEL_2025-05-13_G12,DIASGABRIEL,2025-05-13,117842,2,28,13,32.0
DIASGABRIEL_2025-05-13_G13,DIASGABRIEL,2025-05-13,115773,1,4,0,32.0
DIASGABRIEL_2025-05-13_G14,DIASGABRIEL,2025-05-13,120389,1,1,0,680.0
DIASGABRIEL_2025-05-14_G02,DIASGABRIEL,2025-05-14,123876,1,10,0,1855.0
DIASGABRIEL_2025-05-14_G03,DIASGABRIEL,2025-05-14,123876,1,10,0,57.0
DIASGABRIEL_2025-05-15_G02,DIASGABRIEL,2025-05-15,111742,1,2,0,84.0
DIASGABRIEL_2025-05-15_G03,DIASGABRIEL,2025-05-15,118298,1,4,0,55.0
DIASGABRIEL_2025-05-16_G02,DIASGABRIEL,2025-05-16,"110751, 110373",2,36,13,3538.0
DIASGABRIEL_2025-05-16_G03,DIASGABRIEL,2025-05-16,109640,1,3,0,43.0
DIASGABRIEL_2025-05-16_G04,DIASGABRIEL,2025-05-16,"108759, 109937",2,12,6,47.0
DIASGABRIEL_2025-05-19_G02,DIASGABRIEL,2025-05-19,117832,1,40,0,871.0
DIASGABRIEL_2025-05-19_G03,DIASGABRIEL,2025-05-19,117832,2,16,18,198.0
DIASGABRIEL_2025-05-19_G04,DIASGABRIEL,2025-05-19,121651,1,13,0,480.0
DIASGABRIEL_2025-05-19_G06,DIASGABRIEL,2025-05-19,109649,1,2,0,2649.0
DIASGABRIEL_2025-05-19_G07,DIASGABRIEL,2025-05-19,110313,1,1,0,289.0
DIASGABRIEL_2025-05-19_G08,DIASGABRIEL,2025-05-19,109649,1,4,0,77.0
DIASGABRIEL_2025-05-19_G09,DIASGABRIEL,2025-05-19,104496,1,4,0,80.0
DIASGABRIEL_2025-05-19_G10,DIASGABRIEL,2025-05-19,124477,1,2,0,40.0
DIASGABRIEL_2025-05-19_G11,DIASGABRIEL,2025-05-19,109640,1,12,0,40.0
DIASGABRIEL_2025-05-19_G12,DIASGABRIEL,2025-05-19,111330,1,2,0,329.0
DIASGABRIEL_2025-05-19_G13,DIASGABRIEL,2025-05-19,117832,1,28,0,78.0
DIASGABRIEL_2025-05-20_G02,DIASGABRIEL,2025-05-20,"111737, 111634",2,18,30,49.0
DIASGABRIEL_2025-05-20_G03,DIASGABRIEL,2025-05-20,117832,1,2,0,64.0
DIASGABRIEL_2025-05-20_G04,DIASGABRIEL,2025-05-20,117832,1,2,0,31.0
DIASGABRIEL_2025-05-20_G05,DIASGABRIEL,2025-05-20,"110374, 117832",2,7,6,36.0
DIASGABRIEL_2025-05-20_G06,DIASGABRIEL,2025-05-20,111469,3,15,31,277.0
DIASGABRIEL_2025-05-20_G07,DIASGABRIEL,2025-05-20,111723,4,53,30,54.0
DIASGABRIEL_2025-05-20_G08,DIASGABRIEL,2025-05-20,111738,1,4,0,89.0
DIASGABRIEL_2025-05-20_G09,DIASGABRIEL,2025-05-20,124477,1,4,0,79.0
DIASGABRIEL_2025-05-20_G10,DIASGABRIEL,2025-05-20,111418,1,50,0,92.0
DIASGABRIEL_2025-05-20_G12,DIASGABRIEL,2025-05-20,"123272, 123496",2,12,6,62.0
DIASGABRIEL_2025-05-21_G02,DIASGABRIEL,2025-05-21,111469,3,10,28,55.0
DIASGABRIEL_2025-05-22_G02,DIASGABRIEL,2025-05-22,117808,2,5,17,59.0
DIASGABRIEL_2025-05-22_G03,DIASGABRIEL,2025-05-22,"111634, 110371, 110372, 117832, 118299, 117809, 111722",9,32,66,32.0
DIASGABRIEL_2025-05-22_G04,DIASGABRIEL,2025-05-22,"122671, 122647, 124486",3,8,12,45.0
DIASGABRIEL_2025-05-26_G02,DIASGABRIEL,2025-05-26,118306,1,30,0,32.0
DIASGABRIEL_2025-05-26_G03,DIASGABRIEL,2025-05-26,120339,1,4,0,42.0
DIASGABRIEL_2025-05-26_G04,DIASGABRIEL,2025-05-26,"110711, 111530, 111736, 117788, 111887",8,84,124,48.0
DIASGABRIEL_2025-05-27_G03,DIASGABRIEL,2025-05-27,117838,1,1,0,54.0
DIASGABRIEL_2025-05-27_G04,DIASGABRIEL,2025-05-27,121928,1,1,0,36.0
DIASGABRIEL_2025-05-28_G03,DIASGABRIEL,2025-05-28,"110313, 117853, 118403, 111602",4,24,15,47.0
DIASGABRIEL_2025-05-28_G04,DIASGABRIEL,2025-05-28,"111743, 116241, 108795, 111462, 108711, 111172, 111532, 118004, 118140, 111418",10,100,45,72.0
DIASGABRIEL_2025-05-28_G05,DIASGABRIEL,2025-05-28,"118191, 110374, 110371, 117808, 110373, 117820, 110376, 118299, 110372, 117832",17,213,135,32.0
DIASGABRIEL_2025-05-28_G06,DIASGABRIEL,2025-05-28,"123909, 120389, 121760, 120339, 123343",5,5,40,36.0
DIASGABRIEL_2025-05-28_G08,DIASGABRIEL,2025-05-28,110711,1,20,0,121.0
DIASGABRIEL_2025-05-28_G09,DIASGABRIEL,2025-05-28,"110129, 110711",2,6,16,53.0
DIASGABRIEL_2025-05-29_G02,DIASGABRIEL,2025-05-29,122962,1,46,0,60.0
DIASGABRIEL_2025-05-29_G03,DIASGABRIEL,2025-05-29,110711,1,4,0,1670.0
DIASGABRIEL_2025-05-29_G05,DIASGABRIEL,2025-05-29,109649,1,4,0,58.0
DIASGABRIEL_2025-05-30_G03,DIASGABRIEL,2025-05-30,111660,1,4,0,53.0
DIASGABRIEL_2025-05-30_G04,DIASGABRIEL,2025-05-30,110582,1,1,0,201.0
DIASGABRIEL_2025-05-30_G05,DIASGABRIEL,2025-05-30,118004,1,4,0,2542.0
DIASGABRIEL_2025-05-30_G06,DIASGABRIEL,2025-05-30,"110711, 140922, 111466, 111431, 110332, 111330, 117830, 110371",8,141,81,660.0
DIASGABRIEL_2025-05-30_G07,DIASGABRIEL,2025-05-30,110711,3,8,22,234.0
DIASGABRIEL_2025-06-09_G02,DIASGABRIEL,2025-06-09,"115775, 116241",2,8,14,873.0
DIASGABRIEL_2025-06-11_G02,DIASGABRIEL,2025-06-11,118229,1,23,0,2163.0
DIASGABRIEL_2025-06-11_G03,DIASGABRIEL,2025-06-11,111742,1,3,0,51.0
DIASGABRIEL_2025-06-11_G04,DIASGABRIEL,2025-06-11,115775,1,12,0,31.0
DIASGABRIEL_2025-06-12_G02,DIASGABRIEL,2025-06-12,"116241, 117808, 111660, 111620",4,34,59,60.0
DIASGABRIEL_2025-06-12_G03,DIASGABRIEL,2025-06-12,"110516, 111740, 111742",3,11,39,55.0
DIASGABRIEL_2025-06-12_G04,DIASGABRIEL,2025-06-12,124264,1,1,0,46.0
DIASGABRIEL_2025-06-12_G06,DIASGABRIEL,2025-06-12,141047,1,12,0,37.0
DIASGABRIEL_2025-06-12_G07,DIASGABRIEL,2025-06-12,117853,1,2,0,258.0
DIASGABRIEL_2025-06-12_G08,DIASGABRIEL,2025-06-12,117853,1,12,0,201.0
DIASGABRIEL_2025-06-12_G09,DIASGABRIEL,2025-06-12,118290,1,4,0,81.0
DIASGABRIEL_2025-06-13_G02,DIASGABRIEL,2025-06-13,117853,1,4,0,37.0
DIASGABRIEL_2025-06-13_G03,DIASGABRIEL,2025-06-13,180026,1,8,0,33.0
DIASGABRIEL_2025-06-16_G02,DIASGABRIEL,2025-06-16,"110787, 115775, 122985",3,31,41,1426.0
DIASGABRIEL_2025-06-16_G03,DIASGABRIEL,2025-06-16,"110500, 111356, 123560, 110373",11,44,138,3090.0
DIASGABRIEL_2025-06-16_G04,DIASGABRIEL,2025-06-16,115775,1,30,0,60.0
DIASGABRIEL_2025-06-16_G05,DIASGABRIEL,2025-06-16,"118290, 111602",2,11,11,50.0
DIASGABRIEL_2025-06-16_G06,DIASGABRIEL,2025-06-16,"111356, 118290",2,4,5,43.0
DIASGABRIEL_2025-06-16_G07,DIASGABRIEL,2025-06-16,111751,1,4,0,77.0
DIASGABRIEL_2025-06-16_G08,DIASGABRIEL,2025-06-16,"111761, 111755, 111753, 111751",4,16,29,71.0
DIASGABRIEL_2025-06-16_G11,DIASGABRIEL,2025-06-16,110681,3,7,25,64.0
DIASGABRIEL_2025-06-18_G03,DIASGABRIEL,2025-06-18,122985,1,8,0,1965.0
DIASGABRIEL_2025-06-18_G04,DIASGABRIEL,2025-06-18,123561,1,1,0,74.0
DIASGABRIEL_2025-06-19_G02,DIASGABRIEL,2025-06-19,"111330, 120339",2,5,11,54.0
DIASGABRIEL_2025-06-19_G04,DIASGABRIEL,2025-06-19,"110313, 123311",3,53,19,72.0
DIASGABRIEL_2025-06-19_G05,DIASGABRIEL,2025-06-19,118004,1,16,0,127.0
DIASGABRIEL_2025-06-19_G06,DIASGABRIEL,2025-06-19,118403,1,2,0,3038.0
DIASGABRIEL_2025-06-20_G02,DIASGABRIEL,2025-06-20,"109645, 111441",2,12,25,2932.0
DIASGABRIEL_2025-06-20_G03,DIASGABRIEL,2025-06-20,"111753, 117841, 110711",3,17,47,326.0
DIASGABRIEL_2025-06-20_G04,DIASGABRIEL,2025-06-20,120339,1,5,0,63.0
DIASGABRIEL_2025-06-21_G04,DIASGABRIEL,2025-06-21,111742,1,22,0,310.0
DIASGABRIEL_2025-06-21_G05,DIASGABRIEL,2025-06-21,111742,1,10,0,72.0
DIASGABRIEL_2025-06-21_G07,DIASGABRIEL,2025-06-21,117834,1,14,0,85.0
DIASGABRIEL_2025-06-21_G08,DIASGABRIEL,2025-06-21,110313,1,4,0,102.0
DIASGABRIEL_2025-06-23_G03,DIASGABRIEL,2025-06-23,124621,1,290,0,286.0
DIASGABRIEL_2025-06-23_G05,DIASGABRIEL,2025-06-23,"111741, 111737, 111753, 110711, 111435, 108794, 117831, 123947, 111634",11,83,112,35.0
DIASGABRIEL_2025-06-23_G06,DIASGABRIEL,2025-06-23,124621,1,182,0,2357.0
DIASGABRIEL_2025-06-23_G07,DIASGABRIEL,2025-06-23,124621,1,108,0,380.0
DIASGABRIEL_2025-06-24_G02,DIASGABRIEL,2025-06-24,110832,1,2,0,2771.0
DIASGABRIEL_2025-06-24_G03,DIASGABRIEL,2025-06-24,"110681, 111660",2,5,6,118.0
DIASGABRIEL_2025-06-24_G04,DIASGABRIEL,2025-06-24,110500,2,4,9,432.0
DIASGABRIEL_2025-06-24_G05,DIASGABRIEL,2025-06-24,122962,1,36,0,62.0
DIASGABRIEL_2025-06-24_G06,DIASGABRIEL,2025-06-24,111752,1,2,0,40.0
DIASGABRIEL_2025-06-24_G07,DIASGABRIEL,2025-06-24,111738,1,26,0,97.0
DIASGABRIEL_2025-06-24_G08,DIASGABRIEL,2025-06-24,111353,1,1,0,215.0
DIASGABRIEL_2025-06-24_G09,DIASGABRIEL,2025-06-24,124476,1,8,0,75.0
DIASGABRIEL_2025-06-24_G10,DIASGABRIEL,2025-06-24,"110733, 122984",2,28,27,45.0
DIASGABRIEL_2025-06-24_G11,DIASGABRIEL,2025-06-24,114099,1,6,0,2060.0
DIASGABRIEL_2025-06-25_G04,DIASGABRIEL,2025-06-25,111751,1,44,0,116.0
DIASGABRIEL_2025-06-25_G05,DIASGABRIEL,2025-06-25,110832,3,29,33,1899.0
DIASGABRIEL_2025-06-25_G06,DIASGABRIEL,2025-06-25,110500,1,4,0,43.0
DIASGABRIEL_2025-06-26_G02,DIASGABRIEL,2025-06-26,118250,1,4,0,283.0
DIASGABRIEL_2025-06-26_G03,DIASGABRIEL,2025-06-26,118281,1,2,0,52.0
DIASGABRIEL_2025-06-26_G04,DIASGABRIEL,2025-06-26,"122982, 123909",2,30,7,137.0
DIASGABRIEL_2025-06-26_G05,DIASGABRIEL,2025-06-26,"180169, 124476",2,6,27,74.0
DIASGABRIEL_2025-06-26_G06,DIASGABRIEL,2025-06-26,114647,1,2,0,77.0
DIASGABRIEL_2025-06-26_G07,DIASGABRIEL,2025-06-26,122984,1,4,0,62.0
DIASGABRIEL_2025-06-26_G08,DIASGABRIEL,2025-06-26,109933,1,2,0,129.0
DIASGABRIEL_2025-06-27_G02,DIASGABRIEL,2025-06-27,"124264, 122962",2,4,6,64.0
DIASGABRIEL_2025-06-27_G03,DIASGABRIEL,2025-06-27,111443,1,9,0,162.0
DIASGABRIEL_2025-06-27_G04,DIASGABRIEL,2025-06-27,111443,1,41,0,63.0
DIASGABRIEL_2025-06-27_G05,DIASGABRIEL,2025-06-27,110500,1,2,0,1327.0
DIASGABRIEL_2025-06-27_G06,DIASGABRIEL,2025-06-27,"140920, 118094",2,101,16,62.0
DIASGABRIEL_2025-06-27_G07,DIASGABRIEL,2025-06-27,"110317, 110500",3,8,32,50.0
DIASGABRIEL_2025-07-02_G02,DIASGABRIEL,2025-07-02,"118442, 110500",2,16,24,81.0
DIASGABRIEL_2025-07-03_G02,DIASGABRIEL,2025-07-03,"124548, 118004",2,4,29,588.0
DIASGABRIEL_2025-07-03_G03,DIASGABRIEL,2025-07-03,110313,1,159,0,248.0
DIASGABRIEL_2025-07-05_G02,DIASGABRIEL,2025-07-05,117832,2,10,14,1711.0
DIASGABRIEL_2025-07-05_G03,DIASGABRIEL,2025-07-05,"118140, 117832",3,63,34,36.0
DIASGABRIEL_2025-07-05_G04,DIASGABRIEL,2025-07-05,118140,1,20,0,67.0
DIASGABRIEL_2025-07-05_G05,DIASGABRIEL,2025-07-05,117832,1,4,0,35.0
DIASGABRIEL_2025-07-05_G06,DIASGABRIEL,2025-07-05,"118140, 117832",5,58,45,36.0
DIASGABRIEL_2025-07-05_G08,DIASGABRIEL,2025-07-05,"110746, 110787, 117832",4,82,43,40.0
DIASGABRIEL_2025-07-07_G02,DIASGABRIEL,2025-07-07,110313,1,7,0,51.0
DIASGABRIEL_2025-07-07_G03,DIASGABRIEL,2025-07-07,"118140, 117832",2,60,13,61.0
DIASGABRIEL_2025-07-07_G04,DIASGABRIEL,2025-07-07,111876,1,4,0,45.0
DIASGABRIEL_2025-07-10_G02,DIASGABRIEL,2025-07-10,"117785, 111462, 111418, 118140, 110332, 110325, 117832, 117809, 117808, 118299, 117820, 110372, 141202, 110373",16,172,118,47.0
DIASGABRIEL_2025-07-10_G03,DIASGABRIEL,2025-07-10,111620,1,2,0,330.0
DIASGABRIEL_2025-07-10_G04,DIASGABRIEL,2025-07-10,109641,1,6,0,489.0
DIASGABRIEL_2025-07-10_G05,DIASGABRIEL,2025-07-10,"118140, 111463",2,22,12,31.0
DIASGABRIEL_2025-07-10_G06,DIASGABRIEL,2025-07-10,"109640, 118140",2,15,15,98.0
DIASGABRIEL_2025-07-10_G07,DIASGABRIEL,2025-07-10,111463,1,4,0,36.0
DIASGABRIEL_2025-07-10_G08,DIASGABRIEL,2025-07-10,"118140, 109640, 111463",4,58,32,44.0
DIASGABRIEL_2025-07-10_G10,DIASGABRIEL,2025-07-10,"110746, 109641",2,17,12,49.0
DIASGABRIEL_2025-07-10_G11,DIASGABRIEL,2025-07-10,118140,1,4,0,57.0
DIASGABRIEL_2025-07-11_G03,DIASGABRIEL,2025-07-11,117820,1,8,0,45.0
DIASGABRIEL_2025-07-11_G04,DIASGABRIEL,2025-07-11,118140,1,5,0,37.0
DIASGABRIEL_2025-07-14_G02,DIASGABRIEL,2025-07-14,118140,1,40,0,55.0
DIASGABRIEL_2025-07-14_G03,DIASGABRIEL,2025-07-14,118140,1,22,0,71.0
DIASGABRIEL_2025-07-15_G02,DIASGABRIEL,2025-07-15,118140,5,12,46,58.0
DIASGABRIEL_2025-07-15_G03,DIASGABRIEL,2025-07-15,"111463, 123909, 121651, 124476, 120008, 123345, 124486, 123492, 122673, 140911, 111430",17,96,206,62.0
DIASGABRIEL_2025-07-15_G04,DIASGABRIEL,2025-07-15,117830,1,12,0,231.0
DIASGABRIEL_2025-07-15_G05,DIASGABRIEL,2025-07-15,110740,1,2,0,559.0
DIASGABRIEL_2025-07-15_G08,DIASGABRIEL,2025-07-15,109974,1,1,0,135.0
DIASGABRIEL_2025-07-15_G09,DIASGABRIEL,2025-07-15,118290,1,2,0,56.0
DIASGABRIEL_2025-07-17_G02,DIASGABRIEL,2025-07-17,"110743, 111462, 117833, 117785, 111433",5,68,26,59.0
DIASGABRIEL_2025-07-17_G03,DIASGABRIEL,2025-07-17,"117820, 110325, 117832, 117808, 118191, 110372, 118299, 124594",8,55,51,89.0
DIASGABRIEL_2025-08-20_G02,DIASGABRIEL,2025-08-20,118140,1,30,0,217.0
DIASGABRIEL_2025-08-20_G03,DIASGABRIEL,2025-08-20,111182,1,5,0,1240.0
DIASGABRIEL_2025-08-26_G02,DIASGABRIEL,2025-08-26,118094,1,4,0,758.0
DIASGABRIEL_2025-08-26_G03,DIASGABRIEL,2025-08-26,118094,1,5,0,79.0
DIASGABRIEL_2025-08-26_G04,DIASGABRIEL,2025-08-26,118094,1,1,0,75.0
DIASGABRIEL_2025-08-26_G05,DIASGABRIEL,2025-08-26,181237,1,6,0,403.0
DIASGABRIEL_2025-08-26_G06,DIASGABRIEL,2025-08-26,124476,1,2,0,223.0
DIASGABRIEL_2025-08-26_G07,DIASGABRIEL,2025-08-26,118224,1,4,0,136.0
DIASGABRIEL_2025-08-26_G08,DIASGABRIEL,2025-08-26,111755,1,40,0,117.0
DIASGABRIEL_2025-08-26_G09,DIASGABRIEL,2025-08-26,118094,1,5,0,66.0
DIASGABRIEL_2025-08-26_G10,DIASGABRIEL,2025-08-26,"118094, 110580",2,9,7,44.0
DIASGABRIEL_2025-08-26_G11,DIASGABRIEL,2025-08-26,118094,1,2,0,100.0
DIASGABRIEL_2025-08-26_G12,DIASGABRIEL,2025-08-26,118094,1,2,0,299.0
DIASGABRIEL_2025-08-26_G13,DIASGABRIEL,2025-08-26,118094,1,8,0,90.0
DIASGABRIEL_2025-08-26_G14,DIASGABRIEL,2025-08-26,118094,1,2,0,188.0
DIASGABRIEL_2025-08-26_G15,DIASGABRIEL,2025-08-26,118094,1,14,0,63.0
DIASGABRIEL_2025-08-26_G16,DIASGABRIEL,2025-08-26,118094,1,4,0,71.0
DIASGABRIEL_2025-08-26_G17,DIASGABRIEL,2025-08-26,118094,1,26,0,47.0
DIASGABRIEL_2025-08-26_G18,DIASGABRIEL,2025-08-26,"118306, 109649",2,4,14,41.0
DIASGABRIEL_2025-08-26_G19,DIASGABRIEL,2025-08-26,111739,1,202,0,55.0
DIASGABRIEL_2025-08-26_G20,DIASGABRIEL,2025-08-26,111738,3,18,21,57.0
DIASGABRIEL_2025-08-26_G21,DIASGABRIEL,2025-08-26,111759,1,19,0,34.0
DIASGABRIEL_2025-08-26_G22,DIASGABRIEL,2025-08-26,118094,1,5,0,35.0
DIASGABRIEL_2025-08-26_G23,DIASGABRIEL,2025-08-26,124370,1,200,0,63.0
DIASGABRIEL_2025-08-26_G24,DIASGABRIEL,2025-08-26,118094,1,12,0,38.0
DIASGABRIEL_2025-08-26_G25,DIASGABRIEL,2025-08-26,118191,1,1900,0,3415.0
DIASGABRIEL_2025-08-26_G26,DIASGABRIEL,2025-08-26,118094,1,48,0,70.0
DIASGABRIEL_2025-08-26_G27,DIASGABRIEL,2025-08-26,118191,1,1843,0,73.0
DIASGABRIEL_2025-08-26_G28,DIASGABRIEL,2025-08-26,"118094, 110313",2,13,17,78.0
DIASGABRIEL_2025-08-26_G29,DIASGABRIEL,2025-08-26,"118403, 110376",2,35,13,55.0
DIASGABRIEL_2025-08-26_G30,DIASGABRIEL,2025-08-26,111759,1,5,0,48.0
DIASGABRIEL_2025-08-26_G31,DIASGABRIEL,2025-08-26,118094,1,2,0,31.0
DIASGABRIEL_2025-09-02_G02,DIASGABRIEL,2025-09-02,118191,1,849,0,75.0
DIASGABRIEL_2025-09-24_G02,DIASGABRIEL,2025-09-24,118250,1,6,0,259.0
DIASGABRIEL_2025-09-24_G03,DIASGABRIEL,2025-09-24,110711,2,8,11,78.0
DIASGABRIEL_2025-09-24_G04,DIASGABRIEL,2025-09-24,"181235, 111761",3,19,15,114.0
DIASGABRIEL_2025-09-24_G05,DIASGABRIEL,2025-09-24,181235,1,1,0,37.0
DIASGABRIEL_2025-09-24_G07,DIASGABRIEL,2025-09-24,"111172, 141352",2,4,28,154.0
DIASGABRIEL_2025-09-24_G08,DIASGABRIEL,2025-09-24,"124486, 123345",2,53,13,34.0
DIASGABRIEL_2025-09-24_G09,DIASGABRIEL,2025-09-24,111435,1,64,0,251.0
DIASGABRIEL_2025-09-24_G10,DIASGABRIEL,2025-09-24,118191,1,379,0,82.0
DIASGABRIEL_2025-09-24_G11,DIASGABRIEL,2025-09-24,118191,1,2,0,36.0
DIASGABRIEL_2025-09-24_G12,DIASGABRIEL,2025-09-24,"117856, 118140",3,10,24,35.0
DIASGABRIEL_2025-09-24_G13,DIASGABRIEL,2025-09-24,110711,1,7,0,40.0
DIASGABRIEL_2025-09-24_G14,DIASGABRIEL,2025-09-24,110711,1,43,0,210.0
DIASGABRIEL_2025-09-24_G15,DIASGABRIEL,2025-09-24,111442,1,1,0,33.0
DIASGABRIEL_2025-09-24_G16,DIASGABRIEL,2025-09-24,111442,1,8,0,33.0
DIASGABRIEL_2025-09-24_G17,DIASGABRIEL,2025-09-24,111172,1,2,0,31.0
DIASGABRIEL_2025-09-24_G18,DIASGABRIEL,2025-09-24,160051,1,4,0,275.0
DIASGABRIEL_2025-09-24_G19,DIASGABRIEL,2025-09-24,"110313, 117808",4,46,41,64.0
DIASGABRIEL_2025-09-24_G20,DIASGABRIEL,2025-09-24,115775,1,6,0,48.0
DIASGABRIEL_2025-09-24_G21,DIASGABRIEL,2025-09-24,122968,1,8,0,84.0
DIASGABRIEL_2025-09-24_G22,DIASGABRIEL,2025-09-24,"117856, 111442",2,28,13,31.0
DIASGABRIEL_2025-09-24_G23,DIASGABRIEL,2025-09-24,110313,1,9,0,85.0
DIASGABRIEL_2025-09-24_G24,DIASGABRIEL,2025-09-24,110313,1,6,0,62.0
DIASGABRIEL_2025-09-24_G25,DIASGABRIEL,2025-09-24,117785,1,50,0,152.0
DIASGABRIEL_2025-09-24_G26,DIASGABRIEL,2025-09-24,110740,1,2,0,129.0
DIASGABRIEL_2025-09-24_G27,DIASGABRIEL,2025-09-24,110740,1,2,0,127.0
DIASGABRIEL_2025-09-24_G28,DIASGABRIEL,2025-09-24,"120272, 120271",2,5,16,178.0
DIASGABRIEL_2025-09-24_G29,DIASGABRIEL,2025-09-24,118191,1,527,0,58.0
DIASGABRIEL_2025-09-24_G30,DIASGABRIEL,2025-09-24,110313,1,12,0,50.0
DIASGABRIEL_2025-09-24_G31,DIASGABRIEL,2025-09-24,"110373, 110313",2,8,28,33.0
DIASGABRIEL_2025-09-24_G32,DIASGABRIEL,2025-09-24,"110740, 110895",2,5,13,43.0
DIASGABRIEL_2025-09-24_G33,DIASGABRIEL,2025-09-24,117785,1,985,0,57.0
DIASGABRIEL_2025-09-24_G34,DIASGABRIEL,2025-09-24,110373,1,430,0,49.0
DIASGABRIEL_2025-09-24_G35,DIASGABRIEL,2025-09-24,120272,1,6,0,36.0
DIASGABRIEL_2025-09-24_G36,DIASGABRIEL,2025-09-24,110740,1,2,0,166.0
DIASGABRIEL_2025-09-24_G37,DIASGABRIEL,2025-09-24,110325,1,1,0,56.0
DIASGABRIEL_2025-09-24_G38,DIASGABRIEL,2025-09-24,110313,4,9,37,34.0
DIASGABRIEL_2025-09-24_G39,DIASGABRIEL,2025-09-24,111759,1,1000,0,156.0
DIASGABRIEL_2025-09-24_G40,DIASGABRIEL,2025-09-24,118191,1,1000,0,42.0
DIASGABRIEL_2025-09-24_G41,DIASGABRIEL,2025-09-24,117785,1,780,0,43.0
DIASGABRIEL_2025-09-24_G42,DIASGABRIEL,2025-09-24,110515,1,206,0,69.0
DIASGABRIEL_2025-09-24_G43,DIASGABRIEL,2025-09-24,"110742, 110752",2,10,23,417.0
DIASGABRIEL_2025-09-30_G02,DIASGABRIEL,2025-09-30,117820,1,125,0,87.0
DIASGABRIEL_2025-09-30_G03,DIASGABRIEL,2025-09-30,117820,1,115,0,69.0
DIASGABRIEL_2025-09-30_G04,DIASGABRIEL,2025-09-30,"117785, 117820",2,220,10,46.0
DIASGABRIEL_2025-09-30_G05,DIASGABRIEL,2025-09-30,123345,1,50,0,175.0
DIASGABRIEL_2025-10-07_G02,DIASGABRIEL,2025-10-07,"111634, 141262",2,26,7,40.0
DIASGABRIEL_2025-10-10_G02,DIASGABRIEL,2025-10-10,111751,1,18,0,68.0
DIASGABRIEL_2025-10-10_G03,DIASGABRIEL,2025-10-10,118140,1,8,0,124.0
DIASGABRIEL_2025-10-10_G04,DIASGABRIEL,2025-10-10,118277,1,4,0,52.0
DIASGABRIEL_2025-10-10_G05,DIASGABRIEL,2025-10-10,124477,1,6,0,153.0
DIASGABRIEL_2025-10-23_G02,DIASGABRIEL,2025-10-23,"118403, 111353, 110313, 111602, 117855, 111530",7,47,43,81.0
DIASGABRIEL_2025-10-23_G03,DIASGABRIEL,2025-10-23,"118191, 117820, 117832",6,10,29,85.0
DIASGABRIEL_2025-10-23_G04,DIASGABRIEL,2025-10-23,117808,1,1,0,41.0
DIASGABRIEL_2025-10-23_G05,DIASGABRIEL,2025-10-23,"117808, 110372, 118299, 110373, 110371, 110325",11,100,65,71.0
DIASGABRIEL_2025-10-23_G06,DIASGABRIEL,2025-10-23,"123947, 124486, 122985",3,3,11,154.0
DIASGABRIEL_2025-10-23_G07,DIASGABRIEL,2025-10-23,"111532, 110129, 141456, 118140, 111466, 141457, 108711, 111462, 117833, 141458",11,18,63,196.0
DIASGABRIEL_2025-10-23_G08,DIASGABRIEL,2025-10-23,181645,1,1,0,141.0
DIASGABRIEL_2025-11-12_G02,DIASGABRIEL,2025-11-12,108772,1,24,0,354.0
DIASGABRIEL_2025-11-13_G02,DIASGABRIEL,2025-11-13,118222,1,1,0,473.0
DIASGABRIEL_2025-11-13_G03,DIASGABRIEL,2025-11-13,"140923, 111602, 117838, 118140, 117785, 111743, 141458, 117809, 117820, 107830, 118299, 117808, 110325, 124486, 123822, 123343",20,182,182,33.0
DIASGABRIEL_2025-11-27_G02,DIASGABRIEL,2025-11-27,"123081, 122988",2,80,13,89.0
DIASGABRIEL_2025-11-27_G03,DIASGABRIEL,2025-11-27,118403,1,1,0,184.0
DIASGABRIEL_2025-11-27_G04,DIASGABRIEL,2025-11-27,"110325, 118281",3,16,42,161.0
DIASGABRIEL_2025-11-27_G06,DIASGABRIEL,2025-11-27,118224,1,4,0,127.0
DIASGABRIEL_2025-11-27_G07,DIASGABRIEL,2025-11-27,117831,1,12,0,210.0
DIASGABRIEL_2025-11-27_G08,DIASGABRIEL,2025-11-27,117831,1,11,0,75.0
DIASGABRIEL_2025-11-27_G09,DIASGABRIEL,2025-11-27,108711,3,4,13,249.0
DIASGABRIEL_2025-12-11_G02,DIASGABRIEL,2025-12-11,"111722, 118299, 117808, 110371, 117822, 110375, 110372",9,74,58,66.0
DIASGABRIEL_2025-12-11_G03,DIASGABRIEL,2025-12-11,123492,1,1,0,49.0
DIASGABRIEL_2025-12-11_G04,DIASGABRIEL,2025-12-11,"124248, 123345",3,3,29,92.0
DIASGABRIEL_2025-12-24_G02,DIASGABRIEL,2025-12-24,111530,1,24,0,39.0
DIASGABRIEL_2025-12-24_G03,DIASGABRIEL,2025-12-24,110752,1,8,0,64.0
DIASGABRIEL_2025-12-24_G04,DIASGABRIEL,2025-12-24,111467,1,10,0,716.0
DIASGABRIEL_2025-12-24_G05,DIASGABRIEL,2025-12-24,111602,2,6,24,79.0
DIASGABRIEL_2025-12-24_G06,DIASGABRIEL,2025-12-24,"123343, 123344, 111602, 123909",6,15,63,32.0
DIASGABRIEL_2025-12-24_G07,DIASGABRIEL,2025-12-24,141457,1,2,0,41.0
DIASGABRIEL_2025-12-24_G08,DIASGABRIEL,2025-12-24,141457,1,16,0,169.0
DIASGABRIEL_2025-12-24_G09,DIASGABRIEL,2025-12-24,111602,1,25,0,52.0
DIASGABRIEL_2025-12-24_G10,DIASGABRIEL,2025-12-24,101011,1,1,0,64.0
DIASGABRIEL_2025-12-24_G11,DIASGABRIEL,2025-12-24,"117786, 110371",2,32,16,2591.0
DIASGABRIEL_2025-12-24_G12,DIASGABRIEL,2025-12-24,111602,1,40,0,98.0
DIASGABRIEL_2026-01-09_G02,DIASGABRIEL,2026-01-09,111532,1,8,0,381.0
DIASGABRIEL_2026-01-09_G03,DIASGABRIEL,2026-01-09,111530,1,4,0,266.0
DIASGABRIEL_2026-01-09_G04,DIASGABRIEL,2026-01-09,117855,1,6,0,31.0
DIASGABRIEL_2026-01-09_G05,DIASGABRIEL,2026-01-09,111435,1,2,0,44.0
DIASGABRIEL_2026-01-09_G07,DIASGABRIEL,2026-01-09,114647,1,12,0,156.0
DIASGABRIEL_2026-01-20_G02,DIASGABRIEL,2026-01-20,141458,1,8,0,145.0
DIASGABRIEL_2026-01-20_G03,DIASGABRIEL,2026-01-20,141458,3,18,43,38.0
DIASGABRIEL_2026-01-20_G04,DIASGABRIEL,2026-01-20,124247,2,5,18,614.0
DIASGABRIEL_2026-01-20_G05,DIASGABRIEL,2026-01-20,141262,1,173,0,173.0
DIASGABRIEL_2026-01-20_G06,DIASGABRIEL,2026-01-20,124586,1,10,0,96.0
DIASGABRIEL_2026-01-21_G02,DIASGABRIEL,2026-01-21,110375,1,9,0,131.0
DIASGABRIEL_2026-02-26_G03,DIASGABRIEL,2026-02-26,111462,2,50,8,43.0
DIASGABRIEL_2026-02-26_G04,DIASGABRIEL,2026-02-26,"140922, 111793",2,45,28,160.0
DIASGABRIEL_2026-02-26_G05,DIASGABRIEL,2026-02-26,118416,1,8,0,100.0
DIASGABRIEL_2026-02-26_G06,DIASGABRIEL,2026-02-26,"111793, 111462",2,119,20,36.0
DIASGABRIEL_2026-02-26_G07,DIASGABRIEL,2026-02-26,"110895, 140922, 108711",3,128,27,617.0
DIASGABRIEL_2026-02-26_G08,DIASGABRIEL,2026-02-26,111462,7,77,47,36.0
DIASGABRIEL_2026-02-26_G09,DIASGABRIEL,2026-02-26,"107263, 111434",2,11,15,53.0
DIASGABRIEL_2026-02-28_G02,DIASGABRIEL,2026-02-28,110372,1,18,0,177.0
DIASGABRIEL_2026-02-28_G03,DIASGABRIEL,2026-02-28,117830,1,13,0,146.0
DIASGABRIEL_2026-02-28_G04,DIASGABRIEL,2026-02-28,110374,1,7,0,100.0
DIASGABRIEL_2026-02-28_G05,DIASGABRIEL,2026-02-28,117809,1,6,0,68.0
DIASGABRIEL_2026-02-28_G06,DIASGABRIEL,2026-02-28,117820,1,22,0,79.0
DIASGABRIEL_2026-02-28_G07,DIASGABRIEL,2026-02-28,141202,1,12,0,133.0
DIASGABRIEL_2026-02-28_G08,DIASGABRIEL,2026-02-28,118403,1,6,0,353.0
DIASGABRIEL_2026-02-28_G09,DIASGABRIEL,2026-02-28,118416,1,3,0,58.0
DIASGABRIEL_2026-02-28_G10,DIASGABRIEL,2026-02-28,110313,1,9,0,97.0
DIASGABRIEL_2026-02-28_G11,DIASGABRIEL,2026-02-28,140923,1,10,0,75.0
DIASGABRIEL_2026-02-28_G12,DIASGABRIEL,2026-02-28,118094,1,7,0,75.0
DIASGABRIEL_2026-02-28_G13,DIASGABRIEL,2026-02-28,118094,1,5,0,37.0
DIASGABRIEL_2026-02-28_G14,DIASGABRIEL,2026-02-28,107629,1,1,0,48.0
DIASGABRIEL_2026-02-28_G15,DIASGABRIEL,2026-02-28,107629,1,2,0,40.0
DIASGABRIEL_2026-02-28_G16,DIASGABRIEL,2026-02-28,117856,1,6,0,72.0
DIASGABRIEL_2026-02-28_G17,DIASGABRIEL,2026-02-28,117786,1,8,0,136.0
DIASGABRIEL_2026-02-28_G18,DIASGABRIEL,2026-02-28,117837,1,6,0,137.0
DIASGABRIEL_2026-02-28_G19,DIASGABRIEL,2026-02-28,117785,1,24,0,500.0
DIASGABRIEL_2026-02-28_G20,DIASGABRIEL,2026-02-28,117833,1,6,0,112.0
DIASGABRIEL_2026-02-28_G21,DIASGABRIEL,2026-02-28,117833,1,4,0,34.0
DIASGABRIEL_2026-02-28_G22,DIASGABRIEL,2026-02-28,111743,1,11,0,65.0
DIASGABRIEL_2026-02-28_G23,DIASGABRIEL,2026-02-28,110787,1,3,0,47.0
DIASGABRIEL_2026-02-28_G24,DIASGABRIEL,2026-02-28,110787,1,4,0,34.0
DIASGABRIEL_2026-02-28_G25,DIASGABRIEL,2026-02-28,111418,1,6,0,236.0
DIASGABRIEL_2026-02-28_G26,DIASGABRIEL,2026-02-28,141456,1,8,0,358.0
DIASGABRIEL_2026-02-28_G27,DIASGABRIEL,2026-02-28,117787,1,2,0,69.0
DIASGABRIEL_2026-02-28_G28,DIASGABRIEL,2026-02-28,141823,1,7,0,103.0
DIASGABRIEL_2026-02-28_G29,DIASGABRIEL,2026-02-28,141457,1,22,0,269.0
DIASGABRIEL_2026-02-28_G30,DIASGABRIEL,2026-02-28,107236,1,3,0,171.0
DIASGABRIEL_2026-02-28_G31,DIASGABRIEL,2026-02-28,117855,1,11,0,160.0
DIASGABRIEL_2026-03-07_G02,DIASGABRIEL,2026-03-07,141262,1,20,0,43.0
DIASGABRIEL_2026-03-07_G03,DIASGABRIEL,2026-03-07,141261,3,60,29,185.0
DIASGABRIEL_2026-03-07_G04,DIASGABRIEL,2026-03-07,111793,1,4,0,2266.0
DIASGABRIEL_2026-03-07_G05,DIASGABRIEL,2026-03-07,122984,1,240,0,1393.0
DIASGABRIEL_2026-03-07_G07,DIASGABRIEL,2026-03-07,110740,1,11,0,67.0
DIASGABRIEL_2026-03-11_G02,DIASGABRIEL,2026-03-11,118253,1,4,0,209.0
DIASGABRIEL_2026-03-11_G03,DIASGABRIEL,2026-03-11,117820,1,6,0,394.0
DIASGABRIEL_2026-03-11_G05,DIASGABRIEL,2026-03-11,141247,1,1,0,254.0
DIASGABRIEL_2026-03-13_G02,DIASGABRIEL,2026-03-13,111112,1,4,0,85.0
DIASGABRIEL_2026-03-13_G03,DIASGABRIEL,2026-03-13,120995,1,43,0,134.0
DIASGABRIEL_2026-03-13_G04,DIASGABRIEL,2026-03-13,111182,1,3,0,218.0
DIASGABRIEL_2026-03-13_G05,DIASGABRIEL,2026-03-13,111182,1,77,0,173.0
DIASGABRIEL_2026-03-13_G06,DIASGABRIEL,2026-03-13,110749,1,20,0,131.0
DIASGABRIEL_2026-03-16_G02,DIASGABRIEL,2026-03-16,110080,2,3,6,49.0
DIASGABRIEL_2026-03-17_G02,DIASGABRIEL,2026-03-17,117809,1,24,0,192.0
DIASGABRIEL_2026-03-17_G03,DIASGABRIEL,2026-03-17,109643,1,20,0,520.0
DIASGABRIEL_2026-03-17_G04,DIASGABRIEL,2026-03-17,117820,1,24,0,312.0
DIASGABRIEL_2026-03-17_G05,DIASGABRIEL,2026-03-17,117820,1,20,0,289.0
DIASGABRIEL_2026-03-17_G06,DIASGABRIEL,2026-03-17,110373,1,60,0,1464.0
DIASGABRIEL_2026-03-17_G07,DIASGABRIEL,2026-03-17,110373,1,28,0,504.0
DIASGABRIEL_2026-03-17_G08,DIASGABRIEL,2026-03-17,110372,1,80,0,432.0
DIASGABRIEL_2026-03-17_G09,DIASGABRIEL,2026-03-17,118299,1,80,0,685.0
DIASGABRIEL_2026-03-17_G10,DIASGABRIEL,2026-03-17,117832,1,3,0,55.0
DIASGABRIEL_2026-03-17_G11,DIASGABRIEL,2026-03-17,117808,1,20,0,1583.0
DIASGABRIEL_2026-03-17_G12,DIASGABRIEL,2026-03-17,117820,1,20,0,290.0
DIASGABRIEL_2026-03-17_G13,DIASGABRIEL,2026-03-17,110373,1,6,0,78.0
DIASGABRIEL_2026-03-17_G14,DIASGABRIEL,2026-03-17,110372,1,4,0,189.0
DIASGABRIEL_2026-03-17_G15,DIASGABRIEL,2026-03-17,110375,1,6,0,137.0
DIASGABRIEL_2026-03-17_G16,DIASGABRIEL,2026-03-17,118299,1,16,0,186.0
DIASGABRIEL_2026-03-17_G17,DIASGABRIEL,2026-03-17,117830,1,7,0,139.0
DIASGABRIEL_2026-03-17_G18,DIASGABRIEL,2026-03-17,141823,1,5,0,282.0
DIASGABRIEL_2026-03-17_G19,DIASGABRIEL,2026-03-17,110755,1,8,0,510.0
DIASGABRIEL_2026-03-17_G20,DIASGABRIEL,2026-03-17,110339,1,4,0,194.0
DIASGABRIEL_2026-03-17_G21,DIASGABRIEL,2026-03-17,111530,1,5,0,122.0
DIASGABRIEL_2026-03-17_G23,DIASGABRIEL,2026-03-17,107629,1,3,0,130.0
DIASGABRIEL_2026-03-17_G24,DIASGABRIEL,2026-03-17,111530,1,8,0,145.0
DIASGABRIEL_2026-03-17_G25,DIASGABRIEL,2026-03-17,110581,1,2,0,58.0
DIASGABRIEL_2026-03-17_G26,DIASGABRIEL,2026-03-17,110733,1,2,0,158.0
DIASGABRIEL_2026-03-17_G27,DIASGABRIEL,2026-03-17,117856,1,4,0,78.0
DIASGABRIEL_2026-03-17_G28,DIASGABRIEL,2026-03-17,110339,1,12,0,184.0
DIASGABRIEL_2026-03-17_G29,DIASGABRIEL,2026-03-17,141352,1,6,0,292.0
DIASGABRIEL_2026-03-17_G30,DIASGABRIEL,2026-03-17,108361,1,2,0,61.0
DIASGABRIEL_2026-03-17_G31,DIASGABRIEL,2026-03-17,109640,1,2,0,84.0
DIASGABRIEL_2026-03-17_G32,DIASGABRIEL,2026-03-17,111467,1,1,0,101.0
DIASGABRIEL_2026-03-17_G33,DIASGABRIEL,2026-03-17,117862,1,4,0,206.0
DIASGABRIEL_2026-03-17_G34,DIASGABRIEL,2026-03-17,110375,1,6,0,288.0
DIASGABRIEL_2026-03-17_G35,DIASGABRIEL,2026-03-17,118299,1,30,0,622.0
DIASGABRIEL_2026-03-17_G36,DIASGABRIEL,2026-03-17,110371,1,16,0,324.0
DIASGABRIEL_2026-03-17_G37,DIASGABRIEL,2026-03-17,141166,1,1,0,497.0
DIASGABRIEL_2026-03-17_G38,DIASGABRIEL,2026-03-17,117809,1,2,0,386.0
DIASGABRIEL_2026-03-17_G39,DIASGABRIEL,2026-03-17,117808,1,8,0,103.0
DIASGABRIEL_2026-03-17_G40,DIASGABRIEL,2026-03-17,110372,1,3,0,114.0
DIASGABRIEL_2026-03-17_G41,DIASGABRIEL,2026-03-17,110376,1,1,0,64.0
DIASGABRIEL_2026-03-17_G42,DIASGABRIEL,2026-03-17,118299,1,34,0,213.0
DIASGABRIEL_2026-03-17_G43,DIASGABRIEL,2026-03-17,110371,1,2,0,117.0
DIASGABRIEL_2026-03-17_G44,DIASGABRIEL,2026-03-17,117830,1,8,0,90.0
DIASGABRIEL_2026-03-17_G45,DIASGABRIEL,2026-03-17,117785,1,4,0,531.0
DIASGABRIEL_2026-03-17_G46,DIASGABRIEL,2026-03-17,117821,1,2,0,102.0
DIASGABRIEL_2026-03-17_G47,DIASGABRIEL,2026-03-17,111418,1,1,0,43.0
DIASGABRIEL_2026-03-17_G48,DIASGABRIEL,2026-03-17,116241,1,2,0,108.0
DIASGABRIEL_2026-03-17_G49,DIASGABRIEL,2026-03-17,141271,1,4,0,110.0
DIASGABRIEL_2026-03-17_G50,DIASGABRIEL,2026-03-17,109641,1,2,0,78.0
DIASGABRIEL_2026-03-17_G51,DIASGABRIEL,2026-03-17,111466,1,5,0,112.0
DIASGABRIEL_2026-03-17_G52,DIASGABRIEL,2026-03-17,110740,1,2,0,46.0
DIASGABRIEL_2026-03-17_G53,DIASGABRIEL,2026-03-17,117787,1,2,0,90.0
DIASGABRIEL_2026-03-17_G54,DIASGABRIEL,2026-03-17,105705,1,2,0,82.0
DIASGABRIEL_2026-03-17_G55,DIASGABRIEL,2026-03-17,111438,1,2,0,185.0
DIASGABRIEL_2026-03-17_G56,DIASGABRIEL,2026-03-17,141318,1,2,0,134.0
DIASGABRIEL_2026-03-17_G57,DIASGABRIEL,2026-03-17,110754,1,2,0,92.0
DIASGABRIEL_2026-03-17_G58,DIASGABRIEL,2026-03-17,109648,1,2,0,441.0
DIASGABRIEL_2026-03-17_G59,DIASGABRIEL,2026-03-17,117808,1,10,0,377.0
DIASGABRIEL_2026-03-17_G60,DIASGABRIEL,2026-03-17,117820,1,11,0,155.0
DIASGABRIEL_2026-03-17_G61,DIASGABRIEL,2026-03-17,110373,1,8,0,154.0
DIASGABRIEL_2026-03-17_G62,DIASGABRIEL,2026-03-17,118299,1,3,0,164.0
DIASGABRIEL_2026-03-17_G63,DIASGABRIEL,2026-03-17,141318,1,2,0,97.0
DIASGABRIEL_2026-03-17_G64,DIASGABRIEL,2026-03-17,111438,1,2,0,126.0
DIASGABRIEL_2026-03-18_G02,DIASGABRIEL,2026-03-18,117820,1,10,0,103.0
DIASGABRIEL_2026-03-18_G03,DIASGABRIEL,2026-03-18,110373,1,40,0,319.0
DIASGABRIEL_2026-03-18_G04,DIASGABRIEL,2026-03-18,110373,1,30,0,491.0
DIASGABRIEL_2026-03-18_G05,DIASGABRIEL,2026-03-18,141202,1,10,0,199.0
DIASGABRIEL_2026-03-18_G06,DIASGABRIEL,2026-03-18,141202,1,10,0,74.0
DIASGABRIEL_2026-03-18_G07,DIASGABRIEL,2026-03-18,110372,1,60,0,639.0
DIASGABRIEL_2026-03-18_G08,DIASGABRIEL,2026-03-18,118299,1,20,0,578.0
DIASGABRIEL_2026-03-18_G09,DIASGABRIEL,2026-03-18,118299,1,13,0,90.0
DIASGABRIEL_2026-03-18_G10,DIASGABRIEL,2026-03-18,118299,1,30,0,878.0
DIASGABRIEL_2026-03-18_G11,DIASGABRIEL,2026-03-18,110371,1,15,0,158.0
DIASGABRIEL_2026-03-18_G12,DIASGABRIEL,2026-03-18,117808,2,80,26,555.0
DIASGABRIEL_2026-03-18_G13,DIASGABRIEL,2026-03-18,117856,1,25,0,1212.0
DIASGABRIEL_2026-03-18_G14,DIASGABRIEL,2026-03-18,141271,1,4,0,1258.0
DIASGABRIEL_2026-03-18_G15,DIASGABRIEL,2026-03-18,117831,1,2,0,68.0
DIASGABRIEL_2026-03-18_G16,DIASGABRIEL,2026-03-18,107236,1,2,0,67.0
DIASGABRIEL_2026-03-18_G17,DIASGABRIEL,2026-03-18,110740,1,4,0,141.0
DIASGABRIEL_2026-03-18_G18,DIASGABRIEL,2026-03-18,109645,1,4,0,140.0
DIASGABRIEL_2026-03-18_G19,DIASGABRIEL,2026-03-18,141823,1,4,0,130.0
DIASGABRIEL_2026-03-18_G20,DIASGABRIEL,2026-03-18,111469,1,2,0,130.0
DIASGABRIEL_2026-03-18_G21,DIASGABRIEL,2026-03-18,141458,1,2,0,175.0
DIASGABRIEL_2026-03-18_G22,DIASGABRIEL,2026-03-18,111465,1,2,0,164.0
DIASGABRIEL_2026-03-18_G23,DIASGABRIEL,2026-03-18,140922,1,2,0,150.0
DIASGABRIEL_2026-03-18_G24,DIASGABRIEL,2026-03-18,108795,1,4,0,127.0
DIASGABRIEL_2026-03-18_G25,DIASGABRIEL,2026-03-18,111466,1,8,0,275.0
DIASGABRIEL_2026-03-18_G26,DIASGABRIEL,2026-03-18,118306,1,2,0,148.0
DIASGABRIEL_2026-03-18_G27,DIASGABRIEL,2026-03-18,111440,1,3,0,114.0
DIASGABRIEL_2026-03-18_G28,DIASGABRIEL,2026-03-18,141166,1,4,0,318.0
DIASGABRIEL_2026-03-18_G29,DIASGABRIEL,2026-03-18,107629,1,2,0,262.0
DIASGABRIEL_2026-03-18_G30,DIASGABRIEL,2026-03-18,141066,1,4,0,235.0
DIASGABRIEL_2026-03-18_G31,DIASGABRIEL,2026-03-18,117809,1,6,0,282.0
DIASGABRIEL_2026-03-18_G32,DIASGABRIEL,2026-03-18,110373,1,8,0,403.0
DIASGABRIEL_2026-03-18_G33,DIASGABRIEL,2026-03-18,117830,1,1,0,115.0
DIASGABRIEL_2026-03-18_G34,DIASGABRIEL,2026-03-18,140923,1,1,0,775.0
DIASGABRIEL_2026-03-18_G36,DIASGABRIEL,2026-03-18,111348,1,2,0,120.0
DIASGABRIEL_2026-03-18_G37,DIASGABRIEL,2026-03-18,111743,1,1,0,126.0
DIASGABRIEL_2026-03-18_G38,DIASGABRIEL,2026-03-18,109641,1,4,0,130.0
DIASGABRIEL_2026-03-18_G39,DIASGABRIEL,2026-03-18,109645,1,4,0,190.0
DIASGABRIEL_2026-03-18_G40,DIASGABRIEL,2026-03-18,105705,1,2,0,122.0
DIASGABRIEL_2026-03-18_G41,DIASGABRIEL,2026-03-18,110373,1,12,0,199.0
DIASGABRIEL_2026-03-18_G42,DIASGABRIEL,2026-03-18,117830,1,2,0,153.0
DIASGABRIEL_2026-03-18_G43,DIASGABRIEL,2026-03-18,140922,1,8,0,933.0
DIASGABRIEL_2026-03-18_G44,DIASGABRIEL,2026-03-18,111462,1,41,0,418.0
DIASGABRIEL_2026-03-18_G45,DIASGABRIEL,2026-03-18,111418,1,20,0,568.0
DIASGABRIEL_2026-03-18_G46,DIASGABRIEL,2026-03-18,108795,1,2,0,100.0
DIASGABRIEL_2026-03-18_G47,DIASGABRIEL,2026-03-18,111743,1,6,0,451.0
DIASGABRIEL_2026-03-18_G48,DIASGABRIEL,2026-03-18,109641,1,4,0,271.0
DIASGABRIEL_2026-03-18_G49,DIASGABRIEL,2026-03-18,117831,1,14,0,276.0
DIASGABRIEL_2026-03-18_G50,DIASGABRIEL,2026-03-18,110740,1,20,0,1096.0
DIASGABRIEL_2026-03-18_G51,DIASGABRIEL,2026-03-18,111466,1,15,0,191.0
DIASGABRIEL_2026-03-18_G52,DIASGABRIEL,2026-03-18,109645,1,7,0,142.0
DIASGABRIEL_2026-03-18_G53,DIASGABRIEL,2026-03-18,110129,1,4,0,136.0
DIASGABRIEL_2026-03-18_G54,DIASGABRIEL,2026-03-18,111569,1,5,0,284.0
DIASGABRIEL_2026-03-18_G55,DIASGABRIEL,2026-03-18,118306,1,2,0,126.0
DIASGABRIEL_2026-03-18_G56,DIASGABRIEL,2026-03-18,110374,1,5,0,1471.0
DIASGABRIEL_2026-03-18_G57,DIASGABRIEL,2026-03-18,110374,1,5,0,61.0
DIASGABRIEL_2026-03-18_G58,DIASGABRIEL,2026-03-18,117809,1,5,0,124.0
DIASGABRIEL_2026-03-18_G59,DIASGABRIEL,2026-03-18,117809,1,5,0,115.0
DIASGABRIEL_2026-03-18_G60,DIASGABRIEL,2026-03-18,110373,1,5,0,126.0
DIASGABRIEL_2026-03-18_G61,DIASGABRIEL,2026-03-18,110373,1,5,0,65.0
DIASGABRIEL_2026-03-18_G62,DIASGABRIEL,2026-03-18,141202,1,2,0,112.0
DIASGABRIEL_2026-03-18_G63,DIASGABRIEL,2026-03-18,141202,1,2,0,63.0
DIASGABRIEL_2026-03-18_G64,DIASGABRIEL,2026-03-18,110372,1,5,0,120.0
DIASGABRIEL_2026-03-18_G65,DIASGABRIEL,2026-03-18,110372,1,5,0,75.0
DIASGABRIEL_2026-03-18_G66,DIASGABRIEL,2026-03-18,117830,1,5,0,207.0
DIASGABRIEL_2026-03-18_G67,DIASGABRIEL,2026-03-18,117830,1,5,0,49.0
DIASGABRIEL_2026-03-19_G03,DIASGABRIEL,2026-03-19,124371,1,20,0,361.0
DIASGABRIEL_2026-03-19_G04,DIASGABRIEL,2026-03-19,124483,1,30,0,580.0
DIASGABRIEL_2026-03-19_G05,DIASGABRIEL,2026-03-19,124475,1,20,0,1542.0
DIASGABRIEL_2026-03-19_G06,DIASGABRIEL,2026-03-19,121760,1,20,0,497.0
DIASGABRIEL_2026-03-19_G07,DIASGABRIEL,2026-03-19,122671,1,8,0,246.0
DIASGABRIEL_2026-03-19_G08,DIASGABRIEL,2026-03-19,122185,1,50,0,1519.0
DIASGABRIEL_2026-03-19_G09,DIASGABRIEL,2026-03-19,124582,1,76,0,1769.0
DIASGABRIEL_2026-03-19_G10,DIASGABRIEL,2026-03-19,123313,1,12,0,1536.0
DIASGABRIEL_2026-03-19_G11,DIASGABRIEL,2026-03-19,123345,1,20,0,758.0
DIASGABRIEL_2026-03-20_G03,DIASGABRIEL,2026-03-20,124475,1,2,0,92.0
DIASGABRIEL_2026-03-20_G04,DIASGABRIEL,2026-03-20,124475,1,12,0,372.0
DIASGABRIEL_2026-03-20_G05,DIASGABRIEL,2026-03-20,124371,1,2,0,99.0
DIASGABRIEL_2026-03-20_G06,DIASGABRIEL,2026-03-20,124371,1,6,0,206.0
DIASGABRIEL_2026-03-20_G07,DIASGABRIEL,2026-03-20,124582,1,88,0,1976.0
DIASGABRIEL_2026-03-20_G08,DIASGABRIEL,2026-03-20,122185,1,4,0,79.0
DIASGABRIEL_2026-03-20_G09,DIASGABRIEL,2026-03-20,122983,1,20,0,785.0
DIASGABRIEL_2026-03-20_G10,DIASGABRIEL,2026-03-20,122983,1,4,0,72.0
DIASGABRIEL_2026-03-20_G11,DIASGABRIEL,2026-03-20,122983,1,4,0,60.0
DIASGABRIEL_2026-03-20_G12,DIASGABRIEL,2026-03-20,121651,1,4,0,153.0
DIASGABRIEL_2026-03-20_G13,DIASGABRIEL,2026-03-20,120339,1,10,0,310.0
DIASGABRIEL_2026-03-20_G14,DIASGABRIEL,2026-03-20,123562,1,2,0,736.0
DIASGABRIEL_2026-03-20_G15,DIASGABRIEL,2026-03-20,"120271, 124624, 124594",4,8,42,2916.0
DIASGABRIEL_2026-03-20_G16,DIASGABRIEL,2026-03-20,123313,1,2,0,63.0
DIASGABRIEL_2026-03-20_G17,DIASGABRIEL,2026-03-20,123343,1,2,0,899.0
DIASGABRIEL_2026-03-24_G03,DIASGABRIEL,2026-03-24,105705,1,5,0,32.0
DIASGABRIEL_2026-03-24_G04,DIASGABRIEL,2026-03-24,123909,1,6,0,47.0
DIASGABRIEL_2026-03-26_G02,DIASGABRIEL,2026-03-26,110371,1,38,0,84.0
DIASGABRIEL_2026-03-26_G03,DIASGABRIEL,2026-03-26,"141708, 109645, 110371",4,14,58,33.0
DIASGABRIEL_2026-04-02_G02,DIASGABRIEL,2026-04-02,140911,1,2,0,3531.0
DIASGABRIEL_2026-04-02_G03,DIASGABRIEL,2026-04-02,"140911, 124484",3,24,29,1338.0
DIASGABRIEL_2026-04-02_G04,DIASGABRIEL,2026-04-02,121760,1,2,0,1738.0
DIASGABRIEL_2026-04-02_G05,DIASGABRIEL,2026-04-02,122962,1,40,0,806.0
DIASGABRIEL_2026-04-02_G06,DIASGABRIEL,2026-04-02,122673,1,2,0,118.0
DIASGABRIEL_2026-04-07_G02,DIASGABRIEL,2026-04-07,142045,1,53,0,175.0
DIASGABRIEL_2026-04-07_G03,DIASGABRIEL,2026-04-07,"111876, 109640",2,5,7,183.0
DIASGABRIEL_2026-04-07_G04,DIASGABRIEL,2026-04-07,"140922, 111462, 141456, 111743, 141457, 117833, 142093",7,64,43,78.0
DIASGABRIEL_2026-04-07_G05,DIASGABRIEL,2026-04-07,"141262, 118191, 117822, 110374, 117809, 117820, 118299, 110372, 117808, 110371",13,77,88,32.0
DIASGABRIEL_2026-04-07_G06,DIASGABRIEL,2026-04-07,"123562, 124624, 123822, 121760, 122185, 124548",6,14,36,45.0
DIASGABRIEL_2026-04-07_G07,DIASGABRIEL,2026-04-07,"111530, 140923",2,7,8,78.0
FELICIANOC_2025-01-28_G02,FELICIANOC,2025-01-28,110373,1,30,0,151.0
FELICIANOC_2025-01-28_G03,FELICIANOC,2025-01-28,117830,1,31,0,494.0
FELICIANOC_2025-01-28_G04,FELICIANOC,2025-01-28,117820,1,100,0,282.0
FELICIANOC_2025-01-28_G05,FELICIANOC,2025-01-28,110371,1,100,0,354.0
FELICIANOC_2025-01-28_G06,FELICIANOC,2025-01-28,117808,1,200,0,363.0
FELICIANOC_2025-01-28_G07,FELICIANOC,2025-01-28,110373,1,100,0,287.0
FELICIANOC_2025-01-28_G08,FELICIANOC,2025-01-28,111602,1,7,0,1166.0
FELICIANOC_2025-01-28_G09,FELICIANOC,2025-01-28,118004,1,3,0,144.0
FELICIANOC_2025-01-28_G10,FELICIANOC,2025-01-28,140922,1,4,0,111.0
FELICIANOC_2025-01-28_G11,FELICIANOC,2025-01-28,110325,1,22,0,166.0
FELICIANOC_2025-01-28_G12,FELICIANOC,2025-01-28,111465,1,2,0,83.0
FELICIANOC_2025-01-28_G13,FELICIANOC,2025-01-28,111465,1,26,0,245.0
FELICIANOC_2025-01-28_G14,FELICIANOC,2025-01-28,115773,1,6,0,475.0
FELICIANOC_2025-01-28_G15,FELICIANOC,2025-01-28,111441,1,101,0,875.0
FELICIANOC_2025-01-28_G16,FELICIANOC,2025-01-28,115773,1,6,0,184.0
FELICIANOC_2025-01-28_G17,FELICIANOC,2025-01-28,111602,1,30,0,275.0
FELICIANOC_2025-01-28_G18,FELICIANOC,2025-01-28,111602,1,7,0,101.0
FELICIANOC_2025-01-28_G19,FELICIANOC,2025-01-28,111602,1,10,0,123.0
FELICIANOC_2025-01-28_G20,FELICIANOC,2025-01-28,111602,1,13,0,497.0
FELICIANOC_2025-01-28_G21,FELICIANOC,2025-01-28,110515,1,36,0,334.0
FELICIANOC_2025-01-28_G22,FELICIANOC,2025-01-28,110515,1,40,0,527.0
FELICIANOC_2025-01-28_G23,FELICIANOC,2025-01-28,111530,1,100,0,150.0
FELICIANOC_2025-01-28_G24,FELICIANOC,2025-01-28,111466,1,35,0,794.0
FELICIANOC_2025-01-28_G25,FELICIANOC,2025-01-28,117785,1,20,0,199.0
FELICIANOC_2025-01-28_G26,FELICIANOC,2025-01-28,111463,1,79,0,285.0
FELICIANOC_2025-02-16_G02,FELICIANOC,2025-02-16,123909,1,2,0,331.0
FELICIANOC_2025-02-16_G03,FELICIANOC,2025-02-16,124370,1,1,0,182.0
FELICIANOC_2025-02-16_G04,FELICIANOC,2025-02-16,123907,1,2,0,149.0
FELICIANOC_2025-02-16_G05,FELICIANOC,2025-02-16,121651,1,6,0,167.0
FELICIANOC_2025-02-16_G06,FELICIANOC,2025-02-16,122185,1,7,0,423.0
FELICIANOC_2025-02-16_G07,FELICIANOC,2025-02-16,122185,1,8,0,386.0
FELICIANOC_2025-02-16_G08,FELICIANOC,2025-02-16,120389,1,4,0,396.0
FELICIANOC_2025-02-17_G02,FELICIANOC,2025-02-17,122185,1,189,0,255.0
FELICIANOC_2025-02-20_G02,FELICIANOC,2025-02-20,122673,1,13,0,1196.0
FELICIANOC_2025-02-21_G02,FELICIANOC,2025-02-21,124247,1,19,0,978.0
FELICIANOC_2025-02-21_G03,FELICIANOC,2025-02-21,122984,1,21,0,563.0
FELICIANOC_2025-02-21_G04,FELICIANOC,2025-02-21,124248,1,16,0,488.0
FELICIANOC_2025-02-21_G05,FELICIANOC,2025-02-21,123909,1,3,0,151.0
FELICIANOC_2025-02-21_G06,FELICIANOC,2025-02-21,122673,1,14,0,582.0
FELICIANOC_2025-02-21_G07,FELICIANOC,2025-02-21,124486,1,39,0,1417.0
FELICIANOC_2025-02-21_G08,FELICIANOC,2025-02-21,122189,1,3,0,630.0
FELICIANOC_2025-02-21_G09,FELICIANOC,2025-02-21,122196,1,7,0,157.0
FELICIANOC_2025-02-21_G10,FELICIANOC,2025-02-21,120028,1,20,0,891.0
FELICIANOC_2025-02-21_G11,FELICIANOC,2025-02-21,122962,1,20,0,824.0
FELICIANOC_2025-02-25_G02,FELICIANOC,2025-02-25,120028,1,22,0,775.0
FELICIANOC_2025-02-25_G03,FELICIANOC,2025-02-25,123909,1,2,0,154.0
FELICIANOC_2025-02-28_G02,FELICIANOC,2025-02-28,111569,1,15,0,333.0
FELICIANOC_2025-02-28_G03,FELICIANOC,2025-02-28,111530,2,15,8,798.0
FELICIANOC_2025-02-28_G04,FELICIANOC,2025-02-28,117833,1,10,0,155.0
FELICIANOC_2025-02-28_G05,FELICIANOC,2025-02-28,111172,1,5,0,121.0
FELICIANOC_2025-02-28_G06,FELICIANOC,2025-02-28,111463,1,35,0,529.0
FELICIANOC_2025-02-28_G07,FELICIANOC,2025-02-28,111463,1,15,0,86.0
FELICIANOC_2025-02-28_G08,FELICIANOC,2025-02-28,111330,1,20,0,632.0
FELICIANOC_2025-02-28_G09,FELICIANOC,2025-02-28,111172,1,4,0,129.0
FELICIANOC_2025-02-28_G10,FELICIANOC,2025-02-28,111463,1,12,0,209.0
FELICIANOC_2025-02-28_G11,FELICIANOC,2025-02-28,110515,1,6,0,347.0
FELICIANOC_2025-02-28_G12,FELICIANOC,2025-02-28,111532,1,4,0,135.0
FELICIANOC_2025-02-28_G13,FELICIANOC,2025-02-28,111463,1,4,0,51.0
FELICIANOC_2025-02-28_G14,FELICIANOC,2025-02-28,111466,1,12,0,168.0
FELICIANOC_2025-02-28_G15,FELICIANOC,2025-02-28,108993,1,8,0,1641.0
FELICIANOC_2025-02-28_G16,FELICIANOC,2025-02-28,111438,1,50,0,516.0
FELICIANOC_2025-02-28_G17,FELICIANOC,2025-02-28,109933,1,50,0,538.0
FELICIANOC_2025-02-28_G18,FELICIANOC,2025-02-28,109933,1,50,0,375.0
FELICIANOC_2025-02-28_G19,FELICIANOC,2025-02-28,111850,1,16,0,336.0
FELICIANOC_2025-02-28_G20,FELICIANOC,2025-02-28,109937,1,100,0,1476.0
FELICIANOC_2025-02-28_G21,FELICIANOC,2025-02-28,118251,1,15,0,294.0
FELICIANOC_2025-02-28_G22,FELICIANOC,2025-02-28,117289,1,30,0,364.0
FELICIANOC_2025-02-28_G23,FELICIANOC,2025-02-28,118218,1,10,0,247.0
FELICIANOC_2025-03-01_G02,FELICIANOC,2025-03-01,111752,1,46,0,1110.0
FELICIANOC_2025-03-01_G03,FELICIANOC,2025-03-01,111532,1,17,0,611.0
FELICIANOC_2025-03-01_G04,FELICIANOC,2025-03-01,110787,1,23,0,373.0
FELICIANOC_2025-03-01_G05,FELICIANOC,2025-03-01,111462,1,57,0,2788.0
FELICIANOC_2025-03-01_G06,FELICIANOC,2025-03-01,118222,1,38,0,1174.0
FELICIANOC_2025-03-01_G07,FELICIANOC,2025-03-01,118222,1,2,0,45.0
FELICIANOC_2025-03-21_G02,FELICIANOC,2025-03-21,124486,1,10,0,181.0
FELICIANOC_2025-03-25_G02,FELICIANOC,2025-03-25,123343,1,20,0,2623.0
FELICIANOC_2025-04-29_G02,FELICIANOC,2025-04-29,122983,1,4,0,2514.0
FELICIANOC_2025-04-29_G03,FELICIANOC,2025-04-29,122673,1,5,0,86.0
FELICIANOC_2025-04-29_G04,FELICIANOC,2025-04-29,123313,1,4,0,417.0
FELICIANOC_2025-04-30_G02,FELICIANOC,2025-04-30,122671,1,4,0,153.0
FELICIANOC_2025-04-30_G03,FELICIANOC,2025-04-30,122981,1,4,0,137.0
FELICIANOC_2025-04-30_G04,FELICIANOC,2025-04-30,124486,1,11,0,381.0
FELICIANOC_2025-04-30_G05,FELICIANOC,2025-04-30,123561,1,8,0,191.0
FELICIANOC_2025-04-30_G06,FELICIANOC,2025-04-30,121651,1,10,0,318.0
FELICIANOC_2025-04-30_G07,FELICIANOC,2025-04-30,123521,1,3,0,233.0
FELICIANOC_2025-04-30_G08,FELICIANOC,2025-04-30,122673,1,2,0,111.0
FELICIANOC_2025-04-30_G09,FELICIANOC,2025-04-30,124248,1,3,0,80.0
FELICIANOC_2025-04-30_G10,FELICIANOC,2025-04-30,122647,1,2,0,114.0
FELICIANOC_2025-04-30_G11,FELICIANOC,2025-04-30,122647,1,8,0,201.0
FELICIANOC_2025-04-30_G12,FELICIANOC,2025-04-30,122984,1,20,0,557.0
FELICIANOC_2025-04-30_G13,FELICIANOC,2025-04-30,120339,1,12,0,284.0
FELICIANOC_2025-04-30_G14,FELICIANOC,2025-04-30,124433,1,4,0,117.0
FELICIANOC_2025-04-30_G15,FELICIANOC,2025-04-30,122985,1,8,0,535.0
FELICIANOC_2025-04-30_G16,FELICIANOC,2025-04-30,123492,1,10,0,1104.0
FELICIANOC_2025-04-30_G17,FELICIANOC,2025-04-30,123492,1,2,0,170.0
FELICIANOC_2025-04-30_G18,FELICIANOC,2025-04-30,122185,1,26,0,419.0
FELICIANOC_2025-04-30_G19,FELICIANOC,2025-04-30,122983,1,4,0,92.0
FELICIANOC_2025-04-30_G20,FELICIANOC,2025-04-30,107892,1,16,0,1446.0
FELICIANOC_2025-04-30_G21,FELICIANOC,2025-04-30,109643,1,20,0,206.0
FELICIANOC_2025-04-30_G22,FELICIANOC,2025-04-30,109641,1,20,0,392.0
FELICIANOC_2025-04-30_G24,FELICIANOC,2025-04-30,160057,1,9,0,149.0
FELICIANOC_2025-04-30_G25,FELICIANOC,2025-04-30,111530,1,2,0,134.0
FELICIANOC_2025-04-30_G26,FELICIANOC,2025-04-30,108711,1,17,0,251.0
FELICIANOC_2025-04-30_G27,FELICIANOC,2025-04-30,160055,1,16,0,324.0
FELICIANOC_2025-04-30_G28,FELICIANOC,2025-04-30,160054,1,10,0,131.0
FELICIANOC_2025-04-30_G29,FELICIANOC,2025-04-30,160052,1,5,0,77.0
FELICIANOC_2025-04-30_G30,FELICIANOC,2025-04-30,160051,1,20,0,245.0
FELICIANOC_2025-04-30_G31,FELICIANOC,2025-04-30,160053,1,2,0,91.0
FELICIANOC_2025-04-30_G32,FELICIANOC,2025-04-30,117808,1,1000,0,3547.0
FELICIANOC_2025-04-30_G33,FELICIANOC,2025-04-30,118222,1,1,0,1700.0
FELICIANOC_2025-04-30_G34,FELICIANOC,2025-04-30,"110339, 117837",2,5,30,118.0
FELICIANOC_2025-04-30_G35,FELICIANOC,2025-04-30,117935,1,1,0,67.0
FELICIANOC_2025-04-30_G36,FELICIANOC,2025-04-30,117856,1,4,0,110.0
FELICIANOC_2025-04-30_G37,FELICIANOC,2025-04-30,117808,1,1,0,67.0
FELICIANOC_2025-04-30_G38,FELICIANOC,2025-04-30,111435,1,4,0,110.0
FELICIANOC_2025-04-30_G39,FELICIANOC,2025-04-30,108795,1,2,0,65.0
FELICIANOC_2025-04-30_G40,FELICIANOC,2025-04-30,111462,1,4,0,59.0
FELICIANOC_2025-04-30_G41,FELICIANOC,2025-04-30,117785,1,4,0,41.0
FELICIANOC_2025-04-30_G42,FELICIANOC,2025-04-30,117787,1,2,0,63.0
FELICIANOC_2025-04-30_G43,FELICIANOC,2025-04-30,110374,1,2,0,58.0
FELICIANOC_2025-04-30_G44,FELICIANOC,2025-04-30,110372,1,7,0,84.0
FELICIANOC_2025-04-30_G45,FELICIANOC,2025-04-30,"107830, 117809",2,4,28,38.0
FELICIANOC_2025-04-30_G46,FELICIANOC,2025-04-30,111418,1,8,0,112.0
FELICIANOC_2025-04-30_G47,FELICIANOC,2025-04-30,117830,1,4,0,58.0
FELICIANOC_2025-04-30_G48,FELICIANOC,2025-04-30,118140,1,4,0,64.0
FELICIANOC_2025-04-30_G49,FELICIANOC,2025-04-30,118317,1,4,0,97.0
FELICIANOC_2025-04-30_G50,FELICIANOC,2025-04-30,110787,1,4,0,84.0
FELICIANOC_2025-04-30_G51,FELICIANOC,2025-04-30,107236,1,4,0,83.0
FELICIANOC_2025-05-29_G02,FELICIANOC,2025-05-29,124486,1,10,0,215.0
FELICIANOC_2025-05-29_G03,FELICIANOC,2025-05-29,120339,1,13,0,421.0
FELICIANOC_2025-05-29_G04,FELICIANOC,2025-05-29,124594,1,4,0,565.0
FELICIANOC_2025-05-29_G05,FELICIANOC,2025-05-29,123313,1,2,0,227.0
FELICIANOC_2025-05-29_G06,FELICIANOC,2025-05-29,123345,1,12,0,295.0
FELICIANOC_2025-05-29_G07,FELICIANOC,2025-05-29,123343,1,5,0,379.0
FELICIANOC_2025-05-29_G08,FELICIANOC,2025-05-29,124486,1,46,0,1055.0
FELICIANOC_2025-05-29_G09,FELICIANOC,2025-05-29,181887,1,8,0,309.0
FELICIANOC_2025-05-29_G10,FELICIANOC,2025-05-29,124433,1,4,0,226.0
FELICIANOC_2025-05-29_G11,FELICIANOC,2025-05-29,120008,1,3,0,116.0
FELICIANOC_2025-05-29_G12,FELICIANOC,2025-05-29,124371,1,22,0,375.0
FELICIANOC_2025-05-29_G13,FELICIANOC,2025-05-29,124371,1,32,0,1138.0
FELICIANOC_2025-05-29_G14,FELICIANOC,2025-05-29,121651,1,80,0,94.0
FELICIANOC_2025-05-29_G15,FELICIANOC,2025-05-29,124370,1,20,0,304.0
FELICIANOC_2025-05-29_G16,FELICIANOC,2025-05-29,124370,1,50,0,332.0
FELICIANOC_2025-05-30_G03,FELICIANOC,2025-05-30,111469,1,4,0,435.0
FELICIANOC_2025-05-30_G04,FELICIANOC,2025-05-30,111466,1,8,0,1356.0
FELICIANOC_2025-05-31_G02,FELICIANOC,2025-05-31,118004,1,2,0,165.0
FELICIANOC_2025-05-31_G03,FELICIANOC,2025-05-31,110755,1,2,0,300.0
FELICIANOC_2025-05-31_G04,FELICIANOC,2025-05-31,111441,1,3,0,80.0
FELICIANOC_2025-05-31_G05,FELICIANOC,2025-05-31,108711,1,2,0,81.0
FELICIANOC_2025-05-31_G06,FELICIANOC,2025-05-31,110787,1,5,0,168.0
FELICIANOC_2025-05-31_G07,FELICIANOC,2025-05-31,140922,1,8,0,734.0
FELICIANOC_2025-05-31_G08,FELICIANOC,2025-05-31,118004,1,2,0,96.0
FELICIANOC_2025-05-31_G09,FELICIANOC,2025-05-31,111850,1,4,0,728.0
FELICIANOC_2025-05-31_G10,FELICIANOC,2025-05-31,105705,1,6,0,115.0
FELICIANOC_2025-05-31_G11,FELICIANOC,2025-05-31,118223,1,12,0,476.0
FELICIANOC_2025-05-31_G12,FELICIANOC,2025-05-31,109937,1,2,0,154.0
FELICIANOC_2025-05-31_G13,FELICIANOC,2025-05-31,110582,1,5,0,494.0
FELICIANOC_2025-05-31_G14,FELICIANOC,2025-05-31,111850,1,12,0,209.0
FELICIANOC_2025-05-31_G15,FELICIANOC,2025-05-31,111172,1,4,0,131.0
FELICIANOC_2025-05-31_G16,FELICIANOC,2025-05-31,109937,1,8,0,307.0
FELICIANOC_2025-05-31_G17,FELICIANOC,2025-05-31,160051,1,15,0,188.0
FELICIANOC_2025-05-31_G18,FELICIANOC,2025-05-31,117830,1,2,0,76.0
FELICIANOC_2025-05-31_G19,FELICIANOC,2025-05-31,109643,1,26,0,387.0
FELICIANOC_2025-05-31_G20,FELICIANOC,2025-05-31,105705,1,29,0,332.0
FELICIANOC_2025-05-31_G21,FELICIANOC,2025-05-31,118290,1,2,0,506.0
FELICIANOC_2025-05-31_G22,FELICIANOC,2025-05-31,110895,1,1,0,210.0
FELICIANOC_2025-05-31_G23,FELICIANOC,2025-05-31,110313,1,4,0,376.0
FELICIANOC_2025-05-31_G24,FELICIANOC,2025-05-31,118417,1,4,0,614.0
FELICIANOC_2025-05-31_G25,FELICIANOC,2025-05-31,109471,1,2,0,192.0
FELICIANOC_2025-05-31_G26,FELICIANOC,2025-05-31,116527,1,2,0,194.0
FELICIANOC_2025-05-31_G27,FELICIANOC,2025-05-31,111850,1,4,0,128.0
FELICIANOC_2025-05-31_G28,FELICIANOC,2025-05-31,111468,1,4,0,523.0
FELICIANOC_2025-05-31_G29,FELICIANOC,2025-05-31,140922,1,6,0,104.0
FELICIANOC_2025-05-31_G30,FELICIANOC,2025-05-31,105705,1,8,0,104.0
FELICIANOC_2025-05-31_G31,FELICIANOC,2025-05-31,105705,1,6,0,82.0
FELICIANOC_2025-05-31_G32,FELICIANOC,2025-05-31,110325,1,2,0,115.0
FELICIANOC_2025-05-31_G33,FELICIANOC,2025-05-31,160051,1,1,0,99.0
FELICIANOC_2025-07-30_G02,FELICIANOC,2025-07-30,108794,1,4,0,239.0
FELICIANOC_2025-07-30_G03,FELICIANOC,2025-07-30,141458,1,8,0,292.0
FELICIANOC_2025-07-30_G04,FELICIANOC,2025-07-30,141457,1,8,0,91.0
FELICIANOC_2025-07-30_G05,FELICIANOC,2025-07-30,110371,1,20,0,1266.0
FELICIANOC_2025-07-30_G06,FELICIANOC,2025-07-30,110372,1,10,0,248.0
FELICIANOC_2025-07-30_G07,FELICIANOC,2025-07-30,111463,1,20,0,446.0
FELICIANOC_2025-07-30_G08,FELICIANOC,2025-07-30,118222,1,15,0,57.0
FELICIANOC_2025-07-30_G09,FELICIANOC,2025-07-30,118299,1,100,0,556.0
FELICIANOC_2025-07-30_G10,FELICIANOC,2025-07-30,117808,1,30,0,290.0
FELICIANOC_2025-07-31_G02,FELICIANOC,2025-07-31,110733,1,8,0,213.0
FELICIANOC_2025-07-31_G03,FELICIANOC,2025-07-31,109974,1,2,0,277.0
FELICIANOC_2025-07-31_G04,FELICIANOC,2025-07-31,110733,1,4,0,104.0
FELICIANOC_2025-07-31_G05,FELICIANOC,2025-07-31,110733,1,2,0,58.0
FELICIANOC_2025-07-31_G06,FELICIANOC,2025-07-31,110733,1,4,0,35.0
FELICIANOC_2025-07-31_G07,FELICIANOC,2025-07-31,117820,1,4,0,638.0
FELICIANOC_2025-07-31_G08,FELICIANOC,2025-07-31,110372,1,6,0,64.0
FELICIANOC_2025-07-31_G09,FELICIANOC,2025-07-31,141202,1,4,0,253.0
FELICIANOC_2025-07-31_G10,FELICIANOC,2025-07-31,110743,1,2,0,71.0
FELICIANOC_2025-07-31_G11,FELICIANOC,2025-07-31,"140922, 111418, 111532",3,19,50,63.0
FELICIANOC_2025-07-31_G12,FELICIANOC,2025-07-31,"108794, 141823",2,16,27,37.0
FELICIANOC_2025-07-31_G13,FELICIANOC,2025-07-31,111743,1,10,0,1277.0
FELICIANOC_2025-07-31_G14,FELICIANOC,2025-07-31,"107629, 110339, 117856",3,22,14,1087.0
FELICIANOC_2025-07-31_G15,FELICIANOC,2025-07-31,118094,1,4,0,240.0
FELICIANOC_2025-07-31_G16,FELICIANOC,2025-07-31,111530,1,10,0,109.0
FELICIANOC_2025-07-31_G17,FELICIANOC,2025-07-31,111602,1,8,0,155.0
FELICIANOC_2025-07-31_G18,FELICIANOC,2025-07-31,101217,1,1,0,317.0
FELICIANOC_2025-07-31_G19,FELICIANOC,2025-07-31,110515,1,6,0,133.0
FELICIANOC_2025-07-31_G20,FELICIANOC,2025-07-31,110752,1,4,0,96.0
FELICIANOC_2025-07-31_G21,FELICIANOC,2025-07-31,110063,1,1,0,138.0
FELICIANOC_2025-07-31_G22,FELICIANOC,2025-07-31,118094,1,8,0,496.0
FELICIANOC_2025-10-30_G02,FELICIANOC,2025-10-30,110740,1,81,0,731.0
FELICIANOC_2025-10-30_G03,FELICIANOC,2025-10-30,140922,1,53,0,329.0
FELICIANOC_2025-10-30_G04,FELICIANOC,2025-10-30,111348,1,82,0,438.0
FELICIANOC_2025-10-30_G05,FELICIANOC,2025-10-30,111465,1,63,0,208.0
FELICIANOC_2025-10-30_G06,FELICIANOC,2025-10-30,110129,1,50,0,437.0
FELICIANOC_2025-10-30_G07,FELICIANOC,2025-10-30,118222,1,4,0,1523.0
FELICIANOC_2025-10-30_G08,FELICIANOC,2025-10-30,110742,1,4,0,200.0
FELICIANOC_2025-10-30_G09,FELICIANOC,2025-10-30,110755,1,12,0,412.0
FELICIANOC_2025-10-30_G10,FELICIANOC,2025-10-30,111569,1,3,0,198.0
FELICIANOC_2025-10-30_G11,FELICIANOC,2025-10-30,117856,1,2,0,95.0
FELICIANOC_2025-10-30_G12,FELICIANOC,2025-10-30,109647,1,3,0,51.0
FELICIANOC_2025-10-30_G13,FELICIANOC,2025-10-30,111530,1,4,0,69.0
FELICIANOC_2025-10-30_G14,FELICIANOC,2025-10-30,117862,1,7,0,94.0
FELICIANOC_2025-10-30_G15,FELICIANOC,2025-10-30,108772,1,2,0,73.0
FELICIANOC_2025-10-30_G16,FELICIANOC,2025-10-30,111467,1,4,0,71.0
FELICIANOC_2025-10-30_G17,FELICIANOC,2025-10-30,140923,1,4,0,94.0
FELICIANOC_2025-10-30_G18,FELICIANOC,2025-10-30,111602,1,3,0,80.0
FELICIANOC_2025-10-30_G19,FELICIANOC,2025-10-30,117855,1,6,0,88.0
FELICIANOC_2025-10-30_G20,FELICIANOC,2025-10-30,105705,1,4,0,431.0
FELICIANOC_2025-10-30_G21,FELICIANOC,2025-10-30,111433,1,4,0,78.0
FELICIANOC_2025-10-30_G22,FELICIANOC,2025-10-30,110740,1,4,0,97.0
FELICIANOC_2025-10-30_G23,FELICIANOC,2025-10-30,"140922, 111348",2,6,25,71.0
FELICIANOC_2025-10-30_G24,FELICIANOC,2025-10-30,111418,2,12,27,108.0
FELICIANOC_2025-10-30_G25,FELICIANOC,2025-10-30,111469,1,8,0,107.0
FELICIANOC_2025-10-30_G26,FELICIANOC,2025-10-30,111431,1,4,0,48.0
FELICIANOC_2025-10-30_G27,FELICIANOC,2025-10-30,111466,1,12,0,143.0
FELICIANOC_2025-10-30_G28,FELICIANOC,2025-10-30,116241,1,5,0,134.0
FELICIANOC_2025-10-30_G29,FELICIANOC,2025-10-30,108711,1,4,0,76.0
FELICIANOC_2025-10-30_G30,FELICIANOC,2025-10-30,141271,1,2,0,81.0
FELICIANOC_2025-10-30_G31,FELICIANOC,2025-10-30,109643,1,6,0,218.0
FELICIANOC_2025-10-30_G32,FELICIANOC,2025-10-30,110372,1,10,0,45.0
FELICIANOC_2025-10-30_G33,FELICIANOC,2025-10-30,110373,1,30,0,624.0
FELICIANOC_2025-10-30_G34,FELICIANOC,2025-10-30,117808,1,20,0,394.0
FELICIANOC_2025-10-30_G35,FELICIANOC,2025-10-30,118140,1,8,0,104.0
FELICIANOC_2025-10-30_G36,FELICIANOC,2025-10-30,110371,1,10,0,113.0
FELICIANOC_2025-10-30_G37,FELICIANOC,2025-10-30,111438,1,2,0,273.0
FELICIANOC_2025-10-30_G38,FELICIANOC,2025-10-30,110742,1,2,0,123.0
FELICIANOC_2025-10-30_G39,FELICIANOC,2025-10-30,110313,1,1,0,86.0
FELICIANOC_2025-10-30_G40,FELICIANOC,2025-10-30,117856,1,2,0,51.0
FELICIANOC_2025-10-30_G41,FELICIANOC,2025-10-30,110741,1,4,0,55.0
FELICIANOC_2025-10-31_G02,FELICIANOC,2025-10-31,108772,1,2,0,161.0
FELICIANOC_2025-10-31_G03,FELICIANOC,2025-10-31,110752,1,4,0,51.0
FELICIANOC_2025-10-31_G04,FELICIANOC,2025-10-31,117855,1,4,0,226.0
FELICIANOC_2025-10-31_G05,FELICIANOC,2025-10-31,110372,1,12,0,413.0
FELICIANOC_2025-10-31_G06,FELICIANOC,2025-10-31,117808,1,10,0,258.0
FELICIANOC_2025-10-31_G07,FELICIANOC,2025-10-31,110371,1,10,0,160.0
FELICIANOC_2025-10-31_G08,FELICIANOC,2025-10-31,110325,1,8,0,233.0
FELICIANOC_2025-10-31_G09,FELICIANOC,2025-10-31,111441,1,16,0,2644.0
FELICIANOC_2025-10-31_G10,FELICIANOC,2025-10-31,141047,1,7,0,252.0
FELICIANOC_2025-10-31_G11,FELICIANOC,2025-10-31,109640,1,18,0,381.0
FELICIANOC_2025-10-31_G12,FELICIANOC,2025-10-31,111172,1,20,0,201.0
FELICIANOC_2025-10-31_G13,FELICIANOC,2025-10-31,118140,1,90,0,316.0
FELICIANOC_2025-10-31_G14,FELICIANOC,2025-10-31,109645,1,30,0,410.0
FELICIANOC_2025-10-31_G15,FELICIANOC,2025-10-31,110787,1,174,0,979.0
FELICIANOC_2025-10-31_G16,FELICIANOC,2025-10-31,111418,1,213,0,463.0
FELICIANOC_2025-10-31_G17,FELICIANOC,2025-10-31,111469,1,50,0,154.0
FELICIANOC_2025-10-31_G18,FELICIANOC,2025-10-31,117785,1,211,0,533.0
FELICIANOC_2025-10-31_G19,FELICIANOC,2025-10-31,111532,1,42,0,199.0
FELICIANOC_2025-10-31_G20,FELICIANOC,2025-10-31,110372,1,584,0,784.0
FELICIANOC_2026-01-30_G02,FELICIANOC,2026-01-30,140911,1,2,0,67.0
FELICIANOC_2026-01-30_G03,FELICIANOC,2026-01-30,141202,1,20,0,192.0
FELICIANOC_2026-01-30_G04,FELICIANOC,2026-01-30,111467,1,16,0,249.0
FELICIANOC_2026-01-30_G05,FELICIANOC,2026-01-30,160051,1,4,0,84.0
FELICIANOC_2026-01-30_G06,FELICIANOC,2026-01-30,140911,1,4,0,605.0
FELICIANOC_2026-01-30_G07,FELICIANOC,2026-01-30,141916,1,8,0,170.0
FELICIANOC_2026-01-30_G08,FELICIANOC,2026-01-30,141166,1,3,0,76.0
FELICIANOC_2026-01-30_G09,FELICIANOC,2026-01-30,140923,1,5,0,224.0
FELICIANOC_2026-01-30_G10,FELICIANOC,2026-01-30,109974,1,1,0,528.0
FELICIANOC_2026-01-30_G11,FELICIANOC,2026-01-30,110895,2,4,30,254.0
FELICIANOC_2026-01-30_G12,FELICIANOC,2026-01-30,118224,1,8,0,143.0
FELICIANOC_2026-01-30_G13,FELICIANOC,2026-01-30,116527,1,6,0,108.0
FELICIANOC_2026-01-30_G14,FELICIANOC,2026-01-30,117862,2,4,26,136.0
FELICIANOC_2026-01-30_G15,FELICIANOC,2026-01-30,111602,1,2,0,45.0
FELICIANOC_2026-01-30_G16,FELICIANOC,2026-01-30,111602,1,8,0,66.0
FELICIANOC_2026-01-30_G17,FELICIANOC,2026-01-30,141047,1,4,0,87.0
FELICIANOC_2026-01-30_G18,FELICIANOC,2026-01-30,110711,1,2,0,45.0
FELICIANOC_2026-01-30_G19,FELICIANOC,2026-01-30,109640,1,10,0,207.0
FELICIANOC_2026-01-30_G20,FELICIANOC,2026-01-30,109641,1,8,0,599.0
FELICIANOC_2026-01-30_G21,FELICIANOC,2026-01-30,140922,1,2,0,90.0
FELICIANOC_2026-01-30_G22,FELICIANOC,2026-01-30,111743,1,4,0,68.0
FELICIANOC_2026-01-30_G23,FELICIANOC,2026-01-30,109645,1,2,0,69.0
FELICIANOC_2026-01-30_G24,FELICIANOC,2026-01-30,160055,1,4,0,93.0
FELICIANOC_2026-01-30_G25,FELICIANOC,2026-01-30,111463,1,20,0,232.0
FELICIANOC_2026-01-30_G26,FELICIANOC,2026-01-30,111463,1,7,0,47.0
FELICIANOC_2026-01-30_G27,FELICIANOC,2026-01-30,111532,2,8,24,102.0
FELICIANOC_2026-01-30_G28,FELICIANOC,2026-01-30,111532,3,8,55,31.0
FELICIANOC_2026-01-30_G29,FELICIANOC,2026-01-30,141457,1,4,0,77.0
FELICIANOC_2026-01-30_G30,FELICIANOC,2026-01-30,141457,1,14,0,87.0
FELICIANOC_2026-01-30_G31,FELICIANOC,2026-01-30,111433,1,4,0,53.0
FELICIANOC_2026-01-30_G32,FELICIANOC,2026-01-30,117787,1,6,0,238.0
FELICIANOC_2026-01-30_G33,FELICIANOC,2026-01-30,118140,1,4,0,71.0
FELICIANOC_2026-01-30_G34,FELICIANOC,2026-01-30,141166,1,5,0,531.0
FELICIANOC_2026-01-30_G35,FELICIANOC,2026-01-30,141166,1,4,0,1080.0
FELICIANOC_2026-01-30_G36,FELICIANOC,2026-01-30,111468,1,4,0,137.0
FELICIANOC_2026-01-30_G37,FELICIANOC,2026-01-30,111602,1,9,0,172.0
FELICIANOC_2026-01-30_G38,FELICIANOC,2026-01-30,111602,1,3,0,65.0
FELICIANOC_2026-01-30_G39,FELICIANOC,2026-01-30,111469,1,10,0,432.0
FELICIANOC_2026-01-30_G40,FELICIANOC,2026-01-30,105705,1,4,0,689.0
FELICIANOC_2026-01-30_G41,FELICIANOC,2026-01-30,111602,1,1,0,88.0
FELICIANOC_2026-01-30_G42,FELICIANOC,2026-01-30,110374,1,8,0,147.0
FELICIANOC_2026-01-30_G43,FELICIANOC,2026-01-30,111602,1,8,0,298.0
FELICIANOC_2026-01-30_G44,FELICIANOC,2026-01-30,111468,1,4,0,99.0
FELICIANOC_2026-01-30_G45,FELICIANOC,2026-01-30,111468,1,4,0,80.0
FELICIANOC_2026-01-31_G02,FELICIANOC,2026-01-31,111439,1,4,0,171.0
FELICIANOC_2026-01-31_G03,FELICIANOC,2026-01-31,160055,1,2,0,70.0
FELICIANOC_2026-01-31_G04,FELICIANOC,2026-01-31,141456,1,9,0,188.0
FELICIANOC_2026-01-31_G05,FELICIANOC,2026-01-31,111182,1,4,0,153.0
FELICIANOC_2026-01-31_G06,FELICIANOC,2026-01-31,141456,1,10,0,125.0
FELICIANOC_2026-01-31_G07,FELICIANOC,2026-01-31,109641,1,2,0,232.0
FELICIANOC_2026-01-31_G08,FELICIANOC,2026-01-31,141456,1,5,0,144.0
FELICIANOC_2026-01-31_G09,FELICIANOC,2026-01-31,142013,1,4,0,182.0
FELICIANOC_2026-01-31_G10,FELICIANOC,2026-01-31,141456,1,10,0,353.0
FELICIANOC_2026-01-31_G11,FELICIANOC,2026-01-31,141456,1,1,0,52.0
FELICIANOC_2026-01-31_G12,FELICIANOC,2026-01-31,108711,1,4,0,644.0
FELICIANOC_2026-01-31_G13,FELICIANOC,2026-01-31,118306,1,6,0,133.0
FELICIANOC_2026-01-31_G14,FELICIANOC,2026-01-31,118306,1,4,0,97.0
FELICIANOC_2026-01-31_G15,FELICIANOC,2026-01-31,108772,1,2,0,274.0
FELICIANOC_2026-01-31_G16,FELICIANOC,2026-01-31,111530,1,37,0,334.0
FELICIANOC_2026-01-31_G17,FELICIANOC,2026-01-31,111172,1,10,0,379.0
FELICIANOC_2026-01-31_G18,FELICIANOC,2026-01-31,111172,1,3,0,36.0
FELICIANOC_2026-01-31_G19,FELICIANOC,2026-01-31,118299,1,200,0,335.0
FELICIANOC_2026-01-31_G20,FELICIANOC,2026-01-31,111602,1,4,0,558.0
FELICIANOC_2026-01-31_G21,FELICIANOC,2026-01-31,110711,1,5,0,99.0
FELICIANOC_2026-01-31_G22,FELICIANOC,2026-01-31,110733,1,2,0,122.0
FELICIANOC_2026-01-31_G23,FELICIANOC,2026-01-31,108759,1,2,0,1837.0
FELICIANOC_2026-01-31_G24,FELICIANOC,2026-01-31,111430,1,8,0,94.0
FELICIANOC_2026-01-31_G25,FELICIANOC,2026-01-31,117855,1,12,0,139.0
FELICIANOC_2026-01-31_G26,FELICIANOC,2026-01-31,117862,1,8,0,121.0
FELICIANOC_2026-01-31_G27,FELICIANOC,2026-01-31,111172,1,6,0,111.0
FELICIANOC_2026-01-31_G28,FELICIANOC,2026-01-31,141457,1,8,0,172.0
FELICIANOC_2026-01-31_G29,FELICIANOC,2026-01-31,111469,1,10,0,137.0
FELICIANOC_2026-01-31_G30,FELICIANOC,2026-01-31,118140,1,10,0,163.0
FELICIANOC_2026-01-31_G31,FELICIANOC,2026-01-31,110374,1,3,0,126.0
FELICIANOC_2026-01-31_G32,FELICIANOC,2026-01-31,118299,1,30,0,351.0
FELICIANOC_2026-01-31_G33,FELICIANOC,2026-01-31,110373,1,20,0,246.0
GSILVA_2025-01-13_G02,GSILVA,2025-01-13,111441,1,1,0,71.0
GSILVA_2025-01-13_G03,GSILVA,2025-01-13,111467,1,2,0,109.0
GSILVA_2025-01-13_G04,GSILVA,2025-01-13,109640,1,4,0,70.0
GSILVA_2025-01-13_G05,GSILVA,2025-01-13,111530,1,3,0,50.0
GSILVA_2025-01-13_G06,GSILVA,2025-01-13,117831,1,7,0,93.0
GSILVA_2025-01-13_G07,GSILVA,2025-01-13,108711,1,3,0,84.0
GSILVA_2025-01-13_G08,GSILVA,2025-01-13,111463,1,1,0,85.0
GSILVA_2025-01-13_G09,GSILVA,2025-01-13,117820,1,2,0,179.0
GSILVA_2025-01-13_G10,GSILVA,2025-01-13,117832,1,1,0,106.0
GSILVA_2025-01-13_G11,GSILVA,2025-01-13,141047,1,3,0,405.0
GSILVA_2025-01-13_G12,GSILVA,2025-01-13,117862,1,4,0,73.0
GSILVA_2025-01-13_G13,GSILVA,2025-01-13,108711,1,7,0,134.0
GSILVA_2025-01-13_G14,GSILVA,2025-01-13,117830,1,4,0,108.0
GSILVA_2025-01-13_G15,GSILVA,2025-01-13,111441,1,15,0,304.0
GSILVA_2025-01-13_G16,GSILVA,2025-01-13,140922,1,1,0,356.0
GSILVA_2025-01-13_G17,GSILVA,2025-01-13,117830,1,5,0,311.0
GSILVA_2025-01-13_G18,GSILVA,2025-01-13,111530,1,6,0,1985.0
GSILVA_2025-01-13_G19,GSILVA,2025-01-13,109933,1,2,0,327.0
GSILVA_2025-01-13_G20,GSILVA,2025-01-13,110755,1,24,0,157.0
GSILVA_2025-01-13_G21,GSILVA,2025-01-13,111467,1,1,0,320.0
GSILVA_2025-01-13_G22,GSILVA,2025-01-13,141047,1,12,0,211.0
GSILVA_2025-01-13_G23,GSILVA,2025-01-13,117820,1,15,0,239.0
GSILVA_2025-01-13_G24,GSILVA,2025-01-13,107830,1,6,0,171.0
GSILVA_2025-01-13_G25,GSILVA,2025-01-13,117830,1,28,0,413.0
GSILVA_2025-01-13_G26,GSILVA,2025-01-13,111435,1,2,0,259.0
GSILVA_2025-01-13_G27,GSILVA,2025-01-13,118140,1,1,0,51.0
GSILVA_2025-01-13_G28,GSILVA,2025-01-13,110740,1,2,0,114.0
GSILVA_2025-01-13_G29,GSILVA,2025-01-13,117831,1,10,0,131.0
GSILVA_2025-01-13_G30,GSILVA,2025-01-13,108795,1,4,0,72.0
GSILVA_2025-01-13_G31,GSILVA,2025-01-13,140922,1,1,0,222.0
GSILVA_2025-01-13_G32,GSILVA,2025-01-13,105705,1,1,0,46.0
GSILVA_2025-01-13_G33,GSILVA,2025-01-13,108711,1,4,0,54.0
GSILVA_2025-01-13_G34,GSILVA,2025-01-13,117785,2,20,27,64.0
GSILVA_2025-01-13_G35,GSILVA,2025-01-13,111444,1,8,0,542.0
GSILVA_2025-01-13_G36,GSILVA,2025-01-13,140922,1,16,0,115.0
GSILVA_2025-01-13_G37,GSILVA,2025-01-13,108711,1,4,0,153.0
GSILVA_2025-01-13_G38,GSILVA,2025-01-13,111463,1,101,0,327.0
GSILVA_2025-01-13_G39,GSILVA,2025-01-13,118250,1,16,0,302.0
GSILVA_2025-01-13_G40,GSILVA,2025-01-13,111418,1,5,0,272.0
GSILVA_2025-01-13_G41,GSILVA,2025-01-13,116241,1,1,0,103.0
GSILVA_2025-01-13_G42,GSILVA,2025-01-13,108711,1,2,0,163.0
GSILVA_2025-01-13_G43,GSILVA,2025-01-13,111439,1,4,0,157.0
GSILVA_2025-03-15_G02,GSILVA,2025-03-15,111569,1,7,0,616.0
GSILVA_2025-03-15_G03,GSILVA,2025-03-15,110742,1,10,0,171.0
GSILVA_2025-03-15_G04,GSILVA,2025-03-15,110681,1,5,0,362.0
GSILVA_2025-03-15_G05,GSILVA,2025-03-15,110747,1,7,0,550.0
GSILVA_2025-03-15_G06,GSILVA,2025-03-15,111850,1,4,0,105.0
GSILVA_2025-03-15_G07,GSILVA,2025-03-15,115775,1,4,0,57.0
GSILVA_2025-03-15_G08,GSILVA,2025-03-15,111430,1,4,0,120.0
GSILVA_2025-03-15_G09,GSILVA,2025-03-15,109471,1,6,0,208.0
GSILVA_2025-03-15_G10,GSILVA,2025-03-15,118229,1,12,0,251.0
GSILVA_2025-03-15_G11,GSILVA,2025-03-15,118229,1,16,0,31.0
GSILVA_2025-03-15_G12,GSILVA,2025-03-15,160057,1,8,0,717.0
GSILVA_2025-03-15_G13,GSILVA,2025-03-15,117835,1,17,0,606.0
GSILVA_2025-03-15_G14,GSILVA,2025-03-15,117836,1,1,0,331.0
GSILVA_2025-03-15_G15,GSILVA,2025-03-15,140957,1,14,0,810.0
GSILVA_2025-03-15_G16,GSILVA,2025-03-15,117862,2,13,10,106.0
GSILVA_2025-03-15_G17,GSILVA,2025-03-15,117862,1,10,0,141.0
GSILVA_2025-03-15_G18,GSILVA,2025-03-15,118094,1,8,0,462.0
GSILVA_2025-03-15_G19,GSILVA,2025-03-15,110339,1,10,0,431.0
GSILVA_2025-03-15_G20,GSILVA,2025-03-15,110313,1,5,0,201.0
GSILVA_2025-03-15_G21,GSILVA,2025-03-15,110733,1,14,0,339.0
GSILVA_2025-03-15_G22,GSILVA,2025-03-15,111602,1,10,0,300.0
GSILVA_2025-03-15_G23,GSILVA,2025-03-15,110741,1,3,0,114.0
GSILVA_2025-03-15_G24,GSILVA,2025-03-15,117861,1,10,0,88.0
GSILVA_2025-03-15_G25,GSILVA,2025-03-15,108772,1,4,0,258.0
GSILVA_2025-03-15_G26,GSILVA,2025-03-15,108711,1,6,0,176.0
GSILVA_2025-03-15_G27,GSILVA,2025-03-15,111431,1,4,0,72.0
GSILVA_2025-03-15_G28,GSILVA,2025-03-15,111532,1,10,0,202.0
GSILVA_2025-03-15_G29,GSILVA,2025-03-15,117831,1,10,0,507.0
GSILVA_2025-03-15_G30,GSILVA,2025-03-15,117833,1,2,0,579.0
GSILVA_2025-03-15_G31,GSILVA,2025-03-15,140922,1,10,0,58.0
GSILVA_2025-03-15_G32,GSILVA,2025-03-15,111466,1,10,0,95.0
GSILVA_2025-03-15_G33,GSILVA,2025-03-15,109641,1,5,0,274.0
GSILVA_2025-03-15_G34,GSILVA,2025-03-15,117785,1,20,0,61.0
GSILVA_2025-03-15_G35,GSILVA,2025-03-15,118140,1,21,0,168.0
GSILVA_2025-03-15_G36,GSILVA,2025-03-15,110745,1,10,0,180.0
GSILVA_2025-03-15_G37,GSILVA,2025-03-15,111442,2,14,7,311.0
GSILVA_2025-03-15_G38,GSILVA,2025-03-15,110787,1,10,0,89.0
GSILVA_2025-03-15_G39,GSILVA,2025-03-15,110787,1,10,0,799.0
GSILVA_2025-03-15_G40,GSILVA,2025-03-15,109645,1,4,0,50.0
GSILVA_2025-03-15_G41,GSILVA,2025-03-15,160055,1,6,0,99.0
GSILVA_2025-03-15_G42,GSILVA,2025-03-15,108794,1,9,0,55.0
GSILVA_2025-03-15_G43,GSILVA,2025-03-15,117821,1,14,0,1423.0
GSILVA_2025-03-15_G44,GSILVA,2025-03-15,111465,1,10,0,60.0
GSILVA_2025-03-15_G45,GSILVA,2025-03-15,117821,1,10,0,127.0
GSILVA_2025-03-15_G46,GSILVA,2025-03-15,118299,2,69,9,166.0
GSILVA_2025-03-15_G47,GSILVA,2025-03-15,117830,2,20,7,290.0
GSILVA_2025-03-15_G48,GSILVA,2025-03-15,109643,1,20,0,386.0
GSILVA_2025-03-15_G49,GSILVA,2025-03-15,117840,1,5,0,106.0
GSILVA_2025-03-15_G50,GSILVA,2025-03-15,160051,1,6,0,779.0
GSILVA_2025-03-15_G51,GSILVA,2025-03-15,109747,2,23,15,88.0
GSILVA_2025-03-15_G52,GSILVA,2025-03-15,110374,1,10,0,484.0
GSILVA_2025-03-15_G53,GSILVA,2025-03-15,117786,1,50,0,1666.0
GSILVA_2025-03-15_G54,GSILVA,2025-03-15,110325,1,24,0,131.0
GSILVA_2025-03-15_G55,GSILVA,2025-03-15,117808,1,450,0,870.0
GSILVA_2025-03-15_G56,GSILVA,2025-03-15,118299,1,141,0,940.0
GSILVA_2025-03-17_G02,GSILVA,2025-03-17,111532,1,8,0,86.0
GSILVA_2025-03-17_G03,GSILVA,2025-03-17,108711,1,2,0,126.0
GSILVA_2025-03-17_G04,GSILVA,2025-03-17,110515,1,4,0,100.0
GSILVA_2025-03-17_G05,GSILVA,2025-03-17,110711,1,3,0,64.0
GSILVA_2025-03-17_G06,GSILVA,2025-03-17,110373,1,5,0,143.0
GSILVA_2025-03-17_G07,GSILVA,2025-03-17,111569,1,9,0,443.0
GSILVA_2025-03-17_G08,GSILVA,2025-03-17,111430,1,1,0,167.0
GSILVA_2025-03-17_G09,GSILVA,2025-03-17,111530,1,1,0,230.0
GSILVA_2025-03-17_G10,GSILVA,2025-03-17,117856,1,1,0,104.0
GSILVA_2025-03-17_G11,GSILVA,2025-03-17,111330,1,2,0,322.0
GSILVA_2025-03-17_G12,GSILVA,2025-03-17,110373,1,5,0,124.0
GSILVA_2025-03-17_G13,GSILVA,2025-03-17,117808,1,6,0,71.0
GSILVA_2025-03-17_G14,GSILVA,2025-03-17,109643,1,4,0,130.0
GSILVA_2025-03-17_G15,GSILVA,2025-03-17,110374,1,3,0,44.0
GSILVA_2025-03-17_G16,GSILVA,2025-03-17,"110895, 111430",2,3,15,536.0
GSILVA_2025-03-17_G17,GSILVA,2025-03-17,110515,1,2,0,64.0
GSILVA_2025-03-17_G18,GSILVA,2025-03-17,110787,1,4,0,103.0
GSILVA_2025-03-17_G19,GSILVA,2025-03-17,117808,1,2,0,147.0
GSILVA_2025-03-17_G20,GSILVA,2025-03-17,110373,1,1,0,113.0
GSILVA_2025-03-17_G21,GSILVA,2025-03-17,110374,1,4,0,44.0
GSILVA_2025-03-17_G22,GSILVA,2025-03-17,118299,1,4,0,121.0
GSILVA_2025-03-17_G23,GSILVA,2025-03-17,111569,1,4,0,268.0
GSILVA_2025-03-17_G24,GSILVA,2025-03-17,110787,1,2,0,79.0
GSILVA_2025-03-17_G25,GSILVA,2025-03-17,108711,1,4,0,111.0
GSILVA_2025-03-17_G26,GSILVA,2025-03-17,107236,1,2,0,1129.0
GSILVA_2025-03-17_G27,GSILVA,2025-03-17,111463,1,60,0,845.0
GSILVA_2025-03-17_G28,GSILVA,2025-03-17,111469,1,40,0,307.0
GSILVA_2025-03-17_G29,GSILVA,2025-03-17,111112,1,1,0,1961.0
GSILVA_2025-03-17_G30,GSILVA,2025-03-17,110813,1,1,0,41.0
GSILVA_2025-03-17_G31,GSILVA,2025-03-17,109976,1,1,0,211.0
GSILVA_2025-03-17_G32,GSILVA,2025-03-17,111850,1,21,0,320.0
GSILVA_2025-03-17_G33,GSILVA,2025-03-17,118418,1,4,0,167.0
GSILVA_2025-03-17_G34,GSILVA,2025-03-17,100334,1,3,0,63.0
GSILVA_2025-03-17_G35,GSILVA,2025-03-17,110765,1,1,0,83.0
GSILVA_2025-03-17_G36,GSILVA,2025-03-17,111120,1,1,0,32.0
GSILVA_2025-03-17_G37,GSILVA,2025-03-17,110423,1,3,0,74.0
GSILVA_2025-03-17_G38,GSILVA,2025-03-17,117789,2,50,19,449.0
GSILVA_2025-03-17_G39,GSILVA,2025-03-17,109495,1,2,0,206.0
GSILVA_2025-03-17_G40,GSILVA,2025-03-17,111437,1,4,0,84.0
GSILVA_2025-03-17_G41,GSILVA,2025-03-17,108770,1,20,0,331.0
GSILVA_2025-03-17_G42,GSILVA,2025-03-17,110376,1,40,0,177.0
GSILVA_2025-03-17_G43,GSILVA,2025-03-17,110375,1,15,0,261.0
GSILVA_2025-03-17_G44,GSILVA,2025-03-17,109747,1,80,0,297.0
GSILVA_2025-03-17_G45,GSILVA,2025-03-17,118299,1,300,0,1413.0
GSILVA_2025-03-17_G46,GSILVA,2025-03-17,110373,1,50,0,302.0
GSILVA_2025-03-17_G47,GSILVA,2025-03-17,117820,1,50,0,244.0
GSILVA_2025-03-17_G48,GSILVA,2025-03-17,118223,1,2,0,409.0
GSILVA_2025-03-17_G49,GSILVA,2025-03-17,115817,1,4,0,108.0
GSILVA_2025-03-22_G02,GSILVA,2025-03-22,123822,1,4,0,56.0
GSILVA_2025-03-22_G03,GSILVA,2025-03-22,123822,1,5,0,273.0
GSILVA_2025-03-22_G04,GSILVA,2025-03-22,123822,1,13,0,231.0
GSILVA_2025-03-22_G05,GSILVA,2025-03-22,122962,1,9,0,104.0
GSILVA_2025-03-22_G06,GSILVA,2025-03-22,122185,1,114,0,1572.0
GSILVA_2025-03-22_G08,GSILVA,2025-03-22,110755,1,2,0,266.0
GSILVA_2025-03-28_G02,GSILVA,2025-03-28,111569,1,68,0,1212.0
GSILVA_2025-03-28_G03,GSILVA,2025-03-28,111467,1,14,0,595.0
GSILVA_2025-03-28_G04,GSILVA,2025-03-28,110740,1,6,0,344.0
GSILVA_2025-03-28_G05,GSILVA,2025-03-28,111463,1,1,0,201.0
GSILVA_2025-03-28_G06,GSILVA,2025-03-28,111469,1,19,0,385.0
GSILVA_2025-03-28_G07,GSILVA,2025-03-28,118299,1,31,0,343.0
GSILVA_2025-03-28_G08,GSILVA,2025-03-28,117830,2,49,17,529.0
GSILVA_2025-03-28_G09,GSILVA,2025-03-28,117820,1,30,0,437.0
GSILVA_2025-03-28_G10,GSILVA,2025-03-28,110374,1,30,0,200.0
GSILVA_2025-03-28_G11,GSILVA,2025-03-28,117808,1,68,0,1261.0
GSILVA_2025-03-28_G12,GSILVA,2025-03-28,111463,2,18,26,316.0
GSILVA_2025-03-28_G13,GSILVA,2025-03-28,111430,1,8,0,99.0
GSILVA_2025-03-28_G14,GSILVA,2025-03-28,111569,1,20,0,39.0
GSILVA_2025-03-28_G15,GSILVA,2025-03-28,111469,1,8,0,45.0
GSILVA_2025-03-28_G16,GSILVA,2025-03-28,110740,1,6,0,861.0
GSILVA_2025-03-28_G17,GSILVA,2025-03-28,110711,1,6,0,298.0
GSILVA_2025-03-28_G18,GSILVA,2025-03-28,118290,1,2,0,199.0
GSILVA_2025-03-28_G19,GSILVA,2025-03-28,110740,1,3,0,126.0
GSILVA_2025-03-30_G02,GSILVA,2025-03-30,117808,1,832,0,124.0
GSILVA_2025-03-30_G03,GSILVA,2025-03-30,117808,1,1199,0,68.0
GSILVA_2025-03-30_G05,GSILVA,2025-03-30,117808,1,600,0,712.0
GSILVA_2025-03-30_G06,GSILVA,2025-03-30,110373,2,120,22,521.0
GSILVA_2025-03-30_G07,GSILVA,2025-03-30,110372,1,200,0,251.0
GSILVA_2025-04-28_G02,GSILVA,2025-04-28,110753,1,2,0,182.0
GSILVA_2025-04-28_G03,GSILVA,2025-04-28,111602,1,19,0,41.0
GSILVA_2025-05-20_G02,GSILVA,2025-05-20,122962,1,25,0,187.0
GSILVA_2025-05-20_G03,GSILVA,2025-05-20,124370,1,20,0,432.0
GSILVA_2025-05-20_G04,GSILVA,2025-05-20,124370,1,20,0,41.0
GSILVA_2025-05-20_G05,GSILVA,2025-05-20,121651,2,60,17,459.0
GSILVA_2025-05-20_G06,GSILVA,2025-05-20,124475,1,20,0,822.0
GSILVA_2025-05-20_G07,GSILVA,2025-05-20,124371,1,16,0,331.0
GSILVA_2025-05-20_G08,GSILVA,2025-05-20,121760,1,32,0,315.0
GSILVA_2025-05-20_G09,GSILVA,2025-05-20,121760,2,16,8,32.0
GSILVA_2025-05-21_G02,GSILVA,2025-05-21,122962,1,12,0,713.0
GSILVA_2025-05-21_G03,GSILVA,2025-05-21,123909,1,8,0,119.0
GSILVA_2025-05-21_G04,GSILVA,2025-05-21,124486,1,20,0,81.0
GSILVA_2025-05-21_G05,GSILVA,2025-05-21,120028,1,58,0,202.0
GSILVA_2025-05-21_G06,GSILVA,2025-05-21,120028,1,60,0,836.0
GSILVA_2025-05-21_G07,GSILVA,2025-05-21,122962,1,8,0,771.0
GSILVA_2025-05-21_G08,GSILVA,2025-05-21,122982,1,8,0,226.0
GSILVA_2025-05-21_G09,GSILVA,2025-05-21,122185,1,4,0,60.0
GSILVA_2025-05-21_G10,GSILVA,2025-05-21,122703,1,4,0,36.0
GSILVA_2025-05-21_G11,GSILVA,2025-05-21,120272,1,2,0,95.0
GSILVA_2025-05-21_G12,GSILVA,2025-05-21,120339,1,6,0,123.0
GSILVA_2025-05-21_G13,GSILVA,2025-05-21,123909,1,6,0,102.0
GSILVA_2025-05-21_G14,GSILVA,2025-05-21,123343,1,2,0,67.0
GSILVA_2025-05-21_G15,GSILVA,2025-05-21,120028,1,30,0,992.0
GSILVA_2025-05-21_G16,GSILVA,2025-05-21,122984,1,40,0,473.0
GSILVA_2025-05-29_G02,GSILVA,2025-05-29,110373,1,4,0,234.0
GSILVA_2025-06-17_G02,GSILVA,2025-06-17,121760,1,10,0,182.0
GSILVA_2025-06-17_G03,GSILVA,2025-06-17,124486,1,8,0,79.0
GSILVA_2025-06-17_G04,GSILVA,2025-06-17,122962,1,8,0,119.0
GSILVA_2025-06-17_G05,GSILVA,2025-06-17,122185,1,8,0,80.0
GSILVA_2025-06-17_G06,GSILVA,2025-06-17,123344,1,8,0,83.0
GSILVA_2025-06-17_G07,GSILVA,2025-06-17,121760,1,8,0,153.0
GSILVA_2025-06-17_G08,GSILVA,2025-06-17,124486,1,6,0,102.0
GSILVA_2025-06-17_G09,GSILVA,2025-06-17,124371,1,6,0,122.0
GSILVA_2025-06-17_G10,GSILVA,2025-06-17,124475,1,8,0,236.0
GSILVA_2025-06-17_G11,GSILVA,2025-06-17,180026,1,8,0,820.0
GSILVA_2025-06-17_G12,GSILVA,2025-06-17,124370,1,10,0,306.0
GSILVA_2025-06-17_G13,GSILVA,2025-06-17,122982,1,6,0,120.0
GSILVA_2025-06-17_G14,GSILVA,2025-06-17,121760,1,20,0,261.0
GSILVA_2025-06-17_G15,GSILVA,2025-06-17,122988,1,6,0,89.0
GSILVA_2025-06-17_G16,GSILVA,2025-06-17,123909,1,8,0,99.0
GSILVA_2025-06-17_G17,GSILVA,2025-06-17,124371,1,6,0,74.0
GSILVA_2025-06-17_G18,GSILVA,2025-06-17,124476,1,5,0,88.0
GSILVA_2025-06-23_G02,GSILVA,2025-06-23,124248,1,55,0,589.0
GSILVA_2025-06-23_G03,GSILVA,2025-06-23,122962,1,50,0,1014.0
GSILVA_2025-06-23_G05,GSILVA,2025-06-23,180054,1,2,0,344.0
GSILVA_2025-06-23_G06,GSILVA,2025-06-23,123345,1,10,0,106.0
GSILVA_2025-06-23_G07,GSILVA,2025-06-23,122984,1,4,0,550.0
GSILVA_2025-06-23_G08,GSILVA,2025-06-23,122673,1,10,0,349.0
GSILVA_2025-06-23_G09,GSILVA,2025-06-23,123343,1,4,0,268.0
GSILVA_2025-06-23_G10,GSILVA,2025-06-23,124476,1,8,0,731.0
GSILVA_2025-06-23_G11,GSILVA,2025-06-23,122703,1,43,0,618.0
GSILVA_2025-06-23_G12,GSILVA,2025-06-23,124248,1,50,0,628.0
GSILVA_2025-08-14_G02,GSILVA,2025-08-14,117831,1,126,0,833.0
GSILVA_2025-08-14_G03,GSILVA,2025-08-14,117785,1,199,0,324.0
GSILVA_2025-08-14_G04,GSILVA,2025-08-14,117808,1,1286,0,602.0
GSILVA_2025-08-26_G02,GSILVA,2025-08-26,124475,1,50,0,552.0
GSILVA_2025-08-26_G03,GSILVA,2025-08-26,121760,1,19,0,503.0
GSILVA_2025-08-26_G04,GSILVA,2025-08-26,124486,1,40,0,150.0
GSILVA_2025-08-26_G05,GSILVA,2025-08-26,122185,1,10,0,362.0
GSILVA_2025-08-26_G06,GSILVA,2025-08-26,123344,1,30,0,218.0
GSILVA_2025-08-26_G07,GSILVA,2025-08-26,123345,1,30,0,96.0
GSILVA_2025-10-03_G02,GSILVA,2025-10-03,110373,1,70,0,40.0
GSILVA_2025-10-03_G03,GSILVA,2025-10-03,117830,1,20,0,31.0
GSILVA_2025-10-03_G04,GSILVA,2025-10-03,110371,1,42,0,2553.0
GSILVA_2025-10-03_G05,GSILVA,2025-10-03,117830,1,85,0,53.0
GSILVA_2025-10-03_G06,GSILVA,2025-10-03,110373,1,84,0,1506.0
GSILVA_2025-10-09_G03,GSILVA,2025-10-09,122962,1,50,0,841.0
GSILVA_2025-10-09_G04,GSILVA,2025-10-09,114647,1,4,0,657.0
GSILVA_2025-10-09_G05,GSILVA,2025-10-09,120008,1,10,0,941.0
GSILVA_2025-10-09_G06,GSILVA,2025-10-09,123344,1,10,0,979.0
GSILVA_2025-10-09_G07,GSILVA,2025-10-09,122671,1,1,0,263.0
GSILVA_2025-10-09_G08,GSILVA,2025-10-09,122673,1,20,0,512.0
GSILVA_2025-10-09_G09,GSILVA,2025-10-09,122982,1,2,0,178.0
GSILVA_2025-10-09_G10,GSILVA,2025-10-09,124247,1,6,0,139.0
GSILVA_2025-10-09_G11,GSILVA,2025-10-09,123822,1,50,0,2506.0
GSILVA_2025-10-15_G02,GSILVA,2025-10-15,122962,2,146,20,2622.0
GSILVA_2026-02-27_G02,GSILVA,2026-02-27,111462,1,6,0,88.0
GSILVA_2026-02-27_G03,GSILVA,2026-02-27,141823,1,2,0,88.0
GSILVA_2026-02-27_G04,GSILVA,2026-02-27,118299,1,6,0,181.0
GSILVA_2026-02-27_G05,GSILVA,2026-02-27,109643,1,4,0,267.0
GSILVA_2026-02-27_G06,GSILVA,2026-02-27,110372,1,4,0,279.0
GSILVA_2026-02-27_G07,GSILVA,2026-02-27,110313,1,4,0,173.0
GSILVA_2026-02-27_G08,GSILVA,2026-02-27,111602,1,8,0,355.0
GSILVA_2026-02-27_G09,GSILVA,2026-02-27,111469,1,18,0,520.0
GSILVA_2026-02-27_G10,GSILVA,2026-02-27,111418,1,2,0,49.0
GSILVA_2026-02-27_G11,GSILVA,2026-02-27,110740,1,1,0,113.0
GSILVA_2026-02-27_G12,GSILVA,2026-02-27,111463,1,8,0,155.0
GSILVA_2026-02-27_G13,GSILVA,2026-02-27,117834,1,2,0,179.0
GSILVA_2026-02-27_G14,GSILVA,2026-02-27,111438,1,2,0,104.0
GSILVA_2026-02-27_G15,GSILVA,2026-02-27,109643,1,4,0,149.0
GSILVA_2026-02-27_G16,GSILVA,2026-02-27,117855,1,6,0,273.0
GSILVA_2026-02-27_G17,GSILVA,2026-02-27,110371,1,38,0,602.0
GSILVA_2026-02-27_G18,GSILVA,2026-02-27,111530,1,12,0,205.0
GSILVA_2026-02-27_G19,GSILVA,2026-02-27,118140,1,6,0,703.0
GSILVA_2026-02-27_G20,GSILVA,2026-02-27,118140,1,2,0,709.0
GSILVA_2026-02-27_G21,GSILVA,2026-02-27,141202,1,20,0,507.0
GSILVA_2026-02-27_G22,GSILVA,2026-02-27,100334,1,4,0,65.0
GSILVA_2026-02-27_G23,GSILVA,2026-02-27,109640,1,12,0,227.0
GSILVA_2026-02-27_G24,GSILVA,2026-02-27,110313,1,52,0,1219.0
GSILVA_2026-02-27_G25,GSILVA,2026-02-27,110313,1,48,0,140.0
GSILVA_2026-02-27_G26,GSILVA,2026-02-27,109640,1,10,0,254.0
GSILVA_2026-02-27_G27,GSILVA,2026-02-27,117855,1,13,0,190.0
GSILVA_2026-02-27_G28,GSILVA,2026-02-27,111602,1,200,0,658.0
GSILVA_2026-02-27_G29,GSILVA,2026-02-27,117855,1,43,0,275.0
GSILVA_2026-02-27_G30,GSILVA,2026-02-27,117855,1,23,0,451.0
GSILVA_2026-03-24_G02,GSILVA,2026-03-24,142093,1,3,0,774.0
GSILVA_2026-03-24_G03,GSILVA,2026-03-24,110895,1,2,0,368.0
GSILVA_2026-03-24_G04,GSILVA,2026-03-24,140922,1,6,0,291.0
GSILVA_2026-03-24_G05,GSILVA,2026-03-24,111348,1,2,0,81.0
GSILVA_2026-03-24_G06,GSILVA,2026-03-24,142093,1,12,0,171.0
GSILVA_2026-03-24_G07,GSILVA,2026-03-24,111469,1,2,0,89.0
GSILVA_2026-03-24_G08,GSILVA,2026-03-24,117833,1,12,0,157.0
GSILVA_2026-03-24_G09,GSILVA,2026-03-24,111463,1,8,0,118.0
GSILVA_2026-03-24_G10,GSILVA,2026-03-24,141352,1,2,0,291.0
GSILVA_2026-03-24_G11,GSILVA,2026-03-24,110374,1,8,0,485.0
GSILVA_2026-03-24_G12,GSILVA,2026-03-24,110787,1,8,0,319.0
GSILVA_2026-03-24_G13,GSILVA,2026-03-24,106326,1,2,0,427.0
ITGLO\GEN_MPF_2025-11-22_G02,ITGLO\GEN_MPF,2025-11-22,117861,1,9,0,60.0
ITGLO\GEN_PAF_2025-03-01_G02,ITGLO\GEN_PAF,2025-03-01,110755,1,1,0,63.0
ITGLO\GEN_PAF_2025-03-01_G03,ITGLO\GEN_PAF,2025-03-01,108772,1,1,0,461.0
ITGLO\GEN_PAF_2025-04-21_G02,ITGLO\GEN_PAF,2025-04-21,121651,1,3,0,1689.0
ITGLO\GEN_PAF_2025-04-24_G02,ITGLO\GEN_PAF,2025-04-24,111759,1,3,0,129.0
ITGLO\GEN_PAF_2025-05-12_G02,ITGLO\GEN_PAF,2025-05-12,118322,1,1,0,47.0
ITGLO\GEN_PAF_2025-05-13_G02,ITGLO\GEN_PAF,2025-05-13,141262,1,28,0,36.0
ITGLO\GEN_PAF_2025-05-13_G03,ITGLO\GEN_PAF,2025-05-13,118191,1,56,0,60.0
ITGLO\GEN_PAF_2025-06-02_G02,ITGLO\GEN_PAF,2025-06-02,110313,1,21,0,1155.0
ITGLO\GEN_PAF_2025-06-02_G03,ITGLO\GEN_PAF,2025-06-02,110711,1,7,0,2034.0
ITGLO\GEN_PAF_2025-06-02_G04,ITGLO\GEN_PAF,2025-06-02,110711,1,1,0,620.0
ITGLO\GEN_PAF_2025-06-02_G05,ITGLO\GEN_PAF,2025-06-02,111469,1,2,0,319.0
ITGLO\GEN_PAF_2025-06-21_G02,ITGLO\GEN_PAF,2025-06-21,111737,1,36,0,2694.0
ITGLO\GEN_PAF_2025-06-25_G02,ITGLO\GEN_PAF,2025-06-25,111754,1,1,0,58.0
ITGLO\GEN_PAF_2025-06-25_G03,ITGLO\GEN_PAF,2025-06-25,"111752, 111758",2,8,15,39.0
ITGLO\GEN_PAF_2025-06-25_G04,ITGLO\GEN_PAF,2025-06-25,110711,1,1,0,36.0
ITGLO\GEN_PAF_2025-06-27_G04,ITGLO\GEN_PAF,2025-06-27,111757,1,2,0,52.0
ITGLO\GEN_PAF_2025-08-01_G02,ITGLO\GEN_PAF,2025-08-01,123080,1,18,0,295.0
ITGLO\GEN_PAF_2025-08-31_G02,ITGLO\GEN_PAF,2025-08-31,110895,1,43,0,426.0
ITGLO\GEN_PAF_2025-09-25_G02,ITGLO\GEN_PAF,2025-09-25,123822,1,23,0,85.0
ITGLO\GEN_PAF_2025-10-08_G02,ITGLO\GEN_PAF,2025-10-08,120046,1,9,0,1913.0
ITGLO\GEN_PAF_2025-10-20_G03,ITGLO\GEN_PAF,2025-10-20,141047,1,1,0,200.0
ITGLO\GEN_PAF_2025-10-20_G04,ITGLO\GEN_PAF,2025-10-20,110895,1,271,0,1358.0
ITGLO\GEN_PAF_2025-10-20_G05,ITGLO\GEN_PAF,2025-10-20,117841,1,95,0,56.0
ITGLO\GEN_PAF_2025-10-30_G03,ITGLO\GEN_PAF,2025-10-30,118271,1,20,0,1960.0
ITGLO\GEN_PAF_2025-10-30_G04,ITGLO\GEN_PAF,2025-10-30,107236,1,6,0,1129.0
ITGLO\GEN_PAF_2025-11-01_G02,ITGLO\GEN_PAF,2025-11-01,118191,1,9,0,33.0
ITGLO\GEN_PAF_2025-11-01_G03,ITGLO\GEN_PAF,2025-11-01,111728,1,2,0,2026.0
ITGLO\GEN_PAF_2025-11-01_G04,ITGLO\GEN_PAF,2025-11-01,111760,1,1,0,146.0
ITGLO\GEN_PAF_2025-11-01_G05,ITGLO\GEN_PAF,2025-11-01,141047,1,9,0,363.0
ITGLO\GEN_PAF_2026-03-30_G02,ITGLO\GEN_PAF,2026-03-30,111722,1,5,0,36.0
ITGLO\GEN_RETREADF_2026-01-30_G02,ITGLO\GEN_RETREADF,2026-01-30,141262,1,2,0,52.0
ITGLO\MENDESA_2026-03-19_G02,ITGLO\MENDESA,2026-03-19,141140,1,10,0,45.0
ITGLO\MENDESA_2026-03-21_G02,ITGLO\MENDESA,2026-03-21,122967,1,28,0,3133.0
ITGLO\MENDESA_2026-03-21_G03,ITGLO\MENDESA,2026-03-21,141035,1,8,0,2680.0
ITGLO\SILVAB_2025-04-30_G02,ITGLO\SILVAB,2025-04-30,111598,1,43,0,199.0
ITGLO\SILVAB_2025-07-01_G02,ITGLO\SILVAB,2025-07-01,117853,1,3,0,272.0
ITGLO\SILVAB_2025-07-01_G03,ITGLO\SILVAB,2025-07-01,111530,1,1,0,1193.0
ITGLO\SILVAB_2025-07-01_G04,ITGLO\SILVAB,2025-07-01,109974,1,1,0,60.0
LREGINALDO_2025-02-27_G02,LREGINALDO,2025-02-27,121760,1,50,0,1318.0
LREGINALDO_2025-02-27_G03,LREGINALDO,2025-02-27,123345,1,40,0,167.0
LREGINALDO_2025-02-27_G04,LREGINALDO,2025-02-27,124594,1,4,0,1181.0
LREGINALDO_2025-02-27_G05,LREGINALDO,2025-02-27,124475,1,12,0,526.0
LREGINALDO_2025-02-27_G06,LREGINALDO,2025-02-27,124486,1,8,0,118.0
LREGINALDO_2025-02-27_G07,LREGINALDO,2025-02-27,124476,1,4,0,171.0
LREGINALDO_2025-02-27_G08,LREGINALDO,2025-02-27,124475,1,8,0,70.0
LREGINALDO_2025-02-27_G09,LREGINALDO,2025-02-27,124475,1,10,0,671.0
LREGINALDO_2025-02-27_G10,LREGINALDO,2025-02-27,124486,1,6,0,241.0
LREGINALDO_2025-02-27_G11,LREGINALDO,2025-02-27,124486,1,3,0,318.0
LREGINALDO_2025-02-27_G12,LREGINALDO,2025-02-27,121651,1,6,0,619.0
LREGINALDO_2025-02-27_G13,LREGINALDO,2025-02-27,123343,1,2,0,140.0
LREGINALDO_2025-02-27_G14,LREGINALDO,2025-02-27,124475,1,10,0,369.0
LREGINALDO_2025-02-27_G15,LREGINALDO,2025-02-27,121760,1,10,0,198.0
LREGINALDO_2025-02-27_G16,LREGINALDO,2025-02-27,123343,1,2,0,148.0
LREGINALDO_2025-02-27_G17,LREGINALDO,2025-02-27,123343,1,2,0,47.0
LREGINALDO_2025-02-27_G18,LREGINALDO,2025-02-27,124476,1,4,0,1816.0
LREGINALDO_2025-02-27_G19,LREGINALDO,2025-02-27,124475,1,10,0,451.0
LREGINALDO_2025-02-27_G20,LREGINALDO,2025-02-27,121760,1,5,0,61.0
LREGINALDO_2025-02-27_G21,LREGINALDO,2025-02-27,121651,1,17,0,216.0
LREGINALDO_2025-02-27_G22,LREGINALDO,2025-02-27,121760,1,14,0,183.0
LREGINALDO_2025-02-27_G23,LREGINALDO,2025-02-27,124476,1,4,0,124.0
LREGINALDO_2025-02-27_G24,LREGINALDO,2025-02-27,124475,1,30,0,767.0
LREGINALDO_2025-02-27_G25,LREGINALDO,2025-02-27,121760,1,40,0,291.0
LREGINALDO_2025-02-27_G26,LREGINALDO,2025-02-27,122703,1,4,0,88.0
LREGINALDO_2025-02-27_G27,LREGINALDO,2025-02-27,124486,1,30,0,430.0
LREGINALDO_2025-02-27_G28,LREGINALDO,2025-02-27,122703,1,1,0,165.0
LREGINALDO_2025-02-27_G29,LREGINALDO,2025-02-27,121760,1,29,0,314.0
LREGINALDO_2025-02-27_G30,LREGINALDO,2025-02-27,123343,1,4,0,241.0
LREGINALDO_2025-02-27_G31,LREGINALDO,2025-02-27,124476,1,2,0,395.0
LREGINALDO_2025-05-18_G02,LREGINALDO,2025-05-18,123153,1,39,0,451.0
LREGINALDO_2025-05-18_G03,LREGINALDO,2025-05-18,122982,1,2,0,85.0
LREGINALDO_2025-05-18_G04,LREGINALDO,2025-05-18,121760,1,31,0,2949.0
LREGINALDO_2025-05-18_G05,LREGINALDO,2025-05-18,123343,1,30,0,364.0
LREGINALDO_2025-05-18_G06,LREGINALDO,2025-05-18,124476,1,2,0,123.0
LREGINALDO_2025-05-18_G07,LREGINALDO,2025-05-18,124475,1,4,0,91.0
LREGINALDO_2025-05-18_G08,LREGINALDO,2025-05-18,124371,1,4,0,103.0
LREGINALDO_2025-05-18_G09,LREGINALDO,2025-05-18,121651,1,9,0,209.0
LREGINALDO_2025-05-18_G10,LREGINALDO,2025-05-18,121651,1,5,0,36.0
LREGINALDO_2025-05-19_G02,LREGINALDO,2025-05-19,121760,1,23,0,3537.0
LREGINALDO_2025-05-19_G03,LREGINALDO,2025-05-19,123562,1,2,0,218.0
LREGINALDO_2025-05-19_G04,LREGINALDO,2025-05-19,124486,1,11,0,177.0
LREGINALDO_2025-05-19_G05,LREGINALDO,2025-05-19,122962,1,36,0,218.0
LREGINALDO_2025-05-19_G06,LREGINALDO,2025-05-19,122988,1,12,0,311.0
LREGINALDO_2025-05-19_G07,LREGINALDO,2025-05-19,124475,1,10,0,168.0
LREGINALDO_2025-05-19_G08,LREGINALDO,2025-05-19,124248,1,30,0,451.0
LREGINALDO_2025-05-19_G09,LREGINALDO,2025-05-19,121760,1,8,0,391.0
LREGINALDO_2025-05-19_G10,LREGINALDO,2025-05-19,122983,1,5,0,185.0
LREGINALDO_2025-05-20_G02,LREGINALDO,2025-05-20,181280,1,2,0,383.0
LREGINALDO_2025-05-20_G03,LREGINALDO,2025-05-20,181887,2,8,7,336.0
LREGINALDO_2025-06-06_G02,LREGINALDO,2025-06-06,123947,1,2,0,157.0
LREGINALDO_2025-06-06_G03,LREGINALDO,2025-06-06,123947,2,12,24,71.0
LREGINALDO_2025-06-06_G04,LREGINALDO,2025-06-06,122189,1,20,0,287.0
LREGINALDO_2025-06-06_G05,LREGINALDO,2025-06-06,122986,1,10,0,195.0
LREGINALDO_2025-06-06_G06,LREGINALDO,2025-06-06,124247,1,20,0,207.0
LREGINALDO_2025-06-06_G07,LREGINALDO,2025-06-06,122962,1,32,0,183.0
LREGINALDO_2025-06-06_G08,LREGINALDO,2025-06-06,124486,1,50,0,599.0
LREGINALDO_2025-06-06_G09,LREGINALDO,2025-06-06,122962,1,8,0,148.0
LREGINALDO_2025-06-06_G10,LREGINALDO,2025-06-06,124486,1,10,0,151.0
LREGINALDO_2025-06-06_G11,LREGINALDO,2025-06-06,122984,1,10,0,269.0
LREGINALDO_2025-06-06_G12,LREGINALDO,2025-06-06,122982,1,20,0,382.0
LREGINALDO_2025-06-06_G13,LREGINALDO,2025-06-06,124486,1,4,0,231.0
LREGINALDO_2025-06-06_G14,LREGINALDO,2025-06-06,123947,3,44,13,436.0
LREGINALDO_2025-06-06_G15,LREGINALDO,2025-06-06,123909,1,4,0,243.0
LREGINALDO_2025-06-06_G16,LREGINALDO,2025-06-06,120028,1,89,0,1766.0
LREGINALDO_2025-06-06_G17,LREGINALDO,2025-06-06,122962,1,40,0,179.0
LREGINALDO_2025-06-06_G18,LREGINALDO,2025-06-06,124486,1,80,0,675.0
LREGINALDO_2025-06-06_G19,LREGINALDO,2025-06-06,123822,1,30,0,220.0
LREGINALDO_2025-06-06_G20,LREGINALDO,2025-06-06,122962,1,8,0,146.0
LREGINALDO_2025-06-06_G21,LREGINALDO,2025-06-06,123909,1,4,0,44.0
LREGINALDO_2025-06-07_G02,LREGINALDO,2025-06-07,123822,1,12,0,73.0
LREGINALDO_2025-06-07_G04,LREGINALDO,2025-06-07,122673,1,6,0,206.0
LREGINALDO_2025-06-07_G05,LREGINALDO,2025-06-07,122673,1,64,0,835.0
LREGINALDO_2025-06-07_G06,LREGINALDO,2025-06-07,122673,1,6,0,289.0
LREGINALDO_2025-06-07_G07,LREGINALDO,2025-06-07,124486,1,1,0,169.0
LREGINALDO_2025-06-07_G08,LREGINALDO,2025-06-07,122647,1,2,0,45.0
LREGINALDO_2025-06-07_G09,LREGINALDO,2025-06-07,123344,1,4,0,74.0
LREGINALDO_2025-06-07_G10,LREGINALDO,2025-06-07,122673,1,1,0,164.0
LREGINALDO_2025-06-07_G11,LREGINALDO,2025-06-07,123153,1,4,0,194.0
LREGINALDO_2025-06-07_G12,LREGINALDO,2025-06-07,122673,1,4,0,37.0
LREGINALDO_2025-06-07_G13,LREGINALDO,2025-06-07,123343,1,4,0,210.0
LREGINALDO_2025-06-07_G14,LREGINALDO,2025-06-07,123153,1,10,0,171.0
LREGINALDO_2025-06-07_G15,LREGINALDO,2025-06-07,122673,1,10,0,152.0
LREGINALDO_2025-06-07_G16,LREGINALDO,2025-06-07,123947,1,6,0,111.0
LREGINALDO_2025-06-07_G17,LREGINALDO,2025-06-07,123947,1,30,0,179.0
LREGINALDO_2025-06-07_G18,LREGINALDO,2025-06-07,122962,1,4,0,56.0
LREGINALDO_2025-06-07_G19,LREGINALDO,2025-06-07,120028,1,4,0,50.0
LREGINALDO_2025-06-07_G20,LREGINALDO,2025-06-07,123492,1,21,0,282.0
LREGINALDO_2025-06-07_G21,LREGINALDO,2025-06-07,"122185, 122984",2,12,18,1365.0
LREGINALDO_2025-06-07_G22,LREGINALDO,2025-06-07,122983,1,2,0,47.0
LREGINALDO_2025-06-07_G23,LREGINALDO,2025-06-07,122985,1,8,0,253.0
LREGINALDO_2025-06-07_G24,LREGINALDO,2025-06-07,123344,1,50,0,124.0
LREGINALDO_2025-06-07_G25,LREGINALDO,2025-06-07,123313,1,14,0,452.0
LREGINALDO_2025-06-07_G26,LREGINALDO,2025-06-07,123343,1,8,0,225.0
LREGINALDO_2025-06-07_G27,LREGINALDO,2025-06-07,124486,1,20,0,346.0
LREGINALDO_2025-06-07_G28,LREGINALDO,2025-06-07,122982,1,8,0,218.0
LREGINALDO_2025-06-07_G29,LREGINALDO,2025-06-07,122984,1,12,0,132.0
LREGINALDO_2025-06-07_G30,LREGINALDO,2025-06-07,124594,1,2,0,192.0
LREGINALDO_2025-06-07_G31,LREGINALDO,2025-06-07,123492,1,13,0,367.0
LREGINALDO_2025-06-07_G32,LREGINALDO,2025-06-07,123492,1,50,0,448.0
LREGINALDO_2025-06-07_G33,LREGINALDO,2025-06-07,120389,1,40,0,293.0
LREGINALDO_2025-06-07_G34,LREGINALDO,2025-06-07,124486,1,20,0,233.0
LREGINALDO_2025-06-07_G35,LREGINALDO,2025-06-07,122962,1,12,0,310.0
LREGINALDO_2025-06-07_G36,LREGINALDO,2025-06-07,123822,1,26,0,601.0
LREGINALDO_2025-06-07_G37,LREGINALDO,2025-06-07,123492,1,1,0,71.0
LREGINALDO_2025-06-08_G02,LREGINALDO,2025-06-08,122647,1,40,0,547.0
LREGINALDO_2025-06-08_G03,LREGINALDO,2025-06-08,122982,1,4,0,129.0
LREGINALDO_2025-06-08_G04,LREGINALDO,2025-06-08,124486,1,10,0,52.0
LREGINALDO_2025-06-08_G05,LREGINALDO,2025-06-08,122986,1,4,0,68.0
LREGINALDO_2025-06-08_G06,LREGINALDO,2025-06-08,124371,1,2,0,51.0
LREGINALDO_2025-06-08_G07,LREGINALDO,2025-06-08,122984,1,8,0,64.0
LREGINALDO_2025-06-08_G08,LREGINALDO,2025-06-08,121760,1,4,0,104.0
LREGINALDO_2025-06-08_G09,LREGINALDO,2025-06-08,123345,1,1,0,57.0
LREGINALDO_2025-06-08_G10,LREGINALDO,2025-06-08,180094,2,2,19,149.0
LREGINALDO_2025-06-08_G11,LREGINALDO,2025-06-08,122962,1,32,0,1211.0
LREGINALDO_2025-06-08_G12,LREGINALDO,2025-06-08,120028,1,40,0,300.0
LREGINALDO_2025-06-08_G13,LREGINALDO,2025-06-08,123343,1,2,0,110.0
LREGINALDO_2025-06-08_G14,LREGINALDO,2025-06-08,122703,1,4,0,46.0
LREGINALDO_2025-06-08_G15,LREGINALDO,2025-06-08,124370,1,6,0,382.0
LREGINALDO_2025-06-08_G16,LREGINALDO,2025-06-08,124371,1,6,0,100.0
LREGINALDO_2025-06-08_G17,LREGINALDO,2025-06-08,124371,1,10,0,78.0
LREGINALDO_2025-06-08_G18,LREGINALDO,2025-06-08,121651,1,4,0,173.0
LREGINALDO_2025-06-08_G19,LREGINALDO,2025-06-08,122647,1,50,0,656.0
LREGINALDO_2025-06-08_G20,LREGINALDO,2025-06-08,120028,1,11,0,88.0
LREGINALDO_2025-06-08_G21,LREGINALDO,2025-06-08,122983,1,16,0,1406.0
LREGINALDO_2025-06-08_G22,LREGINALDO,2025-06-08,122984,1,16,0,151.0
LREGINALDO_2025-06-09_G03,LREGINALDO,2025-06-09,124486,1,30,0,283.0
LREGINALDO_2025-06-09_G04,LREGINALDO,2025-06-09,122185,1,24,0,304.0
LREGINALDO_2025-06-09_G05,LREGINALDO,2025-06-09,122984,1,24,0,291.0
LREGINALDO_2025-06-09_G06,LREGINALDO,2025-06-09,124248,1,13,0,244.0
LREGINALDO_2025-06-09_G07,LREGINALDO,2025-06-09,124476,1,12,0,102.0
LREGINALDO_2025-06-09_G08,LREGINALDO,2025-06-09,123343,1,7,0,101.0
LREGINALDO_2025-06-09_G09,LREGINALDO,2025-06-09,123345,1,14,0,388.0
LREGINALDO_2025-06-09_G10,LREGINALDO,2025-06-09,122984,1,20,0,604.0
LREGINALDO_2025-06-09_G11,LREGINALDO,2025-06-09,124247,1,22,0,172.0
LREGINALDO_2025-06-09_G12,LREGINALDO,2025-06-09,124486,1,35,0,1419.0
LREGINALDO_2025-06-09_G13,LREGINALDO,2025-06-09,121760,1,20,0,1378.0
LREGINALDO_2025-06-12_G02,LREGINALDO,2025-06-12,124486,1,12,0,286.0
LREGINALDO_2025-06-12_G03,LREGINALDO,2025-06-12,124371,1,12,0,397.0
LREGINALDO_2025-06-12_G04,LREGINALDO,2025-06-12,124475,1,6,0,125.0
LREGINALDO_2025-06-12_G05,LREGINALDO,2025-06-12,124247,1,6,0,121.0
LREGINALDO_2025-06-12_G06,LREGINALDO,2025-06-12,123343,1,40,0,63.0
LREGINALDO_2025-06-12_G07,LREGINALDO,2025-06-12,181056,1,4,0,178.0
LREGINALDO_2025-06-13_G02,LREGINALDO,2025-06-13,122647,1,12,0,233.0
LREGINALDO_2025-06-13_G03,LREGINALDO,2025-06-13,121760,1,3,0,271.0
LREGINALDO_2025-06-13_G04,LREGINALDO,2025-06-13,124475,1,2,0,158.0
LREGINALDO_2025-06-13_G05,LREGINALDO,2025-06-13,124370,1,8,0,238.0
LREGINALDO_2025-06-13_G06,LREGINALDO,2025-06-13,124475,1,4,0,85.0
LREGINALDO_2025-06-13_G07,LREGINALDO,2025-06-13,121651,1,3,0,185.0
LREGINALDO_2025-06-13_G08,LREGINALDO,2025-06-13,123344,1,5,0,32.0
LREGINALDO_2025-06-13_G09,LREGINALDO,2025-06-13,122983,1,2,0,657.0
LREGINALDO_2025-06-13_G10,LREGINALDO,2025-06-13,123344,1,6,0,136.0
LREGINALDO_2025-06-13_G11,LREGINALDO,2025-06-13,124247,1,4,0,62.0
LREGINALDO_2025-06-13_G12,LREGINALDO,2025-06-13,122647,2,6,8,403.0
LREGINALDO_2025-06-13_G13,LREGINALDO,2025-06-13,120008,1,40,0,1281.0
LREGINALDO_2025-06-13_G14,LREGINALDO,2025-06-13,122673,1,6,0,239.0
LREGINALDO_2025-06-13_G15,LREGINALDO,2025-06-13,122647,1,12,0,113.0
LREGINALDO_2025-06-13_G16,LREGINALDO,2025-06-13,122673,1,4,0,197.0
LREGINALDO_2025-06-14_G02,LREGINALDO,2025-06-14,124486,1,6,0,356.0
LREGINALDO_2025-06-14_G03,LREGINALDO,2025-06-14,120287,1,6,0,333.0
LREGINALDO_2025-06-14_G04,LREGINALDO,2025-06-14,124247,1,20,0,641.0
LREGINALDO_2025-06-14_G05,LREGINALDO,2025-06-14,123909,1,4,0,293.0
LREGINALDO_2025-06-27_G02,LREGINALDO,2025-06-27,124370,1,20,0,240.0
LREGINALDO_2025-06-27_G03,LREGINALDO,2025-06-27,124370,1,150,0,1806.0
LREGINALDO_2025-06-27_G04,LREGINALDO,2025-06-27,124248,1,16,0,286.0
LREGINALDO_2025-06-27_G05,LREGINALDO,2025-06-27,124248,1,20,0,231.0
LREGINALDO_2025-06-27_G06,LREGINALDO,2025-06-27,121651,1,40,0,89.0
LREGINALDO_2025-06-27_G07,LREGINALDO,2025-06-27,124264,1,48,0,1995.0
LREGINALDO_2025-06-27_G08,LREGINALDO,2025-06-27,123909,1,60,0,650.0
LREGINALDO_2025-06-27_G09,LREGINALDO,2025-06-27,124486,1,150,0,942.0
LREGINALDO_2025-06-27_G10,LREGINALDO,2025-06-27,120008,1,3,0,54.0
LREGINALDO_2025-06-28_G02,LREGINALDO,2025-06-28,122962,1,16,0,405.0
LREGINALDO_2025-06-28_G03,LREGINALDO,2025-06-28,122671,1,2,0,134.0
LREGINALDO_2025-06-28_G04,LREGINALDO,2025-06-28,121760,1,2,0,38.0
LREGINALDO_2025-06-28_G05,LREGINALDO,2025-06-28,123909,1,2,0,144.0
LREGINALDO_2025-06-28_G06,LREGINALDO,2025-06-28,123909,1,4,0,202.0
LREGINALDO_2025-06-28_G07,LREGINALDO,2025-06-28,123343,1,2,0,141.0
LREGINALDO_2025-06-28_G08,LREGINALDO,2025-06-28,123345,1,6,0,65.0
LREGINALDO_2025-06-28_G09,LREGINALDO,2025-06-28,"122671, 121760",3,11,26,163.0
LREGINALDO_2025-06-28_G10,LREGINALDO,2025-06-28,120389,1,4,0,327.0
LREGINALDO_2025-06-28_G11,LREGINALDO,2025-06-28,123909,1,3,0,199.0
LREGINALDO_2025-06-28_G12,LREGINALDO,2025-06-28,123344,2,8,9,112.0
LREGINALDO_2025-06-28_G13,LREGINALDO,2025-06-28,123343,1,10,0,170.0
LREGINALDO_2025-06-28_G14,LREGINALDO,2025-06-28,123345,1,20,0,609.0
LREGINALDO_2025-06-28_G15,LREGINALDO,2025-06-28,121760,1,2,0,435.0
LREGINALDO_2025-06-28_G16,LREGINALDO,2025-06-28,123909,1,1,0,76.0
LREGINALDO_2025-06-28_G17,LREGINALDO,2025-06-28,123345,2,7,11,159.0
LREGINALDO_2025-06-28_G18,LREGINALDO,2025-06-28,123343,1,2,0,160.0
LREGINALDO_2025-06-28_G19,LREGINALDO,2025-06-28,123345,1,10,0,34.0
LREGINALDO_2025-06-28_G20,LREGINALDO,2025-06-28,122962,1,6,0,306.0
LREGINALDO_2025-06-28_G21,LREGINALDO,2025-06-28,122962,1,2,0,180.0
LREGINALDO_2025-06-28_G22,LREGINALDO,2025-06-28,"123343, 123345",2,18,9,1456.0
LREGINALDO_2025-06-28_G23,LREGINALDO,2025-06-28,121760,1,8,0,203.0
LREGINALDO_2025-06-28_G24,LREGINALDO,2025-06-28,123344,2,40,24,90.0
LREGINALDO_2025-06-28_G25,LREGINALDO,2025-06-28,123345,1,6,0,279.0
LREGINALDO_2025-06-28_G26,LREGINALDO,2025-06-28,123909,1,1,0,32.0
LREGINALDO_2025-07-19_G02,LREGINALDO,2025-07-19,122984,1,94,0,2037.0
LREGINALDO_2025-07-19_G03,LREGINALDO,2025-07-19,122988,1,20,0,143.0
LREGINALDO_2025-07-19_G04,LREGINALDO,2025-07-19,123909,1,16,0,253.0
LREGINALDO_2025-07-19_G05,LREGINALDO,2025-07-19,123822,1,1,0,246.0
LREGINALDO_2025-07-19_G06,LREGINALDO,2025-07-19,123345,1,6,0,111.0
LREGINALDO_2025-07-19_G07,LREGINALDO,2025-07-19,123343,1,1,0,269.0
LREGINALDO_2025-07-19_G08,LREGINALDO,2025-07-19,122962,1,30,0,391.0
LREGINALDO_2025-07-19_G09,LREGINALDO,2025-07-19,124264,1,20,0,345.0
LREGINALDO_2025-07-19_G10,LREGINALDO,2025-07-19,123889,1,2,0,125.0
LREGINALDO_2025-07-19_G11,LREGINALDO,2025-07-19,122962,1,8,0,305.0
LREGINALDO_2025-07-19_G12,LREGINALDO,2025-07-19,123153,1,17,0,290.0
LREGINALDO_2025-07-19_G13,LREGINALDO,2025-07-19,121760,1,12,0,1698.0
LREGINALDO_2025-07-19_G14,LREGINALDO,2025-07-19,123909,1,1,0,167.0
LREGINALDO_2025-07-19_G15,LREGINALDO,2025-07-19,123909,1,15,0,115.0
LREGINALDO_2025-07-19_G16,LREGINALDO,2025-07-19,124370,1,8,0,724.0
LREGINALDO_2025-07-19_G17,LREGINALDO,2025-07-19,122962,1,8,0,168.0
LREGINALDO_2025-07-19_G18,LREGINALDO,2025-07-19,124486,1,18,0,740.0
LREGINALDO_2025-07-19_G19,LREGINALDO,2025-07-19,122983,1,10,0,309.0
LREGINALDO_2025-07-19_G20,LREGINALDO,2025-07-19,120271,1,10,0,152.0
LREGINALDO_2025-07-19_G21,LREGINALDO,2025-07-19,120028,1,40,0,673.0
LREGINALDO_2025-07-19_G22,LREGINALDO,2025-07-19,120028,1,20,0,411.0
LREGINALDO_2025-07-19_G23,LREGINALDO,2025-07-19,122962,1,4,0,1540.0
LREGINALDO_2025-07-19_G24,LREGINALDO,2025-07-19,123344,1,70,0,93.0
LREGINALDO_2025-07-30_G02,LREGINALDO,2025-07-30,122673,1,6,0,611.0
LREGINALDO_2025-07-30_G03,LREGINALDO,2025-07-30,120008,1,3,0,263.0
LREGINALDO_2025-07-30_G04,LREGINALDO,2025-07-30,120008,1,7,0,160.0
LREGINALDO_2025-07-30_G05,LREGINALDO,2025-07-30,123080,1,5,0,257.0
LREGINALDO_2025-07-30_G06,LREGINALDO,2025-07-30,124371,1,10,0,253.0
LREGINALDO_2025-07-30_G07,LREGINALDO,2025-07-30,123562,1,2,0,629.0
LREGINALDO_2025-07-30_G08,LREGINALDO,2025-07-30,121760,1,10,0,361.0
LREGINALDO_2025-07-30_G09,LREGINALDO,2025-07-30,122703,1,6,0,260.0
LREGINALDO_2025-07-30_G10,LREGINALDO,2025-07-30,124475,1,10,0,171.0
LREGINALDO_2025-07-30_G11,LREGINALDO,2025-07-30,124486,1,5,0,517.0
LREGINALDO_2025-07-30_G12,LREGINALDO,2025-07-30,122962,1,40,0,178.0
LREGINALDO_2025-07-30_G13,LREGINALDO,2025-07-30,124486,1,35,0,84.0
LREGINALDO_2025-07-30_G14,LREGINALDO,2025-07-30,121760,1,2,0,322.0
LREGINALDO_2025-07-30_G15,LREGINALDO,2025-07-30,124371,1,4,0,229.0
LREGINALDO_2025-07-30_G16,LREGINALDO,2025-07-30,124371,1,2,0,80.0
LREGINALDO_2025-07-30_G17,LREGINALDO,2025-07-30,122967,1,2,0,836.0
LREGINALDO_2025-07-30_G18,LREGINALDO,2025-07-30,120389,1,24,0,208.0
LREGINALDO_2025-07-30_G19,LREGINALDO,2025-07-30,123909,1,12,0,47.0
LREGINALDO_2025-07-30_G20,LREGINALDO,2025-07-30,124247,1,10,0,91.0
LREGINALDO_2025-07-30_G21,LREGINALDO,2025-07-30,122983,1,6,0,58.0
LREGINALDO_2025-07-30_G22,LREGINALDO,2025-07-30,123343,1,2,0,124.0
LREGINALDO_2025-07-30_G23,LREGINALDO,2025-07-30,"122185, 122981",2,20,26,101.0
LREGINALDO_2025-07-30_G24,LREGINALDO,2025-07-30,122196,1,13,0,246.0
LREGINALDO_2025-07-30_G25,LREGINALDO,2025-07-30,122189,1,3,0,73.0
LREGINALDO_2025-07-30_G26,LREGINALDO,2025-07-30,123822,5,94,69,44.0
LREGINALDO_2025-08-11_G02,LREGINALDO,2025-08-11,121760,1,20,0,1421.0
LREGINALDO_2025-08-11_G03,LREGINALDO,2025-08-11,122962,1,50,0,522.0
LREGINALDO_2025-08-11_G04,LREGINALDO,2025-08-11,124548,1,100,0,2173.0
LREGINALDO_2025-08-11_G05,LREGINALDO,2025-08-11,122983,1,17,0,660.0
LREGINALDO_2025-08-11_G06,LREGINALDO,2025-08-11,123153,1,40,0,1333.0
LREGINALDO_2025-08-11_G07,LREGINALDO,2025-08-11,124475,1,12,0,162.0
LREGINALDO_2025-08-11_G08,LREGINALDO,2025-08-11,122671,1,8,0,129.0
LREGINALDO_2025-08-11_G09,LREGINALDO,2025-08-11,123492,1,2,0,84.0
LREGINALDO_2025-08-11_G10,LREGINALDO,2025-08-11,121760,1,20,0,199.0
LREGINALDO_2025-08-11_G11,LREGINALDO,2025-08-11,121651,1,10,0,161.0
LREGINALDO_2025-08-11_G12,LREGINALDO,2025-08-11,121651,1,20,0,338.0
LREGINALDO_2025-08-11_G13,LREGINALDO,2025-08-11,124247,1,8,0,77.0
LREGINALDO_2025-08-11_G14,LREGINALDO,2025-08-11,124370,1,24,0,623.0
LREGINALDO_2025-08-11_G15,LREGINALDO,2025-08-11,123345,1,12,0,132.0
LREGINALDO_2025-08-11_G16,LREGINALDO,2025-08-11,123343,1,12,0,95.0
LREGINALDO_2025-08-13_G02,LREGINALDO,2025-08-13,117808,1,990,0,1797.0
LREGINALDO_2025-08-13_G03,LREGINALDO,2025-08-13,118299,1,500,0,1262.0
LREGINALDO_2025-08-13_G04,LREGINALDO,2025-08-13,110376,1,108,0,1649.0
LREGINALDO_2025-08-13_G05,LREGINALDO,2025-08-13,111438,1,346,0,1332.0
LREGINALDO_2025-08-13_G06,LREGINALDO,2025-08-13,111443,1,196,0,783.0
LREGINALDO_2025-08-14_G02,LREGINALDO,2025-08-14,122983,1,6,0,198.0
LREGINALDO_2025-08-14_G03,LREGINALDO,2025-08-14,124475,1,4,0,103.0
LREGINALDO_2025-08-14_G04,LREGINALDO,2025-08-14,122673,2,3,10,75.0
LREGINALDO_2025-08-14_G05,LREGINALDO,2025-08-14,122647,1,1,0,100.0
LREGINALDO_2025-08-14_G06,LREGINALDO,2025-08-14,121760,1,2,0,188.0
LREGINALDO_2025-08-14_G07,LREGINALDO,2025-08-14,124370,1,4,0,95.0
LREGINALDO_2025-08-14_G08,LREGINALDO,2025-08-14,123345,1,2,0,70.0
LREGINALDO_2025-08-14_G09,LREGINALDO,2025-08-14,123343,1,2,0,61.0
LREGINALDO_2025-08-20_G02,LREGINALDO,2025-08-20,124624,1,90,0,1077.0
LREGINALDO_2025-08-20_G03,LREGINALDO,2025-08-20,123561,1,80,0,1674.0
LREGINALDO_2025-08-20_G04,LREGINALDO,2025-08-20,180098,1,2,0,393.0
LREGINALDO_2025-08-20_G05,LREGINALDO,2025-08-20,123344,3,32,21,587.0
LREGINALDO_2025-08-20_G06,LREGINALDO,2025-08-20,123560,1,2,0,968.0
LREGINALDO_2025-08-20_G07,LREGINALDO,2025-08-20,124371,1,4,0,111.0
LREGINALDO_2025-08-20_G08,LREGINALDO,2025-08-20,123343,1,3,0,393.0
LREGINALDO_2025-08-20_G09,LREGINALDO,2025-08-20,123344,1,22,0,77.0
LREGINALDO_2025-08-20_G10,LREGINALDO,2025-08-20,123344,1,50,0,49.0
LREGINALDO_2025-08-20_G11,LREGINALDO,2025-08-20,124264,1,53,0,782.0
LREGINALDO_2025-08-20_G12,LREGINALDO,2025-08-20,124371,1,5,0,196.0
LREGINALDO_2025-08-20_G13,LREGINALDO,2025-08-20,122984,1,4,0,109.0
LREGINALDO_2025-08-20_G14,LREGINALDO,2025-08-20,123561,1,20,0,3148.0
LREGINALDO_2025-08-20_G15,LREGINALDO,2025-08-20,124476,1,98,0,710.0
LREGINALDO_2025-08-27_G02,LREGINALDO,2025-08-27,109649,1,16,0,1177.0
LREGINALDO_2025-08-27_G03,LREGINALDO,2025-08-27,109649,1,28,0,40.0
LREGINALDO_2025-08-27_G04,LREGINALDO,2025-08-27,109640,1,10,0,95.0
LREGINALDO_2025-08-27_G05,LREGINALDO,2025-08-27,109641,1,614,0,1209.0
LREGINALDO_2025-08-27_G06,LREGINALDO,2025-08-27,109640,1,90,0,836.0
LREGINALDO_2025-09-07_G02,LREGINALDO,2025-09-07,"124594, 122962",2,13,17,630.0
LREGINALDO_2025-09-07_G04,LREGINALDO,2025-09-07,124486,1,16,0,163.0
LREGINALDO_2025-09-07_G05,LREGINALDO,2025-09-07,120028,1,1,0,42.0
LREGINALDO_2025-09-07_G06,LREGINALDO,2025-09-07,120339,1,6,0,124.0
LREGINALDO_2025-09-07_G07,LREGINALDO,2025-09-07,120389,1,1,0,81.0
LREGINALDO_2025-09-07_G08,LREGINALDO,2025-09-07,"124370, 123344",2,12,27,264.0
LREGINALDO_2025-09-07_G09,LREGINALDO,2025-09-07,123345,1,6,0,98.0
LREGINALDO_2025-09-07_G10,LREGINALDO,2025-09-07,123343,1,4,0,55.0
LREGINALDO_2025-09-08_G02,LREGINALDO,2025-09-08,124248,1,35,0,212.0
LREGINALDO_2025-09-08_G03,LREGINALDO,2025-09-08,120008,1,50,0,561.0
LREGINALDO_2025-09-08_G04,LREGINALDO,2025-09-08,122984,1,32,0,386.0
LREGINALDO_2025-09-08_G05,LREGINALDO,2025-09-08,122196,1,10,0,373.0
LREGINALDO_2025-09-08_G06,LREGINALDO,2025-09-08,123822,1,40,0,454.0
LREGINALDO_2025-09-08_G07,LREGINALDO,2025-09-08,122189,1,3,0,391.0
LREGINALDO_2025-09-08_G08,LREGINALDO,2025-09-08,120272,1,9,0,204.0
LREGINALDO_2025-09-08_G09,LREGINALDO,2025-09-08,122196,1,16,0,372.0
LREGINALDO_2025-09-08_G10,LREGINALDO,2025-09-08,122185,1,4,0,910.0
LREGINALDO_2025-09-08_G11,LREGINALDO,2025-09-08,122185,1,22,0,270.0
LREGINALDO_2025-09-08_G12,LREGINALDO,2025-09-08,122647,1,20,0,447.0
LREGINALDO_2025-09-08_G13,LREGINALDO,2025-09-08,122962,1,48,0,306.0
LREGINALDO_2025-09-08_G14,LREGINALDO,2025-09-08,124548,1,26,0,658.0
LREGINALDO_2025-09-08_G15,LREGINALDO,2025-09-08,122983,1,4,0,280.0
LREGINALDO_2025-09-08_G16,LREGINALDO,2025-09-08,124248,1,8,0,44.0
LREGINALDO_2025-09-08_G17,LREGINALDO,2025-09-08,124486,1,10,0,1126.0
LREGINALDO_2025-09-08_G18,LREGINALDO,2025-09-08,123909,1,6,0,139.0
LREGINALDO_2025-09-08_G19,LREGINALDO,2025-09-08,124247,1,50,0,433.0
LREGINALDO_2025-09-08_G20,LREGINALDO,2025-09-08,124486,1,14,0,65.0
LREGINALDO_2025-09-08_G21,LREGINALDO,2025-09-08,122962,1,20,0,239.0
LREGINALDO_2025-09-08_G22,LREGINALDO,2025-09-08,122983,1,1,0,53.0
LREGINALDO_2025-09-08_G23,LREGINALDO,2025-09-08,"122984, 124248",2,6,24,80.0
LREGINALDO_2025-09-08_G24,LREGINALDO,2025-09-08,124247,1,1,0,139.0
LREGINALDO_2025-09-08_G25,LREGINALDO,2025-09-08,122986,1,2,0,109.0
LREGINALDO_2025-10-12_G02,LREGINALDO,2025-10-12,124264,1,10,0,565.0
LREGINALDO_2025-10-12_G03,LREGINALDO,2025-10-12,124475,1,2,0,116.0
LREGINALDO_2025-10-12_G04,LREGINALDO,2025-10-12,122962,1,48,0,723.0
LREGINALDO_2025-10-12_G05,LREGINALDO,2025-10-12,123345,1,2,0,249.0
LREGINALDO_2025-10-12_G06,LREGINALDO,2025-10-12,123343,1,10,0,247.0
LREGINALDO_2025-10-12_G07,LREGINALDO,2025-10-12,122673,1,150,0,1710.0
LREGINALDO_2025-10-12_G08,LREGINALDO,2025-10-12,123344,1,4,0,76.0
LREGINALDO_2025-10-12_G09,LREGINALDO,2025-10-12,123909,1,4,0,86.0
LREGINALDO_2025-10-12_G10,LREGINALDO,2025-10-12,124475,1,3,0,98.0
LREGINALDO_2025-10-12_G11,LREGINALDO,2025-10-12,121651,1,3,0,87.0
LREGINALDO_2025-10-12_G12,LREGINALDO,2025-10-12,122984,1,20,0,270.0
LREGINALDO_2025-10-12_G13,LREGINALDO,2025-10-12,181887,1,5,0,395.0
LREGINALDO_2025-10-12_G14,LREGINALDO,2025-10-12,124624,1,8,0,540.0
LREGINALDO_2025-10-12_G15,LREGINALDO,2025-10-12,122673,1,10,0,135.0
LREGINALDO_2025-10-12_G16,LREGINALDO,2025-10-12,124247,1,19,0,555.0
LREGINALDO_2025-10-12_G17,LREGINALDO,2025-10-12,120028,1,10,0,208.0
LREGINALDO_2025-10-12_G18,LREGINALDO,2025-10-12,124486,1,8,0,284.0
LREGINALDO_2025-10-12_G19,LREGINALDO,2025-10-12,122647,1,6,0,105.0
LREGINALDO_2025-10-12_G20,LREGINALDO,2025-10-12,122962,1,20,0,452.0
LREGINALDO_2025-10-12_G21,LREGINALDO,2025-10-12,124548,1,24,0,1062.0
LREGINALDO_2025-10-12_G22,LREGINALDO,2025-10-12,123345,1,30,0,295.0
LREGINALDO_2025-10-12_G23,LREGINALDO,2025-10-12,123343,1,10,0,170.0
LREGINALDO_2025-10-13_G02,LREGINALDO,2025-10-13,122671,1,20,0,186.0
LREGINALDO_2025-10-13_G03,LREGINALDO,2025-10-13,123909,1,20,0,222.0
LREGINALDO_2025-10-13_G04,LREGINALDO,2025-10-13,121760,1,40,0,462.0
LREGINALDO_2025-10-13_G05,LREGINALDO,2025-10-13,120271,1,4,0,84.0
LREGINALDO_2025-10-13_G06,LREGINALDO,2025-10-13,123560,1,4,0,90.0
LREGINALDO_2025-10-13_G07,LREGINALDO,2025-10-13,122983,1,20,0,174.0
LREGINALDO_2025-10-13_G08,LREGINALDO,2025-10-13,124370,1,40,0,607.0
LREGINALDO_2025-10-13_G09,LREGINALDO,2025-10-13,122984,1,12,0,115.0
LREGINALDO_2025-10-13_G10,LREGINALDO,2025-10-13,123561,1,6,0,102.0
LREGINALDO_2025-10-13_G11,LREGINALDO,2025-10-13,123080,1,4,0,240.0
LREGINALDO_2025-10-13_G12,LREGINALDO,2025-10-13,123313,1,10,0,71.0
LREGINALDO_2025-10-13_G13,LREGINALDO,2025-10-13,123343,1,25,0,137.0
LREGINALDO_2025-10-13_G14,LREGINALDO,2025-10-13,123345,1,20,0,1242.0
LREGINALDO_2025-10-13_G15,LREGINALDO,2025-10-13,123343,1,4,0,97.0
LREGINALDO_2025-10-13_G16,LREGINALDO,2025-10-13,124475,1,3,0,159.0
LREGINALDO_2025-10-13_G17,LREGINALDO,2025-10-13,121651,1,4,0,44.0
LREGINALDO_2025-10-13_G18,LREGINALDO,2025-10-13,122962,1,1,0,49.0
LREGINALDO_2025-10-13_G19,LREGINALDO,2025-10-13,122673,1,16,0,219.0
LREGINALDO_2025-10-13_G20,LREGINALDO,2025-10-13,122671,1,12,0,157.0
LREGINALDO_2025-10-13_G21,LREGINALDO,2025-10-13,124486,1,52,0,695.0
LREGINALDO_2025-10-13_G22,LREGINALDO,2025-10-13,122962,1,16,0,132.0
LREGINALDO_2025-10-13_G23,LREGINALDO,2025-10-13,122673,1,40,0,584.0
LREGINALDO_2025-10-13_G24,LREGINALDO,2025-10-13,122671,1,40,0,182.0
LREGINALDO_2025-10-13_G25,LREGINALDO,2025-10-13,124247,1,8,0,222.0
LREGINALDO_2025-10-13_G26,LREGINALDO,2025-10-13,124248,1,10,0,141.0
LREGINALDO_2025-10-13_G27,LREGINALDO,2025-10-13,123909,1,6,0,200.0
LREGINALDO_2025-10-13_G28,LREGINALDO,2025-10-13,124486,1,11,0,217.0
LREGINALDO_2025-10-13_G29,LREGINALDO,2025-10-13,123344,1,14,0,205.0
LREGINALDO_2025-10-13_G30,LREGINALDO,2025-10-13,124477,1,7,0,177.0
LREGINALDO_2025-10-13_G31,LREGINALDO,2025-10-13,124624,1,10,0,227.0
LREGINALDO_2025-10-13_G32,LREGINALDO,2025-10-13,124370,1,20,0,273.0
LREGINALDO_2025-10-13_G33,LREGINALDO,2025-10-13,120339,1,4,0,87.0
LREGINALDO_2025-10-13_G34,LREGINALDO,2025-10-13,124594,1,4,0,583.0
LREGINALDO_2025-10-13_G35,LREGINALDO,2025-10-13,123345,1,20,0,95.0
LREGINALDO_2025-10-13_G36,LREGINALDO,2025-10-13,123343,1,4,0,45.0
LREGINALDO_2025-10-13_G37,LREGINALDO,2025-10-13,124247,1,2,0,131.0
LREGINALDO_2025-10-13_G38,LREGINALDO,2025-10-13,124247,1,11,0,54.0
LREGINALDO_2025-10-13_G39,LREGINALDO,2025-10-13,122986,1,4,0,80.0
LREGINALDO_2025-11-27_G02,LREGINALDO,2025-11-27,122983,1,10,0,213.0
LREGINALDO_2025-11-27_G03,LREGINALDO,2025-11-27,121760,1,6,0,203.0
LREGINALDO_2025-11-27_G04,LREGINALDO,2025-11-27,120339,1,2,0,102.0
LREGINALDO_2025-11-27_G05,LREGINALDO,2025-11-27,124486,1,11,0,331.0
LREGINALDO_2025-11-27_G06,LREGINALDO,2025-11-27,122673,1,4,0,84.0
LREGINALDO_2025-11-27_G07,LREGINALDO,2025-11-27,181056,1,4,0,252.0
LREGINALDO_2025-11-27_G08,LREGINALDO,2025-11-27,123345,1,25,0,95.0
LREGINALDO_2025-11-27_G09,LREGINALDO,2025-11-27,122673,2,8,18,515.0
LREGINALDO_2025-11-27_G10,LREGINALDO,2025-11-27,180098,1,21,0,917.0
LREGINALDO_2025-11-27_G11,LREGINALDO,2025-11-27,181056,1,2,0,426.0
LREGINALDO_2025-11-27_G12,LREGINALDO,2025-11-27,124475,1,12,0,276.0
LREGINALDO_2025-11-27_G13,LREGINALDO,2025-11-27,120321,1,3,0,134.0
LREGINALDO_2025-11-27_G14,LREGINALDO,2025-11-27,122671,1,2,0,318.0
LREGINALDO_2025-11-27_G15,LREGINALDO,2025-11-27,122673,1,10,0,160.0
LREGINALDO_2025-11-27_G16,LREGINALDO,2025-11-27,124247,1,4,0,840.0
LREGINALDO_2025-11-27_G17,LREGINALDO,2025-11-27,122988,1,20,0,134.0
LREGINALDO_2025-11-27_G18,LREGINALDO,2025-11-27,123909,1,40,0,651.0
LREGINALDO_2025-11-27_G19,LREGINALDO,2025-11-27,120389,1,24,0,421.0
LREGINALDO_2025-11-27_G20,LREGINALDO,2025-11-27,123345,1,25,0,151.0
LREGINALDO_2025-12-11_G02,LREGINALDO,2025-12-11,141458,1,2,0,161.0
LREGINALDO_2025-12-19_G02,LREGINALDO,2025-12-19,124475,1,10,0,205.0
LREGINALDO_2025-12-19_G03,LREGINALDO,2025-12-19,121760,1,4,0,185.0
LREGINALDO_2025-12-19_G04,LREGINALDO,2025-12-19,124486,1,4,0,163.0
LREGINALDO_2025-12-19_G05,LREGINALDO,2025-12-19,121928,1,2,0,118.0
LREGINALDO_2025-12-19_G06,LREGINALDO,2025-12-19,122962,1,24,0,998.0
LREGINALDO_2025-12-19_G07,LREGINALDO,2025-12-19,181057,1,4,0,327.0
LREGINALDO_2025-12-19_G08,LREGINALDO,2025-12-19,124548,1,40,0,789.0
LREGINALDO_2025-12-19_G09,LREGINALDO,2025-12-19,124624,1,2,0,199.0
LREGINALDO_2025-12-19_G10,LREGINALDO,2025-12-19,124477,1,2,0,157.0
LREGINALDO_2025-12-19_G11,LREGINALDO,2025-12-19,124248,1,2,0,86.0
LREGINALDO_2025-12-19_G12,LREGINALDO,2025-12-19,124475,1,8,0,217.0
LREGINALDO_2025-12-19_G13,LREGINALDO,2025-12-19,124371,1,8,0,174.0
LREGINALDO_2025-12-19_G14,LREGINALDO,2025-12-19,123909,1,12,0,260.0
LREGINALDO_2025-12-19_G15,LREGINALDO,2025-12-19,123153,1,30,0,278.0
LREGINALDO_2025-12-19_G16,LREGINALDO,2025-12-19,122189,1,24,0,620.0
LREGINALDO_2025-12-26_G02,LREGINALDO,2025-12-26,124371,1,14,0,239.0
LREGINALDO_2025-12-26_G03,LREGINALDO,2025-12-26,124475,1,24,0,321.0
LREGINALDO_2025-12-26_G04,LREGINALDO,2025-12-26,124248,1,1,0,90.0
LREGINALDO_2025-12-26_G05,LREGINALDO,2025-12-26,124370,1,8,0,219.0
LREGINALDO_2025-12-26_G06,LREGINALDO,2025-12-26,123343,1,10,0,184.0
LREGINALDO_2025-12-26_G07,LREGINALDO,2025-12-26,122984,1,16,0,655.0
LREGINALDO_2025-12-26_G08,LREGINALDO,2025-12-26,122189,1,4,0,192.0
LREGINALDO_2025-12-26_G09,LREGINALDO,2025-12-26,122962,1,8,0,159.0
LREGINALDO_2025-12-26_G10,LREGINALDO,2025-12-26,122982,1,4,0,137.0
LREGINALDO_2025-12-26_G11,LREGINALDO,2025-12-26,122983,1,4,0,53.0
LREGINALDO_2025-12-26_G12,LREGINALDO,2025-12-26,122962,1,32,0,306.0
LREGINALDO_2025-12-26_G13,LREGINALDO,2025-12-26,123345,1,4,0,296.0
LREGINALDO_2025-12-26_G14,LREGINALDO,2025-12-26,123343,1,6,0,112.0
LREGINALDO_2025-12-26_G15,LREGINALDO,2025-12-26,122673,1,30,0,471.0
LREGINALDO_2025-12-26_G16,LREGINALDO,2025-12-26,123492,1,2,0,109.0
LREGINALDO_2025-12-26_G17,LREGINALDO,2025-12-26,123492,1,4,0,31.0
LREGINALDO_2025-12-26_G18,LREGINALDO,2025-12-26,121923,1,4,0,154.0
LREGINALDO_2025-12-26_G19,LREGINALDO,2025-12-26,122671,1,10,0,42.0
LREGINALDO_2025-12-26_G20,LREGINALDO,2025-12-26,124486,1,8,0,80.0
LREGINALDO_2025-12-26_G21,LREGINALDO,2025-12-26,122962,1,6,0,73.0
LREGINALDO_2025-12-26_G22,LREGINALDO,2025-12-26,123909,1,12,0,48.0
LREGINALDO_2025-12-26_G23,LREGINALDO,2025-12-26,122647,1,30,0,509.0
LREGINALDO_2025-12-26_G24,LREGINALDO,2025-12-26,123343,1,6,0,1513.0
LREGINALDO_2025-12-26_G25,LREGINALDO,2025-12-26,124548,1,2,0,121.0
LREGINALDO_2025-12-26_G26,LREGINALDO,2025-12-26,124548,1,2,0,78.0
LREGINALDO_2025-12-26_G27,LREGINALDO,2025-12-26,181907,1,2,0,218.0
LREGINALDO_2025-12-26_G28,LREGINALDO,2025-12-26,180024,1,4,0,182.0
LREGINALDO_2025-12-26_G29,LREGINALDO,2025-12-26,122988,1,2,0,415.0
LREGINALDO_2025-12-26_G30,LREGINALDO,2025-12-26,122185,1,10,0,242.0
LREGINALDO_2025-12-26_G31,LREGINALDO,2025-12-26,122984,1,16,0,284.0
LREGINALDO_2025-12-26_G32,LREGINALDO,2025-12-26,124370,1,40,0,883.0
LREGINALDO_2025-12-26_G33,LREGINALDO,2025-12-26,122673,1,5,0,145.0
LREGINALDO_2025-12-31_G02,LREGINALDO,2025-12-31,111532,1,8,0,106.0
LREGINALDO_2025-12-31_G03,LREGINALDO,2025-12-31,110787,1,2,0,73.0
LREGINALDO_2025-12-31_G04,LREGINALDO,2025-12-31,111442,1,4,0,82.0
LREGINALDO_2025-12-31_G05,LREGINALDO,2025-12-31,111330,1,2,0,144.0
LREGINALDO_2025-12-31_G06,LREGINALDO,2025-12-31,107830,1,4,0,94.0
LREGINALDO_2026-01-25_G02,LREGINALDO,2026-01-25,122962,1,40,0,968.0
LREGINALDO_2026-01-25_G03,LREGINALDO,2026-01-25,124486,1,60,0,377.0
LREGINALDO_2026-01-25_G04,LREGINALDO,2026-01-25,122962,1,24,0,238.0
LREGINALDO_2026-01-25_G05,LREGINALDO,2026-01-25,124486,1,40,0,262.0
LREGINALDO_2026-01-25_G06,LREGINALDO,2026-01-25,122962,1,20,0,120.0
LREGINALDO_2026-01-25_G07,LREGINALDO,2026-01-25,122962,1,60,0,1858.0
LREGINALDO_2026-01-25_G08,LREGINALDO,2026-01-25,124486,1,40,0,477.0
LREGINALDO_2026-01-25_G09,LREGINALDO,2026-01-25,122185,1,8,0,584.0
LREGINALDO_2026-01-25_G10,LREGINALDO,2026-01-25,124248,1,36,0,653.0
LREGINALDO_2026-01-25_G11,LREGINALDO,2026-01-25,120008,1,2,0,558.0
LREGINALDO_2026-01-25_G12,LREGINALDO,2026-01-25,122984,1,8,0,113.0
LREGINALDO_2026-01-25_G13,LREGINALDO,2026-01-25,122984,1,8,0,39.0
LREGINALDO_2026-01-26_G02,LREGINALDO,2026-01-26,121651,1,20,0,277.0
LREGINALDO_2026-01-26_G03,LREGINALDO,2026-01-26,121760,1,60,0,1125.0
LREGINALDO_2026-01-26_G04,LREGINALDO,2026-01-26,122671,1,4,0,96.0
LREGINALDO_2026-01-26_G05,LREGINALDO,2026-01-26,124475,1,6,0,60.0
LREGINALDO_2026-01-26_G06,LREGINALDO,2026-01-26,121928,1,3,0,1259.0
LREGINALDO_2026-01-26_G07,LREGINALDO,2026-01-26,123521,1,4,0,103.0
LREGINALDO_2026-01-26_G08,LREGINALDO,2026-01-26,124483,1,1,0,69.0
LREGINALDO_2026-01-26_G09,LREGINALDO,2026-01-26,"124483, 123343",2,31,29,43.0
LREGINALDO_2026-01-26_G10,LREGINALDO,2026-01-26,123345,1,34,0,55.0
LREGINALDO_2026-01-26_G11,LREGINALDO,2026-01-26,124624,1,8,0,576.0
LREGINALDO_2026-01-26_G12,LREGINALDO,2026-01-26,124486,1,30,0,455.0
LREGINALDO_2026-01-26_G13,LREGINALDO,2026-01-26,122962,1,20,0,349.0
LREGINALDO_2026-01-26_G14,LREGINALDO,2026-01-26,123344,1,4,0,313.0
LREGINALDO_2026-01-26_G15,LREGINALDO,2026-01-26,123343,1,2,0,103.0
LREGINALDO_2026-01-26_G16,LREGINALDO,2026-01-26,123345,1,2,0,50.0
LREGINALDO_2026-01-26_G17,LREGINALDO,2026-01-26,123909,1,2,0,160.0
LREGINALDO_2026-01-26_G18,LREGINALDO,2026-01-26,121651,1,2,0,81.0
LREGINALDO_2026-01-26_G19,LREGINALDO,2026-01-26,124370,1,2,0,108.0
LREGINALDO_2026-01-26_G20,LREGINALDO,2026-01-26,122673,1,4,0,127.0
LREGINALDO_2026-01-26_G21,LREGINALDO,2026-01-26,124371,1,2,0,94.0
LREGINALDO_2026-01-26_G22,LREGINALDO,2026-01-26,124475,1,2,0,68.0
LREGINALDO_2026-01-26_G23,LREGINALDO,2026-01-26,124476,1,4,0,146.0
LREGINALDO_2026-01-26_G24,LREGINALDO,2026-01-26,122673,1,20,0,1022.0
LREGINALDO_2026-01-26_G25,LREGINALDO,2026-01-26,124486,1,2,0,311.0
LREGINALDO_2026-01-26_G26,LREGINALDO,2026-01-26,123345,1,2,0,205.0
LREGINALDO_2026-01-30_G02,LREGINALDO,2026-01-30,124486,1,4,0,120.0
LREGINALDO_2026-01-30_G03,LREGINALDO,2026-01-30,123343,1,4,0,201.0
LREGINALDO_2026-01-30_G04,LREGINALDO,2026-01-30,122962,1,4,0,189.0
LREGINALDO_2026-01-30_G05,LREGINALDO,2026-01-30,124594,1,4,0,383.0
LREGINALDO_2026-01-30_G06,LREGINALDO,2026-01-30,122967,1,26,0,572.0
LREGINALDO_2026-01-30_G07,LREGINALDO,2026-01-30,122647,1,30,0,435.0
LREGINALDO_2026-01-30_G08,LREGINALDO,2026-01-30,120028,1,30,0,254.0
LREGINALDO_2026-01-30_G09,LREGINALDO,2026-01-30,122984,1,20,0,540.0
LREGINALDO_2026-01-30_G10,LREGINALDO,2026-01-30,123153,1,8,0,209.0
LREGINALDO_2026-01-30_G11,LREGINALDO,2026-01-30,122671,1,4,0,259.0
LREGINALDO_2026-01-30_G12,LREGINALDO,2026-01-30,123909,1,8,0,155.0
LREGINALDO_2026-01-30_G13,LREGINALDO,2026-01-30,122962,1,20,0,340.0
LREGINALDO_2026-01-30_G14,LREGINALDO,2026-01-30,124548,1,40,0,380.0
LREGINALDO_2026-01-30_G15,LREGINALDO,2026-01-30,122984,1,30,0,914.0
LREGINALDO_2026-01-30_G16,LREGINALDO,2026-01-30,122647,1,20,0,597.0
LREGINALDO_2026-02-27_G02,LREGINALDO,2026-02-27,122673,1,14,0,54.0
LREGINALDO_2026-02-27_G03,LREGINALDO,2026-02-27,122673,1,4,0,69.0
LREGINALDO_2026-02-27_G04,LREGINALDO,2026-02-27,122673,1,4,0,50.0
LREGINALDO_2026-02-27_G05,LREGINALDO,2026-02-27,122962,1,22,0,753.0
LREGINALDO_2026-02-28_G02,LREGINALDO,2026-02-28,122647,1,20,0,379.0
LREGINALDO_2026-02-28_G03,LREGINALDO,2026-02-28,124247,1,2,0,53.0
LREGINALDO_2026-02-28_G04,LREGINALDO,2026-02-28,124486,1,8,0,263.0
LREGINALDO_2026-02-28_G05,LREGINALDO,2026-02-28,124486,1,12,0,1730.0
LREGINALDO_2026-02-28_G06,LREGINALDO,2026-02-28,124486,5,48,6,69.0
LREGINALDO_2026-02-28_G07,LREGINALDO,2026-02-28,181052,1,1,0,626.0
LREGINALDO_2026-02-28_G08,LREGINALDO,2026-02-28,181052,1,16,0,165.0
LREGINALDO_2026-02-28_G09,LREGINALDO,2026-02-28,"123345, 123343",4,68,23,469.0
LREGINALDO_2026-03-10_G02,LREGINALDO,2026-03-10,140923,1,46,0,3364.0
LREGINALDO_2026-03-10_G03,LREGINALDO,2026-03-10,118094,1,20,0,368.0
LREGINALDO_2026-03-10_G04,LREGINALDO,2026-03-10,107629,1,22,0,467.0
LREGINALDO_2026-03-10_G05,LREGINALDO,2026-03-10,117788,1,20,0,250.0
LREGINALDO_2026-03-10_G06,LREGINALDO,2026-03-10,117862,1,16,0,203.0
LREGINALDO_2026-03-10_G07,LREGINALDO,2026-03-10,110733,1,14,0,376.0
LREGINALDO_2026-03-10_G08,LREGINALDO,2026-03-10,141352,1,22,0,421.0
LREGINALDO_2026-03-10_G09,LREGINALDO,2026-03-10,141047,1,12,0,319.0
LREGINALDO_2026-03-10_G10,LREGINALDO,2026-03-10,117861,1,20,0,205.0
LREGINALDO_2026-03-10_G11,LREGINALDO,2026-03-10,111467,1,18,0,478.0
LREGINALDO_2026-03-10_G12,LREGINALDO,2026-03-10,110741,1,29,0,607.0
LREGINALDO_2026-03-11_G02,LREGINALDO,2026-03-11,117855,1,80,0,568.0
LREGINALDO_2026-03-11_G03,LREGINALDO,2026-03-11,111430,1,4,0,942.0
LREGINALDO_2026-03-11_G04,LREGINALDO,2026-03-11,110742,1,8,0,222.0
LREGINALDO_2026-03-11_G05,LREGINALDO,2026-03-11,117785,1,6,0,2618.0
LREGINALDO_2026-03-11_G06,LREGINALDO,2026-03-11,117785,1,12,0,125.0
LREGINALDO_2026-03-11_G07,LREGINALDO,2026-03-11,116241,1,2,0,83.0
LREGINALDO_2026-03-11_G08,LREGINALDO,2026-03-11,110743,1,4,0,91.0
LREGINALDO_2026-03-11_G09,LREGINALDO,2026-03-11,111743,1,4,0,57.0
LREGINALDO_2026-03-11_G10,LREGINALDO,2026-03-11,108711,1,3,0,116.0
LREGINALDO_2026-03-11_G11,LREGINALDO,2026-03-11,111462,1,8,0,117.0
LREGINALDO_2026-03-11_G12,LREGINALDO,2026-03-11,109641,1,23,0,820.0
LREGINALDO_2026-03-11_G13,LREGINALDO,2026-03-11,111442,1,2,0,78.0
LREGINALDO_2026-03-11_G14,LREGINALDO,2026-03-11,111418,1,38,0,714.0
LREGINALDO_2026-03-11_G15,LREGINALDO,2026-03-11,111418,1,3,0,35.0
LREGINALDO_2026-03-11_G16,LREGINALDO,2026-03-11,111465,1,4,0,1038.0
LREGINALDO_2026-03-11_G17,LREGINALDO,2026-03-11,111463,1,10,0,122.0
LREGINALDO_2026-03-11_G18,LREGINALDO,2026-03-11,141457,1,6,0,107.0
LREGINALDO_2026-03-11_G19,LREGINALDO,2026-03-11,117787,1,6,0,81.0
LREGINALDO_2026-03-11_G20,LREGINALDO,2026-03-11,110740,2,8,14,755.0
LREGINALDO_2026-03-11_G21,LREGINALDO,2026-03-11,111469,2,28,20,781.0
LREGINALDO_2026-03-11_G22,LREGINALDO,2026-03-11,141458,2,22,25,285.0
MARINHOJ10109451_2025-11-06_G02,MARINHOJ10109451,2025-11-06,122962,1,40,0,918.0
MARINHOJ10109451_2025-11-06_G03,MARINHOJ10109451,2025-11-06,123909,1,20,0,317.0
MARINHOJ10109451_2025-11-06_G04,MARINHOJ10109451,2025-11-06,124486,1,40,0,549.0
MARINHOJ10109451_2025-11-06_G05,MARINHOJ10109451,2025-11-06,120008,1,16,0,267.0
MARINHOJ10109451_2025-11-06_G06,MARINHOJ10109451,2025-11-06,123909,1,8,0,203.0
MARINHOJ10109451_2025-11-06_G07,MARINHOJ10109451,2025-11-06,123492,1,4,0,228.0
MARINHOJ10109451_2025-11-06_G08,MARINHOJ10109451,2025-11-06,123313,1,4,0,267.0
MARINHOJ10109451_2025-11-06_G09,MARINHOJ10109451,2025-11-06,123345,1,2,0,47.0
MARINHOJ10109451_2025-11-06_G10,MARINHOJ10109451,2025-11-06,123822,1,7,0,282.0
MARINHOJ10109451_2025-11-06_G11,MARINHOJ10109451,2025-11-06,123822,1,17,0,191.0
MARINHOJ10109451_2025-11-06_G12,MARINHOJ10109451,2025-11-06,122647,1,10,0,228.0
MARINHOJ10109451_2025-11-06_G13,MARINHOJ10109451,2025-11-06,122647,1,10,0,214.0
MARINHOJ10109451_2025-11-06_G14,MARINHOJ10109451,2025-11-06,122647,1,30,0,449.0
MARINHOJ10109451_2025-11-06_G15,MARINHOJ10109451,2025-11-06,124624,1,40,0,616.0
MARINHOJ10109451_2025-11-07_G02,MARINHOJ10109451,2025-11-07,124248,1,2,0,47.0
MARINHOJ10109451_2025-11-07_G03,MARINHOJ10109451,2025-11-07,124486,1,50,0,887.0
MARINHOJ10109451_2025-11-07_G04,MARINHOJ10109451,2025-11-07,124370,1,20,0,624.0
MARINHOJ10109451_2025-11-07_G05,MARINHOJ10109451,2025-11-07,121651,1,40,0,1171.0
MARINHOJ10109451_2025-11-07_G06,MARINHOJ10109451,2025-11-07,124371,1,6,0,552.0
MORAESD_2025-01-11_G02,MORAESD,2025-01-11,117785,1,850,0,2785.0
MORAESD_2025-01-11_G04,MORAESD,2025-01-11,108711,1,4,0,89.0
MORAESD_2025-01-11_G05,MORAESD,2025-01-11,117830,1,1,0,109.0
MORAESD_2025-01-11_G06,MORAESD,2025-01-11,117855,1,4,0,309.0
MORAESD_2025-01-11_G07,MORAESD,2025-01-11,108711,1,2,0,81.0
MORAESD_2025-01-11_G08,MORAESD,2025-01-11,110895,1,4,0,372.0
MORAESD_2025-01-11_G09,MORAESD,2025-01-11,117855,1,12,0,216.0
MORAESD_2025-01-11_G10,MORAESD,2025-01-11,140922,1,2,0,95.0
MORAESD_2025-01-11_G11,MORAESD,2025-01-11,108711,1,4,0,64.0
MORAESD_2025-01-11_G12,MORAESD,2025-01-11,118317,1,5,0,811.0
MORAESD_2025-01-11_G13,MORAESD,2025-01-11,111443,1,4,0,256.0
MORAESD_2025-01-11_G14,MORAESD,2025-01-11,118140,1,21,0,123.0
MORAESD_2025-01-11_G15,MORAESD,2025-01-11,117831,1,14,0,783.0
MORAESD_2025-01-11_G16,MORAESD,2025-01-11,108711,1,11,0,250.0
MORAESD_2025-01-11_G17,MORAESD,2025-01-11,111462,1,13,0,262.0
MORAESD_2025-01-11_G18,MORAESD,2025-01-11,111463,1,9,0,211.0
MORAESD_2025-01-11_G19,MORAESD,2025-01-11,111463,1,18,0,55.0
MORAESD_2025-01-11_G20,MORAESD,2025-01-11,110895,2,7,7,1290.0
MORAESD_2025-01-11_G21,MORAESD,2025-01-11,110740,2,5,7,323.0
MORAESD_2025-01-11_G22,MORAESD,2025-01-11,"108711, 109645",3,7,32,137.0
MORAESD_2025-01-11_G23,MORAESD,2025-01-11,117820,2,5,5,296.0
MORAESD_2025-01-11_G24,MORAESD,2025-01-11,111463,1,24,0,502.0
MORAESD_2025-01-11_G25,MORAESD,2025-01-11,111442,1,14,0,448.0
MORAESD_2025-01-11_G26,MORAESD,2025-01-11,111430,1,4,0,286.0
MORAESD_2025-01-11_G27,MORAESD,2025-01-11,117861,1,4,0,120.0
MORAESD_2025-01-11_G28,MORAESD,2025-01-11,140922,1,10,0,84.0
MORAESD_2025-01-11_G29,MORAESD,2025-01-11,111462,1,6,0,133.0
MORAESD_2025-01-11_G30,MORAESD,2025-01-11,118306,1,2,0,619.0
MORAESD_2025-01-11_G31,MORAESD,2025-01-11,109647,1,3,0,180.0
MORAESD_2025-01-11_G32,MORAESD,2025-01-11,117788,1,2,0,120.0
MORAESD_2025-01-11_G33,MORAESD,2025-01-11,108772,1,4,0,90.0
MORAESD_2025-01-11_G34,MORAESD,2025-01-11,117862,1,4,0,243.0
MORAESD_2025-01-11_G35,MORAESD,2025-01-11,118094,1,6,0,259.0
MORAESD_2025-01-11_G36,MORAESD,2025-01-11,108794,1,5,0,197.0
MORAESD_2025-01-11_G37,MORAESD,2025-01-11,108711,1,2,0,129.0
MORAESD_2025-01-11_G38,MORAESD,2025-01-11,117830,1,10,0,1142.0
MORAESD_2025-01-13_G02,MORAESD,2025-01-13,110313,1,3,0,65.0
MORAESD_2025-01-13_G03,MORAESD,2025-01-13,111467,1,6,0,67.0
MORAESD_2025-01-13_G04,MORAESD,2025-01-13,111602,1,5,0,220.0
MORAESD_2025-01-13_G05,MORAESD,2025-01-13,118094,1,4,0,65.0
MORAESD_2025-01-13_G06,MORAESD,2025-01-13,117855,1,4,0,71.0
MORAESD_2025-01-13_G07,MORAESD,2025-01-13,117855,1,8,0,206.0
MORAESD_2025-01-13_G08,MORAESD,2025-01-13,110515,1,2,0,95.0
MORAESD_2025-01-13_G09,MORAESD,2025-01-13,110711,1,3,0,117.0
MORAESD_2025-01-13_G10,MORAESD,2025-01-13,118317,1,2,0,285.0
MORAESD_2025-01-13_G11,MORAESD,2025-01-13,110740,1,2,0,120.0
MORAESD_2025-01-13_G12,MORAESD,2025-01-13,111418,1,12,0,349.0
MORAESD_2025-01-13_G13,MORAESD,2025-01-13,111462,1,1,0,85.0
MORAESD_2025-01-13_G14,MORAESD,2025-01-13,110376,2,2,11,112.0
MORAESD_2025-01-13_G15,MORAESD,2025-01-13,117808,1,30,0,223.0
MORAESD_2025-01-13_G16,MORAESD,2025-01-13,110372,1,11,0,307.0
MORAESD_2025-01-13_G17,MORAESD,2025-01-13,110375,1,5,0,68.0
MORAESD_2025-01-13_G18,MORAESD,2025-01-13,110371,1,16,0,97.0
MORAESD_2025-01-13_G19,MORAESD,2025-01-13,110515,1,10,0,303.0
MORAESD_2025-01-13_G20,MORAESD,2025-01-13,110755,1,20,0,452.0
MORAESD_2025-01-13_G21,MORAESD,2025-01-13,108772,1,12,0,282.0
MORAESD_2025-01-13_G22,MORAESD,2025-01-13,117836,1,4,0,272.0
MORAESD_2025-01-13_G23,MORAESD,2025-01-13,117831,1,60,0,271.0
MORAESD_2025-01-13_G24,MORAESD,2025-01-13,140922,1,16,0,425.0
MORAESD_2025-01-13_G25,MORAESD,2025-01-13,117820,1,24,0,403.0
MORAESD_2025-01-13_G26,MORAESD,2025-01-13,117820,1,4,0,60.0
MORAESD_2025-01-13_G27,MORAESD,2025-01-13,117808,1,16,0,161.0
MORAESD_2025-01-13_G28,MORAESD,2025-01-13,108794,1,4,0,255.0
MORAESD_2025-01-13_G29,MORAESD,2025-01-13,111602,1,10,0,53.0
MORAESD_2025-01-13_G30,MORAESD,2025-01-13,110313,1,4,0,78.0
MORAESD_2025-01-13_G31,MORAESD,2025-01-13,117808,1,12,0,148.0
MORAESD_2025-01-13_G33,MORAESD,2025-01-13,111444,1,4,0,274.0
MORAESD_2025-01-13_G34,MORAESD,2025-01-13,111433,1,2,0,185.0
MORAESD_2025-01-13_G35,MORAESD,2025-01-13,108795,1,4,0,117.0
MORAESD_2025-01-13_G36,MORAESD,2025-01-13,108795,1,4,0,53.0
MORAESD_2025-01-13_G37,MORAESD,2025-01-13,111463,1,5,0,634.0
MORAESD_2025-01-13_G38,MORAESD,2025-01-13,117808,1,40,0,447.0
MORAESD_2025-01-13_G39,MORAESD,2025-01-13,117808,2,50,13,160.0
MORAESD_2025-01-13_G40,MORAESD,2025-01-13,110372,1,14,0,101.0
MORAESD_2025-01-13_G42,MORAESD,2025-01-13,109647,1,8,0,192.0
MORAESD_2025-01-13_G43,MORAESD,2025-01-13,117788,1,15,0,211.0
MORAESD_2025-01-13_G44,MORAESD,2025-01-13,141047,1,29,0,675.0
MORAESD_2025-01-13_G45,MORAESD,2025-01-13,109648,1,8,0,157.0
MORAESD_2025-01-13_G46,MORAESD,2025-01-13,111443,1,12,0,134.0
MORAESD_2025-01-13_G47,MORAESD,2025-01-13,117842,1,4,0,182.0
MORAESD_2025-01-13_G48,MORAESD,2025-01-13,117862,1,140,0,430.0
MORAESD_2025-01-13_G49,MORAESD,2025-01-13,109645,1,40,0,649.0
MORAESD_2025-01-13_G50,MORAESD,2025-01-13,111466,1,139,0,432.0
MORAESD_2025-01-13_G51,MORAESD,2025-01-13,110740,1,130,0,410.0
MORAESD_2025-01-13_G52,MORAESD,2025-01-13,108711,1,150,0,442.0
MORAESD_2025-01-13_G53,MORAESD,2025-01-13,111465,1,130,0,623.0
MORAESD_2025-01-13_G54,MORAESD,2025-01-13,111463,1,200,0,970.0
MORAESD_2025-01-13_G55,MORAESD,2025-01-13,111462,1,280,0,533.0
MORAESD_2025-01-13_G56,MORAESD,2025-01-13,117830,1,230,0,507.0
MORAESD_2025-01-14_G03,MORAESD,2025-01-14,114662,1,35,0,702.0
MORAESD_2025-01-16_G02,MORAESD,2025-01-16,124247,1,32,0,484.0
MORAESD_2025-01-16_G03,MORAESD,2025-01-16,122985,1,50,0,329.0
MORAESD_2025-01-18_G02,MORAESD,2025-01-18,122647,1,10,0,329.0
MORAESD_2025-01-18_G03,MORAESD,2025-01-18,123911,1,2,0,1032.0
MORAESD_2025-01-18_G04,MORAESD,2025-01-18,122962,1,40,0,226.0
MORAESD_2025-01-18_G05,MORAESD,2025-01-18,123080,1,8,0,41.0
MORAESD_2025-01-18_G06,MORAESD,2025-01-18,122985,1,2,0,81.0
MORAESD_2025-01-18_G07,MORAESD,2025-01-18,121760,1,4,0,40.0
MORAESD_2025-01-18_G08,MORAESD,2025-01-18,121651,1,19,0,210.0
MORAESD_2025-01-18_G09,MORAESD,2025-01-18,124248,1,48,0,322.0
MORAESD_2025-01-22_G02,MORAESD,2025-01-22,110371,1,28,0,626.0
MORAESD_2025-01-22_G03,MORAESD,2025-01-22,110372,1,2,0,35.0
MORAESD_2025-01-22_G04,MORAESD,2025-01-22,109640,1,4,0,89.0
MORAESD_2025-01-22_G05,MORAESD,2025-01-22,118094,1,2,0,65.0
MORAESD_2025-01-22_G06,MORAESD,2025-01-22,111182,2,4,16,100.0
MORAESD_2025-01-22_G07,MORAESD,2025-01-22,111446,1,12,0,208.0
MORAESD_2025-01-22_G08,MORAESD,2025-01-22,111466,1,4,0,32.0
MORAESD_2025-01-22_G09,MORAESD,2025-01-22,"140922, 111469",2,18,17,45.0
MORAESD_2025-01-22_G10,MORAESD,2025-01-22,110372,1,6,0,33.0
MORAESD_2025-01-22_G11,MORAESD,2025-01-22,120339,1,2,0,895.0
MORAESD_2025-01-25_G02,MORAESD,2025-01-25,123822,1,50,0,748.0
MORAESD_2025-02-14_G02,MORAESD,2025-02-14,123344,1,11,0,218.0
MORAESD_2025-02-14_G03,MORAESD,2025-02-14,122986,1,20,0,254.0
MORAESD_2025-02-14_G04,MORAESD,2025-02-14,121760,1,20,0,354.0
MORAESD_2025-02-14_G05,MORAESD,2025-02-14,124248,1,4,0,36.0
MORAESD_2025-02-14_G06,MORAESD,2025-02-14,122185,1,6,0,78.0
MORAESD_2025-02-14_G07,MORAESD,2025-02-14,124371,1,8,0,329.0
MORAESD_2025-02-14_G08,MORAESD,2025-02-14,121923,1,4,0,139.0
MORAESD_2025-02-14_G09,MORAESD,2025-02-14,123153,1,10,0,135.0
MORAESD_2025-02-14_G10,MORAESD,2025-02-14,124370,1,8,0,175.0
MORAESD_2025-02-14_G11,MORAESD,2025-02-14,123911,1,2,0,93.0
MORAESD_2025-02-14_G12,MORAESD,2025-02-14,122984,1,12,0,480.0
MORAESD_2025-02-14_G13,MORAESD,2025-02-14,124248,1,14,0,203.0
MORAESD_2025-02-14_G14,MORAESD,2025-02-14,124247,1,4,0,55.0
MORAESD_2025-02-14_G15,MORAESD,2025-02-14,122673,1,20,0,329.0
MORAESD_2025-02-14_G16,MORAESD,2025-02-14,122983,1,4,0,209.0
MORAESD_2025-02-14_G17,MORAESD,2025-02-14,123344,1,10,0,265.0
MORAESD_2025-02-14_G18,MORAESD,2025-02-14,122189,1,5,0,61.0
MORAESD_2025-02-14_G19,MORAESD,2025-02-14,124371,1,4,0,163.0
MORAESD_2025-02-14_G20,MORAESD,2025-02-14,123909,1,4,0,295.0
MORAESD_2025-02-14_G21,MORAESD,2025-02-14,124370,1,1,0,71.0
MORAESD_2025-02-14_G22,MORAESD,2025-02-14,123345,1,20,0,408.0
MORAESD_2025-02-14_G23,MORAESD,2025-02-14,122962,1,40,0,584.0
MORAESD_2025-02-14_G24,MORAESD,2025-02-14,122647,1,10,0,227.0
MORAESD_2025-02-14_G25,MORAESD,2025-02-14,123344,1,30,0,203.0
MORAESD_2025-02-14_G26,MORAESD,2025-02-14,123080,1,4,0,110.0
MORAESD_2025-02-14_G27,MORAESD,2025-02-14,122984,1,33,0,456.0
MORAESD_2025-02-14_G28,MORAESD,2025-02-14,124248,1,19,0,108.0
MORAESD_2025-02-14_G29,MORAESD,2025-02-14,122185,1,7,0,100.0
MORAESD_2025-02-14_G30,MORAESD,2025-02-14,122983,1,16,0,133.0
MORAESD_2025-02-14_G31,MORAESD,2025-02-14,122983,1,4,0,77.0
MORAESD_2025-02-14_G32,MORAESD,2025-02-14,124247,1,11,0,62.0
MORAESD_2025-02-14_G33,MORAESD,2025-02-14,122962,1,56,0,2752.0
MORAESD_2025-02-14_G34,MORAESD,2025-02-14,124486,1,30,0,339.0
MORAESD_2025-02-14_G35,MORAESD,2025-02-14,123345,1,10,0,328.0
MORAESD_2025-02-14_G36,MORAESD,2025-02-14,124371,1,20,0,193.0
MORAESD_2025-02-14_G37,MORAESD,2025-02-14,122984,1,3,0,59.0
MORAESD_2025-02-14_G38,MORAESD,2025-02-14,121760,1,40,0,1506.0
MORAESD_2025-02-14_G39,MORAESD,2025-02-14,124248,1,10,0,172.0
MORAESD_2025-02-14_G40,MORAESD,2025-02-14,122705,1,1,0,101.0
MORAESD_2025-02-14_G41,MORAESD,2025-02-14,124370,1,30,0,753.0
MORAESD_2025-02-14_G43,MORAESD,2025-02-14,122962,1,4,0,58.0
MORAESD_2025-02-14_G44,MORAESD,2025-02-14,122983,1,5,0,246.0
MORAESD_2025-02-14_G45,MORAESD,2025-02-14,124248,1,7,0,128.0
MORAESD_2025-02-14_G46,MORAESD,2025-02-14,122982,1,20,0,275.0
MORAESD_2025-02-14_G47,MORAESD,2025-02-14,124486,1,34,0,457.0
MORAESD_2025-02-14_G48,MORAESD,2025-02-14,123344,1,12,0,106.0
MORAESD_2025-02-14_G49,MORAESD,2025-02-14,121760,1,30,0,757.0
MORAESD_2025-02-14_G50,MORAESD,2025-02-14,122673,1,10,0,200.0
MORAESD_2025-02-14_G51,MORAESD,2025-02-14,124433,1,20,0,659.0
MORAESD_2025-02-14_G52,MORAESD,2025-02-14,181616,1,12,0,294.0
MORAESD_2025-02-14_G53,MORAESD,2025-02-14,120389,1,6,0,149.0
MORAESD_2025-02-14_G54,MORAESD,2025-02-14,122673,1,5,0,135.0
MORAESD_2025-02-14_G55,MORAESD,2025-02-14,"122647, 122673, 124247",3,14,21,393.0
MORAESD_2025-02-15_G02,MORAESD,2025-02-15,122988,1,8,0,120.0
MORAESD_2025-02-15_G03,MORAESD,2025-02-15,122703,1,8,0,125.0
MORAESD_2025-02-15_G04,MORAESD,2025-02-15,121760,1,14,0,576.0
MORAESD_2025-02-15_G05,MORAESD,2025-02-15,124370,1,4,0,137.0
MORAESD_2025-02-15_G06,MORAESD,2025-02-15,122703,1,8,0,121.0
MORAESD_2025-02-15_G07,MORAESD,2025-02-15,123909,1,4,0,130.0
MORAESD_2025-02-15_G08,MORAESD,2025-02-15,124370,1,4,0,49.0
MORAESD_2025-02-15_G09,MORAESD,2025-02-15,122984,1,8,0,351.0
MORAESD_2025-02-15_G10,MORAESD,2025-02-15,124370,1,16,0,135.0
MORAESD_2025-02-15_G11,MORAESD,2025-02-15,123345,1,8,0,333.0
MORAESD_2025-02-15_G12,MORAESD,2025-02-15,122647,1,40,0,225.0
MORAESD_2025-02-18_G02,MORAESD,2025-02-18,122962,1,20,0,759.0
MORAESD_2025-02-18_G03,MORAESD,2025-02-18,123909,1,50,0,646.0
MORAESD_2025-02-18_G04,MORAESD,2025-02-18,124486,1,50,0,736.0
MORAESD_2025-02-18_G05,MORAESD,2025-02-18,123911,1,33,0,601.0
MORAESD_2025-02-18_G06,MORAESD,2025-02-18,124247,1,5,0,801.0
MORAESD_2025-02-18_G07,MORAESD,2025-02-18,123909,1,17,0,199.0
MORAESD_2025-02-18_G08,MORAESD,2025-02-18,122984,1,25,0,473.0
MORAESD_2025-02-18_G09,MORAESD,2025-02-18,124248,1,30,0,312.0
MORAESD_2025-02-20_G02,MORAESD,2025-02-20,122985,1,6,0,197.0
MORAESD_2025-02-20_G03,MORAESD,2025-02-20,121651,1,4,0,150.0
MORAESD_2025-02-20_G04,MORAESD,2025-02-20,121651,1,8,0,49.0
MORAESD_2025-02-20_G05,MORAESD,2025-02-20,180035,1,1,0,562.0
MORAESD_2025-02-20_G06,MORAESD,2025-02-20,180035,3,3,35,185.0
MORAESD_2025-02-20_G07,MORAESD,2025-02-20,124433,1,12,0,438.0
MORAESD_2025-02-20_G08,MORAESD,2025-02-20,122981,1,4,0,66.0
MORAESD_2025-02-20_G09,MORAESD,2025-02-20,122982,1,16,0,335.0
MORAESD_2025-02-20_G10,MORAESD,2025-02-20,122962,1,100,0,1610.0
MORAESD_2025-02-20_G11,MORAESD,2025-02-20,"122962, 122647",2,66,18,1565.0
MORAESD_2025-02-26_G02,MORAESD,2025-02-26,121651,1,19,0,333.0
MORAESD_2025-02-26_G03,MORAESD,2025-02-26,123562,1,20,0,526.0
MORAESD_2025-02-26_G04,MORAESD,2025-02-26,123907,1,1,0,34.0
MORAESD_2025-02-26_G05,MORAESD,2025-02-26,121760,1,100,0,1667.0
MORAESD_2025-02-27_G02,MORAESD,2025-02-27,122984,1,6,0,198.0
MORAESD_2025-02-27_G03,MORAESD,2025-02-27,124248,1,10,0,271.0
MORAESD_2025-02-27_G04,MORAESD,2025-02-27,124486,1,12,0,398.0
MORAESD_2025-02-27_G05,MORAESD,2025-02-27,122985,1,5,0,310.0
MORAESD_2025-02-27_G06,MORAESD,2025-02-27,122984,1,5,0,137.0
MORAESD_2025-02-27_G07,MORAESD,2025-02-27,122185,1,40,0,775.0
MORAESD_2025-02-27_G08,MORAESD,2025-02-27,122985,1,32,0,632.0
MORAESD_2025-02-27_G09,MORAESD,2025-02-27,123313,1,67,0,242.0
MORAESD_2025-02-27_G10,MORAESD,2025-02-27,124475,2,14,13,2180.0
MORAESD_2025-02-27_G11,MORAESD,2025-02-27,123343,1,10,0,383.0
MORAESD_2025-02-27_G12,MORAESD,2025-02-27,124475,1,8,0,555.0
MORAESD_2025-02-27_G13,MORAESD,2025-02-27,124475,1,8,0,128.0
MORAESD_2025-02-27_G14,MORAESD,2025-02-27,124475,2,5,21,44.0
MORAESD_2025-02-27_G15,MORAESD,2025-02-27,124475,1,8,0,307.0
MORAESD_2025-02-27_G16,MORAESD,2025-02-27,123561,1,10,0,729.0
MORAESD_2025-02-27_G17,MORAESD,2025-02-27,124475,1,4,0,190.0
MORAESD_2025-02-27_G18,MORAESD,2025-02-27,123343,1,2,0,222.0
MORAESD_2025-02-27_G19,MORAESD,2025-02-27,122185,1,40,0,430.0
MORAESD_2025-02-27_G20,MORAESD,2025-02-27,123909,1,36,0,435.0
MORAESD_2025-02-27_G21,MORAESD,2025-02-27,122962,1,32,0,303.0
MORAESD_2025-02-27_G22,MORAESD,2025-02-27,122647,1,80,0,1711.0
MORAESD_2025-02-27_G23,MORAESD,2025-02-27,180094,1,3,0,129.0
MORAESD_2025-02-27_G24,MORAESD,2025-02-27,123343,1,7,0,444.0
MORAESD_2025-02-27_G25,MORAESD,2025-02-27,120028,1,31,0,223.0
MORAESD_2025-02-27_G26,MORAESD,2025-02-27,124475,1,20,0,227.0
MORAESD_2025-02-27_G27,MORAESD,2025-02-27,123907,1,8,0,197.0
MORAESD_2025-02-27_G28,MORAESD,2025-02-27,124475,2,6,22,49.0
MORAESD_2025-02-27_G29,MORAESD,2025-02-27,123561,1,20,0,2266.0
MORAESD_2025-02-27_G30,MORAESD,2025-02-27,122185,1,4,0,222.0
MORAESD_2025-02-27_G31,MORAESD,2025-02-27,124476,1,16,0,441.0
MORAESD_2025-02-28_G03,MORAESD,2025-02-28,123080,1,12,0,218.0
MORAESD_2025-02-28_G04,MORAESD,2025-02-28,122703,1,12,0,395.0
MORAESD_2025-02-28_G05,MORAESD,2025-02-28,121651,1,12,0,277.0
MORAESD_2025-02-28_G06,MORAESD,2025-02-28,121651,1,26,0,446.0
MORAESD_2025-02-28_G07,MORAESD,2025-02-28,121651,1,10,0,51.0
MORAESD_2025-02-28_G08,MORAESD,2025-02-28,121651,1,12,0,155.0
MORAESD_2025-02-28_G09,MORAESD,2025-02-28,124475,3,16,24,146.0
MORAESD_2025-02-28_G10,MORAESD,2025-02-28,124475,3,6,15,779.0
MORAESD_2025-02-28_G11,MORAESD,2025-02-28,121760,1,4,0,188.0
MORAESD_2025-02-28_G12,MORAESD,2025-02-28,124370,1,2,0,222.0
MORAESD_2025-02-28_G13,MORAESD,2025-02-28,124370,1,8,0,78.0
MORAESD_2025-02-28_G14,MORAESD,2025-02-28,123521,1,6,0,251.0
MORAESD_2025-02-28_G15,MORAESD,2025-02-28,123521,1,6,0,67.0
MORAESD_2025-02-28_G16,MORAESD,2025-02-28,124371,1,8,0,83.0
MORAESD_2025-02-28_G17,MORAESD,2025-02-28,124371,1,12,0,387.0
MORAESD_2025-02-28_G18,MORAESD,2025-02-28,124371,3,15,19,55.0
MORAESD_2025-02-28_G19,MORAESD,2025-02-28,123344,1,6,0,291.0
MORAESD_2025-02-28_G20,MORAESD,2025-02-28,123344,4,23,39,114.0
MORAESD_2025-02-28_G21,MORAESD,2025-02-28,121760,1,3,0,31.0
MORAESD_2025-02-28_G22,MORAESD,2025-02-28,121760,2,7,13,162.0
MORAESD_2025-02-28_G23,MORAESD,2025-02-28,121760,4,41,26,451.0
MORAESD_2025-02-28_G24,MORAESD,2025-02-28,123343,1,8,0,196.0
MORAESD_2025-02-28_G25,MORAESD,2025-02-28,123313,1,4,0,134.0
MORAESD_2025-02-28_G26,MORAESD,2025-02-28,124476,1,8,0,1202.0
MORAESD_2025-02-28_G27,MORAESD,2025-02-28,122984,1,8,0,186.0
MORAESD_2025-02-28_G28,MORAESD,2025-02-28,122673,1,4,0,48.0
MORAESD_2025-02-28_G29,MORAESD,2025-02-28,124248,1,8,0,116.0
MORAESD_2025-02-28_G30,MORAESD,2025-02-28,124475,1,4,0,147.0
MORAESD_2025-02-28_G31,MORAESD,2025-02-28,121760,1,8,0,256.0
MORAESD_2025-02-28_G32,MORAESD,2025-02-28,124370,2,20,18,59.0
MORAESD_2025-02-28_G33,MORAESD,2025-02-28,123907,2,16,7,452.0
MORAESD_2025-02-28_G34,MORAESD,2025-02-28,124247,3,18,21,189.0
MORAESD_2025-02-28_G35,MORAESD,2025-02-28,122983,1,4,0,374.0
MORAESD_2025-02-28_G36,MORAESD,2025-02-28,122962,2,10,6,64.0
MORAESD_2025-02-28_G37,MORAESD,2025-02-28,123909,1,6,0,203.0
MORAESD_2025-02-28_G38,MORAESD,2025-02-28,124486,1,8,0,86.0
MORAESD_2025-02-28_G39,MORAESD,2025-02-28,123344,1,8,0,149.0
MORAESD_2025-02-28_G40,MORAESD,2025-02-28,"123344, 122962",2,12,26,199.0
MORAESD_2025-02-28_G41,MORAESD,2025-02-28,123345,1,6,0,227.0
MORAESD_2025-03-11_G02,MORAESD,2025-03-11,108711,1,34,0,1090.0
MORAESD_2025-03-11_G03,MORAESD,2025-03-11,109640,1,12,0,493.0
MORAESD_2025-03-11_G04,MORAESD,2025-03-11,140922,1,8,0,292.0
MORAESD_2025-03-11_G05,MORAESD,2025-03-11,111462,1,8,0,198.0
MORAESD_2025-03-11_G06,MORAESD,2025-03-11,110313,1,12,0,150.0
MORAESD_2025-03-11_G07,MORAESD,2025-03-11,111602,1,12,0,327.0
MORAESD_2025-03-11_G08,MORAESD,2025-03-11,111530,2,11,24,214.0
MORAESD_2025-03-11_G09,MORAESD,2025-03-11,109643,1,8,0,284.0
MORAESD_2025-03-11_G10,MORAESD,2025-03-11,111463,1,4,0,152.0
MORAESD_2025-03-11_G11,MORAESD,2025-03-11,111602,1,2,0,206.0
MORAESD_2025-03-11_G12,MORAESD,2025-03-11,111532,1,5,0,250.0
MORAESD_2025-03-11_G13,MORAESD,2025-03-11,111463,1,9,0,131.0
MORAESD_2025-03-11_G14,MORAESD,2025-03-11,108711,1,4,0,103.0
MORAESD_2025-03-11_G15,MORAESD,2025-03-11,108770,2,2,7,299.0
MORAESD_2025-03-11_G16,MORAESD,2025-03-11,117789,1,3,0,592.0
MORAESD_2025-03-11_G17,MORAESD,2025-03-11,117862,1,16,0,399.0
MORAESD_2025-03-11_G18,MORAESD,2025-03-11,117856,1,6,0,57.0
MORAESD_2025-03-11_G19,MORAESD,2025-03-11,110741,1,6,0,104.0
MORAESD_2025-03-11_G20,MORAESD,2025-03-11,108772,2,3,13,46.0
MORAESD_2025-03-11_G21,MORAESD,2025-03-11,111530,1,20,0,242.0
MORAESD_2025-03-11_G22,MORAESD,2025-03-11,111530,1,8,0,50.0
MORAESD_2025-03-11_G23,MORAESD,2025-03-11,110745,1,4,0,146.0
MORAESD_2025-03-11_G24,MORAESD,2025-03-11,111442,1,4,0,723.0
MORAESD_2025-03-11_G25,MORAESD,2025-03-11,110787,1,10,0,112.0
MORAESD_2025-03-11_G26,MORAESD,2025-03-11,117862,1,4,0,1204.0
MORAESD_2025-03-11_G27,MORAESD,2025-03-11,141035,1,2,0,43.0
MORAESD_2025-03-11_G28,MORAESD,2025-03-11,110741,1,5,0,103.0
MORAESD_2025-03-11_G29,MORAESD,2025-03-11,111530,1,2,0,71.0
MORAESD_2025-03-11_G30,MORAESD,2025-03-11,111463,1,2,0,148.0
MORAESD_2025-03-11_G31,MORAESD,2025-03-11,117833,1,1,0,41.0
MORAESD_2025-03-11_G32,MORAESD,2025-03-11,"118317, 110129",2,5,29,85.0
MORAESD_2025-03-11_G33,MORAESD,2025-03-11,118140,1,2,0,123.0
MORAESD_2025-03-11_G34,MORAESD,2025-03-11,111469,1,4,0,36.0
MORAESD_2025-03-11_G35,MORAESD,2025-03-11,117862,1,1,0,1609.0
MORAESD_2025-03-11_G36,MORAESD,2025-03-11,110787,1,8,0,204.0
MORAESD_2025-03-11_G37,MORAESD,2025-03-11,"110742, 108770",2,6,23,226.0
MORAESD_2025-03-11_G38,MORAESD,2025-03-11,110747,1,2,0,150.0
MORAESD_2025-03-11_G39,MORAESD,2025-03-11,109937,1,2,0,50.0
MORAESD_2025-03-11_G40,MORAESD,2025-03-11,100334,1,1,0,92.0
MORAESD_2025-03-11_G41,MORAESD,2025-03-11,111569,1,10,0,175.0
MORAESD_2025-03-11_G42,MORAESD,2025-03-11,110895,1,8,0,85.0
MORAESD_2025-03-11_G43,MORAESD,2025-03-11,117836,1,8,0,208.0
MORAESD_2025-03-11_G44,MORAESD,2025-03-11,117862,1,2,0,121.0
MORAESD_2025-03-11_G45,MORAESD,2025-03-11,110750,1,2,0,176.0
MORAESD_2025-03-11_G46,MORAESD,2025-03-11,110313,1,2,0,241.0
MORAESD_2025-03-11_G47,MORAESD,2025-03-11,110313,1,4,0,70.0
MORAESD_2025-03-11_G48,MORAESD,2025-03-11,110741,2,5,13,129.0
MORAESD_2025-03-11_G49,MORAESD,2025-03-11,111650,1,4,0,85.0
MORAESD_2025-03-11_G50,MORAESD,2025-03-11,117855,2,16,12,73.0
MORAESD_2025-03-11_G51,MORAESD,2025-03-11,"141047, 109640",3,10,28,251.0
MORAESD_2025-03-12_G02,MORAESD,2025-03-12,123822,1,20,0,996.0
MORAESD_2025-03-12_G03,MORAESD,2025-03-12,122962,1,48,0,875.0
MORAESD_2025-03-12_G04,MORAESD,2025-03-12,122671,1,16,0,290.0
MORAESD_2025-03-12_G05,MORAESD,2025-03-12,122647,1,19,0,315.0
MORAESD_2025-03-12_G06,MORAESD,2025-03-12,122962,1,60,0,1375.0
MORAESD_2025-03-12_G07,MORAESD,2025-03-12,122984,1,40,0,920.0
MORAESD_2025-03-12_G08,MORAESD,2025-03-12,124248,1,40,0,484.0
MORAESD_2025-03-12_G09,MORAESD,2025-03-12,122647,1,30,0,177.0
MORAESD_2025-03-12_G10,MORAESD,2025-03-12,122962,1,16,0,1102.0
MORAESD_2025-03-12_G11,MORAESD,2025-03-12,122647,1,40,0,588.0
MORAESD_2025-03-12_G12,MORAESD,2025-03-12,120028,1,50,0,1068.0
MORAESD_2025-03-12_G13,MORAESD,2025-03-12,122962,1,80,0,1016.0
MORAESD_2025-03-12_G14,MORAESD,2025-03-12,120028,1,8,0,122.0
MORAESD_2025-03-12_G15,MORAESD,2025-03-12,120028,1,10,0,140.0
MORAESD_2025-03-12_G16,MORAESD,2025-03-12,122962,1,20,0,235.0
MORAESD_2025-03-12_G17,MORAESD,2025-03-12,122647,1,30,0,602.0
MORAESD_2025-03-12_G19,MORAESD,2025-03-12,122962,1,8,0,659.0
MORAESD_2025-03-12_G20,MORAESD,2025-03-12,124486,1,2,0,254.0
MORAESD_2025-03-12_G21,MORAESD,2025-03-12,122985,1,2,0,227.0
MORAESD_2025-03-12_G22,MORAESD,2025-03-12,122986,1,4,0,161.0
MORAESD_2025-03-12_G23,MORAESD,2025-03-12,122185,1,4,0,54.0
MORAESD_2025-03-12_G24,MORAESD,2025-03-12,123153,1,8,0,231.0
MORAESD_2025-03-12_G25,MORAESD,2025-03-12,122984,1,32,0,505.0
MORAESD_2025-03-12_G26,MORAESD,2025-03-12,122984,1,80,0,1617.0
MORAESD_2025-03-12_G27,MORAESD,2025-03-12,122962,1,32,0,484.0
MORAESD_2025-03-12_G28,MORAESD,2025-03-12,123822,1,8,0,138.0
MORAESD_2025-03-12_G29,MORAESD,2025-03-12,122983,1,30,0,690.0
MORAESD_2025-03-12_G30,MORAESD,2025-03-12,122962,1,52,0,771.0
MORAESD_2025-03-13_G02,MORAESD,2025-03-13,122962,1,8,0,105.0
MORAESD_2025-03-13_G03,MORAESD,2025-03-13,124486,1,3,0,302.0
MORAESD_2025-03-13_G04,MORAESD,2025-03-13,124486,1,5,0,184.0
MORAESD_2025-03-13_G05,MORAESD,2025-03-13,124486,1,2,0,304.0
MORAESD_2025-03-13_G06,MORAESD,2025-03-13,124248,1,30,0,614.0
MORAESD_2025-03-13_G07,MORAESD,2025-03-13,122962,1,4,0,110.0
MORAESD_2025-03-13_G08,MORAESD,2025-03-13,122671,1,4,0,81.0
MORAESD_2025-03-13_G09,MORAESD,2025-03-13,124486,1,4,0,83.0
MORAESD_2025-03-13_G10,MORAESD,2025-03-13,123909,1,4,0,180.0
MORAESD_2025-03-13_G11,MORAESD,2025-03-13,123345,1,4,0,83.0
MORAESD_2025-03-13_G12,MORAESD,2025-03-13,122984,1,48,0,2271.0
MORAESD_2025-03-13_G14,MORAESD,2025-03-13,122703,1,78,0,866.0
MORAESD_2025-03-15_G02,MORAESD,2025-03-15,"117809, 110373",2,8,11,73.0
MORAESD_2025-03-15_G03,MORAESD,2025-03-15,110372,1,23,0,196.0
MORAESD_2025-03-15_G04,MORAESD,2025-03-15,117832,1,7,0,267.0
MORAESD_2025-03-15_G05,MORAESD,2025-03-15,110374,1,22,0,154.0
MORAESD_2025-03-15_G06,MORAESD,2025-03-15,117820,1,93,0,273.0
MORAESD_2025-03-15_G07,MORAESD,2025-03-15,117830,1,58,0,274.0
MORAESD_2025-03-15_G08,MORAESD,2025-03-15,108711,1,8,0,111.0
MORAESD_2025-03-15_G09,MORAESD,2025-03-15,111466,1,11,0,250.0
MORAESD_2025-03-15_G10,MORAESD,2025-03-15,111435,1,1,0,60.0
MORAESD_2025-03-15_G11,MORAESD,2025-03-15,107236,1,5,0,98.0
MORAESD_2025-03-15_G12,MORAESD,2025-03-15,117831,1,20,0,291.0
MORAESD_2025-03-15_G13,MORAESD,2025-03-15,140922,1,20,0,129.0
MORAESD_2025-03-15_G14,MORAESD,2025-03-15,117838,1,4,0,178.0
MORAESD_2025-03-15_G15,MORAESD,2025-03-15,110129,1,6,0,213.0
MORAESD_2025-03-15_G16,MORAESD,2025-03-15,110787,1,15,0,195.0
MORAESD_2025-03-15_G17,MORAESD,2025-03-15,108759,1,15,0,850.0
MORAESD_2025-03-15_G18,MORAESD,2025-03-15,118222,1,100,0,1172.0
MORAESD_2025-03-15_G19,MORAESD,2025-03-15,160057,1,1,0,398.0
MORAESD_2025-03-15_G20,MORAESD,2025-03-15,110515,1,131,0,427.0
MORAESD_2025-03-15_G21,MORAESD,2025-03-15,118326,1,4,0,440.0
MORAESD_2025-03-15_G23,MORAESD,2025-03-15,160054,1,8,0,146.0
MORAESD_2025-03-15_G24,MORAESD,2025-03-15,160051,1,6,0,212.0
MORAESD_2025-03-15_G25,MORAESD,2025-03-15,111466,1,310,0,607.0
MORAESD_2025-03-15_G26,MORAESD,2025-03-15,110372,1,113,0,400.0
MORAESD_2025-03-15_G27,MORAESD,2025-03-15,111462,1,200,0,286.0
MORAESD_2025-03-15_G28,MORAESD,2025-03-15,111569,1,6,0,1792.0
MORAESD_2025-03-15_G29,MORAESD,2025-03-15,117835,1,4,0,405.0
MORAESD_2025-03-15_G30,MORAESD,2025-03-15,111530,1,2,0,160.0
MORAESD_2025-03-15_G31,MORAESD,2025-03-15,109640,1,18,0,540.0
MORAESD_2025-03-15_G32,MORAESD,2025-03-15,111469,1,10,0,227.0
MORAESD_2025-03-15_G33,MORAESD,2025-03-15,111463,1,4,0,223.0
MORAESD_2025-03-15_G34,MORAESD,2025-03-15,111463,1,3,0,32.0
MORAESD_2025-03-15_G35,MORAESD,2025-03-15,111532,1,4,0,103.0
MORAESD_2025-03-15_G36,MORAESD,2025-03-15,111443,1,4,0,77.0
MORAESD_2025-03-15_G37,MORAESD,2025-03-15,111466,2,17,17,198.0
MORAESD_2025-03-15_G38,MORAESD,2025-03-15,111462,1,5,0,107.0
MORAESD_2025-03-15_G39,MORAESD,2025-03-15,117808,1,51,0,281.0
MORAESD_2025-03-15_G40,MORAESD,2025-03-15,110373,2,20,12,182.0
MORAESD_2025-03-15_G41,MORAESD,2025-03-15,110372,1,16,0,167.0
MORAESD_2025-03-15_G42,MORAESD,2025-03-15,118299,1,24,0,545.0
MORAESD_2025-03-15_G43,MORAESD,2025-03-15,110371,1,22,0,192.0
MORAESD_2025-03-17_G02,MORAESD,2025-03-17,117834,1,4,0,122.0
MORAESD_2025-03-17_G03,MORAESD,2025-03-17,118299,1,3,0,645.0
MORAESD_2025-03-17_G04,MORAESD,2025-03-17,110373,1,29,0,102.0
MORAESD_2025-03-17_G05,MORAESD,2025-03-17,110372,1,7,0,148.0
MORAESD_2025-03-17_G06,MORAESD,2025-03-17,110371,1,4,0,77.0
MORAESD_2025-03-17_G07,MORAESD,2025-03-17,109643,1,4,0,88.0
MORAESD_2025-03-17_G08,MORAESD,2025-03-17,117832,1,2,0,155.0
MORAESD_2025-03-17_G09,MORAESD,2025-03-17,110374,1,15,0,115.0
MORAESD_2025-03-17_G10,MORAESD,2025-03-17,117785,1,6,0,93.0
MORAESD_2025-03-17_G11,MORAESD,2025-03-17,118140,1,10,0,67.0
MORAESD_2025-03-17_G12,MORAESD,2025-03-17,"108711, 118223",2,10,27,156.0
MORAESD_2025-03-17_G13,MORAESD,2025-03-17,110787,1,20,0,114.0
MORAESD_2025-03-17_G14,MORAESD,2025-03-17,"105705, 108794",2,6,30,297.0
MORAESD_2025-03-17_G15,MORAESD,2025-03-17,117786,2,13,14,105.0
MORAESD_2025-03-17_G16,MORAESD,2025-03-17,110515,1,7,0,146.0
MORAESD_2025-03-17_G17,MORAESD,2025-03-17,111530,1,7,0,239.0
MORAESD_2025-03-17_G18,MORAESD,2025-03-17,111438,1,20,0,724.0
MORAESD_2025-03-17_G19,MORAESD,2025-03-17,111569,1,4,0,119.0
MORAESD_2025-03-17_G20,MORAESD,2025-03-17,111430,1,18,0,188.0
MORAESD_2025-03-17_G21,MORAESD,2025-03-17,111469,1,24,0,194.0
MORAESD_2025-03-17_G22,MORAESD,2025-03-17,110895,1,4,0,689.0
MORAESD_2025-03-17_G23,MORAESD,2025-03-17,"110515, 111530",2,3,9,140.0
MORAESD_2025-03-17_G24,MORAESD,2025-03-17,110711,1,2,0,69.0
MORAESD_2025-03-17_G25,MORAESD,2025-03-17,108711,1,1,0,45.0
MORAESD_2025-03-17_G26,MORAESD,2025-03-17,118299,1,6,0,319.0
MORAESD_2025-03-17_G27,MORAESD,2025-03-17,109643,1,1,0,82.0
MORAESD_2025-03-17_G28,MORAESD,2025-03-17,111441,1,4,0,1109.0
MORAESD_2025-03-17_G29,MORAESD,2025-03-17,111438,1,2,0,59.0
MORAESD_2025-03-17_G30,MORAESD,2025-03-17,111430,1,2,0,67.0
MORAESD_2025-03-17_G31,MORAESD,2025-03-17,109647,1,4,0,850.0
MORAESD_2025-03-17_G32,MORAESD,2025-03-17,117861,1,4,0,99.0
MORAESD_2025-03-17_G33,MORAESD,2025-03-17,110711,1,2,0,65.0
MORAESD_2025-03-17_G34,MORAESD,2025-03-17,111443,1,2,0,96.0
MORAESD_2025-03-17_G35,MORAESD,2025-03-17,109641,1,4,0,64.0
MORAESD_2025-03-17_G36,MORAESD,2025-03-17,111462,1,4,0,110.0
MORAESD_2025-03-17_G37,MORAESD,2025-03-17,110787,1,2,0,60.0
MORAESD_2025-03-17_G38,MORAESD,2025-03-17,117841,1,4,0,84.0
MORAESD_2025-03-17_G39,MORAESD,2025-03-17,"160056, 109645",2,4,29,55.0
MORAESD_2025-03-17_G40,MORAESD,2025-03-17,160055,1,16,0,314.0
MORAESD_2025-03-17_G41,MORAESD,2025-03-17,111433,1,4,0,115.0
MORAESD_2025-03-17_G42,MORAESD,2025-03-17,117809,1,2,0,210.0
MORAESD_2025-03-17_G43,MORAESD,2025-03-17,109643,1,6,0,71.0
MORAESD_2025-03-17_G44,MORAESD,2025-03-17,"160051, 110375",2,20,16,159.0
MORAESD_2025-03-17_G45,MORAESD,2025-03-17,110374,1,13,0,68.0
MORAESD_2025-03-17_G46,MORAESD,2025-03-17,118004,1,4,0,389.0
MORAESD_2025-03-17_G47,MORAESD,2025-03-17,116241,1,2,0,52.0
MORAESD_2025-03-17_G48,MORAESD,2025-03-17,108736,1,2,0,135.0
MORAESD_2025-03-17_G49,MORAESD,2025-03-17,111443,1,2,0,52.0
MORAESD_2025-03-17_G50,MORAESD,2025-03-17,117833,1,4,0,49.0
MORAESD_2025-03-17_G51,MORAESD,2025-03-17,118140,1,9,0,59.0
MORAESD_2025-03-17_G52,MORAESD,2025-03-17,111418,1,6,0,78.0
MORAESD_2025-03-17_G53,MORAESD,2025-03-17,108711,1,2,0,43.0
MORAESD_2025-03-17_G54,MORAESD,2025-03-17,105705,1,3,0,99.0
MORAESD_2025-03-17_G55,MORAESD,2025-03-17,111569,1,4,0,1046.0
MORAESD_2025-03-17_G56,MORAESD,2025-03-17,110747,2,6,6,159.0
MORAESD_2025-03-17_G57,MORAESD,2025-03-17,"100334, 111430",2,5,26,204.0
MORAESD_2025-03-17_G58,MORAESD,2025-03-17,140912,2,24,23,1218.0
MORAESD_2025-03-17_G59,MORAESD,2025-03-17,114092,1,6,0,862.0
MORAESD_2025-03-17_G61,MORAESD,2025-03-17,117862,6,60,70,100.0
MORAESD_2025-03-17_G62,MORAESD,2025-03-17,111439,1,2,0,83.0
MORAESD_2025-03-17_G63,MORAESD,2025-03-17,110313,1,3,0,206.0
MORAESD_2025-03-17_G64,MORAESD,2025-03-17,117855,2,15,10,80.0
MORAESD_2025-03-17_G65,MORAESD,2025-03-17,117861,1,2,0,130.0
MORAESD_2025-03-17_G66,MORAESD,2025-03-17,"111876, 105470",2,2,29,59.0
MORAESD_2025-03-17_G67,MORAESD,2025-03-17,109640,1,5,0,62.0
MORAESD_2025-03-17_G68,MORAESD,2025-03-17,118004,1,11,0,566.0
MORAESD_2025-03-17_G69,MORAESD,2025-03-17,111431,1,1,0,95.0
MORAESD_2025-03-17_G70,MORAESD,2025-03-17,111463,2,25,22,553.0
MORAESD_2025-03-17_G71,MORAESD,2025-03-17,111532,1,5,0,150.0
MORAESD_2025-03-17_G72,MORAESD,2025-03-17,111443,1,1,0,41.0
MORAESD_2025-03-17_G73,MORAESD,2025-03-17,111330,1,3,0,34.0
MORAESD_2025-03-17_G74,MORAESD,2025-03-17,117833,1,14,0,66.0
MORAESD_2025-03-17_G75,MORAESD,2025-03-17,109641,1,2,0,129.0
MORAESD_2025-03-17_G76,MORAESD,2025-03-17,111172,1,5,0,42.0
MORAESD_2025-03-17_G77,MORAESD,2025-03-17,117785,1,4,0,133.0
MORAESD_2025-03-17_G78,MORAESD,2025-03-17,118140,1,6,0,129.0
MORAESD_2025-03-18_G02,MORAESD,2025-03-18,110787,1,3,0,102.0
MORAESD_2025-03-18_G03,MORAESD,2025-03-18,111433,1,6,0,202.0
MORAESD_2025-03-18_G04,MORAESD,2025-03-18,111465,2,11,7,86.0
MORAESD_2025-03-18_G05,MORAESD,2025-03-18,111466,2,21,10,374.0
MORAESD_2025-03-18_G06,MORAESD,2025-03-18,111435,2,5,6,181.0
MORAESD_2025-03-18_G07,MORAESD,2025-03-18,111532,2,20,7,94.0
MORAESD_2025-03-18_G08,MORAESD,2025-03-18,111443,1,4,0,352.0
MORAESD_2025-03-18_G09,MORAESD,2025-03-18,117831,2,8,6,80.0
MORAESD_2025-03-18_G10,MORAESD,2025-03-18,111468,2,14,7,80.0
MORAESD_2025-03-18_G11,MORAESD,2025-03-18,118140,1,24,0,132.0
MORAESD_2025-03-18_G12,MORAESD,2025-03-18,110743,1,4,0,136.0
MORAESD_2025-03-18_G13,MORAESD,2025-03-18,108711,2,8,6,137.0
MORAESD_2025-03-18_G14,MORAESD,2025-03-18,111418,3,103,26,303.0
MORAESD_2025-03-18_G15,MORAESD,2025-03-18,111172,1,2,0,553.0
MORAESD_2025-03-18_G16,MORAESD,2025-03-18,110895,1,6,0,420.0
MORAESD_2025-03-18_G17,MORAESD,2025-03-18,140911,1,2,0,103.0
MORAESD_2025-03-18_G18,MORAESD,2025-03-18,118094,1,1,0,812.0
MORAESD_2025-03-18_G19,MORAESD,2025-03-18,110787,1,2,0,231.0
MORAESD_2025-03-18_G20,MORAESD,2025-03-18,111465,1,5,0,222.0
MORAESD_2025-03-18_G21,MORAESD,2025-03-18,117830,1,2,0,95.0
MORAESD_2025-03-18_G22,MORAESD,2025-03-18,109640,1,11,0,67.0
MORAESD_2025-03-18_G23,MORAESD,2025-03-18,111441,1,4,0,234.0
MORAESD_2025-03-18_G24,MORAESD,2025-03-18,111569,1,4,0,92.0
MORAESD_2025-03-18_G25,MORAESD,2025-03-18,109937,1,8,0,155.0
MORAESD_2025-03-18_G26,MORAESD,2025-03-18,110895,1,2,0,75.0
MORAESD_2025-03-18_G27,MORAESD,2025-03-18,110515,1,1,0,73.0
MORAESD_2025-03-18_G28,MORAESD,2025-03-18,117785,1,2,0,156.0
MORAESD_2025-03-18_G29,MORAESD,2025-03-18,110371,1,4,0,83.0
MORAESD_2025-03-18_G30,MORAESD,2025-03-18,117830,1,1,0,45.0
MORAESD_2025-03-18_G31,MORAESD,2025-03-18,111469,1,80,0,816.0
MORAESD_2025-03-18_G32,MORAESD,2025-03-18,111418,1,121,0,670.0
MORAESD_2025-03-18_G33,MORAESD,2025-03-18,111463,1,40,0,273.0
MORAESD_2025-03-18_G34,MORAESD,2025-03-18,111569,1,2,0,129.0
MORAESD_2025-03-18_G35,MORAESD,2025-03-18,118222,1,4,0,73.0
MORAESD_2025-03-18_G36,MORAESD,2025-03-18,110895,1,4,0,98.0
MORAESD_2025-03-18_G37,MORAESD,2025-03-18,100334,1,3,0,46.0
MORAESD_2025-03-18_G38,MORAESD,2025-03-18,110741,1,2,0,91.0
MORAESD_2025-03-18_G39,MORAESD,2025-03-18,117861,1,2,0,68.0
MORAESD_2025-03-18_G40,MORAESD,2025-03-18,117831,1,4,0,45.0
MORAESD_2025-03-18_G41,MORAESD,2025-03-18,118140,1,2,0,65.0
MORAESD_2025-03-18_G42,MORAESD,2025-03-18,111418,1,8,0,66.0
MORAESD_2025-03-18_G43,MORAESD,2025-03-18,108711,1,4,0,89.0
MORAESD_2025-03-18_G44,MORAESD,2025-03-18,117821,1,2,0,57.0
MORAESD_2025-03-18_G45,MORAESD,2025-03-18,110787,1,2,0,84.0
MORAESD_2025-03-18_G46,MORAESD,2025-03-18,117841,1,2,0,37.0
MORAESD_2025-03-18_G47,MORAESD,2025-03-18,111433,1,2,0,74.0
MORAESD_2025-03-18_G48,MORAESD,2025-03-18,118299,1,4,0,340.0
MORAESD_2025-03-18_G49,MORAESD,2025-03-18,117822,1,2,0,46.0
MORAESD_2025-03-18_G50,MORAESD,2025-03-18,117820,1,3,0,50.0
MORAESD_2025-03-18_G51,MORAESD,2025-03-18,117808,1,19,0,55.0
MORAESD_2025-03-18_G52,MORAESD,2025-03-18,110372,1,4,0,296.0
MORAESD_2025-03-18_G53,MORAESD,2025-03-18,117830,1,4,0,45.0
MORAESD_2025-03-18_G54,MORAESD,2025-03-18,110371,1,3,0,53.0
MORAESD_2025-03-18_G55,MORAESD,2025-03-18,109643,1,6,0,79.0
MORAESD_2025-03-18_G56,MORAESD,2025-03-18,110375,1,2,0,312.0
MORAESD_2025-03-18_G57,MORAESD,2025-03-18,110537,1,2,0,635.0
MORAESD_2025-03-18_G58,MORAESD,2025-03-18,118222,1,143,0,956.0
MORAESD_2025-03-18_G59,MORAESD,2025-03-18,111430,1,30,0,562.0
MORAESD_2025-03-18_G60,MORAESD,2025-03-18,140957,1,4,0,81.0
MORAESD_2025-03-18_G61,MORAESD,2025-03-18,111439,1,10,0,280.0
MORAESD_2025-03-18_G62,MORAESD,2025-03-18,118094,1,12,0,232.0
MORAESD_2025-03-18_G63,MORAESD,2025-03-18,110339,1,30,0,354.0
MORAESD_2025-03-18_G64,MORAESD,2025-03-18,117935,1,8,0,96.0
MORAESD_2025-03-18_G65,MORAESD,2025-03-18,117856,1,12,0,108.0
MORAESD_2025-03-18_G66,MORAESD,2025-03-18,110741,1,6,0,123.0
MORAESD_2025-03-18_G67,MORAESD,2025-03-18,111650,1,6,0,110.0
MORAESD_2025-03-18_G68,MORAESD,2025-03-18,108772,1,10,0,186.0
MORAESD_2025-03-18_G69,MORAESD,2025-03-18,110515,1,30,0,290.0
MORAESD_2025-03-18_G70,MORAESD,2025-03-18,111469,1,200,0,653.0
MORAESD_2025-03-18_G71,MORAESD,2025-03-18,111435,1,2,0,158.0
MORAESD_2025-03-18_G72,MORAESD,2025-03-18,117833,1,8,0,145.0
MORAESD_2025-03-18_G73,MORAESD,2025-03-18,140922,1,20,0,96.0
MORAESD_2025-03-18_G74,MORAESD,2025-03-18,117785,1,80,0,299.0
MORAESD_2025-03-18_G76,MORAESD,2025-03-18,"118140, 110743",2,68,27,329.0
MORAESD_2025-03-18_G77,MORAESD,2025-03-18,118223,1,6,0,678.0
MORAESD_2025-03-18_G78,MORAESD,2025-03-18,111463,1,6,0,70.0
MORAESD_2025-03-18_G79,MORAESD,2025-03-18,105705,1,40,0,287.0
MORAESD_2025-03-18_G80,MORAESD,2025-03-18,111418,1,100,0,211.0
MORAESD_2025-03-18_G81,MORAESD,2025-03-18,117830,1,100,0,321.0
MORAESD_2025-03-18_G82,MORAESD,2025-03-18,110374,1,150,0,641.0
MORAESD_2025-03-18_G83,MORAESD,2025-03-18,111447,1,4,0,523.0
MORAESD_2025-03-18_G84,MORAESD,2025-03-18,118196,1,4,0,402.0
MORAESD_2025-03-18_G85,MORAESD,2025-03-18,160055,1,4,0,115.0
MORAESD_2025-03-18_G86,MORAESD,2025-03-18,110339,1,150,0,1087.0
MORAESD_2025-03-18_G87,MORAESD,2025-03-18,118140,1,420,0,990.0
MORAESD_2025-03-18_G88,MORAESD,2025-03-18,117785,1,240,0,863.0
MORAESD_2025-03-19_G02,MORAESD,2025-03-19,118306,1,15,0,254.0
MORAESD_2025-03-19_G03,MORAESD,2025-03-19,117785,1,23,0,242.0
MORAESD_2025-03-19_G04,MORAESD,2025-03-19,111418,1,5,0,175.0
MORAESD_2025-03-19_G05,MORAESD,2025-03-19,118140,2,17,8,214.0
MORAESD_2025-03-19_G06,MORAESD,2025-03-19,105705,1,4,0,106.0
MORAESD_2025-03-19_G07,MORAESD,2025-03-19,118299,1,12,0,119.0
MORAESD_2025-03-19_G08,MORAESD,2025-03-19,117808,1,30,0,272.0
MORAESD_2025-03-19_G09,MORAESD,2025-03-19,118299,1,30,0,194.0
MORAESD_2025-03-19_G10,MORAESD,2025-03-19,118299,1,2,0,83.0
MORAESD_2025-03-19_G11,MORAESD,2025-03-19,110373,2,25,5,266.0
MORAESD_2025-03-19_G12,MORAESD,2025-03-19,117830,1,8,0,88.0
MORAESD_2025-03-19_G13,MORAESD,2025-03-19,117832,1,6,0,135.0
MORAESD_2025-03-19_G14,MORAESD,2025-03-19,117820,2,82,6,482.0
MORAESD_2025-03-19_G15,MORAESD,2025-03-19,111469,1,4,0,644.0
MORAESD_2025-03-19_G16,MORAESD,2025-03-19,111466,2,16,9,48.0
MORAESD_2025-03-19_G17,MORAESD,2025-03-19,111418,1,9,0,290.0
MORAESD_2025-03-19_G18,MORAESD,2025-03-19,117821,1,6,0,37.0
MORAESD_2025-03-19_G19,MORAESD,2025-03-19,111463,1,22,0,166.0
MORAESD_2025-03-19_G20,MORAESD,2025-03-19,110787,1,3,0,64.0
MORAESD_2025-03-19_G21,MORAESD,2025-03-19,117841,1,10,0,151.0
MORAESD_2025-03-19_G22,MORAESD,2025-03-19,111330,1,9,0,247.0
MORAESD_2025-03-19_G23,MORAESD,2025-03-19,109641,1,18,0,271.0
MORAESD_2025-03-19_G24,MORAESD,2025-03-19,109645,1,2,0,152.0
MORAESD_2025-03-19_G25,MORAESD,2025-03-19,118140,1,3,0,33.0
MORAESD_2025-03-19_G26,MORAESD,2025-03-19,111465,1,5,0,74.0
MORAESD_2025-03-19_G27,MORAESD,2025-03-19,110740,1,8,0,82.0
MORAESD_2025-03-19_G28,MORAESD,2025-03-19,110747,1,6,0,1925.0
MORAESD_2025-03-19_G29,MORAESD,2025-03-19,110895,2,25,11,280.0
MORAESD_2025-03-19_G30,MORAESD,2025-03-19,100334,1,13,0,105.0
MORAESD_2025-03-19_G31,MORAESD,2025-03-19,110112,1,2,0,135.0
MORAESD_2025-03-19_G32,MORAESD,2025-03-19,118094,1,4,0,184.0
MORAESD_2025-03-19_G33,MORAESD,2025-03-19,110339,1,23,0,316.0
MORAESD_2025-03-19_G34,MORAESD,2025-03-19,110313,1,2,0,48.0
MORAESD_2025-03-19_G35,MORAESD,2025-03-19,117935,1,2,0,73.0
MORAESD_2025-03-19_G36,MORAESD,2025-03-19,"111602, 107629",2,97,22,547.0
MORAESD_2025-03-19_G37,MORAESD,2025-03-19,117855,1,46,0,303.0
MORAESD_2025-03-19_G38,MORAESD,2025-03-19,117786,1,14,0,238.0
MORAESD_2025-03-19_G39,MORAESD,2025-03-19,110515,1,52,0,722.0
MORAESD_2025-03-19_G40,MORAESD,2025-03-19,110711,1,71,0,235.0
MORAESD_2025-03-19_G41,MORAESD,2025-03-19,111442,1,12,0,290.0
MORAESD_2025-03-19_G42,MORAESD,2025-03-19,110129,1,11,0,460.0
MORAESD_2025-03-19_G43,MORAESD,2025-03-19,111443,1,4,0,267.0
MORAESD_2025-03-19_G44,MORAESD,2025-03-19,108795,1,12,0,87.0
MORAESD_2025-03-19_G45,MORAESD,2025-03-19,117841,1,2,0,107.0
MORAESD_2025-03-19_G46,MORAESD,2025-03-19,118140,1,52,0,334.0
MORAESD_2025-03-19_G47,MORAESD,2025-03-19,105705,1,74,0,369.0
MORAESD_2025-03-19_G48,MORAESD,2025-03-19,111348,1,26,0,61.0
MORAESD_2025-03-19_G49,MORAESD,2025-03-19,111532,1,191,0,580.0
MORAESD_2025-03-19_G50,MORAESD,2025-03-19,109933,1,6,0,1121.0
MORAESD_2025-03-19_G51,MORAESD,2025-03-19,110742,1,4,0,279.0
MORAESD_2025-03-19_G52,MORAESD,2025-03-19,111438,2,14,14,38.0
MORAESD_2025-03-19_G53,MORAESD,2025-03-19,111569,1,8,0,312.0
MORAESD_2025-03-19_G54,MORAESD,2025-03-19,110747,1,4,0,193.0
MORAESD_2025-03-19_G55,MORAESD,2025-03-19,109937,1,8,0,314.0
MORAESD_2025-03-19_G56,MORAESD,2025-03-19,100334,1,8,0,397.0
MORAESD_2025-03-19_G57,MORAESD,2025-03-19,111430,1,8,0,149.0
MORAESD_2025-03-19_G58,MORAESD,2025-03-19,116527,1,4,0,116.0
MORAESD_2025-03-19_G59,MORAESD,2025-03-19,109647,2,6,7,3099.0
MORAESD_2025-03-19_G60,MORAESD,2025-03-19,"110750, 110752",2,6,28,98.0
MORAESD_2025-03-19_G61,MORAESD,2025-03-19,107629,1,5,0,88.0
MORAESD_2025-03-19_G62,MORAESD,2025-03-19,110741,1,3,0,128.0
MORAESD_2025-03-19_G63,MORAESD,2025-03-19,117855,1,12,0,99.0
MORAESD_2025-03-19_G64,MORAESD,2025-03-19,110515,1,4,0,150.0
MORAESD_2025-03-19_G65,MORAESD,2025-03-19,110711,1,26,0,335.0
MORAESD_2025-03-19_G66,MORAESD,2025-03-19,110373,1,18,0,100.0
MORAESD_2025-03-19_G67,MORAESD,2025-03-19,110373,1,120,0,354.0
MORAESD_2025-03-19_G68,MORAESD,2025-03-19,117820,2,60,14,571.0
MORAESD_2025-03-19_G69,MORAESD,2025-03-19,117808,1,2,0,220.0
MORAESD_2025-03-19_G70,MORAESD,2025-03-19,117809,1,24,0,446.0
MORAESD_2025-03-19_G71,MORAESD,2025-03-19,117809,1,28,0,39.0
MORAESD_2025-03-19_G72,MORAESD,2025-03-19,110371,2,20,7,177.0
MORAESD_2025-03-19_G73,MORAESD,2025-03-19,118299,1,4,0,206.0
MORAESD_2025-03-19_G74,MORAESD,2025-03-19,109643,1,16,0,93.0
MORAESD_2025-03-19_G75,MORAESD,2025-03-19,110372,2,20,7,347.0
MORAESD_2025-03-19_G76,MORAESD,2025-03-19,110375,2,34,16,175.0
MORAESD_2025-03-19_G77,MORAESD,2025-03-19,"109747, 109643",3,30,29,364.0
MORAESD_2025-03-19_G78,MORAESD,2025-03-19,118418,1,4,0,791.0
MORAESD_2025-03-19_G79,MORAESD,2025-03-19,109471,1,4,0,157.0
MORAESD_2025-03-19_G80,MORAESD,2025-03-19,160055,1,4,0,100.0
MORAESD_2025-03-19_G81,MORAESD,2025-03-19,160054,1,8,0,219.0
MORAESD_2025-03-19_G82,MORAESD,2025-03-19,118281,1,4,0,205.0
MORAESD_2025-03-19_G83,MORAESD,2025-03-19,160051,1,5,0,73.0
MORAESD_2025-03-19_G84,MORAESD,2025-03-19,110373,1,500,0,1418.0
MORAESD_2025-03-19_G85,MORAESD,2025-03-19,117822,1,11,0,620.0
MORAESD_2025-03-19_G86,MORAESD,2025-03-19,118299,1,40,0,217.0
MORAESD_2025-03-19_G87,MORAESD,2025-03-19,110373,1,30,0,154.0
MORAESD_2025-03-19_G88,MORAESD,2025-03-19,110373,1,20,0,160.0
MORAESD_2025-03-19_G89,MORAESD,2025-03-19,117820,1,20,0,155.0
MORAESD_2025-03-19_G90,MORAESD,2025-03-19,117808,1,60,0,156.0
MORAESD_2025-03-19_G91,MORAESD,2025-03-19,117809,1,10,0,620.0
MORAESD_2025-03-19_G92,MORAESD,2025-03-19,110371,1,30,0,364.0
MORAESD_2025-03-21_G02,MORAESD,2025-03-21,117820,1,50,0,250.0
MORAESD_2025-03-21_G03,MORAESD,2025-03-21,117808,1,100,0,556.0
MORAESD_2025-03-21_G04,MORAESD,2025-03-21,110373,1,50,0,479.0
MORAESD_2025-03-21_G05,MORAESD,2025-03-21,118299,1,80,0,370.0
MORAESD_2025-03-21_G06,MORAESD,2025-03-21,117808,1,300,0,799.0
MORAESD_2025-03-21_G07,MORAESD,2025-03-21,117830,1,30,0,324.0
MORAESD_2025-03-21_G08,MORAESD,2025-03-21,110372,1,155,0,397.0
MORAESD_2025-03-21_G09,MORAESD,2025-03-21,117834,1,4,0,2309.0
MORAESD_2025-03-21_G10,MORAESD,2025-03-21,116527,1,6,0,251.0
MORAESD_2025-03-21_G11,MORAESD,2025-03-21,117853,1,6,0,175.0
MORAESD_2025-03-21_G12,MORAESD,2025-03-21,109640,3,39,40,57.0
MORAESD_2025-03-21_G13,MORAESD,2025-03-21,109649,1,4,0,538.0
MORAESD_2025-03-21_G14,MORAESD,2025-03-21,111348,1,8,0,164.0
MORAESD_2025-03-21_G15,MORAESD,2025-03-21,111431,1,10,0,352.0
MORAESD_2025-03-21_G16,MORAESD,2025-03-21,111431,1,6,0,329.0
MORAESD_2025-03-21_G17,MORAESD,2025-03-21,"116241, 140922",2,29,15,33.0
MORAESD_2025-03-21_G18,MORAESD,2025-03-21,111443,1,14,0,240.0
MORAESD_2025-03-21_G19,MORAESD,2025-03-21,109641,1,12,0,145.0
MORAESD_2025-03-21_G20,MORAESD,2025-03-21,111418,1,67,0,333.0
MORAESD_2025-03-21_G21,MORAESD,2025-03-21,108794,1,40,0,333.0
MORAESD_2025-03-21_G22,MORAESD,2025-03-21,110745,1,20,0,215.0
MORAESD_2025-03-21_G23,MORAESD,2025-03-21,111463,1,61,0,425.0
MORAESD_2025-03-21_G24,MORAESD,2025-03-21,109645,1,12,0,131.0
MORAESD_2025-03-21_G25,MORAESD,2025-03-21,105705,1,15,0,455.0
MORAESD_2025-03-21_G26,MORAESD,2025-03-21,111433,1,9,0,46.0
MORAESD_2025-03-21_G27,MORAESD,2025-03-21,111463,1,19,0,119.0
MORAESD_2025-03-21_G28,MORAESD,2025-03-21,109643,1,20,0,349.0
MORAESD_2025-03-21_G29,MORAESD,2025-03-21,117808,1,500,0,1012.0
MORAESD_2025-03-21_G31,MORAESD,2025-03-21,111435,1,12,0,167.0
MORAESD_2025-03-21_G32,MORAESD,2025-03-21,111330,1,4,0,37.0
MORAESD_2025-03-21_G33,MORAESD,2025-03-21,"109641, 110743",2,20,25,786.0
MORAESD_2025-03-21_G34,MORAESD,2025-03-21,117838,1,16,0,99.0
MORAESD_2025-03-21_G35,MORAESD,2025-03-21,105705,1,24,0,379.0
MORAESD_2025-03-21_G36,MORAESD,2025-03-21,111439,1,1,0,125.0
MORAESD_2025-03-21_G37,MORAESD,2025-03-21,140911,1,4,0,1700.0
MORAESD_2025-03-21_G38,MORAESD,2025-03-21,110313,1,5,0,192.0
MORAESD_2025-03-21_G39,MORAESD,2025-03-21,111431,1,2,0,109.0
MORAESD_2025-03-21_G40,MORAESD,2025-03-21,117785,1,2,0,153.0
MORAESD_2025-03-21_G41,MORAESD,2025-03-21,108794,1,2,0,69.0
MORAESD_2025-03-21_G42,MORAESD,2025-03-21,117785,1,2,0,225.0
MORAESD_2025-03-21_G43,MORAESD,2025-03-21,108794,1,4,0,83.0
MORAESD_2025-03-21_G44,MORAESD,2025-03-21,111418,1,30,0,540.0
MORAESD_2025-03-21_G45,MORAESD,2025-03-21,"108794, 111418",2,4,18,61.0
MORAESD_2025-03-21_G46,MORAESD,2025-03-21,108794,1,2,0,54.0
MORAESD_2025-03-21_G47,MORAESD,2025-03-21,111418,1,2,0,61.0
MORAESD_2025-03-21_G48,MORAESD,2025-03-21,108759,1,2,0,72.0
MORAESD_2025-03-21_G49,MORAESD,2025-03-21,110372,1,2,0,96.0
MORAESD_2025-03-21_G50,MORAESD,2025-03-21,111418,1,2,0,139.0
MORAESD_2025-03-21_G51,MORAESD,2025-03-21,117785,1,8,0,119.0
MORAESD_2025-03-21_G52,MORAESD,2025-03-21,111330,1,7,0,215.0
MORAESD_2025-03-21_G53,MORAESD,2025-03-21,110373,1,4,0,108.0
MORAESD_2025-03-21_G54,MORAESD,2025-03-21,118140,1,2,0,86.0
MORAESD_2025-03-21_G55,MORAESD,2025-03-21,117853,1,2,0,152.0
MORAESD_2025-03-21_G56,MORAESD,2025-03-21,110752,1,2,0,84.0
MORAESD_2025-03-21_G57,MORAESD,2025-03-21,117785,1,4,0,284.0
MORAESD_2025-03-21_G58,MORAESD,2025-03-21,111418,1,3,0,92.0
MORAESD_2025-03-21_G59,MORAESD,2025-03-21,117834,1,4,0,45.0
MORAESD_2025-03-21_G60,MORAESD,2025-03-21,118222,1,4,0,54.0
MORAESD_2025-03-21_G61,MORAESD,2025-03-21,117853,1,8,0,91.0
MORAESD_2025-03-21_G62,MORAESD,2025-03-21,108772,1,1,0,52.0
MORAESD_2025-03-21_G63,MORAESD,2025-03-21,117935,1,1,0,54.0
MORAESD_2025-03-21_G64,MORAESD,2025-03-21,111602,1,3,0,47.0
MORAESD_2025-03-21_G65,MORAESD,2025-03-21,117855,1,4,0,63.0
MORAESD_2025-03-21_G66,MORAESD,2025-03-21,111879,1,2,0,61.0
MORAESD_2025-03-21_G67,MORAESD,2025-03-21,117786,1,4,0,36.0
MORAESD_2025-03-21_G68,MORAESD,2025-03-21,108795,1,6,0,184.0
MORAESD_2025-03-21_G69,MORAESD,2025-03-21,111418,1,4,0,60.0
MORAESD_2025-03-21_G70,MORAESD,2025-03-21,117785,1,3,0,49.0
MORAESD_2025-03-21_G71,MORAESD,2025-03-21,109645,1,2,0,73.0
MORAESD_2025-03-21_G72,MORAESD,2025-03-21,"105705, 110740",2,3,26,42.0
MORAESD_2025-03-21_G73,MORAESD,2025-03-21,117808,1,16,0,119.0
MORAESD_2025-03-21_G74,MORAESD,2025-03-21,110376,1,1,0,64.0
MORAESD_2025-03-21_G75,MORAESD,2025-03-21,117809,1,2,0,52.0
MORAESD_2025-03-21_G76,MORAESD,2025-03-21,110372,1,8,0,50.0
MORAESD_2025-03-21_G77,MORAESD,2025-03-21,117832,1,7,0,158.0
MORAESD_2025-03-21_G78,MORAESD,2025-03-21,"109747, 110752",2,4,27,39.0
MORAESD_2025-03-21_G79,MORAESD,2025-03-21,117935,1,2,0,201.0
MORAESD_2025-03-22_G02,MORAESD,2025-03-22,117862,1,15,0,340.0
MORAESD_2025-03-22_G03,MORAESD,2025-03-22,110313,1,20,0,131.0
MORAESD_2025-03-22_G04,MORAESD,2025-03-22,117935,1,10,0,93.0
MORAESD_2025-03-22_G05,MORAESD,2025-03-22,111602,1,30,0,227.0
MORAESD_2025-03-22_G06,MORAESD,2025-03-22,107629,2,9,17,175.0
MORAESD_2025-03-22_G07,MORAESD,2025-03-22,118403,1,12,0,434.0
MORAESD_2025-03-22_G08,MORAESD,2025-03-22,110711,1,10,0,199.0
MORAESD_2025-03-22_G09,MORAESD,2025-03-22,110733,1,10,0,300.0
MORAESD_2025-03-22_G10,MORAESD,2025-03-22,110376,1,16,0,1379.0
MORAESD_2025-03-22_G11,MORAESD,2025-03-22,117809,1,250,0,1217.0
MORAESD_2025-03-22_G12,MORAESD,2025-03-22,117808,1,600,0,1109.0
MORAESD_2025-03-22_G13,MORAESD,2025-03-22,110371,1,32,0,287.0
MORAESD_2025-03-22_G14,MORAESD,2025-03-22,109643,1,16,0,79.0
MORAESD_2025-03-22_G15,MORAESD,2025-03-22,110372,1,250,0,614.0
MORAESD_2025-03-22_G16,MORAESD,2025-03-22,110373,1,60,0,402.0
MORAESD_2025-03-22_G17,MORAESD,2025-03-22,118299,1,500,0,379.0
MORAESD_2025-03-22_G18,MORAESD,2025-03-22,111466,1,11,0,108.0
MORAESD_2025-03-22_G19,MORAESD,2025-03-22,111532,1,2,0,120.0
MORAESD_2025-03-22_G20,MORAESD,2025-03-22,110743,1,5,0,107.0
MORAESD_2025-03-22_G21,MORAESD,2025-03-22,108711,1,12,0,82.0
MORAESD_2025-03-22_G22,MORAESD,2025-03-22,109645,1,8,0,98.0
MORAESD_2025-03-22_G23,MORAESD,2025-03-22,105705,1,8,0,69.0
MORAESD_2025-03-22_G24,MORAESD,2025-03-22,118094,1,12,0,371.0
MORAESD_2025-03-22_G25,MORAESD,2025-03-22,110580,1,5,0,1847.0
MORAESD_2025-03-22_G26,MORAESD,2025-03-22,117862,1,24,0,130.0
MORAESD_2025-03-22_G27,MORAESD,2025-03-22,111602,1,2,0,71.0
MORAESD_2025-03-22_G28,MORAESD,2025-03-22,118403,1,8,0,101.0
MORAESD_2025-03-22_G29,MORAESD,2025-03-22,111418,1,340,0,2281.0
MORAESD_2025-03-22_G30,MORAESD,2025-03-22,117808,1,108,0,292.0
MORAESD_2025-03-22_G31,MORAESD,2025-03-22,117808,1,443,0,981.0
MORAESD_2025-03-22_G32,MORAESD,2025-03-22,110372,1,687,0,1230.0
MORAESD_2025-03-24_G02,MORAESD,2025-03-24,117808,1,1600,0,3159.0
MORAESD_2025-03-25_G02,MORAESD,2025-03-25,117787,1,10,0,632.0
MORAESD_2025-03-25_G03,MORAESD,2025-03-25,111463,1,7,0,59.0
MORAESD_2025-03-25_G04,MORAESD,2025-03-25,117808,1,950,0,1224.0
MORAESD_2025-03-25_G05,MORAESD,2025-03-25,117808,1,300,0,406.0
MORAESD_2025-03-26_G02,MORAESD,2025-03-26,118094,1,4,0,211.0
MORAESD_2025-03-26_G03,MORAESD,2025-03-26,111602,1,15,0,195.0
MORAESD_2025-03-26_G04,MORAESD,2025-03-26,110895,1,3,0,800.0
MORAESD_2025-03-26_G05,MORAESD,2025-03-26,118094,1,17,0,210.0
MORAESD_2025-03-26_G06,MORAESD,2025-03-26,107629,1,13,0,130.0
MORAESD_2025-03-26_G07,MORAESD,2025-03-26,110733,1,5,0,62.0
MORAESD_2025-03-26_G08,MORAESD,2025-03-26,117855,1,3,0,55.0
MORAESD_2025-03-26_G09,MORAESD,2025-03-26,140922,1,10,0,484.0
MORAESD_2025-03-26_G10,MORAESD,2025-03-26,118140,1,6,0,161.0
MORAESD_2025-03-26_G11,MORAESD,2025-03-26,111469,1,2,0,48.0
MORAESD_2025-03-26_G12,MORAESD,2025-03-26,111466,1,20,0,783.0
MORAESD_2025-03-26_G13,MORAESD,2025-03-26,111532,1,12,0,146.0
MORAESD_2025-03-26_G14,MORAESD,2025-03-26,117833,1,12,0,49.0
MORAESD_2025-03-26_G15,MORAESD,2025-03-26,117838,1,2,0,94.0
MORAESD_2025-03-26_G16,MORAESD,2025-03-26,117821,1,8,0,67.0
MORAESD_2025-03-26_G17,MORAESD,2025-03-26,105705,1,1,0,226.0
MORAESD_2025-03-26_G18,MORAESD,2025-03-26,110787,1,15,0,231.0
MORAESD_2025-03-26_G19,MORAESD,2025-03-26,118299,1,50,0,414.0
MORAESD_2025-03-26_G20,MORAESD,2025-03-26,110373,1,14,0,259.0
MORAESD_2025-03-26_G21,MORAESD,2025-03-26,117808,1,20,0,96.0
MORAESD_2025-03-26_G22,MORAESD,2025-03-26,117820,1,4,0,74.0
MORAESD_2025-03-26_G24,MORAESD,2025-03-26,111466,1,16,0,146.0
MORAESD_2025-03-26_G25,MORAESD,2025-03-26,105705,1,6,0,141.0
MORAESD_2025-03-26_G26,MORAESD,2025-03-26,117787,1,4,0,257.0
MORAESD_2025-03-26_G27,MORAESD,2025-03-26,140911,1,2,0,287.0
MORAESD_2025-03-26_G28,MORAESD,2025-03-26,109747,1,6,0,156.0
MORAESD_2025-03-26_G29,MORAESD,2025-03-26,117787,1,6,0,179.0
MORAESD_2025-03-26_G30,MORAESD,2025-03-26,110740,1,7,0,219.0
MORAESD_2025-03-26_G31,MORAESD,2025-03-26,111463,1,20,0,146.0
MORAESD_2025-03-26_G32,MORAESD,2025-03-26,111172,1,2,0,42.0
MORAESD_2025-03-26_G33,MORAESD,2025-03-26,110313,1,2,0,269.0
MORAESD_2025-03-26_G34,MORAESD,2025-03-26,111602,1,4,0,50.0
MORAESD_2025-03-26_G35,MORAESD,2025-03-26,111530,1,2,0,121.0
MORAESD_2025-03-26_G36,MORAESD,2025-03-26,109640,1,1,0,55.0
MORAESD_2025-03-26_G37,MORAESD,2025-03-26,111172,1,4,0,143.0
MORAESD_2025-03-26_G38,MORAESD,2025-03-26,117821,1,2,0,64.0
MORAESD_2025-03-26_G39,MORAESD,2025-03-26,117831,1,2,0,206.0
MORAESD_2025-03-26_G40,MORAESD,2025-03-26,110787,1,4,0,56.0
MORAESD_2025-03-26_G41,MORAESD,2025-03-26,109643,1,2,0,109.0
MORAESD_2025-03-26_G42,MORAESD,2025-03-26,117808,1,5,0,31.0
MORAESD_2025-03-26_G43,MORAESD,2025-03-26,117832,1,6,0,107.0
MORAESD_2025-03-26_G44,MORAESD,2025-03-26,109747,1,1,0,93.0
MORAESD_2025-03-27_G02,MORAESD,2025-03-27,110747,1,2,0,33.0
MORAESD_2025-03-27_G03,MORAESD,2025-03-27,111439,1,4,0,90.0
MORAESD_2025-03-27_G04,MORAESD,2025-03-27,111433,1,6,0,166.0
MORAESD_2025-03-27_G05,MORAESD,2025-03-27,110373,1,10,0,250.0
MORAESD_2025-03-27_G06,MORAESD,2025-03-27,117820,1,4,0,46.0
MORAESD_2025-03-27_G07,MORAESD,2025-03-27,110374,1,10,0,107.0
MORAESD_2025-03-27_G08,MORAESD,2025-03-27,111463,1,7,0,494.0
MORAESD_2025-03-27_G09,MORAESD,2025-03-27,111463,1,2,0,115.0
MORAESD_2025-03-27_G10,MORAESD,2025-03-27,111330,1,3,0,47.0
MORAESD_2025-03-27_G11,MORAESD,2025-03-27,111468,1,2,0,114.0
MORAESD_2025-03-27_G12,MORAESD,2025-03-27,111602,1,4,0,686.0
MORAESD_2025-03-27_G13,MORAESD,2025-03-27,111418,1,2,0,53.0
MORAESD_2025-03-27_G14,MORAESD,2025-03-27,111436,1,4,0,166.0
MORAESD_2025-03-27_G15,MORAESD,2025-03-27,116527,1,2,0,104.0
MORAESD_2025-03-27_G16,MORAESD,2025-03-27,111602,1,2,0,99.0
MORAESD_2025-03-27_G17,MORAESD,2025-03-27,111530,1,1,0,126.0
MORAESD_2025-03-27_G18,MORAESD,2025-03-27,110711,1,3,0,95.0
MORAESD_2025-03-27_G19,MORAESD,2025-03-27,111463,1,4,0,100.0
MORAESD_2025-03-27_G20,MORAESD,2025-03-27,111418,1,7,0,92.0
MORAESD_2025-03-27_G21,MORAESD,2025-03-27,111469,1,4,0,71.0
MORAESD_2025-03-27_G22,MORAESD,2025-03-27,117809,1,4,0,366.0
MORAESD_2025-03-27_G23,MORAESD,2025-03-27,110373,1,11,0,43.0
MORAESD_2025-03-27_G24,MORAESD,2025-03-27,110371,1,8,0,110.0
MORAESD_2025-03-27_G25,MORAESD,2025-03-27,117808,1,12,0,80.0
MORAESD_2025-03-27_G26,MORAESD,2025-03-27,110375,2,8,7,199.0
MORAESD_2025-03-27_G27,MORAESD,2025-03-27,117835,1,4,0,311.0
MORAESD_2025-03-27_G28,MORAESD,2025-03-27,111330,1,4,0,100.0
MORAESD_2025-03-27_G29,MORAESD,2025-03-27,111463,1,6,0,171.0
MORAESD_2025-03-27_G30,MORAESD,2025-03-27,110373,1,8,0,81.0
MORAESD_2025-03-27_G31,MORAESD,2025-03-27,110371,1,8,0,98.0
MORAESD_2025-03-27_G32,MORAESD,2025-03-27,110753,1,4,0,318.0
MORAESD_2025-03-27_G33,MORAESD,2025-03-27,111602,1,5,0,144.0
MORAESD_2025-03-27_G34,MORAESD,2025-03-27,109640,1,3,0,75.0
MORAESD_2025-03-27_G35,MORAESD,2025-03-27,111418,2,4,7,92.0
MORAESD_2025-03-27_G36,MORAESD,2025-03-27,110745,1,2,0,219.0
MORAESD_2025-03-27_G37,MORAESD,2025-03-27,117785,1,4,0,73.0
MORAESD_2025-03-27_G38,MORAESD,2025-03-27,110373,1,16,0,175.0
MORAESD_2025-03-27_G39,MORAESD,2025-03-27,110371,1,12,0,280.0
MORAESD_2025-03-27_G40,MORAESD,2025-03-27,117820,1,5,0,119.0
MORAESD_2025-03-27_G41,MORAESD,2025-03-27,110372,1,4,0,89.0
MORAESD_2025-03-27_G42,MORAESD,2025-03-27,117835,1,4,0,277.0
MORAESD_2025-03-27_G43,MORAESD,2025-03-27,110373,1,4,0,108.0
MORAESD_2025-03-27_G44,MORAESD,2025-03-27,110371,1,4,0,85.0
MORAESD_2025-03-27_G45,MORAESD,2025-03-27,110374,1,4,0,131.0
MORAESD_2025-03-27_G46,MORAESD,2025-03-27,110747,1,2,0,576.0
MORAESD_2025-03-27_G47,MORAESD,2025-03-27,109937,1,2,0,138.0
MORAESD_2025-03-27_G48,MORAESD,2025-03-27,118094,1,4,0,136.0
MORAESD_2025-03-27_G49,MORAESD,2025-03-27,110741,2,8,7,91.0
MORAESD_2025-03-27_G50,MORAESD,2025-03-27,110515,1,1,0,100.0
MORAESD_2025-03-27_G51,MORAESD,2025-03-27,111348,1,2,0,119.0
MORAESD_2025-03-27_G52,MORAESD,2025-03-27,111418,1,17,0,93.0
MORAESD_2025-03-27_G53,MORAESD,2025-03-27,111469,1,8,0,86.0
MORAESD_2025-03-27_G54,MORAESD,2025-03-27,105705,1,1,0,116.0
MORAESD_2025-03-27_G55,MORAESD,2025-03-27,117809,2,4,7,99.0
MORAESD_2025-03-27_G56,MORAESD,2025-03-27,118299,1,4,0,52.0
MORAESD_2025-03-27_G57,MORAESD,2025-03-27,110373,1,27,0,268.0
MORAESD_2025-03-27_G58,MORAESD,2025-03-27,110371,2,14,8,139.0
MORAESD_2025-03-27_G59,MORAESD,2025-03-27,110372,2,12,10,200.0
MORAESD_2025-03-27_G60,MORAESD,2025-03-27,107629,1,2,0,250.0
MORAESD_2025-03-27_G61,MORAESD,2025-03-27,111348,1,4,0,76.0
MORAESD_2025-03-27_G62,MORAESD,2025-03-27,"111462, 111469",2,6,22,85.0
MORAESD_2025-03-27_G63,MORAESD,2025-03-27,110787,1,2,0,112.0
MORAESD_2025-03-27_G64,MORAESD,2025-03-27,117809,1,4,0,110.0
MORAESD_2025-03-27_G65,MORAESD,2025-03-27,110373,1,4,0,52.0
MORAESD_2025-03-27_G66,MORAESD,2025-03-27,109643,1,2,0,88.0
MORAESD_2025-03-27_G67,MORAESD,2025-03-27,110371,1,4,0,45.0
MORAESD_2025-03-27_G68,MORAESD,2025-03-27,117808,1,4,0,43.0
MORAESD_2025-03-27_G69,MORAESD,2025-03-27,117820,1,8,0,76.0
MORAESD_2025-03-27_G70,MORAESD,2025-03-27,110372,1,4,0,96.0
MORAESD_2025-03-27_G71,MORAESD,2025-03-27,110374,1,4,0,80.0
MORAESD_2025-03-27_G72,MORAESD,2025-03-27,111446,2,5,8,349.0
MORAESD_2025-03-27_G73,MORAESD,2025-03-27,109641,1,6,0,76.0
MORAESD_2025-03-27_G74,MORAESD,2025-03-27,109643,1,4,0,103.0
MORAESD_2025-03-27_G75,MORAESD,2025-03-27,109933,1,2,0,216.0
MORAESD_2025-03-27_G76,MORAESD,2025-03-27,107629,1,2,0,60.0
MORAESD_2025-03-27_G77,MORAESD,2025-03-27,117855,1,2,0,61.0
MORAESD_2025-03-27_G78,MORAESD,2025-03-27,109640,1,1,0,37.0
MORAESD_2025-03-27_G79,MORAESD,2025-03-27,110711,1,4,0,78.0
MORAESD_2025-03-27_G80,MORAESD,2025-03-27,111435,2,8,7,113.0
MORAESD_2025-03-27_G81,MORAESD,2025-03-27,111182,1,4,0,66.0
MORAESD_2025-03-27_G82,MORAESD,2025-03-27,111462,1,7,0,128.0
MORAESD_2025-03-27_G83,MORAESD,2025-03-27,111433,1,2,0,117.0
MORAESD_2025-03-27_G84,MORAESD,2025-03-27,111465,1,4,0,87.0
MORAESD_2025-03-27_G85,MORAESD,2025-03-27,110373,2,9,9,108.0
MORAESD_2025-03-27_G86,MORAESD,2025-03-27,110371,1,8,0,93.0
MORAESD_2025-03-27_G87,MORAESD,2025-03-27,110372,1,4,0,162.0
MORAESD_2025-03-27_G88,MORAESD,2025-03-27,110375,1,4,0,56.0
MORAESD_2025-03-27_G89,MORAESD,2025-03-27,110374,1,2,0,39.0
MORAESD_2025-03-27_G90,MORAESD,2025-03-27,110325,1,4,0,263.0
MORAESD_2025-03-27_G91,MORAESD,2025-03-27,118299,1,4,0,111.0
MORAESD_2025-03-27_G92,MORAESD,2025-03-27,110375,1,8,0,236.0
MORAESD_2025-03-27_G93,MORAESD,2025-03-27,117820,1,8,0,273.0
MORAESD_2025-03-27_G94,MORAESD,2025-03-27,110372,1,13,0,178.0
MORAESD_2025-03-27_G96,MORAESD,2025-03-27,110448,1,2,0,199.0
MORAESD_2025-03-27_G97,MORAESD,2025-03-27,"110833, 111113, 110080",6,10,82,42.0
MORAESD_2025-03-27_G98,MORAESD,2025-03-27,"111354, 111793",2,4,23,68.0
MORAESD_2025-03-27_G99,MORAESD,2025-03-27,103149,3,4,16,787.0
MORAESD_2025-03-27_G100,MORAESD,2025-03-27,111832,1,3,0,85.0
MORAESD_2025-03-27_G101,MORAESD,2025-03-27,118290,2,2,7,39.0
MORAESD_2025-03-27_G102,MORAESD,2025-03-27,103148,2,3,6,78.0
MORAESD_2025-03-27_G103,MORAESD,2025-03-27,110682,1,4,0,76.0
MORAESD_2025-03-27_G104,MORAESD,2025-03-27,110311,1,6,0,64.0
MORAESD_2025-03-27_G105,MORAESD,2025-03-27,111861,1,1,0,89.0
MORAESD_2025-03-27_G106,MORAESD,2025-03-27,109495,1,3,0,95.0
MORAESD_2025-03-27_G107,MORAESD,2025-03-27,110579,1,4,0,68.0
MORAESD_2025-03-27_G108,MORAESD,2025-03-27,106865,1,1,0,67.0
MORAESD_2025-03-27_G109,MORAESD,2025-03-27,110064,2,3,6,37.0
MORAESD_2025-03-27_G110,MORAESD,2025-03-27,118198,2,3,7,59.0
MORAESD_2025-03-27_G112,MORAESD,2025-03-27,116527,2,3,5,47.0
MORAESD_2025-03-27_G113,MORAESD,2025-03-27,110516,1,1,0,322.0
MORAESD_2025-03-27_G114,MORAESD,2025-03-27,111775,1,1,0,82.0
MORAESD_2025-03-27_G115,MORAESD,2025-03-27,110317,2,3,7,41.0
MORAESD_2025-03-27_G116,MORAESD,2025-03-27,110446,1,10,0,227.0
MORAESD_2025-03-27_G117,MORAESD,2025-03-27,110063,1,5,0,262.0
MORAESD_2025-03-28_G02,MORAESD,2025-03-28,110895,1,21,0,282.0
MORAESD_2025-03-28_G03,MORAESD,2025-03-28,141047,1,13,0,197.0
MORAESD_2025-03-28_G04,MORAESD,2025-03-28,110339,1,18,0,103.0
MORAESD_2025-03-28_G05,MORAESD,2025-03-28,117855,1,21,0,502.0
MORAESD_2025-03-28_G06,MORAESD,2025-03-28,117786,1,23,0,204.0
MORAESD_2025-03-28_G07,MORAESD,2025-03-28,111530,1,12,0,278.0
MORAESD_2025-03-28_G08,MORAESD,2025-03-28,110515,1,19,0,248.0
MORAESD_2025-03-28_G09,MORAESD,2025-03-28,"108711, 111469",2,26,19,706.0
MORAESD_2025-03-28_G10,MORAESD,2025-03-28,117787,1,12,0,459.0
MORAESD_2025-03-28_G11,MORAESD,2025-03-28,118140,1,90,0,180.0
MORAESD_2025-03-28_G12,MORAESD,2025-03-28,111466,1,61,0,254.0
MORAESD_2025-03-28_G13,MORAESD,2025-03-28,111468,1,20,0,557.0
MORAESD_2025-03-28_G14,MORAESD,2025-03-28,111418,1,51,0,173.0
MORAESD_2025-03-28_G15,MORAESD,2025-03-28,117820,1,11,0,356.0
MORAESD_2025-03-28_G16,MORAESD,2025-03-28,"118299, 110371",2,357,22,73.0
MORAESD_2025-03-28_G17,MORAESD,2025-03-28,"117820, 110373, 110372, 117808",5,965,73,40.0
MORAESD_2025-03-28_G19,MORAESD,2025-03-28,109640,1,61,0,330.0
MORAESD_2025-03-28_G20,MORAESD,2025-03-28,111467,1,2,0,100.0
MORAESD_2025-03-28_G21,MORAESD,2025-03-28,109640,1,5,0,174.0
MORAESD_2025-03-28_G22,MORAESD,2025-03-28,140922,1,4,0,433.0
MORAESD_2025-03-28_G23,MORAESD,2025-03-28,109641,1,20,0,93.0
MORAESD_2025-03-28_G24,MORAESD,2025-03-28,111469,1,8,0,230.0
MORAESD_2025-03-28_G25,MORAESD,2025-03-28,117820,1,4,0,306.0
MORAESD_2025-03-28_G27,MORAESD,2025-03-28,117808,1,700,0,840.0
MORAESD_2025-03-28_G28,MORAESD,2025-03-28,110371,1,36,0,488.0
MORAESD_2025-03-30_G02,MORAESD,2025-03-30,110373,1,10,0,199.0
MORAESD_2025-03-30_G03,MORAESD,2025-03-30,118140,1,20,0,259.0
MORAESD_2025-03-30_G04,MORAESD,2025-03-30,111468,1,4,0,50.0
MORAESD_2025-03-30_G05,MORAESD,2025-03-30,111172,1,2,0,49.0
MORAESD_2025-03-30_G06,MORAESD,2025-03-30,111418,1,20,0,171.0
MORAESD_2025-03-30_G07,MORAESD,2025-03-30,111467,1,11,0,256.0
MORAESD_2025-03-30_G08,MORAESD,2025-03-30,111602,1,10,0,241.0
MORAESD_2025-03-30_G09,MORAESD,2025-03-30,108711,1,10,0,134.0
MORAESD_2025-03-30_G10,MORAESD,2025-03-30,111462,1,10,0,59.0
MORAESD_2025-03-30_G11,MORAESD,2025-03-30,111469,1,20,0,231.0
MORAESD_2025-03-30_G12,MORAESD,2025-03-30,117831,1,50,0,483.0
MORAESD_2025-03-30_G13,MORAESD,2025-03-30,117785,1,10,0,170.0
MORAESD_2025-03-30_G14,MORAESD,2025-03-30,110746,1,8,0,781.0
MORAESD_2025-03-30_G15,MORAESD,2025-03-30,111776,1,4,0,33.0
MORAESD_2025-03-30_G16,MORAESD,2025-03-30,117862,1,20,0,268.0
MORAESD_2025-03-30_G17,MORAESD,2025-03-30,117855,1,10,0,104.0
MORAESD_2025-03-30_G18,MORAESD,2025-03-30,111530,1,20,0,193.0
MORAESD_2025-03-30_G19,MORAESD,2025-03-30,111182,1,2,0,132.0
MORAESD_2025-03-30_G20,MORAESD,2025-03-30,111468,1,20,0,397.0
MORAESD_2025-03-30_G21,MORAESD,2025-03-30,111469,1,10,0,104.0
MORAESD_2025-03-30_G22,MORAESD,2025-03-30,110748,1,10,0,126.0
MORAESD_2025-03-30_G23,MORAESD,2025-03-30,118317,1,4,0,86.0
MORAESD_2025-03-30_G24,MORAESD,2025-03-30,109643,1,20,0,207.0
MORAESD_2025-03-30_G25,MORAESD,2025-03-30,110375,1,10,0,128.0
MORAESD_2025-03-30_G26,MORAESD,2025-03-30,118094,1,100,0,1366.0
MORAESD_2025-03-30_G27,MORAESD,2025-03-30,111530,2,20,13,160.0
MORAESD_2025-03-30_G28,MORAESD,2025-03-30,110313,1,27,0,583.0
MORAESD_2025-03-30_G29,MORAESD,2025-03-30,110515,1,50,0,329.0
MORAESD_2025-03-30_G30,MORAESD,2025-03-30,110740,1,50,0,550.0
MORAESD_2025-03-30_G31,MORAESD,2025-03-30,118140,1,30,0,367.0
MORAESD_2025-03-30_G32,MORAESD,2025-03-30,111532,1,10,0,177.0
MORAESD_2025-03-30_G33,MORAESD,2025-03-30,110787,1,30,0,303.0
MORAESD_2025-03-30_G34,MORAESD,2025-03-30,108794,1,22,0,159.0
MORAESD_2025-03-31_G02,MORAESD,2025-03-31,111530,1,1,0,137.0
MORAESD_2025-03-31_G03,MORAESD,2025-03-31,111418,1,2,0,40.0
MORAESD_2025-03-31_G04,MORAESD,2025-03-31,111418,1,8,0,305.0
MORAESD_2025-03-31_G05,MORAESD,2025-03-31,110752,1,4,0,163.0
MORAESD_2025-03-31_G06,MORAESD,2025-03-31,"141047, 111467",9,17,117,474.0
MORAESD_2025-03-31_G07,MORAESD,2025-03-31,111467,1,4,0,143.0
MORAESD_2025-03-31_G08,MORAESD,2025-03-31,160057,1,2,0,134.0
MORAESD_2025-03-31_G09,MORAESD,2025-03-31,160051,1,2,0,118.0
MORAESD_2025-03-31_G10,MORAESD,2025-03-31,"110752, 141047",2,16,19,748.0
MORAESD_2025-03-31_G11,MORAESD,2025-03-31,111602,2,8,13,897.0
MORAESD_2025-03-31_G12,MORAESD,2025-03-31,110515,3,16,14,79.0
MORAESD_2025-03-31_G13,MORAESD,2025-03-31,111466,2,32,14,73.0
MORAESD_2025-03-31_G14,MORAESD,2025-03-31,111418,1,7,0,98.0
MORAESD_2025-03-31_G15,MORAESD,2025-03-31,111462,2,32,14,61.0
MORAESD_2025-03-31_G16,MORAESD,2025-03-31,117820,2,24,6,128.0
MORAESD_2025-03-31_G17,MORAESD,2025-03-31,117832,2,32,6,148.0
MORAESD_2025-03-31_G18,MORAESD,2025-03-31,"117935, 111650",2,12,18,855.0
MORAESD_2025-03-31_G19,MORAESD,2025-03-31,109640,7,68,71,67.0
MORAESD_2025-03-31_G20,MORAESD,2025-03-31,117788,3,21,12,307.0
MORAESD_2025-03-31_G21,MORAESD,2025-03-31,116611,3,8,13,151.0
MORAESD_2025-03-31_G22,MORAESD,2025-03-31,110741,1,1,0,90.0
MORAESD_2025-03-31_G23,MORAESD,2025-03-31,110750,1,24,0,501.0
MORAESD_2025-03-31_G24,MORAESD,2025-03-31,141047,3,32,15,176.0
MORAESD_2025-03-31_G25,MORAESD,2025-03-31,108795,1,12,0,358.0
MORAESD_2025-03-31_G26,MORAESD,2025-03-31,108795,1,8,0,67.0
MORAESD_2025-03-31_G27,MORAESD,2025-03-31,110332,3,4,11,403.0
MORAESD_2025-03-31_G28,MORAESD,2025-03-31,117838,2,44,8,168.0
MORAESD_2025-03-31_G29,MORAESD,2025-03-31,140911,1,1,0,2087.0
MORAESD_2025-03-31_G30,MORAESD,2025-03-31,110750,1,4,0,165.0
MORAESD_2025-03-31_G31,MORAESD,2025-03-31,141047,2,12,11,1093.0
MORAESD_2025-03-31_G32,MORAESD,2025-03-31,117935,1,8,0,95.0
MORAESD_2025-03-31_G33,MORAESD,2025-03-31,110752,1,24,0,162.0
MORAESD_2025-03-31_G34,MORAESD,2025-03-31,110752,1,7,0,80.0
MORAESD_2025-03-31_G35,MORAESD,2025-03-31,115775,1,2,0,391.0
MORAESD_2025-03-31_G36,MORAESD,2025-03-31,111602,1,50,0,167.0
MORAESD_2025-03-31_G37,MORAESD,2025-03-31,109640,1,30,0,527.0
MORAESD_2025-03-31_G38,MORAESD,2025-03-31,117935,1,8,0,142.0
MORAESD_2025-03-31_G39,MORAESD,2025-03-31,"110752, 111467",3,15,27,143.0
MORAESD_2025-03-31_G40,MORAESD,2025-03-31,111530,1,7,0,125.0
MORAESD_2025-03-31_G41,MORAESD,2025-03-31,111438,1,5,0,167.0
MORAESD_2025-03-31_G42,MORAESD,2025-03-31,118222,1,20,0,300.0
MORAESD_2025-03-31_G43,MORAESD,2025-03-31,114097,1,6,0,54.0
MORAESD_2025-03-31_G44,MORAESD,2025-03-31,118298,1,4,0,179.0
MORAESD_2025-03-31_G45,MORAESD,2025-03-31,117856,1,5,0,91.0
MORAESD_2025-03-31_G46,MORAESD,2025-03-31,110733,1,10,0,75.0
MORAESD_2025-03-31_G47,MORAESD,2025-03-31,110711,1,10,0,114.0
MORAESD_2025-03-31_G48,MORAESD,2025-03-31,108711,1,7,0,134.0
MORAESD_2025-04-08_G02,MORAESD,2025-04-08,124486,1,90,0,1504.0
MORAESD_2025-04-08_G03,MORAESD,2025-04-08,123345,1,30,0,36.0
MORAESD_2025-04-08_G04,MORAESD,2025-04-08,124264,1,40,0,689.0
MORAESD_2025-04-08_G05,MORAESD,2025-04-08,122671,1,20,0,319.0
MORAESD_2025-04-08_G06,MORAESD,2025-04-08,120389,1,50,0,903.0
MORAESD_2025-04-08_G07,MORAESD,2025-04-08,124264,1,40,0,794.0
MORAESD_2025-04-08_G08,MORAESD,2025-04-08,124264,1,70,0,1331.0
MORAESD_2025-04-08_G09,MORAESD,2025-04-08,124486,1,50,0,509.0
MORAESD_2025-04-09_G02,MORAESD,2025-04-09,124486,1,120,0,1346.0
MORAESD_2025-04-09_G03,MORAESD,2025-04-09,124486,1,8,0,141.0
MORAESD_2025-04-09_G04,MORAESD,2025-04-09,123153,1,20,0,259.0
MORAESD_2025-04-09_G05,MORAESD,2025-04-09,123345,1,8,0,53.0
MORAESD_2025-04-09_G06,MORAESD,2025-04-09,123909,1,50,0,382.0
MORAESD_2025-04-09_G07,MORAESD,2025-04-09,122962,1,16,0,254.0
MORAESD_2025-04-09_G08,MORAESD,2025-04-09,124486,1,40,0,1359.0
MORAESD_2025-04-09_G09,MORAESD,2025-04-09,122962,1,25,0,1133.0
MORAESD_2025-04-09_G10,MORAESD,2025-04-09,121760,1,60,0,2889.0
MORAESD_2025-04-09_G11,MORAESD,2025-04-09,123153,1,6,0,112.0
MORAESD_2025-04-09_G12,MORAESD,2025-04-09,124371,1,36,0,883.0
MORAESD_2025-04-09_G13,MORAESD,2025-04-09,124475,1,12,0,267.0
MORAESD_2025-04-09_G14,MORAESD,2025-04-09,120028,1,1,0,56.0
MORAESD_2025-04-09_G15,MORAESD,2025-04-09,"123909, 118179, 123344",3,74,19,493.0
MORAESD_2025-04-09_G16,MORAESD,2025-04-09,"123345, 123343",2,52,15,172.0
MORAESD_2025-04-09_G17,MORAESD,2025-04-09,122962,1,40,0,891.0
MORAESD_2025-04-09_G18,MORAESD,2025-04-09,124371,1,8,0,106.0
MORAESD_2025-04-09_G19,MORAESD,2025-04-09,124486,1,10,0,288.0
MORAESD_2025-04-09_G20,MORAESD,2025-04-09,122671,1,8,0,446.0
MORAESD_2025-04-09_G21,MORAESD,2025-04-09,122962,1,48,0,732.0
MORAESD_2025-04-09_G22,MORAESD,2025-04-09,122962,1,45,0,752.0
MORAESD_2025-04-09_G23,MORAESD,2025-04-09,122647,1,32,0,469.0
MORAESD_2025-04-09_G24,MORAESD,2025-04-09,122671,1,4,0,144.0
MORAESD_2025-04-09_G25,MORAESD,2025-04-09,"124486, 123909",2,8,7,41.0
MORAESD_2025-04-09_G27,MORAESD,2025-04-09,122962,1,40,0,618.0
MORAESD_2025-04-09_G29,MORAESD,2025-04-09,124486,1,48,0,683.0
MORAESD_2025-04-10_G02,MORAESD,2025-04-10,111438,1,133,0,760.0
MORAESD_2025-04-10_G03,MORAESD,2025-04-10,110743,1,11,0,77.0
MORAESD_2025-04-10_G04,MORAESD,2025-04-10,110743,1,67,0,42.0
MORAESD_2025-04-10_G05,MORAESD,2025-04-10,110313,1,23,0,488.0
MORAESD_2025-04-10_G06,MORAESD,2025-04-10,110733,1,93,0,536.0
MORAESD_2025-04-10_G07,MORAESD,2025-04-10,110515,1,123,0,820.0
MORAESD_2025-04-10_G08,MORAESD,2025-04-10,111443,1,39,0,284.0
MORAESD_2025-04-10_G09,MORAESD,2025-04-10,"117853, 111418",2,131,16,639.0
MORAESD_2025-04-10_G11,MORAESD,2025-04-10,111172,1,17,0,273.0
MORAESD_2025-04-10_G12,MORAESD,2025-04-10,109649,1,418,0,1552.0
MORAESD_2025-04-10_G13,MORAESD,2025-04-10,110515,1,195,0,222.0
MORAESD_2025-04-10_G14,MORAESD,2025-04-10,110515,1,202,0,1641.0
MORAESD_2025-04-11_G02,MORAESD,2025-04-11,117808,1,12,0,418.0
MORAESD_2025-04-11_G03,MORAESD,2025-04-11,110372,1,40,0,1210.0
MORAESD_2025-04-11_G04,MORAESD,2025-04-11,110372,1,4,0,88.0
MORAESD_2025-04-11_G05,MORAESD,2025-04-11,110376,1,4,0,333.0
MORAESD_2025-04-11_G06,MORAESD,2025-04-11,118299,1,8,0,388.0
MORAESD_2025-04-11_G07,MORAESD,2025-04-11,110373,1,29,0,775.0
MORAESD_2025-04-11_G08,MORAESD,2025-04-11,110373,1,4,0,3573.0
MORAESD_2025-04-11_G09,MORAESD,2025-04-11,110313,1,4,0,529.0
MORAESD_2025-04-11_G10,MORAESD,2025-04-11,111602,1,4,0,356.0
MORAESD_2025-04-11_G12,MORAESD,2025-04-11,111441,1,2,0,188.0
MORAESD_2025-04-11_G13,MORAESD,2025-04-11,110755,1,4,0,215.0
MORAESD_2025-04-11_G14,MORAESD,2025-04-11,111438,1,4,0,244.0
MORAESD_2025-04-11_G15,MORAESD,2025-04-11,111569,1,6,0,421.0
MORAESD_2025-04-11_G16,MORAESD,2025-04-11,141047,1,4,0,363.0
MORAESD_2025-04-11_G17,MORAESD,2025-04-11,141047,1,4,0,88.0
MORAESD_2025-04-11_G18,MORAESD,2025-04-11,110313,1,4,0,108.0
MORAESD_2025-04-11_G19,MORAESD,2025-04-11,111467,1,4,0,186.0
MORAESD_2025-04-11_G20,MORAESD,2025-04-11,117786,1,4,0,150.0
MORAESD_2025-04-11_G21,MORAESD,2025-04-11,110515,1,1,0,140.0
MORAESD_2025-04-11_G22,MORAESD,2025-04-11,110740,1,2,0,584.0
MORAESD_2025-04-11_G23,MORAESD,2025-04-11,111469,1,6,0,149.0
MORAESD_2025-04-11_G24,MORAESD,2025-04-11,118140,1,12,0,274.0
MORAESD_2025-04-11_G25,MORAESD,2025-04-11,111466,1,3,0,124.0
MORAESD_2025-04-11_G26,MORAESD,2025-04-11,116241,1,2,0,95.0
MORAESD_2025-04-11_G27,MORAESD,2025-04-11,111532,1,1,0,85.0
MORAESD_2025-04-11_G28,MORAESD,2025-04-11,105705,1,2,0,142.0
MORAESD_2025-04-11_G29,MORAESD,2025-04-11,117809,1,6,0,1687.0
MORAESD_2025-04-11_G30,MORAESD,2025-04-11,110371,1,5,0,151.0
MORAESD_2025-04-11_G31,MORAESD,2025-04-11,117808,1,14,0,302.0
MORAESD_2025-04-11_G32,MORAESD,2025-04-11,117840,1,2,0,56.0
MORAESD_2025-04-11_G33,MORAESD,2025-04-11,110372,1,5,0,134.0
MORAESD_2025-04-11_G34,MORAESD,2025-04-11,118251,1,4,0,806.0
MORAESD_2025-04-11_G35,MORAESD,2025-04-11,117935,1,4,0,381.0
MORAESD_2025-04-11_G36,MORAESD,2025-04-11,141047,1,2,0,125.0
MORAESD_2025-04-11_G37,MORAESD,2025-04-11,111467,1,2,0,103.0
MORAESD_2025-04-11_G38,MORAESD,2025-04-11,117837,1,2,0,174.0
MORAESD_2025-04-11_G39,MORAESD,2025-04-11,116241,1,4,0,218.0
MORAESD_2025-04-11_G40,MORAESD,2025-04-11,110372,1,6,0,337.0
MORAESD_2025-04-12_G02,MORAESD,2025-04-12,108794,1,1,0,482.0
MORAESD_2025-04-12_G03,MORAESD,2025-04-12,111462,1,1,0,139.0
MORAESD_2025-04-12_G04,MORAESD,2025-04-12,110325,1,2,0,318.0
MORAESD_2025-04-12_G05,MORAESD,2025-04-12,117808,1,6,0,70.0
MORAESD_2025-04-12_G06,MORAESD,2025-04-12,110515,1,2,0,676.0
MORAESD_2025-04-12_G08,MORAESD,2025-04-12,117820,1,4,0,166.0
MORAESD_2025-04-12_G09,MORAESD,2025-04-12,117808,1,4,0,238.0
MORAESD_2025-04-12_G10,MORAESD,2025-04-12,110515,1,4,0,235.0
MORAESD_2025-04-12_G11,MORAESD,2025-04-12,111569,1,4,0,1020.0
MORAESD_2025-04-12_G12,MORAESD,2025-04-12,117820,1,6,0,193.0
MORAESD_2025-04-12_G13,MORAESD,2025-04-12,117808,1,6,0,167.0
MORAESD_2025-04-12_G14,MORAESD,2025-04-12,110787,1,6,0,276.0
MORAESD_2025-05-15_G02,MORAESD,2025-05-15,123822,1,20,0,379.0
MORAESD_2025-05-15_G03,MORAESD,2025-05-15,123909,1,10,0,169.0
MORAESD_2025-05-15_G04,MORAESD,2025-05-15,122962,1,8,0,176.0
MORAESD_2025-05-15_G05,MORAESD,2025-05-15,122962,1,4,0,202.0
MORAESD_2025-05-15_G06,MORAESD,2025-05-15,180024,1,4,0,514.0
MORAESD_2025-05-15_G07,MORAESD,2025-05-15,122962,1,24,0,504.0
MORAESD_2025-05-15_G08,MORAESD,2025-05-15,120008,1,8,0,142.0
MORAESD_2025-05-15_G09,MORAESD,2025-05-15,124486,1,80,0,1071.0
MORAESD_2025-05-15_G10,MORAESD,2025-05-15,124486,1,24,0,1368.0
MORAESD_2025-05-15_G11,MORAESD,2025-05-15,123909,1,10,0,174.0
MORAESD_2025-05-15_G12,MORAESD,2025-05-15,122962,1,35,0,502.0
MORAESD_2025-05-15_G13,MORAESD,2025-05-15,123343,1,10,0,108.0
MORAESD_2025-05-15_G14,MORAESD,2025-05-15,123345,1,10,0,128.0
MORAESD_2025-05-21_G02,MORAESD,2025-05-21,124548,1,20,0,596.0
MORAESD_2025-05-21_G03,MORAESD,2025-05-21,120028,1,3,0,115.0
MORAESD_2025-05-21_G04,MORAESD,2025-05-21,124486,1,8,0,256.0
MORAESD_2025-05-21_G05,MORAESD,2025-05-21,123909,1,16,0,482.0
MORAESD_2025-05-21_G06,MORAESD,2025-05-21,123343,1,6,0,148.0
MORAESD_2025-05-21_G07,MORAESD,2025-05-21,122185,1,16,0,376.0
MORAESD_2025-05-21_G08,MORAESD,2025-05-21,122984,1,22,0,382.0
MORAESD_2025-05-21_G09,MORAESD,2025-05-21,120008,1,60,0,1601.0
MORAESD_2025-05-21_G10,MORAESD,2025-05-21,122671,1,2,0,52.0
MORAESD_2025-05-21_G11,MORAESD,2025-05-21,124476,1,11,0,130.0
MORAESD_2025-05-21_G12,MORAESD,2025-05-21,124247,1,8,0,136.0
MORAESD_2025-05-21_G13,MORAESD,2025-05-21,124475,1,11,0,313.0
MORAESD_2025-05-21_G14,MORAESD,2025-05-21,123822,1,4,0,165.0
MORAESD_2025-05-21_G15,MORAESD,2025-05-21,122984,1,4,0,92.0
MORAESD_2025-05-21_G16,MORAESD,2025-05-21,"123909, 122983",2,13,30,145.0
MORAESD_2025-05-21_G17,MORAESD,2025-05-21,"122673, 122962, 124486",3,51,24,64.0
MORAESD_2025-07-10_G02,MORAESD,2025-07-10,118140,5,31,72,83.0
MORAESD_2025-07-10_G03,MORAESD,2025-07-10,118140,1,30,0,83.0
MORAESD_2025-07-10_G04,MORAESD,2025-07-10,109641,1,4,0,37.0
MORAESD_2025-07-10_G05,MORAESD,2025-07-10,114097,1,4,0,285.0
MORAESD_2025-07-10_G06,MORAESD,2025-07-10,109641,1,1,0,70.0
MORAESD_2025-07-10_G07,MORAESD,2025-07-10,117837,1,25,0,53.0
MORAESD_2025-07-10_G08,MORAESD,2025-07-10,"118442, 118140, 109641",3,10,28,46.0
MORAESD_2025-07-14_G02,MORAESD,2025-07-14,111463,1,4,0,56.0
MORAESD_2025-07-14_G03,MORAESD,2025-07-14,118140,1,8,0,169.0
MORAESD_2025-07-14_G04,MORAESD,2025-07-14,118140,1,4,0,60.0
MORAESD_2025-07-14_G05,MORAESD,2025-07-14,118140,1,50,0,1946.0
MORAESD_2025-07-14_G06,MORAESD,2025-07-14,"117820, 118140",2,21,19,57.0
MORAESD_2025-07-14_G07,MORAESD,2025-07-14,109649,1,8,0,612.0
MORAESD_2025-07-14_G08,MORAESD,2025-07-14,118320,1,4,0,60.0
MORAESD_2025-07-14_G09,MORAESD,2025-07-14,110740,1,150,0,58.0
MORAESD_2025-07-14_G10,MORAESD,2025-07-14,140911,1,8,0,39.0
MORAESD_2025-07-14_G11,MORAESD,2025-07-14,118140,1,100,0,93.0
MORAESD_2025-07-14_G12,MORAESD,2025-07-14,118140,1,50,0,90.0
MORAESD_2025-09-11_G02,MORAESD,2025-09-11,111879,1,20,0,374.0
MORAESD_2025-10-11_G02,MORAESD,2025-10-11,108711,1,300,0,1397.0
MORAESD_2025-10-11_G03,MORAESD,2025-10-11,111466,1,20,0,507.0
MORAESD_2025-10-11_G04,MORAESD,2025-10-11,117808,1,150,0,1176.0
MORAESD_2025-10-11_G05,MORAESD,2025-10-11,110376,1,100,0,70.0
MORAESD_2025-10-11_G06,MORAESD,2025-10-11,110325,1,121,0,484.0
MORAESD_2025-10-11_G07,MORAESD,2025-10-11,110373,1,550,0,1141.0
MORAESD_2025-10-11_G08,MORAESD,2025-10-11,110374,1,200,0,300.0
MORAESD_2025-11-15_G02,MORAESD,2025-11-15,122982,1,64,0,791.0
MORAESD_2025-11-15_G03,MORAESD,2025-11-15,124370,1,2,0,65.0
MORAESD_2025-11-15_G04,MORAESD,2025-11-15,"124486, 123521",2,6,21,78.0
MORAESD_2025-11-15_G05,MORAESD,2025-11-15,121760,1,3,0,179.0
MORAESD_2025-12-01_G02,MORAESD,2025-12-01,109649,1,865,0,43.0
MORAESD_2025-12-26_G02,MORAESD,2025-12-26,111469,1,77,0,149.0
MORAESD_2025-12-26_G03,MORAESD,2025-12-26,111466,1,2,0,368.0
MORAESD_2025-12-26_G04,MORAESD,2025-12-26,110711,1,12,0,131.0
MORAESD_2025-12-26_G05,MORAESD,2025-12-26,111743,1,2,0,159.0
MORAESD_2025-12-26_G06,MORAESD,2025-12-26,118140,1,4,0,100.0
MORAESD_2025-12-26_G07,MORAESD,2025-12-26,107830,1,4,0,181.0
MORAESD_2025-12-26_G08,MORAESD,2025-12-26,111602,1,24,0,540.0
MORAESD_2025-12-26_G09,MORAESD,2025-12-26,111602,1,10,0,93.0
MORAESD_2025-12-26_G11,MORAESD,2025-12-26,124486,1,20,0,476.0
MORAESD_2025-12-26_G12,MORAESD,2025-12-26,122962,1,24,0,420.0
MORAESD_2025-12-26_G13,MORAESD,2025-12-26,122982,1,5,0,83.0
MORAESD_2025-12-26_G14,MORAESD,2025-12-26,"123153, 124486",2,24,28,484.0
MORAESD_2025-12-26_G15,MORAESD,2025-12-26,123343,1,2,0,46.0
MORAESD_2025-12-26_G16,MORAESD,2025-12-26,122962,1,32,0,464.0
MORAESD_2025-12-30_G02,MORAESD,2025-12-30,181056,1,2,0,103.0
MORAESD_2025-12-30_G03,MORAESD,2025-12-30,181057,1,4,0,156.0
MORAESD_2025-12-30_G04,MORAESD,2025-12-30,124486,1,30,0,1335.0
MORAESD_2026-01-08_G02,MORAESD,2026-01-08,120028,1,12,0,623.0
MORAESD_2026-01-08_G03,MORAESD,2026-01-08,124475,1,5,0,59.0
MORAESD_2026-01-08_G04,MORAESD,2026-01-08,121651,1,20,0,662.0
MORAESD_2026-01-08_G05,MORAESD,2026-01-08,124370,1,10,0,368.0
MORAESD_2026-01-08_G06,MORAESD,2026-01-08,124264,1,4,0,228.0
MORAESD_2026-01-08_G07,MORAESD,2026-01-08,123909,1,10,0,149.0
MORAESD_2026-01-08_G08,MORAESD,2026-01-08,124486,1,10,0,186.0
MORAESD_2026-01-08_G09,MORAESD,2026-01-08,123345,1,30,0,66.0
MORAESD_2026-01-08_G10,MORAESD,2026-01-08,123343,1,20,0,316.0
MORAESD_2026-01-12_G02,MORAESD,2026-01-12,110895,1,4,0,131.0
MORAESD_2026-01-12_G03,MORAESD,2026-01-12,118299,1,8,0,142.0
MORAESD_2026-01-12_G04,MORAESD,2026-01-12,110371,1,2,0,84.0
MORAESD_2026-01-12_G05,MORAESD,2026-01-12,"111532, 118140",2,11,19,180.0
MORAESD_2026-01-12_G06,MORAESD,2026-01-12,117831,1,4,0,88.0
MORAESD_2026-01-12_G07,MORAESD,2026-01-12,111418,1,10,0,172.0
MORAESD_2026-01-12_G08,MORAESD,2026-01-12,140922,1,2,0,66.0
MORAESD_2026-01-12_G09,MORAESD,2026-01-12,111466,1,8,0,258.0
MORAESD_2026-01-12_G10,MORAESD,2026-01-12,111468,1,2,0,224.0
MORAESD_2026-01-12_G11,MORAESD,2026-01-12,111463,1,4,0,116.0
MORAESD_2026-01-12_G12,MORAESD,2026-01-12,110740,1,8,0,119.0
MORAESD_2026-01-12_G13,MORAESD,2026-01-12,117862,1,1,0,132.0
MORAESD_2026-01-12_G14,MORAESD,2026-01-12,110733,1,4,0,2520.0
MORAESD_2026-01-12_G15,MORAESD,2026-01-12,111467,1,4,0,77.0
MORAESD_2026-01-12_G16,MORAESD,2026-01-12,140923,1,7,0,109.0
MORAESD_2026-01-12_G17,MORAESD,2026-01-12,110313,1,4,0,74.0
MORAESD_2026-01-12_G18,MORAESD,2026-01-12,111530,1,3,0,100.0
MORAESD_2026-01-12_G19,MORAESD,2026-01-12,117855,1,13,0,347.0
MORAESD_2026-01-12_G20,MORAESD,2026-01-12,110895,1,4,0,337.0
MORAESD_2026-01-12_G21,MORAESD,2026-01-12,118290,1,4,0,143.0
MORAESD_2026-01-12_G22,MORAESD,2026-01-12,110895,1,2,0,341.0
MORAESD_2026-01-12_G23,MORAESD,2026-01-12,118290,1,1,0,111.0
MORAESD_2026-01-12_G24,MORAESD,2026-01-12,117862,1,6,0,357.0
MORAESD_2026-01-12_G25,MORAESD,2026-01-12,117855,1,2,0,70.0
MORAESD_2026-01-12_G26,MORAESD,2026-01-12,111467,1,4,0,82.0
MORAESD_2026-01-12_G27,MORAESD,2026-01-12,140923,1,3,0,101.0
MORAESD_2026-01-12_G28,MORAESD,2026-01-12,111530,1,4,0,108.0
MORAESD_2026-01-12_G29,MORAESD,2026-01-12,111532,1,1,0,112.0
MORAESD_2026-01-12_G30,MORAESD,2026-01-12,140922,1,3,0,51.0
MORAESD_2026-01-12_G31,MORAESD,2026-01-12,111466,1,6,0,136.0
MORAESD_2026-01-12_G32,MORAESD,2026-01-12,111463,1,4,0,74.0
MORAESD_2026-01-12_G33,MORAESD,2026-01-12,111469,1,2,0,58.0
MORAESD_2026-01-12_G34,MORAESD,2026-01-12,110740,1,6,0,364.0
MORAESD_2026-01-12_G35,MORAESD,2026-01-12,117808,1,8,0,245.0
MORAESD_2026-01-12_G36,MORAESD,2026-01-12,110373,1,3,0,74.0
MORAESD_2026-01-12_G37,MORAESD,2026-01-12,110371,1,3,0,68.0
MORAESD_2026-01-12_G38,MORAESD,2026-01-12,111532,1,4,0,427.0
MORAESD_2026-01-12_G39,MORAESD,2026-01-12,118140,1,8,0,467.0
MORAESD_2026-01-12_G40,MORAESD,2026-01-12,111418,1,8,0,91.0
MORAESD_2026-01-12_G41,MORAESD,2026-01-12,111466,1,1,0,70.0
MORAESD_2026-01-12_G42,MORAESD,2026-01-12,111463,1,6,0,146.0
MORAESD_2026-01-12_G43,MORAESD,2026-01-12,110740,1,2,0,121.0
MORAESD_2026-01-13_G02,MORAESD,2026-01-13,122647,1,16,0,128.0
MORAESD_2026-01-13_G03,MORAESD,2026-01-13,120028,1,14,0,201.0
MORAESD_2026-01-13_G04,MORAESD,2026-01-13,122967,1,40,0,245.0
MORAESD_2026-01-13_G05,MORAESD,2026-01-13,122962,1,20,0,201.0
MORAESD_2026-01-13_G06,MORAESD,2026-01-13,122647,1,10,0,74.0
MORAESD_2026-01-13_G07,MORAESD,2026-01-13,124486,1,20,0,110.0
MORAESD_2026-01-13_G08,MORAESD,2026-01-13,"122962, 124248",2,30,13,308.0
MORAESD_2026-01-14_G02,MORAESD,2026-01-14,122189,1,4,0,46.0
MORAESD_2026-01-14_G03,MORAESD,2026-01-14,120271,1,4,0,123.0
MORAESD_2026-01-14_G04,MORAESD,2026-01-14,122982,1,8,0,91.0
MORAESD_2026-01-14_G05,MORAESD,2026-01-14,120272,1,4,0,71.0
MORAESD_2026-01-14_G06,MORAESD,2026-01-14,120028,1,4,0,69.0
MORAESD_2026-01-14_G07,MORAESD,2026-01-14,124475,1,6,0,84.0
MORAESD_2026-01-14_G08,MORAESD,2026-01-14,124486,1,12,0,224.0
MORAESD_2026-01-14_G09,MORAESD,2026-01-14,122962,1,8,0,233.0
MORAESD_2026-01-14_G10,MORAESD,2026-01-14,123344,1,4,0,41.0
MORAESD_2026-01-14_G11,MORAESD,2026-01-14,121760,1,7,0,186.0
MORAESD_2026-01-14_G12,MORAESD,2026-01-14,121651,1,10,0,197.0
MORAESD_2026-01-14_G13,MORAESD,2026-01-14,123909,1,14,0,162.0
MORAESD_2026-01-14_G14,MORAESD,2026-01-14,124548,1,56,0,609.0
MORAESD_2026-01-29_G02,MORAESD,2026-01-29,122962,1,4,0,74.0
MORAESD_2026-01-29_G03,MORAESD,2026-01-29,121923,1,4,0,236.0
MORAESD_2026-01-29_G04,MORAESD,2026-01-29,122673,1,10,0,294.0
MORAESD_2026-01-29_G05,MORAESD,2026-01-29,122962,1,8,0,872.0
MORAESD_2026-01-29_G06,MORAESD,2026-01-29,123492,1,4,0,162.0
MORAESD_2026-01-29_G07,MORAESD,2026-01-29,124486,1,11,0,289.0
MORAESD_2026-01-29_G08,MORAESD,2026-01-29,121651,1,10,0,134.0
MORAESD_2026-01-29_G09,MORAESD,2026-01-29,121760,1,6,0,68.0
MORAESD_2026-01-29_G10,MORAESD,2026-01-29,"123313, 123343",2,8,12,104.0
MORAESD_2026-01-29_G11,MORAESD,2026-01-29,122962,1,4,0,147.0
MORAESD_2026-01-29_G12,MORAESD,2026-01-29,124371,1,4,0,213.0
MORAESD_2026-01-29_G13,MORAESD,2026-01-29,120028,1,100,0,1941.0
MORAESD_2026-01-29_G14,MORAESD,2026-01-29,123822,1,21,0,493.0
MORAESD_2026-02-09_G02,MORAESD,2026-02-09,123561,1,16,0,120.0
MORAESD_2026-02-09_G03,MORAESD,2026-02-09,120028,1,20,0,146.0
MORAESD_2026-02-09_G04,MORAESD,2026-02-09,122185,1,10,0,58.0
MORAESD_2026-02-09_G05,MORAESD,2026-02-09,122984,1,10,0,271.0
MORAESD_2026-02-09_G06,MORAESD,2026-02-09,122983,1,8,0,279.0
MORAESD_2026-02-09_G07,MORAESD,2026-02-09,122984,2,12,8,79.0
MORAESD_2026-02-09_G08,MORAESD,2026-02-09,120389,1,28,0,491.0
MORAESD_2026-02-09_G09,MORAESD,2026-02-09,122962,1,28,0,385.0
MORAESD_2026-02-09_G10,MORAESD,2026-02-09,123822,1,44,0,590.0
MORAESD_2026-02-14_G02,MORAESD,2026-02-14,111462,1,229,0,221.0
MORAESD_2026-02-14_G03,MORAESD,2026-02-14,110373,1,750,0,828.0
MORAESD_2026-02-14_G04,MORAESD,2026-02-14,"108795, 108711",2,181,10,1533.0
MORAESD_2026-02-14_G05,MORAESD,2026-02-14,117808,1,318,0,2001.0
MORAESD_2026-02-14_G06,MORAESD,2026-02-14,110374,1,45,0,122.0
MORAESD_2026-02-14_G07,MORAESD,2026-02-14,117809,1,78,0,237.0
MORAESD_2026-02-14_G08,MORAESD,2026-02-14,110371,1,30,0,199.0
MORAESD_2026-02-14_G09,MORAESD,2026-02-14,110372,1,388,0,862.0
MORAESD_2026-02-26_G02,MORAESD,2026-02-26,123153,1,8,0,172.0
MORAESD_2026-02-26_G03,MORAESD,2026-02-26,180024,1,2,0,93.0
MORAESD_2026-02-26_G04,MORAESD,2026-02-26,181235,1,5,0,383.0
MORAESD_2026-02-26_G05,MORAESD,2026-02-26,181057,1,4,0,116.0
MORAESD_2026-02-26_G06,MORAESD,2026-02-26,122962,1,60,0,809.0
MORAESD_2026-02-26_G07,MORAESD,2026-02-26,122185,1,40,0,495.0
MORAESD_2026-02-26_G08,MORAESD,2026-02-26,"122984, 122967",2,62,9,539.0
MORAESD_2026-02-28_G02,MORAESD,2026-02-28,110371,1,10,0,149.0
MORAESD_2026-02-28_G03,MORAESD,2026-02-28,110373,1,30,0,181.0
MORAESD_2026-02-28_G04,MORAESD,2026-02-28,140922,1,2,0,1199.0
MORAESD_2026-02-28_G05,MORAESD,2026-02-28,111443,1,1,0,72.0
MORAESD_2026-02-28_G06,MORAESD,2026-02-28,140922,1,3,0,86.0
MORAESD_2026-02-28_G07,MORAESD,2026-02-28,142045,1,2,0,150.0
MORAESD_2026-02-28_G08,MORAESD,2026-02-28,110374,2,12,10,183.0
MORAESD_2026-02-28_G09,MORAESD,2026-02-28,110371,1,4,0,130.0
MORAESD_2026-02-28_G10,MORAESD,2026-02-28,110371,1,10,0,50.0
MORAESD_2026-02-28_G11,MORAESD,2026-02-28,110373,1,12,0,184.0
MORAESD_2026-02-28_G12,MORAESD,2026-02-28,117808,1,4,0,84.0
MORAESD_2026-02-28_G13,MORAESD,2026-02-28,117808,1,13,0,85.0
MORAESD_2026-02-28_G14,MORAESD,2026-02-28,111430,1,6,0,500.0
MORAESD_2026-02-28_G15,MORAESD,2026-02-28,100334,1,2,0,259.0
MORAESD_2026-02-28_G16,MORAESD,2026-02-28,142093,2,12,12,127.0
MORAESD_2026-02-28_G17,MORAESD,2026-02-28,111418,1,10,0,157.0
MORAESD_2026-02-28_G18,MORAESD,2026-02-28,111418,1,9,0,59.0
MORAESD_2026-02-28_G19,MORAESD,2026-02-28,111433,1,2,0,65.0
MORAESD_2026-02-28_G20,MORAESD,2026-02-28,111466,1,2,0,106.0
MORAESD_2026-02-28_G21,MORAESD,2026-02-28,117855,1,8,0,397.0
MORAESD_2026-02-28_G22,MORAESD,2026-02-28,109649,1,1,0,276.0
MORAESD_2026-02-28_G24,MORAESD,2026-02-28,122984,1,50,0,2587.0
MORAESD_2026-02-28_G25,MORAESD,2026-02-28,121760,1,2,0,297.0
MORAESD_2026-03-05_G02,MORAESD,2026-03-05,124594,1,12,0,601.0
MORAESD_2026-03-05_G03,MORAESD,2026-03-05,124484,1,24,0,289.0
MORAESD_2026-03-05_G04,MORAESD,2026-03-05,124247,1,20,0,352.0
MORAESD_2026-03-05_G06,MORAESD,2026-03-05,123313,1,32,0,319.0
MORAESD_2026-03-05_G07,MORAESD,2026-03-05,122189,1,2,0,391.0
MORAESD_2026-03-05_G08,MORAESD,2026-03-05,124484,1,4,0,180.0
MORAESD_2026-03-05_G09,MORAESD,2026-03-05,124484,1,8,0,277.0
MORAESD_2026-03-05_G10,MORAESD,2026-03-05,124264,1,2,0,114.0
MORAESD_2026-03-05_G11,MORAESD,2026-03-05,122986,1,3,0,96.0
MORAESD_2026-03-05_G12,MORAESD,2026-03-05,122984,1,4,0,152.0
MORAESD_2026-03-05_G13,MORAESD,2026-03-05,124264,1,4,0,1891.0
MORAESD_2026-03-05_G14,MORAESD,2026-03-05,"124624, 123889, 124484, 123344",5,30,90,186.0
MORAESD_2026-03-05_G15,MORAESD,2026-03-05,124624,1,4,0,153.0
MORAESD_2026-03-05_G16,MORAESD,2026-03-05,123345,1,2,0,42.0
MORAESD_2026-03-05_G17,MORAESD,2026-03-05,123343,1,1,0,34.0
MORAESD_2026-03-05_G18,MORAESD,2026-03-05,121651,1,6,0,433.0
MORAESD_2026-03-05_G19,MORAESD,2026-03-05,124582,1,8,0,402.0
MORAESD_2026-03-05_G20,MORAESD,2026-03-05,124247,1,6,0,154.0
MORAESD_2026-03-05_G21,MORAESD,2026-03-05,124248,1,16,0,303.0
MORAESD_2026-03-05_G22,MORAESD,2026-03-05,124728,2,76,14,1465.0
MORAESD_2026-03-05_G24,MORAESD,2026-03-05,123562,1,4,0,778.0
MORAESD_2026-03-05_G25,MORAESD,2026-03-05,122671,1,16,0,177.0
MORAESD_2026-03-05_G26,MORAESD,2026-03-05,122647,1,6,0,338.0
MORAESD_2026-03-05_G27,MORAESD,2026-03-05,124264,1,6,0,121.0
MORAESD_2026-03-05_G28,MORAESD,2026-03-05,124248,1,4,0,279.0
MORAESD_2026-03-05_G29,MORAESD,2026-03-05,122185,1,4,0,229.0
MORAESD_2026-03-05_G30,MORAESD,2026-03-05,122647,1,10,0,220.0
MORAESD_2026-03-05_G31,MORAESD,2026-03-05,124486,1,19,0,359.0
MORAESD_2026-03-05_G32,MORAESD,2026-03-05,123822,1,1,0,47.0
MORAESD_2026-03-05_G33,MORAESD,2026-03-05,122962,1,20,0,1356.0
MORAESD_2026-03-05_G34,MORAESD,2026-03-05,122962,1,16,0,54.0
MORAESD_2026-03-05_G35,MORAESD,2026-03-05,122984,1,12,0,200.0
MORAESD_2026-03-06_G02,MORAESD,2026-03-06,123822,1,100,0,31.0
MORAESD_2026-03-06_G03,MORAESD,2026-03-06,124247,1,4,0,1920.0
MORAESD_2026-03-06_G04,MORAESD,2026-03-06,124370,1,20,0,1306.0
MORAESD_2026-03-06_G05,MORAESD,2026-03-06,124370,1,12,0,379.0
MORAESD_2026-03-06_G06,MORAESD,2026-03-06,123822,1,5,0,346.0
MORAESD_2026-03-06_G07,MORAESD,2026-03-06,122983,1,12,0,155.0
MORAESD_2026-03-06_G08,MORAESD,2026-03-06,122983,1,8,0,261.0
MORAESD_2026-03-06_G09,MORAESD,2026-03-06,122185,1,12,0,510.0
MORAESD_2026-03-06_G10,MORAESD,2026-03-06,"124728, 122986",2,6,17,402.0
MORAESD_2026-03-06_G11,MORAESD,2026-03-06,122981,1,2,0,106.0
MORAESD_2026-03-06_G12,MORAESD,2026-03-06,124486,1,4,0,403.0
MORAESD_2026-03-06_G13,MORAESD,2026-03-06,123822,2,170,16,1793.0
MORAESD_2026-03-09_G02,MORAESD,2026-03-09,124594,1,4,0,261.0
MORAESD_2026-03-09_G03,MORAESD,2026-03-09,122962,1,8,0,471.0
MORAESD_2026-03-09_G04,MORAESD,2026-03-09,122962,1,12,0,137.0
MORAESD_2026-03-09_G05,MORAESD,2026-03-09,120028,1,6,0,276.0
MORAESD_2026-03-09_G06,MORAESD,2026-03-09,124476,1,4,0,118.0
MORAESD_2026-03-09_G07,MORAESD,2026-03-09,123822,1,50,0,912.0
MORAESD_2026-03-09_G08,MORAESD,2026-03-09,122983,1,8,0,362.0
MORAESD_2026-03-09_G09,MORAESD,2026-03-09,122983,1,8,0,90.0
MORAESD_2026-03-09_G10,MORAESD,2026-03-09,121760,1,2,0,134.0
MORAESD_2026-03-09_G11,MORAESD,2026-03-09,123909,1,8,0,333.0
MORAESD_2026-03-09_G12,MORAESD,2026-03-09,124248,1,4,0,224.0
MORAESD_2026-03-09_G13,MORAESD,2026-03-09,123822,1,12,0,433.0
MORAESD_2026-03-09_G14,MORAESD,2026-03-09,122671,1,8,0,286.0
MORAESD_2026-03-09_G15,MORAESD,2026-03-09,122962,1,8,0,331.0
MORAESD_2026-03-09_G16,MORAESD,2026-03-09,122962,1,28,0,119.0
MORAESD_2026-03-09_G17,MORAESD,2026-03-09,120389,1,6,0,658.0
MORAESD_2026-03-09_G18,MORAESD,2026-03-09,120389,1,10,0,212.0
MORAESD_2026-03-09_G19,MORAESD,2026-03-09,122982,1,8,0,320.0
MORAESD_2026-03-09_G20,MORAESD,2026-03-09,120339,1,6,0,145.0
MORAESD_2026-03-09_G21,MORAESD,2026-03-09,120339,1,3,0,37.0
MORAESD_2026-03-09_G22,MORAESD,2026-03-09,122984,1,8,0,484.0
MORAESD_2026-03-09_G23,MORAESD,2026-03-09,122673,1,30,0,1133.0
MORAESD_2026-03-09_G24,MORAESD,2026-03-09,122673,1,100,0,444.0
MORAESD_2026-03-09_G26,MORAESD,2026-03-09,124486,1,28,0,2069.0
MORAESD_2026-03-09_G27,MORAESD,2026-03-09,122962,1,24,0,137.0
MORAESD_2026-03-09_G28,MORAESD,2026-03-09,120008,1,16,0,451.0
MORAESD_2026-03-09_G29,MORAESD,2026-03-09,124476,1,10,0,140.0
MORAESD_2026-03-09_G30,MORAESD,2026-03-09,123822,1,32,0,474.0
MORAESD_2026-03-09_G31,MORAESD,2026-03-09,121760,1,10,0,271.0
MORAESD_2026-03-09_G32,MORAESD,2026-03-09,120271,1,2,0,131.0
MORAESD_2026-03-09_G33,MORAESD,2026-03-09,122962,1,8,0,110.0
MORAESD_2026-03-09_G34,MORAESD,2026-03-09,122703,1,8,0,350.0
MORAESD_2026-03-09_G35,MORAESD,2026-03-09,121651,1,10,0,222.0
MORAESD_2026-03-09_G36,MORAESD,2026-03-09,122982,1,8,0,216.0
MORAESD_2026-03-09_G37,MORAESD,2026-03-09,120272,1,12,0,281.0
MORAESD_2026-03-09_G38,MORAESD,2026-03-09,122671,1,6,0,421.0
MORAESD_2026-03-09_G39,MORAESD,2026-03-09,124370,1,11,0,286.0
MORAESD_2026-03-09_G40,MORAESD,2026-03-09,124371,1,3,0,192.0
MORAESD_2026-03-09_G41,MORAESD,2026-03-09,123909,1,10,0,137.0
MORAESD_2026-03-09_G42,MORAESD,2026-03-09,124594,1,2,0,396.0
MORAESD_2026-03-09_G43,MORAESD,2026-03-09,122962,1,40,0,396.0
MORAESD_2026-03-09_G44,MORAESD,2026-03-09,124433,1,6,0,218.0
MORAESD_2026-03-09_G45,MORAESD,2026-03-09,120272,1,2,0,77.0
MORAESD_2026-03-09_G46,MORAESD,2026-03-09,122671,1,4,0,132.0
MORAESD_2026-03-09_G47,MORAESD,2026-03-09,124476,1,2,0,34.0
MORAESD_2026-03-09_G48,MORAESD,2026-03-09,122983,1,12,0,267.0
MORAESD_2026-03-09_G49,MORAESD,2026-03-09,122983,1,4,0,36.0
MORAESD_2026-03-09_G50,MORAESD,2026-03-09,124486,1,12,0,218.0
MORAESD_2026-03-09_G51,MORAESD,2026-03-09,124486,1,20,0,158.0
MORAESD_2026-03-09_G52,MORAESD,2026-03-09,122185,1,32,0,1443.0
MORAESD_2026-03-09_G53,MORAESD,2026-03-09,122185,1,5,0,48.0
MORAESD_2026-03-09_G54,MORAESD,2026-03-09,120339,1,12,0,468.0
MORAESD_2026-03-09_G55,MORAESD,2026-03-09,122984,1,13,0,519.0
MORAESD_2026-03-11_G02,MORAESD,2026-03-11,"124728, 122673",2,7,14,122.0
MORAESD_2026-03-11_G03,MORAESD,2026-03-11,124371,1,6,0,175.0
MORAESD_2026-03-11_G04,MORAESD,2026-03-11,124371,1,8,0,845.0
MORAESD_2026-03-11_G05,MORAESD,2026-03-11,122671,1,4,0,169.0
MORAESD_2026-03-11_G06,MORAESD,2026-03-11,124476,1,4,0,115.0
MORAESD_2026-03-11_G07,MORAESD,2026-03-11,124476,1,2,0,56.0
MORAESD_2026-03-11_G08,MORAESD,2026-03-11,124486,3,42,22,70.0
MORAESD_2026-03-11_G09,MORAESD,2026-03-11,121651,1,10,0,723.0
MORAESD_2026-03-11_G10,MORAESD,2026-03-11,124486,1,30,0,472.0
MORAESD_2026-03-11_G11,MORAESD,2026-03-11,122983,1,40,0,1462.0
MORAESD_2026-03-11_G12,MORAESD,2026-03-11,120339,1,20,0,631.0
MORAESD_2026-03-11_G13,MORAESD,2026-03-11,122962,1,150,0,2363.0
MORAESD_2026-03-11_G14,MORAESD,2026-03-11,124475,1,7,0,827.0
MORAESD_2026-03-11_G15,MORAESD,2026-03-11,124475,1,13,0,386.0
MORAESD_2026-03-11_G16,MORAESD,2026-03-11,122196,1,23,0,258.0
MORAESD_2026-03-11_G17,MORAESD,2026-03-11,122962,1,50,0,2086.0
MORAESD_2026-03-11_G18,MORAESD,2026-03-11,122647,1,30,0,609.0
MORAESD_2026-03-11_G19,MORAESD,2026-03-11,122196,1,32,0,950.0
MORAESD_2026-03-12_G02,MORAESD,2026-03-12,122983,1,6,0,96.0
MORAESD_2026-03-12_G03,MORAESD,2026-03-12,123521,1,12,0,701.0
MORAESD_2026-03-12_G04,MORAESD,2026-03-12,123081,2,3,12,297.0
MORAESD_2026-03-12_G05,MORAESD,2026-03-12,120339,1,12,0,404.0
MORAESD_2026-03-12_G06,MORAESD,2026-03-12,123343,1,7,0,922.0
MORAESD_2026-03-12_G07,MORAESD,2026-03-12,123313,1,8,0,286.0
MORAESD_2026-03-12_G08,MORAESD,2026-03-12,123345,1,50,0,255.0
MORAESD_2026-03-12_G10,MORAESD,2026-03-12,124247,1,4,0,160.0
MORAESD_2026-03-12_G11,MORAESD,2026-03-12,124484,1,6,0,188.0
MORAESD_2026-03-12_G12,MORAESD,2026-03-12,124582,1,4,0,123.0
MORAESD_2026-03-12_G13,MORAESD,2026-03-12,122983,1,7,0,237.0
MORAESD_2026-03-12_G14,MORAESD,2026-03-12,120339,1,9,0,207.0
MORAESD_2026-03-12_G15,MORAESD,2026-03-12,124486,1,4,0,88.0
MORAESD_2026-03-12_G16,MORAESD,2026-03-12,124486,1,5,0,37.0
MORAESD_2026-03-12_G17,MORAESD,2026-03-12,123909,1,20,0,326.0
MORAESD_2026-03-12_G18,MORAESD,2026-03-12,122962,1,12,0,447.0
MORAESD_2026-03-12_G19,MORAESD,2026-03-12,124486,1,2,0,823.0
MORAESD_2026-03-12_G21,MORAESD,2026-03-12,122671,1,4,0,251.0
MORAESD_2026-03-12_G22,MORAESD,2026-03-12,123909,2,13,11,573.0
MORAESD_2026-03-17_G02,MORAESD,2026-03-17,"122673, 123345, 123343",3,43,29,109.0
MORAESD_2026-03-17_G03,MORAESD,2026-03-17,124486,1,24,0,662.0
MORAESD_2026-03-17_G04,MORAESD,2026-03-17,120389,1,32,0,644.0
MORAESD_2026-03-17_G05,MORAESD,2026-03-17,122671,1,20,0,628.0
MORAESD_2026-03-17_G06,MORAESD,2026-03-17,"124486, 123344",2,19,23,218.0
MORAESD_2026-03-17_G07,MORAESD,2026-03-17,120339,1,2,0,134.0
MORAESD_2026-03-17_G08,MORAESD,2026-03-17,122962,1,12,0,145.0
MORAESD_2026-03-17_G09,MORAESD,2026-03-17,120389,1,16,0,404.0
MORAESD_2026-03-17_G11,MORAESD,2026-03-17,124247,1,5,0,128.0
MORAESD_2026-03-17_G12,MORAESD,2026-03-17,122962,1,50,0,127.0
MORAESD_2026-03-17_G13,MORAESD,2026-03-17,124370,1,30,0,599.0
MORAESD_2026-03-17_G14,MORAESD,2026-03-17,124371,1,8,0,94.0
MORAESD_2026-03-17_G15,MORAESD,2026-03-17,124582,1,68,0,293.0
MORAESD_2026-03-17_G16,MORAESD,2026-03-17,122671,1,2,0,99.0
MORAESD_2026-03-17_G17,MORAESD,2026-03-17,122185,1,50,0,87.0
MORAESD_2026-03-17_G18,MORAESD,2026-03-17,124486,1,24,0,821.0
MORAESD_2026-03-17_G19,MORAESD,2026-03-17,122703,1,4,0,454.0
MORAESD_2026-03-17_G20,MORAESD,2026-03-17,"121651, 123909",2,5,18,52.0
MORAESD_2026-03-17_G21,MORAESD,2026-03-17,123909,1,4,0,161.0
MORAESD_2026-03-17_G22,MORAESD,2026-03-17,124729,1,2,0,233.0
MORAESD_2026-03-17_G23,MORAESD,2026-03-17,121760,1,2,0,88.0
MORAESD_2026-03-17_G24,MORAESD,2026-03-17,124486,1,12,0,93.0
MORAESD_2026-03-17_G25,MORAESD,2026-03-17,121651,1,4,0,117.0
MORAESD_2026-03-17_G26,MORAESD,2026-03-17,124582,1,4,0,173.0
MORAESD_2026-03-17_G27,MORAESD,2026-03-17,121760,1,4,0,112.0
MORAESD_2026-03-17_G28,MORAESD,2026-03-17,124486,1,2,0,80.0
MORAESD_2026-03-17_G29,MORAESD,2026-03-17,122962,1,2,0,101.0
MORAESD_2026-03-17_G30,MORAESD,2026-03-17,122703,1,2,0,160.0
MORAESD_2026-03-17_G31,MORAESD,2026-03-17,124475,1,4,0,111.0
MORAESD_2026-03-17_G32,MORAESD,2026-03-17,"124729, 121651",2,13,14,185.0
MORAESD_2026-03-17_G33,MORAESD,2026-03-17,122962,1,4,0,570.0
MORAESD_2026-03-17_G34,MORAESD,2026-03-17,"122703, 124729",2,6,20,161.0
MORAESD_2026-03-17_G35,MORAESD,2026-03-17,124486,1,4,0,297.0
MORAESD_2026-03-17_G36,MORAESD,2026-03-17,124729,1,2,0,200.0
MORAESD_2026-03-17_G37,MORAESD,2026-03-17,124486,1,4,0,99.0
MORAESD_2026-03-17_G38,MORAESD,2026-03-17,121651,1,4,0,135.0
MORAESD_2026-03-17_G39,MORAESD,2026-03-17,122962,1,28,0,278.0
MORAESD_2026-03-17_G40,MORAESD,2026-03-17,124486,1,22,0,618.0
MORAESD_2026-03-17_G41,MORAESD,2026-03-17,122185,1,1,0,109.0
MORAESD_2026-03-17_G42,MORAESD,2026-03-17,122185,1,4,0,77.0
MORAESD_2026-03-17_G43,MORAESD,2026-03-17,124582,1,1,0,95.0
MORAESD_2026-03-17_G44,MORAESD,2026-03-17,122185,1,10,0,108.0
MORAESD_2026-03-17_G45,MORAESD,2026-03-17,122185,1,1,0,331.0
MORAESD_2026-03-18_G02,MORAESD,2026-03-18,122962,1,24,0,243.0
MORAESD_2026-03-18_G03,MORAESD,2026-03-18,"123909, 122962",2,10,13,463.0
MORAESD_2026-03-18_G04,MORAESD,2026-03-18,123343,1,4,0,268.0
MORAESD_2026-03-18_G05,MORAESD,2026-03-18,124729,2,4,22,247.0
MORAESD_2026-03-18_G06,MORAESD,2026-03-18,122962,1,40,0,495.0
MORAESD_2026-03-18_G07,MORAESD,2026-03-18,"122962, 122982, 124486, 121651",4,19,55,311.0
MORAESD_2026-03-18_G08,MORAESD,2026-03-18,123909,1,4,0,53.0
MORAESD_2026-03-18_G09,MORAESD,2026-03-18,123313,1,3,0,302.0
MORAESD_2026-03-18_G10,MORAESD,2026-03-18,123344,1,2,0,1441.0
MORAESD_2026-03-18_G11,MORAESD,2026-03-18,122983,1,4,0,95.0
MORAESD_2026-03-18_G12,MORAESD,2026-03-18,124370,1,4,0,207.0
MORAESD_2026-03-18_G13,MORAESD,2026-03-18,124371,1,9,0,128.0
MORAESD_2026-03-18_G14,MORAESD,2026-03-18,123345,2,8,10,96.0
MORAESD_2026-03-18_G15,MORAESD,2026-03-18,120028,1,34,0,489.0
MORAESD_2026-03-18_G16,MORAESD,2026-03-18,122962,1,24,0,874.0
MORAESD_2026-03-18_G17,MORAESD,2026-03-18,122968,1,12,0,509.0
MORAESD_2026-03-18_G18,MORAESD,2026-03-18,122962,1,24,0,166.0
MORAESD_2026-03-18_G19,MORAESD,2026-03-18,124483,2,8,28,74.0
MORAESD_2026-03-18_G20,MORAESD,2026-03-18,120389,1,12,0,234.0
MORAESD_2026-03-18_G21,MORAESD,2026-03-18,122983,1,4,0,243.0
MORAESD_2026-03-18_G22,MORAESD,2026-03-18,124483,2,7,9,319.0
MORAESD_2026-03-18_G23,MORAESD,2026-03-18,122673,1,6,0,156.0
MORAESD_2026-03-18_G24,MORAESD,2026-03-18,122962,1,4,0,86.0
MORAESD_2026-03-18_G25,MORAESD,2026-03-18,122962,1,20,0,397.0
MORAESD_2026-03-18_G26,MORAESD,2026-03-18,"124370, 120389",2,16,24,125.0
MORAESD_2026-03-18_G27,MORAESD,2026-03-18,124582,1,4,0,47.0
MORAESD_2026-03-18_G28,MORAESD,2026-03-18,122671,1,1,0,225.0
MORAESD_2026-03-18_G29,MORAESD,2026-03-18,124486,1,3,0,144.0
MORAESD_2026-03-18_G30,MORAESD,2026-03-18,123344,1,7,0,1040.0
MORAESD_2026-03-18_G31,MORAESD,2026-03-18,124594,1,11,0,33.0
MORAESD_2026-03-18_G33,MORAESD,2026-03-18,122988,1,12,0,258.0
MORAESD_2026-03-18_G34,MORAESD,2026-03-18,122673,1,18,0,854.0
MORAESD_2026-03-18_G35,MORAESD,2026-03-18,124247,1,30,0,297.0
MORAESD_2026-03-18_G36,MORAESD,2026-03-18,122673,1,16,0,569.0
MORAESD_2026-03-18_G37,MORAESD,2026-03-18,"123909, 123344",2,8,11,377.0
MORAESD_2026-03-18_G38,MORAESD,2026-03-18,124476,1,2,0,68.0
MORAESD_2026-03-18_G39,MORAESD,2026-03-18,122647,1,4,0,124.0
MORAESD_2026-03-18_G40,MORAESD,2026-03-18,124370,1,13,0,307.0
MORAESD_2026-03-18_G41,MORAESD,2026-03-18,124370,1,5,0,56.0
MORAESD_2026-03-18_G42,MORAESD,2026-03-18,122673,3,10,21,120.0
MORAESD_2026-03-18_G43,MORAESD,2026-03-18,122671,1,1,0,79.0
MORAESD_2026-03-18_G44,MORAESD,2026-03-18,124247,1,10,0,407.0
MORAESD_2026-03-18_G45,MORAESD,2026-03-18,122962,1,20,0,192.0
MORAESD_2026-03-18_G46,MORAESD,2026-03-18,124371,1,10,0,204.0
MORAESD_2026-03-18_G47,MORAESD,2026-03-18,123080,1,12,0,123.0
MORAESD_2026-03-18_G48,MORAESD,2026-03-18,124486,1,20,0,97.0
MORAESD_2026-03-25_G02,MORAESD,2026-03-25,111436,1,1,0,105.0
MORAESD_2026-03-25_G03,MORAESD,2026-03-25,108411,1,2,0,114.0
MORAESD_2026-03-25_G04,MORAESD,2026-03-25,111780,1,1,0,56.0
MORAESD_2026-03-25_G05,MORAESD,2026-03-25,111530,1,11,0,164.0
MORAESD_2026-03-25_G06,MORAESD,2026-03-25,111530,6,160,78,73.0
MORAESD_2026-03-25_G07,MORAESD,2026-03-25,110733,1,10,0,1204.0
MORAESD_2026-03-25_G08,MORAESD,2026-03-25,111602,2,64,30,208.0
MORAESD_2026-03-25_G09,MORAESD,2026-03-25,111876,3,33,31,96.0
MORAESD_2026-03-25_G10,MORAESD,2026-03-25,111532,2,34,15,746.0
MORAESD_2026-03-25_G11,MORAESD,2026-03-25,141457,2,46,10,900.0
MORAESD_2026-03-25_G12,MORAESD,2026-03-25,141456,1,4,0,400.0
MORAESD_2026-03-25_G13,MORAESD,2026-03-25,111468,2,28,9,59.0
MORAESD_2026-03-25_G14,MORAESD,2026-03-25,111433,1,4,0,192.0
MORAESD_2026-03-25_G15,MORAESD,2026-03-25,141457,1,14,0,203.0
MORAESD_2026-03-25_G16,MORAESD,2026-03-25,110787,1,6,0,152.0
MORAESD_2026-03-25_G17,MORAESD,2026-03-25,111172,1,9,0,206.0
MORAESD_2026-03-25_G18,MORAESD,2026-03-25,117832,1,6,0,51.0
MORAESD_2026-03-31_G02,MORAESD,2026-03-31,105705,1,4,0,75.0
MORAESD_2026-03-31_G03,MORAESD,2026-03-31,111463,1,2,0,100.0
MORAESD_2026-03-31_G04,MORAESD,2026-03-31,110740,1,8,0,107.0
MORAESD_2026-03-31_G05,MORAESD,2026-03-31,117862,1,2,0,126.0
MORAESD_2026-03-31_G06,MORAESD,2026-03-31,140922,1,4,0,92.0
MORAESD_2026-03-31_G07,MORAESD,2026-03-31,105705,1,4,0,77.0
MORAESD_2026-03-31_G08,MORAESD,2026-03-31,111443,1,4,0,140.0
MORAESD_2026-03-31_G09,MORAESD,2026-03-31,118223,1,2,0,163.0
MORAESD_2026-03-31_G10,MORAESD,2026-03-31,110740,1,8,0,169.0
MORAESD_2026-03-31_G12,MORAESD,2026-03-31,122185,1,18,0,1168.0
MORAESD_2026-04-07_G02,MORAESD,2026-04-07,109640,1,12,0,1968.0
MORAESD_2026-04-07_G03,MORAESD,2026-04-07,110741,1,3,0,145.0
MORAESD_2026-04-07_G04,MORAESD,2026-04-07,109643,1,12,0,1976.0
MORAESD_2026-04-07_G05,MORAESD,2026-04-07,142080,1,5,0,631.0
MORAESD_2026-04-07_G06,MORAESD,2026-04-07,110745,1,2,0,531.0
MORAESD_2026-04-07_G07,MORAESD,2026-04-07,110373,1,4,0,954.0
MORAESD_2026-04-07_G08,MORAESD,2026-04-07,110372,1,2,0,193.0
MORAESD_2026-04-07_G09,MORAESD,2026-04-07,110745,1,2,0,277.0
MORAESD_2026-04-07_G10,MORAESD,2026-04-07,105167,1,2,0,373.0
MORAESD_2026-04-07_G11,MORAESD,2026-04-07,142014,1,1,0,194.0
MORAESD_2026-04-07_G12,MORAESD,2026-04-07,110742,1,4,0,247.0
MORAESD_2026-04-07_G13,MORAESD,2026-04-07,109640,1,4,0,1328.0
MORAESD_2026-04-07_G14,MORAESD,2026-04-07,118317,1,2,0,995.0
MORAESD_2026-04-07_G15,MORAESD,2026-04-07,105705,1,4,0,120.0
MORAESD_2026-04-07_G16,MORAESD,2026-04-07,111532,1,2,0,143.0
MORAESD_2026-04-07_G17,MORAESD,2026-04-07,110740,1,2,0,91.0
MORAESD_2026-04-07_G18,MORAESD,2026-04-07,109648,1,2,0,174.0
MORAESD_2026-04-07_G19,MORAESD,2026-04-07,117820,1,2,0,95.0
MORAESD_2026-04-07_G20,MORAESD,2026-04-07,109643,1,2,0,153.0
MORAESD_2026-04-07_G21,MORAESD,2026-04-07,117808,1,12,0,226.0
RESTEVES_2025-09-13_G02,RESTEVES,2025-09-13,110743,1,9,0,582.0
RESTEVES_2025-09-13_G03,RESTEVES,2025-09-13,111443,1,10,0,649.0
RESTEVES_2025-09-13_G04,RESTEVES,2025-09-13,117838,1,21,0,1359.0
RESTEVES_2025-09-13_G05,RESTEVES,2025-09-13,115209,1,4,0,1458.0
RESTEVES_2025-09-13_G06,RESTEVES,2025-09-13,111330,1,7,0,1445.0
RESTEVES_2025-09-13_G07,RESTEVES,2025-09-13,111434,1,4,0,183.0
RESTEVES_2025-09-13_G08,RESTEVES,2025-09-13,105705,1,3,0,172.0
RESTEVES_2025-09-13_G09,RESTEVES,2025-09-13,141035,1,11,0,966.0
RESTEVES_2025-09-13_G10,RESTEVES,2025-09-13,118416,1,10,0,414.0
RESTEVES_2025-09-13_G11,RESTEVES,2025-09-13,117935,1,50,0,3455.0
RESTEVES_2025-09-13_G12,RESTEVES,2025-09-13,117861,1,20,0,605.0
RESTEVES_2025-09-13_G14,RESTEVES,2025-09-13,118094,1,8,0,502.0
RESTEVES_2025-09-13_G15,RESTEVES,2025-09-13,118299,1,29,0,768.0
RESTEVES_2025-09-13_G16,RESTEVES,2025-09-13,117820,1,26,0,508.0
RESTEVES_2025-09-13_G17,RESTEVES,2025-09-13,117935,1,4,0,1214.0
RESTEVES_2025-09-13_G18,RESTEVES,2025-09-13,109640,1,9,0,201.0
RESTEVES_2025-09-13_G19,RESTEVES,2025-09-13,109640,1,12,0,257.0
RESTEVES_2025-09-13_G20,RESTEVES,2025-09-13,141313,1,2,0,120.0
RESTEVES_2025-10-04_G02,RESTEVES,2025-10-04,118283,1,2,0,227.0
RESTEVES_2025-10-04_G03,RESTEVES,2025-10-04,117830,1,2,0,73.0
RESTEVES_2025-10-06_G02,RESTEVES,2025-10-06,108770,1,14,0,350.0
RESTEVES_2025-10-09_G02,RESTEVES,2025-10-09,111876,1,2,0,1684.0
RESTEVES_2025-10-09_G03,RESTEVES,2025-10-09,"110372, 117808",2,16,23,50.0
RESTEVES_2025-10-10_G02,RESTEVES,2025-10-10,110747,1,23,0,1085.0
RESTEVES_2025-10-11_G02,RESTEVES,2025-10-11,122673,1,100,0,1780.0
RESTEVES_2025-10-13_G02,RESTEVES,2025-10-13,110372,1,35,0,1811.0
RESTEVES_2025-10-13_G03,RESTEVES,2025-10-13,"110317, 110372",2,42,23,183.0
RESTEVES_2025-10-23_G02,RESTEVES,2025-10-23,122962,1,3,0,386.0
RESTEVES_2025-10-23_G03,RESTEVES,2025-10-23,122962,1,100,0,32.0
RESTEVES_2025-11-24_G02,RESTEVES,2025-11-24,120028,1,30,0,100.0
RESTEVES_2025-11-24_G03,RESTEVES,2025-11-24,117862,3,15,32,1261.0
RESTEVES_2025-11-24_G04,RESTEVES,2025-11-24,120028,1,10,0,75.0
RESTEVES_2025-11-24_G05,RESTEVES,2025-11-24,117862,1,18,0,711.0
RESTEVES_2025-12-22_G02,RESTEVES,2025-12-22,111437,3,122,34,270.0
RESTEVES_2025-12-22_G03,RESTEVES,2025-12-22,110787,1,4,0,244.0
RESTEVES_2025-12-22_G04,RESTEVES,2025-12-22,"111467, 110374",2,5,16,40.0
RESTEVES_2025-12-22_G06,RESTEVES,2025-12-22,111850,1,1,0,39.0
RESTEVES_2025-12-22_G07,RESTEVES,2025-12-22,110787,1,8,0,80.0
RESTEVES_2026-01-09_G02,RESTEVES,2026-01-09,117785,1,60,0,32.0
RESTEVES_2026-01-29_G02,RESTEVES,2026-01-29,123520,1,12,0,297.0
RESTEVES_2026-01-29_G03,RESTEVES,2026-01-29,124486,1,65,0,1483.0
RESTEVES_2026-01-29_G04,RESTEVES,2026-01-29,124264,1,60,0,969.0
RESTEVES_2026-01-29_G05,RESTEVES,2026-01-29,180636,1,1,0,393.0
RESTEVES_2026-01-29_G06,RESTEVES,2026-01-29,123345,1,100,0,1428.0
RESTEVES_2026-01-29_G07,RESTEVES,2026-01-29,123153,1,6,0,198.0
RESTEVES_2026-01-29_G08,RESTEVES,2026-01-29,123822,1,50,0,1372.0
RESTEVES_2026-01-29_G09,RESTEVES,2026-01-29,124476,1,20,0,2116.0
RESTEVES_2026-01-29_G10,RESTEVES,2026-01-29,124475,1,5,0,66.0
RESTEVES_2026-01-29_G11,RESTEVES,2026-01-29,122647,1,12,0,210.0
RESTEVES_2026-01-29_G12,RESTEVES,2026-01-29,124371,1,20,0,81.0
RESTEVES_2026-01-29_G13,RESTEVES,2026-01-29,120028,1,15,0,283.0
RESTEVES_2026-01-29_G15,RESTEVES,2026-01-29,122671,1,2,0,220.0
RESTEVES_2026-01-29_G16,RESTEVES,2026-01-29,122962,1,20,0,310.0
RESTEVES_2026-01-29_G17,RESTEVES,2026-01-29,123909,1,2,0,162.0
RESTEVES_2026-01-29_G18,RESTEVES,2026-01-29,122673,1,2,0,176.0
RESTEVES_2026-01-29_G19,RESTEVES,2026-01-29,122647,1,3,0,483.0
RESTEVES_2026-01-29_G20,RESTEVES,2026-01-29,124486,1,18,0,494.0
RESTEVES_2026-01-29_G21,RESTEVES,2026-01-29,122671,1,12,0,441.0
RESTEVES_2026-01-29_G22,RESTEVES,2026-01-29,122962,1,48,0,670.0
RESTEVES_2026-01-29_G23,RESTEVES,2026-01-29,123909,1,17,0,205.0
RESTEVES_2026-01-29_G24,RESTEVES,2026-01-29,122673,1,12,0,651.0
RESTEVES_2026-01-29_G25,RESTEVES,2026-01-29,"122647, 123343, 124371, 123345, 122703",7,42,87,432.0
RESTEVES_2026-01-29_G26,RESTEVES,2026-01-29,120008,1,29,0,127.0
RESTEVES_2026-02-05_G02,RESTEVES,2026-02-05,141141,1,1,0,170.0
RESTEVES_2026-02-05_G03,RESTEVES,2026-02-05,141141,1,76,0,551.0
RESTEVES_2026-03-23_G02,RESTEVES,2026-03-23,141047,1,8,0,442.0
RESTEVES_2026-03-23_G03,RESTEVES,2026-03-23,116241,1,10,0,468.0
RESTEVES_2026-03-23_G04,RESTEVES,2026-03-23,111465,1,7,0,140.0
RESTEVES_2026-03-23_G05,RESTEVES,2026-03-23,111465,2,9,26,61.0
RESTEVES_2026-03-23_G06,RESTEVES,2026-03-23,117821,1,6,0,192.0
RESTEVES_2026-03-23_G07,RESTEVES,2026-03-23,142093,1,16,0,259.0
RESTEVES_2026-03-23_G08,RESTEVES,2026-03-23,111469,1,18,0,679.0
RESTEVES_2026-03-23_G09,RESTEVES,2026-03-23,117838,1,2,0,112.0
RESTEVES_2026-03-23_G10,RESTEVES,2026-03-23,107236,1,8,0,125.0
RESTEVES_2026-03-23_G11,RESTEVES,2026-03-23,107236,1,2,0,32.0
RESTEVES_2026-03-23_G12,RESTEVES,2026-03-23,111442,1,4,0,77.0
RESTEVES_2026-03-23_G13,RESTEVES,2026-03-23,117809,1,6,0,630.0
RESTEVES_2026-03-23_G14,RESTEVES,2026-03-23,117820,1,6,0,132.0
RESTEVES_2026-03-23_G15,RESTEVES,2026-03-23,110373,1,10,0,131.0
RESTEVES_2026-03-23_G16,RESTEVES,2026-03-23,111463,1,43,0,289.0
RESTEVES_2026-03-23_G17,RESTEVES,2026-03-23,141458,1,16,0,492.0
RESTEVES_2026-03-23_G18,RESTEVES,2026-03-23,111463,1,53,0,302.0
RESTEVES_2026-03-23_G19,RESTEVES,2026-03-23,111463,1,20,0,203.0
RESTEVES_2026-03-23_G20,RESTEVES,2026-03-23,110740,1,6,0,277.0
RESTEVES_2026-03-23_G21,RESTEVES,2026-03-23,141456,1,41,0,373.0
RESTEVES_2026-03-23_G22,RESTEVES,2026-03-23,111438,1,12,0,307.0
RESTEVES_2026-03-23_G23,RESTEVES,2026-03-23,111569,2,18,15,211.0
RESTEVES_2026-03-23_G24,RESTEVES,2026-03-23,111437,1,4,0,205.0
RESTEVES_2026-03-23_G25,RESTEVES,2026-03-23,110755,1,12,0,136.0
RESTEVES_2026-03-23_G26,RESTEVES,2026-03-23,110582,1,4,0,363.0
RESTEVES_2026-03-23_G27,RESTEVES,2026-03-23,110747,1,15,0,207.0
RESTEVES_2026-03-23_G28,RESTEVES,2026-03-23,110787,1,7,0,296.0
RESTEVES_2026-03-23_G29,RESTEVES,2026-03-23,111468,1,4,0,185.0
RESTEVES_2026-03-23_G30,RESTEVES,2026-03-23,111463,1,34,0,127.0
RESTEVES_2026-03-23_G31,RESTEVES,2026-03-23,111438,1,18,0,558.0
RESTEVES_2026-03-23_G32,RESTEVES,2026-03-23,110895,1,42,0,367.0
RESTEVES_2026-03-23_G33,RESTEVES,2026-03-23,109649,1,4,0,289.0
RESTEVES_2026-03-23_G34,RESTEVES,2026-03-23,141457,1,36,0,1585.0
RESTEVES_2026-03-24_G02,RESTEVES,2026-03-24,109648,1,4,0,420.0
RESTEVES_2026-03-24_G03,RESTEVES,2026-03-24,109643,1,2,0,143.0
RESTEVES_2026-03-24_G04,RESTEVES,2026-03-24,117808,1,8,0,273.0
RESTEVES_2026-03-24_G05,RESTEVES,2026-03-24,111530,1,4,0,262.0
RESTEVES_2026-03-24_G06,RESTEVES,2026-03-24,140923,1,2,0,208.0
RESTEVES_2026-03-24_G07,RESTEVES,2026-03-24,111602,1,2,0,108.0
RESTEVES_2026-03-24_G08,RESTEVES,2026-03-24,141457,1,3,0,831.0
RESTEVES_2026-03-24_G09,RESTEVES,2026-03-24,117834,1,3,0,1059.0
RESTEVES_2026-03-24_G10,RESTEVES,2026-03-24,117822,1,4,0,675.0
RESTEVES_2026-03-24_G11,RESTEVES,2026-03-24,140923,1,1,0,662.0
RESTEVES_2026-03-24_G12,RESTEVES,2026-03-24,117862,1,2,0,132.0
RESTEVES_2026-03-24_G13,RESTEVES,2026-03-24,110740,1,2,0,1083.0
RESTEVES_2026-03-24_G15,RESTEVES,2026-03-24,109648,2,4,11,45.0
RESTEVES_2026-03-24_G16,RESTEVES,2026-03-24,109648,1,4,0,86.0
RESTEVES_2026-03-24_G17,RESTEVES,2026-03-24,109648,1,5,0,77.0
RESTEVES_2026-03-24_G18,RESTEVES,2026-03-24,109643,1,13,0,263.0
RESTEVES_2026-03-24_G19,RESTEVES,2026-03-24,109643,1,14,0,340.0
RESTEVES_2026-03-24_G20,RESTEVES,2026-03-24,117820,1,163,0,3216.0
SERAPIAD_2025-01-24_G02,SERAPIAD,2025-01-24,122986,1,2,0,45.0
SERAPIAD_2025-01-24_G03,SERAPIAD,2025-01-24,110681,1,4,0,477.0
SERAPIAD_2025-01-24_G04,SERAPIAD,2025-01-24,111418,1,3,0,434.0
SERAPIAD_2025-01-24_G05,SERAPIAD,2025-01-24,117786,1,4,0,532.0
SERAPIAD_2025-01-24_G06,SERAPIAD,2025-01-24,115773,1,8,0,279.0
SERAPIAD_2025-01-24_G07,SERAPIAD,2025-01-24,111418,1,60,0,61.0
SERAPIAD_2025-01-24_G08,SERAPIAD,2025-01-24,111418,2,20,18,136.0
SERAPIAD_2025-01-24_G09,SERAPIAD,2025-01-24,111437,1,2,0,1088.0
SERAPIAD_2025-03-17_G02,SERAPIAD,2025-03-17,"140912, 110515, 109643, 180183, 110325, 110371",6,237,89,1578.0
SILVAB1_2025-02-20_G02,SILVAB1,2025-02-20,"124486, 123947, 124370, 123345",4,23,29,82.0
SILVAB1_2025-02-20_G03,SILVAB1,2025-02-20,111445,1,1,0,346.0
SILVAB1_2025-02-20_G04,SILVAB1,2025-02-20,"111655, 118222, 110752, 111723, 117787, 111468, 118140, 111466, 110371, 110372, 110373, 118299, 117808, 110374, 109643, 118191, 117809, 117820",19,41,164,39.0
SILVAB1_2025-02-20_G06,SILVAB1,2025-02-20,180420,1,6,0,242.0
SILVAB1_2025-02-28_G02,SILVAB1,2025-02-28,"118290, 141035, 109647, 111439, 110313, 110733, 111602, 110711, 117861, 117786, 141047, 117935, 110515, 105242, 110339, 107629",34,143,295,33.0
SILVAB1_2025-02-28_G03,SILVAB1,2025-02-28,"111182, 117838",2,8,14,59.0
SILVAB1_2025-02-28_G04,SILVAB1,2025-02-28,"117833, 111443",4,14,39,32.0
SILVAB1_2025-02-28_G05,SILVAB1,2025-02-28,"110743, 111348, 110332",4,8,39,50.0
SILVAB1_2025-02-28_G06,SILVAB1,2025-02-28,"111348, 111446, 107236, 111532, 118004, 140922, 117821, 109641, 111172, 111743, 111418, 110787, 118317, 109649, 110748, 109645, 117785, 110129, 111463, 110740",38,197,370,31.0
SILVAB1_2025-02-28_G07,SILVAB1,2025-02-28,"110740, 118140, 117831",5,45,28,40.0
SILVAB1_2025-02-28_G08,SILVAB1,2025-02-28,"117831, 111466, 111469, 111462, 111465",15,149,96,42.0
SILVAB1_2025-02-28_G09,SILVAB1,2025-02-28,117830,1,15,0,155.0
SILVAB1_2025-02-28_G10,SILVAB1,2025-02-28,117830,2,23,28,112.0
SILVAB1_2025-02-28_G11,SILVAB1,2025-02-28,"110372, 110374, 117830",8,137,65,32.0
SILVAB1_2025-02-28_G12,SILVAB1,2025-02-28,"118299, 109643, 110373, 110375, 117808, 109747, 117809, 117820, 110372, 122962, 122986, 124475, 122185, 117838, 123343, 123345",31,215,279,35.0
SILVAB1_2025-02-28_G13,SILVAB1,2025-02-28,"110313, 111602, 117786, 117935, 110515, 111530, 117833, 111532, 118004, 140922",10,220,71,395.0
SILVAB1_2025-02-28_G14,SILVAB1,2025-02-28,"111743, 117838, 108798, 118140, 108794, 110325, 110372, 118299, 110374, 107830, 117808",13,299,122,43.0
SILVAB1_2025-02-28_G15,SILVAB1,2025-02-28,117808,1,750,0,31.0
SILVAB1_2025-02-28_G16,SILVAB1,2025-02-28,107892,2,8,5,42.0
SILVAB1_2025-02-28_G17,SILVAB1,2025-02-28,"109647, 111598, 110733, 117786, 117935, 108795, 117833, 110787, 111463, 122985, 123080, 122984, 124247, 122983, 120339, 181235, 181056, 181887, 123345, 123343",33,496,246,149.0
SILVAB1_2025-02-28_G19,SILVAB1,2025-02-28,"109641, 117785",2,12,5,37.0
SILVAB1_2025-02-28_G20,SILVAB1,2025-02-28,"110372, 110373, 111418, 117785, 111466, 111462, 118299, 117835, 117841, 105705",13,85,149,195.0
SILVAB1_2025-02-28_G21,SILVAB1,2025-02-28,"123313, 111437, 100334, 110895, 109647, 111602, 110711, 109640, 117786, 110515, 111530, 111468, 111418, 110745, 109645, 111463",17,110,149,93.0
SILVAB1_2025-02-28_G22,SILVAB1,2025-02-28,"105705, 108794",2,18,11,41.0
SILVAB1_2025-02-28_G23,SILVAB1,2025-02-28,"111466, 111469, 111462, 110325, 110372",5,58,49,35.0
SILVAB1_2025-02-28_G24,SILVAB1,2025-02-28,"109643, 110373, 117820, 109647",4,46,47,64.0
SILVAB1_2025-02-28_G25,SILVAB1,2025-02-28,"111602, 110711",2,18,26,41.0
SILVAB1_2025-02-28_G26,SILVAB1,2025-02-28,"109640, 111468, 111418, 109645, 111463, 105705, 111466, 110372, 109643, 110373, 117820",11,84,91,129.0
SILVAB1_2025-03-07_G02,SILVAB1,2025-03-07,"110371, 117822, 110372, 117808, 117809, 118299, 117830, 117820, 124476",10,144,59,36.0
SILVAB1_2025-03-11_G02,SILVAB1,2025-03-11,121651,1,6,0,331.0
SILVAB1_2025-03-11_G03,SILVAB1,2025-03-11,124370,1,6,0,388.0
SILVAB1_2025-03-11_G04,SILVAB1,2025-03-11,122185,1,4,0,75.0
SILVAB1_2025-03-11_G05,SILVAB1,2025-03-11,121760,1,8,0,232.0
SILVAB1_2025-03-11_G06,SILVAB1,2025-03-11,122984,1,8,0,59.0
SILVAB1_2025-03-11_G07,SILVAB1,2025-03-11,122185,1,7,0,175.0
SILVAB1_2025-03-11_G08,SILVAB1,2025-03-11,123344,1,8,0,139.0
SILVAB1_2025-03-11_G09,SILVAB1,2025-03-11,123343,1,4,0,195.0
SILVAB1_2025-03-11_G10,SILVAB1,2025-03-11,122671,1,6,0,166.0
SILVAB1_2025-03-11_G11,SILVAB1,2025-03-11,123907,1,8,0,219.0
SILVAB1_2025-03-11_G12,SILVAB1,2025-03-11,122983,1,16,0,310.0
SILVAB1_2025-03-11_G13,SILVAB1,2025-03-11,123909,1,1,0,215.0
SILVAB1_2025-03-11_G14,SILVAB1,2025-03-11,124371,1,4,0,59.0
SILVAB1_2025-03-11_G15,SILVAB1,2025-03-11,124370,1,8,0,1042.0
SILVAB1_2025-03-11_G16,SILVAB1,2025-03-11,122703,1,8,0,448.0
SILVAB1_2025-03-11_G17,SILVAB1,2025-03-11,123907,1,2,0,119.0
SILVAB1_2025-03-11_G18,SILVAB1,2025-03-11,124247,1,1,0,74.0
SILVAB1_2025-03-11_G19,SILVAB1,2025-03-11,122185,1,10,0,230.0
SILVAB1_2025-03-11_G20,SILVAB1,2025-03-11,123344,1,4,0,627.0
SILVAB1_2025-03-11_G21,SILVAB1,2025-03-11,123313,1,2,0,186.0
SILVAB1_2025-03-11_G22,SILVAB1,2025-03-11,124247,1,2,0,82.0
SILVAB1_2025-03-11_G23,SILVAB1,2025-03-11,123907,1,2,0,183.0
SILVAB1_2025-03-11_G24,SILVAB1,2025-03-11,123153,1,4,0,690.0
SILVAB1_2025-03-11_G25,SILVAB1,2025-03-11,121651,1,12,0,451.0
SILVAB1_2025-03-11_G26,SILVAB1,2025-03-11,124370,1,12,0,106.0
SILVAB1_2025-03-11_G27,SILVAB1,2025-03-11,123907,1,18,0,559.0
SILVAB1_2025-03-15_G02,SILVAB1,2025-03-15,101217,1,6,0,225.0
SILVAB1_2025-03-15_G03,SILVAB1,2025-03-15,110711,1,5,0,483.0
SILVAB1_2025-03-15_G04,SILVAB1,2025-03-15,109640,1,2,0,74.0
SILVAB1_2025-03-15_G05,SILVAB1,2025-03-15,111530,1,12,0,719.0
SILVAB1_2025-03-15_G06,SILVAB1,2025-03-15,111466,1,26,0,272.0
SILVAB1_2025-03-15_G07,SILVAB1,2025-03-15,117785,1,41,0,972.0
SILVAB1_2025-03-15_G08,SILVAB1,2025-03-15,118317,1,26,0,650.0
SILVAB1_2025-03-15_G09,SILVAB1,2025-03-15,111469,1,24,0,630.0
SILVAB1_2025-03-15_G10,SILVAB1,2025-03-15,111469,1,6,0,87.0
SILVAB1_2025-03-15_G11,SILVAB1,2025-03-15,117822,1,10,0,352.0
SILVAB1_2025-03-15_G12,SILVAB1,2025-03-15,117840,1,16,0,152.0
SILVAB1_2025-03-15_G13,SILVAB1,2025-03-15,110374,1,19,0,242.0
SILVAB1_2025-03-15_G14,SILVAB1,2025-03-15,110371,1,66,0,801.0
SILVAB1_2025-03-15_G15,SILVAB1,2025-03-15,110740,1,16,0,346.0
SILVAB1_2025-03-15_G16,SILVAB1,2025-03-15,118140,1,65,0,379.0
SILVAB1_2025-03-15_G17,SILVAB1,2025-03-15,110373,1,125,0,254.0
SILVAB1_2025-03-15_G18,SILVAB1,2025-03-15,"111435, 111418",2,116,23,488.0
SILVAB1_2025-03-15_G19,SILVAB1,2025-03-15,110372,1,100,0,488.0
SILVAB1_2025-03-17_G02,SILVAB1,2025-03-17,117808,1,1000,0,1232.0
SILVAB1_2025-03-18_G02,SILVAB1,2025-03-18,110740,1,6,0,119.0
SILVAB1_2025-03-18_G03,SILVAB1,2025-03-18,118004,1,2,0,52.0
SILVAB1_2025-03-18_G04,SILVAB1,2025-03-18,140912,1,1,0,1629.0
SILVAB1_2025-03-19_G02,SILVAB1,2025-03-19,118004,1,4,0,105.0
SILVAB1_2025-03-19_G03,SILVAB1,2025-03-19,123909,1,5,0,85.0
SILVAB1_2025-03-19_G04,SILVAB1,2025-03-19,120028,1,1,0,518.0
SILVAB1_2025-03-19_G05,SILVAB1,2025-03-19,108794,1,1,0,106.0
SILVAB1_2025-03-20_G02,SILVAB1,2025-03-20,"110313, 117822, 118299, 117820, 117808, 117809, 110371, 110373",8,144,60,33.0
SILVAB1_2025-03-20_G03,SILVAB1,2025-03-20,"109649, 111468, 111466",3,182,39,107.0
SILVAB1_2025-03-25_G02,SILVAB1,2025-03-25,111569,1,40,0,41.0
SILVAB1_2025-03-25_G03,SILVAB1,2025-03-25,117787,1,6,0,36.0
SILVAB1_2025-03-25_G04,SILVAB1,2025-03-25,120008,1,3,0,84.0
SILVAB1_2025-03-25_G05,SILVAB1,2025-03-25,123343,1,26,0,64.0
SILVAB1_2025-03-25_G07,SILVAB1,2025-03-25,118140,1,2,0,92.0
SILVAB1_2025-03-26_G02,SILVAB1,2025-03-26,122962,1,11,0,87.0
SILVAB1_2025-03-26_G03,SILVAB1,2025-03-26,108772,1,30,0,46.0
SILVAB1_2025-03-26_G04,SILVAB1,2025-03-26,"124248, 123345, 123343, 117835",5,39,55,42.0
SILVAB1_2025-03-26_G05,SILVAB1,2025-03-26,"111463, 111469",2,170,7,192.0
SILVAB1_2025-03-26_G06,SILVAB1,2025-03-26,"110755, 111439",2,3,24,82.0
SILVAB1_2025-03-26_G07,SILVAB1,2025-03-26,"111467, 111433, 110129, 122196, 121923, 123313",6,40,76,45.0
SILVAB1_2025-03-26_G08,SILVAB1,2025-03-26,"110733, 118140",2,14,14,34.0
SILVAB1_2025-03-26_G09,SILVAB1,2025-03-26,117835,1,3,0,55.0
SILVAB1_2025-03-26_G10,SILVAB1,2025-03-26,123560,1,5,0,104.0
SILVAB1_2025-03-26_G11,SILVAB1,2025-03-26,123560,1,3,0,83.0
SILVAB1_2025-03-26_G12,SILVAB1,2025-03-26,118140,1,4,0,293.0
SILVAB1_2025-03-28_G02,SILVAB1,2025-03-28,123344,1,14,0,43.0
SILVAB1_2025-03-28_G03,SILVAB1,2025-03-28,122962,1,20,0,334.0
SILVAB1_2025-03-28_G04,SILVAB1,2025-03-28,140911,1,8,0,904.0
SILVAB1_2025-03-28_G05,SILVAB1,2025-03-28,122982,1,5,0,1798.0
SILVAB1_2025-03-28_G06,SILVAB1,2025-03-28,"115773, 114097, 118326, 118281, 114647",5,95,53,3385.0
SILVAB1_2025-03-29_G02,SILVAB1,2025-03-29,118222,1,3,0,230.0
SILVAB1_2025-03-29_G03,SILVAB1,2025-03-29,118222,1,30,0,114.0
SILVAB1_2025-03-29_G04,SILVAB1,2025-03-29,108795,1,4,0,155.0
SILVAB1_2025-03-29_G05,SILVAB1,2025-03-29,118222,1,4,0,78.0
SILVAB1_2025-03-29_G06,SILVAB1,2025-03-29,118222,2,48,30,31.0
SILVAB1_2025-03-29_G07,SILVAB1,2025-03-29,118222,1,2,0,48.0
SILVAB1_2025-03-29_G09,SILVAB1,2025-03-29,107236,2,13,29,451.0
SILVAB1_2025-04-12_G02,SILVAB1,2025-04-12,124621,1,258,0,516.0
SILVAB1_2025-06-06_G02,SILVAB1,2025-06-06,"124486, 180079",2,2,20,449.0
SILVAB1_2025-06-06_G03,SILVAB1,2025-06-06,120046,1,1,0,70.0
SILVAB1_2025-06-20_G02,SILVAB1,2025-06-20,"110374, 118299, 117808, 117820, 117809",5,211,40,59.0
SILVAB1_2025-06-20_G03,SILVAB1,2025-06-20,122981,1,1,0,37.0
SILVAB1_2025-06-20_G04,SILVAB1,2025-06-20,118363,1,2,0,111.0
SILVAB1_2025-07-24_G02,SILVAB1,2025-07-24,"118403, 111876, 110313, 117856",4,37,19,70.0
SILVAB1_2025-07-24_G03,SILVAB1,2025-07-24,111463,1,1,0,63.0
SILVAB1_2025-07-24_G04,SILVAB1,2025-07-24,"111743, 111172, 111418, 111466, 117831, 111738, 118140, 118299, 118191, 110371, 110373, 110372, 117820, 117808, 111634",20,249,146,48.0
SILVAB1_2025-08-01_G02,SILVAB1,2025-08-01,"111762, 117856, 141456, 117785, 141457",5,27,39,88.0
SILVAB1_2025-08-01_G03,SILVAB1,2025-08-01,"117832, 118299, 117808, 117820, 110372, 124548, 180078",9,40,86,39.0
SILVAB1_2025-08-01_G04,SILVAB1,2025-08-01,180373,1,26,0,143.0
SILVAB1_2025-08-06_G02,SILVAB1,2025-08-06,110313,1,6,0,532.0
SILVAB1_2025-09-11_G02,SILVAB1,2025-09-11,"111435, 111532, 109645, 111444",4,58,32,77.0
SILVAB1_2025-09-11_G03,SILVAB1,2025-09-11,"110325, 117808, 118299",4,5,33,130.0
SILVAB1_2025-09-11_G04,SILVAB1,2025-09-11,"110742, 111876",2,124,28,1714.0
SILVAB1_2025-09-11_G06,SILVAB1,2025-09-11,"111437, 111447",2,56,22,129.0
SILVAB1_2025-09-11_G07,SILVAB1,2025-09-11,110743,1,30,0,44.0
SILVAB1_2025-09-16_G02,SILVAB1,2025-09-16,"111812, 111813",2,10,26,31.0
SILVAB1_2025-09-16_G03,SILVAB1,2025-09-16,"110325, 118191",2,4,17,46.0
SILVAB1_2025-09-25_G02,SILVAB1,2025-09-25,"111602, 118094",2,2,5,89.0
SILVAB1_2025-09-25_G03,SILVAB1,2025-09-25,"141456, 110787, 118140, 111462, 117833, 111444, 111172",7,11,27,40.0
SILVAB1_2025-09-25_G04,SILVAB1,2025-09-25,"110373, 117832, 110372, 117808, 118299, 117820, 122983",10,78,72,76.0
SILVAB1_2025-09-25_G05,SILVAB1,2025-09-25,123345,1,1,0,52.0
SILVAB1_2025-10-03_G02,SILVAB1,2025-10-03,124264,1,1,0,61.0
SILVAB1_2025-10-16_G02,SILVAB1,2025-10-16,"117854, 111467, 117855, 111602, 118140, 110129, 141155, 141457, 111532, 111442, 140922, 118191, 107830, 110371, 117832, 110372, 110373, 118299",22,213,166,58.0
SILVAB1_2025-10-16_G03,SILVAB1,2025-10-16,"118271, 122962, 124476, 120389, 123561",6,15,78,69.0
SILVAB1_2025-10-16_G04,SILVAB1,2025-10-16,120196,1,80,0,80.0
SILVAB1_2025-10-31_G02,SILVAB1,2025-10-31,111634,2,12,17,138.0
SILVAB1_2025-10-31_G03,SILVAB1,2025-10-31,117830,6,20,34,736.0
SILVAB1_2025-10-31_G04,SILVAB1,2025-10-31,141261,2,8,10,165.0
SILVAB1_2025-10-31_G05,SILVAB1,2025-10-31,111740,2,10,8,111.0
SILVAB1_2025-10-31_G06,SILVAB1,2025-10-31,160051,1,2,0,114.0
SILVAB1_2025-10-31_G07,SILVAB1,2025-10-31,110372,1,4,0,87.0
SILVAB1_2025-10-31_G08,SILVAB1,2025-10-31,110372,3,25,18,35.0
SILVAB1_2025-10-31_G09,SILVAB1,2025-10-31,110372,2,17,8,135.0
SILVAB1_2025-10-31_G10,SILVAB1,2025-10-31,110372,8,36,59,35.0
SILVAB1_2025-10-31_G11,SILVAB1,2025-10-31,118299,5,29,42,455.0
SILVAB1_2025-10-31_G12,SILVAB1,2025-10-31,111722,2,16,16,184.0
SILVAB1_2025-10-31_G13,SILVAB1,2025-10-31,111751,2,14,16,329.0
SILVAB1_2025-10-31_G14,SILVAB1,2025-10-31,141155,2,8,19,148.0
SILVAB1_2025-10-31_G15,SILVAB1,2025-10-31,110787,4,54,40,115.0
SILVAB1_2025-10-31_G16,SILVAB1,2025-10-31,111469,3,121,23,143.0
SILVAB1_2025-10-31_G17,SILVAB1,2025-10-31,118317,1,4,0,290.0
SILVAB1_2025-10-31_G18,SILVAB1,2025-10-31,111330,2,6,8,93.0
SILVAB1_2025-10-31_G19,SILVAB1,2025-10-31,141141,1,8,0,59.0
SILVAB1_2025-10-31_G20,SILVAB1,2025-10-31,111742,2,12,16,91.0
SILVAB1_2025-10-31_G21,SILVAB1,2025-10-31,117785,3,65,29,155.0
SILVAB1_2025-10-31_G22,SILVAB1,2025-10-31,111469,4,19,20,50.0
SILVAB1_2025-10-31_G23,SILVAB1,2025-10-31,111462,3,8,14,100.0
SILVAB1_2025-10-31_G24,SILVAB1,2025-10-31,111532,1,11,0,430.0
SILVAB1_2025-10-31_G25,SILVAB1,2025-10-31,111532,5,138,66,83.0
SILVAB1_2025-10-31_G26,SILVAB1,2025-10-31,117830,6,30,53,2995.0
SILVAB1_2025-10-31_G27,SILVAB1,2025-10-31,117808,2,10,6,319.0
SILVAB1_2025-10-31_G28,SILVAB1,2025-10-31,118299,2,27,5,287.0
SILVAB1_2025-10-31_G29,SILVAB1,2025-10-31,118299,2,27,15,41.0
SILVAB1_2025-10-31_G30,SILVAB1,2025-10-31,141202,1,4,0,93.0
SILVAB1_2025-10-31_G31,SILVAB1,2025-10-31,117822,1,2,0,47.0
SILVAB1_2025-10-31_G32,SILVAB1,2025-10-31,110371,2,22,8,38.0
SILVAB1_2025-10-31_G33,SILVAB1,2025-10-31,110373,2,4,6,152.0
SILVAB1_2025-10-31_G34,SILVAB1,2025-10-31,110325,2,4,5,31.0
SILVAB1_2025-10-31_G35,SILVAB1,2025-10-31,118299,1,20,0,62.0
SILVAB1_2025-10-31_G36,SILVAB1,2025-10-31,"117820, 110372",3,72,26,311.0
SILVAB1_2025-11-03_G02,SILVAB1,2025-11-03,124486,1,1,0,59.0
SILVAB1_2026-02-12_G02,SILVAB1,2026-02-12,"141047, 111602, 107263, 111469, 118140, 141271, 111433, 110374, 117808, 120008",10,405,115,39.0
SILVAB1_2026-02-12_G03,SILVAB1,2026-02-12,"111441, 140923, 111650, 110740, 107236, 118191, 110371, 110325, 110372, 123080",10,146,119,141.0
SOUZAM_2025-02-28_G02,SOUZAM,2025-02-28,107892,1,2,0,705.0
SOUZAM_2025-02-28_G03,SOUZAM,2025-02-28,108772,1,6,0,74.0
SOUZAM_2025-02-28_G04,SOUZAM,2025-02-28,110733,1,11,0,461.0
SOUZAM_2025-02-28_G05,SOUZAM,2025-02-28,117855,1,9,0,109.0
SOUZAM_2025-02-28_G06,SOUZAM,2025-02-28,117935,1,19,0,189.0
SOUZAM_2025-02-28_G07,SOUZAM,2025-02-28,117856,1,17,0,105.0
SOUZAM_2025-02-28_G08,SOUZAM,2025-02-28,117786,1,53,0,640.0
SOUZAM_2025-02-28_G09,SOUZAM,2025-02-28,111530,1,61,0,126.0
SOUZAM_2025-02-28_G10,SOUZAM,2025-02-28,117833,1,60,0,196.0
SOUZAM_2025-02-28_G11,SOUZAM,2025-02-28,111172,1,29,0,601.0
SOUZAM_2025-02-28_G12,SOUZAM,2025-02-28,117785,1,2,0,216.0
SOUZAM_2025-02-28_G13,SOUZAM,2025-02-28,118140,1,26,0,405.0
SOUZAM_2025-02-28_G14,SOUZAM,2025-02-28,117821,1,45,0,269.0
SOUZAM_2025-02-28_G15,SOUZAM,2025-02-28,105705,1,60,0,157.0
SOUZAM_2025-02-28_G16,SOUZAM,2025-02-28,160053,1,4,0,142.0
SOUZAM_2025-02-28_G17,SOUZAM,2025-02-28,111182,1,7,0,197.0
SOUZAM_2025-02-28_G18,SOUZAM,2025-02-28,160057,1,2,0,205.0
SOUZAM_2025-02-28_G19,SOUZAM,2025-02-28,100334,1,2,0,2547.0
SOUZAM_2025-02-28_G20,SOUZAM,2025-02-28,118306,1,2,0,84.0
SOUZAM_2025-02-28_G21,SOUZAM,2025-02-28,110733,1,1,0,236.0
SOUZAM_2025-02-28_G22,SOUZAM,2025-02-28,111602,1,7,0,72.0
SOUZAM_2025-02-28_G23,SOUZAM,2025-02-28,111602,1,6,0,52.0
SOUZAM_2025-02-28_G24,SOUZAM,2025-02-28,117855,1,2,0,66.0
SOUZAM_2025-02-28_G25,SOUZAM,2025-02-28,117861,1,2,0,296.0
SOUZAM_2025-02-28_G26,SOUZAM,2025-02-28,117786,3,7,18,35.0
SOUZAM_2025-02-28_G27,SOUZAM,2025-02-28,117935,1,2,0,112.0
SOUZAM_2025-02-28_G28,SOUZAM,2025-02-28,110515,1,5,0,35.0
SOUZAM_2025-02-28_G29,SOUZAM,2025-02-28,111530,1,2,0,41.0
SOUZAM_2025-02-28_G30,SOUZAM,2025-02-28,118298,1,2,0,42.0
SOUZAM_2025-02-28_G31,SOUZAM,2025-02-28,107629,1,3,0,78.0
SOUZAM_2025-02-28_G32,SOUZAM,2025-02-28,111443,1,2,0,166.0
SOUZAM_2025-02-28_G33,SOUZAM,2025-02-28,111431,1,6,0,120.0
SOUZAM_2025-02-28_G34,SOUZAM,2025-02-28,111418,1,6,0,165.0
SOUZAM_2025-02-28_G35,SOUZAM,2025-02-28,117838,1,2,0,38.0
SOUZAM_2025-02-28_G36,SOUZAM,2025-02-28,110787,1,3,0,34.0
SOUZAM_2025-02-28_G37,SOUZAM,2025-02-28,117785,1,4,0,88.0
SOUZAM_2025-02-28_G38,SOUZAM,2025-02-28,108711,1,2,0,156.0
SOUZAM_2025-02-28_G39,SOUZAM,2025-02-28,111463,2,16,9,165.0
SOUZAM_2025-02-28_G40,SOUZAM,2025-02-28,111463,1,2,0,290.0
SOUZAM_2025-02-28_G41,SOUZAM,2025-02-28,110740,1,2,0,34.0
SOUZAM_2025-02-28_G42,SOUZAM,2025-02-28,118140,1,10,0,314.0
SOUZAM_2025-02-28_G43,SOUZAM,2025-02-28,105705,1,1,0,67.0
SOUZAM_2025-02-28_G44,SOUZAM,2025-02-28,108794,1,2,0,32.0
SOUZAM_2025-02-28_G45,SOUZAM,2025-02-28,117821,1,2,0,35.0
SOUZAM_2025-02-28_G46,SOUZAM,2025-02-28,111466,1,8,0,78.0
SOUZAM_2025-02-28_G47,SOUZAM,2025-02-28,"111466, 111469",2,12,19,85.0
SOUZAM_2025-02-28_G48,SOUZAM,2025-02-28,111469,1,8,0,31.0
SOUZAM_2025-02-28_G49,SOUZAM,2025-02-28,111462,1,4,0,98.0
SOUZAM_2025-02-28_G50,SOUZAM,2025-02-28,111433,1,2,0,54.0
SOUZAM_2025-02-28_G51,SOUZAM,2025-02-28,111465,1,2,0,50.0
SOUZAM_2025-02-28_G52,SOUZAM,2025-02-28,110325,1,2,0,107.0
SOUZAM_2025-02-28_G53,SOUZAM,2025-02-28,110371,1,10,0,95.0
SOUZAM_2025-02-28_G54,SOUZAM,2025-02-28,110372,1,20,0,125.0
SOUZAM_2025-02-28_G55,SOUZAM,2025-02-28,118299,1,12,0,435.0
SOUZAM_2025-02-28_G56,SOUZAM,2025-02-28,110374,1,2,0,48.0
SOUZAM_2025-02-28_G57,SOUZAM,2025-02-28,110373,1,20,0,191.0
SOUZAM_2025-02-28_G58,SOUZAM,2025-02-28,117808,1,16,0,85.0
SOUZAM_2025-02-28_G59,SOUZAM,2025-02-28,117809,2,8,20,140.0
SOUZAM_2025-02-28_G60,SOUZAM,2025-02-28,117820,1,8,0,88.0
SOUZAM_2025-02-28_G61,SOUZAM,2025-02-28,117856,1,2,0,438.0
SOUZAM_2025-02-28_G62,SOUZAM,2025-02-28,117855,1,8,0,84.0
SOUZAM_2025-03-17_G02,SOUZAM,2025-03-17,111532,1,12,0,90.0
SOUZAM_2025-03-17_G03,SOUZAM,2025-03-17,108759,1,1,0,366.0
SOUZAM_2025-03-17_G04,SOUZAM,2025-03-17,100334,1,3,0,247.0
SOUZAM_2025-03-17_G05,SOUZAM,2025-03-17,117855,1,1,0,57.0
SOUZAM_2025-03-17_G06,SOUZAM,2025-03-17,110711,1,2,0,115.0
SOUZAM_2025-03-17_G07,SOUZAM,2025-03-17,118004,1,2,0,258.0
SOUZAM_2025-03-17_G08,SOUZAM,2025-03-17,111469,1,7,0,133.0
SOUZAM_2025-03-17_G09,SOUZAM,2025-03-17,111466,1,6,0,41.0
SOUZAM_2025-03-17_G10,SOUZAM,2025-03-17,117831,1,3,0,99.0
SOUZAM_2025-03-17_G11,SOUZAM,2025-03-17,108711,1,4,0,74.0
SOUZAM_2025-03-17_G12,SOUZAM,2025-03-17,118299,1,8,0,125.0
SOUZAM_2025-03-17_G13,SOUZAM,2025-03-17,117808,1,9,0,65.0
SOUZAM_2025-03-17_G14,SOUZAM,2025-03-17,117809,1,4,0,40.0
SOUZAM_2025-03-17_G15,SOUZAM,2025-03-17,110373,1,16,0,36.0
SOUZAM_2025-03-17_G16,SOUZAM,2025-03-17,110372,1,11,0,139.0
SOUZAM_2025-03-17_G17,SOUZAM,2025-03-17,109643,1,4,0,100.0
SOUZAM_2025-03-17_G18,SOUZAM,2025-03-17,110375,1,6,0,137.0
SOUZAM_2025-03-17_G19,SOUZAM,2025-03-17,109747,1,4,0,89.0
SOUZAM_2025-03-17_G20,SOUZAM,2025-03-17,111438,1,2,0,191.0
SOUZAM_2025-03-17_G21,SOUZAM,2025-03-17,111569,1,2,0,72.0
SOUZAM_2025-03-17_G22,SOUZAM,2025-03-17,117856,2,6,6,55.0
SOUZAM_2025-03-17_G23,SOUZAM,2025-03-17,117855,1,2,0,93.0
SOUZAM_2025-03-17_G24,SOUZAM,2025-03-17,111530,1,1,0,94.0
SOUZAM_2025-03-17_G25,SOUZAM,2025-03-17,110711,1,4,0,127.0
SOUZAM_2025-03-17_G26,SOUZAM,2025-03-17,111443,1,2,0,102.0
SOUZAM_2025-03-17_G27,SOUZAM,2025-03-17,117831,1,6,0,70.0
SOUZAM_2025-03-17_G28,SOUZAM,2025-03-17,109641,1,4,0,57.0
SOUZAM_2025-03-17_G29,SOUZAM,2025-03-17,111172,1,2,0,38.0
SOUZAM_2025-03-17_G30,SOUZAM,2025-03-17,118140,1,7,0,208.0
SOUZAM_2025-03-17_G31,SOUZAM,2025-03-17,111418,1,20,0,73.0
SOUZAM_2025-03-17_G32,SOUZAM,2025-03-17,110745,1,2,0,95.0
SOUZAM_2025-03-17_G33,SOUZAM,2025-03-17,110740,1,4,0,43.0
SOUZAM_2025-03-17_G34,SOUZAM,2025-03-17,109645,1,2,0,78.0
SOUZAM_2025-03-17_G35,SOUZAM,2025-03-17,"118299, 117808",2,15,9,62.0
SOUZAM_2025-03-17_G36,SOUZAM,2025-03-17,109643,1,4,0,143.0
SOUZAM_2025-03-17_G37,SOUZAM,2025-03-17,111441,2,4,7,305.0
SOUZAM_2025-03-17_G38,SOUZAM,2025-03-17,111569,1,4,0,93.0
SOUZAM_2025-03-17_G39,SOUZAM,2025-03-17,"109937, 118222",2,2,23,67.0
SOUZAM_2025-03-17_G40,SOUZAM,2025-03-17,111430,1,2,0,82.0
SOUZAM_2025-03-17_G41,SOUZAM,2025-03-17,117862,1,2,0,86.0
SOUZAM_2025-03-17_G42,SOUZAM,2025-03-17,110339,1,2,0,68.0
SOUZAM_2025-03-17_G43,SOUZAM,2025-03-17,117856,1,2,0,43.0
SOUZAM_2025-03-17_G44,SOUZAM,2025-03-17,107629,1,2,0,53.0
SOUZAM_2025-03-17_G45,SOUZAM,2025-03-17,117855,2,4,11,128.0
SOUZAM_2025-03-17_G46,SOUZAM,2025-03-17,117861,1,4,0,47.0
SOUZAM_2025-03-17_G47,SOUZAM,2025-03-17,110711,1,4,0,85.0
SOUZAM_2025-03-17_G48,SOUZAM,2025-03-17,111532,1,2,0,106.0
SOUZAM_2025-03-17_G49,SOUZAM,2025-03-17,111443,1,2,0,39.0
SOUZAM_2025-03-17_G50,SOUZAM,2025-03-17,117831,1,2,0,52.0
SOUZAM_2025-03-17_G51,SOUZAM,2025-03-17,109641,1,2,0,40.0
SOUZAM_2025-03-17_G52,SOUZAM,2025-03-17,111172,1,2,0,39.0
SOUZAM_2025-03-17_G53,SOUZAM,2025-03-17,"110745, 117821",2,6,28,62.0
SOUZAM_2025-03-17_G54,SOUZAM,2025-03-17,109645,1,4,0,90.0
SOUZAM_2025-03-17_G55,SOUZAM,2025-03-17,105705,1,3,0,50.0
SOUZAM_2025-03-17_G56,SOUZAM,2025-03-17,108794,1,2,0,62.0
SOUZAM_2025-03-17_G57,SOUZAM,2025-03-17,111433,1,2,0,41.0
SOUZAM_2025-03-17_G58,SOUZAM,2025-03-17,111465,1,4,0,33.0
SOUZAM_2025-03-17_G59,SOUZAM,2025-03-17,118299,1,8,0,144.0
SOUZAM_2025-03-17_G60,SOUZAM,2025-03-17,117832,1,2,0,140.0
SOUZAM_2025-03-17_G61,SOUZAM,2025-03-17,110374,1,6,0,41.0
SOUZAM_2025-03-17_G62,SOUZAM,2025-03-17,110376,1,4,0,628.0
SOUZAM_2025-03-17_G63,SOUZAM,2025-03-17,111441,1,2,0,81.0
SOUZAM_2025-03-17_G64,SOUZAM,2025-03-17,111569,1,2,0,104.0
SOUZAM_2025-03-17_G65,SOUZAM,2025-03-17,"118306, 100334",2,6,29,31.0
SOUZAM_2025-03-17_G66,SOUZAM,2025-03-17,117835,1,1,0,104.0
SOUZAM_2025-03-17_G67,SOUZAM,2025-03-17,109647,1,2,0,113.0
SOUZAM_2025-03-17_G68,SOUZAM,2025-03-17,111876,1,2,0,90.0
SOUZAM_2025-03-17_G69,SOUZAM,2025-03-17,110711,1,5,0,93.0
SOUZAM_2025-03-17_G70,SOUZAM,2025-03-17,107236,1,2,0,178.0
SOUZAM_2025-03-17_G71,SOUZAM,2025-03-17,111443,1,4,0,131.0
SOUZAM_2025-03-17_G72,SOUZAM,2025-03-17,117831,1,8,0,60.0
SOUZAM_2025-03-17_G73,SOUZAM,2025-03-17,117785,1,7,0,63.0
SOUZAM_2025-03-17_G74,SOUZAM,2025-03-17,118140,1,8,0,289.0
SOUZAM_2025-03-17_G75,SOUZAM,2025-03-17,108711,1,5,0,77.0
SOUZAM_2025-03-17_G76,SOUZAM,2025-03-17,109645,1,3,0,75.0
SOUZAM_2025-03-17_G77,SOUZAM,2025-03-17,105705,1,3,0,66.0
SOUZAM_2025-03-17_G78,SOUZAM,2025-03-17,118299,1,6,0,73.0
SOUZAM_2025-03-17_G79,SOUZAM,2025-03-17,117808,1,26,0,135.0
SOUZAM_2025-03-17_G80,SOUZAM,2025-03-17,110372,1,20,0,85.0
SOUZAM_2025-03-17_G81,SOUZAM,2025-03-17,109643,1,18,0,43.0
SOUZAM_2025-03-17_G82,SOUZAM,2025-03-17,117832,1,8,0,203.0
SOUZAM_2025-03-17_G83,SOUZAM,2025-03-17,111441,2,3,7,220.0
SOUZAM_2025-03-17_G84,SOUZAM,2025-03-17,111569,1,4,0,90.0
SOUZAM_2025-03-17_G85,SOUZAM,2025-03-17,"109937, 118222",2,5,26,73.0
SOUZAM_2025-03-17_G86,SOUZAM,2025-03-17,111430,1,1,0,73.0
SOUZAM_2025-03-17_G87,SOUZAM,2025-03-17,111602,1,14,0,251.0
SOUZAM_2025-03-17_G88,SOUZAM,2025-03-17,118094,1,2,0,102.0
SOUZAM_2025-03-17_G89,SOUZAM,2025-03-17,110313,1,4,0,61.0
SOUZAM_2025-03-17_G90,SOUZAM,2025-03-17,110733,1,3,0,52.0
SOUZAM_2025-03-17_G91,SOUZAM,2025-03-17,110741,1,2,0,64.0
SOUZAM_2025-03-17_G92,SOUZAM,2025-03-17,110711,1,2,0,90.0
SOUZAM_2025-03-17_G93,SOUZAM,2025-03-17,118299,1,3,0,102.0
SOUZAM_2025-03-17_G94,SOUZAM,2025-03-17,117809,1,8,0,76.0
SOUZAM_2025-03-17_G95,SOUZAM,2025-03-17,109643,1,1,0,99.0
SOUZAM_2025-03-17_G96,SOUZAM,2025-03-17,117832,1,4,0,38.0
SOUZAM_2025-03-17_G97,SOUZAM,2025-03-17,109747,1,3,0,78.0
SOUZAM_2025-03-17_G98,SOUZAM,2025-03-17,122962,1,120,0,2103.0
SOUZAM_2025-03-17_G99,SOUZAM,2025-03-17,123343,1,14,0,430.0
SOUZAM_2025-03-17_G100,SOUZAM,2025-03-17,123909,1,16,0,249.0
SOUZAM_2025-03-17_G101,SOUZAM,2025-03-17,122671,1,40,0,564.0
SOUZAM_2025-03-17_G102,SOUZAM,2025-03-17,122962,1,40,0,572.0
SOUZAM_2025-03-17_G103,SOUZAM,2025-03-17,123343,1,22,0,86.0
SOUZAM_2025-03-17_G105,SOUZAM,2025-03-17,118094,1,1,0,164.0
SOUZAM_2025-03-17_G106,SOUZAM,2025-03-17,"111598, 117856",2,4,24,73.0
SOUZAM_2025-03-17_G107,SOUZAM,2025-03-17,111602,1,2,0,41.0
SOUZAM_2025-03-17_G108,SOUZAM,2025-03-17,"110515, 111530",2,3,26,53.0
SOUZAM_2025-03-17_G109,SOUZAM,2025-03-17,117785,1,4,0,103.0
SOUZAM_2025-03-17_G110,SOUZAM,2025-03-17,118140,1,7,0,36.0
SOUZAM_2025-03-17_G111,SOUZAM,2025-03-17,111462,1,3,0,80.0
SOUZAM_2025-03-17_G112,SOUZAM,2025-03-17,110787,1,2,0,91.0
SOUZAM_2025-03-17_G113,SOUZAM,2025-03-17,118299,1,1,0,34.0
SOUZAM_2025-03-17_G114,SOUZAM,2025-03-17,117830,1,5,0,86.0
SOUZAM_2025-03-17_G115,SOUZAM,2025-03-17,118299,1,14,0,243.0
SOUZAM_2025-03-17_G116,SOUZAM,2025-03-17,117808,1,18,0,43.0
SOUZAM_2025-03-17_G117,SOUZAM,2025-03-17,117808,1,156,0,35.0
SOUZAM_2025-03-17_G118,SOUZAM,2025-03-17,110373,1,13,0,322.0
SOUZAM_2025-03-17_G119,SOUZAM,2025-03-17,110372,1,16,0,80.0
SOUZAM_2025-03-17_G120,SOUZAM,2025-03-17,110371,1,8,0,88.0
SOUZAM_2025-03-17_G121,SOUZAM,2025-03-17,109643,1,3,0,97.0
SOUZAM_2025-03-17_G122,SOUZAM,2025-03-17,110374,2,5,8,60.0
SOUZAM_2025-03-17_G123,SOUZAM,2025-03-17,111466,1,2,0,174.0
SOUZAM_2025-03-17_G124,SOUZAM,2025-03-17,111435,1,2,0,76.0
SOUZAM_2025-03-17_G125,SOUZAM,2025-03-17,111532,1,4,0,43.0
SOUZAM_2025-03-17_G126,SOUZAM,2025-03-17,117785,1,24,0,98.0
SOUZAM_2025-03-17_G127,SOUZAM,2025-03-17,118140,1,4,0,102.0
SOUZAM_2025-03-17_G128,SOUZAM,2025-03-17,108770,1,2,0,1609.0
SOUZAM_2025-03-17_G129,SOUZAM,2025-03-17,111438,1,2,0,51.0
SOUZAM_2025-03-17_G130,SOUZAM,2025-03-17,111569,1,3,0,72.0
SOUZAM_2025-03-17_G131,SOUZAM,2025-03-17,109937,1,2,0,92.0
SOUZAM_2025-03-17_G132,SOUZAM,2025-03-17,118222,1,4,0,32.0
SOUZAM_2025-03-17_G133,SOUZAM,2025-03-17,100334,1,1,0,93.0
SOUZAM_2025-03-17_G134,SOUZAM,2025-03-17,117862,1,5,0,107.0
SOUZAM_2025-03-17_G135,SOUZAM,2025-03-17,110313,1,4,0,95.0
SOUZAM_2025-03-17_G136,SOUZAM,2025-03-17,117935,1,2,0,59.0
SOUZAM_2025-03-17_G137,SOUZAM,2025-03-17,111602,1,14,0,50.0
SOUZAM_2025-03-17_G138,SOUZAM,2025-03-17,117786,1,2,0,91.0
SOUZAM_2025-03-17_G139,SOUZAM,2025-03-17,110515,1,9,0,96.0
SOUZAM_2025-03-17_G140,SOUZAM,2025-03-17,110711,1,9,0,77.0
SOUZAM_2025-03-17_G141,SOUZAM,2025-03-17,111466,1,4,0,825.0
SOUZAM_2025-03-17_G142,SOUZAM,2025-03-17,118140,1,11,0,81.0
SOUZAM_2025-03-17_G143,SOUZAM,2025-03-17,"118317, 111462",2,6,7,120.0
SOUZAM_2025-03-17_G144,SOUZAM,2025-03-17,117821,1,1,0,34.0
SOUZAM_2025-03-17_G145,SOUZAM,2025-03-17,110787,1,5,0,65.0
SOUZAM_2025-03-17_G146,SOUZAM,2025-03-17,108794,1,6,0,83.0
SOUZAM_2025-03-17_G147,SOUZAM,2025-03-17,110325,1,9,0,122.0
SOUZAM_2025-03-17_G148,SOUZAM,2025-03-17,118299,1,5,0,45.0
SOUZAM_2025-03-17_G149,SOUZAM,2025-03-17,110376,1,4,0,67.0
SOUZAM_2025-03-17_G150,SOUZAM,2025-03-17,110373,1,7,0,39.0
SOUZAM_2025-03-17_G151,SOUZAM,2025-03-17,117820,1,3,0,45.0
SOUZAM_2025-03-17_G152,SOUZAM,2025-03-17,117830,1,2,0,44.0
SOUZAM_2025-03-17_G153,SOUZAM,2025-03-17,109643,1,2,0,80.0
SOUZAM_2025-03-17_G154,SOUZAM,2025-03-17,111602,1,40,0,224.0
SOUZAM_2025-03-17_G155,SOUZAM,2025-03-17,111466,2,62,25,312.0
SOUZAM_2025-03-17_G156,SOUZAM,2025-03-17,111532,1,136,0,717.0
SOUZAM_2025-03-17_G157,SOUZAM,2025-03-17,111443,1,6,0,132.0
SOUZAM_2025-03-17_G158,SOUZAM,2025-03-17,111172,1,1,0,130.0
SOUZAM_2025-03-17_G159,SOUZAM,2025-03-17,118140,1,21,0,45.0
SOUZAM_2025-03-17_G160,SOUZAM,2025-03-17,111418,1,6,0,229.0
SOUZAM_2025-03-17_G161,SOUZAM,2025-03-17,117855,1,61,0,368.0
SOUZAM_2025-03-17_G162,SOUZAM,2025-03-17,117855,1,86,0,77.0
SOUZAM_2025-03-17_G163,SOUZAM,2025-03-17,110515,1,65,0,387.0
SOUZAM_2025-03-18_G02,SOUZAM,2025-03-18,120028,1,24,0,805.0
SOUZAM_2025-03-18_G03,SOUZAM,2025-03-18,122673,1,10,0,98.0
SOUZAM_2025-03-18_G04,SOUZAM,2025-03-18,123343,1,4,0,246.0
SOUZAM_2025-03-18_G05,SOUZAM,2025-03-18,122185,1,38,0,1112.0
SOUZAM_2025-03-18_G06,SOUZAM,2025-03-18,"124486, 121760",2,10,24,88.0
SOUZAM_2025-03-18_G07,SOUZAM,2025-03-18,123344,1,6,0,227.0
SOUZAM_2025-03-18_G08,SOUZAM,2025-03-18,124486,1,4,0,372.0
SOUZAM_2025-03-18_G09,SOUZAM,2025-03-18,"121651, 122962",2,22,13,358.0
SOUZAM_2025-03-18_G10,SOUZAM,2025-03-18,124486,2,28,27,496.0
SOUZAM_2025-03-18_G11,SOUZAM,2025-03-18,124486,1,8,0,41.0
SOUZAM_2025-03-18_G12,SOUZAM,2025-03-18,122984,1,2,0,107.0
SOUZAM_2025-03-18_G13,SOUZAM,2025-03-18,122185,1,2,0,111.0
SOUZAM_2025-03-18_G14,SOUZAM,2025-03-18,123343,1,6,0,228.0
SOUZAM_2025-03-18_G15,SOUZAM,2025-03-18,122985,1,4,0,102.0
SOUZAM_2025-03-18_G16,SOUZAM,2025-03-18,124486,1,10,0,219.0
SOUZAM_2025-03-18_G17,SOUZAM,2025-03-18,122962,1,6,0,118.0
SOUZAM_2025-03-18_G18,SOUZAM,2025-03-18,124486,1,10,0,57.0
SOUZAM_2025-03-18_G19,SOUZAM,2025-03-18,122982,1,14,0,289.0
SOUZAM_2025-03-18_G20,SOUZAM,2025-03-18,122988,1,36,0,716.0
SOUZAM_2025-03-18_G21,SOUZAM,2025-03-18,122673,1,6,0,207.0
SOUZAM_2025-03-18_G22,SOUZAM,2025-03-18,120339,1,7,0,125.0
SOUZAM_2025-03-18_G23,SOUZAM,2025-03-18,122185,1,10,0,167.0
SOUZAM_2025-03-18_G24,SOUZAM,2025-03-18,122986,1,2,0,198.0
SOUZAM_2025-03-18_G25,SOUZAM,2025-03-18,121651,1,14,0,1163.0
SOUZAM_2025-03-18_G26,SOUZAM,2025-03-18,"123911, 122671",2,14,9,273.0
SOUZAM_2025-03-18_G27,SOUZAM,2025-03-18,124248,1,6,0,84.0
SOUZAM_2025-03-18_G28,SOUZAM,2025-03-18,123909,1,14,0,167.0
SOUZAM_2025-03-18_G29,SOUZAM,2025-03-18,122984,1,6,0,737.0
SOUZAM_2025-03-18_G30,SOUZAM,2025-03-18,122988,1,4,0,65.0
SOUZAM_2025-03-18_G31,SOUZAM,2025-03-18,122985,1,1,0,54.0
SOUZAM_2025-03-18_G32,SOUZAM,2025-03-18,122962,1,12,0,86.0
SOUZAM_2025-03-18_G33,SOUZAM,2025-03-18,122671,1,4,0,163.0
SOUZAM_2025-03-18_G34,SOUZAM,2025-03-18,"122984, 123345",2,12,24,272.0
SOUZAM_2025-03-18_G35,SOUZAM,2025-03-18,123343,1,5,0,55.0
SOUZAM_2025-03-18_G36,SOUZAM,2025-03-18,122703,1,4,0,151.0
SOUZAM_2025-03-18_G37,SOUZAM,2025-03-18,122983,1,2,0,85.0
SOUZAM_2025-03-18_G38,SOUZAM,2025-03-18,"122984, 122185",2,15,20,247.0
SOUZAM_2025-03-18_G39,SOUZAM,2025-03-18,124370,1,12,0,193.0
SOUZAM_2025-03-18_G40,SOUZAM,2025-03-18,123313,1,2,0,65.0
SOUZAM_2025-03-18_G41,SOUZAM,2025-03-18,123345,1,2,0,92.0
SOUZAM_2025-03-18_G42,SOUZAM,2025-03-18,122984,1,60,0,1324.0
SOUZAM_2025-03-18_G43,SOUZAM,2025-03-18,122185,1,40,0,730.0
SOUZAM_2025-03-18_G44,SOUZAM,2025-03-18,"122962, 120028",2,7,9,694.0
SOUZAM_2025-03-18_G45,SOUZAM,2025-03-18,122188,1,60,0,1155.0
SOUZAM_2025-03-18_G47,SOUZAM,2025-03-18,121651,1,50,0,766.0
SOUZAM_2025-03-18_G48,SOUZAM,2025-03-18,124371,1,20,0,242.0
SOUZAM_2025-03-18_G49,SOUZAM,2025-03-18,122983,1,24,0,231.0
SOUZAM_2025-03-18_G50,SOUZAM,2025-03-18,124370,1,150,0,2233.0
SOUZAM_2025-03-18_G51,SOUZAM,2025-03-18,123520,1,6,0,2448.0
SOUZAM_2025-03-18_G52,SOUZAM,2025-03-18,124486,1,4,0,192.0
SOUZAM_2025-03-18_G53,SOUZAM,2025-03-18,123345,1,5,0,238.0
SOUZAM_2025-03-18_G54,SOUZAM,2025-03-18,124371,1,4,0,78.0
SOUZAM_2025-03-18_G55,SOUZAM,2025-03-18,123909,2,5,7,40.0
SOUZAM_2025-03-18_G56,SOUZAM,2025-03-18,"122984, 123344",2,33,30,428.0
SOUZAM_2025-03-18_G57,SOUZAM,2025-03-18,123909,2,21,21,143.0
SOUZAM_2025-03-18_G58,SOUZAM,2025-03-18,121651,1,10,0,583.0
SOUZAM_2025-03-18_G59,SOUZAM,2025-03-18,123521,2,10,29,96.0
SOUZAM_2025-03-18_G60,SOUZAM,2025-03-18,123344,1,4,0,125.0
SOUZAM_2025-03-18_G61,SOUZAM,2025-03-18,123345,1,7,0,213.0
SOUZAM_2025-03-18_G62,SOUZAM,2025-03-18,124370,1,52,0,895.0
SOUZAM_2025-03-18_G63,SOUZAM,2025-03-18,121651,1,7,0,147.0
SOUZAM_2025-03-18_G64,SOUZAM,2025-03-18,124248,1,20,0,35.0
SOUZAM_2025-03-19_G03,SOUZAM,2025-03-19,122962,1,8,0,55.0
SOUZAM_2025-03-19_G04,SOUZAM,2025-03-19,120028,1,12,0,186.0
SOUZAM_2025-03-19_G05,SOUZAM,2025-03-19,124248,1,48,0,340.0
SOUZAM_2025-03-19_G06,SOUZAM,2025-03-19,"122673, 120028",2,4,10,73.0
SOUZAM_2025-03-19_G07,SOUZAM,2025-03-19,124247,1,20,0,287.0
SOUZAM_2025-03-19_G08,SOUZAM,2025-03-19,122962,1,40,0,416.0
SOUZAM_2025-03-19_G09,SOUZAM,2025-03-19,120339,1,4,0,143.0
SOUZAM_2025-03-19_G10,SOUZAM,2025-03-19,123081,1,24,0,389.0
SOUZAM_2025-03-19_G11,SOUZAM,2025-03-19,124247,1,6,0,108.0
SOUZAM_2025-03-19_G12,SOUZAM,2025-03-19,122962,1,4,0,90.0
SOUZAM_2025-03-19_G13,SOUZAM,2025-03-19,120287,1,4,0,70.0
SOUZAM_2025-03-19_G14,SOUZAM,2025-03-19,123822,1,12,0,364.0
SOUZAM_2025-03-19_G15,SOUZAM,2025-03-19,120028,1,1,0,47.0
SOUZAM_2025-03-19_G16,SOUZAM,2025-03-19,123492,1,16,0,539.0
SOUZAM_2025-03-19_G17,SOUZAM,2025-03-19,120008,1,50,0,1167.0
SOUZAM_2025-03-19_G18,SOUZAM,2025-03-19,123343,1,12,0,706.0
SOUZAM_2025-03-19_G19,SOUZAM,2025-03-19,123345,1,10,0,756.0
SOUZAM_2025-03-19_G20,SOUZAM,2025-03-19,"121928, 122671",2,16,21,143.0
SOUZAM_2025-03-19_G21,SOUZAM,2025-03-19,124371,1,8,0,372.0
SOUZAM_2025-03-19_G22,SOUZAM,2025-03-19,124475,1,16,0,493.0
SOUZAM_2025-03-19_G23,SOUZAM,2025-03-19,124476,1,4,0,38.0
SOUZAM_2025-03-19_G24,SOUZAM,2025-03-19,"122673, 123521",2,65,15,892.0
SOUZAM_2025-03-19_G25,SOUZAM,2025-03-19,123153,1,44,0,827.0
SOUZAM_2025-03-19_G26,SOUZAM,2025-03-19,121760,1,100,0,2358.0
SOUZAM_2025-03-19_G27,SOUZAM,2025-03-19,124370,1,20,0,460.0
SOUZAM_2025-03-19_G28,SOUZAM,2025-03-19,123889,1,12,0,163.0
SOUZAM_2025-03-19_G29,SOUZAM,2025-03-19,123344,1,14,0,393.0
SOUZAM_2025-03-19_G31,SOUZAM,2025-03-19,124371,1,40,0,949.0
SOUZAM_2025-03-19_G32,SOUZAM,2025-03-19,124476,1,16,0,197.0
SOUZAM_2025-03-19_G33,SOUZAM,2025-03-19,122703,1,80,0,737.0
SOUZAM_2025-03-19_G34,SOUZAM,2025-03-19,123909,1,8,0,205.0
SOUZAM_2025-03-19_G35,SOUZAM,2025-03-19,"124370, 123889",2,44,14,606.0
SOUZAM_2025-03-19_G36,SOUZAM,2025-03-19,123344,1,20,0,56.0
SOUZAM_2025-03-19_G37,SOUZAM,2025-03-19,123947,1,8,0,157.0
SOUZAM_2025-03-19_G38,SOUZAM,2025-03-19,122962,1,10,0,861.0
SOUZAM_2025-03-19_G39,SOUZAM,2025-03-19,122983,1,10,0,103.0
SOUZAM_2025-03-19_G40,SOUZAM,2025-03-19,120339,1,20,0,312.0
SOUZAM_2025-03-19_G41,SOUZAM,2025-03-19,122984,1,100,0,750.0
SOUZAM_2025-03-19_G42,SOUZAM,2025-03-19,123343,2,16,10,254.0
SOUZAM_2025-03-19_G43,SOUZAM,2025-03-19,123345,2,10,11,442.0
SOUZAM_2025-03-20_G02,SOUZAM,2025-03-20,124486,1,20,0,432.0
SOUZAM_2025-03-20_G03,SOUZAM,2025-03-20,"122647, 124247",2,34,19,188.0
SOUZAM_2025-03-20_G04,SOUZAM,2025-03-20,122984,1,24,0,264.0
SOUZAM_2025-03-20_G05,SOUZAM,2025-03-20,123822,1,20,0,817.0
SOUZAM_2025-03-20_G06,SOUZAM,2025-03-20,123153,1,4,0,162.0
SOUZAM_2025-03-20_G07,SOUZAM,2025-03-20,"122671, 120008",2,5,21,80.0
SOUZAM_2025-03-20_G08,SOUZAM,2025-03-20,123909,1,2,0,153.0
SOUZAM_2025-03-20_G09,SOUZAM,2025-03-20,122962,1,32,0,140.0
SOUZAM_2025-03-20_G10,SOUZAM,2025-03-20,124486,1,20,0,792.0
SOUZAM_2025-03-20_G11,SOUZAM,2025-03-20,122647,1,20,0,498.0
SOUZAM_2025-03-20_G12,SOUZAM,2025-03-20,123343,1,4,0,103.0
SOUZAM_2025-03-20_G13,SOUZAM,2025-03-20,121651,1,30,0,1003.0
SOUZAM_2025-03-20_G14,SOUZAM,2025-03-20,122703,1,4,0,78.0
SOUZAM_2025-03-20_G15,SOUZAM,2025-03-20,123907,1,18,0,218.0
SOUZAM_2025-03-20_G16,SOUZAM,2025-03-20,121760,1,12,0,315.0
SOUZAM_2025-03-20_G17,SOUZAM,2025-03-20,123344,1,10,0,244.0
SOUZAM_2025-03-20_G18,SOUZAM,2025-03-20,122962,1,4,0,991.0
SOUZAM_2025-03-20_G19,SOUZAM,2025-03-20,123562,2,5,15,114.0
SOUZAM_2025-03-20_G20,SOUZAM,2025-03-20,121928,1,2,0,167.0
SOUZAM_2025-03-20_G21,SOUZAM,2025-03-20,124370,1,20,0,372.0
SOUZAM_2025-03-20_G22,SOUZAM,2025-03-20,123345,1,10,0,47.0
SOUZAM_2025-03-20_G23,SOUZAM,2025-03-20,123345,1,40,0,434.0
SOUZAM_2025-03-20_G24,SOUZAM,2025-03-20,122673,2,100,25,1416.0
SOUZAM_2025-03-20_G25,SOUZAM,2025-03-20,124433,1,43,0,442.0
SOUZAM_2025-03-20_G26,SOUZAM,2025-03-20,124248,1,4,0,166.0
SOUZAM_2025-03-20_G27,SOUZAM,2025-03-20,122982,1,1,0,49.0
SOUZAM_2025-03-20_G28,SOUZAM,2025-03-20,122984,1,27,0,219.0
SOUZAM_2025-03-20_G29,SOUZAM,2025-03-20,124486,1,24,0,492.0
SOUZAM_2025-03-20_G30,SOUZAM,2025-03-20,121928,1,1,0,750.0
SOUZAM_2025-03-20_G31,SOUZAM,2025-03-20,123909,1,8,0,66.0
SOUZAM_2025-03-20_G32,SOUZAM,2025-03-20,122983,1,12,0,289.0
SOUZAM_2025-03-20_G33,SOUZAM,2025-03-20,121760,1,24,0,407.0
SOUZAM_2025-03-20_G34,SOUZAM,2025-03-20,124370,1,20,0,158.0
SOUZAM_2025-03-20_G35,SOUZAM,2025-03-20,123344,1,12,0,100.0
SOUZAM_2025-03-20_G36,SOUZAM,2025-03-20,123343,1,1,0,162.0
SOUZAM_2025-03-20_G37,SOUZAM,2025-03-20,123345,1,12,0,151.0
SOUZAM_2025-03-20_G38,SOUZAM,2025-03-20,123822,1,29,0,158.0
SOUZAM_2025-03-20_G39,SOUZAM,2025-03-20,110515,1,6,0,2033.0
SOUZAM_2025-03-20_G40,SOUZAM,2025-03-20,110895,1,5,0,332.0
SOUZAM_2025-03-20_G41,SOUZAM,2025-03-20,110515,1,7,0,130.0
SOUZAM_2025-03-20_G42,SOUZAM,2025-03-20,111443,1,2,0,55.0
SOUZAM_2025-03-20_G43,SOUZAM,2025-03-20,111569,1,4,0,260.0
SOUZAM_2025-03-20_G44,SOUZAM,2025-03-20,116527,1,4,0,116.0
SOUZAM_2025-03-20_G45,SOUZAM,2025-03-20,117862,1,2,0,106.0
SOUZAM_2025-03-20_G46,SOUZAM,2025-03-20,117786,1,3,0,216.0
SOUZAM_2025-03-20_G47,SOUZAM,2025-03-20,111530,1,2,0,49.0
SOUZAM_2025-03-20_G48,SOUZAM,2025-03-20,111442,1,2,0,188.0
SOUZAM_2025-03-20_G49,SOUZAM,2025-03-20,111443,1,2,0,72.0
SOUZAM_2025-03-20_G50,SOUZAM,2025-03-20,117833,1,1,0,41.0
SOUZAM_2025-03-20_G51,SOUZAM,2025-03-20,117831,1,7,0,78.0
SOUZAM_2025-03-20_G52,SOUZAM,2025-03-20,118140,1,2,0,38.0
SOUZAM_2025-03-20_G53,SOUZAM,2025-03-20,"118299, 117820",2,16,28,118.0
SOUZAM_2025-03-20_G54,SOUZAM,2025-03-20,117808,1,26,0,69.0
SOUZAM_2025-03-20_G55,SOUZAM,2025-03-20,109643,1,2,0,200.0
SOUZAM_2025-03-20_G56,SOUZAM,2025-03-20,110374,1,2,0,51.0
SOUZAM_2025-03-20_G58,SOUZAM,2025-03-20,118403,1,180,0,457.0
SOUZAM_2025-03-20_G59,SOUZAM,2025-03-20,110373,1,400,0,695.0
SOUZAM_2025-03-20_G60,SOUZAM,2025-03-20,111441,1,7,0,2470.0
SOUZAM_2025-03-20_G61,SOUZAM,2025-03-20,111569,1,8,0,130.0
SOUZAM_2025-03-20_G62,SOUZAM,2025-03-20,110747,1,12,0,84.0
SOUZAM_2025-03-20_G63,SOUZAM,2025-03-20,110895,1,11,0,102.0
SOUZAM_2025-03-20_G64,SOUZAM,2025-03-20,117835,1,2,0,110.0
SOUZAM_2025-03-20_G65,SOUZAM,2025-03-20,117862,1,10,0,119.0
SOUZAM_2025-03-20_G66,SOUZAM,2025-03-20,110339,1,10,0,316.0
SOUZAM_2025-03-20_G67,SOUZAM,2025-03-20,110313,1,44,0,219.0
SOUZAM_2025-03-20_G68,SOUZAM,2025-03-20,111602,1,3,0,184.0
SOUZAM_2025-03-20_G69,SOUZAM,2025-03-20,117855,1,2,0,104.0
SOUZAM_2025-03-20_G70,SOUZAM,2025-03-20,110515,2,16,8,172.0
SOUZAM_2025-03-20_G71,SOUZAM,2025-03-20,109640,1,29,0,184.0
SOUZAM_2025-03-20_G72,SOUZAM,2025-03-20,110711,1,8,0,140.0
SOUZAM_2025-03-20_G73,SOUZAM,2025-03-20,117833,1,8,0,129.0
SOUZAM_2025-03-20_G74,SOUZAM,2025-03-20,109641,1,11,0,90.0
SOUZAM_2025-03-20_G75,SOUZAM,2025-03-20,111172,1,5,0,65.0
SOUZAM_2025-03-20_G76,SOUZAM,2025-03-20,110743,1,8,0,64.0
SOUZAM_2025-03-20_G77,SOUZAM,2025-03-20,111418,1,65,0,183.0
SOUZAM_2025-03-20_G78,SOUZAM,2025-03-20,108711,1,13,0,99.0
SOUZAM_2025-03-20_G79,SOUZAM,2025-03-20,111462,1,6,0,87.0
SOUZAM_2025-03-20_G80,SOUZAM,2025-03-20,111763,1,4,0,55.0
SOUZAM_2025-03-20_G81,SOUZAM,2025-03-20,111463,1,90,0,96.0
SOUZAM_2025-03-20_G82,SOUZAM,2025-03-20,118317,1,3,0,180.0
SOUZAM_2025-03-20_G83,SOUZAM,2025-03-20,109645,1,12,0,67.0
SOUZAM_2025-03-20_G84,SOUZAM,2025-03-20,111433,1,9,0,172.0
SOUZAM_2025-03-20_G85,SOUZAM,2025-03-20,111463,1,2,0,120.0
SOUZAM_2025-03-20_G86,SOUZAM,2025-03-20,111469,1,40,0,274.0
SOUZAM_2025-03-20_G87,SOUZAM,2025-03-20,117820,1,51,0,92.0
SOUZAM_2025-03-20_G88,SOUZAM,2025-03-20,117808,1,80,0,248.0
SOUZAM_2025-03-20_G89,SOUZAM,2025-03-20,109643,1,7,0,173.0
SOUZAM_2025-03-20_G90,SOUZAM,2025-03-20,110372,2,45,8,77.0
SOUZAM_2025-03-20_G91,SOUZAM,2025-03-20,111466,2,64,7,1118.0
SOUZAM_2025-03-20_G92,SOUZAM,2025-03-20,117832,1,3,0,243.0
SOUZAM_2025-03-20_G93,SOUZAM,2025-03-20,110373,2,37,15,39.0
SOUZAM_2025-03-20_G94,SOUZAM,2025-03-20,110374,2,32,7,218.0
SOUZAM_2025-03-20_G95,SOUZAM,2025-03-20,118299,2,82,8,37.0
SOUZAM_2025-03-20_G96,SOUZAM,2025-03-20,110895,1,8,0,1722.0
SOUZAM_2025-03-20_G97,SOUZAM,2025-03-20,111530,1,6,0,84.0
SOUZAM_2025-03-20_G98,SOUZAM,2025-03-20,111438,2,5,7,79.0
SOUZAM_2025-03-21_G02,SOUZAM,2025-03-21,111463,1,18,0,95.0
SOUZAM_2025-03-21_G03,SOUZAM,2025-03-21,111469,1,2,0,363.0
SOUZAM_2025-03-21_G04,SOUZAM,2025-03-21,111172,1,5,0,92.0
SOUZAM_2025-03-21_G05,SOUZAM,2025-03-21,111418,1,12,0,99.0
SOUZAM_2025-03-21_G07,SOUZAM,2025-03-21,120028,1,47,0,725.0
SOUZAM_2025-03-21_G08,SOUZAM,2025-03-21,"124594, 122671",2,4,28,285.0
SOUZAM_2025-03-21_G09,SOUZAM,2025-03-21,122981,1,4,0,62.0
SOUZAM_2025-03-21_G10,SOUZAM,2025-03-21,120271,1,2,0,58.0
SOUZAM_2025-03-21_G11,SOUZAM,2025-03-21,123562,1,6,0,68.0
SOUZAM_2025-03-21_G12,SOUZAM,2025-03-21,124476,1,4,0,111.0
SOUZAM_2025-03-21_G13,SOUZAM,2025-03-21,124486,1,51,0,122.0
SOUZAM_2025-03-21_G14,SOUZAM,2025-03-21,"122962, 124486",2,21,9,105.0
SOUZAM_2025-03-21_G15,SOUZAM,2025-03-21,122647,1,80,0,998.0
SOUZAM_2025-03-21_G16,SOUZAM,2025-03-21,122185,1,7,0,498.0
SOUZAM_2025-03-21_G17,SOUZAM,2025-03-21,122985,1,4,0,269.0
SOUZAM_2025-03-21_G18,SOUZAM,2025-03-21,124248,1,8,0,41.0
SOUZAM_2025-03-21_G19,SOUZAM,2025-03-21,120339,1,20,0,360.0
SOUZAM_2025-03-21_G20,SOUZAM,2025-03-21,122962,1,4,0,45.0
SOUZAM_2025-03-21_G21,SOUZAM,2025-03-21,123345,1,1,0,107.0
SOUZAM_2025-03-21_G22,SOUZAM,2025-03-21,108770,1,3,0,1230.0
SOUZAM_2025-03-21_G23,SOUZAM,2025-03-21,117835,1,10,0,77.0
SOUZAM_2025-03-21_G24,SOUZAM,2025-03-21,110733,1,14,0,130.0
SOUZAM_2025-03-21_G25,SOUZAM,2025-03-21,107629,1,13,0,70.0
SOUZAM_2025-03-21_G26,SOUZAM,2025-03-21,110741,1,10,0,75.0
SOUZAM_2025-03-21_G27,SOUZAM,2025-03-21,111876,1,7,0,91.0
SOUZAM_2025-03-21_G28,SOUZAM,2025-03-21,105242,1,8,0,98.0
SOUZAM_2025-03-21_G29,SOUZAM,2025-03-21,101217,1,9,0,191.0
SOUZAM_2025-03-21_G30,SOUZAM,2025-03-21,110711,1,8,0,60.0
SOUZAM_2025-03-21_G31,SOUZAM,2025-03-21,117788,1,10,0,54.0
SOUZAM_2025-03-21_G32,SOUZAM,2025-03-21,108736,1,10,0,194.0
SOUZAM_2025-03-21_G33,SOUZAM,2025-03-21,117833,1,20,0,85.0
SOUZAM_2025-03-21_G34,SOUZAM,2025-03-21,108795,1,32,0,64.0
SOUZAM_2025-03-21_G35,SOUZAM,2025-03-21,111172,1,7,0,270.0
SOUZAM_2025-03-21_G36,SOUZAM,2025-03-21,108711,1,60,0,153.0
SOUZAM_2025-03-21_G37,SOUZAM,2025-03-21,111462,1,40,0,309.0
SOUZAM_2025-03-21_G38,SOUZAM,2025-03-21,117821,1,18,0,299.0
SOUZAM_2025-03-21_G39,SOUZAM,2025-03-21,110787,1,46,0,221.0
SOUZAM_2025-03-21_G40,SOUZAM,2025-03-21,118140,1,80,0,276.0
SOUZAM_2025-03-21_G41,SOUZAM,2025-03-21,110371,1,80,0,109.0
SOUZAM_2025-03-21_G42,SOUZAM,2025-03-21,110374,1,50,0,354.0
SOUZAM_2025-03-21_G43,SOUZAM,2025-03-21,110373,1,277,0,529.0
SOUZAM_2025-03-21_G44,SOUZAM,2025-03-21,122962,1,100,0,1215.0
SOUZAM_2025-03-21_G45,SOUZAM,2025-03-21,122647,1,200,0,2847.0
SOUZAM_2025-03-21_G46,SOUZAM,2025-03-21,122962,1,40,0,1984.0
SOUZAM_2025-03-21_G47,SOUZAM,2025-03-21,"124486, 124433",2,70,24,529.0
SOUZAM_2025-03-21_G48,SOUZAM,2025-03-21,124433,1,12,0,50.0
SOUZAM_2025-03-21_G49,SOUZAM,2025-03-21,123345,1,12,0,1123.0
SOUZAM_2025-03-21_G50,SOUZAM,2025-03-21,122983,1,25,0,358.0
SOUZAM_2025-03-21_G52,SOUZAM,2025-03-21,122981,2,22,10,254.0
SOUZAM_2025-03-21_G53,SOUZAM,2025-03-21,122647,1,12,0,175.0
SOUZAM_2025-03-21_G54,SOUZAM,2025-03-21,122185,1,32,0,395.0
SOUZAM_2025-03-21_G55,SOUZAM,2025-03-21,123345,1,30,0,556.0
SOUZAM_2025-03-21_G56,SOUZAM,2025-03-21,123947,1,16,0,200.0
SOUZAM_2025-03-21_G57,SOUZAM,2025-03-21,121651,2,18,17,336.0
SOUZAM_2025-03-21_G58,SOUZAM,2025-03-21,122986,1,2,0,41.0
SOUZAM_2025-03-21_G59,SOUZAM,2025-03-21,122703,1,8,0,98.0
SOUZAM_2025-03-21_G60,SOUZAM,2025-03-21,121760,1,12,0,32.0
SOUZAM_2025-03-21_G61,SOUZAM,2025-03-21,121651,2,22,8,220.0
SOUZAM_2025-03-21_G62,SOUZAM,2025-03-21,123344,1,5,0,332.0
SOUZAM_2025-03-21_G63,SOUZAM,2025-03-21,123345,1,1,0,155.0
SOUZAM_2025-03-21_G64,SOUZAM,2025-03-21,123822,1,30,0,575.0
SOUZAM_2025-03-21_G65,SOUZAM,2025-03-21,124486,1,24,0,1129.0
SOUZAM_2025-03-21_G66,SOUZAM,2025-03-21,123561,1,6,0,164.0
SOUZAM_2025-03-21_G67,SOUZAM,2025-03-21,122984,1,40,0,292.0
SOUZAM_2025-03-21_G68,SOUZAM,2025-03-21,121760,1,10,0,77.0
SOUZAM_2025-03-21_G69,SOUZAM,2025-03-21,122195,1,4,0,304.0
SOUZAM_2025-03-21_G70,SOUZAM,2025-03-21,123909,1,30,0,1208.0
SOUZAM_2025-03-21_G71,SOUZAM,2025-03-21,122984,1,20,0,407.0
SOUZAM_2025-03-21_G72,SOUZAM,2025-03-21,122984,1,30,0,73.0
SOUZAM_2025-03-21_G73,SOUZAM,2025-03-21,122962,1,20,0,469.0
SOUZAM_2025-03-21_G74,SOUZAM,2025-03-21,124248,1,18,0,198.0
SOUZAM_2025-03-21_G75,SOUZAM,2025-03-21,123343,1,1,0,196.0
SOUZAM_2025-03-21_G76,SOUZAM,2025-03-21,122962,1,12,0,48.0
SOUZAM_2025-03-21_G77,SOUZAM,2025-03-21,122671,1,4,0,299.0
SOUZAM_2025-03-21_G78,SOUZAM,2025-03-21,124486,1,8,0,65.0
SOUZAM_2025-03-21_G79,SOUZAM,2025-03-21,123909,1,2,0,42.0
SOUZAM_2025-03-21_G80,SOUZAM,2025-03-21,122185,1,10,0,210.0
SOUZAM_2025-03-21_G81,SOUZAM,2025-03-21,124247,1,6,0,204.0
SOUZAM_2025-03-21_G82,SOUZAM,2025-03-21,122984,1,4,0,192.0
SOUZAM_2025-03-21_G83,SOUZAM,2025-03-21,124247,1,6,0,120.0
SOUZAM_2025-03-21_G84,SOUZAM,2025-03-21,124476,1,2,0,117.0
SOUZAM_2025-03-21_G85,SOUZAM,2025-03-21,123345,1,2,0,123.0
SOUZAM_2025-03-21_G86,SOUZAM,2025-03-21,124247,1,10,0,88.0
SOUZAM_2025-03-21_G87,SOUZAM,2025-03-21,122983,1,4,0,241.0
SOUZAM_2025-03-21_G88,SOUZAM,2025-03-21,122968,1,12,0,363.0
SOUZAM_2025-03-21_G89,SOUZAM,2025-03-21,122985,1,54,0,189.0
SOUZAM_2025-03-21_G90,SOUZAM,2025-03-21,123313,1,24,0,185.0
SOUZAM_2025-03-21_G91,SOUZAM,2025-03-21,122185,1,45,0,1209.0
SOUZAM_2025-03-21_G92,SOUZAM,2025-03-21,123343,1,8,0,228.0
SOUZAM_2025-03-22_G02,SOUZAM,2025-03-22,124476,1,50,0,1419.0
SOUZAM_2025-03-22_G04,SOUZAM,2025-03-22,122673,1,12,0,262.0
SOUZAM_2025-03-22_G05,SOUZAM,2025-03-22,122673,2,16,8,41.0
SOUZAM_2025-03-22_G06,SOUZAM,2025-03-22,123343,1,3,0,353.0
SOUZAM_2025-03-22_G07,SOUZAM,2025-03-22,122962,1,80,0,1109.0
SOUZAM_2025-03-22_G08,SOUZAM,2025-03-22,124486,1,40,0,223.0
SOUZAM_2025-03-22_G09,SOUZAM,2025-03-22,122983,1,8,0,291.0
SOUZAM_2025-03-22_G10,SOUZAM,2025-03-22,124248,1,4,0,92.0
SOUZAM_2025-03-22_G11,SOUZAM,2025-03-22,124486,2,12,8,34.0
SOUZAM_2025-03-22_G12,SOUZAM,2025-03-22,"123909, 124247",3,10,38,38.0
SOUZAM_2025-03-22_G13,SOUZAM,2025-03-22,122984,1,18,0,105.0
SOUZAM_2025-03-22_G14,SOUZAM,2025-03-22,124248,1,2,0,48.0
SOUZAM_2025-03-22_G16,SOUZAM,2025-03-22,117831,1,100,0,408.0
SOUZAM_2025-03-22_G17,SOUZAM,2025-03-22,118299,1,360,0,824.0
SOUZAM_2025-03-22_G18,SOUZAM,2025-03-22,117808,1,1000,0,1164.0
SOUZAM_2025-03-22_G20,SOUZAM,2025-03-22,110515,1,100,0,553.0
SOUZAM_2025-03-22_G21,SOUZAM,2025-03-22,140922,1,100,0,1164.0
SOUZAM_2025-03-22_G22,SOUZAM,2025-03-22,111418,1,100,0,479.0
SOUZAM_2025-03-22_G23,SOUZAM,2025-03-22,111532,1,100,0,114.0
SOUZAM_2025-03-22_G24,SOUZAM,2025-03-22,111172,1,100,0,230.0
SOUZAM_2025-03-22_G25,SOUZAM,2025-03-22,110787,1,200,0,786.0
SOUZAM_2025-03-22_G26,SOUZAM,2025-03-22,111466,1,8,0,173.0
SOUZAM_2025-03-22_G27,SOUZAM,2025-03-22,117820,1,200,0,318.0
SOUZAM_2025-03-22_G28,SOUZAM,2025-03-22,110372,1,200,0,606.0
SOUZAM_2025-03-22_G29,SOUZAM,2025-03-22,111466,2,192,25,581.0
SOUZAM_2025-03-24_G02,SOUZAM,2025-03-24,109647,1,7,0,163.0
SOUZAM_2025-03-24_G03,SOUZAM,2025-03-24,111530,2,30,7,372.0
SOUZAM_2025-03-24_G04,SOUZAM,2025-03-24,109640,2,20,6,254.0
SOUZAM_2025-03-24_G05,SOUZAM,2025-03-24,109649,1,5,0,488.0
SOUZAM_2025-03-24_G06,SOUZAM,2025-03-24,111442,1,10,0,156.0
SOUZAM_2025-03-24_G07,SOUZAM,2025-03-24,140922,1,13,0,372.0
SOUZAM_2025-03-24_G08,SOUZAM,2025-03-24,111443,1,23,0,199.0
SOUZAM_2025-03-24_G09,SOUZAM,2025-03-24,109641,1,5,0,312.0
SOUZAM_2025-03-24_G10,SOUZAM,2025-03-24,110743,1,5,0,72.0
SOUZAM_2025-03-24_G11,SOUZAM,2025-03-24,110745,1,10,0,80.0
SOUZAM_2025-03-24_G12,SOUZAM,2025-03-24,110740,1,2,0,85.0
SOUZAM_2025-03-24_G13,SOUZAM,2025-03-24,117808,1,300,0,389.0
SOUZAM_2025-03-24_G14,SOUZAM,2025-03-24,117840,1,10,0,200.0
SOUZAM_2025-03-24_G15,SOUZAM,2025-03-24,111742,1,12,0,2951.0
SOUZAM_2025-03-24_G16,SOUZAM,2025-03-24,111740,1,20,0,292.0
SOUZAM_2025-03-24_G17,SOUZAM,2025-03-24,111742,1,20,0,162.0
SOUZAM_2025-03-24_G18,SOUZAM,2025-03-24,111438,3,4,13,689.0
SOUZAM_2025-03-24_G19,SOUZAM,2025-03-24,118290,2,5,28,460.0
SOUZAM_2025-03-24_G20,SOUZAM,2025-03-24,111438,1,2,0,689.0
SOUZAM_2025-03-24_G21,SOUZAM,2025-03-24,117835,1,2,0,118.0
SOUZAM_2025-03-24_G22,SOUZAM,2025-03-24,109647,1,4,0,136.0
SOUZAM_2025-03-24_G23,SOUZAM,2025-03-24,117786,1,3,0,123.0
SOUZAM_2025-03-24_G24,SOUZAM,2025-03-24,108772,1,4,0,54.0
SOUZAM_2025-03-24_G25,SOUZAM,2025-03-24,110743,1,2,0,77.0
SOUZAM_2025-03-24_G26,SOUZAM,2025-03-24,108711,1,3,0,72.0
SOUZAM_2025-03-24_G27,SOUZAM,2025-03-24,117808,1,7,0,48.0
SOUZAM_2025-03-24_G28,SOUZAM,2025-03-24,110372,1,3,0,61.0
SOUZAM_2025-03-24_G29,SOUZAM,2025-03-24,110373,1,4,0,65.0
SOUZAM_2025-03-24_G30,SOUZAM,2025-03-24,109747,1,3,0,97.0
SOUZAM_2025-03-24_G31,SOUZAM,2025-03-24,111530,1,2,0,180.0
SOUZAM_2025-03-24_G32,SOUZAM,2025-03-24,111469,1,2,0,81.0
SOUZAM_2025-03-24_G33,SOUZAM,2025-03-24,110325,1,12,0,64.0
SOUZAM_2025-03-24_G34,SOUZAM,2025-03-24,117853,1,1,0,146.0
SOUZAM_2025-03-24_G35,SOUZAM,2025-03-24,118222,1,14,0,1630.0
SOUZAM_2025-03-24_G36,SOUZAM,2025-03-24,111441,2,12,8,380.0
SOUZAM_2025-03-24_G37,SOUZAM,2025-03-24,110747,1,4,0,307.0
SOUZAM_2025-03-24_G38,SOUZAM,2025-03-24,117289,1,50,0,125.0
SOUZAM_2025-03-24_G39,SOUZAM,2025-03-24,110313,1,50,0,440.0
SOUZAM_2025-03-24_G40,SOUZAM,2025-03-24,111469,1,190,0,454.0
SOUZAM_2025-03-24_G42,SOUZAM,2025-03-24,120389,1,8,0,285.0
SOUZAM_2025-03-24_G43,SOUZAM,2025-03-24,120389,3,12,30,57.0
SOUZAM_2025-03-24_G44,SOUZAM,2025-03-24,123909,1,16,0,90.0
SOUZAM_2025-03-24_G45,SOUZAM,2025-03-24,123521,1,2,0,235.0
SOUZAM_2025-03-24_G46,SOUZAM,2025-03-24,123153,1,16,0,45.0
SOUZAM_2025-03-24_G47,SOUZAM,2025-03-24,121760,2,30,8,132.0
SOUZAM_2025-03-24_G48,SOUZAM,2025-03-24,123344,1,12,0,514.0
SOUZAM_2025-03-24_G49,SOUZAM,2025-03-24,123153,1,30,0,464.0
SOUZAM_2025-03-24_G50,SOUZAM,2025-03-24,123343,5,35,26,219.0
SOUZAM_2025-03-27_G02,SOUZAM,2025-03-27,124264,1,10,0,516.0
SOUZAM_2025-03-27_G03,SOUZAM,2025-03-27,122647,1,2,0,93.0
SOUZAM_2025-03-27_G04,SOUZAM,2025-03-27,123909,1,50,0,255.0
SOUZAM_2025-03-27_G05,SOUZAM,2025-03-27,123909,1,8,0,195.0
SOUZAM_2025-03-27_G06,SOUZAM,2025-03-27,120389,1,10,0,95.0
SOUZAM_2025-03-27_G07,SOUZAM,2025-03-27,123492,1,1,0,103.0
SOUZAM_2025-03-27_G08,SOUZAM,2025-03-27,123909,1,5,0,45.0
SOUZAM_2025-03-27_G09,SOUZAM,2025-03-27,122671,1,5,0,46.0
SOUZAM_2025-03-27_G10,SOUZAM,2025-03-27,"124486, 123032",2,14,21,70.0
SOUZAM_2025-03-27_G11,SOUZAM,2025-03-27,123345,1,2,0,76.0
SOUZAM_2025-03-27_G12,SOUZAM,2025-03-27,123032,1,12,0,108.0
SOUZAM_2025-03-27_G13,SOUZAM,2025-03-27,124486,3,49,36,95.0
SOUZAM_2025-03-27_G15,SOUZAM,2025-03-27,120008,1,50,0,1526.0
SOUZAM_2025-03-27_G16,SOUZAM,2025-03-27,124486,1,50,0,450.0
SOUZAM_2025-03-27_G17,SOUZAM,2025-03-27,123153,1,40,0,169.0
SOUZAM_2025-03-27_G18,SOUZAM,2025-03-27,123889,2,8,15,413.0
SOUZAM_2025-03-27_G19,SOUZAM,2025-03-27,123822,1,38,0,506.0
SOUZAM_2025-03-27_G20,SOUZAM,2025-03-27,122962,1,12,0,825.0
SOUZAM_2025-03-27_G21,SOUZAM,2025-03-27,122647,1,24,0,88.0
SOUZAM_2025-03-27_G22,SOUZAM,2025-03-27,122962,1,50,0,194.0
SOUZAM_2025-03-27_G23,SOUZAM,2025-03-27,122647,1,50,0,425.0
SOUZAM_2025-03-27_G24,SOUZAM,2025-03-27,124486,2,10,25,360.0
SOUZAM_2025-03-27_G25,SOUZAM,2025-03-27,124486,1,35,0,365.0
SOUZAM_2025-03-27_G26,SOUZAM,2025-03-27,120321,1,17,0,601.0
SOUZAM_2025-03-27_G27,SOUZAM,2025-03-27,120321,1,47,0,32.0
SOUZAM_2025-03-27_G28,SOUZAM,2025-03-27,122984,1,60,0,2206.0
SOUZAM_2025-03-27_G29,SOUZAM,2025-03-27,124248,1,12,0,887.0
SOUZAM_2025-03-27_G30,SOUZAM,2025-03-27,123909,1,8,0,190.0
SOUZAM_2025-03-27_G31,SOUZAM,2025-03-27,123343,1,8,0,212.0
SOUZAM_2025-03-27_G32,SOUZAM,2025-03-27,120272,1,10,0,269.0
SOUZAM_2025-03-27_G33,SOUZAM,2025-03-27,122984,1,56,0,631.0
SOUZAM_2025-03-27_G34,SOUZAM,2025-03-27,122185,1,16,0,439.0
SOUZAM_2025-03-27_G35,SOUZAM,2025-03-27,124486,1,40,0,448.0
SOUZAM_2025-03-27_G36,SOUZAM,2025-03-27,123345,1,10,0,167.0
SOUZAM_2025-03-27_G37,SOUZAM,2025-03-27,122985,1,2,0,1399.0
SOUZAM_2025-03-27_G38,SOUZAM,2025-03-27,121760,1,4,0,129.0
SOUZAM_2025-03-27_G39,SOUZAM,2025-03-27,121651,1,2,0,42.0
SOUZAM_2025-03-27_G40,SOUZAM,2025-03-27,122983,1,8,0,145.0
SOUZAM_2025-03-27_G41,SOUZAM,2025-03-27,124247,1,4,0,36.0
SOUZAM_2025-03-27_G42,SOUZAM,2025-03-27,123343,1,5,0,133.0
SOUZAM_2025-03-27_G43,SOUZAM,2025-03-27,123153,1,14,0,372.0
SOUZAM_2025-03-27_G44,SOUZAM,2025-03-27,120028,1,20,0,116.0
SOUZAM_2025-03-27_G45,SOUZAM,2025-03-27,123492,1,8,0,398.0
SOUZAM_2025-03-27_G46,SOUZAM,2025-03-27,122982,1,8,0,149.0
SOUZAM_2025-03-27_G47,SOUZAM,2025-03-27,122983,1,20,0,134.0
SOUZAM_2025-03-27_G48,SOUZAM,2025-03-27,124247,2,20,17,194.0
SOUZAM_2025-03-27_G49,SOUZAM,2025-03-27,120028,1,100,0,1048.0
SOUZAM_2025-03-27_G52,SOUZAM,2025-03-27,123909,1,3,0,116.0
SOUZAM_2025-03-27_G53,SOUZAM,2025-03-27,120389,1,6,0,59.0
SOUZAM_2025-03-27_G54,SOUZAM,2025-03-27,122673,1,2,0,116.0
SOUZAM_2025-03-27_G55,SOUZAM,2025-03-27,120028,1,1,0,42.0
SOUZAM_2025-03-27_G56,SOUZAM,2025-03-27,"123344, 123313, 123343",3,10,33,91.0
SOUZAM_2025-03-27_G57,SOUZAM,2025-03-27,123343,1,8,0,429.0
SOUZAM_2025-03-27_G58,SOUZAM,2025-03-27,123907,1,3,0,204.0
SOUZAM_2025-03-27_G59,SOUZAM,2025-03-27,"123907, 122962",2,4,8,135.0
SOUZAM_2025-03-27_G60,SOUZAM,2025-03-27,123343,1,2,0,160.0
SOUZAM_2025-03-27_G61,SOUZAM,2025-03-27,123345,1,2,0,146.0
SOUZAM_2025-03-27_G62,SOUZAM,2025-03-27,"122671, 120389",2,6,17,76.0
SOUZAM_2025-03-27_G63,SOUZAM,2025-03-27,122673,1,4,0,249.0
SOUZAM_2025-03-27_G64,SOUZAM,2025-03-27,121651,1,4,0,57.0
SOUZAM_2025-03-27_G65,SOUZAM,2025-03-27,123344,1,4,0,54.0
SOUZAM_2025-03-27_G66,SOUZAM,2025-03-27,123343,1,15,0,164.0
SOUZAM_2025-03-27_G67,SOUZAM,2025-03-27,123909,1,3,0,335.0
SOUZAM_2025-03-27_G68,SOUZAM,2025-03-27,122703,1,4,0,62.0
SOUZAM_2025-03-27_G69,SOUZAM,2025-03-27,"123947, 123345",2,7,14,142.0
SOUZAM_2025-03-27_G70,SOUZAM,2025-03-27,124594,1,20,0,1215.0
SOUZAM_2025-03-27_G71,SOUZAM,2025-03-27,180420,1,6,0,1469.0
SOUZAM_2025-03-27_G72,SOUZAM,2025-03-27,122188,1,21,0,620.0
SOUZAM_2025-03-27_G73,SOUZAM,2025-03-27,123822,1,50,0,942.0
SOUZAM_2025-03-27_G74,SOUZAM,2025-03-27,180029,1,2,0,345.0
SOUZAM_2025-03-28_G02,SOUZAM,2025-03-28,123032,1,24,0,251.0
SOUZAM_2025-03-28_G03,SOUZAM,2025-03-28,"123909, 124486",2,11,23,46.0
SOUZAM_2025-03-28_G04,SOUZAM,2025-03-28,122673,1,12,0,40.0
SOUZAM_2025-03-28_G05,SOUZAM,2025-03-28,"123909, 122671",2,24,8,192.0
SOUZAM_2025-03-28_G07,SOUZAM,2025-03-28,122671,1,4,0,32.0
SOUZAM_2025-03-28_G08,SOUZAM,2025-03-28,122647,1,8,0,124.0
SOUZAM_2025-03-28_G09,SOUZAM,2025-03-28,122671,1,16,0,109.0
SOUZAM_2025-03-28_G10,SOUZAM,2025-03-28,122673,1,4,0,97.0
SOUZAM_2025-03-28_G11,SOUZAM,2025-03-28,124248,1,11,0,195.0
SOUZAM_2025-03-28_G12,SOUZAM,2025-03-28,122647,1,58,0,240.0
SOUZAM_2025-03-28_G13,SOUZAM,2025-03-28,122647,1,50,0,722.0
SOUZAM_2025-03-28_G14,SOUZAM,2025-03-28,122671,1,14,0,606.0
SOUZAM_2025-03-28_G15,SOUZAM,2025-03-28,122982,1,30,0,499.0
SOUZAM_2025-03-28_G16,SOUZAM,2025-03-28,124486,1,26,0,563.0
SOUZAM_2025-03-28_G17,SOUZAM,2025-03-28,122988,1,30,0,283.0
SOUZAM_2025-03-28_G18,SOUZAM,2025-03-28,122962,1,40,0,702.0
SOUZAM_2025-03-28_G19,SOUZAM,2025-03-28,122962,1,4,0,1396.0
SOUZAM_2025-03-28_G20,SOUZAM,2025-03-28,122962,3,12,54,69.0
SOUZAM_2025-03-28_G21,SOUZAM,2025-03-28,122962,5,20,21,62.0
SOUZAM_2025-03-28_G22,SOUZAM,2025-03-28,123822,10,70,88,494.0
SOUZAM_2025-03-28_G23,SOUZAM,2025-03-28,122962,1,4,0,40.0
SOUZAM_2025-03-28_G24,SOUZAM,2025-03-28,122647,1,40,0,2077.0
SOUZAM_2025-03-28_G25,SOUZAM,2025-03-28,123345,2,4,30,87.0
SOUZAM_2025-03-28_G26,SOUZAM,2025-03-28,120389,1,9,0,102.0
SOUZAM_2025-03-28_G27,SOUZAM,2025-03-28,123520,1,12,0,244.0
SOUZAM_2025-03-28_G28,SOUZAM,2025-03-28,123081,1,12,0,41.0
SOUZAM_2025-03-28_G29,SOUZAM,2025-03-28,122984,1,32,0,489.0
SOUZAM_2025-03-28_G30,SOUZAM,2025-03-28,122988,1,4,0,56.0
SOUZAM_2025-03-28_G31,SOUZAM,2025-03-28,"124247, 122647",2,10,28,576.0
SOUZAM_2025-03-28_G32,SOUZAM,2025-03-28,123032,1,20,0,382.0
SOUZAM_2025-03-28_G33,SOUZAM,2025-03-28,123909,1,14,0,455.0
SOUZAM_2025-03-28_G34,SOUZAM,2025-03-28,123032,1,5,0,294.0
SOUZAM_2025-03-28_G35,SOUZAM,2025-03-28,124248,1,6,0,156.0
SOUZAM_2025-03-28_G36,SOUZAM,2025-03-28,123032,1,52,0,409.0
SOUZAM_2025-03-31_G02,SOUZAM,2025-03-31,"111532, 111467",2,14,24,184.0
SOUZAM_2025-03-31_G03,SOUZAM,2025-03-31,109643,1,2,0,89.0
SOUZAM_2025-03-31_G04,SOUZAM,2025-03-31,111330,1,13,0,125.0
SOUZAM_2025-03-31_G05,SOUZAM,2025-03-31,110313,1,2,0,347.0
SOUZAM_2025-03-31_G06,SOUZAM,2025-03-31,140922,1,4,0,196.0
SOUZAM_2025-03-31_G07,SOUZAM,2025-03-31,117787,1,6,0,203.0
SOUZAM_2025-03-31_G08,SOUZAM,2025-03-31,110313,1,2,0,139.0
SOUZAM_2025-03-31_G09,SOUZAM,2025-03-31,110711,1,5,0,166.0
SOUZAM_2025-03-31_G10,SOUZAM,2025-03-31,118140,1,4,0,89.0
SOUZAM_2025-03-31_G11,SOUZAM,2025-03-31,108711,1,5,0,163.0
SOUZAM_2025-03-31_G12,SOUZAM,2025-03-31,110787,1,5,0,87.0
SOUZAM_2025-03-31_G13,SOUZAM,2025-03-31,110325,1,12,0,226.0
SOUZAM_2025-03-31_G14,SOUZAM,2025-03-31,111530,1,4,0,441.0
SOUZAM_2025-03-31_G15,SOUZAM,2025-03-31,110375,1,4,0,100.0
SOUZAM_2025-03-31_G16,SOUZAM,2025-03-31,110746,1,4,0,236.0
SOUZAM_2025-03-31_G17,SOUZAM,2025-03-31,106179,1,2,0,250.0
SOUZAM_2025-03-31_G18,SOUZAM,2025-03-31,110746,2,8,7,190.0
SOUZAM_2025-03-31_G19,SOUZAM,2025-03-31,111467,2,12,14,699.0
SOUZAM_2025-03-31_G20,SOUZAM,2025-03-31,111467,1,4,0,344.0
SOUZAM_2025-03-31_G21,SOUZAM,2025-03-31,111467,2,8,25,110.0
SOUZAM_2025-03-31_G22,SOUZAM,2025-03-31,111467,1,2,0,132.0
SOUZAM_2025-03-31_G23,SOUZAM,2025-03-31,110752,1,4,0,39.0
SOUZAM_2025-03-31_G24,SOUZAM,2025-03-31,111465,1,3,0,109.0
SOUZAM_2025-03-31_G25,SOUZAM,2025-03-31,111172,1,100,0,859.0
SOUZAM_2025-03-31_G26,SOUZAM,2025-03-31,118299,2,120,9,2287.0
SOUZAM_2025-04-12_G02,SOUZAM,2025-04-12,110339,1,122,0,152.0
SOUZAM_2025-04-12_G03,SOUZAM,2025-04-12,107629,1,125,0,325.0
SOUZAM_2025-04-12_G04,SOUZAM,2025-04-12,110740,1,4,0,209.0
SOUZAM_2025-04-12_G05,SOUZAM,2025-04-12,105705,1,13,0,134.0
SOUZAM_2025-04-12_G06,SOUZAM,2025-04-12,107830,1,169,0,447.0
SOUZAM_2025-04-12_G07,SOUZAM,2025-04-12,108794,1,22,0,496.0
SOUZAM_2025-04-12_G08,SOUZAM,2025-04-12,109747,1,350,0,735.0
SOUZAM_2025-04-12_G09,SOUZAM,2025-04-12,118191,1,800,0,1520.0
SOUZAM_2025-04-29_G02,SOUZAM,2025-04-29,"108772, 118094",2,29,26,453.0
SOUZAM_2025-04-29_G03,SOUZAM,2025-04-29,111530,1,28,0,203.0
SOUZAM_2025-04-29_G04,SOUZAM,2025-04-29,108711,1,2,0,80.0
SOUZAM_2025-04-29_G05,SOUZAM,2025-04-29,160051,1,5,0,103.0
SOUZAM_2025-04-29_G06,SOUZAM,2025-04-29,160055,1,21,0,283.0
SOUZAM_2025-04-29_G07,SOUZAM,2025-04-29,160054,1,30,0,307.0
SOUZAM_2025-04-29_G08,SOUZAM,2025-04-29,118094,1,40,0,740.0
SOUZAM_2025-04-29_G09,SOUZAM,2025-04-29,111530,1,40,0,382.0
SOUZAM_2025-04-29_G10,SOUZAM,2025-04-29,110376,1,40,0,739.0
SOUZAM_2025-04-29_G11,SOUZAM,2025-04-29,109643,1,40,0,145.0
SOUZAM_2025-04-29_G12,SOUZAM,2025-04-29,108770,1,4,0,466.0
SOUZAM_2025-04-29_G13,SOUZAM,2025-04-29,111444,1,8,0,128.0
SOUZAM_2025-04-29_G14,SOUZAM,2025-04-29,111438,1,2,0,233.0
SOUZAM_2025-04-29_G15,SOUZAM,2025-04-29,111569,1,2,0,53.0
SOUZAM_2025-04-29_G16,SOUZAM,2025-04-29,110747,2,3,7,144.0
SOUZAM_2025-04-29_G17,SOUZAM,2025-04-29,111660,1,2,0,147.0
SOUZAM_2025-04-29_G18,SOUZAM,2025-04-29,110755,2,9,7,70.0
SOUZAM_2025-04-29_G19,SOUZAM,2025-04-29,111090,1,4,0,161.0
SOUZAM_2025-04-29_G20,SOUZAM,2025-04-29,111441,1,4,0,133.0
SOUZAM_2025-04-29_G21,SOUZAM,2025-04-29,110895,1,2,0,55.0
SOUZAM_2025-04-29_G22,SOUZAM,2025-04-29,109645,1,1,0,43.0
SOUZAM_2025-04-29_G23,SOUZAM,2025-04-29,107236,1,4,0,107.0
SOUZAM_2025-04-29_G24,SOUZAM,2025-04-29,107236,1,4,0,299.0
SOUZAM_2025-04-29_G25,SOUZAM,2025-04-29,108711,1,2,0,131.0
SOUZAM_2025-04-29_G26,SOUZAM,2025-04-29,117853,2,6,24,110.0
SOUZAM_2025-04-29_G27,SOUZAM,2025-04-29,108711,1,8,0,142.0
SOUZAM_2025-04-29_G28,SOUZAM,2025-04-29,107236,1,4,0,155.0
SOUZAM_2025-04-29_G29,SOUZAM,2025-04-29,117841,1,8,0,1048.0
SOUZAM_2025-04-29_G30,SOUZAM,2025-04-29,107236,1,8,0,159.0
SOUZAM_2025-04-29_G31,SOUZAM,2025-04-29,107892,1,2,0,225.0
SOUZAM_2025-04-29_G32,SOUZAM,2025-04-29,108711,1,4,0,206.0
SOUZAM_2025-04-29_G33,SOUZAM,2025-04-29,107236,1,4,0,90.0
SOUZAM_2025-04-29_G34,SOUZAM,2025-04-29,100334,1,25,0,406.0
SOUZAM_2025-04-29_G35,SOUZAM,2025-04-29,118094,1,18,0,657.0
SOUZAM_2025-04-29_G36,SOUZAM,2025-04-29,111530,1,26,0,183.0
SOUZAM_2025-04-29_G37,SOUZAM,2025-04-29,117831,1,250,0,667.0
SOUZAM_2025-04-29_G38,SOUZAM,2025-04-29,111463,1,230,0,459.0
SOUZAM_2025-04-29_G39,SOUZAM,2025-04-29,117785,1,210,0,559.0
SOUZAM_2025-04-29_G40,SOUZAM,2025-04-29,110745,1,8,0,254.0
SOUZAM_2025-04-29_G41,SOUZAM,2025-04-29,110376,1,51,0,59.0
SOUZAM_2025-04-29_G42,SOUZAM,2025-04-29,118299,1,1000,0,1735.0
SOUZAM_2025-04-29_G43,SOUZAM,2025-04-29,109643,1,5,0,133.0
SOUZAM_2025-04-29_G45,SOUZAM,2025-04-29,118094,1,11,0,75.0
SOUZAM_2025-04-29_G46,SOUZAM,2025-04-29,111530,1,5,0,80.0
SOUZAM_2025-04-29_G47,SOUZAM,2025-04-29,117841,1,6,0,141.0
SOUZAM_2025-04-29_G48,SOUZAM,2025-04-29,111444,3,15,15,61.0
SOUZAM_2025-04-29_G49,SOUZAM,2025-04-29,109747,1,5,0,136.0
SOUZAM_2025-04-29_G50,SOUZAM,2025-04-29,111655,1,20,0,754.0
SOUZAM_2025-04-29_G51,SOUZAM,2025-04-29,100334,1,15,0,287.0
SOUZAM_2025-04-29_G52,SOUZAM,2025-04-29,108770,1,24,0,387.0
SOUZAM_2025-04-29_G53,SOUZAM,2025-04-29,117853,1,25,0,205.0
SOUZAM_2025-04-29_G54,SOUZAM,2025-04-29,111442,1,12,0,1058.0
SOUZAM_2025-04-29_G55,SOUZAM,2025-04-29,110376,1,12,0,157.0
SOUZAM_2025-04-29_G56,SOUZAM,2025-04-29,109643,2,64,9,67.0
SOUZAM_2025-04-29_G57,SOUZAM,2025-04-29,110787,1,9,0,358.0
SOUZAM_2025-04-29_G58,SOUZAM,2025-04-29,111660,4,35,33,196.0
SOUZAM_2025-04-29_G59,SOUZAM,2025-04-29,118094,1,16,0,223.0
SOUZAM_2025-04-29_G60,SOUZAM,2025-04-29,110756,3,22,17,167.0
SOUZAM_2025-04-29_G61,SOUZAM,2025-04-29,117854,1,10,0,317.0
SOUZAM_2025-04-29_G62,SOUZAM,2025-04-29,118004,1,13,0,356.0
SOUZAM_2025-04-29_G63,SOUZAM,2025-04-29,111466,1,6,0,228.0
SOUZAM_2025-04-29_G64,SOUZAM,2025-04-29,107236,1,2,0,201.0
SOUZAM_2025-04-29_G65,SOUZAM,2025-04-29,117808,1,300,0,920.0
SOUZAM_2025-04-30_G02,SOUZAM,2025-04-30,117831,1,32,0,277.0
SOUZAM_2025-04-30_G03,SOUZAM,2025-04-30,117787,1,6,0,185.0
SOUZAM_2025-04-30_G04,SOUZAM,2025-04-30,111466,1,20,0,83.0
SOUZAM_2025-04-30_G05,SOUZAM,2025-04-30,117833,1,24,0,299.0
SOUZAM_2025-04-30_G06,SOUZAM,2025-04-30,117820,1,48,0,119.0
SOUZAM_2025-04-30_G07,SOUZAM,2025-04-30,110373,1,36,0,222.0
SOUZAM_2025-04-30_G08,SOUZAM,2025-04-30,110374,1,7,0,191.0
SOUZAM_2025-04-30_G09,SOUZAM,2025-04-30,110372,1,40,0,197.0
SOUZAM_2025-04-30_G10,SOUZAM,2025-04-30,117809,1,21,0,60.0
SOUZAM_2025-04-30_G11,SOUZAM,2025-04-30,117808,1,230,0,311.0
SOUZAM_2025-04-30_G12,SOUZAM,2025-04-30,118299,1,156,0,134.0
SOUZAM_2025-04-30_G13,SOUZAM,2025-04-30,117830,1,26,0,87.0
SOUZAM_2025-04-30_G14,SOUZAM,2025-04-30,117835,1,9,0,2950.0
SOUZAM_2025-04-30_G15,SOUZAM,2025-04-30,108772,1,9,0,133.0
SOUZAM_2025-04-30_G16,SOUZAM,2025-04-30,118094,1,4,0,89.0
SOUZAM_2025-04-30_G17,SOUZAM,2025-04-30,109647,1,13,0,105.0
SOUZAM_2025-04-30_G18,SOUZAM,2025-04-30,108711,1,5,0,709.0
SOUZAM_2025-04-30_G19,SOUZAM,2025-04-30,111330,2,38,10,44.0
SOUZAM_2025-04-30_G21,SOUZAM,2025-04-30,110371,1,4,0,42.0
SOUZAM_2025-04-30_G22,SOUZAM,2025-04-30,117787,1,12,0,99.0
SOUZAM_2025-04-30_G23,SOUZAM,2025-04-30,117833,1,10,0,104.0
SOUZAM_2025-04-30_G24,SOUZAM,2025-04-30,110325,1,26,0,97.0
SOUZAM_2025-04-30_G25,SOUZAM,2025-04-30,117820,1,50,0,305.0
SOUZAM_2025-04-30_G26,SOUZAM,2025-04-30,110372,1,100,0,110.0
SOUZAM_2025-04-30_G27,SOUZAM,2025-04-30,118299,1,80,0,543.0
SOUZAM_2025-04-30_G28,SOUZAM,2025-04-30,117832,1,25,0,155.0
SOUZAM_2025-04-30_G29,SOUZAM,2025-04-30,110371,1,45,0,163.0
SOUZAM_2025-04-30_G30,SOUZAM,2025-04-30,117808,1,150,0,256.0
SOUZAM_2025-04-30_G31,SOUZAM,2025-04-30,108711,1,1,0,264.0
SOUZAM_2025-04-30_G32,SOUZAM,2025-04-30,118004,1,24,0,240.0
SOUZAM_2025-04-30_G33,SOUZAM,2025-04-30,117787,1,20,0,184.0
SOUZAM_2025-04-30_G34,SOUZAM,2025-04-30,117809,1,50,0,280.0
SOUZAM_2025-04-30_G35,SOUZAM,2025-04-30,118299,1,100,0,468.0
SOUZAM_2025-04-30_G36,SOUZAM,2025-04-30,118290,1,4,0,1539.0
SOUZAM_2025-04-30_G37,SOUZAM,2025-04-30,140957,1,4,0,559.0
SOUZAM_2025-04-30_G38,SOUZAM,2025-04-30,118094,1,9,0,97.0
SOUZAM_2025-04-30_G39,SOUZAM,2025-04-30,109643,1,55,0,205.0
SOUZAM_2025-04-30_G40,SOUZAM,2025-04-30,110733,1,4,0,534.0
SOUZAM_2025-04-30_G41,SOUZAM,2025-04-30,111743,1,3,0,101.0
SOUZAM_2025-04-30_G42,SOUZAM,2025-04-30,117841,1,5,0,68.0
SOUZAM_2025-04-30_G43,SOUZAM,2025-04-30,109641,1,3,0,193.0
SOUZAM_2025-04-30_G44,SOUZAM,2025-04-30,110740,1,4,0,98.0
SOUZAM_2025-04-30_G45,SOUZAM,2025-04-30,117820,1,30,0,61.0
SOUZAM_2025-04-30_G46,SOUZAM,2025-04-30,117832,1,9,0,161.0
SOUZAM_2025-04-30_G47,SOUZAM,2025-04-30,110747,1,4,0,369.0
SOUZAM_2025-04-30_G48,SOUZAM,2025-04-30,110895,1,2,0,191.0
SOUZAM_2025-04-30_G49,SOUZAM,2025-04-30,117935,1,6,0,71.0
SOUZAM_2025-04-30_G50,SOUZAM,2025-04-30,117831,1,12,0,101.0
SOUZAM_2025-04-30_G51,SOUZAM,2025-04-30,100334,1,4,0,94.0
SOUZAM_2025-04-30_G52,SOUZAM,2025-04-30,107236,1,6,0,306.0
SOUZAM_2025-04-30_G53,SOUZAM,2025-04-30,110755,1,1,0,206.0
SOUZAM_2025-04-30_G54,SOUZAM,2025-04-30,160054,1,2,0,98.0
SOUZAM_2025-04-30_G55,SOUZAM,2025-04-30,109643,1,96,0,307.0
SOUZAM_2025-04-30_G56,SOUZAM,2025-04-30,160051,1,8,0,251.0
SOUZAM_2025-04-30_G57,SOUZAM,2025-04-30,111850,1,4,0,242.0
SOUZAM_2025-04-30_G58,SOUZAM,2025-04-30,118290,1,4,0,96.0
SOUZAM_2025-04-30_G59,SOUZAM,2025-04-30,100334,1,8,0,95.0
SOUZAM_2025-04-30_G60,SOUZAM,2025-04-30,118094,1,16,0,151.0
SOUZAM_2025-04-30_G61,SOUZAM,2025-04-30,111743,1,10,0,242.0
SOUZAM_2025-04-30_G62,SOUZAM,2025-04-30,108794,1,4,0,90.0
SOUZAM_2025-04-30_G63,SOUZAM,2025-04-30,110740,1,4,0,128.0
SOUZAM_2025-04-30_G64,SOUZAM,2025-04-30,107236,2,14,8,59.0
SOUZAM_2025-04-30_G65,SOUZAM,2025-04-30,118094,1,4,0,150.0
SOUZAM_2025-04-30_G66,SOUZAM,2025-04-30,117862,1,4,0,44.0
SOUZAM_2025-04-30_G67,SOUZAM,2025-04-30,118403,1,4,0,172.0
SOUZAM_2025-04-30_G68,SOUZAM,2025-04-30,117853,1,1,0,80.0
SOUZAM_2025-04-30_G69,SOUZAM,2025-04-30,117856,1,8,0,32.0
SOUZAM_2025-04-30_G70,SOUZAM,2025-04-30,110711,2,5,9,105.0
SOUZAM_2025-04-30_G71,SOUZAM,2025-04-30,108794,1,4,0,64.0
SOUZAM_2025-04-30_G72,SOUZAM,2025-04-30,110740,1,2,0,91.0
SOUZAM_2025-04-30_G73,SOUZAM,2025-04-30,118094,1,1,0,2286.0
SOUZAM_2025-04-30_G74,SOUZAM,2025-04-30,117862,2,10,7,385.0
SOUZAM_2025-04-30_G75,SOUZAM,2025-04-30,118403,1,4,0,278.0
SOUZAM_2025-04-30_G76,SOUZAM,2025-04-30,117856,1,1,0,84.0
SOUZAM_2025-04-30_G77,SOUZAM,2025-04-30,110711,2,6,6,77.0
SOUZAM_2025-04-30_G78,SOUZAM,2025-04-30,"117787, 108794",2,9,20,120.0
SOUZAM_2025-04-30_G79,SOUZAM,2025-04-30,110740,1,4,0,410.0
SOUZAM_2025-04-30_G80,SOUZAM,2025-04-30,110740,1,5,0,603.0
SOUZAM_2025-04-30_G81,SOUZAM,2025-04-30,110325,1,2,0,151.0
SOUZAM_2025-05-15_G02,SOUZAM,2025-05-15,110373,1,30,0,68.0
SOUZAM_2025-05-15_G03,SOUZAM,2025-05-15,110374,1,32,0,481.0
SOUZAM_2025-05-15_G04,SOUZAM,2025-05-15,107830,1,3,0,132.0
SOUZAM_2025-05-15_G05,SOUZAM,2025-05-15,110372,1,2,0,39.0
SOUZAM_2025-05-15_G06,SOUZAM,2025-05-15,117820,2,46,8,76.0
SOUZAM_2025-05-15_G07,SOUZAM,2025-05-15,118299,1,2,0,217.0
SOUZAM_2025-05-15_G08,SOUZAM,2025-05-15,110376,1,2,0,64.0
SOUZAM_2025-05-15_G09,SOUZAM,2025-05-15,110371,1,32,0,164.0
SOUZAM_2025-05-15_G10,SOUZAM,2025-05-15,117809,1,1,0,106.0
SOUZAM_2025-05-15_G11,SOUZAM,2025-05-15,111443,1,4,0,97.0
SOUZAM_2025-05-15_G12,SOUZAM,2025-05-15,110740,1,20,0,74.0
SOUZAM_2025-05-15_G13,SOUZAM,2025-05-15,109641,1,2,0,228.0
SOUZAM_2025-05-15_G14,SOUZAM,2025-05-15,"108711, 111469",2,28,28,51.0
SOUZAM_2025-05-15_G15,SOUZAM,2025-05-15,111466,1,2,0,140.0
SOUZAM_2025-05-15_G16,SOUZAM,2025-05-15,118140,1,2,0,39.0
SOUZAM_2025-05-15_G17,SOUZAM,2025-05-15,108798,1,2,0,54.0
SOUZAM_2025-05-15_G18,SOUZAM,2025-05-15,111532,1,51,0,110.0
SOUZAM_2025-05-15_G19,SOUZAM,2025-05-15,111330,1,8,0,121.0
SOUZAM_2025-05-15_G20,SOUZAM,2025-05-15,111418,1,42,0,128.0
SOUZAM_2025-05-15_G21,SOUZAM,2025-05-15,"118317, 117785",3,22,34,203.0
SOUZAM_2025-05-17_G02,SOUZAM,2025-05-17,118363,1,4,0,82.0
SOUZAM_2025-05-17_G03,SOUZAM,2025-05-17,140911,1,5,0,92.0
SOUZAM_2025-05-17_G04,SOUZAM,2025-05-17,111120,1,4,0,50.0
SOUZAM_2025-05-17_G05,SOUZAM,2025-05-17,109937,1,1,0,128.0
SOUZAM_2025-05-17_G06,SOUZAM,2025-05-17,111445,1,1,0,53.0
SOUZAM_2025-05-17_G07,SOUZAM,2025-05-17,109647,1,17,0,112.0
SOUZAM_2025-05-17_G08,SOUZAM,2025-05-17,111876,1,11,0,358.0
SOUZAM_2025-05-17_G09,SOUZAM,2025-05-17,117837,1,32,0,98.0
SOUZAM_2025-05-17_G10,SOUZAM,2025-05-17,111467,1,80,0,746.0
SOUZAM_2025-05-17_G11,SOUZAM,2025-05-17,118094,1,40,0,81.0
SOUZAM_2025-05-17_G12,SOUZAM,2025-05-17,111650,1,2,0,241.0
SOUZAM_2025-05-17_G13,SOUZAM,2025-05-17,117853,1,25,0,66.0
SOUZAM_2025-05-17_G14,SOUZAM,2025-05-17,110339,1,68,0,534.0
SOUZAM_2025-05-17_G15,SOUZAM,2025-05-17,108361,1,12,0,90.0
SOUZAM_2025-05-17_G16,SOUZAM,2025-05-17,117840,1,7,0,135.0
SOUZAM_2025-05-17_G17,SOUZAM,2025-05-17,110375,1,30,0,96.0
SOUZAM_2025-05-17_G18,SOUZAM,2025-05-17,110743,1,6,0,296.0
SOUZAM_2025-05-17_G19,SOUZAM,2025-05-17,110751,1,8,0,77.0
SOUZAM_2025-05-17_G20,SOUZAM,2025-05-17,117809,1,80,0,183.0
SOUZAM_2025-05-17_G21,SOUZAM,2025-05-17,117832,1,99,0,531.0
SOUZAM_2025-05-17_G22,SOUZAM,2025-05-17,117830,1,100,0,214.0
SOUZAM_2025-05-17_G23,SOUZAM,2025-05-17,110374,1,70,0,120.0
SOUZAM_2025-05-17_G24,SOUZAM,2025-05-17,111743,1,40,0,224.0
SOUZAM_2025-05-17_G25,SOUZAM,2025-05-17,111443,1,28,0,49.0
SOUZAM_2025-05-17_G26,SOUZAM,2025-05-17,109641,1,11,0,227.0
SOUZAM_2025-05-17_G27,SOUZAM,2025-05-17,108711,1,50,0,255.0
SOUZAM_2025-05-17_G28,SOUZAM,2025-05-17,111466,1,100,0,274.0
SOUZAM_2025-05-17_G29,SOUZAM,2025-05-17,108798,1,1,0,269.0
SOUZAM_2025-05-17_G30,SOUZAM,2025-05-17,111444,1,60,0,72.0
SOUZAM_2025-05-17_G31,SOUZAM,2025-05-17,108736,1,10,0,161.0
SOUZAM_2025-05-17_G32,SOUZAM,2025-05-17,118317,1,10,0,468.0
SOUZAM_2025-05-31_G02,SOUZAM,2025-05-31,111602,1,5,0,1386.0
SOUZAM_2025-05-31_G03,SOUZAM,2025-05-31,108711,1,4,0,167.0
SOUZAM_2025-05-31_G04,SOUZAM,2025-05-31,118140,1,6,0,108.0
SOUZAM_2025-05-31_G05,SOUZAM,2025-05-31,111602,1,4,0,90.0
SOUZAM_2025-05-31_G06,SOUZAM,2025-05-31,110339,1,4,0,491.0
SOUZAM_2025-05-31_G07,SOUZAM,2025-05-31,111466,1,8,0,105.0
SOUZAM_2025-05-31_G08,SOUZAM,2025-05-31,118004,1,8,0,314.0
SOUZAM_2025-05-31_G09,SOUZAM,2025-05-31,109643,2,8,7,93.0
SOUZAM_2025-05-31_G10,SOUZAM,2025-05-31,109974,1,10,0,308.0
SOUZAM_2025-05-31_G11,SOUZAM,2025-05-31,111463,1,24,0,170.0
SOUZAM_2025-05-31_G12,SOUZAM,2025-05-31,118140,1,20,0,371.0
SOUZAM_2025-05-31_G13,SOUZAM,2025-05-31,108770,1,4,0,614.0
SOUZAM_2025-05-31_G14,SOUZAM,2025-05-31,110339,1,6,0,190.0
SOUZAM_2025-05-31_G15,SOUZAM,2025-05-31,109643,1,4,0,65.0
SOUZAM_2025-05-31_G16,SOUZAM,2025-05-31,"118298, 117862",2,6,25,2080.0
SOUZAM_2025-05-31_G17,SOUZAM,2025-05-31,117935,1,1,0,50.0
SOUZAM_2025-05-31_G18,SOUZAM,2025-05-31,140922,1,4,0,47.0
SOUZAM_2025-05-31_G19,SOUZAM,2025-05-31,111172,1,4,0,86.0
SOUZAM_2025-05-31_G20,SOUZAM,2025-05-31,116527,1,2,0,173.0
SOUZAM_2025-05-31_G21,SOUZAM,2025-05-31,111440,1,4,0,239.0
SOUZAM_2025-05-31_G22,SOUZAM,2025-05-31,110376,1,13,0,135.0
SOUZAM_2025-05-31_G23,SOUZAM,2025-05-31,111120,1,4,0,244.0
SOUZAM_2025-05-31_G24,SOUZAM,2025-05-31,110534,1,4,0,104.0
SOUZAM_2025-05-31_G25,SOUZAM,2025-05-31,111433,1,3,0,97.0
SOUZAM_2025-05-31_G26,SOUZAM,2025-05-31,118298,1,4,0,308.0
SOUZAM_2025-05-31_G27,SOUZAM,2025-05-31,111850,1,6,0,624.0
SOUZAM_2025-05-31_G28,SOUZAM,2025-05-31,118418,2,6,6,111.0
SOUZAM_2025-05-31_G29,SOUZAM,2025-05-31,110534,1,3,0,107.0
SOUZAM_2025-05-31_G30,SOUZAM,2025-05-31,117835,1,4,0,76.0
SOUZAM_2025-05-31_G31,SOUZAM,2025-05-31,117853,1,4,0,95.0
SOUZAM_2025-05-31_G32,SOUZAM,2025-05-31,117856,1,12,0,106.0
SOUZAM_2025-05-31_G33,SOUZAM,2025-05-31,110743,1,4,0,145.0
SOUZAM_2025-05-31_G34,SOUZAM,2025-05-31,111348,1,4,0,100.0
SOUZAM_2025-05-31_G35,SOUZAM,2025-05-31,111442,1,2,0,54.0
SOUZAM_2025-05-31_G36,SOUZAM,2025-05-31,110325,1,2,0,170.0
SOUZAM_2025-05-31_G37,SOUZAM,2025-05-31,111850,1,4,0,442.0
SOUZAM_2025-05-31_G38,SOUZAM,2025-05-31,118222,1,4,0,43.0
SOUZAM_2025-05-31_G39,SOUZAM,2025-05-31,118094,1,4,0,93.0
SOUZAM_2025-05-31_G40,SOUZAM,2025-05-31,110339,1,4,0,65.0
SOUZAM_2025-05-31_G41,SOUZAM,2025-05-31,118298,1,4,0,79.0
SOUZAM_2025-05-31_G42,SOUZAM,2025-05-31,110752,1,4,0,90.0
SOUZAM_2025-05-31_G43,SOUZAM,2025-05-31,117853,1,2,0,57.0
SOUZAM_2025-05-31_G44,SOUZAM,2025-05-31,117856,1,6,0,91.0
SOUZAM_2025-05-31_G45,SOUZAM,2025-05-31,111443,1,4,0,114.0
SOUZAM_2025-05-31_G46,SOUZAM,2025-05-31,140922,1,1,0,98.0
SOUZAM_2025-05-31_G47,SOUZAM,2025-05-31,110325,1,2,0,101.0
SOUZAM_2025-05-31_G48,SOUZAM,2025-05-31,117834,1,8,0,464.0
SOUZAM_2025-05-31_G49,SOUZAM,2025-05-31,100334,1,4,0,176.0
SOUZAM_2025-05-31_G50,SOUZAM,2025-05-31,111850,1,4,0,71.0
SOUZAM_2025-05-31_G51,SOUZAM,2025-05-31,109937,1,6,0,94.0
SOUZAM_2025-05-31_G52,SOUZAM,2025-05-31,108772,1,4,0,312.0
SOUZAM_2025-05-31_G53,SOUZAM,2025-05-31,111876,1,4,0,142.0
SOUZAM_2025-05-31_G54,SOUZAM,2025-05-31,105470,1,4,0,136.0
SOUZAM_2025-09-10_G02,SOUZAM,2025-09-10,122984,1,14,0,383.0
SOUZAM_2025-09-10_G03,SOUZAM,2025-09-10,121760,1,16,0,368.0
SOUZAM_2025-09-10_G04,SOUZAM,2025-09-10,122185,1,14,0,45.0
SOUZAM_2025-09-10_G05,SOUZAM,2025-09-10,124548,1,14,0,241.0
SOUZAM_2025-09-10_G06,SOUZAM,2025-09-10,124476,1,2,0,48.0
SOUZAM_2025-09-10_G07,SOUZAM,2025-09-10,123345,1,8,0,436.0
SOUZAM_2025-09-10_G08,SOUZAM,2025-09-10,123343,1,22,0,32.0
SOUZAM_2025-09-10_G09,SOUZAM,2025-09-10,124371,1,10,0,748.0
SOUZAM_2025-09-10_G10,SOUZAM,2025-09-10,122984,1,12,0,302.0
SOUZAM_2025-09-10_G11,SOUZAM,2025-09-10,122962,1,8,0,49.0
SOUZAM_2025-09-10_G12,SOUZAM,2025-09-10,121760,1,6,0,202.0
SOUZAM_2025-09-10_G13,SOUZAM,2025-09-10,124247,1,4,0,69.0
SOUZAM_2025-09-10_G14,SOUZAM,2025-09-10,122185,1,20,0,2874.0
SOUZAM_2025-09-10_G15,SOUZAM,2025-09-10,123909,1,13,0,495.0
SOUZAM_2025-09-10_G16,SOUZAM,2025-09-10,124371,1,3,0,45.0
SOUZAM_2025-09-10_G17,SOUZAM,2025-09-10,124248,1,10,0,208.0
SOUZAM_2025-09-10_G18,SOUZAM,2025-09-10,122984,2,12,14,58.0
SOUZAM_2025-09-10_G19,SOUZAM,2025-09-10,121760,1,12,0,97.0
SOUZAM_2025-09-10_G20,SOUZAM,2025-09-10,124486,1,4,0,370.0
SOUZAM_2025-09-10_G21,SOUZAM,2025-09-10,121651,1,13,0,132.0
SOUZAM_2025-09-10_G22,SOUZAM,2025-09-10,122185,1,16,0,225.0
SOUZAM_2025-09-10_G23,SOUZAM,2025-09-10,123344,1,7,0,202.0
SOUZAM_2025-09-10_G24,SOUZAM,2025-09-10,124548,1,8,0,75.0
SOUZAM_2025-09-10_G25,SOUZAM,2025-09-10,123561,1,7,0,113.0
SOUZAM_2025-09-10_G26,SOUZAM,2025-09-10,123343,1,4,0,131.0
SOUZAM_2025-09-10_G27,SOUZAM,2025-09-10,124371,1,2,0,107.0
SOUZAM_2025-09-10_G28,SOUZAM,2025-09-10,122984,1,4,0,64.0
SOUZAM_2025-09-10_G29,SOUZAM,2025-09-10,121760,1,8,0,205.0
SOUZAM_2025-09-10_G30,SOUZAM,2025-09-10,122703,1,4,0,151.0
SOUZAM_2025-09-10_G31,SOUZAM,2025-09-10,"124370, 122185",2,20,28,312.0
SOUZAM_2025-09-10_G32,SOUZAM,2025-09-10,121651,1,3,0,70.0
SOUZAM_2025-09-10_G33,SOUZAM,2025-09-10,122962,1,10,0,1608.0
SOUZAM_2025-09-10_G34,SOUZAM,2025-09-10,124486,1,20,0,403.0
SOUZAM_2025-09-10_G35,SOUZAM,2025-09-10,120028,1,100,0,930.0
SOUZAM_2025-09-10_G36,SOUZAM,2025-09-10,122671,1,8,0,248.0
SOUZAM_2025-09-10_G37,SOUZAM,2025-09-10,120028,1,12,0,105.0
SOUZAM_2025-09-10_G38,SOUZAM,2025-09-10,124371,1,12,0,123.0
SOUZAM_2025-09-10_G39,SOUZAM,2025-09-10,124248,1,12,0,231.0
SOUZAM_2025-09-10_G40,SOUZAM,2025-09-10,121651,1,50,0,389.0
SOUZAM_2025-09-10_G41,SOUZAM,2025-09-10,"120389, 124486",2,16,12,714.0
SOUZAM_2025-09-10_G42,SOUZAM,2025-09-10,124370,1,20,0,1372.0
SOUZAM_2025-09-10_G43,SOUZAM,2025-09-10,124247,1,8,0,1628.0
SOUZAM_2025-09-10_G44,SOUZAM,2025-09-10,123344,1,8,0,46.0
SOUZAM_2025-09-10_G45,SOUZAM,2025-09-10,123345,1,16,0,104.0
SOUZAM_2025-09-10_G46,SOUZAM,2025-09-10,123343,1,12,0,104.0
SOUZAM_2025-09-11_G02,SOUZAM,2025-09-11,109645,1,2,0,268.0
SOUZAM_2025-09-11_G03,SOUZAM,2025-09-11,105705,1,6,0,33.0
SOUZAM_2025-09-11_G04,SOUZAM,2025-09-11,"118223, 111466",2,18,25,91.0
SOUZAM_2025-09-11_G05,SOUZAM,2025-09-11,111469,1,16,0,301.0
SOUZAM_2025-09-11_G06,SOUZAM,2025-09-11,140922,1,8,0,136.0
SOUZAM_2025-09-11_G07,SOUZAM,2025-09-11,110740,1,6,0,79.0
SOUZAM_2025-09-11_G08,SOUZAM,2025-09-11,111330,1,10,0,83.0
SOUZAM_2025-09-11_G09,SOUZAM,2025-09-11,107830,1,4,0,156.0
SOUZAM_2025-09-11_G10,SOUZAM,2025-09-11,100334,1,4,0,526.0
SOUZAM_2025-09-11_G11,SOUZAM,2025-09-11,140922,1,12,0,133.0
SOUZAM_2025-09-11_G12,SOUZAM,2025-09-11,110740,1,2,0,62.0
SOUZAM_2025-09-11_G13,SOUZAM,2025-09-11,117830,1,4,0,36.0
SOUZAM_2025-09-11_G14,SOUZAM,2025-09-11,117820,1,2,0,150.0
SOUZAM_2025-09-11_G15,SOUZAM,2025-09-11,105705,1,4,0,48.0
SOUZAM_2025-09-11_G16,SOUZAM,2025-09-11,110746,1,1,0,345.0
SOUZAM_2025-09-11_G17,SOUZAM,2025-09-11,111467,1,2,0,112.0
SOUZAM_2025-09-11_G18,SOUZAM,2025-09-11,111439,1,8,0,438.0
SOUZAM_2025-09-11_G19,SOUZAM,2025-09-11,110371,1,4,0,88.0
SOUZAM_2025-09-11_G20,SOUZAM,2025-09-11,117808,1,16,0,124.0
SOUZAM_2025-09-11_G21,SOUZAM,2025-09-11,118299,1,38,0,338.0
SOUZAM_2025-09-11_G22,SOUZAM,2025-09-11,111876,1,4,0,223.0
SOUZAM_2025-09-11_G23,SOUZAM,2025-09-11,117861,1,6,0,96.0
SOUZAM_2025-09-11_G24,SOUZAM,2025-09-11,141456,1,6,0,114.0
SOUZAM_2025-10-31_G02,SOUZAM,2025-10-31,110895,1,4,0,303.0
SOUZAM_2025-10-31_G03,SOUZAM,2025-10-31,110313,1,8,0,53.0
SOUZAM_2025-10-31_G04,SOUZAM,2025-10-31,118306,1,4,0,259.0
SOUZAM_2025-10-31_G05,SOUZAM,2025-10-31,117834,1,4,0,107.0
SOUZAM_2025-10-31_G06,SOUZAM,2025-10-31,111182,1,6,0,130.0
SOUZAM_2025-10-31_G07,SOUZAM,2025-10-31,140922,1,4,0,56.0
SOUZAM_2025-10-31_G08,SOUZAM,2025-10-31,111466,1,10,0,70.0
SOUZAM_2025-10-31_G09,SOUZAM,2025-10-31,118299,2,8,6,148.0
SOUZAM_2025-10-31_G10,SOUZAM,2025-10-31,117808,1,4,0,77.0
SOUZAM_2025-10-31_G11,SOUZAM,2025-10-31,117820,1,4,0,134.0
SOUZAM_2025-10-31_G12,SOUZAM,2025-10-31,117820,2,32,8,34.0
SOUZAM_2025-10-31_G13,SOUZAM,2025-10-31,141916,1,4,0,569.0
SOUZAM_2025-10-31_G14,SOUZAM,2025-10-31,141047,1,6,0,138.0
SOUZAM_2025-10-31_G15,SOUZAM,2025-10-31,110313,1,8,0,82.0
SOUZAM_2025-10-31_G16,SOUZAM,2025-10-31,110313,1,4,0,484.0
SOUZAM_2025-10-31_G17,SOUZAM,2025-10-31,117808,1,4,0,463.0
SOUZAM_2025-10-31_G18,SOUZAM,2025-10-31,111441,1,4,0,178.0
SOUZAM_2025-10-31_G19,SOUZAM,2025-10-31,110313,1,4,0,123.0
SOUZAM_2025-10-31_G20,SOUZAM,2025-10-31,140923,1,12,0,259.0
SOUZAM_2025-10-31_G21,SOUZAM,2025-10-31,110313,1,4,0,80.0
SOUZAM_2025-10-31_G22,SOUZAM,2025-10-31,111530,1,4,0,165.0
SOUZAM_2025-10-31_G23,SOUZAM,2025-10-31,111532,1,4,0,79.0
SOUZAM_2025-10-31_G24,SOUZAM,2025-10-31,140923,1,5,0,50.0
SOUZAM_2025-10-31_G25,SOUZAM,2025-10-31,110895,3,16,25,2133.0
SOUZAM_2025-10-31_G26,SOUZAM,2025-10-31,110313,1,81,0,1401.0
SOUZAM_2025-10-31_G27,SOUZAM,2025-10-31,110895,1,16,0,161.0
SOUZAM_2025-10-31_G28,SOUZAM,2025-10-31,118253,1,3,0,140.0
SOUZAM_2025-10-31_G29,SOUZAM,2025-10-31,117965,1,80,0,493.0
SOUZAM_2025-10-31_G30,SOUZAM,2025-10-31,141047,2,56,6,224.0
SOUZAM_2025-10-31_G31,SOUZAM,2025-10-31,141261,1,44,0,261.0
SOUZAM_2025-10-31_G32,SOUZAM,2025-10-31,111722,1,13,0,251.0
SOUZAM_2025-10-31_G33,SOUZAM,2025-10-31,140922,1,4,0,357.0
SOUZAM_2025-10-31_G34,SOUZAM,2025-10-31,111442,1,20,0,98.0
SOUZAM_2025-10-31_G35,SOUZAM,2025-10-31,141458,1,100,0,335.0
SOUZAM_2025-10-31_G36,SOUZAM,2025-10-31,111532,1,40,0,266.0
SOUZAM_2025-10-31_G37,SOUZAM,2025-10-31,110787,1,166,0,549.0
SOUZAM_2025-10-31_G38,SOUZAM,2025-10-31,111469,1,200,0,929.0
SOUZAM_2025-10-31_G39,SOUZAM,2025-10-31,141916,1,40,0,821.0
SOUZAM_2025-10-31_G40,SOUZAM,2025-10-31,"118140, 110787",2,160,11,2147.0
SOUZAM_2025-10-31_G41,SOUZAM,2025-10-31,110895,1,450,0,516.0
SOUZAM_2025-10-31_G42,SOUZAM,2025-10-31,"111436, 110895",10,49,84,970.0
SOUZAM_2025-10-31_G43,SOUZAM,2025-10-31,118222,1,2,0,442.0
SOUZAM_2025-10-31_G44,SOUZAM,2025-10-31,111440,1,2,0,69.0
SOUZAM_2025-10-31_G45,SOUZAM,2025-10-31,141916,1,1,0,85.0
SOUZAM_2025-10-31_G46,SOUZAM,2025-10-31,110313,4,35,31,156.0
SOUZAM_2025-10-31_G47,SOUZAM,2025-10-31,117856,1,2,0,70.0
SOUZAM_2025-10-31_G48,SOUZAM,2025-10-31,110733,1,4,0,73.0
SOUZAM_2025-10-31_G49,SOUZAM,2025-10-31,110711,1,2,0,102.0
SOUZAM_2025-10-31_G50,SOUZAM,2025-10-31,109640,1,4,0,336.0
SOUZAM_2025-10-31_G51,SOUZAM,2025-10-31,140923,1,8,0,52.0
SOUZAM_2025-10-31_G52,SOUZAM,2025-10-31,111602,2,10,15,70.0
SOUZAM_2025-10-31_G53,SOUZAM,2025-10-31,111530,2,13,11,222.0
SOUZAM_2025-10-31_G54,SOUZAM,2025-10-31,111443,1,6,0,540.0
SOUZAM_2025-10-31_G55,SOUZAM,2025-10-31,"141457, 111469",2,21,28,134.0
SOUZAM_2025-10-31_G56,SOUZAM,2025-10-31,111462,3,18,12,480.0
SOUZAM_2025-10-31_G57,SOUZAM,2025-10-31,117821,1,2,0,163.0
SOUZAM_2025-10-31_G58,SOUZAM,2025-10-31,117785,1,2,0,34.0
SOUZAM_2025-11-29_G02,SOUZAM,2025-11-29,124594,1,2,0,168.0
SOUZAM_2025-11-29_G03,SOUZAM,2025-11-29,124624,2,8,9,93.0
SOUZAM_2025-11-29_G04,SOUZAM,2025-11-29,122185,1,2,0,490.0
SOUZAM_2025-11-29_G05,SOUZAM,2025-11-29,124475,1,12,0,139.0
SOUZAM_2025-11-29_G06,SOUZAM,2025-11-29,122983,4,18,27,279.0
SOUZAM_2025-11-29_G07,SOUZAM,2025-11-29,120339,2,8,13,222.0
SOUZAM_2025-11-29_G08,SOUZAM,2025-11-29,122986,1,2,0,104.0
SOUZAM_2025-11-29_G09,SOUZAM,2025-11-29,124548,1,6,0,55.0
SOUZAM_2025-11-29_G10,SOUZAM,2025-11-29,123561,1,8,0,201.0
SOUZAM_2025-11-29_G11,SOUZAM,2025-11-29,123561,1,2,0,34.0
SOUZAM_2025-11-29_G12,SOUZAM,2025-11-29,123822,1,26,0,222.0
SOUZAM_2025-11-29_G13,SOUZAM,2025-11-29,122962,1,4,0,434.0
SOUZAM_2025-11-29_G14,SOUZAM,2025-11-29,122962,1,100,0,1611.0
SOUZAM_2025-11-29_G15,SOUZAM,2025-11-29,120028,1,12,0,51.0
SOUZAM_2025-11-29_G16,SOUZAM,2025-11-29,120028,1,4,0,47.0
SOUZAM_2025-11-29_G17,SOUZAM,2025-11-29,"122983, 122967",2,10,28,192.0
SOUZAM_2025-11-29_G18,SOUZAM,2025-11-29,124247,1,15,0,253.0
SOUZAM_2025-11-29_G19,SOUZAM,2025-11-29,111530,1,4,0,3050.0
SOUZAM_2025-11-29_G20,SOUZAM,2025-11-29,111418,1,3,0,74.0
SOUZAM_2025-11-29_G21,SOUZAM,2025-11-29,117831,1,4,0,59.0
SOUZAM_2025-11-29_G22,SOUZAM,2025-11-29,117808,1,22,0,116.0
SOUZAM_2025-11-29_G23,SOUZAM,2025-11-29,118299,1,19,0,105.0
SOUZAM_2025-11-29_G24,SOUZAM,2025-11-29,111602,1,4,0,196.0
SOUZAM_2025-11-29_G25,SOUZAM,2025-11-29,111530,1,4,0,132.0
SOUZAM_2025-11-29_G26,SOUZAM,2025-11-29,110711,1,2,0,261.0
SOUZAM_2025-11-29_G27,SOUZAM,2025-11-29,117831,1,4,0,76.0
SOUZAM_2025-11-29_G28,SOUZAM,2025-11-29,117808,1,10,0,114.0
SOUZAM_2025-11-29_G29,SOUZAM,2025-11-29,118299,1,10,0,197.0
SOUZAM_2025-11-29_G30,SOUZAM,2025-11-29,117855,1,2,0,81.0
SOUZAM_2025-11-29_G31,SOUZAM,2025-11-29,111418,1,3,0,59.0
SOUZAM_2025-11-29_G32,SOUZAM,2025-11-29,117831,1,4,0,185.0
SOUZAM_2025-11-29_G33,SOUZAM,2025-11-29,"117808, 118299",2,20,12,68.0
SOUZAM_2025-11-29_G34,SOUZAM,2025-11-29,118198,1,2,0,1593.0
SOUZAM_2025-11-29_G35,SOUZAM,2025-11-29,118290,1,13,0,147.0
SOUZAM_2025-11-29_G36,SOUZAM,2025-11-29,111569,1,2,0,175.0
SOUZAM_2025-11-29_G37,SOUZAM,2025-11-29,108759,1,4,0,31.0
SOUZAM_2025-11-29_G38,SOUZAM,2025-11-29,110311,1,1,0,121.0
SOUZAM_2025-11-29_G39,SOUZAM,2025-11-29,105359,1,4,0,76.0
SOUZAM_2025-11-29_G40,SOUZAM,2025-11-29,110747,1,10,0,157.0
SOUZAM_2025-11-29_G41,SOUZAM,2025-11-29,111467,1,20,0,196.0
SOUZAM_2025-11-29_G42,SOUZAM,2025-11-29,111879,1,5,0,126.0
SOUZAM_2025-11-29_G43,SOUZAM,2025-11-29,141066,1,40,0,50.0
SOUZAM_2025-11-29_G44,SOUZAM,2025-11-29,111530,1,20,0,594.0
SOUZAM_2025-11-29_G45,SOUZAM,2025-11-29,101217,1,4,0,179.0
SOUZAM_2025-11-29_G46,SOUZAM,2025-11-29,111462,1,2,0,100.0
SOUZAM_2025-11-29_G47,SOUZAM,2025-11-29,111446,1,2,0,85.0
SOUZAM_2025-11-29_G48,SOUZAM,2025-11-29,118140,1,54,0,56.0
SOUZAM_2025-11-29_G49,SOUZAM,2025-11-29,110751,1,12,0,138.0
SOUZAM_2025-11-29_G50,SOUZAM,2025-11-29,116241,1,10,0,81.0
SOUZAM_2025-11-29_G51,SOUZAM,2025-11-29,111743,2,67,12,183.0
SOUZAM_2025-11-29_G52,SOUZAM,2025-11-29,111182,1,6,0,209.0
SOUZAM_2025-11-29_G53,SOUZAM,2025-11-29,109641,1,10,0,65.0
SOUZAM_2025-11-29_G54,SOUZAM,2025-11-29,111469,1,10,0,236.0
SOUZAM_2025-11-29_G55,SOUZAM,2025-11-29,111431,1,2,0,96.0
SOUZAM_2025-11-29_G56,SOUZAM,2025-11-29,111418,2,87,10,192.0
SOUZAM_2025-11-29_G57,SOUZAM,2025-11-29,111463,1,93,0,231.0
SOUZAM_2025-11-29_G58,SOUZAM,2025-11-29,117833,1,55,0,274.0
SOUZAM_2025-11-29_G59,SOUZAM,2025-11-29,117785,1,20,0,44.0
SOUZAM_2025-11-29_G60,SOUZAM,2025-11-29,141457,1,30,0,90.0
SOUZAM_2025-12-26_G02,SOUZAM,2025-12-26,124370,1,3,0,184.0
SOUZAM_2025-12-26_G03,SOUZAM,2025-12-26,123909,1,12,0,114.0
SOUZAM_2025-12-26_G04,SOUZAM,2025-12-26,123521,1,8,0,326.0
SOUZAM_2025-12-26_G05,SOUZAM,2025-12-26,123343,2,19,11,90.0
SOUZAM_2025-12-26_G06,SOUZAM,2025-12-26,124248,1,32,0,1616.0
SOUZAM_2025-12-26_G07,SOUZAM,2025-12-26,122185,2,4,7,99.0
SOUZAM_2025-12-26_G08,SOUZAM,2025-12-26,122647,1,12,0,224.0
SOUZAM_2025-12-26_G09,SOUZAM,2025-12-26,124486,1,12,0,146.0
SOUZAM_2025-12-26_G10,SOUZAM,2025-12-26,122982,1,3,0,227.0
SOUZAM_2025-12-26_G11,SOUZAM,2025-12-26,122185,1,2,0,74.0
SOUZAM_2025-12-26_G12,SOUZAM,2025-12-26,123889,2,8,16,135.0
SOUZAM_2025-12-26_G13,SOUZAM,2025-12-26,122673,1,2,0,156.0
SOUZAM_2025-12-26_G14,SOUZAM,2025-12-26,122673,1,6,0,216.0
SOUZAM_2025-12-26_G15,SOUZAM,2025-12-26,123343,1,10,0,298.0
SOUZAM_2025-12-26_G16,SOUZAM,2025-12-26,122962,1,64,0,734.0
SOUZAM_2025-12-26_G17,SOUZAM,2025-12-26,122962,1,64,0,1947.0
SOUZAM_2025-12-26_G18,SOUZAM,2025-12-26,122962,1,80,0,913.0
SOUZAM_2026-01-13_G02,SOUZAM,2026-01-13,110373,1,20,0,127.0
SOUZAM_2026-01-13_G03,SOUZAM,2026-01-13,118299,1,40,0,278.0
SOUZAM_2026-01-13_G04,SOUZAM,2026-01-13,109643,1,2,0,382.0
SOUZAM_2026-01-13_G05,SOUZAM,2026-01-13,117820,1,7,0,89.0
SOUZAM_2026-01-13_G06,SOUZAM,2026-01-13,111743,1,6,0,185.0
SOUZAM_2026-01-13_G07,SOUZAM,2026-01-13,111348,1,5,0,125.0
SOUZAM_2026-01-13_G08,SOUZAM,2026-01-13,111418,1,21,0,287.0
SOUZAM_2026-01-13_G09,SOUZAM,2026-01-13,109645,1,3,0,136.0
SOUZAM_2026-01-13_G10,SOUZAM,2026-01-13,141456,1,2,0,122.0
SOUZAM_2026-01-13_G11,SOUZAM,2026-01-13,111330,1,10,0,49.0
SOUZAM_2026-01-13_G12,SOUZAM,2026-01-13,110787,1,5,0,316.0
SOUZAM_2026-01-13_G13,SOUZAM,2026-01-13,108794,1,4,0,165.0
SOUZAM_2026-01-13_G14,SOUZAM,2026-01-13,109640,1,5,0,150.0
SOUZAM_2026-01-13_G15,SOUZAM,2026-01-13,117853,1,4,0,98.0
SOUZAM_2026-01-13_G16,SOUZAM,2026-01-13,111441,2,8,8,648.0
SOUZAM_2026-01-13_G17,SOUZAM,2026-01-13,111438,1,13,0,111.0
SOUZAM_2026-01-13_G18,SOUZAM,2026-01-13,110747,1,6,0,260.0
SOUZAM_2026-01-22_G02,SOUZAM,2026-01-22,122647,1,8,0,371.0
SOUZAM_2026-01-22_G03,SOUZAM,2026-01-22,122962,1,24,0,185.0
SOUZAM_2026-01-22_G04,SOUZAM,2026-01-22,123909,1,4,0,418.0
SOUZAM_2026-01-22_G05,SOUZAM,2026-01-22,122984,1,17,0,213.0
SOUZAM_2026-01-22_G06,SOUZAM,2026-01-22,122647,1,4,0,119.0
SOUZAM_2026-01-22_G07,SOUZAM,2026-01-22,123909,1,1,0,65.0
SOUZAM_2026-01-22_G08,SOUZAM,2026-01-22,123822,1,24,0,441.0
SOUZAM_2026-01-22_G09,SOUZAM,2026-01-22,123909,1,4,0,119.0
SOUZAM_2026-01-22_G10,SOUZAM,2026-01-22,123909,1,4,0,85.0
SOUZAM_2026-01-22_G11,SOUZAM,2026-01-22,121651,1,18,0,167.0
SOUZAM_2026-01-22_G12,SOUZAM,2026-01-22,121651,1,8,0,152.0
SOUZAM_2026-01-22_G13,SOUZAM,2026-01-22,122984,1,4,0,108.0
SOUZAM_2026-01-22_G14,SOUZAM,2026-01-22,123822,2,13,8,108.0
SOUZAM_2026-01-22_G15,SOUZAM,2026-01-22,123822,1,7,0,39.0
SOUZAM_2026-01-30_G02,SOUZAM,2026-01-30,122962,1,4,0,113.0
SOUZAM_2026-01-30_G03,SOUZAM,2026-01-30,124486,3,36,20,43.0
SOUZAM_2026-01-30_G04,SOUZAM,2026-01-30,121760,1,20,0,529.0
SOUZAM_2026-01-30_G05,SOUZAM,2026-01-30,124370,1,12,0,298.0
SOUZAM_2026-01-30_G06,SOUZAM,2026-01-30,123909,2,23,12,322.0
SOUZAM_2026-01-30_G07,SOUZAM,2026-01-30,121923,1,2,0,1823.0
SOUZAM_2026-01-30_G08,SOUZAM,2026-01-30,123313,1,4,0,37.0
SOUZAM_2026-01-30_G09,SOUZAM,2026-01-30,123345,2,22,16,178.0
SOUZAM_2026-01-30_G10,SOUZAM,2026-01-30,124248,1,4,0,1022.0
SOUZAM_2026-01-30_G11,SOUZAM,2026-01-30,181052,8,8,130,269.0
SOUZAM_2026-01-30_G12,SOUZAM,2026-01-30,122962,1,6,0,276.0
SOUZAM_2026-01-30_G13,SOUZAM,2026-01-30,124486,1,4,0,40.0
SOUZAM_2026-01-30_G14,SOUZAM,2026-01-30,122673,1,4,0,147.0
SOUZAM_2026-01-30_G15,SOUZAM,2026-01-30,"124476, 124475",2,4,19,38.0
SOUZAM_2026-01-30_G16,SOUZAM,2026-01-30,123345,1,8,0,165.0
SOUZAM_2026-01-30_G17,SOUZAM,2026-01-30,181052,6,6,77,462.0
SOUZAM_2026-01-30_G18,SOUZAM,2026-01-30,181052,4,4,31,34.0
SOUZAM_2026-01-30_G19,SOUZAM,2026-01-30,181052,2,2,9,102.0
SOUZAM_2026-01-30_G20,SOUZAM,2026-01-30,122983,2,4,9,444.0
SOUZAM_2026-01-30_G21,SOUZAM,2026-01-30,122962,1,68,0,729.0
SOUZAM_2026-01-30_G22,SOUZAM,2026-01-30,122673,1,14,0,149.0
SOUZAM_2026-01-30_G23,SOUZAM,2026-01-30,122647,1,44,0,566.0
SOUZAM_2026-01-30_G24,SOUZAM,2026-01-30,122984,1,12,0,800.0
SOUZAM_2026-01-30_G25,SOUZAM,2026-01-30,123153,1,12,0,104.0
SOUZAM_2026-01-30_G26,SOUZAM,2026-01-30,124264,2,24,12,178.0
SOUZAM_2026-01-30_G27,SOUZAM,2026-01-30,123153,2,24,9,155.0
SOUZAM_2026-01-31_G02,SOUZAM,2026-01-31,122984,1,12,0,148.0
SOUZAM_2026-01-31_G03,SOUZAM,2026-01-31,122983,1,20,0,179.0
SOUZAM_2026-01-31_G04,SOUZAM,2026-01-31,124247,2,20,10,353.0
SOUZAM_2026-01-31_G05,SOUZAM,2026-01-31,122647,1,20,0,180.0
SOUZAM_2026-01-31_G06,SOUZAM,2026-01-31,123822,1,20,0,354.0
SOUZAM_2026-01-31_G07,SOUZAM,2026-01-31,123345,1,14,0,119.0
SOUZAM_2026-01-31_G08,SOUZAM,2026-01-31,122983,1,74,0,1269.0
SOUZAM_2026-01-31_G09,SOUZAM,2026-01-31,122983,1,20,0,33.0
SOUZAM_2026-01-31_G10,SOUZAM,2026-01-31,180001,1,10,0,1917.0
SOUZAM_2026-02-09_G02,SOUZAM,2026-02-09,123344,1,40,0,61.0
SOUZAM_2026-02-09_G03,SOUZAM,2026-02-09,120339,1,8,0,1037.0
SOUZAM_2026-02-09_G04,SOUZAM,2026-02-09,122962,1,60,0,1250.0
SOUZAM_2026-02-09_G05,SOUZAM,2026-02-09,122703,1,12,0,90.0
SOUZAM_2026-02-09_G06,SOUZAM,2026-02-09,121651,1,20,0,649.0
SOUZAM_2026-02-09_G07,SOUZAM,2026-02-09,121760,1,40,0,655.0
SOUZAM_2026-02-09_G08,SOUZAM,2026-02-09,123909,1,50,0,466.0
SOUZAM_2026-02-09_G09,SOUZAM,2026-02-09,124486,1,20,0,235.0
SOUZAM_2026-02-09_G10,SOUZAM,2026-02-09,124370,1,50,0,541.0
SOUZAM_2026-02-09_G11,SOUZAM,2026-02-09,"124475, 124248",2,32,22,434.0
SOUZAM_2026-02-09_G12,SOUZAM,2026-02-09,123521,1,12,0,91.0
SOUZAM_2026-02-28_G02,SOUZAM,2026-02-28,111530,1,8,0,148.0
SOUZAM_2026-02-28_G03,SOUZAM,2026-02-28,117820,1,12,0,795.0
SOUZAM_2026-02-28_G04,SOUZAM,2026-02-28,"117822, 105705",2,10,18,141.0
SOUZAM_2026-02-28_G05,SOUZAM,2026-02-28,110372,1,18,0,2846.0
SOUZAM_2026-02-28_G06,SOUZAM,2026-02-28,"140923, 111530",3,8,34,168.0
SOUZAM_2026-02-28_G07,SOUZAM,2026-02-28,117862,1,2,0,126.0
SOUZAM_2026-02-28_G08,SOUZAM,2026-02-28,111602,3,9,16,73.0
SOUZAM_2026-02-28_G09,SOUZAM,2026-02-28,117861,1,4,0,77.0
SOUZAM_2026-02-28_G10,SOUZAM,2026-02-28,110339,1,2,0,103.0
SOUZAM_2026-02-28_G11,SOUZAM,2026-02-28,111467,1,2,0,98.0
SOUZAM_2026-02-28_G12,SOUZAM,2026-02-28,108711,1,2,0,619.0
SOUZAM_2026-02-28_G13,SOUZAM,2026-02-28,141458,1,2,0,149.0
SOUZAM_2026-02-28_G14,SOUZAM,2026-02-28,122647,1,12,0,1174.0
SOUZAM_2026-02-28_G15,SOUZAM,2026-02-28,122962,1,30,0,1428.0
SOUZAM_2026-02-28_G16,SOUZAM,2026-02-28,181907,2,3,9,446.0
SOUZAM_2026-02-28_G17,SOUZAM,2026-02-28,120389,1,50,0,842.0
SOUZAM_2026-02-28_G18,SOUZAM,2026-02-28,181235,1,4,0,1116.0
SOUZAM_2026-02-28_G19,SOUZAM,2026-02-28,123889,1,8,0,331.0
SOUZAM_2026-02-28_G20,SOUZAM,2026-02-28,123344,1,24,0,144.0
SOUZAM_2026-02-28_G21,SOUZAM,2026-02-28,124264,1,2,0,610.0
SOUZAM_2026-02-28_G22,SOUZAM,2026-02-28,124594,1,20,0,138.0
SOUZAM_2026-02-28_G23,SOUZAM,2026-02-28,122671,1,4,0,225.0
SOUZAM_2026-02-28_G24,SOUZAM,2026-02-28,"121651, 120339",2,17,14,184.0
SOUZAM_2026-02-28_G25,SOUZAM,2026-02-28,124247,1,20,0,1176.0
SOUZAM_2026-02-28_G26,SOUZAM,2026-02-28,"124475, 122982",2,8,14,78.0
SOUZAM_2026-02-28_G27,SOUZAM,2026-02-28,"120028, 121760",2,8,10,187.0
SOUZAM_2026-02-28_G28,SOUZAM,2026-02-28,124371,1,3,0,100.0
SOUZAM_2026-02-28_G29,SOUZAM,2026-02-28,122983,1,4,0,53.0
SOUZAM_2026-02-28_G30,SOUZAM,2026-02-28,123521,1,12,0,87.0
SOUZAM_2026-02-28_G31,SOUZAM,2026-02-28,124248,1,5,0,71.0
SOUZAM_2026-02-28_G32,SOUZAM,2026-02-28,123909,1,40,0,766.0
SOUZAM_2026-02-28_G33,SOUZAM,2026-02-28,120339,1,68,0,351.0
SOUZAM_2026-02-28_G34,SOUZAM,2026-02-28,123313,1,8,0,553.0
SOUZAM_2026-02-28_G35,SOUZAM,2026-02-28,123343,1,8,0,158.0
SOUZAM_2026-03-31_G02,SOUZAM,2026-03-31,111466,1,3,0,360.0
SOUZAM_2026-03-31_G03,SOUZAM,2026-03-31,141166,1,5,0,691.0
SOUZAM_2026-03-31_G04,SOUZAM,2026-03-31,109645,1,2,0,396.0
SOUZAM_2026-03-31_G05,SOUZAM,2026-03-31,141457,1,5,0,98.0
SOUZAM_2026-03-31_G06,SOUZAM,2026-03-31,118299,1,3,0,1055.0
SOUZAM_2026-03-31_G07,SOUZAM,2026-03-31,111172,1,2,0,327.0
SOUZAM_2026-03-31_G08,SOUZAM,2026-03-31,108711,1,1,0,105.0
SOUZAM_2026-03-31_G09,SOUZAM,2026-03-31,111532,1,4,0,125.0
SOUZAM_2026-03-31_G10,SOUZAM,2026-03-31,111172,1,4,0,57.0
SOUZAM_2026-03-31_G11,SOUZAM,2026-03-31,111532,1,1,0,48.0
SOUZAM_2026-03-31_G12,SOUZAM,2026-03-31,109645,1,2,0,1048.0
SOUZAM_2026-03-31_G13,SOUZAM,2026-03-31,110895,1,2,0,595.0
SOUZAM_2026-03-31_G14,SOUZAM,2026-03-31,117786,1,4,0,752.0
SOUZAM_2026-03-31_G15,SOUZAM,2026-03-31,110711,1,4,0,98.0
SOUZAM_2026-03-31_G16,SOUZAM,2026-03-31,109640,1,2,0,102.0
SOUZAM_2026-03-31_G17,SOUZAM,2026-03-31,111530,1,1,0,202.0
SOUZAM_2026-03-31_G18,SOUZAM,2026-03-31,110313,1,1,0,49.0
SOUZAM_2026-03-31_G19,SOUZAM,2026-03-31,109645,1,2,0,326.0
SOUZAM_2026-03-31_G20,SOUZAM,2026-03-31,141457,1,10,0,66.0
SOUZAM_2026-03-31_G21,SOUZAM,2026-03-31,111172,1,2,0,97.0
SOUZAM_2026-03-31_G22,SOUZAM,2026-03-31,108711,1,2,0,147.0
SOUZAM_2026-03-31_G23,SOUZAM,2026-03-31,118299,1,17,0,564.0
SOUZAM_2026-03-31_G24,SOUZAM,2026-03-31,111172,1,10,0,221.0
SOUZAM_2026-03-31_G25,SOUZAM,2026-03-31,108794,1,10,0,123.0
SOUZAM_2026-03-31_G26,SOUZAM,2026-03-31,109640,1,4,0,127.0
SOUZAM_2026-03-31_G27,SOUZAM,2026-03-31,111172,1,2,0,62.0
SOUZAM_2026-03-31_G28,SOUZAM,2026-03-31,118299,1,9,0,37.0
SOUZAM_2026-03-31_G29,SOUZAM,2026-03-31,110376,1,2,0,166.0
SOUZAM_2026-03-31_G30,SOUZAM,2026-03-31,110895,1,1,0,245.0
SOUZAM_2026-03-31_G31,SOUZAM,2026-03-31,111441,1,3,0,152.0
SOUZAM_2026-03-31_G32,SOUZAM,2026-03-31,117786,1,2,0,150.0
SOUZAM_2026-03-31_G33,SOUZAM,2026-03-31,110711,1,4,0,155.0
SOUZAM_2026-03-31_G34,SOUZAM,2026-03-31,"111469, 116241",2,6,13,268.0
SOUZAM_2026-03-31_G35,SOUZAM,2026-03-31,111466,1,5,0,77.0
SOUZAM_2026-03-31_G36,SOUZAM,2026-03-31,111530,1,1,0,566.0
SOUZAM_2026-03-31_G38,SOUZAM,2026-03-31,108711,1,9,0,89.0
SOUZAM_2026-03-31_G39,SOUZAM,2026-03-31,118299,1,2,0,62.0
SOUZAM_2026-03-31_G40,SOUZAM,2026-03-31,118299,1,8,0,147.0
SOUZAM_2026-03-31_G41,SOUZAM,2026-03-31,111532,1,4,0,124.0
SOUZAM_2026-03-31_G42,SOUZAM,2026-03-31,141318,1,8,0,254.0
SOUZAM_2026-03-31_G43,SOUZAM,2026-03-31,111172,1,10,0,125.0
SOUZAM_2026-03-31_G44,SOUZAM,2026-03-31,111532,2,12,10,119.0
SOUZAM_2026-03-31_G45,SOUZAM,2026-03-31,108711,2,30,10,73.0
SOUZAM_2026-03-31_G46,SOUZAM,2026-03-31,108711,1,1,0,165.0
SOUZAM_2026-03-31_G47,SOUZAM,2026-03-31,111438,1,1,0,387.0
SOUZAM_2026-03-31_G48,SOUZAM,2026-03-31,116241,1,4,0,126.0
SOUZAM_2026-03-31_G49,SOUZAM,2026-03-31,111435,1,2,0,104.0
SOUZAM_2026-03-31_G50,SOUZAM,2026-03-31,105705,1,2,0,77.0
SOUZAM_2026-03-31_G51,SOUZAM,2026-03-31,111418,1,2,0,50.0
SOUZAM_2026-03-31_G52,SOUZAM,2026-03-31,111444,1,2,0,55.0
SOUZAM_2026-03-31_G53,SOUZAM,2026-03-31,111172,1,2,0,41.0
SOUZAM_2026-03-31_G54,SOUZAM,2026-03-31,142093,1,3,0,99.0
SOUZAM_2026-03-31_G55,SOUZAM,2026-03-31,110787,1,6,0,82.0
SOUZAM_2026-03-31_G56,SOUZAM,2026-03-31,108711,1,4,0,91.0
SOUZAM_2026-03-31_G57,SOUZAM,2026-03-31,118299,1,10,0,46.0
SOUZAM_2026-03-31_G58,SOUZAM,2026-03-31,110372,1,10,0,70.0
SOUZAM_2026-03-31_G59,SOUZAM,2026-03-31,110325,1,2,0,107.0
SOUZAM_2026-03-31_G60,SOUZAM,2026-03-31,117808,1,9,0,180.0
SOUZAM_2026-03-31_G61,SOUZAM,2026-03-31,110371,1,8,0,85.0
SOUZAM_2026-03-31_G62,SOUZAM,2026-03-31,108711,1,2,0,116.0
TONONR_2025-01-23_G02,TONONR,2025-01-23,120271,1,8,0,93.0
TONONR_2025-01-23_G03,TONONR,2025-01-23,124264,1,16,0,535.0
TONONR_2025-01-23_G04,TONONR,2025-01-23,123907,1,4,0,253.0
TONONR_2025-01-23_G05,TONONR,2025-01-23,123907,1,36,0,2339.0
TONONR_2025-03-13_G02,TONONR,2025-03-13,118299,1,50,0,435.0
TONONR_2025-03-13_G03,TONONR,2025-03-13,111569,1,4,0,2678.0
TONONR_2025-03-13_G04,TONONR,2025-03-13,117808,1,15,0,224.0
TONONR_2025-03-13_G05,TONONR,2025-03-13,111182,1,6,0,577.0
TONONR_2025-03-13_G06,TONONR,2025-03-13,109645,1,4,0,315.0
TONONR_2025-03-14_G02,TONONR,2025-03-14,122985,1,6,0,410.0
TONONR_2025-03-14_G03,TONONR,2025-03-14,120028,1,2,0,1300.0
TONONR_2025-03-14_G04,TONONR,2025-03-14,124486,1,6,0,237.0
TONONR_2025-03-15_G02,TONONR,2025-03-15,180024,1,2,0,286.0
TONONR_2025-03-15_G03,TONONR,2025-03-15,122984,1,14,0,1782.0
TONONR_2025-03-15_G04,TONONR,2025-03-15,122673,1,25,0,368.0
TONONR_2025-03-15_G05,TONONR,2025-03-15,121760,1,2,0,137.0
TONONR_2025-03-15_G06,TONONR,2025-03-15,121651,1,2,0,83.0
TONONR_2025-03-15_G07,TONONR,2025-03-15,124475,1,2,0,45.0
TONONR_2025-03-15_G08,TONONR,2025-03-15,123344,1,2,0,81.0
TONONR_2025-03-15_G09,TONONR,2025-03-15,124476,1,2,0,121.0
TONONR_2025-03-15_G10,TONONR,2025-03-15,123345,1,2,0,63.0
TONONR_2025-03-15_G11,TONONR,2025-03-15,123343,1,1,0,77.0
TONONR_2025-03-15_G12,TONONR,2025-03-15,123343,1,1,0,185.0
TONONR_2025-03-15_G13,TONONR,2025-03-15,124248,1,8,0,350.0
TONONR_2025-03-15_G14,TONONR,2025-03-15,122984,1,8,0,83.0
TONONR_2025-03-15_G15,TONONR,2025-03-15,122985,2,4,21,155.0
TONONR_2025-03-15_G16,TONONR,2025-03-15,122962,1,12,0,324.0
TONONR_2025-03-15_G17,TONONR,2025-03-15,124486,1,8,0,102.0
TONONR_2025-03-15_G18,TONONR,2025-03-15,122962,1,16,0,211.0
TONONR_2025-03-15_G19,TONONR,2025-03-15,"122671, 124486",2,5,11,81.0
TONONR_2025-03-15_G20,TONONR,2025-03-15,122647,1,7,0,150.0
TONONR_2025-03-15_G21,TONONR,2025-03-15,"123822, 124486",2,27,14,264.0
TONONR_2025-03-15_G22,TONONR,2025-03-15,120028,1,4,0,205.0
TONONR_2025-03-15_G24,TONONR,2025-03-15,123343,1,50,0,225.0
TONONR_2025-03-15_G25,TONONR,2025-03-15,120028,1,4,0,892.0
TONONR_2025-03-15_G26,TONONR,2025-03-15,123344,1,40,0,313.0
TONONR_2025-03-15_G27,TONONR,2025-03-15,122962,1,8,0,249.0
TONONR_2025-03-15_G28,TONONR,2025-03-15,123907,1,8,0,122.0
TONONR_2025-03-15_G29,TONONR,2025-03-15,"123909, 123343",2,15,16,127.0
TONONR_2025-03-15_G30,TONONR,2025-03-15,122962,1,4,0,493.0
TONONR_2025-03-15_G31,TONONR,2025-03-15,123153,1,20,0,376.0
TONONR_2025-03-15_G32,TONONR,2025-03-15,123153,1,30,0,372.0
TONONR_2025-03-15_G33,TONONR,2025-03-15,123889,1,38,0,492.0
TONONR_2025-03-15_G34,TONONR,2025-03-15,123889,1,12,0,178.0
TONONR_2025-03-15_G35,TONONR,2025-03-15,124248,1,2,0,102.0
TONONR_2025-03-15_G36,TONONR,2025-03-15,122984,1,2,0,74.0
TONONR_2025-03-15_G37,TONONR,2025-03-15,121651,1,2,0,179.0
TONONR_2025-03-15_G38,TONONR,2025-03-15,123822,1,4,0,829.0
TONONR_2025-03-15_G39,TONONR,2025-03-15,122985,1,4,0,338.0
TONONR_2025-03-15_G40,TONONR,2025-03-15,123822,1,2,0,117.0
TONONR_2025-03-15_G41,TONONR,2025-03-15,124248,1,10,0,162.0
TONONR_2025-03-15_G42,TONONR,2025-03-15,122983,1,8,0,181.0
TONONR_2025-03-15_G43,TONONR,2025-03-15,122984,1,12,0,249.0
TONONR_2025-03-15_G44,TONONR,2025-03-15,122185,1,12,0,211.0
TONONR_2025-03-15_G45,TONONR,2025-03-15,123947,1,2,0,189.0
TONONR_2025-03-15_G46,TONONR,2025-03-15,123345,1,2,0,52.0
TONONR_2025-03-15_G47,TONONR,2025-03-15,120008,1,50,0,2458.0
TONONR_2025-03-15_G48,TONONR,2025-03-15,120008,1,50,0,925.0
TONONR_2025-03-24_G02,TONONR,2025-03-24,124486,1,53,0,831.0
TONONR_2025-03-24_G03,TONONR,2025-03-24,123909,1,30,0,524.0
TONONR_2025-03-30_G02,TONONR,2025-03-30,121760,1,10,0,197.0
TONONR_2025-03-30_G03,TONONR,2025-03-30,122185,1,10,0,127.0
TONONR_2025-03-30_G04,TONONR,2025-03-30,122185,1,40,0,339.0
TONONR_2025-03-30_G05,TONONR,2025-03-30,122984,1,20,0,262.0
TONONR_2025-03-30_G06,TONONR,2025-03-30,122984,1,150,0,2226.0
TONONR_2025-03-31_G02,TONONR,2025-03-31,122962,1,20,0,1610.0
TONONR_2025-03-31_G03,TONONR,2025-03-31,124247,1,2,0,471.0
TONONR_2025-03-31_G04,TONONR,2025-03-31,124475,1,8,0,750.0
TONONR_2025-03-31_G05,TONONR,2025-03-31,120389,1,10,0,308.0
TONONR_2025-03-31_G06,TONONR,2025-03-31,120389,1,6,0,65.0
TONONR_2025-03-31_G07,TONONR,2025-03-31,122984,1,16,0,230.0
TONONR_2025-03-31_G08,TONONR,2025-03-31,122984,1,6,0,174.0
TONONR_2025-03-31_G09,TONONR,2025-03-31,122984,1,8,0,74.0
TONONR_2025-03-31_G10,TONONR,2025-03-31,122189,1,4,0,105.0
TONONR_2025-03-31_G11,TONONR,2025-03-31,122671,1,8,0,579.0
TONONR_2025-03-31_G12,TONONR,2025-03-31,124475,1,12,0,324.0
TONONR_2025-03-31_G13,TONONR,2025-03-31,120389,1,20,0,352.0
TONONR_2025-03-31_G14,TONONR,2025-03-31,122673,1,4,0,83.0
TONONR_2025-03-31_G15,TONONR,2025-03-31,122984,1,4,0,159.0
TONONR_2025-03-31_G16,TONONR,2025-03-31,120339,1,5,0,146.0
TONONR_2025-03-31_G17,TONONR,2025-03-31,123909,1,50,0,786.0
TONONR_2025-03-31_G19,TONONR,2025-03-31,124486,1,22,0,736.0
TONONR_2025-03-31_G20,TONONR,2025-03-31,120028,1,9,0,394.0
TONONR_2025-03-31_G21,TONONR,2025-03-31,123911,1,10,0,351.0
TONONR_2025-03-31_G22,TONONR,2025-03-31,120028,1,1,0,77.0
TONONR_2025-03-31_G23,TONONR,2025-03-31,122985,1,4,0,413.0
TONONR_2025-03-31_G24,TONONR,2025-03-31,121928,1,4,0,134.0
TONONR_2025-03-31_G25,TONONR,2025-03-31,121760,1,13,0,436.0
TONONR_2025-03-31_G26,TONONR,2025-03-31,124371,1,8,0,62.0
TONONR_2025-03-31_G27,TONONR,2025-03-31,122703,1,7,0,78.0
TONONR_2025-03-31_G28,TONONR,2025-03-31,124476,1,8,0,382.0
TONONR_2025-03-31_G29,TONONR,2025-03-31,120339,1,5,0,584.0
TONONR_2025-03-31_G30,TONONR,2025-03-31,121651,1,25,0,102.0
TONONR_2025-03-31_G31,TONONR,2025-03-31,123344,1,23,0,111.0
TONONR_2025-03-31_G32,TONONR,2025-03-31,123344,1,2,0,1063.0
TONONR_2025-03-31_G33,TONONR,2025-03-31,123153,1,3,0,347.0
TONONR_2025-03-31_G34,TONONR,2025-03-31,123909,1,1,0,164.0
TONONR_2025-03-31_G35,TONONR,2025-03-31,122988,1,5,0,91.0
TONONR_2025-03-31_G36,TONONR,2025-03-31,124475,1,8,0,173.0
TONONR_2025-03-31_G37,TONONR,2025-03-31,124475,1,8,0,239.0
TONONR_2025-03-31_G38,TONONR,2025-03-31,123032,1,7,0,223.0
TONONR_2025-03-31_G39,TONONR,2025-03-31,123562,1,1,0,152.0
TONONR_2025-04-10_G02,TONONR,2025-04-10,124475,1,6,0,130.0
TONONR_2025-04-10_G03,TONONR,2025-04-10,180054,1,1,0,154.0
TONONR_2025-04-10_G04,TONONR,2025-04-10,124486,1,20,0,276.0
TONONR_2025-04-10_G05,TONONR,2025-04-10,122647,1,20,0,670.0
TONONR_2025-04-10_G06,TONONR,2025-04-10,122962,1,10,0,193.0
TONONR_2025-04-10_G07,TONONR,2025-04-10,124370,1,4,0,78.0
TONONR_2025-04-10_G08,TONONR,2025-04-10,123911,1,24,0,495.0
TONONR_2025-04-11_G02,TONONR,2025-04-11,122981,1,2,0,170.0
TONONR_2025-04-11_G03,TONONR,2025-04-11,122185,1,20,0,242.0
TONONR_2025-04-11_G04,TONONR,2025-04-11,122984,1,8,0,141.0
TONONR_2025-04-13_G02,TONONR,2025-04-13,121651,1,1,0,181.0
TONONR_2025-04-13_G03,TONONR,2025-04-13,122647,1,4,0,240.0
TONONR_2025-04-13_G04,TONONR,2025-04-13,124486,1,8,0,172.0
TONONR_2025-04-13_G05,TONONR,2025-04-13,123909,1,2,0,88.0
TONONR_2025-04-13_G06,TONONR,2025-04-13,123343,1,3,0,205.0
TONONR_2025-04-13_G07,TONONR,2025-04-13,123345,1,5,0,80.0
TONONR_2025-04-13_G08,TONONR,2025-04-13,123153,1,60,0,1167.0
TONONR_2025-04-13_G09,TONONR,2025-04-13,123153,1,20,0,230.0
TONONR_2025-04-14_G02,TONONR,2025-04-14,122985,2,10,23,152.0
TONONR_2025-04-14_G03,TONONR,2025-04-14,122985,1,4,0,354.0
TONONR_2025-04-14_G04,TONONR,2025-04-14,122647,1,10,0,302.0
TONONR_2025-04-14_G05,TONONR,2025-04-14,122673,1,20,0,209.0
TONONR_2025-04-14_G06,TONONR,2025-04-14,122673,1,14,0,186.0
TONONR_2025-04-14_G07,TONONR,2025-04-14,120271,1,2,0,341.0
TONONR_2025-04-14_G08,TONONR,2025-04-14,120339,1,3,0,890.0
TONONR_2025-04-14_G09,TONONR,2025-04-14,181235,1,20,0,97.0
TONONR_2025-04-14_G10,TONONR,2025-04-14,181815,1,36,0,494.0
TONONR_2025-04-14_G11,TONONR,2025-04-14,123345,1,10,0,904.0
TONONR_2025-04-14_G12,TONONR,2025-04-14,123343,1,50,0,438.0
TONONR_2025-04-14_G13,TONONR,2025-04-14,123153,1,80,0,1004.0
TONONR_2025-04-14_G14,TONONR,2025-04-14,123492,1,6,0,396.0
TONONR_2025-04-14_G16,TONONR,2025-04-14,121760,1,12,0,404.0
TONONR_2025-04-14_G17,TONONR,2025-04-14,122983,1,20,0,441.0
TONONR_2025-04-14_G18,TONONR,2025-04-14,122983,1,16,0,277.0
TONONR_2025-04-14_G19,TONONR,2025-04-14,120339,1,3,0,1287.0
TONONR_2025-04-14_G20,TONONR,2025-04-14,122985,1,2,0,107.0
TONONR_2025-04-14_G21,TONONR,2025-04-14,122985,1,10,0,72.0
TONONR_2025-04-14_G22,TONONR,2025-04-14,120339,1,2,0,71.0
TONONR_2025-04-14_G23,TONONR,2025-04-14,122185,1,6,0,227.0
TONONR_2025-04-14_G24,TONONR,2025-04-14,120339,1,2,0,86.0
TONONR_2025-04-14_G25,TONONR,2025-04-14,120339,1,8,0,127.0
TONONR_2025-04-14_G26,TONONR,2025-04-14,123343,3,6,16,89.0
TONONR_2025-04-14_G27,TONONR,2025-04-14,123032,1,11,0,1358.0
TONONR_2025-04-14_G28,TONONR,2025-04-14,124248,1,40,0,614.0
TONONR_2025-04-14_G29,TONONR,2025-04-14,124486,1,40,0,393.0
TONONR_2025-04-14_G30,TONONR,2025-04-14,123909,1,2,0,150.0
TONONR_2025-04-14_G31,TONONR,2025-04-14,123343,1,4,0,52.0
TONONR_2025-04-14_G32,TONONR,2025-04-14,122983,2,16,22,499.0
TONONR_2025-04-14_G33,TONONR,2025-04-14,123153,1,34,0,516.0
TONONR_2025-04-14_G34,TONONR,2025-04-14,124248,1,125,0,831.0
TONONR_2025-04-14_G35,TONONR,2025-04-14,124486,1,91,0,779.0
TONONR_2025-04-14_G36,TONONR,2025-04-14,122984,1,28,0,328.0
TONONR_2025-04-16_G02,TONONR,2025-04-16,124370,1,100,0,3083.0
TONONR_2025-04-17_G02,TONONR,2025-04-17,122673,1,15,0,220.0
TONONR_2025-04-17_G03,TONONR,2025-04-17,120339,1,16,0,121.0
TONONR_2025-04-17_G04,TONONR,2025-04-17,124370,1,4,0,196.0
TONONR_2025-04-17_G05,TONONR,2025-04-17,124371,1,14,0,117.0
TONONR_2025-04-17_G06,TONONR,2025-04-17,124370,2,6,23,660.0
TONONR_2025-04-17_G07,TONONR,2025-04-17,120339,2,6,14,1126.0
TONONR_2025-04-17_G08,TONONR,2025-04-17,122983,1,10,0,305.0
TONONR_2025-04-17_G09,TONONR,2025-04-17,122962,1,8,0,103.0
TONONR_2025-04-17_G10,TONONR,2025-04-17,122962,1,7,0,176.0
TONONR_2025-04-17_G11,TONONR,2025-04-17,122962,1,3,0,66.0
TONONR_2025-04-17_G12,TONONR,2025-04-17,124486,1,4,0,97.0
TONONR_2025-04-17_G13,TONONR,2025-04-17,123343,1,3,0,121.0
TONONR_2025-04-17_G14,TONONR,2025-04-17,124477,1,16,0,1340.0
TONONR_2025-04-17_G15,TONONR,2025-04-17,122962,1,16,0,561.0
TONONR_2025-04-17_G17,TONONR,2025-04-17,121760,1,34,0,618.0
TONONR_2025-04-17_G18,TONONR,2025-04-17,124370,1,14,0,268.0
TONONR_2025-04-17_G19,TONONR,2025-04-17,124486,1,16,0,246.0
TONONR_2025-04-17_G20,TONONR,2025-04-17,123345,1,20,0,95.0
TONONR_2025-04-17_G21,TONONR,2025-04-17,122189,1,4,0,417.0
TONONR_2025-04-17_G22,TONONR,2025-04-17,122962,1,16,0,354.0
TONONR_2025-04-17_G23,TONONR,2025-04-17,124370,1,12,0,237.0
TONONR_2025-04-17_G24,TONONR,2025-04-17,122984,1,12,0,121.0
TONONR_2025-04-17_G25,TONONR,2025-04-17,122983,1,16,0,171.0
TONONR_2025-04-17_G26,TONONR,2025-04-17,122983,1,8,0,113.0
TONONR_2025-04-17_G27,TONONR,2025-04-17,122962,1,10,0,304.0
TONONR_2025-04-17_G28,TONONR,2025-04-17,122962,1,12,0,288.0
TONONR_2025-04-17_G29,TONONR,2025-04-17,124371,1,16,0,198.0
TONONR_2025-04-17_G30,TONONR,2025-04-17,124370,1,8,0,308.0
TONONR_2025-04-17_G31,TONONR,2025-04-17,123521,1,4,0,118.0
TONONR_2025-04-17_G32,TONONR,2025-04-17,123345,1,4,0,51.0
TONONR_2025-04-17_G33,TONONR,2025-04-17,123343,1,3,0,111.0
TONONR_2025-04-17_G34,TONONR,2025-04-17,122962,1,8,0,202.0
TONONR_2025-04-17_G35,TONONR,2025-04-17,124370,1,4,0,69.0
TONONR_2025-04-17_G36,TONONR,2025-04-17,124486,1,8,0,114.0
TONONR_2025-04-17_G37,TONONR,2025-04-17,122962,1,12,0,115.0
TONONR_2025-04-17_G38,TONONR,2025-04-17,122982,1,12,0,395.0
TONONR_2025-04-17_G39,TONONR,2025-04-17,124486,1,18,0,133.0
TONONR_2025-04-17_G40,TONONR,2025-04-17,121651,1,12,0,241.0
TONONR_2025-04-17_G41,TONONR,2025-04-17,124371,1,11,0,211.0
TONONR_2025-04-17_G42,TONONR,2025-04-17,122983,1,4,0,190.0
TONONR_2025-04-17_G43,TONONR,2025-04-17,122983,1,16,0,1252.0
TONONR_2025-04-18_G02,TONONR,2025-04-18,"122962, 124486",2,18,30,459.0
TONONR_2025-04-18_G03,TONONR,2025-04-18,123909,1,14,0,948.0
TONONR_2025-04-18_G04,TONONR,2025-04-18,122968,1,10,0,189.0
TONONR_2025-04-18_G05,TONONR,2025-04-18,122962,1,12,0,173.0
TONONR_2025-04-18_G06,TONONR,2025-04-18,124486,1,5,0,193.0
TONONR_2025-04-18_G07,TONONR,2025-04-18,122962,1,40,0,423.0
TONONR_2025-04-18_G08,TONONR,2025-04-18,122647,1,64,0,1080.0
TONONR_2025-04-18_G09,TONONR,2025-04-18,124486,1,34,0,400.0
TONONR_2025-04-18_G10,TONONR,2025-04-18,123520,1,10,0,206.0
TONONR_2025-04-18_G11,TONONR,2025-04-18,121928,1,6,0,107.0
TONONR_2025-04-18_G12,TONONR,2025-04-18,122962,1,8,0,136.0
TONONR_2025-04-18_G13,TONONR,2025-04-18,120389,1,30,0,327.0
TONONR_2025-04-18_G14,TONONR,2025-04-18,122647,1,50,0,2111.0
TONONR_2025-04-18_G16,TONONR,2025-04-18,120389,1,8,0,170.0
TONONR_2025-04-18_G17,TONONR,2025-04-18,123343,1,8,0,135.0
TONONR_2025-04-18_G18,TONONR,2025-04-18,123345,1,8,0,139.0
TONONR_2025-04-18_G19,TONONR,2025-04-18,124477,1,4,0,208.0
TONONR_2025-04-18_G20,TONONR,2025-04-18,122962,1,12,0,265.0
TONONR_2025-04-18_G21,TONONR,2025-04-18,123822,1,24,0,427.0
TONONR_2025-04-18_G22,TONONR,2025-04-18,124486,1,12,0,224.0
TONONR_2025-04-18_G23,TONONR,2025-04-18,122982,1,5,0,304.0
TONONR_2025-04-18_G24,TONONR,2025-04-18,122962,1,10,0,125.0
TONONR_2025-04-18_G25,TONONR,2025-04-18,122673,1,6,0,135.0
TONONR_2025-04-18_G26,TONONR,2025-04-18,123345,1,4,0,65.0
TONONR_2025-04-18_G27,TONONR,2025-04-18,121760,1,20,0,1935.0
TONONR_2025-04-18_G28,TONONR,2025-04-18,122647,1,10,0,257.0
TONONR_2025-04-18_G29,TONONR,2025-04-18,123909,1,4,0,96.0
TONONR_2025-04-18_G30,TONONR,2025-04-18,122983,1,8,0,277.0
TONONR_2025-04-18_G31,TONONR,2025-04-18,123345,1,8,0,163.0
TONONR_2025-04-18_G32,TONONR,2025-04-18,123889,1,2,0,201.0
TONONR_2025-04-18_G33,TONONR,2025-04-18,122986,1,5,0,88.0
TONONR_2025-04-18_G34,TONONR,2025-04-18,122985,1,4,0,93.0
TONONR_2025-04-18_G35,TONONR,2025-04-18,122671,1,4,0,152.0
TONONR_2025-04-18_G36,TONONR,2025-04-18,121760,1,20,0,395.0
TONONR_2025-04-18_G37,TONONR,2025-04-18,124370,1,10,0,137.0
TONONR_2025-04-18_G38,TONONR,2025-04-18,124486,1,12,0,189.0
TONONR_2025-04-18_G39,TONONR,2025-04-18,122673,1,4,0,129.0
TONONR_2025-04-18_G40,TONONR,2025-04-18,123909,1,8,0,97.0
TONONR_2025-04-18_G41,TONONR,2025-04-18,123343,1,5,0,59.0
TONONR_2025-04-18_G42,TONONR,2025-04-18,123345,1,24,0,119.0
TONONR_2025-04-20_G02,TONONR,2025-04-20,111469,1,10,0,192.0
TONONR_2025-04-20_G03,TONONR,2025-04-20,118004,1,8,0,270.0
TONONR_2025-04-20_G04,TONONR,2025-04-20,111463,1,2,0,159.0
TONONR_2025-04-20_G05,TONONR,2025-04-20,116241,1,48,0,496.0
TONONR_2025-04-20_G06,TONONR,2025-04-20,111743,1,4,0,220.0
TONONR_2025-04-20_G07,TONONR,2025-04-20,117833,1,4,0,149.0
TONONR_2025-04-20_G08,TONONR,2025-04-20,117785,1,80,0,370.0
TONONR_2025-04-20_G09,TONONR,2025-04-20,111466,1,6,0,196.0
TONONR_2025-04-20_G10,TONONR,2025-04-20,111466,1,12,0,131.0
TONONR_2025-04-20_G11,TONONR,2025-04-20,118223,1,4,0,178.0
TONONR_2025-04-20_G12,TONONR,2025-04-20,118140,1,2,0,87.0
TONONR_2025-04-20_G13,TONONR,2025-04-20,118317,1,4,0,101.0
TONONR_2025-04-20_G14,TONONR,2025-04-20,111465,1,3,0,107.0
TONONR_2025-04-20_G15,TONONR,2025-04-20,111465,1,2,0,51.0
TONONR_2025-04-21_G02,TONONR,2025-04-21,117820,1,2,0,440.0
TONONR_2025-04-21_G03,TONONR,2025-04-21,117832,1,4,0,97.0
TONONR_2025-04-21_G04,TONONR,2025-04-21,110372,1,2,0,42.0
TONONR_2025-04-21_G05,TONONR,2025-04-21,110372,1,81,0,594.0
TONONR_2025-04-21_G06,TONONR,2025-04-21,110373,1,7,0,145.0
TONONR_2025-04-21_G07,TONONR,2025-04-21,160053,1,20,0,944.0
TONONR_2025-04-21_G08,TONONR,2025-04-21,117935,1,12,0,762.0
TONONR_2025-04-21_G09,TONONR,2025-04-21,109647,1,8,0,354.0
TONONR_2025-04-21_G10,TONONR,2025-04-21,109647,1,4,0,77.0
TONONR_2025-04-21_G11,TONONR,2025-04-21,110339,1,8,0,298.0
TONONR_2025-04-21_G12,TONONR,2025-04-21,117861,1,6,0,91.0
TONONR_2025-04-21_G13,TONONR,2025-04-21,117855,1,2,0,112.0
TONONR_2025-04-21_G14,TONONR,2025-04-21,117854,1,12,0,144.0
TONONR_2025-04-21_G15,TONONR,2025-04-21,109640,1,30,0,2048.0
TONONR_2025-04-21_G17,TONONR,2025-04-21,110747,1,2,0,272.0
TONONR_2025-04-21_G18,TONONR,2025-04-21,118222,1,2,0,104.0
TONONR_2025-04-21_G19,TONONR,2025-04-21,111438,1,4,0,199.0
TONONR_2025-04-21_G20,TONONR,2025-04-21,141047,1,1,0,274.0
TONONR_2025-04-21_G21,TONONR,2025-04-21,118140,1,1,0,579.0
TONONR_2025-04-21_G22,TONONR,2025-04-21,110787,1,2,0,119.0
TONONR_2025-04-21_G23,TONONR,2025-04-21,110374,1,4,0,199.0
TONONR_2025-04-21_G24,TONONR,2025-04-21,117808,1,5,0,263.0
TONONR_2025-04-21_G25,TONONR,2025-04-21,114091,1,4,0,570.0
TONONR_2025-04-21_G26,TONONR,2025-04-21,111569,1,1,0,275.0
TONONR_2025-04-21_G27,TONONR,2025-04-21,111438,1,3,0,126.0
TONONR_2025-04-21_G28,TONONR,2025-04-21,141047,1,1,0,174.0
TONONR_2025-04-21_G29,TONONR,2025-04-21,110711,1,2,0,172.0
TONONR_2025-04-21_G30,TONONR,2025-04-21,111433,1,3,0,148.0
TONONR_2025-04-21_G31,TONONR,2025-04-21,140922,1,3,0,156.0
TONONR_2025-04-21_G32,TONONR,2025-04-21,118140,1,2,0,113.0
TONONR_2025-04-21_G33,TONONR,2025-04-21,117808,1,1,0,159.0
TONONR_2025-04-21_G34,TONONR,2025-04-21,111438,1,1,0,1786.0
TONONR_2025-04-21_G35,TONONR,2025-04-21,111532,1,1,0,124.0
TONONR_2025-04-21_G36,TONONR,2025-04-21,118140,1,4,0,184.0
TONONR_2025-04-21_G37,TONONR,2025-04-21,111330,1,2,0,99.0
TONONR_2025-04-21_G38,TONONR,2025-04-21,117808,1,6,0,224.0
TONONR_2025-04-21_G39,TONONR,2025-04-21,109640,1,10,0,367.0
TONONR_2025-04-21_G40,TONONR,2025-04-21,111532,1,1,0,747.0
TONONR_2025-04-21_G41,TONONR,2025-04-21,110787,1,8,0,225.0
TONONR_2025-04-21_G42,TONONR,2025-04-21,109937,1,1,0,174.0
TONONR_2025-04-21_G43,TONONR,2025-04-21,111438,1,1,0,96.0
TONONR_2025-04-21_G44,TONONR,2025-04-21,110374,1,4,0,194.0
TONONR_2025-04-22_G02,TONONR,2025-04-22,110895,1,3,0,142.0
TONONR_2025-04-22_G03,TONONR,2025-04-22,108759,1,20,0,367.0
TONONR_2025-04-22_G04,TONONR,2025-04-22,117935,1,67,0,550.0
TONONR_2025-04-22_G05,TONONR,2025-04-22,111530,1,124,0,1211.0
TONONR_2025-04-22_G06,TONONR,2025-04-22,110752,1,2,0,185.0
TONONR_2025-04-22_G07,TONONR,2025-04-22,117862,1,9,0,143.0
TONONR_2025-04-22_G08,TONONR,2025-04-22,111439,1,5,0,150.0
TONONR_2025-04-22_G09,TONONR,2025-04-22,117856,1,8,0,355.0
TONONR_2025-04-22_G10,TONONR,2025-04-22,110325,1,4,0,115.0
TONONR_2025-04-22_G11,TONONR,2025-04-22,117830,2,2,18,79.0
TONONR_2025-04-22_G12,TONONR,2025-04-22,110375,2,4,19,59.0
TONONR_2025-04-22_G13,TONONR,2025-04-22,110748,1,3,0,61.0
TONONR_2025-04-22_G14,TONONR,2025-04-22,118317,1,3,0,78.0
TONONR_2025-04-22_G15,TONONR,2025-04-22,"111435, 110748",2,107,8,659.0
TONONR_2025-04-24_G02,TONONR,2025-04-24,123822,1,100,0,1387.0
TONONR_2025-04-24_G03,TONONR,2025-04-24,124371,1,4,0,1356.0
TONONR_2025-04-24_G04,TONONR,2025-04-24,124475,1,4,0,60.0
TONONR_2025-04-24_G05,TONONR,2025-04-24,121651,1,3,0,332.0
TONONR_2025-04-24_G06,TONONR,2025-04-24,121651,1,1,0,118.0
TONONR_2025-04-24_G07,TONONR,2025-04-24,122962,1,8,0,85.0
TONONR_2025-04-24_G08,TONONR,2025-04-24,124486,1,12,0,204.0
TONONR_2025-04-24_G09,TONONR,2025-04-24,122671,1,16,0,38.0
TONONR_2025-04-24_G10,TONONR,2025-04-24,123909,1,2,0,205.0
TONONR_2025-04-24_G11,TONONR,2025-04-24,122962,1,12,0,197.0
TONONR_2025-04-27_G02,TONONR,2025-04-27,122983,1,23,0,707.0
TONONR_2025-04-27_G03,TONONR,2025-04-27,122986,1,6,0,286.0
TONONR_2025-04-27_G04,TONONR,2025-04-27,122984,1,20,0,381.0
TONONR_2025-04-28_G02,TONONR,2025-04-28,122962,1,40,0,804.0
TONONR_2025-04-28_G03,TONONR,2025-04-28,124486,1,30,0,402.0
TONONR_2025-04-28_G04,TONONR,2025-04-28,123909,1,12,0,888.0
TONONR_2025-04-28_G05,TONONR,2025-04-28,122962,1,4,0,89.0
TONONR_2025-04-28_G06,TONONR,2025-04-28,124486,1,6,0,92.0
TONONR_2025-04-28_G07,TONONR,2025-04-28,122983,1,28,0,380.0
TONONR_2025-04-28_G08,TONONR,2025-04-28,123153,1,10,0,272.0
TONONR_2025-04-28_G09,TONONR,2025-04-28,122988,1,8,0,102.0
TONONR_2025-04-28_G10,TONONR,2025-04-28,123313,1,6,0,819.0
TONONR_2025-04-28_G11,TONONR,2025-04-28,122962,1,8,0,400.0
TONONR_2025-04-28_G12,TONONR,2025-04-28,122671,1,2,0,107.0
TONONR_2025-04-28_G13,TONONR,2025-04-28,120028,1,6,0,126.0
TONONR_2025-04-28_G14,TONONR,2025-04-28,124486,1,2,0,95.0
TONONR_2025-04-28_G15,TONONR,2025-04-28,122673,1,4,0,89.0
TONONR_2025-04-28_G16,TONONR,2025-04-28,124248,1,11,0,250.0
TONONR_2025-04-28_G17,TONONR,2025-04-28,122986,1,7,0,330.0
TONONR_2025-04-28_G18,TONONR,2025-04-28,122981,1,17,0,268.0
TONONR_2025-04-28_G20,TONONR,2025-04-28,122962,1,8,0,547.0
TONONR_2025-04-28_G21,TONONR,2025-04-28,180169,1,1,0,189.0
TONONR_2025-04-28_G22,TONONR,2025-04-28,122962,1,8,0,175.0
TONONR_2025-04-28_G23,TONONR,2025-04-28,121651,1,20,0,429.0
TONONR_2025-04-28_G24,TONONR,2025-04-28,124371,1,10,0,183.0
TONONR_2025-04-28_G25,TONONR,2025-04-28,122985,1,16,0,130.0
TONONR_2025-04-28_G26,TONONR,2025-04-28,123345,1,18,0,315.0
TONONR_2025-04-28_G27,TONONR,2025-04-28,122703,1,19,0,394.0
TONONR_2025-04-28_G28,TONONR,2025-04-28,"124486, 124247",2,31,17,242.0
TONONR_2025-04-28_G29,TONONR,2025-04-28,123822,1,30,0,361.0
TONONR_2025-04-28_G30,TONONR,2025-04-28,122985,1,6,0,50.0
TONONR_2025-04-28_G31,TONONR,2025-04-28,122673,1,5,0,1250.0
TONONR_2025-04-28_G32,TONONR,2025-04-28,123343,1,30,0,324.0
TONONR_2025-04-28_G33,TONONR,2025-04-28,121760,1,40,0,903.0
TONONR_2025-04-28_G34,TONONR,2025-04-28,124476,1,30,0,1536.0
TONONR_2025-04-28_G35,TONONR,2025-04-28,124370,1,50,0,658.0
TONONR_2025-04-28_G36,TONONR,2025-04-28,124475,1,20,0,231.0
TONONR_2025-04-28_G37,TONONR,2025-04-28,123561,1,8,0,61.0
TONONR_2025-04-28_G38,TONONR,2025-04-28,120028,1,2,0,97.0
TONONR_2025-04-28_G39,TONONR,2025-04-28,122673,1,45,0,466.0
TONONR_2025-04-28_G40,TONONR,2025-04-28,120339,1,16,0,256.0
TONONR_2025-04-28_G41,TONONR,2025-04-28,124371,1,35,0,480.0
TONONR_2025-04-28_G42,TONONR,2025-04-28,123560,1,9,0,90.0
TONONR_2025-05-21_G02,TONONR,2025-05-21,111876,1,9,0,717.0
TONONR_2025-05-21_G04,TONONR,2025-05-21,111754,2,5,13,46.0
TONONR_2025-05-21_G05,TONONR,2025-05-21,121760,2,8,23,1899.0
TONONR_2025-05-24_G02,TONONR,2025-05-24,100334,1,2,0,255.0
TONONR_2025-05-24_G03,TONONR,2025-05-24,118251,1,8,0,478.0
TONONR_2025-05-24_G04,TONONR,2025-05-24,111438,1,4,0,178.0
TONONR_2025-05-24_G05,TONONR,2025-05-24,111569,1,4,0,135.0
TONONR_2025-05-24_G06,TONONR,2025-05-24,110740,1,7,0,187.0
TONONR_2025-05-24_G07,TONONR,2025-05-24,110751,2,8,17,199.0
TONONR_2025-05-24_G08,TONONR,2025-05-24,111462,1,4,0,68.0
TONONR_2025-05-24_G09,TONONR,2025-05-24,111182,1,6,0,141.0
TONONR_2025-05-24_G10,TONONR,2025-05-24,110745,1,2,0,74.0
TONONR_2025-05-24_G11,TONONR,2025-05-24,111466,1,4,0,146.0
TONONR_2025-05-24_G12,TONONR,2025-05-24,111442,1,4,0,177.0
TONONR_2025-05-24_G13,TONONR,2025-05-24,110371,1,5,0,659.0
TONONR_2025-05-24_G14,TONONR,2025-05-24,117808,1,5,0,72.0
TONONR_2025-05-24_G15,TONONR,2025-05-24,110372,1,10,0,153.0
TONONR_2025-05-24_G16,TONONR,2025-05-24,111446,1,3,0,854.0
TONONR_2025-05-24_G17,TONONR,2025-05-24,111446,1,6,0,69.0
TONONR_2025-05-24_G18,TONONR,2025-05-24,111569,1,10,0,1183.0
TONONR_2025-05-24_G19,TONONR,2025-05-24,111418,1,10,0,215.0
TONONR_2025-05-24_G20,TONONR,2025-05-24,111466,1,10,0,445.0
TONONR_2025-05-27_G02,TONONR,2025-05-27,117808,1,192,0,52.0
TONONR_2025-06-09_G02,TONONR,2025-06-09,111743,1,2,0,33.0
TONONR_2025-06-09_G03,TONONR,2025-06-09,"111469, 105705, 140922, 111466, 117833",5,29,51,38.0
TONONR_2025-06-11_G02,TONONR,2025-06-11,110313,1,112,0,483.0
TONONR_2025-06-11_G03,TONONR,2025-06-11,111602,1,118,0,640.0
TONONR_2025-06-12_G03,TONONR,2025-06-12,110372,1,4,0,161.0
TONONR_2025-06-12_G04,TONONR,2025-06-12,117830,1,19,0,257.0
TONONR_2025-06-12_G05,TONONR,2025-06-12,141202,1,2,0,1281.0
TONONR_2025-06-12_G06,TONONR,2025-06-12,117820,1,2,0,118.0
TONONR_2025-06-12_G07,TONONR,2025-06-12,117820,1,73,0,1366.0
TONONR_2025-06-12_G08,TONONR,2025-06-12,110373,1,80,0,1573.0
TONONR_2025-06-13_G02,TONONR,2025-06-13,117854,1,1,0,278.0
TONONR_2025-06-13_G03,TONONR,2025-06-13,111655,1,4,0,786.0
TONONR_2025-06-13_G04,TONONR,2025-06-13,111438,1,4,0,623.0
TONONR_2025-06-13_G05,TONONR,2025-06-13,111532,1,38,0,1690.0
TONONR_2025-06-13_G06,TONONR,2025-06-13,111602,1,60,0,796.0
TONONR_2025-06-13_G07,TONONR,2025-06-13,110325,1,4,0,2746.0
TONONR_2025-06-13_G08,TONONR,2025-06-13,160054,1,2,0,228.0
TONONR_2025-06-13_G09,TONONR,2025-06-13,117808,1,38,0,725.0
TONONR_2025-06-13_G10,TONONR,2025-06-13,110373,1,11,0,342.0
TONONR_2025-06-13_G11,TONONR,2025-06-13,117822,1,4,0,136.0
TONONR_2025-06-13_G12,TONONR,2025-06-13,110376,1,6,0,96.0
TONONR_2025-06-14_G02,TONONR,2025-06-14,124486,1,10,0,117.0
TONONR_2025-06-14_G03,TONONR,2025-06-14,123909,1,8,0,164.0
TONONR_2025-06-14_G04,TONONR,2025-06-14,123521,1,27,0,406.0
TONONR_2025-06-14_G05,TONONR,2025-06-14,121651,1,100,0,679.0
TONONR_2025-06-14_G06,TONONR,2025-06-14,123344,1,8,0,75.0
TONONR_2025-06-14_G07,TONONR,2025-06-14,123345,1,4,0,137.0
TONONR_2025-06-14_G08,TONONR,2025-06-14,122962,1,14,0,176.0
TONONR_2025-06-14_G09,TONONR,2025-06-14,122982,1,32,0,369.0
TONONR_2025-06-14_G10,TONONR,2025-06-14,124370,1,14,0,264.0
TONONR_2025-06-14_G11,TONONR,2025-06-14,123909,1,4,0,65.0
TONONR_2025-06-14_G12,TONONR,2025-06-14,124371,1,6,0,87.0
TONONR_2025-06-14_G13,TONONR,2025-06-14,120272,1,1,0,47.0
TONONR_2025-06-14_G14,TONONR,2025-06-14,121760,1,6,0,137.0
TONONR_2025-06-14_G15,TONONR,2025-06-14,122981,1,4,0,80.0
TONONR_2025-06-14_G16,TONONR,2025-06-14,123344,1,8,0,48.0
TONONR_2025-06-14_G17,TONONR,2025-06-14,122982,1,6,0,262.0
TONONR_2025-06-14_G18,TONONR,2025-06-14,124370,1,6,0,151.0
TONONR_2025-06-14_G19,TONONR,2025-06-14,124475,1,5,0,60.0
TONONR_2025-06-14_G20,TONONR,2025-06-14,121760,1,11,0,346.0
TONONR_2025-06-14_G21,TONONR,2025-06-14,120272,1,4,0,211.0
TONONR_2025-06-15_G02,TONONR,2025-06-15,118330,1,4,0,138.0
TONONR_2025-06-15_G03,TONONR,2025-06-15,110787,1,1,0,34.0
TONONR_2025-06-15_G04,TONONR,2025-06-15,111466,1,1,0,704.0
TONONR_2025-06-15_G05,TONONR,2025-06-15,111569,1,2,0,150.0
TONONR_2025-06-15_G06,TONONR,2025-06-15,110372,1,4,0,111.0
TONONR_2025-06-15_G07,TONONR,2025-06-15,110373,1,3,0,63.0
TONONR_2025-06-15_G08,TONONR,2025-06-15,111433,1,1,0,106.0
TONONR_2025-06-15_G09,TONONR,2025-06-15,111530,1,2,0,57.0
TONONR_2025-06-15_G10,TONONR,2025-06-15,111466,1,6,0,161.0
TONONR_2025-06-15_G11,TONONR,2025-06-15,117808,1,3,0,83.0
TONONR_2025-06-15_G12,TONONR,2025-06-15,118140,1,4,0,557.0
TONONR_2025-06-15_G13,TONONR,2025-06-15,110313,1,4,0,193.0
TONONR_2025-06-15_G14,TONONR,2025-06-15,111602,1,4,0,167.0
TONONR_2025-06-15_G15,TONONR,2025-06-15,111602,1,8,0,135.0
TONONR_2025-06-15_G16,TONONR,2025-06-15,118140,1,4,0,72.0
TONONR_2025-06-15_G17,TONONR,2025-06-15,111466,1,4,0,159.0
TONONR_2025-06-15_G18,TONONR,2025-06-15,117831,1,4,0,86.0
TONONR_2025-06-15_G19,TONONR,2025-06-15,110313,1,8,0,128.0
TONONR_2025-06-15_G20,TONONR,2025-06-15,111602,1,1,0,262.0
TONONR_2025-06-15_G21,TONONR,2025-06-15,111532,1,1,0,142.0
TONONR_2025-06-15_G22,TONONR,2025-06-15,110755,1,2,0,108.0
TONONR_2025-06-15_G23,TONONR,2025-06-15,117808,1,12,0,111.0
TONONR_2025-06-15_G24,TONONR,2025-06-15,111462,1,1,0,90.0
TONONR_2025-06-15_G25,TONONR,2025-06-15,118299,1,1,0,50.0
TONONR_2025-06-15_G26,TONONR,2025-06-15,117820,1,4,0,79.0
TONONR_2025-06-15_G27,TONONR,2025-06-15,111530,1,1,0,265.0
TONONR_2025-06-15_G28,TONONR,2025-06-15,118140,1,4,0,72.0
TONONR_2025-06-16_G02,TONONR,2025-06-16,111876,1,4,0,2745.0
TONONR_2025-06-16_G03,TONONR,2025-06-16,116241,1,6,0,229.0
TONONR_2025-06-16_G04,TONONR,2025-06-16,111463,1,3,0,69.0
TONONR_2025-06-16_G05,TONONR,2025-06-16,110895,1,4,0,164.0
TONONR_2025-06-16_G06,TONONR,2025-06-16,117835,1,2,0,106.0
TONONR_2025-06-16_G07,TONONR,2025-06-16,111462,1,1,0,54.0
TONONR_2025-06-16_G08,TONONR,2025-06-16,110372,1,4,0,93.0
TONONR_2025-06-16_G09,TONONR,2025-06-16,118299,1,11,0,85.0
TONONR_2025-06-16_G10,TONONR,2025-06-16,110374,1,2,0,122.0
TONONR_2025-06-16_G11,TONONR,2025-06-16,117808,1,38,0,616.0
TONONR_2025-06-16_G12,TONONR,2025-06-16,108798,1,4,0,412.0
TONONR_2025-06-16_G13,TONONR,2025-06-16,111182,1,8,0,655.0
TONONR_2025-06-16_G14,TONONR,2025-06-16,140911,2,4,26,228.0
TONONR_2025-06-16_G15,TONONR,2025-06-16,111602,1,4,0,212.0
TONONR_2025-06-16_G16,TONONR,2025-06-16,108736,1,4,0,611.0
TONONR_2025-06-16_G17,TONONR,2025-06-16,105705,1,6,0,340.0
TONONR_2025-06-16_G18,TONONR,2025-06-16,109640,1,6,0,518.0
TONONR_2025-06-16_G19,TONONR,2025-06-16,111443,1,4,0,189.0
TONONR_2025-06-16_G20,TONONR,2025-06-16,110373,1,20,0,337.0
TONONR_2025-06-16_G21,TONONR,2025-06-16,110371,1,2,0,1171.0
TONONR_2025-06-16_G22,TONONR,2025-06-16,118140,1,3,0,105.0
TONONR_2025-06-16_G23,TONONR,2025-06-16,111418,1,1,0,85.0
TONONR_2025-06-16_G24,TONONR,2025-06-16,118299,1,5,0,133.0
TONONR_2025-06-16_G25,TONONR,2025-06-16,117832,1,1,0,79.0
TONONR_2025-06-16_G26,TONONR,2025-06-16,110372,1,24,0,182.0
TONONR_2025-06-16_G27,TONONR,2025-06-16,110373,1,3,0,43.0
TONONR_2025-06-16_G28,TONONR,2025-06-16,110325,1,1,0,188.0
TONONR_2025-06-16_G29,TONONR,2025-06-16,110374,1,5,0,61.0
TONONR_2025-06-16_G30,TONONR,2025-06-16,117808,1,15,0,131.0
TONONR_2025-06-16_G31,TONONR,2025-06-16,109643,1,1,0,52.0
TONONR_2025-06-16_G32,TONONR,2025-06-16,111469,1,7,0,183.0
TONONR_2025-06-16_G33,TONONR,2025-06-16,140922,1,4,0,99.0
TONONR_2025-06-16_G34,TONONR,2025-06-16,111466,1,6,0,140.0
TONONR_2025-06-16_G35,TONONR,2025-06-16,110787,1,8,0,486.0
TONONR_2025-06-16_G37,TONONR,2025-06-16,110741,1,40,0,1634.0
TONONR_2025-06-16_G38,TONONR,2025-06-16,110741,1,24,0,322.0
TONONR_2025-06-16_G39,TONONR,2025-06-16,118299,1,108,0,1072.0
TONONR_2025-06-16_G40,TONONR,2025-06-16,117808,1,100,0,1256.0
TONONR_2025-06-16_G41,TONONR,2025-06-16,109648,2,8,22,128.0
TONONR_2025-06-16_G42,TONONR,2025-06-16,117830,1,10,0,290.0
TONONR_2025-06-16_G43,TONONR,2025-06-16,110373,1,60,0,438.0
TONONR_2025-06-16_G44,TONONR,2025-06-16,110372,1,150,0,899.0
TONONR_2025-06-16_G45,TONONR,2025-06-16,118299,1,542,0,872.0
TONONR_2025-06-16_G46,TONONR,2025-06-16,117820,1,60,0,1182.0
TONONR_2025-06-16_G47,TONONR,2025-06-16,111850,1,5,0,213.0
TONONR_2025-06-16_G48,TONONR,2025-06-16,117840,1,7,0,520.0
TONONR_2025-06-16_G49,TONONR,2025-06-16,111466,1,57,0,585.0
TONONR_2025-06-16_G50,TONONR,2025-06-16,110515,1,8,0,217.0
TONONR_2025-06-16_G51,TONONR,2025-06-16,140922,1,21,0,348.0
TONONR_2025-06-17_G02,TONONR,2025-06-17,118299,1,350,0,790.0
TONONR_2025-06-17_G04,TONONR,2025-06-17,117785,1,2,0,32.0
TONONR_2025-06-17_G05,TONONR,2025-06-17,105705,1,6,0,114.0
TONONR_2025-06-17_G06,TONONR,2025-06-17,105705,1,2,0,86.0
TONONR_2025-06-17_G07,TONONR,2025-06-17,108794,1,9,0,104.0
TONONR_2025-06-17_G08,TONONR,2025-06-17,111463,1,3,0,32.0
TONONR_2025-06-17_G09,TONONR,2025-06-17,111463,1,10,0,85.0
TONONR_2025-06-17_G10,TONONR,2025-06-17,111182,1,8,0,104.0
TONONR_2025-06-17_G11,TONONR,2025-06-17,117838,1,2,0,47.0
TONONR_2025-06-17_G12,TONONR,2025-06-17,140922,1,14,0,106.0
TONONR_2025-06-17_G13,TONONR,2025-06-17,111468,1,5,0,1164.0
TONONR_2025-06-17_G14,TONONR,2025-06-17,117831,1,4,0,52.0
TONONR_2025-06-17_G15,TONONR,2025-06-17,117831,1,34,0,249.0
TONONR_2025-06-17_G16,TONONR,2025-06-17,117831,1,2,0,36.0
TONONR_2025-06-17_G17,TONONR,2025-06-17,111466,1,12,0,82.0
TONONR_2025-06-17_G18,TONONR,2025-06-17,111466,1,5,0,39.0
TONONR_2025-06-17_G19,TONONR,2025-06-17,111466,1,4,0,37.0
TONONR_2025-06-17_G20,TONONR,2025-06-17,117833,2,10,25,232.0
TONONR_2025-06-17_G21,TONONR,2025-06-17,111532,1,4,0,90.0
TONONR_2025-06-17_G22,TONONR,2025-06-17,111532,1,9,0,59.0
TONONR_2025-06-17_G23,TONONR,2025-06-17,111469,1,4,0,91.0
TONONR_2025-06-17_G24,TONONR,2025-06-17,111469,1,8,0,67.0
TONONR_2025-06-17_G25,TONONR,2025-06-17,109641,1,8,0,114.0
TONONR_2025-06-17_G26,TONONR,2025-06-17,111434,1,6,0,65.0
TONONR_2025-06-17_G27,TONONR,2025-06-17,111462,1,6,0,76.0
TONONR_2025-06-17_G28,TONONR,2025-06-17,117821,1,1,0,73.0
TONONR_2025-06-17_G29,TONONR,2025-06-17,117821,1,14,0,110.0
TONONR_2025-06-17_G30,TONONR,2025-06-17,117821,1,3,0,203.0
TONONR_2025-06-17_G31,TONONR,2025-06-17,111418,1,22,0,156.0
TONONR_2025-06-17_G32,TONONR,2025-06-17,111442,1,5,0,84.0
TONONR_2025-06-17_G33,TONONR,2025-06-17,110787,1,30,0,302.0
TONONR_2025-06-17_G34,TONONR,2025-06-17,107236,1,8,0,347.0
TONONR_2025-06-17_G35,TONONR,2025-06-17,111469,1,16,0,434.0
TONONR_2025-06-17_G36,TONONR,2025-06-17,111469,1,16,0,102.0
TONONR_2025-06-17_G37,TONONR,2025-06-17,111418,1,36,0,525.0
TONONR_2025-06-18_G02,TONONR,2025-06-18,110582,1,4,0,94.0
TONONR_2025-06-18_G03,TONONR,2025-06-18,110742,1,2,0,155.0
TONONR_2025-06-18_G04,TONONR,2025-06-18,110742,1,2,0,38.0
TONONR_2025-06-18_G05,TONONR,2025-06-18,100334,1,2,0,68.0
TONONR_2025-06-18_G06,TONONR,2025-06-18,111850,1,3,0,57.0
TONONR_2025-06-18_G07,TONONR,2025-06-18,110841,1,4,0,100.0
TONONR_2025-06-18_G08,TONONR,2025-06-18,118306,1,1,0,68.0
TONONR_2025-06-18_G09,TONONR,2025-06-18,118306,1,10,0,133.0
TONONR_2025-06-18_G10,TONONR,2025-06-18,110895,1,14,0,302.0
TONONR_2025-06-18_G11,TONONR,2025-06-18,111655,1,4,0,165.0
TONONR_2025-06-18_G12,TONONR,2025-06-18,105359,1,4,0,154.0
TONONR_2025-06-18_G13,TONONR,2025-06-18,117835,1,4,0,92.0
TONONR_2025-06-18_G14,TONONR,2025-06-18,108770,1,4,0,150.0
TONONR_2025-06-18_G16,TONONR,2025-06-18,111761,1,20,0,1036.0
TONONR_2025-06-18_G17,TONONR,2025-06-18,110895,1,10,0,2525.0
TONONR_2025-06-18_G18,TONONR,2025-06-18,107629,1,2,0,278.0
TONONR_2025-06-18_G19,TONONR,2025-06-18,110339,1,5,0,437.0
TONONR_2025-06-18_G20,TONONR,2025-06-18,110515,1,6,0,226.0
TONONR_2025-06-18_G21,TONONR,2025-06-18,117935,1,9,0,452.0
TONONR_2025-06-18_G22,TONONR,2025-06-18,111602,1,16,0,298.0
TONONR_2025-06-18_G23,TONONR,2025-06-18,108795,1,6,0,410.0
TONONR_2025-06-18_G24,TONONR,2025-06-18,111463,1,6,0,91.0
TONONR_2025-06-18_G25,TONONR,2025-06-18,140922,1,6,0,79.0
TONONR_2025-06-18_G26,TONONR,2025-06-18,141823,1,8,0,100.0
TONONR_2025-06-18_G27,TONONR,2025-06-18,118140,1,4,0,73.0
TONONR_2025-06-18_G28,TONONR,2025-06-18,111465,1,5,0,59.0
TONONR_2025-06-18_G29,TONONR,2025-06-18,110313,1,6,0,1779.0
TONONR_2025-06-19_G02,TONONR,2025-06-19,117834,1,2,0,182.0
TONONR_2025-06-19_G03,TONONR,2025-06-19,110741,1,14,0,324.0
TONONR_2025-06-19_G05,TONONR,2025-06-19,118094,1,6,0,84.0
TONONR_2025-06-19_G06,TONONR,2025-06-19,110339,1,4,0,80.0
TONONR_2025-06-19_G07,TONONR,2025-06-19,117786,1,1,0,66.0
TONONR_2025-06-19_G08,TONONR,2025-06-19,141047,1,2,0,90.0
TONONR_2025-06-19_G09,TONONR,2025-06-19,117856,1,4,0,153.0
TONONR_2025-06-19_G10,TONONR,2025-06-19,111530,1,4,0,80.0
TONONR_2025-06-19_G11,TONONR,2025-06-19,118140,1,2,0,138.0
TONONR_2025-06-19_G12,TONONR,2025-06-19,107236,1,4,0,50.0
TONONR_2025-06-19_G13,TONONR,2025-06-19,111465,1,1,0,48.0
TONONR_2025-06-19_G14,TONONR,2025-06-19,110371,1,4,0,99.0
TONONR_2025-06-19_G15,TONONR,2025-06-19,117809,1,3,0,87.0
TONONR_2025-06-19_G16,TONONR,2025-06-19,117833,1,5,0,348.0
TONONR_2025-06-19_G17,TONONR,2025-06-19,108711,1,4,0,61.0
TONONR_2025-06-19_G18,TONONR,2025-06-19,107830,1,4,0,52.0
TONONR_2025-06-19_G19,TONONR,2025-06-19,117785,1,6,0,237.0
TONONR_2025-06-19_G20,TONONR,2025-06-19,108794,1,4,0,112.0
TONONR_2025-06-19_G21,TONONR,2025-06-19,111463,1,3,0,42.0
TONONR_2025-06-19_G22,TONONR,2025-06-19,110374,1,4,0,175.0
TONONR_2025-06-19_G23,TONONR,2025-06-19,118299,1,4,0,64.0
TONONR_2025-06-19_G24,TONONR,2025-06-19,117808,1,24,0,154.0
TONONR_2025-06-19_G25,TONONR,2025-06-19,117830,1,8,0,115.0
TONONR_2025-06-19_G26,TONONR,2025-06-19,110375,1,1,0,48.0
TONONR_2025-06-19_G27,TONONR,2025-06-19,110740,1,12,0,349.0
TONONR_2025-06-19_G28,TONONR,2025-06-19,109645,1,4,0,161.0
TONONR_2025-06-19_G29,TONONR,2025-06-19,117821,1,2,0,43.0
TONONR_2025-06-19_G30,TONONR,2025-06-19,111418,1,5,0,69.0
TONONR_2025-06-19_G31,TONONR,2025-06-19,141823,1,7,0,103.0
TONONR_2025-06-19_G32,TONONR,2025-06-19,140922,1,4,0,94.0
TONONR_2025-06-19_G33,TONONR,2025-06-19,109641,1,6,0,100.0
TONONR_2025-06-19_G34,TONONR,2025-06-19,117856,1,4,0,455.0
TONONR_2025-06-19_G35,TONONR,2025-06-19,111530,1,2,0,82.0
TONONR_2025-06-19_G36,TONONR,2025-06-19,118140,1,4,0,92.0
TONONR_2025-06-19_G37,TONONR,2025-06-19,110371,1,2,0,78.0
TONONR_2025-06-19_G38,TONONR,2025-06-19,141202,1,2,0,47.0
TONONR_2025-06-19_G39,TONONR,2025-06-19,118403,1,2,0,92.0
TONONR_2025-06-19_G40,TONONR,2025-06-19,117833,1,2,0,86.0
TONONR_2025-06-19_G41,TONONR,2025-06-19,108711,1,4,0,65.0
TONONR_2025-06-19_G42,TONONR,2025-06-19,118094,1,4,0,164.0
TONONR_2025-06-19_G43,TONONR,2025-06-19,111463,1,2,0,129.0
TONONR_2025-06-19_G44,TONONR,2025-06-19,118299,1,13,0,126.0
TONONR_2025-06-19_G45,TONONR,2025-06-19,117808,1,8,0,92.0
TONONR_2025-06-19_G46,TONONR,2025-06-19,110895,1,1,0,79.0
TONONR_2025-06-19_G47,TONONR,2025-06-19,140922,1,2,0,132.0
TONONR_2025-06-19_G48,TONONR,2025-06-19,110745,1,3,0,40.0
TONONR_2025-06-19_G49,TONONR,2025-06-19,111466,1,3,0,142.0
TONONR_2025-06-19_G50,TONONR,2025-06-19,111462,1,2,0,246.0
TONONR_2025-06-19_G51,TONONR,2025-06-19,110740,1,12,0,92.0
TONONR_2025-06-19_G52,TONONR,2025-06-19,117832,1,2,0,62.0
TONONR_2025-06-19_G53,TONONR,2025-06-19,110373,1,4,0,69.0
TONONR_2025-06-19_G54,TONONR,2025-06-19,110372,1,6,0,74.0
TONONR_2025-06-19_G55,TONONR,2025-06-19,111418,1,16,0,179.0
TONONR_2025-06-19_G56,TONONR,2025-06-19,110740,1,2,0,326.0
TONONR_2025-06-19_G57,TONONR,2025-06-19,110373,1,8,0,291.0
TONONR_2025-06-19_G58,TONONR,2025-06-19,117820,1,15,0,183.0
TONONR_2025-06-19_G59,TONONR,2025-06-19,118299,1,14,0,141.0
TONONR_2025-06-19_G60,TONONR,2025-06-19,117808,1,20,0,120.0
TONONR_2025-06-19_G61,TONONR,2025-06-19,110740,1,2,0,301.0
TONONR_2025-06-19_G62,TONONR,2025-06-19,110375,1,12,0,1047.0
TONONR_2025-06-19_G63,TONONR,2025-06-19,140911,1,2,0,940.0
TONONR_2025-06-19_G64,TONONR,2025-06-19,111602,1,12,0,522.0
TONONR_2025-06-20_G02,TONONR,2025-06-20,111463,1,12,0,579.0
TONONR_2025-06-20_G03,TONONR,2025-06-20,111182,1,8,0,138.0
TONONR_2025-06-20_G04,TONONR,2025-06-20,117838,1,8,0,76.0
TONONR_2025-06-20_G05,TONONR,2025-06-20,110745,1,10,0,109.0
TONONR_2025-06-20_G06,TONONR,2025-06-20,111466,1,15,0,154.0
TONONR_2025-06-20_G07,TONONR,2025-06-20,117833,1,8,0,164.0
TONONR_2025-06-20_G08,TONONR,2025-06-20,111172,1,14,0,360.0
TONONR_2025-06-20_G09,TONONR,2025-06-20,117821,1,15,0,211.0
TONONR_2025-06-20_G10,TONONR,2025-06-20,117787,1,7,0,100.0
TONONR_2025-06-20_G11,TONONR,2025-06-20,111418,1,10,0,167.0
TONONR_2025-06-20_G12,TONONR,2025-06-20,141823,1,8,0,132.0
TONONR_2025-06-20_G13,TONONR,2025-06-20,111444,1,6,0,102.0
TONONR_2025-06-20_G14,TONONR,2025-06-20,111465,1,4,0,152.0
TONONR_2025-06-20_G15,TONONR,2025-06-20,111330,1,4,0,220.0
TONONR_2025-06-20_G16,TONONR,2025-06-20,118299,1,30,0,884.0
TONONR_2025-06-20_G17,TONONR,2025-06-20,117809,1,5,0,132.0
TONONR_2025-06-20_G18,TONONR,2025-06-20,160051,1,4,0,258.0
TONONR_2025-06-20_G19,TONONR,2025-06-20,110372,1,70,0,539.0
TONONR_2025-06-20_G20,TONONR,2025-06-20,117808,1,120,0,181.0
TONONR_2025-06-20_G22,TONONR,2025-06-20,110740,1,8,0,267.0
TONONR_2025-06-20_G23,TONONR,2025-06-20,110740,1,4,0,1279.0
TONONR_2025-06-20_G24,TONONR,2025-06-20,110740,1,4,0,101.0
TONONR_2025-06-20_G25,TONONR,2025-06-20,107830,1,6,0,178.0
TONONR_2025-06-20_G26,TONONR,2025-06-20,110129,1,2,0,221.0
TONONR_2025-06-20_G27,TONONR,2025-06-20,108795,1,2,0,319.0
TONONR_2025-06-20_G28,TONONR,2025-06-20,111463,1,8,0,74.0
TONONR_2025-06-20_G29,TONONR,2025-06-20,117808,1,10,0,163.0
TONONR_2025-06-20_G30,TONONR,2025-06-20,118094,1,4,0,81.0
TONONR_2025-06-20_G31,TONONR,2025-06-20,117838,1,6,0,112.0
TONONR_2025-06-20_G32,TONONR,2025-06-20,110895,1,8,0,301.0
TONONR_2025-06-20_G33,TONONR,2025-06-20,110372,1,8,0,115.0
TONONR_2025-06-20_G34,TONONR,2025-06-20,111462,1,7,0,139.0
TONONR_2025-06-20_G35,TONONR,2025-06-20,117821,1,6,0,153.0
TONONR_2025-06-20_G36,TONONR,2025-06-20,141823,1,8,0,195.0
TONONR_2025-06-20_G37,TONONR,2025-06-20,110787,1,2,0,227.0
TONONR_2025-06-20_G38,TONONR,2025-06-20,117856,1,16,0,391.0
TONONR_2025-06-20_G39,TONONR,2025-06-20,140922,1,16,0,157.0
TONONR_2025-06-20_G40,TONONR,2025-06-20,111468,1,8,0,66.0
TONONR_2025-06-20_G41,TONONR,2025-06-20,111466,1,20,0,144.0
TONONR_2025-06-20_G42,TONONR,2025-06-20,117831,1,8,0,73.0
TONONR_2025-06-20_G43,TONONR,2025-06-20,118299,1,60,0,537.0
TONONR_2025-06-20_G44,TONONR,2025-06-20,117820,1,2,0,71.0
TONONR_2025-06-20_G45,TONONR,2025-06-20,110129,1,4,0,349.0
TONONR_2025-06-20_G46,TONONR,2025-06-20,111463,1,21,0,412.0
TONONR_2025-06-20_G47,TONONR,2025-06-20,117808,1,50,0,260.0
TONONR_2025-06-20_G48,TONONR,2025-06-20,110313,1,1,0,186.0
TONONR_2025-06-20_G49,TONONR,2025-06-20,118299,1,50,0,967.0
TONONR_2025-06-20_G50,TONONR,2025-06-20,117832,1,10,0,94.0
TONONR_2025-06-20_G51,TONONR,2025-06-20,110372,1,20,0,153.0
TONONR_2025-06-20_G52,TONONR,2025-06-20,117838,1,4,0,123.0
TONONR_2025-06-20_G53,TONONR,2025-06-20,111466,1,30,0,388.0
TONONR_2025-06-20_G54,TONONR,2025-06-20,108711,1,14,0,141.0
TONONR_2025-06-20_G55,TONONR,2025-06-20,111431,1,4,0,87.0
TONONR_2025-06-20_G56,TONONR,2025-06-20,110740,1,17,0,210.0
TONONR_2025-06-20_G57,TONONR,2025-06-20,111433,1,4,0,215.0
TONONR_2025-06-20_G58,TONONR,2025-06-20,111442,1,4,0,58.0
TONONR_2025-06-20_G59,TONONR,2025-06-20,111330,1,4,0,218.0
TONONR_2025-06-20_G60,TONONR,2025-06-20,117820,1,4,0,630.0
TONONR_2025-06-20_G61,TONONR,2025-06-20,111438,1,3,0,223.0
TONONR_2025-06-20_G62,TONONR,2025-06-20,111182,1,2,0,105.0
TONONR_2025-06-20_G63,TONONR,2025-06-20,117808,1,15,0,414.0
TONONR_2025-06-20_G64,TONONR,2025-06-20,118299,1,12,0,134.0
TONONR_2025-06-21_G03,TONONR,2025-06-21,110373,1,4,0,2042.0
TONONR_2025-06-21_G04,TONONR,2025-06-21,110372,1,10,0,100.0
TONONR_2025-06-21_G05,TONONR,2025-06-21,110129,1,2,0,396.0
TONONR_2025-06-21_G06,TONONR,2025-06-21,110129,1,2,0,68.0
TONONR_2025-06-21_G07,TONONR,2025-06-21,110129,1,8,0,114.0
TONONR_2025-06-21_G08,TONONR,2025-06-21,110373,1,16,0,492.0
TONONR_2025-06-21_G09,TONONR,2025-06-21,110372,1,12,0,163.0
TONONR_2025-06-21_G10,TONONR,2025-06-21,110373,1,12,0,1160.0
TONONR_2025-06-21_G11,TONONR,2025-06-21,110373,1,12,0,204.0
TONONR_2025-06-21_G12,TONONR,2025-06-21,110373,1,15,0,261.0
TONONR_2025-06-21_G13,TONONR,2025-06-21,110372,1,12,0,308.0
TONONR_2025-06-21_G14,TONONR,2025-06-21,110373,1,3,0,908.0
TONONR_2025-06-21_G15,TONONR,2025-06-21,110372,1,3,0,78.0
TONONR_2025-06-22_G02,TONONR,2025-06-22,107830,1,50,0,560.0
TONONR_2025-06-22_G03,TONONR,2025-06-22,118299,1,280,0,1267.0
TONONR_2025-06-22_G04,TONONR,2025-06-22,110129,1,30,0,490.0
TONONR_2025-06-22_G05,TONONR,2025-06-22,110740,1,90,0,723.0
TONONR_2025-06-22_G06,TONONR,2025-06-22,110750,1,7,0,388.0
TONONR_2025-06-22_G07,TONONR,2025-06-22,109974,1,1,0,842.0
TONONR_2025-06-23_G02,TONONR,2025-06-23,110711,1,6,0,212.0
TONONR_2025-06-23_G03,TONONR,2025-06-23,111441,1,1,0,1533.0
TONONR_2025-06-23_G04,TONONR,2025-06-23,111660,1,4,0,173.0
TONONR_2025-06-23_G05,TONONR,2025-06-23,110711,1,9,0,452.0
TONONR_2025-06-23_G06,TONONR,2025-06-23,110740,1,2,0,444.0
TONONR_2025-06-23_G07,TONONR,2025-06-23,110711,1,4,0,168.0
TONONR_2025-06-23_G08,TONONR,2025-06-23,110742,1,4,0,511.0
TONONR_2025-06-23_G09,TONONR,2025-06-23,100334,1,8,0,132.0
TONONR_2025-06-23_G10,TONONR,2025-06-23,117832,1,4,0,366.0
TONONR_2025-06-23_G11,TONONR,2025-06-23,110371,1,2,0,68.0
TONONR_2025-06-23_G12,TONONR,2025-06-23,111172,1,2,0,112.0
TONONR_2025-06-23_G13,TONONR,2025-06-23,111439,1,4,0,186.0
TONONR_2025-06-23_G14,TONONR,2025-06-23,117935,1,2,0,175.0
TONONR_2025-06-23_G15,TONONR,2025-06-23,117935,1,2,0,33.0
TONONR_2025-06-23_G16,TONONR,2025-06-23,118094,1,10,0,168.0
TONONR_2025-06-23_G17,TONONR,2025-06-23,107629,1,3,0,97.0
TONONR_2025-06-23_G18,TONONR,2025-06-23,117786,1,2,0,72.0
TONONR_2025-06-23_G19,TONONR,2025-06-23,141047,1,3,0,306.0
TONONR_2025-06-23_G20,TONONR,2025-06-23,111602,1,5,0,176.0
TONONR_2025-06-23_G21,TONONR,2025-06-23,110740,1,2,0,431.0
TONONR_2025-06-23_G22,TONONR,2025-06-23,110740,1,11,0,143.0
TONONR_2025-06-23_G23,TONONR,2025-06-23,141823,1,2,0,140.0
TONONR_2025-06-23_G24,TONONR,2025-06-23,141823,1,2,0,38.0
TONONR_2025-06-23_G25,TONONR,2025-06-23,108711,1,4,0,318.0
TONONR_2025-06-23_G26,TONONR,2025-06-23,109643,1,25,0,988.0
TONONR_2025-06-23_G27,TONONR,2025-06-23,117830,1,4,0,91.0
TONONR_2025-06-23_G28,TONONR,2025-06-23,110374,1,10,0,127.0
TONONR_2025-06-23_G30,TONONR,2025-06-23,110373,1,10,0,174.0
TONONR_2025-06-23_G31,TONONR,2025-06-23,110372,1,10,0,287.0
TONONR_2025-06-23_G32,TONONR,2025-06-23,117820,1,34,0,634.0
TONONR_2025-06-23_G33,TONONR,2025-06-23,110375,1,35,0,477.0
TONONR_2025-06-23_G34,TONONR,2025-06-23,118299,1,190,0,751.0
TONONR_2025-06-23_G35,TONONR,2025-06-23,110371,1,20,0,815.0
TONONR_2025-06-23_G36,TONONR,2025-06-23,110372,1,20,0,136.0
TONONR_2025-06-23_G37,TONONR,2025-06-23,117809,1,10,0,80.0
TONONR_2025-06-23_G38,TONONR,2025-06-23,111418,1,20,0,323.0
TONONR_2025-06-23_G39,TONONR,2025-06-23,111468,1,4,0,100.0
TONONR_2025-06-23_G40,TONONR,2025-06-23,111602,1,8,0,288.0
TONONR_2025-06-23_G41,TONONR,2025-06-23,118250,1,10,0,586.0
TONONR_2025-06-23_G42,TONONR,2025-06-23,117830,1,10,0,81.0
TONONR_2025-06-23_G43,TONONR,2025-06-23,110747,1,3,0,610.0
TONONR_2025-06-23_G44,TONONR,2025-06-23,117786,1,5,0,70.0
TONONR_2025-06-23_G45,TONONR,2025-06-23,108795,1,5,0,86.0
TONONR_2025-06-23_G46,TONONR,2025-06-23,111743,1,5,0,47.0
TONONR_2025-06-23_G47,TONONR,2025-06-23,105705,1,10,0,146.0
TONONR_2025-06-23_G48,TONONR,2025-06-23,140922,1,10,0,127.0
TONONR_2025-06-23_G49,TONONR,2025-06-23,111466,1,10,0,107.0
TONONR_2025-06-23_G50,TONONR,2025-06-23,111172,1,5,0,584.0
TONONR_2025-06-23_G51,TONONR,2025-06-23,111469,1,10,0,104.0
TONONR_2025-06-23_G52,TONONR,2025-06-23,111433,1,10,0,174.0
TONONR_2025-06-23_G53,TONONR,2025-06-23,111442,1,10,0,95.0
TONONR_2025-06-23_G54,TONONR,2025-06-23,101217,1,4,0,106.0
TONONR_2025-06-23_G55,TONONR,2025-06-23,117834,1,5,0,143.0
TONONR_2025-06-23_G56,TONONR,2025-06-23,110752,1,2,0,491.0
TONONR_2025-06-23_G57,TONONR,2025-06-23,110371,1,8,0,167.0
TONONR_2025-06-23_G58,TONONR,2025-06-23,117820,1,12,0,57.0
TONONR_2025-06-23_G59,TONONR,2025-06-23,110372,1,12,0,93.0
TONONR_2025-06-23_G60,TONONR,2025-06-23,110747,1,2,0,118.0
TONONR_2025-06-23_G61,TONONR,2025-06-23,111463,1,8,0,73.0
TONONR_2025-06-23_G62,TONONR,2025-06-23,110325,1,8,0,159.0
TONONR_2025-06-23_G63,TONONR,2025-06-23,117808,1,16,0,177.0
TONONR_2025-06-23_G64,TONONR,2025-06-23,110373,1,9,0,231.0
TONONR_2025-06-23_G65,TONONR,2025-06-23,118222,1,3,0,262.0
TONONR_2025-06-23_G66,TONONR,2025-06-23,117832,1,12,0,342.0
TONONR_2025-06-23_G67,TONONR,2025-06-23,110375,1,4,0,68.0
TONONR_2025-06-23_G68,TONONR,2025-06-23,111466,1,6,0,97.0
TONONR_2025-06-23_G69,TONONR,2025-06-23,117831,1,7,0,68.0
TONONR_2025-06-23_G70,TONONR,2025-06-23,117833,1,2,0,45.0
TONONR_2025-06-23_G71,TONONR,2025-06-23,110740,1,3,0,71.0
TONONR_2025-06-23_G72,TONONR,2025-06-23,111442,1,8,0,101.0
TONONR_2025-06-24_G02,TONONR,2025-06-24,118299,1,20,0,231.0
TONONR_2025-06-24_G03,TONONR,2025-06-24,117830,1,10,0,223.0
TONONR_2025-06-24_G04,TONONR,2025-06-24,110375,1,6,0,76.0
TONONR_2025-06-24_G05,TONONR,2025-06-24,111466,1,5,0,132.0
TONONR_2025-06-24_G06,TONONR,2025-06-24,117289,1,2,0,96.0
TONONR_2025-06-24_G07,TONONR,2025-06-24,110372,1,20,0,285.0
TONONR_2025-06-24_G08,TONONR,2025-06-24,111418,1,10,0,155.0
TONONR_2025-06-24_G09,TONONR,2025-06-24,111442,1,6,0,137.0
TONONR_2025-06-24_G10,TONONR,2025-06-24,117854,1,4,0,641.0
TONONR_2025-06-24_G11,TONONR,2025-06-24,117786,1,4,0,65.0
TONONR_2025-06-24_G12,TONONR,2025-06-24,141047,1,4,0,159.0
TONONR_2025-06-24_G13,TONONR,2025-06-24,111439,1,4,0,122.0
TONONR_2025-06-24_G14,TONONR,2025-06-24,108772,1,2,0,106.0
TONONR_2025-06-24_G15,TONONR,2025-06-24,110733,1,4,0,52.0
TONONR_2025-06-24_G16,TONONR,2025-06-24,111530,1,4,0,100.0
TONONR_2025-06-24_G17,TONONR,2025-06-24,117856,1,2,0,59.0
TONONR_2025-06-24_G18,TONONR,2025-06-24,111602,1,6,0,91.0
TONONR_2025-06-24_G20,TONONR,2025-06-24,118298,1,20,0,332.0
TONONR_2025-06-24_G21,TONONR,2025-06-24,117837,1,20,0,883.0
TONONR_2025-06-24_G22,TONONR,2025-06-24,111650,1,8,0,220.0
TONONR_2025-06-24_G23,TONONR,2025-06-24,117861,1,20,0,285.0
TONONR_2025-06-24_G25,TONONR,2025-06-24,108794,1,30,0,189.0
TONONR_2025-06-24_G26,TONONR,2025-06-24,111463,1,30,0,217.0
TONONR_2025-06-24_G27,TONONR,2025-06-24,111182,1,8,0,816.0
TONONR_2025-06-24_G28,TONONR,2025-06-24,140922,1,20,0,203.0
TONONR_2025-06-24_G29,TONONR,2025-06-24,111462,1,10,0,379.0
TONONR_2025-06-24_G30,TONONR,2025-06-24,110787,1,10,0,144.0
TONONR_2025-06-24_G31,TONONR,2025-06-24,111465,1,10,0,125.0
TONONR_2025-06-24_G32,TONONR,2025-06-24,111466,1,50,0,3433.0
TONONR_2025-06-24_G33,TONONR,2025-06-24,117831,1,30,0,1259.0
TONONR_2025-06-24_G34,TONONR,2025-06-24,118140,1,30,0,662.0
TONONR_2025-06-24_G35,TONONR,2025-06-24,111532,1,50,0,258.0
TONONR_2025-06-24_G36,TONONR,2025-06-24,111469,1,30,0,431.0
TONONR_2025-06-24_G37,TONONR,2025-06-24,111444,1,4,0,1419.0
TONONR_2025-06-25_G02,TONONR,2025-06-25,117841,1,8,0,320.0
TONONR_2025-06-25_G03,TONONR,2025-06-25,111532,1,8,0,209.0
TONONR_2025-06-25_G04,TONONR,2025-06-25,109641,1,2,0,117.0
TONONR_2025-06-25_G05,TONONR,2025-06-25,118317,1,6,0,433.0
TONONR_2025-06-25_G06,TONONR,2025-06-25,110787,1,2,0,128.0
TONONR_2025-06-25_G07,TONONR,2025-06-25,111435,1,4,0,169.0
TONONR_2025-06-25_G08,TONONR,2025-06-25,109645,1,15,0,850.0
TONONR_2025-06-25_G09,TONONR,2025-06-25,109645,1,30,0,374.0
TONONR_2025-06-25_G10,TONONR,2025-06-25,110787,1,9,0,202.0
TONONR_2025-06-25_G11,TONONR,2025-06-25,110787,1,19,0,624.0
TONONR_2025-06-25_G12,TONONR,2025-06-25,111465,1,24,0,415.0
TONONR_2025-06-25_G13,TONONR,2025-06-25,111465,1,16,0,440.0
TONONR_2025-06-25_G14,TONONR,2025-06-25,117785,1,30,0,1539.0
TONONR_2025-06-25_G15,TONONR,2025-06-25,111330,1,21,0,874.0
TONONR_2025-06-25_G16,TONONR,2025-06-25,111330,1,11,0,398.0
TONONR_2025-06-25_G17,TONONR,2025-06-25,111418,1,69,0,665.0
TONONR_2025-06-25_G18,TONONR,2025-06-25,110787,1,40,0,793.0
TONONR_2025-06-25_G20,TONONR,2025-06-25,118281,1,10,0,93.0
TONONR_2025-06-25_G21,TONONR,2025-06-25,141202,1,24,0,286.0
TONONR_2025-06-25_G22,TONONR,2025-06-25,110750,1,4,0,243.0
TONONR_2025-06-25_G23,TONONR,2025-06-25,110339,1,1,0,98.0
TONONR_2025-06-25_G24,TONONR,2025-06-25,141047,1,2,0,82.0
TONONR_2025-06-25_G25,TONONR,2025-06-25,110740,1,4,0,137.0
TONONR_2025-06-25_G26,TONONR,2025-06-25,117935,1,23,0,843.0
TONONR_2025-06-25_G27,TONONR,2025-06-25,110787,1,14,0,411.0
TONONR_2025-06-25_G28,TONONR,2025-06-25,118326,1,12,0,362.0
TONONR_2025-06-25_G29,TONONR,2025-06-25,111348,1,6,0,149.0
TONONR_2025-06-25_G30,TONONR,2025-06-25,110711,1,32,0,543.0
TONONR_2025-06-25_G31,TONONR,2025-06-25,117965,1,24,0,575.0
TONONR_2025-06-25_G32,TONONR,2025-06-25,110515,1,36,0,322.0
TONONR_2025-06-25_G33,TONONR,2025-06-25,117785,1,57,0,717.0
TONONR_2025-06-25_G34,TONONR,2025-06-25,117831,1,32,0,356.0
TONONR_2025-06-25_G35,TONONR,2025-06-25,111469,1,27,0,212.0
TONONR_2025-06-25_G36,TONONR,2025-06-25,117832,1,40,0,650.0
TONONR_2025-06-25_G37,TONONR,2025-06-25,110375,1,31,0,267.0
TONONR_2025-06-25_G38,TONONR,2025-06-25,110371,1,57,0,498.0
TONONR_2025-06-25_G39,TONONR,2025-06-25,117809,1,31,0,297.0
TONONR_2025-06-25_G40,TONONR,2025-06-25,111418,1,163,0,1316.0
TONONR_2025-06-25_G41,TONONR,2025-06-25,118140,1,130,0,860.0
TONONR_2025-06-26_G02,TONONR,2025-06-26,110743,1,10,0,956.0
TONONR_2025-06-26_G03,TONONR,2025-06-26,111743,1,10,0,173.0
TONONR_2025-06-26_G04,TONONR,2025-06-26,111431,1,8,0,133.0
TONONR_2025-06-26_G05,TONONR,2025-06-26,111330,1,11,0,236.0
TONONR_2025-06-26_G06,TONONR,2025-06-26,117787,1,3,0,106.0
TONONR_2025-06-26_G07,TONONR,2025-06-26,118317,1,4,0,157.0
TONONR_2025-06-26_G08,TONONR,2025-06-26,109643,1,7,0,386.0
TONONR_2025-06-26_G09,TONONR,2025-06-26,117832,1,16,0,176.0
TONONR_2025-06-26_G10,TONONR,2025-06-26,110373,1,18,0,164.0
TONONR_2025-06-26_G11,TONONR,2025-06-26,110374,1,5,0,143.0
TONONR_2025-06-26_G12,TONONR,2025-06-26,141202,1,9,0,156.0
TONONR_2025-06-26_G13,TONONR,2025-06-26,117831,1,39,0,737.0
TONONR_2025-06-26_G14,TONONR,2025-06-26,110740,1,20,0,206.0
TONONR_2025-06-26_G15,TONONR,2025-06-26,117821,1,17,0,240.0
TONONR_2025-06-26_G16,TONONR,2025-06-26,118140,1,45,0,715.0
TONONR_2025-06-26_G17,TONONR,2025-06-26,111465,1,13,0,96.0
TONONR_2025-06-27_G02,TONONR,2025-06-27,111438,1,2,0,49.0
TONONR_2025-06-27_G03,TONONR,2025-06-27,111438,1,4,0,66.0
TONONR_2025-06-27_G04,TONONR,2025-06-27,108771,1,2,0,153.0
TONONR_2025-06-27_G05,TONONR,2025-06-27,118299,1,8,0,173.0
TONONR_2025-06-27_G06,TONONR,2025-06-27,160053,1,1,0,103.0
TONONR_2025-06-27_G07,TONONR,2025-06-27,117855,1,2,0,450.0
TONONR_2025-06-27_G08,TONONR,2025-06-27,117935,1,24,0,297.0
TONONR_2025-06-27_G09,TONONR,2025-06-27,109640,1,14,0,201.0
TONONR_2025-06-27_G10,TONONR,2025-06-27,111466,1,2,0,166.0
TONONR_2025-06-27_G11,TONONR,2025-06-27,111569,1,35,0,1156.0
TONONR_2025-06-27_G12,TONONR,2025-06-27,160057,1,10,0,295.0
TONONR_2025-06-27_G13,TONONR,2025-06-27,118281,1,11,0,3233.0
TONONR_2025-06-27_G14,TONONR,2025-06-27,118285,1,10,0,180.0
TONONR_2025-06-27_G15,TONONR,2025-06-27,117856,1,40,0,567.0
TONONR_2025-06-27_G16,TONONR,2025-06-27,118326,1,3,0,485.0
TONONR_2025-08-17_G02,TONONR,2025-08-17,110372,1,2,0,1007.0
TONONR_2025-08-17_G03,TONONR,2025-08-17,117856,1,2,0,219.0
TONONR_2025-08-17_G04,TONONR,2025-08-17,110372,1,9,0,606.0
TONONR_2025-08-17_G05,TONONR,2025-08-17,111463,1,4,0,236.0
TONONR_2025-08-17_G06,TONONR,2025-08-17,117856,1,2,0,108.0
TONONR_2025-08-17_G07,TONONR,2025-08-17,117856,1,6,0,1356.0
TONONR_2025-08-17_G08,TONONR,2025-08-17,110711,1,3,0,420.0
TONONR_2025-08-17_G09,TONONR,2025-08-17,109640,1,19,0,3446.0
TONONR_2025-08-17_G10,TONONR,2025-08-17,110313,1,4,0,878.0
TONONR_2025-08-17_G11,TONONR,2025-08-17,110313,1,4,0,34.0
TONONR_2025-08-18_G02,TONONR,2025-08-18,111466,1,60,0,1815.0
TONONR_2025-08-18_G03,TONONR,2025-08-18,111466,1,70,0,1157.0
TONONR_2025-08-18_G04,TONONR,2025-08-18,108759,1,4,0,1870.0
TONONR_2025-08-18_G05,TONONR,2025-08-18,100334,1,4,0,231.0
TONONR_2025-08-18_G06,TONONR,2025-08-18,110895,1,20,0,1772.0
TONONR_2025-08-18_G07,TONONR,2025-08-18,111602,1,7,0,2540.0
TONONR_2025-08-18_G08,TONONR,2025-08-18,109640,1,6,0,170.0
TONONR_2025-08-18_G09,TONONR,2025-08-18,110751,1,2,0,637.0
TONONR_2025-08-18_G10,TONONR,2025-08-18,140922,1,6,0,151.0
TONONR_2025-08-18_G11,TONONR,2025-08-18,111463,1,10,0,155.0
TONONR_2025-08-18_G13,TONONR,2025-08-18,118140,1,1,0,92.0
TONONR_2025-08-18_G14,TONONR,2025-08-18,110372,1,39,0,982.0
TONONR_2025-08-18_G15,TONONR,2025-08-18,141457,1,230,0,2134.0
TONONR_2025-08-18_G17,TONONR,2025-08-18,117822,1,2,0,190.0
TONONR_2025-08-18_G18,TONONR,2025-08-18,117786,1,4,0,579.0
TONONR_2025-08-19_G02,TONONR,2025-08-19,110339,1,2,0,111.0
TONONR_2025-08-19_G03,TONONR,2025-08-19,110711,1,1,0,279.0
TONONR_2025-08-19_G04,TONONR,2025-08-19,141202,1,2,0,293.0
TONONR_2025-08-19_G05,TONONR,2025-08-19,110895,1,4,0,701.0
TONONR_2025-08-19_G06,TONONR,2025-08-19,110895,1,3,0,2033.0
TONONR_2025-08-19_G07,TONONR,2025-08-19,111438,1,4,0,263.0
TONONR_2025-08-19_G08,TONONR,2025-08-19,110711,1,3,0,841.0
TONONR_2025-08-19_G09,TONONR,2025-08-19,110733,1,12,0,1840.0
TONONR_2025-08-19_G10,TONONR,2025-08-19,111466,1,10,0,219.0
TONONR_2025-08-19_G11,TONONR,2025-08-19,108711,1,20,0,276.0
TONONR_2025-08-19_G12,TONONR,2025-08-19,118140,1,20,0,470.0
TONONR_2025-08-19_G13,TONONR,2025-08-19,109647,1,20,0,1027.0
TONONR_2025-08-19_G14,TONONR,2025-08-19,110752,1,80,0,1318.0
TONONR_2025-08-19_G15,TONONR,2025-08-19,117832,1,32,0,1418.0
TONONR_2025-08-19_G17,TONONR,2025-08-19,110711,1,1,0,96.0
TONONR_2025-08-19_G18,TONONR,2025-08-19,110733,1,6,0,197.0
TONONR_2025-08-19_G19,TONONR,2025-08-19,100334,1,4,0,256.0
TONONR_2025-08-19_G20,TONONR,2025-08-19,110754,1,4,0,342.0
TONONR_2025-08-19_G21,TONONR,2025-08-19,109640,1,4,0,202.0
TONONR_2025-08-19_G22,TONONR,2025-08-19,110373,1,8,0,457.0
TONONR_2025-08-19_G23,TONONR,2025-08-19,110743,1,2,0,1168.0
TONONR_2025-08-19_G25,TONONR,2025-08-19,110325,1,18,0,612.0
TONONR_2025-08-20_G02,TONONR,2025-08-20,110325,1,4,0,84.0
TONONR_2025-09-07_G02,TONONR,2025-09-07,141458,2,8,7,82.0
TONONR_2025-09-08_G02,TONONR,2025-09-08,109641,1,12,0,2623.0
TONONR_2025-09-19_G02,TONONR,2025-09-19,111602,1,24,0,2600.0
TONONR_2025-09-19_G03,TONONR,2025-09-19,111530,1,26,0,1305.0
TONONR_2025-09-19_G04,TONONR,2025-09-19,111602,1,8,0,699.0
TONONR_2025-09-19_G05,TONONR,2025-09-19,160055,1,8,0,944.0
TONONR_2025-09-19_G06,TONONR,2025-09-19,160054,1,7,0,410.0
TONONR_2025-09-19_G07,TONONR,2025-09-19,111530,1,22,0,1797.0
TONONR_2025-09-19_G09,TONONR,2025-09-19,160054,1,4,0,266.0
TONONR_2025-09-21_G03,TONONR,2025-09-21,124264,1,10,0,791.0
TONONR_2025-09-21_G04,TONONR,2025-09-21,124264,1,6,0,452.0
TONONR_2025-09-21_G05,TONONR,2025-09-21,124264,1,16,0,588.0
TONONR_2025-09-22_G02,TONONR,2025-09-22,122647,1,4,0,177.0
TONONR_2025-09-22_G03,TONONR,2025-09-22,122647,1,6,0,84.0
TONONR_2025-09-22_G05,TONONR,2025-09-22,124486,1,4,0,162.0
TONONR_2025-09-22_G06,TONONR,2025-09-22,123889,1,4,0,1860.0
TONONR_2025-09-22_G07,TONONR,2025-09-22,123889,1,8,0,93.0
TONONR_2025-09-22_G08,TONONR,2025-09-22,123889,1,4,0,519.0
TONONR_2025-09-22_G09,TONONR,2025-09-22,122673,1,4,0,311.0
TONONR_2025-09-22_G10,TONONR,2025-09-22,122962,1,80,0,3091.0
TONONR_2025-09-23_G02,TONONR,2025-09-23,110372,1,60,0,1979.0
TONONR_2025-09-23_G03,TONONR,2025-09-23,141202,1,8,0,301.0
TONONR_2025-09-23_G04,TONONR,2025-09-23,117822,1,30,0,637.0
TONONR_2025-09-23_G05,TONONR,2025-09-23,110325,1,120,0,1403.0
TONONR_2025-09-23_G06,TONONR,2025-09-23,117809,1,50,0,2157.0
TONONR_2025-09-23_G08,TONONR,2025-09-23,110325,1,20,0,1291.0
TONONR_2025-09-24_G02,TONONR,2025-09-24,117820,1,60,0,861.0
TONONR_2025-09-24_G03,TONONR,2025-09-24,117822,1,4,0,97.0
TONONR_2025-09-24_G04,TONONR,2025-09-24,110325,2,10,18,81.0
TONONR_2025-09-24_G05,TONONR,2025-09-24,117809,1,15,0,438.0
TONONR_2025-09-24_G06,TONONR,2025-09-24,117830,1,4,0,70.0
TONONR_2025-09-24_G07,TONONR,2025-09-24,117830,1,40,0,695.0
TONONR_2025-09-24_G09,TONONR,2025-09-24,111655,1,11,0,630.0
TONONR_2025-09-24_G10,TONONR,2025-09-24,110374,1,20,0,667.0
TONONR_2025-09-24_G12,TONONR,2025-09-24,117808,1,1391,0,2682.0
TONONR_2025-09-24_G13,TONONR,2025-09-24,110373,1,50,0,485.0
TONONR_2025-09-27_G02,TONONR,2025-09-27,110371,1,30,0,2334.0
TONONR_2025-10-02_G02,TONONR,2025-10-02,"111737, 111759",2,21,9,160.0
TONONR_2025-10-02_G03,TONONR,2025-10-02,111466,3,88,13,89.0
TONONR_2025-10-02_G04,TONONR,2025-10-02,124370,1,3,0,75.0
TONONR_2025-10-02_G05,TONONR,2025-10-02,118271,1,12,0,71.0
TONONR_2025-10-02_G06,TONONR,2025-10-02,108770,1,1,0,49.0
TONONR_2025-10-02_G07,TONONR,2025-10-02,"111530, 111532",2,19,22,36.0
TONONR_2025-10-02_G08,TONONR,2025-10-02,110373,1,105,0,151.0
TONONR_2025-10-02_G09,TONONR,2025-10-02,110373,1,17,0,104.0
TONONR_2025-10-02_G10,TONONR,2025-10-02,118271,1,20,0,96.0
TONONR_2025-10-02_G11,TONONR,2025-10-02,"124371, 141262, 118271, 117785, 110711",5,51,85,244.0
TONONR_2025-10-02_G12,TONONR,2025-10-02,122647,1,4,0,52.0
TONONR_2025-10-02_G13,TONONR,2025-10-02,122647,1,38,0,74.0
TONONR_2025-10-02_G14,TONONR,2025-10-02,111724,1,9,0,48.0
TONONR_2025-10-02_G15,TONONR,2025-10-02,117785,1,200,0,76.0
TONONR_2025-10-02_G16,TONONR,2025-10-02,"111436, 117785, 117820",3,19,37,69.0
TONONR_2025-10-02_G17,TONONR,2025-10-02,"117797, 117785",2,71,23,48.0
TONONR_2025-10-03_G02,TONONR,2025-10-03,110373,1,4,0,31.0
TONONR_2025-10-03_G03,TONONR,2025-10-03,110373,1,3,0,32.0
TONONR_2025-10-03_G04,TONONR,2025-10-03,110371,1,1,0,32.0
TONONR_2025-10-03_G05,TONONR,2025-10-03,118299,1,108,0,55.0
TONONR_2025-10-08_G02,TONONR,2025-10-08,124486,1,17,0,558.0
TONONR_2025-10-08_G03,TONONR,2025-10-08,122673,1,4,0,134.0
TONONR_2025-10-08_G04,TONONR,2025-10-08,122981,1,2,0,168.0
TONONR_2025-10-08_G05,TONONR,2025-10-08,123345,1,4,0,150.0
TONONR_2025-10-08_G06,TONONR,2025-10-08,124247,2,4,7,39.0
TONONR_2025-10-08_G07,TONONR,2025-10-08,122673,1,10,0,165.0
TONONR_2025-10-08_G08,TONONR,2025-10-08,122673,1,10,0,109.0
TONONR_2025-10-08_G09,TONONR,2025-10-08,123153,1,4,0,197.0
TONONR_2025-10-08_G10,TONONR,2025-10-08,123153,1,26,0,1000.0
TONONR_2025-10-08_G11,TONONR,2025-10-08,124248,1,2,0,471.0
TONONR_2025-10-08_G12,TONONR,2025-10-08,123521,1,2,0,354.0
TONONR_2025-10-08_G13,TONONR,2025-10-08,124475,1,8,0,152.0
TONONR_2025-10-08_G14,TONONR,2025-10-08,122962,1,16,0,156.0
TONONR_2025-10-08_G15,TONONR,2025-10-08,124371,1,24,0,336.0
TONONR_2025-10-08_G16,TONONR,2025-10-08,124594,1,4,0,467.0
TONONR_2025-10-08_G17,TONONR,2025-10-08,123153,1,30,0,61.0
TONONR_2025-10-09_G02,TONONR,2025-10-09,121760,1,70,0,1150.0
TONONR_2025-10-09_G03,TONONR,2025-10-09,124370,1,70,0,1258.0
TONONR_2025-10-09_G04,TONONR,2025-10-09,122962,1,50,0,501.0
TONONR_2025-10-09_G05,TONONR,2025-10-09,121651,1,90,0,156.0
TONONR_2025-10-09_G06,TONONR,2025-10-09,123343,1,10,0,1234.0
TONONR_2025-10-09_G07,TONONR,2025-10-09,123345,1,50,0,1527.0
TONONR_2025-10-09_G08,TONONR,2025-10-09,123344,1,50,0,246.0
TONONR_2025-10-09_G10,TONONR,2025-10-09,120339,1,18,0,423.0
TONONR_2025-10-10_G02,TONONR,2025-10-10,123344,1,4,0,117.0
TONONR_2025-10-10_G03,TONONR,2025-10-10,121651,1,4,0,251.0
TONONR_2025-10-10_G04,TONONR,2025-10-10,122983,1,1,0,128.0
TONONR_2025-10-10_G05,TONONR,2025-10-10,122185,1,4,0,69.0
TONONR_2025-10-10_G06,TONONR,2025-10-10,123344,1,2,0,1619.0
TONONR_2025-10-10_G07,TONONR,2025-10-10,123344,1,10,0,526.0
TONONR_2025-10-10_G08,TONONR,2025-10-10,124624,1,3,0,130.0
TONONR_2025-10-10_G09,TONONR,2025-10-10,123313,1,4,0,118.0
TONONR_2025-10-10_G10,TONONR,2025-10-10,122185,1,4,0,238.0
TONONR_2025-10-10_G11,TONONR,2025-10-10,124247,1,2,0,160.0
TONONR_2025-10-10_G12,TONONR,2025-10-10,122986,1,2,0,93.0
TONONR_2025-10-10_G13,TONONR,2025-10-10,122986,1,2,0,66.0
TONONR_2025-10-11_G02,TONONR,2025-10-11,124247,1,2,0,201.0
TONONR_2025-10-11_G03,TONONR,2025-10-11,123345,1,12,0,273.0
TONONR_2025-10-11_G04,TONONR,2025-10-11,123345,1,12,0,155.0
TONONR_2025-10-11_G05,TONONR,2025-10-11,123343,1,8,0,214.0
TONONR_2025-10-11_G07,TONONR,2025-10-11,124248,1,6,0,267.0
TONONR_2025-10-11_G08,TONONR,2025-10-11,124247,1,4,0,100.0
TONONR_2025-10-11_G09,TONONR,2025-10-11,122983,1,4,0,89.0
TONONR_2025-10-11_G10,TONONR,2025-10-11,123343,1,6,0,247.0
TONONR_2025-10-11_G11,TONONR,2025-10-11,123909,1,4,0,634.0
TONONR_2025-10-11_G12,TONONR,2025-10-11,124486,1,12,0,87.0
TONONR_2025-10-12_G02,TONONR,2025-10-12,110371,1,60,0,350.0
TONONR_2025-10-12_G03,TONONR,2025-10-12,117808,1,100,0,404.0
TONONR_2025-10-12_G04,TONONR,2025-10-12,118299,1,50,0,246.0
TONONR_2025-10-12_G05,TONONR,2025-10-12,111172,1,4,0,181.0
TONONR_2025-10-12_G06,TONONR,2025-10-12,111602,1,12,0,396.0
TONONR_2025-10-12_G07,TONONR,2025-10-12,110339,1,14,0,1306.0
TONONR_2025-10-12_G08,TONONR,2025-10-12,105705,1,9,0,177.0
TONONR_2025-10-12_G09,TONONR,2025-10-12,117809,1,4,0,82.0
TONONR_2025-10-12_G10,TONONR,2025-10-12,110371,1,4,0,249.0
TONONR_2025-10-12_G11,TONONR,2025-10-12,110371,1,50,0,772.0
TONONR_2025-10-12_G12,TONONR,2025-10-12,111418,1,114,0,207.0
TONONR_2025-10-12_G14,TONONR,2025-10-12,117834,1,7,0,127.0
TONONR_2025-10-12_G15,TONONR,2025-10-12,117835,1,6,0,234.0
TONONR_2025-10-12_G16,TONONR,2025-10-12,111660,1,1,0,60.0
TONONR_2025-10-12_G17,TONONR,2025-10-12,118222,1,7,0,395.0
TONONR_2025-10-12_G18,TONONR,2025-10-12,160054,2,12,13,215.0
TONONR_2025-10-12_G19,TONONR,2025-10-12,117832,1,12,0,638.0
TONONR_2025-10-12_G20,TONONR,2025-10-12,160051,1,4,0,102.0
TONONR_2025-10-12_G21,TONONR,2025-10-12,110371,1,33,0,38.0
TONONR_2025-10-12_G22,TONONR,2025-10-12,110325,1,8,0,162.0
TONONR_2025-10-12_G23,TONONR,2025-10-12,110373,1,2,0,115.0
TONONR_2025-10-12_G24,TONONR,2025-10-12,110373,1,124,0,203.0
TONONR_2025-10-13_G02,TONONR,2025-10-13,160055,1,4,0,38.0
TONONR_2025-10-13_G03,TONONR,2025-10-13,111435,1,6,0,141.0
TONONR_2025-10-13_G04,TONONR,2025-10-13,111465,1,8,0,159.0
TONONR_2025-10-13_G05,TONONR,2025-10-13,109647,1,12,0,84.0
TONONR_2025-10-13_G06,TONONR,2025-10-13,110711,1,4,0,159.0
TONONR_2025-10-13_G07,TONONR,2025-10-13,110752,2,4,7,105.0
TONONR_2025-10-13_G08,TONONR,2025-10-13,111530,1,30,0,2038.0
TONONR_2025-10-13_G09,TONONR,2025-10-13,111602,1,10,0,226.0
TONONR_2025-10-13_G10,TONONR,2025-10-13,110374,1,60,0,328.0
TONONR_2025-10-13_G11,TONONR,2025-10-13,111430,1,2,0,312.0
TONONR_2025-10-13_G12,TONONR,2025-10-13,117834,1,12,0,43.0
TONONR_2025-10-13_G13,TONONR,2025-10-13,111445,1,2,0,95.0
TONONR_2025-10-13_G14,TONONR,2025-10-13,111655,1,20,0,539.0
TONONR_2025-10-13_G15,TONONR,2025-10-13,110372,1,2,0,351.0
TONONR_2025-10-13_G16,TONONR,2025-10-13,110373,1,20,0,279.0
TONONR_2025-10-13_G17,TONONR,2025-10-13,117832,1,18,0,133.0
TONONR_2025-10-13_G18,TONONR,2025-10-13,117808,1,40,0,120.0
TONONR_2025-10-13_G19,TONONR,2025-10-13,118299,1,30,0,497.0
TONONR_2025-10-13_G20,TONONR,2025-10-13,117822,1,12,0,203.0
TONONR_2025-10-13_G21,TONONR,2025-10-13,117809,1,40,0,259.0
TONONR_2025-10-13_G22,TONONR,2025-10-13,109643,1,3,0,165.0
TONONR_2025-10-13_G23,TONONR,2025-10-13,117820,1,26,0,865.0
TONONR_2025-10-13_G24,TONONR,2025-10-13,110325,1,6,0,156.0
TONONR_2025-10-13_G25,TONONR,2025-10-13,117809,1,4,0,52.0
TONONR_2025-10-13_G26,TONONR,2025-10-13,110373,1,181,0,459.0
TONONR_2025-10-13_G27,TONONR,2025-10-13,110751,1,2,0,150.0
TONONR_2025-10-13_G28,TONONR,2025-10-13,108711,1,12,0,37.0
TONONR_2025-10-13_G29,TONONR,2025-10-13,141823,1,6,0,240.0
TONONR_2025-10-13_G30,TONONR,2025-10-13,108794,1,3,0,60.0
TONONR_2025-10-13_G31,TONONR,2025-10-13,111418,1,33,0,256.0
TONONR_2025-10-13_G32,TONONR,2025-10-13,118140,1,66,0,838.0
TONONR_2025-10-13_G33,TONONR,2025-10-13,110339,1,20,0,306.0
TONONR_2025-10-13_G34,TONONR,2025-10-13,111418,1,59,0,272.0
TONONR_2025-10-16_G02,TONONR,2025-10-16,118222,1,24,0,37.0
TONONR_2025-10-16_G03,TONONR,2025-10-16,118222,1,24,0,243.0
TONONR_2025-10-16_G04,TONONR,2025-10-16,118222,2,48,11,63.0
TONONR_2025-10-16_G05,TONONR,2025-10-16,118222,1,24,0,139.0
TONONR_2025-10-16_G06,TONONR,2025-10-16,118222,1,120,0,331.0
TONONR_2025-10-16_G07,TONONR,2025-10-16,118222,1,264,0,97.0
TONONR_2025-10-16_G09,TONONR,2025-10-16,111602,1,7,0,822.0
TONONR_2025-10-16_G10,TONONR,2025-10-16,118094,1,2,0,190.0
TONONR_2025-10-16_G11,TONONR,2025-10-16,111467,1,10,0,404.0
TONONR_2025-10-16_G12,TONONR,2025-10-16,117862,1,8,0,189.0
TONONR_2025-10-16_G13,TONONR,2025-10-16,110750,1,4,0,147.0
TONONR_2025-10-16_G14,TONONR,2025-10-16,117837,1,4,0,558.0
TONONR_2025-10-16_G15,TONONR,2025-10-16,110740,1,2,0,408.0
TONONR_2025-10-16_G16,TONONR,2025-10-16,117838,1,4,0,112.0
TONONR_2025-10-16_G17,TONONR,2025-10-16,108711,1,8,0,185.0
TONONR_2025-10-16_G18,TONONR,2025-10-16,111434,1,2,0,273.0
TONONR_2025-10-16_G19,TONONR,2025-10-16,117785,1,20,0,254.0
TONONR_2025-10-16_G20,TONONR,2025-10-16,109648,1,2,0,1103.0
TONONR_2025-10-16_G21,TONONR,2025-10-16,110371,1,20,0,482.0
TONONR_2025-10-16_G22,TONONR,2025-10-16,117832,1,10,0,386.0
TONONR_2025-10-16_G23,TONONR,2025-10-16,110373,1,20,0,372.0
TONONR_2025-10-17_G02,TONONR,2025-10-17,118222,1,10,0,1333.0
TONONR_2025-10-17_G03,TONONR,2025-10-17,118317,1,2,0,1370.0
TONONR_2025-10-17_G04,TONONR,2025-10-17,117785,1,6,0,172.0
TONONR_2025-10-17_G05,TONONR,2025-10-17,110787,1,20,0,1751.0
TONONR_2025-10-17_G06,TONONR,2025-10-17,118317,1,2,0,262.0
TONONR_2025-10-17_G07,TONONR,2025-10-17,118290,1,13,0,921.0
TONONR_2025-10-17_G08,TONONR,2025-10-17,109640,1,40,0,1187.0
TONONR_2025-10-17_G09,TONONR,2025-10-17,110372,1,103,0,915.0
TONONR_2025-10-23_G02,TONONR,2025-10-23,111655,1,4,0,66.0
TONONR_2025-10-28_G02,TONONR,2025-10-28,111752,1,6,0,40.0
TONONR_2025-10-30_G02,TONONR,2025-10-30,"109641, 117820",2,16,20,1123.0
TONONR_2025-10-30_G03,TONONR,2025-10-30,110895,1,4,0,576.0
TONONR_2025-10-30_G04,TONONR,2025-10-30,110313,1,1,0,80.0
TONONR_2025-10-30_G05,TONONR,2025-10-30,"141262, 111634",2,14,14,502.0
TONONR_2025-10-30_G06,TONONR,2025-10-30,118191,2,22,13,222.0
TONONR_2025-10-30_G07,TONONR,2025-10-30,141261,2,20,12,101.0
TONONR_2025-10-30_G08,TONONR,2025-10-30,111722,1,4,0,205.0
TONONR_2025-10-30_G09,TONONR,2025-10-30,111751,1,6,0,101.0
TONONR_2025-10-30_G11,TONONR,2025-10-30,109645,1,5,0,86.0
TONONR_2025-10-30_G12,TONONR,2025-10-30,117831,1,16,0,75.0
TONONR_2025-10-30_G13,TONONR,2025-10-30,141823,1,8,0,141.0
TONONR_2025-10-31_G02,TONONR,2025-10-31,111743,1,8,0,83.0
TONONR_2025-10-31_G03,TONONR,2025-10-31,141457,1,12,0,92.0
TONONR_2025-10-31_G04,TONONR,2025-10-31,108798,1,8,0,71.0
TONONR_2025-10-31_G05,TONONR,2025-10-31,111418,1,36,0,263.0
TONONR_2025-10-31_G06,TONONR,2025-10-31,"111469, 111330",2,13,28,179.0
TONONR_2025-10-31_G07,TONONR,2025-10-31,141456,1,12,0,80.0
TONONR_2025-10-31_G08,TONONR,2025-10-31,108794,1,16,0,93.0
TONONR_2025-10-31_G09,TONONR,2025-10-31,111466,1,40,0,276.0
TONONR_2025-10-31_G10,TONONR,2025-10-31,108711,1,4,0,46.0
TONONR_2025-10-31_G11,TONONR,2025-10-31,117787,1,4,0,48.0
TONONR_2025-10-31_G12,TONONR,2025-10-31,"109641, 117833",2,11,14,41.0
TONONR_2025-10-31_G13,TONONR,2025-10-31,117785,1,4,0,79.0
TONONR_2025-10-31_G14,TONONR,2025-10-31,111444,1,4,0,63.0
TONONR_2025-10-31_G15,TONONR,2025-10-31,117821,1,16,0,124.0
TONONR_2025-10-31_G16,TONONR,2025-10-31,110745,1,5,0,200.0
TONONR_2025-10-31_G17,TONONR,2025-10-31,111465,2,8,5,76.0
TONONR_2025-10-31_G18,TONONR,2025-10-31,111468,1,24,0,177.0
TONONR_2025-10-31_G19,TONONR,2025-10-31,111462,1,60,0,206.0
TONONR_2025-10-31_G20,TONONR,2025-10-31,111463,1,40,0,635.0
TONONR_2025-10-31_G21,TONONR,2025-10-31,110740,1,30,0,427.0
TONONR_2025-10-31_G22,TONONR,2025-10-31,117831,1,240,0,3194.0
TONONR_2025-10-31_G23,TONONR,2025-10-31,117832,1,100,0,437.0
TONONR_2025-10-31_G24,TONONR,2025-10-31,110372,1,400,0,2785.0
TONONR_2025-10-31_G25,TONONR,2025-10-31,110373,1,340,0,426.0
TONONR_2025-10-31_G26,TONONR,2025-10-31,110325,1,100,0,414.0
TONONR_2025-12-30_G02,TONONR,2025-12-30,120389,1,56,0,930.0
TONONR_2025-12-31_G02,TONONR,2025-12-31,120008,1,6,0,89.0
TONONR_2025-12-31_G03,TONONR,2025-12-31,"120028, 122962",2,43,22,45.0
TONONR_2025-12-31_G04,TONONR,2025-12-31,123492,1,4,0,317.0
TONONR_2025-12-31_G05,TONONR,2025-12-31,120028,1,12,0,93.0
TONONR_2025-12-31_G06,TONONR,2025-12-31,122962,1,16,0,281.0
TONONR_2025-12-31_G07,TONONR,2025-12-31,122185,1,14,0,722.0
TONONR_2025-12-31_G08,TONONR,2025-12-31,122647,1,9,0,124.0
TONONR_2025-12-31_G09,TONONR,2025-12-31,120028,1,24,0,457.0
TONONR_2026-01-15_G02,TONONR,2026-01-15,117820,1,250,0,1147.0
TONONR_2026-01-15_G03,TONONR,2026-01-15,110373,1,720,0,760.0
TONONR_2026-01-21_G02,TONONR,2026-01-21,117785,1,16,0,286.0
TONONR_2026-01-21_G03,TONONR,2026-01-21,110313,1,4,0,344.0
TONONR_2026-01-21_G04,TONONR,2026-01-21,140956,1,4,0,282.0
TONONR_2026-01-21_G05,TONONR,2026-01-21,141286,1,2,0,265.0
TONONR_2026-01-21_G06,TONONR,2026-01-21,110354,1,2,0,714.0
TONONR_2026-01-21_G07,TONONR,2026-01-21,110395,1,1,0,70.0
TONONR_2026-01-21_G08,TONONR,2026-01-21,140911,1,12,0,1811.0
TONONR_2026-01-21_G09,TONONR,2026-01-21,117797,1,2,0,137.0
TONONR_2026-01-21_G10,TONONR,2026-01-21,109640,1,4,0,2117.0
TONONR_2026-01-21_G11,TONONR,2026-01-21,109640,1,2,0,142.0
TONONR_2026-01-21_G12,TONONR,2026-01-21,110747,1,4,0,508.0
TONONR_2026-01-22_G02,TONONR,2026-01-22,117821,1,14,0,999.0
TONONR_2026-01-22_G03,TONONR,2026-01-22,111462,1,12,0,825.0
TONONR_2026-01-22_G04,TONONR,2026-01-22,118299,1,142,0,1701.0
TONONR_2026-01-22_G05,TONONR,2026-01-22,110371,1,51,0,1070.0
TONONR_2026-01-22_G06,TONONR,2026-01-22,110373,1,14,0,733.0
TONONR_2026-01-22_G07,TONONR,2026-01-22,118306,1,15,0,1976.0
TONONR_2026-01-22_G08,TONONR,2026-01-22,111569,1,7,0,631.0
TONONR_2026-01-22_G09,TONONR,2026-01-22,141318,1,6,0,258.0
TONONR_2026-01-22_G10,TONONR,2026-01-22,141916,1,16,0,691.0
TONONR_2026-01-22_G12,TONONR,2026-01-22,117809,1,40,0,547.0
TONONR_2026-01-22_G13,TONONR,2026-01-22,110372,1,120,0,1109.0
TONONR_2026-01-22_G14,TONONR,2026-01-22,117820,1,20,0,391.0
TONONR_2026-01-22_G15,TONONR,2026-01-22,117808,1,280,0,2399.0
TONONR_2026-01-22_G16,TONONR,2026-01-22,110375,1,10,0,202.0
TONONR_2026-01-22_G17,TONONR,2026-01-22,110373,1,30,0,261.0
TONONR_2026-01-22_G18,TONONR,2026-01-22,111602,1,47,0,924.0
TONONR_2026-01-22_G19,TONONR,2026-01-22,111469,1,12,0,1042.0
TONONR_2026-01-22_G20,TONONR,2026-01-22,111330,1,10,0,199.0
TONONR_2026-01-22_G22,TONONR,2026-01-22,109640,1,8,0,212.0
TONONR_2026-01-23_G02,TONONR,2026-01-23,110374,1,10,0,455.0
TONONR_2026-01-23_G03,TONONR,2026-01-23,117855,1,10,0,217.0
TONONR_2026-01-23_G04,TONONR,2026-01-23,111441,1,10,0,259.0
TONONR_2026-01-23_G05,TONONR,2026-01-23,109933,1,4,0,749.0
TONONR_2026-01-23_G06,TONONR,2026-01-23,111438,1,10,0,131.0
TONONR_2026-01-23_G07,TONONR,2026-01-23,118306,1,4,0,121.0
TONONR_2026-01-23_G08,TONONR,2026-01-23,142045,1,10,0,390.0
TONONR_2026-01-23_G09,TONONR,2026-01-23,110747,1,10,0,198.0
TONONR_2026-01-23_G10,TONONR,2026-01-23,110742,1,8,0,172.0
TONONR_2026-01-23_G11,TONONR,2026-01-23,111569,1,8,0,1268.0
TONONR_2026-01-23_G12,TONONR,2026-01-23,140923,1,1,0,729.0
TONONR_2026-01-23_G13,TONONR,2026-01-23,105705,1,1,0,81.0
TONONR_2026-01-23_G14,TONONR,2026-01-23,140922,1,2,0,74.0
TONONR_2026-01-23_G15,TONONR,2026-01-23,118306,1,2,0,214.0
TONONR_2026-01-23_G16,TONONR,2026-01-23,118299,1,7,0,239.0
TONONR_2026-01-23_G17,TONONR,2026-01-23,117809,1,7,0,116.0
TONONR_2026-01-23_G18,TONONR,2026-01-23,117822,1,2,0,178.0
TONONR_2026-01-23_G19,TONONR,2026-01-23,117820,1,2,0,99.0
TONONR_2026-01-23_G20,TONONR,2026-01-23,141202,1,24,0,556.0
TONONR_2026-01-23_G21,TONONR,2026-01-23,110129,1,6,0,511.0
TONONR_2026-01-23_G22,TONONR,2026-01-23,117821,1,6,0,240.0
TONONR_2026-01-23_G23,TONONR,2026-01-23,110743,1,4,0,90.0
TONONR_2026-01-23_G24,TONONR,2026-01-23,141271,1,4,0,141.0
TONONR_2026-01-23_G25,TONONR,2026-01-23,141823,1,2,0,105.0
TONONR_2026-01-23_G26,TONONR,2026-01-23,111418,1,6,0,82.0
TONONR_2026-01-23_G27,TONONR,2026-01-23,111468,1,4,0,59.0
TONONR_2026-01-23_G28,TONONR,2026-01-23,108798,1,4,0,96.0
TONONR_2026-01-23_G29,TONONR,2026-01-23,117833,1,6,0,97.0
TONONR_2026-01-23_G30,TONONR,2026-01-23,110740,1,4,0,312.0
TONONR_2026-01-23_G31,TONONR,2026-01-23,118140,1,4,0,1123.0
TONONR_2026-01-23_G32,TONONR,2026-01-23,117787,1,2,0,98.0
TONONR_2026-01-23_G33,TONONR,2026-01-23,117785,1,8,0,177.0
TONONR_2026-01-23_G35,TONONR,2026-01-23,140922,1,8,0,203.0
TONONR_2026-01-23_G36,TONONR,2026-01-23,140922,1,12,0,386.0
TONONR_2026-01-23_G37,TONONR,2026-01-23,118140,1,4,0,563.0
TONONR_2026-01-23_G38,TONONR,2026-01-23,111876,1,3,0,511.0
TONONR_2026-01-23_G39,TONONR,2026-01-23,105705,1,2,0,347.0
TONONR_2026-01-23_G40,TONONR,2026-01-23,108794,1,4,0,84.0
TONONR_2026-01-23_G41,TONONR,2026-01-23,111532,1,4,0,381.0
TONONR_2026-01-23_G42,TONONR,2026-01-23,118299,1,2,0,263.0
TONONR_2026-01-23_G43,TONONR,2026-01-23,117808,1,4,0,132.0
TONONR_2026-01-23_G44,TONONR,2026-01-23,117832,2,4,29,119.0
TONONR_2026-01-23_G45,TONONR,2026-01-23,140911,1,4,0,538.0
TONONR_2026-02-19_G02,TONONR,2026-02-19,118364,1,4,0,336.0
TONONR_2026-02-19_G03,TONONR,2026-02-19,108759,1,4,0,250.0
TONONR_2026-02-19_G04,TONONR,2026-02-19,111441,1,4,0,264.0
TONONR_2026-02-19_G05,TONONR,2026-02-19,110755,1,32,0,1981.0
TONONR_2026-02-19_G06,TONONR,2026-02-19,116527,1,5,0,1185.0
TONONR_2026-02-19_G07,TONONR,2026-02-19,141916,1,34,0,645.0
TONONR_2026-02-19_G08,TONONR,2026-02-19,117789,1,2,0,353.0
TONONR_2026-02-19_G09,TONONR,2026-02-19,109648,1,7,0,1604.0
TONONR_2026-02-19_G10,TONONR,2026-02-19,110371,1,154,0,1578.0
TONONR_2026-02-19_G12,TONONR,2026-02-19,117820,1,108,0,767.0
TONONR_2026-02-20_G02,TONONR,2026-02-20,110375,1,45,0,745.0
TONONR_2026-02-20_G04,TONONR,2026-02-20,111751,1,10,0,1969.0
TONONR_2026-02-20_G05,TONONR,2026-02-20,118191,1,20,0,547.0
TONONR_2026-02-20_G06,TONONR,2026-02-20,141262,1,10,0,368.0
TONONR_2026-02-20_G07,TONONR,2026-02-20,118191,1,10,0,172.0
TONONR_2026-02-20_G08,TONONR,2026-02-20,118306,1,24,0,1337.0
TONONR_2026-02-20_G09,TONONR,2026-02-20,109647,1,35,0,821.0
TONONR_2026-02-20_G10,TONONR,2026-02-20,109640,1,70,0,739.0
TONONR_2026-02-20_G11,TONONR,2026-02-20,109640,1,20,0,867.0
TONONR_2026-02-20_G12,TONONR,2026-02-20,110787,1,50,0,1060.0
TONONR_2026-02-20_G13,TONONR,2026-02-20,109641,1,30,0,920.0
TONONR_2026-02-21_G02,TONONR,2026-02-21,117835,1,2,0,1049.0
TONONR_2026-02-21_G03,TONONR,2026-02-21,108770,1,1,0,37.0
TONONR_2026-02-21_G04,TONONR,2026-02-21,110895,1,2,0,59.0
TONONR_2026-02-21_G05,TONONR,2026-02-21,111438,2,4,20,129.0
TONONR_2026-02-21_G06,TONONR,2026-02-21,118306,1,4,0,155.0
TONONR_2026-02-21_G07,TONONR,2026-02-21,142045,1,2,0,103.0
TONONR_2026-02-21_G08,TONONR,2026-02-21,142045,1,4,0,73.0
TONONR_2026-02-21_G09,TONONR,2026-02-21,118304,1,4,0,354.0
TONONR_2026-02-22_G02,TONONR,2026-02-22,111602,1,2,0,82.0
TONONR_2026-02-22_G03,TONONR,2026-02-22,117786,1,12,0,280.0
TONONR_2026-02-22_G04,TONONR,2026-02-22,110339,1,6,0,175.0
TONONR_2026-02-22_G05,TONONR,2026-02-22,117808,1,445,0,2195.0
TONONR_2026-02-22_G06,TONONR,2026-02-22,118191,1,391,0,1782.0
TONONR_2026-02-23_G02,TONONR,2026-02-23,117809,1,30,0,1225.0
TONONR_2026-02-23_G03,TONONR,2026-02-23,117820,1,54,0,980.0
TONONR_2026-02-23_G04,TONONR,2026-02-23,118299,1,150,0,1419.0
TONONR_2026-02-23_G05,TONONR,2026-02-23,110372,1,16,0,199.0
TONONR_2026-02-23_G06,TONONR,2026-02-23,118299,1,70,0,488.0
TONONR_2026-02-27_G02,TONONR,2026-02-27,141262,1,10,0,47.0
TONONR_2026-02-27_G03,TONONR,2026-02-27,141140,1,3,0,43.0
TONONR_2026-02-27_G04,TONONR,2026-02-27,111751,1,6,0,328.0
TONONR_2026-02-27_G06,TONONR,2026-02-27,118290,1,2,0,198.0
TONONR_2026-02-27_G07,TONONR,2026-02-27,109640,1,9,0,382.0
TONONR_2026-02-27_G08,TONONR,2026-02-27,110313,1,160,0,815.0
TONONR_2026-02-27_G09,TONONR,2026-02-27,111530,1,50,0,458.0
TONONR_2026-02-27_G10,TONONR,2026-02-27,111467,1,90,0,1031.0
TONONR_2026-02-27_G11,TONONR,2026-02-27,142080,1,18,0,582.0
TONONR_2026-02-27_G12,TONONR,2026-02-27,111463,1,8,0,154.0
TONONR_2026-02-27_G15,TONONR,2026-02-27,117821,1,10,0,174.0
TONONR_2026-02-27_G16,TONONR,2026-02-27,117831,1,20,0,258.0
TONONR_2026-02-28_G02,TONONR,2026-02-28,141456,1,25,0,512.0
TONONR_2026-02-28_G03,TONONR,2026-02-28,117822,1,33,0,500.0
TONONR_2026-02-28_G04,TONONR,2026-02-28,110373,1,20,0,591.0
TONONR_2026-02-28_G05,TONONR,2026-02-28,117808,1,150,0,684.0
TONONR_2026-02-28_G06,TONONR,2026-02-28,110745,1,7,0,860.0
TONONR_2026-02-28_G07,TONONR,2026-02-28,108794,1,12,0,191.0
TONONR_2026-02-28_G08,TONONR,2026-02-28,117821,1,50,0,672.0
TONONR_2026-02-28_G09,TONONR,2026-02-28,110787,1,20,0,245.0
TONONR_2026-02-28_G10,TONONR,2026-02-28,111466,1,20,0,544.0
TONONR_2026-02-28_G11,TONONR,2026-02-28,141271,1,20,0,477.0
TONONR_2026-02-28_G12,TONONR,2026-02-28,109641,1,15,0,307.0
TONONR_2026-02-28_G13,TONONR,2026-02-28,111463,1,60,0,925.0
TONONR_2026-02-28_G14,TONONR,2026-02-28,111418,1,100,0,665.0
TONONR_2026-02-28_G15,TONONR,2026-02-28,141456,1,30,0,517.0
TONONR_2026-02-28_G16,TONONR,2026-02-28,111433,1,5,0,163.0
TONONR_2026-02-28_G17,TONONR,2026-02-28,141457,1,20,0,268.0
TONONR_2026-02-28_G18,TONONR,2026-02-28,110129,1,20,0,213.0
TONONR_2026-02-28_G19,TONONR,2026-02-28,111469,1,80,0,652.0
TONONR_2026-02-28_G20,TONONR,2026-02-28,141458,1,42,0,389.0
TONONR_2026-03-14_G02,TONONR,2026-03-14,124248,1,29,0,223.0
TONONR_2026-03-14_G03,TONONR,2026-03-14,120272,1,4,0,258.0
TONONR_2026-03-14_G04,TONONR,2026-03-14,124247,1,12,0,195.0
TONONR_2026-03-14_G05,TONONR,2026-03-14,123561,1,32,0,608.0
TONONR_2026-03-14_G06,TONONR,2026-03-14,124370,1,42,0,986.0
TONONR_2026-03-14_G07,TONONR,2026-03-14,124582,1,45,0,1128.0
TONONR_2026-03-14_G08,TONONR,2026-03-14,122981,1,1,0,137.0
TONONR_2026-03-14_G09,TONONR,2026-03-14,124371,1,8,0,125.0
TONONR_2026-03-14_G10,TONONR,2026-03-14,124486,1,44,0,495.0
TONONR_2026-03-14_G11,TONONR,2026-03-14,122986,1,4,0,141.0
TONONR_2026-03-14_G12,TONONR,2026-03-14,123345,1,4,0,258.0
TONONR_2026-03-14_G13,TONONR,2026-03-14,"124624, 124594",2,34,7,43.0
TONONR_2026-03-14_G14,TONONR,2026-03-14,123343,1,4,0,470.0
TONONR_2026-03-14_G15,TONONR,2026-03-14,122962,1,3,0,48.0
TONONR_2026-03-14_G16,TONONR,2026-03-14,122962,1,12,0,347.0
TONONR_2026-03-14_G17,TONONR,2026-03-14,124486,1,16,0,239.0
TONONR_2026-03-14_G18,TONONR,2026-03-14,122671,1,5,0,335.0
TONONR_2026-03-14_G19,TONONR,2026-03-14,123343,1,2,0,794.0
TONONR_2026-03-14_G20,TONONR,2026-03-14,123343,1,2,0,34.0
TONONR_2026-03-14_G21,TONONR,2026-03-14,124729,1,4,0,555.0
TONONR_2026-03-14_G22,TONONR,2026-03-14,124475,1,6,0,275.0
TONONR_2026-03-14_G23,TONONR,2026-03-14,122671,1,7,0,106.0
TONONR_2026-03-14_G24,TONONR,2026-03-14,121651,1,7,0,235.0
TONONR_2026-03-14_G25,TONONR,2026-03-14,122983,1,8,0,437.0
TONONR_2026-03-14_G26,TONONR,2026-03-14,123521,1,2,0,70.0
TONONR_2026-03-14_G27,TONONR,2026-03-14,123345,1,30,0,97.0
TONONR_2026-03-14_G28,TONONR,2026-03-14,123313,1,4,0,425.0
TONONR_2026-03-14_G29,TONONR,2026-03-14,124475,1,12,0,582.0
TONONR_2026-03-14_G30,TONONR,2026-03-14,124370,1,16,0,195.0
TONONR_2026-03-14_G31,TONONR,2026-03-14,124370,1,12,0,329.0
TONONR_2026-03-14_G32,TONONR,2026-03-14,120389,1,14,0,282.0
TONONR_2026-03-14_G33,TONONR,2026-03-14,120389,2,18,16,228.0
TONONR_2026-03-14_G34,TONONR,2026-03-14,124371,1,8,0,78.0
TONONR_2026-03-14_G35,TONONR,2026-03-14,124371,1,4,0,162.0
TONONR_2026-03-14_G36,TONONR,2026-03-14,121760,1,10,0,137.0
TONONR_2026-03-14_G37,TONONR,2026-03-14,124486,1,10,0,130.0
TONONR_2026-03-14_G38,TONONR,2026-03-14,121651,1,8,0,150.0
TONONR_2026-03-14_G39,TONONR,2026-03-14,122983,1,8,0,159.0
TONONR_2026-03-14_G40,TONONR,2026-03-14,124477,1,6,0,206.0
VENTURAGPA_2026-03-14_G02,VENTURAGPA,2026-03-14,122647,1,30,0,450.0
VENTURAGPA_2026-03-14_G03,VENTURAGPA,2026-03-14,"121760, 122962, 122647",3,8,42,434.0
VENTURAGPA_2026-03-14_G04,VENTURAGPA,2026-03-14,124371,1,5,0,149.0
VENTURAGPA_2026-03-27_G02,VENTURAGPA,2026-03-27,110751,1,1,0,111.0
VENTURAGPA_2026-03-27_G03,VENTURAGPA,2026-03-27,108795,1,6,0,135.0
VENTURAGPA_2026-03-27_G04,VENTURAGPA,2026-03-27,111743,1,5,0,168.0
VENTURAGPA_2026-03-27_G05,VENTURAGPA,2026-03-27,117838,1,21,0,240.0
VENTURAGPA_2026-03-27_G06,VENTURAGPA,2026-03-27,109641,1,5,0,244.0
VENTURAGPA_2026-03-27_G07,VENTURAGPA,2026-03-27,110787,1,2,0,63.0
VENTURAGPA_2026-03-27_G08,VENTURAGPA,2026-03-27,111468,1,5,0,168.0
VENTURAGPA_2026-03-27_G09,VENTURAGPA,2026-03-27,117831,1,4,0,827.0
VENTURAGPA_2026-03-27_G10,VENTURAGPA,2026-03-27,141823,1,5,0,85.0
VENTURAGPA_2026-03-27_G11,VENTURAGPA,2026-03-27,117787,1,12,0,612.0
VENTURAGPA_2026-03-27_G12,VENTURAGPA,2026-03-27,105705,1,5,0,542.0
VENTURAGPA_2026-03-27_G13,VENTURAGPA,2026-03-27,142093,1,58,0,1069.0
VENTURAGPA_2026-03-27_G14,VENTURAGPA,2026-03-27,117785,1,100,0,685.0
VENTURAGPA_2026-03-27_G15,VENTURAGPA,2026-03-27,117842,1,3,0,286.0
VENTURAGPA_2026-03-27_G16,VENTURAGPA,2026-03-27,111418,1,34,0,857.0
VENTURAGPA_2026-03-27_G17,VENTURAGPA,2026-03-27,111418,1,60,0,701.0
VENTURAGPA_2026-03-27_G18,VENTURAGPA,2026-03-27,111468,1,10,0,156.0
VENTURAGPA_2026-03-27_G19,VENTURAGPA,2026-03-27,110740,1,10,0,195.0
VENTURAGPA_2026-03-28_G02,VENTURAGPA,2026-03-28,141066,1,20,0,850.0
VENTURAGPA_2026-03-28_G03,VENTURAGPA,2026-03-28,117861,1,10,0,176.0
VENTURAGPA_2026-03-28_G04,VENTURAGPA,2026-03-28,109640,1,30,0,546.0
VENTURAGPA_2026-03-28_G05,VENTURAGPA,2026-03-28,117862,1,20,0,1519.0
VENTURAGPA_2026-03-28_G06,VENTURAGPA,2026-03-28,110063,1,5,0,252.0
VENTURAGPA_2026-03-28_G07,VENTURAGPA,2026-03-28,140923,1,40,0,1753.0
VENTURAR_2025-01-15_G02,VENTURAR,2025-01-15,117821,1,50,0,44.0
VENTURAR_2025-01-15_G03,VENTURAR,2025-01-15,109643,1,8,0,61.0
VENTURAR_2025-01-17_G02,VENTURAR,2025-01-17,122985,1,6,0,214.0
VENTURAR_2025-01-17_G03,VENTURAR,2025-01-17,123911,1,16,0,574.0
VENTURAR_2025-01-17_G04,VENTURAR,2025-01-17,124370,1,36,0,1227.0
VENTURAR_2025-01-17_G05,VENTURAR,2025-01-17,181815,1,6,0,236.0
VENTURAR_2025-01-17_G06,VENTURAR,2025-01-17,181056,1,6,0,461.0
VENTURAR_2025-01-17_G07,VENTURAR,2025-01-17,124370,1,4,0,341.0
VENTURAR_2025-01-17_G08,VENTURAR,2025-01-17,124370,1,20,0,1504.0
VENTURAR_2025-01-17_G09,VENTURAR,2025-01-17,121651,1,8,0,188.0
VENTURAR_2025-01-17_G11,VENTURAR,2025-01-17,122985,1,4,0,207.0
VENTURAR_2025-01-17_G12,VENTURAR,2025-01-17,122982,1,4,0,232.0
VENTURAR_2025-01-17_G13,VENTURAR,2025-01-17,121651,1,2,0,68.0
VENTURAR_2025-01-17_G14,VENTURAR,2025-01-17,121760,1,9,0,171.0
VENTURAR_2025-01-17_G15,VENTURAR,2025-01-17,123344,1,8,0,405.0
VENTURAR_2025-01-17_G16,VENTURAR,2025-01-17,123909,1,4,0,183.0
VENTURAR_2025-01-17_G17,VENTURAR,2025-01-17,123345,1,8,0,266.0
VENTURAR_2025-01-17_G18,VENTURAR,2025-01-17,123344,1,10,0,403.0
VENTURAR_2025-01-17_G19,VENTURAR,2025-01-17,123344,1,2,0,228.0
VENTURAR_2025-01-17_G20,VENTURAR,2025-01-17,122982,1,2,0,85.0
VENTURAR_2025-01-17_G21,VENTURAR,2025-01-17,124264,1,7,0,207.0
VENTURAR_2025-01-17_G22,VENTURAR,2025-01-17,181280,1,2,0,186.0
VENTURAR_2025-01-17_G23,VENTURAR,2025-01-17,124370,1,12,0,958.0
VENTURAR_2025-01-17_G24,VENTURAR,2025-01-17,122986,1,4,0,85.0
VENTURAR_2025-01-17_G25,VENTURAR,2025-01-17,121651,1,12,0,398.0
VENTURAR_2025-01-17_G26,VENTURAR,2025-01-17,121760,1,6,0,122.0
VENTURAR_2025-01-17_G27,VENTURAR,2025-01-17,123344,1,16,0,228.0
VENTURAR_2025-01-17_G28,VENTURAR,2025-01-17,124370,1,4,0,141.0
VENTURAR_2025-01-17_G29,VENTURAR,2025-01-17,124371,1,4,0,65.0
VENTURAR_2025-01-17_G30,VENTURAR,2025-01-17,121651,1,5,0,151.0
VENTURAR_2025-01-17_G31,VENTURAR,2025-01-17,121760,2,7,10,78.0
VENTURAR_2025-01-17_G32,VENTURAR,2025-01-17,122962,1,4,0,168.0
VENTURAR_2025-01-17_G33,VENTURAR,2025-01-17,181057,1,2,0,244.0
VENTURAR_2025-01-18_G02,VENTURAR,2025-01-18,122981,1,30,0,589.0
VENTURAR_2025-01-18_G03,VENTURAR,2025-01-18,120271,1,30,0,1821.0
VENTURAR_2025-01-18_G04,VENTURAR,2025-01-18,120339,1,40,0,938.0
VENTURAR_2025-01-24_G02,VENTURAR,2025-01-24,123907,1,5,0,91.0
VENTURAR_2025-01-25_G02,VENTURAR,2025-01-25,111469,5,76,41,2827.0
VENTURAR_2025-03-11_G03,VENTURAR,2025-03-11,110895,1,21,0,44.0
VENTURAR_2025-03-28_G02,VENTURAR,2025-03-28,109640,1,12,0,108.0
VENTURAR_2025-03-28_G03,VENTURAR,2025-03-28,140922,1,4,0,112.0
VENTURAR_2025-03-28_G04,VENTURAR,2025-03-28,118140,1,2,0,93.0
VENTURAR_2025-03-28_G05,VENTURAR,2025-03-28,111466,1,14,0,116.0
VENTURAR_2025-03-28_G06,VENTURAR,2025-03-28,111532,1,15,0,283.0
VENTURAR_2025-03-28_G07,VENTURAR,2025-03-28,111468,1,4,0,63.0
VENTURAR_2025-03-28_G08,VENTURAR,2025-03-28,108711,1,5,0,104.0
VENTURAR_2025-03-28_G09,VENTURAR,2025-03-28,111469,1,12,0,302.0
VENTURAR_2025-03-28_G10,VENTURAR,2025-03-28,117821,1,2,0,45.0
VENTURAR_2025-03-28_G11,VENTURAR,2025-03-28,110376,1,4,0,96.0
VENTURAR_2025-03-28_G12,VENTURAR,2025-03-28,117809,1,4,0,75.0
VENTURAR_2025-03-28_G13,VENTURAR,2025-03-28,109643,1,20,0,136.0
VENTURAR_2025-03-28_G14,VENTURAR,2025-03-28,117820,1,20,0,133.0
VENTURAR_2025-03-28_G15,VENTURAR,2025-03-28,117832,1,8,0,116.0
VENTURAR_2025-03-28_G16,VENTURAR,2025-03-28,110373,1,4,0,49.0
VENTURAR_2025-03-28_G17,VENTURAR,2025-03-28,110372,1,20,0,86.0
VENTURAR_2025-03-28_G18,VENTURAR,2025-03-28,117808,1,80,0,218.0
VENTURAR_2025-03-29_G02,VENTURAR,2025-03-29,122985,1,10,0,299.0
VENTURAR_2025-03-29_G03,VENTURAR,2025-03-29,121760,1,70,0,1764.0
VENTURAR_2025-03-29_G04,VENTURAR,2025-03-29,124476,1,8,0,126.0
VENTURAR_2025-03-29_G05,VENTURAR,2025-03-29,122984,1,2,0,84.0
VENTURAR_2025-03-29_G06,VENTURAR,2025-03-29,122985,1,1,0,371.0
VENTURAR_2025-03-29_G07,VENTURAR,2025-03-29,124475,1,10,0,309.0
VENTURAR_2025-03-29_G08,VENTURAR,2025-03-29,124476,1,10,0,130.0
VENTURAR_2025-03-29_G09,VENTURAR,2025-03-29,122984,1,24,0,202.0
VENTURAR_2025-03-29_G10,VENTURAR,2025-03-29,123344,1,10,0,449.0
VENTURAR_2025-03-29_G11,VENTURAR,2025-03-29,123153,1,10,0,174.0
VENTURAR_2025-03-29_G12,VENTURAR,2025-03-29,123153,1,10,0,104.0
VENTURAR_2025-03-29_G13,VENTURAR,2025-03-29,123344,1,8,0,510.0
VENTURAR_2025-03-30_G02,VENTURAR,2025-03-30,111467,1,6,0,197.0
VENTURAR_2025-03-30_G03,VENTURAR,2025-03-30,"111530, 105242",2,12,24,314.0
VENTURAR_2025-03-30_G04,VENTURAR,2025-03-30,117853,1,2,0,776.0
VENTURAR_2025-03-30_G05,VENTURAR,2025-03-30,"110747, 110339, 118140, 110325",4,18,58,41.0
VENTURAR_2025-03-30_G06,VENTURAR,2025-03-30,111438,1,24,0,220.0
VENTURAR_2025-03-30_G07,VENTURAR,2025-03-30,100334,1,8,0,47.0
VENTURAR_2025-03-30_G08,VENTURAR,2025-03-30,110733,1,4,0,339.0
VENTURAR_2025-03-30_G09,VENTURAR,2025-03-30,111467,1,8,0,100.0
VENTURAR_2025-03-30_G10,VENTURAR,2025-03-30,111602,1,8,0,76.0
VENTURAR_2025-03-30_G11,VENTURAR,2025-03-30,110515,1,4,0,79.0
VENTURAR_2025-03-30_G12,VENTURAR,2025-03-30,110711,1,2,0,113.0
VENTURAR_2025-03-30_G13,VENTURAR,2025-03-30,111418,1,10,0,72.0
VENTURAR_2025-03-30_G14,VENTURAR,2025-03-30,108711,1,3,0,71.0
VENTURAR_2025-03-30_G15,VENTURAR,2025-03-30,111462,1,6,0,39.0
VENTURAR_2025-03-30_G16,VENTURAR,2025-03-30,111469,1,12,0,42.0
VENTURAR_2025-03-30_G17,VENTURAR,2025-03-30,117831,1,4,0,323.0
VENTURAR_2025-03-30_G18,VENTURAR,2025-03-30,105705,1,4,0,89.0
VENTURAR_2025-03-30_G19,VENTURAR,2025-03-30,117821,1,4,0,93.0
VENTURAR_2025-03-30_G20,VENTURAR,2025-03-30,117785,1,8,0,121.0
VENTURAR_2025-03-30_G21,VENTURAR,2025-03-30,118299,1,8,0,1126.0
VENTURAR_2025-03-30_G22,VENTURAR,2025-03-30,110371,1,4,0,161.0
VENTURAR_2025-03-30_G23,VENTURAR,2025-03-30,117830,1,6,0,77.0
VENTURAR_2025-03-30_G24,VENTURAR,2025-03-30,117820,1,12,0,65.0
VENTURAR_2025-03-30_G25,VENTURAR,2025-03-30,117832,1,4,0,98.0
VENTURAR_2025-03-30_G26,VENTURAR,2025-03-30,"110373, 110372",2,26,14,153.0
VENTURAR_2025-03-30_G27,VENTURAR,2025-03-30,117808,1,12,0,116.0
VENTURAR_2025-03-30_G28,VENTURAR,2025-03-30,110374,1,2,0,104.0
VENTURAR_2025-03-30_G29,VENTURAR,2025-03-30,107830,1,4,0,475.0
VENTURAR_2025-03-30_G30,VENTURAR,2025-03-30,110325,1,3,0,511.0
VENTURAR_2025-03-30_G31,VENTURAR,2025-03-30,117809,1,4,0,351.0
VENTURAR_2025-03-30_G32,VENTURAR,2025-03-30,118299,1,8,0,401.0
VENTURAR_2025-03-30_G33,VENTURAR,2025-03-30,109643,1,5,0,83.0
VENTURAR_2025-03-30_G34,VENTURAR,2025-03-30,110371,1,8,0,67.0
VENTURAR_2025-03-30_G35,VENTURAR,2025-03-30,110373,1,12,0,231.0
VENTURAR_2025-03-30_G36,VENTURAR,2025-03-30,"110372, 110375",2,9,15,99.0
VENTURAR_2025-03-30_G37,VENTURAR,2025-03-30,117808,1,4,0,54.0
VENTURAR_2025-03-30_G38,VENTURAR,2025-03-30,109747,1,2,0,45.0
VENTURAR_2025-03-30_G39,VENTURAR,2025-03-30,110374,1,8,0,86.0
VENTURAR_2025-03-30_G40,VENTURAR,2025-03-30,110313,1,2,0,163.0
VENTURAR_2025-03-30_G41,VENTURAR,2025-03-30,110515,1,4,0,95.0
VENTURAR_2025-03-30_G42,VENTURAR,2025-03-30,110711,1,4,0,68.0
VENTURAR_2025-03-30_G43,VENTURAR,2025-03-30,111418,1,4,0,50.0
VENTURAR_2025-03-30_G44,VENTURAR,2025-03-30,118299,1,2,0,43.0
VENTURAR_2025-03-30_G45,VENTURAR,2025-03-30,110371,1,2,0,54.0
VENTURAR_2025-03-30_G46,VENTURAR,2025-03-30,110372,1,2,0,44.0
VENTURAR_2025-03-30_G47,VENTURAR,2025-03-30,"118222, 110752, 118290, 111569, 117786",5,24,102,630.0
VENTURAR_2025-03-30_G48,VENTURAR,2025-03-30,111466,1,12,0,479.0
VENTURAR_2025-03-30_G49,VENTURAR,2025-03-30,"111418, 111462",2,12,30,1234.0
VENTURAR_2025-03-30_G50,VENTURAR,2025-03-30,111469,1,1,0,39.0
VENTURAR_2025-03-30_G51,VENTURAR,2025-03-30,117831,1,2,0,70.0
VENTURAR_2025-03-30_G52,VENTURAR,2025-03-30,117821,1,4,0,99.0
VENTURAR_2025-03-30_G53,VENTURAR,2025-03-30,110325,1,2,0,103.0
VENTURAR_2025-03-30_G54,VENTURAR,2025-03-30,118299,1,10,0,78.0
VENTURAR_2025-03-30_G55,VENTURAR,2025-03-30,"117830, 117820",2,14,29,143.0
VENTURAR_2025-03-30_G56,VENTURAR,2025-03-30,110373,1,10,0,113.0
VENTURAR_2025-03-30_G57,VENTURAR,2025-03-30,117808,1,20,0,83.0
VENTURAR_2025-03-30_G58,VENTURAR,2025-03-30,109640,1,10,0,566.0
VENTURAR_2025-03-30_G59,VENTURAR,2025-03-30,118140,1,8,0,150.0
VENTURAR_2025-03-30_G60,VENTURAR,2025-03-30,111466,1,8,0,113.0
VENTURAR_2025-03-30_G61,VENTURAR,2025-03-30,"111468, 118140",2,12,17,311.0
VENTURAR_2025-03-30_G62,VENTURAR,2025-03-30,111467,1,10,0,641.0
VENTURAR_2025-03-30_G63,VENTURAR,2025-03-30,117787,1,3,0,68.0
VENTURAR_2025-03-30_G64,VENTURAR,2025-03-30,111463,1,9,0,1373.0
VENTURAR_2025-03-30_G66,VENTURAR,2025-03-30,111467,1,2,0,63.0
VENTURAR_2025-03-30_G67,VENTURAR,2025-03-30,110313,1,8,0,106.0
VENTURAR_2025-03-30_G68,VENTURAR,2025-03-30,111602,1,8,0,73.0
VENTURAR_2025-03-30_G69,VENTURAR,2025-03-30,118191,1,24,0,201.0
VENTURAR_2025-03-30_G70,VENTURAR,2025-03-30,111634,1,10,0,175.0
VENTURAR_2025-03-30_G71,VENTURAR,2025-03-30,111751,1,4,0,165.0
VENTURAR_2025-03-30_G72,VENTURAR,2025-03-30,141261,1,10,0,117.0
VENTURAR_2025-03-30_G73,VENTURAR,2025-03-30,111753,1,6,0,968.0
VENTURAR_2025-03-30_G74,VENTURAR,2025-03-30,111761,1,4,0,94.0
VENTURAR_2025-03-30_G75,VENTURAR,2025-03-30,111602,1,12,0,1125.0
VENTURAR_2025-03-30_G76,VENTURAR,2025-03-30,111634,1,6,0,190.0
VENTURAR_2025-03-30_G77,VENTURAR,2025-03-30,141261,1,12,0,401.0
VENTURAR_2025-03-30_G78,VENTURAR,2025-03-30,118191,1,10,0,124.0
VENTURAR_2025-03-30_G79,VENTURAR,2025-03-30,"111740, 111751",2,12,9,611.0
VENTURAR_2025-03-30_G80,VENTURAR,2025-03-30,118306,1,8,0,371.0
VENTURAR_2025-03-30_G81,VENTURAR,2025-03-30,100334,1,8,0,152.0
VENTURAR_2025-03-30_G82,VENTURAR,2025-03-30,111466,1,4,0,57.0
VENTURAR_2025-03-30_G83,VENTURAR,2025-03-30,109641,1,4,0,86.0
VENTURAR_2025-03-30_G84,VENTURAR,2025-03-30,105705,1,8,0,106.0
VENTURAR_2025-03-30_G85,VENTURAR,2025-03-30,110325,2,40,18,142.0
VENTURAR_2025-03-30_G86,VENTURAR,2025-03-30,"117820, 117808",2,20,19,526.0
VENTURAR_2025-03-30_G87,VENTURAR,2025-03-30,111438,1,2,0,140.0
VENTURAR_2025-03-30_G88,VENTURAR,2025-03-30,111569,1,4,0,66.0
VENTURAR_2025-03-30_G89,VENTURAR,2025-03-30,117836,1,4,0,193.0
VENTURAR_2025-03-30_G90,VENTURAR,2025-03-30,109641,1,8,0,85.0
VENTURAR_2025-03-30_G91,VENTURAR,2025-03-30,111442,1,4,0,106.0
VENTURAR_2025-03-30_G92,VENTURAR,2025-03-30,105705,1,4,0,92.0
VENTURAR_2025-03-30_G93,VENTURAR,2025-03-30,117830,1,2,0,235.0
VENTURAR_2025-03-30_G94,VENTURAR,2025-03-30,117820,1,6,0,54.0
VENTURAR_2025-03-30_G95,VENTURAR,2025-03-30,117820,1,4,0,40.0
VENTURAR_2025-03-30_G96,VENTURAR,2025-03-30,141047,1,6,0,74.0
VENTURAR_2025-03-30_G97,VENTURAR,2025-03-30,111467,1,28,0,84.0
VFERNANDES_2025-01-09_G02,VFERNANDES,2025-01-09,110289,1,23,0,36.0
VFERNANDES_2025-01-09_G03,VFERNANDES,2025-01-09,"110735, 101011, 118004, 117785, 111463, 111751, 108293, 117808, 117820, 117809, 110372, 117832, 110373",13,112,123,77.0
VFERNANDES_2025-01-09_G04,VFERNANDES,2025-01-09,"123822, 121651",2,47,7,49.0
VFERNANDES_2025-01-09_G05,VFERNANDES,2025-01-09,180096,1,1,0,300.0
VFERNANDES_2025-01-16_G02,VFERNANDES,2025-01-16,"111467, 117786, 110515, 110733, 111435, 110740, 111433, 110787, 110751, 111418, 111462, 109747, 118299, 117830, 117832, 117808",16,299,132,33.0
VFERNANDES_2025-01-16_G03,VFERNANDES,2025-01-16,123822,1,4,0,637.0
VFERNANDES_2025-01-16_G04,VFERNANDES,2025-01-16,"123822, 180332, 123343",4,11,59,289.0
VFERNANDES_2025-01-16_G05,VFERNANDES,2025-01-16,120046,1,9,0,160.0
VFERNANDES_2025-03-20_G02,VFERNANDES,2025-03-20,110747,1,15,0,227.0
VFERNANDES_2025-03-20_G03,VFERNANDES,2025-03-20,111850,1,16,0,445.0
VFERNANDES_2025-03-20_G04,VFERNANDES,2025-03-20,118222,1,56,0,618.0
VFERNANDES_2025-03-20_G05,VFERNANDES,2025-03-20,108759,1,30,0,769.0
VFERNANDES_2025-03-20_G06,VFERNANDES,2025-03-20,117789,1,8,0,129.0
VFERNANDES_2025-03-20_G07,VFERNANDES,2025-03-20,117853,1,24,0,428.0
VFERNANDES_2025-03-20_G08,VFERNANDES,2025-03-20,118094,1,18,0,758.0
VFERNANDES_2025-03-20_G09,VFERNANDES,2025-03-20,110733,1,31,0,723.0
VFERNANDES_2025-03-20_G10,VFERNANDES,2025-03-20,117861,1,28,0,1269.0
VFERNANDES_2025-03-20_G11,VFERNANDES,2025-03-20,109640,1,20,0,164.0
VFERNANDES_2025-03-20_G12,VFERNANDES,2025-03-20,110711,1,52,0,385.0
VFERNANDES_2025-03-20_G13,VFERNANDES,2025-03-20,117935,1,31,0,2000.0
VFERNANDES_2025-03-20_G14,VFERNANDES,2025-03-20,117855,1,20,0,479.0
VFERNANDES_2025-03-20_G15,VFERNANDES,2025-03-20,117820,1,200,0,41.0
VFERNANDES_2025-03-21_G02,VFERNANDES,2025-03-21,108772,2,4,10,176.0
VFERNANDES_2025-03-21_G03,VFERNANDES,2025-03-21,110733,1,10,0,308.0
VFERNANDES_2025-03-21_G04,VFERNANDES,2025-03-21,111602,1,3,0,86.0
VFERNANDES_2025-03-21_G05,VFERNANDES,2025-03-21,118403,1,1,0,87.0
VFERNANDES_2025-03-21_G06,VFERNANDES,2025-03-21,117786,2,34,10,86.0
VFERNANDES_2025-03-21_G07,VFERNANDES,2025-03-21,110325,1,10,0,434.0
VFERNANDES_2025-03-21_G08,VFERNANDES,2025-03-21,118299,1,100,0,181.0
VFERNANDES_2025-03-21_G09,VFERNANDES,2025-03-21,117820,1,100,0,510.0
VFERNANDES_2025-03-21_G10,VFERNANDES,2025-03-21,110895,1,2,0,2899.0
VFERNANDES_2025-03-21_G11,VFERNANDES,2025-03-21,109647,1,2,0,564.0
VFERNANDES_2025-03-21_G12,VFERNANDES,2025-03-21,117862,1,2,0,131.0
VFERNANDES_2025-03-21_G13,VFERNANDES,2025-03-21,111602,1,2,0,103.0
VFERNANDES_2025-03-21_G14,VFERNANDES,2025-03-21,117855,1,2,0,97.0
VFERNANDES_2025-03-21_G15,VFERNANDES,2025-03-21,117861,1,2,0,64.0
VFERNANDES_2025-03-21_G16,VFERNANDES,2025-03-21,117786,1,2,0,46.0
VFERNANDES_2025-03-21_G17,VFERNANDES,2025-03-21,105242,1,2,0,88.0
VFERNANDES_2025-03-21_G18,VFERNANDES,2025-03-21,111532,1,2,0,93.0
VFERNANDES_2025-03-21_G19,VFERNANDES,2025-03-21,117833,1,2,0,97.0
VFERNANDES_2025-03-21_G20,VFERNANDES,2025-03-21,109645,1,2,0,132.0
VFERNANDES_2025-03-21_G21,VFERNANDES,2025-03-21,111433,1,2,0,111.0
VFERNANDES_2025-03-21_G22,VFERNANDES,2025-03-21,111569,1,2,0,2394.0
VFERNANDES_2025-03-21_G23,VFERNANDES,2025-03-21,110841,1,3,0,269.0
VFERNANDES_2025-03-21_G24,VFERNANDES,2025-03-21,100334,1,4,0,88.0
VFERNANDES_2025-03-21_G25,VFERNANDES,2025-03-21,117789,1,24,0,120.0
VFERNANDES_2025-03-21_G26,VFERNANDES,2025-03-21,117853,2,16,15,404.0
VFERNANDES_2025-03-21_G27,VFERNANDES,2025-03-21,108772,1,8,0,641.0
VFERNANDES_2025-03-21_G28,VFERNANDES,2025-03-21,117862,1,16,0,431.0
VFERNANDES_2025-03-21_G29,VFERNANDES,2025-03-21,117935,1,14,0,117.0
VFERNANDES_2025-03-21_G30,VFERNANDES,2025-03-21,111876,1,6,0,180.0
VFERNANDES_2025-03-21_G31,VFERNANDES,2025-03-21,110515,1,12,0,216.0
VFERNANDES_2025-03-21_G32,VFERNANDES,2025-03-21,110711,1,4,0,137.0
VFERNANDES_2025-03-21_G33,VFERNANDES,2025-03-21,111602,2,32,7,356.0
VFERNANDES_2025-03-21_G34,VFERNANDES,2025-03-21,140922,1,20,0,332.0
VFERNANDES_2025-03-21_G35,VFERNANDES,2025-03-21,111466,1,20,0,234.0
VFERNANDES_2025-03-21_G36,VFERNANDES,2025-03-21,111182,1,1,0,191.0
VFERNANDES_2025-03-21_G37,VFERNANDES,2025-03-21,111532,1,20,0,355.0
VFERNANDES_2025-03-21_G38,VFERNANDES,2025-03-21,111172,1,17,0,40.0
VFERNANDES_2025-03-21_G39,VFERNANDES,2025-03-21,110743,1,2,0,145.0
VFERNANDES_2025-03-21_G40,VFERNANDES,2025-03-21,111418,2,20,9,70.0
VFERNANDES_2025-03-21_G41,VFERNANDES,2025-03-21,108711,1,2,0,158.0
VFERNANDES_2025-03-21_G42,VFERNANDES,2025-03-21,111462,1,10,0,54.0
VFERNANDES_2025-03-21_G43,VFERNANDES,2025-03-21,110745,1,2,0,379.0
VFERNANDES_2025-03-21_G45,VFERNANDES,2025-03-21,117821,1,17,0,144.0
VFERNANDES_2025-03-21_G46,VFERNANDES,2025-03-21,110787,1,12,0,221.0
VFERNANDES_2025-03-21_G47,VFERNANDES,2025-03-21,117841,1,4,0,99.0
VFERNANDES_2025-03-21_G48,VFERNANDES,2025-03-21,109645,1,10,0,294.0
VFERNANDES_2025-03-21_G49,VFERNANDES,2025-03-21,117855,1,50,0,437.0
VFERNANDES_2025-03-21_G50,VFERNANDES,2025-03-21,118140,1,30,0,217.0
VFERNANDES_2025-03-21_G51,VFERNANDES,2025-03-21,111433,1,4,0,238.0
VFERNANDES_2025-03-21_G52,VFERNANDES,2025-03-21,111465,1,12,0,72.0
VFERNANDES_2025-03-22_G02,VFERNANDES,2025-03-22,109647,1,44,0,487.0
VFERNANDES_2025-03-22_G03,VFERNANDES,2025-03-22,117833,1,28,0,151.0
VFERNANDES_2025-03-22_G04,VFERNANDES,2025-03-22,108711,1,164,0,1126.0
VFERNANDES_2025-03-22_G05,VFERNANDES,2025-03-22,117821,1,68,0,92.0
VFERNANDES_2025-03-22_G06,VFERNANDES,2025-03-22,110787,1,81,0,795.0
VFERNANDES_2025-03-22_G07,VFERNANDES,2025-03-22,117831,1,111,0,482.0
VFERNANDES_2025-03-22_G08,VFERNANDES,2025-03-22,109645,1,28,0,149.0
VFERNANDES_2025-03-22_G09,VFERNANDES,2025-03-22,118330,1,48,0,499.0
VFERNANDES_2025-03-22_G10,VFERNANDES,2025-03-22,111469,1,42,0,233.0
VFERNANDES_2025-03-22_G11,VFERNANDES,2025-03-22,111466,1,48,0,491.0
VFERNANDES_2025-03-22_G12,VFERNANDES,2025-03-22,111466,1,96,0,649.0
VFERNANDES_2025-03-22_G13,VFERNANDES,2025-03-22,110376,1,2,0,1066.0
VFERNANDES_2025-03-22_G14,VFERNANDES,2025-03-22,117830,1,129,0,400.0
VFERNANDES_2025-03-22_G15,VFERNANDES,2025-03-22,110371,1,19,0,251.0
VFERNANDES_2025-03-22_G16,VFERNANDES,2025-03-22,109643,1,75,0,402.0
VFERNANDES_2025-03-22_G17,VFERNANDES,2025-03-22,117832,1,67,0,528.0
VFERNANDES_2025-03-22_G18,VFERNANDES,2025-03-22,110375,1,24,0,215.0
VFERNANDES_2025-03-22_G19,VFERNANDES,2025-03-22,110374,1,113,0,1337.0
VFERNANDES_2025-03-22_G20,VFERNANDES,2025-03-22,110372,1,700,0,1776.0
VFERNANDES_2025-03-22_G21,VFERNANDES,2025-03-22,117809,1,64,0,251.0
VFERNANDES_2025-03-22_G22,VFERNANDES,2025-03-22,111602,1,100,0,2924.0
VFERNANDES_2025-03-22_G24,VFERNANDES,2025-03-22,117855,1,88,0,722.0
VFERNANDES_2025-03-22_G25,VFERNANDES,2025-03-22,117785,1,1,0,272.0
VFERNANDES_2025-03-22_G26,VFERNANDES,2025-03-22,118222,1,100,0,1154.0
VFERNANDES_2025-03-22_G27,VFERNANDES,2025-03-22,117786,1,40,0,207.0
VFERNANDES_2025-03-22_G28,VFERNANDES,2025-03-22,118140,1,20,0,387.0
VFERNANDES_2025-03-22_G29,VFERNANDES,2025-03-22,111466,1,100,0,942.0
VFERNANDES_2025-03-22_G30,VFERNANDES,2025-03-22,117820,1,500,0,1410.0
VFERNANDES_2025-03-22_G31,VFERNANDES,2025-03-22,110373,1,300,0,753.0
VFERNANDES_2025-03-22_G32,VFERNANDES,2025-03-22,118140,1,80,0,275.0
VFERNANDES_2025-03-27_G02,VFERNANDES,2025-03-27,110515,1,3,0,112.0
VFERNANDES_2025-03-27_G03,VFERNANDES,2025-03-27,109640,1,2,0,95.0
VFERNANDES_2025-03-27_G04,VFERNANDES,2025-03-27,110711,1,2,0,98.0
VFERNANDES_2025-03-27_G05,VFERNANDES,2025-03-27,111463,1,2,0,253.0
VFERNANDES_2025-03-27_G06,VFERNANDES,2025-03-27,118140,1,4,0,47.0
VFERNANDES_2025-03-27_G07,VFERNANDES,2025-03-27,111466,1,3,0,120.0
VFERNANDES_2025-03-27_G08,VFERNANDES,2025-03-27,111182,1,2,0,69.0
VFERNANDES_2025-03-27_G09,VFERNANDES,2025-03-27,117833,1,4,0,71.0
VFERNANDES_2025-03-27_G10,VFERNANDES,2025-03-27,111468,1,4,0,61.0
VFERNANDES_2025-03-27_G11,VFERNANDES,2025-03-27,109645,1,4,0,54.0
VFERNANDES_2025-03-27_G12,VFERNANDES,2025-03-27,105705,1,4,0,252.0
VFERNANDES_2025-03-27_G13,VFERNANDES,2025-03-27,117822,1,2,0,170.0
VFERNANDES_2025-03-27_G14,VFERNANDES,2025-03-27,117809,1,4,0,95.0
VFERNANDES_2025-03-27_G15,VFERNANDES,2025-03-27,109643,1,4,0,102.0
VFERNANDES_2025-03-27_G16,VFERNANDES,2025-03-27,110371,1,16,0,99.0
VFERNANDES_2025-03-27_G17,VFERNANDES,2025-03-27,110373,1,24,0,393.0
VFERNANDES_2025-03-27_G18,VFERNANDES,2025-03-27,117820,1,1,0,178.0
VFERNANDES_2025-03-27_G19,VFERNANDES,2025-03-27,110372,1,4,0,77.0
VFERNANDES_2025-03-27_G20,VFERNANDES,2025-03-27,110375,1,10,0,105.0
VFERNANDES_2025-03-27_G21,VFERNANDES,2025-03-27,117841,1,8,0,189.0
VFERNANDES_2025-03-27_G22,VFERNANDES,2025-03-27,105705,1,4,0,131.0
VFERNANDES_2025-03-27_G23,VFERNANDES,2025-03-27,110373,1,4,0,107.0
VFERNANDES_2025-03-27_G24,VFERNANDES,2025-03-27,108770,1,4,0,1798.0
VFERNANDES_2025-03-27_G25,VFERNANDES,2025-03-27,"111437, 100334",2,6,13,40.0
VFERNANDES_2025-03-27_G26,VFERNANDES,2025-03-27,110895,1,4,0,136.0
VFERNANDES_2025-03-27_G27,VFERNANDES,2025-03-27,118094,2,4,7,173.0
VFERNANDES_2025-03-27_G28,VFERNANDES,2025-03-27,110339,1,4,0,99.0
VFERNANDES_2025-03-27_G29,VFERNANDES,2025-03-27,110313,1,4,0,68.0
VFERNANDES_2025-03-27_G30,VFERNANDES,2025-03-27,110733,1,4,0,162.0
VFERNANDES_2025-03-27_G31,VFERNANDES,2025-03-27,117786,1,3,0,334.0
VFERNANDES_2025-03-27_G32,VFERNANDES,2025-03-27,111602,1,15,0,196.0
VFERNANDES_2025-03-27_G33,VFERNANDES,2025-03-27,111530,1,8,0,153.0
VFERNANDES_2025-03-27_G34,VFERNANDES,2025-03-27,109640,1,8,0,259.0
VFERNANDES_2025-03-27_G35,VFERNANDES,2025-03-27,111463,1,4,0,245.0
VFERNANDES_2025-03-27_G36,VFERNANDES,2025-03-27,111466,1,7,0,305.0
VFERNANDES_2025-03-27_G37,VFERNANDES,2025-03-27,111532,1,2,0,149.0
VFERNANDES_2025-03-27_G38,VFERNANDES,2025-03-27,111468,1,4,0,54.0
VFERNANDES_2025-03-27_G39,VFERNANDES,2025-03-27,109645,1,7,0,69.0
VFERNANDES_2025-03-27_G40,VFERNANDES,2025-03-27,111418,1,13,0,190.0
VFERNANDES_2025-03-27_G41,VFERNANDES,2025-03-27,111469,1,20,0,105.0
VFERNANDES_2025-03-27_G42,VFERNANDES,2025-03-27,110745,1,3,0,199.0
VFERNANDES_2025-03-27_G43,VFERNANDES,2025-03-27,117821,1,3,0,455.0
VFERNANDES_2025-03-27_G44,VFERNANDES,2025-03-27,105705,1,5,0,199.0
VFERNANDES_2025-03-27_G45,VFERNANDES,2025-03-27,110373,1,48,0,280.0
VFERNANDES_2025-03-27_G46,VFERNANDES,2025-03-27,110371,1,19,0,100.0
VFERNANDES_2025-03-27_G47,VFERNANDES,2025-03-27,110374,1,2,0,930.0
VFERNANDES_2025-03-28_G02,VFERNANDES,2025-03-28,111850,1,8,0,300.0
VFERNANDES_2025-03-28_G03,VFERNANDES,2025-03-28,111441,1,16,0,1857.0
VFERNANDES_2025-03-28_G04,VFERNANDES,2025-03-28,111441,1,8,0,1282.0
VFERNANDES_2025-03-28_G05,VFERNANDES,2025-03-28,118306,1,8,0,67.0
VFERNANDES_2025-03-28_G06,VFERNANDES,2025-03-28,111569,1,4,0,205.0
VFERNANDES_2025-03-28_G07,VFERNANDES,2025-03-28,117834,1,12,0,138.0
VFERNANDES_2025-03-28_G08,VFERNANDES,2025-03-28,117834,1,64,0,310.0
VFERNANDES_2025-03-28_G09,VFERNANDES,2025-03-28,111463,1,4,0,210.0
VFERNANDES_2025-03-28_G10,VFERNANDES,2025-03-28,111466,1,6,0,118.0
VFERNANDES_2025-03-28_G11,VFERNANDES,2025-03-28,111443,1,4,0,91.0
VFERNANDES_2025-03-28_G12,VFERNANDES,2025-03-28,111330,1,12,0,295.0
VFERNANDES_2025-03-28_G13,VFERNANDES,2025-03-28,111469,2,6,8,229.0
VFERNANDES_2025-03-28_G14,VFERNANDES,2025-03-28,111442,1,4,0,102.0
VFERNANDES_2025-03-28_G15,VFERNANDES,2025-03-28,110748,1,4,0,83.0
VFERNANDES_2025-03-28_G16,VFERNANDES,2025-03-28,118299,1,4,0,197.0
VFERNANDES_2025-03-28_G17,VFERNANDES,2025-03-28,117830,1,2,0,241.0
VFERNANDES_2025-03-28_G18,VFERNANDES,2025-03-28,117820,1,4,0,78.0
VFERNANDES_2025-03-28_G19,VFERNANDES,2025-03-28,117808,1,60,0,336.0
VFERNANDES_2025-03-28_G20,VFERNANDES,2025-03-28,117808,5,22,37,32.0
VFERNANDES_2025-03-28_G21,VFERNANDES,2025-03-28,110747,1,6,0,666.0
VFERNANDES_2025-03-28_G22,VFERNANDES,2025-03-28,117834,1,2,0,152.0
VFERNANDES_2025-03-28_G23,VFERNANDES,2025-03-28,111441,2,5,10,137.0
VFERNANDES_2025-03-28_G24,VFERNANDES,2025-03-28,118306,1,9,0,225.0
VFERNANDES_2025-03-28_G25,VFERNANDES,2025-03-28,118094,1,3,0,196.0
VFERNANDES_2025-03-28_G26,VFERNANDES,2025-03-28,111466,1,20,0,211.0
VFERNANDES_2025-03-28_G27,VFERNANDES,2025-03-28,109641,1,7,0,517.0
VFERNANDES_2025-03-28_G28,VFERNANDES,2025-03-28,111172,1,5,0,190.0
VFERNANDES_2025-03-28_G29,VFERNANDES,2025-03-28,111418,1,12,0,84.0
VFERNANDES_2025-03-28_G30,VFERNANDES,2025-03-28,111462,1,4,0,548.0
VFERNANDES_2025-03-28_G31,VFERNANDES,2025-03-28,111469,2,12,12,74.0
VFERNANDES_2025-03-28_G32,VFERNANDES,2025-03-28,110745,1,4,0,182.0
VFERNANDES_2025-03-28_G33,VFERNANDES,2025-03-28,117831,1,2,0,196.0
VFERNANDES_2025-03-28_G34,VFERNANDES,2025-03-28,105705,1,8,0,404.0
VFERNANDES_2025-03-28_G35,VFERNANDES,2025-03-28,110787,1,8,0,133.0
VFERNANDES_2025-03-28_G36,VFERNANDES,2025-03-28,117785,1,4,0,143.0
VFERNANDES_2025-03-28_G37,VFERNANDES,2025-03-28,110325,1,2,0,276.0
VFERNANDES_2025-03-28_G38,VFERNANDES,2025-03-28,110376,1,5,0,97.0
VFERNANDES_2025-03-28_G39,VFERNANDES,2025-03-28,118299,1,3,0,89.0
VFERNANDES_2025-03-28_G40,VFERNANDES,2025-03-28,117808,2,35,8,107.0
VFERNANDES_2025-03-28_G41,VFERNANDES,2025-03-28,110371,1,5,0,252.0
VFERNANDES_2025-03-28_G42,VFERNANDES,2025-03-28,117820,1,20,0,124.0
VFERNANDES_2025-03-28_G43,VFERNANDES,2025-03-28,117832,1,12,0,374.0
VFERNANDES_2025-03-28_G44,VFERNANDES,2025-03-28,110372,1,3,0,66.0
VFERNANDES_2025-03-28_G45,VFERNANDES,2025-03-28,110375,1,6,0,40.0
VFERNANDES_2025-03-28_G46,VFERNANDES,2025-03-28,109747,1,3,0,105.0
VFERNANDES_2025-03-28_G47,VFERNANDES,2025-03-28,140922,1,4,0,220.0
VFERNANDES_2025-03-28_G48,VFERNANDES,2025-03-28,110313,1,4,0,383.0
VFERNANDES_2025-03-31_G02,VFERNANDES,2025-03-31,110742,1,4,0,376.0
VFERNANDES_2025-03-31_G03,VFERNANDES,2025-03-31,117834,1,2,0,639.0
VFERNANDES_2025-03-31_G04,VFERNANDES,2025-03-31,118306,1,10,0,219.0
VFERNANDES_2025-03-31_G05,VFERNANDES,2025-03-31,111569,1,8,0,205.0
VFERNANDES_2025-03-31_G06,VFERNANDES,2025-03-31,100334,1,2,0,392.0
VFERNANDES_2025-03-31_G07,VFERNANDES,2025-03-31,115234,1,2,0,207.0
VFERNANDES_2025-03-31_G08,VFERNANDES,2025-03-31,160057,1,1,0,56.0
VFERNANDES_2025-03-31_G09,VFERNANDES,2025-03-31,117855,1,4,0,415.0
VFERNANDES_2025-03-31_G10,VFERNANDES,2025-03-31,111602,1,8,0,681.0
VFERNANDES_2025-03-31_G11,VFERNANDES,2025-03-31,110515,1,4,0,148.0
VFERNANDES_2025-03-31_G12,VFERNANDES,2025-03-31,109647,1,10,0,76.0
VFERNANDES_2025-03-31_G13,VFERNANDES,2025-03-31,140922,1,8,0,500.0
VFERNANDES_2025-03-31_G14,VFERNANDES,2025-03-31,111466,1,10,0,186.0
VFERNANDES_2025-03-31_G15,VFERNANDES,2025-03-31,118140,1,4,0,99.0
VFERNANDES_2025-03-31_G16,VFERNANDES,2025-03-31,111418,1,10,0,1192.0
VFERNANDES_2025-03-31_G17,VFERNANDES,2025-03-31,111462,1,4,0,88.0
VFERNANDES_2025-03-31_G18,VFERNANDES,2025-03-31,111469,1,4,0,70.0
VFERNANDES_2025-03-31_G19,VFERNANDES,2025-03-31,118317,1,2,0,175.0
VFERNANDES_2025-03-31_G20,VFERNANDES,2025-03-31,117831,1,4,0,96.0
VFERNANDES_2025-03-31_G21,VFERNANDES,2025-03-31,105705,1,4,0,52.0
VFERNANDES_2025-03-31_G22,VFERNANDES,2025-03-31,110787,1,4,0,68.0
VFERNANDES_2025-03-31_G23,VFERNANDES,2025-03-31,117785,1,20,0,455.0
VFERNANDES_2025-03-31_G24,VFERNANDES,2025-03-31,118299,1,20,0,859.0
VFERNANDES_2025-03-31_G25,VFERNANDES,2025-03-31,109643,1,10,0,249.0
VFERNANDES_2025-03-31_G26,VFERNANDES,2025-03-31,117830,1,8,0,200.0
VFERNANDES_2025-03-31_G27,VFERNANDES,2025-03-31,117808,1,20,0,236.0
VFERNANDES_2025-03-31_G28,VFERNANDES,2025-03-31,110373,1,20,0,114.0
VFERNANDES_2025-03-31_G29,VFERNANDES,2025-03-31,109747,1,4,0,242.0
VFERNANDES_2025-03-31_G30,VFERNANDES,2025-03-31,110372,1,50,0,1759.0
VFERNANDES_2025-03-31_G31,VFERNANDES,2025-03-31,111469,1,15,0,680.0
VFERNANDES_2025-03-31_G32,VFERNANDES,2025-03-31,111602,1,4,0,168.0
VFERNANDES_2025-03-31_G33,VFERNANDES,2025-03-31,111469,1,31,0,572.0
VFERNANDES_2025-03-31_G34,VFERNANDES,2025-03-31,117935,1,12,0,98.0
VFERNANDES_2025-03-31_G35,VFERNANDES,2025-03-31,160054,1,6,0,187.0
VFERNANDES_2025-03-31_G36,VFERNANDES,2025-03-31,140922,1,8,0,563.0
VFERNANDES_2025-04-21_G02,VFERNANDES,2025-04-21,117834,1,9,0,216.0
VFERNANDES_2025-04-21_G03,VFERNANDES,2025-04-21,111441,1,6,0,440.0
VFERNANDES_2025-04-21_G04,VFERNANDES,2025-04-21,111598,1,20,0,1284.0
VFERNANDES_2025-04-21_G05,VFERNANDES,2025-04-21,118298,1,26,0,292.0
VFERNANDES_2025-04-21_G07,VFERNANDES,2025-04-21,110756,1,4,0,747.0
VFERNANDES_2025-04-21_G08,VFERNANDES,2025-04-21,118403,1,14,0,478.0
VFERNANDES_2025-04-21_G09,VFERNANDES,2025-04-21,117788,1,3,0,442.0
VFERNANDES_2025-04-21_G10,VFERNANDES,2025-04-21,117856,1,69,0,1088.0
VFERNANDES_2025-04-21_G11,VFERNANDES,2025-04-21,110711,1,34,0,181.0
VFERNANDES_2025-04-21_G12,VFERNANDES,2025-04-21,109640,1,20,0,422.0
VFERNANDES_2025-04-21_G14,VFERNANDES,2025-04-21,117821,1,80,0,263.0
VFERNANDES_2025-04-21_G15,VFERNANDES,2025-04-21,117838,1,4,0,338.0
VFERNANDES_2025-04-21_G16,VFERNANDES,2025-04-21,110745,1,17,0,418.0
VFERNANDES_2025-04-21_G17,VFERNANDES,2025-04-21,118317,1,73,0,323.0
VFERNANDES_2025-04-21_G18,VFERNANDES,2025-04-21,108736,1,1,0,105.0
VFERNANDES_2025-04-21_G19,VFERNANDES,2025-04-21,105705,1,43,0,569.0
VFERNANDES_2025-04-21_G20,VFERNANDES,2025-04-21,111462,1,65,0,1231.0
VFERNANDES_2025-04-21_G21,VFERNANDES,2025-04-21,105705,1,20,0,1106.0
VFERNANDES_2025-04-21_G22,VFERNANDES,2025-04-21,117830,1,86,0,356.0
VFERNANDES_2025-04-21_G23,VFERNANDES,2025-04-21,109643,1,51,0,479.0
VFERNANDES_2025-04-21_G24,VFERNANDES,2025-04-21,110375,1,5,0,280.0
VFERNANDES_2025-04-21_G25,VFERNANDES,2025-04-21,110325,1,47,0,385.0
VFERNANDES_2025-04-21_G26,VFERNANDES,2025-04-21,117809,1,23,0,190.0
VFERNANDES_2025-04-21_G27,VFERNANDES,2025-04-21,117840,1,8,0,89.0
VFERNANDES_2025-04-30_G02,VFERNANDES,2025-04-30,110515,1,10,0,177.0
VFERNANDES_2025-04-30_G03,VFERNANDES,2025-04-30,109640,1,4,0,92.0
VFERNANDES_2025-04-30_G04,VFERNANDES,2025-04-30,109640,1,8,0,110.0
VFERNANDES_2025-04-30_G05,VFERNANDES,2025-04-30,111530,1,28,0,561.0
VFERNANDES_2025-04-30_G06,VFERNANDES,2025-04-30,118094,1,37,0,837.0
VFERNANDES_2025-04-30_G07,VFERNANDES,2025-04-30,117785,1,15,0,305.0
VFERNANDES_2025-04-30_G08,VFERNANDES,2025-04-30,111463,1,40,0,1258.0
VFERNANDES_2025-04-30_G09,VFERNANDES,2025-04-30,111463,1,1,0,41.0
VFERNANDES_2025-04-30_G10,VFERNANDES,2025-04-30,117821,1,8,0,100.0
VFERNANDES_2025-04-30_G11,VFERNANDES,2025-04-30,111172,1,11,0,168.0
VFERNANDES_2025-04-30_G12,VFERNANDES,2025-04-30,111444,1,7,0,131.0
VFERNANDES_2025-04-30_G13,VFERNANDES,2025-04-30,110747,1,2,0,345.0
VFERNANDES_2025-04-30_G14,VFERNANDES,2025-04-30,111430,1,8,0,239.0
VFERNANDES_2025-04-30_G15,VFERNANDES,2025-04-30,111430,1,4,0,59.0
VFERNANDES_2025-04-30_G16,VFERNANDES,2025-04-30,111430,1,4,0,56.0
VFERNANDES_2025-04-30_G17,VFERNANDES,2025-04-30,111660,1,10,0,108.0
VFERNANDES_2025-04-30_G18,VFERNANDES,2025-04-30,111660,1,16,0,580.0
VFERNANDES_2025-04-30_G19,VFERNANDES,2025-04-30,111660,1,4,0,82.0
VFERNANDES_2025-04-30_G20,VFERNANDES,2025-04-30,111445,1,8,0,101.0
VFERNANDES_2025-04-30_G21,VFERNANDES,2025-04-30,111445,1,4,0,58.0
VFERNANDES_2025-06-13_G02,VFERNANDES,2025-06-13,"110313, 117853, 111602",3,4,30,71.0
VFERNANDES_2025-06-13_G03,VFERNANDES,2025-06-13,108795,1,3,0,43.0
VFERNANDES_2025-06-13_G04,VFERNANDES,2025-06-13,"111743, 111463, 117831, 111172, 111462, 111433, 117821",8,32,43,65.0
VFERNANDES_2025-06-13_G05,VFERNANDES,2025-06-13,"117808, 110373, 118299",5,149,33,60.0
VFERNANDES_2025-06-13_G06,VFERNANDES,2025-06-13,"117832, 111722",3,3,12,36.0
VFERNANDES_2025-06-13_G07,VFERNANDES,2025-06-13,"110371, 117820, 118191",4,92,22,34.0
VFERNANDES_2025-06-13_G08,VFERNANDES,2025-06-13,"123153, 123343",2,3,21,44.0
VFERNANDES_2025-06-13_G09,VFERNANDES,2025-06-13,"110317, 118222",2,16,7,74.0
VFERNANDES_2026-01-12_G02,VFERNANDES,2026-01-12,111463,1,2,0,109.0
VFERNANDES_2026-01-12_G03,VFERNANDES,2026-01-12,111469,1,2,0,65.0
VFERNANDES_2026-01-12_G04,VFERNANDES,2026-01-12,110740,1,2,0,130.0
VFERNANDES_2026-01-13_G02,VFERNANDES,2026-01-13,111569,1,10,0,333.0
VFERNANDES_2026-01-13_G03,VFERNANDES,2026-01-13,111438,1,12,0,173.0
VFERNANDES_2026-01-13_G04,VFERNANDES,2026-01-13,110895,1,15,0,674.0
VFERNANDES_2026-01-13_G05,VFERNANDES,2026-01-13,110747,1,20,0,237.0
VFERNANDES_2026-01-13_G06,VFERNANDES,2026-01-13,140923,1,80,0,433.0
VFERNANDES_2026-01-13_G07,VFERNANDES,2026-01-13,110339,1,15,0,500.0
